time,n_A+p,n_B,n_AB
500,0.080,0.736,0.184
1000,0.080,0.586,0.334
1500,0.080,0.510,0.410
2000,0.080,0.491,0.429
2500,0.082,0.426,0.492
3000,0.085,0.386,0.530
3500,0.082,0.408,0.510
4000,0.082,0.381,0.538
4500,0.087,0.368,0.544
5000,0.085,0.347,0.569
5500,0.087,0.371,0.542
6000,0.085,0.398,0.518
6500,0.083,0.409,0.508
7000,0.084,0.436,0.480
7500,0.086,0.412,0.502
8000,0.082,0.377,0.542
8500,0.086,0.345,0.568
9000,0.089,0.314,0.597
9500,0.097,0.321,0.583
10000,0.092,0.324,0.584
10500,0.098,0.286,0.616
11000,0.092,0.316,0.591
11500,0.107,0.283,0.609
12000,0.108,0.282,0.610
12500,0.141,0.240,0.619
13000,0.140,0.178,0.683
13500,0.216,0.122,0.661
14000,0.406,0.048,0.545
14500,0.612,0.008,0.380
15000,0.796,0.000,0.204
15500,0.900,0.000,0.100
16000,0.955,0.000,0.045
16500,0.984,0.000,0.016
17000,0.998,0.000,0.002
17500,1.000,0.000,0.000
