time,n_A+p,n_B,n_AB
500,0.080,0.789,0.131
1000,0.080,0.689,0.232
1500,0.080,0.559,0.361
2000,0.080,0.481,0.439
2500,0.084,0.356,0.560
3000,0.089,0.338,0.573
3500,0.099,0.287,0.614
4000,0.108,0.256,0.636
4500,0.141,0.203,0.655
5000,0.155,0.158,0.686
5500,0.204,0.108,0.687
6000,0.243,0.080,0.677
6500,0.262,0.048,0.691
7000,0.342,0.045,0.612
7500,0.399,0.024,0.578
8000,0.513,0.006,0.480
8500,0.569,0.002,0.430
9000,0.625,0.000,0.375
9500,0.633,0.000,0.367
10000,0.588,0.000,0.412
10500,0.568,0.004,0.429
11000,0.546,0.001,0.453
11500,0.587,0.001,0.413
12000,0.614,0.000,0.386
12500,0.624,0.000,0.376
13000,0.563,0.000,0.437
13500,0.586,0.000,0.414
14000,0.602,0.000,0.398
14500,0.616,0.000,0.384
15000,0.641,0.000,0.359
15500,0.587,0.002,0.412
16000,0.593,0.001,0.407
16500,0.621,0.000,0.379
17000,0.647,0.000,0.353
17500,0.665,0.000,0.335
18000,0.679,0.000,0.321
18500,0.672,0.000,0.328
19000,0.678,0.000,0.322
19500,0.667,0.000,0.333
20000,0.673,0.000,0.327
20500,0.688,0.000,0.312
21000,0.693,0.000,0.307
21500,0.727,0.000,0.273
22000,0.761,0.000,0.239
22500,0.765,0.000,0.235
23000,0.763,0.000,0.237
23500,0.739,0.000,0.261
24000,0.714,0.000,0.286
24500,0.734,0.000,0.266
25000,0.732,0.000,0.268
25500,0.727,0.000,0.273
26000,0.755,0.000,0.245
26500,0.744,0.000,0.256
27000,0.730,0.000,0.270
27500,0.735,0.000,0.265
28000,0.725,0.000,0.275
28500,0.757,0.000,0.243
29000,0.741,0.000,0.259
29500,0.759,0.000,0.241
30000,0.771,0.000,0.229
30500,0.782,0.000,0.218
31000,0.771,0.000,0.229
31500,0.757,0.000,0.243
32000,0.761,0.000,0.239
32500,0.762,0.000,0.238
33000,0.764,0.000,0.236
33500,0.740,0.000,0.260
34000,0.766,0.000,0.234
34500,0.748,0.000,0.252
35000,0.742,0.000,0.258
35500,0.748,0.000,0.252
36000,0.751,0.000,0.249
36500,0.744,0.000,0.256
37000,0.778,0.000,0.222
37500,0.768,0.000,0.232
38000,0.783,0.000,0.217
38500,0.778,0.000,0.222
39000,0.773,0.000,0.227
39500,0.753,0.000,0.247
40000,0.767,0.000,0.233
40500,0.754,0.000,0.246
41000,0.753,0.000,0.247
41500,0.750,0.000,0.250
42000,0.740,0.000,0.260
42500,0.734,0.000,0.266
43000,0.727,0.000,0.273
43500,0.732,0.000,0.268
44000,0.733,0.000,0.267
44500,0.737,0.000,0.263
45000,0.733,0.000,0.267
45500,0.717,0.000,0.283
46000,0.746,0.000,0.254
46500,0.745,0.000,0.255
47000,0.746,0.000,0.254
47500,0.755,0.000,0.245
48000,0.763,0.000,0.237
48500,0.722,0.000,0.278
49000,0.684,0.000,0.316
49500,0.695,0.000,0.305
50000,0.704,0.000,0.296
50500,0.681,0.000,0.319
51000,0.657,0.000,0.343
51500,0.689,0.000,0.311
52000,0.676,0.000,0.324
52500,0.654,0.000,0.346
53000,0.684,0.000,0.316
53500,0.701,0.000,0.299
54000,0.698,0.000,0.302
54500,0.722,0.000,0.278
55000,0.734,0.000,0.266
55500,0.746,0.000,0.254
56000,0.741,0.000,0.259
56500,0.730,0.000,0.270
57000,0.737,0.000,0.263
57500,0.715,0.000,0.285
58000,0.693,0.000,0.307
58500,0.683,0.000,0.317
59000,0.704,0.000,0.296
59500,0.720,0.000,0.280
60000,0.699,0.000,0.301
60500,0.682,0.000,0.318
61000,0.694,0.000,0.306
61500,0.727,0.000,0.273
62000,0.745,0.000,0.255
62500,0.746,0.000,0.254
63000,0.770,0.000,0.230
63500,0.769,0.000,0.231
64000,0.800,0.000,0.200
64500,0.740,0.000,0.260
65000,0.732,0.000,0.268
65500,0.723,0.000,0.277
66000,0.709,0.000,0.291
66500,0.728,0.000,0.272
67000,0.735,0.000,0.265
67500,0.718,0.000,0.282
68000,0.700,0.000,0.300
68500,0.704,0.000,0.296
69000,0.717,0.000,0.283
69500,0.709,0.000,0.291
70000,0.715,0.000,0.285
70500,0.672,0.000,0.328
71000,0.671,0.000,0.329
71500,0.686,0.000,0.314
72000,0.679,0.000,0.321
72500,0.694,0.000,0.306
73000,0.701,0.000,0.299
73500,0.685,0.000,0.315
74000,0.683,0.000,0.317
74500,0.706,0.000,0.294
75000,0.710,0.000,0.290
75500,0.740,0.000,0.260
76000,0.725,0.000,0.275
76500,0.717,0.000,0.283
77000,0.723,0.000,0.277
77500,0.723,0.000,0.277
78000,0.746,0.000,0.254
78500,0.750,0.000,0.250
79000,0.730,0.000,0.270
79500,0.699,0.000,0.301
80000,0.688,0.000,0.312
80500,0.666,0.000,0.334
81000,0.651,0.000,0.349
81500,0.655,0.000,0.345
82000,0.668,0.000,0.332
82500,0.657,0.000,0.343
83000,0.663,0.000,0.337
83500,0.676,0.000,0.324
84000,0.649,0.000,0.351
84500,0.711,0.000,0.289
85000,0.728,0.000,0.272
85500,0.722,0.000,0.278
86000,0.739,0.000,0.261
86500,0.718,0.000,0.282
87000,0.714,0.000,0.286
87500,0.676,0.000,0.324
88000,0.693,0.000,0.307
88500,0.715,0.000,0.285
89000,0.714,0.000,0.286
89500,0.728,0.000,0.272
90000,0.743,0.000,0.257
90500,0.726,0.000,0.274
91000,0.715,0.000,0.285
91500,0.725,0.000,0.275
92000,0.715,0.000,0.285
92500,0.676,0.000,0.324
93000,0.670,0.000,0.330
93500,0.651,0.000,0.349
94000,0.656,0.000,0.344
94500,0.648,0.000,0.352
95000,0.697,0.000,0.303
95500,0.731,0.000,0.269
96000,0.708,0.000,0.292
96500,0.708,0.000,0.292
97000,0.707,0.000,0.293
97500,0.687,0.000,0.313
98000,0.675,0.000,0.325
98500,0.701,0.000,0.299
99000,0.722,0.000,0.278
99500,0.694,0.000,0.306
100000,0.679,0.000,0.321
100500,0.707,0.000,0.293
101000,0.694,0.000,0.306
101500,0.662,0.000,0.338
102000,0.684,0.000,0.316
102500,0.627,0.000,0.373
103000,0.624,0.000,0.376
103500,0.671,0.000,0.329
104000,0.714,0.000,0.286
104500,0.747,0.000,0.253
105000,0.706,0.000,0.294
105500,0.674,0.000,0.326
106000,0.727,0.000,0.273
106500,0.722,0.000,0.278
107000,0.727,0.000,0.273
107500,0.736,0.000,0.264
108000,0.723,0.000,0.277
108500,0.726,0.000,0.274
109000,0.686,0.000,0.314
109500,0.702,0.000,0.298
110000,0.730,0.000,0.270
110500,0.736,0.000,0.264
111000,0.753,0.000,0.247
111500,0.759,0.000,0.241
112000,0.774,0.000,0.226
112500,0.758,0.000,0.242
113000,0.759,0.000,0.241
113500,0.736,0.000,0.264
114000,0.722,0.000,0.278
114500,0.704,0.000,0.296
115000,0.733,0.000,0.267
115500,0.710,0.000,0.290
116000,0.679,0.000,0.321
116500,0.666,0.000,0.334
117000,0.709,0.000,0.291
117500,0.722,0.000,0.278
118000,0.719,0.000,0.281
118500,0.739,0.000,0.261
119000,0.771,0.000,0.229
119500,0.792,0.000,0.208
120000,0.774,0.000,0.226
120500,0.738,0.000,0.262
121000,0.711,0.000,0.289
121500,0.731,0.000,0.269
122000,0.731,0.000,0.269
122500,0.739,0.000,0.261
123000,0.706,0.000,0.294
123500,0.711,0.000,0.289
124000,0.679,0.000,0.321
124500,0.656,0.000,0.344
125000,0.688,0.000,0.312
125500,0.668,0.000,0.332
126000,0.707,0.000,0.293
126500,0.702,0.000,0.298
127000,0.661,0.000,0.339
127500,0.669,0.000,0.331
128000,0.666,0.000,0.334
128500,0.665,0.000,0.335
129000,0.666,0.000,0.334
129500,0.683,0.000,0.317
130000,0.673,0.000,0.327
130500,0.707,0.001,0.293
131000,0.684,0.000,0.316
131500,0.709,0.000,0.291
132000,0.735,0.000,0.265
132500,0.758,0.000,0.242
133000,0.745,0.000,0.255
133500,0.743,0.000,0.257
134000,0.742,0.000,0.258
134500,0.727,0.000,0.273
135000,0.703,0.000,0.297
135500,0.734,0.000,0.266
136000,0.757,0.000,0.243
136500,0.738,0.000,0.262
137000,0.750,0.000,0.250
137500,0.774,0.000,0.226
138000,0.772,0.000,0.228
138500,0.792,0.000,0.208
139000,0.773,0.000,0.227
139500,0.796,0.000,0.204
140000,0.790,0.000,0.210
140500,0.795,0.000,0.205
141000,0.808,0.000,0.192
141500,0.805,0.000,0.195
142000,0.803,0.000,0.197
142500,0.775,0.000,0.225
143000,0.761,0.000,0.239
143500,0.781,0.000,0.219
144000,0.799,0.000,0.201
144500,0.794,0.000,0.206
145000,0.795,0.000,0.205
145500,0.821,0.000,0.179
146000,0.827,0.000,0.173
146500,0.792,0.000,0.208
147000,0.762,0.000,0.238
147500,0.747,0.000,0.253
148000,0.750,0.000,0.250
148500,0.781,0.000,0.219
149000,0.760,0.000,0.240
149500,0.755,0.000,0.245
150000,0.754,0.000,0.246
150500,0.748,0.000,0.252
151000,0.747,0.000,0.253
151500,0.735,0.000,0.265
152000,0.713,0.000,0.287
152500,0.717,0.000,0.283
153000,0.712,0.000,0.288
153500,0.734,0.000,0.266
154000,0.701,0.000,0.299
154500,0.719,0.000,0.281
155000,0.747,0.000,0.253
155500,0.730,0.000,0.270
156000,0.739,0.000,0.261
156500,0.745,0.000,0.255
157000,0.747,0.000,0.253
157500,0.733,0.000,0.267
158000,0.757,0.000,0.243
158500,0.785,0.000,0.215
159000,0.774,0.000,0.226
159500,0.764,0.000,0.236
160000,0.763,0.000,0.237
160500,0.762,0.000,0.238
161000,0.772,0.000,0.228
161500,0.773,0.000,0.227
162000,0.731,0.000,0.269
162500,0.737,0.000,0.263
163000,0.718,0.000,0.282
163500,0.761,0.000,0.239
164000,0.748,0.000,0.252
164500,0.787,0.000,0.213
165000,0.797,0.000,0.203
165500,0.781,0.000,0.219
166000,0.786,0.000,0.214
166500,0.750,0.000,0.250
167000,0.756,0.000,0.244
167500,0.750,0.000,0.250
168000,0.731,0.000,0.269
168500,0.735,0.000,0.265
169000,0.739,0.000,0.261
169500,0.741,0.000,0.259
170000,0.727,0.000,0.273
170500,0.733,0.000,0.267
171000,0.732,0.000,0.268
171500,0.731,0.000,0.269
172000,0.724,0.000,0.276
172500,0.750,0.000,0.250
173000,0.732,0.000,0.268
173500,0.717,0.000,0.283
174000,0.706,0.000,0.294
174500,0.707,0.000,0.293
175000,0.695,0.000,0.305
175500,0.738,0.000,0.262
176000,0.740,0.000,0.260
176500,0.756,0.000,0.244
177000,0.772,0.000,0.228
177500,0.780,0.000,0.220
178000,0.812,0.000,0.188
178500,0.798,0.000,0.202
179000,0.798,0.000,0.202
179500,0.800,0.000,0.200
180000,0.785,0.000,0.215
180500,0.764,0.000,0.236
181000,0.767,0.000,0.233
181500,0.757,0.000,0.243
182000,0.761,0.000,0.239
182500,0.710,0.000,0.290
183000,0.714,0.000,0.286
183500,0.716,0.000,0.284
184000,0.691,0.000,0.309
184500,0.700,0.000,0.300
185000,0.662,0.000,0.338
185500,0.682,0.000,0.318
186000,0.661,0.000,0.339
186500,0.718,0.000,0.282
187000,0.729,0.000,0.271
187500,0.722,0.000,0.278
188000,0.729,0.000,0.271
188500,0.708,0.000,0.292
189000,0.720,0.000,0.280
189500,0.726,0.000,0.274
190000,0.712,0.000,0.288
190500,0.699,0.000,0.301
191000,0.720,0.000,0.280
191500,0.745,0.000,0.255
192000,0.731,0.000,0.269
192500,0.740,0.000,0.260
193000,0.739,0.000,0.261
193500,0.732,0.000,0.268
194000,0.755,0.000,0.245
194500,0.768,0.000,0.232
195000,0.763,0.000,0.237
195500,0.773,0.000,0.227
196000,0.777,0.000,0.223
196500,0.782,0.000,0.218
197000,0.782,0.000,0.218
197500,0.765,0.000,0.235
198000,0.782,0.000,0.218
198500,0.749,0.000,0.251
199000,0.729,0.000,0.271
199500,0.741,0.000,0.259
200000,0.751,0.001,0.248
200500,0.787,0.001,0.212
201000,0.791,0.001,0.208
201500,0.803,0.000,0.197
202000,0.759,0.000,0.241
202500,0.754,0.000,0.246
203000,0.769,0.000,0.231
203500,0.771,0.000,0.229
204000,0.730,0.000,0.270
204500,0.731,0.000,0.269
205000,0.734,0.000,0.266
205500,0.705,0.000,0.295
206000,0.698,0.000,0.302
206500,0.703,0.000,0.297
207000,0.662,0.000,0.338
207500,0.701,0.000,0.299
208000,0.723,0.000,0.277
208500,0.739,0.000,0.261
209000,0.706,0.000,0.294
209500,0.732,0.000,0.268
210000,0.700,0.000,0.300
210500,0.697,0.000,0.303
211000,0.698,0.000,0.302
211500,0.701,0.000,0.299
212000,0.711,0.000,0.289
212500,0.756,0.000,0.244
213000,0.705,0.000,0.295
213500,0.665,0.000,0.335
214000,0.695,0.000,0.305
214500,0.715,0.000,0.285
215000,0.707,0.000,0.293
215500,0.671,0.000,0.329
216000,0.657,0.000,0.343
216500,0.666,0.000,0.334
217000,0.675,0.000,0.325
217500,0.691,0.000,0.309
218000,0.699,0.000,0.301
218500,0.709,0.000,0.291
219000,0.721,0.000,0.279
219500,0.710,0.000,0.290
220000,0.755,0.000,0.245
220500,0.733,0.000,0.267
221000,0.748,0.000,0.252
221500,0.758,0.000,0.242
222000,0.753,0.000,0.247
222500,0.758,0.000,0.242
223000,0.756,0.000,0.244
223500,0.723,0.000,0.277
224000,0.721,0.000,0.279
224500,0.683,0.000,0.317
225000,0.679,0.000,0.321
225500,0.713,0.000,0.287
226000,0.725,0.000,0.275
226500,0.709,0.000,0.291
227000,0.698,0.000,0.302
227500,0.704,0.000,0.296
228000,0.715,0.000,0.285
228500,0.737,0.000,0.263
229000,0.732,0.000,0.268
229500,0.761,0.000,0.239
230000,0.762,0.000,0.238
230500,0.767,0.000,0.233
231000,0.771,0.000,0.229
231500,0.761,0.000,0.239
232000,0.763,0.000,0.237
232500,0.761,0.000,0.239
233000,0.758,0.000,0.242
233500,0.767,0.000,0.233
234000,0.754,0.000,0.246
234500,0.769,0.000,0.231
235000,0.770,0.000,0.230
235500,0.789,0.000,0.211
236000,0.794,0.000,0.206
236500,0.800,0.000,0.200
237000,0.782,0.000,0.218
237500,0.782,0.000,0.218
238000,0.760,0.000,0.240
238500,0.728,0.000,0.272
239000,0.741,0.000,0.259
239500,0.747,0.000,0.253
240000,0.726,0.000,0.274
240500,0.746,0.000,0.254
241000,0.745,0.000,0.255
241500,0.770,0.000,0.230
242000,0.781,0.000,0.219
242500,0.795,0.000,0.205
243000,0.800,0.000,0.200
243500,0.777,0.000,0.223
244000,0.759,0.000,0.241
244500,0.760,0.000,0.240
245000,0.781,0.000,0.219
245500,0.777,0.000,0.223
246000,0.737,0.000,0.263
246500,0.708,0.001,0.291
247000,0.680,0.001,0.319
247500,0.674,0.000,0.326
248000,0.660,0.000,0.340
248500,0.661,0.000,0.339
249000,0.677,0.000,0.323
249500,0.695,0.000,0.305
250000,0.720,0.000,0.280
250500,0.719,0.000,0.281
251000,0.746,0.000,0.254
251500,0.747,0.000,0.253
252000,0.745,0.000,0.255
252500,0.719,0.000,0.281
253000,0.693,0.000,0.307
253500,0.674,0.000,0.326
254000,0.699,0.000,0.301
254500,0.693,0.000,0.307
255000,0.727,0.000,0.273
255500,0.718,0.000,0.282
256000,0.684,0.000,0.316
256500,0.708,0.000,0.292
257000,0.727,0.000,0.273
257500,0.742,0.000,0.258
258000,0.713,0.000,0.287
258500,0.703,0.000,0.297
259000,0.723,0.000,0.277
259500,0.731,0.000,0.269
260000,0.700,0.000,0.300
260500,0.709,0.000,0.291
261000,0.693,0.000,0.307
261500,0.654,0.002,0.344
262000,0.669,0.001,0.330
262500,0.679,0.000,0.321
263000,0.701,0.000,0.299
263500,0.721,0.000,0.279
264000,0.719,0.000,0.281
264500,0.726,0.000,0.274
265000,0.690,0.000,0.310
265500,0.696,0.000,0.304
266000,0.673,0.000,0.327
266500,0.699,0.000,0.301
267000,0.722,0.000,0.278
267500,0.711,0.000,0.289
268000,0.727,0.000,0.273
268500,0.696,0.000,0.304
269000,0.698,0.000,0.302
269500,0.649,0.000,0.351
270000,0.641,0.000,0.359
270500,0.658,0.000,0.342
271000,0.676,0.000,0.324
271500,0.720,0.000,0.280
272000,0.744,0.000,0.256
272500,0.737,0.000,0.263
273000,0.746,0.000,0.254
273500,0.736,0.000,0.264
274000,0.718,0.000,0.282
274500,0.707,0.000,0.293
275000,0.705,0.000,0.295
275500,0.715,0.000,0.285
276000,0.731,0.000,0.269
276500,0.767,0.000,0.233
277000,0.776,0.000,0.224
277500,0.768,0.000,0.232
278000,0.760,0.000,0.240
278500,0.731,0.000,0.269
279000,0.736,0.000,0.264
279500,0.739,0.000,0.261
280000,0.714,0.000,0.286
280500,0.732,0.000,0.268
281000,0.713,0.000,0.287
281500,0.747,0.000,0.253
282000,0.728,0.000,0.272
282500,0.758,0.000,0.242
283000,0.749,0.000,0.251
283500,0.726,0.000,0.274
284000,0.689,0.000,0.311
284500,0.705,0.000,0.295
285000,0.714,0.000,0.286
285500,0.685,0.000,0.315
286000,0.709,0.000,0.291
286500,0.694,0.000,0.306
287000,0.680,0.000,0.320
287500,0.703,0.000,0.297
288000,0.681,0.000,0.319
288500,0.663,0.000,0.337
289000,0.665,0.000,0.335
289500,0.686,0.000,0.314
290000,0.681,0.000,0.319
290500,0.679,0.000,0.321
291000,0.702,0.000,0.298
291500,0.690,0.000,0.310
292000,0.681,0.000,0.319
292500,0.688,0.000,0.312
293000,0.722,0.000,0.278
293500,0.708,0.000,0.292
294000,0.725,0.000,0.275
294500,0.711,0.000,0.289
295000,0.701,0.000,0.299
295500,0.708,0.000,0.292
296000,0.686,0.000,0.314
296500,0.690,0.000,0.310
297000,0.715,0.003,0.283
297500,0.713,0.001,0.287
298000,0.683,0.000,0.317
298500,0.682,0.000,0.318
299000,0.637,0.000,0.363
299500,0.644,0.000,0.356
300000,0.683,0.000,0.317
300500,0.669,0.000,0.331
301000,0.681,0.000,0.319
301500,0.662,0.000,0.338
302000,0.634,0.000,0.366
302500,0.637,0.000,0.363
303000,0.643,0.000,0.357
303500,0.664,0.000,0.336
304000,0.671,0.000,0.329
304500,0.693,0.000,0.307
305000,0.703,0.000,0.297
305500,0.721,0.000,0.279
306000,0.745,0.000,0.255
306500,0.763,0.000,0.237
307000,0.753,0.000,0.247
307500,0.750,0.000,0.250
308000,0.726,0.000,0.274
308500,0.743,0.000,0.257
309000,0.732,0.000,0.268
309500,0.717,0.000,0.283
310000,0.695,0.000,0.305
310500,0.697,0.000,0.303
311000,0.703,0.000,0.297
311500,0.675,0.000,0.325
312000,0.689,0.000,0.311
312500,0.699,0.001,0.300
313000,0.710,0.000,0.290
313500,0.709,0.000,0.291
314000,0.711,0.000,0.289
314500,0.721,0.000,0.279
315000,0.730,0.000,0.270
315500,0.712,0.000,0.288
316000,0.710,0.000,0.290
316500,0.711,0.000,0.289
317000,0.704,0.000,0.296
317500,0.692,0.000,0.308
318000,0.666,0.000,0.334
318500,0.666,0.000,0.334
319000,0.682,0.000,0.318
319500,0.702,0.000,0.298
320000,0.708,0.000,0.292
320500,0.697,0.000,0.303
321000,0.687,0.000,0.313
321500,0.691,0.000,0.309
322000,0.717,0.000,0.283
322500,0.691,0.000,0.309
323000,0.709,0.000,0.291
323500,0.711,0.000,0.289
324000,0.733,0.000,0.267
324500,0.731,0.000,0.269
325000,0.760,0.000,0.240
325500,0.784,0.000,0.216
326000,0.790,0.000,0.210
326500,0.786,0.000,0.214
327000,0.772,0.000,0.228
327500,0.786,0.000,0.214
328000,0.741,0.000,0.259
328500,0.742,0.000,0.258
329000,0.711,0.000,0.289
329500,0.716,0.000,0.284
330000,0.716,0.000,0.284
330500,0.760,0.000,0.240
331000,0.709,0.002,0.289
331500,0.703,0.000,0.297
332000,0.683,0.000,0.317
332500,0.711,0.000,0.289
333000,0.737,0.000,0.263
333500,0.736,0.000,0.264
334000,0.711,0.000,0.289
334500,0.723,0.000,0.277
335000,0.717,0.000,0.283
335500,0.684,0.000,0.316
336000,0.685,0.000,0.315
336500,0.688,0.000,0.312
337000,0.675,0.000,0.325
337500,0.692,0.000,0.308
338000,0.703,0.000,0.297
338500,0.675,0.000,0.325
339000,0.684,0.000,0.316
339500,0.692,0.000,0.308
340000,0.696,0.000,0.304
340500,0.700,0.000,0.300
341000,0.694,0.000,0.306
341500,0.680,0.000,0.320
342000,0.682,0.000,0.318
342500,0.699,0.000,0.301
343000,0.667,0.000,0.333
343500,0.672,0.000,0.328
344000,0.684,0.000,0.316
344500,0.702,0.000,0.298
345000,0.707,0.000,0.293
345500,0.732,0.000,0.268
346000,0.707,0.000,0.293
346500,0.679,0.000,0.321
347000,0.694,0.000,0.306
347500,0.706,0.000,0.294
348000,0.708,0.000,0.292
348500,0.713,0.000,0.287
349000,0.707,0.000,0.293
349500,0.729,0.000,0.271
350000,0.737,0.000,0.263
350500,0.726,0.000,0.274
351000,0.706,0.000,0.294
351500,0.711,0.000,0.289
352000,0.675,0.000,0.325
352500,0.641,0.000,0.359
353000,0.635,0.000,0.365
353500,0.660,0.001,0.339
354000,0.686,0.000,0.314
354500,0.634,0.000,0.366
355000,0.654,0.000,0.346
355500,0.662,0.000,0.338
356000,0.661,0.000,0.339
356500,0.656,0.000,0.344
357000,0.655,0.000,0.345
357500,0.679,0.000,0.321
358000,0.752,0.000,0.248
358500,0.755,0.000,0.245
359000,0.752,0.000,0.248
359500,0.780,0.000,0.220
360000,0.778,0.000,0.222
360500,0.789,0.000,0.211
361000,0.810,0.000,0.190
361500,0.823,0.000,0.177
362000,0.812,0.000,0.188
362500,0.787,0.000,0.213
363000,0.793,0.000,0.207
363500,0.779,0.000,0.221
364000,0.791,0.000,0.209
364500,0.785,0.000,0.215
365000,0.774,0.000,0.226
365500,0.756,0.000,0.244
366000,0.748,0.000,0.252
366500,0.753,0.000,0.247
367000,0.730,0.000,0.270
367500,0.730,0.000,0.270
368000,0.732,0.000,0.268
368500,0.762,0.000,0.238
369000,0.730,0.000,0.270
369500,0.712,0.000,0.288
370000,0.699,0.000,0.301
370500,0.691,0.000,0.309
371000,0.690,0.000,0.310
371500,0.698,0.000,0.302
372000,0.717,0.000,0.283
372500,0.740,0.000,0.260
373000,0.698,0.000,0.302
373500,0.692,0.000,0.308
374000,0.666,0.000,0.334
374500,0.675,0.000,0.325
375000,0.678,0.000,0.322
375500,0.699,0.000,0.301
376000,0.702,0.000,0.298
376500,0.699,0.000,0.301
377000,0.738,0.000,0.262
377500,0.741,0.000,0.259
378000,0.746,0.000,0.254
378500,0.762,0.000,0.238
379000,0.778,0.000,0.222
379500,0.780,0.000,0.220
380000,0.799,0.000,0.201
380500,0.772,0.000,0.228
381000,0.755,0.000,0.245
381500,0.769,0.000,0.231
382000,0.759,0.000,0.241
382500,0.753,0.000,0.247
383000,0.731,0.000,0.269
383500,0.725,0.000,0.275
384000,0.729,0.000,0.271
384500,0.752,0.000,0.248
385000,0.735,0.000,0.265
385500,0.759,0.000,0.241
386000,0.772,0.000,0.228
386500,0.791,0.000,0.209
387000,0.771,0.000,0.229
387500,0.749,0.000,0.251
388000,0.735,0.000,0.265
388500,0.724,0.000,0.276
389000,0.747,0.000,0.253
389500,0.750,0.000,0.250
390000,0.726,0.000,0.274
390500,0.708,0.000,0.292
391000,0.690,0.000,0.310
391500,0.686,0.000,0.314
392000,0.662,0.000,0.338
392500,0.655,0.000,0.345
393000,0.680,0.000,0.320
393500,0.664,0.000,0.336
394000,0.741,0.000,0.259
394500,0.732,0.000,0.268
395000,0.719,0.000,0.281
395500,0.696,0.000,0.304
396000,0.718,0.000,0.282
396500,0.750,0.000,0.250
397000,0.780,0.000,0.220
397500,0.786,0.000,0.214
398000,0.746,0.000,0.254
398500,0.764,0.000,0.236
399000,0.785,0.000,0.215
399500,0.775,0.000,0.225
400000,0.755,0.000,0.245
400500,0.758,0.000,0.242
401000,0.767,0.000,0.233
401500,0.746,0.000,0.254
402000,0.715,0.000,0.285
402500,0.723,0.000,0.277
403000,0.719,0.000,0.281
403500,0.726,0.000,0.274
404000,0.775,0.000,0.225
404500,0.741,0.000,0.259
405000,0.746,0.000,0.254
405500,0.717,0.000,0.283
406000,0.734,0.000,0.266
406500,0.743,0.000,0.257
407000,0.717,0.000,0.283
407500,0.700,0.000,0.300
408000,0.664,0.000,0.336
408500,0.632,0.000,0.368
409000,0.652,0.000,0.348
409500,0.662,0.000,0.338
410000,0.688,0.000,0.312
410500,0.687,0.000,0.313
411000,0.705,0.000,0.295
411500,0.685,0.000,0.315
412000,0.666,0.000,0.334
412500,0.697,0.000,0.303
413000,0.716,0.000,0.284
413500,0.746,0.000,0.254
414000,0.762,0.000,0.238
414500,0.740,0.000,0.260
415000,0.772,0.000,0.228
415500,0.757,0.000,0.243
416000,0.733,0.000,0.267
416500,0.748,0.000,0.252
417000,0.748,0.000,0.252
417500,0.724,0.000,0.276
418000,0.744,0.000,0.256
418500,0.718,0.000,0.282
419000,0.749,0.000,0.251
419500,0.743,0.000,0.257
420000,0.741,0.000,0.259
420500,0.725,0.000,0.275
421000,0.731,0.000,0.269
421500,0.739,0.003,0.258
422000,0.742,0.002,0.257
422500,0.719,0.001,0.280
423000,0.708,0.000,0.292
423500,0.705,0.000,0.295
424000,0.726,0.000,0.274
424500,0.744,0.000,0.256
425000,0.743,0.000,0.257
425500,0.759,0.000,0.241
426000,0.772,0.000,0.228
426500,0.750,0.000,0.250
427000,0.711,0.000,0.289
427500,0.732,0.000,0.268
428000,0.750,0.000,0.250
428500,0.747,0.000,0.253
429000,0.701,0.000,0.299
429500,0.732,0.000,0.268
430000,0.730,0.000,0.270
430500,0.746,0.000,0.254
431000,0.741,0.000,0.259
431500,0.762,0.000,0.238
432000,0.768,0.000,0.232
432500,0.755,0.000,0.245
433000,0.719,0.000,0.281
433500,0.697,0.000,0.303
434000,0.742,0.000,0.258
434500,0.733,0.000,0.267
435000,0.756,0.000,0.244
435500,0.730,0.000,0.270
436000,0.705,0.000,0.295
436500,0.719,0.000,0.281
437000,0.731,0.000,0.269
437500,0.699,0.000,0.301
438000,0.683,0.000,0.317
438500,0.669,0.000,0.331
439000,0.677,0.000,0.323
439500,0.674,0.000,0.326
440000,0.691,0.000,0.309
440500,0.669,0.000,0.331
441000,0.689,0.002,0.309
441500,0.677,0.001,0.322
442000,0.672,0.001,0.327
442500,0.728,0.000,0.272
443000,0.714,0.000,0.286
443500,0.732,0.000,0.268
444000,0.754,0.000,0.246
444500,0.754,0.000,0.246
445000,0.746,0.000,0.254
445500,0.756,0.000,0.244
446000,0.761,0.000,0.239
446500,0.736,0.000,0.264
447000,0.755,0.000,0.245
447500,0.758,0.000,0.242
448000,0.772,0.000,0.228
448500,0.722,0.000,0.278
449000,0.739,0.000,0.261
449500,0.765,0.000,0.235
450000,0.731,0.000,0.269
450500,0.706,0.000,0.294
451000,0.669,0.000,0.331
451500,0.625,0.000,0.375
452000,0.655,0.000,0.345
452500,0.652,0.000,0.348
453000,0.679,0.000,0.321
453500,0.687,0.000,0.313
454000,0.706,0.000,0.294
454500,0.700,0.000,0.300
455000,0.662,0.000,0.338
455500,0.713,0.000,0.287
456000,0.754,0.000,0.246
456500,0.746,0.000,0.254
457000,0.768,0.000,0.232
457500,0.759,0.000,0.241
458000,0.736,0.000,0.264
458500,0.735,0.000,0.265
459000,0.715,0.000,0.285
459500,0.734,0.000,0.266
460000,0.720,0.000,0.280
460500,0.750,0.000,0.250
461000,0.721,0.000,0.279
461500,0.743,0.000,0.257
462000,0.766,0.000,0.234
462500,0.737,0.000,0.263
463000,0.765,0.000,0.235
463500,0.761,0.000,0.239
464000,0.766,0.000,0.234
464500,0.779,0.000,0.221
465000,0.769,0.000,0.231
465500,0.751,0.000,0.249
466000,0.742,0.000,0.258
466500,0.754,0.000,0.246
467000,0.770,0.000,0.230
467500,0.792,0.000,0.208
468000,0.795,0.000,0.205
468500,0.763,0.000,0.237
469000,0.728,0.000,0.272
469500,0.700,0.000,0.300
470000,0.699,0.000,0.301
470500,0.713,0.000,0.287
471000,0.657,0.000,0.343
471500,0.671,0.000,0.329
472000,0.643,0.000,0.357
472500,0.638,0.000,0.362
473000,0.647,0.000,0.353
473500,0.675,0.000,0.325
474000,0.669,0.000,0.331
474500,0.675,0.000,0.325
475000,0.643,0.000,0.357
475500,0.661,0.000,0.339
476000,0.662,0.000,0.338
476500,0.636,0.000,0.364
477000,0.652,0.000,0.348
477500,0.621,0.000,0.379
478000,0.631,0.000,0.369
478500,0.661,0.000,0.339
479000,0.650,0.000,0.350
479500,0.639,0.000,0.361
480000,0.656,0.000,0.344
480500,0.656,0.000,0.344
481000,0.650,0.000,0.350
481500,0.664,0.000,0.336
482000,0.719,0.000,0.281
482500,0.738,0.000,0.262
483000,0.750,0.000,0.250
483500,0.750,0.000,0.250
484000,0.715,0.000,0.285
484500,0.727,0.000,0.273
485000,0.739,0.000,0.261
485500,0.702,0.000,0.298
486000,0.722,0.000,0.278
486500,0.736,0.000,0.264
487000,0.717,0.000,0.283
487500,0.719,0.000,0.281
488000,0.701,0.000,0.299
488500,0.688,0.000,0.312
489000,0.697,0.000,0.303
489500,0.710,0.000,0.290
490000,0.714,0.000,0.286
490500,0.750,0.000,0.250
491000,0.758,0.000,0.242
491500,0.750,0.000,0.250
492000,0.723,0.000,0.277
492500,0.746,0.000,0.254
493000,0.729,0.000,0.271
493500,0.711,0.000,0.289
494000,0.693,0.000,0.307
494500,0.701,0.000,0.299
495000,0.672,0.000,0.328
495500,0.727,0.000,0.273
496000,0.729,0.000,0.271
496500,0.733,0.000,0.267
497000,0.727,0.000,0.273
497500,0.725,0.000,0.275
498000,0.722,0.000,0.278
498500,0.752,0.000,0.248
499000,0.727,0.000,0.273
499500,0.741,0.000,0.259
500000,0.706,0.000,0.294
500500,0.684,0.000,0.316
501000,0.704,0.000,0.296
501500,0.714,0.000,0.286
502000,0.713,0.000,0.287
502500,0.750,0.000,0.250
503000,0.758,0.000,0.242
503500,0.765,0.000,0.235
504000,0.757,0.000,0.243
504500,0.740,0.000,0.260
505000,0.757,0.000,0.243
505500,0.793,0.000,0.207
506000,0.774,0.000,0.226
506500,0.779,0.000,0.221
507000,0.771,0.000,0.229
507500,0.764,0.000,0.236
508000,0.747,0.000,0.253
508500,0.735,0.000,0.265
509000,0.693,0.000,0.307
509500,0.708,0.000,0.292
510000,0.711,0.000,0.289
510500,0.702,0.000,0.298
511000,0.737,0.000,0.263
511500,0.727,0.000,0.273
512000,0.728,0.000,0.272
512500,0.746,0.000,0.254
513000,0.743,0.000,0.257
513500,0.733,0.000,0.267
514000,0.772,0.000,0.228
514500,0.785,0.000,0.215
515000,0.806,0.000,0.194
515500,0.789,0.000,0.211
516000,0.785,0.000,0.215
516500,0.787,0.000,0.213
517000,0.766,0.000,0.234
517500,0.760,0.000,0.240
518000,0.767,0.000,0.233
518500,0.768,0.000,0.232
519000,0.740,0.000,0.260
519500,0.735,0.000,0.265
520000,0.724,0.000,0.276
520500,0.756,0.000,0.244
521000,0.688,0.000,0.312
521500,0.668,0.000,0.332
522000,0.706,0.000,0.294
522500,0.731,0.000,0.269
523000,0.712,0.000,0.288
523500,0.719,0.000,0.281
524000,0.733,0.000,0.267
524500,0.750,0.000,0.250
525000,0.766,0.000,0.234
525500,0.757,0.000,0.243
526000,0.735,0.000,0.265
526500,0.713,0.000,0.287
527000,0.703,0.000,0.297
527500,0.691,0.000,0.309
528000,0.672,0.000,0.328
528500,0.698,0.000,0.302
529000,0.658,0.000,0.342
529500,0.644,0.000,0.356
530000,0.649,0.000,0.351
530500,0.679,0.000,0.321
531000,0.693,0.000,0.307
531500,0.680,0.000,0.320
532000,0.702,0.000,0.298
532500,0.685,0.000,0.315
533000,0.654,0.000,0.346
533500,0.665,0.000,0.335
534000,0.640,0.000,0.360
534500,0.640,0.000,0.360
535000,0.669,0.000,0.331
535500,0.690,0.000,0.310
536000,0.662,0.000,0.338
536500,0.678,0.000,0.322
537000,0.679,0.000,0.321
537500,0.723,0.000,0.277
538000,0.749,0.000,0.251
538500,0.738,0.000,0.262
539000,0.720,0.000,0.280
539500,0.718,0.000,0.282
540000,0.706,0.000,0.294
540500,0.682,0.000,0.318
541000,0.674,0.000,0.326
541500,0.677,0.000,0.323
542000,0.674,0.001,0.325
542500,0.708,0.000,0.292
543000,0.737,0.000,0.263
543500,0.747,0.000,0.253
544000,0.707,0.000,0.293
544500,0.713,0.000,0.287
545000,0.723,0.000,0.277
545500,0.711,0.000,0.289
546000,0.720,0.000,0.280
546500,0.712,0.000,0.288
547000,0.743,0.000,0.257
547500,0.740,0.000,0.260
548000,0.769,0.000,0.231
548500,0.796,0.000,0.204
549000,0.786,0.000,0.214
549500,0.794,0.000,0.206
550000,0.839,0.000,0.161
550500,0.808,0.000,0.192
551000,0.780,0.000,0.220
551500,0.778,0.000,0.222
552000,0.737,0.000,0.263
552500,0.713,0.000,0.287
553000,0.723,0.002,0.275
553500,0.692,0.001,0.308
554000,0.683,0.000,0.317
554500,0.677,0.000,0.323
555000,0.633,0.000,0.367
555500,0.648,0.000,0.352
556000,0.664,0.000,0.336
556500,0.667,0.000,0.333
557000,0.662,0.000,0.338
557500,0.659,0.000,0.341
558000,0.658,0.000,0.342
558500,0.665,0.000,0.335
559000,0.637,0.000,0.363
559500,0.662,0.000,0.338
560000,0.661,0.000,0.339
560500,0.670,0.000,0.330
561000,0.655,0.000,0.345
561500,0.676,0.000,0.324
562000,0.700,0.000,0.300
562500,0.690,0.000,0.310
563000,0.719,0.000,0.281
563500,0.713,0.000,0.287
564000,0.738,0.000,0.262
564500,0.730,0.000,0.270
565000,0.753,0.000,0.247
565500,0.743,0.000,0.257
566000,0.758,0.000,0.242
566500,0.766,0.000,0.234
567000,0.761,0.000,0.239
567500,0.747,0.000,0.253
568000,0.710,0.000,0.290
568500,0.735,0.000,0.265
569000,0.725,0.000,0.275
569500,0.739,0.000,0.261
570000,0.746,0.000,0.254
570500,0.723,0.000,0.277
571000,0.683,0.000,0.317
571500,0.661,0.000,0.339
572000,0.652,0.000,0.348
572500,0.668,0.000,0.332
573000,0.672,0.000,0.328
573500,0.681,0.000,0.319
574000,0.633,0.000,0.367
574500,0.666,0.000,0.334
575000,0.646,0.000,0.354
575500,0.643,0.000,0.357
576000,0.653,0.000,0.347
576500,0.640,0.000,0.360
577000,0.658,0.000,0.342
577500,0.650,0.000,0.350
578000,0.686,0.000,0.314
578500,0.685,0.002,0.313
579000,0.704,0.001,0.295
579500,0.666,0.000,0.334
580000,0.642,0.000,0.358
580500,0.649,0.000,0.351
581000,0.688,0.000,0.312
581500,0.683,0.000,0.317
582000,0.701,0.000,0.299
582500,0.738,0.000,0.262
583000,0.731,0.000,0.269
583500,0.727,0.000,0.273
584000,0.744,0.000,0.256
584500,0.784,0.000,0.216
585000,0.749,0.000,0.251
585500,0.714,0.000,0.286
586000,0.726,0.000,0.274
586500,0.729,0.000,0.271
587000,0.708,0.000,0.292
587500,0.708,0.000,0.292
588000,0.727,0.000,0.273
588500,0.729,0.000,0.271
589000,0.741,0.000,0.259
589500,0.751,0.000,0.249
590000,0.765,0.000,0.235
590500,0.750,0.000,0.250
591000,0.725,0.000,0.275
591500,0.746,0.000,0.254
592000,0.763,0.000,0.237
592500,0.780,0.000,0.220
593000,0.772,0.000,0.228
593500,0.764,0.000,0.236
594000,0.767,0.000,0.233
594500,0.761,0.000,0.239
595000,0.726,0.000,0.274
595500,0.691,0.000,0.309
596000,0.730,0.000,0.270
596500,0.721,0.000,0.279
597000,0.736,0.000,0.264
597500,0.719,0.000,0.281
598000,0.690,0.000,0.310
598500,0.654,0.000,0.346
599000,0.634,0.000,0.366
599500,0.638,0.000,0.362
600000,0.643,0.000,0.357
600500,0.691,0.000,0.309
601000,0.725,0.000,0.275
601500,0.747,0.000,0.253
602000,0.740,0.000,0.260
602500,0.732,0.000,0.268
603000,0.743,0.000,0.257
603500,0.762,0.000,0.238
604000,0.789,0.000,0.211
604500,0.786,0.000,0.214
605000,0.762,0.000,0.238
605500,0.759,0.000,0.241
606000,0.743,0.000,0.257
606500,0.788,0.000,0.212
607000,0.808,0.000,0.192
607500,0.795,0.000,0.205
608000,0.753,0.000,0.247
608500,0.781,0.000,0.219
609000,0.798,0.000,0.202
609500,0.772,0.000,0.228
610000,0.736,0.000,0.264
610500,0.704,0.000,0.296
611000,0.664,0.000,0.336
611500,0.660,0.004,0.336
612000,0.697,0.002,0.302
612500,0.670,0.001,0.329
613000,0.690,0.000,0.310
613500,0.715,0.000,0.285
614000,0.749,0.000,0.251
614500,0.744,0.000,0.256
615000,0.720,0.000,0.280
615500,0.691,0.000,0.309
616000,0.694,0.000,0.306
616500,0.721,0.000,0.279
617000,0.735,0.000,0.265
617500,0.767,0.000,0.233
618000,0.742,0.000,0.258
618500,0.747,0.000,0.253
619000,0.777,0.000,0.223
619500,0.769,0.000,0.231
620000,0.771,0.000,0.229
620500,0.760,0.000,0.240
621000,0.757,0.000,0.243
621500,0.723,0.000,0.277
622000,0.705,0.000,0.295
622500,0.708,0.000,0.292
623000,0.697,0.000,0.303
623500,0.731,0.000,0.269
624000,0.702,0.000,0.298
624500,0.721,0.000,0.279
625000,0.702,0.000,0.298
625500,0.733,0.000,0.267
626000,0.676,0.000,0.324
626500,0.653,0.000,0.347
627000,0.664,0.000,0.336
627500,0.699,0.000,0.301
628000,0.728,0.000,0.272
628500,0.728,0.000,0.272
629000,0.696,0.000,0.304
629500,0.696,0.000,0.304
630000,0.729,0.000,0.271
630500,0.733,0.000,0.267
631000,0.755,0.000,0.245
631500,0.757,0.000,0.243
632000,0.738,0.000,0.262
632500,0.757,0.000,0.243
633000,0.783,0.000,0.217
633500,0.778,0.000,0.222
634000,0.740,0.000,0.260
634500,0.753,0.000,0.247
635000,0.782,0.000,0.218
635500,0.766,0.000,0.234
636000,0.752,0.000,0.248
636500,0.755,0.000,0.245
637000,0.741,0.000,0.259
637500,0.716,0.000,0.284
638000,0.691,0.000,0.309
638500,0.688,0.000,0.312
639000,0.709,0.000,0.291
639500,0.686,0.000,0.314
640000,0.736,0.000,0.264
640500,0.704,0.000,0.296
641000,0.702,0.000,0.298
641500,0.698,0.000,0.302
642000,0.737,0.000,0.263
642500,0.755,0.000,0.245
643000,0.756,0.000,0.244
643500,0.759,0.000,0.241
644000,0.783,0.000,0.217
644500,0.785,0.000,0.215
645000,0.740,0.000,0.260
645500,0.726,0.000,0.274
646000,0.706,0.000,0.294
646500,0.740,0.000,0.260
647000,0.728,0.000,0.272
647500,0.720,0.000,0.280
648000,0.714,0.000,0.286
648500,0.709,0.000,0.291
649000,0.719,0.000,0.281
649500,0.687,0.000,0.313
650000,0.711,0.002,0.288
650500,0.718,0.000,0.282
651000,0.711,0.000,0.289
651500,0.730,0.000,0.270
652000,0.757,0.000,0.243
652500,0.742,0.000,0.258
653000,0.720,0.000,0.280
653500,0.717,0.000,0.283
654000,0.731,0.000,0.269
654500,0.752,0.000,0.248
655000,0.751,0.000,0.249
655500,0.731,0.000,0.269
656000,0.733,0.000,0.267
656500,0.733,0.000,0.267
657000,0.749,0.000,0.251
657500,0.736,0.000,0.264
658000,0.744,0.000,0.256
658500,0.757,0.000,0.243
659000,0.750,0.000,0.250
659500,0.771,0.000,0.229
660000,0.759,0.000,0.241
660500,0.745,0.000,0.255
661000,0.731,0.000,0.269
661500,0.699,0.000,0.301
662000,0.742,0.000,0.258
662500,0.723,0.000,0.277
663000,0.714,0.000,0.286
663500,0.740,0.000,0.260
664000,0.746,0.000,0.254
664500,0.759,0.000,0.241
665000,0.753,0.000,0.247
665500,0.751,0.000,0.249
666000,0.757,0.000,0.243
666500,0.764,0.000,0.236
667000,0.740,0.000,0.260
667500,0.707,0.000,0.293
668000,0.675,0.000,0.325
668500,0.678,0.000,0.322
669000,0.638,0.000,0.362
669500,0.642,0.000,0.358
670000,0.617,0.000,0.383
670500,0.577,0.000,0.423
671000,0.558,0.000,0.442
671500,0.576,0.000,0.424
672000,0.577,0.000,0.423
672500,0.625,0.000,0.375
673000,0.641,0.000,0.359
673500,0.647,0.000,0.353
674000,0.681,0.000,0.319
674500,0.705,0.000,0.295
675000,0.733,0.000,0.267
675500,0.724,0.000,0.276
676000,0.684,0.000,0.316
676500,0.630,0.000,0.370
677000,0.612,0.000,0.388
677500,0.617,0.000,0.383
678000,0.632,0.000,0.368
678500,0.644,0.000,0.356
679000,0.627,0.000,0.373
679500,0.635,0.000,0.365
680000,0.645,0.000,0.355
680500,0.653,0.000,0.347
681000,0.622,0.000,0.378
681500,0.615,0.003,0.383
682000,0.605,0.001,0.394
682500,0.632,0.000,0.368
683000,0.648,0.000,0.352
683500,0.612,0.002,0.387
684000,0.624,0.001,0.376
684500,0.619,0.000,0.381
685000,0.653,0.000,0.347
685500,0.651,0.000,0.349
686000,0.639,0.000,0.361
686500,0.640,0.000,0.360
687000,0.629,0.000,0.371
687500,0.636,0.000,0.364
688000,0.670,0.000,0.330
688500,0.672,0.000,0.328
689000,0.664,0.000,0.336
689500,0.696,0.000,0.304
690000,0.706,0.000,0.294
690500,0.691,0.000,0.309
691000,0.670,0.000,0.330
691500,0.671,0.000,0.329
692000,0.709,0.000,0.291
692500,0.684,0.000,0.316
693000,0.700,0.000,0.300
693500,0.705,0.000,0.295
694000,0.718,0.000,0.282
694500,0.702,0.000,0.298
695000,0.694,0.000,0.306
695500,0.712,0.000,0.288
696000,0.734,0.000,0.266
696500,0.695,0.000,0.305
697000,0.718,0.000,0.282
697500,0.713,0.000,0.287
698000,0.757,0.000,0.243
698500,0.758,0.000,0.242
699000,0.781,0.000,0.219
699500,0.837,0.000,0.163
700000,0.823,0.000,0.177
700500,0.818,0.000,0.182
701000,0.787,0.000,0.213
701500,0.783,0.000,0.217
702000,0.825,0.000,0.175
702500,0.823,0.000,0.177
703000,0.782,0.000,0.218
703500,0.780,0.000,0.220
704000,0.755,0.000,0.245
704500,0.735,0.000,0.265
705000,0.731,0.000,0.269
705500,0.746,0.000,0.254
706000,0.735,0.000,0.265
706500,0.726,0.000,0.274
707000,0.748,0.000,0.252
707500,0.722,0.000,0.278
708000,0.736,0.000,0.264
708500,0.735,0.000,0.265
709000,0.740,0.000,0.260
709500,0.739,0.000,0.261
710000,0.724,0.000,0.276
710500,0.735,0.000,0.265
711000,0.718,0.000,0.282
711500,0.749,0.000,0.251
712000,0.750,0.000,0.250
712500,0.708,0.000,0.292
713000,0.727,0.000,0.273
713500,0.735,0.000,0.265
714000,0.729,0.000,0.271
714500,0.748,0.000,0.252
715000,0.749,0.000,0.251
715500,0.743,0.000,0.257
716000,0.712,0.000,0.288
716500,0.715,0.000,0.285
717000,0.727,0.000,0.273
717500,0.717,0.000,0.283
718000,0.723,0.000,0.277
718500,0.752,0.000,0.248
719000,0.761,0.000,0.239
719500,0.760,0.000,0.240
720000,0.745,0.000,0.255
720500,0.756,0.000,0.244
721000,0.772,0.000,0.228
721500,0.761,0.000,0.239
722000,0.765,0.000,0.235
722500,0.731,0.000,0.269
723000,0.735,0.000,0.265
723500,0.749,0.000,0.251
724000,0.745,0.000,0.255
724500,0.701,0.000,0.299
725000,0.689,0.000,0.311
725500,0.678,0.000,0.322
726000,0.702,0.000,0.298
726500,0.697,0.000,0.303
727000,0.695,0.000,0.305
727500,0.699,0.000,0.301
728000,0.705,0.000,0.295
728500,0.713,0.000,0.287
729000,0.721,0.000,0.279
729500,0.737,0.000,0.263
730000,0.746,0.000,0.254
730500,0.751,0.000,0.249
731000,0.766,0.000,0.234
731500,0.734,0.000,0.266
732000,0.741,0.000,0.259
732500,0.758,0.000,0.242
733000,0.723,0.000,0.277
733500,0.718,0.000,0.282
734000,0.725,0.000,0.275
734500,0.746,0.000,0.254
735000,0.735,0.000,0.265
735500,0.736,0.000,0.264
736000,0.741,0.000,0.259
736500,0.753,0.000,0.247
737000,0.741,0.000,0.259
737500,0.719,0.000,0.281
738000,0.691,0.000,0.309
738500,0.718,0.000,0.282
739000,0.727,0.000,0.273
739500,0.749,0.000,0.251
740000,0.733,0.000,0.267
740500,0.708,0.000,0.292
741000,0.718,0.000,0.282
741500,0.717,0.000,0.283
742000,0.727,0.000,0.273
742500,0.726,0.000,0.274
743000,0.687,0.000,0.313
743500,0.734,0.000,0.266
744000,0.732,0.000,0.268
744500,0.716,0.000,0.284
745000,0.747,0.000,0.253
745500,0.780,0.000,0.220
746000,0.762,0.000,0.238
746500,0.760,0.000,0.240
747000,0.763,0.000,0.237
747500,0.776,0.000,0.224
748000,0.757,0.000,0.243
748500,0.764,0.000,0.236
749000,0.774,0.000,0.226
749500,0.768,0.000,0.232
750000,0.755,0.000,0.245
750500,0.764,0.000,0.236
751000,0.796,0.000,0.204
751500,0.769,0.000,0.231
752000,0.742,0.000,0.258
752500,0.725,0.000,0.275
753000,0.725,0.000,0.275
753500,0.712,0.000,0.288
754000,0.684,0.000,0.316
754500,0.692,0.000,0.308
755000,0.729,0.000,0.271
755500,0.700,0.000,0.300
756000,0.711,0.000,0.289
756500,0.711,0.000,0.289
757000,0.693,0.000,0.307
757500,0.717,0.000,0.283
758000,0.703,0.000,0.297
758500,0.711,0.000,0.289
759000,0.706,0.000,0.294
759500,0.693,0.000,0.307
760000,0.682,0.000,0.318
760500,0.687,0.000,0.313
761000,0.678,0.000,0.322
761500,0.681,0.000,0.319
762000,0.691,0.000,0.309
762500,0.715,0.000,0.285
763000,0.720,0.000,0.280
763500,0.716,0.000,0.284
764000,0.728,0.000,0.272
764500,0.694,0.000,0.306
765000,0.644,0.000,0.356
765500,0.662,0.000,0.338
766000,0.676,0.000,0.324
766500,0.723,0.000,0.277
767000,0.738,0.000,0.262
767500,0.743,0.000,0.257
768000,0.724,0.000,0.276
768500,0.708,0.000,0.292
769000,0.735,0.000,0.265
769500,0.708,0.000,0.292
770000,0.691,0.002,0.307
770500,0.694,0.001,0.306
771000,0.732,0.000,0.268
771500,0.741,0.000,0.259
772000,0.752,0.000,0.248
772500,0.747,0.000,0.253
773000,0.735,0.000,0.265
773500,0.704,0.000,0.296
774000,0.697,0.000,0.303
774500,0.721,0.000,0.279
775000,0.734,0.000,0.266
775500,0.704,0.000,0.296
776000,0.666,0.000,0.334
776500,0.693,0.000,0.307
777000,0.707,0.000,0.293
777500,0.686,0.000,0.314
778000,0.672,0.000,0.328
778500,0.673,0.000,0.327
779000,0.706,0.000,0.294
779500,0.705,0.000,0.295
780000,0.694,0.000,0.306
780500,0.743,0.000,0.257
781000,0.728,0.002,0.271
781500,0.719,0.001,0.280
782000,0.744,0.000,0.256
782500,0.757,0.000,0.243
783000,0.760,0.000,0.240
783500,0.762,0.000,0.238
784000,0.754,0.000,0.246
784500,0.752,0.000,0.248
785000,0.792,0.000,0.208
785500,0.753,0.000,0.247
786000,0.765,0.000,0.235
786500,0.791,0.000,0.209
787000,0.809,0.000,0.191
787500,0.797,0.000,0.203
788000,0.826,0.000,0.174
788500,0.830,0.000,0.170
789000,0.832,0.000,0.168
789500,0.782,0.000,0.218
790000,0.765,0.000,0.235
790500,0.761,0.000,0.239
791000,0.751,0.000,0.249
791500,0.755,0.000,0.245
792000,0.754,0.000,0.246
792500,0.744,0.000,0.256
793000,0.730,0.000,0.270
793500,0.743,0.000,0.257
794000,0.739,0.000,0.261
794500,0.760,0.000,0.240
795000,0.760,0.000,0.240
795500,0.738,0.000,0.262
796000,0.711,0.000,0.289
796500,0.698,0.000,0.302
797000,0.677,0.000,0.323
797500,0.665,0.000,0.335
798000,0.660,0.000,0.340
798500,0.664,0.000,0.336
799000,0.635,0.000,0.365
799500,0.641,0.000,0.359
800000,0.633,0.000,0.367
800500,0.653,0.000,0.347
801000,0.641,0.000,0.359
801500,0.691,0.000,0.309
802000,0.694,0.000,0.306
802500,0.709,0.000,0.291
803000,0.695,0.000,0.305
803500,0.696,0.000,0.304
804000,0.721,0.000,0.279
804500,0.734,0.000,0.266
805000,0.735,0.000,0.265
805500,0.715,0.000,0.285
806000,0.723,0.000,0.277
806500,0.722,0.000,0.278
807000,0.722,0.000,0.278
807500,0.733,0.000,0.267
808000,0.763,0.000,0.237
808500,0.769,0.000,0.231
809000,0.766,0.000,0.234
809500,0.761,0.000,0.239
810000,0.738,0.000,0.262
810500,0.733,0.000,0.267
811000,0.727,0.000,0.273
811500,0.693,0.000,0.307
812000,0.705,0.000,0.295
812500,0.663,0.000,0.337
813000,0.689,0.000,0.311
813500,0.693,0.000,0.307
814000,0.667,0.000,0.333
814500,0.667,0.000,0.333
815000,0.667,0.000,0.333
815500,0.661,0.000,0.339
816000,0.690,0.000,0.310
816500,0.689,0.000,0.311
817000,0.693,0.000,0.307
817500,0.711,0.000,0.289
818000,0.708,0.000,0.292
818500,0.713,0.000,0.287
819000,0.690,0.000,0.310
819500,0.679,0.000,0.321
820000,0.680,0.004,0.316
820500,0.702,0.001,0.297
821000,0.729,0.001,0.271
821500,0.750,0.000,0.250
822000,0.747,0.000,0.253
822500,0.750,0.000,0.250
823000,0.752,0.000,0.248
823500,0.763,0.000,0.237
824000,0.782,0.000,0.218
824500,0.795,0.000,0.205
825000,0.808,0.000,0.192
825500,0.811,0.000,0.189
826000,0.777,0.000,0.223
826500,0.777,0.000,0.223
827000,0.750,0.000,0.250
827500,0.781,0.000,0.219
828000,0.773,0.000,0.227
828500,0.772,0.000,0.228
829000,0.744,0.000,0.256
829500,0.741,0.000,0.259
830000,0.736,0.000,0.264
830500,0.742,0.000,0.258
831000,0.743,0.000,0.257
831500,0.756,0.000,0.244
832000,0.721,0.000,0.279
832500,0.741,0.000,0.259
833000,0.738,0.000,0.262
833500,0.727,0.000,0.273
834000,0.700,0.000,0.300
834500,0.726,0.000,0.274
835000,0.709,0.000,0.291
835500,0.692,0.000,0.308
836000,0.703,0.000,0.297
836500,0.738,0.000,0.262
837000,0.745,0.000,0.255
837500,0.749,0.000,0.251
838000,0.780,0.000,0.220
838500,0.795,0.000,0.205
839000,0.789,0.000,0.211
839500,0.800,0.000,0.200
840000,0.791,0.000,0.209
840500,0.794,0.000,0.206
841000,0.796,0.000,0.204
841500,0.823,0.000,0.177
842000,0.834,0.000,0.166
842500,0.838,0.000,0.162
843000,0.855,0.000,0.145
843500,0.823,0.000,0.177
844000,0.804,0.000,0.196
844500,0.816,0.000,0.184
845000,0.849,0.000,0.151
845500,0.864,0.000,0.136
846000,0.852,0.000,0.148
846500,0.838,0.000,0.162
847000,0.828,0.000,0.172
847500,0.820,0.000,0.180
848000,0.814,0.000,0.186
848500,0.831,0.000,0.169
849000,0.810,0.000,0.190
849500,0.791,0.000,0.209
850000,0.765,0.000,0.235
850500,0.761,0.000,0.239
851000,0.751,0.000,0.249
851500,0.782,0.000,0.218
852000,0.781,0.000,0.219
852500,0.752,0.000,0.248
853000,0.742,0.000,0.258
853500,0.765,0.000,0.235
854000,0.744,0.000,0.256
854500,0.762,0.000,0.238
855000,0.766,0.000,0.234
855500,0.783,0.000,0.217
856000,0.794,0.000,0.206
856500,0.790,0.000,0.210
857000,0.800,0.000,0.200
857500,0.815,0.000,0.185
858000,0.791,0.000,0.209
858500,0.773,0.000,0.227
859000,0.790,0.000,0.210
859500,0.796,0.000,0.204
860000,0.755,0.000,0.245
860500,0.747,0.000,0.253
861000,0.738,0.000,0.262
861500,0.746,0.000,0.254
862000,0.748,0.000,0.252
862500,0.750,0.000,0.250
863000,0.745,0.000,0.255
863500,0.732,0.000,0.268
864000,0.744,0.000,0.256
864500,0.744,0.000,0.256
865000,0.740,0.000,0.260
865500,0.734,0.000,0.266
866000,0.734,0.000,0.266
866500,0.690,0.000,0.310
867000,0.691,0.000,0.309
867500,0.711,0.000,0.289
868000,0.728,0.000,0.272
868500,0.716,0.000,0.284
869000,0.726,0.000,0.274
869500,0.722,0.000,0.278
870000,0.735,0.000,0.265
870500,0.749,0.000,0.251
871000,0.769,0.000,0.231
871500,0.719,0.000,0.281
872000,0.700,0.002,0.299
872500,0.710,0.001,0.290
873000,0.693,0.001,0.307
873500,0.688,0.001,0.312
874000,0.708,0.000,0.292
874500,0.689,0.000,0.311
875000,0.679,0.000,0.321
875500,0.659,0.000,0.341
876000,0.669,0.000,0.331
876500,0.676,0.000,0.324
877000,0.672,0.000,0.328
877500,0.660,0.000,0.340
878000,0.641,0.000,0.359
878500,0.638,0.000,0.362
879000,0.628,0.000,0.372
879500,0.617,0.000,0.383
880000,0.625,0.000,0.375
880500,0.636,0.000,0.364
881000,0.633,0.003,0.364
881500,0.652,0.000,0.348
882000,0.660,0.000,0.340
882500,0.648,0.003,0.349
883000,0.651,0.002,0.347
883500,0.607,0.000,0.393
884000,0.630,0.000,0.370
884500,0.629,0.003,0.368
885000,0.612,0.002,0.387
885500,0.647,0.001,0.352
886000,0.685,0.000,0.315
886500,0.695,0.000,0.305
887000,0.672,0.000,0.328
887500,0.677,0.000,0.323
888000,0.691,0.000,0.309
888500,0.672,0.000,0.328
889000,0.645,0.000,0.355
889500,0.660,0.000,0.340
890000,0.676,0.000,0.324
890500,0.666,0.000,0.334
891000,0.653,0.000,0.347
891500,0.646,0.000,0.354
892000,0.649,0.000,0.351
892500,0.681,0.000,0.319
893000,0.713,0.000,0.287
893500,0.697,0.000,0.303
894000,0.667,0.000,0.333
894500,0.664,0.000,0.336
895000,0.652,0.000,0.348
895500,0.650,0.000,0.350
896000,0.690,0.000,0.310
896500,0.705,0.000,0.295
897000,0.701,0.000,0.299
897500,0.679,0.000,0.321
898000,0.693,0.000,0.307
898500,0.669,0.000,0.331
899000,0.631,0.000,0.369
899500,0.645,0.000,0.355
900000,0.627,0.000,0.373
900500,0.632,0.000,0.368
901000,0.652,0.000,0.348
901500,0.646,0.000,0.354
902000,0.663,0.000,0.337
902500,0.660,0.000,0.340
903000,0.682,0.000,0.318
903500,0.710,0.000,0.290
904000,0.688,0.000,0.312
904500,0.706,0.000,0.294
905000,0.747,0.000,0.253
905500,0.767,0.000,0.233
906000,0.769,0.000,0.231
906500,0.743,0.000,0.257
907000,0.736,0.000,0.264
907500,0.720,0.000,0.280
908000,0.713,0.000,0.287
908500,0.708,0.000,0.292
909000,0.698,0.000,0.302
909500,0.717,0.000,0.283
910000,0.700,0.000,0.300
910500,0.653,0.000,0.347
911000,0.647,0.000,0.353
911500,0.659,0.000,0.341
912000,0.651,0.000,0.349
912500,0.682,0.000,0.318
913000,0.697,0.000,0.303
913500,0.671,0.000,0.329
914000,0.668,0.000,0.332
914500,0.687,0.000,0.313
915000,0.682,0.000,0.318
915500,0.711,0.000,0.289
916000,0.713,0.000,0.287
916500,0.752,0.000,0.248
917000,0.738,0.000,0.262
917500,0.688,0.000,0.312
918000,0.688,0.000,0.312
918500,0.729,0.000,0.271
919000,0.750,0.001,0.249
919500,0.749,0.001,0.251
920000,0.764,0.000,0.236
920500,0.783,0.000,0.217
921000,0.791,0.000,0.209
921500,0.802,0.000,0.198
922000,0.797,0.000,0.203
922500,0.793,0.000,0.207
923000,0.776,0.000,0.224
923500,0.763,0.000,0.237
924000,0.735,0.000,0.265
924500,0.741,0.000,0.259
925000,0.714,0.000,0.286
925500,0.744,0.000,0.256
926000,0.743,0.000,0.257
926500,0.742,0.000,0.258
927000,0.742,0.000,0.258
927500,0.732,0.000,0.268
928000,0.752,0.000,0.248
928500,0.739,0.000,0.261
929000,0.731,0.000,0.269
929500,0.737,0.000,0.263
930000,0.754,0.000,0.246
930500,0.735,0.000,0.265
931000,0.747,0.000,0.253
931500,0.713,0.001,0.286
932000,0.686,0.000,0.314
932500,0.699,0.000,0.301
933000,0.724,0.000,0.276
933500,0.707,0.000,0.293
934000,0.719,0.000,0.281
934500,0.747,0.000,0.253
935000,0.726,0.000,0.274
935500,0.714,0.000,0.286
936000,0.757,0.000,0.243
936500,0.769,0.000,0.231
937000,0.768,0.000,0.232
937500,0.739,0.000,0.261
938000,0.755,0.000,0.245
938500,0.761,0.000,0.239
939000,0.767,0.000,0.233
939500,0.764,0.000,0.236
940000,0.800,0.000,0.200
940500,0.750,0.000,0.250
941000,0.756,0.000,0.244
941500,0.763,0.000,0.237
942000,0.769,0.000,0.231
942500,0.724,0.000,0.276
943000,0.736,0.000,0.264
943500,0.720,0.000,0.280
944000,0.733,0.000,0.267
944500,0.757,0.000,0.243
945000,0.756,0.000,0.244
945500,0.757,0.000,0.243
946000,0.786,0.000,0.214
946500,0.788,0.000,0.212
947000,0.805,0.000,0.195
947500,0.797,0.000,0.203
948000,0.793,0.000,0.207
948500,0.779,0.000,0.221
949000,0.786,0.000,0.214
949500,0.779,0.000,0.221
950000,0.773,0.000,0.227
950500,0.750,0.000,0.250
951000,0.756,0.000,0.244
951500,0.777,0.000,0.223
952000,0.761,0.000,0.239
952500,0.771,0.000,0.229
953000,0.738,0.000,0.262
953500,0.709,0.000,0.291
954000,0.716,0.000,0.284
954500,0.715,0.000,0.285
955000,0.652,0.000,0.348
955500,0.671,0.000,0.329
956000,0.677,0.000,0.323
956500,0.651,0.000,0.349
957000,0.682,0.000,0.318
957500,0.680,0.000,0.320
958000,0.673,0.000,0.327
958500,0.686,0.000,0.314
959000,0.728,0.000,0.272
959500,0.726,0.000,0.274
960000,0.715,0.000,0.285
960500,0.745,0.000,0.255
961000,0.747,0.000,0.253
961500,0.724,0.000,0.276
962000,0.725,0.000,0.275
962500,0.725,0.000,0.275
963000,0.696,0.000,0.304
963500,0.638,0.000,0.362
964000,0.683,0.000,0.317
964500,0.667,0.000,0.333
965000,0.693,0.000,0.307
965500,0.677,0.000,0.323
966000,0.682,0.000,0.318
966500,0.708,0.000,0.292
967000,0.737,0.000,0.263
967500,0.725,0.000,0.275
968000,0.742,0.000,0.258
968500,0.729,0.000,0.271
969000,0.702,0.000,0.298
969500,0.672,0.000,0.328
970000,0.670,0.000,0.330
970500,0.673,0.000,0.327
971000,0.688,0.000,0.312
971500,0.682,0.000,0.318
972000,0.693,0.003,0.305
972500,0.698,0.001,0.302
973000,0.692,0.000,0.308
973500,0.702,0.000,0.298
974000,0.720,0.000,0.280
974500,0.693,0.000,0.307
975000,0.694,0.000,0.306
975500,0.702,0.000,0.298
976000,0.724,0.000,0.276
976500,0.697,0.000,0.303
977000,0.709,0.000,0.291
977500,0.715,0.000,0.285
978000,0.728,0.000,0.272
978500,0.704,0.000,0.296
979000,0.688,0.000,0.312
979500,0.725,0.000,0.275
980000,0.733,0.000,0.267
980500,0.752,0.000,0.248
981000,0.747,0.000,0.253
981500,0.754,0.000,0.246
982000,0.721,0.000,0.279
982500,0.742,0.000,0.258
983000,0.722,0.000,0.278
983500,0.725,0.000,0.275
984000,0.701,0.000,0.299
984500,0.694,0.000,0.306
985000,0.714,0.000,0.286
985500,0.679,0.000,0.321
986000,0.714,0.000,0.286
986500,0.719,0.000,0.281
987000,0.728,0.000,0.272
987500,0.703,0.000,0.297
988000,0.690,0.000,0.310
988500,0.680,0.000,0.320
989000,0.672,0.000,0.328
989500,0.711,0.000,0.289
990000,0.708,0.000,0.292
990500,0.681,0.000,0.319
991000,0.700,0.000,0.300
991500,0.708,0.000,0.292
992000,0.713,0.000,0.287
992500,0.692,0.000,0.308
993000,0.693,0.000,0.307
993500,0.715,0.000,0.285
994000,0.701,0.000,0.299
994500,0.719,0.000,0.281
995000,0.724,0.000,0.276
995500,0.762,0.000,0.238
996000,0.793,0.000,0.207
996500,0.764,0.000,0.236
997000,0.787,0.000,0.213
997500,0.799,0.000,0.201
998000,0.807,0.000,0.193
998500,0.814,0.000,0.186
999000,0.781,0.000,0.219
999500,0.763,0.000,0.237
1000000,0.743,0.000,0.257
