time,n_A+p,n_B,n_AB
500,0.010,0.945,0.045
1000,0.010,0.954,0.036
1500,0.010,0.934,0.056
2000,0.010,0.905,0.085
2500,0.010,0.938,0.052
3000,0.010,0.919,0.071
3500,0.010,0.953,0.037
4000,0.010,0.931,0.059
4500,0.010,0.945,0.045
5000,0.010,0.945,0.045
5500,0.010,0.965,0.025
6000,0.010,0.948,0.042
6500,0.010,0.971,0.019
7000,0.010,0.979,0.011
7500,0.010,0.963,0.027
8000,0.010,0.975,0.015
8500,0.010,0.942,0.048
9000,0.010,0.911,0.079
9500,0.010,0.883,0.107
10000,0.010,0.926,0.064
10500,0.010,0.920,0.070
11000,0.010,0.920,0.070
11500,0.010,0.881,0.109
12000,0.010,0.964,0.026
12500,0.010,0.941,0.049
13000,0.010,0.891,0.099
13500,0.010,0.924,0.066
14000,0.010,0.905,0.085
14500,0.010,0.938,0.052
15000,0.010,0.970,0.020
15500,0.010,0.883,0.107
16000,0.010,0.930,0.060
16500,0.010,0.944,0.046
17000,0.010,0.941,0.049
17500,0.010,0.916,0.074
18000,0.010,0.948,0.042
18500,0.010,0.962,0.028
19000,0.010,0.936,0.053
19500,0.010,0.922,0.068
20000,0.010,0.957,0.033
20500,0.010,0.975,0.015
21000,0.010,0.958,0.032
21500,0.010,0.982,0.008
22000,0.010,0.958,0.032
22500,0.010,0.904,0.086
23000,0.010,0.913,0.077
23500,0.010,0.892,0.098
24000,0.010,0.910,0.080
24500,0.010,0.900,0.090
25000,0.010,0.956,0.034
25500,0.010,0.919,0.071
26000,0.010,0.974,0.016
26500,0.010,0.932,0.058
27000,0.010,0.923,0.067
27500,0.010,0.956,0.034
28000,0.010,0.935,0.055
28500,0.010,0.980,0.010
29000,0.010,0.964,0.026
29500,0.010,0.946,0.044
30000,0.010,0.879,0.111
30500,0.010,0.909,0.081
31000,0.010,0.927,0.063
31500,0.010,0.903,0.087
32000,0.010,0.885,0.105
32500,0.010,0.941,0.049
33000,0.010,0.934,0.056
33500,0.010,0.908,0.082
34000,0.010,0.960,0.030
34500,0.010,0.969,0.021
35000,0.010,0.937,0.053
35500,0.010,0.940,0.050
36000,0.010,0.947,0.043
36500,0.010,0.913,0.077
37000,0.010,0.913,0.077
37500,0.010,0.923,0.067
38000,0.010,0.894,0.096
38500,0.010,0.863,0.127
39000,0.010,0.891,0.099
39500,0.010,0.956,0.034
40000,0.010,0.933,0.056
40500,0.010,0.914,0.076
41000,0.010,0.865,0.125
41500,0.010,0.877,0.113
42000,0.010,0.914,0.076
42500,0.010,0.934,0.056
43000,0.010,0.910,0.080
43500,0.010,0.974,0.016
44000,0.010,0.942,0.048
44500,0.010,0.836,0.154
45000,0.010,0.880,0.110
45500,0.010,0.899,0.091
46000,0.010,0.871,0.119
46500,0.010,0.934,0.055
47000,0.010,0.905,0.085
47500,0.010,0.851,0.139
48000,0.010,0.886,0.104
48500,0.010,0.859,0.131
49000,0.010,0.943,0.047
49500,0.010,0.947,0.043
50000,0.010,0.956,0.034
50500,0.010,0.931,0.059
51000,0.010,0.961,0.029
51500,0.010,0.929,0.061
52000,0.010,0.899,0.091
52500,0.010,0.940,0.050
53000,0.010,0.924,0.066
53500,0.010,0.913,0.077
54000,0.010,0.881,0.109
54500,0.010,0.897,0.093
55000,0.010,0.959,0.031
55500,0.010,0.939,0.051
56000,0.010,0.945,0.045
56500,0.010,0.919,0.071
57000,0.010,0.982,0.008
57500,0.010,0.904,0.086
58000,0.010,0.940,0.050
58500,0.010,0.913,0.077
59000,0.010,0.881,0.109
59500,0.010,0.908,0.082
60000,0.010,0.904,0.086
60500,0.010,0.928,0.062
61000,0.010,0.872,0.118
61500,0.010,0.924,0.066
62000,0.010,0.960,0.030
62500,0.010,0.957,0.033
63000,0.010,0.911,0.079
63500,0.010,0.948,0.042
64000,0.010,0.905,0.085
64500,0.010,0.920,0.070
65000,0.010,0.942,0.048
65500,0.010,0.910,0.080
66000,0.010,0.961,0.029
66500,0.010,0.941,0.049
67000,0.010,0.956,0.034
67500,0.010,0.862,0.128
68000,0.010,0.931,0.059
68500,0.010,0.936,0.054
69000,0.010,0.935,0.054
69500,0.010,0.881,0.109
70000,0.010,0.900,0.090
70500,0.010,0.950,0.040
71000,0.010,0.904,0.086
71500,0.010,0.962,0.028
72000,0.010,0.970,0.020
72500,0.010,0.936,0.053
73000,0.010,0.954,0.036
73500,0.010,0.960,0.030
74000,0.010,0.946,0.044
74500,0.010,0.930,0.059
75000,0.010,0.928,0.062
75500,0.010,0.931,0.058
76000,0.010,0.932,0.057
76500,0.010,0.932,0.058
77000,0.010,0.868,0.122
77500,0.010,0.853,0.137
78000,0.010,0.891,0.099
78500,0.010,0.897,0.093
79000,0.010,0.831,0.159
79500,0.010,0.875,0.115
80000,0.010,0.886,0.104
80500,0.010,0.909,0.081
81000,0.010,0.929,0.061
81500,0.010,0.918,0.072
82000,0.010,0.923,0.067
82500,0.010,0.844,0.146
83000,0.010,0.931,0.059
83500,0.010,0.888,0.102
84000,0.010,0.938,0.052
84500,0.010,0.915,0.075
85000,0.010,0.936,0.054
85500,0.010,0.955,0.035
86000,0.010,0.942,0.048
86500,0.010,0.905,0.085
87000,0.010,0.892,0.098
87500,0.010,0.945,0.045
88000,0.010,0.970,0.020
88500,0.010,0.961,0.029
89000,0.010,0.937,0.053
89500,0.010,0.876,0.114
90000,0.010,0.918,0.072
90500,0.010,0.926,0.064
91000,0.010,0.904,0.086
91500,0.010,0.941,0.049
92000,0.010,0.937,0.053
92500,0.010,0.957,0.033
93000,0.010,0.956,0.034
93500,0.010,0.945,0.045
94000,0.010,0.930,0.060
94500,0.010,0.932,0.058
95000,0.010,0.927,0.062
95500,0.010,0.935,0.055
96000,0.010,0.930,0.059
96500,0.010,0.851,0.139
97000,0.010,0.870,0.120
97500,0.010,0.858,0.132
98000,0.010,0.862,0.128
98500,0.010,0.922,0.068
99000,0.010,0.963,0.027
99500,0.010,0.921,0.069
100000,0.010,0.946,0.044
100500,0.010,0.924,0.066
101000,0.010,0.896,0.094
101500,0.010,0.857,0.133
102000,0.010,0.812,0.178
102500,0.010,0.890,0.100
103000,0.010,0.881,0.109
103500,0.010,0.949,0.041
104000,0.010,0.957,0.033
104500,0.010,0.954,0.036
105000,0.010,0.934,0.055
105500,0.010,0.943,0.047
106000,0.010,0.943,0.047
106500,0.010,0.916,0.074
107000,0.010,0.984,0.006
107500,0.010,0.968,0.022
108000,0.010,0.951,0.039
108500,0.010,0.968,0.022
109000,0.010,0.976,0.014
109500,0.010,0.935,0.054
110000,0.010,0.927,0.062
110500,0.010,0.910,0.080
111000,0.010,0.902,0.088
111500,0.010,0.924,0.066
112000,0.010,0.889,0.101
112500,0.010,0.920,0.070
113000,0.010,0.875,0.115
113500,0.010,0.916,0.074
114000,0.010,0.880,0.110
114500,0.010,0.913,0.077
115000,0.010,0.916,0.074
115500,0.010,0.948,0.042
116000,0.010,0.967,0.023
116500,0.010,0.913,0.077
117000,0.010,0.961,0.029
117500,0.010,0.956,0.034
118000,0.010,0.969,0.021
118500,0.010,0.867,0.123
119000,0.010,0.876,0.114
119500,0.010,0.881,0.109
120000,0.010,0.911,0.079
120500,0.010,0.906,0.084
121000,0.010,0.925,0.065
121500,0.010,0.860,0.130
122000,0.010,0.924,0.066
122500,0.010,0.894,0.096
123000,0.010,0.942,0.048
123500,0.010,0.926,0.064
124000,0.010,0.946,0.044
124500,0.010,0.879,0.111
125000,0.010,0.905,0.085
125500,0.010,0.915,0.075
126000,0.010,0.891,0.099
126500,0.010,0.884,0.106
127000,0.010,0.907,0.083
127500,0.010,0.925,0.065
128000,0.010,0.946,0.044
128500,0.010,0.935,0.055
129000,0.010,0.942,0.048
129500,0.010,0.969,0.021
130000,0.010,0.948,0.042
130500,0.010,0.935,0.055
131000,0.010,0.885,0.105
131500,0.010,0.895,0.095
132000,0.010,0.929,0.061
132500,0.010,0.944,0.046
133000,0.010,0.945,0.045
133500,0.010,0.926,0.064
134000,0.010,0.927,0.062
134500,0.010,0.953,0.037
135000,0.010,0.961,0.029
135500,0.010,0.981,0.009
136000,0.010,0.935,0.054
136500,0.010,0.899,0.091
137000,0.010,0.888,0.102
137500,0.010,0.935,0.055
138000,0.010,0.904,0.086
138500,0.010,0.878,0.112
139000,0.010,0.932,0.058
139500,0.010,0.898,0.092
140000,0.010,0.899,0.091
140500,0.010,0.934,0.056
141000,0.010,0.942,0.048
141500,0.010,0.923,0.067
142000,0.010,0.924,0.066
142500,0.010,0.911,0.079
143000,0.010,0.895,0.095
143500,0.010,0.871,0.119
144000,0.010,0.952,0.038
144500,0.010,0.937,0.053
145000,0.010,0.886,0.104
145500,0.010,0.924,0.066
146000,0.010,0.939,0.051
146500,0.010,0.940,0.050
147000,0.010,0.954,0.036
147500,0.010,0.936,0.053
148000,0.010,0.955,0.035
148500,0.010,0.913,0.077
149000,0.010,0.932,0.058
149500,0.010,0.892,0.098
150000,0.010,0.904,0.086
150500,0.010,0.955,0.035
151000,0.010,0.918,0.072
151500,0.010,0.909,0.081
152000,0.010,0.935,0.055
152500,0.010,0.891,0.099
153000,0.010,0.874,0.116
153500,0.010,0.832,0.158
154000,0.010,0.887,0.103
154500,0.010,0.911,0.079
155000,0.010,0.929,0.061
155500,0.010,0.912,0.078
156000,0.010,0.920,0.070
156500,0.010,0.940,0.050
157000,0.010,0.946,0.044
157500,0.010,0.941,0.049
158000,0.010,0.967,0.023
158500,0.010,0.954,0.036
159000,0.010,0.949,0.041
159500,0.010,0.952,0.038
160000,0.010,0.904,0.086
160500,0.010,0.926,0.064
161000,0.010,0.953,0.037
161500,0.010,0.962,0.028
162000,0.010,0.937,0.053
162500,0.010,0.925,0.065
163000,0.010,0.935,0.055
163500,0.010,0.913,0.077
164000,0.010,0.853,0.137
164500,0.010,0.940,0.050
165000,0.010,0.949,0.041
165500,0.010,0.944,0.046
166000,0.010,0.949,0.041
166500,0.010,0.972,0.018
167000,0.010,0.949,0.041
167500,0.010,0.928,0.062
168000,0.010,0.887,0.103
168500,0.010,0.903,0.087
169000,0.010,0.925,0.065
169500,0.010,0.855,0.135
170000,0.010,0.864,0.126
170500,0.010,0.906,0.084
171000,0.010,0.910,0.080
171500,0.010,0.924,0.066
172000,0.010,0.892,0.098
172500,0.010,0.911,0.079
173000,0.010,0.942,0.048
173500,0.010,0.976,0.014
174000,0.010,0.962,0.028
174500,0.010,0.962,0.028
175000,0.010,0.972,0.018
175500,0.010,0.922,0.068
176000,0.010,0.917,0.073
176500,0.010,0.962,0.028
177000,0.010,0.917,0.073
177500,0.010,0.895,0.095
178000,0.010,0.917,0.073
178500,0.010,0.945,0.045
179000,0.010,0.950,0.040
179500,0.010,0.914,0.076
180000,0.010,0.971,0.019
180500,0.010,0.976,0.014
181000,0.010,0.962,0.028
181500,0.010,0.948,0.042
182000,0.010,0.924,0.066
182500,0.010,0.944,0.046
183000,0.010,0.943,0.047
183500,0.010,0.947,0.043
184000,0.010,0.978,0.012
184500,0.010,0.944,0.046
185000,0.010,0.916,0.074
185500,0.010,0.927,0.062
186000,0.010,0.902,0.088
186500,0.010,0.937,0.053
187000,0.010,0.972,0.018
187500,0.010,0.958,0.032
188000,0.010,0.962,0.028
188500,0.010,0.977,0.013
189000,0.010,0.923,0.067
189500,0.010,0.881,0.109
190000,0.010,0.970,0.020
190500,0.010,0.954,0.036
191000,0.010,0.964,0.026
191500,0.010,0.965,0.025
192000,0.010,0.902,0.088
192500,0.010,0.958,0.032
193000,0.010,0.961,0.029
193500,0.010,0.914,0.076
194000,0.010,0.942,0.048
194500,0.010,0.928,0.062
195000,0.010,0.922,0.068
195500,0.010,0.964,0.026
196000,0.010,0.922,0.068
196500,0.010,0.926,0.064
197000,0.010,0.904,0.086
197500,0.010,0.957,0.033
198000,0.010,0.965,0.025
198500,0.010,0.972,0.018
199000,0.010,0.910,0.080
199500,0.010,0.958,0.032
200000,0.010,0.963,0.027
200500,0.010,0.946,0.044
201000,0.010,0.929,0.060
201500,0.010,0.931,0.059
202000,0.010,0.864,0.126
202500,0.010,0.939,0.051
203000,0.010,0.876,0.114
203500,0.010,0.919,0.071
204000,0.010,0.910,0.080
204500,0.010,0.947,0.043
205000,0.010,0.931,0.059
205500,0.010,0.926,0.064
206000,0.010,0.914,0.076
206500,0.010,0.920,0.070
207000,0.010,0.865,0.125
207500,0.010,0.892,0.098
208000,0.010,0.947,0.043
208500,0.010,0.919,0.071
209000,0.010,0.941,0.049
209500,0.010,0.875,0.115
210000,0.010,0.923,0.067
210500,0.010,0.943,0.047
211000,0.010,0.943,0.047
211500,0.010,0.921,0.069
212000,0.010,0.937,0.053
212500,0.010,0.911,0.079
213000,0.010,0.922,0.068
213500,0.010,0.941,0.049
214000,0.010,0.957,0.033
214500,0.010,0.954,0.036
215000,0.010,0.925,0.065
215500,0.010,0.925,0.065
216000,0.010,0.944,0.046
216500,0.010,0.948,0.042
217000,0.010,0.963,0.027
217500,0.010,0.962,0.028
218000,0.010,0.966,0.024
218500,0.010,0.936,0.054
219000,0.010,0.952,0.038
219500,0.010,0.882,0.108
220000,0.010,0.941,0.049
220500,0.010,0.926,0.064
221000,0.010,0.915,0.075
221500,0.010,0.938,0.052
222000,0.010,0.951,0.039
222500,0.010,0.964,0.026
223000,0.010,0.982,0.008
223500,0.010,0.965,0.025
224000,0.010,0.939,0.051
224500,0.010,0.963,0.027
225000,0.010,0.958,0.032
225500,0.010,0.961,0.029
226000,0.010,0.960,0.030
226500,0.010,0.931,0.058
227000,0.010,0.984,0.006
227500,0.010,0.959,0.031
228000,0.010,0.953,0.037
228500,0.010,0.955,0.035
229000,0.010,0.966,0.024
229500,0.010,0.938,0.052
230000,0.010,0.922,0.068
230500,0.010,0.926,0.064
231000,0.010,0.848,0.142
231500,0.010,0.900,0.090
232000,0.010,0.867,0.123
232500,0.010,0.932,0.057
233000,0.010,0.932,0.058
233500,0.010,0.893,0.097
234000,0.010,0.891,0.099
234500,0.010,0.925,0.065
235000,0.010,0.944,0.046
235500,0.010,0.881,0.109
236000,0.010,0.899,0.091
236500,0.010,0.882,0.108
237000,0.010,0.884,0.106
237500,0.010,0.896,0.094
238000,0.010,0.948,0.042
238500,0.010,0.957,0.033
239000,0.010,0.903,0.087
239500,0.010,0.912,0.078
240000,0.010,0.927,0.063
240500,0.010,0.935,0.055
241000,0.010,0.965,0.025
241500,0.010,0.904,0.086
242000,0.010,0.882,0.108
242500,0.010,0.946,0.044
243000,0.010,0.964,0.026
243500,0.010,0.982,0.008
244000,0.010,0.943,0.047
244500,0.010,0.883,0.107
245000,0.010,0.934,0.055
245500,0.010,0.922,0.068
246000,0.010,0.957,0.033
246500,0.010,0.954,0.036
247000,0.010,0.972,0.018
247500,0.010,0.929,0.061
248000,0.010,0.966,0.024
248500,0.010,0.919,0.071
249000,0.010,0.903,0.087
249500,0.010,0.934,0.055
250000,0.010,0.962,0.028
250500,0.010,0.959,0.031
251000,0.010,0.948,0.042
251500,0.010,0.956,0.034
252000,0.010,0.913,0.077
252500,0.010,0.962,0.028
253000,0.010,0.961,0.029
253500,0.010,0.900,0.090
254000,0.010,0.910,0.080
254500,0.010,0.918,0.072
255000,0.010,0.963,0.027
255500,0.010,0.952,0.038
256000,0.010,0.958,0.032
256500,0.010,0.975,0.015
257000,0.010,0.948,0.042
257500,0.010,0.926,0.064
258000,0.010,0.939,0.051
258500,0.010,0.951,0.039
259000,0.010,0.911,0.079
259500,0.010,0.915,0.075
260000,0.010,0.904,0.086
260500,0.010,0.858,0.132
261000,0.010,0.917,0.073
261500,0.010,0.927,0.062
262000,0.010,0.944,0.046
262500,0.010,0.931,0.059
263000,0.010,0.939,0.051
263500,0.010,0.957,0.033
264000,0.010,0.947,0.043
264500,0.010,0.940,0.050
265000,0.010,0.968,0.022
265500,0.010,0.963,0.027
266000,0.010,0.913,0.077
266500,0.010,0.948,0.042
267000,0.010,0.936,0.053
267500,0.010,0.930,0.060
268000,0.010,0.944,0.046
268500,0.010,0.912,0.078
269000,0.010,0.899,0.091
269500,0.010,0.921,0.069
270000,0.010,0.909,0.081
270500,0.010,0.894,0.096
271000,0.010,0.925,0.065
271500,0.010,0.946,0.044
272000,0.010,0.926,0.064
272500,0.010,0.929,0.060
273000,0.010,0.957,0.033
273500,0.010,0.903,0.087
274000,0.010,0.888,0.102
274500,0.010,0.937,0.053
275000,0.010,0.947,0.043
275500,0.010,0.926,0.064
276000,0.010,0.985,0.005
276500,0.010,0.959,0.031
277000,0.010,0.981,0.009
277500,0.010,0.956,0.034
278000,0.010,0.946,0.044
278500,0.010,0.904,0.086
279000,0.010,0.926,0.064
279500,0.010,0.852,0.138
280000,0.010,0.896,0.094
280500,0.010,0.945,0.045
281000,0.010,0.911,0.079
281500,0.010,0.905,0.085
282000,0.010,0.941,0.049
282500,0.010,0.951,0.039
283000,0.010,0.903,0.087
283500,0.010,0.888,0.102
284000,0.010,0.905,0.085
284500,0.010,0.924,0.066
285000,0.010,0.950,0.040
285500,0.010,0.963,0.027
286000,0.010,0.935,0.054
286500,0.010,0.962,0.028
287000,0.010,0.949,0.041
287500,0.010,0.943,0.047
288000,0.010,0.893,0.097
288500,0.010,0.906,0.084
289000,0.010,0.958,0.032
289500,0.010,0.918,0.072
290000,0.010,0.935,0.055
290500,0.010,0.892,0.098
291000,0.010,0.860,0.130
291500,0.010,0.865,0.125
292000,0.010,0.947,0.043
292500,0.010,0.934,0.055
293000,0.010,0.911,0.079
293500,0.010,0.928,0.061
294000,0.010,0.983,0.007
294500,0.010,0.952,0.038
295000,0.010,0.941,0.049
295500,0.010,0.922,0.068
296000,0.010,0.942,0.048
296500,0.010,0.928,0.062
297000,0.010,0.893,0.097
297500,0.010,0.870,0.120
298000,0.010,0.923,0.067
298500,0.010,0.928,0.061
299000,0.010,0.922,0.068
299500,0.010,0.929,0.061
300000,0.010,0.946,0.044
300500,0.010,0.937,0.053
301000,0.010,0.913,0.077
301500,0.010,0.928,0.061
302000,0.010,0.962,0.028
302500,0.010,0.956,0.034
303000,0.010,0.944,0.046
303500,0.010,0.967,0.023
304000,0.010,0.944,0.046
304500,0.010,0.913,0.077
305000,0.010,0.872,0.118
305500,0.010,0.876,0.114
306000,0.010,0.879,0.111
306500,0.010,0.883,0.107
307000,0.010,0.949,0.041
307500,0.010,0.918,0.072
308000,0.010,0.931,0.058
308500,0.010,0.944,0.046
309000,0.010,0.928,0.062
309500,0.010,0.956,0.034
310000,0.010,0.912,0.078
310500,0.010,0.967,0.023
311000,0.010,0.945,0.045
311500,0.010,0.908,0.082
312000,0.010,0.907,0.083
312500,0.010,0.923,0.067
313000,0.010,0.928,0.062
313500,0.010,0.938,0.052
314000,0.010,0.905,0.085
314500,0.010,0.906,0.084
315000,0.010,0.927,0.062
315500,0.010,0.967,0.023
316000,0.010,0.909,0.081
316500,0.010,0.956,0.034
317000,0.010,0.925,0.065
317500,0.010,0.885,0.105
318000,0.010,0.934,0.056
318500,0.010,0.921,0.069
319000,0.010,0.929,0.061
319500,0.010,0.916,0.074
320000,0.010,0.851,0.139
320500,0.010,0.938,0.052
321000,0.010,0.898,0.092
321500,0.010,0.920,0.070
322000,0.010,0.923,0.067
322500,0.010,0.917,0.073
323000,0.010,0.920,0.070
323500,0.010,0.891,0.099
324000,0.010,0.881,0.109
324500,0.010,0.845,0.145
325000,0.010,0.909,0.081
325500,0.010,0.919,0.071
326000,0.010,0.909,0.081
326500,0.010,0.925,0.065
327000,0.010,0.960,0.030
327500,0.010,0.947,0.043
328000,0.010,0.871,0.119
328500,0.010,0.889,0.101
329000,0.010,0.854,0.136
329500,0.010,0.894,0.096
330000,0.010,0.945,0.045
330500,0.010,0.927,0.062
331000,0.010,0.927,0.063
331500,0.010,0.902,0.088
332000,0.010,0.931,0.059
332500,0.010,0.920,0.070
333000,0.010,0.917,0.073
333500,0.010,0.942,0.048
334000,0.010,0.984,0.006
334500,0.010,0.932,0.058
335000,0.010,0.939,0.051
335500,0.010,0.956,0.034
336000,0.010,0.962,0.028
336500,0.010,0.946,0.044
337000,0.010,0.951,0.039
337500,0.010,0.973,0.017
338000,0.010,0.934,0.055
338500,0.010,0.934,0.056
339000,0.010,0.969,0.021
339500,0.010,0.976,0.014
340000,0.010,0.966,0.024
340500,0.010,0.969,0.021
341000,0.010,0.929,0.060
341500,0.010,0.954,0.036
342000,0.010,0.933,0.056
342500,0.010,0.954,0.036
343000,0.010,0.925,0.065
343500,0.010,0.944,0.046
344000,0.010,0.934,0.056
344500,0.010,0.924,0.066
345000,0.010,0.933,0.057
345500,0.010,0.883,0.107
346000,0.010,0.920,0.070
346500,0.010,0.913,0.077
347000,0.010,0.887,0.103
347500,0.010,0.934,0.056
348000,0.010,0.928,0.061
348500,0.010,0.945,0.045
349000,0.010,0.981,0.009
349500,0.010,0.937,0.053
350000,0.010,0.944,0.046
350500,0.010,0.944,0.046
351000,0.010,0.940,0.050
351500,0.010,0.900,0.090
352000,0.010,0.921,0.069
352500,0.010,0.941,0.049
353000,0.010,0.928,0.062
353500,0.010,0.951,0.039
354000,0.010,0.905,0.085
354500,0.010,0.923,0.067
355000,0.010,0.912,0.078
355500,0.010,0.912,0.078
356000,0.010,0.927,0.063
356500,0.010,0.947,0.043
357000,0.010,0.892,0.098
357500,0.010,0.933,0.056
358000,0.010,0.891,0.099
358500,0.010,0.899,0.091
359000,0.010,0.953,0.037
359500,0.010,0.961,0.029
360000,0.010,0.891,0.099
360500,0.010,0.951,0.039
361000,0.010,0.931,0.059
361500,0.010,0.915,0.075
362000,0.010,0.952,0.038
362500,0.010,0.939,0.051
363000,0.010,0.967,0.023
363500,0.010,0.943,0.047
364000,0.010,0.928,0.062
364500,0.010,0.955,0.035
365000,0.010,0.876,0.114
365500,0.010,0.862,0.128
366000,0.010,0.872,0.118
366500,0.010,0.930,0.060
367000,0.010,0.889,0.101
367500,0.010,0.882,0.108
368000,0.010,0.839,0.151
368500,0.010,0.896,0.094
369000,0.010,0.922,0.068
369500,0.010,0.938,0.052
370000,0.010,0.908,0.082
370500,0.010,0.877,0.113
371000,0.010,0.926,0.064
371500,0.010,0.915,0.075
372000,0.010,0.939,0.051
372500,0.010,0.939,0.051
373000,0.010,0.941,0.049
373500,0.010,0.930,0.059
374000,0.010,0.931,0.059
374500,0.010,0.903,0.087
375000,0.010,0.906,0.084
375500,0.010,0.930,0.059
376000,0.010,0.963,0.027
376500,0.010,0.961,0.029
377000,0.010,0.943,0.047
377500,0.010,0.977,0.013
378000,0.010,0.903,0.087
378500,0.010,0.936,0.053
379000,0.010,0.961,0.029
379500,0.010,0.917,0.073
380000,0.010,0.857,0.133
380500,0.010,0.876,0.114
381000,0.010,0.888,0.102
381500,0.010,0.934,0.055
382000,0.010,0.963,0.027
382500,0.010,0.921,0.069
383000,0.010,0.933,0.057
383500,0.010,0.948,0.042
384000,0.010,0.913,0.077
384500,0.010,0.910,0.080
385000,0.010,0.909,0.081
385500,0.010,0.908,0.082
386000,0.010,0.942,0.048
386500,0.010,0.887,0.103
387000,0.010,0.930,0.060
387500,0.010,0.952,0.038
388000,0.010,0.945,0.045
388500,0.010,0.958,0.032
389000,0.010,0.924,0.066
389500,0.010,0.906,0.084
390000,0.010,0.915,0.075
390500,0.010,0.946,0.044
391000,0.010,0.951,0.039
391500,0.010,0.944,0.046
392000,0.010,0.943,0.047
392500,0.010,0.878,0.112
393000,0.010,0.933,0.057
393500,0.010,0.964,0.026
394000,0.010,0.902,0.088
394500,0.010,0.920,0.070
395000,0.010,0.923,0.067
395500,0.010,0.963,0.027
396000,0.010,0.953,0.037
396500,0.010,0.954,0.036
397000,0.010,0.952,0.038
397500,0.010,0.974,0.016
398000,0.010,0.967,0.023
398500,0.010,0.959,0.031
399000,0.010,0.920,0.070
399500,0.010,0.887,0.103
400000,0.010,0.911,0.079
400500,0.010,0.945,0.045
401000,0.010,0.927,0.063
401500,0.010,0.905,0.085
402000,0.010,0.924,0.066
402500,0.010,0.929,0.061
403000,0.010,0.920,0.070
403500,0.010,0.888,0.102
404000,0.010,0.910,0.080
404500,0.010,0.933,0.056
405000,0.010,0.905,0.085
405500,0.010,0.974,0.016
406000,0.010,0.946,0.044
406500,0.010,0.914,0.076
407000,0.010,0.939,0.051
407500,0.010,0.970,0.020
408000,0.010,0.925,0.065
408500,0.010,0.922,0.068
409000,0.010,0.894,0.096
409500,0.010,0.943,0.047
410000,0.010,0.910,0.080
410500,0.010,0.960,0.030
411000,0.010,0.968,0.022
411500,0.010,0.942,0.048
412000,0.010,0.931,0.059
412500,0.010,0.941,0.049
413000,0.010,0.933,0.056
413500,0.010,0.942,0.048
414000,0.010,0.958,0.032
414500,0.010,0.931,0.058
415000,0.010,0.898,0.092
415500,0.010,0.818,0.172
416000,0.010,0.904,0.086
416500,0.010,0.923,0.067
417000,0.010,0.919,0.071
417500,0.010,0.892,0.098
418000,0.010,0.940,0.050
418500,0.010,0.950,0.040
419000,0.010,0.940,0.050
419500,0.010,0.960,0.030
420000,0.010,0.917,0.073
420500,0.010,0.852,0.138
421000,0.010,0.903,0.087
421500,0.010,0.935,0.054
422000,0.010,0.890,0.100
422500,0.010,0.893,0.097
423000,0.010,0.879,0.111
423500,0.010,0.942,0.048
424000,0.010,0.945,0.045
424500,0.010,0.947,0.043
425000,0.010,0.954,0.036
425500,0.010,0.938,0.052
426000,0.010,0.933,0.056
426500,0.010,0.960,0.030
427000,0.010,0.962,0.028
427500,0.010,0.952,0.038
428000,0.010,0.938,0.052
428500,0.010,0.908,0.082
429000,0.010,0.884,0.106
429500,0.010,0.901,0.089
430000,0.010,0.957,0.033
430500,0.010,0.961,0.029
431000,0.010,0.955,0.035
431500,0.010,0.953,0.037
432000,0.010,0.930,0.060
432500,0.010,0.953,0.037
433000,0.010,0.966,0.024
433500,0.010,0.931,0.059
434000,0.010,0.963,0.027
434500,0.010,0.960,0.030
435000,0.010,0.952,0.038
435500,0.010,0.980,0.010
436000,0.010,0.947,0.043
436500,0.010,0.884,0.106
437000,0.010,0.942,0.048
437500,0.010,0.883,0.107
438000,0.010,0.951,0.039
438500,0.010,0.958,0.032
439000,0.010,0.980,0.010
439500,0.010,0.939,0.051
440000,0.010,0.944,0.046
440500,0.010,0.929,0.061
441000,0.010,0.951,0.039
441500,0.010,0.963,0.027
442000,0.010,0.958,0.032
442500,0.010,0.928,0.062
443000,0.010,0.840,0.150
443500,0.010,0.898,0.092
444000,0.010,0.853,0.137
444500,0.010,0.870,0.120
445000,0.010,0.888,0.102
445500,0.010,0.897,0.093
446000,0.010,0.899,0.091
446500,0.010,0.931,0.059
447000,0.010,0.925,0.065
447500,0.010,0.935,0.055
448000,0.010,0.889,0.101
448500,0.010,0.915,0.075
449000,0.010,0.920,0.070
449500,0.010,0.885,0.105
450000,0.010,0.929,0.061
450500,0.010,0.887,0.103
451000,0.010,0.915,0.075
451500,0.010,0.941,0.049
452000,0.010,0.936,0.053
452500,0.010,0.924,0.066
453000,0.010,0.950,0.040
453500,0.010,0.953,0.037
454000,0.010,0.948,0.042
454500,0.010,0.928,0.061
455000,0.010,0.953,0.037
455500,0.010,0.978,0.012
456000,0.010,0.957,0.033
456500,0.010,0.926,0.064
457000,0.010,0.928,0.061
457500,0.010,0.933,0.057
458000,0.010,0.959,0.031
458500,0.010,0.947,0.043
459000,0.010,0.935,0.054
459500,0.010,0.919,0.071
460000,0.010,0.934,0.055
460500,0.010,0.943,0.047
461000,0.010,0.952,0.038
461500,0.010,0.967,0.023
462000,0.010,0.968,0.022
462500,0.010,0.952,0.038
463000,0.010,0.903,0.087
463500,0.010,0.906,0.084
464000,0.010,0.943,0.047
464500,0.010,0.871,0.119
465000,0.010,0.921,0.069
465500,0.010,0.939,0.051
466000,0.010,0.935,0.054
466500,0.010,0.978,0.012
467000,0.010,0.937,0.053
467500,0.010,0.969,0.021
468000,0.010,0.931,0.058
468500,0.010,0.944,0.046
469000,0.010,0.961,0.029
469500,0.010,0.983,0.007
470000,0.010,0.959,0.031
470500,0.010,0.951,0.039
471000,0.010,0.971,0.019
471500,0.010,0.975,0.015
472000,0.010,0.891,0.099
472500,0.010,0.900,0.090
473000,0.010,0.936,0.053
473500,0.010,0.944,0.046
474000,0.010,0.939,0.051
474500,0.010,0.960,0.030
475000,0.010,0.911,0.079
475500,0.010,0.931,0.059
476000,0.010,0.953,0.037
476500,0.010,0.927,0.063
477000,0.010,0.947,0.043
477500,0.010,0.947,0.043
478000,0.010,0.940,0.050
478500,0.010,0.952,0.038
479000,0.010,0.936,0.053
479500,0.010,0.927,0.062
480000,0.010,0.957,0.033
480500,0.010,0.956,0.034
481000,0.010,0.895,0.095
481500,0.010,0.935,0.054
482000,0.010,0.929,0.060
482500,0.010,0.940,0.050
483000,0.010,0.931,0.059
483500,0.010,0.952,0.038
484000,0.010,0.966,0.024
484500,0.010,0.968,0.022
485000,0.010,0.932,0.057
485500,0.010,0.945,0.045
486000,0.010,0.913,0.077
486500,0.010,0.915,0.075
487000,0.010,0.961,0.029
487500,0.010,0.942,0.048
488000,0.010,0.948,0.042
488500,0.010,0.957,0.033
489000,0.010,0.935,0.054
489500,0.010,0.958,0.032
490000,0.010,0.953,0.037
490500,0.010,0.905,0.085
491000,0.010,0.900,0.090
491500,0.010,0.943,0.047
492000,0.010,0.942,0.048
492500,0.010,0.934,0.056
493000,0.010,0.913,0.077
493500,0.010,0.892,0.098
494000,0.010,0.950,0.040
494500,0.010,0.970,0.020
495000,0.010,0.943,0.047
495500,0.010,0.937,0.053
496000,0.010,0.927,0.063
496500,0.010,0.958,0.032
497000,0.010,0.937,0.053
497500,0.010,0.953,0.037
498000,0.010,0.919,0.071
498500,0.010,0.948,0.042
499000,0.010,0.929,0.060
499500,0.010,0.928,0.062
500000,0.010,0.898,0.092
500500,0.010,0.929,0.061
501000,0.010,0.926,0.064
501500,0.010,0.917,0.073
502000,0.010,0.941,0.049
502500,0.010,0.976,0.014
503000,0.010,0.961,0.029
503500,0.010,0.964,0.026
504000,0.010,0.905,0.085
504500,0.010,0.903,0.087
505000,0.010,0.937,0.053
505500,0.010,0.953,0.037
506000,0.010,0.913,0.077
506500,0.010,0.867,0.123
507000,0.010,0.913,0.077
507500,0.010,0.962,0.028
508000,0.010,0.960,0.030
508500,0.010,0.975,0.015
509000,0.010,0.980,0.010
509500,0.010,0.931,0.058
510000,0.010,0.911,0.079
510500,0.010,0.925,0.065
511000,0.010,0.930,0.060
511500,0.010,0.898,0.092
512000,0.010,0.849,0.141
512500,0.010,0.904,0.086
513000,0.010,0.911,0.079
513500,0.010,0.944,0.046
514000,0.010,0.920,0.070
514500,0.010,0.901,0.089
515000,0.010,0.938,0.052
515500,0.010,0.955,0.035
516000,0.010,0.940,0.050
516500,0.010,0.936,0.053
517000,0.010,0.953,0.037
517500,0.010,0.959,0.031
518000,0.010,0.950,0.040
518500,0.010,0.926,0.064
519000,0.010,0.960,0.030
519500,0.010,0.930,0.059
520000,0.010,0.954,0.036
520500,0.010,0.953,0.037
521000,0.010,0.941,0.049
521500,0.010,0.957,0.033
522000,0.010,0.941,0.049
522500,0.010,0.946,0.044
523000,0.010,0.913,0.077
523500,0.010,0.928,0.061
524000,0.010,0.940,0.050
524500,0.010,0.963,0.027
525000,0.010,0.909,0.081
525500,0.010,0.898,0.092
526000,0.010,0.904,0.086
526500,0.010,0.883,0.107
527000,0.010,0.905,0.085
527500,0.010,0.900,0.090
528000,0.010,0.964,0.026
528500,0.010,0.966,0.024
529000,0.010,0.957,0.033
529500,0.010,0.940,0.050
530000,0.010,0.939,0.051
530500,0.010,0.906,0.084
531000,0.010,0.949,0.041
531500,0.010,0.959,0.031
532000,0.010,0.901,0.089
532500,0.010,0.947,0.043
533000,0.010,0.951,0.039
533500,0.010,0.918,0.072
534000,0.010,0.894,0.096
534500,0.010,0.900,0.090
535000,0.010,0.940,0.050
535500,0.010,0.957,0.033
536000,0.010,0.922,0.068
536500,0.010,0.873,0.117
537000,0.010,0.919,0.071
537500,0.010,0.954,0.036
538000,0.010,0.882,0.108
538500,0.010,0.961,0.029
539000,0.010,0.900,0.090
539500,0.010,0.942,0.048
540000,0.010,0.944,0.046
540500,0.010,0.902,0.088
541000,0.010,0.949,0.041
541500,0.010,0.920,0.070
542000,0.010,0.928,0.062
542500,0.010,0.962,0.028
543000,0.010,0.915,0.075
543500,0.010,0.944,0.046
544000,0.010,0.899,0.091
544500,0.010,0.935,0.054
545000,0.010,0.923,0.067
545500,0.010,0.930,0.060
546000,0.010,0.924,0.066
546500,0.010,0.907,0.083
547000,0.010,0.948,0.042
547500,0.010,0.901,0.089
548000,0.010,0.935,0.055
548500,0.010,0.951,0.039
549000,0.010,0.954,0.036
549500,0.010,0.957,0.033
550000,0.010,0.959,0.031
550500,0.010,0.904,0.086
551000,0.010,0.948,0.042
551500,0.010,0.938,0.052
552000,0.010,0.921,0.069
552500,0.010,0.902,0.088
553000,0.010,0.899,0.091
553500,0.010,0.904,0.086
554000,0.010,0.935,0.055
554500,0.010,0.935,0.055
555000,0.010,0.951,0.039
555500,0.010,0.906,0.084
556000,0.010,0.935,0.055
556500,0.010,0.918,0.072
557000,0.010,0.902,0.088
557500,0.010,0.903,0.087
558000,0.010,0.909,0.081
558500,0.010,0.912,0.078
559000,0.010,0.901,0.089
559500,0.010,0.938,0.052
560000,0.010,0.881,0.109
560500,0.010,0.936,0.054
561000,0.010,0.964,0.026
561500,0.010,0.965,0.025
562000,0.010,0.961,0.029
562500,0.010,0.939,0.051
563000,0.010,0.926,0.064
563500,0.010,0.936,0.054
564000,0.010,0.940,0.050
564500,0.010,0.963,0.027
565000,0.010,0.962,0.028
565500,0.010,0.977,0.013
566000,0.010,0.974,0.016
566500,0.010,0.922,0.068
567000,0.010,0.888,0.102
567500,0.010,0.875,0.115
568000,0.010,0.922,0.068
568500,0.010,0.939,0.051
569000,0.010,0.980,0.010
569500,0.010,0.974,0.016
570000,0.010,0.978,0.012
570500,0.010,0.942,0.048
571000,0.010,0.944,0.046
571500,0.010,0.950,0.040
572000,0.010,0.909,0.081
572500,0.010,0.899,0.091
573000,0.010,0.923,0.067
573500,0.010,0.919,0.071
574000,0.010,0.903,0.087
574500,0.010,0.914,0.076
575000,0.010,0.941,0.049
575500,0.010,0.904,0.086
576000,0.010,0.914,0.076
576500,0.010,0.907,0.083
577000,0.010,0.880,0.110
577500,0.010,0.949,0.041
578000,0.010,0.911,0.079
578500,0.010,0.885,0.105
579000,0.010,0.872,0.118
579500,0.010,0.884,0.106
580000,0.010,0.861,0.129
580500,0.010,0.899,0.091
581000,0.010,0.913,0.077
581500,0.010,0.920,0.070
582000,0.010,0.911,0.079
582500,0.010,0.882,0.108
583000,0.010,0.904,0.086
583500,0.010,0.942,0.048
584000,0.010,0.911,0.079
584500,0.010,0.922,0.068
585000,0.010,0.926,0.064
585500,0.010,0.909,0.081
586000,0.010,0.930,0.059
586500,0.010,0.923,0.067
587000,0.010,0.968,0.022
587500,0.010,0.949,0.041
588000,0.010,0.948,0.042
588500,0.010,0.951,0.039
589000,0.010,0.914,0.076
589500,0.010,0.944,0.046
590000,0.010,0.888,0.102
590500,0.010,0.858,0.132
591000,0.010,0.913,0.077
591500,0.010,0.914,0.076
592000,0.010,0.935,0.055
592500,0.010,0.959,0.031
593000,0.010,0.964,0.026
593500,0.010,0.959,0.031
594000,0.010,0.915,0.075
594500,0.010,0.878,0.112
595000,0.010,0.828,0.162
595500,0.010,0.900,0.090
596000,0.010,0.890,0.100
596500,0.010,0.899,0.091
597000,0.010,0.936,0.054
597500,0.010,0.948,0.042
598000,0.010,0.935,0.054
598500,0.010,0.936,0.053
599000,0.010,0.947,0.043
599500,0.010,0.981,0.009
600000,0.010,0.977,0.013
600500,0.010,0.945,0.045
601000,0.010,0.951,0.039
601500,0.010,0.966,0.024
602000,0.010,0.953,0.037
602500,0.010,0.945,0.045
603000,0.010,0.952,0.038
603500,0.010,0.943,0.047
604000,0.010,0.954,0.036
604500,0.010,0.928,0.061
605000,0.010,0.931,0.059
605500,0.010,0.951,0.039
606000,0.010,0.940,0.050
606500,0.010,0.927,0.062
607000,0.010,0.928,0.061
607500,0.010,0.904,0.086
608000,0.010,0.940,0.050
608500,0.010,0.913,0.077
609000,0.010,0.901,0.089
609500,0.010,0.896,0.094
610000,0.010,0.919,0.071
610500,0.010,0.874,0.116
611000,0.010,0.883,0.107
611500,0.010,0.880,0.110
612000,0.010,0.933,0.057
612500,0.010,0.893,0.097
613000,0.010,0.959,0.031
613500,0.010,0.968,0.022
614000,0.010,0.931,0.058
614500,0.010,0.957,0.033
615000,0.010,0.967,0.023
615500,0.010,0.944,0.046
616000,0.010,0.973,0.017
616500,0.010,0.960,0.030
617000,0.010,0.927,0.063
617500,0.010,0.961,0.029
618000,0.010,0.956,0.034
618500,0.010,0.938,0.052
619000,0.010,0.906,0.084
619500,0.010,0.974,0.016
620000,0.010,0.972,0.018
620500,0.010,0.981,0.009
621000,0.010,0.919,0.071
621500,0.010,0.852,0.138
622000,0.010,0.883,0.107
622500,0.010,0.920,0.070
623000,0.010,0.920,0.070
623500,0.010,0.963,0.027
624000,0.010,0.951,0.039
624500,0.010,0.910,0.080
625000,0.010,0.917,0.073
625500,0.010,0.929,0.060
626000,0.010,0.940,0.050
626500,0.010,0.946,0.044
627000,0.010,0.900,0.090
627500,0.010,0.937,0.053
628000,0.010,0.955,0.035
628500,0.010,0.940,0.050
629000,0.010,0.955,0.035
629500,0.010,0.928,0.061
630000,0.010,0.870,0.120
630500,0.010,0.962,0.028
631000,0.010,0.957,0.033
631500,0.010,0.947,0.043
632000,0.010,0.935,0.054
632500,0.010,0.956,0.034
633000,0.010,0.924,0.066
633500,0.010,0.938,0.052
634000,0.010,0.944,0.046
634500,0.010,0.924,0.066
635000,0.010,0.908,0.082
635500,0.010,0.906,0.084
636000,0.010,0.933,0.056
636500,0.010,0.961,0.029
637000,0.010,0.897,0.093
637500,0.010,0.901,0.089
638000,0.010,0.958,0.032
638500,0.010,0.936,0.054
639000,0.010,0.934,0.055
639500,0.010,0.968,0.022
640000,0.010,0.961,0.029
640500,0.010,0.892,0.098
641000,0.010,0.925,0.065
641500,0.010,0.858,0.132
642000,0.010,0.871,0.119
642500,0.010,0.931,0.058
643000,0.010,0.903,0.087
643500,0.010,0.929,0.060
644000,0.010,0.932,0.058
644500,0.010,0.959,0.031
645000,0.010,0.928,0.062
645500,0.010,0.909,0.081
646000,0.010,0.908,0.082
646500,0.010,0.930,0.059
647000,0.010,0.924,0.066
647500,0.010,0.890,0.100
648000,0.010,0.910,0.080
648500,0.010,0.904,0.086
649000,0.010,0.946,0.044
649500,0.010,0.963,0.027
650000,0.010,0.953,0.037
650500,0.010,0.911,0.079
651000,0.010,0.970,0.020
651500,0.010,0.953,0.037
652000,0.010,0.974,0.016
652500,0.010,0.965,0.025
653000,0.010,0.988,0.002
653500,0.010,0.962,0.028
654000,0.010,0.963,0.027
654500,0.010,0.978,0.012
655000,0.010,0.976,0.014
655500,0.010,0.970,0.020
656000,0.010,0.925,0.065
656500,0.010,0.897,0.093
657000,0.010,0.932,0.057
657500,0.010,0.916,0.074
658000,0.010,0.878,0.112
658500,0.010,0.882,0.108
659000,0.010,0.919,0.071
659500,0.010,0.887,0.103
660000,0.010,0.919,0.071
660500,0.010,0.936,0.054
661000,0.010,0.950,0.040
661500,0.010,0.949,0.041
662000,0.010,0.919,0.071
662500,0.010,0.946,0.044
663000,0.010,0.938,0.052
663500,0.010,0.904,0.086
664000,0.010,0.938,0.052
664500,0.010,0.954,0.036
665000,0.010,0.973,0.017
665500,0.010,0.937,0.053
666000,0.010,0.903,0.087
666500,0.010,0.897,0.093
667000,0.010,0.898,0.092
667500,0.010,0.905,0.085
668000,0.010,0.947,0.043
668500,0.010,0.920,0.070
669000,0.010,0.905,0.085
669500,0.010,0.880,0.110
670000,0.010,0.917,0.073
670500,0.010,0.968,0.022
671000,0.010,0.937,0.053
671500,0.010,0.879,0.111
672000,0.010,0.914,0.076
672500,0.010,0.907,0.083
673000,0.010,0.944,0.046
673500,0.010,0.948,0.042
674000,0.010,0.960,0.030
674500,0.010,0.955,0.035
675000,0.010,0.956,0.034
675500,0.010,0.953,0.037
676000,0.010,0.941,0.049
676500,0.010,0.904,0.086
677000,0.010,0.899,0.091
677500,0.010,0.899,0.091
678000,0.010,0.877,0.113
678500,0.010,0.910,0.080
679000,0.010,0.914,0.076
679500,0.010,0.818,0.172
680000,0.010,0.872,0.118
680500,0.010,0.935,0.055
681000,0.010,0.881,0.109
681500,0.010,0.870,0.120
682000,0.010,0.915,0.075
682500,0.010,0.950,0.040
683000,0.010,0.965,0.025
683500,0.010,0.948,0.042
684000,0.010,0.892,0.098
684500,0.010,0.966,0.024
685000,0.010,0.917,0.073
685500,0.010,0.929,0.060
686000,0.010,0.942,0.048
686500,0.010,0.948,0.042
687000,0.010,0.932,0.058
687500,0.010,0.821,0.169
688000,0.010,0.896,0.094
688500,0.010,0.922,0.068
689000,0.010,0.882,0.108
689500,0.010,0.898,0.092
690000,0.010,0.914,0.076
690500,0.010,0.889,0.101
691000,0.010,0.860,0.130
691500,0.010,0.882,0.108
692000,0.010,0.928,0.062
692500,0.010,0.957,0.033
693000,0.010,0.905,0.085
693500,0.010,0.919,0.071
694000,0.010,0.954,0.036
694500,0.010,0.914,0.076
695000,0.010,0.913,0.077
695500,0.010,0.946,0.044
696000,0.010,0.954,0.036
696500,0.010,0.925,0.065
697000,0.010,0.930,0.060
697500,0.010,0.873,0.117
698000,0.010,0.948,0.042
698500,0.010,0.917,0.073
699000,0.010,0.909,0.081
699500,0.010,0.914,0.076
700000,0.010,0.916,0.074
700500,0.010,0.924,0.066
701000,0.010,0.914,0.076
701500,0.010,0.880,0.110
702000,0.010,0.911,0.079
702500,0.010,0.944,0.046
703000,0.010,0.918,0.072
703500,0.010,0.926,0.064
704000,0.010,0.951,0.039
704500,0.010,0.960,0.030
705000,0.010,0.968,0.022
705500,0.010,0.957,0.033
706000,0.010,0.946,0.044
706500,0.010,0.962,0.028
707000,0.010,0.923,0.067
707500,0.010,0.935,0.054
708000,0.010,0.958,0.032
708500,0.010,0.974,0.016
709000,0.010,0.976,0.014
709500,0.010,0.971,0.019
710000,0.010,0.968,0.022
710500,0.010,0.939,0.051
711000,0.010,0.973,0.017
711500,0.010,0.924,0.066
712000,0.010,0.863,0.127
712500,0.010,0.893,0.097
713000,0.010,0.890,0.100
713500,0.010,0.909,0.081
714000,0.010,0.951,0.039
714500,0.010,0.973,0.017
715000,0.010,0.947,0.043
715500,0.010,0.953,0.037
716000,0.010,0.964,0.026
716500,0.010,0.908,0.082
717000,0.010,0.914,0.076
717500,0.010,0.968,0.022
718000,0.010,0.883,0.107
718500,0.010,0.925,0.065
719000,0.010,0.869,0.121
719500,0.010,0.915,0.075
720000,0.010,0.945,0.045
720500,0.010,0.944,0.046
721000,0.010,0.956,0.034
721500,0.010,0.953,0.037
722000,0.010,0.947,0.043
722500,0.010,0.909,0.081
723000,0.010,0.959,0.031
723500,0.010,0.954,0.036
724000,0.010,0.906,0.084
724500,0.010,0.880,0.110
725000,0.010,0.913,0.077
725500,0.010,0.875,0.115
726000,0.010,0.873,0.117
726500,0.010,0.849,0.141
727000,0.010,0.896,0.094
727500,0.010,0.863,0.127
728000,0.010,0.894,0.096
728500,0.010,0.879,0.111
729000,0.010,0.899,0.091
729500,0.010,0.943,0.047
730000,0.010,0.940,0.050
730500,0.010,0.931,0.059
731000,0.010,0.957,0.033
731500,0.010,0.960,0.030
732000,0.010,0.941,0.049
732500,0.010,0.941,0.049
733000,0.010,0.976,0.014
733500,0.010,0.933,0.057
734000,0.010,0.903,0.087
734500,0.010,0.913,0.077
735000,0.010,0.902,0.088
735500,0.010,0.948,0.042
736000,0.010,0.975,0.015
736500,0.010,0.925,0.065
737000,0.010,0.968,0.022
737500,0.010,0.962,0.028
738000,0.010,0.955,0.035
738500,0.010,0.941,0.049
739000,0.010,0.942,0.048
739500,0.010,0.900,0.090
740000,0.010,0.928,0.062
740500,0.010,0.929,0.061
741000,0.010,0.926,0.064
741500,0.010,0.911,0.079
742000,0.010,0.918,0.072
742500,0.010,0.896,0.094
743000,0.010,0.910,0.080
743500,0.010,0.961,0.029
744000,0.010,0.910,0.080
744500,0.010,0.967,0.023
745000,0.010,0.890,0.100
745500,0.010,0.922,0.068
746000,0.010,0.884,0.106
746500,0.010,0.922,0.068
747000,0.010,0.879,0.111
747500,0.010,0.922,0.068
748000,0.010,0.885,0.105
748500,0.010,0.887,0.103
749000,0.010,0.947,0.043
749500,0.010,0.927,0.062
750000,0.010,0.955,0.035
750500,0.010,0.916,0.074
751000,0.010,0.940,0.050
751500,0.010,0.936,0.054
752000,0.010,0.939,0.051
752500,0.010,0.951,0.039
753000,0.010,0.904,0.086
753500,0.010,0.887,0.103
754000,0.010,0.939,0.051
754500,0.010,0.930,0.060
755000,0.010,0.966,0.024
755500,0.010,0.955,0.035
756000,0.010,0.966,0.024
756500,0.010,0.957,0.033
757000,0.010,0.925,0.065
757500,0.010,0.959,0.031
758000,0.010,0.981,0.009
758500,0.010,0.965,0.025
759000,0.010,0.979,0.011
759500,0.010,0.948,0.042
760000,0.010,0.957,0.033
760500,0.010,0.979,0.011
761000,0.010,0.969,0.021
761500,0.010,0.933,0.057
762000,0.010,0.896,0.094
762500,0.010,0.946,0.044
763000,0.010,0.920,0.070
763500,0.010,0.910,0.080
764000,0.010,0.940,0.050
764500,0.010,0.967,0.023
765000,0.010,0.939,0.051
765500,0.010,0.904,0.086
766000,0.010,0.879,0.111
766500,0.010,0.890,0.100
767000,0.010,0.933,0.057
767500,0.010,0.945,0.045
768000,0.010,0.961,0.029
768500,0.010,0.945,0.045
769000,0.010,0.960,0.030
769500,0.010,0.965,0.025
770000,0.010,0.970,0.020
770500,0.010,0.969,0.021
771000,0.010,0.938,0.052
771500,0.010,0.874,0.116
772000,0.010,0.930,0.060
772500,0.010,0.938,0.052
773000,0.010,0.903,0.087
773500,0.010,0.941,0.049
774000,0.010,0.959,0.031
774500,0.010,0.944,0.046
775000,0.010,0.959,0.031
775500,0.010,0.936,0.054
776000,0.010,0.860,0.130
776500,0.010,0.792,0.198
777000,0.010,0.869,0.121
777500,0.010,0.881,0.109
778000,0.010,0.875,0.115
778500,0.010,0.938,0.052
779000,0.010,0.950,0.040
779500,0.010,0.910,0.080
780000,0.010,0.926,0.064
780500,0.010,0.952,0.038
781000,0.010,0.978,0.012
781500,0.010,0.948,0.042
782000,0.010,0.928,0.062
782500,0.010,0.889,0.101
783000,0.010,0.918,0.072
783500,0.010,0.937,0.053
784000,0.010,0.966,0.024
784500,0.010,0.975,0.015
785000,0.010,0.955,0.035
785500,0.010,0.928,0.061
786000,0.010,0.938,0.052
786500,0.010,0.961,0.029
787000,0.010,0.945,0.045
787500,0.010,0.922,0.068
788000,0.010,0.930,0.059
788500,0.010,0.903,0.087
789000,0.010,0.936,0.053
789500,0.010,0.959,0.031
790000,0.010,0.909,0.081
790500,0.010,0.920,0.070
791000,0.010,0.890,0.100
791500,0.010,0.891,0.099
792000,0.010,0.930,0.059
792500,0.010,0.907,0.083
793000,0.010,0.932,0.058
793500,0.010,0.907,0.083
794000,0.010,0.959,0.031
794500,0.010,0.954,0.036
795000,0.010,0.943,0.047
795500,0.010,0.969,0.021
796000,0.010,0.918,0.072
796500,0.010,0.938,0.052
797000,0.010,0.946,0.044
797500,0.010,0.946,0.044
798000,0.010,0.923,0.067
798500,0.010,0.906,0.084
799000,0.010,0.921,0.069
799500,0.010,0.911,0.079
800000,0.010,0.888,0.102
800500,0.010,0.893,0.097
801000,0.010,0.942,0.048
801500,0.010,0.920,0.070
802000,0.010,0.889,0.101
802500,0.010,0.939,0.051
803000,0.010,0.903,0.087
803500,0.010,0.916,0.074
804000,0.010,0.935,0.055
804500,0.010,0.940,0.050
805000,0.010,0.935,0.054
805500,0.010,0.909,0.081
806000,0.010,0.938,0.052
806500,0.010,0.892,0.098
807000,0.010,0.917,0.073
807500,0.010,0.953,0.037
808000,0.010,0.964,0.026
808500,0.010,0.957,0.033
809000,0.010,0.936,0.053
809500,0.010,0.953,0.037
810000,0.010,0.959,0.031
810500,0.010,0.954,0.036
811000,0.010,0.971,0.019
811500,0.010,0.942,0.048
812000,0.010,0.941,0.049
812500,0.010,0.919,0.071
813000,0.010,0.919,0.071
813500,0.010,0.908,0.082
814000,0.010,0.957,0.033
814500,0.010,0.922,0.068
815000,0.010,0.931,0.059
815500,0.010,0.930,0.060
816000,0.010,0.941,0.049
816500,0.010,0.922,0.068
817000,0.010,0.932,0.057
817500,0.010,0.919,0.071
818000,0.010,0.922,0.068
818500,0.010,0.928,0.061
819000,0.010,0.938,0.052
819500,0.010,0.919,0.071
820000,0.010,0.920,0.070
820500,0.010,0.907,0.083
821000,0.010,0.845,0.145
821500,0.010,0.831,0.159
822000,0.010,0.840,0.150
822500,0.010,0.876,0.114
823000,0.010,0.948,0.042
823500,0.010,0.946,0.044
824000,0.010,0.970,0.020
824500,0.010,0.931,0.058
825000,0.010,0.945,0.045
825500,0.010,0.883,0.107
826000,0.010,0.919,0.071
826500,0.010,0.895,0.095
827000,0.010,0.901,0.089
827500,0.010,0.833,0.157
828000,0.010,0.866,0.124
828500,0.010,0.948,0.042
829000,0.010,0.975,0.015
829500,0.010,0.975,0.015
830000,0.010,0.938,0.052
830500,0.010,0.943,0.047
831000,0.010,0.924,0.066
831500,0.010,0.902,0.088
832000,0.010,0.909,0.081
832500,0.010,0.920,0.070
833000,0.010,0.900,0.090
833500,0.010,0.929,0.061
834000,0.010,0.901,0.089
834500,0.010,0.880,0.110
835000,0.010,0.957,0.033
835500,0.010,0.978,0.012
836000,0.010,0.949,0.041
836500,0.010,0.958,0.032
837000,0.010,0.926,0.064
837500,0.010,0.929,0.061
838000,0.010,0.966,0.024
838500,0.010,0.968,0.022
839000,0.010,0.942,0.048
839500,0.010,0.965,0.025
840000,0.010,0.925,0.065
840500,0.010,0.960,0.030
841000,0.010,0.931,0.058
841500,0.010,0.951,0.039
842000,0.010,0.919,0.071
842500,0.010,0.941,0.049
843000,0.010,0.920,0.070
843500,0.010,0.925,0.065
844000,0.010,0.965,0.025
844500,0.010,0.942,0.048
845000,0.010,0.972,0.018
845500,0.010,0.981,0.009
846000,0.010,0.977,0.013
846500,0.010,0.962,0.028
847000,0.010,0.925,0.065
847500,0.010,0.937,0.053
848000,0.010,0.947,0.043
848500,0.010,0.930,0.059
849000,0.010,0.959,0.031
849500,0.010,0.957,0.033
850000,0.010,0.956,0.034
850500,0.010,0.960,0.030
851000,0.010,0.929,0.061
851500,0.010,0.907,0.083
852000,0.010,0.958,0.032
852500,0.010,0.909,0.081
853000,0.010,0.866,0.124
853500,0.010,0.822,0.168
854000,0.010,0.869,0.121
854500,0.010,0.902,0.088
855000,0.010,0.899,0.091
855500,0.010,0.932,0.057
856000,0.010,0.943,0.047
856500,0.010,0.932,0.057
857000,0.010,0.948,0.042
857500,0.010,0.952,0.038
858000,0.010,0.940,0.050
858500,0.010,0.958,0.032
859000,0.010,0.960,0.030
859500,0.010,0.957,0.033
860000,0.010,0.953,0.037
860500,0.010,0.964,0.026
861000,0.010,0.944,0.046
861500,0.010,0.957,0.033
862000,0.010,0.930,0.059
862500,0.010,0.932,0.058
863000,0.010,0.908,0.082
863500,0.010,0.944,0.046
864000,0.010,0.963,0.027
864500,0.010,0.972,0.018
865000,0.010,0.969,0.021
865500,0.010,0.974,0.016
866000,0.010,0.933,0.056
866500,0.010,0.929,0.060
867000,0.010,0.960,0.030
867500,0.010,0.931,0.059
868000,0.010,0.945,0.045
868500,0.010,0.915,0.075
869000,0.010,0.902,0.088
869500,0.010,0.908,0.082
870000,0.010,0.912,0.078
870500,0.010,0.926,0.064
871000,0.010,0.906,0.084
871500,0.010,0.910,0.080
872000,0.010,0.897,0.093
872500,0.010,0.913,0.077
873000,0.010,0.919,0.071
873500,0.010,0.947,0.043
874000,0.010,0.924,0.066
874500,0.010,0.917,0.073
875000,0.010,0.940,0.050
875500,0.010,0.938,0.052
876000,0.010,0.973,0.017
876500,0.010,0.961,0.029
877000,0.010,0.903,0.087
877500,0.010,0.951,0.039
878000,0.010,0.939,0.051
878500,0.010,0.947,0.043
879000,0.010,0.906,0.084
879500,0.010,0.917,0.073
880000,0.010,0.924,0.066
880500,0.010,0.922,0.068
881000,0.010,0.924,0.066
881500,0.010,0.958,0.032
882000,0.010,0.972,0.018
882500,0.010,0.982,0.008
883000,0.010,0.954,0.036
883500,0.010,0.972,0.018
884000,0.010,0.953,0.037
884500,0.010,0.939,0.051
885000,0.010,0.920,0.070
885500,0.010,0.968,0.022
886000,0.010,0.937,0.053
886500,0.010,0.964,0.026
887000,0.010,0.947,0.043
887500,0.010,0.968,0.022
888000,0.010,0.908,0.082
888500,0.010,0.939,0.051
889000,0.010,0.899,0.091
889500,0.010,0.922,0.068
890000,0.010,0.940,0.050
890500,0.010,0.940,0.050
891000,0.010,0.931,0.059
891500,0.010,0.950,0.040
892000,0.010,0.929,0.061
892500,0.010,0.984,0.006
893000,0.010,0.957,0.033
893500,0.010,0.885,0.105
894000,0.010,0.892,0.098
894500,0.010,0.960,0.030
895000,0.010,0.971,0.019
895500,0.010,0.932,0.057
896000,0.010,0.866,0.124
896500,0.010,0.888,0.102
897000,0.010,0.884,0.106
897500,0.010,0.840,0.150
898000,0.010,0.883,0.107
898500,0.010,0.954,0.036
899000,0.010,0.967,0.023
899500,0.010,0.952,0.038
900000,0.010,0.966,0.024
900500,0.010,0.956,0.034
901000,0.010,0.943,0.047
901500,0.010,0.930,0.060
902000,0.010,0.963,0.027
902500,0.010,0.936,0.054
903000,0.010,0.905,0.085
903500,0.010,0.862,0.128
904000,0.010,0.895,0.095
904500,0.010,0.899,0.091
905000,0.010,0.935,0.054
905500,0.010,0.935,0.055
906000,0.010,0.952,0.038
906500,0.010,0.941,0.049
907000,0.010,0.932,0.057
907500,0.010,0.917,0.073
908000,0.010,0.874,0.116
908500,0.010,0.876,0.114
909000,0.010,0.870,0.120
909500,0.010,0.911,0.079
910000,0.010,0.900,0.090
910500,0.010,0.910,0.080
911000,0.010,0.900,0.090
911500,0.010,0.959,0.031
912000,0.010,0.952,0.038
912500,0.010,0.984,0.006
913000,0.010,0.970,0.020
913500,0.010,0.922,0.068
914000,0.010,0.940,0.050
914500,0.010,0.929,0.060
915000,0.010,0.961,0.029
915500,0.010,0.957,0.033
916000,0.010,0.888,0.102
916500,0.010,0.882,0.108
917000,0.010,0.915,0.075
917500,0.010,0.926,0.064
918000,0.010,0.955,0.035
918500,0.010,0.932,0.058
919000,0.010,0.978,0.012
919500,0.010,0.958,0.032
920000,0.010,0.972,0.018
920500,0.010,0.976,0.014
921000,0.010,0.941,0.049
921500,0.010,0.966,0.024
922000,0.010,0.894,0.096
922500,0.010,0.909,0.081
923000,0.010,0.934,0.056
923500,0.010,0.941,0.049
924000,0.010,0.958,0.032
924500,0.010,0.985,0.005
925000,0.010,0.933,0.057
925500,0.010,0.951,0.039
926000,0.010,0.893,0.097
926500,0.010,0.897,0.093
927000,0.010,0.943,0.047
927500,0.010,0.951,0.039
928000,0.010,0.912,0.078
928500,0.010,0.944,0.046
929000,0.010,0.946,0.044
929500,0.010,0.954,0.036
930000,0.010,0.915,0.075
930500,0.010,0.921,0.069
931000,0.010,0.929,0.061
931500,0.010,0.950,0.040
932000,0.010,0.914,0.076
932500,0.010,0.968,0.022
933000,0.010,0.919,0.071
933500,0.010,0.963,0.027
934000,0.010,0.961,0.029
934500,0.010,0.946,0.044
935000,0.010,0.911,0.079
935500,0.010,0.943,0.047
936000,0.010,0.946,0.044
936500,0.010,0.926,0.064
937000,0.010,0.919,0.071
937500,0.010,0.961,0.029
938000,0.010,0.953,0.037
938500,0.010,0.953,0.037
939000,0.010,0.950,0.040
939500,0.010,0.947,0.043
940000,0.010,0.947,0.043
940500,0.010,0.886,0.104
941000,0.010,0.906,0.084
941500,0.010,0.907,0.083
942000,0.010,0.965,0.025
942500,0.010,0.904,0.086
943000,0.010,0.930,0.059
943500,0.010,0.945,0.045
944000,0.010,0.923,0.067
944500,0.010,0.934,0.055
945000,0.010,0.921,0.069
945500,0.010,0.887,0.103
946000,0.010,0.922,0.068
946500,0.010,0.959,0.031
947000,0.010,0.963,0.027
947500,0.010,0.937,0.053
948000,0.010,0.960,0.030
948500,0.010,0.962,0.028
949000,0.010,0.956,0.034
949500,0.010,0.928,0.062
950000,0.010,0.971,0.019
950500,0.010,0.924,0.066
951000,0.010,0.964,0.026
951500,0.010,0.952,0.038
952000,0.010,0.976,0.014
952500,0.010,0.953,0.037
953000,0.010,0.917,0.073
953500,0.010,0.829,0.161
954000,0.010,0.925,0.065
954500,0.010,0.916,0.074
955000,0.010,0.876,0.114
955500,0.010,0.863,0.127
956000,0.010,0.893,0.097
956500,0.010,0.940,0.050
957000,0.010,0.976,0.014
957500,0.010,0.928,0.061
958000,0.010,0.941,0.049
958500,0.010,0.965,0.025
959000,0.010,0.964,0.026
959500,0.010,0.915,0.075
960000,0.010,0.933,0.057
960500,0.010,0.942,0.048
961000,0.010,0.955,0.035
961500,0.010,0.923,0.067
962000,0.010,0.910,0.080
962500,0.010,0.931,0.059
963000,0.010,0.899,0.091
963500,0.010,0.933,0.057
964000,0.010,0.890,0.100
964500,0.010,0.853,0.137
965000,0.010,0.895,0.095
965500,0.010,0.870,0.120
966000,0.010,0.895,0.095
966500,0.010,0.947,0.043
967000,0.010,0.935,0.055
967500,0.010,0.941,0.049
968000,0.010,0.944,0.046
968500,0.010,0.932,0.058
969000,0.010,0.961,0.029
969500,0.010,0.955,0.035
970000,0.010,0.923,0.067
970500,0.010,0.918,0.072
971000,0.010,0.914,0.076
971500,0.010,0.972,0.018
972000,0.010,0.925,0.065
972500,0.010,0.945,0.045
973000,0.010,0.938,0.052
973500,0.010,0.924,0.066
974000,0.010,0.958,0.032
974500,0.010,0.954,0.036
975000,0.010,0.940,0.050
975500,0.010,0.953,0.037
976000,0.010,0.953,0.037
976500,0.010,0.971,0.019
977000,0.010,0.974,0.016
977500,0.010,0.928,0.062
978000,0.010,0.921,0.069
978500,0.010,0.945,0.045
979000,0.010,0.915,0.075
979500,0.010,0.936,0.054
980000,0.010,0.864,0.126
980500,0.010,0.945,0.045
981000,0.010,0.933,0.057
981500,0.010,0.936,0.053
982000,0.010,0.917,0.073
982500,0.010,0.944,0.046
983000,0.010,0.953,0.037
983500,0.010,0.935,0.055
984000,0.010,0.913,0.077
984500,0.010,0.881,0.109
985000,0.010,0.895,0.095
985500,0.010,0.933,0.056
986000,0.010,0.932,0.057
986500,0.010,0.873,0.117
987000,0.010,0.906,0.084
987500,0.010,0.919,0.071
988000,0.010,0.950,0.040
988500,0.010,0.930,0.060
989000,0.010,0.930,0.059
989500,0.010,0.912,0.078
990000,0.010,0.943,0.047
990500,0.010,0.967,0.023
991000,0.010,0.980,0.010
991500,0.010,0.956,0.034
992000,0.010,0.945,0.045
992500,0.010,0.931,0.059
993000,0.010,0.866,0.124
993500,0.010,0.931,0.059
994000,0.010,0.880,0.110
994500,0.010,0.943,0.047
995000,0.010,0.962,0.028
995500,0.010,0.932,0.058
996000,0.010,0.918,0.072
996500,0.010,0.925,0.065
997000,0.010,0.938,0.052
997500,0.010,0.958,0.032
998000,0.010,0.985,0.005
998500,0.010,0.961,0.029
999000,0.010,0.965,0.025
999500,0.010,0.977,0.013
1000000,0.010,0.882,0.108
