time,n_A+p,n_B,n_AB
100,0.030,0.966,0.004
200,0.030,0.963,0.007
300,0.030,0.962,0.008
400,0.030,0.960,0.010
500,0.030,0.958,0.012
600,0.030,0.955,0.015
700,0.031,0.952,0.017
800,0.031,0.944,0.025
900,0.031,0.941,0.028
1000,0.031,0.939,0.030
1100,0.031,0.935,0.034
1200,0.033,0.933,0.034
1300,0.033,0.929,0.038
1400,0.032,0.928,0.040
1500,0.031,0.925,0.044
1600,0.031,0.924,0.045
1700,0.030,0.926,0.044
1800,0.030,0.927,0.043
1900,0.030,0.913,0.057
2000,0.030,0.911,0.059
2100,0.030,0.916,0.054
2200,0.030,0.911,0.059
2300,0.030,0.905,0.065
2400,0.030,0.906,0.064
2500,0.030,0.907,0.063
2600,0.030,0.899,0.071
2700,0.030,0.896,0.074
2800,0.031,0.897,0.072
2900,0.031,0.889,0.080
3000,0.031,0.885,0.084
3100,0.031,0.881,0.088
3200,0.031,0.870,0.099
3300,0.035,0.868,0.097
3400,0.035,0.863,0.102
3500,0.035,0.856,0.109
3600,0.035,0.845,0.120
3700,0.037,0.839,0.124
3800,0.036,0.830,0.134
3900,0.035,0.832,0.133
4000,0.034,0.831,0.135
4100,0.034,0.840,0.126
4200,0.036,0.837,0.127
4300,0.036,0.832,0.132
4400,0.039,0.833,0.128
4500,0.039,0.828,0.133
4600,0.037,0.824,0.139
4700,0.039,0.821,0.140
4800,0.036,0.812,0.152
4900,0.036,0.805,0.159
5000,0.038,0.795,0.167
5100,0.037,0.788,0.175
5200,0.042,0.782,0.176
5300,0.041,0.781,0.178
5400,0.040,0.785,0.175
5500,0.040,0.789,0.171
5600,0.041,0.782,0.177
5700,0.040,0.783,0.177
5800,0.044,0.787,0.169
5900,0.041,0.787,0.172
6000,0.042,0.778,0.180
6100,0.041,0.777,0.182
6200,0.039,0.780,0.181
6300,0.039,0.773,0.188
6400,0.042,0.773,0.185
6500,0.046,0.772,0.182
6600,0.044,0.772,0.184
6700,0.054,0.756,0.190
6800,0.053,0.751,0.196
6900,0.054,0.752,0.194
7000,0.053,0.745,0.202
7100,0.049,0.739,0.212
7200,0.052,0.734,0.214
7300,0.052,0.738,0.210
7400,0.050,0.743,0.207
7500,0.049,0.743,0.208
7600,0.054,0.740,0.206
7700,0.056,0.736,0.208
7800,0.059,0.733,0.208
7900,0.062,0.740,0.198
8000,0.061,0.738,0.201
8100,0.058,0.729,0.213
8200,0.055,0.727,0.218
8300,0.054,0.715,0.231
8400,0.052,0.716,0.232
8500,0.051,0.717,0.232
8600,0.053,0.725,0.222
8700,0.054,0.716,0.230
8800,0.050,0.709,0.241
8900,0.050,0.709,0.241
9000,0.054,0.705,0.241
9100,0.053,0.701,0.246
9200,0.060,0.696,0.244
9300,0.057,0.700,0.243
9400,0.057,0.705,0.238
9500,0.056,0.702,0.242
9600,0.057,0.702,0.241
9700,0.058,0.697,0.245
9800,0.056,0.693,0.251
9900,0.057,0.694,0.249
10000,0.065,0.693,0.242
10100,0.070,0.686,0.244
10200,0.070,0.699,0.231
10300,0.068,0.695,0.237
10400,0.069,0.692,0.239
10500,0.071,0.687,0.242
10600,0.077,0.678,0.245
10700,0.075,0.672,0.253
10800,0.073,0.671,0.256
10900,0.080,0.675,0.245
11000,0.076,0.672,0.252
11100,0.072,0.681,0.247
11200,0.075,0.679,0.246
11300,0.079,0.677,0.244
11400,0.081,0.677,0.242
11500,0.076,0.672,0.252
11600,0.076,0.664,0.260
11700,0.077,0.657,0.266
11800,0.070,0.653,0.277
11900,0.070,0.652,0.278
12000,0.076,0.665,0.259
12100,0.075,0.665,0.260
12200,0.080,0.646,0.274
12300,0.077,0.650,0.273
12400,0.079,0.647,0.274
12500,0.081,0.645,0.274
12600,0.079,0.644,0.277
12700,0.083,0.644,0.273
12800,0.091,0.637,0.272
12900,0.096,0.635,0.269
13000,0.088,0.632,0.280
13100,0.089,0.627,0.284
13200,0.085,0.612,0.303
13300,0.081,0.613,0.306
13400,0.082,0.607,0.311
13500,0.078,0.612,0.310
13600,0.076,0.614,0.310
13700,0.078,0.614,0.308
13800,0.078,0.618,0.304
13900,0.089,0.612,0.299
14000,0.095,0.621,0.284
14100,0.092,0.624,0.284
14200,0.092,0.631,0.277
14300,0.091,0.637,0.272
14400,0.095,0.635,0.270
14500,0.097,0.627,0.276
14600,0.105,0.630,0.265
14700,0.107,0.630,0.263
14800,0.107,0.634,0.259
14900,0.109,0.625,0.266
15000,0.115,0.615,0.270
15100,0.114,0.596,0.290
15200,0.118,0.594,0.288
15300,0.109,0.593,0.298
15400,0.108,0.585,0.307
15500,0.112,0.579,0.309
15600,0.115,0.582,0.303
15700,0.121,0.580,0.299
15800,0.116,0.576,0.308
15900,0.112,0.566,0.322
16000,0.117,0.556,0.327
16100,0.112,0.562,0.326
16200,0.113,0.571,0.316
16300,0.109,0.582,0.309
16400,0.110,0.571,0.319
16500,0.107,0.581,0.312
16600,0.107,0.585,0.308
16700,0.116,0.590,0.294
16800,0.114,0.591,0.295
16900,0.107,0.579,0.314
17000,0.108,0.587,0.305
17100,0.104,0.581,0.315
17200,0.104,0.578,0.318
17300,0.102,0.576,0.322
17400,0.104,0.576,0.320
17500,0.104,0.569,0.327
17600,0.107,0.561,0.332
17700,0.115,0.541,0.344
17800,0.116,0.537,0.347
17900,0.117,0.533,0.350
18000,0.113,0.525,0.362
18100,0.116,0.519,0.365
18200,0.120,0.523,0.357
18300,0.128,0.525,0.347
18400,0.131,0.524,0.345
18500,0.129,0.520,0.351
18600,0.141,0.522,0.337
18700,0.142,0.508,0.350
18800,0.151,0.500,0.349
18900,0.153,0.504,0.343
19000,0.157,0.498,0.345
19100,0.149,0.492,0.359
19200,0.158,0.478,0.364
19300,0.158,0.478,0.364
19400,0.153,0.473,0.374
19500,0.165,0.475,0.360
19600,0.160,0.471,0.369
19700,0.156,0.476,0.368
19800,0.162,0.482,0.356
19900,0.161,0.479,0.360
20000,0.163,0.487,0.350
20100,0.172,0.478,0.350
20200,0.181,0.487,0.332
20300,0.177,0.478,0.345
20400,0.168,0.491,0.341
20500,0.164,0.488,0.348
20600,0.157,0.478,0.365
20700,0.152,0.473,0.375
20800,0.151,0.479,0.370
20900,0.154,0.492,0.354
21000,0.141,0.497,0.362
21100,0.152,0.483,0.365
21200,0.145,0.482,0.373
21300,0.149,0.485,0.366
21400,0.140,0.486,0.374
21500,0.154,0.485,0.361
21600,0.159,0.492,0.349
21700,0.152,0.490,0.358
21800,0.144,0.480,0.376
21900,0.145,0.479,0.376
22000,0.146,0.477,0.377
22100,0.142,0.457,0.401
22200,0.142,0.477,0.381
22300,0.154,0.479,0.367
22400,0.153,0.472,0.375
22500,0.151,0.467,0.382
22600,0.163,0.471,0.366
22700,0.158,0.476,0.366
22800,0.161,0.472,0.367
22900,0.159,0.471,0.370
23000,0.147,0.482,0.371
23100,0.149,0.489,0.362
23200,0.146,0.482,0.372
23300,0.153,0.487,0.360
23400,0.153,0.493,0.354
23500,0.151,0.486,0.363
23600,0.157,0.487,0.356
23700,0.151,0.495,0.354
23800,0.150,0.486,0.364
23900,0.149,0.479,0.372
24000,0.143,0.484,0.373
24100,0.155,0.491,0.354
24200,0.157,0.491,0.352
24300,0.151,0.496,0.353
24400,0.150,0.494,0.356
24500,0.143,0.487,0.370
24600,0.148,0.482,0.370
24700,0.139,0.482,0.379
24800,0.134,0.493,0.373
24900,0.141,0.485,0.374
25000,0.152,0.491,0.357
25100,0.148,0.485,0.367
25200,0.150,0.476,0.374
25300,0.153,0.472,0.375
25400,0.156,0.475,0.369
25500,0.150,0.479,0.371
25600,0.152,0.491,0.357
25700,0.151,0.505,0.344
25800,0.168,0.497,0.335
25900,0.169,0.484,0.347
26000,0.178,0.469,0.353
26100,0.178,0.456,0.366
26200,0.174,0.463,0.363
26300,0.178,0.473,0.349
26400,0.170,0.464,0.366
26500,0.172,0.465,0.363
26600,0.175,0.455,0.370
26700,0.177,0.453,0.370
26800,0.193,0.451,0.356
26900,0.182,0.445,0.373
27000,0.192,0.446,0.362
27100,0.192,0.450,0.358
27200,0.192,0.440,0.368
27300,0.187,0.437,0.376
27400,0.182,0.422,0.396
27500,0.188,0.422,0.390
27600,0.198,0.414,0.388
27700,0.200,0.412,0.388
27800,0.201,0.408,0.391
27900,0.205,0.404,0.391
28000,0.207,0.412,0.381
28100,0.209,0.407,0.384
28200,0.197,0.411,0.392
28300,0.185,0.414,0.401
28400,0.192,0.400,0.408
28500,0.190,0.410,0.400
28600,0.202,0.397,0.401
28700,0.205,0.395,0.400
28800,0.201,0.383,0.416
28900,0.212,0.379,0.409
29000,0.217,0.363,0.420
29100,0.223,0.366,0.411
29200,0.222,0.362,0.416
29300,0.222,0.357,0.421
29400,0.230,0.348,0.422
29500,0.234,0.352,0.414
29600,0.230,0.345,0.425
29700,0.239,0.346,0.415
29800,0.248,0.337,0.415
29900,0.249,0.347,0.404
30000,0.264,0.360,0.376
30100,0.268,0.362,0.370
30200,0.266,0.354,0.380
30300,0.260,0.364,0.376
30400,0.254,0.371,0.375
30500,0.241,0.364,0.395
30600,0.251,0.358,0.391
30700,0.253,0.357,0.390
30800,0.269,0.349,0.382
30900,0.272,0.346,0.382
31000,0.271,0.344,0.385
31100,0.265,0.344,0.391
31200,0.265,0.343,0.392
31300,0.262,0.348,0.390
31400,0.275,0.341,0.384
31500,0.276,0.335,0.389
31600,0.275,0.323,0.402
31700,0.272,0.321,0.407
31800,0.268,0.317,0.415
31900,0.291,0.314,0.395
32000,0.282,0.317,0.401
32100,0.280,0.314,0.406
32200,0.281,0.319,0.400
32300,0.275,0.318,0.407
32400,0.274,0.321,0.405
32500,0.272,0.311,0.417
32600,0.277,0.309,0.414
32700,0.272,0.318,0.410
32800,0.276,0.323,0.401
32900,0.283,0.310,0.407
33000,0.277,0.315,0.408
33100,0.274,0.315,0.411
33200,0.267,0.314,0.419
33300,0.270,0.315,0.415
33400,0.281,0.308,0.411
33500,0.282,0.310,0.408
33600,0.290,0.314,0.396
33700,0.284,0.307,0.409
33800,0.284,0.309,0.407
33900,0.283,0.304,0.413
34000,0.290,0.291,0.419
34100,0.312,0.288,0.400
34200,0.301,0.307,0.392
34300,0.298,0.304,0.398
34400,0.292,0.306,0.402
34500,0.290,0.297,0.413
34600,0.284,0.297,0.419
34700,0.281,0.289,0.430
34800,0.289,0.291,0.420
34900,0.280,0.293,0.427
35000,0.287,0.279,0.434
35100,0.286,0.286,0.428
35200,0.285,0.273,0.442
35300,0.294,0.265,0.441
35400,0.302,0.273,0.425
35500,0.307,0.271,0.422
35600,0.317,0.268,0.415
35700,0.327,0.262,0.411
35800,0.328,0.262,0.410
35900,0.331,0.267,0.402
36000,0.333,0.260,0.407
36100,0.337,0.261,0.402
36200,0.326,0.259,0.415
36300,0.341,0.257,0.402
36400,0.342,0.258,0.400
36500,0.352,0.246,0.402
36600,0.353,0.253,0.394
36700,0.362,0.245,0.393
36800,0.363,0.241,0.396
36900,0.362,0.247,0.391
37000,0.361,0.243,0.396
37100,0.362,0.235,0.403
37200,0.354,0.230,0.416
37300,0.365,0.236,0.399
37400,0.362,0.227,0.411
37500,0.356,0.237,0.407
37600,0.366,0.241,0.393
37700,0.369,0.240,0.391
37800,0.363,0.236,0.401
37900,0.366,0.248,0.386
38000,0.365,0.255,0.380
38100,0.360,0.251,0.389
38200,0.355,0.247,0.398
38300,0.351,0.239,0.410
38400,0.352,0.239,0.409
38500,0.360,0.240,0.400
38600,0.376,0.231,0.393
38700,0.380,0.222,0.398
38800,0.384,0.226,0.390
38900,0.382,0.212,0.406
39000,0.381,0.211,0.408
39100,0.381,0.217,0.402
39200,0.374,0.217,0.409
39300,0.374,0.216,0.410
39400,0.374,0.222,0.404
39500,0.372,0.228,0.400
39600,0.376,0.232,0.392
39700,0.386,0.234,0.380
39800,0.384,0.227,0.389
39900,0.380,0.219,0.401
40000,0.379,0.217,0.404
40100,0.378,0.223,0.399
40200,0.386,0.211,0.403
40300,0.389,0.215,0.396
40400,0.382,0.218,0.400
40500,0.375,0.218,0.407
40600,0.368,0.210,0.422
40700,0.379,0.221,0.400
40800,0.390,0.214,0.396
40900,0.391,0.209,0.400
41000,0.393,0.204,0.403
41100,0.381,0.202,0.417
41200,0.371,0.206,0.423
41300,0.369,0.199,0.432
41400,0.371,0.197,0.432
41500,0.378,0.198,0.424
41600,0.384,0.194,0.422
41700,0.373,0.193,0.434
41800,0.386,0.193,0.421
41900,0.390,0.190,0.420
42000,0.371,0.197,0.432
42100,0.373,0.209,0.418
42200,0.380,0.208,0.412
42300,0.379,0.209,0.412
42400,0.379,0.201,0.420
42500,0.378,0.211,0.411
42600,0.397,0.202,0.401
42700,0.394,0.192,0.414
42800,0.389,0.188,0.423
42900,0.399,0.192,0.409
43000,0.403,0.188,0.409
43100,0.417,0.189,0.394
43200,0.425,0.191,0.384
43300,0.419,0.180,0.401
43400,0.429,0.176,0.395
43500,0.430,0.182,0.388
43600,0.418,0.193,0.389
43700,0.419,0.192,0.389
43800,0.421,0.187,0.392
43900,0.431,0.186,0.383
44000,0.425,0.193,0.382
44100,0.426,0.189,0.385
44200,0.435,0.189,0.376
44300,0.442,0.180,0.378
44400,0.444,0.168,0.388
44500,0.446,0.163,0.391
44600,0.453,0.167,0.380
44700,0.466,0.171,0.363
44800,0.469,0.164,0.367
44900,0.459,0.160,0.381
45000,0.463,0.160,0.377
45100,0.464,0.169,0.367
45200,0.462,0.163,0.375
45300,0.455,0.160,0.385
45400,0.439,0.153,0.408
45500,0.447,0.147,0.406
45600,0.446,0.150,0.404
45700,0.439,0.150,0.411
45800,0.426,0.157,0.417
45900,0.429,0.158,0.413
46000,0.439,0.166,0.395
46100,0.446,0.158,0.396
46200,0.444,0.164,0.392
46300,0.452,0.159,0.389
46400,0.455,0.154,0.391
46500,0.459,0.157,0.384
46600,0.454,0.161,0.385
46700,0.454,0.152,0.394
46800,0.456,0.144,0.400
46900,0.446,0.145,0.409
47000,0.450,0.148,0.402
47100,0.443,0.144,0.413
47200,0.446,0.143,0.411
47300,0.452,0.149,0.399
47400,0.452,0.143,0.405
47500,0.454,0.141,0.405
47600,0.461,0.141,0.398
47700,0.462,0.139,0.399
47800,0.464,0.140,0.396
47900,0.465,0.133,0.402
48000,0.479,0.131,0.390
48100,0.489,0.131,0.380
48200,0.480,0.140,0.380
48300,0.482,0.127,0.391
48400,0.483,0.131,0.386
48500,0.486,0.144,0.370
48600,0.483,0.144,0.373
48700,0.483,0.142,0.375
48800,0.489,0.140,0.371
48900,0.486,0.136,0.378
49000,0.486,0.138,0.376
49100,0.486,0.138,0.376
49200,0.486,0.145,0.369
49300,0.483,0.144,0.373
49400,0.485,0.155,0.360
49500,0.492,0.143,0.365
49600,0.488,0.137,0.375
49700,0.486,0.139,0.375
49800,0.487,0.132,0.381
49900,0.501,0.140,0.359
50000,0.520,0.137,0.343
50100,0.518,0.134,0.348
50200,0.513,0.133,0.354
50300,0.505,0.135,0.360
50400,0.512,0.138,0.350
50500,0.520,0.143,0.337
50600,0.522,0.141,0.337
50700,0.516,0.143,0.341
50800,0.514,0.141,0.345
50900,0.497,0.136,0.367
51000,0.504,0.135,0.361
51100,0.508,0.136,0.356
51200,0.509,0.140,0.351
51300,0.511,0.134,0.355
51400,0.516,0.138,0.346
51500,0.512,0.134,0.354
51600,0.512,0.129,0.359
51700,0.510,0.128,0.362
51800,0.507,0.122,0.371
51900,0.495,0.127,0.378
52000,0.504,0.132,0.364
52100,0.501,0.124,0.375
52200,0.495,0.114,0.391
52300,0.507,0.107,0.386
52400,0.516,0.105,0.379
52500,0.521,0.102,0.377
52600,0.527,0.101,0.372
52700,0.526,0.104,0.370
52800,0.534,0.102,0.364
52900,0.525,0.102,0.373
53000,0.524,0.106,0.370
53100,0.538,0.113,0.349
53200,0.542,0.110,0.348
53300,0.532,0.117,0.351
53400,0.532,0.111,0.357
53500,0.534,0.107,0.359
53600,0.539,0.108,0.353
53700,0.530,0.109,0.361
53800,0.529,0.106,0.365
53900,0.532,0.117,0.351
54000,0.547,0.111,0.342
54100,0.548,0.107,0.345
54200,0.540,0.111,0.349
54300,0.537,0.115,0.348
54400,0.535,0.112,0.353
54500,0.539,0.106,0.355
54600,0.530,0.103,0.367
54700,0.537,0.102,0.361
54800,0.542,0.105,0.353
54900,0.535,0.100,0.365
55000,0.534,0.102,0.364
55100,0.525,0.090,0.385
55200,0.523,0.091,0.386
55300,0.529,0.100,0.371
55400,0.543,0.098,0.359
55500,0.555,0.100,0.345
55600,0.557,0.094,0.349
55700,0.555,0.092,0.353
55800,0.560,0.104,0.336
55900,0.552,0.107,0.341
56000,0.553,0.109,0.338
56100,0.557,0.103,0.340
56200,0.560,0.107,0.333
56300,0.565,0.105,0.330
56400,0.564,0.113,0.323
56500,0.577,0.114,0.309
56600,0.570,0.111,0.319
56700,0.573,0.111,0.316
56800,0.573,0.116,0.311
56900,0.578,0.104,0.318
57000,0.566,0.102,0.332
57100,0.571,0.094,0.335
57200,0.566,0.098,0.336
57300,0.560,0.103,0.337
57400,0.551,0.102,0.347
57500,0.562,0.099,0.339
57600,0.572,0.090,0.338
57700,0.572,0.092,0.336
57800,0.570,0.096,0.334
57900,0.571,0.099,0.330
58000,0.582,0.098,0.320
58100,0.577,0.102,0.321
58200,0.584,0.104,0.312
58300,0.575,0.107,0.318
58400,0.575,0.114,0.311
58500,0.583,0.108,0.309
58600,0.592,0.115,0.293
58700,0.601,0.107,0.292
58800,0.598,0.098,0.304
58900,0.598,0.097,0.305
59000,0.591,0.097,0.312
59100,0.583,0.091,0.326
59200,0.584,0.092,0.324
59300,0.587,0.101,0.312
59400,0.572,0.105,0.323
59500,0.581,0.107,0.312
59600,0.594,0.105,0.301
59700,0.585,0.105,0.310
59800,0.587,0.109,0.304
59900,0.579,0.112,0.309
60000,0.581,0.110,0.309
60100,0.579,0.110,0.311
60200,0.590,0.113,0.297
60300,0.593,0.116,0.291
60400,0.582,0.106,0.312
60500,0.579,0.099,0.322
60600,0.580,0.094,0.326
60700,0.590,0.086,0.324
60800,0.601,0.092,0.307
60900,0.596,0.097,0.307
61000,0.592,0.093,0.315
61100,0.590,0.091,0.319
61200,0.594,0.089,0.317
61300,0.600,0.086,0.314
61400,0.600,0.087,0.313
61500,0.601,0.080,0.319
61600,0.597,0.076,0.327
61700,0.587,0.070,0.343
61800,0.584,0.070,0.346
61900,0.602,0.071,0.327
62000,0.601,0.072,0.327
62100,0.604,0.070,0.326
62200,0.596,0.064,0.340
62300,0.617,0.069,0.314
62400,0.613,0.076,0.311
62500,0.603,0.083,0.314
62600,0.610,0.091,0.299
62700,0.613,0.085,0.302
62800,0.602,0.079,0.319
62900,0.603,0.088,0.309
63000,0.609,0.096,0.295
63100,0.616,0.096,0.288
63200,0.617,0.094,0.289
63300,0.622,0.095,0.283
63400,0.635,0.091,0.274
63500,0.638,0.092,0.270
63600,0.640,0.086,0.274
63700,0.634,0.088,0.278
63800,0.642,0.083,0.275
63900,0.643,0.075,0.282
64000,0.649,0.074,0.277
64100,0.650,0.074,0.276
64200,0.649,0.075,0.276
64300,0.658,0.068,0.274
64400,0.659,0.067,0.274
64500,0.652,0.071,0.277
64600,0.657,0.072,0.271
64700,0.648,0.069,0.283
64800,0.649,0.060,0.291
64900,0.652,0.060,0.288
65000,0.656,0.059,0.285
65100,0.654,0.057,0.289
65200,0.658,0.053,0.289
65300,0.661,0.048,0.291
65400,0.676,0.046,0.278
65500,0.678,0.043,0.279
65600,0.680,0.043,0.277
65700,0.681,0.048,0.271
65800,0.666,0.043,0.291
65900,0.672,0.045,0.283
66000,0.674,0.043,0.283
66100,0.670,0.044,0.286
66200,0.675,0.039,0.286
66300,0.679,0.042,0.279
66400,0.664,0.047,0.289
66500,0.667,0.046,0.287
66600,0.666,0.043,0.291
66700,0.679,0.038,0.283
66800,0.683,0.032,0.285
66900,0.677,0.033,0.290
67000,0.674,0.039,0.287
67100,0.672,0.042,0.286
67200,0.673,0.040,0.287
67300,0.673,0.042,0.285
67400,0.676,0.043,0.281
67500,0.691,0.045,0.264
67600,0.689,0.044,0.267
67700,0.694,0.044,0.262
67800,0.703,0.050,0.247
67900,0.706,0.052,0.242
68000,0.705,0.056,0.239
68100,0.706,0.064,0.230
68200,0.701,0.056,0.243
68300,0.699,0.058,0.243
68400,0.700,0.051,0.249
68500,0.691,0.058,0.251
68600,0.693,0.062,0.245
68700,0.695,0.053,0.252
68800,0.698,0.057,0.245
68900,0.698,0.050,0.252
69000,0.697,0.046,0.257
69100,0.702,0.045,0.253
69200,0.705,0.043,0.252
69300,0.709,0.040,0.251
69400,0.713,0.040,0.247
69500,0.704,0.041,0.255
69600,0.710,0.045,0.245
69700,0.719,0.040,0.241
69800,0.711,0.047,0.242
69900,0.701,0.046,0.253
70000,0.713,0.050,0.237
70100,0.716,0.050,0.234
70200,0.709,0.057,0.234
70300,0.711,0.063,0.226
70400,0.713,0.064,0.223
70500,0.713,0.064,0.223
70600,0.707,0.067,0.226
70700,0.716,0.062,0.222
70800,0.713,0.058,0.229
70900,0.715,0.056,0.229
71000,0.714,0.057,0.229
71100,0.713,0.048,0.239
71200,0.703,0.049,0.248
71300,0.701,0.053,0.246
71400,0.699,0.049,0.252
71500,0.700,0.055,0.245
71600,0.698,0.055,0.247
71700,0.695,0.054,0.251
71800,0.698,0.047,0.255
71900,0.693,0.052,0.255
72000,0.686,0.059,0.255
72100,0.684,0.048,0.268
72200,0.686,0.041,0.273
72300,0.684,0.041,0.275
72400,0.685,0.040,0.275
72500,0.694,0.039,0.267
72600,0.692,0.040,0.268
72700,0.684,0.046,0.270
72800,0.682,0.043,0.275
72900,0.676,0.044,0.280
73000,0.678,0.042,0.280
73100,0.684,0.041,0.275
73200,0.687,0.045,0.268
73300,0.687,0.045,0.268
73400,0.702,0.060,0.238
73500,0.704,0.065,0.231
73600,0.691,0.061,0.248
73700,0.694,0.057,0.249
73800,0.685,0.052,0.263
73900,0.689,0.046,0.265
74000,0.690,0.040,0.270
74100,0.686,0.035,0.279
74200,0.683,0.033,0.284
74300,0.688,0.037,0.275
74400,0.700,0.041,0.259
74500,0.694,0.041,0.265
74600,0.694,0.039,0.267
74700,0.692,0.040,0.268
74800,0.687,0.041,0.272
74900,0.691,0.039,0.270
75000,0.692,0.032,0.276
75100,0.694,0.031,0.275
75200,0.696,0.027,0.277
75300,0.684,0.041,0.275
75400,0.682,0.046,0.272
75500,0.685,0.042,0.273
75600,0.696,0.038,0.266
75700,0.695,0.042,0.263
75800,0.698,0.037,0.265
75900,0.699,0.040,0.261
76000,0.697,0.039,0.264
76100,0.700,0.037,0.263
76200,0.706,0.043,0.251
76300,0.697,0.044,0.259
76400,0.700,0.036,0.264
76500,0.701,0.042,0.257
76600,0.700,0.041,0.259
76700,0.702,0.037,0.261
76800,0.706,0.040,0.254
76900,0.701,0.039,0.260
77000,0.703,0.038,0.259
77100,0.708,0.041,0.251
77200,0.719,0.038,0.243
77300,0.725,0.037,0.238
77400,0.720,0.041,0.239
77500,0.725,0.039,0.236
77600,0.730,0.039,0.231
77700,0.721,0.037,0.242
77800,0.729,0.042,0.229
77900,0.733,0.044,0.223
78000,0.731,0.046,0.223
78100,0.729,0.040,0.231
78200,0.740,0.044,0.216
78300,0.741,0.043,0.216
78400,0.744,0.041,0.215
78500,0.744,0.041,0.215
78600,0.742,0.043,0.215
78700,0.750,0.042,0.208
78800,0.758,0.038,0.204
78900,0.754,0.042,0.204
79000,0.765,0.041,0.194
79100,0.770,0.038,0.192
79200,0.773,0.035,0.192
79300,0.769,0.035,0.196
79400,0.760,0.035,0.205
79500,0.765,0.038,0.197
79600,0.768,0.039,0.193
79700,0.775,0.036,0.189
79800,0.785,0.037,0.178
79900,0.785,0.033,0.182
80000,0.782,0.041,0.177
80100,0.785,0.033,0.182
80200,0.785,0.029,0.186
80300,0.791,0.026,0.183
80400,0.784,0.028,0.188
80500,0.790,0.027,0.183
80600,0.785,0.026,0.189
80700,0.783,0.029,0.188
80800,0.788,0.027,0.185
80900,0.788,0.029,0.183
81000,0.794,0.030,0.176
81100,0.786,0.027,0.187
81200,0.797,0.022,0.181
81300,0.794,0.020,0.186
81400,0.792,0.023,0.185
81500,0.790,0.023,0.187
81600,0.785,0.026,0.189
81700,0.789,0.025,0.186
81800,0.788,0.021,0.191
81900,0.796,0.019,0.185
82000,0.793,0.018,0.189
82100,0.796,0.015,0.189
82200,0.796,0.014,0.190
82300,0.802,0.016,0.182
82400,0.807,0.017,0.176
82500,0.805,0.016,0.179
82600,0.806,0.016,0.178
82700,0.812,0.016,0.172
82800,0.813,0.020,0.167
82900,0.819,0.020,0.161
83000,0.818,0.019,0.163
83100,0.808,0.019,0.173
83200,0.815,0.018,0.167
83300,0.817,0.017,0.166
83400,0.818,0.017,0.165
83500,0.820,0.016,0.164
83600,0.821,0.017,0.162
83700,0.822,0.021,0.157
83800,0.829,0.021,0.150
83900,0.822,0.021,0.157
84000,0.822,0.021,0.157
84100,0.817,0.019,0.164
84200,0.811,0.019,0.170
84300,0.810,0.015,0.175
84400,0.816,0.017,0.167
84500,0.813,0.016,0.171
84600,0.820,0.014,0.166
84700,0.817,0.019,0.164
84800,0.816,0.016,0.168
84900,0.812,0.016,0.172
85000,0.813,0.021,0.166
85100,0.809,0.022,0.169
85200,0.812,0.019,0.169
85300,0.807,0.017,0.176
85400,0.810,0.016,0.174
85500,0.799,0.016,0.185
85600,0.801,0.014,0.185
85700,0.806,0.015,0.179
85800,0.804,0.018,0.178
85900,0.811,0.018,0.171
86000,0.820,0.018,0.162
86100,0.820,0.016,0.164
86200,0.821,0.015,0.164
86300,0.819,0.024,0.157
86400,0.813,0.023,0.164
86500,0.818,0.018,0.164
86600,0.818,0.017,0.165
86700,0.817,0.019,0.164
86800,0.819,0.017,0.164
86900,0.817,0.023,0.160
87000,0.830,0.021,0.149
87100,0.833,0.019,0.148
87200,0.829,0.016,0.155
87300,0.830,0.014,0.156
87400,0.831,0.017,0.152
87500,0.834,0.015,0.151
87600,0.832,0.013,0.155
87700,0.840,0.011,0.149
87800,0.840,0.009,0.151
87900,0.842,0.007,0.151
88000,0.841,0.006,0.153
88100,0.847,0.006,0.147
88200,0.845,0.005,0.150
88300,0.851,0.005,0.144
88400,0.855,0.008,0.137
88500,0.848,0.010,0.142
88600,0.855,0.008,0.137
88700,0.857,0.007,0.136
88800,0.859,0.008,0.133
88900,0.854,0.008,0.138
89000,0.856,0.007,0.137
89100,0.856,0.008,0.136
89200,0.850,0.011,0.139
89300,0.848,0.013,0.139
89400,0.840,0.013,0.147
89500,0.841,0.013,0.146
89600,0.845,0.014,0.141
89700,0.851,0.015,0.134
89800,0.850,0.015,0.135
89900,0.851,0.014,0.135
90000,0.841,0.017,0.142
90100,0.839,0.021,0.140
90200,0.842,0.020,0.138
90300,0.836,0.020,0.144
90400,0.840,0.019,0.141
90500,0.837,0.015,0.148
90600,0.839,0.013,0.148
90700,0.844,0.015,0.141
90800,0.846,0.015,0.139
90900,0.847,0.016,0.137
91000,0.842,0.015,0.143
91100,0.843,0.014,0.143
91200,0.837,0.011,0.152
91300,0.840,0.013,0.147
91400,0.841,0.011,0.148
91500,0.842,0.011,0.147
91600,0.844,0.008,0.148
91700,0.841,0.007,0.152
91800,0.840,0.008,0.152
91900,0.840,0.007,0.153
92000,0.847,0.010,0.143
92100,0.850,0.009,0.141
92200,0.851,0.009,0.140
92300,0.849,0.008,0.143
92400,0.848,0.007,0.145
92500,0.856,0.007,0.137
92600,0.861,0.009,0.130
92700,0.860,0.009,0.131
92800,0.859,0.009,0.132
92900,0.854,0.009,0.137
93000,0.855,0.006,0.139
93100,0.853,0.009,0.138
93200,0.858,0.005,0.137
93300,0.857,0.005,0.138
93400,0.859,0.004,0.137
93500,0.854,0.003,0.143
93600,0.858,0.003,0.139
93700,0.854,0.002,0.144
93800,0.849,0.002,0.149
93900,0.854,0.004,0.142
94000,0.852,0.004,0.144
94100,0.857,0.003,0.140
94200,0.855,0.003,0.142
94300,0.843,0.003,0.154
94400,0.845,0.002,0.153
94500,0.840,0.005,0.155
94600,0.846,0.005,0.149
94700,0.845,0.008,0.147
94800,0.849,0.013,0.138
94900,0.842,0.014,0.144
95000,0.845,0.014,0.141
95100,0.842,0.013,0.145
95200,0.842,0.012,0.146
95300,0.838,0.015,0.147
95400,0.835,0.017,0.148
95500,0.834,0.012,0.154
95600,0.832,0.010,0.158
95700,0.834,0.012,0.154
95800,0.829,0.011,0.160
95900,0.827,0.010,0.163
96000,0.839,0.011,0.150
96100,0.845,0.016,0.139
96200,0.843,0.016,0.141
96300,0.843,0.017,0.140
96400,0.842,0.016,0.142
96500,0.835,0.018,0.147
96600,0.830,0.014,0.156
96700,0.831,0.014,0.155
96800,0.835,0.014,0.151
96900,0.838,0.013,0.149
97000,0.838,0.011,0.151
97100,0.823,0.009,0.168
97200,0.830,0.007,0.163
97300,0.831,0.006,0.163
97400,0.830,0.005,0.165
97500,0.838,0.004,0.158
97600,0.838,0.002,0.160
97700,0.835,0.002,0.163
97800,0.835,0.004,0.161
97900,0.840,0.003,0.157
98000,0.842,0.002,0.156
98100,0.850,0.002,0.148
98200,0.855,0.004,0.141
98300,0.860,0.004,0.136
98400,0.864,0.004,0.132
98500,0.865,0.002,0.133
98600,0.868,0.004,0.128
98700,0.870,0.007,0.123
98800,0.874,0.006,0.120
98900,0.872,0.008,0.120
99000,0.863,0.007,0.130
99100,0.870,0.006,0.124
99200,0.873,0.005,0.122
99300,0.876,0.005,0.119
99400,0.876,0.005,0.119
99500,0.879,0.006,0.115
99600,0.886,0.005,0.109
99700,0.889,0.005,0.106
99800,0.893,0.004,0.103
99900,0.884,0.005,0.111
100000,0.878,0.004,0.118
