time,n_A+p,n_B,n_AB
500,0.050,0.827,0.123
1000,0.050,0.718,0.232
1500,0.050,0.608,0.342
2000,0.050,0.505,0.445
2500,0.050,0.465,0.485
3000,0.050,0.408,0.542
3500,0.053,0.391,0.556
4000,0.054,0.387,0.558
4500,0.051,0.337,0.612
5000,0.065,0.260,0.675
5500,0.062,0.264,0.673
6000,0.054,0.350,0.595
6500,0.052,0.374,0.574
7000,0.051,0.353,0.595
7500,0.051,0.332,0.617
8000,0.052,0.318,0.630
8500,0.051,0.366,0.583
9000,0.051,0.387,0.562
9500,0.050,0.392,0.558
10000,0.050,0.389,0.561
10500,0.052,0.383,0.565
11000,0.051,0.408,0.542
11500,0.051,0.378,0.572
12000,0.051,0.360,0.589
12500,0.060,0.339,0.601
13000,0.060,0.336,0.604
13500,0.050,0.350,0.600
14000,0.059,0.394,0.548
14500,0.051,0.389,0.559
15000,0.054,0.345,0.601
15500,0.052,0.346,0.601
16000,0.050,0.356,0.594
16500,0.050,0.384,0.567
17000,0.050,0.378,0.572
17500,0.051,0.409,0.540
18000,0.051,0.369,0.580
18500,0.059,0.318,0.623
19000,0.052,0.334,0.614
19500,0.059,0.339,0.602
20000,0.053,0.330,0.617
20500,0.069,0.269,0.662
21000,0.056,0.389,0.555
21500,0.052,0.311,0.636
22000,0.056,0.321,0.624
22500,0.054,0.360,0.586
23000,0.051,0.346,0.603
23500,0.051,0.320,0.630
24000,0.056,0.330,0.614
24500,0.070,0.314,0.616
25000,0.066,0.249,0.684
25500,0.073,0.286,0.641
26000,0.084,0.253,0.664
26500,0.071,0.272,0.657
27000,0.060,0.276,0.663
27500,0.075,0.259,0.667
28000,0.061,0.312,0.626
28500,0.066,0.295,0.639
29000,0.051,0.335,0.615
29500,0.053,0.333,0.614
30000,0.054,0.379,0.567
30500,0.051,0.368,0.581
31000,0.053,0.388,0.559
31500,0.053,0.433,0.513
32000,0.050,0.390,0.560
32500,0.053,0.391,0.556
33000,0.054,0.353,0.593
33500,0.051,0.351,0.598
34000,0.051,0.376,0.574
34500,0.052,0.404,0.544
35000,0.050,0.443,0.507
35500,0.050,0.417,0.532
36000,0.052,0.405,0.542
36500,0.052,0.373,0.575
37000,0.051,0.398,0.552
37500,0.050,0.401,0.549
38000,0.050,0.372,0.578
38500,0.053,0.339,0.608
39000,0.058,0.318,0.624
39500,0.051,0.372,0.577
40000,0.051,0.428,0.521
40500,0.051,0.381,0.568
41000,0.051,0.342,0.607
41500,0.054,0.355,0.591
42000,0.051,0.363,0.585
42500,0.056,0.339,0.605
43000,0.052,0.345,0.603
43500,0.055,0.284,0.661
44000,0.053,0.327,0.619
44500,0.059,0.374,0.567
45000,0.053,0.377,0.571
45500,0.050,0.397,0.553
46000,0.050,0.429,0.520
46500,0.050,0.399,0.551
47000,0.050,0.346,0.604
47500,0.062,0.298,0.640
48000,0.057,0.314,0.629
48500,0.052,0.389,0.559
49000,0.051,0.405,0.544
49500,0.051,0.333,0.617
50000,0.052,0.338,0.609
50500,0.053,0.327,0.620
51000,0.056,0.363,0.581
51500,0.056,0.323,0.621
52000,0.059,0.358,0.583
52500,0.055,0.329,0.616
53000,0.057,0.344,0.600
53500,0.060,0.303,0.636
54000,0.059,0.292,0.648
54500,0.053,0.298,0.649
55000,0.059,0.310,0.631
55500,0.051,0.381,0.568
56000,0.051,0.400,0.549
56500,0.055,0.350,0.595
57000,0.050,0.418,0.531
57500,0.050,0.384,0.567
58000,0.056,0.371,0.573
58500,0.053,0.351,0.596
59000,0.056,0.344,0.600
59500,0.054,0.320,0.626
60000,0.060,0.295,0.644
60500,0.054,0.263,0.683
61000,0.065,0.278,0.657
61500,0.075,0.251,0.674
62000,0.070,0.242,0.688
62500,0.064,0.267,0.669
63000,0.058,0.289,0.653
63500,0.056,0.274,0.670
64000,0.061,0.321,0.619
64500,0.051,0.327,0.622
65000,0.050,0.369,0.581
65500,0.051,0.352,0.597
66000,0.053,0.293,0.653
66500,0.057,0.347,0.597
67000,0.054,0.373,0.573
67500,0.051,0.415,0.534
68000,0.050,0.407,0.543
68500,0.059,0.388,0.554
69000,0.052,0.408,0.540
69500,0.057,0.371,0.571
70000,0.059,0.322,0.619
70500,0.054,0.321,0.625
71000,0.056,0.403,0.542
71500,0.057,0.325,0.619
72000,0.060,0.324,0.615
72500,0.053,0.352,0.595
73000,0.052,0.366,0.581
73500,0.059,0.332,0.609
74000,0.053,0.340,0.607
74500,0.051,0.360,0.589
75000,0.058,0.353,0.589
75500,0.057,0.383,0.561
76000,0.052,0.344,0.603
76500,0.052,0.382,0.566
77000,0.052,0.361,0.587
77500,0.054,0.343,0.603
78000,0.054,0.346,0.600
78500,0.059,0.335,0.607
79000,0.054,0.350,0.595
79500,0.053,0.344,0.603
80000,0.051,0.367,0.582
80500,0.052,0.388,0.560
81000,0.051,0.384,0.566
81500,0.050,0.384,0.567
82000,0.050,0.390,0.560
82500,0.052,0.349,0.598
83000,0.051,0.382,0.567
83500,0.060,0.396,0.544
84000,0.052,0.478,0.470
84500,0.050,0.410,0.540
85000,0.054,0.389,0.556
85500,0.051,0.385,0.564
86000,0.051,0.395,0.554
86500,0.057,0.325,0.618
87000,0.053,0.326,0.621
87500,0.053,0.386,0.561
88000,0.051,0.372,0.576
88500,0.054,0.322,0.623
89000,0.051,0.289,0.660
89500,0.051,0.307,0.641
90000,0.062,0.323,0.615
90500,0.057,0.349,0.594
91000,0.052,0.330,0.618
91500,0.060,0.315,0.625
92000,0.069,0.289,0.643
92500,0.065,0.268,0.667
93000,0.059,0.268,0.672
93500,0.065,0.261,0.675
94000,0.059,0.298,0.643
94500,0.051,0.346,0.603
95000,0.057,0.352,0.592
95500,0.057,0.355,0.589
96000,0.052,0.386,0.562
96500,0.050,0.347,0.603
97000,0.050,0.342,0.608
97500,0.059,0.369,0.573
98000,0.058,0.430,0.512
98500,0.055,0.361,0.583
99000,0.054,0.365,0.581
99500,0.051,0.377,0.572
100000,0.051,0.409,0.540
100500,0.051,0.448,0.502
101000,0.052,0.390,0.557
101500,0.057,0.395,0.548
102000,0.055,0.310,0.634
102500,0.060,0.307,0.632
103000,0.057,0.321,0.623
103500,0.051,0.347,0.602
104000,0.050,0.340,0.610
104500,0.052,0.347,0.601
105000,0.052,0.336,0.612
105500,0.056,0.326,0.619
106000,0.051,0.354,0.595
106500,0.061,0.391,0.548
107000,0.052,0.384,0.564
107500,0.051,0.390,0.559
108000,0.054,0.342,0.603
108500,0.051,0.291,0.657
109000,0.053,0.345,0.601
109500,0.051,0.381,0.569
110000,0.052,0.307,0.641
110500,0.066,0.327,0.607
111000,0.055,0.309,0.636
111500,0.062,0.284,0.653
112000,0.058,0.311,0.631
112500,0.058,0.297,0.644
113000,0.053,0.304,0.642
113500,0.061,0.334,0.605
114000,0.054,0.302,0.643
114500,0.052,0.325,0.623
115000,0.055,0.312,0.633
115500,0.056,0.324,0.621
116000,0.051,0.369,0.580
116500,0.053,0.321,0.625
117000,0.070,0.269,0.661
117500,0.057,0.342,0.601
118000,0.053,0.411,0.536
118500,0.050,0.421,0.529
119000,0.051,0.344,0.605
119500,0.051,0.304,0.645
120000,0.052,0.340,0.608
120500,0.053,0.344,0.603
121000,0.051,0.392,0.558
121500,0.050,0.377,0.573
122000,0.050,0.376,0.574
122500,0.051,0.369,0.580
123000,0.055,0.324,0.621
123500,0.055,0.301,0.643
124000,0.053,0.357,0.589
124500,0.051,0.367,0.582
125000,0.050,0.385,0.565
125500,0.053,0.388,0.559
126000,0.056,0.370,0.574
126500,0.051,0.347,0.601
127000,0.060,0.339,0.601
127500,0.059,0.354,0.587
128000,0.055,0.349,0.595
128500,0.058,0.291,0.651
129000,0.062,0.329,0.609
129500,0.053,0.307,0.639
130000,0.056,0.318,0.626
130500,0.051,0.333,0.616
131000,0.060,0.341,0.599
131500,0.052,0.361,0.587
132000,0.052,0.317,0.631
132500,0.051,0.344,0.606
133000,0.050,0.361,0.589
133500,0.056,0.408,0.536
134000,0.051,0.400,0.549
134500,0.052,0.377,0.571
135000,0.056,0.328,0.617
135500,0.054,0.284,0.661
136000,0.053,0.324,0.623
136500,0.050,0.314,0.636
137000,0.057,0.322,0.622
137500,0.053,0.310,0.637
138000,0.053,0.321,0.626
138500,0.051,0.352,0.597
139000,0.051,0.378,0.572
139500,0.050,0.370,0.580
140000,0.050,0.385,0.565
140500,0.050,0.395,0.555
141000,0.050,0.382,0.569
141500,0.056,0.336,0.608
142000,0.067,0.324,0.609
142500,0.062,0.258,0.680
143000,0.085,0.220,0.696
143500,0.075,0.279,0.645
144000,0.063,0.283,0.654
144500,0.078,0.254,0.668
145000,0.068,0.236,0.696
145500,0.072,0.240,0.688
146000,0.056,0.340,0.605
146500,0.059,0.335,0.606
147000,0.060,0.330,0.610
147500,0.065,0.320,0.615
148000,0.056,0.382,0.563
148500,0.052,0.404,0.544
149000,0.051,0.368,0.581
149500,0.050,0.428,0.522
150000,0.050,0.406,0.544
150500,0.050,0.395,0.555
151000,0.050,0.398,0.552
151500,0.050,0.409,0.541
152000,0.050,0.349,0.601
152500,0.052,0.395,0.553
153000,0.050,0.349,0.601
153500,0.052,0.346,0.602
154000,0.056,0.377,0.568
154500,0.057,0.379,0.564
155000,0.054,0.374,0.572
155500,0.051,0.369,0.581
156000,0.053,0.360,0.587
156500,0.050,0.396,0.554
157000,0.050,0.380,0.570
157500,0.054,0.316,0.629
158000,0.058,0.314,0.629
158500,0.062,0.310,0.627
159000,0.054,0.282,0.663
159500,0.057,0.349,0.593
160000,0.054,0.400,0.545
160500,0.054,0.360,0.585
161000,0.054,0.352,0.593
161500,0.057,0.373,0.570
162000,0.051,0.413,0.536
162500,0.050,0.368,0.582
163000,0.050,0.410,0.540
163500,0.050,0.385,0.565
164000,0.053,0.348,0.599
164500,0.053,0.367,0.579
165000,0.051,0.350,0.600
165500,0.050,0.407,0.543
166000,0.050,0.401,0.549
166500,0.055,0.365,0.580
167000,0.051,0.366,0.583
167500,0.058,0.306,0.635
168000,0.057,0.346,0.597
168500,0.057,0.315,0.628
169000,0.052,0.371,0.577
169500,0.058,0.368,0.574
170000,0.059,0.398,0.543
170500,0.054,0.325,0.621
171000,0.056,0.407,0.536
171500,0.050,0.344,0.605
172000,0.050,0.422,0.528
172500,0.050,0.414,0.536
173000,0.050,0.359,0.591
173500,0.052,0.345,0.603
174000,0.050,0.379,0.571
174500,0.058,0.321,0.621
175000,0.053,0.308,0.638
175500,0.058,0.311,0.631
176000,0.060,0.321,0.619
176500,0.056,0.324,0.620
177000,0.051,0.330,0.619
177500,0.054,0.344,0.601
178000,0.052,0.385,0.563
178500,0.051,0.383,0.566
179000,0.051,0.422,0.528
179500,0.050,0.392,0.558
180000,0.050,0.386,0.565
180500,0.050,0.389,0.561
181000,0.050,0.397,0.553
181500,0.050,0.386,0.565
182000,0.050,0.342,0.608
182500,0.051,0.404,0.546
183000,0.055,0.390,0.555
183500,0.051,0.396,0.553
184000,0.051,0.367,0.582
184500,0.052,0.367,0.581
185000,0.050,0.342,0.608
185500,0.050,0.398,0.552
186000,0.051,0.352,0.597
186500,0.054,0.322,0.624
187000,0.051,0.363,0.586
187500,0.062,0.346,0.592
188000,0.052,0.329,0.619
188500,0.053,0.317,0.630
189000,0.053,0.353,0.594
189500,0.060,0.320,0.620
190000,0.054,0.279,0.666
190500,0.059,0.288,0.653
191000,0.058,0.276,0.666
191500,0.053,0.355,0.592
192000,0.050,0.383,0.567
192500,0.058,0.325,0.617
193000,0.057,0.299,0.644
193500,0.051,0.358,0.590
194000,0.050,0.379,0.571
194500,0.050,0.326,0.624
195000,0.053,0.398,0.549
195500,0.050,0.392,0.558
196000,0.050,0.422,0.528
196500,0.050,0.443,0.507
197000,0.054,0.432,0.513
197500,0.051,0.395,0.555
198000,0.051,0.355,0.594
198500,0.051,0.403,0.546
199000,0.050,0.337,0.613
199500,0.051,0.342,0.607
200000,0.060,0.364,0.575
200500,0.058,0.350,0.591
201000,0.060,0.304,0.635
201500,0.060,0.324,0.616
202000,0.054,0.328,0.618
202500,0.051,0.342,0.607
203000,0.053,0.364,0.583
203500,0.053,0.332,0.615
204000,0.052,0.344,0.604
204500,0.051,0.358,0.591
205000,0.050,0.421,0.528
205500,0.051,0.345,0.603
206000,0.051,0.318,0.631
206500,0.058,0.286,0.656
207000,0.065,0.279,0.656
207500,0.069,0.293,0.638
208000,0.052,0.313,0.635
208500,0.060,0.314,0.625
209000,0.057,0.303,0.641
209500,0.051,0.423,0.526
210000,0.051,0.404,0.546
210500,0.051,0.406,0.543
211000,0.053,0.352,0.595
211500,0.051,0.373,0.575
212000,0.055,0.343,0.602
212500,0.051,0.364,0.585
213000,0.050,0.314,0.636
213500,0.054,0.274,0.672
214000,0.054,0.316,0.630
214500,0.051,0.318,0.631
215000,0.054,0.311,0.634
215500,0.052,0.262,0.686
216000,0.068,0.271,0.661
216500,0.060,0.344,0.596
217000,0.053,0.340,0.607
217500,0.054,0.349,0.596
218000,0.055,0.316,0.629
218500,0.056,0.298,0.646
219000,0.055,0.315,0.630
219500,0.055,0.317,0.628
220000,0.053,0.366,0.581
220500,0.059,0.309,0.631
221000,0.059,0.324,0.618
221500,0.052,0.339,0.609
222000,0.054,0.317,0.629
222500,0.056,0.343,0.601
223000,0.051,0.406,0.542
223500,0.050,0.448,0.502
224000,0.050,0.493,0.456
224500,0.050,0.412,0.537
225000,0.050,0.400,0.550
225500,0.050,0.336,0.614
226000,0.051,0.312,0.636
226500,0.059,0.309,0.632
227000,0.064,0.365,0.571
227500,0.054,0.377,0.569
228000,0.051,0.379,0.571
228500,0.050,0.366,0.584
229000,0.051,0.343,0.606
229500,0.051,0.358,0.591
230000,0.057,0.301,0.643
230500,0.054,0.313,0.633
231000,0.057,0.326,0.617
231500,0.051,0.367,0.582
232000,0.057,0.343,0.601
232500,0.052,0.383,0.565
233000,0.054,0.404,0.541
233500,0.050,0.318,0.632
234000,0.051,0.319,0.631
234500,0.056,0.328,0.617
235000,0.065,0.285,0.650
235500,0.056,0.279,0.665
236000,0.051,0.314,0.635
236500,0.051,0.281,0.667
237000,0.054,0.352,0.594
237500,0.055,0.367,0.578
238000,0.057,0.329,0.614
238500,0.058,0.328,0.615
239000,0.052,0.358,0.589
239500,0.051,0.325,0.624
240000,0.060,0.310,0.629
240500,0.055,0.302,0.642
241000,0.060,0.316,0.624
241500,0.057,0.332,0.611
242000,0.075,0.270,0.654
242500,0.068,0.282,0.650
243000,0.069,0.233,0.699
243500,0.072,0.240,0.688
244000,0.073,0.212,0.715
244500,0.098,0.170,0.732
245000,0.113,0.144,0.743
245500,0.166,0.117,0.717
246000,0.241,0.058,0.700
246500,0.447,0.015,0.538
247000,0.655,0.003,0.342
247500,0.711,0.000,0.289
248000,0.705,0.000,0.295
248500,0.776,0.000,0.224
249000,0.810,0.000,0.190
249500,0.850,0.000,0.150
250000,0.902,0.000,0.098
250500,0.929,0.000,0.071
251000,0.953,0.000,0.047
251500,0.970,0.000,0.030
252000,0.988,0.000,0.012
252500,0.997,0.000,0.003
253000,1.000,0.000,0.000
253500,1.000,0.000,0.000
