time,n_A+p,n_B,n_AB
100,0.376,0.483,0.141
200,0.324,0.462,0.214
300,0.300,0.453,0.248
400,0.269,0.456,0.275
500,0.254,0.453,0.294
600,0.275,0.419,0.306
700,0.245,0.440,0.315
800,0.272,0.434,0.294
900,0.269,0.437,0.294
1000,0.294,0.410,0.297
1100,0.263,0.401,0.336
1200,0.278,0.364,0.358
1300,0.300,0.336,0.364
1400,0.324,0.330,0.346
1500,0.336,0.318,0.346
1600,0.339,0.306,0.355
1700,0.382,0.303,0.315
1800,0.401,0.315,0.284
1900,0.349,0.327,0.324
2000,0.318,0.358,0.324
2100,0.309,0.358,0.333
2200,0.306,0.419,0.275
2300,0.306,0.413,0.281
2400,0.309,0.401,0.291
2500,0.321,0.388,0.291
2600,0.318,0.373,0.309
2700,0.343,0.388,0.269
2800,0.355,0.376,0.269
2900,0.358,0.364,0.278
3000,0.379,0.355,0.266
3100,0.355,0.330,0.315
3200,0.358,0.355,0.287
3300,0.367,0.364,0.269
3400,0.336,0.355,0.309
3500,0.303,0.382,0.315
3600,0.306,0.343,0.352
3700,0.303,0.336,0.361
3800,0.287,0.343,0.370
3900,0.300,0.346,0.355
4000,0.272,0.336,0.391
4100,0.287,0.355,0.358
4200,0.291,0.370,0.339
4300,0.248,0.394,0.358
4400,0.223,0.419,0.358
4500,0.226,0.437,0.336
4600,0.229,0.419,0.352
4700,0.251,0.410,0.339
4800,0.239,0.434,0.327
4900,0.232,0.440,0.327
5000,0.239,0.443,0.318
5100,0.235,0.468,0.297
5200,0.235,0.471,0.294
5300,0.229,0.495,0.275
5400,0.211,0.505,0.284
5500,0.220,0.486,0.294
5600,0.190,0.514,0.297
5700,0.180,0.480,0.339
5800,0.183,0.477,0.339
5900,0.199,0.489,0.312
6000,0.226,0.446,0.327
6100,0.199,0.431,0.370
6200,0.174,0.462,0.364
6300,0.162,0.474,0.364
6400,0.171,0.498,0.330
6500,0.205,0.498,0.297
6600,0.168,0.563,0.269
6700,0.171,0.547,0.281
6800,0.196,0.550,0.254
6900,0.162,0.560,0.278
7000,0.162,0.581,0.257
7100,0.147,0.584,0.269
7200,0.141,0.612,0.248
7300,0.125,0.630,0.245
7400,0.125,0.642,0.232
7500,0.141,0.615,0.245
7600,0.141,0.621,0.239
7700,0.128,0.627,0.245
7800,0.128,0.602,0.269
7900,0.119,0.621,0.260
8000,0.107,0.624,0.269
8100,0.095,0.609,0.297
8200,0.098,0.602,0.300
8300,0.119,0.612,0.269
8400,0.095,0.648,0.257
8500,0.080,0.648,0.272
8600,0.067,0.657,0.275
8700,0.067,0.673,0.260
8800,0.076,0.657,0.266
8900,0.061,0.633,0.306
9000,0.083,0.624,0.294
9100,0.061,0.679,0.260
9200,0.043,0.734,0.223
9300,0.040,0.761,0.199
9400,0.037,0.777,0.187
9500,0.037,0.801,0.162
9600,0.034,0.792,0.174
9700,0.049,0.798,0.153
9800,0.043,0.795,0.162
9900,0.049,0.786,0.165
10000,0.037,0.792,0.171
10100,0.021,0.798,0.180
10200,0.021,0.801,0.177
10300,0.028,0.820,0.153
10400,0.028,0.807,0.165
10500,0.028,0.826,0.147
10600,0.028,0.850,0.122
10700,0.034,0.841,0.125
10800,0.021,0.853,0.125
10900,0.024,0.865,0.110
11000,0.021,0.865,0.113
11100,0.021,0.841,0.138
11200,0.037,0.823,0.141
11300,0.024,0.820,0.156
11400,0.034,0.829,0.138
11500,0.037,0.835,0.128
11600,0.040,0.838,0.122
11700,0.034,0.832,0.135
11800,0.031,0.859,0.110
11900,0.034,0.862,0.104
12000,0.031,0.869,0.101
12100,0.034,0.865,0.101
12200,0.034,0.865,0.101
12300,0.043,0.884,0.073
12400,0.031,0.890,0.080
12500,0.018,0.896,0.086
12600,0.015,0.908,0.076
12700,0.015,0.908,0.076
12800,0.024,0.911,0.064
12900,0.021,0.924,0.055
13000,0.021,0.914,0.064
13100,0.018,0.920,0.061
13200,0.012,0.924,0.064
13300,0.012,0.936,0.052
13400,0.006,0.945,0.049
13500,0.003,0.945,0.052
13600,0.003,0.957,0.040
13700,0.003,0.948,0.049
13800,0.009,0.957,0.034
13900,0.003,0.957,0.040
14000,0.012,0.966,0.021
14100,0.009,0.969,0.021
14200,0.009,0.963,0.028
14300,0.003,0.979,0.018
14400,0.000,0.979,0.021
14500,0.000,0.972,0.028
14600,0.000,0.966,0.034
14700,0.000,0.951,0.049
14800,0.000,0.966,0.034
14900,0.000,0.972,0.028
15000,0.000,0.966,0.034
15100,0.000,0.969,0.031
15200,0.000,0.963,0.037
15300,0.000,0.963,0.037
15400,0.000,0.966,0.034
15500,0.000,0.976,0.024
15600,0.000,0.979,0.021
15700,0.000,0.979,0.021
15800,0.000,0.979,0.021
15900,0.000,0.982,0.018
16000,0.000,0.991,0.009
16100,0.000,0.988,0.012
16200,0.000,0.988,0.012
16300,0.000,0.991,0.009
16400,0.000,0.991,0.009
16500,0.000,0.997,0.003
16600,0.000,0.997,0.003
16700,0.000,1.000,0.000
