time,n_A+p,n_B,n_AB
500,0.010,0.963,0.027
1000,0.010,0.972,0.018
1500,0.010,0.964,0.026
2000,0.010,0.955,0.035
2500,0.010,0.931,0.059
3000,0.010,0.916,0.074
3500,0.010,0.930,0.060
4000,0.010,0.903,0.087
4500,0.010,0.915,0.075
5000,0.010,0.879,0.111
5500,0.010,0.879,0.111
6000,0.010,0.899,0.091
6500,0.010,0.917,0.073
7000,0.010,0.918,0.072
7500,0.010,0.923,0.067
8000,0.010,0.899,0.091
8500,0.010,0.899,0.091
9000,0.010,0.925,0.065
9500,0.010,0.933,0.057
10000,0.010,0.913,0.077
10500,0.010,0.913,0.077
11000,0.010,0.881,0.109
11500,0.010,0.932,0.058
12000,0.010,0.935,0.054
12500,0.010,0.911,0.079
13000,0.010,0.936,0.054
13500,0.010,0.932,0.058
14000,0.010,0.948,0.042
14500,0.010,0.935,0.054
15000,0.010,0.935,0.055
15500,0.010,0.875,0.115
16000,0.010,0.863,0.127
16500,0.010,0.869,0.121
17000,0.010,0.885,0.105
17500,0.010,0.861,0.129
18000,0.010,0.915,0.075
18500,0.010,0.926,0.064
19000,0.010,0.872,0.118
19500,0.010,0.861,0.129
20000,0.010,0.850,0.140
20500,0.010,0.863,0.127
21000,0.010,0.852,0.138
21500,0.010,0.891,0.099
22000,0.010,0.914,0.076
22500,0.010,0.914,0.076
23000,0.010,0.945,0.045
23500,0.010,0.934,0.055
24000,0.010,0.939,0.051
24500,0.010,0.926,0.064
25000,0.010,0.922,0.068
25500,0.010,0.890,0.100
26000,0.010,0.862,0.128
26500,0.010,0.907,0.083
27000,0.010,0.883,0.107
27500,0.010,0.892,0.098
28000,0.010,0.849,0.141
28500,0.010,0.891,0.099
29000,0.010,0.934,0.056
29500,0.010,0.941,0.049
30000,0.010,0.940,0.050
30500,0.010,0.935,0.055
31000,0.010,0.912,0.078
31500,0.010,0.919,0.071
32000,0.010,0.922,0.068
32500,0.010,0.914,0.076
33000,0.010,0.914,0.076
33500,0.010,0.931,0.059
34000,0.010,0.889,0.101
34500,0.010,0.920,0.070
35000,0.010,0.906,0.084
35500,0.010,0.891,0.099
36000,0.010,0.880,0.110
36500,0.010,0.920,0.070
37000,0.010,0.929,0.061
37500,0.010,0.921,0.069
38000,0.010,0.895,0.095
38500,0.010,0.898,0.092
39000,0.010,0.881,0.109
39500,0.010,0.890,0.100
40000,0.010,0.902,0.088
40500,0.010,0.896,0.094
41000,0.010,0.925,0.065
41500,0.010,0.897,0.093
42000,0.010,0.904,0.086
42500,0.010,0.899,0.091
43000,0.010,0.900,0.090
43500,0.010,0.953,0.037
44000,0.010,0.914,0.076
44500,0.010,0.908,0.082
45000,0.010,0.911,0.079
45500,0.010,0.929,0.060
46000,0.010,0.925,0.065
46500,0.010,0.895,0.095
47000,0.010,0.827,0.163
47500,0.010,0.902,0.088
48000,0.010,0.904,0.086
48500,0.010,0.920,0.070
49000,0.010,0.936,0.054
49500,0.010,0.916,0.074
50000,0.010,0.894,0.096
50500,0.010,0.888,0.102
51000,0.010,0.911,0.079
51500,0.010,0.903,0.087
52000,0.010,0.894,0.096
52500,0.010,0.897,0.093
53000,0.010,0.879,0.111
53500,0.010,0.916,0.074
54000,0.010,0.915,0.075
54500,0.010,0.954,0.036
55000,0.010,0.957,0.033
55500,0.010,0.963,0.027
56000,0.010,0.972,0.018
56500,0.010,0.947,0.043
57000,0.010,0.946,0.044
57500,0.010,0.946,0.044
58000,0.010,0.947,0.043
58500,0.010,0.951,0.039
59000,0.010,0.938,0.052
59500,0.010,0.931,0.058
60000,0.010,0.936,0.053
60500,0.010,0.897,0.093
61000,0.010,0.908,0.082
61500,0.010,0.875,0.115
62000,0.010,0.870,0.120
62500,0.010,0.853,0.137
63000,0.010,0.855,0.135
63500,0.010,0.900,0.090
64000,0.010,0.913,0.077
64500,0.010,0.923,0.067
65000,0.010,0.910,0.080
65500,0.010,0.915,0.075
66000,0.010,0.960,0.030
66500,0.010,0.961,0.029
67000,0.010,0.961,0.029
67500,0.010,0.946,0.044
68000,0.010,0.925,0.065
68500,0.010,0.933,0.057
69000,0.010,0.928,0.062
69500,0.010,0.903,0.087
70000,0.010,0.949,0.041
70500,0.010,0.922,0.068
71000,0.010,0.931,0.058
71500,0.010,0.913,0.077
72000,0.010,0.917,0.073
72500,0.010,0.945,0.045
73000,0.010,0.929,0.060
73500,0.010,0.919,0.071
74000,0.010,0.906,0.084
74500,0.010,0.922,0.068
75000,0.010,0.934,0.056
75500,0.010,0.929,0.061
76000,0.010,0.911,0.079
76500,0.010,0.892,0.098
77000,0.010,0.878,0.112
77500,0.010,0.891,0.099
78000,0.010,0.911,0.079
78500,0.010,0.898,0.092
79000,0.010,0.905,0.085
79500,0.010,0.906,0.084
80000,0.010,0.911,0.079
80500,0.010,0.891,0.099
81000,0.010,0.923,0.067
81500,0.010,0.882,0.108
82000,0.010,0.888,0.102
82500,0.010,0.899,0.091
83000,0.010,0.879,0.111
83500,0.010,0.932,0.057
84000,0.010,0.924,0.066
84500,0.010,0.929,0.061
85000,0.010,0.932,0.057
85500,0.010,0.952,0.038
86000,0.010,0.937,0.053
86500,0.010,0.911,0.079
87000,0.010,0.936,0.053
87500,0.010,0.939,0.051
88000,0.010,0.886,0.104
88500,0.010,0.933,0.057
89000,0.010,0.934,0.056
89500,0.010,0.938,0.052
90000,0.010,0.947,0.043
90500,0.010,0.949,0.041
91000,0.010,0.923,0.067
91500,0.010,0.928,0.062
92000,0.010,0.922,0.068
92500,0.010,0.915,0.075
93000,0.010,0.954,0.036
93500,0.010,0.948,0.042
94000,0.010,0.931,0.059
94500,0.010,0.934,0.055
95000,0.010,0.895,0.095
95500,0.010,0.903,0.087
96000,0.010,0.940,0.050
96500,0.010,0.894,0.096
97000,0.010,0.926,0.064
97500,0.010,0.919,0.071
98000,0.010,0.934,0.056
98500,0.010,0.906,0.084
99000,0.010,0.923,0.067
99500,0.010,0.914,0.076
100000,0.010,0.912,0.078
100500,0.010,0.911,0.079
101000,0.010,0.941,0.049
101500,0.010,0.906,0.084
102000,0.010,0.916,0.074
102500,0.010,0.927,0.062
103000,0.010,0.914,0.076
103500,0.010,0.911,0.079
104000,0.010,0.932,0.058
104500,0.010,0.923,0.067
105000,0.010,0.907,0.083
105500,0.010,0.875,0.115
106000,0.010,0.912,0.078
106500,0.010,0.897,0.093
107000,0.010,0.924,0.066
107500,0.010,0.916,0.074
108000,0.010,0.880,0.110
108500,0.010,0.918,0.072
109000,0.010,0.896,0.094
109500,0.010,0.944,0.046
110000,0.010,0.942,0.048
110500,0.010,0.926,0.064
111000,0.010,0.895,0.095
111500,0.010,0.896,0.094
112000,0.010,0.925,0.065
112500,0.010,0.930,0.060
113000,0.010,0.943,0.047
113500,0.010,0.958,0.032
114000,0.010,0.934,0.056
114500,0.010,0.958,0.032
115000,0.010,0.964,0.026
115500,0.010,0.966,0.024
116000,0.010,0.897,0.093
116500,0.010,0.917,0.073
117000,0.010,0.939,0.051
117500,0.010,0.935,0.054
118000,0.010,0.888,0.102
118500,0.010,0.887,0.103
119000,0.010,0.883,0.107
119500,0.010,0.918,0.072
120000,0.010,0.927,0.063
120500,0.010,0.925,0.065
121000,0.010,0.935,0.054
121500,0.010,0.895,0.095
122000,0.010,0.880,0.110
122500,0.010,0.918,0.072
123000,0.010,0.879,0.111
123500,0.010,0.909,0.081
124000,0.010,0.919,0.071
124500,0.010,0.954,0.036
125000,0.010,0.965,0.025
125500,0.010,0.908,0.082
126000,0.010,0.944,0.046
126500,0.010,0.939,0.051
127000,0.010,0.920,0.070
127500,0.010,0.882,0.108
128000,0.010,0.880,0.110
128500,0.010,0.911,0.079
129000,0.010,0.946,0.044
129500,0.010,0.953,0.037
130000,0.010,0.941,0.049
130500,0.010,0.929,0.061
131000,0.010,0.918,0.072
131500,0.010,0.932,0.058
132000,0.010,0.916,0.074
132500,0.010,0.933,0.056
133000,0.010,0.918,0.072
133500,0.010,0.934,0.056
134000,0.010,0.944,0.046
134500,0.010,0.960,0.030
135000,0.010,0.954,0.036
135500,0.010,0.937,0.053
136000,0.010,0.950,0.040
136500,0.010,0.958,0.032
137000,0.010,0.898,0.092
137500,0.010,0.940,0.050
138000,0.010,0.935,0.054
138500,0.010,0.897,0.093
139000,0.010,0.928,0.061
139500,0.010,0.948,0.042
140000,0.010,0.953,0.037
140500,0.010,0.968,0.022
141000,0.010,0.932,0.058
141500,0.010,0.931,0.059
142000,0.010,0.909,0.081
142500,0.010,0.951,0.039
143000,0.010,0.960,0.030
143500,0.010,0.924,0.066
144000,0.010,0.939,0.051
144500,0.010,0.920,0.070
145000,0.010,0.942,0.048
145500,0.010,0.916,0.074
146000,0.010,0.920,0.070
146500,0.010,0.943,0.047
147000,0.010,0.934,0.055
147500,0.010,0.904,0.086
148000,0.010,0.819,0.171
148500,0.010,0.809,0.180
149000,0.010,0.822,0.168
149500,0.010,0.888,0.102
150000,0.010,0.906,0.084
150500,0.010,0.937,0.053
151000,0.010,0.938,0.052
151500,0.010,0.945,0.045
152000,0.010,0.948,0.042
152500,0.010,0.940,0.050
153000,0.010,0.921,0.069
153500,0.010,0.891,0.099
154000,0.010,0.896,0.094
154500,0.010,0.880,0.110
155000,0.010,0.891,0.099
155500,0.010,0.903,0.087
156000,0.010,0.890,0.100
156500,0.010,0.888,0.102
157000,0.010,0.879,0.111
157500,0.010,0.888,0.102
158000,0.010,0.864,0.126
158500,0.010,0.861,0.129
159000,0.010,0.866,0.124
159500,0.010,0.887,0.103
160000,0.010,0.893,0.097
160500,0.010,0.828,0.162
161000,0.010,0.860,0.130
161500,0.010,0.868,0.122
162000,0.010,0.877,0.113
162500,0.010,0.870,0.120
163000,0.010,0.874,0.116
163500,0.010,0.936,0.053
164000,0.010,0.970,0.020
164500,0.010,0.949,0.041
165000,0.010,0.926,0.064
165500,0.010,0.929,0.060
166000,0.010,0.863,0.127
166500,0.010,0.873,0.117
167000,0.010,0.872,0.118
167500,0.010,0.898,0.092
168000,0.010,0.880,0.110
168500,0.010,0.880,0.110
169000,0.010,0.914,0.076
169500,0.010,0.911,0.079
170000,0.010,0.893,0.097
170500,0.010,0.894,0.096
171000,0.010,0.921,0.069
171500,0.010,0.928,0.061
172000,0.010,0.933,0.056
172500,0.010,0.927,0.063
173000,0.010,0.938,0.052
173500,0.010,0.940,0.050
174000,0.010,0.905,0.085
174500,0.010,0.885,0.105
175000,0.010,0.845,0.145
175500,0.010,0.884,0.106
176000,0.010,0.883,0.107
176500,0.010,0.890,0.100
177000,0.010,0.901,0.089
177500,0.010,0.910,0.080
178000,0.010,0.919,0.071
178500,0.010,0.918,0.072
179000,0.010,0.875,0.115
179500,0.010,0.917,0.073
180000,0.010,0.896,0.094
180500,0.010,0.933,0.056
181000,0.010,0.921,0.069
181500,0.010,0.946,0.044
182000,0.010,0.938,0.052
182500,0.010,0.919,0.071
183000,0.010,0.912,0.078
183500,0.010,0.848,0.142
184000,0.010,0.860,0.130
184500,0.010,0.915,0.075
185000,0.010,0.904,0.086
185500,0.010,0.907,0.083
186000,0.010,0.894,0.096
186500,0.010,0.857,0.133
187000,0.010,0.882,0.108
187500,0.010,0.881,0.109
188000,0.010,0.879,0.111
188500,0.010,0.876,0.114
189000,0.010,0.892,0.098
189500,0.010,0.861,0.129
190000,0.010,0.889,0.101
190500,0.010,0.879,0.111
191000,0.010,0.938,0.052
191500,0.010,0.905,0.085
192000,0.010,0.871,0.119
192500,0.010,0.916,0.074
193000,0.010,0.935,0.055
193500,0.010,0.906,0.084
194000,0.010,0.921,0.069
194500,0.010,0.918,0.072
195000,0.010,0.917,0.073
195500,0.010,0.880,0.110
196000,0.010,0.865,0.125
196500,0.010,0.895,0.095
197000,0.010,0.875,0.115
197500,0.010,0.853,0.137
198000,0.010,0.852,0.138
198500,0.010,0.848,0.142
199000,0.010,0.852,0.138
199500,0.010,0.873,0.117
200000,0.010,0.879,0.111
200500,0.010,0.908,0.082
201000,0.010,0.948,0.042
201500,0.010,0.955,0.035
202000,0.010,0.940,0.050
202500,0.010,0.941,0.049
203000,0.010,0.918,0.072
203500,0.010,0.914,0.076
204000,0.010,0.895,0.095
204500,0.010,0.888,0.102
205000,0.010,0.887,0.103
205500,0.010,0.904,0.086
206000,0.010,0.934,0.055
206500,0.010,0.908,0.082
207000,0.010,0.909,0.081
207500,0.010,0.906,0.084
208000,0.010,0.923,0.067
208500,0.010,0.904,0.086
209000,0.010,0.927,0.063
209500,0.010,0.905,0.085
210000,0.010,0.929,0.060
210500,0.010,0.910,0.080
211000,0.010,0.884,0.106
211500,0.010,0.859,0.131
212000,0.010,0.877,0.113
212500,0.010,0.896,0.094
213000,0.010,0.932,0.057
213500,0.010,0.939,0.051
214000,0.010,0.936,0.053
214500,0.010,0.948,0.042
215000,0.010,0.940,0.050
215500,0.010,0.926,0.064
216000,0.010,0.943,0.047
216500,0.010,0.917,0.073
217000,0.010,0.912,0.078
217500,0.010,0.905,0.085
218000,0.010,0.895,0.095
218500,0.010,0.907,0.083
219000,0.010,0.902,0.088
219500,0.010,0.923,0.067
220000,0.010,0.940,0.050
220500,0.010,0.905,0.085
221000,0.010,0.893,0.097
221500,0.010,0.915,0.075
222000,0.010,0.909,0.081
222500,0.010,0.919,0.071
223000,0.010,0.874,0.116
223500,0.010,0.881,0.109
224000,0.010,0.886,0.104
224500,0.010,0.915,0.075
225000,0.010,0.904,0.086
225500,0.010,0.923,0.067
226000,0.010,0.882,0.108
226500,0.010,0.848,0.142
227000,0.010,0.897,0.093
227500,0.010,0.894,0.096
228000,0.010,0.932,0.058
228500,0.010,0.932,0.058
229000,0.010,0.965,0.025
229500,0.010,0.955,0.035
230000,0.010,0.928,0.062
230500,0.010,0.921,0.069
231000,0.010,0.905,0.085
231500,0.010,0.879,0.111
232000,0.010,0.917,0.073
232500,0.010,0.945,0.045
233000,0.010,0.927,0.063
233500,0.010,0.947,0.043
234000,0.010,0.926,0.064
234500,0.010,0.920,0.070
235000,0.010,0.901,0.089
235500,0.010,0.881,0.109
236000,0.010,0.913,0.077
236500,0.010,0.920,0.070
237000,0.010,0.917,0.073
237500,0.010,0.899,0.091
238000,0.010,0.912,0.078
238500,0.010,0.940,0.050
239000,0.010,0.903,0.087
239500,0.010,0.894,0.096
240000,0.010,0.879,0.111
240500,0.010,0.908,0.082
241000,0.010,0.899,0.091
241500,0.010,0.854,0.136
242000,0.010,0.873,0.117
242500,0.010,0.893,0.097
243000,0.010,0.923,0.067
243500,0.010,0.922,0.068
244000,0.010,0.914,0.076
244500,0.010,0.871,0.119
245000,0.010,0.892,0.098
245500,0.010,0.862,0.128
246000,0.010,0.874,0.116
246500,0.010,0.873,0.117
247000,0.010,0.874,0.116
247500,0.010,0.909,0.081
248000,0.010,0.937,0.053
248500,0.010,0.950,0.040
249000,0.010,0.911,0.079
249500,0.010,0.890,0.100
250000,0.010,0.911,0.079
250500,0.010,0.912,0.078
251000,0.010,0.923,0.067
251500,0.010,0.898,0.092
252000,0.010,0.886,0.104
252500,0.010,0.908,0.082
253000,0.010,0.919,0.071
253500,0.010,0.893,0.097
254000,0.010,0.903,0.087
254500,0.010,0.898,0.092
255000,0.010,0.909,0.081
255500,0.010,0.875,0.115
256000,0.010,0.889,0.101
256500,0.010,0.918,0.072
257000,0.010,0.887,0.103
257500,0.010,0.875,0.115
258000,0.010,0.886,0.104
258500,0.010,0.889,0.101
259000,0.010,0.904,0.086
259500,0.010,0.918,0.072
260000,0.010,0.917,0.073
260500,0.010,0.948,0.042
261000,0.010,0.908,0.082
261500,0.010,0.929,0.061
262000,0.010,0.921,0.069
262500,0.010,0.878,0.112
263000,0.010,0.855,0.135
263500,0.010,0.880,0.110
264000,0.010,0.862,0.128
264500,0.010,0.832,0.158
265000,0.010,0.851,0.139
265500,0.010,0.866,0.124
266000,0.010,0.847,0.143
266500,0.010,0.891,0.099
267000,0.010,0.903,0.087
267500,0.010,0.877,0.113
268000,0.010,0.889,0.101
268500,0.010,0.900,0.090
269000,0.010,0.879,0.111
269500,0.010,0.926,0.064
270000,0.010,0.924,0.066
270500,0.010,0.909,0.081
271000,0.010,0.905,0.085
271500,0.010,0.935,0.055
272000,0.010,0.958,0.032
272500,0.010,0.944,0.046
273000,0.010,0.930,0.060
273500,0.010,0.915,0.075
274000,0.010,0.933,0.057
274500,0.010,0.911,0.079
275000,0.010,0.899,0.091
275500,0.010,0.919,0.071
276000,0.010,0.932,0.057
276500,0.010,0.952,0.038
277000,0.010,0.960,0.030
277500,0.010,0.926,0.064
278000,0.010,0.906,0.084
278500,0.010,0.917,0.073
279000,0.010,0.936,0.053
279500,0.010,0.921,0.069
280000,0.010,0.933,0.057
280500,0.010,0.924,0.066
281000,0.010,0.902,0.088
281500,0.010,0.927,0.062
282000,0.010,0.955,0.035
282500,0.010,0.932,0.057
283000,0.010,0.930,0.060
283500,0.010,0.918,0.072
284000,0.010,0.925,0.065
284500,0.010,0.921,0.069
285000,0.010,0.901,0.089
285500,0.010,0.924,0.066
286000,0.010,0.916,0.074
286500,0.010,0.917,0.073
287000,0.010,0.931,0.058
287500,0.010,0.929,0.060
288000,0.010,0.917,0.073
288500,0.010,0.908,0.082
289000,0.010,0.922,0.068
289500,0.010,0.931,0.058
290000,0.010,0.946,0.044
290500,0.010,0.936,0.054
291000,0.010,0.939,0.051
291500,0.010,0.924,0.066
292000,0.010,0.930,0.060
292500,0.010,0.916,0.074
293000,0.010,0.950,0.040
293500,0.010,0.942,0.048
294000,0.010,0.931,0.058
294500,0.010,0.946,0.044
295000,0.010,0.872,0.118
295500,0.010,0.925,0.065
296000,0.010,0.949,0.041
296500,0.010,0.906,0.084
297000,0.010,0.928,0.062
297500,0.010,0.901,0.089
298000,0.010,0.922,0.068
298500,0.010,0.884,0.106
299000,0.010,0.892,0.098
299500,0.010,0.911,0.079
300000,0.010,0.929,0.060
300500,0.010,0.893,0.097
301000,0.010,0.886,0.104
301500,0.010,0.883,0.107
302000,0.010,0.910,0.080
302500,0.010,0.901,0.089
303000,0.010,0.899,0.091
303500,0.010,0.897,0.093
304000,0.010,0.909,0.081
304500,0.010,0.887,0.103
305000,0.010,0.907,0.083
305500,0.010,0.904,0.086
306000,0.010,0.876,0.114
306500,0.010,0.865,0.125
307000,0.010,0.874,0.116
307500,0.010,0.883,0.107
308000,0.010,0.843,0.147
308500,0.010,0.883,0.107
309000,0.010,0.887,0.103
309500,0.010,0.902,0.088
310000,0.010,0.924,0.066
310500,0.010,0.929,0.060
311000,0.010,0.936,0.054
311500,0.010,0.935,0.054
312000,0.010,0.927,0.062
312500,0.010,0.912,0.078
313000,0.010,0.939,0.051
313500,0.010,0.937,0.053
314000,0.010,0.887,0.103
314500,0.010,0.919,0.071
315000,0.010,0.934,0.056
315500,0.010,0.924,0.066
316000,0.010,0.916,0.074
316500,0.010,0.923,0.067
317000,0.010,0.948,0.042
317500,0.010,0.949,0.041
318000,0.010,0.948,0.042
318500,0.010,0.955,0.035
319000,0.010,0.938,0.052
319500,0.010,0.927,0.062
320000,0.010,0.922,0.068
320500,0.010,0.892,0.098
321000,0.010,0.923,0.067
321500,0.010,0.952,0.038
322000,0.010,0.964,0.026
322500,0.010,0.953,0.037
323000,0.010,0.953,0.037
323500,0.010,0.940,0.050
324000,0.010,0.939,0.051
324500,0.010,0.963,0.027
325000,0.010,0.967,0.023
325500,0.010,0.933,0.057
326000,0.010,0.947,0.043
326500,0.010,0.935,0.055
327000,0.010,0.941,0.049
327500,0.010,0.907,0.083
328000,0.010,0.867,0.123
328500,0.010,0.885,0.105
329000,0.010,0.875,0.115
329500,0.010,0.911,0.079
330000,0.010,0.912,0.078
330500,0.010,0.933,0.056
331000,0.010,0.929,0.061
331500,0.010,0.914,0.076
332000,0.010,0.951,0.039
332500,0.010,0.962,0.028
333000,0.010,0.937,0.053
333500,0.010,0.938,0.052
334000,0.010,0.941,0.049
334500,0.010,0.929,0.060
335000,0.010,0.936,0.054
335500,0.010,0.947,0.043
336000,0.010,0.963,0.027
336500,0.010,0.937,0.053
337000,0.010,0.922,0.068
337500,0.010,0.922,0.068
338000,0.010,0.931,0.058
338500,0.010,0.912,0.078
339000,0.010,0.915,0.075
339500,0.010,0.921,0.069
340000,0.010,0.919,0.071
340500,0.010,0.926,0.064
341000,0.010,0.936,0.054
341500,0.010,0.942,0.048
342000,0.010,0.946,0.044
342500,0.010,0.944,0.046
343000,0.010,0.882,0.108
343500,0.010,0.859,0.131
344000,0.010,0.884,0.106
344500,0.010,0.853,0.137
345000,0.010,0.823,0.167
345500,0.010,0.831,0.159
346000,0.010,0.813,0.177
346500,0.010,0.819,0.171
347000,0.010,0.853,0.137
347500,0.010,0.881,0.109
348000,0.010,0.887,0.103
348500,0.010,0.862,0.128
349000,0.010,0.859,0.131
349500,0.010,0.890,0.100
350000,0.010,0.910,0.080
350500,0.010,0.892,0.098
351000,0.010,0.888,0.102
351500,0.010,0.880,0.110
352000,0.010,0.888,0.102
352500,0.010,0.866,0.124
353000,0.010,0.912,0.078
353500,0.010,0.918,0.072
354000,0.010,0.919,0.071
354500,0.010,0.927,0.063
355000,0.010,0.917,0.073
355500,0.010,0.915,0.075
356000,0.010,0.934,0.056
356500,0.010,0.913,0.077
357000,0.010,0.930,0.059
357500,0.010,0.926,0.064
358000,0.010,0.920,0.070
358500,0.010,0.928,0.062
359000,0.010,0.937,0.053
359500,0.010,0.943,0.047
360000,0.010,0.917,0.073
360500,0.010,0.935,0.055
361000,0.010,0.892,0.098
361500,0.010,0.913,0.077
362000,0.010,0.907,0.083
362500,0.010,0.899,0.091
363000,0.010,0.897,0.093
363500,0.010,0.881,0.109
364000,0.010,0.900,0.090
364500,0.010,0.933,0.057
365000,0.010,0.948,0.042
365500,0.010,0.948,0.042
366000,0.010,0.884,0.106
366500,0.010,0.866,0.124
367000,0.010,0.869,0.121
367500,0.010,0.915,0.075
368000,0.010,0.921,0.069
368500,0.010,0.919,0.071
369000,0.010,0.908,0.082
369500,0.010,0.901,0.089
370000,0.010,0.842,0.148
370500,0.010,0.870,0.120
371000,0.010,0.916,0.074
371500,0.010,0.915,0.075
372000,0.010,0.945,0.045
372500,0.010,0.969,0.021
373000,0.010,0.958,0.032
373500,0.010,0.933,0.057
374000,0.010,0.931,0.058
374500,0.010,0.923,0.067
375000,0.010,0.918,0.072
375500,0.010,0.893,0.097
376000,0.010,0.913,0.077
376500,0.010,0.919,0.071
377000,0.010,0.940,0.050
377500,0.010,0.905,0.085
378000,0.010,0.917,0.073
378500,0.010,0.932,0.057
379000,0.010,0.937,0.053
379500,0.010,0.926,0.064
380000,0.010,0.949,0.041
380500,0.010,0.938,0.052
381000,0.010,0.906,0.084
381500,0.010,0.894,0.096
382000,0.010,0.861,0.129
382500,0.010,0.881,0.109
383000,0.010,0.918,0.072
383500,0.010,0.914,0.076
384000,0.010,0.909,0.081
384500,0.010,0.912,0.078
385000,0.010,0.912,0.078
385500,0.010,0.909,0.081
386000,0.010,0.886,0.104
386500,0.010,0.907,0.083
387000,0.010,0.879,0.111
387500,0.010,0.845,0.145
388000,0.010,0.839,0.151
388500,0.010,0.875,0.115
389000,0.010,0.910,0.080
389500,0.010,0.888,0.102
390000,0.010,0.890,0.100
390500,0.010,0.918,0.072
391000,0.010,0.943,0.047
391500,0.010,0.925,0.065
392000,0.010,0.920,0.070
392500,0.010,0.938,0.052
393000,0.010,0.966,0.024
393500,0.010,0.960,0.030
394000,0.010,0.955,0.035
394500,0.010,0.941,0.049
395000,0.010,0.955,0.035
395500,0.010,0.968,0.022
396000,0.010,0.965,0.025
396500,0.010,0.941,0.049
397000,0.010,0.944,0.046
397500,0.010,0.940,0.050
398000,0.010,0.875,0.115
398500,0.010,0.906,0.084
399000,0.010,0.885,0.105
399500,0.010,0.911,0.079
400000,0.010,0.925,0.065
400500,0.010,0.946,0.044
401000,0.010,0.929,0.061
401500,0.010,0.943,0.047
402000,0.010,0.945,0.045
402500,0.010,0.933,0.057
403000,0.010,0.918,0.072
403500,0.010,0.942,0.048
404000,0.010,0.916,0.074
404500,0.010,0.919,0.071
405000,0.010,0.900,0.090
405500,0.010,0.901,0.089
406000,0.010,0.888,0.102
406500,0.010,0.893,0.097
407000,0.010,0.885,0.105
407500,0.010,0.919,0.071
408000,0.010,0.913,0.077
408500,0.010,0.908,0.082
409000,0.010,0.912,0.078
409500,0.010,0.914,0.076
410000,0.010,0.870,0.120
410500,0.010,0.897,0.093
411000,0.010,0.939,0.051
411500,0.010,0.923,0.067
412000,0.010,0.943,0.047
412500,0.010,0.933,0.056
413000,0.010,0.950,0.040
413500,0.010,0.957,0.033
414000,0.010,0.940,0.050
414500,0.010,0.918,0.072
415000,0.010,0.892,0.098
415500,0.010,0.924,0.066
416000,0.010,0.932,0.058
416500,0.010,0.915,0.075
417000,0.010,0.934,0.056
417500,0.010,0.948,0.042
418000,0.010,0.953,0.037
418500,0.010,0.925,0.065
419000,0.010,0.961,0.029
419500,0.010,0.967,0.023
420000,0.010,0.952,0.038
420500,0.010,0.972,0.018
421000,0.010,0.945,0.045
421500,0.010,0.923,0.067
422000,0.010,0.905,0.085
422500,0.010,0.918,0.072
423000,0.010,0.909,0.081
423500,0.010,0.911,0.079
424000,0.010,0.882,0.108
424500,0.010,0.895,0.095
425000,0.010,0.889,0.101
425500,0.010,0.908,0.082
426000,0.010,0.908,0.082
426500,0.010,0.917,0.073
427000,0.010,0.936,0.053
427500,0.010,0.921,0.069
428000,0.010,0.924,0.066
428500,0.010,0.924,0.066
429000,0.010,0.933,0.056
429500,0.010,0.955,0.035
430000,0.010,0.957,0.033
430500,0.010,0.944,0.046
431000,0.010,0.925,0.065
431500,0.010,0.907,0.083
432000,0.010,0.912,0.078
432500,0.010,0.904,0.086
433000,0.010,0.902,0.088
433500,0.010,0.931,0.058
434000,0.010,0.903,0.087
434500,0.010,0.881,0.109
435000,0.010,0.857,0.133
435500,0.010,0.897,0.093
436000,0.010,0.923,0.067
436500,0.010,0.939,0.051
437000,0.010,0.915,0.075
437500,0.010,0.914,0.076
438000,0.010,0.943,0.047
438500,0.010,0.951,0.039
439000,0.010,0.976,0.014
439500,0.010,0.940,0.050
440000,0.010,0.932,0.057
440500,0.010,0.907,0.083
441000,0.010,0.917,0.073
441500,0.010,0.915,0.075
442000,0.010,0.890,0.100
442500,0.010,0.903,0.087
443000,0.010,0.884,0.106
443500,0.010,0.877,0.113
444000,0.010,0.883,0.107
444500,0.010,0.923,0.067
445000,0.010,0.906,0.084
445500,0.010,0.905,0.085
446000,0.010,0.909,0.081
446500,0.010,0.909,0.081
447000,0.010,0.925,0.065
447500,0.010,0.939,0.051
448000,0.010,0.952,0.038
448500,0.010,0.946,0.044
449000,0.010,0.920,0.070
449500,0.010,0.918,0.072
450000,0.010,0.898,0.092
450500,0.010,0.891,0.099
451000,0.010,0.892,0.098
451500,0.010,0.916,0.074
452000,0.010,0.907,0.083
452500,0.010,0.912,0.078
453000,0.010,0.941,0.049
453500,0.010,0.920,0.070
454000,0.010,0.919,0.071
454500,0.010,0.936,0.053
455000,0.010,0.919,0.071
455500,0.010,0.906,0.084
456000,0.010,0.890,0.100
456500,0.010,0.895,0.095
457000,0.010,0.878,0.112
457500,0.010,0.844,0.146
458000,0.010,0.824,0.166
458500,0.010,0.890,0.100
459000,0.010,0.880,0.110
459500,0.010,0.929,0.060
460000,0.010,0.941,0.049
460500,0.010,0.928,0.061
461000,0.010,0.945,0.045
461500,0.010,0.916,0.074
462000,0.010,0.884,0.106
462500,0.010,0.887,0.103
463000,0.010,0.913,0.077
463500,0.010,0.920,0.070
464000,0.010,0.892,0.098
464500,0.010,0.909,0.081
465000,0.010,0.904,0.086
465500,0.010,0.905,0.085
466000,0.010,0.921,0.069
466500,0.010,0.930,0.060
467000,0.010,0.930,0.060
467500,0.010,0.927,0.062
468000,0.010,0.924,0.066
468500,0.010,0.919,0.071
469000,0.010,0.920,0.070
469500,0.010,0.913,0.077
470000,0.010,0.947,0.043
470500,0.010,0.900,0.090
471000,0.010,0.878,0.112
471500,0.010,0.884,0.106
472000,0.010,0.899,0.091
472500,0.010,0.888,0.102
473000,0.010,0.912,0.078
473500,0.010,0.924,0.066
474000,0.010,0.904,0.086
474500,0.010,0.881,0.109
475000,0.010,0.935,0.055
475500,0.010,0.946,0.044
476000,0.010,0.952,0.038
476500,0.010,0.922,0.068
477000,0.010,0.932,0.057
477500,0.010,0.958,0.032
478000,0.010,0.943,0.047
478500,0.010,0.932,0.058
479000,0.010,0.929,0.061
479500,0.010,0.913,0.077
480000,0.010,0.915,0.075
480500,0.010,0.912,0.078
481000,0.010,0.880,0.110
481500,0.010,0.893,0.097
482000,0.010,0.887,0.103
482500,0.010,0.876,0.114
483000,0.010,0.863,0.127
483500,0.010,0.900,0.090
484000,0.010,0.861,0.129
484500,0.010,0.893,0.097
485000,0.010,0.902,0.088
485500,0.010,0.910,0.080
486000,0.010,0.918,0.072
486500,0.010,0.936,0.054
487000,0.010,0.921,0.069
487500,0.010,0.940,0.050
488000,0.010,0.916,0.074
488500,0.010,0.932,0.057
489000,0.010,0.933,0.057
489500,0.010,0.902,0.088
490000,0.010,0.935,0.054
490500,0.010,0.935,0.055
491000,0.010,0.949,0.041
491500,0.010,0.948,0.042
492000,0.010,0.930,0.059
492500,0.010,0.929,0.060
493000,0.010,0.943,0.047
493500,0.010,0.933,0.057
494000,0.010,0.916,0.074
494500,0.010,0.899,0.091
495000,0.010,0.889,0.101
495500,0.010,0.923,0.067
496000,0.010,0.919,0.071
496500,0.010,0.910,0.080
497000,0.010,0.925,0.065
497500,0.010,0.940,0.050
498000,0.010,0.930,0.059
498500,0.010,0.888,0.102
499000,0.010,0.854,0.136
499500,0.010,0.872,0.118
500000,0.010,0.899,0.091
500500,0.010,0.940,0.050
501000,0.010,0.912,0.078
501500,0.010,0.932,0.057
502000,0.010,0.911,0.079
502500,0.010,0.925,0.065
503000,0.010,0.933,0.056
503500,0.010,0.958,0.032
504000,0.010,0.931,0.058
504500,0.010,0.896,0.094
505000,0.010,0.904,0.086
505500,0.010,0.911,0.079
506000,0.010,0.936,0.054
506500,0.010,0.940,0.050
507000,0.010,0.946,0.044
507500,0.010,0.921,0.069
508000,0.010,0.912,0.078
508500,0.010,0.910,0.080
509000,0.010,0.902,0.088
509500,0.010,0.935,0.055
510000,0.010,0.930,0.059
510500,0.010,0.945,0.045
511000,0.010,0.900,0.090
511500,0.010,0.929,0.061
512000,0.010,0.915,0.075
512500,0.010,0.950,0.040
513000,0.010,0.922,0.068
513500,0.010,0.898,0.092
514000,0.010,0.914,0.076
514500,0.010,0.898,0.092
515000,0.010,0.894,0.096
515500,0.010,0.861,0.129
516000,0.010,0.878,0.112
516500,0.010,0.881,0.109
517000,0.010,0.850,0.140
517500,0.010,0.893,0.097
518000,0.010,0.935,0.054
518500,0.010,0.933,0.056
519000,0.010,0.910,0.080
519500,0.010,0.869,0.121
520000,0.010,0.889,0.101
520500,0.010,0.892,0.098
521000,0.010,0.892,0.098
521500,0.010,0.894,0.096
522000,0.010,0.921,0.069
522500,0.010,0.956,0.034
523000,0.010,0.945,0.045
523500,0.010,0.912,0.078
524000,0.010,0.910,0.080
524500,0.010,0.896,0.094
525000,0.010,0.849,0.141
525500,0.010,0.866,0.124
526000,0.010,0.867,0.123
526500,0.010,0.882,0.108
527000,0.010,0.872,0.118
527500,0.010,0.889,0.101
528000,0.010,0.840,0.150
528500,0.010,0.859,0.131
529000,0.010,0.884,0.106
529500,0.010,0.880,0.110
530000,0.010,0.929,0.061
530500,0.010,0.929,0.061
531000,0.010,0.934,0.056
531500,0.010,0.892,0.098
532000,0.010,0.897,0.093
532500,0.010,0.922,0.068
533000,0.010,0.928,0.062
533500,0.010,0.947,0.043
534000,0.010,0.949,0.041
534500,0.010,0.910,0.080
535000,0.010,0.905,0.085
535500,0.010,0.907,0.083
536000,0.010,0.928,0.061
536500,0.010,0.923,0.067
537000,0.010,0.916,0.074
537500,0.010,0.934,0.056
538000,0.010,0.957,0.033
538500,0.010,0.952,0.038
539000,0.010,0.943,0.047
539500,0.010,0.914,0.076
540000,0.010,0.926,0.064
540500,0.010,0.927,0.063
541000,0.010,0.911,0.079
541500,0.010,0.913,0.077
542000,0.010,0.932,0.057
542500,0.010,0.911,0.079
543000,0.010,0.940,0.050
543500,0.010,0.893,0.097
544000,0.010,0.900,0.090
544500,0.010,0.938,0.052
545000,0.010,0.894,0.096
545500,0.010,0.866,0.124
546000,0.010,0.882,0.108
546500,0.010,0.907,0.083
547000,0.010,0.885,0.105
547500,0.010,0.915,0.075
548000,0.010,0.935,0.055
548500,0.010,0.938,0.052
549000,0.010,0.916,0.074
549500,0.010,0.927,0.063
550000,0.010,0.946,0.044
550500,0.010,0.923,0.067
551000,0.010,0.943,0.047
551500,0.010,0.927,0.062
552000,0.010,0.935,0.055
552500,0.010,0.891,0.099
553000,0.010,0.905,0.085
553500,0.010,0.911,0.079
554000,0.010,0.897,0.093
554500,0.010,0.930,0.059
555000,0.010,0.925,0.065
555500,0.010,0.897,0.093
556000,0.010,0.890,0.100
556500,0.010,0.907,0.083
557000,0.010,0.956,0.034
557500,0.010,0.968,0.022
558000,0.010,0.968,0.022
558500,0.010,0.959,0.031
559000,0.010,0.948,0.042
559500,0.010,0.894,0.096
560000,0.010,0.908,0.082
560500,0.010,0.902,0.088
561000,0.010,0.928,0.061
561500,0.010,0.908,0.082
562000,0.010,0.929,0.060
562500,0.010,0.916,0.074
563000,0.010,0.903,0.087
563500,0.010,0.891,0.099
564000,0.010,0.855,0.135
564500,0.010,0.880,0.110
565000,0.010,0.921,0.069
565500,0.010,0.943,0.047
566000,0.010,0.922,0.068
566500,0.010,0.941,0.049
567000,0.010,0.915,0.075
567500,0.010,0.911,0.079
568000,0.010,0.922,0.068
568500,0.010,0.948,0.042
569000,0.010,0.972,0.018
569500,0.010,0.983,0.007
570000,0.010,0.952,0.038
570500,0.010,0.946,0.044
571000,0.010,0.940,0.050
571500,0.010,0.933,0.057
572000,0.010,0.939,0.051
572500,0.010,0.958,0.032
573000,0.010,0.936,0.053
573500,0.010,0.956,0.034
574000,0.010,0.943,0.047
574500,0.010,0.963,0.027
575000,0.010,0.957,0.033
575500,0.010,0.960,0.030
576000,0.010,0.959,0.031
576500,0.010,0.953,0.037
577000,0.010,0.938,0.052
577500,0.010,0.930,0.059
578000,0.010,0.943,0.047
578500,0.010,0.914,0.076
579000,0.010,0.895,0.095
579500,0.010,0.882,0.108
580000,0.010,0.927,0.062
580500,0.010,0.963,0.027
581000,0.010,0.976,0.014
581500,0.010,0.967,0.023
582000,0.010,0.966,0.024
582500,0.010,0.960,0.030
583000,0.010,0.970,0.020
583500,0.010,0.963,0.027
584000,0.010,0.930,0.059
584500,0.010,0.960,0.030
585000,0.010,0.933,0.056
585500,0.010,0.934,0.055
586000,0.010,0.928,0.061
586500,0.010,0.935,0.054
587000,0.010,0.928,0.061
587500,0.010,0.924,0.066
588000,0.010,0.875,0.115
588500,0.010,0.885,0.105
589000,0.010,0.897,0.093
589500,0.010,0.911,0.079
590000,0.010,0.911,0.079
590500,0.010,0.918,0.072
591000,0.010,0.946,0.044
591500,0.010,0.962,0.028
592000,0.010,0.948,0.042
592500,0.010,0.940,0.050
593000,0.010,0.903,0.087
593500,0.010,0.892,0.098
594000,0.010,0.921,0.069
594500,0.010,0.941,0.049
595000,0.010,0.879,0.111
595500,0.010,0.908,0.082
596000,0.010,0.912,0.078
596500,0.010,0.915,0.075
597000,0.010,0.911,0.079
597500,0.010,0.887,0.103
598000,0.010,0.903,0.087
598500,0.010,0.863,0.127
599000,0.010,0.862,0.128
599500,0.010,0.884,0.106
600000,0.010,0.893,0.097
600500,0.010,0.921,0.069
601000,0.010,0.965,0.025
601500,0.010,0.940,0.050
602000,0.010,0.951,0.039
602500,0.010,0.916,0.074
603000,0.010,0.930,0.060
603500,0.010,0.936,0.054
604000,0.010,0.907,0.083
604500,0.010,0.928,0.062
605000,0.010,0.917,0.073
605500,0.010,0.946,0.044
606000,0.010,0.943,0.047
606500,0.010,0.934,0.055
607000,0.010,0.917,0.073
607500,0.010,0.935,0.055
608000,0.010,0.942,0.048
608500,0.010,0.946,0.044
609000,0.010,0.959,0.031
609500,0.010,0.946,0.044
610000,0.010,0.927,0.063
610500,0.010,0.921,0.069
611000,0.010,0.919,0.071
611500,0.010,0.913,0.077
612000,0.010,0.936,0.053
612500,0.010,0.949,0.041
613000,0.010,0.943,0.047
613500,0.010,0.952,0.038
614000,0.010,0.947,0.043
614500,0.010,0.934,0.056
615000,0.010,0.909,0.081
615500,0.010,0.927,0.062
616000,0.010,0.934,0.055
616500,0.010,0.931,0.058
617000,0.010,0.929,0.061
617500,0.010,0.918,0.072
618000,0.010,0.867,0.123
618500,0.010,0.911,0.079
619000,0.010,0.917,0.073
619500,0.010,0.931,0.059
620000,0.010,0.920,0.070
620500,0.010,0.907,0.083
621000,0.010,0.897,0.093
621500,0.010,0.904,0.086
622000,0.010,0.901,0.089
622500,0.010,0.902,0.088
623000,0.010,0.919,0.071
623500,0.010,0.936,0.054
624000,0.010,0.886,0.104
624500,0.010,0.881,0.109
625000,0.010,0.861,0.129
625500,0.010,0.827,0.163
626000,0.010,0.815,0.175
626500,0.010,0.821,0.169
627000,0.010,0.861,0.129
627500,0.010,0.875,0.115
628000,0.010,0.927,0.062
628500,0.010,0.931,0.059
629000,0.010,0.922,0.068
629500,0.010,0.916,0.074
630000,0.010,0.926,0.064
630500,0.010,0.904,0.086
631000,0.010,0.899,0.091
631500,0.010,0.891,0.099
632000,0.010,0.895,0.095
632500,0.010,0.913,0.077
633000,0.010,0.907,0.083
633500,0.010,0.908,0.082
634000,0.010,0.912,0.078
634500,0.010,0.895,0.095
635000,0.010,0.854,0.136
635500,0.010,0.893,0.097
636000,0.010,0.922,0.068
636500,0.010,0.954,0.036
637000,0.010,0.947,0.043
637500,0.010,0.948,0.042
638000,0.010,0.947,0.043
638500,0.010,0.916,0.074
639000,0.010,0.932,0.057
639500,0.010,0.905,0.085
640000,0.010,0.919,0.071
640500,0.010,0.886,0.104
641000,0.010,0.896,0.094
641500,0.010,0.942,0.048
642000,0.010,0.903,0.087
642500,0.010,0.901,0.089
643000,0.010,0.871,0.119
643500,0.010,0.875,0.115
644000,0.010,0.889,0.101
644500,0.010,0.869,0.121
645000,0.010,0.890,0.100
645500,0.010,0.881,0.109
646000,0.010,0.819,0.171
646500,0.010,0.835,0.155
647000,0.010,0.836,0.154
647500,0.010,0.873,0.117
648000,0.010,0.825,0.165
648500,0.010,0.877,0.113
649000,0.010,0.894,0.096
649500,0.010,0.898,0.092
650000,0.010,0.903,0.087
650500,0.010,0.909,0.081
651000,0.010,0.917,0.073
651500,0.010,0.875,0.115
652000,0.010,0.897,0.093
652500,0.010,0.892,0.098
653000,0.010,0.873,0.117
653500,0.010,0.885,0.105
654000,0.010,0.913,0.077
654500,0.010,0.915,0.075
655000,0.010,0.895,0.095
655500,0.010,0.909,0.081
656000,0.010,0.911,0.079
656500,0.010,0.924,0.066
657000,0.010,0.911,0.079
657500,0.010,0.940,0.050
658000,0.010,0.948,0.042
658500,0.010,0.934,0.055
659000,0.010,0.927,0.062
659500,0.010,0.924,0.066
660000,0.010,0.922,0.068
660500,0.010,0.921,0.069
661000,0.010,0.957,0.033
661500,0.010,0.959,0.031
662000,0.010,0.955,0.035
662500,0.010,0.926,0.064
663000,0.010,0.927,0.062
663500,0.010,0.941,0.049
664000,0.010,0.961,0.029
664500,0.010,0.944,0.046
665000,0.010,0.909,0.081
665500,0.010,0.926,0.064
666000,0.010,0.935,0.054
666500,0.010,0.861,0.129
667000,0.010,0.886,0.104
667500,0.010,0.913,0.077
668000,0.010,0.905,0.085
668500,0.010,0.905,0.085
669000,0.010,0.906,0.084
669500,0.010,0.904,0.086
670000,0.010,0.866,0.124
670500,0.010,0.881,0.109
671000,0.010,0.867,0.123
671500,0.010,0.844,0.146
672000,0.010,0.900,0.090
672500,0.010,0.927,0.063
673000,0.010,0.927,0.063
673500,0.010,0.930,0.059
674000,0.010,0.938,0.052
674500,0.010,0.919,0.071
675000,0.010,0.932,0.058
675500,0.010,0.939,0.051
676000,0.010,0.922,0.068
676500,0.010,0.920,0.070
677000,0.010,0.887,0.103
677500,0.010,0.880,0.110
678000,0.010,0.887,0.103
678500,0.010,0.912,0.078
679000,0.010,0.933,0.056
679500,0.010,0.908,0.082
680000,0.010,0.898,0.092
680500,0.010,0.919,0.071
681000,0.010,0.927,0.062
681500,0.010,0.932,0.058
682000,0.010,0.925,0.065
682500,0.010,0.891,0.099
683000,0.010,0.898,0.092
683500,0.010,0.919,0.071
684000,0.010,0.932,0.058
684500,0.010,0.918,0.072
685000,0.010,0.927,0.063
685500,0.010,0.908,0.082
686000,0.010,0.890,0.100
686500,0.010,0.926,0.064
687000,0.010,0.919,0.071
687500,0.010,0.906,0.084
688000,0.010,0.911,0.079
688500,0.010,0.850,0.140
689000,0.010,0.871,0.119
689500,0.010,0.892,0.098
690000,0.010,0.865,0.125
690500,0.010,0.867,0.123
691000,0.010,0.886,0.104
691500,0.010,0.893,0.097
692000,0.010,0.911,0.079
692500,0.010,0.915,0.075
693000,0.010,0.933,0.056
693500,0.010,0.917,0.073
694000,0.010,0.929,0.060
694500,0.010,0.934,0.055
695000,0.010,0.966,0.024
695500,0.010,0.947,0.043
696000,0.010,0.930,0.060
696500,0.010,0.903,0.087
697000,0.010,0.912,0.078
697500,0.010,0.865,0.125
698000,0.010,0.900,0.090
698500,0.010,0.921,0.069
699000,0.010,0.930,0.060
699500,0.010,0.898,0.092
700000,0.010,0.918,0.072
700500,0.010,0.939,0.051
701000,0.010,0.933,0.056
701500,0.010,0.927,0.063
702000,0.010,0.924,0.066
702500,0.010,0.939,0.051
703000,0.010,0.933,0.056
703500,0.010,0.904,0.086
704000,0.010,0.907,0.083
704500,0.010,0.925,0.065
705000,0.010,0.906,0.084
705500,0.010,0.878,0.112
706000,0.010,0.897,0.093
706500,0.010,0.927,0.062
707000,0.010,0.953,0.037
707500,0.010,0.945,0.045
708000,0.010,0.949,0.041
708500,0.010,0.923,0.067
709000,0.010,0.922,0.068
709500,0.010,0.944,0.046
710000,0.010,0.914,0.076
710500,0.010,0.934,0.055
711000,0.010,0.920,0.070
711500,0.010,0.897,0.093
712000,0.010,0.885,0.105
712500,0.010,0.889,0.101
713000,0.010,0.913,0.077
713500,0.010,0.935,0.054
714000,0.010,0.943,0.047
714500,0.010,0.947,0.043
715000,0.010,0.956,0.034
715500,0.010,0.943,0.047
716000,0.010,0.936,0.053
716500,0.010,0.937,0.053
717000,0.010,0.960,0.030
717500,0.010,0.959,0.031
718000,0.010,0.956,0.034
718500,0.010,0.967,0.023
719000,0.010,0.953,0.037
719500,0.010,0.916,0.074
720000,0.010,0.910,0.080
720500,0.010,0.922,0.068
721000,0.010,0.898,0.092
721500,0.010,0.874,0.116
722000,0.010,0.867,0.123
722500,0.010,0.842,0.148
723000,0.010,0.886,0.104
723500,0.010,0.891,0.099
724000,0.010,0.901,0.089
724500,0.010,0.917,0.073
725000,0.010,0.925,0.065
725500,0.010,0.915,0.075
726000,0.010,0.879,0.111
726500,0.010,0.884,0.106
727000,0.010,0.853,0.137
727500,0.010,0.858,0.132
728000,0.010,0.818,0.172
728500,0.010,0.791,0.199
729000,0.010,0.784,0.206
729500,0.010,0.847,0.143
730000,0.010,0.840,0.150
730500,0.010,0.882,0.108
731000,0.010,0.892,0.098
731500,0.010,0.898,0.092
732000,0.010,0.928,0.062
732500,0.010,0.935,0.055
733000,0.010,0.918,0.072
733500,0.010,0.883,0.107
734000,0.010,0.923,0.067
734500,0.010,0.929,0.060
735000,0.010,0.914,0.076
735500,0.010,0.903,0.087
736000,0.010,0.938,0.052
736500,0.010,0.935,0.054
737000,0.010,0.902,0.088
737500,0.010,0.947,0.043
738000,0.010,0.952,0.038
738500,0.010,0.897,0.093
739000,0.010,0.875,0.115
739500,0.010,0.873,0.117
740000,0.010,0.895,0.095
740500,0.010,0.899,0.091
741000,0.010,0.913,0.077
741500,0.010,0.903,0.087
742000,0.010,0.929,0.060
742500,0.010,0.965,0.025
743000,0.010,0.949,0.041
743500,0.010,0.931,0.059
744000,0.010,0.906,0.084
744500,0.010,0.914,0.076
745000,0.010,0.939,0.051
745500,0.010,0.923,0.067
746000,0.010,0.908,0.082
746500,0.010,0.910,0.080
747000,0.010,0.924,0.066
747500,0.010,0.920,0.070
748000,0.010,0.924,0.066
748500,0.010,0.930,0.059
749000,0.010,0.926,0.064
749500,0.010,0.932,0.058
750000,0.010,0.909,0.081
750500,0.010,0.906,0.084
751000,0.010,0.896,0.094
751500,0.010,0.869,0.121
752000,0.010,0.787,0.203
752500,0.010,0.820,0.170
753000,0.010,0.864,0.126
753500,0.010,0.902,0.088
754000,0.010,0.920,0.070
754500,0.010,0.910,0.080
755000,0.010,0.916,0.074
755500,0.010,0.940,0.050
756000,0.010,0.935,0.054
756500,0.010,0.870,0.120
757000,0.010,0.871,0.119
757500,0.010,0.853,0.137
758000,0.010,0.872,0.118
758500,0.010,0.858,0.132
759000,0.010,0.850,0.140
759500,0.010,0.847,0.143
760000,0.010,0.848,0.142
760500,0.010,0.887,0.103
761000,0.010,0.903,0.087
761500,0.010,0.938,0.052
762000,0.010,0.926,0.064
762500,0.010,0.933,0.056
763000,0.010,0.873,0.117
763500,0.010,0.875,0.115
764000,0.010,0.908,0.082
764500,0.010,0.918,0.072
765000,0.010,0.911,0.079
765500,0.010,0.925,0.065
766000,0.010,0.932,0.057
766500,0.010,0.925,0.065
767000,0.010,0.949,0.041
767500,0.010,0.954,0.036
768000,0.010,0.943,0.047
768500,0.010,0.942,0.048
769000,0.010,0.899,0.091
769500,0.010,0.876,0.114
770000,0.010,0.886,0.104
770500,0.010,0.909,0.081
771000,0.010,0.900,0.090
771500,0.010,0.892,0.098
772000,0.010,0.908,0.082
772500,0.010,0.842,0.148
773000,0.010,0.848,0.142
773500,0.010,0.865,0.125
774000,0.010,0.905,0.085
774500,0.010,0.906,0.084
775000,0.010,0.910,0.080
775500,0.010,0.903,0.087
776000,0.010,0.931,0.058
776500,0.010,0.942,0.048
777000,0.010,0.952,0.038
777500,0.010,0.970,0.020
778000,0.010,0.945,0.045
778500,0.010,0.938,0.052
779000,0.010,0.943,0.047
779500,0.010,0.946,0.044
780000,0.010,0.921,0.069
780500,0.010,0.930,0.059
781000,0.010,0.954,0.036
781500,0.010,0.915,0.075
782000,0.010,0.893,0.097
782500,0.010,0.894,0.096
783000,0.010,0.911,0.079
783500,0.010,0.910,0.080
784000,0.010,0.889,0.101
784500,0.010,0.900,0.090
785000,0.010,0.920,0.070
785500,0.010,0.913,0.077
786000,0.010,0.909,0.081
786500,0.010,0.942,0.048
787000,0.010,0.907,0.083
787500,0.010,0.930,0.060
788000,0.010,0.928,0.061
788500,0.010,0.909,0.081
789000,0.010,0.944,0.046
789500,0.010,0.916,0.074
790000,0.010,0.925,0.065
790500,0.010,0.940,0.050
791000,0.010,0.941,0.049
791500,0.010,0.936,0.054
792000,0.010,0.919,0.071
792500,0.010,0.928,0.061
793000,0.010,0.916,0.074
793500,0.010,0.900,0.090
794000,0.010,0.920,0.070
794500,0.010,0.898,0.092
795000,0.010,0.916,0.074
795500,0.010,0.921,0.069
796000,0.010,0.930,0.060
796500,0.010,0.906,0.084
797000,0.010,0.925,0.065
797500,0.010,0.895,0.095
798000,0.010,0.925,0.065
798500,0.010,0.937,0.053
799000,0.010,0.946,0.044
799500,0.010,0.960,0.030
800000,0.010,0.954,0.036
800500,0.010,0.911,0.079
801000,0.010,0.936,0.054
801500,0.010,0.932,0.058
802000,0.010,0.948,0.042
802500,0.010,0.927,0.063
803000,0.010,0.924,0.066
803500,0.010,0.933,0.056
804000,0.010,0.932,0.058
804500,0.010,0.928,0.062
805000,0.010,0.919,0.071
805500,0.010,0.920,0.070
806000,0.010,0.936,0.054
806500,0.010,0.914,0.076
807000,0.010,0.921,0.069
807500,0.010,0.916,0.074
808000,0.010,0.938,0.052
808500,0.010,0.913,0.077
809000,0.010,0.917,0.073
809500,0.010,0.916,0.074
810000,0.010,0.921,0.069
810500,0.010,0.927,0.063
811000,0.010,0.918,0.072
811500,0.010,0.931,0.058
812000,0.010,0.945,0.045
812500,0.010,0.950,0.040
813000,0.010,0.949,0.041
813500,0.010,0.936,0.054
814000,0.010,0.955,0.035
814500,0.010,0.936,0.053
815000,0.010,0.928,0.061
815500,0.010,0.925,0.065
816000,0.010,0.928,0.061
816500,0.010,0.930,0.060
817000,0.010,0.905,0.085
817500,0.010,0.905,0.085
818000,0.010,0.918,0.072
818500,0.010,0.916,0.074
819000,0.010,0.872,0.118
819500,0.010,0.821,0.169
820000,0.010,0.857,0.133
820500,0.010,0.852,0.138
821000,0.010,0.928,0.062
821500,0.010,0.903,0.087
822000,0.010,0.914,0.076
822500,0.010,0.920,0.070
823000,0.010,0.925,0.065
823500,0.010,0.919,0.071
824000,0.010,0.910,0.080
824500,0.010,0.893,0.097
825000,0.010,0.886,0.104
825500,0.010,0.921,0.069
826000,0.010,0.930,0.060
826500,0.010,0.916,0.074
827000,0.010,0.928,0.062
827500,0.010,0.945,0.045
828000,0.010,0.950,0.040
828500,0.010,0.944,0.046
829000,0.010,0.955,0.035
829500,0.010,0.965,0.025
830000,0.010,0.931,0.058
830500,0.010,0.938,0.052
831000,0.010,0.891,0.099
831500,0.010,0.918,0.072
832000,0.010,0.914,0.076
832500,0.010,0.932,0.058
833000,0.010,0.887,0.103
833500,0.010,0.868,0.122
834000,0.010,0.861,0.129
834500,0.010,0.922,0.068
835000,0.010,0.915,0.075
835500,0.010,0.920,0.070
836000,0.010,0.896,0.094
836500,0.010,0.861,0.129
837000,0.010,0.901,0.089
837500,0.010,0.957,0.033
838000,0.010,0.947,0.043
838500,0.010,0.901,0.089
839000,0.010,0.923,0.067
839500,0.010,0.909,0.081
840000,0.010,0.902,0.088
840500,0.010,0.910,0.080
841000,0.010,0.903,0.087
841500,0.010,0.857,0.133
842000,0.010,0.906,0.084
842500,0.010,0.911,0.079
843000,0.010,0.932,0.057
843500,0.010,0.916,0.074
844000,0.010,0.918,0.072
844500,0.010,0.930,0.060
845000,0.010,0.909,0.081
845500,0.010,0.916,0.074
846000,0.010,0.883,0.107
846500,0.010,0.867,0.123
847000,0.010,0.907,0.083
847500,0.010,0.896,0.094
848000,0.010,0.902,0.088
848500,0.010,0.876,0.114
849000,0.010,0.906,0.084
849500,0.010,0.934,0.056
850000,0.010,0.910,0.080
850500,0.010,0.914,0.076
851000,0.010,0.875,0.115
851500,0.010,0.910,0.080
852000,0.010,0.858,0.132
852500,0.010,0.849,0.141
853000,0.010,0.842,0.148
853500,0.010,0.864,0.126
854000,0.010,0.868,0.122
854500,0.010,0.876,0.114
855000,0.010,0.911,0.079
855500,0.010,0.926,0.064
856000,0.010,0.879,0.111
856500,0.010,0.870,0.120
857000,0.010,0.921,0.069
857500,0.010,0.939,0.051
858000,0.010,0.903,0.087
858500,0.010,0.922,0.068
859000,0.010,0.932,0.058
859500,0.010,0.933,0.057
860000,0.010,0.895,0.095
860500,0.010,0.861,0.129
861000,0.010,0.894,0.096
861500,0.010,0.922,0.068
862000,0.010,0.944,0.046
862500,0.010,0.947,0.043
863000,0.010,0.912,0.078
863500,0.010,0.896,0.094
864000,0.010,0.904,0.086
864500,0.010,0.900,0.090
865000,0.010,0.927,0.062
865500,0.010,0.954,0.036
866000,0.010,0.950,0.040
866500,0.010,0.957,0.033
867000,0.010,0.957,0.033
867500,0.010,0.916,0.074
868000,0.010,0.900,0.090
868500,0.010,0.914,0.076
869000,0.010,0.941,0.049
869500,0.010,0.940,0.050
870000,0.010,0.928,0.061
870500,0.010,0.930,0.059
871000,0.010,0.931,0.059
871500,0.010,0.950,0.040
872000,0.010,0.942,0.048
872500,0.010,0.926,0.064
873000,0.010,0.920,0.070
873500,0.010,0.899,0.091
874000,0.010,0.893,0.097
874500,0.010,0.919,0.071
875000,0.010,0.915,0.075
875500,0.010,0.950,0.040
876000,0.010,0.963,0.027
876500,0.010,0.940,0.050
877000,0.010,0.930,0.059
877500,0.010,0.916,0.074
878000,0.010,0.906,0.084
878500,0.010,0.915,0.075
879000,0.010,0.889,0.101
879500,0.010,0.913,0.077
880000,0.010,0.909,0.081
880500,0.010,0.943,0.047
881000,0.010,0.947,0.043
881500,0.010,0.923,0.067
882000,0.010,0.947,0.043
882500,0.010,0.940,0.050
883000,0.010,0.928,0.061
883500,0.010,0.941,0.049
884000,0.010,0.969,0.021
884500,0.010,0.954,0.036
885000,0.010,0.925,0.065
885500,0.010,0.929,0.061
886000,0.010,0.920,0.070
886500,0.010,0.918,0.072
887000,0.010,0.927,0.062
887500,0.010,0.926,0.064
888000,0.010,0.910,0.080
888500,0.010,0.850,0.140
889000,0.010,0.852,0.138
889500,0.010,0.892,0.098
890000,0.010,0.931,0.059
890500,0.010,0.912,0.078
891000,0.010,0.912,0.078
891500,0.010,0.946,0.044
892000,0.010,0.906,0.084
892500,0.010,0.839,0.151
893000,0.010,0.876,0.114
893500,0.010,0.870,0.120
894000,0.010,0.876,0.114
894500,0.010,0.912,0.078
895000,0.010,0.905,0.085
895500,0.010,0.902,0.088
896000,0.010,0.920,0.070
896500,0.010,0.911,0.079
897000,0.010,0.921,0.069
897500,0.010,0.921,0.069
898000,0.010,0.897,0.093
898500,0.010,0.900,0.090
899000,0.010,0.893,0.097
899500,0.010,0.896,0.094
900000,0.010,0.912,0.078
900500,0.010,0.942,0.048
901000,0.010,0.948,0.042
901500,0.010,0.951,0.039
902000,0.010,0.920,0.070
902500,0.010,0.896,0.094
903000,0.010,0.902,0.088
903500,0.010,0.913,0.077
904000,0.010,0.925,0.065
904500,0.010,0.907,0.083
905000,0.010,0.950,0.040
905500,0.010,0.923,0.067
906000,0.010,0.899,0.091
906500,0.010,0.918,0.072
907000,0.010,0.937,0.053
907500,0.010,0.944,0.046
908000,0.010,0.946,0.044
908500,0.010,0.923,0.067
909000,0.010,0.946,0.044
909500,0.010,0.917,0.073
910000,0.010,0.900,0.090
910500,0.010,0.921,0.069
911000,0.010,0.925,0.065
911500,0.010,0.928,0.062
912000,0.010,0.947,0.043
912500,0.010,0.957,0.033
913000,0.010,0.919,0.071
913500,0.010,0.903,0.087
914000,0.010,0.905,0.085
914500,0.010,0.900,0.090
915000,0.010,0.928,0.062
915500,0.010,0.938,0.052
916000,0.010,0.908,0.082
916500,0.010,0.906,0.084
917000,0.010,0.905,0.085
917500,0.010,0.927,0.062
918000,0.010,0.930,0.060
918500,0.010,0.914,0.076
919000,0.010,0.902,0.088
919500,0.010,0.893,0.097
920000,0.010,0.931,0.058
920500,0.010,0.917,0.073
921000,0.010,0.910,0.080
921500,0.010,0.925,0.065
922000,0.010,0.898,0.092
922500,0.010,0.876,0.114
923000,0.010,0.858,0.132
923500,0.010,0.840,0.150
924000,0.010,0.827,0.163
924500,0.010,0.849,0.141
925000,0.010,0.842,0.148
925500,0.010,0.870,0.120
926000,0.010,0.861,0.129
926500,0.010,0.866,0.124
927000,0.010,0.912,0.078
927500,0.010,0.936,0.054
928000,0.010,0.942,0.048
928500,0.010,0.947,0.043
929000,0.010,0.966,0.024
929500,0.010,0.951,0.039
930000,0.010,0.913,0.077
930500,0.010,0.927,0.063
931000,0.010,0.957,0.033
931500,0.010,0.947,0.043
932000,0.010,0.958,0.032
932500,0.010,0.954,0.036
933000,0.010,0.953,0.037
933500,0.010,0.932,0.058
934000,0.010,0.940,0.050
934500,0.010,0.950,0.040
935000,0.010,0.941,0.049
935500,0.010,0.908,0.082
936000,0.010,0.878,0.112
936500,0.010,0.896,0.094
937000,0.010,0.935,0.054
937500,0.010,0.945,0.045
938000,0.010,0.958,0.032
938500,0.010,0.941,0.049
939000,0.010,0.895,0.095
939500,0.010,0.909,0.081
940000,0.010,0.883,0.107
940500,0.010,0.907,0.083
941000,0.010,0.934,0.056
941500,0.010,0.915,0.075
942000,0.010,0.903,0.087
942500,0.010,0.915,0.075
943000,0.010,0.920,0.070
943500,0.010,0.901,0.089
944000,0.010,0.923,0.067
944500,0.010,0.906,0.084
945000,0.010,0.922,0.068
945500,0.010,0.907,0.083
946000,0.010,0.917,0.073
946500,0.010,0.917,0.073
947000,0.010,0.924,0.066
947500,0.010,0.943,0.047
948000,0.010,0.934,0.055
948500,0.010,0.945,0.045
949000,0.010,0.919,0.071
949500,0.010,0.915,0.075
950000,0.010,0.907,0.083
950500,0.010,0.887,0.103
951000,0.010,0.850,0.140
951500,0.010,0.846,0.144
952000,0.010,0.864,0.126
952500,0.010,0.891,0.099
953000,0.010,0.902,0.088
953500,0.010,0.887,0.103
954000,0.010,0.875,0.115
954500,0.010,0.869,0.121
955000,0.010,0.916,0.074
955500,0.010,0.898,0.092
956000,0.010,0.900,0.090
956500,0.010,0.914,0.076
957000,0.010,0.907,0.083
957500,0.010,0.914,0.076
958000,0.010,0.942,0.048
958500,0.010,0.928,0.061
959000,0.010,0.891,0.099
959500,0.010,0.907,0.083
960000,0.010,0.920,0.070
960500,0.010,0.925,0.065
961000,0.010,0.953,0.037
961500,0.010,0.923,0.067
962000,0.010,0.945,0.045
962500,0.010,0.916,0.074
963000,0.010,0.883,0.107
963500,0.010,0.910,0.080
964000,0.010,0.900,0.090
964500,0.010,0.862,0.128
965000,0.010,0.851,0.139
965500,0.010,0.896,0.094
966000,0.010,0.878,0.112
966500,0.010,0.901,0.089
967000,0.010,0.891,0.099
967500,0.010,0.900,0.090
968000,0.010,0.906,0.084
968500,0.010,0.949,0.041
969000,0.010,0.931,0.058
969500,0.010,0.918,0.072
970000,0.010,0.911,0.079
970500,0.010,0.890,0.100
971000,0.010,0.907,0.083
971500,0.010,0.927,0.062
972000,0.010,0.929,0.060
972500,0.010,0.912,0.078
973000,0.010,0.908,0.082
973500,0.010,0.896,0.094
974000,0.010,0.922,0.068
974500,0.010,0.904,0.086
975000,0.010,0.891,0.099
975500,0.010,0.893,0.097
976000,0.010,0.902,0.088
976500,0.010,0.879,0.111
977000,0.010,0.875,0.115
977500,0.010,0.867,0.123
978000,0.010,0.878,0.112
978500,0.010,0.869,0.121
979000,0.010,0.876,0.114
979500,0.010,0.890,0.100
980000,0.010,0.907,0.083
980500,0.010,0.931,0.058
981000,0.010,0.940,0.050
981500,0.010,0.931,0.059
982000,0.010,0.907,0.083
982500,0.010,0.909,0.081
983000,0.010,0.893,0.097
983500,0.010,0.900,0.090
984000,0.010,0.896,0.094
984500,0.010,0.926,0.064
985000,0.010,0.903,0.087
985500,0.010,0.905,0.085
986000,0.010,0.915,0.075
986500,0.010,0.914,0.076
987000,0.010,0.907,0.083
987500,0.010,0.933,0.057
988000,0.010,0.941,0.049
988500,0.010,0.960,0.030
989000,0.010,0.944,0.046
989500,0.010,0.949,0.041
990000,0.010,0.912,0.078
990500,0.010,0.942,0.048
991000,0.010,0.914,0.076
991500,0.010,0.933,0.057
992000,0.010,0.920,0.070
992500,0.010,0.917,0.073
993000,0.010,0.882,0.108
993500,0.010,0.926,0.064
994000,0.010,0.886,0.104
994500,0.010,0.892,0.098
995000,0.010,0.845,0.145
995500,0.010,0.863,0.127
996000,0.010,0.854,0.136
996500,0.010,0.823,0.167
997000,0.010,0.836,0.154
997500,0.010,0.866,0.124
998000,0.010,0.870,0.120
998500,0.010,0.868,0.122
999000,0.010,0.877,0.113
999500,0.010,0.919,0.071
1000000,0.010,0.935,0.054
