time,n_A+p,n_B,n_AB
500,0.080,0.800,0.120
1000,0.080,0.666,0.254
1500,0.080,0.631,0.289
2000,0.090,0.558,0.352
2500,0.097,0.456,0.447
3000,0.096,0.452,0.452
3500,0.109,0.465,0.426
4000,0.106,0.412,0.482
4500,0.120,0.420,0.460
5000,0.140,0.348,0.512
5500,0.161,0.295,0.544
6000,0.204,0.263,0.533
6500,0.252,0.174,0.574
7000,0.281,0.134,0.585
7500,0.425,0.062,0.513
8000,0.577,0.015,0.408
8500,0.733,0.008,0.259
9000,0.791,0.003,0.206
9500,0.894,0.001,0.105
10000,0.954,0.000,0.046
10500,0.976,0.000,0.024
11000,0.996,0.000,0.004
11500,0.994,0.000,0.006
12000,0.998,0.000,0.002
12500,0.993,0.000,0.007
13000,0.998,0.000,0.002
13500,1.000,0.000,0.000
