time,n_A+p,n_B,n_AB
500,0.030,0.279,0.691
1000,0.030,0.316,0.654
1500,0.030,0.284,0.686
2000,0.030,0.212,0.758
2500,0.043,0.128,0.829
3000,0.033,0.083,0.884
3500,0.030,0.171,0.799
4000,0.030,0.143,0.827
4500,0.030,0.099,0.871
5000,0.473,0.002,0.525
5500,0.684,0.000,0.316
6000,0.883,0.000,0.117
6500,0.814,0.000,0.186
7000,0.811,0.000,0.189
7500,0.670,0.000,0.330
8000,0.831,0.000,0.169
8500,0.925,0.000,0.075
9000,0.785,0.000,0.215
9500,0.594,0.000,0.406
10000,0.690,0.000,0.310
10500,0.734,0.000,0.266
11000,0.816,0.000,0.184
11500,0.725,0.000,0.275
12000,0.819,0.000,0.181
12500,0.891,0.000,0.109
13000,0.708,0.000,0.292
13500,0.718,0.000,0.282
14000,0.778,0.000,0.222
14500,0.652,0.000,0.348
15000,0.733,0.000,0.267
15500,0.733,0.000,0.267
16000,0.792,0.000,0.208
16500,0.920,0.000,0.080
17000,0.914,0.000,0.086
17500,0.946,0.000,0.054
18000,0.762,0.000,0.238
18500,0.938,0.000,0.062
19000,1.000,0.000,0.000
