time,n_A+p,n_B,n_AB
500,0.080,0.533,0.387
1000,0.107,0.217,0.676
1500,0.215,0.070,0.715
2000,0.494,0.007,0.499
2500,0.770,0.000,0.230
3000,0.864,0.000,0.136
3500,0.898,0.000,0.102
4000,0.932,0.000,0.068
4500,0.968,0.000,0.032
5000,0.952,0.000,0.048
5500,0.966,0.000,0.034
6000,0.975,0.000,0.025
6500,0.980,0.000,0.020
7000,0.925,0.000,0.075
7500,0.907,0.000,0.093
8000,0.878,0.000,0.122
8500,0.865,0.000,0.135
9000,0.942,0.000,0.058
9500,0.936,0.000,0.064
10000,0.882,0.000,0.118
10500,0.943,0.000,0.057
11000,0.927,0.000,0.073
11500,0.923,0.000,0.077
12000,0.968,0.000,0.032
12500,0.990,0.000,0.010
13000,0.987,0.000,0.013
13500,0.999,0.000,0.001
14000,1.000,0.000,0.000
