time,n_A+p,n_B,n_AB
100,0.030,0.969,0.001
200,0.030,0.965,0.005
300,0.030,0.959,0.011
400,0.030,0.951,0.019
500,0.030,0.945,0.026
600,0.030,0.934,0.037
700,0.030,0.941,0.030
800,0.032,0.919,0.049
900,0.033,0.920,0.047
1000,0.032,0.919,0.049
1100,0.035,0.922,0.043
1200,0.037,0.922,0.041
1300,0.038,0.916,0.046
1400,0.041,0.892,0.067
1500,0.041,0.887,0.073
1600,0.038,0.885,0.078
1700,0.040,0.885,0.076
1800,0.036,0.894,0.070
1900,0.035,0.882,0.084
2000,0.034,0.890,0.077
2100,0.040,0.878,0.082
2200,0.041,0.880,0.079
2300,0.045,0.875,0.080
2400,0.044,0.865,0.091
2500,0.047,0.864,0.089
2600,0.050,0.863,0.087
2700,0.052,0.868,0.080
2800,0.048,0.867,0.085
2900,0.046,0.868,0.086
3000,0.046,0.869,0.085
3100,0.045,0.867,0.088
3200,0.047,0.862,0.091
3300,0.041,0.863,0.096
3400,0.044,0.864,0.092
3500,0.039,0.871,0.090
3600,0.039,0.859,0.102
3700,0.038,0.859,0.103
3800,0.042,0.855,0.103
3900,0.043,0.862,0.095
4000,0.043,0.865,0.092
4100,0.048,0.864,0.088
4200,0.042,0.863,0.095
4300,0.052,0.863,0.085
4400,0.050,0.856,0.094
4500,0.048,0.857,0.095
4600,0.048,0.857,0.095
4700,0.046,0.862,0.092
4800,0.051,0.861,0.088
4900,0.053,0.861,0.086
5000,0.052,0.863,0.085
5100,0.051,0.865,0.084
5200,0.051,0.867,0.082
5300,0.048,0.865,0.087
5400,0.048,0.860,0.092
5500,0.048,0.863,0.089
5600,0.049,0.852,0.099
5700,0.046,0.857,0.097
5800,0.049,0.867,0.084
5900,0.051,0.858,0.091
6000,0.052,0.857,0.091
6100,0.054,0.851,0.095
6200,0.054,0.848,0.098
6300,0.054,0.849,0.097
6400,0.058,0.851,0.091
6500,0.053,0.836,0.111
6600,0.055,0.832,0.112
6700,0.055,0.837,0.108
6800,0.059,0.834,0.107
6900,0.058,0.836,0.106
7000,0.060,0.838,0.102
7100,0.059,0.824,0.116
7200,0.056,0.831,0.112
7300,0.058,0.840,0.102
7400,0.058,0.845,0.097
7500,0.062,0.840,0.098
7600,0.059,0.839,0.102
7700,0.057,0.843,0.100
7800,0.058,0.839,0.103
7900,0.058,0.839,0.103
8000,0.059,0.839,0.102
8100,0.058,0.843,0.099
8200,0.056,0.829,0.114
8300,0.054,0.822,0.124
8400,0.053,0.812,0.135
8500,0.062,0.799,0.139
8600,0.059,0.801,0.140
8700,0.066,0.802,0.132
8800,0.067,0.790,0.143
8900,0.060,0.799,0.141
9000,0.062,0.803,0.135
9100,0.060,0.805,0.135
9200,0.060,0.798,0.142
9300,0.056,0.797,0.147
9400,0.058,0.795,0.147
9500,0.059,0.796,0.145
9600,0.060,0.791,0.149
9700,0.063,0.795,0.142
9800,0.066,0.802,0.132
9900,0.062,0.798,0.140
10000,0.064,0.793,0.143
10100,0.062,0.792,0.146
10200,0.063,0.792,0.145
10300,0.067,0.790,0.143
10400,0.066,0.778,0.155
10500,0.068,0.778,0.153
10600,0.074,0.765,0.161
10700,0.073,0.764,0.163
10800,0.072,0.764,0.164
10900,0.070,0.776,0.153
11000,0.072,0.770,0.158
11100,0.076,0.772,0.152
11200,0.072,0.779,0.149
11300,0.076,0.769,0.155
11400,0.067,0.773,0.159
11500,0.067,0.771,0.161
11600,0.065,0.766,0.169
11700,0.070,0.756,0.174
11800,0.069,0.737,0.193
11900,0.080,0.745,0.176
12000,0.081,0.748,0.172
12100,0.066,0.760,0.174
12200,0.070,0.767,0.162
12300,0.073,0.760,0.168
12400,0.070,0.745,0.185
12500,0.065,0.744,0.191
12600,0.065,0.735,0.199
12700,0.064,0.748,0.188
12800,0.068,0.749,0.183
12900,0.067,0.751,0.182
13000,0.072,0.751,0.178
13100,0.068,0.745,0.187
13200,0.073,0.753,0.175
13300,0.066,0.752,0.182
13400,0.065,0.755,0.180
13500,0.072,0.747,0.182
13600,0.073,0.760,0.168
13700,0.076,0.764,0.160
13800,0.077,0.757,0.166
13900,0.080,0.759,0.161
14000,0.081,0.754,0.165
14100,0.079,0.759,0.162
14200,0.073,0.749,0.179
14300,0.070,0.741,0.189
14400,0.065,0.744,0.191
14500,0.067,0.737,0.195
14600,0.068,0.749,0.183
14700,0.072,0.748,0.181
14800,0.074,0.733,0.193
14900,0.069,0.722,0.208
15000,0.073,0.726,0.201
15100,0.086,0.716,0.198
15200,0.098,0.712,0.190
15300,0.095,0.696,0.209
15400,0.093,0.697,0.210
15500,0.097,0.703,0.200
15600,0.086,0.710,0.204
15700,0.087,0.726,0.187
15800,0.083,0.730,0.187
15900,0.089,0.725,0.186
16000,0.088,0.729,0.183
16100,0.089,0.734,0.177
16200,0.091,0.726,0.183
16300,0.083,0.724,0.193
16400,0.087,0.727,0.186
16500,0.092,0.737,0.171
16600,0.087,0.727,0.186
16700,0.092,0.725,0.183
16800,0.087,0.728,0.185
16900,0.083,0.731,0.186
17000,0.084,0.735,0.181
17100,0.072,0.741,0.188
17200,0.075,0.734,0.191
17300,0.082,0.714,0.204
17400,0.086,0.719,0.195
17500,0.079,0.717,0.204
17600,0.074,0.728,0.198
17700,0.074,0.725,0.201
17800,0.073,0.726,0.201
17900,0.082,0.730,0.188
18000,0.082,0.737,0.181
18100,0.079,0.734,0.187
18200,0.084,0.733,0.183
18300,0.080,0.722,0.198
18400,0.084,0.720,0.196
18500,0.085,0.725,0.190
18600,0.079,0.726,0.195
18700,0.082,0.717,0.201
18800,0.088,0.714,0.198
18900,0.090,0.704,0.206
19000,0.093,0.695,0.212
19100,0.102,0.701,0.197
19200,0.109,0.702,0.189
19300,0.103,0.712,0.185
19400,0.106,0.716,0.178
19500,0.102,0.700,0.198
19600,0.103,0.689,0.207
19700,0.106,0.688,0.205
19800,0.111,0.677,0.211
19900,0.118,0.674,0.207
20000,0.113,0.672,0.215
20100,0.108,0.668,0.224
20200,0.114,0.673,0.212
20300,0.100,0.675,0.225
20400,0.102,0.662,0.236
20500,0.106,0.667,0.227
20600,0.115,0.670,0.215
20700,0.112,0.668,0.220
20800,0.118,0.677,0.204
20900,0.114,0.673,0.212
21000,0.117,0.677,0.205
21100,0.112,0.673,0.215
21200,0.117,0.658,0.225
21300,0.127,0.655,0.219
21400,0.121,0.671,0.208
21500,0.109,0.666,0.225
21600,0.111,0.665,0.224
21700,0.116,0.669,0.215
21800,0.124,0.654,0.223
21900,0.130,0.651,0.220
22000,0.143,0.656,0.201
22100,0.134,0.649,0.218
22200,0.137,0.635,0.228
22300,0.149,0.620,0.231
22400,0.141,0.618,0.241
22500,0.146,0.613,0.241
22600,0.142,0.614,0.244
22700,0.160,0.623,0.217
22800,0.166,0.623,0.210
22900,0.160,0.627,0.212
23000,0.146,0.629,0.225
23100,0.147,0.625,0.228
23200,0.147,0.616,0.237
23300,0.147,0.614,0.239
23400,0.160,0.619,0.221
23500,0.161,0.615,0.224
23600,0.158,0.621,0.221
23700,0.169,0.613,0.219
23800,0.175,0.621,0.204
23900,0.170,0.615,0.216
24000,0.178,0.615,0.207
24100,0.174,0.600,0.227
24200,0.177,0.611,0.212
24300,0.176,0.599,0.226
24400,0.179,0.600,0.222
24500,0.178,0.607,0.216
24600,0.166,0.617,0.217
24700,0.161,0.624,0.215
24800,0.159,0.615,0.226
24900,0.164,0.615,0.221
25000,0.163,0.603,0.234
25100,0.174,0.598,0.229
25200,0.182,0.597,0.222
25300,0.183,0.598,0.220
25400,0.181,0.598,0.222
25500,0.173,0.598,0.230
25600,0.181,0.599,0.221
25700,0.176,0.597,0.228
25800,0.180,0.592,0.228
25900,0.173,0.604,0.224
26000,0.173,0.603,0.225
26100,0.177,0.605,0.219
26200,0.180,0.590,0.230
26300,0.179,0.597,0.225
26400,0.181,0.583,0.236
26500,0.177,0.581,0.242
26600,0.168,0.580,0.252
26700,0.178,0.582,0.240
26800,0.181,0.577,0.242
26900,0.180,0.575,0.245
27000,0.180,0.580,0.240
27100,0.178,0.574,0.248
27200,0.188,0.573,0.239
27300,0.195,0.576,0.229
27400,0.194,0.579,0.227
27500,0.192,0.579,0.229
27600,0.185,0.585,0.230
27700,0.189,0.587,0.224
27800,0.193,0.576,0.231
27900,0.185,0.581,0.234
28000,0.182,0.581,0.237
28100,0.191,0.587,0.222
28200,0.192,0.580,0.228
28300,0.179,0.591,0.230
28400,0.181,0.598,0.222
28500,0.187,0.592,0.221
28600,0.184,0.584,0.232
28700,0.184,0.584,0.232
28800,0.181,0.580,0.239
28900,0.172,0.581,0.247
29000,0.173,0.578,0.249
29100,0.165,0.569,0.266
29200,0.166,0.568,0.266
29300,0.162,0.587,0.250
29400,0.156,0.580,0.264
29500,0.155,0.591,0.253
29600,0.154,0.587,0.258
29700,0.149,0.590,0.260
29800,0.149,0.608,0.243
29900,0.152,0.601,0.247
30000,0.153,0.588,0.258
30100,0.162,0.591,0.246
30200,0.149,0.586,0.265
30300,0.153,0.585,0.261
30400,0.156,0.577,0.267
30500,0.157,0.576,0.267
30600,0.163,0.574,0.263
30700,0.158,0.587,0.254
30800,0.153,0.584,0.263
30900,0.160,0.575,0.265
31000,0.157,0.577,0.266
31100,0.153,0.572,0.275
31200,0.158,0.586,0.255
31300,0.165,0.568,0.267
31400,0.155,0.572,0.273
31500,0.155,0.562,0.283
31600,0.164,0.564,0.272
31700,0.157,0.559,0.284
31800,0.159,0.564,0.277
31900,0.165,0.566,0.269
32000,0.169,0.561,0.271
32100,0.157,0.560,0.283
32200,0.155,0.555,0.290
32300,0.157,0.563,0.280
32400,0.157,0.556,0.287
32500,0.166,0.556,0.278
32600,0.183,0.561,0.256
32700,0.179,0.558,0.264
32800,0.180,0.556,0.265
32900,0.187,0.553,0.260
33000,0.193,0.560,0.247
33100,0.195,0.556,0.249
33200,0.188,0.544,0.268
33300,0.189,0.543,0.268
33400,0.183,0.538,0.279
33500,0.183,0.531,0.286
33600,0.187,0.529,0.284
33700,0.204,0.523,0.273
33800,0.196,0.517,0.287
33900,0.200,0.513,0.287
34000,0.196,0.519,0.285
34100,0.196,0.525,0.279
34200,0.193,0.527,0.280
34300,0.196,0.527,0.277
34400,0.190,0.521,0.289
34500,0.191,0.527,0.282
34600,0.183,0.528,0.289
34700,0.188,0.517,0.295
34800,0.203,0.515,0.282
34900,0.203,0.509,0.288
35000,0.202,0.519,0.279
35100,0.201,0.522,0.277
35200,0.196,0.535,0.269
35300,0.193,0.536,0.271
35400,0.211,0.532,0.256
35500,0.202,0.531,0.267
35600,0.204,0.540,0.255
35700,0.201,0.529,0.270
35800,0.194,0.533,0.273
35900,0.194,0.529,0.277
36000,0.204,0.503,0.293
36100,0.208,0.512,0.280
36200,0.207,0.506,0.287
36300,0.217,0.513,0.271
36400,0.219,0.513,0.269
36500,0.230,0.492,0.278
36600,0.231,0.495,0.274
36700,0.233,0.507,0.260
36800,0.232,0.497,0.271
36900,0.224,0.489,0.287
37000,0.232,0.499,0.269
37100,0.225,0.475,0.300
37200,0.220,0.476,0.304
37300,0.215,0.479,0.306
37400,0.206,0.486,0.307
37500,0.210,0.471,0.319
37600,0.209,0.475,0.316
37700,0.215,0.474,0.312
37800,0.212,0.476,0.312
37900,0.196,0.471,0.333
38000,0.195,0.459,0.346
38100,0.199,0.446,0.354
38200,0.224,0.445,0.331
38300,0.230,0.450,0.320
38400,0.226,0.453,0.322
38500,0.224,0.455,0.322
38600,0.240,0.448,0.312
38700,0.241,0.433,0.326
38800,0.234,0.437,0.329
38900,0.229,0.423,0.348
39000,0.246,0.422,0.332
39100,0.241,0.398,0.361
39200,0.240,0.402,0.358
39300,0.247,0.415,0.338
39400,0.252,0.414,0.334
39500,0.261,0.414,0.325
39600,0.259,0.414,0.327
39700,0.259,0.408,0.333
39800,0.278,0.419,0.303
39900,0.292,0.412,0.296
40000,0.292,0.409,0.299
40100,0.290,0.411,0.299
40200,0.288,0.410,0.302
40300,0.307,0.404,0.288
40400,0.306,0.408,0.286
40500,0.305,0.404,0.290
40600,0.316,0.399,0.285
40700,0.311,0.406,0.284
40800,0.301,0.415,0.284
40900,0.304,0.417,0.279
41000,0.287,0.419,0.294
41100,0.290,0.421,0.289
41200,0.292,0.418,0.290
41300,0.301,0.408,0.291
41400,0.302,0.395,0.302
41500,0.306,0.397,0.296
41600,0.319,0.398,0.283
41700,0.329,0.397,0.274
41800,0.325,0.400,0.275
41900,0.330,0.407,0.264
42000,0.330,0.409,0.261
42100,0.331,0.404,0.265
42200,0.336,0.392,0.272
42300,0.343,0.399,0.257
42400,0.330,0.402,0.268
42500,0.327,0.392,0.281
42600,0.329,0.390,0.281
42700,0.337,0.381,0.282
42800,0.349,0.379,0.272
42900,0.358,0.362,0.281
43000,0.352,0.359,0.289
43100,0.369,0.360,0.272
43200,0.355,0.355,0.289
43300,0.355,0.362,0.283
43400,0.363,0.359,0.279
43500,0.367,0.347,0.286
43600,0.361,0.343,0.296
43700,0.364,0.337,0.299
43800,0.369,0.342,0.289
43900,0.378,0.340,0.282
44000,0.378,0.331,0.291
44100,0.351,0.340,0.308
44200,0.361,0.345,0.294
44300,0.376,0.340,0.284
44400,0.386,0.333,0.281
44500,0.389,0.330,0.281
44600,0.391,0.320,0.289
44700,0.396,0.322,0.282
44800,0.401,0.324,0.275
44900,0.406,0.317,0.278
45000,0.421,0.312,0.268
45100,0.422,0.315,0.264
45200,0.424,0.314,0.263
45300,0.423,0.320,0.257
45400,0.409,0.308,0.283
45500,0.413,0.302,0.285
45600,0.418,0.297,0.285
45700,0.419,0.308,0.273
45800,0.427,0.303,0.270
45900,0.433,0.317,0.250
46000,0.431,0.315,0.254
46100,0.431,0.315,0.254
46200,0.409,0.312,0.280
46300,0.407,0.314,0.280
46400,0.408,0.312,0.281
46500,0.411,0.313,0.277
46600,0.419,0.307,0.274
46700,0.414,0.303,0.283
46800,0.413,0.307,0.280
46900,0.417,0.306,0.277
47000,0.413,0.308,0.279
47100,0.401,0.307,0.291
47200,0.409,0.308,0.283
47300,0.412,0.300,0.288
47400,0.415,0.298,0.287
47500,0.429,0.294,0.277
47600,0.439,0.295,0.266
47700,0.438,0.296,0.266
47800,0.425,0.301,0.274
47900,0.437,0.299,0.264
48000,0.434,0.301,0.265
48100,0.447,0.302,0.250
48200,0.461,0.296,0.243
48300,0.456,0.293,0.251
48400,0.454,0.291,0.255
48500,0.460,0.295,0.245
48600,0.470,0.300,0.230
48700,0.469,0.298,0.233
48800,0.483,0.298,0.219
48900,0.492,0.296,0.211
49000,0.496,0.291,0.212
49100,0.493,0.285,0.222
49200,0.488,0.279,0.233
49300,0.489,0.278,0.233
49400,0.493,0.275,0.232
49500,0.491,0.278,0.231
49600,0.495,0.276,0.229
49700,0.487,0.274,0.239
49800,0.506,0.274,0.221
49900,0.510,0.269,0.222
50000,0.505,0.260,0.235
50100,0.512,0.263,0.226
50200,0.518,0.254,0.228
50300,0.520,0.257,0.223
50400,0.518,0.255,0.227
50500,0.529,0.244,0.227
50600,0.520,0.243,0.237
50700,0.525,0.238,0.237
50800,0.525,0.235,0.240
50900,0.523,0.232,0.245
51000,0.523,0.233,0.244
51100,0.539,0.230,0.231
51200,0.538,0.230,0.232
51300,0.538,0.230,0.232
51400,0.547,0.230,0.223
51500,0.547,0.228,0.225
51600,0.551,0.228,0.222
51700,0.550,0.227,0.224
51800,0.547,0.226,0.227
51900,0.553,0.226,0.222
52000,0.556,0.223,0.222
52100,0.555,0.221,0.225
52200,0.552,0.222,0.227
52300,0.560,0.222,0.219
52400,0.565,0.223,0.212
52500,0.557,0.230,0.213
52600,0.558,0.227,0.216
52700,0.563,0.224,0.213
52800,0.567,0.223,0.210
52900,0.563,0.227,0.210
53000,0.564,0.228,0.208
53100,0.562,0.230,0.208
53200,0.563,0.229,0.208
53300,0.564,0.230,0.206
53400,0.560,0.231,0.209
53500,0.551,0.233,0.217
53600,0.561,0.234,0.205
53700,0.568,0.230,0.202
53800,0.571,0.229,0.200
53900,0.580,0.226,0.194
54000,0.574,0.223,0.203
54100,0.576,0.226,0.198
54200,0.575,0.227,0.198
54300,0.578,0.226,0.196
54400,0.574,0.225,0.201
54500,0.571,0.225,0.204
54600,0.575,0.222,0.203
54700,0.577,0.222,0.201
54800,0.583,0.221,0.196
54900,0.583,0.223,0.194
55000,0.582,0.221,0.197
55100,0.594,0.220,0.186
55200,0.592,0.218,0.190
55300,0.582,0.213,0.204
55400,0.589,0.215,0.196
55500,0.594,0.211,0.194
55600,0.593,0.211,0.195
55700,0.590,0.210,0.199
55800,0.592,0.209,0.198
55900,0.589,0.207,0.203
56000,0.594,0.208,0.197
56100,0.601,0.209,0.190
56200,0.606,0.207,0.187
56300,0.614,0.208,0.178
56400,0.614,0.210,0.176
56500,0.605,0.208,0.187
56600,0.621,0.206,0.173
56700,0.624,0.205,0.171
56800,0.627,0.205,0.168
56900,0.613,0.206,0.181
57000,0.610,0.204,0.186
57100,0.611,0.202,0.187
57200,0.613,0.198,0.189
57300,0.606,0.198,0.196
57400,0.607,0.195,0.198
57500,0.616,0.196,0.188
57600,0.620,0.196,0.184
57700,0.621,0.201,0.178
57800,0.613,0.200,0.187
57900,0.615,0.198,0.187
58000,0.618,0.197,0.185
58100,0.619,0.196,0.185
58200,0.619,0.195,0.186
58300,0.625,0.193,0.182
58400,0.629,0.193,0.178
58500,0.631,0.192,0.177
58600,0.636,0.193,0.171
58700,0.633,0.191,0.176
58800,0.641,0.190,0.169
58900,0.644,0.188,0.169
59000,0.646,0.186,0.169
59100,0.653,0.184,0.163
59200,0.655,0.186,0.159
59300,0.661,0.184,0.155
59400,0.656,0.184,0.160
59500,0.655,0.182,0.163
59600,0.653,0.182,0.165
59700,0.661,0.186,0.153
59800,0.638,0.186,0.176
59900,0.639,0.186,0.175
60000,0.641,0.187,0.172
60100,0.649,0.186,0.165
60200,0.647,0.186,0.168
60300,0.651,0.183,0.166
60400,0.657,0.183,0.160
60500,0.665,0.184,0.151
60600,0.651,0.185,0.164
60700,0.645,0.189,0.166
60800,0.637,0.191,0.172
60900,0.639,0.188,0.173
61000,0.645,0.188,0.168
61100,0.644,0.186,0.171
61200,0.646,0.185,0.170
61300,0.653,0.182,0.165
61400,0.647,0.180,0.174
61500,0.652,0.181,0.168
61600,0.637,0.184,0.179
61700,0.632,0.182,0.186
61800,0.626,0.181,0.193
61900,0.628,0.178,0.194
62000,0.632,0.179,0.189
62100,0.636,0.175,0.189
62200,0.638,0.179,0.183
62300,0.650,0.177,0.174
62400,0.649,0.179,0.173
62500,0.645,0.181,0.175
62600,0.653,0.177,0.171
62700,0.653,0.178,0.170
62800,0.654,0.175,0.172
62900,0.644,0.174,0.183
63000,0.657,0.170,0.174
63100,0.658,0.171,0.172
63200,0.658,0.170,0.173
63300,0.663,0.173,0.164
63400,0.664,0.176,0.160
63500,0.662,0.174,0.164
63600,0.661,0.172,0.168
63700,0.662,0.174,0.164
63800,0.658,0.172,0.171
63900,0.661,0.175,0.164
64000,0.668,0.174,0.158
64100,0.661,0.173,0.166
64200,0.672,0.168,0.160
64300,0.676,0.171,0.153
64400,0.675,0.171,0.154
64500,0.676,0.170,0.154
64600,0.678,0.169,0.153
64700,0.684,0.165,0.150
64800,0.683,0.165,0.151
64900,0.673,0.163,0.163
65000,0.675,0.162,0.162
65100,0.674,0.165,0.160
65200,0.682,0.164,0.153
65300,0.688,0.162,0.149
65400,0.686,0.161,0.152
65500,0.686,0.161,0.152
65600,0.691,0.158,0.151
65700,0.692,0.158,0.150
65800,0.692,0.156,0.152
65900,0.693,0.156,0.151
66000,0.698,0.156,0.146
66100,0.693,0.156,0.151
66200,0.694,0.156,0.150
66300,0.694,0.156,0.150
66400,0.696,0.155,0.149
66500,0.696,0.154,0.150
66600,0.695,0.154,0.151
66700,0.700,0.157,0.143
66800,0.696,0.155,0.149
66900,0.699,0.156,0.145
67000,0.702,0.154,0.144
67100,0.698,0.153,0.149
67200,0.704,0.154,0.142
67300,0.702,0.154,0.144
67400,0.701,0.153,0.146
67500,0.704,0.155,0.141
67600,0.704,0.153,0.143
67700,0.708,0.150,0.142
67800,0.705,0.150,0.145
67900,0.712,0.152,0.136
68000,0.711,0.154,0.135
68100,0.714,0.153,0.133
68200,0.714,0.152,0.134
68300,0.716,0.151,0.133
68400,0.722,0.150,0.128
68500,0.724,0.150,0.126
68600,0.726,0.148,0.126
68700,0.726,0.148,0.126
68800,0.724,0.148,0.128
68900,0.724,0.146,0.130
69000,0.726,0.145,0.129
69100,0.729,0.147,0.124
69200,0.730,0.147,0.123
69300,0.731,0.147,0.122
69400,0.732,0.147,0.121
69500,0.735,0.147,0.117
69600,0.736,0.145,0.118
69700,0.735,0.145,0.120
69800,0.736,0.145,0.118
69900,0.737,0.145,0.117
70000,0.739,0.144,0.117
70100,0.742,0.144,0.114
70200,0.743,0.142,0.115
70300,0.739,0.142,0.120
70400,0.742,0.142,0.116
70500,0.743,0.142,0.115
70600,0.744,0.141,0.115
70700,0.744,0.141,0.115
70800,0.741,0.141,0.118
70900,0.741,0.141,0.118
71000,0.728,0.141,0.131
71100,0.737,0.141,0.122
71200,0.739,0.141,0.121
71300,0.746,0.141,0.113
71400,0.746,0.139,0.115
71500,0.745,0.139,0.116
71600,0.746,0.139,0.115
71700,0.749,0.139,0.112
71800,0.749,0.140,0.111
71900,0.747,0.138,0.115
72000,0.748,0.138,0.114
72100,0.747,0.138,0.115
72200,0.748,0.137,0.115
72300,0.743,0.136,0.122
72400,0.747,0.136,0.117
72500,0.748,0.136,0.116
72600,0.748,0.136,0.116
72700,0.749,0.136,0.115
72800,0.751,0.136,0.113
72900,0.751,0.136,0.113
73000,0.751,0.135,0.114
73100,0.753,0.134,0.113
73200,0.750,0.133,0.117
73300,0.752,0.133,0.115
73400,0.750,0.133,0.117
73500,0.753,0.133,0.114
73600,0.746,0.133,0.122
73700,0.746,0.131,0.124
73800,0.747,0.129,0.125
73900,0.747,0.129,0.125
74000,0.749,0.129,0.123
74100,0.750,0.129,0.122
74200,0.750,0.129,0.122
74300,0.749,0.128,0.124
74400,0.749,0.127,0.125
74500,0.749,0.129,0.123
74600,0.749,0.129,0.123
74700,0.745,0.131,0.125
74800,0.746,0.131,0.124
74900,0.744,0.131,0.126
75000,0.740,0.133,0.128
75100,0.740,0.134,0.127
75200,0.723,0.131,0.146
75300,0.728,0.130,0.142
75400,0.740,0.128,0.133
75500,0.749,0.129,0.123
75600,0.751,0.128,0.122
75700,0.754,0.128,0.118
75800,0.748,0.128,0.125
75900,0.734,0.128,0.138
76000,0.740,0.130,0.131
76100,0.739,0.128,0.134
76200,0.744,0.126,0.131
76300,0.746,0.123,0.132
76400,0.749,0.122,0.130
76500,0.750,0.122,0.129
76600,0.750,0.122,0.129
76700,0.746,0.122,0.133
76800,0.748,0.122,0.131
76900,0.749,0.122,0.130
77000,0.754,0.122,0.125
77100,0.758,0.122,0.121
77200,0.761,0.122,0.117
77300,0.760,0.122,0.118
77400,0.753,0.122,0.126
77500,0.754,0.122,0.125
77600,0.757,0.122,0.122
77700,0.759,0.122,0.120
77800,0.758,0.122,0.121
77900,0.764,0.122,0.114
78000,0.764,0.122,0.114
78100,0.766,0.122,0.112
78200,0.762,0.122,0.116
78300,0.762,0.124,0.114
78400,0.759,0.125,0.116
78500,0.762,0.126,0.112
78600,0.761,0.125,0.114
78700,0.764,0.125,0.111
78800,0.764,0.125,0.111
78900,0.763,0.125,0.112
79000,0.764,0.125,0.111
79100,0.765,0.125,0.110
79200,0.765,0.125,0.110
79300,0.767,0.125,0.108
79400,0.768,0.123,0.109
79500,0.770,0.123,0.107
79600,0.770,0.122,0.108
79700,0.771,0.124,0.105
79800,0.772,0.122,0.106
79900,0.771,0.122,0.107
80000,0.772,0.120,0.108
80100,0.774,0.120,0.106
80200,0.774,0.120,0.106
80300,0.774,0.117,0.108
80400,0.778,0.117,0.104
80500,0.779,0.117,0.103
80600,0.779,0.117,0.103
80700,0.779,0.116,0.104
80800,0.780,0.115,0.104
80900,0.781,0.115,0.103
81000,0.782,0.115,0.102
81100,0.783,0.115,0.101
81200,0.783,0.115,0.101
81300,0.783,0.115,0.101
81400,0.783,0.115,0.101
81500,0.785,0.115,0.099
81600,0.785,0.115,0.099
81700,0.785,0.115,0.099
81800,0.787,0.115,0.098
81900,0.788,0.112,0.100
82000,0.790,0.112,0.098
82100,0.791,0.112,0.097
82200,0.791,0.112,0.097
82300,0.792,0.112,0.096
82400,0.792,0.112,0.096
82500,0.792,0.113,0.095
82600,0.793,0.113,0.094
82700,0.792,0.113,0.095
82800,0.792,0.113,0.095
82900,0.792,0.113,0.095
83000,0.793,0.113,0.094
83100,0.792,0.113,0.095
83200,0.794,0.113,0.093
83300,0.794,0.113,0.093
83400,0.793,0.113,0.094
83500,0.793,0.112,0.095
83600,0.794,0.112,0.094
83700,0.794,0.112,0.094
83800,0.794,0.112,0.094
83900,0.797,0.112,0.091
84000,0.797,0.112,0.091
84100,0.798,0.111,0.091
84200,0.798,0.111,0.091
84300,0.798,0.111,0.091
84400,0.792,0.111,0.097
84500,0.790,0.111,0.099
84600,0.791,0.111,0.098
84700,0.788,0.111,0.101
84800,0.789,0.111,0.100
84900,0.793,0.111,0.096
85000,0.793,0.111,0.096
85100,0.794,0.111,0.095
85200,0.790,0.111,0.099
85300,0.784,0.110,0.105
85400,0.785,0.110,0.104
85500,0.787,0.112,0.101
85600,0.788,0.110,0.102
85700,0.794,0.110,0.096
85800,0.794,0.110,0.096
85900,0.798,0.110,0.092
86000,0.799,0.110,0.091
86100,0.801,0.109,0.090
86200,0.800,0.109,0.091
86300,0.803,0.109,0.088
86400,0.803,0.109,0.088
86500,0.803,0.108,0.089
86600,0.803,0.107,0.090
86700,0.805,0.107,0.088
86800,0.805,0.107,0.088
86900,0.805,0.107,0.088
87000,0.807,0.107,0.086
87100,0.808,0.107,0.085
87200,0.808,0.107,0.085
87300,0.808,0.107,0.085
87400,0.809,0.107,0.084
87500,0.809,0.107,0.084
87600,0.810,0.107,0.083
87700,0.810,0.107,0.083
87800,0.811,0.107,0.082
87900,0.811,0.107,0.082
88000,0.810,0.107,0.083
88100,0.810,0.107,0.083
88200,0.811,0.107,0.082
88300,0.812,0.107,0.081
88400,0.812,0.107,0.081
88500,0.812,0.107,0.081
88600,0.812,0.107,0.081
88700,0.810,0.107,0.083
88800,0.812,0.107,0.081
88900,0.812,0.106,0.082
89000,0.812,0.106,0.082
89100,0.813,0.106,0.081
89200,0.813,0.106,0.081
89300,0.813,0.106,0.081
89400,0.813,0.106,0.081
89500,0.813,0.106,0.081
89600,0.813,0.106,0.081
89700,0.813,0.106,0.081
89800,0.813,0.106,0.081
89900,0.814,0.106,0.080
90000,0.815,0.106,0.079
90100,0.815,0.106,0.079
90200,0.815,0.106,0.079
90300,0.817,0.106,0.077
90400,0.817,0.106,0.077
90500,0.817,0.106,0.077
90600,0.817,0.106,0.077
90700,0.817,0.106,0.077
90800,0.818,0.106,0.076
90900,0.818,0.106,0.076
91000,0.818,0.105,0.077
91100,0.818,0.105,0.077
91200,0.818,0.105,0.077
91300,0.819,0.105,0.076
91400,0.815,0.105,0.080
91500,0.816,0.104,0.080
91600,0.816,0.104,0.080
91700,0.816,0.104,0.080
91800,0.816,0.104,0.080
91900,0.818,0.104,0.078
92000,0.818,0.104,0.078
92100,0.818,0.104,0.078
92200,0.817,0.104,0.079
92300,0.817,0.104,0.079
92400,0.818,0.104,0.078
92500,0.818,0.104,0.078
92600,0.819,0.104,0.077
92700,0.820,0.104,0.076
92800,0.820,0.104,0.076
92900,0.820,0.104,0.076
93000,0.820,0.104,0.076
93100,0.818,0.104,0.078
93200,0.820,0.104,0.076
93300,0.821,0.103,0.076
93400,0.821,0.103,0.076
93500,0.821,0.103,0.076
93600,0.821,0.103,0.076
93700,0.820,0.103,0.077
93800,0.820,0.103,0.077
93900,0.822,0.103,0.075
94000,0.822,0.103,0.075
94100,0.825,0.103,0.072
94200,0.826,0.103,0.070
94300,0.826,0.103,0.070
94400,0.829,0.103,0.067
94500,0.829,0.103,0.067
94600,0.829,0.103,0.067
94700,0.829,0.103,0.067
94800,0.829,0.103,0.067
94900,0.831,0.103,0.065
95000,0.831,0.103,0.065
95100,0.832,0.103,0.064
95200,0.832,0.103,0.064
95300,0.832,0.103,0.064
95400,0.832,0.103,0.064
95500,0.834,0.103,0.063
95600,0.832,0.103,0.064
95700,0.834,0.103,0.063
95800,0.834,0.103,0.063
95900,0.834,0.103,0.063
96000,0.832,0.103,0.064
96100,0.834,0.103,0.063
96200,0.834,0.103,0.063
96300,0.834,0.103,0.063
96400,0.834,0.103,0.063
96500,0.835,0.103,0.062
96600,0.835,0.103,0.062
96700,0.835,0.103,0.062
96800,0.835,0.103,0.062
96900,0.835,0.103,0.062
97000,0.835,0.103,0.062
97100,0.830,0.103,0.066
97200,0.830,0.103,0.066
97300,0.831,0.103,0.065
97400,0.832,0.103,0.064
97500,0.832,0.103,0.064
97600,0.831,0.103,0.065
97700,0.831,0.103,0.065
97800,0.830,0.103,0.066
97900,0.832,0.103,0.064
98000,0.832,0.103,0.064
98100,0.831,0.103,0.065
98200,0.831,0.103,0.065
98300,0.831,0.103,0.065
98400,0.831,0.103,0.065
98500,0.830,0.103,0.066
98600,0.830,0.103,0.066
98700,0.829,0.103,0.067
98800,0.830,0.103,0.066
98900,0.827,0.103,0.069
99000,0.824,0.104,0.072
99100,0.823,0.104,0.073
99200,0.822,0.104,0.074
99300,0.823,0.104,0.073
99400,0.822,0.106,0.072
99500,0.817,0.106,0.077
99600,0.818,0.106,0.076
99700,0.819,0.107,0.074
99800,0.818,0.107,0.075
99900,0.817,0.107,0.076
100000,0.818,0.107,0.075
