time,n_A+p,n_B,n_AB
100,0.031,0.969,0.000
200,0.031,0.960,0.009
300,0.031,0.958,0.011
400,0.031,0.958,0.011
500,0.031,0.941,0.029
600,0.030,0.931,0.040
700,0.030,0.914,0.056
800,0.031,0.915,0.054
900,0.035,0.905,0.060
1000,0.037,0.893,0.070
1100,0.037,0.886,0.078
1200,0.037,0.879,0.084
1300,0.036,0.865,0.099
1400,0.035,0.867,0.098
1500,0.035,0.865,0.100
1600,0.038,0.858,0.104
1700,0.037,0.859,0.104
1800,0.037,0.851,0.112
1900,0.040,0.855,0.105
2000,0.042,0.855,0.103
2100,0.040,0.839,0.122
2200,0.038,0.837,0.126
2300,0.040,0.830,0.130
2400,0.046,0.817,0.137
2500,0.046,0.820,0.134
2600,0.049,0.820,0.131
2700,0.047,0.804,0.149
2800,0.051,0.797,0.152
2900,0.052,0.784,0.163
3000,0.060,0.783,0.156
3100,0.057,0.788,0.155
3200,0.055,0.779,0.165
3300,0.056,0.771,0.173
3400,0.059,0.775,0.165
3500,0.059,0.758,0.183
3600,0.061,0.758,0.181
3700,0.061,0.755,0.184
3800,0.058,0.752,0.190
3900,0.069,0.745,0.186
4000,0.059,0.747,0.194
4100,0.057,0.730,0.212
4200,0.056,0.740,0.204
4300,0.050,0.724,0.226
4400,0.049,0.741,0.210
4500,0.058,0.733,0.208
4600,0.058,0.732,0.209
4700,0.061,0.726,0.212
4800,0.062,0.718,0.220
4900,0.059,0.720,0.221
5000,0.059,0.717,0.224
5100,0.055,0.712,0.233
5200,0.058,0.708,0.234
5300,0.058,0.707,0.235
5400,0.062,0.704,0.234
5500,0.062,0.686,0.251
5600,0.062,0.682,0.255
5700,0.072,0.684,0.244
5800,0.077,0.687,0.236
5900,0.073,0.697,0.231
6000,0.070,0.710,0.220
6100,0.073,0.702,0.226
6200,0.077,0.696,0.228
6300,0.088,0.688,0.224
6400,0.078,0.685,0.237
6500,0.086,0.685,0.229
6600,0.079,0.680,0.241
6700,0.080,0.685,0.235
6800,0.085,0.662,0.253
6900,0.083,0.664,0.253
7000,0.089,0.663,0.248
7100,0.093,0.648,0.259
7200,0.095,0.656,0.249
7300,0.093,0.655,0.252
7400,0.100,0.655,0.245
7500,0.099,0.654,0.247
7600,0.101,0.649,0.250
7700,0.100,0.633,0.267
7800,0.096,0.649,0.255
7900,0.097,0.652,0.251
8000,0.098,0.645,0.257
8100,0.098,0.629,0.273
8200,0.098,0.623,0.279
8300,0.100,0.626,0.274
8400,0.095,0.633,0.272
8500,0.102,0.642,0.255
8600,0.096,0.644,0.260
8700,0.084,0.633,0.283
8800,0.084,0.644,0.273
8900,0.072,0.654,0.275
9000,0.070,0.653,0.277
9100,0.069,0.647,0.284
9200,0.070,0.638,0.291
9300,0.068,0.641,0.290
9400,0.065,0.637,0.297
9500,0.067,0.631,0.301
9600,0.065,0.633,0.301
9700,0.069,0.623,0.307
9800,0.076,0.614,0.311
9900,0.069,0.625,0.305
10000,0.077,0.621,0.302
10100,0.073,0.619,0.308
10200,0.072,0.628,0.300
10300,0.062,0.629,0.308
10400,0.058,0.628,0.314
10500,0.065,0.638,0.296
10600,0.064,0.649,0.287
10700,0.069,0.635,0.295
10800,0.067,0.621,0.312
10900,0.069,0.621,0.309
11000,0.082,0.607,0.312
11100,0.075,0.604,0.322
11200,0.085,0.599,0.317
11300,0.080,0.606,0.315
11400,0.079,0.599,0.323
11500,0.078,0.602,0.321
11600,0.073,0.609,0.319
11700,0.078,0.619,0.303
11800,0.083,0.614,0.303
11900,0.085,0.608,0.307
12000,0.084,0.605,0.312
12100,0.082,0.609,0.309
12200,0.081,0.613,0.306
12300,0.078,0.611,0.312
12400,0.079,0.605,0.317
12500,0.081,0.598,0.322
12600,0.082,0.586,0.332
12700,0.085,0.577,0.338
12800,0.085,0.583,0.332
12900,0.086,0.585,0.329
13000,0.089,0.579,0.332
13100,0.097,0.573,0.330
13200,0.108,0.567,0.325
13300,0.107,0.565,0.328
13400,0.105,0.566,0.329
13500,0.115,0.550,0.335
13600,0.102,0.557,0.341
13700,0.113,0.552,0.335
13800,0.117,0.543,0.339
13900,0.111,0.536,0.352
14000,0.111,0.531,0.358
14100,0.104,0.536,0.360
14200,0.105,0.535,0.360
14300,0.112,0.524,0.364
14400,0.117,0.522,0.361
14500,0.121,0.507,0.373
14600,0.118,0.502,0.380
14700,0.125,0.516,0.360
14800,0.113,0.512,0.375
14900,0.111,0.517,0.372
15000,0.106,0.522,0.372
15100,0.104,0.523,0.373
15200,0.109,0.519,0.372
15300,0.103,0.511,0.386
15400,0.109,0.511,0.380
15500,0.111,0.510,0.379
15600,0.115,0.511,0.374
15700,0.129,0.510,0.362
15800,0.145,0.503,0.352
15900,0.143,0.501,0.356
16000,0.142,0.491,0.367
16100,0.128,0.502,0.371
16200,0.129,0.492,0.379
16300,0.139,0.490,0.371
16400,0.134,0.494,0.372
16500,0.129,0.490,0.381
16600,0.129,0.478,0.393
16700,0.132,0.481,0.387
16800,0.133,0.491,0.376
16900,0.118,0.482,0.399
17000,0.118,0.479,0.402
17100,0.123,0.487,0.390
17200,0.129,0.485,0.386
17300,0.123,0.491,0.386
17400,0.126,0.495,0.379
17500,0.131,0.498,0.371
17600,0.143,0.502,0.355
17700,0.142,0.496,0.362
17800,0.144,0.492,0.364
17900,0.142,0.487,0.371
18000,0.147,0.485,0.368
18100,0.158,0.501,0.341
18200,0.149,0.499,0.351
18300,0.140,0.497,0.363
18400,0.129,0.487,0.384
18500,0.126,0.501,0.374
18600,0.128,0.504,0.369
18700,0.125,0.499,0.376
18800,0.124,0.508,0.369
18900,0.124,0.507,0.370
19000,0.115,0.497,0.387
19100,0.118,0.494,0.387
19200,0.122,0.497,0.381
19300,0.124,0.484,0.392
19400,0.122,0.484,0.394
19500,0.107,0.491,0.401
19600,0.106,0.474,0.420
19700,0.109,0.474,0.417
19800,0.104,0.476,0.420
19900,0.108,0.469,0.423
20000,0.106,0.468,0.426
20100,0.111,0.464,0.425
20200,0.122,0.462,0.417
20300,0.127,0.466,0.408
20400,0.122,0.466,0.413
20500,0.127,0.462,0.412
20600,0.127,0.464,0.410
20700,0.117,0.464,0.419
20800,0.123,0.456,0.422
20900,0.121,0.457,0.423
21000,0.129,0.458,0.414
21100,0.149,0.453,0.398
21200,0.148,0.458,0.394
21300,0.148,0.449,0.402
21400,0.147,0.449,0.403
21500,0.139,0.445,0.416
21600,0.150,0.451,0.398
21700,0.147,0.449,0.403
21800,0.150,0.444,0.406
21900,0.151,0.432,0.417
22000,0.157,0.432,0.411
22100,0.157,0.428,0.415
22200,0.153,0.433,0.414
22300,0.163,0.436,0.400
22400,0.152,0.436,0.412
22500,0.155,0.445,0.399
22600,0.152,0.451,0.396
22700,0.155,0.447,0.397
22800,0.147,0.444,0.409
22900,0.144,0.453,0.403
23000,0.144,0.444,0.412
23100,0.142,0.459,0.399
23200,0.149,0.454,0.397
23300,0.159,0.455,0.386
23400,0.163,0.446,0.390
23500,0.162,0.448,0.389
23600,0.164,0.447,0.388
23700,0.163,0.453,0.384
23800,0.158,0.455,0.387
23900,0.165,0.454,0.381
24000,0.173,0.439,0.388
24100,0.177,0.438,0.385
24200,0.178,0.443,0.379
24300,0.172,0.448,0.380
24400,0.163,0.448,0.388
24500,0.162,0.447,0.390
24600,0.165,0.464,0.371
24700,0.169,0.453,0.379
24800,0.165,0.460,0.375
24900,0.164,0.455,0.381
25000,0.164,0.457,0.379
25100,0.160,0.462,0.378
25200,0.159,0.458,0.383
25300,0.163,0.441,0.395
25400,0.161,0.450,0.388
25500,0.162,0.447,0.390
25600,0.151,0.437,0.412
25700,0.152,0.446,0.401
25800,0.151,0.453,0.396
25900,0.153,0.447,0.399
26000,0.159,0.455,0.386
26100,0.143,0.444,0.413
26200,0.152,0.448,0.399
26300,0.151,0.453,0.396
26400,0.144,0.446,0.410
26500,0.152,0.444,0.403
26600,0.151,0.453,0.396
26700,0.161,0.460,0.379
26800,0.163,0.448,0.388
26900,0.160,0.458,0.382
27000,0.156,0.458,0.386
27100,0.169,0.455,0.377
27200,0.168,0.457,0.376
27300,0.168,0.441,0.391
27400,0.166,0.426,0.408
27500,0.180,0.428,0.392
27600,0.178,0.428,0.394
27700,0.173,0.423,0.404
27800,0.176,0.431,0.393
27900,0.181,0.435,0.384
28000,0.169,0.423,0.409
28100,0.158,0.433,0.409
28200,0.158,0.430,0.412
28300,0.157,0.420,0.423
28400,0.178,0.418,0.404
28500,0.174,0.428,0.398
28600,0.174,0.407,0.420
28700,0.182,0.411,0.408
28800,0.191,0.420,0.389
28900,0.194,0.417,0.389
29000,0.183,0.415,0.402
29100,0.175,0.413,0.413
29200,0.173,0.415,0.413
29300,0.171,0.419,0.411
29400,0.160,0.423,0.417
29500,0.149,0.420,0.431
29600,0.150,0.412,0.438
29700,0.144,0.414,0.442
29800,0.149,0.424,0.427
29900,0.153,0.423,0.424
30000,0.150,0.431,0.419
30100,0.148,0.419,0.433
30200,0.146,0.417,0.437
30300,0.154,0.414,0.432
30400,0.156,0.417,0.427
30500,0.146,0.428,0.426
30600,0.151,0.419,0.430
30700,0.155,0.415,0.430
30800,0.152,0.399,0.448
30900,0.159,0.396,0.444
31000,0.161,0.400,0.438
31100,0.163,0.389,0.447
31200,0.168,0.377,0.456
31300,0.170,0.382,0.448
31400,0.175,0.381,0.444
31500,0.187,0.377,0.436
31600,0.195,0.366,0.439
31700,0.198,0.367,0.435
31800,0.207,0.378,0.415
31900,0.202,0.377,0.421
32000,0.205,0.370,0.425
32100,0.207,0.369,0.424
32200,0.209,0.366,0.425
32300,0.203,0.371,0.426
32400,0.203,0.360,0.437
32500,0.197,0.362,0.441
32600,0.201,0.366,0.433
32700,0.203,0.359,0.438
32800,0.201,0.353,0.445
32900,0.194,0.349,0.457
33000,0.200,0.338,0.462
33100,0.206,0.345,0.448
33200,0.206,0.353,0.440
33300,0.185,0.347,0.468
33400,0.184,0.344,0.472
33500,0.184,0.343,0.473
33600,0.189,0.336,0.475
33700,0.192,0.331,0.477
33800,0.201,0.340,0.459
33900,0.202,0.346,0.451
34000,0.205,0.337,0.458
34100,0.205,0.335,0.460
34200,0.207,0.330,0.463
34300,0.212,0.326,0.462
34400,0.220,0.329,0.451
34500,0.223,0.337,0.440
34600,0.235,0.336,0.429
34700,0.238,0.337,0.425
34800,0.234,0.335,0.431
34900,0.239,0.330,0.431
35000,0.229,0.336,0.435
35100,0.233,0.342,0.425
35200,0.225,0.333,0.442
35300,0.225,0.332,0.443
35400,0.225,0.333,0.442
35500,0.232,0.331,0.437
35600,0.241,0.330,0.429
35700,0.241,0.323,0.436
35800,0.238,0.322,0.440
35900,0.246,0.319,0.435
36000,0.250,0.320,0.430
36100,0.257,0.320,0.423
36200,0.254,0.323,0.423
36300,0.258,0.328,0.414
36400,0.255,0.322,0.423
36500,0.239,0.318,0.443
36600,0.236,0.324,0.440
36700,0.242,0.317,0.441
36800,0.245,0.319,0.436
36900,0.280,0.314,0.407
37000,0.284,0.311,0.406
37100,0.269,0.313,0.419
37200,0.269,0.324,0.408
37300,0.281,0.323,0.396
37400,0.280,0.326,0.394
37500,0.269,0.330,0.401
37600,0.269,0.324,0.408
37700,0.269,0.327,0.404
37800,0.268,0.329,0.403
37900,0.271,0.330,0.399
38000,0.279,0.324,0.397
38100,0.283,0.322,0.395
38200,0.278,0.321,0.401
38300,0.270,0.314,0.417
38400,0.272,0.316,0.413
38500,0.259,0.311,0.430
38600,0.249,0.327,0.424
38700,0.245,0.323,0.432
38800,0.234,0.328,0.438
38900,0.257,0.331,0.412
39000,0.247,0.327,0.426
39100,0.243,0.332,0.425
39200,0.240,0.329,0.431
39300,0.235,0.337,0.428
39400,0.231,0.332,0.437
39500,0.235,0.330,0.435
39600,0.247,0.331,0.422
39700,0.251,0.336,0.413
39800,0.259,0.336,0.404
39900,0.250,0.332,0.418
40000,0.235,0.334,0.431
40100,0.224,0.337,0.439
40200,0.228,0.342,0.430
40300,0.217,0.342,0.441
40400,0.210,0.338,0.451
40500,0.207,0.338,0.455
40600,0.206,0.340,0.454
40700,0.211,0.327,0.462
40800,0.219,0.333,0.448
40900,0.221,0.340,0.439
41000,0.216,0.336,0.448
41100,0.230,0.329,0.441
41200,0.232,0.329,0.439
41300,0.247,0.330,0.423
41400,0.267,0.321,0.413
41500,0.259,0.319,0.422
41600,0.259,0.320,0.421
41700,0.265,0.318,0.418
41800,0.266,0.320,0.415
41900,0.264,0.321,0.416
42000,0.254,0.308,0.437
42100,0.254,0.308,0.437
42200,0.244,0.304,0.451
42300,0.247,0.312,0.441
42400,0.254,0.311,0.435
42500,0.247,0.308,0.444
42600,0.241,0.303,0.456
42700,0.243,0.307,0.449
42800,0.246,0.312,0.442
42900,0.241,0.307,0.451
43000,0.247,0.309,0.443
43100,0.235,0.309,0.456
43200,0.231,0.314,0.456
43300,0.250,0.308,0.441
43400,0.255,0.309,0.435
43500,0.254,0.304,0.441
43600,0.255,0.309,0.435
43700,0.254,0.314,0.432
43800,0.253,0.305,0.441
43900,0.247,0.299,0.454
44000,0.243,0.289,0.468
44100,0.248,0.284,0.468
44200,0.239,0.290,0.471
44300,0.243,0.294,0.463
44400,0.242,0.292,0.466
44500,0.245,0.291,0.464
44600,0.245,0.291,0.464
44700,0.255,0.293,0.451
44800,0.257,0.299,0.443
44900,0.255,0.295,0.449
45000,0.258,0.283,0.459
45100,0.255,0.285,0.460
45200,0.265,0.292,0.443
45300,0.264,0.288,0.448
45400,0.254,0.292,0.454
45500,0.258,0.286,0.456
45600,0.260,0.283,0.457
45700,0.261,0.286,0.453
45800,0.272,0.286,0.442
45900,0.273,0.287,0.440
46000,0.273,0.287,0.440
46100,0.268,0.282,0.450
46200,0.273,0.280,0.447
46300,0.274,0.279,0.447
46400,0.281,0.274,0.445
46500,0.300,0.281,0.419
46600,0.300,0.276,0.424
46700,0.304,0.284,0.412
46800,0.296,0.279,0.425
46900,0.299,0.276,0.425
47000,0.304,0.277,0.419
47100,0.309,0.267,0.424
47200,0.304,0.272,0.424
47300,0.301,0.276,0.423
47400,0.294,0.289,0.417
47500,0.288,0.284,0.428
47600,0.290,0.284,0.426
47700,0.275,0.275,0.450
47800,0.276,0.281,0.443
47900,0.269,0.278,0.454
48000,0.271,0.275,0.455
48100,0.274,0.277,0.449
48200,0.277,0.278,0.445
48300,0.277,0.276,0.447
48400,0.270,0.277,0.454
48500,0.267,0.278,0.456
48600,0.283,0.277,0.440
48700,0.292,0.276,0.432
48800,0.298,0.270,0.432
48900,0.293,0.268,0.439
49000,0.276,0.261,0.463
49100,0.289,0.256,0.455
49200,0.288,0.257,0.455
49300,0.292,0.259,0.448
49400,0.286,0.251,0.463
49500,0.285,0.247,0.468
49600,0.266,0.251,0.483
49700,0.260,0.257,0.482
49800,0.283,0.261,0.456
49900,0.289,0.271,0.440
50000,0.286,0.277,0.437
50100,0.280,0.273,0.447
50200,0.285,0.271,0.444
50300,0.292,0.273,0.435
50400,0.284,0.267,0.449
50500,0.293,0.266,0.441
50600,0.284,0.261,0.455
50700,0.289,0.261,0.449
50800,0.287,0.258,0.455
50900,0.294,0.256,0.449
51000,0.290,0.255,0.455
51100,0.280,0.256,0.464
51200,0.285,0.255,0.460
51300,0.276,0.254,0.470
51400,0.263,0.257,0.480
51500,0.271,0.259,0.470
51600,0.275,0.253,0.472
51700,0.271,0.253,0.476
51800,0.274,0.252,0.474
51900,0.267,0.252,0.481
52000,0.274,0.258,0.468
52100,0.274,0.253,0.473
52200,0.277,0.255,0.468
52300,0.274,0.252,0.474
52400,0.279,0.247,0.474
52500,0.276,0.248,0.476
52600,0.268,0.255,0.477
52700,0.267,0.261,0.472
52800,0.268,0.260,0.472
52900,0.254,0.270,0.476
53000,0.249,0.268,0.483
53100,0.258,0.267,0.475
53200,0.271,0.274,0.456
53300,0.271,0.269,0.461
53400,0.269,0.267,0.465
53500,0.270,0.263,0.468
53600,0.273,0.265,0.463
53700,0.275,0.269,0.457
53800,0.269,0.276,0.456
53900,0.263,0.273,0.465
54000,0.272,0.274,0.455
54100,0.250,0.274,0.476
54200,0.235,0.276,0.489
54300,0.240,0.284,0.476
54400,0.243,0.281,0.476
54500,0.252,0.278,0.470
54600,0.253,0.283,0.464
54700,0.259,0.283,0.458
54800,0.277,0.272,0.451
54900,0.270,0.274,0.457
55000,0.283,0.275,0.442
55100,0.282,0.272,0.446
55200,0.279,0.274,0.447
55300,0.280,0.271,0.449
55400,0.292,0.269,0.439
55500,0.299,0.272,0.429
55600,0.294,0.271,0.435
55700,0.289,0.258,0.453
55800,0.290,0.257,0.453
55900,0.289,0.266,0.445
56000,0.281,0.268,0.451
56100,0.279,0.272,0.449
56200,0.287,0.260,0.453
56300,0.282,0.261,0.457
56400,0.284,0.268,0.448
56500,0.284,0.271,0.445
56600,0.278,0.271,0.451
56700,0.259,0.272,0.469
56800,0.260,0.265,0.475
56900,0.267,0.267,0.467
57000,0.269,0.270,0.462
57100,0.261,0.273,0.466
57200,0.258,0.259,0.482
57300,0.253,0.253,0.493
57400,0.253,0.258,0.488
57500,0.276,0.257,0.467
57600,0.274,0.259,0.467
57700,0.272,0.263,0.466
57800,0.267,0.269,0.465
57900,0.272,0.270,0.459
58000,0.266,0.264,0.471
58100,0.284,0.259,0.457
58200,0.295,0.264,0.441
58300,0.295,0.256,0.448
58400,0.294,0.256,0.449
58500,0.292,0.264,0.444
58600,0.280,0.257,0.463
58700,0.282,0.263,0.456
58800,0.280,0.257,0.463
58900,0.282,0.259,0.459
59000,0.282,0.268,0.450
59100,0.280,0.271,0.449
59200,0.281,0.271,0.448
59300,0.300,0.267,0.433
59400,0.296,0.266,0.438
59500,0.293,0.261,0.445
59600,0.294,0.267,0.439
59700,0.282,0.269,0.449
59800,0.284,0.273,0.443
59900,0.281,0.273,0.446
60000,0.285,0.270,0.445
60100,0.274,0.274,0.453
60200,0.278,0.266,0.457
60300,0.282,0.265,0.454
60400,0.283,0.271,0.446
60500,0.281,0.270,0.449
60600,0.287,0.278,0.435
60700,0.293,0.273,0.434
60800,0.292,0.266,0.442
60900,0.290,0.266,0.444
61000,0.276,0.268,0.457
61100,0.288,0.266,0.446
61200,0.272,0.277,0.451
61300,0.279,0.271,0.450
61400,0.268,0.283,0.449
61500,0.277,0.280,0.443
61600,0.275,0.274,0.451
61700,0.277,0.277,0.446
61800,0.273,0.283,0.444
61900,0.278,0.287,0.435
62000,0.283,0.277,0.440
62100,0.281,0.279,0.440
62200,0.281,0.275,0.444
62300,0.286,0.270,0.444
62400,0.281,0.263,0.457
62500,0.274,0.254,0.472
62600,0.284,0.252,0.464
62700,0.288,0.251,0.461
62800,0.285,0.256,0.459
62900,0.277,0.257,0.466
63000,0.277,0.259,0.464
63100,0.288,0.257,0.455
63200,0.282,0.256,0.462
63300,0.275,0.277,0.448
63400,0.282,0.263,0.456
63500,0.288,0.257,0.455
63600,0.289,0.264,0.447
63700,0.294,0.267,0.439
63800,0.297,0.259,0.443
63900,0.303,0.256,0.440
64000,0.305,0.257,0.437
64100,0.298,0.255,0.446
64200,0.294,0.254,0.451
64300,0.290,0.257,0.453
64400,0.285,0.258,0.457
64500,0.281,0.267,0.453
64600,0.292,0.261,0.446
64700,0.288,0.257,0.455
64800,0.290,0.257,0.453
64900,0.287,0.265,0.448
65000,0.292,0.260,0.447
65100,0.286,0.257,0.457
65200,0.283,0.253,0.464
65300,0.274,0.261,0.465
65400,0.263,0.258,0.479
65500,0.272,0.253,0.475
65600,0.281,0.255,0.464
65700,0.275,0.265,0.461
65800,0.273,0.275,0.453
65900,0.275,0.273,0.453
66000,0.277,0.285,0.438
66100,0.274,0.294,0.432
66200,0.270,0.286,0.444
66300,0.269,0.292,0.439
66400,0.261,0.289,0.449
66500,0.264,0.285,0.451
66600,0.252,0.276,0.472
66700,0.256,0.281,0.463
66800,0.263,0.279,0.459
66900,0.260,0.283,0.457
67000,0.265,0.279,0.457
67100,0.260,0.282,0.458
67200,0.249,0.280,0.471
67300,0.249,0.286,0.465
67400,0.254,0.290,0.456
67500,0.252,0.285,0.463
67600,0.247,0.296,0.457
67700,0.247,0.302,0.450
67800,0.243,0.298,0.459
67900,0.241,0.294,0.465
68000,0.234,0.285,0.481
68100,0.240,0.283,0.477
68200,0.229,0.286,0.485
68300,0.229,0.300,0.471
68400,0.227,0.303,0.470
68500,0.221,0.307,0.472
68600,0.218,0.301,0.481
68700,0.217,0.311,0.473
68800,0.222,0.311,0.468
68900,0.239,0.309,0.451
69000,0.228,0.313,0.460
69100,0.230,0.300,0.470
69200,0.236,0.295,0.469
69300,0.245,0.294,0.461
69400,0.241,0.296,0.463
69500,0.237,0.289,0.474
69600,0.249,0.289,0.462
69700,0.245,0.284,0.471
69800,0.254,0.297,0.448
69900,0.250,0.296,0.454
70000,0.242,0.290,0.468
70100,0.245,0.287,0.468
70200,0.249,0.288,0.463
70300,0.256,0.289,0.455
70400,0.250,0.300,0.449
70500,0.258,0.302,0.439
70600,0.256,0.293,0.450
70700,0.256,0.286,0.458
70800,0.264,0.285,0.451
70900,0.267,0.284,0.449
71000,0.255,0.281,0.464
71100,0.263,0.281,0.457
71200,0.275,0.282,0.443
71300,0.279,0.279,0.442
71400,0.273,0.275,0.453
71500,0.272,0.271,0.458
71600,0.277,0.282,0.441
71700,0.284,0.278,0.438
71800,0.281,0.274,0.445
71900,0.288,0.278,0.434
72000,0.292,0.274,0.434
72100,0.283,0.266,0.451
72200,0.293,0.273,0.434
72300,0.294,0.269,0.437
72400,0.280,0.263,0.458
72500,0.286,0.271,0.443
72600,0.296,0.270,0.434
72700,0.301,0.266,0.433
72800,0.286,0.265,0.449
72900,0.286,0.260,0.454
73000,0.278,0.248,0.474
73100,0.284,0.247,0.469
73200,0.294,0.252,0.454
73300,0.299,0.250,0.450
73400,0.299,0.242,0.459
73500,0.296,0.239,0.465
73600,0.295,0.236,0.469
73700,0.282,0.239,0.479
73800,0.271,0.252,0.477
73900,0.267,0.253,0.480
74000,0.269,0.251,0.480
74100,0.272,0.253,0.475
74200,0.266,0.251,0.483
74300,0.270,0.250,0.480
74400,0.272,0.251,0.477
74500,0.291,0.251,0.458
74600,0.289,0.246,0.465
74700,0.290,0.238,0.472
74800,0.284,0.241,0.475
74900,0.279,0.240,0.481
75000,0.286,0.239,0.475
75100,0.287,0.243,0.470
75200,0.299,0.238,0.463
75300,0.297,0.233,0.470
75400,0.292,0.240,0.468
75500,0.290,0.239,0.471
75600,0.279,0.235,0.486
75700,0.286,0.249,0.465
75800,0.288,0.252,0.460
75900,0.285,0.261,0.454
76000,0.294,0.265,0.441
76100,0.298,0.259,0.442
76200,0.296,0.259,0.444
76300,0.300,0.256,0.443
76400,0.299,0.252,0.448
76500,0.288,0.258,0.454
76600,0.292,0.255,0.453
76700,0.285,0.253,0.462
76800,0.288,0.264,0.448
76900,0.293,0.261,0.445
77000,0.292,0.261,0.446
77100,0.291,0.259,0.449
77200,0.285,0.273,0.442
77300,0.288,0.272,0.440
77400,0.275,0.278,0.447
77500,0.278,0.279,0.443
77600,0.280,0.274,0.446
77700,0.280,0.280,0.440
77800,0.283,0.273,0.444
77900,0.290,0.271,0.439
78000,0.284,0.265,0.451
78100,0.276,0.268,0.457
78200,0.280,0.265,0.456
78300,0.289,0.263,0.448
78400,0.287,0.271,0.442
78500,0.277,0.274,0.449
78600,0.280,0.256,0.464
78700,0.292,0.251,0.457
78800,0.294,0.249,0.457
78900,0.292,0.239,0.469
79000,0.298,0.235,0.467
79100,0.300,0.238,0.462
79200,0.311,0.243,0.446
79300,0.317,0.248,0.435
79400,0.302,0.245,0.453
79500,0.296,0.246,0.458
79600,0.291,0.243,0.466
79700,0.289,0.242,0.469
79800,0.282,0.242,0.476
79900,0.283,0.244,0.473
80000,0.283,0.242,0.475
80100,0.287,0.234,0.479
80200,0.300,0.233,0.467
80300,0.294,0.229,0.477
80400,0.307,0.234,0.459
80500,0.311,0.239,0.450
80600,0.306,0.236,0.458
80700,0.298,0.236,0.466
80800,0.314,0.242,0.444
80900,0.302,0.240,0.458
81000,0.307,0.248,0.444
81100,0.298,0.246,0.456
81200,0.298,0.243,0.459
81300,0.303,0.236,0.461
81400,0.291,0.246,0.463
81500,0.296,0.255,0.448
81600,0.292,0.242,0.466
81700,0.299,0.250,0.450
81800,0.302,0.264,0.434
81900,0.307,0.258,0.434
82000,0.314,0.250,0.436
82100,0.315,0.244,0.441
82200,0.314,0.247,0.439
82300,0.326,0.250,0.424
82400,0.324,0.245,0.431
82500,0.324,0.253,0.423
82600,0.325,0.249,0.426
82700,0.316,0.246,0.438
82800,0.313,0.242,0.445
82900,0.319,0.255,0.426
83000,0.322,0.251,0.427
83100,0.329,0.252,0.419
83200,0.330,0.248,0.422
83300,0.331,0.249,0.420
83400,0.324,0.242,0.434
83500,0.329,0.248,0.423
83600,0.328,0.245,0.427
83700,0.321,0.237,0.442
83800,0.338,0.236,0.426
83900,0.334,0.229,0.437
84000,0.341,0.236,0.423
84100,0.338,0.234,0.428
84200,0.329,0.230,0.441
84300,0.325,0.227,0.448
84400,0.318,0.232,0.450
84500,0.313,0.242,0.445
84600,0.312,0.239,0.449
84700,0.331,0.235,0.434
84800,0.336,0.233,0.431
84900,0.323,0.227,0.450
85000,0.326,0.240,0.434
85100,0.321,0.240,0.439
85200,0.316,0.237,0.447
85300,0.320,0.233,0.447
85400,0.308,0.227,0.465
85500,0.321,0.225,0.455
85600,0.322,0.229,0.449
85700,0.316,0.230,0.455
85800,0.304,0.239,0.457
85900,0.303,0.250,0.446
86000,0.306,0.248,0.445
86100,0.303,0.247,0.449
86200,0.309,0.245,0.445
86300,0.299,0.252,0.448
86400,0.282,0.254,0.464
86500,0.287,0.246,0.467
86600,0.291,0.245,0.464
86700,0.297,0.245,0.458
86800,0.305,0.243,0.451
86900,0.322,0.238,0.440
87000,0.323,0.239,0.438
87100,0.321,0.234,0.445
87200,0.321,0.237,0.442
87300,0.314,0.228,0.459
87400,0.305,0.224,0.471
87500,0.308,0.224,0.468
87600,0.299,0.224,0.477
87700,0.306,0.229,0.465
87800,0.305,0.233,0.462
87900,0.299,0.231,0.470
88000,0.312,0.222,0.467
88100,0.304,0.211,0.484
88200,0.300,0.206,0.493
88300,0.292,0.217,0.491
88400,0.283,0.219,0.498
88500,0.286,0.220,0.494
88600,0.294,0.217,0.489
88700,0.287,0.218,0.495
88800,0.279,0.219,0.503
88900,0.279,0.224,0.497
89000,0.292,0.215,0.493
89100,0.289,0.216,0.495
89200,0.297,0.217,0.486
89300,0.290,0.218,0.492
89400,0.283,0.223,0.494
89500,0.285,0.228,0.487
89600,0.275,0.220,0.506
89700,0.261,0.220,0.519
89800,0.263,0.228,0.510
89900,0.261,0.235,0.504
90000,0.264,0.230,0.507
90100,0.266,0.223,0.512
90200,0.261,0.229,0.510
90300,0.265,0.231,0.505
90400,0.261,0.233,0.506
90500,0.261,0.225,0.514
90600,0.263,0.225,0.513
90700,0.266,0.226,0.509
90800,0.266,0.222,0.513
90900,0.281,0.220,0.499
91000,0.291,0.216,0.493
91100,0.285,0.212,0.503
91200,0.294,0.212,0.493
91300,0.300,0.212,0.487
91400,0.291,0.209,0.499
91500,0.296,0.209,0.494
91600,0.297,0.223,0.480
91700,0.315,0.222,0.464
91800,0.320,0.229,0.451
91900,0.321,0.218,0.462
92000,0.319,0.224,0.458
92100,0.321,0.230,0.449
92200,0.303,0.231,0.466
92300,0.305,0.232,0.463
92400,0.316,0.239,0.445
92500,0.291,0.235,0.474
92600,0.282,0.231,0.487
92700,0.288,0.243,0.469
92800,0.292,0.232,0.476
92900,0.302,0.229,0.469
93000,0.308,0.223,0.469
93100,0.300,0.224,0.476
93200,0.291,0.228,0.481
93300,0.303,0.225,0.472
93400,0.300,0.227,0.473
93500,0.294,0.225,0.481
93600,0.295,0.222,0.483
93700,0.290,0.219,0.491
93800,0.289,0.221,0.490
93900,0.285,0.209,0.506
94000,0.285,0.210,0.505
94100,0.295,0.209,0.495
94200,0.300,0.213,0.486
94300,0.289,0.219,0.492
94400,0.305,0.217,0.478
94500,0.313,0.212,0.475
94600,0.314,0.212,0.474
94700,0.299,0.220,0.481
94800,0.296,0.215,0.489
94900,0.300,0.213,0.486
95000,0.301,0.219,0.480
95100,0.297,0.212,0.490
95200,0.295,0.220,0.485
95300,0.301,0.213,0.485
95400,0.300,0.208,0.491
95500,0.315,0.203,0.482
95600,0.319,0.197,0.484
95700,0.324,0.202,0.474
95800,0.332,0.204,0.464
95900,0.336,0.202,0.462
96000,0.335,0.201,0.464
96100,0.341,0.201,0.458
96200,0.340,0.202,0.458
96300,0.342,0.204,0.454
96400,0.336,0.206,0.458
96500,0.326,0.203,0.471
96600,0.331,0.203,0.466
96700,0.332,0.213,0.455
96800,0.335,0.211,0.454
96900,0.334,0.207,0.459
97000,0.334,0.201,0.465
97100,0.338,0.199,0.463
97200,0.338,0.200,0.462
97300,0.331,0.204,0.465
97400,0.330,0.209,0.461
97500,0.337,0.212,0.450
97600,0.332,0.208,0.460
97700,0.326,0.201,0.473
97800,0.328,0.202,0.470
97900,0.319,0.202,0.479
98000,0.312,0.192,0.496
98100,0.319,0.189,0.492
98200,0.318,0.188,0.494
98300,0.327,0.187,0.486
98400,0.331,0.201,0.468
98500,0.341,0.201,0.458
98600,0.342,0.208,0.449
98700,0.344,0.200,0.456
98800,0.353,0.204,0.442
98900,0.347,0.200,0.453
99000,0.340,0.209,0.450
99100,0.345,0.207,0.447
99200,0.323,0.210,0.467
99300,0.324,0.205,0.471
99400,0.321,0.190,0.489
99500,0.327,0.194,0.479
99600,0.347,0.184,0.469
99700,0.347,0.192,0.461
99800,0.344,0.187,0.469
99900,0.331,0.186,0.483
100000,0.331,0.196,0.473
