time,n_A+p,n_B,n_AB
500,0.080,0.591,0.329
1000,0.080,0.333,0.587
1500,0.089,0.205,0.706
2000,0.081,0.272,0.647
2500,0.086,0.265,0.649
3000,0.083,0.300,0.617
3500,0.091,0.234,0.675
4000,0.083,0.237,0.679
4500,0.081,0.309,0.610
5000,0.082,0.269,0.649
5500,0.080,0.275,0.645
6000,0.080,0.343,0.578
6500,0.080,0.282,0.638
7000,0.080,0.306,0.614
7500,0.084,0.276,0.641
8000,0.080,0.320,0.600
8500,0.080,0.368,0.552
9000,0.085,0.330,0.586
9500,0.081,0.268,0.651
10000,0.087,0.266,0.647
10500,0.081,0.314,0.605
11000,0.080,0.325,0.596
11500,0.091,0.246,0.663
12000,0.092,0.230,0.678
12500,0.083,0.362,0.554
13000,0.081,0.328,0.592
13500,0.085,0.249,0.666
14000,0.089,0.252,0.658
14500,0.109,0.178,0.713
15000,0.315,0.038,0.647
15500,0.842,0.002,0.156
16000,0.961,0.001,0.039
16500,0.998,0.000,0.002
17000,1.000,0.000,0.000
