time,n_A+p,n_B,n_AB
0,0.450,0.550,0.000
500,0.346,0.272,0.382
1000,0.327,0.358,0.315
1500,0.346,0.361,0.294
2000,0.370,0.349,0.281
2500,0.284,0.379,0.336
3000,0.297,0.373,0.330
3500,0.278,0.388,0.333
4000,0.309,0.373,0.318
4500,0.333,0.361,0.306
5000,0.291,0.306,0.404
5500,0.327,0.275,0.398
6000,0.324,0.281,0.394
6500,0.434,0.211,0.355
7000,0.566,0.116,0.318
7500,0.685,0.086,0.229
8000,0.789,0.058,0.153
8500,0.869,0.034,0.098
9000,0.890,0.028,0.083
9500,0.936,0.012,0.052
10000,0.960,0.006,0.034
10500,0.982,0.006,0.012
11000,0.991,0.003,0.006
11500,0.994,0.003,0.003
12000,0.994,0.003,0.003
12500,0.997,0.003,0.000
13000,0.997,0.003,0.000
13500,0.994,0.003,0.003
14000,0.994,0.000,0.006
14500,0.997,0.000,0.003
15000,1.000,0.000,0.000
