time,n_A+p,n_B,n_AB
500,0.080,0.831,0.090
1000,0.080,0.737,0.183
1500,0.081,0.629,0.290
2000,0.081,0.580,0.340
2500,0.080,0.533,0.387
3000,0.084,0.482,0.434
3500,0.084,0.408,0.508
4000,0.105,0.395,0.500
4500,0.111,0.370,0.519
5000,0.132,0.316,0.553
5500,0.146,0.269,0.585
6000,0.158,0.202,0.641
6500,0.186,0.197,0.617
7000,0.229,0.135,0.636
7500,0.296,0.085,0.619
8000,0.380,0.058,0.562
8500,0.424,0.034,0.542
9000,0.503,0.015,0.482
9500,0.547,0.009,0.444
10000,0.621,0.004,0.375
10500,0.663,0.003,0.334
11000,0.700,0.004,0.296
11500,0.737,0.002,0.262
12000,0.778,0.000,0.222
12500,0.802,0.000,0.198
13000,0.819,0.000,0.181
13500,0.871,0.000,0.129
14000,0.898,0.000,0.102
14500,0.899,0.000,0.101
15000,0.911,0.000,0.089
15500,0.917,0.000,0.083
16000,0.923,0.000,0.077
16500,0.921,0.000,0.079
17000,0.928,0.000,0.072
17500,0.934,0.000,0.066
18000,0.937,0.000,0.063
18500,0.942,0.000,0.058
19000,0.965,0.000,0.035
19500,0.959,0.000,0.041
20000,0.970,0.000,0.030
20500,0.959,0.000,0.041
21000,0.965,0.000,0.035
21500,0.974,0.000,0.026
22000,0.976,0.000,0.024
22500,0.987,0.000,0.013
23000,0.980,0.000,0.020
23500,0.978,0.000,0.022
24000,0.982,0.000,0.018
24500,0.977,0.000,0.023
25000,0.989,0.000,0.011
25500,0.992,0.000,0.008
26000,0.994,0.000,0.006
26500,0.998,0.000,0.002
27000,0.999,0.000,0.001
27500,1.000,0.000,0.000
