time,n_A+p,n_B,n_AB
500,0.030,0.390,0.580
1000,0.030,0.421,0.549
1500,0.030,0.362,0.608
2000,0.030,0.356,0.614
2500,0.030,0.325,0.645
3000,0.030,0.483,0.487
3500,0.030,0.238,0.732
4000,0.030,0.445,0.525
4500,0.030,0.379,0.591
5000,0.030,0.318,0.652
5500,0.030,0.513,0.457
6000,0.030,0.197,0.773
6500,0.030,0.309,0.661
7000,0.030,0.229,0.741
7500,0.030,0.243,0.727
8000,0.030,0.376,0.594
8500,0.030,0.362,0.608
9000,0.030,0.167,0.803
9500,0.030,0.362,0.608
10000,0.030,0.389,0.581
10500,0.030,0.491,0.479
11000,0.030,0.384,0.586
11500,0.030,0.433,0.537
12000,0.030,0.198,0.772
12500,0.030,0.414,0.556
13000,0.030,0.278,0.692
13500,0.030,0.292,0.678
14000,0.030,0.302,0.668
14500,0.030,0.332,0.638
15000,0.030,0.448,0.522
15500,0.844,0.000,0.156
16000,1.000,0.000,0.000
