time,n_A+p,n_B,n_AB
500,0.072,0.191,0.737
1000,0.050,0.261,0.689
1500,0.050,0.289,0.661
2000,0.050,0.176,0.774
2500,0.050,0.200,0.750
3000,0.050,0.242,0.708
3500,0.050,0.230,0.720
4000,0.050,0.250,0.700
4500,0.050,0.156,0.794
5000,0.050,0.296,0.654
5500,0.050,0.246,0.704
6000,0.050,0.222,0.728
6500,0.050,0.289,0.661
7000,0.050,0.268,0.682
7500,0.050,0.255,0.695
8000,0.069,0.131,0.800
8500,0.050,0.189,0.761
9000,0.050,0.392,0.558
9500,0.050,0.298,0.652
10000,0.050,0.270,0.680
10500,0.050,0.320,0.630
11000,0.050,0.273,0.677
11500,0.050,0.238,0.712
12000,0.050,0.170,0.780
12500,0.628,0.011,0.361
13000,1.000,0.000,0.000
