time,n_A+p,n_B,n_AB
500,0.030,0.345,0.625
1000,0.030,0.195,0.775
1500,0.030,0.350,0.620
2000,0.030,0.332,0.638
2500,0.030,0.249,0.721
3000,0.030,0.124,0.846
3500,0.030,0.184,0.786
4000,0.030,0.146,0.824
4500,0.030,0.199,0.771
5000,0.030,0.357,0.613
5500,0.030,0.153,0.817
6000,0.030,0.318,0.652
6500,0.032,0.114,0.854
7000,0.030,0.272,0.698
7500,0.030,0.124,0.846
8000,0.030,0.156,0.814
8500,0.030,0.275,0.695
9000,0.030,0.258,0.712
9500,0.030,0.241,0.729
10000,0.030,0.234,0.736
10500,0.030,0.292,0.678
11000,0.030,0.359,0.611
11500,0.030,0.232,0.738
12000,0.030,0.197,0.773
12500,0.683,0.000,0.317
13000,1.000,0.000,0.000
