time,n_A+p,n_B,n_AB
100,0.373,0.459,0.168
200,0.355,0.404,0.242
300,0.343,0.388,0.269
400,0.333,0.373,0.294
500,0.303,0.358,0.339
600,0.284,0.330,0.385
700,0.312,0.339,0.349
800,0.291,0.343,0.367
900,0.306,0.364,0.330
1000,0.294,0.349,0.358
1100,0.312,0.376,0.312
1200,0.309,0.391,0.300
1300,0.306,0.346,0.349
1400,0.339,0.321,0.339
1500,0.333,0.321,0.346
1600,0.355,0.327,0.318
1700,0.358,0.346,0.297
1800,0.376,0.370,0.254
1900,0.373,0.361,0.266
2000,0.407,0.358,0.235
2100,0.382,0.343,0.275
2200,0.401,0.355,0.245
2300,0.404,0.346,0.251
2400,0.388,0.355,0.257
2500,0.352,0.385,0.263
2600,0.339,0.416,0.245
2700,0.321,0.413,0.266
2800,0.275,0.413,0.312
2900,0.281,0.443,0.275
3000,0.278,0.446,0.275
3100,0.272,0.440,0.287
3200,0.260,0.483,0.257
3300,0.220,0.483,0.297
3400,0.226,0.508,0.266
3500,0.211,0.517,0.272
3600,0.214,0.511,0.275
3700,0.214,0.532,0.254
3800,0.211,0.514,0.275
3900,0.174,0.560,0.266
4000,0.153,0.599,0.248
4100,0.187,0.609,0.205
4200,0.156,0.621,0.223
4300,0.135,0.642,0.223
4400,0.116,0.657,0.226
4500,0.095,0.661,0.245
4600,0.128,0.694,0.177
4700,0.122,0.706,0.171
4800,0.101,0.706,0.193
4900,0.089,0.743,0.168
5000,0.086,0.749,0.165
5100,0.076,0.771,0.153
5200,0.076,0.795,0.128
5300,0.064,0.807,0.128
5400,0.070,0.820,0.110
5500,0.070,0.838,0.092
5600,0.067,0.850,0.083
5700,0.058,0.841,0.101
5800,0.052,0.820,0.128
5900,0.043,0.826,0.131
6000,0.034,0.844,0.122
6100,0.028,0.872,0.101
6200,0.024,0.899,0.076
6300,0.015,0.917,0.067
6400,0.012,0.930,0.058
6500,0.012,0.942,0.046
6600,0.015,0.966,0.018
6700,0.012,0.954,0.034
6800,0.012,0.963,0.024
6900,0.012,0.972,0.015
7000,0.009,0.976,0.015
7100,0.006,0.966,0.028
7200,0.006,0.966,0.028
7300,0.006,0.969,0.024
7400,0.012,0.963,0.024
7500,0.009,0.957,0.034
7600,0.009,0.957,0.034
7700,0.009,0.951,0.040
7800,0.009,0.957,0.034
7900,0.009,0.969,0.021
8000,0.006,0.972,0.021
8100,0.006,0.966,0.028
8200,0.006,0.963,0.031
8300,0.006,0.966,0.028
8400,0.006,0.972,0.021
8500,0.006,0.954,0.040
8600,0.006,0.951,0.043
8700,0.006,0.966,0.028
8800,0.006,0.972,0.021
8900,0.006,0.979,0.015
9000,0.006,0.982,0.012
9100,0.006,0.969,0.024
9200,0.006,0.972,0.021
9300,0.003,0.982,0.015
9400,0.003,0.985,0.012
9500,0.003,0.982,0.015
9600,0.003,0.988,0.009
9700,0.003,0.991,0.006
9800,0.003,0.994,0.003
9900,0.003,0.994,0.003
10000,0.003,0.994,0.003
10100,0.003,0.991,0.006
10200,0.003,0.994,0.003
10300,0.003,0.994,0.003
10400,0.003,0.997,0.000
10500,0.003,0.997,0.000
10600,0.003,0.997,0.000
10700,0.003,0.997,0.000
10800,0.003,0.997,0.000
10900,0.000,0.997,0.003
11000,0.000,1.000,0.000
