time,n_A+p,n_B,n_AB
500,0.080,0.796,0.124
1000,0.080,0.662,0.258
1500,0.080,0.624,0.296
2000,0.080,0.532,0.388
2500,0.080,0.475,0.445
3000,0.084,0.409,0.507
3500,0.081,0.415,0.504
4000,0.090,0.386,0.523
4500,0.089,0.362,0.548
5000,0.094,0.345,0.561
5500,0.103,0.349,0.548
6000,0.104,0.334,0.562
6500,0.098,0.363,0.538
7000,0.087,0.370,0.542
7500,0.083,0.353,0.564
8000,0.086,0.367,0.546
8500,0.089,0.385,0.526
9000,0.086,0.396,0.517
9500,0.092,0.372,0.536
10000,0.093,0.358,0.548
10500,0.110,0.315,0.576
11000,0.117,0.268,0.615
11500,0.116,0.276,0.608
12000,0.117,0.264,0.619
12500,0.143,0.214,0.642
13000,0.170,0.158,0.672
13500,0.278,0.097,0.626
14000,0.381,0.059,0.560
14500,0.548,0.029,0.422
15000,0.697,0.004,0.299
15500,0.774,0.002,0.224
16000,0.842,0.000,0.158
16500,0.933,0.000,0.067
17000,0.953,0.000,0.047
17500,0.967,0.000,0.033
18000,0.970,0.000,0.030
18500,0.960,0.000,0.040
19000,0.984,0.000,0.016
19500,0.987,0.000,0.013
20000,0.995,0.000,0.005
20500,0.999,0.000,0.001
21000,1.000,0.000,0.000
