time,n_A+p,n_B,n_AB
100,0.315,0.380,0.304
200,0.207,0.511,0.283
300,0.185,0.576,0.239
400,0.163,0.663,0.174
500,0.087,0.696,0.217
600,0.185,0.696,0.120
700,0.152,0.707,0.141
800,0.120,0.707,0.174
900,0.087,0.804,0.109
1000,0.087,0.837,0.076
1100,0.054,0.870,0.076
1200,0.054,0.826,0.120
1300,0.054,0.891,0.054
1400,0.033,0.924,0.043
1500,0.011,0.924,0.065
1600,0.011,0.935,0.054
1700,0.000,0.967,0.033
1800,0.000,0.989,0.011
1900,0.000,1.000,0.000
