time,n_A+p,n_B,n_AB
100,0.443,0.422,0.135
200,0.422,0.410,0.168
300,0.401,0.364,0.235
400,0.388,0.339,0.272
500,0.376,0.287,0.336
600,0.358,0.300,0.343
700,0.336,0.266,0.398
800,0.370,0.239,0.391
900,0.401,0.211,0.388
1000,0.419,0.199,0.382
1100,0.388,0.208,0.404
1200,0.388,0.214,0.398
1300,0.379,0.214,0.407
1400,0.373,0.229,0.398
1500,0.404,0.205,0.391
1600,0.443,0.180,0.376
1700,0.505,0.153,0.343
1800,0.523,0.119,0.358
1900,0.483,0.128,0.388
2000,0.511,0.128,0.361
2100,0.535,0.122,0.343
2200,0.578,0.119,0.303
2300,0.581,0.119,0.300
2400,0.593,0.101,0.306
2500,0.624,0.098,0.278
2600,0.609,0.083,0.309
2700,0.612,0.061,0.327
2800,0.627,0.046,0.327
2900,0.621,0.058,0.321
3000,0.651,0.052,0.297
3100,0.645,0.070,0.284
3200,0.633,0.089,0.278
3300,0.624,0.110,0.266
3400,0.612,0.076,0.312
3500,0.609,0.076,0.315
3600,0.621,0.104,0.275
3700,0.639,0.113,0.248
3800,0.618,0.104,0.278
3900,0.596,0.128,0.275
4000,0.618,0.122,0.260
4100,0.615,0.119,0.266
4200,0.593,0.128,0.278
4300,0.609,0.104,0.287
4400,0.602,0.098,0.300
4500,0.615,0.098,0.287
4600,0.630,0.089,0.281
4700,0.654,0.070,0.275
4800,0.642,0.064,0.294
4900,0.664,0.049,0.287
5000,0.639,0.061,0.300
5100,0.645,0.061,0.294
5200,0.670,0.073,0.257
5300,0.657,0.061,0.281
5400,0.670,0.052,0.278
5500,0.709,0.040,0.251
5600,0.734,0.040,0.226
5700,0.746,0.037,0.217
5800,0.737,0.037,0.226
5900,0.768,0.037,0.196
6000,0.737,0.040,0.223
6100,0.774,0.043,0.183
6200,0.780,0.046,0.174
6300,0.731,0.058,0.211
6400,0.746,0.046,0.208
6500,0.749,0.052,0.199
6600,0.749,0.040,0.211
6700,0.755,0.055,0.190
6800,0.752,0.052,0.196
6900,0.758,0.049,0.193
7000,0.761,0.046,0.193
7100,0.798,0.046,0.156
7200,0.798,0.040,0.162
7300,0.780,0.049,0.171
7400,0.755,0.052,0.193
7500,0.743,0.080,0.177
7600,0.731,0.086,0.183
7700,0.728,0.083,0.190
7800,0.743,0.076,0.180
7900,0.749,0.064,0.187
8000,0.752,0.049,0.199
8100,0.755,0.046,0.199
8200,0.749,0.061,0.190
8300,0.761,0.073,0.165
8400,0.740,0.076,0.183
8500,0.746,0.070,0.183
8600,0.746,0.067,0.187
8700,0.755,0.067,0.177
8800,0.786,0.049,0.165
8900,0.761,0.043,0.196
9000,0.777,0.040,0.183
9100,0.792,0.031,0.177
9200,0.835,0.024,0.141
9300,0.820,0.024,0.156
9400,0.795,0.031,0.174
9500,0.761,0.046,0.193
9600,0.755,0.040,0.205
9700,0.765,0.034,0.202
9800,0.755,0.034,0.211
9900,0.752,0.031,0.217
10000,0.768,0.043,0.190
10100,0.789,0.031,0.180
10200,0.823,0.028,0.150
10300,0.829,0.028,0.144
10400,0.835,0.024,0.141
10500,0.847,0.012,0.141
10600,0.865,0.012,0.122
10700,0.853,0.018,0.128
10800,0.859,0.012,0.128
10900,0.862,0.009,0.128
11000,0.841,0.006,0.153
11100,0.835,0.015,0.150
11200,0.835,0.040,0.125
11300,0.832,0.040,0.128
11400,0.847,0.034,0.119
11500,0.826,0.037,0.138
11600,0.835,0.024,0.141
11700,0.829,0.031,0.141
11800,0.817,0.031,0.153
11900,0.807,0.046,0.147
12000,0.789,0.037,0.174
12100,0.795,0.040,0.165
12200,0.798,0.034,0.168
12300,0.820,0.028,0.153
12400,0.817,0.028,0.156
12500,0.823,0.037,0.141
12600,0.823,0.049,0.128
12700,0.829,0.024,0.147
12800,0.841,0.024,0.135
12900,0.835,0.018,0.147
13000,0.817,0.021,0.162
13100,0.832,0.018,0.150
13200,0.817,0.021,0.162
13300,0.838,0.028,0.135
13400,0.844,0.021,0.135
13500,0.844,0.024,0.131
13600,0.841,0.024,0.135
13700,0.832,0.018,0.150
13800,0.850,0.015,0.135
13900,0.887,0.012,0.101
14000,0.856,0.015,0.128
14100,0.856,0.028,0.116
14200,0.872,0.024,0.104
14300,0.887,0.015,0.098
14400,0.893,0.006,0.101
14500,0.917,0.015,0.067
14600,0.917,0.018,0.064
14700,0.865,0.034,0.101
14800,0.853,0.015,0.131
14900,0.847,0.031,0.122
15000,0.850,0.021,0.128
15100,0.859,0.018,0.122
15200,0.869,0.024,0.107
15300,0.878,0.018,0.104
15400,0.884,0.006,0.110
15500,0.890,0.006,0.104
15600,0.896,0.006,0.098
15700,0.887,0.006,0.107
15800,0.890,0.009,0.101
15900,0.905,0.006,0.089
16000,0.927,0.006,0.067
16100,0.914,0.006,0.080
16200,0.920,0.006,0.073
16300,0.927,0.006,0.067
16400,0.939,0.003,0.058
16500,0.945,0.000,0.055
16600,0.948,0.000,0.052
16700,0.951,0.000,0.049
16800,0.969,0.000,0.031
16900,0.972,0.000,0.028
17000,0.976,0.000,0.024
17100,0.982,0.000,0.018
17200,0.982,0.000,0.018
17300,0.988,0.000,0.012
17400,0.988,0.000,0.012
17500,0.991,0.000,0.009
17600,0.994,0.000,0.006
17700,0.994,0.000,0.006
17800,0.994,0.000,0.006
17900,0.994,0.000,0.006
18000,0.994,0.000,0.006
18100,0.994,0.000,0.006
18200,0.994,0.000,0.006
18300,0.994,0.000,0.006
18400,0.994,0.000,0.006
18500,0.994,0.000,0.006
18600,0.994,0.000,0.006
18700,0.994,0.000,0.006
18800,0.994,0.000,0.006
18900,0.994,0.000,0.006
19000,0.994,0.000,0.006
19100,0.997,0.000,0.003
19200,0.997,0.000,0.003
19300,0.997,0.000,0.003
19400,0.997,0.000,0.003
19500,0.997,0.000,0.003
19600,0.997,0.000,0.003
19700,0.997,0.000,0.003
19800,0.997,0.000,0.003
19900,0.997,0.000,0.003
20000,0.997,0.000,0.003
20100,0.997,0.000,0.003
20200,0.997,0.000,0.003
20300,0.997,0.000,0.003
20400,0.997,0.000,0.003
20500,1.000,0.000,0.000
