time,n_A+p,n_B,n_AB
500,0.030,0.121,0.849
1000,0.030,0.214,0.756
1500,0.030,0.309,0.661
2000,0.030,0.148,0.822
2500,0.030,0.114,0.856
3000,0.030,0.225,0.745
3500,0.030,0.159,0.811
4000,0.030,0.188,0.782
4500,0.030,0.251,0.719
5000,0.030,0.087,0.883
5500,0.030,0.248,0.722
6000,0.030,0.194,0.776
6500,0.030,0.126,0.844
7000,0.030,0.128,0.842
7500,0.030,0.123,0.847
8000,0.030,0.210,0.760
8500,0.030,0.313,0.657
9000,0.030,0.228,0.742
9500,0.031,0.217,0.752
10000,0.030,0.183,0.787
10500,0.030,0.289,0.681
11000,0.034,0.194,0.772
11500,0.030,0.224,0.746
12000,0.030,0.294,0.676
12500,0.030,0.373,0.597
13000,0.030,0.155,0.815
13500,0.030,0.335,0.635
14000,0.030,0.245,0.725
14500,0.030,0.181,0.789
15000,0.030,0.205,0.765
15500,0.670,0.000,0.330
16000,0.838,0.000,0.162
16500,0.999,0.000,0.001
17000,1.000,0.000,0.000
