time,n_A+p,n_B,n_AB
200,0.030,0.964,0.006
400,0.030,0.959,0.011
600,0.030,0.941,0.030
800,0.030,0.936,0.035
1000,0.030,0.928,0.042
1200,0.032,0.919,0.049
1400,0.044,0.902,0.054
1600,0.042,0.897,0.061
1800,0.042,0.893,0.065
2000,0.042,0.882,0.077
2200,0.044,0.873,0.083
2400,0.042,0.853,0.105
2600,0.040,0.843,0.117
2800,0.043,0.834,0.124
3000,0.047,0.828,0.125
3200,0.047,0.816,0.137
3400,0.050,0.808,0.142
3600,0.052,0.795,0.153
3800,0.053,0.789,0.158
4000,0.056,0.787,0.157
4200,0.051,0.785,0.163
4400,0.056,0.771,0.173
4600,0.053,0.765,0.182
4800,0.065,0.753,0.182
5000,0.060,0.741,0.199
5200,0.064,0.736,0.199
5400,0.061,0.728,0.210
5600,0.062,0.715,0.223
5800,0.069,0.704,0.227
6000,0.067,0.696,0.237
6200,0.070,0.703,0.227
6400,0.079,0.684,0.237
6600,0.085,0.684,0.231
6800,0.076,0.665,0.259
7000,0.074,0.676,0.250
7200,0.072,0.683,0.245
7400,0.068,0.675,0.256
7600,0.084,0.676,0.240
7800,0.088,0.665,0.247
8000,0.087,0.667,0.246
8200,0.082,0.674,0.244
8400,0.075,0.667,0.258
8600,0.069,0.668,0.263
8800,0.065,0.648,0.287
9000,0.079,0.641,0.280
9200,0.084,0.631,0.285
9400,0.092,0.610,0.298
9600,0.079,0.631,0.290
9800,0.069,0.635,0.295
10000,0.085,0.628,0.287
10200,0.087,0.638,0.275
10400,0.088,0.648,0.265
10600,0.075,0.653,0.273
10800,0.090,0.640,0.270
11000,0.100,0.614,0.286
11200,0.103,0.613,0.284
11400,0.098,0.586,0.316
11600,0.103,0.578,0.319
11800,0.106,0.584,0.309
12000,0.099,0.571,0.330
12200,0.098,0.558,0.344
12400,0.101,0.555,0.344
12600,0.102,0.570,0.328
12800,0.095,0.575,0.330
13000,0.087,0.570,0.343
13200,0.096,0.555,0.349
13400,0.094,0.561,0.345
13600,0.106,0.567,0.327
13800,0.109,0.567,0.324
14000,0.109,0.552,0.339
14200,0.116,0.547,0.336
14400,0.137,0.516,0.347
14600,0.149,0.501,0.350
14800,0.138,0.497,0.365
15000,0.141,0.502,0.358
15200,0.129,0.490,0.381
15400,0.145,0.496,0.359
15600,0.141,0.522,0.337
15800,0.142,0.525,0.333
16000,0.131,0.529,0.340
16200,0.133,0.513,0.354
16400,0.130,0.512,0.359
16600,0.128,0.527,0.345
16800,0.131,0.535,0.334
17000,0.131,0.517,0.352
17200,0.130,0.504,0.367
17400,0.124,0.511,0.366
17600,0.153,0.503,0.344
17800,0.143,0.498,0.359
18000,0.145,0.493,0.362
18200,0.150,0.501,0.349
18400,0.147,0.505,0.348
18600,0.145,0.498,0.356
18800,0.143,0.481,0.376
19000,0.146,0.485,0.369
19200,0.137,0.497,0.366
19400,0.138,0.507,0.355
19600,0.140,0.478,0.382
19800,0.164,0.474,0.362
20000,0.175,0.455,0.371
20200,0.194,0.451,0.354
20400,0.188,0.453,0.360
20600,0.178,0.446,0.376
20800,0.198,0.429,0.373
21000,0.181,0.419,0.400
21200,0.193,0.420,0.387
21400,0.191,0.413,0.396
21600,0.176,0.404,0.420
21800,0.182,0.412,0.407
22000,0.179,0.400,0.421
22200,0.209,0.394,0.396
22400,0.209,0.402,0.388
22600,0.200,0.388,0.412
22800,0.223,0.385,0.392
23000,0.211,0.378,0.411
23200,0.215,0.355,0.430
23400,0.223,0.352,0.425
23600,0.230,0.353,0.417
23800,0.227,0.362,0.412
24000,0.211,0.351,0.437
24200,0.210,0.355,0.434
24400,0.224,0.350,0.426
24600,0.242,0.361,0.397
24800,0.247,0.366,0.387
25000,0.250,0.377,0.373
25200,0.240,0.366,0.394
25400,0.247,0.362,0.391
25600,0.252,0.362,0.386
25800,0.249,0.352,0.398
26000,0.259,0.351,0.389
26200,0.245,0.342,0.413
26400,0.257,0.323,0.420
26600,0.267,0.311,0.423
26800,0.274,0.321,0.406
27000,0.284,0.318,0.398
27200,0.273,0.312,0.416
27400,0.272,0.321,0.408
27600,0.248,0.326,0.426
27800,0.252,0.344,0.403
28000,0.252,0.332,0.416
28200,0.272,0.320,0.409
28400,0.267,0.319,0.415
28600,0.254,0.319,0.427
28800,0.244,0.327,0.429
29000,0.235,0.327,0.438
29200,0.238,0.336,0.426
29400,0.241,0.333,0.426
29600,0.242,0.335,0.423
29800,0.253,0.337,0.410
30000,0.247,0.335,0.418
30200,0.236,0.344,0.420
30400,0.247,0.327,0.426
30600,0.246,0.330,0.424
30800,0.237,0.340,0.423
31000,0.234,0.329,0.437
31200,0.218,0.338,0.444
31400,0.231,0.342,0.427
31600,0.250,0.347,0.402
31800,0.260,0.354,0.385
32000,0.267,0.333,0.400
32200,0.264,0.324,0.413
32400,0.263,0.331,0.407
32600,0.255,0.329,0.416
32800,0.250,0.331,0.419
33000,0.244,0.348,0.408
33200,0.232,0.362,0.407
33400,0.228,0.351,0.421
33600,0.221,0.354,0.425
33800,0.210,0.351,0.438
34000,0.235,0.336,0.429
34200,0.232,0.324,0.444
34400,0.230,0.314,0.457
34600,0.190,0.343,0.467
34800,0.183,0.352,0.465
35000,0.189,0.346,0.465
35200,0.203,0.343,0.454
35400,0.215,0.335,0.450
35600,0.218,0.333,0.449
35800,0.221,0.324,0.456
36000,0.221,0.333,0.446
36200,0.255,0.316,0.429
36400,0.256,0.306,0.437
36600,0.256,0.304,0.439
36800,0.265,0.311,0.425
37000,0.264,0.309,0.427
37200,0.270,0.317,0.414
37400,0.280,0.314,0.407
37600,0.277,0.311,0.413
37800,0.265,0.304,0.431
38000,0.236,0.336,0.428
38200,0.235,0.343,0.422
38400,0.219,0.344,0.437
38600,0.221,0.358,0.422
38800,0.216,0.347,0.437
39000,0.225,0.342,0.433
39200,0.237,0.334,0.429
39400,0.234,0.321,0.445
39600,0.230,0.332,0.438
39800,0.229,0.347,0.424
40000,0.222,0.338,0.440
40200,0.221,0.340,0.439
40400,0.221,0.339,0.440
40600,0.226,0.337,0.437
40800,0.225,0.336,0.439
41000,0.212,0.336,0.451
41200,0.213,0.339,0.447
41400,0.206,0.355,0.438
41600,0.217,0.351,0.432
41800,0.209,0.354,0.436
42000,0.219,0.347,0.434
42200,0.216,0.341,0.443
42400,0.199,0.350,0.450
42600,0.207,0.338,0.455
42800,0.224,0.328,0.448
43000,0.233,0.334,0.433
43200,0.228,0.330,0.442
43400,0.231,0.326,0.443
43600,0.204,0.309,0.486
43800,0.213,0.309,0.477
44000,0.199,0.337,0.464
44200,0.218,0.309,0.473
44400,0.210,0.314,0.476
44600,0.209,0.316,0.475
44800,0.222,0.328,0.450
45000,0.234,0.332,0.434
45200,0.221,0.327,0.453
45400,0.222,0.331,0.447
45600,0.217,0.330,0.454
45800,0.218,0.323,0.460
46000,0.210,0.326,0.464
46200,0.201,0.326,0.473
46400,0.201,0.329,0.470
46600,0.206,0.335,0.459
46800,0.221,0.324,0.456
47000,0.230,0.311,0.460
47200,0.243,0.318,0.439
47400,0.212,0.341,0.446
47600,0.201,0.336,0.463
47800,0.193,0.343,0.464
48000,0.193,0.368,0.439
48200,0.202,0.369,0.429
48400,0.200,0.371,0.429
48600,0.208,0.360,0.432
48800,0.204,0.346,0.449
49000,0.197,0.352,0.450
49200,0.200,0.336,0.464
49400,0.206,0.330,0.464
49600,0.200,0.353,0.446
49800,0.186,0.353,0.461
50000,0.196,0.343,0.461
50200,0.202,0.352,0.445
50400,0.198,0.353,0.448
50600,0.200,0.365,0.435
50800,0.198,0.366,0.436
51000,0.185,0.374,0.441
51200,0.182,0.358,0.461
51400,0.186,0.359,0.456
51600,0.181,0.362,0.458
51800,0.172,0.365,0.464
52000,0.191,0.359,0.450
52200,0.192,0.353,0.455
52400,0.202,0.342,0.456
52600,0.193,0.335,0.472
52800,0.179,0.345,0.476
53000,0.181,0.331,0.488
53200,0.181,0.329,0.490
53400,0.173,0.346,0.481
53600,0.180,0.342,0.478
53800,0.177,0.336,0.487
54000,0.181,0.351,0.468
54200,0.187,0.345,0.468
54400,0.196,0.337,0.467
54600,0.205,0.335,0.460
54800,0.209,0.308,0.482
55000,0.202,0.298,0.499
55200,0.203,0.312,0.485
55400,0.206,0.317,0.477
55600,0.207,0.321,0.472
55800,0.192,0.319,0.489
56000,0.185,0.324,0.491
56200,0.197,0.309,0.493
56400,0.177,0.316,0.508
56600,0.182,0.330,0.488
56800,0.189,0.333,0.478
57000,0.205,0.326,0.469
57200,0.212,0.311,0.477
57400,0.204,0.328,0.468
57600,0.206,0.329,0.465
57800,0.212,0.324,0.464
58000,0.225,0.325,0.450
58200,0.225,0.346,0.429
58400,0.220,0.360,0.421
58600,0.229,0.348,0.423
58800,0.228,0.353,0.419
59000,0.228,0.340,0.432
59200,0.253,0.321,0.426
59400,0.248,0.329,0.423
59600,0.239,0.332,0.429
59800,0.249,0.342,0.409
60000,0.246,0.335,0.419
60200,0.237,0.341,0.422
60400,0.240,0.334,0.426
60600,0.230,0.344,0.426
60800,0.228,0.342,0.430
61000,0.242,0.328,0.430
61200,0.230,0.323,0.447
61400,0.239,0.324,0.437
61600,0.198,0.325,0.477
61800,0.231,0.311,0.459
62000,0.238,0.308,0.454
62200,0.235,0.306,0.459
62400,0.237,0.314,0.449
62600,0.227,0.308,0.465
62800,0.226,0.315,0.460
63000,0.224,0.327,0.449
63200,0.235,0.305,0.460
63400,0.252,0.303,0.444
63600,0.255,0.314,0.431
63800,0.245,0.313,0.442
64000,0.226,0.329,0.445
64200,0.226,0.335,0.439
64400,0.212,0.334,0.454
64600,0.210,0.328,0.462
64800,0.222,0.334,0.444
65000,0.227,0.351,0.422
65200,0.220,0.338,0.442
65400,0.223,0.341,0.436
65600,0.222,0.327,0.451
65800,0.212,0.326,0.462
66000,0.215,0.328,0.458
66200,0.232,0.320,0.448
66400,0.241,0.307,0.451
66600,0.239,0.305,0.456
66800,0.258,0.293,0.448
67000,0.258,0.289,0.453
67200,0.274,0.275,0.451
67400,0.271,0.273,0.457
67600,0.284,0.281,0.435
67800,0.273,0.280,0.447
68000,0.271,0.272,0.458
68200,0.265,0.288,0.447
68400,0.272,0.279,0.449
68600,0.277,0.271,0.453
68800,0.279,0.264,0.458
69000,0.285,0.285,0.430
69200,0.290,0.286,0.424
69400,0.282,0.284,0.434
69600,0.281,0.274,0.445
69800,0.256,0.270,0.474
70000,0.246,0.283,0.471
70200,0.236,0.288,0.476
70400,0.238,0.289,0.473
70600,0.238,0.296,0.466
70800,0.258,0.293,0.448
71000,0.259,0.289,0.451
71200,0.271,0.278,0.451
71400,0.265,0.298,0.437
71600,0.254,0.291,0.455
71800,0.243,0.304,0.453
72000,0.241,0.307,0.451
72200,0.247,0.311,0.442
72400,0.240,0.302,0.458
72600,0.239,0.296,0.465
72800,0.237,0.302,0.461
73000,0.263,0.293,0.444
73200,0.274,0.301,0.425
73400,0.264,0.296,0.440
73600,0.284,0.281,0.435
73800,0.290,0.278,0.432
74000,0.298,0.278,0.424
74200,0.293,0.273,0.434
74400,0.319,0.268,0.414
74600,0.284,0.285,0.431
74800,0.284,0.280,0.436
75000,0.293,0.279,0.428
75200,0.302,0.281,0.417
75400,0.309,0.254,0.436
75600,0.305,0.257,0.437
75800,0.317,0.255,0.428
76000,0.324,0.265,0.412
76200,0.341,0.245,0.414
76400,0.352,0.252,0.395
76600,0.316,0.271,0.414
76800,0.313,0.263,0.425
77000,0.311,0.269,0.421
77200,0.299,0.295,0.406
77400,0.274,0.299,0.427
77600,0.260,0.297,0.442
77800,0.250,0.295,0.455
78000,0.227,0.312,0.462
78200,0.222,0.332,0.446
78400,0.207,0.322,0.471
78600,0.213,0.314,0.473
78800,0.231,0.327,0.442
79000,0.229,0.325,0.446
79200,0.241,0.345,0.414
79400,0.235,0.348,0.417
79600,0.257,0.330,0.413
79800,0.249,0.363,0.388
80000,0.235,0.352,0.413
80200,0.231,0.333,0.436
80400,0.243,0.316,0.441
80600,0.228,0.315,0.458
80800,0.234,0.328,0.438
81000,0.229,0.320,0.451
81200,0.246,0.320,0.434
81400,0.245,0.308,0.446
81600,0.275,0.295,0.430
81800,0.278,0.301,0.421
82000,0.263,0.299,0.438
82200,0.278,0.282,0.440
82400,0.274,0.286,0.440
82600,0.270,0.299,0.431
82800,0.266,0.292,0.442
83000,0.268,0.285,0.447
83200,0.274,0.303,0.423
83400,0.269,0.306,0.425
83600,0.254,0.315,0.431
83800,0.261,0.299,0.439
84000,0.263,0.275,0.463
84200,0.291,0.264,0.445
84400,0.289,0.267,0.444
84600,0.265,0.267,0.469
84800,0.260,0.270,0.470
85000,0.259,0.270,0.471
85200,0.266,0.292,0.442
85400,0.272,0.298,0.430
85600,0.257,0.314,0.429
85800,0.258,0.295,0.446
86000,0.251,0.309,0.439
86200,0.257,0.299,0.443
86400,0.267,0.292,0.441
86600,0.259,0.273,0.468
86800,0.249,0.274,0.477
87000,0.269,0.278,0.454
87200,0.256,0.291,0.453
87400,0.235,0.307,0.458
87600,0.238,0.297,0.465
87800,0.242,0.283,0.475
88000,0.246,0.292,0.462
88200,0.255,0.267,0.478
88400,0.249,0.291,0.460
88600,0.247,0.301,0.451
88800,0.238,0.320,0.442
89000,0.257,0.309,0.433
89200,0.257,0.306,0.436
89400,0.244,0.294,0.462
89600,0.259,0.293,0.447
89800,0.250,0.285,0.465
90000,0.243,0.297,0.460
90200,0.246,0.304,0.449
90400,0.234,0.298,0.468
90600,0.256,0.278,0.466
90800,0.266,0.274,0.461
91000,0.270,0.277,0.454
91200,0.273,0.261,0.466
91400,0.273,0.267,0.461
91600,0.273,0.281,0.446
91800,0.258,0.267,0.475
92000,0.265,0.278,0.458
92200,0.280,0.255,0.465
92400,0.275,0.265,0.461
92600,0.300,0.252,0.447
92800,0.318,0.248,0.434
93000,0.311,0.247,0.442
93200,0.303,0.242,0.455
93400,0.307,0.241,0.451
93600,0.303,0.239,0.458
93800,0.315,0.241,0.444
94000,0.326,0.235,0.439
94200,0.330,0.232,0.438
94400,0.338,0.241,0.421
94600,0.334,0.241,0.425
94800,0.335,0.247,0.418
95000,0.295,0.255,0.449
95200,0.286,0.255,0.459
95400,0.292,0.258,0.449
95600,0.298,0.256,0.445
95800,0.288,0.270,0.442
96000,0.280,0.303,0.417
96200,0.295,0.301,0.403
96400,0.302,0.296,0.401
96600,0.298,0.297,0.404
96800,0.279,0.309,0.412
97000,0.273,0.311,0.417
97200,0.258,0.309,0.432
97400,0.257,0.323,0.420
97600,0.259,0.292,0.448
97800,0.252,0.304,0.443
98000,0.266,0.305,0.429
98200,0.265,0.300,0.435
98400,0.280,0.293,0.427
98600,0.277,0.295,0.428
98800,0.279,0.301,0.420
99000,0.267,0.302,0.431
99200,0.255,0.279,0.466
99400,0.245,0.268,0.487
99600,0.239,0.251,0.510
99800,0.235,0.252,0.513
100000,0.237,0.268,0.495
100200,0.227,0.264,0.510
100400,0.234,0.276,0.490
100600,0.257,0.276,0.467
100800,0.237,0.275,0.488
101000,0.246,0.279,0.475
101200,0.255,0.273,0.472
101400,0.255,0.258,0.486
101600,0.246,0.275,0.479
101800,0.256,0.260,0.483
102000,0.252,0.260,0.487
102200,0.255,0.259,0.485
102400,0.252,0.286,0.462
102600,0.250,0.287,0.463
102800,0.244,0.282,0.474
103000,0.240,0.316,0.444
103200,0.231,0.304,0.465
103400,0.224,0.305,0.471
103600,0.216,0.309,0.475
103800,0.223,0.306,0.471
104000,0.237,0.294,0.469
104200,0.237,0.307,0.456
104400,0.240,0.303,0.457
104600,0.232,0.297,0.471
104800,0.216,0.303,0.481
105000,0.211,0.296,0.492
105200,0.207,0.298,0.494
105400,0.217,0.292,0.491
105600,0.203,0.316,0.481
105800,0.201,0.305,0.493
106000,0.199,0.303,0.497
106200,0.208,0.294,0.497
106400,0.206,0.296,0.497
106600,0.206,0.321,0.473
106800,0.223,0.318,0.460
107000,0.218,0.322,0.461
107200,0.215,0.313,0.473
107400,0.249,0.289,0.462
107600,0.248,0.267,0.485
107800,0.251,0.249,0.499
108000,0.285,0.245,0.470
108200,0.269,0.254,0.477
108400,0.263,0.269,0.469
108600,0.277,0.261,0.462
108800,0.270,0.277,0.454
109000,0.294,0.265,0.441
109200,0.288,0.267,0.445
109400,0.270,0.260,0.470
109600,0.297,0.271,0.432
109800,0.301,0.279,0.420
110000,0.312,0.277,0.412
110200,0.293,0.280,0.427
110400,0.287,0.280,0.433
110600,0.290,0.270,0.440
110800,0.299,0.261,0.439
111000,0.296,0.251,0.453
111200,0.296,0.257,0.446
111400,0.294,0.268,0.438
111600,0.299,0.265,0.436
111800,0.304,0.263,0.433
112000,0.294,0.261,0.444
112200,0.311,0.244,0.445
112400,0.299,0.253,0.447
112600,0.299,0.238,0.463
112800,0.298,0.243,0.459
113000,0.303,0.225,0.472
113200,0.308,0.225,0.467
113400,0.300,0.249,0.450
113600,0.309,0.239,0.451
113800,0.308,0.225,0.467
114000,0.299,0.224,0.477
114200,0.300,0.220,0.480
114400,0.290,0.241,0.469
114600,0.278,0.236,0.486
114800,0.314,0.235,0.451
115000,0.311,0.240,0.449
115200,0.305,0.230,0.465
115400,0.322,0.224,0.455
115600,0.318,0.220,0.463
115800,0.294,0.225,0.481
116000,0.285,0.232,0.483
116200,0.276,0.243,0.481
116400,0.284,0.238,0.478
116600,0.281,0.264,0.456
116800,0.256,0.270,0.474
117000,0.246,0.269,0.485
117200,0.244,0.273,0.483
117400,0.258,0.279,0.463
117600,0.277,0.274,0.449
117800,0.270,0.280,0.450
118000,0.261,0.279,0.460
118200,0.253,0.287,0.460
118400,0.237,0.292,0.471
118600,0.235,0.282,0.483
118800,0.226,0.290,0.484
119000,0.230,0.298,0.472
119200,0.223,0.307,0.470
119400,0.253,0.302,0.444
119600,0.267,0.281,0.453
119800,0.255,0.275,0.470
120000,0.264,0.269,0.468
120200,0.266,0.279,0.456
120400,0.265,0.271,0.465
120600,0.242,0.272,0.486
120800,0.233,0.274,0.493
121000,0.229,0.278,0.493
121200,0.220,0.300,0.480
121400,0.209,0.292,0.498
121600,0.234,0.279,0.487
121800,0.249,0.279,0.472
122000,0.250,0.298,0.451
122200,0.251,0.293,0.456
122400,0.261,0.283,0.456
122600,0.235,0.297,0.468
122800,0.246,0.290,0.464
123000,0.230,0.291,0.479
123200,0.242,0.289,0.469
123400,0.240,0.314,0.446
123600,0.236,0.285,0.479
123800,0.231,0.276,0.493
124000,0.231,0.290,0.479
124200,0.237,0.291,0.472
124400,0.232,0.292,0.476
124600,0.230,0.290,0.480
124800,0.215,0.299,0.486
125000,0.212,0.291,0.496
125200,0.221,0.279,0.501
125400,0.223,0.276,0.502
125600,0.216,0.270,0.515
125800,0.221,0.285,0.494
126000,0.225,0.281,0.494
126200,0.228,0.306,0.466
126400,0.237,0.305,0.458
126600,0.247,0.293,0.460
126800,0.253,0.311,0.436
127000,0.253,0.321,0.426
127200,0.240,0.303,0.457
127400,0.249,0.301,0.449
127600,0.241,0.286,0.473
127800,0.249,0.298,0.453
128000,0.239,0.281,0.480
128200,0.236,0.283,0.481
128400,0.213,0.287,0.499
128600,0.205,0.287,0.508
128800,0.215,0.292,0.493
129000,0.215,0.284,0.502
129200,0.206,0.288,0.506
129400,0.216,0.282,0.503
129600,0.204,0.288,0.508
129800,0.197,0.299,0.504
130000,0.190,0.326,0.484
130200,0.178,0.339,0.483
130400,0.182,0.326,0.492
130600,0.178,0.315,0.508
130800,0.185,0.326,0.489
131000,0.171,0.328,0.502
131200,0.180,0.341,0.479
131400,0.194,0.320,0.486
131600,0.189,0.328,0.483
131800,0.190,0.351,0.459
132000,0.187,0.356,0.457
132200,0.182,0.354,0.464
132400,0.185,0.346,0.469
132600,0.187,0.355,0.458
132800,0.194,0.355,0.450
133000,0.210,0.330,0.460
133200,0.208,0.327,0.465
133400,0.205,0.336,0.459
133600,0.199,0.324,0.477
133800,0.206,0.313,0.481
134000,0.215,0.317,0.469
134200,0.221,0.309,0.470
134400,0.224,0.299,0.477
134600,0.222,0.316,0.463
134800,0.210,0.302,0.487
135000,0.209,0.309,0.481
135200,0.205,0.296,0.498
135400,0.220,0.307,0.473
135600,0.218,0.318,0.465
135800,0.205,0.313,0.482
136000,0.215,0.316,0.470
136200,0.227,0.308,0.465
136400,0.211,0.322,0.467
136600,0.218,0.313,0.470
136800,0.194,0.336,0.470
137000,0.193,0.313,0.494
137200,0.187,0.317,0.496
137400,0.178,0.336,0.486
137600,0.181,0.328,0.491
137800,0.184,0.313,0.504
138000,0.184,0.315,0.502
138200,0.198,0.319,0.483
138400,0.203,0.299,0.497
138600,0.179,0.307,0.514
138800,0.199,0.308,0.492
139000,0.205,0.305,0.489
139200,0.220,0.295,0.485
139400,0.248,0.279,0.473
139600,0.259,0.260,0.480
139800,0.260,0.257,0.482
140000,0.251,0.248,0.501
140200,0.258,0.242,0.499
140400,0.272,0.246,0.482
140600,0.288,0.239,0.473
140800,0.291,0.234,0.475
141000,0.300,0.239,0.461
141200,0.270,0.245,0.485
141400,0.258,0.238,0.504
141600,0.260,0.238,0.502
141800,0.254,0.234,0.512
142000,0.273,0.239,0.488
142200,0.256,0.256,0.487
142400,0.249,0.248,0.503
142600,0.264,0.249,0.487
142800,0.255,0.254,0.490
143000,0.247,0.252,0.501
143200,0.248,0.259,0.492
143400,0.256,0.263,0.481
143600,0.242,0.287,0.471
143800,0.253,0.258,0.488
144000,0.264,0.242,0.494
144200,0.259,0.237,0.504
144400,0.259,0.258,0.482
144600,0.233,0.299,0.468
144800,0.266,0.279,0.456
145000,0.268,0.267,0.466
145200,0.268,0.264,0.469
145400,0.254,0.261,0.484
145600,0.265,0.282,0.454
145800,0.263,0.278,0.460
146000,0.281,0.271,0.448
146200,0.281,0.268,0.451
146400,0.285,0.255,0.460
146600,0.276,0.261,0.463
146800,0.236,0.265,0.499
147000,0.257,0.260,0.482
147200,0.265,0.272,0.464
147400,0.263,0.261,0.476
147600,0.251,0.287,0.462
147800,0.251,0.294,0.455
148000,0.250,0.286,0.464
148200,0.243,0.289,0.468
148400,0.257,0.284,0.459
148600,0.247,0.300,0.453
148800,0.248,0.298,0.454
149000,0.220,0.308,0.472
149200,0.216,0.317,0.468
149400,0.225,0.313,0.463
149600,0.216,0.304,0.480
149800,0.220,0.313,0.468
150000,0.221,0.315,0.465
150200,0.226,0.307,0.467
150400,0.233,0.303,0.464
150600,0.243,0.291,0.466
150800,0.236,0.278,0.486
151000,0.236,0.274,0.490
151200,0.231,0.281,0.488
151400,0.222,0.292,0.486
151600,0.220,0.297,0.483
151800,0.213,0.304,0.482
152000,0.206,0.326,0.468
152200,0.202,0.312,0.486
152400,0.194,0.302,0.504
152600,0.204,0.301,0.494
152800,0.200,0.308,0.491
153000,0.193,0.283,0.524
153200,0.196,0.287,0.517
153400,0.188,0.283,0.529
153600,0.196,0.276,0.528
153800,0.205,0.305,0.489
154000,0.209,0.309,0.481
154200,0.194,0.293,0.513
154400,0.206,0.290,0.504
154600,0.208,0.277,0.515
154800,0.190,0.280,0.530
155000,0.206,0.265,0.529
155200,0.198,0.280,0.522
155400,0.206,0.268,0.526
155600,0.233,0.255,0.512
155800,0.235,0.273,0.492
156000,0.236,0.277,0.487
156200,0.242,0.264,0.494
156400,0.241,0.252,0.507
156600,0.215,0.258,0.527
156800,0.218,0.261,0.521
157000,0.227,0.257,0.516
157200,0.229,0.246,0.525
157400,0.234,0.250,0.516
157600,0.236,0.245,0.519
157800,0.234,0.257,0.509
158000,0.222,0.260,0.518
158200,0.232,0.259,0.509
158400,0.228,0.277,0.495
158600,0.219,0.267,0.515
158800,0.222,0.263,0.516
159000,0.232,0.256,0.512
159200,0.229,0.258,0.513
159400,0.219,0.263,0.519
159600,0.222,0.257,0.521
159800,0.228,0.261,0.511
160000,0.234,0.249,0.517
160200,0.231,0.253,0.516
160400,0.221,0.247,0.532
160600,0.216,0.248,0.536
160800,0.241,0.243,0.516
161000,0.257,0.232,0.511
161200,0.250,0.236,0.514
161400,0.263,0.241,0.496
161600,0.266,0.235,0.499
161800,0.285,0.251,0.464
162000,0.272,0.244,0.484
162200,0.272,0.235,0.493
162400,0.274,0.238,0.488
162600,0.274,0.237,0.489
162800,0.253,0.249,0.497
163000,0.251,0.239,0.510
163200,0.240,0.245,0.515
163400,0.228,0.272,0.501
163600,0.218,0.258,0.524
163800,0.232,0.247,0.521
164000,0.229,0.245,0.526
164200,0.256,0.236,0.508
164400,0.267,0.237,0.496
164600,0.260,0.242,0.497
164800,0.260,0.237,0.503
165000,0.252,0.240,0.508
165200,0.261,0.241,0.497
165400,0.249,0.249,0.502
165600,0.236,0.241,0.523
165800,0.256,0.240,0.504
166000,0.247,0.239,0.514
166200,0.266,0.242,0.492
166400,0.264,0.230,0.507
166600,0.259,0.237,0.504
166800,0.246,0.267,0.487
167000,0.245,0.268,0.487
167200,0.244,0.252,0.504
167400,0.249,0.248,0.503
167600,0.255,0.246,0.498
167800,0.232,0.251,0.517
168000,0.234,0.255,0.511
168200,0.253,0.244,0.503
168400,0.247,0.257,0.495
168600,0.245,0.284,0.471
168800,0.256,0.281,0.463
169000,0.231,0.286,0.483
169200,0.208,0.292,0.499
169400,0.206,0.281,0.513
169600,0.216,0.271,0.514
169800,0.221,0.285,0.494
170000,0.212,0.292,0.495
170200,0.206,0.281,0.513
170400,0.199,0.280,0.521
170600,0.224,0.290,0.486
170800,0.226,0.284,0.490
171000,0.225,0.283,0.492
171200,0.228,0.270,0.503
171400,0.222,0.267,0.512
171600,0.225,0.263,0.513
171800,0.225,0.261,0.514
172000,0.234,0.246,0.520
172200,0.240,0.249,0.511
172400,0.231,0.251,0.518
172600,0.222,0.266,0.513
172800,0.240,0.249,0.511
173000,0.231,0.271,0.498
173200,0.259,0.270,0.471
173400,0.238,0.284,0.478
173600,0.236,0.306,0.458
173800,0.220,0.317,0.464
174000,0.206,0.313,0.481
174200,0.203,0.301,0.495
174400,0.202,0.303,0.494
174600,0.218,0.300,0.482
174800,0.232,0.298,0.470
175000,0.231,0.284,0.485
175200,0.233,0.277,0.490
175400,0.241,0.302,0.457
175600,0.235,0.292,0.473
175800,0.226,0.299,0.475
176000,0.229,0.308,0.463
176200,0.240,0.284,0.476
176400,0.250,0.281,0.469
176600,0.255,0.277,0.468
176800,0.249,0.276,0.475
177000,0.254,0.261,0.484
177200,0.258,0.267,0.475
177400,0.248,0.274,0.478
177600,0.242,0.269,0.489
177800,0.245,0.266,0.489
178000,0.245,0.254,0.501
178200,0.237,0.263,0.501
178400,0.239,0.270,0.491
178600,0.241,0.284,0.475
178800,0.244,0.272,0.484
179000,0.241,0.255,0.504
179200,0.240,0.265,0.495
179400,0.245,0.270,0.485
179600,0.236,0.267,0.497
179800,0.219,0.266,0.516
180000,0.230,0.282,0.488
180200,0.228,0.282,0.490
180400,0.226,0.287,0.487
180600,0.228,0.295,0.477
180800,0.215,0.281,0.505
181000,0.205,0.294,0.501
181200,0.205,0.290,0.505
181400,0.204,0.291,0.505
181600,0.196,0.301,0.503
181800,0.188,0.283,0.529
182000,0.187,0.288,0.525
182200,0.186,0.283,0.531
182400,0.185,0.288,0.527
182600,0.196,0.301,0.503
182800,0.193,0.296,0.511
183000,0.209,0.281,0.510
183200,0.235,0.260,0.505
183400,0.227,0.278,0.495
183600,0.234,0.266,0.501
183800,0.223,0.286,0.491
184000,0.235,0.294,0.471
184200,0.218,0.302,0.480
184400,0.237,0.299,0.464
184600,0.234,0.293,0.473
184800,0.235,0.280,0.485
185000,0.246,0.251,0.503
185200,0.235,0.245,0.520
185400,0.230,0.287,0.483
185600,0.221,0.285,0.494
185800,0.218,0.287,0.495
186000,0.212,0.279,0.509
186200,0.200,0.274,0.526
186400,0.197,0.285,0.518
186600,0.194,0.313,0.493
186800,0.212,0.276,0.512
187000,0.216,0.285,0.499
187200,0.251,0.277,0.472
187400,0.238,0.265,0.497
187600,0.243,0.259,0.497
187800,0.237,0.261,0.502
188000,0.244,0.261,0.494
188200,0.266,0.255,0.479
188400,0.246,0.269,0.485
188600,0.239,0.261,0.499
188800,0.268,0.270,0.463
189000,0.281,0.268,0.451
189200,0.278,0.255,0.467
189400,0.261,0.243,0.495
189600,0.258,0.241,0.501
189800,0.265,0.247,0.488
190000,0.274,0.243,0.483
190200,0.272,0.244,0.484
190400,0.271,0.260,0.469
190600,0.268,0.268,0.465
190800,0.264,0.268,0.469
191000,0.278,0.242,0.480
191200,0.278,0.238,0.484
191400,0.271,0.238,0.491
191600,0.266,0.230,0.505
191800,0.276,0.234,0.490
192000,0.256,0.238,0.506
192200,0.271,0.236,0.493
192400,0.261,0.237,0.502
192600,0.249,0.226,0.525
192800,0.249,0.256,0.494
193000,0.245,0.243,0.512
193200,0.241,0.242,0.517
193400,0.226,0.256,0.518
193600,0.223,0.258,0.519
193800,0.228,0.281,0.491
194000,0.240,0.280,0.480
194200,0.236,0.280,0.484
194400,0.230,0.293,0.477
194600,0.236,0.287,0.477
194800,0.222,0.287,0.491
195000,0.228,0.274,0.498
195200,0.241,0.270,0.489
195400,0.228,0.267,0.506
195600,0.237,0.276,0.487
195800,0.225,0.264,0.512
196000,0.235,0.260,0.505
196200,0.240,0.269,0.491
196400,0.234,0.286,0.480
196600,0.227,0.259,0.514
196800,0.234,0.255,0.511
197000,0.216,0.257,0.527
197200,0.220,0.248,0.532
197400,0.220,0.240,0.540
197600,0.233,0.251,0.516
197800,0.247,0.258,0.494
198000,0.244,0.251,0.505
198200,0.269,0.248,0.483
198400,0.268,0.257,0.475
198600,0.264,0.248,0.488
198800,0.257,0.249,0.493
199000,0.254,0.247,0.498
199200,0.259,0.254,0.486
199400,0.256,0.252,0.491
199600,0.238,0.276,0.486
199800,0.238,0.271,0.491
200000,0.235,0.258,0.507
200200,0.233,0.275,0.492
200400,0.244,0.267,0.489
200600,0.249,0.258,0.492
200800,0.254,0.268,0.478
201000,0.275,0.260,0.465
201200,0.269,0.250,0.481
201400,0.271,0.238,0.491
201600,0.264,0.237,0.499
201800,0.242,0.240,0.518
202000,0.242,0.251,0.507
202200,0.237,0.268,0.495
202400,0.259,0.260,0.480
202600,0.269,0.253,0.478
202800,0.276,0.264,0.461
203000,0.268,0.258,0.474
203200,0.283,0.248,0.469
203400,0.279,0.236,0.485
203600,0.274,0.238,0.488
203800,0.273,0.236,0.491
204000,0.254,0.247,0.498
204200,0.248,0.257,0.494
204400,0.255,0.271,0.474
204600,0.253,0.266,0.481
204800,0.236,0.261,0.503
205000,0.228,0.268,0.505
205200,0.244,0.264,0.492
205400,0.248,0.264,0.488
205600,0.258,0.238,0.504
205800,0.274,0.237,0.489
206000,0.286,0.231,0.483
206200,0.277,0.225,0.498
206400,0.264,0.237,0.499
206600,0.252,0.233,0.515
206800,0.253,0.253,0.493
207000,0.258,0.256,0.485
207200,0.256,0.250,0.493
207400,0.263,0.259,0.478
207600,0.253,0.268,0.479
207800,0.250,0.264,0.486
208000,0.253,0.272,0.475
208200,0.254,0.254,0.491
208400,0.257,0.266,0.477
208600,0.264,0.250,0.486
208800,0.259,0.245,0.495
209000,0.270,0.252,0.478
209200,0.278,0.244,0.478
209400,0.270,0.240,0.490
209600,0.261,0.245,0.493
209800,0.258,0.250,0.491
210000,0.261,0.256,0.482
210200,0.267,0.252,0.481
210400,0.245,0.265,0.490
210600,0.243,0.266,0.491
210800,0.245,0.266,0.489
211000,0.247,0.270,0.483
211200,0.238,0.275,0.487
211400,0.230,0.270,0.501
211600,0.219,0.273,0.509
211800,0.231,0.277,0.492
212000,0.231,0.276,0.493
212200,0.231,0.264,0.506
212400,0.229,0.273,0.498
212600,0.231,0.263,0.507
212800,0.224,0.261,0.515
213000,0.247,0.264,0.489
213200,0.235,0.269,0.496
213400,0.242,0.255,0.503
213600,0.240,0.259,0.501
213800,0.243,0.265,0.492
214000,0.244,0.268,0.488
214200,0.278,0.244,0.478
214400,0.278,0.245,0.477
214600,0.273,0.245,0.482
214800,0.275,0.256,0.469
215000,0.268,0.249,0.483
215200,0.275,0.247,0.478
215400,0.256,0.247,0.496
215600,0.229,0.254,0.517
215800,0.222,0.281,0.497
216000,0.216,0.284,0.501
216200,0.235,0.277,0.488
216400,0.235,0.265,0.501
216600,0.236,0.268,0.496
216800,0.255,0.261,0.483
217000,0.248,0.251,0.501
217200,0.253,0.265,0.482
217400,0.254,0.266,0.480
217600,0.256,0.264,0.480
217800,0.263,0.257,0.480
218000,0.246,0.243,0.511
218200,0.266,0.228,0.507
218400,0.266,0.224,0.511
218600,0.260,0.230,0.510
218800,0.281,0.222,0.497
219000,0.276,0.222,0.503
219200,0.289,0.215,0.496
219400,0.287,0.215,0.498
219600,0.297,0.226,0.477
219800,0.269,0.249,0.482
220000,0.267,0.245,0.488
220200,0.260,0.274,0.466
220400,0.261,0.255,0.483
220600,0.261,0.258,0.480
220800,0.259,0.270,0.471
221000,0.250,0.258,0.491
221200,0.258,0.249,0.492
221400,0.249,0.245,0.506
221600,0.248,0.249,0.503
221800,0.267,0.248,0.485
222000,0.263,0.274,0.464
222200,0.259,0.274,0.467
222400,0.251,0.267,0.482
222600,0.231,0.278,0.491
222800,0.235,0.263,0.503
223000,0.231,0.259,0.510
223200,0.211,0.256,0.532
223400,0.241,0.269,0.490
223600,0.225,0.291,0.484
223800,0.238,0.274,0.488
224000,0.255,0.266,0.479
224200,0.249,0.256,0.494
224400,0.246,0.269,0.485
224600,0.242,0.269,0.489
224800,0.251,0.264,0.485
225000,0.250,0.246,0.504
225200,0.239,0.251,0.510
225400,0.240,0.245,0.515
225600,0.250,0.236,0.514
225800,0.256,0.240,0.504
226000,0.282,0.245,0.473
226200,0.286,0.240,0.474
226400,0.282,0.225,0.493
226600,0.277,0.227,0.496
226800,0.277,0.234,0.489
227000,0.273,0.237,0.490
227200,0.277,0.227,0.496
227400,0.287,0.245,0.468
227600,0.273,0.268,0.460
227800,0.252,0.265,0.483
228000,0.240,0.264,0.496
228200,0.243,0.253,0.504
228400,0.249,0.258,0.492
228600,0.258,0.258,0.483
228800,0.249,0.259,0.491
229000,0.261,0.254,0.484
229200,0.241,0.249,0.510
229400,0.261,0.240,0.498
229600,0.266,0.230,0.505
229800,0.249,0.217,0.534
230000,0.250,0.226,0.524
230200,0.267,0.207,0.526
230400,0.249,0.205,0.545
230600,0.259,0.210,0.530
230800,0.260,0.198,0.541
231000,0.280,0.191,0.529
231200,0.270,0.195,0.535
231400,0.295,0.185,0.520
231600,0.299,0.192,0.509
231800,0.283,0.217,0.501
232000,0.276,0.216,0.509
232200,0.291,0.207,0.502
232400,0.287,0.215,0.498
232600,0.284,0.208,0.508
232800,0.259,0.220,0.521
233000,0.268,0.228,0.505
233200,0.279,0.234,0.487
233400,0.270,0.243,0.487
233600,0.268,0.241,0.491
233800,0.290,0.239,0.471
234000,0.277,0.220,0.504
234200,0.274,0.232,0.494
234400,0.271,0.229,0.501
234600,0.269,0.224,0.508
234800,0.256,0.247,0.496
235000,0.266,0.240,0.494
235200,0.280,0.232,0.488
235400,0.265,0.230,0.506
235600,0.260,0.235,0.505
235800,0.258,0.235,0.507
236000,0.291,0.222,0.487
236200,0.297,0.220,0.483
236400,0.286,0.232,0.482
236600,0.295,0.248,0.457
236800,0.280,0.257,0.463
237000,0.264,0.239,0.497
237200,0.247,0.266,0.487
237400,0.265,0.270,0.466
237600,0.269,0.273,0.459
237800,0.268,0.269,0.464
238000,0.272,0.288,0.440
238200,0.263,0.284,0.454
238400,0.256,0.277,0.467
238600,0.267,0.265,0.469
238800,0.271,0.268,0.462
239000,0.273,0.256,0.471
239200,0.265,0.263,0.473
239400,0.277,0.263,0.461
239600,0.265,0.261,0.474
239800,0.267,0.260,0.473
240000,0.266,0.257,0.477
240200,0.259,0.249,0.491
240400,0.261,0.255,0.483
240600,0.264,0.263,0.474
240800,0.256,0.284,0.460
241000,0.255,0.282,0.463
241200,0.246,0.276,0.478
241400,0.245,0.273,0.482
241600,0.251,0.264,0.485
241800,0.260,0.267,0.473
242000,0.268,0.265,0.468
242200,0.266,0.261,0.473
242400,0.231,0.303,0.466
242600,0.220,0.305,0.475
242800,0.217,0.292,0.491
243000,0.219,0.294,0.487
243200,0.230,0.288,0.482
243400,0.239,0.278,0.483
243600,0.269,0.256,0.475
243800,0.266,0.265,0.470
244000,0.250,0.265,0.485
244200,0.248,0.251,0.501
244400,0.255,0.245,0.499
244600,0.245,0.254,0.501
244800,0.246,0.250,0.504
245000,0.239,0.243,0.518
245200,0.239,0.232,0.529
245400,0.242,0.237,0.521
245600,0.240,0.241,0.519
245800,0.247,0.235,0.518
246000,0.253,0.242,0.505
246200,0.244,0.251,0.505
246400,0.255,0.245,0.499
246600,0.266,0.235,0.499
246800,0.239,0.247,0.514
247000,0.248,0.234,0.518
247200,0.246,0.240,0.514
247400,0.252,0.228,0.520
247600,0.251,0.227,0.522
247800,0.260,0.227,0.513
248000,0.251,0.240,0.509
248200,0.259,0.230,0.511
248400,0.263,0.247,0.490
248600,0.258,0.240,0.502
248800,0.259,0.234,0.507
249000,0.265,0.239,0.496
249200,0.242,0.240,0.518
249400,0.246,0.259,0.494
249600,0.263,0.238,0.499
249800,0.253,0.269,0.478
250000,0.269,0.250,0.481
250200,0.278,0.246,0.476
250400,0.268,0.242,0.490
250600,0.266,0.249,0.485
250800,0.261,0.241,0.497
251000,0.255,0.217,0.528
251200,0.253,0.228,0.519
251400,0.270,0.223,0.508
251600,0.251,0.224,0.525
251800,0.252,0.239,0.509
252000,0.270,0.221,0.510
252200,0.276,0.210,0.514
252400,0.273,0.223,0.505
252600,0.289,0.212,0.498
252800,0.269,0.211,0.520
253000,0.281,0.213,0.506
253200,0.288,0.209,0.503
253400,0.275,0.216,0.510
253600,0.285,0.201,0.514
253800,0.305,0.208,0.486
254000,0.291,0.223,0.486
254200,0.292,0.229,0.479
254400,0.281,0.240,0.479
254600,0.267,0.232,0.502
254800,0.270,0.231,0.499
255000,0.289,0.224,0.487
255200,0.289,0.224,0.487
255400,0.282,0.217,0.502
255600,0.295,0.216,0.489
255800,0.277,0.219,0.505
256000,0.271,0.231,0.498
256200,0.266,0.236,0.498
256400,0.288,0.232,0.480
256600,0.299,0.239,0.462
256800,0.305,0.236,0.459
257000,0.280,0.241,0.479
257200,0.293,0.242,0.465
257400,0.278,0.237,0.485
257600,0.248,0.256,0.495
257800,0.251,0.267,0.482
258000,0.260,0.257,0.482
258200,0.266,0.250,0.484
258400,0.246,0.249,0.505
258600,0.245,0.255,0.499
258800,0.256,0.247,0.496
259000,0.258,0.241,0.501
259200,0.249,0.230,0.521
259400,0.276,0.223,0.502
259600,0.255,0.243,0.502
259800,0.254,0.237,0.509
260000,0.251,0.237,0.512
260200,0.257,0.253,0.489
260400,0.258,0.234,0.508
260600,0.254,0.237,0.509
260800,0.242,0.247,0.511
261000,0.247,0.255,0.497
261200,0.250,0.247,0.503
261400,0.240,0.252,0.508
261600,0.236,0.255,0.509
261800,0.255,0.254,0.490
262000,0.250,0.257,0.492
262200,0.246,0.272,0.482
262400,0.251,0.246,0.503
262600,0.246,0.236,0.518
262800,0.240,0.215,0.545
263000,0.235,0.210,0.555
263200,0.229,0.223,0.549
263400,0.229,0.221,0.551
263600,0.224,0.226,0.551
263800,0.250,0.230,0.520
264000,0.242,0.229,0.529
264200,0.237,0.229,0.534
264400,0.261,0.222,0.517
264600,0.257,0.234,0.509
264800,0.274,0.216,0.511
265000,0.267,0.207,0.526
265200,0.264,0.219,0.518
265400,0.267,0.216,0.518
265600,0.252,0.224,0.524
265800,0.247,0.236,0.517
266000,0.259,0.256,0.484
266200,0.249,0.245,0.506
266400,0.233,0.236,0.531
266600,0.229,0.248,0.523
266800,0.232,0.231,0.537
267000,0.242,0.236,0.522
267200,0.256,0.234,0.510
267400,0.260,0.242,0.497
267600,0.242,0.253,0.505
267800,0.258,0.251,0.490
268000,0.240,0.245,0.515
268200,0.256,0.254,0.489
268400,0.272,0.249,0.479
268600,0.276,0.251,0.473
268800,0.268,0.245,0.487
269000,0.272,0.259,0.469
269200,0.263,0.274,0.464
269400,0.253,0.276,0.471
269600,0.241,0.269,0.490
269800,0.250,0.260,0.489
270000,0.241,0.265,0.494
270200,0.255,0.266,0.479
270400,0.252,0.263,0.485
270600,0.255,0.265,0.480
270800,0.266,0.245,0.489
271000,0.258,0.248,0.493
271200,0.256,0.247,0.496
271400,0.255,0.256,0.488
271600,0.244,0.244,0.512
271800,0.234,0.247,0.519
272000,0.229,0.258,0.513
272200,0.241,0.242,0.517
272400,0.236,0.237,0.527
272600,0.243,0.239,0.518
272800,0.236,0.242,0.522
273000,0.246,0.255,0.498
273200,0.251,0.249,0.499
273400,0.254,0.256,0.489
273600,0.248,0.265,0.487
273800,0.238,0.265,0.497
274000,0.232,0.263,0.506
274200,0.238,0.263,0.499
274400,0.244,0.246,0.510
274600,0.252,0.236,0.512
274800,0.267,0.229,0.505
275000,0.267,0.242,0.491
275200,0.251,0.226,0.523
275400,0.261,0.225,0.514
275600,0.255,0.209,0.535
275800,0.264,0.229,0.508
276000,0.270,0.236,0.494
276200,0.263,0.233,0.505
276400,0.279,0.239,0.482
276600,0.284,0.241,0.475
276800,0.276,0.239,0.485
277000,0.280,0.230,0.490
277200,0.279,0.228,0.493
277400,0.279,0.224,0.497
277600,0.263,0.228,0.510
277800,0.259,0.251,0.489
278000,0.241,0.245,0.514
278200,0.242,0.250,0.508
278400,0.254,0.241,0.505
278600,0.242,0.247,0.511
278800,0.234,0.261,0.505
279000,0.226,0.277,0.497
279200,0.213,0.273,0.514
279400,0.199,0.275,0.526
279600,0.197,0.263,0.540
279800,0.204,0.253,0.542
280000,0.205,0.266,0.529
280200,0.215,0.270,0.516
280400,0.203,0.274,0.523
280600,0.200,0.279,0.521
280800,0.200,0.289,0.511
281000,0.197,0.284,0.519
281200,0.210,0.268,0.522
281400,0.217,0.275,0.509
281600,0.210,0.272,0.518
281800,0.207,0.292,0.501
282000,0.209,0.281,0.510
282200,0.199,0.288,0.513
282400,0.206,0.282,0.512
282600,0.215,0.279,0.507
282800,0.231,0.269,0.501
283000,0.221,0.261,0.518
283200,0.236,0.264,0.501
283400,0.238,0.246,0.516
283600,0.229,0.269,0.503
283800,0.227,0.270,0.504
284000,0.235,0.282,0.483
284200,0.224,0.293,0.483
284400,0.247,0.279,0.474
284600,0.251,0.266,0.483
284800,0.243,0.267,0.490
285000,0.248,0.261,0.490
285200,0.249,0.253,0.497
285400,0.272,0.238,0.490
285600,0.271,0.236,0.493
285800,0.268,0.241,0.491
286000,0.261,0.244,0.494
286200,0.257,0.254,0.488
286400,0.261,0.278,0.461
286600,0.256,0.276,0.468
286800,0.248,0.285,0.467
287000,0.259,0.269,0.472
287200,0.271,0.272,0.458
287400,0.263,0.258,0.479
287600,0.245,0.285,0.470
287800,0.248,0.279,0.473
288000,0.244,0.269,0.487
288200,0.259,0.275,0.466
288400,0.260,0.269,0.471
288600,0.232,0.291,0.477
288800,0.230,0.295,0.475
289000,0.241,0.283,0.476
289200,0.239,0.279,0.482
289400,0.229,0.279,0.492
289600,0.232,0.267,0.502
289800,0.227,0.265,0.509
290000,0.243,0.259,0.497
290200,0.240,0.246,0.514
290400,0.237,0.219,0.544
290600,0.272,0.224,0.505
290800,0.260,0.219,0.521
291000,0.241,0.204,0.555
291200,0.253,0.212,0.534
291400,0.259,0.221,0.520
291600,0.253,0.225,0.522
291800,0.237,0.233,0.530
292000,0.233,0.230,0.537
292200,0.229,0.250,0.521
292400,0.225,0.261,0.514
292600,0.231,0.261,0.508
292800,0.226,0.253,0.521
293000,0.234,0.249,0.517
293200,0.226,0.260,0.514
293400,0.218,0.257,0.525
293600,0.203,0.286,0.511
293800,0.192,0.278,0.530
294000,0.196,0.276,0.528
294200,0.204,0.287,0.509
294400,0.196,0.290,0.514
294600,0.201,0.287,0.512
294800,0.202,0.286,0.512
295000,0.183,0.286,0.531
295200,0.189,0.275,0.536
295400,0.199,0.265,0.536
295600,0.200,0.274,0.526
295800,0.200,0.287,0.513
296000,0.203,0.275,0.522
296200,0.203,0.291,0.506
296400,0.200,0.294,0.506
296600,0.216,0.296,0.488
296800,0.209,0.277,0.514
297000,0.213,0.279,0.508
297200,0.207,0.284,0.509
297400,0.215,0.304,0.481
297600,0.210,0.312,0.478
297800,0.205,0.309,0.485
298000,0.199,0.293,0.508
298200,0.211,0.297,0.491
298400,0.207,0.299,0.493
298600,0.222,0.292,0.486
298800,0.232,0.281,0.487
299000,0.247,0.274,0.479
299200,0.241,0.274,0.485
299400,0.229,0.256,0.515
299600,0.227,0.276,0.497
299800,0.233,0.260,0.507
300000,0.240,0.271,0.489
300200,0.235,0.256,0.509
300400,0.237,0.261,0.502
300600,0.253,0.257,0.489
300800,0.258,0.276,0.466
301000,0.254,0.263,0.483
301200,0.265,0.260,0.475
301400,0.265,0.256,0.479
301600,0.259,0.249,0.491
301800,0.267,0.250,0.483
302000,0.267,0.242,0.491
302200,0.270,0.260,0.470
302400,0.284,0.238,0.478
302600,0.288,0.234,0.478
302800,0.299,0.229,0.472
303000,0.282,0.232,0.486
303200,0.279,0.239,0.482
303400,0.297,0.226,0.477
303600,0.307,0.221,0.472
303800,0.305,0.231,0.464
304000,0.308,0.235,0.457
304200,0.300,0.231,0.469
304400,0.302,0.226,0.472
304600,0.289,0.229,0.482
304800,0.275,0.229,0.496
305000,0.268,0.215,0.518
305200,0.266,0.219,0.516
305400,0.249,0.228,0.523
305600,0.244,0.246,0.510
305800,0.223,0.245,0.532
306000,0.225,0.242,0.533
306200,0.223,0.257,0.520
306400,0.226,0.261,0.513
306600,0.236,0.257,0.507
306800,0.222,0.258,0.520
307000,0.209,0.253,0.537
307200,0.208,0.266,0.526
307400,0.212,0.276,0.512
307600,0.234,0.274,0.492
307800,0.245,0.264,0.491
308000,0.241,0.263,0.496
308200,0.246,0.271,0.483
308400,0.244,0.258,0.497
308600,0.233,0.260,0.507
308800,0.229,0.257,0.514
309000,0.243,0.273,0.484
309200,0.221,0.257,0.522
309400,0.231,0.259,0.510
309600,0.227,0.269,0.505
309800,0.233,0.272,0.495
310000,0.239,0.260,0.501
310200,0.239,0.254,0.507
310400,0.239,0.265,0.496
310600,0.233,0.258,0.509
310800,0.258,0.243,0.498
311000,0.265,0.237,0.498
311200,0.285,0.239,0.476
311400,0.281,0.239,0.480
311600,0.279,0.251,0.470
311800,0.288,0.251,0.461
312000,0.279,0.257,0.464
312200,0.298,0.237,0.465
312400,0.315,0.221,0.465
312600,0.312,0.224,0.465
312800,0.306,0.229,0.465
313000,0.304,0.231,0.465
313200,0.295,0.224,0.481
313400,0.271,0.232,0.497
313600,0.268,0.241,0.491
313800,0.273,0.233,0.494
314000,0.278,0.239,0.483
314200,0.288,0.222,0.490
314400,0.289,0.217,0.494
314600,0.299,0.224,0.477
314800,0.277,0.241,0.482
315000,0.271,0.231,0.498
315200,0.268,0.230,0.503
315400,0.286,0.222,0.492
315600,0.302,0.215,0.483
315800,0.288,0.252,0.460
316000,0.276,0.253,0.471
316200,0.265,0.257,0.478
316400,0.268,0.263,0.470
316600,0.256,0.260,0.483
316800,0.249,0.269,0.482
317000,0.258,0.265,0.477
317200,0.249,0.274,0.477
317400,0.242,0.266,0.492
317600,0.231,0.255,0.514
317800,0.229,0.261,0.510
318000,0.246,0.243,0.511
318200,0.253,0.246,0.501
318400,0.257,0.236,0.507
318600,0.252,0.229,0.519
318800,0.245,0.241,0.514
319000,0.257,0.228,0.515
319200,0.253,0.224,0.523
319400,0.283,0.208,0.509
319600,0.280,0.225,0.495
319800,0.263,0.234,0.504
320000,0.270,0.238,0.492
320200,0.266,0.229,0.506
320400,0.269,0.227,0.505
320600,0.274,0.221,0.506
320800,0.265,0.225,0.511
321000,0.257,0.242,0.501
321200,0.252,0.227,0.521
321400,0.261,0.225,0.514
321600,0.260,0.237,0.503
321800,0.263,0.229,0.509
322000,0.254,0.238,0.508
322200,0.233,0.244,0.523
322400,0.247,0.247,0.506
322600,0.271,0.255,0.474
322800,0.268,0.238,0.494
323000,0.290,0.240,0.470
323200,0.317,0.238,0.445
323400,0.314,0.230,0.457
323600,0.297,0.223,0.480
323800,0.288,0.237,0.475
324000,0.284,0.242,0.474
324200,0.282,0.251,0.467
