time,n_A+p,n_B,n_AB
100,0.030,0.969,0.001
200,0.030,0.968,0.002
300,0.030,0.964,0.006
400,0.030,0.962,0.008
500,0.030,0.955,0.015
600,0.030,0.953,0.017
700,0.030,0.953,0.017
800,0.030,0.953,0.017
900,0.032,0.947,0.021
1000,0.031,0.948,0.021
1100,0.031,0.946,0.023
1200,0.030,0.940,0.031
1300,0.030,0.934,0.037
1400,0.031,0.930,0.040
1500,0.031,0.924,0.045
1600,0.031,0.920,0.049
1700,0.034,0.919,0.047
1800,0.033,0.915,0.052
1900,0.032,0.920,0.048
2000,0.032,0.925,0.043
2100,0.031,0.921,0.048
2200,0.031,0.914,0.055
2300,0.031,0.912,0.057
2400,0.031,0.917,0.052
2500,0.033,0.914,0.053
2600,0.031,0.895,0.075
2700,0.033,0.897,0.070
2800,0.034,0.894,0.073
2900,0.032,0.888,0.081
3000,0.032,0.893,0.076
3100,0.032,0.895,0.074
3200,0.032,0.890,0.079
3300,0.034,0.887,0.080
3400,0.035,0.886,0.080
3500,0.037,0.888,0.076
3600,0.040,0.878,0.082
3700,0.036,0.873,0.091
3800,0.036,0.862,0.102
3900,0.034,0.856,0.110
4000,0.038,0.852,0.110
4100,0.041,0.845,0.114
4200,0.043,0.831,0.126
4300,0.045,0.817,0.138
4400,0.044,0.818,0.138
4500,0.041,0.812,0.147
4600,0.041,0.804,0.155
4700,0.039,0.793,0.169
4800,0.045,0.766,0.189
4900,0.042,0.764,0.194
5000,0.043,0.757,0.200
5100,0.048,0.753,0.199
5200,0.044,0.761,0.195
5300,0.043,0.755,0.202
5400,0.046,0.749,0.205
5500,0.053,0.736,0.210
5600,0.052,0.740,0.208
5700,0.050,0.744,0.206
5800,0.049,0.756,0.195
5900,0.048,0.763,0.189
6000,0.046,0.762,0.192
6100,0.045,0.756,0.199
6200,0.052,0.746,0.202
6300,0.058,0.739,0.203
6400,0.056,0.735,0.208
6500,0.060,0.718,0.222
6600,0.057,0.716,0.227
6700,0.049,0.711,0.240
6800,0.053,0.696,0.251
6900,0.057,0.693,0.250
7000,0.058,0.687,0.254
7100,0.059,0.675,0.266
7200,0.058,0.676,0.266
7300,0.058,0.679,0.263
7400,0.057,0.678,0.265
7500,0.060,0.692,0.248
7600,0.062,0.686,0.251
7700,0.064,0.658,0.278
7800,0.065,0.650,0.285
7900,0.064,0.642,0.293
8000,0.062,0.637,0.300
8100,0.061,0.630,0.308
8200,0.064,0.628,0.307
8300,0.065,0.644,0.291
8400,0.066,0.642,0.291
8500,0.064,0.642,0.293
8600,0.060,0.630,0.309
8700,0.061,0.622,0.317
8800,0.065,0.623,0.312
8900,0.065,0.598,0.337
9000,0.068,0.586,0.345
9100,0.081,0.601,0.319
9200,0.081,0.599,0.321
9300,0.086,0.592,0.322
9400,0.083,0.594,0.323
9500,0.089,0.586,0.325
9600,0.090,0.582,0.328
9700,0.100,0.572,0.328
9800,0.096,0.574,0.330
9900,0.105,0.570,0.325
10000,0.101,0.584,0.315
10100,0.098,0.581,0.321
10200,0.093,0.573,0.334
10300,0.097,0.574,0.329
10400,0.096,0.573,0.331
10500,0.096,0.570,0.334
10600,0.103,0.570,0.327
10700,0.100,0.565,0.335
10800,0.094,0.569,0.337
10900,0.094,0.572,0.334
11000,0.096,0.581,0.323
11100,0.100,0.580,0.320
11200,0.101,0.576,0.323
11300,0.101,0.581,0.318
11400,0.105,0.573,0.322
11500,0.113,0.574,0.313
11600,0.107,0.567,0.326
11700,0.107,0.546,0.346
11800,0.105,0.532,0.363
11900,0.107,0.525,0.368
12000,0.109,0.518,0.373
12100,0.111,0.505,0.384
12200,0.109,0.495,0.395
12300,0.123,0.485,0.392
12400,0.123,0.482,0.395
12500,0.117,0.481,0.401
12600,0.116,0.486,0.397
12700,0.137,0.490,0.373
12800,0.142,0.485,0.373
12900,0.137,0.483,0.380
13000,0.146,0.480,0.374
13100,0.139,0.479,0.382
13200,0.141,0.476,0.383
13300,0.145,0.481,0.374
13400,0.148,0.480,0.372
13500,0.140,0.474,0.386
13600,0.143,0.483,0.374
13700,0.131,0.487,0.382
13800,0.120,0.491,0.389
13900,0.124,0.479,0.397
14000,0.116,0.480,0.403
14100,0.122,0.474,0.404
14200,0.141,0.474,0.385
14300,0.153,0.455,0.392
14400,0.147,0.458,0.395
14500,0.160,0.462,0.378
14600,0.153,0.454,0.393
14700,0.161,0.446,0.392
14800,0.155,0.436,0.409
14900,0.152,0.441,0.407
15000,0.171,0.436,0.393
15100,0.174,0.430,0.396
15200,0.171,0.434,0.395
15300,0.169,0.431,0.400
15400,0.171,0.437,0.392
15500,0.166,0.446,0.387
15600,0.157,0.448,0.394
15700,0.153,0.454,0.393
15800,0.163,0.466,0.371
15900,0.170,0.468,0.363
16000,0.183,0.472,0.345
16100,0.205,0.459,0.336
16200,0.206,0.456,0.338
16300,0.185,0.454,0.362
16400,0.184,0.451,0.365
16500,0.176,0.448,0.376
16600,0.175,0.440,0.385
16700,0.163,0.433,0.403
16800,0.156,0.443,0.400
16900,0.156,0.448,0.395
17000,0.159,0.436,0.404
17100,0.178,0.429,0.393
17200,0.175,0.419,0.407
17300,0.154,0.436,0.410
17400,0.151,0.438,0.411
17500,0.146,0.424,0.430
17600,0.139,0.436,0.425
17700,0.150,0.434,0.416
17800,0.154,0.446,0.399
17900,0.162,0.444,0.393
18000,0.162,0.427,0.411
18100,0.164,0.431,0.404
18200,0.140,0.446,0.414
18300,0.141,0.442,0.417
18400,0.141,0.443,0.416
18500,0.136,0.442,0.422
18600,0.147,0.448,0.404
18700,0.151,0.448,0.400
18800,0.146,0.435,0.419
18900,0.148,0.441,0.411
19000,0.152,0.437,0.411
19100,0.149,0.420,0.431
19200,0.145,0.423,0.432
19300,0.151,0.420,0.429
19400,0.154,0.411,0.435
19500,0.155,0.414,0.431
19600,0.152,0.408,0.440
19700,0.154,0.401,0.444
19800,0.152,0.398,0.449
19900,0.154,0.396,0.449
20000,0.151,0.396,0.453
20100,0.143,0.401,0.456
20200,0.144,0.401,0.455
20300,0.164,0.395,0.440
20400,0.163,0.388,0.448
20500,0.156,0.384,0.460
20600,0.163,0.387,0.449
20700,0.164,0.390,0.445
20800,0.163,0.385,0.451
20900,0.160,0.376,0.464
21000,0.155,0.372,0.473
21100,0.150,0.378,0.472
21200,0.132,0.382,0.486
21300,0.148,0.378,0.474
21400,0.144,0.382,0.474
21500,0.136,0.373,0.491
21600,0.143,0.374,0.483
21700,0.145,0.370,0.485
21800,0.142,0.372,0.486
21900,0.141,0.368,0.491
22000,0.141,0.365,0.494
22100,0.128,0.360,0.513
22200,0.133,0.370,0.497
22300,0.135,0.371,0.494
22400,0.131,0.371,0.498
22500,0.130,0.391,0.479
22600,0.134,0.389,0.477
22700,0.143,0.383,0.474
22800,0.143,0.380,0.477
22900,0.146,0.378,0.476
23000,0.148,0.382,0.470
23100,0.142,0.386,0.472
23200,0.152,0.378,0.470
23300,0.150,0.384,0.466
23400,0.150,0.375,0.475
23500,0.145,0.383,0.472
23600,0.152,0.376,0.472
23700,0.145,0.393,0.462
23800,0.142,0.394,0.464
23900,0.137,0.398,0.465
24000,0.143,0.384,0.473
24100,0.139,0.381,0.480
24200,0.147,0.377,0.476
24300,0.162,0.371,0.467
24400,0.164,0.360,0.476
24500,0.169,0.358,0.474
24600,0.166,0.352,0.481
24700,0.163,0.359,0.478
24800,0.175,0.353,0.472
24900,0.178,0.352,0.470
25000,0.182,0.349,0.469
25100,0.177,0.350,0.473
25200,0.186,0.341,0.473
25300,0.189,0.351,0.460
25400,0.188,0.339,0.473
25500,0.176,0.347,0.477
25600,0.175,0.335,0.490
25700,0.166,0.334,0.499
25800,0.173,0.340,0.487
25900,0.170,0.344,0.486
26000,0.168,0.348,0.484
26100,0.173,0.349,0.478
26200,0.181,0.352,0.467
26300,0.184,0.348,0.468
26400,0.186,0.345,0.469
26500,0.185,0.344,0.471
26600,0.184,0.336,0.480
26700,0.179,0.345,0.476
26800,0.183,0.336,0.481
26900,0.178,0.333,0.489
27000,0.177,0.336,0.487
27100,0.183,0.340,0.477
27200,0.194,0.346,0.460
27300,0.189,0.344,0.467
27400,0.188,0.339,0.473
27500,0.190,0.333,0.477
27600,0.183,0.331,0.486
27700,0.179,0.336,0.485
27800,0.182,0.331,0.487
27900,0.178,0.326,0.496
28000,0.182,0.317,0.502
28100,0.169,0.322,0.510
28200,0.172,0.331,0.497
28300,0.188,0.324,0.488
28400,0.186,0.341,0.473
28500,0.168,0.349,0.483
28600,0.144,0.358,0.498
28700,0.158,0.361,0.481
28800,0.155,0.353,0.491
28900,0.154,0.367,0.479
29000,0.143,0.369,0.488
29100,0.146,0.370,0.484
29200,0.148,0.355,0.496
29300,0.149,0.352,0.498
29400,0.147,0.355,0.497
29500,0.154,0.355,0.490
29600,0.145,0.353,0.502
29700,0.133,0.365,0.503
29800,0.133,0.379,0.488
29900,0.121,0.388,0.491
30000,0.134,0.390,0.476
30100,0.144,0.382,0.474
30200,0.145,0.373,0.482
30300,0.141,0.344,0.515
30400,0.142,0.352,0.506
30500,0.140,0.352,0.508
30600,0.147,0.354,0.498
30700,0.144,0.353,0.503
30800,0.164,0.355,0.480
30900,0.166,0.348,0.485
31000,0.159,0.347,0.493
31100,0.161,0.370,0.469
31200,0.153,0.361,0.486
31300,0.157,0.355,0.487
31400,0.156,0.346,0.497
31500,0.151,0.347,0.502
31600,0.160,0.358,0.482
31700,0.158,0.355,0.486
31800,0.159,0.348,0.492
31900,0.178,0.342,0.480
32000,0.179,0.339,0.482
32100,0.175,0.332,0.493
32200,0.182,0.331,0.487
32300,0.190,0.325,0.485
32400,0.197,0.313,0.490
32500,0.207,0.321,0.472
32600,0.202,0.329,0.469
32700,0.203,0.332,0.465
32800,0.207,0.328,0.465
32900,0.223,0.326,0.451
33000,0.216,0.326,0.459
33100,0.209,0.331,0.460
33200,0.207,0.322,0.471
33300,0.197,0.329,0.474
33400,0.195,0.327,0.478
33500,0.183,0.330,0.487
33600,0.182,0.332,0.486
33700,0.173,0.328,0.499
33800,0.174,0.350,0.476
33900,0.168,0.379,0.454
34000,0.186,0.371,0.443
34100,0.176,0.371,0.454
34200,0.166,0.375,0.459
34300,0.174,0.372,0.455
34400,0.171,0.367,0.463
34500,0.192,0.369,0.439
34600,0.195,0.375,0.430
34700,0.192,0.379,0.429
34800,0.195,0.372,0.433
34900,0.188,0.367,0.445
35000,0.188,0.374,0.438
35100,0.180,0.374,0.446
35200,0.181,0.370,0.449
35300,0.183,0.361,0.457
35400,0.181,0.356,0.463
35500,0.209,0.344,0.446
35600,0.206,0.338,0.456
35700,0.195,0.334,0.471
35800,0.191,0.341,0.468
35900,0.192,0.328,0.480
36000,0.186,0.320,0.494
36100,0.175,0.315,0.511
36200,0.173,0.322,0.506
36300,0.174,0.318,0.509
36400,0.192,0.317,0.491
36500,0.194,0.328,0.478
36600,0.191,0.332,0.477
36700,0.179,0.331,0.490
36800,0.185,0.327,0.488
36900,0.185,0.330,0.485
37000,0.173,0.331,0.496
37100,0.169,0.342,0.489
37200,0.166,0.338,0.495
37300,0.175,0.334,0.491
37400,0.174,0.338,0.488
37500,0.180,0.333,0.487
37600,0.184,0.335,0.481
37700,0.184,0.329,0.487
37800,0.190,0.330,0.480
37900,0.193,0.331,0.476
38000,0.188,0.328,0.484
38100,0.182,0.322,0.496
38200,0.177,0.323,0.501
38300,0.174,0.344,0.482
38400,0.160,0.353,0.486
38500,0.159,0.346,0.494
38600,0.158,0.331,0.511
38700,0.158,0.332,0.510
38800,0.161,0.327,0.512
38900,0.164,0.322,0.514
39000,0.177,0.324,0.499
39100,0.182,0.326,0.492
39200,0.201,0.352,0.446
39300,0.213,0.354,0.432
39400,0.215,0.347,0.438
39500,0.218,0.332,0.450
39600,0.212,0.334,0.454
39700,0.202,0.334,0.464
39800,0.197,0.329,0.474
39900,0.208,0.317,0.475
40000,0.220,0.306,0.474
40100,0.208,0.307,0.484
40200,0.209,0.302,0.488
40300,0.200,0.299,0.501
40400,0.201,0.291,0.508
40500,0.219,0.288,0.493
40600,0.203,0.287,0.510
40700,0.205,0.289,0.506
40800,0.192,0.302,0.506
40900,0.194,0.308,0.497
41000,0.196,0.326,0.478
41100,0.203,0.323,0.474
41200,0.216,0.321,0.464
41300,0.211,0.317,0.472
41400,0.189,0.318,0.493
41500,0.185,0.315,0.501
41600,0.194,0.314,0.492
41700,0.193,0.306,0.501
41800,0.185,0.309,0.506
41900,0.181,0.304,0.515
42000,0.184,0.298,0.518
42100,0.191,0.305,0.504
42200,0.181,0.307,0.512
42300,0.177,0.294,0.529
42400,0.184,0.297,0.519
42500,0.193,0.306,0.501
42600,0.198,0.307,0.494
42700,0.203,0.307,0.489
42800,0.193,0.308,0.498
42900,0.187,0.297,0.516
43000,0.189,0.298,0.513
43100,0.183,0.309,0.508
43200,0.174,0.305,0.521
43300,0.163,0.299,0.537
43400,0.164,0.326,0.510
43500,0.161,0.324,0.515
43600,0.160,0.319,0.521
43700,0.164,0.329,0.507
43800,0.169,0.333,0.498
43900,0.173,0.325,0.503
44000,0.170,0.323,0.508
44100,0.164,0.320,0.516
44200,0.172,0.319,0.510
44300,0.169,0.312,0.520
44400,0.171,0.330,0.499
44500,0.179,0.331,0.490
44600,0.182,0.333,0.485
44700,0.172,0.328,0.501
44800,0.173,0.327,0.501
44900,0.164,0.329,0.507
45000,0.168,0.318,0.515
45100,0.169,0.313,0.519
45200,0.166,0.297,0.536
45300,0.174,0.304,0.522
45400,0.170,0.308,0.522
45500,0.157,0.332,0.511
45600,0.169,0.328,0.504
45700,0.173,0.351,0.476
45800,0.178,0.344,0.478
45900,0.179,0.334,0.487
46000,0.181,0.323,0.496
46100,0.183,0.320,0.497
46200,0.175,0.328,0.497
46300,0.176,0.332,0.492
46400,0.171,0.331,0.498
46500,0.176,0.317,0.508
46600,0.176,0.311,0.514
46700,0.180,0.321,0.499
46800,0.180,0.318,0.503
46900,0.181,0.322,0.497
47000,0.187,0.320,0.493
47100,0.184,0.314,0.503
47200,0.181,0.311,0.509
47300,0.187,0.306,0.507
47400,0.184,0.304,0.512
47500,0.169,0.332,0.499
47600,0.179,0.345,0.476
47700,0.177,0.341,0.482
47800,0.173,0.343,0.484
47900,0.176,0.344,0.480
48000,0.184,0.339,0.477
48100,0.180,0.339,0.481
48200,0.186,0.336,0.478
48300,0.179,0.336,0.485
48400,0.179,0.333,0.488
48500,0.166,0.342,0.491
48600,0.161,0.352,0.486
48700,0.160,0.348,0.491
48800,0.170,0.341,0.489
48900,0.163,0.343,0.493
49000,0.176,0.345,0.479
49100,0.171,0.350,0.479
49200,0.172,0.356,0.472
49300,0.189,0.347,0.464
49400,0.188,0.334,0.478
49500,0.191,0.309,0.499
49600,0.185,0.313,0.503
49700,0.181,0.318,0.502
49800,0.185,0.306,0.509
49900,0.185,0.314,0.502
50000,0.182,0.315,0.504
50100,0.196,0.311,0.493
50200,0.187,0.317,0.496
50300,0.187,0.326,0.487
50400,0.190,0.326,0.484
50500,0.178,0.313,0.510
50600,0.178,0.306,0.516
50700,0.182,0.306,0.512
50800,0.202,0.304,0.493
50900,0.200,0.316,0.484
51000,0.207,0.319,0.474
51100,0.198,0.300,0.502
51200,0.195,0.299,0.506
51300,0.220,0.303,0.477
51400,0.221,0.295,0.484
51500,0.222,0.296,0.482
51600,0.231,0.301,0.468
51700,0.220,0.306,0.474
51800,0.207,0.309,0.483
51900,0.209,0.309,0.481
52000,0.202,0.320,0.478
52100,0.190,0.331,0.479
52200,0.195,0.326,0.479
52300,0.192,0.329,0.479
52400,0.205,0.327,0.468
52500,0.215,0.331,0.455
52600,0.204,0.341,0.455
52700,0.204,0.350,0.445
52800,0.200,0.341,0.459
52900,0.200,0.338,0.462
53000,0.191,0.325,0.484
53100,0.200,0.330,0.470
53200,0.203,0.335,0.462
53300,0.213,0.330,0.457
53400,0.202,0.333,0.465
53500,0.196,0.336,0.468
53600,0.197,0.322,0.481
53700,0.208,0.313,0.479
53800,0.207,0.311,0.482
53900,0.204,0.306,0.489
54000,0.211,0.301,0.487
54100,0.223,0.305,0.472
54200,0.220,0.303,0.477
54300,0.222,0.291,0.487
54400,0.222,0.306,0.472
54500,0.210,0.321,0.469
54600,0.209,0.325,0.466
54700,0.217,0.322,0.462
54800,0.215,0.311,0.475
54900,0.212,0.307,0.480
55000,0.225,0.302,0.473
55100,0.217,0.302,0.481
55200,0.215,0.306,0.479
55300,0.226,0.302,0.472
55400,0.206,0.300,0.493
55500,0.212,0.296,0.491
55600,0.221,0.287,0.492
55700,0.203,0.286,0.511
55800,0.210,0.284,0.506
55900,0.210,0.288,0.502
56000,0.209,0.290,0.501
56100,0.203,0.300,0.496
56200,0.211,0.302,0.486
56300,0.217,0.299,0.484
56400,0.207,0.305,0.487
56500,0.199,0.296,0.505
56600,0.209,0.304,0.486
56700,0.215,0.306,0.479
56800,0.205,0.312,0.483
56900,0.196,0.309,0.494
57000,0.193,0.325,0.482
57100,0.198,0.326,0.476
57200,0.200,0.328,0.472
57300,0.194,0.328,0.478
57400,0.187,0.323,0.490
57500,0.185,0.316,0.499
57600,0.181,0.323,0.496
57700,0.187,0.320,0.493
57800,0.193,0.313,0.494
57900,0.195,0.309,0.495
58000,0.206,0.305,0.488
58100,0.197,0.308,0.494
58200,0.203,0.303,0.493
58300,0.198,0.307,0.494
58400,0.189,0.319,0.492
58500,0.187,0.317,0.496
58600,0.197,0.317,0.486
58700,0.203,0.313,0.484
58800,0.202,0.324,0.474
58900,0.201,0.307,0.491
59000,0.197,0.323,0.480
59100,0.183,0.308,0.509
59200,0.183,0.311,0.507
59300,0.200,0.300,0.499
59400,0.187,0.298,0.515
59500,0.188,0.299,0.513
59600,0.191,0.303,0.506
59700,0.189,0.304,0.507
59800,0.183,0.302,0.515
59900,0.187,0.309,0.504
60000,0.190,0.325,0.485
60100,0.191,0.312,0.497
60200,0.187,0.316,0.497
60300,0.187,0.305,0.508
60400,0.193,0.302,0.505
60500,0.207,0.298,0.494
60600,0.195,0.300,0.505
60700,0.205,0.300,0.494
60800,0.204,0.297,0.498
60900,0.200,0.296,0.504
61000,0.210,0.291,0.498
61100,0.208,0.282,0.510
61200,0.228,0.281,0.491
61300,0.226,0.290,0.484
61400,0.221,0.281,0.498
61500,0.218,0.279,0.504
61600,0.221,0.271,0.509
61700,0.225,0.277,0.498
61800,0.218,0.293,0.489
61900,0.217,0.297,0.486
62000,0.223,0.297,0.480
62100,0.219,0.297,0.484
62200,0.221,0.294,0.485
62300,0.222,0.289,0.489
62400,0.224,0.296,0.480
62500,0.219,0.287,0.494
62600,0.228,0.284,0.488
62700,0.224,0.297,0.479
62800,0.219,0.293,0.488
62900,0.229,0.289,0.482
63000,0.225,0.290,0.485
63100,0.218,0.291,0.491
63200,0.229,0.281,0.490
63300,0.232,0.274,0.494
63400,0.238,0.260,0.502
63500,0.252,0.255,0.492
63600,0.244,0.261,0.494
63700,0.251,0.261,0.487
63800,0.254,0.260,0.485
63900,0.232,0.267,0.502
64000,0.239,0.266,0.495
64100,0.236,0.276,0.488
64200,0.248,0.272,0.480
64300,0.254,0.271,0.475
64400,0.242,0.270,0.488
64500,0.239,0.273,0.488
64600,0.233,0.272,0.495
64700,0.216,0.289,0.495
64800,0.220,0.292,0.488
64900,0.224,0.289,0.487
65000,0.226,0.284,0.490
65100,0.225,0.281,0.494
65200,0.226,0.283,0.491
65300,0.204,0.307,0.488
65400,0.197,0.317,0.486
65500,0.206,0.323,0.471
65600,0.203,0.325,0.472
65700,0.199,0.323,0.478
65800,0.202,0.315,0.483
65900,0.205,0.319,0.476
66000,0.204,0.312,0.484
66100,0.213,0.309,0.477
66200,0.203,0.313,0.484
66300,0.195,0.315,0.490
66400,0.193,0.319,0.488
66500,0.199,0.317,0.484
66600,0.199,0.321,0.480
66700,0.197,0.330,0.473
66800,0.188,0.336,0.476
66900,0.187,0.332,0.481
67000,0.187,0.339,0.474
67100,0.185,0.347,0.468
67200,0.180,0.342,0.478
67300,0.177,0.327,0.496
67400,0.175,0.322,0.504
67500,0.168,0.323,0.510
67600,0.164,0.321,0.515
67700,0.165,0.326,0.509
67800,0.159,0.321,0.520
67900,0.162,0.323,0.515
68000,0.173,0.326,0.502
68100,0.161,0.309,0.529
68200,0.162,0.302,0.535
68300,0.182,0.295,0.523
68400,0.187,0.295,0.518
68500,0.193,0.291,0.516
68600,0.185,0.305,0.510
68700,0.181,0.300,0.519
68800,0.176,0.320,0.505
68900,0.184,0.321,0.495
69000,0.177,0.327,0.496
69100,0.184,0.326,0.490
69200,0.189,0.314,0.497
69300,0.173,0.309,0.518
69400,0.180,0.317,0.504
69500,0.176,0.315,0.510
69600,0.173,0.328,0.499
69700,0.156,0.313,0.531
69800,0.158,0.311,0.531
69900,0.161,0.305,0.533
70000,0.160,0.305,0.534
70100,0.161,0.306,0.532
70200,0.163,0.318,0.519
70300,0.162,0.300,0.537
70400,0.166,0.308,0.525
70500,0.168,0.308,0.524
70600,0.164,0.311,0.525
70700,0.163,0.302,0.534
70800,0.165,0.300,0.534
70900,0.158,0.306,0.535
71000,0.163,0.295,0.541
71100,0.170,0.298,0.532
71200,0.166,0.302,0.531
71300,0.180,0.290,0.530
71400,0.184,0.294,0.522
71500,0.183,0.293,0.524
71600,0.179,0.292,0.529
71700,0.187,0.305,0.508
71800,0.182,0.302,0.516
71900,0.181,0.317,0.503
72000,0.182,0.312,0.507
72100,0.174,0.312,0.515
72200,0.190,0.302,0.508
72300,0.197,0.299,0.504
72400,0.171,0.301,0.528
72500,0.193,0.293,0.514
72600,0.186,0.301,0.513
72700,0.187,0.301,0.512
72800,0.177,0.319,0.505
72900,0.182,0.317,0.502
73000,0.183,0.318,0.499
73100,0.183,0.314,0.504
73200,0.186,0.312,0.503
73300,0.186,0.319,0.495
73400,0.194,0.313,0.493
73500,0.190,0.309,0.501
73600,0.194,0.299,0.507
73700,0.187,0.298,0.515
73800,0.194,0.300,0.506
73900,0.198,0.295,0.507
74000,0.196,0.289,0.515
74100,0.196,0.307,0.496
74200,0.195,0.311,0.494
74300,0.197,0.323,0.480
74400,0.193,0.317,0.490
74500,0.185,0.315,0.501
74600,0.187,0.308,0.505
74700,0.196,0.321,0.483
74800,0.185,0.301,0.514
74900,0.178,0.299,0.523
75000,0.189,0.302,0.509
75100,0.182,0.291,0.527
75200,0.175,0.295,0.530
75300,0.180,0.299,0.521
75400,0.191,0.298,0.511
75500,0.192,0.296,0.512
75600,0.202,0.299,0.498
75700,0.190,0.306,0.504
75800,0.195,0.307,0.497
75900,0.196,0.313,0.491
76000,0.192,0.311,0.497
76100,0.192,0.314,0.494
76200,0.182,0.311,0.508
76300,0.177,0.303,0.520
76400,0.183,0.306,0.511
76500,0.191,0.299,0.510
76600,0.199,0.299,0.502
76700,0.218,0.293,0.489
76800,0.222,0.294,0.484
76900,0.236,0.278,0.486
77000,0.258,0.272,0.470
77100,0.254,0.275,0.471
77200,0.246,0.266,0.488
77300,0.242,0.263,0.495
77400,0.237,0.265,0.498
77500,0.239,0.255,0.506
77600,0.240,0.257,0.503
77700,0.227,0.254,0.519
77800,0.242,0.244,0.514
77900,0.232,0.243,0.525
78000,0.236,0.233,0.531
78100,0.243,0.226,0.531
78200,0.244,0.229,0.527
78300,0.244,0.231,0.525
78400,0.241,0.234,0.525
78500,0.246,0.231,0.523
78600,0.239,0.224,0.537
78700,0.249,0.219,0.532
78800,0.254,0.226,0.520
78900,0.260,0.224,0.516
79000,0.254,0.226,0.520
79100,0.256,0.235,0.509
79200,0.251,0.241,0.508
79300,0.241,0.241,0.518
79400,0.221,0.256,0.523
79500,0.208,0.269,0.523
79600,0.204,0.272,0.524
79700,0.213,0.261,0.525
79800,0.203,0.265,0.532
79900,0.208,0.263,0.529
80000,0.198,0.271,0.531
80100,0.217,0.277,0.507
80200,0.220,0.265,0.516
80300,0.198,0.266,0.536
80400,0.201,0.257,0.541
80500,0.205,0.257,0.537
80600,0.200,0.254,0.545
80700,0.205,0.255,0.539
80800,0.208,0.257,0.534
80900,0.207,0.248,0.544
81000,0.207,0.250,0.542
81100,0.202,0.253,0.544
81200,0.222,0.252,0.526
81300,0.225,0.255,0.520
81400,0.219,0.256,0.525
81500,0.222,0.258,0.520
81600,0.230,0.268,0.503
81700,0.233,0.266,0.502
81800,0.228,0.273,0.499
81900,0.220,0.269,0.512
82000,0.234,0.267,0.499
82100,0.230,0.261,0.509
82200,0.230,0.252,0.518
82300,0.230,0.254,0.516
82400,0.221,0.259,0.520
82500,0.218,0.274,0.509
82600,0.217,0.277,0.507
82700,0.212,0.279,0.509
82800,0.210,0.294,0.495
82900,0.204,0.286,0.510
83000,0.201,0.279,0.520
83100,0.195,0.290,0.515
83200,0.217,0.290,0.493
83300,0.213,0.287,0.499
83400,0.205,0.302,0.492
83500,0.221,0.301,0.478
83600,0.221,0.283,0.496
83700,0.259,0.274,0.467
83800,0.263,0.267,0.471
83900,0.259,0.270,0.471
84000,0.224,0.272,0.505
84100,0.217,0.277,0.507
84200,0.222,0.272,0.507
84300,0.231,0.265,0.505
84400,0.225,0.266,0.510
84500,0.243,0.266,0.491
84600,0.249,0.273,0.478
84700,0.263,0.268,0.470
84800,0.249,0.258,0.492
84900,0.246,0.267,0.487
85000,0.234,0.270,0.496
85100,0.223,0.271,0.507
85200,0.202,0.267,0.531
85300,0.207,0.275,0.518
85400,0.206,0.273,0.521
85500,0.203,0.269,0.528
85600,0.203,0.272,0.525
85700,0.211,0.266,0.523
85800,0.204,0.274,0.522
85900,0.211,0.264,0.525
86000,0.200,0.269,0.531
86100,0.193,0.276,0.531
86200,0.192,0.274,0.534
86300,0.195,0.264,0.541
86400,0.182,0.259,0.559
86500,0.177,0.259,0.564
86600,0.180,0.267,0.554
86700,0.175,0.261,0.564
86800,0.181,0.250,0.569
86900,0.188,0.244,0.568
87000,0.192,0.238,0.570
87100,0.209,0.237,0.554
87200,0.207,0.242,0.551
87300,0.208,0.242,0.550
87400,0.225,0.252,0.523
87500,0.236,0.251,0.513
87600,0.235,0.248,0.517
87700,0.211,0.269,0.520
87800,0.207,0.259,0.533
87900,0.209,0.253,0.537
88000,0.221,0.252,0.527
88100,0.231,0.249,0.520
88200,0.227,0.247,0.526
88300,0.232,0.250,0.518
88400,0.232,0.244,0.524
88500,0.226,0.253,0.521
88600,0.239,0.267,0.494
88700,0.245,0.256,0.498
88800,0.241,0.251,0.508
88900,0.238,0.251,0.511
89000,0.228,0.270,0.503
89100,0.221,0.266,0.514
89200,0.208,0.269,0.523
89300,0.203,0.275,0.522
89400,0.205,0.270,0.525
89500,0.211,0.272,0.517
89600,0.203,0.266,0.531
89700,0.195,0.276,0.529
89800,0.192,0.285,0.523
89900,0.191,0.287,0.522
90000,0.196,0.270,0.534
90100,0.193,0.265,0.542
90200,0.189,0.280,0.531
90300,0.184,0.286,0.530
90400,0.182,0.289,0.529
90500,0.189,0.301,0.510
90600,0.181,0.304,0.515
90700,0.177,0.297,0.526
90800,0.177,0.300,0.523
90900,0.181,0.305,0.514
91000,0.173,0.312,0.516
91100,0.181,0.309,0.510
91200,0.178,0.295,0.527
91300,0.200,0.296,0.504
91400,0.203,0.306,0.490
91500,0.203,0.304,0.492
91600,0.202,0.298,0.499
91700,0.196,0.300,0.504
91800,0.194,0.292,0.514
91900,0.203,0.289,0.508
92000,0.202,0.289,0.509
92100,0.195,0.280,0.525
92200,0.196,0.309,0.494
92300,0.189,0.298,0.513
92400,0.207,0.293,0.499
92500,0.192,0.293,0.515
92600,0.195,0.291,0.514
92700,0.196,0.279,0.525
92800,0.189,0.282,0.529
92900,0.194,0.276,0.530
93000,0.210,0.274,0.516
93100,0.236,0.253,0.511
93200,0.241,0.253,0.506
93300,0.232,0.252,0.516
93400,0.210,0.247,0.542
93500,0.215,0.246,0.539
93600,0.223,0.237,0.540
93700,0.215,0.244,0.541
93800,0.230,0.248,0.522
93900,0.223,0.247,0.530
94000,0.219,0.254,0.527
94100,0.213,0.265,0.522
94200,0.215,0.278,0.508
94300,0.216,0.283,0.502
94400,0.226,0.284,0.490
94500,0.220,0.277,0.504
94600,0.220,0.275,0.506
94700,0.220,0.271,0.510
94800,0.219,0.287,0.494
94900,0.210,0.290,0.499
95000,0.217,0.285,0.498
95100,0.210,0.277,0.513
95200,0.203,0.260,0.536
95300,0.195,0.270,0.535
95400,0.191,0.260,0.549
95500,0.189,0.264,0.547
95600,0.187,0.255,0.558
95700,0.187,0.254,0.559
95800,0.186,0.269,0.545
95900,0.194,0.267,0.539
96000,0.194,0.276,0.530
96100,0.191,0.269,0.540
96200,0.192,0.268,0.540
96300,0.204,0.255,0.540
96400,0.213,0.247,0.539
96500,0.208,0.246,0.545
96600,0.215,0.251,0.534
96700,0.213,0.243,0.543
96800,0.212,0.260,0.527
96900,0.219,0.255,0.526
97000,0.216,0.259,0.525
97100,0.213,0.260,0.526
97200,0.221,0.257,0.522
97300,0.224,0.258,0.518
97400,0.221,0.275,0.505
97500,0.224,0.269,0.508
97600,0.225,0.283,0.492
97700,0.213,0.292,0.494
97800,0.205,0.292,0.503
97900,0.198,0.293,0.509
98000,0.193,0.291,0.516
98100,0.190,0.289,0.521
98200,0.186,0.292,0.522
98300,0.181,0.280,0.539
98400,0.172,0.286,0.542
98500,0.180,0.297,0.523
98600,0.172,0.301,0.527
98700,0.185,0.289,0.526
98800,0.192,0.284,0.524
98900,0.187,0.284,0.529
99000,0.189,0.284,0.527
99100,0.194,0.277,0.529
99200,0.197,0.279,0.524
99300,0.197,0.279,0.524
99400,0.197,0.267,0.536
99500,0.196,0.273,0.531
99600,0.195,0.273,0.532
99700,0.189,0.286,0.525
99800,0.184,0.286,0.530
99900,0.183,0.288,0.529
100000,0.177,0.282,0.541
