time,n_A+p,n_B,n_AB
100,0.030,0.968,0.002
200,0.030,0.966,0.004
300,0.030,0.966,0.004
400,0.030,0.961,0.009
500,0.030,0.954,0.016
600,0.030,0.953,0.017
700,0.030,0.941,0.030
800,0.030,0.938,0.033
900,0.030,0.930,0.041
1000,0.030,0.922,0.048
1100,0.030,0.920,0.050
1200,0.030,0.913,0.057
1300,0.033,0.906,0.061
1400,0.036,0.896,0.068
1500,0.038,0.886,0.077
1600,0.040,0.879,0.081
1700,0.043,0.871,0.086
1800,0.039,0.861,0.100
1900,0.038,0.849,0.113
2000,0.037,0.844,0.120
2100,0.038,0.831,0.131
2200,0.038,0.820,0.142
2300,0.038,0.804,0.158
2400,0.039,0.793,0.169
2500,0.045,0.792,0.163
2600,0.051,0.791,0.158
2700,0.050,0.791,0.159
2800,0.049,0.787,0.164
2900,0.044,0.789,0.168
3000,0.043,0.782,0.175
3100,0.041,0.779,0.180
3200,0.042,0.774,0.184
3300,0.048,0.763,0.189
3400,0.047,0.730,0.223
3500,0.043,0.735,0.222
3600,0.060,0.726,0.213
3700,0.066,0.729,0.204
3800,0.067,0.713,0.220
3900,0.060,0.711,0.229
4000,0.060,0.702,0.238
4100,0.061,0.704,0.235
4200,0.058,0.701,0.241
4300,0.064,0.702,0.234
4400,0.065,0.701,0.234
4500,0.074,0.691,0.236
4600,0.070,0.688,0.241
4700,0.064,0.688,0.247
4800,0.065,0.678,0.256
4900,0.065,0.678,0.256
5000,0.065,0.679,0.255
5100,0.069,0.673,0.257
5200,0.072,0.659,0.270
5300,0.072,0.659,0.270
5400,0.077,0.644,0.280
5500,0.074,0.659,0.268
5600,0.065,0.663,0.272
5700,0.068,0.663,0.269
5800,0.077,0.647,0.277
5900,0.081,0.647,0.273
6000,0.087,0.641,0.272
6100,0.086,0.645,0.270
6200,0.090,0.629,0.281
6300,0.088,0.625,0.287
6400,0.085,0.634,0.281
6500,0.085,0.626,0.289
6600,0.076,0.625,0.299
6700,0.093,0.615,0.292
6800,0.090,0.611,0.299
6900,0.099,0.605,0.296
7000,0.096,0.600,0.304
7100,0.099,0.590,0.311
7200,0.097,0.574,0.329
7300,0.113,0.573,0.314
7400,0.118,0.570,0.312
7500,0.108,0.543,0.348
7600,0.099,0.536,0.365
7700,0.115,0.534,0.350
7800,0.146,0.522,0.332
7900,0.142,0.505,0.353
8000,0.144,0.490,0.366
8100,0.154,0.486,0.360
8200,0.155,0.484,0.361
8300,0.162,0.479,0.359
8400,0.158,0.481,0.361
8500,0.154,0.474,0.372
8600,0.168,0.479,0.353
8700,0.165,0.485,0.349
8800,0.155,0.482,0.363
8900,0.161,0.486,0.352
9000,0.160,0.485,0.354
9100,0.151,0.480,0.369
9200,0.160,0.480,0.360
9300,0.166,0.492,0.341
9400,0.156,0.488,0.355
9500,0.153,0.481,0.366
9600,0.162,0.478,0.360
9700,0.154,0.469,0.377
9800,0.153,0.471,0.376
9900,0.157,0.469,0.374
10000,0.164,0.469,0.367
10100,0.172,0.462,0.367
10200,0.176,0.449,0.375
10300,0.166,0.455,0.379
10400,0.166,0.457,0.377
10500,0.164,0.455,0.381
10600,0.164,0.439,0.396
10700,0.182,0.434,0.384
10800,0.182,0.428,0.390
10900,0.189,0.423,0.388
11000,0.184,0.441,0.375
11100,0.184,0.429,0.387
11200,0.187,0.415,0.398
11300,0.173,0.417,0.411
11400,0.183,0.412,0.406
11500,0.178,0.415,0.408
11600,0.187,0.412,0.401
11700,0.190,0.412,0.398
11800,0.182,0.428,0.390
11900,0.175,0.425,0.400
12000,0.179,0.420,0.401
12100,0.178,0.414,0.409
12200,0.174,0.416,0.411
12300,0.160,0.438,0.401
12400,0.164,0.426,0.410
12500,0.163,0.432,0.404
12600,0.163,0.422,0.415
12700,0.161,0.415,0.424
12800,0.162,0.404,0.433
12900,0.194,0.401,0.404
13000,0.196,0.418,0.386
13100,0.189,0.420,0.391
13200,0.182,0.415,0.403
13300,0.172,0.415,0.414
13400,0.177,0.408,0.416
13500,0.177,0.415,0.409
13600,0.178,0.407,0.416
13700,0.180,0.397,0.423
13800,0.169,0.393,0.438
13900,0.173,0.394,0.433
14000,0.174,0.404,0.422
14100,0.183,0.410,0.408
14200,0.176,0.414,0.411
14300,0.179,0.407,0.415
14400,0.176,0.411,0.414
14500,0.183,0.402,0.415
14600,0.175,0.409,0.417
14700,0.179,0.404,0.417
14800,0.178,0.404,0.418
14900,0.168,0.401,0.431
15000,0.165,0.408,0.427
15100,0.162,0.412,0.426
15200,0.181,0.411,0.409
15300,0.178,0.416,0.407
15400,0.165,0.435,0.399
15500,0.165,0.429,0.406
15600,0.168,0.438,0.394
15700,0.183,0.425,0.392
15800,0.197,0.421,0.382
15900,0.186,0.419,0.395
16000,0.203,0.412,0.385
16100,0.199,0.416,0.385
16200,0.200,0.409,0.391
16300,0.201,0.398,0.400
16400,0.201,0.393,0.406
16500,0.201,0.394,0.404
16600,0.198,0.397,0.404
16700,0.201,0.392,0.407
16800,0.201,0.391,0.408
16900,0.193,0.393,0.414
17000,0.190,0.382,0.428
17100,0.186,0.391,0.423
17200,0.187,0.381,0.432
17300,0.187,0.375,0.438
17400,0.181,0.382,0.437
17500,0.201,0.372,0.427
17600,0.228,0.369,0.403
17700,0.233,0.368,0.399
17800,0.227,0.364,0.410
17900,0.217,0.356,0.427
18000,0.215,0.353,0.432
18100,0.213,0.358,0.429
18200,0.205,0.360,0.435
18300,0.205,0.354,0.440
18400,0.206,0.347,0.446
18500,0.209,0.344,0.446
18600,0.201,0.348,0.450
18700,0.204,0.347,0.448
18800,0.212,0.348,0.439
18900,0.215,0.348,0.437
19000,0.208,0.349,0.442
19100,0.197,0.360,0.443
19200,0.194,0.361,0.445
19300,0.191,0.368,0.441
19400,0.187,0.366,0.447
19500,0.183,0.374,0.443
19600,0.178,0.380,0.442
19700,0.169,0.376,0.456
19800,0.176,0.384,0.440
19900,0.176,0.380,0.444
20000,0.177,0.374,0.449
20100,0.172,0.369,0.460
20200,0.179,0.366,0.456
20300,0.183,0.362,0.456
20400,0.187,0.355,0.458
20500,0.188,0.350,0.462
20600,0.203,0.344,0.453
20700,0.197,0.340,0.463
20800,0.203,0.331,0.466
20900,0.200,0.334,0.466
21000,0.196,0.350,0.454
21100,0.192,0.336,0.472
21200,0.210,0.327,0.463
21300,0.215,0.326,0.460
21400,0.211,0.311,0.478
21500,0.201,0.319,0.480
21600,0.209,0.320,0.471
21700,0.202,0.338,0.460
21800,0.202,0.341,0.457
21900,0.203,0.344,0.453
22000,0.199,0.334,0.467
22100,0.199,0.333,0.468
22200,0.209,0.334,0.457
22300,0.208,0.350,0.441
22400,0.202,0.359,0.439
22500,0.198,0.367,0.435
22600,0.187,0.370,0.443
22700,0.198,0.361,0.441
22800,0.193,0.364,0.443
22900,0.187,0.368,0.445
23000,0.181,0.362,0.458
23100,0.179,0.365,0.457
23200,0.179,0.362,0.460
23300,0.181,0.371,0.448
23400,0.185,0.366,0.449
23500,0.185,0.360,0.456
23600,0.183,0.367,0.450
23700,0.196,0.368,0.436
23800,0.203,0.370,0.427
23900,0.200,0.359,0.441
24000,0.198,0.360,0.442
24100,0.198,0.358,0.444
24200,0.205,0.348,0.446
24300,0.208,0.353,0.438
24400,0.212,0.347,0.440
24500,0.213,0.335,0.451
24600,0.205,0.333,0.462
24700,0.210,0.335,0.455
24800,0.207,0.345,0.447
24900,0.209,0.345,0.445
25000,0.199,0.343,0.458
25100,0.196,0.335,0.469
25200,0.188,0.347,0.465
25300,0.191,0.351,0.458
25400,0.194,0.330,0.476
25500,0.194,0.319,0.487
25600,0.199,0.316,0.485
25700,0.195,0.313,0.492
25800,0.199,0.330,0.471
25900,0.197,0.327,0.476
26000,0.195,0.322,0.483
26100,0.197,0.329,0.474
26200,0.202,0.324,0.474
26300,0.204,0.332,0.464
26400,0.213,0.334,0.453
26500,0.202,0.331,0.467
26600,0.202,0.333,0.465
26700,0.204,0.333,0.463
26800,0.202,0.337,0.461
26900,0.215,0.329,0.457
27000,0.212,0.330,0.458
27100,0.216,0.321,0.464
27200,0.226,0.320,0.455
27300,0.237,0.317,0.446
27400,0.231,0.315,0.455
27500,0.230,0.330,0.440
27600,0.232,0.328,0.440
27700,0.233,0.309,0.458
27800,0.231,0.305,0.464
27900,0.232,0.302,0.466
28000,0.224,0.306,0.470
28100,0.206,0.311,0.483
28200,0.200,0.316,0.484
28300,0.200,0.322,0.478
28400,0.192,0.307,0.501
28500,0.205,0.299,0.495
28600,0.203,0.294,0.503
28700,0.198,0.297,0.505
28800,0.194,0.295,0.511
28900,0.197,0.294,0.509
29000,0.194,0.296,0.510
29100,0.193,0.290,0.517
29200,0.194,0.292,0.514
29300,0.194,0.298,0.508
29400,0.200,0.303,0.496
29500,0.203,0.298,0.498
29600,0.204,0.297,0.498
29700,0.204,0.293,0.503
29800,0.205,0.290,0.505
29900,0.200,0.290,0.510
30000,0.209,0.290,0.501
30100,0.211,0.287,0.502
30200,0.210,0.287,0.503
30300,0.209,0.286,0.505
30400,0.204,0.290,0.506
30500,0.204,0.307,0.488
30600,0.204,0.302,0.493
30700,0.215,0.296,0.489
30800,0.208,0.301,0.490
30900,0.209,0.303,0.487
31000,0.207,0.305,0.487
31100,0.204,0.306,0.489
31200,0.199,0.314,0.487
31300,0.199,0.334,0.467
31400,0.199,0.329,0.472
31500,0.200,0.326,0.474
31600,0.211,0.324,0.465
31700,0.232,0.329,0.439
31800,0.229,0.321,0.450
31900,0.220,0.324,0.457
32000,0.216,0.323,0.462
32100,0.206,0.322,0.472
32200,0.208,0.323,0.469
32300,0.210,0.321,0.469
32400,0.212,0.322,0.466
32500,0.202,0.326,0.472
32600,0.200,0.329,0.471
32700,0.193,0.322,0.485
32800,0.201,0.308,0.490
32900,0.215,0.308,0.477
33000,0.220,0.304,0.476
33100,0.217,0.300,0.483
33200,0.225,0.298,0.477
33300,0.222,0.301,0.477
33400,0.217,0.290,0.493
33500,0.220,0.288,0.492
33600,0.219,0.297,0.484
33700,0.211,0.294,0.494
33800,0.215,0.298,0.487
33900,0.213,0.293,0.493
34000,0.208,0.291,0.501
34100,0.205,0.286,0.509
34200,0.201,0.288,0.511
34300,0.215,0.293,0.492
34400,0.216,0.307,0.477
34500,0.224,0.308,0.468
34600,0.218,0.303,0.479
34700,0.219,0.292,0.489
34800,0.210,0.294,0.495
34900,0.218,0.304,0.478
35000,0.230,0.305,0.465
35100,0.227,0.305,0.468
35200,0.231,0.302,0.467
35300,0.235,0.302,0.463
35400,0.237,0.307,0.456
35500,0.238,0.307,0.455
35600,0.232,0.316,0.453
35700,0.233,0.307,0.460
35800,0.228,0.311,0.462
35900,0.246,0.305,0.448
36000,0.237,0.299,0.464
36100,0.244,0.290,0.466
36200,0.266,0.295,0.439
36300,0.252,0.295,0.453
36400,0.246,0.286,0.468
36500,0.252,0.293,0.455
36600,0.256,0.283,0.461
36700,0.252,0.292,0.456
36800,0.254,0.299,0.446
36900,0.250,0.302,0.447
37000,0.257,0.295,0.447
37100,0.257,0.302,0.440
37200,0.259,0.293,0.447
37300,0.253,0.292,0.455
37400,0.243,0.292,0.465
37500,0.246,0.282,0.472
37600,0.253,0.280,0.467
37700,0.256,0.271,0.473
37800,0.263,0.268,0.470
37900,0.254,0.268,0.478
38000,0.249,0.266,0.485
38100,0.242,0.265,0.493
38200,0.250,0.255,0.494
38300,0.245,0.275,0.480
38400,0.249,0.276,0.475
38500,0.244,0.278,0.478
38600,0.243,0.291,0.466
38700,0.260,0.280,0.460
38800,0.263,0.278,0.460
38900,0.252,0.284,0.464
39000,0.250,0.287,0.463
39100,0.252,0.295,0.453
39200,0.255,0.277,0.468
39300,0.244,0.290,0.466
39400,0.238,0.284,0.478
39500,0.234,0.285,0.481
39600,0.249,0.289,0.462
39700,0.250,0.282,0.468
39800,0.244,0.290,0.466
39900,0.251,0.290,0.459
40000,0.248,0.284,0.468
40100,0.243,0.289,0.468
40200,0.248,0.281,0.471
40300,0.242,0.289,0.469
40400,0.246,0.289,0.465
40500,0.240,0.286,0.474
40600,0.233,0.288,0.479
40700,0.237,0.277,0.486
40800,0.234,0.295,0.471
40900,0.225,0.287,0.488
41000,0.223,0.287,0.490
41100,0.233,0.282,0.485
41200,0.240,0.291,0.469
41300,0.244,0.287,0.469
41400,0.246,0.285,0.469
41500,0.255,0.280,0.465
41600,0.250,0.267,0.483
41700,0.244,0.272,0.484
41800,0.240,0.278,0.482
41900,0.247,0.279,0.474
42000,0.241,0.282,0.477
42100,0.238,0.276,0.486
42200,0.228,0.275,0.497
42300,0.223,0.272,0.506
42400,0.218,0.271,0.512
42500,0.225,0.268,0.508
42600,0.223,0.258,0.519
42700,0.230,0.260,0.510
42800,0.235,0.260,0.505
42900,0.234,0.266,0.501
43000,0.237,0.263,0.501
43100,0.230,0.263,0.508
43200,0.232,0.252,0.516
43300,0.221,0.257,0.522
43400,0.232,0.261,0.507
43500,0.231,0.292,0.477
43600,0.232,0.286,0.482
43700,0.235,0.281,0.484
43800,0.220,0.282,0.498
43900,0.202,0.314,0.484
44000,0.197,0.317,0.486
44100,0.203,0.311,0.486
44200,0.203,0.318,0.479
44300,0.210,0.318,0.472
44400,0.209,0.327,0.464
44500,0.199,0.325,0.476
44600,0.199,0.327,0.474
44700,0.207,0.333,0.460
44800,0.211,0.330,0.459
44900,0.208,0.333,0.459
45000,0.196,0.325,0.479
45100,0.196,0.326,0.478
45200,0.191,0.322,0.487
45300,0.200,0.319,0.481
45400,0.204,0.311,0.485
45500,0.202,0.320,0.478
45600,0.203,0.317,0.480
45700,0.202,0.322,0.476
45800,0.200,0.313,0.487
45900,0.191,0.313,0.496
46000,0.194,0.308,0.497
46100,0.201,0.285,0.514
46200,0.195,0.283,0.522
46300,0.198,0.292,0.510
46400,0.194,0.302,0.504
46500,0.192,0.299,0.509
46600,0.193,0.307,0.499
46700,0.187,0.304,0.509
46800,0.181,0.307,0.512
46900,0.170,0.305,0.525
47000,0.186,0.304,0.510
47100,0.186,0.291,0.523
47200,0.181,0.291,0.528
47300,0.193,0.298,0.509
47400,0.178,0.312,0.511
47500,0.183,0.307,0.510
47600,0.184,0.307,0.509
47700,0.199,0.303,0.497
47800,0.207,0.306,0.486
47900,0.205,0.309,0.485
48000,0.202,0.308,0.489
48100,0.201,0.298,0.501
48200,0.194,0.300,0.506
48300,0.205,0.300,0.494
48400,0.203,0.290,0.507
48500,0.213,0.282,0.505
48600,0.222,0.277,0.502
48700,0.233,0.273,0.494
48800,0.229,0.272,0.499
48900,0.229,0.266,0.506
49000,0.224,0.274,0.503
49100,0.215,0.281,0.505
49200,0.220,0.277,0.504
49300,0.255,0.264,0.481
49400,0.251,0.268,0.481
49500,0.240,0.272,0.488
49600,0.238,0.266,0.496
49700,0.236,0.257,0.507
49800,0.239,0.265,0.496
49900,0.228,0.282,0.490
50000,0.219,0.284,0.497
50100,0.217,0.280,0.504
50200,0.212,0.280,0.508
50300,0.201,0.278,0.521
50400,0.229,0.280,0.491
50500,0.242,0.286,0.472
50600,0.239,0.276,0.485
50700,0.254,0.274,0.472
50800,0.268,0.266,0.467
50900,0.247,0.273,0.480
51000,0.238,0.284,0.478
51100,0.230,0.288,0.482
51200,0.243,0.291,0.466
51300,0.245,0.282,0.473
51400,0.254,0.276,0.470
51500,0.248,0.276,0.476
51600,0.241,0.275,0.484
51700,0.240,0.272,0.488
51800,0.235,0.270,0.495
51900,0.243,0.276,0.481
52000,0.242,0.270,0.488
52100,0.241,0.266,0.493
52200,0.246,0.270,0.484
52300,0.243,0.263,0.494
52400,0.242,0.263,0.495
52500,0.250,0.269,0.481
52600,0.241,0.270,0.489
52700,0.238,0.276,0.486
52800,0.235,0.271,0.494
52900,0.229,0.266,0.506
53000,0.232,0.260,0.508
53100,0.247,0.268,0.485
53200,0.241,0.271,0.488
53300,0.243,0.277,0.480
53400,0.238,0.275,0.487
53500,0.227,0.284,0.489
53600,0.218,0.290,0.492
53700,0.216,0.293,0.491
53800,0.213,0.295,0.491
53900,0.215,0.289,0.496
54000,0.216,0.281,0.504
54100,0.220,0.264,0.517
54200,0.220,0.261,0.519
54300,0.223,0.270,0.508
54400,0.228,0.270,0.503
54500,0.226,0.258,0.516
54600,0.219,0.273,0.509
54700,0.217,0.286,0.497
54800,0.210,0.278,0.512
54900,0.215,0.272,0.514
55000,0.218,0.284,0.498
55100,0.212,0.274,0.514
55200,0.210,0.299,0.490
55300,0.212,0.297,0.490
55400,0.197,0.298,0.505
55500,0.196,0.299,0.505
55600,0.197,0.300,0.503
55700,0.203,0.299,0.497
55800,0.189,0.311,0.501
55900,0.203,0.312,0.485
56000,0.200,0.319,0.481
56100,0.198,0.326,0.476
56200,0.198,0.324,0.478
56300,0.196,0.319,0.485
56400,0.195,0.323,0.482
56500,0.192,0.318,0.490
56600,0.187,0.316,0.497
56700,0.189,0.309,0.502
56800,0.193,0.292,0.515
56900,0.193,0.290,0.517
57000,0.193,0.282,0.525
57100,0.198,0.279,0.523
57200,0.205,0.282,0.513
57300,0.203,0.287,0.510
57400,0.217,0.289,0.494
57500,0.213,0.276,0.511
57600,0.209,0.265,0.526
57700,0.204,0.277,0.519
57800,0.205,0.270,0.525
57900,0.204,0.280,0.516
58000,0.204,0.263,0.533
58100,0.207,0.265,0.528
58200,0.207,0.268,0.525
58300,0.199,0.267,0.534
58400,0.197,0.297,0.506
58500,0.191,0.288,0.521
58600,0.186,0.290,0.524
58700,0.198,0.287,0.515
58800,0.191,0.279,0.530
58900,0.202,0.288,0.510
59000,0.226,0.276,0.498
59100,0.217,0.276,0.508
59200,0.231,0.260,0.509
59300,0.238,0.265,0.497
59400,0.230,0.267,0.504
59500,0.232,0.265,0.504
59600,0.224,0.267,0.510
59700,0.223,0.282,0.495
59800,0.219,0.281,0.501
59900,0.223,0.275,0.503
60000,0.218,0.277,0.506
60100,0.221,0.269,0.511
60200,0.217,0.277,0.507
60300,0.221,0.278,0.502
60400,0.216,0.272,0.513
60500,0.231,0.276,0.493
60600,0.229,0.285,0.486
60700,0.235,0.290,0.475
60800,0.231,0.283,0.486
60900,0.244,0.290,0.466
61000,0.234,0.291,0.475
61100,0.233,0.287,0.480
61200,0.236,0.287,0.477
61300,0.237,0.280,0.483
61400,0.243,0.286,0.471
61500,0.229,0.284,0.487
61600,0.213,0.291,0.495
61700,0.213,0.282,0.505
61800,0.222,0.286,0.492
61900,0.240,0.281,0.479
62000,0.239,0.287,0.474
62100,0.233,0.299,0.468
62200,0.237,0.293,0.470
62300,0.237,0.291,0.472
62400,0.245,0.296,0.459
62500,0.250,0.290,0.460
62600,0.245,0.308,0.446
62700,0.238,0.295,0.467
62800,0.243,0.296,0.461
62900,0.240,0.293,0.467
63000,0.233,0.293,0.474
63100,0.235,0.293,0.472
63200,0.240,0.282,0.478
63300,0.240,0.276,0.484
63400,0.237,0.266,0.497
63500,0.233,0.275,0.492
63600,0.228,0.276,0.496
63700,0.239,0.280,0.481
63800,0.232,0.270,0.498
63900,0.247,0.276,0.477
64000,0.256,0.267,0.477
64100,0.250,0.257,0.492
64200,0.244,0.267,0.489
64300,0.243,0.264,0.493
64400,0.246,0.263,0.491
64500,0.247,0.263,0.490
64600,0.243,0.265,0.492
64700,0.247,0.267,0.486
64800,0.251,0.270,0.479
64900,0.266,0.273,0.462
65000,0.255,0.279,0.466
65100,0.250,0.273,0.477
65200,0.256,0.272,0.472
65300,0.259,0.274,0.467
65400,0.257,0.279,0.464
65500,0.256,0.279,0.465
65600,0.255,0.265,0.480
65700,0.254,0.272,0.474
65800,0.254,0.276,0.470
65900,0.253,0.273,0.474
66000,0.243,0.277,0.480
66100,0.253,0.271,0.476
66200,0.252,0.278,0.470
66300,0.258,0.266,0.476
66400,0.258,0.274,0.468
66500,0.257,0.274,0.469
66600,0.241,0.276,0.483
66700,0.250,0.268,0.482
66800,0.255,0.266,0.479
66900,0.246,0.264,0.490
67000,0.246,0.265,0.489
67100,0.251,0.261,0.487
67200,0.243,0.254,0.503
67300,0.245,0.250,0.505
67400,0.245,0.248,0.507
67500,0.245,0.256,0.498
67600,0.247,0.268,0.485
67700,0.244,0.268,0.488
67800,0.239,0.266,0.495
67900,0.233,0.273,0.494
68000,0.226,0.270,0.505
68100,0.239,0.273,0.488
68200,0.243,0.265,0.492
68300,0.255,0.269,0.476
68400,0.259,0.272,0.469
68500,0.242,0.264,0.494
68600,0.237,0.257,0.506
68700,0.249,0.256,0.494
68800,0.240,0.287,0.473
68900,0.245,0.269,0.486
69000,0.247,0.271,0.482
69100,0.239,0.275,0.486
69200,0.238,0.271,0.491
69300,0.228,0.287,0.485
69400,0.220,0.280,0.501
69500,0.225,0.278,0.497
69600,0.223,0.269,0.509
69700,0.225,0.264,0.512
69800,0.224,0.259,0.517
69900,0.219,0.252,0.529
70000,0.234,0.249,0.517
70100,0.236,0.253,0.511
70200,0.233,0.263,0.505
70300,0.252,0.253,0.494
70400,0.238,0.254,0.508
70500,0.243,0.265,0.492
70600,0.244,0.256,0.499
70700,0.234,0.269,0.497
70800,0.238,0.291,0.471
70900,0.241,0.290,0.469
71000,0.234,0.289,0.477
71100,0.230,0.299,0.471
71200,0.224,0.294,0.482
71300,0.221,0.288,0.491
71400,0.213,0.303,0.483
71500,0.207,0.300,0.492
71600,0.201,0.302,0.496
71700,0.196,0.305,0.498
71800,0.207,0.294,0.498
71900,0.201,0.282,0.517
72000,0.203,0.275,0.522
72100,0.227,0.265,0.509
72200,0.222,0.261,0.517
72300,0.218,0.279,0.504
72400,0.226,0.276,0.498
72500,0.222,0.268,0.511
72600,0.213,0.284,0.503
72700,0.201,0.282,0.517
72800,0.199,0.286,0.515
72900,0.195,0.282,0.523
73000,0.192,0.315,0.493
73100,0.200,0.295,0.505
73200,0.193,0.300,0.507
73300,0.190,0.295,0.515
73400,0.201,0.295,0.504
73500,0.189,0.292,0.519
73600,0.188,0.297,0.515
73700,0.188,0.292,0.520
73800,0.189,0.296,0.515
73900,0.191,0.285,0.524
74000,0.185,0.276,0.539
74100,0.191,0.283,0.526
74200,0.189,0.286,0.525
74300,0.195,0.281,0.524
74400,0.198,0.278,0.524
74500,0.185,0.286,0.529
74600,0.206,0.297,0.496
74700,0.206,0.297,0.496
74800,0.200,0.285,0.515
74900,0.198,0.292,0.510
75000,0.202,0.291,0.507
75100,0.204,0.290,0.506
75200,0.207,0.289,0.504
75300,0.204,0.284,0.512
75400,0.206,0.274,0.520
75500,0.203,0.274,0.523
75600,0.219,0.264,0.518
75700,0.220,0.259,0.521
75800,0.218,0.254,0.528
75900,0.219,0.264,0.518
76000,0.211,0.268,0.521
76100,0.205,0.275,0.520
76200,0.204,0.279,0.517
76300,0.207,0.276,0.517
76400,0.218,0.260,0.522
76500,0.228,0.260,0.512
76600,0.235,0.274,0.491
76700,0.245,0.284,0.471
76800,0.239,0.285,0.476
76900,0.243,0.289,0.468
77000,0.249,0.273,0.478
77100,0.245,0.267,0.488
77200,0.246,0.272,0.482
77300,0.237,0.276,0.487
77400,0.241,0.278,0.481
77500,0.224,0.276,0.501
77600,0.223,0.274,0.504
77700,0.228,0.268,0.505
77800,0.219,0.268,0.514
77900,0.219,0.267,0.515
78000,0.224,0.261,0.515
78100,0.243,0.258,0.498
78200,0.238,0.260,0.502
78300,0.241,0.256,0.503
78400,0.237,0.253,0.510
78500,0.218,0.256,0.526
78600,0.229,0.264,0.508
78700,0.230,0.254,0.516
78800,0.234,0.257,0.509
78900,0.231,0.253,0.516
79000,0.238,0.255,0.507
79100,0.234,0.263,0.504
79200,0.215,0.261,0.524
79300,0.221,0.257,0.522
79400,0.210,0.271,0.519
79500,0.220,0.271,0.510
79600,0.239,0.264,0.497
79700,0.236,0.270,0.494
79800,0.238,0.264,0.498
79900,0.243,0.263,0.494
80000,0.257,0.252,0.490
80100,0.263,0.263,0.475
80200,0.249,0.259,0.491
80300,0.248,0.255,0.496
80400,0.245,0.255,0.499
80500,0.244,0.249,0.507
80600,0.245,0.250,0.505
80700,0.244,0.245,0.511
80800,0.242,0.258,0.499
80900,0.249,0.258,0.492
81000,0.244,0.260,0.495
81100,0.242,0.256,0.502
81200,0.228,0.254,0.518
81300,0.238,0.252,0.510
81400,0.239,0.266,0.495
81500,0.238,0.260,0.502
81600,0.239,0.260,0.501
81700,0.234,0.266,0.501
81800,0.234,0.266,0.501
81900,0.234,0.272,0.494
82000,0.234,0.271,0.495
82100,0.227,0.290,0.483
82200,0.229,0.294,0.477
82300,0.231,0.294,0.475
82400,0.215,0.299,0.486
82500,0.215,0.288,0.497
82600,0.217,0.287,0.496
82700,0.213,0.275,0.512
82800,0.205,0.276,0.519
82900,0.204,0.279,0.517
83000,0.208,0.276,0.516
83100,0.206,0.274,0.520
83200,0.222,0.255,0.523
83300,0.223,0.250,0.527
83400,0.229,0.255,0.516
83500,0.231,0.255,0.514
83600,0.241,0.247,0.512
83700,0.245,0.240,0.515
83800,0.242,0.235,0.523
83900,0.242,0.230,0.528
84000,0.237,0.238,0.525
84100,0.237,0.235,0.528
84200,0.234,0.238,0.528
84300,0.233,0.236,0.531
84400,0.227,0.238,0.535
84500,0.226,0.230,0.544
84600,0.227,0.231,0.542
84700,0.219,0.226,0.556
84800,0.225,0.223,0.553
84900,0.202,0.259,0.538
85000,0.215,0.263,0.523
85100,0.197,0.266,0.537
85200,0.191,0.265,0.544
85300,0.187,0.273,0.540
85400,0.183,0.273,0.544
85500,0.187,0.290,0.523
85600,0.185,0.290,0.525
85700,0.191,0.285,0.524
85800,0.188,0.283,0.529
85900,0.191,0.271,0.538
86000,0.192,0.279,0.529
86100,0.187,0.287,0.526
86200,0.191,0.294,0.515
86300,0.190,0.301,0.509
86400,0.180,0.293,0.527
86500,0.181,0.302,0.517
86600,0.181,0.312,0.508
86700,0.176,0.313,0.512
86800,0.183,0.319,0.498
86900,0.186,0.309,0.505
87000,0.178,0.308,0.514
87100,0.179,0.304,0.517
87200,0.184,0.304,0.512
87300,0.193,0.303,0.504
87400,0.196,0.293,0.511
87500,0.187,0.309,0.504
87600,0.182,0.309,0.509
87700,0.180,0.306,0.514
87800,0.181,0.305,0.514
87900,0.184,0.302,0.514
88000,0.185,0.311,0.505
88100,0.184,0.316,0.501
88200,0.186,0.317,0.497
88300,0.199,0.329,0.472
88400,0.190,0.338,0.472
88500,0.199,0.326,0.475
88600,0.192,0.331,0.477
88700,0.193,0.328,0.479
88800,0.195,0.334,0.471
88900,0.181,0.334,0.485
89000,0.180,0.335,0.485
89100,0.182,0.339,0.479
89200,0.181,0.330,0.489
89300,0.188,0.320,0.492
89400,0.190,0.323,0.487
89500,0.179,0.331,0.490
89600,0.186,0.330,0.484
89700,0.184,0.331,0.485
89800,0.170,0.321,0.510
89900,0.171,0.315,0.515
90000,0.204,0.291,0.505
90100,0.203,0.287,0.510
90200,0.195,0.292,0.513
90300,0.200,0.294,0.506
90400,0.221,0.287,0.492
90500,0.231,0.285,0.484
90600,0.240,0.283,0.477
90700,0.237,0.283,0.480
90800,0.222,0.313,0.466
90900,0.233,0.307,0.460
91000,0.228,0.293,0.479
91100,0.222,0.284,0.494
91200,0.208,0.284,0.508
91300,0.210,0.279,0.511
91400,0.212,0.286,0.502
91500,0.207,0.286,0.507
91600,0.206,0.284,0.510
91700,0.194,0.299,0.507
91800,0.204,0.301,0.494
91900,0.202,0.282,0.516
92000,0.191,0.276,0.533
92100,0.193,0.272,0.535
92200,0.194,0.268,0.538
92300,0.181,0.274,0.545
92400,0.181,0.280,0.539
92500,0.206,0.259,0.534
92600,0.204,0.266,0.530
92700,0.200,0.261,0.538
92800,0.204,0.258,0.537
92900,0.212,0.268,0.520
93000,0.201,0.273,0.526
93100,0.199,0.274,0.527
93200,0.204,0.273,0.523
93300,0.205,0.266,0.529
93400,0.199,0.271,0.530
93500,0.194,0.270,0.536
93600,0.195,0.267,0.538
93700,0.207,0.256,0.536
93800,0.234,0.253,0.513
93900,0.243,0.261,0.495
94000,0.238,0.263,0.499
94100,0.247,0.252,0.501
94200,0.244,0.242,0.514
94300,0.242,0.248,0.510
94400,0.231,0.259,0.510
94500,0.235,0.254,0.511
94600,0.231,0.251,0.518
94700,0.237,0.245,0.518
94800,0.225,0.254,0.521
94900,0.227,0.255,0.518
95000,0.242,0.255,0.503
95100,0.243,0.245,0.512
95200,0.247,0.244,0.509
95300,0.239,0.248,0.513
95400,0.241,0.259,0.499
95500,0.242,0.257,0.501
95600,0.237,0.256,0.507
95700,0.231,0.273,0.496
95800,0.226,0.270,0.505
95900,0.233,0.264,0.504
96000,0.230,0.264,0.507
96100,0.247,0.254,0.498
96200,0.238,0.253,0.509
96300,0.233,0.266,0.502
96400,0.240,0.259,0.501
96500,0.243,0.257,0.499
96600,0.242,0.261,0.496
96700,0.244,0.266,0.490
96800,0.240,0.265,0.495
96900,0.242,0.251,0.507
97000,0.228,0.252,0.520
97100,0.237,0.248,0.515
97200,0.237,0.246,0.517
97300,0.245,0.243,0.512
97400,0.246,0.245,0.509
97500,0.243,0.248,0.509
97600,0.246,0.245,0.509
97700,0.237,0.256,0.507
97800,0.266,0.257,0.477
97900,0.278,0.251,0.471
98000,0.267,0.259,0.474
98100,0.265,0.255,0.480
98200,0.259,0.259,0.481
98300,0.256,0.261,0.482
98400,0.249,0.260,0.490
98500,0.250,0.256,0.493
98600,0.250,0.254,0.495
98700,0.256,0.260,0.483
98800,0.247,0.264,0.489
98900,0.247,0.264,0.489
99000,0.249,0.257,0.493
99100,0.246,0.247,0.507
99200,0.248,0.246,0.506
99300,0.235,0.239,0.526
99400,0.222,0.246,0.532
99500,0.222,0.254,0.524
99600,0.229,0.267,0.505
99700,0.236,0.276,0.488
99800,0.234,0.263,0.504
99900,0.234,0.258,0.508
100000,0.233,0.266,0.502
100100,0.224,0.261,0.515
100200,0.218,0.271,0.512
100300,0.217,0.265,0.519
100400,0.211,0.267,0.522
100500,0.232,0.259,0.509
100600,0.226,0.263,0.512
100700,0.226,0.263,0.512
100800,0.223,0.250,0.527
100900,0.221,0.258,0.521
101000,0.231,0.257,0.512
101100,0.236,0.250,0.514
101200,0.236,0.255,0.509
101300,0.230,0.248,0.522
101400,0.234,0.246,0.520
101500,0.232,0.250,0.518
101600,0.244,0.239,0.517
101700,0.240,0.234,0.526
101800,0.231,0.230,0.539
101900,0.231,0.226,0.543
102000,0.255,0.227,0.518
102100,0.264,0.227,0.510
102200,0.251,0.229,0.520
102300,0.242,0.237,0.521
102400,0.242,0.249,0.509
102500,0.241,0.264,0.495
102600,0.234,0.260,0.506
102700,0.218,0.255,0.527
102800,0.218,0.244,0.538
102900,0.219,0.243,0.538
103000,0.221,0.242,0.537
103100,0.209,0.244,0.546
103200,0.209,0.249,0.541
103300,0.224,0.266,0.511
103400,0.226,0.264,0.511
103500,0.228,0.256,0.516
103600,0.226,0.260,0.514
103700,0.241,0.256,0.503
103800,0.252,0.250,0.497
103900,0.252,0.246,0.502
104000,0.250,0.244,0.506
104100,0.253,0.244,0.503
104200,0.252,0.252,0.495
104300,0.247,0.256,0.496
104400,0.243,0.248,0.509
104500,0.237,0.244,0.519
104600,0.244,0.231,0.525
104700,0.245,0.232,0.523
104800,0.245,0.227,0.528
104900,0.249,0.226,0.525
105000,0.243,0.225,0.532
105100,0.244,0.225,0.531
105200,0.248,0.219,0.533
105300,0.245,0.215,0.540
105400,0.236,0.218,0.546
105500,0.243,0.216,0.541
105600,0.251,0.220,0.529
105700,0.249,0.228,0.523
105800,0.242,0.232,0.526
105900,0.241,0.229,0.530
106000,0.242,0.221,0.537
106100,0.235,0.222,0.543
106200,0.222,0.235,0.543
106300,0.217,0.236,0.547
106400,0.212,0.231,0.557
106500,0.221,0.232,0.547
106600,0.219,0.229,0.553
106700,0.239,0.220,0.541
106800,0.233,0.227,0.540
106900,0.236,0.224,0.540
107000,0.225,0.228,0.547
107100,0.228,0.236,0.536
107200,0.232,0.236,0.532
107300,0.228,0.240,0.532
107400,0.225,0.242,0.533
107500,0.209,0.237,0.554
107600,0.217,0.229,0.555
107700,0.216,0.229,0.556
107800,0.212,0.235,0.553
107900,0.212,0.244,0.543
108000,0.213,0.248,0.538
108100,0.211,0.244,0.544
108200,0.211,0.244,0.544
108300,0.213,0.252,0.534
108400,0.222,0.249,0.529
108500,0.211,0.255,0.533
108600,0.222,0.256,0.522
108700,0.217,0.260,0.523
108800,0.212,0.259,0.528
108900,0.223,0.255,0.522
109000,0.236,0.258,0.506
109100,0.233,0.257,0.510
109200,0.237,0.261,0.502
109300,0.241,0.265,0.494
109400,0.250,0.256,0.493
109500,0.242,0.265,0.493
109600,0.242,0.259,0.498
109700,0.240,0.258,0.502
109800,0.245,0.256,0.498
109900,0.249,0.249,0.502
110000,0.242,0.257,0.501
110100,0.238,0.254,0.508
110200,0.222,0.261,0.517
110300,0.218,0.261,0.521
110400,0.227,0.271,0.503
110500,0.236,0.267,0.497
110600,0.236,0.265,0.499
110700,0.228,0.265,0.508
110800,0.225,0.268,0.508
110900,0.228,0.266,0.507
111000,0.237,0.268,0.495
111100,0.240,0.266,0.494
111200,0.256,0.265,0.479
111300,0.248,0.268,0.484
111400,0.244,0.270,0.486
111500,0.237,0.261,0.502
111600,0.228,0.257,0.515
111700,0.232,0.258,0.510
111800,0.229,0.255,0.516
111900,0.224,0.253,0.523
112000,0.225,0.271,0.505
112100,0.226,0.266,0.509
112200,0.220,0.261,0.519
112300,0.226,0.254,0.520
112400,0.238,0.263,0.499
112500,0.240,0.272,0.488
112600,0.236,0.271,0.493
112700,0.233,0.275,0.492
112800,0.244,0.271,0.485
112900,0.238,0.277,0.485
113000,0.231,0.282,0.487
113100,0.226,0.285,0.489
113200,0.220,0.287,0.493
113300,0.230,0.283,0.487
113400,0.242,0.275,0.483
113500,0.253,0.273,0.474
113600,0.239,0.270,0.491
113700,0.234,0.269,0.497
113800,0.232,0.278,0.490
113900,0.228,0.275,0.497
114000,0.238,0.272,0.490
114100,0.232,0.276,0.492
114200,0.236,0.277,0.487
114300,0.230,0.268,0.503
114400,0.236,0.259,0.505
114500,0.239,0.263,0.498
114600,0.238,0.258,0.504
114700,0.236,0.254,0.510
114800,0.245,0.260,0.494
114900,0.252,0.257,0.490
115000,0.241,0.260,0.498
115100,0.245,0.263,0.492
115200,0.266,0.256,0.478
115300,0.267,0.256,0.477
115400,0.269,0.257,0.474
115500,0.257,0.267,0.476
115600,0.260,0.266,0.474
115700,0.259,0.256,0.484
115800,0.257,0.250,0.492
115900,0.245,0.244,0.511
116000,0.245,0.242,0.513
116100,0.237,0.242,0.521
116200,0.244,0.247,0.509
116300,0.236,0.242,0.522
116400,0.240,0.246,0.514
116500,0.228,0.249,0.523
116600,0.229,0.254,0.517
116700,0.223,0.263,0.515
116800,0.226,0.249,0.525
116900,0.223,0.257,0.520
117000,0.204,0.266,0.530
117100,0.204,0.274,0.522
117200,0.211,0.271,0.518
117300,0.204,0.281,0.515
117400,0.216,0.269,0.516
117500,0.223,0.258,0.519
117600,0.211,0.265,0.524
117700,0.208,0.270,0.522
117800,0.205,0.269,0.526
117900,0.208,0.274,0.518
118000,0.215,0.267,0.519
118100,0.211,0.266,0.523
118200,0.210,0.282,0.508
118300,0.210,0.275,0.515
118400,0.199,0.270,0.531
118500,0.196,0.272,0.532
118600,0.211,0.283,0.506
118700,0.215,0.294,0.491
118800,0.224,0.297,0.479
118900,0.225,0.284,0.491
119000,0.226,0.294,0.480
119100,0.217,0.301,0.482
119200,0.215,0.291,0.494
119300,0.216,0.274,0.511
119400,0.220,0.267,0.514
119500,0.225,0.281,0.494
119600,0.223,0.288,0.489
119700,0.222,0.287,0.491
119800,0.223,0.294,0.483
119900,0.221,0.282,0.497
120000,0.225,0.280,0.495
120100,0.229,0.257,0.514
120200,0.242,0.239,0.519
120300,0.233,0.243,0.524
120400,0.237,0.253,0.510
120500,0.237,0.253,0.510
120600,0.264,0.248,0.488
120700,0.265,0.245,0.490
120800,0.263,0.249,0.488
120900,0.265,0.249,0.486
121000,0.266,0.254,0.480
121100,0.264,0.248,0.488
121200,0.258,0.244,0.497
121300,0.266,0.238,0.496
121400,0.258,0.237,0.505
121500,0.267,0.238,0.495
121600,0.261,0.234,0.505
121700,0.284,0.226,0.490
121800,0.277,0.226,0.497
121900,0.277,0.233,0.490
122000,0.268,0.244,0.488
122100,0.258,0.253,0.488
122200,0.266,0.256,0.478
122300,0.258,0.249,0.492
122400,0.267,0.243,0.490
122500,0.256,0.251,0.492
122600,0.273,0.236,0.491
122700,0.285,0.238,0.477
122800,0.281,0.247,0.472
122900,0.275,0.250,0.475
123000,0.256,0.263,0.481
123100,0.251,0.261,0.487
123200,0.246,0.255,0.498
123300,0.247,0.256,0.496
123400,0.254,0.247,0.498
123500,0.258,0.245,0.496
123600,0.256,0.258,0.485
123700,0.243,0.257,0.499
123800,0.250,0.266,0.484
123900,0.252,0.257,0.490
124000,0.252,0.246,0.502
124100,0.245,0.243,0.512
124200,0.248,0.245,0.507
124300,0.243,0.243,0.514
124400,0.240,0.256,0.504
124500,0.247,0.256,0.496
124600,0.239,0.265,0.496
124700,0.243,0.259,0.497
124800,0.230,0.266,0.505
124900,0.231,0.266,0.504
125000,0.236,0.258,0.506
125100,0.240,0.255,0.505
125200,0.236,0.260,0.504
125300,0.229,0.263,0.509
125400,0.235,0.253,0.512
125500,0.236,0.257,0.507
125600,0.267,0.256,0.477
125700,0.269,0.257,0.474
125800,0.259,0.264,0.477
125900,0.247,0.261,0.491
126000,0.257,0.255,0.487
126100,0.263,0.252,0.485
126200,0.281,0.254,0.465
126300,0.276,0.247,0.477
126400,0.273,0.242,0.485
126500,0.274,0.240,0.486
126600,0.268,0.244,0.488
126700,0.260,0.249,0.490
126800,0.268,0.250,0.482
126900,0.268,0.250,0.482
127000,0.265,0.242,0.493
127100,0.260,0.235,0.505
127200,0.258,0.227,0.515
127300,0.258,0.229,0.513
127400,0.275,0.231,0.494
127500,0.270,0.242,0.488
127600,0.269,0.236,0.495
127700,0.266,0.236,0.498
127800,0.266,0.238,0.496
127900,0.261,0.245,0.493
128000,0.264,0.243,0.493
128100,0.278,0.232,0.490
128200,0.273,0.234,0.493
128300,0.273,0.239,0.488
128400,0.258,0.253,0.488
128500,0.254,0.250,0.495
128600,0.247,0.268,0.485
128700,0.245,0.273,0.482
128800,0.244,0.265,0.491
128900,0.240,0.269,0.491
129000,0.247,0.261,0.491
129100,0.234,0.264,0.503
129200,0.225,0.279,0.496
129300,0.231,0.266,0.504
129400,0.231,0.253,0.516
129500,0.227,0.253,0.520
129600,0.225,0.256,0.519
129700,0.235,0.255,0.510
129800,0.232,0.250,0.518
129900,0.222,0.249,0.529
130000,0.218,0.255,0.527
130100,0.221,0.253,0.526
130200,0.218,0.252,0.530
130300,0.220,0.245,0.535
130400,0.216,0.246,0.538
130500,0.212,0.244,0.543
130600,0.219,0.247,0.534
130700,0.216,0.243,0.541
130800,0.217,0.240,0.543
130900,0.224,0.261,0.515
131000,0.226,0.261,0.513
131100,0.218,0.252,0.530
131200,0.219,0.252,0.529
131300,0.215,0.267,0.519
131400,0.246,0.264,0.490
131500,0.240,0.254,0.506
131600,0.235,0.244,0.521
131700,0.236,0.249,0.515
131800,0.236,0.251,0.513
131900,0.224,0.260,0.516
132000,0.219,0.260,0.521
132100,0.247,0.246,0.507
132200,0.253,0.238,0.509
132300,0.246,0.238,0.516
132400,0.256,0.238,0.506
132500,0.257,0.236,0.507
132600,0.266,0.246,0.488
132700,0.261,0.239,0.499
132800,0.258,0.233,0.509
132900,0.252,0.223,0.525
133000,0.257,0.233,0.510
133100,0.258,0.230,0.512
133200,0.247,0.231,0.522
133300,0.253,0.229,0.518
133400,0.249,0.230,0.521
133500,0.242,0.239,0.519
133600,0.241,0.238,0.521
133700,0.247,0.238,0.515
133800,0.250,0.233,0.517
133900,0.255,0.222,0.523
134000,0.264,0.224,0.513
134100,0.278,0.224,0.498
134200,0.276,0.232,0.492
134300,0.277,0.232,0.491
134400,0.269,0.244,0.487
134500,0.265,0.244,0.491
134600,0.261,0.245,0.493
134700,0.272,0.239,0.489
134800,0.273,0.240,0.487
134900,0.278,0.239,0.483
135000,0.266,0.246,0.488
135100,0.268,0.248,0.484
135200,0.278,0.233,0.489
135300,0.280,0.231,0.489
135400,0.276,0.242,0.482
135500,0.271,0.238,0.491
135600,0.275,0.236,0.489
135700,0.277,0.239,0.484
135800,0.265,0.235,0.501
135900,0.253,0.240,0.507
136000,0.246,0.261,0.492
136100,0.250,0.272,0.478
136200,0.251,0.269,0.480
136300,0.250,0.265,0.485
136400,0.246,0.261,0.492
136500,0.233,0.291,0.476
136600,0.224,0.303,0.473
136700,0.215,0.300,0.485
136800,0.213,0.299,0.487
136900,0.219,0.277,0.505
137000,0.215,0.278,0.508
137100,0.223,0.277,0.501
137200,0.219,0.277,0.505
137300,0.219,0.274,0.508
137400,0.223,0.269,0.509
137500,0.233,0.263,0.505
137600,0.227,0.270,0.504
137700,0.229,0.267,0.505
137800,0.229,0.261,0.510
137900,0.240,0.261,0.498
138000,0.233,0.258,0.509
138100,0.244,0.255,0.501
138200,0.235,0.259,0.506
138300,0.232,0.249,0.519
138400,0.241,0.243,0.516
138500,0.244,0.247,0.509
138600,0.248,0.231,0.521
138700,0.255,0.239,0.506
138800,0.263,0.239,0.498
138900,0.257,0.239,0.504
139000,0.254,0.243,0.503
139100,0.257,0.241,0.502
139200,0.263,0.239,0.498
139300,0.256,0.263,0.481
139400,0.277,0.268,0.456
139500,0.273,0.270,0.458
139600,0.265,0.283,0.453
139700,0.256,0.275,0.469
139800,0.264,0.273,0.464
139900,0.260,0.265,0.475
140000,0.253,0.278,0.469
140100,0.257,0.276,0.467
140200,0.254,0.272,0.474
140300,0.258,0.269,0.473
140400,0.242,0.271,0.487
140500,0.236,0.282,0.482
140600,0.226,0.276,0.498
140700,0.228,0.267,0.506
140800,0.228,0.271,0.502
140900,0.236,0.249,0.515
141000,0.230,0.243,0.527
141100,0.223,0.244,0.533
141200,0.220,0.251,0.529
141300,0.213,0.246,0.540
141400,0.216,0.244,0.540
141500,0.207,0.248,0.544
141600,0.205,0.254,0.540
141700,0.219,0.254,0.527
141800,0.218,0.264,0.519
141900,0.218,0.265,0.518
142000,0.218,0.276,0.507
142100,0.213,0.282,0.505
142200,0.213,0.279,0.508
142300,0.224,0.281,0.495
142400,0.221,0.277,0.503
142500,0.222,0.277,0.502
142600,0.217,0.279,0.505
142700,0.211,0.274,0.515
142800,0.212,0.280,0.508
142900,0.246,0.282,0.472
143000,0.245,0.289,0.466
143100,0.252,0.277,0.471
143200,0.236,0.284,0.480
143300,0.243,0.268,0.489
143400,0.244,0.261,0.494
143500,0.231,0.269,0.501
143600,0.231,0.267,0.503
143700,0.237,0.279,0.484
143800,0.242,0.277,0.481
143900,0.241,0.270,0.489
144000,0.232,0.269,0.499
144100,0.251,0.267,0.482
144200,0.248,0.258,0.493
144300,0.258,0.256,0.485
144400,0.248,0.275,0.477
144500,0.246,0.279,0.475
144600,0.247,0.279,0.474
144700,0.237,0.281,0.482
144800,0.247,0.273,0.480
144900,0.244,0.276,0.480
145000,0.241,0.272,0.487
145100,0.260,0.270,0.470
145200,0.246,0.273,0.481
145300,0.236,0.268,0.496
145400,0.237,0.274,0.489
145500,0.237,0.263,0.501
145600,0.237,0.258,0.505
145700,0.231,0.258,0.511
145800,0.231,0.255,0.514
145900,0.221,0.255,0.524
146000,0.223,0.255,0.522
146100,0.228,0.260,0.512
146200,0.238,0.251,0.511
146300,0.242,0.251,0.507
146400,0.248,0.239,0.513
146500,0.238,0.241,0.521
146600,0.242,0.239,0.519
146700,0.243,0.252,0.505
146800,0.252,0.248,0.499
146900,0.244,0.238,0.518
147000,0.242,0.241,0.517
147100,0.239,0.249,0.512
147200,0.230,0.265,0.506
147300,0.232,0.264,0.505
147400,0.239,0.263,0.498
147500,0.235,0.250,0.515
147600,0.238,0.246,0.516
147700,0.242,0.238,0.520
147800,0.243,0.246,0.511
147900,0.249,0.243,0.508
148000,0.246,0.242,0.512
148100,0.240,0.236,0.524
148200,0.244,0.240,0.516
148300,0.236,0.242,0.522
148400,0.237,0.247,0.516
148500,0.233,0.260,0.507
148600,0.223,0.269,0.509
148700,0.243,0.268,0.489
148800,0.240,0.267,0.493
148900,0.238,0.264,0.498
149000,0.232,0.263,0.506
149100,0.232,0.260,0.508
149200,0.235,0.256,0.509
149300,0.242,0.256,0.502
149400,0.245,0.251,0.504
149500,0.237,0.249,0.514
149600,0.240,0.247,0.513
149700,0.259,0.248,0.492
149800,0.254,0.251,0.494
149900,0.249,0.241,0.510
150000,0.253,0.249,0.497
150100,0.246,0.249,0.505
150200,0.237,0.263,0.501
150300,0.238,0.259,0.503
150400,0.241,0.247,0.512
150500,0.240,0.252,0.508
150600,0.243,0.248,0.509
150700,0.240,0.246,0.514
150800,0.232,0.243,0.525
150900,0.224,0.237,0.539
151000,0.242,0.228,0.530
151100,0.242,0.228,0.530
151200,0.241,0.216,0.543
151300,0.237,0.230,0.533
151400,0.225,0.236,0.539
151500,0.220,0.236,0.544
151600,0.224,0.232,0.544
151700,0.224,0.237,0.539
151800,0.222,0.242,0.536
151900,0.224,0.245,0.531
152000,0.226,0.245,0.529
152100,0.221,0.237,0.542
152200,0.229,0.232,0.539
152300,0.225,0.231,0.544
152400,0.227,0.239,0.534
152500,0.225,0.240,0.535
152600,0.222,0.244,0.534
152700,0.233,0.241,0.526
152800,0.245,0.240,0.515
152900,0.246,0.239,0.515
153000,0.234,0.244,0.522
153100,0.236,0.251,0.513
153200,0.241,0.245,0.514
153300,0.233,0.255,0.512
153400,0.231,0.258,0.511
153500,0.246,0.255,0.498
153600,0.240,0.263,0.497
153700,0.232,0.263,0.506
153800,0.232,0.250,0.518
153900,0.230,0.255,0.515
154000,0.240,0.250,0.510
154100,0.246,0.255,0.498
154200,0.252,0.253,0.494
154300,0.235,0.247,0.518
154400,0.245,0.239,0.516
154500,0.239,0.240,0.521
154600,0.222,0.248,0.530
154700,0.222,0.244,0.534
154800,0.219,0.250,0.531
154900,0.211,0.250,0.538
155000,0.221,0.247,0.532
155100,0.217,0.254,0.529
155200,0.216,0.252,0.532
155300,0.219,0.247,0.534
155400,0.234,0.243,0.523
155500,0.239,0.241,0.520
155600,0.236,0.248,0.516
155700,0.229,0.258,0.513
155800,0.224,0.264,0.513
155900,0.224,0.252,0.524
156000,0.223,0.259,0.518
156100,0.217,0.268,0.516
156200,0.217,0.264,0.520
156300,0.204,0.256,0.539
156400,0.209,0.261,0.529
156500,0.217,0.258,0.525
156600,0.225,0.263,0.513
156700,0.227,0.252,0.521
156800,0.228,0.254,0.518
156900,0.227,0.245,0.528
157000,0.234,0.246,0.520
157100,0.238,0.242,0.520
157200,0.225,0.241,0.534
157300,0.220,0.241,0.539
157400,0.210,0.243,0.546
157500,0.206,0.240,0.554
157600,0.195,0.243,0.562
157700,0.200,0.261,0.538
157800,0.213,0.249,0.537
157900,0.211,0.252,0.536
158000,0.217,0.248,0.535
158100,0.211,0.252,0.536
158200,0.205,0.261,0.533
158300,0.205,0.266,0.529
158400,0.206,0.271,0.523
158500,0.208,0.277,0.515
158600,0.206,0.270,0.524
158700,0.206,0.261,0.532
158800,0.218,0.258,0.524
158900,0.212,0.252,0.535
159000,0.218,0.253,0.529
159100,0.217,0.248,0.535
159200,0.213,0.239,0.547
159300,0.202,0.249,0.549
159400,0.206,0.248,0.545
159500,0.212,0.253,0.534
159600,0.208,0.255,0.536
159700,0.213,0.260,0.526
159800,0.220,0.261,0.519
159900,0.213,0.250,0.536
160000,0.209,0.247,0.543
160100,0.212,0.241,0.546
160200,0.231,0.238,0.531
160300,0.227,0.244,0.529
160400,0.217,0.241,0.542
160500,0.237,0.242,0.521
160600,0.236,0.236,0.528
160700,0.245,0.238,0.517
160800,0.238,0.227,0.535
160900,0.231,0.222,0.547
161000,0.231,0.230,0.539
161100,0.235,0.232,0.533
161200,0.243,0.234,0.523
161300,0.237,0.239,0.524
161400,0.247,0.230,0.523
161500,0.248,0.228,0.524
161600,0.236,0.230,0.534
161700,0.230,0.239,0.531
161800,0.241,0.251,0.508
161900,0.238,0.245,0.517
162000,0.228,0.243,0.529
162100,0.227,0.238,0.535
162200,0.226,0.242,0.532
162300,0.237,0.235,0.528
162400,0.243,0.232,0.525
162500,0.237,0.238,0.525
162600,0.231,0.247,0.522
162700,0.235,0.240,0.525
162800,0.244,0.234,0.522
162900,0.248,0.234,0.518
163000,0.243,0.232,0.525
163100,0.247,0.245,0.508
163200,0.249,0.238,0.513
163300,0.257,0.223,0.520
163400,0.261,0.226,0.513
163500,0.252,0.221,0.527
163600,0.244,0.235,0.521
163700,0.229,0.231,0.540
163800,0.247,0.247,0.506
163900,0.227,0.274,0.499
164000,0.223,0.282,0.495
164100,0.224,0.283,0.493
164200,0.230,0.282,0.488
164300,0.230,0.274,0.496
