time,n_A+p,n_B,n_AB
0,0.010,0.990,0.000
500,0.010,0.985,0.005
1000,0.020,0.961,0.019
1500,0.013,0.963,0.024
2000,0.011,0.964,0.025
2500,0.011,0.964,0.024
3000,0.020,0.951,0.029
3500,0.042,0.896,0.062
4000,0.086,0.849,0.066
4500,0.132,0.739,0.129
5000,0.167,0.705,0.128
5500,0.176,0.683,0.141
6000,0.189,0.601,0.210
6500,0.211,0.597,0.193
7000,0.210,0.569,0.221
7500,0.208,0.559,0.233
8000,0.240,0.529,0.231
8500,0.147,0.625,0.228
9000,0.186,0.571,0.243
9500,0.145,0.602,0.253
10000,0.196,0.556,0.248
10500,0.190,0.591,0.219
11000,0.245,0.513,0.242
11500,0.208,0.535,0.257
12000,0.228,0.530,0.242
12500,0.235,0.541,0.224
13000,0.315,0.462,0.223
13500,0.302,0.484,0.214
14000,0.306,0.442,0.252
14500,0.288,0.463,0.249
15000,0.312,0.385,0.303
15500,0.389,0.366,0.245
16000,0.444,0.307,0.249
16500,0.562,0.220,0.218
17000,0.541,0.247,0.211
17500,0.573,0.221,0.206
18000,0.544,0.236,0.221
18500,0.552,0.221,0.226
19000,0.541,0.246,0.213
19500,0.559,0.218,0.223
20000,0.449,0.286,0.265
20500,0.469,0.241,0.290
21000,0.529,0.200,0.271
21500,0.555,0.166,0.279
22000,0.494,0.223,0.283
22500,0.545,0.208,0.247
23000,0.503,0.269,0.228
23500,0.451,0.288,0.261
24000,0.422,0.344,0.234
24500,0.475,0.282,0.243
25000,0.484,0.293,0.223
25500,0.471,0.264,0.264
26000,0.374,0.357,0.269
26500,0.405,0.343,0.252
27000,0.433,0.296,0.271
27500,0.437,0.295,0.268
28000,0.438,0.311,0.250
28500,0.421,0.297,0.281
29000,0.460,0.289,0.251
29500,0.499,0.274,0.228
30000,0.488,0.256,0.256
30500,0.508,0.236,0.256
31000,0.527,0.267,0.206
31500,0.503,0.282,0.215
32000,0.530,0.219,0.251
32500,0.551,0.224,0.226
33000,0.561,0.197,0.243
33500,0.593,0.187,0.219
34000,0.539,0.233,0.228
34500,0.492,0.267,0.241
35000,0.452,0.266,0.282
35500,0.461,0.264,0.275
36000,0.471,0.297,0.232
36500,0.427,0.295,0.278
37000,0.345,0.383,0.272
37500,0.436,0.289,0.275
38000,0.395,0.299,0.306
38500,0.424,0.251,0.324
39000,0.454,0.271,0.275
39500,0.476,0.254,0.270
40000,0.464,0.262,0.274
40500,0.456,0.262,0.282
41000,0.446,0.296,0.258
41500,0.424,0.283,0.293
42000,0.442,0.259,0.299
42500,0.496,0.199,0.305
43000,0.399,0.347,0.254
43500,0.443,0.279,0.278
44000,0.492,0.239,0.269
44500,0.434,0.303,0.263
45000,0.527,0.221,0.252
45500,0.469,0.253,0.279
46000,0.441,0.302,0.257
46500,0.403,0.342,0.255
47000,0.403,0.317,0.280
47500,0.372,0.328,0.300
48000,0.384,0.314,0.302
48500,0.360,0.415,0.225
49000,0.334,0.392,0.274
49500,0.370,0.376,0.254
50000,0.321,0.421,0.258
50500,0.350,0.400,0.249
51000,0.433,0.293,0.274
51500,0.445,0.280,0.275
52000,0.471,0.301,0.228
52500,0.466,0.282,0.251
53000,0.432,0.293,0.275
53500,0.423,0.288,0.289
54000,0.354,0.373,0.273
54500,0.306,0.432,0.261
55000,0.373,0.349,0.278
55500,0.383,0.341,0.276
56000,0.400,0.332,0.268
56500,0.374,0.360,0.266
57000,0.417,0.291,0.292
57500,0.346,0.388,0.266
58000,0.257,0.513,0.231
58500,0.329,0.435,0.236
59000,0.308,0.455,0.236
59500,0.300,0.419,0.281
60000,0.349,0.376,0.275
60500,0.246,0.463,0.290
61000,0.281,0.455,0.264
61500,0.305,0.442,0.253
62000,0.381,0.360,0.259
62500,0.425,0.316,0.259
63000,0.502,0.231,0.267
63500,0.513,0.252,0.235
64000,0.537,0.240,0.223
64500,0.491,0.269,0.240
65000,0.519,0.249,0.232
65500,0.439,0.331,0.231
66000,0.389,0.382,0.229
66500,0.399,0.359,0.242
67000,0.410,0.348,0.242
67500,0.373,0.396,0.232
68000,0.455,0.313,0.232
68500,0.330,0.457,0.213
69000,0.289,0.478,0.233
69500,0.296,0.499,0.205
70000,0.297,0.478,0.225
70500,0.317,0.462,0.221
71000,0.317,0.435,0.249
71500,0.347,0.402,0.250
72000,0.311,0.420,0.269
72500,0.265,0.470,0.265
73000,0.288,0.489,0.223
73500,0.349,0.430,0.222
74000,0.496,0.282,0.222
74500,0.402,0.324,0.274
75000,0.434,0.335,0.231
75500,0.419,0.348,0.233
76000,0.482,0.286,0.232
76500,0.495,0.243,0.261
77000,0.495,0.261,0.244
77500,0.461,0.268,0.271
78000,0.563,0.183,0.253
78500,0.543,0.210,0.247
79000,0.516,0.235,0.249
79500,0.620,0.179,0.200
80000,0.587,0.182,0.231
80500,0.633,0.155,0.211
81000,0.660,0.159,0.181
81500,0.572,0.235,0.193
82000,0.629,0.180,0.191
82500,0.558,0.237,0.205
83000,0.584,0.214,0.202
83500,0.576,0.193,0.231
84000,0.557,0.211,0.232
84500,0.589,0.185,0.226
85000,0.651,0.147,0.203
85500,0.594,0.183,0.223
86000,0.637,0.152,0.211
86500,0.676,0.118,0.206
87000,0.736,0.074,0.190
87500,0.772,0.068,0.161
88000,0.792,0.076,0.132
88500,0.801,0.063,0.136
89000,0.795,0.061,0.145
89500,0.836,0.055,0.109
90000,0.880,0.040,0.080
90500,0.898,0.025,0.077
91000,0.902,0.024,0.075
91500,0.921,0.018,0.061
92000,0.920,0.022,0.058
92500,0.894,0.036,0.070
93000,0.898,0.034,0.069
93500,0.924,0.023,0.052
94000,0.923,0.025,0.052
94500,0.921,0.031,0.047
95000,0.933,0.018,0.049
95500,0.948,0.012,0.040
96000,0.945,0.016,0.040
96500,0.950,0.012,0.038
97000,0.956,0.010,0.034
97500,0.961,0.006,0.033
98000,0.951,0.011,0.038
98500,0.953,0.009,0.038
99000,0.965,0.010,0.024
99500,0.939,0.016,0.045
100000,0.954,0.008,0.038
100500,0.964,0.006,0.029
101000,0.963,0.006,0.031
101500,0.969,0.005,0.026
102000,0.968,0.005,0.027
102500,0.972,0.005,0.023
103000,0.978,0.005,0.017
103500,0.970,0.005,0.024
104000,0.927,0.010,0.062
104500,0.939,0.012,0.049
105000,0.945,0.013,0.042
105500,0.952,0.005,0.043
106000,0.944,0.020,0.036
106500,0.921,0.026,0.053
107000,0.853,0.059,0.088
107500,0.835,0.077,0.088
108000,0.771,0.094,0.134
108500,0.856,0.047,0.097
109000,0.799,0.093,0.109
109500,0.698,0.145,0.157
110000,0.651,0.146,0.203
110500,0.654,0.139,0.207
111000,0.674,0.108,0.218
111500,0.618,0.178,0.204
112000,0.640,0.155,0.205
112500,0.578,0.172,0.250
113000,0.641,0.144,0.214
113500,0.658,0.118,0.224
114000,0.597,0.155,0.248
114500,0.550,0.213,0.237
115000,0.467,0.269,0.263
115500,0.534,0.237,0.229
116000,0.549,0.218,0.233
116500,0.591,0.217,0.193
117000,0.561,0.236,0.204
117500,0.543,0.245,0.212
118000,0.484,0.268,0.249
118500,0.425,0.311,0.264
119000,0.394,0.317,0.289
119500,0.342,0.419,0.239
120000,0.331,0.390,0.279
120500,0.348,0.406,0.246
121000,0.431,0.325,0.243
121500,0.422,0.312,0.266
122000,0.520,0.236,0.243
122500,0.586,0.198,0.216
123000,0.656,0.157,0.187
123500,0.636,0.164,0.200
124000,0.674,0.140,0.186
124500,0.711,0.134,0.155
125000,0.676,0.151,0.172
125500,0.696,0.156,0.148
126000,0.781,0.095,0.125
126500,0.756,0.113,0.131
127000,0.691,0.147,0.162
127500,0.595,0.204,0.201
128000,0.580,0.197,0.223
128500,0.547,0.209,0.244
129000,0.502,0.264,0.234
129500,0.519,0.271,0.210
130000,0.453,0.289,0.258
130500,0.416,0.352,0.232
131000,0.385,0.383,0.232
131500,0.358,0.393,0.249
132000,0.304,0.403,0.293
132500,0.406,0.371,0.224
133000,0.406,0.321,0.273
133500,0.391,0.331,0.279
134000,0.402,0.328,0.270
134500,0.458,0.306,0.236
135000,0.457,0.309,0.234
135500,0.405,0.356,0.239
136000,0.313,0.420,0.267
136500,0.356,0.384,0.260
137000,0.417,0.324,0.259
137500,0.372,0.347,0.281
138000,0.409,0.308,0.283
138500,0.346,0.367,0.287
139000,0.386,0.295,0.319
139500,0.395,0.342,0.263
140000,0.392,0.328,0.279
140500,0.396,0.356,0.248
141000,0.341,0.389,0.270
141500,0.325,0.398,0.277
142000,0.333,0.403,0.264
142500,0.310,0.464,0.226
143000,0.330,0.424,0.246
143500,0.392,0.331,0.277
144000,0.363,0.377,0.260
144500,0.318,0.386,0.296
145000,0.330,0.368,0.302
145500,0.361,0.325,0.314
146000,0.349,0.386,0.264
146500,0.321,0.431,0.249
147000,0.334,0.399,0.267
147500,0.403,0.323,0.274
148000,0.388,0.343,0.269
148500,0.402,0.342,0.256
149000,0.419,0.320,0.261
149500,0.320,0.419,0.261
150000,0.316,0.385,0.299
150500,0.382,0.351,0.267
151000,0.354,0.350,0.296
151500,0.293,0.462,0.244
152000,0.269,0.452,0.278
152500,0.276,0.411,0.313
153000,0.288,0.417,0.295
153500,0.327,0.409,0.264
154000,0.339,0.381,0.281
154500,0.322,0.387,0.290
155000,0.344,0.400,0.256
155500,0.240,0.478,0.282
156000,0.200,0.567,0.233
156500,0.214,0.559,0.226
157000,0.258,0.524,0.217
157500,0.314,0.424,0.261
158000,0.303,0.424,0.274
158500,0.342,0.368,0.290
159000,0.371,0.354,0.275
159500,0.410,0.294,0.296
160000,0.414,0.312,0.274
160500,0.415,0.307,0.278
161000,0.448,0.271,0.282
161500,0.447,0.289,0.264
162000,0.477,0.271,0.251
162500,0.533,0.233,0.234
163000,0.478,0.302,0.220
163500,0.540,0.229,0.232
164000,0.540,0.240,0.221
164500,0.506,0.256,0.238
165000,0.478,0.272,0.249
165500,0.562,0.218,0.220
166000,0.483,0.264,0.254
166500,0.609,0.182,0.208
167000,0.562,0.225,0.213
167500,0.417,0.377,0.207
168000,0.395,0.375,0.231
168500,0.417,0.344,0.239
169000,0.486,0.274,0.240
169500,0.452,0.328,0.221
170000,0.483,0.260,0.258
170500,0.376,0.344,0.280
171000,0.438,0.300,0.262
171500,0.386,0.352,0.261
172000,0.470,0.297,0.233
172500,0.497,0.251,0.252
173000,0.568,0.222,0.211
173500,0.646,0.158,0.197
174000,0.627,0.147,0.226
174500,0.614,0.157,0.229
175000,0.627,0.155,0.218
175500,0.590,0.184,0.226
176000,0.648,0.147,0.205
176500,0.641,0.165,0.193
177000,0.651,0.143,0.206
177500,0.615,0.161,0.224
178000,0.627,0.154,0.219
178500,0.665,0.145,0.190
179000,0.650,0.147,0.204
179500,0.651,0.165,0.184
180000,0.516,0.264,0.219
180500,0.603,0.172,0.225
181000,0.576,0.217,0.208
181500,0.535,0.230,0.235
182000,0.565,0.208,0.227
182500,0.591,0.201,0.207
183000,0.675,0.151,0.174
183500,0.695,0.146,0.159
184000,0.765,0.090,0.146
184500,0.731,0.126,0.144
185000,0.667,0.148,0.185
185500,0.662,0.137,0.200
186000,0.622,0.188,0.190
186500,0.643,0.168,0.189
187000,0.573,0.193,0.235
187500,0.645,0.128,0.227
188000,0.665,0.145,0.190
188500,0.662,0.128,0.210
189000,0.679,0.123,0.198
189500,0.718,0.099,0.183
190000,0.713,0.106,0.181
190500,0.600,0.176,0.225
191000,0.510,0.248,0.242
191500,0.464,0.307,0.228
192000,0.502,0.256,0.243
192500,0.479,0.261,0.260
193000,0.517,0.228,0.255
193500,0.555,0.194,0.251
194000,0.556,0.216,0.228
194500,0.509,0.234,0.257
195000,0.519,0.259,0.222
195500,0.568,0.229,0.203
196000,0.524,0.243,0.233
196500,0.516,0.227,0.257
197000,0.567,0.198,0.235
197500,0.524,0.219,0.256
198000,0.519,0.243,0.239
198500,0.501,0.264,0.236
199000,0.533,0.250,0.218
199500,0.403,0.341,0.256
200000,0.386,0.379,0.235
200500,0.349,0.396,0.254
201000,0.391,0.387,0.222
201500,0.357,0.396,0.246
202000,0.325,0.445,0.230
202500,0.419,0.371,0.210
203000,0.428,0.339,0.233
203500,0.457,0.308,0.235
204000,0.471,0.289,0.240
204500,0.426,0.305,0.269
205000,0.384,0.326,0.290
205500,0.395,0.349,0.256
206000,0.406,0.328,0.266
206500,0.402,0.354,0.243
207000,0.400,0.353,0.247
207500,0.380,0.359,0.261
208000,0.351,0.360,0.289
208500,0.329,0.428,0.243
209000,0.375,0.377,0.247
209500,0.435,0.306,0.259
210000,0.451,0.320,0.229
210500,0.363,0.387,0.250
211000,0.393,0.372,0.235
211500,0.402,0.347,0.250
212000,0.401,0.336,0.263
212500,0.409,0.321,0.271
213000,0.432,0.320,0.249
213500,0.467,0.289,0.244
214000,0.500,0.259,0.241
214500,0.411,0.324,0.265
215000,0.310,0.446,0.244
215500,0.246,0.495,0.259
216000,0.311,0.434,0.255
216500,0.311,0.428,0.261
217000,0.298,0.465,0.237
217500,0.264,0.501,0.236
218000,0.346,0.420,0.234
218500,0.347,0.409,0.244
219000,0.289,0.440,0.271
219500,0.289,0.438,0.273
220000,0.335,0.399,0.267
220500,0.412,0.327,0.261
221000,0.463,0.300,0.236
221500,0.404,0.335,0.261
222000,0.440,0.280,0.280
222500,0.359,0.392,0.249
223000,0.297,0.413,0.289
223500,0.329,0.390,0.281
224000,0.278,0.477,0.244
224500,0.282,0.502,0.217
225000,0.335,0.439,0.226
225500,0.363,0.377,0.260
226000,0.375,0.317,0.308
226500,0.409,0.324,0.268
227000,0.439,0.297,0.264
227500,0.455,0.279,0.267
228000,0.412,0.360,0.228
228500,0.361,0.394,0.245
229000,0.356,0.381,0.263
229500,0.402,0.360,0.238
230000,0.370,0.352,0.278
230500,0.460,0.281,0.258
231000,0.452,0.293,0.256
231500,0.461,0.263,0.276
232000,0.419,0.334,0.247
232500,0.400,0.375,0.225
233000,0.394,0.358,0.248
233500,0.367,0.371,0.262
234000,0.368,0.339,0.292
234500,0.301,0.406,0.293
235000,0.264,0.476,0.260
235500,0.237,0.488,0.274
236000,0.212,0.565,0.224
236500,0.222,0.517,0.261
237000,0.270,0.483,0.247
237500,0.391,0.350,0.259
238000,0.452,0.297,0.251
238500,0.469,0.272,0.258
239000,0.459,0.308,0.233
239500,0.467,0.289,0.244
240000,0.544,0.234,0.222
240500,0.547,0.221,0.232
241000,0.365,0.394,0.241
241500,0.413,0.341,0.246
242000,0.503,0.258,0.239
242500,0.516,0.261,0.223
243000,0.488,0.259,0.253
243500,0.501,0.264,0.235
244000,0.580,0.192,0.228
244500,0.653,0.179,0.168
245000,0.678,0.141,0.180
245500,0.755,0.100,0.145
246000,0.742,0.104,0.155
246500,0.776,0.086,0.137
247000,0.739,0.101,0.161
247500,0.696,0.143,0.162
248000,0.728,0.118,0.155
248500,0.710,0.129,0.161
249000,0.717,0.119,0.165
249500,0.747,0.109,0.144
250000,0.721,0.133,0.146
250500,0.613,0.226,0.161
251000,0.660,0.182,0.158
251500,0.654,0.167,0.179
252000,0.623,0.190,0.186
252500,0.708,0.101,0.191
253000,0.705,0.127,0.167
253500,0.740,0.089,0.171
254000,0.646,0.166,0.187
254500,0.704,0.133,0.163
255000,0.707,0.104,0.189
255500,0.763,0.081,0.156
256000,0.780,0.063,0.157
256500,0.717,0.100,0.183
257000,0.747,0.091,0.162
257500,0.761,0.098,0.141
258000,0.745,0.099,0.156
258500,0.770,0.095,0.135
259000,0.715,0.115,0.170
259500,0.719,0.109,0.171
260000,0.727,0.116,0.157
260500,0.697,0.152,0.151
261000,0.695,0.141,0.164
261500,0.604,0.211,0.186
262000,0.530,0.225,0.244
262500,0.571,0.189,0.240
263000,0.603,0.190,0.207
263500,0.650,0.137,0.214
264000,0.624,0.189,0.187
264500,0.572,0.194,0.234
265000,0.584,0.189,0.227
265500,0.584,0.179,0.237
266000,0.657,0.101,0.242
266500,0.718,0.099,0.183
267000,0.714,0.098,0.189
267500,0.732,0.082,0.186
268000,0.696,0.130,0.174
268500,0.696,0.101,0.203
269000,0.765,0.080,0.154
269500,0.756,0.101,0.143
270000,0.711,0.132,0.157
270500,0.664,0.166,0.170
271000,0.691,0.133,0.176
271500,0.712,0.109,0.179
272000,0.788,0.068,0.144
272500,0.788,0.090,0.122
273000,0.740,0.109,0.151
273500,0.699,0.121,0.180
274000,0.703,0.106,0.192
274500,0.721,0.119,0.161
275000,0.757,0.091,0.153
275500,0.753,0.069,0.178
276000,0.689,0.126,0.185
276500,0.666,0.125,0.209
277000,0.647,0.137,0.216
277500,0.710,0.104,0.186
278000,0.659,0.143,0.198
278500,0.619,0.162,0.219
279000,0.683,0.141,0.176
279500,0.682,0.132,0.187
280000,0.662,0.114,0.224
280500,0.644,0.155,0.201
281000,0.672,0.134,0.194
281500,0.686,0.120,0.193
282000,0.707,0.116,0.178
282500,0.671,0.120,0.209
283000,0.677,0.168,0.155
283500,0.698,0.139,0.163
284000,0.675,0.156,0.169
284500,0.640,0.194,0.166
285000,0.681,0.157,0.162
285500,0.728,0.110,0.162
286000,0.721,0.147,0.133
286500,0.691,0.118,0.191
287000,0.720,0.127,0.153
287500,0.698,0.155,0.147
288000,0.666,0.170,0.164
288500,0.565,0.234,0.201
289000,0.597,0.177,0.226
289500,0.634,0.166,0.200
290000,0.668,0.150,0.182
290500,0.631,0.159,0.210
291000,0.609,0.173,0.218
291500,0.602,0.154,0.243
292000,0.653,0.135,0.212
292500,0.603,0.175,0.222
293000,0.568,0.216,0.217
293500,0.564,0.249,0.187
294000,0.536,0.242,0.223
294500,0.484,0.282,0.234
295000,0.529,0.229,0.243
295500,0.467,0.302,0.231
296000,0.406,0.315,0.279
296500,0.461,0.290,0.249
297000,0.436,0.290,0.274
297500,0.478,0.261,0.260
298000,0.434,0.291,0.275
298500,0.437,0.304,0.258
299000,0.356,0.402,0.242
299500,0.434,0.296,0.270
300000,0.452,0.273,0.275
300500,0.489,0.246,0.265
301000,0.421,0.315,0.264
301500,0.487,0.261,0.252
302000,0.541,0.226,0.233
302500,0.487,0.272,0.240
303000,0.449,0.356,0.195
303500,0.372,0.395,0.233
304000,0.279,0.466,0.255
304500,0.315,0.458,0.226
305000,0.317,0.389,0.295
305500,0.295,0.416,0.289
306000,0.305,0.423,0.272
306500,0.274,0.447,0.279
307000,0.258,0.505,0.236
307500,0.290,0.431,0.279
308000,0.286,0.455,0.258
308500,0.244,0.512,0.244
309000,0.262,0.487,0.251
309500,0.338,0.425,0.237
310000,0.380,0.328,0.293
310500,0.363,0.328,0.308
311000,0.409,0.310,0.282
311500,0.373,0.349,0.279
312000,0.348,0.374,0.278
312500,0.342,0.361,0.296
313000,0.405,0.332,0.263
313500,0.463,0.277,0.260
314000,0.453,0.263,0.283
314500,0.424,0.307,0.269
315000,0.464,0.249,0.288
315500,0.455,0.303,0.243
316000,0.399,0.309,0.292
316500,0.382,0.367,0.251
317000,0.415,0.315,0.269
317500,0.429,0.308,0.263
318000,0.418,0.336,0.246
318500,0.398,0.346,0.256
319000,0.368,0.361,0.271
319500,0.352,0.334,0.314
320000,0.325,0.398,0.277
320500,0.313,0.376,0.311
321000,0.279,0.437,0.285
321500,0.311,0.435,0.253
322000,0.347,0.411,0.242
322500,0.271,0.462,0.268
323000,0.359,0.390,0.251
323500,0.335,0.394,0.271
324000,0.272,0.481,0.247
324500,0.314,0.446,0.239
325000,0.292,0.440,0.268
325500,0.333,0.403,0.264
326000,0.302,0.444,0.254
326500,0.306,0.432,0.261
327000,0.361,0.392,0.246
327500,0.322,0.434,0.244
328000,0.345,0.409,0.247
328500,0.350,0.376,0.274
329000,0.360,0.389,0.251
329500,0.403,0.346,0.251
330000,0.363,0.354,0.283
330500,0.426,0.302,0.272
331000,0.414,0.303,0.283
331500,0.448,0.295,0.257
332000,0.411,0.332,0.257
332500,0.419,0.324,0.257
333000,0.508,0.255,0.237
333500,0.545,0.220,0.235
334000,0.513,0.278,0.210
334500,0.470,0.271,0.259
335000,0.542,0.212,0.246
335500,0.512,0.253,0.236
336000,0.486,0.236,0.278
336500,0.485,0.270,0.244
337000,0.416,0.306,0.278
337500,0.391,0.352,0.257
338000,0.427,0.311,0.261
338500,0.492,0.233,0.274
339000,0.529,0.251,0.221
339500,0.527,0.200,0.273
340000,0.542,0.203,0.255
340500,0.525,0.231,0.244
341000,0.518,0.205,0.276
341500,0.469,0.265,0.267
342000,0.496,0.257,0.247
342500,0.436,0.311,0.253
343000,0.400,0.322,0.278
343500,0.412,0.332,0.256
344000,0.467,0.271,0.262
344500,0.430,0.302,0.268
345000,0.469,0.252,0.279
345500,0.502,0.250,0.248
346000,0.506,0.254,0.239
346500,0.474,0.285,0.242
347000,0.462,0.292,0.247
347500,0.449,0.292,0.259
348000,0.421,0.327,0.252
348500,0.420,0.327,0.254
349000,0.462,0.251,0.286
349500,0.456,0.267,0.277
350000,0.559,0.197,0.244
350500,0.541,0.221,0.238
351000,0.524,0.243,0.233
351500,0.536,0.224,0.240
352000,0.529,0.232,0.240
352500,0.540,0.218,0.242
353000,0.527,0.194,0.278
353500,0.540,0.204,0.257
354000,0.583,0.172,0.246
354500,0.532,0.217,0.251
355000,0.507,0.282,0.211
355500,0.516,0.261,0.223
356000,0.600,0.176,0.224
356500,0.598,0.212,0.190
357000,0.669,0.127,0.203
357500,0.643,0.150,0.207
358000,0.634,0.145,0.221
358500,0.601,0.191,0.208
359000,0.707,0.108,0.185
359500,0.708,0.121,0.171
360000,0.694,0.126,0.180
360500,0.665,0.143,0.192
361000,0.686,0.119,0.196
361500,0.583,0.212,0.205
362000,0.629,0.157,0.214
362500,0.683,0.124,0.193
363000,0.690,0.090,0.220
363500,0.787,0.066,0.147
364000,0.777,0.070,0.153
364500,0.793,0.070,0.136
365000,0.816,0.055,0.129
365500,0.731,0.105,0.164
366000,0.783,0.075,0.142
366500,0.761,0.105,0.133
367000,0.744,0.101,0.155
367500,0.703,0.137,0.159
368000,0.722,0.083,0.195
368500,0.685,0.155,0.160
369000,0.714,0.151,0.135
369500,0.706,0.150,0.144
370000,0.718,0.120,0.162
370500,0.756,0.091,0.154
371000,0.678,0.128,0.194
371500,0.559,0.215,0.226
372000,0.564,0.216,0.220
372500,0.504,0.246,0.250
373000,0.568,0.234,0.198
373500,0.545,0.225,0.230
374000,0.456,0.322,0.222
374500,0.536,0.242,0.222
375000,0.524,0.232,0.244
375500,0.513,0.250,0.237
376000,0.523,0.250,0.227
376500,0.491,0.217,0.292
377000,0.517,0.237,0.246
377500,0.528,0.185,0.288
378000,0.573,0.236,0.191
378500,0.570,0.206,0.224
379000,0.581,0.190,0.228
379500,0.626,0.156,0.218
380000,0.565,0.203,0.232
380500,0.565,0.194,0.241
381000,0.633,0.171,0.196
381500,0.564,0.217,0.219
382000,0.579,0.224,0.197
382500,0.535,0.229,0.236
383000,0.506,0.236,0.258
383500,0.492,0.259,0.249
384000,0.530,0.198,0.272
384500,0.524,0.212,0.264
385000,0.572,0.198,0.230
385500,0.526,0.204,0.271
386000,0.576,0.194,0.230
386500,0.579,0.183,0.238
387000,0.575,0.203,0.223
387500,0.506,0.293,0.201
388000,0.456,0.288,0.256
388500,0.441,0.320,0.240
389000,0.328,0.382,0.290
389500,0.391,0.315,0.294
390000,0.384,0.353,0.263
390500,0.365,0.385,0.250
391000,0.431,0.311,0.258
391500,0.381,0.369,0.250
392000,0.416,0.310,0.274
392500,0.517,0.249,0.235
393000,0.477,0.252,0.271
393500,0.370,0.341,0.289
394000,0.330,0.386,0.284
394500,0.325,0.444,0.231
395000,0.324,0.410,0.266
395500,0.310,0.409,0.281
396000,0.347,0.427,0.225
396500,0.359,0.377,0.265
397000,0.336,0.406,0.258
397500,0.302,0.459,0.239
398000,0.254,0.522,0.224
398500,0.338,0.402,0.260
399000,0.398,0.329,0.273
399500,0.391,0.314,0.296
400000,0.473,0.258,0.268
400500,0.492,0.246,0.262
401000,0.562,0.210,0.228
401500,0.540,0.224,0.237
402000,0.625,0.158,0.217
402500,0.653,0.141,0.207
403000,0.722,0.097,0.181
403500,0.776,0.066,0.158
404000,0.778,0.061,0.161
404500,0.799,0.079,0.123
405000,0.843,0.042,0.115
405500,0.760,0.080,0.161
406000,0.815,0.045,0.140
406500,0.863,0.037,0.100
407000,0.849,0.041,0.110
407500,0.832,0.059,0.109
408000,0.835,0.054,0.111
408500,0.802,0.073,0.126
409000,0.749,0.080,0.171
409500,0.714,0.114,0.172
410000,0.766,0.084,0.150
410500,0.747,0.105,0.148
411000,0.773,0.079,0.148
411500,0.774,0.093,0.134
412000,0.743,0.107,0.150
412500,0.763,0.078,0.159
413000,0.724,0.086,0.190
413500,0.693,0.125,0.182
414000,0.598,0.169,0.233
414500,0.549,0.199,0.251
415000,0.540,0.239,0.221
415500,0.490,0.290,0.219
416000,0.464,0.318,0.218
416500,0.455,0.278,0.267
417000,0.520,0.251,0.228
417500,0.464,0.284,0.251
418000,0.457,0.272,0.271
418500,0.392,0.343,0.265
419000,0.460,0.308,0.232
419500,0.501,0.290,0.208
420000,0.515,0.251,0.235
420500,0.517,0.246,0.237
421000,0.530,0.231,0.239
421500,0.448,0.279,0.273
422000,0.402,0.343,0.254
422500,0.450,0.298,0.252
423000,0.476,0.278,0.246
423500,0.484,0.246,0.271
424000,0.442,0.264,0.293
424500,0.485,0.297,0.218
425000,0.522,0.235,0.243
425500,0.447,0.308,0.244
426000,0.556,0.243,0.201
426500,0.559,0.196,0.245
427000,0.571,0.215,0.214
427500,0.586,0.191,0.223
428000,0.532,0.217,0.251
428500,0.521,0.243,0.236
429000,0.471,0.275,0.254
429500,0.513,0.221,0.266
430000,0.513,0.227,0.260
430500,0.575,0.213,0.212
431000,0.530,0.259,0.211
431500,0.436,0.360,0.204
432000,0.445,0.327,0.229
432500,0.445,0.320,0.235
433000,0.392,0.376,0.232
433500,0.472,0.289,0.239
434000,0.446,0.291,0.263
434500,0.428,0.315,0.256
435000,0.458,0.278,0.265
435500,0.479,0.242,0.279
436000,0.519,0.247,0.234
436500,0.432,0.333,0.235
437000,0.417,0.321,0.261
437500,0.387,0.369,0.244
438000,0.417,0.334,0.249
438500,0.301,0.439,0.260
439000,0.257,0.491,0.253
439500,0.250,0.509,0.241
440000,0.290,0.446,0.264
440500,0.300,0.446,0.254
441000,0.306,0.459,0.235
441500,0.307,0.429,0.264
442000,0.249,0.488,0.263
442500,0.321,0.445,0.235
443000,0.318,0.403,0.278
443500,0.334,0.380,0.286
444000,0.305,0.394,0.301
444500,0.405,0.334,0.261
445000,0.415,0.360,0.225
445500,0.376,0.360,0.264
446000,0.385,0.346,0.269
446500,0.345,0.385,0.270
447000,0.384,0.366,0.250
447500,0.282,0.413,0.306
448000,0.391,0.321,0.289
448500,0.402,0.338,0.261
449000,0.398,0.302,0.300
449500,0.453,0.275,0.272
450000,0.509,0.244,0.247
450500,0.545,0.225,0.230
451000,0.539,0.211,0.250
451500,0.578,0.210,0.212
452000,0.547,0.202,0.251
452500,0.547,0.218,0.235
453000,0.547,0.233,0.221
453500,0.477,0.308,0.215
454000,0.428,0.331,0.242
454500,0.389,0.373,0.238
455000,0.334,0.401,0.265
455500,0.372,0.361,0.267
456000,0.442,0.303,0.256
456500,0.391,0.355,0.254
457000,0.385,0.350,0.265
457500,0.329,0.390,0.281
458000,0.319,0.393,0.288
458500,0.313,0.421,0.266
459000,0.400,0.335,0.265
459500,0.449,0.304,0.247
460000,0.407,0.381,0.211
460500,0.431,0.349,0.220
461000,0.495,0.256,0.249
461500,0.489,0.278,0.233
462000,0.405,0.352,0.243
462500,0.391,0.360,0.249
463000,0.446,0.288,0.267
463500,0.391,0.348,0.261
464000,0.453,0.278,0.269
464500,0.469,0.260,0.271
465000,0.451,0.282,0.267
465500,0.483,0.271,0.246
466000,0.583,0.192,0.225
466500,0.538,0.220,0.242
467000,0.549,0.229,0.221
467500,0.601,0.165,0.234
468000,0.593,0.177,0.230
468500,0.623,0.177,0.200
469000,0.503,0.249,0.247
469500,0.410,0.339,0.251
470000,0.439,0.295,0.266
470500,0.487,0.268,0.246
471000,0.490,0.258,0.252
471500,0.459,0.268,0.272
472000,0.481,0.275,0.244
472500,0.460,0.311,0.228
473000,0.439,0.295,0.267
473500,0.471,0.313,0.215
474000,0.491,0.288,0.221
474500,0.368,0.355,0.276
475000,0.379,0.329,0.292
475500,0.349,0.392,0.260
476000,0.366,0.409,0.225
476500,0.360,0.390,0.250
477000,0.413,0.336,0.250
477500,0.386,0.370,0.244
478000,0.406,0.369,0.225
478500,0.446,0.331,0.223
479000,0.361,0.414,0.225
479500,0.336,0.416,0.248
480000,0.405,0.371,0.224
480500,0.517,0.278,0.205
481000,0.475,0.286,0.239
481500,0.439,0.327,0.235
482000,0.450,0.314,0.236
482500,0.364,0.383,0.253
483000,0.378,0.385,0.237
483500,0.346,0.434,0.220
484000,0.331,0.420,0.249
484500,0.380,0.354,0.266
485000,0.363,0.379,0.258
485500,0.352,0.387,0.261
486000,0.311,0.394,0.295
486500,0.330,0.378,0.292
487000,0.268,0.471,0.261
487500,0.306,0.416,0.278
488000,0.279,0.453,0.268
488500,0.232,0.510,0.258
489000,0.308,0.454,0.237
489500,0.283,0.455,0.261
490000,0.257,0.522,0.221
490500,0.187,0.568,0.245
491000,0.217,0.524,0.259
491500,0.246,0.536,0.218
492000,0.258,0.541,0.201
492500,0.273,0.466,0.261
493000,0.277,0.474,0.249
493500,0.231,0.526,0.243
494000,0.228,0.480,0.292
494500,0.194,0.557,0.249
495000,0.258,0.470,0.272
495500,0.236,0.486,0.278
496000,0.326,0.434,0.240
496500,0.320,0.416,0.264
497000,0.341,0.400,0.260
497500,0.434,0.342,0.225
498000,0.352,0.407,0.242
498500,0.264,0.464,0.272
499000,0.279,0.425,0.295
499500,0.293,0.428,0.279
500000,0.324,0.428,0.248
500500,0.349,0.371,0.280
501000,0.396,0.349,0.256
501500,0.308,0.403,0.289
502000,0.357,0.381,0.262
502500,0.413,0.303,0.284
503000,0.476,0.273,0.251
503500,0.519,0.264,0.217
504000,0.452,0.295,0.253
504500,0.381,0.370,0.249
505000,0.352,0.358,0.290
505500,0.368,0.352,0.281
506000,0.385,0.375,0.240
506500,0.385,0.339,0.276
507000,0.391,0.377,0.233
507500,0.405,0.353,0.242
508000,0.368,0.365,0.267
508500,0.363,0.378,0.259
509000,0.335,0.413,0.252
509500,0.332,0.391,0.277
510000,0.357,0.407,0.236
510500,0.363,0.344,0.293
511000,0.370,0.333,0.297
511500,0.343,0.346,0.311
512000,0.335,0.410,0.255
512500,0.407,0.335,0.258
513000,0.446,0.280,0.274
513500,0.503,0.208,0.289
514000,0.454,0.278,0.268
514500,0.538,0.237,0.225
515000,0.518,0.215,0.267
515500,0.530,0.244,0.225
516000,0.516,0.256,0.228
516500,0.473,0.257,0.270
517000,0.457,0.252,0.291
517500,0.488,0.249,0.263
518000,0.522,0.237,0.242
518500,0.537,0.241,0.222
519000,0.373,0.378,0.250
519500,0.393,0.367,0.240
520000,0.409,0.353,0.237
520500,0.378,0.358,0.264
521000,0.327,0.395,0.278
521500,0.288,0.477,0.235
522000,0.273,0.445,0.282
522500,0.264,0.493,0.243
523000,0.338,0.405,0.257
523500,0.343,0.353,0.304
524000,0.279,0.409,0.312
524500,0.267,0.458,0.275
525000,0.263,0.487,0.251
525500,0.302,0.430,0.268
526000,0.370,0.378,0.252
526500,0.367,0.365,0.268
527000,0.393,0.328,0.279
527500,0.349,0.378,0.273
528000,0.380,0.333,0.287
528500,0.378,0.368,0.254
529000,0.370,0.389,0.241
529500,0.420,0.339,0.241
530000,0.368,0.386,0.245
530500,0.341,0.433,0.226
531000,0.359,0.396,0.246
531500,0.334,0.410,0.256
532000,0.274,0.486,0.240
532500,0.225,0.486,0.289
533000,0.253,0.495,0.252
533500,0.247,0.517,0.236
534000,0.258,0.499,0.243
534500,0.256,0.434,0.310
535000,0.255,0.444,0.302
535500,0.308,0.428,0.264
536000,0.314,0.417,0.269
536500,0.240,0.498,0.262
537000,0.239,0.516,0.246
537500,0.269,0.496,0.235
538000,0.256,0.527,0.218
538500,0.242,0.537,0.222
539000,0.235,0.540,0.225
539500,0.257,0.541,0.202
540000,0.214,0.558,0.228
540500,0.207,0.577,0.217
541000,0.286,0.462,0.252
541500,0.355,0.415,0.230
542000,0.387,0.377,0.236
542500,0.366,0.396,0.238
543000,0.349,0.373,0.278
543500,0.355,0.381,0.264
544000,0.406,0.340,0.254
544500,0.388,0.347,0.264
545000,0.438,0.290,0.272
545500,0.409,0.334,0.258
546000,0.482,0.286,0.232
546500,0.483,0.281,0.236
547000,0.497,0.290,0.214
547500,0.412,0.346,0.243
548000,0.497,0.233,0.270
548500,0.470,0.271,0.260
549000,0.555,0.205,0.240
549500,0.568,0.189,0.243
550000,0.488,0.233,0.279
550500,0.523,0.224,0.254
551000,0.499,0.274,0.228
551500,0.416,0.314,0.270
552000,0.466,0.272,0.262
552500,0.470,0.304,0.226
553000,0.514,0.235,0.251
553500,0.542,0.198,0.260
554000,0.533,0.212,0.254
554500,0.607,0.150,0.243
555000,0.572,0.173,0.255
555500,0.556,0.203,0.242
556000,0.529,0.245,0.226
556500,0.599,0.194,0.207
557000,0.554,0.237,0.209
557500,0.515,0.201,0.284
558000,0.489,0.248,0.263
558500,0.516,0.247,0.237
559000,0.463,0.257,0.280
559500,0.482,0.253,0.265
560000,0.416,0.292,0.292
560500,0.445,0.257,0.298
561000,0.333,0.400,0.267
561500,0.301,0.432,0.267
562000,0.310,0.425,0.265
562500,0.378,0.383,0.239
563000,0.347,0.418,0.235
563500,0.392,0.335,0.272
564000,0.400,0.332,0.268
564500,0.412,0.363,0.226
565000,0.346,0.383,0.271
565500,0.445,0.310,0.245
566000,0.407,0.344,0.249
566500,0.384,0.330,0.286
567000,0.412,0.331,0.257
567500,0.447,0.308,0.244
568000,0.498,0.237,0.264
568500,0.417,0.306,0.277
569000,0.410,0.314,0.276
569500,0.434,0.300,0.267
570000,0.419,0.308,0.273
570500,0.479,0.272,0.249
571000,0.442,0.278,0.280
571500,0.455,0.293,0.253
572000,0.414,0.301,0.285
572500,0.460,0.263,0.278
573000,0.424,0.316,0.260
573500,0.401,0.361,0.238
574000,0.382,0.350,0.267
574500,0.368,0.376,0.256
575000,0.368,0.393,0.239
575500,0.388,0.346,0.266
576000,0.410,0.291,0.299
576500,0.477,0.244,0.279
577000,0.545,0.210,0.244
577500,0.527,0.219,0.254
578000,0.412,0.327,0.262
578500,0.419,0.315,0.266
579000,0.421,0.297,0.281
579500,0.419,0.309,0.272
580000,0.371,0.388,0.242
580500,0.397,0.318,0.285
581000,0.407,0.322,0.271
581500,0.478,0.288,0.234
582000,0.505,0.278,0.217
582500,0.481,0.283,0.235
583000,0.455,0.278,0.267
583500,0.401,0.310,0.289
584000,0.425,0.315,0.260
584500,0.439,0.328,0.233
585000,0.439,0.340,0.221
585500,0.470,0.315,0.214
586000,0.492,0.286,0.222
586500,0.448,0.297,0.255
587000,0.462,0.288,0.251
587500,0.434,0.307,0.260
588000,0.441,0.299,0.261
588500,0.405,0.321,0.275
589000,0.449,0.299,0.253
589500,0.525,0.240,0.235
590000,0.604,0.174,0.222
590500,0.563,0.214,0.224
591000,0.541,0.247,0.212
591500,0.558,0.246,0.196
592000,0.590,0.183,0.227
592500,0.602,0.211,0.187
593000,0.600,0.205,0.195
593500,0.644,0.176,0.180
594000,0.627,0.175,0.198
594500,0.592,0.196,0.212
595000,0.588,0.190,0.221
595500,0.544,0.225,0.232
596000,0.536,0.219,0.244
596500,0.501,0.279,0.220
597000,0.447,0.322,0.231
597500,0.416,0.372,0.212
598000,0.521,0.267,0.212
598500,0.559,0.231,0.210
599000,0.506,0.267,0.227
599500,0.452,0.317,0.231
600000,0.469,0.303,0.228
600500,0.496,0.323,0.181
601000,0.477,0.337,0.186
601500,0.510,0.282,0.208
602000,0.505,0.257,0.237
602500,0.490,0.282,0.228
603000,0.513,0.239,0.249
603500,0.457,0.285,0.258
604000,0.471,0.252,0.277
604500,0.454,0.306,0.240
605000,0.416,0.327,0.257
605500,0.488,0.239,0.273
606000,0.480,0.272,0.248
606500,0.430,0.312,0.258
607000,0.429,0.290,0.281
607500,0.437,0.321,0.242
608000,0.466,0.279,0.255
608500,0.416,0.329,0.254
609000,0.416,0.327,0.257
609500,0.426,0.353,0.221
610000,0.439,0.336,0.225
610500,0.341,0.427,0.232
611000,0.325,0.431,0.244
611500,0.381,0.399,0.220
612000,0.427,0.355,0.218
612500,0.330,0.405,0.265
613000,0.349,0.427,0.225
613500,0.418,0.367,0.215
614000,0.501,0.274,0.225
614500,0.522,0.238,0.240
615000,0.522,0.222,0.256
615500,0.623,0.149,0.228
616000,0.647,0.139,0.214
616500,0.682,0.143,0.175
617000,0.691,0.139,0.170
617500,0.710,0.121,0.169
618000,0.774,0.097,0.129
618500,0.767,0.095,0.138
619000,0.719,0.130,0.150
619500,0.693,0.112,0.194
620000,0.647,0.156,0.197
620500,0.610,0.180,0.210
621000,0.675,0.134,0.190
621500,0.619,0.186,0.194
622000,0.580,0.201,0.219
622500,0.625,0.160,0.215
623000,0.668,0.123,0.208
623500,0.577,0.208,0.214
624000,0.459,0.310,0.231
624500,0.441,0.283,0.276
625000,0.427,0.309,0.264
625500,0.336,0.383,0.281
626000,0.352,0.334,0.314
626500,0.400,0.348,0.251
627000,0.351,0.404,0.245
627500,0.305,0.437,0.258
628000,0.318,0.424,0.258
628500,0.339,0.436,0.225
629000,0.361,0.384,0.256
629500,0.420,0.328,0.252
630000,0.386,0.337,0.276
630500,0.332,0.395,0.273
631000,0.321,0.435,0.244
631500,0.335,0.381,0.284
632000,0.335,0.408,0.257
632500,0.315,0.420,0.265
633000,0.296,0.428,0.276
633500,0.307,0.363,0.331
634000,0.325,0.403,0.272
634500,0.302,0.403,0.296
635000,0.356,0.361,0.282
635500,0.366,0.371,0.263
636000,0.338,0.381,0.281
636500,0.329,0.426,0.245
637000,0.353,0.407,0.240
637500,0.330,0.399,0.271
638000,0.417,0.346,0.237
638500,0.533,0.233,0.234
639000,0.498,0.231,0.271
639500,0.489,0.223,0.288
640000,0.504,0.212,0.283
640500,0.582,0.171,0.247
641000,0.636,0.159,0.205
641500,0.661,0.132,0.208
642000,0.690,0.132,0.178
642500,0.648,0.152,0.200
643000,0.620,0.158,0.222
643500,0.678,0.144,0.178
644000,0.651,0.160,0.189
644500,0.626,0.177,0.197
645000,0.707,0.126,0.168
645500,0.750,0.101,0.148
646000,0.742,0.105,0.153
646500,0.673,0.121,0.205
647000,0.711,0.108,0.181
647500,0.712,0.119,0.169
648000,0.746,0.104,0.150
648500,0.749,0.105,0.146
649000,0.772,0.106,0.122
649500,0.745,0.131,0.124
650000,0.818,0.063,0.118
650500,0.782,0.080,0.138
651000,0.792,0.080,0.128
651500,0.640,0.204,0.156
652000,0.629,0.171,0.200
652500,0.668,0.136,0.197
653000,0.694,0.140,0.166
653500,0.644,0.164,0.192
654000,0.655,0.166,0.179
654500,0.717,0.116,0.167
655000,0.681,0.156,0.163
655500,0.756,0.089,0.155
656000,0.795,0.068,0.137
656500,0.754,0.099,0.147
657000,0.771,0.092,0.137
657500,0.730,0.125,0.145
658000,0.754,0.118,0.127
658500,0.721,0.133,0.146
659000,0.776,0.098,0.126
659500,0.790,0.070,0.140
660000,0.712,0.139,0.148
660500,0.661,0.172,0.166
661000,0.630,0.204,0.165
661500,0.605,0.190,0.205
662000,0.513,0.232,0.255
662500,0.533,0.234,0.233
663000,0.469,0.299,0.232
663500,0.544,0.229,0.228
664000,0.498,0.281,0.221
664500,0.529,0.244,0.227
665000,0.550,0.193,0.257
665500,0.480,0.275,0.245
666000,0.458,0.275,0.267
666500,0.416,0.324,0.261
667000,0.524,0.254,0.222
667500,0.505,0.221,0.274
668000,0.531,0.203,0.267
668500,0.492,0.266,0.242
669000,0.402,0.353,0.246
669500,0.421,0.300,0.279
670000,0.467,0.288,0.245
670500,0.425,0.343,0.232
671000,0.451,0.304,0.246
671500,0.468,0.269,0.263
672000,0.581,0.180,0.239
672500,0.499,0.255,0.246
673000,0.541,0.211,0.248
673500,0.536,0.214,0.251
674000,0.529,0.232,0.240
674500,0.593,0.167,0.240
675000,0.619,0.113,0.268
675500,0.577,0.166,0.257
676000,0.655,0.129,0.216
676500,0.609,0.194,0.197
677000,0.622,0.185,0.193
677500,0.586,0.224,0.190
678000,0.616,0.171,0.213
678500,0.584,0.194,0.222
679000,0.584,0.185,0.231
679500,0.569,0.194,0.237
680000,0.574,0.190,0.236
680500,0.612,0.166,0.222
681000,0.600,0.180,0.219
681500,0.608,0.151,0.241
682000,0.695,0.120,0.185
682500,0.717,0.099,0.184
683000,0.753,0.080,0.167
683500,0.761,0.075,0.164
684000,0.693,0.122,0.186
684500,0.665,0.149,0.186
685000,0.612,0.187,0.201
685500,0.562,0.233,0.204
686000,0.462,0.276,0.261
686500,0.467,0.270,0.263
687000,0.547,0.203,0.250
687500,0.533,0.235,0.232
688000,0.572,0.169,0.259
688500,0.613,0.158,0.229
689000,0.563,0.192,0.246
689500,0.536,0.218,0.246
690000,0.479,0.278,0.243
690500,0.407,0.328,0.264
691000,0.360,0.356,0.283
691500,0.389,0.347,0.264
692000,0.384,0.360,0.257
692500,0.349,0.391,0.260
693000,0.367,0.365,0.268
693500,0.286,0.463,0.251
694000,0.307,0.416,0.278
694500,0.400,0.350,0.250
695000,0.442,0.304,0.254
695500,0.432,0.343,0.225
696000,0.459,0.324,0.217
696500,0.438,0.353,0.209
697000,0.485,0.300,0.214
697500,0.463,0.252,0.285
698000,0.499,0.254,0.247
698500,0.522,0.221,0.257
699000,0.551,0.194,0.255
699500,0.577,0.198,0.225
700000,0.565,0.174,0.261
700500,0.562,0.198,0.240
701000,0.499,0.258,0.243
701500,0.519,0.247,0.234
702000,0.511,0.251,0.238
702500,0.524,0.250,0.226
703000,0.447,0.282,0.271
703500,0.487,0.250,0.264
704000,0.597,0.189,0.214
704500,0.601,0.166,0.233
705000,0.536,0.214,0.250
705500,0.606,0.154,0.240
706000,0.513,0.219,0.268
706500,0.506,0.213,0.281
707000,0.527,0.212,0.261
707500,0.563,0.198,0.238
708000,0.529,0.210,0.261
708500,0.563,0.176,0.261
709000,0.642,0.153,0.205
709500,0.604,0.171,0.225
710000,0.678,0.129,0.194
710500,0.721,0.104,0.175
711000,0.725,0.115,0.161
711500,0.677,0.111,0.212
712000,0.694,0.120,0.186
712500,0.634,0.136,0.230
713000,0.639,0.139,0.223
713500,0.640,0.140,0.221
714000,0.597,0.175,0.228
714500,0.557,0.222,0.221
715000,0.641,0.173,0.185
715500,0.611,0.198,0.192
716000,0.583,0.182,0.236
716500,0.523,0.233,0.244
717000,0.605,0.176,0.219
717500,0.612,0.172,0.217
718000,0.561,0.187,0.252
718500,0.526,0.208,0.266
719000,0.593,0.177,0.230
719500,0.579,0.189,0.232
720000,0.645,0.157,0.198
720500,0.627,0.148,0.224
721000,0.601,0.146,0.253
721500,0.554,0.197,0.250
722000,0.483,0.245,0.272
722500,0.455,0.257,0.288
723000,0.545,0.184,0.271
723500,0.502,0.235,0.263
724000,0.562,0.208,0.230
724500,0.627,0.175,0.198
725000,0.610,0.189,0.201
725500,0.614,0.175,0.211
726000,0.575,0.210,0.215
726500,0.562,0.207,0.231
727000,0.567,0.187,0.246
727500,0.604,0.192,0.205
728000,0.633,0.184,0.183
728500,0.676,0.158,0.166
729000,0.709,0.132,0.159
729500,0.764,0.098,0.139
730000,0.717,0.115,0.168
730500,0.698,0.124,0.178
731000,0.705,0.120,0.174
731500,0.734,0.110,0.156
732000,0.696,0.126,0.178
732500,0.718,0.110,0.172
733000,0.693,0.143,0.165
733500,0.712,0.112,0.176
734000,0.683,0.133,0.184
734500,0.593,0.167,0.240
735000,0.611,0.151,0.238
735500,0.609,0.141,0.250
736000,0.602,0.159,0.238
736500,0.665,0.131,0.204
737000,0.605,0.178,0.217
737500,0.634,0.174,0.192
738000,0.639,0.135,0.226
738500,0.617,0.159,0.224
739000,0.624,0.177,0.199
739500,0.580,0.189,0.231
740000,0.531,0.229,0.240
740500,0.580,0.196,0.224
741000,0.518,0.245,0.237
741500,0.451,0.299,0.251
742000,0.556,0.222,0.222
742500,0.497,0.251,0.252
743000,0.437,0.307,0.256
743500,0.423,0.330,0.247
744000,0.373,0.329,0.298
744500,0.416,0.314,0.271
745000,0.413,0.309,0.278
745500,0.419,0.348,0.233
746000,0.371,0.389,0.239
746500,0.449,0.286,0.265
747000,0.528,0.240,0.232
747500,0.442,0.277,0.281
748000,0.432,0.310,0.258
748500,0.501,0.240,0.260
749000,0.590,0.178,0.232
749500,0.565,0.187,0.248
750000,0.537,0.210,0.254
750500,0.604,0.158,0.237
751000,0.655,0.145,0.200
751500,0.681,0.134,0.185
752000,0.731,0.098,0.172
752500,0.721,0.126,0.154
753000,0.764,0.089,0.147
753500,0.796,0.101,0.103
754000,0.813,0.088,0.099
754500,0.735,0.133,0.132
755000,0.763,0.113,0.125
755500,0.619,0.210,0.171
756000,0.611,0.185,0.204
756500,0.613,0.191,0.196
757000,0.585,0.208,0.207
757500,0.549,0.244,0.207
758000,0.518,0.294,0.188
758500,0.493,0.290,0.217
759000,0.506,0.260,0.233
759500,0.618,0.165,0.217
760000,0.577,0.220,0.203
760500,0.584,0.201,0.215
761000,0.576,0.222,0.201
761500,0.456,0.301,0.243
762000,0.400,0.347,0.252
762500,0.450,0.291,0.259
763000,0.453,0.313,0.235
763500,0.400,0.355,0.245
764000,0.419,0.323,0.258
764500,0.404,0.321,0.275
765000,0.415,0.314,0.271
765500,0.421,0.310,0.269
766000,0.450,0.303,0.247
766500,0.453,0.314,0.232
767000,0.486,0.289,0.225
767500,0.420,0.336,0.244
768000,0.438,0.319,0.243
768500,0.437,0.341,0.223
769000,0.432,0.293,0.275
769500,0.533,0.221,0.246
770000,0.520,0.241,0.239
770500,0.478,0.276,0.246
771000,0.453,0.298,0.249
771500,0.473,0.258,0.269
772000,0.518,0.200,0.282
772500,0.488,0.239,0.273
773000,0.510,0.241,0.249
773500,0.470,0.268,0.261
774000,0.402,0.318,0.281
774500,0.373,0.339,0.289
775000,0.411,0.323,0.266
775500,0.505,0.278,0.217
776000,0.555,0.222,0.224
776500,0.585,0.190,0.225
777000,0.524,0.260,0.216
777500,0.549,0.240,0.211
778000,0.551,0.211,0.237
778500,0.552,0.218,0.229
779000,0.552,0.219,0.228
779500,0.583,0.238,0.179
780000,0.517,0.236,0.246
780500,0.485,0.251,0.264
781000,0.446,0.304,0.250
781500,0.425,0.312,0.263
782000,0.444,0.289,0.267
782500,0.444,0.262,0.294
783000,0.452,0.305,0.243
783500,0.466,0.267,0.267
784000,0.491,0.256,0.253
784500,0.413,0.315,0.272
785000,0.413,0.350,0.237
785500,0.384,0.388,0.228
786000,0.334,0.432,0.234
786500,0.339,0.410,0.250
787000,0.360,0.391,0.250
787500,0.409,0.311,0.280
788000,0.414,0.321,0.265
788500,0.438,0.310,0.251
789000,0.357,0.381,0.261
789500,0.371,0.384,0.245
790000,0.328,0.423,0.249
790500,0.344,0.381,0.275
791000,0.406,0.351,0.243
791500,0.418,0.341,0.242
792000,0.402,0.392,0.206
792500,0.302,0.495,0.203
793000,0.323,0.442,0.235
793500,0.314,0.445,0.241
794000,0.328,0.407,0.265
794500,0.317,0.412,0.272
795000,0.351,0.385,0.264
795500,0.412,0.321,0.267
796000,0.473,0.276,0.251
796500,0.493,0.292,0.215
797000,0.455,0.319,0.226
797500,0.548,0.238,0.214
798000,0.547,0.234,0.219
798500,0.509,0.256,0.235
799000,0.452,0.270,0.278
799500,0.506,0.258,0.236
800000,0.553,0.215,0.232
800500,0.532,0.227,0.241
801000,0.474,0.259,0.267
801500,0.406,0.288,0.306
802000,0.499,0.237,0.264
802500,0.592,0.197,0.211
803000,0.591,0.180,0.229
803500,0.564,0.219,0.217
