time,n_A+p,n_B,n_AB
0,0.450,0.550,0.000
500,0.291,0.434,0.275
1000,0.266,0.443,0.291
1500,0.196,0.535,0.269
2000,0.125,0.654,0.220
2500,0.092,0.670,0.239
3000,0.046,0.731,0.223
3500,0.034,0.826,0.141
4000,0.024,0.893,0.083
4500,0.006,0.942,0.052
5000,0.006,0.963,0.031
5500,0.006,0.972,0.021
6000,0.003,0.982,0.015
6500,0.003,0.991,0.006
7000,0.003,0.997,0.000
7500,0.000,0.997,0.003
8000,0.000,1.000,0.000
