time,n_A+p,n_B,n_AB
0,0.450,0.550,0.000
500,0.266,0.373,0.361
1000,0.251,0.361,0.388
1500,0.251,0.376,0.373
2000,0.251,0.394,0.355
2500,0.309,0.391,0.300
3000,0.275,0.419,0.306
3500,0.333,0.370,0.297
4000,0.291,0.419,0.291
4500,0.217,0.480,0.303
5000,0.165,0.563,0.272
5500,0.119,0.639,0.242
6000,0.119,0.667,0.214
6500,0.116,0.706,0.177
7000,0.095,0.780,0.125
7500,0.049,0.810,0.141
8000,0.024,0.869,0.107
8500,0.012,0.924,0.064
9000,0.009,0.939,0.052
9500,0.009,0.966,0.024
10000,0.012,0.969,0.018
10500,0.006,0.976,0.018
11000,0.003,0.969,0.028
11500,0.003,0.985,0.012
12000,0.003,0.991,0.006
12500,0.003,0.994,0.003
13000,0.003,0.997,0.000
13500,0.000,0.997,0.003
14000,0.000,0.997,0.003
14500,0.000,0.988,0.012
15000,0.000,0.988,0.012
15500,0.000,0.991,0.009
16000,0.000,1.000,0.000
