time,n_A+p,n_B,n_AB
100,0.269,0.483,0.248
200,0.244,0.455,0.302
300,0.211,0.405,0.384
400,0.231,0.380,0.388
500,0.207,0.388,0.405
600,0.169,0.417,0.413
700,0.169,0.430,0.401
800,0.120,0.450,0.430
900,0.095,0.475,0.430
1000,0.095,0.508,0.397
1100,0.074,0.517,0.409
1200,0.045,0.512,0.442
1300,0.058,0.492,0.450
1400,0.054,0.603,0.343
1500,0.050,0.566,0.384
1600,0.045,0.579,0.376
1700,0.029,0.562,0.409
1800,0.050,0.566,0.384
1900,0.029,0.591,0.380
2000,0.045,0.607,0.347
2100,0.037,0.603,0.360
2200,0.029,0.632,0.339
2300,0.045,0.595,0.360
2400,0.050,0.616,0.335
2500,0.095,0.545,0.360
2600,0.091,0.529,0.380
2700,0.132,0.533,0.335
2800,0.103,0.554,0.343
2900,0.066,0.529,0.405
3000,0.062,0.512,0.426
3100,0.054,0.550,0.397
3200,0.054,0.599,0.347
3300,0.054,0.640,0.306
3400,0.045,0.669,0.285
3500,0.037,0.665,0.298
3600,0.041,0.711,0.248
3700,0.029,0.719,0.252
3800,0.025,0.723,0.252
3900,0.041,0.727,0.231
4000,0.037,0.752,0.211
4100,0.021,0.756,0.223
4200,0.008,0.806,0.186
4300,0.008,0.802,0.190
4400,0.012,0.814,0.174
4500,0.008,0.785,0.207
4600,0.021,0.806,0.174
4700,0.008,0.802,0.190
4800,0.008,0.785,0.207
4900,0.017,0.785,0.198
5000,0.017,0.822,0.161
5100,0.012,0.806,0.182
5200,0.017,0.773,0.211
5300,0.008,0.760,0.231
5400,0.000,0.773,0.227
5500,0.000,0.773,0.227
5600,0.000,0.752,0.248
5700,0.000,0.769,0.231
5800,0.000,0.814,0.186
5900,0.000,0.818,0.182
6000,0.004,0.806,0.190
6100,0.000,0.789,0.211
6200,0.000,0.814,0.186
6300,0.000,0.822,0.178
6400,0.000,0.839,0.161
6500,0.000,0.888,0.112
6600,0.008,0.888,0.103
6700,0.004,0.876,0.120
6800,0.004,0.872,0.124
6900,0.004,0.905,0.091
7000,0.004,0.905,0.091
7100,0.004,0.913,0.083
7200,0.004,0.913,0.083
7300,0.004,0.917,0.079
7400,0.004,0.905,0.091
7500,0.004,0.901,0.095
7600,0.004,0.905,0.091
7700,0.004,0.917,0.079
7800,0.004,0.893,0.103
7900,0.008,0.893,0.099
8000,0.000,0.913,0.087
8100,0.000,0.926,0.074
8200,0.000,0.930,0.070
8300,0.000,0.938,0.062
8400,0.000,0.926,0.074
8500,0.000,0.934,0.066
8600,0.000,0.942,0.058
8700,0.000,0.938,0.062
8800,0.000,0.930,0.070
8900,0.000,0.901,0.099
9000,0.000,0.930,0.070
9100,0.008,0.946,0.045
9200,0.000,0.950,0.050
9300,0.000,0.950,0.050
9400,0.000,0.963,0.037
9500,0.008,0.967,0.025
9600,0.004,0.938,0.058
9700,0.000,0.950,0.050
9800,0.000,0.959,0.041
9900,0.000,0.971,0.029
10000,0.000,0.975,0.025
10100,0.000,0.983,0.017
10200,0.000,0.988,0.012
10300,0.000,0.992,0.008
10400,0.000,0.996,0.004
10500,0.000,1.000,0.000
