time,n_A+p,n_B,n_AB
100,0.030,0.965,0.005
200,0.030,0.962,0.008
300,0.030,0.962,0.008
400,0.030,0.958,0.012
500,0.030,0.947,0.023
600,0.030,0.937,0.034
700,0.031,0.930,0.040
800,0.032,0.916,0.052
900,0.031,0.904,0.065
1000,0.032,0.903,0.065
1100,0.033,0.895,0.073
1200,0.032,0.884,0.085
1300,0.032,0.875,0.093
1400,0.033,0.870,0.097
1500,0.032,0.874,0.094
1600,0.035,0.878,0.087
1700,0.038,0.877,0.085
1800,0.040,0.880,0.080
1900,0.040,0.864,0.096
2000,0.038,0.859,0.103
2100,0.039,0.849,0.112
2200,0.037,0.845,0.118
2300,0.039,0.829,0.132
2400,0.042,0.825,0.133
2500,0.044,0.817,0.139
2600,0.048,0.812,0.140
2700,0.045,0.808,0.147
2800,0.045,0.799,0.156
2900,0.045,0.794,0.161
3000,0.043,0.796,0.161
3100,0.049,0.782,0.169
3200,0.045,0.776,0.179
3300,0.050,0.772,0.178
3400,0.051,0.761,0.188
3500,0.051,0.753,0.196
3600,0.052,0.741,0.207
3700,0.050,0.721,0.229
3800,0.065,0.726,0.208
3900,0.064,0.720,0.216
4000,0.065,0.718,0.217
4100,0.066,0.714,0.220
4200,0.063,0.706,0.231
4300,0.064,0.706,0.230
4400,0.055,0.698,0.247
4500,0.054,0.706,0.240
4600,0.054,0.685,0.260
4700,0.053,0.682,0.265
4800,0.056,0.685,0.258
4900,0.053,0.683,0.264
5000,0.060,0.674,0.266
5100,0.055,0.674,0.271
5200,0.053,0.669,0.278
5300,0.056,0.677,0.267
5400,0.065,0.692,0.243
5500,0.058,0.683,0.258
5600,0.059,0.677,0.264
5700,0.063,0.654,0.283
5800,0.061,0.648,0.291
5900,0.063,0.647,0.290
6000,0.070,0.634,0.295
6100,0.075,0.625,0.300
6200,0.072,0.628,0.300
6300,0.070,0.617,0.313
6400,0.067,0.618,0.315
6500,0.070,0.622,0.307
6600,0.069,0.622,0.308
6700,0.078,0.619,0.303
6800,0.075,0.613,0.313
6900,0.076,0.609,0.316
7000,0.072,0.607,0.322
7100,0.074,0.612,0.315
7200,0.072,0.602,0.327
7300,0.074,0.594,0.332
7400,0.078,0.594,0.328
7500,0.070,0.600,0.330
7600,0.063,0.589,0.347
7700,0.067,0.592,0.340
7800,0.073,0.584,0.343
7900,0.076,0.562,0.363
8000,0.087,0.575,0.338
8100,0.088,0.562,0.350
8200,0.103,0.549,0.348
8300,0.104,0.562,0.334
8400,0.101,0.565,0.334
8500,0.098,0.575,0.327
8600,0.095,0.565,0.340
8700,0.092,0.564,0.344
8800,0.084,0.566,0.350
8900,0.084,0.590,0.326
9000,0.079,0.583,0.338
9100,0.085,0.573,0.342
9200,0.079,0.566,0.355
9300,0.084,0.556,0.361
9400,0.090,0.555,0.355
9500,0.092,0.553,0.355
9600,0.101,0.541,0.358
9700,0.104,0.535,0.361
9800,0.100,0.550,0.350
9900,0.103,0.550,0.347
10000,0.091,0.558,0.351
10100,0.090,0.558,0.352
10200,0.088,0.550,0.363
10300,0.092,0.540,0.368
10400,0.087,0.544,0.369
10500,0.086,0.544,0.370
10600,0.092,0.539,0.369
10700,0.094,0.537,0.369
10800,0.098,0.535,0.367
10900,0.098,0.545,0.356
11000,0.103,0.540,0.356
11100,0.102,0.527,0.371
11200,0.103,0.530,0.367
11300,0.102,0.535,0.363
11400,0.109,0.530,0.361
11500,0.103,0.534,0.363
11600,0.107,0.524,0.369
11700,0.096,0.529,0.375
11800,0.102,0.523,0.375
11900,0.106,0.514,0.380
12000,0.106,0.522,0.372
12100,0.110,0.507,0.383
12200,0.118,0.496,0.385
12300,0.125,0.491,0.384
12400,0.116,0.499,0.384
12500,0.117,0.502,0.381
12600,0.116,0.502,0.382
12700,0.113,0.512,0.375
12800,0.117,0.501,0.382
12900,0.109,0.498,0.392
13000,0.113,0.490,0.396
13100,0.115,0.491,0.393
13200,0.117,0.489,0.393
13300,0.121,0.498,0.381
13400,0.125,0.505,0.371
13500,0.128,0.491,0.381
13600,0.129,0.492,0.379
13700,0.139,0.491,0.370
13800,0.140,0.492,0.368
13900,0.137,0.503,0.361
14000,0.130,0.502,0.369
14100,0.123,0.502,0.376
14200,0.122,0.495,0.383
14300,0.121,0.490,0.389
14400,0.120,0.490,0.390
14500,0.114,0.496,0.389
14600,0.113,0.491,0.395
14700,0.121,0.495,0.384
14800,0.124,0.484,0.392
14900,0.122,0.499,0.379
15000,0.117,0.507,0.376
15100,0.117,0.501,0.382
15200,0.108,0.493,0.398
15300,0.104,0.495,0.400
15400,0.109,0.485,0.406
15500,0.115,0.483,0.401
15600,0.116,0.486,0.397
15700,0.124,0.477,0.399
15800,0.120,0.472,0.409
15900,0.117,0.475,0.408
16000,0.116,0.485,0.398
16100,0.123,0.472,0.406
16200,0.136,0.472,0.392
16300,0.139,0.475,0.386
16400,0.148,0.466,0.386
16500,0.143,0.465,0.392
16600,0.144,0.468,0.388
16700,0.147,0.463,0.390
16800,0.150,0.457,0.393
16900,0.150,0.458,0.392
17000,0.144,0.454,0.402
17100,0.139,0.458,0.403
17200,0.136,0.459,0.406
17300,0.129,0.455,0.417
17400,0.135,0.456,0.410
17500,0.138,0.451,0.411
17600,0.136,0.450,0.414
17700,0.141,0.450,0.409
17800,0.142,0.435,0.423
17900,0.144,0.433,0.423
18000,0.149,0.434,0.417
18100,0.153,0.427,0.420
18200,0.157,0.432,0.411
18300,0.153,0.426,0.421
18400,0.161,0.417,0.422
18500,0.166,0.412,0.422
18600,0.162,0.410,0.428
18700,0.164,0.415,0.421
18800,0.169,0.412,0.420
18900,0.160,0.408,0.432
19000,0.163,0.410,0.427
19100,0.169,0.399,0.432
19200,0.164,0.400,0.435
19300,0.159,0.398,0.442
19400,0.168,0.399,0.433
19500,0.176,0.407,0.418
19600,0.171,0.406,0.424
19700,0.179,0.411,0.411
19800,0.177,0.408,0.416
19900,0.174,0.402,0.424
20000,0.166,0.401,0.432
20100,0.151,0.415,0.434
20200,0.148,0.427,0.425
20300,0.148,0.436,0.416
20400,0.138,0.437,0.425
20500,0.136,0.442,0.422
20600,0.142,0.433,0.425
20700,0.135,0.438,0.427
20800,0.138,0.438,0.424
20900,0.136,0.436,0.428
21000,0.126,0.447,0.427
21100,0.122,0.439,0.439
21200,0.125,0.436,0.439
21300,0.128,0.428,0.444
21400,0.134,0.423,0.443
21500,0.137,0.423,0.440
21600,0.151,0.419,0.430
21700,0.149,0.420,0.431
21800,0.162,0.419,0.419
21900,0.164,0.419,0.417
22000,0.158,0.419,0.423
22100,0.153,0.415,0.432
22200,0.151,0.412,0.437
22300,0.161,0.403,0.435
22400,0.177,0.396,0.427
22500,0.162,0.400,0.437
22600,0.153,0.398,0.448
22700,0.147,0.400,0.453
22800,0.150,0.393,0.457
22900,0.145,0.395,0.460
23000,0.145,0.399,0.456
23100,0.144,0.401,0.455
23200,0.149,0.418,0.433
23300,0.140,0.410,0.450
23400,0.137,0.408,0.456
23500,0.129,0.415,0.457
23600,0.130,0.417,0.454
23700,0.132,0.423,0.445
23800,0.128,0.404,0.468
23900,0.139,0.401,0.460
24000,0.132,0.401,0.467
24100,0.132,0.397,0.471
24200,0.141,0.392,0.467
24300,0.132,0.387,0.481
24400,0.129,0.383,0.488
24500,0.135,0.382,0.483
24600,0.127,0.384,0.489
24700,0.134,0.381,0.485
24800,0.125,0.375,0.501
24900,0.136,0.383,0.481
25000,0.140,0.371,0.489
25100,0.154,0.372,0.474
25200,0.161,0.366,0.473
25300,0.175,0.368,0.458
25400,0.155,0.371,0.474
25500,0.160,0.367,0.473
25600,0.157,0.356,0.486
25700,0.170,0.360,0.471
25800,0.172,0.359,0.470
25900,0.181,0.358,0.462
26000,0.178,0.361,0.462
26100,0.178,0.366,0.457
26200,0.169,0.362,0.470
26300,0.166,0.363,0.471
26400,0.169,0.366,0.466
26500,0.170,0.363,0.468
26600,0.155,0.368,0.477
26700,0.149,0.353,0.497
26800,0.156,0.349,0.494
26900,0.150,0.355,0.494
27000,0.152,0.361,0.487
27100,0.149,0.358,0.493
27200,0.153,0.364,0.483
27300,0.154,0.364,0.482
27400,0.158,0.361,0.481
27500,0.150,0.367,0.483
27600,0.153,0.352,0.494
27700,0.151,0.347,0.502
27800,0.153,0.352,0.494
27900,0.150,0.347,0.503
28000,0.156,0.344,0.499
28100,0.163,0.342,0.494
28200,0.163,0.347,0.489
28300,0.175,0.337,0.488
28400,0.185,0.330,0.485
28500,0.187,0.327,0.486
28600,0.183,0.332,0.485
28700,0.176,0.332,0.492
28800,0.179,0.329,0.492
28900,0.171,0.325,0.505
29000,0.171,0.326,0.504
29100,0.165,0.334,0.501
29200,0.175,0.328,0.497
29300,0.170,0.332,0.498
29400,0.168,0.334,0.498
29500,0.156,0.336,0.508
29600,0.154,0.343,0.503
29700,0.158,0.345,0.496
29800,0.156,0.338,0.506
29900,0.150,0.337,0.513
30000,0.149,0.349,0.502
30100,0.148,0.348,0.504
30200,0.149,0.347,0.504
30300,0.157,0.344,0.498
30400,0.158,0.345,0.496
30500,0.147,0.345,0.508
30600,0.158,0.332,0.510
30700,0.152,0.345,0.503
30800,0.142,0.355,0.503
30900,0.139,0.351,0.510
31000,0.141,0.352,0.507
31100,0.132,0.354,0.514
31200,0.143,0.364,0.493
31300,0.143,0.369,0.488
31400,0.137,0.378,0.485
31500,0.149,0.388,0.463
31600,0.160,0.382,0.458
31700,0.150,0.377,0.473
31800,0.158,0.374,0.468
31900,0.157,0.373,0.470
32000,0.150,0.379,0.471
32100,0.153,0.376,0.471
32200,0.156,0.381,0.463
32300,0.165,0.374,0.461
32400,0.172,0.367,0.462
32500,0.159,0.355,0.485
32600,0.154,0.361,0.485
32700,0.169,0.356,0.475
32800,0.175,0.352,0.473
32900,0.160,0.353,0.486
33000,0.163,0.345,0.491
33100,0.163,0.343,0.493
33200,0.162,0.353,0.484
33300,0.177,0.360,0.464
33400,0.175,0.350,0.475
33500,0.170,0.352,0.478
33600,0.171,0.362,0.468
33700,0.173,0.367,0.461
33800,0.170,0.370,0.461
33900,0.169,0.368,0.464
34000,0.173,0.368,0.460
34100,0.171,0.359,0.471
34200,0.172,0.358,0.471
34300,0.178,0.359,0.464
34400,0.175,0.363,0.463
34500,0.164,0.368,0.468
34600,0.169,0.369,0.463
34700,0.171,0.369,0.461
34800,0.188,0.367,0.445
34900,0.182,0.364,0.455
35000,0.180,0.359,0.462
35100,0.187,0.360,0.454
35200,0.178,0.350,0.472
35300,0.199,0.345,0.456
35400,0.194,0.348,0.458
35500,0.187,0.348,0.465
35600,0.199,0.345,0.456
35700,0.196,0.350,0.454
35800,0.196,0.338,0.466
35900,0.199,0.346,0.455
36000,0.202,0.342,0.456
36100,0.201,0.336,0.463
36200,0.202,0.337,0.461
36300,0.204,0.332,0.464
36400,0.202,0.331,0.467
36500,0.206,0.330,0.464
36600,0.197,0.325,0.478
36700,0.170,0.325,0.506
36800,0.166,0.314,0.520
36900,0.166,0.308,0.525
37000,0.174,0.320,0.507
37100,0.191,0.321,0.488
37200,0.192,0.334,0.474
37300,0.190,0.330,0.480
37400,0.186,0.327,0.487
37500,0.186,0.329,0.485
37600,0.179,0.323,0.498
37700,0.188,0.319,0.493
37800,0.199,0.314,0.487
37900,0.196,0.309,0.494
38000,0.201,0.315,0.484
38100,0.208,0.315,0.477
38200,0.192,0.313,0.495
38300,0.197,0.313,0.490
38400,0.195,0.307,0.497
38500,0.195,0.308,0.496
38600,0.197,0.302,0.501
38700,0.199,0.306,0.494
38800,0.197,0.317,0.486
38900,0.195,0.325,0.480
39000,0.202,0.328,0.470
39100,0.195,0.322,0.483
39200,0.184,0.321,0.495
39300,0.187,0.321,0.492
39400,0.166,0.318,0.516
39500,0.171,0.317,0.513
39600,0.171,0.317,0.513
39700,0.173,0.317,0.511
39800,0.177,0.315,0.509
39900,0.185,0.307,0.508
40000,0.177,0.312,0.512
40100,0.189,0.311,0.501
40200,0.191,0.304,0.505
40300,0.186,0.300,0.514
40400,0.182,0.294,0.524
40500,0.175,0.299,0.526
40600,0.173,0.303,0.524
40700,0.175,0.308,0.517
40800,0.192,0.312,0.496
40900,0.192,0.315,0.493
41000,0.188,0.316,0.496
41100,0.194,0.315,0.491
41200,0.196,0.311,0.493
41300,0.207,0.305,0.487
41400,0.196,0.308,0.495
41500,0.202,0.304,0.493
41600,0.198,0.300,0.502
41700,0.200,0.288,0.512
41800,0.206,0.291,0.503
41900,0.212,0.289,0.498
42000,0.198,0.288,0.514
42100,0.189,0.295,0.516
42200,0.194,0.294,0.512
42300,0.184,0.294,0.522
42400,0.187,0.300,0.513
42500,0.190,0.300,0.510
42600,0.188,0.300,0.512
42700,0.183,0.303,0.514
42800,0.196,0.297,0.507
42900,0.183,0.291,0.526
43000,0.184,0.289,0.527
43100,0.186,0.289,0.525
43200,0.184,0.302,0.514
43300,0.177,0.305,0.518
43400,0.172,0.321,0.508
43500,0.171,0.322,0.508
43600,0.172,0.319,0.510
43700,0.174,0.326,0.501
43800,0.170,0.321,0.510
43900,0.175,0.316,0.510
44000,0.179,0.323,0.498
44100,0.181,0.324,0.495
44200,0.180,0.323,0.497
44300,0.184,0.322,0.494
44400,0.189,0.314,0.497
44500,0.188,0.314,0.498
44600,0.202,0.316,0.482
44700,0.195,0.301,0.504
44800,0.194,0.302,0.504
44900,0.194,0.313,0.493
45000,0.191,0.315,0.494
45100,0.194,0.314,0.492
45200,0.193,0.313,0.494
45300,0.194,0.324,0.482
45400,0.197,0.321,0.482
45500,0.194,0.326,0.480
45600,0.198,0.315,0.487
45700,0.215,0.320,0.466
45800,0.216,0.314,0.471
45900,0.216,0.312,0.473
46000,0.216,0.298,0.486
46100,0.221,0.293,0.486
46200,0.219,0.280,0.502
46300,0.226,0.281,0.493
46400,0.226,0.285,0.489
46500,0.220,0.281,0.499
46600,0.221,0.277,0.503
46700,0.221,0.283,0.496
46800,0.215,0.286,0.499
46900,0.210,0.289,0.501
47000,0.207,0.289,0.504
47100,0.206,0.291,0.503
47200,0.209,0.289,0.502
47300,0.200,0.284,0.516
47400,0.207,0.279,0.514
47500,0.209,0.282,0.509
47600,0.209,0.286,0.505
47700,0.211,0.286,0.503
47800,0.205,0.285,0.510
47900,0.212,0.282,0.506
48000,0.209,0.283,0.508
48100,0.215,0.282,0.504
48200,0.206,0.285,0.509
48300,0.199,0.289,0.512
48400,0.196,0.293,0.511
48500,0.195,0.287,0.518
48600,0.203,0.286,0.511
48700,0.202,0.287,0.511
48800,0.199,0.281,0.520
48900,0.201,0.290,0.509
49000,0.210,0.289,0.501
49100,0.216,0.284,0.501
49200,0.218,0.281,0.502
49300,0.217,0.278,0.506
49400,0.220,0.276,0.505
49500,0.225,0.271,0.505
49600,0.219,0.274,0.508
49700,0.209,0.273,0.518
49800,0.207,0.273,0.520
49900,0.208,0.278,0.514
50000,0.216,0.275,0.510
50100,0.208,0.270,0.522
50200,0.217,0.299,0.484
50300,0.217,0.298,0.485
50400,0.219,0.295,0.486
50500,0.231,0.296,0.473
50600,0.236,0.295,0.469
50700,0.240,0.295,0.465
50800,0.236,0.292,0.472
50900,0.241,0.292,0.467
51000,0.233,0.291,0.476
51100,0.227,0.293,0.480
51200,0.222,0.282,0.496
51300,0.219,0.279,0.503
51400,0.228,0.283,0.489
51500,0.229,0.284,0.487
51600,0.215,0.283,0.503
51700,0.219,0.285,0.496
51800,0.224,0.285,0.491
51900,0.224,0.283,0.493
52000,0.213,0.289,0.497
52100,0.202,0.275,0.523
52200,0.218,0.264,0.519
52300,0.219,0.259,0.522
52400,0.215,0.259,0.526
52500,0.213,0.274,0.513
52600,0.208,0.272,0.520
52700,0.206,0.265,0.529
52800,0.200,0.264,0.536
52900,0.201,0.275,0.524
53000,0.204,0.268,0.528
53100,0.204,0.268,0.528
53200,0.202,0.263,0.535
53300,0.218,0.269,0.514
53400,0.213,0.268,0.519
53500,0.209,0.281,0.510
53600,0.210,0.278,0.512
53700,0.203,0.272,0.525
53800,0.201,0.268,0.531
53900,0.198,0.274,0.528
54000,0.202,0.275,0.523
54100,0.209,0.277,0.514
54200,0.197,0.277,0.526
54300,0.205,0.274,0.521
54400,0.206,0.279,0.515
54500,0.215,0.273,0.513
54600,0.206,0.277,0.517
54700,0.217,0.280,0.504
54800,0.209,0.288,0.503
54900,0.226,0.286,0.488
55000,0.233,0.276,0.491
55100,0.225,0.268,0.508
55200,0.227,0.272,0.502
55300,0.232,0.272,0.496
55400,0.235,0.263,0.503
55500,0.224,0.267,0.510
55600,0.225,0.257,0.518
55700,0.221,0.261,0.518
55800,0.228,0.272,0.501
55900,0.218,0.268,0.515
56000,0.212,0.272,0.516
56100,0.203,0.266,0.531
56200,0.204,0.269,0.527
56300,0.215,0.270,0.516
56400,0.212,0.274,0.514
56500,0.210,0.267,0.523
56600,0.213,0.270,0.517
56700,0.202,0.267,0.531
56800,0.193,0.271,0.536
56900,0.185,0.272,0.543
57000,0.182,0.279,0.539
57100,0.173,0.281,0.546
57200,0.176,0.275,0.550
57300,0.189,0.275,0.536
57400,0.189,0.269,0.542
57500,0.197,0.267,0.536
57600,0.207,0.266,0.527
57700,0.237,0.265,0.498
57800,0.238,0.266,0.496
57900,0.229,0.268,0.504
58000,0.221,0.273,0.507
58100,0.213,0.264,0.523
58200,0.227,0.268,0.506
58300,0.230,0.272,0.498
58400,0.226,0.273,0.502
58500,0.227,0.260,0.513
58600,0.216,0.255,0.529
58700,0.219,0.258,0.523
58800,0.217,0.257,0.526
58900,0.227,0.267,0.507
59000,0.217,0.267,0.517
59100,0.210,0.270,0.520
59200,0.212,0.277,0.511
59300,0.209,0.263,0.528
59400,0.224,0.267,0.510
59500,0.229,0.273,0.498
59600,0.219,0.277,0.505
59700,0.217,0.278,0.506
59800,0.226,0.267,0.508
59900,0.225,0.269,0.507
60000,0.233,0.282,0.485
60100,0.226,0.271,0.504
60200,0.222,0.270,0.509
60300,0.213,0.277,0.510
60400,0.224,0.272,0.505
60500,0.229,0.279,0.492
60600,0.221,0.277,0.503
60700,0.231,0.277,0.492
60800,0.236,0.275,0.489
60900,0.229,0.278,0.493
61000,0.231,0.263,0.507
61100,0.242,0.275,0.483
61200,0.236,0.276,0.488
61300,0.233,0.281,0.486
61400,0.237,0.278,0.485
61500,0.234,0.273,0.493
61600,0.228,0.274,0.498
61700,0.225,0.276,0.499
61800,0.229,0.258,0.513
61900,0.226,0.260,0.514
62000,0.220,0.259,0.521
62100,0.216,0.257,0.527
62200,0.222,0.263,0.516
62300,0.219,0.257,0.524
62400,0.203,0.261,0.535
62500,0.213,0.274,0.513
62600,0.221,0.273,0.507
62700,0.215,0.272,0.514
62800,0.202,0.272,0.526
62900,0.206,0.270,0.524
63000,0.210,0.266,0.524
63100,0.212,0.258,0.529
63200,0.216,0.253,0.531
63300,0.210,0.251,0.538
63400,0.234,0.248,0.518
63500,0.238,0.248,0.514
63600,0.249,0.248,0.503
63700,0.266,0.241,0.493
63800,0.270,0.239,0.491
63900,0.276,0.238,0.486
64000,0.274,0.239,0.487
64100,0.276,0.245,0.479
64200,0.283,0.245,0.472
64300,0.299,0.250,0.450
64400,0.289,0.248,0.463
64500,0.287,0.245,0.468
64600,0.277,0.247,0.476
64700,0.266,0.242,0.492
64800,0.253,0.251,0.495
64900,0.260,0.246,0.493
65000,0.263,0.249,0.488
65100,0.254,0.241,0.505
65200,0.243,0.233,0.524
65300,0.234,0.237,0.529
65400,0.243,0.233,0.524
65500,0.245,0.236,0.519
65600,0.248,0.231,0.521
65700,0.255,0.228,0.517
65800,0.251,0.240,0.509
65900,0.252,0.232,0.516
66000,0.256,0.224,0.520
66100,0.250,0.224,0.526
66200,0.254,0.227,0.519
66300,0.258,0.226,0.516
66400,0.251,0.223,0.526
66500,0.250,0.226,0.524
66600,0.257,0.227,0.516
66700,0.261,0.227,0.512
66800,0.270,0.223,0.508
66900,0.268,0.226,0.507
67000,0.270,0.226,0.505
67100,0.266,0.231,0.504
67200,0.249,0.238,0.513
67300,0.245,0.243,0.512
67400,0.235,0.244,0.521
67500,0.230,0.256,0.514
67600,0.232,0.254,0.514
67700,0.236,0.244,0.520
67800,0.244,0.244,0.512
67900,0.241,0.252,0.507
68000,0.240,0.248,0.512
68100,0.234,0.249,0.517
68200,0.220,0.255,0.525
68300,0.226,0.255,0.519
68400,0.223,0.253,0.524
68500,0.224,0.251,0.525
68600,0.219,0.258,0.523
68700,0.211,0.247,0.541
68800,0.213,0.253,0.533
68900,0.208,0.258,0.533
69000,0.206,0.252,0.541
69100,0.212,0.253,0.534
69200,0.218,0.263,0.520
69300,0.210,0.254,0.535
69400,0.215,0.247,0.538
69500,0.218,0.250,0.532
69600,0.216,0.248,0.536
69700,0.218,0.246,0.536
69800,0.216,0.242,0.542
69900,0.221,0.247,0.532
70000,0.225,0.245,0.530
70100,0.215,0.250,0.535
70200,0.209,0.255,0.535
70300,0.208,0.256,0.535
70400,0.203,0.255,0.541
70500,0.206,0.260,0.533
70600,0.205,0.268,0.527
70700,0.204,0.256,0.539
70800,0.205,0.253,0.541
70900,0.201,0.251,0.547
71000,0.208,0.249,0.542
71100,0.213,0.246,0.540
71200,0.209,0.253,0.537
71300,0.201,0.263,0.536
71400,0.205,0.260,0.534
71500,0.201,0.250,0.549
71600,0.201,0.254,0.544
71700,0.202,0.266,0.532
71800,0.193,0.268,0.539
71900,0.193,0.269,0.538
72000,0.193,0.272,0.535
72100,0.190,0.268,0.542
72200,0.189,0.266,0.545
72300,0.195,0.269,0.536
72400,0.192,0.273,0.535
72500,0.194,0.264,0.542
72600,0.189,0.272,0.539
72700,0.184,0.277,0.539
72800,0.182,0.270,0.549
72900,0.181,0.270,0.550
73000,0.173,0.268,0.560
73100,0.176,0.264,0.561
73200,0.180,0.274,0.546
73300,0.177,0.268,0.556
73400,0.183,0.266,0.552
73500,0.197,0.264,0.539
73600,0.190,0.269,0.541
73700,0.198,0.260,0.541
73800,0.197,0.256,0.546
73900,0.186,0.256,0.558
74000,0.192,0.263,0.545
74100,0.186,0.263,0.552
74200,0.187,0.271,0.542
74300,0.198,0.269,0.533
74400,0.207,0.261,0.531
74500,0.198,0.254,0.547
74600,0.203,0.257,0.539
74700,0.196,0.254,0.550
74800,0.186,0.257,0.557
74900,0.189,0.254,0.557
75000,0.194,0.255,0.551
75100,0.195,0.256,0.549
75200,0.193,0.252,0.555
75300,0.202,0.252,0.545
75400,0.194,0.258,0.547
75500,0.193,0.254,0.553
75600,0.194,0.252,0.554
75700,0.195,0.274,0.531
75800,0.183,0.276,0.541
75900,0.184,0.282,0.534
76000,0.180,0.274,0.546
76100,0.174,0.268,0.559
76200,0.180,0.275,0.545
76300,0.177,0.273,0.551
76400,0.183,0.273,0.544
76500,0.180,0.268,0.553
76600,0.173,0.261,0.566
76700,0.178,0.263,0.560
76800,0.175,0.270,0.556
76900,0.179,0.265,0.557
77000,0.196,0.261,0.542
77100,0.192,0.256,0.552
77200,0.192,0.254,0.554
77300,0.186,0.247,0.567
77400,0.195,0.250,0.555
77500,0.220,0.250,0.530
77600,0.212,0.243,0.544
77700,0.198,0.248,0.554
77800,0.194,0.242,0.564
77900,0.203,0.248,0.549
78000,0.207,0.241,0.552
78100,0.220,0.241,0.539
78200,0.217,0.239,0.544
78300,0.217,0.232,0.552
78400,0.227,0.240,0.533
78500,0.220,0.239,0.541
78600,0.221,0.239,0.540
78700,0.226,0.236,0.538
78800,0.222,0.239,0.539
78900,0.227,0.250,0.523
79000,0.231,0.247,0.522
79100,0.225,0.252,0.523
79200,0.236,0.248,0.516
79300,0.230,0.236,0.534
79400,0.229,0.231,0.540
79500,0.228,0.233,0.539
79600,0.219,0.235,0.546
79700,0.218,0.226,0.557
79800,0.204,0.231,0.565
79900,0.208,0.238,0.554
80000,0.201,0.244,0.555
80100,0.207,0.247,0.545
80200,0.207,0.245,0.547
80300,0.220,0.244,0.536
80400,0.222,0.238,0.540
80500,0.223,0.236,0.541
80600,0.219,0.238,0.543
80700,0.222,0.234,0.544
80800,0.220,0.241,0.539
80900,0.215,0.246,0.539
81000,0.221,0.247,0.532
81100,0.216,0.242,0.542
81200,0.203,0.250,0.546
81300,0.209,0.249,0.541
81400,0.209,0.249,0.541
81500,0.213,0.249,0.537
81600,0.210,0.251,0.538
81700,0.213,0.245,0.541
81800,0.223,0.247,0.530
81900,0.220,0.246,0.534
82000,0.223,0.253,0.524
82100,0.223,0.249,0.528
82200,0.223,0.256,0.521
82300,0.222,0.263,0.516
82400,0.229,0.259,0.512
82500,0.229,0.250,0.521
82600,0.241,0.251,0.508
82700,0.237,0.260,0.503
82800,0.228,0.259,0.513
82900,0.221,0.250,0.529
83000,0.218,0.263,0.520
83100,0.219,0.261,0.520
83200,0.217,0.267,0.517
83300,0.219,0.266,0.516
83400,0.220,0.268,0.513
83500,0.209,0.263,0.528
83600,0.211,0.256,0.532
83700,0.209,0.253,0.537
83800,0.216,0.249,0.535
83900,0.207,0.251,0.541
84000,0.220,0.250,0.530
84100,0.219,0.244,0.537
84200,0.212,0.255,0.532
84300,0.222,0.260,0.518
84400,0.217,0.265,0.519
84500,0.213,0.260,0.526
84600,0.216,0.254,0.530
84700,0.218,0.250,0.532
84800,0.209,0.253,0.537
84900,0.215,0.238,0.547
85000,0.221,0.248,0.531
85100,0.217,0.253,0.530
85200,0.217,0.256,0.527
85300,0.220,0.250,0.530
85400,0.216,0.247,0.537
85500,0.211,0.243,0.545
85600,0.217,0.240,0.543
85700,0.227,0.228,0.545
85800,0.225,0.224,0.552
85900,0.232,0.227,0.541
86000,0.226,0.235,0.539
86100,0.230,0.238,0.532
86200,0.234,0.239,0.527
86300,0.231,0.233,0.536
86400,0.238,0.227,0.535
86500,0.241,0.227,0.532
86600,0.242,0.225,0.533
86700,0.240,0.247,0.513
86800,0.242,0.242,0.516
86900,0.247,0.237,0.516
87000,0.252,0.238,0.510
87100,0.256,0.242,0.502
87200,0.268,0.237,0.495
87300,0.263,0.235,0.503
87400,0.265,0.239,0.496
87500,0.265,0.227,0.509
87600,0.257,0.230,0.513
87700,0.253,0.236,0.511
87800,0.248,0.238,0.514
87900,0.255,0.245,0.499
88000,0.251,0.231,0.518
88100,0.246,0.232,0.522
88200,0.258,0.241,0.501
88300,0.250,0.240,0.510
88400,0.246,0.244,0.510
88500,0.249,0.241,0.510
88600,0.246,0.241,0.513
88700,0.245,0.232,0.523
88800,0.240,0.238,0.522
88900,0.240,0.237,0.523
89000,0.226,0.238,0.536
89100,0.219,0.240,0.541
89200,0.220,0.248,0.532
89300,0.219,0.247,0.534
89400,0.219,0.244,0.537
89500,0.223,0.248,0.529
89600,0.220,0.251,0.529
89700,0.208,0.244,0.547
89800,0.208,0.235,0.557
89900,0.213,0.238,0.549
90000,0.223,0.245,0.532
90100,0.217,0.242,0.541
90200,0.215,0.239,0.546
90300,0.221,0.236,0.543
90400,0.192,0.242,0.566
90500,0.196,0.252,0.552
90600,0.200,0.252,0.547
90700,0.207,0.253,0.539
90800,0.208,0.253,0.538
90900,0.213,0.248,0.538
91000,0.208,0.249,0.542
91100,0.210,0.249,0.540
91200,0.213,0.247,0.539
91300,0.210,0.249,0.540
91400,0.196,0.245,0.559
91500,0.218,0.233,0.550
91600,0.219,0.242,0.539
91700,0.220,0.246,0.534
91800,0.225,0.243,0.532
91900,0.210,0.248,0.541
92000,0.213,0.246,0.540
92100,0.205,0.245,0.550
92200,0.201,0.245,0.554
92300,0.201,0.253,0.545
92400,0.198,0.252,0.550
92500,0.197,0.238,0.565
92600,0.194,0.235,0.571
92700,0.191,0.240,0.569
92800,0.190,0.234,0.576
92900,0.197,0.233,0.570
93000,0.198,0.235,0.567
93100,0.205,0.238,0.557
93200,0.192,0.252,0.556
93300,0.195,0.252,0.553
93400,0.196,0.243,0.561
93500,0.198,0.242,0.560
93600,0.196,0.244,0.560
93700,0.202,0.255,0.542
93800,0.204,0.247,0.549
93900,0.202,0.254,0.543
94000,0.193,0.235,0.572
94100,0.204,0.237,0.559
94200,0.217,0.233,0.551
94300,0.227,0.236,0.537
94400,0.221,0.229,0.551
94500,0.226,0.230,0.544
94600,0.238,0.228,0.534
94700,0.237,0.218,0.545
94800,0.249,0.224,0.527
94900,0.231,0.227,0.542
95000,0.227,0.230,0.543
95100,0.219,0.233,0.549
95200,0.228,0.236,0.536
95300,0.229,0.227,0.544
95400,0.227,0.227,0.546
95500,0.220,0.222,0.559
95600,0.221,0.213,0.566
95700,0.228,0.211,0.561
95800,0.226,0.204,0.570
95900,0.230,0.212,0.558
96000,0.232,0.208,0.560
96100,0.232,0.213,0.555
96200,0.243,0.210,0.546
96300,0.245,0.217,0.538
96400,0.234,0.228,0.538
96500,0.236,0.213,0.551
96600,0.248,0.215,0.537
96700,0.235,0.226,0.539
96800,0.226,0.227,0.547
96900,0.233,0.229,0.538
97000,0.231,0.224,0.545
97100,0.229,0.241,0.530
97200,0.230,0.234,0.536
97300,0.230,0.229,0.541
97400,0.226,0.226,0.549
97500,0.223,0.225,0.553
97600,0.227,0.221,0.553
97700,0.233,0.219,0.549
97800,0.236,0.219,0.545
97900,0.235,0.218,0.547
98000,0.247,0.213,0.539
98100,0.252,0.217,0.531
98200,0.253,0.211,0.535
98300,0.266,0.211,0.523
98400,0.265,0.209,0.526
98500,0.245,0.215,0.540
98600,0.241,0.219,0.540
98700,0.257,0.217,0.526
98800,0.250,0.215,0.535
98900,0.238,0.218,0.544
99000,0.247,0.220,0.533
99100,0.258,0.215,0.527
99200,0.256,0.217,0.527
99300,0.250,0.213,0.536
99400,0.242,0.220,0.538
99500,0.233,0.218,0.550
99600,0.238,0.211,0.551
99700,0.243,0.220,0.537
99800,0.234,0.220,0.546
99900,0.232,0.234,0.534
100000,0.224,0.232,0.544
