time,n_A+p,n_B,n_AB
100,0.030,0.964,0.006
200,0.030,0.960,0.010
300,0.030,0.952,0.018
400,0.030,0.948,0.022
500,0.030,0.948,0.022
600,0.031,0.945,0.025
700,0.031,0.933,0.037
800,0.032,0.931,0.038
900,0.031,0.930,0.040
1000,0.031,0.927,0.042
1100,0.031,0.914,0.055
1200,0.031,0.916,0.053
1300,0.032,0.903,0.065
1400,0.034,0.882,0.085
1500,0.035,0.878,0.087
1600,0.038,0.860,0.102
1700,0.035,0.845,0.121
1800,0.038,0.846,0.116
1900,0.042,0.846,0.112
2000,0.041,0.847,0.112
2100,0.040,0.846,0.114
2200,0.041,0.839,0.121
2300,0.041,0.841,0.118
2400,0.043,0.830,0.127
2500,0.048,0.824,0.128
2600,0.047,0.821,0.132
2700,0.051,0.814,0.135
2800,0.043,0.815,0.142
2900,0.046,0.814,0.140
3000,0.047,0.806,0.147
3100,0.046,0.801,0.153
3200,0.054,0.795,0.151
3300,0.050,0.787,0.163
3400,0.052,0.777,0.171
3500,0.051,0.779,0.170
3600,0.050,0.779,0.171
3700,0.049,0.769,0.182
3800,0.052,0.761,0.187
3900,0.049,0.755,0.196
4000,0.048,0.756,0.196
4100,0.046,0.754,0.200
4200,0.047,0.749,0.204
4300,0.044,0.740,0.217
4400,0.048,0.741,0.211
4500,0.054,0.727,0.219
4600,0.050,0.707,0.243
4700,0.050,0.707,0.243
4800,0.051,0.704,0.245
4900,0.052,0.700,0.248
5000,0.052,0.699,0.249
5100,0.053,0.695,0.252
5200,0.050,0.693,0.257
5300,0.057,0.687,0.255
5400,0.059,0.689,0.251
5500,0.060,0.683,0.256
5600,0.060,0.683,0.256
5700,0.062,0.683,0.254
5800,0.068,0.659,0.273
5900,0.072,0.642,0.286
6000,0.081,0.636,0.283
6100,0.074,0.634,0.292
6200,0.075,0.632,0.293
6300,0.080,0.633,0.287
6400,0.077,0.618,0.305
6500,0.072,0.622,0.306
6600,0.064,0.623,0.313
6700,0.066,0.619,0.315
6800,0.072,0.626,0.302
6900,0.064,0.623,0.313
7000,0.062,0.625,0.313
7100,0.064,0.625,0.311
7200,0.064,0.610,0.326
7300,0.069,0.611,0.320
7400,0.069,0.604,0.327
7500,0.069,0.605,0.326
7600,0.068,0.601,0.331
7700,0.082,0.591,0.327
7800,0.072,0.571,0.358
7900,0.074,0.575,0.351
8000,0.077,0.577,0.346
8100,0.078,0.581,0.341
8200,0.092,0.576,0.332
8300,0.092,0.566,0.342
8400,0.092,0.565,0.343
8500,0.091,0.571,0.338
8600,0.087,0.566,0.347
8700,0.095,0.556,0.349
8800,0.098,0.549,0.353
8900,0.098,0.540,0.362
9000,0.110,0.537,0.352
9100,0.108,0.537,0.354
9200,0.106,0.527,0.367
9300,0.110,0.525,0.365
9400,0.107,0.519,0.374
9500,0.106,0.520,0.374
9600,0.101,0.520,0.379
9700,0.098,0.501,0.401
9800,0.109,0.499,0.391
9900,0.122,0.498,0.380
10000,0.122,0.495,0.383
10100,0.121,0.497,0.382
10200,0.118,0.497,0.384
10300,0.117,0.491,0.391
10400,0.126,0.490,0.384
10500,0.132,0.491,0.377
10600,0.133,0.484,0.383
10700,0.123,0.476,0.401
10800,0.128,0.479,0.393
10900,0.136,0.479,0.385
11000,0.131,0.475,0.394
11100,0.129,0.474,0.397
11200,0.131,0.466,0.403
11300,0.136,0.466,0.398
11400,0.148,0.462,0.390
11500,0.153,0.460,0.387
11600,0.150,0.454,0.396
11700,0.146,0.456,0.398
11800,0.141,0.447,0.412
11900,0.144,0.449,0.407
12000,0.157,0.444,0.398
12100,0.154,0.457,0.389
12200,0.154,0.449,0.396
12300,0.161,0.455,0.384
12400,0.153,0.461,0.386
12500,0.153,0.467,0.380
12600,0.134,0.458,0.409
12700,0.143,0.457,0.400
12800,0.134,0.457,0.410
12900,0.131,0.459,0.411
13000,0.134,0.461,0.406
13100,0.143,0.461,0.396
13200,0.137,0.464,0.399
13300,0.143,0.461,0.396
13400,0.140,0.465,0.395
13500,0.131,0.458,0.412
13600,0.145,0.455,0.400
13700,0.157,0.456,0.387
13800,0.156,0.447,0.396
13900,0.155,0.443,0.401
14000,0.150,0.434,0.416
14100,0.159,0.430,0.411
14200,0.153,0.437,0.410
14300,0.153,0.437,0.410
14400,0.155,0.445,0.399
14500,0.160,0.423,0.417
14600,0.168,0.418,0.415
14700,0.160,0.425,0.415
14800,0.162,0.421,0.417
14900,0.168,0.412,0.421
15000,0.169,0.407,0.425
15100,0.162,0.408,0.430
15200,0.150,0.396,0.454
15300,0.150,0.402,0.447
15400,0.157,0.410,0.433
15500,0.174,0.408,0.419
15600,0.177,0.402,0.421
15700,0.176,0.400,0.424
15800,0.179,0.400,0.421
15900,0.188,0.396,0.416
16000,0.185,0.392,0.423
16100,0.182,0.379,0.439
16200,0.186,0.375,0.439
16300,0.181,0.383,0.436
16400,0.177,0.377,0.446
16500,0.182,0.383,0.435
16600,0.178,0.386,0.436
16700,0.176,0.382,0.442
16800,0.181,0.383,0.436
16900,0.178,0.392,0.430
17000,0.182,0.388,0.430
17100,0.185,0.388,0.427
17200,0.170,0.387,0.443
17300,0.173,0.390,0.437
17400,0.182,0.382,0.436
17500,0.186,0.381,0.433
17600,0.187,0.379,0.434
17700,0.180,0.385,0.435
17800,0.172,0.378,0.450
17900,0.170,0.382,0.448
18000,0.181,0.372,0.447
18100,0.180,0.374,0.446
18200,0.175,0.370,0.456
18300,0.162,0.378,0.460
18400,0.150,0.374,0.476
18500,0.138,0.372,0.490
18600,0.136,0.372,0.492
18700,0.125,0.371,0.505
18800,0.132,0.371,0.497
18900,0.134,0.367,0.499
19000,0.138,0.371,0.491
19100,0.132,0.368,0.501
19200,0.130,0.363,0.508
19300,0.133,0.371,0.496
19400,0.140,0.377,0.483
19500,0.147,0.378,0.475
19600,0.148,0.375,0.477
19700,0.147,0.373,0.480
19800,0.150,0.371,0.479
19900,0.148,0.373,0.479
20000,0.150,0.367,0.483
20100,0.161,0.368,0.471
20200,0.176,0.366,0.459
20300,0.180,0.362,0.459
20400,0.172,0.376,0.453
20500,0.172,0.377,0.451
20600,0.164,0.381,0.455
20700,0.159,0.365,0.476
20800,0.156,0.364,0.480
20900,0.154,0.365,0.481
21000,0.147,0.359,0.494
21100,0.148,0.368,0.484
21200,0.150,0.379,0.471
21300,0.160,0.370,0.470
21400,0.157,0.361,0.482
21500,0.161,0.364,0.475
21600,0.158,0.364,0.478
21700,0.153,0.362,0.485
21800,0.165,0.363,0.472
21900,0.164,0.364,0.472
22000,0.176,0.374,0.450
22100,0.176,0.373,0.451
22200,0.178,0.372,0.450
22300,0.173,0.370,0.458
22400,0.173,0.361,0.467
22500,0.168,0.363,0.470
22600,0.163,0.367,0.470
22700,0.159,0.371,0.470
22800,0.171,0.373,0.457
22900,0.166,0.377,0.457
23000,0.150,0.374,0.476
23100,0.144,0.362,0.494
23200,0.141,0.371,0.488
23300,0.141,0.366,0.493
23400,0.146,0.370,0.484
23500,0.150,0.376,0.474
23600,0.157,0.377,0.466
23700,0.146,0.365,0.489
23800,0.151,0.366,0.483
23900,0.151,0.367,0.482
24000,0.155,0.361,0.484
24100,0.146,0.364,0.490
24200,0.157,0.362,0.481
24300,0.151,0.366,0.483
24400,0.147,0.370,0.483
24500,0.151,0.373,0.476
24600,0.153,0.363,0.484
24700,0.152,0.351,0.496
24800,0.163,0.346,0.490
24900,0.163,0.348,0.488
25000,0.156,0.350,0.493
25100,0.148,0.359,0.493
25200,0.164,0.364,0.472
25300,0.161,0.355,0.483
25400,0.159,0.346,0.494
25500,0.158,0.358,0.484
25600,0.168,0.358,0.475
25700,0.179,0.351,0.470
25800,0.164,0.347,0.488
25900,0.170,0.350,0.480
26000,0.176,0.365,0.460
26100,0.172,0.366,0.463
26200,0.171,0.365,0.465
26300,0.186,0.366,0.448
26400,0.183,0.348,0.469
26500,0.194,0.349,0.457
26600,0.202,0.345,0.453
26700,0.193,0.342,0.465
26800,0.191,0.349,0.460
26900,0.200,0.344,0.456
27000,0.195,0.346,0.459
27100,0.189,0.353,0.458
27200,0.196,0.343,0.461
27300,0.198,0.345,0.457
27400,0.198,0.340,0.462
27500,0.195,0.347,0.458
27600,0.188,0.339,0.473
27700,0.195,0.341,0.464
27800,0.199,0.337,0.464
27900,0.210,0.332,0.458
28000,0.203,0.323,0.474
28100,0.213,0.321,0.466
28200,0.216,0.319,0.466
28300,0.225,0.314,0.462
28400,0.206,0.311,0.483
28500,0.194,0.313,0.493
28600,0.195,0.318,0.487
28700,0.202,0.327,0.471
28800,0.196,0.322,0.482
28900,0.191,0.322,0.487
29000,0.194,0.314,0.492
29100,0.193,0.309,0.497
29200,0.211,0.303,0.485
29300,0.208,0.312,0.480
29400,0.213,0.306,0.480
29500,0.220,0.312,0.469
29600,0.226,0.309,0.465
29700,0.221,0.318,0.462
29800,0.235,0.313,0.453
29900,0.237,0.313,0.450
30000,0.239,0.309,0.451
30100,0.232,0.315,0.454
30200,0.218,0.307,0.475
30300,0.221,0.303,0.476
30400,0.231,0.304,0.465
30500,0.237,0.297,0.466
30600,0.240,0.297,0.463
30700,0.238,0.297,0.465
30800,0.231,0.301,0.468
30900,0.233,0.297,0.470
31000,0.223,0.294,0.483
31100,0.237,0.293,0.470
31200,0.248,0.295,0.457
31300,0.237,0.291,0.472
31400,0.251,0.288,0.461
31500,0.241,0.283,0.476
31600,0.246,0.282,0.472
31700,0.244,0.286,0.470
31800,0.224,0.279,0.497
31900,0.226,0.277,0.497
32000,0.229,0.274,0.497
32100,0.233,0.280,0.487
32200,0.237,0.276,0.487
32300,0.238,0.271,0.491
32400,0.229,0.276,0.495
32500,0.228,0.281,0.491
32600,0.217,0.282,0.502
32700,0.219,0.286,0.495
32800,0.213,0.280,0.507
32900,0.215,0.278,0.508
33000,0.224,0.281,0.495
33100,0.221,0.287,0.492
33200,0.211,0.284,0.505
33300,0.242,0.284,0.474
33400,0.236,0.283,0.481
33500,0.223,0.283,0.494
33600,0.228,0.287,0.485
33700,0.222,0.289,0.489
33800,0.224,0.294,0.482
33900,0.232,0.296,0.472
34000,0.228,0.295,0.477
34100,0.234,0.291,0.475
34200,0.237,0.294,0.469
34300,0.236,0.304,0.460
34400,0.233,0.301,0.466
34500,0.234,0.306,0.460
34600,0.229,0.313,0.459
34700,0.223,0.304,0.473
34800,0.221,0.300,0.479
34900,0.212,0.300,0.487
35000,0.209,0.305,0.485
35100,0.218,0.301,0.481
35200,0.216,0.304,0.480
35300,0.221,0.302,0.477
35400,0.224,0.299,0.477
35500,0.230,0.298,0.472
35600,0.228,0.294,0.478
35700,0.220,0.296,0.484
35800,0.216,0.297,0.487
35900,0.208,0.300,0.491
36000,0.207,0.299,0.493
36100,0.202,0.296,0.502
36200,0.208,0.298,0.493
36300,0.213,0.301,0.485
36400,0.225,0.307,0.468
36500,0.223,0.299,0.478
36600,0.231,0.292,0.477
36700,0.223,0.277,0.501
36800,0.217,0.278,0.506
36900,0.203,0.273,0.524
37000,0.208,0.283,0.509
37100,0.194,0.282,0.524
37200,0.193,0.282,0.525
37300,0.203,0.285,0.512
37400,0.213,0.290,0.496
37500,0.216,0.293,0.491
37600,0.205,0.302,0.492
37700,0.209,0.299,0.491
37800,0.213,0.295,0.491
37900,0.211,0.289,0.499
38000,0.204,0.288,0.508
38100,0.200,0.287,0.513
38200,0.202,0.304,0.493
38300,0.198,0.301,0.501
38400,0.191,0.292,0.517
38500,0.194,0.285,0.521
38600,0.194,0.282,0.524
38700,0.194,0.279,0.527
38800,0.190,0.289,0.521
38900,0.188,0.284,0.528
39000,0.184,0.291,0.525
39100,0.178,0.295,0.527
39200,0.176,0.291,0.533
39300,0.182,0.293,0.525
39400,0.188,0.290,0.522
39500,0.184,0.290,0.526
39600,0.195,0.301,0.504
39700,0.198,0.303,0.498
39800,0.208,0.306,0.485
39900,0.201,0.290,0.509
40000,0.204,0.290,0.506
40100,0.190,0.285,0.525
40200,0.186,0.287,0.527
40300,0.188,0.284,0.528
40400,0.193,0.278,0.529
40500,0.194,0.278,0.528
40600,0.197,0.280,0.523
40700,0.197,0.279,0.524
40800,0.206,0.281,0.513
40900,0.210,0.277,0.513
41000,0.205,0.274,0.521
41100,0.204,0.284,0.512
41200,0.206,0.282,0.512
41300,0.204,0.283,0.513
41400,0.195,0.283,0.522
41500,0.206,0.282,0.512
41600,0.205,0.278,0.517
41700,0.201,0.290,0.509
41800,0.211,0.287,0.502
41900,0.208,0.268,0.524
42000,0.211,0.271,0.518
42100,0.212,0.286,0.502
42200,0.197,0.280,0.523
42300,0.192,0.277,0.531
42400,0.195,0.276,0.529
42500,0.187,0.276,0.537
42600,0.188,0.276,0.536
42700,0.192,0.267,0.541
42800,0.190,0.275,0.535
42900,0.190,0.282,0.528
43000,0.183,0.288,0.529
43100,0.178,0.284,0.538
43200,0.186,0.285,0.529
43300,0.189,0.279,0.532
43400,0.200,0.271,0.529
43500,0.193,0.274,0.533
43600,0.188,0.267,0.545
43700,0.186,0.268,0.546
43800,0.189,0.275,0.536
43900,0.188,0.271,0.541
44000,0.186,0.277,0.537
44100,0.192,0.260,0.547
44200,0.210,0.261,0.528
44300,0.220,0.266,0.515
44400,0.217,0.269,0.515
44500,0.201,0.287,0.512
44600,0.205,0.282,0.513
44700,0.217,0.275,0.509
44800,0.222,0.267,0.512
44900,0.225,0.261,0.514
45000,0.223,0.260,0.517
45100,0.229,0.265,0.507
45200,0.223,0.263,0.515
45300,0.210,0.258,0.531
45400,0.198,0.258,0.543
45500,0.202,0.258,0.539
45600,0.197,0.267,0.536
45700,0.200,0.269,0.531
45800,0.207,0.260,0.532
45900,0.210,0.264,0.526
46000,0.224,0.273,0.504
46100,0.234,0.267,0.499
46200,0.238,0.265,0.497
46300,0.232,0.263,0.506
46400,0.223,0.274,0.504
46500,0.225,0.274,0.502
46600,0.213,0.272,0.515
46700,0.213,0.269,0.518
46800,0.218,0.263,0.520
46900,0.222,0.252,0.526
47000,0.231,0.242,0.527
47100,0.217,0.249,0.534
47200,0.218,0.251,0.531
47300,0.226,0.255,0.519
47400,0.215,0.259,0.526
47500,0.213,0.263,0.524
47600,0.200,0.261,0.538
47700,0.207,0.264,0.529
47800,0.212,0.254,0.533
47900,0.205,0.251,0.543
48000,0.202,0.253,0.544
48100,0.200,0.252,0.547
48200,0.206,0.259,0.534
48300,0.206,0.256,0.537
48400,0.210,0.257,0.532
48500,0.205,0.267,0.528
48600,0.200,0.267,0.533
48700,0.196,0.269,0.535
48800,0.198,0.267,0.535
48900,0.189,0.266,0.545
49000,0.196,0.266,0.538
49100,0.199,0.266,0.535
49200,0.191,0.276,0.533
49300,0.180,0.271,0.550
49400,0.178,0.264,0.559
49500,0.176,0.261,0.563
49600,0.175,0.264,0.562
49700,0.176,0.272,0.553
49800,0.177,0.272,0.552
49900,0.181,0.284,0.535
50000,0.179,0.287,0.534
50100,0.174,0.279,0.547
50200,0.173,0.272,0.556
50300,0.177,0.278,0.545
50400,0.177,0.277,0.546
50500,0.191,0.268,0.541
50600,0.187,0.264,0.550
50700,0.185,0.264,0.552
50800,0.182,0.264,0.555
50900,0.193,0.265,0.542
51000,0.190,0.257,0.553
51100,0.178,0.270,0.553
51200,0.178,0.263,0.560
51300,0.178,0.258,0.564
51400,0.180,0.259,0.561
51500,0.178,0.270,0.553
51600,0.193,0.259,0.547
51700,0.196,0.255,0.549
51800,0.190,0.258,0.552
51900,0.197,0.254,0.549
52000,0.202,0.252,0.545
52100,0.213,0.253,0.533
52200,0.223,0.253,0.524
52300,0.228,0.246,0.526
52400,0.236,0.241,0.523
52500,0.242,0.234,0.524
52600,0.245,0.237,0.518
52700,0.243,0.256,0.501
52800,0.240,0.255,0.505
52900,0.244,0.252,0.504
53000,0.247,0.249,0.504
53100,0.240,0.251,0.509
53200,0.248,0.246,0.506
53300,0.250,0.250,0.499
53400,0.245,0.243,0.512
53500,0.247,0.240,0.513
53600,0.242,0.239,0.519
53700,0.241,0.227,0.532
53800,0.243,0.234,0.523
53900,0.242,0.241,0.517
54000,0.230,0.237,0.533
54100,0.222,0.241,0.537
54200,0.225,0.253,0.522
54300,0.221,0.252,0.527
54400,0.213,0.257,0.529
54500,0.199,0.258,0.542
54600,0.198,0.257,0.544
54700,0.200,0.266,0.534
54800,0.195,0.255,0.550
54900,0.202,0.257,0.540
55000,0.197,0.261,0.541
55100,0.211,0.257,0.531
55200,0.200,0.256,0.543
55300,0.207,0.257,0.535
55400,0.227,0.256,0.517
55500,0.221,0.245,0.534
55600,0.226,0.243,0.531
55700,0.231,0.259,0.510
55800,0.223,0.253,0.524
55900,0.221,0.252,0.527
56000,0.219,0.258,0.523
56100,0.215,0.263,0.523
56200,0.220,0.260,0.520
56300,0.222,0.246,0.532
56400,0.228,0.244,0.528
56500,0.216,0.236,0.549
56600,0.225,0.239,0.536
56700,0.223,0.241,0.536
56800,0.222,0.234,0.544
56900,0.226,0.240,0.534
57000,0.220,0.234,0.546
57100,0.221,0.238,0.541
57200,0.213,0.239,0.547
57300,0.204,0.243,0.553
57400,0.219,0.245,0.536
57500,0.224,0.243,0.533
57600,0.210,0.246,0.543
57700,0.223,0.244,0.533
57800,0.225,0.245,0.530
57900,0.228,0.240,0.532
58000,0.239,0.237,0.524
58100,0.224,0.231,0.545
58200,0.218,0.223,0.560
58300,0.227,0.219,0.555
58400,0.235,0.217,0.549
58500,0.243,0.209,0.547
58600,0.240,0.213,0.546
58700,0.231,0.216,0.554
58800,0.237,0.219,0.544
58900,0.252,0.223,0.525
59000,0.255,0.233,0.512
59100,0.253,0.228,0.519
59200,0.248,0.213,0.538
59300,0.249,0.208,0.542
59400,0.240,0.221,0.539
59500,0.229,0.217,0.555
59600,0.227,0.218,0.556
59700,0.228,0.222,0.551
59800,0.221,0.218,0.562
59900,0.233,0.205,0.562
60000,0.226,0.201,0.573
60100,0.224,0.202,0.574
60200,0.218,0.208,0.574
60300,0.220,0.210,0.570
60400,0.223,0.211,0.566
60500,0.222,0.213,0.565
60600,0.224,0.209,0.567
60700,0.236,0.217,0.547
60800,0.224,0.217,0.560
60900,0.223,0.212,0.565
61000,0.223,0.208,0.569
61100,0.241,0.208,0.551
61200,0.243,0.209,0.547
61300,0.245,0.209,0.545
61400,0.241,0.207,0.552
61500,0.237,0.220,0.543
61600,0.250,0.216,0.534
61700,0.251,0.225,0.524
61800,0.247,0.218,0.535
61900,0.244,0.218,0.538
62000,0.245,0.215,0.540
62100,0.246,0.211,0.542
62200,0.251,0.205,0.543
62300,0.250,0.209,0.540
62400,0.252,0.208,0.539
62500,0.246,0.211,0.542
62600,0.228,0.212,0.560
62700,0.221,0.208,0.571
62800,0.210,0.208,0.581
62900,0.202,0.213,0.584
63000,0.217,0.222,0.562
63100,0.208,0.230,0.562
63200,0.209,0.224,0.567
63300,0.209,0.224,0.567
63400,0.221,0.222,0.558
63500,0.216,0.222,0.563
63600,0.226,0.225,0.550
63700,0.232,0.229,0.539
63800,0.223,0.222,0.556
63900,0.228,0.221,0.552
64000,0.218,0.234,0.549
64100,0.216,0.231,0.554
64200,0.220,0.236,0.544
64300,0.224,0.233,0.543
64400,0.224,0.224,0.553
64500,0.235,0.223,0.542
64600,0.231,0.220,0.550
64700,0.241,0.207,0.552
64800,0.249,0.210,0.540
64900,0.256,0.204,0.539
65000,0.257,0.207,0.535
65100,0.254,0.227,0.519
65200,0.252,0.221,0.527
65300,0.250,0.217,0.533
65400,0.235,0.223,0.542
65500,0.246,0.221,0.533
65600,0.249,0.222,0.529
65700,0.258,0.230,0.512
65800,0.256,0.231,0.513
65900,0.256,0.221,0.523
66000,0.251,0.226,0.523
66100,0.247,0.230,0.523
66200,0.229,0.229,0.542
66300,0.231,0.226,0.543
66400,0.243,0.223,0.534
66500,0.252,0.220,0.528
66600,0.242,0.221,0.537
66700,0.244,0.210,0.545
66800,0.240,0.223,0.537
66900,0.244,0.220,0.536
67000,0.256,0.221,0.523
67100,0.254,0.226,0.520
67200,0.260,0.226,0.514
67300,0.250,0.219,0.531
67400,0.241,0.222,0.537
67500,0.255,0.222,0.523
67600,0.260,0.230,0.510
67700,0.259,0.231,0.510
67800,0.271,0.226,0.504
67900,0.261,0.233,0.506
68000,0.261,0.228,0.511
68100,0.274,0.229,0.497
68200,0.264,0.239,0.497
68300,0.259,0.246,0.494
68400,0.265,0.237,0.498
68500,0.263,0.240,0.497
68600,0.260,0.249,0.490
68700,0.258,0.241,0.501
68800,0.251,0.236,0.513
68900,0.246,0.243,0.511
69000,0.242,0.225,0.533
69100,0.242,0.225,0.533
69200,0.241,0.225,0.534
69300,0.218,0.228,0.555
69400,0.220,0.232,0.549
69500,0.223,0.223,0.555
69600,0.227,0.222,0.552
69700,0.237,0.215,0.549
69800,0.235,0.215,0.551
69900,0.231,0.217,0.553
70000,0.230,0.211,0.559
70100,0.225,0.210,0.565
70200,0.227,0.210,0.563
70300,0.229,0.210,0.561
70400,0.235,0.215,0.551
70500,0.237,0.216,0.547
70600,0.245,0.212,0.542
70700,0.239,0.208,0.553
70800,0.240,0.206,0.554
70900,0.233,0.212,0.555
71000,0.228,0.205,0.567
71100,0.220,0.205,0.575
71200,0.226,0.200,0.574
71300,0.225,0.198,0.577
71400,0.211,0.201,0.587
71500,0.218,0.196,0.586
71600,0.219,0.191,0.590
71700,0.224,0.195,0.581
71800,0.223,0.185,0.592
71900,0.228,0.193,0.579
72000,0.241,0.186,0.573
72100,0.245,0.184,0.571
72200,0.250,0.190,0.560
72300,0.257,0.200,0.542
72400,0.258,0.199,0.542
72500,0.257,0.201,0.541
72600,0.264,0.192,0.544
72700,0.267,0.194,0.539
72800,0.260,0.191,0.549
72900,0.263,0.188,0.550
73000,0.263,0.195,0.542
73100,0.248,0.197,0.555
73200,0.245,0.205,0.550
73300,0.249,0.205,0.545
73400,0.252,0.216,0.532
73500,0.248,0.203,0.549
73600,0.246,0.195,0.559
73700,0.248,0.197,0.555
73800,0.245,0.205,0.550
73900,0.237,0.203,0.560
74000,0.239,0.202,0.559
74100,0.246,0.210,0.543
74200,0.239,0.208,0.553
74300,0.236,0.209,0.555
74400,0.248,0.205,0.546
74500,0.252,0.207,0.540
74600,0.251,0.205,0.543
74700,0.257,0.210,0.532
74800,0.254,0.202,0.543
74900,0.258,0.200,0.541
75000,0.253,0.199,0.547
75100,0.255,0.197,0.547
75200,0.248,0.197,0.555
75300,0.250,0.200,0.550
75400,0.238,0.208,0.554
75500,0.235,0.217,0.549
75600,0.239,0.216,0.545
75700,0.240,0.200,0.560
75800,0.237,0.205,0.558
75900,0.247,0.205,0.547
76000,0.252,0.207,0.540
76100,0.251,0.211,0.537
76200,0.246,0.206,0.547
76300,0.238,0.211,0.551
76400,0.241,0.204,0.555
76500,0.234,0.210,0.556
76600,0.246,0.208,0.545
76700,0.241,0.208,0.551
76800,0.238,0.209,0.553
76900,0.232,0.210,0.558
77000,0.231,0.212,0.557
77100,0.243,0.208,0.549
77200,0.240,0.207,0.553
77300,0.240,0.217,0.543
77400,0.253,0.211,0.535
77500,0.258,0.209,0.532
77600,0.261,0.217,0.522
77700,0.253,0.218,0.529
77800,0.261,0.219,0.520
77900,0.249,0.223,0.528
78000,0.249,0.229,0.522
78100,0.245,0.219,0.536
78200,0.249,0.219,0.532
78300,0.251,0.220,0.529
78400,0.269,0.212,0.519
78500,0.251,0.213,0.535
78600,0.245,0.209,0.545
78700,0.250,0.208,0.541
78800,0.252,0.203,0.544
78900,0.247,0.205,0.547
79000,0.253,0.201,0.545
79100,0.249,0.195,0.556
79200,0.254,0.196,0.550
79300,0.241,0.191,0.568
79400,0.238,0.192,0.570
79500,0.252,0.187,0.561
79600,0.253,0.189,0.558
79700,0.252,0.191,0.557
79800,0.257,0.189,0.554
79900,0.273,0.183,0.544
80000,0.271,0.186,0.543
80100,0.273,0.184,0.543
80200,0.269,0.194,0.537
80300,0.274,0.206,0.520
80400,0.275,0.213,0.512
80500,0.268,0.217,0.516
80600,0.264,0.221,0.516
80700,0.265,0.219,0.517
80800,0.266,0.220,0.515
80900,0.275,0.204,0.521
81000,0.273,0.204,0.523
81100,0.261,0.209,0.529
81200,0.255,0.209,0.535
81300,0.267,0.210,0.523
81400,0.272,0.215,0.514
81500,0.260,0.209,0.530
81600,0.253,0.211,0.535
81700,0.245,0.216,0.539
81800,0.253,0.209,0.537
81900,0.251,0.213,0.535
82000,0.253,0.219,0.528
82100,0.252,0.219,0.529
82200,0.245,0.224,0.531
82300,0.246,0.223,0.531
82400,0.249,0.218,0.533
82500,0.244,0.227,0.529
82600,0.242,0.218,0.540
82700,0.244,0.200,0.556
82800,0.250,0.195,0.555
82900,0.254,0.197,0.549
83000,0.254,0.197,0.549
83100,0.259,0.198,0.542
83200,0.266,0.196,0.538
83300,0.258,0.191,0.551
83400,0.267,0.191,0.542
83500,0.268,0.191,0.541
83600,0.270,0.187,0.543
83700,0.261,0.188,0.551
83800,0.259,0.184,0.557
83900,0.267,0.189,0.544
84000,0.248,0.184,0.568
84100,0.255,0.182,0.563
84200,0.251,0.180,0.569
84300,0.244,0.181,0.575
84400,0.250,0.187,0.563
84500,0.245,0.182,0.573
84600,0.253,0.185,0.562
84700,0.274,0.183,0.543
84800,0.281,0.184,0.535
84900,0.276,0.178,0.546
85000,0.280,0.179,0.541
85100,0.270,0.188,0.542
85200,0.269,0.188,0.543
85300,0.264,0.185,0.552
85400,0.261,0.186,0.553
85500,0.260,0.195,0.544
85600,0.256,0.199,0.544
85700,0.257,0.203,0.539
85800,0.259,0.204,0.536
85900,0.257,0.199,0.543
86000,0.255,0.192,0.553
86100,0.254,0.185,0.561
86200,0.252,0.187,0.561
86300,0.248,0.198,0.554
86400,0.243,0.197,0.560
86500,0.239,0.195,0.566
86600,0.235,0.193,0.572
86700,0.236,0.197,0.567
86800,0.239,0.199,0.562
86900,0.220,0.206,0.574
87000,0.229,0.211,0.560
87100,0.234,0.209,0.557
87200,0.243,0.206,0.551
87300,0.243,0.203,0.554
87400,0.238,0.200,0.562
87500,0.236,0.203,0.561
87600,0.237,0.200,0.563
87700,0.240,0.200,0.560
87800,0.245,0.200,0.555
87900,0.244,0.199,0.557
88000,0.249,0.195,0.556
88100,0.248,0.202,0.550
88200,0.239,0.198,0.563
88300,0.227,0.194,0.579
88400,0.228,0.194,0.578
88500,0.232,0.195,0.573
88600,0.248,0.182,0.570
88700,0.247,0.176,0.577
88800,0.252,0.173,0.575
88900,0.261,0.172,0.567
89000,0.252,0.172,0.576
89100,0.253,0.180,0.567
89200,0.254,0.182,0.564
89300,0.256,0.193,0.551
89400,0.269,0.193,0.538
89500,0.253,0.195,0.552
89600,0.260,0.200,0.539
89700,0.258,0.208,0.533
89800,0.265,0.201,0.534
89900,0.271,0.199,0.530
90000,0.268,0.196,0.536
90100,0.261,0.200,0.538
90200,0.250,0.187,0.563
90300,0.245,0.197,0.558
90400,0.250,0.203,0.546
90500,0.247,0.202,0.551
90600,0.244,0.200,0.556
90700,0.239,0.202,0.559
90800,0.236,0.198,0.566
90900,0.248,0.207,0.544
91000,0.241,0.208,0.551
91100,0.231,0.206,0.563
91200,0.234,0.209,0.557
91300,0.221,0.206,0.573
91400,0.226,0.202,0.572
91500,0.223,0.206,0.571
91600,0.217,0.201,0.582
91700,0.212,0.204,0.583
91800,0.218,0.204,0.578
91900,0.213,0.211,0.575
92000,0.210,0.212,0.577
92100,0.224,0.218,0.559
92200,0.240,0.219,0.541
92300,0.243,0.227,0.530
92400,0.235,0.225,0.540
92500,0.239,0.208,0.553
92600,0.249,0.204,0.546
92700,0.249,0.201,0.550
92800,0.245,0.197,0.558
92900,0.240,0.197,0.563
93000,0.236,0.198,0.566
93100,0.229,0.193,0.578
93200,0.223,0.192,0.585
93300,0.225,0.190,0.585
93400,0.231,0.186,0.583
93500,0.237,0.184,0.579
93600,0.236,0.184,0.580
93700,0.234,0.196,0.570
93800,0.235,0.190,0.575
93900,0.236,0.187,0.577
94000,0.233,0.196,0.571
94100,0.231,0.195,0.574
94200,0.226,0.199,0.575
94300,0.230,0.201,0.569
94400,0.239,0.197,0.564
94500,0.251,0.198,0.551
94600,0.247,0.199,0.554
94700,0.251,0.204,0.544
94800,0.251,0.202,0.546
94900,0.263,0.200,0.537
95000,0.261,0.202,0.536
95100,0.252,0.197,0.551
95200,0.253,0.199,0.547
95300,0.247,0.203,0.550
95400,0.245,0.202,0.553
95500,0.240,0.208,0.552
95600,0.246,0.208,0.545
95700,0.245,0.208,0.546
95800,0.249,0.202,0.549
95900,0.246,0.215,0.539
96000,0.236,0.217,0.547
96100,0.237,0.216,0.547
96200,0.231,0.221,0.549
96300,0.240,0.219,0.541
96400,0.236,0.215,0.550
96500,0.240,0.206,0.554
96600,0.243,0.204,0.553
96700,0.245,0.194,0.561
96800,0.239,0.196,0.565
96900,0.245,0.203,0.552
97000,0.252,0.202,0.545
97100,0.239,0.208,0.553
97200,0.246,0.205,0.549
97300,0.243,0.204,0.553
97400,0.241,0.203,0.556
97500,0.224,0.204,0.572
97600,0.224,0.202,0.574
97700,0.221,0.210,0.569
97800,0.220,0.215,0.566
97900,0.213,0.209,0.577
98000,0.217,0.217,0.567
98100,0.228,0.216,0.557
98200,0.234,0.218,0.549
98300,0.243,0.208,0.549
98400,0.233,0.207,0.560
98500,0.234,0.208,0.558
98600,0.227,0.217,0.557
98700,0.224,0.219,0.558
98800,0.225,0.217,0.559
98900,0.225,0.208,0.567
99000,0.229,0.211,0.560
99100,0.224,0.211,0.565
99200,0.224,0.200,0.576
99300,0.232,0.204,0.564
99400,0.220,0.213,0.567
99500,0.230,0.215,0.556
99600,0.242,0.207,0.551
99700,0.234,0.215,0.552
99800,0.225,0.205,0.570
99900,0.229,0.208,0.563
100000,0.211,0.211,0.577
