time,n_A+p,n_B,n_AB
100,0.030,0.969,0.001
200,0.030,0.965,0.005
300,0.030,0.951,0.019
400,0.030,0.945,0.026
500,0.030,0.945,0.026
600,0.030,0.940,0.031
700,0.030,0.937,0.034
800,0.032,0.934,0.035
900,0.032,0.932,0.037
1000,0.033,0.923,0.044
1100,0.033,0.920,0.047
1200,0.032,0.906,0.062
1300,0.034,0.907,0.059
1400,0.036,0.905,0.059
1500,0.035,0.903,0.062
1600,0.035,0.901,0.064
1700,0.033,0.880,0.087
1800,0.033,0.877,0.090
1900,0.038,0.876,0.086
2000,0.038,0.854,0.108
2100,0.035,0.828,0.137
2200,0.036,0.820,0.144
2300,0.035,0.815,0.150
2400,0.033,0.820,0.147
2500,0.035,0.819,0.146
2600,0.034,0.820,0.146
2700,0.039,0.828,0.133
2800,0.040,0.823,0.137
2900,0.042,0.809,0.149
3000,0.042,0.804,0.154
3100,0.047,0.799,0.154
3200,0.050,0.794,0.156
3300,0.050,0.800,0.150
3400,0.049,0.799,0.152
3500,0.049,0.790,0.161
3600,0.053,0.797,0.150
3700,0.054,0.802,0.144
3800,0.054,0.808,0.138
3900,0.054,0.803,0.143
4000,0.055,0.800,0.145
4100,0.050,0.796,0.154
4200,0.054,0.800,0.146
4300,0.051,0.792,0.157
4400,0.051,0.782,0.166
4500,0.047,0.782,0.171
4600,0.053,0.780,0.166
4700,0.054,0.780,0.165
4800,0.050,0.783,0.166
4900,0.050,0.767,0.183
5000,0.051,0.774,0.175
5100,0.055,0.779,0.165
5200,0.050,0.779,0.171
5300,0.051,0.761,0.188
5400,0.050,0.758,0.192
5500,0.050,0.750,0.200
5600,0.051,0.740,0.209
5700,0.057,0.747,0.196
5800,0.056,0.729,0.215
5900,0.061,0.718,0.221
6000,0.058,0.720,0.222
6100,0.061,0.716,0.223
6200,0.076,0.711,0.213
6300,0.069,0.706,0.225
6400,0.075,0.696,0.230
6500,0.084,0.683,0.233
6600,0.090,0.684,0.226
6700,0.088,0.677,0.235
6800,0.085,0.674,0.241
6900,0.084,0.667,0.249
7000,0.083,0.658,0.259
7100,0.081,0.639,0.280
7200,0.086,0.634,0.280
7300,0.091,0.621,0.288
7400,0.087,0.626,0.287
7500,0.097,0.617,0.286
7600,0.104,0.619,0.277
7700,0.108,0.614,0.278
7800,0.107,0.605,0.288
7900,0.117,0.596,0.287
8000,0.129,0.596,0.276
8100,0.129,0.596,0.276
8200,0.129,0.596,0.276
8300,0.131,0.599,0.271
8400,0.123,0.608,0.270
8500,0.127,0.610,0.264
8600,0.118,0.608,0.274
8700,0.114,0.609,0.277
8800,0.115,0.608,0.277
8900,0.109,0.599,0.292
9000,0.112,0.598,0.290
9100,0.118,0.609,0.273
9200,0.113,0.608,0.279
9300,0.112,0.607,0.281
9400,0.115,0.609,0.276
9500,0.112,0.603,0.285
9600,0.120,0.598,0.283
9700,0.122,0.594,0.284
9800,0.117,0.596,0.287
9900,0.122,0.598,0.281
10000,0.123,0.604,0.274
10100,0.120,0.601,0.280
10200,0.126,0.606,0.269
10300,0.131,0.605,0.265
10400,0.129,0.588,0.283
10500,0.125,0.587,0.288
10600,0.129,0.594,0.277
10700,0.138,0.578,0.284
10800,0.139,0.579,0.282
10900,0.136,0.571,0.293
11000,0.134,0.567,0.299
11100,0.125,0.570,0.305
11200,0.134,0.574,0.292
11300,0.131,0.571,0.298
11400,0.136,0.560,0.304
11500,0.139,0.560,0.301
11600,0.139,0.565,0.296
11700,0.143,0.564,0.293
11800,0.136,0.566,0.298
11900,0.128,0.572,0.300
12000,0.131,0.563,0.306
12100,0.129,0.559,0.313
12200,0.129,0.565,0.306
12300,0.125,0.569,0.306
12400,0.116,0.562,0.322
12500,0.117,0.565,0.318
12600,0.116,0.555,0.329
12700,0.123,0.551,0.327
12800,0.128,0.541,0.331
12900,0.125,0.558,0.318
13000,0.121,0.558,0.322
13100,0.108,0.546,0.345
13200,0.109,0.541,0.349
13300,0.112,0.545,0.342
13400,0.112,0.550,0.338
13500,0.117,0.546,0.336
13600,0.107,0.547,0.345
13700,0.110,0.549,0.341
13800,0.111,0.554,0.335
13900,0.110,0.550,0.340
14000,0.115,0.557,0.328
14100,0.115,0.555,0.330
14200,0.117,0.547,0.335
14300,0.113,0.539,0.347
14400,0.112,0.542,0.345
14500,0.107,0.550,0.343
14600,0.114,0.543,0.342
14700,0.111,0.529,0.360
14800,0.125,0.538,0.337
14900,0.121,0.540,0.339
15000,0.114,0.540,0.345
15100,0.116,0.546,0.337
15200,0.115,0.540,0.344
15300,0.114,0.531,0.354
15400,0.115,0.541,0.343
15500,0.125,0.552,0.324
15600,0.118,0.555,0.327
15700,0.114,0.545,0.340
15800,0.116,0.518,0.366
15900,0.120,0.520,0.361
16000,0.120,0.520,0.361
16100,0.140,0.526,0.334
16200,0.145,0.509,0.346
16300,0.156,0.512,0.332
16400,0.151,0.515,0.334
16500,0.153,0.517,0.330
16600,0.151,0.517,0.332
16700,0.138,0.513,0.349
16800,0.127,0.510,0.364
16900,0.141,0.501,0.359
17000,0.142,0.511,0.347
17100,0.146,0.510,0.344
17200,0.150,0.513,0.337
17300,0.157,0.513,0.330
17400,0.155,0.505,0.340
17500,0.165,0.504,0.331
17600,0.173,0.507,0.321
17700,0.168,0.506,0.327
17800,0.163,0.505,0.332
17900,0.162,0.505,0.333
18000,0.160,0.494,0.345
18100,0.162,0.496,0.341
18200,0.145,0.495,0.360
18300,0.137,0.499,0.364
18400,0.149,0.490,0.361
18500,0.153,0.480,0.367
18600,0.153,0.485,0.362
18700,0.161,0.478,0.361
18800,0.160,0.479,0.361
18900,0.157,0.488,0.354
19000,0.152,0.481,0.367
19100,0.143,0.469,0.388
19200,0.144,0.472,0.384
19300,0.145,0.466,0.389
19400,0.152,0.459,0.389
19500,0.164,0.463,0.373
19600,0.154,0.458,0.388
19700,0.155,0.466,0.379
19800,0.169,0.466,0.366
19900,0.171,0.465,0.365
20000,0.170,0.465,0.366
20100,0.156,0.474,0.370
20200,0.158,0.476,0.366
20300,0.161,0.471,0.368
20400,0.158,0.472,0.370
20500,0.160,0.473,0.367
20600,0.163,0.462,0.375
20700,0.174,0.466,0.361
20800,0.164,0.466,0.370
20900,0.170,0.472,0.359
21000,0.168,0.466,0.367
21100,0.161,0.461,0.378
21200,0.155,0.458,0.387
21300,0.149,0.469,0.382
21400,0.151,0.451,0.397
21500,0.155,0.438,0.407
21600,0.166,0.451,0.382
21700,0.165,0.468,0.367
21800,0.164,0.448,0.387
21900,0.158,0.458,0.384
22000,0.157,0.466,0.377
22100,0.156,0.471,0.373
22200,0.153,0.456,0.391
22300,0.154,0.450,0.395
22400,0.153,0.446,0.400
22500,0.169,0.434,0.397
22600,0.159,0.436,0.404
22700,0.161,0.430,0.409
22800,0.159,0.430,0.411
22900,0.160,0.425,0.415
23000,0.175,0.432,0.393
23100,0.184,0.432,0.384
23200,0.190,0.427,0.383
23300,0.189,0.430,0.381
23400,0.186,0.428,0.386
23500,0.193,0.424,0.383
23600,0.189,0.415,0.396
23700,0.193,0.419,0.388
23800,0.191,0.414,0.395
23900,0.196,0.423,0.381
24000,0.189,0.422,0.389
24100,0.203,0.415,0.382
24200,0.205,0.410,0.385
24300,0.206,0.410,0.384
24400,0.216,0.409,0.376
24500,0.218,0.413,0.370
24600,0.219,0.404,0.377
24700,0.231,0.397,0.372
24800,0.241,0.412,0.347
24900,0.247,0.415,0.338
25000,0.235,0.404,0.361
25100,0.231,0.401,0.368
25200,0.229,0.404,0.367
25300,0.233,0.401,0.366
25400,0.240,0.408,0.352
25500,0.233,0.398,0.369
25600,0.230,0.399,0.371
25700,0.230,0.398,0.372
25800,0.234,0.398,0.368
25900,0.225,0.406,0.370
26000,0.226,0.411,0.364
26100,0.230,0.417,0.353
26200,0.224,0.412,0.365
26300,0.216,0.403,0.381
26400,0.221,0.404,0.375
26500,0.222,0.396,0.382
26600,0.226,0.399,0.375
26700,0.232,0.415,0.353
26800,0.238,0.417,0.345
26900,0.234,0.404,0.362
27000,0.234,0.409,0.358
27100,0.227,0.412,0.362
27200,0.230,0.417,0.353
27300,0.227,0.413,0.361
27400,0.224,0.415,0.362
27500,0.224,0.409,0.368
27600,0.224,0.400,0.376
27700,0.225,0.402,0.373
27800,0.240,0.384,0.376
27900,0.245,0.380,0.375
28000,0.245,0.378,0.377
28100,0.234,0.375,0.391
28200,0.226,0.368,0.407
28300,0.235,0.368,0.397
28400,0.244,0.383,0.373
28500,0.249,0.374,0.377
28600,0.254,0.374,0.372
28700,0.250,0.375,0.375
28800,0.252,0.365,0.383
28900,0.241,0.375,0.384
29000,0.243,0.373,0.384
29100,0.228,0.373,0.399
29200,0.217,0.371,0.413
29300,0.223,0.369,0.409
29400,0.226,0.365,0.410
29500,0.229,0.368,0.403
29600,0.232,0.379,0.389
29700,0.222,0.382,0.396
29800,0.209,0.391,0.399
29900,0.218,0.390,0.392
30000,0.220,0.392,0.388
30100,0.224,0.389,0.387
30200,0.224,0.389,0.387
30300,0.220,0.381,0.399
30400,0.223,0.377,0.400
30500,0.220,0.373,0.408
30600,0.212,0.366,0.422
30700,0.205,0.361,0.434
30800,0.205,0.369,0.426
30900,0.196,0.373,0.431
31000,0.194,0.372,0.434
31100,0.193,0.371,0.436
31200,0.191,0.382,0.427
31300,0.191,0.389,0.420
31400,0.202,0.394,0.403
31500,0.192,0.400,0.408
31600,0.204,0.394,0.401
31700,0.212,0.384,0.403
31800,0.216,0.377,0.408
31900,0.223,0.371,0.407
32000,0.230,0.364,0.407
32100,0.231,0.359,0.411
32200,0.227,0.356,0.417
32300,0.223,0.353,0.424
32400,0.218,0.356,0.426
32500,0.209,0.352,0.438
32600,0.216,0.346,0.438
32700,0.219,0.353,0.428
32800,0.211,0.364,0.425
32900,0.221,0.367,0.413
33000,0.224,0.364,0.413
33100,0.230,0.367,0.403
33200,0.234,0.367,0.399
33300,0.226,0.366,0.409
33400,0.225,0.367,0.409
33500,0.222,0.367,0.412
33600,0.217,0.370,0.414
33700,0.221,0.375,0.404
33800,0.212,0.375,0.413
33900,0.213,0.379,0.408
34000,0.220,0.392,0.388
34100,0.217,0.390,0.393
34200,0.220,0.386,0.394
34300,0.221,0.369,0.411
34400,0.222,0.371,0.408
34500,0.235,0.368,0.397
34600,0.235,0.360,0.406
34700,0.229,0.350,0.421
34800,0.236,0.345,0.419
34900,0.235,0.347,0.418
35000,0.242,0.341,0.417
35100,0.240,0.337,0.423
35200,0.259,0.339,0.401
35300,0.255,0.348,0.396
35400,0.254,0.358,0.388
35500,0.250,0.354,0.395
35600,0.251,0.361,0.388
35700,0.243,0.363,0.394
35800,0.234,0.353,0.413
35900,0.233,0.355,0.412
36000,0.222,0.353,0.425
36100,0.216,0.366,0.419
36200,0.209,0.370,0.421
36300,0.224,0.373,0.403
36400,0.207,0.371,0.422
36500,0.208,0.377,0.415
36600,0.201,0.376,0.423
36700,0.205,0.374,0.421
36800,0.203,0.374,0.423
36900,0.210,0.372,0.418
37000,0.210,0.372,0.418
37100,0.216,0.383,0.401
37200,0.218,0.380,0.402
37300,0.211,0.379,0.410
37400,0.205,0.377,0.418
37500,0.212,0.376,0.412
37600,0.223,0.377,0.400
37700,0.222,0.391,0.387
37800,0.234,0.380,0.386
37900,0.235,0.373,0.392
38000,0.227,0.371,0.402
38100,0.235,0.369,0.396
38200,0.230,0.346,0.424
38300,0.232,0.347,0.421
38400,0.232,0.359,0.410
38500,0.232,0.353,0.415
38600,0.228,0.351,0.421
38700,0.229,0.356,0.415
38800,0.228,0.360,0.413
38900,0.230,0.363,0.408
39000,0.223,0.368,0.410
39100,0.228,0.366,0.407
39200,0.230,0.364,0.407
39300,0.228,0.379,0.393
39400,0.215,0.370,0.416
39500,0.226,0.349,0.425
39600,0.238,0.349,0.413
39700,0.238,0.356,0.406
39800,0.247,0.351,0.401
39900,0.242,0.356,0.401
40000,0.224,0.359,0.418
40100,0.238,0.352,0.410
40200,0.240,0.350,0.410
40300,0.241,0.349,0.410
40400,0.247,0.356,0.396
40500,0.241,0.360,0.399
40600,0.240,0.363,0.397
40700,0.249,0.351,0.399
40800,0.251,0.348,0.400
40900,0.254,0.350,0.395
41000,0.255,0.351,0.393
41100,0.260,0.349,0.390
41200,0.273,0.351,0.376
41300,0.266,0.349,0.385
41400,0.274,0.348,0.378
41500,0.271,0.341,0.388
41600,0.272,0.345,0.383
41700,0.282,0.335,0.383
41800,0.265,0.339,0.396
41900,0.272,0.336,0.392
42000,0.268,0.342,0.390
42100,0.258,0.343,0.398
42200,0.249,0.343,0.408
42300,0.259,0.346,0.394
42400,0.258,0.338,0.403
42500,0.261,0.336,0.402
42600,0.263,0.342,0.395
42700,0.255,0.343,0.401
42800,0.253,0.349,0.397
42900,0.249,0.340,0.411
43000,0.250,0.342,0.408
43100,0.243,0.336,0.421
43200,0.251,0.352,0.396
43300,0.247,0.341,0.412
43400,0.242,0.338,0.420
43500,0.257,0.332,0.411
43600,0.251,0.331,0.418
43700,0.251,0.329,0.420
43800,0.242,0.332,0.426
43900,0.260,0.333,0.407
44000,0.258,0.324,0.418
44100,0.255,0.325,0.420
44200,0.255,0.321,0.424
44300,0.259,0.323,0.418
44400,0.263,0.319,0.419
44500,0.254,0.326,0.420
44600,0.260,0.317,0.423
44700,0.256,0.311,0.433
44800,0.255,0.315,0.430
44900,0.261,0.313,0.426
45000,0.250,0.314,0.436
45100,0.251,0.313,0.436
45200,0.246,0.313,0.441
45300,0.241,0.309,0.449
45400,0.250,0.311,0.439
45500,0.259,0.325,0.416
45600,0.261,0.327,0.412
45700,0.264,0.328,0.409
45800,0.285,0.332,0.383
45900,0.282,0.327,0.391
46000,0.282,0.327,0.391
46100,0.280,0.315,0.406
46200,0.278,0.304,0.418
46300,0.287,0.299,0.414
46400,0.285,0.298,0.417
46500,0.281,0.312,0.408
46600,0.281,0.311,0.409
46700,0.264,0.305,0.431
46800,0.276,0.307,0.417
46900,0.270,0.304,0.426
47000,0.263,0.303,0.434
47100,0.264,0.297,0.439
47200,0.261,0.300,0.438
47300,0.260,0.295,0.444
47400,0.270,0.307,0.423
47500,0.274,0.302,0.424
47600,0.269,0.295,0.436
47700,0.265,0.311,0.425
47800,0.257,0.301,0.441
47900,0.270,0.304,0.426
48000,0.266,0.306,0.428
48100,0.255,0.304,0.440
48200,0.266,0.304,0.430
48300,0.258,0.304,0.437
48400,0.256,0.304,0.439
48500,0.261,0.292,0.446
48600,0.261,0.303,0.435
48700,0.260,0.313,0.427
48800,0.257,0.309,0.433
48900,0.255,0.302,0.442
49000,0.249,0.304,0.446
49100,0.269,0.303,0.428
49200,0.251,0.304,0.444
49300,0.246,0.308,0.445
49400,0.250,0.316,0.434
49500,0.251,0.315,0.434
49600,0.254,0.317,0.429
49700,0.248,0.318,0.434
49800,0.250,0.316,0.434
49900,0.255,0.313,0.432
50000,0.250,0.305,0.444
50100,0.251,0.301,0.447
50200,0.256,0.300,0.443
50300,0.264,0.302,0.434
50400,0.249,0.300,0.450
50500,0.256,0.303,0.440
50600,0.268,0.292,0.440
50700,0.271,0.296,0.433
50800,0.285,0.290,0.425
50900,0.285,0.287,0.428
51000,0.281,0.289,0.430
51100,0.275,0.286,0.439
51200,0.260,0.277,0.463
51300,0.268,0.277,0.456
51400,0.263,0.269,0.469
51500,0.263,0.277,0.461
51600,0.267,0.272,0.462
51700,0.272,0.276,0.453
51800,0.275,0.271,0.455
51900,0.255,0.269,0.476
52000,0.253,0.273,0.474
52100,0.260,0.264,0.476
52200,0.250,0.275,0.475
52300,0.249,0.272,0.479
52400,0.235,0.286,0.479
52500,0.226,0.278,0.496
52600,0.239,0.277,0.484
52700,0.249,0.272,0.479
52800,0.250,0.281,0.469
52900,0.245,0.285,0.470
53000,0.234,0.285,0.481
53100,0.236,0.283,0.481
53200,0.239,0.288,0.473
53300,0.240,0.299,0.461
53400,0.256,0.297,0.446
53500,0.249,0.293,0.458
53600,0.244,0.293,0.463
53700,0.246,0.288,0.466
53800,0.249,0.281,0.470
53900,0.243,0.286,0.471
54000,0.251,0.284,0.465
54100,0.261,0.283,0.456
54200,0.258,0.277,0.465
54300,0.258,0.276,0.466
54400,0.255,0.283,0.462
54500,0.260,0.289,0.450
54600,0.274,0.277,0.449
54700,0.258,0.281,0.461
54800,0.274,0.277,0.449
54900,0.275,0.279,0.446
55000,0.279,0.284,0.437
55100,0.277,0.284,0.439
55200,0.285,0.278,0.437
55300,0.297,0.271,0.432
55400,0.302,0.278,0.420
55500,0.299,0.272,0.429
55600,0.301,0.276,0.423
55700,0.296,0.274,0.430
55800,0.295,0.283,0.422
55900,0.295,0.278,0.427
56000,0.297,0.277,0.426
56100,0.294,0.281,0.425
56200,0.295,0.288,0.417
56300,0.293,0.284,0.423
56400,0.296,0.289,0.415
56500,0.289,0.289,0.422
56600,0.283,0.282,0.435
56700,0.282,0.288,0.430
56800,0.271,0.281,0.448
56900,0.278,0.288,0.434
57000,0.280,0.295,0.425
57100,0.270,0.291,0.439
57200,0.270,0.286,0.444
57300,0.270,0.279,0.451
57400,0.273,0.279,0.448
57500,0.275,0.283,0.442
57600,0.281,0.282,0.437
57700,0.278,0.287,0.435
57800,0.283,0.286,0.431
57900,0.274,0.291,0.435
58000,0.272,0.293,0.435
58100,0.270,0.289,0.441
58200,0.261,0.289,0.449
58300,0.273,0.298,0.429
58400,0.286,0.302,0.412
58500,0.288,0.298,0.414
58600,0.303,0.297,0.399
58700,0.307,0.290,0.402
58800,0.305,0.279,0.416
58900,0.288,0.282,0.430
59000,0.298,0.292,0.410
59100,0.303,0.286,0.411
59200,0.312,0.284,0.404
59300,0.308,0.283,0.409
59400,0.308,0.281,0.411
59500,0.307,0.281,0.412
59600,0.298,0.285,0.417
59700,0.286,0.284,0.430
59800,0.284,0.281,0.435
59900,0.281,0.281,0.438
60000,0.284,0.278,0.438
60100,0.279,0.276,0.445
60200,0.295,0.270,0.435
60300,0.304,0.263,0.433
60400,0.306,0.274,0.420
60500,0.314,0.279,0.408
60600,0.329,0.277,0.394
60700,0.325,0.269,0.407
60800,0.323,0.271,0.407
60900,0.319,0.275,0.407
61000,0.311,0.279,0.411
61100,0.306,0.276,0.418
61200,0.308,0.278,0.414
61300,0.316,0.278,0.407
61400,0.299,0.278,0.423
61500,0.285,0.278,0.437
61600,0.284,0.279,0.437
61700,0.280,0.289,0.431
61800,0.280,0.286,0.434
61900,0.284,0.283,0.433
62000,0.297,0.277,0.426
62100,0.284,0.272,0.444
62200,0.287,0.269,0.444
62300,0.281,0.263,0.457
62400,0.297,0.271,0.432
62500,0.297,0.270,0.433
62600,0.301,0.271,0.428
62700,0.304,0.269,0.427
62800,0.311,0.290,0.399
62900,0.306,0.282,0.412
63000,0.299,0.272,0.429
63100,0.303,0.274,0.423
63200,0.298,0.273,0.429
63300,0.316,0.264,0.421
63400,0.309,0.268,0.423
63500,0.291,0.271,0.438
63600,0.291,0.269,0.440
63700,0.291,0.277,0.432
63800,0.303,0.283,0.414
63900,0.304,0.281,0.415
64000,0.307,0.278,0.415
64100,0.313,0.271,0.417
64200,0.314,0.271,0.416
64300,0.300,0.278,0.422
64400,0.298,0.277,0.425
64500,0.291,0.272,0.437
64600,0.290,0.281,0.429
64700,0.289,0.274,0.437
64800,0.285,0.271,0.444
64900,0.289,0.259,0.451
65000,0.297,0.266,0.437
65100,0.303,0.275,0.422
65200,0.306,0.276,0.418
65300,0.306,0.284,0.410
65400,0.316,0.277,0.408
65500,0.314,0.275,0.412
65600,0.321,0.266,0.414
65700,0.329,0.268,0.403
65800,0.344,0.269,0.387
65900,0.349,0.266,0.385
66000,0.356,0.263,0.381
66100,0.350,0.266,0.384
66200,0.340,0.261,0.398
66300,0.349,0.252,0.398
66400,0.343,0.243,0.414
66500,0.343,0.248,0.409
66600,0.341,0.249,0.410
66700,0.332,0.254,0.414
66800,0.337,0.258,0.404
66900,0.328,0.260,0.412
67000,0.331,0.267,0.402
67100,0.336,0.264,0.400
67200,0.329,0.264,0.408
67300,0.334,0.264,0.402
67400,0.324,0.257,0.419
67500,0.334,0.257,0.409
67600,0.336,0.253,0.411
67700,0.322,0.254,0.424
67800,0.314,0.255,0.431
67900,0.320,0.257,0.423
68000,0.306,0.253,0.440
68100,0.317,0.245,0.438
68200,0.322,0.246,0.432
68300,0.325,0.251,0.424
68400,0.327,0.264,0.410
68500,0.333,0.267,0.400
68600,0.337,0.260,0.402
68700,0.313,0.258,0.429
68800,0.299,0.257,0.443
68900,0.297,0.267,0.436
69000,0.294,0.264,0.442
69100,0.303,0.260,0.436
69200,0.327,0.256,0.417
69300,0.323,0.267,0.411
69400,0.325,0.263,0.413
69500,0.320,0.259,0.421
69600,0.308,0.263,0.429
69700,0.318,0.261,0.421
69800,0.324,0.260,0.416
69900,0.321,0.248,0.431
70000,0.315,0.254,0.431
70100,0.318,0.254,0.428
70200,0.316,0.254,0.430
70300,0.316,0.258,0.426
70400,0.325,0.260,0.415
70500,0.322,0.250,0.428
70600,0.323,0.249,0.428
70700,0.306,0.245,0.448
70800,0.306,0.246,0.447
70900,0.303,0.253,0.443
71000,0.326,0.258,0.416
71100,0.331,0.255,0.414
71200,0.329,0.250,0.421
71300,0.329,0.238,0.433
71400,0.316,0.245,0.439
71500,0.317,0.240,0.443
71600,0.319,0.239,0.442
71700,0.326,0.247,0.427
71800,0.315,0.246,0.439
71900,0.321,0.245,0.434
72000,0.305,0.255,0.439
72100,0.303,0.254,0.442
72200,0.304,0.252,0.443
72300,0.326,0.248,0.426
72400,0.323,0.250,0.427
72500,0.328,0.258,0.414
72600,0.324,0.259,0.417
72700,0.323,0.256,0.421
72800,0.329,0.254,0.417
72900,0.324,0.256,0.420
73000,0.326,0.249,0.425
73100,0.329,0.255,0.416
73200,0.319,0.254,0.427
73300,0.318,0.257,0.425
73400,0.303,0.255,0.441
73500,0.301,0.258,0.440
73600,0.299,0.258,0.442
73700,0.322,0.265,0.414
73800,0.323,0.269,0.409
73900,0.309,0.269,0.422
74000,0.308,0.266,0.426
74100,0.328,0.258,0.414
74200,0.322,0.261,0.417
74300,0.325,0.256,0.419
74400,0.317,0.246,0.437
74500,0.308,0.253,0.438
74600,0.314,0.255,0.431
74700,0.315,0.261,0.424
74800,0.318,0.264,0.419
74900,0.306,0.255,0.438
75000,0.315,0.260,0.425
75100,0.299,0.261,0.439
75200,0.308,0.271,0.421
75300,0.309,0.269,0.422
75400,0.305,0.270,0.425
75500,0.314,0.264,0.423
75600,0.311,0.264,0.426
75700,0.324,0.260,0.416
75800,0.328,0.263,0.410
75900,0.331,0.258,0.411
76000,0.338,0.250,0.412
76100,0.333,0.246,0.421
76200,0.323,0.245,0.432
76300,0.326,0.244,0.430
76400,0.344,0.241,0.415
76500,0.325,0.243,0.432
76600,0.330,0.238,0.432
76700,0.321,0.242,0.437
76800,0.329,0.239,0.432
76900,0.325,0.241,0.434
77000,0.327,0.253,0.420
77100,0.328,0.244,0.428
77200,0.327,0.248,0.425
77300,0.316,0.248,0.436
77400,0.319,0.242,0.439
77500,0.317,0.248,0.435
77600,0.315,0.247,0.438
77700,0.305,0.245,0.449
77800,0.305,0.239,0.456
77900,0.325,0.241,0.434
78000,0.326,0.237,0.437
78100,0.333,0.236,0.431
78200,0.323,0.231,0.446
78300,0.308,0.240,0.451
78400,0.314,0.228,0.459
78500,0.308,0.236,0.456
78600,0.313,0.255,0.432
78700,0.318,0.249,0.433
78800,0.320,0.244,0.436
78900,0.321,0.241,0.438
79000,0.318,0.247,0.435
79100,0.313,0.250,0.437
79200,0.308,0.259,0.432
79300,0.299,0.256,0.444
79400,0.286,0.261,0.453
79500,0.296,0.258,0.445
79600,0.294,0.253,0.453
79700,0.289,0.275,0.436
79800,0.298,0.276,0.426
79900,0.284,0.282,0.434
80000,0.290,0.289,0.421
80100,0.291,0.285,0.424
80200,0.291,0.279,0.430
80300,0.301,0.286,0.413
80400,0.304,0.278,0.418
80500,0.300,0.272,0.428
80600,0.300,0.268,0.432
80700,0.288,0.264,0.448
80800,0.273,0.266,0.462
80900,0.277,0.274,0.449
81000,0.279,0.273,0.448
81100,0.274,0.270,0.457
81200,0.264,0.260,0.476
81300,0.253,0.279,0.468
81400,0.265,0.277,0.459
81500,0.261,0.288,0.450
81600,0.256,0.289,0.455
81700,0.240,0.288,0.472
81800,0.241,0.289,0.470
81900,0.237,0.289,0.474
82000,0.239,0.291,0.470
82100,0.250,0.296,0.454
82200,0.251,0.285,0.464
82300,0.255,0.274,0.471
82400,0.251,0.272,0.477
82500,0.255,0.281,0.464
82600,0.261,0.270,0.469
82700,0.260,0.269,0.471
82800,0.246,0.271,0.483
82900,0.255,0.267,0.478
83000,0.245,0.270,0.485
83100,0.254,0.266,0.480
83200,0.250,0.264,0.486
83300,0.240,0.261,0.498
83400,0.250,0.250,0.499
83500,0.243,0.248,0.509
83600,0.244,0.256,0.499
83700,0.247,0.255,0.497
83800,0.234,0.254,0.512
83900,0.239,0.249,0.512
84000,0.252,0.258,0.489
84100,0.260,0.260,0.479
84200,0.264,0.254,0.482
84300,0.269,0.248,0.483
84400,0.250,0.252,0.497
84500,0.257,0.251,0.491
84600,0.260,0.256,0.483
84700,0.252,0.264,0.484
84800,0.257,0.266,0.477
84900,0.260,0.253,0.486
85000,0.279,0.250,0.471
85100,0.281,0.248,0.471
85200,0.288,0.250,0.462
85300,0.290,0.245,0.465
85400,0.282,0.242,0.476
85500,0.291,0.236,0.473
85600,0.280,0.238,0.482
85700,0.286,0.233,0.481
85800,0.277,0.238,0.485
85900,0.270,0.248,0.482
86000,0.280,0.255,0.465
86100,0.263,0.253,0.484
86200,0.259,0.258,0.482
86300,0.267,0.259,0.474
86400,0.260,0.260,0.479
86500,0.249,0.260,0.490
86600,0.250,0.251,0.498
86700,0.258,0.246,0.495
86800,0.263,0.241,0.496
86900,0.266,0.239,0.495
87000,0.264,0.237,0.499
87100,0.256,0.248,0.495
87200,0.272,0.240,0.488
87300,0.279,0.232,0.489
87400,0.291,0.235,0.474
87500,0.282,0.232,0.486
87600,0.269,0.228,0.504
87700,0.278,0.235,0.487
87800,0.278,0.241,0.481
87900,0.290,0.246,0.464
88000,0.279,0.243,0.478
88100,0.264,0.238,0.498
88200,0.256,0.237,0.507
88300,0.285,0.243,0.472
88400,0.284,0.237,0.479
88500,0.290,0.241,0.469
88600,0.275,0.234,0.491
88700,0.275,0.230,0.495
88800,0.272,0.232,0.496
88900,0.277,0.236,0.487
89000,0.273,0.236,0.491
89100,0.278,0.244,0.478
89200,0.282,0.242,0.476
89300,0.275,0.247,0.478
89400,0.276,0.243,0.481
89500,0.271,0.245,0.484
89600,0.287,0.243,0.470
89700,0.284,0.245,0.471
89800,0.290,0.249,0.461
89900,0.292,0.252,0.456
90000,0.297,0.260,0.442
90100,0.295,0.264,0.441
90200,0.294,0.260,0.445
90300,0.290,0.271,0.439
90400,0.281,0.255,0.464
90500,0.277,0.266,0.458
90600,0.287,0.267,0.446
90700,0.304,0.264,0.432
90800,0.296,0.263,0.441
90900,0.295,0.257,0.447
91000,0.282,0.257,0.461
91100,0.271,0.257,0.472
91200,0.281,0.258,0.461
91300,0.286,0.263,0.451
91400,0.285,0.268,0.447
91500,0.286,0.264,0.450
91600,0.292,0.258,0.449
91700,0.283,0.256,0.461
91800,0.274,0.267,0.460
91900,0.289,0.263,0.448
92000,0.286,0.268,0.446
92100,0.291,0.266,0.443
92200,0.293,0.265,0.442
92300,0.288,0.264,0.448
92400,0.296,0.258,0.445
92500,0.288,0.247,0.465
92600,0.286,0.253,0.461
92700,0.285,0.248,0.467
92800,0.283,0.249,0.468
92900,0.272,0.246,0.482
93000,0.287,0.247,0.466
93100,0.288,0.249,0.463
93200,0.299,0.252,0.448
93300,0.291,0.255,0.454
93400,0.286,0.245,0.469
93500,0.273,0.246,0.481
93600,0.268,0.249,0.483
93700,0.273,0.238,0.489
93800,0.264,0.239,0.497
93900,0.271,0.234,0.495
94000,0.295,0.232,0.473
94100,0.306,0.236,0.458
94200,0.300,0.246,0.454
94300,0.293,0.245,0.462
94400,0.295,0.241,0.464
94500,0.294,0.232,0.474
94600,0.295,0.221,0.484
94700,0.297,0.229,0.474
94800,0.294,0.233,0.473
94900,0.311,0.230,0.460
95000,0.315,0.226,0.460
95100,0.320,0.226,0.455
95200,0.322,0.232,0.446
95300,0.325,0.235,0.440
95400,0.327,0.231,0.442
95500,0.326,0.237,0.437
95600,0.331,0.242,0.427
95700,0.327,0.233,0.440
95800,0.322,0.226,0.453
95900,0.331,0.223,0.446
96000,0.335,0.222,0.443
96100,0.331,0.221,0.448
96200,0.346,0.223,0.431
96300,0.345,0.226,0.429
96400,0.351,0.221,0.428
96500,0.351,0.223,0.426
96600,0.359,0.218,0.424
96700,0.350,0.222,0.428
96800,0.352,0.225,0.423
96900,0.366,0.217,0.418
97000,0.365,0.219,0.417
97100,0.369,0.215,0.417
97200,0.356,0.225,0.419
97300,0.358,0.229,0.414
97400,0.363,0.229,0.409
97500,0.356,0.229,0.415
97600,0.370,0.227,0.403
97700,0.372,0.222,0.407
97800,0.372,0.213,0.415
97900,0.367,0.221,0.413
98000,0.364,0.220,0.417
98100,0.358,0.226,0.417
98200,0.373,0.231,0.396
98300,0.378,0.231,0.391
98400,0.384,0.225,0.391
98500,0.380,0.221,0.399
98600,0.383,0.224,0.393
98700,0.377,0.226,0.397
98800,0.376,0.228,0.396
98900,0.365,0.229,0.407
99000,0.366,0.224,0.411
99100,0.362,0.231,0.408
99200,0.368,0.231,0.401
99300,0.361,0.231,0.409
99400,0.362,0.232,0.407
99500,0.367,0.231,0.402
99600,0.384,0.229,0.387
99700,0.382,0.232,0.386
99800,0.388,0.229,0.383
99900,0.384,0.231,0.385
100000,0.386,0.234,0.380
