time,n_A+p,n_B,n_AB
500,0.080,0.787,0.133
1000,0.080,0.604,0.316
1500,0.083,0.444,0.474
2000,0.080,0.378,0.542
2500,0.098,0.310,0.592
3000,0.095,0.244,0.661
3500,0.093,0.209,0.698
4000,0.124,0.170,0.706
4500,0.134,0.171,0.696
5000,0.145,0.157,0.698
5500,0.203,0.102,0.696
6000,0.253,0.051,0.697
6500,0.393,0.025,0.583
7000,0.453,0.004,0.542
7500,0.571,0.001,0.429
8000,0.651,0.000,0.349
8500,0.707,0.000,0.293
9000,0.745,0.000,0.255
9500,0.739,0.000,0.261
10000,0.762,0.000,0.238
10500,0.805,0.000,0.195
11000,0.824,0.000,0.176
11500,0.848,0.000,0.152
12000,0.865,0.000,0.135
12500,0.859,0.000,0.141
13000,0.875,0.000,0.125
13500,0.911,0.000,0.089
14000,0.917,0.000,0.083
14500,0.942,0.000,0.058
15000,0.944,0.000,0.056
15500,0.964,0.000,0.036
16000,0.964,0.000,0.036
16500,0.964,0.000,0.036
17000,0.982,0.000,0.018
17500,0.991,0.000,0.009
18000,0.994,0.000,0.006
18500,0.996,0.000,0.004
19000,0.990,0.000,0.010
19500,0.991,0.000,0.009
20000,0.992,0.000,0.008
20500,0.989,0.000,0.011
21000,0.976,0.000,0.024
21500,0.988,0.000,0.012
22000,0.989,0.000,0.011
22500,0.980,0.000,0.020
23000,0.984,0.000,0.016
23500,0.984,0.000,0.016
24000,0.986,0.000,0.014
24500,0.986,0.000,0.014
25000,0.995,0.000,0.005
25500,0.996,0.000,0.004
26000,0.998,0.000,0.002
26500,0.998,0.000,0.002
27000,0.999,0.000,0.001
27500,1.000,0.000,0.000
