time,n_A+p,n_B,n_AB
0,0.029,0.971,0.000
500,0.029,0.921,0.050
1000,0.029,0.876,0.095
1500,0.029,0.864,0.107
2000,0.058,0.822,0.120
2500,0.058,0.831,0.112
3000,0.045,0.835,0.120
3500,0.045,0.880,0.074
4000,0.045,0.760,0.194
4500,0.045,0.748,0.207
5000,0.058,0.826,0.116
5500,0.041,0.864,0.095
6000,0.029,0.855,0.116
6500,0.033,0.888,0.079
7000,0.033,0.868,0.099
7500,0.029,0.864,0.107
8000,0.033,0.872,0.095
8500,0.029,0.888,0.083
9000,0.033,0.860,0.107
9500,0.033,0.897,0.070
10000,0.041,0.905,0.054
10500,0.037,0.876,0.087
11000,0.033,0.860,0.107
11500,0.037,0.860,0.103
12000,0.033,0.897,0.070
12500,0.037,0.884,0.079
13000,0.033,0.905,0.062
13500,0.029,0.913,0.058
14000,0.037,0.876,0.087
14500,0.029,0.864,0.107
15000,0.033,0.901,0.066
15500,0.033,0.876,0.091
16000,0.050,0.814,0.136
16500,0.087,0.756,0.157
17000,0.058,0.752,0.190
17500,0.041,0.831,0.128
18000,0.045,0.884,0.070
18500,0.037,0.864,0.099
19000,0.041,0.872,0.087
19500,0.041,0.893,0.066
20000,0.037,0.901,0.062
20500,0.045,0.839,0.116
21000,0.029,0.826,0.145
21500,0.041,0.843,0.116
22000,0.045,0.843,0.112
22500,0.041,0.884,0.074
23000,0.029,0.855,0.116
23500,0.029,0.888,0.083
24000,0.033,0.868,0.099
24500,0.037,0.826,0.136
25000,0.037,0.831,0.132
25500,0.029,0.876,0.095
26000,0.037,0.831,0.132
26500,0.033,0.860,0.107
27000,0.041,0.884,0.074
27500,0.041,0.888,0.070
28000,0.033,0.893,0.074
28500,0.029,0.860,0.112
29000,0.029,0.860,0.112
29500,0.045,0.860,0.095
30000,0.045,0.851,0.103
30500,0.037,0.851,0.112
31000,0.041,0.880,0.079
31500,0.045,0.880,0.074
32000,0.033,0.905,0.062
32500,0.029,0.855,0.116
33000,0.029,0.860,0.112
33500,0.041,0.880,0.079
34000,0.037,0.847,0.116
34500,0.074,0.756,0.169
35000,0.087,0.756,0.157
35500,0.037,0.814,0.149
36000,0.029,0.897,0.074
36500,0.033,0.868,0.099
37000,0.029,0.876,0.095
37500,0.029,0.847,0.124
38000,0.029,0.835,0.136
38500,0.037,0.822,0.140
39000,0.037,0.872,0.091
39500,0.033,0.818,0.149
40000,0.029,0.888,0.083
40500,0.029,0.880,0.091
41000,0.029,0.909,0.062
41500,0.029,0.860,0.112
42000,0.037,0.839,0.124
42500,0.050,0.740,0.211
43000,0.050,0.777,0.174
43500,0.054,0.756,0.190
44000,0.066,0.678,0.256
44500,0.033,0.860,0.107
45000,0.045,0.855,0.099
45500,0.054,0.810,0.136
46000,0.087,0.798,0.116
46500,0.099,0.715,0.186
47000,0.112,0.632,0.256
47500,0.194,0.492,0.314
48000,0.207,0.475,0.318
48500,0.256,0.401,0.343
49000,0.244,0.360,0.397
49500,0.289,0.393,0.318
50000,0.252,0.310,0.438
50500,0.351,0.318,0.331
51000,0.413,0.248,0.339
51500,0.446,0.215,0.339
52000,0.607,0.153,0.240
52500,0.674,0.128,0.198
53000,0.826,0.062,0.112
53500,0.909,0.021,0.070
54000,0.959,0.017,0.025
54500,0.930,0.021,0.050
55000,0.971,0.008,0.021
55500,0.950,0.008,0.041
56000,0.975,0.008,0.017
56500,0.988,0.000,0.012
57000,0.988,0.000,0.012
57500,0.975,0.000,0.025
58000,1.000,0.000,0.000
