time,n_A+p,n_B,n_AB
0,0.010,0.990,0.000
500,0.010,0.978,0.012
1000,0.032,0.931,0.037
1500,0.048,0.879,0.073
2000,0.056,0.820,0.124
2500,0.090,0.802,0.108
3000,0.154,0.729,0.118
3500,0.186,0.615,0.200
4000,0.257,0.549,0.194
4500,0.225,0.558,0.217
5000,0.176,0.634,0.190
5500,0.157,0.653,0.190
6000,0.186,0.635,0.179
6500,0.228,0.536,0.236
7000,0.228,0.566,0.206
7500,0.189,0.601,0.210
8000,0.173,0.626,0.201
8500,0.194,0.620,0.185
9000,0.171,0.651,0.178
9500,0.180,0.601,0.218
10000,0.259,0.537,0.204
10500,0.288,0.445,0.267
11000,0.274,0.441,0.285
11500,0.237,0.486,0.276
12000,0.289,0.467,0.244
12500,0.339,0.448,0.213
13000,0.310,0.427,0.263
13500,0.313,0.456,0.231
14000,0.325,0.453,0.222
14500,0.338,0.407,0.255
15000,0.387,0.388,0.225
15500,0.446,0.302,0.252
16000,0.466,0.306,0.228
16500,0.404,0.352,0.244
17000,0.389,0.331,0.279
17500,0.332,0.359,0.309
18000,0.332,0.404,0.264
18500,0.403,0.332,0.265
19000,0.385,0.371,0.243
19500,0.350,0.370,0.280
20000,0.374,0.382,0.244
20500,0.382,0.382,0.236
21000,0.283,0.500,0.217
21500,0.311,0.442,0.246
22000,0.361,0.410,0.228
22500,0.378,0.383,0.239
23000,0.410,0.342,0.249
23500,0.422,0.309,0.269
24000,0.400,0.352,0.247
24500,0.425,0.335,0.240
25000,0.353,0.419,0.228
25500,0.253,0.478,0.269
26000,0.277,0.444,0.279
26500,0.465,0.288,0.247
27000,0.499,0.243,0.257
27500,0.461,0.296,0.243
28000,0.516,0.254,0.231
28500,0.548,0.217,0.235
29000,0.608,0.184,0.208
29500,0.618,0.175,0.207
30000,0.611,0.172,0.217
30500,0.566,0.185,0.249
31000,0.590,0.187,0.224
31500,0.626,0.154,0.220
32000,0.638,0.183,0.179
32500,0.612,0.207,0.180
33000,0.578,0.199,0.223
33500,0.650,0.132,0.218
34000,0.630,0.140,0.231
34500,0.733,0.096,0.171
35000,0.669,0.117,0.214
35500,0.708,0.084,0.208
36000,0.676,0.136,0.188
36500,0.687,0.133,0.180
37000,0.581,0.217,0.201
37500,0.574,0.233,0.193
38000,0.604,0.175,0.222
38500,0.629,0.137,0.235
39000,0.537,0.232,0.231
39500,0.581,0.207,0.212
40000,0.575,0.183,0.242
40500,0.613,0.158,0.229
41000,0.577,0.178,0.245
41500,0.555,0.214,0.231
42000,0.598,0.200,0.201
42500,0.634,0.170,0.196
43000,0.657,0.146,0.197
43500,0.664,0.135,0.201
44000,0.620,0.179,0.200
44500,0.619,0.176,0.204
45000,0.514,0.244,0.242
45500,0.485,0.276,0.238
46000,0.439,0.301,0.260
46500,0.402,0.341,0.257
47000,0.449,0.243,0.308
47500,0.487,0.212,0.301
48000,0.562,0.182,0.256
48500,0.641,0.153,0.205
49000,0.554,0.183,0.263
49500,0.588,0.171,0.241
50000,0.609,0.149,0.242
50500,0.566,0.205,0.229
51000,0.593,0.180,0.228
51500,0.639,0.134,0.228
52000,0.500,0.281,0.219
52500,0.441,0.324,0.235
53000,0.399,0.341,0.260
53500,0.395,0.338,0.268
54000,0.458,0.308,0.234
54500,0.424,0.328,0.248
55000,0.466,0.297,0.236
55500,0.397,0.350,0.253
56000,0.421,0.313,0.265
56500,0.528,0.232,0.240
57000,0.605,0.165,0.230
57500,0.566,0.165,0.268
58000,0.595,0.178,0.227
58500,0.576,0.214,0.210
59000,0.632,0.187,0.181
59500,0.614,0.176,0.210
60000,0.633,0.163,0.204
60500,0.547,0.241,0.212
61000,0.520,0.240,0.240
61500,0.533,0.261,0.205
62000,0.542,0.230,0.228
62500,0.562,0.218,0.220
63000,0.570,0.228,0.201
63500,0.545,0.219,0.236
64000,0.526,0.267,0.208
64500,0.458,0.297,0.246
65000,0.463,0.327,0.211
65500,0.473,0.275,0.251
66000,0.416,0.344,0.240
66500,0.462,0.260,0.278
67000,0.437,0.311,0.253
67500,0.448,0.290,0.263
68000,0.455,0.261,0.284
68500,0.435,0.306,0.259
69000,0.334,0.400,0.265
69500,0.384,0.353,0.263
70000,0.356,0.378,0.266
70500,0.346,0.409,0.245
71000,0.430,0.328,0.242
71500,0.483,0.265,0.252
72000,0.485,0.258,0.257
72500,0.417,0.310,0.273
73000,0.471,0.296,0.233
73500,0.386,0.317,0.297
74000,0.355,0.327,0.318
74500,0.411,0.320,0.269
75000,0.434,0.285,0.282
75500,0.434,0.292,0.274
76000,0.444,0.251,0.305
76500,0.417,0.304,0.278
77000,0.472,0.265,0.263
77500,0.497,0.239,0.264
78000,0.476,0.278,0.247
78500,0.487,0.283,0.231
79000,0.435,0.343,0.221
79500,0.430,0.322,0.248
80000,0.428,0.356,0.216
80500,0.466,0.288,0.247
81000,0.485,0.249,0.267
81500,0.520,0.231,0.249
82000,0.513,0.206,0.281
82500,0.498,0.244,0.258
83000,0.513,0.200,0.288
83500,0.609,0.147,0.244
84000,0.554,0.211,0.236
84500,0.542,0.201,0.257
85000,0.598,0.175,0.228
85500,0.599,0.171,0.230
86000,0.575,0.179,0.246
86500,0.587,0.187,0.226
87000,0.589,0.174,0.237
87500,0.575,0.202,0.224
88000,0.512,0.240,0.248
88500,0.605,0.176,0.219
89000,0.604,0.200,0.196
89500,0.623,0.179,0.198
90000,0.684,0.114,0.203
90500,0.709,0.112,0.179
91000,0.716,0.097,0.187
91500,0.714,0.101,0.185
92000,0.720,0.105,0.175
92500,0.761,0.070,0.169
93000,0.690,0.113,0.197
93500,0.697,0.135,0.168
94000,0.701,0.107,0.192
94500,0.664,0.148,0.188
95000,0.687,0.134,0.179
95500,0.598,0.189,0.214
96000,0.627,0.167,0.205
96500,0.637,0.172,0.191
97000,0.533,0.231,0.236
97500,0.524,0.241,0.235
98000,0.477,0.266,0.257
98500,0.502,0.233,0.265
99000,0.542,0.198,0.260
99500,0.534,0.212,0.253
100000,0.537,0.229,0.233
100500,0.530,0.208,0.261
101000,0.500,0.253,0.247
101500,0.485,0.260,0.255
102000,0.443,0.321,0.236
102500,0.487,0.253,0.260
103000,0.473,0.252,0.275
103500,0.520,0.234,0.246
104000,0.491,0.257,0.252
104500,0.512,0.229,0.260
105000,0.513,0.211,0.276
105500,0.517,0.242,0.242
106000,0.462,0.313,0.225
106500,0.413,0.342,0.245
107000,0.523,0.240,0.237
107500,0.622,0.173,0.205
108000,0.503,0.248,0.249
108500,0.357,0.383,0.260
109000,0.356,0.378,0.266
109500,0.373,0.331,0.296
110000,0.413,0.348,0.239
110500,0.385,0.406,0.208
111000,0.501,0.295,0.204
111500,0.434,0.356,0.210
112000,0.471,0.273,0.256
112500,0.525,0.235,0.240
113000,0.515,0.245,0.240
113500,0.470,0.284,0.246
114000,0.481,0.274,0.245
114500,0.543,0.241,0.216
115000,0.512,0.223,0.265
115500,0.525,0.235,0.240
116000,0.566,0.215,0.219
116500,0.583,0.221,0.197
117000,0.546,0.243,0.211
117500,0.584,0.204,0.211
118000,0.524,0.237,0.238
118500,0.458,0.289,0.254
119000,0.547,0.228,0.225
119500,0.605,0.185,0.211
120000,0.627,0.165,0.208
120500,0.622,0.158,0.220
121000,0.622,0.202,0.176
121500,0.593,0.177,0.230
122000,0.504,0.237,0.259
122500,0.545,0.212,0.243
123000,0.523,0.263,0.214
123500,0.448,0.346,0.207
124000,0.439,0.344,0.217
124500,0.460,0.331,0.209
125000,0.432,0.334,0.234
125500,0.397,0.363,0.240
126000,0.358,0.382,0.260
126500,0.308,0.411,0.281
127000,0.272,0.476,0.253
127500,0.360,0.383,0.257
128000,0.320,0.425,0.256
128500,0.354,0.425,0.221
129000,0.354,0.403,0.243
129500,0.366,0.371,0.264
130000,0.409,0.325,0.266
130500,0.423,0.339,0.239
131000,0.336,0.396,0.267
131500,0.391,0.341,0.269
132000,0.460,0.278,0.261
132500,0.440,0.295,0.265
133000,0.357,0.401,0.242
133500,0.446,0.330,0.224
134000,0.414,0.332,0.254
134500,0.394,0.370,0.236
135000,0.428,0.319,0.253
135500,0.354,0.370,0.276
136000,0.396,0.361,0.243
136500,0.433,0.341,0.226
137000,0.426,0.325,0.249
137500,0.490,0.287,0.224
138000,0.448,0.305,0.247
138500,0.387,0.344,0.269
139000,0.342,0.398,0.260
139500,0.397,0.315,0.288
140000,0.354,0.384,0.262
140500,0.408,0.372,0.220
141000,0.294,0.431,0.275
141500,0.313,0.409,0.278
142000,0.310,0.442,0.248
142500,0.337,0.437,0.226
143000,0.336,0.414,0.250
143500,0.333,0.399,0.268
144000,0.354,0.391,0.256
144500,0.399,0.328,0.274
145000,0.464,0.271,0.265
145500,0.515,0.250,0.235
146000,0.506,0.262,0.232
146500,0.483,0.269,0.248
147000,0.524,0.229,0.247
147500,0.605,0.154,0.241
148000,0.591,0.173,0.236
148500,0.623,0.191,0.186
149000,0.576,0.201,0.222
149500,0.618,0.175,0.207
150000,0.601,0.199,0.200
150500,0.666,0.136,0.198
151000,0.715,0.097,0.189
151500,0.760,0.091,0.148
152000,0.769,0.079,0.153
152500,0.790,0.061,0.149
153000,0.821,0.075,0.104
153500,0.858,0.041,0.101
154000,0.864,0.033,0.103
154500,0.860,0.034,0.106
155000,0.870,0.052,0.079
155500,0.885,0.032,0.083
156000,0.905,0.034,0.061
156500,0.866,0.052,0.082
157000,0.827,0.050,0.123
157500,0.846,0.054,0.100
158000,0.868,0.034,0.098
158500,0.838,0.063,0.100
159000,0.808,0.082,0.109
159500,0.726,0.104,0.170
160000,0.807,0.073,0.120
160500,0.772,0.091,0.137
161000,0.790,0.066,0.143
161500,0.702,0.131,0.167
162000,0.685,0.147,0.168
162500,0.639,0.147,0.214
163000,0.601,0.152,0.247
163500,0.637,0.146,0.217
164000,0.636,0.158,0.206
164500,0.608,0.204,0.189
165000,0.593,0.177,0.230
165500,0.546,0.250,0.204
166000,0.530,0.244,0.225
166500,0.679,0.133,0.188
167000,0.671,0.150,0.179
167500,0.605,0.178,0.217
168000,0.570,0.214,0.216
168500,0.568,0.186,0.246
169000,0.547,0.206,0.247
169500,0.563,0.206,0.231
170000,0.465,0.311,0.224
170500,0.543,0.225,0.232
171000,0.527,0.249,0.224
171500,0.517,0.225,0.257
172000,0.581,0.189,0.229
172500,0.540,0.210,0.250
173000,0.488,0.257,0.255
173500,0.503,0.254,0.243
174000,0.481,0.267,0.252
174500,0.515,0.233,0.252
175000,0.561,0.217,0.222
175500,0.510,0.276,0.214
176000,0.451,0.310,0.239
176500,0.548,0.240,0.212
177000,0.582,0.217,0.201
177500,0.624,0.179,0.197
178000,0.562,0.213,0.225
178500,0.632,0.164,0.204
179000,0.659,0.150,0.190
179500,0.630,0.187,0.182
180000,0.637,0.193,0.170
180500,0.585,0.212,0.203
181000,0.570,0.204,0.226
181500,0.609,0.150,0.241
182000,0.702,0.104,0.194
182500,0.697,0.116,0.187
183000,0.707,0.129,0.164
183500,0.660,0.150,0.190
184000,0.673,0.126,0.200
184500,0.669,0.179,0.151
185000,0.638,0.182,0.180
185500,0.629,0.151,0.219
186000,0.612,0.208,0.180
186500,0.589,0.209,0.202
187000,0.554,0.225,0.222
187500,0.572,0.178,0.250
188000,0.664,0.127,0.208
188500,0.700,0.113,0.187
189000,0.725,0.109,0.165
189500,0.763,0.088,0.148
190000,0.742,0.113,0.146
190500,0.717,0.106,0.178
191000,0.686,0.134,0.180
191500,0.591,0.182,0.227
192000,0.636,0.138,0.226
192500,0.591,0.184,0.225
193000,0.657,0.145,0.198
193500,0.761,0.085,0.154
194000,0.764,0.070,0.165
194500,0.778,0.079,0.143
195000,0.701,0.125,0.175
195500,0.716,0.119,0.165
196000,0.719,0.109,0.172
196500,0.735,0.087,0.179
197000,0.742,0.088,0.169
197500,0.672,0.156,0.172
198000,0.701,0.122,0.178
198500,0.702,0.120,0.178
199000,0.735,0.089,0.176
199500,0.753,0.094,0.154
200000,0.687,0.118,0.196
200500,0.758,0.086,0.155
201000,0.790,0.064,0.146
201500,0.764,0.097,0.139
202000,0.704,0.127,0.169
202500,0.668,0.149,0.183
203000,0.648,0.140,0.211
203500,0.666,0.152,0.182
204000,0.585,0.210,0.205
204500,0.534,0.226,0.239
205000,0.527,0.218,0.256
205500,0.481,0.290,0.228
206000,0.420,0.316,0.264
206500,0.336,0.408,0.256
207000,0.294,0.470,0.236
207500,0.287,0.503,0.210
208000,0.311,0.420,0.269
208500,0.278,0.436,0.286
209000,0.286,0.441,0.273
209500,0.292,0.432,0.275
210000,0.283,0.434,0.283
210500,0.378,0.315,0.307
211000,0.347,0.371,0.282
211500,0.300,0.446,0.254
212000,0.382,0.397,0.221
212500,0.314,0.421,0.265
213000,0.281,0.464,0.256
213500,0.258,0.490,0.253
214000,0.375,0.365,0.260
214500,0.415,0.349,0.236
215000,0.339,0.390,0.271
215500,0.283,0.444,0.273
216000,0.257,0.457,0.286
216500,0.267,0.423,0.310
217000,0.257,0.482,0.261
217500,0.225,0.503,0.271
218000,0.244,0.501,0.254
218500,0.309,0.421,0.269
219000,0.320,0.420,0.261
219500,0.306,0.428,0.266
220000,0.315,0.398,0.287
220500,0.377,0.346,0.277
221000,0.297,0.429,0.274
221500,0.291,0.463,0.246
222000,0.239,0.483,0.278
222500,0.242,0.524,0.234
223000,0.172,0.561,0.267
223500,0.232,0.496,0.272
224000,0.282,0.491,0.228
224500,0.308,0.453,0.239
225000,0.272,0.453,0.274
225500,0.285,0.459,0.256
226000,0.313,0.430,0.257
226500,0.326,0.400,0.274
227000,0.274,0.471,0.255
227500,0.244,0.488,0.268
228000,0.282,0.474,0.244
228500,0.300,0.449,0.250
229000,0.327,0.390,0.283
229500,0.419,0.345,0.236
230000,0.439,0.302,0.259
230500,0.479,0.295,0.226
231000,0.551,0.214,0.235
231500,0.571,0.215,0.214
232000,0.627,0.165,0.208
232500,0.658,0.137,0.204
233000,0.655,0.172,0.173
233500,0.588,0.196,0.216
234000,0.611,0.187,0.202
234500,0.661,0.151,0.188
235000,0.595,0.172,0.233
235500,0.523,0.230,0.247
236000,0.577,0.211,0.212
236500,0.622,0.161,0.217
237000,0.555,0.263,0.182
237500,0.577,0.224,0.199
238000,0.482,0.317,0.201
238500,0.462,0.337,0.201
239000,0.554,0.226,0.220
239500,0.520,0.240,0.239
240000,0.559,0.205,0.236
240500,0.565,0.201,0.234
241000,0.647,0.146,0.207
241500,0.639,0.165,0.196
242000,0.573,0.175,0.252
242500,0.587,0.172,0.240
243000,0.632,0.156,0.212
243500,0.625,0.146,0.230
244000,0.607,0.171,0.222
244500,0.588,0.164,0.248
245000,0.581,0.170,0.249
245500,0.535,0.219,0.246
246000,0.552,0.214,0.233
246500,0.462,0.288,0.250
247000,0.487,0.271,0.242
247500,0.506,0.261,0.233
248000,0.451,0.295,0.254
248500,0.424,0.297,0.278
249000,0.469,0.292,0.239
249500,0.569,0.212,0.219
250000,0.601,0.171,0.228
250500,0.626,0.175,0.198
251000,0.565,0.235,0.200
251500,0.482,0.300,0.218
252000,0.533,0.228,0.240
252500,0.559,0.233,0.208
253000,0.593,0.159,0.248
253500,0.691,0.125,0.185
254000,0.632,0.164,0.204
254500,0.574,0.201,0.225
255000,0.544,0.196,0.260
255500,0.464,0.218,0.318
256000,0.416,0.347,0.237
256500,0.406,0.322,0.272
257000,0.401,0.318,0.281
257500,0.490,0.262,0.249
258000,0.419,0.322,0.259
258500,0.469,0.266,0.265
259000,0.378,0.334,0.288
259500,0.410,0.317,0.274
260000,0.445,0.271,0.283
260500,0.448,0.293,0.259
261000,0.442,0.294,0.264
261500,0.444,0.286,0.271
262000,0.448,0.308,0.243
262500,0.497,0.278,0.226
263000,0.582,0.205,0.213
263500,0.583,0.185,0.233
264000,0.506,0.234,0.260
264500,0.493,0.260,0.247
265000,0.485,0.244,0.270
265500,0.491,0.231,0.278
266000,0.496,0.205,0.299
266500,0.574,0.167,0.259
267000,0.510,0.225,0.265
267500,0.471,0.253,0.276
268000,0.484,0.249,0.268
268500,0.453,0.294,0.253
269000,0.498,0.233,0.268
269500,0.555,0.181,0.264
270000,0.503,0.235,0.261
270500,0.523,0.213,0.264
271000,0.598,0.150,0.252
271500,0.519,0.250,0.232
272000,0.574,0.205,0.221
272500,0.529,0.222,0.249
273000,0.570,0.200,0.230
273500,0.577,0.179,0.244
274000,0.596,0.194,0.210
274500,0.567,0.186,0.247
275000,0.532,0.237,0.231
275500,0.573,0.162,0.265
276000,0.595,0.165,0.239
276500,0.612,0.164,0.224
277000,0.599,0.172,0.229
277500,0.603,0.185,0.212
278000,0.572,0.186,0.242
278500,0.578,0.231,0.192
279000,0.515,0.233,0.252
279500,0.537,0.220,0.243
280000,0.506,0.228,0.267
280500,0.565,0.219,0.217
281000,0.621,0.148,0.231
281500,0.645,0.126,0.229
282000,0.518,0.255,0.227
282500,0.602,0.183,0.215
283000,0.488,0.241,0.271
283500,0.403,0.350,0.247
284000,0.359,0.365,0.276
284500,0.308,0.428,0.263
285000,0.376,0.361,0.263
285500,0.413,0.328,0.259
286000,0.436,0.320,0.244
286500,0.383,0.361,0.256
287000,0.389,0.357,0.253
287500,0.378,0.392,0.229
288000,0.506,0.266,0.228
288500,0.414,0.345,0.241
289000,0.352,0.380,0.268
289500,0.346,0.373,0.282
290000,0.293,0.445,0.263
290500,0.288,0.495,0.217
291000,0.296,0.427,0.278
291500,0.295,0.492,0.213
292000,0.269,0.499,0.232
292500,0.253,0.530,0.218
293000,0.243,0.546,0.211
293500,0.233,0.527,0.239
294000,0.297,0.463,0.240
294500,0.262,0.499,0.239
295000,0.286,0.466,0.248
295500,0.259,0.471,0.269
296000,0.271,0.473,0.257
296500,0.354,0.432,0.214
297000,0.386,0.372,0.242
297500,0.355,0.416,0.229
298000,0.367,0.373,0.260
298500,0.416,0.318,0.266
299000,0.518,0.263,0.219
299500,0.408,0.336,0.256
300000,0.381,0.354,0.264
300500,0.448,0.295,0.257
301000,0.523,0.231,0.246
301500,0.537,0.232,0.231
302000,0.497,0.240,0.263
302500,0.439,0.281,0.281
303000,0.474,0.255,0.271
303500,0.376,0.352,0.272
304000,0.385,0.333,0.282
304500,0.423,0.328,0.249
305000,0.448,0.313,0.239
305500,0.515,0.239,0.246
306000,0.531,0.220,0.249
306500,0.549,0.257,0.194
307000,0.583,0.210,0.207
307500,0.531,0.232,0.237
308000,0.470,0.278,0.252
308500,0.477,0.286,0.237
309000,0.445,0.296,0.259
309500,0.512,0.259,0.229
310000,0.445,0.322,0.233
310500,0.463,0.294,0.243
311000,0.419,0.356,0.226
311500,0.402,0.338,0.260
312000,0.428,0.315,0.257
312500,0.359,0.360,0.281
313000,0.352,0.353,0.296
313500,0.404,0.335,0.261
314000,0.400,0.325,0.275
314500,0.377,0.332,0.290
315000,0.447,0.297,0.256
315500,0.542,0.228,0.229
316000,0.456,0.285,0.258
316500,0.531,0.213,0.256
317000,0.562,0.197,0.241
317500,0.473,0.273,0.254
318000,0.409,0.344,0.247
318500,0.479,0.290,0.231
319000,0.487,0.261,0.251
319500,0.546,0.236,0.218
320000,0.483,0.286,0.231
320500,0.513,0.272,0.214
321000,0.538,0.232,0.229
321500,0.531,0.230,0.239
322000,0.540,0.239,0.221
322500,0.483,0.275,0.242
323000,0.501,0.239,0.260
323500,0.537,0.231,0.232
324000,0.640,0.146,0.214
324500,0.703,0.117,0.180
325000,0.720,0.124,0.156
325500,0.707,0.132,0.162
326000,0.742,0.093,0.165
326500,0.746,0.109,0.145
327000,0.685,0.137,0.178
327500,0.673,0.153,0.174
328000,0.709,0.111,0.180
328500,0.720,0.115,0.165
329000,0.751,0.073,0.176
329500,0.773,0.086,0.141
330000,0.783,0.078,0.139
330500,0.760,0.085,0.155
331000,0.717,0.062,0.221
331500,0.701,0.144,0.155
332000,0.657,0.131,0.212
332500,0.620,0.189,0.190
333000,0.626,0.159,0.215
333500,0.658,0.135,0.207
334000,0.683,0.105,0.212
334500,0.683,0.125,0.192
335000,0.648,0.133,0.219
335500,0.646,0.120,0.234
336000,0.761,0.070,0.169
336500,0.645,0.132,0.224
337000,0.657,0.148,0.195
337500,0.696,0.139,0.166
338000,0.731,0.100,0.169
338500,0.784,0.084,0.132
339000,0.778,0.094,0.129
339500,0.853,0.047,0.101
340000,0.852,0.036,0.112
340500,0.873,0.033,0.094
341000,0.851,0.049,0.100
341500,0.878,0.040,0.081
342000,0.885,0.030,0.085
342500,0.910,0.015,0.075
343000,0.916,0.019,0.065
343500,0.925,0.012,0.063
344000,0.944,0.008,0.048
344500,0.914,0.027,0.059
345000,0.945,0.008,0.048
345500,0.955,0.003,0.042
346000,0.941,0.011,0.048
346500,0.925,0.021,0.054
347000,0.889,0.032,0.079
347500,0.917,0.021,0.062
348000,0.954,0.008,0.038
348500,0.959,0.005,0.036
349000,0.949,0.012,0.039
349500,0.978,0.004,0.018
350000,0.985,0.003,0.011
350500,0.990,0.003,0.008
351000,0.993,0.002,0.005
351500,0.993,0.002,0.005
352000,0.993,0.002,0.005
352500,0.993,0.002,0.005
353000,0.995,0.001,0.004
353500,0.995,0.001,0.004
354000,0.995,0.001,0.004
354500,0.996,0.001,0.003
355000,0.995,0.001,0.004
355500,0.995,0.001,0.004
356000,0.997,0.001,0.002
356500,0.997,0.001,0.002
357000,0.997,0.001,0.002
357500,0.997,0.001,0.002
358000,0.997,0.001,0.002
358500,0.997,0.001,0.002
359000,0.997,0.001,0.002
359500,0.997,0.001,0.002
360000,0.997,0.001,0.002
360500,0.997,0.001,0.002
361000,0.998,0.001,0.002
361500,0.998,0.001,0.002
362000,0.998,0.000,0.002
362500,0.998,0.000,0.002
363000,0.998,0.000,0.002
363500,0.998,0.000,0.002
364000,0.998,0.000,0.002
364500,0.998,0.000,0.002
365000,0.999,0.000,0.001
365500,0.999,0.000,0.001
366000,0.999,0.000,0.001
366500,0.999,0.000,0.001
367000,0.999,0.000,0.001
367500,0.999,0.000,0.001
368000,0.999,0.000,0.001
368500,0.999,0.000,0.001
369000,0.999,0.000,0.001
369500,0.999,0.000,0.001
370000,0.999,0.000,0.001
370500,0.999,0.000,0.001
371000,0.999,0.000,0.001
371500,0.999,0.000,0.001
372000,0.999,0.000,0.001
372500,0.999,0.000,0.001
373000,0.999,0.000,0.001
373500,0.999,0.000,0.001
374000,0.999,0.000,0.001
374500,0.999,0.000,0.001
375000,0.999,0.000,0.001
375500,0.999,0.000,0.001
376000,0.999,0.000,0.001
376500,0.999,0.000,0.001
377000,0.999,0.000,0.001
377500,0.999,0.000,0.001
378000,0.999,0.000,0.001
378500,0.999,0.000,0.001
379000,0.999,0.000,0.001
379500,0.999,0.000,0.001
380000,0.999,0.000,0.001
380500,0.999,0.000,0.001
381000,0.999,0.000,0.001
381500,0.999,0.000,0.001
382000,0.999,0.000,0.001
382500,0.999,0.000,0.001
383000,0.999,0.000,0.001
383500,0.999,0.000,0.001
384000,0.999,0.000,0.001
384500,0.999,0.000,0.001
385000,0.999,0.000,0.001
385500,0.999,0.000,0.001
386000,0.999,0.000,0.001
386500,0.999,0.000,0.001
387000,0.999,0.000,0.001
387500,0.999,0.000,0.001
388000,0.999,0.000,0.001
388500,0.999,0.000,0.001
389000,0.999,0.000,0.001
389500,0.999,0.000,0.001
390000,0.999,0.000,0.001
390500,0.999,0.000,0.001
391000,0.999,0.000,0.001
391500,0.999,0.000,0.001
392000,0.999,0.000,0.001
392500,0.999,0.000,0.001
393000,0.999,0.000,0.001
393500,0.999,0.000,0.001
394000,0.999,0.000,0.001
394500,0.999,0.000,0.001
395000,0.999,0.000,0.001
395500,0.999,0.000,0.001
396000,0.999,0.000,0.001
396500,0.999,0.000,0.001
397000,0.999,0.000,0.001
397500,0.999,0.000,0.001
398000,0.999,0.000,0.001
398500,0.999,0.000,0.001
399000,0.999,0.000,0.001
399500,0.999,0.000,0.001
400000,0.999,0.000,0.001
400500,0.999,0.000,0.001
401000,0.999,0.000,0.001
401500,0.999,0.000,0.001
402000,0.999,0.000,0.001
402500,0.999,0.000,0.001
403000,0.999,0.000,0.001
403500,0.999,0.000,0.001
404000,0.999,0.000,0.001
404500,0.999,0.000,0.001
405000,0.999,0.000,0.001
405500,0.999,0.000,0.001
406000,0.999,0.000,0.001
406500,0.999,0.000,0.001
407000,0.999,0.000,0.001
407500,0.999,0.000,0.001
408000,0.999,0.000,0.001
408500,0.999,0.000,0.001
409000,0.999,0.000,0.001
409500,0.999,0.000,0.001
410000,0.999,0.000,0.001
410500,0.999,0.000,0.001
411000,0.999,0.000,0.001
411500,0.999,0.000,0.001
412000,0.999,0.000,0.001
412500,0.999,0.000,0.001
413000,0.999,0.000,0.001
413500,0.999,0.000,0.001
414000,0.999,0.000,0.001
414500,0.999,0.000,0.001
415000,0.999,0.000,0.001
415500,0.999,0.000,0.001
416000,0.999,0.000,0.001
416500,0.999,0.000,0.001
417000,0.999,0.000,0.001
417500,0.999,0.000,0.001
418000,0.999,0.000,0.001
418500,0.999,0.000,0.001
419000,0.999,0.000,0.001
419500,0.999,0.000,0.001
420000,0.999,0.000,0.001
420500,0.999,0.000,0.001
421000,0.999,0.000,0.001
421500,0.999,0.000,0.001
422000,0.999,0.000,0.001
422500,0.999,0.000,0.001
423000,0.999,0.000,0.001
423500,0.999,0.000,0.001
424000,0.999,0.000,0.001
424500,0.999,0.000,0.001
425000,0.999,0.000,0.001
425500,0.999,0.000,0.001
426000,0.999,0.000,0.001
426500,0.999,0.000,0.001
427000,0.999,0.000,0.001
427500,0.999,0.000,0.001
428000,0.999,0.000,0.001
428500,0.999,0.000,0.001
429000,0.999,0.000,0.001
429500,0.999,0.000,0.001
430000,0.999,0.000,0.001
430500,0.999,0.000,0.001
431000,0.999,0.000,0.001
431500,0.999,0.000,0.001
432000,0.999,0.000,0.001
432500,0.999,0.000,0.001
433000,0.999,0.000,0.001
433500,0.999,0.000,0.001
434000,0.999,0.000,0.001
434500,0.999,0.000,0.001
435000,0.999,0.000,0.001
435500,0.999,0.000,0.001
436000,0.999,0.000,0.001
436500,0.999,0.000,0.001
437000,0.999,0.000,0.001
437500,0.999,0.000,0.001
438000,0.999,0.000,0.001
438500,0.999,0.000,0.001
439000,0.999,0.000,0.001
439500,0.999,0.000,0.001
440000,0.999,0.000,0.001
440500,0.999,0.000,0.001
441000,0.999,0.000,0.001
441500,0.999,0.000,0.001
442000,0.999,0.000,0.001
442500,0.999,0.000,0.001
443000,0.999,0.000,0.001
443500,0.999,0.000,0.001
444000,0.999,0.000,0.001
444500,0.999,0.000,0.001
445000,0.999,0.000,0.001
445500,0.999,0.000,0.001
446000,0.999,0.000,0.001
446500,0.999,0.000,0.001
447000,0.999,0.000,0.001
447500,0.999,0.000,0.001
448000,0.999,0.000,0.001
448500,0.999,0.000,0.001
449000,0.999,0.000,0.001
449500,0.999,0.000,0.001
450000,0.999,0.000,0.001
450500,0.999,0.000,0.001
451000,0.999,0.000,0.001
451500,0.999,0.000,0.001
452000,0.999,0.000,0.001
452500,0.999,0.000,0.001
453000,0.999,0.000,0.001
453500,0.999,0.000,0.001
454000,0.999,0.000,0.001
454500,0.999,0.000,0.001
455000,0.999,0.000,0.001
455500,0.999,0.000,0.001
456000,0.999,0.000,0.001
456500,0.999,0.000,0.001
457000,0.999,0.000,0.001
457500,0.999,0.000,0.001
458000,0.999,0.000,0.001
458500,0.999,0.000,0.001
459000,0.999,0.000,0.001
459500,0.999,0.000,0.001
460000,0.999,0.000,0.001
460500,0.999,0.000,0.001
461000,0.999,0.000,0.001
461500,0.999,0.000,0.001
462000,0.999,0.000,0.001
462500,0.999,0.000,0.001
463000,0.999,0.000,0.001
463500,0.999,0.000,0.001
464000,0.999,0.000,0.001
464500,0.999,0.000,0.001
465000,0.999,0.000,0.001
465500,0.999,0.000,0.001
466000,0.999,0.000,0.001
466500,0.999,0.000,0.001
467000,0.999,0.000,0.001
467500,0.999,0.000,0.001
468000,0.999,0.000,0.001
468500,0.999,0.000,0.001
469000,0.999,0.000,0.001
469500,0.999,0.000,0.001
470000,0.999,0.000,0.001
470500,0.999,0.000,0.001
471000,0.999,0.000,0.001
471500,0.999,0.000,0.001
472000,0.999,0.000,0.001
472500,0.999,0.000,0.001
473000,0.999,0.000,0.001
473500,0.999,0.000,0.001
474000,0.999,0.000,0.001
474500,0.999,0.000,0.001
475000,0.999,0.000,0.001
475500,0.999,0.000,0.001
476000,0.999,0.000,0.001
476500,0.999,0.000,0.001
477000,0.999,0.000,0.001
477500,0.999,0.000,0.001
478000,0.999,0.000,0.001
478500,0.999,0.000,0.001
479000,0.999,0.000,0.001
479500,0.999,0.000,0.001
480000,0.999,0.000,0.001
480500,0.999,0.000,0.001
481000,0.999,0.000,0.001
481500,0.999,0.000,0.001
482000,0.999,0.000,0.001
482500,0.999,0.000,0.001
483000,0.999,0.000,0.001
483500,0.999,0.000,0.001
484000,0.999,0.000,0.001
484500,0.999,0.000,0.001
485000,0.999,0.000,0.001
485500,0.999,0.000,0.001
486000,0.999,0.000,0.001
486500,0.999,0.000,0.001
487000,0.999,0.000,0.001
487500,0.999,0.000,0.001
488000,0.999,0.000,0.001
488500,1.000,0.000,0.000
