time,n_A+p,n_B,n_AB
100,0.030,0.969,0.001
200,0.030,0.967,0.003
300,0.030,0.964,0.006
400,0.030,0.966,0.004
500,0.030,0.962,0.008
600,0.030,0.946,0.025
700,0.030,0.948,0.022
800,0.030,0.948,0.022
900,0.030,0.942,0.029
1000,0.030,0.943,0.028
1100,0.030,0.942,0.029
1200,0.032,0.941,0.028
1300,0.031,0.944,0.026
1400,0.031,0.937,0.033
1500,0.036,0.942,0.022
1600,0.038,0.940,0.022
1700,0.037,0.938,0.026
1800,0.035,0.919,0.046
1900,0.035,0.921,0.044
2000,0.034,0.907,0.059
2100,0.035,0.894,0.072
2200,0.036,0.873,0.091
2300,0.040,0.872,0.088
2400,0.038,0.873,0.089
2500,0.041,0.884,0.076
2600,0.041,0.884,0.076
2700,0.042,0.882,0.077
2800,0.040,0.885,0.076
2900,0.039,0.885,0.077
3000,0.040,0.889,0.072
3100,0.042,0.887,0.072
3200,0.040,0.885,0.076
3300,0.042,0.877,0.081
3400,0.045,0.868,0.087
3500,0.051,0.873,0.076
3600,0.051,0.866,0.083
3700,0.044,0.865,0.091
3800,0.042,0.864,0.094
3900,0.041,0.861,0.098
4000,0.039,0.855,0.106
4100,0.044,0.851,0.105
4200,0.050,0.846,0.104
4300,0.050,0.846,0.104
4400,0.046,0.839,0.115
4500,0.044,0.834,0.123
4600,0.043,0.837,0.121
4700,0.048,0.837,0.115
4800,0.048,0.838,0.114
4900,0.046,0.839,0.115
5000,0.049,0.836,0.115
5100,0.050,0.822,0.128
5200,0.051,0.822,0.127
5300,0.053,0.825,0.122
5400,0.052,0.836,0.112
5500,0.045,0.826,0.129
5600,0.043,0.820,0.137
5700,0.048,0.822,0.130
5800,0.047,0.821,0.132
5900,0.051,0.810,0.139
6000,0.053,0.809,0.138
6100,0.055,0.807,0.138
6200,0.058,0.812,0.130
6300,0.049,0.819,0.132
6400,0.048,0.816,0.136
6500,0.051,0.814,0.135
6600,0.054,0.813,0.133
6700,0.052,0.805,0.143
6800,0.054,0.798,0.148
6900,0.053,0.813,0.134
7000,0.051,0.808,0.141
7100,0.050,0.799,0.151
7200,0.051,0.788,0.161
7300,0.049,0.781,0.170
7400,0.051,0.793,0.156
7500,0.052,0.802,0.146
7600,0.056,0.812,0.132
7700,0.061,0.803,0.136
7800,0.061,0.796,0.143
7900,0.069,0.796,0.135
8000,0.069,0.795,0.136
8100,0.069,0.788,0.143
8200,0.067,0.781,0.151
8300,0.065,0.784,0.150
8400,0.063,0.775,0.161
8500,0.065,0.777,0.157
8600,0.065,0.789,0.146
8700,0.063,0.784,0.152
8800,0.060,0.790,0.150
8900,0.060,0.783,0.156
9000,0.063,0.776,0.160
9100,0.067,0.788,0.145
9200,0.068,0.780,0.151
9300,0.068,0.781,0.150
9400,0.074,0.766,0.160
9500,0.077,0.757,0.166
9600,0.078,0.750,0.173
9700,0.073,0.756,0.172
9800,0.081,0.759,0.160
9900,0.079,0.756,0.165
10000,0.080,0.755,0.165
10100,0.084,0.755,0.161
10200,0.082,0.741,0.178
10300,0.082,0.739,0.180
10400,0.085,0.741,0.175
10500,0.085,0.741,0.175
10600,0.098,0.746,0.156
10700,0.090,0.733,0.177
10800,0.087,0.731,0.182
10900,0.092,0.733,0.175
11000,0.093,0.732,0.175
11100,0.090,0.722,0.188
11200,0.088,0.726,0.186
11300,0.087,0.721,0.192
11400,0.081,0.719,0.200
11500,0.085,0.724,0.191
11600,0.086,0.703,0.211
11700,0.086,0.710,0.204
11800,0.089,0.703,0.208
11900,0.097,0.704,0.199
12000,0.102,0.705,0.193
12100,0.112,0.701,0.187
12200,0.114,0.684,0.201
12300,0.113,0.692,0.195
12400,0.095,0.688,0.217
12500,0.104,0.684,0.211
12600,0.099,0.689,0.211
12700,0.103,0.680,0.217
12800,0.096,0.686,0.218
12900,0.100,0.682,0.218
13000,0.112,0.682,0.205
13100,0.120,0.672,0.208
13200,0.121,0.674,0.205
13300,0.127,0.682,0.191
13400,0.129,0.668,0.203
13500,0.136,0.656,0.208
13600,0.131,0.645,0.225
13700,0.129,0.637,0.234
13800,0.128,0.656,0.217
13900,0.112,0.662,0.226
14000,0.112,0.655,0.233
14100,0.113,0.649,0.238
14200,0.130,0.644,0.227
14300,0.124,0.644,0.233
14400,0.117,0.645,0.238
14500,0.117,0.635,0.247
14600,0.143,0.635,0.222
14700,0.141,0.620,0.239
14800,0.141,0.621,0.238
14900,0.144,0.621,0.235
15000,0.135,0.630,0.235
15100,0.139,0.621,0.240
15200,0.151,0.610,0.239
15300,0.156,0.610,0.234
15400,0.160,0.613,0.227
15500,0.156,0.604,0.240
15600,0.153,0.604,0.243
15700,0.152,0.587,0.260
15800,0.146,0.590,0.264
15900,0.148,0.576,0.276
16000,0.157,0.573,0.270
16100,0.161,0.567,0.272
16200,0.170,0.576,0.254
16300,0.172,0.576,0.252
16400,0.166,0.578,0.255
16500,0.165,0.571,0.264
16600,0.160,0.573,0.267
16700,0.162,0.570,0.268
16800,0.173,0.561,0.267
16900,0.173,0.561,0.267
17000,0.179,0.566,0.255
17100,0.178,0.562,0.260
17200,0.187,0.558,0.255
17300,0.186,0.561,0.253
17400,0.174,0.559,0.268
17500,0.164,0.563,0.273
17600,0.156,0.574,0.270
17700,0.149,0.587,0.264
17800,0.149,0.575,0.276
17900,0.149,0.570,0.281
18000,0.157,0.558,0.285
18100,0.161,0.552,0.287
18200,0.158,0.552,0.290
18300,0.155,0.553,0.292
18400,0.151,0.552,0.297
18500,0.134,0.552,0.315
18600,0.139,0.540,0.321
18700,0.142,0.546,0.312
18800,0.143,0.555,0.302
18900,0.136,0.567,0.297
19000,0.144,0.554,0.302
19100,0.145,0.553,0.302
19200,0.139,0.559,0.302
19300,0.144,0.564,0.292
19400,0.139,0.563,0.298
19500,0.148,0.557,0.295
19600,0.134,0.568,0.298
19700,0.151,0.568,0.281
19800,0.154,0.568,0.278
19900,0.153,0.560,0.287
20000,0.159,0.555,0.286
20100,0.161,0.547,0.291
20200,0.159,0.550,0.291
20300,0.152,0.551,0.297
20400,0.157,0.554,0.289
20500,0.165,0.558,0.277
20600,0.172,0.546,0.282
20700,0.180,0.542,0.278
20800,0.173,0.530,0.297
20900,0.178,0.516,0.306
21000,0.174,0.517,0.309
21100,0.185,0.510,0.305
21200,0.187,0.524,0.289
21300,0.181,0.518,0.301
21400,0.189,0.520,0.291
21500,0.189,0.527,0.284
21600,0.191,0.525,0.284
21700,0.187,0.536,0.277
21800,0.185,0.529,0.286
21900,0.181,0.526,0.293
22000,0.190,0.516,0.294
22100,0.195,0.527,0.278
22200,0.189,0.516,0.295
22300,0.187,0.522,0.291
22400,0.184,0.522,0.294
22500,0.172,0.532,0.296
22600,0.179,0.524,0.297
22700,0.188,0.526,0.286
22800,0.183,0.534,0.283
22900,0.186,0.536,0.278
23000,0.184,0.536,0.280
23100,0.183,0.534,0.283
23200,0.183,0.531,0.286
23300,0.178,0.519,0.303
23400,0.189,0.533,0.278
23500,0.192,0.530,0.278
23600,0.192,0.531,0.277
23700,0.198,0.537,0.265
23800,0.187,0.532,0.281
23900,0.188,0.535,0.277
24000,0.197,0.544,0.258
24100,0.213,0.538,0.248
24200,0.207,0.529,0.264
24300,0.206,0.538,0.255
24400,0.213,0.536,0.250
24500,0.217,0.522,0.261
24600,0.220,0.523,0.257
24700,0.223,0.508,0.270
24800,0.217,0.512,0.272
24900,0.220,0.510,0.271
25000,0.228,0.502,0.271
25100,0.232,0.487,0.281
25200,0.236,0.488,0.276
25300,0.242,0.493,0.265
25400,0.250,0.481,0.269
25500,0.240,0.469,0.291
25600,0.230,0.462,0.308
25700,0.229,0.469,0.302
25800,0.242,0.451,0.306
25900,0.239,0.431,0.330
26000,0.228,0.435,0.337
26100,0.244,0.435,0.321
26200,0.244,0.437,0.319
26300,0.243,0.439,0.318
26400,0.237,0.434,0.329
26500,0.232,0.448,0.320
26600,0.242,0.460,0.298
26700,0.234,0.456,0.311
26800,0.219,0.461,0.321
26900,0.217,0.454,0.330
27000,0.216,0.454,0.331
27100,0.213,0.451,0.335
27200,0.227,0.460,0.314
27300,0.218,0.455,0.328
27400,0.219,0.458,0.324
27500,0.226,0.465,0.309
27600,0.229,0.461,0.311
27700,0.226,0.465,0.309
27800,0.216,0.469,0.316
27900,0.207,0.468,0.325
28000,0.205,0.468,0.327
28100,0.206,0.462,0.332
28200,0.195,0.461,0.344
28300,0.198,0.465,0.337
28400,0.198,0.448,0.353
28500,0.209,0.436,0.354
28600,0.222,0.439,0.339
28700,0.232,0.441,0.327
28800,0.234,0.444,0.322
28900,0.238,0.458,0.304
29000,0.243,0.450,0.306
29100,0.241,0.439,0.320
29200,0.249,0.447,0.303
29300,0.263,0.442,0.295
29400,0.251,0.439,0.309
29500,0.259,0.439,0.301
29600,0.271,0.424,0.305
29700,0.266,0.428,0.306
29800,0.269,0.434,0.297
29900,0.263,0.441,0.296
30000,0.260,0.434,0.305
30100,0.266,0.415,0.320
30200,0.268,0.426,0.306
30300,0.253,0.421,0.326
30400,0.264,0.410,0.327
30500,0.263,0.412,0.326
30600,0.255,0.410,0.335
30700,0.258,0.416,0.326
30800,0.261,0.412,0.327
30900,0.260,0.421,0.319
31000,0.260,0.417,0.323
31100,0.283,0.420,0.297
31200,0.287,0.415,0.298
31300,0.287,0.400,0.313
31400,0.293,0.407,0.300
31500,0.294,0.406,0.300
31600,0.298,0.404,0.297
31700,0.298,0.410,0.292
31800,0.307,0.402,0.290
31900,0.315,0.403,0.282
32000,0.326,0.396,0.278
32100,0.333,0.389,0.278
32200,0.340,0.393,0.267
32300,0.347,0.397,0.255
32400,0.346,0.393,0.260
32500,0.341,0.389,0.270
32600,0.342,0.389,0.269
32700,0.340,0.382,0.278
32800,0.345,0.377,0.278
32900,0.342,0.373,0.285
33000,0.350,0.380,0.270
33100,0.348,0.381,0.271
33200,0.356,0.381,0.263
33300,0.360,0.378,0.263
33400,0.360,0.380,0.260
33500,0.352,0.367,0.281
33600,0.349,0.362,0.289
33700,0.355,0.360,0.285
33800,0.364,0.361,0.276
33900,0.347,0.358,0.295
34000,0.356,0.363,0.281
34100,0.339,0.353,0.307
34200,0.350,0.358,0.292
34300,0.347,0.353,0.299
34400,0.351,0.350,0.298
34500,0.362,0.350,0.288
34600,0.344,0.355,0.300
34700,0.346,0.350,0.303
34800,0.347,0.344,0.308
34900,0.354,0.345,0.300
35000,0.349,0.349,0.301
35100,0.354,0.341,0.304
35200,0.356,0.341,0.302
35300,0.362,0.351,0.287
35400,0.368,0.343,0.289
35500,0.367,0.350,0.283
35600,0.369,0.348,0.283
35700,0.356,0.347,0.296
35800,0.356,0.338,0.305
35900,0.353,0.346,0.300
36000,0.353,0.352,0.294
36100,0.353,0.349,0.297
36200,0.351,0.346,0.302
36300,0.355,0.344,0.300
36400,0.352,0.331,0.317
36500,0.363,0.331,0.306
36600,0.364,0.331,0.305
36700,0.370,0.328,0.302
36800,0.371,0.332,0.297
36900,0.380,0.333,0.287
37000,0.372,0.335,0.293
37100,0.369,0.326,0.305
37200,0.380,0.324,0.296
37300,0.382,0.324,0.294
37400,0.386,0.324,0.290
37500,0.393,0.317,0.290
37600,0.389,0.311,0.300
37700,0.398,0.314,0.288
37800,0.419,0.311,0.271
37900,0.424,0.311,0.266
38000,0.430,0.306,0.264
38100,0.432,0.309,0.258
38200,0.431,0.303,0.266
38300,0.439,0.294,0.267
38400,0.427,0.295,0.278
38500,0.429,0.289,0.282
38600,0.418,0.289,0.293
38700,0.413,0.288,0.299
38800,0.416,0.290,0.294
38900,0.409,0.288,0.303
39000,0.412,0.289,0.299
39100,0.400,0.291,0.308
39200,0.389,0.294,0.317
39300,0.404,0.298,0.297
39400,0.411,0.292,0.297
39500,0.409,0.290,0.301
39600,0.415,0.290,0.295
39700,0.419,0.288,0.293
39800,0.418,0.291,0.291
39900,0.425,0.289,0.286
40000,0.431,0.287,0.282
40100,0.439,0.284,0.277
40200,0.439,0.284,0.277
40300,0.432,0.278,0.290
40400,0.434,0.272,0.294
40500,0.434,0.265,0.301
40600,0.428,0.266,0.306
40700,0.435,0.268,0.297
40800,0.442,0.268,0.290
40900,0.441,0.271,0.288
41000,0.440,0.268,0.292
41100,0.439,0.265,0.296
41200,0.451,0.264,0.285
41300,0.454,0.260,0.286
41400,0.468,0.258,0.274
41500,0.473,0.257,0.270
41600,0.473,0.251,0.276
41700,0.477,0.253,0.270
41800,0.478,0.245,0.277
41900,0.478,0.244,0.278
42000,0.483,0.248,0.269
42100,0.477,0.252,0.271
42200,0.479,0.254,0.267
42300,0.474,0.259,0.267
42400,0.481,0.256,0.263
42500,0.487,0.253,0.259
42600,0.494,0.245,0.260
42700,0.492,0.237,0.271
42800,0.504,0.235,0.261
42900,0.509,0.233,0.258
43000,0.501,0.232,0.268
43100,0.502,0.231,0.268
43200,0.499,0.233,0.268
43300,0.499,0.236,0.265
43400,0.499,0.238,0.263
43500,0.506,0.233,0.261
43600,0.515,0.235,0.250
43700,0.514,0.237,0.249
43800,0.521,0.236,0.243
43900,0.525,0.235,0.240
44000,0.515,0.235,0.250
44100,0.527,0.240,0.233
44200,0.521,0.243,0.236
44300,0.524,0.239,0.237
44400,0.521,0.239,0.240
44500,0.518,0.236,0.246
44600,0.526,0.241,0.233
44700,0.533,0.241,0.226
44800,0.532,0.242,0.226
44900,0.533,0.245,0.222
45000,0.535,0.240,0.225
45100,0.537,0.237,0.226
45200,0.551,0.236,0.213
45300,0.556,0.234,0.210
45400,0.557,0.239,0.204
45500,0.561,0.238,0.201
45600,0.561,0.239,0.200
45700,0.568,0.236,0.196
45800,0.569,0.230,0.201
45900,0.577,0.231,0.192
46000,0.581,0.230,0.189
46100,0.580,0.229,0.191
46200,0.582,0.227,0.191
46300,0.588,0.224,0.188
46400,0.591,0.222,0.187
46500,0.589,0.225,0.186
46600,0.587,0.225,0.188
46700,0.587,0.225,0.188
46800,0.592,0.224,0.184
46900,0.576,0.226,0.198
47000,0.582,0.229,0.189
47100,0.585,0.228,0.187
47200,0.590,0.227,0.183
47300,0.593,0.222,0.185
47400,0.597,0.220,0.184
47500,0.598,0.217,0.186
47600,0.602,0.215,0.184
47700,0.604,0.212,0.184
47800,0.607,0.210,0.183
47900,0.608,0.212,0.180
48000,0.606,0.215,0.180
48100,0.590,0.217,0.193
48200,0.590,0.217,0.193
48300,0.594,0.217,0.189
48400,0.594,0.216,0.190
48500,0.600,0.213,0.187
48600,0.609,0.210,0.181
48700,0.614,0.210,0.176
48800,0.619,0.208,0.173
48900,0.619,0.207,0.174
49000,0.616,0.208,0.176
49100,0.620,0.202,0.178
49200,0.615,0.202,0.183
49300,0.629,0.201,0.170
49400,0.635,0.199,0.165
49500,0.634,0.198,0.168
49600,0.635,0.197,0.168
49700,0.634,0.195,0.171
49800,0.631,0.197,0.172
49900,0.634,0.197,0.169
50000,0.632,0.196,0.172
50100,0.631,0.200,0.169
50200,0.633,0.198,0.169
50300,0.632,0.197,0.171
50400,0.632,0.200,0.168
50500,0.634,0.200,0.165
50600,0.639,0.200,0.160
50700,0.639,0.200,0.160
50800,0.647,0.199,0.154
50900,0.654,0.199,0.147
51000,0.657,0.201,0.142
51100,0.656,0.201,0.143
51200,0.655,0.200,0.145
51300,0.652,0.199,0.149
51400,0.653,0.199,0.148
51500,0.656,0.200,0.144
51600,0.657,0.200,0.143
51700,0.661,0.200,0.139
51800,0.661,0.200,0.139
51900,0.666,0.203,0.131
52000,0.670,0.200,0.130
52100,0.666,0.199,0.135
52200,0.670,0.198,0.132
52300,0.672,0.198,0.130
52400,0.672,0.200,0.128
52500,0.677,0.199,0.124
52600,0.673,0.198,0.129
52700,0.675,0.196,0.129
52800,0.671,0.197,0.132
52900,0.672,0.198,0.130
53000,0.673,0.197,0.130
53100,0.677,0.197,0.126
53200,0.676,0.193,0.131
53300,0.677,0.193,0.130
53400,0.680,0.193,0.127
53500,0.678,0.196,0.126
53600,0.679,0.195,0.126
53700,0.681,0.193,0.126
53800,0.682,0.190,0.128
53900,0.682,0.191,0.127
54000,0.681,0.190,0.129
54100,0.680,0.187,0.133
54200,0.680,0.187,0.133
54300,0.678,0.187,0.135
54400,0.677,0.185,0.138
54500,0.683,0.184,0.133
54600,0.676,0.184,0.140
54700,0.678,0.187,0.135
54800,0.675,0.186,0.139
54900,0.679,0.186,0.135
55000,0.683,0.184,0.133
55100,0.682,0.186,0.132
55200,0.683,0.183,0.134
55300,0.685,0.184,0.131
55400,0.685,0.183,0.132
55500,0.685,0.182,0.133
55600,0.689,0.180,0.131
55700,0.688,0.181,0.131
55800,0.689,0.179,0.132
55900,0.691,0.178,0.132
56000,0.694,0.178,0.129
56100,0.695,0.179,0.127
56200,0.694,0.183,0.124
56300,0.687,0.184,0.129
56400,0.686,0.187,0.127
56500,0.692,0.187,0.122
56600,0.688,0.186,0.126
56700,0.688,0.184,0.128
56800,0.691,0.184,0.126
56900,0.685,0.181,0.134
57000,0.679,0.181,0.140
57100,0.684,0.182,0.134
57200,0.688,0.181,0.131
57300,0.687,0.181,0.132
57400,0.684,0.180,0.136
57500,0.685,0.178,0.137
57600,0.687,0.177,0.136
57700,0.685,0.179,0.136
57800,0.684,0.178,0.138
57900,0.688,0.178,0.134
58000,0.684,0.180,0.136
58100,0.687,0.177,0.136
58200,0.693,0.177,0.131
58300,0.681,0.177,0.142
58400,0.687,0.178,0.135
58500,0.692,0.178,0.131
58600,0.688,0.178,0.134
58700,0.694,0.177,0.130
58800,0.697,0.175,0.129
58900,0.698,0.174,0.129
59000,0.693,0.174,0.134
59100,0.695,0.174,0.132
59200,0.695,0.174,0.132
59300,0.693,0.174,0.134
59400,0.701,0.172,0.128
59500,0.701,0.170,0.130
59600,0.702,0.168,0.131
59700,0.703,0.168,0.130
59800,0.705,0.168,0.128
59900,0.705,0.166,0.129
60000,0.703,0.166,0.131
60100,0.708,0.165,0.127
60200,0.711,0.165,0.124
60300,0.711,0.165,0.124
60400,0.715,0.166,0.118
60500,0.715,0.166,0.118
60600,0.715,0.166,0.118
60700,0.716,0.166,0.117
60800,0.717,0.165,0.117
60900,0.720,0.165,0.114
61000,0.719,0.165,0.115
61100,0.719,0.165,0.115
61200,0.711,0.168,0.122
61300,0.710,0.168,0.123
61400,0.712,0.168,0.121
61500,0.711,0.168,0.122
61600,0.709,0.166,0.125
61700,0.711,0.165,0.124
61800,0.713,0.165,0.122
61900,0.712,0.165,0.123
62000,0.714,0.166,0.120
62100,0.715,0.166,0.118
62200,0.715,0.166,0.118
62300,0.712,0.165,0.123
62400,0.711,0.166,0.123
62500,0.712,0.166,0.122
62600,0.718,0.166,0.115
62700,0.707,0.163,0.130
62800,0.707,0.164,0.129
62900,0.710,0.163,0.127
63000,0.710,0.164,0.126
63100,0.710,0.164,0.126
63200,0.714,0.162,0.124
63300,0.714,0.165,0.121
63400,0.723,0.165,0.111
63500,0.723,0.164,0.112
63600,0.723,0.164,0.112
63700,0.726,0.163,0.110
63800,0.721,0.163,0.115
63900,0.723,0.163,0.113
64000,0.726,0.163,0.110
64100,0.725,0.163,0.111
64200,0.727,0.162,0.110
64300,0.727,0.164,0.108
64400,0.730,0.164,0.105
64500,0.729,0.164,0.106
64600,0.732,0.163,0.104
64700,0.731,0.163,0.105
64800,0.733,0.161,0.105
64900,0.734,0.160,0.105
65000,0.728,0.159,0.112
65100,0.727,0.159,0.113
65200,0.727,0.159,0.113
65300,0.728,0.158,0.113
65400,0.732,0.160,0.107
65500,0.733,0.160,0.106
65600,0.729,0.159,0.111
65700,0.731,0.159,0.109
65800,0.727,0.161,0.111
65900,0.720,0.161,0.118
66000,0.723,0.162,0.114
66100,0.721,0.166,0.112
66200,0.718,0.165,0.116
66300,0.719,0.170,0.111
66400,0.718,0.165,0.116
66500,0.715,0.164,0.121
66600,0.701,0.164,0.135
66700,0.704,0.163,0.133
66800,0.705,0.163,0.132
66900,0.705,0.162,0.133
67000,0.705,0.163,0.132
67100,0.710,0.165,0.125
67200,0.708,0.168,0.125
67300,0.715,0.168,0.117
67400,0.717,0.165,0.117
67500,0.714,0.168,0.118
67600,0.712,0.169,0.120
67700,0.709,0.163,0.128
67800,0.716,0.164,0.120
67900,0.714,0.163,0.123
68000,0.710,0.163,0.127
68100,0.715,0.163,0.122
68200,0.709,0.163,0.128
68300,0.697,0.159,0.144
68400,0.715,0.163,0.122
68500,0.716,0.164,0.120
68600,0.712,0.163,0.125
68700,0.714,0.162,0.124
68800,0.716,0.169,0.115
68900,0.717,0.166,0.116
69000,0.715,0.169,0.116
69100,0.718,0.165,0.116
69200,0.719,0.161,0.120
69300,0.721,0.161,0.117
69400,0.719,0.155,0.126
69500,0.717,0.154,0.129
69600,0.715,0.158,0.127
69700,0.721,0.157,0.122
69800,0.724,0.153,0.123
69900,0.730,0.150,0.120
70000,0.729,0.151,0.120
70100,0.729,0.150,0.121
70200,0.730,0.149,0.121
70300,0.732,0.149,0.118
70400,0.736,0.147,0.116
70500,0.743,0.147,0.110
70600,0.740,0.147,0.113
70700,0.745,0.145,0.110
70800,0.746,0.144,0.110
70900,0.747,0.144,0.109
71000,0.749,0.144,0.107
71100,0.749,0.144,0.107
71200,0.754,0.144,0.102
71300,0.758,0.144,0.098
71400,0.757,0.143,0.100
71500,0.759,0.142,0.099
71600,0.761,0.142,0.097
71700,0.763,0.142,0.095
71800,0.761,0.142,0.097
71900,0.765,0.142,0.093
72000,0.765,0.143,0.092
72100,0.765,0.142,0.093
72200,0.764,0.142,0.094
72300,0.762,0.141,0.097
72400,0.760,0.141,0.099
72500,0.759,0.140,0.101
72600,0.761,0.141,0.098
72700,0.761,0.140,0.099
72800,0.760,0.139,0.101
72900,0.767,0.139,0.094
73000,0.768,0.139,0.093
73100,0.766,0.138,0.096
73200,0.765,0.138,0.097
73300,0.763,0.138,0.099
73400,0.766,0.138,0.096
73500,0.756,0.138,0.106
73600,0.759,0.138,0.103
73700,0.757,0.138,0.105
73800,0.762,0.137,0.101
73900,0.758,0.137,0.105
74000,0.760,0.137,0.103
74100,0.759,0.137,0.104
74200,0.759,0.137,0.104
74300,0.760,0.137,0.103
74400,0.758,0.137,0.105
74500,0.762,0.136,0.102
74600,0.765,0.136,0.099
74700,0.766,0.136,0.098
74800,0.769,0.135,0.096
74900,0.770,0.135,0.095
75000,0.771,0.133,0.096
75100,0.772,0.133,0.095
75200,0.773,0.133,0.094
75300,0.773,0.133,0.094
75400,0.771,0.133,0.096
75500,0.773,0.133,0.094
75600,0.771,0.133,0.096
75700,0.770,0.133,0.097
75800,0.769,0.132,0.099
75900,0.769,0.132,0.099
76000,0.772,0.132,0.096
76100,0.776,0.132,0.092
76200,0.776,0.132,0.092
76300,0.776,0.132,0.092
76400,0.776,0.132,0.092
76500,0.777,0.132,0.091
76600,0.781,0.132,0.087
76700,0.781,0.131,0.088
76800,0.781,0.131,0.088
76900,0.782,0.131,0.087
77000,0.780,0.131,0.089
77100,0.781,0.131,0.088
77200,0.782,0.131,0.087
77300,0.783,0.132,0.085
77400,0.783,0.131,0.086
77500,0.785,0.131,0.084
77600,0.787,0.131,0.083
77700,0.787,0.131,0.083
77800,0.787,0.131,0.083
77900,0.787,0.131,0.083
78000,0.787,0.131,0.083
78100,0.790,0.131,0.080
78200,0.790,0.131,0.080
78300,0.790,0.131,0.080
78400,0.789,0.131,0.081
78500,0.789,0.131,0.081
78600,0.789,0.131,0.081
78700,0.789,0.126,0.086
78800,0.785,0.126,0.089
78900,0.787,0.126,0.088
79000,0.788,0.126,0.087
79100,0.790,0.126,0.085
79200,0.792,0.126,0.083
79300,0.790,0.126,0.085
79400,0.791,0.126,0.084
79500,0.791,0.126,0.084
79600,0.793,0.125,0.083
79700,0.793,0.125,0.083
79800,0.793,0.125,0.083
79900,0.792,0.125,0.084
80000,0.792,0.124,0.085
80100,0.792,0.124,0.085
80200,0.791,0.124,0.086
80300,0.792,0.124,0.085
80400,0.792,0.123,0.086
80500,0.792,0.123,0.086
80600,0.790,0.123,0.088
80700,0.790,0.123,0.088
80800,0.790,0.123,0.088
80900,0.791,0.123,0.087
81000,0.791,0.123,0.087
81100,0.792,0.123,0.086
81200,0.789,0.123,0.089
81300,0.789,0.122,0.090
81400,0.789,0.121,0.091
81500,0.790,0.121,0.090
81600,0.790,0.121,0.090
81700,0.790,0.121,0.090
81800,0.790,0.121,0.090
81900,0.790,0.121,0.090
82000,0.790,0.121,0.090
82100,0.790,0.121,0.090
82200,0.791,0.123,0.087
82300,0.791,0.123,0.087
82400,0.791,0.123,0.087
82500,0.791,0.123,0.087
82600,0.792,0.123,0.086
82700,0.792,0.123,0.086
82800,0.792,0.122,0.087
82900,0.791,0.122,0.088
83000,0.791,0.121,0.089
83100,0.791,0.121,0.089
83200,0.791,0.121,0.089
83300,0.790,0.118,0.092
83400,0.793,0.118,0.089
83500,0.793,0.118,0.089
83600,0.792,0.118,0.090
83700,0.792,0.118,0.090
83800,0.794,0.118,0.088
83900,0.796,0.118,0.086
84000,0.795,0.118,0.087
84100,0.797,0.118,0.085
84200,0.799,0.118,0.083
84300,0.799,0.118,0.083
84400,0.799,0.118,0.083
84500,0.799,0.118,0.083
84600,0.799,0.118,0.083
84700,0.798,0.118,0.084
84800,0.796,0.117,0.087
84900,0.798,0.117,0.085
85000,0.799,0.120,0.082
85100,0.799,0.120,0.082
85200,0.798,0.120,0.083
85300,0.798,0.120,0.083
85400,0.798,0.118,0.084
85500,0.798,0.118,0.084
85600,0.798,0.118,0.084
85700,0.798,0.118,0.084
85800,0.798,0.118,0.084
85900,0.796,0.118,0.086
86000,0.796,0.118,0.086
86100,0.796,0.117,0.087
86200,0.797,0.116,0.087
86300,0.798,0.116,0.086
86400,0.799,0.114,0.087
86500,0.799,0.114,0.087
86600,0.799,0.113,0.088
86700,0.800,0.112,0.088
86800,0.800,0.111,0.089
86900,0.799,0.110,0.091
87000,0.799,0.110,0.091
87100,0.800,0.110,0.090
87200,0.800,0.110,0.090
87300,0.799,0.110,0.091
87400,0.797,0.110,0.093
87500,0.797,0.108,0.095
87600,0.796,0.107,0.097
87700,0.798,0.107,0.095
87800,0.797,0.107,0.096
87900,0.797,0.107,0.096
88000,0.797,0.107,0.096
88100,0.796,0.107,0.097
88200,0.796,0.107,0.097
88300,0.796,0.107,0.097
88400,0.799,0.107,0.094
88500,0.800,0.107,0.093
88600,0.803,0.107,0.090
88700,0.807,0.106,0.087
88800,0.806,0.106,0.088
88900,0.806,0.106,0.088
89000,0.806,0.106,0.088
89100,0.806,0.106,0.088
89200,0.807,0.106,0.087
89300,0.807,0.106,0.087
89400,0.808,0.106,0.086
89500,0.808,0.106,0.086
89600,0.810,0.106,0.084
89700,0.810,0.105,0.085
89800,0.810,0.105,0.085
89900,0.812,0.105,0.083
90000,0.813,0.105,0.082
90100,0.813,0.105,0.082
90200,0.814,0.105,0.081
90300,0.814,0.105,0.081
90400,0.815,0.105,0.080
90500,0.814,0.103,0.083
90600,0.815,0.103,0.082
90700,0.817,0.103,0.080
90800,0.817,0.103,0.080
90900,0.814,0.103,0.083
91000,0.816,0.103,0.081
91100,0.815,0.103,0.082
91200,0.815,0.103,0.082
91300,0.815,0.102,0.083
91400,0.816,0.102,0.082
91500,0.816,0.102,0.082
91600,0.816,0.102,0.082
91700,0.815,0.102,0.083
91800,0.815,0.102,0.083
91900,0.816,0.102,0.082
92000,0.815,0.102,0.083
92100,0.815,0.102,0.083
92200,0.817,0.102,0.081
92300,0.817,0.102,0.081
92400,0.816,0.102,0.082
92500,0.817,0.102,0.081
92600,0.817,0.102,0.081
92700,0.818,0.102,0.080
92800,0.818,0.102,0.080
92900,0.817,0.102,0.081
93000,0.817,0.102,0.081
93100,0.817,0.102,0.081
93200,0.817,0.102,0.081
93300,0.818,0.102,0.080
93400,0.818,0.102,0.080
93500,0.818,0.101,0.081
93600,0.817,0.101,0.082
93700,0.817,0.100,0.083
93800,0.817,0.100,0.083
93900,0.818,0.100,0.082
94000,0.819,0.100,0.081
94100,0.817,0.099,0.084
94200,0.818,0.099,0.083
94300,0.819,0.099,0.082
94400,0.819,0.099,0.082
94500,0.819,0.099,0.082
94600,0.819,0.099,0.082
94700,0.819,0.099,0.082
94800,0.819,0.099,0.082
94900,0.819,0.099,0.082
95000,0.818,0.099,0.083
95100,0.811,0.099,0.090
95200,0.811,0.099,0.090
95300,0.812,0.099,0.089
95400,0.812,0.099,0.089
95500,0.812,0.099,0.089
95600,0.814,0.099,0.087
95700,0.816,0.099,0.085
95800,0.818,0.099,0.083
95900,0.819,0.099,0.082
96000,0.818,0.099,0.083
96100,0.817,0.099,0.084
96200,0.797,0.099,0.104
96300,0.797,0.099,0.104
96400,0.798,0.099,0.103
96500,0.797,0.099,0.104
96600,0.799,0.101,0.100
96700,0.803,0.100,0.097
96800,0.806,0.099,0.095
96900,0.808,0.099,0.093
97000,0.809,0.099,0.092
97100,0.808,0.099,0.093
97200,0.808,0.099,0.093
97300,0.809,0.098,0.093
97400,0.810,0.098,0.092
97500,0.805,0.100,0.095
97600,0.804,0.100,0.096
97700,0.805,0.100,0.095
97800,0.805,0.100,0.095
97900,0.805,0.100,0.095
98000,0.804,0.100,0.096
98100,0.807,0.100,0.093
98200,0.811,0.099,0.090
98300,0.812,0.099,0.089
98400,0.811,0.099,0.090
98500,0.811,0.099,0.090
98600,0.812,0.099,0.089
98700,0.812,0.098,0.090
98800,0.813,0.098,0.089
98900,0.815,0.097,0.088
99000,0.815,0.097,0.088
99100,0.815,0.097,0.088
99200,0.815,0.097,0.088
99300,0.813,0.097,0.090
99400,0.813,0.096,0.091
99500,0.812,0.096,0.092
99600,0.815,0.096,0.089
99700,0.815,0.096,0.089
99800,0.815,0.096,0.089
99900,0.815,0.096,0.089
100000,0.814,0.096,0.090
