time,n_A+p,n_B,n_AB
100,0.030,0.969,0.001
200,0.030,0.966,0.004
300,0.032,0.962,0.006
400,0.030,0.960,0.010
500,0.030,0.956,0.014
600,0.030,0.956,0.014
700,0.031,0.952,0.017
800,0.043,0.935,0.022
900,0.063,0.896,0.041
1000,0.063,0.893,0.044
1100,0.061,0.897,0.042
1200,0.060,0.892,0.048
1300,0.054,0.890,0.056
1400,0.058,0.865,0.077
1500,0.052,0.863,0.085
1600,0.056,0.863,0.081
1700,0.065,0.864,0.070
1800,0.058,0.857,0.085
1900,0.061,0.852,0.087
2000,0.065,0.851,0.084
2100,0.058,0.857,0.085
2200,0.059,0.852,0.089
2300,0.054,0.846,0.100
2400,0.050,0.846,0.104
2500,0.046,0.839,0.115
2600,0.051,0.836,0.113
2700,0.050,0.838,0.112
2800,0.055,0.839,0.106
2900,0.053,0.829,0.117
3000,0.062,0.829,0.108
3100,0.064,0.827,0.108
3200,0.065,0.831,0.103
3300,0.060,0.828,0.111
3400,0.064,0.814,0.122
3500,0.076,0.801,0.124
3600,0.075,0.808,0.117
3700,0.077,0.802,0.122
3800,0.084,0.795,0.122
3900,0.082,0.797,0.122
4000,0.083,0.790,0.128
4100,0.080,0.778,0.142
4200,0.081,0.773,0.146
4300,0.077,0.779,0.144
4400,0.081,0.779,0.140
4500,0.077,0.785,0.138
4600,0.079,0.773,0.148
4700,0.081,0.770,0.149
4800,0.077,0.779,0.144
4900,0.070,0.777,0.152
5000,0.070,0.788,0.142
5100,0.072,0.785,0.143
5200,0.088,0.770,0.142
5300,0.086,0.765,0.149
5400,0.088,0.759,0.153
5500,0.090,0.756,0.154
5600,0.086,0.766,0.148
5700,0.097,0.756,0.147
5800,0.090,0.764,0.146
5900,0.097,0.767,0.136
6000,0.099,0.767,0.134
6100,0.090,0.758,0.152
6200,0.090,0.766,0.144
6300,0.087,0.747,0.166
6400,0.087,0.743,0.171
6500,0.088,0.728,0.184
6600,0.095,0.727,0.178
6700,0.105,0.715,0.180
6800,0.102,0.711,0.187
6900,0.098,0.704,0.198
7000,0.098,0.711,0.191
7100,0.095,0.713,0.192
7200,0.088,0.725,0.187
7300,0.083,0.725,0.192
7400,0.085,0.716,0.199
7500,0.085,0.712,0.203
7600,0.079,0.715,0.206
7700,0.097,0.702,0.201
7800,0.103,0.696,0.201
7900,0.121,0.679,0.200
8000,0.121,0.671,0.208
8100,0.113,0.681,0.205
8200,0.102,0.688,0.209
8300,0.104,0.692,0.204
8400,0.110,0.677,0.212
8500,0.106,0.682,0.211
8600,0.105,0.675,0.220
8700,0.110,0.665,0.225
8800,0.122,0.674,0.204
8900,0.122,0.668,0.210
9000,0.124,0.659,0.218
9100,0.123,0.641,0.236
9200,0.123,0.649,0.229
9300,0.132,0.649,0.220
9400,0.126,0.638,0.236
9500,0.129,0.633,0.238
9600,0.131,0.630,0.239
9700,0.138,0.627,0.235
9800,0.153,0.611,0.236
9900,0.151,0.621,0.228
10000,0.156,0.611,0.233
10100,0.168,0.606,0.227
10200,0.160,0.600,0.240
10300,0.164,0.596,0.240
10400,0.165,0.584,0.250
10500,0.181,0.585,0.234
10600,0.161,0.575,0.264
10700,0.164,0.580,0.255
10800,0.164,0.575,0.260
10900,0.164,0.583,0.252
11000,0.162,0.586,0.251
11100,0.159,0.587,0.253
11200,0.174,0.588,0.238
11300,0.166,0.601,0.233
11400,0.170,0.587,0.243
11500,0.183,0.573,0.244
11600,0.176,0.577,0.247
11700,0.163,0.580,0.256
11800,0.159,0.584,0.256
11900,0.181,0.570,0.249
12000,0.173,0.572,0.255
12100,0.170,0.583,0.247
12200,0.170,0.582,0.248
12300,0.162,0.582,0.255
12400,0.165,0.589,0.245
12500,0.171,0.592,0.237
12600,0.180,0.578,0.242
12700,0.173,0.580,0.247
12800,0.170,0.583,0.247
12900,0.176,0.574,0.250
13000,0.159,0.581,0.259
13100,0.174,0.568,0.258
13200,0.169,0.554,0.278
13300,0.158,0.567,0.275
13400,0.155,0.583,0.261
13500,0.156,0.584,0.259
13600,0.151,0.587,0.261
13700,0.157,0.597,0.246
13800,0.152,0.596,0.252
13900,0.149,0.602,0.249
14000,0.136,0.609,0.255
14100,0.136,0.608,0.256
14200,0.153,0.592,0.254
14300,0.165,0.585,0.249
14400,0.171,0.578,0.251
14500,0.174,0.588,0.238
14600,0.177,0.580,0.243
14700,0.168,0.570,0.263
14800,0.158,0.569,0.273
14900,0.153,0.574,0.273
15000,0.173,0.563,0.265
15100,0.173,0.567,0.260
15200,0.190,0.573,0.237
15300,0.177,0.577,0.246
15400,0.171,0.574,0.255
15500,0.181,0.556,0.264
15600,0.174,0.562,0.265
15700,0.177,0.557,0.267
15800,0.178,0.547,0.275
15900,0.171,0.546,0.283
16000,0.174,0.535,0.291
16100,0.171,0.530,0.299
16200,0.175,0.530,0.295
16300,0.174,0.534,0.292
16400,0.173,0.533,0.294
16500,0.179,0.520,0.301
16600,0.187,0.513,0.300
16700,0.200,0.509,0.291
16800,0.205,0.501,0.294
16900,0.213,0.499,0.287
17000,0.217,0.487,0.296
17100,0.221,0.490,0.289
17200,0.251,0.466,0.283
17300,0.260,0.456,0.284
17400,0.251,0.457,0.292
17500,0.283,0.449,0.268
17600,0.277,0.448,0.275
17700,0.267,0.459,0.275
17800,0.272,0.449,0.279
17900,0.265,0.457,0.279
18000,0.254,0.461,0.285
18100,0.256,0.462,0.282
18200,0.256,0.466,0.278
18300,0.273,0.460,0.268
18400,0.276,0.457,0.268
18500,0.288,0.450,0.261
18600,0.281,0.456,0.264
18700,0.294,0.446,0.259
18800,0.294,0.441,0.265
18900,0.298,0.433,0.269
19000,0.294,0.432,0.274
19100,0.302,0.436,0.261
19200,0.303,0.428,0.269
19300,0.312,0.414,0.275
19400,0.327,0.406,0.268
19500,0.334,0.393,0.273
19600,0.326,0.399,0.275
19700,0.327,0.388,0.285
19800,0.321,0.402,0.277
19900,0.330,0.386,0.284
20000,0.333,0.378,0.289
20100,0.325,0.375,0.300
20200,0.324,0.371,0.305
20300,0.331,0.366,0.303
20400,0.328,0.374,0.298
20500,0.323,0.372,0.305
20600,0.335,0.371,0.294
20700,0.329,0.376,0.295
20800,0.336,0.374,0.290
20900,0.314,0.380,0.306
21000,0.320,0.388,0.292
21100,0.297,0.382,0.321
21200,0.303,0.388,0.308
21300,0.305,0.385,0.309
21400,0.301,0.408,0.291
21500,0.292,0.411,0.297
21600,0.286,0.409,0.305
21700,0.292,0.406,0.302
21800,0.286,0.413,0.301
21900,0.287,0.427,0.286
22000,0.292,0.437,0.271
22100,0.291,0.428,0.281
22200,0.309,0.424,0.267
22300,0.318,0.417,0.266
22400,0.321,0.423,0.256
22500,0.324,0.421,0.255
22600,0.321,0.419,0.260
22700,0.297,0.434,0.269
22800,0.297,0.442,0.260
22900,0.283,0.450,0.267
23000,0.271,0.462,0.268
23100,0.276,0.459,0.266
23200,0.278,0.451,0.271
23300,0.292,0.439,0.269
23400,0.291,0.437,0.272
23500,0.283,0.451,0.266
23600,0.294,0.436,0.270
23700,0.309,0.430,0.260
23800,0.315,0.418,0.268
23900,0.307,0.409,0.284
24000,0.318,0.417,0.266
24100,0.325,0.402,0.273
24200,0.321,0.395,0.284
24300,0.328,0.394,0.278
24400,0.318,0.394,0.288
24500,0.341,0.388,0.271
24600,0.343,0.380,0.277
24700,0.340,0.378,0.282
24800,0.350,0.377,0.273
24900,0.347,0.378,0.275
25000,0.353,0.393,0.253
25100,0.340,0.401,0.258
25200,0.343,0.389,0.268
25300,0.330,0.389,0.281
25400,0.341,0.383,0.276
25500,0.345,0.384,0.271
25600,0.340,0.379,0.281
25700,0.333,0.376,0.291
25800,0.328,0.373,0.299
25900,0.328,0.366,0.306
26000,0.309,0.380,0.311
26100,0.313,0.392,0.295
26200,0.300,0.403,0.296
26300,0.297,0.417,0.286
26400,0.287,0.418,0.295
26500,0.292,0.411,0.297
26600,0.286,0.418,0.296
26700,0.297,0.404,0.298
26800,0.300,0.397,0.302
26900,0.324,0.382,0.294
27000,0.329,0.371,0.300
27100,0.325,0.362,0.314
27200,0.326,0.369,0.305
27300,0.322,0.370,0.308
27400,0.319,0.374,0.307
27500,0.326,0.385,0.289
27600,0.330,0.380,0.290
27700,0.335,0.361,0.304
27800,0.334,0.360,0.306
27900,0.341,0.365,0.294
28000,0.347,0.352,0.300
28100,0.350,0.355,0.294
28200,0.362,0.358,0.281
28300,0.355,0.358,0.287
28400,0.359,0.363,0.279
28500,0.348,0.368,0.284
28600,0.355,0.365,0.280
28700,0.359,0.361,0.281
28800,0.359,0.355,0.286
28900,0.360,0.343,0.297
29000,0.364,0.341,0.295
29100,0.371,0.342,0.287
29200,0.372,0.344,0.284
29300,0.362,0.345,0.293
29400,0.361,0.340,0.299
29500,0.359,0.339,0.302
29600,0.371,0.336,0.293
29700,0.383,0.324,0.293
29800,0.383,0.321,0.296
29900,0.393,0.328,0.279
30000,0.384,0.340,0.276
30100,0.380,0.340,0.280
30200,0.378,0.334,0.288
30300,0.373,0.343,0.284
30400,0.369,0.348,0.283
30500,0.363,0.339,0.298
30600,0.368,0.336,0.296
30700,0.350,0.359,0.291
30800,0.370,0.351,0.279
30900,0.368,0.346,0.286
31000,0.344,0.346,0.309
31100,0.335,0.355,0.309
31200,0.344,0.365,0.291
31300,0.342,0.372,0.286
31400,0.340,0.370,0.290
31500,0.346,0.366,0.288
31600,0.336,0.362,0.302
31700,0.337,0.368,0.295
31800,0.334,0.355,0.311
31900,0.337,0.360,0.303
32000,0.340,0.352,0.307
32100,0.329,0.353,0.318
32200,0.337,0.349,0.314
32300,0.343,0.338,0.319
32400,0.339,0.338,0.323
32500,0.332,0.351,0.317
32600,0.337,0.360,0.303
32700,0.338,0.372,0.290
32800,0.335,0.364,0.301
32900,0.356,0.354,0.289
33000,0.354,0.360,0.286
33100,0.339,0.363,0.298
33200,0.331,0.363,0.306
33300,0.334,0.356,0.309
33400,0.332,0.360,0.308
33500,0.339,0.350,0.311
33600,0.333,0.344,0.323
33700,0.322,0.356,0.322
33800,0.326,0.365,0.309
33900,0.314,0.370,0.317
34000,0.313,0.373,0.315
34100,0.324,0.363,0.314
34200,0.317,0.351,0.332
34300,0.329,0.366,0.305
34400,0.321,0.370,0.309
34500,0.330,0.359,0.312
34600,0.321,0.374,0.305
34700,0.315,0.369,0.317
34800,0.301,0.401,0.297
34900,0.309,0.400,0.290
35000,0.316,0.384,0.300
35100,0.324,0.374,0.302
35200,0.346,0.380,0.274
35300,0.345,0.381,0.274
35400,0.340,0.382,0.278
35500,0.343,0.381,0.276
35600,0.361,0.370,0.270
35700,0.377,0.356,0.267
35800,0.365,0.356,0.279
35900,0.361,0.361,0.279
36000,0.362,0.362,0.277
36100,0.366,0.337,0.297
36200,0.346,0.337,0.317
36300,0.353,0.342,0.304
36400,0.356,0.334,0.309
36500,0.363,0.335,0.302
36600,0.363,0.339,0.298
36700,0.345,0.337,0.318
36800,0.349,0.338,0.313
36900,0.325,0.366,0.309
37000,0.318,0.382,0.300
37100,0.319,0.377,0.304
37200,0.307,0.368,0.325
37300,0.322,0.356,0.322
37400,0.345,0.362,0.293
37500,0.346,0.365,0.289
37600,0.333,0.372,0.295
37700,0.339,0.371,0.290
37800,0.338,0.369,0.293
37900,0.331,0.367,0.302
38000,0.323,0.379,0.298
38100,0.333,0.378,0.289
38200,0.332,0.372,0.296
38300,0.330,0.383,0.287
38400,0.344,0.378,0.278
38500,0.350,0.377,0.273
38600,0.354,0.369,0.277
38700,0.350,0.372,0.278
38800,0.349,0.375,0.276
38900,0.349,0.370,0.281
39000,0.349,0.372,0.279
39100,0.342,0.375,0.283
39200,0.356,0.358,0.286
39300,0.351,0.364,0.285
39400,0.347,0.374,0.279
39500,0.347,0.369,0.284
39600,0.344,0.380,0.276
39700,0.351,0.371,0.278
39800,0.360,0.356,0.284
39900,0.352,0.353,0.294
40000,0.354,0.344,0.301
40100,0.352,0.363,0.285
40200,0.361,0.356,0.283
40300,0.373,0.353,0.274
40400,0.373,0.347,0.280
40500,0.362,0.354,0.284
40600,0.367,0.350,0.283
40700,0.369,0.347,0.284
40800,0.372,0.347,0.281
40900,0.372,0.347,0.281
41000,0.373,0.347,0.280
41100,0.373,0.350,0.277
41200,0.368,0.344,0.288
41300,0.361,0.344,0.295
41400,0.359,0.340,0.301
41500,0.358,0.343,0.299
41600,0.373,0.337,0.290
41700,0.380,0.328,0.292
41800,0.378,0.332,0.290
41900,0.388,0.325,0.287
42000,0.400,0.329,0.271
42100,0.401,0.336,0.263
42200,0.392,0.338,0.270
42300,0.398,0.337,0.265
42400,0.404,0.327,0.269
42500,0.401,0.324,0.275
42600,0.413,0.320,0.268
42700,0.418,0.315,0.268
42800,0.419,0.318,0.264
42900,0.420,0.321,0.259
43000,0.408,0.323,0.270
43100,0.413,0.334,0.253
43200,0.423,0.333,0.244
43300,0.418,0.338,0.244
43400,0.418,0.339,0.243
43500,0.430,0.334,0.236
43600,0.430,0.323,0.247
43700,0.427,0.317,0.256
43800,0.431,0.312,0.257
43900,0.421,0.308,0.271
44000,0.426,0.302,0.272
44100,0.426,0.311,0.264
44200,0.430,0.307,0.263
44300,0.427,0.304,0.269
44400,0.433,0.291,0.276
44500,0.431,0.283,0.286
44600,0.440,0.270,0.290
44700,0.448,0.279,0.273
44800,0.432,0.276,0.292
44900,0.444,0.274,0.282
45000,0.438,0.275,0.287
45100,0.436,0.270,0.294
45200,0.433,0.279,0.288
45300,0.428,0.277,0.295
45400,0.423,0.275,0.302
45500,0.430,0.280,0.290
45600,0.436,0.282,0.282
45700,0.442,0.282,0.276
45800,0.434,0.294,0.272
45900,0.435,0.291,0.274
46000,0.448,0.282,0.270
46100,0.446,0.286,0.268
46200,0.437,0.287,0.276
46300,0.454,0.291,0.255
46400,0.450,0.285,0.265
46500,0.458,0.287,0.255
46600,0.462,0.278,0.260
46700,0.476,0.264,0.260
46800,0.491,0.263,0.246
46900,0.493,0.267,0.240
47000,0.503,0.259,0.238
47100,0.490,0.267,0.243
47200,0.483,0.268,0.249
47300,0.479,0.275,0.246
47400,0.479,0.266,0.255
47500,0.477,0.267,0.256
47600,0.472,0.265,0.264
47700,0.473,0.271,0.256
47800,0.475,0.270,0.255
47900,0.466,0.270,0.265
48000,0.466,0.267,0.268
48100,0.463,0.261,0.276
48200,0.470,0.259,0.271
48300,0.464,0.263,0.274
48400,0.462,0.264,0.275
48500,0.446,0.268,0.286
48600,0.451,0.267,0.282
48700,0.444,0.269,0.287
48800,0.458,0.256,0.286
48900,0.468,0.258,0.274
49000,0.476,0.253,0.271
49100,0.484,0.247,0.269
49200,0.481,0.244,0.275
49300,0.476,0.243,0.281
49400,0.485,0.238,0.277
49500,0.494,0.234,0.272
49600,0.498,0.234,0.268
49700,0.513,0.237,0.250
49800,0.509,0.232,0.259
49900,0.516,0.230,0.254
50000,0.509,0.224,0.268
50100,0.503,0.226,0.272
50200,0.510,0.223,0.268
50300,0.525,0.217,0.258
50400,0.526,0.219,0.255
50500,0.528,0.220,0.252
50600,0.507,0.247,0.246
50700,0.496,0.244,0.259
50800,0.497,0.246,0.256
50900,0.492,0.244,0.264
51000,0.499,0.242,0.258
51100,0.490,0.240,0.270
51200,0.508,0.234,0.258
51300,0.499,0.233,0.268
51400,0.502,0.237,0.261
51500,0.509,0.233,0.258
51600,0.529,0.226,0.245
51700,0.513,0.251,0.236
51800,0.516,0.248,0.236
51900,0.509,0.240,0.251
52000,0.514,0.239,0.247
52100,0.525,0.237,0.238
52200,0.522,0.236,0.242
52300,0.514,0.245,0.241
52400,0.513,0.248,0.239
52500,0.515,0.242,0.243
52600,0.510,0.243,0.247
52700,0.515,0.231,0.254
52800,0.517,0.236,0.247
52900,0.518,0.229,0.253
53000,0.514,0.235,0.251
53100,0.507,0.238,0.255
53200,0.502,0.239,0.259
53300,0.479,0.241,0.280
53400,0.477,0.241,0.282
53500,0.468,0.247,0.285
53600,0.472,0.253,0.275
53700,0.459,0.245,0.296
53800,0.446,0.244,0.309
53900,0.454,0.250,0.296
54000,0.459,0.243,0.298
54100,0.471,0.245,0.284
54200,0.461,0.239,0.300
54300,0.466,0.244,0.290
54400,0.472,0.244,0.284
54500,0.477,0.256,0.267
54600,0.472,0.249,0.279
54700,0.492,0.244,0.264
54800,0.489,0.237,0.274
54900,0.487,0.233,0.280
55000,0.483,0.231,0.286
55100,0.483,0.235,0.282
55200,0.484,0.237,0.279
55300,0.483,0.247,0.270
55400,0.479,0.239,0.282
55500,0.483,0.239,0.278
55600,0.469,0.251,0.280
55700,0.486,0.252,0.261
55800,0.486,0.250,0.264
55900,0.501,0.244,0.255
56000,0.492,0.243,0.265
56100,0.493,0.245,0.261
56200,0.477,0.243,0.280
56300,0.467,0.250,0.283
56400,0.459,0.256,0.285
56500,0.467,0.245,0.288
56600,0.476,0.244,0.280
56700,0.470,0.224,0.306
56800,0.464,0.226,0.311
56900,0.476,0.230,0.294
57000,0.465,0.223,0.313
57100,0.474,0.245,0.281
57200,0.478,0.242,0.280
57300,0.465,0.241,0.294
57400,0.460,0.245,0.295
57500,0.464,0.249,0.287
57600,0.471,0.241,0.288
57700,0.458,0.247,0.295
57800,0.466,0.253,0.281
57900,0.458,0.254,0.288
58000,0.462,0.252,0.286
58100,0.454,0.256,0.290
58200,0.448,0.260,0.291
58300,0.444,0.250,0.305
58400,0.445,0.256,0.298
58500,0.449,0.253,0.297
58600,0.448,0.250,0.301
58700,0.454,0.249,0.297
58800,0.470,0.252,0.278
58900,0.474,0.251,0.275
59000,0.474,0.255,0.271
59100,0.456,0.258,0.286
59200,0.455,0.257,0.288
59300,0.448,0.256,0.295
59400,0.447,0.260,0.292
59500,0.447,0.258,0.294
59600,0.447,0.252,0.300
59700,0.453,0.252,0.295
59800,0.443,0.248,0.308
59900,0.445,0.246,0.308
60000,0.454,0.247,0.299
60100,0.442,0.260,0.297
60200,0.445,0.246,0.308
60300,0.438,0.251,0.311
60400,0.457,0.249,0.294
60500,0.462,0.245,0.293
60600,0.460,0.238,0.302
60700,0.466,0.239,0.295
60800,0.468,0.239,0.293
60900,0.468,0.241,0.291
61000,0.468,0.236,0.296
61100,0.469,0.233,0.298
61200,0.475,0.239,0.286
61300,0.479,0.243,0.278
61400,0.463,0.256,0.281
61500,0.477,0.244,0.279
61600,0.487,0.244,0.269
61700,0.496,0.236,0.268
61800,0.493,0.230,0.277
61900,0.482,0.228,0.290
62000,0.493,0.234,0.273
62100,0.482,0.229,0.289
62200,0.484,0.231,0.285
62300,0.478,0.240,0.282
62400,0.486,0.228,0.286
62500,0.496,0.219,0.285
62600,0.496,0.209,0.294
62700,0.491,0.219,0.290
62800,0.491,0.216,0.293
62900,0.483,0.221,0.296
63000,0.480,0.221,0.299
63100,0.482,0.216,0.302
63200,0.467,0.213,0.320
63300,0.461,0.209,0.330
63400,0.457,0.218,0.326
63500,0.459,0.206,0.335
63600,0.467,0.206,0.327
63700,0.474,0.208,0.318
63800,0.466,0.207,0.327
63900,0.462,0.203,0.335
64000,0.446,0.216,0.338
64100,0.429,0.218,0.353
64200,0.417,0.218,0.366
64300,0.427,0.223,0.350
64400,0.428,0.243,0.329
64500,0.425,0.248,0.327
64600,0.435,0.245,0.320
64700,0.436,0.244,0.320
64800,0.440,0.243,0.317
64900,0.441,0.250,0.308
65000,0.448,0.238,0.314
65100,0.437,0.252,0.311
65200,0.428,0.267,0.305
65300,0.429,0.259,0.312
65400,0.429,0.258,0.313
65500,0.434,0.253,0.313
65600,0.438,0.255,0.306
65700,0.428,0.251,0.321
65800,0.439,0.253,0.307
65900,0.433,0.250,0.317
66000,0.425,0.255,0.320
66100,0.431,0.253,0.316
66200,0.444,0.249,0.306
66300,0.427,0.254,0.319
66400,0.421,0.255,0.324
66500,0.420,0.264,0.317
66600,0.427,0.261,0.312
66700,0.424,0.251,0.325
66800,0.423,0.257,0.320
66900,0.408,0.251,0.341
67000,0.403,0.246,0.350
67100,0.392,0.249,0.359
67200,0.403,0.259,0.337
67300,0.400,0.269,0.331
67400,0.407,0.264,0.330
67500,0.416,0.263,0.322
67600,0.404,0.252,0.343
67700,0.410,0.253,0.337
67800,0.427,0.268,0.305
67900,0.444,0.260,0.295
68000,0.441,0.252,0.306
68100,0.439,0.241,0.320
68200,0.440,0.236,0.324
68300,0.435,0.241,0.324
68400,0.438,0.225,0.337
68500,0.445,0.220,0.335
68600,0.446,0.220,0.334
68700,0.445,0.219,0.336
68800,0.438,0.221,0.341
68900,0.429,0.231,0.340
69000,0.420,0.239,0.341
69100,0.421,0.236,0.343
69200,0.420,0.238,0.342
69300,0.422,0.245,0.333
69400,0.418,0.239,0.343
69500,0.414,0.251,0.335
69600,0.416,0.260,0.324
69700,0.418,0.258,0.324
69800,0.409,0.261,0.330
69900,0.400,0.266,0.334
70000,0.393,0.258,0.348
70100,0.400,0.260,0.339
70200,0.406,0.259,0.335
70300,0.404,0.255,0.340
70400,0.412,0.256,0.332
70500,0.417,0.247,0.336
70600,0.412,0.243,0.345
70700,0.422,0.240,0.338
70800,0.412,0.252,0.336
70900,0.406,0.257,0.337
71000,0.415,0.251,0.334
71100,0.416,0.254,0.330
71200,0.414,0.246,0.340
71300,0.416,0.239,0.345
71400,0.425,0.245,0.330
71500,0.417,0.265,0.319
71600,0.419,0.260,0.321
71700,0.420,0.263,0.318
71800,0.415,0.263,0.323
71900,0.417,0.264,0.320
72000,0.411,0.269,0.321
72100,0.416,0.257,0.327
72200,0.417,0.253,0.330
72300,0.429,0.265,0.306
72400,0.424,0.283,0.293
72500,0.429,0.275,0.296
72600,0.426,0.271,0.303
72700,0.420,0.270,0.311
72800,0.417,0.263,0.321
72900,0.412,0.271,0.318
73000,0.411,0.278,0.312
73100,0.390,0.273,0.337
73200,0.395,0.271,0.334
73300,0.400,0.282,0.318
73400,0.420,0.264,0.317
73500,0.426,0.266,0.308
73600,0.423,0.268,0.309
73700,0.415,0.265,0.321
73800,0.398,0.274,0.328
73900,0.387,0.287,0.326
74000,0.385,0.284,0.331
74100,0.392,0.278,0.330
74200,0.373,0.282,0.345
74300,0.381,0.277,0.342
74400,0.370,0.278,0.352
74500,0.377,0.287,0.336
74600,0.383,0.286,0.331
74700,0.381,0.281,0.338
74800,0.368,0.287,0.345
74900,0.365,0.288,0.347
75000,0.363,0.299,0.338
75100,0.360,0.304,0.336
75200,0.370,0.288,0.342
75300,0.368,0.291,0.341
75400,0.366,0.281,0.353
75500,0.356,0.302,0.341
75600,0.340,0.305,0.354
75700,0.332,0.285,0.383
75800,0.340,0.291,0.369
75900,0.342,0.285,0.373
76000,0.341,0.290,0.369
76100,0.342,0.298,0.360
76200,0.347,0.298,0.354
76300,0.337,0.306,0.356
76400,0.323,0.302,0.375
76500,0.322,0.298,0.380
76600,0.333,0.298,0.369
76700,0.347,0.299,0.353
76800,0.351,0.291,0.358
76900,0.365,0.279,0.356
77000,0.369,0.284,0.347
77100,0.358,0.311,0.332
77200,0.368,0.308,0.324
77300,0.369,0.306,0.325
77400,0.373,0.304,0.323
77500,0.369,0.303,0.328
77600,0.373,0.319,0.308
77700,0.369,0.314,0.318
77800,0.364,0.321,0.316
77900,0.359,0.327,0.315
78000,0.347,0.328,0.325
78100,0.342,0.339,0.319
78200,0.351,0.327,0.322
78300,0.352,0.331,0.317
78400,0.338,0.339,0.323
78500,0.337,0.332,0.331
78600,0.346,0.317,0.337
78700,0.345,0.303,0.351
78800,0.342,0.296,0.362
78900,0.349,0.293,0.358
79000,0.370,0.292,0.338
79100,0.361,0.282,0.358
79200,0.366,0.282,0.352
79300,0.370,0.287,0.343
79400,0.380,0.288,0.332
79500,0.386,0.280,0.334
79600,0.388,0.280,0.332
79700,0.391,0.286,0.323
79800,0.393,0.293,0.314
79900,0.384,0.282,0.334
80000,0.396,0.282,0.322
80100,0.400,0.287,0.313
80200,0.409,0.278,0.314
80300,0.402,0.272,0.326
80400,0.403,0.276,0.321
80500,0.402,0.276,0.322
80600,0.401,0.279,0.320
80700,0.394,0.281,0.325
80800,0.393,0.281,0.326
80900,0.406,0.283,0.312
81000,0.402,0.281,0.317
81100,0.395,0.274,0.331
81200,0.403,0.268,0.329
81300,0.409,0.267,0.325
81400,0.426,0.255,0.319
81500,0.437,0.256,0.306
81600,0.449,0.250,0.300
81700,0.447,0.254,0.298
81800,0.438,0.257,0.304
81900,0.446,0.254,0.299
82000,0.454,0.252,0.294
82100,0.456,0.259,0.285
82200,0.456,0.258,0.286
82300,0.449,0.253,0.297
82400,0.455,0.251,0.294
82500,0.450,0.246,0.303
82600,0.447,0.242,0.311
82700,0.454,0.247,0.299
82800,0.454,0.253,0.293
82900,0.442,0.250,0.307
83000,0.436,0.253,0.311
83100,0.433,0.280,0.287
83200,0.437,0.278,0.285
83300,0.434,0.272,0.294
83400,0.421,0.292,0.287
83500,0.409,0.300,0.291
83600,0.415,0.288,0.297
83700,0.418,0.286,0.296
83800,0.436,0.281,0.283
83900,0.429,0.277,0.294
84000,0.419,0.279,0.302
84100,0.429,0.271,0.300
84200,0.428,0.276,0.296
84300,0.431,0.279,0.290
84400,0.430,0.279,0.291
84500,0.427,0.283,0.290
84600,0.434,0.278,0.288
84700,0.437,0.275,0.288
84800,0.436,0.274,0.290
84900,0.441,0.263,0.296
85000,0.444,0.263,0.293
85100,0.439,0.266,0.295
85200,0.431,0.268,0.301
85300,0.426,0.259,0.315
85400,0.431,0.259,0.309
85500,0.439,0.252,0.308
85600,0.443,0.255,0.301
85700,0.445,0.252,0.302
85800,0.445,0.253,0.301
85900,0.449,0.251,0.299
86000,0.457,0.253,0.290
86100,0.477,0.244,0.279
86200,0.474,0.245,0.281
86300,0.476,0.246,0.278
86400,0.477,0.245,0.278
86500,0.489,0.241,0.270
86600,0.491,0.233,0.276
86700,0.508,0.212,0.280
86800,0.510,0.211,0.279
86900,0.495,0.209,0.295
87000,0.485,0.215,0.300
87100,0.480,0.215,0.305
87200,0.472,0.219,0.309
87300,0.477,0.216,0.307
87400,0.486,0.221,0.293
87500,0.484,0.220,0.296
87600,0.491,0.223,0.286
87700,0.494,0.226,0.280
87800,0.502,0.212,0.286
87900,0.492,0.218,0.290
88000,0.474,0.224,0.302
88100,0.471,0.227,0.302
88200,0.471,0.233,0.296
88300,0.466,0.237,0.297
88400,0.462,0.245,0.293
88500,0.459,0.248,0.293
88600,0.444,0.249,0.306
88700,0.440,0.259,0.300
88800,0.439,0.280,0.281
88900,0.425,0.273,0.302
89000,0.437,0.258,0.304
89100,0.440,0.251,0.308
89200,0.448,0.250,0.301
89300,0.463,0.243,0.294
89400,0.458,0.238,0.304
89500,0.445,0.254,0.300
89600,0.464,0.246,0.290
89700,0.465,0.245,0.290
89800,0.474,0.237,0.289
89900,0.484,0.237,0.279
90000,0.494,0.233,0.273
90100,0.495,0.228,0.277
90200,0.488,0.245,0.267
90300,0.477,0.250,0.273
90400,0.478,0.239,0.283
90500,0.471,0.238,0.291
90600,0.470,0.246,0.284
90700,0.450,0.250,0.299
90800,0.467,0.240,0.293
90900,0.462,0.236,0.302
91000,0.463,0.243,0.294
91100,0.446,0.244,0.309
91200,0.461,0.232,0.307
91300,0.463,0.241,0.296
91400,0.471,0.236,0.293
91500,0.468,0.237,0.295
91600,0.467,0.236,0.297
91700,0.475,0.234,0.291
91800,0.467,0.219,0.315
91900,0.482,0.211,0.306
92000,0.484,0.207,0.308
92100,0.477,0.208,0.315
92200,0.492,0.209,0.298
92300,0.501,0.211,0.288
92400,0.495,0.204,0.300
92500,0.493,0.198,0.308
92600,0.492,0.206,0.301
92700,0.490,0.207,0.302
92800,0.503,0.200,0.297
92900,0.495,0.205,0.299
93000,0.502,0.213,0.285
93100,0.495,0.208,0.296
93200,0.490,0.208,0.301
93300,0.494,0.212,0.293
93400,0.497,0.220,0.283
93500,0.495,0.206,0.298
93600,0.506,0.204,0.290
93700,0.499,0.204,0.296
93800,0.482,0.199,0.319
93900,0.482,0.204,0.314
94000,0.482,0.202,0.316
94100,0.494,0.204,0.301
94200,0.494,0.198,0.307
94300,0.497,0.199,0.303
94400,0.502,0.196,0.302
94500,0.485,0.200,0.315
94600,0.496,0.194,0.309
94700,0.489,0.195,0.316
94800,0.487,0.193,0.320
94900,0.483,0.190,0.327
95000,0.484,0.196,0.320
95100,0.475,0.211,0.314
95200,0.463,0.216,0.322
95300,0.467,0.220,0.314
95400,0.466,0.221,0.314
95500,0.449,0.221,0.330
95600,0.436,0.223,0.341
95700,0.445,0.208,0.346
95800,0.462,0.209,0.329
95900,0.446,0.216,0.338
96000,0.439,0.218,0.343
96100,0.435,0.219,0.346
96200,0.438,0.218,0.344
96300,0.432,0.221,0.347
96400,0.434,0.219,0.347
96500,0.437,0.209,0.353
96600,0.423,0.227,0.350
96700,0.412,0.240,0.348
96800,0.406,0.243,0.351
96900,0.386,0.241,0.373
97000,0.395,0.238,0.367
97100,0.406,0.247,0.347
97200,0.420,0.250,0.330
97300,0.429,0.249,0.322
97400,0.439,0.247,0.314
97500,0.443,0.237,0.320
97600,0.444,0.240,0.316
97700,0.453,0.236,0.312
97800,0.448,0.241,0.311
97900,0.455,0.236,0.309
98000,0.454,0.235,0.312
98100,0.450,0.236,0.314
98200,0.446,0.229,0.325
98300,0.425,0.224,0.351
98400,0.407,0.244,0.349
98500,0.408,0.246,0.346
98600,0.406,0.246,0.348
98700,0.408,0.239,0.353
98800,0.399,0.237,0.364
98900,0.401,0.246,0.352
99000,0.404,0.241,0.354
99100,0.420,0.231,0.349
99200,0.431,0.235,0.334
99300,0.443,0.231,0.326
99400,0.444,0.236,0.320
99500,0.441,0.239,0.320
99600,0.440,0.247,0.313
99700,0.443,0.239,0.318
99800,0.444,0.234,0.322
99900,0.455,0.235,0.311
100000,0.456,0.231,0.314
