time,n_A+p,n_B,n_AB
100,0.424,0.523,0.053
200,0.427,0.502,0.072
300,0.415,0.491,0.094
400,0.410,0.478,0.112
500,0.395,0.485,0.120
600,0.389,0.465,0.146
700,0.382,0.470,0.148
800,0.383,0.464,0.153
900,0.370,0.461,0.170
1000,0.376,0.450,0.174
1100,0.373,0.443,0.184
1200,0.361,0.448,0.191
1300,0.370,0.438,0.192
1400,0.375,0.458,0.168
1500,0.371,0.460,0.170
1600,0.378,0.456,0.166
1700,0.380,0.476,0.144
1800,0.363,0.479,0.158
1900,0.351,0.473,0.176
2000,0.353,0.470,0.177
2100,0.349,0.480,0.171
2200,0.361,0.473,0.166
2300,0.371,0.463,0.166
2400,0.366,0.465,0.170
2500,0.360,0.472,0.169
2600,0.352,0.465,0.183
2700,0.367,0.456,0.178
2800,0.368,0.451,0.181
2900,0.360,0.456,0.185
3000,0.351,0.470,0.179
3100,0.347,0.487,0.165
3200,0.334,0.484,0.182
3300,0.328,0.511,0.161
3400,0.330,0.506,0.164
3500,0.334,0.507,0.159
3600,0.339,0.502,0.159
3700,0.346,0.493,0.160
3800,0.338,0.498,0.163
3900,0.330,0.509,0.161
4000,0.340,0.484,0.176
4100,0.351,0.482,0.166
4200,0.337,0.495,0.168
4300,0.328,0.512,0.160
4400,0.346,0.497,0.156
4500,0.353,0.507,0.140
4600,0.360,0.499,0.141
4700,0.354,0.485,0.160
4800,0.366,0.462,0.173
4900,0.368,0.457,0.176
5000,0.368,0.447,0.185
5100,0.372,0.446,0.182
5200,0.388,0.432,0.180
5300,0.391,0.427,0.182
5400,0.394,0.431,0.175
5500,0.399,0.431,0.170
5600,0.404,0.422,0.174
5700,0.401,0.423,0.176
5800,0.391,0.419,0.190
5900,0.388,0.429,0.183
6000,0.385,0.426,0.189
6100,0.390,0.425,0.185
6200,0.380,0.434,0.186
6300,0.383,0.434,0.183
6400,0.390,0.422,0.188
6500,0.381,0.423,0.196
6600,0.380,0.421,0.199
6700,0.392,0.430,0.178
6800,0.389,0.437,0.174
6900,0.369,0.464,0.168
7000,0.367,0.460,0.174
7100,0.367,0.460,0.174
7200,0.369,0.450,0.181
7300,0.381,0.445,0.174
7400,0.376,0.439,0.185
7500,0.372,0.437,0.191
7600,0.361,0.450,0.189
7700,0.367,0.440,0.193
7800,0.370,0.444,0.186
7900,0.361,0.443,0.196
8000,0.356,0.453,0.191
8100,0.358,0.450,0.192
8200,0.361,0.449,0.190
8300,0.362,0.454,0.185
8400,0.367,0.454,0.180
8500,0.366,0.450,0.184
8600,0.362,0.454,0.185
8700,0.347,0.471,0.182
8800,0.351,0.472,0.177
8900,0.354,0.466,0.180
9000,0.346,0.472,0.182
9100,0.349,0.480,0.171
9200,0.337,0.493,0.170
9300,0.331,0.491,0.178
9400,0.330,0.486,0.184
9500,0.320,0.499,0.181
9600,0.311,0.506,0.184
9700,0.314,0.503,0.184
9800,0.308,0.520,0.172
9900,0.316,0.528,0.156
10000,0.340,0.503,0.157
10100,0.331,0.514,0.155
10200,0.321,0.509,0.171
10300,0.321,0.494,0.185
10400,0.316,0.493,0.191
10500,0.315,0.497,0.188
10600,0.328,0.501,0.172
10700,0.313,0.514,0.174
10800,0.324,0.519,0.157
10900,0.316,0.512,0.173
11000,0.320,0.505,0.176
11100,0.319,0.513,0.169
11200,0.315,0.511,0.175
11300,0.300,0.515,0.185
11400,0.302,0.521,0.177
11500,0.305,0.526,0.169
11600,0.302,0.529,0.169
11700,0.300,0.535,0.164
11800,0.320,0.521,0.159
11900,0.321,0.518,0.161
12000,0.319,0.519,0.162
12100,0.311,0.514,0.176
12200,0.305,0.522,0.173
12300,0.297,0.532,0.171
12400,0.318,0.521,0.161
12500,0.315,0.526,0.159
12600,0.307,0.533,0.159
12700,0.305,0.535,0.159
12800,0.305,0.533,0.161
12900,0.303,0.521,0.176
13000,0.301,0.522,0.177
13100,0.299,0.530,0.171
13200,0.290,0.537,0.173
13300,0.303,0.517,0.180
13400,0.303,0.513,0.184
13500,0.287,0.521,0.192
13600,0.318,0.509,0.174
13700,0.320,0.511,0.170
13800,0.313,0.512,0.176
13900,0.309,0.522,0.169
14000,0.318,0.507,0.176
14100,0.307,0.508,0.185
14200,0.325,0.504,0.172
14300,0.316,0.509,0.176
14400,0.313,0.507,0.181
14500,0.312,0.512,0.177
14600,0.292,0.520,0.188
14700,0.298,0.526,0.176
14800,0.292,0.518,0.190
14900,0.300,0.514,0.186
15000,0.318,0.507,0.176
15100,0.316,0.511,0.174
15200,0.311,0.513,0.177
15300,0.318,0.512,0.171
15400,0.308,0.515,0.177
15500,0.315,0.513,0.173
15600,0.323,0.499,0.178
15700,0.331,0.502,0.168
15800,0.328,0.505,0.168
15900,0.323,0.501,0.177
16000,0.341,0.477,0.182
16100,0.350,0.480,0.170
16200,0.356,0.478,0.165
16300,0.351,0.476,0.173
16400,0.339,0.481,0.180
16500,0.337,0.476,0.187
16600,0.337,0.483,0.180
16700,0.338,0.486,0.176
16800,0.344,0.475,0.181
16900,0.344,0.473,0.183
17000,0.339,0.472,0.189
17100,0.326,0.491,0.183
17200,0.337,0.484,0.179
17300,0.336,0.482,0.182
17400,0.337,0.459,0.204
17500,0.339,0.466,0.195
17600,0.344,0.472,0.184
17700,0.358,0.454,0.189
17800,0.358,0.450,0.192
17900,0.353,0.444,0.202
18000,0.358,0.442,0.200
18100,0.363,0.431,0.206
18200,0.364,0.432,0.204
18300,0.373,0.428,0.199
18400,0.361,0.445,0.194
18500,0.375,0.429,0.196
18600,0.359,0.431,0.210
18700,0.373,0.433,0.194
18800,0.380,0.420,0.200
18900,0.377,0.410,0.213
19000,0.376,0.410,0.215
19100,0.386,0.400,0.213
19200,0.386,0.407,0.207
19300,0.398,0.394,0.207
19400,0.388,0.398,0.213
19500,0.385,0.404,0.210
19600,0.376,0.415,0.209
19700,0.392,0.410,0.198
19800,0.392,0.401,0.206
19900,0.381,0.416,0.203
20000,0.381,0.418,0.201
20100,0.386,0.419,0.195
20200,0.379,0.419,0.202
20300,0.379,0.412,0.209
20400,0.377,0.416,0.207
20500,0.401,0.409,0.190
20600,0.409,0.406,0.186
20700,0.397,0.408,0.195
20800,0.388,0.404,0.207
20900,0.389,0.410,0.201
21000,0.383,0.409,0.208
21100,0.404,0.391,0.204
21200,0.402,0.388,0.209
21300,0.404,0.402,0.193
21400,0.396,0.411,0.193
21500,0.394,0.413,0.193
21600,0.412,0.401,0.187
21700,0.428,0.387,0.185
21800,0.427,0.390,0.183
21900,0.425,0.393,0.182
22000,0.426,0.390,0.184
22100,0.423,0.403,0.174
22200,0.432,0.396,0.172
22300,0.433,0.391,0.176
22400,0.422,0.399,0.179
22500,0.426,0.392,0.182
22600,0.424,0.385,0.191
22700,0.427,0.384,0.189
22800,0.418,0.393,0.189
22900,0.418,0.391,0.191
23000,0.418,0.390,0.192
23100,0.414,0.395,0.191
23200,0.431,0.384,0.185
23300,0.431,0.391,0.178
23400,0.433,0.382,0.185
23500,0.437,0.371,0.192
23600,0.432,0.375,0.193
23700,0.442,0.373,0.185
23800,0.432,0.369,0.199
23900,0.430,0.376,0.194
24000,0.444,0.364,0.192
24100,0.450,0.349,0.200
24200,0.447,0.343,0.209
24300,0.437,0.352,0.210
24400,0.447,0.354,0.198
24500,0.455,0.342,0.203
24600,0.455,0.340,0.205
24700,0.448,0.346,0.205
24800,0.439,0.338,0.223
24900,0.442,0.347,0.210
25000,0.441,0.355,0.203
25100,0.445,0.368,0.187
25200,0.439,0.360,0.201
25300,0.444,0.349,0.206
25400,0.444,0.341,0.215
25500,0.449,0.330,0.221
25600,0.443,0.334,0.223
25700,0.453,0.326,0.222
25800,0.459,0.331,0.210
25900,0.470,0.321,0.209
26000,0.474,0.321,0.205
26100,0.475,0.319,0.206
26200,0.471,0.309,0.220
26300,0.481,0.307,0.211
26400,0.485,0.309,0.205
26500,0.471,0.305,0.224
26600,0.482,0.308,0.209
26700,0.486,0.300,0.213
26800,0.496,0.297,0.206
26900,0.498,0.305,0.196
27000,0.485,0.302,0.212
27100,0.485,0.296,0.219
27200,0.492,0.309,0.198
27300,0.495,0.304,0.200
27400,0.492,0.315,0.193
27500,0.491,0.313,0.196
27600,0.498,0.309,0.192
27700,0.497,0.304,0.198
27800,0.498,0.298,0.203
27900,0.501,0.298,0.201
28000,0.508,0.300,0.192
28100,0.519,0.300,0.181
28200,0.518,0.301,0.181
28300,0.519,0.288,0.193
28400,0.506,0.285,0.209
28500,0.525,0.285,0.190
28600,0.533,0.286,0.181
28700,0.539,0.288,0.173
28800,0.538,0.290,0.172
28900,0.538,0.290,0.172
29000,0.542,0.290,0.168
29100,0.552,0.278,0.171
29200,0.562,0.270,0.169
29300,0.552,0.273,0.176
29400,0.550,0.276,0.175
29500,0.565,0.275,0.160
29600,0.552,0.274,0.175
29700,0.554,0.269,0.178
29800,0.552,0.269,0.180
29900,0.555,0.267,0.179
30000,0.551,0.269,0.181
30100,0.542,0.277,0.181
30200,0.549,0.275,0.177
30300,0.530,0.273,0.197
30400,0.546,0.269,0.185
30500,0.546,0.273,0.181
30600,0.546,0.271,0.183
30700,0.547,0.265,0.188
30800,0.550,0.264,0.187
30900,0.552,0.261,0.187
31000,0.559,0.251,0.190
31100,0.554,0.252,0.194
31200,0.561,0.245,0.194
31300,0.571,0.240,0.189
31400,0.570,0.242,0.188
31500,0.561,0.244,0.195
31600,0.568,0.243,0.189
31700,0.568,0.241,0.191
31800,0.575,0.244,0.181
31900,0.590,0.241,0.169
32000,0.591,0.231,0.178
32100,0.583,0.229,0.188
32200,0.585,0.230,0.185
32300,0.588,0.224,0.188
32400,0.604,0.224,0.173
32500,0.605,0.227,0.169
32600,0.609,0.226,0.165
32700,0.610,0.219,0.172
32800,0.603,0.226,0.172
32900,0.587,0.222,0.191
33000,0.605,0.219,0.177
33100,0.600,0.217,0.184
33200,0.607,0.217,0.177
33300,0.602,0.215,0.184
33400,0.603,0.215,0.183
33500,0.612,0.209,0.179
33600,0.601,0.213,0.186
33700,0.603,0.213,0.184
33800,0.602,0.207,0.191
33900,0.610,0.210,0.180
34000,0.614,0.213,0.173
34100,0.613,0.207,0.180
34200,0.627,0.202,0.171
34300,0.646,0.198,0.156
34400,0.648,0.197,0.155
34500,0.641,0.198,0.160
34600,0.641,0.199,0.159
34700,0.640,0.195,0.164
34800,0.637,0.197,0.165
34900,0.641,0.194,0.164
35000,0.648,0.190,0.162
35100,0.651,0.189,0.160
35200,0.650,0.187,0.163
35300,0.656,0.186,0.158
35400,0.654,0.183,0.163
35500,0.655,0.187,0.158
35600,0.658,0.187,0.155
35700,0.656,0.184,0.160
35800,0.663,0.184,0.153
35900,0.664,0.187,0.149
36000,0.674,0.190,0.136
36100,0.679,0.188,0.133
36200,0.684,0.183,0.133
36300,0.688,0.181,0.131
36400,0.685,0.180,0.135
36500,0.680,0.183,0.137
36600,0.681,0.184,0.135
36700,0.682,0.181,0.137
36800,0.688,0.181,0.131
36900,0.689,0.186,0.125
37000,0.689,0.186,0.125
37100,0.692,0.185,0.124
37200,0.684,0.183,0.133
37300,0.687,0.180,0.133
37400,0.697,0.175,0.129
37500,0.694,0.166,0.140
37600,0.697,0.166,0.137
37700,0.698,0.164,0.138
37800,0.695,0.162,0.143
37900,0.694,0.162,0.144
38000,0.698,0.163,0.139
38100,0.694,0.165,0.141
38200,0.697,0.163,0.140
38300,0.702,0.164,0.134
38400,0.702,0.166,0.132
38500,0.711,0.161,0.128
38600,0.714,0.159,0.127
38700,0.719,0.156,0.125
38800,0.722,0.149,0.129
38900,0.722,0.150,0.128
39000,0.726,0.149,0.125
39100,0.726,0.150,0.124
39200,0.725,0.149,0.126
39300,0.726,0.148,0.126
39400,0.726,0.154,0.120
39500,0.735,0.144,0.121
39600,0.735,0.140,0.125
39700,0.730,0.147,0.123
39800,0.732,0.145,0.123
39900,0.730,0.142,0.128
40000,0.725,0.146,0.129
40100,0.713,0.146,0.141
40200,0.713,0.148,0.139
40300,0.708,0.144,0.148
40400,0.717,0.142,0.141
40500,0.726,0.141,0.133
40600,0.715,0.148,0.137
40700,0.707,0.147,0.146
40800,0.728,0.144,0.128
40900,0.725,0.145,0.130
41000,0.726,0.145,0.129
41100,0.730,0.147,0.123
41200,0.733,0.145,0.122
41300,0.728,0.145,0.127
41400,0.711,0.161,0.128
41500,0.718,0.156,0.126
41600,0.711,0.153,0.136
41700,0.717,0.148,0.135
41800,0.725,0.147,0.128
41900,0.716,0.146,0.138
42000,0.700,0.159,0.141
42100,0.706,0.148,0.146
42200,0.705,0.148,0.147
42300,0.708,0.148,0.144
42400,0.710,0.145,0.145
42500,0.711,0.145,0.144
42600,0.721,0.142,0.137
42700,0.727,0.138,0.135
42800,0.725,0.137,0.138
42900,0.728,0.133,0.139
43000,0.739,0.133,0.129
43100,0.739,0.133,0.129
43200,0.737,0.132,0.131
43300,0.732,0.135,0.133
43400,0.739,0.138,0.124
43500,0.748,0.136,0.116
43600,0.757,0.134,0.109
43700,0.769,0.130,0.101
43800,0.773,0.128,0.099
43900,0.780,0.126,0.094
44000,0.780,0.124,0.096
44100,0.778,0.123,0.099
44200,0.783,0.122,0.095
44300,0.781,0.121,0.098
44400,0.782,0.122,0.096
44500,0.787,0.117,0.096
44600,0.793,0.116,0.091
44700,0.794,0.115,0.091
44800,0.796,0.115,0.089
44900,0.798,0.112,0.090
45000,0.796,0.112,0.092
45100,0.791,0.114,0.095
45200,0.781,0.124,0.095
45300,0.778,0.120,0.102
45400,0.779,0.120,0.101
45500,0.782,0.117,0.100
45600,0.780,0.114,0.105
45700,0.784,0.115,0.100
45800,0.774,0.114,0.111
45900,0.777,0.114,0.108
46000,0.775,0.117,0.107
46100,0.776,0.114,0.109
46200,0.778,0.115,0.106
46300,0.779,0.113,0.107
46400,0.778,0.115,0.106
46500,0.779,0.111,0.109
46600,0.781,0.110,0.108
46700,0.778,0.108,0.113
46800,0.779,0.107,0.113
46900,0.787,0.105,0.108
47000,0.783,0.107,0.109
47100,0.784,0.107,0.108
47200,0.782,0.108,0.109
47300,0.789,0.105,0.106
47400,0.789,0.103,0.108
47500,0.788,0.103,0.109
47600,0.783,0.103,0.113
47700,0.790,0.104,0.106
47800,0.792,0.106,0.102
47900,0.792,0.106,0.102
48000,0.796,0.104,0.100
48100,0.797,0.104,0.099
48200,0.799,0.102,0.099
48300,0.800,0.102,0.098
48400,0.800,0.102,0.098
48500,0.800,0.104,0.096
48600,0.803,0.103,0.094
48700,0.803,0.101,0.096
48800,0.809,0.099,0.092
48900,0.809,0.099,0.092
49000,0.812,0.099,0.089
49100,0.812,0.101,0.087
49200,0.810,0.101,0.089
49300,0.809,0.100,0.091
49400,0.800,0.106,0.094
49500,0.789,0.111,0.100
49600,0.783,0.113,0.103
49700,0.789,0.106,0.105
49800,0.795,0.105,0.100
49900,0.797,0.103,0.100
50000,0.799,0.101,0.100
50100,0.802,0.100,0.098
50200,0.805,0.100,0.095
50300,0.807,0.100,0.093
50400,0.809,0.100,0.091
50500,0.817,0.098,0.085
50600,0.820,0.098,0.082
50700,0.820,0.099,0.081
50800,0.818,0.099,0.083
50900,0.820,0.099,0.081
51000,0.824,0.099,0.077
51100,0.824,0.099,0.077
51200,0.817,0.099,0.084
51300,0.819,0.098,0.083
51400,0.815,0.098,0.087
51500,0.814,0.097,0.089
51600,0.816,0.097,0.087
51700,0.820,0.096,0.084
51800,0.819,0.096,0.085
51900,0.823,0.096,0.081
52000,0.824,0.096,0.080
52100,0.824,0.093,0.083
52200,0.826,0.091,0.083
52300,0.828,0.091,0.081
52400,0.826,0.091,0.083
52500,0.825,0.092,0.083
52600,0.828,0.091,0.081
52700,0.829,0.091,0.080
52800,0.829,0.091,0.080
52900,0.829,0.091,0.080
53000,0.831,0.091,0.078
53100,0.834,0.090,0.077
53200,0.832,0.088,0.080
53300,0.832,0.089,0.079
53400,0.835,0.088,0.078
53500,0.836,0.088,0.077
53600,0.836,0.087,0.078
53700,0.837,0.086,0.078
53800,0.838,0.085,0.078
53900,0.836,0.084,0.081
54000,0.829,0.083,0.088
54100,0.832,0.083,0.085
54200,0.832,0.082,0.086
54300,0.835,0.080,0.086
54400,0.837,0.080,0.084
54500,0.836,0.080,0.085
54600,0.836,0.079,0.086
54700,0.837,0.079,0.085
54800,0.836,0.079,0.086
54900,0.836,0.078,0.087
55000,0.837,0.078,0.086
55100,0.834,0.078,0.089
55200,0.821,0.091,0.088
55300,0.821,0.091,0.088
55400,0.823,0.091,0.086
55500,0.820,0.090,0.090
55600,0.825,0.090,0.085
55700,0.828,0.089,0.083
55800,0.828,0.089,0.083
55900,0.827,0.088,0.085
56000,0.830,0.087,0.083
56100,0.831,0.087,0.082
56200,0.828,0.089,0.083
56300,0.829,0.088,0.083
56400,0.831,0.088,0.081
56500,0.825,0.089,0.086
56600,0.829,0.091,0.080
56700,0.822,0.090,0.088
56800,0.823,0.090,0.087
56900,0.826,0.090,0.084
57000,0.820,0.096,0.084
57100,0.821,0.092,0.087
57200,0.822,0.090,0.088
57300,0.824,0.089,0.087
57400,0.826,0.089,0.085
57500,0.816,0.089,0.095
57600,0.817,0.088,0.095
57700,0.817,0.088,0.095
57800,0.821,0.086,0.093
57900,0.830,0.092,0.078
58000,0.822,0.094,0.084
58100,0.825,0.092,0.083
58200,0.829,0.094,0.077
58300,0.825,0.093,0.082
58400,0.817,0.092,0.091
58500,0.820,0.090,0.090
58600,0.825,0.089,0.086
58700,0.826,0.089,0.085
58800,0.829,0.087,0.084
58900,0.826,0.087,0.087
59000,0.830,0.084,0.086
59100,0.830,0.085,0.085
59200,0.827,0.086,0.087
59300,0.828,0.093,0.079
59400,0.831,0.093,0.076
59500,0.836,0.091,0.074
59600,0.836,0.090,0.075
59700,0.836,0.090,0.075
59800,0.835,0.089,0.077
59900,0.832,0.089,0.079
60000,0.831,0.088,0.081
60100,0.827,0.086,0.087
60200,0.831,0.086,0.083
60300,0.831,0.085,0.084
60400,0.837,0.084,0.080
60500,0.840,0.084,0.077
60600,0.843,0.081,0.077
60700,0.845,0.081,0.075
60800,0.846,0.080,0.075
60900,0.844,0.080,0.077
61000,0.844,0.080,0.077
61100,0.843,0.078,0.080
61200,0.848,0.076,0.077
61300,0.847,0.076,0.078
61400,0.848,0.076,0.077
61500,0.844,0.076,0.081
61600,0.845,0.075,0.081
61700,0.846,0.075,0.080
61800,0.851,0.075,0.075
61900,0.849,0.075,0.077
62000,0.849,0.075,0.077
62100,0.851,0.075,0.075
62200,0.853,0.074,0.074
62300,0.853,0.074,0.074
62400,0.842,0.073,0.086
62500,0.843,0.070,0.087
62600,0.845,0.070,0.085
62700,0.845,0.072,0.084
62800,0.852,0.070,0.078
62900,0.853,0.070,0.077
63000,0.853,0.069,0.078
63100,0.849,0.073,0.079
63200,0.853,0.070,0.077
63300,0.858,0.070,0.072
63400,0.859,0.070,0.070
63500,0.860,0.069,0.070
63600,0.861,0.069,0.069
63700,0.861,0.069,0.069
63800,0.861,0.069,0.069
63900,0.860,0.069,0.070
64000,0.859,0.069,0.072
64100,0.860,0.068,0.072
64200,0.860,0.068,0.072
64300,0.862,0.067,0.070
64400,0.863,0.067,0.069
64500,0.863,0.067,0.069
64600,0.863,0.067,0.069
64700,0.866,0.067,0.066
64800,0.866,0.069,0.064
64900,0.866,0.069,0.064
65000,0.867,0.069,0.063
65100,0.866,0.069,0.064
65200,0.865,0.069,0.065
65300,0.865,0.069,0.065
65400,0.865,0.069,0.065
65500,0.867,0.068,0.064
65600,0.864,0.068,0.067
65700,0.864,0.067,0.068
65800,0.866,0.067,0.066
65900,0.865,0.067,0.067
66000,0.843,0.067,0.090
66100,0.843,0.073,0.085
66200,0.842,0.078,0.081
66300,0.843,0.077,0.081
66400,0.843,0.077,0.081
66500,0.846,0.078,0.077
66600,0.847,0.078,0.076
66700,0.847,0.077,0.077
66800,0.843,0.083,0.075
66900,0.841,0.080,0.080
67000,0.844,0.078,0.079
67100,0.850,0.077,0.074
67200,0.853,0.077,0.070
67300,0.855,0.076,0.069
67400,0.858,0.076,0.066
67500,0.858,0.076,0.066
67600,0.858,0.075,0.067
67700,0.861,0.074,0.065
67800,0.862,0.073,0.065
67900,0.862,0.073,0.065
68000,0.861,0.073,0.066
68100,0.859,0.073,0.068
68200,0.862,0.072,0.066
68300,0.863,0.072,0.065
68400,0.863,0.072,0.065
68500,0.860,0.075,0.065
68600,0.861,0.074,0.065
68700,0.863,0.074,0.063
68800,0.863,0.074,0.063
68900,0.864,0.073,0.063
69000,0.858,0.073,0.069
69100,0.859,0.073,0.068
69200,0.860,0.073,0.067
69300,0.861,0.073,0.066
69400,0.859,0.075,0.066
69500,0.859,0.074,0.067
69600,0.862,0.074,0.064
69700,0.861,0.074,0.065
69800,0.860,0.076,0.064
69900,0.857,0.075,0.068
70000,0.858,0.075,0.067
70100,0.859,0.072,0.069
70200,0.858,0.072,0.070
70300,0.857,0.072,0.072
70400,0.853,0.072,0.076
70500,0.858,0.069,0.073
70600,0.860,0.068,0.072
70700,0.863,0.067,0.069
70800,0.864,0.067,0.068
70900,0.865,0.067,0.067
71000,0.864,0.067,0.068
71100,0.868,0.067,0.064
71200,0.869,0.067,0.063
71300,0.870,0.067,0.062
71400,0.870,0.067,0.062
71500,0.871,0.067,0.061
71600,0.872,0.068,0.059
71700,0.872,0.068,0.059
71800,0.872,0.067,0.060
71900,0.867,0.067,0.065
72000,0.869,0.066,0.064
72100,0.869,0.066,0.064
72200,0.871,0.066,0.062
72300,0.870,0.066,0.063
72400,0.871,0.065,0.063
72500,0.873,0.065,0.061
72600,0.874,0.065,0.060
72700,0.870,0.065,0.064
72800,0.870,0.065,0.064
72900,0.870,0.067,0.062
73000,0.870,0.064,0.065
73100,0.869,0.064,0.066
73200,0.866,0.064,0.069
73300,0.868,0.063,0.068
73400,0.870,0.063,0.066
73500,0.872,0.063,0.064
73600,0.868,0.063,0.068
73700,0.868,0.062,0.069
73800,0.869,0.062,0.068
73900,0.873,0.062,0.064
74000,0.877,0.062,0.060
74100,0.867,0.062,0.070
74200,0.868,0.062,0.069
74300,0.869,0.062,0.068
74400,0.868,0.062,0.069
74500,0.867,0.062,0.070
74600,0.866,0.062,0.072
74700,0.866,0.062,0.072
74800,0.868,0.062,0.069
74900,0.871,0.062,0.066
75000,0.872,0.062,0.065
75100,0.872,0.062,0.065
75200,0.872,0.062,0.065
75300,0.872,0.062,0.065
75400,0.874,0.062,0.063
75500,0.872,0.064,0.063
75600,0.865,0.064,0.070
75700,0.864,0.064,0.072
75800,0.864,0.064,0.072
75900,0.866,0.062,0.072
76000,0.866,0.061,0.073
76100,0.865,0.063,0.072
76200,0.865,0.065,0.069
76300,0.866,0.065,0.068
76400,0.867,0.064,0.068
76500,0.868,0.064,0.067
76600,0.868,0.063,0.068
76700,0.869,0.062,0.068
76800,0.868,0.061,0.070
76900,0.865,0.060,0.075
77000,0.867,0.060,0.073
77100,0.869,0.060,0.070
77200,0.870,0.060,0.069
77300,0.871,0.060,0.068
77400,0.870,0.060,0.069
77500,0.868,0.060,0.072
77600,0.870,0.060,0.069
77700,0.872,0.060,0.067
77800,0.873,0.060,0.066
77900,0.870,0.060,0.069
78000,0.872,0.060,0.067
78100,0.872,0.060,0.067
78200,0.875,0.060,0.064
78300,0.853,0.078,0.069
78400,0.853,0.079,0.068
78500,0.849,0.080,0.072
78600,0.852,0.079,0.069
78700,0.853,0.076,0.072
78800,0.855,0.074,0.072
78900,0.854,0.074,0.073
79000,0.853,0.078,0.069
79100,0.856,0.077,0.067
79200,0.856,0.076,0.068
79300,0.853,0.075,0.073
79400,0.853,0.076,0.072
79500,0.860,0.067,0.073
79600,0.864,0.066,0.069
79700,0.865,0.066,0.068
79800,0.863,0.066,0.070
79900,0.862,0.068,0.069
80000,0.864,0.065,0.070
80100,0.865,0.065,0.069
80200,0.863,0.064,0.073
80300,0.862,0.066,0.072
80400,0.862,0.066,0.072
80500,0.863,0.065,0.072
80600,0.861,0.064,0.075
80700,0.861,0.065,0.074
80800,0.864,0.064,0.072
80900,0.863,0.065,0.072
81000,0.864,0.063,0.073
81100,0.860,0.062,0.078
81200,0.860,0.062,0.078
81300,0.862,0.062,0.076
81400,0.863,0.061,0.076
81500,0.861,0.068,0.070
81600,0.862,0.069,0.068
81700,0.861,0.066,0.073
81800,0.865,0.065,0.069
81900,0.866,0.065,0.068
82000,0.867,0.062,0.070
82100,0.865,0.062,0.073
82200,0.864,0.062,0.074
82300,0.865,0.062,0.073
82400,0.866,0.060,0.074
82500,0.870,0.060,0.069
82600,0.869,0.062,0.068
82700,0.871,0.062,0.066
82800,0.871,0.062,0.066
82900,0.875,0.062,0.062
83000,0.875,0.061,0.063
83100,0.875,0.062,0.062
83200,0.871,0.062,0.066
83300,0.873,0.060,0.066
83400,0.874,0.060,0.065
83500,0.875,0.059,0.065
83600,0.877,0.059,0.063
83700,0.883,0.059,0.058
83800,0.882,0.059,0.059
83900,0.886,0.056,0.058
84000,0.887,0.056,0.057
84100,0.889,0.056,0.055
84200,0.889,0.056,0.055
84300,0.891,0.056,0.053
84400,0.892,0.056,0.052
84500,0.892,0.056,0.052
84600,0.891,0.056,0.053
84700,0.891,0.056,0.053
84800,0.892,0.056,0.052
84900,0.891,0.056,0.053
85000,0.892,0.056,0.052
85100,0.892,0.056,0.052
85200,0.893,0.056,0.051
85300,0.894,0.056,0.050
85400,0.896,0.056,0.048
85500,0.896,0.056,0.048
85600,0.896,0.056,0.048
85700,0.896,0.056,0.048
85800,0.897,0.056,0.047
85900,0.897,0.056,0.047
86000,0.898,0.056,0.046
86100,0.898,0.056,0.046
86200,0.897,0.055,0.048
86300,0.897,0.055,0.048
86400,0.897,0.055,0.048
86500,0.897,0.055,0.048
86600,0.898,0.055,0.047
86700,0.898,0.055,0.047
86800,0.898,0.055,0.047
86900,0.898,0.055,0.047
87000,0.898,0.055,0.047
87100,0.899,0.055,0.046
87200,0.899,0.055,0.046
87300,0.899,0.055,0.046
87400,0.899,0.055,0.046
87500,0.899,0.055,0.046
87600,0.900,0.055,0.045
87700,0.901,0.055,0.044
87800,0.901,0.054,0.045
87900,0.900,0.054,0.046
88000,0.900,0.054,0.046
88100,0.900,0.054,0.046
88200,0.900,0.054,0.046
88300,0.901,0.054,0.045
88400,0.901,0.054,0.045
88500,0.901,0.054,0.045
88600,0.901,0.054,0.045
88700,0.901,0.054,0.045
88800,0.902,0.054,0.044
88900,0.903,0.054,0.043
89000,0.903,0.054,0.043
89100,0.903,0.054,0.043
89200,0.903,0.054,0.043
89300,0.903,0.054,0.043
89400,0.903,0.054,0.043
89500,0.903,0.054,0.043
89600,0.903,0.054,0.043
89700,0.903,0.053,0.044
89800,0.903,0.053,0.044
89900,0.903,0.053,0.044
90000,0.903,0.052,0.045
90100,0.903,0.052,0.045
90200,0.903,0.052,0.045
90300,0.903,0.052,0.045
90400,0.904,0.052,0.044
90500,0.904,0.051,0.045
90600,0.905,0.051,0.044
90700,0.905,0.051,0.044
90800,0.905,0.051,0.044
90900,0.905,0.051,0.044
91000,0.905,0.051,0.044
91100,0.905,0.051,0.044
91200,0.905,0.051,0.044
91300,0.905,0.051,0.044
91400,0.905,0.051,0.044
91500,0.905,0.051,0.044
91600,0.905,0.051,0.044
91700,0.905,0.051,0.044
91800,0.906,0.050,0.044
91900,0.906,0.050,0.044
92000,0.906,0.050,0.044
92100,0.907,0.050,0.043
92200,0.906,0.050,0.044
92300,0.906,0.050,0.044
92400,0.906,0.050,0.044
92500,0.906,0.050,0.044
92600,0.906,0.050,0.044
92700,0.907,0.050,0.043
92800,0.907,0.050,0.043
92900,0.907,0.050,0.043
93000,0.907,0.050,0.043
93100,0.907,0.050,0.043
93200,0.907,0.050,0.043
93300,0.908,0.050,0.042
93400,0.908,0.050,0.042
93500,0.908,0.050,0.042
93600,0.908,0.050,0.042
93700,0.908,0.051,0.041
93800,0.908,0.051,0.041
93900,0.908,0.051,0.041
94000,0.909,0.051,0.040
94100,0.908,0.051,0.041
94200,0.908,0.051,0.041
94300,0.907,0.051,0.042
94400,0.907,0.051,0.042
94500,0.907,0.051,0.042
94600,0.907,0.051,0.042
94700,0.907,0.051,0.042
94800,0.907,0.051,0.042
94900,0.907,0.051,0.042
95000,0.907,0.051,0.042
95100,0.907,0.051,0.042
95200,0.908,0.051,0.041
95300,0.908,0.051,0.041
95400,0.909,0.051,0.040
95500,0.910,0.051,0.039
95600,0.910,0.051,0.039
95700,0.910,0.051,0.039
95800,0.910,0.051,0.039
95900,0.910,0.051,0.039
96000,0.910,0.051,0.039
96100,0.910,0.052,0.038
96200,0.911,0.052,0.037
96300,0.911,0.052,0.037
96400,0.910,0.052,0.038
96500,0.910,0.052,0.038
96600,0.910,0.051,0.039
96700,0.910,0.051,0.039
96800,0.910,0.051,0.039
96900,0.910,0.051,0.039
97000,0.910,0.051,0.039
97100,0.910,0.051,0.039
97200,0.910,0.051,0.039
97300,0.910,0.051,0.039
97400,0.910,0.051,0.039
97500,0.910,0.051,0.039
97600,0.910,0.051,0.039
97700,0.910,0.051,0.039
97800,0.910,0.051,0.039
97900,0.910,0.050,0.040
98000,0.907,0.050,0.043
98100,0.909,0.050,0.041
98200,0.909,0.050,0.041
98300,0.909,0.050,0.041
98400,0.910,0.050,0.040
98500,0.910,0.050,0.040
98600,0.909,0.050,0.041
98700,0.910,0.050,0.040
98800,0.910,0.050,0.040
98900,0.910,0.050,0.040
99000,0.910,0.050,0.040
99100,0.910,0.050,0.040
99200,0.910,0.050,0.040
99300,0.910,0.050,0.040
99400,0.910,0.050,0.040
99500,0.910,0.050,0.040
99600,0.910,0.050,0.040
99700,0.910,0.050,0.040
99800,0.911,0.050,0.039
99900,0.912,0.050,0.038
100000,0.912,0.050,0.038
