time,n_A+p,n_B,n_AB
500,0.050,0.475,0.475
1000,0.050,0.355,0.595
1500,0.050,0.358,0.592
2000,0.050,0.349,0.601
2500,0.050,0.355,0.595
3000,0.050,0.356,0.594
3500,0.050,0.396,0.554
4000,0.050,0.420,0.530
4500,0.050,0.385,0.565
5000,0.050,0.292,0.658
5500,0.050,0.404,0.546
6000,0.050,0.358,0.592
6500,0.050,0.341,0.609
7000,0.050,0.358,0.592
7500,0.050,0.403,0.547
8000,0.050,0.357,0.593
8500,0.050,0.260,0.690
9000,0.050,0.419,0.531
9500,0.050,0.390,0.560
10000,0.050,0.460,0.490
10500,0.050,0.346,0.604
11000,0.050,0.243,0.707
11500,0.050,0.348,0.602
12000,0.050,0.439,0.511
12500,0.050,0.305,0.645
13000,0.050,0.463,0.487
13500,0.051,0.232,0.717
14000,0.050,0.335,0.615
14500,0.050,0.318,0.632
15000,0.050,0.487,0.463
15500,0.050,0.257,0.693
16000,0.050,0.405,0.545
16500,0.050,0.415,0.535
17000,0.050,0.339,0.611
17500,0.050,0.289,0.661
18000,0.050,0.407,0.543
18500,0.050,0.365,0.585
19000,0.053,0.292,0.655
19500,0.050,0.473,0.477
20000,0.050,0.499,0.451
20500,0.050,0.355,0.595
21000,0.050,0.294,0.656
21500,0.050,0.350,0.600
22000,0.050,0.363,0.587
22500,0.050,0.449,0.501
23000,0.050,0.364,0.586
23500,0.050,0.363,0.587
24000,0.050,0.428,0.522
24500,0.050,0.367,0.583
25000,0.050,0.373,0.577
25500,0.050,0.399,0.551
26000,0.050,0.333,0.617
26500,0.050,0.367,0.583
27000,0.050,0.313,0.637
27500,0.050,0.290,0.660
28000,0.050,0.291,0.659
28500,0.050,0.315,0.635
29000,0.050,0.337,0.613
29500,0.050,0.413,0.537
30000,0.050,0.401,0.549
30500,0.050,0.369,0.581
31000,0.050,0.419,0.531
31500,0.050,0.426,0.524
32000,0.050,0.367,0.583
32500,0.050,0.405,0.545
33000,0.050,0.312,0.638
33500,0.050,0.335,0.615
34000,0.050,0.358,0.592
34500,0.050,0.383,0.567
35000,0.050,0.373,0.577
35500,0.050,0.395,0.555
36000,0.050,0.242,0.708
36500,0.050,0.347,0.603
37000,0.065,0.226,0.709
37500,0.050,0.481,0.469
38000,0.050,0.360,0.590
38500,0.050,0.204,0.746
39000,0.050,0.347,0.603
39500,0.050,0.357,0.593
40000,0.050,0.341,0.609
40500,0.050,0.311,0.639
41000,0.050,0.380,0.570
41500,0.050,0.300,0.650
42000,0.050,0.274,0.676
42500,0.050,0.292,0.658
43000,0.055,0.225,0.720
43500,0.061,0.144,0.795
44000,0.809,0.003,0.188
44500,1.000,0.000,0.000
