time,n_A+p,n_B,n_AB
500,0.010,0.955,0.035
1000,0.010,0.966,0.024
1500,0.010,0.971,0.019
2000,0.010,0.977,0.013
2500,0.010,0.905,0.085
3000,0.010,0.984,0.006
3500,0.010,0.916,0.074
4000,0.010,0.952,0.038
4500,0.010,0.984,0.006
5000,0.010,0.957,0.033
5500,0.010,0.930,0.060
6000,0.010,0.947,0.043
6500,0.010,0.990,0.000
7000,0.010,0.989,0.001
7500,0.010,0.906,0.084
8000,0.010,0.982,0.008
8500,0.010,0.937,0.053
9000,0.010,0.932,0.058
9500,0.010,0.965,0.025
10000,0.010,0.910,0.080
10500,0.010,0.913,0.077
11000,0.010,0.863,0.127
11500,0.010,0.976,0.014
12000,0.010,0.912,0.078
12500,0.010,0.983,0.007
13000,0.010,0.902,0.088
13500,0.010,0.817,0.173
14000,0.010,0.915,0.075
14500,0.010,0.953,0.037
15000,0.010,0.972,0.018
15500,0.010,0.948,0.042
16000,0.010,0.896,0.094
16500,0.010,0.951,0.039
17000,0.010,0.982,0.008
17500,0.010,0.922,0.068
18000,0.010,0.883,0.107
18500,0.010,0.979,0.011
19000,0.010,0.936,0.054
19500,0.010,0.952,0.038
20000,0.010,0.984,0.006
20500,0.010,0.914,0.076
21000,0.010,0.868,0.122
21500,0.010,0.982,0.008
22000,0.010,0.948,0.042
22500,0.010,0.959,0.031
23000,0.010,0.967,0.023
23500,0.010,0.981,0.009
24000,0.010,0.914,0.076
24500,0.010,0.956,0.034
25000,0.010,0.957,0.033
25500,0.010,0.973,0.017
26000,0.010,0.924,0.066
26500,0.010,0.930,0.060
27000,0.010,0.881,0.109
27500,0.010,0.934,0.056
28000,0.010,0.956,0.034
28500,0.010,0.981,0.009
29000,0.010,0.982,0.008
29500,0.010,0.935,0.055
30000,0.010,0.860,0.130
30500,0.010,0.935,0.055
31000,0.010,0.897,0.093
31500,0.010,0.915,0.075
32000,0.010,0.931,0.059
32500,0.010,0.923,0.067
33000,0.010,0.947,0.043
33500,0.010,0.870,0.120
34000,0.010,0.852,0.138
34500,0.010,0.962,0.028
35000,0.010,0.883,0.107
35500,0.010,0.966,0.024
36000,0.010,0.990,0.000
36500,0.010,0.987,0.003
37000,0.010,0.923,0.067
37500,0.010,0.841,0.149
38000,0.010,0.944,0.046
38500,0.010,0.961,0.029
39000,0.010,0.959,0.031
39500,0.010,0.958,0.032
40000,0.010,0.953,0.037
40500,0.010,0.973,0.017
41000,0.010,0.939,0.051
41500,0.010,0.981,0.009
42000,0.010,0.969,0.021
42500,0.010,0.941,0.049
43000,0.010,0.965,0.025
43500,0.010,0.930,0.060
44000,0.010,0.875,0.115
44500,0.010,0.932,0.058
45000,0.010,0.988,0.002
45500,0.010,0.923,0.067
46000,0.010,0.960,0.030
46500,0.010,0.969,0.021
47000,0.010,0.952,0.038
47500,0.010,0.987,0.003
48000,0.010,0.906,0.084
48500,0.010,0.873,0.117
49000,0.010,0.986,0.004
49500,0.010,0.912,0.078
50000,0.010,0.872,0.118
50500,0.010,0.937,0.053
51000,0.010,0.956,0.034
51500,0.010,0.962,0.028
52000,0.010,0.956,0.034
52500,0.010,0.970,0.020
53000,0.010,0.960,0.030
53500,0.010,0.938,0.052
54000,0.010,0.942,0.048
54500,0.010,0.965,0.025
55000,0.010,0.902,0.088
55500,0.010,0.972,0.018
56000,0.010,0.815,0.175
56500,0.010,0.859,0.131
57000,0.010,0.988,0.002
57500,0.010,0.972,0.018
58000,0.010,0.990,0.000
58500,0.010,0.989,0.001
59000,0.010,0.990,0.000
59500,0.010,0.966,0.024
60000,0.010,0.963,0.027
60500,0.010,0.871,0.119
61000,0.010,0.990,0.000
61500,0.010,0.990,0.000
62000,0.010,0.941,0.049
62500,0.010,0.955,0.035
63000,0.010,0.917,0.073
63500,0.010,0.839,0.151
64000,0.010,0.930,0.060
64500,0.010,0.898,0.092
65000,0.010,0.988,0.002
65500,0.010,0.965,0.025
66000,0.010,0.987,0.003
66500,0.010,0.937,0.053
67000,0.010,0.943,0.047
67500,0.010,0.990,0.000
68000,0.010,0.909,0.081
68500,0.010,0.963,0.027
69000,0.010,0.892,0.098
69500,0.010,0.974,0.016
70000,0.010,0.948,0.042
70500,0.010,0.920,0.070
71000,0.010,0.970,0.020
71500,0.010,0.916,0.074
72000,0.010,0.986,0.004
72500,0.010,0.971,0.019
73000,0.010,0.943,0.047
73500,0.010,0.964,0.026
74000,0.010,0.913,0.077
74500,0.010,0.977,0.013
75000,0.010,0.946,0.044
75500,0.010,0.964,0.026
76000,0.010,0.979,0.011
76500,0.010,0.981,0.009
77000,0.010,0.948,0.042
77500,0.010,0.971,0.019
78000,0.010,0.983,0.007
78500,0.010,0.972,0.018
79000,0.010,0.986,0.004
79500,0.010,0.986,0.004
80000,0.010,0.989,0.001
80500,0.010,0.952,0.038
81000,0.010,0.990,0.000
81500,0.010,0.936,0.054
82000,0.010,0.887,0.103
82500,0.010,0.842,0.148
83000,0.010,0.838,0.152
83500,0.010,0.963,0.027
84000,0.010,0.990,0.000
84500,0.010,0.947,0.043
85000,0.010,0.937,0.053
85500,0.010,0.821,0.169
86000,0.010,0.833,0.157
86500,0.010,0.987,0.003
87000,0.010,0.962,0.028
87500,0.010,0.961,0.029
88000,0.010,0.974,0.016
88500,0.010,0.990,0.000
89000,0.010,0.962,0.028
89500,0.010,0.889,0.101
90000,0.010,0.954,0.036
90500,0.010,0.897,0.093
91000,0.010,0.951,0.039
91500,0.010,0.989,0.001
92000,0.010,0.928,0.062
92500,0.010,0.973,0.017
93000,0.010,0.948,0.042
93500,0.010,0.961,0.029
94000,0.010,0.904,0.086
94500,0.010,0.962,0.028
95000,0.010,0.975,0.015
95500,0.010,0.926,0.064
96000,0.010,0.981,0.009
96500,0.010,0.963,0.027
97000,0.010,0.935,0.055
97500,0.010,0.960,0.030
98000,0.010,0.904,0.086
98500,0.010,0.977,0.013
99000,0.010,0.938,0.052
99500,0.010,0.803,0.187
100000,0.010,0.966,0.024
100500,0.010,0.968,0.022
101000,0.010,0.965,0.025
101500,0.010,0.970,0.020
102000,0.010,0.985,0.005
102500,0.010,0.809,0.181
103000,0.010,0.854,0.136
103500,0.010,0.909,0.081
104000,0.010,0.939,0.051
104500,0.010,0.987,0.003
105000,0.010,0.801,0.189
105500,0.010,0.929,0.061
106000,0.010,0.990,0.000
106500,0.010,0.914,0.076
107000,0.010,0.952,0.038
107500,0.010,0.974,0.016
108000,0.010,0.947,0.043
108500,0.010,0.936,0.054
109000,0.010,0.940,0.050
109500,0.010,0.929,0.061
110000,0.010,0.986,0.004
110500,0.010,0.954,0.036
111000,0.010,0.972,0.018
111500,0.010,0.984,0.006
112000,0.010,0.990,0.000
112500,0.010,0.916,0.074
113000,0.010,0.990,0.000
113500,0.010,0.990,0.000
114000,0.010,0.943,0.047
114500,0.010,0.947,0.043
115000,0.010,0.982,0.008
115500,0.010,0.965,0.025
116000,0.010,0.987,0.003
116500,0.010,0.989,0.001
117000,0.010,0.943,0.047
117500,0.010,0.951,0.039
118000,0.010,0.807,0.183
118500,0.010,0.967,0.023
119000,0.010,0.990,0.000
119500,0.010,0.843,0.147
120000,0.010,0.988,0.002
120500,0.010,0.989,0.001
121000,0.010,0.919,0.071
121500,0.010,0.926,0.064
122000,0.010,0.948,0.042
122500,0.010,0.921,0.069
123000,0.010,0.982,0.008
123500,0.010,0.978,0.012
124000,0.010,0.967,0.023
124500,0.010,0.934,0.056
125000,0.010,0.960,0.030
125500,0.010,0.989,0.001
126000,0.010,0.942,0.048
126500,0.010,0.990,0.000
127000,0.010,0.959,0.031
127500,0.010,0.989,0.001
128000,0.010,0.942,0.048
128500,0.010,0.990,0.000
129000,0.010,0.960,0.030
129500,0.010,0.939,0.051
130000,0.010,0.920,0.070
130500,0.010,0.883,0.107
131000,0.010,0.870,0.120
131500,0.010,0.955,0.035
132000,0.010,0.975,0.015
132500,0.010,0.921,0.069
133000,0.010,0.959,0.031
133500,0.010,0.864,0.126
134000,0.010,0.925,0.065
134500,0.010,0.961,0.029
135000,0.010,0.979,0.011
135500,0.010,0.990,0.000
136000,0.010,0.957,0.033
136500,0.010,0.946,0.044
137000,0.010,0.969,0.021
137500,0.010,0.905,0.085
138000,0.010,0.983,0.007
138500,0.010,0.974,0.016
139000,0.010,0.890,0.100
139500,0.010,0.953,0.037
140000,0.010,0.876,0.114
140500,0.010,0.925,0.065
141000,0.010,0.894,0.096
141500,0.010,0.979,0.011
142000,0.010,0.982,0.008
142500,0.010,0.905,0.085
143000,0.010,0.979,0.011
143500,0.010,0.984,0.006
144000,0.010,0.939,0.051
144500,0.010,0.915,0.075
145000,0.010,0.954,0.036
145500,0.010,0.979,0.011
146000,0.010,0.858,0.132
146500,0.010,0.988,0.002
147000,0.010,0.863,0.127
147500,0.010,0.982,0.008
148000,0.010,0.958,0.032
148500,0.010,0.775,0.215
149000,0.010,0.984,0.006
149500,0.010,0.982,0.008
150000,0.010,0.986,0.004
150500,0.010,0.977,0.013
151000,0.010,0.979,0.011
151500,0.010,0.990,0.000
152000,0.010,0.932,0.058
152500,0.010,0.920,0.070
153000,0.010,0.983,0.007
153500,0.010,0.988,0.002
154000,0.010,0.859,0.131
154500,0.010,0.931,0.059
155000,0.010,0.988,0.002
155500,0.010,0.893,0.097
156000,0.010,0.989,0.001
156500,0.010,0.988,0.002
157000,0.010,0.918,0.072
157500,0.010,0.953,0.037
158000,0.010,0.937,0.053
158500,0.010,0.990,0.000
159000,0.010,0.970,0.020
159500,0.010,0.923,0.067
160000,0.010,0.927,0.063
160500,0.010,0.976,0.014
161000,0.010,0.963,0.027
161500,0.010,0.978,0.012
162000,0.010,0.985,0.005
162500,0.010,0.933,0.057
163000,0.010,0.963,0.027
163500,0.010,0.946,0.044
164000,0.010,0.932,0.058
164500,0.010,0.930,0.060
165000,0.010,0.983,0.007
165500,0.010,0.935,0.055
166000,0.010,0.940,0.050
166500,0.010,0.990,0.000
167000,0.010,0.980,0.010
167500,0.010,0.928,0.062
168000,0.010,0.990,0.000
168500,0.010,0.854,0.136
169000,0.010,0.949,0.041
169500,0.010,0.988,0.002
170000,0.010,0.957,0.033
170500,0.010,0.963,0.027
171000,0.010,0.989,0.001
171500,0.010,0.931,0.059
172000,0.010,0.959,0.031
172500,0.010,0.914,0.076
173000,0.010,0.956,0.034
173500,0.010,0.980,0.010
174000,0.010,0.976,0.014
174500,0.010,0.960,0.030
175000,0.010,0.974,0.016
175500,0.010,0.880,0.110
176000,0.010,0.884,0.106
176500,0.010,0.909,0.081
177000,0.010,0.975,0.015
177500,0.010,0.925,0.065
178000,0.010,0.985,0.005
178500,0.010,0.987,0.003
179000,0.010,0.963,0.027
179500,0.010,0.951,0.039
180000,0.010,0.990,0.000
180500,0.010,0.835,0.155
181000,0.010,0.959,0.031
181500,0.010,0.933,0.057
182000,0.010,0.946,0.044
182500,0.010,0.984,0.006
183000,0.010,0.934,0.056
183500,0.010,0.988,0.002
184000,0.010,0.941,0.049
184500,0.010,0.887,0.103
185000,0.010,0.941,0.049
185500,0.010,0.972,0.018
186000,0.010,0.938,0.052
186500,0.010,0.945,0.045
187000,0.010,0.940,0.050
187500,0.010,0.957,0.033
188000,0.010,0.986,0.004
188500,0.010,0.990,0.000
189000,0.010,0.990,0.000
189500,0.010,0.985,0.005
190000,0.010,0.990,0.000
190500,0.010,0.949,0.041
191000,0.010,0.946,0.044
191500,0.010,0.924,0.066
192000,0.010,0.932,0.058
192500,0.010,0.962,0.028
193000,0.010,0.878,0.112
193500,0.010,0.925,0.065
194000,0.010,0.982,0.008
194500,0.010,0.905,0.085
195000,0.010,0.960,0.030
195500,0.010,0.910,0.080
196000,0.010,0.953,0.037
196500,0.010,0.929,0.061
197000,0.010,0.925,0.065
197500,0.010,0.845,0.145
198000,0.010,0.966,0.024
198500,0.010,0.989,0.001
199000,0.010,0.943,0.047
199500,0.010,0.958,0.032
200000,0.010,0.900,0.090
200500,0.010,0.810,0.180
201000,0.010,0.980,0.010
201500,0.010,0.984,0.006
202000,0.010,0.930,0.060
202500,0.010,0.909,0.081
203000,0.010,0.979,0.011
203500,0.010,0.989,0.001
204000,0.010,0.907,0.083
204500,0.010,0.875,0.115
205000,0.010,0.811,0.179
205500,0.010,0.864,0.126
206000,0.010,0.955,0.035
206500,0.010,0.911,0.079
207000,0.010,0.860,0.130
207500,0.010,0.960,0.030
208000,0.010,0.971,0.019
208500,0.010,0.981,0.009
209000,0.010,0.936,0.054
209500,0.010,0.989,0.001
210000,0.010,0.986,0.004
210500,0.010,0.974,0.016
211000,0.010,0.926,0.064
211500,0.010,0.975,0.015
212000,0.010,0.923,0.067
212500,0.010,0.872,0.118
213000,0.010,0.978,0.012
213500,0.010,0.934,0.056
214000,0.010,0.957,0.033
214500,0.010,0.960,0.030
215000,0.010,0.922,0.068
215500,0.010,0.956,0.034
216000,0.010,0.926,0.064
216500,0.010,0.855,0.135
217000,0.010,0.784,0.206
217500,0.010,0.972,0.018
218000,0.010,0.943,0.047
218500,0.010,0.893,0.097
219000,0.010,0.941,0.049
219500,0.010,0.940,0.050
220000,0.010,0.979,0.011
220500,0.010,0.986,0.004
221000,0.010,0.836,0.154
221500,0.010,0.905,0.085
222000,0.010,0.990,0.000
222500,0.010,0.981,0.009
223000,0.010,0.949,0.041
223500,0.010,0.967,0.023
224000,0.010,0.964,0.026
224500,0.010,0.971,0.019
225000,0.010,0.932,0.058
225500,0.010,0.938,0.052
226000,0.010,0.857,0.133
226500,0.010,0.907,0.083
227000,0.010,0.980,0.010
227500,0.010,0.890,0.100
228000,0.010,0.972,0.018
228500,0.010,0.955,0.035
229000,0.010,0.945,0.045
229500,0.010,0.923,0.067
230000,0.010,0.885,0.105
230500,0.010,0.973,0.017
231000,0.010,0.966,0.024
231500,0.010,0.988,0.002
232000,0.010,0.987,0.003
232500,0.010,0.951,0.039
233000,0.010,0.969,0.021
233500,0.010,0.814,0.176
234000,0.010,0.967,0.023
234500,0.010,0.986,0.004
235000,0.010,0.986,0.004
235500,0.010,0.988,0.002
236000,0.010,0.967,0.023
236500,0.010,0.984,0.006
237000,0.010,0.884,0.106
237500,0.010,0.916,0.074
238000,0.010,0.963,0.027
238500,0.010,0.982,0.008
239000,0.010,0.940,0.050
239500,0.010,0.960,0.030
240000,0.010,0.906,0.084
240500,0.010,0.953,0.037
241000,0.010,0.947,0.043
241500,0.010,0.912,0.078
242000,0.010,0.988,0.002
242500,0.010,0.917,0.073
243000,0.010,0.983,0.007
243500,0.010,0.861,0.129
244000,0.010,0.910,0.080
244500,0.010,0.982,0.008
245000,0.010,0.983,0.007
245500,0.010,0.956,0.034
246000,0.010,0.985,0.005
246500,0.010,0.977,0.013
247000,0.010,0.940,0.050
247500,0.010,0.863,0.127
248000,0.010,0.881,0.109
248500,0.010,0.968,0.022
249000,0.010,0.948,0.042
249500,0.010,0.846,0.144
250000,0.010,0.975,0.015
250500,0.010,0.974,0.016
251000,0.010,0.990,0.000
251500,0.010,0.959,0.031
252000,0.010,0.932,0.058
252500,0.010,0.989,0.001
253000,0.010,0.927,0.063
253500,0.010,0.814,0.176
254000,0.010,0.886,0.104
254500,0.010,0.974,0.016
255000,0.010,0.930,0.060
255500,0.010,0.936,0.054
256000,0.010,0.885,0.105
256500,0.010,0.902,0.088
257000,0.010,0.988,0.002
257500,0.010,0.983,0.007
258000,0.010,0.985,0.005
258500,0.010,0.919,0.071
259000,0.010,0.973,0.017
259500,0.010,0.850,0.140
260000,0.010,0.984,0.006
260500,0.010,0.920,0.070
261000,0.010,0.981,0.009
261500,0.010,0.930,0.060
262000,0.010,0.977,0.013
262500,0.010,0.962,0.028
263000,0.010,0.978,0.012
263500,0.010,0.980,0.010
264000,0.010,0.977,0.013
264500,0.010,0.989,0.001
265000,0.010,0.982,0.008
265500,0.010,0.855,0.135
266000,0.010,0.861,0.129
266500,0.010,0.973,0.017
267000,0.010,0.976,0.014
267500,0.010,0.946,0.044
268000,0.010,0.958,0.032
268500,0.010,0.944,0.046
269000,0.010,0.990,0.000
269500,0.010,0.964,0.026
270000,0.010,0.968,0.022
270500,0.010,0.983,0.007
271000,0.010,0.990,0.000
271500,0.010,0.959,0.031
272000,0.010,0.942,0.048
272500,0.010,0.893,0.097
273000,0.010,0.856,0.134
273500,0.010,0.862,0.128
274000,0.010,0.968,0.022
274500,0.010,0.908,0.082
275000,0.010,0.924,0.066
275500,0.010,0.969,0.021
276000,0.010,0.948,0.042
276500,0.010,0.879,0.111
277000,0.010,0.952,0.038
277500,0.010,0.967,0.023
278000,0.010,0.872,0.118
278500,0.010,0.960,0.030
279000,0.010,0.930,0.060
279500,0.010,0.955,0.035
280000,0.010,0.889,0.101
280500,0.010,0.984,0.006
281000,0.010,0.930,0.060
281500,0.010,0.966,0.024
282000,0.010,0.990,0.000
282500,0.010,0.976,0.014
283000,0.010,0.914,0.076
283500,0.010,0.950,0.040
284000,0.010,0.970,0.020
284500,0.010,0.978,0.012
285000,0.010,0.882,0.108
285500,0.010,0.977,0.013
286000,0.010,0.981,0.009
286500,0.010,0.990,0.000
287000,0.010,0.896,0.094
287500,0.010,0.967,0.023
288000,0.010,0.967,0.023
288500,0.010,0.967,0.023
289000,0.010,0.985,0.005
289500,0.010,0.948,0.042
290000,0.010,0.959,0.031
290500,0.010,0.961,0.029
291000,0.010,0.975,0.015
291500,0.010,0.967,0.023
292000,0.010,0.951,0.039
292500,0.010,0.957,0.033
293000,0.010,0.985,0.005
293500,0.010,0.981,0.009
294000,0.010,0.798,0.192
294500,0.010,0.890,0.100
295000,0.010,0.962,0.028
295500,0.010,0.982,0.008
296000,0.010,0.932,0.058
296500,0.010,0.975,0.015
297000,0.010,0.957,0.033
297500,0.010,0.969,0.021
298000,0.010,0.912,0.078
298500,0.010,0.915,0.075
299000,0.010,0.969,0.021
299500,0.010,0.948,0.042
300000,0.010,0.989,0.001
300500,0.010,0.963,0.027
301000,0.010,0.928,0.062
301500,0.010,0.954,0.036
302000,0.010,0.952,0.038
302500,0.010,0.925,0.065
303000,0.010,0.964,0.026
303500,0.010,0.973,0.017
304000,0.010,0.961,0.029
304500,0.010,0.929,0.061
305000,0.010,0.951,0.039
305500,0.010,0.965,0.025
306000,0.010,0.921,0.069
306500,0.010,0.959,0.031
307000,0.010,0.986,0.004
307500,0.010,0.934,0.056
308000,0.010,0.951,0.039
308500,0.010,0.928,0.062
309000,0.010,0.908,0.082
309500,0.010,0.987,0.003
310000,0.010,0.935,0.055
310500,0.010,0.927,0.063
311000,0.010,0.930,0.060
311500,0.010,0.934,0.056
312000,0.010,0.923,0.067
312500,0.010,0.909,0.081
313000,0.010,0.983,0.007
313500,0.010,0.949,0.041
314000,0.010,0.940,0.050
314500,0.010,0.860,0.130
315000,0.010,0.987,0.003
315500,0.010,0.988,0.002
316000,0.010,0.985,0.005
316500,0.010,0.988,0.002
317000,0.010,0.960,0.030
317500,0.010,0.964,0.026
318000,0.010,0.985,0.005
318500,0.010,0.951,0.039
319000,0.010,0.933,0.057
319500,0.010,0.988,0.002
320000,0.010,0.886,0.104
320500,0.010,0.838,0.152
321000,0.010,0.958,0.032
321500,0.010,0.955,0.035
322000,0.010,0.972,0.018
322500,0.010,0.968,0.022
323000,0.010,0.843,0.147
323500,0.010,0.976,0.014
324000,0.010,0.989,0.001
324500,0.010,0.982,0.008
325000,0.010,0.990,0.000
325500,0.010,0.947,0.043
326000,0.010,0.879,0.111
326500,0.010,0.939,0.051
327000,0.010,0.968,0.022
327500,0.010,0.884,0.106
328000,0.010,0.944,0.046
328500,0.010,0.885,0.105
329000,0.010,0.923,0.067
329500,0.010,0.990,0.000
330000,0.010,0.822,0.168
330500,0.010,0.979,0.011
331000,0.010,0.947,0.043
331500,0.010,0.936,0.054
332000,0.010,0.971,0.019
332500,0.010,0.936,0.054
333000,0.010,0.980,0.010
333500,0.010,0.879,0.111
334000,0.010,0.870,0.120
334500,0.010,0.970,0.020
335000,0.010,0.871,0.119
335500,0.010,0.979,0.011
336000,0.010,0.952,0.038
336500,0.010,0.961,0.029
337000,0.010,0.875,0.115
337500,0.010,0.934,0.056
338000,0.010,0.874,0.116
338500,0.010,0.925,0.065
339000,0.010,0.979,0.011
339500,0.010,0.941,0.049
340000,0.010,0.959,0.031
340500,0.010,0.974,0.016
341000,0.010,0.990,0.000
341500,0.010,0.990,0.000
342000,0.010,0.977,0.013
342500,0.010,0.990,0.000
343000,0.010,0.982,0.008
343500,0.010,0.976,0.014
344000,0.010,0.886,0.104
344500,0.010,0.983,0.007
345000,0.010,0.958,0.032
345500,0.010,0.936,0.054
346000,0.010,0.990,0.000
346500,0.010,0.944,0.046
347000,0.010,0.905,0.085
347500,0.010,0.960,0.030
348000,0.010,0.989,0.001
348500,0.010,0.880,0.110
349000,0.010,0.929,0.061
349500,0.010,0.990,0.000
350000,0.010,0.942,0.048
350500,0.010,0.939,0.051
351000,0.010,0.888,0.102
351500,0.010,0.938,0.052
352000,0.010,0.912,0.078
352500,0.010,0.983,0.007
353000,0.010,0.967,0.023
353500,0.010,0.886,0.104
354000,0.010,0.956,0.034
354500,0.010,0.930,0.060
355000,0.010,0.828,0.162
355500,0.010,0.957,0.033
356000,0.010,0.984,0.006
356500,0.010,0.960,0.030
357000,0.010,0.984,0.006
357500,0.010,0.940,0.050
358000,0.010,0.890,0.100
358500,0.010,0.970,0.020
359000,0.010,0.960,0.030
359500,0.010,0.983,0.007
360000,0.010,0.990,0.000
360500,0.010,0.878,0.112
361000,0.010,0.981,0.009
361500,0.010,0.972,0.018
362000,0.010,0.858,0.132
362500,0.010,0.930,0.060
363000,0.010,0.968,0.022
363500,0.010,0.888,0.102
364000,0.010,0.990,0.000
364500,0.010,0.921,0.069
365000,0.010,0.904,0.086
365500,0.010,0.938,0.052
366000,0.010,0.953,0.037
366500,0.010,0.917,0.073
367000,0.010,0.975,0.015
367500,0.010,0.986,0.004
368000,0.010,0.714,0.276
368500,0.010,0.950,0.040
369000,0.010,0.966,0.024
369500,0.010,0.912,0.078
370000,0.010,0.984,0.006
370500,0.010,0.943,0.047
371000,0.010,0.898,0.092
371500,0.010,0.843,0.147
372000,0.010,0.974,0.016
372500,0.010,0.989,0.001
373000,0.010,0.926,0.064
373500,0.010,0.974,0.016
374000,0.010,0.984,0.006
374500,0.010,0.938,0.052
375000,0.010,0.916,0.074
375500,0.010,0.907,0.083
376000,0.010,0.791,0.199
376500,0.010,0.952,0.038
377000,0.010,0.942,0.048
377500,0.010,0.985,0.005
378000,0.010,0.931,0.059
378500,0.010,0.951,0.039
379000,0.010,0.930,0.060
379500,0.010,0.990,0.000
380000,0.010,0.898,0.092
380500,0.010,0.905,0.085
381000,0.010,0.973,0.017
381500,0.010,0.962,0.028
382000,0.010,0.954,0.036
382500,0.010,0.955,0.035
383000,0.010,0.914,0.076
383500,0.010,0.902,0.088
384000,0.010,0.878,0.112
384500,0.010,0.981,0.009
385000,0.010,0.972,0.018
385500,0.010,0.979,0.011
386000,0.010,0.957,0.033
386500,0.010,0.983,0.007
387000,0.010,0.903,0.087
387500,0.010,0.942,0.048
388000,0.010,0.931,0.059
388500,0.010,0.975,0.015
389000,0.010,0.936,0.054
389500,0.010,0.985,0.005
390000,0.010,0.887,0.103
390500,0.010,0.963,0.027
391000,0.010,0.928,0.062
391500,0.010,0.928,0.062
392000,0.010,0.849,0.141
392500,0.010,0.930,0.060
393000,0.010,0.963,0.027
393500,0.010,0.941,0.049
394000,0.010,0.978,0.012
394500,0.010,0.967,0.023
395000,0.010,0.958,0.032
395500,0.010,0.923,0.067
396000,0.010,0.960,0.030
396500,0.010,0.986,0.004
397000,0.010,0.944,0.046
397500,0.010,0.935,0.055
398000,0.010,0.980,0.010
398500,0.010,0.949,0.041
399000,0.010,0.988,0.002
399500,0.010,0.983,0.007
400000,0.010,0.990,0.000
400500,0.010,0.982,0.008
401000,0.010,0.951,0.039
401500,0.010,0.990,0.000
402000,0.010,0.980,0.010
402500,0.010,0.958,0.032
403000,0.010,0.978,0.012
403500,0.010,0.938,0.052
404000,0.010,0.909,0.081
404500,0.010,0.970,0.020
405000,0.010,0.989,0.001
405500,0.010,0.990,0.000
406000,0.010,0.969,0.021
406500,0.010,0.922,0.068
407000,0.010,0.922,0.068
407500,0.010,0.941,0.049
408000,0.010,0.951,0.039
408500,0.010,0.883,0.107
409000,0.010,0.890,0.100
409500,0.010,0.922,0.068
410000,0.010,0.961,0.029
410500,0.010,0.918,0.072
411000,0.010,0.931,0.059
411500,0.010,0.873,0.117
412000,0.010,0.877,0.113
412500,0.010,0.932,0.058
413000,0.010,0.960,0.030
413500,0.010,0.948,0.042
414000,0.010,0.913,0.077
414500,0.010,0.837,0.153
415000,0.010,0.922,0.068
415500,0.010,0.973,0.017
416000,0.010,0.990,0.000
416500,0.010,0.988,0.002
417000,0.010,0.956,0.034
417500,0.010,0.949,0.041
418000,0.010,0.950,0.040
418500,0.010,0.901,0.089
419000,0.010,0.942,0.048
419500,0.010,0.946,0.044
420000,0.010,0.938,0.052
420500,0.010,0.988,0.002
421000,0.010,0.990,0.000
421500,0.010,0.914,0.076
422000,0.010,0.917,0.073
422500,0.010,0.968,0.022
423000,0.010,0.915,0.075
423500,0.010,0.868,0.122
424000,0.010,0.945,0.045
424500,0.010,0.937,0.053
425000,0.010,0.962,0.028
425500,0.010,0.884,0.106
426000,0.010,0.988,0.002
426500,0.010,0.988,0.002
427000,0.010,0.983,0.007
427500,0.010,0.964,0.026
428000,0.010,0.989,0.001
428500,0.010,0.939,0.051
429000,0.010,0.961,0.029
429500,0.010,0.967,0.023
430000,0.010,0.983,0.007
430500,0.010,0.954,0.036
431000,0.010,0.966,0.024
431500,0.010,0.934,0.056
432000,0.010,0.980,0.010
432500,0.010,0.986,0.004
433000,0.010,0.990,0.000
433500,0.010,0.985,0.005
434000,0.010,0.985,0.005
434500,0.010,0.761,0.229
435000,0.010,0.956,0.034
435500,0.010,0.986,0.004
436000,0.010,0.893,0.097
436500,0.010,0.960,0.030
437000,0.010,0.990,0.000
437500,0.010,0.933,0.057
438000,0.010,0.973,0.017
438500,0.010,0.868,0.122
439000,0.010,0.967,0.023
439500,0.010,0.977,0.013
440000,0.010,0.971,0.019
440500,0.010,0.906,0.084
441000,0.010,0.963,0.027
441500,0.010,0.951,0.039
442000,0.010,0.986,0.004
442500,0.010,0.908,0.082
443000,0.010,0.809,0.181
443500,0.010,0.841,0.149
444000,0.010,0.880,0.110
444500,0.010,0.969,0.021
445000,0.010,0.892,0.098
445500,0.010,0.988,0.002
446000,0.010,0.977,0.013
446500,0.010,0.984,0.006
447000,0.010,0.978,0.012
447500,0.010,0.953,0.037
448000,0.010,0.972,0.018
448500,0.010,0.990,0.000
449000,0.010,0.944,0.046
449500,0.010,0.910,0.080
450000,0.010,0.844,0.146
450500,0.010,0.977,0.013
451000,0.010,0.941,0.049
451500,0.010,0.847,0.143
452000,0.010,0.982,0.008
452500,0.010,0.986,0.004
453000,0.010,0.977,0.013
453500,0.010,0.982,0.008
454000,0.010,0.948,0.042
454500,0.010,0.890,0.100
455000,0.010,0.894,0.096
455500,0.010,0.941,0.049
456000,0.010,0.946,0.044
456500,0.010,0.830,0.160
457000,0.010,0.960,0.030
457500,0.010,0.956,0.034
458000,0.010,0.913,0.077
458500,0.010,0.955,0.035
459000,0.010,0.933,0.057
459500,0.010,0.942,0.048
460000,0.010,0.967,0.023
460500,0.010,0.948,0.042
461000,0.010,0.979,0.011
461500,0.010,0.982,0.008
462000,0.010,0.983,0.007
462500,0.010,0.964,0.026
463000,0.010,0.931,0.059
463500,0.010,0.909,0.081
464000,0.010,0.981,0.009
464500,0.010,0.883,0.107
465000,0.010,0.928,0.062
465500,0.010,0.900,0.090
466000,0.010,0.747,0.243
466500,0.010,0.921,0.069
467000,0.010,0.947,0.043
467500,0.010,0.990,0.000
468000,0.010,0.979,0.011
468500,0.010,0.983,0.007
469000,0.010,0.931,0.059
469500,0.010,0.986,0.004
470000,0.010,0.969,0.021
470500,0.010,0.929,0.061
471000,0.010,0.975,0.015
471500,0.010,0.987,0.003
472000,0.010,0.969,0.021
472500,0.010,0.911,0.079
473000,0.010,0.955,0.035
473500,0.010,0.975,0.015
474000,0.010,0.971,0.019
474500,0.010,0.963,0.027
475000,0.010,0.973,0.017
475500,0.010,0.896,0.094
476000,0.010,0.989,0.001
476500,0.010,0.910,0.080
477000,0.010,0.963,0.027
477500,0.010,0.990,0.000
478000,0.010,0.936,0.054
478500,0.010,0.989,0.001
479000,0.010,0.989,0.001
479500,0.010,0.948,0.042
480000,0.010,0.894,0.096
480500,0.010,0.952,0.038
481000,0.010,0.940,0.050
481500,0.010,0.889,0.101
482000,0.010,0.877,0.113
482500,0.010,0.900,0.090
483000,0.010,0.989,0.001
483500,0.010,0.954,0.036
484000,0.010,0.951,0.039
484500,0.010,0.945,0.045
485000,0.010,0.956,0.034
485500,0.010,0.956,0.034
486000,0.010,0.932,0.058
486500,0.010,0.987,0.003
487000,0.010,0.987,0.003
487500,0.010,0.916,0.074
488000,0.010,0.974,0.016
488500,0.010,0.963,0.027
489000,0.010,0.964,0.026
489500,0.010,0.985,0.005
490000,0.010,0.988,0.002
490500,0.010,0.988,0.002
491000,0.010,0.988,0.002
491500,0.010,0.982,0.008
492000,0.010,0.956,0.034
492500,0.010,0.989,0.001
493000,0.010,0.929,0.061
493500,0.010,0.945,0.045
494000,0.010,0.959,0.031
494500,0.010,0.973,0.017
495000,0.010,0.875,0.115
495500,0.010,0.942,0.048
496000,0.010,0.967,0.023
496500,0.010,0.980,0.010
497000,0.010,0.916,0.074
497500,0.010,0.865,0.125
498000,0.010,0.945,0.045
498500,0.010,0.959,0.031
499000,0.010,0.932,0.058
499500,0.010,0.985,0.005
500000,0.010,0.937,0.053
500500,0.010,0.931,0.059
501000,0.010,0.985,0.005
501500,0.010,0.990,0.000
502000,0.010,0.926,0.064
502500,0.010,0.902,0.088
503000,0.010,0.883,0.107
503500,0.010,0.941,0.049
504000,0.010,0.990,0.000
504500,0.010,0.925,0.065
505000,0.010,0.978,0.012
505500,0.010,0.927,0.063
506000,0.010,0.985,0.005
506500,0.010,0.947,0.043
507000,0.010,0.903,0.087
507500,0.010,0.968,0.022
508000,0.010,0.981,0.009
508500,0.010,0.989,0.001
509000,0.010,0.969,0.021
509500,0.010,0.957,0.033
510000,0.010,0.986,0.004
510500,0.010,0.983,0.007
511000,0.010,0.941,0.049
511500,0.010,0.990,0.000
512000,0.010,0.882,0.108
512500,0.010,0.874,0.116
513000,0.010,0.989,0.001
513500,0.010,0.966,0.024
514000,0.010,0.977,0.013
514500,0.010,0.976,0.014
515000,0.010,0.979,0.011
515500,0.010,0.967,0.023
516000,0.010,0.908,0.082
516500,0.010,0.900,0.090
517000,0.010,0.960,0.030
517500,0.010,0.965,0.025
518000,0.010,0.966,0.024
518500,0.010,0.989,0.001
519000,0.010,0.895,0.095
519500,0.010,0.950,0.040
520000,0.010,0.948,0.042
520500,0.010,0.951,0.039
521000,0.010,0.982,0.008
521500,0.010,0.907,0.083
522000,0.010,0.919,0.071
522500,0.010,0.929,0.061
523000,0.010,0.974,0.016
523500,0.010,0.919,0.071
524000,0.010,0.947,0.043
524500,0.010,0.897,0.093
525000,0.010,0.949,0.041
525500,0.010,0.903,0.087
526000,0.010,0.838,0.152
526500,0.010,0.985,0.005
527000,0.010,0.959,0.031
527500,0.010,0.962,0.028
528000,0.010,0.978,0.012
528500,0.010,0.884,0.106
529000,0.010,0.983,0.007
529500,0.010,0.871,0.119
530000,0.010,0.714,0.276
530500,0.010,0.962,0.028
531000,0.010,0.958,0.032
531500,0.010,0.965,0.025
532000,0.010,0.989,0.001
532500,0.010,0.923,0.067
533000,0.010,0.986,0.004
533500,0.010,0.952,0.038
534000,0.010,0.984,0.006
534500,0.010,0.971,0.019
535000,0.010,0.985,0.005
535500,0.010,0.960,0.030
536000,0.010,0.904,0.086
536500,0.010,0.835,0.155
537000,0.010,0.959,0.031
537500,0.010,0.960,0.030
538000,0.010,0.956,0.034
538500,0.010,0.965,0.025
539000,0.010,0.913,0.077
539500,0.010,0.926,0.064
540000,0.010,0.987,0.003
540500,0.010,0.963,0.027
541000,0.010,0.968,0.022
541500,0.010,0.951,0.039
542000,0.010,0.951,0.039
542500,0.010,0.946,0.044
543000,0.010,0.975,0.015
543500,0.010,0.801,0.189
544000,0.010,0.963,0.027
544500,0.010,0.947,0.043
545000,0.010,0.926,0.064
545500,0.010,0.946,0.044
546000,0.010,0.970,0.020
546500,0.010,0.968,0.022
547000,0.010,0.949,0.041
547500,0.010,0.949,0.041
548000,0.010,0.990,0.000
548500,0.010,0.984,0.006
549000,0.010,0.971,0.019
549500,0.010,0.945,0.045
550000,0.010,0.952,0.038
550500,0.010,0.917,0.073
551000,0.010,0.892,0.098
551500,0.010,0.968,0.022
552000,0.010,0.990,0.000
552500,0.010,0.920,0.070
553000,0.010,0.969,0.021
553500,0.010,0.896,0.094
554000,0.010,0.982,0.008
554500,0.010,0.967,0.023
555000,0.010,0.954,0.036
555500,0.010,0.950,0.040
556000,0.010,0.856,0.134
556500,0.010,0.782,0.208
557000,0.010,0.959,0.031
557500,0.010,0.885,0.105
558000,0.010,0.975,0.015
558500,0.010,0.968,0.022
559000,0.010,0.975,0.015
559500,0.010,0.892,0.098
560000,0.010,0.983,0.007
560500,0.010,0.936,0.054
561000,0.010,0.984,0.006
561500,0.010,0.973,0.017
562000,0.010,0.946,0.044
562500,0.010,0.914,0.076
563000,0.010,0.936,0.054
563500,0.010,0.941,0.049
564000,0.010,0.814,0.176
564500,0.010,0.981,0.009
565000,0.010,0.985,0.005
565500,0.010,0.990,0.000
566000,0.010,0.974,0.016
566500,0.010,0.987,0.003
567000,0.010,0.944,0.046
567500,0.010,0.957,0.033
568000,0.010,0.931,0.059
568500,0.010,0.948,0.042
569000,0.010,0.983,0.007
569500,0.010,0.928,0.062
570000,0.010,0.975,0.015
570500,0.010,0.930,0.060
571000,0.010,0.990,0.000
571500,0.010,0.969,0.021
572000,0.010,0.979,0.011
572500,0.010,0.987,0.003
573000,0.010,0.986,0.004
573500,0.010,0.931,0.059
574000,0.010,0.965,0.025
574500,0.010,0.981,0.009
575000,0.010,0.963,0.027
575500,0.010,0.922,0.068
576000,0.010,0.923,0.067
576500,0.010,0.946,0.044
577000,0.010,0.967,0.023
577500,0.010,0.962,0.028
578000,0.010,0.881,0.109
578500,0.010,0.873,0.117
579000,0.010,0.948,0.042
579500,0.010,0.904,0.086
580000,0.010,0.967,0.023
580500,0.010,0.959,0.031
581000,0.010,0.914,0.076
581500,0.010,0.964,0.026
582000,0.010,0.990,0.000
582500,0.010,0.878,0.112
583000,0.010,0.922,0.068
583500,0.010,0.963,0.027
584000,0.010,0.823,0.167
584500,0.010,0.886,0.104
585000,0.010,0.954,0.036
585500,0.010,0.945,0.045
586000,0.010,0.898,0.092
586500,0.010,0.984,0.006
587000,0.010,0.980,0.010
587500,0.010,0.764,0.226
588000,0.010,0.820,0.170
588500,0.010,0.909,0.081
589000,0.010,0.990,0.000
589500,0.010,0.965,0.025
590000,0.010,0.950,0.040
590500,0.010,0.957,0.033
591000,0.010,0.945,0.045
591500,0.010,0.969,0.021
592000,0.010,0.912,0.078
592500,0.010,0.896,0.094
593000,0.010,0.941,0.049
593500,0.010,0.990,0.000
594000,0.010,0.947,0.043
594500,0.010,0.933,0.057
595000,0.010,0.896,0.094
595500,0.010,0.970,0.020
596000,0.010,0.926,0.064
596500,0.010,0.939,0.051
597000,0.010,0.964,0.026
597500,0.010,0.922,0.068
598000,0.010,0.879,0.111
598500,0.010,0.935,0.055
599000,0.010,0.924,0.066
599500,0.010,0.946,0.044
600000,0.010,0.946,0.044
600500,0.010,0.913,0.077
601000,0.010,0.966,0.024
601500,0.010,0.892,0.098
602000,0.010,0.941,0.049
602500,0.010,0.936,0.054
603000,0.010,0.908,0.082
603500,0.010,0.986,0.004
604000,0.010,0.989,0.001
604500,0.010,0.944,0.046
605000,0.010,0.959,0.031
605500,0.010,0.958,0.032
606000,0.010,0.962,0.028
606500,0.010,0.967,0.023
607000,0.010,0.896,0.094
607500,0.010,0.956,0.034
608000,0.010,0.932,0.058
608500,0.010,0.989,0.001
609000,0.010,0.958,0.032
609500,0.010,0.959,0.031
610000,0.010,0.911,0.079
610500,0.010,0.956,0.034
611000,0.010,0.907,0.083
611500,0.010,0.965,0.025
612000,0.010,0.945,0.045
612500,0.010,0.953,0.037
613000,0.010,0.957,0.033
613500,0.010,0.870,0.120
614000,0.010,0.990,0.000
614500,0.010,0.938,0.052
615000,0.010,0.973,0.017
615500,0.010,0.977,0.013
616000,0.010,0.896,0.094
616500,0.010,0.882,0.108
617000,0.010,0.947,0.043
617500,0.010,0.845,0.145
618000,0.010,0.980,0.010
618500,0.010,0.865,0.125
619000,0.010,0.971,0.019
619500,0.010,0.936,0.054
620000,0.010,0.938,0.052
620500,0.010,0.946,0.044
621000,0.010,0.971,0.019
621500,0.010,0.825,0.165
622000,0.010,0.907,0.083
622500,0.010,0.941,0.049
623000,0.010,0.954,0.036
623500,0.010,0.829,0.161
624000,0.010,0.881,0.109
624500,0.010,0.977,0.013
625000,0.010,0.958,0.032
625500,0.010,0.973,0.017
626000,0.010,0.941,0.049
626500,0.010,0.951,0.039
627000,0.010,0.936,0.054
627500,0.010,0.958,0.032
628000,0.010,0.989,0.001
628500,0.010,0.972,0.018
629000,0.010,0.850,0.140
629500,0.010,0.932,0.058
630000,0.010,0.987,0.003
630500,0.010,0.972,0.018
631000,0.010,0.990,0.000
631500,0.010,0.961,0.029
632000,0.010,0.951,0.039
632500,0.010,0.989,0.001
633000,0.010,0.950,0.040
633500,0.010,0.964,0.026
634000,0.010,0.962,0.028
634500,0.010,0.982,0.008
635000,0.010,0.942,0.048
635500,0.010,0.990,0.000
636000,0.010,0.842,0.148
636500,0.010,0.937,0.053
637000,0.010,0.989,0.001
637500,0.010,0.963,0.027
638000,0.010,0.990,0.000
638500,0.010,0.990,0.000
639000,0.010,0.947,0.043
639500,0.010,0.916,0.074
640000,0.010,0.985,0.005
640500,0.010,0.899,0.091
641000,0.010,0.928,0.062
641500,0.010,0.882,0.108
642000,0.010,0.906,0.084
642500,0.010,0.989,0.001
643000,0.010,0.988,0.002
643500,0.010,0.990,0.000
644000,0.010,0.847,0.143
644500,0.010,0.957,0.033
645000,0.010,0.969,0.021
645500,0.010,0.892,0.098
646000,0.010,0.978,0.012
646500,0.010,0.936,0.054
647000,0.010,0.942,0.048
647500,0.010,0.878,0.112
648000,0.010,0.947,0.043
648500,0.010,0.744,0.246
649000,0.010,0.911,0.079
649500,0.010,0.794,0.196
650000,0.010,0.860,0.130
650500,0.010,0.982,0.008
651000,0.010,0.966,0.024
651500,0.010,0.985,0.005
652000,0.010,0.976,0.014
652500,0.010,0.952,0.038
653000,0.010,0.960,0.030
653500,0.010,0.964,0.026
654000,0.010,0.984,0.006
654500,0.010,0.968,0.022
655000,0.010,0.898,0.092
655500,0.010,0.890,0.100
656000,0.010,0.940,0.050
656500,0.010,0.945,0.045
657000,0.010,0.961,0.029
657500,0.010,0.970,0.020
658000,0.010,0.889,0.101
658500,0.010,0.988,0.002
659000,0.010,0.937,0.053
659500,0.010,0.950,0.040
660000,0.010,0.751,0.239
660500,0.010,0.942,0.048
661000,0.010,0.980,0.010
661500,0.010,0.881,0.109
662000,0.010,0.979,0.011
662500,0.010,0.981,0.009
663000,0.010,0.990,0.000
663500,0.010,0.957,0.033
664000,0.010,0.959,0.031
664500,0.010,0.821,0.169
665000,0.010,0.916,0.074
665500,0.010,0.966,0.024
666000,0.010,0.845,0.145
666500,0.010,0.960,0.030
667000,0.010,0.898,0.092
667500,0.010,0.870,0.120
668000,0.010,0.944,0.046
668500,0.010,0.955,0.035
669000,0.010,0.933,0.057
669500,0.010,0.973,0.017
670000,0.010,0.895,0.095
670500,0.010,0.979,0.011
671000,0.010,0.917,0.073
671500,0.010,0.971,0.019
672000,0.010,0.981,0.009
672500,0.010,0.966,0.024
673000,0.010,0.947,0.043
673500,0.010,0.979,0.011
674000,0.010,0.898,0.092
674500,0.010,0.968,0.022
675000,0.010,0.989,0.001
675500,0.010,0.979,0.011
676000,0.010,0.915,0.075
676500,0.010,0.971,0.019
677000,0.010,0.794,0.196
677500,0.010,0.978,0.012
678000,0.010,0.887,0.103
678500,0.010,0.981,0.009
679000,0.010,0.983,0.007
679500,0.010,0.952,0.038
680000,0.010,0.990,0.000
680500,0.010,0.865,0.125
681000,0.010,0.977,0.013
681500,0.010,0.974,0.016
682000,0.010,0.938,0.052
682500,0.010,0.967,0.023
683000,0.010,0.956,0.034
683500,0.010,0.964,0.026
684000,0.010,0.969,0.021
684500,0.010,0.950,0.040
685000,0.010,0.985,0.005
685500,0.010,0.946,0.044
686000,0.010,0.856,0.134
686500,0.010,0.941,0.049
687000,0.010,0.940,0.050
687500,0.010,0.984,0.006
688000,0.010,0.986,0.004
688500,0.010,0.939,0.051
689000,0.010,0.915,0.075
689500,0.010,0.951,0.039
690000,0.010,0.980,0.010
690500,0.010,0.972,0.018
691000,0.010,0.971,0.019
691500,0.010,0.973,0.017
692000,0.010,0.935,0.055
692500,0.010,0.947,0.043
693000,0.010,0.915,0.075
693500,0.010,0.960,0.030
694000,0.010,0.908,0.082
694500,0.010,0.971,0.019
695000,0.010,0.990,0.000
695500,0.010,0.959,0.031
696000,0.010,0.914,0.076
696500,0.010,0.975,0.015
697000,0.010,0.965,0.025
697500,0.010,0.911,0.079
698000,0.010,0.889,0.101
698500,0.010,0.921,0.069
699000,0.010,0.956,0.034
699500,0.010,0.846,0.144
700000,0.010,0.827,0.163
700500,0.010,0.907,0.083
701000,0.010,0.922,0.068
701500,0.010,0.959,0.031
702000,0.010,0.943,0.047
702500,0.010,0.920,0.070
703000,0.010,0.829,0.161
703500,0.010,0.951,0.039
704000,0.010,0.979,0.011
704500,0.010,0.990,0.000
705000,0.010,0.972,0.018
705500,0.010,0.919,0.071
706000,0.010,0.890,0.100
706500,0.010,0.944,0.046
707000,0.010,0.873,0.117
707500,0.010,0.986,0.004
708000,0.010,0.988,0.002
708500,0.010,0.915,0.075
709000,0.010,0.972,0.018
709500,0.010,0.990,0.000
710000,0.010,0.990,0.000
710500,0.010,0.990,0.000
711000,0.010,0.914,0.076
711500,0.010,0.985,0.005
712000,0.010,0.947,0.043
712500,0.010,0.944,0.046
713000,0.010,0.892,0.098
713500,0.010,0.947,0.043
714000,0.010,0.963,0.027
714500,0.010,0.978,0.012
715000,0.010,0.984,0.006
715500,0.010,0.941,0.049
716000,0.010,0.883,0.107
716500,0.010,0.954,0.036
717000,0.010,0.990,0.000
717500,0.010,0.976,0.014
718000,0.010,0.874,0.116
718500,0.010,0.965,0.025
719000,0.010,0.884,0.106
719500,0.010,0.954,0.036
720000,0.010,0.882,0.108
720500,0.010,0.942,0.048
721000,0.010,0.928,0.062
721500,0.010,0.962,0.028
722000,0.010,0.929,0.061
722500,0.010,0.903,0.087
723000,0.010,0.927,0.063
723500,0.010,0.960,0.030
724000,0.010,0.901,0.089
724500,0.010,0.989,0.001
725000,0.010,0.987,0.003
725500,0.010,0.841,0.149
726000,0.010,0.917,0.073
726500,0.010,0.971,0.019
727000,0.010,0.954,0.036
727500,0.010,0.958,0.032
728000,0.010,0.946,0.044
728500,0.010,0.935,0.055
729000,0.010,0.764,0.226
729500,0.010,0.918,0.072
730000,0.010,0.986,0.004
730500,0.010,0.857,0.133
731000,0.010,0.982,0.008
731500,0.010,0.975,0.015
732000,0.010,0.906,0.084
732500,0.010,0.930,0.060
733000,0.010,0.880,0.110
733500,0.010,0.936,0.054
734000,0.010,0.959,0.031
734500,0.010,0.849,0.141
735000,0.010,0.961,0.029
735500,0.010,0.856,0.134
736000,0.010,0.901,0.089
736500,0.010,0.946,0.044
737000,0.010,0.880,0.110
737500,0.010,0.699,0.291
738000,0.010,0.875,0.115
738500,0.010,0.962,0.028
739000,0.010,0.947,0.043
739500,0.010,0.941,0.049
740000,0.010,0.844,0.146
740500,0.010,0.951,0.039
741000,0.010,0.929,0.061
741500,0.010,0.878,0.112
742000,0.010,0.967,0.023
742500,0.010,0.955,0.035
743000,0.010,0.982,0.008
743500,0.010,0.985,0.005
744000,0.010,0.936,0.054
744500,0.010,0.915,0.075
745000,0.010,0.951,0.039
745500,0.010,0.978,0.012
746000,0.010,0.954,0.036
746500,0.010,0.919,0.071
747000,0.010,0.946,0.044
747500,0.010,0.981,0.009
748000,0.010,0.890,0.100
748500,0.010,0.970,0.020
749000,0.010,0.940,0.050
749500,0.010,0.969,0.021
750000,0.010,0.974,0.016
750500,0.010,0.872,0.118
751000,0.010,0.917,0.073
751500,0.010,0.948,0.042
752000,0.010,0.965,0.025
752500,0.010,0.956,0.034
753000,0.010,0.968,0.022
753500,0.010,0.985,0.005
754000,0.010,0.985,0.005
754500,0.010,0.941,0.049
755000,0.010,0.939,0.051
755500,0.010,0.975,0.015
756000,0.010,0.963,0.027
756500,0.010,0.990,0.000
757000,0.010,0.910,0.080
757500,0.010,0.916,0.074
758000,0.010,0.725,0.265
758500,0.010,0.948,0.042
759000,0.010,0.972,0.018
759500,0.010,0.976,0.014
760000,0.010,0.949,0.041
760500,0.010,0.990,0.000
761000,0.010,0.954,0.036
761500,0.010,0.985,0.005
762000,0.010,0.979,0.011
762500,0.010,0.990,0.000
763000,0.010,0.941,0.049
763500,0.010,0.901,0.089
764000,0.010,0.925,0.065
764500,0.010,0.976,0.014
765000,0.010,0.947,0.043
765500,0.010,0.935,0.055
766000,0.010,0.983,0.007
766500,0.010,0.844,0.146
767000,0.010,0.898,0.092
767500,0.010,0.952,0.038
768000,0.010,0.987,0.003
768500,0.010,0.893,0.097
769000,0.010,0.973,0.017
769500,0.010,0.933,0.057
770000,0.010,0.982,0.008
770500,0.010,0.989,0.001
771000,0.010,0.897,0.093
771500,0.010,0.942,0.048
772000,0.010,0.950,0.040
772500,0.010,0.987,0.003
773000,0.010,0.938,0.052
773500,0.010,0.939,0.051
774000,0.010,0.870,0.120
774500,0.010,0.981,0.009
775000,0.010,0.957,0.033
775500,0.010,0.934,0.056
776000,0.010,0.903,0.087
776500,0.010,0.983,0.007
777000,0.010,0.952,0.038
777500,0.010,0.940,0.050
778000,0.010,0.870,0.120
778500,0.010,0.981,0.009
779000,0.010,0.968,0.022
779500,0.010,0.990,0.000
780000,0.010,0.990,0.000
780500,0.010,0.953,0.037
781000,0.010,0.968,0.022
781500,0.010,0.984,0.006
782000,0.010,0.983,0.007
782500,0.010,0.968,0.022
783000,0.010,0.951,0.039
783500,0.010,0.891,0.099
784000,0.010,0.984,0.006
784500,0.010,0.927,0.063
785000,0.010,0.911,0.079
785500,0.010,0.973,0.017
786000,0.010,0.952,0.038
786500,0.010,0.920,0.070
787000,0.010,0.888,0.102
787500,0.010,0.848,0.142
788000,0.010,0.886,0.104
788500,0.010,0.920,0.070
789000,0.010,0.988,0.002
789500,0.010,0.939,0.051
790000,0.010,0.861,0.129
790500,0.010,0.948,0.042
791000,0.010,0.860,0.130
791500,0.010,0.946,0.044
792000,0.010,0.966,0.024
792500,0.010,0.965,0.025
793000,0.010,0.986,0.004
793500,0.010,0.984,0.006
794000,0.010,0.946,0.044
794500,0.010,0.962,0.028
795000,0.010,0.979,0.011
795500,0.010,0.972,0.018
796000,0.010,0.926,0.064
796500,0.010,0.932,0.058
797000,0.010,0.925,0.065
797500,0.010,0.962,0.028
798000,0.010,0.981,0.009
798500,0.010,0.901,0.089
799000,0.010,0.910,0.080
799500,0.010,0.976,0.014
800000,0.010,0.973,0.017
800500,0.010,0.985,0.005
801000,0.010,0.952,0.038
801500,0.010,0.901,0.089
802000,0.010,0.898,0.092
802500,0.010,0.958,0.032
803000,0.010,0.965,0.025
803500,0.010,0.986,0.004
804000,0.010,0.955,0.035
804500,0.010,0.935,0.055
805000,0.010,0.932,0.058
805500,0.010,0.918,0.072
806000,0.010,0.937,0.053
806500,0.010,0.988,0.002
807000,0.010,0.884,0.106
807500,0.010,0.948,0.042
808000,0.010,0.957,0.033
808500,0.010,0.900,0.090
809000,0.010,0.966,0.024
809500,0.010,0.950,0.040
810000,0.010,0.988,0.002
810500,0.010,0.891,0.099
811000,0.010,0.940,0.050
811500,0.010,0.853,0.137
812000,0.010,0.957,0.033
812500,0.010,0.949,0.041
813000,0.010,0.918,0.072
813500,0.010,0.878,0.112
814000,0.010,0.968,0.022
814500,0.010,0.944,0.046
815000,0.010,0.976,0.014
815500,0.010,0.968,0.022
816000,0.010,0.944,0.046
816500,0.010,0.990,0.000
817000,0.010,0.975,0.015
817500,0.010,0.962,0.028
818000,0.010,0.979,0.011
818500,0.010,0.919,0.071
819000,0.010,0.867,0.123
819500,0.010,0.931,0.059
820000,0.010,0.927,0.063
820500,0.010,0.990,0.000
821000,0.010,0.881,0.109
821500,0.010,0.928,0.062
822000,0.010,0.963,0.027
822500,0.010,0.862,0.128
823000,0.010,0.956,0.034
823500,0.010,0.988,0.002
824000,0.010,0.947,0.043
824500,0.010,0.936,0.054
825000,0.010,0.961,0.029
825500,0.010,0.928,0.062
826000,0.010,0.919,0.071
826500,0.010,0.867,0.123
827000,0.010,0.979,0.011
827500,0.010,0.942,0.048
828000,0.010,0.939,0.051
828500,0.010,0.987,0.003
829000,0.010,0.910,0.080
829500,0.010,0.940,0.050
830000,0.010,0.958,0.032
830500,0.010,0.958,0.032
831000,0.010,0.958,0.032
831500,0.010,0.960,0.030
832000,0.010,0.896,0.094
832500,0.010,0.906,0.084
833000,0.010,0.972,0.018
833500,0.010,0.968,0.022
834000,0.010,0.942,0.048
834500,0.010,0.979,0.011
835000,0.010,0.957,0.033
835500,0.010,0.924,0.066
836000,0.010,0.920,0.070
836500,0.010,0.918,0.072
837000,0.010,0.884,0.106
837500,0.010,0.973,0.017
838000,0.010,0.934,0.056
838500,0.010,0.951,0.039
839000,0.010,0.960,0.030
839500,0.010,0.935,0.055
840000,0.010,0.931,0.059
840500,0.010,0.935,0.055
841000,0.010,0.963,0.027
841500,0.010,0.950,0.040
842000,0.010,0.858,0.132
842500,0.010,0.988,0.002
843000,0.010,0.968,0.022
843500,0.010,0.964,0.026
844000,0.010,0.959,0.031
844500,0.010,0.986,0.004
845000,0.010,0.988,0.002
845500,0.010,0.976,0.014
846000,0.010,0.987,0.003
846500,0.010,0.990,0.000
847000,0.010,0.976,0.014
847500,0.010,0.987,0.003
848000,0.010,0.974,0.016
848500,0.010,0.986,0.004
849000,0.010,0.910,0.080
849500,0.010,0.958,0.032
850000,0.010,0.881,0.109
850500,0.010,0.959,0.031
851000,0.010,0.990,0.000
851500,0.010,0.919,0.071
852000,0.010,0.980,0.010
852500,0.010,0.989,0.001
853000,0.010,0.990,0.000
853500,0.010,0.966,0.024
854000,0.010,0.984,0.006
854500,0.010,0.907,0.083
855000,0.010,0.933,0.057
855500,0.010,0.973,0.017
856000,0.010,0.894,0.096
856500,0.010,0.970,0.020
857000,0.010,0.958,0.032
857500,0.010,0.990,0.000
858000,0.010,0.915,0.075
858500,0.010,0.965,0.025
859000,0.010,0.913,0.077
859500,0.010,0.915,0.075
860000,0.010,0.899,0.091
860500,0.010,0.988,0.002
861000,0.010,0.963,0.027
861500,0.010,0.990,0.000
862000,0.010,0.911,0.079
862500,0.010,0.928,0.062
863000,0.010,0.907,0.083
863500,0.010,0.918,0.072
864000,0.010,0.887,0.103
864500,0.010,0.936,0.054
865000,0.010,0.898,0.092
865500,0.010,0.965,0.025
866000,0.010,0.936,0.054
866500,0.010,0.926,0.064
867000,0.010,0.942,0.048
867500,0.010,0.921,0.069
868000,0.010,0.902,0.088
868500,0.010,0.989,0.001
869000,0.010,0.930,0.060
869500,0.010,0.905,0.085
870000,0.010,0.972,0.018
870500,0.010,0.988,0.002
871000,0.010,0.989,0.001
871500,0.010,0.954,0.036
872000,0.010,0.988,0.002
872500,0.010,0.945,0.045
873000,0.010,0.984,0.006
873500,0.010,0.837,0.153
874000,0.010,0.980,0.010
874500,0.010,0.968,0.022
875000,0.010,0.966,0.024
875500,0.010,0.955,0.035
876000,0.010,0.983,0.007
876500,0.010,0.973,0.017
877000,0.010,0.990,0.000
877500,0.010,0.955,0.035
878000,0.010,0.907,0.083
878500,0.010,0.868,0.122
879000,0.010,0.955,0.035
879500,0.010,0.853,0.137
880000,0.010,0.948,0.042
880500,0.010,0.903,0.087
881000,0.010,0.990,0.000
881500,0.010,0.945,0.045
882000,0.010,0.950,0.040
882500,0.010,0.990,0.000
883000,0.010,0.982,0.008
883500,0.010,0.863,0.127
884000,0.010,0.936,0.054
884500,0.010,0.897,0.093
885000,0.010,0.972,0.018
885500,0.010,0.958,0.032
886000,0.010,0.935,0.055
886500,0.010,0.945,0.045
887000,0.010,0.925,0.065
887500,0.010,0.982,0.008
888000,0.010,0.915,0.075
888500,0.010,0.905,0.085
889000,0.010,0.968,0.022
889500,0.010,0.988,0.002
890000,0.010,0.977,0.013
890500,0.010,0.915,0.075
891000,0.010,0.930,0.060
891500,0.010,0.981,0.009
892000,0.010,0.847,0.143
892500,0.010,0.971,0.019
893000,0.010,0.889,0.101
893500,0.010,0.957,0.033
894000,0.010,0.986,0.004
894500,0.010,0.990,0.000
895000,0.010,0.989,0.001
895500,0.010,0.919,0.071
896000,0.010,0.989,0.001
896500,0.010,0.933,0.057
897000,0.010,0.907,0.083
897500,0.010,0.940,0.050
898000,0.010,0.887,0.103
898500,0.010,0.866,0.124
899000,0.010,0.893,0.097
899500,0.010,0.971,0.019
900000,0.010,0.981,0.009
900500,0.010,0.945,0.045
901000,0.010,0.977,0.013
901500,0.010,0.893,0.097
902000,0.010,0.987,0.003
902500,0.010,0.915,0.075
903000,0.010,0.877,0.113
903500,0.010,0.990,0.000
904000,0.010,0.836,0.154
904500,0.010,0.953,0.037
905000,0.010,0.974,0.016
905500,0.010,0.956,0.034
906000,0.010,0.942,0.048
906500,0.010,0.968,0.022
907000,0.010,0.862,0.128
907500,0.010,0.925,0.065
908000,0.010,0.973,0.017
908500,0.010,0.984,0.006
909000,0.010,0.947,0.043
909500,0.010,0.987,0.003
910000,0.010,0.862,0.128
910500,0.010,0.939,0.051
911000,0.010,0.984,0.006
911500,0.010,0.940,0.050
912000,0.010,0.955,0.035
912500,0.010,0.971,0.019
913000,0.010,0.942,0.048
913500,0.010,0.854,0.136
914000,0.010,0.890,0.100
914500,0.010,0.909,0.081
915000,0.010,0.985,0.005
915500,0.010,0.941,0.049
916000,0.010,0.945,0.045
916500,0.010,0.912,0.078
917000,0.010,0.986,0.004
917500,0.010,0.986,0.004
918000,0.010,0.959,0.031
918500,0.010,0.956,0.034
919000,0.010,0.839,0.151
919500,0.010,0.900,0.090
920000,0.010,0.959,0.031
920500,0.010,0.968,0.022
921000,0.010,0.967,0.023
921500,0.010,0.954,0.036
922000,0.010,0.981,0.009
922500,0.010,0.946,0.044
923000,0.010,0.892,0.098
923500,0.010,0.916,0.074
924000,0.010,0.989,0.001
924500,0.010,0.879,0.111
925000,0.010,0.945,0.045
925500,0.010,0.986,0.004
926000,0.010,0.982,0.008
926500,0.010,0.933,0.057
927000,0.010,0.959,0.031
927500,0.010,0.979,0.011
928000,0.010,0.889,0.101
928500,0.010,0.990,0.000
929000,0.010,0.989,0.001
929500,0.010,0.944,0.046
930000,0.010,0.972,0.018
930500,0.010,0.980,0.010
931000,0.010,0.981,0.009
931500,0.010,0.944,0.046
932000,0.010,0.970,0.020
932500,0.010,0.988,0.002
933000,0.010,0.915,0.075
933500,0.010,0.875,0.115
934000,0.010,0.990,0.000
934500,0.010,0.971,0.019
935000,0.010,0.974,0.016
935500,0.010,0.982,0.008
936000,0.010,0.927,0.063
936500,0.010,0.990,0.000
937000,0.010,0.971,0.019
937500,0.010,0.959,0.031
938000,0.010,0.897,0.093
938500,0.010,0.989,0.001
939000,0.010,0.890,0.100
939500,0.010,0.939,0.051
940000,0.010,0.981,0.009
940500,0.010,0.960,0.030
941000,0.010,0.957,0.033
941500,0.010,0.945,0.045
942000,0.010,0.963,0.027
942500,0.010,0.955,0.035
943000,0.010,0.980,0.010
943500,0.010,0.956,0.034
944000,0.010,0.976,0.014
944500,0.010,0.891,0.099
945000,0.010,0.925,0.065
945500,0.010,0.978,0.012
946000,0.010,0.916,0.074
946500,0.010,0.981,0.009
947000,0.010,0.913,0.077
947500,0.010,0.983,0.007
948000,0.010,0.922,0.068
948500,0.010,0.921,0.069
949000,0.010,0.863,0.127
949500,0.010,0.933,0.057
950000,0.010,0.950,0.040
950500,0.010,0.929,0.061
951000,0.010,0.988,0.002
951500,0.010,0.941,0.049
952000,0.010,0.989,0.001
952500,0.010,0.942,0.048
953000,0.010,0.990,0.000
953500,0.010,0.950,0.040
954000,0.010,0.962,0.028
954500,0.010,0.927,0.063
955000,0.010,0.935,0.055
955500,0.010,0.987,0.003
956000,0.010,0.905,0.085
956500,0.010,0.985,0.005
957000,0.010,0.787,0.203
957500,0.010,0.972,0.018
958000,0.010,0.959,0.031
958500,0.010,0.809,0.181
959000,0.010,0.895,0.095
959500,0.010,0.968,0.022
960000,0.010,0.945,0.045
960500,0.010,0.907,0.083
961000,0.010,0.973,0.017
961500,0.010,0.936,0.054
962000,0.010,0.819,0.171
962500,0.010,0.986,0.004
963000,0.010,0.893,0.097
963500,0.010,0.974,0.016
964000,0.010,0.865,0.125
964500,0.010,0.960,0.030
965000,0.010,0.955,0.035
965500,0.010,0.914,0.076
966000,0.010,0.974,0.016
966500,0.010,0.976,0.014
967000,0.010,0.961,0.029
967500,0.010,0.980,0.010
968000,0.010,0.990,0.000
968500,0.010,0.917,0.073
969000,0.010,0.980,0.010
969500,0.010,0.953,0.037
970000,0.010,0.988,0.002
970500,0.010,0.908,0.082
971000,0.010,0.946,0.044
971500,0.010,0.850,0.140
972000,0.010,0.923,0.067
972500,0.010,0.930,0.060
973000,0.010,0.884,0.106
973500,0.010,0.943,0.047
974000,0.010,0.990,0.000
974500,0.010,0.863,0.127
975000,0.010,0.876,0.114
975500,0.010,0.912,0.078
976000,0.010,0.940,0.050
976500,0.010,0.946,0.044
977000,0.010,0.931,0.059
977500,0.010,0.987,0.003
978000,0.010,0.950,0.040
978500,0.010,0.966,0.024
979000,0.010,0.941,0.049
979500,0.010,0.989,0.001
980000,0.010,0.808,0.182
980500,0.010,0.953,0.037
981000,0.010,0.988,0.002
981500,0.010,0.948,0.042
982000,0.010,0.988,0.002
982500,0.010,0.982,0.008
983000,0.010,0.987,0.003
983500,0.010,0.986,0.004
984000,0.010,0.971,0.019
984500,0.010,0.973,0.017
985000,0.010,0.803,0.187
985500,0.010,0.831,0.159
986000,0.010,0.990,0.000
986500,0.010,0.866,0.124
987000,0.010,0.951,0.039
987500,0.010,0.935,0.055
988000,0.010,0.916,0.074
988500,0.010,0.902,0.088
989000,0.010,0.931,0.059
989500,0.010,0.981,0.009
990000,0.010,0.945,0.045
990500,0.010,0.904,0.086
991000,0.010,0.956,0.034
991500,0.010,0.963,0.027
992000,0.010,0.921,0.069
992500,0.010,0.990,0.000
993000,0.010,0.933,0.057
993500,0.010,0.921,0.069
994000,0.010,0.906,0.084
994500,0.010,0.984,0.006
995000,0.010,0.983,0.007
995500,0.010,0.974,0.016
996000,0.010,0.910,0.080
996500,0.010,0.965,0.025
997000,0.010,0.984,0.006
997500,0.010,0.985,0.005
998000,0.010,0.809,0.181
998500,0.010,0.944,0.046
999000,0.010,0.989,0.001
999500,0.010,0.941,0.049
1000000,0.010,0.899,0.091
