time,n_A+p,n_B,n_AB
1000,0.030,0.946,0.024
2000,0.031,0.927,0.042
3000,0.031,0.900,0.069
4000,0.032,0.860,0.108
5000,0.035,0.836,0.129
6000,0.036,0.802,0.162
7000,0.036,0.797,0.167
8000,0.047,0.781,0.172
9000,0.045,0.753,0.202
10000,0.054,0.736,0.210
11000,0.062,0.718,0.220
12000,0.066,0.695,0.239
13000,0.072,0.668,0.260
14000,0.077,0.643,0.280
15000,0.083,0.639,0.278
16000,0.082,0.598,0.320
17000,0.079,0.618,0.303
18000,0.087,0.617,0.296
19000,0.093,0.596,0.311
20000,0.086,0.592,0.322
21000,0.103,0.582,0.315
22000,0.093,0.572,0.335
23000,0.097,0.575,0.328
24000,0.107,0.570,0.323
25000,0.119,0.542,0.339
26000,0.124,0.500,0.376
27000,0.124,0.489,0.387
28000,0.151,0.465,0.384
29000,0.167,0.439,0.394
30000,0.160,0.416,0.424
31000,0.160,0.431,0.409
32000,0.163,0.409,0.428
33000,0.160,0.423,0.417
34000,0.181,0.408,0.411
35000,0.198,0.390,0.412
36000,0.194,0.394,0.412
37000,0.223,0.337,0.440
38000,0.224,0.359,0.417
39000,0.239,0.341,0.420
40000,0.246,0.322,0.432
41000,0.257,0.295,0.448
42000,0.241,0.298,0.461
43000,0.258,0.280,0.462
44000,0.274,0.280,0.446
45000,0.303,0.282,0.415
46000,0.316,0.249,0.435
47000,0.288,0.255,0.457
48000,0.296,0.253,0.451
49000,0.314,0.232,0.454
50000,0.323,0.220,0.457
51000,0.350,0.193,0.457
52000,0.362,0.212,0.426
53000,0.356,0.208,0.436
54000,0.364,0.185,0.451
55000,0.375,0.201,0.424
56000,0.360,0.210,0.430
57000,0.370,0.196,0.434
58000,0.377,0.194,0.429
59000,0.416,0.173,0.411
60000,0.449,0.155,0.396
61000,0.454,0.139,0.407
62000,0.450,0.157,0.393
63000,0.443,0.113,0.444
64000,0.459,0.124,0.417
65000,0.466,0.140,0.394
66000,0.474,0.134,0.392
67000,0.474,0.137,0.389
68000,0.488,0.126,0.386
69000,0.466,0.109,0.425
70000,0.507,0.128,0.365
71000,0.489,0.121,0.390
72000,0.487,0.129,0.384
73000,0.490,0.131,0.379
74000,0.465,0.133,0.402
75000,0.480,0.126,0.394
76000,0.497,0.105,0.398
77000,0.504,0.111,0.385
78000,0.505,0.110,0.385
79000,0.492,0.101,0.407
80000,0.491,0.104,0.405
81000,0.502,0.104,0.394
82000,0.531,0.109,0.360
83000,0.538,0.107,0.355
84000,0.500,0.109,0.391
85000,0.493,0.114,0.393
86000,0.511,0.111,0.378
87000,0.511,0.097,0.392
88000,0.546,0.089,0.365
89000,0.538,0.100,0.362
90000,0.538,0.100,0.362
91000,0.520,0.092,0.388
92000,0.489,0.111,0.400
93000,0.475,0.108,0.417
94000,0.510,0.100,0.390
95000,0.528,0.102,0.370
96000,0.510,0.092,0.398
97000,0.493,0.105,0.402
98000,0.511,0.103,0.386
99000,0.518,0.089,0.393
100000,0.501,0.105,0.394
101000,0.529,0.107,0.364
102000,0.535,0.104,0.361
103000,0.516,0.109,0.375
104000,0.524,0.104,0.372
105000,0.530,0.098,0.372
106000,0.533,0.097,0.370
107000,0.552,0.091,0.357
108000,0.540,0.096,0.364
109000,0.531,0.082,0.387
110000,0.540,0.081,0.379
111000,0.552,0.092,0.356
112000,0.541,0.096,0.363
113000,0.551,0.093,0.356
114000,0.553,0.077,0.370
115000,0.570,0.077,0.353
116000,0.599,0.065,0.336
117000,0.597,0.075,0.328
118000,0.602,0.072,0.326
119000,0.606,0.062,0.332
120000,0.615,0.053,0.332
121000,0.638,0.055,0.307
122000,0.634,0.067,0.299
123000,0.644,0.073,0.283
124000,0.640,0.058,0.302
125000,0.626,0.054,0.320
126000,0.631,0.051,0.318
127000,0.634,0.049,0.317
128000,0.655,0.050,0.295
129000,0.625,0.053,0.322
130000,0.631,0.039,0.330
131000,0.646,0.032,0.322
132000,0.678,0.033,0.289
133000,0.693,0.043,0.264
134000,0.685,0.043,0.272
135000,0.690,0.040,0.270
136000,0.715,0.033,0.252
137000,0.708,0.031,0.261
138000,0.708,0.031,0.261
139000,0.691,0.036,0.273
140000,0.718,0.040,0.242
141000,0.716,0.038,0.246
142000,0.700,0.045,0.255
143000,0.687,0.042,0.271
144000,0.700,0.038,0.262
145000,0.721,0.040,0.239
146000,0.732,0.029,0.239
147000,0.749,0.030,0.221
148000,0.736,0.027,0.237
149000,0.758,0.023,0.219
150000,0.751,0.026,0.223
151000,0.738,0.037,0.225
152000,0.735,0.031,0.234
153000,0.727,0.030,0.243
154000,0.738,0.026,0.236
155000,0.723,0.029,0.248
156000,0.728,0.026,0.246
157000,0.733,0.029,0.238
158000,0.733,0.025,0.242
159000,0.719,0.038,0.243
160000,0.741,0.018,0.241
161000,0.722,0.018,0.260
162000,0.750,0.015,0.235
163000,0.751,0.014,0.235
164000,0.759,0.025,0.216
165000,0.778,0.019,0.203
166000,0.774,0.023,0.203
167000,0.801,0.017,0.182
168000,0.802,0.013,0.185
169000,0.810,0.016,0.174
170000,0.794,0.013,0.193
171000,0.790,0.024,0.186
172000,0.773,0.027,0.200
173000,0.758,0.028,0.214
174000,0.733,0.023,0.244
175000,0.739,0.018,0.243
176000,0.766,0.024,0.210
177000,0.744,0.021,0.235
178000,0.776,0.017,0.207
179000,0.756,0.014,0.230
180000,0.747,0.028,0.225
181000,0.739,0.025,0.236
182000,0.717,0.024,0.259
183000,0.718,0.031,0.251
184000,0.748,0.014,0.238
185000,0.764,0.014,0.222
186000,0.791,0.014,0.195
187000,0.788,0.009,0.203
188000,0.814,0.009,0.177
189000,0.850,0.006,0.144
190000,0.875,0.006,0.119
191000,0.865,0.007,0.128
192000,0.872,0.009,0.119
193000,0.875,0.015,0.110
194000,0.897,0.006,0.097
195000,0.902,0.006,0.092
196000,0.900,0.005,0.095
197000,0.890,0.002,0.108
198000,0.901,0.003,0.096
199000,0.908,0.006,0.086
200000,0.903,0.003,0.094
201000,0.901,0.001,0.098
202000,0.893,0.001,0.106
203000,0.913,0.003,0.084
204000,0.925,0.004,0.071
205000,0.927,0.002,0.071
206000,0.908,0.003,0.089
207000,0.906,0.001,0.093
208000,0.919,0.001,0.080
209000,0.917,0.000,0.083
210000,0.911,0.004,0.085
211000,0.900,0.004,0.096
212000,0.907,0.006,0.087
213000,0.912,0.001,0.087
214000,0.912,0.002,0.086
215000,0.908,0.003,0.089
216000,0.907,0.003,0.090
217000,0.910,0.001,0.089
218000,0.910,0.002,0.088
219000,0.904,0.003,0.093
220000,0.899,0.003,0.098
221000,0.914,0.003,0.083
222000,0.905,0.003,0.092
223000,0.916,0.005,0.079
224000,0.914,0.004,0.082
225000,0.919,0.003,0.078
226000,0.927,0.007,0.066
227000,0.936,0.002,0.062
228000,0.944,0.002,0.054
229000,0.954,0.001,0.045
230000,0.957,0.001,0.042
231000,0.952,0.001,0.047
232000,0.951,0.000,0.049
233000,0.940,0.000,0.060
234000,0.954,0.002,0.044
235000,0.946,0.000,0.054
236000,0.952,0.000,0.048
237000,0.961,0.000,0.039
238000,0.965,0.002,0.033
239000,0.958,0.002,0.040
240000,0.956,0.001,0.043
241000,0.947,0.000,0.053
242000,0.946,0.000,0.054
243000,0.960,0.001,0.039
244000,0.958,0.000,0.042
245000,0.971,0.000,0.029
246000,0.974,0.000,0.026
247000,0.976,0.000,0.024
248000,0.983,0.000,0.017
249000,0.985,0.000,0.015
250000,0.991,0.000,0.009
251000,0.988,0.000,0.012
252000,0.991,0.000,0.009
253000,0.991,0.000,0.009
254000,0.994,0.000,0.006
255000,0.997,0.000,0.003
256000,0.996,0.000,0.004
257000,0.996,0.000,0.004
258000,0.992,0.000,0.008
259000,0.996,0.000,0.004
260000,0.996,0.000,0.004
261000,0.998,0.000,0.002
262000,0.998,0.000,0.002
263000,0.997,0.000,0.003
264000,0.998,0.000,0.002
265000,0.999,0.000,0.001
266000,0.999,0.000,0.001
267000,1.000,0.000,0.000
