time,n_A+p,n_B,n_AB
500,0.080,0.767,0.153
1000,0.080,0.584,0.336
1500,0.083,0.451,0.467
2000,0.088,0.358,0.553
2500,0.098,0.307,0.595
3000,0.102,0.267,0.631
3500,0.111,0.279,0.610
4000,0.117,0.221,0.662
4500,0.129,0.225,0.646
5000,0.153,0.188,0.659
5500,0.155,0.154,0.690
6000,0.214,0.100,0.686
6500,0.315,0.050,0.635
7000,0.373,0.028,0.599
7500,0.491,0.011,0.498
8000,0.586,0.006,0.408
8500,0.682,0.002,0.316
9000,0.738,0.001,0.261
9500,0.780,0.000,0.220
10000,0.797,0.000,0.203
10500,0.774,0.000,0.226
11000,0.780,0.000,0.220
11500,0.832,0.000,0.168
12000,0.875,0.000,0.125
12500,0.888,0.000,0.112
13000,0.908,0.000,0.092
13500,0.916,0.000,0.084
14000,0.920,0.000,0.080
14500,0.938,0.000,0.062
15000,0.949,0.000,0.051
15500,0.942,0.000,0.058
16000,0.931,0.000,0.069
16500,0.955,0.000,0.045
17000,0.958,0.000,0.042
17500,0.960,0.000,0.040
18000,0.952,0.000,0.048
18500,0.962,0.000,0.038
19000,0.949,0.000,0.051
19500,0.968,0.000,0.032
20000,0.965,0.000,0.035
20500,0.975,0.000,0.025
21000,0.975,0.000,0.025
21500,0.980,0.000,0.020
22000,0.981,0.000,0.019
22500,0.981,0.000,0.019
23000,0.989,0.000,0.011
23500,0.998,0.000,0.002
24000,0.999,0.000,0.001
24500,0.999,0.000,0.001
25000,0.999,0.000,0.001
25500,0.999,0.000,0.001
26000,1.000,0.000,0.000
