time,n_A+p,n_B,n_AB
100,0.030,0.969,0.001
200,0.030,0.949,0.021
300,0.030,0.941,0.029
400,0.030,0.879,0.091
500,0.030,0.848,0.122
600,0.030,0.798,0.172
700,0.030,0.767,0.203
800,0.031,0.743,0.226
900,0.030,0.675,0.295
1000,0.030,0.682,0.288
1100,0.030,0.638,0.332
1200,0.030,0.589,0.381
1300,0.033,0.552,0.415
1400,0.033,0.528,0.439
1500,0.033,0.515,0.452
1600,0.035,0.462,0.503
1700,0.034,0.418,0.548
1800,0.035,0.407,0.558
1900,0.036,0.403,0.561
2000,0.040,0.329,0.631
2100,0.055,0.291,0.654
2200,0.054,0.234,0.712
2300,0.054,0.244,0.702
2400,0.091,0.207,0.702
2500,0.081,0.170,0.749
2600,0.076,0.151,0.773
2700,0.104,0.141,0.755
2800,0.091,0.136,0.773
2900,0.101,0.135,0.764
3000,0.111,0.137,0.752
3100,0.107,0.129,0.764
3200,0.104,0.114,0.782
3300,0.095,0.107,0.798
3400,0.095,0.119,0.786
3500,0.095,0.112,0.793
3600,0.112,0.097,0.791
3700,0.110,0.099,0.791
3800,0.105,0.095,0.800
3900,0.116,0.080,0.804
4000,0.122,0.068,0.810
4100,0.124,0.067,0.809
4200,0.143,0.072,0.785
4300,0.149,0.067,0.784
4400,0.153,0.049,0.798
4500,0.175,0.047,0.778
4600,0.178,0.041,0.781
4700,0.186,0.050,0.764
4800,0.235,0.036,0.729
4900,0.282,0.035,0.683
5000,0.268,0.032,0.700
5100,0.231,0.031,0.738
5200,0.192,0.031,0.777
5300,0.194,0.029,0.777
5400,0.189,0.032,0.779
5500,0.202,0.027,0.771
5600,0.229,0.027,0.744
5700,0.238,0.019,0.743
5800,0.251,0.024,0.725
5900,0.255,0.018,0.727
6000,0.285,0.021,0.694
6100,0.232,0.029,0.739
6200,0.262,0.022,0.716
6300,0.257,0.010,0.733
6400,0.312,0.012,0.676
6500,0.319,0.014,0.667
6600,0.303,0.014,0.683
6700,0.313,0.014,0.673
6800,0.303,0.021,0.676
6900,0.280,0.020,0.700
7000,0.256,0.016,0.728
7100,0.261,0.013,0.726
7200,0.255,0.020,0.725
7300,0.228,0.013,0.759
7400,0.258,0.014,0.728
7500,0.271,0.017,0.712
7600,0.294,0.016,0.690
7700,0.311,0.013,0.676
7800,0.287,0.018,0.695
7900,0.294,0.023,0.683
8000,0.265,0.017,0.718
8100,0.284,0.018,0.698
8200,0.262,0.018,0.720
8300,0.255,0.036,0.709
8400,0.236,0.039,0.725
8500,0.281,0.030,0.689
8600,0.301,0.013,0.686
8700,0.275,0.018,0.707
8800,0.332,0.011,0.657
8900,0.359,0.010,0.631
9000,0.408,0.018,0.574
9100,0.390,0.013,0.597
9200,0.382,0.011,0.607
9300,0.377,0.008,0.615
9400,0.368,0.015,0.617
9500,0.364,0.016,0.620
9600,0.335,0.016,0.649
9700,0.366,0.015,0.619
9800,0.374,0.014,0.612
9900,0.406,0.007,0.587
10000,0.410,0.011,0.579
10100,0.395,0.010,0.595
10200,0.399,0.008,0.593
10300,0.437,0.010,0.553
10400,0.421,0.006,0.573
10500,0.397,0.010,0.593
10600,0.387,0.008,0.605
10700,0.364,0.004,0.632
10800,0.314,0.006,0.680
10900,0.292,0.010,0.698
11000,0.300,0.010,0.690
11100,0.294,0.012,0.694
11200,0.277,0.018,0.705
11300,0.273,0.010,0.717
11400,0.260,0.015,0.725
11500,0.334,0.019,0.647
11600,0.355,0.016,0.629
11700,0.302,0.012,0.686
11800,0.307,0.015,0.678
11900,0.292,0.025,0.683
12000,0.271,0.026,0.703
12100,0.257,0.031,0.712
12200,0.242,0.029,0.729
12300,0.287,0.022,0.691
12400,0.325,0.017,0.658
12500,0.284,0.022,0.694
12600,0.291,0.011,0.698
12700,0.298,0.016,0.686
12800,0.283,0.028,0.689
12900,0.277,0.027,0.696
13000,0.273,0.028,0.699
13100,0.260,0.020,0.720
13200,0.278,0.024,0.698
13300,0.291,0.021,0.688
13400,0.310,0.017,0.673
13500,0.364,0.013,0.623
13600,0.444,0.009,0.547
13700,0.456,0.008,0.536
13800,0.455,0.009,0.536
13900,0.402,0.013,0.585
14000,0.377,0.013,0.610
14100,0.397,0.008,0.595
14200,0.396,0.013,0.591
14300,0.363,0.012,0.625
14400,0.356,0.016,0.628
14500,0.369,0.017,0.614
14600,0.323,0.021,0.656
14700,0.316,0.023,0.661
14800,0.315,0.032,0.653
14900,0.287,0.026,0.687
15000,0.277,0.024,0.699
15100,0.322,0.013,0.665
15200,0.359,0.010,0.631
15300,0.414,0.015,0.571
15400,0.458,0.018,0.524
15500,0.407,0.010,0.583
15600,0.444,0.010,0.546
15700,0.394,0.005,0.601
15800,0.442,0.007,0.551
15900,0.421,0.009,0.570
16000,0.429,0.009,0.562
16100,0.437,0.009,0.554
16200,0.478,0.010,0.512
16300,0.452,0.006,0.542
16400,0.445,0.008,0.547
16500,0.474,0.003,0.523
16600,0.488,0.002,0.510
16700,0.495,0.002,0.503
16800,0.534,0.001,0.465
16900,0.462,0.008,0.530
17000,0.419,0.008,0.573
17100,0.444,0.009,0.547
17200,0.447,0.008,0.545
17300,0.401,0.007,0.592
17400,0.382,0.008,0.610
17500,0.372,0.010,0.618
17600,0.364,0.005,0.631
17700,0.372,0.002,0.626
17800,0.385,0.005,0.610
17900,0.372,0.008,0.620
18000,0.388,0.010,0.602
18100,0.370,0.017,0.613
18200,0.358,0.014,0.628
18300,0.375,0.015,0.610
18400,0.330,0.011,0.659
18500,0.322,0.009,0.669
18600,0.358,0.010,0.632
18700,0.352,0.010,0.638
18800,0.334,0.027,0.639
18900,0.324,0.018,0.658
19000,0.276,0.022,0.702
19100,0.253,0.018,0.729
19200,0.297,0.025,0.678
19300,0.297,0.019,0.684
19400,0.297,0.020,0.683
19500,0.279,0.015,0.706
19600,0.299,0.013,0.688
19700,0.331,0.011,0.658
19800,0.331,0.005,0.664
19900,0.320,0.020,0.660
20000,0.300,0.020,0.680
20100,0.287,0.026,0.687
20200,0.261,0.021,0.718
20300,0.272,0.020,0.708
20400,0.308,0.026,0.666
20500,0.297,0.020,0.683
20600,0.277,0.019,0.704
20700,0.255,0.013,0.732
20800,0.243,0.022,0.735
20900,0.251,0.024,0.725
21000,0.263,0.020,0.717
21100,0.282,0.026,0.692
21200,0.276,0.025,0.699
21300,0.247,0.023,0.730
21400,0.278,0.026,0.696
21500,0.282,0.021,0.697
21600,0.300,0.024,0.676
21700,0.270,0.031,0.699
21800,0.276,0.027,0.697
21900,0.283,0.028,0.689
22000,0.268,0.024,0.708
22100,0.271,0.030,0.699
22200,0.252,0.029,0.719
22300,0.263,0.028,0.709
22400,0.244,0.026,0.730
22500,0.263,0.023,0.714
22600,0.279,0.017,0.704
22700,0.248,0.016,0.736
22800,0.260,0.020,0.720
22900,0.243,0.025,0.732
23000,0.225,0.031,0.744
23100,0.228,0.041,0.731
23200,0.224,0.025,0.751
23300,0.237,0.026,0.737
23400,0.230,0.020,0.750
23500,0.283,0.023,0.694
23600,0.216,0.025,0.759
23700,0.242,0.022,0.736
23800,0.280,0.032,0.688
23900,0.336,0.027,0.637
24000,0.355,0.018,0.627
24100,0.311,0.018,0.671
24200,0.310,0.019,0.671
24300,0.317,0.018,0.665
24400,0.296,0.018,0.686
24500,0.328,0.016,0.656
24600,0.339,0.010,0.651
24700,0.369,0.010,0.621
24800,0.462,0.006,0.532
24900,0.388,0.008,0.604
25000,0.371,0.014,0.615
25100,0.349,0.014,0.637
25200,0.382,0.009,0.609
25300,0.352,0.012,0.636
25400,0.320,0.013,0.667
25500,0.369,0.018,0.613
25600,0.375,0.011,0.614
25700,0.411,0.007,0.582
25800,0.375,0.010,0.615
25900,0.400,0.010,0.590
26000,0.393,0.011,0.596
26100,0.387,0.014,0.599
26200,0.329,0.009,0.662
26300,0.324,0.008,0.668
26400,0.322,0.011,0.667
26500,0.313,0.015,0.672
26600,0.316,0.013,0.671
26700,0.331,0.015,0.654
26800,0.357,0.015,0.628
26900,0.336,0.023,0.641
27000,0.354,0.019,0.627
27100,0.326,0.016,0.658
27200,0.370,0.014,0.616
27300,0.386,0.014,0.600
27400,0.335,0.008,0.657
27500,0.337,0.008,0.655
27600,0.333,0.008,0.659
27700,0.345,0.009,0.646
27800,0.363,0.005,0.632
27900,0.356,0.012,0.632
28000,0.358,0.011,0.631
28100,0.369,0.017,0.614
28200,0.370,0.012,0.618
28300,0.378,0.013,0.609
28400,0.368,0.013,0.619
28500,0.378,0.007,0.615
28600,0.386,0.006,0.608
28700,0.398,0.004,0.598
28800,0.387,0.006,0.607
28900,0.355,0.006,0.639
29000,0.325,0.011,0.664
29100,0.286,0.016,0.698
29200,0.222,0.019,0.759
29300,0.245,0.018,0.737
29400,0.278,0.021,0.701
29500,0.284,0.018,0.698
29600,0.246,0.020,0.734
29700,0.234,0.038,0.728
29800,0.218,0.038,0.744
29900,0.204,0.041,0.755
30000,0.216,0.040,0.744
30100,0.189,0.050,0.761
30200,0.172,0.059,0.769
30300,0.149,0.051,0.800
30400,0.186,0.058,0.756
30500,0.182,0.051,0.767
30600,0.182,0.054,0.764
30700,0.211,0.040,0.749
30800,0.230,0.029,0.741
30900,0.256,0.020,0.724
31000,0.262,0.020,0.718
31100,0.273,0.025,0.702
31200,0.239,0.023,0.738
31300,0.241,0.032,0.727
31400,0.221,0.029,0.750
31500,0.206,0.034,0.760
31600,0.212,0.035,0.753
31700,0.263,0.033,0.704
31800,0.264,0.024,0.712
31900,0.270,0.017,0.713
32000,0.259,0.017,0.724
32100,0.248,0.013,0.739
32200,0.256,0.022,0.722
32300,0.273,0.022,0.705
32400,0.259,0.020,0.721
32500,0.243,0.022,0.735
32600,0.278,0.029,0.693
32700,0.290,0.023,0.687
32800,0.292,0.026,0.682
32900,0.304,0.025,0.671
33000,0.298,0.027,0.675
33100,0.265,0.032,0.703
33200,0.293,0.028,0.679
33300,0.296,0.019,0.685
33400,0.294,0.014,0.692
33500,0.291,0.016,0.693
33600,0.352,0.014,0.634
33700,0.334,0.018,0.648
33800,0.365,0.018,0.617
33900,0.349,0.016,0.635
34000,0.406,0.017,0.577
34100,0.393,0.011,0.596
34200,0.372,0.013,0.615
34300,0.390,0.017,0.593
34400,0.366,0.015,0.619
34500,0.308,0.012,0.680
34600,0.280,0.012,0.708
34700,0.278,0.019,0.703
34800,0.242,0.021,0.737
34900,0.213,0.020,0.767
35000,0.221,0.030,0.749
35100,0.231,0.024,0.745
35200,0.207,0.020,0.773
35300,0.237,0.018,0.745
35400,0.265,0.012,0.723
35500,0.289,0.011,0.700
35600,0.282,0.020,0.698
35700,0.308,0.016,0.676
35800,0.280,0.018,0.702
35900,0.307,0.016,0.677
36000,0.320,0.019,0.661
36100,0.364,0.027,0.609
36200,0.341,0.017,0.642
36300,0.299,0.010,0.691
36400,0.279,0.007,0.714
36500,0.336,0.013,0.651
36600,0.289,0.015,0.696
36700,0.271,0.021,0.708
36800,0.311,0.019,0.670
36900,0.287,0.015,0.698
37000,0.280,0.022,0.698
37100,0.270,0.021,0.709
37200,0.308,0.020,0.672
37300,0.312,0.019,0.669
37400,0.276,0.025,0.699
37500,0.280,0.027,0.693
37600,0.232,0.055,0.713
37700,0.247,0.041,0.712
37800,0.259,0.030,0.711
37900,0.240,0.022,0.738
38000,0.248,0.026,0.726
38100,0.217,0.021,0.762
38200,0.220,0.019,0.761
38300,0.229,0.018,0.753
38400,0.288,0.020,0.692
38500,0.293,0.022,0.685
38600,0.318,0.013,0.669
38700,0.349,0.007,0.644
38800,0.376,0.012,0.612
38900,0.332,0.015,0.653
39000,0.298,0.021,0.681
39100,0.278,0.015,0.707
39200,0.252,0.015,0.733
39300,0.264,0.014,0.722
39400,0.231,0.019,0.750
39500,0.213,0.016,0.771
39600,0.250,0.015,0.735
39700,0.228,0.021,0.751
39800,0.296,0.020,0.684
39900,0.293,0.012,0.695
40000,0.342,0.009,0.649
40100,0.316,0.014,0.670
40200,0.352,0.015,0.633
40300,0.328,0.021,0.651
40400,0.321,0.023,0.656
40500,0.298,0.037,0.665
40600,0.304,0.028,0.668
40700,0.323,0.025,0.652
40800,0.302,0.030,0.668
40900,0.339,0.034,0.627
41000,0.328,0.021,0.651
41100,0.285,0.028,0.687
41200,0.266,0.022,0.712
41300,0.261,0.022,0.717
41400,0.241,0.020,0.739
41500,0.270,0.013,0.717
41600,0.270,0.014,0.716
41700,0.298,0.021,0.681
41800,0.286,0.030,0.684
41900,0.256,0.025,0.719
42000,0.262,0.034,0.704
42100,0.264,0.027,0.709
42200,0.269,0.021,0.710
42300,0.249,0.015,0.736
42400,0.281,0.015,0.704
42500,0.291,0.013,0.696
42600,0.290,0.022,0.688
42700,0.295,0.023,0.682
42800,0.266,0.024,0.710
42900,0.280,0.033,0.687
43000,0.287,0.035,0.678
43100,0.286,0.029,0.685
43200,0.306,0.026,0.668
43300,0.302,0.020,0.678
43400,0.254,0.017,0.729
43500,0.222,0.011,0.767
43600,0.333,0.009,0.658
43700,0.304,0.013,0.683
43800,0.303,0.021,0.676
43900,0.321,0.020,0.659
44000,0.317,0.013,0.670
44100,0.331,0.009,0.660
44200,0.342,0.015,0.643
44300,0.340,0.022,0.638
44400,0.350,0.019,0.631
44500,0.314,0.017,0.669
44600,0.311,0.014,0.675
44700,0.277,0.013,0.710
44800,0.289,0.015,0.696
44900,0.266,0.024,0.710
45000,0.271,0.016,0.713
45100,0.307,0.021,0.672
45200,0.315,0.030,0.655
45300,0.310,0.024,0.666
45400,0.335,0.025,0.640
45500,0.309,0.017,0.674
45600,0.343,0.016,0.641
45700,0.369,0.013,0.618
45800,0.358,0.012,0.630
45900,0.341,0.009,0.650
46000,0.335,0.007,0.658
46100,0.366,0.016,0.618
46200,0.363,0.011,0.626
46300,0.311,0.026,0.663
46400,0.285,0.014,0.701
46500,0.303,0.007,0.690
46600,0.309,0.004,0.687
46700,0.324,0.004,0.672
46800,0.333,0.003,0.664
46900,0.350,0.002,0.648
47000,0.363,0.010,0.627
47100,0.337,0.010,0.653
47200,0.374,0.012,0.614
47300,0.374,0.013,0.613
47400,0.390,0.011,0.599
47500,0.414,0.013,0.573
47600,0.390,0.011,0.599
47700,0.429,0.003,0.568
47800,0.408,0.001,0.591
47900,0.418,0.005,0.577
48000,0.414,0.009,0.577
48100,0.375,0.006,0.619
48200,0.377,0.003,0.620
48300,0.378,0.009,0.613
48400,0.388,0.013,0.599
48500,0.399,0.006,0.595
48600,0.334,0.007,0.659
48700,0.282,0.010,0.708
48800,0.254,0.017,0.729
48900,0.267,0.016,0.717
49000,0.288,0.011,0.701
49100,0.297,0.020,0.683
49200,0.290,0.020,0.690
49300,0.295,0.018,0.687
49400,0.244,0.017,0.739
49500,0.239,0.017,0.744
49600,0.251,0.026,0.723
49700,0.243,0.024,0.733
49800,0.248,0.023,0.729
49900,0.282,0.023,0.695
50000,0.300,0.017,0.683
50100,0.329,0.025,0.646
50200,0.321,0.023,0.656
50300,0.358,0.017,0.625
50400,0.323,0.031,0.646
50500,0.321,0.023,0.656
50600,0.291,0.018,0.691
50700,0.257,0.012,0.731
50800,0.222,0.016,0.762
50900,0.193,0.029,0.778
51000,0.164,0.026,0.810
51100,0.173,0.026,0.801
51200,0.182,0.039,0.779
51300,0.206,0.041,0.753
51400,0.194,0.035,0.771
51500,0.249,0.027,0.724
51600,0.259,0.022,0.719
51700,0.254,0.018,0.728
51800,0.246,0.012,0.742
51900,0.271,0.010,0.719
52000,0.324,0.017,0.659
52100,0.325,0.013,0.662
52200,0.340,0.015,0.645
52300,0.319,0.016,0.665
52400,0.318,0.014,0.668
52500,0.346,0.019,0.635
52600,0.338,0.020,0.642
52700,0.326,0.021,0.653
52800,0.290,0.014,0.696
52900,0.302,0.021,0.677
53000,0.294,0.018,0.688
53100,0.324,0.020,0.656
53200,0.349,0.015,0.636
53300,0.373,0.013,0.614
53400,0.358,0.013,0.629
53500,0.352,0.025,0.623
53600,0.369,0.013,0.618
53700,0.346,0.009,0.645
53800,0.360,0.004,0.636
53900,0.392,0.002,0.606
54000,0.411,0.006,0.583
54100,0.426,0.006,0.568
54200,0.404,0.009,0.587
54300,0.388,0.004,0.608
54400,0.407,0.002,0.591
54500,0.413,0.007,0.580
54600,0.397,0.009,0.594
54700,0.444,0.005,0.551
54800,0.415,0.005,0.580
54900,0.393,0.006,0.601
55000,0.358,0.006,0.636
55100,0.363,0.005,0.632
55200,0.365,0.003,0.632
55300,0.397,0.004,0.599
55400,0.378,0.004,0.618
55500,0.389,0.008,0.603
55600,0.376,0.009,0.615
55700,0.397,0.015,0.588
55800,0.399,0.013,0.588
55900,0.379,0.013,0.608
56000,0.327,0.008,0.665
56100,0.306,0.012,0.682
56200,0.372,0.013,0.615
56300,0.376,0.011,0.613
56400,0.352,0.011,0.637
56500,0.359,0.011,0.630
56600,0.368,0.008,0.624
56700,0.356,0.010,0.634
56800,0.385,0.013,0.602
56900,0.382,0.013,0.605
57000,0.360,0.014,0.626
57100,0.340,0.011,0.649
57200,0.336,0.014,0.650
57300,0.310,0.011,0.679
57400,0.289,0.012,0.699
57500,0.310,0.007,0.683
57600,0.314,0.018,0.668
57700,0.295,0.017,0.688
57800,0.284,0.020,0.696
57900,0.282,0.022,0.696
58000,0.274,0.023,0.703
58100,0.281,0.020,0.699
58200,0.233,0.025,0.742
58300,0.237,0.032,0.731
58400,0.238,0.025,0.737
58500,0.204,0.034,0.762
58600,0.246,0.031,0.723
58700,0.282,0.021,0.697
58800,0.210,0.029,0.761
58900,0.235,0.029,0.736
59000,0.259,0.021,0.720
59100,0.225,0.023,0.752
59200,0.271,0.018,0.711
59300,0.279,0.026,0.695
59400,0.308,0.017,0.675
59500,0.335,0.021,0.644
59600,0.318,0.017,0.665
59700,0.356,0.009,0.635
59800,0.380,0.008,0.612
59900,0.340,0.004,0.656
60000,0.301,0.010,0.689
60100,0.362,0.014,0.624
60200,0.338,0.016,0.646
60300,0.354,0.015,0.631
60400,0.359,0.011,0.630
60500,0.346,0.017,0.637
60600,0.345,0.013,0.642
60700,0.338,0.013,0.649
60800,0.368,0.013,0.619
60900,0.348,0.016,0.636
61000,0.381,0.016,0.603
61100,0.326,0.017,0.657
61200,0.304,0.023,0.673
61300,0.244,0.019,0.737
61400,0.308,0.018,0.674
61500,0.302,0.017,0.681
61600,0.287,0.016,0.697
61700,0.251,0.013,0.736
61800,0.274,0.009,0.717
61900,0.317,0.007,0.676
62000,0.329,0.008,0.663
62100,0.344,0.005,0.651
62200,0.364,0.007,0.629
62300,0.356,0.017,0.627
62400,0.314,0.010,0.676
62500,0.292,0.010,0.698
62600,0.280,0.007,0.713
62700,0.278,0.009,0.713
62800,0.288,0.022,0.690
62900,0.305,0.026,0.669
63000,0.327,0.022,0.651
63100,0.299,0.020,0.681
63200,0.347,0.016,0.637
63300,0.362,0.021,0.617
63400,0.331,0.021,0.648
63500,0.326,0.018,0.656
63600,0.289,0.019,0.692
63700,0.300,0.008,0.692
63800,0.323,0.011,0.666
63900,0.311,0.018,0.671
64000,0.292,0.023,0.685
64100,0.267,0.026,0.707
64200,0.302,0.016,0.682
64300,0.273,0.017,0.710
64400,0.272,0.014,0.714
64500,0.240,0.017,0.743
64600,0.216,0.012,0.772
64700,0.245,0.015,0.740
64800,0.242,0.020,0.738
64900,0.280,0.020,0.700
65000,0.352,0.023,0.625
65100,0.367,0.012,0.621
65200,0.384,0.012,0.604
65300,0.355,0.008,0.637
65400,0.390,0.009,0.601
65500,0.391,0.007,0.602
65600,0.368,0.006,0.626
65700,0.318,0.014,0.668
65800,0.306,0.016,0.678
65900,0.289,0.012,0.699
66000,0.283,0.013,0.704
66100,0.288,0.017,0.695
66200,0.287,0.016,0.697
66300,0.295,0.012,0.693
66400,0.265,0.017,0.718
66500,0.298,0.022,0.680
66600,0.286,0.021,0.693
66700,0.315,0.016,0.669
66800,0.290,0.021,0.689
66900,0.300,0.022,0.678
67000,0.291,0.016,0.693
67100,0.254,0.019,0.727
67200,0.292,0.018,0.690
67300,0.313,0.024,0.663
67400,0.303,0.017,0.680
67500,0.253,0.011,0.736
67600,0.247,0.011,0.742
67700,0.260,0.022,0.718
67800,0.309,0.018,0.673
67900,0.343,0.012,0.645
68000,0.352,0.010,0.638
68100,0.425,0.011,0.564
68200,0.384,0.010,0.606
68300,0.401,0.015,0.584
68400,0.405,0.014,0.581
68500,0.362,0.021,0.617
68600,0.334,0.024,0.642
68700,0.319,0.022,0.659
68800,0.304,0.039,0.657
68900,0.287,0.029,0.684
69000,0.328,0.019,0.653
69100,0.260,0.015,0.725
69200,0.266,0.019,0.715
69300,0.258,0.024,0.718
69400,0.284,0.035,0.681
69500,0.269,0.024,0.707
69600,0.240,0.036,0.724
69700,0.233,0.020,0.747
69800,0.236,0.021,0.743
69900,0.243,0.027,0.730
70000,0.251,0.020,0.729
70100,0.317,0.022,0.661
70200,0.344,0.018,0.638
70300,0.304,0.018,0.678
70400,0.305,0.019,0.676
70500,0.301,0.021,0.678
70600,0.261,0.027,0.712
70700,0.259,0.025,0.716
70800,0.284,0.016,0.700
70900,0.289,0.014,0.697
71000,0.279,0.012,0.709
71100,0.271,0.012,0.717
71200,0.244,0.024,0.732
71300,0.228,0.020,0.752
71400,0.295,0.013,0.692
71500,0.293,0.006,0.701
71600,0.299,0.011,0.690
71700,0.326,0.017,0.657
71800,0.362,0.019,0.619
71900,0.340,0.011,0.649
72000,0.325,0.010,0.665
72100,0.359,0.012,0.629
72200,0.340,0.014,0.646
72300,0.355,0.010,0.635
72400,0.341,0.008,0.651
72500,0.331,0.007,0.662
72600,0.309,0.007,0.684
72700,0.296,0.019,0.685
72800,0.319,0.028,0.653
72900,0.381,0.018,0.601
73000,0.352,0.028,0.620
73100,0.384,0.017,0.599
73200,0.391,0.012,0.597
73300,0.338,0.013,0.649
73400,0.311,0.006,0.683
73500,0.295,0.002,0.703
73600,0.307,0.011,0.682
73700,0.294,0.008,0.698
73800,0.292,0.011,0.697
73900,0.294,0.018,0.688
74000,0.305,0.011,0.684
74100,0.344,0.014,0.642
74200,0.301,0.010,0.689
74300,0.298,0.013,0.689
74400,0.295,0.011,0.694
74500,0.329,0.009,0.662
74600,0.332,0.010,0.658
74700,0.287,0.012,0.701
74800,0.302,0.007,0.691
74900,0.319,0.022,0.659
75000,0.348,0.018,0.634
75100,0.348,0.018,0.634
75200,0.375,0.020,0.605
75300,0.326,0.018,0.656
75400,0.307,0.021,0.672
75500,0.304,0.021,0.675
75600,0.303,0.019,0.678
75700,0.275,0.017,0.708
75800,0.267,0.019,0.714
75900,0.259,0.018,0.723
76000,0.264,0.022,0.714
76100,0.234,0.019,0.747
76200,0.282,0.030,0.688
76300,0.283,0.034,0.683
76400,0.261,0.028,0.711
76500,0.271,0.023,0.706
76600,0.273,0.022,0.705
76700,0.245,0.024,0.731
76800,0.280,0.024,0.696
76900,0.360,0.017,0.623
77000,0.357,0.020,0.623
77100,0.354,0.014,0.632
77200,0.343,0.013,0.644
77300,0.307,0.011,0.682
77400,0.346,0.011,0.643
77500,0.345,0.011,0.644
77600,0.351,0.013,0.636
77700,0.375,0.006,0.619
77800,0.364,0.004,0.632
77900,0.371,0.013,0.616
78000,0.376,0.009,0.615
78100,0.394,0.007,0.599
78200,0.392,0.006,0.602
78300,0.428,0.007,0.565
78400,0.428,0.009,0.563
78500,0.410,0.010,0.580
78600,0.409,0.012,0.579
78700,0.384,0.019,0.597
78800,0.345,0.022,0.633
78900,0.365,0.015,0.620
79000,0.349,0.009,0.642
79100,0.384,0.008,0.608
79200,0.329,0.014,0.657
79300,0.357,0.019,0.624
79400,0.347,0.014,0.639
79500,0.362,0.020,0.618
79600,0.355,0.015,0.630
79700,0.388,0.012,0.600
79800,0.337,0.015,0.648
79900,0.343,0.016,0.641
80000,0.371,0.014,0.615
80100,0.367,0.013,0.620
80200,0.337,0.013,0.650
80300,0.348,0.007,0.645
80400,0.326,0.014,0.660
80500,0.263,0.032,0.705
80600,0.250,0.028,0.722
80700,0.264,0.021,0.715
80800,0.257,0.033,0.710
80900,0.314,0.032,0.654
81000,0.369,0.023,0.608
81100,0.325,0.029,0.646
81200,0.268,0.021,0.711
81300,0.305,0.023,0.672
81400,0.351,0.026,0.623
81500,0.305,0.023,0.672
81600,0.322,0.019,0.659
81700,0.319,0.024,0.657
81800,0.302,0.017,0.681
81900,0.294,0.028,0.678
82000,0.337,0.023,0.640
82100,0.326,0.023,0.651
82200,0.301,0.019,0.680
82300,0.271,0.030,0.699
82400,0.234,0.025,0.741
82500,0.260,0.028,0.712
82600,0.274,0.020,0.706
82700,0.334,0.018,0.648
82800,0.331,0.012,0.657
82900,0.312,0.011,0.677
83000,0.304,0.009,0.687
83100,0.348,0.006,0.646
83200,0.384,0.013,0.603
83300,0.378,0.008,0.614
83400,0.373,0.007,0.620
83500,0.337,0.005,0.658
83600,0.314,0.005,0.681
83700,0.256,0.014,0.730
83800,0.315,0.012,0.673
83900,0.326,0.011,0.663
84000,0.388,0.008,0.604
84100,0.361,0.007,0.632
84200,0.324,0.010,0.666
84300,0.328,0.009,0.663
84400,0.303,0.011,0.686
84500,0.296,0.025,0.679
84600,0.288,0.024,0.688
84700,0.254,0.018,0.728
84800,0.270,0.020,0.710
84900,0.272,0.027,0.701
85000,0.257,0.015,0.728
85100,0.282,0.010,0.708
85200,0.342,0.007,0.651
85300,0.318,0.015,0.667
85400,0.288,0.013,0.699
85500,0.267,0.024,0.709
85600,0.238,0.022,0.740
85700,0.211,0.033,0.756
85800,0.210,0.041,0.749
85900,0.208,0.034,0.758
86000,0.208,0.031,0.761
86100,0.217,0.022,0.761
86200,0.272,0.017,0.711
86300,0.300,0.014,0.686
86400,0.326,0.013,0.661
86500,0.367,0.010,0.623
86600,0.342,0.017,0.641
86700,0.329,0.020,0.651
86800,0.301,0.019,0.680
86900,0.287,0.023,0.690
87000,0.293,0.020,0.687
87100,0.332,0.022,0.646
87200,0.277,0.018,0.705
87300,0.290,0.021,0.689
87400,0.285,0.021,0.694
87500,0.285,0.034,0.681
87600,0.262,0.021,0.717
87700,0.278,0.018,0.704
87800,0.313,0.023,0.664
87900,0.335,0.019,0.646
88000,0.333,0.014,0.653
88100,0.321,0.011,0.668
88200,0.337,0.010,0.653
88300,0.356,0.015,0.629
88400,0.324,0.011,0.665
88500,0.330,0.010,0.660
88600,0.377,0.016,0.607
88700,0.352,0.012,0.636
88800,0.345,0.013,0.642
88900,0.359,0.012,0.629
89000,0.341,0.018,0.641
89100,0.337,0.015,0.648
89200,0.351,0.015,0.634
89300,0.354,0.014,0.632
89400,0.305,0.014,0.681
89500,0.278,0.024,0.698
89600,0.324,0.023,0.653
89700,0.282,0.023,0.695
89800,0.313,0.024,0.663
89900,0.264,0.038,0.698
90000,0.251,0.049,0.700
90100,0.217,0.038,0.745
90200,0.244,0.032,0.724
90300,0.261,0.033,0.706
90400,0.226,0.035,0.739
90500,0.228,0.023,0.749
90600,0.263,0.034,0.703
90700,0.272,0.025,0.703
90800,0.251,0.029,0.720
90900,0.280,0.030,0.690
91000,0.296,0.022,0.682
91100,0.275,0.046,0.679
91200,0.283,0.039,0.678
91300,0.255,0.034,0.711
91400,0.239,0.026,0.735
91500,0.243,0.024,0.733
91600,0.228,0.027,0.745
91700,0.257,0.024,0.719
91800,0.281,0.016,0.703
91900,0.282,0.015,0.703
92000,0.290,0.019,0.691
92100,0.242,0.019,0.739
92200,0.263,0.016,0.721
92300,0.245,0.019,0.736
92400,0.237,0.018,0.745
92500,0.222,0.019,0.759
92600,0.239,0.023,0.738
92700,0.284,0.017,0.699
92800,0.250,0.020,0.730
92900,0.216,0.033,0.751
93000,0.225,0.025,0.750
93100,0.272,0.023,0.705
93200,0.283,0.018,0.699
93300,0.314,0.017,0.669
93400,0.329,0.009,0.662
93500,0.320,0.022,0.658
93600,0.288,0.019,0.693
93700,0.302,0.007,0.691
93800,0.293,0.018,0.689
93900,0.274,0.021,0.705
94000,0.298,0.021,0.681
94100,0.282,0.023,0.695
94200,0.315,0.023,0.662
94300,0.306,0.016,0.678
94400,0.298,0.013,0.689
94500,0.261,0.021,0.718
94600,0.266,0.022,0.712
94700,0.218,0.022,0.760
94800,0.210,0.029,0.761
94900,0.198,0.026,0.776
95000,0.216,0.025,0.759
95100,0.291,0.028,0.681
95200,0.297,0.016,0.687
95300,0.303,0.019,0.678
95400,0.347,0.017,0.636
95500,0.324,0.014,0.662
95600,0.307,0.011,0.682
95700,0.316,0.011,0.673
95800,0.292,0.006,0.702
95900,0.292,0.020,0.688
96000,0.331,0.026,0.643
96100,0.332,0.024,0.644
96200,0.363,0.016,0.621
96300,0.365,0.018,0.617
96400,0.332,0.019,0.649
96500,0.315,0.012,0.673
96600,0.297,0.013,0.690
96700,0.268,0.010,0.722
96800,0.268,0.008,0.724
96900,0.250,0.011,0.739
97000,0.287,0.007,0.706
97100,0.260,0.014,0.726
97200,0.286,0.010,0.704
97300,0.268,0.014,0.718
97400,0.277,0.013,0.710
97500,0.272,0.011,0.717
97600,0.295,0.017,0.688
97700,0.284,0.014,0.702
97800,0.341,0.015,0.644
97900,0.325,0.012,0.663
98000,0.311,0.007,0.682
98100,0.289,0.017,0.694
98200,0.262,0.018,0.720
98300,0.266,0.012,0.722
98400,0.283,0.020,0.697
98500,0.314,0.021,0.665
98600,0.313,0.016,0.671
98700,0.291,0.015,0.694
98800,0.285,0.022,0.693
98900,0.280,0.022,0.698
99000,0.257,0.018,0.725
99100,0.254,0.020,0.726
99200,0.269,0.015,0.716
99300,0.337,0.014,0.649
99400,0.310,0.020,0.670
99500,0.294,0.030,0.676
99600,0.325,0.028,0.647
99700,0.323,0.025,0.652
99800,0.355,0.019,0.626
99900,0.335,0.018,0.647
100000,0.320,0.019,0.661
