time,n_A+p,n_B,n_AB
500,0.030,0.779,0.191
1000,0.030,0.476,0.494
1500,0.046,0.302,0.652
2000,0.048,0.257,0.695
2500,0.058,0.139,0.803
3000,0.120,0.109,0.771
3500,0.095,0.083,0.822
4000,0.133,0.053,0.814
4500,0.210,0.037,0.753
5000,0.250,0.013,0.737
5500,0.253,0.007,0.740
6000,0.304,0.025,0.671
6500,0.265,0.019,0.716
7000,0.277,0.019,0.704
7500,0.264,0.028,0.708
8000,0.270,0.017,0.713
8500,0.290,0.019,0.691
9000,0.304,0.014,0.682
9500,0.344,0.001,0.655
10000,0.415,0.000,0.585
10500,0.413,0.000,0.587
11000,0.348,0.000,0.652
11500,0.324,0.014,0.662
12000,0.263,0.027,0.710
12500,0.272,0.013,0.715
13000,0.251,0.013,0.736
13500,0.304,0.006,0.690
14000,0.322,0.004,0.674
14500,0.290,0.006,0.704
15000,0.212,0.030,0.758
15500,0.164,0.051,0.785
16000,0.175,0.054,0.771
16500,0.178,0.040,0.782
17000,0.198,0.030,0.772
17500,0.218,0.006,0.776
18000,0.285,0.018,0.697
18500,0.344,0.004,0.652
19000,0.335,0.000,0.665
19500,0.292,0.005,0.703
20000,0.383,0.002,0.615
20500,0.284,0.007,0.709
21000,0.341,0.003,0.656
21500,0.285,0.015,0.700
22000,0.245,0.014,0.741
22500,0.314,0.001,0.685
23000,0.406,0.012,0.582
23500,0.399,0.006,0.595
24000,0.330,0.011,0.659
24500,0.306,0.000,0.694
25000,0.336,0.002,0.662
25500,0.362,0.000,0.638
26000,0.378,0.000,0.622
26500,0.359,0.008,0.633
27000,0.364,0.001,0.635
27500,0.458,0.000,0.542
28000,0.404,0.000,0.596
28500,0.412,0.000,0.588
29000,0.357,0.001,0.642
29500,0.273,0.012,0.715
30000,0.307,0.013,0.680
30500,0.270,0.011,0.719
31000,0.353,0.000,0.647
31500,0.339,0.009,0.652
32000,0.278,0.009,0.713
32500,0.309,0.007,0.684
33000,0.300,0.006,0.694
33500,0.364,0.000,0.636
34000,0.316,0.004,0.680
34500,0.286,0.011,0.703
35000,0.280,0.001,0.719
35500,0.323,0.013,0.664
36000,0.346,0.000,0.654
36500,0.295,0.001,0.704
37000,0.358,0.000,0.642
37500,0.303,0.007,0.690
38000,0.308,0.002,0.690
38500,0.280,0.002,0.718
39000,0.334,0.009,0.657
39500,0.283,0.000,0.717
40000,0.297,0.004,0.699
40500,0.300,0.001,0.699
41000,0.366,0.000,0.634
41500,0.320,0.005,0.675
42000,0.353,0.004,0.643
42500,0.422,0.001,0.577
43000,0.422,0.001,0.577
43500,0.398,0.006,0.596
44000,0.370,0.002,0.628
44500,0.282,0.013,0.705
45000,0.299,0.031,0.670
45500,0.329,0.003,0.668
46000,0.312,0.000,0.688
46500,0.357,0.003,0.640
47000,0.325,0.012,0.663
47500,0.283,0.021,0.696
48000,0.281,0.006,0.713
48500,0.280,0.008,0.712
49000,0.224,0.033,0.743
49500,0.259,0.009,0.732
50000,0.301,0.003,0.696
50500,0.304,0.004,0.692
51000,0.291,0.000,0.709
51500,0.346,0.002,0.652
52000,0.323,0.000,0.677
52500,0.280,0.032,0.688
53000,0.291,0.024,0.685
53500,0.344,0.010,0.646
54000,0.363,0.001,0.636
54500,0.357,0.000,0.643
55000,0.317,0.004,0.679
55500,0.373,0.001,0.626
56000,0.265,0.007,0.728
56500,0.250,0.031,0.719
57000,0.230,0.016,0.754
57500,0.279,0.024,0.697
58000,0.360,0.000,0.640
58500,0.356,0.000,0.644
59000,0.334,0.012,0.654
59500,0.382,0.002,0.616
60000,0.335,0.004,0.661
60500,0.323,0.005,0.672
61000,0.282,0.009,0.709
61500,0.249,0.001,0.750
62000,0.231,0.016,0.753
62500,0.279,0.031,0.690
63000,0.221,0.017,0.762
63500,0.226,0.045,0.729
64000,0.222,0.019,0.759
64500,0.250,0.022,0.728
65000,0.284,0.007,0.709
65500,0.294,0.000,0.706
66000,0.280,0.011,0.709
66500,0.334,0.004,0.662
67000,0.291,0.004,0.705
67500,0.281,0.004,0.715
68000,0.210,0.015,0.775
68500,0.306,0.012,0.682
69000,0.299,0.018,0.683
69500,0.211,0.006,0.783
70000,0.280,0.002,0.718
70500,0.303,0.021,0.676
71000,0.321,0.008,0.671
71500,0.344,0.003,0.653
72000,0.427,0.000,0.573
72500,0.392,0.000,0.608
73000,0.319,0.018,0.663
73500,0.263,0.004,0.733
74000,0.398,0.000,0.602
74500,0.379,0.007,0.614
75000,0.332,0.009,0.659
75500,0.355,0.008,0.637
76000,0.214,0.022,0.764
76500,0.256,0.007,0.737
77000,0.322,0.011,0.667
77500,0.292,0.007,0.701
78000,0.390,0.005,0.605
78500,0.318,0.000,0.682
79000,0.286,0.001,0.713
79500,0.317,0.012,0.671
80000,0.373,0.002,0.625
80500,0.394,0.000,0.606
81000,0.332,0.002,0.666
81500,0.299,0.012,0.689
82000,0.402,0.003,0.595
82500,0.430,0.000,0.570
83000,0.413,0.000,0.587
83500,0.398,0.000,0.602
84000,0.315,0.000,0.685
84500,0.345,0.000,0.655
85000,0.329,0.001,0.670
85500,0.310,0.008,0.682
86000,0.297,0.004,0.699
86500,0.330,0.005,0.665
87000,0.379,0.005,0.616
87500,0.399,0.000,0.601
88000,0.431,0.000,0.569
88500,0.332,0.004,0.664
89000,0.274,0.001,0.725
89500,0.306,0.005,0.689
90000,0.321,0.021,0.658
90500,0.288,0.010,0.702
91000,0.289,0.009,0.702
91500,0.186,0.037,0.777
92000,0.185,0.051,0.764
92500,0.238,0.012,0.750
93000,0.334,0.002,0.664
93500,0.347,0.000,0.653
94000,0.366,0.000,0.634
94500,0.290,0.000,0.710
95000,0.278,0.003,0.719
95500,0.316,0.000,0.684
96000,0.309,0.000,0.691
96500,0.243,0.016,0.741
97000,0.338,0.000,0.662
97500,0.361,0.003,0.636
98000,0.397,0.002,0.601
98500,0.359,0.005,0.636
99000,0.383,0.007,0.610
99500,0.282,0.000,0.718
100000,0.337,0.000,0.663
100500,0.312,0.000,0.688
101000,0.348,0.000,0.652
101500,0.311,0.004,0.685
102000,0.301,0.000,0.699
102500,0.372,0.001,0.627
103000,0.313,0.000,0.687
103500,0.414,0.014,0.572
104000,0.278,0.004,0.718
104500,0.396,0.009,0.595
105000,0.334,0.002,0.664
105500,0.334,0.001,0.665
106000,0.293,0.011,0.696
106500,0.281,0.007,0.712
107000,0.284,0.015,0.701
107500,0.308,0.007,0.685
108000,0.357,0.000,0.643
108500,0.286,0.012,0.702
109000,0.388,0.000,0.612
109500,0.366,0.009,0.625
110000,0.331,0.007,0.662
110500,0.358,0.011,0.631
111000,0.344,0.003,0.653
111500,0.444,0.000,0.556
112000,0.359,0.006,0.635
112500,0.342,0.000,0.658
113000,0.292,0.009,0.699
113500,0.363,0.002,0.635
114000,0.324,0.016,0.660
114500,0.304,0.002,0.694
115000,0.329,0.007,0.664
115500,0.310,0.022,0.668
116000,0.295,0.004,0.701
116500,0.283,0.015,0.702
117000,0.246,0.017,0.737
117500,0.222,0.031,0.747
118000,0.296,0.016,0.688
118500,0.368,0.002,0.630
119000,0.333,0.002,0.665
119500,0.316,0.002,0.682
120000,0.268,0.010,0.722
120500,0.256,0.017,0.727
121000,0.269,0.016,0.715
121500,0.296,0.008,0.696
122000,0.321,0.006,0.673
122500,0.306,0.002,0.692
123000,0.356,0.000,0.644
123500,0.301,0.017,0.682
124000,0.334,0.000,0.666
124500,0.349,0.007,0.644
125000,0.327,0.001,0.672
125500,0.372,0.000,0.628
126000,0.310,0.002,0.688
126500,0.366,0.007,0.627
127000,0.354,0.003,0.643
127500,0.284,0.000,0.716
128000,0.343,0.009,0.648
128500,0.285,0.000,0.715
129000,0.294,0.014,0.692
129500,0.303,0.005,0.692
130000,0.383,0.000,0.617
130500,0.387,0.000,0.613
131000,0.296,0.007,0.697
131500,0.302,0.008,0.690
132000,0.402,0.001,0.597
132500,0.417,0.008,0.575
133000,0.348,0.004,0.648
133500,0.359,0.002,0.639
134000,0.305,0.008,0.687
134500,0.386,0.001,0.613
135000,0.437,0.000,0.563
135500,0.406,0.002,0.592
136000,0.335,0.000,0.665
136500,0.284,0.000,0.716
137000,0.261,0.014,0.725
137500,0.236,0.019,0.745
138000,0.257,0.021,0.722
138500,0.292,0.007,0.701
139000,0.365,0.009,0.626
139500,0.357,0.007,0.636
140000,0.351,0.001,0.648
140500,0.308,0.003,0.689
141000,0.344,0.000,0.656
141500,0.349,0.000,0.651
142000,0.418,0.000,0.582
142500,0.396,0.000,0.604
143000,0.321,0.004,0.675
143500,0.327,0.007,0.666
144000,0.315,0.000,0.685
144500,0.250,0.013,0.737
145000,0.184,0.053,0.763
145500,0.227,0.030,0.743
146000,0.192,0.052,0.756
146500,0.209,0.011,0.780
147000,0.245,0.031,0.724
147500,0.288,0.003,0.709
148000,0.345,0.018,0.637
148500,0.295,0.007,0.698
149000,0.305,0.010,0.685
149500,0.370,0.011,0.619
150000,0.315,0.002,0.683
150500,0.333,0.004,0.663
151000,0.331,0.001,0.668
151500,0.319,0.001,0.680
152000,0.270,0.005,0.725
152500,0.300,0.006,0.694
153000,0.253,0.004,0.743
153500,0.233,0.021,0.746
154000,0.284,0.019,0.697
154500,0.352,0.002,0.646
155000,0.293,0.002,0.705
155500,0.294,0.011,0.695
156000,0.328,0.001,0.671
156500,0.351,0.002,0.647
157000,0.371,0.000,0.629
157500,0.392,0.000,0.608
158000,0.420,0.000,0.580
158500,0.399,0.000,0.601
159000,0.346,0.000,0.654
159500,0.338,0.005,0.657
160000,0.324,0.019,0.657
160500,0.277,0.006,0.717
161000,0.335,0.002,0.663
161500,0.313,0.000,0.687
162000,0.365,0.001,0.634
162500,0.345,0.009,0.646
163000,0.366,0.000,0.634
163500,0.393,0.000,0.607
164000,0.356,0.000,0.644
164500,0.378,0.011,0.611
165000,0.413,0.001,0.586
165500,0.272,0.004,0.724
166000,0.312,0.003,0.685
166500,0.349,0.000,0.651
167000,0.340,0.008,0.652
167500,0.332,0.005,0.663
168000,0.335,0.000,0.665
168500,0.346,0.000,0.654
169000,0.375,0.000,0.625
169500,0.338,0.000,0.662
170000,0.340,0.004,0.656
170500,0.415,0.000,0.585
171000,0.330,0.010,0.660
171500,0.299,0.012,0.689
172000,0.305,0.001,0.694
172500,0.275,0.024,0.701
173000,0.306,0.002,0.692
173500,0.385,0.000,0.615
174000,0.433,0.000,0.567
174500,0.341,0.009,0.650
175000,0.354,0.008,0.638
175500,0.429,0.006,0.565
176000,0.321,0.005,0.674
176500,0.256,0.012,0.732
177000,0.314,0.004,0.682
177500,0.360,0.004,0.636
178000,0.316,0.004,0.680
178500,0.360,0.003,0.637
179000,0.365,0.003,0.632
179500,0.375,0.003,0.622
180000,0.405,0.000,0.595
180500,0.410,0.002,0.588
181000,0.456,0.000,0.544
181500,0.394,0.000,0.606
182000,0.377,0.000,0.623
182500,0.321,0.004,0.675
183000,0.356,0.000,0.644
183500,0.363,0.001,0.636
184000,0.318,0.000,0.682
184500,0.295,0.004,0.701
185000,0.345,0.008,0.647
185500,0.315,0.008,0.677
186000,0.336,0.008,0.656
186500,0.323,0.007,0.670
187000,0.339,0.002,0.659
187500,0.309,0.004,0.687
188000,0.394,0.000,0.606
188500,0.330,0.003,0.667
189000,0.379,0.001,0.620
189500,0.355,0.002,0.643
190000,0.332,0.002,0.666
190500,0.374,0.001,0.625
191000,0.313,0.000,0.687
191500,0.343,0.000,0.657
192000,0.278,0.000,0.722
192500,0.300,0.001,0.699
193000,0.288,0.000,0.712
193500,0.373,0.000,0.627
194000,0.398,0.001,0.601
194500,0.363,0.000,0.637
195000,0.351,0.005,0.644
195500,0.311,0.002,0.687
196000,0.268,0.014,0.718
196500,0.305,0.008,0.687
197000,0.277,0.009,0.714
197500,0.223,0.006,0.771
198000,0.228,0.004,0.768
198500,0.330,0.005,0.665
199000,0.288,0.003,0.709
199500,0.379,0.001,0.620
200000,0.400,0.008,0.592
200500,0.373,0.001,0.626
201000,0.365,0.006,0.629
201500,0.358,0.005,0.637
202000,0.326,0.004,0.670
202500,0.291,0.005,0.704
203000,0.339,0.000,0.661
203500,0.369,0.000,0.631
204000,0.355,0.000,0.645
204500,0.343,0.000,0.657
205000,0.375,0.004,0.621
205500,0.317,0.006,0.677
206000,0.278,0.015,0.707
206500,0.271,0.001,0.728
207000,0.219,0.029,0.752
207500,0.183,0.036,0.781
208000,0.218,0.009,0.773
208500,0.311,0.015,0.674
209000,0.308,0.012,0.680
209500,0.356,0.012,0.632
210000,0.283,0.000,0.717
210500,0.281,0.005,0.714
211000,0.239,0.006,0.755
211500,0.241,0.009,0.750
212000,0.248,0.005,0.747
212500,0.350,0.008,0.642
213000,0.347,0.002,0.651
213500,0.433,0.000,0.567
214000,0.354,0.006,0.640
214500,0.250,0.000,0.750
215000,0.346,0.006,0.648
215500,0.294,0.000,0.706
216000,0.260,0.018,0.722
216500,0.259,0.011,0.730
217000,0.275,0.001,0.724
217500,0.286,0.013,0.701
218000,0.247,0.013,0.740
218500,0.325,0.000,0.675
219000,0.304,0.003,0.693
219500,0.298,0.000,0.702
220000,0.346,0.006,0.648
220500,0.349,0.005,0.646
221000,0.387,0.000,0.613
221500,0.340,0.008,0.652
222000,0.330,0.014,0.656
222500,0.317,0.008,0.675
223000,0.336,0.001,0.663
223500,0.344,0.000,0.656
224000,0.322,0.004,0.674
224500,0.314,0.008,0.678
225000,0.262,0.008,0.730
225500,0.231,0.013,0.756
226000,0.298,0.007,0.695
226500,0.267,0.017,0.716
227000,0.285,0.009,0.706
227500,0.279,0.002,0.719
228000,0.270,0.005,0.725
228500,0.291,0.006,0.703
229000,0.303,0.005,0.692
229500,0.349,0.009,0.642
230000,0.324,0.008,0.668
230500,0.331,0.000,0.669
231000,0.344,0.000,0.656
231500,0.348,0.000,0.652
232000,0.327,0.000,0.673
232500,0.358,0.005,0.637
233000,0.265,0.006,0.729
233500,0.283,0.024,0.693
234000,0.292,0.021,0.687
234500,0.294,0.013,0.693
235000,0.308,0.011,0.681
235500,0.315,0.000,0.685
236000,0.336,0.005,0.659
236500,0.318,0.000,0.682
237000,0.299,0.002,0.699
237500,0.371,0.000,0.629
238000,0.394,0.008,0.598
238500,0.335,0.016,0.649
239000,0.294,0.012,0.694
239500,0.367,0.003,0.630
240000,0.350,0.000,0.650
240500,0.369,0.003,0.628
241000,0.394,0.000,0.606
241500,0.366,0.007,0.627
242000,0.288,0.011,0.701
242500,0.262,0.008,0.730
243000,0.240,0.015,0.745
243500,0.331,0.009,0.660
244000,0.286,0.010,0.704
244500,0.350,0.001,0.649
245000,0.356,0.011,0.633
245500,0.399,0.002,0.599
246000,0.349,0.000,0.651
246500,0.370,0.002,0.628
247000,0.330,0.010,0.660
247500,0.345,0.001,0.654
248000,0.333,0.000,0.667
248500,0.299,0.006,0.695
249000,0.281,0.009,0.710
249500,0.297,0.001,0.702
250000,0.337,0.000,0.663
250500,0.332,0.005,0.663
251000,0.322,0.005,0.673
251500,0.269,0.000,0.731
252000,0.320,0.014,0.666
252500,0.317,0.002,0.681
253000,0.309,0.016,0.675
253500,0.272,0.016,0.712
254000,0.273,0.008,0.719
254500,0.238,0.005,0.757
255000,0.217,0.039,0.744
255500,0.221,0.026,0.753
256000,0.227,0.015,0.758
256500,0.280,0.015,0.705
257000,0.327,0.014,0.659
257500,0.357,0.001,0.642
258000,0.311,0.012,0.677
258500,0.283,0.002,0.715
259000,0.263,0.010,0.727
259500,0.308,0.002,0.690
260000,0.213,0.011,0.776
260500,0.274,0.012,0.714
261000,0.288,0.013,0.699
261500,0.310,0.003,0.687
262000,0.322,0.003,0.675
262500,0.299,0.003,0.698
263000,0.339,0.005,0.656
263500,0.387,0.000,0.613
264000,0.291,0.002,0.707
264500,0.345,0.000,0.655
265000,0.384,0.000,0.616
265500,0.379,0.002,0.619
266000,0.313,0.000,0.687
266500,0.277,0.019,0.704
267000,0.325,0.003,0.672
267500,0.396,0.001,0.603
268000,0.411,0.007,0.582
268500,0.349,0.000,0.651
269000,0.290,0.002,0.708
269500,0.337,0.009,0.654
270000,0.371,0.002,0.627
270500,0.388,0.007,0.605
271000,0.395,0.003,0.602
271500,0.325,0.000,0.675
272000,0.311,0.000,0.689
272500,0.287,0.018,0.695
273000,0.309,0.006,0.685
273500,0.281,0.025,0.694
274000,0.286,0.016,0.698
274500,0.332,0.007,0.661
275000,0.377,0.002,0.621
275500,0.345,0.000,0.655
276000,0.347,0.005,0.648
276500,0.369,0.000,0.631
277000,0.441,0.000,0.559
277500,0.359,0.000,0.641
278000,0.311,0.016,0.673
278500,0.351,0.000,0.649
279000,0.325,0.006,0.669
279500,0.392,0.000,0.608
280000,0.351,0.000,0.649
280500,0.362,0.004,0.634
281000,0.313,0.003,0.684
281500,0.328,0.004,0.668
282000,0.412,0.006,0.582
282500,0.364,0.000,0.636
283000,0.356,0.000,0.644
283500,0.353,0.007,0.640
284000,0.260,0.006,0.734
284500,0.242,0.013,0.745
285000,0.281,0.009,0.710
285500,0.308,0.026,0.666
286000,0.272,0.004,0.724
286500,0.308,0.005,0.687
287000,0.351,0.000,0.649
287500,0.434,0.004,0.562
288000,0.387,0.000,0.613
288500,0.335,0.003,0.662
289000,0.371,0.000,0.629
289500,0.359,0.000,0.641
290000,0.289,0.006,0.705
290500,0.351,0.014,0.635
291000,0.330,0.003,0.667
291500,0.331,0.000,0.669
292000,0.292,0.010,0.698
292500,0.332,0.000,0.668
293000,0.305,0.005,0.690
293500,0.325,0.014,0.661
294000,0.292,0.009,0.699
294500,0.348,0.003,0.649
295000,0.371,0.006,0.623
295500,0.308,0.000,0.692
296000,0.345,0.000,0.655
296500,0.315,0.010,0.675
297000,0.434,0.001,0.565
297500,0.404,0.000,0.596
298000,0.384,0.001,0.615
298500,0.353,0.005,0.642
299000,0.342,0.012,0.646
299500,0.355,0.001,0.644
300000,0.382,0.000,0.618
300500,0.418,0.000,0.582
301000,0.432,0.000,0.568
301500,0.356,0.000,0.644
302000,0.399,0.005,0.596
302500,0.431,0.000,0.569
303000,0.459,0.000,0.541
303500,0.449,0.000,0.551
304000,0.382,0.003,0.615
304500,0.422,0.000,0.578
305000,0.384,0.000,0.616
305500,0.416,0.000,0.584
306000,0.398,0.000,0.602
306500,0.339,0.005,0.656
307000,0.401,0.005,0.594
307500,0.339,0.001,0.660
308000,0.347,0.032,0.621
308500,0.305,0.008,0.687
309000,0.301,0.000,0.699
309500,0.326,0.006,0.668
310000,0.425,0.000,0.575
310500,0.402,0.000,0.598
311000,0.341,0.000,0.659
311500,0.345,0.002,0.653
312000,0.390,0.007,0.603
312500,0.354,0.000,0.646
313000,0.287,0.016,0.697
313500,0.320,0.002,0.678
314000,0.324,0.015,0.661
314500,0.311,0.001,0.688
315000,0.345,0.002,0.653
315500,0.279,0.005,0.716
316000,0.290,0.007,0.703
316500,0.393,0.010,0.597
317000,0.410,0.001,0.589
317500,0.359,0.000,0.641
318000,0.250,0.004,0.746
318500,0.245,0.024,0.731
319000,0.252,0.021,0.727
319500,0.281,0.024,0.695
320000,0.292,0.015,0.693
320500,0.345,0.004,0.651
321000,0.352,0.000,0.648
321500,0.330,0.005,0.665
322000,0.295,0.002,0.703
322500,0.286,0.005,0.709
323000,0.328,0.001,0.671
323500,0.284,0.005,0.711
324000,0.237,0.005,0.758
324500,0.289,0.027,0.684
325000,0.315,0.004,0.681
325500,0.329,0.000,0.671
326000,0.312,0.015,0.673
326500,0.317,0.008,0.675
327000,0.302,0.008,0.690
327500,0.354,0.002,0.644
328000,0.317,0.015,0.668
328500,0.226,0.017,0.757
329000,0.245,0.017,0.738
329500,0.258,0.029,0.713
330000,0.290,0.007,0.703
330500,0.332,0.003,0.665
331000,0.325,0.016,0.659
331500,0.345,0.009,0.646
332000,0.292,0.011,0.697
332500,0.340,0.011,0.649
333000,0.278,0.008,0.714
333500,0.316,0.008,0.676
334000,0.321,0.007,0.672
334500,0.309,0.005,0.686
335000,0.228,0.032,0.740
335500,0.180,0.054,0.766
336000,0.239,0.032,0.729
336500,0.258,0.015,0.727
337000,0.289,0.007,0.704
337500,0.296,0.008,0.696
338000,0.328,0.015,0.657
338500,0.341,0.009,0.650
339000,0.321,0.010,0.669
339500,0.327,0.009,0.664
340000,0.277,0.000,0.723
340500,0.286,0.007,0.707
341000,0.283,0.014,0.703
341500,0.263,0.007,0.730
342000,0.259,0.029,0.712
342500,0.299,0.014,0.687
343000,0.289,0.013,0.698
343500,0.331,0.006,0.663
344000,0.335,0.007,0.658
344500,0.398,0.000,0.602
345000,0.391,0.003,0.606
345500,0.344,0.000,0.656
346000,0.329,0.009,0.662
346500,0.342,0.003,0.655
347000,0.355,0.006,0.639
347500,0.314,0.008,0.678
348000,0.308,0.002,0.690
348500,0.252,0.006,0.742
349000,0.290,0.011,0.699
349500,0.312,0.002,0.686
350000,0.361,0.000,0.639
350500,0.341,0.008,0.651
351000,0.281,0.010,0.709
351500,0.295,0.002,0.703
352000,0.329,0.000,0.671
352500,0.403,0.000,0.597
353000,0.352,0.000,0.648
353500,0.350,0.006,0.644
354000,0.298,0.006,0.696
354500,0.322,0.030,0.648
355000,0.276,0.019,0.705
355500,0.293,0.012,0.695
356000,0.313,0.015,0.672
356500,0.297,0.004,0.699
357000,0.263,0.004,0.733
357500,0.200,0.018,0.782
358000,0.247,0.027,0.726
358500,0.196,0.023,0.781
359000,0.208,0.026,0.766
359500,0.277,0.017,0.706
360000,0.385,0.002,0.613
360500,0.340,0.005,0.655
361000,0.378,0.000,0.622
361500,0.462,0.000,0.538
362000,0.345,0.000,0.655
362500,0.251,0.007,0.742
363000,0.334,0.007,0.659
363500,0.325,0.008,0.667
364000,0.290,0.013,0.697
364500,0.332,0.001,0.667
365000,0.335,0.002,0.663
365500,0.381,0.008,0.611
366000,0.341,0.005,0.654
366500,0.329,0.014,0.657
367000,0.311,0.007,0.682
367500,0.342,0.000,0.658
368000,0.319,0.016,0.665
368500,0.335,0.006,0.659
369000,0.332,0.002,0.666
369500,0.266,0.005,0.729
370000,0.259,0.016,0.725
370500,0.239,0.015,0.746
371000,0.193,0.032,0.775
371500,0.253,0.013,0.734
372000,0.295,0.007,0.698
372500,0.314,0.010,0.676
373000,0.373,0.005,0.622
373500,0.301,0.004,0.695
374000,0.346,0.002,0.652
374500,0.325,0.000,0.675
375000,0.285,0.001,0.714
375500,0.282,0.006,0.712
376000,0.322,0.007,0.671
376500,0.338,0.002,0.660
377000,0.370,0.000,0.630
377500,0.392,0.000,0.608
378000,0.341,0.003,0.656
378500,0.333,0.009,0.658
379000,0.387,0.001,0.612
379500,0.303,0.022,0.675
380000,0.371,0.005,0.624
380500,0.446,0.001,0.553
381000,0.398,0.000,0.602
381500,0.294,0.007,0.699
382000,0.263,0.007,0.730
382500,0.350,0.001,0.649
383000,0.310,0.012,0.678
383500,0.307,0.011,0.682
384000,0.283,0.013,0.704
384500,0.308,0.000,0.692
385000,0.306,0.006,0.688
385500,0.340,0.000,0.660
386000,0.351,0.000,0.649
386500,0.353,0.003,0.644
387000,0.359,0.009,0.632
387500,0.299,0.010,0.691
388000,0.250,0.014,0.736
388500,0.271,0.004,0.725
389000,0.307,0.004,0.689
389500,0.368,0.001,0.631
390000,0.406,0.001,0.593
390500,0.321,0.002,0.677
391000,0.362,0.008,0.630
391500,0.314,0.007,0.679
392000,0.344,0.009,0.647
392500,0.346,0.010,0.644
393000,0.325,0.006,0.669
393500,0.314,0.009,0.677
394000,0.311,0.010,0.679
394500,0.323,0.011,0.666
395000,0.280,0.007,0.713
395500,0.372,0.003,0.625
396000,0.352,0.009,0.639
396500,0.395,0.004,0.601
397000,0.331,0.007,0.662
397500,0.341,0.008,0.651
398000,0.372,0.002,0.626
398500,0.283,0.030,0.687
399000,0.290,0.012,0.698
399500,0.261,0.014,0.725
400000,0.357,0.009,0.634
400500,0.365,0.003,0.632
401000,0.310,0.014,0.676
401500,0.286,0.010,0.704
402000,0.212,0.013,0.775
402500,0.330,0.001,0.669
403000,0.265,0.003,0.732
403500,0.337,0.000,0.663
404000,0.310,0.004,0.686
404500,0.331,0.000,0.669
405000,0.273,0.009,0.718
405500,0.318,0.005,0.677
406000,0.296,0.006,0.698
406500,0.289,0.008,0.703
407000,0.336,0.001,0.663
407500,0.441,0.000,0.559
408000,0.337,0.006,0.657
408500,0.295,0.000,0.705
409000,0.299,0.001,0.700
409500,0.285,0.006,0.709
410000,0.254,0.008,0.738
410500,0.248,0.014,0.738
411000,0.280,0.014,0.706
411500,0.299,0.014,0.687
412000,0.313,0.002,0.685
412500,0.293,0.005,0.702
413000,0.277,0.014,0.709
413500,0.273,0.006,0.721
414000,0.354,0.001,0.645
414500,0.276,0.002,0.722
415000,0.313,0.006,0.681
415500,0.287,0.009,0.704
416000,0.300,0.011,0.689
416500,0.316,0.005,0.679
417000,0.306,0.009,0.685
417500,0.265,0.002,0.733
418000,0.327,0.002,0.671
418500,0.375,0.004,0.621
419000,0.381,0.000,0.619
419500,0.368,0.000,0.632
420000,0.367,0.003,0.630
420500,0.396,0.000,0.604
421000,0.308,0.001,0.691
421500,0.302,0.003,0.695
422000,0.315,0.000,0.685
422500,0.290,0.017,0.693
423000,0.261,0.021,0.718
423500,0.274,0.005,0.721
424000,0.285,0.008,0.707
424500,0.309,0.001,0.690
425000,0.353,0.003,0.644
425500,0.414,0.000,0.586
426000,0.420,0.009,0.571
426500,0.339,0.003,0.658
427000,0.306,0.004,0.690
427500,0.395,0.001,0.604
428000,0.399,0.000,0.601
428500,0.363,0.005,0.632
429000,0.414,0.000,0.586
429500,0.392,0.008,0.600
430000,0.387,0.000,0.613
430500,0.352,0.004,0.644
431000,0.296,0.002,0.702
431500,0.302,0.001,0.697
432000,0.290,0.010,0.700
432500,0.269,0.004,0.727
433000,0.346,0.008,0.646
433500,0.359,0.001,0.640
434000,0.294,0.013,0.693
434500,0.271,0.007,0.722
435000,0.305,0.019,0.676
435500,0.306,0.006,0.688
436000,0.321,0.000,0.679
436500,0.276,0.007,0.717
437000,0.355,0.003,0.642
437500,0.337,0.001,0.662
438000,0.326,0.000,0.674
438500,0.349,0.001,0.650
439000,0.337,0.001,0.662
439500,0.342,0.002,0.656
440000,0.323,0.007,0.670
440500,0.386,0.001,0.613
441000,0.418,0.000,0.582
441500,0.373,0.011,0.616
442000,0.353,0.008,0.639
442500,0.304,0.009,0.687
443000,0.297,0.002,0.701
443500,0.225,0.020,0.755
444000,0.304,0.009,0.687
444500,0.411,0.000,0.589
445000,0.363,0.000,0.637
445500,0.346,0.000,0.654
446000,0.307,0.004,0.689
446500,0.292,0.002,0.706
447000,0.289,0.000,0.711
447500,0.303,0.006,0.691
448000,0.373,0.005,0.622
448500,0.338,0.002,0.660
449000,0.320,0.002,0.678
449500,0.389,0.000,0.611
450000,0.338,0.008,0.654
450500,0.361,0.005,0.634
451000,0.380,0.002,0.618
451500,0.307,0.008,0.685
452000,0.253,0.015,0.732
452500,0.300,0.003,0.697
453000,0.345,0.008,0.647
453500,0.361,0.017,0.622
454000,0.339,0.009,0.652
454500,0.279,0.004,0.717
455000,0.279,0.002,0.719
455500,0.372,0.000,0.628
456000,0.378,0.000,0.622
456500,0.355,0.000,0.645
457000,0.403,0.000,0.597
457500,0.389,0.000,0.611
458000,0.292,0.000,0.708
458500,0.299,0.003,0.698
459000,0.359,0.003,0.638
459500,0.364,0.000,0.636
460000,0.328,0.000,0.672
460500,0.312,0.003,0.685
461000,0.302,0.002,0.696
461500,0.361,0.000,0.639
462000,0.299,0.005,0.696
462500,0.316,0.001,0.683
463000,0.285,0.008,0.707
463500,0.368,0.002,0.630
464000,0.377,0.016,0.607
464500,0.415,0.001,0.584
465000,0.375,0.000,0.625
465500,0.383,0.002,0.615
466000,0.442,0.000,0.558
466500,0.367,0.000,0.633
467000,0.335,0.009,0.656
467500,0.272,0.007,0.721
468000,0.254,0.006,0.740
468500,0.322,0.017,0.661
469000,0.436,0.000,0.564
469500,0.421,0.000,0.579
470000,0.467,0.000,0.533
470500,0.380,0.000,0.620
471000,0.396,0.000,0.604
471500,0.376,0.004,0.620
472000,0.330,0.000,0.670
472500,0.365,0.000,0.635
473000,0.293,0.009,0.698
473500,0.314,0.004,0.682
474000,0.344,0.001,0.655
474500,0.390,0.000,0.610
475000,0.371,0.000,0.629
475500,0.321,0.003,0.676
476000,0.370,0.007,0.623
476500,0.339,0.008,0.653
477000,0.335,0.004,0.661
477500,0.320,0.011,0.669
478000,0.307,0.008,0.685
478500,0.323,0.005,0.672
479000,0.382,0.000,0.618
479500,0.328,0.003,0.669
480000,0.311,0.013,0.676
480500,0.366,0.000,0.634
481000,0.337,0.005,0.658
481500,0.351,0.001,0.648
482000,0.331,0.003,0.666
482500,0.259,0.011,0.730
483000,0.324,0.008,0.668
483500,0.285,0.005,0.710
484000,0.253,0.001,0.746
484500,0.342,0.000,0.658
485000,0.380,0.000,0.620
485500,0.328,0.000,0.672
486000,0.361,0.002,0.637
486500,0.306,0.001,0.693
487000,0.337,0.000,0.663
487500,0.390,0.000,0.610
488000,0.322,0.003,0.675
488500,0.329,0.004,0.667
489000,0.293,0.004,0.703
489500,0.277,0.001,0.722
490000,0.271,0.005,0.724
490500,0.259,0.025,0.716
491000,0.310,0.008,0.682
491500,0.378,0.000,0.622
492000,0.336,0.000,0.664
492500,0.313,0.002,0.685
493000,0.343,0.000,0.657
493500,0.366,0.002,0.632
494000,0.356,0.000,0.644
494500,0.362,0.000,0.638
495000,0.398,0.000,0.602
495500,0.387,0.001,0.612
496000,0.352,0.001,0.647
496500,0.346,0.006,0.648
497000,0.268,0.014,0.718
497500,0.316,0.006,0.678
498000,0.317,0.000,0.683
498500,0.291,0.025,0.684
499000,0.360,0.007,0.633
499500,0.324,0.002,0.674
500000,0.271,0.001,0.728
500500,0.257,0.021,0.722
501000,0.323,0.002,0.675
501500,0.322,0.005,0.673
502000,0.349,0.003,0.648
502500,0.429,0.001,0.570
503000,0.337,0.000,0.663
503500,0.296,0.000,0.704
504000,0.324,0.000,0.676
504500,0.406,0.009,0.585
505000,0.236,0.002,0.762
505500,0.301,0.004,0.695
506000,0.315,0.008,0.677
506500,0.340,0.000,0.660
507000,0.233,0.011,0.756
507500,0.271,0.003,0.726
508000,0.284,0.007,0.709
508500,0.278,0.014,0.708
509000,0.291,0.000,0.709
509500,0.343,0.007,0.650
510000,0.349,0.003,0.648
510500,0.398,0.012,0.590
511000,0.395,0.009,0.596
511500,0.371,0.001,0.628
512000,0.376,0.000,0.624
512500,0.317,0.003,0.680
513000,0.281,0.015,0.704
513500,0.333,0.006,0.661
514000,0.322,0.022,0.656
514500,0.327,0.010,0.663
515000,0.375,0.005,0.620
515500,0.385,0.003,0.612
516000,0.417,0.003,0.580
516500,0.419,0.007,0.574
517000,0.290,0.000,0.710
517500,0.252,0.019,0.729
518000,0.293,0.009,0.698
518500,0.282,0.007,0.711
519000,0.382,0.002,0.616
519500,0.337,0.000,0.663
520000,0.348,0.008,0.644
520500,0.373,0.006,0.621
521000,0.337,0.000,0.663
521500,0.294,0.000,0.706
522000,0.301,0.010,0.689
522500,0.302,0.002,0.696
523000,0.327,0.005,0.668
523500,0.272,0.001,0.727
524000,0.308,0.001,0.691
524500,0.291,0.013,0.696
525000,0.316,0.003,0.681
525500,0.235,0.007,0.758
526000,0.237,0.038,0.725
526500,0.230,0.014,0.756
527000,0.266,0.003,0.731
527500,0.249,0.006,0.745
528000,0.324,0.008,0.668
528500,0.446,0.004,0.550
529000,0.426,0.000,0.574
529500,0.395,0.000,0.605
530000,0.351,0.010,0.639
530500,0.333,0.002,0.665
531000,0.416,0.005,0.579
531500,0.382,0.000,0.618
532000,0.334,0.000,0.666
532500,0.240,0.023,0.737
533000,0.271,0.011,0.718
533500,0.280,0.006,0.714
534000,0.287,0.014,0.699
534500,0.224,0.014,0.762
535000,0.277,0.014,0.709
535500,0.305,0.009,0.686
536000,0.347,0.002,0.651
536500,0.484,0.001,0.515
537000,0.325,0.000,0.675
537500,0.330,0.000,0.670
538000,0.328,0.002,0.670
538500,0.465,0.000,0.535
539000,0.377,0.006,0.617
539500,0.346,0.006,0.648
540000,0.358,0.000,0.642
540500,0.283,0.009,0.708
541000,0.335,0.012,0.653
541500,0.370,0.008,0.622
542000,0.397,0.000,0.603
542500,0.374,0.005,0.621
543000,0.336,0.000,0.664
543500,0.411,0.000,0.589
544000,0.448,0.000,0.552
544500,0.475,0.001,0.524
545000,0.327,0.000,0.673
545500,0.304,0.000,0.696
546000,0.273,0.026,0.701
546500,0.261,0.013,0.726
547000,0.303,0.018,0.679
547500,0.280,0.033,0.687
548000,0.273,0.004,0.723
548500,0.334,0.000,0.666
549000,0.319,0.000,0.681
549500,0.293,0.001,0.706
550000,0.341,0.006,0.653
550500,0.323,0.001,0.676
551000,0.284,0.012,0.704
551500,0.252,0.003,0.745
552000,0.327,0.009,0.664
552500,0.303,0.005,0.692
553000,0.289,0.005,0.706
553500,0.280,0.016,0.704
554000,0.298,0.009,0.693
554500,0.319,0.009,0.672
555000,0.323,0.000,0.677
555500,0.312,0.000,0.688
556000,0.321,0.008,0.671
556500,0.375,0.001,0.624
557000,0.335,0.000,0.665
557500,0.275,0.015,0.710
558000,0.288,0.012,0.700
558500,0.305,0.000,0.695
559000,0.419,0.000,0.581
559500,0.341,0.000,0.659
560000,0.332,0.000,0.668
560500,0.328,0.000,0.672
561000,0.267,0.020,0.713
561500,0.297,0.009,0.694
562000,0.346,0.000,0.654
562500,0.384,0.003,0.613
563000,0.286,0.000,0.714
563500,0.316,0.007,0.677
564000,0.339,0.015,0.646
564500,0.300,0.001,0.699
565000,0.309,0.007,0.684
565500,0.322,0.006,0.672
566000,0.295,0.015,0.690
566500,0.348,0.004,0.648
567000,0.228,0.014,0.758
567500,0.271,0.006,0.723
568000,0.305,0.020,0.675
568500,0.331,0.005,0.664
569000,0.347,0.010,0.643
569500,0.403,0.000,0.597
570000,0.323,0.002,0.675
570500,0.293,0.009,0.698
571000,0.427,0.003,0.570
571500,0.397,0.000,0.603
572000,0.426,0.006,0.568
572500,0.407,0.000,0.593
573000,0.309,0.020,0.671
573500,0.238,0.001,0.761
574000,0.301,0.012,0.687
574500,0.348,0.004,0.648
575000,0.334,0.003,0.663
575500,0.373,0.000,0.627
576000,0.380,0.002,0.618
576500,0.339,0.000,0.661
577000,0.362,0.000,0.638
577500,0.264,0.021,0.715
578000,0.280,0.006,0.714
578500,0.251,0.014,0.735
579000,0.295,0.007,0.698
579500,0.415,0.001,0.584
580000,0.363,0.000,0.637
580500,0.362,0.004,0.634
581000,0.351,0.012,0.637
581500,0.305,0.007,0.688
582000,0.275,0.020,0.705
582500,0.259,0.009,0.732
583000,0.281,0.011,0.708
583500,0.362,0.003,0.635
584000,0.351,0.007,0.642
584500,0.361,0.000,0.639
585000,0.360,0.004,0.636
585500,0.396,0.000,0.604
586000,0.362,0.000,0.638
586500,0.333,0.002,0.665
587000,0.313,0.001,0.686
587500,0.303,0.014,0.683
588000,0.273,0.014,0.713
588500,0.259,0.011,0.730
589000,0.304,0.007,0.689
589500,0.274,0.011,0.715
590000,0.237,0.013,0.750
590500,0.224,0.015,0.761
591000,0.303,0.013,0.684
591500,0.261,0.001,0.738
592000,0.282,0.017,0.701
592500,0.323,0.009,0.668
593000,0.311,0.011,0.678
593500,0.459,0.001,0.540
594000,0.371,0.001,0.628
594500,0.359,0.000,0.641
595000,0.363,0.002,0.635
595500,0.317,0.009,0.674
596000,0.313,0.009,0.678
596500,0.368,0.001,0.631
597000,0.365,0.000,0.635
597500,0.412,0.012,0.576
598000,0.411,0.002,0.587
598500,0.354,0.004,0.642
599000,0.356,0.007,0.637
599500,0.298,0.000,0.702
600000,0.303,0.006,0.691
600500,0.381,0.000,0.619
601000,0.417,0.000,0.583
601500,0.406,0.000,0.594
602000,0.328,0.018,0.654
602500,0.342,0.015,0.643
603000,0.316,0.003,0.681
603500,0.321,0.000,0.679
604000,0.273,0.015,0.712
604500,0.302,0.010,0.688
605000,0.315,0.006,0.679
605500,0.306,0.011,0.683
606000,0.204,0.001,0.795
606500,0.310,0.009,0.681
607000,0.309,0.005,0.686
607500,0.273,0.004,0.723
608000,0.311,0.005,0.684
608500,0.314,0.009,0.677
609000,0.313,0.001,0.686
609500,0.326,0.000,0.674
610000,0.291,0.012,0.697
610500,0.309,0.011,0.680
611000,0.343,0.001,0.656
611500,0.264,0.019,0.717
612000,0.210,0.040,0.750
612500,0.259,0.024,0.717
613000,0.259,0.029,0.712
613500,0.289,0.012,0.699
614000,0.277,0.018,0.705
614500,0.320,0.007,0.673
615000,0.347,0.000,0.653
615500,0.293,0.008,0.699
616000,0.362,0.000,0.638
616500,0.275,0.009,0.716
617000,0.371,0.002,0.627
617500,0.323,0.011,0.666
618000,0.346,0.000,0.654
618500,0.342,0.002,0.656
619000,0.316,0.006,0.678
619500,0.349,0.005,0.646
620000,0.343,0.004,0.653
620500,0.254,0.006,0.740
621000,0.305,0.008,0.687
621500,0.338,0.003,0.659
622000,0.315,0.000,0.685
622500,0.354,0.001,0.645
623000,0.326,0.001,0.673
623500,0.359,0.002,0.639
624000,0.279,0.000,0.721
624500,0.313,0.007,0.680
625000,0.300,0.009,0.691
625500,0.293,0.009,0.698
626000,0.275,0.001,0.724
626500,0.282,0.021,0.697
627000,0.334,0.001,0.665
627500,0.318,0.003,0.679
628000,0.315,0.002,0.683
628500,0.266,0.001,0.733
629000,0.300,0.007,0.693
629500,0.375,0.007,0.618
630000,0.436,0.000,0.564
630500,0.418,0.000,0.582
631000,0.434,0.000,0.566
631500,0.380,0.000,0.620
632000,0.324,0.000,0.676
632500,0.322,0.002,0.676
633000,0.288,0.008,0.704
633500,0.287,0.009,0.704
634000,0.320,0.020,0.660
634500,0.320,0.000,0.680
635000,0.334,0.034,0.632
635500,0.287,0.003,0.710
636000,0.292,0.001,0.707
636500,0.358,0.000,0.642
637000,0.334,0.000,0.666
637500,0.310,0.003,0.687
638000,0.283,0.007,0.710
638500,0.293,0.007,0.700
639000,0.294,0.007,0.699
639500,0.356,0.004,0.640
640000,0.378,0.004,0.618
640500,0.328,0.002,0.670
641000,0.379,0.000,0.621
641500,0.322,0.007,0.671
642000,0.353,0.003,0.644
642500,0.367,0.003,0.630
643000,0.360,0.006,0.634
643500,0.307,0.000,0.693
644000,0.347,0.007,0.646
644500,0.340,0.008,0.652
645000,0.276,0.002,0.722
645500,0.302,0.002,0.696
646000,0.345,0.005,0.650
646500,0.382,0.008,0.610
647000,0.358,0.009,0.633
647500,0.360,0.001,0.639
648000,0.388,0.004,0.608
648500,0.368,0.002,0.630
649000,0.362,0.002,0.636
649500,0.299,0.007,0.694
650000,0.280,0.014,0.706
650500,0.294,0.000,0.706
651000,0.296,0.005,0.699
651500,0.337,0.010,0.653
652000,0.346,0.012,0.642
652500,0.417,0.001,0.582
653000,0.335,0.008,0.657
653500,0.344,0.003,0.653
654000,0.414,0.003,0.583
654500,0.327,0.014,0.659
655000,0.272,0.008,0.720
655500,0.321,0.008,0.671
656000,0.432,0.002,0.566
656500,0.365,0.000,0.635
657000,0.326,0.000,0.674
657500,0.330,0.008,0.662
658000,0.356,0.012,0.632
658500,0.355,0.000,0.645
659000,0.294,0.000,0.706
659500,0.360,0.005,0.635
660000,0.358,0.006,0.636
660500,0.291,0.016,0.693
661000,0.286,0.008,0.706
661500,0.217,0.025,0.758
662000,0.269,0.022,0.709
662500,0.373,0.016,0.611
663000,0.306,0.011,0.683
663500,0.260,0.025,0.715
664000,0.308,0.002,0.690
664500,0.372,0.002,0.626
665000,0.327,0.011,0.662
665500,0.367,0.001,0.632
666000,0.364,0.002,0.634
666500,0.417,0.000,0.583
667000,0.351,0.000,0.649
667500,0.313,0.000,0.687
668000,0.345,0.000,0.655
668500,0.370,0.000,0.630
669000,0.314,0.001,0.685
669500,0.315,0.019,0.666
670000,0.277,0.014,0.709
670500,0.386,0.001,0.613
671000,0.397,0.000,0.603
671500,0.388,0.008,0.604
672000,0.308,0.007,0.685
672500,0.263,0.018,0.719
673000,0.273,0.008,0.719
673500,0.254,0.021,0.725
674000,0.354,0.000,0.646
674500,0.331,0.010,0.659
675000,0.327,0.003,0.670
675500,0.287,0.008,0.705
676000,0.302,0.004,0.694
676500,0.342,0.000,0.658
677000,0.359,0.000,0.641
677500,0.332,0.002,0.666
678000,0.394,0.000,0.606
678500,0.372,0.003,0.625
679000,0.342,0.000,0.658
679500,0.372,0.000,0.628
680000,0.332,0.009,0.659
680500,0.385,0.002,0.613
681000,0.347,0.000,0.653
681500,0.366,0.001,0.633
682000,0.429,0.000,0.571
682500,0.315,0.000,0.685
683000,0.356,0.000,0.644
683500,0.308,0.012,0.680
684000,0.253,0.010,0.737
684500,0.319,0.006,0.675
685000,0.343,0.000,0.657
685500,0.334,0.008,0.658
686000,0.260,0.015,0.725
686500,0.282,0.001,0.717
687000,0.300,0.000,0.700
687500,0.320,0.013,0.667
688000,0.324,0.005,0.671
688500,0.361,0.001,0.638
689000,0.361,0.001,0.638
689500,0.324,0.002,0.674
690000,0.313,0.009,0.678
690500,0.363,0.008,0.629
691000,0.388,0.002,0.610
691500,0.342,0.000,0.658
692000,0.327,0.005,0.668
692500,0.276,0.012,0.712
693000,0.352,0.004,0.644
693500,0.339,0.005,0.656
694000,0.339,0.000,0.661
694500,0.319,0.006,0.675
695000,0.324,0.016,0.660
695500,0.294,0.010,0.696
696000,0.296,0.006,0.698
696500,0.340,0.001,0.659
697000,0.315,0.000,0.685
697500,0.390,0.000,0.610
698000,0.352,0.002,0.646
698500,0.252,0.005,0.743
699000,0.268,0.006,0.726
699500,0.290,0.009,0.701
700000,0.300,0.020,0.680
700500,0.322,0.007,0.671
701000,0.359,0.010,0.631
701500,0.361,0.007,0.632
702000,0.342,0.001,0.657
702500,0.337,0.002,0.661
703000,0.300,0.001,0.699
703500,0.301,0.004,0.695
704000,0.307,0.012,0.681
704500,0.318,0.008,0.674
705000,0.360,0.007,0.633
705500,0.410,0.000,0.590
706000,0.359,0.000,0.641
706500,0.293,0.002,0.705
707000,0.359,0.003,0.638
707500,0.335,0.004,0.661
708000,0.333,0.000,0.667
708500,0.259,0.026,0.715
709000,0.301,0.001,0.698
709500,0.320,0.003,0.677
710000,0.340,0.008,0.652
710500,0.383,0.001,0.616
711000,0.396,0.000,0.604
711500,0.285,0.001,0.714
712000,0.366,0.001,0.633
712500,0.258,0.014,0.728
713000,0.249,0.006,0.745
713500,0.296,0.020,0.684
714000,0.253,0.014,0.733
714500,0.274,0.021,0.705
715000,0.287,0.014,0.699
715500,0.234,0.024,0.742
716000,0.233,0.016,0.751
716500,0.267,0.018,0.715
717000,0.266,0.020,0.714
717500,0.290,0.013,0.697
718000,0.348,0.018,0.634
718500,0.308,0.000,0.692
719000,0.283,0.011,0.706
719500,0.244,0.008,0.748
720000,0.207,0.033,0.760
720500,0.294,0.007,0.699
721000,0.371,0.000,0.629
721500,0.375,0.001,0.624
722000,0.356,0.000,0.644
722500,0.268,0.007,0.725
723000,0.303,0.027,0.670
723500,0.299,0.004,0.697
724000,0.223,0.021,0.756
724500,0.244,0.013,0.743
725000,0.348,0.003,0.649
725500,0.387,0.000,0.613
726000,0.352,0.000,0.648
726500,0.325,0.010,0.665
727000,0.374,0.007,0.619
727500,0.310,0.012,0.678
728000,0.346,0.005,0.649
728500,0.271,0.018,0.711
729000,0.248,0.002,0.750
729500,0.270,0.001,0.729
730000,0.289,0.010,0.701
730500,0.314,0.004,0.682
731000,0.309,0.001,0.690
731500,0.374,0.007,0.619
732000,0.426,0.000,0.574
732500,0.297,0.000,0.703
733000,0.391,0.000,0.609
733500,0.344,0.000,0.656
734000,0.293,0.015,0.692
734500,0.255,0.021,0.724
735000,0.250,0.029,0.721
735500,0.259,0.006,0.735
736000,0.263,0.019,0.718
736500,0.356,0.005,0.639
737000,0.311,0.008,0.681
737500,0.369,0.000,0.631
738000,0.341,0.009,0.650
738500,0.278,0.021,0.701
739000,0.331,0.005,0.664
739500,0.281,0.010,0.709
740000,0.246,0.030,0.724
740500,0.280,0.029,0.691
741000,0.339,0.016,0.645
741500,0.265,0.010,0.725
742000,0.333,0.002,0.665
742500,0.367,0.000,0.633
743000,0.375,0.000,0.625
743500,0.296,0.000,0.704
744000,0.266,0.009,0.725
744500,0.293,0.005,0.702
745000,0.402,0.006,0.592
745500,0.416,0.011,0.573
746000,0.367,0.000,0.633
746500,0.299,0.006,0.695
747000,0.375,0.005,0.620
747500,0.355,0.003,0.642
748000,0.324,0.000,0.676
748500,0.334,0.002,0.664
749000,0.329,0.003,0.668
749500,0.262,0.028,0.710
750000,0.314,0.006,0.680
750500,0.357,0.015,0.628
751000,0.340,0.012,0.648
751500,0.363,0.003,0.634
752000,0.361,0.000,0.639
752500,0.384,0.002,0.614
753000,0.356,0.010,0.634
753500,0.353,0.000,0.647
754000,0.348,0.000,0.652
754500,0.335,0.000,0.665
755000,0.339,0.000,0.661
755500,0.385,0.000,0.615
756000,0.387,0.004,0.609
756500,0.395,0.001,0.604
757000,0.306,0.007,0.687
757500,0.365,0.001,0.634
758000,0.437,0.000,0.563
758500,0.374,0.000,0.626
759000,0.309,0.004,0.687
759500,0.303,0.009,0.688
760000,0.295,0.013,0.692
760500,0.317,0.002,0.681
761000,0.367,0.001,0.632
761500,0.391,0.000,0.609
762000,0.378,0.000,0.622
762500,0.353,0.009,0.638
763000,0.380,0.001,0.619
763500,0.312,0.023,0.665
764000,0.276,0.014,0.710
764500,0.266,0.013,0.721
765000,0.327,0.006,0.667
765500,0.293,0.011,0.696
766000,0.259,0.000,0.741
766500,0.379,0.000,0.621
767000,0.411,0.002,0.587
767500,0.420,0.002,0.578
768000,0.351,0.006,0.643
768500,0.282,0.002,0.716
769000,0.309,0.006,0.685
769500,0.314,0.007,0.679
770000,0.330,0.011,0.659
770500,0.286,0.010,0.704
771000,0.329,0.005,0.666
771500,0.285,0.006,0.709
772000,0.229,0.003,0.768
772500,0.259,0.002,0.739
773000,0.281,0.019,0.700
773500,0.318,0.003,0.679
774000,0.355,0.001,0.644
774500,0.330,0.002,0.668
775000,0.249,0.008,0.743
775500,0.292,0.011,0.697
776000,0.306,0.003,0.691
776500,0.311,0.000,0.689
777000,0.271,0.003,0.726
777500,0.318,0.017,0.665
778000,0.285,0.020,0.695
778500,0.325,0.000,0.675
779000,0.348,0.006,0.646
779500,0.366,0.008,0.626
780000,0.359,0.005,0.636
780500,0.353,0.001,0.646
781000,0.302,0.007,0.691
781500,0.371,0.002,0.627
782000,0.370,0.001,0.629
782500,0.346,0.003,0.651
783000,0.374,0.001,0.625
783500,0.387,0.011,0.602
784000,0.348,0.001,0.651
784500,0.338,0.016,0.646
785000,0.358,0.000,0.642
785500,0.292,0.001,0.707
786000,0.317,0.007,0.676
786500,0.288,0.004,0.708
787000,0.310,0.006,0.684
787500,0.318,0.011,0.671
788000,0.344,0.005,0.651
788500,0.352,0.000,0.648
789000,0.293,0.020,0.687
789500,0.314,0.003,0.683
790000,0.306,0.009,0.685
790500,0.353,0.005,0.642
791000,0.310,0.002,0.688
791500,0.388,0.000,0.612
792000,0.366,0.000,0.634
792500,0.320,0.014,0.666
793000,0.436,0.002,0.562
793500,0.371,0.000,0.629
794000,0.298,0.016,0.686
794500,0.280,0.014,0.706
795000,0.360,0.000,0.640
795500,0.437,0.000,0.563
796000,0.406,0.000,0.594
796500,0.356,0.000,0.644
797000,0.363,0.008,0.629
797500,0.258,0.015,0.727
798000,0.302,0.004,0.694
798500,0.311,0.008,0.681
799000,0.305,0.005,0.690
799500,0.298,0.001,0.701
800000,0.278,0.004,0.718
800500,0.346,0.013,0.641
801000,0.305,0.006,0.689
801500,0.338,0.003,0.659
802000,0.345,0.005,0.650
802500,0.283,0.000,0.717
803000,0.286,0.023,0.691
803500,0.319,0.020,0.661
