time,n_A+p,n_B,n_AB
0,0.030,0.970,0.000
500,0.037,0.923,0.040
1000,0.032,0.913,0.055
1500,0.030,0.878,0.092
2000,0.042,0.814,0.144
2500,0.062,0.787,0.151
3000,0.055,0.739,0.206
3500,0.052,0.769,0.179
4000,0.050,0.777,0.174
4500,0.050,0.804,0.146
5000,0.042,0.824,0.134
5500,0.055,0.836,0.109
6000,0.052,0.834,0.114
6500,0.047,0.811,0.141
7000,0.045,0.804,0.151
7500,0.052,0.789,0.159
8000,0.047,0.801,0.151
8500,0.060,0.764,0.176
9000,0.074,0.754,0.171
9500,0.065,0.707,0.228
10000,0.062,0.772,0.166
10500,0.067,0.757,0.176
11000,0.055,0.769,0.176
11500,0.072,0.722,0.206
12000,0.092,0.650,0.258
12500,0.107,0.620,0.273
13000,0.114,0.610,0.275
13500,0.146,0.596,0.258
14000,0.141,0.586,0.273
14500,0.132,0.596,0.273
15000,0.141,0.573,0.285
15500,0.186,0.516,0.298
16000,0.127,0.558,0.315
16500,0.144,0.551,0.305
17000,0.161,0.536,0.303
17500,0.149,0.573,0.278
18000,0.141,0.625,0.233
18500,0.129,0.568,0.303
19000,0.151,0.541,0.308
19500,0.151,0.536,0.313
20000,0.156,0.474,0.370
20500,0.179,0.479,0.342
21000,0.144,0.548,0.308
21500,0.146,0.593,0.261
22000,0.154,0.581,0.266
22500,0.144,0.543,0.313
23000,0.159,0.566,0.275
23500,0.161,0.484,0.355
24000,0.184,0.486,0.330
24500,0.176,0.494,0.330
25000,0.166,0.526,0.308
25500,0.186,0.444,0.370
26000,0.196,0.454,0.350
26500,0.243,0.424,0.333
27000,0.236,0.422,0.342
27500,0.268,0.397,0.335
28000,0.253,0.402,0.345
28500,0.273,0.330,0.397
29000,0.261,0.365,0.375
29500,0.261,0.397,0.342
30000,0.226,0.400,0.375
30500,0.206,0.444,0.350
31000,0.199,0.481,0.320
31500,0.184,0.474,0.342
32000,0.206,0.419,0.375
32500,0.164,0.462,0.375
33000,0.174,0.494,0.333
33500,0.201,0.509,0.290
34000,0.166,0.506,0.328
34500,0.146,0.543,0.310
35000,0.176,0.509,0.315
35500,0.196,0.469,0.335
36000,0.191,0.449,0.360
36500,0.253,0.390,0.357
37000,0.213,0.400,0.387
37500,0.194,0.462,0.345
38000,0.218,0.444,0.337
38500,0.213,0.414,0.372
39000,0.273,0.367,0.360
39500,0.300,0.342,0.357
40000,0.350,0.283,0.367
40500,0.414,0.256,0.330
41000,0.387,0.256,0.357
41500,0.444,0.228,0.328
42000,0.476,0.211,0.313
42500,0.467,0.199,0.335
43000,0.484,0.156,0.360
43500,0.452,0.196,0.352
44000,0.452,0.184,0.365
44500,0.501,0.174,0.325
45000,0.543,0.132,0.325
45500,0.598,0.114,0.288
46000,0.645,0.094,0.261
46500,0.672,0.084,0.243
47000,0.695,0.060,0.246
47500,0.764,0.055,0.181
48000,0.809,0.037,0.154
48500,0.816,0.035,0.149
49000,0.819,0.027,0.154
49500,0.868,0.015,0.117
50000,0.876,0.015,0.109
50500,0.886,0.007,0.107
51000,0.883,0.007,0.109
51500,0.888,0.007,0.104
52000,0.921,0.005,0.074
52500,0.901,0.010,0.089
53000,0.861,0.010,0.129
53500,0.866,0.007,0.127
54000,0.908,0.005,0.087
54500,0.926,0.005,0.069
55000,0.940,0.000,0.060
55500,0.955,0.000,0.045
56000,0.973,0.000,0.027
56500,0.980,0.000,0.020
57000,0.983,0.000,0.017
57500,0.983,0.000,0.017
58000,0.988,0.000,0.012
58500,0.990,0.000,0.010
59000,0.990,0.000,0.010
59500,0.990,0.000,0.010
60000,0.993,0.000,0.007
60500,0.993,0.000,0.007
61000,0.990,0.000,0.010
61500,0.993,0.000,0.007
62000,0.993,0.000,0.007
62500,0.993,0.000,0.007
63000,0.993,0.000,0.007
63500,0.993,0.000,0.007
64000,0.993,0.000,0.007
64500,0.995,0.000,0.005
65000,0.998,0.000,0.002
65500,0.998,0.000,0.002
66000,0.998,0.000,0.002
66500,0.998,0.000,0.002
67000,0.998,0.000,0.002
67500,0.998,0.000,0.002
68000,0.998,0.000,0.002
68500,0.998,0.000,0.002
69000,0.998,0.000,0.002
69500,0.998,0.000,0.002
70000,0.998,0.000,0.002
70500,0.998,0.000,0.002
71000,0.993,0.000,0.007
71500,0.995,0.000,0.005
72000,1.000,0.000,0.000
