time,n_A+p,n_B,n_AB
200,0.029,0.926,0.045
400,0.029,0.888,0.083
600,0.033,0.872,0.095
800,0.033,0.822,0.145
1000,0.041,0.789,0.169
1200,0.050,0.694,0.256
1400,0.074,0.707,0.219
1600,0.128,0.587,0.285
1800,0.091,0.562,0.347
2000,0.112,0.587,0.302
2200,0.120,0.550,0.331
2400,0.107,0.545,0.347
2600,0.112,0.508,0.380
2800,0.124,0.525,0.351
3000,0.136,0.488,0.376
3200,0.145,0.483,0.372
3400,0.157,0.413,0.430
3600,0.116,0.430,0.455
3800,0.124,0.368,0.508
4000,0.128,0.426,0.446
4200,0.128,0.347,0.525
4400,0.165,0.421,0.413
4600,0.190,0.310,0.500
4800,0.198,0.244,0.558
5000,0.248,0.223,0.529
5200,0.215,0.260,0.525
5400,0.207,0.360,0.434
5600,0.128,0.384,0.488
5800,0.149,0.397,0.455
6000,0.178,0.339,0.483
6200,0.194,0.351,0.455
6400,0.273,0.339,0.388
6600,0.215,0.285,0.500
6800,0.219,0.293,0.488
7000,0.215,0.269,0.517
7200,0.252,0.293,0.455
7400,0.260,0.211,0.529
7600,0.364,0.202,0.434
7800,0.355,0.182,0.463
8000,0.417,0.112,0.471
8200,0.459,0.074,0.467
8400,0.517,0.095,0.388
8600,0.574,0.066,0.360
8800,0.583,0.033,0.384
9000,0.653,0.050,0.298
9200,0.624,0.037,0.339
9400,0.620,0.050,0.331
9600,0.612,0.045,0.343
9800,0.628,0.025,0.347
10000,0.517,0.045,0.438
10200,0.508,0.054,0.438
10400,0.537,0.074,0.388
10600,0.541,0.062,0.397
10800,0.529,0.074,0.397
11000,0.483,0.091,0.426
11200,0.537,0.066,0.397
11400,0.512,0.054,0.434
11600,0.558,0.045,0.397
11800,0.603,0.037,0.360
12000,0.624,0.091,0.285
12200,0.640,0.037,0.322
12400,0.715,0.033,0.252
12600,0.711,0.037,0.252
12800,0.744,0.008,0.248
13000,0.793,0.004,0.202
13200,0.764,0.004,0.231
13400,0.773,0.000,0.227
13600,0.822,0.012,0.165
13800,0.835,0.008,0.157
14000,0.814,0.000,0.186
14200,0.835,0.000,0.165
14400,0.777,0.008,0.215
14600,0.802,0.017,0.182
14800,0.777,0.012,0.211
15000,0.773,0.025,0.202
15200,0.769,0.012,0.219
15400,0.748,0.025,0.227
15600,0.773,0.029,0.198
15800,0.744,0.025,0.231
16000,0.773,0.012,0.215
16200,0.727,0.012,0.260
16400,0.702,0.021,0.277
16600,0.715,0.029,0.256
16800,0.707,0.025,0.269
17000,0.760,0.021,0.219
17200,0.798,0.017,0.186
17400,0.798,0.025,0.178
17600,0.793,0.008,0.198
17800,0.789,0.004,0.207
18000,0.785,0.012,0.202
18200,0.769,0.021,0.211
18400,0.781,0.012,0.207
18600,0.748,0.012,0.240
18800,0.707,0.029,0.264
19000,0.665,0.021,0.314
19200,0.645,0.033,0.322
19400,0.649,0.033,0.318
19600,0.674,0.029,0.298
19800,0.649,0.004,0.347
20000,0.690,0.021,0.289
20200,0.632,0.025,0.343
20400,0.669,0.012,0.318
20600,0.702,0.025,0.273
20800,0.657,0.012,0.331
21000,0.715,0.012,0.273
21200,0.719,0.021,0.260
21400,0.731,0.012,0.256
21600,0.711,0.017,0.273
21800,0.769,0.012,0.219
22000,0.752,0.012,0.236
22200,0.760,0.012,0.227
22400,0.789,0.004,0.207
22600,0.798,0.000,0.202
22800,0.769,0.004,0.227
23000,0.793,0.004,0.202
23200,0.777,0.025,0.198
23400,0.814,0.004,0.182
23600,0.835,0.004,0.161
23800,0.793,0.004,0.202
24000,0.760,0.012,0.227
24200,0.822,0.000,0.178
24400,0.826,0.008,0.165
24600,0.839,0.008,0.153
24800,0.814,0.008,0.178
25000,0.798,0.000,0.202
25200,0.769,0.012,0.219
25400,0.855,0.012,0.132
25600,0.814,0.008,0.178
25800,0.773,0.012,0.215
26000,0.748,0.017,0.236
26200,0.777,0.008,0.215
26400,0.793,0.033,0.174
26600,0.740,0.033,0.227
26800,0.707,0.021,0.273
27000,0.694,0.021,0.285
27200,0.736,0.029,0.236
27400,0.777,0.021,0.202
27600,0.756,0.008,0.236
27800,0.764,0.012,0.223
28000,0.740,0.025,0.236
28200,0.736,0.025,0.240
28400,0.711,0.012,0.277
28600,0.769,0.017,0.215
28800,0.711,0.004,0.285
29000,0.698,0.012,0.289
29200,0.690,0.029,0.281
29400,0.715,0.000,0.285
29600,0.793,0.017,0.190
29800,0.806,0.000,0.194
30000,0.847,0.000,0.153
30200,0.876,0.000,0.124
30400,0.876,0.000,0.124
30600,0.880,0.000,0.120
30800,0.930,0.000,0.070
31000,0.905,0.000,0.095
31200,0.930,0.000,0.070
31400,0.938,0.000,0.062
31600,0.950,0.000,0.050
31800,0.942,0.000,0.058
32000,0.963,0.000,0.037
32200,0.967,0.000,0.033
32400,0.983,0.000,0.017
32600,0.967,0.000,0.033
32800,0.975,0.000,0.025
33000,0.979,0.000,0.021
33200,0.967,0.000,0.033
33400,0.934,0.000,0.066
33600,0.930,0.000,0.070
33800,0.930,0.000,0.070
34000,0.938,0.000,0.062
34200,0.959,0.000,0.041
34400,0.975,0.000,0.025
34600,0.971,0.000,0.029
34800,0.975,0.000,0.025
35000,0.959,0.000,0.041
35200,0.971,0.000,0.029
35400,0.992,0.000,0.008
35600,0.992,0.000,0.008
35800,0.992,0.000,0.008
36000,0.992,0.000,0.008
36200,1.000,0.000,0.000
