time,n_A+p,n_B,n_AB
100,0.405,0.401,0.194
200,0.388,0.347,0.264
300,0.380,0.318,0.302
400,0.388,0.306,0.306
500,0.331,0.281,0.388
600,0.314,0.252,0.434
700,0.368,0.227,0.405
800,0.413,0.211,0.376
900,0.446,0.207,0.347
1000,0.479,0.153,0.368
1100,0.545,0.165,0.289
1200,0.537,0.165,0.298
1300,0.500,0.153,0.347
1400,0.550,0.087,0.364
1500,0.583,0.095,0.322
1600,0.657,0.083,0.260
1700,0.632,0.091,0.277
1800,0.698,0.079,0.223
1900,0.756,0.070,0.174
2000,0.760,0.054,0.186
2100,0.781,0.041,0.178
2200,0.789,0.037,0.174
2300,0.847,0.021,0.132
2400,0.831,0.025,0.145
2500,0.835,0.017,0.149
2600,0.880,0.017,0.103
2700,0.860,0.021,0.120
2800,0.884,0.017,0.099
2900,0.921,0.012,0.066
3000,0.926,0.004,0.070
3100,0.942,0.004,0.054
3200,0.959,0.004,0.037
3300,0.959,0.004,0.037
3400,0.971,0.004,0.025
3500,0.963,0.000,0.037
3600,0.963,0.000,0.037
3700,0.963,0.000,0.037
3800,0.955,0.000,0.045
3900,0.967,0.000,0.033
4000,0.955,0.000,0.045
4100,0.959,0.000,0.041
4200,0.963,0.000,0.037
4300,0.975,0.000,0.025
4400,0.979,0.000,0.021
4500,0.983,0.000,0.017
4600,0.975,0.000,0.025
4700,0.992,0.000,0.008
4800,0.992,0.000,0.008
4900,0.996,0.000,0.004
5000,1.000,0.000,0.000
