time,n_A+p,n_B,n_AB
500,0.050,0.569,0.381
1000,0.050,0.378,0.572
1500,0.057,0.184,0.759
2000,0.052,0.253,0.695
2500,0.053,0.268,0.679
3000,0.053,0.272,0.675
3500,0.050,0.335,0.615
4000,0.050,0.308,0.642
4500,0.055,0.310,0.635
5000,0.050,0.282,0.668
5500,0.050,0.331,0.619
6000,0.050,0.273,0.677
6500,0.050,0.372,0.578
7000,0.050,0.316,0.634
7500,0.050,0.293,0.657
8000,0.050,0.350,0.600
8500,0.053,0.317,0.630
9000,0.050,0.368,0.582
9500,0.050,0.310,0.640
10000,0.050,0.409,0.541
10500,0.050,0.327,0.623
11000,0.050,0.377,0.573
11500,0.050,0.292,0.658
12000,0.050,0.408,0.542
12500,0.050,0.344,0.606
13000,0.050,0.340,0.610
13500,0.050,0.346,0.604
14000,0.050,0.408,0.542
14500,0.050,0.316,0.634
15000,0.050,0.440,0.510
15500,0.050,0.317,0.633
16000,0.050,0.271,0.679
16500,0.050,0.310,0.640
17000,0.063,0.320,0.617
17500,0.062,0.197,0.741
18000,0.181,0.084,0.735
18500,0.738,0.002,0.260
19000,0.954,0.000,0.046
19500,0.957,0.000,0.043
20000,0.999,0.000,0.001
20500,1.000,0.000,0.000
