time,n_A+p,n_B,n_AB
100,0.030,0.966,0.004
200,0.030,0.962,0.008
300,0.030,0.963,0.007
400,0.031,0.950,0.019
500,0.031,0.950,0.019
600,0.031,0.951,0.018
700,0.031,0.948,0.021
800,0.031,0.950,0.019
900,0.030,0.946,0.025
1000,0.030,0.946,0.025
1100,0.030,0.944,0.027
1200,0.030,0.940,0.031
1300,0.030,0.938,0.033
1400,0.032,0.940,0.029
1500,0.037,0.933,0.031
1600,0.035,0.930,0.036
1700,0.034,0.931,0.036
1800,0.033,0.933,0.035
1900,0.035,0.903,0.062
2000,0.035,0.909,0.056
2100,0.035,0.905,0.060
2200,0.034,0.900,0.066
2300,0.032,0.892,0.077
2400,0.033,0.890,0.078
2500,0.035,0.893,0.073
2600,0.036,0.901,0.063
2700,0.035,0.901,0.064
2800,0.035,0.900,0.065
2900,0.035,0.908,0.057
3000,0.036,0.906,0.058
3100,0.037,0.902,0.061
3200,0.037,0.905,0.058
3300,0.037,0.899,0.064
3400,0.036,0.899,0.065
3500,0.034,0.909,0.057
3600,0.034,0.910,0.056
3700,0.034,0.908,0.058
3800,0.034,0.909,0.057
3900,0.036,0.895,0.069
4000,0.038,0.895,0.067
4100,0.036,0.897,0.067
4200,0.038,0.893,0.069
4300,0.036,0.887,0.078
4400,0.035,0.865,0.100
4500,0.035,0.853,0.112
4600,0.035,0.850,0.115
4700,0.035,0.852,0.113
4800,0.038,0.855,0.107
4900,0.041,0.863,0.096
5000,0.042,0.863,0.095
5100,0.040,0.861,0.099
5200,0.042,0.855,0.103
5300,0.051,0.852,0.097
5400,0.051,0.853,0.096
5500,0.052,0.848,0.100
5600,0.050,0.849,0.101
5700,0.053,0.847,0.100
5800,0.056,0.845,0.099
5900,0.053,0.841,0.106
6000,0.052,0.842,0.106
6100,0.053,0.844,0.103
6200,0.052,0.839,0.109
6300,0.051,0.839,0.110
6400,0.047,0.841,0.112
6500,0.044,0.830,0.126
6600,0.041,0.832,0.127
6700,0.042,0.838,0.121
6800,0.043,0.832,0.125
6900,0.045,0.828,0.127
7000,0.045,0.835,0.121
7100,0.046,0.822,0.132
7200,0.051,0.829,0.120
7300,0.052,0.832,0.115
7400,0.050,0.823,0.127
7500,0.054,0.814,0.132
7600,0.052,0.818,0.130
7700,0.055,0.816,0.129
7800,0.051,0.803,0.146
7900,0.054,0.809,0.137
8000,0.053,0.817,0.130
8100,0.051,0.801,0.148
8200,0.053,0.793,0.154
8300,0.054,0.794,0.152
8400,0.052,0.802,0.146
8500,0.052,0.810,0.138
8600,0.054,0.804,0.142
8700,0.054,0.798,0.148
8800,0.055,0.800,0.145
8900,0.055,0.788,0.157
9000,0.055,0.796,0.149
9100,0.056,0.789,0.155
9200,0.057,0.787,0.156
9300,0.060,0.796,0.144
9400,0.061,0.800,0.139
9500,0.064,0.804,0.132
9600,0.064,0.805,0.131
9700,0.064,0.806,0.130
9800,0.064,0.816,0.120
9900,0.062,0.810,0.128
10000,0.059,0.809,0.132
10100,0.060,0.797,0.143
10200,0.057,0.793,0.150
10300,0.056,0.780,0.163
10400,0.055,0.789,0.156
10500,0.055,0.792,0.153
10600,0.054,0.791,0.155
10700,0.061,0.792,0.147
10800,0.061,0.795,0.144
10900,0.061,0.790,0.149
11000,0.060,0.784,0.155
11100,0.063,0.782,0.154
11200,0.066,0.784,0.149
11300,0.067,0.784,0.148
11400,0.070,0.790,0.140
11500,0.072,0.767,0.161
11600,0.067,0.774,0.158
11700,0.064,0.770,0.165
11800,0.058,0.778,0.163
11900,0.060,0.793,0.147
12000,0.061,0.794,0.145
12100,0.061,0.796,0.143
12200,0.060,0.803,0.137
12300,0.058,0.792,0.150
12400,0.065,0.792,0.143
12500,0.063,0.795,0.142
12600,0.065,0.781,0.153
12700,0.066,0.778,0.155
12800,0.062,0.774,0.163
12900,0.061,0.780,0.158
13000,0.055,0.781,0.163
13100,0.054,0.789,0.157
13200,0.054,0.792,0.154
13300,0.056,0.799,0.145
13400,0.054,0.784,0.161
13500,0.054,0.774,0.172
13600,0.054,0.779,0.166
13700,0.052,0.784,0.163
13800,0.050,0.784,0.165
13900,0.054,0.778,0.168
14000,0.059,0.769,0.172
14100,0.063,0.754,0.183
14200,0.059,0.755,0.186
14300,0.061,0.757,0.182
14400,0.066,0.746,0.188
14500,0.061,0.747,0.192
14600,0.064,0.751,0.185
14700,0.068,0.749,0.183
14800,0.067,0.739,0.194
14900,0.069,0.743,0.188
15000,0.077,0.743,0.181
15100,0.077,0.746,0.178
15200,0.069,0.751,0.180
15300,0.060,0.759,0.181
15400,0.056,0.766,0.178
15500,0.057,0.773,0.170
15600,0.056,0.769,0.175
15700,0.057,0.764,0.179
15800,0.059,0.752,0.189
15900,0.059,0.750,0.191
16000,0.062,0.747,0.191
16100,0.060,0.752,0.188
16200,0.059,0.745,0.196
16300,0.060,0.747,0.193
16400,0.064,0.736,0.199
16500,0.065,0.742,0.193
16600,0.057,0.737,0.205
16700,0.059,0.744,0.197
16800,0.060,0.748,0.192
16900,0.062,0.747,0.191
17000,0.066,0.740,0.194
17100,0.068,0.735,0.196
17200,0.061,0.734,0.204
17300,0.061,0.739,0.200
17400,0.061,0.737,0.201
17500,0.064,0.731,0.204
17600,0.068,0.736,0.195
17700,0.064,0.741,0.195
17800,0.063,0.741,0.196
17900,0.067,0.751,0.182
18000,0.069,0.751,0.180
18100,0.073,0.753,0.175
18200,0.072,0.756,0.173
18300,0.072,0.758,0.171
18400,0.072,0.756,0.173
18500,0.074,0.757,0.170
18600,0.074,0.755,0.172
18700,0.077,0.746,0.178
18800,0.075,0.744,0.182
18900,0.080,0.746,0.175
19000,0.079,0.740,0.182
19100,0.072,0.736,0.192
19200,0.074,0.721,0.205
19300,0.076,0.723,0.201
19400,0.078,0.719,0.203
19500,0.081,0.716,0.203
19600,0.075,0.705,0.221
19700,0.075,0.710,0.216
19800,0.075,0.719,0.206
19900,0.073,0.734,0.193
20000,0.073,0.731,0.196
20100,0.070,0.732,0.197
20200,0.067,0.737,0.195
20300,0.065,0.743,0.192
20400,0.069,0.740,0.191
20500,0.070,0.736,0.193
20600,0.068,0.744,0.188
20700,0.069,0.748,0.183
20800,0.072,0.760,0.169
20900,0.069,0.761,0.170
21000,0.072,0.747,0.182
21100,0.089,0.742,0.170
21200,0.087,0.730,0.183
21300,0.083,0.729,0.188
21400,0.084,0.733,0.183
21500,0.082,0.725,0.193
21600,0.079,0.731,0.190
21700,0.078,0.731,0.191
21800,0.076,0.732,0.192
21900,0.078,0.734,0.188
22000,0.077,0.737,0.186
22100,0.075,0.740,0.186
22200,0.076,0.740,0.185
22300,0.077,0.744,0.180
22400,0.073,0.749,0.179
22500,0.073,0.753,0.175
22600,0.073,0.760,0.168
22700,0.068,0.764,0.168
22800,0.066,0.758,0.176
22900,0.068,0.762,0.170
23000,0.067,0.767,0.165
23100,0.067,0.766,0.166
23200,0.073,0.767,0.160
23300,0.077,0.761,0.162
23400,0.080,0.761,0.159
23500,0.078,0.763,0.159
23600,0.083,0.762,0.155
23700,0.088,0.753,0.159
23800,0.089,0.744,0.168
23900,0.086,0.747,0.168
24000,0.087,0.747,0.166
24100,0.090,0.743,0.168
24200,0.092,0.742,0.166
24300,0.093,0.731,0.176
24400,0.092,0.726,0.182
24500,0.091,0.737,0.172
24600,0.089,0.739,0.173
24700,0.091,0.726,0.183
24800,0.088,0.728,0.184
24900,0.087,0.721,0.192
25000,0.085,0.723,0.192
25100,0.093,0.719,0.188
25200,0.096,0.719,0.185
25300,0.096,0.715,0.189
25400,0.100,0.729,0.171
25500,0.101,0.735,0.163
25600,0.096,0.720,0.184
25700,0.103,0.714,0.183
25800,0.093,0.712,0.195
25900,0.106,0.698,0.196
26000,0.112,0.695,0.193
26100,0.105,0.705,0.190
26200,0.108,0.714,0.178
26300,0.103,0.711,0.186
26400,0.100,0.721,0.179
26500,0.092,0.708,0.200
26600,0.095,0.706,0.199
26700,0.095,0.700,0.205
26800,0.092,0.695,0.213
26900,0.085,0.700,0.216
27000,0.087,0.702,0.211
27100,0.087,0.705,0.208
27200,0.083,0.719,0.198
27300,0.083,0.718,0.199
27400,0.084,0.719,0.197
27500,0.084,0.717,0.199
27600,0.086,0.712,0.202
27700,0.085,0.711,0.204
27800,0.085,0.702,0.213
27900,0.084,0.707,0.209
28000,0.086,0.709,0.205
28100,0.088,0.705,0.207
28200,0.083,0.706,0.211
28300,0.084,0.700,0.217
28400,0.089,0.702,0.209
28500,0.091,0.691,0.219
28600,0.093,0.695,0.212
28700,0.090,0.697,0.213
28800,0.086,0.703,0.211
28900,0.089,0.712,0.199
29000,0.091,0.711,0.198
29100,0.091,0.717,0.192
29200,0.095,0.712,0.193
29300,0.092,0.710,0.198
29400,0.083,0.718,0.199
29500,0.081,0.721,0.198
29600,0.084,0.725,0.191
29700,0.084,0.731,0.185
29800,0.082,0.726,0.192
29900,0.084,0.727,0.189
30000,0.082,0.745,0.174
30100,0.078,0.749,0.174
30200,0.073,0.757,0.171
30300,0.073,0.766,0.161
30400,0.068,0.768,0.163
30500,0.070,0.771,0.158
30600,0.074,0.768,0.158
30700,0.076,0.744,0.181
30800,0.076,0.731,0.193
30900,0.077,0.729,0.194
31000,0.068,0.723,0.208
31100,0.074,0.726,0.200
31200,0.075,0.715,0.210
31300,0.077,0.717,0.206
31400,0.079,0.722,0.199
31500,0.075,0.717,0.208
31600,0.073,0.717,0.210
31700,0.068,0.734,0.197
31800,0.070,0.741,0.189
31900,0.073,0.721,0.206
32000,0.069,0.761,0.170
32100,0.069,0.758,0.173
32200,0.066,0.763,0.171
32300,0.063,0.763,0.174
32400,0.062,0.771,0.166
32500,0.062,0.762,0.176
32600,0.062,0.775,0.162
32700,0.061,0.778,0.160
32800,0.060,0.783,0.156
32900,0.064,0.778,0.157
33000,0.057,0.777,0.165
33100,0.056,0.783,0.160
33200,0.052,0.789,0.159
33300,0.053,0.799,0.148
33400,0.055,0.791,0.154
33500,0.056,0.784,0.159
33600,0.056,0.789,0.155
33700,0.059,0.776,0.164
33800,0.063,0.783,0.153
33900,0.062,0.772,0.165
34000,0.059,0.785,0.155
34100,0.061,0.782,0.156
34200,0.059,0.787,0.154
34300,0.055,0.799,0.146
34400,0.051,0.797,0.152
34500,0.050,0.798,0.152
34600,0.049,0.803,0.148
34700,0.047,0.806,0.147
34800,0.050,0.803,0.147
34900,0.049,0.811,0.140
35000,0.049,0.814,0.137
35100,0.049,0.809,0.142
35200,0.049,0.813,0.138
35300,0.051,0.801,0.148
35400,0.052,0.812,0.136
35500,0.051,0.807,0.142
35600,0.051,0.802,0.147
35700,0.049,0.796,0.155
35800,0.049,0.803,0.148
35900,0.050,0.803,0.147
36000,0.046,0.805,0.149
36100,0.048,0.809,0.143
36200,0.048,0.808,0.144
36300,0.048,0.803,0.149
36400,0.052,0.800,0.148
36500,0.054,0.804,0.142
36600,0.055,0.805,0.140
36700,0.054,0.805,0.141
36800,0.054,0.794,0.152
36900,0.055,0.793,0.152
37000,0.055,0.785,0.159
37100,0.057,0.776,0.166
37200,0.055,0.785,0.159
37300,0.054,0.783,0.162
37400,0.058,0.779,0.162
37500,0.061,0.782,0.156
37600,0.069,0.759,0.172
37700,0.061,0.756,0.183
37800,0.061,0.753,0.186
37900,0.063,0.754,0.183
38000,0.063,0.751,0.186
38100,0.064,0.758,0.178
38200,0.056,0.743,0.201
38300,0.061,0.751,0.188
38400,0.054,0.735,0.210
38500,0.061,0.735,0.203
38600,0.060,0.737,0.202
38700,0.066,0.734,0.199
38800,0.065,0.742,0.193
38900,0.065,0.746,0.189
39000,0.062,0.757,0.181
39100,0.061,0.756,0.183
39200,0.064,0.754,0.182
39300,0.064,0.744,0.192
39400,0.064,0.733,0.202
39500,0.064,0.736,0.199
39600,0.068,0.744,0.188
39700,0.064,0.743,0.193
39800,0.070,0.742,0.188
39900,0.072,0.743,0.186
40000,0.070,0.751,0.179
40100,0.070,0.729,0.200
40200,0.066,0.733,0.200
40300,0.069,0.740,0.191
40400,0.067,0.737,0.195
40500,0.068,0.733,0.198
40600,0.068,0.734,0.197
40700,0.070,0.731,0.198
40800,0.070,0.730,0.199
40900,0.067,0.716,0.217
41000,0.070,0.705,0.225
41100,0.068,0.713,0.219
41200,0.066,0.704,0.230
41300,0.068,0.716,0.216
41400,0.068,0.725,0.206
41500,0.069,0.739,0.192
41600,0.070,0.732,0.197
41700,0.073,0.719,0.208
41800,0.069,0.718,0.212
41900,0.066,0.719,0.215
42000,0.064,0.714,0.222
42100,0.069,0.716,0.215
42200,0.069,0.706,0.225
42300,0.073,0.711,0.217
42400,0.079,0.709,0.212
42500,0.072,0.715,0.213
42600,0.069,0.726,0.204
42700,0.068,0.722,0.209
42800,0.069,0.716,0.215
42900,0.069,0.723,0.207
43000,0.074,0.710,0.217
43100,0.077,0.710,0.213
43200,0.070,0.717,0.212
43300,0.072,0.712,0.217
43400,0.074,0.704,0.223
43500,0.070,0.686,0.243
43600,0.073,0.688,0.239
43700,0.072,0.693,0.236
43800,0.074,0.693,0.234
43900,0.070,0.695,0.235
44000,0.068,0.698,0.234
44100,0.074,0.704,0.223
44200,0.079,0.706,0.216
44300,0.074,0.694,0.233
44400,0.074,0.696,0.231
44500,0.074,0.702,0.225
44600,0.077,0.708,0.216
44700,0.072,0.713,0.216
44800,0.067,0.719,0.213
44900,0.062,0.714,0.224
45000,0.074,0.719,0.207
45100,0.068,0.710,0.222
45200,0.066,0.729,0.204
45300,0.063,0.726,0.210
45400,0.065,0.721,0.213
45500,0.062,0.722,0.216
45600,0.063,0.723,0.213
45700,0.064,0.720,0.216
45800,0.064,0.726,0.209
45900,0.064,0.734,0.201
46000,0.065,0.742,0.193
46100,0.062,0.742,0.196
46200,0.069,0.736,0.194
46300,0.067,0.745,0.188
46400,0.067,0.735,0.197
46500,0.070,0.726,0.203
46600,0.072,0.725,0.203
46700,0.076,0.723,0.201
46800,0.076,0.721,0.203
46900,0.075,0.719,0.206
47000,0.077,0.719,0.204
47100,0.089,0.712,0.199
47200,0.088,0.712,0.200
47300,0.085,0.702,0.213
47400,0.084,0.696,0.221
47500,0.080,0.702,0.219
47600,0.078,0.706,0.217
47700,0.079,0.705,0.217
47800,0.079,0.702,0.220
47900,0.078,0.712,0.210
48000,0.080,0.711,0.209
48100,0.078,0.718,0.204
48200,0.077,0.713,0.210
48300,0.074,0.706,0.221
48400,0.072,0.714,0.215
48500,0.074,0.718,0.208
48600,0.073,0.712,0.216
48700,0.075,0.717,0.208
48800,0.073,0.733,0.194
48900,0.073,0.715,0.212
49000,0.075,0.704,0.222
49100,0.083,0.697,0.221
49200,0.084,0.701,0.216
49300,0.084,0.695,0.222
49400,0.082,0.700,0.219
49500,0.078,0.698,0.225
49600,0.075,0.699,0.227
49700,0.072,0.711,0.218
49800,0.064,0.717,0.219
49900,0.063,0.705,0.232
50000,0.062,0.735,0.202
50100,0.066,0.728,0.205
50200,0.062,0.730,0.207
50300,0.067,0.725,0.207
50400,0.068,0.720,0.211
50500,0.076,0.719,0.205
50600,0.077,0.733,0.190
50700,0.076,0.735,0.189
50800,0.074,0.734,0.192
50900,0.076,0.734,0.190
51000,0.074,0.735,0.191
51100,0.077,0.733,0.190
51200,0.076,0.734,0.190
51300,0.075,0.735,0.190
51400,0.077,0.741,0.183
51500,0.076,0.727,0.197
51600,0.078,0.728,0.194
51700,0.078,0.731,0.191
51800,0.072,0.734,0.194
51900,0.074,0.729,0.197
52000,0.069,0.720,0.210
52100,0.073,0.731,0.196
52200,0.073,0.729,0.198
52300,0.075,0.702,0.224
52400,0.077,0.712,0.211
52500,0.083,0.710,0.207
52600,0.085,0.708,0.207
52700,0.085,0.692,0.224
52800,0.085,0.700,0.216
52900,0.092,0.707,0.201
53000,0.091,0.708,0.201
53100,0.094,0.706,0.200
53200,0.098,0.693,0.209
53300,0.095,0.694,0.211
53400,0.088,0.700,0.212
53500,0.085,0.708,0.207
53600,0.087,0.707,0.206
53700,0.084,0.698,0.219
53800,0.080,0.701,0.220
53900,0.087,0.697,0.217
54000,0.092,0.700,0.208
54100,0.096,0.689,0.215
54200,0.094,0.692,0.215
54300,0.095,0.686,0.219
54400,0.103,0.668,0.229
54500,0.102,0.680,0.218
54600,0.100,0.696,0.204
54700,0.099,0.683,0.218
54800,0.099,0.698,0.203
54900,0.104,0.692,0.204
55000,0.098,0.687,0.215
55100,0.097,0.670,0.233
55200,0.108,0.667,0.225
55300,0.108,0.667,0.225
55400,0.100,0.664,0.236
55500,0.103,0.653,0.244
55600,0.115,0.647,0.238
55700,0.113,0.641,0.245
55800,0.117,0.636,0.246
55900,0.112,0.642,0.245
56000,0.110,0.656,0.234
56100,0.117,0.651,0.232
56200,0.113,0.652,0.235
56300,0.112,0.659,0.229
56400,0.108,0.654,0.238
56500,0.113,0.648,0.239
56600,0.106,0.657,0.237
56700,0.105,0.654,0.241
56800,0.109,0.652,0.239
56900,0.109,0.662,0.229
57000,0.106,0.674,0.220
57100,0.104,0.669,0.227
57200,0.104,0.662,0.234
57300,0.103,0.650,0.247
57400,0.111,0.645,0.244
57500,0.111,0.646,0.243
57600,0.113,0.640,0.246
57700,0.106,0.637,0.256
57800,0.113,0.634,0.252
57900,0.107,0.631,0.261
58000,0.111,0.633,0.255
58100,0.120,0.641,0.239
58200,0.111,0.649,0.240
58300,0.107,0.650,0.243
58400,0.102,0.652,0.246
58500,0.097,0.648,0.255
58600,0.100,0.653,0.247
58700,0.104,0.657,0.239
58800,0.100,0.657,0.243
58900,0.099,0.646,0.255
59000,0.106,0.631,0.263
59100,0.109,0.632,0.258
59200,0.104,0.633,0.263
59300,0.106,0.629,0.265
59400,0.112,0.615,0.273
59500,0.110,0.627,0.263
59600,0.109,0.640,0.250
59700,0.114,0.634,0.251
59800,0.114,0.629,0.256
59900,0.120,0.630,0.250
60000,0.123,0.639,0.238
60100,0.122,0.636,0.242
60200,0.121,0.638,0.241
60300,0.117,0.644,0.239
60400,0.116,0.642,0.241
60500,0.115,0.624,0.260
60600,0.123,0.627,0.250
60700,0.129,0.620,0.251
60800,0.135,0.617,0.248
60900,0.136,0.613,0.251
61000,0.127,0.608,0.266
61100,0.129,0.617,0.254
61200,0.122,0.615,0.264
61300,0.125,0.619,0.256
61400,0.128,0.631,0.241
61500,0.128,0.618,0.254
61600,0.125,0.615,0.260
61700,0.125,0.617,0.258
61800,0.131,0.614,0.255
61900,0.130,0.615,0.255
62000,0.135,0.629,0.236
62100,0.132,0.626,0.242
62200,0.131,0.647,0.223
62300,0.125,0.647,0.229
62400,0.118,0.637,0.244
62500,0.123,0.630,0.247
62600,0.125,0.645,0.231
62700,0.121,0.638,0.241
62800,0.112,0.646,0.242
62900,0.120,0.641,0.239
63000,0.124,0.630,0.246
63100,0.129,0.630,0.241
63200,0.130,0.638,0.232
63300,0.129,0.632,0.239
63400,0.124,0.637,0.239
63500,0.117,0.639,0.243
63600,0.114,0.640,0.245
63700,0.115,0.651,0.234
63800,0.112,0.653,0.235
63900,0.110,0.642,0.247
64000,0.103,0.664,0.233
64100,0.107,0.653,0.240
64200,0.107,0.656,0.237
64300,0.104,0.657,0.239
64400,0.111,0.635,0.253
64500,0.114,0.621,0.265
64600,0.120,0.631,0.249
64700,0.116,0.637,0.246
64800,0.120,0.655,0.226
64900,0.114,0.664,0.222
65000,0.110,0.665,0.225
65100,0.107,0.664,0.229
65200,0.106,0.666,0.228
65300,0.106,0.664,0.230
65400,0.104,0.666,0.230
65500,0.099,0.672,0.229
65600,0.098,0.683,0.219
65700,0.097,0.682,0.221
65800,0.094,0.678,0.228
65900,0.096,0.681,0.223
66000,0.105,0.687,0.207
66100,0.108,0.681,0.210
66200,0.108,0.677,0.215
66300,0.112,0.680,0.207
66400,0.110,0.672,0.218
66500,0.111,0.670,0.219
66600,0.110,0.674,0.216
66700,0.109,0.675,0.216
66800,0.106,0.675,0.219
66900,0.112,0.680,0.207
67000,0.118,0.686,0.195
67100,0.112,0.680,0.207
67200,0.108,0.684,0.207
67300,0.108,0.681,0.210
67400,0.110,0.680,0.209
67500,0.115,0.682,0.202
67600,0.114,0.680,0.205
67700,0.114,0.679,0.206
67800,0.114,0.678,0.207
67900,0.110,0.676,0.213
68000,0.107,0.684,0.208
68100,0.102,0.699,0.199
68200,0.102,0.707,0.191
68300,0.102,0.709,0.189
68400,0.097,0.710,0.193
68500,0.097,0.711,0.192
68600,0.104,0.710,0.186
68700,0.105,0.704,0.191
68800,0.102,0.696,0.202
68900,0.101,0.692,0.207
69000,0.105,0.670,0.225
69100,0.105,0.695,0.200
69200,0.102,0.695,0.203
69300,0.101,0.692,0.207
69400,0.102,0.696,0.202
69500,0.101,0.693,0.206
69600,0.110,0.691,0.199
69700,0.113,0.691,0.196
69800,0.108,0.687,0.204
69900,0.107,0.692,0.201
70000,0.112,0.697,0.191
70100,0.111,0.695,0.194
70200,0.110,0.687,0.202
70300,0.114,0.689,0.196
70400,0.110,0.687,0.202
70500,0.106,0.687,0.206
70600,0.106,0.689,0.204
70700,0.113,0.695,0.192
70800,0.107,0.677,0.216
70900,0.107,0.667,0.226
71000,0.108,0.663,0.229
71100,0.101,0.660,0.239
71200,0.104,0.661,0.235
71300,0.109,0.664,0.227
71400,0.113,0.662,0.225
71500,0.121,0.657,0.223
71600,0.115,0.661,0.224
71700,0.107,0.678,0.215
71800,0.108,0.685,0.206
71900,0.108,0.679,0.212
72000,0.110,0.686,0.203
72100,0.103,0.679,0.218
72200,0.105,0.675,0.220
72300,0.109,0.679,0.211
72400,0.114,0.664,0.222
72500,0.115,0.667,0.218
72600,0.113,0.673,0.213
72700,0.104,0.670,0.226
72800,0.100,0.670,0.230
72900,0.095,0.673,0.232
73000,0.097,0.672,0.231
73100,0.095,0.678,0.227
73200,0.092,0.678,0.230
73300,0.092,0.672,0.236
73400,0.099,0.676,0.225
73500,0.108,0.659,0.233
73600,0.107,0.664,0.229
73700,0.108,0.667,0.225
73800,0.103,0.680,0.217
73900,0.105,0.680,0.215
74000,0.103,0.667,0.230
74100,0.110,0.646,0.244
74200,0.115,0.655,0.230
74300,0.113,0.668,0.219
74400,0.107,0.665,0.228
74500,0.103,0.666,0.231
74600,0.105,0.673,0.222
74700,0.106,0.644,0.250
74800,0.110,0.632,0.257
74900,0.106,0.642,0.251
75000,0.112,0.647,0.241
75100,0.116,0.661,0.223
75200,0.114,0.658,0.228
75300,0.114,0.653,0.233
75400,0.125,0.652,0.224
75500,0.130,0.653,0.218
75600,0.124,0.650,0.227
75700,0.126,0.660,0.215
75800,0.122,0.650,0.229
75900,0.118,0.655,0.227
76000,0.124,0.653,0.224
76100,0.122,0.641,0.237
76200,0.117,0.642,0.240
76300,0.106,0.638,0.255
76400,0.104,0.633,0.263
76500,0.103,0.639,0.257
76600,0.106,0.624,0.270
76700,0.108,0.628,0.264
76800,0.105,0.639,0.255
76900,0.101,0.641,0.257
77000,0.094,0.635,0.271
77100,0.095,0.637,0.268
77200,0.090,0.637,0.273
77300,0.090,0.634,0.276
77400,0.090,0.633,0.277
77500,0.095,0.634,0.271
77600,0.097,0.638,0.265
77700,0.099,0.631,0.270
77800,0.100,0.641,0.258
77900,0.100,0.636,0.264
78000,0.094,0.647,0.259
78100,0.089,0.664,0.247
78200,0.089,0.665,0.246
78300,0.091,0.688,0.221
78400,0.091,0.682,0.227
78500,0.094,0.684,0.222
78600,0.097,0.684,0.219
78700,0.094,0.684,0.222
78800,0.097,0.693,0.210
78900,0.092,0.691,0.218
79000,0.091,0.691,0.219
79100,0.089,0.696,0.216
79200,0.091,0.680,0.229
79300,0.083,0.684,0.233
79400,0.084,0.691,0.226
79500,0.085,0.693,0.223
79600,0.085,0.694,0.222
79700,0.084,0.697,0.220
79800,0.080,0.698,0.223
79900,0.084,0.684,0.232
80000,0.084,0.691,0.226
80100,0.084,0.684,0.232
80200,0.084,0.680,0.236
80300,0.084,0.685,0.231
80400,0.089,0.691,0.221
80500,0.088,0.689,0.223
80600,0.085,0.678,0.237
80700,0.086,0.678,0.236
80800,0.088,0.674,0.238
80900,0.092,0.678,0.230
81000,0.090,0.685,0.225
81100,0.090,0.691,0.220
81200,0.094,0.686,0.220
81300,0.089,0.697,0.215
81400,0.089,0.707,0.204
81500,0.089,0.706,0.205
81600,0.092,0.700,0.208
81700,0.093,0.697,0.210
81800,0.092,0.705,0.203
81900,0.085,0.702,0.213
82000,0.085,0.706,0.209
82100,0.089,0.696,0.216
82200,0.092,0.710,0.198
82300,0.087,0.721,0.192
82400,0.090,0.714,0.196
82500,0.094,0.716,0.190
82600,0.093,0.717,0.190
82700,0.098,0.723,0.179
82800,0.092,0.724,0.184
82900,0.098,0.725,0.177
83000,0.097,0.722,0.181
83100,0.087,0.723,0.190
83200,0.084,0.729,0.187
83300,0.087,0.729,0.184
83400,0.084,0.733,0.183
83500,0.081,0.727,0.192
83600,0.080,0.727,0.193
83700,0.081,0.725,0.194
83800,0.078,0.713,0.209
83900,0.076,0.720,0.204
84000,0.075,0.717,0.208
84100,0.074,0.720,0.206
84200,0.078,0.716,0.206
84300,0.080,0.695,0.226
84400,0.083,0.696,0.222
84500,0.090,0.698,0.212
84600,0.092,0.705,0.203
84700,0.089,0.721,0.190
84800,0.086,0.724,0.190
84900,0.090,0.720,0.190
85000,0.089,0.718,0.193
85100,0.086,0.727,0.187
85200,0.083,0.732,0.185
85300,0.082,0.724,0.194
85400,0.085,0.722,0.193
85500,0.082,0.732,0.186
85600,0.085,0.732,0.183
85700,0.088,0.729,0.183
85800,0.085,0.715,0.200
85900,0.089,0.702,0.209
86000,0.091,0.709,0.200
86100,0.092,0.716,0.192
86200,0.089,0.720,0.191
86300,0.090,0.727,0.183
86400,0.087,0.727,0.186
86500,0.087,0.731,0.182
86600,0.084,0.740,0.177
86700,0.083,0.740,0.178
86800,0.083,0.736,0.181
86900,0.082,0.745,0.174
87000,0.087,0.740,0.174
87100,0.089,0.737,0.174
87200,0.089,0.744,0.168
87300,0.093,0.736,0.171
87400,0.094,0.727,0.179
87500,0.093,0.725,0.182
87600,0.089,0.722,0.189
87700,0.080,0.715,0.205
87800,0.084,0.721,0.195
87900,0.080,0.724,0.196
88000,0.088,0.722,0.190
88100,0.089,0.723,0.188
88200,0.089,0.714,0.197
88300,0.092,0.712,0.196
88400,0.093,0.712,0.195
88500,0.094,0.708,0.198
88600,0.095,0.716,0.189
88700,0.095,0.718,0.187
88800,0.097,0.711,0.192
88900,0.094,0.717,0.189
89000,0.090,0.730,0.180
89100,0.093,0.731,0.176
89200,0.089,0.732,0.179
89300,0.090,0.729,0.181
89400,0.086,0.733,0.181
89500,0.087,0.728,0.185
89600,0.079,0.726,0.195
89700,0.081,0.734,0.185
89800,0.079,0.732,0.189
89900,0.077,0.739,0.185
90000,0.081,0.730,0.189
90100,0.082,0.732,0.186
90200,0.080,0.725,0.195
90300,0.075,0.733,0.192
90400,0.066,0.736,0.197
90500,0.067,0.737,0.195
90600,0.070,0.744,0.186
90700,0.068,0.750,0.182
90800,0.068,0.737,0.194
90900,0.072,0.752,0.177
91000,0.074,0.755,0.172
91100,0.075,0.750,0.176
91200,0.075,0.753,0.173
91300,0.075,0.761,0.164
91400,0.074,0.758,0.169
91500,0.073,0.758,0.170
91600,0.072,0.759,0.170
91700,0.073,0.755,0.173
91800,0.070,0.750,0.180
91900,0.075,0.746,0.180
92000,0.078,0.744,0.179
92100,0.079,0.739,0.183
92200,0.080,0.736,0.184
92300,0.081,0.720,0.199
92400,0.081,0.727,0.192
92500,0.079,0.728,0.193
92600,0.070,0.732,0.197
92700,0.070,0.735,0.194
92800,0.066,0.727,0.206
92900,0.069,0.740,0.191
93000,0.068,0.741,0.191
93100,0.064,0.735,0.200
93200,0.068,0.733,0.198
93300,0.066,0.741,0.193
93400,0.066,0.741,0.193
93500,0.063,0.732,0.204
93600,0.063,0.732,0.204
93700,0.065,0.744,0.191
93800,0.067,0.737,0.195
93900,0.073,0.736,0.191
94000,0.075,0.742,0.184
94100,0.067,0.747,0.186
94200,0.068,0.747,0.185
94300,0.065,0.749,0.186
94400,0.065,0.735,0.199
94500,0.065,0.748,0.187
94600,0.064,0.755,0.181
94700,0.066,0.725,0.208
94800,0.064,0.729,0.206
94900,0.069,0.732,0.198
95000,0.067,0.733,0.199
95100,0.066,0.736,0.197
95200,0.068,0.744,0.188
95300,0.064,0.752,0.184
95400,0.066,0.742,0.192
95500,0.066,0.742,0.192
95600,0.066,0.736,0.197
95700,0.065,0.742,0.193
95800,0.068,0.745,0.187
95900,0.068,0.745,0.187
96000,0.069,0.757,0.174
96100,0.072,0.764,0.164
96200,0.070,0.762,0.168
96300,0.070,0.764,0.165
96400,0.063,0.767,0.170
96500,0.065,0.764,0.171
96600,0.068,0.761,0.171
96700,0.065,0.757,0.178
96800,0.067,0.761,0.172
96900,0.065,0.770,0.164
97000,0.067,0.769,0.163
97100,0.064,0.773,0.162
97200,0.065,0.783,0.151
97300,0.063,0.796,0.141
97400,0.057,0.801,0.142
97500,0.057,0.802,0.141
97600,0.056,0.796,0.148
97700,0.056,0.798,0.146
97800,0.055,0.800,0.145
97900,0.058,0.797,0.145
98000,0.056,0.793,0.151
98100,0.054,0.791,0.155
98200,0.054,0.800,0.146
98300,0.057,0.799,0.144
98400,0.055,0.791,0.154
98500,0.056,0.788,0.156
98600,0.061,0.788,0.151
98700,0.061,0.779,0.159
98800,0.066,0.774,0.159
98900,0.064,0.780,0.155
99000,0.064,0.778,0.157
99100,0.064,0.778,0.157
99200,0.065,0.779,0.155
99300,0.064,0.779,0.156
99400,0.064,0.787,0.149
99500,0.065,0.769,0.165
99600,0.065,0.776,0.158
99700,0.066,0.790,0.144
99800,0.067,0.792,0.141
99900,0.072,0.792,0.137
100000,0.069,0.782,0.148
