time,n_A+p,n_B,n_AB
100,0.355,0.442,0.202
200,0.310,0.376,0.314
300,0.269,0.409,0.322
400,0.248,0.479,0.273
500,0.178,0.483,0.339
600,0.161,0.483,0.355
700,0.202,0.380,0.417
800,0.211,0.331,0.459
900,0.277,0.351,0.372
1000,0.264,0.310,0.426
1100,0.273,0.331,0.397
1200,0.269,0.351,0.380
1300,0.298,0.298,0.405
1400,0.314,0.256,0.430
1500,0.281,0.260,0.459
1600,0.273,0.244,0.483
1700,0.227,0.289,0.483
1800,0.211,0.343,0.446
1900,0.236,0.401,0.364
2000,0.194,0.368,0.438
2100,0.248,0.372,0.380
2200,0.256,0.347,0.397
2300,0.223,0.326,0.450
2400,0.260,0.360,0.380
2500,0.289,0.343,0.368
2600,0.240,0.393,0.368
2700,0.248,0.421,0.331
2800,0.219,0.455,0.326
2900,0.227,0.409,0.364
3000,0.273,0.364,0.364
3100,0.277,0.384,0.339
3200,0.277,0.335,0.388
3300,0.289,0.322,0.388
3400,0.335,0.298,0.368
3500,0.372,0.256,0.372
3600,0.351,0.256,0.393
3700,0.384,0.264,0.351
3800,0.360,0.318,0.322
3900,0.310,0.335,0.355
4000,0.339,0.326,0.335
4100,0.302,0.347,0.351
4200,0.314,0.318,0.368
4300,0.322,0.293,0.384
4400,0.322,0.293,0.384
4500,0.285,0.368,0.347
4600,0.335,0.314,0.351
4700,0.318,0.310,0.372
4800,0.302,0.302,0.397
4900,0.335,0.298,0.368
5000,0.372,0.227,0.401
5100,0.409,0.219,0.372
5200,0.388,0.236,0.376
5300,0.384,0.231,0.384
5400,0.355,0.244,0.401
5500,0.339,0.264,0.397
5600,0.293,0.314,0.393
5700,0.281,0.293,0.426
5800,0.207,0.351,0.442
5900,0.219,0.397,0.384
6000,0.211,0.401,0.388
6100,0.190,0.413,0.397
6200,0.169,0.455,0.376
6300,0.190,0.463,0.347
6400,0.153,0.483,0.364
6500,0.136,0.450,0.413
6600,0.145,0.421,0.434
6700,0.182,0.446,0.372
6800,0.140,0.504,0.355
6900,0.194,0.446,0.360
7000,0.182,0.471,0.347
7100,0.244,0.393,0.364
7200,0.186,0.421,0.393
7300,0.190,0.409,0.401
7400,0.145,0.438,0.417
7500,0.223,0.421,0.355
7600,0.269,0.409,0.322
7700,0.240,0.409,0.351
7800,0.169,0.438,0.393
7900,0.215,0.421,0.364
8000,0.136,0.438,0.426
8100,0.190,0.417,0.393
8200,0.186,0.438,0.376
8300,0.198,0.450,0.351
8400,0.182,0.467,0.351
8500,0.178,0.455,0.368
8600,0.198,0.446,0.355
8700,0.153,0.467,0.380
8800,0.174,0.442,0.384
8900,0.236,0.409,0.355
9000,0.219,0.467,0.314
9100,0.178,0.483,0.339
9200,0.223,0.426,0.351
9300,0.236,0.368,0.397
9400,0.240,0.306,0.455
9500,0.293,0.302,0.405
9600,0.273,0.285,0.442
9700,0.318,0.264,0.417
9800,0.314,0.269,0.417
9900,0.318,0.223,0.459
10000,0.335,0.264,0.401
10100,0.421,0.236,0.343
10200,0.450,0.211,0.339
10300,0.459,0.178,0.364
10400,0.459,0.153,0.388
10500,0.504,0.149,0.347
10600,0.512,0.149,0.339
10700,0.488,0.178,0.335
10800,0.442,0.178,0.380
10900,0.446,0.140,0.413
11000,0.450,0.124,0.426
11100,0.500,0.091,0.409
11200,0.504,0.116,0.380
11300,0.529,0.128,0.343
11400,0.607,0.120,0.273
11500,0.583,0.153,0.264
11600,0.517,0.186,0.298
11700,0.492,0.186,0.322
11800,0.426,0.161,0.413
11900,0.500,0.120,0.380
12000,0.533,0.136,0.331
12100,0.558,0.153,0.289
12200,0.554,0.145,0.302
12300,0.550,0.128,0.322
12400,0.550,0.095,0.355
12500,0.525,0.116,0.360
12600,0.492,0.145,0.364
12700,0.504,0.182,0.314
12800,0.508,0.169,0.322
12900,0.450,0.178,0.372
13000,0.401,0.194,0.405
13100,0.380,0.223,0.397
13200,0.380,0.215,0.405
13300,0.413,0.244,0.343
13400,0.372,0.240,0.388
13500,0.372,0.211,0.417
13600,0.339,0.223,0.438
13700,0.289,0.252,0.459
13800,0.277,0.281,0.442
13900,0.285,0.306,0.409
14000,0.302,0.281,0.417
14100,0.298,0.264,0.438
14200,0.351,0.260,0.388
14300,0.293,0.269,0.438
14400,0.347,0.269,0.384
14500,0.409,0.223,0.368
14600,0.372,0.256,0.372
14700,0.347,0.240,0.413
14800,0.264,0.252,0.483
14900,0.314,0.273,0.413
15000,0.310,0.302,0.388
15100,0.331,0.269,0.401
15200,0.322,0.223,0.455
15300,0.351,0.215,0.434
15400,0.347,0.223,0.430
15500,0.335,0.207,0.459
15600,0.339,0.273,0.388
15700,0.314,0.302,0.384
15800,0.314,0.302,0.384
15900,0.322,0.331,0.347
16000,0.302,0.335,0.364
16100,0.285,0.314,0.401
16200,0.281,0.364,0.355
16300,0.289,0.351,0.360
16400,0.202,0.405,0.393
16500,0.202,0.446,0.351
16600,0.198,0.446,0.355
16700,0.190,0.463,0.347
16800,0.161,0.426,0.413
16900,0.165,0.409,0.426
17000,0.190,0.409,0.401
17100,0.149,0.471,0.380
17200,0.190,0.401,0.409
17300,0.198,0.380,0.421
17400,0.248,0.326,0.426
17500,0.293,0.306,0.401
17600,0.310,0.351,0.339
17700,0.322,0.285,0.393
17800,0.302,0.318,0.380
17900,0.289,0.347,0.364
18000,0.244,0.343,0.413
18100,0.223,0.347,0.430
18200,0.227,0.405,0.368
18300,0.215,0.421,0.364
18400,0.219,0.397,0.384
18500,0.190,0.368,0.442
18600,0.302,0.343,0.355
18700,0.281,0.322,0.397
18800,0.277,0.364,0.360
18900,0.244,0.335,0.421
19000,0.207,0.405,0.388
19100,0.240,0.351,0.409
19200,0.223,0.364,0.413
19300,0.240,0.368,0.393
19400,0.198,0.351,0.450
19500,0.219,0.355,0.426
19600,0.219,0.393,0.388
19700,0.198,0.376,0.426
19800,0.198,0.372,0.430
19900,0.178,0.388,0.434
20000,0.194,0.413,0.393
20100,0.169,0.459,0.372
20200,0.169,0.467,0.364
20300,0.174,0.508,0.318
20400,0.169,0.550,0.281
20500,0.161,0.492,0.347
20600,0.136,0.541,0.322
20700,0.157,0.537,0.306
20800,0.165,0.459,0.376
20900,0.194,0.455,0.351
21000,0.198,0.417,0.384
21100,0.248,0.364,0.388
21200,0.248,0.347,0.405
21300,0.273,0.380,0.347
21400,0.231,0.347,0.421
21500,0.260,0.318,0.421
21600,0.269,0.293,0.438
21700,0.198,0.318,0.483
21800,0.219,0.360,0.421
21900,0.260,0.326,0.413
22000,0.306,0.277,0.417
22100,0.289,0.314,0.397
22200,0.264,0.302,0.434
22300,0.231,0.376,0.393
22400,0.190,0.471,0.339
22500,0.157,0.426,0.417
22600,0.157,0.409,0.434
22700,0.190,0.405,0.405
22800,0.165,0.401,0.434
22900,0.153,0.426,0.421
23000,0.202,0.421,0.376
23100,0.186,0.434,0.380
23200,0.149,0.442,0.409
23300,0.107,0.467,0.426
23400,0.107,0.504,0.388
23500,0.161,0.467,0.372
23600,0.145,0.417,0.438
23700,0.174,0.401,0.426
23800,0.174,0.421,0.405
23900,0.174,0.438,0.388
24000,0.174,0.417,0.409
24100,0.174,0.426,0.401
24200,0.186,0.417,0.397
24300,0.236,0.388,0.376
24400,0.240,0.380,0.380
24500,0.273,0.339,0.388
24600,0.240,0.355,0.405
24700,0.264,0.306,0.430
24800,0.256,0.318,0.426
24900,0.260,0.335,0.405
25000,0.277,0.364,0.360
25100,0.264,0.326,0.409
25200,0.298,0.314,0.388
25300,0.298,0.281,0.421
25400,0.306,0.264,0.430
25500,0.335,0.269,0.397
25600,0.380,0.248,0.372
25700,0.335,0.269,0.397
25800,0.256,0.244,0.500
25900,0.207,0.273,0.521
26000,0.256,0.298,0.446
26100,0.273,0.298,0.430
26200,0.211,0.302,0.488
26300,0.256,0.310,0.434
26400,0.285,0.289,0.426
26500,0.256,0.285,0.459
26600,0.252,0.351,0.397
26700,0.248,0.318,0.434
26800,0.248,0.355,0.397
26900,0.273,0.343,0.384
27000,0.269,0.326,0.405
27100,0.273,0.306,0.421
27200,0.240,0.293,0.467
27300,0.285,0.277,0.438
27400,0.310,0.285,0.405
27500,0.293,0.298,0.409
27600,0.256,0.326,0.417
27700,0.264,0.314,0.421
27800,0.318,0.293,0.388
27900,0.298,0.306,0.397
28000,0.331,0.223,0.446
28100,0.368,0.223,0.409
28200,0.343,0.281,0.376
28300,0.355,0.281,0.364
28400,0.306,0.248,0.446
28500,0.322,0.231,0.446
28600,0.306,0.269,0.426
28700,0.277,0.277,0.446
28800,0.256,0.326,0.417
28900,0.248,0.335,0.417
29000,0.207,0.335,0.459
29100,0.256,0.289,0.455
29200,0.289,0.281,0.430
29300,0.277,0.314,0.409
29400,0.302,0.302,0.397
29500,0.277,0.314,0.409
29600,0.260,0.355,0.384
29700,0.207,0.442,0.351
29800,0.244,0.413,0.343
29900,0.231,0.409,0.360
30000,0.269,0.384,0.347
30100,0.215,0.413,0.372
30200,0.178,0.450,0.372
30300,0.186,0.430,0.384
30400,0.207,0.450,0.343
30500,0.223,0.426,0.351
30600,0.240,0.421,0.339
30700,0.207,0.459,0.335
30800,0.190,0.455,0.355
30900,0.161,0.434,0.405
31000,0.136,0.550,0.314
31100,0.161,0.537,0.302
31200,0.149,0.529,0.322
31300,0.136,0.512,0.351
31400,0.153,0.500,0.347
31500,0.174,0.496,0.331
31600,0.194,0.463,0.343
31700,0.174,0.459,0.368
31800,0.182,0.442,0.376
31900,0.178,0.434,0.388
32000,0.190,0.401,0.409
32100,0.136,0.409,0.455
32200,0.112,0.421,0.467
32300,0.149,0.455,0.397
32400,0.165,0.417,0.417
32500,0.178,0.463,0.360
32600,0.149,0.442,0.409
32700,0.161,0.450,0.388
32800,0.161,0.467,0.372
32900,0.128,0.446,0.426
33000,0.186,0.438,0.376
33100,0.202,0.417,0.380
33200,0.190,0.397,0.413
33300,0.161,0.417,0.421
33400,0.120,0.475,0.405
33500,0.099,0.479,0.421
33600,0.136,0.442,0.421
33700,0.112,0.483,0.405
33800,0.140,0.508,0.351
33900,0.140,0.512,0.347
34000,0.128,0.496,0.376
34100,0.132,0.492,0.376
34200,0.112,0.517,0.372
34300,0.079,0.558,0.364
34400,0.083,0.562,0.355
34500,0.112,0.574,0.314
34600,0.165,0.545,0.289
34700,0.140,0.562,0.298
34800,0.140,0.562,0.298
34900,0.145,0.554,0.302
35000,0.103,0.616,0.281
35100,0.103,0.603,0.293
35200,0.087,0.595,0.318
35300,0.095,0.624,0.281
35400,0.074,0.583,0.343
35500,0.095,0.579,0.326
35600,0.095,0.558,0.347
35700,0.140,0.525,0.335
35800,0.153,0.541,0.306
35900,0.136,0.504,0.360
36000,0.132,0.529,0.339
36100,0.107,0.541,0.351
36200,0.145,0.529,0.326
36300,0.186,0.475,0.339
36400,0.165,0.512,0.322
36500,0.169,0.504,0.326
36600,0.145,0.500,0.355
36700,0.140,0.512,0.347
36800,0.178,0.475,0.347
36900,0.161,0.508,0.331
37000,0.215,0.483,0.302
37100,0.202,0.479,0.318
37200,0.178,0.479,0.343
37300,0.136,0.508,0.355
37400,0.207,0.430,0.364
37500,0.207,0.459,0.335
37600,0.202,0.467,0.331
37700,0.198,0.426,0.376
37800,0.198,0.442,0.360
37900,0.174,0.475,0.351
38000,0.153,0.521,0.326
38100,0.165,0.475,0.360
38200,0.157,0.508,0.335
38300,0.161,0.504,0.335
38400,0.161,0.504,0.335
38500,0.174,0.492,0.335
38600,0.165,0.479,0.355
38700,0.128,0.488,0.384
38800,0.140,0.459,0.401
38900,0.186,0.455,0.360
39000,0.165,0.442,0.393
39100,0.190,0.504,0.306
39200,0.169,0.529,0.302
39300,0.165,0.508,0.326
39400,0.145,0.525,0.331
39500,0.136,0.541,0.322
39600,0.128,0.579,0.293
39700,0.103,0.599,0.298
39800,0.095,0.579,0.326
39900,0.083,0.566,0.351
40000,0.091,0.632,0.277
40100,0.095,0.632,0.273
40200,0.091,0.628,0.281
40300,0.132,0.624,0.244
40400,0.112,0.607,0.281
40500,0.107,0.595,0.298
40600,0.095,0.579,0.326
40700,0.128,0.558,0.314
40800,0.140,0.500,0.360
40900,0.136,0.479,0.384
41000,0.103,0.463,0.434
41100,0.116,0.475,0.409
41200,0.116,0.521,0.364
41300,0.070,0.521,0.409
41400,0.062,0.574,0.364
41500,0.070,0.583,0.347
41600,0.079,0.591,0.331
41700,0.083,0.558,0.360
41800,0.074,0.562,0.364
41900,0.140,0.537,0.322
42000,0.116,0.545,0.339
42100,0.116,0.537,0.347
42200,0.091,0.587,0.322
42300,0.116,0.537,0.347
42400,0.145,0.541,0.314
42500,0.136,0.529,0.335
42600,0.112,0.554,0.335
42700,0.136,0.570,0.293
42800,0.095,0.566,0.339
42900,0.149,0.550,0.302
43000,0.136,0.537,0.326
43100,0.120,0.541,0.339
43200,0.128,0.583,0.289
43300,0.140,0.570,0.289
43400,0.128,0.583,0.289
43500,0.083,0.570,0.347
43600,0.054,0.566,0.380
43700,0.066,0.574,0.360
43800,0.074,0.628,0.298
43900,0.070,0.678,0.252
44000,0.074,0.624,0.302
44100,0.062,0.636,0.302
44200,0.058,0.686,0.256
44300,0.054,0.682,0.264
44400,0.058,0.690,0.252
44500,0.054,0.698,0.248
44600,0.066,0.711,0.223
44700,0.050,0.702,0.248
44800,0.025,0.748,0.227
44900,0.025,0.769,0.207
45000,0.033,0.760,0.207
45100,0.021,0.785,0.194
45200,0.017,0.810,0.174
45300,0.017,0.818,0.165
45400,0.037,0.806,0.157
45500,0.025,0.798,0.178
45600,0.021,0.777,0.202
45700,0.033,0.793,0.174
45800,0.029,0.831,0.140
45900,0.037,0.814,0.149
46000,0.037,0.802,0.161
46100,0.025,0.793,0.182
46200,0.033,0.789,0.178
46300,0.033,0.822,0.145
46400,0.045,0.789,0.165
46500,0.025,0.764,0.211
46600,0.017,0.752,0.231
46700,0.012,0.744,0.244
46800,0.008,0.798,0.194
46900,0.025,0.814,0.161
47000,0.021,0.810,0.169
47100,0.029,0.843,0.128
47200,0.033,0.839,0.128
47300,0.029,0.789,0.182
47400,0.025,0.802,0.174
47500,0.041,0.826,0.132
47600,0.029,0.822,0.149
47700,0.021,0.831,0.149
47800,0.012,0.876,0.112
47900,0.012,0.893,0.095
48000,0.008,0.897,0.095
48100,0.000,0.901,0.099
48200,0.000,0.921,0.079
48300,0.000,0.942,0.058
48400,0.000,0.955,0.045
48500,0.000,0.959,0.041
48600,0.000,0.983,0.017
48700,0.000,0.983,0.017
48800,0.000,0.988,0.012
48900,0.000,0.983,0.017
49000,0.000,0.992,0.008
49100,0.000,0.996,0.004
49200,0.000,0.996,0.004
49300,0.000,0.996,0.004
49400,0.000,0.996,0.004
49500,0.000,0.996,0.004
49600,0.000,0.996,0.004
49700,0.000,0.996,0.004
49800,0.000,1.000,0.000
