time,n_A+p,n_B,n_AB
0,0.446,0.554,-0.000
500,0.302,0.293,0.405
1000,0.269,0.331,0.401
1500,0.326,0.351,0.322
2000,0.388,0.269,0.343
2500,0.285,0.335,0.380
3000,0.215,0.347,0.438
3500,0.244,0.388,0.368
4000,0.227,0.442,0.331
4500,0.165,0.529,0.306
5000,0.149,0.500,0.351
5500,0.054,0.583,0.364
6000,0.037,0.640,0.322
6500,0.025,0.789,0.186
7000,0.041,0.798,0.161
7500,0.017,0.864,0.120
8000,0.008,0.868,0.124
8500,0.025,0.843,0.132
9000,0.029,0.764,0.207
9500,0.070,0.719,0.211
10000,0.021,0.760,0.219
10500,0.008,0.810,0.182
11000,0.000,0.901,0.099
11500,0.000,0.888,0.112
12000,0.017,0.880,0.103
12500,0.017,0.897,0.087
13000,0.025,0.888,0.087
13500,0.029,0.785,0.186
14000,0.095,0.736,0.169
14500,0.037,0.752,0.211
15000,0.012,0.839,0.149
15500,0.045,0.760,0.194
16000,0.095,0.702,0.202
16500,0.066,0.686,0.248
17000,0.062,0.570,0.368
17500,0.050,0.711,0.240
18000,0.074,0.616,0.310
18500,0.074,0.674,0.252
19000,0.045,0.669,0.285
19500,0.045,0.686,0.269
20000,0.029,0.736,0.236
20500,0.008,0.736,0.256
21000,0.037,0.740,0.223
21500,0.012,0.781,0.207
22000,0.066,0.694,0.240
22500,0.070,0.624,0.306
23000,0.091,0.661,0.248
23500,0.058,0.661,0.281
24000,0.050,0.702,0.248
24500,0.058,0.661,0.281
25000,0.074,0.632,0.293
25500,0.169,0.521,0.310
26000,0.145,0.533,0.322
26500,0.161,0.512,0.326
27000,0.145,0.512,0.343
27500,0.136,0.517,0.347
28000,0.103,0.533,0.364
28500,0.087,0.645,0.269
29000,0.095,0.661,0.244
29500,0.079,0.632,0.289
30000,0.037,0.744,0.219
30500,0.037,0.702,0.260
31000,0.062,0.686,0.252
31500,0.074,0.628,0.298
32000,0.083,0.620,0.298
32500,0.029,0.731,0.240
33000,0.025,0.744,0.231
33500,0.091,0.719,0.190
34000,0.050,0.744,0.207
34500,0.033,0.698,0.269
35000,0.083,0.645,0.273
35500,0.095,0.612,0.293
36000,0.074,0.707,0.219
36500,0.050,0.657,0.293
37000,0.066,0.686,0.248
37500,0.062,0.645,0.293
38000,0.120,0.579,0.302
38500,0.103,0.554,0.343
39000,0.112,0.533,0.355
39500,0.029,0.686,0.285
40000,0.095,0.653,0.252
40500,0.054,0.669,0.277
41000,0.041,0.793,0.165
41500,0.004,0.880,0.116
42000,0.008,0.888,0.103
42500,0.004,0.930,0.066
43000,0.004,0.934,0.062
43500,0.004,0.942,0.054
44000,0.000,0.959,0.041
44500,0.012,0.938,0.050
45000,0.017,0.959,0.025
45500,0.012,0.950,0.037
46000,0.021,0.959,0.021
46500,0.017,0.921,0.062
47000,0.004,0.955,0.041
47500,0.000,0.950,0.050
48000,0.000,0.921,0.079
48500,0.000,0.963,0.037
49000,0.000,0.988,0.012
49500,0.000,0.996,0.004
50000,0.000,0.988,0.012
50500,0.000,1.000,0.000
