time,n_A+p,n_B,n_AB
100,0.030,0.957,0.013
200,0.030,0.953,0.017
300,0.030,0.924,0.047
400,0.030,0.925,0.045
500,0.030,0.912,0.058
600,0.030,0.916,0.055
700,0.030,0.913,0.057
800,0.030,0.896,0.074
900,0.031,0.882,0.087
1000,0.031,0.880,0.089
1100,0.031,0.864,0.105
1200,0.031,0.841,0.129
1300,0.030,0.825,0.145
1400,0.033,0.825,0.142
1500,0.032,0.817,0.151
1600,0.031,0.827,0.143
1700,0.030,0.832,0.137
1800,0.030,0.818,0.152
1900,0.030,0.832,0.138
2000,0.031,0.774,0.195
2100,0.031,0.758,0.210
2200,0.030,0.777,0.193
2300,0.031,0.749,0.221
2400,0.030,0.746,0.224
2500,0.030,0.729,0.241
2600,0.031,0.736,0.232
2700,0.036,0.686,0.278
2800,0.040,0.658,0.303
2900,0.038,0.655,0.307
3000,0.039,0.669,0.292
3100,0.037,0.680,0.283
3200,0.037,0.666,0.297
3300,0.035,0.665,0.300
3400,0.036,0.634,0.331
3500,0.037,0.658,0.304
3600,0.036,0.640,0.325
3700,0.034,0.640,0.327
3800,0.034,0.634,0.332
3900,0.032,0.638,0.330
4000,0.033,0.633,0.335
4100,0.033,0.633,0.334
4200,0.036,0.627,0.338
4300,0.036,0.629,0.335
4400,0.038,0.634,0.328
4500,0.036,0.615,0.350
4600,0.037,0.599,0.364
4700,0.039,0.580,0.381
4800,0.046,0.548,0.406
4900,0.045,0.570,0.384
5000,0.047,0.587,0.366
5100,0.045,0.575,0.380
5200,0.041,0.566,0.392
5300,0.039,0.586,0.375
5400,0.036,0.565,0.399
5500,0.037,0.600,0.363
5600,0.036,0.618,0.347
5700,0.034,0.628,0.338
5800,0.034,0.611,0.356
5900,0.035,0.623,0.342
6000,0.037,0.598,0.365
6100,0.037,0.577,0.386
6200,0.038,0.578,0.384
6300,0.034,0.616,0.349
6400,0.033,0.627,0.339
6500,0.035,0.634,0.331
6600,0.036,0.636,0.329
6700,0.036,0.641,0.323
6800,0.034,0.643,0.322
6900,0.033,0.664,0.304
7000,0.033,0.645,0.322
7100,0.033,0.605,0.362
7200,0.033,0.609,0.357
7300,0.033,0.620,0.346
7400,0.031,0.609,0.360
7500,0.031,0.615,0.354
7600,0.031,0.611,0.359
7700,0.032,0.614,0.354
7800,0.032,0.632,0.336
7900,0.031,0.607,0.362
8000,0.033,0.612,0.355
8100,0.033,0.614,0.353
8200,0.033,0.614,0.353
8300,0.033,0.593,0.374
8400,0.034,0.625,0.341
8500,0.033,0.655,0.312
8600,0.031,0.648,0.320
8700,0.032,0.654,0.314
8800,0.031,0.634,0.334
8900,0.031,0.648,0.320
9000,0.032,0.641,0.327
9100,0.034,0.652,0.314
9200,0.034,0.631,0.335
9300,0.035,0.605,0.360
9400,0.036,0.620,0.344
9500,0.034,0.608,0.357
9600,0.036,0.622,0.342
9700,0.036,0.617,0.347
9800,0.036,0.576,0.388
9900,0.035,0.584,0.381
10000,0.036,0.576,0.388
10100,0.035,0.565,0.400
10200,0.035,0.585,0.380
10300,0.035,0.587,0.378
10400,0.035,0.623,0.342
10500,0.033,0.619,0.348
10600,0.034,0.611,0.354
10700,0.034,0.618,0.349
10800,0.034,0.612,0.354
10900,0.034,0.580,0.386
11000,0.033,0.584,0.382
11100,0.037,0.595,0.368
11200,0.037,0.585,0.378
11300,0.037,0.595,0.368
11400,0.034,0.570,0.396
11500,0.037,0.594,0.369
11600,0.037,0.602,0.361
11700,0.039,0.590,0.371
11800,0.043,0.571,0.386
11900,0.046,0.601,0.353
12000,0.042,0.607,0.351
12100,0.038,0.609,0.352
12200,0.038,0.618,0.344
12300,0.037,0.588,0.374
12400,0.035,0.583,0.382
12500,0.036,0.561,0.404
12600,0.040,0.547,0.413
12700,0.038,0.559,0.403
12800,0.036,0.519,0.445
12900,0.036,0.516,0.448
13000,0.036,0.513,0.451
13100,0.036,0.502,0.462
13200,0.038,0.493,0.469
13300,0.038,0.497,0.464
13400,0.038,0.492,0.469
13500,0.038,0.474,0.488
13600,0.038,0.458,0.504
13700,0.040,0.467,0.493
13800,0.039,0.490,0.471
13900,0.038,0.500,0.462
14000,0.041,0.512,0.447
14100,0.040,0.538,0.422
14200,0.043,0.534,0.423
14300,0.041,0.527,0.432
14400,0.039,0.533,0.428
14500,0.037,0.532,0.431
14600,0.039,0.539,0.422
14700,0.044,0.544,0.412
14800,0.042,0.537,0.420
14900,0.042,0.544,0.413
15000,0.044,0.537,0.420
15100,0.044,0.526,0.430
15200,0.045,0.502,0.453
15300,0.048,0.478,0.474
15400,0.051,0.494,0.456
15500,0.049,0.514,0.437
15600,0.044,0.518,0.438
15700,0.044,0.495,0.461
15800,0.042,0.529,0.429
15900,0.045,0.516,0.438
16000,0.045,0.494,0.460
16100,0.044,0.478,0.478
16200,0.044,0.497,0.459
16300,0.044,0.493,0.463
16400,0.046,0.490,0.464
16500,0.047,0.497,0.456
16600,0.045,0.490,0.464
16700,0.047,0.495,0.458
16800,0.047,0.488,0.464
16900,0.050,0.471,0.478
17000,0.047,0.469,0.484
17100,0.047,0.461,0.492
17200,0.048,0.449,0.503
17300,0.049,0.449,0.502
17400,0.048,0.446,0.506
17500,0.049,0.418,0.533
17600,0.052,0.459,0.489
17700,0.052,0.493,0.455
17800,0.051,0.515,0.434
17900,0.047,0.497,0.456
18000,0.041,0.510,0.448
18100,0.043,0.500,0.457
18200,0.044,0.498,0.458
18300,0.044,0.466,0.490
18400,0.047,0.464,0.489
18500,0.045,0.510,0.445
18600,0.046,0.502,0.452
18700,0.044,0.490,0.466
18800,0.047,0.487,0.466
18900,0.046,0.483,0.471
19000,0.044,0.523,0.432
19100,0.048,0.503,0.448
19200,0.047,0.475,0.478
19300,0.046,0.464,0.490
19400,0.047,0.478,0.475
19500,0.048,0.492,0.460
19600,0.052,0.486,0.462
19700,0.053,0.474,0.473
19800,0.051,0.446,0.503
19900,0.048,0.452,0.501
20000,0.051,0.468,0.481
20100,0.050,0.441,0.509
20200,0.048,0.439,0.513
20300,0.044,0.426,0.530
20400,0.044,0.434,0.522
20500,0.042,0.464,0.494
20600,0.043,0.436,0.521
20700,0.042,0.391,0.568
20800,0.051,0.398,0.552
20900,0.048,0.401,0.551
21000,0.044,0.382,0.575
21100,0.042,0.422,0.536
21200,0.046,0.432,0.522
21300,0.045,0.472,0.483
21400,0.042,0.469,0.489
21500,0.042,0.488,0.470
21600,0.042,0.484,0.473
21700,0.042,0.486,0.472
21800,0.042,0.503,0.454
21900,0.045,0.492,0.463
22000,0.043,0.501,0.456
22100,0.044,0.505,0.452
22200,0.041,0.494,0.464
22300,0.044,0.494,0.462
22400,0.042,0.495,0.463
22500,0.044,0.496,0.460
22600,0.043,0.487,0.470
22700,0.046,0.512,0.442
22800,0.049,0.495,0.456
22900,0.049,0.464,0.487
23000,0.047,0.491,0.462
23100,0.045,0.482,0.473
23200,0.045,0.486,0.469
23300,0.042,0.495,0.463
23400,0.042,0.514,0.444
23500,0.041,0.521,0.438
23600,0.045,0.494,0.461
23700,0.044,0.467,0.488
23800,0.052,0.459,0.488
23900,0.049,0.463,0.488
24000,0.048,0.483,0.469
24100,0.049,0.473,0.478
24200,0.044,0.508,0.448
24300,0.049,0.488,0.463
24400,0.047,0.450,0.503
24500,0.045,0.465,0.490
24600,0.042,0.477,0.481
24700,0.045,0.481,0.474
24800,0.044,0.431,0.525
24900,0.045,0.454,0.501
25000,0.048,0.449,0.503
25100,0.048,0.453,0.499
25200,0.053,0.426,0.521
25300,0.057,0.440,0.503
25400,0.065,0.431,0.505
25500,0.061,0.401,0.538
25600,0.054,0.390,0.556
25700,0.054,0.399,0.547
25800,0.052,0.402,0.547
25900,0.051,0.403,0.546
26000,0.059,0.383,0.558
26100,0.052,0.399,0.549
26200,0.045,0.421,0.534
26300,0.047,0.407,0.546
26400,0.052,0.399,0.548
26500,0.057,0.404,0.539
26600,0.057,0.401,0.542
26700,0.060,0.436,0.504
26800,0.055,0.413,0.531
26900,0.059,0.403,0.538
27000,0.051,0.399,0.549
27100,0.050,0.400,0.549
27200,0.056,0.417,0.526
27300,0.053,0.436,0.511
27400,0.055,0.419,0.526
27500,0.056,0.407,0.536
27600,0.054,0.407,0.540
27700,0.052,0.408,0.540
27800,0.050,0.406,0.544
27900,0.053,0.430,0.517
28000,0.050,0.432,0.517
28100,0.051,0.434,0.515
28200,0.051,0.420,0.530
28300,0.054,0.420,0.526
28400,0.056,0.415,0.529
28500,0.054,0.405,0.541
28600,0.052,0.411,0.537
28700,0.051,0.410,0.539
28800,0.054,0.427,0.519
28900,0.053,0.420,0.527
29000,0.051,0.437,0.512
29100,0.049,0.428,0.523
29200,0.052,0.398,0.549
29300,0.049,0.399,0.552
29400,0.052,0.416,0.532
29500,0.047,0.431,0.523
29600,0.047,0.423,0.530
29700,0.048,0.424,0.528
29800,0.046,0.431,0.523
29900,0.044,0.422,0.534
30000,0.042,0.409,0.549
30100,0.042,0.407,0.550
30200,0.046,0.436,0.518
30300,0.047,0.435,0.518
30400,0.047,0.397,0.556
30500,0.045,0.391,0.563
30600,0.044,0.417,0.539
30700,0.047,0.406,0.547
30800,0.048,0.405,0.547
30900,0.049,0.405,0.546
31000,0.045,0.405,0.549
31100,0.049,0.393,0.557
31200,0.049,0.386,0.565
31300,0.047,0.378,0.575
31400,0.044,0.389,0.566
31500,0.048,0.363,0.590
31600,0.051,0.370,0.580
31700,0.051,0.380,0.569
31800,0.051,0.375,0.574
31900,0.052,0.368,0.580
32000,0.052,0.374,0.575
32100,0.049,0.387,0.564
32200,0.049,0.370,0.581
32300,0.056,0.375,0.569
32400,0.052,0.389,0.558
32500,0.052,0.409,0.540
32600,0.050,0.421,0.529
32700,0.052,0.430,0.519
32800,0.051,0.420,0.530
32900,0.052,0.423,0.524
33000,0.052,0.423,0.526
33100,0.052,0.413,0.534
33200,0.052,0.406,0.542
33300,0.052,0.420,0.528
33400,0.047,0.409,0.544
33500,0.062,0.399,0.539
33600,0.064,0.391,0.545
33700,0.059,0.370,0.571
33800,0.059,0.379,0.562
33900,0.056,0.373,0.572
34000,0.053,0.389,0.558
34100,0.052,0.395,0.552
34200,0.052,0.406,0.542
34300,0.055,0.421,0.523
34400,0.055,0.435,0.510
34500,0.054,0.424,0.523
34600,0.061,0.414,0.524
34700,0.062,0.386,0.552
34800,0.057,0.399,0.544
34900,0.058,0.391,0.551
35000,0.061,0.377,0.562
35100,0.058,0.340,0.602
35200,0.063,0.339,0.598
35300,0.063,0.352,0.586
35400,0.072,0.368,0.561
35500,0.069,0.350,0.581
35600,0.070,0.370,0.559
35700,0.069,0.390,0.541
35800,0.072,0.379,0.549
35900,0.068,0.385,0.547
36000,0.066,0.364,0.569
36100,0.076,0.383,0.541
36200,0.066,0.373,0.561
36300,0.063,0.387,0.549
36400,0.059,0.407,0.533
36500,0.054,0.403,0.542
36600,0.051,0.383,0.566
36700,0.051,0.374,0.576
36800,0.055,0.423,0.523
36900,0.050,0.408,0.542
37000,0.048,0.409,0.543
37100,0.044,0.442,0.513
37200,0.045,0.477,0.477
37300,0.044,0.488,0.469
37400,0.044,0.499,0.457
37500,0.045,0.483,0.473
37600,0.045,0.470,0.485
37700,0.045,0.462,0.494
37800,0.042,0.451,0.506
37900,0.042,0.474,0.484
38000,0.044,0.509,0.447
38100,0.041,0.522,0.437
38200,0.045,0.515,0.440
38300,0.043,0.503,0.453
38400,0.044,0.478,0.478
38500,0.041,0.458,0.501
38600,0.046,0.449,0.505
38700,0.041,0.475,0.484
38800,0.040,0.490,0.470
38900,0.037,0.505,0.458
39000,0.042,0.510,0.448
39100,0.042,0.491,0.467
39200,0.044,0.498,0.458
39300,0.047,0.508,0.446
39400,0.043,0.513,0.444
39500,0.044,0.524,0.432
39600,0.042,0.519,0.439
39700,0.038,0.502,0.459
39800,0.040,0.492,0.469
39900,0.040,0.453,0.508
40000,0.041,0.477,0.483
40100,0.041,0.447,0.512
40200,0.046,0.435,0.519
40300,0.049,0.438,0.513
40400,0.047,0.452,0.502
40500,0.045,0.470,0.485
40600,0.043,0.480,0.477
40700,0.040,0.452,0.508
40800,0.042,0.433,0.525
40900,0.041,0.448,0.510
41000,0.041,0.465,0.494
41100,0.040,0.455,0.505
41200,0.049,0.465,0.486
41300,0.045,0.478,0.477
41400,0.045,0.512,0.443
41500,0.044,0.485,0.471
41600,0.046,0.493,0.461
41700,0.042,0.502,0.456
41800,0.041,0.486,0.473
41900,0.042,0.470,0.488
42000,0.043,0.476,0.481
42100,0.043,0.481,0.476
42200,0.040,0.531,0.429
42300,0.040,0.534,0.425
42400,0.038,0.541,0.421
42500,0.041,0.522,0.437
42600,0.038,0.522,0.441
42700,0.037,0.495,0.467
42800,0.037,0.499,0.463
42900,0.037,0.519,0.444
43000,0.038,0.519,0.444
43100,0.044,0.510,0.445
43200,0.044,0.519,0.437
43300,0.045,0.519,0.437
43400,0.044,0.515,0.441
43500,0.040,0.492,0.467
43600,0.038,0.492,0.470
43700,0.038,0.512,0.449
43800,0.042,0.513,0.445
43900,0.041,0.477,0.483
44000,0.041,0.511,0.448
44100,0.040,0.501,0.459
44200,0.040,0.505,0.456
44300,0.041,0.527,0.432
44400,0.041,0.514,0.445
44500,0.043,0.515,0.442
44600,0.044,0.540,0.416
44700,0.044,0.570,0.386
44800,0.041,0.560,0.399
44900,0.040,0.554,0.406
45000,0.041,0.563,0.395
45100,0.040,0.551,0.409
45200,0.040,0.546,0.414
45300,0.040,0.540,0.421
45400,0.040,0.528,0.432
45500,0.036,0.536,0.428
45600,0.037,0.524,0.439
45700,0.037,0.528,0.435
45800,0.036,0.545,0.420
45900,0.037,0.529,0.434
46000,0.039,0.522,0.439
46100,0.039,0.519,0.442
46200,0.040,0.514,0.446
46300,0.043,0.515,0.442
46400,0.041,0.531,0.428
46500,0.039,0.509,0.452
46600,0.038,0.513,0.449
46700,0.038,0.513,0.449
46800,0.043,0.499,0.458
46900,0.045,0.485,0.470
47000,0.044,0.490,0.466
47100,0.046,0.501,0.453
47200,0.047,0.506,0.447
47300,0.046,0.493,0.461
47400,0.046,0.482,0.472
47500,0.047,0.497,0.457
47600,0.048,0.495,0.458
47700,0.048,0.484,0.468
47800,0.048,0.464,0.487
47900,0.052,0.460,0.488
48000,0.051,0.447,0.502
48100,0.049,0.425,0.526
48200,0.049,0.423,0.528
48300,0.043,0.449,0.508
48400,0.042,0.453,0.505
48500,0.044,0.435,0.522
48600,0.044,0.462,0.494
48700,0.040,0.474,0.486
48800,0.039,0.459,0.502
48900,0.041,0.478,0.481
49000,0.041,0.481,0.477
49100,0.043,0.455,0.502
49200,0.041,0.442,0.516
49300,0.041,0.455,0.504
49400,0.042,0.476,0.482
49500,0.041,0.476,0.483
49600,0.038,0.473,0.489
49700,0.039,0.484,0.477
49800,0.040,0.478,0.482
49900,0.038,0.482,0.480
50000,0.039,0.488,0.473
50100,0.041,0.454,0.505
50200,0.041,0.460,0.499
50300,0.042,0.432,0.526
50400,0.044,0.421,0.536
50500,0.042,0.427,0.531
50600,0.044,0.427,0.529
50700,0.052,0.417,0.531
50800,0.051,0.452,0.497
50900,0.050,0.460,0.490
51000,0.048,0.475,0.477
51100,0.050,0.469,0.481
51200,0.050,0.470,0.480
51300,0.049,0.457,0.494
51400,0.048,0.467,0.484
51500,0.047,0.467,0.486
51600,0.047,0.467,0.486
51700,0.045,0.481,0.474
51800,0.044,0.497,0.459
51900,0.044,0.498,0.459
52000,0.041,0.470,0.489
52100,0.040,0.471,0.489
52200,0.042,0.473,0.485
52300,0.046,0.479,0.475
52400,0.042,0.471,0.487
52500,0.045,0.438,0.517
52600,0.041,0.436,0.523
52700,0.047,0.445,0.508
52800,0.046,0.435,0.519
52900,0.047,0.450,0.503
53000,0.045,0.470,0.485
53100,0.045,0.490,0.465
53200,0.045,0.481,0.474
53300,0.043,0.453,0.503
53400,0.044,0.450,0.506
53500,0.049,0.461,0.490
53600,0.050,0.468,0.482
53700,0.050,0.472,0.478
53800,0.044,0.470,0.486
53900,0.042,0.510,0.447
54000,0.044,0.513,0.443
54100,0.045,0.546,0.409
54200,0.042,0.558,0.400
54300,0.041,0.542,0.417
54400,0.042,0.554,0.404
54500,0.042,0.561,0.397
54600,0.042,0.579,0.379
54700,0.039,0.593,0.368
54800,0.040,0.554,0.406
54900,0.040,0.542,0.418
55000,0.040,0.553,0.407
55100,0.040,0.527,0.433
55200,0.039,0.516,0.445
55300,0.038,0.508,0.453
55400,0.038,0.525,0.437
55500,0.038,0.527,0.435
55600,0.038,0.540,0.422
55700,0.042,0.508,0.450
55800,0.040,0.510,0.450
55900,0.038,0.538,0.423
56000,0.037,0.546,0.417
56100,0.038,0.545,0.417
56200,0.038,0.507,0.455
56300,0.039,0.505,0.456
56400,0.040,0.494,0.466
56500,0.043,0.527,0.430
56600,0.044,0.499,0.457
56700,0.044,0.483,0.474
56800,0.047,0.491,0.463
56900,0.044,0.497,0.460
57000,0.047,0.490,0.463
57100,0.044,0.474,0.482
57200,0.042,0.497,0.461
57300,0.045,0.510,0.444
57400,0.048,0.497,0.455
57500,0.051,0.478,0.471
57600,0.053,0.470,0.477
57700,0.049,0.468,0.483
57800,0.049,0.470,0.481
57900,0.050,0.487,0.463
58000,0.049,0.501,0.449
58100,0.043,0.491,0.466
58200,0.047,0.503,0.451
58300,0.046,0.508,0.446
58400,0.042,0.511,0.446
58500,0.043,0.484,0.473
58600,0.043,0.487,0.470
58700,0.042,0.495,0.462
58800,0.043,0.483,0.474
58900,0.042,0.501,0.456
59000,0.042,0.533,0.425
59100,0.045,0.524,0.431
59200,0.044,0.508,0.449
59300,0.043,0.488,0.469
59400,0.042,0.514,0.444
59500,0.045,0.486,0.469
59600,0.043,0.484,0.473
59700,0.042,0.483,0.475
59800,0.042,0.481,0.477
59900,0.047,0.468,0.485
60000,0.044,0.442,0.515
60100,0.050,0.474,0.476
60200,0.052,0.463,0.485
60300,0.050,0.484,0.466
60400,0.055,0.474,0.470
60500,0.055,0.470,0.475
60600,0.057,0.460,0.483
60700,0.054,0.438,0.508
60800,0.052,0.499,0.449
60900,0.048,0.526,0.425
61000,0.051,0.516,0.433
61100,0.051,0.511,0.438
61200,0.047,0.488,0.466
61300,0.047,0.504,0.449
61400,0.048,0.514,0.438
61500,0.048,0.506,0.446
61600,0.051,0.484,0.465
61700,0.048,0.486,0.466
61800,0.049,0.491,0.460
61900,0.049,0.498,0.453
62000,0.045,0.498,0.456
62100,0.045,0.486,0.469
62200,0.048,0.460,0.492
62300,0.045,0.500,0.455
62400,0.045,0.501,0.455
62500,0.044,0.517,0.439
62600,0.044,0.520,0.437
62700,0.046,0.519,0.435
62800,0.044,0.531,0.425
62900,0.043,0.523,0.434
63000,0.049,0.522,0.430
63100,0.048,0.504,0.448
63200,0.044,0.537,0.419
63300,0.043,0.526,0.431
63400,0.042,0.526,0.432
63500,0.042,0.495,0.463
63600,0.044,0.513,0.443
63700,0.046,0.494,0.460
63800,0.045,0.552,0.403
63900,0.043,0.539,0.418
64000,0.044,0.506,0.450
64100,0.042,0.497,0.460
64200,0.042,0.494,0.463
64300,0.044,0.514,0.442
64400,0.043,0.481,0.476
64500,0.041,0.474,0.485
64600,0.041,0.474,0.484
64700,0.042,0.489,0.469
64800,0.040,0.478,0.482
64900,0.041,0.502,0.457
65000,0.041,0.491,0.467
65100,0.041,0.508,0.451
65200,0.044,0.487,0.470
65300,0.044,0.463,0.494
65400,0.040,0.491,0.470
65500,0.043,0.497,0.460
65600,0.049,0.509,0.442
65700,0.046,0.501,0.453
65800,0.047,0.477,0.477
65900,0.048,0.471,0.481
66000,0.044,0.459,0.497
66100,0.044,0.455,0.501
66200,0.047,0.478,0.474
66300,0.048,0.470,0.482
66400,0.044,0.496,0.460
66500,0.047,0.501,0.452
66600,0.049,0.522,0.429
66700,0.045,0.516,0.438
66800,0.047,0.491,0.462
66900,0.045,0.481,0.473
67000,0.045,0.458,0.497
67100,0.048,0.463,0.488
67200,0.051,0.450,0.499
67300,0.046,0.464,0.490
67400,0.044,0.475,0.481
67500,0.044,0.506,0.449
67600,0.047,0.496,0.457
67700,0.045,0.504,0.451
67800,0.042,0.479,0.478
67900,0.044,0.476,0.480
68000,0.041,0.530,0.428
68100,0.040,0.536,0.424
68200,0.041,0.523,0.435
68300,0.040,0.509,0.451
68400,0.042,0.516,0.442
68500,0.041,0.530,0.430
68600,0.040,0.523,0.437
68700,0.039,0.510,0.451
68800,0.040,0.549,0.411
68900,0.038,0.526,0.435
69000,0.037,0.561,0.402
69100,0.037,0.567,0.396
69200,0.038,0.542,0.420
69300,0.036,0.535,0.429
69400,0.037,0.559,0.404
69500,0.039,0.595,0.366
69600,0.039,0.581,0.380
69700,0.037,0.583,0.380
69800,0.037,0.581,0.382
69900,0.038,0.576,0.385
70000,0.037,0.583,0.380
70100,0.038,0.616,0.346
70200,0.037,0.611,0.352
70300,0.037,0.605,0.358
70400,0.038,0.615,0.347
70500,0.037,0.573,0.391
70600,0.038,0.566,0.396
70700,0.038,0.556,0.406
70800,0.040,0.537,0.423
70900,0.040,0.550,0.410
71000,0.038,0.561,0.401
71100,0.038,0.564,0.398
71200,0.037,0.579,0.384
71300,0.037,0.577,0.386
71400,0.035,0.610,0.355
71500,0.034,0.620,0.346
71600,0.037,0.590,0.373
71700,0.035,0.579,0.386
71800,0.036,0.575,0.389
71900,0.036,0.555,0.409
72000,0.037,0.562,0.402
72100,0.039,0.557,0.404
72200,0.039,0.554,0.407
72300,0.041,0.551,0.409
72400,0.041,0.573,0.386
72500,0.037,0.571,0.392
72600,0.037,0.556,0.407
72700,0.037,0.540,0.423
72800,0.041,0.537,0.423
72900,0.045,0.506,0.448
73000,0.042,0.515,0.442
73100,0.043,0.502,0.455
73200,0.044,0.478,0.478
73300,0.041,0.468,0.491
73400,0.039,0.481,0.480
73500,0.040,0.502,0.458
73600,0.041,0.500,0.459
73700,0.044,0.445,0.511
73800,0.044,0.435,0.521
73900,0.046,0.421,0.533
74000,0.045,0.406,0.549
74100,0.047,0.410,0.543
74200,0.046,0.391,0.563
74300,0.044,0.407,0.549
74400,0.042,0.419,0.538
74500,0.044,0.424,0.533
74600,0.047,0.386,0.567
74700,0.047,0.395,0.558
74800,0.043,0.406,0.551
74900,0.044,0.423,0.533
75000,0.045,0.415,0.540
75100,0.049,0.403,0.547
75200,0.051,0.399,0.549
75300,0.051,0.425,0.524
75400,0.049,0.453,0.498
75500,0.044,0.432,0.524
75600,0.042,0.420,0.538
75700,0.042,0.414,0.543
75800,0.044,0.421,0.535
75900,0.044,0.432,0.524
76000,0.042,0.453,0.504
76100,0.044,0.482,0.474
76200,0.047,0.456,0.497
76300,0.047,0.455,0.498
76400,0.048,0.427,0.525
76500,0.049,0.399,0.552
76600,0.047,0.407,0.546
76700,0.047,0.406,0.547
76800,0.047,0.403,0.549
76900,0.047,0.384,0.569
77000,0.049,0.384,0.567
77100,0.050,0.409,0.541
77200,0.048,0.437,0.515
77300,0.048,0.428,0.524
77400,0.049,0.453,0.497
77500,0.048,0.462,0.490
77600,0.045,0.441,0.514
77700,0.045,0.456,0.499
77800,0.046,0.460,0.494
77900,0.047,0.463,0.490
78000,0.047,0.471,0.482
78100,0.045,0.478,0.476
78200,0.041,0.470,0.489
78300,0.044,0.487,0.469
78400,0.040,0.481,0.479
78500,0.044,0.483,0.473
78600,0.041,0.463,0.497
78700,0.041,0.463,0.497
78800,0.040,0.490,0.471
78900,0.039,0.487,0.474
79000,0.038,0.509,0.452
79100,0.040,0.485,0.475
79200,0.037,0.494,0.469
79300,0.039,0.505,0.456
79400,0.040,0.518,0.442
79500,0.042,0.496,0.462
79600,0.040,0.494,0.466
79700,0.041,0.499,0.460
79800,0.036,0.472,0.492
79900,0.040,0.469,0.492
80000,0.040,0.490,0.470
80100,0.038,0.524,0.437
80200,0.037,0.509,0.454
80300,0.038,0.502,0.460
80400,0.038,0.491,0.471
80500,0.037,0.478,0.485
80600,0.034,0.502,0.464
80700,0.036,0.471,0.493
80800,0.034,0.491,0.474
80900,0.035,0.494,0.471
81000,0.040,0.498,0.463
81100,0.042,0.503,0.455
81200,0.040,0.511,0.449
81300,0.040,0.498,0.462
81400,0.047,0.492,0.462
81500,0.045,0.477,0.478
81600,0.044,0.496,0.460
81700,0.042,0.495,0.462
81800,0.043,0.492,0.465
81900,0.042,0.482,0.476
82000,0.045,0.464,0.491
82100,0.044,0.490,0.467
82200,0.044,0.524,0.432
82300,0.044,0.517,0.439
82400,0.042,0.505,0.453
82500,0.041,0.531,0.428
82600,0.038,0.536,0.426
82700,0.038,0.537,0.425
82800,0.039,0.515,0.446
82900,0.042,0.491,0.467
83000,0.043,0.490,0.467
83100,0.038,0.485,0.477
83200,0.037,0.490,0.473
83300,0.038,0.471,0.491
83400,0.042,0.490,0.468
83500,0.043,0.474,0.483
83600,0.042,0.488,0.470
83700,0.042,0.467,0.491
83800,0.045,0.467,0.488
83900,0.045,0.452,0.503
84000,0.040,0.457,0.503
84100,0.039,0.450,0.511
84200,0.039,0.485,0.476
84300,0.040,0.484,0.476
84400,0.037,0.484,0.478
84500,0.037,0.485,0.477
84600,0.038,0.505,0.457
84700,0.040,0.505,0.455
84800,0.041,0.465,0.494
84900,0.038,0.460,0.502
85000,0.038,0.480,0.482
85100,0.041,0.475,0.484
85200,0.045,0.483,0.471
85300,0.044,0.460,0.496
85400,0.041,0.459,0.501
85500,0.038,0.459,0.502
85600,0.040,0.454,0.506
85700,0.038,0.469,0.493
85800,0.042,0.472,0.486
85900,0.042,0.466,0.492
86000,0.044,0.454,0.502
86100,0.042,0.459,0.499
86200,0.042,0.460,0.498
86300,0.039,0.442,0.519
86400,0.037,0.420,0.543
86500,0.042,0.423,0.534
86600,0.040,0.396,0.564
86700,0.049,0.403,0.548
86800,0.051,0.385,0.564
86900,0.045,0.393,0.562
87000,0.048,0.374,0.577
87100,0.052,0.368,0.579
87200,0.053,0.373,0.574
87300,0.048,0.357,0.595
87400,0.045,0.374,0.581
87500,0.047,0.362,0.591
87600,0.044,0.388,0.568
87700,0.049,0.411,0.540
87800,0.048,0.389,0.563
87900,0.051,0.389,0.560
88000,0.048,0.399,0.553
88100,0.047,0.398,0.555
88200,0.047,0.402,0.551
88300,0.050,0.395,0.555
88400,0.058,0.390,0.552
88500,0.059,0.364,0.577
88600,0.064,0.354,0.582
88700,0.066,0.376,0.558
88800,0.060,0.352,0.588
88900,0.055,0.357,0.587
89000,0.054,0.372,0.575
89100,0.054,0.353,0.593
89200,0.059,0.353,0.588
89300,0.063,0.347,0.590
89400,0.056,0.355,0.588
89500,0.051,0.374,0.575
89600,0.049,0.406,0.544
89700,0.053,0.367,0.580
89800,0.055,0.380,0.565
89900,0.057,0.387,0.556
90000,0.055,0.390,0.555
90100,0.049,0.392,0.558
90200,0.048,0.372,0.580
90300,0.048,0.400,0.551
90400,0.045,0.413,0.541
90500,0.042,0.413,0.544
90600,0.041,0.424,0.534
90700,0.046,0.412,0.542
90800,0.047,0.415,0.538
90900,0.045,0.420,0.534
91000,0.047,0.424,0.529
91100,0.044,0.407,0.548
91200,0.045,0.422,0.533
91300,0.045,0.410,0.545
91400,0.047,0.385,0.568
91500,0.049,0.365,0.586
91600,0.050,0.368,0.582
91700,0.053,0.381,0.566
91800,0.050,0.379,0.571
91900,0.049,0.362,0.589
92000,0.047,0.392,0.561
92100,0.047,0.409,0.544
92200,0.051,0.431,0.518
92300,0.048,0.439,0.512
92400,0.045,0.440,0.515
92500,0.044,0.438,0.518
92600,0.043,0.450,0.507
92700,0.041,0.442,0.517
92800,0.038,0.456,0.506
92900,0.041,0.467,0.492
93000,0.040,0.432,0.528
93100,0.038,0.444,0.517
93200,0.037,0.450,0.513
93300,0.041,0.460,0.499
93400,0.040,0.466,0.494
93500,0.043,0.502,0.455
93600,0.041,0.524,0.434
93700,0.040,0.530,0.430
93800,0.040,0.502,0.458
93900,0.043,0.489,0.468
94000,0.044,0.501,0.455
94100,0.042,0.479,0.478
94200,0.045,0.487,0.467
94300,0.042,0.494,0.464
94400,0.042,0.509,0.449
94500,0.037,0.531,0.432
94600,0.038,0.538,0.424
94700,0.037,0.555,0.408
94800,0.035,0.578,0.387
94900,0.034,0.583,0.382
95000,0.034,0.562,0.404
95100,0.036,0.554,0.410
95200,0.041,0.508,0.451
95300,0.041,0.509,0.450
95400,0.041,0.479,0.480
95500,0.043,0.467,0.490
95600,0.047,0.463,0.490
95700,0.044,0.480,0.476
95800,0.041,0.456,0.502
95900,0.041,0.411,0.548
96000,0.041,0.417,0.542
96100,0.040,0.398,0.562
96200,0.041,0.400,0.559
96300,0.050,0.386,0.564
96400,0.047,0.382,0.572
96500,0.047,0.373,0.580
96600,0.054,0.354,0.592
96700,0.047,0.349,0.604
96800,0.052,0.378,0.569
96900,0.054,0.385,0.561
97000,0.050,0.407,0.542
97100,0.046,0.429,0.525
97200,0.044,0.396,0.560
97300,0.043,0.421,0.536
97400,0.045,0.420,0.536
97500,0.043,0.446,0.511
97600,0.043,0.424,0.533
97700,0.046,0.407,0.547
97800,0.046,0.419,0.535
97900,0.048,0.414,0.538
98000,0.048,0.411,0.541
98100,0.047,0.401,0.552
98200,0.051,0.407,0.542
98300,0.048,0.392,0.560
98400,0.047,0.435,0.518
98500,0.046,0.434,0.520
98600,0.046,0.450,0.504
98700,0.044,0.486,0.470
98800,0.044,0.487,0.469
98900,0.042,0.478,0.479
99000,0.044,0.503,0.453
99100,0.045,0.499,0.456
99200,0.045,0.531,0.424
99300,0.041,0.499,0.459
99400,0.042,0.478,0.480
99500,0.044,0.442,0.514
99600,0.042,0.439,0.519
99700,0.042,0.414,0.544
99800,0.045,0.460,0.494
99900,0.042,0.459,0.499
100000,0.043,0.499,0.458
