time,n_A+p,n_B,n_AB
500,0.050,0.822,0.128
1000,0.050,0.599,0.351
1500,0.050,0.461,0.489
2000,0.050,0.436,0.514
2500,0.050,0.366,0.584
3000,0.050,0.343,0.607
3500,0.050,0.360,0.590
4000,0.056,0.304,0.640
4500,0.064,0.269,0.667
5000,0.056,0.294,0.650
5500,0.051,0.349,0.601
6000,0.050,0.348,0.601
6500,0.051,0.321,0.629
7000,0.050,0.397,0.553
7500,0.050,0.329,0.621
8000,0.050,0.302,0.648
8500,0.057,0.313,0.631
9000,0.054,0.292,0.653
9500,0.053,0.353,0.593
10000,0.059,0.333,0.609
10500,0.051,0.335,0.614
11000,0.059,0.304,0.637
11500,0.056,0.244,0.700
12000,0.053,0.293,0.653
12500,0.056,0.270,0.674
13000,0.051,0.334,0.615
13500,0.053,0.314,0.633
14000,0.053,0.314,0.633
14500,0.050,0.308,0.642
15000,0.053,0.301,0.645
15500,0.057,0.290,0.653
16000,0.054,0.292,0.654
16500,0.051,0.363,0.586
17000,0.052,0.364,0.583
17500,0.050,0.326,0.624
18000,0.050,0.337,0.613
18500,0.060,0.295,0.645
19000,0.061,0.253,0.686
19500,0.052,0.281,0.666
20000,0.052,0.312,0.635
20500,0.051,0.339,0.610
21000,0.051,0.348,0.601
21500,0.057,0.247,0.697
22000,0.074,0.193,0.733
22500,0.080,0.179,0.741
23000,0.092,0.168,0.740
23500,0.146,0.106,0.748
24000,0.258,0.049,0.694
24500,0.451,0.006,0.543
25000,0.604,0.000,0.396
25500,0.751,0.000,0.249
26000,0.790,0.000,0.210
26500,0.800,0.000,0.200
27000,0.864,0.000,0.136
27500,0.859,0.000,0.141
28000,0.881,0.000,0.119
28500,0.928,0.000,0.072
29000,0.906,0.000,0.094
29500,0.933,0.000,0.067
30000,0.980,0.000,0.020
30500,0.993,0.000,0.007
31000,0.984,0.000,0.016
31500,0.993,0.000,0.007
32000,0.998,0.000,0.002
32500,0.981,0.000,0.019
33000,0.987,0.000,0.013
33500,0.998,0.000,0.002
34000,0.993,0.000,0.007
34500,0.996,0.000,0.004
35000,0.999,0.000,0.001
35500,0.996,0.000,0.004
36000,0.992,0.000,0.008
36500,0.999,0.000,0.001
37000,1.000,0.000,0.000
37500,1.000,0.000,0.000
