time,n_A+p,n_B,n_AB
500,0.050,0.590,0.360
1000,0.050,0.458,0.492
1500,0.050,0.359,0.591
2000,0.050,0.292,0.658
2500,0.050,0.371,0.579
3000,0.050,0.368,0.582
3500,0.050,0.381,0.569
4000,0.056,0.296,0.648
4500,0.051,0.427,0.522
5000,0.051,0.362,0.587
5500,0.050,0.305,0.645
6000,0.050,0.289,0.661
6500,0.050,0.353,0.597
7000,0.057,0.280,0.663
7500,0.062,0.351,0.587
8000,0.050,0.348,0.602
8500,0.050,0.315,0.635
9000,0.050,0.345,0.605
9500,0.050,0.344,0.606
10000,0.050,0.366,0.584
10500,0.050,0.267,0.683
11000,0.060,0.323,0.617
11500,0.052,0.350,0.598
12000,0.053,0.320,0.627
12500,0.052,0.262,0.686
13000,0.051,0.207,0.742
13500,0.051,0.292,0.657
14000,0.057,0.302,0.641
14500,0.050,0.339,0.611
15000,0.054,0.263,0.683
15500,0.073,0.240,0.687
16000,0.052,0.328,0.620
16500,0.051,0.290,0.659
17000,0.050,0.335,0.615
17500,0.050,0.269,0.681
18000,0.050,0.280,0.670
18500,0.050,0.345,0.605
19000,0.050,0.486,0.464
19500,0.050,0.379,0.571
20000,0.051,0.373,0.576
20500,0.050,0.337,0.613
21000,0.050,0.228,0.722
21500,0.050,0.294,0.656
22000,0.050,0.313,0.637
22500,0.071,0.227,0.702
23000,0.052,0.339,0.609
23500,0.055,0.247,0.698
24000,0.062,0.261,0.677
24500,0.056,0.315,0.629
25000,0.092,0.179,0.729
25500,0.217,0.073,0.710
26000,0.613,0.000,0.387
26500,0.776,0.000,0.224
27000,0.957,0.000,0.043
27500,0.980,0.000,0.020
28000,0.995,0.000,0.005
28500,1.000,0.000,0.000
