time,n_A+p,n_B,n_AB
500,0.080,0.760,0.160
1000,0.082,0.648,0.270
1500,0.081,0.598,0.321
2000,0.080,0.541,0.379
2500,0.099,0.438,0.463
3000,0.094,0.482,0.424
3500,0.088,0.518,0.394
4000,0.083,0.498,0.419
4500,0.085,0.494,0.421
5000,0.099,0.506,0.395
5500,0.098,0.418,0.484
6000,0.102,0.376,0.522
6500,0.114,0.388,0.498
7000,0.119,0.338,0.543
7500,0.170,0.226,0.604
8000,0.176,0.208,0.616
8500,0.186,0.225,0.589
9000,0.281,0.167,0.552
9500,0.286,0.114,0.600
10000,0.459,0.040,0.501
10500,0.712,0.008,0.280
11000,0.818,0.000,0.182
11500,0.889,0.000,0.111
12000,0.947,0.000,0.053
12500,0.971,0.000,0.029
13000,0.983,0.000,0.017
13500,0.984,0.000,0.016
14000,0.983,0.000,0.017
14500,0.988,0.000,0.012
15000,0.987,0.000,0.013
15500,0.993,0.000,0.007
16000,0.985,0.000,0.015
16500,0.984,0.000,0.016
17000,0.993,0.000,0.007
17500,0.999,0.000,0.001
18000,1.000,0.000,0.000
