time,n_A+p,n_B,n_AB
500,0.050,0.723,0.227
1000,0.050,0.526,0.424
1500,0.050,0.415,0.535
2000,0.050,0.426,0.524
2500,0.050,0.437,0.513
3000,0.050,0.374,0.576
3500,0.050,0.346,0.604
4000,0.062,0.300,0.638
4500,0.068,0.334,0.598
5000,0.059,0.301,0.640
5500,0.070,0.378,0.552
6000,0.051,0.352,0.597
6500,0.052,0.329,0.619
7000,0.067,0.365,0.568
7500,0.061,0.327,0.612
8000,0.059,0.253,0.688
8500,0.064,0.289,0.647
9000,0.082,0.200,0.718
9500,0.071,0.300,0.629
10000,0.055,0.338,0.607
10500,0.054,0.379,0.567
11000,0.050,0.412,0.538
11500,0.058,0.329,0.613
12000,0.059,0.313,0.628
12500,0.052,0.407,0.541
13000,0.053,0.303,0.644
13500,0.054,0.350,0.596
14000,0.052,0.312,0.636
14500,0.072,0.258,0.670
15000,0.142,0.155,0.703
15500,0.323,0.021,0.656
16000,0.617,0.000,0.383
16500,0.783,0.000,0.217
17000,0.916,0.000,0.084
17500,0.948,0.000,0.052
18000,0.894,0.000,0.106
18500,0.906,0.000,0.094
19000,0.878,0.000,0.122
19500,0.890,0.000,0.110
20000,0.949,0.000,0.051
20500,0.989,0.000,0.011
21000,1.000,0.000,0.000
