time,n_A+p,n_B,n_AB
1000,0.083,0.258,0.659
2000,0.022,0.388,0.590
3000,0.001,0.634,0.365
4000,0.002,0.672,0.326
5000,0.005,0.761,0.234
6000,0.000,0.763,0.237
7000,0.000,0.879,0.121
8000,0.000,0.849,0.151
9000,0.000,0.779,0.221
10000,0.000,0.821,0.179
11000,0.000,0.809,0.191
12000,0.000,0.798,0.202
13000,0.000,0.872,0.128
14000,0.000,0.858,0.142
15000,0.000,0.909,0.091
16000,0.000,0.939,0.061
17000,0.000,0.954,0.046
18000,0.000,0.990,0.010
19000,0.000,1.000,0.000
