time,n_A+p,n_B,n_AB
500,0.113,0.118,0.769
1000,0.689,0.000,0.311
1500,0.837,0.000,0.163
2000,0.824,0.000,0.176
2500,0.877,0.000,0.123
3000,0.839,0.000,0.161
3500,0.804,0.000,0.196
4000,0.635,0.000,0.365
4500,0.708,0.000,0.292
5000,0.783,0.000,0.217
5500,0.753,0.000,0.247
6000,0.882,0.000,0.118
6500,0.925,0.000,0.075
7000,0.983,0.000,0.017
7500,1.000,0.000,0.000
