time,n_A+p,n_B,n_AB
100,0.329,0.474,0.197
200,0.461,0.355,0.184
300,0.421,0.329,0.250
400,0.237,0.592,0.171
500,0.105,0.763,0.132
600,0.079,0.803,0.118
700,0.039,0.855,0.105
800,0.026,0.921,0.053
900,0.013,0.934,0.053
1000,0.013,0.947,0.039
1100,0.000,0.961,0.039
1200,0.000,0.961,0.039
1300,0.000,0.987,0.013
1400,0.000,0.987,0.013
1500,0.000,0.974,0.026
1600,0.000,0.987,0.013
1700,0.000,0.987,0.013
1800,0.000,1.000,0.000
