time,n_A+p,n_B,n_AB
500,0.050,0.938,0.012
1000,0.051,0.927,0.022
1500,0.051,0.916,0.033
2000,0.051,0.910,0.038
2500,0.051,0.900,0.048
3000,0.052,0.893,0.054
3500,0.053,0.880,0.067
4000,0.055,0.874,0.071
4500,0.053,0.864,0.083
5000,0.052,0.856,0.092
5500,0.053,0.854,0.093
6000,0.055,0.839,0.106
6500,0.054,0.831,0.115
7000,0.057,0.828,0.116
7500,0.059,0.822,0.120
8000,0.062,0.815,0.123
8500,0.063,0.819,0.118
9000,0.059,0.809,0.131
9500,0.057,0.804,0.139
10000,0.057,0.805,0.138
10500,0.054,0.807,0.138
11000,0.057,0.806,0.137
11500,0.057,0.810,0.133
12000,0.058,0.809,0.133
12500,0.059,0.811,0.130
13000,0.058,0.808,0.133
13500,0.058,0.808,0.134
14000,0.061,0.809,0.129
14500,0.062,0.812,0.126
15000,0.062,0.812,0.125
15500,0.061,0.807,0.132
16000,0.064,0.796,0.140
16500,0.066,0.790,0.143
17000,0.067,0.790,0.143
17500,0.067,0.788,0.145
18000,0.070,0.785,0.144
18500,0.076,0.777,0.147
19000,0.075,0.771,0.153
19500,0.076,0.759,0.165
20000,0.075,0.750,0.175
20500,0.077,0.749,0.174
21000,0.080,0.755,0.165
21500,0.084,0.745,0.171
22000,0.085,0.748,0.167
22500,0.081,0.740,0.179
23000,0.083,0.731,0.187
23500,0.079,0.725,0.197
24000,0.081,0.718,0.202
24500,0.085,0.718,0.198
25000,0.084,0.717,0.200
25500,0.081,0.722,0.198
26000,0.081,0.719,0.201
26500,0.083,0.728,0.190
27000,0.084,0.736,0.180
27500,0.084,0.724,0.193
28000,0.085,0.718,0.198
28500,0.086,0.730,0.185
29000,0.085,0.728,0.187
29500,0.081,0.725,0.195
30000,0.081,0.723,0.197
30500,0.083,0.718,0.199
31000,0.085,0.719,0.197
31500,0.085,0.726,0.190
32000,0.079,0.729,0.193
32500,0.082,0.727,0.192
33000,0.084,0.723,0.194
33500,0.081,0.731,0.189
34000,0.082,0.728,0.190
34500,0.083,0.732,0.186
35000,0.086,0.725,0.189
35500,0.086,0.717,0.197
36000,0.086,0.714,0.201
36500,0.085,0.721,0.195
37000,0.094,0.721,0.185
37500,0.089,0.712,0.199
38000,0.086,0.710,0.205
38500,0.082,0.711,0.208
39000,0.082,0.711,0.207
39500,0.087,0.703,0.210
40000,0.080,0.705,0.215
40500,0.084,0.709,0.208
41000,0.088,0.719,0.193
41500,0.086,0.726,0.189
42000,0.081,0.719,0.201
42500,0.084,0.720,0.196
43000,0.085,0.710,0.206
43500,0.091,0.706,0.203
44000,0.095,0.719,0.187
44500,0.090,0.717,0.194
45000,0.087,0.721,0.192
45500,0.092,0.713,0.195
46000,0.093,0.716,0.191
46500,0.092,0.714,0.194
47000,0.094,0.708,0.199
47500,0.091,0.712,0.197
48000,0.092,0.710,0.199
48500,0.095,0.706,0.200
49000,0.093,0.701,0.206
49500,0.093,0.715,0.192
50000,0.092,0.716,0.192
50500,0.088,0.719,0.193
51000,0.090,0.716,0.194
51500,0.087,0.716,0.197
52000,0.093,0.720,0.187
52500,0.091,0.701,0.208
53000,0.096,0.699,0.206
53500,0.094,0.689,0.217
54000,0.097,0.675,0.228
54500,0.100,0.675,0.225
55000,0.103,0.676,0.221
55500,0.106,0.672,0.222
56000,0.109,0.677,0.214
56500,0.109,0.674,0.217
57000,0.106,0.671,0.223
57500,0.107,0.668,0.225
58000,0.106,0.659,0.235
58500,0.112,0.668,0.220
59000,0.110,0.670,0.220
59500,0.108,0.668,0.224
60000,0.106,0.664,0.229
60500,0.110,0.663,0.227
61000,0.116,0.668,0.216
61500,0.113,0.663,0.224
62000,0.108,0.667,0.224
62500,0.106,0.680,0.214
63000,0.099,0.668,0.233
63500,0.106,0.660,0.234
64000,0.103,0.658,0.238
64500,0.101,0.659,0.240
65000,0.117,0.653,0.230
65500,0.121,0.652,0.226
66000,0.122,0.653,0.224
66500,0.120,0.645,0.234
67000,0.116,0.640,0.244
67500,0.115,0.631,0.254
68000,0.113,0.622,0.265
68500,0.114,0.633,0.253
69000,0.118,0.631,0.250
69500,0.121,0.631,0.248
70000,0.120,0.629,0.251
70500,0.117,0.621,0.262
71000,0.116,0.622,0.262
71500,0.120,0.625,0.254
72000,0.120,0.619,0.261
72500,0.123,0.627,0.249
73000,0.124,0.623,0.253
73500,0.126,0.615,0.260
74000,0.130,0.625,0.245
74500,0.127,0.635,0.238
75000,0.125,0.646,0.229
75500,0.133,0.646,0.221
76000,0.132,0.638,0.230
76500,0.131,0.631,0.238
77000,0.130,0.626,0.244
77500,0.127,0.620,0.253
78000,0.129,0.615,0.256
78500,0.129,0.625,0.246
79000,0.130,0.608,0.262
79500,0.131,0.602,0.268
80000,0.138,0.603,0.260
80500,0.132,0.610,0.258
81000,0.131,0.611,0.258
81500,0.131,0.615,0.255
82000,0.125,0.621,0.254
82500,0.125,0.614,0.261
83000,0.121,0.618,0.261
83500,0.128,0.621,0.251
84000,0.132,0.604,0.264
84500,0.127,0.608,0.265
85000,0.127,0.614,0.259
85500,0.124,0.620,0.256
86000,0.127,0.622,0.251
86500,0.128,0.630,0.243
87000,0.123,0.623,0.254
87500,0.135,0.616,0.249
88000,0.126,0.612,0.263
88500,0.127,0.618,0.255
89000,0.130,0.618,0.253
89500,0.130,0.611,0.259
90000,0.133,0.617,0.250
90500,0.132,0.610,0.259
91000,0.135,0.606,0.259
91500,0.136,0.608,0.257
92000,0.130,0.608,0.263
92500,0.131,0.607,0.262
93000,0.123,0.614,0.263
93500,0.126,0.607,0.268
94000,0.122,0.608,0.270
94500,0.124,0.612,0.264
95000,0.132,0.612,0.257
95500,0.130,0.621,0.250
96000,0.137,0.618,0.246
96500,0.131,0.618,0.251
97000,0.126,0.619,0.255
97500,0.127,0.616,0.258
98000,0.122,0.612,0.265
98500,0.123,0.615,0.262
99000,0.125,0.610,0.265
99500,0.119,0.616,0.265
100000,0.117,0.613,0.270
100500,0.123,0.615,0.262
101000,0.119,0.620,0.261
101500,0.116,0.619,0.265
102000,0.118,0.622,0.260
102500,0.117,0.629,0.254
103000,0.115,0.629,0.256
103500,0.114,0.627,0.259
104000,0.116,0.642,0.242
104500,0.110,0.643,0.247
105000,0.112,0.644,0.244
105500,0.114,0.641,0.245
106000,0.115,0.645,0.240
106500,0.119,0.634,0.247
107000,0.129,0.627,0.244
107500,0.124,0.632,0.244
108000,0.129,0.629,0.242
108500,0.127,0.616,0.258
109000,0.127,0.609,0.264
109500,0.128,0.620,0.252
110000,0.131,0.612,0.257
110500,0.135,0.612,0.253
111000,0.132,0.611,0.257
111500,0.131,0.616,0.253
112000,0.132,0.622,0.246
112500,0.134,0.613,0.254
113000,0.141,0.622,0.237
113500,0.145,0.616,0.239
114000,0.141,0.614,0.246
114500,0.138,0.605,0.258
115000,0.137,0.606,0.257
115500,0.132,0.601,0.268
116000,0.134,0.612,0.254
116500,0.139,0.609,0.252
117000,0.140,0.596,0.264
117500,0.139,0.594,0.267
118000,0.135,0.596,0.269
118500,0.137,0.596,0.267
119000,0.136,0.598,0.266
119500,0.134,0.601,0.265
120000,0.130,0.607,0.263
120500,0.133,0.613,0.255
121000,0.129,0.605,0.266
121500,0.136,0.602,0.263
122000,0.136,0.602,0.263
122500,0.135,0.599,0.267
123000,0.141,0.595,0.264
123500,0.133,0.590,0.278
124000,0.136,0.603,0.262
124500,0.134,0.610,0.257
125000,0.133,0.611,0.256
125500,0.135,0.604,0.261
126000,0.135,0.602,0.264
126500,0.135,0.603,0.262
127000,0.140,0.596,0.264
127500,0.138,0.599,0.264
128000,0.143,0.609,0.248
128500,0.139,0.605,0.256
129000,0.132,0.595,0.274
129500,0.127,0.598,0.276
130000,0.127,0.603,0.270
130500,0.132,0.605,0.263
131000,0.129,0.614,0.257
131500,0.131,0.614,0.255
132000,0.135,0.601,0.264
132500,0.134,0.596,0.271
133000,0.129,0.594,0.278
133500,0.132,0.593,0.275
134000,0.134,0.604,0.262
134500,0.135,0.594,0.271
135000,0.145,0.590,0.265
135500,0.148,0.580,0.272
136000,0.144,0.589,0.267
136500,0.141,0.585,0.275
137000,0.133,0.585,0.282
137500,0.136,0.589,0.276
138000,0.134,0.596,0.271
138500,0.131,0.601,0.269
139000,0.135,0.593,0.272
139500,0.138,0.602,0.261
140000,0.130,0.591,0.279
140500,0.139,0.594,0.267
141000,0.138,0.586,0.276
141500,0.133,0.584,0.283
142000,0.140,0.585,0.276
142500,0.147,0.569,0.284
143000,0.152,0.564,0.284
143500,0.161,0.569,0.270
144000,0.163,0.566,0.272
144500,0.163,0.563,0.274
145000,0.158,0.566,0.277
145500,0.164,0.561,0.275
146000,0.151,0.554,0.295
146500,0.154,0.558,0.287
147000,0.151,0.566,0.283
147500,0.145,0.568,0.287
148000,0.149,0.566,0.285
148500,0.147,0.559,0.293
149000,0.150,0.567,0.283
149500,0.151,0.575,0.274
150000,0.148,0.568,0.284
150500,0.149,0.564,0.287
151000,0.146,0.560,0.293
151500,0.143,0.567,0.290
152000,0.145,0.566,0.289
152500,0.143,0.565,0.292
153000,0.148,0.569,0.283
153500,0.147,0.579,0.274
154000,0.146,0.572,0.282
154500,0.147,0.562,0.290
155000,0.140,0.567,0.293
155500,0.141,0.562,0.297
156000,0.145,0.567,0.288
156500,0.142,0.552,0.305
157000,0.139,0.551,0.310
157500,0.142,0.548,0.309
158000,0.147,0.543,0.309
158500,0.149,0.540,0.310
159000,0.155,0.547,0.297
159500,0.158,0.552,0.290
160000,0.165,0.545,0.290
160500,0.168,0.542,0.290
161000,0.167,0.538,0.295
161500,0.171,0.532,0.297
162000,0.167,0.536,0.297
162500,0.166,0.537,0.297
163000,0.163,0.544,0.293
163500,0.157,0.540,0.303
164000,0.157,0.539,0.304
164500,0.163,0.536,0.301
165000,0.165,0.535,0.300
165500,0.166,0.535,0.298
166000,0.170,0.528,0.302
166500,0.173,0.529,0.297
167000,0.176,0.529,0.295
167500,0.171,0.525,0.304
168000,0.171,0.524,0.305
168500,0.168,0.520,0.312
169000,0.177,0.518,0.305
169500,0.179,0.516,0.305
170000,0.188,0.505,0.307
170500,0.184,0.510,0.305
171000,0.183,0.520,0.296
171500,0.179,0.523,0.298
172000,0.179,0.530,0.290
172500,0.176,0.525,0.299
173000,0.178,0.523,0.298
173500,0.182,0.512,0.306
174000,0.180,0.507,0.312
174500,0.182,0.501,0.317
175000,0.177,0.492,0.331
175500,0.181,0.483,0.336
176000,0.190,0.480,0.331
176500,0.190,0.477,0.333
177000,0.185,0.481,0.333
177500,0.188,0.487,0.325
178000,0.191,0.494,0.315
178500,0.188,0.495,0.317
179000,0.182,0.497,0.320
179500,0.178,0.502,0.319
180000,0.185,0.499,0.315
180500,0.183,0.505,0.311
181000,0.179,0.498,0.323
181500,0.189,0.492,0.318
182000,0.192,0.495,0.313
182500,0.195,0.486,0.319
183000,0.191,0.489,0.320
183500,0.190,0.495,0.316
184000,0.189,0.498,0.314
184500,0.189,0.498,0.313
185000,0.187,0.497,0.315
185500,0.192,0.514,0.294
186000,0.191,0.507,0.301
186500,0.198,0.516,0.286
187000,0.194,0.524,0.282
187500,0.192,0.516,0.292
188000,0.194,0.517,0.289
188500,0.189,0.522,0.289
189000,0.188,0.522,0.290
189500,0.197,0.508,0.294
190000,0.197,0.501,0.302
190500,0.194,0.479,0.327
191000,0.198,0.473,0.330
191500,0.197,0.475,0.328
192000,0.208,0.471,0.321
192500,0.211,0.480,0.309
193000,0.204,0.469,0.327
193500,0.201,0.480,0.318
194000,0.204,0.466,0.329
194500,0.207,0.468,0.325
195000,0.204,0.476,0.320
195500,0.200,0.483,0.317
196000,0.201,0.480,0.318
196500,0.206,0.460,0.335
197000,0.207,0.449,0.345
197500,0.226,0.437,0.337
198000,0.230,0.432,0.338
198500,0.226,0.428,0.346
199000,0.221,0.419,0.360
199500,0.231,0.423,0.346
200000,0.234,0.439,0.328
200500,0.234,0.444,0.322
201000,0.227,0.446,0.328
201500,0.233,0.441,0.327
202000,0.236,0.428,0.335
202500,0.233,0.440,0.328
203000,0.232,0.442,0.327
203500,0.231,0.445,0.325
204000,0.225,0.441,0.335
204500,0.225,0.435,0.340
205000,0.221,0.432,0.347
205500,0.228,0.429,0.343
206000,0.229,0.434,0.337
206500,0.228,0.443,0.329
207000,0.218,0.448,0.334
207500,0.225,0.435,0.340
208000,0.223,0.444,0.333
208500,0.220,0.441,0.339
209000,0.225,0.436,0.339
209500,0.233,0.429,0.338
210000,0.233,0.427,0.340
210500,0.223,0.422,0.355
211000,0.241,0.417,0.342
211500,0.240,0.410,0.349
212000,0.256,0.422,0.322
212500,0.257,0.415,0.328
213000,0.251,0.414,0.335
213500,0.245,0.414,0.341
214000,0.244,0.417,0.339
214500,0.247,0.419,0.334
215000,0.239,0.411,0.349
215500,0.251,0.418,0.332
216000,0.252,0.418,0.330
216500,0.254,0.417,0.329
217000,0.254,0.417,0.329
217500,0.258,0.413,0.329
218000,0.255,0.409,0.337
218500,0.260,0.394,0.346
219000,0.263,0.397,0.341
219500,0.263,0.399,0.338
220000,0.256,0.402,0.342
220500,0.251,0.400,0.349
221000,0.266,0.380,0.354
221500,0.273,0.372,0.355
222000,0.270,0.371,0.359
222500,0.269,0.373,0.357
223000,0.270,0.372,0.358
223500,0.264,0.367,0.369
224000,0.268,0.370,0.362
224500,0.272,0.376,0.352
225000,0.273,0.374,0.354
225500,0.279,0.379,0.342
226000,0.272,0.386,0.342
226500,0.278,0.389,0.333
227000,0.276,0.378,0.346
227500,0.279,0.368,0.353
228000,0.281,0.360,0.358
228500,0.293,0.361,0.346
229000,0.289,0.371,0.339
229500,0.292,0.363,0.344
230000,0.292,0.377,0.331
230500,0.302,0.362,0.335
231000,0.299,0.364,0.337
231500,0.292,0.371,0.336
232000,0.283,0.367,0.349
232500,0.296,0.359,0.344
233000,0.305,0.355,0.340
233500,0.303,0.351,0.345
234000,0.309,0.340,0.351
234500,0.312,0.339,0.349
235000,0.322,0.334,0.344
235500,0.329,0.330,0.342
236000,0.332,0.323,0.345
236500,0.332,0.309,0.359
237000,0.333,0.305,0.362
237500,0.345,0.305,0.350
238000,0.343,0.307,0.350
238500,0.341,0.307,0.352
239000,0.347,0.294,0.359
239500,0.350,0.292,0.357
240000,0.355,0.285,0.360
240500,0.366,0.278,0.356
241000,0.373,0.259,0.368
241500,0.387,0.268,0.346
242000,0.386,0.260,0.354
242500,0.389,0.258,0.353
243000,0.401,0.254,0.345
243500,0.387,0.258,0.356
244000,0.388,0.254,0.359
244500,0.397,0.255,0.348
245000,0.395,0.248,0.356
245500,0.399,0.252,0.349
246000,0.406,0.256,0.338
246500,0.408,0.247,0.345
247000,0.427,0.240,0.332
247500,0.430,0.238,0.332
248000,0.441,0.232,0.327
248500,0.435,0.225,0.340
249000,0.443,0.226,0.331
249500,0.446,0.225,0.330
250000,0.450,0.221,0.330
250500,0.445,0.226,0.329
251000,0.448,0.213,0.339
251500,0.460,0.207,0.333
252000,0.466,0.203,0.332
252500,0.472,0.198,0.331
253000,0.475,0.206,0.319
253500,0.479,0.198,0.324
254000,0.485,0.193,0.322
254500,0.493,0.196,0.311
255000,0.497,0.197,0.306
255500,0.491,0.191,0.319
256000,0.493,0.176,0.331
256500,0.493,0.165,0.343
257000,0.494,0.160,0.346
257500,0.501,0.154,0.345
258000,0.518,0.150,0.332
258500,0.533,0.145,0.322
259000,0.540,0.145,0.315
259500,0.545,0.148,0.306
260000,0.561,0.144,0.295
260500,0.571,0.138,0.292
261000,0.585,0.129,0.286
261500,0.594,0.122,0.284
262000,0.600,0.123,0.277
262500,0.601,0.116,0.283
263000,0.607,0.116,0.277
263500,0.612,0.108,0.280
264000,0.613,0.106,0.281
264500,0.626,0.106,0.267
265000,0.638,0.102,0.260
265500,0.654,0.103,0.243
266000,0.655,0.099,0.246
266500,0.660,0.096,0.244
267000,0.676,0.088,0.235
267500,0.677,0.081,0.242
268000,0.683,0.078,0.238
268500,0.696,0.072,0.232
269000,0.702,0.069,0.229
269500,0.712,0.064,0.224
270000,0.732,0.059,0.209
270500,0.739,0.052,0.209
271000,0.745,0.045,0.210
271500,0.750,0.042,0.209
272000,0.755,0.036,0.208
272500,0.765,0.042,0.193
273000,0.770,0.043,0.187
273500,0.780,0.040,0.180
274000,0.798,0.036,0.165
274500,0.799,0.034,0.167
275000,0.788,0.037,0.175
275500,0.794,0.034,0.172
276000,0.807,0.033,0.160
276500,0.813,0.035,0.152
277000,0.819,0.032,0.149
277500,0.828,0.033,0.139
278000,0.835,0.031,0.134
278500,0.840,0.025,0.135
279000,0.842,0.022,0.136
279500,0.858,0.018,0.124
280000,0.873,0.016,0.111
280500,0.875,0.015,0.110
281000,0.886,0.009,0.104
281500,0.890,0.007,0.102
282000,0.883,0.006,0.111
282500,0.886,0.008,0.106
283000,0.894,0.006,0.099
283500,0.904,0.004,0.091
284000,0.912,0.005,0.083
284500,0.918,0.006,0.076
285000,0.927,0.005,0.067
285500,0.930,0.004,0.065
286000,0.935,0.004,0.060
286500,0.943,0.004,0.054
287000,0.942,0.003,0.055
287500,0.947,0.003,0.050
288000,0.948,0.004,0.048
288500,0.950,0.004,0.047
289000,0.953,0.002,0.045
289500,0.956,0.002,0.042
290000,0.956,0.003,0.042
290500,0.961,0.003,0.037
291000,0.963,0.002,0.036
291500,0.964,0.001,0.035
292000,0.968,0.001,0.031
292500,0.972,0.002,0.027
293000,0.977,0.002,0.022
293500,0.978,0.001,0.021
294000,0.979,0.001,0.021
294500,0.980,0.001,0.020
295000,0.984,0.001,0.016
295500,0.986,0.001,0.014
296000,0.989,0.001,0.011
296500,0.990,0.001,0.010
297000,0.992,0.001,0.008
297500,0.992,0.000,0.008
298000,0.993,0.000,0.007
298500,0.993,0.000,0.007
299000,0.994,0.000,0.006
299500,0.994,0.000,0.006
300000,0.995,0.000,0.005
300500,0.995,0.000,0.005
301000,0.995,0.000,0.005
301500,0.996,0.000,0.004
302000,0.996,0.000,0.004
302500,0.997,0.000,0.003
303000,0.996,0.000,0.004
303500,0.997,0.000,0.003
304000,0.997,0.000,0.003
304500,0.997,0.000,0.003
305000,0.997,0.000,0.003
305500,0.998,0.000,0.002
306000,0.998,0.000,0.002
306500,0.999,0.000,0.001
307000,0.999,0.000,0.001
307500,0.999,0.000,0.001
308000,0.999,0.000,0.001
308500,0.999,0.000,0.001
309000,0.999,0.000,0.001
309500,0.999,0.000,0.001
310000,1.000,0.000,0.000
310500,1.000,0.000,0.000
311000,0.999,0.000,0.001
311500,1.000,0.000,0.000
312000,1.000,0.000,0.000
