time,n_A+p,n_B,n_AB
500,0.050,0.929,0.021
1000,0.052,0.917,0.031
1500,0.053,0.894,0.053
2000,0.053,0.874,0.073
2500,0.052,0.867,0.081
3000,0.054,0.858,0.088
3500,0.057,0.831,0.112
4000,0.056,0.846,0.098
4500,0.056,0.830,0.114
5000,0.058,0.822,0.120
5500,0.064,0.815,0.121
6000,0.067,0.814,0.119
6500,0.070,0.787,0.143
7000,0.066,0.779,0.155
7500,0.069,0.775,0.156
8000,0.073,0.785,0.142
8500,0.073,0.791,0.136
9000,0.072,0.778,0.150
9500,0.070,0.774,0.156
10000,0.074,0.773,0.153
10500,0.068,0.769,0.163
11000,0.082,0.764,0.154
11500,0.067,0.762,0.171
12000,0.073,0.765,0.162
12500,0.070,0.771,0.159
13000,0.076,0.781,0.143
13500,0.078,0.756,0.166
14000,0.075,0.744,0.181
14500,0.076,0.753,0.171
15000,0.081,0.739,0.180
15500,0.089,0.751,0.160
16000,0.083,0.731,0.186
16500,0.092,0.726,0.182
17000,0.087,0.718,0.195
17500,0.093,0.722,0.185
18000,0.099,0.726,0.175
18500,0.097,0.720,0.183
19000,0.091,0.710,0.199
19500,0.093,0.713,0.194
20000,0.090,0.715,0.195
20500,0.091,0.718,0.191
21000,0.095,0.716,0.189
21500,0.089,0.723,0.188
22000,0.092,0.739,0.169
22500,0.092,0.724,0.184
23000,0.085,0.748,0.167
23500,0.079,0.735,0.186
24000,0.078,0.729,0.193
24500,0.083,0.737,0.180
25000,0.095,0.738,0.167
25500,0.094,0.731,0.175
26000,0.085,0.730,0.185
26500,0.097,0.743,0.160
27000,0.090,0.725,0.185
27500,0.085,0.717,0.198
28000,0.086,0.728,0.186
28500,0.081,0.749,0.170
29000,0.075,0.765,0.160
29500,0.075,0.775,0.150
30000,0.084,0.775,0.141
30500,0.087,0.759,0.154
31000,0.080,0.751,0.169
31500,0.070,0.751,0.179
32000,0.066,0.766,0.168
32500,0.071,0.768,0.161
33000,0.080,0.779,0.141
33500,0.080,0.763,0.157
34000,0.088,0.759,0.153
34500,0.085,0.749,0.166
35000,0.081,0.754,0.165
35500,0.077,0.754,0.169
36000,0.076,0.753,0.171
36500,0.081,0.746,0.173
37000,0.084,0.762,0.154
37500,0.079,0.781,0.140
38000,0.085,0.763,0.152
38500,0.085,0.746,0.169
39000,0.078,0.757,0.165
39500,0.073,0.780,0.147
40000,0.076,0.789,0.135
40500,0.082,0.791,0.127
41000,0.080,0.786,0.134
41500,0.077,0.773,0.150
42000,0.075,0.768,0.157
42500,0.081,0.775,0.144
43000,0.080,0.768,0.152
43500,0.092,0.756,0.152
44000,0.085,0.760,0.155
44500,0.080,0.759,0.161
45000,0.087,0.770,0.143
45500,0.083,0.756,0.161
46000,0.084,0.742,0.174
46500,0.086,0.755,0.159
47000,0.082,0.755,0.163
47500,0.081,0.749,0.170
48000,0.078,0.738,0.184
48500,0.079,0.756,0.165
49000,0.077,0.743,0.180
49500,0.076,0.762,0.162
50000,0.077,0.758,0.165
50500,0.085,0.744,0.171
51000,0.089,0.731,0.180
51500,0.087,0.717,0.196
52000,0.086,0.715,0.199
52500,0.090,0.711,0.199
53000,0.084,0.720,0.196
53500,0.093,0.688,0.219
54000,0.096,0.676,0.228
54500,0.109,0.677,0.214
55000,0.105,0.659,0.236
55500,0.103,0.696,0.201
56000,0.098,0.695,0.207
56500,0.091,0.690,0.219
57000,0.095,0.705,0.200
57500,0.100,0.708,0.192
58000,0.106,0.712,0.182
58500,0.106,0.701,0.193
59000,0.114,0.704,0.182
59500,0.110,0.695,0.195
60000,0.107,0.682,0.211
60500,0.106,0.671,0.223
61000,0.098,0.669,0.233
61500,0.118,0.659,0.223
62000,0.112,0.673,0.215
62500,0.123,0.656,0.221
63000,0.116,0.663,0.221
63500,0.119,0.677,0.204
64000,0.115,0.667,0.218
64500,0.106,0.696,0.198
65000,0.097,0.720,0.183
65500,0.098,0.711,0.191
66000,0.094,0.731,0.175
66500,0.092,0.724,0.184
67000,0.091,0.722,0.187
67500,0.083,0.736,0.181
68000,0.088,0.737,0.175
68500,0.092,0.727,0.181
69000,0.096,0.719,0.185
69500,0.086,0.702,0.212
70000,0.104,0.700,0.196
70500,0.107,0.699,0.194
71000,0.107,0.674,0.219
71500,0.108,0.696,0.196
72000,0.120,0.675,0.205
72500,0.117,0.684,0.199
73000,0.113,0.680,0.207
73500,0.109,0.682,0.209
74000,0.103,0.667,0.230
74500,0.094,0.690,0.216
75000,0.092,0.693,0.215
75500,0.099,0.688,0.213
76000,0.089,0.679,0.232
76500,0.093,0.678,0.229
77000,0.098,0.669,0.233
77500,0.107,0.664,0.229
78000,0.117,0.656,0.227
78500,0.118,0.663,0.219
79000,0.115,0.666,0.219
79500,0.108,0.658,0.234
80000,0.110,0.676,0.214
80500,0.114,0.683,0.203
81000,0.113,0.652,0.235
81500,0.109,0.657,0.234
82000,0.106,0.647,0.247
82500,0.100,0.648,0.252
83000,0.108,0.650,0.242
83500,0.118,0.650,0.232
84000,0.122,0.638,0.240
84500,0.122,0.651,0.227
85000,0.129,0.657,0.214
85500,0.131,0.657,0.212
86000,0.120,0.644,0.236
86500,0.122,0.661,0.217
87000,0.124,0.640,0.236
87500,0.128,0.626,0.246
88000,0.122,0.643,0.235
88500,0.120,0.648,0.232
89000,0.115,0.648,0.237
89500,0.106,0.668,0.226
90000,0.113,0.666,0.221
90500,0.107,0.660,0.233
91000,0.119,0.657,0.224
91500,0.113,0.657,0.230
92000,0.117,0.670,0.213
92500,0.128,0.641,0.231
93000,0.118,0.630,0.252
93500,0.104,0.650,0.246
94000,0.101,0.673,0.226
94500,0.101,0.679,0.220
95000,0.093,0.681,0.226
95500,0.104,0.671,0.225
96000,0.115,0.679,0.206
96500,0.112,0.683,0.205
97000,0.113,0.674,0.213
97500,0.112,0.709,0.179
98000,0.101,0.696,0.203
98500,0.096,0.718,0.186
99000,0.094,0.709,0.197
99500,0.091,0.711,0.198
100000,0.087,0.743,0.170
100500,0.091,0.736,0.173
101000,0.086,0.731,0.183
101500,0.093,0.748,0.159
102000,0.093,0.755,0.152
102500,0.092,0.745,0.163
103000,0.100,0.725,0.175
103500,0.099,0.707,0.194
104000,0.097,0.692,0.211
104500,0.093,0.690,0.217
105000,0.093,0.686,0.221
105500,0.098,0.712,0.190
106000,0.088,0.711,0.201
106500,0.089,0.725,0.186
107000,0.093,0.727,0.180
107500,0.091,0.706,0.203
108000,0.098,0.691,0.211
108500,0.087,0.702,0.211
109000,0.087,0.719,0.194
109500,0.086,0.713,0.201
110000,0.090,0.698,0.212
110500,0.086,0.710,0.204
111000,0.092,0.708,0.200
111500,0.090,0.702,0.208
112000,0.096,0.708,0.196
112500,0.099,0.704,0.197
113000,0.095,0.710,0.195
113500,0.091,0.697,0.212
114000,0.097,0.703,0.200
114500,0.102,0.693,0.205
115000,0.094,0.691,0.215
115500,0.101,0.675,0.224
116000,0.097,0.665,0.238
116500,0.107,0.655,0.238
117000,0.119,0.655,0.226
117500,0.109,0.667,0.224
118000,0.102,0.701,0.197
118500,0.096,0.707,0.197
119000,0.102,0.711,0.187
119500,0.095,0.726,0.179
120000,0.088,0.726,0.186
120500,0.096,0.730,0.174
121000,0.092,0.736,0.172
121500,0.095,0.736,0.169
122000,0.091,0.735,0.174
122500,0.083,0.736,0.181
123000,0.085,0.743,0.172
123500,0.087,0.732,0.181
124000,0.088,0.735,0.177
124500,0.082,0.730,0.188
125000,0.099,0.728,0.173
125500,0.098,0.734,0.168
126000,0.093,0.730,0.177
126500,0.086,0.728,0.186
127000,0.088,0.714,0.198
127500,0.087,0.725,0.188
128000,0.082,0.733,0.185
128500,0.088,0.741,0.171
129000,0.096,0.714,0.190
129500,0.102,0.709,0.189
130000,0.084,0.715,0.201
130500,0.094,0.720,0.186
131000,0.083,0.724,0.193
131500,0.094,0.719,0.187
132000,0.105,0.711,0.184
132500,0.109,0.703,0.188
133000,0.115,0.700,0.185
133500,0.114,0.707,0.179
134000,0.111,0.690,0.199
134500,0.108,0.689,0.203
135000,0.119,0.684,0.197
135500,0.110,0.679,0.211
136000,0.104,0.690,0.206
136500,0.105,0.684,0.211
137000,0.111,0.676,0.213
137500,0.114,0.674,0.212
138000,0.114,0.636,0.250
138500,0.113,0.652,0.235
139000,0.111,0.672,0.217
139500,0.098,0.674,0.228
140000,0.098,0.683,0.219
140500,0.096,0.676,0.228
141000,0.096,0.667,0.237
141500,0.097,0.667,0.236
142000,0.109,0.651,0.240
142500,0.120,0.649,0.231
143000,0.133,0.638,0.229
143500,0.124,0.626,0.250
144000,0.128,0.624,0.248
144500,0.143,0.607,0.250
145000,0.134,0.607,0.259
145500,0.114,0.624,0.262
146000,0.128,0.632,0.240
146500,0.117,0.628,0.255
147000,0.117,0.638,0.245
147500,0.122,0.637,0.241
148000,0.127,0.613,0.260
148500,0.131,0.613,0.256
149000,0.129,0.602,0.269
149500,0.132,0.595,0.273
150000,0.141,0.579,0.280
150500,0.140,0.557,0.303
151000,0.140,0.591,0.269
151500,0.145,0.583,0.272
152000,0.151,0.589,0.260
152500,0.152,0.580,0.268
153000,0.147,0.591,0.262
153500,0.164,0.589,0.247
154000,0.151,0.580,0.269
154500,0.135,0.578,0.287
155000,0.139,0.564,0.297
155500,0.146,0.578,0.276
156000,0.147,0.580,0.273
156500,0.143,0.603,0.254
157000,0.157,0.606,0.237
157500,0.167,0.604,0.229
158000,0.150,0.587,0.263
158500,0.143,0.598,0.259
159000,0.139,0.615,0.246
159500,0.133,0.627,0.240
160000,0.121,0.623,0.256
160500,0.126,0.637,0.237
161000,0.124,0.642,0.234
161500,0.121,0.648,0.231
162000,0.123,0.662,0.215
162500,0.133,0.658,0.209
163000,0.133,0.646,0.221
163500,0.120,0.655,0.225
164000,0.119,0.664,0.217
164500,0.109,0.649,0.242
165000,0.107,0.672,0.221
165500,0.110,0.687,0.203
166000,0.107,0.678,0.215
166500,0.106,0.679,0.215
167000,0.113,0.667,0.220
167500,0.119,0.677,0.204
168000,0.108,0.697,0.195
168500,0.109,0.686,0.205
169000,0.105,0.685,0.210
169500,0.101,0.680,0.219
170000,0.100,0.681,0.219
170500,0.093,0.677,0.230
171000,0.094,0.695,0.211
171500,0.101,0.700,0.199
172000,0.101,0.710,0.189
172500,0.095,0.717,0.188
173000,0.087,0.717,0.196
173500,0.082,0.720,0.198
174000,0.082,0.737,0.181
174500,0.086,0.724,0.190
175000,0.084,0.723,0.193
175500,0.085,0.723,0.192
176000,0.092,0.725,0.183
176500,0.095,0.730,0.175
177000,0.094,0.722,0.184
177500,0.096,0.706,0.198
178000,0.099,0.712,0.189
178500,0.089,0.717,0.194
179000,0.097,0.707,0.196
179500,0.095,0.720,0.185
180000,0.102,0.712,0.186
180500,0.096,0.698,0.206
181000,0.089,0.707,0.204
181500,0.092,0.706,0.202
182000,0.097,0.713,0.190
182500,0.103,0.705,0.192
183000,0.098,0.689,0.213
183500,0.105,0.682,0.213
184000,0.111,0.661,0.228
184500,0.103,0.669,0.228
185000,0.109,0.684,0.207
185500,0.110,0.670,0.220
186000,0.103,0.675,0.222
186500,0.099,0.660,0.241
187000,0.113,0.666,0.221
187500,0.105,0.665,0.230
188000,0.109,0.674,0.217
188500,0.114,0.685,0.201
189000,0.109,0.672,0.219
189500,0.104,0.676,0.220
190000,0.114,0.655,0.231
190500,0.112,0.650,0.238
191000,0.119,0.631,0.250
191500,0.117,0.641,0.242
192000,0.118,0.637,0.245
192500,0.105,0.644,0.251
193000,0.105,0.654,0.241
193500,0.108,0.662,0.230
194000,0.107,0.677,0.216
194500,0.113,0.685,0.202
195000,0.110,0.680,0.210
195500,0.101,0.667,0.232
196000,0.100,0.674,0.226
196500,0.103,0.677,0.220
197000,0.106,0.684,0.210
197500,0.101,0.701,0.198
198000,0.100,0.712,0.188
198500,0.099,0.732,0.169
199000,0.100,0.727,0.173
199500,0.091,0.723,0.186
200000,0.086,0.725,0.189
200500,0.091,0.734,0.175
201000,0.095,0.711,0.194
201500,0.101,0.695,0.204
202000,0.101,0.696,0.203
202500,0.099,0.711,0.190
203000,0.100,0.704,0.196
203500,0.103,0.707,0.190
204000,0.099,0.696,0.205
204500,0.096,0.703,0.201
205000,0.093,0.699,0.208
205500,0.099,0.703,0.198
206000,0.098,0.695,0.207
206500,0.100,0.679,0.221
207000,0.094,0.683,0.223
207500,0.092,0.676,0.232
208000,0.104,0.669,0.227
208500,0.101,0.670,0.229
209000,0.097,0.702,0.201
209500,0.103,0.708,0.189
210000,0.099,0.703,0.198
210500,0.111,0.710,0.179
211000,0.113,0.710,0.177
211500,0.100,0.715,0.185
212000,0.095,0.710,0.195
212500,0.103,0.706,0.191
213000,0.088,0.698,0.214
213500,0.089,0.696,0.215
214000,0.096,0.692,0.212
214500,0.097,0.704,0.199
215000,0.108,0.697,0.195
215500,0.112,0.669,0.219
216000,0.115,0.658,0.227
216500,0.123,0.641,0.236
217000,0.122,0.649,0.229
217500,0.120,0.654,0.226
218000,0.123,0.655,0.222
218500,0.128,0.651,0.221
219000,0.119,0.654,0.227
219500,0.122,0.679,0.199
220000,0.112,0.661,0.227
220500,0.108,0.657,0.235
221000,0.114,0.677,0.209
221500,0.102,0.678,0.220
222000,0.108,0.664,0.228
222500,0.109,0.668,0.223
223000,0.105,0.655,0.240
223500,0.105,0.655,0.240
224000,0.104,0.657,0.239
224500,0.104,0.660,0.236
225000,0.093,0.657,0.250
225500,0.099,0.664,0.237
226000,0.114,0.659,0.227
226500,0.133,0.655,0.212
227000,0.121,0.642,0.237
227500,0.111,0.650,0.239
228000,0.123,0.660,0.217
228500,0.127,0.646,0.227
229000,0.119,0.640,0.241
229500,0.112,0.654,0.234
230000,0.134,0.646,0.220
230500,0.115,0.641,0.244
231000,0.111,0.648,0.241
231500,0.116,0.632,0.252
232000,0.102,0.632,0.266
232500,0.106,0.641,0.253
233000,0.120,0.655,0.225
233500,0.119,0.657,0.224
234000,0.122,0.649,0.229
234500,0.124,0.657,0.219
235000,0.126,0.657,0.217
235500,0.122,0.649,0.229
236000,0.124,0.642,0.234
236500,0.121,0.640,0.239
237000,0.127,0.651,0.222
237500,0.131,0.651,0.218
238000,0.134,0.652,0.214
238500,0.123,0.641,0.236
239000,0.117,0.642,0.241
239500,0.130,0.648,0.222
240000,0.117,0.649,0.234
240500,0.111,0.651,0.238
241000,0.107,0.644,0.249
241500,0.114,0.641,0.245
242000,0.127,0.631,0.242
242500,0.129,0.631,0.240
243000,0.127,0.636,0.237
243500,0.125,0.632,0.243
244000,0.123,0.655,0.222
244500,0.132,0.656,0.212
245000,0.145,0.652,0.203
245500,0.143,0.646,0.211
246000,0.143,0.625,0.232
246500,0.143,0.619,0.238
247000,0.150,0.598,0.252
247500,0.142,0.591,0.267
248000,0.149,0.608,0.243
248500,0.153,0.601,0.246
249000,0.146,0.590,0.264
249500,0.158,0.589,0.253
250000,0.177,0.570,0.253
250500,0.177,0.558,0.265
251000,0.166,0.547,0.287
251500,0.183,0.535,0.282
252000,0.173,0.538,0.289
252500,0.178,0.531,0.291
253000,0.171,0.550,0.279
253500,0.165,0.556,0.279
254000,0.167,0.558,0.275
254500,0.173,0.557,0.270
255000,0.187,0.563,0.250
255500,0.185,0.575,0.240
256000,0.183,0.552,0.265
256500,0.173,0.543,0.284
257000,0.180,0.551,0.269
257500,0.184,0.550,0.266
258000,0.184,0.543,0.273
258500,0.192,0.553,0.255
259000,0.187,0.533,0.280
259500,0.188,0.543,0.269
260000,0.185,0.546,0.269
260500,0.175,0.558,0.267
261000,0.187,0.533,0.280
261500,0.184,0.530,0.286
262000,0.176,0.528,0.296
262500,0.199,0.530,0.271
263000,0.200,0.503,0.297
263500,0.201,0.500,0.299
264000,0.200,0.491,0.309
264500,0.198,0.483,0.319
265000,0.207,0.484,0.309
265500,0.197,0.487,0.316
266000,0.210,0.482,0.308
266500,0.196,0.487,0.317
267000,0.206,0.497,0.297
267500,0.205,0.491,0.304
268000,0.204,0.487,0.309
268500,0.232,0.476,0.292
269000,0.215,0.484,0.301
269500,0.214,0.479,0.307
270000,0.212,0.471,0.317
270500,0.195,0.468,0.337
271000,0.214,0.495,0.291
271500,0.211,0.474,0.315
272000,0.207,0.457,0.336
272500,0.247,0.447,0.306
273000,0.253,0.441,0.306
273500,0.246,0.435,0.319
274000,0.225,0.438,0.337
274500,0.233,0.444,0.323
275000,0.235,0.431,0.334
275500,0.233,0.428,0.339
276000,0.250,0.407,0.343
276500,0.266,0.416,0.318
277000,0.268,0.416,0.316
277500,0.280,0.408,0.312
278000,0.274,0.399,0.327
278500,0.289,0.414,0.297
279000,0.289,0.405,0.306
279500,0.276,0.387,0.337
280000,0.289,0.397,0.314
280500,0.295,0.399,0.306
281000,0.302,0.373,0.325
281500,0.299,0.363,0.338
282000,0.305,0.368,0.327
282500,0.311,0.370,0.319
283000,0.297,0.386,0.317
283500,0.311,0.376,0.313
284000,0.328,0.332,0.340
284500,0.345,0.333,0.322
285000,0.336,0.339,0.325
285500,0.350,0.311,0.339
286000,0.349,0.334,0.317
286500,0.340,0.338,0.322
287000,0.360,0.322,0.318
287500,0.370,0.304,0.326
288000,0.378,0.317,0.305
288500,0.367,0.292,0.341
289000,0.380,0.312,0.308
289500,0.378,0.283,0.339
290000,0.395,0.286,0.319
290500,0.380,0.283,0.337
291000,0.390,0.283,0.327
291500,0.414,0.271,0.315
292000,0.418,0.255,0.327
292500,0.423,0.245,0.332
293000,0.420,0.244,0.336
293500,0.442,0.238,0.320
294000,0.444,0.227,0.329
294500,0.454,0.219,0.327
295000,0.462,0.213,0.325
295500,0.481,0.205,0.314
296000,0.485,0.195,0.320
296500,0.538,0.169,0.293
297000,0.538,0.155,0.307
297500,0.555,0.152,0.293
298000,0.562,0.147,0.291
298500,0.610,0.135,0.255
299000,0.626,0.102,0.272
299500,0.647,0.081,0.272
300000,0.674,0.073,0.253
300500,0.714,0.052,0.234
301000,0.761,0.044,0.195
301500,0.764,0.036,0.200
302000,0.795,0.029,0.176
302500,0.809,0.025,0.166
303000,0.835,0.024,0.141
303500,0.855,0.019,0.126
304000,0.854,0.022,0.124
304500,0.866,0.025,0.109
305000,0.871,0.023,0.106
305500,0.883,0.019,0.098
306000,0.901,0.011,0.088
306500,0.922,0.010,0.068
307000,0.930,0.004,0.066
307500,0.940,0.005,0.055
308000,0.941,0.004,0.055
308500,0.948,0.003,0.049
309000,0.956,0.002,0.042
309500,0.965,0.002,0.033
310000,0.976,0.002,0.022
310500,0.978,0.001,0.021
311000,0.986,0.001,0.013
311500,0.989,0.000,0.011
312000,0.991,0.000,0.009
312500,0.992,0.000,0.008
313000,0.995,0.000,0.005
313500,0.996,0.000,0.004
314000,0.996,0.000,0.004
314500,0.996,0.000,0.004
315000,0.998,0.000,0.002
315500,0.998,0.000,0.002
316000,0.998,0.000,0.002
316500,1.000,0.000,0.000
