time,n_A+p,n_B,n_AB
500,0.080,0.817,0.103
1000,0.080,0.708,0.212
1500,0.080,0.636,0.284
2000,0.082,0.530,0.388
2500,0.081,0.468,0.451
3000,0.083,0.454,0.463
3500,0.081,0.453,0.466
4000,0.088,0.423,0.489
4500,0.088,0.418,0.493
5000,0.084,0.393,0.524
5500,0.087,0.403,0.510
6000,0.091,0.383,0.526
6500,0.086,0.390,0.524
7000,0.087,0.406,0.506
7500,0.088,0.399,0.514
8000,0.094,0.374,0.532
8500,0.105,0.345,0.550
9000,0.100,0.325,0.575
9500,0.106,0.292,0.601
10000,0.147,0.240,0.612
10500,0.151,0.210,0.638
11000,0.199,0.173,0.628
11500,0.249,0.114,0.636
12000,0.377,0.053,0.570
12500,0.583,0.014,0.403
13000,0.730,0.003,0.268
13500,0.858,0.000,0.142
14000,0.875,0.000,0.125
14500,0.898,0.000,0.102
15000,0.951,0.000,0.049
15500,0.966,0.000,0.034
16000,0.980,0.000,0.020
16500,0.986,0.000,0.014
17000,0.985,0.000,0.015
17500,0.995,0.000,0.005
18000,0.999,0.000,0.001
18500,1.000,0.000,0.000
19000,1.000,0.000,0.000
