time,n_A+p,n_B,n_AB
500,0.080,0.818,0.102
1000,0.080,0.650,0.270
1500,0.084,0.540,0.376
2000,0.096,0.468,0.436
2500,0.102,0.383,0.515
3000,0.120,0.328,0.552
3500,0.130,0.296,0.574
4000,0.157,0.230,0.613
4500,0.179,0.180,0.641
5000,0.222,0.142,0.636
5500,0.234,0.135,0.631
6000,0.297,0.098,0.605
6500,0.313,0.069,0.618
7000,0.342,0.058,0.600
7500,0.346,0.056,0.598
8000,0.385,0.039,0.576
8500,0.388,0.032,0.580
9000,0.412,0.032,0.556
9500,0.440,0.021,0.539
10000,0.436,0.027,0.537
10500,0.418,0.037,0.545
11000,0.471,0.015,0.514
11500,0.496,0.009,0.495
12000,0.492,0.010,0.498
12500,0.524,0.009,0.467
13000,0.533,0.000,0.467
13500,0.564,0.005,0.431
14000,0.558,0.007,0.435
14500,0.541,0.006,0.453
15000,0.559,0.012,0.429
15500,0.560,0.014,0.426
16000,0.579,0.004,0.417
16500,0.588,0.007,0.405
17000,0.602,0.011,0.387
17500,0.541,0.014,0.445
18000,0.519,0.009,0.472
18500,0.522,0.017,0.461
19000,0.506,0.018,0.476
19500,0.515,0.013,0.472
20000,0.558,0.007,0.435
20500,0.554,0.012,0.434
21000,0.548,0.011,0.441
21500,0.538,0.012,0.450
22000,0.541,0.002,0.457
22500,0.543,0.011,0.446
23000,0.539,0.015,0.446
23500,0.516,0.012,0.472
24000,0.469,0.023,0.508
24500,0.472,0.015,0.513
25000,0.551,0.016,0.433
25500,0.488,0.016,0.496
26000,0.487,0.022,0.491
26500,0.502,0.020,0.478
27000,0.520,0.017,0.463
27500,0.501,0.021,0.478
28000,0.532,0.011,0.457
28500,0.518,0.010,0.472
29000,0.501,0.021,0.478
29500,0.524,0.015,0.461
30000,0.552,0.004,0.444
30500,0.531,0.012,0.457
31000,0.555,0.007,0.438
31500,0.536,0.004,0.460
32000,0.561,0.007,0.432
32500,0.567,0.003,0.430
33000,0.549,0.005,0.446
33500,0.569,0.006,0.425
34000,0.597,0.003,0.400
34500,0.581,0.006,0.413
35000,0.586,0.002,0.412
35500,0.565,0.000,0.435
36000,0.546,0.006,0.448
36500,0.542,0.009,0.449
37000,0.562,0.007,0.431
37500,0.554,0.003,0.443
38000,0.550,0.008,0.442
38500,0.567,0.006,0.427
39000,0.584,0.002,0.414
39500,0.582,0.006,0.412
40000,0.576,0.005,0.419
40500,0.577,0.003,0.420
41000,0.541,0.006,0.453
41500,0.545,0.015,0.440
42000,0.533,0.007,0.460
42500,0.502,0.013,0.485
43000,0.541,0.009,0.450
43500,0.523,0.012,0.465
44000,0.536,0.008,0.456
44500,0.557,0.006,0.437
45000,0.556,0.009,0.435
45500,0.570,0.011,0.419
46000,0.559,0.010,0.431
46500,0.567,0.013,0.420
47000,0.579,0.016,0.405
47500,0.564,0.010,0.426
48000,0.568,0.009,0.423
48500,0.561,0.004,0.435
49000,0.598,0.009,0.393
49500,0.604,0.002,0.394
50000,0.609,0.002,0.389
50500,0.607,0.003,0.390
51000,0.579,0.010,0.411
51500,0.596,0.004,0.400
52000,0.626,0.003,0.371
52500,0.575,0.002,0.423
53000,0.651,0.002,0.347
53500,0.617,0.005,0.378
54000,0.624,0.007,0.369
54500,0.624,0.001,0.375
55000,0.625,0.005,0.370
55500,0.605,0.006,0.389
56000,0.586,0.003,0.411
56500,0.573,0.014,0.413
57000,0.599,0.008,0.393
57500,0.602,0.003,0.395
58000,0.622,0.007,0.371
58500,0.584,0.007,0.409
59000,0.565,0.004,0.431
59500,0.599,0.006,0.395
60000,0.573,0.003,0.424
60500,0.573,0.005,0.422
61000,0.569,0.003,0.428
61500,0.582,0.004,0.414
62000,0.595,0.002,0.403
62500,0.583,0.004,0.413
63000,0.542,0.004,0.454
63500,0.559,0.006,0.435
64000,0.547,0.006,0.447
64500,0.537,0.007,0.456
65000,0.541,0.003,0.456
65500,0.576,0.003,0.421
66000,0.588,0.001,0.411
66500,0.596,0.002,0.402
67000,0.599,0.000,0.401
67500,0.554,0.006,0.440
68000,0.537,0.001,0.462
68500,0.536,0.008,0.456
69000,0.492,0.004,0.504
69500,0.494,0.010,0.496
70000,0.480,0.004,0.516
70500,0.470,0.015,0.515
71000,0.463,0.032,0.505
71500,0.473,0.022,0.505
72000,0.485,0.017,0.498
72500,0.470,0.020,0.510
73000,0.456,0.013,0.531
73500,0.473,0.017,0.510
74000,0.470,0.015,0.515
74500,0.530,0.014,0.456
75000,0.497,0.008,0.495
75500,0.532,0.014,0.454
76000,0.513,0.013,0.474
76500,0.517,0.020,0.463
77000,0.536,0.016,0.448
77500,0.548,0.012,0.440
78000,0.566,0.005,0.429
78500,0.612,0.002,0.386
79000,0.619,0.002,0.379
79500,0.607,0.010,0.383
80000,0.611,0.006,0.383
80500,0.567,0.005,0.428
81000,0.578,0.007,0.415
81500,0.537,0.012,0.451
82000,0.504,0.012,0.484
82500,0.502,0.012,0.486
83000,0.530,0.018,0.452
83500,0.531,0.017,0.452
84000,0.512,0.015,0.473
84500,0.531,0.011,0.458
85000,0.504,0.010,0.486
85500,0.521,0.011,0.468
86000,0.503,0.006,0.491
86500,0.546,0.016,0.438
87000,0.560,0.010,0.430
87500,0.565,0.010,0.425
88000,0.552,0.009,0.439
88500,0.599,0.016,0.385
89000,0.530,0.016,0.454
89500,0.533,0.016,0.451
90000,0.545,0.016,0.439
90500,0.536,0.009,0.455
91000,0.532,0.011,0.457
91500,0.499,0.010,0.491
92000,0.499,0.015,0.486
92500,0.487,0.009,0.504
93000,0.501,0.013,0.486
93500,0.478,0.014,0.508
94000,0.455,0.023,0.522
94500,0.471,0.021,0.508
95000,0.481,0.020,0.499
95500,0.509,0.010,0.481
96000,0.487,0.011,0.502
96500,0.536,0.006,0.458
97000,0.535,0.000,0.465
97500,0.536,0.005,0.459
98000,0.511,0.007,0.482
98500,0.531,0.006,0.463
99000,0.519,0.019,0.462
99500,0.535,0.012,0.453
100000,0.560,0.006,0.434
100500,0.533,0.010,0.457
101000,0.547,0.009,0.444
101500,0.557,0.008,0.435
102000,0.532,0.011,0.457
102500,0.527,0.007,0.466
103000,0.513,0.011,0.476
103500,0.568,0.017,0.415
104000,0.586,0.009,0.405
104500,0.609,0.002,0.389
105000,0.588,0.001,0.411
105500,0.600,0.014,0.386
106000,0.621,0.007,0.372
106500,0.611,0.007,0.382
107000,0.581,0.009,0.410
107500,0.588,0.006,0.406
108000,0.533,0.017,0.450
108500,0.510,0.009,0.481
109000,0.511,0.006,0.483
109500,0.503,0.009,0.488
110000,0.481,0.021,0.498
110500,0.474,0.031,0.495
111000,0.435,0.024,0.541
111500,0.447,0.015,0.538
112000,0.480,0.021,0.499
112500,0.455,0.023,0.522
113000,0.495,0.019,0.486
113500,0.439,0.031,0.530
114000,0.436,0.016,0.548
114500,0.459,0.015,0.526
115000,0.437,0.017,0.546
115500,0.420,0.020,0.560
116000,0.440,0.012,0.548
116500,0.487,0.021,0.492
117000,0.483,0.019,0.498
117500,0.522,0.016,0.462
118000,0.480,0.011,0.509
118500,0.480,0.010,0.510
119000,0.486,0.018,0.496
119500,0.490,0.029,0.481
120000,0.509,0.013,0.478
120500,0.473,0.027,0.500
121000,0.482,0.020,0.498
121500,0.456,0.014,0.530
122000,0.462,0.013,0.525
122500,0.451,0.026,0.523
123000,0.484,0.020,0.496
123500,0.463,0.024,0.513
124000,0.470,0.015,0.515
124500,0.483,0.018,0.499
125000,0.466,0.015,0.519
125500,0.469,0.015,0.516
126000,0.479,0.014,0.507
126500,0.488,0.020,0.492
127000,0.527,0.019,0.454
127500,0.500,0.019,0.481
128000,0.478,0.016,0.506
128500,0.541,0.016,0.443
129000,0.546,0.014,0.440
129500,0.514,0.008,0.478
130000,0.509,0.014,0.477
130500,0.448,0.014,0.538
131000,0.471,0.020,0.509
131500,0.470,0.014,0.516
132000,0.494,0.010,0.496
132500,0.476,0.010,0.514
133000,0.488,0.008,0.504
133500,0.452,0.011,0.537
134000,0.460,0.020,0.520
134500,0.481,0.016,0.503
135000,0.534,0.016,0.450
135500,0.539,0.014,0.447
136000,0.554,0.012,0.434
136500,0.562,0.003,0.435
137000,0.501,0.015,0.484
137500,0.507,0.010,0.483
138000,0.485,0.005,0.510
138500,0.529,0.009,0.462
139000,0.515,0.022,0.463
139500,0.532,0.008,0.460
140000,0.555,0.015,0.430
140500,0.548,0.015,0.437
141000,0.538,0.020,0.442
141500,0.551,0.014,0.435
142000,0.557,0.009,0.434
142500,0.520,0.017,0.463
143000,0.488,0.008,0.504
143500,0.488,0.027,0.485
144000,0.516,0.016,0.468
144500,0.467,0.019,0.514
145000,0.505,0.013,0.482
145500,0.501,0.021,0.478
146000,0.516,0.014,0.470
146500,0.489,0.022,0.489
147000,0.539,0.015,0.446
147500,0.537,0.019,0.444
148000,0.520,0.013,0.467
148500,0.530,0.014,0.456
149000,0.543,0.009,0.448
149500,0.539,0.017,0.444
150000,0.521,0.006,0.473
150500,0.550,0.014,0.436
151000,0.547,0.013,0.440
151500,0.531,0.013,0.456
152000,0.525,0.005,0.470
152500,0.550,0.006,0.444
153000,0.532,0.006,0.462
153500,0.507,0.016,0.477
154000,0.508,0.012,0.480
154500,0.542,0.014,0.444
155000,0.554,0.004,0.442
155500,0.563,0.010,0.427
156000,0.577,0.005,0.418
156500,0.591,0.005,0.404
157000,0.590,0.012,0.398
157500,0.609,0.015,0.376
158000,0.599,0.009,0.392
158500,0.602,0.006,0.392
159000,0.577,0.008,0.415
159500,0.610,0.005,0.385
160000,0.618,0.002,0.380
160500,0.613,0.005,0.382
161000,0.615,0.005,0.380
161500,0.628,0.005,0.367
162000,0.604,0.012,0.384
162500,0.627,0.003,0.370
163000,0.593,0.001,0.406
163500,0.533,0.001,0.466
164000,0.544,0.018,0.438
164500,0.527,0.019,0.454
165000,0.506,0.020,0.474
165500,0.521,0.012,0.467
166000,0.521,0.018,0.461
166500,0.502,0.031,0.467
167000,0.503,0.014,0.483
167500,0.444,0.025,0.531
168000,0.426,0.026,0.548
168500,0.447,0.021,0.532
169000,0.483,0.021,0.496
169500,0.502,0.009,0.489
170000,0.506,0.021,0.473
170500,0.531,0.016,0.453
171000,0.515,0.019,0.466
171500,0.553,0.011,0.436
172000,0.521,0.026,0.453
172500,0.489,0.017,0.494
173000,0.466,0.017,0.517
173500,0.450,0.011,0.539
174000,0.468,0.018,0.514
174500,0.490,0.008,0.502
175000,0.491,0.008,0.501
175500,0.489,0.027,0.484
176000,0.455,0.028,0.517
176500,0.453,0.024,0.523
177000,0.430,0.021,0.549
177500,0.428,0.042,0.530
178000,0.443,0.029,0.528
178500,0.454,0.018,0.528
179000,0.484,0.020,0.496
179500,0.504,0.033,0.463
180000,0.497,0.015,0.488
180500,0.455,0.010,0.535
181000,0.517,0.015,0.468
181500,0.530,0.010,0.460
182000,0.532,0.011,0.457
182500,0.514,0.025,0.461
183000,0.551,0.016,0.433
183500,0.565,0.015,0.420
184000,0.580,0.007,0.413
184500,0.549,0.011,0.440
185000,0.571,0.006,0.423
185500,0.600,0.008,0.392
186000,0.553,0.017,0.430
186500,0.553,0.005,0.442
187000,0.549,0.004,0.447
187500,0.563,0.007,0.430
188000,0.539,0.012,0.449
188500,0.514,0.019,0.467
189000,0.522,0.021,0.457
189500,0.507,0.017,0.476
190000,0.527,0.019,0.454
190500,0.510,0.018,0.472
191000,0.504,0.014,0.482
191500,0.506,0.013,0.481
192000,0.509,0.014,0.477
192500,0.539,0.014,0.447
193000,0.513,0.007,0.480
193500,0.520,0.009,0.471
194000,0.465,0.006,0.529
194500,0.512,0.005,0.483
195000,0.510,0.007,0.483
195500,0.493,0.007,0.500
196000,0.501,0.015,0.484
196500,0.495,0.014,0.491
197000,0.543,0.014,0.443
197500,0.583,0.008,0.409
198000,0.551,0.010,0.439
198500,0.550,0.016,0.434
199000,0.539,0.013,0.448
199500,0.554,0.005,0.441
200000,0.530,0.004,0.466
200500,0.529,0.010,0.461
201000,0.522,0.014,0.464
201500,0.556,0.008,0.436
202000,0.571,0.006,0.423
202500,0.582,0.008,0.410
203000,0.588,0.002,0.410
203500,0.599,0.003,0.398
204000,0.608,0.006,0.386
204500,0.598,0.002,0.400
205000,0.571,0.005,0.424
205500,0.568,0.002,0.430
206000,0.582,0.001,0.417
206500,0.542,0.004,0.454
207000,0.548,0.011,0.441
207500,0.568,0.012,0.420
208000,0.569,0.012,0.419
208500,0.579,0.007,0.414
209000,0.568,0.008,0.424
209500,0.609,0.004,0.387
210000,0.593,0.004,0.403
210500,0.570,0.015,0.415
211000,0.542,0.014,0.444
211500,0.544,0.008,0.448
212000,0.544,0.012,0.444
212500,0.555,0.003,0.442
213000,0.553,0.004,0.443
213500,0.565,0.005,0.430
214000,0.530,0.013,0.457
214500,0.515,0.007,0.478
215000,0.528,0.013,0.459
215500,0.553,0.010,0.437
216000,0.548,0.011,0.441
216500,0.544,0.007,0.449
217000,0.577,0.005,0.418
217500,0.614,0.002,0.384
218000,0.585,0.006,0.409
218500,0.569,0.019,0.412
219000,0.595,0.003,0.402
219500,0.602,0.000,0.398
220000,0.570,0.006,0.424
220500,0.558,0.008,0.434
221000,0.517,0.014,0.469
221500,0.533,0.008,0.459
222000,0.559,0.013,0.428
222500,0.541,0.008,0.451
223000,0.555,0.015,0.430
223500,0.553,0.017,0.430
224000,0.540,0.002,0.458
224500,0.555,0.003,0.442
225000,0.559,0.003,0.438
225500,0.575,0.004,0.421
226000,0.571,0.004,0.425
226500,0.575,0.001,0.424
227000,0.591,0.006,0.403
227500,0.579,0.011,0.410
228000,0.570,0.009,0.421
228500,0.580,0.002,0.418
229000,0.553,0.006,0.441
229500,0.535,0.010,0.455
230000,0.549,0.002,0.449
230500,0.539,0.012,0.449
231000,0.568,0.005,0.427
231500,0.582,0.007,0.411
232000,0.609,0.006,0.385
232500,0.603,0.007,0.390
233000,0.612,0.008,0.380
233500,0.589,0.010,0.401
234000,0.558,0.007,0.435
234500,0.583,0.008,0.409
235000,0.590,0.012,0.398
235500,0.568,0.005,0.427
236000,0.523,0.005,0.472
236500,0.500,0.016,0.484
237000,0.534,0.007,0.459
237500,0.575,0.009,0.416
238000,0.572,0.008,0.420
238500,0.571,0.008,0.421
239000,0.583,0.002,0.415
239500,0.606,0.000,0.394
240000,0.628,0.000,0.372
240500,0.645,0.001,0.354
241000,0.649,0.001,0.350
241500,0.644,0.000,0.356
242000,0.636,0.000,0.364
242500,0.621,0.007,0.372
243000,0.598,0.011,0.391
243500,0.577,0.009,0.414
244000,0.545,0.006,0.449
244500,0.536,0.007,0.457
245000,0.553,0.007,0.440
245500,0.544,0.008,0.448
246000,0.535,0.009,0.456
246500,0.566,0.011,0.423
247000,0.584,0.012,0.404
247500,0.554,0.011,0.435
248000,0.552,0.013,0.435
248500,0.552,0.011,0.437
249000,0.563,0.008,0.429
249500,0.570,0.019,0.411
250000,0.566,0.019,0.415
250500,0.567,0.013,0.420
251000,0.553,0.009,0.438
251500,0.528,0.020,0.452
252000,0.515,0.030,0.455
252500,0.500,0.017,0.483
253000,0.496,0.014,0.490
253500,0.487,0.021,0.492
254000,0.462,0.020,0.518
254500,0.461,0.033,0.506
255000,0.433,0.030,0.537
255500,0.428,0.037,0.535
256000,0.449,0.034,0.517
256500,0.484,0.028,0.488
257000,0.502,0.015,0.483
257500,0.478,0.008,0.514
258000,0.493,0.009,0.498
258500,0.555,0.010,0.435
259000,0.562,0.009,0.429
259500,0.597,0.002,0.401
260000,0.593,0.003,0.404
260500,0.581,0.002,0.417
261000,0.563,0.009,0.428
261500,0.561,0.001,0.438
262000,0.535,0.008,0.457
262500,0.497,0.013,0.490
263000,0.528,0.019,0.453
263500,0.531,0.016,0.453
264000,0.563,0.005,0.432
264500,0.556,0.004,0.440
265000,0.520,0.011,0.469
265500,0.527,0.003,0.470
266000,0.537,0.017,0.446
266500,0.513,0.013,0.474
267000,0.528,0.004,0.468
267500,0.512,0.011,0.477
268000,0.507,0.017,0.476
268500,0.537,0.010,0.453
269000,0.556,0.004,0.440
269500,0.596,0.002,0.402
270000,0.580,0.006,0.414
270500,0.621,0.005,0.374
271000,0.581,0.003,0.416
271500,0.583,0.009,0.408
272000,0.579,0.008,0.413
272500,0.548,0.002,0.450
273000,0.526,0.011,0.463
273500,0.511,0.002,0.487
274000,0.532,0.015,0.453
274500,0.540,0.017,0.443
275000,0.525,0.007,0.468
275500,0.556,0.008,0.436
276000,0.552,0.009,0.439
276500,0.567,0.011,0.422
277000,0.559,0.014,0.427
277500,0.509,0.018,0.473
278000,0.512,0.019,0.469
278500,0.523,0.012,0.465
279000,0.496,0.008,0.496
279500,0.450,0.010,0.540
280000,0.442,0.018,0.540
280500,0.494,0.021,0.485
281000,0.491,0.027,0.482
281500,0.475,0.022,0.503
282000,0.486,0.015,0.499
282500,0.473,0.023,0.504
283000,0.492,0.018,0.490
283500,0.501,0.014,0.485
284000,0.476,0.017,0.507
284500,0.447,0.029,0.524
285000,0.474,0.020,0.506
285500,0.485,0.018,0.497
286000,0.476,0.016,0.508
286500,0.408,0.034,0.558
287000,0.401,0.009,0.590
287500,0.416,0.020,0.564
288000,0.402,0.055,0.543
288500,0.394,0.061,0.545
289000,0.357,0.038,0.605
289500,0.345,0.037,0.618
290000,0.365,0.043,0.592
290500,0.393,0.047,0.560
291000,0.436,0.033,0.531
291500,0.418,0.031,0.551
292000,0.434,0.014,0.552
292500,0.431,0.027,0.542
293000,0.433,0.017,0.550
293500,0.479,0.012,0.509
294000,0.483,0.017,0.500
294500,0.497,0.014,0.489
295000,0.534,0.006,0.460
295500,0.533,0.005,0.462
296000,0.530,0.006,0.464
296500,0.518,0.006,0.476
297000,0.548,0.010,0.442
297500,0.503,0.013,0.484
298000,0.488,0.009,0.503
298500,0.511,0.014,0.475
299000,0.480,0.019,0.501
299500,0.497,0.011,0.492
300000,0.553,0.009,0.438
300500,0.538,0.002,0.460
301000,0.536,0.009,0.455
301500,0.526,0.002,0.472
302000,0.537,0.007,0.456
302500,0.568,0.003,0.429
303000,0.541,0.018,0.441
303500,0.570,0.016,0.414
304000,0.555,0.016,0.429
304500,0.536,0.013,0.451
305000,0.537,0.009,0.454
305500,0.585,0.007,0.408
306000,0.571,0.003,0.426
306500,0.603,0.001,0.396
307000,0.557,0.008,0.435
307500,0.542,0.010,0.448
308000,0.519,0.021,0.460
308500,0.532,0.009,0.459
309000,0.555,0.012,0.433
309500,0.512,0.002,0.486
310000,0.504,0.032,0.464
310500,0.522,0.025,0.453
311000,0.491,0.016,0.493
311500,0.542,0.010,0.448
312000,0.538,0.007,0.455
312500,0.541,0.010,0.449
313000,0.553,0.003,0.444
313500,0.567,0.006,0.427
314000,0.570,0.005,0.425
314500,0.551,0.009,0.440
315000,0.545,0.004,0.451
315500,0.553,0.011,0.436
316000,0.540,0.011,0.449
316500,0.561,0.004,0.435
317000,0.576,0.002,0.422
317500,0.565,0.003,0.432
318000,0.600,0.001,0.399
318500,0.641,0.002,0.357
319000,0.622,0.002,0.376
319500,0.641,0.006,0.353
320000,0.645,0.002,0.353
320500,0.639,0.001,0.360
321000,0.618,0.008,0.374
321500,0.620,0.004,0.376
322000,0.619,0.002,0.379
322500,0.560,0.004,0.436
323000,0.552,0.003,0.445
323500,0.540,0.000,0.460
324000,0.543,0.003,0.454
324500,0.518,0.007,0.475
325000,0.538,0.012,0.450
325500,0.501,0.012,0.487
326000,0.529,0.024,0.447
326500,0.535,0.012,0.453
327000,0.531,0.013,0.456
327500,0.572,0.006,0.422
328000,0.557,0.013,0.430
328500,0.537,0.011,0.452
329000,0.548,0.006,0.446
329500,0.604,0.004,0.392
330000,0.606,0.002,0.392
330500,0.621,0.003,0.376
331000,0.622,0.002,0.376
331500,0.555,0.001,0.444
332000,0.560,0.010,0.430
332500,0.548,0.002,0.450
333000,0.555,0.006,0.439
333500,0.584,0.007,0.409
334000,0.573,0.012,0.415
334500,0.579,0.005,0.416
335000,0.581,0.008,0.411
335500,0.536,0.006,0.458
336000,0.519,0.002,0.479
336500,0.566,0.012,0.422
337000,0.541,0.002,0.457
337500,0.532,0.001,0.467
338000,0.540,0.012,0.448
338500,0.522,0.024,0.454
339000,0.524,0.015,0.461
339500,0.492,0.010,0.498
340000,0.515,0.016,0.469
340500,0.561,0.019,0.420
341000,0.543,0.016,0.441
341500,0.554,0.012,0.434
342000,0.555,0.015,0.430
342500,0.557,0.004,0.439
343000,0.584,0.006,0.410
343500,0.564,0.011,0.425
344000,0.516,0.015,0.469
344500,0.494,0.009,0.497
345000,0.552,0.008,0.440
345500,0.538,0.010,0.452
346000,0.546,0.019,0.435
346500,0.545,0.009,0.446
347000,0.571,0.005,0.424
347500,0.577,0.002,0.421
348000,0.589,0.010,0.401
348500,0.574,0.006,0.420
349000,0.609,0.004,0.387
349500,0.595,0.012,0.393
350000,0.567,0.007,0.426
350500,0.608,0.006,0.386
351000,0.576,0.003,0.421
351500,0.533,0.009,0.458
352000,0.543,0.007,0.450
352500,0.528,0.016,0.456
353000,0.559,0.013,0.428
353500,0.550,0.003,0.447
354000,0.558,0.000,0.442
354500,0.575,0.006,0.419
355000,0.604,0.006,0.390
355500,0.578,0.012,0.410
356000,0.551,0.004,0.445
356500,0.493,0.011,0.496
357000,0.483,0.021,0.496
357500,0.485,0.021,0.494
358000,0.466,0.019,0.515
358500,0.475,0.017,0.508
359000,0.507,0.011,0.482
359500,0.496,0.019,0.485
360000,0.488,0.016,0.496
360500,0.483,0.016,0.501
361000,0.490,0.022,0.488
361500,0.506,0.014,0.480
362000,0.509,0.015,0.476
362500,0.512,0.017,0.471
363000,0.515,0.026,0.459
363500,0.509,0.016,0.475
364000,0.499,0.019,0.482
364500,0.472,0.031,0.497
365000,0.499,0.012,0.489
365500,0.489,0.013,0.498
366000,0.493,0.005,0.502
366500,0.481,0.013,0.506
367000,0.456,0.019,0.525
367500,0.468,0.017,0.515
368000,0.432,0.033,0.535
368500,0.413,0.026,0.561
369000,0.412,0.031,0.557
369500,0.423,0.027,0.550
370000,0.414,0.040,0.546
370500,0.394,0.034,0.572
371000,0.424,0.044,0.532
371500,0.488,0.020,0.492
372000,0.473,0.025,0.502
372500,0.461,0.022,0.517
373000,0.440,0.022,0.538
373500,0.447,0.026,0.527
374000,0.463,0.022,0.515
374500,0.502,0.017,0.481
375000,0.495,0.016,0.489
375500,0.476,0.022,0.502
376000,0.480,0.011,0.509
376500,0.523,0.007,0.470
377000,0.563,0.007,0.430
377500,0.536,0.010,0.454
378000,0.560,0.001,0.439
378500,0.585,0.008,0.407
379000,0.621,0.010,0.369
379500,0.619,0.001,0.380
380000,0.646,0.004,0.350
380500,0.672,0.005,0.323
381000,0.656,0.005,0.339
381500,0.663,0.004,0.333
382000,0.654,0.005,0.341
382500,0.655,0.001,0.344
383000,0.655,0.000,0.345
383500,0.650,0.005,0.345
384000,0.638,0.001,0.361
384500,0.631,0.002,0.367
385000,0.626,0.000,0.374
385500,0.658,0.000,0.342
386000,0.656,0.000,0.344
386500,0.643,0.004,0.353
387000,0.621,0.003,0.376
387500,0.620,0.006,0.374
388000,0.655,0.015,0.330
388500,0.623,0.005,0.372
389000,0.606,0.005,0.389
389500,0.555,0.005,0.440
390000,0.573,0.006,0.421
390500,0.559,0.005,0.436
391000,0.557,0.004,0.439
391500,0.539,0.003,0.458
392000,0.556,0.008,0.436
392500,0.555,0.012,0.433
393000,0.610,0.001,0.389
393500,0.580,0.006,0.414
394000,0.609,0.007,0.384
394500,0.616,0.009,0.375
395000,0.599,0.008,0.393
395500,0.607,0.003,0.390
396000,0.608,0.006,0.386
396500,0.602,0.003,0.395
397000,0.634,0.007,0.359
397500,0.635,0.002,0.363
398000,0.635,0.004,0.361
398500,0.617,0.003,0.380
399000,0.611,0.004,0.385
399500,0.597,0.001,0.402
400000,0.551,0.006,0.443
400500,0.573,0.006,0.421
401000,0.596,0.011,0.393
401500,0.545,0.009,0.446
402000,0.492,0.011,0.497
402500,0.501,0.016,0.483
403000,0.488,0.010,0.502
403500,0.475,0.014,0.511
404000,0.511,0.005,0.484
404500,0.497,0.009,0.494
405000,0.501,0.009,0.490
405500,0.494,0.008,0.498
406000,0.501,0.007,0.492
406500,0.497,0.009,0.494
407000,0.444,0.018,0.538
407500,0.470,0.028,0.502
408000,0.431,0.022,0.547
408500,0.424,0.030,0.546
409000,0.449,0.017,0.534
409500,0.484,0.022,0.494
410000,0.485,0.019,0.496
410500,0.454,0.009,0.537
411000,0.534,0.009,0.457
411500,0.499,0.010,0.491
412000,0.489,0.011,0.500
412500,0.471,0.030,0.499
413000,0.478,0.014,0.508
413500,0.487,0.017,0.496
414000,0.497,0.028,0.475
414500,0.497,0.014,0.489
415000,0.464,0.014,0.522
415500,0.511,0.002,0.487
416000,0.526,0.008,0.466
416500,0.512,0.007,0.481
417000,0.559,0.012,0.429
417500,0.551,0.007,0.442
418000,0.544,0.027,0.429
418500,0.520,0.013,0.467
419000,0.518,0.008,0.474
419500,0.546,0.005,0.449
420000,0.556,0.006,0.438
420500,0.577,0.012,0.411
421000,0.557,0.011,0.432
421500,0.539,0.010,0.451
422000,0.521,0.005,0.474
422500,0.536,0.012,0.452
423000,0.580,0.007,0.413
423500,0.580,0.008,0.412
424000,0.549,0.023,0.428
424500,0.543,0.014,0.443
425000,0.516,0.014,0.470
425500,0.506,0.017,0.477
426000,0.502,0.014,0.484
426500,0.510,0.015,0.475
427000,0.503,0.028,0.469
427500,0.527,0.024,0.449
428000,0.570,0.007,0.423
428500,0.541,0.006,0.453
429000,0.548,0.018,0.434
429500,0.556,0.021,0.423
430000,0.566,0.012,0.422
430500,0.550,0.017,0.433
431000,0.545,0.019,0.436
431500,0.558,0.020,0.422
432000,0.562,0.015,0.423
432500,0.541,0.001,0.458
433000,0.551,0.016,0.433
433500,0.574,0.013,0.413
434000,0.580,0.012,0.408
434500,0.540,0.012,0.448
435000,0.505,0.015,0.480
435500,0.517,0.007,0.476
436000,0.540,0.010,0.450
436500,0.500,0.017,0.483
437000,0.467,0.014,0.519
437500,0.469,0.012,0.519
438000,0.500,0.013,0.487
438500,0.508,0.005,0.487
439000,0.529,0.009,0.462
439500,0.553,0.009,0.438
440000,0.548,0.007,0.445
440500,0.574,0.008,0.418
441000,0.573,0.008,0.419
441500,0.537,0.015,0.448
442000,0.589,0.008,0.403
442500,0.553,0.004,0.443
443000,0.544,0.007,0.449
443500,0.579,0.008,0.413
444000,0.610,0.002,0.388
444500,0.628,0.004,0.368
445000,0.613,0.007,0.380
445500,0.575,0.014,0.411
446000,0.559,0.017,0.424
446500,0.558,0.007,0.435
447000,0.591,0.004,0.405
447500,0.621,0.005,0.374
448000,0.573,0.006,0.421
448500,0.592,0.005,0.403
449000,0.567,0.001,0.432
449500,0.579,0.002,0.419
450000,0.587,0.001,0.412
450500,0.591,0.007,0.402
451000,0.639,0.003,0.358
451500,0.623,0.014,0.363
452000,0.587,0.010,0.403
452500,0.565,0.009,0.426
453000,0.586,0.004,0.410
453500,0.579,0.001,0.420
454000,0.586,0.006,0.408
454500,0.580,0.006,0.414
455000,0.579,0.004,0.417
455500,0.568,0.008,0.424
456000,0.542,0.011,0.447
456500,0.498,0.007,0.495
457000,0.510,0.005,0.485
457500,0.531,0.006,0.463
458000,0.573,0.005,0.422
458500,0.567,0.006,0.427
459000,0.554,0.005,0.441
459500,0.539,0.005,0.456
460000,0.547,0.008,0.445
460500,0.546,0.009,0.445
461000,0.526,0.004,0.470
461500,0.512,0.014,0.474
462000,0.519,0.007,0.474
462500,0.527,0.017,0.456
463000,0.503,0.016,0.481
463500,0.499,0.018,0.483
464000,0.491,0.006,0.503
464500,0.479,0.010,0.511
465000,0.511,0.005,0.484
465500,0.535,0.011,0.454
466000,0.557,0.009,0.434
466500,0.602,0.003,0.395
467000,0.584,0.002,0.414
467500,0.612,0.000,0.388
468000,0.638,0.004,0.358
468500,0.657,0.007,0.336
469000,0.635,0.002,0.363
469500,0.601,0.002,0.397
470000,0.608,0.005,0.387
470500,0.623,0.007,0.370
471000,0.605,0.007,0.388
471500,0.601,0.001,0.398
472000,0.614,0.000,0.386
472500,0.582,0.001,0.417
473000,0.569,0.007,0.424
473500,0.612,0.006,0.382
474000,0.598,0.002,0.400
474500,0.585,0.003,0.412
475000,0.570,0.007,0.423
475500,0.545,0.006,0.449
476000,0.556,0.012,0.432
476500,0.554,0.001,0.445
477000,0.538,0.005,0.457
477500,0.559,0.002,0.439
478000,0.560,0.004,0.436
478500,0.540,0.007,0.453
479000,0.547,0.003,0.450
479500,0.569,0.006,0.425
480000,0.577,0.009,0.414
480500,0.594,0.004,0.402
481000,0.568,0.018,0.414
481500,0.566,0.011,0.423
482000,0.580,0.008,0.412
482500,0.552,0.010,0.438
483000,0.515,0.010,0.475
483500,0.533,0.007,0.460
484000,0.533,0.003,0.464
484500,0.540,0.018,0.442
485000,0.482,0.014,0.504
485500,0.500,0.009,0.491
486000,0.506,0.011,0.483
486500,0.474,0.022,0.504
487000,0.505,0.027,0.468
487500,0.489,0.017,0.494
488000,0.540,0.009,0.451
488500,0.545,0.012,0.443
489000,0.573,0.009,0.418
489500,0.562,0.006,0.432
490000,0.591,0.008,0.401
490500,0.615,0.001,0.384
491000,0.578,0.003,0.419
491500,0.566,0.003,0.431
492000,0.556,0.012,0.432
492500,0.553,0.008,0.439
493000,0.510,0.005,0.485
493500,0.546,0.005,0.449
494000,0.572,0.004,0.424
494500,0.578,0.003,0.419
495000,0.594,0.004,0.402
495500,0.576,0.005,0.419
496000,0.547,0.005,0.448
496500,0.572,0.004,0.424
497000,0.578,0.003,0.419
497500,0.571,0.001,0.428
498000,0.545,0.006,0.449
498500,0.546,0.008,0.446
499000,0.500,0.015,0.485
499500,0.502,0.012,0.486
500000,0.490,0.022,0.488
500500,0.499,0.014,0.487
501000,0.484,0.015,0.501
501500,0.457,0.022,0.521
502000,0.518,0.011,0.471
502500,0.569,0.005,0.426
503000,0.557,0.003,0.440
503500,0.557,0.001,0.442
504000,0.524,0.000,0.476
504500,0.512,0.020,0.468
505000,0.501,0.014,0.485
505500,0.465,0.021,0.514
506000,0.500,0.016,0.484
506500,0.520,0.010,0.470
507000,0.553,0.009,0.438
507500,0.551,0.009,0.440
508000,0.558,0.017,0.425
508500,0.558,0.015,0.427
509000,0.556,0.011,0.433
509500,0.560,0.011,0.429
510000,0.508,0.008,0.484
510500,0.522,0.006,0.472
511000,0.561,0.007,0.432
511500,0.550,0.006,0.444
512000,0.530,0.005,0.465
512500,0.533,0.010,0.457
513000,0.534,0.018,0.448
513500,0.531,0.017,0.452
514000,0.528,0.015,0.457
514500,0.520,0.034,0.446
515000,0.511,0.029,0.460
515500,0.493,0.021,0.486
516000,0.469,0.023,0.508
516500,0.479,0.017,0.504
517000,0.483,0.015,0.502
517500,0.531,0.011,0.458
518000,0.507,0.020,0.473
518500,0.514,0.016,0.470
519000,0.523,0.007,0.470
519500,0.527,0.006,0.467
520000,0.479,0.012,0.509
520500,0.444,0.021,0.535
521000,0.497,0.008,0.495
521500,0.498,0.012,0.490
522000,0.516,0.008,0.476
522500,0.559,0.006,0.435
523000,0.553,0.017,0.430
523500,0.538,0.015,0.447
524000,0.566,0.011,0.423
524500,0.570,0.008,0.422
525000,0.583,0.007,0.410
525500,0.521,0.009,0.470
526000,0.525,0.013,0.462
526500,0.495,0.006,0.499
527000,0.522,0.010,0.468
527500,0.513,0.014,0.473
528000,0.517,0.018,0.465
528500,0.514,0.009,0.477
529000,0.522,0.004,0.474
529500,0.566,0.006,0.428
530000,0.579,0.009,0.412
530500,0.559,0.012,0.429
531000,0.552,0.007,0.441
531500,0.531,0.011,0.458
532000,0.552,0.013,0.435
532500,0.555,0.012,0.433
533000,0.536,0.013,0.451
533500,0.520,0.015,0.465
534000,0.503,0.006,0.491
534500,0.509,0.003,0.488
535000,0.467,0.012,0.521
535500,0.485,0.018,0.497
536000,0.482,0.020,0.498
536500,0.484,0.012,0.504
537000,0.479,0.022,0.499
537500,0.467,0.016,0.517
538000,0.469,0.026,0.505
538500,0.534,0.021,0.445
539000,0.581,0.011,0.408
539500,0.591,0.005,0.404
540000,0.582,0.002,0.416
540500,0.614,0.004,0.382
541000,0.556,0.007,0.437
541500,0.553,0.003,0.444
542000,0.557,0.008,0.435
542500,0.546,0.010,0.444
543000,0.495,0.004,0.501
543500,0.533,0.007,0.460
544000,0.553,0.010,0.437
544500,0.571,0.003,0.426
545000,0.585,0.002,0.413
545500,0.587,0.005,0.408
546000,0.536,0.002,0.462
546500,0.542,0.007,0.451
547000,0.526,0.016,0.458
547500,0.473,0.019,0.508
548000,0.496,0.018,0.486
548500,0.504,0.021,0.475
549000,0.518,0.017,0.465
549500,0.507,0.012,0.481
550000,0.528,0.013,0.459
550500,0.493,0.015,0.492
551000,0.481,0.012,0.507
551500,0.520,0.007,0.473
552000,0.494,0.011,0.495
552500,0.484,0.005,0.511
553000,0.513,0.007,0.480
553500,0.546,0.011,0.443
554000,0.551,0.015,0.434
554500,0.514,0.021,0.465
555000,0.506,0.013,0.481
555500,0.488,0.011,0.501
556000,0.508,0.010,0.482
556500,0.483,0.016,0.501
557000,0.478,0.020,0.502
557500,0.490,0.024,0.486
558000,0.503,0.024,0.473
558500,0.497,0.019,0.484
559000,0.459,0.019,0.522
559500,0.443,0.021,0.536
560000,0.435,0.035,0.530
560500,0.485,0.023,0.492
561000,0.469,0.022,0.509
561500,0.490,0.019,0.491
562000,0.471,0.034,0.495
562500,0.442,0.025,0.533
563000,0.420,0.019,0.561
563500,0.417,0.020,0.563
564000,0.418,0.015,0.567
564500,0.454,0.020,0.526
565000,0.488,0.020,0.492
565500,0.478,0.018,0.504
566000,0.494,0.016,0.490
566500,0.508,0.010,0.482
567000,0.554,0.008,0.438
567500,0.568,0.004,0.428
568000,0.599,0.006,0.395
568500,0.599,0.009,0.392
569000,0.599,0.008,0.393
569500,0.596,0.007,0.397
570000,0.560,0.003,0.437
570500,0.564,0.004,0.432
571000,0.566,0.009,0.425
571500,0.587,0.002,0.411
572000,0.582,0.013,0.405
572500,0.564,0.006,0.430
573000,0.588,0.007,0.405
573500,0.582,0.002,0.416
574000,0.561,0.001,0.438
574500,0.533,0.007,0.460
575000,0.548,0.014,0.438
575500,0.576,0.008,0.416
576000,0.571,0.008,0.421
576500,0.572,0.003,0.425
577000,0.534,0.006,0.460
577500,0.501,0.004,0.495
578000,0.513,0.007,0.480
578500,0.489,0.006,0.505
579000,0.510,0.008,0.482
579500,0.518,0.011,0.471
580000,0.543,0.010,0.447
580500,0.527,0.011,0.462
581000,0.548,0.013,0.439
581500,0.543,0.012,0.445
582000,0.553,0.009,0.438
582500,0.535,0.002,0.463
583000,0.513,0.017,0.470
583500,0.524,0.018,0.458
584000,0.519,0.015,0.466
584500,0.537,0.007,0.456
585000,0.549,0.005,0.446
585500,0.574,0.003,0.423
586000,0.556,0.012,0.432
586500,0.539,0.006,0.455
587000,0.483,0.011,0.506
587500,0.511,0.009,0.480
588000,0.493,0.019,0.488
588500,0.501,0.020,0.479
589000,0.507,0.014,0.479
589500,0.555,0.018,0.427
590000,0.567,0.005,0.428
590500,0.553,0.014,0.433
591000,0.550,0.010,0.440
591500,0.549,0.006,0.445
592000,0.558,0.009,0.433
592500,0.563,0.009,0.428
593000,0.555,0.008,0.437
593500,0.519,0.015,0.466
594000,0.555,0.015,0.430
594500,0.608,0.008,0.384
595000,0.608,0.001,0.391
595500,0.602,0.001,0.397
596000,0.579,0.001,0.420
596500,0.573,0.008,0.419
597000,0.542,0.003,0.455
597500,0.525,0.008,0.467
598000,0.558,0.007,0.435
598500,0.540,0.013,0.447
599000,0.535,0.012,0.453
599500,0.498,0.011,0.491
600000,0.503,0.005,0.492
600500,0.498,0.015,0.487
601000,0.466,0.023,0.511
601500,0.492,0.018,0.490
602000,0.490,0.019,0.491
602500,0.496,0.011,0.493
603000,0.519,0.009,0.472
603500,0.538,0.011,0.451
604000,0.594,0.008,0.398
604500,0.578,0.009,0.413
605000,0.586,0.012,0.402
605500,0.558,0.006,0.436
606000,0.569,0.001,0.430
606500,0.554,0.004,0.442
607000,0.530,0.011,0.459
607500,0.534,0.015,0.451
608000,0.498,0.014,0.488
608500,0.518,0.010,0.472
609000,0.551,0.011,0.438
609500,0.563,0.011,0.426
610000,0.599,0.008,0.393
610500,0.595,0.004,0.401
611000,0.569,0.002,0.429
611500,0.566,0.007,0.427
612000,0.550,0.008,0.442
612500,0.521,0.013,0.466
613000,0.542,0.012,0.446
613500,0.537,0.010,0.453
614000,0.519,0.007,0.474
614500,0.497,0.017,0.486
615000,0.526,0.015,0.459
615500,0.535,0.015,0.450
616000,0.527,0.015,0.458
616500,0.546,0.016,0.438
617000,0.554,0.009,0.437
617500,0.513,0.012,0.475
618000,0.505,0.012,0.483
618500,0.514,0.018,0.468
619000,0.535,0.026,0.439
619500,0.479,0.019,0.502
620000,0.510,0.024,0.466
620500,0.462,0.016,0.522
621000,0.471,0.029,0.500
621500,0.479,0.011,0.510
622000,0.492,0.006,0.502
622500,0.497,0.014,0.489
623000,0.513,0.008,0.479
623500,0.501,0.006,0.493
624000,0.534,0.004,0.462
624500,0.535,0.013,0.452
625000,0.551,0.011,0.438
625500,0.565,0.003,0.432
626000,0.553,0.003,0.444
626500,0.511,0.006,0.483
627000,0.517,0.005,0.478
627500,0.546,0.001,0.453
628000,0.535,0.014,0.451
628500,0.514,0.015,0.471
629000,0.494,0.007,0.499
629500,0.534,0.017,0.449
630000,0.545,0.011,0.444
630500,0.534,0.014,0.452
631000,0.535,0.010,0.455
631500,0.516,0.007,0.477
632000,0.568,0.005,0.427
632500,0.535,0.009,0.456
633000,0.544,0.012,0.444
633500,0.555,0.007,0.438
634000,0.558,0.000,0.442
634500,0.568,0.004,0.428
635000,0.563,0.010,0.427
635500,0.576,0.004,0.420
636000,0.611,0.004,0.385
636500,0.611,0.005,0.384
637000,0.600,0.006,0.394
637500,0.573,0.001,0.426
638000,0.563,0.000,0.437
638500,0.573,0.000,0.427
639000,0.560,0.003,0.437
639500,0.504,0.012,0.484
640000,0.472,0.013,0.515
640500,0.473,0.026,0.501
641000,0.511,0.021,0.468
641500,0.490,0.023,0.487
642000,0.495,0.017,0.488
642500,0.465,0.020,0.515
643000,0.500,0.014,0.486
643500,0.494,0.016,0.490
644000,0.498,0.019,0.483
644500,0.449,0.019,0.532
645000,0.458,0.031,0.511
645500,0.463,0.020,0.517
646000,0.503,0.024,0.473
646500,0.516,0.012,0.472
647000,0.515,0.014,0.471
647500,0.541,0.007,0.452
648000,0.540,0.008,0.452
648500,0.564,0.010,0.426
649000,0.517,0.018,0.465
649500,0.483,0.010,0.507
650000,0.496,0.019,0.485
650500,0.477,0.026,0.497
651000,0.443,0.035,0.522
651500,0.488,0.019,0.493
652000,0.459,0.035,0.506
652500,0.498,0.021,0.481
653000,0.490,0.019,0.491
653500,0.508,0.022,0.470
654000,0.508,0.012,0.480
654500,0.494,0.011,0.495
655000,0.518,0.004,0.478
655500,0.490,0.007,0.503
656000,0.531,0.008,0.461
656500,0.541,0.015,0.444
657000,0.527,0.015,0.458
657500,0.553,0.014,0.433
658000,0.525,0.011,0.464
658500,0.494,0.011,0.495
659000,0.495,0.011,0.494
659500,0.487,0.012,0.501
660000,0.532,0.014,0.454
660500,0.546,0.014,0.440
661000,0.506,0.015,0.479
661500,0.501,0.019,0.480
662000,0.487,0.011,0.502
662500,0.442,0.016,0.542
663000,0.448,0.021,0.531
663500,0.481,0.015,0.504
664000,0.499,0.029,0.472
664500,0.504,0.020,0.476
665000,0.486,0.012,0.502
665500,0.475,0.007,0.518
666000,0.481,0.013,0.506
666500,0.456,0.016,0.528
667000,0.492,0.010,0.498
667500,0.471,0.008,0.521
668000,0.491,0.021,0.488
668500,0.492,0.015,0.493
669000,0.500,0.023,0.477
669500,0.474,0.020,0.506
670000,0.480,0.033,0.487
670500,0.483,0.019,0.498
671000,0.485,0.024,0.491
671500,0.457,0.022,0.521
672000,0.418,0.028,0.554
672500,0.455,0.018,0.527
673000,0.471,0.020,0.509
673500,0.451,0.026,0.523
674000,0.446,0.035,0.519
674500,0.449,0.030,0.521
675000,0.412,0.036,0.552
675500,0.387,0.036,0.577
676000,0.383,0.029,0.588
676500,0.392,0.037,0.571
677000,0.434,0.033,0.533
677500,0.457,0.019,0.524
678000,0.457,0.025,0.518
678500,0.451,0.021,0.528
679000,0.445,0.026,0.529
679500,0.471,0.015,0.514
680000,0.447,0.037,0.516
680500,0.458,0.029,0.513
681000,0.480,0.030,0.490
681500,0.446,0.016,0.538
682000,0.421,0.014,0.565
682500,0.449,0.009,0.542
683000,0.474,0.012,0.514
683500,0.486,0.012,0.502
684000,0.489,0.029,0.482
684500,0.458,0.033,0.509
685000,0.455,0.027,0.518
685500,0.472,0.025,0.503
686000,0.453,0.022,0.525
686500,0.465,0.039,0.496
687000,0.497,0.013,0.490
687500,0.510,0.019,0.471
688000,0.500,0.019,0.481
688500,0.526,0.005,0.469
689000,0.548,0.010,0.442
689500,0.554,0.012,0.434
690000,0.589,0.008,0.403
690500,0.581,0.006,0.413
691000,0.571,0.014,0.415
691500,0.533,0.009,0.458
692000,0.555,0.007,0.438
692500,0.574,0.006,0.420
693000,0.588,0.009,0.403
693500,0.602,0.004,0.394
694000,0.579,0.002,0.419
694500,0.618,0.004,0.378
695000,0.578,0.003,0.419
695500,0.576,0.006,0.418
696000,0.553,0.011,0.436
696500,0.540,0.003,0.457
697000,0.580,0.008,0.412
697500,0.564,0.008,0.428
698000,0.591,0.011,0.398
698500,0.576,0.010,0.414
699000,0.620,0.001,0.379
699500,0.625,0.003,0.372
700000,0.552,0.005,0.443
700500,0.557,0.006,0.437
701000,0.583,0.003,0.414
701500,0.541,0.010,0.449
702000,0.543,0.015,0.442
702500,0.535,0.014,0.451
703000,0.526,0.011,0.463
703500,0.534,0.014,0.452
704000,0.518,0.021,0.461
704500,0.504,0.019,0.477
705000,0.535,0.014,0.451
705500,0.545,0.022,0.433
706000,0.535,0.017,0.448
706500,0.504,0.015,0.481
707000,0.497,0.014,0.489
707500,0.518,0.017,0.465
708000,0.493,0.013,0.494
708500,0.522,0.014,0.464
709000,0.522,0.006,0.472
709500,0.471,0.012,0.517
710000,0.504,0.010,0.486
710500,0.495,0.018,0.487
711000,0.508,0.012,0.480
711500,0.508,0.016,0.476
712000,0.498,0.013,0.489
712500,0.531,0.019,0.450
713000,0.528,0.016,0.456
713500,0.539,0.006,0.455
714000,0.534,0.010,0.456
714500,0.467,0.022,0.511
715000,0.495,0.013,0.492
715500,0.501,0.017,0.482
716000,0.506,0.015,0.479
716500,0.493,0.013,0.494
717000,0.474,0.005,0.521
717500,0.509,0.012,0.479
718000,0.513,0.014,0.473
718500,0.536,0.011,0.453
719000,0.552,0.014,0.434
719500,0.539,0.011,0.450
720000,0.513,0.016,0.471
720500,0.497,0.007,0.496
721000,0.487,0.014,0.499
721500,0.503,0.007,0.490
722000,0.505,0.006,0.489
722500,0.526,0.006,0.468
723000,0.533,0.020,0.447
723500,0.500,0.019,0.481
724000,0.477,0.026,0.497
724500,0.521,0.008,0.471
725000,0.518,0.007,0.475
725500,0.529,0.006,0.465
726000,0.557,0.010,0.433
726500,0.541,0.003,0.456
727000,0.510,0.010,0.480
727500,0.510,0.006,0.484
728000,0.525,0.013,0.462
728500,0.517,0.012,0.471
729000,0.558,0.007,0.435
729500,0.590,0.009,0.401
730000,0.584,0.005,0.411
730500,0.573,0.001,0.426
731000,0.587,0.002,0.411
731500,0.582,0.007,0.411
732000,0.585,0.003,0.412
732500,0.523,0.002,0.475
733000,0.550,0.007,0.443
733500,0.567,0.007,0.426
734000,0.562,0.001,0.437
734500,0.554,0.005,0.441
735000,0.557,0.012,0.431
735500,0.514,0.005,0.481
736000,0.491,0.001,0.508
736500,0.478,0.016,0.506
737000,0.513,0.022,0.465
737500,0.539,0.011,0.450
738000,0.520,0.017,0.463
738500,0.496,0.016,0.488
739000,0.495,0.013,0.492
739500,0.535,0.018,0.447
740000,0.499,0.024,0.477
740500,0.508,0.014,0.478
741000,0.510,0.009,0.481
741500,0.539,0.011,0.450
742000,0.533,0.014,0.453
742500,0.522,0.009,0.469
743000,0.525,0.013,0.462
743500,0.469,0.017,0.514
744000,0.455,0.013,0.532
744500,0.478,0.014,0.508
745000,0.483,0.019,0.498
745500,0.447,0.022,0.531
746000,0.475,0.011,0.514
746500,0.481,0.012,0.507
747000,0.493,0.017,0.490
747500,0.485,0.014,0.501
748000,0.495,0.021,0.484
748500,0.532,0.009,0.459
749000,0.502,0.020,0.478
749500,0.529,0.006,0.465
750000,0.564,0.009,0.427
750500,0.576,0.009,0.415
751000,0.577,0.006,0.417
751500,0.546,0.014,0.440
752000,0.530,0.008,0.462
752500,0.502,0.009,0.489
753000,0.534,0.013,0.453
753500,0.485,0.014,0.501
754000,0.515,0.015,0.470
754500,0.559,0.019,0.422
755000,0.560,0.009,0.431
755500,0.577,0.003,0.420
756000,0.577,0.008,0.415
756500,0.540,0.011,0.449
757000,0.528,0.008,0.464
757500,0.548,0.008,0.444
758000,0.537,0.011,0.452
758500,0.542,0.003,0.455
759000,0.552,0.012,0.436
759500,0.547,0.012,0.441
760000,0.577,0.004,0.419
760500,0.631,0.002,0.367
761000,0.606,0.002,0.392
761500,0.615,0.004,0.381
762000,0.569,0.010,0.421
762500,0.585,0.004,0.411
763000,0.610,0.002,0.388
763500,0.604,0.002,0.394
764000,0.596,0.000,0.404
764500,0.574,0.002,0.424
765000,0.543,0.007,0.450
765500,0.514,0.010,0.476
766000,0.473,0.026,0.501
766500,0.509,0.011,0.480
767000,0.535,0.008,0.457
767500,0.529,0.005,0.466
768000,0.535,0.017,0.448
768500,0.519,0.009,0.472
769000,0.536,0.009,0.455
769500,0.519,0.009,0.472
770000,0.537,0.015,0.448
770500,0.541,0.008,0.451
771000,0.533,0.007,0.460
771500,0.536,0.012,0.452
772000,0.546,0.012,0.442
772500,0.539,0.015,0.446
773000,0.563,0.010,0.427
773500,0.575,0.009,0.416
774000,0.576,0.007,0.417
774500,0.590,0.004,0.406
775000,0.590,0.015,0.395
775500,0.609,0.002,0.389
776000,0.589,0.003,0.408
776500,0.608,0.009,0.383
777000,0.594,0.004,0.402
777500,0.617,0.003,0.380
778000,0.610,0.007,0.383
778500,0.587,0.011,0.402
779000,0.568,0.002,0.430
779500,0.570,0.001,0.429
780000,0.575,0.007,0.418
780500,0.565,0.011,0.424
781000,0.557,0.003,0.440
781500,0.584,0.006,0.410
782000,0.545,0.012,0.443
782500,0.533,0.009,0.458
783000,0.478,0.030,0.492
783500,0.457,0.024,0.519
784000,0.410,0.036,0.554
784500,0.426,0.031,0.543
785000,0.466,0.018,0.516
785500,0.495,0.015,0.490
786000,0.512,0.010,0.478
786500,0.512,0.014,0.474
787000,0.500,0.009,0.491
787500,0.488,0.010,0.502
788000,0.493,0.020,0.487
788500,0.484,0.015,0.501
789000,0.519,0.022,0.459
789500,0.516,0.012,0.472
790000,0.523,0.015,0.462
790500,0.519,0.007,0.474
791000,0.523,0.011,0.466
791500,0.573,0.008,0.419
792000,0.558,0.005,0.437
792500,0.552,0.008,0.440
793000,0.597,0.004,0.399
793500,0.609,0.011,0.380
794000,0.554,0.008,0.438
794500,0.594,0.004,0.402
795000,0.601,0.009,0.390
795500,0.544,0.006,0.450
796000,0.620,0.005,0.375
796500,0.602,0.006,0.392
797000,0.578,0.009,0.413
797500,0.568,0.017,0.415
798000,0.551,0.010,0.439
798500,0.561,0.008,0.431
799000,0.543,0.005,0.452
799500,0.593,0.002,0.405
800000,0.596,0.001,0.403
800500,0.588,0.001,0.411
801000,0.569,0.004,0.427
801500,0.520,0.008,0.472
802000,0.522,0.008,0.470
802500,0.527,0.020,0.453
803000,0.547,0.014,0.439
803500,0.524,0.010,0.466
