time,n_A+p,n_B,n_AB
500,0.030,0.457,0.513
1000,0.030,0.203,0.767
1500,0.030,0.251,0.719
2000,0.030,0.371,0.599
2500,0.030,0.348,0.622
3000,0.030,0.219,0.751
3500,0.030,0.472,0.498
4000,0.030,0.242,0.728
4500,0.030,0.260,0.710
5000,0.030,0.281,0.689
5500,0.030,0.351,0.619
6000,0.030,0.339,0.631
6500,0.030,0.237,0.733
7000,0.030,0.339,0.631
7500,0.030,0.330,0.640
8000,0.030,0.390,0.580
8500,0.030,0.208,0.762
9000,0.030,0.277,0.693
9500,0.030,0.273,0.697
10000,0.047,0.067,0.886
10500,0.859,0.000,0.141
11000,1.000,0.000,0.000
