time,n_A+p,n_B,n_AB
1000,0.327,0.426,0.247
2000,0.288,0.383,0.329
3000,0.287,0.388,0.325
4000,0.292,0.383,0.325
5000,0.279,0.374,0.347
6000,0.293,0.384,0.323
7000,0.288,0.393,0.319
8000,0.270,0.397,0.333
9000,0.252,0.385,0.363
10000,0.258,0.404,0.338
11000,0.230,0.433,0.337
12000,0.228,0.456,0.316
13000,0.220,0.446,0.334
14000,0.191,0.473,0.336
15000,0.185,0.482,0.333
16000,0.184,0.497,0.319
17000,0.161,0.541,0.298
18000,0.146,0.579,0.275
19000,0.136,0.592,0.272
20000,0.113,0.638,0.249
21000,0.085,0.668,0.247
22000,0.070,0.720,0.210
23000,0.064,0.748,0.188
24000,0.047,0.760,0.193
25000,0.043,0.782,0.175
26000,0.037,0.798,0.165
27000,0.030,0.828,0.142
28000,0.019,0.858,0.123
29000,0.013,0.882,0.105
30000,0.009,0.903,0.088
31000,0.007,0.915,0.078
32000,0.003,0.939,0.058
33000,0.001,0.957,0.042
34000,0.000,0.977,0.023
35000,0.000,0.982,0.018
36000,0.000,0.991,0.009
37000,0.000,0.997,0.003
38000,0.000,0.995,0.005
39000,0.000,0.996,0.004
40000,0.000,0.998,0.002
41000,0.000,0.999,0.001
42000,0.000,0.998,0.002
43000,0.000,0.997,0.003
44000,0.000,0.998,0.002
45000,0.000,0.997,0.003
46000,0.000,0.999,0.001
47000,0.000,0.999,0.001
48000,0.000,0.997,0.003
49000,0.000,0.998,0.002
50000,0.000,0.999,0.001
51000,0.000,1.000,0.000
