time,n_A+p,n_B,n_AB
0,0.029,0.971,0.000
500,0.041,0.913,0.045
1000,0.033,0.876,0.091
1500,0.037,0.876,0.087
2000,0.037,0.806,0.157
2500,0.054,0.785,0.161
3000,0.070,0.802,0.128
3500,0.066,0.798,0.136
4000,0.079,0.789,0.132
4500,0.054,0.831,0.116
5000,0.079,0.744,0.178
5500,0.136,0.686,0.178
6000,0.107,0.686,0.207
6500,0.045,0.839,0.116
7000,0.050,0.822,0.128
7500,0.091,0.810,0.099
8000,0.058,0.839,0.103
8500,0.058,0.814,0.128
9000,0.054,0.839,0.107
9500,0.045,0.839,0.116
10000,0.029,0.851,0.120
10500,0.033,0.847,0.120
11000,0.054,0.855,0.091
11500,0.050,0.847,0.103
12000,0.054,0.818,0.128
12500,0.062,0.777,0.161
13000,0.083,0.715,0.202
13500,0.128,0.645,0.227
14000,0.124,0.620,0.256
14500,0.112,0.690,0.198
15000,0.091,0.740,0.169
15500,0.079,0.764,0.157
16000,0.116,0.669,0.215
16500,0.136,0.674,0.190
17000,0.095,0.744,0.161
17500,0.124,0.719,0.157
18000,0.236,0.550,0.215
18500,0.256,0.508,0.236
19000,0.339,0.405,0.256
19500,0.318,0.401,0.281
20000,0.537,0.264,0.198
20500,0.678,0.124,0.198
21000,0.781,0.091,0.128
21500,0.744,0.074,0.182
22000,0.839,0.050,0.112
22500,0.872,0.025,0.103
23000,0.979,0.000,0.021
23500,0.967,0.000,0.033
24000,0.975,0.000,0.025
24500,0.992,0.000,0.008
25000,0.996,0.000,0.004
25500,0.996,0.000,0.004
26000,0.996,0.000,0.004
26500,1.000,0.000,0.000
