time,n_A+p,n_B,n_AB
500,0.050,0.402,0.548
1000,0.050,0.310,0.640
1500,0.050,0.224,0.726
2000,0.053,0.223,0.724
2500,0.050,0.152,0.797
3000,0.050,0.236,0.714
3500,0.080,0.163,0.758
4000,0.098,0.062,0.840
4500,0.322,0.015,0.663
5000,0.643,0.001,0.356
5500,0.750,0.000,0.250
6000,0.814,0.000,0.186
6500,0.815,0.000,0.185
7000,0.852,0.000,0.148
7500,0.852,0.000,0.148
8000,0.820,0.000,0.180
8500,0.869,0.000,0.131
9000,0.830,0.000,0.170
9500,0.899,0.000,0.101
10000,0.887,0.000,0.113
10500,0.907,0.000,0.093
11000,0.953,0.000,0.047
11500,0.981,0.000,0.019
12000,1.000,0.000,0.000
12500,1.000,0.000,0.000
