time,n_A+p,n_B,n_AB
500,0.050,0.896,0.054
1000,0.050,0.806,0.144
1500,0.050,0.757,0.193
2000,0.051,0.705,0.244
2500,0.051,0.655,0.294
3000,0.055,0.638,0.307
3500,0.053,0.606,0.341
4000,0.071,0.521,0.408
4500,0.094,0.469,0.437
5000,0.088,0.476,0.436
5500,0.071,0.451,0.478
6000,0.083,0.425,0.492
6500,0.098,0.389,0.513
7000,0.092,0.416,0.492
7500,0.093,0.362,0.545
8000,0.097,0.371,0.532
8500,0.105,0.401,0.494
9000,0.113,0.392,0.495
9500,0.111,0.384,0.505
10000,0.121,0.361,0.518
10500,0.120,0.359,0.521
11000,0.119,0.326,0.555
11500,0.132,0.341,0.527
12000,0.168,0.292,0.540
12500,0.160,0.292,0.548
13000,0.127,0.321,0.552
13500,0.150,0.315,0.535
14000,0.113,0.364,0.523
14500,0.112,0.328,0.560
15000,0.123,0.326,0.551
15500,0.142,0.336,0.522
16000,0.133,0.326,0.541
16500,0.149,0.310,0.541
17000,0.155,0.310,0.535
17500,0.152,0.254,0.594
18000,0.190,0.254,0.556
18500,0.197,0.282,0.521
19000,0.196,0.230,0.574
19500,0.256,0.191,0.553
20000,0.233,0.182,0.585
20500,0.279,0.152,0.569
21000,0.308,0.098,0.594
21500,0.327,0.089,0.584
22000,0.405,0.077,0.518
22500,0.416,0.065,0.519
23000,0.493,0.048,0.459
23500,0.559,0.036,0.405
24000,0.578,0.023,0.399
24500,0.623,0.012,0.365
25000,0.621,0.011,0.368
25500,0.687,0.001,0.312
26000,0.740,0.002,0.258
26500,0.774,0.000,0.226
27000,0.796,0.000,0.204
27500,0.780,0.000,0.220
28000,0.840,0.000,0.160
28500,0.865,0.000,0.135
29000,0.882,0.000,0.118
29500,0.890,0.000,0.110
30000,0.888,0.000,0.112
30500,0.868,0.004,0.128
31000,0.887,0.001,0.112
31500,0.866,0.000,0.134
32000,0.871,0.000,0.129
32500,0.869,0.000,0.131
33000,0.847,0.000,0.153
33500,0.854,0.000,0.146
34000,0.848,0.000,0.152
34500,0.852,0.000,0.148
35000,0.829,0.000,0.171
35500,0.843,0.000,0.157
36000,0.865,0.000,0.135
36500,0.863,0.000,0.137
37000,0.886,0.000,0.114
37500,0.912,0.000,0.088
38000,0.933,0.000,0.067
38500,0.949,0.000,0.051
39000,0.950,0.000,0.050
39500,0.955,0.000,0.045
40000,0.972,0.000,0.028
40500,0.949,0.000,0.051
41000,0.951,0.000,0.049
41500,0.946,0.000,0.054
42000,0.959,0.000,0.041
42500,0.972,0.000,0.028
43000,0.980,0.000,0.020
43500,0.988,0.000,0.012
44000,0.985,0.000,0.015
44500,0.982,0.000,0.018
45000,0.993,0.000,0.007
45500,0.998,0.000,0.002
46000,0.999,0.000,0.001
46500,0.999,0.000,0.001
47000,0.999,0.000,0.001
47500,0.999,0.000,0.001
48000,0.997,0.000,0.003
48500,0.998,0.000,0.002
49000,0.999,0.000,0.001
49500,1.000,0.000,0.000
