time,n_A+p,n_B,n_AB
500,0.030,0.443,0.527
1000,0.030,0.275,0.695
1500,0.030,0.384,0.586
2000,0.030,0.200,0.770
2500,0.030,0.315,0.655
3000,0.030,0.204,0.766
3500,0.030,0.189,0.781
4000,0.030,0.167,0.803
4500,0.030,0.272,0.698
5000,0.030,0.215,0.755
5500,0.030,0.246,0.724
6000,0.030,0.374,0.596
6500,0.030,0.297,0.673
7000,0.030,0.299,0.671
7500,0.030,0.391,0.579
8000,0.030,0.365,0.605
8500,0.030,0.369,0.601
9000,0.032,0.250,0.718
9500,0.030,0.326,0.644
10000,0.032,0.271,0.697
10500,0.030,0.138,0.832
11000,0.030,0.224,0.746
11500,0.030,0.178,0.792
12000,0.030,0.347,0.623
12500,0.030,0.202,0.768
13000,0.030,0.396,0.574
13500,0.076,0.118,0.806
14000,0.921,0.000,0.079
14500,1.000,0.000,0.000
