time,n_A+p,n_B,n_AB
100,0.376,0.413,0.211
200,0.376,0.314,0.310
300,0.364,0.260,0.376
400,0.326,0.252,0.421
500,0.326,0.281,0.393
600,0.289,0.273,0.438
700,0.285,0.277,0.438
800,0.322,0.314,0.364
900,0.281,0.289,0.430
1000,0.298,0.269,0.434
1100,0.314,0.202,0.483
1200,0.306,0.227,0.467
1300,0.302,0.211,0.488
1400,0.310,0.219,0.471
1500,0.335,0.215,0.450
1600,0.302,0.198,0.500
1700,0.277,0.248,0.475
1800,0.293,0.227,0.479
1900,0.314,0.190,0.496
2000,0.277,0.202,0.521
2100,0.372,0.165,0.463
2200,0.393,0.207,0.401
2300,0.413,0.211,0.376
2400,0.397,0.202,0.401
2500,0.401,0.231,0.368
2600,0.380,0.182,0.438
2700,0.343,0.219,0.438
2800,0.322,0.240,0.438
2900,0.302,0.227,0.471
3000,0.318,0.227,0.455
3100,0.393,0.182,0.426
3200,0.343,0.153,0.504
3300,0.393,0.186,0.421
3400,0.397,0.145,0.459
3500,0.368,0.153,0.479
3600,0.401,0.132,0.467
3700,0.421,0.128,0.450
3800,0.413,0.153,0.434
3900,0.446,0.161,0.393
4000,0.471,0.107,0.421
4100,0.529,0.091,0.380
4200,0.496,0.087,0.417
4300,0.541,0.074,0.384
4400,0.545,0.079,0.376
4500,0.566,0.062,0.372
4600,0.488,0.074,0.438
4700,0.545,0.066,0.388
4800,0.595,0.079,0.326
4900,0.541,0.087,0.372
5000,0.545,0.083,0.372
5100,0.550,0.066,0.384
5200,0.570,0.070,0.360
5300,0.587,0.062,0.351
5400,0.640,0.062,0.298
5500,0.669,0.050,0.281
5600,0.748,0.029,0.223
5700,0.777,0.029,0.194
5800,0.777,0.025,0.198
5900,0.764,0.021,0.215
6000,0.798,0.025,0.178
6100,0.789,0.033,0.178
6200,0.777,0.025,0.198
6300,0.769,0.021,0.211
6400,0.781,0.025,0.194
6500,0.798,0.021,0.182
6600,0.769,0.017,0.215
6700,0.785,0.029,0.186
6800,0.760,0.033,0.207
6900,0.785,0.029,0.186
7000,0.760,0.025,0.215
7100,0.756,0.033,0.211
7200,0.736,0.021,0.244
7300,0.777,0.037,0.186
7400,0.740,0.041,0.219
7500,0.769,0.017,0.215
7600,0.769,0.017,0.215
7700,0.798,0.004,0.198
7800,0.835,0.004,0.161
7900,0.839,0.004,0.157
8000,0.831,0.000,0.169
8100,0.872,0.000,0.128
8200,0.860,0.012,0.128
8300,0.860,0.008,0.132
8400,0.868,0.004,0.128
8500,0.893,0.004,0.103
8600,0.909,0.000,0.091
8700,0.917,0.017,0.066
8800,0.905,0.012,0.083
8900,0.909,0.017,0.074
9000,0.893,0.012,0.095
9100,0.897,0.008,0.095
9200,0.893,0.008,0.099
9300,0.893,0.008,0.099
9400,0.884,0.004,0.112
9500,0.897,0.000,0.103
9600,0.901,0.000,0.099
9700,0.909,0.000,0.091
9800,0.930,0.000,0.070
9900,0.946,0.000,0.054
10000,0.946,0.000,0.054
10100,0.967,0.000,0.033
10200,0.971,0.000,0.029
10300,0.975,0.000,0.025
10400,0.983,0.000,0.017
10500,0.992,0.000,0.008
10600,0.992,0.000,0.008
10700,0.996,0.000,0.004
10800,0.996,0.000,0.004
10900,0.996,0.000,0.004
11000,1.000,0.000,0.000
