time,n_A+p,n_B,n_AB
500,0.080,0.823,0.097
1000,0.080,0.753,0.167
1500,0.080,0.724,0.196
2000,0.080,0.683,0.237
2500,0.081,0.640,0.279
3000,0.082,0.636,0.282
3500,0.085,0.601,0.314
4000,0.085,0.580,0.335
4500,0.081,0.593,0.326
5000,0.089,0.571,0.340
5500,0.096,0.562,0.342
6000,0.100,0.506,0.394
6500,0.108,0.488,0.404
7000,0.108,0.490,0.402
7500,0.102,0.465,0.433
8000,0.112,0.505,0.383
8500,0.112,0.497,0.391
9000,0.100,0.512,0.388
9500,0.104,0.501,0.395
10000,0.111,0.465,0.424
10500,0.111,0.458,0.431
11000,0.122,0.466,0.412
11500,0.100,0.442,0.458
12000,0.115,0.442,0.443
12500,0.132,0.404,0.464
13000,0.128,0.370,0.502
13500,0.136,0.366,0.498
14000,0.129,0.361,0.510
14500,0.157,0.356,0.487
15000,0.159,0.329,0.512
15500,0.181,0.274,0.545
16000,0.235,0.241,0.524
16500,0.278,0.223,0.499
17000,0.337,0.152,0.511
17500,0.383,0.117,0.500
18000,0.477,0.078,0.445
18500,0.547,0.043,0.410
19000,0.621,0.019,0.360
19500,0.707,0.008,0.285
20000,0.736,0.005,0.259
20500,0.811,0.003,0.186
21000,0.827,0.000,0.173
21500,0.887,0.000,0.113
22000,0.915,0.000,0.085
22500,0.923,0.000,0.077
23000,0.942,0.000,0.058
23500,0.948,0.000,0.052
24000,0.965,0.000,0.035
24500,0.974,0.000,0.026
25000,0.986,0.000,0.014
25500,0.988,0.000,0.012
26000,0.999,0.000,0.001
26500,1.000,0.000,0.000
