time,n_A+p,n_B,n_AB
100,0.410,0.495,0.094
200,0.382,0.474,0.144
300,0.356,0.437,0.208
400,0.346,0.413,0.241
500,0.373,0.392,0.235
600,0.360,0.360,0.280
700,0.349,0.345,0.306
800,0.306,0.370,0.324
900,0.301,0.352,0.347
1000,0.282,0.370,0.347
1100,0.262,0.366,0.372
1200,0.271,0.368,0.361
1300,0.265,0.359,0.377
1400,0.258,0.334,0.408
1500,0.233,0.336,0.431
1600,0.234,0.317,0.449
1700,0.228,0.313,0.459
1800,0.250,0.299,0.451
1900,0.226,0.304,0.469
2000,0.223,0.310,0.467
2100,0.220,0.305,0.475
2200,0.228,0.312,0.460
2300,0.221,0.317,0.462
2400,0.271,0.303,0.426
2500,0.269,0.272,0.459
2600,0.243,0.297,0.460
2700,0.220,0.299,0.481
2800,0.251,0.294,0.455
2900,0.261,0.306,0.433
3000,0.258,0.291,0.451
3100,0.277,0.287,0.436
3200,0.299,0.265,0.435
3300,0.308,0.264,0.428
3400,0.319,0.248,0.433
3500,0.321,0.277,0.402
3600,0.303,0.293,0.404
3700,0.254,0.342,0.405
3800,0.244,0.316,0.440
3900,0.221,0.333,0.446
4000,0.235,0.323,0.442
4100,0.222,0.339,0.439
4200,0.251,0.299,0.450
4300,0.226,0.324,0.451
4400,0.218,0.328,0.453
4500,0.252,0.303,0.445
4600,0.239,0.298,0.463
4700,0.238,0.299,0.463
4800,0.242,0.279,0.478
4900,0.244,0.286,0.470
5000,0.236,0.289,0.474
5100,0.246,0.265,0.489
5200,0.228,0.293,0.479
5300,0.241,0.284,0.475
5400,0.230,0.299,0.471
5500,0.226,0.298,0.476
5600,0.236,0.261,0.503
5700,0.253,0.267,0.481
5800,0.249,0.251,0.500
5900,0.254,0.257,0.490
6000,0.225,0.256,0.519
6100,0.243,0.247,0.510
6200,0.253,0.263,0.484
6300,0.260,0.258,0.481
6400,0.242,0.265,0.493
6500,0.251,0.267,0.482
6600,0.244,0.260,0.496
6700,0.268,0.229,0.503
6800,0.275,0.225,0.500
6900,0.252,0.274,0.474
7000,0.249,0.287,0.464
7100,0.268,0.260,0.472
7200,0.243,0.258,0.498
7300,0.264,0.231,0.505
7400,0.292,0.232,0.477
7500,0.290,0.206,0.504
7600,0.286,0.220,0.494
7700,0.264,0.229,0.507
7800,0.263,0.231,0.507
7900,0.261,0.243,0.497
8000,0.254,0.246,0.501
8100,0.233,0.257,0.510
8200,0.252,0.260,0.488
8300,0.242,0.265,0.493
8400,0.266,0.242,0.492
8500,0.261,0.229,0.509
8600,0.285,0.217,0.498
8700,0.276,0.219,0.504
8800,0.279,0.242,0.479
8900,0.299,0.232,0.469
9000,0.306,0.236,0.458
9100,0.285,0.229,0.486
9200,0.272,0.242,0.487
9300,0.278,0.266,0.456
9400,0.245,0.279,0.476
9500,0.243,0.256,0.502
9600,0.247,0.266,0.487
9700,0.253,0.253,0.494
9800,0.253,0.257,0.490
9900,0.226,0.277,0.497
10000,0.221,0.284,0.495
10100,0.232,0.294,0.474
10200,0.243,0.274,0.483
10300,0.287,0.255,0.458
10400,0.295,0.260,0.445
10500,0.287,0.275,0.438
10600,0.307,0.239,0.453
10700,0.334,0.207,0.459
10800,0.307,0.227,0.466
10900,0.278,0.281,0.441
11000,0.265,0.271,0.464
11100,0.304,0.239,0.457
11200,0.303,0.250,0.447
11300,0.266,0.280,0.454
11400,0.254,0.272,0.474
11500,0.237,0.256,0.507
11600,0.282,0.242,0.476
11700,0.280,0.247,0.473
11800,0.301,0.239,0.460
11900,0.292,0.242,0.467
12000,0.311,0.233,0.456
12100,0.290,0.236,0.474
12200,0.296,0.209,0.495
12300,0.296,0.214,0.491
12400,0.326,0.205,0.469
12500,0.307,0.208,0.484
12600,0.329,0.185,0.487
12700,0.318,0.211,0.470
12800,0.325,0.212,0.463
12900,0.273,0.233,0.494
13000,0.263,0.228,0.509
13100,0.268,0.219,0.512
13200,0.266,0.207,0.527
13300,0.302,0.200,0.498
13400,0.323,0.183,0.494
13500,0.288,0.188,0.524
13600,0.299,0.195,0.506
13700,0.293,0.196,0.511
13800,0.342,0.177,0.481
13900,0.356,0.157,0.487
14000,0.342,0.178,0.480
14100,0.308,0.172,0.520
14200,0.331,0.169,0.500
14300,0.329,0.158,0.513
14400,0.325,0.153,0.522
14500,0.327,0.164,0.509
14600,0.336,0.158,0.506
14700,0.316,0.166,0.518
14800,0.313,0.171,0.516
14900,0.315,0.189,0.496
15000,0.310,0.185,0.505
15100,0.321,0.181,0.498
15200,0.300,0.185,0.515
15300,0.288,0.201,0.511
15400,0.285,0.222,0.494
15500,0.307,0.218,0.474
15600,0.290,0.222,0.488
15700,0.285,0.216,0.499
15800,0.283,0.218,0.499
15900,0.287,0.215,0.498
16000,0.285,0.224,0.492
16100,0.264,0.218,0.518
16200,0.272,0.211,0.516
16300,0.289,0.201,0.510
16400,0.291,0.193,0.516
16500,0.275,0.224,0.501
16600,0.296,0.201,0.503
16700,0.324,0.187,0.489
16800,0.317,0.198,0.485
16900,0.319,0.213,0.468
17000,0.286,0.222,0.491
17100,0.306,0.202,0.492
17200,0.299,0.226,0.474
17300,0.320,0.208,0.471
17400,0.292,0.220,0.488
17500,0.290,0.214,0.496
17600,0.263,0.240,0.497
17700,0.284,0.225,0.491
17800,0.269,0.234,0.497
17900,0.297,0.208,0.495
18000,0.260,0.237,0.503
18100,0.272,0.244,0.483
18200,0.282,0.246,0.472
18300,0.254,0.263,0.483
18400,0.249,0.251,0.499
18500,0.254,0.246,0.500
18600,0.295,0.240,0.465
18700,0.292,0.245,0.463
18800,0.294,0.239,0.467
18900,0.308,0.228,0.464
19000,0.310,0.201,0.489
19100,0.306,0.198,0.496
19200,0.299,0.193,0.508
19300,0.295,0.185,0.520
19400,0.331,0.194,0.475
19500,0.320,0.183,0.498
19600,0.297,0.198,0.505
19700,0.301,0.196,0.503
19800,0.279,0.185,0.537
19900,0.303,0.215,0.482
20000,0.283,0.251,0.465
20100,0.246,0.239,0.515
20200,0.249,0.250,0.501
20300,0.253,0.229,0.518
20400,0.226,0.269,0.505
20500,0.204,0.295,0.501
20600,0.216,0.289,0.495
20700,0.249,0.263,0.488
20800,0.256,0.238,0.506
20900,0.231,0.288,0.481
21000,0.270,0.254,0.476
21100,0.304,0.233,0.463
21200,0.266,0.240,0.494
21300,0.237,0.278,0.485
21400,0.264,0.243,0.492
21500,0.297,0.231,0.472
21600,0.300,0.226,0.474
21700,0.304,0.242,0.453
21800,0.272,0.225,0.503
21900,0.260,0.239,0.501
22000,0.253,0.250,0.497
22100,0.271,0.219,0.509
22200,0.289,0.223,0.488
22300,0.262,0.234,0.504
22400,0.274,0.244,0.483
22500,0.231,0.278,0.492
22600,0.211,0.298,0.491
22700,0.190,0.282,0.527
22800,0.185,0.274,0.541
22900,0.193,0.296,0.512
23000,0.203,0.281,0.516
23100,0.219,0.263,0.518
23200,0.246,0.252,0.502
23300,0.249,0.247,0.504
23400,0.275,0.210,0.515
23500,0.264,0.211,0.525
23600,0.230,0.247,0.523
23700,0.242,0.250,0.508
23800,0.236,0.242,0.523
23900,0.260,0.234,0.506
24000,0.251,0.238,0.510
24100,0.220,0.255,0.525
24200,0.211,0.269,0.520
24300,0.234,0.259,0.507
24400,0.247,0.237,0.516
24500,0.225,0.257,0.517
24600,0.218,0.274,0.508
24700,0.232,0.268,0.500
24800,0.253,0.257,0.491
24900,0.254,0.254,0.492
25000,0.278,0.254,0.469
25100,0.277,0.257,0.466
25200,0.251,0.259,0.490
25300,0.250,0.282,0.467
25400,0.235,0.271,0.494
25500,0.231,0.278,0.492
25600,0.226,0.278,0.497
25700,0.215,0.285,0.499
25800,0.229,0.293,0.478
25900,0.257,0.281,0.462
26000,0.245,0.291,0.464
26100,0.239,0.298,0.463
26200,0.258,0.287,0.455
26300,0.254,0.306,0.441
26400,0.249,0.275,0.476
26500,0.235,0.270,0.495
26600,0.246,0.284,0.470
26700,0.263,0.253,0.484
26800,0.252,0.261,0.487
26900,0.237,0.283,0.480
27000,0.247,0.254,0.499
27100,0.257,0.247,0.496
27200,0.278,0.257,0.466
27300,0.279,0.249,0.473
27400,0.265,0.239,0.497
27500,0.255,0.237,0.508
27600,0.212,0.296,0.492
27700,0.213,0.320,0.467
27800,0.212,0.287,0.501
27900,0.208,0.290,0.501
28000,0.207,0.275,0.518
28100,0.230,0.268,0.502
28200,0.235,0.268,0.497
28300,0.257,0.257,0.486
28400,0.261,0.259,0.480
28500,0.236,0.264,0.501
28600,0.231,0.244,0.525
28700,0.242,0.261,0.497
28800,0.237,0.271,0.492
28900,0.266,0.242,0.492
29000,0.262,0.236,0.502
29100,0.236,0.257,0.508
29200,0.267,0.252,0.481
29300,0.264,0.279,0.457
29400,0.253,0.244,0.503
29500,0.249,0.256,0.495
29600,0.233,0.228,0.539
29700,0.279,0.226,0.495
29800,0.271,0.230,0.499
29900,0.247,0.261,0.492
30000,0.244,0.259,0.497
30100,0.274,0.210,0.516
30200,0.283,0.216,0.501
30300,0.296,0.199,0.505
30400,0.285,0.190,0.526
30500,0.259,0.232,0.509
30600,0.272,0.238,0.490
30700,0.271,0.216,0.513
30800,0.256,0.207,0.537
30900,0.253,0.235,0.512
31000,0.262,0.217,0.522
31100,0.238,0.242,0.520
31200,0.208,0.233,0.559
31300,0.192,0.264,0.545
31400,0.204,0.250,0.547
31500,0.205,0.266,0.529
31600,0.212,0.275,0.513
31700,0.201,0.295,0.504
31800,0.192,0.321,0.488
31900,0.176,0.321,0.503
32000,0.193,0.315,0.492
32100,0.207,0.300,0.493
32200,0.218,0.285,0.497
32300,0.214,0.267,0.520
32400,0.212,0.259,0.529
32500,0.199,0.304,0.497
32600,0.223,0.289,0.488
32700,0.214,0.263,0.523
32800,0.201,0.283,0.516
32900,0.188,0.313,0.499
33000,0.165,0.306,0.529
33100,0.192,0.288,0.520
33200,0.173,0.311,0.516
33300,0.177,0.309,0.514
33400,0.181,0.325,0.494
33500,0.187,0.336,0.477
33600,0.173,0.347,0.480
33700,0.171,0.341,0.489
33800,0.168,0.340,0.492
33900,0.181,0.288,0.531
34000,0.182,0.267,0.552
34100,0.231,0.229,0.541
34200,0.241,0.219,0.540
34300,0.214,0.246,0.540
34400,0.201,0.247,0.552
34500,0.197,0.278,0.526
34600,0.165,0.302,0.534
34700,0.182,0.253,0.565
34800,0.176,0.242,0.582
34900,0.200,0.227,0.573
35000,0.219,0.205,0.576
35100,0.251,0.208,0.540
35200,0.252,0.180,0.568
35300,0.268,0.196,0.536
35400,0.240,0.215,0.545
35500,0.236,0.211,0.553
35600,0.222,0.236,0.541
35700,0.221,0.222,0.556
35800,0.214,0.228,0.558
35900,0.207,0.224,0.569
36000,0.202,0.219,0.579
36100,0.185,0.214,0.601
36200,0.185,0.226,0.590
36300,0.207,0.200,0.593
36400,0.198,0.207,0.595
36500,0.186,0.225,0.588
36600,0.165,0.261,0.574
36700,0.194,0.237,0.569
36800,0.194,0.264,0.542
36900,0.221,0.246,0.533
37000,0.207,0.241,0.552
37100,0.195,0.246,0.559
37200,0.198,0.258,0.544
37300,0.186,0.279,0.534
37400,0.180,0.306,0.514
37500,0.171,0.312,0.517
37600,0.180,0.300,0.519
37700,0.182,0.300,0.518
37800,0.187,0.278,0.535
37900,0.185,0.253,0.562
38000,0.178,0.279,0.542
38100,0.183,0.296,0.522
38200,0.178,0.296,0.526
38300,0.155,0.332,0.513
38400,0.150,0.333,0.517
38500,0.143,0.367,0.491
38600,0.151,0.361,0.488
38700,0.150,0.361,0.489
38800,0.190,0.314,0.496
38900,0.200,0.313,0.487
39000,0.192,0.303,0.505
39100,0.187,0.299,0.515
39200,0.190,0.301,0.509
39300,0.206,0.318,0.476
39400,0.205,0.309,0.485
39500,0.193,0.297,0.510
39600,0.187,0.306,0.507
39700,0.184,0.328,0.488
39800,0.194,0.322,0.484
39900,0.196,0.295,0.509
40000,0.179,0.306,0.515
40100,0.190,0.293,0.516
40200,0.173,0.275,0.552
40300,0.186,0.275,0.538
40400,0.210,0.289,0.501
40500,0.235,0.274,0.491
40600,0.237,0.269,0.494
40700,0.260,0.237,0.503
40800,0.272,0.224,0.503
40900,0.279,0.238,0.483
41000,0.299,0.228,0.473
41100,0.286,0.224,0.490
41200,0.247,0.239,0.513
41300,0.275,0.221,0.505
41400,0.272,0.240,0.488
41500,0.287,0.228,0.485
41600,0.283,0.228,0.488
41700,0.258,0.235,0.508
41800,0.310,0.208,0.481
41900,0.288,0.197,0.515
42000,0.315,0.207,0.478
42100,0.265,0.258,0.477
42200,0.294,0.226,0.480
42300,0.287,0.226,0.487
42400,0.260,0.203,0.537
42500,0.221,0.231,0.549
42600,0.257,0.242,0.502
42700,0.251,0.256,0.493
42800,0.256,0.221,0.523
42900,0.265,0.207,0.528
43000,0.251,0.225,0.524
43100,0.269,0.204,0.526
43200,0.284,0.182,0.534
43300,0.296,0.189,0.515
43400,0.322,0.183,0.494
43500,0.308,0.164,0.528
43600,0.330,0.176,0.494
43700,0.341,0.168,0.491
43800,0.347,0.181,0.472
43900,0.347,0.183,0.470
44000,0.374,0.175,0.451
44100,0.367,0.169,0.464
44200,0.360,0.175,0.464
44300,0.373,0.171,0.457
44400,0.367,0.158,0.474
44500,0.341,0.187,0.472
44600,0.318,0.199,0.483
44700,0.344,0.169,0.487
44800,0.313,0.189,0.498
44900,0.286,0.223,0.491
45000,0.297,0.231,0.471
45100,0.291,0.248,0.461
45200,0.312,0.226,0.462
45300,0.315,0.221,0.464
45400,0.288,0.256,0.456
45500,0.306,0.215,0.478
45600,0.327,0.186,0.487
45700,0.353,0.190,0.457
45800,0.348,0.185,0.467
45900,0.359,0.182,0.460
46000,0.360,0.190,0.450
46100,0.342,0.192,0.466
46200,0.340,0.172,0.488
46300,0.331,0.193,0.476
46400,0.320,0.185,0.495
46500,0.307,0.190,0.502
46600,0.308,0.187,0.505
46700,0.315,0.165,0.520
46800,0.308,0.193,0.499
46900,0.297,0.216,0.487
47000,0.303,0.185,0.512
47100,0.283,0.191,0.526
47200,0.274,0.183,0.543
47300,0.235,0.194,0.572
47400,0.241,0.212,0.547
47500,0.275,0.200,0.524
47600,0.233,0.232,0.535
47700,0.256,0.217,0.527
47800,0.267,0.210,0.523
47900,0.248,0.214,0.538
48000,0.235,0.246,0.520
48100,0.255,0.232,0.513
48200,0.307,0.214,0.478
48300,0.306,0.211,0.483
48400,0.292,0.212,0.495
48500,0.285,0.231,0.485
48600,0.250,0.263,0.487
48700,0.226,0.280,0.494
48800,0.196,0.310,0.495
48900,0.179,0.316,0.505
49000,0.171,0.302,0.527
49100,0.168,0.301,0.531
49200,0.165,0.295,0.540
49300,0.182,0.278,0.540
49400,0.185,0.261,0.554
49500,0.221,0.260,0.520
49600,0.215,0.263,0.522
49700,0.199,0.255,0.546
49800,0.193,0.251,0.556
49900,0.215,0.229,0.556
50000,0.217,0.257,0.526
50100,0.210,0.285,0.505
50200,0.215,0.286,0.499
50300,0.216,0.249,0.535
50400,0.229,0.232,0.539
50500,0.232,0.256,0.513
50600,0.221,0.258,0.521
50700,0.211,0.262,0.527
50800,0.230,0.269,0.501
50900,0.221,0.293,0.485
51000,0.210,0.273,0.517
51100,0.194,0.290,0.516
51200,0.205,0.265,0.530
51300,0.202,0.285,0.513
51400,0.188,0.283,0.529
51500,0.183,0.293,0.523
51600,0.225,0.246,0.529
51700,0.233,0.244,0.523
51800,0.196,0.259,0.545
51900,0.191,0.268,0.541
52000,0.219,0.260,0.521
52100,0.197,0.266,0.537
52200,0.214,0.276,0.510
52300,0.224,0.265,0.510
52400,0.219,0.249,0.532
52500,0.201,0.260,0.539
52600,0.222,0.258,0.520
52700,0.235,0.275,0.490
52800,0.231,0.295,0.474
52900,0.215,0.286,0.499
53000,0.208,0.284,0.508
53100,0.229,0.265,0.506
53200,0.212,0.257,0.531
53300,0.201,0.258,0.541
53400,0.221,0.246,0.533
53500,0.209,0.235,0.556
53600,0.213,0.255,0.532
53700,0.201,0.261,0.538
53800,0.204,0.272,0.524
53900,0.201,0.287,0.512
54000,0.168,0.306,0.527
54100,0.165,0.348,0.487
54200,0.151,0.325,0.523
54300,0.169,0.311,0.520
54400,0.175,0.300,0.524
54500,0.171,0.307,0.522
54600,0.194,0.293,0.512
54700,0.181,0.288,0.531
54800,0.179,0.278,0.543
54900,0.167,0.283,0.549
55000,0.192,0.276,0.532
55100,0.178,0.275,0.547
55200,0.175,0.276,0.549
55300,0.174,0.282,0.544
55400,0.211,0.272,0.517
55500,0.197,0.250,0.554
55600,0.186,0.242,0.572
55700,0.168,0.249,0.584
55800,0.185,0.244,0.571
55900,0.196,0.262,0.542
56000,0.215,0.239,0.545
56100,0.228,0.245,0.527
56200,0.205,0.275,0.520
56300,0.203,0.292,0.505
56400,0.231,0.253,0.517
56500,0.226,0.231,0.542
56600,0.229,0.253,0.518
56700,0.250,0.240,0.510
56800,0.231,0.219,0.549
56900,0.239,0.246,0.515
57000,0.264,0.218,0.517
57100,0.260,0.215,0.526
57200,0.277,0.211,0.512
57300,0.290,0.216,0.494
57400,0.243,0.231,0.526
57500,0.262,0.225,0.513
57600,0.280,0.217,0.503
57700,0.268,0.232,0.500
57800,0.243,0.235,0.522
57900,0.242,0.263,0.495
58000,0.235,0.280,0.485
58100,0.231,0.275,0.495
58200,0.221,0.270,0.509
58300,0.228,0.250,0.522
58400,0.240,0.246,0.515
58500,0.244,0.250,0.505
58600,0.221,0.269,0.510
58700,0.213,0.278,0.509
58800,0.240,0.258,0.502
58900,0.280,0.212,0.508
59000,0.267,0.231,0.503
59100,0.265,0.217,0.518
59200,0.270,0.208,0.522
59300,0.270,0.218,0.512
59400,0.256,0.218,0.526
59500,0.237,0.210,0.553
59600,0.256,0.214,0.530
59700,0.237,0.253,0.510
59800,0.211,0.262,0.527
59900,0.248,0.228,0.524
60000,0.287,0.201,0.512
60100,0.288,0.184,0.528
60200,0.304,0.192,0.505
60300,0.267,0.196,0.537
60400,0.247,0.222,0.531
60500,0.267,0.211,0.522
60600,0.271,0.211,0.518
60700,0.269,0.218,0.512
60800,0.237,0.235,0.528
60900,0.221,0.256,0.524
61000,0.229,0.258,0.512
61100,0.217,0.266,0.517
61200,0.222,0.289,0.488
61300,0.221,0.278,0.501
61400,0.207,0.283,0.510
61500,0.226,0.249,0.525
61600,0.215,0.241,0.544
61700,0.215,0.244,0.541
61800,0.225,0.232,0.542
61900,0.224,0.220,0.556
62000,0.231,0.213,0.556
62100,0.221,0.214,0.565
62200,0.221,0.216,0.563
62300,0.235,0.202,0.563
62400,0.279,0.193,0.529
62500,0.275,0.190,0.535
62600,0.261,0.211,0.529
62700,0.257,0.214,0.529
62800,0.267,0.215,0.517
62900,0.278,0.214,0.509
63000,0.292,0.197,0.511
63100,0.310,0.162,0.529
63200,0.308,0.199,0.493
63300,0.289,0.203,0.508
63400,0.296,0.210,0.494
63500,0.274,0.193,0.533
63600,0.295,0.185,0.521
63700,0.315,0.189,0.496
63800,0.326,0.157,0.517
63900,0.350,0.145,0.505
64000,0.373,0.145,0.483
64100,0.374,0.125,0.501
64200,0.372,0.127,0.501
64300,0.341,0.158,0.502
64400,0.339,0.143,0.519
64500,0.337,0.154,0.509
64600,0.306,0.180,0.514
64700,0.317,0.169,0.514
64800,0.296,0.162,0.542
64900,0.315,0.163,0.522
65000,0.313,0.189,0.498
65100,0.275,0.228,0.497
65200,0.274,0.224,0.503
65300,0.250,0.238,0.512
65400,0.235,0.226,0.539
65500,0.251,0.200,0.549
65600,0.262,0.187,0.551
65700,0.254,0.180,0.566
65800,0.235,0.182,0.583
65900,0.248,0.178,0.574
66000,0.263,0.182,0.556
66100,0.276,0.159,0.565
66200,0.261,0.171,0.569
66300,0.254,0.185,0.561
66400,0.257,0.172,0.572
66500,0.251,0.177,0.572
66600,0.269,0.198,0.533
66700,0.265,0.199,0.536
66800,0.243,0.212,0.544
66900,0.228,0.249,0.523
67000,0.193,0.250,0.556
67100,0.231,0.244,0.525
67200,0.235,0.216,0.549
67300,0.247,0.231,0.522
67400,0.246,0.235,0.520
67500,0.229,0.235,0.537
67600,0.233,0.251,0.516
67700,0.232,0.264,0.504
67800,0.222,0.265,0.512
67900,0.246,0.235,0.519
68000,0.264,0.220,0.516
68100,0.249,0.248,0.503
68200,0.241,0.236,0.523
68300,0.235,0.265,0.500
68400,0.238,0.250,0.512
68500,0.239,0.279,0.482
68600,0.253,0.270,0.477
68700,0.272,0.272,0.455
68800,0.255,0.280,0.465
68900,0.237,0.274,0.490
69000,0.239,0.244,0.517
69100,0.230,0.258,0.512
69200,0.240,0.242,0.518
69300,0.205,0.277,0.517
69400,0.199,0.322,0.478
69500,0.225,0.299,0.476
69600,0.211,0.305,0.484
69700,0.218,0.290,0.491
69800,0.242,0.247,0.511
69900,0.216,0.275,0.509
70000,0.208,0.275,0.517
70100,0.224,0.242,0.535
70200,0.219,0.286,0.495
70300,0.219,0.263,0.517
70400,0.226,0.275,0.498
70500,0.225,0.298,0.477
70600,0.218,0.293,0.490
70700,0.226,0.289,0.484
70800,0.251,0.240,0.509
70900,0.235,0.227,0.538
71000,0.234,0.209,0.557
71100,0.257,0.205,0.538
71200,0.268,0.193,0.539
71300,0.256,0.201,0.542
71400,0.243,0.207,0.550
71500,0.247,0.197,0.556
71600,0.264,0.202,0.534
71700,0.284,0.217,0.499
71800,0.290,0.217,0.493
71900,0.278,0.226,0.495
72000,0.242,0.261,0.498
72100,0.260,0.241,0.499
72200,0.225,0.260,0.516
72300,0.212,0.249,0.538
72400,0.214,0.256,0.530
72500,0.218,0.258,0.524
72600,0.201,0.262,0.537
72700,0.203,0.268,0.530
72800,0.236,0.236,0.528
72900,0.236,0.235,0.530
73000,0.251,0.239,0.509
73100,0.302,0.228,0.470
73200,0.262,0.227,0.511
73300,0.268,0.221,0.511
73400,0.258,0.221,0.521
73500,0.279,0.212,0.509
73600,0.265,0.221,0.513
73700,0.269,0.214,0.517
73800,0.263,0.197,0.540
73900,0.268,0.204,0.529
74000,0.238,0.219,0.542
74100,0.232,0.215,0.553
74200,0.239,0.209,0.552
74300,0.232,0.194,0.574
74400,0.225,0.214,0.561
74500,0.247,0.251,0.502
74600,0.192,0.316,0.492
74700,0.177,0.303,0.520
74800,0.171,0.308,0.520
74900,0.182,0.299,0.519
75000,0.185,0.304,0.511
75100,0.180,0.311,0.509
75200,0.185,0.311,0.505
75300,0.194,0.300,0.506
75400,0.209,0.300,0.491
75500,0.222,0.285,0.493
75600,0.201,0.322,0.477
75700,0.201,0.285,0.513
75800,0.196,0.292,0.512
75900,0.198,0.301,0.501
76000,0.197,0.266,0.537
76100,0.203,0.263,0.534
76200,0.194,0.275,0.531
76300,0.207,0.261,0.531
76400,0.252,0.249,0.499
76500,0.242,0.255,0.503
76600,0.248,0.254,0.498
76700,0.220,0.279,0.501
76800,0.209,0.245,0.546
76900,0.218,0.255,0.527
77000,0.208,0.267,0.526
77100,0.231,0.236,0.533
77200,0.236,0.244,0.520
77300,0.231,0.239,0.531
77400,0.207,0.257,0.536
77500,0.204,0.276,0.520
77600,0.200,0.294,0.506
77700,0.204,0.303,0.494
77800,0.224,0.317,0.459
77900,0.215,0.309,0.476
78000,0.192,0.321,0.488
78100,0.182,0.329,0.489
78200,0.168,0.363,0.469
78300,0.172,0.346,0.481
78400,0.184,0.349,0.467
78500,0.192,0.312,0.497
78600,0.223,0.288,0.489
78700,0.224,0.288,0.488
78800,0.211,0.284,0.505
78900,0.211,0.273,0.516
79000,0.195,0.297,0.508
79100,0.202,0.279,0.519
79200,0.180,0.299,0.521
79300,0.205,0.253,0.541
79400,0.240,0.238,0.522
79500,0.229,0.231,0.540
79600,0.217,0.254,0.530
79700,0.236,0.254,0.510
79800,0.233,0.260,0.507
79900,0.250,0.253,0.497
80000,0.253,0.248,0.499
80100,0.260,0.219,0.521
80200,0.283,0.215,0.502
80300,0.290,0.236,0.474
80400,0.302,0.236,0.462
80500,0.271,0.244,0.485
80600,0.275,0.208,0.517
80700,0.243,0.217,0.540
80800,0.253,0.223,0.524
80900,0.232,0.220,0.548
81000,0.226,0.227,0.547
81100,0.233,0.201,0.566
81200,0.232,0.183,0.585
81300,0.232,0.203,0.565
81400,0.215,0.226,0.559
81500,0.239,0.230,0.531
81600,0.232,0.247,0.520
81700,0.268,0.231,0.502
81800,0.244,0.210,0.545
81900,0.251,0.231,0.519
82000,0.265,0.227,0.508
82100,0.249,0.215,0.536
82200,0.242,0.225,0.534
82300,0.218,0.260,0.522
82400,0.223,0.236,0.541
82500,0.236,0.218,0.547
82600,0.275,0.224,0.501
82700,0.261,0.251,0.488
82800,0.251,0.211,0.538
82900,0.271,0.193,0.537
83000,0.253,0.196,0.552
83100,0.252,0.199,0.549
83200,0.285,0.207,0.508
83300,0.274,0.187,0.539
83400,0.268,0.183,0.549
83500,0.237,0.210,0.552
83600,0.230,0.205,0.565
83700,0.236,0.227,0.537
83800,0.239,0.236,0.526
83900,0.255,0.239,0.506
84000,0.272,0.237,0.491
84100,0.256,0.227,0.517
84200,0.297,0.225,0.478
84300,0.336,0.198,0.466
84400,0.321,0.217,0.463
84500,0.302,0.215,0.483
84600,0.306,0.184,0.510
84700,0.331,0.177,0.492
84800,0.301,0.160,0.539
84900,0.308,0.159,0.533
85000,0.296,0.190,0.514
85100,0.282,0.224,0.494
85200,0.278,0.242,0.480
85300,0.304,0.206,0.490
85400,0.275,0.204,0.521
85500,0.279,0.189,0.533
85600,0.282,0.203,0.515
85700,0.308,0.211,0.481
85800,0.331,0.205,0.463
85900,0.318,0.203,0.479
86000,0.332,0.181,0.487
86100,0.292,0.184,0.524
86200,0.288,0.180,0.532
86300,0.284,0.183,0.533
86400,0.267,0.189,0.544
86500,0.294,0.195,0.511
86600,0.293,0.196,0.511
86700,0.327,0.174,0.499
86800,0.302,0.189,0.509
86900,0.323,0.178,0.499
87000,0.323,0.164,0.513
87100,0.294,0.194,0.512
87200,0.288,0.209,0.503
87300,0.274,0.226,0.499
87400,0.282,0.203,0.515
87500,0.258,0.208,0.534
87600,0.260,0.247,0.493
87700,0.253,0.271,0.477
87800,0.237,0.260,0.502
87900,0.231,0.250,0.519
88000,0.235,0.228,0.537
88100,0.240,0.212,0.547
88200,0.228,0.226,0.547
88300,0.228,0.210,0.562
88400,0.219,0.253,0.528
88500,0.208,0.249,0.542
88600,0.211,0.246,0.543
88700,0.214,0.259,0.527
88800,0.219,0.231,0.551
88900,0.231,0.207,0.562
89000,0.243,0.198,0.559
89100,0.216,0.213,0.571
89200,0.257,0.228,0.515
89300,0.233,0.235,0.533
89400,0.254,0.228,0.518
89500,0.242,0.229,0.530
89600,0.250,0.216,0.534
89700,0.247,0.236,0.517
89800,0.246,0.226,0.527
89900,0.233,0.261,0.506
90000,0.239,0.286,0.476
90100,0.237,0.317,0.446
90200,0.231,0.315,0.454
90300,0.222,0.305,0.473
90400,0.253,0.278,0.469
90500,0.243,0.245,0.512
90600,0.250,0.225,0.525
90700,0.255,0.232,0.513
90800,0.253,0.218,0.530
90900,0.225,0.251,0.524
91000,0.215,0.245,0.540
91100,0.211,0.236,0.552
91200,0.219,0.219,0.562
91300,0.230,0.218,0.552
91400,0.223,0.227,0.550
91500,0.235,0.219,0.546
91600,0.238,0.194,0.568
91700,0.228,0.200,0.572
91800,0.244,0.208,0.548
91900,0.207,0.212,0.581
92000,0.184,0.253,0.563
92100,0.226,0.220,0.554
92200,0.224,0.254,0.522
92300,0.202,0.244,0.554
92400,0.234,0.244,0.522
92500,0.238,0.220,0.542
92600,0.229,0.223,0.548
92700,0.212,0.212,0.576
92800,0.255,0.199,0.546
92900,0.246,0.201,0.553
93000,0.243,0.223,0.534
93100,0.268,0.188,0.544
93200,0.246,0.172,0.582
93300,0.257,0.193,0.550
93400,0.249,0.180,0.572
93500,0.239,0.192,0.569
93600,0.283,0.175,0.542
93700,0.282,0.161,0.556
93800,0.305,0.163,0.532
93900,0.299,0.170,0.531
94000,0.322,0.162,0.516
94100,0.303,0.158,0.539
94200,0.272,0.157,0.572
94300,0.260,0.183,0.558
94400,0.253,0.186,0.562
94500,0.240,0.195,0.565
94600,0.244,0.205,0.551
94700,0.257,0.207,0.536
94800,0.261,0.210,0.529
94900,0.295,0.170,0.536
95000,0.292,0.162,0.546
95100,0.272,0.224,0.504
95200,0.251,0.197,0.552
95300,0.304,0.173,0.523
95400,0.302,0.158,0.540
95500,0.334,0.152,0.515
95600,0.308,0.192,0.500
95700,0.280,0.195,0.525
95800,0.271,0.211,0.517
95900,0.286,0.204,0.510
96000,0.286,0.205,0.509
96100,0.299,0.216,0.485
96200,0.279,0.235,0.486
96300,0.276,0.222,0.502
96400,0.278,0.183,0.538
96500,0.270,0.215,0.515
96600,0.311,0.218,0.471
96700,0.313,0.205,0.481
96800,0.307,0.213,0.480
96900,0.329,0.204,0.467
97000,0.299,0.226,0.476
97100,0.278,0.207,0.515
97200,0.278,0.222,0.499
97300,0.267,0.225,0.508
97400,0.271,0.225,0.505
97500,0.264,0.240,0.495
97600,0.274,0.247,0.478
97700,0.287,0.222,0.491
97800,0.286,0.226,0.488
97900,0.283,0.214,0.503
98000,0.278,0.216,0.506
98100,0.260,0.218,0.523
98200,0.281,0.197,0.522
98300,0.289,0.218,0.493
98400,0.288,0.203,0.509
98500,0.288,0.192,0.521
98600,0.300,0.170,0.530
98700,0.262,0.173,0.565
98800,0.271,0.193,0.537
98900,0.283,0.196,0.521
99000,0.295,0.198,0.508
99100,0.259,0.246,0.495
99200,0.231,0.245,0.524
99300,0.291,0.207,0.502
99400,0.290,0.196,0.513
99500,0.282,0.176,0.542
99600,0.272,0.162,0.566
99700,0.277,0.205,0.518
99800,0.256,0.202,0.542
99900,0.244,0.207,0.549
100000,0.228,0.240,0.533
