time,n_A+p,n_B,n_AB
500,0.080,0.707,0.213
1000,0.080,0.452,0.468
1500,0.085,0.354,0.561
2000,0.092,0.179,0.729
2500,0.182,0.098,0.721
3000,0.343,0.026,0.631
3500,0.517,0.004,0.478
4000,0.602,0.000,0.398
4500,0.701,0.000,0.299
5000,0.777,0.000,0.223
5500,0.829,0.000,0.171
6000,0.877,0.000,0.123
6500,0.865,0.000,0.135
7000,0.867,0.000,0.133
7500,0.856,0.000,0.144
8000,0.868,0.000,0.132
8500,0.901,0.000,0.099
9000,0.919,0.000,0.081
9500,0.910,0.000,0.090
10000,0.903,0.000,0.097
10500,0.867,0.000,0.133
11000,0.867,0.000,0.133
11500,0.911,0.000,0.089
12000,0.946,0.000,0.054
12500,0.961,0.000,0.039
13000,0.954,0.000,0.046
13500,0.960,0.000,0.040
14000,0.971,0.000,0.029
14500,0.977,0.000,0.023
15000,0.993,0.000,0.007
15500,0.999,0.000,0.001
16000,1.000,0.000,0.000
