time,n_A+p,n_B,n_AB
500,0.050,0.777,0.173
1000,0.050,0.650,0.300
1500,0.055,0.450,0.495
2000,0.061,0.363,0.576
2500,0.059,0.402,0.539
3000,0.060,0.423,0.517
3500,0.055,0.408,0.537
4000,0.062,0.385,0.553
4500,0.073,0.358,0.569
5000,0.089,0.285,0.626
5500,0.112,0.263,0.625
6000,0.087,0.253,0.660
6500,0.091,0.292,0.617
7000,0.099,0.221,0.680
7500,0.104,0.236,0.660
8000,0.093,0.291,0.616
8500,0.113,0.250,0.637
9000,0.117,0.232,0.651
9500,0.108,0.234,0.658
10000,0.147,0.189,0.664
10500,0.244,0.078,0.678
11000,0.430,0.007,0.563
11500,0.611,0.000,0.389
12000,0.709,0.000,0.291
12500,0.687,0.000,0.313
13000,0.700,0.000,0.300
13500,0.803,0.000,0.197
14000,0.748,0.000,0.252
14500,0.808,0.000,0.192
15000,0.791,0.000,0.209
15500,0.785,0.000,0.215
16000,0.788,0.000,0.212
16500,0.803,0.000,0.197
17000,0.809,0.000,0.191
17500,0.819,0.000,0.181
18000,0.784,0.000,0.216
18500,0.834,0.000,0.166
19000,0.866,0.000,0.134
19500,0.889,0.000,0.111
20000,0.843,0.000,0.157
20500,0.875,0.000,0.125
21000,0.923,0.000,0.077
21500,0.963,0.000,0.037
22000,0.987,0.000,0.013
22500,0.990,0.000,0.010
23000,0.996,0.000,0.004
23500,1.000,0.000,0.000
