time,n_A+p,n_B,n_AB
100,0.030,0.969,0.001
200,0.030,0.964,0.006
300,0.030,0.957,0.013
400,0.031,0.954,0.015
500,0.031,0.945,0.025
600,0.031,0.943,0.027
700,0.031,0.939,0.031
800,0.031,0.928,0.041
900,0.031,0.925,0.044
1000,0.030,0.921,0.049
1100,0.030,0.919,0.051
1200,0.032,0.919,0.049
1300,0.031,0.906,0.063
1400,0.032,0.899,0.069
1500,0.035,0.889,0.077
1600,0.037,0.883,0.081
1700,0.034,0.871,0.095
1800,0.032,0.855,0.113
1900,0.031,0.836,0.134
2000,0.032,0.861,0.107
2100,0.036,0.847,0.117
2200,0.038,0.847,0.115
2300,0.037,0.836,0.128
2400,0.040,0.834,0.127
2500,0.073,0.804,0.124
2600,0.062,0.804,0.134
2700,0.062,0.791,0.147
2800,0.060,0.783,0.156
2900,0.055,0.774,0.171
3000,0.046,0.768,0.186
3100,0.050,0.753,0.197
3200,0.054,0.745,0.201
3300,0.057,0.741,0.202
3400,0.061,0.731,0.207
3500,0.057,0.721,0.222
3600,0.065,0.703,0.232
3700,0.058,0.688,0.253
3800,0.054,0.672,0.274
3900,0.058,0.657,0.285
4000,0.057,0.635,0.307
4100,0.080,0.624,0.296
4200,0.084,0.619,0.297
4300,0.075,0.623,0.302
4400,0.077,0.620,0.303
4500,0.075,0.623,0.302
4600,0.078,0.616,0.306
4700,0.091,0.604,0.305
4800,0.090,0.601,0.309
4900,0.087,0.601,0.313
5000,0.088,0.599,0.314
5100,0.095,0.590,0.315
5200,0.100,0.574,0.326
5300,0.096,0.571,0.333
5400,0.097,0.561,0.342
5500,0.097,0.576,0.327
5600,0.108,0.570,0.322
5700,0.111,0.558,0.331
5800,0.106,0.552,0.342
5900,0.097,0.562,0.341
6000,0.122,0.555,0.324
6100,0.121,0.552,0.328
6200,0.125,0.539,0.336
6300,0.123,0.530,0.347
6400,0.122,0.529,0.349
6500,0.121,0.526,0.353
6600,0.128,0.522,0.350
6700,0.130,0.516,0.354
6800,0.121,0.522,0.358
6900,0.113,0.524,0.363
7000,0.105,0.521,0.374
7100,0.106,0.542,0.351
7200,0.118,0.537,0.344
7300,0.117,0.537,0.345
7400,0.118,0.531,0.350
7500,0.120,0.530,0.350
7600,0.121,0.538,0.341
7700,0.118,0.531,0.350
7800,0.116,0.526,0.358
7900,0.120,0.531,0.349
8000,0.118,0.535,0.346
8100,0.124,0.536,0.340
8200,0.109,0.538,0.352
8300,0.115,0.527,0.358
8400,0.104,0.526,0.370
8500,0.104,0.504,0.392
8600,0.106,0.503,0.391
8700,0.117,0.496,0.386
8800,0.112,0.486,0.401
8900,0.107,0.505,0.388
9000,0.115,0.509,0.376
9100,0.122,0.508,0.371
9200,0.128,0.521,0.351
9300,0.127,0.506,0.368
9400,0.131,0.499,0.370
9500,0.133,0.480,0.387
9600,0.131,0.488,0.381
9700,0.137,0.477,0.386
9800,0.137,0.473,0.390
9900,0.126,0.480,0.394
10000,0.125,0.484,0.391
10100,0.120,0.490,0.390
10200,0.116,0.477,0.407
10300,0.118,0.464,0.418
10400,0.121,0.459,0.421
10500,0.126,0.447,0.427
10600,0.122,0.453,0.426
10700,0.124,0.453,0.424
10800,0.122,0.449,0.429
10900,0.132,0.444,0.424
11000,0.127,0.457,0.417
11100,0.125,0.458,0.418
11200,0.143,0.458,0.399
11300,0.135,0.457,0.409
11400,0.145,0.457,0.398
11500,0.140,0.453,0.408
11600,0.151,0.444,0.404
11700,0.132,0.463,0.406
11800,0.135,0.466,0.399
11900,0.135,0.463,0.402
12000,0.136,0.455,0.410
12100,0.144,0.450,0.406
12200,0.148,0.446,0.406
12300,0.150,0.441,0.409
12400,0.157,0.435,0.408
12500,0.166,0.431,0.402
12600,0.165,0.433,0.401
12700,0.163,0.440,0.396
12800,0.151,0.429,0.420
12900,0.152,0.428,0.420
13000,0.153,0.435,0.412
13100,0.150,0.434,0.416
13200,0.153,0.439,0.408
13300,0.142,0.450,0.408
13400,0.142,0.458,0.400
13500,0.141,0.462,0.397
13600,0.137,0.450,0.413
13700,0.140,0.458,0.402
13800,0.144,0.457,0.399
13900,0.144,0.445,0.411
14000,0.139,0.454,0.408
14100,0.139,0.456,0.406
14200,0.139,0.453,0.409
14300,0.138,0.453,0.410
14400,0.138,0.443,0.419
14500,0.143,0.439,0.418
14600,0.161,0.428,0.411
14700,0.156,0.439,0.404
14800,0.156,0.427,0.417
14900,0.154,0.416,0.430
15000,0.163,0.417,0.420
15100,0.160,0.417,0.423
15200,0.151,0.417,0.432
15300,0.162,0.421,0.417
15400,0.173,0.427,0.400
15500,0.163,0.426,0.411
15600,0.168,0.414,0.419
15700,0.172,0.403,0.425
15800,0.158,0.406,0.436
15900,0.174,0.404,0.422
16000,0.172,0.411,0.418
16100,0.175,0.406,0.420
16200,0.177,0.402,0.421
16300,0.172,0.403,0.425
16400,0.178,0.404,0.418
16500,0.187,0.410,0.403
16600,0.175,0.399,0.426
16700,0.175,0.408,0.418
16800,0.160,0.399,0.440
16900,0.164,0.397,0.438
17000,0.168,0.399,0.433
17100,0.168,0.402,0.430
17200,0.171,0.409,0.421
17300,0.174,0.402,0.424
17400,0.160,0.397,0.442
17500,0.164,0.413,0.423
17600,0.169,0.412,0.420
17700,0.168,0.412,0.421
17800,0.171,0.421,0.409
17900,0.162,0.408,0.430
18000,0.160,0.428,0.412
18100,0.153,0.445,0.401
18200,0.159,0.440,0.400
18300,0.159,0.433,0.408
18400,0.164,0.426,0.410
18500,0.174,0.421,0.406
18600,0.172,0.423,0.406
18700,0.169,0.410,0.422
18800,0.178,0.401,0.421
18900,0.179,0.402,0.419
19000,0.182,0.410,0.409
19100,0.170,0.406,0.425
19200,0.163,0.407,0.430
19300,0.161,0.397,0.441
19400,0.171,0.402,0.427
19500,0.165,0.392,0.442
19600,0.168,0.409,0.424
19700,0.169,0.404,0.427
19800,0.175,0.403,0.422
19900,0.191,0.390,0.419
20000,0.200,0.384,0.416
20100,0.181,0.378,0.441
20200,0.170,0.395,0.435
20300,0.162,0.392,0.445
20400,0.168,0.388,0.444
20500,0.171,0.389,0.440
20600,0.176,0.379,0.445
20700,0.185,0.363,0.453
20800,0.192,0.353,0.455
20900,0.200,0.360,0.440
21000,0.201,0.362,0.437
21100,0.195,0.358,0.447
21200,0.204,0.354,0.441
21300,0.206,0.345,0.448
21400,0.204,0.344,0.451
21500,0.205,0.350,0.444
21600,0.199,0.353,0.447
21700,0.200,0.345,0.455
21800,0.197,0.355,0.447
21900,0.201,0.347,0.451
22000,0.204,0.341,0.455
22100,0.196,0.335,0.469
22200,0.209,0.331,0.460
22300,0.211,0.342,0.446
22400,0.199,0.346,0.455
22500,0.186,0.344,0.470
22600,0.180,0.345,0.475
22700,0.182,0.341,0.477
22800,0.186,0.341,0.473
22900,0.183,0.341,0.476
23000,0.183,0.333,0.484
23100,0.191,0.332,0.477
23200,0.189,0.326,0.485
23300,0.175,0.334,0.491
23400,0.184,0.331,0.485
23500,0.185,0.333,0.482
23600,0.179,0.354,0.467
23700,0.171,0.346,0.483
23800,0.169,0.354,0.477
23900,0.175,0.368,0.458
24000,0.180,0.368,0.453
24100,0.178,0.363,0.460
24200,0.175,0.355,0.470
24300,0.168,0.366,0.467
24400,0.163,0.368,0.469
24500,0.166,0.361,0.473
24600,0.186,0.358,0.457
24700,0.182,0.350,0.468
24800,0.205,0.341,0.454
24900,0.197,0.341,0.462
25000,0.193,0.335,0.472
25100,0.193,0.334,0.473
25200,0.194,0.333,0.473
25300,0.199,0.337,0.464
25400,0.196,0.336,0.468
25500,0.200,0.330,0.470
25600,0.206,0.327,0.467
25700,0.201,0.335,0.464
25800,0.201,0.344,0.455
25900,0.199,0.346,0.455
26000,0.199,0.345,0.456
26100,0.206,0.340,0.454
26200,0.194,0.342,0.464
26300,0.196,0.331,0.473
26400,0.194,0.346,0.460
26500,0.187,0.353,0.460
26600,0.181,0.350,0.469
26700,0.180,0.356,0.464
26800,0.176,0.358,0.467
26900,0.185,0.347,0.468
27000,0.185,0.346,0.469
27100,0.193,0.346,0.461
27200,0.196,0.350,0.454
27300,0.201,0.339,0.460
27400,0.193,0.351,0.456
27500,0.185,0.343,0.472
27600,0.181,0.342,0.477
27700,0.190,0.362,0.448
27800,0.188,0.353,0.459
27900,0.184,0.351,0.465
28000,0.182,0.343,0.475
28100,0.176,0.340,0.484
28200,0.181,0.351,0.468
28300,0.175,0.347,0.478
28400,0.179,0.344,0.477
28500,0.181,0.340,0.479
28600,0.179,0.343,0.478
28700,0.184,0.343,0.473
28800,0.186,0.342,0.472
28900,0.193,0.330,0.477
29000,0.189,0.326,0.485
29100,0.199,0.323,0.478
29200,0.192,0.326,0.482
29300,0.190,0.325,0.485
29400,0.187,0.325,0.488
29500,0.180,0.331,0.489
29600,0.187,0.320,0.493
29700,0.197,0.319,0.484
29800,0.197,0.324,0.479
29900,0.197,0.327,0.476
30000,0.192,0.338,0.470
30100,0.201,0.336,0.463
30200,0.199,0.331,0.470
30300,0.198,0.334,0.468
30400,0.209,0.327,0.464
30500,0.205,0.338,0.457
30600,0.205,0.339,0.456
30700,0.202,0.348,0.449
30800,0.194,0.340,0.466
30900,0.181,0.343,0.476
31000,0.185,0.341,0.474
31100,0.181,0.354,0.465
31200,0.180,0.358,0.463
31300,0.177,0.349,0.474
31400,0.174,0.350,0.476
31500,0.163,0.356,0.480
31600,0.172,0.353,0.475
31700,0.170,0.356,0.474
31800,0.173,0.347,0.480
31900,0.181,0.350,0.469
32000,0.181,0.347,0.472
32100,0.170,0.346,0.484
32200,0.161,0.355,0.483
32300,0.162,0.347,0.490
32400,0.161,0.340,0.498
32500,0.160,0.329,0.511
32600,0.161,0.336,0.503
32700,0.170,0.328,0.503
32800,0.170,0.326,0.505
32900,0.171,0.317,0.513
33000,0.172,0.307,0.521
33100,0.178,0.311,0.512
33200,0.175,0.309,0.516
33300,0.177,0.314,0.510
33400,0.171,0.314,0.516
33500,0.173,0.314,0.514
33600,0.179,0.313,0.509
33700,0.190,0.314,0.496
33800,0.189,0.331,0.480
33900,0.188,0.332,0.480
34000,0.179,0.321,0.501
34100,0.178,0.325,0.497
34200,0.179,0.318,0.504
34300,0.175,0.313,0.513
34400,0.171,0.305,0.524
34500,0.180,0.308,0.512
34600,0.179,0.309,0.512
34700,0.176,0.315,0.510
34800,0.182,0.312,0.507
34900,0.178,0.328,0.494
35000,0.192,0.336,0.472
35100,0.207,0.328,0.465
35200,0.216,0.324,0.461
35300,0.224,0.323,0.454
35400,0.225,0.322,0.454
35500,0.223,0.317,0.461
35600,0.221,0.317,0.463
35700,0.216,0.312,0.473
35800,0.223,0.299,0.478
35900,0.222,0.297,0.481
36000,0.227,0.291,0.482
36100,0.210,0.284,0.506
36200,0.222,0.289,0.489
36300,0.212,0.285,0.503
36400,0.204,0.294,0.502
36500,0.213,0.315,0.472
36600,0.210,0.308,0.481
36700,0.207,0.308,0.484
36800,0.207,0.324,0.469
36900,0.196,0.324,0.480
37000,0.204,0.324,0.472
37100,0.195,0.333,0.472
37200,0.210,0.329,0.461
37300,0.203,0.321,0.476
37400,0.206,0.331,0.463
37500,0.206,0.328,0.466
37600,0.209,0.328,0.463
37700,0.202,0.329,0.469
37800,0.200,0.336,0.464
37900,0.194,0.346,0.460
38000,0.197,0.340,0.463
38100,0.206,0.333,0.461
38200,0.206,0.336,0.458
38300,0.200,0.320,0.480
38400,0.189,0.315,0.496
38500,0.177,0.314,0.510
38600,0.190,0.315,0.495
38700,0.195,0.315,0.490
38800,0.192,0.317,0.491
38900,0.188,0.312,0.501
39000,0.189,0.309,0.502
39100,0.203,0.312,0.485
39200,0.200,0.316,0.484
39300,0.195,0.323,0.482
39400,0.201,0.320,0.479
39500,0.195,0.328,0.477
39600,0.199,0.338,0.463
39700,0.191,0.337,0.472
39800,0.189,0.334,0.477
39900,0.190,0.330,0.480
40000,0.201,0.329,0.470
40100,0.203,0.327,0.470
40200,0.190,0.321,0.489
40300,0.195,0.326,0.479
40400,0.197,0.332,0.471
40500,0.205,0.327,0.468
40600,0.208,0.315,0.477
40700,0.193,0.318,0.489
40800,0.196,0.319,0.485
40900,0.197,0.316,0.487
41000,0.198,0.305,0.496
41100,0.196,0.306,0.497
41200,0.197,0.299,0.504
41300,0.206,0.303,0.490
41400,0.209,0.296,0.494
41500,0.216,0.302,0.482
41600,0.228,0.290,0.482
41700,0.236,0.291,0.473
41800,0.234,0.291,0.475
41900,0.221,0.312,0.468
42000,0.218,0.305,0.477
42100,0.211,0.312,0.477
42200,0.205,0.308,0.486
42300,0.197,0.304,0.498
42400,0.203,0.296,0.501
42500,0.198,0.296,0.506
42600,0.191,0.289,0.520
42700,0.195,0.293,0.512
42800,0.191,0.293,0.516
42900,0.195,0.297,0.508
43000,0.190,0.288,0.522
43100,0.194,0.284,0.522
43200,0.210,0.277,0.513
43300,0.209,0.273,0.518
43400,0.215,0.272,0.514
43500,0.204,0.279,0.517
43600,0.215,0.274,0.512
43700,0.207,0.268,0.525
43800,0.227,0.275,0.498
43900,0.220,0.271,0.510
44000,0.220,0.275,0.506
44100,0.222,0.275,0.504
44200,0.220,0.271,0.510
44300,0.213,0.271,0.516
44400,0.223,0.270,0.508
44500,0.219,0.274,0.508
44600,0.212,0.287,0.501
44700,0.204,0.283,0.513
44800,0.204,0.281,0.515
44900,0.198,0.285,0.517
45000,0.204,0.275,0.521
45100,0.206,0.274,0.520
45200,0.204,0.274,0.522
45300,0.200,0.274,0.526
45400,0.205,0.274,0.521
45500,0.206,0.279,0.515
45600,0.216,0.285,0.499
45700,0.208,0.276,0.516
45800,0.211,0.272,0.517
45900,0.204,0.264,0.532
46000,0.205,0.264,0.531
46100,0.200,0.271,0.529
46200,0.210,0.275,0.515
46300,0.208,0.272,0.520
46400,0.219,0.269,0.513
46500,0.219,0.263,0.519
46600,0.217,0.274,0.510
46700,0.209,0.276,0.515
46800,0.215,0.273,0.513
46900,0.217,0.280,0.504
47000,0.213,0.292,0.494
47100,0.206,0.309,0.484
47200,0.200,0.316,0.484
47300,0.195,0.314,0.491
47400,0.209,0.308,0.482
47500,0.215,0.304,0.481
47600,0.208,0.302,0.489
47700,0.212,0.299,0.488
47800,0.205,0.301,0.493
47900,0.204,0.297,0.498
48000,0.200,0.302,0.497
48100,0.193,0.321,0.486
48200,0.192,0.311,0.497
48300,0.199,0.306,0.494
48400,0.205,0.304,0.490
48500,0.195,0.302,0.503
48600,0.209,0.301,0.489
48700,0.202,0.300,0.497
48800,0.205,0.304,0.490
48900,0.184,0.318,0.498
49000,0.198,0.322,0.480
49100,0.201,0.322,0.477
49200,0.201,0.325,0.474
49300,0.201,0.332,0.467
49400,0.218,0.301,0.481
49500,0.205,0.296,0.498
49600,0.218,0.298,0.484
49700,0.220,0.295,0.485
49800,0.221,0.306,0.473
49900,0.217,0.293,0.490
50000,0.232,0.295,0.473
50100,0.236,0.283,0.481
50200,0.228,0.275,0.497
50300,0.228,0.285,0.487
50400,0.237,0.279,0.484
50500,0.236,0.280,0.484
50600,0.236,0.289,0.475
50700,0.228,0.287,0.485
50800,0.222,0.288,0.490
50900,0.226,0.284,0.490
51000,0.219,0.289,0.492
51100,0.210,0.304,0.485
51200,0.224,0.295,0.481
51300,0.234,0.290,0.476
51400,0.230,0.297,0.473
51500,0.230,0.278,0.492
51600,0.227,0.288,0.485
51700,0.232,0.284,0.484
51800,0.212,0.306,0.481
51900,0.234,0.301,0.465
52000,0.239,0.296,0.465
52100,0.223,0.295,0.482
52200,0.215,0.318,0.468
52300,0.223,0.318,0.460
52400,0.217,0.311,0.473
52500,0.219,0.305,0.476
52600,0.213,0.314,0.473
52700,0.207,0.312,0.481
52800,0.211,0.312,0.477
52900,0.206,0.320,0.474
53000,0.200,0.318,0.482
53100,0.196,0.321,0.483
53200,0.197,0.324,0.479
53300,0.192,0.318,0.490
53400,0.195,0.317,0.488
53500,0.201,0.321,0.478
53600,0.202,0.329,0.469
53700,0.198,0.330,0.472
53800,0.196,0.328,0.476
53900,0.192,0.335,0.473
54000,0.200,0.342,0.458
54100,0.205,0.335,0.460
54200,0.209,0.330,0.461
54300,0.209,0.326,0.465
54400,0.199,0.321,0.480
54500,0.191,0.312,0.497
54600,0.182,0.309,0.509
54700,0.172,0.337,0.491
54800,0.172,0.341,0.487
54900,0.163,0.346,0.490
55000,0.163,0.344,0.492
55100,0.165,0.342,0.492
55200,0.174,0.330,0.496
55300,0.180,0.337,0.483
55400,0.201,0.323,0.476
55500,0.200,0.324,0.476
55600,0.192,0.319,0.489
55700,0.187,0.320,0.493
55800,0.182,0.311,0.508
55900,0.170,0.314,0.517
56000,0.169,0.321,0.511
56100,0.179,0.313,0.509
56200,0.166,0.319,0.515
56300,0.170,0.319,0.512
56400,0.173,0.313,0.515
56500,0.175,0.319,0.507
56600,0.190,0.330,0.480
56700,0.184,0.337,0.479
56800,0.172,0.348,0.480
56900,0.164,0.336,0.499
57000,0.176,0.319,0.506
57100,0.203,0.318,0.479
57200,0.201,0.311,0.488
57300,0.194,0.313,0.493
57400,0.196,0.301,0.503
57500,0.195,0.293,0.512
57600,0.195,0.292,0.513
57700,0.197,0.293,0.510
57800,0.191,0.297,0.512
57900,0.183,0.287,0.530
58000,0.176,0.289,0.535
58100,0.174,0.296,0.530
58200,0.175,0.303,0.522
58300,0.182,0.295,0.523
58400,0.174,0.294,0.532
58500,0.175,0.294,0.531
58600,0.173,0.291,0.536
58700,0.172,0.289,0.539
58800,0.165,0.291,0.543
58900,0.178,0.290,0.532
59000,0.173,0.287,0.540
59100,0.179,0.294,0.527
59200,0.190,0.303,0.507
59300,0.187,0.319,0.494
59400,0.173,0.318,0.510
59500,0.169,0.314,0.518
59600,0.164,0.308,0.527
59700,0.168,0.311,0.522
59800,0.179,0.301,0.520
59900,0.172,0.296,0.532
60000,0.169,0.285,0.546
60100,0.188,0.298,0.514
60200,0.185,0.296,0.519
60300,0.180,0.298,0.522
60400,0.195,0.292,0.513
60500,0.187,0.307,0.506
60600,0.184,0.314,0.503
60700,0.173,0.313,0.515
60800,0.163,0.308,0.528
60900,0.164,0.308,0.527
61000,0.156,0.307,0.536
61100,0.164,0.321,0.515
61200,0.163,0.319,0.518
61300,0.170,0.324,0.507
61400,0.170,0.314,0.517
61500,0.163,0.315,0.522
61600,0.183,0.306,0.511
61700,0.188,0.299,0.513
61800,0.186,0.292,0.522
61900,0.180,0.306,0.514
62000,0.205,0.300,0.494
62100,0.220,0.297,0.483
62200,0.219,0.298,0.483
62300,0.205,0.302,0.492
62400,0.204,0.307,0.488
62500,0.208,0.308,0.483
62600,0.206,0.311,0.483
62700,0.212,0.314,0.474
62800,0.211,0.312,0.477
62900,0.201,0.321,0.478
63000,0.196,0.330,0.474
63100,0.207,0.317,0.476
63200,0.215,0.300,0.485
63300,0.210,0.293,0.496
63400,0.209,0.292,0.498
63500,0.233,0.290,0.477
63600,0.224,0.295,0.481
63700,0.221,0.296,0.483
63800,0.217,0.301,0.482
63900,0.232,0.300,0.468
64000,0.227,0.304,0.469
64100,0.227,0.308,0.465
64200,0.230,0.300,0.470
64300,0.231,0.295,0.474
64400,0.225,0.300,0.475
64500,0.230,0.294,0.476
64600,0.233,0.297,0.470
64700,0.222,0.294,0.484
64800,0.224,0.295,0.481
64900,0.228,0.289,0.483
65000,0.237,0.286,0.477
65100,0.226,0.283,0.491
65200,0.233,0.283,0.484
65300,0.226,0.289,0.485
65400,0.215,0.300,0.485
65500,0.209,0.303,0.487
65600,0.232,0.295,0.473
65700,0.235,0.291,0.474
65800,0.224,0.289,0.487
65900,0.223,0.288,0.489
66000,0.216,0.288,0.496
66100,0.212,0.307,0.480
66200,0.217,0.303,0.480
66300,0.213,0.320,0.467
66400,0.208,0.316,0.476
66500,0.207,0.304,0.488
66600,0.201,0.308,0.490
66700,0.197,0.300,0.503
66800,0.186,0.297,0.517
66900,0.186,0.298,0.516
67000,0.190,0.300,0.510
67100,0.192,0.305,0.503
67200,0.188,0.301,0.511
67300,0.184,0.299,0.517
67400,0.202,0.296,0.502
67500,0.207,0.287,0.506
67600,0.206,0.285,0.509
67700,0.229,0.281,0.490
67800,0.229,0.277,0.494
67900,0.227,0.275,0.498
68000,0.223,0.292,0.485
68100,0.216,0.293,0.491
68200,0.201,0.287,0.512
68300,0.201,0.285,0.514
68400,0.199,0.278,0.523
68500,0.200,0.274,0.526
68600,0.201,0.281,0.518
68700,0.186,0.279,0.535
68800,0.184,0.300,0.516
68900,0.183,0.303,0.514
69000,0.174,0.304,0.522
69100,0.189,0.308,0.503
69200,0.196,0.305,0.498
69300,0.196,0.303,0.501
69400,0.184,0.299,0.517
69500,0.178,0.322,0.501
69600,0.179,0.316,0.506
69700,0.197,0.316,0.487
69800,0.197,0.315,0.488
69900,0.201,0.315,0.484
70000,0.222,0.325,0.454
70100,0.224,0.328,0.448
70200,0.221,0.322,0.458
70300,0.219,0.325,0.457
70400,0.224,0.324,0.453
70500,0.227,0.319,0.455
70600,0.225,0.320,0.456
70700,0.219,0.308,0.473
70800,0.221,0.320,0.460
70900,0.212,0.314,0.474
71000,0.207,0.306,0.486
71100,0.209,0.298,0.492
71200,0.211,0.299,0.489
71300,0.235,0.289,0.476
71400,0.225,0.282,0.493
71500,0.219,0.287,0.494
71600,0.236,0.290,0.474
71700,0.225,0.283,0.492
71800,0.233,0.279,0.488
71900,0.234,0.293,0.473
72000,0.230,0.284,0.486
72100,0.232,0.270,0.498
72200,0.236,0.269,0.495
72300,0.227,0.266,0.508
72400,0.231,0.268,0.502
72500,0.231,0.270,0.499
72600,0.246,0.261,0.492
72700,0.263,0.258,0.479
72800,0.257,0.258,0.484
72900,0.269,0.257,0.474
73000,0.267,0.266,0.468
73100,0.261,0.272,0.467
73200,0.254,0.271,0.475
73300,0.253,0.275,0.472
73400,0.245,0.275,0.480
73500,0.254,0.272,0.474
73600,0.237,0.268,0.495
73700,0.229,0.263,0.509
73800,0.236,0.260,0.504
73900,0.232,0.273,0.495
74000,0.226,0.277,0.497
74100,0.223,0.283,0.494
74200,0.203,0.293,0.504
74300,0.199,0.293,0.508
74400,0.197,0.292,0.511
74500,0.187,0.311,0.503
74600,0.177,0.321,0.503
74700,0.175,0.317,0.509
74800,0.174,0.321,0.506
74900,0.166,0.315,0.519
75000,0.172,0.314,0.515
75100,0.182,0.309,0.509
75200,0.180,0.302,0.518
75300,0.179,0.294,0.527
75400,0.184,0.279,0.537
75500,0.180,0.291,0.529
75600,0.180,0.298,0.522
75700,0.178,0.307,0.515
75800,0.184,0.306,0.510
75900,0.182,0.308,0.510
76000,0.184,0.309,0.507
76100,0.186,0.309,0.505
76200,0.176,0.306,0.518
76300,0.197,0.291,0.512
76400,0.188,0.290,0.522
76500,0.189,0.288,0.523
76600,0.179,0.289,0.532
76700,0.178,0.294,0.528
76800,0.178,0.293,0.529
76900,0.181,0.298,0.521
77000,0.170,0.308,0.522
77100,0.169,0.323,0.509
77200,0.171,0.312,0.518
77300,0.168,0.313,0.520
77400,0.166,0.319,0.515
77500,0.178,0.314,0.509
77600,0.186,0.313,0.502
77700,0.180,0.308,0.512
77800,0.176,0.296,0.528
77900,0.172,0.289,0.539
78000,0.182,0.279,0.539
78100,0.191,0.277,0.532
78200,0.194,0.271,0.535
78300,0.197,0.273,0.530
78400,0.195,0.269,0.536
78500,0.202,0.266,0.532
78600,0.194,0.283,0.523
78700,0.188,0.295,0.517
78800,0.191,0.295,0.514
78900,0.195,0.290,0.515
79000,0.188,0.313,0.499
79100,0.184,0.309,0.507
79200,0.184,0.326,0.490
79300,0.189,0.342,0.469
79400,0.189,0.339,0.472
79500,0.191,0.360,0.449
79600,0.197,0.360,0.443
79700,0.198,0.352,0.449
79800,0.186,0.352,0.462
79900,0.189,0.337,0.474
80000,0.194,0.327,0.479
80100,0.183,0.316,0.502
80200,0.179,0.309,0.512
80300,0.182,0.329,0.489
80400,0.186,0.331,0.483
80500,0.178,0.338,0.484
80600,0.189,0.342,0.469
80700,0.192,0.336,0.472
80800,0.180,0.324,0.496
80900,0.184,0.325,0.491
81000,0.196,0.318,0.486
81100,0.184,0.307,0.509
81200,0.183,0.305,0.512
81300,0.177,0.300,0.523
81400,0.166,0.290,0.543
81500,0.194,0.292,0.514
81600,0.195,0.286,0.519
81700,0.191,0.281,0.528
81800,0.186,0.284,0.530
81900,0.186,0.289,0.525
82000,0.183,0.282,0.535
82100,0.186,0.283,0.531
82200,0.182,0.286,0.532
82300,0.191,0.293,0.516
82400,0.182,0.303,0.515
82500,0.175,0.302,0.523
82600,0.179,0.308,0.513
82700,0.180,0.306,0.514
82800,0.173,0.307,0.520
82900,0.179,0.305,0.516
83000,0.189,0.295,0.516
83100,0.184,0.296,0.520
83200,0.184,0.293,0.523
83300,0.188,0.291,0.521
83400,0.187,0.307,0.506
83500,0.199,0.302,0.498
83600,0.211,0.298,0.490
83700,0.216,0.297,0.487
83800,0.217,0.290,0.493
83900,0.202,0.311,0.487
84000,0.216,0.304,0.480
84100,0.207,0.314,0.479
84200,0.198,0.313,0.489
84300,0.201,0.312,0.487
84400,0.198,0.308,0.493
84500,0.195,0.314,0.491
84600,0.184,0.332,0.484
84700,0.183,0.335,0.482
84800,0.180,0.327,0.493
84900,0.184,0.324,0.492
85000,0.192,0.323,0.485
85100,0.199,0.320,0.481
85200,0.200,0.325,0.475
85300,0.208,0.324,0.468
85400,0.203,0.324,0.473
85500,0.204,0.311,0.485
85600,0.203,0.305,0.491
85700,0.209,0.304,0.486
85800,0.206,0.284,0.510
85900,0.209,0.284,0.507
86000,0.204,0.285,0.511
86100,0.209,0.278,0.513
86200,0.212,0.276,0.512
86300,0.218,0.279,0.504
86400,0.201,0.279,0.520
86500,0.192,0.278,0.530
86600,0.198,0.270,0.532
86700,0.210,0.269,0.521
86800,0.210,0.271,0.519
86900,0.200,0.257,0.542
87000,0.197,0.278,0.525
87100,0.193,0.282,0.525
87200,0.187,0.279,0.534
87300,0.199,0.297,0.504
87400,0.202,0.302,0.495
87500,0.190,0.308,0.502
87600,0.178,0.301,0.521
87700,0.191,0.303,0.506
87800,0.196,0.295,0.509
87900,0.197,0.285,0.518
88000,0.188,0.292,0.520
88100,0.191,0.291,0.518
88200,0.191,0.291,0.518
88300,0.190,0.301,0.509
88400,0.199,0.299,0.502
88500,0.196,0.288,0.516
88600,0.191,0.284,0.525
88700,0.194,0.278,0.528
88800,0.215,0.276,0.510
88900,0.204,0.267,0.529
89000,0.199,0.267,0.534
89100,0.201,0.267,0.532
89200,0.205,0.269,0.526
89300,0.227,0.265,0.509
89400,0.237,0.252,0.511
89500,0.238,0.257,0.505
89600,0.235,0.259,0.506
89700,0.243,0.248,0.509
89800,0.239,0.247,0.514
89900,0.229,0.250,0.521
90000,0.235,0.260,0.505
90100,0.243,0.256,0.501
90200,0.252,0.248,0.499
90300,0.249,0.241,0.510
90400,0.253,0.245,0.502
90500,0.240,0.246,0.514
90600,0.232,0.260,0.508
90700,0.226,0.273,0.502
90800,0.218,0.274,0.509
90900,0.216,0.268,0.517
91000,0.215,0.273,0.513
91100,0.217,0.271,0.513
91200,0.216,0.280,0.505
91300,0.218,0.282,0.501
91400,0.205,0.283,0.512
91500,0.191,0.287,0.522
91600,0.182,0.285,0.533
91700,0.173,0.284,0.543
91800,0.185,0.285,0.530
91900,0.182,0.286,0.532
92000,0.185,0.297,0.518
92100,0.190,0.289,0.521
92200,0.168,0.297,0.535
92300,0.168,0.295,0.537
92400,0.165,0.293,0.541
92500,0.170,0.286,0.544
92600,0.176,0.298,0.526
92700,0.173,0.306,0.521
92800,0.175,0.326,0.499
92900,0.164,0.321,0.515
93000,0.169,0.317,0.515
93100,0.182,0.302,0.516
93200,0.182,0.291,0.527
93300,0.187,0.291,0.522
93400,0.201,0.277,0.522
93500,0.199,0.282,0.519
93600,0.199,0.280,0.521
93700,0.187,0.278,0.535
93800,0.180,0.263,0.558
93900,0.185,0.267,0.549
94000,0.188,0.270,0.542
94100,0.183,0.268,0.550
94200,0.191,0.279,0.530
94300,0.189,0.275,0.536
94400,0.193,0.277,0.530
94500,0.189,0.273,0.538
94600,0.194,0.266,0.540
94700,0.196,0.272,0.532
94800,0.196,0.275,0.529
94900,0.181,0.273,0.546
95000,0.178,0.272,0.551
95100,0.185,0.281,0.534
95200,0.183,0.295,0.522
95300,0.190,0.283,0.527
95400,0.206,0.281,0.513
95500,0.205,0.270,0.525
95600,0.209,0.267,0.524
95700,0.208,0.259,0.532
95800,0.213,0.254,0.532
95900,0.208,0.259,0.532
96000,0.197,0.257,0.545
96100,0.199,0.263,0.538
96200,0.212,0.260,0.527
96300,0.215,0.257,0.528
96400,0.210,0.253,0.536
96500,0.216,0.250,0.534
96600,0.229,0.249,0.522
96700,0.224,0.249,0.527
96800,0.210,0.245,0.544
96900,0.211,0.238,0.551
97000,0.210,0.244,0.545
97100,0.221,0.249,0.530
97200,0.224,0.251,0.525
97300,0.227,0.252,0.521
97400,0.223,0.259,0.518
97500,0.218,0.255,0.527
97600,0.227,0.267,0.507
97700,0.221,0.286,0.493
97800,0.217,0.283,0.501
97900,0.217,0.274,0.510
98000,0.213,0.285,0.502
98100,0.210,0.274,0.516
98200,0.221,0.280,0.499
98300,0.224,0.268,0.509
98400,0.225,0.271,0.505
98500,0.236,0.268,0.496
98600,0.230,0.268,0.503
98700,0.228,0.269,0.504
98800,0.224,0.257,0.519
98900,0.233,0.261,0.506
99000,0.227,0.267,0.507
99100,0.235,0.264,0.502
99200,0.231,0.266,0.504
99300,0.233,0.260,0.507
99400,0.244,0.249,0.507
99500,0.241,0.249,0.510
99600,0.245,0.245,0.510
99700,0.242,0.248,0.510
99800,0.230,0.255,0.515
99900,0.227,0.255,0.518
100000,0.239,0.257,0.504
