time,n_A+p,n_B,n_AB
100,0.361,0.480,0.159
200,0.300,0.428,0.272
300,0.284,0.407,0.309
400,0.303,0.398,0.300
500,0.297,0.370,0.333
600,0.309,0.327,0.364
700,0.315,0.333,0.352
800,0.294,0.312,0.394
900,0.300,0.321,0.379
1000,0.306,0.333,0.361
1100,0.324,0.306,0.370
1200,0.300,0.339,0.361
1300,0.349,0.343,0.309
1400,0.309,0.339,0.352
1500,0.300,0.349,0.352
1600,0.245,0.352,0.404
1700,0.278,0.339,0.382
1800,0.272,0.361,0.367
1900,0.260,0.355,0.385
2000,0.266,0.373,0.361
2100,0.278,0.364,0.358
2200,0.260,0.376,0.364
2300,0.260,0.382,0.358
2400,0.275,0.385,0.339
2500,0.254,0.388,0.358
2600,0.220,0.367,0.413
2700,0.220,0.398,0.382
2800,0.220,0.391,0.388
2900,0.214,0.425,0.361
3000,0.220,0.453,0.327
3100,0.211,0.468,0.321
3200,0.257,0.410,0.333
3300,0.217,0.404,0.379
3400,0.205,0.431,0.364
3500,0.177,0.456,0.367
3600,0.211,0.486,0.303
3700,0.235,0.462,0.303
3800,0.232,0.437,0.330
3900,0.217,0.446,0.336
4000,0.251,0.443,0.306
4100,0.239,0.391,0.370
4200,0.248,0.385,0.367
4300,0.254,0.367,0.379
4400,0.260,0.379,0.361
4500,0.257,0.401,0.343
4600,0.287,0.358,0.355
4700,0.266,0.349,0.385
4800,0.248,0.373,0.379
4900,0.263,0.324,0.413
5000,0.287,0.333,0.379
5100,0.266,0.333,0.401
5200,0.291,0.333,0.376
5300,0.321,0.306,0.373
5400,0.321,0.318,0.361
5500,0.287,0.315,0.398
5600,0.291,0.349,0.361
5700,0.269,0.339,0.391
5800,0.226,0.388,0.385
5900,0.242,0.382,0.376
6000,0.254,0.394,0.352
6100,0.235,0.398,0.367
6200,0.239,0.364,0.398
6300,0.239,0.385,0.376
6400,0.226,0.443,0.330
6500,0.183,0.450,0.367
6600,0.183,0.440,0.376
6700,0.196,0.428,0.376
6800,0.235,0.425,0.339
6900,0.251,0.437,0.312
7000,0.232,0.450,0.318
7100,0.257,0.413,0.330
7200,0.239,0.385,0.376
7300,0.251,0.388,0.361
7400,0.245,0.404,0.352
7500,0.251,0.382,0.367
7600,0.242,0.379,0.379
7700,0.257,0.379,0.364
7800,0.242,0.407,0.352
7900,0.208,0.398,0.394
8000,0.223,0.385,0.391
8100,0.214,0.376,0.410
8200,0.190,0.355,0.456
8300,0.208,0.355,0.437
8400,0.223,0.339,0.437
8500,0.229,0.401,0.370
8600,0.217,0.355,0.428
8700,0.199,0.379,0.422
8800,0.242,0.379,0.379
8900,0.248,0.373,0.379
9000,0.242,0.361,0.398
9100,0.260,0.385,0.355
9200,0.254,0.388,0.358
9300,0.251,0.385,0.364
9400,0.239,0.385,0.376
9500,0.232,0.367,0.401
9600,0.254,0.373,0.373
9700,0.242,0.388,0.370
9800,0.226,0.376,0.398
9900,0.239,0.379,0.382
10000,0.239,0.388,0.373
10100,0.251,0.431,0.318
10200,0.211,0.446,0.343
10300,0.208,0.453,0.339
10400,0.217,0.416,0.367
10500,0.239,0.419,0.343
10600,0.235,0.401,0.364
10700,0.193,0.398,0.410
10800,0.205,0.376,0.419
10900,0.187,0.379,0.434
11000,0.199,0.361,0.440
11100,0.190,0.419,0.391
11200,0.217,0.379,0.404
11300,0.254,0.404,0.343
11400,0.251,0.394,0.355
11500,0.245,0.385,0.370
11600,0.239,0.379,0.382
11700,0.217,0.370,0.413
11800,0.239,0.327,0.434
11900,0.260,0.336,0.404
12000,0.254,0.370,0.376
12100,0.266,0.339,0.394
12200,0.263,0.327,0.410
12300,0.248,0.376,0.376
12400,0.266,0.394,0.339
12500,0.254,0.398,0.349
12600,0.306,0.361,0.333
12700,0.297,0.339,0.364
12800,0.275,0.327,0.398
12900,0.300,0.306,0.394
13000,0.327,0.281,0.391
13100,0.306,0.294,0.401
13200,0.321,0.278,0.401
13300,0.336,0.248,0.416
13400,0.312,0.263,0.425
13500,0.315,0.272,0.413
13600,0.318,0.263,0.419
13700,0.309,0.254,0.437
13800,0.321,0.266,0.413
13900,0.300,0.254,0.446
14000,0.306,0.263,0.431
14100,0.309,0.281,0.410
14200,0.309,0.303,0.388
14300,0.284,0.303,0.413
14400,0.278,0.321,0.401
14500,0.294,0.318,0.388
14600,0.294,0.306,0.401
14700,0.303,0.324,0.373
14800,0.300,0.336,0.364
14900,0.287,0.333,0.379
15000,0.309,0.336,0.355
15100,0.291,0.327,0.382
15200,0.266,0.370,0.364
15300,0.254,0.336,0.410
15400,0.217,0.364,0.419
15500,0.223,0.370,0.407
15600,0.190,0.388,0.422
15700,0.183,0.382,0.434
15800,0.208,0.373,0.419
15900,0.217,0.413,0.370
16000,0.220,0.416,0.364
16100,0.226,0.440,0.333
16200,0.205,0.486,0.309
16300,0.205,0.505,0.291
16400,0.202,0.474,0.324
16500,0.217,0.456,0.327
16600,0.229,0.437,0.333
16700,0.211,0.422,0.367
16800,0.232,0.385,0.382
16900,0.257,0.349,0.394
17000,0.263,0.364,0.373
17100,0.300,0.370,0.330
17200,0.287,0.358,0.355
17300,0.220,0.388,0.391
17400,0.229,0.391,0.379
17500,0.226,0.382,0.391
17600,0.245,0.413,0.343
17700,0.229,0.407,0.364
17800,0.202,0.456,0.343
17900,0.183,0.502,0.315
18000,0.174,0.514,0.312
18100,0.162,0.498,0.339
18200,0.147,0.523,0.330
18300,0.141,0.523,0.336
18400,0.190,0.517,0.294
18500,0.162,0.477,0.361
18600,0.171,0.474,0.355
18700,0.229,0.422,0.349
18800,0.232,0.425,0.343
18900,0.223,0.419,0.358
19000,0.205,0.456,0.339
19100,0.193,0.446,0.361
19200,0.190,0.416,0.394
19300,0.171,0.434,0.394
19400,0.214,0.382,0.404
19500,0.177,0.376,0.446
19600,0.159,0.373,0.468
19700,0.165,0.385,0.450
19800,0.180,0.425,0.394
19900,0.180,0.431,0.388
20000,0.183,0.407,0.410
20100,0.199,0.440,0.361
20200,0.174,0.425,0.401
20300,0.183,0.428,0.388
20400,0.168,0.425,0.407
20500,0.171,0.474,0.355
20600,0.150,0.538,0.312
20700,0.153,0.544,0.303
20800,0.144,0.550,0.306
20900,0.131,0.535,0.333
21000,0.162,0.526,0.312
21100,0.159,0.498,0.343
21200,0.168,0.514,0.318
21300,0.162,0.465,0.373
21400,0.211,0.431,0.358
21500,0.217,0.446,0.336
21600,0.199,0.446,0.355
21700,0.196,0.443,0.361
21800,0.211,0.410,0.379
21900,0.183,0.440,0.376
22000,0.211,0.443,0.346
22100,0.223,0.379,0.398
22200,0.254,0.419,0.327
22300,0.281,0.401,0.318
22400,0.263,0.398,0.339
22500,0.245,0.388,0.367
22600,0.263,0.349,0.388
22700,0.269,0.382,0.349
22800,0.257,0.385,0.358
22900,0.248,0.391,0.361
23000,0.245,0.394,0.361
23100,0.245,0.398,0.358
23200,0.242,0.394,0.364
23300,0.223,0.419,0.358
23400,0.239,0.401,0.361
23500,0.223,0.407,0.370
23600,0.205,0.437,0.358
23700,0.174,0.456,0.370
23800,0.196,0.422,0.382
23900,0.208,0.391,0.401
24000,0.217,0.428,0.355
24100,0.190,0.459,0.352
24200,0.180,0.462,0.358
24300,0.168,0.453,0.379
24400,0.177,0.443,0.379
24500,0.202,0.468,0.330
24600,0.177,0.459,0.364
24700,0.168,0.465,0.367
24800,0.156,0.471,0.373
24900,0.165,0.468,0.367
25000,0.153,0.450,0.398
25100,0.159,0.440,0.401
25200,0.174,0.419,0.407
25300,0.187,0.410,0.404
25400,0.171,0.474,0.355
25500,0.208,0.450,0.343
25600,0.211,0.419,0.370
25700,0.245,0.385,0.370
25800,0.226,0.388,0.385
25900,0.208,0.407,0.385
26000,0.193,0.404,0.404
26100,0.199,0.410,0.391
26200,0.171,0.443,0.385
26300,0.180,0.456,0.364
26400,0.220,0.404,0.376
26500,0.214,0.419,0.367
26600,0.248,0.398,0.355
26700,0.284,0.401,0.315
26800,0.272,0.428,0.300
26900,0.291,0.361,0.349
27000,0.324,0.352,0.324
27100,0.349,0.321,0.330
27200,0.330,0.312,0.358
27300,0.349,0.287,0.364
27400,0.355,0.284,0.361
27500,0.382,0.284,0.333
27600,0.370,0.254,0.376
27700,0.373,0.229,0.398
27800,0.388,0.217,0.394
27900,0.385,0.251,0.364
28000,0.367,0.223,0.410
28100,0.352,0.242,0.407
28200,0.333,0.284,0.382
28300,0.315,0.297,0.388
28400,0.330,0.281,0.388
28500,0.333,0.257,0.410
28600,0.327,0.245,0.428
28700,0.312,0.266,0.422
28800,0.352,0.239,0.410
28900,0.391,0.239,0.370
29000,0.376,0.248,0.376
29100,0.343,0.269,0.388
29200,0.370,0.254,0.376
29300,0.391,0.257,0.352
29400,0.431,0.220,0.349
29500,0.437,0.226,0.336
29600,0.471,0.226,0.303
29700,0.471,0.220,0.309
29800,0.434,0.229,0.336
29900,0.407,0.272,0.321
30000,0.407,0.254,0.339
30100,0.394,0.245,0.361
30200,0.382,0.260,0.358
30300,0.385,0.235,0.379
30400,0.367,0.226,0.407
30500,0.367,0.269,0.364
30600,0.309,0.324,0.367
30700,0.336,0.287,0.376
30800,0.309,0.309,0.382
30900,0.309,0.364,0.327
31000,0.297,0.376,0.327
31100,0.281,0.352,0.367
31200,0.263,0.355,0.382
31300,0.239,0.352,0.410
31400,0.269,0.312,0.419
31500,0.257,0.327,0.416
31600,0.229,0.339,0.431
31700,0.211,0.361,0.428
31800,0.199,0.388,0.413
31900,0.196,0.364,0.440
32000,0.245,0.318,0.437
32100,0.257,0.339,0.404
32200,0.245,0.352,0.404
32300,0.312,0.339,0.349
32400,0.278,0.355,0.367
32500,0.291,0.349,0.361
32600,0.287,0.346,0.367
32700,0.294,0.327,0.379
32800,0.312,0.312,0.376
32900,0.336,0.287,0.376
33000,0.352,0.263,0.385
33100,0.361,0.260,0.379
33200,0.327,0.272,0.401
33300,0.309,0.284,0.407
33400,0.379,0.260,0.361
33500,0.398,0.257,0.346
33600,0.394,0.245,0.361
33700,0.388,0.248,0.364
33800,0.398,0.223,0.379
33900,0.413,0.235,0.352
34000,0.425,0.245,0.330
34100,0.336,0.291,0.373
34200,0.367,0.297,0.336
34300,0.343,0.287,0.370
34400,0.343,0.266,0.391
34500,0.330,0.275,0.394
34600,0.373,0.278,0.349
34700,0.385,0.263,0.352
34800,0.385,0.235,0.379
34900,0.404,0.196,0.401
35000,0.398,0.211,0.391
35100,0.394,0.214,0.391
35200,0.410,0.226,0.364
35300,0.422,0.217,0.361
35400,0.465,0.251,0.284
35500,0.434,0.235,0.330
35600,0.480,0.223,0.297
35700,0.474,0.214,0.312
35800,0.471,0.223,0.306
35900,0.477,0.193,0.330
36000,0.477,0.187,0.336
36100,0.471,0.190,0.339
36200,0.462,0.199,0.339
36300,0.450,0.199,0.352
36400,0.440,0.199,0.361
36500,0.465,0.208,0.327
36600,0.462,0.211,0.327
36700,0.483,0.226,0.291
36800,0.477,0.217,0.306
36900,0.465,0.229,0.306
37000,0.474,0.196,0.330
37100,0.495,0.165,0.339
37200,0.483,0.162,0.355
37300,0.446,0.217,0.336
37400,0.431,0.226,0.343
37500,0.407,0.245,0.349
37600,0.419,0.229,0.352
37700,0.419,0.242,0.339
37800,0.422,0.214,0.364
37900,0.453,0.199,0.349
38000,0.428,0.205,0.367
38100,0.443,0.220,0.336
38200,0.453,0.202,0.346
38300,0.480,0.211,0.309
38400,0.474,0.229,0.297
38500,0.471,0.205,0.324
38600,0.462,0.208,0.330
38700,0.468,0.193,0.339
38800,0.462,0.196,0.343
38900,0.459,0.187,0.355
39000,0.483,0.202,0.315
39100,0.483,0.196,0.321
39200,0.495,0.214,0.291
39300,0.474,0.254,0.272
39400,0.489,0.232,0.278
39500,0.471,0.214,0.315
39600,0.474,0.235,0.291
39700,0.495,0.211,0.294
39800,0.474,0.199,0.327
39900,0.483,0.162,0.355
40000,0.502,0.183,0.315
40100,0.517,0.199,0.284
40200,0.477,0.220,0.303
40300,0.474,0.220,0.306
40400,0.474,0.208,0.318
40500,0.505,0.202,0.294
40600,0.505,0.183,0.312
40700,0.517,0.156,0.327
40800,0.480,0.156,0.364
40900,0.508,0.150,0.343
41000,0.508,0.165,0.327
41100,0.526,0.174,0.300
41200,0.541,0.187,0.272
41300,0.544,0.183,0.272
41400,0.550,0.162,0.287
41500,0.544,0.199,0.257
41600,0.557,0.196,0.248
41700,0.529,0.177,0.294
41800,0.550,0.199,0.251
41900,0.563,0.174,0.263
42000,0.575,0.159,0.266
42100,0.606,0.131,0.263
42200,0.569,0.156,0.275
42300,0.575,0.125,0.300
42400,0.596,0.101,0.303
42500,0.606,0.110,0.284
42600,0.618,0.119,0.263
42700,0.606,0.101,0.294
42800,0.587,0.101,0.312
42900,0.630,0.083,0.287
43000,0.642,0.064,0.294
43100,0.651,0.055,0.294
43200,0.688,0.043,0.269
43300,0.697,0.043,0.260
43400,0.679,0.058,0.263
43500,0.657,0.055,0.287
43600,0.676,0.052,0.272
43700,0.682,0.046,0.272
43800,0.664,0.064,0.272
43900,0.679,0.073,0.248
44000,0.722,0.073,0.205
44100,0.725,0.049,0.226
44200,0.749,0.067,0.183
44300,0.740,0.067,0.193
44400,0.746,0.058,0.196
44500,0.761,0.080,0.159
44600,0.743,0.064,0.193
44700,0.728,0.067,0.205
44800,0.709,0.083,0.208
44900,0.713,0.092,0.196
45000,0.722,0.076,0.202
45100,0.737,0.076,0.187
45200,0.749,0.070,0.180
45300,0.746,0.067,0.187
45400,0.749,0.058,0.193
45500,0.743,0.058,0.199
45600,0.755,0.067,0.177
45700,0.731,0.076,0.193
45800,0.746,0.073,0.180
45900,0.709,0.067,0.223
46000,0.719,0.067,0.214
46100,0.716,0.073,0.211
46200,0.706,0.058,0.235
46300,0.691,0.061,0.248
46400,0.688,0.058,0.254
46500,0.706,0.070,0.223
46600,0.691,0.083,0.226
46700,0.685,0.076,0.239
46800,0.725,0.061,0.214
46900,0.722,0.052,0.226
47000,0.722,0.076,0.202
47100,0.713,0.076,0.211
47200,0.731,0.092,0.177
47300,0.731,0.098,0.171
47400,0.755,0.076,0.168
47500,0.719,0.092,0.190
47600,0.691,0.101,0.208
47700,0.703,0.067,0.229
47800,0.737,0.055,0.208
47900,0.725,0.058,0.217
48000,0.743,0.052,0.205
48100,0.737,0.101,0.162
48200,0.731,0.080,0.190
48300,0.709,0.061,0.229
48400,0.728,0.061,0.211
48500,0.719,0.086,0.196
48600,0.706,0.110,0.183
48700,0.709,0.080,0.211
48800,0.703,0.083,0.214
48900,0.706,0.070,0.223
49000,0.746,0.070,0.183
49100,0.740,0.070,0.190
49200,0.709,0.070,0.220
49300,0.734,0.080,0.187
49400,0.734,0.080,0.187
49500,0.728,0.089,0.183
49600,0.731,0.089,0.180
49700,0.725,0.083,0.193
49800,0.716,0.092,0.193
49900,0.670,0.122,0.208
50000,0.697,0.110,0.193
50100,0.703,0.092,0.205
50200,0.700,0.092,0.208
50300,0.694,0.083,0.223
50400,0.725,0.080,0.196
50500,0.746,0.070,0.183
50600,0.737,0.046,0.217
50700,0.703,0.049,0.248
50800,0.713,0.052,0.235
50900,0.719,0.080,0.202
51000,0.743,0.070,0.187
51100,0.709,0.061,0.229
51200,0.706,0.083,0.211
51300,0.673,0.128,0.199
51400,0.633,0.107,0.260
51500,0.630,0.107,0.263
51600,0.621,0.110,0.269
51700,0.578,0.113,0.309
51800,0.557,0.153,0.291
51900,0.550,0.141,0.309
52000,0.547,0.119,0.333
52100,0.550,0.107,0.343
52200,0.538,0.110,0.352
52300,0.563,0.110,0.327
52400,0.593,0.107,0.300
52500,0.590,0.083,0.327
52600,0.578,0.061,0.361
52700,0.550,0.076,0.373
52800,0.544,0.095,0.361
52900,0.572,0.110,0.318
53000,0.578,0.089,0.333
53100,0.563,0.113,0.324
53200,0.523,0.110,0.367
53300,0.526,0.104,0.370
53400,0.563,0.101,0.336
53500,0.566,0.092,0.343
53600,0.563,0.095,0.343
53700,0.566,0.116,0.318
53800,0.606,0.095,0.300
53900,0.581,0.135,0.284
54000,0.572,0.168,0.260
54100,0.547,0.153,0.300
54200,0.547,0.150,0.303
54300,0.529,0.165,0.306
54400,0.566,0.162,0.272
54500,0.557,0.135,0.309
54600,0.520,0.128,0.352
54700,0.508,0.125,0.367
54800,0.489,0.138,0.373
54900,0.456,0.153,0.391
55000,0.477,0.125,0.398
55100,0.498,0.135,0.367
55200,0.498,0.116,0.385
55300,0.547,0.110,0.343
55400,0.544,0.095,0.361
55500,0.541,0.098,0.361
55600,0.523,0.122,0.355
55700,0.526,0.141,0.333
55800,0.544,0.125,0.330
55900,0.566,0.119,0.315
56000,0.544,0.131,0.324
56100,0.520,0.131,0.349
56200,0.520,0.116,0.364
56300,0.541,0.144,0.315
56400,0.514,0.125,0.361
56500,0.502,0.135,0.364
56600,0.523,0.141,0.336
56700,0.523,0.135,0.343
56800,0.572,0.128,0.300
56900,0.560,0.138,0.303
57000,0.560,0.119,0.321
57100,0.569,0.135,0.297
57200,0.596,0.119,0.284
57300,0.593,0.122,0.284
57400,0.630,0.095,0.275
57500,0.590,0.086,0.324
57600,0.590,0.113,0.297
57700,0.636,0.086,0.278
57800,0.624,0.089,0.287
57900,0.633,0.070,0.297
58000,0.645,0.089,0.266
58100,0.624,0.080,0.297
58200,0.624,0.095,0.281
58300,0.612,0.095,0.294
58400,0.657,0.083,0.260
58500,0.679,0.073,0.248
58600,0.694,0.064,0.242
58700,0.688,0.067,0.245
58800,0.722,0.046,0.232
58900,0.685,0.058,0.257
59000,0.682,0.080,0.239
59100,0.679,0.076,0.245
59200,0.670,0.064,0.266
59300,0.657,0.076,0.266
59400,0.664,0.073,0.263
59500,0.654,0.095,0.251
59600,0.667,0.101,0.232
59700,0.651,0.104,0.245
59800,0.685,0.067,0.248
59900,0.694,0.089,0.217
60000,0.691,0.070,0.239
60100,0.694,0.080,0.226
60200,0.713,0.067,0.220
60300,0.697,0.083,0.220
60400,0.667,0.104,0.229
60500,0.664,0.119,0.217
60600,0.661,0.116,0.223
60700,0.682,0.089,0.229
60800,0.685,0.076,0.239
60900,0.682,0.095,0.223
61000,0.673,0.070,0.257
61100,0.685,0.058,0.257
61200,0.682,0.061,0.257
61300,0.713,0.070,0.217
61400,0.734,0.064,0.202
61500,0.749,0.061,0.190
61600,0.728,0.046,0.226
61700,0.743,0.055,0.202
61800,0.746,0.067,0.187
61900,0.758,0.052,0.190
62000,0.768,0.034,0.199
62100,0.789,0.037,0.174
62200,0.792,0.034,0.174
62300,0.801,0.043,0.156
62400,0.780,0.040,0.180
62500,0.786,0.031,0.183
62600,0.795,0.034,0.171
62700,0.813,0.028,0.159
62800,0.820,0.028,0.153
62900,0.820,0.037,0.144
63000,0.817,0.058,0.125
63100,0.817,0.055,0.128
63200,0.820,0.049,0.131
63300,0.829,0.058,0.113
63400,0.832,0.049,0.119
63500,0.832,0.043,0.125
63600,0.841,0.031,0.128
63700,0.844,0.037,0.119
63800,0.859,0.034,0.107
63900,0.881,0.024,0.095
64000,0.881,0.015,0.104
64100,0.884,0.021,0.095
64200,0.875,0.018,0.107
64300,0.902,0.015,0.083
64400,0.905,0.021,0.073
64500,0.902,0.015,0.083
64600,0.893,0.021,0.086
64700,0.887,0.031,0.083
64800,0.881,0.021,0.098
64900,0.859,0.015,0.125
65000,0.847,0.006,0.147
65100,0.856,0.006,0.138
65200,0.859,0.018,0.122
65300,0.850,0.006,0.144
65400,0.872,0.018,0.110
65500,0.856,0.009,0.135
65600,0.841,0.009,0.150
65700,0.817,0.040,0.144
65800,0.774,0.046,0.180
65900,0.774,0.034,0.193
66000,0.795,0.031,0.174
66100,0.801,0.015,0.183
66200,0.804,0.018,0.177
66300,0.798,0.015,0.187
66400,0.780,0.018,0.202
66500,0.792,0.031,0.177
66600,0.798,0.028,0.174
66700,0.786,0.031,0.183
66800,0.807,0.021,0.171
66900,0.847,0.012,0.141
67000,0.838,0.009,0.153
67100,0.841,0.006,0.153
67200,0.865,0.009,0.125
67300,0.878,0.003,0.119
67400,0.899,0.009,0.092
67500,0.902,0.009,0.089
67600,0.908,0.003,0.089
67700,0.905,0.003,0.092
67800,0.896,0.009,0.095
67900,0.890,0.009,0.101
68000,0.859,0.009,0.131
68100,0.838,0.024,0.138
68200,0.823,0.021,0.156
68300,0.801,0.037,0.162
68400,0.810,0.015,0.174
68500,0.807,0.015,0.177
68600,0.807,0.006,0.187
68700,0.826,0.018,0.156
68800,0.807,0.024,0.168
68900,0.810,0.031,0.159
69000,0.813,0.034,0.153
69100,0.804,0.040,0.156
69200,0.783,0.028,0.190
69300,0.795,0.028,0.177
69400,0.807,0.034,0.159
69500,0.838,0.043,0.119
69600,0.862,0.034,0.104
69700,0.856,0.064,0.080
69800,0.826,0.061,0.113
69900,0.826,0.055,0.119
70000,0.835,0.046,0.119
70100,0.853,0.028,0.119
70200,0.850,0.024,0.125
70300,0.869,0.021,0.110
70400,0.872,0.024,0.104
70500,0.856,0.024,0.119
70600,0.856,0.037,0.107
70700,0.856,0.031,0.113
70800,0.847,0.040,0.113
70900,0.823,0.040,0.138
71000,0.841,0.031,0.128
71100,0.856,0.031,0.113
71200,0.869,0.031,0.101
71300,0.865,0.021,0.113
71400,0.875,0.018,0.107
71500,0.881,0.009,0.110
71600,0.890,0.009,0.101
71700,0.887,0.009,0.104
71800,0.893,0.006,0.101
71900,0.890,0.021,0.089
72000,0.893,0.021,0.086
72100,0.896,0.018,0.086
72200,0.890,0.018,0.092
72300,0.884,0.021,0.095
72400,0.875,0.021,0.104
72500,0.878,0.015,0.107
72600,0.887,0.015,0.098
72700,0.887,0.021,0.092
72800,0.899,0.012,0.089
72900,0.902,0.006,0.092
73000,0.896,0.012,0.092
73100,0.893,0.012,0.095
73200,0.902,0.012,0.086
73300,0.890,0.018,0.092
73400,0.896,0.015,0.089
73500,0.893,0.021,0.086
73600,0.911,0.012,0.076
73700,0.914,0.015,0.070
73800,0.911,0.012,0.076
73900,0.902,0.006,0.092
74000,0.878,0.012,0.110
74100,0.914,0.009,0.076
74200,0.917,0.003,0.080
74300,0.933,0.003,0.064
74400,0.939,0.003,0.058
74500,0.933,0.003,0.064
74600,0.930,0.003,0.067
74700,0.924,0.003,0.073
74800,0.948,0.003,0.049
74900,0.942,0.012,0.046
75000,0.927,0.009,0.064
75100,0.933,0.009,0.058
75200,0.942,0.012,0.046
75300,0.936,0.003,0.061
75400,0.914,0.003,0.083
75500,0.930,0.003,0.067
75600,0.933,0.000,0.067
75700,0.930,0.000,0.070
75800,0.914,0.000,0.086
75900,0.920,0.000,0.080
76000,0.930,0.006,0.064
76100,0.930,0.012,0.058
76200,0.927,0.012,0.061
76300,0.951,0.012,0.037
76400,0.951,0.003,0.046
76500,0.957,0.003,0.040
76600,0.960,0.003,0.037
76700,0.945,0.003,0.052
76800,0.936,0.003,0.061
76900,0.936,0.006,0.058
77000,0.939,0.006,0.055
77100,0.930,0.003,0.067
77200,0.930,0.003,0.067
77300,0.927,0.009,0.064
77400,0.927,0.006,0.067
77500,0.914,0.015,0.070
77600,0.899,0.015,0.086
77700,0.920,0.012,0.067
77800,0.908,0.021,0.070
77900,0.902,0.028,0.070
78000,0.920,0.015,0.064
78100,0.936,0.003,0.061
78200,0.939,0.003,0.058
78300,0.942,0.003,0.055
78400,0.948,0.003,0.049
78500,0.951,0.003,0.046
78600,0.942,0.003,0.055
78700,0.957,0.003,0.040
78800,0.951,0.000,0.049
78900,0.963,0.000,0.037
79000,0.972,0.006,0.021
79100,0.969,0.003,0.028
79200,0.966,0.009,0.024
79300,0.960,0.009,0.031
79400,0.966,0.000,0.034
79500,0.951,0.000,0.049
79600,0.960,0.000,0.040
79700,0.954,0.000,0.046
79800,0.954,0.009,0.037
79900,0.954,0.003,0.043
80000,0.942,0.003,0.055
80100,0.963,0.003,0.034
80200,0.966,0.003,0.031
80300,0.945,0.000,0.055
80400,0.954,0.000,0.046
80500,0.945,0.006,0.049
80600,0.948,0.006,0.046
80700,0.942,0.006,0.052
80800,0.942,0.003,0.055
80900,0.933,0.006,0.061
81000,0.939,0.006,0.055
81100,0.939,0.009,0.052
81200,0.936,0.015,0.049
81300,0.942,0.009,0.049
81400,0.951,0.006,0.043
81500,0.939,0.003,0.058
81600,0.954,0.000,0.046
81700,0.963,0.000,0.037
81800,0.966,0.000,0.034
81900,0.972,0.000,0.028
82000,0.979,0.000,0.021
82100,0.979,0.000,0.021
82200,0.982,0.000,0.018
82300,0.988,0.000,0.012
82400,0.991,0.000,0.009
82500,0.994,0.000,0.006
82600,0.994,0.000,0.006
82700,0.994,0.000,0.006
82800,0.994,0.000,0.006
82900,0.994,0.000,0.006
83000,0.988,0.009,0.003
83100,0.988,0.009,0.003
83200,0.994,0.000,0.006
83300,0.997,0.000,0.003
83400,0.997,0.000,0.003
83500,0.988,0.000,0.012
83600,0.988,0.000,0.012
83700,0.991,0.000,0.009
83800,0.991,0.000,0.009
83900,0.994,0.000,0.006
84000,0.994,0.000,0.006
84100,0.994,0.000,0.006
84200,0.985,0.000,0.015
84300,0.988,0.000,0.012
84400,0.997,0.000,0.003
84500,0.997,0.000,0.003
84600,0.997,0.000,0.003
84700,0.997,0.000,0.003
84800,0.997,0.000,0.003
84900,1.000,0.000,0.000
