time,n_A+p,n_B,n_AB
100,0.033,0.962,0.005
200,0.033,0.961,0.006
300,0.032,0.959,0.009
400,0.031,0.959,0.010
500,0.031,0.955,0.014
600,0.030,0.951,0.019
700,0.030,0.950,0.020
800,0.030,0.934,0.036
900,0.030,0.932,0.038
1000,0.030,0.926,0.044
1100,0.030,0.909,0.061
1200,0.030,0.911,0.059
1300,0.030,0.904,0.066
1400,0.030,0.900,0.070
1500,0.034,0.894,0.072
1600,0.035,0.888,0.077
1700,0.036,0.884,0.080
1800,0.035,0.886,0.079
1900,0.035,0.881,0.084
2000,0.036,0.874,0.090
2100,0.035,0.851,0.114
2200,0.035,0.846,0.119
2300,0.037,0.839,0.124
2400,0.036,0.829,0.135
2500,0.035,0.834,0.131
2600,0.034,0.820,0.146
2700,0.040,0.823,0.137
2800,0.038,0.819,0.143
2900,0.038,0.813,0.149
3000,0.040,0.784,0.176
3100,0.049,0.787,0.164
3200,0.049,0.788,0.163
3300,0.045,0.761,0.194
3400,0.046,0.769,0.185
3500,0.044,0.768,0.188
3600,0.046,0.769,0.185
3700,0.042,0.773,0.185
3800,0.042,0.762,0.196
3900,0.046,0.766,0.188
4000,0.046,0.761,0.193
4100,0.047,0.756,0.197
4200,0.049,0.748,0.203
4300,0.049,0.747,0.204
4400,0.061,0.732,0.207
4500,0.063,0.723,0.214
4600,0.062,0.721,0.217
4700,0.060,0.724,0.216
4800,0.064,0.713,0.223
4900,0.065,0.715,0.220
5000,0.072,0.720,0.208
5100,0.070,0.724,0.206
5200,0.068,0.708,0.224
5300,0.069,0.710,0.221
5400,0.069,0.725,0.206
5500,0.065,0.719,0.216
5600,0.064,0.725,0.211
5700,0.061,0.732,0.207
5800,0.058,0.736,0.206
5900,0.063,0.726,0.211
6000,0.058,0.727,0.215
6100,0.058,0.725,0.217
6200,0.063,0.710,0.227
6300,0.062,0.697,0.241
6400,0.072,0.690,0.238
6500,0.083,0.682,0.235
6600,0.099,0.677,0.224
6700,0.096,0.673,0.231
6800,0.099,0.667,0.234
6900,0.098,0.662,0.240
7000,0.089,0.669,0.242
7100,0.085,0.666,0.249
7200,0.089,0.661,0.250
7300,0.086,0.649,0.265
7400,0.082,0.659,0.259
7500,0.081,0.662,0.257
7600,0.081,0.669,0.250
7700,0.085,0.672,0.243
7800,0.095,0.666,0.239
7900,0.096,0.654,0.250
8000,0.100,0.660,0.240
8100,0.093,0.663,0.244
8200,0.095,0.646,0.259
8300,0.086,0.648,0.266
8400,0.088,0.646,0.266
8500,0.088,0.647,0.265
8600,0.089,0.659,0.252
8700,0.090,0.652,0.258
8800,0.086,0.654,0.260
8900,0.089,0.642,0.269
9000,0.091,0.644,0.265
9100,0.091,0.626,0.283
9200,0.092,0.620,0.288
9300,0.115,0.614,0.271
9400,0.115,0.620,0.265
9500,0.118,0.613,0.269
9600,0.114,0.598,0.288
9700,0.113,0.601,0.286
9800,0.112,0.589,0.299
9900,0.117,0.584,0.299
10000,0.120,0.567,0.313
10100,0.136,0.552,0.312
10200,0.137,0.534,0.329
10300,0.126,0.539,0.335
10400,0.121,0.545,0.334
10500,0.125,0.547,0.328
10600,0.130,0.555,0.315
10700,0.134,0.544,0.322
10800,0.144,0.525,0.331
10900,0.139,0.530,0.331
11000,0.136,0.522,0.342
11100,0.144,0.532,0.324
11200,0.147,0.526,0.327
11300,0.165,0.509,0.326
11400,0.180,0.511,0.309
11500,0.189,0.507,0.304
11600,0.181,0.515,0.304
11700,0.171,0.523,0.306
11800,0.173,0.523,0.304
11900,0.190,0.500,0.310
12000,0.197,0.480,0.323
12100,0.184,0.487,0.329
12200,0.186,0.475,0.339
12300,0.182,0.458,0.360
12400,0.206,0.432,0.362
12500,0.212,0.424,0.364
12600,0.213,0.439,0.348
12700,0.206,0.426,0.368
12800,0.198,0.423,0.379
12900,0.200,0.413,0.387
13000,0.202,0.409,0.389
13100,0.198,0.419,0.383
13200,0.201,0.404,0.395
13300,0.200,0.411,0.389
13400,0.199,0.426,0.375
13500,0.193,0.433,0.374
13600,0.198,0.423,0.379
13700,0.188,0.440,0.372
13800,0.191,0.438,0.371
13900,0.194,0.431,0.375
14000,0.212,0.408,0.380
14100,0.224,0.391,0.385
14200,0.226,0.379,0.395
14300,0.224,0.396,0.380
14400,0.238,0.386,0.376
14500,0.254,0.369,0.377
14600,0.244,0.360,0.396
14700,0.244,0.349,0.407
14800,0.237,0.351,0.412
14900,0.276,0.340,0.384
15000,0.270,0.356,0.374
15100,0.261,0.368,0.371
15200,0.269,0.359,0.372
15300,0.259,0.367,0.374
15400,0.239,0.368,0.393
15500,0.239,0.370,0.391
15600,0.223,0.366,0.411
15700,0.230,0.365,0.405
15800,0.237,0.360,0.403
15900,0.232,0.371,0.397
16000,0.229,0.354,0.417
16100,0.229,0.346,0.425
16200,0.234,0.349,0.417
16300,0.254,0.348,0.398
16400,0.256,0.350,0.394
16500,0.271,0.352,0.377
16600,0.275,0.349,0.376
16700,0.296,0.340,0.364
16800,0.279,0.331,0.390
16900,0.274,0.337,0.389
17000,0.291,0.321,0.388
17100,0.284,0.325,0.391
17200,0.294,0.311,0.395
17300,0.286,0.305,0.409
17400,0.294,0.305,0.401
17500,0.300,0.290,0.410
17600,0.301,0.295,0.404
17700,0.305,0.295,0.400
17800,0.318,0.284,0.398
17900,0.323,0.279,0.398
18000,0.317,0.294,0.389
18100,0.310,0.296,0.394
18200,0.314,0.302,0.384
18300,0.309,0.295,0.396
18400,0.325,0.290,0.385
18500,0.325,0.276,0.399
18600,0.333,0.274,0.393
18700,0.334,0.270,0.396
18800,0.326,0.298,0.376
18900,0.324,0.295,0.381
19000,0.320,0.286,0.394
19100,0.299,0.285,0.416
19200,0.305,0.290,0.405
19300,0.304,0.289,0.407
19400,0.308,0.285,0.407
19500,0.298,0.300,0.402
19600,0.297,0.306,0.397
19700,0.306,0.290,0.404
19800,0.301,0.307,0.392
19900,0.293,0.326,0.381
20000,0.293,0.321,0.386
20100,0.285,0.317,0.398
20200,0.281,0.315,0.404
20300,0.272,0.319,0.409
20400,0.283,0.310,0.407
20500,0.265,0.326,0.409
20600,0.263,0.337,0.400
20700,0.258,0.334,0.408
20800,0.276,0.323,0.401
20900,0.286,0.346,0.368
21000,0.272,0.340,0.388
21100,0.259,0.342,0.399
21200,0.251,0.341,0.408
21300,0.241,0.343,0.416
21400,0.235,0.345,0.420
21500,0.220,0.370,0.410
21600,0.216,0.371,0.413
21700,0.223,0.349,0.428
21800,0.218,0.360,0.422
21900,0.235,0.337,0.428
22000,0.226,0.325,0.449
22100,0.238,0.325,0.437
22200,0.233,0.329,0.438
22300,0.254,0.323,0.423
22400,0.250,0.333,0.417
22500,0.238,0.335,0.427
22600,0.251,0.324,0.425
22700,0.247,0.321,0.432
22800,0.251,0.293,0.456
22900,0.242,0.288,0.470
23000,0.262,0.291,0.447
23100,0.261,0.299,0.440
23200,0.266,0.296,0.438
23300,0.280,0.287,0.433
23400,0.270,0.297,0.433
23500,0.257,0.320,0.423
23600,0.246,0.322,0.432
23700,0.250,0.327,0.423
23800,0.244,0.319,0.437
23900,0.246,0.297,0.457
24000,0.245,0.302,0.453
24100,0.254,0.300,0.446
24200,0.263,0.299,0.438
24300,0.278,0.308,0.414
24400,0.278,0.310,0.412
24500,0.275,0.318,0.407
24600,0.270,0.312,0.418
24700,0.266,0.319,0.415
24800,0.283,0.309,0.408
24900,0.286,0.327,0.387
25000,0.293,0.332,0.375
25100,0.303,0.333,0.364
25200,0.300,0.325,0.375
25300,0.286,0.320,0.394
25400,0.294,0.307,0.399
25500,0.285,0.299,0.416
25600,0.273,0.305,0.422
25700,0.280,0.303,0.417
25800,0.270,0.302,0.428
25900,0.265,0.316,0.419
26000,0.290,0.312,0.398
26100,0.285,0.320,0.395
26200,0.291,0.307,0.402
26300,0.288,0.313,0.399
26400,0.292,0.311,0.397
26500,0.296,0.331,0.373
26600,0.309,0.308,0.383
26700,0.330,0.292,0.378
26800,0.317,0.293,0.390
26900,0.331,0.278,0.391
27000,0.333,0.285,0.382
27100,0.337,0.279,0.384
27200,0.334,0.264,0.402
27300,0.326,0.280,0.394
27400,0.332,0.279,0.389
27500,0.332,0.275,0.393
27600,0.326,0.279,0.395
27700,0.322,0.262,0.416
27800,0.335,0.264,0.401
27900,0.347,0.271,0.382
28000,0.346,0.277,0.377
28100,0.334,0.292,0.374
28200,0.319,0.288,0.393
28300,0.318,0.284,0.398
28400,0.314,0.272,0.414
28500,0.311,0.261,0.428
28600,0.315,0.266,0.419
28700,0.314,0.255,0.431
28800,0.327,0.277,0.396
28900,0.332,0.267,0.401
29000,0.327,0.258,0.415
29100,0.326,0.256,0.418
29200,0.329,0.261,0.410
29300,0.340,0.268,0.392
29400,0.329,0.286,0.385
29500,0.342,0.280,0.378
29600,0.335,0.267,0.398
29700,0.329,0.269,0.402
29800,0.325,0.270,0.405
29900,0.320,0.263,0.417
30000,0.315,0.260,0.425
30100,0.325,0.258,0.417
30200,0.340,0.252,0.408
30300,0.334,0.253,0.413
30400,0.341,0.253,0.406
30500,0.358,0.249,0.393
30600,0.362,0.255,0.383
30700,0.353,0.265,0.382
30800,0.348,0.262,0.390
30900,0.340,0.265,0.395
31000,0.357,0.259,0.384
31100,0.353,0.264,0.383
31200,0.352,0.251,0.397
31300,0.352,0.250,0.398
31400,0.360,0.263,0.377
31500,0.376,0.262,0.362
31600,0.360,0.276,0.364
31700,0.376,0.261,0.363
31800,0.369,0.254,0.377
31900,0.368,0.254,0.378
32000,0.370,0.243,0.387
32100,0.371,0.243,0.386
32200,0.358,0.259,0.383
32300,0.340,0.258,0.402
32400,0.347,0.257,0.396
32500,0.320,0.256,0.424
32600,0.318,0.245,0.437
32700,0.317,0.250,0.433
32800,0.310,0.252,0.438
32900,0.339,0.242,0.419
33000,0.356,0.234,0.410
33100,0.347,0.253,0.400
33200,0.357,0.239,0.404
33300,0.337,0.239,0.424
33400,0.327,0.243,0.430
33500,0.333,0.229,0.438
33600,0.326,0.241,0.433
33700,0.332,0.248,0.420
33800,0.335,0.260,0.405
33900,0.329,0.273,0.398
34000,0.336,0.269,0.395
34100,0.335,0.269,0.396
34200,0.333,0.250,0.417
34300,0.340,0.256,0.404
34400,0.385,0.232,0.383
34500,0.400,0.223,0.377
34600,0.392,0.227,0.381
34700,0.363,0.238,0.399
34800,0.383,0.220,0.397
34900,0.367,0.215,0.418
35000,0.376,0.204,0.420
35100,0.370,0.203,0.427
35200,0.370,0.197,0.433
35300,0.380,0.197,0.423
35400,0.374,0.180,0.446
35500,0.382,0.181,0.437
35600,0.373,0.192,0.435
35700,0.370,0.205,0.425
35800,0.386,0.192,0.422
35900,0.389,0.193,0.418
36000,0.391,0.197,0.412
36100,0.409,0.160,0.431
36200,0.420,0.159,0.421
36300,0.415,0.164,0.421
36400,0.423,0.155,0.422
36500,0.432,0.152,0.416
36600,0.427,0.150,0.423
36700,0.427,0.158,0.415
36800,0.415,0.152,0.433
36900,0.399,0.173,0.428
37000,0.389,0.178,0.433
37100,0.406,0.174,0.420
37200,0.402,0.175,0.423
37300,0.396,0.172,0.432
37400,0.403,0.180,0.417
37500,0.402,0.183,0.415
37600,0.415,0.170,0.415
37700,0.427,0.170,0.403
37800,0.413,0.162,0.425
37900,0.412,0.178,0.410
38000,0.412,0.183,0.405
38100,0.421,0.182,0.397
38200,0.411,0.189,0.400
38300,0.413,0.171,0.416
38400,0.402,0.174,0.424
38500,0.410,0.192,0.398
38600,0.423,0.189,0.388
38700,0.408,0.211,0.381
38800,0.404,0.218,0.378
38900,0.411,0.216,0.373
39000,0.423,0.201,0.376
39100,0.416,0.199,0.385
39200,0.407,0.193,0.400
39300,0.403,0.185,0.412
39400,0.394,0.193,0.413
39500,0.387,0.191,0.422
39600,0.402,0.183,0.415
39700,0.402,0.180,0.418
39800,0.429,0.175,0.396
39900,0.418,0.176,0.406
40000,0.424,0.174,0.402
40100,0.417,0.171,0.412
40200,0.414,0.196,0.390
40300,0.423,0.186,0.391
40400,0.419,0.185,0.396
40500,0.420,0.173,0.407
40600,0.409,0.167,0.424
40700,0.418,0.171,0.411
40800,0.415,0.177,0.408
40900,0.416,0.171,0.413
41000,0.420,0.171,0.409
41100,0.444,0.170,0.386
41200,0.440,0.167,0.393
41300,0.442,0.160,0.398
41400,0.456,0.163,0.381
41500,0.464,0.168,0.368
41600,0.440,0.175,0.385
41700,0.426,0.182,0.392
41800,0.430,0.183,0.387
41900,0.422,0.188,0.390
42000,0.418,0.188,0.394
42100,0.432,0.178,0.390
42200,0.439,0.174,0.387
42300,0.434,0.174,0.392
42400,0.455,0.166,0.379
42500,0.432,0.169,0.399
42600,0.431,0.155,0.414
42700,0.438,0.153,0.409
42800,0.435,0.148,0.417
42900,0.435,0.146,0.419
43000,0.427,0.159,0.414
43100,0.430,0.163,0.407
43200,0.435,0.159,0.406
43300,0.420,0.147,0.433
43400,0.423,0.148,0.429
43500,0.422,0.139,0.439
43600,0.420,0.143,0.437
43700,0.404,0.158,0.438
43800,0.394,0.172,0.434
43900,0.381,0.170,0.449
44000,0.384,0.187,0.429
44100,0.381,0.178,0.441
44200,0.374,0.182,0.444
44300,0.351,0.189,0.460
44400,0.345,0.198,0.457
44500,0.349,0.213,0.438
44600,0.360,0.210,0.430
44700,0.358,0.204,0.438
44800,0.378,0.211,0.411
44900,0.363,0.223,0.414
45000,0.352,0.237,0.411
45100,0.337,0.240,0.423
45200,0.341,0.248,0.411
45300,0.358,0.235,0.407
45400,0.359,0.237,0.404
45500,0.381,0.236,0.383
45600,0.381,0.245,0.374
45700,0.368,0.246,0.386
45800,0.377,0.243,0.380
45900,0.379,0.236,0.385
46000,0.367,0.239,0.394
46100,0.372,0.228,0.400
46200,0.374,0.223,0.403
46300,0.374,0.216,0.410
46400,0.390,0.202,0.408
46500,0.389,0.187,0.424
46600,0.379,0.174,0.447
46700,0.371,0.174,0.455
46800,0.381,0.170,0.449
46900,0.395,0.163,0.442
47000,0.396,0.166,0.438
47100,0.402,0.160,0.438
47200,0.420,0.152,0.428
47300,0.428,0.162,0.410
47400,0.431,0.159,0.410
47500,0.415,0.165,0.420
47600,0.410,0.180,0.410
47700,0.407,0.178,0.415
47800,0.425,0.172,0.403
47900,0.426,0.169,0.405
48000,0.441,0.155,0.404
48100,0.437,0.153,0.410
48200,0.434,0.154,0.412
48300,0.441,0.154,0.405
48400,0.440,0.147,0.413
48500,0.418,0.145,0.437
48600,0.418,0.146,0.436
48700,0.437,0.144,0.419
48800,0.450,0.151,0.399
48900,0.472,0.148,0.380
49000,0.485,0.146,0.369
49100,0.489,0.142,0.369
49200,0.492,0.149,0.359
49300,0.491,0.145,0.364
49400,0.497,0.144,0.359
49500,0.499,0.130,0.371
49600,0.507,0.129,0.364
49700,0.529,0.118,0.353
49800,0.526,0.120,0.354
49900,0.521,0.107,0.372
50000,0.524,0.099,0.377
50100,0.553,0.087,0.360
50200,0.547,0.092,0.361
50300,0.560,0.087,0.353
50400,0.580,0.084,0.336
50500,0.599,0.085,0.316
50600,0.611,0.082,0.307
50700,0.603,0.085,0.312
50800,0.608,0.079,0.313
50900,0.611,0.071,0.318
51000,0.608,0.073,0.319
51100,0.603,0.079,0.318
51200,0.611,0.072,0.317
51300,0.610,0.094,0.296
51400,0.609,0.089,0.302
51500,0.605,0.088,0.307
51600,0.589,0.080,0.331
51700,0.582,0.089,0.329
51800,0.584,0.091,0.325
51900,0.572,0.087,0.341
52000,0.569,0.092,0.339
52100,0.570,0.104,0.326
52200,0.583,0.094,0.323
52300,0.595,0.086,0.319
52400,0.587,0.077,0.336
52500,0.591,0.080,0.329
52600,0.598,0.074,0.328
52700,0.596,0.074,0.330
52800,0.581,0.096,0.323
52900,0.577,0.084,0.339
53000,0.578,0.086,0.336
53100,0.587,0.079,0.334
53200,0.591,0.075,0.334
53300,0.605,0.070,0.325
53400,0.606,0.073,0.321
53500,0.597,0.094,0.309
53600,0.593,0.092,0.315
53700,0.588,0.094,0.318
53800,0.594,0.087,0.319
53900,0.608,0.081,0.311
54000,0.602,0.080,0.318
54100,0.592,0.090,0.318
54200,0.577,0.106,0.317
54300,0.581,0.095,0.324
54400,0.574,0.101,0.325
54500,0.577,0.095,0.328
54600,0.594,0.088,0.318
54700,0.592,0.081,0.327
54800,0.568,0.077,0.355
54900,0.568,0.077,0.355
55000,0.562,0.074,0.364
55100,0.562,0.076,0.362
55200,0.552,0.078,0.370
55300,0.557,0.072,0.371
55400,0.558,0.076,0.366
55500,0.530,0.088,0.382
55600,0.525,0.109,0.366
55700,0.528,0.102,0.370
55800,0.527,0.100,0.373
55900,0.528,0.096,0.376
56000,0.522,0.098,0.380
56100,0.505,0.102,0.393
56200,0.515,0.103,0.382
56300,0.507,0.115,0.378
56400,0.504,0.115,0.381
56500,0.505,0.112,0.383
56600,0.494,0.103,0.403
56700,0.504,0.100,0.396
56800,0.507,0.110,0.383
56900,0.497,0.102,0.401
57000,0.494,0.099,0.407
57100,0.500,0.105,0.395
57200,0.491,0.115,0.394
57300,0.476,0.132,0.392
57400,0.475,0.129,0.396
57500,0.474,0.127,0.399
57600,0.475,0.130,0.395
57700,0.501,0.127,0.372
57800,0.478,0.146,0.376
57900,0.473,0.148,0.379
58000,0.463,0.140,0.397
58100,0.452,0.137,0.411
58200,0.470,0.150,0.380
58300,0.464,0.153,0.383
58400,0.474,0.149,0.377
58500,0.468,0.143,0.389
58600,0.476,0.147,0.377
58700,0.484,0.139,0.377
58800,0.501,0.134,0.365
58900,0.518,0.139,0.343
59000,0.553,0.128,0.319
59100,0.551,0.124,0.325
59200,0.567,0.118,0.315
59300,0.568,0.107,0.325
59400,0.566,0.113,0.321
59500,0.566,0.121,0.313
59600,0.557,0.138,0.305
59700,0.546,0.141,0.313
59800,0.547,0.138,0.315
59900,0.525,0.143,0.332
60000,0.523,0.138,0.339
60100,0.523,0.132,0.345
60200,0.507,0.131,0.362
60300,0.496,0.123,0.381
60400,0.516,0.126,0.358
60500,0.523,0.127,0.350
60600,0.517,0.121,0.362
60700,0.527,0.117,0.356
60800,0.533,0.126,0.341
60900,0.541,0.124,0.335
61000,0.538,0.137,0.325
61100,0.554,0.125,0.321
61200,0.544,0.125,0.331
61300,0.534,0.127,0.339
61400,0.540,0.112,0.348
61500,0.531,0.114,0.355
61600,0.516,0.124,0.360
61700,0.525,0.116,0.359
61800,0.559,0.110,0.331
61900,0.544,0.112,0.344
62000,0.535,0.105,0.360
62100,0.550,0.102,0.348
62200,0.554,0.108,0.338
62300,0.574,0.110,0.316
62400,0.567,0.099,0.334
62500,0.538,0.115,0.347
62600,0.536,0.113,0.351
62700,0.533,0.130,0.337
62800,0.547,0.119,0.334
62900,0.548,0.118,0.334
63000,0.552,0.109,0.339
63100,0.551,0.098,0.351
63200,0.556,0.089,0.355
63300,0.546,0.079,0.375
63400,0.551,0.077,0.372
63500,0.569,0.070,0.361
63600,0.560,0.074,0.366
63700,0.561,0.071,0.368
63800,0.550,0.072,0.378
63900,0.562,0.071,0.367
64000,0.566,0.068,0.366
64100,0.557,0.082,0.361
64200,0.564,0.073,0.363
64300,0.557,0.099,0.344
64400,0.549,0.097,0.354
64500,0.537,0.098,0.365
64600,0.542,0.095,0.363
64700,0.534,0.095,0.371
64800,0.538,0.093,0.369
64900,0.531,0.107,0.362
65000,0.534,0.110,0.356
65100,0.539,0.108,0.353
65200,0.525,0.133,0.342
65300,0.515,0.132,0.353
65400,0.519,0.128,0.353
65500,0.520,0.124,0.356
65600,0.518,0.124,0.358
65700,0.517,0.114,0.369
65800,0.512,0.107,0.381
65900,0.527,0.111,0.362
66000,0.554,0.102,0.344
66100,0.568,0.093,0.339
66200,0.555,0.105,0.340
66300,0.550,0.105,0.345
66400,0.550,0.103,0.347
66500,0.555,0.103,0.342
66600,0.569,0.099,0.332
66700,0.573,0.112,0.315
66800,0.592,0.110,0.298
66900,0.603,0.105,0.292
67000,0.596,0.106,0.298
67100,0.617,0.097,0.286
67200,0.601,0.104,0.295
67300,0.598,0.097,0.305
67400,0.611,0.092,0.297
67500,0.618,0.088,0.294
67600,0.618,0.087,0.295
67700,0.621,0.099,0.280
67800,0.616,0.088,0.296
67900,0.616,0.090,0.294
68000,0.615,0.086,0.299
68100,0.605,0.092,0.303
68200,0.606,0.091,0.303
68300,0.584,0.105,0.311
68400,0.586,0.092,0.322
68500,0.586,0.086,0.328
68600,0.595,0.084,0.321
68700,0.599,0.078,0.323
68800,0.599,0.076,0.325
68900,0.601,0.082,0.317
69000,0.599,0.084,0.317
69100,0.588,0.096,0.316
69200,0.580,0.104,0.316
69300,0.574,0.120,0.306
69400,0.565,0.128,0.307
69500,0.547,0.133,0.320
69600,0.536,0.134,0.330
69700,0.524,0.139,0.337
69800,0.511,0.138,0.351
69900,0.521,0.142,0.337
70000,0.510,0.135,0.355
70100,0.512,0.125,0.363
70200,0.510,0.127,0.363
70300,0.526,0.115,0.359
70400,0.516,0.122,0.362
70500,0.519,0.117,0.364
70600,0.508,0.115,0.377
70700,0.514,0.107,0.379
70800,0.494,0.116,0.390
70900,0.501,0.126,0.373
71000,0.492,0.129,0.379
71100,0.489,0.131,0.380
71200,0.491,0.132,0.377
71300,0.482,0.130,0.388
71400,0.489,0.126,0.385
71500,0.492,0.132,0.376
71600,0.488,0.126,0.386
71700,0.497,0.122,0.381
71800,0.490,0.145,0.365
71900,0.484,0.147,0.369
72000,0.473,0.154,0.373
72100,0.482,0.146,0.372
72200,0.483,0.140,0.377
72300,0.481,0.152,0.367
72400,0.497,0.144,0.359
72500,0.501,0.141,0.358
72600,0.478,0.135,0.387
72700,0.484,0.130,0.386
72800,0.474,0.163,0.363
72900,0.473,0.167,0.360
73000,0.468,0.166,0.366
73100,0.462,0.157,0.381
73200,0.483,0.146,0.371
73300,0.487,0.130,0.383
73400,0.475,0.125,0.400
73500,0.480,0.142,0.378
73600,0.486,0.140,0.374
73700,0.484,0.130,0.386
73800,0.450,0.153,0.397
73900,0.437,0.172,0.391
74000,0.452,0.165,0.383
74100,0.476,0.150,0.374
74200,0.483,0.149,0.368
74300,0.503,0.143,0.354
74400,0.477,0.165,0.358
74500,0.500,0.156,0.344
74600,0.502,0.154,0.344
74700,0.496,0.157,0.347
74800,0.506,0.159,0.335
74900,0.509,0.164,0.327
75000,0.503,0.156,0.341
75100,0.509,0.140,0.351
75200,0.520,0.142,0.338
75300,0.495,0.156,0.349
75400,0.505,0.140,0.355
75500,0.503,0.156,0.341
75600,0.499,0.160,0.341
75700,0.482,0.169,0.349
75800,0.474,0.156,0.370
75900,0.460,0.153,0.387
76000,0.474,0.147,0.379
76100,0.481,0.147,0.372
76200,0.491,0.147,0.362
76300,0.478,0.146,0.376
76400,0.475,0.153,0.372
76500,0.472,0.168,0.360
76600,0.489,0.154,0.357
76700,0.497,0.136,0.367
76800,0.501,0.130,0.369
76900,0.514,0.123,0.363
77000,0.528,0.112,0.360
77100,0.534,0.118,0.348
77200,0.533,0.121,0.346
77300,0.527,0.127,0.346
77400,0.521,0.116,0.363
77500,0.531,0.110,0.359
77600,0.530,0.109,0.361
77700,0.532,0.099,0.369
77800,0.531,0.103,0.366
77900,0.516,0.107,0.377
78000,0.507,0.109,0.384
78100,0.518,0.112,0.370
78200,0.527,0.111,0.362
78300,0.543,0.108,0.349
78400,0.542,0.107,0.351
78500,0.550,0.102,0.348
78600,0.561,0.097,0.342
78700,0.564,0.093,0.343
78800,0.567,0.093,0.340
78900,0.569,0.088,0.343
79000,0.579,0.083,0.338
79100,0.582,0.093,0.325
79200,0.568,0.093,0.339
79300,0.588,0.083,0.329
79400,0.585,0.085,0.330
79500,0.579,0.101,0.320
79600,0.553,0.103,0.344
79700,0.566,0.095,0.339
79800,0.573,0.091,0.336
79900,0.572,0.091,0.337
80000,0.567,0.086,0.347
80100,0.574,0.081,0.345
80200,0.573,0.081,0.346
80300,0.568,0.084,0.348
80400,0.562,0.083,0.355
80500,0.560,0.080,0.360
80600,0.567,0.081,0.352
80700,0.572,0.075,0.353
80800,0.581,0.071,0.348
80900,0.577,0.077,0.346
81000,0.585,0.071,0.344
81100,0.584,0.072,0.344
81200,0.586,0.068,0.346
81300,0.581,0.071,0.348
81400,0.577,0.074,0.349
81500,0.570,0.075,0.355
81600,0.564,0.083,0.353
81700,0.559,0.089,0.352
81800,0.567,0.087,0.346
81900,0.567,0.089,0.344
82000,0.566,0.085,0.349
82100,0.566,0.084,0.350
82200,0.560,0.083,0.357
82300,0.577,0.094,0.329
82400,0.585,0.085,0.330
82500,0.579,0.088,0.333
82600,0.605,0.086,0.309
82700,0.612,0.086,0.302
82800,0.603,0.079,0.318
82900,0.607,0.087,0.306
83000,0.600,0.085,0.315
83100,0.588,0.085,0.327
83200,0.603,0.076,0.321
83300,0.597,0.086,0.317
83400,0.578,0.094,0.328
83500,0.591,0.090,0.319
83600,0.578,0.095,0.327
83700,0.592,0.083,0.325
83800,0.594,0.073,0.333
83900,0.605,0.074,0.321
84000,0.605,0.084,0.311
84100,0.609,0.086,0.305
84200,0.604,0.079,0.317
84300,0.599,0.075,0.326
84400,0.591,0.074,0.335
84500,0.588,0.077,0.335
84600,0.588,0.074,0.338
84700,0.579,0.086,0.335
84800,0.568,0.091,0.341
84900,0.556,0.091,0.353
85000,0.529,0.096,0.375
85100,0.523,0.101,0.376
85200,0.529,0.113,0.358
85300,0.531,0.122,0.347
85400,0.526,0.109,0.365
85500,0.527,0.114,0.359
85600,0.524,0.114,0.362
85700,0.494,0.106,0.400
85800,0.498,0.121,0.381
85900,0.502,0.112,0.386
86000,0.498,0.109,0.393
86100,0.492,0.128,0.380
86200,0.488,0.130,0.382
86300,0.503,0.127,0.370
86400,0.503,0.126,0.371
86500,0.514,0.134,0.352
86600,0.527,0.128,0.345
86700,0.539,0.129,0.332
86800,0.543,0.121,0.336
86900,0.563,0.113,0.324
87000,0.574,0.118,0.308
87100,0.563,0.110,0.327
87200,0.571,0.121,0.308
87300,0.548,0.122,0.330
87400,0.548,0.124,0.328
87500,0.544,0.131,0.325
87600,0.525,0.149,0.326
87700,0.514,0.162,0.324
87800,0.513,0.151,0.336
87900,0.501,0.150,0.349
88000,0.498,0.149,0.353
88100,0.478,0.147,0.375
88200,0.480,0.145,0.375
88300,0.476,0.155,0.369
88400,0.482,0.160,0.358
88500,0.484,0.159,0.357
88600,0.484,0.158,0.358
88700,0.485,0.161,0.354
88800,0.468,0.154,0.378
88900,0.453,0.161,0.386
89000,0.446,0.162,0.392
89100,0.439,0.157,0.404
89200,0.445,0.164,0.391
89300,0.444,0.162,0.394
89400,0.432,0.160,0.408
89500,0.434,0.157,0.409
89600,0.453,0.166,0.381
89700,0.461,0.166,0.373
89800,0.440,0.177,0.383
89900,0.439,0.173,0.388
90000,0.447,0.180,0.373
90100,0.446,0.173,0.381
90200,0.445,0.173,0.382
90300,0.434,0.175,0.391
90400,0.435,0.164,0.401
90500,0.433,0.158,0.409
90600,0.436,0.170,0.394
90700,0.428,0.173,0.399
90800,0.418,0.189,0.393
90900,0.444,0.186,0.370
91000,0.436,0.179,0.385
91100,0.437,0.184,0.379
91200,0.442,0.182,0.376
91300,0.444,0.184,0.372
91400,0.442,0.188,0.370
91500,0.439,0.176,0.385
91600,0.419,0.175,0.406
91700,0.416,0.179,0.405
91800,0.418,0.181,0.401
91900,0.438,0.179,0.383
92000,0.429,0.182,0.389
92100,0.434,0.195,0.371
92200,0.436,0.191,0.373
92300,0.426,0.186,0.388
92400,0.433,0.172,0.395
92500,0.424,0.174,0.402
92600,0.426,0.174,0.400
92700,0.427,0.175,0.398
92800,0.407,0.175,0.418
92900,0.405,0.180,0.415
93000,0.407,0.176,0.417
93100,0.422,0.180,0.398
93200,0.408,0.200,0.392
93300,0.413,0.202,0.385
93400,0.413,0.195,0.392
93500,0.408,0.204,0.388
93600,0.427,0.191,0.382
93700,0.448,0.187,0.365
93800,0.449,0.173,0.378
93900,0.457,0.174,0.369
94000,0.485,0.163,0.352
94100,0.474,0.172,0.354
94200,0.477,0.169,0.354
94300,0.467,0.183,0.350
94400,0.482,0.167,0.351
94500,0.482,0.172,0.346
94600,0.473,0.184,0.343
94700,0.464,0.173,0.363
94800,0.450,0.175,0.375
94900,0.474,0.178,0.348
95000,0.472,0.172,0.356
95100,0.463,0.178,0.359
95200,0.464,0.202,0.334
95300,0.459,0.202,0.339
95400,0.457,0.202,0.341
95500,0.447,0.203,0.350
95600,0.448,0.195,0.357
95700,0.434,0.203,0.363
95800,0.434,0.192,0.374
95900,0.442,0.197,0.361
96000,0.423,0.192,0.385
96100,0.426,0.180,0.394
96200,0.445,0.166,0.389
96300,0.441,0.177,0.382
96400,0.432,0.179,0.389
96500,0.439,0.169,0.392
96600,0.421,0.162,0.417
96700,0.428,0.157,0.415
96800,0.438,0.162,0.400
96900,0.440,0.165,0.395
97000,0.444,0.158,0.398
97100,0.435,0.161,0.404
97200,0.438,0.159,0.403
97300,0.440,0.160,0.400
97400,0.435,0.165,0.400
97500,0.425,0.155,0.420
97600,0.427,0.159,0.414
97700,0.419,0.160,0.421
97800,0.405,0.177,0.418
97900,0.396,0.176,0.428
98000,0.393,0.171,0.436
98100,0.403,0.168,0.429
98200,0.401,0.171,0.428
98300,0.394,0.169,0.437
98400,0.392,0.177,0.431
98500,0.395,0.174,0.431
98600,0.386,0.178,0.436
98700,0.378,0.197,0.425
98800,0.381,0.188,0.431
98900,0.390,0.182,0.428
99000,0.384,0.200,0.416
99100,0.387,0.203,0.410
99200,0.394,0.196,0.410
99300,0.395,0.183,0.422
99400,0.417,0.170,0.413
99500,0.417,0.163,0.420
99600,0.411,0.157,0.432
99700,0.401,0.150,0.449
99800,0.418,0.150,0.432
99900,0.434,0.149,0.417
100000,0.444,0.147,0.409
