time,n_A+p,n_B,n_AB,avg_entropy_simp
500,0.037,0.876,0.088,0.183021
1000,0.037,0.719,0.244,0.322196
1500,0.041,0.530,0.429,0.388628
2000,0.092,0.332,0.576,0.392277
2500,0.171,0.253,0.576,0.421865
3000,0.198,0.184,0.618,0.396655
3500,0.226,0.198,0.576,0.418098
4000,0.240,0.124,0.636,0.376806
4500,0.276,0.092,0.631,0.381272
5000,0.263,0.134,0.604,0.415839
5500,0.267,0.138,0.594,0.406254
6000,0.355,0.111,0.535,0.432147
6500,0.341,0.101,0.558,0.413239
7000,0.327,0.129,0.544,0.439452
7500,0.267,0.161,0.571,0.431675
8000,0.244,0.203,0.553,0.436197
8500,0.189,0.221,0.590,0.430260
9000,0.189,0.152,0.659,0.380362
9500,0.226,0.124,0.650,0.387238
10000,0.235,0.184,0.581,0.437501
10500,0.194,0.152,0.654,0.383863
11000,0.115,0.189,0.696,0.337096
11500,0.138,0.207,0.654,0.388408
12000,0.147,0.276,0.576,0.439759
12500,0.143,0.194,0.664,0.384526
13000,0.184,0.212,0.604,0.414875
13500,0.189,0.253,0.558,0.440009
14000,0.207,0.180,0.613,0.411004
14500,0.212,0.138,0.650,0.369046
15000,0.313,0.074,0.613,0.388460
15500,0.350,0.083,0.567,0.406316
16000,0.286,0.120,0.594,0.389879
16500,0.240,0.124,0.636,0.376596
17000,0.258,0.138,0.604,0.409760
17500,0.318,0.180,0.502,0.445107
18000,0.230,0.212,0.558,0.444039
18500,0.226,0.138,0.636,0.395534
19000,0.198,0.161,0.641,0.388155
19500,0.203,0.189,0.608,0.405148
20000,0.184,0.198,0.618,0.401148
20500,0.235,0.166,0.599,0.417659
21000,0.203,0.198,0.599,0.413242
21500,0.207,0.198,0.594,0.417577
22000,0.235,0.111,0.654,0.375222
22500,0.240,0.138,0.622,0.406006
23000,0.253,0.097,0.650,0.364381
23500,0.203,0.203,0.594,0.417926
24000,0.171,0.189,0.641,0.391660
24500,0.175,0.138,0.687,0.365802
25000,0.244,0.138,0.618,0.412106
25500,0.244,0.120,0.636,0.393076
26000,0.203,0.120,0.677,0.372912
26500,0.207,0.101,0.691,0.357354
27000,0.184,0.152,0.664,0.386026
27500,0.157,0.276,0.567,0.427402
28000,0.152,0.221,0.627,0.409560
28500,0.207,0.184,0.608,0.405048
29000,0.171,0.212,0.618,0.400681
29500,0.134,0.300,0.567,0.418977
30000,0.106,0.350,0.544,0.425987
30500,0.138,0.253,0.608,0.410106
31000,0.175,0.267,0.558,0.446360
31500,0.171,0.194,0.636,0.390850
32000,0.171,0.184,0.645,0.371255
32500,0.180,0.171,0.650,0.377421
33000,0.203,0.152,0.645,0.374557
33500,0.272,0.147,0.581,0.417764
34000,0.240,0.161,0.599,0.414883
34500,0.217,0.171,0.613,0.412727
35000,0.267,0.065,0.668,0.369028
35500,0.369,0.069,0.562,0.403032
36000,0.364,0.083,0.553,0.410358
36500,0.258,0.092,0.650,0.368400
37000,0.207,0.147,0.645,0.390294
37500,0.212,0.207,0.581,0.436225
38000,0.276,0.143,0.581,0.409639
38500,0.203,0.152,0.645,0.398240
39000,0.157,0.175,0.668,0.361646
39500,0.184,0.180,0.636,0.398673
40000,0.180,0.184,0.636,0.402631
40500,0.147,0.221,0.631,0.396361
41000,0.198,0.244,0.558,0.435212
41500,0.249,0.138,0.613,0.400083
42000,0.203,0.115,0.682,0.356695
42500,0.230,0.143,0.627,0.399533
43000,0.272,0.120,0.608,0.390611
43500,0.313,0.106,0.581,0.411343
44000,0.327,0.078,0.594,0.385969
44500,0.240,0.106,0.654,0.387214
45000,0.203,0.157,0.641,0.394239
45500,0.221,0.157,0.622,0.406981
46000,0.304,0.111,0.585,0.404904
46500,0.230,0.120,0.650,0.381595
47000,0.249,0.120,0.631,0.374467
47500,0.263,0.180,0.558,0.434626
48000,0.249,0.207,0.544,0.467774
48500,0.147,0.152,0.700,0.345574
49000,0.129,0.157,0.714,0.340151
49500,0.152,0.226,0.622,0.407881
50000,0.189,0.175,0.636,0.386871
50500,0.263,0.092,0.645,0.387841
51000,0.346,0.060,0.594,0.395091
51500,0.341,0.115,0.544,0.446740
52000,0.235,0.157,0.608,0.401685
52500,0.198,0.166,0.636,0.384336
53000,0.157,0.194,0.650,0.376488
53500,0.230,0.175,0.594,0.418147
54000,0.226,0.143,0.631,0.402737
54500,0.258,0.171,0.571,0.424993
55000,0.304,0.134,0.562,0.425366
55500,0.258,0.198,0.544,0.444983
56000,0.198,0.152,0.650,0.390645
56500,0.244,0.161,0.594,0.412742
57000,0.203,0.152,0.645,0.377249
57500,0.189,0.184,0.627,0.386774
58000,0.226,0.166,0.608,0.428094
58500,0.258,0.161,0.581,0.426007
59000,0.350,0.101,0.548,0.421715
59500,0.244,0.101,0.654,0.368725
60000,0.230,0.189,0.581,0.436323
60500,0.194,0.184,0.622,0.395188
61000,0.240,0.124,0.636,0.376281
61500,0.300,0.124,0.576,0.428586
62000,0.304,0.120,0.576,0.426331
62500,0.392,0.074,0.535,0.411004
63000,0.226,0.171,0.604,0.418479
63500,0.244,0.198,0.558,0.438593
64000,0.263,0.152,0.585,0.421468
64500,0.263,0.134,0.604,0.406541
65000,0.286,0.129,0.585,0.426097
65500,0.230,0.138,0.631,0.394135
66000,0.175,0.143,0.682,0.354023
66500,0.267,0.129,0.604,0.399200
67000,0.253,0.138,0.608,0.419440
67500,0.221,0.194,0.585,0.434543
68000,0.240,0.152,0.608,0.408778
68500,0.258,0.194,0.548,0.439847
69000,0.249,0.194,0.558,0.437951
69500,0.203,0.175,0.622,0.406181
70000,0.221,0.161,0.618,0.416241
70500,0.244,0.171,0.585,0.409275
71000,0.272,0.134,0.594,0.392253
71500,0.281,0.134,0.585,0.412934
72000,0.313,0.078,0.608,0.392749
72500,0.217,0.129,0.654,0.374983
73000,0.249,0.147,0.604,0.423143
73500,0.221,0.083,0.696,0.334849
74000,0.272,0.111,0.618,0.409737
74500,0.217,0.083,0.700,0.326156
75000,0.300,0.115,0.585,0.404614
75500,0.323,0.129,0.548,0.434340
76000,0.387,0.060,0.553,0.399030
76500,0.392,0.083,0.525,0.412163
77000,0.401,0.032,0.567,0.375405
77500,0.433,0.060,0.507,0.427825
78000,0.359,0.106,0.535,0.437334
78500,0.323,0.101,0.576,0.409683
79000,0.267,0.147,0.585,0.419673
79500,0.253,0.143,0.604,0.406754
80000,0.194,0.175,0.631,0.375093
80500,0.203,0.207,0.590,0.415173
81000,0.194,0.194,0.613,0.416740
81500,0.175,0.189,0.636,0.414263
82000,0.194,0.175,0.631,0.401415
82500,0.272,0.138,0.590,0.413766
83000,0.230,0.157,0.613,0.406626
83500,0.323,0.088,0.590,0.400951
84000,0.267,0.097,0.636,0.396949
84500,0.244,0.120,0.636,0.377487
85000,0.194,0.189,0.618,0.407119
85500,0.290,0.134,0.576,0.426847
86000,0.226,0.184,0.590,0.440185
86500,0.332,0.074,0.594,0.390868
87000,0.244,0.106,0.650,0.384272
87500,0.300,0.143,0.558,0.435680
88000,0.323,0.111,0.567,0.411627
88500,0.267,0.166,0.567,0.437733
89000,0.272,0.157,0.571,0.425201
89500,0.313,0.134,0.553,0.429660
90000,0.332,0.124,0.544,0.425900
90500,0.359,0.138,0.502,0.451264
91000,0.290,0.106,0.604,0.402910
91500,0.304,0.106,0.590,0.405353
92000,0.226,0.152,0.622,0.410504
92500,0.207,0.175,0.618,0.418651
93000,0.166,0.152,0.682,0.374551
93500,0.157,0.240,0.604,0.423085
94000,0.226,0.171,0.604,0.423459
94500,0.138,0.235,0.627,0.417032
95000,0.147,0.272,0.581,0.431826
95500,0.171,0.253,0.576,0.439229
96000,0.152,0.189,0.659,0.389146
96500,0.180,0.161,0.659,0.373353
97000,0.207,0.161,0.631,0.398246
97500,0.226,0.138,0.636,0.384430
98000,0.318,0.157,0.525,0.440033
98500,0.332,0.134,0.535,0.432962
99000,0.313,0.134,0.553,0.427007
99500,0.272,0.134,0.594,0.410942
100000,0.304,0.101,0.594,0.410126
