time,n_A+p,n_B,n_AB
100,0.030,0.964,0.006
200,0.030,0.946,0.025
300,0.030,0.944,0.027
400,0.031,0.930,0.040
500,0.032,0.934,0.035
600,0.030,0.934,0.037
700,0.031,0.938,0.032
800,0.032,0.920,0.048
900,0.032,0.917,0.051
1000,0.033,0.917,0.050
1100,0.032,0.908,0.060
1200,0.036,0.907,0.057
1300,0.035,0.913,0.052
1400,0.034,0.910,0.056
1500,0.035,0.910,0.055
1600,0.035,0.913,0.052
1700,0.034,0.908,0.058
1800,0.040,0.907,0.053
1900,0.044,0.897,0.059
2000,0.047,0.887,0.066
2100,0.050,0.879,0.070
2200,0.050,0.875,0.075
2300,0.050,0.869,0.081
2400,0.051,0.864,0.085
2500,0.060,0.853,0.087
2600,0.061,0.854,0.085
2700,0.063,0.855,0.082
2800,0.065,0.851,0.084
2900,0.057,0.846,0.097
3000,0.060,0.847,0.093
3100,0.057,0.852,0.091
3200,0.057,0.844,0.099
3300,0.054,0.846,0.100
3400,0.059,0.834,0.107
3500,0.063,0.834,0.103
3600,0.063,0.842,0.095
3700,0.073,0.831,0.096
3800,0.069,0.830,0.100
3900,0.067,0.830,0.102
4000,0.067,0.838,0.095
4100,0.063,0.828,0.108
4200,0.067,0.830,0.102
4300,0.064,0.814,0.122
4400,0.066,0.816,0.117
4500,0.072,0.815,0.113
4600,0.080,0.815,0.105
4700,0.087,0.815,0.098
4800,0.104,0.795,0.101
4900,0.105,0.792,0.103
5000,0.104,0.790,0.106
5100,0.104,0.784,0.111
5200,0.104,0.782,0.113
5300,0.100,0.779,0.121
5400,0.100,0.781,0.118
5500,0.094,0.790,0.116
5600,0.094,0.790,0.116
5700,0.110,0.777,0.112
5800,0.103,0.776,0.121
5900,0.102,0.772,0.126
6000,0.107,0.765,0.128
6100,0.106,0.766,0.128
6200,0.104,0.773,0.123
6300,0.102,0.763,0.135
6400,0.116,0.741,0.143
6500,0.117,0.748,0.135
6600,0.102,0.756,0.142
6700,0.111,0.747,0.142
6800,0.116,0.744,0.140
6900,0.121,0.735,0.144
7000,0.134,0.726,0.140
7100,0.123,0.708,0.170
7200,0.129,0.708,0.163
7300,0.127,0.715,0.158
7400,0.126,0.707,0.168
7500,0.134,0.711,0.155
7600,0.120,0.713,0.168
7700,0.128,0.704,0.169
7800,0.121,0.701,0.179
7900,0.127,0.696,0.178
8000,0.118,0.710,0.172
8100,0.118,0.711,0.171
8200,0.111,0.708,0.181
8300,0.115,0.710,0.175
8400,0.116,0.719,0.164
8500,0.124,0.701,0.176
8600,0.118,0.697,0.185
8700,0.112,0.696,0.192
8800,0.111,0.695,0.194
8900,0.123,0.692,0.186
9000,0.128,0.696,0.177
9100,0.128,0.698,0.175
9200,0.133,0.688,0.179
9300,0.160,0.668,0.172
9400,0.174,0.663,0.163
9500,0.172,0.641,0.187
9600,0.194,0.635,0.171
9700,0.202,0.628,0.170
9800,0.198,0.638,0.163
9900,0.197,0.630,0.173
10000,0.200,0.624,0.176
10100,0.189,0.625,0.186
10200,0.196,0.613,0.191
10300,0.196,0.608,0.196
10400,0.196,0.617,0.187
10500,0.196,0.620,0.184
10600,0.179,0.642,0.179
10700,0.179,0.637,0.184
10800,0.183,0.626,0.191
10900,0.199,0.624,0.177
11000,0.190,0.626,0.184
11100,0.196,0.618,0.186
11200,0.183,0.626,0.191
11300,0.186,0.619,0.195
11400,0.183,0.620,0.197
11500,0.181,0.626,0.193
11600,0.169,0.637,0.194
11700,0.162,0.633,0.204
11800,0.183,0.628,0.189
11900,0.181,0.627,0.192
12000,0.164,0.639,0.196
12100,0.160,0.623,0.217
12200,0.172,0.618,0.210
12300,0.158,0.634,0.207
12400,0.172,0.626,0.202
12500,0.169,0.633,0.198
12600,0.163,0.633,0.203
12700,0.152,0.628,0.220
12800,0.148,0.628,0.224
12900,0.141,0.623,0.236
13000,0.148,0.640,0.211
13100,0.159,0.646,0.195
13200,0.166,0.635,0.198
13300,0.156,0.648,0.196
13400,0.150,0.655,0.195
13500,0.150,0.660,0.190
13600,0.154,0.656,0.190
13700,0.154,0.646,0.200
13800,0.154,0.630,0.216
13900,0.149,0.634,0.217
14000,0.153,0.640,0.206
14100,0.156,0.650,0.194
14200,0.148,0.641,0.210
14300,0.151,0.633,0.216
14400,0.144,0.638,0.218
14500,0.129,0.652,0.220
14600,0.130,0.660,0.210
14700,0.145,0.652,0.203
14800,0.150,0.647,0.203
14900,0.138,0.656,0.206
15000,0.156,0.638,0.205
15100,0.156,0.639,0.204
15200,0.159,0.627,0.213
15300,0.156,0.637,0.206
15400,0.159,0.619,0.222
15500,0.158,0.616,0.226
15600,0.170,0.607,0.224
15700,0.179,0.600,0.222
15800,0.162,0.603,0.235
15900,0.170,0.591,0.239
16000,0.186,0.575,0.239
16100,0.196,0.555,0.249
16200,0.180,0.566,0.254
16300,0.192,0.553,0.255
16400,0.187,0.554,0.259
16500,0.187,0.559,0.254
16600,0.179,0.571,0.250
16700,0.176,0.585,0.239
16800,0.184,0.586,0.230
16900,0.185,0.577,0.238
17000,0.177,0.576,0.247
17100,0.186,0.577,0.237
17200,0.188,0.574,0.238
17300,0.190,0.574,0.236
17400,0.180,0.576,0.244
17500,0.180,0.573,0.247
17600,0.178,0.554,0.269
17700,0.177,0.557,0.267
17800,0.184,0.552,0.265
17900,0.186,0.569,0.245
18000,0.176,0.570,0.254
18100,0.179,0.577,0.244
18200,0.186,0.574,0.240
18300,0.207,0.560,0.233
18400,0.207,0.552,0.241
18500,0.209,0.547,0.243
18600,0.204,0.550,0.246
18700,0.201,0.538,0.260
18800,0.192,0.538,0.270
18900,0.188,0.543,0.269
19000,0.192,0.546,0.261
19100,0.186,0.553,0.261
19200,0.198,0.550,0.252
19300,0.216,0.531,0.253
19400,0.204,0.536,0.259
19500,0.203,0.528,0.269
19600,0.206,0.523,0.271
19700,0.213,0.512,0.275
19800,0.222,0.502,0.277
19900,0.234,0.486,0.280
20000,0.239,0.476,0.285
20100,0.249,0.465,0.286
20200,0.257,0.466,0.277
20300,0.261,0.475,0.264
20400,0.256,0.470,0.274
20500,0.257,0.469,0.274
20600,0.270,0.454,0.277
20700,0.282,0.436,0.282
20800,0.275,0.420,0.305
20900,0.283,0.418,0.299
21000,0.282,0.410,0.308
21100,0.279,0.410,0.312
21200,0.285,0.413,0.302
21300,0.285,0.414,0.301
21400,0.283,0.419,0.298
21500,0.267,0.433,0.300
21600,0.275,0.435,0.290
21700,0.278,0.426,0.296
21800,0.285,0.420,0.295
21900,0.283,0.411,0.306
22000,0.285,0.413,0.302
22100,0.291,0.408,0.301
22200,0.295,0.399,0.305
22300,0.299,0.409,0.292
22400,0.289,0.407,0.304
22500,0.314,0.395,0.291
22600,0.317,0.391,0.292
22700,0.323,0.388,0.289
22800,0.320,0.379,0.301
22900,0.315,0.387,0.298
23000,0.306,0.391,0.302
23100,0.320,0.390,0.290
23200,0.322,0.401,0.277
23300,0.320,0.403,0.277
23400,0.325,0.396,0.279
23500,0.311,0.400,0.289
23600,0.319,0.393,0.288
23700,0.327,0.382,0.291
23800,0.329,0.379,0.292
23900,0.324,0.366,0.311
24000,0.317,0.379,0.304
24100,0.317,0.381,0.302
24200,0.320,0.380,0.300
24300,0.325,0.385,0.290
24400,0.324,0.393,0.283
24500,0.315,0.390,0.295
24600,0.312,0.397,0.291
24700,0.297,0.406,0.297
24800,0.293,0.424,0.283
24900,0.292,0.438,0.270
25000,0.295,0.438,0.267
25100,0.301,0.436,0.263
25200,0.295,0.436,0.269
25300,0.284,0.434,0.282
25400,0.278,0.436,0.286
25500,0.277,0.448,0.275
25600,0.273,0.449,0.278
25700,0.266,0.451,0.283
25800,0.281,0.435,0.284
25900,0.278,0.426,0.296
26000,0.274,0.426,0.300
26100,0.271,0.435,0.294
26200,0.273,0.435,0.292
26300,0.276,0.429,0.295
26400,0.286,0.420,0.294
26500,0.291,0.414,0.295
26600,0.285,0.415,0.300
26700,0.305,0.403,0.291
26800,0.318,0.389,0.293
26900,0.332,0.397,0.271
27000,0.336,0.409,0.255
27100,0.342,0.404,0.253
27200,0.337,0.400,0.263
27300,0.339,0.403,0.257
27400,0.339,0.409,0.252
27500,0.332,0.386,0.282
27600,0.333,0.390,0.277
27700,0.331,0.399,0.270
27800,0.332,0.391,0.277
27900,0.326,0.391,0.283
28000,0.327,0.389,0.284
28100,0.322,0.390,0.288
28200,0.331,0.395,0.274
28300,0.314,0.391,0.295
28400,0.299,0.396,0.304
28500,0.291,0.400,0.308
28600,0.299,0.413,0.288
28700,0.298,0.415,0.287
28800,0.290,0.413,0.297
28900,0.293,0.420,0.287
29000,0.298,0.414,0.288
29100,0.296,0.418,0.286
29200,0.314,0.416,0.271
29300,0.300,0.421,0.279
29400,0.296,0.419,0.285
29500,0.291,0.420,0.289
29600,0.305,0.415,0.280
29700,0.290,0.422,0.288
29800,0.292,0.415,0.293
29900,0.296,0.409,0.295
30000,0.300,0.402,0.297
30100,0.297,0.404,0.298
30200,0.294,0.404,0.301
30300,0.281,0.404,0.315
30400,0.285,0.393,0.322
30500,0.281,0.394,0.325
30600,0.284,0.401,0.315
30700,0.297,0.390,0.313
30800,0.292,0.394,0.314
30900,0.296,0.406,0.298
31000,0.295,0.397,0.307
31100,0.300,0.391,0.308
31200,0.297,0.381,0.322
31300,0.308,0.386,0.305
31400,0.309,0.388,0.302
31500,0.299,0.397,0.303
31600,0.307,0.408,0.285
31700,0.312,0.409,0.280
31800,0.314,0.402,0.284
31900,0.307,0.402,0.290
32000,0.290,0.404,0.305
32100,0.284,0.396,0.320
32200,0.288,0.395,0.317
32300,0.283,0.407,0.311
32400,0.282,0.397,0.321
32500,0.287,0.396,0.317
32600,0.291,0.408,0.301
32700,0.286,0.407,0.307
32800,0.280,0.407,0.314
32900,0.296,0.398,0.305
33000,0.301,0.401,0.297
33100,0.300,0.403,0.296
33200,0.296,0.394,0.309
33300,0.291,0.384,0.325
33400,0.294,0.367,0.339
33500,0.309,0.366,0.325
33600,0.299,0.368,0.333
33700,0.315,0.359,0.327
33800,0.319,0.365,0.317
33900,0.334,0.351,0.315
34000,0.337,0.346,0.317
34100,0.329,0.333,0.338
34200,0.331,0.330,0.339
34300,0.320,0.365,0.316
34400,0.333,0.361,0.306
34500,0.321,0.360,0.320
34600,0.320,0.369,0.312
34700,0.321,0.362,0.318
34800,0.319,0.362,0.320
34900,0.340,0.353,0.306
35000,0.336,0.362,0.302
35100,0.342,0.358,0.300
35200,0.342,0.354,0.303
35300,0.338,0.356,0.305
35400,0.374,0.349,0.277
35500,0.392,0.342,0.266
35600,0.393,0.353,0.253
35700,0.387,0.355,0.257
35800,0.402,0.345,0.252
35900,0.395,0.341,0.264
36000,0.388,0.347,0.265
36100,0.390,0.346,0.264
36200,0.391,0.343,0.266
36300,0.384,0.343,0.273
36400,0.376,0.345,0.279
36500,0.376,0.341,0.283
36600,0.376,0.345,0.279
36700,0.373,0.349,0.278
36800,0.376,0.344,0.280
36900,0.385,0.343,0.272
37000,0.397,0.341,0.261
37100,0.396,0.334,0.270
37200,0.389,0.330,0.281
37300,0.387,0.323,0.290
37400,0.385,0.335,0.280
37500,0.390,0.329,0.281
37600,0.407,0.331,0.263
37700,0.402,0.342,0.255
37800,0.407,0.340,0.253
37900,0.410,0.343,0.247
38000,0.420,0.339,0.241
38100,0.416,0.335,0.249
38200,0.409,0.332,0.259
38300,0.430,0.321,0.249
38400,0.424,0.325,0.251
38500,0.411,0.323,0.267
38600,0.420,0.318,0.263
38700,0.424,0.317,0.259
38800,0.424,0.313,0.264
38900,0.413,0.331,0.256
39000,0.388,0.325,0.287
39100,0.400,0.328,0.272
39200,0.398,0.324,0.278
39300,0.401,0.316,0.283
39400,0.394,0.318,0.288
39500,0.406,0.320,0.275
39600,0.406,0.322,0.273
39700,0.412,0.325,0.264
39800,0.403,0.322,0.275
39900,0.406,0.330,0.265
40000,0.400,0.321,0.279
40100,0.397,0.330,0.273
40200,0.398,0.327,0.275
40300,0.404,0.323,0.273
40400,0.418,0.325,0.257
40500,0.410,0.321,0.270
40600,0.421,0.319,0.260
40700,0.416,0.311,0.274
40800,0.429,0.319,0.252
40900,0.428,0.320,0.252
41000,0.433,0.309,0.257
41100,0.445,0.301,0.253
41200,0.438,0.298,0.264
41300,0.455,0.295,0.250
41400,0.468,0.297,0.235
41500,0.466,0.300,0.234
41600,0.462,0.314,0.225
41700,0.461,0.302,0.237
41800,0.457,0.297,0.246
41900,0.455,0.290,0.255
42000,0.448,0.285,0.267
42100,0.446,0.290,0.264
42200,0.458,0.283,0.259
42300,0.447,0.280,0.273
42400,0.440,0.276,0.284
42500,0.469,0.274,0.257
42600,0.475,0.280,0.245
42700,0.482,0.278,0.240
42800,0.472,0.279,0.249
42900,0.481,0.279,0.240
43000,0.473,0.276,0.251
43100,0.487,0.270,0.243
43200,0.480,0.276,0.244
43300,0.487,0.266,0.247
43400,0.495,0.266,0.239
43500,0.491,0.263,0.246
43600,0.490,0.259,0.250
43700,0.487,0.273,0.240
43800,0.479,0.268,0.253
43900,0.475,0.266,0.259
44000,0.487,0.265,0.248
44100,0.485,0.263,0.252
44200,0.487,0.255,0.257
44300,0.492,0.252,0.255
44400,0.499,0.249,0.251
44500,0.496,0.247,0.256
44600,0.469,0.255,0.276
44700,0.470,0.251,0.279
44800,0.464,0.253,0.283
44900,0.467,0.267,0.267
45000,0.470,0.270,0.260
45100,0.469,0.264,0.268
45200,0.472,0.263,0.266
45300,0.481,0.264,0.255
45400,0.487,0.259,0.253
45500,0.485,0.264,0.251
45600,0.487,0.261,0.251
45700,0.482,0.265,0.253
45800,0.483,0.266,0.251
45900,0.489,0.269,0.242
46000,0.491,0.270,0.239
46100,0.491,0.269,0.240
46200,0.492,0.269,0.239
46300,0.495,0.274,0.231
46400,0.499,0.272,0.229
46500,0.498,0.278,0.224
46600,0.502,0.275,0.224
46700,0.486,0.276,0.238
46800,0.481,0.273,0.246
46900,0.477,0.270,0.253
47000,0.449,0.278,0.273
47100,0.455,0.276,0.270
47200,0.466,0.276,0.258
47300,0.467,0.279,0.254
47400,0.467,0.279,0.254
47500,0.456,0.283,0.261
47600,0.462,0.285,0.253
47700,0.451,0.291,0.257
47800,0.438,0.296,0.266
47900,0.431,0.290,0.279
48000,0.440,0.285,0.275
48100,0.442,0.292,0.266
48200,0.448,0.287,0.265
48300,0.430,0.292,0.278
48400,0.429,0.298,0.273
48500,0.429,0.289,0.282
48600,0.435,0.290,0.275
48700,0.430,0.289,0.281
48800,0.433,0.283,0.284
48900,0.446,0.278,0.276
49000,0.456,0.275,0.270
49100,0.463,0.278,0.259
49200,0.442,0.294,0.264
49300,0.428,0.302,0.270
49400,0.421,0.300,0.279
49500,0.432,0.303,0.265
49600,0.441,0.301,0.257
49700,0.445,0.301,0.253
49800,0.442,0.304,0.253
49900,0.445,0.308,0.246
50000,0.449,0.314,0.237
50100,0.424,0.343,0.233
50200,0.412,0.332,0.256
50300,0.396,0.347,0.256
50400,0.391,0.343,0.266
50500,0.398,0.327,0.275
50600,0.390,0.325,0.285
50700,0.380,0.331,0.289
50800,0.387,0.325,0.288
50900,0.386,0.330,0.284
51000,0.396,0.315,0.289
51100,0.396,0.336,0.268
51200,0.406,0.330,0.265
51300,0.394,0.320,0.286
51400,0.396,0.317,0.287
51500,0.394,0.323,0.283
51600,0.359,0.321,0.321
51700,0.369,0.321,0.311
51800,0.371,0.330,0.299
51900,0.365,0.332,0.303
52000,0.356,0.360,0.284
52100,0.350,0.353,0.296
52200,0.368,0.341,0.291
52300,0.365,0.341,0.294
52400,0.361,0.345,0.294
52500,0.340,0.346,0.314
52600,0.359,0.352,0.289
52700,0.352,0.343,0.304
52800,0.355,0.337,0.307
52900,0.345,0.322,0.333
53000,0.346,0.315,0.339
53100,0.332,0.322,0.346
53200,0.324,0.336,0.340
53300,0.324,0.351,0.325
53400,0.321,0.360,0.320
53500,0.322,0.372,0.306
53600,0.312,0.373,0.316
53700,0.311,0.387,0.302
53800,0.301,0.371,0.328
53900,0.298,0.362,0.340
54000,0.312,0.360,0.329
54100,0.320,0.361,0.320
54200,0.337,0.349,0.314
54300,0.344,0.336,0.320
54400,0.348,0.341,0.311
54500,0.361,0.334,0.305
54600,0.376,0.323,0.301
54700,0.390,0.320,0.290
54800,0.387,0.314,0.299
54900,0.379,0.319,0.302
55000,0.377,0.314,0.309
55100,0.372,0.318,0.311
55200,0.386,0.309,0.304
55300,0.373,0.314,0.314
55400,0.374,0.307,0.319
55500,0.378,0.306,0.316
55600,0.390,0.307,0.302
55700,0.392,0.304,0.303
55800,0.385,0.306,0.308
55900,0.393,0.317,0.290
56000,0.401,0.317,0.282
56100,0.396,0.317,0.287
56200,0.411,0.323,0.267
56300,0.411,0.325,0.265
56400,0.416,0.323,0.261
56500,0.417,0.318,0.266
56600,0.407,0.318,0.276
56700,0.411,0.313,0.277
56800,0.417,0.311,0.273
56900,0.417,0.307,0.276
57000,0.433,0.301,0.266
57100,0.422,0.298,0.280
57200,0.431,0.290,0.279
57300,0.442,0.281,0.277
57400,0.453,0.276,0.272
57500,0.456,0.270,0.275
57600,0.457,0.254,0.289
57700,0.444,0.257,0.298
57800,0.448,0.256,0.295
57900,0.464,0.254,0.282
58000,0.487,0.248,0.265
58100,0.478,0.249,0.273
58200,0.474,0.252,0.274
58300,0.474,0.250,0.276
58400,0.478,0.257,0.265
58500,0.463,0.263,0.275
58600,0.465,0.259,0.276
58700,0.458,0.259,0.283
58800,0.462,0.254,0.284
58900,0.453,0.258,0.289
59000,0.449,0.269,0.282
59100,0.425,0.289,0.286
59200,0.430,0.289,0.281
59300,0.425,0.291,0.284
59400,0.421,0.294,0.285
59500,0.430,0.295,0.275
59600,0.427,0.294,0.279
59700,0.435,0.290,0.275
59800,0.440,0.284,0.276
59900,0.445,0.287,0.268
60000,0.442,0.290,0.268
60100,0.432,0.285,0.283
60200,0.429,0.288,0.283
60300,0.437,0.290,0.273
60400,0.446,0.279,0.275
60500,0.461,0.276,0.264
60600,0.473,0.273,0.254
60700,0.479,0.268,0.253
60800,0.483,0.256,0.260
60900,0.490,0.258,0.251
61000,0.486,0.280,0.234
61100,0.469,0.289,0.242
61200,0.472,0.278,0.250
61300,0.473,0.274,0.253
61400,0.461,0.271,0.269
61500,0.457,0.274,0.270
61600,0.460,0.279,0.261
61700,0.458,0.278,0.265
61800,0.464,0.273,0.264
61900,0.468,0.271,0.261
62000,0.480,0.264,0.256
62100,0.475,0.261,0.264
62200,0.469,0.274,0.257
62300,0.468,0.290,0.242
62400,0.460,0.281,0.259
62500,0.464,0.284,0.252
62600,0.463,0.279,0.258
62700,0.458,0.263,0.280
62800,0.456,0.257,0.287
62900,0.461,0.253,0.286
63000,0.469,0.258,0.273
63100,0.476,0.258,0.266
63200,0.460,0.278,0.263
63300,0.457,0.287,0.256
63400,0.440,0.290,0.270
63500,0.442,0.292,0.266
63600,0.443,0.287,0.270
63700,0.443,0.291,0.266
63800,0.465,0.277,0.258
63900,0.454,0.285,0.261
64000,0.432,0.305,0.263
64100,0.436,0.297,0.267
64200,0.439,0.288,0.273
64300,0.449,0.289,0.261
64400,0.455,0.286,0.259
64500,0.467,0.283,0.250
64600,0.475,0.268,0.257
64700,0.480,0.256,0.264
64800,0.481,0.254,0.265
64900,0.476,0.265,0.259
65000,0.477,0.269,0.254
65100,0.457,0.266,0.278
65200,0.458,0.266,0.277
65300,0.463,0.268,0.270
65400,0.459,0.271,0.271
65500,0.476,0.268,0.256
65600,0.494,0.271,0.235
65700,0.494,0.264,0.242
65800,0.490,0.259,0.250
65900,0.496,0.258,0.245
66000,0.491,0.256,0.252
66100,0.506,0.243,0.251
66200,0.507,0.248,0.245
66300,0.506,0.245,0.249
66400,0.494,0.244,0.261
66500,0.498,0.246,0.255
66600,0.491,0.247,0.261
66700,0.491,0.252,0.256
66800,0.498,0.249,0.252
66900,0.494,0.254,0.251
67000,0.493,0.251,0.255
67100,0.496,0.254,0.249
67200,0.488,0.260,0.251
67300,0.487,0.252,0.260
67400,0.495,0.238,0.267
67500,0.485,0.232,0.283
67600,0.487,0.236,0.277
67700,0.489,0.233,0.278
67800,0.501,0.244,0.255
67900,0.492,0.236,0.272
68000,0.498,0.234,0.268
68100,0.504,0.229,0.268
68200,0.504,0.226,0.271
68300,0.504,0.221,0.276
68400,0.528,0.215,0.257
68500,0.540,0.208,0.251
68600,0.541,0.204,0.254
68700,0.540,0.213,0.246
68800,0.535,0.210,0.254
68900,0.516,0.211,0.273
69000,0.512,0.208,0.280
69100,0.507,0.206,0.287
69200,0.511,0.204,0.285
69300,0.529,0.205,0.266
69400,0.535,0.215,0.250
69500,0.536,0.213,0.250
69600,0.536,0.209,0.254
69700,0.542,0.206,0.251
69800,0.511,0.234,0.255
69900,0.505,0.230,0.266
70000,0.502,0.223,0.276
70100,0.518,0.229,0.253
70200,0.507,0.235,0.258
70300,0.490,0.278,0.232
70400,0.489,0.271,0.240
70500,0.490,0.270,0.240
70600,0.493,0.272,0.235
70700,0.501,0.258,0.241
70800,0.497,0.261,0.241
70900,0.508,0.245,0.247
71000,0.508,0.244,0.248
71100,0.516,0.236,0.248
71200,0.509,0.232,0.259
71300,0.506,0.237,0.257
71400,0.502,0.232,0.267
71500,0.506,0.228,0.267
71600,0.515,0.228,0.257
71700,0.511,0.235,0.254
71800,0.511,0.234,0.255
71900,0.510,0.237,0.253
72000,0.515,0.223,0.263
72100,0.497,0.244,0.258
72200,0.499,0.246,0.254
72300,0.498,0.243,0.258
72400,0.507,0.237,0.256
72500,0.499,0.246,0.254
72600,0.510,0.235,0.255
72700,0.506,0.242,0.252
72800,0.520,0.231,0.249
72900,0.517,0.230,0.253
73000,0.514,0.236,0.250
73100,0.513,0.237,0.250
73200,0.506,0.234,0.260
73300,0.503,0.250,0.247
73400,0.506,0.240,0.254
73500,0.495,0.244,0.260
73600,0.487,0.247,0.266
73700,0.482,0.250,0.268
73800,0.482,0.257,0.260
73900,0.482,0.266,0.252
74000,0.481,0.277,0.242
74100,0.459,0.286,0.255
74200,0.447,0.287,0.266
74300,0.435,0.285,0.280
74400,0.431,0.270,0.299
74500,0.420,0.281,0.299
74600,0.425,0.272,0.303
74700,0.433,0.275,0.292
74800,0.435,0.280,0.285
74900,0.436,0.276,0.288
75000,0.442,0.261,0.296
75100,0.443,0.253,0.303
75200,0.453,0.253,0.294
75300,0.444,0.252,0.303
75400,0.444,0.259,0.296
75500,0.428,0.254,0.318
75600,0.413,0.277,0.311
75700,0.410,0.271,0.320
75800,0.406,0.277,0.318
75900,0.413,0.280,0.307
76000,0.416,0.272,0.313
76100,0.421,0.266,0.314
76200,0.413,0.268,0.320
76300,0.411,0.273,0.317
76400,0.407,0.280,0.314
76500,0.393,0.283,0.324
76600,0.397,0.289,0.314
76700,0.401,0.309,0.289
76800,0.400,0.311,0.289
76900,0.398,0.302,0.299
77000,0.410,0.282,0.308
77100,0.419,0.279,0.302
77200,0.427,0.269,0.304
77300,0.426,0.278,0.296
77400,0.412,0.288,0.300
77500,0.414,0.280,0.306
77600,0.414,0.287,0.299
77700,0.418,0.291,0.291
77800,0.406,0.301,0.293
77900,0.393,0.307,0.299
78000,0.395,0.294,0.311
78100,0.397,0.294,0.308
78200,0.420,0.279,0.301
78300,0.411,0.273,0.317
78400,0.417,0.275,0.308
78500,0.415,0.280,0.305
78600,0.419,0.272,0.309
78700,0.419,0.268,0.314
78800,0.431,0.265,0.304
78900,0.445,0.257,0.297
79000,0.451,0.261,0.287
79100,0.445,0.259,0.295
79200,0.446,0.252,0.301
79300,0.457,0.240,0.303
79400,0.457,0.251,0.292
79500,0.451,0.243,0.305
79600,0.465,0.240,0.295
79700,0.456,0.246,0.298
79800,0.478,0.252,0.270
79900,0.474,0.246,0.280
80000,0.474,0.238,0.288
80100,0.469,0.240,0.291
80200,0.465,0.244,0.291
80300,0.449,0.255,0.295
80400,0.440,0.271,0.289
80500,0.446,0.269,0.285
80600,0.439,0.253,0.307
80700,0.447,0.246,0.306
80800,0.424,0.281,0.295
80900,0.438,0.273,0.289
81000,0.423,0.271,0.306
81100,0.444,0.254,0.301
81200,0.443,0.257,0.299
81300,0.439,0.258,0.302
81400,0.429,0.282,0.289
81500,0.442,0.277,0.281
81600,0.438,0.282,0.280
81700,0.448,0.278,0.274
81800,0.443,0.280,0.277
81900,0.440,0.276,0.284
82000,0.451,0.274,0.275
82100,0.449,0.270,0.281
82200,0.440,0.276,0.284
82300,0.443,0.272,0.285
82400,0.435,0.270,0.295
82500,0.442,0.258,0.299
82600,0.455,0.268,0.278
82700,0.450,0.266,0.284
82800,0.442,0.273,0.285
82900,0.454,0.270,0.277
83000,0.443,0.275,0.282
83100,0.446,0.267,0.287
83200,0.437,0.269,0.294
83300,0.453,0.258,0.289
83400,0.442,0.257,0.300
83500,0.454,0.254,0.292
83600,0.441,0.249,0.309
83700,0.450,0.237,0.313
83800,0.450,0.224,0.326
83900,0.457,0.229,0.315
84000,0.451,0.242,0.306
84100,0.451,0.243,0.305
84200,0.460,0.232,0.308
84300,0.463,0.231,0.306
84400,0.465,0.218,0.318
84500,0.462,0.207,0.331
84600,0.458,0.207,0.335
84700,0.461,0.225,0.315
84800,0.459,0.219,0.323
84900,0.449,0.235,0.316
85000,0.430,0.248,0.322
85100,0.434,0.249,0.317
85200,0.424,0.243,0.333
85300,0.431,0.244,0.325
85400,0.438,0.237,0.325
85500,0.454,0.234,0.313
85600,0.454,0.238,0.308
85700,0.447,0.244,0.308
85800,0.433,0.243,0.324
85900,0.444,0.239,0.317
86000,0.450,0.236,0.314
86100,0.466,0.235,0.299
86200,0.458,0.228,0.315
86300,0.462,0.235,0.303
86400,0.455,0.242,0.303
86500,0.459,0.225,0.317
86600,0.456,0.243,0.301
86700,0.460,0.237,0.303
86800,0.469,0.221,0.311
86900,0.473,0.226,0.301
87000,0.463,0.233,0.304
87100,0.460,0.228,0.313
87200,0.466,0.227,0.307
87300,0.463,0.226,0.312
87400,0.463,0.226,0.312
87500,0.458,0.228,0.315
87600,0.456,0.226,0.319
87700,0.463,0.243,0.294
87800,0.464,0.242,0.294
87900,0.467,0.232,0.301
88000,0.468,0.235,0.297
88100,0.473,0.252,0.275
88200,0.461,0.243,0.296
88300,0.465,0.242,0.293
88400,0.461,0.254,0.285
88500,0.464,0.245,0.291
88600,0.464,0.240,0.296
88700,0.466,0.236,0.298
88800,0.469,0.237,0.294
88900,0.481,0.226,0.293
89000,0.478,0.225,0.297
89100,0.488,0.221,0.291
89200,0.485,0.239,0.276
89300,0.493,0.232,0.275
89400,0.504,0.223,0.274
89500,0.512,0.218,0.271
89600,0.505,0.218,0.278
89700,0.499,0.213,0.287
89800,0.498,0.213,0.288
89900,0.502,0.215,0.284
90000,0.502,0.218,0.281
90100,0.502,0.213,0.285
90200,0.496,0.217,0.287
90300,0.498,0.218,0.284
90400,0.474,0.245,0.281
90500,0.480,0.238,0.282
90600,0.471,0.248,0.281
90700,0.472,0.244,0.284
90800,0.506,0.232,0.263
90900,0.497,0.227,0.276
91000,0.482,0.228,0.290
91100,0.485,0.217,0.298
91200,0.475,0.243,0.282
91300,0.465,0.265,0.271
91400,0.463,0.270,0.268
91500,0.454,0.271,0.276
91600,0.462,0.273,0.266
91700,0.462,0.279,0.259
91800,0.469,0.275,0.256
91900,0.463,0.285,0.252
92000,0.455,0.282,0.264
92100,0.456,0.291,0.253
92200,0.443,0.287,0.270
92300,0.454,0.289,0.257
92400,0.440,0.287,0.273
92500,0.444,0.280,0.276
92600,0.441,0.277,0.282
92700,0.445,0.278,0.277
92800,0.442,0.283,0.275
92900,0.458,0.264,0.279
93000,0.457,0.264,0.280
93100,0.470,0.259,0.271
93200,0.473,0.264,0.264
93300,0.470,0.261,0.269
93400,0.462,0.249,0.289
93500,0.463,0.253,0.284
93600,0.448,0.263,0.289
93700,0.445,0.281,0.274
93800,0.438,0.275,0.287
93900,0.436,0.274,0.290
94000,0.440,0.277,0.283
94100,0.429,0.296,0.275
94200,0.432,0.301,0.267
94300,0.417,0.323,0.260
94400,0.426,0.312,0.263
94500,0.432,0.315,0.253
94600,0.421,0.317,0.263
94700,0.408,0.325,0.268
94800,0.419,0.314,0.268
94900,0.421,0.303,0.276
95000,0.431,0.304,0.265
95100,0.430,0.295,0.275
95200,0.423,0.280,0.297
95300,0.410,0.292,0.298
95400,0.421,0.289,0.290
95500,0.426,0.283,0.291
95600,0.430,0.276,0.294
95700,0.412,0.287,0.301
95800,0.403,0.302,0.294
95900,0.413,0.289,0.298
96000,0.428,0.278,0.294
96100,0.437,0.274,0.289
96200,0.429,0.267,0.304
96300,0.437,0.269,0.294
96400,0.427,0.270,0.303
96500,0.436,0.264,0.300
96600,0.444,0.249,0.306
96700,0.434,0.252,0.314
96800,0.437,0.252,0.311
96900,0.441,0.261,0.297
97000,0.448,0.253,0.298
97100,0.442,0.264,0.294
97200,0.426,0.270,0.304
97300,0.424,0.272,0.304
97400,0.397,0.283,0.320
97500,0.394,0.296,0.309
97600,0.402,0.289,0.308
97700,0.398,0.296,0.305
97800,0.397,0.302,0.300
97900,0.396,0.305,0.298
98000,0.399,0.304,0.296
98100,0.402,0.309,0.288
98200,0.396,0.308,0.295
98300,0.399,0.305,0.295
98400,0.397,0.303,0.299
98500,0.396,0.305,0.298
98600,0.391,0.307,0.301
98700,0.395,0.304,0.300
98800,0.385,0.300,0.315
98900,0.378,0.305,0.317
99000,0.386,0.314,0.300
99100,0.371,0.309,0.320
99200,0.387,0.313,0.300
99300,0.381,0.312,0.307
99400,0.388,0.306,0.305
99500,0.394,0.307,0.298
99600,0.372,0.305,0.323
99700,0.380,0.306,0.314
99800,0.378,0.313,0.309
99900,0.373,0.309,0.318
100000,0.375,0.314,0.312
