time,n_A+p,n_B,n_AB
0,0.030,0.970,0.000
500,0.039,0.915,0.046
1000,0.039,0.892,0.069
1500,0.076,0.817,0.107
2000,0.084,0.787,0.130
2500,0.105,0.751,0.144
3000,0.086,0.735,0.179
3500,0.094,0.700,0.206
4000,0.090,0.709,0.201
4500,0.101,0.702,0.197
5000,0.113,0.719,0.168
5500,0.109,0.667,0.224
6000,0.123,0.669,0.208
6500,0.132,0.635,0.233
7000,0.151,0.619,0.230
7500,0.155,0.603,0.242
8000,0.169,0.586,0.245
8500,0.189,0.561,0.250
9000,0.193,0.559,0.248
9500,0.195,0.540,0.265
10000,0.202,0.522,0.276
10500,0.226,0.497,0.277
11000,0.220,0.512,0.269
11500,0.204,0.515,0.281
12000,0.228,0.502,0.271
12500,0.203,0.517,0.280
13000,0.206,0.511,0.283
13500,0.209,0.494,0.296
14000,0.188,0.521,0.291
14500,0.202,0.517,0.281
15000,0.196,0.519,0.285
15500,0.197,0.509,0.294
16000,0.197,0.527,0.276
16500,0.210,0.508,0.282
17000,0.203,0.511,0.286
17500,0.200,0.504,0.296
18000,0.173,0.532,0.295
18500,0.192,0.507,0.301
19000,0.211,0.495,0.293
19500,0.191,0.505,0.304
20000,0.215,0.490,0.295
20500,0.244,0.463,0.293
21000,0.258,0.427,0.315
21500,0.263,0.435,0.302
22000,0.222,0.462,0.317
22500,0.225,0.466,0.309
23000,0.224,0.478,0.298
23500,0.237,0.466,0.297
24000,0.234,0.473,0.293
24500,0.234,0.479,0.287
25000,0.249,0.441,0.309
25500,0.243,0.450,0.306
26000,0.282,0.413,0.305
26500,0.232,0.426,0.342
27000,0.237,0.435,0.328
27500,0.231,0.442,0.327
28000,0.234,0.442,0.324
28500,0.230,0.418,0.352
29000,0.251,0.410,0.339
29500,0.235,0.426,0.339
30000,0.218,0.447,0.335
30500,0.225,0.437,0.338
31000,0.204,0.444,0.351
31500,0.207,0.449,0.343
32000,0.195,0.464,0.341
32500,0.204,0.468,0.328
33000,0.213,0.466,0.321
33500,0.231,0.444,0.325
34000,0.254,0.432,0.314
34500,0.286,0.413,0.301
35000,0.302,0.377,0.321
35500,0.329,0.352,0.319
36000,0.331,0.334,0.335
36500,0.326,0.343,0.331
37000,0.335,0.351,0.314
37500,0.337,0.359,0.304
38000,0.281,0.409,0.311
38500,0.290,0.397,0.313
39000,0.304,0.389,0.306
39500,0.321,0.370,0.309
40000,0.323,0.363,0.315
40500,0.319,0.373,0.308
41000,0.305,0.371,0.324
41500,0.325,0.363,0.313
42000,0.333,0.376,0.291
42500,0.299,0.369,0.332
43000,0.295,0.368,0.337
43500,0.325,0.388,0.287
44000,0.308,0.394,0.297
44500,0.291,0.399,0.309
45000,0.282,0.407,0.312
45500,0.266,0.401,0.333
46000,0.257,0.412,0.331
46500,0.231,0.438,0.331
47000,0.221,0.472,0.307
47500,0.257,0.445,0.297
48000,0.256,0.434,0.309
48500,0.248,0.428,0.324
49000,0.260,0.425,0.315
49500,0.268,0.435,0.297
50000,0.282,0.428,0.290
50500,0.267,0.399,0.334
51000,0.285,0.409,0.306
51500,0.250,0.430,0.320
52000,0.281,0.378,0.341
52500,0.328,0.350,0.322
53000,0.338,0.360,0.302
53500,0.334,0.371,0.295
54000,0.338,0.347,0.315
54500,0.329,0.351,0.320
55000,0.332,0.330,0.338
55500,0.300,0.354,0.345
56000,0.333,0.331,0.336
56500,0.352,0.326,0.322
57000,0.352,0.331,0.317
57500,0.401,0.299,0.299
58000,0.408,0.290,0.302
58500,0.400,0.304,0.295
59000,0.438,0.300,0.261
59500,0.431,0.294,0.275
60000,0.424,0.319,0.257
60500,0.445,0.291,0.264
61000,0.422,0.287,0.291
61500,0.407,0.289,0.304
62000,0.396,0.299,0.304
62500,0.393,0.299,0.307
63000,0.389,0.292,0.319
63500,0.420,0.272,0.308
64000,0.446,0.256,0.297
64500,0.443,0.250,0.306
65000,0.472,0.244,0.284
65500,0.454,0.250,0.296
66000,0.407,0.274,0.320
66500,0.423,0.260,0.317
67000,0.410,0.257,0.333
67500,0.432,0.238,0.330
68000,0.423,0.249,0.328
68500,0.438,0.244,0.318
69000,0.460,0.236,0.304
69500,0.450,0.233,0.317
70000,0.440,0.255,0.304
70500,0.440,0.274,0.286
71000,0.447,0.248,0.304
71500,0.420,0.263,0.318
72000,0.413,0.283,0.304
72500,0.394,0.280,0.326
73000,0.415,0.273,0.313
73500,0.384,0.287,0.329
74000,0.389,0.288,0.323
74500,0.369,0.316,0.316
75000,0.346,0.319,0.335
75500,0.372,0.305,0.323
76000,0.386,0.291,0.323
76500,0.345,0.327,0.328
77000,0.324,0.344,0.332
77500,0.321,0.328,0.351
78000,0.283,0.336,0.381
78500,0.296,0.320,0.384
79000,0.291,0.353,0.355
79500,0.332,0.328,0.340
80000,0.332,0.318,0.350
80500,0.378,0.301,0.321
81000,0.373,0.305,0.322
81500,0.390,0.301,0.308
82000,0.395,0.291,0.314
82500,0.408,0.306,0.286
83000,0.409,0.298,0.293
83500,0.420,0.294,0.286
84000,0.420,0.297,0.283
84500,0.403,0.313,0.284
85000,0.395,0.307,0.297
85500,0.383,0.330,0.287
86000,0.368,0.322,0.311
86500,0.364,0.335,0.301
87000,0.381,0.316,0.303
87500,0.366,0.302,0.332
88000,0.339,0.347,0.314
88500,0.349,0.334,0.317
89000,0.338,0.341,0.321
89500,0.345,0.327,0.328
90000,0.337,0.329,0.334
90500,0.327,0.329,0.344
91000,0.386,0.306,0.307
91500,0.435,0.274,0.291
92000,0.444,0.256,0.299
92500,0.447,0.259,0.293
93000,0.413,0.280,0.307
93500,0.421,0.258,0.321
94000,0.438,0.256,0.305
94500,0.400,0.269,0.331
95000,0.380,0.279,0.341
95500,0.381,0.279,0.340
96000,0.374,0.309,0.317
96500,0.346,0.317,0.337
97000,0.389,0.281,0.330
97500,0.374,0.273,0.353
98000,0.402,0.277,0.321
98500,0.398,0.269,0.333
99000,0.360,0.285,0.355
99500,0.388,0.279,0.333
100000,0.417,0.263,0.321
100500,0.433,0.259,0.307
101000,0.428,0.290,0.282
101500,0.423,0.280,0.297
102000,0.437,0.268,0.295
102500,0.458,0.239,0.303
103000,0.470,0.219,0.312
103500,0.476,0.207,0.317
104000,0.456,0.234,0.311
104500,0.420,0.260,0.320
105000,0.418,0.242,0.340
105500,0.411,0.251,0.338
106000,0.439,0.242,0.319
106500,0.424,0.266,0.311
107000,0.416,0.282,0.302
107500,0.425,0.273,0.302
108000,0.448,0.276,0.276
108500,0.444,0.261,0.294
109000,0.448,0.250,0.301
109500,0.467,0.225,0.308
110000,0.447,0.240,0.313
110500,0.446,0.234,0.320
111000,0.459,0.229,0.313
111500,0.461,0.238,0.301
112000,0.440,0.244,0.316
112500,0.445,0.241,0.314
113000,0.460,0.232,0.308
113500,0.466,0.228,0.306
114000,0.473,0.227,0.300
114500,0.432,0.258,0.309
115000,0.383,0.295,0.322
115500,0.362,0.312,0.327
116000,0.373,0.280,0.347
116500,0.362,0.292,0.346
117000,0.348,0.315,0.337
117500,0.367,0.303,0.330
118000,0.375,0.278,0.347
118500,0.348,0.289,0.363
119000,0.335,0.292,0.373
119500,0.375,0.279,0.346
120000,0.381,0.263,0.356
120500,0.347,0.264,0.389
121000,0.339,0.283,0.378
121500,0.337,0.313,0.350
122000,0.306,0.315,0.379
122500,0.303,0.309,0.387
123000,0.274,0.350,0.376
123500,0.296,0.332,0.372
124000,0.294,0.339,0.367
124500,0.285,0.352,0.363
125000,0.293,0.324,0.383
125500,0.321,0.318,0.362
126000,0.314,0.344,0.342
126500,0.318,0.349,0.333
127000,0.302,0.348,0.349
127500,0.287,0.361,0.352
128000,0.293,0.339,0.368
128500,0.301,0.360,0.339
129000,0.299,0.336,0.365
129500,0.282,0.348,0.370
130000,0.325,0.308,0.367
130500,0.360,0.293,0.347
131000,0.340,0.286,0.374
131500,0.322,0.313,0.366
132000,0.322,0.317,0.362
132500,0.312,0.324,0.365
133000,0.319,0.306,0.375
133500,0.344,0.305,0.350
134000,0.327,0.313,0.361
134500,0.331,0.302,0.367
135000,0.328,0.318,0.354
135500,0.353,0.309,0.337
136000,0.391,0.274,0.335
136500,0.387,0.293,0.320
137000,0.359,0.316,0.326
137500,0.343,0.324,0.333
138000,0.294,0.363,0.343
138500,0.314,0.353,0.333
139000,0.299,0.353,0.347
139500,0.295,0.340,0.365
140000,0.318,0.351,0.331
140500,0.307,0.336,0.356
141000,0.278,0.358,0.365
141500,0.304,0.343,0.352
142000,0.302,0.322,0.376
142500,0.331,0.286,0.383
143000,0.333,0.285,0.382
143500,0.320,0.312,0.369
144000,0.329,0.294,0.377
144500,0.309,0.306,0.384
145000,0.282,0.311,0.408
145500,0.298,0.316,0.386
146000,0.255,0.361,0.384
146500,0.229,0.402,0.369
147000,0.223,0.403,0.374
147500,0.200,0.409,0.391
148000,0.219,0.416,0.366
148500,0.235,0.416,0.349
149000,0.255,0.387,0.358
149500,0.273,0.349,0.378
150000,0.283,0.358,0.360
150500,0.322,0.325,0.353
151000,0.327,0.331,0.342
151500,0.371,0.305,0.324
152000,0.378,0.267,0.355
152500,0.385,0.273,0.342
153000,0.391,0.260,0.348
153500,0.382,0.270,0.348
154000,0.370,0.268,0.363
154500,0.416,0.238,0.346
155000,0.411,0.243,0.346
155500,0.412,0.234,0.354
156000,0.438,0.225,0.337
156500,0.438,0.215,0.347
157000,0.433,0.228,0.339
157500,0.466,0.229,0.305
158000,0.449,0.221,0.330
158500,0.454,0.219,0.328
159000,0.430,0.228,0.342
159500,0.416,0.235,0.349
160000,0.453,0.222,0.326
160500,0.470,0.206,0.324
161000,0.458,0.196,0.346
161500,0.422,0.226,0.352
162000,0.454,0.220,0.327
162500,0.455,0.219,0.327
163000,0.466,0.222,0.313
163500,0.442,0.227,0.331
164000,0.451,0.223,0.326
164500,0.422,0.228,0.350
165000,0.407,0.239,0.354
165500,0.385,0.270,0.345
166000,0.356,0.286,0.358
166500,0.380,0.272,0.348
167000,0.417,0.250,0.333
167500,0.424,0.256,0.320
168000,0.383,0.263,0.354
168500,0.430,0.245,0.325
169000,0.426,0.252,0.322
169500,0.425,0.252,0.323
170000,0.437,0.248,0.315
170500,0.460,0.234,0.306
171000,0.453,0.232,0.316
171500,0.443,0.249,0.307
172000,0.417,0.252,0.331
172500,0.407,0.221,0.373
173000,0.429,0.230,0.341
173500,0.433,0.236,0.331
174000,0.419,0.245,0.336
174500,0.410,0.261,0.329
175000,0.415,0.273,0.313
175500,0.427,0.255,0.318
176000,0.418,0.276,0.306
176500,0.409,0.261,0.330
177000,0.415,0.260,0.325
177500,0.424,0.255,0.321
178000,0.443,0.245,0.312
178500,0.434,0.249,0.317
179000,0.433,0.235,0.332
179500,0.467,0.213,0.320
180000,0.485,0.198,0.317
180500,0.501,0.193,0.306
181000,0.503,0.194,0.303
181500,0.496,0.207,0.296
182000,0.518,0.203,0.279
182500,0.507,0.171,0.323
183000,0.509,0.177,0.315
183500,0.510,0.191,0.299
184000,0.503,0.182,0.316
184500,0.515,0.180,0.305
185000,0.525,0.170,0.305
185500,0.528,0.174,0.298
186000,0.532,0.154,0.314
186500,0.536,0.148,0.316
187000,0.530,0.171,0.299
187500,0.525,0.177,0.298
188000,0.525,0.191,0.284
188500,0.522,0.196,0.282
189000,0.521,0.181,0.298
189500,0.510,0.192,0.298
190000,0.511,0.201,0.288
190500,0.501,0.209,0.290
191000,0.503,0.202,0.295
191500,0.457,0.207,0.336
192000,0.450,0.234,0.316
192500,0.433,0.256,0.311
193000,0.420,0.261,0.319
193500,0.414,0.240,0.346
194000,0.420,0.227,0.353
194500,0.438,0.211,0.350
195000,0.436,0.217,0.347
195500,0.408,0.234,0.359
196000,0.431,0.238,0.331
196500,0.450,0.237,0.313
197000,0.418,0.245,0.337
197500,0.417,0.226,0.358
198000,0.425,0.224,0.351
198500,0.431,0.220,0.349
199000,0.445,0.225,0.330
199500,0.435,0.219,0.346
200000,0.434,0.202,0.364
200500,0.437,0.195,0.368
201000,0.443,0.197,0.360
201500,0.416,0.208,0.376
202000,0.403,0.233,0.364
202500,0.406,0.221,0.374
203000,0.413,0.215,0.373
203500,0.407,0.224,0.370
204000,0.431,0.227,0.342
204500,0.410,0.232,0.359
205000,0.397,0.228,0.375
205500,0.399,0.227,0.374
206000,0.406,0.215,0.380
206500,0.411,0.215,0.375
207000,0.435,0.226,0.339
207500,0.446,0.212,0.341
208000,0.445,0.205,0.349
208500,0.459,0.210,0.331
209000,0.439,0.206,0.354
209500,0.469,0.194,0.337
210000,0.446,0.207,0.346
210500,0.446,0.210,0.343
211000,0.440,0.210,0.349
211500,0.436,0.211,0.352
212000,0.462,0.209,0.329
212500,0.434,0.193,0.373
213000,0.451,0.215,0.334
213500,0.462,0.198,0.340
214000,0.455,0.195,0.350
214500,0.444,0.223,0.333
215000,0.433,0.233,0.334
215500,0.425,0.212,0.363
216000,0.418,0.221,0.362
216500,0.451,0.202,0.346
217000,0.437,0.211,0.351
217500,0.418,0.219,0.364
218000,0.414,0.252,0.334
218500,0.377,0.273,0.350
219000,0.369,0.261,0.370
219500,0.384,0.276,0.340
220000,0.370,0.273,0.358
220500,0.341,0.299,0.360
221000,0.353,0.298,0.348
221500,0.355,0.294,0.350
222000,0.338,0.307,0.354
222500,0.369,0.298,0.333
223000,0.313,0.335,0.352
223500,0.325,0.338,0.337
224000,0.324,0.303,0.373
224500,0.314,0.312,0.375
225000,0.298,0.329,0.373
225500,0.300,0.302,0.397
226000,0.325,0.295,0.380
226500,0.325,0.286,0.389
227000,0.332,0.292,0.376
227500,0.297,0.345,0.358
228000,0.285,0.351,0.364
228500,0.284,0.322,0.394
229000,0.319,0.294,0.387
229500,0.339,0.276,0.385
230000,0.330,0.265,0.406
230500,0.319,0.299,0.382
231000,0.345,0.278,0.377
231500,0.328,0.281,0.391
232000,0.328,0.306,0.366
232500,0.330,0.261,0.409
233000,0.354,0.247,0.398
233500,0.346,0.274,0.380
234000,0.360,0.271,0.370
234500,0.377,0.235,0.388
235000,0.372,0.271,0.358
235500,0.356,0.264,0.380
236000,0.358,0.283,0.360
236500,0.365,0.258,0.377
237000,0.358,0.243,0.399
237500,0.384,0.233,0.383
238000,0.387,0.231,0.382
238500,0.431,0.212,0.356
239000,0.411,0.230,0.360
239500,0.389,0.213,0.397
240000,0.397,0.211,0.391
240500,0.413,0.215,0.373
241000,0.441,0.207,0.351
241500,0.474,0.186,0.340
242000,0.475,0.183,0.342
242500,0.408,0.206,0.386
243000,0.441,0.203,0.355
243500,0.465,0.210,0.325
244000,0.448,0.197,0.354
244500,0.475,0.195,0.330
245000,0.459,0.196,0.345
245500,0.508,0.166,0.326
246000,0.510,0.163,0.327
246500,0.518,0.172,0.311
247000,0.509,0.189,0.302
247500,0.492,0.193,0.315
248000,0.480,0.200,0.320
248500,0.501,0.203,0.296
249000,0.472,0.187,0.341
249500,0.491,0.179,0.330
250000,0.474,0.182,0.344
250500,0.490,0.177,0.333
251000,0.507,0.161,0.332
251500,0.469,0.205,0.326
252000,0.468,0.197,0.335
252500,0.450,0.217,0.333
253000,0.450,0.204,0.345
253500,0.475,0.191,0.334
254000,0.484,0.191,0.325
254500,0.494,0.187,0.319
255000,0.478,0.171,0.351
255500,0.456,0.188,0.356
256000,0.461,0.180,0.360
256500,0.453,0.193,0.354
257000,0.456,0.175,0.370
257500,0.444,0.180,0.376
258000,0.443,0.195,0.362
258500,0.436,0.206,0.358
259000,0.421,0.204,0.375
259500,0.436,0.208,0.355
260000,0.425,0.211,0.364
260500,0.425,0.230,0.345
261000,0.431,0.207,0.362
261500,0.433,0.199,0.368
262000,0.455,0.216,0.330
262500,0.428,0.243,0.329
263000,0.422,0.222,0.356
263500,0.416,0.235,0.349
264000,0.356,0.294,0.349
264500,0.362,0.259,0.379
265000,0.374,0.283,0.343
265500,0.358,0.286,0.356
266000,0.352,0.318,0.330
266500,0.349,0.315,0.336
267000,0.366,0.318,0.317
267500,0.344,0.317,0.339
268000,0.333,0.323,0.344
268500,0.312,0.340,0.348
269000,0.321,0.327,0.352
269500,0.301,0.328,0.371
270000,0.363,0.258,0.379
270500,0.341,0.290,0.369
271000,0.359,0.268,0.374
271500,0.351,0.255,0.393
272000,0.344,0.265,0.391
272500,0.361,0.273,0.367
273000,0.367,0.278,0.355
273500,0.370,0.258,0.372
274000,0.390,0.242,0.368
274500,0.384,0.234,0.382
275000,0.355,0.278,0.367
275500,0.352,0.251,0.396
276000,0.346,0.275,0.379
276500,0.355,0.250,0.394
277000,0.376,0.251,0.373
277500,0.317,0.299,0.384
278000,0.327,0.309,0.364
278500,0.342,0.297,0.361
279000,0.318,0.315,0.368
279500,0.309,0.307,0.383
280000,0.324,0.291,0.385
280500,0.393,0.273,0.334
281000,0.393,0.247,0.360
281500,0.401,0.246,0.352
282000,0.408,0.231,0.362
282500,0.402,0.251,0.346
283000,0.410,0.224,0.367
283500,0.397,0.237,0.366
284000,0.421,0.215,0.365
284500,0.442,0.204,0.353
285000,0.466,0.195,0.339
285500,0.486,0.194,0.320
286000,0.507,0.195,0.298
286500,0.519,0.190,0.291
287000,0.518,0.179,0.303
287500,0.522,0.160,0.318
288000,0.519,0.168,0.314
288500,0.525,0.148,0.327
289000,0.527,0.148,0.325
289500,0.518,0.168,0.315
290000,0.488,0.182,0.330
290500,0.459,0.198,0.343
291000,0.475,0.174,0.351
291500,0.528,0.151,0.321
292000,0.535,0.153,0.312
292500,0.493,0.176,0.331
293000,0.481,0.178,0.341
293500,0.488,0.171,0.341
294000,0.483,0.170,0.347
294500,0.484,0.165,0.350
295000,0.505,0.163,0.332
295500,0.507,0.181,0.313
296000,0.523,0.185,0.292
296500,0.519,0.174,0.307
297000,0.510,0.172,0.319
297500,0.508,0.189,0.303
298000,0.509,0.194,0.297
298500,0.517,0.180,0.303
299000,0.509,0.162,0.329
299500,0.516,0.159,0.325
300000,0.482,0.189,0.329
300500,0.473,0.186,0.341
301000,0.461,0.188,0.351
301500,0.466,0.191,0.343
302000,0.484,0.173,0.343
302500,0.504,0.166,0.330
303000,0.454,0.182,0.365
303500,0.469,0.200,0.331
304000,0.532,0.179,0.289
304500,0.533,0.165,0.301
305000,0.542,0.142,0.316
305500,0.525,0.155,0.320
306000,0.550,0.144,0.306
306500,0.562,0.138,0.300
307000,0.562,0.125,0.314
307500,0.553,0.141,0.306
308000,0.515,0.151,0.334
308500,0.506,0.155,0.339
309000,0.512,0.158,0.330
309500,0.504,0.165,0.331
310000,0.512,0.165,0.323
310500,0.530,0.150,0.320
311000,0.503,0.157,0.340
311500,0.536,0.153,0.311
312000,0.558,0.146,0.296
312500,0.541,0.165,0.293
313000,0.511,0.164,0.325
313500,0.516,0.145,0.339
314000,0.560,0.148,0.292
314500,0.557,0.157,0.286
315000,0.535,0.156,0.308
315500,0.544,0.160,0.295
316000,0.534,0.168,0.298
316500,0.508,0.177,0.316
317000,0.509,0.185,0.306
317500,0.501,0.209,0.290
318000,0.466,0.228,0.306
318500,0.464,0.216,0.321
319000,0.471,0.186,0.343
319500,0.488,0.193,0.319
320000,0.448,0.204,0.347
320500,0.412,0.225,0.364
321000,0.386,0.239,0.375
321500,0.382,0.222,0.396
322000,0.411,0.219,0.371
322500,0.413,0.199,0.388
323000,0.456,0.207,0.337
323500,0.481,0.186,0.333
324000,0.469,0.191,0.340
324500,0.502,0.184,0.315
325000,0.472,0.189,0.339
325500,0.490,0.185,0.325
326000,0.503,0.189,0.308
326500,0.482,0.176,0.342
327000,0.503,0.168,0.330
327500,0.470,0.177,0.353
328000,0.472,0.190,0.338
328500,0.482,0.200,0.318
329000,0.488,0.200,0.312
329500,0.463,0.210,0.327
330000,0.447,0.216,0.337
330500,0.419,0.249,0.332
331000,0.447,0.211,0.341
331500,0.522,0.182,0.296
332000,0.527,0.163,0.309
332500,0.533,0.156,0.311
333000,0.527,0.159,0.314
333500,0.524,0.164,0.312
334000,0.521,0.164,0.315
334500,0.534,0.155,0.311
335000,0.551,0.126,0.324
335500,0.539,0.140,0.321
336000,0.564,0.138,0.298
336500,0.573,0.133,0.294
337000,0.584,0.116,0.299
337500,0.599,0.111,0.290
338000,0.597,0.112,0.291
338500,0.613,0.100,0.287
339000,0.604,0.113,0.283
339500,0.602,0.128,0.271
340000,0.600,0.137,0.264
340500,0.570,0.132,0.298
341000,0.557,0.139,0.304
341500,0.579,0.143,0.278
342000,0.594,0.129,0.277
342500,0.578,0.136,0.286
343000,0.551,0.144,0.305
343500,0.569,0.118,0.313
344000,0.553,0.132,0.316
344500,0.556,0.140,0.304
345000,0.547,0.129,0.324
345500,0.569,0.127,0.304
346000,0.565,0.123,0.313
346500,0.556,0.123,0.322
347000,0.539,0.126,0.335
347500,0.555,0.129,0.317
348000,0.558,0.115,0.327
348500,0.542,0.135,0.323
349000,0.562,0.131,0.307
349500,0.543,0.127,0.330
350000,0.545,0.127,0.328
350500,0.521,0.146,0.333
351000,0.519,0.148,0.333
351500,0.528,0.148,0.324
352000,0.511,0.151,0.338
352500,0.529,0.140,0.331
353000,0.523,0.151,0.326
353500,0.494,0.151,0.354
354000,0.486,0.155,0.359
354500,0.480,0.151,0.369
355000,0.471,0.153,0.376
355500,0.459,0.189,0.352
356000,0.412,0.232,0.356
356500,0.418,0.225,0.358
357000,0.418,0.203,0.379
357500,0.434,0.222,0.344
358000,0.418,0.217,0.366
358500,0.401,0.217,0.382
359000,0.403,0.199,0.397
359500,0.416,0.210,0.374
360000,0.403,0.217,0.380
360500,0.416,0.211,0.373
361000,0.399,0.219,0.382
361500,0.403,0.229,0.368
362000,0.382,0.245,0.373
362500,0.393,0.233,0.374
363000,0.347,0.239,0.414
363500,0.384,0.250,0.366
364000,0.374,0.227,0.399
364500,0.387,0.226,0.387
365000,0.397,0.241,0.362
365500,0.370,0.241,0.389
366000,0.381,0.256,0.363
366500,0.381,0.243,0.376
367000,0.388,0.217,0.395
367500,0.423,0.196,0.381
368000,0.411,0.215,0.375
368500,0.376,0.236,0.388
369000,0.379,0.259,0.362
369500,0.381,0.228,0.391
370000,0.416,0.221,0.364
370500,0.409,0.209,0.382
371000,0.442,0.216,0.342
371500,0.436,0.200,0.364
372000,0.426,0.245,0.329
372500,0.420,0.232,0.348
373000,0.423,0.221,0.356
373500,0.459,0.189,0.352
374000,0.467,0.197,0.336
374500,0.450,0.184,0.366
375000,0.418,0.184,0.398
375500,0.460,0.190,0.350
376000,0.435,0.183,0.382
376500,0.468,0.168,0.365
377000,0.460,0.177,0.364
377500,0.465,0.173,0.363
378000,0.466,0.150,0.384
378500,0.470,0.178,0.352
379000,0.457,0.196,0.347
379500,0.461,0.173,0.367
380000,0.470,0.169,0.362
380500,0.451,0.169,0.380
381000,0.440,0.178,0.382
381500,0.453,0.183,0.365
382000,0.470,0.162,0.368
382500,0.480,0.175,0.345
383000,0.429,0.193,0.378
383500,0.400,0.228,0.372
384000,0.394,0.223,0.383
384500,0.359,0.259,0.382
385000,0.359,0.261,0.380
385500,0.352,0.264,0.384
386000,0.355,0.264,0.381
386500,0.352,0.264,0.384
387000,0.349,0.270,0.381
387500,0.356,0.281,0.363
388000,0.390,0.252,0.358
388500,0.359,0.267,0.375
389000,0.372,0.260,0.368
389500,0.367,0.243,0.390
390000,0.354,0.247,0.398
390500,0.369,0.246,0.385
391000,0.392,0.215,0.393
391500,0.398,0.215,0.387
392000,0.402,0.216,0.382
392500,0.411,0.208,0.381
393000,0.401,0.221,0.378
393500,0.394,0.230,0.376
394000,0.410,0.219,0.372
394500,0.403,0.211,0.385
395000,0.423,0.210,0.367
395500,0.421,0.193,0.386
396000,0.423,0.222,0.355
396500,0.427,0.238,0.335
397000,0.413,0.226,0.362
397500,0.423,0.213,0.364
398000,0.425,0.197,0.378
398500,0.429,0.188,0.383
399000,0.401,0.215,0.384
399500,0.397,0.225,0.378
400000,0.401,0.224,0.375
400500,0.438,0.208,0.353
401000,0.423,0.227,0.350
401500,0.433,0.208,0.359
402000,0.399,0.218,0.383
402500,0.427,0.192,0.381
403000,0.408,0.189,0.403
403500,0.419,0.196,0.385
404000,0.421,0.194,0.385
404500,0.429,0.188,0.383
405000,0.424,0.174,0.402
405500,0.441,0.169,0.390
406000,0.446,0.192,0.362
406500,0.455,0.181,0.365
407000,0.449,0.190,0.361
407500,0.448,0.181,0.371
408000,0.413,0.187,0.400
408500,0.422,0.199,0.379
409000,0.410,0.217,0.374
409500,0.451,0.198,0.350
410000,0.455,0.189,0.356
410500,0.483,0.172,0.345
411000,0.492,0.152,0.355
411500,0.492,0.171,0.337
412000,0.483,0.149,0.368
412500,0.503,0.152,0.345
413000,0.509,0.155,0.336
413500,0.513,0.151,0.336
414000,0.526,0.151,0.323
414500,0.483,0.163,0.353
415000,0.494,0.158,0.347
415500,0.498,0.155,0.346
416000,0.472,0.161,0.367
416500,0.468,0.190,0.342
417000,0.451,0.188,0.361
417500,0.457,0.198,0.345
418000,0.444,0.191,0.365
418500,0.453,0.196,0.351
419000,0.426,0.197,0.377
419500,0.442,0.185,0.373
420000,0.437,0.185,0.378
420500,0.444,0.184,0.372
421000,0.440,0.187,0.373
421500,0.436,0.196,0.368
422000,0.430,0.206,0.364
422500,0.424,0.226,0.350
423000,0.417,0.213,0.370
423500,0.417,0.215,0.369
424000,0.424,0.206,0.370
424500,0.418,0.204,0.378
425000,0.431,0.186,0.383
425500,0.439,0.194,0.367
426000,0.425,0.205,0.370
426500,0.456,0.172,0.373
427000,0.461,0.170,0.370
427500,0.434,0.217,0.349
428000,0.423,0.206,0.371
428500,0.468,0.183,0.349
429000,0.476,0.197,0.327
429500,0.463,0.185,0.352
430000,0.479,0.170,0.351
430500,0.485,0.176,0.339
431000,0.471,0.185,0.344
431500,0.461,0.179,0.361
432000,0.480,0.158,0.362
432500,0.484,0.164,0.351
433000,0.441,0.187,0.372
433500,0.454,0.195,0.351
434000,0.466,0.204,0.330
434500,0.467,0.191,0.342
435000,0.447,0.220,0.333
435500,0.449,0.216,0.335
436000,0.477,0.188,0.335
436500,0.485,0.181,0.334
437000,0.469,0.175,0.356
437500,0.483,0.161,0.355
438000,0.506,0.142,0.352
438500,0.513,0.146,0.341
439000,0.542,0.164,0.293
439500,0.542,0.169,0.289
440000,0.530,0.169,0.301
440500,0.533,0.168,0.299
441000,0.525,0.145,0.330
441500,0.517,0.161,0.322
442000,0.524,0.149,0.327
442500,0.558,0.140,0.302
443000,0.517,0.151,0.332
443500,0.549,0.166,0.285
444000,0.552,0.143,0.305
444500,0.558,0.130,0.313
445000,0.541,0.126,0.333
445500,0.565,0.114,0.321
446000,0.580,0.128,0.292
446500,0.572,0.132,0.296
447000,0.554,0.145,0.301
447500,0.567,0.132,0.301
448000,0.568,0.132,0.300
448500,0.583,0.144,0.273
449000,0.573,0.143,0.284
449500,0.583,0.125,0.292
450000,0.557,0.145,0.298
450500,0.553,0.146,0.301
451000,0.536,0.174,0.290
451500,0.529,0.174,0.297
452000,0.502,0.142,0.356
452500,0.499,0.144,0.356
453000,0.513,0.158,0.329
453500,0.539,0.162,0.298
454000,0.539,0.145,0.316
454500,0.526,0.152,0.322
455000,0.526,0.139,0.335
455500,0.562,0.128,0.311
456000,0.600,0.123,0.278
456500,0.562,0.129,0.309
457000,0.541,0.165,0.293
457500,0.540,0.155,0.304
458000,0.539,0.139,0.322
458500,0.535,0.138,0.327
459000,0.520,0.131,0.349
459500,0.528,0.128,0.344
460000,0.511,0.130,0.360
460500,0.534,0.134,0.332
461000,0.539,0.128,0.333
461500,0.530,0.134,0.336
462000,0.508,0.134,0.359
462500,0.483,0.166,0.350
463000,0.487,0.159,0.353
463500,0.482,0.150,0.368
464000,0.483,0.169,0.348
464500,0.527,0.143,0.330
465000,0.497,0.168,0.335
465500,0.499,0.158,0.342
466000,0.514,0.154,0.332
466500,0.491,0.169,0.340
467000,0.480,0.155,0.365
467500,0.486,0.155,0.359
468000,0.505,0.152,0.343
468500,0.502,0.161,0.337
469000,0.487,0.150,0.363
469500,0.501,0.183,0.317
470000,0.496,0.163,0.340
470500,0.486,0.164,0.349
471000,0.502,0.143,0.355
471500,0.533,0.149,0.318
472000,0.529,0.143,0.328
472500,0.531,0.148,0.321
473000,0.531,0.166,0.302
473500,0.486,0.176,0.338
474000,0.481,0.173,0.346
474500,0.470,0.200,0.330
475000,0.463,0.198,0.339
475500,0.487,0.193,0.320
476000,0.472,0.202,0.326
476500,0.496,0.188,0.316
477000,0.478,0.199,0.323
477500,0.467,0.206,0.327
478000,0.444,0.229,0.327
478500,0.445,0.233,0.322
479000,0.432,0.237,0.331
479500,0.413,0.224,0.364
480000,0.427,0.228,0.345
480500,0.423,0.213,0.364
481000,0.410,0.228,0.363
481500,0.412,0.231,0.358
482000,0.428,0.210,0.362
482500,0.403,0.230,0.367
483000,0.398,0.240,0.362
483500,0.403,0.224,0.373
484000,0.412,0.212,0.376
484500,0.377,0.207,0.416
485000,0.412,0.228,0.361
485500,0.436,0.213,0.350
486000,0.417,0.221,0.363
486500,0.388,0.247,0.365
487000,0.375,0.256,0.369
487500,0.352,0.263,0.385
488000,0.333,0.284,0.383
488500,0.332,0.271,0.397
489000,0.363,0.269,0.369
489500,0.375,0.263,0.363
490000,0.367,0.289,0.344
490500,0.364,0.273,0.364
491000,0.383,0.289,0.328
491500,0.347,0.281,0.372
492000,0.346,0.300,0.353
492500,0.345,0.296,0.359
493000,0.324,0.289,0.387
493500,0.346,0.280,0.374
494000,0.352,0.250,0.397
494500,0.371,0.229,0.400
495000,0.392,0.210,0.397
495500,0.382,0.242,0.376
496000,0.369,0.268,0.364
496500,0.356,0.264,0.380
497000,0.379,0.233,0.388
497500,0.384,0.227,0.389
498000,0.388,0.241,0.371
498500,0.414,0.232,0.354
499000,0.427,0.204,0.369
499500,0.407,0.220,0.374
500000,0.410,0.213,0.377
500500,0.415,0.199,0.386
501000,0.444,0.186,0.370
501500,0.442,0.185,0.373
502000,0.472,0.179,0.349
502500,0.447,0.169,0.384
503000,0.427,0.183,0.390
503500,0.439,0.200,0.361
504000,0.437,0.184,0.379
504500,0.409,0.171,0.421
505000,0.446,0.160,0.393
505500,0.463,0.176,0.362
506000,0.455,0.183,0.363
506500,0.457,0.171,0.373
507000,0.485,0.146,0.369
507500,0.518,0.137,0.345
508000,0.518,0.155,0.327
508500,0.526,0.157,0.317
509000,0.541,0.130,0.329
509500,0.560,0.128,0.313
510000,0.572,0.148,0.280
510500,0.574,0.137,0.289
511000,0.596,0.139,0.266
511500,0.565,0.136,0.299
512000,0.570,0.136,0.294
512500,0.582,0.135,0.283
513000,0.603,0.117,0.280
513500,0.615,0.129,0.256
514000,0.614,0.120,0.267
514500,0.613,0.114,0.273
515000,0.620,0.113,0.267
515500,0.589,0.115,0.295
516000,0.596,0.115,0.289
516500,0.592,0.120,0.288
517000,0.596,0.115,0.289
517500,0.601,0.111,0.288
518000,0.589,0.111,0.299
518500,0.582,0.111,0.306
519000,0.606,0.106,0.288
519500,0.611,0.092,0.297
520000,0.623,0.097,0.280
520500,0.630,0.099,0.271
521000,0.636,0.097,0.267
521500,0.632,0.096,0.272
522000,0.629,0.108,0.263
522500,0.645,0.100,0.255
523000,0.647,0.089,0.265
523500,0.633,0.085,0.282
524000,0.650,0.078,0.273
524500,0.656,0.075,0.270
525000,0.683,0.074,0.243
525500,0.709,0.063,0.228
526000,0.711,0.062,0.227
526500,0.708,0.062,0.230
527000,0.691,0.072,0.238
527500,0.708,0.061,0.231
528000,0.718,0.060,0.222
528500,0.747,0.054,0.199
529000,0.755,0.053,0.192
529500,0.753,0.053,0.194
530000,0.768,0.050,0.182
530500,0.776,0.050,0.174
531000,0.790,0.046,0.164
531500,0.796,0.046,0.158
532000,0.781,0.046,0.173
532500,0.791,0.046,0.163
533000,0.796,0.045,0.159
533500,0.795,0.045,0.160
534000,0.795,0.044,0.161
534500,0.800,0.046,0.154
535000,0.811,0.048,0.141
535500,0.802,0.044,0.154
536000,0.800,0.048,0.152
536500,0.762,0.065,0.173
537000,0.747,0.059,0.194
537500,0.749,0.058,0.193
538000,0.741,0.064,0.195
538500,0.734,0.061,0.204
539000,0.729,0.064,0.206
539500,0.728,0.065,0.206
540000,0.727,0.066,0.206
540500,0.678,0.076,0.246
541000,0.678,0.079,0.243
541500,0.687,0.088,0.225
542000,0.679,0.087,0.234
542500,0.703,0.088,0.209
543000,0.699,0.083,0.219
543500,0.695,0.083,0.223
544000,0.709,0.075,0.217
544500,0.696,0.075,0.230
545000,0.693,0.076,0.232
545500,0.686,0.078,0.236
546000,0.696,0.081,0.224
546500,0.705,0.073,0.223
547000,0.708,0.072,0.221
547500,0.712,0.066,0.222
548000,0.725,0.058,0.217
548500,0.749,0.056,0.195
549000,0.734,0.061,0.204
549500,0.760,0.055,0.185
550000,0.757,0.052,0.191
550500,0.775,0.052,0.173
551000,0.759,0.054,0.187
551500,0.768,0.054,0.178
552000,0.771,0.047,0.182
552500,0.781,0.045,0.174
553000,0.764,0.058,0.178
553500,0.765,0.061,0.174
554000,0.745,0.052,0.203
554500,0.743,0.062,0.195
555000,0.782,0.049,0.169
555500,0.782,0.049,0.169
556000,0.773,0.049,0.178
556500,0.745,0.062,0.193
557000,0.739,0.065,0.196
557500,0.705,0.074,0.222
558000,0.704,0.100,0.196
558500,0.697,0.093,0.210
559000,0.702,0.077,0.222
559500,0.712,0.084,0.204
560000,0.722,0.060,0.218
560500,0.710,0.076,0.215
561000,0.708,0.078,0.215
561500,0.718,0.067,0.215
562000,0.702,0.069,0.229
562500,0.702,0.074,0.225
563000,0.689,0.086,0.225
563500,0.667,0.101,0.232
564000,0.650,0.084,0.267
564500,0.629,0.103,0.268
565000,0.641,0.085,0.274
565500,0.634,0.101,0.265
566000,0.626,0.111,0.263
566500,0.638,0.100,0.261
567000,0.659,0.075,0.267
567500,0.662,0.082,0.256
568000,0.659,0.076,0.266
568500,0.611,0.098,0.291
569000,0.587,0.102,0.311
569500,0.606,0.094,0.300
570000,0.637,0.080,0.283
570500,0.642,0.078,0.280
571000,0.638,0.095,0.267
571500,0.641,0.085,0.274
572000,0.656,0.092,0.252
572500,0.648,0.089,0.264
573000,0.639,0.081,0.280
573500,0.630,0.063,0.306
574000,0.640,0.096,0.264
574500,0.632,0.096,0.272
575000,0.648,0.095,0.257
575500,0.661,0.081,0.258
576000,0.670,0.090,0.240
576500,0.679,0.073,0.248
577000,0.682,0.064,0.253
577500,0.657,0.086,0.257
578000,0.665,0.083,0.252
578500,0.655,0.083,0.263
579000,0.670,0.072,0.258
579500,0.709,0.060,0.231
580000,0.706,0.065,0.229
580500,0.716,0.061,0.223
581000,0.680,0.087,0.233
581500,0.654,0.096,0.250
582000,0.637,0.106,0.256
582500,0.635,0.089,0.276
583000,0.633,0.090,0.277
583500,0.635,0.087,0.278
584000,0.620,0.115,0.265
584500,0.636,0.101,0.263
585000,0.619,0.111,0.270
585500,0.580,0.143,0.277
586000,0.601,0.138,0.261
586500,0.594,0.121,0.285
587000,0.628,0.105,0.267
587500,0.646,0.097,0.257
588000,0.651,0.112,0.237
588500,0.625,0.100,0.275
589000,0.649,0.088,0.264
589500,0.659,0.092,0.249
590000,0.681,0.081,0.238
590500,0.688,0.083,0.229
591000,0.678,0.081,0.241
591500,0.683,0.078,0.239
592000,0.670,0.077,0.253
592500,0.648,0.102,0.250
593000,0.667,0.081,0.252
593500,0.653,0.082,0.266
594000,0.611,0.102,0.287
594500,0.630,0.089,0.281
595000,0.628,0.083,0.289
595500,0.589,0.093,0.318
596000,0.592,0.094,0.314
596500,0.628,0.092,0.280
597000,0.606,0.099,0.295
597500,0.609,0.106,0.285
598000,0.605,0.108,0.287
598500,0.612,0.088,0.300
599000,0.604,0.096,0.300
599500,0.614,0.102,0.284
600000,0.631,0.093,0.276
600500,0.599,0.092,0.309
601000,0.629,0.084,0.287
601500,0.641,0.093,0.266
602000,0.617,0.113,0.270
602500,0.622,0.111,0.267
603000,0.625,0.099,0.276
603500,0.618,0.108,0.274
604000,0.625,0.099,0.276
604500,0.618,0.108,0.274
605000,0.620,0.098,0.282
605500,0.604,0.081,0.316
606000,0.627,0.089,0.284
606500,0.600,0.133,0.268
607000,0.584,0.106,0.309
607500,0.584,0.109,0.306
608000,0.596,0.100,0.304
608500,0.566,0.104,0.330
609000,0.590,0.088,0.322
609500,0.598,0.089,0.314
610000,0.611,0.087,0.302
610500,0.650,0.081,0.270
611000,0.629,0.096,0.275
611500,0.617,0.120,0.264
612000,0.633,0.102,0.265
612500,0.615,0.096,0.289
613000,0.601,0.108,0.291
613500,0.599,0.095,0.306
614000,0.603,0.099,0.298
614500,0.589,0.109,0.301
615000,0.610,0.122,0.269
615500,0.586,0.144,0.270
616000,0.576,0.142,0.282
616500,0.559,0.147,0.294
617000,0.593,0.126,0.281
617500,0.598,0.125,0.278
618000,0.603,0.107,0.290
618500,0.618,0.105,0.277
619000,0.563,0.127,0.311
619500,0.577,0.115,0.307
620000,0.540,0.141,0.319
620500,0.554,0.123,0.324
621000,0.539,0.122,0.339
621500,0.545,0.134,0.321
622000,0.531,0.124,0.345
622500,0.542,0.124,0.334
623000,0.535,0.144,0.321
623500,0.519,0.136,0.345
624000,0.505,0.153,0.342
624500,0.499,0.166,0.334
625000,0.504,0.166,0.330
625500,0.508,0.155,0.337
626000,0.498,0.161,0.340
626500,0.524,0.149,0.327
627000,0.532,0.137,0.331
627500,0.496,0.161,0.342
628000,0.532,0.136,0.332
628500,0.538,0.152,0.309
629000,0.527,0.159,0.314
629500,0.514,0.160,0.326
630000,0.542,0.166,0.291
630500,0.545,0.154,0.300
631000,0.539,0.151,0.309
631500,0.571,0.137,0.292
632000,0.567,0.130,0.303
632500,0.567,0.121,0.313
633000,0.592,0.108,0.299
633500,0.592,0.114,0.293
634000,0.570,0.120,0.311
634500,0.566,0.121,0.314
635000,0.566,0.129,0.305
635500,0.568,0.135,0.297
636000,0.589,0.127,0.284
636500,0.552,0.116,0.332
637000,0.493,0.148,0.359
637500,0.477,0.175,0.348
638000,0.505,0.185,0.311
638500,0.486,0.199,0.315
639000,0.490,0.191,0.319
639500,0.514,0.172,0.315
640000,0.483,0.193,0.324
640500,0.490,0.202,0.307
641000,0.465,0.206,0.329
641500,0.466,0.200,0.334
642000,0.497,0.161,0.341
642500,0.536,0.149,0.315
643000,0.537,0.144,0.319
643500,0.568,0.115,0.317
644000,0.601,0.122,0.278
644500,0.624,0.108,0.268
645000,0.618,0.100,0.282
645500,0.587,0.108,0.304
646000,0.583,0.095,0.322
646500,0.568,0.122,0.311
647000,0.600,0.113,0.287
647500,0.599,0.123,0.279
648000,0.603,0.110,0.287
648500,0.594,0.128,0.278
649000,0.606,0.129,0.266
649500,0.600,0.133,0.268
650000,0.606,0.130,0.265
650500,0.585,0.131,0.284
651000,0.572,0.140,0.288
651500,0.540,0.136,0.324
652000,0.510,0.158,0.332
652500,0.501,0.180,0.320
653000,0.494,0.176,0.330
653500,0.479,0.190,0.331
654000,0.476,0.203,0.321
654500,0.491,0.197,0.312
655000,0.509,0.188,0.303
655500,0.505,0.173,0.323
656000,0.504,0.170,0.327
656500,0.504,0.153,0.343
657000,0.496,0.172,0.332
657500,0.522,0.161,0.317
658000,0.519,0.164,0.317
658500,0.506,0.173,0.322
659000,0.504,0.163,0.333
659500,0.496,0.163,0.340
660000,0.527,0.151,0.322
660500,0.535,0.148,0.317
661000,0.542,0.121,0.337
661500,0.532,0.134,0.334
662000,0.512,0.152,0.336
662500,0.478,0.183,0.339
663000,0.481,0.159,0.360
663500,0.467,0.181,0.352
664000,0.444,0.201,0.354
664500,0.466,0.180,0.354
665000,0.465,0.178,0.358
665500,0.461,0.169,0.371
666000,0.458,0.178,0.365
666500,0.492,0.168,0.340
667000,0.508,0.165,0.327
667500,0.517,0.147,0.336
668000,0.495,0.163,0.341
668500,0.490,0.162,0.347
669000,0.487,0.160,0.352
669500,0.489,0.165,0.345
670000,0.508,0.159,0.333
670500,0.504,0.163,0.333
671000,0.445,0.173,0.382
671500,0.479,0.185,0.336
672000,0.479,0.178,0.343
672500,0.467,0.190,0.343
673000,0.457,0.192,0.351
673500,0.471,0.180,0.349
674000,0.467,0.172,0.362
674500,0.499,0.164,0.336
675000,0.524,0.154,0.322
675500,0.503,0.165,0.332
676000,0.520,0.153,0.327
676500,0.546,0.135,0.319
677000,0.567,0.135,0.298
677500,0.512,0.153,0.335
678000,0.537,0.149,0.314
678500,0.558,0.139,0.303
679000,0.550,0.156,0.294
679500,0.555,0.154,0.291
680000,0.538,0.154,0.307
680500,0.565,0.134,0.301
681000,0.558,0.132,0.311
681500,0.574,0.115,0.311
682000,0.543,0.127,0.330
682500,0.532,0.140,0.328
683000,0.521,0.157,0.322
683500,0.522,0.174,0.304
684000,0.511,0.152,0.337
684500,0.507,0.149,0.344
685000,0.509,0.148,0.343
685500,0.528,0.145,0.327
686000,0.531,0.126,0.343
686500,0.532,0.131,0.337
687000,0.529,0.118,0.352
687500,0.561,0.131,0.308
688000,0.534,0.131,0.335
688500,0.559,0.125,0.317
689000,0.553,0.131,0.317
689500,0.550,0.138,0.313
690000,0.546,0.123,0.331
690500,0.554,0.145,0.301
691000,0.555,0.137,0.308
691500,0.523,0.139,0.338
692000,0.541,0.135,0.324
692500,0.555,0.124,0.322
693000,0.552,0.128,0.321
693500,0.539,0.117,0.343
694000,0.559,0.106,0.335
694500,0.538,0.121,0.341
695000,0.514,0.126,0.361
695500,0.546,0.123,0.331
696000,0.572,0.105,0.323
696500,0.586,0.109,0.304
697000,0.559,0.101,0.340
697500,0.540,0.146,0.314
698000,0.541,0.129,0.330
698500,0.546,0.131,0.323
699000,0.537,0.131,0.332
699500,0.554,0.130,0.317
700000,0.565,0.110,0.325
700500,0.572,0.121,0.307
701000,0.544,0.133,0.323
701500,0.572,0.109,0.319
702000,0.576,0.125,0.299
702500,0.577,0.122,0.301
703000,0.576,0.110,0.314
703500,0.580,0.111,0.308
704000,0.614,0.114,0.272
704500,0.609,0.121,0.271
705000,0.591,0.117,0.291
705500,0.596,0.125,0.280
706000,0.597,0.101,0.302
706500,0.571,0.134,0.295
707000,0.599,0.116,0.285
707500,0.571,0.122,0.307
708000,0.598,0.113,0.289
708500,0.579,0.147,0.274
709000,0.540,0.152,0.307
709500,0.522,0.156,0.322
710000,0.535,0.141,0.324
710500,0.520,0.145,0.335
711000,0.549,0.136,0.316
711500,0.579,0.124,0.297
712000,0.583,0.122,0.295
712500,0.592,0.122,0.286
713000,0.586,0.123,0.291
713500,0.596,0.115,0.289
714000,0.579,0.110,0.311
714500,0.572,0.111,0.317
715000,0.581,0.104,0.315
715500,0.582,0.118,0.299
716000,0.579,0.141,0.280
716500,0.584,0.127,0.289
717000,0.585,0.102,0.313
717500,0.588,0.096,0.316
718000,0.606,0.086,0.308
718500,0.624,0.076,0.300
719000,0.647,0.068,0.285
719500,0.660,0.079,0.261
720000,0.693,0.065,0.242
720500,0.698,0.061,0.241
721000,0.697,0.058,0.245
721500,0.680,0.058,0.261
722000,0.681,0.067,0.251
722500,0.673,0.069,0.257
723000,0.658,0.067,0.275
723500,0.686,0.062,0.251
724000,0.683,0.066,0.250
724500,0.669,0.072,0.259
725000,0.682,0.063,0.254
725500,0.676,0.057,0.267
726000,0.698,0.058,0.244
726500,0.716,0.052,0.232
727000,0.743,0.046,0.211
727500,0.713,0.069,0.218
728000,0.704,0.065,0.231
728500,0.698,0.062,0.240
729000,0.679,0.069,0.251
729500,0.694,0.064,0.242
730000,0.727,0.049,0.224
730500,0.724,0.057,0.219
731000,0.709,0.061,0.230
731500,0.718,0.057,0.225
732000,0.726,0.048,0.226
732500,0.722,0.059,0.219
733000,0.729,0.048,0.223
733500,0.728,0.051,0.221
734000,0.733,0.057,0.209
734500,0.739,0.065,0.196
735000,0.703,0.065,0.232
735500,0.687,0.099,0.213
736000,0.685,0.088,0.227
736500,0.687,0.080,0.233
737000,0.677,0.076,0.247
737500,0.650,0.116,0.234
738000,0.621,0.127,0.252
738500,0.628,0.115,0.256
739000,0.641,0.100,0.258
739500,0.635,0.101,0.264
740000,0.672,0.086,0.242
740500,0.689,0.082,0.229
741000,0.677,0.076,0.247
741500,0.683,0.073,0.244
742000,0.705,0.072,0.224
742500,0.705,0.081,0.215
743000,0.676,0.088,0.236
743500,0.695,0.083,0.223
744000,0.697,0.073,0.231
744500,0.672,0.090,0.238
745000,0.674,0.093,0.233
745500,0.682,0.083,0.235
746000,0.672,0.094,0.234
746500,0.684,0.081,0.235
747000,0.678,0.080,0.242
747500,0.685,0.069,0.245
748000,0.694,0.069,0.237
748500,0.701,0.067,0.232
749000,0.702,0.068,0.230
749500,0.714,0.065,0.221
750000,0.724,0.073,0.203
750500,0.715,0.066,0.219
751000,0.713,0.067,0.220
751500,0.697,0.070,0.233
752000,0.722,0.055,0.223
752500,0.725,0.051,0.224
753000,0.755,0.049,0.196
753500,0.777,0.045,0.178
754000,0.775,0.049,0.176
754500,0.782,0.049,0.169
755000,0.768,0.043,0.189
755500,0.783,0.038,0.179
756000,0.790,0.037,0.174
756500,0.767,0.041,0.192
757000,0.777,0.044,0.179
757500,0.777,0.047,0.176
758000,0.802,0.046,0.152
758500,0.779,0.050,0.171
759000,0.787,0.038,0.176
759500,0.800,0.041,0.159
760000,0.800,0.043,0.157
760500,0.771,0.054,0.175
761000,0.758,0.063,0.179
761500,0.760,0.049,0.191
762000,0.755,0.050,0.195
762500,0.765,0.051,0.184
763000,0.760,0.049,0.191
763500,0.754,0.062,0.184
764000,0.770,0.050,0.180
764500,0.754,0.073,0.174
765000,0.753,0.066,0.181
765500,0.764,0.064,0.172
766000,0.751,0.070,0.179
766500,0.718,0.064,0.218
767000,0.709,0.079,0.212
767500,0.712,0.084,0.204
768000,0.683,0.093,0.224
768500,0.678,0.091,0.231
769000,0.641,0.100,0.258
769500,0.641,0.103,0.255
770000,0.621,0.117,0.261
770500,0.608,0.115,0.277
771000,0.563,0.135,0.302
771500,0.589,0.131,0.280
772000,0.575,0.131,0.294
772500,0.558,0.147,0.295
773000,0.566,0.138,0.296
773500,0.562,0.145,0.293
774000,0.558,0.144,0.298
774500,0.590,0.106,0.303
775000,0.611,0.104,0.285
775500,0.603,0.106,0.291
776000,0.609,0.092,0.299
776500,0.610,0.089,0.301
777000,0.621,0.105,0.274
777500,0.649,0.101,0.250
778000,0.637,0.103,0.259
778500,0.597,0.120,0.284
779000,0.574,0.135,0.291
779500,0.592,0.111,0.296
780000,0.603,0.124,0.274
780500,0.582,0.137,0.281
781000,0.591,0.112,0.296
781500,0.591,0.116,0.292
782000,0.598,0.109,0.293
782500,0.583,0.105,0.312
783000,0.575,0.118,0.306
783500,0.584,0.110,0.305
784000,0.600,0.107,0.293
784500,0.604,0.089,0.307
785000,0.608,0.086,0.306
785500,0.615,0.074,0.312
786000,0.599,0.104,0.297
786500,0.568,0.109,0.323
787000,0.593,0.097,0.309
787500,0.576,0.098,0.326
788000,0.544,0.124,0.332
788500,0.561,0.120,0.320
789000,0.552,0.116,0.332
789500,0.573,0.110,0.317
790000,0.516,0.123,0.362
790500,0.514,0.130,0.356
791000,0.536,0.133,0.331
791500,0.529,0.145,0.326
792000,0.528,0.138,0.334
792500,0.523,0.138,0.339
793000,0.496,0.157,0.346
793500,0.486,0.182,0.332
794000,0.508,0.176,0.317
794500,0.562,0.146,0.292
795000,0.598,0.133,0.270
795500,0.613,0.127,0.260
796000,0.590,0.132,0.278
796500,0.620,0.110,0.270
797000,0.627,0.098,0.275
797500,0.613,0.121,0.267
798000,0.582,0.137,0.281
798500,0.553,0.130,0.318
799000,0.530,0.135,0.335
799500,0.553,0.117,0.330
800000,0.547,0.127,0.326
800500,0.541,0.135,0.324
801000,0.518,0.154,0.328
801500,0.477,0.190,0.333
802000,0.457,0.203,0.340
802500,0.435,0.211,0.353
803000,0.439,0.204,0.356
803500,0.468,0.197,0.335
