time,n_A+p,n_B,n_AB
500,0.010,0.971,0.019
1000,0.010,0.975,0.015
1500,0.010,0.968,0.022
2000,0.010,0.955,0.035
2500,0.010,0.947,0.043
3000,0.010,0.978,0.012
3500,0.010,0.976,0.014
4000,0.010,0.949,0.041
4500,0.010,0.988,0.002
5000,0.010,0.977,0.013
5500,0.010,0.988,0.002
6000,0.010,0.968,0.022
6500,0.010,0.981,0.009
7000,0.010,0.988,0.002
7500,0.010,0.987,0.003
8000,0.010,0.986,0.004
8500,0.010,0.989,0.001
9000,0.010,0.967,0.023
9500,0.010,0.986,0.004
10000,0.010,0.990,0.000
10500,0.010,0.987,0.003
11000,0.010,0.989,0.001
11500,0.010,0.990,0.000
12000,0.010,0.938,0.052
12500,0.010,0.883,0.107
13000,0.010,0.947,0.043
13500,0.010,0.934,0.056
14000,0.010,0.961,0.029
14500,0.010,0.909,0.081
15000,0.010,0.977,0.013
15500,0.010,0.977,0.013
16000,0.010,0.850,0.140
16500,0.010,0.989,0.001
17000,0.010,0.987,0.003
17500,0.010,0.954,0.036
18000,0.010,0.977,0.013
18500,0.010,0.980,0.010
19000,0.010,0.902,0.088
19500,0.010,0.980,0.010
20000,0.010,0.947,0.043
20500,0.010,0.940,0.050
21000,0.010,0.827,0.163
21500,0.010,0.912,0.078
22000,0.010,0.990,0.000
22500,0.010,0.957,0.033
23000,0.010,0.939,0.051
23500,0.010,0.949,0.041
24000,0.010,0.990,0.000
24500,0.010,0.979,0.011
25000,0.010,0.904,0.086
25500,0.010,0.922,0.068
26000,0.010,0.928,0.062
26500,0.010,0.884,0.106
27000,0.010,0.953,0.037
27500,0.010,0.964,0.026
28000,0.010,0.975,0.015
28500,0.010,0.983,0.007
29000,0.010,0.972,0.018
29500,0.010,0.973,0.017
30000,0.010,0.942,0.048
30500,0.010,0.964,0.026
31000,0.010,0.964,0.026
31500,0.010,0.943,0.047
32000,0.010,0.982,0.008
32500,0.010,0.904,0.086
33000,0.010,0.988,0.002
33500,0.010,0.973,0.017
34000,0.010,0.982,0.008
34500,0.010,0.982,0.008
35000,0.010,0.974,0.016
35500,0.010,0.916,0.074
36000,0.010,0.959,0.031
36500,0.010,0.990,0.000
37000,0.010,0.985,0.005
37500,0.010,0.984,0.006
38000,0.010,0.979,0.011
38500,0.010,0.904,0.086
39000,0.010,0.973,0.017
39500,0.010,0.965,0.025
40000,0.010,0.938,0.052
40500,0.010,0.945,0.045
41000,0.010,0.881,0.109
41500,0.010,0.947,0.043
42000,0.010,0.973,0.017
42500,0.010,0.960,0.030
43000,0.010,0.967,0.023
43500,0.010,0.945,0.045
44000,0.010,0.910,0.080
44500,0.010,0.958,0.032
45000,0.010,0.990,0.000
45500,0.010,0.934,0.056
46000,0.010,0.975,0.015
46500,0.010,0.990,0.000
47000,0.010,0.840,0.150
47500,0.010,0.972,0.018
48000,0.010,0.937,0.053
48500,0.010,0.975,0.015
49000,0.010,0.954,0.036
49500,0.010,0.853,0.137
50000,0.010,0.947,0.043
50500,0.010,0.932,0.058
51000,0.010,0.950,0.040
51500,0.010,0.983,0.007
52000,0.010,0.950,0.040
52500,0.010,0.980,0.010
53000,0.010,0.977,0.013
53500,0.010,0.984,0.006
54000,0.010,0.897,0.093
54500,0.010,0.988,0.002
55000,0.010,0.990,0.000
55500,0.010,0.925,0.065
56000,0.010,0.947,0.043
56500,0.010,0.974,0.016
57000,0.010,0.984,0.006
57500,0.010,0.906,0.084
58000,0.010,0.988,0.002
58500,0.010,0.980,0.010
59000,0.010,0.953,0.037
59500,0.010,0.981,0.009
60000,0.010,0.833,0.157
60500,0.010,0.937,0.053
61000,0.010,0.989,0.001
61500,0.010,0.978,0.012
62000,0.010,0.950,0.040
62500,0.010,0.928,0.062
63000,0.010,0.963,0.027
63500,0.010,0.936,0.054
64000,0.010,0.936,0.054
64500,0.010,0.955,0.035
65000,0.010,0.990,0.000
65500,0.010,0.971,0.019
66000,0.010,0.968,0.022
66500,0.010,0.973,0.017
67000,0.010,0.940,0.050
67500,0.010,0.923,0.067
68000,0.010,0.864,0.126
68500,0.010,0.986,0.004
69000,0.010,0.986,0.004
69500,0.010,0.985,0.005
70000,0.010,0.974,0.016
70500,0.010,0.958,0.032
71000,0.010,0.980,0.010
71500,0.010,0.975,0.015
72000,0.010,0.916,0.074
72500,0.010,0.967,0.023
73000,0.010,0.947,0.043
73500,0.010,0.954,0.036
74000,0.010,0.981,0.009
74500,0.010,0.935,0.055
75000,0.010,0.988,0.002
75500,0.010,0.868,0.122
76000,0.010,0.989,0.001
76500,0.010,0.956,0.034
77000,0.010,0.956,0.034
77500,0.010,0.959,0.031
78000,0.010,0.983,0.007
78500,0.010,0.962,0.028
79000,0.010,0.983,0.007
79500,0.010,0.988,0.002
80000,0.010,0.954,0.036
80500,0.010,0.961,0.029
81000,0.010,0.908,0.082
81500,0.010,0.968,0.022
82000,0.010,0.966,0.024
82500,0.010,0.965,0.025
83000,0.010,0.972,0.018
83500,0.010,0.978,0.012
84000,0.010,0.955,0.035
84500,0.010,0.944,0.046
85000,0.010,0.983,0.007
85500,0.010,0.916,0.074
86000,0.010,0.990,0.000
86500,0.010,0.964,0.026
87000,0.010,0.990,0.000
87500,0.010,0.983,0.007
88000,0.010,0.950,0.040
88500,0.010,0.971,0.019
89000,0.010,0.974,0.016
89500,0.010,0.978,0.012
90000,0.010,0.948,0.042
90500,0.010,0.952,0.038
91000,0.010,0.951,0.039
91500,0.010,0.977,0.013
92000,0.010,0.982,0.008
92500,0.010,0.808,0.182
93000,0.010,0.954,0.036
93500,0.010,0.985,0.005
94000,0.010,0.983,0.007
94500,0.010,0.863,0.127
95000,0.010,0.986,0.004
95500,0.010,0.817,0.173
96000,0.010,0.924,0.066
96500,0.010,0.927,0.063
97000,0.010,0.982,0.008
97500,0.010,0.939,0.051
98000,0.010,0.975,0.015
98500,0.010,0.913,0.077
99000,0.010,0.983,0.007
99500,0.010,0.924,0.066
100000,0.010,0.946,0.044
100500,0.010,0.880,0.110
101000,0.010,0.972,0.018
101500,0.010,0.974,0.016
102000,0.010,0.976,0.014
102500,0.010,0.960,0.030
103000,0.010,0.901,0.089
103500,0.010,0.966,0.024
104000,0.010,0.907,0.083
104500,0.010,0.865,0.125
105000,0.010,0.981,0.009
105500,0.010,0.968,0.022
106000,0.010,0.961,0.029
106500,0.010,0.990,0.000
107000,0.010,0.951,0.039
107500,0.010,0.898,0.092
108000,0.010,0.902,0.088
108500,0.010,0.970,0.020
109000,0.010,0.965,0.025
109500,0.010,0.987,0.003
110000,0.010,0.926,0.064
110500,0.010,0.955,0.035
111000,0.010,0.920,0.070
111500,0.010,0.975,0.015
112000,0.010,0.962,0.028
112500,0.010,0.928,0.062
113000,0.010,0.901,0.089
113500,0.010,0.975,0.015
114000,0.010,0.986,0.004
114500,0.010,0.976,0.014
115000,0.010,0.948,0.042
115500,0.010,0.973,0.017
116000,0.010,0.969,0.021
116500,0.010,0.977,0.013
117000,0.010,0.964,0.026
117500,0.010,0.930,0.060
118000,0.010,0.987,0.003
118500,0.010,0.952,0.038
119000,0.010,0.960,0.030
119500,0.010,0.967,0.023
120000,0.010,0.988,0.002
120500,0.010,0.903,0.087
121000,0.010,0.981,0.009
121500,0.010,0.944,0.046
122000,0.010,0.938,0.052
122500,0.010,0.915,0.075
123000,0.010,0.928,0.062
123500,0.010,0.958,0.032
124000,0.010,0.980,0.010
124500,0.010,0.984,0.006
125000,0.010,0.988,0.002
125500,0.010,0.984,0.006
126000,0.010,0.935,0.055
126500,0.010,0.981,0.009
127000,0.010,0.936,0.054
127500,0.010,0.980,0.010
128000,0.010,0.944,0.046
128500,0.010,0.960,0.030
129000,0.010,0.968,0.022
129500,0.010,0.961,0.029
130000,0.010,0.890,0.100
130500,0.010,0.952,0.038
131000,0.010,0.978,0.012
131500,0.010,0.948,0.042
132000,0.010,0.950,0.040
132500,0.010,0.916,0.074
133000,0.010,0.976,0.014
133500,0.010,0.925,0.065
134000,0.010,0.988,0.002
134500,0.010,0.988,0.002
135000,0.010,0.980,0.010
135500,0.010,0.985,0.005
136000,0.010,0.960,0.030
136500,0.010,0.964,0.026
137000,0.010,0.977,0.013
137500,0.010,0.979,0.011
138000,0.010,0.989,0.001
138500,0.010,0.971,0.019
139000,0.010,0.988,0.002
139500,0.010,0.958,0.032
140000,0.010,0.938,0.052
140500,0.010,0.927,0.063
141000,0.010,0.979,0.011
141500,0.010,0.955,0.035
142000,0.010,0.990,0.000
142500,0.010,0.950,0.040
143000,0.010,0.982,0.008
143500,0.010,0.988,0.002
144000,0.010,0.851,0.139
144500,0.010,0.976,0.014
145000,0.010,0.983,0.007
145500,0.010,0.968,0.022
146000,0.010,0.859,0.131
146500,0.010,0.985,0.005
147000,0.010,0.939,0.051
147500,0.010,0.966,0.024
148000,0.010,0.971,0.019
148500,0.010,0.975,0.015
149000,0.010,0.990,0.000
149500,0.010,0.919,0.071
150000,0.010,0.946,0.044
150500,0.010,0.925,0.065
151000,0.010,0.939,0.051
151500,0.010,0.858,0.132
152000,0.010,0.967,0.023
152500,0.010,0.980,0.010
153000,0.010,0.956,0.034
153500,0.010,0.967,0.023
154000,0.010,0.954,0.036
154500,0.010,0.957,0.033
155000,0.010,0.988,0.002
155500,0.010,0.990,0.000
156000,0.010,0.909,0.081
156500,0.010,0.949,0.041
157000,0.010,0.799,0.191
157500,0.010,0.948,0.042
158000,0.010,0.990,0.000
158500,0.010,0.975,0.015
159000,0.010,0.965,0.025
159500,0.010,0.946,0.044
160000,0.010,0.976,0.014
160500,0.010,0.927,0.063
161000,0.010,0.964,0.026
161500,0.010,0.938,0.052
162000,0.010,0.978,0.012
162500,0.010,0.977,0.013
163000,0.010,0.989,0.001
163500,0.010,0.973,0.017
164000,0.010,0.960,0.030
164500,0.010,0.930,0.060
165000,0.010,0.989,0.001
165500,0.010,0.930,0.060
166000,0.010,0.979,0.011
166500,0.010,0.972,0.018
167000,0.010,0.921,0.069
167500,0.010,0.972,0.018
168000,0.010,0.980,0.010
168500,0.010,0.913,0.077
169000,0.010,0.900,0.090
169500,0.010,0.945,0.045
170000,0.010,0.964,0.026
170500,0.010,0.911,0.079
171000,0.010,0.982,0.008
171500,0.010,0.968,0.022
172000,0.010,0.987,0.003
172500,0.010,0.921,0.069
173000,0.010,0.984,0.006
173500,0.010,0.916,0.074
174000,0.010,0.986,0.004
174500,0.010,0.987,0.003
175000,0.010,0.976,0.014
175500,0.010,0.982,0.008
176000,0.010,0.977,0.013
176500,0.010,0.966,0.024
177000,0.010,0.951,0.039
177500,0.010,0.955,0.035
178000,0.010,0.821,0.169
178500,0.010,0.973,0.017
179000,0.010,0.959,0.031
179500,0.010,0.922,0.068
180000,0.010,0.978,0.012
180500,0.010,0.973,0.017
181000,0.010,0.987,0.003
181500,0.010,0.977,0.013
182000,0.010,0.924,0.066
182500,0.010,0.985,0.005
183000,0.010,0.926,0.064
183500,0.010,0.878,0.112
184000,0.010,0.990,0.000
184500,0.010,0.932,0.058
185000,0.010,0.913,0.077
185500,0.010,0.918,0.072
186000,0.010,0.900,0.090
186500,0.010,0.965,0.025
187000,0.010,0.942,0.048
187500,0.010,0.968,0.022
188000,0.010,0.811,0.179
188500,0.010,0.953,0.037
189000,0.010,0.912,0.078
189500,0.010,0.984,0.006
190000,0.010,0.900,0.090
190500,0.010,0.959,0.031
191000,0.010,0.960,0.030
191500,0.010,0.949,0.041
192000,0.010,0.949,0.041
192500,0.010,0.982,0.008
193000,0.010,0.970,0.020
193500,0.010,0.990,0.000
194000,0.010,0.968,0.022
194500,0.010,0.967,0.023
195000,0.010,0.964,0.026
195500,0.010,0.914,0.076
196000,0.010,0.955,0.035
196500,0.010,0.982,0.008
197000,0.010,0.885,0.105
197500,0.010,0.913,0.077
198000,0.010,0.957,0.033
198500,0.010,0.983,0.007
199000,0.010,0.959,0.031
199500,0.010,0.990,0.000
200000,0.010,0.975,0.015
200500,0.010,0.985,0.005
201000,0.010,0.931,0.059
201500,0.010,0.979,0.011
202000,0.010,0.892,0.098
202500,0.010,0.950,0.040
203000,0.010,0.935,0.055
203500,0.010,0.854,0.136
204000,0.010,0.964,0.026
204500,0.010,0.875,0.115
205000,0.010,0.952,0.038
205500,0.010,0.906,0.084
206000,0.010,0.973,0.017
206500,0.010,0.969,0.021
207000,0.010,0.967,0.023
207500,0.010,0.968,0.022
208000,0.010,0.961,0.029
208500,0.010,0.961,0.029
209000,0.010,0.934,0.056
209500,0.010,0.923,0.067
210000,0.010,0.926,0.064
210500,0.010,0.884,0.106
211000,0.010,0.973,0.017
211500,0.010,0.988,0.002
212000,0.010,0.961,0.029
212500,0.010,0.945,0.045
213000,0.010,0.974,0.016
213500,0.010,0.990,0.000
214000,0.010,0.917,0.073
214500,0.010,0.954,0.036
215000,0.010,0.894,0.096
215500,0.010,0.986,0.004
216000,0.010,0.974,0.016
216500,0.010,0.933,0.057
217000,0.010,0.976,0.014
217500,0.010,0.960,0.030
218000,0.010,0.979,0.011
218500,0.010,0.952,0.038
219000,0.010,0.898,0.092
219500,0.010,0.943,0.047
220000,0.010,0.968,0.022
220500,0.010,0.945,0.045
221000,0.010,0.941,0.049
221500,0.010,0.976,0.014
222000,0.010,0.973,0.017
222500,0.010,0.916,0.074
223000,0.010,0.840,0.150
223500,0.010,0.902,0.088
224000,0.010,0.943,0.047
224500,0.010,0.962,0.028
225000,0.010,0.990,0.000
225500,0.010,0.944,0.046
226000,0.010,0.972,0.018
226500,0.010,0.989,0.001
227000,0.010,0.985,0.005
227500,0.010,0.986,0.004
228000,0.010,0.952,0.038
228500,0.010,0.990,0.000
229000,0.010,0.981,0.009
229500,0.010,0.959,0.031
230000,0.010,0.963,0.027
230500,0.010,0.982,0.008
231000,0.010,0.958,0.032
231500,0.010,0.980,0.010
232000,0.010,0.948,0.042
232500,0.010,0.918,0.072
233000,0.010,0.978,0.012
233500,0.010,0.977,0.013
234000,0.010,0.989,0.001
234500,0.010,0.977,0.013
235000,0.010,0.950,0.040
235500,0.010,0.916,0.074
236000,0.010,0.990,0.000
236500,0.010,0.920,0.070
237000,0.010,0.966,0.024
237500,0.010,0.830,0.160
238000,0.010,0.988,0.002
238500,0.010,0.958,0.032
239000,0.010,0.873,0.117
239500,0.010,0.969,0.021
240000,0.010,0.911,0.079
240500,0.010,0.987,0.003
241000,0.010,0.941,0.049
241500,0.010,0.963,0.027
242000,0.010,0.973,0.017
242500,0.010,0.972,0.018
243000,0.010,0.955,0.035
243500,0.010,0.968,0.022
244000,0.010,0.971,0.019
244500,0.010,0.920,0.070
245000,0.010,0.949,0.041
245500,0.010,0.904,0.086
246000,0.010,0.923,0.067
246500,0.010,0.982,0.008
247000,0.010,0.958,0.032
247500,0.010,0.988,0.002
248000,0.010,0.990,0.000
248500,0.010,0.984,0.006
249000,0.010,0.943,0.047
249500,0.010,0.985,0.005
250000,0.010,0.929,0.061
250500,0.010,0.984,0.006
251000,0.010,0.975,0.015
251500,0.010,0.989,0.001
252000,0.010,0.939,0.051
252500,0.010,0.973,0.017
253000,0.010,0.875,0.115
253500,0.010,0.979,0.011
254000,0.010,0.990,0.000
254500,0.010,0.961,0.029
255000,0.010,0.960,0.030
255500,0.010,0.937,0.053
256000,0.010,0.888,0.102
256500,0.010,0.915,0.075
257000,0.010,0.954,0.036
257500,0.010,0.935,0.055
258000,0.010,0.979,0.011
258500,0.010,0.940,0.050
259000,0.010,0.985,0.005
259500,0.010,0.970,0.020
260000,0.010,0.984,0.006
260500,0.010,0.923,0.067
261000,0.010,0.955,0.035
261500,0.010,0.947,0.043
262000,0.010,0.979,0.011
262500,0.010,0.975,0.015
263000,0.010,0.957,0.033
263500,0.010,0.960,0.030
264000,0.010,0.888,0.102
264500,0.010,0.958,0.032
265000,0.010,0.893,0.097
265500,0.010,0.909,0.081
266000,0.010,0.858,0.132
266500,0.010,0.902,0.088
267000,0.010,0.971,0.019
267500,0.010,0.970,0.020
268000,0.010,0.989,0.001
268500,0.010,0.931,0.059
269000,0.010,0.990,0.000
269500,0.010,0.909,0.081
270000,0.010,0.905,0.085
270500,0.010,0.969,0.021
271000,0.010,0.990,0.000
271500,0.010,0.973,0.017
272000,0.010,0.985,0.005
272500,0.010,0.976,0.014
273000,0.010,0.942,0.048
273500,0.010,0.972,0.018
274000,0.010,0.990,0.000
274500,0.010,0.984,0.006
275000,0.010,0.979,0.011
275500,0.010,0.941,0.049
276000,0.010,0.987,0.003
276500,0.010,0.980,0.010
277000,0.010,0.950,0.040
277500,0.010,0.988,0.002
278000,0.010,0.931,0.059
278500,0.010,0.956,0.034
279000,0.010,0.979,0.011
279500,0.010,0.958,0.032
280000,0.010,0.981,0.009
280500,0.010,0.971,0.019
281000,0.010,0.948,0.042
281500,0.010,0.976,0.014
282000,0.010,0.922,0.068
282500,0.010,0.959,0.031
283000,0.010,0.981,0.009
283500,0.010,0.990,0.000
284000,0.010,0.982,0.008
284500,0.010,0.944,0.046
285000,0.010,0.973,0.017
285500,0.010,0.973,0.017
286000,0.010,0.880,0.110
286500,0.010,0.980,0.010
287000,0.010,0.986,0.004
287500,0.010,0.990,0.000
288000,0.010,0.989,0.001
288500,0.010,0.954,0.036
289000,0.010,0.963,0.027
289500,0.010,0.943,0.047
290000,0.010,0.917,0.073
290500,0.010,0.912,0.078
291000,0.010,0.941,0.049
291500,0.010,0.987,0.003
292000,0.010,0.964,0.026
292500,0.010,0.970,0.020
293000,0.010,0.901,0.089
293500,0.010,0.867,0.123
294000,0.010,0.988,0.002
294500,0.010,0.990,0.000
295000,0.010,0.986,0.004
295500,0.010,0.975,0.015
296000,0.010,0.945,0.045
296500,0.010,0.956,0.034
297000,0.010,0.990,0.000
297500,0.010,0.967,0.023
298000,0.010,0.944,0.046
298500,0.010,0.952,0.038
299000,0.010,0.938,0.052
299500,0.010,0.963,0.027
300000,0.010,0.981,0.009
300500,0.010,0.955,0.035
301000,0.010,0.984,0.006
301500,0.010,0.967,0.023
302000,0.010,0.884,0.106
302500,0.010,0.985,0.005
303000,0.010,0.889,0.101
303500,0.010,0.983,0.007
304000,0.010,0.988,0.002
304500,0.010,0.990,0.000
305000,0.010,0.973,0.017
305500,0.010,0.953,0.037
306000,0.010,0.988,0.002
306500,0.010,0.947,0.043
307000,0.010,0.950,0.040
307500,0.010,0.947,0.043
308000,0.010,0.977,0.013
308500,0.010,0.986,0.004
309000,0.010,0.945,0.045
309500,0.010,0.969,0.021
310000,0.010,0.969,0.021
310500,0.010,0.959,0.031
311000,0.010,0.963,0.027
311500,0.010,0.958,0.032
312000,0.010,0.986,0.004
312500,0.010,0.947,0.043
313000,0.010,0.936,0.054
313500,0.010,0.935,0.055
314000,0.010,0.958,0.032
314500,0.010,0.949,0.041
315000,0.010,0.945,0.045
315500,0.010,0.960,0.030
316000,0.010,0.955,0.035
316500,0.010,0.990,0.000
317000,0.010,0.924,0.066
317500,0.010,0.967,0.023
318000,0.010,0.964,0.026
318500,0.010,0.989,0.001
319000,0.010,0.988,0.002
319500,0.010,0.969,0.021
320000,0.010,0.983,0.007
320500,0.010,0.928,0.062
321000,0.010,0.981,0.009
321500,0.010,0.965,0.025
322000,0.010,0.990,0.000
322500,0.010,0.919,0.071
323000,0.010,0.970,0.020
323500,0.010,0.907,0.083
324000,0.010,0.977,0.013
324500,0.010,0.975,0.015
325000,0.010,0.989,0.001
325500,0.010,0.978,0.012
326000,0.010,0.901,0.089
326500,0.010,0.920,0.070
327000,0.010,0.990,0.000
327500,0.010,0.923,0.067
328000,0.010,0.934,0.056
328500,0.010,0.990,0.000
329000,0.010,0.935,0.055
329500,0.010,0.985,0.005
330000,0.010,0.922,0.068
330500,0.010,0.963,0.027
331000,0.010,0.980,0.010
331500,0.010,0.925,0.065
332000,0.010,0.927,0.063
332500,0.010,0.954,0.036
333000,0.010,0.970,0.020
333500,0.010,0.964,0.026
334000,0.010,0.971,0.019
334500,0.010,0.989,0.001
335000,0.010,0.954,0.036
335500,0.010,0.983,0.007
336000,0.010,0.930,0.060
336500,0.010,0.869,0.121
337000,0.010,0.942,0.048
337500,0.010,0.941,0.049
338000,0.010,0.966,0.024
338500,0.010,0.924,0.066
339000,0.010,0.953,0.037
339500,0.010,0.969,0.021
340000,0.010,0.958,0.032
340500,0.010,0.977,0.013
341000,0.010,0.965,0.025
341500,0.010,0.990,0.000
342000,0.010,0.976,0.014
342500,0.010,0.931,0.059
343000,0.010,0.975,0.015
343500,0.010,0.947,0.043
344000,0.010,0.989,0.001
344500,0.010,0.974,0.016
345000,0.010,0.880,0.110
345500,0.010,0.918,0.072
346000,0.010,0.987,0.003
346500,0.010,0.972,0.018
347000,0.010,0.986,0.004
347500,0.010,0.986,0.004
348000,0.010,0.966,0.024
348500,0.010,0.944,0.046
349000,0.010,0.988,0.002
349500,0.010,0.990,0.000
350000,0.010,0.968,0.022
350500,0.010,0.973,0.017
351000,0.010,0.984,0.006
351500,0.010,0.962,0.028
352000,0.010,0.984,0.006
352500,0.010,0.972,0.018
353000,0.010,0.980,0.010
353500,0.010,0.978,0.012
354000,0.010,0.987,0.003
354500,0.010,0.988,0.002
355000,0.010,0.965,0.025
355500,0.010,0.955,0.035
356000,0.010,0.973,0.017
356500,0.010,0.955,0.035
357000,0.010,0.954,0.036
357500,0.010,0.979,0.011
358000,0.010,0.959,0.031
358500,0.010,0.938,0.052
359000,0.010,0.961,0.029
359500,0.010,0.955,0.035
360000,0.010,0.978,0.012
360500,0.010,0.989,0.001
361000,0.010,0.939,0.051
361500,0.010,0.960,0.030
362000,0.010,0.984,0.006
362500,0.010,0.984,0.006
363000,0.010,0.972,0.018
363500,0.010,0.974,0.016
364000,0.010,0.974,0.016
364500,0.010,0.916,0.074
365000,0.010,0.947,0.043
365500,0.010,0.989,0.001
366000,0.010,0.971,0.019
366500,0.010,0.919,0.071
367000,0.010,0.976,0.014
367500,0.010,0.990,0.000
368000,0.010,0.960,0.030
368500,0.010,0.939,0.051
369000,0.010,0.868,0.122
369500,0.010,0.963,0.027
370000,0.010,0.966,0.024
370500,0.010,0.985,0.005
371000,0.010,0.989,0.001
371500,0.010,0.932,0.058
372000,0.010,0.987,0.003
372500,0.010,0.990,0.000
373000,0.010,0.949,0.041
373500,0.010,0.943,0.047
374000,0.010,0.952,0.038
374500,0.010,0.969,0.021
375000,0.010,0.938,0.052
375500,0.010,0.954,0.036
376000,0.010,0.986,0.004
376500,0.010,0.979,0.011
377000,0.010,0.962,0.028
377500,0.010,0.887,0.103
378000,0.010,0.975,0.015
378500,0.010,0.976,0.014
379000,0.010,0.952,0.038
379500,0.010,0.971,0.019
380000,0.010,0.976,0.014
380500,0.010,0.990,0.000
381000,0.010,0.963,0.027
381500,0.010,0.988,0.002
382000,0.010,0.922,0.068
382500,0.010,0.966,0.024
383000,0.010,0.983,0.007
383500,0.010,0.983,0.007
384000,0.010,0.988,0.002
384500,0.010,0.951,0.039
385000,0.010,0.823,0.167
385500,0.010,0.988,0.002
386000,0.010,0.979,0.011
386500,0.010,0.963,0.027
387000,0.010,0.943,0.047
387500,0.010,0.937,0.053
388000,0.010,0.961,0.029
388500,0.010,0.961,0.029
389000,0.010,0.921,0.069
389500,0.010,0.978,0.012
390000,0.010,0.967,0.023
390500,0.010,0.975,0.015
391000,0.010,0.950,0.040
391500,0.010,0.899,0.091
392000,0.010,0.947,0.043
392500,0.010,0.952,0.038
393000,0.010,0.943,0.047
393500,0.010,0.988,0.002
394000,0.010,0.954,0.036
394500,0.010,0.973,0.017
395000,0.010,0.947,0.043
395500,0.010,0.846,0.144
396000,0.010,0.905,0.085
396500,0.010,0.968,0.022
397000,0.010,0.921,0.069
397500,0.010,0.933,0.057
398000,0.010,0.884,0.106
398500,0.010,0.942,0.048
399000,0.010,0.937,0.053
399500,0.010,0.947,0.043
400000,0.010,0.990,0.000
400500,0.010,0.959,0.031
401000,0.010,0.939,0.051
401500,0.010,0.938,0.052
402000,0.010,0.886,0.104
402500,0.010,0.973,0.017
403000,0.010,0.958,0.032
403500,0.010,0.917,0.073
404000,0.010,0.953,0.037
404500,0.010,0.914,0.076
405000,0.010,0.954,0.036
405500,0.010,0.941,0.049
406000,0.010,0.985,0.005
406500,0.010,0.974,0.016
407000,0.010,0.984,0.006
407500,0.010,0.984,0.006
408000,0.010,0.976,0.014
408500,0.010,0.981,0.009
409000,0.010,0.973,0.017
409500,0.010,0.980,0.010
410000,0.010,0.950,0.040
410500,0.010,0.973,0.017
411000,0.010,0.943,0.047
411500,0.010,0.842,0.148
412000,0.010,0.970,0.020
412500,0.010,0.989,0.001
413000,0.010,0.964,0.026
413500,0.010,0.929,0.061
414000,0.010,0.966,0.024
414500,0.010,0.974,0.016
415000,0.010,0.987,0.003
415500,0.010,0.922,0.068
416000,0.010,0.885,0.105
416500,0.010,0.977,0.013
417000,0.010,0.923,0.067
417500,0.010,0.969,0.021
418000,0.010,0.966,0.024
418500,0.010,0.909,0.081
419000,0.010,0.989,0.001
419500,0.010,0.990,0.000
420000,0.010,0.931,0.059
420500,0.010,0.965,0.025
421000,0.010,0.973,0.017
421500,0.010,0.987,0.003
422000,0.010,0.900,0.090
422500,0.010,0.984,0.006
423000,0.010,0.968,0.022
423500,0.010,0.986,0.004
424000,0.010,0.904,0.086
424500,0.010,0.945,0.045
425000,0.010,0.967,0.023
425500,0.010,0.909,0.081
426000,0.010,0.967,0.023
426500,0.010,0.983,0.007
427000,0.010,0.860,0.130
427500,0.010,0.898,0.092
428000,0.010,0.988,0.002
428500,0.010,0.955,0.035
429000,0.010,0.924,0.066
429500,0.010,0.972,0.018
430000,0.010,0.958,0.032
430500,0.010,0.910,0.080
431000,0.010,0.963,0.027
431500,0.010,0.989,0.001
432000,0.010,0.963,0.027
432500,0.010,0.989,0.001
433000,0.010,0.942,0.048
433500,0.010,0.960,0.030
434000,0.010,0.845,0.145
434500,0.010,0.944,0.046
435000,0.010,0.983,0.007
435500,0.010,0.958,0.032
436000,0.010,0.987,0.003
436500,0.010,0.990,0.000
437000,0.010,0.990,0.000
437500,0.010,0.925,0.065
438000,0.010,0.962,0.028
438500,0.010,0.905,0.085
439000,0.010,0.896,0.094
439500,0.010,0.976,0.014
440000,0.010,0.974,0.016
440500,0.010,0.930,0.060
441000,0.010,0.974,0.016
441500,0.010,0.981,0.009
442000,0.010,0.985,0.005
442500,0.010,0.968,0.022
443000,0.010,0.950,0.040
443500,0.010,0.961,0.029
444000,0.010,0.882,0.108
444500,0.010,0.978,0.012
445000,0.010,0.904,0.086
445500,0.010,0.962,0.028
446000,0.010,0.936,0.054
446500,0.010,0.966,0.024
447000,0.010,0.929,0.061
447500,0.010,0.988,0.002
448000,0.010,0.941,0.049
448500,0.010,0.986,0.004
449000,0.010,0.983,0.007
449500,0.010,0.981,0.009
450000,0.010,0.952,0.038
450500,0.010,0.969,0.021
451000,0.010,0.989,0.001
451500,0.010,0.917,0.073
452000,0.010,0.938,0.052
452500,0.010,0.955,0.035
453000,0.010,0.989,0.001
453500,0.010,0.874,0.116
454000,0.010,0.974,0.016
454500,0.010,0.901,0.089
455000,0.010,0.970,0.020
455500,0.010,0.896,0.094
456000,0.010,0.948,0.042
456500,0.010,0.845,0.145
457000,0.010,0.981,0.009
457500,0.010,0.954,0.036
458000,0.010,0.968,0.022
458500,0.010,0.967,0.023
459000,0.010,0.960,0.030
459500,0.010,0.895,0.095
460000,0.010,0.979,0.011
460500,0.010,0.942,0.048
461000,0.010,0.990,0.000
461500,0.010,0.947,0.043
462000,0.010,0.963,0.027
462500,0.010,0.966,0.024
463000,0.010,0.990,0.000
463500,0.010,0.941,0.049
464000,0.010,0.939,0.051
464500,0.010,0.985,0.005
465000,0.010,0.967,0.023
465500,0.010,0.978,0.012
466000,0.010,0.954,0.036
466500,0.010,0.982,0.008
467000,0.010,0.987,0.003
467500,0.010,0.962,0.028
468000,0.010,0.939,0.051
468500,0.010,0.958,0.032
469000,0.010,0.918,0.072
469500,0.010,0.961,0.029
470000,0.010,0.967,0.023
470500,0.010,0.960,0.030
471000,0.010,0.974,0.016
471500,0.010,0.989,0.001
472000,0.010,0.990,0.000
472500,0.010,0.835,0.155
473000,0.010,0.907,0.083
473500,0.010,0.973,0.017
474000,0.010,0.978,0.012
474500,0.010,0.963,0.027
475000,0.010,0.980,0.010
475500,0.010,0.903,0.087
476000,0.010,0.948,0.042
476500,0.010,0.988,0.002
477000,0.010,0.973,0.017
477500,0.010,0.930,0.060
478000,0.010,0.963,0.027
478500,0.010,0.914,0.076
479000,0.010,0.972,0.018
479500,0.010,0.877,0.113
480000,0.010,0.984,0.006
480500,0.010,0.941,0.049
481000,0.010,0.944,0.046
481500,0.010,0.972,0.018
482000,0.010,0.852,0.138
482500,0.010,0.980,0.010
483000,0.010,0.946,0.044
483500,0.010,0.925,0.065
484000,0.010,0.990,0.000
484500,0.010,0.975,0.015
485000,0.010,0.899,0.091
485500,0.010,0.905,0.085
486000,0.010,0.980,0.010
486500,0.010,0.964,0.026
487000,0.010,0.922,0.068
487500,0.010,0.981,0.009
488000,0.010,0.956,0.034
488500,0.010,0.987,0.003
489000,0.010,0.975,0.015
489500,0.010,0.951,0.039
490000,0.010,0.966,0.024
490500,0.010,0.979,0.011
491000,0.010,0.926,0.064
491500,0.010,0.987,0.003
492000,0.010,0.989,0.001
492500,0.010,0.929,0.061
493000,0.010,0.976,0.014
493500,0.010,0.990,0.000
494000,0.010,0.944,0.046
494500,0.010,0.972,0.018
495000,0.010,0.907,0.083
495500,0.010,0.970,0.020
496000,0.010,0.965,0.025
496500,0.010,0.971,0.019
497000,0.010,0.961,0.029
497500,0.010,0.988,0.002
498000,0.010,0.985,0.005
498500,0.010,0.974,0.016
499000,0.010,0.877,0.113
499500,0.010,0.988,0.002
500000,0.010,0.927,0.063
500500,0.010,0.946,0.044
501000,0.010,0.958,0.032
501500,0.010,0.982,0.008
502000,0.010,0.976,0.014
502500,0.010,0.960,0.030
503000,0.010,0.948,0.042
503500,0.010,0.969,0.021
504000,0.010,0.986,0.004
504500,0.010,0.932,0.058
505000,0.010,0.956,0.034
505500,0.010,0.914,0.076
506000,0.010,0.955,0.035
506500,0.010,0.913,0.077
507000,0.010,0.947,0.043
507500,0.010,0.923,0.067
508000,0.010,0.972,0.018
508500,0.010,0.955,0.035
509000,0.010,0.867,0.123
509500,0.010,0.861,0.129
510000,0.010,0.979,0.011
510500,0.010,0.969,0.021
511000,0.010,0.927,0.063
511500,0.010,0.984,0.006
512000,0.010,0.966,0.024
512500,0.010,0.990,0.000
513000,0.010,0.929,0.061
513500,0.010,0.962,0.028
514000,0.010,0.940,0.050
514500,0.010,0.990,0.000
515000,0.010,0.948,0.042
515500,0.010,0.760,0.230
516000,0.010,0.910,0.080
516500,0.010,0.923,0.067
517000,0.010,0.972,0.018
517500,0.010,0.976,0.014
518000,0.010,0.983,0.007
518500,0.010,0.909,0.081
519000,0.010,0.977,0.013
519500,0.010,0.989,0.001
520000,0.010,0.975,0.015
520500,0.010,0.969,0.021
521000,0.010,0.934,0.056
521500,0.010,0.888,0.102
522000,0.010,0.974,0.016
522500,0.010,0.975,0.015
523000,0.010,0.926,0.064
523500,0.010,0.960,0.030
524000,0.010,0.956,0.034
524500,0.010,0.930,0.060
525000,0.010,0.942,0.048
525500,0.010,0.961,0.029
526000,0.010,0.987,0.003
526500,0.010,0.985,0.005
527000,0.010,0.916,0.074
527500,0.010,0.970,0.020
528000,0.010,0.973,0.017
528500,0.010,0.970,0.020
529000,0.010,0.949,0.041
529500,0.010,0.969,0.021
530000,0.010,0.966,0.024
530500,0.010,0.968,0.022
531000,0.010,0.970,0.020
531500,0.010,0.970,0.020
532000,0.010,0.941,0.049
532500,0.010,0.976,0.014
533000,0.010,0.990,0.000
533500,0.010,0.966,0.024
534000,0.010,0.947,0.043
534500,0.010,0.989,0.001
535000,0.010,0.990,0.000
535500,0.010,0.989,0.001
536000,0.010,0.988,0.002
536500,0.010,0.965,0.025
537000,0.010,0.987,0.003
537500,0.010,0.969,0.021
538000,0.010,0.953,0.037
538500,0.010,0.933,0.057
539000,0.010,0.941,0.049
539500,0.010,0.990,0.000
540000,0.010,0.973,0.017
540500,0.010,0.942,0.048
541000,0.010,0.914,0.076
541500,0.010,0.987,0.003
542000,0.010,0.945,0.045
542500,0.010,0.971,0.019
543000,0.010,0.986,0.004
543500,0.010,0.899,0.091
544000,0.010,0.989,0.001
544500,0.010,0.956,0.034
545000,0.010,0.979,0.011
545500,0.010,0.890,0.100
546000,0.010,0.950,0.040
546500,0.010,0.965,0.025
547000,0.010,0.891,0.099
547500,0.010,0.990,0.000
548000,0.010,0.942,0.048
548500,0.010,0.936,0.054
549000,0.010,0.983,0.007
549500,0.010,0.970,0.020
550000,0.010,0.965,0.025
550500,0.010,0.935,0.055
551000,0.010,0.965,0.025
551500,0.010,0.958,0.032
552000,0.010,0.962,0.028
552500,0.010,0.980,0.010
553000,0.010,0.990,0.000
553500,0.010,0.934,0.056
554000,0.010,0.967,0.023
554500,0.010,0.986,0.004
555000,0.010,0.980,0.010
555500,0.010,0.982,0.008
556000,0.010,0.988,0.002
556500,0.010,0.963,0.027
557000,0.010,0.923,0.067
557500,0.010,0.986,0.004
558000,0.010,0.987,0.003
558500,0.010,0.954,0.036
559000,0.010,0.973,0.017
559500,0.010,0.943,0.047
560000,0.010,0.929,0.061
560500,0.010,0.989,0.001
561000,0.010,0.925,0.065
561500,0.010,0.987,0.003
562000,0.010,0.977,0.013
562500,0.010,0.953,0.037
563000,0.010,0.978,0.012
563500,0.010,0.975,0.015
564000,0.010,0.966,0.024
564500,0.010,0.966,0.024
565000,0.010,0.929,0.061
565500,0.010,0.987,0.003
566000,0.010,0.963,0.027
566500,0.010,0.963,0.027
567000,0.010,0.965,0.025
567500,0.010,0.956,0.034
568000,0.010,0.948,0.042
568500,0.010,0.980,0.010
569000,0.010,0.901,0.089
569500,0.010,0.941,0.049
570000,0.010,0.947,0.043
570500,0.010,0.950,0.040
571000,0.010,0.920,0.070
571500,0.010,0.897,0.093
572000,0.010,0.968,0.022
572500,0.010,0.921,0.069
573000,0.010,0.985,0.005
573500,0.010,0.985,0.005
574000,0.010,0.932,0.058
574500,0.010,0.957,0.033
575000,0.010,0.884,0.106
575500,0.010,0.938,0.052
576000,0.010,0.963,0.027
576500,0.010,0.868,0.122
577000,0.010,0.965,0.025
577500,0.010,0.950,0.040
578000,0.010,0.934,0.056
578500,0.010,0.957,0.033
579000,0.010,0.952,0.038
579500,0.010,0.981,0.009
580000,0.010,0.916,0.074
580500,0.010,0.975,0.015
581000,0.010,0.971,0.019
581500,0.010,0.972,0.018
582000,0.010,0.981,0.009
582500,0.010,0.986,0.004
583000,0.010,0.990,0.000
583500,0.010,0.987,0.003
584000,0.010,0.897,0.093
584500,0.010,0.950,0.040
585000,0.010,0.790,0.200
585500,0.010,0.964,0.026
586000,0.010,0.989,0.001
586500,0.010,0.966,0.024
587000,0.010,0.873,0.117
587500,0.010,0.986,0.004
588000,0.010,0.972,0.018
588500,0.010,0.964,0.026
589000,0.010,0.973,0.017
589500,0.010,0.973,0.017
590000,0.010,0.954,0.036
590500,0.010,0.988,0.002
591000,0.010,0.969,0.021
591500,0.010,0.963,0.027
592000,0.010,0.990,0.000
592500,0.010,0.974,0.016
593000,0.010,0.952,0.038
593500,0.010,0.989,0.001
594000,0.010,0.917,0.073
594500,0.010,0.973,0.017
595000,0.010,0.892,0.098
595500,0.010,0.948,0.042
596000,0.010,0.973,0.017
596500,0.010,0.964,0.026
597000,0.010,0.965,0.025
597500,0.010,0.948,0.042
598000,0.010,0.988,0.002
598500,0.010,0.957,0.033
599000,0.010,0.956,0.034
599500,0.010,0.990,0.000
600000,0.010,0.987,0.003
600500,0.010,0.990,0.000
601000,0.010,0.956,0.034
601500,0.010,0.978,0.012
602000,0.010,0.980,0.010
602500,0.010,0.985,0.005
603000,0.010,0.925,0.065
603500,0.010,0.967,0.023
604000,0.010,0.982,0.008
604500,0.010,0.869,0.121
605000,0.010,0.964,0.026
605500,0.010,0.987,0.003
606000,0.010,0.989,0.001
606500,0.010,0.960,0.030
607000,0.010,0.967,0.023
607500,0.010,0.988,0.002
608000,0.010,0.916,0.074
608500,0.010,0.903,0.087
609000,0.010,0.985,0.005
609500,0.010,0.922,0.068
610000,0.010,0.902,0.088
610500,0.010,0.946,0.044
611000,0.010,0.953,0.037
611500,0.010,0.962,0.028
612000,0.010,0.930,0.060
612500,0.010,0.913,0.077
613000,0.010,0.988,0.002
613500,0.010,0.989,0.001
614000,0.010,0.956,0.034
614500,0.010,0.898,0.092
615000,0.010,0.907,0.083
615500,0.010,0.985,0.005
616000,0.010,0.942,0.048
616500,0.010,0.957,0.033
617000,0.010,0.936,0.054
617500,0.010,0.990,0.000
618000,0.010,0.979,0.011
618500,0.010,0.912,0.078
619000,0.010,0.900,0.090
619500,0.010,0.973,0.017
620000,0.010,0.982,0.008
620500,0.010,0.977,0.013
621000,0.010,0.972,0.018
621500,0.010,0.990,0.000
622000,0.010,0.896,0.094
622500,0.010,0.973,0.017
623000,0.010,0.923,0.067
623500,0.010,0.957,0.033
624000,0.010,0.965,0.025
624500,0.010,0.961,0.029
625000,0.010,0.964,0.026
625500,0.010,0.938,0.052
626000,0.010,0.967,0.023
626500,0.010,0.953,0.037
627000,0.010,0.952,0.038
627500,0.010,0.950,0.040
628000,0.010,0.986,0.004
628500,0.010,0.987,0.003
629000,0.010,0.952,0.038
629500,0.010,0.990,0.000
630000,0.010,0.955,0.035
630500,0.010,0.977,0.013
631000,0.010,0.932,0.058
631500,0.010,0.987,0.003
632000,0.010,0.955,0.035
632500,0.010,0.966,0.024
633000,0.010,0.985,0.005
633500,0.010,0.974,0.016
634000,0.010,0.980,0.010
634500,0.010,0.958,0.032
635000,0.010,0.927,0.063
635500,0.010,0.956,0.034
636000,0.010,0.892,0.098
636500,0.010,0.896,0.094
637000,0.010,0.990,0.000
637500,0.010,0.969,0.021
638000,0.010,0.985,0.005
638500,0.010,0.969,0.021
639000,0.010,0.956,0.034
639500,0.010,0.957,0.033
640000,0.010,0.923,0.067
640500,0.010,0.984,0.006
641000,0.010,0.891,0.099
641500,0.010,0.939,0.051
642000,0.010,0.981,0.009
642500,0.010,0.950,0.040
643000,0.010,0.960,0.030
643500,0.010,0.986,0.004
644000,0.010,0.985,0.005
644500,0.010,0.950,0.040
645000,0.010,0.881,0.109
645500,0.010,0.942,0.048
646000,0.010,0.990,0.000
646500,0.010,0.964,0.026
647000,0.010,0.911,0.079
647500,0.010,0.926,0.064
648000,0.010,0.968,0.022
648500,0.010,0.933,0.057
649000,0.010,0.989,0.001
649500,0.010,0.979,0.011
650000,0.010,0.990,0.000
650500,0.010,0.990,0.000
651000,0.010,0.910,0.080
651500,0.010,0.987,0.003
652000,0.010,0.973,0.017
652500,0.010,0.990,0.000
653000,0.010,0.952,0.038
653500,0.010,0.909,0.081
654000,0.010,0.967,0.023
654500,0.010,0.973,0.017
655000,0.010,0.968,0.022
655500,0.010,0.937,0.053
656000,0.010,0.911,0.079
656500,0.010,0.911,0.079
657000,0.010,0.987,0.003
657500,0.010,0.977,0.013
658000,0.010,0.986,0.004
658500,0.010,0.928,0.062
659000,0.010,0.901,0.089
659500,0.010,0.920,0.070
660000,0.010,0.837,0.153
660500,0.010,0.981,0.009
661000,0.010,0.948,0.042
661500,0.010,0.976,0.014
662000,0.010,0.952,0.038
662500,0.010,0.952,0.038
663000,0.010,0.979,0.011
663500,0.010,0.981,0.009
664000,0.010,0.977,0.013
664500,0.010,0.945,0.045
665000,0.010,0.955,0.035
665500,0.010,0.981,0.009
666000,0.010,0.966,0.024
666500,0.010,0.988,0.002
667000,0.010,0.967,0.023
667500,0.010,0.945,0.045
668000,0.010,0.956,0.034
668500,0.010,0.945,0.045
669000,0.010,0.984,0.006
669500,0.010,0.966,0.024
670000,0.010,0.916,0.074
670500,0.010,0.963,0.027
671000,0.010,0.956,0.034
671500,0.010,0.969,0.021
672000,0.010,0.958,0.032
672500,0.010,0.974,0.016
673000,0.010,0.953,0.037
673500,0.010,0.983,0.007
674000,0.010,0.987,0.003
674500,0.010,0.978,0.012
675000,0.010,0.983,0.007
675500,0.010,0.930,0.060
676000,0.010,0.975,0.015
676500,0.010,0.949,0.041
677000,0.010,0.885,0.105
677500,0.010,0.948,0.042
678000,0.010,0.907,0.083
678500,0.010,0.909,0.081
679000,0.010,0.957,0.033
679500,0.010,0.986,0.004
680000,0.010,0.971,0.019
680500,0.010,0.971,0.019
681000,0.010,0.990,0.000
681500,0.010,0.859,0.131
682000,0.010,0.975,0.015
682500,0.010,0.928,0.062
683000,0.010,0.970,0.020
683500,0.010,0.855,0.135
684000,0.010,0.970,0.020
684500,0.010,0.966,0.024
685000,0.010,0.942,0.048
685500,0.010,0.936,0.054
686000,0.010,0.925,0.065
686500,0.010,0.918,0.072
687000,0.010,0.989,0.001
687500,0.010,0.955,0.035
688000,0.010,0.900,0.090
688500,0.010,0.963,0.027
689000,0.010,0.975,0.015
689500,0.010,0.989,0.001
690000,0.010,0.937,0.053
690500,0.010,0.945,0.045
691000,0.010,0.849,0.141
691500,0.010,0.977,0.013
692000,0.010,0.979,0.011
692500,0.010,0.972,0.018
693000,0.010,0.873,0.117
693500,0.010,0.966,0.024
694000,0.010,0.953,0.037
694500,0.010,0.957,0.033
695000,0.010,0.824,0.166
695500,0.010,0.963,0.027
696000,0.010,0.965,0.025
696500,0.010,0.951,0.039
697000,0.010,0.966,0.024
697500,0.010,0.982,0.008
698000,0.010,0.975,0.015
698500,0.010,0.930,0.060
699000,0.010,0.987,0.003
699500,0.010,0.888,0.102
700000,0.010,0.919,0.071
700500,0.010,0.954,0.036
701000,0.010,0.990,0.000
701500,0.010,0.927,0.063
702000,0.010,0.925,0.065
702500,0.010,0.959,0.031
703000,0.010,0.954,0.036
703500,0.010,0.990,0.000
704000,0.010,0.985,0.005
704500,0.010,0.956,0.034
705000,0.010,0.990,0.000
705500,0.010,0.986,0.004
706000,0.010,0.974,0.016
706500,0.010,0.962,0.028
707000,0.010,0.958,0.032
707500,0.010,0.963,0.027
708000,0.010,0.927,0.063
708500,0.010,0.972,0.018
709000,0.010,0.976,0.014
709500,0.010,0.941,0.049
710000,0.010,0.990,0.000
710500,0.010,0.990,0.000
711000,0.010,0.967,0.023
711500,0.010,0.987,0.003
712000,0.010,0.890,0.100
712500,0.010,0.922,0.068
713000,0.010,0.971,0.019
713500,0.010,0.949,0.041
714000,0.010,0.957,0.033
714500,0.010,0.934,0.056
715000,0.010,0.990,0.000
715500,0.010,0.930,0.060
716000,0.010,0.938,0.052
716500,0.010,0.987,0.003
717000,0.010,0.930,0.060
717500,0.010,0.969,0.021
718000,0.010,0.983,0.007
718500,0.010,0.973,0.017
719000,0.010,0.976,0.014
719500,0.010,0.939,0.051
720000,0.010,0.962,0.028
720500,0.010,0.953,0.037
721000,0.010,0.918,0.072
721500,0.010,0.929,0.061
722000,0.010,0.989,0.001
722500,0.010,0.936,0.054
723000,0.010,0.937,0.053
723500,0.010,0.959,0.031
724000,0.010,0.894,0.096
724500,0.010,0.983,0.007
725000,0.010,0.984,0.006
725500,0.010,0.895,0.095
726000,0.010,0.963,0.027
726500,0.010,0.959,0.031
727000,0.010,0.977,0.013
727500,0.010,0.974,0.016
728000,0.010,0.939,0.051
728500,0.010,0.904,0.086
729000,0.010,0.965,0.025
729500,0.010,0.955,0.035
730000,0.010,0.942,0.048
730500,0.010,0.981,0.009
731000,0.010,0.953,0.037
731500,0.010,0.949,0.041
732000,0.010,0.951,0.039
732500,0.010,0.965,0.025
733000,0.010,0.945,0.045
733500,0.010,0.908,0.082
734000,0.010,0.965,0.025
734500,0.010,0.960,0.030
735000,0.010,0.912,0.078
735500,0.010,0.966,0.024
736000,0.010,0.959,0.031
736500,0.010,0.990,0.000
737000,0.010,0.919,0.071
737500,0.010,0.885,0.105
738000,0.010,0.939,0.051
738500,0.010,0.986,0.004
739000,0.010,0.985,0.005
739500,0.010,0.987,0.003
740000,0.010,0.969,0.021
740500,0.010,0.984,0.006
741000,0.010,0.989,0.001
741500,0.010,0.955,0.035
742000,0.010,0.934,0.056
742500,0.010,0.937,0.053
743000,0.010,0.972,0.018
743500,0.010,0.945,0.045
744000,0.010,0.985,0.005
744500,0.010,0.990,0.000
745000,0.010,0.964,0.026
745500,0.010,0.939,0.051
746000,0.010,0.964,0.026
746500,0.010,0.972,0.018
747000,0.010,0.989,0.001
747500,0.010,0.976,0.014
748000,0.010,0.944,0.046
748500,0.010,0.959,0.031
749000,0.010,0.909,0.081
749500,0.010,0.944,0.046
750000,0.010,0.871,0.119
750500,0.010,0.983,0.007
751000,0.010,0.947,0.043
751500,0.010,0.956,0.034
752000,0.010,0.952,0.038
752500,0.010,0.952,0.038
753000,0.010,0.987,0.003
753500,0.010,0.942,0.048
754000,0.010,0.978,0.012
754500,0.010,0.987,0.003
755000,0.010,0.990,0.000
755500,0.010,0.984,0.006
756000,0.010,0.958,0.032
756500,0.010,0.915,0.075
757000,0.010,0.905,0.085
757500,0.010,0.951,0.039
758000,0.010,0.988,0.002
758500,0.010,0.955,0.035
759000,0.010,0.967,0.023
759500,0.010,0.967,0.023
760000,0.010,0.989,0.001
760500,0.010,0.990,0.000
761000,0.010,0.989,0.001
761500,0.010,0.946,0.044
762000,0.010,0.931,0.059
762500,0.010,0.990,0.000
763000,0.010,0.990,0.000
763500,0.010,0.905,0.085
764000,0.010,0.942,0.048
764500,0.010,0.876,0.114
765000,0.010,0.907,0.083
765500,0.010,0.943,0.047
766000,0.010,0.965,0.025
766500,0.010,0.953,0.037
767000,0.010,0.949,0.041
767500,0.010,0.946,0.044
768000,0.010,0.981,0.009
768500,0.010,0.983,0.007
769000,0.010,0.974,0.016
769500,0.010,0.984,0.006
770000,0.010,0.977,0.013
770500,0.010,0.960,0.030
771000,0.010,0.984,0.006
771500,0.010,0.989,0.001
772000,0.010,0.969,0.021
772500,0.010,0.988,0.002
773000,0.010,0.989,0.001
773500,0.010,0.890,0.100
774000,0.010,0.990,0.000
774500,0.010,0.971,0.019
775000,0.010,0.938,0.052
775500,0.010,0.861,0.129
776000,0.010,0.971,0.019
776500,0.010,0.969,0.021
777000,0.010,0.946,0.044
777500,0.010,0.990,0.000
778000,0.010,0.959,0.031
778500,0.010,0.985,0.005
779000,0.010,0.861,0.129
779500,0.010,0.983,0.007
780000,0.010,0.975,0.015
780500,0.010,0.971,0.019
781000,0.010,0.941,0.049
781500,0.010,0.918,0.072
782000,0.010,0.918,0.072
782500,0.010,0.975,0.015
783000,0.010,0.988,0.002
783500,0.010,0.989,0.001
784000,0.010,0.975,0.015
784500,0.010,0.969,0.021
785000,0.010,0.970,0.020
785500,0.010,0.959,0.031
786000,0.010,0.972,0.018
786500,0.010,0.981,0.009
787000,0.010,0.944,0.046
787500,0.010,0.942,0.048
788000,0.010,0.982,0.008
788500,0.010,0.980,0.010
789000,0.010,0.975,0.015
789500,0.010,0.987,0.003
790000,0.010,0.988,0.002
790500,0.010,0.936,0.054
791000,0.010,0.964,0.026
791500,0.010,0.980,0.010
792000,0.010,0.968,0.022
792500,0.010,0.975,0.015
793000,0.010,0.894,0.096
793500,0.010,0.840,0.150
794000,0.010,0.973,0.017
794500,0.010,0.868,0.122
795000,0.010,0.990,0.000
795500,0.010,0.971,0.019
796000,0.010,0.979,0.011
796500,0.010,0.985,0.005
797000,0.010,0.941,0.049
797500,0.010,0.895,0.095
798000,0.010,0.969,0.021
798500,0.010,0.874,0.116
799000,0.010,0.946,0.044
799500,0.010,0.930,0.060
800000,0.010,0.983,0.007
800500,0.010,0.870,0.120
801000,0.010,0.938,0.052
801500,0.010,0.984,0.006
802000,0.010,0.882,0.108
802500,0.010,0.985,0.005
803000,0.010,0.936,0.054
803500,0.010,0.952,0.038
804000,0.010,0.990,0.000
804500,0.010,0.888,0.102
805000,0.010,0.984,0.006
805500,0.010,0.951,0.039
806000,0.010,0.971,0.019
806500,0.010,0.972,0.018
807000,0.010,0.976,0.014
807500,0.010,0.973,0.017
808000,0.010,0.923,0.067
808500,0.010,0.945,0.045
809000,0.010,0.948,0.042
809500,0.010,0.961,0.029
810000,0.010,0.859,0.131
810500,0.010,0.887,0.103
811000,0.010,0.877,0.113
811500,0.010,0.990,0.000
812000,0.010,0.916,0.074
812500,0.010,0.986,0.004
813000,0.010,0.943,0.047
813500,0.010,0.938,0.052
814000,0.010,0.977,0.013
814500,0.010,0.984,0.006
815000,0.010,0.943,0.047
815500,0.010,0.977,0.013
816000,0.010,0.990,0.000
816500,0.010,0.955,0.035
817000,0.010,0.983,0.007
817500,0.010,0.983,0.007
818000,0.010,0.928,0.062
818500,0.010,0.853,0.137
819000,0.010,0.967,0.023
819500,0.010,0.936,0.054
820000,0.010,0.931,0.059
820500,0.010,0.929,0.061
821000,0.010,0.922,0.068
821500,0.010,0.964,0.026
822000,0.010,0.955,0.035
822500,0.010,0.917,0.073
823000,0.010,0.937,0.053
823500,0.010,0.978,0.012
824000,0.010,0.971,0.019
824500,0.010,0.971,0.019
825000,0.010,0.964,0.026
825500,0.010,0.990,0.000
826000,0.010,0.964,0.026
826500,0.010,0.981,0.009
827000,0.010,0.988,0.002
827500,0.010,0.979,0.011
828000,0.010,0.967,0.023
828500,0.010,0.955,0.035
829000,0.010,0.986,0.004
829500,0.010,0.957,0.033
830000,0.010,0.969,0.021
830500,0.010,0.963,0.027
831000,0.010,0.981,0.009
831500,0.010,0.963,0.027
832000,0.010,0.984,0.006
832500,0.010,0.905,0.085
833000,0.010,0.954,0.036
833500,0.010,0.990,0.000
834000,0.010,0.988,0.002
834500,0.010,0.930,0.060
835000,0.010,0.988,0.002
835500,0.010,0.974,0.016
836000,0.010,0.913,0.077
836500,0.010,0.952,0.038
837000,0.010,0.968,0.022
837500,0.010,0.964,0.026
838000,0.010,0.982,0.008
838500,0.010,0.971,0.019
839000,0.010,0.969,0.021
839500,0.010,0.969,0.021
840000,0.010,0.910,0.080
840500,0.010,0.935,0.055
841000,0.010,0.988,0.002
841500,0.010,0.956,0.034
842000,0.010,0.973,0.017
842500,0.010,0.915,0.075
843000,0.010,0.959,0.031
843500,0.010,0.988,0.002
844000,0.010,0.942,0.048
844500,0.010,0.970,0.020
845000,0.010,0.963,0.027
845500,0.010,0.973,0.017
846000,0.010,0.939,0.051
846500,0.010,0.981,0.009
847000,0.010,0.987,0.003
847500,0.010,0.981,0.009
848000,0.010,0.964,0.026
848500,0.010,0.990,0.000
849000,0.010,0.975,0.015
849500,0.010,0.963,0.027
850000,0.010,0.987,0.003
850500,0.010,0.947,0.043
851000,0.010,0.911,0.079
851500,0.010,0.964,0.026
852000,0.010,0.971,0.019
852500,0.010,0.980,0.010
853000,0.010,0.972,0.018
853500,0.010,0.937,0.053
854000,0.010,0.907,0.083
854500,0.010,0.895,0.095
855000,0.010,0.888,0.102
855500,0.010,0.959,0.031
856000,0.010,0.877,0.113
856500,0.010,0.946,0.044
857000,0.010,0.990,0.000
857500,0.010,0.970,0.020
858000,0.010,0.967,0.023
858500,0.010,0.969,0.021
859000,0.010,0.937,0.053
859500,0.010,0.971,0.019
860000,0.010,0.988,0.002
860500,0.010,0.962,0.028
861000,0.010,0.903,0.087
861500,0.010,0.988,0.002
862000,0.010,0.891,0.099
862500,0.010,0.982,0.008
863000,0.010,0.986,0.004
863500,0.010,0.980,0.010
864000,0.010,0.961,0.029
864500,0.010,0.962,0.028
865000,0.010,0.986,0.004
865500,0.010,0.945,0.045
866000,0.010,0.966,0.024
866500,0.010,0.984,0.006
867000,0.010,0.988,0.002
867500,0.010,0.948,0.042
868000,0.010,0.990,0.000
868500,0.010,0.983,0.007
869000,0.010,0.990,0.000
869500,0.010,0.986,0.004
870000,0.010,0.905,0.085
870500,0.010,0.945,0.045
871000,0.010,0.986,0.004
871500,0.010,0.903,0.087
872000,0.010,0.976,0.014
872500,0.010,0.966,0.024
873000,0.010,0.909,0.081
873500,0.010,0.899,0.091
874000,0.010,0.961,0.029
874500,0.010,0.947,0.043
875000,0.010,0.975,0.015
875500,0.010,0.973,0.017
876000,0.010,0.966,0.024
876500,0.010,0.965,0.025
877000,0.010,0.983,0.007
877500,0.010,0.990,0.000
878000,0.010,0.979,0.011
878500,0.010,0.880,0.110
879000,0.010,0.980,0.010
879500,0.010,0.947,0.043
880000,0.010,0.984,0.006
880500,0.010,0.949,0.041
881000,0.010,0.966,0.024
881500,0.010,0.943,0.047
882000,0.010,0.972,0.018
882500,0.010,0.984,0.006
883000,0.010,0.988,0.002
883500,0.010,0.988,0.002
884000,0.010,0.989,0.001
884500,0.010,0.965,0.025
885000,0.010,0.980,0.010
885500,0.010,0.975,0.015
886000,0.010,0.955,0.035
886500,0.010,0.974,0.016
887000,0.010,0.938,0.052
887500,0.010,0.985,0.005
888000,0.010,0.936,0.054
888500,0.010,0.967,0.023
889000,0.010,0.971,0.019
889500,0.010,0.960,0.030
890000,0.010,0.965,0.025
890500,0.010,0.982,0.008
891000,0.010,0.965,0.025
891500,0.010,0.946,0.044
892000,0.010,0.911,0.079
892500,0.010,0.957,0.033
893000,0.010,0.958,0.032
893500,0.010,0.981,0.009
894000,0.010,0.970,0.020
894500,0.010,0.970,0.020
895000,0.010,0.990,0.000
895500,0.010,0.930,0.060
896000,0.010,0.968,0.022
896500,0.010,0.985,0.005
897000,0.010,0.941,0.049
897500,0.010,0.889,0.101
898000,0.010,0.886,0.104
898500,0.010,0.960,0.030
899000,0.010,0.950,0.040
899500,0.010,0.861,0.129
900000,0.010,0.990,0.000
900500,0.010,0.990,0.000
901000,0.010,0.979,0.011
901500,0.010,0.930,0.060
902000,0.010,0.972,0.018
902500,0.010,0.908,0.082
903000,0.010,0.968,0.022
903500,0.010,0.897,0.093
904000,0.010,0.987,0.003
904500,0.010,0.957,0.033
905000,0.010,0.962,0.028
905500,0.010,0.977,0.013
906000,0.010,0.971,0.019
906500,0.010,0.990,0.000
907000,0.010,0.956,0.034
907500,0.010,0.976,0.014
908000,0.010,0.985,0.005
908500,0.010,0.893,0.097
909000,0.010,0.971,0.019
909500,0.010,0.946,0.044
910000,0.010,0.936,0.054
910500,0.010,0.948,0.042
911000,0.010,0.968,0.022
911500,0.010,0.909,0.081
912000,0.010,0.978,0.012
912500,0.010,0.981,0.009
913000,0.010,0.988,0.002
913500,0.010,0.958,0.032
914000,0.010,0.966,0.024
914500,0.010,0.910,0.080
915000,0.010,0.968,0.022
915500,0.010,0.946,0.044
916000,0.010,0.971,0.019
916500,0.010,0.873,0.117
917000,0.010,0.966,0.024
917500,0.010,0.990,0.000
918000,0.010,0.938,0.052
918500,0.010,0.975,0.015
919000,0.010,0.929,0.061
919500,0.010,0.978,0.012
920000,0.010,0.965,0.025
920500,0.010,0.939,0.051
921000,0.010,0.969,0.021
921500,0.010,0.967,0.023
922000,0.010,0.966,0.024
922500,0.010,0.982,0.008
923000,0.010,0.897,0.093
923500,0.010,0.984,0.006
924000,0.010,0.975,0.015
924500,0.010,0.939,0.051
925000,0.010,0.977,0.013
925500,0.010,0.901,0.089
926000,0.010,0.886,0.104
926500,0.010,0.891,0.099
927000,0.010,0.965,0.025
927500,0.010,0.943,0.047
928000,0.010,0.970,0.020
928500,0.010,0.987,0.003
929000,0.010,0.939,0.051
929500,0.010,0.980,0.010
930000,0.010,0.976,0.014
930500,0.010,0.968,0.022
931000,0.010,0.968,0.022
931500,0.010,0.985,0.005
932000,0.010,0.935,0.055
932500,0.010,0.930,0.060
933000,0.010,0.990,0.000
933500,0.010,0.817,0.173
934000,0.010,0.961,0.029
934500,0.010,0.969,0.021
935000,0.010,0.954,0.036
935500,0.010,0.937,0.053
936000,0.010,0.990,0.000
936500,0.010,0.960,0.030
937000,0.010,0.958,0.032
937500,0.010,0.949,0.041
938000,0.010,0.952,0.038
938500,0.010,0.976,0.014
939000,0.010,0.966,0.024
939500,0.010,0.964,0.026
940000,0.010,0.955,0.035
940500,0.010,0.984,0.006
941000,0.010,0.980,0.010
941500,0.010,0.911,0.079
942000,0.010,0.981,0.009
942500,0.010,0.911,0.079
943000,0.010,0.969,0.021
943500,0.010,0.979,0.011
944000,0.010,0.985,0.005
944500,0.010,0.899,0.091
945000,0.010,0.942,0.048
945500,0.010,0.930,0.060
946000,0.010,0.972,0.018
946500,0.010,0.949,0.041
947000,0.010,0.990,0.000
947500,0.010,0.937,0.053
948000,0.010,0.979,0.011
948500,0.010,0.966,0.024
949000,0.010,0.965,0.025
949500,0.010,0.878,0.112
950000,0.010,0.989,0.001
950500,0.010,0.951,0.039
951000,0.010,0.968,0.022
951500,0.010,0.985,0.005
952000,0.010,0.983,0.007
952500,0.010,0.886,0.104
953000,0.010,0.970,0.020
953500,0.010,0.988,0.002
954000,0.010,0.964,0.026
954500,0.010,0.985,0.005
955000,0.010,0.968,0.022
955500,0.010,0.926,0.064
956000,0.010,0.938,0.052
956500,0.010,0.988,0.002
957000,0.010,0.924,0.066
957500,0.010,0.988,0.002
958000,0.010,0.933,0.057
958500,0.010,0.941,0.049
959000,0.010,0.952,0.038
959500,0.010,0.951,0.039
960000,0.010,0.972,0.018
960500,0.010,0.920,0.070
961000,0.010,0.976,0.014
961500,0.010,0.949,0.041
962000,0.010,0.975,0.015
962500,0.010,0.966,0.024
963000,0.010,0.951,0.039
963500,0.010,0.898,0.092
964000,0.010,0.977,0.013
964500,0.010,0.950,0.040
965000,0.010,0.954,0.036
965500,0.010,0.942,0.048
966000,0.010,0.943,0.047
966500,0.010,0.987,0.003
967000,0.010,0.974,0.016
967500,0.010,0.985,0.005
968000,0.010,0.985,0.005
968500,0.010,0.976,0.014
969000,0.010,0.918,0.072
969500,0.010,0.988,0.002
970000,0.010,0.853,0.137
970500,0.010,0.984,0.006
971000,0.010,0.934,0.056
971500,0.010,0.908,0.082
972000,0.010,0.871,0.119
972500,0.010,0.925,0.065
973000,0.010,0.984,0.006
973500,0.010,0.989,0.001
974000,0.010,0.937,0.053
974500,0.010,0.891,0.099
975000,0.010,0.984,0.006
975500,0.010,0.903,0.087
976000,0.010,0.984,0.006
976500,0.010,0.931,0.059
977000,0.010,0.971,0.019
977500,0.010,0.947,0.043
978000,0.010,0.953,0.037
978500,0.010,0.977,0.013
979000,0.010,0.949,0.041
979500,0.010,0.958,0.032
980000,0.010,0.967,0.023
980500,0.010,0.963,0.027
981000,0.010,0.927,0.063
981500,0.010,0.977,0.013
982000,0.010,0.956,0.034
982500,0.010,0.969,0.021
983000,0.010,0.976,0.014
983500,0.010,0.924,0.066
984000,0.010,0.973,0.017
984500,0.010,0.923,0.067
985000,0.010,0.965,0.025
985500,0.010,0.989,0.001
986000,0.010,0.990,0.000
986500,0.010,0.985,0.005
987000,0.010,0.945,0.045
987500,0.010,0.948,0.042
988000,0.010,0.989,0.001
988500,0.010,0.964,0.026
989000,0.010,0.975,0.015
989500,0.010,0.939,0.051
990000,0.010,0.990,0.000
990500,0.010,0.799,0.191
991000,0.010,0.925,0.065
991500,0.010,0.975,0.015
992000,0.010,0.960,0.030
992500,0.010,0.976,0.014
993000,0.010,0.981,0.009
993500,0.010,0.986,0.004
994000,0.010,0.908,0.082
994500,0.010,0.966,0.024
995000,0.010,0.984,0.006
995500,0.010,0.972,0.018
996000,0.010,0.969,0.021
996500,0.010,0.900,0.090
997000,0.010,0.904,0.086
997500,0.010,0.987,0.003
998000,0.010,0.990,0.000
998500,0.010,0.966,0.024
999000,0.010,0.933,0.057
999500,0.010,0.961,0.029
1000000,0.010,0.937,0.053
