time,n_A+p,n_B,n_AB
500,0.050,0.851,0.099
1000,0.050,0.713,0.237
1500,0.050,0.667,0.283
2000,0.052,0.621,0.327
2500,0.050,0.516,0.434
3000,0.052,0.495,0.453
3500,0.063,0.457,0.480
4000,0.062,0.421,0.517
4500,0.067,0.413,0.520
5000,0.067,0.353,0.580
5500,0.100,0.328,0.572
6000,0.132,0.285,0.583
6500,0.087,0.337,0.576
7000,0.112,0.301,0.587
7500,0.120,0.262,0.618
8000,0.113,0.254,0.633
8500,0.129,0.252,0.619
9000,0.148,0.207,0.645
9500,0.168,0.196,0.636
10000,0.162,0.198,0.640
10500,0.161,0.208,0.631
11000,0.198,0.138,0.664
11500,0.234,0.156,0.610
12000,0.294,0.101,0.605
12500,0.379,0.049,0.572
13000,0.508,0.022,0.470
13500,0.617,0.002,0.381
14000,0.691,0.000,0.309
14500,0.740,0.000,0.260
15000,0.790,0.000,0.210
15500,0.799,0.000,0.201
16000,0.789,0.000,0.211
16500,0.810,0.000,0.190
17000,0.865,0.000,0.135
17500,0.836,0.000,0.164
18000,0.870,0.000,0.130
18500,0.902,0.000,0.098
19000,0.954,0.000,0.046
19500,0.970,0.000,0.030
20000,0.992,0.000,0.008
20500,0.995,0.000,0.005
21000,0.988,0.000,0.012
21500,0.995,0.000,0.005
22000,0.999,0.000,0.001
22500,1.000,0.000,0.000
