time,n_A+p,n_B,n_AB
100,0.410,0.521,0.069
200,0.393,0.491,0.115
300,0.383,0.483,0.134
400,0.372,0.450,0.178
500,0.386,0.421,0.193
600,0.379,0.409,0.212
700,0.360,0.399,0.241
800,0.346,0.392,0.261
900,0.346,0.387,0.267
1000,0.340,0.388,0.272
1100,0.342,0.385,0.273
1200,0.325,0.383,0.292
1300,0.321,0.376,0.303
1400,0.305,0.370,0.325
1500,0.305,0.366,0.329
1600,0.297,0.363,0.340
1700,0.284,0.358,0.359
1800,0.286,0.358,0.356
1900,0.285,0.355,0.360
2000,0.288,0.344,0.368
2100,0.293,0.339,0.368
2200,0.288,0.336,0.376
2300,0.292,0.331,0.377
2400,0.280,0.339,0.381
2500,0.271,0.333,0.396
2600,0.278,0.327,0.395
2700,0.281,0.322,0.397
2800,0.280,0.320,0.400
2900,0.282,0.321,0.397
3000,0.275,0.328,0.397
3100,0.277,0.330,0.393
3200,0.291,0.341,0.368
3300,0.275,0.336,0.389
3400,0.267,0.325,0.409
3500,0.273,0.329,0.398
3600,0.272,0.343,0.385
3700,0.267,0.342,0.391
3800,0.254,0.352,0.393
3900,0.252,0.345,0.402
4000,0.251,0.342,0.407
4100,0.252,0.340,0.408
4200,0.260,0.335,0.404
4300,0.255,0.337,0.408
4400,0.253,0.335,0.412
4500,0.249,0.344,0.407
4600,0.241,0.340,0.419
4700,0.234,0.333,0.433
4800,0.236,0.333,0.431
4900,0.226,0.319,0.456
5000,0.223,0.328,0.449
5100,0.221,0.324,0.456
5200,0.229,0.321,0.450
5300,0.241,0.322,0.437
5400,0.241,0.325,0.434
5500,0.238,0.324,0.438
5600,0.241,0.324,0.435
5700,0.244,0.329,0.427
5800,0.245,0.328,0.427
5900,0.261,0.329,0.410
6000,0.256,0.319,0.425
6100,0.260,0.306,0.433
6200,0.256,0.306,0.437
6300,0.249,0.306,0.444
6400,0.247,0.303,0.449
6500,0.257,0.322,0.421
6600,0.254,0.322,0.424
6700,0.254,0.314,0.432
6800,0.251,0.312,0.437
6900,0.253,0.323,0.424
7000,0.257,0.318,0.425
7100,0.253,0.313,0.434
7200,0.255,0.317,0.428
7300,0.249,0.319,0.432
7400,0.255,0.316,0.429
7500,0.251,0.312,0.437
7600,0.256,0.305,0.438
7700,0.253,0.299,0.447
7800,0.264,0.302,0.434
7900,0.258,0.291,0.450
8000,0.258,0.291,0.450
8100,0.260,0.284,0.456
8200,0.259,0.294,0.446
8300,0.250,0.285,0.465
8400,0.251,0.293,0.456
8500,0.252,0.286,0.462
8600,0.260,0.280,0.460
8700,0.248,0.286,0.466
8800,0.248,0.296,0.456
8900,0.258,0.306,0.435
9000,0.257,0.302,0.440
9100,0.255,0.303,0.441
9200,0.252,0.298,0.449
9300,0.246,0.297,0.457
9400,0.238,0.300,0.462
9500,0.237,0.308,0.455
9600,0.239,0.287,0.474
9700,0.239,0.291,0.470
9800,0.226,0.287,0.487
9900,0.230,0.289,0.481
10000,0.223,0.291,0.486
10100,0.218,0.284,0.498
10200,0.213,0.267,0.520
10300,0.204,0.284,0.512
10400,0.205,0.280,0.515
10500,0.219,0.287,0.494
10600,0.222,0.296,0.482
10700,0.221,0.297,0.482
10800,0.231,0.278,0.491
10900,0.237,0.274,0.489
11000,0.231,0.275,0.494
11100,0.228,0.276,0.496
11200,0.227,0.280,0.493
11300,0.218,0.284,0.498
11400,0.211,0.280,0.509
11500,0.217,0.282,0.502
11600,0.226,0.276,0.498
11700,0.218,0.276,0.507
11800,0.225,0.277,0.498
11900,0.224,0.280,0.496
12000,0.236,0.273,0.491
12100,0.225,0.275,0.501
12200,0.231,0.298,0.471
12300,0.229,0.297,0.474
12400,0.227,0.287,0.486
12500,0.228,0.291,0.481
12600,0.238,0.304,0.458
12700,0.237,0.301,0.462
12800,0.231,0.304,0.465
12900,0.223,0.302,0.475
13000,0.222,0.287,0.491
13100,0.227,0.298,0.475
13200,0.229,0.318,0.454
13300,0.225,0.312,0.464
13400,0.223,0.321,0.457
13500,0.213,0.316,0.471
13600,0.216,0.299,0.485
13700,0.219,0.311,0.471
13800,0.217,0.305,0.478
13900,0.217,0.299,0.484
14000,0.211,0.313,0.476
14100,0.209,0.313,0.478
14200,0.210,0.312,0.478
14300,0.217,0.316,0.468
14400,0.207,0.307,0.485
14500,0.222,0.305,0.473
14600,0.224,0.302,0.474
14700,0.217,0.298,0.485
14800,0.218,0.305,0.477
14900,0.211,0.299,0.489
15000,0.211,0.293,0.495
15100,0.217,0.289,0.494
15200,0.234,0.292,0.474
15300,0.233,0.286,0.481
15400,0.228,0.287,0.485
15500,0.226,0.281,0.493
15600,0.221,0.285,0.494
15700,0.231,0.288,0.481
15800,0.230,0.285,0.485
15900,0.226,0.279,0.495
16000,0.230,0.291,0.479
16100,0.224,0.285,0.491
16200,0.223,0.289,0.488
16300,0.219,0.291,0.490
16400,0.223,0.276,0.502
16500,0.237,0.279,0.484
16600,0.234,0.278,0.488
16700,0.244,0.277,0.479
16800,0.251,0.265,0.484
16900,0.253,0.265,0.482
17000,0.256,0.263,0.481
17100,0.258,0.261,0.480
17200,0.261,0.264,0.475
17300,0.267,0.263,0.471
17400,0.257,0.261,0.481
17500,0.251,0.257,0.491
17600,0.265,0.263,0.473
17700,0.265,0.258,0.477
17800,0.252,0.257,0.490
17900,0.253,0.249,0.497
18000,0.256,0.248,0.495
18100,0.257,0.257,0.485
18200,0.251,0.258,0.490
18300,0.253,0.253,0.493
18400,0.247,0.249,0.504
18500,0.240,0.257,0.503
18600,0.233,0.257,0.510
18700,0.235,0.260,0.505
18800,0.242,0.259,0.498
18900,0.238,0.265,0.497
19000,0.244,0.263,0.493
19100,0.247,0.253,0.499
19200,0.251,0.254,0.494
19300,0.253,0.254,0.492
19400,0.252,0.257,0.490
19500,0.246,0.249,0.505
19600,0.233,0.250,0.517
19700,0.232,0.244,0.524
19800,0.235,0.237,0.528
19900,0.239,0.241,0.520
20000,0.243,0.237,0.520
20100,0.237,0.230,0.533
20200,0.236,0.230,0.534
20300,0.227,0.228,0.545
20400,0.232,0.234,0.534
20500,0.241,0.231,0.528
20600,0.233,0.229,0.538
20700,0.244,0.225,0.531
20800,0.246,0.236,0.518
20900,0.250,0.239,0.511
21000,0.249,0.241,0.510
21100,0.238,0.240,0.522
21200,0.238,0.239,0.523
21300,0.235,0.241,0.524
21400,0.235,0.242,0.523
21500,0.240,0.249,0.511
21600,0.230,0.258,0.512
21700,0.225,0.254,0.521
21800,0.229,0.267,0.505
21900,0.226,0.270,0.505
22000,0.223,0.265,0.513
22100,0.229,0.264,0.508
22200,0.227,0.267,0.507
22300,0.224,0.271,0.506
22400,0.233,0.272,0.495
22500,0.244,0.266,0.490
22600,0.248,0.263,0.489
22700,0.251,0.257,0.491
22800,0.257,0.254,0.488
22900,0.254,0.258,0.487
23000,0.253,0.261,0.485
23100,0.253,0.255,0.491
23200,0.253,0.248,0.498
23300,0.257,0.246,0.496
23400,0.245,0.244,0.511
23500,0.246,0.264,0.490
23600,0.244,0.254,0.502
23700,0.231,0.256,0.513
23800,0.231,0.249,0.520
23900,0.227,0.254,0.519
24000,0.217,0.263,0.521
24100,0.210,0.270,0.520
24200,0.211,0.272,0.517
24300,0.217,0.272,0.512
24400,0.226,0.260,0.514
24500,0.231,0.269,0.501
24600,0.231,0.275,0.494
24700,0.240,0.274,0.486
24800,0.226,0.268,0.507
24900,0.217,0.261,0.522
25000,0.212,0.259,0.528
25100,0.204,0.263,0.533
25200,0.199,0.268,0.533
25300,0.205,0.292,0.503
25400,0.206,0.291,0.503
25500,0.200,0.301,0.498
25600,0.200,0.305,0.494
25700,0.201,0.303,0.495
25800,0.208,0.301,0.490
25900,0.211,0.302,0.486
26000,0.202,0.291,0.507
26100,0.200,0.290,0.510
26200,0.205,0.288,0.507
26300,0.199,0.288,0.513
26400,0.202,0.296,0.502
26500,0.199,0.294,0.507
26600,0.201,0.293,0.506
26700,0.192,0.292,0.516
26800,0.186,0.291,0.523
26900,0.188,0.293,0.519
27000,0.185,0.297,0.518
27100,0.177,0.318,0.506
27200,0.177,0.317,0.507
27300,0.175,0.318,0.508
27400,0.175,0.327,0.498
27500,0.173,0.329,0.498
27600,0.172,0.327,0.502
27700,0.180,0.314,0.507
27800,0.182,0.307,0.511
27900,0.188,0.303,0.509
28000,0.188,0.292,0.520
28100,0.183,0.306,0.511
28200,0.182,0.329,0.489
28300,0.183,0.338,0.479
28400,0.178,0.332,0.490
28500,0.174,0.324,0.503
28600,0.165,0.331,0.504
28700,0.171,0.334,0.495
28800,0.165,0.333,0.502
28900,0.168,0.336,0.496
29000,0.175,0.340,0.485
29100,0.171,0.327,0.503
29200,0.172,0.325,0.504
29300,0.166,0.323,0.511
29400,0.166,0.327,0.507
29500,0.164,0.322,0.514
29600,0.161,0.326,0.513
29700,0.162,0.322,0.516
29800,0.163,0.321,0.516
29900,0.170,0.313,0.518
30000,0.162,0.314,0.524
30100,0.163,0.308,0.528
30200,0.171,0.299,0.530
30300,0.164,0.301,0.534
30400,0.168,0.289,0.543
30500,0.169,0.300,0.531
30600,0.182,0.289,0.529
30700,0.182,0.293,0.525
30800,0.192,0.299,0.509
30900,0.191,0.282,0.527
31000,0.180,0.291,0.529
31100,0.188,0.283,0.529
31200,0.195,0.272,0.533
31300,0.192,0.293,0.515
31400,0.197,0.292,0.511
31500,0.200,0.282,0.518
31600,0.206,0.279,0.515
31700,0.209,0.276,0.515
31800,0.211,0.273,0.516
31900,0.211,0.282,0.507
32000,0.206,0.286,0.508
32100,0.203,0.289,0.508
32200,0.197,0.286,0.517
32300,0.207,0.288,0.505
32400,0.207,0.274,0.519
32500,0.200,0.270,0.530
32600,0.207,0.276,0.517
32700,0.206,0.279,0.515
32800,0.206,0.268,0.526
32900,0.208,0.265,0.527
33000,0.206,0.273,0.521
33100,0.208,0.272,0.520
33200,0.204,0.273,0.523
33300,0.186,0.276,0.538
33400,0.194,0.277,0.529
33500,0.190,0.279,0.531
33600,0.183,0.286,0.531
33700,0.185,0.288,0.527
33800,0.182,0.288,0.530
33900,0.177,0.300,0.523
34000,0.172,0.301,0.527
34100,0.169,0.298,0.533
34200,0.165,0.294,0.540
34300,0.170,0.281,0.550
34400,0.166,0.306,0.527
34500,0.165,0.317,0.518
34600,0.164,0.309,0.526
34700,0.155,0.296,0.549
34800,0.160,0.295,0.544
34900,0.160,0.291,0.549
35000,0.174,0.288,0.538
35100,0.171,0.297,0.532
35200,0.164,0.280,0.556
35300,0.170,0.288,0.542
35400,0.166,0.280,0.554
35500,0.170,0.275,0.556
35600,0.170,0.290,0.540
35700,0.168,0.295,0.537
35800,0.170,0.292,0.538
35900,0.182,0.290,0.528
36000,0.172,0.289,0.539
36100,0.176,0.287,0.537
36200,0.172,0.300,0.528
36300,0.173,0.304,0.523
36400,0.175,0.306,0.519
36500,0.173,0.294,0.533
36600,0.171,0.280,0.550
36700,0.169,0.280,0.552
36800,0.178,0.283,0.539
36900,0.180,0.291,0.529
37000,0.179,0.293,0.528
37100,0.188,0.292,0.520
37200,0.175,0.298,0.527
37300,0.172,0.288,0.540
37400,0.181,0.285,0.534
37500,0.169,0.287,0.544
37600,0.178,0.280,0.542
37700,0.174,0.275,0.552
37800,0.174,0.285,0.541
37900,0.169,0.288,0.543
38000,0.172,0.296,0.532
38100,0.172,0.290,0.538
38200,0.178,0.297,0.525
38300,0.174,0.304,0.522
38400,0.179,0.301,0.520
38500,0.175,0.299,0.526
38600,0.188,0.282,0.530
38700,0.189,0.280,0.531
38800,0.187,0.277,0.536
38900,0.193,0.269,0.538
39000,0.192,0.259,0.549
39100,0.208,0.259,0.532
39200,0.213,0.266,0.521
39300,0.211,0.270,0.519
39400,0.223,0.267,0.511
39500,0.223,0.258,0.519
39600,0.231,0.247,0.522
39700,0.230,0.256,0.514
39800,0.236,0.236,0.528
39900,0.237,0.250,0.513
40000,0.234,0.254,0.512
40100,0.234,0.254,0.512
40200,0.236,0.256,0.508
40300,0.222,0.258,0.520
40400,0.223,0.252,0.525
40500,0.231,0.251,0.518
40600,0.234,0.248,0.518
40700,0.232,0.244,0.524
40800,0.228,0.239,0.533
40900,0.228,0.236,0.536
41000,0.237,0.233,0.530
41100,0.241,0.232,0.527
41200,0.242,0.226,0.532
41300,0.241,0.232,0.527
41400,0.236,0.228,0.536
41500,0.243,0.225,0.532
41600,0.235,0.222,0.543
41700,0.232,0.216,0.553
41800,0.234,0.219,0.547
41900,0.238,0.239,0.523
42000,0.249,0.235,0.516
42100,0.246,0.243,0.511
42200,0.232,0.234,0.534
42300,0.245,0.236,0.519
42400,0.238,0.232,0.530
42500,0.227,0.237,0.536
42600,0.229,0.243,0.528
42700,0.223,0.246,0.531
42800,0.241,0.243,0.516
42900,0.248,0.247,0.505
43000,0.249,0.260,0.490
43100,0.249,0.255,0.495
43200,0.238,0.251,0.511
43300,0.230,0.245,0.525
43400,0.236,0.250,0.514
43500,0.231,0.250,0.519
43600,0.235,0.249,0.516
43700,0.234,0.257,0.509
43800,0.234,0.258,0.508
43900,0.238,0.251,0.511
44000,0.237,0.254,0.509
44100,0.241,0.261,0.497
44200,0.242,0.264,0.494
44300,0.243,0.258,0.498
44400,0.246,0.252,0.502
44500,0.243,0.261,0.495
44600,0.240,0.268,0.492
44700,0.237,0.268,0.495
44800,0.238,0.261,0.501
44900,0.222,0.266,0.513
45000,0.234,0.260,0.506
45100,0.239,0.248,0.513
45200,0.229,0.234,0.537
45300,0.224,0.229,0.547
45400,0.238,0.232,0.530
45500,0.235,0.234,0.531
45600,0.238,0.233,0.529
45700,0.226,0.236,0.538
45800,0.233,0.245,0.522
45900,0.231,0.242,0.527
46000,0.243,0.235,0.522
46100,0.244,0.229,0.527
46200,0.242,0.229,0.529
46300,0.241,0.228,0.531
46400,0.244,0.225,0.531
46500,0.238,0.229,0.533
46600,0.241,0.240,0.519
46700,0.227,0.246,0.527
46800,0.225,0.238,0.537
46900,0.226,0.244,0.530
47000,0.228,0.237,0.535
47100,0.236,0.234,0.530
47200,0.220,0.231,0.550
47300,0.210,0.241,0.549
47400,0.222,0.239,0.539
47500,0.222,0.235,0.543
47600,0.221,0.234,0.545
47700,0.221,0.229,0.551
47800,0.213,0.243,0.543
47900,0.220,0.251,0.529
48000,0.218,0.244,0.538
48100,0.204,0.252,0.543
48200,0.206,0.257,0.536
48300,0.206,0.254,0.539
48400,0.203,0.235,0.562
48500,0.205,0.229,0.566
48600,0.205,0.230,0.565
48700,0.196,0.226,0.578
48800,0.193,0.221,0.586
48900,0.203,0.226,0.571
49000,0.211,0.232,0.557
49100,0.209,0.228,0.563
49200,0.215,0.232,0.554
49300,0.211,0.212,0.576
49400,0.216,0.215,0.570
49500,0.212,0.223,0.565
49600,0.209,0.233,0.558
49700,0.204,0.239,0.557
49800,0.202,0.238,0.560
49900,0.207,0.244,0.549
50000,0.210,0.238,0.552
50100,0.204,0.231,0.565
50200,0.210,0.218,0.572
50300,0.221,0.219,0.561
50400,0.210,0.227,0.563
50500,0.217,0.232,0.552
50600,0.208,0.225,0.567
50700,0.208,0.233,0.559
50800,0.207,0.232,0.561
50900,0.216,0.232,0.553
51000,0.212,0.232,0.556
51100,0.215,0.224,0.562
51200,0.216,0.225,0.560
51300,0.222,0.211,0.567
51400,0.229,0.225,0.546
51500,0.228,0.225,0.547
51600,0.230,0.222,0.549
51700,0.228,0.224,0.549
51800,0.224,0.226,0.551
51900,0.224,0.230,0.546
52000,0.233,0.235,0.532
52100,0.223,0.232,0.545
52200,0.220,0.231,0.550
52300,0.227,0.230,0.543
52400,0.232,0.223,0.545
52500,0.228,0.213,0.559
52600,0.231,0.222,0.547
52700,0.225,0.230,0.545
52800,0.223,0.233,0.544
52900,0.208,0.227,0.565
53000,0.209,0.231,0.560
53100,0.211,0.225,0.564
53200,0.220,0.229,0.552
53300,0.218,0.226,0.557
53400,0.207,0.221,0.572
53500,0.205,0.219,0.576
53600,0.194,0.212,0.593
53700,0.200,0.208,0.591
53800,0.201,0.220,0.579
53900,0.217,0.230,0.554
54000,0.223,0.228,0.550
54100,0.226,0.226,0.549
54200,0.225,0.229,0.546
54300,0.227,0.228,0.545
54400,0.230,0.226,0.544
54500,0.223,0.216,0.562
54600,0.218,0.227,0.556
54700,0.213,0.227,0.560
54800,0.207,0.225,0.568
54900,0.205,0.233,0.562
55000,0.215,0.239,0.546
55100,0.215,0.249,0.536
55200,0.211,0.255,0.533
55300,0.202,0.245,0.553
55400,0.201,0.237,0.562
55500,0.203,0.236,0.561
55600,0.218,0.234,0.549
55700,0.213,0.236,0.551
55800,0.202,0.238,0.560
55900,0.200,0.242,0.558
56000,0.195,0.241,0.564
56100,0.196,0.243,0.561
56200,0.209,0.253,0.537
56300,0.190,0.252,0.558
56400,0.197,0.254,0.549
56500,0.194,0.264,0.542
56600,0.196,0.244,0.560
56700,0.195,0.247,0.558
56800,0.194,0.243,0.563
56900,0.196,0.246,0.558
57000,0.204,0.246,0.550
57100,0.199,0.242,0.559
57200,0.194,0.249,0.557
57300,0.190,0.245,0.565
57400,0.192,0.242,0.566
57500,0.188,0.252,0.560
57600,0.198,0.245,0.557
57700,0.198,0.229,0.573
57800,0.204,0.242,0.554
57900,0.194,0.239,0.567
58000,0.194,0.240,0.566
58100,0.193,0.243,0.564
58200,0.187,0.243,0.570
58300,0.182,0.247,0.571
58400,0.183,0.250,0.567
58500,0.187,0.248,0.565
58600,0.189,0.244,0.567
58700,0.170,0.243,0.587
58800,0.177,0.254,0.569
58900,0.174,0.267,0.560
59000,0.171,0.266,0.564
59100,0.171,0.272,0.558
59200,0.173,0.268,0.560
59300,0.183,0.268,0.550
59400,0.178,0.271,0.552
59500,0.178,0.272,0.551
59600,0.179,0.271,0.551
59700,0.168,0.269,0.564
59800,0.172,0.269,0.560
59900,0.173,0.269,0.559
60000,0.164,0.276,0.560
60100,0.166,0.272,0.562
60200,0.173,0.275,0.553
60300,0.184,0.270,0.546
60400,0.183,0.270,0.547
60500,0.184,0.274,0.542
60600,0.186,0.276,0.538
60700,0.184,0.282,0.534
60800,0.194,0.276,0.530
60900,0.197,0.269,0.534
61000,0.200,0.255,0.544
61100,0.201,0.242,0.557
61200,0.201,0.240,0.559
61300,0.203,0.240,0.557
61400,0.205,0.240,0.555
61500,0.199,0.247,0.554
61600,0.206,0.258,0.535
61700,0.203,0.252,0.544
61800,0.207,0.250,0.542
61900,0.203,0.241,0.556
62000,0.197,0.239,0.564
62100,0.202,0.247,0.551
62200,0.204,0.241,0.555
62300,0.199,0.246,0.555
62400,0.203,0.248,0.549
62500,0.203,0.255,0.541
62600,0.206,0.258,0.535
62700,0.194,0.242,0.564
62800,0.210,0.233,0.557
62900,0.204,0.242,0.554
63000,0.197,0.235,0.568
63100,0.193,0.226,0.581
63200,0.203,0.237,0.560
63300,0.200,0.235,0.565
63400,0.192,0.234,0.574
63500,0.201,0.233,0.566
63600,0.210,0.231,0.559
63700,0.212,0.239,0.549
63800,0.208,0.239,0.553
63900,0.211,0.256,0.532
64000,0.217,0.249,0.534
64100,0.217,0.249,0.534
64200,0.218,0.252,0.530
64300,0.210,0.252,0.537
64400,0.211,0.254,0.534
64500,0.208,0.257,0.534
64600,0.205,0.244,0.551
64700,0.202,0.243,0.555
64800,0.199,0.244,0.557
64900,0.196,0.247,0.557
65000,0.194,0.237,0.569
65100,0.187,0.226,0.587
65200,0.185,0.234,0.581
65300,0.191,0.235,0.574
65400,0.185,0.241,0.574
65500,0.196,0.236,0.568
65600,0.187,0.240,0.573
65700,0.175,0.246,0.579
65800,0.179,0.247,0.574
65900,0.185,0.256,0.559
66000,0.185,0.253,0.562
66100,0.183,0.254,0.563
66200,0.193,0.248,0.559
66300,0.195,0.242,0.563
66400,0.204,0.228,0.568
66500,0.207,0.229,0.564
66600,0.202,0.241,0.557
66700,0.194,0.240,0.566
66800,0.193,0.236,0.571
66900,0.189,0.247,0.564
67000,0.188,0.245,0.567
67100,0.181,0.240,0.579
67200,0.184,0.251,0.565
67300,0.186,0.241,0.573
67400,0.199,0.245,0.556
67500,0.197,0.237,0.566
67600,0.200,0.236,0.564
67700,0.202,0.245,0.553
67800,0.202,0.255,0.542
67900,0.198,0.254,0.547
68000,0.196,0.257,0.546
68100,0.204,0.258,0.537
68200,0.203,0.248,0.549
68300,0.201,0.243,0.556
68400,0.198,0.246,0.556
68500,0.197,0.240,0.563
68600,0.212,0.238,0.550
68700,0.211,0.258,0.530
68800,0.208,0.247,0.544
68900,0.207,0.248,0.544
69000,0.210,0.247,0.542
69100,0.207,0.247,0.545
69200,0.205,0.234,0.561
69300,0.221,0.235,0.544
69400,0.223,0.233,0.544
69500,0.215,0.233,0.553
69600,0.212,0.231,0.557
69700,0.215,0.235,0.551
69800,0.205,0.224,0.571
69900,0.198,0.230,0.572
70000,0.193,0.238,0.569
70100,0.206,0.242,0.552
70200,0.204,0.234,0.562
70300,0.198,0.241,0.561
70400,0.190,0.259,0.551
70500,0.195,0.254,0.551
70600,0.200,0.252,0.547
70700,0.200,0.253,0.546
70800,0.196,0.250,0.554
70900,0.195,0.250,0.555
71000,0.200,0.252,0.547
71100,0.200,0.239,0.561
71200,0.204,0.240,0.556
71300,0.200,0.244,0.556
71400,0.197,0.244,0.559
71500,0.199,0.247,0.554
71600,0.200,0.249,0.551
71700,0.207,0.248,0.544
71800,0.219,0.236,0.545
71900,0.215,0.234,0.552
72000,0.211,0.244,0.544
72100,0.218,0.249,0.533
72200,0.219,0.249,0.532
72300,0.213,0.252,0.534
72400,0.225,0.257,0.518
72500,0.215,0.251,0.534
72600,0.204,0.256,0.539
72700,0.193,0.259,0.547
72800,0.201,0.250,0.549
72900,0.196,0.253,0.551
73000,0.200,0.247,0.553
73100,0.204,0.242,0.554
73200,0.200,0.240,0.560
73300,0.203,0.239,0.558
73400,0.198,0.237,0.565
73500,0.194,0.227,0.579
73600,0.185,0.227,0.588
73700,0.196,0.224,0.580
73800,0.199,0.223,0.578
73900,0.188,0.230,0.582
74000,0.202,0.232,0.566
74100,0.193,0.229,0.578
74200,0.195,0.234,0.571
74300,0.199,0.241,0.560
74400,0.198,0.234,0.568
74500,0.195,0.232,0.573
74600,0.203,0.245,0.552
74700,0.192,0.236,0.572
74800,0.196,0.240,0.564
74900,0.196,0.237,0.567
75000,0.199,0.237,0.564
75100,0.195,0.230,0.575
75200,0.201,0.233,0.566
75300,0.198,0.239,0.563
75400,0.201,0.243,0.556
75500,0.200,0.241,0.559
75600,0.199,0.225,0.576
75700,0.198,0.230,0.572
75800,0.210,0.233,0.557
75900,0.210,0.227,0.563
76000,0.204,0.221,0.575
76100,0.209,0.223,0.568
76200,0.195,0.219,0.586
76300,0.197,0.225,0.578
76400,0.200,0.231,0.569
76500,0.206,0.239,0.555
76600,0.203,0.227,0.570
76700,0.198,0.231,0.571
76800,0.198,0.225,0.577
76900,0.196,0.227,0.577
77000,0.188,0.218,0.594
77100,0.198,0.212,0.589
77200,0.209,0.215,0.576
77300,0.209,0.203,0.587
77400,0.206,0.197,0.597
77500,0.221,0.203,0.576
77600,0.218,0.217,0.566
77700,0.213,0.215,0.572
77800,0.216,0.208,0.576
77900,0.215,0.211,0.574
78000,0.216,0.213,0.571
78100,0.216,0.213,0.571
78200,0.208,0.208,0.583
78300,0.210,0.215,0.575
78400,0.203,0.212,0.584
78500,0.210,0.206,0.583
78600,0.188,0.215,0.598
78700,0.192,0.227,0.581
78800,0.191,0.220,0.589
78900,0.191,0.219,0.590
79000,0.205,0.224,0.571
79100,0.205,0.225,0.570
79200,0.211,0.226,0.563
79300,0.204,0.226,0.570
79400,0.209,0.224,0.567
79500,0.225,0.221,0.555
79600,0.223,0.215,0.563
79700,0.236,0.205,0.559
79800,0.223,0.206,0.571
79900,0.211,0.198,0.590
80000,0.211,0.204,0.584
80100,0.218,0.208,0.574
80200,0.221,0.202,0.577
80300,0.238,0.204,0.558
80400,0.239,0.200,0.561
80500,0.236,0.206,0.558
80600,0.229,0.204,0.567
80700,0.237,0.200,0.563
80800,0.241,0.192,0.567
80900,0.238,0.188,0.574
81000,0.238,0.197,0.565
81100,0.226,0.200,0.574
81200,0.225,0.207,0.568
81300,0.228,0.207,0.565
81400,0.234,0.208,0.558
81500,0.239,0.206,0.555
81600,0.227,0.210,0.563
81700,0.228,0.220,0.553
81800,0.233,0.213,0.554
81900,0.238,0.209,0.553
82000,0.240,0.203,0.557
82100,0.233,0.216,0.552
82200,0.249,0.215,0.536
82300,0.242,0.210,0.547
82400,0.231,0.217,0.553
82500,0.224,0.212,0.564
82600,0.217,0.206,0.577
82700,0.227,0.199,0.574
82800,0.228,0.194,0.578
82900,0.228,0.189,0.583
83000,0.220,0.189,0.591
83100,0.212,0.196,0.591
83200,0.219,0.200,0.581
83300,0.211,0.199,0.589
83400,0.206,0.203,0.590
83500,0.215,0.202,0.583
83600,0.225,0.201,0.574
83700,0.221,0.197,0.582
83800,0.228,0.199,0.573
83900,0.227,0.202,0.571
84000,0.234,0.210,0.556
84100,0.237,0.209,0.554
84200,0.241,0.209,0.550
84300,0.245,0.206,0.549
84400,0.222,0.209,0.569
84500,0.219,0.216,0.566
84600,0.230,0.218,0.553
84700,0.218,0.218,0.565
84800,0.217,0.219,0.565
84900,0.217,0.216,0.568
85000,0.201,0.231,0.568
85100,0.206,0.231,0.563
85200,0.206,0.217,0.577
85300,0.205,0.212,0.582
85400,0.211,0.209,0.579
85500,0.202,0.219,0.579
85600,0.210,0.222,0.568
85700,0.207,0.220,0.573
85800,0.197,0.226,0.577
85900,0.201,0.224,0.575
86000,0.198,0.225,0.577
86100,0.210,0.220,0.570
86200,0.200,0.227,0.573
86300,0.205,0.231,0.564
86400,0.206,0.233,0.561
86500,0.207,0.231,0.562
86600,0.198,0.240,0.562
86700,0.198,0.231,0.571
86800,0.203,0.235,0.562
86900,0.201,0.232,0.567
87000,0.204,0.236,0.560
87100,0.197,0.229,0.574
87200,0.199,0.224,0.577
87300,0.192,0.222,0.586
87400,0.205,0.229,0.566
87500,0.210,0.224,0.566
87600,0.217,0.223,0.561
87700,0.216,0.230,0.555
87800,0.209,0.226,0.565
87900,0.212,0.232,0.556
88000,0.212,0.239,0.549
88100,0.204,0.239,0.557
88200,0.198,0.238,0.564
88300,0.194,0.234,0.572
88400,0.192,0.241,0.567
88500,0.195,0.243,0.562
88600,0.193,0.238,0.569
88700,0.189,0.246,0.565
88800,0.185,0.247,0.568
88900,0.191,0.243,0.566
89000,0.184,0.242,0.574
89100,0.188,0.236,0.576
89200,0.180,0.224,0.597
89300,0.189,0.222,0.589
89400,0.193,0.229,0.578
89500,0.190,0.219,0.591
89600,0.200,0.218,0.582
89700,0.199,0.221,0.580
89800,0.198,0.222,0.580
89900,0.193,0.222,0.585
90000,0.199,0.217,0.584
90100,0.210,0.217,0.573
90200,0.212,0.220,0.568
90300,0.219,0.228,0.554
90400,0.209,0.228,0.563
90500,0.216,0.228,0.557
90600,0.229,0.224,0.547
90700,0.231,0.219,0.551
90800,0.231,0.222,0.547
90900,0.236,0.219,0.545
91000,0.236,0.225,0.539
91100,0.237,0.223,0.540
91200,0.228,0.235,0.537
91300,0.227,0.240,0.533
91400,0.225,0.220,0.556
91500,0.242,0.222,0.536
91600,0.240,0.211,0.549
91700,0.247,0.209,0.543
91800,0.250,0.199,0.551
91900,0.246,0.199,0.555
92000,0.242,0.201,0.557
92100,0.236,0.186,0.578
92200,0.256,0.185,0.559
92300,0.251,0.185,0.564
92400,0.247,0.178,0.575
92500,0.249,0.171,0.580
92600,0.259,0.173,0.568
92700,0.263,0.176,0.562
92800,0.256,0.178,0.566
92900,0.258,0.184,0.558
93000,0.253,0.190,0.557
93100,0.249,0.182,0.569
93200,0.235,0.181,0.584
93300,0.248,0.188,0.564
93400,0.246,0.194,0.560
93500,0.236,0.190,0.574
93600,0.238,0.190,0.572
93700,0.227,0.190,0.583
93800,0.240,0.193,0.567
93900,0.219,0.197,0.584
94000,0.227,0.200,0.573
94100,0.221,0.205,0.574
94200,0.218,0.201,0.581
94300,0.219,0.198,0.583
94400,0.218,0.193,0.589
94500,0.207,0.192,0.601
94600,0.216,0.190,0.594
94700,0.225,0.219,0.557
94800,0.199,0.217,0.584
94900,0.200,0.207,0.592
95000,0.208,0.211,0.580
95100,0.210,0.220,0.570
95200,0.209,0.217,0.574
95300,0.207,0.218,0.575
95400,0.204,0.216,0.580
95500,0.206,0.239,0.555
95600,0.200,0.242,0.558
95700,0.198,0.251,0.551
95800,0.194,0.250,0.556
95900,0.194,0.244,0.562
96000,0.189,0.233,0.578
96100,0.197,0.229,0.574
96200,0.196,0.242,0.562
96300,0.208,0.238,0.554
96400,0.220,0.228,0.553
96500,0.220,0.222,0.559
96600,0.217,0.222,0.562
96700,0.211,0.225,0.564
96800,0.211,0.217,0.572
96900,0.208,0.216,0.576
97000,0.218,0.203,0.579
97100,0.216,0.205,0.579
97200,0.217,0.210,0.573
97300,0.208,0.208,0.583
97400,0.203,0.207,0.589
97500,0.203,0.212,0.584
97600,0.210,0.212,0.577
97700,0.212,0.217,0.571
97800,0.219,0.220,0.562
97900,0.210,0.220,0.570
98000,0.194,0.224,0.582
98100,0.191,0.228,0.581
98200,0.196,0.236,0.568
98300,0.195,0.212,0.592
98400,0.201,0.196,0.603
98500,0.192,0.197,0.611
98600,0.207,0.203,0.589
98700,0.211,0.221,0.568
98800,0.203,0.226,0.571
98900,0.208,0.221,0.571
99000,0.201,0.212,0.586
99100,0.196,0.223,0.581
99200,0.198,0.221,0.581
99300,0.203,0.218,0.579
99400,0.201,0.219,0.580
99500,0.206,0.223,0.571
99600,0.211,0.223,0.566
99700,0.210,0.220,0.570
99800,0.211,0.208,0.580
99900,0.207,0.206,0.586
100000,0.204,0.213,0.582
