time,n_A+p,n_B,n_AB
100,0.425,0.512,0.063
200,0.402,0.492,0.105
300,0.378,0.486,0.136
400,0.365,0.459,0.177
500,0.353,0.443,0.203
600,0.353,0.436,0.210
700,0.349,0.435,0.216
800,0.346,0.433,0.221
900,0.344,0.426,0.230
1000,0.329,0.406,0.266
1100,0.315,0.403,0.282
1200,0.305,0.399,0.295
1300,0.302,0.397,0.300
1400,0.296,0.394,0.309
1500,0.287,0.402,0.311
1600,0.284,0.402,0.314
1700,0.280,0.396,0.324
1800,0.278,0.385,0.337
1900,0.279,0.385,0.336
2000,0.283,0.387,0.330
2100,0.282,0.393,0.325
2200,0.288,0.386,0.326
2300,0.283,0.374,0.343
2400,0.275,0.384,0.341
2500,0.270,0.382,0.348
2600,0.276,0.377,0.347
2700,0.277,0.359,0.365
2800,0.283,0.362,0.355
2900,0.291,0.364,0.345
3000,0.295,0.360,0.345
3100,0.296,0.360,0.344
3200,0.290,0.354,0.355
3300,0.295,0.348,0.356
3400,0.285,0.343,0.372
3500,0.287,0.350,0.363
3600,0.293,0.350,0.356
3700,0.288,0.342,0.370
3800,0.278,0.349,0.373
3900,0.286,0.343,0.371
4000,0.278,0.332,0.390
4100,0.268,0.326,0.407
4200,0.279,0.328,0.393
4300,0.272,0.317,0.412
4400,0.285,0.321,0.394
4500,0.284,0.321,0.395
4600,0.285,0.319,0.396
4700,0.273,0.317,0.411
4800,0.278,0.311,0.412
4900,0.281,0.307,0.412
5000,0.278,0.301,0.421
5100,0.276,0.308,0.416
5200,0.276,0.314,0.411
5300,0.267,0.311,0.423
5400,0.275,0.309,0.416
5500,0.278,0.309,0.413
5600,0.278,0.309,0.413
5700,0.285,0.301,0.414
5800,0.290,0.302,0.408
5900,0.291,0.304,0.404
6000,0.293,0.300,0.407
6100,0.308,0.300,0.391
6200,0.296,0.293,0.411
6300,0.289,0.292,0.419
6400,0.294,0.295,0.411
6500,0.300,0.303,0.396
6600,0.311,0.306,0.383
6700,0.307,0.304,0.388
6800,0.314,0.293,0.393
6900,0.296,0.288,0.416
7000,0.297,0.285,0.418
7100,0.297,0.286,0.417
7200,0.297,0.282,0.421
7300,0.292,0.286,0.422
7400,0.298,0.293,0.409
7500,0.298,0.290,0.412
7600,0.308,0.293,0.398
7700,0.301,0.286,0.413
7800,0.293,0.286,0.421
7900,0.299,0.291,0.410
8000,0.287,0.281,0.432
8100,0.289,0.276,0.435
8200,0.286,0.283,0.431
8300,0.281,0.290,0.429
8400,0.283,0.295,0.422
8500,0.285,0.291,0.424
8600,0.273,0.299,0.428
8700,0.278,0.298,0.424
8800,0.275,0.280,0.445
8900,0.277,0.278,0.445
9000,0.271,0.295,0.434
9100,0.266,0.288,0.446
9200,0.268,0.290,0.442
9300,0.267,0.296,0.437
9400,0.281,0.294,0.425
9500,0.281,0.290,0.429
9600,0.284,0.279,0.437
9700,0.278,0.274,0.448
9800,0.283,0.272,0.445
9900,0.285,0.272,0.443
10000,0.272,0.275,0.454
10100,0.282,0.285,0.433
10200,0.261,0.282,0.457
10300,0.274,0.272,0.455
10400,0.272,0.276,0.453
10500,0.277,0.274,0.449
10600,0.269,0.287,0.444
10700,0.278,0.293,0.429
10800,0.275,0.291,0.434
10900,0.284,0.292,0.424
11000,0.281,0.299,0.420
11100,0.276,0.295,0.429
11200,0.282,0.284,0.434
11300,0.283,0.289,0.428
11400,0.285,0.290,0.425
11500,0.286,0.291,0.423
11600,0.283,0.298,0.419
11700,0.277,0.292,0.431
11800,0.268,0.290,0.442
11900,0.283,0.296,0.421
12000,0.281,0.294,0.425
12100,0.281,0.294,0.425
12200,0.288,0.289,0.423
12300,0.287,0.298,0.415
12400,0.277,0.301,0.422
12500,0.279,0.291,0.430
12600,0.290,0.284,0.426
12700,0.279,0.288,0.433
12800,0.277,0.289,0.434
12900,0.278,0.288,0.434
13000,0.273,0.293,0.434
13100,0.270,0.293,0.437
13200,0.258,0.303,0.438
13300,0.249,0.289,0.462
13400,0.249,0.280,0.471
13500,0.246,0.298,0.456
13600,0.247,0.299,0.454
13700,0.228,0.311,0.462
13800,0.231,0.323,0.446
13900,0.233,0.319,0.448
14000,0.234,0.315,0.451
14100,0.236,0.322,0.442
14200,0.242,0.315,0.443
14300,0.251,0.320,0.429
14400,0.257,0.312,0.431
14500,0.258,0.317,0.425
14600,0.253,0.318,0.429
14700,0.260,0.306,0.433
14800,0.256,0.299,0.444
14900,0.260,0.306,0.433
15000,0.241,0.302,0.457
15100,0.241,0.313,0.446
15200,0.248,0.304,0.447
15300,0.246,0.300,0.454
15400,0.245,0.300,0.455
15500,0.249,0.305,0.445
15600,0.242,0.303,0.455
15700,0.242,0.304,0.454
15800,0.239,0.311,0.450
15900,0.243,0.307,0.449
16000,0.244,0.305,0.450
16100,0.255,0.308,0.436
16200,0.252,0.309,0.438
16300,0.254,0.306,0.439
16400,0.252,0.312,0.436
16500,0.249,0.305,0.445
16600,0.239,0.306,0.455
16700,0.246,0.308,0.445
16800,0.236,0.313,0.451
16900,0.231,0.308,0.461
17000,0.231,0.314,0.456
17100,0.243,0.316,0.441
17200,0.233,0.319,0.448
17300,0.230,0.321,0.449
17400,0.229,0.316,0.456
17500,0.230,0.320,0.450
17600,0.217,0.321,0.463
17700,0.219,0.322,0.460
17800,0.226,0.325,0.449
17900,0.222,0.327,0.451
18000,0.211,0.323,0.466
18100,0.206,0.325,0.469
18200,0.208,0.325,0.467
18300,0.210,0.329,0.461
18400,0.213,0.333,0.454
18500,0.225,0.327,0.448
18600,0.225,0.328,0.447
18700,0.219,0.324,0.458
18800,0.203,0.335,0.462
18900,0.201,0.345,0.454
19000,0.199,0.352,0.448
19100,0.202,0.353,0.444
19200,0.211,0.356,0.432
19300,0.229,0.345,0.426
19400,0.246,0.339,0.415
19500,0.247,0.345,0.408
19600,0.243,0.341,0.416
19700,0.241,0.345,0.414
19800,0.245,0.331,0.424
19900,0.245,0.329,0.426
20000,0.239,0.326,0.435
20100,0.238,0.328,0.434
20200,0.232,0.324,0.444
20300,0.238,0.320,0.442
20400,0.239,0.317,0.444
20500,0.238,0.311,0.451
20600,0.225,0.316,0.460
20700,0.234,0.320,0.446
20800,0.241,0.314,0.445
20900,0.242,0.300,0.458
21000,0.244,0.305,0.450
21100,0.263,0.297,0.440
21200,0.251,0.305,0.443
21300,0.253,0.289,0.458
21400,0.257,0.297,0.445
21500,0.258,0.290,0.451
21600,0.264,0.294,0.442
21700,0.264,0.292,0.444
21800,0.268,0.299,0.433
21900,0.259,0.297,0.443
22000,0.261,0.297,0.441
22100,0.260,0.301,0.438
22200,0.260,0.306,0.433
22300,0.269,0.306,0.425
22400,0.271,0.314,0.416
22500,0.273,0.326,0.401
22600,0.268,0.332,0.400
22700,0.279,0.329,0.392
22800,0.278,0.324,0.398
22900,0.260,0.323,0.417
23000,0.261,0.320,0.419
23100,0.264,0.318,0.419
23200,0.260,0.318,0.422
23300,0.256,0.311,0.433
23400,0.240,0.314,0.446
23500,0.234,0.308,0.458
23600,0.235,0.306,0.459
23700,0.246,0.299,0.455
23800,0.247,0.301,0.451
23900,0.231,0.305,0.464
24000,0.243,0.304,0.453
24100,0.249,0.304,0.446
24200,0.243,0.309,0.447
24300,0.239,0.319,0.442
24400,0.236,0.329,0.435
24500,0.231,0.329,0.440
24600,0.233,0.332,0.435
24700,0.223,0.325,0.453
24800,0.219,0.327,0.455
24900,0.216,0.344,0.440
25000,0.217,0.346,0.437
25100,0.212,0.343,0.444
25200,0.213,0.342,0.444
25300,0.223,0.330,0.447
25400,0.230,0.349,0.421
25500,0.230,0.347,0.423
25600,0.221,0.345,0.434
25700,0.218,0.341,0.441
25800,0.221,0.324,0.456
25900,0.217,0.322,0.462
26000,0.222,0.317,0.462
26100,0.227,0.316,0.458
26200,0.231,0.312,0.458
26300,0.225,0.305,0.470
26400,0.229,0.306,0.465
26500,0.227,0.311,0.463
26600,0.226,0.312,0.463
26700,0.229,0.308,0.463
26800,0.236,0.301,0.463
26900,0.232,0.307,0.461
27000,0.221,0.301,0.478
27100,0.218,0.314,0.469
27200,0.220,0.324,0.457
27300,0.227,0.329,0.444
27400,0.223,0.318,0.460
27500,0.224,0.316,0.461
27600,0.227,0.318,0.456
27700,0.222,0.323,0.456
27800,0.224,0.319,0.458
27900,0.233,0.320,0.447
28000,0.238,0.333,0.429
28100,0.230,0.334,0.436
28200,0.224,0.325,0.451
28300,0.226,0.317,0.458
28400,0.211,0.322,0.467
28500,0.206,0.329,0.465
28600,0.217,0.340,0.443
28700,0.221,0.343,0.436
28800,0.221,0.345,0.434
28900,0.216,0.339,0.445
29000,0.212,0.338,0.449
29100,0.217,0.327,0.457
29200,0.221,0.317,0.463
29300,0.224,0.321,0.456
29400,0.228,0.313,0.460
29500,0.219,0.311,0.471
29600,0.225,0.313,0.463
29700,0.218,0.308,0.474
29800,0.230,0.320,0.450
29900,0.224,0.328,0.448
30000,0.236,0.333,0.431
30100,0.229,0.333,0.438
30200,0.220,0.347,0.433
30300,0.216,0.354,0.430
30400,0.219,0.337,0.444
30500,0.216,0.332,0.453
30600,0.202,0.328,0.470
30700,0.200,0.330,0.470
30800,0.200,0.339,0.461
30900,0.198,0.341,0.461
31000,0.204,0.340,0.456
31100,0.207,0.343,0.449
31200,0.201,0.346,0.453
31300,0.199,0.346,0.455
31400,0.187,0.344,0.469
31500,0.182,0.345,0.473
31600,0.180,0.327,0.493
31700,0.182,0.349,0.469
31800,0.188,0.341,0.471
31900,0.198,0.346,0.456
32000,0.200,0.353,0.446
32100,0.201,0.345,0.454
32200,0.199,0.332,0.469
32300,0.202,0.330,0.468
32400,0.211,0.325,0.464
32500,0.201,0.321,0.478
32600,0.212,0.321,0.467
32700,0.212,0.313,0.475
32800,0.207,0.317,0.476
32900,0.200,0.340,0.460
33000,0.208,0.331,0.461
33100,0.207,0.322,0.471
33200,0.213,0.332,0.455
33300,0.209,0.339,0.451
33400,0.208,0.343,0.448
33500,0.208,0.350,0.441
33600,0.212,0.351,0.436
33700,0.208,0.347,0.444
33800,0.199,0.351,0.449
33900,0.202,0.356,0.441
34000,0.201,0.339,0.460
34100,0.208,0.321,0.471
34200,0.209,0.321,0.470
34300,0.213,0.322,0.465
34400,0.212,0.321,0.467
34500,0.209,0.325,0.466
34600,0.213,0.332,0.455
34700,0.219,0.327,0.455
34800,0.205,0.322,0.473
34900,0.220,0.306,0.474
35000,0.221,0.298,0.481
35100,0.226,0.278,0.496
35200,0.229,0.268,0.504
35300,0.235,0.254,0.511
35400,0.239,0.254,0.507
35500,0.217,0.263,0.521
35600,0.219,0.255,0.526
35700,0.210,0.267,0.523
35800,0.209,0.270,0.521
35900,0.211,0.274,0.515
36000,0.210,0.276,0.514
36100,0.216,0.289,0.495
36200,0.209,0.283,0.508
36300,0.211,0.285,0.504
36400,0.215,0.282,0.504
36500,0.216,0.284,0.501
36600,0.215,0.287,0.498
36700,0.225,0.282,0.493
36800,0.215,0.285,0.501
36900,0.212,0.289,0.498
37000,0.211,0.294,0.494
37100,0.206,0.279,0.515
37200,0.203,0.285,0.512
37300,0.204,0.288,0.508
37400,0.199,0.293,0.508
37500,0.207,0.298,0.494
37600,0.203,0.293,0.504
37700,0.210,0.284,0.506
37800,0.207,0.276,0.517
37900,0.209,0.282,0.509
38000,0.218,0.280,0.503
38100,0.203,0.268,0.529
38200,0.216,0.276,0.509
38300,0.222,0.288,0.490
38400,0.215,0.292,0.493
38500,0.216,0.293,0.491
38600,0.219,0.294,0.487
38700,0.224,0.300,0.476
38800,0.216,0.291,0.493
38900,0.208,0.297,0.494
39000,0.221,0.295,0.484
39100,0.213,0.290,0.496
39200,0.218,0.285,0.497
39300,0.215,0.273,0.513
39400,0.213,0.277,0.510
39500,0.224,0.286,0.490
39600,0.221,0.286,0.493
39700,0.215,0.287,0.498
39800,0.235,0.292,0.473
39900,0.233,0.285,0.482
40000,0.226,0.288,0.486
40100,0.225,0.287,0.488
40200,0.237,0.288,0.475
40300,0.232,0.295,0.473
40400,0.220,0.281,0.499
40500,0.226,0.280,0.494
40600,0.226,0.286,0.488
40700,0.231,0.290,0.479
40800,0.225,0.293,0.482
40900,0.220,0.291,0.489
41000,0.227,0.283,0.490
41100,0.234,0.286,0.480
41200,0.235,0.285,0.480
41300,0.228,0.277,0.495
41400,0.228,0.273,0.499
41500,0.222,0.279,0.499
41600,0.232,0.273,0.495
41700,0.239,0.288,0.473
41800,0.237,0.286,0.477
41900,0.229,0.284,0.487
42000,0.228,0.289,0.483
42100,0.226,0.287,0.487
42200,0.230,0.294,0.476
42300,0.225,0.284,0.491
42400,0.216,0.292,0.492
42500,0.217,0.295,0.488
42600,0.223,0.295,0.482
42700,0.234,0.293,0.473
42800,0.230,0.297,0.473
42900,0.225,0.297,0.478
43000,0.219,0.295,0.486
43100,0.213,0.304,0.482
43200,0.210,0.291,0.498
43300,0.226,0.284,0.490
43400,0.218,0.274,0.509
43500,0.217,0.270,0.514
43600,0.208,0.273,0.519
43700,0.205,0.282,0.513
43800,0.207,0.289,0.504
43900,0.209,0.294,0.496
44000,0.208,0.300,0.491
44100,0.211,0.301,0.487
44200,0.207,0.300,0.492
44300,0.205,0.284,0.511
44400,0.207,0.292,0.501
44500,0.209,0.300,0.490
44600,0.211,0.298,0.490
44700,0.216,0.287,0.497
44800,0.199,0.281,0.520
44900,0.221,0.286,0.493
45000,0.229,0.289,0.482
45100,0.225,0.289,0.486
45200,0.221,0.289,0.490
45300,0.237,0.281,0.482
45400,0.232,0.282,0.486
45500,0.232,0.279,0.489
45600,0.235,0.270,0.495
45700,0.239,0.264,0.497
45800,0.248,0.268,0.484
45900,0.246,0.265,0.489
46000,0.254,0.278,0.468
46100,0.268,0.286,0.446
46200,0.261,0.270,0.469
46300,0.253,0.278,0.469
46400,0.263,0.275,0.463
46500,0.259,0.271,0.470
46600,0.253,0.271,0.476
46700,0.259,0.269,0.472
46800,0.270,0.271,0.460
46900,0.264,0.256,0.480
47000,0.265,0.255,0.480
47100,0.261,0.250,0.488
47200,0.254,0.255,0.490
47300,0.269,0.259,0.472
47400,0.266,0.258,0.476
47500,0.268,0.258,0.474
47600,0.253,0.288,0.459
47700,0.233,0.290,0.477
47800,0.240,0.292,0.468
47900,0.234,0.290,0.476
48000,0.237,0.282,0.481
48100,0.236,0.286,0.478
48200,0.241,0.291,0.468
48300,0.238,0.299,0.463
48400,0.242,0.296,0.462
48500,0.242,0.303,0.455
48600,0.235,0.300,0.465
48700,0.233,0.295,0.472
48800,0.235,0.281,0.484
48900,0.247,0.284,0.469
49000,0.248,0.291,0.461
49100,0.258,0.287,0.455
49200,0.260,0.277,0.463
49300,0.248,0.265,0.487
49400,0.260,0.261,0.478
49500,0.268,0.254,0.478
49600,0.263,0.256,0.481
49700,0.271,0.259,0.470
49800,0.276,0.255,0.469
49900,0.267,0.252,0.481
50000,0.265,0.250,0.485
50100,0.258,0.250,0.491
50200,0.255,0.251,0.493
50300,0.264,0.263,0.474
50400,0.271,0.264,0.466
50500,0.259,0.258,0.482
50600,0.259,0.266,0.475
50700,0.252,0.266,0.482
50800,0.254,0.268,0.478
50900,0.252,0.256,0.491
51000,0.258,0.252,0.489
51100,0.251,0.258,0.490
51200,0.253,0.249,0.497
51300,0.256,0.246,0.497
51400,0.247,0.245,0.508
51500,0.251,0.242,0.507
51600,0.246,0.242,0.512
51700,0.239,0.244,0.517
51800,0.245,0.238,0.517
51900,0.243,0.236,0.521
52000,0.243,0.238,0.519
52100,0.248,0.244,0.508
52200,0.247,0.242,0.511
52300,0.251,0.266,0.483
52400,0.245,0.280,0.475
52500,0.247,0.289,0.464
52600,0.242,0.281,0.477
52700,0.240,0.285,0.475
52800,0.239,0.282,0.479
52900,0.245,0.273,0.482
53000,0.251,0.269,0.480
53100,0.257,0.257,0.485
53200,0.256,0.268,0.476
53300,0.255,0.272,0.473
53400,0.263,0.267,0.471
53500,0.255,0.260,0.484
53600,0.268,0.266,0.467
53700,0.265,0.265,0.471
53800,0.269,0.269,0.463
53900,0.259,0.261,0.479
54000,0.255,0.259,0.485
54100,0.254,0.270,0.476
54200,0.270,0.274,0.457
54300,0.273,0.272,0.456
54400,0.265,0.274,0.462
54500,0.268,0.272,0.461
54600,0.283,0.276,0.441
54700,0.280,0.277,0.443
54800,0.291,0.273,0.436
54900,0.278,0.275,0.447
55000,0.272,0.275,0.454
55100,0.260,0.273,0.467
55200,0.263,0.283,0.455
55300,0.258,0.281,0.461
55400,0.248,0.270,0.482
55500,0.251,0.278,0.471
55600,0.251,0.281,0.468
55700,0.244,0.284,0.472
55800,0.243,0.271,0.486
55900,0.234,0.274,0.492
56000,0.238,0.273,0.489
56100,0.238,0.273,0.489
56200,0.237,0.278,0.485
56300,0.231,0.273,0.496
56400,0.230,0.275,0.495
56500,0.225,0.275,0.501
56600,0.226,0.277,0.497
56700,0.233,0.275,0.492
56800,0.249,0.274,0.477
56900,0.251,0.272,0.477
57000,0.231,0.290,0.479
57100,0.231,0.286,0.483
57200,0.234,0.285,0.481
57300,0.236,0.287,0.477
57400,0.239,0.306,0.455
57500,0.238,0.311,0.451
57600,0.245,0.301,0.454
57700,0.241,0.305,0.454
57800,0.237,0.303,0.460
57900,0.230,0.309,0.461
58000,0.232,0.311,0.458
58100,0.232,0.318,0.450
58200,0.232,0.306,0.462
58300,0.230,0.312,0.459
58400,0.228,0.306,0.466
58500,0.228,0.300,0.472
58600,0.237,0.291,0.472
58700,0.244,0.286,0.470
58800,0.239,0.286,0.475
58900,0.237,0.288,0.475
59000,0.236,0.287,0.477
59100,0.234,0.285,0.481
59200,0.233,0.285,0.482
59300,0.231,0.279,0.490
59400,0.247,0.251,0.502
59500,0.254,0.251,0.494
59600,0.253,0.247,0.499
59700,0.255,0.253,0.491
59800,0.249,0.250,0.501
59900,0.260,0.264,0.476
60000,0.258,0.256,0.485
60100,0.250,0.261,0.488
60200,0.252,0.264,0.484
60300,0.250,0.258,0.491
60400,0.253,0.268,0.479
60500,0.250,0.269,0.481
60600,0.244,0.265,0.491
60700,0.240,0.256,0.504
60800,0.226,0.260,0.514
60900,0.228,0.263,0.510
61000,0.225,0.254,0.521
61100,0.223,0.260,0.517
61200,0.218,0.271,0.512
61300,0.217,0.273,0.511
61400,0.219,0.277,0.505
61500,0.221,0.279,0.501
61600,0.219,0.269,0.513
61700,0.216,0.269,0.516
61800,0.218,0.271,0.512
61900,0.222,0.269,0.510
62000,0.224,0.267,0.510
62100,0.226,0.266,0.509
62200,0.223,0.257,0.520
62300,0.217,0.264,0.520
62400,0.204,0.270,0.526
62500,0.206,0.278,0.516
62600,0.206,0.275,0.519
62700,0.207,0.272,0.521
62800,0.201,0.296,0.503
62900,0.210,0.305,0.484
63000,0.216,0.301,0.483
63100,0.221,0.292,0.487
63200,0.223,0.289,0.488
63300,0.223,0.285,0.492
63400,0.223,0.277,0.501
63500,0.219,0.278,0.504
63600,0.231,0.278,0.491
63700,0.225,0.281,0.494
63800,0.210,0.276,0.514
63900,0.208,0.283,0.509
64000,0.206,0.280,0.514
64100,0.206,0.276,0.518
64200,0.195,0.273,0.532
64300,0.195,0.298,0.507
64400,0.199,0.297,0.504
64500,0.199,0.301,0.499
64600,0.203,0.304,0.492
64700,0.213,0.292,0.494
64800,0.217,0.280,0.504
64900,0.215,0.285,0.501
65000,0.219,0.286,0.495
65100,0.209,0.287,0.504
65200,0.216,0.290,0.494
65300,0.221,0.288,0.491
65400,0.227,0.286,0.487
65500,0.221,0.281,0.498
65600,0.226,0.283,0.491
65700,0.226,0.278,0.496
65800,0.224,0.290,0.486
65900,0.236,0.288,0.476
66000,0.236,0.280,0.484
66100,0.245,0.277,0.478
66200,0.250,0.270,0.480
66300,0.258,0.266,0.476
66400,0.256,0.260,0.483
66500,0.264,0.257,0.479
66600,0.264,0.264,0.473
66700,0.261,0.264,0.475
66800,0.253,0.261,0.485
66900,0.259,0.266,0.475
67000,0.246,0.276,0.478
67100,0.247,0.257,0.495
67200,0.237,0.252,0.511
67300,0.235,0.265,0.501
67400,0.229,0.265,0.507
67500,0.237,0.272,0.491
67600,0.228,0.266,0.507
67700,0.234,0.269,0.497
67800,0.242,0.277,0.481
67900,0.237,0.264,0.499
68000,0.230,0.270,0.501
68100,0.247,0.278,0.475
68200,0.253,0.265,0.482
68300,0.250,0.265,0.485
68400,0.263,0.259,0.478
68500,0.260,0.253,0.486
68600,0.243,0.246,0.511
68700,0.240,0.251,0.509
68800,0.237,0.260,0.503
68900,0.236,0.251,0.513
69000,0.242,0.256,0.502
69100,0.243,0.251,0.506
69200,0.244,0.247,0.509
69300,0.251,0.244,0.505
69400,0.241,0.238,0.521
69500,0.245,0.232,0.523
69600,0.245,0.236,0.519
69700,0.248,0.246,0.506
69800,0.247,0.255,0.497
69900,0.244,0.265,0.491
70000,0.247,0.255,0.497
70100,0.246,0.253,0.501
70200,0.243,0.263,0.494
70300,0.247,0.263,0.490
70400,0.242,0.261,0.496
70500,0.243,0.259,0.497
70600,0.241,0.256,0.503
70700,0.250,0.252,0.497
70800,0.249,0.244,0.507
70900,0.232,0.246,0.522
71000,0.226,0.245,0.529
71100,0.225,0.233,0.542
71200,0.234,0.231,0.535
71300,0.228,0.236,0.536
71400,0.226,0.244,0.530
71500,0.226,0.256,0.518
71600,0.237,0.255,0.508
71700,0.249,0.253,0.497
71800,0.236,0.258,0.506
71900,0.237,0.260,0.503
72000,0.237,0.260,0.503
72100,0.239,0.253,0.508
72200,0.237,0.257,0.506
72300,0.249,0.255,0.495
72400,0.245,0.264,0.491
72500,0.235,0.261,0.504
72600,0.221,0.254,0.525
72700,0.223,0.249,0.528
72800,0.223,0.252,0.525
72900,0.216,0.260,0.524
73000,0.220,0.257,0.523
73100,0.222,0.263,0.516
73200,0.219,0.260,0.521
73300,0.226,0.261,0.513
73400,0.218,0.264,0.519
73500,0.219,0.253,0.528
73600,0.220,0.245,0.535
73700,0.227,0.231,0.542
73800,0.221,0.238,0.541
73900,0.225,0.233,0.542
74000,0.233,0.229,0.538
74100,0.238,0.228,0.534
74200,0.244,0.235,0.521
74300,0.240,0.242,0.518
74400,0.235,0.258,0.507
74500,0.243,0.259,0.497
74600,0.241,0.257,0.502
74700,0.241,0.253,0.506
74800,0.242,0.257,0.501
74900,0.242,0.260,0.497
75000,0.242,0.252,0.506
75100,0.255,0.249,0.495
75200,0.240,0.244,0.516
75300,0.239,0.259,0.502
75400,0.231,0.266,0.504
75500,0.226,0.280,0.494
75600,0.233,0.277,0.490
75700,0.219,0.282,0.499
75800,0.216,0.272,0.513
75900,0.222,0.277,0.502
76000,0.217,0.277,0.507
76100,0.210,0.279,0.511
76200,0.197,0.290,0.513
76300,0.203,0.296,0.501
76400,0.201,0.291,0.508
76500,0.205,0.286,0.509
76600,0.213,0.284,0.503
76700,0.211,0.284,0.505
76800,0.217,0.283,0.501
76900,0.215,0.283,0.503
77000,0.216,0.285,0.499
77100,0.206,0.289,0.505
77200,0.204,0.278,0.518
77300,0.224,0.280,0.496
77400,0.232,0.268,0.501
77500,0.239,0.266,0.495
77600,0.223,0.270,0.508
77700,0.224,0.270,0.507
77800,0.223,0.268,0.510
77900,0.224,0.274,0.503
78000,0.216,0.259,0.525
78100,0.226,0.258,0.516
78200,0.236,0.260,0.504
78300,0.253,0.272,0.475
78400,0.228,0.278,0.494
78500,0.228,0.279,0.493
78600,0.220,0.278,0.503
78700,0.220,0.275,0.506
78800,0.220,0.278,0.503
78900,0.220,0.279,0.502
79000,0.216,0.281,0.504
79100,0.208,0.289,0.503
79200,0.201,0.284,0.515
79300,0.196,0.290,0.514
79400,0.204,0.278,0.518
79500,0.202,0.281,0.517
79600,0.202,0.281,0.517
79700,0.207,0.275,0.518
79800,0.202,0.272,0.526
79900,0.199,0.273,0.528
80000,0.207,0.265,0.528
80100,0.213,0.254,0.532
80200,0.219,0.269,0.513
80300,0.222,0.265,0.514
80400,0.230,0.257,0.513
80500,0.229,0.256,0.515
80600,0.224,0.254,0.522
80700,0.213,0.259,0.527
80800,0.206,0.245,0.549
80900,0.207,0.247,0.545
81000,0.212,0.269,0.519
81100,0.208,0.273,0.519
81200,0.200,0.280,0.520
81300,0.198,0.271,0.531
81400,0.192,0.280,0.528
81500,0.194,0.277,0.529
81600,0.199,0.272,0.529
81700,0.199,0.276,0.525
81800,0.200,0.266,0.534
81900,0.205,0.268,0.527
82000,0.211,0.252,0.536
82100,0.229,0.254,0.517
82200,0.230,0.268,0.503
82300,0.228,0.256,0.516
82400,0.231,0.251,0.518
82500,0.219,0.255,0.526
82600,0.222,0.270,0.509
82700,0.224,0.265,0.512
82800,0.219,0.275,0.507
82900,0.213,0.275,0.512
83000,0.202,0.269,0.529
83100,0.206,0.274,0.520
83200,0.204,0.276,0.520
83300,0.208,0.275,0.517
83400,0.217,0.271,0.513
83500,0.216,0.269,0.516
83600,0.220,0.270,0.511
83700,0.223,0.274,0.504
83800,0.227,0.277,0.496
83900,0.223,0.282,0.495
84000,0.221,0.285,0.494
84100,0.219,0.276,0.506
84200,0.213,0.273,0.514
84300,0.216,0.266,0.519
84400,0.217,0.267,0.517
84500,0.223,0.268,0.510
84600,0.225,0.271,0.505
84700,0.227,0.268,0.506
84800,0.216,0.267,0.518
84900,0.225,0.256,0.519
85000,0.221,0.259,0.520
85100,0.223,0.272,0.506
85200,0.230,0.271,0.499
85300,0.245,0.255,0.499
85400,0.249,0.244,0.507
85500,0.248,0.245,0.507
85600,0.243,0.248,0.509
85700,0.247,0.258,0.494
85800,0.245,0.257,0.497
85900,0.241,0.265,0.494
86000,0.240,0.259,0.501
86100,0.243,0.268,0.489
86200,0.250,0.261,0.488
86300,0.246,0.259,0.494
86400,0.252,0.259,0.488
86500,0.239,0.259,0.502
86600,0.240,0.251,0.509
86700,0.238,0.243,0.519
86800,0.231,0.259,0.510
86900,0.237,0.257,0.506
87000,0.233,0.252,0.515
87100,0.230,0.252,0.518
87200,0.224,0.246,0.530
87300,0.228,0.245,0.527
87400,0.223,0.246,0.531
87500,0.233,0.237,0.530
87600,0.227,0.231,0.542
87700,0.227,0.226,0.547
87800,0.229,0.230,0.541
87900,0.226,0.232,0.542
88000,0.227,0.242,0.531
88100,0.228,0.238,0.534
88200,0.236,0.230,0.534
88300,0.235,0.230,0.535
88400,0.237,0.232,0.531
88500,0.232,0.222,0.546
88600,0.232,0.222,0.546
88700,0.236,0.227,0.537
88800,0.237,0.218,0.545
88900,0.231,0.215,0.555
89000,0.230,0.221,0.550
89100,0.233,0.220,0.547
89200,0.228,0.209,0.563
89300,0.228,0.210,0.562
89400,0.231,0.219,0.551
89500,0.239,0.222,0.539
89600,0.254,0.222,0.524
89700,0.251,0.212,0.536
89800,0.249,0.209,0.541
89900,0.254,0.210,0.535
90000,0.264,0.216,0.521
90100,0.269,0.210,0.521
90200,0.277,0.203,0.520
90300,0.277,0.205,0.518
90400,0.284,0.202,0.514
90500,0.291,0.198,0.511
90600,0.269,0.203,0.528
90700,0.273,0.208,0.519
90800,0.282,0.212,0.506
90900,0.283,0.215,0.503
91000,0.280,0.208,0.512
91100,0.284,0.212,0.504
91200,0.289,0.213,0.497
91300,0.291,0.209,0.499
91400,0.287,0.211,0.502
91500,0.296,0.211,0.492
91600,0.297,0.206,0.496
91700,0.288,0.204,0.508
91800,0.284,0.220,0.496
91900,0.289,0.222,0.489
92000,0.280,0.213,0.507
92100,0.271,0.215,0.515
92200,0.273,0.213,0.514
92300,0.264,0.213,0.523
92400,0.267,0.220,0.514
92500,0.268,0.231,0.502
92600,0.260,0.230,0.510
92700,0.265,0.224,0.512
92800,0.268,0.223,0.510
92900,0.263,0.229,0.509
93000,0.264,0.223,0.514
93100,0.259,0.231,0.510
93200,0.261,0.221,0.518
93300,0.258,0.228,0.514
93400,0.263,0.228,0.510
93500,0.263,0.229,0.509
93600,0.256,0.236,0.508
93700,0.254,0.238,0.508
93800,0.250,0.232,0.518
93900,0.246,0.235,0.519
94000,0.237,0.231,0.532
94100,0.239,0.236,0.525
94200,0.235,0.244,0.521
94300,0.237,0.257,0.506
94400,0.231,0.251,0.518
94500,0.222,0.257,0.521
94600,0.225,0.250,0.525
94700,0.219,0.244,0.537
94800,0.217,0.242,0.541
94900,0.226,0.238,0.536
95000,0.223,0.248,0.529
95100,0.235,0.236,0.529
95200,0.237,0.245,0.518
95300,0.234,0.243,0.523
95400,0.220,0.248,0.532
95500,0.216,0.266,0.519
95600,0.217,0.266,0.518
95700,0.211,0.253,0.535
95800,0.215,0.257,0.528
95900,0.202,0.250,0.547
96000,0.195,0.259,0.545
96100,0.190,0.265,0.545
96200,0.186,0.271,0.543
96300,0.177,0.278,0.545
96400,0.182,0.280,0.538
96500,0.184,0.286,0.530
96600,0.188,0.285,0.527
96700,0.171,0.279,0.551
96800,0.171,0.269,0.561
96900,0.170,0.270,0.561
97000,0.179,0.279,0.542
97100,0.184,0.281,0.535
97200,0.190,0.272,0.538
97300,0.195,0.267,0.538
97400,0.192,0.273,0.535
97500,0.186,0.274,0.540
97600,0.185,0.280,0.535
97700,0.201,0.274,0.525
97800,0.205,0.272,0.523
97900,0.198,0.271,0.531
98000,0.222,0.269,0.510
98100,0.219,0.261,0.520
98200,0.217,0.267,0.517
98300,0.218,0.264,0.519
98400,0.208,0.259,0.532
98500,0.212,0.260,0.527
98600,0.215,0.256,0.529
98700,0.218,0.261,0.521
98800,0.206,0.270,0.524
98900,0.216,0.266,0.519
99000,0.213,0.273,0.514
99100,0.210,0.268,0.522
99200,0.222,0.259,0.519
99300,0.219,0.255,0.526
99400,0.231,0.246,0.523
99500,0.232,0.247,0.521
99600,0.222,0.252,0.526
99700,0.205,0.241,0.554
99800,0.205,0.239,0.556
99900,0.208,0.253,0.538
100000,0.201,0.274,0.525
