time,n_A+p,n_B,n_AB
500,0.050,0.828,0.122
1000,0.050,0.649,0.301
1500,0.053,0.492,0.455
2000,0.057,0.385,0.558
2500,0.083,0.303,0.614
3000,0.096,0.247,0.657
3500,0.113,0.223,0.664
4000,0.140,0.205,0.655
4500,0.189,0.144,0.667
5000,0.194,0.124,0.682
5500,0.200,0.094,0.706
6000,0.217,0.101,0.682
6500,0.249,0.105,0.646
7000,0.290,0.080,0.630
7500,0.255,0.058,0.687
8000,0.276,0.047,0.677
8500,0.362,0.062,0.576
9000,0.386,0.031,0.583
9500,0.396,0.025,0.579
10000,0.425,0.014,0.561
10500,0.434,0.013,0.553
11000,0.496,0.005,0.499
11500,0.475,0.005,0.520
12000,0.447,0.006,0.547
12500,0.435,0.008,0.557
13000,0.508,0.004,0.488
13500,0.548,0.012,0.440
14000,0.545,0.008,0.447
14500,0.520,0.021,0.459
15000,0.511,0.019,0.470
15500,0.480,0.022,0.498
16000,0.465,0.008,0.527
16500,0.443,0.013,0.544
17000,0.418,0.009,0.573
17500,0.448,0.014,0.538
18000,0.479,0.010,0.511
18500,0.519,0.009,0.472
19000,0.547,0.002,0.451
19500,0.532,0.004,0.464
20000,0.526,0.011,0.463
20500,0.506,0.002,0.492
21000,0.469,0.004,0.527
21500,0.502,0.003,0.495
22000,0.533,0.007,0.460
22500,0.536,0.001,0.463
23000,0.560,0.007,0.433
23500,0.544,0.001,0.455
24000,0.580,0.005,0.415
24500,0.564,0.003,0.433
25000,0.544,0.001,0.455
25500,0.525,0.001,0.474
26000,0.509,0.000,0.491
26500,0.506,0.001,0.493
27000,0.552,0.000,0.448
27500,0.557,0.001,0.442
28000,0.521,0.004,0.475
28500,0.480,0.005,0.515
29000,0.479,0.012,0.509
29500,0.482,0.006,0.512
30000,0.464,0.011,0.525
30500,0.521,0.003,0.476
31000,0.478,0.013,0.509
31500,0.483,0.014,0.503
32000,0.456,0.013,0.531
32500,0.478,0.010,0.512
33000,0.476,0.003,0.521
33500,0.527,0.005,0.468
34000,0.540,0.006,0.454
34500,0.568,0.002,0.430
35000,0.519,0.001,0.480
35500,0.533,0.002,0.465
36000,0.540,0.007,0.453
36500,0.507,0.001,0.492
37000,0.521,0.001,0.478
37500,0.536,0.000,0.464
38000,0.512,0.007,0.481
38500,0.511,0.005,0.484
39000,0.518,0.011,0.471
39500,0.523,0.008,0.469
40000,0.528,0.003,0.469
40500,0.518,0.003,0.479
41000,0.498,0.011,0.491
41500,0.498,0.008,0.494
42000,0.494,0.008,0.498
42500,0.491,0.011,0.498
43000,0.427,0.019,0.554
43500,0.440,0.028,0.532
44000,0.425,0.018,0.557
44500,0.423,0.014,0.563
45000,0.420,0.028,0.552
45500,0.448,0.026,0.526
46000,0.436,0.019,0.545
46500,0.449,0.015,0.536
47000,0.447,0.012,0.541
47500,0.427,0.021,0.552
48000,0.437,0.014,0.549
48500,0.474,0.010,0.516
49000,0.470,0.018,0.512
49500,0.465,0.015,0.520
50000,0.486,0.004,0.510
50500,0.477,0.012,0.511
51000,0.443,0.008,0.549
51500,0.492,0.011,0.497
52000,0.499,0.008,0.493
52500,0.492,0.013,0.495
53000,0.494,0.010,0.496
53500,0.478,0.008,0.514
54000,0.546,0.024,0.430
54500,0.528,0.010,0.462
55000,0.505,0.008,0.487
55500,0.512,0.003,0.485
56000,0.550,0.006,0.444
56500,0.500,0.002,0.498
57000,0.484,0.006,0.510
57500,0.513,0.008,0.479
58000,0.530,0.002,0.468
58500,0.575,0.003,0.422
59000,0.557,0.008,0.435
59500,0.521,0.002,0.477
60000,0.516,0.008,0.476
60500,0.510,0.006,0.484
61000,0.518,0.000,0.482
61500,0.549,0.004,0.447
62000,0.542,0.001,0.457
62500,0.492,0.000,0.508
63000,0.522,0.010,0.468
63500,0.555,0.005,0.440
64000,0.515,0.007,0.478
64500,0.533,0.002,0.465
65000,0.562,0.011,0.427
65500,0.583,0.004,0.413
66000,0.561,0.001,0.438
66500,0.541,0.000,0.459
67000,0.527,0.000,0.473
67500,0.510,0.005,0.485
68000,0.454,0.003,0.543
68500,0.468,0.002,0.530
69000,0.486,0.000,0.514
69500,0.440,0.006,0.554
70000,0.401,0.017,0.582
70500,0.411,0.017,0.572
71000,0.475,0.022,0.503
71500,0.480,0.012,0.508
72000,0.528,0.013,0.459
72500,0.493,0.011,0.496
73000,0.494,0.004,0.502
73500,0.554,0.000,0.446
74000,0.547,0.010,0.443
74500,0.551,0.004,0.445
75000,0.532,0.000,0.468
75500,0.535,0.001,0.464
76000,0.511,0.008,0.481
76500,0.532,0.012,0.456
77000,0.519,0.012,0.469
77500,0.513,0.007,0.480
78000,0.497,0.011,0.492
78500,0.510,0.005,0.485
79000,0.526,0.010,0.464
79500,0.567,0.004,0.429
80000,0.533,0.002,0.465
80500,0.485,0.007,0.508
81000,0.423,0.005,0.572
81500,0.485,0.008,0.507
82000,0.430,0.005,0.565
82500,0.470,0.010,0.520
83000,0.433,0.007,0.560
83500,0.450,0.011,0.539
84000,0.463,0.011,0.526
84500,0.503,0.009,0.488
85000,0.514,0.002,0.484
85500,0.545,0.003,0.452
86000,0.521,0.000,0.479
86500,0.534,0.002,0.464
87000,0.550,0.006,0.444
87500,0.536,0.002,0.462
88000,0.576,0.004,0.420
88500,0.574,0.014,0.412
89000,0.608,0.005,0.387
89500,0.609,0.000,0.391
90000,0.564,0.000,0.436
90500,0.574,0.001,0.425
91000,0.541,0.010,0.449
91500,0.561,0.001,0.438
92000,0.516,0.015,0.469
92500,0.501,0.009,0.490
93000,0.523,0.005,0.472
93500,0.539,0.006,0.455
94000,0.481,0.005,0.514
94500,0.518,0.007,0.475
95000,0.522,0.001,0.477
95500,0.537,0.004,0.459
96000,0.535,0.007,0.458
96500,0.582,0.001,0.417
97000,0.570,0.005,0.425
97500,0.559,0.009,0.432
98000,0.575,0.004,0.421
98500,0.601,0.000,0.399
99000,0.576,0.000,0.424
99500,0.576,0.000,0.424
100000,0.608,0.000,0.392
100500,0.612,0.000,0.388
101000,0.557,0.003,0.440
101500,0.547,0.000,0.453
102000,0.547,0.000,0.453
102500,0.542,0.000,0.458
103000,0.597,0.001,0.402
103500,0.540,0.001,0.459
104000,0.564,0.001,0.435
104500,0.529,0.003,0.468
105000,0.555,0.009,0.436
105500,0.554,0.007,0.439
106000,0.541,0.011,0.448
106500,0.571,0.007,0.422
107000,0.568,0.008,0.424
107500,0.556,0.006,0.438
108000,0.532,0.003,0.465
108500,0.543,0.007,0.450
109000,0.550,0.008,0.442
109500,0.542,0.006,0.452
110000,0.527,0.008,0.465
110500,0.534,0.003,0.463
111000,0.525,0.001,0.474
111500,0.557,0.003,0.440
112000,0.540,0.005,0.455
112500,0.514,0.001,0.485
113000,0.548,0.001,0.451
113500,0.536,0.000,0.464
114000,0.512,0.008,0.480
114500,0.506,0.011,0.483
115000,0.463,0.005,0.532
115500,0.519,0.007,0.474
116000,0.481,0.004,0.515
116500,0.548,0.009,0.443
117000,0.500,0.003,0.497
117500,0.536,0.007,0.457
118000,0.535,0.004,0.461
118500,0.495,0.004,0.501
119000,0.570,0.003,0.427
119500,0.524,0.009,0.467
120000,0.497,0.002,0.501
120500,0.498,0.005,0.497
121000,0.484,0.002,0.514
121500,0.498,0.004,0.498
122000,0.495,0.021,0.484
122500,0.470,0.014,0.516
123000,0.452,0.013,0.535
123500,0.488,0.015,0.497
124000,0.504,0.009,0.487
124500,0.523,0.011,0.466
125000,0.501,0.006,0.493
125500,0.532,0.001,0.467
126000,0.521,0.008,0.471
126500,0.557,0.003,0.440
127000,0.571,0.004,0.425
127500,0.553,0.002,0.445
128000,0.606,0.000,0.394
128500,0.610,0.004,0.386
129000,0.548,0.006,0.446
129500,0.561,0.003,0.436
130000,0.528,0.000,0.472
130500,0.541,0.000,0.459
131000,0.521,0.001,0.478
131500,0.520,0.000,0.480
132000,0.544,0.000,0.456
132500,0.561,0.000,0.439
133000,0.535,0.005,0.460
133500,0.529,0.002,0.469
134000,0.499,0.012,0.489
134500,0.502,0.009,0.489
135000,0.511,0.006,0.483
135500,0.509,0.011,0.480
136000,0.552,0.008,0.440
136500,0.563,0.001,0.436
137000,0.557,0.006,0.437
137500,0.574,0.007,0.419
138000,0.548,0.007,0.445
138500,0.485,0.013,0.502
139000,0.525,0.009,0.466
139500,0.518,0.007,0.475
140000,0.502,0.008,0.490
140500,0.503,0.003,0.494
141000,0.502,0.004,0.494
141500,0.516,0.003,0.481
142000,0.509,0.010,0.481
142500,0.493,0.019,0.488
143000,0.445,0.009,0.546
143500,0.430,0.019,0.551
144000,0.435,0.015,0.550
144500,0.436,0.023,0.541
145000,0.454,0.013,0.533
145500,0.499,0.010,0.491
146000,0.517,0.003,0.480
146500,0.498,0.004,0.498
147000,0.473,0.004,0.523
147500,0.485,0.007,0.508
148000,0.536,0.005,0.459
148500,0.569,0.011,0.420
149000,0.539,0.001,0.460
149500,0.549,0.000,0.451
150000,0.568,0.002,0.430
150500,0.591,0.000,0.409
151000,0.608,0.000,0.392
151500,0.629,0.000,0.371
152000,0.609,0.006,0.385
152500,0.553,0.000,0.447
153000,0.485,0.004,0.511
153500,0.525,0.005,0.470
154000,0.528,0.007,0.465
154500,0.547,0.009,0.444
155000,0.536,0.010,0.454
155500,0.535,0.002,0.463
156000,0.512,0.000,0.488
156500,0.609,0.000,0.391
157000,0.585,0.000,0.415
157500,0.567,0.004,0.429
158000,0.554,0.004,0.442
158500,0.571,0.002,0.427
159000,0.591,0.000,0.409
159500,0.589,0.004,0.407
160000,0.560,0.000,0.440
160500,0.590,0.000,0.410
161000,0.631,0.002,0.367
161500,0.551,0.000,0.449
162000,0.559,0.000,0.441
162500,0.556,0.000,0.444
163000,0.554,0.004,0.442
163500,0.530,0.009,0.461
164000,0.486,0.007,0.507
164500,0.452,0.006,0.542
165000,0.486,0.012,0.502
165500,0.497,0.005,0.498
166000,0.462,0.007,0.531
166500,0.426,0.009,0.565
167000,0.454,0.012,0.534
167500,0.487,0.006,0.507
168000,0.500,0.007,0.493
168500,0.545,0.010,0.445
169000,0.544,0.001,0.455
169500,0.484,0.009,0.507
170000,0.412,0.026,0.562
170500,0.393,0.024,0.583
171000,0.466,0.009,0.525
171500,0.456,0.016,0.528
172000,0.460,0.012,0.528
172500,0.488,0.012,0.500
173000,0.508,0.004,0.488
173500,0.513,0.003,0.484
174000,0.531,0.001,0.468
174500,0.547,0.000,0.453
175000,0.527,0.008,0.465
175500,0.526,0.010,0.464
176000,0.536,0.008,0.456
176500,0.508,0.005,0.487
177000,0.540,0.014,0.446
177500,0.517,0.007,0.476
178000,0.531,0.003,0.466
178500,0.557,0.003,0.440
179000,0.530,0.006,0.464
179500,0.499,0.005,0.496
180000,0.500,0.006,0.494
180500,0.482,0.004,0.514
181000,0.526,0.000,0.474
181500,0.552,0.000,0.448
182000,0.506,0.006,0.488
182500,0.500,0.002,0.498
183000,0.500,0.014,0.486
183500,0.492,0.009,0.499
184000,0.503,0.009,0.488
184500,0.517,0.006,0.477
185000,0.525,0.017,0.458
185500,0.486,0.005,0.509
186000,0.523,0.008,0.469
186500,0.544,0.007,0.449
187000,0.590,0.010,0.400
187500,0.566,0.003,0.431
188000,0.528,0.000,0.472
188500,0.511,0.003,0.486
189000,0.518,0.005,0.477
189500,0.515,0.007,0.478
190000,0.536,0.006,0.458
190500,0.549,0.010,0.441
191000,0.517,0.008,0.475
191500,0.550,0.000,0.450
192000,0.527,0.000,0.473
192500,0.489,0.004,0.507
193000,0.501,0.000,0.499
193500,0.526,0.004,0.470
194000,0.502,0.007,0.491
194500,0.573,0.004,0.423
195000,0.594,0.000,0.406
195500,0.604,0.005,0.391
196000,0.579,0.005,0.416
196500,0.504,0.004,0.492
197000,0.519,0.001,0.480
197500,0.482,0.009,0.509
198000,0.492,0.002,0.506
198500,0.513,0.003,0.484
199000,0.488,0.003,0.509
199500,0.471,0.011,0.518
200000,0.509,0.002,0.489
200500,0.624,0.002,0.374
201000,0.575,0.011,0.414
201500,0.599,0.001,0.400
202000,0.555,0.001,0.444
202500,0.593,0.001,0.406
203000,0.587,0.002,0.411
203500,0.617,0.003,0.380
204000,0.542,0.010,0.448
204500,0.569,0.006,0.425
205000,0.554,0.000,0.446
205500,0.496,0.011,0.493
206000,0.491,0.004,0.505
206500,0.513,0.010,0.477
207000,0.543,0.002,0.455
207500,0.595,0.002,0.403
208000,0.547,0.009,0.444
208500,0.584,0.004,0.412
209000,0.568,0.007,0.425
209500,0.538,0.003,0.459
210000,0.510,0.010,0.480
210500,0.532,0.009,0.459
211000,0.586,0.005,0.409
211500,0.532,0.001,0.467
212000,0.512,0.000,0.488
212500,0.476,0.008,0.516
213000,0.482,0.003,0.515
213500,0.494,0.007,0.499
214000,0.496,0.010,0.494
214500,0.516,0.009,0.475
215000,0.466,0.002,0.532
215500,0.523,0.011,0.466
216000,0.523,0.007,0.470
216500,0.499,0.004,0.497
217000,0.507,0.004,0.489
217500,0.514,0.003,0.483
218000,0.489,0.012,0.499
218500,0.452,0.010,0.538
219000,0.395,0.021,0.584
219500,0.455,0.016,0.529
220000,0.468,0.011,0.521
220500,0.499,0.006,0.495
221000,0.504,0.000,0.496
221500,0.488,0.007,0.505
222000,0.501,0.006,0.493
222500,0.512,0.006,0.482
223000,0.539,0.011,0.450
223500,0.552,0.005,0.443
224000,0.575,0.005,0.420
224500,0.534,0.004,0.462
225000,0.572,0.011,0.417
225500,0.524,0.003,0.473
226000,0.517,0.001,0.482
226500,0.543,0.000,0.457
227000,0.566,0.000,0.434
227500,0.603,0.001,0.396
228000,0.563,0.003,0.434
228500,0.571,0.004,0.425
229000,0.565,0.005,0.430
229500,0.560,0.003,0.437
230000,0.554,0.000,0.446
230500,0.556,0.007,0.437
231000,0.511,0.009,0.480
231500,0.593,0.002,0.405
232000,0.562,0.001,0.437
232500,0.570,0.005,0.425
233000,0.583,0.003,0.414
233500,0.551,0.004,0.445
234000,0.548,0.009,0.443
234500,0.531,0.001,0.468
235000,0.544,0.007,0.449
235500,0.585,0.006,0.409
236000,0.559,0.007,0.434
236500,0.510,0.009,0.481
237000,0.552,0.001,0.447
237500,0.587,0.006,0.407
238000,0.584,0.001,0.415
238500,0.571,0.001,0.428
239000,0.572,0.002,0.426
239500,0.528,0.008,0.464
240000,0.541,0.007,0.452
240500,0.468,0.004,0.528
241000,0.446,0.010,0.544
241500,0.418,0.007,0.575
242000,0.419,0.020,0.561
242500,0.417,0.020,0.563
243000,0.454,0.022,0.524
243500,0.399,0.027,0.574
244000,0.391,0.035,0.574
244500,0.388,0.018,0.594
245000,0.413,0.024,0.563
245500,0.433,0.007,0.560
246000,0.495,0.012,0.493
246500,0.497,0.008,0.495
247000,0.509,0.001,0.490
247500,0.539,0.000,0.461
248000,0.538,0.004,0.458
248500,0.563,0.000,0.437
249000,0.510,0.006,0.484
249500,0.504,0.004,0.492
250000,0.517,0.015,0.468
250500,0.528,0.004,0.468
251000,0.571,0.002,0.427
251500,0.573,0.003,0.424
252000,0.538,0.005,0.457
252500,0.501,0.001,0.498
253000,0.509,0.000,0.491
253500,0.479,0.008,0.513
254000,0.485,0.025,0.490
254500,0.483,0.014,0.503
255000,0.478,0.012,0.510
255500,0.501,0.012,0.487
256000,0.475,0.017,0.508
256500,0.459,0.017,0.524
257000,0.507,0.004,0.489
257500,0.531,0.004,0.465
258000,0.518,0.008,0.474
258500,0.426,0.006,0.568
259000,0.514,0.011,0.475
259500,0.523,0.007,0.470
260000,0.518,0.003,0.479
260500,0.505,0.010,0.485
261000,0.499,0.011,0.490
261500,0.529,0.004,0.467
262000,0.549,0.006,0.445
262500,0.502,0.009,0.489
263000,0.473,0.017,0.510
263500,0.492,0.003,0.505
264000,0.496,0.006,0.498
264500,0.509,0.008,0.483
265000,0.559,0.008,0.433
265500,0.552,0.008,0.440
266000,0.493,0.012,0.495
266500,0.521,0.008,0.471
267000,0.540,0.005,0.455
267500,0.557,0.004,0.439
268000,0.579,0.002,0.419
268500,0.574,0.003,0.423
269000,0.534,0.004,0.462
269500,0.511,0.007,0.482
270000,0.484,0.009,0.507
270500,0.461,0.001,0.538
271000,0.539,0.012,0.449
271500,0.589,0.001,0.410
272000,0.613,0.000,0.387
272500,0.592,0.005,0.403
273000,0.609,0.006,0.385
273500,0.588,0.000,0.412
274000,0.601,0.002,0.397
274500,0.642,0.000,0.358
275000,0.642,0.009,0.349
275500,0.601,0.004,0.395
276000,0.632,0.000,0.368
276500,0.663,0.000,0.337
277000,0.648,0.000,0.352
277500,0.626,0.000,0.374
278000,0.641,0.000,0.359
278500,0.641,0.003,0.356
279000,0.595,0.000,0.405
279500,0.591,0.000,0.409
280000,0.569,0.005,0.426
280500,0.609,0.003,0.388
281000,0.605,0.003,0.392
281500,0.560,0.005,0.435
282000,0.564,0.003,0.433
282500,0.532,0.005,0.463
283000,0.552,0.002,0.446
283500,0.592,0.001,0.407
284000,0.642,0.000,0.358
284500,0.630,0.000,0.370
285000,0.583,0.002,0.415
285500,0.565,0.000,0.435
286000,0.545,0.001,0.454
286500,0.496,0.012,0.492
287000,0.487,0.019,0.494
287500,0.506,0.008,0.486
288000,0.464,0.007,0.529
288500,0.442,0.012,0.546
289000,0.415,0.010,0.575
289500,0.498,0.008,0.494
290000,0.474,0.014,0.512
290500,0.496,0.005,0.499
291000,0.475,0.016,0.509
291500,0.451,0.010,0.539
292000,0.464,0.005,0.531
292500,0.483,0.001,0.516
293000,0.483,0.009,0.508
293500,0.446,0.011,0.543
294000,0.440,0.003,0.557
294500,0.496,0.003,0.501
295000,0.481,0.001,0.518
295500,0.481,0.006,0.513
296000,0.549,0.006,0.445
296500,0.496,0.013,0.491
297000,0.469,0.007,0.524
297500,0.463,0.012,0.525
298000,0.475,0.006,0.519
298500,0.469,0.012,0.519
299000,0.510,0.004,0.486
299500,0.515,0.007,0.478
300000,0.502,0.002,0.496
300500,0.488,0.005,0.507
301000,0.449,0.013,0.538
301500,0.470,0.002,0.528
302000,0.515,0.006,0.479
302500,0.499,0.013,0.488
303000,0.467,0.006,0.527
303500,0.465,0.011,0.524
304000,0.497,0.014,0.489
304500,0.482,0.015,0.503
305000,0.444,0.009,0.547
305500,0.414,0.021,0.565
306000,0.422,0.026,0.552
306500,0.453,0.012,0.535
307000,0.509,0.010,0.481
307500,0.512,0.007,0.481
308000,0.499,0.001,0.500
308500,0.480,0.006,0.514
309000,0.463,0.006,0.531
309500,0.489,0.005,0.506
310000,0.490,0.006,0.504
310500,0.526,0.001,0.473
311000,0.541,0.006,0.453
311500,0.543,0.009,0.448
312000,0.527,0.002,0.471
312500,0.544,0.003,0.453
313000,0.605,0.005,0.390
313500,0.544,0.008,0.448
314000,0.557,0.001,0.442
314500,0.468,0.006,0.526
315000,0.526,0.007,0.467
315500,0.502,0.008,0.490
316000,0.512,0.007,0.481
316500,0.524,0.012,0.464
317000,0.506,0.010,0.484
317500,0.515,0.012,0.473
318000,0.513,0.014,0.473
318500,0.484,0.008,0.508
319000,0.491,0.008,0.501
319500,0.473,0.007,0.520
320000,0.450,0.003,0.547
320500,0.507,0.010,0.483
321000,0.469,0.012,0.519
321500,0.484,0.022,0.494
322000,0.469,0.006,0.525
322500,0.496,0.001,0.503
323000,0.530,0.004,0.466
323500,0.492,0.000,0.508
324000,0.472,0.004,0.524
324500,0.501,0.008,0.491
325000,0.515,0.016,0.469
325500,0.470,0.014,0.516
326000,0.484,0.006,0.510
326500,0.518,0.010,0.472
327000,0.552,0.017,0.431
327500,0.511,0.005,0.484
328000,0.515,0.007,0.478
328500,0.480,0.002,0.518
329000,0.548,0.004,0.448
329500,0.558,0.009,0.433
330000,0.511,0.012,0.477
330500,0.480,0.017,0.503
331000,0.457,0.013,0.530
331500,0.457,0.012,0.531
332000,0.447,0.002,0.551
332500,0.445,0.007,0.548
333000,0.531,0.003,0.466
333500,0.555,0.001,0.444
334000,0.618,0.001,0.381
334500,0.589,0.004,0.407
335000,0.562,0.006,0.432
335500,0.530,0.008,0.462
336000,0.521,0.003,0.476
336500,0.491,0.001,0.508
337000,0.471,0.013,0.516
337500,0.491,0.004,0.505
338000,0.517,0.007,0.476
338500,0.494,0.007,0.499
339000,0.451,0.013,0.536
339500,0.424,0.013,0.563
340000,0.430,0.011,0.559
340500,0.476,0.010,0.514
341000,0.435,0.006,0.559
341500,0.484,0.009,0.507
342000,0.489,0.009,0.502
342500,0.528,0.004,0.468
343000,0.566,0.002,0.432
343500,0.569,0.004,0.427
344000,0.571,0.000,0.429
344500,0.604,0.001,0.395
345000,0.615,0.008,0.377
345500,0.603,0.002,0.395
346000,0.533,0.009,0.458
346500,0.525,0.007,0.468
347000,0.542,0.005,0.453
347500,0.551,0.006,0.443
348000,0.530,0.007,0.463
348500,0.507,0.010,0.483
349000,0.507,0.002,0.491
349500,0.499,0.008,0.493
350000,0.500,0.012,0.488
350500,0.520,0.009,0.471
351000,0.503,0.006,0.491
351500,0.492,0.009,0.499
352000,0.545,0.001,0.454
352500,0.525,0.000,0.475
353000,0.565,0.003,0.432
353500,0.512,0.006,0.482
354000,0.528,0.000,0.472
354500,0.531,0.006,0.463
355000,0.522,0.002,0.476
355500,0.540,0.000,0.460
356000,0.524,0.005,0.471
356500,0.583,0.002,0.415
357000,0.616,0.000,0.384
357500,0.604,0.000,0.396
358000,0.631,0.000,0.369
358500,0.595,0.002,0.403
359000,0.588,0.006,0.406
359500,0.552,0.000,0.448
360000,0.550,0.002,0.448
360500,0.541,0.006,0.453
361000,0.554,0.003,0.443
361500,0.512,0.017,0.471
362000,0.471,0.011,0.518
362500,0.468,0.008,0.524
363000,0.509,0.013,0.478
363500,0.517,0.008,0.475
364000,0.523,0.009,0.468
364500,0.553,0.003,0.444
365000,0.519,0.005,0.476
365500,0.545,0.007,0.448
366000,0.571,0.007,0.422
366500,0.546,0.004,0.450
367000,0.539,0.005,0.456
367500,0.517,0.009,0.474
368000,0.457,0.007,0.536
368500,0.500,0.005,0.495
369000,0.492,0.002,0.506
369500,0.456,0.005,0.539
370000,0.441,0.007,0.552
370500,0.449,0.021,0.530
371000,0.439,0.007,0.554
371500,0.516,0.012,0.472
372000,0.526,0.009,0.465
372500,0.510,0.007,0.483
373000,0.512,0.005,0.483
373500,0.537,0.003,0.460
374000,0.545,0.005,0.450
374500,0.532,0.007,0.461
375000,0.516,0.006,0.478
375500,0.587,0.001,0.412
376000,0.558,0.001,0.441
376500,0.512,0.009,0.479
377000,0.541,0.003,0.456
377500,0.539,0.009,0.452
378000,0.510,0.007,0.483
378500,0.559,0.013,0.428
379000,0.559,0.015,0.426
379500,0.521,0.006,0.473
380000,0.545,0.001,0.454
380500,0.519,0.000,0.481
381000,0.463,0.006,0.531
381500,0.473,0.006,0.521
382000,0.461,0.027,0.512
382500,0.481,0.016,0.503
383000,0.492,0.006,0.502
383500,0.538,0.005,0.457
384000,0.564,0.001,0.435
384500,0.527,0.000,0.473
385000,0.552,0.005,0.443
385500,0.571,0.005,0.424
386000,0.545,0.000,0.455
386500,0.585,0.008,0.407
387000,0.572,0.004,0.424
387500,0.537,0.007,0.456
388000,0.544,0.009,0.447
388500,0.532,0.005,0.463
389000,0.522,0.010,0.468
389500,0.534,0.008,0.458
390000,0.570,0.003,0.427
390500,0.555,0.008,0.437
391000,0.555,0.010,0.435
391500,0.532,0.004,0.464
392000,0.501,0.007,0.492
392500,0.536,0.004,0.460
393000,0.567,0.002,0.431
393500,0.553,0.012,0.435
394000,0.539,0.004,0.457
394500,0.549,0.003,0.448
395000,0.607,0.002,0.391
395500,0.614,0.001,0.385
396000,0.580,0.000,0.420
396500,0.568,0.004,0.428
397000,0.578,0.001,0.421
397500,0.548,0.000,0.452
398000,0.572,0.001,0.427
398500,0.558,0.008,0.434
399000,0.536,0.004,0.460
399500,0.491,0.005,0.504
400000,0.530,0.001,0.469
400500,0.581,0.012,0.407
401000,0.563,0.006,0.431
401500,0.543,0.008,0.449
402000,0.530,0.008,0.462
402500,0.517,0.011,0.472
403000,0.533,0.005,0.462
403500,0.534,0.007,0.459
404000,0.506,0.000,0.494
404500,0.501,0.005,0.494
405000,0.528,0.005,0.467
405500,0.504,0.007,0.489
406000,0.510,0.001,0.489
406500,0.487,0.007,0.506
407000,0.484,0.009,0.507
407500,0.429,0.007,0.564
408000,0.492,0.017,0.491
408500,0.498,0.010,0.492
409000,0.484,0.009,0.507
409500,0.487,0.006,0.507
410000,0.524,0.001,0.475
410500,0.539,0.001,0.460
411000,0.584,0.000,0.416
411500,0.604,0.004,0.392
412000,0.606,0.001,0.393
412500,0.594,0.000,0.406
413000,0.585,0.009,0.406
413500,0.610,0.002,0.388
414000,0.612,0.000,0.388
414500,0.571,0.000,0.429
415000,0.578,0.004,0.418
415500,0.613,0.006,0.381
416000,0.560,0.004,0.436
416500,0.539,0.005,0.456
417000,0.556,0.007,0.437
417500,0.551,0.010,0.439
418000,0.553,0.004,0.443
418500,0.555,0.001,0.444
419000,0.533,0.005,0.462
419500,0.482,0.011,0.507
420000,0.467,0.006,0.527
420500,0.469,0.005,0.526
421000,0.469,0.012,0.519
421500,0.451,0.011,0.538
422000,0.431,0.015,0.554
422500,0.503,0.006,0.491
423000,0.485,0.007,0.508
423500,0.497,0.003,0.500
424000,0.583,0.000,0.417
424500,0.595,0.000,0.405
425000,0.551,0.002,0.447
425500,0.552,0.004,0.444
426000,0.506,0.005,0.489
426500,0.518,0.020,0.462
427000,0.538,0.017,0.445
427500,0.515,0.004,0.481
428000,0.515,0.003,0.482
428500,0.579,0.005,0.416
429000,0.615,0.004,0.381
429500,0.553,0.003,0.444
430000,0.557,0.003,0.440
430500,0.569,0.007,0.424
431000,0.552,0.000,0.448
431500,0.538,0.005,0.457
432000,0.495,0.003,0.502
432500,0.559,0.001,0.440
433000,0.490,0.009,0.501
433500,0.508,0.002,0.490
434000,0.527,0.003,0.470
434500,0.521,0.010,0.469
435000,0.524,0.011,0.465
435500,0.544,0.003,0.453
436000,0.549,0.008,0.443
436500,0.474,0.006,0.520
437000,0.486,0.001,0.513
437500,0.393,0.018,0.589
438000,0.459,0.012,0.529
438500,0.416,0.013,0.571
439000,0.475,0.016,0.509
439500,0.466,0.002,0.532
440000,0.452,0.002,0.546
440500,0.485,0.017,0.498
441000,0.478,0.008,0.514
441500,0.525,0.002,0.473
442000,0.536,0.002,0.462
442500,0.552,0.005,0.443
443000,0.536,0.012,0.452
443500,0.548,0.005,0.447
444000,0.564,0.010,0.426
444500,0.523,0.005,0.472
445000,0.526,0.006,0.468
445500,0.520,0.005,0.475
446000,0.535,0.001,0.464
446500,0.521,0.005,0.474
447000,0.489,0.011,0.500
447500,0.507,0.007,0.486
448000,0.443,0.014,0.543
448500,0.459,0.013,0.528
449000,0.472,0.021,0.507
449500,0.465,0.017,0.518
450000,0.502,0.007,0.491
450500,0.504,0.003,0.493
451000,0.509,0.008,0.483
451500,0.528,0.005,0.467
452000,0.490,0.003,0.507
452500,0.523,0.010,0.467
453000,0.492,0.007,0.501
453500,0.541,0.005,0.454
454000,0.502,0.003,0.495
454500,0.507,0.004,0.489
455000,0.529,0.006,0.465
455500,0.505,0.007,0.488
456000,0.532,0.005,0.463
456500,0.533,0.001,0.466
457000,0.550,0.000,0.450
457500,0.593,0.000,0.407
458000,0.627,0.000,0.373
458500,0.584,0.000,0.416
459000,0.613,0.000,0.387
459500,0.613,0.000,0.387
460000,0.609,0.000,0.391
460500,0.581,0.000,0.419
461000,0.637,0.000,0.363
461500,0.589,0.000,0.411
462000,0.589,0.008,0.403
462500,0.564,0.002,0.434
463000,0.554,0.000,0.446
463500,0.536,0.005,0.459
464000,0.578,0.004,0.418
464500,0.544,0.004,0.452
465000,0.560,0.000,0.440
465500,0.533,0.016,0.451
466000,0.555,0.010,0.435
466500,0.592,0.001,0.407
467000,0.559,0.004,0.437
467500,0.563,0.001,0.436
468000,0.568,0.008,0.424
468500,0.524,0.005,0.471
469000,0.523,0.004,0.473
469500,0.532,0.001,0.467
470000,0.462,0.009,0.529
470500,0.500,0.003,0.497
471000,0.522,0.005,0.473
471500,0.566,0.008,0.426
472000,0.551,0.000,0.449
472500,0.551,0.000,0.449
473000,0.547,0.002,0.451
473500,0.544,0.000,0.456
474000,0.559,0.004,0.437
474500,0.544,0.002,0.454
475000,0.528,0.003,0.469
475500,0.531,0.001,0.468
476000,0.525,0.005,0.470
476500,0.502,0.010,0.488
477000,0.536,0.003,0.461
477500,0.600,0.000,0.400
478000,0.551,0.002,0.447
478500,0.569,0.003,0.428
479000,0.563,0.011,0.426
479500,0.605,0.000,0.395
480000,0.596,0.002,0.402
480500,0.540,0.000,0.460
481000,0.586,0.002,0.412
481500,0.579,0.002,0.419
482000,0.630,0.003,0.367
482500,0.591,0.005,0.404
483000,0.581,0.001,0.418
483500,0.537,0.001,0.462
484000,0.550,0.000,0.450
484500,0.547,0.013,0.440
485000,0.577,0.001,0.422
485500,0.564,0.004,0.432
486000,0.590,0.006,0.404
486500,0.577,0.000,0.423
487000,0.551,0.000,0.449
487500,0.600,0.000,0.400
488000,0.588,0.005,0.407
488500,0.583,0.005,0.412
489000,0.568,0.003,0.429
489500,0.527,0.005,0.468
490000,0.537,0.001,0.462
490500,0.523,0.001,0.476
491000,0.537,0.001,0.462
491500,0.542,0.001,0.457
492000,0.558,0.006,0.436
492500,0.534,0.008,0.458
493000,0.575,0.000,0.425
493500,0.496,0.000,0.504
494000,0.502,0.000,0.498
494500,0.489,0.004,0.507
495000,0.477,0.006,0.517
495500,0.490,0.007,0.503
496000,0.528,0.003,0.469
496500,0.549,0.000,0.451
497000,0.515,0.005,0.480
497500,0.543,0.008,0.449
498000,0.551,0.002,0.447
498500,0.571,0.000,0.429
499000,0.560,0.002,0.438
499500,0.529,0.007,0.464
500000,0.483,0.004,0.513
500500,0.495,0.005,0.500
501000,0.508,0.000,0.492
501500,0.483,0.016,0.501
502000,0.416,0.013,0.571
502500,0.486,0.012,0.502
503000,0.495,0.002,0.503
503500,0.540,0.003,0.457
504000,0.544,0.004,0.452
504500,0.523,0.004,0.473
505000,0.504,0.004,0.492
505500,0.554,0.006,0.440
506000,0.519,0.004,0.477
506500,0.500,0.006,0.494
507000,0.540,0.004,0.456
507500,0.522,0.002,0.476
508000,0.491,0.009,0.500
508500,0.453,0.008,0.539
509000,0.532,0.002,0.466
509500,0.535,0.000,0.465
510000,0.566,0.003,0.431
510500,0.553,0.001,0.446
511000,0.518,0.005,0.477
511500,0.506,0.002,0.492
512000,0.470,0.022,0.508
512500,0.467,0.012,0.521
513000,0.424,0.027,0.549
513500,0.410,0.018,0.572
514000,0.475,0.013,0.512
514500,0.543,0.010,0.447
515000,0.506,0.005,0.489
515500,0.511,0.005,0.484
516000,0.479,0.018,0.503
516500,0.457,0.018,0.525
517000,0.535,0.006,0.459
517500,0.553,0.002,0.445
518000,0.575,0.001,0.424
518500,0.557,0.007,0.436
519000,0.497,0.010,0.493
519500,0.509,0.007,0.484
520000,0.520,0.009,0.471
520500,0.559,0.008,0.433
521000,0.498,0.004,0.498
521500,0.547,0.000,0.453
522000,0.536,0.007,0.457
522500,0.571,0.002,0.427
523000,0.560,0.004,0.436
523500,0.548,0.006,0.446
524000,0.508,0.007,0.485
524500,0.501,0.001,0.498
525000,0.494,0.008,0.498
525500,0.482,0.017,0.501
526000,0.487,0.004,0.509
526500,0.478,0.002,0.520
527000,0.495,0.007,0.498
527500,0.526,0.011,0.463
528000,0.555,0.001,0.444
528500,0.586,0.001,0.413
529000,0.615,0.000,0.385
529500,0.616,0.003,0.381
530000,0.536,0.008,0.456
530500,0.501,0.009,0.490
531000,0.497,0.017,0.486
531500,0.515,0.010,0.475
532000,0.512,0.010,0.478
532500,0.532,0.004,0.464
533000,0.537,0.006,0.457
533500,0.508,0.008,0.484
534000,0.538,0.000,0.462
534500,0.507,0.009,0.484
535000,0.485,0.005,0.510
535500,0.495,0.004,0.501
536000,0.492,0.001,0.507
536500,0.501,0.000,0.499
537000,0.502,0.005,0.493
537500,0.582,0.008,0.410
538000,0.600,0.003,0.397
538500,0.538,0.000,0.462
539000,0.547,0.006,0.447
539500,0.513,0.009,0.478
540000,0.517,0.004,0.479
540500,0.499,0.010,0.491
541000,0.519,0.014,0.467
541500,0.488,0.003,0.509
542000,0.483,0.009,0.508
542500,0.543,0.006,0.451
543000,0.562,0.000,0.438
543500,0.551,0.003,0.446
544000,0.567,0.005,0.428
544500,0.531,0.001,0.468
545000,0.488,0.006,0.506
545500,0.528,0.005,0.467
546000,0.554,0.007,0.439
546500,0.518,0.003,0.479
547000,0.582,0.000,0.418
547500,0.626,0.000,0.374
548000,0.571,0.003,0.426
548500,0.581,0.000,0.419
549000,0.516,0.000,0.484
549500,0.565,0.004,0.431
550000,0.528,0.000,0.472
550500,0.549,0.000,0.451
551000,0.608,0.002,0.390
551500,0.645,0.000,0.355
552000,0.620,0.000,0.380
552500,0.577,0.000,0.423
553000,0.562,0.018,0.420
553500,0.532,0.005,0.463
554000,0.519,0.006,0.475
554500,0.487,0.011,0.502
555000,0.492,0.006,0.502
555500,0.528,0.002,0.470
556000,0.510,0.002,0.488
556500,0.576,0.003,0.421
557000,0.604,0.000,0.396
557500,0.582,0.000,0.418
558000,0.554,0.006,0.440
558500,0.464,0.004,0.532
559000,0.494,0.008,0.498
559500,0.506,0.003,0.491
560000,0.521,0.001,0.478
560500,0.545,0.005,0.450
561000,0.607,0.005,0.388
561500,0.577,0.000,0.423
562000,0.581,0.000,0.419
562500,0.599,0.005,0.396
563000,0.554,0.006,0.440
563500,0.555,0.010,0.435
564000,0.602,0.005,0.393
564500,0.589,0.001,0.410
565000,0.561,0.000,0.439
565500,0.571,0.000,0.429
566000,0.546,0.009,0.445
566500,0.558,0.003,0.439
567000,0.567,0.007,0.426
567500,0.556,0.005,0.439
568000,0.600,0.003,0.397
568500,0.546,0.002,0.452
569000,0.521,0.001,0.478
569500,0.521,0.006,0.473
570000,0.536,0.002,0.462
570500,0.560,0.002,0.438
571000,0.562,0.001,0.437
571500,0.534,0.006,0.460
572000,0.471,0.002,0.527
572500,0.492,0.016,0.492
573000,0.537,0.007,0.456
573500,0.568,0.007,0.425
574000,0.569,0.006,0.425
574500,0.527,0.002,0.471
575000,0.492,0.011,0.497
575500,0.514,0.007,0.479
576000,0.472,0.004,0.524
576500,0.493,0.001,0.506
577000,0.465,0.007,0.528
577500,0.434,0.006,0.560
578000,0.495,0.020,0.485
578500,0.510,0.007,0.483
579000,0.550,0.007,0.443
579500,0.543,0.011,0.446
580000,0.507,0.001,0.492
580500,0.538,0.000,0.462
581000,0.563,0.003,0.434
581500,0.576,0.000,0.424
582000,0.575,0.001,0.424
582500,0.595,0.001,0.404
583000,0.601,0.005,0.394
583500,0.609,0.002,0.389
584000,0.593,0.000,0.407
584500,0.606,0.000,0.394
585000,0.531,0.000,0.469
585500,0.538,0.007,0.455
586000,0.475,0.004,0.521
586500,0.533,0.006,0.461
587000,0.488,0.004,0.508
587500,0.551,0.005,0.444
588000,0.537,0.000,0.463
588500,0.547,0.005,0.448
589000,0.467,0.013,0.520
589500,0.460,0.018,0.522
590000,0.420,0.011,0.569
590500,0.459,0.009,0.532
591000,0.471,0.019,0.510
591500,0.470,0.016,0.514
592000,0.473,0.012,0.515
592500,0.526,0.006,0.468
593000,0.524,0.005,0.471
593500,0.527,0.013,0.460
594000,0.438,0.011,0.551
594500,0.495,0.013,0.492
595000,0.494,0.001,0.505
595500,0.487,0.000,0.513
596000,0.522,0.001,0.477
596500,0.566,0.000,0.434
597000,0.557,0.004,0.439
597500,0.550,0.009,0.441
598000,0.535,0.008,0.457
598500,0.527,0.003,0.470
599000,0.543,0.000,0.457
599500,0.546,0.000,0.454
600000,0.564,0.001,0.435
600500,0.550,0.001,0.449
601000,0.554,0.003,0.443
601500,0.542,0.002,0.456
602000,0.547,0.003,0.450
602500,0.491,0.001,0.508
603000,0.476,0.011,0.513
603500,0.498,0.013,0.489
604000,0.475,0.014,0.511
604500,0.461,0.011,0.528
605000,0.462,0.005,0.533
605500,0.480,0.007,0.513
606000,0.447,0.010,0.543
606500,0.431,0.020,0.549
607000,0.374,0.035,0.591
607500,0.388,0.023,0.589
608000,0.459,0.021,0.520
608500,0.532,0.003,0.465
609000,0.545,0.000,0.455
609500,0.504,0.000,0.496
610000,0.499,0.008,0.493
610500,0.490,0.001,0.509
611000,0.524,0.004,0.472
611500,0.510,0.004,0.486
612000,0.517,0.004,0.479
612500,0.549,0.007,0.444
613000,0.522,0.012,0.466
613500,0.538,0.004,0.458
614000,0.516,0.002,0.482
614500,0.525,0.002,0.473
615000,0.552,0.009,0.439
615500,0.567,0.002,0.431
616000,0.555,0.013,0.432
616500,0.471,0.013,0.516
617000,0.496,0.004,0.500
617500,0.527,0.004,0.469
618000,0.449,0.010,0.541
618500,0.504,0.007,0.489
619000,0.487,0.004,0.509
619500,0.511,0.012,0.477
620000,0.539,0.007,0.454
620500,0.533,0.001,0.466
621000,0.557,0.004,0.439
621500,0.576,0.002,0.422
622000,0.566,0.006,0.428
622500,0.568,0.004,0.428
623000,0.522,0.000,0.478
623500,0.504,0.000,0.496
624000,0.501,0.008,0.491
624500,0.536,0.005,0.459
625000,0.533,0.002,0.465
625500,0.580,0.000,0.420
626000,0.619,0.000,0.381
626500,0.569,0.000,0.431
627000,0.541,0.005,0.454
627500,0.454,0.005,0.541
628000,0.489,0.002,0.509
628500,0.474,0.003,0.523
629000,0.505,0.003,0.492
629500,0.502,0.004,0.494
630000,0.557,0.006,0.437
630500,0.544,0.002,0.454
631000,0.561,0.006,0.433
631500,0.524,0.001,0.475
632000,0.509,0.002,0.489
632500,0.556,0.012,0.432
633000,0.518,0.006,0.476
633500,0.488,0.008,0.504
634000,0.502,0.006,0.492
634500,0.506,0.006,0.488
635000,0.532,0.002,0.466
635500,0.554,0.003,0.443
636000,0.576,0.000,0.424
636500,0.593,0.007,0.400
637000,0.567,0.002,0.431
637500,0.530,0.008,0.462
638000,0.564,0.003,0.433
638500,0.530,0.007,0.463
639000,0.517,0.004,0.479
639500,0.568,0.007,0.425
640000,0.512,0.008,0.480
640500,0.529,0.011,0.460
641000,0.547,0.013,0.440
641500,0.566,0.002,0.432
642000,0.550,0.006,0.444
642500,0.526,0.008,0.466
643000,0.540,0.010,0.450
643500,0.542,0.009,0.449
644000,0.505,0.016,0.479
644500,0.476,0.009,0.515
645000,0.452,0.014,0.534
645500,0.446,0.022,0.532
646000,0.419,0.029,0.552
646500,0.464,0.019,0.517
647000,0.454,0.008,0.538
647500,0.427,0.009,0.564
648000,0.489,0.004,0.507
648500,0.564,0.002,0.434
649000,0.553,0.004,0.443
649500,0.552,0.015,0.433
650000,0.530,0.001,0.469
650500,0.521,0.008,0.471
651000,0.516,0.000,0.484
651500,0.531,0.000,0.469
652000,0.552,0.001,0.447
652500,0.537,0.006,0.457
653000,0.527,0.000,0.473
653500,0.514,0.000,0.486
654000,0.512,0.016,0.472
654500,0.543,0.006,0.451
655000,0.560,0.001,0.439
655500,0.562,0.003,0.435
656000,0.551,0.001,0.448
656500,0.545,0.000,0.455
657000,0.526,0.009,0.465
657500,0.556,0.002,0.442
658000,0.577,0.002,0.421
658500,0.526,0.006,0.468
659000,0.470,0.003,0.527
659500,0.486,0.009,0.505
660000,0.472,0.012,0.516
660500,0.497,0.016,0.487
661000,0.530,0.005,0.465
661500,0.537,0.012,0.451
662000,0.470,0.021,0.509
662500,0.452,0.005,0.543
663000,0.415,0.017,0.568
663500,0.443,0.019,0.538
664000,0.436,0.020,0.544
664500,0.489,0.010,0.501
665000,0.444,0.004,0.552
665500,0.484,0.012,0.504
666000,0.481,0.011,0.508
666500,0.474,0.015,0.511
667000,0.507,0.008,0.485
667500,0.461,0.008,0.531
668000,0.459,0.018,0.523
668500,0.420,0.018,0.562
669000,0.419,0.013,0.568
669500,0.390,0.018,0.592
670000,0.437,0.010,0.553
670500,0.423,0.008,0.569
671000,0.442,0.010,0.548
671500,0.425,0.019,0.556
672000,0.381,0.022,0.597
672500,0.458,0.007,0.535
673000,0.481,0.004,0.515
673500,0.456,0.001,0.543
674000,0.478,0.009,0.513
674500,0.453,0.004,0.543
675000,0.441,0.014,0.545
675500,0.479,0.006,0.515
676000,0.540,0.011,0.449
676500,0.512,0.006,0.482
677000,0.490,0.009,0.501
677500,0.541,0.004,0.455
678000,0.492,0.012,0.496
678500,0.455,0.011,0.534
679000,0.425,0.016,0.559
679500,0.456,0.006,0.538
680000,0.487,0.009,0.504
680500,0.600,0.001,0.399
681000,0.572,0.003,0.425
681500,0.563,0.004,0.433
682000,0.566,0.000,0.434
682500,0.547,0.004,0.449
683000,0.504,0.005,0.491
683500,0.565,0.002,0.433
684000,0.571,0.000,0.429
684500,0.532,0.000,0.468
685000,0.570,0.000,0.430
685500,0.563,0.000,0.437
686000,0.531,0.010,0.459
686500,0.474,0.006,0.520
687000,0.477,0.004,0.519
687500,0.493,0.012,0.495
688000,0.512,0.013,0.475
688500,0.520,0.009,0.471
689000,0.488,0.015,0.497
689500,0.522,0.006,0.472
690000,0.513,0.002,0.485
690500,0.550,0.010,0.440
691000,0.510,0.004,0.486
691500,0.466,0.002,0.532
692000,0.514,0.008,0.478
692500,0.470,0.017,0.513
693000,0.448,0.013,0.539
693500,0.458,0.002,0.540
694000,0.482,0.005,0.513
694500,0.456,0.005,0.539
695000,0.449,0.007,0.544
695500,0.449,0.016,0.535
696000,0.451,0.013,0.536
696500,0.461,0.012,0.527
697000,0.434,0.026,0.540
697500,0.459,0.015,0.526
698000,0.470,0.016,0.514
698500,0.457,0.016,0.527
699000,0.470,0.029,0.501
699500,0.479,0.012,0.509
700000,0.477,0.016,0.507
700500,0.452,0.012,0.536
701000,0.452,0.017,0.531
701500,0.500,0.015,0.485
702000,0.466,0.004,0.530
702500,0.491,0.006,0.503
703000,0.483,0.018,0.499
703500,0.403,0.008,0.589
704000,0.404,0.022,0.574
704500,0.397,0.013,0.590
705000,0.438,0.006,0.556
705500,0.418,0.006,0.576
706000,0.472,0.002,0.526
706500,0.495,0.000,0.505
707000,0.473,0.007,0.520
707500,0.470,0.010,0.520
708000,0.445,0.018,0.537
708500,0.451,0.019,0.530
709000,0.480,0.024,0.496
709500,0.504,0.008,0.488
710000,0.481,0.005,0.514
710500,0.436,0.009,0.555
711000,0.464,0.009,0.527
711500,0.478,0.012,0.510
712000,0.488,0.009,0.503
712500,0.439,0.016,0.545
713000,0.468,0.003,0.529
713500,0.520,0.009,0.471
714000,0.582,0.008,0.410
714500,0.569,0.003,0.428
715000,0.598,0.001,0.401
715500,0.583,0.004,0.413
716000,0.577,0.002,0.421
716500,0.535,0.005,0.460
717000,0.487,0.005,0.508
717500,0.488,0.008,0.504
718000,0.472,0.008,0.520
718500,0.504,0.001,0.495
719000,0.531,0.002,0.467
719500,0.530,0.003,0.467
720000,0.519,0.000,0.481
720500,0.548,0.010,0.442
721000,0.470,0.007,0.523
721500,0.434,0.004,0.562
722000,0.427,0.008,0.565
722500,0.442,0.010,0.548
723000,0.485,0.011,0.504
723500,0.454,0.017,0.529
724000,0.427,0.028,0.545
724500,0.456,0.011,0.533
725000,0.422,0.012,0.566
725500,0.500,0.012,0.488
726000,0.532,0.007,0.461
726500,0.539,0.004,0.457
727000,0.521,0.016,0.463
727500,0.517,0.005,0.478
728000,0.514,0.006,0.480
728500,0.492,0.011,0.497
729000,0.508,0.004,0.488
729500,0.556,0.000,0.444
730000,0.543,0.010,0.447
730500,0.502,0.008,0.490
731000,0.475,0.018,0.507
731500,0.456,0.008,0.536
732000,0.475,0.004,0.521
732500,0.532,0.001,0.467
733000,0.553,0.003,0.444
733500,0.461,0.008,0.531
734000,0.480,0.003,0.517
734500,0.498,0.003,0.499
735000,0.478,0.018,0.504
735500,0.437,0.016,0.547
736000,0.454,0.015,0.531
736500,0.427,0.023,0.550
737000,0.415,0.015,0.570
737500,0.451,0.015,0.534
738000,0.503,0.011,0.486
738500,0.544,0.003,0.453
739000,0.572,0.012,0.416
739500,0.557,0.005,0.438
740000,0.527,0.002,0.471
740500,0.513,0.006,0.481
741000,0.464,0.015,0.521
741500,0.444,0.017,0.539
742000,0.482,0.002,0.516
742500,0.516,0.002,0.482
743000,0.493,0.012,0.495
743500,0.483,0.020,0.497
744000,0.477,0.007,0.516
744500,0.511,0.009,0.480
745000,0.489,0.008,0.503
745500,0.521,0.004,0.475
746000,0.532,0.008,0.460
746500,0.514,0.006,0.480
747000,0.518,0.004,0.478
747500,0.537,0.004,0.459
748000,0.528,0.012,0.460
748500,0.520,0.005,0.475
749000,0.584,0.002,0.414
749500,0.561,0.004,0.435
750000,0.567,0.000,0.433
750500,0.566,0.002,0.432
751000,0.544,0.003,0.453
751500,0.513,0.005,0.482
752000,0.530,0.013,0.457
752500,0.511,0.012,0.477
753000,0.492,0.016,0.492
753500,0.494,0.001,0.505
754000,0.557,0.000,0.443
754500,0.548,0.005,0.447
755000,0.553,0.010,0.437
755500,0.549,0.002,0.449
756000,0.579,0.004,0.417
756500,0.578,0.003,0.419
757000,0.564,0.005,0.431
757500,0.535,0.002,0.463
758000,0.511,0.003,0.486
758500,0.512,0.006,0.482
759000,0.521,0.006,0.473
759500,0.497,0.003,0.500
760000,0.486,0.008,0.506
760500,0.468,0.008,0.524
761000,0.504,0.007,0.489
761500,0.495,0.007,0.498
762000,0.497,0.011,0.492
762500,0.478,0.013,0.509
763000,0.517,0.004,0.479
763500,0.486,0.011,0.503
764000,0.508,0.013,0.479
764500,0.470,0.012,0.518
765000,0.528,0.005,0.467
765500,0.586,0.000,0.414
766000,0.557,0.011,0.432
766500,0.545,0.004,0.451
767000,0.538,0.013,0.449
767500,0.487,0.003,0.510
768000,0.513,0.002,0.485
768500,0.589,0.004,0.407
769000,0.552,0.010,0.438
769500,0.504,0.010,0.486
770000,0.497,0.001,0.502
770500,0.487,0.011,0.502
771000,0.484,0.005,0.511
771500,0.470,0.017,0.513
772000,0.475,0.013,0.512
772500,0.477,0.012,0.511
773000,0.460,0.007,0.533
773500,0.476,0.001,0.523
774000,0.468,0.006,0.526
774500,0.505,0.002,0.493
775000,0.517,0.005,0.478
775500,0.495,0.005,0.500
776000,0.482,0.014,0.504
776500,0.471,0.005,0.524
777000,0.460,0.003,0.537
777500,0.463,0.012,0.525
778000,0.454,0.005,0.541
778500,0.477,0.012,0.511
779000,0.526,0.005,0.469
779500,0.532,0.002,0.466
780000,0.506,0.005,0.489
780500,0.506,0.009,0.485
781000,0.487,0.021,0.492
781500,0.459,0.018,0.523
782000,0.497,0.013,0.490
782500,0.461,0.015,0.524
783000,0.463,0.014,0.523
783500,0.458,0.025,0.517
784000,0.456,0.006,0.538
784500,0.466,0.006,0.528
785000,0.484,0.006,0.510
785500,0.503,0.005,0.492
786000,0.507,0.003,0.490
786500,0.499,0.001,0.500
787000,0.562,0.002,0.436
787500,0.531,0.003,0.466
788000,0.565,0.000,0.435
788500,0.577,0.003,0.420
789000,0.536,0.007,0.457
789500,0.518,0.007,0.475
790000,0.473,0.005,0.522
790500,0.534,0.009,0.457
791000,0.505,0.008,0.487
791500,0.489,0.007,0.504
792000,0.455,0.015,0.530
792500,0.420,0.011,0.569
793000,0.470,0.002,0.528
793500,0.520,0.002,0.478
794000,0.543,0.001,0.456
794500,0.544,0.002,0.454
795000,0.587,0.006,0.407
795500,0.614,0.003,0.383
796000,0.585,0.000,0.415
796500,0.554,0.001,0.445
797000,0.504,0.011,0.485
797500,0.483,0.010,0.507
798000,0.476,0.016,0.508
798500,0.471,0.016,0.513
799000,0.478,0.013,0.509
799500,0.465,0.002,0.533
800000,0.496,0.011,0.493
800500,0.488,0.008,0.504
801000,0.485,0.004,0.511
801500,0.498,0.002,0.500
802000,0.531,0.007,0.462
802500,0.572,0.005,0.423
803000,0.514,0.006,0.480
803500,0.447,0.015,0.538
