time,n_A+p,n_B,n_AB
500,0.052,0.891,0.057
1000,0.050,0.826,0.124
1500,0.050,0.764,0.186
2000,0.050,0.715,0.235
2500,0.053,0.666,0.281
3000,0.052,0.613,0.335
3500,0.053,0.566,0.381
4000,0.068,0.520,0.412
4500,0.063,0.507,0.430
5000,0.069,0.473,0.458
5500,0.078,0.428,0.494
6000,0.084,0.429,0.487
6500,0.112,0.368,0.520
7000,0.096,0.388,0.516
7500,0.115,0.372,0.513
8000,0.131,0.334,0.535
8500,0.138,0.332,0.530
9000,0.144,0.299,0.557
9500,0.141,0.304,0.555
10000,0.148,0.268,0.584
10500,0.171,0.261,0.568
11000,0.165,0.223,0.612
11500,0.210,0.191,0.599
12000,0.205,0.190,0.605
12500,0.213,0.195,0.592
13000,0.214,0.183,0.603
13500,0.227,0.153,0.620
14000,0.294,0.155,0.551
14500,0.272,0.137,0.591
15000,0.361,0.099,0.540
15500,0.400,0.083,0.517
16000,0.417,0.065,0.518
16500,0.496,0.043,0.461
17000,0.512,0.028,0.460
17500,0.554,0.032,0.414
18000,0.597,0.018,0.385
18500,0.649,0.011,0.340
19000,0.700,0.006,0.294
19500,0.738,0.002,0.260
20000,0.747,0.000,0.253
20500,0.753,0.004,0.243
21000,0.776,0.000,0.224
21500,0.817,0.000,0.183
22000,0.805,0.000,0.195
22500,0.853,0.000,0.147
23000,0.862,0.000,0.138
23500,0.855,0.000,0.145
24000,0.849,0.000,0.151
24500,0.871,0.000,0.129
25000,0.876,0.000,0.124
25500,0.904,0.000,0.096
26000,0.895,0.000,0.105
26500,0.849,0.000,0.151
27000,0.883,0.000,0.117
27500,0.890,0.000,0.110
28000,0.905,0.000,0.095
28500,0.893,0.000,0.107
29000,0.904,0.000,0.096
29500,0.905,0.000,0.095
30000,0.879,0.000,0.121
30500,0.885,0.000,0.115
31000,0.899,0.000,0.101
31500,0.878,0.000,0.122
32000,0.864,0.000,0.136
32500,0.878,0.000,0.122
33000,0.884,0.000,0.116
33500,0.887,0.000,0.113
34000,0.879,0.000,0.121
34500,0.894,0.000,0.106
35000,0.891,0.000,0.109
35500,0.898,0.000,0.102
36000,0.909,0.000,0.091
36500,0.899,0.000,0.101
37000,0.909,0.000,0.091
37500,0.902,0.000,0.098
38000,0.893,0.000,0.107
38500,0.904,0.000,0.096
39000,0.922,0.000,0.078
39500,0.895,0.000,0.105
40000,0.880,0.000,0.120
40500,0.889,0.000,0.111
41000,0.863,0.000,0.137
41500,0.860,0.000,0.140
42000,0.867,0.000,0.133
42500,0.879,0.000,0.121
43000,0.860,0.000,0.140
43500,0.863,0.000,0.137
44000,0.875,0.000,0.125
44500,0.907,0.000,0.093
45000,0.908,0.000,0.092
45500,0.883,0.000,0.117
46000,0.911,0.000,0.089
46500,0.883,0.000,0.117
47000,0.900,0.000,0.100
47500,0.904,0.000,0.096
48000,0.915,0.000,0.085
48500,0.949,0.000,0.051
49000,0.954,0.000,0.046
49500,0.952,0.000,0.048
50000,0.952,0.000,0.048
50500,0.940,0.000,0.060
51000,0.905,0.000,0.095
51500,0.903,0.000,0.097
52000,0.913,0.000,0.087
52500,0.927,0.000,0.073
53000,0.916,0.000,0.084
53500,0.915,0.000,0.085
54000,0.910,0.000,0.090
54500,0.898,0.000,0.102
55000,0.895,0.000,0.105
55500,0.919,0.000,0.081
56000,0.915,0.000,0.085
56500,0.920,0.000,0.080
57000,0.909,0.000,0.091
57500,0.874,0.000,0.126
58000,0.858,0.000,0.142
58500,0.853,0.000,0.147
59000,0.882,0.000,0.118
59500,0.888,0.000,0.112
60000,0.906,0.000,0.094
60500,0.906,0.000,0.094
61000,0.908,0.000,0.092
61500,0.921,0.000,0.079
62000,0.927,0.000,0.073
62500,0.928,0.000,0.072
63000,0.957,0.000,0.043
63500,0.950,0.000,0.050
64000,0.958,0.000,0.042
64500,0.956,0.000,0.044
65000,0.967,0.000,0.033
65500,0.965,0.000,0.035
66000,0.963,0.000,0.037
66500,0.962,0.000,0.038
67000,0.957,0.000,0.043
67500,0.942,0.000,0.058
68000,0.956,0.000,0.044
68500,0.966,0.000,0.034
69000,0.964,0.000,0.036
69500,0.962,0.000,0.038
70000,0.955,0.000,0.045
70500,0.939,0.000,0.061
71000,0.917,0.000,0.083
71500,0.924,0.000,0.076
72000,0.936,0.000,0.064
72500,0.938,0.000,0.062
73000,0.947,0.000,0.053
73500,0.933,0.000,0.067
74000,0.948,0.000,0.052
74500,0.955,0.000,0.045
75000,0.947,0.000,0.053
75500,0.949,0.000,0.051
76000,0.933,0.000,0.067
76500,0.948,0.000,0.052
77000,0.967,0.000,0.033
77500,0.949,0.000,0.051
78000,0.959,0.000,0.041
78500,0.969,0.000,0.031
79000,0.979,0.000,0.021
79500,0.989,0.000,0.011
80000,0.994,0.000,0.006
80500,0.998,0.000,0.002
81000,0.999,0.000,0.001
81500,0.999,0.000,0.001
82000,1.000,0.000,0.000
