time,n_A+p,n_B,n_AB
500,0.050,0.325,0.625
1000,0.118,0.087,0.795
1500,0.239,0.009,0.752
2000,0.390,0.003,0.607
2500,0.285,0.000,0.715
3000,0.565,0.000,0.435
3500,0.451,0.000,0.549
4000,0.447,0.000,0.553
4500,0.560,0.000,0.440
5000,0.585,0.000,0.415
5500,0.568,0.000,0.432
6000,0.382,0.000,0.618
6500,0.390,0.000,0.610
7000,0.475,0.000,0.525
7500,0.322,0.000,0.678
8000,0.465,0.000,0.535
8500,0.498,0.000,0.502
9000,0.404,0.000,0.596
9500,0.496,0.000,0.504
10000,0.420,0.000,0.580
10500,0.424,0.000,0.576
11000,0.448,0.000,0.552
11500,0.443,0.000,0.557
12000,0.444,0.000,0.556
12500,0.538,0.000,0.462
13000,0.403,0.000,0.597
13500,0.399,0.000,0.601
14000,0.426,0.000,0.574
14500,0.531,0.000,0.469
15000,0.490,0.000,0.510
15500,0.432,0.000,0.568
16000,0.414,0.000,0.586
16500,0.449,0.000,0.551
17000,0.425,0.000,0.575
17500,0.425,0.000,0.575
18000,0.390,0.000,0.610
18500,0.431,0.000,0.569
19000,0.413,0.000,0.587
19500,0.498,0.000,0.502
20000,0.494,0.000,0.506
20500,0.391,0.000,0.609
21000,0.397,0.000,0.603
21500,0.402,0.000,0.598
22000,0.495,0.000,0.505
22500,0.502,0.000,0.498
23000,0.550,0.000,0.450
23500,0.534,0.000,0.466
24000,0.500,0.000,0.500
24500,0.507,0.000,0.493
25000,0.437,0.000,0.563
25500,0.446,0.000,0.554
26000,0.424,0.000,0.576
26500,0.442,0.000,0.558
27000,0.314,0.000,0.686
27500,0.316,0.000,0.684
28000,0.505,0.000,0.495
28500,0.565,0.000,0.435
29000,0.431,0.000,0.569
29500,0.373,0.000,0.627
30000,0.487,0.000,0.513
30500,0.402,0.000,0.598
31000,0.388,0.000,0.612
31500,0.346,0.000,0.654
32000,0.366,0.000,0.634
32500,0.400,0.000,0.600
33000,0.369,0.000,0.631
33500,0.448,0.000,0.552
34000,0.438,0.000,0.562
34500,0.520,0.000,0.480
35000,0.407,0.000,0.593
35500,0.397,0.000,0.603
36000,0.386,0.000,0.614
36500,0.424,0.000,0.576
37000,0.356,0.000,0.644
37500,0.482,0.000,0.518
38000,0.478,0.000,0.522
38500,0.460,0.001,0.539
39000,0.463,0.000,0.537
39500,0.438,0.000,0.562
40000,0.583,0.000,0.417
40500,0.549,0.000,0.451
41000,0.458,0.000,0.542
41500,0.487,0.000,0.513
42000,0.383,0.000,0.617
42500,0.395,0.000,0.605
43000,0.399,0.000,0.601
43500,0.379,0.000,0.621
44000,0.382,0.000,0.618
44500,0.510,0.000,0.490
45000,0.489,0.000,0.511
45500,0.522,0.000,0.478
46000,0.437,0.000,0.563
46500,0.437,0.000,0.563
47000,0.495,0.000,0.505
47500,0.522,0.000,0.478
48000,0.409,0.000,0.591
48500,0.428,0.000,0.572
49000,0.398,0.000,0.602
49500,0.532,0.000,0.468
50000,0.423,0.000,0.577
50500,0.446,0.000,0.554
51000,0.472,0.000,0.528
51500,0.539,0.000,0.461
52000,0.426,0.000,0.574
52500,0.372,0.000,0.628
53000,0.373,0.001,0.626
53500,0.483,0.000,0.517
54000,0.527,0.000,0.473
54500,0.451,0.000,0.549
55000,0.562,0.000,0.438
55500,0.611,0.000,0.389
56000,0.467,0.000,0.533
56500,0.529,0.000,0.471
57000,0.546,0.000,0.454
57500,0.484,0.000,0.516
58000,0.443,0.000,0.557
58500,0.394,0.001,0.605
59000,0.691,0.000,0.309
59500,0.547,0.000,0.453
60000,0.358,0.000,0.642
60500,0.367,0.000,0.633
61000,0.409,0.000,0.591
61500,0.517,0.000,0.483
62000,0.521,0.000,0.479
62500,0.495,0.000,0.505
63000,0.454,0.000,0.546
63500,0.414,0.000,0.586
64000,0.456,0.000,0.544
64500,0.466,0.000,0.534
65000,0.473,0.000,0.527
65500,0.515,0.000,0.485
66000,0.399,0.000,0.601
66500,0.436,0.000,0.564
67000,0.526,0.000,0.474
67500,0.449,0.000,0.551
68000,0.418,0.000,0.582
68500,0.499,0.000,0.501
69000,0.511,0.000,0.489
69500,0.553,0.000,0.447
70000,0.418,0.000,0.582
70500,0.447,0.009,0.544
71000,0.382,0.000,0.618
71500,0.466,0.000,0.534
72000,0.456,0.000,0.544
72500,0.429,0.001,0.570
73000,0.404,0.000,0.596
73500,0.450,0.000,0.550
74000,0.434,0.000,0.566
74500,0.412,0.000,0.588
75000,0.484,0.000,0.516
75500,0.474,0.000,0.526
76000,0.462,0.000,0.538
76500,0.433,0.000,0.567
77000,0.329,0.000,0.671
77500,0.370,0.000,0.630
78000,0.379,0.000,0.621
78500,0.394,0.000,0.606
79000,0.393,0.000,0.607
79500,0.435,0.000,0.565
80000,0.319,0.000,0.681
80500,0.521,0.000,0.479
81000,0.482,0.000,0.518
81500,0.498,0.000,0.502
82000,0.598,0.000,0.402
82500,0.522,0.000,0.478
83000,0.563,0.000,0.437
83500,0.475,0.000,0.525
84000,0.440,0.000,0.560
84500,0.482,0.000,0.518
85000,0.515,0.000,0.485
85500,0.483,0.000,0.517
86000,0.554,0.000,0.446
86500,0.435,0.000,0.565
87000,0.466,0.000,0.534
87500,0.513,0.000,0.487
88000,0.439,0.000,0.561
88500,0.421,0.000,0.579
89000,0.372,0.000,0.628
89500,0.506,0.000,0.494
90000,0.488,0.000,0.512
90500,0.406,0.000,0.594
91000,0.453,0.000,0.547
91500,0.468,0.000,0.532
92000,0.487,0.000,0.513
92500,0.483,0.000,0.517
93000,0.484,0.000,0.516
93500,0.598,0.000,0.402
94000,0.509,0.000,0.491
94500,0.421,0.000,0.579
95000,0.473,0.000,0.527
95500,0.379,0.000,0.621
96000,0.396,0.000,0.604
96500,0.379,0.010,0.611
97000,0.385,0.004,0.611
97500,0.286,0.000,0.714
98000,0.382,0.002,0.616
98500,0.548,0.000,0.452
99000,0.515,0.000,0.485
99500,0.467,0.000,0.533
100000,0.440,0.000,0.560
100500,0.485,0.000,0.515
101000,0.381,0.000,0.619
101500,0.414,0.000,0.586
102000,0.413,0.000,0.587
102500,0.494,0.000,0.506
103000,0.361,0.000,0.639
103500,0.502,0.000,0.498
104000,0.362,0.000,0.638
104500,0.376,0.000,0.624
105000,0.396,0.000,0.604
105500,0.539,0.000,0.461
106000,0.425,0.000,0.575
106500,0.333,0.000,0.667
107000,0.360,0.000,0.640
107500,0.491,0.000,0.509
108000,0.399,0.000,0.601
108500,0.403,0.000,0.597
109000,0.373,0.000,0.627
109500,0.398,0.000,0.602
110000,0.437,0.000,0.563
110500,0.491,0.000,0.509
111000,0.481,0.000,0.519
111500,0.475,0.000,0.525
112000,0.511,0.000,0.489
112500,0.534,0.000,0.466
113000,0.654,0.000,0.346
113500,0.576,0.000,0.424
114000,0.567,0.000,0.433
114500,0.416,0.000,0.584
115000,0.459,0.000,0.541
115500,0.539,0.000,0.461
116000,0.554,0.000,0.446
116500,0.413,0.000,0.587
117000,0.354,0.000,0.646
117500,0.449,0.000,0.551
118000,0.394,0.000,0.606
118500,0.480,0.000,0.520
119000,0.449,0.000,0.551
119500,0.396,0.000,0.604
120000,0.447,0.000,0.553
120500,0.607,0.000,0.393
121000,0.720,0.000,0.280
121500,0.542,0.000,0.458
122000,0.431,0.000,0.569
122500,0.413,0.000,0.587
123000,0.424,0.000,0.576
123500,0.457,0.000,0.543
124000,0.340,0.000,0.660
124500,0.457,0.000,0.543
125000,0.421,0.000,0.579
125500,0.589,0.000,0.411
126000,0.497,0.000,0.503
126500,0.436,0.000,0.564
127000,0.396,0.000,0.604
127500,0.418,0.000,0.582
128000,0.363,0.000,0.637
128500,0.362,0.000,0.638
129000,0.437,0.000,0.563
129500,0.437,0.000,0.563
130000,0.364,0.000,0.636
130500,0.415,0.000,0.585
131000,0.437,0.000,0.563
131500,0.459,0.000,0.541
132000,0.417,0.000,0.583
132500,0.398,0.010,0.592
133000,0.404,0.000,0.596
133500,0.333,0.000,0.667
134000,0.457,0.000,0.543
134500,0.431,0.000,0.569
135000,0.494,0.000,0.506
135500,0.403,0.000,0.597
136000,0.423,0.000,0.577
136500,0.485,0.000,0.515
137000,0.506,0.000,0.494
137500,0.402,0.000,0.598
138000,0.451,0.000,0.549
138500,0.398,0.000,0.602
139000,0.335,0.000,0.665
139500,0.442,0.000,0.558
140000,0.418,0.000,0.582
140500,0.403,0.000,0.597
141000,0.520,0.000,0.480
141500,0.461,0.000,0.539
142000,0.392,0.000,0.608
142500,0.441,0.000,0.559
143000,0.599,0.000,0.401
143500,0.427,0.000,0.573
144000,0.526,0.000,0.474
144500,0.546,0.000,0.454
145000,0.608,0.000,0.392
145500,0.468,0.000,0.532
146000,0.494,0.000,0.506
146500,0.404,0.000,0.596
147000,0.360,0.000,0.640
147500,0.428,0.000,0.572
148000,0.539,0.000,0.461
148500,0.551,0.000,0.449
149000,0.563,0.000,0.437
149500,0.494,0.000,0.506
150000,0.445,0.000,0.555
150500,0.435,0.000,0.565
151000,0.495,0.000,0.505
151500,0.425,0.000,0.575
152000,0.484,0.000,0.516
152500,0.476,0.000,0.524
153000,0.427,0.000,0.573
153500,0.483,0.000,0.517
154000,0.460,0.000,0.540
154500,0.514,0.000,0.486
155000,0.512,0.000,0.488
155500,0.570,0.000,0.430
156000,0.669,0.000,0.331
156500,0.536,0.000,0.464
157000,0.471,0.000,0.529
157500,0.473,0.000,0.527
158000,0.499,0.000,0.501
158500,0.500,0.000,0.500
159000,0.440,0.000,0.560
159500,0.519,0.000,0.481
160000,0.355,0.000,0.645
160500,0.428,0.000,0.572
161000,0.450,0.000,0.550
161500,0.458,0.000,0.542
162000,0.479,0.000,0.521
162500,0.417,0.000,0.583
163000,0.365,0.000,0.635
163500,0.422,0.000,0.578
164000,0.538,0.000,0.462
164500,0.324,0.000,0.676
165000,0.345,0.000,0.655
165500,0.397,0.000,0.603
166000,0.451,0.000,0.549
166500,0.463,0.000,0.537
167000,0.400,0.000,0.600
167500,0.366,0.010,0.624
168000,0.478,0.000,0.522
168500,0.478,0.000,0.522
169000,0.508,0.000,0.492
169500,0.508,0.000,0.492
170000,0.495,0.000,0.505
170500,0.445,0.000,0.555
171000,0.459,0.000,0.541
171500,0.444,0.000,0.556
172000,0.383,0.000,0.617
172500,0.431,0.000,0.569
173000,0.509,0.000,0.491
173500,0.461,0.000,0.539
174000,0.537,0.000,0.463
174500,0.405,0.000,0.595
175000,0.461,0.000,0.539
175500,0.508,0.000,0.492
176000,0.458,0.000,0.542
176500,0.416,0.000,0.584
177000,0.452,0.000,0.548
177500,0.495,0.000,0.505
178000,0.509,0.000,0.491
178500,0.400,0.000,0.600
179000,0.387,0.000,0.613
179500,0.396,0.000,0.604
180000,0.479,0.000,0.521
180500,0.582,0.000,0.418
181000,0.428,0.000,0.572
181500,0.445,0.000,0.555
182000,0.439,0.000,0.561
182500,0.494,0.000,0.506
183000,0.458,0.000,0.542
183500,0.397,0.000,0.603
184000,0.403,0.000,0.597
184500,0.485,0.000,0.515
185000,0.432,0.000,0.568
185500,0.458,0.000,0.542
186000,0.483,0.000,0.517
186500,0.502,0.000,0.498
187000,0.403,0.000,0.597
187500,0.453,0.000,0.547
188000,0.344,0.000,0.656
188500,0.392,0.000,0.608
189000,0.458,0.000,0.542
189500,0.422,0.000,0.578
190000,0.535,0.000,0.465
190500,0.463,0.000,0.537
191000,0.429,0.000,0.571
191500,0.399,0.000,0.601
192000,0.297,0.000,0.703
192500,0.464,0.000,0.536
193000,0.442,0.000,0.558
193500,0.503,0.000,0.497
194000,0.474,0.000,0.526
194500,0.380,0.000,0.620
195000,0.372,0.000,0.628
195500,0.420,0.000,0.580
196000,0.446,0.000,0.554
196500,0.422,0.000,0.578
197000,0.492,0.000,0.508
197500,0.570,0.000,0.430
198000,0.409,0.000,0.591
198500,0.405,0.000,0.595
199000,0.391,0.000,0.609
199500,0.323,0.000,0.677
200000,0.480,0.000,0.520
200500,0.446,0.000,0.554
201000,0.498,0.000,0.502
201500,0.440,0.000,0.560
202000,0.541,0.000,0.459
202500,0.478,0.000,0.522
203000,0.462,0.000,0.538
203500,0.486,0.000,0.514
204000,0.421,0.000,0.579
204500,0.354,0.000,0.646
205000,0.415,0.000,0.585
205500,0.478,0.000,0.522
206000,0.478,0.000,0.522
206500,0.492,0.000,0.508
207000,0.597,0.000,0.403
207500,0.567,0.000,0.433
208000,0.511,0.000,0.489
208500,0.471,0.000,0.529
209000,0.432,0.000,0.568
209500,0.440,0.000,0.560
210000,0.471,0.000,0.529
210500,0.454,0.000,0.546
211000,0.465,0.000,0.535
211500,0.395,0.000,0.605
212000,0.431,0.000,0.569
212500,0.394,0.000,0.606
213000,0.394,0.000,0.606
213500,0.462,0.000,0.538
214000,0.565,0.000,0.435
214500,0.451,0.000,0.549
215000,0.342,0.000,0.658
215500,0.448,0.000,0.552
216000,0.303,0.000,0.697
216500,0.463,0.000,0.537
217000,0.367,0.000,0.633
217500,0.419,0.000,0.581
218000,0.462,0.000,0.538
218500,0.482,0.000,0.518
219000,0.452,0.000,0.548
219500,0.436,0.000,0.564
220000,0.527,0.000,0.473
220500,0.587,0.000,0.413
221000,0.438,0.000,0.562
221500,0.467,0.000,0.533
222000,0.449,0.000,0.551
222500,0.374,0.000,0.626
223000,0.351,0.000,0.649
223500,0.463,0.000,0.537
224000,0.512,0.000,0.488
224500,0.395,0.000,0.605
225000,0.434,0.000,0.566
225500,0.293,0.000,0.707
226000,0.479,0.000,0.521
226500,0.531,0.000,0.469
227000,0.464,0.000,0.536
227500,0.400,0.000,0.600
228000,0.472,0.000,0.528
228500,0.486,0.000,0.514
229000,0.427,0.000,0.573
229500,0.465,0.000,0.535
230000,0.507,0.000,0.493
230500,0.461,0.000,0.539
231000,0.460,0.000,0.540
231500,0.528,0.000,0.472
232000,0.498,0.000,0.502
232500,0.484,0.000,0.516
233000,0.485,0.000,0.515
233500,0.459,0.000,0.541
234000,0.396,0.000,0.604
234500,0.462,0.000,0.538
235000,0.560,0.000,0.440
235500,0.502,0.000,0.498
236000,0.434,0.000,0.566
236500,0.418,0.000,0.582
237000,0.331,0.000,0.669
237500,0.463,0.000,0.537
238000,0.410,0.000,0.590
238500,0.440,0.000,0.560
239000,0.479,0.000,0.521
239500,0.481,0.000,0.519
240000,0.394,0.000,0.606
240500,0.372,0.000,0.628
241000,0.453,0.000,0.547
241500,0.463,0.000,0.537
242000,0.429,0.000,0.571
242500,0.353,0.000,0.647
243000,0.439,0.000,0.561
243500,0.508,0.000,0.492
244000,0.462,0.000,0.538
244500,0.496,0.000,0.504
245000,0.466,0.000,0.534
245500,0.459,0.000,0.541
246000,0.533,0.000,0.467
246500,0.442,0.000,0.558
247000,0.462,0.000,0.538
247500,0.442,0.000,0.558
248000,0.506,0.000,0.494
248500,0.461,0.000,0.539
249000,0.440,0.000,0.560
249500,0.518,0.000,0.482
250000,0.475,0.000,0.525
250500,0.420,0.000,0.580
251000,0.422,0.000,0.578
251500,0.485,0.000,0.515
252000,0.460,0.000,0.540
252500,0.494,0.000,0.506
253000,0.391,0.000,0.609
253500,0.384,0.000,0.616
254000,0.438,0.000,0.562
254500,0.406,0.000,0.594
255000,0.502,0.000,0.498
255500,0.539,0.000,0.461
256000,0.483,0.000,0.517
256500,0.520,0.000,0.480
257000,0.405,0.000,0.595
257500,0.468,0.000,0.532
258000,0.476,0.000,0.524
258500,0.402,0.000,0.598
259000,0.434,0.000,0.566
259500,0.409,0.000,0.591
260000,0.523,0.000,0.477
260500,0.411,0.000,0.589
261000,0.591,0.000,0.409
261500,0.537,0.000,0.463
262000,0.420,0.000,0.580
262500,0.523,0.000,0.477
263000,0.406,0.000,0.594
263500,0.456,0.000,0.544
264000,0.468,0.000,0.532
264500,0.465,0.000,0.535
265000,0.468,0.000,0.532
265500,0.463,0.000,0.537
266000,0.469,0.000,0.531
266500,0.409,0.000,0.591
267000,0.495,0.000,0.505
267500,0.553,0.000,0.447
268000,0.517,0.000,0.483
268500,0.445,0.000,0.555
269000,0.407,0.000,0.593
269500,0.454,0.000,0.546
270000,0.421,0.000,0.579
270500,0.308,0.000,0.692
271000,0.620,0.000,0.380
271500,0.495,0.000,0.505
272000,0.469,0.000,0.531
272500,0.323,0.007,0.670
273000,0.384,0.000,0.616
273500,0.446,0.005,0.549
274000,0.497,0.000,0.503
274500,0.385,0.000,0.615
275000,0.405,0.000,0.595
275500,0.452,0.000,0.548
276000,0.377,0.000,0.623
276500,0.424,0.000,0.576
277000,0.511,0.000,0.489
277500,0.400,0.000,0.600
278000,0.393,0.000,0.607
278500,0.385,0.000,0.615
279000,0.376,0.000,0.624
279500,0.464,0.000,0.536
280000,0.400,0.000,0.600
280500,0.407,0.002,0.591
281000,0.392,0.000,0.608
281500,0.471,0.000,0.529
282000,0.467,0.000,0.533
282500,0.634,0.000,0.366
283000,0.537,0.000,0.463
283500,0.521,0.000,0.479
284000,0.563,0.000,0.437
284500,0.475,0.000,0.525
285000,0.526,0.000,0.474
285500,0.385,0.000,0.615
286000,0.430,0.000,0.570
286500,0.401,0.000,0.599
287000,0.389,0.000,0.611
287500,0.468,0.000,0.532
288000,0.431,0.000,0.569
288500,0.400,0.000,0.600
289000,0.432,0.000,0.568
289500,0.499,0.000,0.501
290000,0.563,0.000,0.437
290500,0.458,0.000,0.542
291000,0.475,0.000,0.525
291500,0.327,0.000,0.673
292000,0.380,0.000,0.620
292500,0.412,0.000,0.588
293000,0.559,0.000,0.441
293500,0.495,0.000,0.505
294000,0.599,0.000,0.401
294500,0.559,0.000,0.441
295000,0.417,0.000,0.583
295500,0.474,0.000,0.526
296000,0.348,0.000,0.652
296500,0.482,0.000,0.518
297000,0.526,0.000,0.474
297500,0.447,0.000,0.553
298000,0.422,0.000,0.578
298500,0.489,0.000,0.511
299000,0.499,0.000,0.501
299500,0.599,0.000,0.401
300000,0.360,0.000,0.640
300500,0.524,0.000,0.476
301000,0.485,0.000,0.515
301500,0.494,0.000,0.506
302000,0.502,0.000,0.498
302500,0.403,0.000,0.597
303000,0.335,0.000,0.665
303500,0.310,0.009,0.681
304000,0.302,0.003,0.695
304500,0.475,0.000,0.525
305000,0.497,0.000,0.503
305500,0.501,0.000,0.499
306000,0.404,0.000,0.596
306500,0.444,0.000,0.556
307000,0.422,0.000,0.578
307500,0.448,0.000,0.552
308000,0.440,0.000,0.560
308500,0.498,0.000,0.502
309000,0.484,0.000,0.516
309500,0.394,0.000,0.606
310000,0.412,0.000,0.588
310500,0.548,0.000,0.452
311000,0.543,0.000,0.457
311500,0.446,0.000,0.554
312000,0.452,0.000,0.548
312500,0.455,0.000,0.545
313000,0.485,0.000,0.515
313500,0.444,0.000,0.556
314000,0.429,0.000,0.571
314500,0.544,0.000,0.456
315000,0.461,0.000,0.539
315500,0.393,0.000,0.607
316000,0.488,0.000,0.512
316500,0.377,0.000,0.623
317000,0.493,0.000,0.507
317500,0.523,0.000,0.477
318000,0.450,0.000,0.550
318500,0.431,0.000,0.569
319000,0.493,0.000,0.507
319500,0.489,0.000,0.511
320000,0.442,0.000,0.558
320500,0.461,0.000,0.539
321000,0.454,0.000,0.546
321500,0.557,0.000,0.443
322000,0.358,0.000,0.642
322500,0.457,0.000,0.543
323000,0.411,0.000,0.589
323500,0.465,0.000,0.535
324000,0.382,0.000,0.618
324500,0.455,0.000,0.545
325000,0.453,0.000,0.547
325500,0.437,0.000,0.563
326000,0.440,0.000,0.560
326500,0.428,0.000,0.572
327000,0.430,0.000,0.570
327500,0.448,0.000,0.552
328000,0.537,0.000,0.463
328500,0.404,0.000,0.596
329000,0.464,0.000,0.536
329500,0.374,0.000,0.626
330000,0.423,0.000,0.577
330500,0.402,0.000,0.598
331000,0.384,0.000,0.616
331500,0.412,0.000,0.588
332000,0.428,0.000,0.572
332500,0.393,0.000,0.607
333000,0.504,0.000,0.496
333500,0.372,0.000,0.628
334000,0.465,0.000,0.535
334500,0.480,0.000,0.520
335000,0.537,0.000,0.463
335500,0.355,0.000,0.645
336000,0.372,0.000,0.628
336500,0.417,0.000,0.583
337000,0.467,0.000,0.533
337500,0.429,0.000,0.571
338000,0.443,0.000,0.557
338500,0.408,0.000,0.592
339000,0.416,0.000,0.584
339500,0.407,0.000,0.593
340000,0.453,0.000,0.547
340500,0.544,0.000,0.456
341000,0.516,0.000,0.484
341500,0.534,0.000,0.466
342000,0.428,0.000,0.572
342500,0.396,0.000,0.604
343000,0.461,0.000,0.539
343500,0.433,0.000,0.567
344000,0.446,0.000,0.554
344500,0.410,0.000,0.590
345000,0.496,0.000,0.504
345500,0.359,0.000,0.641
346000,0.325,0.000,0.675
346500,0.278,0.007,0.715
347000,0.386,0.000,0.614
347500,0.484,0.000,0.516
348000,0.454,0.000,0.546
348500,0.430,0.000,0.570
349000,0.549,0.001,0.450
349500,0.400,0.000,0.600
350000,0.474,0.000,0.526
350500,0.476,0.000,0.524
351000,0.389,0.000,0.611
351500,0.444,0.000,0.556
352000,0.473,0.000,0.527
352500,0.525,0.000,0.475
353000,0.569,0.000,0.431
353500,0.473,0.000,0.527
354000,0.550,0.000,0.450
354500,0.432,0.000,0.568
355000,0.485,0.000,0.515
355500,0.464,0.000,0.536
356000,0.346,0.000,0.654
356500,0.428,0.000,0.572
357000,0.452,0.000,0.548
357500,0.434,0.000,0.566
358000,0.436,0.000,0.564
358500,0.503,0.000,0.497
359000,0.351,0.000,0.649
359500,0.395,0.000,0.605
360000,0.478,0.000,0.522
360500,0.466,0.001,0.533
361000,0.473,0.000,0.527
361500,0.444,0.000,0.556
362000,0.412,0.000,0.588
362500,0.445,0.000,0.555
363000,0.406,0.000,0.594
363500,0.477,0.000,0.523
364000,0.601,0.000,0.399
364500,0.471,0.000,0.529
365000,0.352,0.000,0.648
365500,0.512,0.000,0.488
366000,0.476,0.000,0.524
366500,0.437,0.000,0.563
367000,0.394,0.000,0.606
367500,0.513,0.000,0.487
368000,0.521,0.000,0.479
368500,0.552,0.000,0.448
369000,0.485,0.000,0.515
369500,0.379,0.000,0.621
370000,0.394,0.000,0.606
370500,0.427,0.000,0.573
371000,0.506,0.000,0.494
371500,0.461,0.000,0.539
372000,0.427,0.000,0.573
372500,0.418,0.000,0.582
373000,0.410,0.000,0.590
373500,0.476,0.000,0.524
374000,0.414,0.000,0.586
374500,0.289,0.000,0.711
375000,0.317,0.000,0.683
375500,0.537,0.000,0.463
376000,0.459,0.000,0.541
376500,0.337,0.000,0.663
377000,0.413,0.000,0.587
377500,0.333,0.000,0.667
378000,0.524,0.000,0.476
378500,0.501,0.000,0.499
379000,0.452,0.000,0.548
379500,0.375,0.000,0.625
380000,0.369,0.000,0.631
380500,0.355,0.000,0.645
381000,0.417,0.000,0.583
381500,0.504,0.000,0.496
382000,0.436,0.000,0.564
382500,0.359,0.000,0.641
383000,0.353,0.000,0.647
383500,0.341,0.001,0.658
384000,0.411,0.000,0.589
384500,0.454,0.000,0.546
385000,0.486,0.000,0.514
385500,0.436,0.000,0.564
386000,0.487,0.000,0.513
386500,0.517,0.000,0.483
387000,0.397,0.000,0.603
387500,0.422,0.000,0.578
388000,0.434,0.000,0.566
388500,0.389,0.000,0.611
389000,0.456,0.000,0.544
389500,0.437,0.000,0.563
390000,0.386,0.000,0.614
390500,0.315,0.000,0.685
391000,0.497,0.000,0.503
391500,0.341,0.000,0.659
392000,0.494,0.000,0.506
392500,0.456,0.000,0.544
393000,0.502,0.000,0.498
393500,0.498,0.000,0.502
394000,0.463,0.000,0.537
394500,0.433,0.000,0.567
395000,0.417,0.000,0.583
395500,0.438,0.000,0.562
396000,0.404,0.000,0.596
396500,0.403,0.000,0.597
397000,0.415,0.000,0.585
397500,0.422,0.000,0.578
398000,0.385,0.000,0.615
398500,0.487,0.000,0.513
399000,0.478,0.000,0.522
399500,0.555,0.000,0.445
400000,0.421,0.000,0.579
400500,0.520,0.000,0.480
401000,0.344,0.000,0.656
401500,0.449,0.000,0.551
402000,0.404,0.000,0.596
402500,0.342,0.000,0.658
403000,0.503,0.000,0.497
403500,0.425,0.000,0.575
404000,0.463,0.000,0.537
404500,0.309,0.000,0.691
405000,0.419,0.000,0.581
405500,0.390,0.000,0.610
406000,0.410,0.000,0.590
406500,0.457,0.000,0.543
407000,0.499,0.000,0.501
407500,0.544,0.000,0.456
408000,0.485,0.000,0.515
408500,0.542,0.000,0.458
409000,0.430,0.000,0.570
409500,0.331,0.000,0.669
410000,0.470,0.000,0.530
410500,0.419,0.000,0.581
411000,0.461,0.000,0.539
411500,0.454,0.000,0.546
412000,0.341,0.000,0.659
412500,0.501,0.000,0.499
413000,0.577,0.000,0.423
413500,0.573,0.000,0.427
414000,0.593,0.000,0.407
414500,0.601,0.000,0.399
415000,0.361,0.000,0.639
415500,0.329,0.000,0.671
416000,0.482,0.000,0.518
416500,0.481,0.000,0.519
417000,0.416,0.000,0.584
417500,0.413,0.000,0.587
418000,0.405,0.000,0.595
418500,0.481,0.000,0.519
419000,0.501,0.000,0.499
419500,0.370,0.000,0.630
420000,0.416,0.000,0.584
420500,0.518,0.000,0.482
421000,0.512,0.000,0.488
421500,0.495,0.000,0.505
422000,0.547,0.000,0.453
422500,0.583,0.000,0.417
423000,0.423,0.000,0.577
423500,0.451,0.000,0.549
424000,0.427,0.000,0.573
424500,0.462,0.000,0.538
425000,0.415,0.000,0.585
425500,0.414,0.000,0.586
426000,0.411,0.000,0.589
426500,0.376,0.000,0.624
427000,0.424,0.000,0.576
427500,0.474,0.000,0.526
428000,0.423,0.000,0.577
428500,0.443,0.000,0.557
429000,0.427,0.000,0.573
429500,0.479,0.000,0.521
430000,0.469,0.000,0.531
430500,0.447,0.000,0.553
431000,0.481,0.000,0.519
431500,0.547,0.000,0.453
432000,0.434,0.000,0.566
432500,0.411,0.000,0.589
433000,0.445,0.000,0.555
433500,0.470,0.000,0.530
434000,0.462,0.000,0.538
434500,0.546,0.000,0.454
435000,0.499,0.000,0.501
435500,0.478,0.000,0.522
436000,0.421,0.000,0.579
436500,0.456,0.000,0.544
437000,0.449,0.000,0.551
437500,0.642,0.000,0.358
438000,0.544,0.000,0.456
438500,0.655,0.000,0.345
439000,0.508,0.000,0.492
439500,0.468,0.000,0.532
440000,0.413,0.000,0.587
440500,0.351,0.000,0.649
441000,0.344,0.000,0.656
441500,0.354,0.000,0.646
442000,0.527,0.000,0.473
442500,0.543,0.000,0.457
443000,0.458,0.000,0.542
443500,0.453,0.000,0.547
444000,0.491,0.000,0.509
444500,0.451,0.000,0.549
445000,0.496,0.000,0.504
445500,0.479,0.000,0.521
446000,0.490,0.000,0.510
446500,0.413,0.000,0.587
447000,0.495,0.000,0.505
447500,0.415,0.000,0.585
448000,0.324,0.000,0.676
448500,0.352,0.000,0.648
449000,0.461,0.000,0.539
449500,0.476,0.000,0.524
450000,0.354,0.000,0.646
450500,0.381,0.002,0.617
451000,0.414,0.000,0.586
451500,0.409,0.000,0.591
452000,0.371,0.000,0.629
452500,0.347,0.000,0.653
453000,0.515,0.000,0.485
453500,0.333,0.000,0.667
454000,0.499,0.000,0.501
454500,0.440,0.000,0.560
455000,0.510,0.000,0.490
455500,0.503,0.000,0.497
456000,0.472,0.000,0.528
456500,0.466,0.000,0.534
457000,0.438,0.000,0.562
457500,0.477,0.000,0.523
458000,0.469,0.000,0.531
458500,0.462,0.000,0.538
459000,0.363,0.000,0.637
459500,0.394,0.000,0.606
460000,0.418,0.000,0.582
460500,0.508,0.000,0.492
461000,0.473,0.000,0.527
461500,0.414,0.000,0.586
462000,0.476,0.000,0.524
462500,0.537,0.000,0.463
463000,0.406,0.000,0.594
463500,0.470,0.000,0.530
464000,0.382,0.000,0.618
464500,0.471,0.000,0.529
465000,0.340,0.000,0.660
465500,0.414,0.000,0.586
466000,0.310,0.000,0.690
466500,0.426,0.000,0.574
467000,0.457,0.000,0.543
467500,0.559,0.000,0.441
468000,0.436,0.000,0.564
468500,0.512,0.000,0.488
469000,0.564,0.000,0.436
469500,0.408,0.000,0.592
470000,0.499,0.000,0.501
470500,0.460,0.000,0.540
471000,0.507,0.000,0.493
471500,0.651,0.000,0.349
472000,0.446,0.000,0.554
472500,0.359,0.003,0.638
473000,0.420,0.000,0.580
473500,0.420,0.000,0.580
474000,0.387,0.001,0.612
474500,0.513,0.000,0.487
475000,0.314,0.000,0.686
475500,0.386,0.009,0.605
476000,0.465,0.000,0.535
476500,0.470,0.000,0.530
477000,0.405,0.000,0.595
477500,0.487,0.000,0.513
478000,0.415,0.000,0.585
478500,0.475,0.000,0.525
479000,0.496,0.000,0.504
479500,0.531,0.000,0.469
480000,0.404,0.000,0.596
480500,0.483,0.000,0.517
481000,0.474,0.000,0.526
481500,0.489,0.000,0.511
482000,0.569,0.000,0.431
482500,0.474,0.000,0.526
483000,0.385,0.000,0.615
483500,0.424,0.000,0.576
484000,0.445,0.000,0.555
484500,0.418,0.000,0.582
485000,0.415,0.000,0.585
485500,0.416,0.000,0.584
486000,0.455,0.000,0.545
486500,0.456,0.000,0.544
487000,0.370,0.000,0.630
487500,0.400,0.000,0.600
488000,0.469,0.000,0.531
488500,0.329,0.013,0.658
489000,0.581,0.000,0.419
489500,0.550,0.000,0.450
490000,0.457,0.000,0.543
490500,0.492,0.000,0.508
491000,0.519,0.000,0.481
491500,0.432,0.000,0.568
492000,0.525,0.000,0.475
492500,0.415,0.000,0.585
493000,0.373,0.000,0.627
493500,0.385,0.000,0.615
494000,0.409,0.000,0.591
494500,0.377,0.000,0.623
495000,0.444,0.000,0.556
495500,0.356,0.000,0.644
496000,0.435,0.000,0.565
496500,0.495,0.000,0.505
497000,0.460,0.000,0.540
497500,0.428,0.000,0.572
498000,0.477,0.000,0.523
498500,0.474,0.000,0.526
499000,0.529,0.000,0.471
499500,0.404,0.000,0.596
500000,0.467,0.000,0.533
500500,0.461,0.000,0.539
501000,0.445,0.000,0.555
501500,0.470,0.000,0.530
502000,0.504,0.000,0.496
502500,0.400,0.000,0.600
503000,0.482,0.000,0.518
503500,0.348,0.000,0.652
504000,0.468,0.000,0.532
504500,0.388,0.000,0.612
505000,0.420,0.000,0.580
505500,0.510,0.000,0.490
506000,0.546,0.000,0.454
506500,0.486,0.000,0.514
507000,0.456,0.000,0.544
507500,0.486,0.000,0.514
508000,0.506,0.000,0.494
508500,0.345,0.000,0.655
509000,0.410,0.000,0.590
509500,0.417,0.000,0.583
510000,0.459,0.000,0.541
510500,0.381,0.000,0.619
511000,0.534,0.000,0.466
511500,0.445,0.000,0.555
512000,0.357,0.006,0.637
512500,0.455,0.000,0.545
513000,0.427,0.000,0.573
513500,0.473,0.000,0.527
514000,0.399,0.000,0.601
514500,0.454,0.000,0.546
515000,0.400,0.000,0.600
515500,0.421,0.000,0.579
516000,0.411,0.000,0.589
516500,0.522,0.000,0.478
517000,0.501,0.000,0.499
517500,0.478,0.000,0.522
518000,0.517,0.000,0.483
518500,0.513,0.000,0.487
519000,0.412,0.000,0.588
519500,0.429,0.000,0.571
520000,0.507,0.000,0.493
520500,0.376,0.000,0.624
521000,0.371,0.000,0.629
521500,0.572,0.000,0.428
522000,0.524,0.000,0.476
522500,0.566,0.000,0.434
523000,0.540,0.000,0.460
523500,0.558,0.000,0.442
524000,0.497,0.000,0.503
524500,0.505,0.000,0.495
525000,0.380,0.000,0.620
525500,0.405,0.000,0.595
526000,0.451,0.000,0.549
526500,0.511,0.000,0.489
527000,0.410,0.000,0.590
527500,0.284,0.000,0.716
528000,0.567,0.000,0.433
528500,0.442,0.000,0.558
529000,0.437,0.000,0.563
529500,0.434,0.000,0.566
530000,0.452,0.000,0.548
530500,0.458,0.000,0.542
531000,0.550,0.000,0.450
531500,0.472,0.000,0.528
532000,0.475,0.000,0.525
532500,0.526,0.000,0.474
533000,0.481,0.000,0.519
533500,0.461,0.000,0.539
534000,0.529,0.000,0.471
534500,0.393,0.000,0.607
535000,0.429,0.000,0.571
535500,0.313,0.000,0.687
536000,0.466,0.000,0.534
536500,0.519,0.000,0.481
537000,0.413,0.000,0.587
537500,0.412,0.000,0.588
538000,0.442,0.000,0.558
538500,0.434,0.000,0.566
539000,0.486,0.000,0.514
539500,0.489,0.000,0.511
540000,0.552,0.000,0.448
540500,0.428,0.000,0.572
541000,0.433,0.000,0.567
541500,0.395,0.000,0.605
542000,0.527,0.000,0.473
542500,0.445,0.000,0.555
543000,0.368,0.000,0.632
543500,0.455,0.000,0.545
544000,0.520,0.000,0.480
544500,0.489,0.000,0.511
545000,0.401,0.000,0.599
545500,0.484,0.000,0.516
546000,0.443,0.000,0.557
546500,0.475,0.000,0.525
547000,0.406,0.000,0.594
547500,0.454,0.000,0.546
548000,0.570,0.000,0.430
548500,0.460,0.000,0.540
549000,0.430,0.000,0.570
549500,0.462,0.000,0.538
550000,0.426,0.000,0.574
550500,0.442,0.000,0.558
551000,0.402,0.000,0.598
551500,0.543,0.000,0.457
552000,0.580,0.000,0.420
552500,0.523,0.000,0.477
553000,0.426,0.000,0.574
553500,0.411,0.000,0.589
554000,0.480,0.000,0.520
554500,0.406,0.000,0.594
555000,0.459,0.000,0.541
555500,0.451,0.000,0.549
556000,0.441,0.000,0.559
556500,0.489,0.000,0.511
557000,0.433,0.000,0.567
557500,0.542,0.000,0.458
558000,0.443,0.000,0.557
558500,0.524,0.000,0.476
559000,0.469,0.000,0.531
559500,0.417,0.000,0.583
560000,0.479,0.000,0.521
560500,0.456,0.000,0.544
561000,0.415,0.000,0.585
561500,0.513,0.000,0.487
562000,0.518,0.000,0.482
562500,0.465,0.000,0.535
563000,0.488,0.000,0.512
563500,0.495,0.000,0.505
564000,0.438,0.000,0.562
564500,0.409,0.000,0.591
565000,0.458,0.000,0.542
565500,0.478,0.000,0.522
566000,0.516,0.000,0.484
566500,0.541,0.000,0.459
567000,0.503,0.000,0.497
567500,0.356,0.000,0.644
568000,0.474,0.000,0.526
568500,0.485,0.000,0.515
569000,0.397,0.000,0.603
569500,0.355,0.000,0.645
570000,0.459,0.000,0.541
570500,0.437,0.000,0.563
571000,0.477,0.000,0.523
571500,0.395,0.000,0.605
572000,0.402,0.000,0.598
572500,0.498,0.000,0.502
573000,0.427,0.000,0.573
573500,0.442,0.000,0.558
574000,0.407,0.000,0.593
574500,0.437,0.000,0.563
575000,0.457,0.000,0.543
575500,0.412,0.000,0.588
576000,0.445,0.000,0.555
576500,0.555,0.000,0.445
577000,0.510,0.000,0.490
577500,0.550,0.000,0.450
578000,0.544,0.000,0.456
578500,0.479,0.000,0.521
579000,0.457,0.000,0.543
579500,0.426,0.000,0.574
580000,0.457,0.000,0.543
580500,0.474,0.000,0.526
581000,0.476,0.000,0.524
581500,0.436,0.000,0.564
582000,0.408,0.000,0.592
582500,0.394,0.000,0.606
583000,0.490,0.000,0.510
583500,0.367,0.000,0.633
584000,0.341,0.000,0.659
584500,0.380,0.000,0.620
585000,0.507,0.000,0.493
585500,0.460,0.000,0.540
586000,0.427,0.000,0.573
586500,0.370,0.000,0.630
587000,0.466,0.000,0.534
587500,0.456,0.000,0.544
588000,0.344,0.000,0.656
588500,0.451,0.000,0.549
589000,0.472,0.000,0.528
589500,0.390,0.000,0.610
590000,0.584,0.000,0.416
590500,0.444,0.000,0.556
591000,0.457,0.000,0.543
591500,0.556,0.000,0.444
592000,0.508,0.000,0.492
592500,0.455,0.000,0.545
593000,0.515,0.000,0.485
593500,0.526,0.000,0.474
594000,0.491,0.000,0.509
594500,0.585,0.000,0.415
595000,0.537,0.000,0.463
595500,0.571,0.000,0.429
596000,0.501,0.000,0.499
596500,0.498,0.000,0.502
597000,0.373,0.000,0.627
597500,0.359,0.000,0.641
598000,0.423,0.000,0.577
598500,0.561,0.000,0.439
599000,0.485,0.000,0.515
599500,0.511,0.000,0.489
600000,0.481,0.000,0.519
600500,0.469,0.000,0.531
601000,0.407,0.000,0.593
601500,0.458,0.000,0.542
602000,0.468,0.000,0.532
602500,0.425,0.000,0.575
603000,0.337,0.000,0.663
603500,0.486,0.000,0.514
604000,0.414,0.000,0.586
604500,0.508,0.000,0.492
605000,0.443,0.000,0.557
605500,0.479,0.000,0.521
606000,0.416,0.000,0.584
606500,0.380,0.000,0.620
607000,0.347,0.000,0.653
607500,0.407,0.000,0.593
608000,0.342,0.000,0.658
608500,0.547,0.000,0.453
609000,0.506,0.000,0.494
609500,0.513,0.000,0.487
610000,0.453,0.000,0.547
610500,0.469,0.000,0.531
611000,0.443,0.000,0.557
611500,0.444,0.000,0.556
612000,0.471,0.000,0.529
612500,0.516,0.000,0.484
613000,0.575,0.000,0.425
613500,0.528,0.000,0.472
614000,0.441,0.000,0.559
614500,0.341,0.000,0.659
615000,0.397,0.000,0.603
615500,0.467,0.000,0.533
616000,0.368,0.000,0.632
616500,0.533,0.000,0.467
617000,0.448,0.000,0.552
617500,0.509,0.000,0.491
618000,0.462,0.000,0.538
618500,0.516,0.000,0.484
619000,0.528,0.000,0.472
619500,0.365,0.000,0.635
620000,0.455,0.000,0.545
620500,0.429,0.000,0.571
621000,0.468,0.000,0.532
621500,0.539,0.000,0.461
622000,0.574,0.000,0.426
622500,0.452,0.000,0.548
623000,0.500,0.004,0.496
623500,0.411,0.000,0.589
624000,0.455,0.000,0.545
624500,0.451,0.000,0.549
625000,0.565,0.000,0.435
625500,0.459,0.000,0.541
626000,0.458,0.000,0.542
626500,0.411,0.000,0.589
627000,0.373,0.000,0.627
627500,0.459,0.000,0.541
628000,0.504,0.000,0.496
628500,0.429,0.000,0.571
629000,0.556,0.000,0.444
629500,0.598,0.000,0.402
630000,0.469,0.000,0.531
630500,0.500,0.000,0.500
631000,0.382,0.000,0.618
631500,0.439,0.000,0.561
632000,0.453,0.000,0.547
632500,0.514,0.000,0.486
633000,0.451,0.000,0.549
633500,0.461,0.000,0.539
634000,0.459,0.000,0.541
634500,0.508,0.000,0.492
635000,0.418,0.000,0.582
635500,0.332,0.000,0.668
636000,0.442,0.000,0.558
636500,0.498,0.000,0.502
637000,0.576,0.000,0.424
637500,0.522,0.000,0.478
638000,0.415,0.000,0.585
638500,0.468,0.000,0.532
639000,0.488,0.000,0.512
639500,0.451,0.000,0.549
640000,0.436,0.000,0.564
640500,0.382,0.000,0.618
641000,0.458,0.000,0.542
641500,0.428,0.000,0.572
642000,0.367,0.000,0.633
642500,0.456,0.000,0.544
643000,0.516,0.000,0.484
643500,0.358,0.004,0.638
644000,0.466,0.000,0.534
644500,0.386,0.000,0.614
645000,0.492,0.000,0.508
645500,0.428,0.000,0.572
646000,0.391,0.000,0.609
646500,0.422,0.000,0.578
647000,0.499,0.000,0.501
647500,0.522,0.000,0.478
648000,0.485,0.000,0.515
648500,0.600,0.000,0.400
649000,0.597,0.000,0.403
649500,0.558,0.000,0.442
650000,0.433,0.000,0.567
650500,0.475,0.000,0.525
651000,0.389,0.000,0.611
651500,0.389,0.000,0.611
652000,0.448,0.000,0.552
652500,0.500,0.000,0.500
653000,0.378,0.000,0.622
653500,0.407,0.000,0.593
654000,0.401,0.000,0.599
654500,0.539,0.000,0.461
655000,0.489,0.000,0.511
655500,0.501,0.000,0.499
656000,0.575,0.000,0.425
656500,0.546,0.000,0.454
657000,0.540,0.000,0.460
657500,0.481,0.000,0.519
658000,0.467,0.000,0.533
658500,0.459,0.000,0.541
659000,0.479,0.000,0.521
659500,0.361,0.000,0.639
660000,0.445,0.000,0.555
660500,0.398,0.000,0.602
661000,0.378,0.000,0.622
661500,0.529,0.000,0.471
662000,0.427,0.000,0.573
662500,0.511,0.000,0.489
663000,0.430,0.000,0.570
663500,0.503,0.000,0.497
664000,0.404,0.000,0.596
664500,0.482,0.000,0.518
665000,0.508,0.000,0.492
665500,0.479,0.000,0.521
666000,0.459,0.000,0.541
666500,0.486,0.000,0.514
667000,0.545,0.000,0.455
667500,0.535,0.000,0.465
668000,0.444,0.000,0.556
668500,0.478,0.000,0.522
669000,0.510,0.000,0.490
669500,0.440,0.000,0.560
670000,0.379,0.000,0.621
670500,0.353,0.000,0.647
671000,0.437,0.000,0.563
671500,0.572,0.000,0.428
672000,0.589,0.000,0.411
672500,0.429,0.000,0.571
673000,0.379,0.000,0.621
673500,0.347,0.000,0.653
674000,0.464,0.000,0.536
674500,0.467,0.000,0.533
675000,0.465,0.000,0.535
675500,0.416,0.000,0.584
676000,0.442,0.000,0.558
676500,0.379,0.000,0.621
677000,0.348,0.000,0.652
677500,0.499,0.000,0.501
678000,0.453,0.000,0.547
678500,0.511,0.000,0.489
679000,0.513,0.000,0.487
679500,0.417,0.000,0.583
680000,0.500,0.000,0.500
680500,0.451,0.000,0.549
681000,0.456,0.000,0.544
681500,0.476,0.000,0.524
682000,0.609,0.000,0.391
682500,0.482,0.000,0.518
683000,0.429,0.000,0.571
683500,0.465,0.000,0.535
684000,0.597,0.000,0.403
684500,0.497,0.000,0.503
685000,0.453,0.000,0.547
685500,0.516,0.000,0.484
686000,0.423,0.000,0.577
686500,0.510,0.000,0.490
687000,0.329,0.000,0.671
687500,0.349,0.000,0.651
688000,0.502,0.000,0.498
688500,0.437,0.000,0.563
689000,0.509,0.000,0.491
689500,0.515,0.000,0.485
690000,0.465,0.000,0.535
690500,0.512,0.000,0.488
691000,0.462,0.000,0.538
691500,0.441,0.000,0.559
692000,0.399,0.000,0.601
692500,0.470,0.000,0.530
693000,0.404,0.000,0.596
693500,0.597,0.000,0.403
694000,0.446,0.000,0.554
694500,0.424,0.000,0.576
695000,0.463,0.000,0.537
695500,0.451,0.000,0.549
696000,0.447,0.000,0.553
696500,0.456,0.000,0.544
697000,0.485,0.000,0.515
697500,0.417,0.000,0.583
698000,0.387,0.000,0.613
698500,0.526,0.000,0.474
699000,0.479,0.000,0.521
699500,0.392,0.000,0.608
700000,0.483,0.000,0.517
700500,0.521,0.000,0.479
701000,0.489,0.000,0.511
701500,0.433,0.000,0.567
702000,0.450,0.000,0.550
702500,0.362,0.000,0.638
703000,0.432,0.000,0.568
703500,0.438,0.000,0.562
704000,0.437,0.000,0.563
704500,0.416,0.000,0.584
705000,0.398,0.000,0.602
705500,0.395,0.000,0.605
706000,0.484,0.000,0.516
706500,0.439,0.000,0.561
707000,0.441,0.000,0.559
707500,0.392,0.000,0.608
708000,0.476,0.000,0.524
708500,0.449,0.000,0.551
709000,0.345,0.000,0.655
709500,0.431,0.000,0.569
710000,0.495,0.000,0.505
710500,0.386,0.000,0.614
711000,0.413,0.000,0.587
711500,0.339,0.000,0.661
712000,0.482,0.000,0.518
712500,0.396,0.000,0.604
713000,0.425,0.000,0.575
713500,0.436,0.000,0.564
714000,0.512,0.000,0.488
714500,0.528,0.000,0.472
715000,0.416,0.000,0.584
715500,0.550,0.000,0.450
716000,0.616,0.000,0.384
716500,0.501,0.000,0.499
717000,0.459,0.000,0.541
717500,0.609,0.000,0.391
718000,0.511,0.000,0.489
718500,0.481,0.000,0.519
719000,0.456,0.000,0.544
719500,0.466,0.000,0.534
720000,0.415,0.000,0.585
720500,0.473,0.000,0.527
721000,0.528,0.000,0.472
721500,0.406,0.000,0.594
722000,0.488,0.000,0.512
722500,0.372,0.000,0.628
723000,0.350,0.000,0.650
723500,0.477,0.000,0.523
724000,0.412,0.000,0.588
724500,0.387,0.000,0.613
725000,0.493,0.000,0.507
725500,0.461,0.000,0.539
726000,0.477,0.000,0.523
726500,0.415,0.000,0.585
727000,0.443,0.000,0.557
727500,0.450,0.000,0.550
728000,0.460,0.000,0.540
728500,0.507,0.000,0.493
729000,0.436,0.000,0.564
729500,0.423,0.000,0.577
730000,0.545,0.000,0.455
730500,0.394,0.000,0.606
731000,0.470,0.000,0.530
731500,0.550,0.000,0.450
732000,0.528,0.000,0.472
732500,0.445,0.000,0.555
733000,0.543,0.000,0.457
733500,0.637,0.000,0.363
734000,0.432,0.000,0.568
734500,0.444,0.000,0.556
735000,0.437,0.000,0.563
735500,0.377,0.000,0.623
736000,0.487,0.000,0.513
736500,0.514,0.000,0.486
737000,0.438,0.000,0.562
737500,0.506,0.000,0.494
738000,0.362,0.000,0.638
738500,0.381,0.000,0.619
739000,0.395,0.000,0.605
739500,0.375,0.000,0.625
740000,0.411,0.000,0.589
740500,0.466,0.000,0.534
741000,0.430,0.000,0.570
741500,0.482,0.000,0.518
742000,0.467,0.000,0.533
742500,0.471,0.000,0.529
743000,0.380,0.001,0.619
743500,0.432,0.000,0.568
744000,0.439,0.004,0.557
744500,0.492,0.000,0.508
745000,0.525,0.000,0.475
745500,0.305,0.000,0.695
746000,0.431,0.000,0.569
746500,0.415,0.000,0.585
747000,0.489,0.000,0.511
747500,0.537,0.000,0.463
748000,0.482,0.003,0.515
748500,0.381,0.000,0.619
749000,0.467,0.000,0.533
749500,0.467,0.000,0.533
750000,0.436,0.000,0.564
750500,0.441,0.000,0.559
751000,0.496,0.000,0.504
751500,0.465,0.000,0.535
752000,0.382,0.000,0.618
752500,0.562,0.000,0.438
753000,0.457,0.000,0.543
753500,0.561,0.000,0.439
754000,0.454,0.000,0.546
754500,0.425,0.000,0.575
755000,0.397,0.000,0.603
755500,0.463,0.000,0.537
756000,0.463,0.000,0.537
756500,0.419,0.000,0.581
757000,0.420,0.000,0.580
757500,0.447,0.000,0.553
758000,0.469,0.000,0.531
758500,0.400,0.000,0.600
759000,0.415,0.000,0.585
759500,0.340,0.002,0.658
760000,0.430,0.000,0.570
760500,0.538,0.000,0.462
761000,0.490,0.000,0.510
761500,0.510,0.000,0.490
762000,0.407,0.000,0.593
762500,0.403,0.000,0.597
763000,0.499,0.000,0.501
763500,0.469,0.000,0.531
764000,0.410,0.000,0.590
764500,0.535,0.000,0.465
765000,0.526,0.000,0.474
765500,0.582,0.000,0.418
766000,0.469,0.000,0.531
766500,0.440,0.000,0.560
767000,0.434,0.000,0.566
767500,0.456,0.000,0.544
768000,0.446,0.000,0.554
768500,0.460,0.000,0.540
769000,0.460,0.000,0.540
769500,0.291,0.012,0.697
770000,0.499,0.000,0.501
770500,0.465,0.000,0.535
771000,0.408,0.000,0.592
771500,0.467,0.000,0.533
772000,0.560,0.000,0.440
772500,0.497,0.000,0.503
773000,0.391,0.000,0.609
773500,0.354,0.000,0.646
774000,0.411,0.000,0.589
774500,0.559,0.000,0.441
775000,0.488,0.000,0.512
775500,0.489,0.000,0.511
776000,0.361,0.000,0.639
776500,0.535,0.000,0.465
777000,0.487,0.000,0.513
777500,0.476,0.000,0.524
778000,0.376,0.000,0.624
778500,0.315,0.000,0.685
779000,0.402,0.000,0.598
779500,0.360,0.000,0.640
780000,0.392,0.000,0.608
780500,0.409,0.000,0.591
781000,0.452,0.000,0.548
781500,0.451,0.000,0.549
782000,0.441,0.000,0.559
782500,0.463,0.000,0.537
783000,0.434,0.000,0.566
783500,0.473,0.000,0.527
784000,0.395,0.000,0.605
784500,0.328,0.000,0.672
785000,0.338,0.000,0.662
785500,0.407,0.000,0.593
786000,0.464,0.000,0.536
786500,0.495,0.000,0.505
787000,0.438,0.000,0.562
787500,0.571,0.000,0.429
788000,0.623,0.000,0.377
788500,0.498,0.000,0.502
789000,0.430,0.000,0.570
789500,0.531,0.000,0.469
790000,0.376,0.000,0.624
790500,0.342,0.000,0.658
791000,0.430,0.000,0.570
791500,0.438,0.000,0.562
792000,0.440,0.000,0.560
792500,0.481,0.000,0.519
793000,0.465,0.000,0.535
793500,0.342,0.000,0.658
794000,0.441,0.000,0.559
794500,0.430,0.000,0.570
795000,0.546,0.000,0.454
795500,0.457,0.000,0.543
796000,0.452,0.000,0.548
796500,0.421,0.000,0.579
797000,0.626,0.000,0.374
797500,0.475,0.000,0.525
798000,0.469,0.000,0.531
798500,0.473,0.000,0.527
799000,0.421,0.000,0.579
799500,0.345,0.000,0.655
800000,0.461,0.000,0.539
800500,0.513,0.000,0.487
801000,0.442,0.000,0.558
801500,0.409,0.000,0.591
802000,0.448,0.000,0.552
802500,0.468,0.000,0.532
803000,0.406,0.000,0.594
803500,0.467,0.000,0.533
804000,0.459,0.000,0.541
804500,0.537,0.000,0.463
805000,0.523,0.000,0.477
805500,0.433,0.000,0.567
806000,0.419,0.000,0.581
806500,0.365,0.000,0.635
807000,0.441,0.000,0.559
807500,0.405,0.000,0.595
808000,0.532,0.000,0.468
808500,0.378,0.000,0.622
809000,0.415,0.000,0.585
809500,0.496,0.000,0.504
810000,0.522,0.000,0.478
810500,0.391,0.000,0.609
811000,0.512,0.000,0.488
811500,0.486,0.000,0.514
812000,0.414,0.000,0.586
812500,0.526,0.000,0.474
813000,0.472,0.000,0.528
813500,0.440,0.000,0.560
814000,0.410,0.000,0.590
814500,0.496,0.000,0.504
815000,0.434,0.000,0.566
815500,0.466,0.000,0.534
816000,0.436,0.000,0.564
816500,0.447,0.000,0.553
817000,0.464,0.000,0.536
817500,0.473,0.000,0.527
818000,0.506,0.000,0.494
818500,0.449,0.000,0.551
819000,0.453,0.000,0.547
819500,0.401,0.000,0.599
820000,0.450,0.000,0.550
820500,0.476,0.000,0.524
821000,0.509,0.000,0.491
821500,0.424,0.000,0.576
822000,0.383,0.000,0.617
822500,0.307,0.000,0.693
823000,0.423,0.000,0.577
823500,0.471,0.000,0.529
824000,0.437,0.000,0.563
824500,0.495,0.000,0.505
825000,0.383,0.000,0.617
825500,0.428,0.000,0.572
826000,0.530,0.000,0.470
826500,0.495,0.000,0.505
827000,0.458,0.000,0.542
827500,0.441,0.000,0.559
828000,0.370,0.000,0.630
828500,0.444,0.000,0.556
829000,0.417,0.000,0.583
829500,0.487,0.000,0.513
830000,0.522,0.000,0.478
830500,0.524,0.000,0.476
831000,0.541,0.000,0.459
831500,0.466,0.000,0.534
832000,0.460,0.000,0.540
832500,0.454,0.000,0.546
833000,0.331,0.000,0.669
833500,0.391,0.000,0.609
834000,0.466,0.000,0.534
834500,0.395,0.000,0.605
835000,0.451,0.000,0.549
835500,0.452,0.000,0.548
836000,0.499,0.000,0.501
836500,0.374,0.000,0.626
837000,0.381,0.000,0.619
837500,0.438,0.000,0.562
838000,0.533,0.000,0.467
838500,0.448,0.000,0.552
839000,0.448,0.000,0.552
839500,0.520,0.000,0.480
840000,0.428,0.000,0.572
840500,0.553,0.000,0.447
841000,0.383,0.000,0.617
841500,0.478,0.000,0.522
842000,0.496,0.000,0.504
842500,0.429,0.000,0.571
843000,0.428,0.000,0.572
843500,0.527,0.000,0.473
844000,0.415,0.000,0.585
844500,0.469,0.000,0.531
845000,0.494,0.000,0.506
845500,0.505,0.000,0.495
846000,0.353,0.000,0.647
846500,0.483,0.000,0.517
847000,0.420,0.000,0.580
847500,0.472,0.000,0.528
848000,0.467,0.000,0.533
848500,0.451,0.000,0.549
849000,0.370,0.000,0.630
849500,0.440,0.000,0.560
850000,0.516,0.000,0.484
850500,0.531,0.000,0.469
851000,0.418,0.000,0.582
851500,0.295,0.000,0.705
852000,0.416,0.000,0.584
852500,0.466,0.000,0.534
853000,0.370,0.000,0.630
853500,0.460,0.000,0.540
854000,0.441,0.000,0.559
854500,0.481,0.000,0.519
855000,0.405,0.000,0.595
855500,0.315,0.000,0.685
856000,0.441,0.000,0.559
856500,0.370,0.000,0.630
857000,0.431,0.000,0.569
857500,0.463,0.000,0.537
858000,0.518,0.000,0.482
858500,0.495,0.000,0.505
859000,0.453,0.000,0.547
859500,0.409,0.000,0.591
860000,0.437,0.000,0.563
860500,0.386,0.000,0.614
861000,0.422,0.000,0.578
861500,0.490,0.000,0.510
862000,0.416,0.000,0.584
862500,0.372,0.000,0.628
863000,0.464,0.000,0.536
863500,0.495,0.000,0.505
864000,0.479,0.000,0.521
864500,0.455,0.000,0.545
865000,0.524,0.000,0.476
865500,0.439,0.000,0.561
866000,0.434,0.000,0.566
866500,0.416,0.000,0.584
867000,0.485,0.000,0.515
867500,0.414,0.000,0.586
868000,0.386,0.000,0.614
868500,0.405,0.000,0.595
869000,0.413,0.000,0.587
869500,0.482,0.000,0.518
870000,0.418,0.000,0.582
870500,0.511,0.000,0.489
871000,0.447,0.000,0.553
871500,0.402,0.000,0.598
872000,0.397,0.000,0.603
872500,0.340,0.000,0.660
873000,0.415,0.000,0.585
873500,0.442,0.000,0.558
874000,0.397,0.000,0.603
874500,0.470,0.000,0.530
875000,0.474,0.000,0.526
875500,0.335,0.000,0.665
876000,0.468,0.000,0.532
876500,0.572,0.000,0.428
877000,0.506,0.000,0.494
877500,0.458,0.000,0.542
878000,0.439,0.000,0.561
878500,0.559,0.000,0.441
879000,0.511,0.000,0.489
879500,0.587,0.000,0.413
880000,0.522,0.000,0.478
880500,0.560,0.000,0.440
881000,0.608,0.000,0.392
881500,0.490,0.000,0.510
882000,0.513,0.000,0.487
882500,0.565,0.000,0.435
883000,0.538,0.000,0.462
883500,0.463,0.000,0.537
884000,0.455,0.000,0.545
884500,0.489,0.000,0.511
885000,0.381,0.000,0.619
885500,0.340,0.000,0.660
886000,0.367,0.000,0.633
886500,0.382,0.000,0.618
887000,0.413,0.000,0.587
887500,0.524,0.000,0.476
888000,0.435,0.000,0.565
888500,0.425,0.000,0.575
889000,0.518,0.000,0.482
889500,0.503,0.000,0.497
890000,0.460,0.000,0.540
890500,0.443,0.000,0.557
891000,0.438,0.000,0.562
891500,0.412,0.000,0.588
892000,0.447,0.000,0.553
892500,0.453,0.000,0.547
893000,0.495,0.000,0.505
893500,0.452,0.000,0.548
894000,0.465,0.000,0.535
894500,0.466,0.000,0.534
895000,0.443,0.000,0.557
895500,0.379,0.000,0.621
896000,0.391,0.000,0.609
896500,0.454,0.000,0.546
897000,0.427,0.000,0.573
897500,0.510,0.000,0.490
898000,0.365,0.000,0.635
898500,0.412,0.000,0.588
899000,0.466,0.000,0.534
899500,0.520,0.000,0.480
900000,0.466,0.000,0.534
900500,0.496,0.000,0.504
901000,0.366,0.000,0.634
901500,0.475,0.000,0.525
902000,0.418,0.000,0.582
902500,0.448,0.000,0.552
903000,0.373,0.000,0.627
903500,0.394,0.000,0.606
904000,0.347,0.000,0.653
904500,0.462,0.000,0.538
905000,0.426,0.000,0.574
905500,0.469,0.000,0.531
906000,0.376,0.000,0.624
906500,0.519,0.000,0.481
907000,0.470,0.000,0.530
907500,0.459,0.000,0.541
908000,0.389,0.000,0.611
908500,0.476,0.000,0.524
909000,0.463,0.000,0.537
909500,0.568,0.000,0.432
910000,0.523,0.000,0.477
910500,0.505,0.000,0.495
911000,0.414,0.000,0.586
911500,0.442,0.000,0.558
912000,0.336,0.000,0.664
912500,0.276,0.000,0.724
913000,0.504,0.000,0.496
913500,0.480,0.000,0.520
914000,0.435,0.000,0.565
914500,0.507,0.000,0.493
915000,0.530,0.000,0.470
915500,0.564,0.000,0.436
916000,0.546,0.000,0.454
916500,0.441,0.000,0.559
917000,0.505,0.000,0.495
917500,0.422,0.000,0.578
918000,0.547,0.000,0.453
918500,0.488,0.000,0.512
919000,0.497,0.000,0.503
919500,0.484,0.000,0.516
920000,0.435,0.000,0.565
920500,0.478,0.000,0.522
921000,0.424,0.000,0.576
921500,0.416,0.000,0.584
922000,0.444,0.000,0.556
922500,0.395,0.000,0.605
923000,0.399,0.000,0.601
923500,0.460,0.000,0.540
924000,0.429,0.000,0.571
924500,0.445,0.000,0.555
925000,0.427,0.000,0.573
925500,0.424,0.000,0.576
926000,0.407,0.000,0.593
926500,0.488,0.000,0.512
927000,0.418,0.000,0.582
927500,0.446,0.000,0.554
928000,0.515,0.000,0.485
928500,0.391,0.000,0.609
929000,0.398,0.000,0.602
929500,0.467,0.000,0.533
930000,0.488,0.000,0.512
930500,0.487,0.000,0.513
931000,0.563,0.000,0.437
931500,0.465,0.000,0.535
932000,0.429,0.000,0.571
932500,0.434,0.000,0.566
933000,0.460,0.000,0.540
933500,0.396,0.000,0.604
934000,0.378,0.000,0.622
934500,0.459,0.000,0.541
935000,0.342,0.000,0.658
935500,0.337,0.000,0.663
936000,0.350,0.000,0.650
936500,0.390,0.000,0.610
937000,0.377,0.000,0.623
937500,0.462,0.000,0.538
938000,0.529,0.000,0.471
938500,0.440,0.000,0.560
939000,0.448,0.000,0.552
939500,0.534,0.000,0.466
940000,0.448,0.000,0.552
940500,0.554,0.000,0.446
941000,0.508,0.000,0.492
941500,0.419,0.000,0.581
942000,0.419,0.000,0.581
942500,0.424,0.000,0.576
943000,0.393,0.000,0.607
943500,0.520,0.000,0.480
944000,0.437,0.000,0.563
944500,0.507,0.000,0.493
945000,0.517,0.000,0.483
945500,0.539,0.000,0.461
946000,0.504,0.000,0.496
946500,0.495,0.000,0.505
947000,0.343,0.000,0.657
947500,0.421,0.000,0.579
948000,0.471,0.000,0.529
948500,0.499,0.000,0.501
949000,0.368,0.000,0.632
949500,0.463,0.000,0.537
950000,0.396,0.000,0.604
950500,0.469,0.000,0.531
951000,0.438,0.000,0.562
951500,0.496,0.000,0.504
952000,0.441,0.000,0.559
952500,0.389,0.000,0.611
953000,0.372,0.000,0.628
953500,0.440,0.000,0.560
954000,0.402,0.000,0.598
954500,0.425,0.000,0.575
955000,0.510,0.000,0.490
955500,0.566,0.000,0.434
956000,0.563,0.000,0.437
956500,0.553,0.000,0.447
957000,0.507,0.000,0.493
957500,0.385,0.012,0.603
958000,0.372,0.000,0.628
958500,0.473,0.000,0.527
959000,0.435,0.000,0.565
959500,0.464,0.000,0.536
960000,0.482,0.000,0.518
960500,0.511,0.000,0.489
961000,0.427,0.000,0.573
961500,0.464,0.000,0.536
962000,0.422,0.000,0.578
962500,0.430,0.000,0.570
963000,0.457,0.000,0.543
963500,0.468,0.000,0.532
964000,0.456,0.000,0.544
964500,0.438,0.000,0.562
965000,0.496,0.000,0.504
965500,0.418,0.000,0.582
966000,0.496,0.000,0.504
966500,0.450,0.000,0.550
967000,0.441,0.000,0.559
967500,0.399,0.000,0.601
968000,0.405,0.000,0.595
968500,0.488,0.000,0.512
969000,0.379,0.000,0.621
969500,0.501,0.000,0.499
970000,0.474,0.000,0.526
970500,0.482,0.000,0.518
971000,0.409,0.000,0.591
971500,0.453,0.000,0.547
972000,0.435,0.000,0.565
972500,0.456,0.000,0.544
973000,0.434,0.000,0.566
973500,0.503,0.000,0.497
974000,0.541,0.000,0.459
974500,0.488,0.000,0.512
975000,0.392,0.000,0.608
975500,0.451,0.000,0.549
976000,0.461,0.000,0.539
976500,0.352,0.000,0.648
977000,0.451,0.000,0.549
977500,0.513,0.000,0.487
978000,0.545,0.000,0.455
978500,0.400,0.000,0.600
979000,0.548,0.000,0.452
979500,0.552,0.000,0.448
980000,0.512,0.000,0.488
980500,0.516,0.000,0.484
981000,0.515,0.000,0.485
981500,0.425,0.000,0.575
982000,0.538,0.000,0.462
982500,0.549,0.000,0.451
983000,0.541,0.000,0.459
983500,0.505,0.000,0.495
984000,0.462,0.000,0.538
984500,0.558,0.000,0.442
985000,0.528,0.000,0.472
985500,0.615,0.000,0.385
986000,0.556,0.000,0.444
986500,0.451,0.000,0.549
987000,0.355,0.000,0.645
987500,0.388,0.000,0.612
988000,0.412,0.000,0.588
988500,0.488,0.000,0.512
989000,0.436,0.000,0.564
989500,0.381,0.003,0.616
990000,0.365,0.000,0.635
990500,0.437,0.000,0.563
991000,0.404,0.000,0.596
991500,0.520,0.000,0.480
992000,0.458,0.000,0.542
992500,0.371,0.000,0.629
993000,0.335,0.000,0.665
993500,0.497,0.000,0.503
994000,0.508,0.000,0.492
994500,0.443,0.000,0.557
995000,0.541,0.000,0.459
995500,0.431,0.000,0.569
996000,0.490,0.000,0.510
996500,0.448,0.000,0.552
997000,0.480,0.000,0.520
997500,0.285,0.000,0.715
998000,0.511,0.000,0.489
998500,0.536,0.000,0.464
999000,0.475,0.000,0.525
999500,0.531,0.000,0.469
1000000,0.469,0.000,0.531
