time,n_A+p,n_B,n_AB
500,0.050,0.531,0.419
1000,0.050,0.408,0.542
1500,0.050,0.237,0.713
2000,0.050,0.234,0.716
2500,0.050,0.334,0.616
3000,0.050,0.380,0.570
3500,0.051,0.325,0.624
4000,0.050,0.404,0.546
4500,0.052,0.370,0.578
5000,0.050,0.271,0.679
5500,0.083,0.208,0.709
6000,0.050,0.314,0.636
6500,0.050,0.292,0.658
7000,0.050,0.265,0.685
7500,0.052,0.287,0.661
8000,0.051,0.282,0.667
8500,0.052,0.318,0.630
9000,0.058,0.310,0.632
9500,0.050,0.251,0.699
10000,0.050,0.376,0.574
10500,0.055,0.210,0.735
11000,0.053,0.282,0.665
11500,0.050,0.345,0.605
12000,0.077,0.175,0.748
12500,0.493,0.003,0.504
13000,0.838,0.000,0.162
13500,0.906,0.000,0.094
14000,0.999,0.000,0.001
14500,1.000,0.000,0.000
