time,n_A+p,n_B,n_AB
0,0.028,0.972,-0.000
500,0.028,0.957,0.015
1000,0.046,0.927,0.028
1500,0.034,0.920,0.046
2000,0.034,0.924,0.043
2500,0.034,0.917,0.049
3000,0.031,0.951,0.018
3500,0.043,0.930,0.028
4000,0.043,0.911,0.046
4500,0.034,0.893,0.073
5000,0.046,0.896,0.058
5500,0.076,0.865,0.058
6000,0.061,0.841,0.098
6500,0.089,0.850,0.061
7000,0.086,0.869,0.046
7500,0.064,0.905,0.031
8000,0.043,0.924,0.034
8500,0.040,0.924,0.037
9000,0.046,0.905,0.049
9500,0.043,0.896,0.061
10000,0.043,0.890,0.067
10500,0.037,0.920,0.043
11000,0.031,0.905,0.064
11500,0.049,0.924,0.028
12000,0.049,0.911,0.040
12500,0.037,0.902,0.061
13000,0.043,0.881,0.076
13500,0.052,0.875,0.073
14000,0.061,0.872,0.067
14500,0.040,0.905,0.055
15000,0.040,0.902,0.058
15500,0.037,0.945,0.018
16000,0.028,0.939,0.034
16500,0.031,0.933,0.037
17000,0.031,0.942,0.028
17500,0.031,0.933,0.037
18000,0.031,0.927,0.043
18500,0.046,0.896,0.058
19000,0.031,0.911,0.058
19500,0.037,0.927,0.037
20000,0.040,0.914,0.046
20500,0.061,0.881,0.058
21000,0.080,0.878,0.043
21500,0.067,0.869,0.064
22000,0.055,0.838,0.107
22500,0.043,0.884,0.073
23000,0.052,0.869,0.080
23500,0.073,0.847,0.080
24000,0.049,0.869,0.083
24500,0.055,0.869,0.076
25000,0.031,0.927,0.043
25500,0.028,0.942,0.031
26000,0.034,0.927,0.040
26500,0.034,0.927,0.040
27000,0.058,0.905,0.037
27500,0.052,0.887,0.061
28000,0.061,0.869,0.070
28500,0.058,0.847,0.095
29000,0.070,0.841,0.089
29500,0.064,0.853,0.083
30000,0.070,0.859,0.070
30500,0.061,0.887,0.052
31000,0.083,0.853,0.064
31500,0.086,0.817,0.098
32000,0.116,0.768,0.116
32500,0.086,0.795,0.119
33000,0.110,0.810,0.080
33500,0.162,0.749,0.089
34000,0.138,0.725,0.138
34500,0.183,0.765,0.052
35000,0.174,0.755,0.070
35500,0.171,0.694,0.135
36000,0.165,0.749,0.086
36500,0.144,0.716,0.141
37000,0.128,0.719,0.153
37500,0.125,0.737,0.138
38000,0.122,0.737,0.141
38500,0.199,0.725,0.076
39000,0.156,0.737,0.107
39500,0.180,0.709,0.110
40000,0.141,0.783,0.076
40500,0.113,0.768,0.119
41000,0.131,0.768,0.101
41500,0.107,0.798,0.095
42000,0.104,0.826,0.070
42500,0.052,0.862,0.086
43000,0.049,0.890,0.061
43500,0.052,0.884,0.064
44000,0.067,0.878,0.055
44500,0.046,0.920,0.034
45000,0.052,0.865,0.083
45500,0.080,0.841,0.080
46000,0.073,0.847,0.080
46500,0.064,0.801,0.135
47000,0.073,0.841,0.086
47500,0.086,0.801,0.113
48000,0.067,0.823,0.110
48500,0.043,0.914,0.043
49000,0.067,0.872,0.061
49500,0.058,0.856,0.086
50000,0.043,0.878,0.080
50500,0.052,0.902,0.046
51000,0.052,0.872,0.076
51500,0.067,0.884,0.049
52000,0.070,0.865,0.064
52500,0.067,0.859,0.073
53000,0.076,0.810,0.113
53500,0.040,0.859,0.101
54000,0.058,0.881,0.061
54500,0.049,0.862,0.089
55000,0.049,0.878,0.073
55500,0.037,0.884,0.080
56000,0.046,0.911,0.043
56500,0.052,0.869,0.080
57000,0.058,0.875,0.067
57500,0.067,0.893,0.040
58000,0.037,0.875,0.089
58500,0.064,0.881,0.055
59000,0.064,0.865,0.070
59500,0.037,0.920,0.043
60000,0.040,0.911,0.049
60500,0.034,0.927,0.040
61000,0.052,0.875,0.073
61500,0.064,0.853,0.083
62000,0.061,0.853,0.086
62500,0.064,0.832,0.104
63000,0.061,0.865,0.073
63500,0.034,0.914,0.052
64000,0.058,0.905,0.037
64500,0.043,0.872,0.086
65000,0.052,0.890,0.058
65500,0.031,0.930,0.040
66000,0.034,0.936,0.031
66500,0.040,0.939,0.021
67000,0.034,0.908,0.058
67500,0.040,0.914,0.046
68000,0.037,0.939,0.024
68500,0.037,0.936,0.028
69000,0.034,0.920,0.046
69500,0.028,0.924,0.049
70000,0.031,0.927,0.043
70500,0.028,0.948,0.024
71000,0.040,0.869,0.092
71500,0.073,0.847,0.080
72000,0.046,0.902,0.052
72500,0.058,0.862,0.080
73000,0.131,0.789,0.080
73500,0.144,0.780,0.076
74000,0.147,0.789,0.064
74500,0.171,0.758,0.070
75000,0.177,0.713,0.110
75500,0.171,0.697,0.131
76000,0.168,0.737,0.095
76500,0.119,0.765,0.116
77000,0.177,0.697,0.125
77500,0.275,0.618,0.107
78000,0.343,0.563,0.095
78500,0.327,0.538,0.135
79000,0.343,0.541,0.116
79500,0.376,0.538,0.086
80000,0.321,0.541,0.138
80500,0.235,0.627,0.138
81000,0.260,0.627,0.113
81500,0.275,0.606,0.119
82000,0.294,0.584,0.122
82500,0.297,0.547,0.156
83000,0.284,0.572,0.144
83500,0.300,0.544,0.156
84000,0.312,0.569,0.119
84500,0.324,0.578,0.098
85000,0.306,0.557,0.138
85500,0.269,0.557,0.174
86000,0.278,0.599,0.122
86500,0.324,0.581,0.095
87000,0.309,0.599,0.092
87500,0.324,0.569,0.107
88000,0.315,0.593,0.092
88500,0.321,0.615,0.064
89000,0.294,0.624,0.083
89500,0.309,0.584,0.107
90000,0.318,0.618,0.064
90500,0.306,0.596,0.098
91000,0.330,0.563,0.107
91500,0.278,0.593,0.128
92000,0.336,0.566,0.098
92500,0.284,0.599,0.116
93000,0.281,0.596,0.122
93500,0.266,0.642,0.092
94000,0.318,0.590,0.092
94500,0.303,0.596,0.101
95000,0.303,0.615,0.083
95500,0.336,0.593,0.070
96000,0.330,0.572,0.098
96500,0.339,0.517,0.144
97000,0.364,0.541,0.095
97500,0.450,0.428,0.122
98000,0.459,0.398,0.144
98500,0.502,0.410,0.089
99000,0.511,0.343,0.147
99500,0.508,0.294,0.199
100000,0.557,0.266,0.177
100500,0.609,0.235,0.156
101000,0.645,0.180,0.174
101500,0.700,0.177,0.122
102000,0.606,0.220,0.174
102500,0.581,0.217,0.202
103000,0.673,0.153,0.174
103500,0.746,0.165,0.089
104000,0.792,0.095,0.113
104500,0.930,0.018,0.052
105000,0.942,0.012,0.046
105500,0.966,0.003,0.031
106000,0.966,0.009,0.024
106500,0.972,0.000,0.028
107000,0.985,0.000,0.015
107500,0.979,0.000,0.021
108000,1.000,0.000,0.000
