time,n_A+p,n_B,n_AB
500,0.010,0.519,0.471
1000,0.010,0.592,0.398
1500,0.010,0.440,0.550
2000,0.010,0.594,0.396
2500,0.010,0.614,0.376
3000,0.010,0.473,0.517
3500,0.010,0.503,0.487
4000,0.010,0.753,0.237
4500,0.010,0.525,0.465
5000,0.010,0.286,0.704
5500,0.010,0.468,0.522
6000,0.010,0.673,0.317
6500,0.010,0.789,0.201
7000,0.010,0.709,0.281
7500,0.010,0.535,0.455
8000,0.010,0.595,0.395
8500,0.010,0.524,0.466
9000,0.010,0.375,0.615
9500,0.010,0.454,0.536
10000,0.010,0.747,0.243
10500,0.010,0.550,0.440
11000,0.010,0.726,0.264
11500,0.010,0.704,0.286
12000,0.010,0.553,0.437
12500,0.010,0.602,0.388
13000,0.010,0.380,0.610
13500,0.010,0.466,0.524
14000,0.010,0.519,0.471
14500,0.010,0.390,0.600
15000,0.010,0.546,0.444
15500,0.010,0.369,0.621
16000,0.010,0.524,0.466
16500,0.010,0.424,0.566
17000,0.010,0.517,0.473
17500,0.010,0.674,0.316
18000,0.010,0.475,0.515
18500,0.010,0.457,0.533
19000,0.010,0.840,0.150
19500,0.010,0.328,0.662
20000,0.010,0.745,0.245
20500,0.010,0.649,0.341
21000,0.010,0.350,0.640
21500,0.010,0.522,0.468
22000,0.010,0.586,0.404
22500,0.010,0.510,0.480
23000,0.010,0.399,0.591
23500,0.010,0.479,0.511
24000,0.010,0.457,0.533
24500,0.010,0.407,0.583
25000,0.010,0.477,0.513
25500,0.010,0.577,0.413
26000,0.010,0.632,0.358
26500,0.010,0.556,0.434
27000,0.010,0.653,0.337
27500,0.010,0.660,0.330
28000,0.010,0.493,0.497
28500,0.010,0.585,0.405
29000,0.010,0.415,0.575
29500,0.010,0.349,0.641
30000,0.010,0.411,0.579
30500,0.010,0.692,0.298
31000,0.010,0.422,0.568
31500,0.010,0.540,0.450
32000,0.010,0.445,0.545
32500,0.010,0.482,0.508
33000,0.010,0.484,0.506
33500,0.010,0.583,0.407
34000,0.010,0.611,0.379
34500,0.010,0.519,0.471
35000,0.010,0.485,0.505
35500,0.010,0.384,0.606
36000,0.010,0.401,0.589
36500,0.010,0.565,0.425
37000,0.010,0.655,0.335
37500,0.010,0.552,0.438
38000,0.010,0.679,0.311
38500,0.010,0.606,0.384
39000,0.010,0.520,0.470
39500,0.010,0.668,0.322
40000,0.010,0.858,0.132
40500,0.010,0.443,0.547
41000,0.010,0.565,0.425
41500,0.010,0.658,0.332
42000,0.010,0.647,0.343
42500,0.010,0.526,0.464
43000,0.010,0.428,0.562
43500,0.010,0.421,0.569
44000,0.010,0.431,0.559
44500,0.010,0.703,0.287
45000,0.010,0.463,0.527
45500,0.010,0.390,0.600
46000,0.010,0.373,0.617
46500,0.010,0.613,0.377
47000,0.010,0.375,0.615
47500,0.010,0.484,0.506
48000,0.010,0.511,0.479
48500,0.010,0.473,0.517
49000,0.010,0.517,0.473
49500,0.010,0.452,0.538
50000,0.010,0.313,0.677
50500,0.010,0.464,0.526
51000,0.010,0.535,0.455
51500,0.010,0.476,0.514
52000,0.010,0.564,0.426
52500,0.010,0.547,0.443
53000,0.010,0.391,0.599
53500,0.010,0.462,0.528
54000,0.010,0.314,0.676
54500,0.010,0.538,0.452
55000,0.010,0.709,0.281
55500,0.010,0.528,0.462
56000,0.010,0.493,0.497
56500,0.010,0.708,0.282
57000,0.010,0.641,0.349
57500,0.010,0.636,0.354
58000,0.010,0.514,0.476
58500,0.010,0.535,0.455
59000,0.010,0.497,0.493
59500,0.010,0.376,0.614
60000,0.010,0.533,0.457
60500,0.010,0.501,0.489
61000,0.010,0.608,0.382
61500,0.010,0.571,0.419
62000,0.010,0.422,0.568
62500,0.010,0.463,0.527
63000,0.010,0.672,0.318
63500,0.010,0.283,0.707
64000,0.010,0.460,0.530
64500,0.010,0.734,0.256
65000,0.010,0.578,0.412
65500,0.010,0.528,0.462
66000,0.010,0.425,0.565
66500,0.010,0.597,0.393
67000,0.010,0.438,0.552
67500,0.010,0.507,0.483
68000,0.010,0.284,0.706
68500,0.010,0.709,0.281
69000,0.010,0.418,0.572
69500,0.010,0.597,0.393
70000,0.010,0.667,0.323
70500,0.010,0.685,0.305
71000,0.010,0.448,0.542
71500,0.010,0.606,0.384
72000,0.010,0.553,0.437
72500,0.010,0.679,0.311
73000,0.010,0.623,0.367
73500,0.010,0.577,0.413
74000,0.010,0.446,0.544
74500,0.010,0.500,0.490
75000,0.010,0.508,0.482
75500,0.010,0.663,0.327
76000,0.010,0.712,0.278
76500,0.010,0.579,0.411
77000,0.010,0.487,0.503
77500,0.010,0.547,0.443
78000,0.010,0.495,0.495
78500,0.010,0.452,0.538
79000,0.010,0.588,0.402
79500,0.010,0.740,0.250
80000,0.010,0.455,0.535
80500,0.010,0.606,0.384
81000,0.010,0.434,0.556
81500,0.010,0.670,0.320
82000,0.010,0.427,0.563
82500,0.010,0.573,0.417
83000,0.010,0.714,0.276
83500,0.010,0.484,0.506
84000,0.010,0.395,0.595
84500,0.010,0.549,0.441
85000,0.010,0.446,0.544
85500,0.010,0.605,0.385
86000,0.010,0.571,0.419
86500,0.010,0.368,0.622
87000,0.010,0.488,0.502
87500,0.010,0.604,0.386
88000,0.010,0.654,0.336
88500,0.010,0.425,0.565
89000,0.010,0.393,0.597
89500,0.010,0.474,0.516
90000,0.010,0.525,0.465
90500,0.010,0.373,0.617
91000,0.010,0.370,0.620
91500,0.010,0.334,0.656
92000,0.010,0.485,0.505
92500,0.010,0.602,0.388
93000,0.010,0.481,0.509
93500,0.010,0.278,0.712
94000,0.010,0.804,0.186
94500,0.010,0.585,0.405
95000,0.010,0.327,0.663
95500,0.010,0.633,0.357
96000,0.010,0.373,0.617
96500,0.010,0.523,0.467
97000,0.010,0.455,0.535
97500,0.010,0.335,0.655
98000,0.010,0.396,0.594
98500,0.010,0.333,0.657
99000,0.010,0.631,0.359
99500,0.010,0.737,0.253
100000,0.010,0.615,0.375
100500,0.010,0.491,0.499
101000,0.010,0.317,0.673
101500,0.010,0.484,0.506
102000,0.010,0.433,0.557
102500,0.010,0.438,0.552
103000,0.010,0.519,0.471
103500,0.010,0.532,0.458
104000,0.010,0.669,0.321
104500,0.010,0.612,0.378
105000,0.010,0.510,0.480
105500,0.010,0.429,0.561
106000,0.010,0.631,0.359
106500,0.010,0.362,0.628
107000,0.010,0.483,0.507
107500,0.010,0.400,0.590
108000,0.010,0.366,0.624
108500,0.010,0.471,0.519
109000,0.010,0.724,0.266
109500,0.010,0.708,0.282
110000,0.010,0.574,0.416
110500,0.010,0.559,0.431
111000,0.010,0.444,0.546
111500,0.010,0.567,0.423
112000,0.010,0.682,0.308
112500,0.010,0.522,0.468
113000,0.010,0.525,0.465
113500,0.010,0.516,0.474
114000,0.010,0.296,0.694
114500,0.010,0.390,0.600
115000,0.010,0.570,0.420
115500,0.010,0.399,0.591
116000,0.010,0.566,0.424
116500,0.010,0.429,0.561
117000,0.010,0.439,0.551
117500,0.010,0.537,0.453
118000,0.010,0.428,0.562
118500,0.010,0.629,0.361
119000,0.010,0.491,0.499
119500,0.010,0.412,0.578
120000,0.010,0.474,0.516
120500,0.010,0.513,0.477
121000,0.010,0.577,0.413
121500,0.010,0.187,0.803
122000,0.010,0.459,0.531
122500,0.010,0.572,0.418
123000,0.010,0.659,0.331
123500,0.010,0.488,0.502
124000,0.010,0.583,0.407
124500,0.010,0.427,0.563
125000,0.010,0.396,0.594
125500,0.010,0.519,0.471
126000,0.010,0.566,0.424
126500,0.010,0.412,0.578
127000,0.010,0.803,0.187
127500,0.010,0.760,0.230
128000,0.010,0.713,0.277
128500,0.010,0.699,0.291
129000,0.010,0.564,0.426
129500,0.010,0.441,0.549
130000,0.010,0.533,0.457
130500,0.010,0.531,0.459
131000,0.010,0.600,0.390
131500,0.010,0.692,0.298
132000,0.010,0.329,0.661
132500,0.010,0.396,0.594
133000,0.010,0.746,0.244
133500,0.010,0.292,0.698
134000,0.010,0.488,0.502
134500,0.010,0.508,0.482
135000,0.010,0.677,0.313
135500,0.010,0.431,0.559
136000,0.010,0.506,0.484
136500,0.010,0.425,0.565
137000,0.010,0.468,0.522
137500,0.010,0.392,0.598
138000,0.010,0.777,0.213
138500,0.010,0.457,0.533
139000,0.010,0.641,0.349
139500,0.010,0.512,0.478
140000,0.010,0.421,0.569
140500,0.010,0.519,0.471
141000,0.010,0.861,0.129
141500,0.010,0.614,0.376
142000,0.010,0.479,0.511
142500,0.010,0.525,0.465
143000,0.010,0.616,0.374
143500,0.010,0.668,0.322
144000,0.010,0.675,0.315
144500,0.010,0.353,0.637
145000,0.010,0.604,0.386
145500,0.010,0.432,0.558
146000,0.010,0.449,0.541
146500,0.010,0.416,0.574
147000,0.010,0.585,0.405
147500,0.010,0.403,0.587
148000,0.010,0.500,0.490
148500,0.010,0.442,0.548
149000,0.010,0.433,0.557
149500,0.010,0.433,0.557
150000,0.010,0.601,0.389
150500,0.010,0.619,0.371
151000,0.010,0.529,0.461
151500,0.010,0.760,0.230
152000,0.010,0.451,0.539
152500,0.010,0.646,0.344
153000,0.010,0.536,0.454
153500,0.010,0.440,0.550
154000,0.010,0.876,0.114
154500,0.010,0.629,0.361
155000,0.010,0.641,0.349
155500,0.010,0.700,0.290
156000,0.010,0.405,0.585
156500,0.010,0.580,0.410
157000,0.010,0.555,0.435
157500,0.010,0.575,0.415
158000,0.010,0.335,0.655
158500,0.010,0.689,0.301
159000,0.010,0.591,0.399
159500,0.010,0.641,0.349
160000,0.010,0.523,0.467
160500,0.010,0.270,0.720
161000,0.010,0.483,0.507
161500,0.010,0.494,0.496
162000,0.010,0.453,0.537
162500,0.010,0.406,0.584
163000,0.010,0.569,0.421
163500,0.010,0.422,0.568
164000,0.010,0.684,0.306
164500,0.010,0.510,0.480
165000,0.010,0.621,0.369
165500,0.010,0.530,0.460
166000,0.010,0.484,0.506
166500,0.010,0.744,0.246
167000,0.010,0.477,0.513
167500,0.010,0.292,0.698
168000,0.010,0.461,0.529
168500,0.010,0.420,0.570
169000,0.010,0.387,0.603
169500,0.010,0.466,0.524
170000,0.010,0.393,0.597
170500,0.010,0.499,0.491
171000,0.010,0.543,0.447
171500,0.010,0.278,0.712
172000,0.010,0.480,0.510
172500,0.010,0.535,0.455
173000,0.010,0.507,0.483
173500,0.010,0.735,0.255
174000,0.010,0.560,0.430
174500,0.010,0.576,0.414
175000,0.010,0.604,0.386
175500,0.010,0.677,0.313
176000,0.010,0.420,0.570
176500,0.010,0.443,0.547
177000,0.010,0.417,0.573
177500,0.010,0.514,0.476
178000,0.010,0.473,0.517
178500,0.010,0.461,0.529
179000,0.010,0.500,0.490
179500,0.010,0.575,0.415
180000,0.010,0.655,0.335
180500,0.010,0.629,0.361
181000,0.010,0.471,0.519
181500,0.010,0.761,0.229
182000,0.010,0.620,0.370
182500,0.010,0.455,0.535
183000,0.010,0.554,0.436
183500,0.010,0.622,0.368
184000,0.010,0.798,0.192
184500,0.010,0.569,0.421
185000,0.010,0.316,0.674
185500,0.010,0.485,0.505
186000,0.010,0.625,0.365
186500,0.010,0.421,0.569
187000,0.010,0.618,0.372
187500,0.010,0.416,0.574
188000,0.010,0.530,0.460
188500,0.010,0.533,0.457
189000,0.010,0.607,0.383
189500,0.010,0.362,0.628
190000,0.010,0.300,0.690
190500,0.010,0.647,0.343
191000,0.010,0.449,0.541
191500,0.010,0.535,0.455
192000,0.010,0.367,0.623
192500,0.010,0.572,0.418
193000,0.010,0.377,0.613
193500,0.010,0.626,0.364
194000,0.010,0.435,0.555
194500,0.010,0.666,0.324
195000,0.010,0.428,0.562
195500,0.010,0.659,0.331
196000,0.010,0.472,0.518
196500,0.010,0.300,0.690
197000,0.010,0.513,0.477
197500,0.010,0.419,0.571
198000,0.010,0.520,0.470
198500,0.010,0.403,0.587
199000,0.010,0.407,0.583
199500,0.010,0.341,0.649
200000,0.010,0.810,0.180
200500,0.010,0.359,0.631
201000,0.010,0.408,0.582
201500,0.010,0.704,0.286
202000,0.010,0.329,0.661
202500,0.010,0.714,0.276
203000,0.010,0.555,0.435
203500,0.010,0.473,0.517
204000,0.010,0.397,0.593
204500,0.010,0.443,0.547
205000,0.010,0.465,0.525
205500,0.010,0.611,0.379
206000,0.010,0.461,0.529
206500,0.010,0.409,0.581
207000,0.010,0.446,0.544
207500,0.010,0.470,0.520
208000,0.010,0.454,0.536
208500,0.010,0.439,0.551
209000,0.010,0.675,0.315
209500,0.010,0.649,0.341
210000,0.010,0.522,0.468
210500,0.010,0.275,0.715
211000,0.010,0.491,0.499
211500,0.010,0.376,0.614
212000,0.010,0.543,0.447
212500,0.010,0.432,0.558
213000,0.010,0.414,0.576
213500,0.010,0.466,0.524
214000,0.010,0.669,0.321
214500,0.010,0.309,0.681
215000,0.010,0.473,0.517
215500,0.010,0.427,0.563
216000,0.010,0.691,0.299
216500,0.010,0.500,0.490
217000,0.010,0.563,0.427
217500,0.010,0.535,0.455
218000,0.010,0.541,0.449
218500,0.010,0.463,0.527
219000,0.010,0.418,0.572
219500,0.010,0.609,0.381
220000,0.010,0.295,0.695
220500,0.010,0.464,0.526
221000,0.010,0.660,0.330
221500,0.010,0.801,0.189
222000,0.010,0.698,0.292
222500,0.010,0.604,0.386
223000,0.010,0.391,0.599
223500,0.010,0.638,0.352
224000,0.010,0.493,0.497
224500,0.010,0.657,0.333
225000,0.010,0.409,0.581
225500,0.010,0.344,0.646
226000,0.010,0.500,0.490
226500,0.010,0.567,0.423
227000,0.010,0.428,0.562
227500,0.010,0.679,0.311
228000,0.010,0.442,0.548
228500,0.010,0.382,0.608
229000,0.010,0.288,0.702
229500,0.010,0.750,0.240
230000,0.010,0.382,0.608
230500,0.010,0.581,0.409
231000,0.010,0.664,0.326
231500,0.010,0.622,0.368
232000,0.010,0.426,0.564
232500,0.010,0.558,0.432
233000,0.010,0.451,0.539
233500,0.010,0.614,0.376
234000,0.010,0.622,0.368
234500,0.010,0.601,0.389
235000,0.010,0.475,0.515
235500,0.010,0.480,0.510
236000,0.010,0.431,0.559
236500,0.010,0.399,0.591
237000,0.010,0.506,0.484
237500,0.010,0.413,0.577
238000,0.010,0.617,0.373
238500,0.010,0.725,0.265
239000,0.010,0.396,0.594
239500,0.010,0.375,0.615
240000,0.010,0.406,0.584
240500,0.010,0.323,0.667
241000,0.010,0.579,0.411
241500,0.010,0.717,0.273
242000,0.010,0.371,0.619
242500,0.010,0.598,0.392
243000,0.010,0.682,0.308
243500,0.010,0.786,0.204
244000,0.010,0.230,0.760
244500,0.010,0.345,0.645
245000,0.010,0.502,0.488
245500,0.010,0.489,0.501
246000,0.010,0.363,0.627
246500,0.010,0.367,0.623
247000,0.010,0.559,0.431
247500,0.010,0.767,0.223
248000,0.010,0.834,0.156
248500,0.010,0.471,0.519
249000,0.010,0.537,0.453
249500,0.010,0.537,0.453
250000,0.010,0.452,0.538
250500,0.010,0.435,0.555
251000,0.010,0.601,0.389
251500,0.010,0.605,0.385
252000,0.010,0.635,0.355
252500,0.010,0.557,0.433
253000,0.010,0.451,0.539
253500,0.010,0.717,0.273
254000,0.010,0.638,0.352
254500,0.010,0.599,0.391
255000,0.010,0.485,0.505
255500,0.010,0.685,0.305
256000,0.010,0.623,0.367
256500,0.010,0.461,0.529
257000,0.010,0.454,0.536
257500,0.010,0.289,0.701
258000,0.010,0.491,0.499
258500,0.010,0.435,0.555
259000,0.010,0.754,0.236
259500,0.010,0.714,0.276
260000,0.010,0.420,0.570
260500,0.010,0.491,0.499
261000,0.010,0.578,0.412
261500,0.010,0.603,0.387
262000,0.010,0.601,0.389
262500,0.010,0.357,0.633
263000,0.010,0.427,0.563
263500,0.010,0.448,0.542
264000,0.010,0.669,0.321
264500,0.010,0.678,0.312
265000,0.010,0.573,0.417
265500,0.010,0.669,0.321
266000,0.010,0.401,0.589
266500,0.010,0.471,0.519
267000,0.010,0.607,0.383
267500,0.010,0.678,0.312
268000,0.010,0.593,0.397
268500,0.010,0.488,0.502
269000,0.010,0.383,0.607
269500,0.010,0.601,0.389
270000,0.010,0.445,0.545
270500,0.010,0.754,0.236
271000,0.010,0.473,0.517
271500,0.010,0.538,0.452
272000,0.010,0.536,0.454
272500,0.010,0.609,0.381
273000,0.010,0.626,0.364
273500,0.010,0.500,0.490
274000,0.010,0.438,0.552
274500,0.010,0.690,0.300
275000,0.010,0.730,0.260
275500,0.010,0.667,0.323
276000,0.010,0.424,0.566
276500,0.010,0.549,0.441
277000,0.010,0.432,0.558
277500,0.010,0.542,0.448
278000,0.010,0.476,0.514
278500,0.010,0.723,0.267
279000,0.010,0.361,0.629
279500,0.010,0.628,0.362
280000,0.010,0.752,0.238
280500,0.010,0.477,0.513
281000,0.010,0.331,0.659
281500,0.010,0.491,0.499
282000,0.010,0.426,0.564
282500,0.010,0.590,0.400
283000,0.010,0.346,0.644
283500,0.010,0.499,0.491
284000,0.010,0.364,0.626
284500,0.010,0.430,0.560
285000,0.010,0.350,0.640
285500,0.010,0.607,0.383
286000,0.010,0.647,0.343
286500,0.010,0.492,0.498
287000,0.010,0.643,0.347
287500,0.010,0.473,0.517
288000,0.010,0.646,0.344
288500,0.010,0.360,0.630
289000,0.010,0.502,0.488
289500,0.010,0.617,0.373
290000,0.010,0.504,0.486
290500,0.010,0.646,0.344
291000,0.010,0.472,0.518
291500,0.010,0.304,0.686
292000,0.010,0.515,0.475
292500,0.010,0.591,0.399
293000,0.010,0.721,0.269
293500,0.010,0.574,0.416
294000,0.010,0.717,0.273
294500,0.010,0.449,0.541
295000,0.010,0.745,0.245
295500,0.010,0.551,0.439
296000,0.010,0.563,0.427
296500,0.010,0.422,0.568
297000,0.010,0.556,0.434
297500,0.010,0.611,0.379
298000,0.010,0.492,0.498
298500,0.010,0.619,0.371
299000,0.010,0.547,0.443
299500,0.010,0.922,0.068
300000,0.010,0.544,0.446
300500,0.010,0.559,0.431
301000,0.010,0.373,0.617
301500,0.010,0.511,0.479
302000,0.010,0.785,0.205
302500,0.010,0.340,0.650
303000,0.010,0.766,0.224
303500,0.010,0.530,0.460
304000,0.010,0.566,0.424
304500,0.010,0.508,0.482
305000,0.010,0.660,0.330
305500,0.010,0.354,0.636
306000,0.010,0.343,0.647
306500,0.010,0.439,0.551
307000,0.010,0.417,0.573
307500,0.010,0.501,0.489
308000,0.010,0.625,0.365
308500,0.010,0.709,0.281
309000,0.010,0.294,0.696
309500,0.010,0.431,0.559
310000,0.010,0.491,0.499
310500,0.010,0.719,0.271
311000,0.010,0.477,0.513
311500,0.010,0.364,0.626
312000,0.010,0.429,0.561
312500,0.010,0.548,0.442
313000,0.010,0.584,0.406
313500,0.010,0.465,0.525
314000,0.010,0.526,0.464
314500,0.010,0.371,0.619
315000,0.010,0.701,0.289
315500,0.010,0.445,0.545
316000,0.010,0.379,0.611
316500,0.010,0.601,0.389
317000,0.010,0.568,0.422
317500,0.010,0.623,0.367
318000,0.010,0.633,0.357
318500,0.010,0.379,0.611
319000,0.010,0.638,0.352
319500,0.010,0.426,0.564
320000,0.010,0.512,0.478
320500,0.010,0.362,0.628
321000,0.010,0.650,0.340
321500,0.010,0.448,0.542
322000,0.010,0.507,0.483
322500,0.010,0.439,0.551
323000,0.010,0.619,0.371
323500,0.010,0.566,0.424
324000,0.010,0.555,0.435
324500,0.010,0.611,0.379
325000,0.010,0.548,0.442
325500,0.010,0.427,0.563
326000,0.010,0.701,0.289
326500,0.010,0.611,0.379
327000,0.010,0.372,0.618
327500,0.010,0.584,0.406
328000,0.010,0.706,0.284
328500,0.010,0.465,0.525
329000,0.010,0.557,0.433
329500,0.010,0.491,0.499
330000,0.010,0.706,0.284
330500,0.010,0.475,0.515
331000,0.010,0.509,0.481
331500,0.010,0.560,0.430
332000,0.010,0.762,0.228
332500,0.010,0.465,0.525
333000,0.010,0.629,0.361
333500,0.010,0.736,0.254
334000,0.010,0.439,0.551
334500,0.010,0.350,0.640
335000,0.010,0.592,0.398
335500,0.010,0.758,0.232
336000,0.010,0.433,0.557
336500,0.010,0.348,0.642
337000,0.010,0.566,0.424
337500,0.010,0.680,0.310
338000,0.010,0.517,0.473
338500,0.010,0.573,0.417
339000,0.010,0.717,0.273
339500,0.010,0.441,0.549
340000,0.010,0.335,0.655
340500,0.010,0.885,0.105
341000,0.010,0.677,0.313
341500,0.010,0.644,0.346
342000,0.010,0.469,0.521
342500,0.010,0.629,0.361
343000,0.010,0.639,0.351
343500,0.010,0.518,0.472
344000,0.010,0.711,0.279
344500,0.010,0.519,0.471
345000,0.010,0.641,0.349
345500,0.010,0.525,0.465
346000,0.010,0.408,0.582
346500,0.010,0.492,0.498
347000,0.010,0.789,0.201
347500,0.010,0.486,0.504
348000,0.010,0.423,0.567
348500,0.010,0.524,0.466
349000,0.010,0.503,0.487
349500,0.010,0.755,0.235
350000,0.010,0.645,0.345
350500,0.010,0.570,0.420
351000,0.010,0.678,0.312
351500,0.010,0.549,0.441
352000,0.010,0.528,0.462
352500,0.010,0.444,0.546
353000,0.010,0.629,0.361
353500,0.010,0.413,0.577
354000,0.010,0.651,0.339
354500,0.010,0.700,0.290
355000,0.010,0.858,0.132
355500,0.010,0.532,0.458
356000,0.010,0.326,0.664
356500,0.010,0.589,0.401
357000,0.010,0.714,0.276
357500,0.010,0.660,0.330
358000,0.010,0.398,0.592
358500,0.010,0.449,0.541
359000,0.010,0.806,0.184
359500,0.010,0.532,0.458
360000,0.010,0.562,0.428
360500,0.010,0.477,0.513
361000,0.010,0.415,0.575
361500,0.010,0.465,0.525
362000,0.010,0.344,0.646
362500,0.010,0.509,0.481
363000,0.010,0.350,0.640
363500,0.010,0.415,0.575
364000,0.010,0.478,0.512
364500,0.010,0.552,0.438
365000,0.010,0.455,0.535
365500,0.010,0.489,0.501
366000,0.010,0.688,0.302
366500,0.010,0.518,0.472
367000,0.010,0.465,0.525
367500,0.010,0.511,0.479
368000,0.010,0.631,0.359
368500,0.010,0.760,0.230
369000,0.010,0.510,0.480
369500,0.010,0.594,0.396
370000,0.010,0.645,0.345
370500,0.010,0.439,0.551
371000,0.010,0.445,0.545
371500,0.010,0.525,0.465
372000,0.010,0.718,0.272
372500,0.010,0.438,0.552
373000,0.010,0.463,0.527
373500,0.010,0.541,0.449
374000,0.010,0.261,0.729
374500,0.010,0.512,0.478
375000,0.010,0.494,0.496
375500,0.010,0.510,0.480
376000,0.010,0.771,0.219
376500,0.010,0.584,0.406
377000,0.010,0.471,0.519
377500,0.010,0.554,0.436
378000,0.010,0.531,0.459
378500,0.010,0.527,0.463
379000,0.010,0.495,0.495
379500,0.010,0.408,0.582
380000,0.010,0.574,0.416
380500,0.010,0.395,0.595
381000,0.010,0.664,0.326
381500,0.010,0.675,0.315
382000,0.010,0.664,0.326
382500,0.010,0.519,0.471
383000,0.010,0.489,0.501
383500,0.010,0.629,0.361
384000,0.010,0.569,0.421
384500,0.010,0.401,0.589
385000,0.010,0.560,0.430
385500,0.010,0.492,0.498
386000,0.010,0.434,0.556
386500,0.010,0.573,0.417
387000,0.010,0.482,0.508
387500,0.010,0.464,0.526
388000,0.010,0.514,0.476
388500,0.010,0.414,0.576
389000,0.010,0.512,0.478
389500,0.010,0.402,0.588
390000,0.010,0.728,0.262
390500,0.010,0.536,0.454
391000,0.010,0.458,0.532
391500,0.010,0.381,0.609
392000,0.010,0.633,0.357
392500,0.010,0.520,0.470
393000,0.010,0.611,0.379
393500,0.010,0.446,0.544
394000,0.010,0.444,0.546
394500,0.010,0.462,0.528
395000,0.010,0.574,0.416
395500,0.010,0.488,0.502
396000,0.010,0.575,0.415
396500,0.010,0.548,0.442
397000,0.010,0.532,0.458
397500,0.010,0.421,0.569
398000,0.010,0.486,0.504
398500,0.010,0.584,0.406
399000,0.010,0.550,0.440
399500,0.010,0.708,0.282
400000,0.010,0.525,0.465
400500,0.010,0.552,0.438
401000,0.010,0.556,0.434
401500,0.010,0.402,0.588
402000,0.010,0.512,0.478
402500,0.010,0.708,0.282
403000,0.010,0.532,0.458
403500,0.010,0.411,0.579
404000,0.010,0.651,0.339
404500,0.010,0.368,0.622
405000,0.010,0.596,0.394
405500,0.010,0.672,0.318
406000,0.010,0.425,0.565
406500,0.010,0.504,0.486
407000,0.010,0.555,0.435
407500,0.010,0.454,0.536
408000,0.010,0.668,0.322
408500,0.010,0.499,0.491
409000,0.010,0.478,0.512
409500,0.010,0.377,0.613
410000,0.010,0.427,0.563
410500,0.010,0.681,0.309
411000,0.010,0.534,0.456
411500,0.010,0.429,0.561
412000,0.010,0.440,0.550
412500,0.010,0.527,0.463
413000,0.010,0.597,0.393
413500,0.010,0.630,0.360
414000,0.010,0.629,0.361
414500,0.010,0.346,0.644
415000,0.010,0.413,0.577
415500,0.010,0.492,0.498
416000,0.010,0.534,0.456
416500,0.010,0.391,0.599
417000,0.010,0.359,0.631
417500,0.010,0.358,0.632
418000,0.010,0.803,0.187
418500,0.010,0.598,0.392
419000,0.010,0.443,0.547
419500,0.010,0.331,0.659
420000,0.010,0.393,0.597
420500,0.010,0.371,0.619
421000,0.010,0.381,0.609
421500,0.010,0.633,0.357
422000,0.010,0.391,0.599
422500,0.010,0.333,0.657
423000,0.010,0.647,0.343
423500,0.010,0.416,0.574
424000,0.010,0.429,0.561
424500,0.010,0.338,0.652
425000,0.010,0.602,0.388
425500,0.010,0.707,0.283
426000,0.010,0.449,0.541
426500,0.010,0.663,0.327
427000,0.010,0.383,0.607
427500,0.010,0.734,0.256
428000,0.010,0.577,0.413
428500,0.010,0.382,0.608
429000,0.010,0.485,0.505
429500,0.010,0.492,0.498
430000,0.010,0.529,0.461
430500,0.010,0.423,0.567
431000,0.010,0.355,0.635
431500,0.010,0.361,0.629
432000,0.010,0.619,0.371
432500,0.010,0.543,0.447
433000,0.010,0.276,0.714
433500,0.010,0.353,0.637
434000,0.010,0.626,0.364
434500,0.010,0.246,0.744
435000,0.010,0.325,0.665
435500,0.010,0.482,0.508
436000,0.010,0.518,0.472
436500,0.010,0.525,0.465
437000,0.010,0.440,0.550
437500,0.010,0.667,0.323
438000,0.010,0.501,0.489
438500,0.010,0.470,0.520
439000,0.010,0.587,0.403
439500,0.010,0.463,0.527
440000,0.010,0.360,0.630
440500,0.010,0.390,0.600
441000,0.010,0.480,0.510
441500,0.010,0.676,0.314
442000,0.010,0.610,0.380
442500,0.010,0.486,0.504
443000,0.010,0.624,0.366
443500,0.010,0.759,0.231
444000,0.010,0.603,0.387
444500,0.010,0.587,0.403
445000,0.010,0.594,0.396
445500,0.010,0.601,0.389
446000,0.010,0.630,0.360
446500,0.010,0.559,0.431
447000,0.010,0.596,0.394
447500,0.010,0.523,0.467
448000,0.010,0.513,0.477
448500,0.010,0.647,0.343
449000,0.010,0.555,0.435
449500,0.010,0.684,0.306
450000,0.010,0.530,0.460
450500,0.010,0.644,0.346
451000,0.010,0.500,0.490
451500,0.010,0.407,0.583
452000,0.010,0.670,0.320
452500,0.010,0.443,0.547
453000,0.010,0.407,0.583
453500,0.010,0.368,0.622
454000,0.010,0.415,0.575
454500,0.010,0.699,0.291
455000,0.010,0.462,0.528
455500,0.010,0.486,0.504
456000,0.010,0.581,0.409
456500,0.010,0.535,0.455
457000,0.010,0.486,0.504
457500,0.010,0.442,0.548
458000,0.010,0.427,0.563
458500,0.010,0.481,0.509
459000,0.010,0.587,0.403
459500,0.010,0.322,0.668
460000,0.010,0.548,0.442
460500,0.010,0.540,0.450
461000,0.010,0.520,0.470
461500,0.010,0.617,0.373
462000,0.010,0.553,0.437
462500,0.010,0.577,0.413
463000,0.010,0.563,0.427
463500,0.010,0.422,0.568
464000,0.010,0.478,0.512
464500,0.010,0.694,0.296
465000,0.010,0.584,0.406
465500,0.010,0.388,0.602
466000,0.010,0.552,0.438
466500,0.010,0.553,0.437
467000,0.010,0.656,0.334
467500,0.010,0.520,0.470
468000,0.010,0.393,0.597
468500,0.010,0.498,0.492
469000,0.010,0.725,0.265
469500,0.010,0.478,0.512
470000,0.010,0.615,0.375
470500,0.010,0.358,0.632
471000,0.010,0.635,0.355
471500,0.010,0.569,0.421
472000,0.010,0.450,0.540
472500,0.010,0.499,0.491
473000,0.010,0.834,0.156
473500,0.010,0.647,0.343
474000,0.010,0.464,0.526
474500,0.010,0.657,0.333
475000,0.010,0.507,0.483
475500,0.010,0.610,0.380
476000,0.010,0.486,0.504
476500,0.010,0.615,0.375
477000,0.010,0.588,0.402
477500,0.010,0.529,0.461
478000,0.010,0.744,0.246
478500,0.010,0.470,0.520
479000,0.010,0.408,0.582
479500,0.010,0.561,0.429
480000,0.010,0.734,0.256
480500,0.010,0.626,0.364
481000,0.010,0.661,0.329
481500,0.010,0.726,0.264
482000,0.010,0.583,0.407
482500,0.010,0.493,0.497
483000,0.010,0.305,0.685
483500,0.010,0.711,0.279
484000,0.010,0.421,0.569
484500,0.010,0.463,0.527
485000,0.010,0.373,0.617
485500,0.010,0.413,0.577
486000,0.010,0.413,0.577
486500,0.010,0.570,0.420
487000,0.010,0.638,0.352
487500,0.010,0.531,0.459
488000,0.010,0.547,0.443
488500,0.010,0.299,0.691
489000,0.010,0.481,0.509
489500,0.010,0.716,0.274
490000,0.010,0.427,0.563
490500,0.010,0.421,0.569
491000,0.010,0.526,0.464
491500,0.010,0.534,0.456
492000,0.010,0.627,0.363
492500,0.010,0.573,0.417
493000,0.010,0.338,0.652
493500,0.010,0.519,0.471
494000,0.010,0.696,0.294
494500,0.010,0.630,0.360
495000,0.010,0.480,0.510
495500,0.010,0.319,0.671
496000,0.010,0.388,0.602
496500,0.010,0.612,0.378
497000,0.010,0.406,0.584
497500,0.010,0.353,0.637
498000,0.010,0.514,0.476
498500,0.010,0.500,0.490
499000,0.010,0.489,0.501
499500,0.010,0.295,0.695
500000,0.010,0.410,0.580
500500,0.010,0.476,0.514
501000,0.010,0.590,0.400
501500,0.010,0.729,0.261
502000,0.010,0.586,0.404
502500,0.010,0.376,0.614
503000,0.010,0.500,0.490
503500,0.010,0.728,0.262
504000,0.010,0.683,0.307
504500,0.010,0.591,0.399
505000,0.010,0.752,0.238
505500,0.010,0.562,0.428
506000,0.010,0.353,0.637
506500,0.010,0.602,0.388
507000,0.010,0.421,0.569
507500,0.010,0.421,0.569
508000,0.010,0.465,0.525
508500,0.010,0.815,0.175
509000,0.010,0.463,0.527
509500,0.010,0.552,0.438
510000,0.010,0.486,0.504
510500,0.010,0.706,0.284
511000,0.010,0.490,0.500
511500,0.010,0.678,0.312
512000,0.010,0.513,0.477
512500,0.010,0.436,0.554
513000,0.010,0.415,0.575
513500,0.010,0.569,0.421
514000,0.010,0.572,0.418
514500,0.010,0.392,0.598
515000,0.010,0.769,0.221
515500,0.010,0.603,0.387
516000,0.010,0.656,0.334
516500,0.010,0.446,0.544
517000,0.010,0.542,0.448
517500,0.010,0.476,0.514
518000,0.010,0.743,0.247
518500,0.010,0.656,0.334
519000,0.010,0.664,0.326
519500,0.010,0.428,0.562
520000,0.010,0.429,0.561
520500,0.010,0.292,0.698
521000,0.010,0.449,0.541
521500,0.010,0.838,0.152
522000,0.010,0.734,0.256
522500,0.010,0.321,0.669
523000,0.010,0.656,0.334
523500,0.010,0.471,0.519
524000,0.010,0.656,0.334
524500,0.010,0.537,0.453
525000,0.010,0.603,0.387
525500,0.010,0.408,0.582
526000,0.010,0.637,0.353
526500,0.010,0.603,0.387
527000,0.010,0.488,0.502
527500,0.010,0.728,0.262
528000,0.010,0.694,0.296
528500,0.010,0.516,0.474
529000,0.010,0.416,0.574
529500,0.010,0.556,0.434
530000,0.010,0.853,0.137
530500,0.010,0.660,0.330
531000,0.010,0.700,0.290
531500,0.010,0.687,0.303
532000,0.010,0.563,0.427
532500,0.010,0.480,0.510
533000,0.010,0.472,0.518
533500,0.010,0.329,0.661
534000,0.010,0.602,0.388
534500,0.010,0.403,0.587
535000,0.010,0.492,0.498
535500,0.010,0.566,0.424
536000,0.010,0.808,0.182
536500,0.010,0.873,0.117
537000,0.010,0.474,0.516
537500,0.010,0.520,0.470
538000,0.010,0.484,0.506
538500,0.010,0.380,0.610
539000,0.010,0.496,0.494
539500,0.010,0.599,0.391
540000,0.010,0.543,0.447
540500,0.010,0.573,0.417
541000,0.010,0.427,0.563
541500,0.010,0.590,0.400
542000,0.010,0.646,0.344
542500,0.010,0.540,0.450
543000,0.010,0.363,0.627
543500,0.010,0.578,0.412
544000,0.010,0.644,0.346
544500,0.010,0.516,0.474
545000,0.010,0.544,0.446
545500,0.010,0.777,0.213
546000,0.010,0.433,0.557
546500,0.010,0.487,0.503
547000,0.010,0.746,0.244
547500,0.010,0.272,0.718
548000,0.010,0.748,0.242
548500,0.010,0.732,0.258
549000,0.010,0.686,0.304
549500,0.010,0.677,0.313
550000,0.010,0.575,0.415
550500,0.010,0.655,0.335
551000,0.010,0.417,0.573
551500,0.010,0.480,0.510
552000,0.010,0.530,0.460
552500,0.010,0.593,0.397
553000,0.010,0.674,0.316
553500,0.010,0.294,0.696
554000,0.010,0.675,0.315
554500,0.010,0.528,0.462
555000,0.010,0.519,0.471
555500,0.010,0.611,0.379
556000,0.010,0.461,0.529
556500,0.010,0.299,0.691
557000,0.010,0.624,0.366
557500,0.010,0.533,0.457
558000,0.010,0.537,0.453
558500,0.010,0.384,0.606
559000,0.010,0.584,0.406
559500,0.010,0.614,0.376
560000,0.010,0.388,0.602
560500,0.010,0.537,0.453
561000,0.010,0.475,0.515
561500,0.010,0.712,0.278
562000,0.010,0.455,0.535
562500,0.010,0.626,0.364
563000,0.010,0.484,0.506
563500,0.010,0.486,0.504
564000,0.010,0.710,0.280
564500,0.010,0.460,0.530
565000,0.010,0.332,0.658
565500,0.010,0.394,0.596
566000,0.010,0.520,0.470
566500,0.010,0.481,0.509
567000,0.010,0.452,0.538
567500,0.010,0.511,0.479
568000,0.010,0.472,0.518
568500,0.010,0.546,0.444
569000,0.010,0.631,0.359
569500,0.010,0.252,0.738
570000,0.010,0.483,0.507
570500,0.010,0.531,0.459
571000,0.010,0.487,0.503
571500,0.010,0.537,0.453
572000,0.010,0.596,0.394
572500,0.010,0.642,0.348
573000,0.010,0.455,0.535
573500,0.010,0.552,0.438
574000,0.010,0.522,0.468
574500,0.010,0.698,0.292
575000,0.010,0.460,0.530
575500,0.010,0.768,0.222
576000,0.010,0.306,0.684
576500,0.010,0.504,0.486
577000,0.010,0.585,0.405
577500,0.010,0.294,0.696
578000,0.010,0.410,0.580
578500,0.010,0.486,0.504
579000,0.010,0.726,0.264
579500,0.010,0.461,0.529
580000,0.010,0.354,0.636
580500,0.010,0.492,0.498
581000,0.010,0.328,0.662
581500,0.010,0.336,0.654
582000,0.010,0.458,0.532
582500,0.010,0.792,0.198
583000,0.010,0.496,0.494
583500,0.010,0.464,0.526
584000,0.010,0.656,0.334
584500,0.010,0.469,0.521
585000,0.010,0.625,0.365
585500,0.010,0.600,0.390
586000,0.010,0.475,0.515
586500,0.010,0.607,0.383
587000,0.010,0.611,0.379
587500,0.010,0.632,0.358
588000,0.010,0.608,0.382
588500,0.010,0.534,0.456
589000,0.010,0.483,0.507
589500,0.010,0.457,0.533
590000,0.010,0.489,0.501
590500,0.010,0.742,0.248
591000,0.010,0.671,0.319
591500,0.010,0.464,0.526
592000,0.010,0.572,0.418
592500,0.010,0.578,0.412
593000,0.010,0.586,0.404
593500,0.010,0.525,0.465
594000,0.010,0.491,0.499
594500,0.010,0.438,0.552
595000,0.010,0.536,0.454
595500,0.010,0.492,0.498
596000,0.010,0.465,0.525
596500,0.010,0.646,0.344
597000,0.010,0.456,0.534
597500,0.010,0.459,0.531
598000,0.010,0.662,0.328
598500,0.010,0.304,0.686
599000,0.010,0.414,0.576
599500,0.010,0.456,0.534
600000,0.010,0.417,0.573
600500,0.010,0.599,0.391
601000,0.010,0.391,0.599
601500,0.010,0.389,0.601
602000,0.010,0.666,0.324
602500,0.010,0.438,0.552
603000,0.010,0.489,0.501
603500,0.010,0.608,0.382
604000,0.010,0.642,0.348
604500,0.010,0.320,0.670
605000,0.010,0.500,0.490
605500,0.010,0.417,0.573
606000,0.010,0.595,0.395
606500,0.010,0.397,0.593
607000,0.010,0.580,0.410
607500,0.010,0.639,0.351
608000,0.010,0.521,0.469
608500,0.010,0.531,0.459
609000,0.010,0.505,0.485
609500,0.010,0.646,0.344
610000,0.010,0.437,0.553
610500,0.010,0.850,0.140
611000,0.010,0.648,0.342
611500,0.010,0.387,0.603
612000,0.010,0.429,0.561
612500,0.010,0.474,0.516
613000,0.010,0.413,0.577
613500,0.010,0.560,0.430
614000,0.010,0.541,0.449
614500,0.010,0.382,0.608
615000,0.010,0.724,0.266
615500,0.010,0.618,0.372
616000,0.010,0.383,0.607
616500,0.010,0.730,0.260
617000,0.010,0.516,0.474
617500,0.010,0.510,0.480
618000,0.010,0.534,0.456
618500,0.010,0.850,0.140
619000,0.010,0.512,0.478
619500,0.010,0.635,0.355
620000,0.010,0.848,0.142
620500,0.010,0.611,0.379
621000,0.010,0.344,0.646
621500,0.010,0.616,0.374
622000,0.010,0.456,0.534
622500,0.010,0.330,0.660
623000,0.010,0.412,0.578
623500,0.010,0.577,0.413
624000,0.010,0.543,0.447
624500,0.010,0.746,0.244
625000,0.010,0.473,0.517
625500,0.010,0.439,0.551
626000,0.010,0.700,0.290
626500,0.010,0.526,0.464
627000,0.010,0.277,0.713
627500,0.010,0.699,0.291
628000,0.010,0.449,0.541
628500,0.010,0.481,0.509
629000,0.010,0.581,0.409
629500,0.010,0.288,0.702
630000,0.010,0.583,0.407
630500,0.010,0.375,0.615
631000,0.010,0.700,0.290
631500,0.010,0.543,0.447
632000,0.010,0.383,0.607
632500,0.010,0.556,0.434
633000,0.010,0.827,0.163
633500,0.010,0.580,0.410
634000,0.010,0.579,0.411
634500,0.010,0.518,0.472
635000,0.010,0.640,0.350
635500,0.010,0.501,0.489
636000,0.010,0.494,0.496
636500,0.010,0.383,0.607
637000,0.010,0.387,0.603
637500,0.010,0.756,0.234
638000,0.010,0.697,0.293
638500,0.010,0.438,0.552
639000,0.010,0.554,0.436
639500,0.010,0.481,0.509
640000,0.010,0.330,0.660
640500,0.010,0.474,0.516
641000,0.010,0.289,0.701
641500,0.010,0.459,0.531
642000,0.010,0.613,0.377
642500,0.010,0.439,0.551
643000,0.010,0.461,0.529
643500,0.010,0.531,0.459
644000,0.010,0.492,0.498
644500,0.010,0.539,0.451
645000,0.010,0.414,0.576
645500,0.010,0.423,0.567
646000,0.010,0.443,0.547
646500,0.010,0.415,0.575
647000,0.010,0.569,0.421
647500,0.010,0.731,0.259
648000,0.010,0.411,0.579
648500,0.010,0.637,0.353
649000,0.010,0.370,0.620
649500,0.010,0.588,0.402
650000,0.010,0.430,0.560
650500,0.010,0.349,0.641
651000,0.010,0.249,0.741
651500,0.010,0.535,0.455
652000,0.010,0.623,0.367
652500,0.010,0.636,0.354
653000,0.010,0.342,0.648
653500,0.010,0.575,0.415
654000,0.010,0.731,0.259
654500,0.010,0.593,0.397
655000,0.010,0.785,0.205
655500,0.010,0.343,0.647
656000,0.010,0.532,0.458
656500,0.010,0.436,0.554
657000,0.010,0.409,0.581
657500,0.010,0.630,0.360
658000,0.010,0.660,0.330
658500,0.010,0.304,0.686
659000,0.010,0.529,0.461
659500,0.010,0.544,0.446
660000,0.010,0.442,0.548
660500,0.010,0.643,0.347
661000,0.010,0.664,0.326
661500,0.010,0.449,0.541
662000,0.010,0.565,0.425
662500,0.010,0.355,0.635
663000,0.010,0.336,0.654
663500,0.010,0.596,0.394
664000,0.010,0.685,0.305
664500,0.010,0.495,0.495
665000,0.010,0.353,0.637
665500,0.010,0.510,0.480
666000,0.010,0.592,0.398
666500,0.010,0.419,0.571
667000,0.010,0.742,0.248
667500,0.010,0.416,0.574
668000,0.010,0.669,0.321
668500,0.010,0.427,0.563
669000,0.010,0.409,0.581
669500,0.010,0.476,0.514
670000,0.010,0.589,0.401
670500,0.010,0.531,0.459
671000,0.010,0.446,0.544
671500,0.010,0.507,0.483
672000,0.010,0.634,0.356
672500,0.010,0.617,0.373
673000,0.010,0.390,0.600
673500,0.010,0.575,0.415
674000,0.010,0.493,0.497
674500,0.010,0.550,0.440
675000,0.010,0.394,0.596
675500,0.010,0.751,0.239
676000,0.010,0.649,0.341
676500,0.010,0.386,0.604
677000,0.010,0.465,0.525
677500,0.010,0.453,0.537
678000,0.010,0.522,0.468
678500,0.010,0.571,0.419
679000,0.010,0.495,0.495
679500,0.010,0.583,0.407
680000,0.010,0.289,0.701
680500,0.010,0.462,0.528
681000,0.010,0.704,0.286
681500,0.010,0.434,0.556
682000,0.010,0.608,0.382
682500,0.010,0.482,0.508
683000,0.010,0.500,0.490
683500,0.010,0.637,0.353
684000,0.010,0.504,0.486
684500,0.010,0.514,0.476
685000,0.010,0.340,0.650
685500,0.010,0.477,0.513
686000,0.010,0.520,0.470
686500,0.010,0.660,0.330
687000,0.010,0.610,0.380
687500,0.010,0.708,0.282
688000,0.010,0.534,0.456
688500,0.010,0.422,0.568
689000,0.010,0.541,0.449
689500,0.010,0.530,0.460
690000,0.010,0.362,0.628
690500,0.010,0.508,0.482
691000,0.010,0.429,0.561
691500,0.010,0.568,0.422
692000,0.010,0.624,0.366
692500,0.010,0.474,0.516
693000,0.010,0.428,0.562
693500,0.010,0.680,0.310
694000,0.010,0.575,0.415
694500,0.010,0.624,0.366
695000,0.010,0.478,0.512
695500,0.010,0.749,0.241
696000,0.010,0.451,0.539
696500,0.010,0.425,0.565
697000,0.010,0.467,0.523
697500,0.010,0.460,0.530
698000,0.010,0.500,0.490
698500,0.010,0.540,0.450
699000,0.010,0.539,0.451
699500,0.010,0.517,0.473
700000,0.010,0.364,0.626
700500,0.010,0.335,0.655
701000,0.010,0.602,0.388
701500,0.010,0.419,0.571
702000,0.010,0.643,0.347
702500,0.010,0.355,0.635
703000,0.010,0.499,0.491
703500,0.010,0.398,0.592
704000,0.010,0.489,0.501
704500,0.010,0.686,0.304
705000,0.010,0.654,0.336
705500,0.010,0.437,0.553
706000,0.010,0.318,0.672
706500,0.010,0.468,0.522
707000,0.010,0.525,0.465
707500,0.010,0.819,0.171
708000,0.010,0.691,0.299
708500,0.010,0.706,0.284
709000,0.010,0.613,0.377
709500,0.010,0.506,0.484
710000,0.010,0.611,0.379
710500,0.010,0.668,0.322
711000,0.010,0.378,0.612
711500,0.010,0.688,0.302
712000,0.010,0.529,0.461
712500,0.010,0.520,0.470
713000,0.010,0.561,0.429
713500,0.010,0.564,0.426
714000,0.010,0.540,0.450
714500,0.010,0.552,0.438
715000,0.010,0.851,0.139
715500,0.010,0.427,0.563
716000,0.010,0.838,0.152
716500,0.010,0.539,0.451
717000,0.010,0.644,0.346
717500,0.010,0.739,0.251
718000,0.010,0.385,0.605
718500,0.010,0.417,0.573
719000,0.010,0.728,0.262
719500,0.010,0.529,0.461
720000,0.010,0.275,0.715
720500,0.010,0.650,0.340
721000,0.010,0.552,0.438
721500,0.010,0.578,0.412
722000,0.010,0.529,0.461
722500,0.010,0.480,0.510
723000,0.010,0.680,0.310
723500,0.010,0.636,0.354
724000,0.010,0.489,0.501
724500,0.010,0.390,0.600
725000,0.010,0.501,0.489
725500,0.010,0.437,0.553
726000,0.010,0.387,0.603
726500,0.010,0.480,0.510
727000,0.010,0.394,0.596
727500,0.010,0.466,0.524
728000,0.010,0.372,0.618
728500,0.010,0.612,0.378
729000,0.010,0.564,0.426
729500,0.010,0.482,0.508
730000,0.010,0.430,0.560
730500,0.010,0.508,0.482
731000,0.010,0.502,0.488
731500,0.010,0.686,0.304
732000,0.010,0.533,0.457
732500,0.010,0.632,0.358
733000,0.010,0.862,0.128
733500,0.010,0.636,0.354
734000,0.010,0.886,0.104
734500,0.010,0.708,0.282
735000,0.010,0.546,0.444
735500,0.010,0.590,0.400
736000,0.010,0.654,0.336
736500,0.010,0.685,0.305
737000,0.010,0.419,0.571
737500,0.010,0.650,0.340
738000,0.010,0.386,0.604
738500,0.010,0.520,0.470
739000,0.010,0.402,0.588
739500,0.010,0.707,0.283
740000,0.010,0.676,0.314
740500,0.010,0.382,0.608
741000,0.010,0.525,0.465
741500,0.010,0.445,0.545
742000,0.010,0.573,0.417
742500,0.010,0.446,0.544
743000,0.010,0.441,0.549
743500,0.010,0.616,0.374
744000,0.010,0.528,0.462
744500,0.010,0.814,0.176
745000,0.010,0.502,0.488
745500,0.010,0.510,0.480
746000,0.010,0.419,0.571
746500,0.010,0.630,0.360
747000,0.010,0.722,0.268
747500,0.010,0.666,0.324
748000,0.010,0.414,0.576
748500,0.010,0.435,0.555
749000,0.010,0.602,0.388
749500,0.010,0.467,0.523
750000,0.010,0.439,0.551
750500,0.010,0.599,0.391
751000,0.010,0.473,0.517
751500,0.010,0.491,0.499
752000,0.010,0.431,0.559
752500,0.010,0.677,0.313
753000,0.010,0.480,0.510
753500,0.010,0.623,0.367
754000,0.010,0.454,0.536
754500,0.010,0.564,0.426
755000,0.010,0.566,0.424
755500,0.010,0.710,0.280
756000,0.010,0.609,0.381
756500,0.010,0.565,0.425
757000,0.010,0.412,0.578
757500,0.010,0.449,0.541
758000,0.010,0.304,0.686
758500,0.010,0.207,0.783
759000,0.010,0.659,0.331
759500,0.010,0.421,0.569
760000,0.010,0.181,0.809
760500,0.010,0.509,0.481
761000,0.010,0.593,0.397
761500,0.010,0.507,0.483
762000,0.010,0.545,0.445
762500,0.010,0.515,0.475
763000,0.010,0.526,0.464
763500,0.010,0.513,0.477
764000,0.010,0.410,0.580
764500,0.010,0.438,0.552
765000,0.010,0.537,0.453
765500,0.010,0.583,0.407
766000,0.010,0.612,0.378
766500,0.010,0.448,0.542
767000,0.010,0.602,0.388
767500,0.010,0.530,0.460
768000,0.010,0.483,0.507
768500,0.010,0.272,0.718
769000,0.010,0.532,0.458
769500,0.010,0.414,0.576
770000,0.010,0.540,0.450
770500,0.010,0.519,0.471
771000,0.010,0.575,0.415
771500,0.010,0.623,0.367
772000,0.010,0.402,0.588
772500,0.010,0.481,0.509
773000,0.010,0.611,0.379
773500,0.010,0.458,0.532
774000,0.010,0.611,0.379
774500,0.010,0.533,0.457
775000,0.010,0.356,0.634
775500,0.010,0.537,0.453
776000,0.010,0.349,0.641
776500,0.010,0.454,0.536
777000,0.010,0.590,0.400
777500,0.010,0.733,0.257
778000,0.010,0.417,0.573
778500,0.010,0.484,0.506
779000,0.010,0.318,0.672
779500,0.010,0.288,0.702
780000,0.010,0.538,0.452
780500,0.010,0.418,0.572
781000,0.010,0.477,0.513
781500,0.010,0.464,0.526
782000,0.010,0.346,0.644
782500,0.010,0.484,0.506
783000,0.010,0.496,0.494
783500,0.010,0.422,0.568
784000,0.010,0.549,0.441
784500,0.010,0.529,0.461
785000,0.010,0.687,0.303
785500,0.010,0.522,0.468
786000,0.010,0.434,0.556
786500,0.010,0.491,0.499
787000,0.010,0.635,0.355
787500,0.010,0.483,0.507
788000,0.010,0.559,0.431
788500,0.010,0.425,0.565
789000,0.010,0.300,0.690
789500,0.010,0.707,0.283
790000,0.010,0.562,0.428
790500,0.010,0.374,0.616
791000,0.010,0.608,0.382
791500,0.010,0.453,0.537
792000,0.010,0.545,0.445
792500,0.010,0.364,0.626
793000,0.010,0.473,0.517
793500,0.010,0.472,0.518
794000,0.010,0.365,0.625
794500,0.010,0.736,0.254
795000,0.010,0.654,0.336
795500,0.010,0.396,0.594
796000,0.010,0.632,0.358
796500,0.010,0.549,0.441
797000,0.010,0.178,0.812
797500,0.010,0.774,0.216
798000,0.010,0.643,0.347
798500,0.010,0.388,0.602
799000,0.010,0.704,0.286
799500,0.010,0.473,0.517
800000,0.010,0.404,0.586
800500,0.010,0.497,0.493
801000,0.010,0.404,0.586
801500,0.010,0.459,0.531
802000,0.010,0.690,0.300
802500,0.010,0.553,0.437
803000,0.010,0.624,0.366
803500,0.010,0.356,0.634
804000,0.010,0.433,0.557
804500,0.010,0.465,0.525
805000,0.010,0.591,0.399
805500,0.010,0.357,0.633
806000,0.010,0.472,0.518
806500,0.010,0.548,0.442
807000,0.010,0.630,0.360
807500,0.010,0.572,0.418
808000,0.010,0.714,0.276
808500,0.010,0.563,0.427
809000,0.010,0.590,0.400
809500,0.010,0.615,0.375
810000,0.010,0.416,0.574
810500,0.010,0.537,0.453
811000,0.010,0.451,0.539
811500,0.010,0.557,0.433
812000,0.010,0.454,0.536
812500,0.010,0.525,0.465
813000,0.010,0.421,0.569
813500,0.010,0.521,0.469
814000,0.010,0.576,0.414
814500,0.010,0.433,0.557
815000,0.010,0.443,0.547
815500,0.010,0.637,0.353
816000,0.010,0.552,0.438
816500,0.010,0.359,0.631
817000,0.010,0.595,0.395
817500,0.010,0.659,0.331
818000,0.010,0.575,0.415
818500,0.010,0.421,0.569
819000,0.010,0.546,0.444
819500,0.010,0.561,0.429
820000,0.010,0.568,0.422
820500,0.010,0.537,0.453
821000,0.010,0.490,0.500
821500,0.010,0.651,0.339
822000,0.010,0.789,0.201
822500,0.010,0.725,0.265
823000,0.010,0.551,0.439
823500,0.010,0.459,0.531
824000,0.010,0.643,0.347
824500,0.010,0.530,0.460
825000,0.010,0.752,0.238
825500,0.010,0.480,0.510
826000,0.010,0.498,0.492
826500,0.010,0.589,0.401
827000,0.010,0.515,0.475
827500,0.010,0.464,0.526
828000,0.010,0.444,0.546
828500,0.010,0.740,0.250
829000,0.010,0.573,0.417
829500,0.010,0.655,0.335
830000,0.010,0.565,0.425
830500,0.010,0.569,0.421
831000,0.010,0.669,0.321
831500,0.010,0.523,0.467
832000,0.010,0.785,0.205
832500,0.010,0.655,0.335
833000,0.010,0.460,0.530
833500,0.010,0.390,0.600
834000,0.010,0.406,0.584
834500,0.010,0.632,0.358
835000,0.010,0.375,0.615
835500,0.010,0.403,0.587
836000,0.010,0.411,0.579
836500,0.010,0.543,0.447
837000,0.010,0.611,0.379
837500,0.010,0.465,0.525
838000,0.010,0.504,0.486
838500,0.010,0.550,0.440
839000,0.010,0.617,0.373
839500,0.010,0.615,0.375
840000,0.010,0.529,0.461
840500,0.010,0.413,0.577
841000,0.010,0.423,0.567
841500,0.010,0.291,0.699
842000,0.010,0.448,0.542
842500,0.010,0.509,0.481
843000,0.010,0.424,0.566
843500,0.010,0.445,0.545
844000,0.010,0.639,0.351
844500,0.010,0.698,0.292
845000,0.010,0.588,0.402
845500,0.010,0.466,0.524
846000,0.010,0.729,0.261
846500,0.010,0.431,0.559
847000,0.010,0.338,0.652
847500,0.010,0.589,0.401
848000,0.010,0.878,0.112
848500,0.010,0.548,0.442
849000,0.010,0.555,0.435
849500,0.010,0.508,0.482
850000,0.010,0.566,0.424
850500,0.010,0.437,0.553
851000,0.010,0.472,0.518
851500,0.010,0.557,0.433
852000,0.010,0.544,0.446
852500,0.010,0.498,0.492
853000,0.010,0.518,0.472
853500,0.010,0.647,0.343
854000,0.010,0.372,0.618
854500,0.010,0.489,0.501
855000,0.010,0.418,0.572
855500,0.010,0.514,0.476
856000,0.010,0.339,0.651
856500,0.010,0.542,0.448
857000,0.010,0.726,0.264
857500,0.010,0.584,0.406
858000,0.010,0.486,0.504
858500,0.010,0.587,0.403
859000,0.010,0.613,0.377
859500,0.010,0.610,0.380
860000,0.010,0.599,0.391
860500,0.010,0.452,0.538
861000,0.010,0.554,0.436
861500,0.010,0.944,0.046
862000,0.010,0.699,0.291
862500,0.010,0.569,0.421
863000,0.010,0.407,0.583
863500,0.010,0.527,0.463
864000,0.010,0.390,0.600
864500,0.010,0.512,0.478
865000,0.010,0.646,0.344
865500,0.010,0.523,0.467
866000,0.010,0.646,0.344
866500,0.010,0.482,0.508
867000,0.010,0.431,0.559
867500,0.010,0.456,0.534
868000,0.010,0.444,0.546
868500,0.010,0.366,0.624
869000,0.010,0.516,0.474
869500,0.010,0.606,0.384
870000,0.010,0.604,0.386
870500,0.010,0.615,0.375
871000,0.010,0.513,0.477
871500,0.010,0.682,0.308
872000,0.010,0.517,0.473
872500,0.010,0.600,0.390
873000,0.010,0.471,0.519
873500,0.010,0.507,0.483
874000,0.010,0.541,0.449
874500,0.010,0.428,0.562
875000,0.010,0.608,0.382
875500,0.010,0.333,0.657
876000,0.010,0.767,0.223
876500,0.010,0.453,0.537
877000,0.010,0.620,0.370
877500,0.010,0.547,0.443
878000,0.010,0.514,0.476
878500,0.010,0.329,0.661
879000,0.010,0.407,0.583
879500,0.010,0.348,0.642
880000,0.010,0.631,0.359
880500,0.010,0.278,0.712
881000,0.010,0.462,0.528
881500,0.010,0.408,0.582
882000,0.010,0.270,0.720
882500,0.010,0.497,0.493
883000,0.010,0.420,0.570
883500,0.010,0.422,0.568
884000,0.010,0.712,0.278
884500,0.010,0.476,0.514
885000,0.010,0.508,0.482
885500,0.010,0.561,0.429
886000,0.010,0.343,0.647
886500,0.010,0.569,0.421
887000,0.010,0.761,0.229
887500,0.010,0.538,0.452
888000,0.010,0.469,0.521
888500,0.010,0.557,0.433
889000,0.010,0.488,0.502
889500,0.010,0.434,0.556
890000,0.010,0.565,0.425
890500,0.010,0.627,0.363
891000,0.010,0.368,0.622
891500,0.010,0.581,0.409
892000,0.010,0.424,0.566
892500,0.010,0.644,0.346
893000,0.010,0.450,0.540
893500,0.010,0.536,0.454
894000,0.010,0.605,0.385
894500,0.010,0.446,0.544
895000,0.010,0.505,0.485
895500,0.010,0.564,0.426
896000,0.010,0.446,0.544
896500,0.010,0.644,0.346
897000,0.010,0.596,0.394
897500,0.010,0.639,0.351
898000,0.010,0.277,0.713
898500,0.010,0.386,0.604
899000,0.010,0.350,0.640
899500,0.010,0.420,0.570
900000,0.010,0.471,0.519
900500,0.010,0.661,0.329
901000,0.010,0.436,0.554
901500,0.010,0.355,0.635
902000,0.010,0.578,0.412
902500,0.010,0.320,0.670
903000,0.010,0.651,0.339
903500,0.010,0.401,0.589
904000,0.010,0.632,0.358
904500,0.010,0.642,0.348
905000,0.010,0.471,0.519
905500,0.010,0.415,0.575
906000,0.010,0.453,0.537
906500,0.010,0.420,0.570
907000,0.010,0.488,0.502
907500,0.010,0.683,0.307
908000,0.010,0.568,0.422
908500,0.010,0.500,0.490
909000,0.010,0.437,0.553
909500,0.010,0.554,0.436
910000,0.010,0.545,0.445
910500,0.010,0.587,0.403
911000,0.010,0.602,0.388
911500,0.010,0.588,0.402
912000,0.010,0.601,0.389
912500,0.010,0.544,0.446
913000,0.010,0.558,0.432
913500,0.010,0.584,0.406
914000,0.010,0.401,0.589
914500,0.010,0.452,0.538
915000,0.010,0.361,0.629
915500,0.010,0.382,0.608
916000,0.010,0.442,0.548
916500,0.010,0.659,0.331
917000,0.010,0.488,0.502
917500,0.010,0.652,0.338
918000,0.010,0.537,0.453
918500,0.010,0.573,0.417
919000,0.010,0.499,0.491
919500,0.010,0.343,0.647
920000,0.010,0.541,0.449
920500,0.010,0.582,0.408
921000,0.010,0.605,0.385
921500,0.010,0.395,0.595
922000,0.010,0.577,0.413
922500,0.010,0.355,0.635
923000,0.010,0.404,0.586
923500,0.010,0.562,0.428
924000,0.010,0.717,0.273
924500,0.010,0.460,0.530
925000,0.010,0.566,0.424
925500,0.010,0.666,0.324
926000,0.010,0.705,0.285
926500,0.010,0.465,0.525
927000,0.010,0.632,0.358
927500,0.010,0.694,0.296
928000,0.010,0.676,0.314
928500,0.010,0.497,0.493
929000,0.010,0.672,0.318
929500,0.010,0.695,0.295
930000,0.010,0.471,0.519
930500,0.010,0.722,0.268
931000,0.010,0.508,0.482
931500,0.010,0.536,0.454
932000,0.010,0.626,0.364
932500,0.010,0.623,0.367
933000,0.010,0.410,0.580
933500,0.010,0.299,0.691
934000,0.010,0.457,0.533
934500,0.010,0.738,0.252
935000,0.010,0.488,0.502
935500,0.010,0.655,0.335
936000,0.010,0.604,0.386
936500,0.010,0.533,0.457
937000,0.010,0.490,0.500
937500,0.010,0.515,0.475
938000,0.010,0.433,0.557
938500,0.010,0.664,0.326
939000,0.010,0.844,0.146
939500,0.010,0.485,0.505
940000,0.010,0.592,0.398
940500,0.010,0.519,0.471
941000,0.010,0.515,0.475
941500,0.010,0.479,0.511
942000,0.010,0.578,0.412
942500,0.010,0.545,0.445
943000,0.010,0.627,0.363
943500,0.010,0.540,0.450
944000,0.010,0.485,0.505
944500,0.010,0.597,0.393
945000,0.010,0.516,0.474
945500,0.010,0.592,0.398
946000,0.010,0.446,0.544
946500,0.010,0.412,0.578
947000,0.010,0.625,0.365
947500,0.010,0.530,0.460
948000,0.010,0.506,0.484
948500,0.010,0.754,0.236
949000,0.010,0.550,0.440
949500,0.010,0.687,0.303
950000,0.010,0.386,0.604
950500,0.010,0.710,0.280
951000,0.010,0.427,0.563
951500,0.010,0.240,0.750
952000,0.010,0.457,0.533
952500,0.010,0.427,0.563
953000,0.010,0.800,0.190
953500,0.010,0.890,0.100
954000,0.010,0.817,0.173
954500,0.010,0.697,0.293
955000,0.010,0.588,0.402
955500,0.010,0.440,0.550
956000,0.010,0.413,0.577
956500,0.010,0.523,0.467
957000,0.010,0.387,0.603
957500,0.010,0.501,0.489
958000,0.010,0.554,0.436
958500,0.010,0.458,0.532
959000,0.010,0.521,0.469
959500,0.010,0.770,0.220
960000,0.010,0.391,0.599
960500,0.010,0.502,0.488
961000,0.010,0.370,0.620
961500,0.010,0.723,0.267
962000,0.010,0.509,0.481
962500,0.010,0.407,0.583
963000,0.010,0.587,0.403
963500,0.010,0.596,0.394
964000,0.010,0.504,0.486
964500,0.010,0.535,0.455
965000,0.010,0.538,0.452
965500,0.010,0.665,0.325
966000,0.010,0.559,0.431
966500,0.010,0.433,0.557
967000,0.010,0.436,0.554
967500,0.010,0.452,0.538
968000,0.010,0.702,0.288
968500,0.010,0.607,0.383
969000,0.010,0.521,0.469
969500,0.010,0.540,0.450
970000,0.010,0.582,0.408
970500,0.010,0.672,0.318
971000,0.010,0.513,0.477
971500,0.010,0.395,0.595
972000,0.010,0.856,0.134
972500,0.010,0.663,0.327
973000,0.010,0.547,0.443
973500,0.010,0.636,0.354
974000,0.010,0.450,0.540
974500,0.010,0.463,0.527
975000,0.010,0.466,0.524
975500,0.010,0.337,0.653
976000,0.010,0.556,0.434
976500,0.010,0.626,0.364
977000,0.010,0.489,0.501
977500,0.010,0.809,0.181
978000,0.010,0.557,0.433
978500,0.010,0.534,0.456
979000,0.010,0.425,0.565
979500,0.010,0.440,0.550
980000,0.010,0.494,0.496
980500,0.010,0.474,0.516
981000,0.010,0.298,0.692
981500,0.010,0.515,0.475
982000,0.010,0.693,0.297
982500,0.010,0.723,0.267
983000,0.010,0.548,0.442
983500,0.010,0.258,0.732
984000,0.010,0.402,0.588
984500,0.010,0.558,0.432
985000,0.010,0.604,0.386
985500,0.010,0.584,0.406
986000,0.010,0.475,0.515
986500,0.010,0.549,0.441
987000,0.010,0.678,0.312
987500,0.010,0.762,0.228
988000,0.010,0.299,0.691
988500,0.010,0.381,0.609
989000,0.010,0.301,0.689
989500,0.010,0.732,0.258
990000,0.010,0.847,0.143
990500,0.010,0.512,0.478
991000,0.010,0.715,0.275
991500,0.010,0.716,0.274
992000,0.010,0.592,0.398
992500,0.010,0.710,0.280
993000,0.010,0.473,0.517
993500,0.010,0.499,0.491
994000,0.010,0.312,0.678
994500,0.010,0.541,0.449
995000,0.010,0.593,0.397
995500,0.010,0.543,0.447
996000,0.010,0.584,0.406
996500,0.010,0.571,0.419
997000,0.010,0.472,0.518
997500,0.010,0.591,0.399
998000,0.010,0.462,0.528
998500,0.010,0.394,0.596
999000,0.010,0.603,0.387
999500,0.010,0.655,0.335
1000000,0.010,0.379,0.611
