time,n_A+p,n_B,n_AB
100,0.361,0.486,0.153
200,0.312,0.486,0.202
300,0.303,0.410,0.287
400,0.281,0.382,0.336
500,0.281,0.358,0.361
600,0.281,0.364,0.355
700,0.312,0.327,0.361
800,0.254,0.330,0.416
900,0.266,0.361,0.373
1000,0.266,0.352,0.382
1100,0.300,0.309,0.391
1200,0.269,0.266,0.465
1300,0.269,0.291,0.440
1400,0.272,0.343,0.385
1500,0.300,0.330,0.370
1600,0.315,0.333,0.352
1700,0.300,0.303,0.398
1800,0.309,0.269,0.422
1900,0.343,0.275,0.382
2000,0.321,0.269,0.410
2100,0.315,0.266,0.419
2200,0.330,0.263,0.407
2300,0.349,0.284,0.367
2400,0.327,0.272,0.401
2500,0.330,0.278,0.391
2600,0.370,0.269,0.361
2700,0.330,0.257,0.413
2800,0.306,0.284,0.410
2900,0.281,0.294,0.425
3000,0.321,0.257,0.422
3100,0.315,0.275,0.410
3200,0.330,0.257,0.413
3300,0.312,0.263,0.425
3400,0.306,0.287,0.407
3500,0.281,0.257,0.462
3600,0.291,0.272,0.437
3700,0.315,0.242,0.443
3800,0.321,0.239,0.440
3900,0.352,0.226,0.422
4000,0.364,0.208,0.428
4100,0.367,0.190,0.443
4200,0.379,0.187,0.434
4300,0.428,0.190,0.382
4400,0.416,0.226,0.358
4500,0.413,0.223,0.364
4600,0.388,0.242,0.370
4700,0.407,0.242,0.352
4800,0.373,0.232,0.394
4900,0.413,0.214,0.373
5000,0.431,0.183,0.385
5100,0.419,0.147,0.434
5200,0.443,0.159,0.398
5300,0.398,0.217,0.385
5400,0.413,0.208,0.379
5500,0.401,0.205,0.394
5600,0.413,0.211,0.376
5700,0.425,0.196,0.379
5800,0.471,0.196,0.333
5900,0.492,0.168,0.339
6000,0.511,0.144,0.346
6100,0.495,0.156,0.349
6200,0.508,0.162,0.330
6300,0.492,0.141,0.367
6400,0.483,0.162,0.355
6500,0.468,0.180,0.352
6600,0.468,0.199,0.333
6700,0.443,0.193,0.364
6800,0.453,0.202,0.346
6900,0.456,0.211,0.333
7000,0.419,0.199,0.382
7100,0.440,0.180,0.379
7200,0.428,0.183,0.388
7300,0.465,0.196,0.339
7400,0.465,0.211,0.324
7500,0.477,0.214,0.309
7600,0.474,0.214,0.312
7700,0.483,0.196,0.321
7800,0.474,0.205,0.321
7900,0.474,0.211,0.315
8000,0.489,0.196,0.315
8100,0.511,0.187,0.303
8200,0.529,0.168,0.303
8300,0.526,0.153,0.321
8400,0.529,0.141,0.330
8500,0.508,0.153,0.339
8600,0.511,0.153,0.336
8700,0.483,0.159,0.358
8800,0.471,0.156,0.373
8900,0.514,0.165,0.321
9000,0.486,0.156,0.358
9100,0.459,0.174,0.367
9200,0.468,0.168,0.364
9300,0.502,0.187,0.312
9400,0.502,0.196,0.303
9500,0.520,0.180,0.300
9600,0.492,0.193,0.315
9700,0.456,0.214,0.330
9800,0.446,0.220,0.333
9900,0.486,0.183,0.330
10000,0.471,0.168,0.361
10100,0.474,0.174,0.352
10200,0.471,0.153,0.376
10300,0.477,0.135,0.388
10400,0.495,0.171,0.333
10500,0.468,0.165,0.367
10600,0.462,0.171,0.367
10700,0.471,0.153,0.376
10800,0.440,0.171,0.388
10900,0.471,0.156,0.373
11000,0.505,0.138,0.358
11100,0.532,0.125,0.343
11200,0.514,0.147,0.339
11300,0.471,0.150,0.379
11400,0.492,0.174,0.333
11500,0.495,0.147,0.358
11600,0.492,0.147,0.361
11700,0.523,0.122,0.355
11800,0.538,0.135,0.327
11900,0.560,0.122,0.318
12000,0.535,0.122,0.343
12100,0.532,0.116,0.352
12200,0.550,0.125,0.324
12300,0.575,0.101,0.324
12400,0.572,0.092,0.336
12500,0.563,0.101,0.336
12600,0.578,0.089,0.333
12700,0.602,0.080,0.318
12800,0.599,0.113,0.287
12900,0.606,0.113,0.281
13000,0.602,0.104,0.294
13100,0.575,0.110,0.315
13200,0.593,0.119,0.287
13300,0.627,0.104,0.269
13400,0.667,0.095,0.239
13500,0.645,0.089,0.266
13600,0.657,0.089,0.254
13700,0.627,0.080,0.294
13800,0.673,0.058,0.269
13900,0.664,0.055,0.281
14000,0.679,0.046,0.275
14100,0.642,0.049,0.309
14200,0.657,0.046,0.297
14300,0.673,0.052,0.275
14400,0.676,0.040,0.284
14500,0.676,0.061,0.263
14600,0.633,0.086,0.281
14700,0.697,0.083,0.220
14800,0.673,0.080,0.248
14900,0.661,0.058,0.281
15000,0.645,0.055,0.300
15100,0.654,0.076,0.269
15200,0.664,0.067,0.269
15300,0.667,0.073,0.260
15400,0.618,0.089,0.294
15500,0.609,0.104,0.287
15600,0.648,0.076,0.275
15700,0.682,0.080,0.239
15800,0.645,0.092,0.263
15900,0.657,0.070,0.272
16000,0.651,0.049,0.300
16100,0.673,0.028,0.300
16200,0.676,0.034,0.291
16300,0.670,0.040,0.291
16400,0.691,0.040,0.269
16500,0.697,0.037,0.266
16600,0.700,0.046,0.254
16700,0.728,0.046,0.226
16800,0.768,0.037,0.196
16900,0.810,0.021,0.168
17000,0.758,0.034,0.208
17100,0.728,0.031,0.242
17200,0.713,0.052,0.235
17300,0.725,0.064,0.211
17400,0.713,0.046,0.242
17500,0.709,0.040,0.251
17600,0.728,0.043,0.229
17700,0.749,0.037,0.214
17800,0.783,0.037,0.180
17900,0.783,0.037,0.180
18000,0.798,0.043,0.159
18100,0.795,0.049,0.156
18200,0.795,0.043,0.162
18300,0.835,0.040,0.125
18400,0.835,0.031,0.135
18500,0.844,0.037,0.119
18600,0.841,0.034,0.125
18700,0.826,0.031,0.144
18800,0.820,0.021,0.159
18900,0.844,0.021,0.135
19000,0.847,0.018,0.135
19100,0.817,0.040,0.144
19200,0.817,0.021,0.162
19300,0.841,0.018,0.141
19400,0.856,0.015,0.128
19500,0.838,0.015,0.147
19600,0.853,0.015,0.131
19700,0.838,0.031,0.131
19800,0.869,0.024,0.107
19900,0.856,0.018,0.125
20000,0.850,0.028,0.122
20100,0.859,0.015,0.125
20200,0.829,0.021,0.150
20300,0.850,0.009,0.141
20400,0.835,0.021,0.144
20500,0.835,0.024,0.141
20600,0.832,0.021,0.147
20700,0.847,0.015,0.138
20800,0.832,0.021,0.147
20900,0.856,0.018,0.125
21000,0.869,0.015,0.116
21100,0.862,0.024,0.113
21200,0.823,0.021,0.156
21300,0.832,0.018,0.150
21400,0.829,0.031,0.141
21500,0.807,0.018,0.174
21600,0.807,0.031,0.162
21700,0.792,0.021,0.187
21800,0.795,0.021,0.183
21900,0.807,0.012,0.180
22000,0.813,0.021,0.165
22100,0.813,0.015,0.171
22200,0.804,0.009,0.187
22300,0.820,0.012,0.168
22400,0.807,0.006,0.187
22500,0.813,0.003,0.183
22600,0.820,0.000,0.180
22700,0.844,0.009,0.147
22800,0.859,0.006,0.135
22900,0.832,0.009,0.159
23000,0.813,0.018,0.168
23100,0.844,0.024,0.131
23200,0.826,0.024,0.150
23300,0.792,0.034,0.174
23400,0.780,0.028,0.193
23500,0.780,0.024,0.196
23600,0.820,0.012,0.168
23700,0.826,0.012,0.162
23800,0.841,0.012,0.147
23900,0.856,0.009,0.135
24000,0.853,0.009,0.138
24100,0.844,0.003,0.153
24200,0.850,0.012,0.138
24300,0.884,0.015,0.101
24400,0.914,0.009,0.076
24500,0.933,0.003,0.064
24600,0.939,0.003,0.058
24700,0.951,0.003,0.046
24800,0.948,0.003,0.049
24900,0.945,0.003,0.052
25000,0.936,0.003,0.061
25100,0.939,0.003,0.058
25200,0.951,0.000,0.049
25300,0.954,0.000,0.046
25400,0.948,0.000,0.052
25500,0.954,0.000,0.046
25600,0.960,0.000,0.040
25700,0.945,0.000,0.055
25800,0.939,0.000,0.061
25900,0.920,0.000,0.080
26000,0.924,0.000,0.076
26100,0.933,0.000,0.067
26200,0.939,0.003,0.058
26300,0.924,0.009,0.067
26400,0.942,0.006,0.052
26500,0.942,0.003,0.055
26600,0.948,0.000,0.052
26700,0.954,0.006,0.040
26800,0.942,0.003,0.055
26900,0.917,0.003,0.080
27000,0.911,0.000,0.089
27100,0.914,0.000,0.086
27200,0.896,0.009,0.095
27300,0.878,0.015,0.107
27400,0.884,0.012,0.104
27500,0.896,0.000,0.104
27600,0.905,0.000,0.095
27700,0.920,0.000,0.080
27800,0.920,0.009,0.070
27900,0.908,0.012,0.080
28000,0.899,0.009,0.092
28100,0.893,0.009,0.098
28200,0.902,0.009,0.089
28300,0.908,0.009,0.083
28400,0.914,0.009,0.076
28500,0.920,0.003,0.076
28600,0.942,0.000,0.058
28700,0.948,0.000,0.052
28800,0.939,0.000,0.061
28900,0.936,0.000,0.064
29000,0.914,0.000,0.086
29100,0.927,0.000,0.073
29200,0.920,0.000,0.080
29300,0.917,0.000,0.083
29400,0.924,0.000,0.076
29500,0.924,0.000,0.076
29600,0.920,0.000,0.080
29700,0.924,0.006,0.070
29800,0.899,0.015,0.086
29900,0.905,0.009,0.086
30000,0.905,0.015,0.080
30100,0.890,0.012,0.098
30200,0.893,0.012,0.095
30300,0.902,0.015,0.083
30400,0.890,0.021,0.089
30500,0.878,0.018,0.104
30600,0.884,0.006,0.110
30700,0.850,0.031,0.119
30800,0.823,0.040,0.138
30900,0.783,0.028,0.190
31000,0.801,0.028,0.171
31100,0.798,0.021,0.180
31200,0.807,0.012,0.180
31300,0.817,0.015,0.168
31400,0.832,0.028,0.141
31500,0.838,0.031,0.131
31600,0.826,0.034,0.141
31700,0.807,0.028,0.165
31800,0.810,0.031,0.159
31900,0.801,0.034,0.165
32000,0.768,0.043,0.190
32100,0.740,0.049,0.211
32200,0.737,0.052,0.211
32300,0.731,0.043,0.226
32400,0.728,0.055,0.217
32500,0.728,0.043,0.229
32600,0.765,0.040,0.196
32700,0.783,0.037,0.180
32800,0.783,0.031,0.187
32900,0.777,0.024,0.199
33000,0.761,0.040,0.199
33100,0.780,0.046,0.174
33200,0.758,0.046,0.196
33300,0.761,0.031,0.208
33400,0.755,0.043,0.202
33500,0.758,0.058,0.183
33600,0.761,0.058,0.180
33700,0.768,0.040,0.193
33800,0.746,0.043,0.211
33900,0.746,0.055,0.199
34000,0.746,0.058,0.196
34100,0.709,0.046,0.245
34200,0.737,0.061,0.202
34300,0.719,0.073,0.208
34400,0.713,0.058,0.229
34500,0.716,0.067,0.217
34600,0.728,0.064,0.208
34700,0.706,0.073,0.220
34800,0.700,0.080,0.220
34900,0.697,0.083,0.220
35000,0.688,0.070,0.242
35100,0.673,0.061,0.266
35200,0.651,0.086,0.263
35300,0.657,0.067,0.275
35400,0.673,0.061,0.266
35500,0.676,0.061,0.263
35600,0.697,0.061,0.242
35700,0.667,0.061,0.272
35800,0.664,0.046,0.291
35900,0.682,0.049,0.269
36000,0.722,0.049,0.229
36100,0.700,0.064,0.235
36200,0.713,0.067,0.220
36300,0.716,0.043,0.242
36400,0.740,0.043,0.217
36500,0.740,0.043,0.217
36600,0.722,0.058,0.220
36700,0.731,0.055,0.214
36800,0.755,0.061,0.183
36900,0.758,0.052,0.190
37000,0.761,0.052,0.187
37100,0.752,0.061,0.187
37200,0.752,0.067,0.180
37300,0.752,0.058,0.190
37400,0.752,0.061,0.187
37500,0.743,0.052,0.205
37600,0.734,0.046,0.220
37700,0.749,0.021,0.229
37800,0.749,0.049,0.202
37900,0.758,0.046,0.196
38000,0.765,0.058,0.177
38100,0.740,0.052,0.208
38200,0.761,0.055,0.183
38300,0.768,0.040,0.193
38400,0.774,0.024,0.202
38500,0.749,0.037,0.214
38600,0.765,0.024,0.211
38700,0.752,0.028,0.220
38800,0.771,0.040,0.190
38900,0.771,0.037,0.193
39000,0.780,0.028,0.193
39100,0.761,0.037,0.202
39200,0.768,0.031,0.202
39300,0.789,0.021,0.190
39400,0.771,0.037,0.193
39500,0.774,0.037,0.190
39600,0.780,0.024,0.196
39700,0.786,0.024,0.190
39800,0.798,0.034,0.168
39900,0.804,0.028,0.168
40000,0.820,0.021,0.159
40100,0.826,0.024,0.150
40200,0.835,0.018,0.147
40300,0.847,0.034,0.119
40400,0.847,0.028,0.125
40500,0.823,0.031,0.147
40600,0.826,0.028,0.147
40700,0.838,0.012,0.150
40800,0.859,0.009,0.131
40900,0.872,0.018,0.110
41000,0.896,0.012,0.092
41100,0.890,0.003,0.107
41200,0.899,0.003,0.098
41300,0.911,0.000,0.089
41400,0.914,0.000,0.086
41500,0.908,0.000,0.092
41600,0.893,0.000,0.107
41700,0.887,0.000,0.113
41800,0.872,0.009,0.119
41900,0.847,0.006,0.147
42000,0.869,0.006,0.125
42100,0.859,0.006,0.135
42200,0.841,0.006,0.153
42300,0.829,0.009,0.162
42400,0.850,0.006,0.144
42500,0.850,0.006,0.144
42600,0.859,0.006,0.135
42700,0.872,0.012,0.116
42800,0.869,0.009,0.122
42900,0.862,0.021,0.116
43000,0.872,0.031,0.098
43100,0.862,0.040,0.098
43200,0.859,0.034,0.107
43300,0.875,0.021,0.104
43400,0.865,0.012,0.122
43500,0.869,0.009,0.122
43600,0.856,0.018,0.125
43700,0.859,0.034,0.107
43800,0.862,0.028,0.110
43900,0.838,0.040,0.122
44000,0.844,0.034,0.122
44100,0.856,0.034,0.110
44200,0.872,0.024,0.104
44300,0.865,0.024,0.110
44400,0.875,0.015,0.110
44500,0.850,0.018,0.131
44600,0.844,0.015,0.141
44700,0.862,0.012,0.125
44800,0.884,0.018,0.098
44900,0.884,0.018,0.098
45000,0.862,0.018,0.119
45100,0.869,0.012,0.119
45200,0.841,0.021,0.138
45300,0.844,0.021,0.135
45400,0.862,0.024,0.113
45500,0.869,0.028,0.104
45600,0.887,0.028,0.086
45700,0.869,0.024,0.107
45800,0.850,0.021,0.128
45900,0.847,0.012,0.141
46000,0.875,0.015,0.110
46100,0.865,0.012,0.122
46200,0.872,0.009,0.119
46300,0.875,0.012,0.113
46400,0.881,0.021,0.098
46500,0.890,0.015,0.095
46600,0.862,0.018,0.119
46700,0.856,0.018,0.125
46800,0.862,0.018,0.119
46900,0.865,0.009,0.125
47000,0.862,0.018,0.119
47100,0.869,0.012,0.119
47200,0.884,0.009,0.107
47300,0.899,0.015,0.086
47400,0.887,0.009,0.104
47500,0.893,0.000,0.107
47600,0.890,0.000,0.110
47700,0.914,0.006,0.080
47800,0.908,0.009,0.083
47900,0.902,0.009,0.089
48000,0.905,0.006,0.089
48100,0.917,0.003,0.080
48200,0.896,0.000,0.104
48300,0.899,0.000,0.101
48400,0.896,0.000,0.104
48500,0.899,0.000,0.101
48600,0.911,0.006,0.083
48700,0.924,0.003,0.073
48800,0.927,0.000,0.073
48900,0.933,0.000,0.067
49000,0.954,0.000,0.046
49100,0.960,0.000,0.040
49200,0.963,0.000,0.037
49300,0.957,0.000,0.043
49400,0.972,0.000,0.028
49500,0.976,0.000,0.024
49600,0.976,0.000,0.024
49700,0.976,0.000,0.024
49800,0.966,0.003,0.031
49900,0.960,0.003,0.037
50000,0.966,0.000,0.034
50100,0.966,0.000,0.034
50200,0.982,0.000,0.018
50300,0.985,0.000,0.015
50400,0.988,0.000,0.012
50500,0.991,0.000,0.009
50600,0.991,0.000,0.009
50700,0.994,0.000,0.006
50800,0.994,0.000,0.006
50900,0.994,0.000,0.006
51000,0.991,0.000,0.009
51100,0.985,0.000,0.015
51200,0.979,0.000,0.021
51300,0.976,0.000,0.024
51400,0.976,0.000,0.024
51500,0.976,0.000,0.024
51600,0.960,0.000,0.040
51700,0.960,0.000,0.040
51800,0.963,0.000,0.037
51900,0.969,0.006,0.024
52000,0.963,0.003,0.034
52100,0.963,0.006,0.031
52200,0.963,0.003,0.034
52300,0.976,0.000,0.024
52400,0.979,0.000,0.021
52500,0.976,0.000,0.024
52600,0.969,0.000,0.031
52700,0.957,0.012,0.031
52800,0.954,0.009,0.037
52900,0.954,0.009,0.037
53000,0.957,0.009,0.034
53100,0.942,0.006,0.052
53200,0.936,0.006,0.058
53300,0.939,0.006,0.055
53400,0.951,0.006,0.043
53500,0.957,0.006,0.037
53600,0.954,0.003,0.043
53700,0.960,0.003,0.037
53800,0.960,0.009,0.031
53900,0.954,0.006,0.040
54000,0.945,0.003,0.052
54100,0.957,0.000,0.043
54200,0.957,0.000,0.043
54300,0.966,0.000,0.034
54400,0.969,0.000,0.031
54500,0.972,0.000,0.028
54600,0.972,0.000,0.028
54700,0.979,0.000,0.021
54800,0.976,0.000,0.024
54900,0.976,0.000,0.024
55000,0.972,0.006,0.021
55100,0.969,0.000,0.031
55200,0.982,0.000,0.018
55300,0.976,0.000,0.024
55400,0.972,0.000,0.028
55500,0.979,0.000,0.021
55600,0.972,0.000,0.028
55700,0.982,0.000,0.018
55800,0.985,0.000,0.015
55900,0.985,0.000,0.015
56000,0.988,0.000,0.012
56100,0.988,0.000,0.012
56200,0.994,0.000,0.006
56300,0.994,0.000,0.006
56400,0.994,0.000,0.006
56500,0.994,0.000,0.006
56600,0.997,0.000,0.003
56700,0.997,0.000,0.003
56800,0.997,0.000,0.003
56900,0.997,0.000,0.003
57000,0.997,0.000,0.003
57100,0.997,0.000,0.003
57200,0.997,0.000,0.003
57300,0.997,0.000,0.003
57400,1.000,0.000,0.000
