time,n_A+p,n_B,n_AB
500,0.050,0.439,0.511
1000,0.050,0.505,0.445
1500,0.050,0.296,0.654
2000,0.050,0.372,0.578
2500,0.050,0.360,0.590
3000,0.050,0.357,0.593
3500,0.051,0.257,0.692
4000,0.051,0.244,0.705
4500,0.050,0.225,0.725
5000,0.089,0.186,0.725
5500,0.551,0.003,0.446
6000,0.969,0.000,0.031
6500,0.999,0.000,0.001
7000,1.000,0.000,0.000
