time,n_A+p,n_B,n_AB,avg_entropy_simp
500,0.030,0.953,0.017,0.086908
1000,0.032,0.903,0.065,0.177539
1500,0.031,0.868,0.101,0.232374
2000,0.035,0.842,0.124,0.262735
2500,0.039,0.785,0.176,0.331694
3000,0.038,0.751,0.211,0.338801
3500,0.037,0.736,0.227,0.334649
4000,0.038,0.693,0.270,0.326375
4500,0.047,0.658,0.295,0.350593
5000,0.052,0.618,0.330,0.327356
5500,0.042,0.589,0.369,0.284731
6000,0.062,0.569,0.369,0.331873
6500,0.072,0.570,0.359,0.367184
7000,0.061,0.553,0.386,0.349248
7500,0.083,0.522,0.395,0.358383
8000,0.100,0.497,0.402,0.330277
8500,0.102,0.470,0.428,0.304833
9000,0.120,0.437,0.443,0.316881
9500,0.118,0.434,0.447,0.325178
10000,0.107,0.435,0.458,0.349924
10500,0.091,0.424,0.485,0.316720
11000,0.095,0.406,0.499,0.316765
11500,0.088,0.414,0.498,0.316198
12000,0.078,0.397,0.525,0.263398
12500,0.081,0.390,0.529,0.275745
13000,0.093,0.371,0.536,0.238946
13500,0.112,0.368,0.520,0.310453
14000,0.103,0.361,0.536,0.312679
14500,0.105,0.371,0.524,0.319396
15000,0.096,0.360,0.544,0.301939
15500,0.105,0.359,0.536,0.293320
16000,0.101,0.370,0.529,0.300436
16500,0.118,0.347,0.534,0.305261
17000,0.117,0.344,0.538,0.313233
17500,0.134,0.338,0.528,0.321800
18000,0.130,0.326,0.544,0.283174
18500,0.124,0.323,0.554,0.291072
19000,0.104,0.322,0.574,0.259838
19500,0.114,0.323,0.563,0.276597
20000,0.127,0.322,0.552,0.300665
20500,0.111,0.319,0.570,0.282012
21000,0.115,0.315,0.570,0.302469
21500,0.118,0.307,0.574,0.335820
22000,0.115,0.300,0.584,0.275882
22500,0.140,0.305,0.555,0.304089
23000,0.120,0.302,0.578,0.307479
23500,0.101,0.316,0.583,0.298177
24000,0.111,0.308,0.580,0.287263
24500,0.111,0.302,0.586,0.324562
25000,0.122,0.301,0.577,0.342758
25500,0.115,0.303,0.581,0.277998
26000,0.110,0.294,0.596,0.318003
26500,0.115,0.284,0.601,0.286766
27000,0.115,0.279,0.606,0.287318
27500,0.118,0.304,0.577,0.288749
28000,0.120,0.296,0.584,0.313495
28500,0.115,0.311,0.574,0.318903
29000,0.124,0.308,0.568,0.361843
29500,0.130,0.295,0.575,0.333698
30000,0.108,0.307,0.584,0.311470
30500,0.107,0.287,0.606,0.230159
31000,0.107,0.291,0.602,0.266026
31500,0.112,0.292,0.596,0.296568
32000,0.107,0.297,0.596,0.312249
32500,0.112,0.296,0.591,0.306326
33000,0.116,0.279,0.605,0.301950
33500,0.110,0.273,0.617,0.288591
34000,0.112,0.253,0.634,0.245410
34500,0.124,0.265,0.612,0.306367
35000,0.134,0.278,0.588,0.353423
35500,0.127,0.271,0.603,0.292158
36000,0.129,0.266,0.606,0.320857
36500,0.133,0.260,0.607,0.286328
37000,0.121,0.260,0.619,0.295912
37500,0.115,0.258,0.626,0.283358
38000,0.112,0.259,0.628,0.306476
38500,0.096,0.270,0.634,0.304748
39000,0.116,0.275,0.609,0.297599
39500,0.144,0.252,0.604,0.313704
40000,0.141,0.258,0.601,0.303311
40500,0.163,0.260,0.576,0.339888
41000,0.142,0.259,0.599,0.296278
41500,0.137,0.249,0.614,0.316195
42000,0.151,0.241,0.608,0.323186
42500,0.145,0.235,0.620,0.299313
43000,0.144,0.239,0.617,0.294628
43500,0.142,0.246,0.612,0.322935
44000,0.139,0.235,0.626,0.295352
44500,0.130,0.215,0.656,0.199266
45000,0.139,0.236,0.625,0.264553
45500,0.158,0.236,0.606,0.314806
46000,0.148,0.227,0.625,0.284312
46500,0.144,0.237,0.619,0.282649
47000,0.140,0.243,0.617,0.303975
47500,0.140,0.238,0.622,0.299900
48000,0.125,0.253,0.622,0.292871
48500,0.116,0.257,0.626,0.268564
49000,0.140,0.243,0.617,0.279286
49500,0.148,0.246,0.606,0.329971
50000,0.143,0.234,0.623,0.314881
50500,0.128,0.249,0.623,0.308883
51000,0.144,0.255,0.601,0.328645
51500,0.129,0.239,0.632,0.283524
52000,0.133,0.232,0.635,0.297787
52500,0.120,0.257,0.623,0.322338
53000,0.121,0.251,0.628,0.286671
53500,0.146,0.256,0.598,0.349529
54000,0.132,0.244,0.624,0.300152
54500,0.115,0.245,0.639,0.330553
55000,0.104,0.252,0.644,0.306894
55500,0.122,0.230,0.649,0.262347
56000,0.130,0.235,0.635,0.296878
56500,0.115,0.244,0.640,0.253677
57000,0.106,0.254,0.639,0.267614
57500,0.113,0.246,0.640,0.300005
58000,0.123,0.233,0.645,0.281579
58500,0.117,0.233,0.650,0.267019
59000,0.117,0.256,0.626,0.295255
59500,0.127,0.230,0.644,0.284690
60000,0.124,0.239,0.637,0.310816
60500,0.133,0.225,0.642,0.274958
61000,0.163,0.226,0.611,0.350142
61500,0.139,0.220,0.641,0.268555
62000,0.148,0.213,0.638,0.333948
62500,0.131,0.222,0.648,0.284538
63000,0.117,0.211,0.671,0.235108
63500,0.132,0.222,0.647,0.306415
64000,0.142,0.218,0.640,0.313663
64500,0.140,0.224,0.636,0.301711
65000,0.138,0.219,0.644,0.273676
65500,0.147,0.211,0.641,0.292320
66000,0.154,0.212,0.633,0.313508
66500,0.160,0.210,0.629,0.300165
67000,0.169,0.217,0.615,0.322839
67500,0.175,0.208,0.617,0.335748
68000,0.165,0.204,0.630,0.296407
68500,0.146,0.224,0.630,0.318853
69000,0.132,0.215,0.654,0.314430
69500,0.146,0.215,0.639,0.305957
70000,0.157,0.207,0.635,0.300081
70500,0.155,0.206,0.638,0.302668
71000,0.150,0.216,0.634,0.287759
71500,0.143,0.209,0.648,0.280842
72000,0.146,0.194,0.660,0.295115
72500,0.134,0.206,0.660,0.267491
73000,0.125,0.221,0.655,0.276618
73500,0.114,0.226,0.660,0.290711
74000,0.127,0.221,0.653,0.280875
74500,0.133,0.219,0.649,0.295872
75000,0.135,0.229,0.636,0.321052
75500,0.114,0.233,0.653,0.279685
76000,0.112,0.235,0.653,0.267521
76500,0.121,0.237,0.642,0.262194
77000,0.137,0.236,0.627,0.327049
77500,0.137,0.221,0.642,0.285479
78000,0.128,0.215,0.658,0.252869
78500,0.126,0.221,0.654,0.286864
79000,0.148,0.215,0.637,0.303735
79500,0.139,0.204,0.657,0.276997
80000,0.133,0.215,0.653,0.297556
80500,0.144,0.211,0.645,0.324842
81000,0.146,0.211,0.642,0.335025
81500,0.143,0.197,0.660,0.309364
82000,0.137,0.195,0.668,0.264939
82500,0.140,0.181,0.679,0.268392
83000,0.149,0.186,0.665,0.257180
83500,0.125,0.191,0.684,0.267207
84000,0.129,0.194,0.677,0.273455
84500,0.127,0.191,0.682,0.241744
85000,0.113,0.186,0.701,0.194414
85500,0.120,0.201,0.679,0.258455
86000,0.124,0.213,0.663,0.284252
86500,0.128,0.212,0.660,0.294491
87000,0.133,0.195,0.672,0.272705
87500,0.125,0.207,0.668,0.256126
88000,0.126,0.197,0.677,0.236319
88500,0.132,0.206,0.662,0.314058
89000,0.131,0.200,0.669,0.274326
89500,0.146,0.191,0.663,0.309289
90000,0.130,0.189,0.681,0.269946
90500,0.130,0.186,0.684,0.276961
91000,0.147,0.193,0.660,0.306076
91500,0.135,0.212,0.653,0.306799
92000,0.126,0.203,0.671,0.277231
92500,0.127,0.203,0.670,0.304148
93000,0.132,0.201,0.667,0.283820
93500,0.137,0.203,0.660,0.302745
94000,0.139,0.198,0.663,0.298340
94500,0.143,0.200,0.657,0.299170
95000,0.144,0.199,0.657,0.280214
95500,0.131,0.196,0.673,0.294086
96000,0.115,0.211,0.673,0.284986
96500,0.137,0.211,0.652,0.303386
97000,0.139,0.210,0.651,0.312303
97500,0.148,0.199,0.653,0.318743
98000,0.144,0.199,0.657,0.301636
98500,0.137,0.221,0.642,0.320577
99000,0.143,0.218,0.639,0.340429
99500,0.144,0.205,0.651,0.292353
100000,0.136,0.198,0.666,0.277551
