time,n_A+p,n_B,n_AB
100,0.030,0.970,0.000
200,0.030,0.962,0.008
300,0.030,0.957,0.013
400,0.030,0.956,0.014
500,0.030,0.954,0.016
600,0.030,0.952,0.018
700,0.030,0.954,0.016
800,0.031,0.953,0.016
900,0.032,0.953,0.015
1000,0.033,0.951,0.016
1100,0.036,0.948,0.016
1200,0.039,0.938,0.023
1300,0.044,0.919,0.037
1400,0.042,0.911,0.047
1500,0.040,0.921,0.039
1600,0.041,0.916,0.043
1700,0.037,0.919,0.044
1800,0.038,0.916,0.046
1900,0.043,0.917,0.040
2000,0.048,0.919,0.033
2100,0.052,0.910,0.038
2200,0.051,0.916,0.033
2300,0.049,0.915,0.036
2400,0.047,0.919,0.034
2500,0.047,0.923,0.030
2600,0.048,0.915,0.037
2700,0.044,0.913,0.043
2800,0.045,0.916,0.039
2900,0.044,0.914,0.042
3000,0.043,0.916,0.041
3100,0.041,0.919,0.040
3200,0.044,0.919,0.037
3300,0.046,0.910,0.044
3400,0.044,0.911,0.045
3500,0.044,0.911,0.045
3600,0.044,0.915,0.041
3700,0.045,0.915,0.040
3800,0.044,0.920,0.036
3900,0.043,0.923,0.034
4000,0.041,0.927,0.032
4100,0.041,0.931,0.029
4200,0.048,0.927,0.025
4300,0.043,0.927,0.030
4400,0.043,0.925,0.032
4500,0.039,0.932,0.030
4600,0.040,0.933,0.028
4700,0.040,0.932,0.029
4800,0.039,0.931,0.031
4900,0.043,0.926,0.031
5000,0.043,0.931,0.027
5100,0.045,0.927,0.028
5200,0.057,0.917,0.026
5300,0.052,0.910,0.038
5400,0.055,0.902,0.043
5500,0.054,0.897,0.049
5600,0.061,0.891,0.048
5700,0.062,0.891,0.047
5800,0.067,0.885,0.048
5900,0.060,0.892,0.048
6000,0.055,0.906,0.039
6100,0.057,0.902,0.041
6200,0.060,0.896,0.044
6300,0.055,0.892,0.053
6400,0.058,0.895,0.047
6500,0.055,0.897,0.048
6600,0.058,0.894,0.048
6700,0.063,0.889,0.048
6800,0.067,0.885,0.048
6900,0.073,0.878,0.049
7000,0.070,0.878,0.051
7100,0.068,0.876,0.055
7200,0.067,0.875,0.057
7300,0.072,0.876,0.052
7400,0.072,0.874,0.054
7500,0.074,0.871,0.055
7600,0.072,0.872,0.056
7700,0.086,0.862,0.052
7800,0.083,0.865,0.052
7900,0.083,0.860,0.057
8000,0.081,0.858,0.061
8100,0.078,0.865,0.057
8200,0.080,0.858,0.062
8300,0.095,0.840,0.065
8400,0.099,0.837,0.064
8500,0.098,0.839,0.063
8600,0.097,0.846,0.057
8700,0.099,0.850,0.051
8800,0.120,0.829,0.051
8900,0.118,0.818,0.063
9000,0.112,0.822,0.065
9100,0.117,0.823,0.059
9200,0.113,0.825,0.061
9300,0.109,0.830,0.060
9400,0.098,0.837,0.065
9500,0.093,0.841,0.066
9600,0.094,0.849,0.057
9700,0.096,0.849,0.055
9800,0.094,0.851,0.055
9900,0.092,0.850,0.058
10000,0.087,0.862,0.051
10100,0.089,0.857,0.054
10200,0.087,0.857,0.056
10300,0.084,0.856,0.060
10400,0.076,0.871,0.053
10500,0.073,0.870,0.057
10600,0.072,0.869,0.059
10700,0.069,0.869,0.061
10800,0.069,0.859,0.072
10900,0.072,0.862,0.066
11000,0.078,0.862,0.060
11100,0.080,0.854,0.066
11200,0.076,0.856,0.068
11300,0.074,0.858,0.068
11400,0.070,0.861,0.068
11500,0.074,0.852,0.075
11600,0.069,0.850,0.081
11700,0.066,0.871,0.062
11800,0.080,0.859,0.061
11900,0.080,0.861,0.059
12000,0.076,0.860,0.064
12100,0.074,0.863,0.063
12200,0.077,0.856,0.067
12300,0.074,0.857,0.069
12400,0.084,0.854,0.062
12500,0.083,0.859,0.058
12600,0.082,0.855,0.063
12700,0.081,0.849,0.070
12800,0.087,0.851,0.062
12900,0.087,0.857,0.056
13000,0.066,0.876,0.057
13100,0.062,0.883,0.055
13200,0.062,0.883,0.055
13300,0.061,0.882,0.057
13400,0.067,0.876,0.056
13500,0.063,0.870,0.066
13600,0.066,0.866,0.067
13700,0.070,0.870,0.059
13800,0.065,0.878,0.056
13900,0.062,0.878,0.059
14000,0.064,0.874,0.061
14100,0.065,0.875,0.059
14200,0.061,0.882,0.057
14300,0.059,0.889,0.052
14400,0.058,0.889,0.053
14500,0.056,0.889,0.055
14600,0.060,0.890,0.050
14700,0.059,0.889,0.052
14800,0.060,0.895,0.045
14900,0.058,0.900,0.042
15000,0.057,0.893,0.050
15100,0.059,0.894,0.047
15200,0.057,0.892,0.051
15300,0.056,0.885,0.059
15400,0.057,0.892,0.051
15500,0.056,0.883,0.061
15600,0.055,0.883,0.062
15700,0.057,0.884,0.059
15800,0.055,0.889,0.056
15900,0.053,0.891,0.056
16000,0.052,0.898,0.050
16100,0.064,0.888,0.048
16200,0.066,0.890,0.044
16300,0.064,0.892,0.044
16400,0.064,0.888,0.048
16500,0.063,0.885,0.052
16600,0.062,0.885,0.053
16700,0.060,0.882,0.058
16800,0.061,0.884,0.055
16900,0.064,0.870,0.065
17000,0.066,0.877,0.056
17100,0.062,0.879,0.058
17200,0.058,0.882,0.060
17300,0.057,0.883,0.060
17400,0.056,0.887,0.057
17500,0.077,0.875,0.048
17600,0.086,0.865,0.049
17700,0.090,0.858,0.052
17800,0.085,0.865,0.050
17900,0.081,0.866,0.053
18000,0.077,0.866,0.057
18100,0.081,0.865,0.054
18200,0.102,0.845,0.053
18300,0.105,0.840,0.055
18400,0.104,0.842,0.054
18500,0.085,0.862,0.053
18600,0.083,0.860,0.057
18700,0.081,0.861,0.058
18800,0.092,0.851,0.057
18900,0.087,0.854,0.059
19000,0.090,0.846,0.064
19100,0.083,0.854,0.063
19200,0.091,0.843,0.066
19300,0.101,0.846,0.053
19400,0.096,0.846,0.058
19500,0.096,0.837,0.067
19600,0.099,0.846,0.055
19700,0.097,0.831,0.072
19800,0.102,0.831,0.066
19900,0.100,0.834,0.066
20000,0.099,0.839,0.062
20100,0.092,0.845,0.063
20200,0.097,0.839,0.064
20300,0.086,0.852,0.062
20400,0.085,0.860,0.055
20500,0.083,0.855,0.062
20600,0.080,0.843,0.078
20700,0.079,0.853,0.068
20800,0.096,0.846,0.058
20900,0.095,0.845,0.060
21000,0.093,0.847,0.060
21100,0.095,0.845,0.060
21200,0.091,0.844,0.065
21300,0.096,0.835,0.069
21400,0.097,0.831,0.072
21500,0.111,0.815,0.074
21600,0.116,0.813,0.070
21700,0.108,0.811,0.081
21800,0.105,0.812,0.083
21900,0.123,0.795,0.083
22000,0.122,0.793,0.086
22100,0.121,0.789,0.091
22200,0.141,0.778,0.081
22300,0.137,0.781,0.082
22400,0.126,0.782,0.092
22500,0.125,0.792,0.084
22600,0.134,0.787,0.080
22700,0.123,0.802,0.076
22800,0.121,0.809,0.070
22900,0.122,0.809,0.069
23000,0.118,0.810,0.072
23100,0.113,0.817,0.069
23200,0.122,0.805,0.074
23300,0.124,0.809,0.067
23400,0.113,0.805,0.082
23500,0.113,0.806,0.081
23600,0.115,0.809,0.076
23700,0.117,0.810,0.073
23800,0.121,0.809,0.070
23900,0.118,0.815,0.066
24000,0.120,0.805,0.076
24100,0.117,0.811,0.072
24200,0.122,0.811,0.067
24300,0.122,0.809,0.069
24400,0.117,0.810,0.073
24500,0.116,0.823,0.060
24600,0.114,0.823,0.062
24700,0.111,0.828,0.060
24800,0.108,0.825,0.066
24900,0.104,0.819,0.077
25000,0.104,0.823,0.073
25100,0.101,0.819,0.080
25200,0.097,0.821,0.082
25300,0.111,0.807,0.082
25400,0.111,0.812,0.077
25500,0.117,0.812,0.070
25600,0.120,0.807,0.074
25700,0.118,0.811,0.070
25800,0.117,0.816,0.066
25900,0.123,0.812,0.065
26000,0.113,0.815,0.072
26100,0.115,0.808,0.077
26200,0.112,0.814,0.074
26300,0.110,0.806,0.084
26400,0.110,0.807,0.083
26500,0.110,0.801,0.089
26600,0.108,0.802,0.090
26700,0.111,0.792,0.097
26800,0.116,0.785,0.098
26900,0.108,0.803,0.089
27000,0.107,0.806,0.087
27100,0.107,0.808,0.085
27200,0.105,0.813,0.082
27300,0.108,0.809,0.083
27400,0.106,0.802,0.092
27500,0.101,0.818,0.081
27600,0.106,0.820,0.074
27700,0.101,0.819,0.080
27800,0.109,0.819,0.072
27900,0.111,0.815,0.074
28000,0.106,0.815,0.079
28100,0.112,0.806,0.082
28200,0.113,0.810,0.077
28300,0.116,0.805,0.079
28400,0.125,0.776,0.099
28500,0.129,0.775,0.096
28600,0.134,0.769,0.097
28700,0.129,0.762,0.109
28800,0.130,0.771,0.099
28900,0.118,0.778,0.103
29000,0.134,0.767,0.099
29100,0.131,0.776,0.093
29200,0.136,0.764,0.100
29300,0.141,0.761,0.098
29400,0.140,0.762,0.098
29500,0.136,0.765,0.099
29600,0.132,0.744,0.125
29700,0.141,0.754,0.105
29800,0.143,0.761,0.096
29900,0.148,0.754,0.098
30000,0.149,0.765,0.086
30100,0.139,0.775,0.086
30200,0.135,0.770,0.095
30300,0.137,0.775,0.088
30400,0.145,0.770,0.085
30500,0.142,0.767,0.091
30600,0.150,0.755,0.095
30700,0.139,0.758,0.103
30800,0.141,0.762,0.097
30900,0.139,0.764,0.097
31000,0.139,0.765,0.096
31100,0.138,0.763,0.099
31200,0.144,0.758,0.098
31300,0.139,0.750,0.111
31400,0.140,0.760,0.100
31500,0.134,0.771,0.095
31600,0.137,0.776,0.087
31700,0.107,0.793,0.100
31800,0.104,0.788,0.108
31900,0.123,0.772,0.105
32000,0.124,0.768,0.108
32100,0.126,0.772,0.102
32200,0.147,0.756,0.097
32300,0.140,0.765,0.095
32400,0.139,0.764,0.097
32500,0.132,0.771,0.097
32600,0.130,0.767,0.103
32700,0.135,0.765,0.100
32800,0.133,0.769,0.098
32900,0.139,0.760,0.101
33000,0.132,0.765,0.103
33100,0.133,0.767,0.100
33200,0.142,0.762,0.096
33300,0.143,0.764,0.093
33400,0.143,0.766,0.091
33500,0.131,0.782,0.087
33600,0.128,0.777,0.095
33700,0.116,0.778,0.105
33800,0.111,0.782,0.106
33900,0.112,0.783,0.104
34000,0.108,0.779,0.112
34100,0.105,0.791,0.104
34200,0.106,0.793,0.101
34300,0.110,0.793,0.097
34400,0.102,0.802,0.096
34500,0.098,0.806,0.096
34600,0.099,0.805,0.096
34700,0.097,0.812,0.091
34800,0.095,0.805,0.100
34900,0.095,0.808,0.097
35000,0.097,0.817,0.086
35100,0.125,0.790,0.086
35200,0.118,0.782,0.099
35300,0.115,0.791,0.094
35400,0.118,0.776,0.105
35500,0.120,0.774,0.106
35600,0.126,0.774,0.100
35700,0.130,0.771,0.099
35800,0.133,0.777,0.090
35900,0.140,0.777,0.083
36000,0.146,0.769,0.085
36100,0.136,0.781,0.083
36200,0.126,0.783,0.091
36300,0.130,0.785,0.085
36400,0.129,0.793,0.079
36500,0.128,0.793,0.080
36600,0.127,0.790,0.084
36700,0.134,0.770,0.096
36800,0.138,0.763,0.099
36900,0.127,0.775,0.098
37000,0.123,0.783,0.094
37100,0.121,0.762,0.117
37200,0.126,0.758,0.116
37300,0.136,0.763,0.101
37400,0.138,0.763,0.099
37500,0.143,0.758,0.099
37600,0.151,0.749,0.100
37700,0.153,0.753,0.094
37800,0.146,0.764,0.090
37900,0.145,0.759,0.096
38000,0.151,0.764,0.085
38100,0.145,0.767,0.088
38200,0.145,0.770,0.085
38300,0.138,0.772,0.090
38400,0.141,0.774,0.085
38500,0.139,0.763,0.098
38600,0.141,0.763,0.096
38700,0.145,0.767,0.088
38800,0.144,0.771,0.085
38900,0.147,0.764,0.089
39000,0.145,0.763,0.092
39100,0.153,0.766,0.081
39200,0.144,0.771,0.085
39300,0.146,0.770,0.084
39400,0.144,0.770,0.086
39500,0.140,0.770,0.090
39600,0.143,0.762,0.095
39700,0.142,0.770,0.088
39800,0.138,0.774,0.088
39900,0.133,0.756,0.111
40000,0.137,0.756,0.107
40100,0.138,0.756,0.106
40200,0.136,0.751,0.113
40300,0.137,0.768,0.095
40400,0.136,0.760,0.104
40500,0.152,0.739,0.109
40600,0.149,0.747,0.104
40700,0.149,0.744,0.107
40800,0.162,0.734,0.103
40900,0.169,0.718,0.113
41000,0.177,0.718,0.105
41100,0.172,0.721,0.107
41200,0.175,0.724,0.101
41300,0.165,0.723,0.111
41400,0.168,0.725,0.107
41500,0.165,0.737,0.097
41600,0.181,0.719,0.100
41700,0.180,0.727,0.093
41800,0.178,0.735,0.087
41900,0.176,0.735,0.089
42000,0.170,0.733,0.097
42100,0.164,0.741,0.095
42200,0.177,0.727,0.096
42300,0.185,0.721,0.094
42400,0.182,0.733,0.085
42500,0.181,0.727,0.092
42600,0.187,0.712,0.101
42700,0.185,0.718,0.097
42800,0.180,0.718,0.102
42900,0.180,0.729,0.091
43000,0.182,0.717,0.101
43100,0.185,0.717,0.098
43200,0.174,0.728,0.098
43300,0.179,0.736,0.085
43400,0.178,0.735,0.087
43500,0.168,0.753,0.080
43600,0.178,0.740,0.083
43700,0.177,0.737,0.086
43800,0.176,0.729,0.095
43900,0.177,0.741,0.083
44000,0.187,0.729,0.084
44100,0.176,0.723,0.101
44200,0.169,0.728,0.103
44300,0.168,0.719,0.113
44400,0.163,0.729,0.107
44500,0.165,0.731,0.103
44600,0.157,0.736,0.106
44700,0.171,0.737,0.092
44800,0.155,0.758,0.087
44900,0.159,0.752,0.089
45000,0.145,0.764,0.091
45100,0.147,0.762,0.091
45200,0.147,0.758,0.095
45300,0.152,0.767,0.081
45400,0.152,0.769,0.079
45500,0.149,0.768,0.083
45600,0.151,0.775,0.074
45700,0.155,0.771,0.074
45800,0.165,0.761,0.074
45900,0.159,0.762,0.079
46000,0.159,0.759,0.082
46100,0.164,0.753,0.083
46200,0.174,0.755,0.072
46300,0.170,0.760,0.070
46400,0.169,0.758,0.074
46500,0.164,0.757,0.079
46600,0.168,0.761,0.072
46700,0.175,0.748,0.078
46800,0.166,0.747,0.087
46900,0.175,0.746,0.080
47000,0.176,0.741,0.084
47100,0.185,0.725,0.090
47200,0.190,0.717,0.093
47300,0.207,0.707,0.086
47400,0.217,0.688,0.095
47500,0.205,0.693,0.102
47600,0.207,0.692,0.101
47700,0.202,0.664,0.134
47800,0.213,0.658,0.129
47900,0.210,0.663,0.127
48000,0.203,0.664,0.133
48100,0.228,0.653,0.120
48200,0.230,0.663,0.107
48300,0.232,0.664,0.104
48400,0.215,0.674,0.111
48500,0.223,0.669,0.108
48600,0.228,0.658,0.114
48700,0.216,0.675,0.109
48800,0.228,0.665,0.107
48900,0.235,0.657,0.108
49000,0.240,0.663,0.097
49100,0.234,0.668,0.098
49200,0.252,0.664,0.084
49300,0.222,0.685,0.093
49400,0.228,0.675,0.097
49500,0.229,0.668,0.103
49600,0.235,0.656,0.109
49700,0.233,0.652,0.115
49800,0.251,0.639,0.109
49900,0.257,0.646,0.097
50000,0.259,0.634,0.106
50100,0.257,0.636,0.106
50200,0.271,0.624,0.105
50300,0.256,0.642,0.101
50400,0.248,0.646,0.106
50500,0.245,0.648,0.107
50600,0.248,0.660,0.092
50700,0.253,0.647,0.100
50800,0.248,0.654,0.098
50900,0.258,0.637,0.104
51000,0.250,0.646,0.104
51100,0.253,0.648,0.099
51200,0.240,0.654,0.106
51300,0.235,0.656,0.109
51400,0.237,0.666,0.097
51500,0.255,0.640,0.104
51600,0.249,0.648,0.103
51700,0.243,0.661,0.096
51800,0.233,0.650,0.117
51900,0.243,0.646,0.111
52000,0.242,0.648,0.110
52100,0.233,0.656,0.111
52200,0.244,0.647,0.109
52300,0.268,0.628,0.104
52400,0.264,0.623,0.113
52500,0.266,0.620,0.114
52600,0.269,0.614,0.117
52700,0.266,0.621,0.113
52800,0.263,0.618,0.120
52900,0.258,0.626,0.115
53000,0.258,0.610,0.132
53100,0.249,0.618,0.133
53200,0.263,0.611,0.127
53300,0.249,0.627,0.124
53400,0.255,0.623,0.122
53500,0.256,0.626,0.117
53600,0.252,0.623,0.125
53700,0.268,0.606,0.127
53800,0.265,0.603,0.133
53900,0.285,0.590,0.125
54000,0.275,0.597,0.129
54100,0.268,0.608,0.125
54200,0.271,0.601,0.129
54300,0.268,0.599,0.134
54400,0.274,0.590,0.136
54500,0.279,0.588,0.133
54600,0.258,0.578,0.163
54700,0.260,0.585,0.154
54800,0.257,0.603,0.140
54900,0.252,0.612,0.136
55000,0.248,0.607,0.145
55100,0.227,0.611,0.162
55200,0.233,0.600,0.168
55300,0.256,0.604,0.140
55400,0.259,0.586,0.154
55500,0.260,0.592,0.147
55600,0.259,0.593,0.147
55700,0.263,0.589,0.148
55800,0.260,0.588,0.151
55900,0.273,0.590,0.137
56000,0.261,0.607,0.132
56100,0.267,0.602,0.132
56200,0.248,0.617,0.135
56300,0.263,0.614,0.124
56400,0.255,0.607,0.138
56500,0.266,0.594,0.140
56600,0.275,0.584,0.141
56700,0.291,0.567,0.142
56800,0.296,0.555,0.149
56900,0.286,0.566,0.148
57000,0.275,0.566,0.159
57100,0.277,0.565,0.158
57200,0.274,0.570,0.156
57300,0.251,0.588,0.160
57400,0.254,0.588,0.157
57500,0.240,0.613,0.147
57600,0.240,0.619,0.141
57700,0.246,0.609,0.145
57800,0.230,0.638,0.132
57900,0.284,0.598,0.118
58000,0.291,0.581,0.128
58100,0.286,0.587,0.127
58200,0.281,0.582,0.137
58300,0.283,0.599,0.118
58400,0.280,0.603,0.117
58500,0.270,0.600,0.131
58600,0.279,0.587,0.134
58700,0.271,0.603,0.127
58800,0.275,0.604,0.122
58900,0.272,0.596,0.133
59000,0.275,0.580,0.145
59100,0.274,0.571,0.155
59200,0.277,0.579,0.144
59300,0.274,0.581,0.145
59400,0.282,0.581,0.137
59500,0.276,0.588,0.136
59600,0.272,0.586,0.142
59700,0.274,0.593,0.133
59800,0.264,0.603,0.134
59900,0.279,0.587,0.134
60000,0.257,0.581,0.161
60100,0.263,0.584,0.153
60200,0.254,0.598,0.148
60300,0.261,0.588,0.150
60400,0.271,0.588,0.141
60500,0.296,0.566,0.138
60600,0.297,0.566,0.137
60700,0.295,0.567,0.138
60800,0.288,0.558,0.154
60900,0.295,0.561,0.144
61000,0.297,0.560,0.143
61100,0.292,0.552,0.156
61200,0.312,0.544,0.144
61300,0.306,0.545,0.148
61400,0.308,0.537,0.154
61500,0.316,0.530,0.154
61600,0.322,0.524,0.154
61700,0.317,0.531,0.152
61800,0.308,0.543,0.148
61900,0.317,0.541,0.142
62000,0.318,0.542,0.140
62100,0.295,0.559,0.146
62200,0.298,0.551,0.151
62300,0.296,0.542,0.161
62400,0.305,0.555,0.140
62500,0.294,0.562,0.144
62600,0.291,0.568,0.141
62700,0.282,0.583,0.135
62800,0.278,0.585,0.137
62900,0.279,0.581,0.140
63000,0.300,0.563,0.137
63100,0.298,0.568,0.134
63200,0.300,0.562,0.138
63300,0.292,0.570,0.138
63400,0.285,0.579,0.136
63500,0.275,0.585,0.140
63600,0.279,0.580,0.141
63700,0.307,0.559,0.134
63800,0.295,0.570,0.135
63900,0.292,0.565,0.143
64000,0.292,0.566,0.142
64100,0.278,0.570,0.152
64200,0.270,0.574,0.156
64300,0.274,0.566,0.160
64400,0.280,0.551,0.170
64500,0.293,0.561,0.146
64600,0.279,0.578,0.143
64700,0.264,0.576,0.160
64800,0.273,0.576,0.151
64900,0.268,0.580,0.152
65000,0.264,0.585,0.151
65100,0.264,0.588,0.148
65200,0.260,0.593,0.146
65300,0.286,0.579,0.135
65400,0.291,0.574,0.135
65500,0.287,0.575,0.138
65600,0.304,0.563,0.133
65700,0.309,0.556,0.135
65800,0.303,0.566,0.131
65900,0.284,0.588,0.128
66000,0.286,0.584,0.130
66100,0.283,0.591,0.126
66200,0.285,0.587,0.128
66300,0.294,0.582,0.124
66400,0.294,0.584,0.122
66500,0.302,0.569,0.129
66600,0.290,0.577,0.133
66700,0.295,0.573,0.132
66800,0.264,0.592,0.144
66900,0.267,0.598,0.136
67000,0.249,0.610,0.141
67100,0.253,0.604,0.143
67200,0.263,0.596,0.142
67300,0.273,0.586,0.141
67400,0.276,0.589,0.135
67500,0.265,0.585,0.150
67600,0.267,0.584,0.149
67700,0.276,0.572,0.152
67800,0.290,0.556,0.154
67900,0.282,0.571,0.147
68000,0.280,0.569,0.151
68100,0.289,0.560,0.151
68200,0.281,0.583,0.136
68300,0.274,0.576,0.150
68400,0.273,0.565,0.162
68500,0.288,0.560,0.152
68600,0.303,0.547,0.149
68700,0.296,0.555,0.149
68800,0.300,0.541,0.158
68900,0.320,0.544,0.136
69000,0.311,0.553,0.137
69100,0.330,0.538,0.132
69200,0.320,0.554,0.127
69300,0.329,0.553,0.118
69400,0.316,0.568,0.116
69500,0.309,0.561,0.130
69600,0.313,0.560,0.128
69700,0.330,0.552,0.118
69800,0.332,0.543,0.125
69900,0.335,0.536,0.129
70000,0.327,0.536,0.137
70100,0.329,0.531,0.140
70200,0.345,0.523,0.132
70300,0.337,0.531,0.132
70400,0.337,0.534,0.129
70500,0.333,0.544,0.123
70600,0.328,0.545,0.127
70700,0.335,0.527,0.138
70800,0.332,0.527,0.141
70900,0.341,0.519,0.140
71000,0.334,0.514,0.152
71100,0.336,0.517,0.147
71200,0.333,0.520,0.147
71300,0.334,0.522,0.144
71400,0.325,0.527,0.148
71500,0.317,0.534,0.149
71600,0.327,0.531,0.142
71700,0.318,0.536,0.146
71800,0.303,0.562,0.135
71900,0.278,0.593,0.129
72000,0.292,0.574,0.134
72100,0.298,0.567,0.135
72200,0.299,0.569,0.132
72300,0.296,0.574,0.130
72400,0.303,0.569,0.128
72500,0.307,0.571,0.122
72600,0.313,0.574,0.113
72700,0.314,0.559,0.128
72800,0.321,0.552,0.128
72900,0.311,0.566,0.124
73000,0.301,0.570,0.129
73100,0.286,0.587,0.127
73200,0.281,0.577,0.142
73300,0.277,0.578,0.145
73400,0.290,0.581,0.129
73500,0.298,0.578,0.124
73600,0.297,0.574,0.129
73700,0.295,0.590,0.114
73800,0.313,0.570,0.117
73900,0.304,0.579,0.116
74000,0.307,0.571,0.122
74100,0.317,0.565,0.118
74200,0.311,0.573,0.116
74300,0.320,0.559,0.122
74400,0.327,0.557,0.116
74500,0.334,0.547,0.118
74600,0.346,0.527,0.127
74700,0.345,0.527,0.128
74800,0.330,0.542,0.128
74900,0.322,0.537,0.141
75000,0.316,0.544,0.140
75100,0.311,0.553,0.137
75200,0.308,0.546,0.145
75300,0.305,0.541,0.153
75400,0.305,0.540,0.154
75500,0.320,0.540,0.140
75600,0.317,0.540,0.143
75700,0.323,0.540,0.137
75800,0.318,0.552,0.131
75900,0.328,0.550,0.123
76000,0.323,0.541,0.136
76100,0.340,0.518,0.142
76200,0.349,0.505,0.146
76300,0.329,0.531,0.140
76400,0.330,0.534,0.136
76500,0.331,0.526,0.143
76600,0.342,0.532,0.126
76700,0.360,0.510,0.131
76800,0.356,0.510,0.134
76900,0.351,0.504,0.145
77000,0.351,0.507,0.142
77100,0.336,0.504,0.160
77200,0.344,0.503,0.153
77300,0.341,0.499,0.159
77400,0.333,0.516,0.151
77500,0.328,0.528,0.144
77600,0.345,0.518,0.137
77700,0.341,0.523,0.136
77800,0.341,0.517,0.142
77900,0.350,0.488,0.161
78000,0.360,0.485,0.155
78100,0.369,0.476,0.155
78200,0.384,0.483,0.133
78300,0.378,0.482,0.140
78400,0.386,0.476,0.138
78500,0.388,0.473,0.139
78600,0.378,0.474,0.148
78700,0.384,0.465,0.151
78800,0.401,0.463,0.136
78900,0.407,0.450,0.143
79000,0.414,0.449,0.137
79100,0.430,0.435,0.135
79200,0.424,0.434,0.142
79300,0.416,0.440,0.144
79400,0.410,0.446,0.144
79500,0.406,0.451,0.143
79600,0.414,0.443,0.143
79700,0.423,0.437,0.140
79800,0.411,0.457,0.133
79900,0.420,0.449,0.131
80000,0.418,0.451,0.131
80100,0.419,0.456,0.126
80200,0.409,0.462,0.130
80300,0.407,0.455,0.139
80400,0.404,0.454,0.142
80500,0.389,0.471,0.140
80600,0.383,0.483,0.134
80700,0.380,0.485,0.135
80800,0.414,0.456,0.131
80900,0.419,0.451,0.130
81000,0.433,0.456,0.111
81100,0.439,0.446,0.114
81200,0.441,0.443,0.115
81300,0.450,0.425,0.125
81400,0.446,0.418,0.136
81500,0.458,0.419,0.124
81600,0.461,0.416,0.124
81700,0.468,0.419,0.113
81800,0.448,0.424,0.128
81900,0.438,0.433,0.129
82000,0.432,0.444,0.124
82100,0.439,0.437,0.124
82200,0.450,0.424,0.126
82300,0.457,0.419,0.125
82400,0.461,0.406,0.134
82500,0.461,0.407,0.133
82600,0.456,0.399,0.145
82700,0.444,0.417,0.139
82800,0.436,0.407,0.157
82900,0.435,0.391,0.174
83000,0.431,0.408,0.161
83100,0.433,0.411,0.156
83200,0.435,0.407,0.158
83300,0.430,0.417,0.153
83400,0.428,0.413,0.159
83500,0.432,0.420,0.148
83600,0.438,0.417,0.145
83700,0.421,0.424,0.155
83800,0.426,0.420,0.154
83900,0.406,0.436,0.158
84000,0.409,0.446,0.145
84100,0.415,0.446,0.139
84200,0.417,0.444,0.139
84300,0.401,0.465,0.134
84400,0.394,0.473,0.133
84500,0.360,0.489,0.151
84600,0.360,0.489,0.151
84700,0.366,0.481,0.153
84800,0.386,0.472,0.142
84900,0.388,0.462,0.150
85000,0.399,0.451,0.149
85100,0.390,0.449,0.160
85200,0.398,0.448,0.153
85300,0.395,0.458,0.147
85400,0.409,0.432,0.159
85500,0.402,0.431,0.166
85600,0.416,0.444,0.140
85700,0.415,0.443,0.142
85800,0.406,0.448,0.146
85900,0.408,0.445,0.147
86000,0.410,0.439,0.151
86100,0.414,0.434,0.152
86200,0.420,0.433,0.147
86300,0.422,0.435,0.143
86400,0.431,0.423,0.146
86500,0.450,0.421,0.129
86600,0.460,0.416,0.125
86700,0.446,0.412,0.142
86800,0.441,0.415,0.144
86900,0.443,0.416,0.141
87000,0.458,0.402,0.140
87100,0.465,0.386,0.149
87200,0.466,0.394,0.140
87300,0.468,0.387,0.145
87400,0.465,0.394,0.141
87500,0.471,0.387,0.142
87600,0.478,0.387,0.135
87700,0.478,0.385,0.137
87800,0.486,0.382,0.132
87900,0.477,0.379,0.144
88000,0.477,0.385,0.138
88100,0.496,0.378,0.126
88200,0.484,0.382,0.134
88300,0.493,0.378,0.129
88400,0.471,0.397,0.132
88500,0.464,0.395,0.141
88600,0.458,0.395,0.147
88700,0.471,0.384,0.145
88800,0.477,0.387,0.136
88900,0.475,0.385,0.140
89000,0.486,0.389,0.125
89100,0.488,0.378,0.134
89200,0.483,0.379,0.138
89300,0.478,0.374,0.148
89400,0.480,0.385,0.135
89500,0.476,0.381,0.143
89600,0.473,0.376,0.151
89700,0.502,0.358,0.141
89800,0.512,0.352,0.136
89900,0.520,0.350,0.130
90000,0.506,0.362,0.133
90100,0.511,0.354,0.135
90200,0.507,0.352,0.141
90300,0.519,0.339,0.142
90400,0.510,0.350,0.140
90500,0.527,0.331,0.142
90600,0.531,0.331,0.138
90700,0.530,0.322,0.148
90800,0.542,0.325,0.133
90900,0.542,0.326,0.132
91000,0.550,0.326,0.125
91100,0.541,0.319,0.140
91200,0.544,0.317,0.139
91300,0.541,0.318,0.141
91400,0.565,0.301,0.134
91500,0.571,0.297,0.132
91600,0.577,0.295,0.128
91700,0.582,0.294,0.124
91800,0.586,0.293,0.121
91900,0.579,0.301,0.120
92000,0.584,0.297,0.118
92100,0.590,0.295,0.114
92200,0.596,0.289,0.115
92300,0.594,0.283,0.123
92400,0.589,0.278,0.133
92500,0.602,0.280,0.118
92600,0.609,0.272,0.120
92700,0.608,0.264,0.129
92800,0.613,0.260,0.127
92900,0.613,0.260,0.127
93000,0.625,0.256,0.118
93100,0.631,0.253,0.115
93200,0.634,0.252,0.113
93300,0.636,0.254,0.109
93400,0.638,0.248,0.113
93500,0.635,0.247,0.117
93600,0.637,0.243,0.120
93700,0.641,0.241,0.117
93800,0.645,0.239,0.116
93900,0.652,0.234,0.114
94000,0.654,0.234,0.112
94100,0.660,0.235,0.105
94200,0.662,0.237,0.101
94300,0.665,0.235,0.100
94400,0.665,0.237,0.098
94500,0.666,0.234,0.100
94600,0.672,0.231,0.097
94700,0.672,0.231,0.097
94800,0.675,0.228,0.097
94900,0.659,0.229,0.112
95000,0.665,0.228,0.107
95100,0.661,0.232,0.107
95200,0.660,0.239,0.101
95300,0.666,0.239,0.095
95400,0.670,0.238,0.092
95500,0.669,0.239,0.092
95600,0.673,0.240,0.087
95700,0.669,0.238,0.093
95800,0.666,0.237,0.097
95900,0.663,0.235,0.102
96000,0.670,0.235,0.095
96100,0.667,0.233,0.100
96200,0.668,0.234,0.098
96300,0.675,0.230,0.095
96400,0.670,0.230,0.100
96500,0.679,0.232,0.089
96600,0.683,0.229,0.088
96700,0.685,0.228,0.087
96800,0.683,0.229,0.088
96900,0.686,0.228,0.086
97000,0.688,0.223,0.089
97100,0.696,0.220,0.085
97200,0.697,0.216,0.088
97300,0.701,0.220,0.080
97400,0.699,0.219,0.083
97500,0.705,0.216,0.080
97600,0.706,0.213,0.081
97700,0.693,0.215,0.093
97800,0.701,0.217,0.083
97900,0.701,0.216,0.084
98000,0.706,0.213,0.081
98100,0.707,0.211,0.082
98200,0.697,0.208,0.095
98300,0.697,0.209,0.094
98400,0.696,0.208,0.096
98500,0.694,0.205,0.101
98600,0.705,0.201,0.094
98700,0.709,0.198,0.093
98800,0.710,0.195,0.095
98900,0.709,0.193,0.098
99000,0.715,0.193,0.092
99100,0.718,0.192,0.090
99200,0.720,0.190,0.090
99300,0.725,0.189,0.086
99400,0.722,0.189,0.089
99500,0.725,0.194,0.081
99600,0.729,0.195,0.076
99700,0.732,0.192,0.076
99800,0.734,0.188,0.078
99900,0.736,0.186,0.078
100000,0.736,0.185,0.079
