time,n_A+p,n_B,n_AB
100,0.030,0.965,0.005
200,0.030,0.951,0.019
300,0.030,0.945,0.026
400,0.031,0.944,0.026
500,0.031,0.944,0.026
600,0.039,0.942,0.019
700,0.039,0.939,0.022
800,0.034,0.935,0.032
900,0.034,0.938,0.029
1000,0.034,0.934,0.033
1100,0.030,0.938,0.033
1200,0.030,0.938,0.033
1300,0.032,0.935,0.034
1400,0.032,0.928,0.040
1500,0.032,0.925,0.043
1600,0.031,0.904,0.065
1700,0.031,0.905,0.064
1800,0.031,0.907,0.062
1900,0.032,0.910,0.058
2000,0.031,0.903,0.066
2100,0.031,0.899,0.070
2200,0.032,0.906,0.062
2300,0.032,0.906,0.062
2400,0.034,0.893,0.074
2500,0.035,0.889,0.077
2600,0.038,0.887,0.076
2700,0.039,0.880,0.081
2800,0.038,0.885,0.078
2900,0.040,0.889,0.072
3000,0.038,0.887,0.076
3100,0.038,0.884,0.079
3200,0.041,0.866,0.093
3300,0.041,0.852,0.107
3400,0.044,0.855,0.101
3500,0.041,0.853,0.106
3600,0.043,0.855,0.102
3700,0.040,0.844,0.116
3800,0.038,0.841,0.122
3900,0.036,0.848,0.116
4000,0.043,0.841,0.116
4100,0.037,0.830,0.133
4200,0.037,0.834,0.130
4300,0.036,0.838,0.127
4400,0.039,0.846,0.115
4500,0.046,0.835,0.120
4600,0.042,0.827,0.131
4700,0.040,0.831,0.129
4800,0.047,0.831,0.122
4900,0.048,0.825,0.127
5000,0.040,0.798,0.162
5100,0.050,0.799,0.151
5200,0.045,0.799,0.156
5300,0.048,0.794,0.158
5400,0.046,0.795,0.159
5500,0.052,0.800,0.148
5600,0.056,0.785,0.158
5700,0.053,0.790,0.157
5800,0.050,0.799,0.151
5900,0.050,0.801,0.149
6000,0.047,0.794,0.159
6100,0.044,0.790,0.166
6200,0.042,0.801,0.157
6300,0.040,0.797,0.163
6400,0.039,0.799,0.162
6500,0.036,0.792,0.173
6600,0.039,0.803,0.158
6700,0.044,0.804,0.152
6800,0.050,0.793,0.157
6900,0.047,0.790,0.163
7000,0.042,0.781,0.177
7100,0.041,0.779,0.180
7200,0.045,0.781,0.174
7300,0.039,0.777,0.184
7400,0.040,0.766,0.194
7500,0.045,0.762,0.193
7600,0.050,0.770,0.180
7700,0.056,0.763,0.181
7800,0.049,0.762,0.189
7900,0.064,0.755,0.181
8000,0.070,0.752,0.178
8100,0.073,0.754,0.174
8200,0.061,0.751,0.188
8300,0.061,0.754,0.185
8400,0.063,0.749,0.188
8500,0.064,0.744,0.192
8600,0.064,0.749,0.187
8700,0.060,0.737,0.202
8800,0.058,0.731,0.210
8900,0.055,0.747,0.198
9000,0.059,0.744,0.197
9100,0.054,0.752,0.194
9200,0.055,0.746,0.199
9300,0.052,0.744,0.204
9400,0.058,0.752,0.190
9500,0.061,0.753,0.186
9600,0.065,0.752,0.183
9700,0.065,0.751,0.184
9800,0.061,0.758,0.181
9900,0.065,0.749,0.186
10000,0.061,0.752,0.187
10100,0.058,0.750,0.192
10200,0.063,0.743,0.194
10300,0.056,0.742,0.202
10400,0.059,0.751,0.190
10500,0.054,0.753,0.193
10600,0.055,0.764,0.181
10700,0.055,0.763,0.182
10800,0.058,0.749,0.193
10900,0.059,0.752,0.189
11000,0.063,0.757,0.180
11100,0.062,0.757,0.181
11200,0.063,0.754,0.183
11300,0.060,0.757,0.183
11400,0.058,0.758,0.184
11500,0.057,0.755,0.188
11600,0.054,0.766,0.180
11700,0.054,0.760,0.186
11800,0.052,0.763,0.185
11900,0.056,0.763,0.181
12000,0.058,0.767,0.175
12100,0.060,0.745,0.195
12200,0.060,0.745,0.195
12300,0.066,0.746,0.188
12400,0.063,0.727,0.209
12500,0.077,0.728,0.195
12600,0.085,0.712,0.203
12700,0.089,0.699,0.212
12800,0.081,0.701,0.219
12900,0.082,0.691,0.228
13000,0.091,0.691,0.219
13100,0.092,0.673,0.235
13200,0.092,0.655,0.253
13300,0.103,0.665,0.232
13400,0.108,0.654,0.238
13500,0.106,0.654,0.240
13600,0.105,0.654,0.241
13700,0.106,0.652,0.242
13800,0.110,0.644,0.246
13900,0.111,0.650,0.239
14000,0.115,0.637,0.247
14100,0.127,0.634,0.239
14200,0.136,0.637,0.227
14300,0.135,0.632,0.233
14400,0.127,0.637,0.236
14500,0.121,0.637,0.242
14600,0.132,0.623,0.245
14700,0.129,0.627,0.244
14800,0.123,0.625,0.252
14900,0.123,0.612,0.266
15000,0.124,0.614,0.263
15100,0.128,0.614,0.258
15200,0.126,0.616,0.258
15300,0.130,0.613,0.257
15400,0.129,0.604,0.268
15500,0.122,0.601,0.278
15600,0.127,0.604,0.270
15700,0.127,0.609,0.265
15800,0.121,0.623,0.256
15900,0.120,0.636,0.244
16000,0.126,0.626,0.248
16100,0.125,0.618,0.257
16200,0.121,0.629,0.250
16300,0.115,0.624,0.260
16400,0.122,0.622,0.256
16500,0.125,0.619,0.256
16600,0.128,0.615,0.257
16700,0.132,0.620,0.248
16800,0.121,0.616,0.264
16900,0.127,0.606,0.268
17000,0.120,0.603,0.278
17100,0.129,0.603,0.269
17200,0.122,0.612,0.267
17300,0.130,0.613,0.257
17400,0.124,0.619,0.257
17500,0.121,0.606,0.274
17600,0.115,0.609,0.276
17700,0.111,0.618,0.271
17800,0.108,0.616,0.276
17900,0.121,0.625,0.254
18000,0.124,0.620,0.256
18100,0.135,0.614,0.251
18200,0.139,0.613,0.248
18300,0.130,0.608,0.263
18400,0.129,0.609,0.263
18500,0.137,0.603,0.260
18600,0.130,0.592,0.278
18700,0.120,0.609,0.272
18800,0.118,0.599,0.283
18900,0.118,0.607,0.275
19000,0.115,0.601,0.284
19100,0.116,0.611,0.273
19200,0.114,0.604,0.282
19300,0.111,0.615,0.274
19400,0.116,0.622,0.261
19500,0.115,0.616,0.269
19600,0.114,0.618,0.268
19700,0.110,0.608,0.282
19800,0.110,0.612,0.278
19900,0.106,0.619,0.275
20000,0.109,0.612,0.279
20100,0.111,0.617,0.272
20200,0.111,0.610,0.279
20300,0.113,0.624,0.263
20400,0.110,0.618,0.272
20500,0.110,0.618,0.272
20600,0.107,0.622,0.271
20700,0.107,0.624,0.269
20800,0.106,0.609,0.285
20900,0.104,0.614,0.282
21000,0.128,0.604,0.269
21100,0.128,0.599,0.274
21200,0.121,0.612,0.268
21300,0.129,0.611,0.260
21400,0.126,0.603,0.272
21500,0.122,0.591,0.287
21600,0.121,0.597,0.283
21700,0.121,0.594,0.285
21800,0.115,0.589,0.295
21900,0.122,0.589,0.289
22000,0.127,0.587,0.286
22100,0.128,0.597,0.276
22200,0.115,0.591,0.293
22300,0.118,0.582,0.299
22400,0.124,0.575,0.301
22500,0.121,0.571,0.308
22600,0.130,0.580,0.290
22700,0.122,0.579,0.299
22800,0.130,0.569,0.301
22900,0.134,0.561,0.305
23000,0.138,0.552,0.311
23100,0.134,0.559,0.307
23200,0.134,0.567,0.299
23300,0.129,0.572,0.299
23400,0.132,0.570,0.298
23500,0.126,0.576,0.298
23600,0.123,0.578,0.299
23700,0.118,0.590,0.291
23800,0.117,0.598,0.285
23900,0.111,0.599,0.290
24000,0.103,0.596,0.301
24100,0.108,0.600,0.292
24200,0.105,0.594,0.300
24300,0.097,0.588,0.315
24400,0.091,0.594,0.315
24500,0.086,0.605,0.309
24600,0.095,0.613,0.292
24700,0.098,0.619,0.283
24800,0.095,0.626,0.279
24900,0.101,0.626,0.273
25000,0.100,0.619,0.281
25100,0.105,0.626,0.269
25200,0.099,0.620,0.281
25300,0.101,0.627,0.272
25400,0.105,0.610,0.285
25500,0.108,0.603,0.289
25600,0.104,0.594,0.301
25700,0.104,0.599,0.297
25800,0.111,0.589,0.299
25900,0.115,0.577,0.307
26000,0.111,0.575,0.314
26100,0.122,0.576,0.302
26200,0.131,0.579,0.290
26300,0.120,0.573,0.307
26400,0.115,0.585,0.299
26500,0.121,0.588,0.291
26600,0.122,0.593,0.285
26700,0.124,0.593,0.283
26800,0.125,0.566,0.309
26900,0.127,0.571,0.302
27000,0.122,0.568,0.311
27100,0.118,0.561,0.321
27200,0.118,0.553,0.329
27300,0.122,0.553,0.326
27400,0.125,0.557,0.319
27500,0.118,0.569,0.313
27600,0.112,0.569,0.319
27700,0.113,0.557,0.330
27800,0.131,0.555,0.315
27900,0.135,0.546,0.319
28000,0.137,0.556,0.307
28100,0.147,0.555,0.298
28200,0.142,0.547,0.311
28300,0.132,0.547,0.321
28400,0.141,0.547,0.312
28500,0.145,0.538,0.317
28600,0.151,0.533,0.316
28700,0.145,0.532,0.323
28800,0.164,0.531,0.304
28900,0.169,0.529,0.302
29000,0.175,0.521,0.304
29100,0.169,0.512,0.320
29200,0.174,0.501,0.326
29300,0.181,0.501,0.319
29400,0.178,0.497,0.325
29500,0.193,0.506,0.301
29600,0.194,0.504,0.302
29700,0.182,0.497,0.321
29800,0.186,0.494,0.320
29900,0.192,0.501,0.307
30000,0.188,0.515,0.297
30100,0.178,0.518,0.304
30200,0.174,0.519,0.307
30300,0.178,0.509,0.314
30400,0.181,0.513,0.306
30500,0.189,0.513,0.298
30600,0.189,0.519,0.292
30700,0.188,0.515,0.297
30800,0.188,0.511,0.301
30900,0.192,0.511,0.297
31000,0.195,0.491,0.314
31100,0.192,0.494,0.314
31200,0.202,0.503,0.295
31300,0.203,0.493,0.303
31400,0.207,0.503,0.290
31500,0.201,0.508,0.291
31600,0.198,0.501,0.301
31700,0.192,0.508,0.300
31800,0.193,0.508,0.299
31900,0.196,0.516,0.288
32000,0.199,0.518,0.283
32100,0.203,0.524,0.273
32200,0.206,0.525,0.269
32300,0.195,0.523,0.282
32400,0.204,0.512,0.284
32500,0.202,0.512,0.286
32600,0.202,0.512,0.286
32700,0.192,0.514,0.294
32800,0.188,0.510,0.302
32900,0.185,0.511,0.304
33000,0.193,0.501,0.306
33100,0.190,0.510,0.300
33200,0.196,0.506,0.298
33300,0.200,0.496,0.303
33400,0.197,0.506,0.297
33500,0.198,0.492,0.309
33600,0.196,0.495,0.308
33700,0.197,0.489,0.314
33800,0.205,0.497,0.297
33900,0.210,0.489,0.300
34000,0.212,0.482,0.305
34100,0.213,0.484,0.302
34200,0.225,0.485,0.290
34300,0.227,0.482,0.291
34400,0.226,0.480,0.294
34500,0.224,0.481,0.295
34600,0.227,0.476,0.297
34700,0.227,0.475,0.298
34800,0.221,0.465,0.315
34900,0.208,0.478,0.314
35000,0.217,0.474,0.309
35100,0.216,0.477,0.307
35200,0.206,0.491,0.302
35300,0.207,0.479,0.314
35400,0.201,0.478,0.321
35500,0.200,0.483,0.317
35600,0.191,0.468,0.341
35700,0.194,0.465,0.341
35800,0.197,0.469,0.334
35900,0.200,0.467,0.333
36000,0.209,0.470,0.321
36100,0.194,0.479,0.327
36200,0.201,0.464,0.335
36300,0.197,0.461,0.342
36400,0.191,0.462,0.347
36500,0.188,0.455,0.358
36600,0.171,0.463,0.367
36700,0.164,0.476,0.360
36800,0.168,0.479,0.353
36900,0.173,0.481,0.346
37000,0.168,0.477,0.355
37100,0.171,0.479,0.350
37200,0.184,0.484,0.332
37300,0.187,0.479,0.334
37400,0.192,0.477,0.331
37500,0.185,0.467,0.348
37600,0.187,0.471,0.342
37700,0.193,0.459,0.348
37800,0.196,0.458,0.346
37900,0.200,0.456,0.344
38000,0.206,0.456,0.338
38100,0.203,0.447,0.349
38200,0.202,0.443,0.354
38300,0.211,0.431,0.358
38400,0.224,0.422,0.354
38500,0.225,0.420,0.355
38600,0.232,0.415,0.353
38700,0.232,0.416,0.352
38800,0.229,0.423,0.348
38900,0.220,0.415,0.366
39000,0.213,0.415,0.372
39100,0.219,0.404,0.377
39200,0.209,0.409,0.382
39300,0.220,0.404,0.376
39400,0.210,0.403,0.386
39500,0.219,0.403,0.378
39600,0.251,0.404,0.344
39700,0.239,0.403,0.358
39800,0.242,0.399,0.359
39900,0.238,0.410,0.352
40000,0.238,0.418,0.344
40100,0.249,0.425,0.326
40200,0.240,0.413,0.347
40300,0.246,0.413,0.341
40400,0.252,0.403,0.344
40500,0.254,0.414,0.332
40600,0.258,0.415,0.327
40700,0.263,0.409,0.329
40800,0.266,0.409,0.326
40900,0.265,0.408,0.328
41000,0.272,0.404,0.324
41100,0.272,0.413,0.316
41200,0.250,0.410,0.340
41300,0.250,0.400,0.349
41400,0.234,0.409,0.358
41500,0.232,0.412,0.356
41600,0.222,0.417,0.362
41700,0.223,0.417,0.361
41800,0.234,0.402,0.364
41900,0.236,0.400,0.364
42000,0.238,0.402,0.360
42100,0.232,0.391,0.377
42200,0.240,0.391,0.369
42300,0.238,0.389,0.373
42400,0.243,0.390,0.367
42500,0.235,0.398,0.367
42600,0.246,0.386,0.368
42700,0.251,0.383,0.366
42800,0.259,0.375,0.366
42900,0.249,0.380,0.371
43000,0.251,0.389,0.360
43100,0.249,0.387,0.364
43200,0.243,0.392,0.365
43300,0.242,0.398,0.360
43400,0.259,0.408,0.333
43500,0.265,0.397,0.338
43600,0.250,0.406,0.344
43700,0.249,0.402,0.348
43800,0.245,0.415,0.340
43900,0.243,0.399,0.358
44000,0.246,0.404,0.349
44100,0.253,0.399,0.347
44200,0.260,0.410,0.330
44300,0.241,0.393,0.366
44400,0.231,0.390,0.379
44500,0.250,0.385,0.365
44600,0.242,0.380,0.378
44700,0.251,0.375,0.374
44800,0.259,0.382,0.359
44900,0.261,0.386,0.352
45000,0.270,0.386,0.344
45100,0.284,0.386,0.330
45200,0.273,0.381,0.346
45300,0.289,0.376,0.335
45400,0.292,0.378,0.330
45500,0.275,0.380,0.345
45600,0.285,0.378,0.337
45700,0.282,0.375,0.343
45800,0.289,0.375,0.336
45900,0.290,0.373,0.337
46000,0.286,0.372,0.342
46100,0.279,0.371,0.350
46200,0.272,0.368,0.361
46300,0.279,0.364,0.358
46400,0.286,0.364,0.350
46500,0.285,0.355,0.360
46600,0.273,0.361,0.367
46700,0.282,0.360,0.359
46800,0.284,0.367,0.349
46900,0.287,0.362,0.351
47000,0.287,0.364,0.349
47100,0.279,0.382,0.339
47200,0.276,0.386,0.338
47300,0.276,0.387,0.337
47400,0.275,0.385,0.340
47500,0.275,0.391,0.334
47600,0.277,0.386,0.337
47700,0.270,0.384,0.346
47800,0.260,0.383,0.356
47900,0.247,0.381,0.372
48000,0.245,0.388,0.367
48100,0.240,0.392,0.368
48200,0.244,0.401,0.354
48300,0.247,0.397,0.355
48400,0.250,0.386,0.364
48500,0.245,0.380,0.375
48600,0.253,0.379,0.368
48700,0.247,0.378,0.375
48800,0.237,0.380,0.383
48900,0.238,0.387,0.375
49000,0.240,0.378,0.382
49100,0.242,0.383,0.375
49200,0.234,0.391,0.375
49300,0.221,0.387,0.392
49400,0.229,0.385,0.386
49500,0.227,0.392,0.381
49600,0.237,0.401,0.362
49700,0.225,0.403,0.372
49800,0.213,0.392,0.394
49900,0.217,0.383,0.400
50000,0.224,0.380,0.396
50100,0.234,0.379,0.387
50200,0.221,0.385,0.394
50300,0.211,0.397,0.391
50400,0.219,0.391,0.390
50500,0.221,0.383,0.396
50600,0.216,0.387,0.397
50700,0.221,0.389,0.390
50800,0.209,0.393,0.397
50900,0.211,0.386,0.402
51000,0.215,0.387,0.398
51100,0.220,0.384,0.396
51200,0.212,0.389,0.398
51300,0.217,0.403,0.380
51400,0.237,0.399,0.364
51500,0.233,0.392,0.375
51600,0.223,0.394,0.383
51700,0.222,0.400,0.378
51800,0.213,0.387,0.399
51900,0.219,0.395,0.386
52000,0.230,0.395,0.375
52100,0.224,0.412,0.365
52200,0.218,0.410,0.373
52300,0.226,0.408,0.367
52400,0.228,0.398,0.374
52500,0.224,0.403,0.373
52600,0.235,0.413,0.352
52700,0.222,0.417,0.362
52800,0.221,0.421,0.359
52900,0.226,0.420,0.354
53000,0.216,0.415,0.370
53100,0.215,0.414,0.372
53200,0.213,0.419,0.368
53300,0.218,0.424,0.359
53400,0.217,0.433,0.350
53500,0.219,0.411,0.371
53600,0.217,0.408,0.376
53700,0.220,0.404,0.376
53800,0.221,0.406,0.374
53900,0.218,0.415,0.368
54000,0.225,0.411,0.365
54100,0.224,0.407,0.370
54200,0.244,0.397,0.359
54300,0.241,0.398,0.361
54400,0.248,0.397,0.354
54500,0.245,0.399,0.355
54600,0.252,0.402,0.345
54700,0.251,0.397,0.351
54800,0.236,0.398,0.366
54900,0.234,0.397,0.369
55000,0.232,0.408,0.361
55100,0.231,0.423,0.346
55200,0.237,0.429,0.334
55300,0.230,0.428,0.342
55400,0.234,0.425,0.341
55500,0.236,0.411,0.353
55600,0.240,0.406,0.354
55700,0.216,0.392,0.392
55800,0.219,0.398,0.383
55900,0.222,0.403,0.375
56000,0.220,0.399,0.381
56100,0.215,0.403,0.382
56200,0.215,0.395,0.390
56300,0.209,0.389,0.401
56400,0.209,0.404,0.386
56500,0.200,0.403,0.396
56600,0.208,0.400,0.391
56700,0.192,0.409,0.399
56800,0.191,0.401,0.408
56900,0.199,0.391,0.410
57000,0.193,0.396,0.411
57100,0.195,0.390,0.415
57200,0.198,0.398,0.403
57300,0.202,0.397,0.400
57400,0.203,0.401,0.395
57500,0.213,0.389,0.397
57600,0.216,0.383,0.401
57700,0.230,0.387,0.383
57800,0.241,0.390,0.369
57900,0.246,0.376,0.378
58000,0.246,0.377,0.377
58100,0.243,0.375,0.382
58200,0.238,0.383,0.379
58300,0.244,0.373,0.383
58400,0.258,0.377,0.365
58500,0.250,0.379,0.371
58600,0.226,0.379,0.395
58700,0.220,0.377,0.403
58800,0.226,0.379,0.395
58900,0.222,0.380,0.398
59000,0.220,0.374,0.407
59100,0.221,0.372,0.408
59200,0.218,0.372,0.411
59300,0.222,0.375,0.403
59400,0.237,0.377,0.386
59500,0.244,0.365,0.391
59600,0.239,0.368,0.393
59700,0.242,0.372,0.386
59800,0.237,0.383,0.380
59900,0.240,0.388,0.372
60000,0.239,0.389,0.372
60100,0.245,0.384,0.371
60200,0.240,0.384,0.376
60300,0.246,0.394,0.360
60400,0.248,0.383,0.369
60500,0.248,0.383,0.369
60600,0.242,0.383,0.375
60700,0.249,0.380,0.371
60800,0.258,0.376,0.366
60900,0.266,0.381,0.353
61000,0.257,0.370,0.373
61100,0.266,0.372,0.363
61200,0.267,0.366,0.368
61300,0.279,0.370,0.351
61400,0.280,0.367,0.353
61500,0.280,0.356,0.364
61600,0.285,0.350,0.365
61700,0.309,0.338,0.352
61800,0.307,0.344,0.348
61900,0.298,0.342,0.360
62000,0.280,0.335,0.385
62100,0.279,0.335,0.386
62200,0.287,0.324,0.389
62300,0.300,0.321,0.379
62400,0.309,0.309,0.381
62500,0.313,0.318,0.370
62600,0.312,0.309,0.379
62700,0.314,0.311,0.376
62800,0.313,0.317,0.371
62900,0.315,0.320,0.366
63000,0.320,0.320,0.361
63100,0.307,0.319,0.374
63200,0.308,0.322,0.370
63300,0.314,0.318,0.369
63400,0.319,0.321,0.361
63500,0.323,0.313,0.365
63600,0.306,0.324,0.370
63700,0.302,0.323,0.375
63800,0.306,0.322,0.372
63900,0.309,0.320,0.371
64000,0.311,0.320,0.370
64100,0.305,0.304,0.390
64200,0.301,0.299,0.399
64300,0.318,0.299,0.383
64400,0.322,0.295,0.383
64500,0.321,0.290,0.389
64600,0.320,0.292,0.388
64700,0.325,0.297,0.378
64800,0.326,0.297,0.377
64900,0.312,0.299,0.389
65000,0.307,0.295,0.397
65100,0.318,0.296,0.386
65200,0.326,0.291,0.383
65300,0.335,0.286,0.379
65400,0.333,0.297,0.370
65500,0.346,0.294,0.360
65600,0.351,0.286,0.363
65700,0.359,0.286,0.355
65800,0.363,0.281,0.356
65900,0.368,0.281,0.351
66000,0.366,0.282,0.352
66100,0.372,0.279,0.349
66200,0.370,0.278,0.352
66300,0.380,0.273,0.347
66400,0.390,0.266,0.344
66500,0.396,0.259,0.344
66600,0.409,0.255,0.336
66700,0.412,0.250,0.338
66800,0.422,0.247,0.331
66900,0.429,0.251,0.320
67000,0.420,0.252,0.328
67100,0.431,0.248,0.321
67200,0.432,0.244,0.324
67300,0.444,0.247,0.308
67400,0.446,0.248,0.305
67500,0.451,0.252,0.296
67600,0.449,0.247,0.303
67700,0.457,0.247,0.296
67800,0.465,0.244,0.291
67900,0.469,0.238,0.293
68000,0.477,0.227,0.296
68100,0.491,0.224,0.285
68200,0.493,0.227,0.280
68300,0.501,0.224,0.276
68400,0.506,0.227,0.268
68500,0.503,0.229,0.269
68600,0.496,0.231,0.273
68700,0.493,0.226,0.281
68800,0.483,0.221,0.296
68900,0.485,0.223,0.292
69000,0.481,0.220,0.299
69100,0.493,0.219,0.288
69200,0.497,0.218,0.285
69300,0.497,0.219,0.284
69400,0.498,0.219,0.283
69500,0.510,0.220,0.271
69600,0.522,0.220,0.258
69700,0.538,0.216,0.246
69800,0.542,0.212,0.245
69900,0.550,0.211,0.239
70000,0.556,0.210,0.234
70100,0.561,0.205,0.234
70200,0.560,0.205,0.235
70300,0.555,0.207,0.238
70400,0.559,0.204,0.237
70500,0.563,0.203,0.234
70600,0.560,0.208,0.232
70700,0.564,0.203,0.233
70800,0.561,0.203,0.236
70900,0.562,0.206,0.232
71000,0.567,0.206,0.227
71100,0.557,0.205,0.238
71200,0.547,0.206,0.246
71300,0.553,0.203,0.244
71400,0.552,0.203,0.245
71500,0.554,0.202,0.244
71600,0.554,0.203,0.243
71700,0.539,0.208,0.252
71800,0.525,0.205,0.270
71900,0.527,0.205,0.268
72000,0.523,0.206,0.271
72100,0.526,0.203,0.271
72200,0.518,0.203,0.279
72300,0.496,0.205,0.298
72400,0.504,0.205,0.291
72500,0.510,0.202,0.288
72600,0.498,0.198,0.303
72700,0.494,0.202,0.303
72800,0.497,0.205,0.297
72900,0.503,0.203,0.294
73000,0.515,0.204,0.281
73100,0.510,0.203,0.287
73200,0.509,0.200,0.291
73300,0.510,0.201,0.289
73400,0.508,0.198,0.294
73500,0.514,0.200,0.286
73600,0.503,0.200,0.297
73700,0.501,0.202,0.297
73800,0.484,0.208,0.307
73900,0.484,0.211,0.304
74000,0.489,0.208,0.302
74100,0.472,0.205,0.323
74200,0.459,0.204,0.337
74300,0.472,0.205,0.323
74400,0.480,0.198,0.322
74500,0.482,0.202,0.316
74600,0.477,0.215,0.308
74700,0.455,0.218,0.328
74800,0.464,0.212,0.324
74900,0.478,0.203,0.319
75000,0.493,0.201,0.305
75100,0.482,0.201,0.317
75200,0.482,0.206,0.312
75300,0.467,0.201,0.332
75400,0.463,0.204,0.333
75500,0.467,0.204,0.329
75600,0.477,0.212,0.311
75700,0.475,0.216,0.309
75800,0.473,0.206,0.321
75900,0.478,0.210,0.312
76000,0.481,0.210,0.308
76100,0.482,0.217,0.301
76200,0.474,0.217,0.309
76300,0.467,0.219,0.315
76400,0.473,0.209,0.318
76500,0.462,0.201,0.337
76600,0.468,0.206,0.326
76700,0.477,0.207,0.316
76800,0.484,0.205,0.311
76900,0.494,0.203,0.302
77000,0.501,0.204,0.295
77100,0.506,0.200,0.294
77200,0.512,0.202,0.286
77300,0.512,0.204,0.284
77400,0.510,0.200,0.290
77500,0.508,0.204,0.288
77600,0.514,0.199,0.287
77700,0.513,0.197,0.290
77800,0.520,0.196,0.284
77900,0.520,0.204,0.276
78000,0.514,0.198,0.288
78100,0.519,0.198,0.283
78200,0.520,0.206,0.274
78300,0.527,0.207,0.266
78400,0.543,0.199,0.257
78500,0.539,0.202,0.258
78600,0.547,0.195,0.257
78700,0.539,0.194,0.267
78800,0.533,0.194,0.273
78900,0.539,0.189,0.272
79000,0.535,0.186,0.279
79100,0.543,0.184,0.273
79200,0.537,0.185,0.278
79300,0.536,0.178,0.286
79400,0.540,0.182,0.278
79500,0.536,0.181,0.283
79600,0.535,0.182,0.283
79700,0.536,0.182,0.282
79800,0.544,0.182,0.274
79900,0.537,0.176,0.287
80000,0.535,0.180,0.285
80100,0.545,0.176,0.279
80200,0.558,0.183,0.259
80300,0.557,0.181,0.263
80400,0.560,0.182,0.258
80500,0.571,0.181,0.248
80600,0.587,0.181,0.232
80700,0.586,0.176,0.238
80800,0.569,0.178,0.253
80900,0.564,0.179,0.257
81000,0.567,0.178,0.255
81100,0.566,0.177,0.257
81200,0.576,0.178,0.246
81300,0.571,0.179,0.250
81400,0.581,0.181,0.238
81500,0.573,0.180,0.247
81600,0.582,0.181,0.237
81700,0.571,0.182,0.247
81800,0.570,0.183,0.247
81900,0.570,0.180,0.250
82000,0.584,0.178,0.238
82100,0.583,0.181,0.236
82200,0.589,0.179,0.232
82300,0.593,0.181,0.226
82400,0.590,0.182,0.228
82500,0.596,0.180,0.225
82600,0.600,0.179,0.222
82700,0.598,0.179,0.224
82800,0.602,0.181,0.218
82900,0.592,0.178,0.230
83000,0.599,0.180,0.222
83100,0.605,0.185,0.210
83200,0.605,0.182,0.213
83300,0.613,0.178,0.209
83400,0.622,0.177,0.201
83500,0.623,0.175,0.202
83600,0.619,0.175,0.206
83700,0.624,0.175,0.201
83800,0.614,0.174,0.212
83900,0.618,0.173,0.209
84000,0.610,0.170,0.221
84100,0.605,0.168,0.228
84200,0.609,0.173,0.219
84300,0.622,0.169,0.209
84400,0.617,0.168,0.216
84500,0.630,0.168,0.202
84600,0.624,0.171,0.205
84700,0.621,0.170,0.209
84800,0.628,0.170,0.202
84900,0.621,0.172,0.207
85000,0.628,0.171,0.201
85100,0.635,0.171,0.194
85200,0.629,0.169,0.202
85300,0.627,0.166,0.206
85400,0.625,0.164,0.210
85500,0.628,0.163,0.208
85600,0.628,0.161,0.210
85700,0.630,0.160,0.209
85800,0.618,0.158,0.224
85900,0.623,0.160,0.217
86000,0.629,0.160,0.210
86100,0.626,0.159,0.215
86200,0.624,0.159,0.217
86300,0.628,0.157,0.215
86400,0.625,0.157,0.218
86500,0.637,0.157,0.205
86600,0.650,0.159,0.191
86700,0.652,0.158,0.190
86800,0.654,0.157,0.189
86900,0.658,0.156,0.186
87000,0.663,0.156,0.181
87100,0.668,0.157,0.175
87200,0.669,0.157,0.174
87300,0.668,0.157,0.175
87400,0.668,0.156,0.176
87500,0.665,0.156,0.179
87600,0.675,0.154,0.171
87700,0.676,0.157,0.166
87800,0.674,0.156,0.170
87900,0.677,0.155,0.168
88000,0.679,0.155,0.165
88100,0.682,0.154,0.163
88200,0.680,0.153,0.166
88300,0.684,0.152,0.163
88400,0.686,0.151,0.162
88500,0.684,0.153,0.162
88600,0.684,0.150,0.165
88700,0.686,0.150,0.163
88800,0.691,0.149,0.160
88900,0.689,0.149,0.161
89000,0.688,0.149,0.162
89100,0.689,0.149,0.161
89200,0.686,0.150,0.163
89300,0.692,0.150,0.158
89400,0.697,0.151,0.152
89500,0.700,0.150,0.150
89600,0.704,0.153,0.143
89700,0.702,0.152,0.146
89800,0.704,0.151,0.145
89900,0.704,0.151,0.145
90000,0.708,0.151,0.141
90100,0.709,0.150,0.141
90200,0.710,0.148,0.142
90300,0.711,0.149,0.140
90400,0.710,0.149,0.141
90500,0.711,0.149,0.140
90600,0.709,0.148,0.143
90700,0.709,0.146,0.145
90800,0.712,0.145,0.143
90900,0.710,0.145,0.145
91000,0.712,0.145,0.143
91100,0.716,0.143,0.141
91200,0.712,0.150,0.138
91300,0.713,0.147,0.140
91400,0.714,0.147,0.139
91500,0.711,0.145,0.144
91600,0.712,0.144,0.144
91700,0.712,0.143,0.145
91800,0.709,0.143,0.148
91900,0.709,0.143,0.148
92000,0.709,0.145,0.146
92100,0.710,0.145,0.145
92200,0.713,0.145,0.142
92300,0.711,0.147,0.142
92400,0.707,0.146,0.147
92500,0.704,0.148,0.148
92600,0.708,0.146,0.146
92700,0.713,0.145,0.142
92800,0.707,0.147,0.146
92900,0.705,0.148,0.147
93000,0.707,0.145,0.148
93100,0.709,0.141,0.150
93200,0.708,0.143,0.149
93300,0.707,0.144,0.149
93400,0.708,0.144,0.148
93500,0.706,0.141,0.153
93600,0.707,0.141,0.152
93700,0.702,0.142,0.156
93800,0.699,0.140,0.161
93900,0.697,0.147,0.156
94000,0.697,0.146,0.157
94100,0.701,0.144,0.155
94200,0.700,0.142,0.158
94300,0.700,0.141,0.159
94400,0.693,0.140,0.168
94500,0.692,0.140,0.169
94600,0.691,0.143,0.166
94700,0.695,0.140,0.165
94800,0.689,0.138,0.173
94900,0.694,0.137,0.170
95000,0.697,0.137,0.166
95100,0.696,0.136,0.169
95200,0.699,0.138,0.163
95300,0.705,0.138,0.157
95400,0.700,0.137,0.163
95500,0.700,0.137,0.163
95600,0.701,0.134,0.165
95700,0.698,0.132,0.171
95800,0.702,0.130,0.169
95900,0.703,0.130,0.168
96000,0.707,0.130,0.163
96100,0.708,0.130,0.162
96200,0.710,0.132,0.158
96300,0.708,0.132,0.160
96400,0.710,0.131,0.159
96500,0.717,0.132,0.151
96600,0.716,0.132,0.152
96700,0.718,0.132,0.150
96800,0.720,0.130,0.150
96900,0.719,0.129,0.152
97000,0.722,0.131,0.147
97100,0.724,0.131,0.145
97200,0.722,0.129,0.149
97300,0.722,0.128,0.150
97400,0.725,0.128,0.147
97500,0.723,0.128,0.149
97600,0.722,0.126,0.152
97700,0.724,0.126,0.150
97800,0.724,0.127,0.149
97900,0.726,0.127,0.147
98000,0.727,0.125,0.148
98100,0.723,0.125,0.152
98200,0.726,0.125,0.149
98300,0.720,0.124,0.156
98400,0.721,0.123,0.156
98500,0.725,0.125,0.150
98600,0.728,0.122,0.150
98700,0.724,0.121,0.155
98800,0.726,0.121,0.153
98900,0.732,0.123,0.145
99000,0.735,0.122,0.143
99100,0.735,0.121,0.144
99200,0.731,0.121,0.148
99300,0.735,0.121,0.144
99400,0.723,0.120,0.157
99500,0.726,0.120,0.154
99600,0.728,0.122,0.150
99700,0.726,0.122,0.152
99800,0.726,0.126,0.148
99900,0.725,0.124,0.151
100000,0.725,0.126,0.149
