time,n_A+p,n_B,n_AB
500,0.080,0.583,0.337
1000,0.080,0.374,0.546
1500,0.084,0.305,0.611
2000,0.084,0.290,0.626
2500,0.081,0.344,0.575
3000,0.080,0.307,0.613
3500,0.081,0.266,0.653
4000,0.094,0.232,0.674
4500,0.088,0.227,0.685
5000,0.108,0.202,0.690
5500,0.091,0.197,0.712
6000,0.101,0.220,0.679
6500,0.150,0.108,0.741
7000,0.367,0.033,0.600
7500,0.822,0.000,0.178
8000,0.964,0.000,0.036
8500,0.987,0.000,0.013
9000,0.997,0.000,0.003
9500,1.000,0.000,0.000
