time,n_A+p,n_B,n_AB
500,0.030,0.370,0.600
1000,0.030,0.259,0.711
1500,0.030,0.293,0.677
2000,0.030,0.369,0.601
2500,0.030,0.337,0.633
3000,0.030,0.395,0.575
3500,0.030,0.299,0.671
4000,0.030,0.449,0.521
4500,0.030,0.355,0.615
5000,0.030,0.423,0.547
5500,0.030,0.482,0.488
6000,0.030,0.394,0.576
6500,0.030,0.316,0.654
7000,0.030,0.221,0.749
7500,0.030,0.243,0.727
8000,0.030,0.213,0.757
8500,0.030,0.305,0.665
9000,0.030,0.362,0.608
9500,0.030,0.246,0.724
10000,0.030,0.280,0.690
10500,0.030,0.260,0.710
11000,0.030,0.437,0.533
11500,0.030,0.346,0.624
12000,0.030,0.267,0.703
12500,0.030,0.376,0.594
13000,0.030,0.371,0.599
13500,0.030,0.333,0.637
14000,0.030,0.353,0.617
14500,0.030,0.377,0.593
15000,0.030,0.405,0.565
15500,0.030,0.440,0.530
16000,0.030,0.435,0.535
16500,0.030,0.403,0.567
17000,0.030,0.160,0.810
17500,0.030,0.340,0.630
18000,0.030,0.594,0.376
18500,0.030,0.251,0.719
19000,0.030,0.164,0.806
19500,0.030,0.361,0.609
20000,0.030,0.169,0.801
20500,0.030,0.459,0.511
21000,0.030,0.329,0.641
21500,0.030,0.262,0.708
22000,0.030,0.258,0.712
22500,0.030,0.386,0.584
23000,0.030,0.435,0.535
23500,0.030,0.496,0.474
24000,0.030,0.455,0.515
24500,0.030,0.339,0.631
25000,0.030,0.285,0.685
25500,0.030,0.570,0.400
26000,0.030,0.343,0.627
26500,0.030,0.353,0.617
27000,0.030,0.327,0.643
27500,0.030,0.257,0.713
28000,0.030,0.407,0.563
28500,0.030,0.313,0.657
29000,0.030,0.334,0.636
29500,0.030,0.320,0.650
30000,0.030,0.301,0.669
30500,0.030,0.430,0.540
31000,0.030,0.233,0.737
31500,0.030,0.175,0.795
32000,0.030,0.287,0.683
32500,0.030,0.382,0.588
33000,0.030,0.413,0.557
33500,0.030,0.331,0.639
34000,0.030,0.227,0.743
34500,0.030,0.232,0.738
35000,0.030,0.401,0.569
35500,0.030,0.367,0.603
36000,0.030,0.363,0.607
36500,0.030,0.297,0.673
37000,0.030,0.343,0.627
37500,0.030,0.360,0.610
38000,0.030,0.267,0.703
38500,0.030,0.395,0.575
39000,0.030,0.319,0.651
39500,0.030,0.299,0.671
40000,0.030,0.504,0.466
40500,0.030,0.392,0.578
41000,0.030,0.296,0.674
41500,0.030,0.255,0.715
42000,0.030,0.428,0.542
42500,0.030,0.327,0.643
43000,0.030,0.461,0.509
43500,0.030,0.374,0.596
44000,0.030,0.406,0.564
44500,0.030,0.198,0.772
45000,0.030,0.427,0.543
45500,0.030,0.294,0.676
46000,0.030,0.322,0.648
46500,0.030,0.255,0.715
47000,0.030,0.413,0.557
47500,0.030,0.451,0.519
48000,0.030,0.425,0.545
48500,0.030,0.348,0.622
49000,0.030,0.298,0.672
49500,0.030,0.356,0.614
50000,0.030,0.336,0.634
50500,0.030,0.265,0.705
51000,0.030,0.446,0.524
51500,0.030,0.348,0.622
52000,0.030,0.407,0.563
52500,0.030,0.350,0.620
53000,0.030,0.354,0.616
53500,0.030,0.293,0.677
54000,0.030,0.351,0.619
54500,0.030,0.507,0.463
55000,0.030,0.517,0.453
55500,0.030,0.473,0.497
56000,0.030,0.316,0.654
56500,0.030,0.441,0.529
57000,0.030,0.461,0.509
57500,0.030,0.174,0.796
58000,0.030,0.438,0.532
58500,0.030,0.379,0.591
59000,0.030,0.467,0.503
59500,0.030,0.394,0.576
60000,0.030,0.357,0.613
60500,0.030,0.299,0.671
61000,0.030,0.346,0.624
61500,0.030,0.362,0.608
62000,0.030,0.300,0.670
62500,0.030,0.212,0.758
63000,0.030,0.275,0.695
63500,0.030,0.261,0.709
64000,0.030,0.314,0.656
64500,0.030,0.366,0.604
65000,0.054,0.219,0.727
65500,0.030,0.424,0.546
66000,0.030,0.266,0.704
66500,0.030,0.301,0.669
67000,0.030,0.404,0.566
67500,0.030,0.272,0.698
68000,0.030,0.312,0.658
68500,0.030,0.355,0.615
69000,0.030,0.228,0.742
69500,0.030,0.188,0.782
70000,0.030,0.289,0.681
70500,0.030,0.347,0.623
71000,0.030,0.326,0.644
71500,0.030,0.257,0.713
72000,0.030,0.473,0.497
72500,0.030,0.382,0.588
73000,0.030,0.225,0.745
73500,0.030,0.313,0.657
74000,0.030,0.414,0.556
74500,0.030,0.298,0.672
75000,0.030,0.272,0.698
75500,0.030,0.428,0.542
76000,0.030,0.350,0.620
76500,0.030,0.235,0.735
77000,0.030,0.270,0.700
77500,0.030,0.482,0.488
78000,0.030,0.342,0.628
78500,0.030,0.371,0.599
79000,0.030,0.360,0.610
79500,0.030,0.282,0.688
80000,0.030,0.231,0.739
80500,0.030,0.383,0.587
81000,0.030,0.411,0.559
81500,0.030,0.271,0.699
82000,0.030,0.273,0.697
82500,0.030,0.416,0.554
83000,0.030,0.397,0.573
83500,0.030,0.343,0.627
84000,0.030,0.420,0.550
84500,0.030,0.206,0.764
85000,0.030,0.431,0.539
85500,0.030,0.301,0.669
86000,0.030,0.239,0.731
86500,0.030,0.263,0.707
87000,0.030,0.362,0.608
87500,0.030,0.433,0.537
88000,0.030,0.360,0.610
88500,0.030,0.426,0.544
89000,0.030,0.302,0.668
89500,0.030,0.288,0.682
90000,0.030,0.295,0.675
90500,0.030,0.347,0.623
91000,0.030,0.230,0.740
91500,0.030,0.347,0.623
92000,0.030,0.249,0.721
92500,0.030,0.382,0.588
93000,0.030,0.299,0.671
93500,0.030,0.356,0.614
94000,0.030,0.256,0.714
94500,0.030,0.371,0.599
95000,0.030,0.371,0.599
95500,0.030,0.431,0.539
96000,0.030,0.241,0.729
96500,0.030,0.282,0.688
97000,0.030,0.225,0.745
97500,0.030,0.208,0.762
98000,0.030,0.321,0.649
98500,0.030,0.494,0.476
99000,0.030,0.303,0.667
99500,0.030,0.399,0.571
100000,0.030,0.304,0.666
100500,0.030,0.309,0.661
101000,0.030,0.377,0.593
101500,0.030,0.232,0.738
102000,0.033,0.234,0.733
102500,0.030,0.237,0.733
103000,0.030,0.256,0.714
103500,0.030,0.274,0.696
104000,0.030,0.497,0.473
104500,0.030,0.368,0.602
105000,0.032,0.152,0.816
105500,0.030,0.382,0.588
106000,0.030,0.373,0.597
106500,0.030,0.262,0.708
107000,0.030,0.372,0.598
107500,0.030,0.376,0.594
108000,0.030,0.343,0.627
108500,0.030,0.474,0.496
109000,0.030,0.511,0.459
109500,0.030,0.308,0.662
110000,0.030,0.388,0.582
110500,0.030,0.279,0.691
111000,0.030,0.355,0.615
111500,0.030,0.362,0.608
112000,0.030,0.374,0.596
112500,0.030,0.215,0.755
113000,0.030,0.317,0.653
113500,0.030,0.374,0.596
114000,0.030,0.340,0.630
114500,0.030,0.182,0.788
115000,0.030,0.346,0.624
115500,0.030,0.309,0.661
116000,0.030,0.276,0.694
116500,0.030,0.361,0.609
117000,0.030,0.385,0.585
117500,0.030,0.309,0.661
118000,0.030,0.454,0.516
118500,0.030,0.239,0.731
119000,0.030,0.395,0.575
119500,0.030,0.380,0.590
120000,0.030,0.325,0.645
120500,0.030,0.346,0.624
121000,0.030,0.314,0.656
121500,0.030,0.341,0.629
122000,0.030,0.518,0.452
122500,0.030,0.374,0.596
123000,0.036,0.224,0.740
123500,0.030,0.350,0.620
124000,0.030,0.285,0.685
124500,0.030,0.139,0.831
125000,0.030,0.187,0.783
125500,0.030,0.230,0.740
126000,0.030,0.352,0.618
126500,0.030,0.539,0.431
127000,0.030,0.316,0.654
127500,0.030,0.358,0.612
128000,0.030,0.395,0.575
128500,0.030,0.280,0.690
129000,0.030,0.322,0.648
129500,0.030,0.409,0.561
130000,0.030,0.483,0.487
130500,0.030,0.564,0.406
131000,0.030,0.381,0.589
131500,0.030,0.320,0.650
132000,0.030,0.363,0.607
132500,0.030,0.291,0.679
133000,0.030,0.392,0.578
133500,0.053,0.122,0.825
134000,0.862,0.000,0.138
134500,0.999,0.000,0.001
135000,1.000,0.000,0.000
