time,n_A+p,n_B,n_AB
0,0.030,0.970,0.000
500,0.036,0.937,0.028
1000,0.033,0.860,0.107
1500,0.034,0.797,0.170
2000,0.039,0.747,0.215
2500,0.041,0.697,0.263
3000,0.042,0.635,0.323
3500,0.034,0.604,0.363
4000,0.036,0.565,0.399
4500,0.055,0.522,0.423
5000,0.051,0.523,0.426
5500,0.050,0.487,0.463
6000,0.043,0.476,0.481
6500,0.044,0.457,0.499
7000,0.054,0.432,0.514
7500,0.047,0.421,0.532
8000,0.055,0.392,0.553
8500,0.055,0.378,0.567
9000,0.049,0.386,0.565
9500,0.053,0.400,0.546
10000,0.052,0.378,0.570
10500,0.049,0.367,0.584
11000,0.052,0.362,0.586
11500,0.052,0.348,0.600
12000,0.057,0.335,0.608
12500,0.063,0.333,0.604
13000,0.079,0.327,0.594
13500,0.076,0.329,0.596
14000,0.085,0.318,0.598
14500,0.069,0.312,0.619
15000,0.065,0.317,0.618
15500,0.058,0.311,0.631
16000,0.059,0.324,0.617
16500,0.062,0.315,0.623
17000,0.057,0.302,0.640
17500,0.058,0.295,0.647
18000,0.067,0.296,0.636
18500,0.065,0.298,0.636
19000,0.066,0.284,0.650
19500,0.069,0.277,0.654
20000,0.067,0.268,0.665
20500,0.067,0.271,0.662
21000,0.070,0.282,0.648
21500,0.088,0.265,0.648
22000,0.076,0.279,0.646
22500,0.074,0.293,0.633
23000,0.064,0.297,0.638
23500,0.067,0.299,0.633
24000,0.068,0.288,0.644
24500,0.062,0.274,0.664
25000,0.057,0.261,0.681
25500,0.063,0.258,0.678
26000,0.060,0.273,0.667
26500,0.055,0.271,0.674
27000,0.058,0.269,0.673
27500,0.075,0.268,0.658
28000,0.077,0.269,0.655
28500,0.067,0.261,0.671
29000,0.062,0.259,0.678
29500,0.066,0.256,0.677
30000,0.053,0.258,0.688
30500,0.056,0.249,0.695
31000,0.061,0.256,0.682
31500,0.087,0.269,0.645
32000,0.086,0.264,0.651
32500,0.080,0.250,0.670
33000,0.076,0.234,0.691
33500,0.065,0.239,0.696
34000,0.070,0.233,0.697
34500,0.065,0.234,0.701
35000,0.066,0.225,0.709
35500,0.074,0.223,0.704
36000,0.078,0.216,0.707
36500,0.082,0.222,0.697
37000,0.077,0.233,0.691
37500,0.078,0.250,0.672
38000,0.073,0.242,0.685
38500,0.074,0.241,0.685
39000,0.067,0.247,0.685
39500,0.069,0.237,0.694
40000,0.073,0.224,0.704
40500,0.088,0.221,0.692
41000,0.102,0.216,0.682
41500,0.084,0.223,0.694
42000,0.078,0.218,0.705
42500,0.084,0.217,0.700
43000,0.073,0.222,0.706
43500,0.083,0.212,0.705
44000,0.078,0.224,0.699
44500,0.076,0.223,0.702
45000,0.076,0.208,0.716
45500,0.067,0.206,0.726
46000,0.073,0.202,0.725
46500,0.065,0.206,0.728
47000,0.072,0.202,0.726
47500,0.074,0.208,0.718
48000,0.064,0.219,0.717
48500,0.065,0.226,0.709
49000,0.063,0.211,0.725
49500,0.067,0.206,0.726
50000,0.091,0.208,0.701
50500,0.088,0.197,0.715
51000,0.077,0.207,0.716
51500,0.076,0.203,0.721
52000,0.074,0.222,0.705
52500,0.078,0.215,0.708
53000,0.073,0.227,0.701
53500,0.087,0.207,0.706
54000,0.076,0.199,0.725
54500,0.080,0.196,0.724
55000,0.074,0.197,0.729
55500,0.072,0.191,0.737
56000,0.069,0.187,0.744
56500,0.073,0.181,0.747
57000,0.069,0.206,0.724
57500,0.061,0.200,0.739
58000,0.061,0.199,0.740
58500,0.072,0.203,0.725
59000,0.081,0.191,0.728
59500,0.076,0.187,0.737
60000,0.088,0.188,0.724
60500,0.084,0.191,0.725
61000,0.084,0.187,0.729
61500,0.095,0.182,0.723
62000,0.088,0.188,0.724
62500,0.097,0.185,0.718
63000,0.101,0.182,0.717
63500,0.107,0.182,0.711
64000,0.099,0.176,0.725
64500,0.090,0.178,0.732
65000,0.090,0.176,0.734
65500,0.085,0.202,0.713
66000,0.095,0.194,0.711
66500,0.091,0.203,0.706
67000,0.085,0.190,0.725
67500,0.078,0.188,0.734
68000,0.080,0.191,0.729
68500,0.089,0.191,0.720
69000,0.100,0.177,0.723
69500,0.097,0.179,0.724
70000,0.082,0.173,0.746
70500,0.084,0.183,0.733
71000,0.095,0.179,0.726
71500,0.099,0.177,0.724
72000,0.097,0.179,0.724
72500,0.089,0.176,0.735
73000,0.083,0.190,0.727
73500,0.080,0.187,0.733
74000,0.078,0.180,0.743
74500,0.081,0.175,0.745
75000,0.075,0.186,0.740
75500,0.070,0.169,0.761
76000,0.069,0.182,0.749
76500,0.086,0.169,0.746
77000,0.077,0.169,0.755
77500,0.075,0.171,0.755
78000,0.075,0.165,0.760
78500,0.088,0.177,0.735
79000,0.095,0.164,0.741
79500,0.086,0.161,0.753
80000,0.074,0.165,0.761
80500,0.091,0.166,0.743
81000,0.086,0.159,0.755
81500,0.090,0.164,0.746
82000,0.081,0.183,0.736
82500,0.067,0.183,0.750
83000,0.073,0.180,0.748
83500,0.069,0.180,0.751
84000,0.066,0.169,0.765
84500,0.070,0.175,0.755
85000,0.073,0.182,0.746
85500,0.072,0.187,0.742
86000,0.063,0.190,0.747
86500,0.062,0.189,0.749
87000,0.077,0.178,0.746
87500,0.080,0.188,0.732
88000,0.089,0.175,0.736
88500,0.077,0.206,0.717
89000,0.088,0.207,0.705
89500,0.090,0.180,0.730
90000,0.089,0.169,0.743
90500,0.097,0.172,0.731
91000,0.100,0.160,0.740
91500,0.095,0.162,0.743
92000,0.092,0.157,0.751
92500,0.095,0.158,0.747
93000,0.084,0.161,0.755
93500,0.088,0.158,0.754
94000,0.085,0.151,0.764
94500,0.093,0.149,0.758
95000,0.101,0.157,0.742
95500,0.097,0.156,0.747
96000,0.090,0.152,0.758
96500,0.079,0.155,0.766
97000,0.069,0.161,0.769
97500,0.080,0.161,0.759
98000,0.080,0.157,0.763
98500,0.074,0.171,0.756
99000,0.076,0.176,0.749
99500,0.073,0.166,0.761
100000,0.072,0.155,0.773
100500,0.072,0.156,0.772
101000,0.088,0.152,0.760
101500,0.069,0.153,0.777
102000,0.090,0.161,0.749
102500,0.069,0.154,0.776
103000,0.074,0.156,0.770
103500,0.086,0.161,0.753
104000,0.091,0.153,0.756
104500,0.089,0.151,0.760
105000,0.076,0.147,0.777
105500,0.081,0.156,0.763
106000,0.078,0.170,0.753
106500,0.075,0.166,0.759
107000,0.078,0.166,0.756
107500,0.085,0.153,0.762
108000,0.082,0.160,0.758
108500,0.080,0.157,0.763
109000,0.073,0.160,0.767
109500,0.072,0.172,0.757
110000,0.067,0.154,0.778
110500,0.065,0.171,0.764
111000,0.072,0.162,0.766
111500,0.069,0.161,0.769
112000,0.065,0.153,0.781
112500,0.074,0.164,0.762
113000,0.078,0.192,0.730
113500,0.066,0.187,0.747
114000,0.072,0.184,0.745
114500,0.066,0.177,0.757
115000,0.065,0.166,0.768
115500,0.064,0.159,0.776
116000,0.061,0.160,0.778
116500,0.062,0.160,0.777
117000,0.065,0.155,0.779
117500,0.069,0.150,0.780
118000,0.069,0.144,0.787
118500,0.067,0.153,0.779
119000,0.064,0.144,0.792
119500,0.074,0.140,0.787
120000,0.065,0.144,0.791
120500,0.073,0.134,0.794
121000,0.068,0.144,0.788
121500,0.059,0.147,0.794
122000,0.055,0.139,0.806
122500,0.059,0.146,0.795
123000,0.053,0.146,0.801
123500,0.070,0.141,0.789
124000,0.064,0.147,0.789
124500,0.070,0.138,0.792
125000,0.070,0.138,0.792
125500,0.060,0.133,0.807
126000,0.055,0.133,0.812
126500,0.054,0.133,0.813
127000,0.064,0.129,0.807
127500,0.059,0.134,0.807
128000,0.070,0.144,0.785
128500,0.073,0.147,0.780
129000,0.070,0.146,0.783
129500,0.068,0.141,0.791
130000,0.063,0.136,0.801
130500,0.073,0.129,0.799
131000,0.073,0.137,0.791
131500,0.085,0.157,0.758
132000,0.088,0.139,0.773
132500,0.097,0.141,0.762
133000,0.082,0.136,0.782
133500,0.079,0.127,0.795
134000,0.074,0.141,0.785
134500,0.075,0.131,0.795
135000,0.079,0.127,0.795
135500,0.080,0.128,0.793
136000,0.085,0.136,0.779
136500,0.096,0.128,0.776
137000,0.078,0.129,0.794
137500,0.075,0.135,0.791
138000,0.075,0.141,0.784
138500,0.075,0.139,0.787
139000,0.067,0.145,0.788
139500,0.062,0.131,0.807
140000,0.068,0.128,0.804
140500,0.064,0.137,0.799
141000,0.056,0.148,0.796
141500,0.055,0.140,0.805
142000,0.061,0.141,0.798
142500,0.076,0.135,0.790
143000,0.066,0.135,0.799
143500,0.072,0.140,0.789
144000,0.096,0.140,0.764
144500,0.089,0.135,0.776
145000,0.080,0.140,0.780
145500,0.094,0.135,0.771
146000,0.105,0.138,0.757
146500,0.091,0.146,0.763
147000,0.101,0.133,0.766
147500,0.088,0.128,0.784
148000,0.082,0.130,0.789
148500,0.082,0.128,0.791
149000,0.080,0.123,0.798
149500,0.088,0.120,0.793
150000,0.095,0.112,0.793
150500,0.095,0.115,0.790
151000,0.090,0.116,0.794
151500,0.095,0.123,0.782
152000,0.086,0.122,0.793
152500,0.089,0.116,0.795
153000,0.075,0.113,0.812
153500,0.089,0.118,0.793
154000,0.106,0.115,0.778
154500,0.086,0.127,0.788
155000,0.081,0.132,0.788
155500,0.084,0.124,0.793
156000,0.074,0.123,0.804
156500,0.076,0.128,0.797
157000,0.077,0.125,0.799
157500,0.073,0.123,0.805
158000,0.074,0.126,0.801
158500,0.070,0.122,0.808
159000,0.070,0.118,0.811
159500,0.070,0.117,0.812
160000,0.077,0.125,0.799
160500,0.072,0.123,0.806
161000,0.089,0.115,0.796
161500,0.084,0.118,0.798
162000,0.083,0.116,0.801
162500,0.080,0.111,0.809
163000,0.064,0.111,0.824
163500,0.072,0.107,0.821
164000,0.068,0.114,0.817
164500,0.084,0.117,0.799
165000,0.083,0.125,0.793
165500,0.088,0.118,0.794
166000,0.084,0.113,0.803
166500,0.077,0.125,0.799
167000,0.070,0.125,0.805
167500,0.076,0.111,0.813
168000,0.075,0.112,0.813
168500,0.075,0.110,0.815
169000,0.074,0.127,0.800
169500,0.097,0.118,0.784
170000,0.092,0.126,0.782
170500,0.073,0.112,0.815
171000,0.085,0.103,0.812
171500,0.068,0.123,0.809
172000,0.078,0.122,0.801
172500,0.072,0.133,0.796
173000,0.074,0.126,0.801
173500,0.085,0.125,0.791
174000,0.077,0.131,0.793
174500,0.070,0.146,0.783
175000,0.073,0.129,0.799
175500,0.068,0.129,0.803
176000,0.078,0.127,0.796
176500,0.098,0.108,0.794
177000,0.110,0.102,0.788
177500,0.101,0.106,0.793
178000,0.084,0.109,0.807
178500,0.080,0.108,0.812
179000,0.100,0.101,0.799
179500,0.090,0.101,0.809
180000,0.092,0.115,0.793
180500,0.116,0.114,0.769
181000,0.086,0.104,0.810
181500,0.086,0.106,0.808
182000,0.089,0.107,0.804
182500,0.086,0.113,0.801
183000,0.088,0.115,0.797
183500,0.084,0.124,0.793
184000,0.082,0.148,0.770
184500,0.078,0.122,0.801
185000,0.075,0.126,0.800
185500,0.083,0.126,0.792
186000,0.079,0.131,0.791
186500,0.078,0.122,0.801
187000,0.080,0.117,0.803
187500,0.073,0.123,0.805
188000,0.073,0.117,0.810
188500,0.066,0.116,0.817
189000,0.061,0.136,0.803
189500,0.059,0.132,0.809
190000,0.054,0.127,0.819
190500,0.056,0.121,0.823
191000,0.063,0.108,0.828
191500,0.066,0.107,0.826
192000,0.082,0.118,0.800
192500,0.069,0.118,0.812
193000,0.061,0.113,0.825
193500,0.068,0.120,0.812
194000,0.065,0.136,0.799
194500,0.061,0.127,0.812
195000,0.064,0.136,0.800
195500,0.068,0.125,0.807
196000,0.063,0.128,0.809
196500,0.070,0.135,0.795
197000,0.072,0.120,0.809
197500,0.085,0.104,0.811
198000,0.086,0.112,0.802
198500,0.090,0.111,0.799
199000,0.086,0.105,0.809
199500,0.074,0.103,0.823
200000,0.064,0.108,0.827
200500,0.078,0.096,0.826
201000,0.074,0.107,0.819
201500,0.085,0.114,0.801
202000,0.084,0.112,0.804
202500,0.083,0.110,0.807
203000,0.088,0.105,0.807
203500,0.092,0.109,0.799
204000,0.094,0.101,0.805
204500,0.092,0.108,0.800
205000,0.081,0.109,0.810
205500,0.085,0.122,0.794
206000,0.084,0.116,0.800
206500,0.096,0.116,0.788
207000,0.087,0.121,0.793
207500,0.068,0.121,0.811
208000,0.072,0.123,0.806
208500,0.073,0.125,0.803
209000,0.081,0.117,0.802
209500,0.089,0.113,0.798
210000,0.084,0.110,0.806
210500,0.083,0.110,0.807
211000,0.085,0.114,0.801
211500,0.077,0.114,0.809
212000,0.073,0.121,0.807
212500,0.070,0.124,0.806
213000,0.069,0.122,0.809
213500,0.075,0.124,0.802
214000,0.078,0.128,0.795
214500,0.084,0.129,0.788
215000,0.082,0.141,0.777
215500,0.078,0.131,0.792
216000,0.087,0.116,0.797
216500,0.088,0.118,0.794
217000,0.090,0.115,0.795
217500,0.085,0.132,0.783
218000,0.086,0.124,0.791
218500,0.086,0.133,0.781
219000,0.094,0.131,0.775
219500,0.085,0.133,0.782
220000,0.101,0.120,0.779
220500,0.096,0.126,0.778
221000,0.093,0.117,0.790
221500,0.087,0.129,0.784
222000,0.083,0.125,0.793
222500,0.077,0.129,0.795
223000,0.101,0.116,0.782
223500,0.090,0.116,0.794
224000,0.086,0.109,0.805
224500,0.090,0.105,0.805
225000,0.092,0.106,0.802
225500,0.091,0.111,0.798
226000,0.076,0.111,0.813
226500,0.078,0.113,0.809
227000,0.086,0.114,0.800
227500,0.089,0.112,0.799
228000,0.089,0.108,0.803
228500,0.081,0.107,0.812
229000,0.088,0.102,0.810
229500,0.106,0.099,0.795
230000,0.098,0.098,0.804
230500,0.099,0.099,0.802
231000,0.088,0.113,0.799
231500,0.092,0.106,0.802
232000,0.095,0.110,0.795
232500,0.084,0.115,0.801
233000,0.065,0.114,0.820
233500,0.066,0.107,0.826
234000,0.079,0.101,0.820
234500,0.078,0.100,0.822
235000,0.094,0.115,0.791
235500,0.098,0.113,0.789
236000,0.084,0.116,0.800
236500,0.088,0.102,0.810
237000,0.096,0.103,0.801
237500,0.094,0.099,0.807
238000,0.085,0.105,0.810
238500,0.073,0.112,0.815
239000,0.100,0.107,0.793
239500,0.109,0.094,0.797
240000,0.107,0.102,0.791
240500,0.093,0.097,0.810
241000,0.093,0.107,0.800
241500,0.087,0.097,0.816
242000,0.081,0.102,0.817
242500,0.076,0.111,0.813
243000,0.082,0.113,0.805
243500,0.082,0.108,0.810
244000,0.074,0.127,0.800
244500,0.070,0.129,0.801
245000,0.077,0.124,0.800
245500,0.088,0.105,0.807
246000,0.077,0.104,0.819
246500,0.073,0.100,0.827
247000,0.087,0.100,0.813
247500,0.079,0.102,0.819
248000,0.080,0.101,0.819
248500,0.073,0.097,0.830
249000,0.084,0.098,0.818
249500,0.091,0.097,0.812
250000,0.096,0.099,0.805
250500,0.090,0.101,0.809
251000,0.083,0.111,0.806
251500,0.078,0.103,0.819
252000,0.085,0.116,0.799
252500,0.094,0.098,0.808
253000,0.089,0.098,0.813
253500,0.095,0.091,0.814
254000,0.087,0.111,0.802
254500,0.089,0.105,0.806
255000,0.084,0.102,0.814
255500,0.088,0.103,0.809
256000,0.089,0.102,0.809
256500,0.082,0.113,0.805
257000,0.073,0.101,0.826
257500,0.073,0.089,0.839
258000,0.070,0.093,0.837
258500,0.063,0.102,0.835
259000,0.082,0.093,0.825
259500,0.073,0.093,0.835
260000,0.066,0.095,0.839
260500,0.077,0.095,0.828
261000,0.069,0.098,0.832
261500,0.080,0.099,0.821
262000,0.070,0.108,0.821
262500,0.069,0.106,0.824
263000,0.066,0.097,0.837
263500,0.065,0.093,0.842
264000,0.083,0.085,0.832
264500,0.091,0.087,0.822
265000,0.084,0.089,0.827
265500,0.088,0.092,0.820
266000,0.080,0.097,0.823
266500,0.089,0.087,0.824
267000,0.094,0.086,0.820
267500,0.088,0.108,0.804
268000,0.088,0.099,0.813
268500,0.077,0.086,0.838
269000,0.065,0.092,0.843
269500,0.078,0.094,0.828
270000,0.092,0.100,0.808
270500,0.079,0.100,0.821
271000,0.082,0.101,0.817
271500,0.077,0.101,0.822
272000,0.079,0.092,0.829
272500,0.084,0.100,0.816
273000,0.091,0.100,0.809
273500,0.086,0.098,0.816
274000,0.084,0.095,0.821
274500,0.079,0.116,0.805
275000,0.102,0.103,0.795
275500,0.088,0.101,0.811
276000,0.082,0.103,0.815
276500,0.093,0.097,0.810
277000,0.084,0.101,0.815
277500,0.076,0.095,0.829
278000,0.081,0.100,0.819
278500,0.079,0.101,0.820
279000,0.092,0.102,0.806
279500,0.093,0.097,0.810
280000,0.094,0.091,0.815
280500,0.091,0.085,0.824
281000,0.092,0.091,0.817
281500,0.094,0.102,0.804
282000,0.095,0.111,0.794
282500,0.085,0.117,0.798
283000,0.085,0.111,0.804
283500,0.074,0.110,0.816
284000,0.083,0.106,0.811
284500,0.096,0.109,0.795
285000,0.096,0.097,0.807
285500,0.095,0.093,0.812
286000,0.097,0.095,0.808
286500,0.089,0.092,0.819
287000,0.094,0.093,0.813
287500,0.095,0.104,0.801
288000,0.085,0.098,0.817
288500,0.080,0.093,0.827
289000,0.087,0.097,0.816
289500,0.097,0.099,0.804
290000,0.083,0.092,0.825
290500,0.084,0.097,0.819
291000,0.077,0.101,0.822
291500,0.090,0.090,0.820
292000,0.091,0.102,0.807
292500,0.088,0.095,0.817
293000,0.083,0.102,0.815
293500,0.068,0.111,0.820
294000,0.092,0.109,0.799
294500,0.086,0.103,0.811
295000,0.083,0.104,0.813
295500,0.069,0.131,0.800
296000,0.084,0.116,0.800
296500,0.089,0.123,0.789
297000,0.091,0.120,0.790
297500,0.080,0.116,0.804
298000,0.074,0.113,0.813
298500,0.085,0.097,0.818
299000,0.074,0.102,0.824
299500,0.073,0.098,0.829
300000,0.068,0.100,0.831
300500,0.079,0.097,0.824
301000,0.073,0.111,0.816
301500,0.081,0.096,0.823
302000,0.077,0.086,0.838
302500,0.086,0.094,0.820
303000,0.085,0.097,0.818
303500,0.088,0.093,0.819
304000,0.079,0.099,0.822
304500,0.089,0.099,0.812
305000,0.085,0.099,0.816
305500,0.090,0.102,0.808
306000,0.087,0.111,0.802
306500,0.075,0.111,0.814
307000,0.065,0.103,0.831
307500,0.073,0.105,0.822
308000,0.090,0.100,0.810
308500,0.081,0.101,0.818
309000,0.086,0.097,0.817
309500,0.082,0.091,0.827
310000,0.078,0.094,0.828
310500,0.076,0.094,0.830
311000,0.075,0.090,0.836
311500,0.085,0.100,0.815
312000,0.082,0.090,0.828
312500,0.084,0.083,0.834
313000,0.073,0.082,0.846
313500,0.060,0.093,0.847
314000,0.066,0.090,0.844
314500,0.063,0.109,0.827
315000,0.066,0.096,0.838
315500,0.059,0.109,0.831
316000,0.082,0.094,0.824
316500,0.076,0.100,0.824
317000,0.078,0.092,0.830
317500,0.086,0.081,0.834
318000,0.082,0.077,0.842
318500,0.104,0.085,0.811
319000,0.084,0.093,0.823
319500,0.094,0.091,0.815
320000,0.082,0.097,0.821
320500,0.083,0.085,0.832
321000,0.096,0.094,0.810
321500,0.100,0.092,0.808
322000,0.096,0.099,0.805
322500,0.100,0.097,0.803
323000,0.093,0.098,0.809
323500,0.089,0.081,0.830
324000,0.087,0.086,0.827
324500,0.085,0.092,0.823
325000,0.092,0.080,0.828
325500,0.089,0.077,0.835
326000,0.089,0.070,0.841
326500,0.092,0.084,0.824
327000,0.095,0.088,0.817
327500,0.095,0.085,0.820
328000,0.104,0.094,0.802
328500,0.103,0.087,0.810
329000,0.085,0.099,0.816
329500,0.088,0.079,0.834
330000,0.092,0.080,0.828
330500,0.086,0.102,0.812
331000,0.089,0.093,0.818
331500,0.098,0.104,0.798
332000,0.094,0.099,0.807
332500,0.087,0.101,0.812
333000,0.084,0.099,0.817
333500,0.089,0.090,0.821
334000,0.093,0.093,0.814
334500,0.097,0.090,0.813
335000,0.097,0.094,0.809
335500,0.088,0.095,0.817
336000,0.089,0.081,0.830
336500,0.082,0.094,0.824
337000,0.075,0.094,0.831
337500,0.069,0.082,0.849
338000,0.072,0.084,0.845
338500,0.076,0.083,0.842
339000,0.078,0.083,0.840
339500,0.080,0.083,0.838
340000,0.075,0.106,0.819
340500,0.083,0.097,0.820
341000,0.075,0.092,0.834
341500,0.078,0.094,0.828
342000,0.072,0.088,0.841
342500,0.074,0.094,0.832
343000,0.074,0.086,0.841
343500,0.074,0.092,0.835
344000,0.073,0.079,0.849
344500,0.058,0.077,0.865
345000,0.064,0.073,0.863
345500,0.068,0.079,0.853
346000,0.073,0.075,0.853
346500,0.083,0.075,0.843
347000,0.083,0.109,0.808
347500,0.089,0.097,0.814
348000,0.087,0.091,0.822
348500,0.087,0.080,0.834
349000,0.090,0.076,0.835
349500,0.084,0.073,0.844
350000,0.090,0.082,0.828
350500,0.097,0.083,0.820
351000,0.095,0.088,0.817
351500,0.088,0.094,0.818
352000,0.094,0.084,0.822
352500,0.087,0.077,0.837
353000,0.083,0.076,0.842
353500,0.084,0.072,0.845
354000,0.076,0.076,0.849
354500,0.074,0.075,0.852
355000,0.084,0.072,0.845
355500,0.088,0.062,0.850
356000,0.081,0.065,0.854
356500,0.090,0.067,0.843
357000,0.098,0.068,0.834
357500,0.078,0.062,0.860
358000,0.084,0.056,0.860
358500,0.093,0.063,0.844
359000,0.083,0.062,0.855
359500,0.075,0.066,0.859
360000,0.091,0.061,0.848
360500,0.091,0.056,0.853
361000,0.092,0.063,0.845
361500,0.077,0.063,0.860
362000,0.070,0.073,0.857
362500,0.075,0.067,0.858
363000,0.075,0.070,0.855
363500,0.069,0.074,0.857
364000,0.064,0.096,0.840
364500,0.068,0.093,0.839
365000,0.076,0.092,0.832
365500,0.080,0.089,0.831
366000,0.069,0.090,0.841
366500,0.066,0.090,0.844
367000,0.058,0.090,0.852
367500,0.064,0.083,0.853
368000,0.066,0.088,0.846
368500,0.069,0.082,0.849
369000,0.077,0.077,0.847
369500,0.083,0.083,0.835
370000,0.084,0.096,0.820
370500,0.082,0.089,0.829
371000,0.082,0.086,0.832
371500,0.080,0.080,0.841
372000,0.088,0.076,0.837
372500,0.074,0.074,0.853
373000,0.083,0.072,0.846
373500,0.084,0.070,0.846
374000,0.074,0.070,0.856
374500,0.072,0.088,0.841
375000,0.074,0.085,0.842
375500,0.065,0.087,0.848
376000,0.067,0.080,0.853
376500,0.069,0.075,0.856
377000,0.068,0.078,0.854
377500,0.077,0.074,0.850
378000,0.076,0.080,0.845
378500,0.074,0.084,0.843
379000,0.080,0.105,0.815
379500,0.077,0.089,0.835
380000,0.067,0.092,0.841
380500,0.073,0.087,0.841
381000,0.088,0.075,0.838
381500,0.084,0.070,0.846
382000,0.065,0.076,0.859
382500,0.073,0.077,0.851
383000,0.085,0.067,0.848
383500,0.076,0.075,0.850
384000,0.082,0.073,0.846
384500,0.083,0.073,0.845
385000,0.082,0.061,0.857
385500,0.079,0.063,0.858
386000,0.077,0.069,0.854
386500,0.078,0.068,0.854
387000,0.087,0.065,0.848
387500,0.089,0.067,0.844
388000,0.086,0.063,0.851
388500,0.091,0.065,0.844
389000,0.099,0.070,0.830
389500,0.104,0.069,0.826
390000,0.100,0.069,0.830
390500,0.095,0.077,0.828
391000,0.075,0.088,0.838
391500,0.075,0.095,0.830
392000,0.079,0.085,0.837
392500,0.076,0.069,0.855
393000,0.080,0.063,0.857
393500,0.080,0.072,0.849
394000,0.076,0.073,0.852
394500,0.079,0.070,0.851
395000,0.083,0.078,0.840
395500,0.075,0.073,0.853
396000,0.072,0.070,0.858
396500,0.076,0.070,0.854
397000,0.077,0.068,0.855
397500,0.078,0.067,0.855
398000,0.077,0.066,0.857
398500,0.086,0.064,0.850
399000,0.073,0.066,0.861
399500,0.082,0.061,0.857
400000,0.078,0.068,0.854
400500,0.081,0.067,0.852
401000,0.083,0.063,0.854
401500,0.082,0.072,0.847
402000,0.080,0.070,0.850
402500,0.085,0.083,0.832
403000,0.076,0.087,0.838
403500,0.080,0.082,0.839
404000,0.091,0.081,0.828
404500,0.085,0.073,0.843
405000,0.086,0.067,0.847
405500,0.085,0.066,0.849
406000,0.098,0.077,0.825
406500,0.106,0.085,0.809
407000,0.098,0.065,0.837
407500,0.103,0.059,0.838
408000,0.094,0.057,0.849
408500,0.091,0.084,0.825
409000,0.083,0.088,0.829
409500,0.085,0.091,0.824
410000,0.089,0.089,0.822
410500,0.077,0.088,0.836
411000,0.081,0.100,0.819
411500,0.076,0.091,0.834
412000,0.080,0.091,0.829
412500,0.075,0.085,0.841
413000,0.066,0.099,0.835
413500,0.073,0.079,0.849
414000,0.072,0.081,0.848
414500,0.082,0.080,0.839
415000,0.086,0.075,0.840
415500,0.095,0.072,0.834
416000,0.085,0.073,0.843
416500,0.086,0.072,0.843
417000,0.092,0.070,0.838
417500,0.085,0.064,0.851
418000,0.076,0.085,0.840
418500,0.090,0.077,0.834
419000,0.086,0.065,0.849
419500,0.099,0.062,0.839
420000,0.092,0.066,0.842
420500,0.087,0.066,0.847
421000,0.081,0.072,0.848
421500,0.075,0.067,0.858
422000,0.078,0.069,0.853
422500,0.086,0.065,0.849
423000,0.087,0.060,0.853
423500,0.079,0.066,0.855
424000,0.080,0.064,0.856
424500,0.084,0.060,0.856
425000,0.073,0.069,0.858
425500,0.066,0.066,0.867
426000,0.078,0.069,0.853
426500,0.080,0.077,0.844
427000,0.093,0.076,0.831
427500,0.091,0.069,0.840
428000,0.077,0.074,0.850
428500,0.103,0.074,0.823
429000,0.096,0.067,0.837
429500,0.091,0.067,0.842
430000,0.090,0.081,0.829
430500,0.081,0.077,0.843
431000,0.082,0.067,0.851
431500,0.092,0.058,0.850
432000,0.079,0.084,0.838
432500,0.069,0.068,0.862
433000,0.077,0.062,0.861
433500,0.079,0.061,0.860
434000,0.072,0.057,0.871
434500,0.064,0.050,0.886
435000,0.074,0.051,0.875
435500,0.074,0.076,0.851
436000,0.066,0.075,0.859
436500,0.068,0.080,0.852
437000,0.065,0.073,0.862
437500,0.072,0.070,0.858
438000,0.087,0.066,0.847
438500,0.068,0.061,0.870
439000,0.077,0.067,0.856
439500,0.090,0.069,0.841
440000,0.081,0.069,0.850
440500,0.084,0.072,0.845
441000,0.069,0.064,0.866
441500,0.078,0.068,0.854
442000,0.076,0.066,0.858
442500,0.091,0.075,0.835
443000,0.076,0.061,0.863
443500,0.066,0.059,0.874
444000,0.072,0.070,0.858
444500,0.067,0.084,0.849
445000,0.066,0.079,0.855
445500,0.076,0.068,0.856
446000,0.068,0.064,0.867
446500,0.078,0.062,0.860
447000,0.083,0.074,0.844
447500,0.073,0.081,0.847
448000,0.066,0.067,0.866
448500,0.067,0.062,0.870
449000,0.074,0.060,0.866
449500,0.086,0.063,0.851
450000,0.076,0.069,0.855
450500,0.081,0.068,0.851
451000,0.077,0.093,0.830
451500,0.084,0.096,0.820
452000,0.075,0.094,0.831
452500,0.067,0.087,0.846
453000,0.073,0.079,0.849
453500,0.083,0.077,0.841
454000,0.076,0.070,0.854
454500,0.076,0.072,0.853
455000,0.079,0.073,0.849
455500,0.074,0.082,0.845
456000,0.085,0.074,0.842
456500,0.088,0.070,0.842
457000,0.062,0.090,0.848
457500,0.069,0.089,0.842
458000,0.064,0.083,0.853
458500,0.068,0.078,0.854
459000,0.069,0.082,0.849
459500,0.075,0.074,0.852
460000,0.070,0.086,0.844
460500,0.073,0.086,0.842
461000,0.070,0.081,0.849
461500,0.084,0.083,0.834
462000,0.089,0.067,0.844
462500,0.094,0.066,0.840
463000,0.094,0.063,0.843
463500,0.092,0.078,0.830
464000,0.074,0.073,0.854
464500,0.086,0.072,0.843
465000,0.083,0.070,0.847
465500,0.074,0.086,0.841
466000,0.074,0.069,0.857
466500,0.072,0.076,0.853
467000,0.101,0.075,0.824
467500,0.082,0.076,0.843
468000,0.100,0.072,0.828
468500,0.092,0.079,0.829
469000,0.086,0.069,0.845
469500,0.085,0.088,0.827
470000,0.081,0.074,0.846
470500,0.080,0.073,0.848
471000,0.077,0.074,0.850
471500,0.105,0.082,0.813
472000,0.096,0.080,0.824
472500,0.099,0.077,0.824
473000,0.087,0.075,0.839
473500,0.084,0.067,0.849
474000,0.087,0.081,0.832
474500,0.098,0.076,0.826
475000,0.084,0.077,0.840
475500,0.076,0.079,0.846
476000,0.078,0.083,0.840
476500,0.074,0.083,0.844
477000,0.086,0.075,0.840
477500,0.094,0.078,0.828
478000,0.087,0.069,0.844
478500,0.084,0.074,0.843
479000,0.081,0.067,0.852
479500,0.068,0.070,0.861
480000,0.085,0.062,0.853
480500,0.084,0.064,0.852
481000,0.087,0.064,0.849
481500,0.083,0.067,0.850
482000,0.082,0.063,0.855
482500,0.072,0.058,0.870
483000,0.088,0.065,0.847
483500,0.088,0.073,0.840
484000,0.088,0.077,0.836
484500,0.085,0.073,0.843
485000,0.092,0.072,0.837
485500,0.086,0.075,0.840
486000,0.086,0.063,0.851
486500,0.079,0.064,0.857
487000,0.076,0.059,0.865
487500,0.076,0.056,0.868
488000,0.083,0.063,0.854
488500,0.074,0.068,0.858
489000,0.072,0.067,0.861
489500,0.078,0.061,0.861
490000,0.082,0.080,0.839
490500,0.081,0.076,0.844
491000,0.072,0.076,0.853
491500,0.074,0.083,0.844
492000,0.080,0.075,0.846
492500,0.073,0.068,0.859
493000,0.080,0.063,0.857
493500,0.075,0.074,0.852
494000,0.077,0.070,0.853
494500,0.085,0.078,0.838
495000,0.079,0.072,0.850
495500,0.075,0.073,0.853
496000,0.085,0.069,0.846
496500,0.089,0.069,0.842
497000,0.088,0.063,0.849
497500,0.088,0.067,0.845
498000,0.090,0.081,0.829
498500,0.082,0.069,0.849
499000,0.091,0.069,0.840
499500,0.091,0.082,0.827
500000,0.085,0.082,0.834
500500,0.077,0.063,0.860
501000,0.084,0.067,0.849
501500,0.082,0.076,0.843
502000,0.084,0.068,0.848
502500,0.098,0.087,0.815
503000,0.105,0.082,0.813
503500,0.101,0.079,0.820
504000,0.104,0.073,0.823
504500,0.087,0.083,0.830
505000,0.086,0.076,0.839
505500,0.097,0.070,0.832
506000,0.082,0.075,0.844
506500,0.076,0.074,0.851
507000,0.078,0.080,0.843
507500,0.073,0.086,0.842
508000,0.070,0.077,0.853
508500,0.070,0.075,0.855
509000,0.075,0.076,0.850
509500,0.082,0.073,0.846
510000,0.066,0.078,0.856
510500,0.065,0.066,0.868
511000,0.073,0.070,0.857
511500,0.080,0.078,0.843
512000,0.066,0.077,0.857
512500,0.067,0.084,0.849
513000,0.073,0.075,0.853
513500,0.069,0.081,0.850
514000,0.068,0.078,0.854
514500,0.065,0.077,0.858
515000,0.070,0.078,0.852
515500,0.074,0.079,0.848
516000,0.072,0.078,0.851
516500,0.076,0.074,0.851
517000,0.087,0.072,0.842
517500,0.095,0.065,0.840
518000,0.090,0.065,0.845
518500,0.099,0.057,0.844
519000,0.095,0.057,0.848
519500,0.089,0.051,0.860
520000,0.086,0.055,0.859
520500,0.084,0.060,0.856
521000,0.094,0.054,0.852
521500,0.094,0.055,0.851
522000,0.081,0.056,0.863
522500,0.079,0.066,0.855
523000,0.078,0.077,0.846
523500,0.076,0.076,0.849
524000,0.081,0.099,0.820
524500,0.074,0.097,0.829
525000,0.075,0.085,0.841
525500,0.070,0.077,0.853
526000,0.079,0.079,0.843
526500,0.083,0.079,0.839
527000,0.074,0.074,0.853
527500,0.087,0.070,0.843
528000,0.095,0.066,0.839
528500,0.081,0.062,0.857
529000,0.079,0.065,0.856
529500,0.083,0.075,0.843
530000,0.102,0.067,0.830
530500,0.100,0.085,0.815
531000,0.095,0.078,0.827
531500,0.094,0.064,0.842
532000,0.094,0.066,0.840
532500,0.097,0.068,0.835
533000,0.105,0.075,0.820
533500,0.090,0.070,0.840
534000,0.095,0.073,0.832
534500,0.092,0.073,0.836
535000,0.087,0.091,0.822
535500,0.099,0.098,0.803
536000,0.101,0.088,0.811
536500,0.093,0.085,0.822
537000,0.095,0.081,0.824
537500,0.100,0.079,0.821
538000,0.106,0.074,0.820
538500,0.099,0.067,0.834
539000,0.108,0.077,0.815
539500,0.097,0.079,0.824
540000,0.101,0.078,0.821
540500,0.115,0.072,0.813
541000,0.109,0.072,0.819
541500,0.093,0.069,0.838
542000,0.087,0.072,0.842
542500,0.087,0.068,0.845
543000,0.089,0.068,0.843
543500,0.082,0.068,0.850
544000,0.079,0.057,0.864
544500,0.089,0.060,0.851
545000,0.097,0.054,0.849
545500,0.095,0.067,0.838
546000,0.101,0.052,0.847
546500,0.093,0.070,0.837
547000,0.086,0.080,0.835
547500,0.095,0.075,0.830
548000,0.096,0.067,0.837
548500,0.098,0.064,0.838
549000,0.099,0.058,0.843
549500,0.093,0.073,0.835
550000,0.089,0.082,0.829
550500,0.102,0.089,0.809
551000,0.085,0.088,0.827
551500,0.081,0.084,0.836
552000,0.082,0.068,0.850
552500,0.088,0.066,0.846
553000,0.088,0.066,0.846
553500,0.092,0.062,0.846
554000,0.087,0.060,0.853
554500,0.095,0.066,0.839
555000,0.084,0.067,0.849
555500,0.085,0.066,0.849
556000,0.109,0.069,0.821
556500,0.106,0.069,0.824
557000,0.118,0.064,0.817
557500,0.108,0.069,0.822
558000,0.097,0.062,0.841
558500,0.100,0.066,0.834
559000,0.098,0.060,0.842
559500,0.110,0.073,0.817
560000,0.106,0.068,0.825
560500,0.097,0.069,0.834
561000,0.088,0.078,0.835
561500,0.085,0.076,0.840
562000,0.087,0.067,0.846
562500,0.082,0.066,0.852
563000,0.082,0.063,0.855
563500,0.088,0.060,0.852
564000,0.110,0.070,0.819
564500,0.087,0.073,0.841
565000,0.085,0.075,0.841
565500,0.092,0.068,0.840
566000,0.103,0.079,0.818
566500,0.104,0.072,0.824
567000,0.101,0.068,0.830
567500,0.104,0.067,0.828
568000,0.086,0.058,0.856
568500,0.091,0.070,0.839
569000,0.090,0.074,0.837
569500,0.094,0.065,0.841
570000,0.086,0.064,0.850
570500,0.080,0.075,0.846
571000,0.081,0.075,0.845
571500,0.082,0.083,0.836
572000,0.077,0.073,0.851
572500,0.080,0.076,0.845
573000,0.084,0.068,0.848
573500,0.079,0.073,0.849
574000,0.085,0.060,0.855
574500,0.086,0.061,0.853
575000,0.086,0.058,0.856
575500,0.083,0.073,0.845
576000,0.092,0.078,0.830
576500,0.079,0.066,0.855
577000,0.081,0.061,0.858
577500,0.080,0.075,0.846
578000,0.088,0.060,0.852
578500,0.089,0.059,0.852
579000,0.084,0.065,0.851
579500,0.091,0.067,0.842
580000,0.088,0.060,0.852
580500,0.091,0.056,0.853
581000,0.086,0.057,0.857
581500,0.099,0.059,0.842
582000,0.090,0.064,0.846
582500,0.090,0.062,0.848
583000,0.079,0.070,0.851
583500,0.095,0.053,0.852
584000,0.097,0.059,0.844
584500,0.089,0.074,0.838
585000,0.102,0.070,0.827
585500,0.100,0.054,0.846
586000,0.106,0.069,0.824
586500,0.110,0.058,0.831
587000,0.113,0.061,0.825
587500,0.132,0.068,0.800
588000,0.109,0.069,0.821
588500,0.098,0.058,0.844
589000,0.089,0.066,0.845
589500,0.080,0.061,0.859
590000,0.092,0.067,0.841
590500,0.096,0.065,0.839
591000,0.086,0.067,0.847
591500,0.094,0.066,0.840
592000,0.091,0.080,0.829
592500,0.085,0.082,0.834
593000,0.083,0.077,0.841
593500,0.095,0.088,0.817
594000,0.100,0.080,0.820
594500,0.096,0.072,0.832
595000,0.089,0.081,0.830
595500,0.082,0.082,0.837
596000,0.083,0.070,0.847
596500,0.075,0.082,0.844
597000,0.075,0.082,0.844
597500,0.084,0.083,0.834
598000,0.079,0.082,0.840
598500,0.093,0.084,0.823
599000,0.090,0.084,0.826
599500,0.091,0.088,0.821
600000,0.081,0.101,0.818
600500,0.082,0.093,0.825
601000,0.080,0.088,0.832
601500,0.070,0.091,0.839
602000,0.077,0.097,0.826
602500,0.078,0.093,0.829
603000,0.106,0.088,0.806
603500,0.100,0.074,0.826
604000,0.108,0.081,0.811
604500,0.094,0.080,0.826
605000,0.092,0.088,0.820
605500,0.080,0.083,0.838
606000,0.091,0.074,0.836
606500,0.091,0.081,0.828
607000,0.089,0.093,0.818
607500,0.088,0.089,0.823
608000,0.088,0.083,0.829
608500,0.112,0.080,0.808
609000,0.115,0.090,0.795
609500,0.109,0.086,0.805
610000,0.107,0.092,0.801
610500,0.096,0.072,0.832
611000,0.093,0.082,0.825
611500,0.094,0.069,0.837
612000,0.087,0.074,0.840
612500,0.093,0.075,0.832
613000,0.098,0.070,0.831
613500,0.098,0.070,0.831
614000,0.099,0.072,0.829
614500,0.093,0.076,0.831
615000,0.086,0.101,0.813
615500,0.083,0.091,0.826
616000,0.086,0.088,0.826
616500,0.079,0.087,0.835
617000,0.092,0.094,0.814
617500,0.101,0.085,0.814
618000,0.101,0.072,0.827
618500,0.098,0.080,0.822
619000,0.091,0.080,0.829
619500,0.090,0.077,0.834
620000,0.088,0.094,0.818
620500,0.086,0.088,0.826
621000,0.096,0.078,0.826
621500,0.105,0.076,0.819
622000,0.091,0.077,0.832
622500,0.094,0.079,0.827
623000,0.097,0.074,0.829
623500,0.096,0.074,0.830
624000,0.085,0.077,0.839
624500,0.083,0.067,0.850
625000,0.093,0.067,0.840
625500,0.092,0.081,0.827
626000,0.097,0.068,0.835
626500,0.098,0.063,0.839
627000,0.086,0.072,0.843
627500,0.085,0.075,0.841
628000,0.081,0.082,0.838
628500,0.085,0.075,0.841
629000,0.084,0.065,0.851
629500,0.093,0.062,0.845
630000,0.090,0.068,0.842
630500,0.086,0.069,0.845
631000,0.087,0.082,0.831
631500,0.100,0.091,0.809
632000,0.095,0.083,0.822
632500,0.080,0.093,0.827
633000,0.077,0.086,0.838
633500,0.085,0.088,0.827
634000,0.086,0.074,0.841
634500,0.086,0.073,0.842
635000,0.083,0.072,0.846
635500,0.087,0.083,0.830
636000,0.088,0.084,0.828
636500,0.074,0.068,0.858
637000,0.070,0.087,0.843
637500,0.067,0.082,0.851
638000,0.070,0.089,0.841
638500,0.068,0.081,0.851
639000,0.070,0.070,0.859
639500,0.080,0.066,0.854
640000,0.084,0.061,0.855
640500,0.084,0.059,0.857
641000,0.079,0.078,0.844
641500,0.077,0.076,0.848
642000,0.069,0.079,0.852
642500,0.069,0.069,0.861
643000,0.088,0.073,0.840
643500,0.081,0.078,0.842
644000,0.110,0.077,0.813
644500,0.108,0.079,0.813
645000,0.081,0.088,0.831
645500,0.087,0.076,0.838
646000,0.077,0.068,0.855
646500,0.083,0.070,0.847
647000,0.076,0.069,0.855
647500,0.067,0.091,0.842
648000,0.067,0.099,0.834
648500,0.079,0.091,0.830
649000,0.070,0.091,0.839
649500,0.074,0.106,0.820
650000,0.085,0.097,0.818
650500,0.104,0.090,0.806
651000,0.092,0.094,0.814
651500,0.077,0.081,0.843
652000,0.073,0.070,0.857
652500,0.073,0.079,0.849
653000,0.074,0.085,0.842
653500,0.075,0.096,0.829
654000,0.070,0.094,0.836
654500,0.083,0.087,0.830
655000,0.080,0.093,0.827
655500,0.069,0.091,0.840
656000,0.074,0.081,0.846
656500,0.067,0.081,0.852
657000,0.083,0.068,0.849
657500,0.086,0.080,0.835
658000,0.081,0.075,0.845
658500,0.088,0.066,0.846
659000,0.074,0.067,0.859
659500,0.079,0.072,0.850
660000,0.079,0.062,0.859
660500,0.079,0.076,0.846
661000,0.078,0.058,0.864
661500,0.083,0.062,0.855
662000,0.090,0.058,0.852
662500,0.097,0.061,0.842
663000,0.091,0.070,0.839
663500,0.098,0.072,0.830
664000,0.082,0.066,0.852
664500,0.078,0.070,0.852
665000,0.076,0.074,0.851
665500,0.082,0.076,0.843
666000,0.085,0.061,0.854
666500,0.089,0.064,0.847
667000,0.086,0.069,0.845
667500,0.084,0.069,0.847
668000,0.088,0.066,0.846
668500,0.087,0.065,0.848
669000,0.096,0.070,0.834
669500,0.087,0.079,0.835
670000,0.084,0.064,0.852
670500,0.083,0.065,0.852
671000,0.070,0.072,0.858
671500,0.086,0.068,0.846
672000,0.086,0.061,0.853
672500,0.096,0.064,0.840
673000,0.098,0.063,0.839
673500,0.094,0.070,0.836
674000,0.095,0.072,0.834
674500,0.088,0.069,0.843
675000,0.088,0.072,0.841
675500,0.087,0.075,0.839
676000,0.076,0.076,0.849
676500,0.081,0.080,0.840
677000,0.080,0.067,0.853
677500,0.089,0.062,0.849
678000,0.090,0.065,0.845
678500,0.097,0.062,0.841
679000,0.095,0.058,0.847
679500,0.085,0.060,0.855
680000,0.086,0.063,0.851
680500,0.083,0.061,0.856
681000,0.116,0.065,0.818
681500,0.102,0.065,0.832
682000,0.099,0.068,0.832
682500,0.109,0.070,0.820
683000,0.102,0.073,0.825
683500,0.128,0.073,0.800
684000,0.124,0.069,0.807
684500,0.117,0.070,0.812
685000,0.120,0.074,0.807
685500,0.112,0.070,0.817
686000,0.099,0.068,0.832
686500,0.091,0.062,0.847
687000,0.098,0.062,0.840
687500,0.094,0.064,0.842
688000,0.090,0.064,0.846
688500,0.080,0.077,0.844
689000,0.093,0.097,0.810
689500,0.101,0.083,0.816
690000,0.094,0.074,0.832
690500,0.097,0.070,0.832
691000,0.089,0.064,0.847
691500,0.088,0.072,0.841
692000,0.083,0.073,0.845
692500,0.072,0.063,0.865
693000,0.078,0.069,0.853
693500,0.092,0.056,0.852
694000,0.084,0.056,0.860
694500,0.075,0.060,0.865
695000,0.086,0.062,0.852
695500,0.076,0.066,0.858
696000,0.090,0.060,0.850
696500,0.085,0.059,0.856
697000,0.091,0.061,0.848
697500,0.085,0.061,0.854
698000,0.091,0.065,0.844
698500,0.087,0.057,0.856
699000,0.085,0.061,0.854
699500,0.085,0.060,0.855
700000,0.081,0.058,0.861
700500,0.083,0.060,0.857
701000,0.087,0.055,0.858
701500,0.074,0.054,0.872
702000,0.077,0.052,0.871
702500,0.079,0.069,0.852
703000,0.075,0.068,0.857
703500,0.082,0.065,0.853
704000,0.086,0.058,0.856
704500,0.097,0.078,0.825
705000,0.093,0.066,0.841
705500,0.083,0.075,0.843
706000,0.100,0.077,0.823
706500,0.103,0.070,0.826
707000,0.108,0.063,0.828
707500,0.081,0.066,0.853
708000,0.080,0.060,0.860
708500,0.077,0.062,0.861
709000,0.090,0.068,0.842
709500,0.089,0.084,0.827
710000,0.089,0.080,0.831
710500,0.082,0.099,0.819
711000,0.088,0.123,0.790
711500,0.092,0.091,0.817
712000,0.082,0.093,0.825
712500,0.075,0.090,0.836
713000,0.079,0.087,0.835
713500,0.091,0.080,0.829
714000,0.091,0.082,0.827
714500,0.095,0.079,0.826
715000,0.091,0.085,0.824
715500,0.079,0.075,0.847
716000,0.074,0.081,0.846
716500,0.087,0.067,0.846
717000,0.086,0.069,0.845
717500,0.081,0.080,0.840
718000,0.076,0.074,0.851
718500,0.079,0.075,0.847
719000,0.078,0.063,0.859
719500,0.073,0.067,0.860
720000,0.102,0.078,0.820
720500,0.100,0.069,0.830
721000,0.083,0.079,0.839
721500,0.091,0.079,0.830
722000,0.082,0.078,0.841
722500,0.084,0.080,0.837
723000,0.107,0.079,0.814
723500,0.092,0.065,0.843
724000,0.078,0.088,0.835
724500,0.077,0.067,0.856
725000,0.082,0.084,0.835
725500,0.081,0.069,0.850
726000,0.087,0.065,0.848
726500,0.111,0.068,0.820
727000,0.102,0.058,0.840
727500,0.097,0.065,0.838
728000,0.090,0.060,0.850
728500,0.093,0.053,0.854
729000,0.105,0.058,0.837
729500,0.104,0.053,0.843
730000,0.095,0.051,0.854
730500,0.109,0.052,0.839
731000,0.103,0.050,0.847
731500,0.107,0.055,0.838
732000,0.104,0.050,0.846
732500,0.103,0.053,0.844
733000,0.097,0.059,0.844
733500,0.096,0.060,0.844
734000,0.100,0.085,0.815
734500,0.094,0.083,0.823
735000,0.095,0.068,0.837
735500,0.096,0.080,0.824
736000,0.088,0.084,0.828
736500,0.079,0.082,0.840
737000,0.069,0.072,0.859
737500,0.064,0.068,0.867
738000,0.091,0.067,0.842
738500,0.090,0.064,0.846
739000,0.094,0.067,0.839
739500,0.079,0.070,0.851
740000,0.084,0.069,0.847
740500,0.086,0.069,0.845
741000,0.077,0.066,0.857
741500,0.085,0.058,0.857
742000,0.074,0.058,0.868
742500,0.087,0.052,0.861
743000,0.090,0.059,0.851
743500,0.079,0.064,0.857
744000,0.078,0.063,0.859
744500,0.077,0.065,0.858
745000,0.089,0.073,0.839
745500,0.092,0.064,0.844
746000,0.087,0.061,0.852
746500,0.096,0.064,0.840
747000,0.077,0.060,0.863
747500,0.075,0.057,0.868
748000,0.077,0.052,0.871
748500,0.089,0.053,0.858
749000,0.081,0.062,0.857
749500,0.075,0.058,0.867
750000,0.075,0.065,0.860
750500,0.077,0.058,0.865
751000,0.076,0.082,0.843
751500,0.081,0.068,0.851
752000,0.080,0.073,0.848
752500,0.075,0.074,0.852
753000,0.074,0.068,0.858
753500,0.067,0.064,0.868
754000,0.065,0.075,0.860
754500,0.070,0.068,0.861
755000,0.079,0.072,0.850
755500,0.066,0.055,0.878
756000,0.068,0.076,0.856
756500,0.063,0.069,0.867
757000,0.068,0.085,0.847
757500,0.083,0.093,0.824
758000,0.074,0.065,0.861
758500,0.072,0.065,0.863
759000,0.079,0.067,0.854
759500,0.074,0.065,0.861
760000,0.069,0.055,0.875
760500,0.073,0.062,0.865
761000,0.078,0.069,0.853
761500,0.068,0.060,0.871
762000,0.072,0.063,0.865
762500,0.077,0.067,0.856
763000,0.087,0.074,0.840
763500,0.092,0.092,0.816
764000,0.083,0.087,0.830
764500,0.080,0.092,0.828
765000,0.086,0.086,0.828
765500,0.075,0.072,0.854
766000,0.066,0.065,0.868
766500,0.075,0.064,0.861
767000,0.077,0.063,0.860
767500,0.104,0.062,0.834
768000,0.095,0.056,0.849
768500,0.099,0.065,0.836
769000,0.089,0.062,0.849
769500,0.088,0.056,0.856
770000,0.079,0.052,0.869
770500,0.076,0.052,0.872
771000,0.096,0.058,0.846
771500,0.093,0.062,0.845
772000,0.092,0.061,0.847
772500,0.087,0.056,0.857
773000,0.089,0.060,0.851
773500,0.089,0.058,0.853
774000,0.085,0.060,0.855
774500,0.083,0.060,0.857
775000,0.097,0.058,0.845
775500,0.108,0.054,0.838
776000,0.109,0.051,0.840
776500,0.094,0.058,0.848
777000,0.096,0.061,0.843
777500,0.086,0.054,0.860
778000,0.087,0.049,0.864
778500,0.087,0.048,0.865
779000,0.081,0.053,0.866
779500,0.075,0.055,0.870
780000,0.078,0.052,0.870
780500,0.082,0.048,0.870
781000,0.090,0.064,0.846
781500,0.089,0.065,0.846
782000,0.082,0.069,0.849
782500,0.086,0.069,0.845
783000,0.084,0.061,0.855
783500,0.089,0.072,0.840
784000,0.094,0.063,0.843
784500,0.081,0.072,0.848
785000,0.088,0.077,0.836
785500,0.090,0.072,0.839
786000,0.090,0.065,0.845
786500,0.096,0.060,0.844
787000,0.078,0.064,0.858
787500,0.079,0.066,0.855
788000,0.087,0.057,0.856
788500,0.098,0.058,0.844
789000,0.093,0.054,0.853
789500,0.091,0.064,0.845
790000,0.097,0.056,0.847
790500,0.093,0.061,0.846
791000,0.091,0.062,0.847
791500,0.094,0.054,0.852
792000,0.104,0.059,0.837
792500,0.111,0.056,0.832
793000,0.114,0.053,0.832
793500,0.102,0.057,0.841
794000,0.103,0.050,0.847
794500,0.110,0.051,0.839
795000,0.099,0.056,0.845
795500,0.091,0.058,0.851
796000,0.094,0.053,0.853
796500,0.094,0.055,0.851
797000,0.093,0.085,0.822
797500,0.088,0.075,0.838
798000,0.075,0.081,0.845
798500,0.076,0.074,0.851
799000,0.084,0.068,0.848
799500,0.087,0.072,0.842
800000,0.084,0.075,0.842
800500,0.085,0.075,0.841
801000,0.083,0.074,0.844
801500,0.083,0.068,0.849
802000,0.085,0.090,0.825
802500,0.096,0.091,0.813
803000,0.099,0.085,0.816
803500,0.095,0.079,0.826
