time,n_A+p,n_B,n_AB
100,0.030,0.965,0.005
200,0.043,0.917,0.040
300,0.057,0.911,0.032
400,0.058,0.913,0.029
500,0.075,0.903,0.022
600,0.073,0.896,0.032
700,0.073,0.888,0.040
800,0.069,0.888,0.043
900,0.069,0.889,0.042
1000,0.070,0.884,0.046
1100,0.060,0.898,0.042
1200,0.065,0.901,0.034
1300,0.070,0.891,0.039
1400,0.073,0.880,0.047
1500,0.075,0.878,0.047
1600,0.067,0.884,0.049
1700,0.064,0.886,0.050
1800,0.060,0.888,0.052
1900,0.058,0.888,0.054
2000,0.061,0.890,0.049
2100,0.058,0.889,0.053
2200,0.079,0.870,0.051
2300,0.068,0.878,0.053
2400,0.067,0.880,0.052
2500,0.067,0.879,0.053
2600,0.079,0.877,0.044
2700,0.079,0.873,0.048
2800,0.081,0.872,0.047
2900,0.076,0.875,0.049
3000,0.074,0.868,0.058
3100,0.072,0.873,0.055
3200,0.068,0.873,0.058
3300,0.067,0.874,0.058
3400,0.065,0.882,0.053
3500,0.066,0.878,0.055
3600,0.073,0.870,0.057
3700,0.069,0.883,0.048
3800,0.072,0.874,0.054
3900,0.083,0.867,0.050
4000,0.082,0.871,0.047
4100,0.080,0.869,0.051
4200,0.081,0.867,0.052
4300,0.080,0.855,0.065
4400,0.078,0.857,0.065
4500,0.077,0.853,0.070
4600,0.082,0.853,0.065
4700,0.077,0.852,0.072
4800,0.074,0.855,0.072
4900,0.068,0.854,0.078
5000,0.070,0.856,0.074
5100,0.078,0.853,0.069
5200,0.077,0.856,0.067
5300,0.077,0.852,0.072
5400,0.080,0.856,0.064
5500,0.081,0.855,0.064
5600,0.081,0.854,0.065
5700,0.082,0.856,0.062
5800,0.080,0.859,0.061
5900,0.077,0.855,0.068
6000,0.075,0.851,0.075
6100,0.073,0.857,0.070
6200,0.068,0.864,0.067
6300,0.059,0.866,0.075
6400,0.060,0.871,0.068
6500,0.072,0.857,0.072
6600,0.064,0.862,0.074
6700,0.064,0.860,0.076
6800,0.063,0.866,0.070
6900,0.067,0.858,0.075
7000,0.072,0.857,0.072
7100,0.067,0.862,0.070
7200,0.081,0.850,0.069
7300,0.079,0.846,0.076
7400,0.079,0.831,0.090
7500,0.068,0.840,0.092
7600,0.092,0.814,0.094
7700,0.090,0.817,0.093
7800,0.084,0.818,0.098
7900,0.087,0.819,0.094
8000,0.083,0.829,0.088
8100,0.101,0.812,0.087
8200,0.102,0.806,0.092
8300,0.101,0.806,0.093
8400,0.104,0.806,0.090
8500,0.104,0.806,0.090
8600,0.105,0.807,0.088
8700,0.091,0.820,0.089
8800,0.100,0.816,0.084
8900,0.106,0.808,0.086
9000,0.102,0.801,0.097
9100,0.105,0.804,0.091
9200,0.103,0.801,0.096
9300,0.097,0.805,0.098
9400,0.097,0.795,0.108
9500,0.093,0.798,0.109
9600,0.091,0.800,0.109
9700,0.105,0.792,0.103
9800,0.124,0.756,0.121
9900,0.118,0.748,0.134
10000,0.120,0.744,0.137
10100,0.115,0.750,0.135
10200,0.114,0.761,0.125
10300,0.126,0.751,0.124
10400,0.121,0.756,0.124
10500,0.116,0.744,0.140
10600,0.112,0.749,0.139
10700,0.146,0.741,0.113
10800,0.150,0.736,0.113
10900,0.159,0.720,0.121
11000,0.148,0.723,0.129
11100,0.150,0.724,0.126
11200,0.181,0.698,0.122
11300,0.182,0.701,0.117
11400,0.181,0.695,0.125
11500,0.176,0.702,0.123
11600,0.168,0.709,0.124
11700,0.173,0.711,0.116
11800,0.160,0.712,0.128
11900,0.158,0.717,0.125
12000,0.156,0.716,0.128
12100,0.144,0.717,0.139
12200,0.142,0.739,0.120
12300,0.142,0.741,0.117
12400,0.141,0.737,0.122
12500,0.143,0.731,0.126
12600,0.151,0.728,0.121
12700,0.170,0.710,0.121
12800,0.173,0.701,0.127
12900,0.177,0.710,0.113
13000,0.169,0.709,0.123
13100,0.164,0.717,0.118
13200,0.165,0.702,0.133
13300,0.168,0.696,0.137
13400,0.163,0.710,0.127
13500,0.169,0.704,0.128
13600,0.166,0.699,0.135
13700,0.169,0.699,0.133
13800,0.163,0.693,0.144
13900,0.154,0.694,0.152
14000,0.158,0.685,0.156
14100,0.172,0.682,0.146
14200,0.177,0.677,0.146
14300,0.168,0.689,0.143
14400,0.170,0.689,0.141
14500,0.174,0.676,0.150
14600,0.176,0.682,0.142
14700,0.171,0.676,0.153
14800,0.168,0.682,0.150
14900,0.160,0.676,0.163
15000,0.156,0.684,0.159
15100,0.155,0.692,0.153
15200,0.155,0.702,0.143
15300,0.147,0.710,0.143
15400,0.146,0.708,0.146
15500,0.155,0.712,0.133
15600,0.153,0.709,0.138
15700,0.153,0.717,0.130
15800,0.154,0.720,0.126
15900,0.166,0.699,0.135
16000,0.177,0.689,0.134
16100,0.181,0.683,0.136
16200,0.174,0.683,0.143
16300,0.180,0.678,0.142
16400,0.183,0.675,0.142
16500,0.172,0.679,0.149
16600,0.168,0.693,0.140
16700,0.161,0.695,0.144
16800,0.148,0.713,0.139
16900,0.148,0.705,0.147
17000,0.147,0.708,0.145
17100,0.152,0.703,0.145
17200,0.144,0.696,0.160
17300,0.138,0.705,0.157
17400,0.138,0.711,0.151
17500,0.134,0.714,0.152
17600,0.136,0.730,0.134
17700,0.138,0.733,0.129
17800,0.141,0.730,0.129
17900,0.144,0.723,0.133
18000,0.149,0.714,0.137
18100,0.160,0.712,0.128
18200,0.174,0.705,0.122
18300,0.163,0.711,0.126
18400,0.161,0.712,0.127
18500,0.158,0.703,0.139
18600,0.170,0.709,0.122
18700,0.176,0.710,0.114
18800,0.171,0.701,0.129
18900,0.169,0.704,0.128
19000,0.172,0.704,0.125
19100,0.152,0.703,0.145
19200,0.153,0.702,0.145
19300,0.158,0.708,0.134
19400,0.155,0.715,0.130
19500,0.154,0.703,0.143
19600,0.150,0.707,0.143
19700,0.160,0.699,0.141
19800,0.160,0.696,0.144
19900,0.152,0.710,0.138
20000,0.137,0.732,0.131
20100,0.132,0.744,0.125
20200,0.135,0.734,0.131
20300,0.146,0.725,0.129
20400,0.138,0.734,0.128
20500,0.135,0.745,0.121
20600,0.139,0.735,0.126
20700,0.141,0.728,0.131
20800,0.134,0.736,0.130
20900,0.125,0.747,0.129
21000,0.126,0.743,0.132
21100,0.126,0.751,0.124
21200,0.128,0.740,0.133
21300,0.127,0.753,0.121
21400,0.122,0.758,0.121
21500,0.108,0.763,0.129
21600,0.103,0.766,0.131
21700,0.097,0.765,0.138
21800,0.100,0.769,0.131
21900,0.094,0.765,0.141
22000,0.095,0.769,0.136
22100,0.092,0.787,0.122
22200,0.090,0.788,0.123
22300,0.092,0.784,0.124
22400,0.094,0.784,0.122
22500,0.095,0.794,0.111
22600,0.092,0.792,0.116
22700,0.090,0.792,0.118
22800,0.101,0.787,0.112
22900,0.107,0.783,0.109
23000,0.107,0.787,0.106
23100,0.102,0.783,0.114
23200,0.105,0.785,0.109
23300,0.101,0.787,0.112
23400,0.101,0.776,0.123
23500,0.102,0.774,0.124
23600,0.103,0.777,0.120
23700,0.111,0.771,0.117
23800,0.121,0.752,0.128
23900,0.120,0.747,0.134
24000,0.115,0.759,0.126
24100,0.127,0.750,0.124
24200,0.117,0.744,0.139
24300,0.116,0.756,0.128
24400,0.109,0.763,0.128
24500,0.101,0.775,0.124
24600,0.097,0.773,0.130
24700,0.094,0.772,0.134
24800,0.095,0.784,0.121
24900,0.099,0.778,0.123
25000,0.100,0.780,0.120
25100,0.095,0.778,0.127
25200,0.097,0.778,0.125
25300,0.096,0.784,0.120
25400,0.100,0.784,0.115
25500,0.104,0.781,0.114
25600,0.101,0.778,0.121
25700,0.110,0.779,0.110
25800,0.106,0.777,0.116
25900,0.106,0.780,0.113
26000,0.111,0.773,0.115
26100,0.130,0.742,0.129
26200,0.136,0.742,0.123
26300,0.132,0.736,0.132
26400,0.131,0.741,0.129
26500,0.124,0.737,0.139
26600,0.118,0.753,0.129
26700,0.120,0.756,0.125
26800,0.109,0.767,0.124
26900,0.104,0.766,0.130
27000,0.099,0.782,0.118
27100,0.101,0.784,0.114
27200,0.100,0.780,0.120
27300,0.095,0.788,0.117
27400,0.091,0.796,0.113
27500,0.093,0.793,0.114
27600,0.090,0.795,0.115
27700,0.091,0.798,0.111
27800,0.088,0.806,0.106
27900,0.089,0.804,0.107
28000,0.088,0.805,0.107
28100,0.089,0.804,0.107
28200,0.101,0.792,0.107
28300,0.097,0.793,0.110
28400,0.117,0.750,0.133
28500,0.106,0.775,0.118
28600,0.102,0.774,0.124
28700,0.108,0.775,0.116
28800,0.104,0.770,0.126
28900,0.104,0.768,0.128
29000,0.100,0.777,0.123
29100,0.099,0.768,0.133
29200,0.105,0.770,0.125
29300,0.112,0.765,0.123
29400,0.115,0.765,0.120
29500,0.143,0.747,0.110
29600,0.133,0.748,0.120
29700,0.131,0.748,0.122
29800,0.133,0.739,0.129
29900,0.136,0.734,0.130
30000,0.148,0.725,0.127
30100,0.143,0.730,0.127
30200,0.144,0.732,0.124
30300,0.143,0.732,0.125
30400,0.138,0.731,0.131
30500,0.138,0.732,0.130
30600,0.133,0.730,0.137
30700,0.130,0.735,0.135
30800,0.129,0.736,0.135
30900,0.126,0.749,0.126
31000,0.129,0.756,0.115
31100,0.128,0.761,0.111
31200,0.117,0.771,0.111
31300,0.126,0.768,0.106
31400,0.131,0.760,0.109
31500,0.127,0.759,0.114
31600,0.126,0.750,0.125
31700,0.125,0.749,0.127
31800,0.127,0.746,0.128
31900,0.136,0.744,0.121
32000,0.125,0.762,0.113
32100,0.125,0.757,0.118
32200,0.144,0.736,0.120
32300,0.161,0.721,0.117
32400,0.168,0.705,0.128
32500,0.166,0.704,0.130
32600,0.162,0.695,0.143
32700,0.165,0.709,0.126
32800,0.161,0.713,0.126
32900,0.161,0.712,0.127
33000,0.171,0.698,0.132
33100,0.171,0.697,0.133
33200,0.159,0.700,0.141
33300,0.147,0.718,0.135
33400,0.139,0.718,0.143
33500,0.134,0.728,0.138
33600,0.125,0.716,0.159
33700,0.122,0.711,0.168
33800,0.116,0.714,0.170
33900,0.113,0.717,0.170
34000,0.114,0.734,0.151
34100,0.126,0.739,0.136
34200,0.116,0.741,0.143
34300,0.123,0.736,0.141
34400,0.112,0.740,0.148
34500,0.124,0.735,0.141
34600,0.125,0.732,0.143
34700,0.124,0.747,0.130
34800,0.117,0.750,0.133
34900,0.112,0.765,0.123
35000,0.111,0.768,0.121
35100,0.104,0.762,0.134
35200,0.109,0.754,0.137
35300,0.105,0.756,0.139
35400,0.118,0.764,0.117
35500,0.125,0.759,0.116
35600,0.120,0.761,0.120
35700,0.122,0.765,0.113
35800,0.112,0.754,0.134
35900,0.115,0.760,0.125
36000,0.121,0.760,0.120
36100,0.117,0.760,0.123
36200,0.115,0.756,0.129
36300,0.111,0.764,0.125
36400,0.112,0.750,0.138
36500,0.117,0.760,0.123
36600,0.130,0.747,0.124
36700,0.139,0.731,0.130
36800,0.138,0.733,0.129
36900,0.132,0.736,0.132
37000,0.128,0.742,0.131
37100,0.130,0.747,0.124
37200,0.127,0.754,0.120
37300,0.123,0.756,0.122
37400,0.121,0.748,0.132
37500,0.130,0.745,0.126
37600,0.129,0.740,0.132
37700,0.140,0.724,0.136
37800,0.138,0.714,0.148
37900,0.137,0.729,0.134
38000,0.144,0.725,0.131
38100,0.140,0.732,0.128
38200,0.138,0.728,0.134
38300,0.142,0.719,0.139
38400,0.160,0.696,0.144
38500,0.155,0.694,0.151
38600,0.144,0.704,0.152
38700,0.146,0.708,0.146
38800,0.138,0.710,0.152
38900,0.136,0.712,0.152
39000,0.142,0.712,0.146
39100,0.142,0.709,0.149
39200,0.127,0.714,0.159
39300,0.131,0.724,0.145
39400,0.129,0.729,0.142
39500,0.135,0.724,0.141
39600,0.136,0.714,0.150
39700,0.138,0.706,0.156
39800,0.142,0.707,0.151
39900,0.126,0.722,0.152
40000,0.110,0.739,0.151
40100,0.110,0.748,0.142
40200,0.110,0.750,0.140
40300,0.116,0.745,0.139
40400,0.106,0.753,0.141
40500,0.106,0.759,0.135
40600,0.127,0.739,0.135
40700,0.135,0.728,0.137
40800,0.135,0.740,0.126
40900,0.134,0.739,0.128
41000,0.124,0.742,0.135
41100,0.131,0.743,0.127
41200,0.131,0.739,0.131
41300,0.123,0.749,0.129
41400,0.118,0.750,0.132
41500,0.115,0.743,0.142
41600,0.117,0.741,0.142
41700,0.117,0.742,0.141
41800,0.110,0.739,0.151
41900,0.125,0.737,0.138
42000,0.127,0.735,0.138
42100,0.142,0.729,0.129
42200,0.144,0.728,0.128
42300,0.146,0.732,0.122
42400,0.139,0.733,0.128
42500,0.141,0.735,0.124
42600,0.141,0.730,0.129
42700,0.133,0.752,0.115
42800,0.129,0.752,0.120
42900,0.130,0.754,0.116
43000,0.132,0.733,0.135
43100,0.140,0.731,0.129
43200,0.144,0.725,0.131
43300,0.140,0.733,0.127
43400,0.137,0.733,0.130
43500,0.128,0.741,0.132
43600,0.127,0.739,0.135
43700,0.128,0.731,0.141
43800,0.133,0.726,0.141
43900,0.129,0.722,0.149
44000,0.115,0.731,0.153
44100,0.118,0.722,0.159
44200,0.120,0.729,0.151
44300,0.111,0.737,0.151
44400,0.114,0.741,0.145
44500,0.110,0.741,0.149
44600,0.106,0.744,0.150
44700,0.106,0.737,0.156
44800,0.115,0.743,0.142
44900,0.126,0.732,0.142
45000,0.124,0.737,0.139
45100,0.129,0.734,0.137
45200,0.136,0.735,0.129
45300,0.137,0.731,0.132
45400,0.138,0.731,0.131
45500,0.134,0.737,0.129
45600,0.154,0.718,0.128
45700,0.157,0.703,0.140
45800,0.151,0.706,0.143
45900,0.154,0.708,0.138
46000,0.144,0.696,0.160
46100,0.145,0.698,0.157
46200,0.145,0.693,0.162
46300,0.154,0.692,0.154
46400,0.159,0.687,0.153
46500,0.154,0.681,0.164
46600,0.159,0.678,0.162
46700,0.157,0.685,0.157
46800,0.158,0.684,0.157
46900,0.150,0.688,0.161
47000,0.176,0.651,0.174
47100,0.170,0.649,0.182
47200,0.165,0.650,0.185
47300,0.168,0.641,0.191
47400,0.181,0.632,0.187
47500,0.182,0.638,0.180
47600,0.171,0.668,0.161
47700,0.163,0.666,0.171
47800,0.168,0.661,0.172
47900,0.164,0.653,0.183
48000,0.181,0.632,0.187
48100,0.176,0.635,0.189
48200,0.166,0.642,0.191
48300,0.161,0.647,0.192
48400,0.176,0.640,0.184
48500,0.171,0.635,0.194
48600,0.170,0.640,0.190
48700,0.165,0.645,0.190
48800,0.162,0.638,0.199
48900,0.163,0.632,0.204
49000,0.165,0.640,0.194
49100,0.166,0.629,0.204
49200,0.173,0.626,0.201
49300,0.175,0.635,0.190
49400,0.174,0.631,0.195
49500,0.174,0.629,0.197
49600,0.173,0.625,0.202
49700,0.169,0.648,0.184
49800,0.166,0.651,0.183
49900,0.172,0.640,0.188
50000,0.191,0.632,0.177
50100,0.188,0.630,0.182
50200,0.186,0.638,0.176
50300,0.179,0.639,0.182
50400,0.186,0.632,0.182
50500,0.184,0.644,0.173
50600,0.205,0.631,0.163
50700,0.205,0.626,0.169
50800,0.190,0.636,0.174
50900,0.197,0.622,0.181
51000,0.195,0.619,0.186
51100,0.187,0.626,0.187
51200,0.199,0.615,0.186
51300,0.205,0.616,0.179
51400,0.193,0.620,0.187
51500,0.194,0.623,0.183
51600,0.197,0.634,0.169
51700,0.194,0.624,0.182
51800,0.195,0.631,0.174
51900,0.203,0.645,0.152
52000,0.217,0.635,0.148
52100,0.207,0.644,0.149
52200,0.197,0.641,0.161
52300,0.221,0.627,0.152
52400,0.216,0.618,0.166
52500,0.226,0.600,0.175
52600,0.199,0.598,0.203
52700,0.207,0.597,0.196
52800,0.216,0.601,0.184
52900,0.226,0.592,0.182
53000,0.227,0.588,0.185
53100,0.216,0.592,0.192
53200,0.230,0.585,0.185
53300,0.224,0.590,0.186
53400,0.230,0.588,0.182
53500,0.229,0.582,0.189
53600,0.248,0.578,0.174
53700,0.254,0.562,0.184
53800,0.254,0.567,0.179
53900,0.267,0.549,0.185
54000,0.260,0.551,0.189
54100,0.264,0.544,0.192
54200,0.252,0.547,0.200
54300,0.250,0.554,0.196
54400,0.237,0.574,0.189
54500,0.230,0.579,0.191
54600,0.220,0.574,0.206
54700,0.219,0.574,0.207
54800,0.217,0.593,0.190
54900,0.219,0.587,0.194
55000,0.223,0.585,0.192
55100,0.233,0.568,0.199
55200,0.213,0.596,0.191
55300,0.219,0.579,0.202
55400,0.213,0.586,0.200
55500,0.223,0.587,0.190
55600,0.229,0.579,0.192
55700,0.232,0.582,0.186
55800,0.271,0.549,0.181
55900,0.271,0.536,0.193
56000,0.269,0.549,0.183
56100,0.274,0.543,0.183
56200,0.259,0.537,0.203
56300,0.265,0.533,0.202
56400,0.266,0.532,0.202
56500,0.258,0.534,0.207
56600,0.275,0.534,0.191
56700,0.281,0.531,0.188
56800,0.279,0.528,0.193
56900,0.273,0.533,0.194
57000,0.268,0.536,0.196
57100,0.261,0.534,0.204
57200,0.261,0.549,0.190
57300,0.259,0.551,0.190
57400,0.265,0.553,0.183
57500,0.266,0.547,0.187
57600,0.290,0.528,0.182
57700,0.302,0.514,0.184
57800,0.297,0.502,0.201
57900,0.296,0.508,0.196
58000,0.289,0.514,0.197
58100,0.287,0.516,0.197
58200,0.281,0.525,0.194
58300,0.273,0.529,0.198
58400,0.260,0.539,0.200
58500,0.255,0.551,0.194
58600,0.279,0.529,0.192
58700,0.283,0.526,0.191
58800,0.273,0.533,0.194
58900,0.274,0.533,0.193
59000,0.279,0.535,0.186
59100,0.249,0.560,0.191
59200,0.244,0.557,0.199
59300,0.252,0.558,0.190
59400,0.252,0.546,0.201
59500,0.249,0.565,0.186
59600,0.233,0.564,0.203
59700,0.232,0.570,0.198
59800,0.224,0.587,0.189
59900,0.212,0.602,0.186
60000,0.217,0.606,0.178
60100,0.208,0.612,0.180
60200,0.200,0.610,0.190
60300,0.225,0.598,0.178
60400,0.238,0.591,0.171
60500,0.233,0.591,0.176
60600,0.244,0.563,0.193
60700,0.242,0.556,0.202
60800,0.233,0.584,0.183
60900,0.237,0.577,0.186
61000,0.236,0.568,0.196
61100,0.235,0.579,0.186
61200,0.226,0.578,0.196
61300,0.227,0.574,0.199
61400,0.242,0.570,0.188
61500,0.228,0.592,0.180
61600,0.229,0.602,0.170
61700,0.221,0.603,0.177
61800,0.215,0.600,0.186
61900,0.216,0.613,0.172
62000,0.211,0.616,0.173
62100,0.216,0.613,0.172
62200,0.210,0.609,0.181
62300,0.222,0.607,0.172
62400,0.219,0.605,0.177
62500,0.231,0.613,0.156
62600,0.231,0.608,0.161
62700,0.239,0.598,0.163
62800,0.235,0.593,0.172
62900,0.229,0.609,0.162
63000,0.227,0.599,0.175
63100,0.253,0.582,0.164
63200,0.250,0.591,0.158
63300,0.254,0.592,0.153
63400,0.259,0.586,0.154
63500,0.263,0.576,0.161
63600,0.271,0.566,0.163
63700,0.261,0.569,0.170
63800,0.254,0.571,0.175
63900,0.253,0.561,0.186
64000,0.263,0.556,0.182
64100,0.228,0.577,0.195
64200,0.230,0.578,0.192
64300,0.216,0.604,0.181
64400,0.199,0.630,0.171
64500,0.198,0.637,0.164
64600,0.207,0.638,0.154
64700,0.216,0.634,0.150
64800,0.203,0.637,0.159
64900,0.215,0.623,0.162
65000,0.216,0.626,0.158
65100,0.208,0.629,0.162
65200,0.211,0.628,0.160
65300,0.216,0.633,0.151
65400,0.205,0.632,0.162
65500,0.219,0.622,0.159
65600,0.208,0.628,0.163
65700,0.215,0.631,0.154
65800,0.237,0.625,0.138
65900,0.259,0.600,0.141
66000,0.253,0.592,0.154
66100,0.245,0.590,0.164
66200,0.244,0.603,0.153
66300,0.239,0.602,0.159
66400,0.233,0.594,0.173
66500,0.240,0.587,0.173
66600,0.237,0.591,0.172
66700,0.243,0.589,0.168
66800,0.248,0.586,0.165
66900,0.263,0.572,0.165
67000,0.264,0.577,0.159
67100,0.261,0.576,0.162
67200,0.245,0.584,0.171
67300,0.255,0.570,0.175
67400,0.258,0.572,0.170
67500,0.243,0.578,0.179
67600,0.251,0.565,0.184
67700,0.257,0.562,0.181
67800,0.264,0.554,0.183
67900,0.258,0.562,0.180
68000,0.258,0.564,0.178
68100,0.253,0.569,0.178
68200,0.267,0.564,0.170
68300,0.285,0.556,0.159
68400,0.268,0.578,0.154
68500,0.271,0.581,0.148
68600,0.263,0.592,0.145
68700,0.276,0.580,0.144
68800,0.277,0.576,0.147
68900,0.258,0.579,0.162
69000,0.251,0.586,0.162
69100,0.247,0.590,0.162
69200,0.248,0.597,0.155
69300,0.240,0.608,0.152
69400,0.247,0.589,0.163
69500,0.253,0.589,0.157
69600,0.243,0.606,0.151
69700,0.231,0.623,0.146
69800,0.217,0.624,0.159
69900,0.210,0.623,0.166
70000,0.219,0.618,0.163
70100,0.221,0.614,0.165
70200,0.198,0.633,0.169
70300,0.174,0.638,0.188
70400,0.182,0.628,0.190
70500,0.178,0.632,0.190
70600,0.182,0.622,0.196
70700,0.190,0.620,0.190
70800,0.193,0.624,0.183
70900,0.192,0.619,0.189
71000,0.189,0.614,0.197
71100,0.191,0.617,0.192
71200,0.190,0.620,0.190
71300,0.176,0.632,0.192
71400,0.189,0.625,0.186
71500,0.186,0.629,0.185
71600,0.190,0.628,0.182
71700,0.191,0.627,0.182
71800,0.187,0.624,0.189
71900,0.181,0.636,0.183
72000,0.175,0.640,0.185
72100,0.170,0.638,0.192
72200,0.166,0.641,0.192
72300,0.166,0.636,0.197
72400,0.166,0.624,0.209
72500,0.186,0.621,0.193
72600,0.186,0.621,0.193
72700,0.174,0.616,0.210
72800,0.193,0.597,0.210
72900,0.206,0.593,0.200
73000,0.193,0.611,0.196
73100,0.191,0.614,0.195
73200,0.205,0.602,0.193
73300,0.196,0.607,0.197
73400,0.196,0.606,0.198
73500,0.193,0.612,0.195
73600,0.198,0.617,0.185
73700,0.206,0.607,0.187
73800,0.202,0.604,0.194
73900,0.193,0.615,0.192
74000,0.192,0.612,0.196
74100,0.186,0.606,0.208
74200,0.182,0.617,0.201
74300,0.190,0.612,0.198
74400,0.200,0.602,0.198
74500,0.201,0.603,0.196
74600,0.219,0.599,0.183
74700,0.209,0.601,0.190
74800,0.218,0.591,0.191
74900,0.217,0.600,0.184
75000,0.202,0.604,0.194
75100,0.202,0.604,0.194
75200,0.211,0.602,0.187
75300,0.215,0.602,0.184
75400,0.216,0.608,0.177
75500,0.216,0.620,0.164
75600,0.200,0.602,0.198
75700,0.179,0.618,0.203
75800,0.176,0.608,0.217
75900,0.177,0.616,0.207
76000,0.174,0.619,0.207
76100,0.174,0.626,0.200
76200,0.183,0.617,0.200
76300,0.190,0.604,0.206
76400,0.189,0.593,0.218
76500,0.201,0.596,0.203
76600,0.195,0.592,0.212
76700,0.196,0.588,0.216
76800,0.199,0.592,0.208
76900,0.197,0.597,0.206
77000,0.215,0.585,0.200
77100,0.206,0.587,0.206
77200,0.210,0.589,0.200
77300,0.210,0.586,0.203
77400,0.216,0.582,0.202
77500,0.217,0.569,0.215
77600,0.226,0.572,0.202
77700,0.226,0.570,0.204
77800,0.229,0.564,0.207
77900,0.230,0.557,0.213
78000,0.221,0.579,0.200
78100,0.218,0.585,0.197
78200,0.229,0.580,0.191
78300,0.228,0.578,0.194
78400,0.233,0.569,0.198
78500,0.223,0.571,0.206
78600,0.225,0.577,0.198
78700,0.251,0.544,0.204
78800,0.243,0.542,0.215
78900,0.238,0.541,0.221
79000,0.253,0.534,0.212
79100,0.259,0.553,0.188
79200,0.250,0.555,0.195
79300,0.245,0.564,0.191
79400,0.240,0.560,0.200
79500,0.241,0.556,0.203
79600,0.242,0.555,0.203
79700,0.235,0.560,0.205
79800,0.238,0.555,0.207
79900,0.239,0.547,0.213
80000,0.250,0.540,0.209
80100,0.237,0.554,0.209
80200,0.229,0.570,0.201
80300,0.223,0.579,0.198
80400,0.207,0.590,0.202
80500,0.202,0.608,0.190
80600,0.208,0.613,0.179
80700,0.206,0.610,0.184
80800,0.205,0.613,0.182
80900,0.201,0.597,0.202
81000,0.197,0.604,0.199
81100,0.193,0.621,0.186
81200,0.190,0.627,0.183
81300,0.190,0.630,0.180
81400,0.183,0.641,0.176
81500,0.181,0.648,0.172
81600,0.190,0.639,0.171
81700,0.188,0.646,0.166
81800,0.206,0.637,0.156
81900,0.199,0.642,0.158
82000,0.201,0.641,0.157
82100,0.198,0.645,0.157
82200,0.194,0.657,0.149
82300,0.189,0.655,0.156
82400,0.181,0.667,0.152
82500,0.173,0.666,0.161
82600,0.175,0.648,0.178
82700,0.177,0.651,0.173
82800,0.175,0.660,0.165
82900,0.169,0.656,0.176
83000,0.163,0.669,0.168
83100,0.163,0.672,0.164
83200,0.176,0.661,0.163
83300,0.182,0.658,0.160
83400,0.173,0.662,0.165
83500,0.177,0.659,0.164
83600,0.200,0.644,0.156
83700,0.196,0.648,0.156
83800,0.187,0.645,0.169
83900,0.199,0.636,0.164
84000,0.199,0.640,0.160
84100,0.199,0.642,0.158
84200,0.206,0.637,0.156
84300,0.206,0.648,0.146
84400,0.208,0.636,0.155
84500,0.212,0.644,0.144
84600,0.219,0.634,0.147
84700,0.219,0.629,0.152
84800,0.203,0.641,0.155
84900,0.211,0.627,0.161
85000,0.221,0.613,0.166
85100,0.229,0.612,0.159
85200,0.242,0.592,0.165
85300,0.251,0.580,0.169
85400,0.239,0.585,0.176
85500,0.236,0.597,0.168
85600,0.233,0.599,0.169
85700,0.217,0.621,0.162
85800,0.221,0.608,0.172
85900,0.215,0.610,0.176
86000,0.213,0.623,0.163
86100,0.215,0.620,0.165
86200,0.208,0.624,0.168
86300,0.220,0.610,0.171
86400,0.228,0.607,0.165
86500,0.217,0.607,0.177
86600,0.215,0.601,0.185
86700,0.207,0.609,0.184
86800,0.208,0.612,0.180
86900,0.216,0.604,0.181
87000,0.216,0.604,0.181
87100,0.212,0.602,0.186
87200,0.224,0.590,0.186
87300,0.226,0.586,0.188
87400,0.233,0.580,0.187
87500,0.252,0.567,0.181
87600,0.253,0.564,0.183
87700,0.248,0.582,0.170
87800,0.233,0.590,0.177
87900,0.232,0.591,0.177
88000,0.236,0.590,0.174
88100,0.242,0.575,0.183
88200,0.240,0.582,0.178
88300,0.229,0.586,0.185
88400,0.234,0.578,0.188
88500,0.238,0.575,0.187
88600,0.240,0.564,0.196
88700,0.250,0.569,0.181
88800,0.239,0.567,0.194
88900,0.241,0.574,0.185
89000,0.235,0.569,0.196
89100,0.238,0.574,0.188
89200,0.225,0.562,0.213
89300,0.223,0.581,0.196
89400,0.213,0.582,0.204
89500,0.211,0.600,0.189
89600,0.211,0.604,0.185
89700,0.212,0.602,0.186
89800,0.205,0.607,0.188
89900,0.202,0.602,0.196
90000,0.210,0.593,0.196
90100,0.198,0.619,0.183
90200,0.210,0.617,0.173
90300,0.199,0.613,0.188
90400,0.206,0.604,0.190
90500,0.208,0.610,0.182
90600,0.238,0.587,0.175
90700,0.251,0.581,0.168
90800,0.250,0.580,0.170
90900,0.244,0.586,0.170
91000,0.242,0.579,0.179
91100,0.237,0.588,0.175
91200,0.239,0.585,0.176
91300,0.246,0.576,0.178
91400,0.261,0.559,0.180
91500,0.266,0.567,0.168
91600,0.259,0.568,0.173
91700,0.279,0.553,0.169
91800,0.279,0.542,0.179
91900,0.274,0.558,0.169
92000,0.270,0.556,0.175
92100,0.266,0.571,0.163
92200,0.270,0.552,0.179
92300,0.268,0.552,0.181
92400,0.271,0.553,0.177
92500,0.284,0.532,0.184
92600,0.291,0.530,0.179
92700,0.316,0.509,0.176
92800,0.309,0.501,0.190
92900,0.316,0.507,0.178
93000,0.325,0.510,0.165
93100,0.324,0.507,0.170
93200,0.315,0.501,0.185
93300,0.317,0.497,0.186
93400,0.307,0.499,0.193
93500,0.293,0.511,0.196
93600,0.290,0.519,0.191
93700,0.306,0.498,0.195
93800,0.303,0.491,0.205
93900,0.304,0.493,0.202
94000,0.300,0.492,0.207
94100,0.307,0.492,0.200
94200,0.293,0.509,0.198
94300,0.283,0.516,0.201
94400,0.282,0.523,0.195
94500,0.282,0.529,0.189
94600,0.305,0.514,0.181
94700,0.290,0.526,0.184
94800,0.292,0.512,0.196
94900,0.291,0.518,0.191
95000,0.311,0.509,0.181
95100,0.303,0.525,0.172
95200,0.313,0.525,0.162
95300,0.314,0.515,0.172
95400,0.318,0.503,0.180
95500,0.330,0.498,0.172
95600,0.332,0.485,0.183
95700,0.322,0.519,0.159
95800,0.320,0.517,0.163
95900,0.316,0.516,0.169
96000,0.322,0.511,0.168
96100,0.319,0.505,0.177
96200,0.314,0.508,0.179
96300,0.314,0.507,0.180
96400,0.314,0.501,0.186
96500,0.323,0.501,0.177
96600,0.325,0.502,0.174
96700,0.330,0.499,0.171
96800,0.325,0.502,0.174
96900,0.315,0.492,0.193
97000,0.303,0.493,0.203
97100,0.317,0.491,0.192
97200,0.329,0.495,0.176
97300,0.324,0.490,0.186
97400,0.326,0.489,0.185
97500,0.333,0.479,0.188
97600,0.337,0.491,0.172
97700,0.339,0.490,0.171
97800,0.344,0.474,0.182
97900,0.343,0.472,0.185
98000,0.323,0.481,0.196
98100,0.327,0.472,0.201
98200,0.328,0.474,0.198
98300,0.328,0.479,0.193
98400,0.316,0.501,0.184
98500,0.330,0.490,0.180
98600,0.332,0.483,0.185
98700,0.348,0.468,0.184
98800,0.346,0.457,0.197
98900,0.338,0.460,0.202
99000,0.340,0.456,0.204
99100,0.324,0.488,0.188
99200,0.321,0.488,0.191
99300,0.320,0.489,0.191
99400,0.302,0.490,0.207
99500,0.311,0.491,0.198
99600,0.306,0.508,0.186
99700,0.315,0.493,0.192
99800,0.313,0.490,0.197
99900,0.312,0.486,0.202
100000,0.314,0.492,0.194
