time,n_A+p,n_B,n_AB
500,0.080,0.748,0.172
1000,0.080,0.626,0.294
1500,0.084,0.493,0.423
2000,0.110,0.426,0.464
2500,0.121,0.297,0.582
3000,0.137,0.287,0.576
3500,0.154,0.290,0.556
4000,0.157,0.254,0.589
4500,0.222,0.211,0.567
5000,0.298,0.108,0.594
5500,0.427,0.064,0.509
6000,0.473,0.026,0.501
6500,0.605,0.013,0.382
7000,0.728,0.003,0.269
7500,0.784,0.000,0.216
8000,0.812,0.000,0.188
8500,0.829,0.000,0.171
9000,0.812,0.000,0.188
9500,0.861,0.000,0.139
10000,0.887,0.000,0.113
10500,0.856,0.000,0.144
11000,0.885,0.000,0.115
11500,0.932,0.000,0.068
12000,0.963,0.000,0.037
12500,0.978,0.000,0.022
13000,0.987,0.000,0.013
13500,0.993,0.000,0.007
14000,0.996,0.000,0.004
14500,0.999,0.000,0.001
15000,1.000,0.000,0.000
