time,n_A+p,n_B,n_AB
500,0.030,0.145,0.825
1000,0.042,0.035,0.923
1500,0.056,0.026,0.918
2000,0.079,0.008,0.913
2500,0.097,0.005,0.898
3000,0.105,0.023,0.872
3500,0.047,0.021,0.932
4000,0.098,0.002,0.900
4500,0.066,0.023,0.911
5000,0.056,0.007,0.937
5500,0.090,0.017,0.893
6000,0.107,0.003,0.890
6500,0.062,0.018,0.920
7000,0.082,0.018,0.900
7500,0.131,0.003,0.866
8000,0.147,0.000,0.853
8500,0.144,0.001,0.855
9000,0.133,0.000,0.867
9500,0.129,0.015,0.856
10000,0.131,0.000,0.869
10500,0.119,0.000,0.881
11000,0.071,0.029,0.900
11500,0.097,0.036,0.867
12000,0.092,0.023,0.885
12500,0.080,0.036,0.884
13000,0.044,0.024,0.932
13500,0.107,0.022,0.871
14000,0.130,0.013,0.857
14500,0.155,0.002,0.843
15000,0.114,0.000,0.886
15500,0.123,0.000,0.877
16000,0.047,0.000,0.953
16500,0.038,0.045,0.917
17000,0.071,0.017,0.912
17500,0.121,0.020,0.859
18000,0.074,0.024,0.902
18500,0.038,0.035,0.927
19000,0.086,0.003,0.911
19500,0.104,0.019,0.877
20000,0.145,0.000,0.855
20500,0.068,0.018,0.914
21000,0.061,0.035,0.904
21500,0.082,0.006,0.912
22000,0.085,0.004,0.911
22500,0.106,0.000,0.894
23000,0.052,0.000,0.948
23500,0.103,0.001,0.896
24000,0.048,0.025,0.927
24500,0.070,0.017,0.913
25000,0.074,0.013,0.913
25500,0.112,0.001,0.887
26000,0.121,0.000,0.879
26500,0.112,0.015,0.873
27000,0.158,0.000,0.842
27500,0.114,0.011,0.875
28000,0.129,0.001,0.870
28500,0.109,0.000,0.891
29000,0.095,0.019,0.886
29500,0.096,0.012,0.892
30000,0.181,0.000,0.819
30500,0.080,0.014,0.906
31000,0.090,0.001,0.909
31500,0.095,0.013,0.892
32000,0.112,0.001,0.887
32500,0.142,0.000,0.858
33000,0.126,0.000,0.874
33500,0.083,0.003,0.914
34000,0.108,0.006,0.886
34500,0.056,0.010,0.934
35000,0.066,0.016,0.918
35500,0.091,0.000,0.909
36000,0.099,0.007,0.894
36500,0.123,0.012,0.865
37000,0.094,0.008,0.898
37500,0.108,0.001,0.891
38000,0.099,0.018,0.883
38500,0.101,0.001,0.898
39000,0.077,0.013,0.910
39500,0.106,0.012,0.882
40000,0.117,0.000,0.883
40500,0.092,0.013,0.895
41000,0.081,0.000,0.919
41500,0.055,0.010,0.935
42000,0.047,0.050,0.903
42500,0.075,0.019,0.906
43000,0.108,0.001,0.891
43500,0.072,0.020,0.908
44000,0.095,0.036,0.869
44500,0.155,0.011,0.834
45000,0.101,0.000,0.899
45500,0.102,0.003,0.895
46000,0.091,0.002,0.907
46500,0.065,0.002,0.933
47000,0.132,0.001,0.867
47500,0.144,0.002,0.854
48000,0.142,0.009,0.849
48500,0.119,0.031,0.850
49000,0.102,0.012,0.886
49500,0.103,0.000,0.897
50000,0.036,0.042,0.922
50500,0.095,0.001,0.904
51000,0.111,0.011,0.878
51500,0.088,0.020,0.892
52000,0.093,0.001,0.906
52500,0.118,0.000,0.882
53000,0.087,0.010,0.903
53500,0.097,0.016,0.887
54000,0.104,0.029,0.867
54500,0.103,0.008,0.889
55000,0.076,0.003,0.921
55500,0.084,0.014,0.902
56000,0.070,0.005,0.925
56500,0.098,0.002,0.900
57000,0.076,0.014,0.910
57500,0.083,0.003,0.914
58000,0.081,0.018,0.901
58500,0.150,0.008,0.842
59000,0.076,0.002,0.922
59500,0.147,0.003,0.850
60000,0.085,0.021,0.894
60500,0.098,0.000,0.902
61000,0.105,0.015,0.880
61500,0.121,0.000,0.879
62000,0.123,0.000,0.877
62500,0.070,0.005,0.925
63000,0.146,0.003,0.851
63500,0.164,0.000,0.836
64000,0.132,0.015,0.853
64500,0.115,0.000,0.885
65000,0.116,0.019,0.865
65500,0.101,0.012,0.887
66000,0.091,0.026,0.883
66500,0.102,0.003,0.895
67000,0.067,0.021,0.912
67500,0.099,0.001,0.900
68000,0.067,0.002,0.931
68500,0.147,0.000,0.853
69000,0.050,0.051,0.899
69500,0.032,0.048,0.920
70000,0.067,0.022,0.911
70500,0.141,0.003,0.856
71000,0.081,0.004,0.915
71500,0.048,0.004,0.948
72000,0.111,0.018,0.871
72500,0.073,0.013,0.914
73000,0.127,0.001,0.872
73500,0.118,0.017,0.865
74000,0.066,0.027,0.907
74500,0.056,0.040,0.904
75000,0.105,0.004,0.891
75500,0.099,0.000,0.901
76000,0.137,0.000,0.863
76500,0.088,0.000,0.912
77000,0.114,0.000,0.886
77500,0.121,0.001,0.878
78000,0.068,0.017,0.915
78500,0.123,0.001,0.876
79000,0.089,0.004,0.907
79500,0.060,0.019,0.921
80000,0.099,0.000,0.901
80500,0.140,0.005,0.855
81000,0.082,0.003,0.915
81500,0.160,0.000,0.840
82000,0.068,0.007,0.925
82500,0.099,0.005,0.896
83000,0.097,0.000,0.903
83500,0.075,0.000,0.925
84000,0.125,0.010,0.865
84500,0.081,0.000,0.919
85000,0.063,0.014,0.923
85500,0.048,0.025,0.927
86000,0.086,0.009,0.905
86500,0.115,0.000,0.885
87000,0.105,0.000,0.895
87500,0.137,0.021,0.842
88000,0.228,0.000,0.772
88500,0.065,0.019,0.916
89000,0.100,0.002,0.898
89500,0.102,0.000,0.898
90000,0.053,0.013,0.934
90500,0.087,0.017,0.896
91000,0.122,0.000,0.878
91500,0.105,0.000,0.895
92000,0.142,0.000,0.858
92500,0.102,0.000,0.898
93000,0.161,0.000,0.839
93500,0.103,0.019,0.878
94000,0.063,0.018,0.919
94500,0.120,0.001,0.879
95000,0.071,0.002,0.927
95500,0.102,0.000,0.898
96000,0.076,0.010,0.914
96500,0.126,0.000,0.874
97000,0.133,0.005,0.862
97500,0.092,0.000,0.908
98000,0.167,0.000,0.833
98500,0.083,0.002,0.915
99000,0.124,0.001,0.875
99500,0.150,0.000,0.850
100000,0.123,0.000,0.877
100500,0.101,0.009,0.890
101000,0.105,0.000,0.895
101500,0.127,0.003,0.870
102000,0.106,0.001,0.893
102500,0.086,0.001,0.913
103000,0.094,0.005,0.901
103500,0.086,0.000,0.914
104000,0.072,0.036,0.892
104500,0.123,0.008,0.869
105000,0.069,0.015,0.916
105500,0.113,0.011,0.876
106000,0.078,0.001,0.921
106500,0.113,0.003,0.884
107000,0.156,0.000,0.844
107500,0.084,0.016,0.900
108000,0.129,0.001,0.870
108500,0.093,0.020,0.887
109000,0.092,0.008,0.900
109500,0.089,0.011,0.900
110000,0.078,0.007,0.915
110500,0.101,0.000,0.899
111000,0.086,0.006,0.908
111500,0.088,0.023,0.889
112000,0.099,0.009,0.892
112500,0.074,0.032,0.894
113000,0.090,0.003,0.907
113500,0.097,0.000,0.903
114000,0.074,0.010,0.916
114500,0.100,0.005,0.895
115000,0.133,0.000,0.867
115500,0.107,0.001,0.892
116000,0.129,0.000,0.871
116500,0.096,0.004,0.900
117000,0.096,0.000,0.904
117500,0.077,0.000,0.923
118000,0.071,0.005,0.924
118500,0.096,0.000,0.904
119000,0.084,0.003,0.913
119500,0.091,0.012,0.897
120000,0.148,0.001,0.851
120500,0.105,0.004,0.891
121000,0.090,0.000,0.910
121500,0.112,0.009,0.879
122000,0.105,0.001,0.894
122500,0.073,0.009,0.918
123000,0.112,0.008,0.880
123500,0.056,0.000,0.944
124000,0.061,0.021,0.918
124500,0.156,0.000,0.844
125000,0.055,0.036,0.909
125500,0.077,0.040,0.883
126000,0.067,0.010,0.923
126500,0.119,0.005,0.876
127000,0.122,0.017,0.861
127500,0.067,0.016,0.917
128000,0.117,0.007,0.876
128500,0.072,0.021,0.907
129000,0.065,0.017,0.918
129500,0.072,0.029,0.899
130000,0.067,0.025,0.908
130500,0.096,0.003,0.901
131000,0.125,0.000,0.875
131500,0.096,0.006,0.898
132000,0.160,0.000,0.840
132500,0.126,0.021,0.853
133000,0.171,0.000,0.829
133500,0.105,0.029,0.866
134000,0.097,0.016,0.887
134500,0.113,0.003,0.884
135000,0.076,0.008,0.916
135500,0.086,0.003,0.911
136000,0.087,0.001,0.912
136500,0.081,0.000,0.919
137000,0.099,0.001,0.900
137500,0.107,0.000,0.893
138000,0.086,0.025,0.889
138500,0.052,0.022,0.926
139000,0.047,0.006,0.947
139500,0.081,0.011,0.908
140000,0.069,0.024,0.907
140500,0.033,0.039,0.928
141000,0.127,0.012,0.861
141500,0.100,0.000,0.900
142000,0.061,0.012,0.927
142500,0.110,0.034,0.856
143000,0.060,0.004,0.936
143500,0.118,0.000,0.882
144000,0.093,0.004,0.903
144500,0.117,0.009,0.874
145000,0.073,0.015,0.912
145500,0.060,0.013,0.927
146000,0.119,0.000,0.881
146500,0.076,0.037,0.887
147000,0.097,0.022,0.881
147500,0.140,0.003,0.857
148000,0.154,0.002,0.844
148500,0.148,0.000,0.852
149000,0.139,0.020,0.841
149500,0.132,0.014,0.854
150000,0.156,0.000,0.844
150500,0.079,0.000,0.921
151000,0.166,0.000,0.834
151500,0.063,0.003,0.934
152000,0.082,0.008,0.910
152500,0.063,0.008,0.929
153000,0.054,0.007,0.939
153500,0.060,0.008,0.932
154000,0.079,0.009,0.912
154500,0.052,0.001,0.947
155000,0.151,0.004,0.845
155500,0.133,0.000,0.867
156000,0.069,0.000,0.931
156500,0.126,0.000,0.874
157000,0.097,0.001,0.902
157500,0.159,0.000,0.841
158000,0.151,0.000,0.849
158500,0.140,0.007,0.853
159000,0.113,0.010,0.877
159500,0.090,0.022,0.888
160000,0.115,0.001,0.884
160500,0.093,0.024,0.883
161000,0.046,0.014,0.940
161500,0.112,0.004,0.884
162000,0.065,0.018,0.917
162500,0.065,0.049,0.886
163000,0.105,0.001,0.894
163500,0.092,0.003,0.905
164000,0.068,0.028,0.904
164500,0.159,0.005,0.836
165000,0.165,0.001,0.834
165500,0.129,0.000,0.871
166000,0.080,0.041,0.879
166500,0.091,0.005,0.904
167000,0.091,0.035,0.874
167500,0.045,0.015,0.940
168000,0.118,0.003,0.879
168500,0.083,0.000,0.917
169000,0.095,0.002,0.903
169500,0.106,0.008,0.886
170000,0.138,0.000,0.862
170500,0.073,0.002,0.925
171000,0.050,0.005,0.945
171500,0.062,0.017,0.921
172000,0.082,0.004,0.914
172500,0.083,0.002,0.915
173000,0.079,0.011,0.910
173500,0.063,0.016,0.921
174000,0.045,0.049,0.906
174500,0.113,0.000,0.887
175000,0.126,0.004,0.870
175500,0.064,0.003,0.933
176000,0.090,0.002,0.908
176500,0.120,0.013,0.867
177000,0.080,0.010,0.910
177500,0.080,0.025,0.895
178000,0.074,0.021,0.905
178500,0.054,0.011,0.935
179000,0.144,0.002,0.854
179500,0.062,0.001,0.937
180000,0.043,0.026,0.931
180500,0.100,0.009,0.891
181000,0.074,0.019,0.907
181500,0.092,0.004,0.904
182000,0.102,0.002,0.896
182500,0.070,0.005,0.925
183000,0.118,0.019,0.863
183500,0.060,0.025,0.915
184000,0.070,0.018,0.912
184500,0.090,0.024,0.886
185000,0.103,0.018,0.879
185500,0.095,0.000,0.905
186000,0.077,0.009,0.914
186500,0.137,0.000,0.863
187000,0.106,0.005,0.889
187500,0.049,0.021,0.930
188000,0.077,0.014,0.909
188500,0.096,0.003,0.901
189000,0.080,0.016,0.904
189500,0.037,0.034,0.929
190000,0.057,0.004,0.939
190500,0.158,0.003,0.839
191000,0.106,0.008,0.886
191500,0.075,0.014,0.911
192000,0.033,0.036,0.931
192500,0.080,0.003,0.917
193000,0.069,0.008,0.923
193500,0.145,0.000,0.855
194000,0.140,0.000,0.860
194500,0.100,0.002,0.898
195000,0.054,0.011,0.935
195500,0.079,0.005,0.916
196000,0.073,0.014,0.913
196500,0.119,0.000,0.881
197000,0.121,0.004,0.875
197500,0.095,0.000,0.905
198000,0.109,0.001,0.890
198500,0.050,0.042,0.908
199000,0.119,0.000,0.881
199500,0.041,0.022,0.937
200000,0.064,0.042,0.894
200500,0.059,0.000,0.941
201000,0.119,0.017,0.864
201500,0.105,0.001,0.894
202000,0.160,0.000,0.840
202500,0.079,0.013,0.908
203000,0.130,0.009,0.861
203500,0.118,0.000,0.882
204000,0.088,0.006,0.906
204500,0.100,0.004,0.896
205000,0.115,0.002,0.883
205500,0.135,0.000,0.865
206000,0.139,0.000,0.861
206500,0.097,0.000,0.903
207000,0.164,0.000,0.836
207500,0.129,0.000,0.871
208000,0.093,0.012,0.895
208500,0.082,0.039,0.879
209000,0.055,0.005,0.940
209500,0.069,0.017,0.914
210000,0.117,0.008,0.875
210500,0.106,0.002,0.892
211000,0.092,0.017,0.891
211500,0.073,0.037,0.890
212000,0.126,0.001,0.873
212500,0.127,0.013,0.860
213000,0.132,0.001,0.867
213500,0.106,0.000,0.894
214000,0.133,0.000,0.867
214500,0.061,0.001,0.938
215000,0.061,0.024,0.915
215500,0.091,0.002,0.907
216000,0.083,0.010,0.907
216500,0.057,0.017,0.926
217000,0.074,0.007,0.919
217500,0.111,0.000,0.889
218000,0.078,0.019,0.903
218500,0.109,0.004,0.887
219000,0.095,0.000,0.905
219500,0.076,0.012,0.912
220000,0.101,0.000,0.899
220500,0.127,0.002,0.871
221000,0.107,0.000,0.893
221500,0.111,0.000,0.889
222000,0.144,0.000,0.856
222500,0.158,0.005,0.837
223000,0.046,0.010,0.944
223500,0.039,0.029,0.932
224000,0.071,0.014,0.915
224500,0.064,0.020,0.916
225000,0.122,0.000,0.878
225500,0.070,0.010,0.920
226000,0.074,0.017,0.909
226500,0.077,0.021,0.902
227000,0.110,0.000,0.890
227500,0.091,0.003,0.906
228000,0.129,0.002,0.869
228500,0.065,0.021,0.914
229000,0.121,0.001,0.878
229500,0.089,0.006,0.905
230000,0.107,0.011,0.882
230500,0.064,0.025,0.911
231000,0.084,0.004,0.912
231500,0.134,0.000,0.866
232000,0.079,0.003,0.918
232500,0.030,0.075,0.895
233000,0.071,0.006,0.923
233500,0.118,0.000,0.882
234000,0.115,0.000,0.885
234500,0.091,0.000,0.909
235000,0.068,0.009,0.923
235500,0.128,0.000,0.872
236000,0.126,0.000,0.874
236500,0.086,0.005,0.909
237000,0.134,0.001,0.865
237500,0.098,0.017,0.885
238000,0.104,0.024,0.872
238500,0.106,0.000,0.894
239000,0.116,0.000,0.884
239500,0.140,0.000,0.860
240000,0.096,0.000,0.904
240500,0.043,0.012,0.945
241000,0.073,0.012,0.915
241500,0.096,0.025,0.879
242000,0.091,0.024,0.885
242500,0.053,0.039,0.908
243000,0.051,0.022,0.927
243500,0.103,0.043,0.854
244000,0.079,0.023,0.898
244500,0.151,0.000,0.849
245000,0.049,0.024,0.927
245500,0.108,0.026,0.866
246000,0.083,0.000,0.917
246500,0.088,0.000,0.912
247000,0.072,0.002,0.926
247500,0.096,0.000,0.904
248000,0.118,0.017,0.865
248500,0.101,0.000,0.899
249000,0.051,0.000,0.949
249500,0.089,0.007,0.904
250000,0.099,0.025,0.876
250500,0.142,0.000,0.858
251000,0.084,0.044,0.872
251500,0.126,0.001,0.873
252000,0.124,0.008,0.868
252500,0.064,0.000,0.936
253000,0.045,0.006,0.949
253500,0.088,0.005,0.907
254000,0.067,0.002,0.931
254500,0.075,0.010,0.915
255000,0.077,0.040,0.883
255500,0.071,0.031,0.898
256000,0.074,0.020,0.906
256500,0.071,0.000,0.929
257000,0.121,0.004,0.875
257500,0.074,0.000,0.926
258000,0.131,0.000,0.869
258500,0.094,0.001,0.905
259000,0.073,0.000,0.927
259500,0.089,0.009,0.902
260000,0.097,0.035,0.868
260500,0.047,0.022,0.931
261000,0.092,0.001,0.907
261500,0.170,0.000,0.830
262000,0.062,0.016,0.922
262500,0.061,0.010,0.929
263000,0.111,0.012,0.877
263500,0.069,0.003,0.928
264000,0.127,0.002,0.871
264500,0.068,0.013,0.919
265000,0.121,0.004,0.875
265500,0.077,0.019,0.904
266000,0.044,0.017,0.939
266500,0.075,0.022,0.903
267000,0.038,0.031,0.931
267500,0.151,0.002,0.847
268000,0.065,0.000,0.935
268500,0.110,0.013,0.877
269000,0.090,0.002,0.908
269500,0.050,0.015,0.935
270000,0.069,0.041,0.890
270500,0.036,0.056,0.908
271000,0.132,0.006,0.862
271500,0.093,0.020,0.887
272000,0.066,0.019,0.915
272500,0.093,0.000,0.907
273000,0.065,0.022,0.913
273500,0.138,0.000,0.862
274000,0.074,0.005,0.921
274500,0.031,0.025,0.944
275000,0.065,0.005,0.930
275500,0.120,0.000,0.880
276000,0.096,0.000,0.904
276500,0.059,0.008,0.933
277000,0.115,0.000,0.885
277500,0.067,0.009,0.924
278000,0.053,0.016,0.931
278500,0.084,0.000,0.916
279000,0.133,0.000,0.867
279500,0.110,0.017,0.873
280000,0.091,0.022,0.887
280500,0.071,0.008,0.921
281000,0.144,0.010,0.846
281500,0.112,0.004,0.884
282000,0.193,0.000,0.807
282500,0.131,0.010,0.859
283000,0.062,0.028,0.910
283500,0.102,0.014,0.884
284000,0.074,0.000,0.926
284500,0.122,0.000,0.878
285000,0.103,0.016,0.881
285500,0.108,0.000,0.892
286000,0.096,0.000,0.904
286500,0.094,0.008,0.898
287000,0.091,0.001,0.908
287500,0.054,0.000,0.946
288000,0.068,0.011,0.921
288500,0.113,0.001,0.886
289000,0.088,0.029,0.883
289500,0.076,0.006,0.918
290000,0.106,0.016,0.878
290500,0.142,0.012,0.846
291000,0.090,0.006,0.904
291500,0.105,0.000,0.895
292000,0.126,0.000,0.874
292500,0.143,0.000,0.857
293000,0.173,0.000,0.827
293500,0.140,0.000,0.860
294000,0.080,0.000,0.920
294500,0.082,0.004,0.914
295000,0.116,0.000,0.884
295500,0.139,0.001,0.860
296000,0.120,0.000,0.880
296500,0.111,0.000,0.889
297000,0.118,0.000,0.882
297500,0.094,0.018,0.888
298000,0.119,0.000,0.881
298500,0.080,0.007,0.913
299000,0.056,0.012,0.932
299500,0.119,0.005,0.876
300000,0.063,0.011,0.926
300500,0.072,0.001,0.927
301000,0.076,0.015,0.909
301500,0.114,0.000,0.886
302000,0.079,0.002,0.919
302500,0.079,0.000,0.921
303000,0.058,0.024,0.918
303500,0.092,0.002,0.906
304000,0.098,0.009,0.893
304500,0.072,0.028,0.900
305000,0.141,0.008,0.851
305500,0.048,0.023,0.929
306000,0.129,0.002,0.869
306500,0.143,0.007,0.850
307000,0.071,0.004,0.925
307500,0.069,0.011,0.920
308000,0.081,0.046,0.873
308500,0.091,0.029,0.880
309000,0.071,0.010,0.919
309500,0.101,0.003,0.896
310000,0.141,0.013,0.846
310500,0.073,0.006,0.921
311000,0.152,0.004,0.844
311500,0.095,0.003,0.902
312000,0.051,0.039,0.910
312500,0.122,0.000,0.878
313000,0.124,0.000,0.876
313500,0.128,0.001,0.871
314000,0.077,0.000,0.923
314500,0.091,0.001,0.908
315000,0.113,0.000,0.887
315500,0.168,0.000,0.832
316000,0.108,0.000,0.892
316500,0.096,0.022,0.882
317000,0.061,0.051,0.888
317500,0.098,0.000,0.902
318000,0.123,0.000,0.877
318500,0.077,0.026,0.897
319000,0.118,0.001,0.881
319500,0.133,0.006,0.861
320000,0.144,0.000,0.856
320500,0.134,0.000,0.866
321000,0.076,0.039,0.885
321500,0.073,0.000,0.927
322000,0.071,0.008,0.921
322500,0.052,0.023,0.925
323000,0.140,0.001,0.859
323500,0.112,0.003,0.885
324000,0.144,0.000,0.856
324500,0.125,0.000,0.875
325000,0.089,0.013,0.898
325500,0.102,0.000,0.898
326000,0.094,0.014,0.892
326500,0.042,0.010,0.948
327000,0.094,0.001,0.905
327500,0.083,0.011,0.906
328000,0.084,0.005,0.911
328500,0.101,0.002,0.897
329000,0.104,0.001,0.895
329500,0.086,0.000,0.914
330000,0.098,0.013,0.889
330500,0.108,0.000,0.892
331000,0.109,0.006,0.885
331500,0.084,0.022,0.894
332000,0.120,0.010,0.870
332500,0.059,0.016,0.925
333000,0.060,0.012,0.928
333500,0.104,0.000,0.896
334000,0.143,0.005,0.852
334500,0.118,0.000,0.882
335000,0.069,0.080,0.851
335500,0.089,0.005,0.906
336000,0.094,0.007,0.899
336500,0.130,0.000,0.870
337000,0.104,0.000,0.896
337500,0.111,0.005,0.884
338000,0.125,0.017,0.858
338500,0.133,0.002,0.865
339000,0.056,0.026,0.918
339500,0.101,0.010,0.889
340000,0.146,0.000,0.854
340500,0.073,0.029,0.898
341000,0.032,0.092,0.876
341500,0.096,0.012,0.892
342000,0.094,0.005,0.901
342500,0.085,0.030,0.885
343000,0.087,0.017,0.896
343500,0.144,0.000,0.856
344000,0.175,0.000,0.825
344500,0.133,0.000,0.867
345000,0.128,0.003,0.869
345500,0.107,0.000,0.893
346000,0.084,0.011,0.905
346500,0.084,0.021,0.895
347000,0.102,0.003,0.895
347500,0.143,0.000,0.857
348000,0.111,0.012,0.877
348500,0.069,0.030,0.901
349000,0.054,0.030,0.916
349500,0.111,0.002,0.887
350000,0.075,0.000,0.925
350500,0.088,0.000,0.912
351000,0.104,0.038,0.858
351500,0.092,0.000,0.908
352000,0.085,0.027,0.888
352500,0.060,0.023,0.917
353000,0.124,0.000,0.876
353500,0.140,0.000,0.860
354000,0.044,0.027,0.929
354500,0.132,0.000,0.868
355000,0.095,0.000,0.905
355500,0.108,0.000,0.892
356000,0.116,0.039,0.845
356500,0.069,0.019,0.912
357000,0.061,0.008,0.931
357500,0.095,0.000,0.905
358000,0.133,0.002,0.865
358500,0.112,0.003,0.885
359000,0.046,0.037,0.917
359500,0.098,0.015,0.887
360000,0.099,0.000,0.901
360500,0.122,0.002,0.876
361000,0.069,0.025,0.906
361500,0.148,0.004,0.848
362000,0.076,0.008,0.916
362500,0.091,0.033,0.876
363000,0.067,0.000,0.933
363500,0.078,0.000,0.922
364000,0.162,0.000,0.838
364500,0.096,0.012,0.892
365000,0.087,0.011,0.902
365500,0.050,0.047,0.903
366000,0.103,0.015,0.882
366500,0.063,0.017,0.920
367000,0.066,0.041,0.893
367500,0.051,0.013,0.936
368000,0.083,0.006,0.911
368500,0.098,0.000,0.902
369000,0.072,0.013,0.915
369500,0.140,0.003,0.857
370000,0.152,0.000,0.848
370500,0.065,0.066,0.869
371000,0.096,0.010,0.894
371500,0.062,0.015,0.923
372000,0.062,0.028,0.910
372500,0.083,0.004,0.913
373000,0.104,0.002,0.894
373500,0.114,0.001,0.885
374000,0.154,0.000,0.846
374500,0.108,0.000,0.892
375000,0.059,0.024,0.917
375500,0.044,0.055,0.901
376000,0.065,0.001,0.934
376500,0.114,0.008,0.878
377000,0.104,0.019,0.877
377500,0.081,0.010,0.909
378000,0.097,0.033,0.870
378500,0.113,0.000,0.887
379000,0.092,0.000,0.908
379500,0.071,0.018,0.911
380000,0.084,0.057,0.859
380500,0.071,0.028,0.901
381000,0.044,0.009,0.947
381500,0.094,0.002,0.904
382000,0.052,0.005,0.943
382500,0.073,0.027,0.900
383000,0.092,0.000,0.908
383500,0.118,0.000,0.882
384000,0.046,0.021,0.933
384500,0.069,0.020,0.911
385000,0.105,0.005,0.890
385500,0.126,0.000,0.874
386000,0.111,0.001,0.888
386500,0.130,0.007,0.863
387000,0.115,0.000,0.885
387500,0.129,0.017,0.854
388000,0.136,0.003,0.861
388500,0.053,0.011,0.936
389000,0.042,0.044,0.914
389500,0.090,0.001,0.909
390000,0.091,0.030,0.879
390500,0.115,0.001,0.884
391000,0.078,0.029,0.893
391500,0.081,0.016,0.903
392000,0.112,0.003,0.885
392500,0.089,0.000,0.911
393000,0.101,0.007,0.892
393500,0.069,0.015,0.916
394000,0.174,0.000,0.826
394500,0.115,0.002,0.883
395000,0.096,0.000,0.904
395500,0.080,0.010,0.910
396000,0.115,0.000,0.885
396500,0.120,0.005,0.875
397000,0.088,0.042,0.870
397500,0.058,0.043,0.899
398000,0.071,0.060,0.869
398500,0.081,0.013,0.906
399000,0.123,0.022,0.855
399500,0.087,0.011,0.902
400000,0.139,0.022,0.839
400500,0.094,0.023,0.883
401000,0.056,0.064,0.880
401500,0.036,0.014,0.950
402000,0.140,0.000,0.860
402500,0.078,0.003,0.919
403000,0.086,0.047,0.867
403500,0.096,0.005,0.899
404000,0.084,0.003,0.913
404500,0.149,0.000,0.851
405000,0.072,0.010,0.918
405500,0.063,0.034,0.903
406000,0.091,0.023,0.886
406500,0.164,0.003,0.833
407000,0.067,0.006,0.927
407500,0.121,0.008,0.871
408000,0.061,0.031,0.908
408500,0.085,0.011,0.904
409000,0.063,0.007,0.930
409500,0.123,0.000,0.877
410000,0.062,0.016,0.922
410500,0.090,0.001,0.909
411000,0.124,0.000,0.876
411500,0.053,0.042,0.905
412000,0.043,0.039,0.918
412500,0.098,0.012,0.890
413000,0.086,0.000,0.914
413500,0.156,0.000,0.844
414000,0.036,0.051,0.913
414500,0.037,0.075,0.888
415000,0.062,0.001,0.937
415500,0.080,0.020,0.900
416000,0.073,0.018,0.909
416500,0.114,0.029,0.857
417000,0.118,0.000,0.882
417500,0.099,0.008,0.893
418000,0.120,0.002,0.878
418500,0.080,0.013,0.907
419000,0.139,0.001,0.860
419500,0.054,0.009,0.937
420000,0.082,0.007,0.911
420500,0.062,0.011,0.927
421000,0.077,0.008,0.915
421500,0.042,0.001,0.957
422000,0.171,0.000,0.829
422500,0.116,0.000,0.884
423000,0.058,0.008,0.934
423500,0.099,0.000,0.901
424000,0.044,0.017,0.939
424500,0.088,0.048,0.864
425000,0.064,0.006,0.930
425500,0.095,0.019,0.886
426000,0.075,0.000,0.925
426500,0.154,0.003,0.843
427000,0.078,0.008,0.914
427500,0.110,0.003,0.887
428000,0.095,0.028,0.877
428500,0.070,0.011,0.919
429000,0.076,0.000,0.924
429500,0.059,0.016,0.925
430000,0.096,0.000,0.904
430500,0.120,0.007,0.873
431000,0.160,0.000,0.840
431500,0.068,0.016,0.916
432000,0.077,0.002,0.921
432500,0.108,0.032,0.860
433000,0.070,0.018,0.912
433500,0.064,0.035,0.901
434000,0.131,0.004,0.865
434500,0.137,0.000,0.863
435000,0.072,0.000,0.928
435500,0.086,0.035,0.879
436000,0.124,0.001,0.875
436500,0.126,0.000,0.874
437000,0.137,0.005,0.858
437500,0.076,0.005,0.919
438000,0.085,0.013,0.902
438500,0.066,0.020,0.914
439000,0.161,0.000,0.839
439500,0.083,0.000,0.917
440000,0.161,0.001,0.838
440500,0.148,0.000,0.852
441000,0.072,0.003,0.925
441500,0.048,0.017,0.935
442000,0.127,0.000,0.873
442500,0.080,0.000,0.920
443000,0.072,0.000,0.928
443500,0.075,0.012,0.913
444000,0.050,0.042,0.908
444500,0.093,0.003,0.904
445000,0.099,0.003,0.898
445500,0.109,0.000,0.891
446000,0.159,0.000,0.841
446500,0.096,0.007,0.897
447000,0.094,0.001,0.905
447500,0.121,0.001,0.878
448000,0.047,0.007,0.946
448500,0.132,0.000,0.868
449000,0.117,0.000,0.883
449500,0.081,0.035,0.884
450000,0.063,0.000,0.937
450500,0.062,0.000,0.938
451000,0.097,0.007,0.896
451500,0.102,0.004,0.894
452000,0.070,0.007,0.923
452500,0.094,0.000,0.906
453000,0.135,0.010,0.855
453500,0.093,0.000,0.907
454000,0.098,0.018,0.884
454500,0.120,0.005,0.875
455000,0.095,0.003,0.902
455500,0.073,0.012,0.915
456000,0.094,0.005,0.901
456500,0.107,0.001,0.892
457000,0.109,0.000,0.891
457500,0.101,0.002,0.897
458000,0.085,0.004,0.911
458500,0.151,0.000,0.849
459000,0.073,0.033,0.894
459500,0.038,0.017,0.945
460000,0.104,0.008,0.888
460500,0.082,0.006,0.912
461000,0.086,0.017,0.897
461500,0.134,0.000,0.866
462000,0.137,0.001,0.862
462500,0.116,0.000,0.884
463000,0.127,0.002,0.871
463500,0.169,0.001,0.830
464000,0.079,0.007,0.914
464500,0.128,0.002,0.870
465000,0.074,0.020,0.906
465500,0.075,0.019,0.906
466000,0.101,0.000,0.899
466500,0.106,0.022,0.872
467000,0.077,0.011,0.912
467500,0.115,0.000,0.885
468000,0.144,0.000,0.856
468500,0.149,0.001,0.850
469000,0.079,0.012,0.909
469500,0.088,0.000,0.912
470000,0.116,0.002,0.882
470500,0.096,0.020,0.884
471000,0.084,0.011,0.905
471500,0.107,0.000,0.893
472000,0.041,0.045,0.914
472500,0.084,0.011,0.905
473000,0.075,0.000,0.925
473500,0.137,0.007,0.856
474000,0.076,0.022,0.902
474500,0.118,0.005,0.877
475000,0.080,0.001,0.919
475500,0.094,0.000,0.906
476000,0.125,0.005,0.870
476500,0.091,0.001,0.908
477000,0.097,0.004,0.899
477500,0.085,0.019,0.896
478000,0.080,0.001,0.919
478500,0.106,0.009,0.885
479000,0.069,0.015,0.916
479500,0.128,0.000,0.872
480000,0.153,0.000,0.847
480500,0.065,0.009,0.926
481000,0.085,0.000,0.915
481500,0.095,0.034,0.871
482000,0.099,0.000,0.901
482500,0.096,0.000,0.904
483000,0.059,0.008,0.933
483500,0.077,0.021,0.902
484000,0.078,0.002,0.920
484500,0.170,0.001,0.829
485000,0.070,0.018,0.912
485500,0.137,0.004,0.859
486000,0.097,0.015,0.888
486500,0.123,0.003,0.874
487000,0.111,0.000,0.889
487500,0.123,0.000,0.877
488000,0.078,0.029,0.893
488500,0.064,0.046,0.890
489000,0.098,0.001,0.901
489500,0.088,0.000,0.912
490000,0.082,0.000,0.918
490500,0.220,0.000,0.780
491000,0.126,0.000,0.874
491500,0.104,0.003,0.893
492000,0.084,0.016,0.900
492500,0.156,0.000,0.844
493000,0.104,0.000,0.896
493500,0.055,0.064,0.881
494000,0.083,0.038,0.879
494500,0.090,0.004,0.906
495000,0.071,0.023,0.906
495500,0.117,0.042,0.841
496000,0.139,0.016,0.845
496500,0.144,0.003,0.853
497000,0.094,0.033,0.873
497500,0.130,0.012,0.858
498000,0.089,0.037,0.874
498500,0.056,0.040,0.904
499000,0.093,0.005,0.902
499500,0.126,0.000,0.874
500000,0.128,0.000,0.872
500500,0.087,0.000,0.913
501000,0.077,0.000,0.923
501500,0.070,0.000,0.930
502000,0.127,0.001,0.872
502500,0.069,0.016,0.915
503000,0.081,0.015,0.904
503500,0.089,0.032,0.879
504000,0.090,0.012,0.898
504500,0.126,0.000,0.874
505000,0.060,0.001,0.939
505500,0.071,0.000,0.929
506000,0.040,0.042,0.918
506500,0.079,0.023,0.898
507000,0.076,0.008,0.916
507500,0.114,0.004,0.882
508000,0.170,0.000,0.830
508500,0.074,0.056,0.870
509000,0.109,0.004,0.887
509500,0.058,0.015,0.927
510000,0.151,0.000,0.849
510500,0.105,0.013,0.882
511000,0.071,0.003,0.926
511500,0.069,0.017,0.914
512000,0.064,0.032,0.904
512500,0.158,0.001,0.841
513000,0.131,0.000,0.869
513500,0.072,0.001,0.927
514000,0.086,0.016,0.898
514500,0.109,0.001,0.890
515000,0.082,0.001,0.917
515500,0.085,0.000,0.915
516000,0.131,0.000,0.869
516500,0.088,0.022,0.890
517000,0.079,0.035,0.886
517500,0.071,0.011,0.918
518000,0.052,0.031,0.917
518500,0.107,0.018,0.875
519000,0.131,0.000,0.869
519500,0.052,0.030,0.918
520000,0.104,0.020,0.876
520500,0.056,0.000,0.944
521000,0.094,0.000,0.906
521500,0.100,0.001,0.899
522000,0.109,0.014,0.877
522500,0.179,0.005,0.816
523000,0.104,0.000,0.896
523500,0.113,0.005,0.882
524000,0.081,0.000,0.919
524500,0.115,0.005,0.880
525000,0.091,0.008,0.901
525500,0.138,0.016,0.846
526000,0.095,0.004,0.901
526500,0.128,0.000,0.872
527000,0.106,0.009,0.885
527500,0.098,0.000,0.902
528000,0.111,0.000,0.889
528500,0.058,0.024,0.918
529000,0.104,0.002,0.894
529500,0.111,0.009,0.880
530000,0.097,0.000,0.903
530500,0.077,0.004,0.919
531000,0.087,0.000,0.913
531500,0.129,0.000,0.871
532000,0.146,0.000,0.854
532500,0.105,0.016,0.879
533000,0.082,0.002,0.916
533500,0.050,0.010,0.940
534000,0.085,0.004,0.911
534500,0.100,0.003,0.897
535000,0.077,0.000,0.923
535500,0.080,0.025,0.895
536000,0.108,0.005,0.887
536500,0.118,0.002,0.880
537000,0.087,0.009,0.904
537500,0.045,0.024,0.931
538000,0.042,0.041,0.917
538500,0.138,0.001,0.861
539000,0.102,0.010,0.888
539500,0.086,0.014,0.900
540000,0.082,0.005,0.913
540500,0.106,0.000,0.894
541000,0.059,0.021,0.920
541500,0.106,0.004,0.890
542000,0.137,0.017,0.846
542500,0.059,0.024,0.917
543000,0.094,0.012,0.894
543500,0.125,0.003,0.872
544000,0.063,0.025,0.912
544500,0.062,0.033,0.905
545000,0.103,0.009,0.888
545500,0.120,0.000,0.880
546000,0.088,0.000,0.912
546500,0.108,0.004,0.888
547000,0.109,0.004,0.887
547500,0.113,0.000,0.887
548000,0.095,0.009,0.896
548500,0.114,0.002,0.884
549000,0.142,0.000,0.858
549500,0.108,0.000,0.892
550000,0.106,0.018,0.876
550500,0.084,0.003,0.913
551000,0.056,0.035,0.909
551500,0.101,0.024,0.875
552000,0.065,0.027,0.908
552500,0.037,0.049,0.914
553000,0.063,0.046,0.891
553500,0.121,0.003,0.876
554000,0.117,0.007,0.876
554500,0.071,0.008,0.921
555000,0.075,0.009,0.916
555500,0.076,0.023,0.901
556000,0.084,0.018,0.898
556500,0.128,0.001,0.871
557000,0.048,0.001,0.951
557500,0.141,0.000,0.859
558000,0.093,0.021,0.886
558500,0.115,0.001,0.884
559000,0.062,0.007,0.931
559500,0.149,0.003,0.848
560000,0.086,0.008,0.906
560500,0.052,0.026,0.922
561000,0.088,0.000,0.912
561500,0.071,0.019,0.910
562000,0.143,0.003,0.854
562500,0.138,0.000,0.862
563000,0.074,0.016,0.910
563500,0.139,0.002,0.859
564000,0.064,0.052,0.884
564500,0.070,0.014,0.916
565000,0.103,0.000,0.897
565500,0.151,0.007,0.842
566000,0.088,0.000,0.912
566500,0.082,0.003,0.915
567000,0.059,0.015,0.926
567500,0.104,0.017,0.879
568000,0.149,0.000,0.851
568500,0.100,0.000,0.900
569000,0.081,0.000,0.919
569500,0.136,0.000,0.864
570000,0.089,0.000,0.911
570500,0.050,0.052,0.898
571000,0.128,0.002,0.870
571500,0.051,0.055,0.894
572000,0.075,0.006,0.919
572500,0.123,0.000,0.877
573000,0.111,0.005,0.884
573500,0.101,0.008,0.891
574000,0.094,0.012,0.894
574500,0.112,0.000,0.888
575000,0.054,0.005,0.941
575500,0.104,0.013,0.883
576000,0.091,0.001,0.908
576500,0.107,0.015,0.878
577000,0.097,0.000,0.903
577500,0.102,0.001,0.897
578000,0.055,0.026,0.919
578500,0.138,0.003,0.859
579000,0.125,0.001,0.874
579500,0.105,0.001,0.894
580000,0.117,0.010,0.873
580500,0.149,0.013,0.838
581000,0.087,0.021,0.892
581500,0.135,0.002,0.863
582000,0.139,0.011,0.850
582500,0.066,0.013,0.921
583000,0.046,0.062,0.892
583500,0.046,0.052,0.902
584000,0.090,0.002,0.908
584500,0.072,0.054,0.874
585000,0.090,0.021,0.889
585500,0.046,0.048,0.906
586000,0.093,0.017,0.890
586500,0.078,0.003,0.919
587000,0.086,0.002,0.912
587500,0.126,0.003,0.871
588000,0.056,0.000,0.944
588500,0.074,0.018,0.908
589000,0.062,0.017,0.921
589500,0.089,0.001,0.910
590000,0.110,0.000,0.890
590500,0.038,0.034,0.928
591000,0.107,0.004,0.889
591500,0.129,0.000,0.871
592000,0.125,0.002,0.873
592500,0.077,0.010,0.913
593000,0.059,0.037,0.904
593500,0.053,0.032,0.915
594000,0.131,0.000,0.869
594500,0.058,0.034,0.908
595000,0.043,0.025,0.932
595500,0.083,0.032,0.885
596000,0.072,0.004,0.924
596500,0.073,0.000,0.927
597000,0.121,0.014,0.865
597500,0.103,0.012,0.885
598000,0.107,0.000,0.893
598500,0.071,0.025,0.904
599000,0.130,0.007,0.863
599500,0.087,0.005,0.908
600000,0.098,0.006,0.896
600500,0.066,0.015,0.919
601000,0.147,0.003,0.850
601500,0.052,0.025,0.923
602000,0.099,0.000,0.901
602500,0.071,0.023,0.906
603000,0.060,0.030,0.910
603500,0.105,0.004,0.891
604000,0.091,0.005,0.904
604500,0.086,0.015,0.899
605000,0.075,0.011,0.914
605500,0.035,0.047,0.918
606000,0.060,0.018,0.922
606500,0.077,0.012,0.911
607000,0.127,0.011,0.862
607500,0.134,0.003,0.863
608000,0.125,0.001,0.874
608500,0.064,0.023,0.913
609000,0.153,0.018,0.829
609500,0.111,0.000,0.889
610000,0.123,0.010,0.867
610500,0.040,0.029,0.931
611000,0.069,0.012,0.919
611500,0.105,0.002,0.893
612000,0.117,0.001,0.882
612500,0.087,0.004,0.909
613000,0.109,0.000,0.891
613500,0.121,0.003,0.876
614000,0.038,0.042,0.920
614500,0.045,0.023,0.932
615000,0.091,0.006,0.903
615500,0.075,0.013,0.912
616000,0.098,0.015,0.887
616500,0.145,0.000,0.855
617000,0.091,0.014,0.895
617500,0.110,0.000,0.890
618000,0.107,0.000,0.893
618500,0.110,0.000,0.890
619000,0.099,0.000,0.901
619500,0.126,0.008,0.866
620000,0.068,0.013,0.919
620500,0.051,0.036,0.913
621000,0.089,0.037,0.874
621500,0.102,0.006,0.892
622000,0.098,0.021,0.881
622500,0.076,0.015,0.909
623000,0.098,0.025,0.877
623500,0.098,0.013,0.889
624000,0.134,0.002,0.864
624500,0.073,0.011,0.916
625000,0.102,0.019,0.879
625500,0.088,0.007,0.905
626000,0.135,0.000,0.865
626500,0.089,0.004,0.907
627000,0.149,0.000,0.851
627500,0.129,0.010,0.861
628000,0.084,0.017,0.899
628500,0.088,0.021,0.891
629000,0.088,0.001,0.911
629500,0.118,0.000,0.882
630000,0.098,0.002,0.900
630500,0.070,0.048,0.882
631000,0.099,0.014,0.887
631500,0.104,0.005,0.891
632000,0.084,0.054,0.862
632500,0.076,0.000,0.924
633000,0.078,0.002,0.920
633500,0.074,0.000,0.926
634000,0.055,0.026,0.919
634500,0.032,0.035,0.933
635000,0.076,0.038,0.886
635500,0.112,0.005,0.883
636000,0.097,0.000,0.903
636500,0.109,0.007,0.884
637000,0.102,0.034,0.864
637500,0.131,0.000,0.869
638000,0.125,0.000,0.875
638500,0.085,0.018,0.897
639000,0.136,0.003,0.861
639500,0.067,0.000,0.933
640000,0.111,0.001,0.888
640500,0.052,0.023,0.925
641000,0.144,0.000,0.856
641500,0.116,0.001,0.883
642000,0.084,0.000,0.916
642500,0.093,0.024,0.883
643000,0.093,0.010,0.897
643500,0.072,0.000,0.928
644000,0.141,0.001,0.858
644500,0.152,0.003,0.845
645000,0.106,0.015,0.879
645500,0.066,0.002,0.932
646000,0.069,0.001,0.930
646500,0.074,0.004,0.922
647000,0.048,0.020,0.932
647500,0.085,0.020,0.895
648000,0.099,0.003,0.898
648500,0.070,0.031,0.899
649000,0.086,0.004,0.910
649500,0.072,0.018,0.910
650000,0.101,0.000,0.899
650500,0.092,0.001,0.907
651000,0.054,0.069,0.877
651500,0.068,0.006,0.926
652000,0.114,0.015,0.871
652500,0.062,0.014,0.924
653000,0.035,0.004,0.961
653500,0.070,0.015,0.915
654000,0.067,0.005,0.928
654500,0.092,0.000,0.908
655000,0.052,0.008,0.940
655500,0.069,0.002,0.929
656000,0.044,0.022,0.934
656500,0.033,0.046,0.921
657000,0.125,0.003,0.872
657500,0.076,0.021,0.903
658000,0.115,0.000,0.885
658500,0.172,0.000,0.828
659000,0.128,0.000,0.872
659500,0.119,0.000,0.881
660000,0.063,0.020,0.917
660500,0.108,0.021,0.871
661000,0.034,0.040,0.926
661500,0.108,0.003,0.889
662000,0.087,0.006,0.907
662500,0.046,0.000,0.954
663000,0.094,0.000,0.906
663500,0.137,0.000,0.863
664000,0.103,0.007,0.890
664500,0.070,0.011,0.919
665000,0.081,0.008,0.911
665500,0.091,0.000,0.909
666000,0.107,0.020,0.873
666500,0.140,0.006,0.854
667000,0.112,0.001,0.887
667500,0.086,0.005,0.909
668000,0.145,0.000,0.855
668500,0.106,0.017,0.877
669000,0.085,0.003,0.912
669500,0.076,0.018,0.906
670000,0.063,0.024,0.913
670500,0.030,0.049,0.921
671000,0.087,0.020,0.893
671500,0.077,0.002,0.921
672000,0.081,0.011,0.908
672500,0.069,0.015,0.916
673000,0.065,0.022,0.913
673500,0.108,0.000,0.892
674000,0.095,0.008,0.897
674500,0.130,0.002,0.868
675000,0.095,0.032,0.873
675500,0.076,0.010,0.914
676000,0.063,0.021,0.916
676500,0.078,0.003,0.919
677000,0.138,0.000,0.862
677500,0.099,0.013,0.888
678000,0.091,0.003,0.906
678500,0.048,0.030,0.922
679000,0.064,0.000,0.936
679500,0.092,0.011,0.897
680000,0.096,0.000,0.904
680500,0.075,0.023,0.902
681000,0.057,0.050,0.893
681500,0.136,0.000,0.864
682000,0.140,0.004,0.856
682500,0.050,0.021,0.929
683000,0.041,0.039,0.920
683500,0.072,0.010,0.918
684000,0.112,0.007,0.881
684500,0.061,0.028,0.911
685000,0.068,0.016,0.916
685500,0.048,0.028,0.924
686000,0.092,0.022,0.886
686500,0.096,0.007,0.897
687000,0.132,0.000,0.868
687500,0.102,0.021,0.877
688000,0.052,0.041,0.907
688500,0.065,0.004,0.931
689000,0.086,0.020,0.894
689500,0.116,0.002,0.882
690000,0.093,0.030,0.877
690500,0.126,0.019,0.855
691000,0.076,0.011,0.913
691500,0.070,0.028,0.902
692000,0.125,0.000,0.875
692500,0.132,0.000,0.868
693000,0.111,0.025,0.864
693500,0.146,0.000,0.854
694000,0.138,0.000,0.862
694500,0.125,0.015,0.860
695000,0.113,0.003,0.884
695500,0.073,0.031,0.896
696000,0.139,0.018,0.843
696500,0.094,0.015,0.891
697000,0.058,0.033,0.909
697500,0.103,0.004,0.893
698000,0.091,0.029,0.880
698500,0.093,0.001,0.906
699000,0.060,0.019,0.921
699500,0.065,0.005,0.930
700000,0.153,0.000,0.847
700500,0.081,0.000,0.919
701000,0.084,0.005,0.911
701500,0.172,0.000,0.828
702000,0.091,0.002,0.907
702500,0.101,0.001,0.898
703000,0.139,0.003,0.858
703500,0.115,0.000,0.885
704000,0.143,0.002,0.855
704500,0.145,0.000,0.855
705000,0.090,0.019,0.891
705500,0.140,0.017,0.843
706000,0.106,0.015,0.879
706500,0.057,0.027,0.916
707000,0.108,0.002,0.890
707500,0.099,0.034,0.867
708000,0.077,0.024,0.899
708500,0.082,0.000,0.918
709000,0.078,0.002,0.920
709500,0.175,0.000,0.825
710000,0.100,0.025,0.875
710500,0.103,0.020,0.877
711000,0.097,0.001,0.902
711500,0.089,0.000,0.911
712000,0.101,0.004,0.895
712500,0.185,0.000,0.815
713000,0.081,0.009,0.910
713500,0.112,0.000,0.888
714000,0.064,0.021,0.915
714500,0.084,0.029,0.887
715000,0.063,0.016,0.921
715500,0.076,0.006,0.918
716000,0.113,0.003,0.884
716500,0.113,0.003,0.884
717000,0.109,0.000,0.891
717500,0.066,0.031,0.903
718000,0.110,0.002,0.888
718500,0.120,0.000,0.880
719000,0.121,0.000,0.879
719500,0.102,0.003,0.895
720000,0.061,0.014,0.925
720500,0.149,0.001,0.850
721000,0.130,0.011,0.859
721500,0.122,0.000,0.878
722000,0.105,0.000,0.895
722500,0.078,0.024,0.898
723000,0.111,0.003,0.886
723500,0.117,0.005,0.878
724000,0.080,0.012,0.908
724500,0.104,0.000,0.896
725000,0.107,0.013,0.880
725500,0.075,0.008,0.917
726000,0.101,0.017,0.882
726500,0.115,0.000,0.885
727000,0.064,0.020,0.916
727500,0.104,0.000,0.896
728000,0.105,0.001,0.894
728500,0.134,0.003,0.863
729000,0.116,0.000,0.884
729500,0.168,0.000,0.832
730000,0.082,0.024,0.894
730500,0.100,0.000,0.900
731000,0.073,0.028,0.899
731500,0.131,0.015,0.854
732000,0.065,0.014,0.921
732500,0.110,0.008,0.882
733000,0.072,0.020,0.908
733500,0.133,0.000,0.867
734000,0.094,0.024,0.882
734500,0.090,0.018,0.892
735000,0.130,0.000,0.870
735500,0.126,0.001,0.873
736000,0.116,0.000,0.884
736500,0.119,0.006,0.875
737000,0.089,0.008,0.903
737500,0.174,0.000,0.826
738000,0.075,0.000,0.925
738500,0.119,0.002,0.879
739000,0.096,0.006,0.898
739500,0.051,0.027,0.922
740000,0.091,0.065,0.844
740500,0.076,0.011,0.913
741000,0.082,0.000,0.918
741500,0.116,0.006,0.878
742000,0.091,0.000,0.909
742500,0.067,0.000,0.933
743000,0.106,0.019,0.875
743500,0.124,0.006,0.870
744000,0.087,0.013,0.900
744500,0.103,0.005,0.892
745000,0.098,0.000,0.902
745500,0.096,0.008,0.896
746000,0.089,0.000,0.911
746500,0.135,0.000,0.865
747000,0.046,0.020,0.934
747500,0.115,0.000,0.885
748000,0.146,0.000,0.854
748500,0.074,0.013,0.913
749000,0.094,0.029,0.877
749500,0.093,0.006,0.901
750000,0.136,0.000,0.864
750500,0.074,0.011,0.915
751000,0.075,0.025,0.900
751500,0.087,0.006,0.907
752000,0.112,0.000,0.888
752500,0.061,0.007,0.932
753000,0.082,0.014,0.904
753500,0.114,0.007,0.879
754000,0.145,0.010,0.845
754500,0.116,0.001,0.883
755000,0.126,0.006,0.868
755500,0.073,0.004,0.923
756000,0.100,0.004,0.896
756500,0.070,0.032,0.898
757000,0.066,0.011,0.923
757500,0.053,0.061,0.886
758000,0.110,0.001,0.889
758500,0.082,0.010,0.908
759000,0.054,0.002,0.944
759500,0.047,0.048,0.905
760000,0.083,0.010,0.907
760500,0.065,0.000,0.935
761000,0.077,0.000,0.923
761500,0.044,0.037,0.919
762000,0.098,0.020,0.882
762500,0.063,0.020,0.917
763000,0.063,0.019,0.918
763500,0.049,0.028,0.923
764000,0.080,0.000,0.920
764500,0.069,0.009,0.922
765000,0.104,0.008,0.888
765500,0.116,0.023,0.861
766000,0.115,0.001,0.884
766500,0.155,0.000,0.845
767000,0.062,0.012,0.926
767500,0.054,0.024,0.922
768000,0.111,0.015,0.874
768500,0.079,0.020,0.901
769000,0.081,0.021,0.898
769500,0.130,0.000,0.870
770000,0.104,0.004,0.892
770500,0.116,0.000,0.884
771000,0.072,0.007,0.921
771500,0.090,0.022,0.888
772000,0.143,0.015,0.842
772500,0.124,0.001,0.875
773000,0.189,0.002,0.809
773500,0.143,0.009,0.848
774000,0.119,0.000,0.881
774500,0.107,0.000,0.893
775000,0.108,0.007,0.885
775500,0.038,0.030,0.932
776000,0.106,0.020,0.874
776500,0.090,0.001,0.909
777000,0.086,0.000,0.914
777500,0.141,0.006,0.853
778000,0.075,0.001,0.924
778500,0.106,0.000,0.894
779000,0.072,0.025,0.903
779500,0.036,0.009,0.955
780000,0.130,0.005,0.865
780500,0.151,0.001,0.848
781000,0.105,0.000,0.895
781500,0.093,0.000,0.907
782000,0.063,0.002,0.935
782500,0.109,0.014,0.877
783000,0.098,0.003,0.899
783500,0.105,0.021,0.874
784000,0.035,0.005,0.960
784500,0.051,0.032,0.917
785000,0.145,0.001,0.854
785500,0.065,0.014,0.921
786000,0.045,0.008,0.947
786500,0.107,0.001,0.892
787000,0.041,0.029,0.930
787500,0.086,0.015,0.899
788000,0.157,0.000,0.843
788500,0.096,0.013,0.891
789000,0.127,0.009,0.864
789500,0.124,0.003,0.873
790000,0.105,0.008,0.887
790500,0.090,0.042,0.868
791000,0.099,0.003,0.898
791500,0.102,0.011,0.887
792000,0.085,0.000,0.915
792500,0.120,0.000,0.880
793000,0.060,0.001,0.939
793500,0.106,0.010,0.884
794000,0.067,0.009,0.924
794500,0.069,0.007,0.924
795000,0.109,0.000,0.891
795500,0.057,0.015,0.928
796000,0.114,0.021,0.865
796500,0.070,0.003,0.927
797000,0.090,0.013,0.897
797500,0.104,0.006,0.890
798000,0.084,0.007,0.909
798500,0.109,0.007,0.884
799000,0.135,0.000,0.865
799500,0.114,0.019,0.867
800000,0.056,0.014,0.930
800500,0.043,0.059,0.898
801000,0.088,0.001,0.911
801500,0.119,0.000,0.881
802000,0.108,0.033,0.859
802500,0.108,0.000,0.892
803000,0.156,0.001,0.843
803500,0.117,0.000,0.883
804000,0.050,0.027,0.923
804500,0.077,0.006,0.917
805000,0.106,0.001,0.893
805500,0.035,0.033,0.932
806000,0.117,0.021,0.862
806500,0.089,0.000,0.911
807000,0.083,0.017,0.900
807500,0.040,0.022,0.938
808000,0.122,0.005,0.873
808500,0.123,0.000,0.877
809000,0.127,0.000,0.873
809500,0.091,0.018,0.891
810000,0.080,0.005,0.915
810500,0.034,0.020,0.946
811000,0.055,0.020,0.925
811500,0.077,0.012,0.911
812000,0.121,0.000,0.879
812500,0.095,0.002,0.903
813000,0.079,0.011,0.910
813500,0.107,0.015,0.878
814000,0.089,0.016,0.895
814500,0.103,0.000,0.897
815000,0.072,0.028,0.900
815500,0.084,0.014,0.902
816000,0.112,0.004,0.884
816500,0.089,0.000,0.911
817000,0.116,0.007,0.877
817500,0.100,0.037,0.863
818000,0.104,0.000,0.896
818500,0.120,0.003,0.877
819000,0.042,0.023,0.935
819500,0.103,0.019,0.878
820000,0.072,0.021,0.907
820500,0.145,0.015,0.840
821000,0.076,0.021,0.903
821500,0.059,0.014,0.927
822000,0.087,0.005,0.908
822500,0.046,0.047,0.907
823000,0.113,0.020,0.867
823500,0.106,0.005,0.889
824000,0.120,0.021,0.859
824500,0.114,0.020,0.866
825000,0.075,0.015,0.910
825500,0.049,0.019,0.932
826000,0.065,0.030,0.905
826500,0.099,0.000,0.901
827000,0.072,0.016,0.912
827500,0.073,0.004,0.923
828000,0.099,0.000,0.901
828500,0.064,0.017,0.919
829000,0.093,0.000,0.907
829500,0.182,0.000,0.818
830000,0.042,0.026,0.932
830500,0.070,0.005,0.925
831000,0.039,0.075,0.886
831500,0.045,0.034,0.921
832000,0.116,0.001,0.883
832500,0.106,0.003,0.891
833000,0.048,0.024,0.928
833500,0.132,0.004,0.864
834000,0.094,0.000,0.906
834500,0.122,0.000,0.878
835000,0.097,0.006,0.897
835500,0.136,0.000,0.864
836000,0.085,0.007,0.908
836500,0.138,0.001,0.861
837000,0.117,0.006,0.877
837500,0.046,0.005,0.949
838000,0.084,0.006,0.910
838500,0.116,0.000,0.884
839000,0.075,0.000,0.925
839500,0.071,0.026,0.903
840000,0.102,0.001,0.897
840500,0.083,0.000,0.917
841000,0.094,0.018,0.888
841500,0.058,0.019,0.923
842000,0.043,0.019,0.938
842500,0.066,0.040,0.894
843000,0.101,0.001,0.898
843500,0.066,0.006,0.928
844000,0.060,0.019,0.921
844500,0.036,0.031,0.933
845000,0.052,0.044,0.904
845500,0.095,0.007,0.898
846000,0.083,0.007,0.910
846500,0.168,0.000,0.832
847000,0.080,0.030,0.890
847500,0.093,0.013,0.894
848000,0.045,0.029,0.926
848500,0.055,0.056,0.889
849000,0.098,0.000,0.902
849500,0.070,0.000,0.930
850000,0.068,0.007,0.925
850500,0.125,0.001,0.874
851000,0.116,0.000,0.884
851500,0.121,0.000,0.879
852000,0.131,0.008,0.861
852500,0.132,0.001,0.867
853000,0.069,0.022,0.909
853500,0.080,0.000,0.920
854000,0.062,0.014,0.924
854500,0.063,0.025,0.912
855000,0.091,0.005,0.904
855500,0.153,0.003,0.844
856000,0.152,0.000,0.848
856500,0.151,0.000,0.849
857000,0.064,0.005,0.931
857500,0.056,0.039,0.905
858000,0.077,0.007,0.916
858500,0.045,0.035,0.920
859000,0.168,0.000,0.832
859500,0.120,0.004,0.876
860000,0.062,0.017,0.921
860500,0.076,0.010,0.914
861000,0.166,0.001,0.833
861500,0.114,0.000,0.886
862000,0.098,0.006,0.896
862500,0.116,0.000,0.884
863000,0.094,0.013,0.893
863500,0.117,0.000,0.883
864000,0.111,0.000,0.889
864500,0.104,0.000,0.896
865000,0.079,0.006,0.915
865500,0.097,0.013,0.890
866000,0.094,0.017,0.889
866500,0.055,0.007,0.938
867000,0.056,0.020,0.924
867500,0.130,0.011,0.859
868000,0.092,0.008,0.900
868500,0.057,0.020,0.923
869000,0.062,0.026,0.912
869500,0.107,0.001,0.892
870000,0.073,0.000,0.927
870500,0.128,0.000,0.872
871000,0.123,0.003,0.874
871500,0.062,0.027,0.911
872000,0.081,0.012,0.907
872500,0.147,0.005,0.848
873000,0.053,0.017,0.930
873500,0.053,0.016,0.931
874000,0.055,0.102,0.843
874500,0.065,0.002,0.933
875000,0.044,0.018,0.938
875500,0.067,0.008,0.925
876000,0.067,0.025,0.908
876500,0.064,0.004,0.932
877000,0.171,0.000,0.829
877500,0.142,0.000,0.858
878000,0.128,0.000,0.872
878500,0.083,0.014,0.903
879000,0.137,0.002,0.861
879500,0.052,0.026,0.922
880000,0.047,0.014,0.939
880500,0.063,0.004,0.933
881000,0.078,0.003,0.919
881500,0.089,0.000,0.911
882000,0.094,0.000,0.906
882500,0.069,0.034,0.897
883000,0.111,0.003,0.886
883500,0.068,0.010,0.922
884000,0.142,0.002,0.856
884500,0.147,0.001,0.852
885000,0.094,0.000,0.906
885500,0.068,0.015,0.917
886000,0.042,0.040,0.918
886500,0.079,0.018,0.903
887000,0.081,0.011,0.908
887500,0.107,0.000,0.893
888000,0.128,0.012,0.860
888500,0.062,0.017,0.921
889000,0.144,0.004,0.852
889500,0.090,0.000,0.910
890000,0.136,0.005,0.859
890500,0.167,0.002,0.831
891000,0.098,0.000,0.902
891500,0.073,0.025,0.902
892000,0.060,0.014,0.926
892500,0.152,0.000,0.848
893000,0.091,0.002,0.907
893500,0.078,0.029,0.893
894000,0.137,0.014,0.849
894500,0.077,0.005,0.918
895000,0.060,0.018,0.922
895500,0.031,0.045,0.924
896000,0.051,0.038,0.911
896500,0.065,0.003,0.932
897000,0.152,0.000,0.848
897500,0.071,0.007,0.922
898000,0.095,0.034,0.871
898500,0.075,0.019,0.906
899000,0.102,0.000,0.898
899500,0.087,0.019,0.894
900000,0.201,0.002,0.797
900500,0.139,0.000,0.861
901000,0.152,0.004,0.844
901500,0.109,0.015,0.876
902000,0.176,0.001,0.823
902500,0.093,0.004,0.903
903000,0.088,0.016,0.896
903500,0.154,0.001,0.845
904000,0.059,0.014,0.927
904500,0.085,0.002,0.913
905000,0.166,0.000,0.834
905500,0.085,0.000,0.915
906000,0.065,0.041,0.894
906500,0.088,0.024,0.888
907000,0.135,0.001,0.864
907500,0.063,0.015,0.922
908000,0.070,0.018,0.912
908500,0.047,0.014,0.939
909000,0.092,0.011,0.897
909500,0.102,0.002,0.896
910000,0.106,0.001,0.893
910500,0.059,0.014,0.927
911000,0.093,0.013,0.894
911500,0.103,0.006,0.891
912000,0.067,0.040,0.893
912500,0.095,0.001,0.904
913000,0.187,0.000,0.813
913500,0.067,0.028,0.905
914000,0.063,0.005,0.932
914500,0.090,0.008,0.902
915000,0.091,0.012,0.897
915500,0.059,0.004,0.937
916000,0.130,0.000,0.870
916500,0.109,0.009,0.882
917000,0.142,0.000,0.858
917500,0.107,0.036,0.857
918000,0.057,0.018,0.925
918500,0.050,0.047,0.903
919000,0.042,0.087,0.871
919500,0.073,0.001,0.926
920000,0.139,0.001,0.860
920500,0.066,0.000,0.934
921000,0.091,0.006,0.903
921500,0.106,0.012,0.882
922000,0.183,0.000,0.817
922500,0.049,0.016,0.935
923000,0.064,0.048,0.888
923500,0.084,0.022,0.894
924000,0.054,0.001,0.945
924500,0.101,0.002,0.897
925000,0.057,0.003,0.940
925500,0.089,0.017,0.894
926000,0.075,0.041,0.884
926500,0.103,0.018,0.879
927000,0.068,0.038,0.894
927500,0.094,0.017,0.889
928000,0.116,0.000,0.884
928500,0.117,0.001,0.882
929000,0.154,0.000,0.846
929500,0.163,0.001,0.836
930000,0.107,0.006,0.887
930500,0.067,0.032,0.901
931000,0.075,0.026,0.899
931500,0.053,0.012,0.935
932000,0.119,0.010,0.871
932500,0.085,0.038,0.877
933000,0.121,0.000,0.879
933500,0.107,0.020,0.873
934000,0.058,0.008,0.934
934500,0.086,0.004,0.910
935000,0.176,0.003,0.821
935500,0.118,0.000,0.882
936000,0.081,0.029,0.890
936500,0.059,0.012,0.929
937000,0.064,0.010,0.926
937500,0.116,0.001,0.883
938000,0.146,0.015,0.839
938500,0.099,0.008,0.893
939000,0.052,0.033,0.915
939500,0.047,0.012,0.941
940000,0.190,0.005,0.805
940500,0.142,0.000,0.858
941000,0.080,0.013,0.907
941500,0.180,0.000,0.820
942000,0.097,0.012,0.891
942500,0.087,0.006,0.907
943000,0.126,0.003,0.871
943500,0.116,0.015,0.869
944000,0.064,0.015,0.921
944500,0.085,0.010,0.905
945000,0.081,0.015,0.904
945500,0.127,0.000,0.873
946000,0.065,0.011,0.924
946500,0.093,0.003,0.904
947000,0.082,0.008,0.910
947500,0.120,0.017,0.863
948000,0.087,0.023,0.890
948500,0.118,0.007,0.875
949000,0.087,0.000,0.913
949500,0.059,0.004,0.937
950000,0.100,0.007,0.893
950500,0.042,0.043,0.915
951000,0.082,0.013,0.905
951500,0.110,0.000,0.890
952000,0.095,0.005,0.900
952500,0.059,0.029,0.912
953000,0.063,0.003,0.934
953500,0.091,0.009,0.900
954000,0.103,0.027,0.870
954500,0.088,0.013,0.899
955000,0.093,0.014,0.893
955500,0.061,0.015,0.924
956000,0.139,0.014,0.847
956500,0.085,0.000,0.915
957000,0.099,0.017,0.884
957500,0.053,0.017,0.930
958000,0.108,0.011,0.881
958500,0.134,0.000,0.866
959000,0.103,0.000,0.897
959500,0.110,0.000,0.890
960000,0.081,0.000,0.919
960500,0.127,0.002,0.871
961000,0.105,0.000,0.895
961500,0.122,0.000,0.878
962000,0.069,0.010,0.921
962500,0.128,0.015,0.857
963000,0.084,0.017,0.899
963500,0.094,0.028,0.878
964000,0.095,0.047,0.858
964500,0.098,0.000,0.902
965000,0.090,0.000,0.910
965500,0.147,0.018,0.835
966000,0.095,0.006,0.899
966500,0.102,0.017,0.881
967000,0.092,0.020,0.888
967500,0.053,0.016,0.931
968000,0.093,0.030,0.877
968500,0.092,0.002,0.906
969000,0.107,0.007,0.886
969500,0.087,0.006,0.907
970000,0.058,0.001,0.941
970500,0.060,0.004,0.936
971000,0.097,0.010,0.893
971500,0.103,0.000,0.897
972000,0.103,0.003,0.894
972500,0.126,0.013,0.861
973000,0.051,0.035,0.914
973500,0.084,0.028,0.888
974000,0.073,0.000,0.927
974500,0.118,0.000,0.882
975000,0.072,0.030,0.898
975500,0.127,0.016,0.857
976000,0.107,0.000,0.893
976500,0.032,0.043,0.925
977000,0.121,0.011,0.868
977500,0.095,0.027,0.878
978000,0.095,0.002,0.903
978500,0.108,0.006,0.886
979000,0.089,0.017,0.894
979500,0.043,0.043,0.914
980000,0.114,0.005,0.881
980500,0.041,0.040,0.919
981000,0.052,0.008,0.940
981500,0.123,0.019,0.858
982000,0.127,0.000,0.873
982500,0.055,0.029,0.916
983000,0.084,0.035,0.881
983500,0.052,0.015,0.933
984000,0.132,0.002,0.866
984500,0.048,0.003,0.949
985000,0.098,0.016,0.886
985500,0.079,0.014,0.907
986000,0.084,0.012,0.904
986500,0.139,0.001,0.860
987000,0.148,0.020,0.832
987500,0.117,0.005,0.878
988000,0.080,0.000,0.920
988500,0.110,0.000,0.890
989000,0.071,0.022,0.907
989500,0.057,0.018,0.925
990000,0.124,0.000,0.876
990500,0.069,0.010,0.921
991000,0.073,0.000,0.927
991500,0.059,0.017,0.924
992000,0.033,0.044,0.923
992500,0.053,0.013,0.934
993000,0.117,0.000,0.883
993500,0.110,0.015,0.875
994000,0.060,0.003,0.937
994500,0.090,0.088,0.822
995000,0.039,0.023,0.938
995500,0.064,0.014,0.922
996000,0.102,0.002,0.896
996500,0.098,0.047,0.855
997000,0.064,0.002,0.934
997500,0.129,0.000,0.871
998000,0.062,0.006,0.932
998500,0.079,0.021,0.900
999000,0.073,0.005,0.922
999500,0.129,0.000,0.871
1000000,0.130,0.000,0.870
