time,n_A+p,n_B,n_AB
500,0.050,0.824,0.126
1000,0.050,0.695,0.255
1500,0.050,0.538,0.412
2000,0.051,0.459,0.490
2500,0.054,0.426,0.520
3000,0.053,0.454,0.493
3500,0.053,0.489,0.458
4000,0.057,0.440,0.503
4500,0.081,0.371,0.548
5000,0.056,0.431,0.513
5500,0.052,0.466,0.482
6000,0.050,0.535,0.415
6500,0.053,0.424,0.523
7000,0.062,0.420,0.518
7500,0.061,0.386,0.553
8000,0.059,0.432,0.509
8500,0.061,0.342,0.597
9000,0.052,0.444,0.504
9500,0.059,0.400,0.541
10000,0.060,0.410,0.530
10500,0.056,0.425,0.519
11000,0.053,0.433,0.514
11500,0.054,0.407,0.539
12000,0.067,0.362,0.571
12500,0.052,0.377,0.571
13000,0.067,0.372,0.561
13500,0.067,0.325,0.608
14000,0.088,0.281,0.631
14500,0.105,0.284,0.611
15000,0.086,0.271,0.643
15500,0.094,0.231,0.675
16000,0.133,0.225,0.642
16500,0.147,0.186,0.667
17000,0.158,0.192,0.650
17500,0.111,0.178,0.711
18000,0.193,0.155,0.652
18500,0.375,0.053,0.572
19000,0.581,0.006,0.413
19500,0.701,0.001,0.298
20000,0.811,0.000,0.189
20500,0.866,0.000,0.134
21000,0.855,0.000,0.145
21500,0.885,0.000,0.115
22000,0.855,0.000,0.145
22500,0.873,0.000,0.127
23000,0.884,0.000,0.116
23500,0.916,0.000,0.084
24000,0.944,0.000,0.056
24500,0.948,0.000,0.052
25000,0.956,0.000,0.044
25500,0.954,0.000,0.046
26000,0.908,0.000,0.092
26500,0.904,0.000,0.096
27000,0.924,0.000,0.076
27500,0.944,0.000,0.056
28000,0.959,0.000,0.041
28500,0.972,0.000,0.028
29000,0.985,0.000,0.015
29500,0.985,0.000,0.015
30000,0.985,0.000,0.015
30500,0.983,0.000,0.017
31000,0.974,0.000,0.026
31500,0.955,0.000,0.045
32000,0.969,0.000,0.031
32500,0.991,0.000,0.009
33000,0.996,0.000,0.004
33500,0.998,0.000,0.002
34000,1.000,0.000,0.000
