time,n_A+p,n_B,n_AB
100,0.393,0.459,0.149
200,0.393,0.446,0.161
300,0.347,0.426,0.227
400,0.306,0.434,0.260
500,0.364,0.380,0.256
600,0.293,0.401,0.306
700,0.310,0.360,0.331
800,0.339,0.388,0.273
900,0.281,0.471,0.248
1000,0.322,0.397,0.281
1100,0.314,0.430,0.256
1200,0.331,0.438,0.231
1300,0.281,0.446,0.273
1400,0.318,0.434,0.248
1500,0.302,0.430,0.269
1600,0.269,0.471,0.260
1700,0.269,0.500,0.231
1800,0.236,0.471,0.293
1900,0.293,0.459,0.248
2000,0.298,0.442,0.260
2100,0.273,0.475,0.252
2200,0.256,0.479,0.264
2300,0.252,0.483,0.264
2400,0.260,0.488,0.252
2500,0.223,0.525,0.252
2600,0.240,0.533,0.227
2700,0.256,0.537,0.207
2800,0.260,0.504,0.236
2900,0.289,0.384,0.326
3000,0.231,0.467,0.302
3100,0.231,0.463,0.306
3200,0.219,0.541,0.240
3300,0.215,0.554,0.231
3400,0.248,0.483,0.269
3500,0.289,0.459,0.252
3600,0.252,0.492,0.256
3700,0.198,0.483,0.318
3800,0.289,0.483,0.227
3900,0.236,0.529,0.236
4000,0.215,0.525,0.260
4100,0.223,0.533,0.244
4200,0.215,0.545,0.240
4300,0.231,0.550,0.219
4400,0.202,0.574,0.223
4500,0.215,0.562,0.223
4600,0.153,0.612,0.236
4700,0.145,0.632,0.223
4800,0.132,0.645,0.223
4900,0.149,0.632,0.219
5000,0.157,0.636,0.207
5100,0.145,0.599,0.256
5200,0.145,0.628,0.227
5300,0.128,0.640,0.231
5400,0.169,0.620,0.211
5500,0.116,0.649,0.236
5600,0.087,0.674,0.240
5700,0.107,0.665,0.227
5800,0.099,0.707,0.194
5900,0.132,0.727,0.140
6000,0.145,0.731,0.124
6100,0.136,0.686,0.178
6200,0.107,0.698,0.194
6300,0.120,0.715,0.165
6400,0.145,0.690,0.165
6500,0.145,0.682,0.174
6600,0.153,0.674,0.174
6700,0.124,0.715,0.161
6800,0.116,0.715,0.169
6900,0.087,0.740,0.174
7000,0.103,0.744,0.153
7100,0.116,0.731,0.153
7200,0.136,0.711,0.153
7300,0.116,0.723,0.161
7400,0.128,0.702,0.169
7500,0.107,0.698,0.194
7600,0.112,0.682,0.207
7700,0.091,0.694,0.215
7800,0.112,0.711,0.178
7900,0.095,0.727,0.178
8000,0.107,0.727,0.165
8100,0.095,0.740,0.165
8200,0.070,0.793,0.136
8300,0.062,0.756,0.182
8400,0.095,0.756,0.149
8500,0.112,0.744,0.145
8600,0.083,0.760,0.157
8700,0.107,0.727,0.165
8800,0.087,0.748,0.165
8900,0.079,0.731,0.190
9000,0.107,0.694,0.198
9100,0.095,0.769,0.136
9200,0.103,0.777,0.120
9300,0.091,0.756,0.153
9400,0.066,0.773,0.161
9500,0.087,0.781,0.132
9600,0.066,0.789,0.145
9700,0.095,0.756,0.149
9800,0.128,0.715,0.157
9900,0.120,0.702,0.178
10000,0.140,0.686,0.174
10100,0.124,0.698,0.178
10200,0.083,0.760,0.157
10300,0.070,0.798,0.132
10400,0.062,0.769,0.169
10500,0.062,0.785,0.153
10600,0.062,0.752,0.186
10700,0.070,0.777,0.153
10800,0.083,0.781,0.136
10900,0.103,0.756,0.140
11000,0.157,0.723,0.120
11100,0.140,0.694,0.165
11200,0.136,0.698,0.165
11300,0.095,0.723,0.182
11400,0.091,0.744,0.165
11500,0.103,0.748,0.149
11600,0.091,0.773,0.136
11700,0.091,0.748,0.161
11800,0.107,0.715,0.178
11900,0.091,0.723,0.186
12000,0.087,0.756,0.157
12100,0.066,0.793,0.140
12200,0.062,0.835,0.103
12300,0.062,0.835,0.103
12400,0.066,0.851,0.083
12500,0.083,0.818,0.099
12600,0.091,0.798,0.112
12700,0.062,0.789,0.149
12800,0.099,0.744,0.157
12900,0.124,0.719,0.157
13000,0.116,0.711,0.174
13100,0.128,0.707,0.165
13200,0.120,0.711,0.169
13300,0.095,0.781,0.124
13400,0.070,0.764,0.165
13500,0.079,0.727,0.194
13600,0.058,0.760,0.182
13700,0.091,0.773,0.136
13800,0.103,0.740,0.157
13900,0.095,0.764,0.140
14000,0.091,0.694,0.215
14100,0.095,0.686,0.219
14200,0.107,0.587,0.306
14300,0.149,0.603,0.248
14400,0.178,0.570,0.252
14500,0.223,0.450,0.326
14600,0.289,0.459,0.252
14700,0.335,0.409,0.256
14800,0.293,0.413,0.293
14900,0.343,0.376,0.281
15000,0.314,0.401,0.285
15100,0.310,0.380,0.310
15200,0.380,0.355,0.264
15300,0.438,0.310,0.252
15400,0.430,0.360,0.211
15500,0.426,0.306,0.269
15600,0.351,0.306,0.343
15700,0.347,0.347,0.306
15800,0.302,0.380,0.318
15900,0.293,0.413,0.293
16000,0.310,0.393,0.298
16100,0.318,0.430,0.252
16200,0.393,0.360,0.248
16300,0.393,0.314,0.293
16400,0.409,0.347,0.244
16500,0.405,0.314,0.281
16600,0.426,0.318,0.256
16700,0.430,0.285,0.285
16800,0.442,0.269,0.289
16900,0.459,0.244,0.298
17000,0.541,0.202,0.256
17100,0.566,0.140,0.293
17200,0.558,0.149,0.293
17300,0.525,0.186,0.289
17400,0.521,0.219,0.260
17500,0.504,0.219,0.277
17600,0.529,0.211,0.260
17700,0.545,0.198,0.256
17800,0.579,0.194,0.227
17900,0.657,0.157,0.186
18000,0.674,0.136,0.190
18100,0.715,0.079,0.207
18200,0.715,0.099,0.186
18300,0.769,0.083,0.149
18400,0.773,0.079,0.149
18500,0.818,0.041,0.140
18600,0.769,0.054,0.178
18700,0.793,0.050,0.157
18800,0.802,0.029,0.169
18900,0.810,0.025,0.165
19000,0.839,0.012,0.149
19100,0.888,0.012,0.099
19200,0.893,0.017,0.091
19300,0.893,0.017,0.091
19400,0.893,0.021,0.087
19500,0.897,0.029,0.074
19600,0.897,0.050,0.054
19700,0.897,0.041,0.062
19800,0.905,0.037,0.058
19900,0.901,0.025,0.074
20000,0.893,0.017,0.091
20100,0.880,0.029,0.091
20200,0.905,0.017,0.079
20300,0.897,0.021,0.083
20400,0.909,0.008,0.083
20500,0.938,0.004,0.058
20600,0.955,0.004,0.041
20700,0.959,0.004,0.037
20800,0.967,0.004,0.029
20900,0.955,0.004,0.041
21000,0.983,0.004,0.012
21100,0.979,0.000,0.021
21200,0.988,0.000,0.012
21300,0.983,0.000,0.017
21400,0.988,0.000,0.012
21500,0.996,0.000,0.004
21600,1.000,0.000,0.000
