time,n_A+p,n_B,n_AB
500,0.030,0.383,0.587
1000,0.030,0.182,0.788
1500,0.030,0.283,0.687
2000,0.030,0.276,0.694
2500,0.030,0.292,0.678
3000,0.030,0.286,0.684
3500,0.030,0.241,0.729
4000,0.030,0.372,0.598
4500,0.030,0.409,0.561
5000,0.033,0.336,0.631
5500,0.030,0.282,0.688
6000,0.030,0.336,0.634
6500,0.030,0.149,0.821
7000,0.030,0.433,0.537
7500,0.030,0.326,0.644
8000,0.030,0.351,0.619
8500,0.030,0.318,0.652
9000,0.030,0.321,0.649
9500,0.030,0.316,0.654
10000,0.030,0.419,0.551
10500,0.030,0.250,0.720
11000,0.030,0.418,0.552
11500,0.030,0.243,0.727
12000,0.030,0.363,0.607
12500,0.030,0.204,0.766
13000,0.030,0.347,0.623
13500,0.030,0.391,0.579
14000,0.030,0.222,0.748
14500,0.030,0.331,0.639
15000,0.030,0.192,0.778
15500,0.030,0.255,0.715
16000,0.030,0.317,0.653
16500,0.030,0.334,0.636
17000,0.030,0.199,0.771
17500,0.030,0.288,0.682
18000,0.030,0.190,0.780
18500,0.030,0.177,0.793
19000,0.030,0.196,0.774
19500,0.030,0.375,0.595
20000,0.030,0.245,0.725
20500,0.030,0.277,0.693
21000,0.030,0.362,0.608
21500,0.030,0.177,0.793
22000,0.030,0.298,0.672
22500,0.030,0.550,0.420
23000,0.030,0.304,0.666
23500,0.030,0.306,0.664
24000,0.030,0.273,0.697
24500,0.030,0.299,0.671
25000,0.030,0.360,0.610
25500,0.030,0.342,0.628
26000,0.030,0.225,0.745
26500,0.030,0.305,0.665
27000,0.030,0.213,0.757
27500,0.030,0.319,0.651
28000,0.030,0.269,0.701
28500,0.030,0.259,0.711
29000,0.030,0.220,0.750
29500,0.030,0.370,0.600
30000,0.030,0.239,0.731
30500,0.030,0.522,0.448
31000,0.030,0.273,0.697
31500,0.030,0.296,0.674
32000,0.030,0.239,0.731
32500,0.030,0.223,0.747
33000,0.030,0.367,0.603
33500,0.030,0.184,0.786
34000,0.030,0.251,0.719
34500,0.030,0.398,0.572
35000,0.030,0.309,0.661
35500,0.034,0.249,0.717
36000,0.030,0.393,0.577
36500,0.030,0.272,0.698
37000,0.030,0.334,0.636
37500,0.030,0.260,0.710
38000,0.030,0.391,0.579
38500,0.030,0.301,0.669
39000,0.030,0.237,0.733
39500,0.030,0.339,0.631
40000,0.030,0.357,0.613
40500,0.030,0.292,0.678
41000,0.030,0.441,0.529
41500,0.030,0.312,0.658
42000,0.030,0.242,0.728
42500,0.030,0.336,0.634
43000,0.030,0.216,0.754
43500,0.030,0.344,0.626
44000,0.030,0.242,0.728
44500,0.030,0.421,0.549
45000,0.030,0.324,0.646
45500,0.030,0.316,0.654
46000,0.030,0.436,0.534
46500,0.030,0.271,0.699
47000,0.030,0.360,0.610
47500,0.030,0.269,0.701
48000,0.030,0.424,0.546
48500,0.030,0.359,0.611
49000,0.030,0.383,0.587
49500,0.030,0.271,0.699
50000,0.030,0.304,0.666
50500,0.030,0.508,0.462
51000,0.030,0.472,0.498
51500,0.030,0.262,0.708
52000,0.030,0.450,0.520
52500,0.030,0.298,0.672
53000,0.030,0.312,0.658
53500,0.030,0.440,0.530
54000,0.030,0.304,0.666
54500,0.030,0.264,0.706
55000,0.030,0.258,0.712
55500,0.030,0.261,0.709
56000,0.030,0.430,0.540
56500,0.030,0.234,0.736
57000,0.030,0.396,0.574
57500,0.030,0.423,0.547
58000,0.030,0.509,0.461
58500,0.030,0.257,0.713
59000,0.030,0.459,0.511
59500,0.030,0.238,0.732
60000,0.030,0.394,0.576
60500,0.030,0.224,0.746
61000,0.030,0.329,0.641
61500,0.030,0.347,0.623
62000,0.030,0.366,0.604
62500,0.030,0.477,0.493
63000,0.030,0.529,0.441
63500,0.030,0.376,0.594
64000,0.030,0.352,0.618
64500,0.030,0.206,0.764
65000,0.030,0.354,0.616
65500,0.030,0.390,0.580
66000,0.030,0.381,0.589
66500,0.030,0.442,0.528
67000,0.030,0.317,0.653
67500,0.676,0.000,0.324
68000,1.000,0.000,0.000
