time,n_A+p,n_B,n_AB
500,0.030,0.441,0.529
1000,0.032,0.221,0.747
1500,0.030,0.315,0.655
2000,0.030,0.239,0.731
2500,0.048,0.080,0.872
3000,0.113,0.091,0.796
3500,0.564,0.000,0.436
4000,0.703,0.000,0.297
4500,0.787,0.000,0.213
5000,0.797,0.000,0.203
5500,0.778,0.000,0.222
6000,0.809,0.000,0.191
6500,0.743,0.000,0.257
7000,0.864,0.000,0.136
7500,0.824,0.000,0.176
8000,0.902,0.000,0.098
8500,0.996,0.000,0.004
9000,1.000,0.000,0.000
