time,n_A+p,n_B,n_AB
500,0.010,0.333,0.657
1000,0.010,0.395,0.595
1500,0.010,0.583,0.407
2000,0.010,0.400,0.590
2500,0.010,0.352,0.638
3000,0.010,0.629,0.361
3500,0.010,0.537,0.453
4000,0.010,0.669,0.321
4500,0.010,0.656,0.334
5000,0.010,0.378,0.612
5500,0.010,0.631,0.359
6000,0.010,0.473,0.517
6500,0.010,0.460,0.530
7000,0.010,0.498,0.492
7500,0.010,0.635,0.355
8000,0.010,0.825,0.165
8500,0.010,0.334,0.656
9000,0.010,0.445,0.545
9500,0.010,0.561,0.429
10000,0.010,0.416,0.574
10500,0.010,0.404,0.586
11000,0.010,0.370,0.620
11500,0.010,0.376,0.614
12000,0.010,0.583,0.407
12500,0.010,0.733,0.257
13000,0.010,0.611,0.379
13500,0.010,0.621,0.369
14000,0.010,0.389,0.601
14500,0.010,0.507,0.483
15000,0.010,0.553,0.437
15500,0.010,0.500,0.490
16000,0.010,0.492,0.498
16500,0.010,0.328,0.662
17000,0.010,0.553,0.437
17500,0.010,0.532,0.458
18000,0.010,0.342,0.648
18500,0.010,0.420,0.570
19000,0.010,0.528,0.462
19500,0.010,0.708,0.282
20000,0.010,0.539,0.451
20500,0.010,0.434,0.556
21000,0.010,0.587,0.403
21500,0.010,0.617,0.373
22000,0.010,0.450,0.540
22500,0.010,0.619,0.371
23000,0.010,0.556,0.434
23500,0.010,0.439,0.551
24000,0.010,0.510,0.480
24500,0.010,0.510,0.480
25000,0.010,0.527,0.463
25500,0.010,0.544,0.446
26000,0.010,0.360,0.630
26500,0.010,0.387,0.603
27000,0.010,0.529,0.461
27500,0.010,0.506,0.484
28000,0.010,0.544,0.446
28500,0.010,0.426,0.564
29000,0.010,0.422,0.568
29500,0.010,0.440,0.550
30000,0.010,0.671,0.319
30500,0.010,0.529,0.461
31000,0.010,0.411,0.579
31500,0.010,0.543,0.447
32000,0.010,0.429,0.561
32500,0.010,0.745,0.245
33000,0.010,0.520,0.470
33500,0.010,0.560,0.430
34000,0.010,0.470,0.520
34500,0.010,0.570,0.420
35000,0.010,0.707,0.283
35500,0.010,0.457,0.533
36000,0.010,0.644,0.346
36500,0.010,0.461,0.529
37000,0.010,0.462,0.528
37500,0.010,0.547,0.443
38000,0.010,0.523,0.467
38500,0.010,0.663,0.327
39000,0.010,0.473,0.517
39500,0.010,0.396,0.594
40000,0.010,0.620,0.370
40500,0.010,0.721,0.269
41000,0.010,0.900,0.090
41500,0.010,0.781,0.209
42000,0.010,0.682,0.308
42500,0.010,0.350,0.640
43000,0.010,0.558,0.432
43500,0.010,0.637,0.353
44000,0.010,0.412,0.578
44500,0.010,0.578,0.412
45000,0.010,0.622,0.368
45500,0.010,0.619,0.371
46000,0.010,0.512,0.478
46500,0.010,0.671,0.319
47000,0.010,0.515,0.475
47500,0.010,0.483,0.507
48000,0.010,0.394,0.596
48500,0.010,0.604,0.386
49000,0.010,0.498,0.492
49500,0.010,0.690,0.300
50000,0.010,0.603,0.387
50500,0.010,0.632,0.358
51000,0.010,0.656,0.334
51500,0.010,0.478,0.512
52000,0.010,0.525,0.465
52500,0.010,0.394,0.596
53000,0.010,0.407,0.583
53500,0.010,0.604,0.386
54000,0.010,0.407,0.583
54500,0.010,0.372,0.618
55000,0.010,0.577,0.413
55500,0.010,0.399,0.591
56000,0.010,0.607,0.383
56500,0.010,0.655,0.335
57000,0.010,0.687,0.303
57500,0.010,0.462,0.528
58000,0.010,0.597,0.393
58500,0.010,0.546,0.444
59000,0.010,0.621,0.369
59500,0.010,0.569,0.421
60000,0.010,0.647,0.343
60500,0.010,0.387,0.603
61000,0.010,0.459,0.531
61500,0.010,0.366,0.624
62000,0.010,0.407,0.583
62500,0.010,0.499,0.491
63000,0.010,0.476,0.514
63500,0.010,0.417,0.573
64000,0.010,0.431,0.559
64500,0.010,0.602,0.388
65000,0.010,0.389,0.601
65500,0.010,0.766,0.224
66000,0.010,0.765,0.225
66500,0.010,0.755,0.235
67000,0.010,0.452,0.538
67500,0.010,0.581,0.409
68000,0.010,0.588,0.402
68500,0.010,0.573,0.417
69000,0.010,0.624,0.366
69500,0.010,0.526,0.464
70000,0.010,0.529,0.461
70500,0.010,0.244,0.746
71000,0.010,0.519,0.471
71500,0.010,0.673,0.317
72000,0.010,0.423,0.567
72500,0.010,0.616,0.374
73000,0.010,0.518,0.472
73500,0.010,0.521,0.469
74000,0.010,0.537,0.453
74500,0.010,0.646,0.344
75000,0.010,0.341,0.649
75500,0.010,0.378,0.612
76000,0.010,0.640,0.350
76500,0.010,0.426,0.564
77000,0.010,0.632,0.358
77500,0.010,0.474,0.516
78000,0.010,0.591,0.399
78500,0.010,0.417,0.573
79000,0.010,0.506,0.484
79500,0.010,0.425,0.565
80000,0.010,0.632,0.358
80500,0.010,0.515,0.475
81000,0.010,0.583,0.407
81500,0.010,0.682,0.308
82000,0.010,0.475,0.515
82500,0.010,0.532,0.458
83000,0.010,0.444,0.546
83500,0.010,0.637,0.353
84000,0.010,0.402,0.588
84500,0.010,0.674,0.316
85000,0.010,0.606,0.384
85500,0.010,0.635,0.355
86000,0.010,0.865,0.125
86500,0.010,0.603,0.387
87000,0.010,0.747,0.243
87500,0.010,0.627,0.363
88000,0.010,0.438,0.552
88500,0.010,0.490,0.500
89000,0.010,0.462,0.528
89500,0.010,0.861,0.129
90000,0.010,0.545,0.445
90500,0.010,0.598,0.392
91000,0.010,0.318,0.672
91500,0.010,0.479,0.511
92000,0.010,0.594,0.396
92500,0.010,0.709,0.281
93000,0.010,0.539,0.451
93500,0.010,0.479,0.511
94000,0.010,0.527,0.463
94500,0.010,0.607,0.383
95000,0.010,0.759,0.231
95500,0.010,0.424,0.566
96000,0.010,0.730,0.260
96500,0.010,0.671,0.319
97000,0.010,0.643,0.347
97500,0.010,0.471,0.519
98000,0.010,0.311,0.679
98500,0.010,0.647,0.343
99000,0.010,0.525,0.465
99500,0.010,0.550,0.440
100000,0.010,0.695,0.295
100500,0.010,0.539,0.451
101000,0.010,0.656,0.334
101500,0.010,0.539,0.451
102000,0.010,0.424,0.566
102500,0.010,0.618,0.372
103000,0.010,0.536,0.454
103500,0.010,0.652,0.338
104000,0.010,0.566,0.424
104500,0.010,0.487,0.503
105000,0.010,0.451,0.539
105500,0.010,0.502,0.488
106000,0.010,0.737,0.253
106500,0.010,0.313,0.677
107000,0.010,0.504,0.486
107500,0.010,0.569,0.421
108000,0.010,0.502,0.488
108500,0.010,0.512,0.478
109000,0.010,0.468,0.522
109500,0.010,0.488,0.502
110000,0.010,0.552,0.438
110500,0.010,0.454,0.536
111000,0.010,0.529,0.461
111500,0.010,0.508,0.482
112000,0.010,0.596,0.394
112500,0.010,0.546,0.444
113000,0.010,0.439,0.551
113500,0.010,0.495,0.495
114000,0.010,0.597,0.393
114500,0.010,0.637,0.353
115000,0.010,0.369,0.621
115500,0.010,0.630,0.360
116000,0.010,0.667,0.323
116500,0.010,0.472,0.518
117000,0.010,0.567,0.423
117500,0.010,0.432,0.558
118000,0.010,0.347,0.643
118500,0.010,0.453,0.537
119000,0.010,0.510,0.480
119500,0.010,0.377,0.613
120000,0.010,0.408,0.582
120500,0.010,0.535,0.455
121000,0.010,0.495,0.495
121500,0.010,0.505,0.485
122000,0.010,0.590,0.400
122500,0.010,0.509,0.481
123000,0.010,0.433,0.557
123500,0.010,0.555,0.435
124000,0.010,0.450,0.540
124500,0.010,0.588,0.402
125000,0.010,0.351,0.639
125500,0.010,0.469,0.521
126000,0.010,0.533,0.457
126500,0.010,0.357,0.633
127000,0.010,0.644,0.346
127500,0.010,0.609,0.381
128000,0.010,0.493,0.497
128500,0.010,0.495,0.495
129000,0.010,0.520,0.470
129500,0.010,0.616,0.374
130000,0.010,0.509,0.481
130500,0.010,0.440,0.550
131000,0.010,0.489,0.501
131500,0.010,0.592,0.398
132000,0.010,0.521,0.469
132500,0.010,0.410,0.580
133000,0.010,0.497,0.493
133500,0.010,0.458,0.532
134000,0.010,0.727,0.263
134500,0.010,0.497,0.493
135000,0.010,0.475,0.515
135500,0.010,0.440,0.550
136000,0.010,0.487,0.503
136500,0.010,0.503,0.487
137000,0.010,0.392,0.598
137500,0.010,0.391,0.599
138000,0.010,0.388,0.602
138500,0.010,0.750,0.240
139000,0.010,0.499,0.491
139500,0.010,0.567,0.423
140000,0.010,0.354,0.636
140500,0.010,0.531,0.459
141000,0.010,0.538,0.452
141500,0.010,0.408,0.582
142000,0.010,0.378,0.612
142500,0.010,0.504,0.486
143000,0.010,0.432,0.558
143500,0.010,0.471,0.519
144000,0.010,0.562,0.428
144500,0.010,0.383,0.607
145000,0.010,0.464,0.526
145500,0.010,0.568,0.422
146000,0.010,0.483,0.507
146500,0.010,0.306,0.684
147000,0.010,0.367,0.623
147500,0.010,0.594,0.396
148000,0.010,0.604,0.386
148500,0.010,0.395,0.595
149000,0.010,0.818,0.172
149500,0.010,0.665,0.325
150000,0.010,0.479,0.511
150500,0.010,0.512,0.478
151000,0.010,0.362,0.628
151500,0.010,0.554,0.436
152000,0.010,0.559,0.431
152500,0.010,0.536,0.454
153000,0.010,0.525,0.465
153500,0.010,0.438,0.552
154000,0.010,0.369,0.621
154500,0.010,0.626,0.364
155000,0.010,0.543,0.447
155500,0.010,0.470,0.520
156000,0.010,0.477,0.513
156500,0.010,0.412,0.578
157000,0.010,0.409,0.581
157500,0.010,0.571,0.419
158000,0.010,0.438,0.552
158500,0.010,0.485,0.505
159000,0.010,0.631,0.359
159500,0.010,0.648,0.342
160000,0.010,0.472,0.518
160500,0.010,0.325,0.665
161000,0.010,0.705,0.285
161500,0.010,0.508,0.482
162000,0.010,0.554,0.436
162500,0.010,0.560,0.430
163000,0.010,0.371,0.619
163500,0.010,0.511,0.479
164000,0.010,0.651,0.339
164500,0.010,0.423,0.567
165000,0.010,0.442,0.548
165500,0.010,0.558,0.432
166000,0.010,0.501,0.489
166500,0.010,0.542,0.448
167000,0.010,0.416,0.574
167500,0.010,0.339,0.651
168000,0.010,0.552,0.438
168500,0.010,0.545,0.445
169000,0.010,0.624,0.366
169500,0.010,0.390,0.600
170000,0.010,0.504,0.486
170500,0.010,0.422,0.568
171000,0.010,0.685,0.305
171500,0.010,0.525,0.465
172000,0.010,0.711,0.279
172500,0.010,0.414,0.576
173000,0.010,0.468,0.522
173500,0.010,0.518,0.472
174000,0.010,0.704,0.286
174500,0.010,0.426,0.564
175000,0.010,0.609,0.381
175500,0.010,0.653,0.337
176000,0.010,0.373,0.617
176500,0.010,0.656,0.334
177000,0.010,0.464,0.526
177500,0.010,0.380,0.610
178000,0.010,0.426,0.564
178500,0.010,0.621,0.369
179000,0.010,0.463,0.527
179500,0.010,0.664,0.326
180000,0.010,0.416,0.574
180500,0.010,0.587,0.403
181000,0.010,0.736,0.254
181500,0.010,0.646,0.344
182000,0.010,0.669,0.321
182500,0.010,0.747,0.243
183000,0.010,0.458,0.532
183500,0.010,0.365,0.625
184000,0.010,0.599,0.391
184500,0.010,0.439,0.551
185000,0.010,0.426,0.564
185500,0.010,0.484,0.506
186000,0.010,0.405,0.585
186500,0.010,0.702,0.288
187000,0.010,0.321,0.669
187500,0.010,0.518,0.472
188000,0.010,0.496,0.494
188500,0.010,0.399,0.591
189000,0.010,0.520,0.470
189500,0.010,0.508,0.482
190000,0.010,0.619,0.371
190500,0.010,0.566,0.424
191000,0.010,0.470,0.520
191500,0.010,0.489,0.501
192000,0.010,0.500,0.490
192500,0.010,0.492,0.498
193000,0.010,0.420,0.570
193500,0.010,0.562,0.428
194000,0.010,0.736,0.254
194500,0.010,0.437,0.553
195000,0.010,0.240,0.750
195500,0.010,0.616,0.374
196000,0.010,0.583,0.407
196500,0.010,0.401,0.589
197000,0.010,0.465,0.525
197500,0.010,0.590,0.400
198000,0.010,0.370,0.620
198500,0.010,0.485,0.505
199000,0.010,0.666,0.324
199500,0.010,0.583,0.407
200000,0.010,0.503,0.487
200500,0.010,0.630,0.360
201000,0.010,0.646,0.344
201500,0.010,0.506,0.484
202000,0.010,0.546,0.444
202500,0.010,0.525,0.465
203000,0.010,0.685,0.305
203500,0.010,0.695,0.295
204000,0.010,0.667,0.323
204500,0.010,0.396,0.594
205000,0.010,0.511,0.479
205500,0.010,0.697,0.293
206000,0.010,0.572,0.418
206500,0.010,0.439,0.551
207000,0.010,0.604,0.386
207500,0.010,0.475,0.515
208000,0.010,0.451,0.539
208500,0.010,0.487,0.503
209000,0.010,0.475,0.515
209500,0.010,0.633,0.357
210000,0.010,0.387,0.603
210500,0.010,0.531,0.459
211000,0.010,0.351,0.639
211500,0.010,0.557,0.433
212000,0.010,0.426,0.564
212500,0.010,0.431,0.559
213000,0.010,0.434,0.556
213500,0.010,0.735,0.255
214000,0.010,0.460,0.530
214500,0.010,0.411,0.579
215000,0.010,0.521,0.469
215500,0.010,0.546,0.444
216000,0.010,0.632,0.358
216500,0.010,0.585,0.405
217000,0.010,0.407,0.583
217500,0.010,0.357,0.633
218000,0.010,0.671,0.319
218500,0.010,0.612,0.378
219000,0.010,0.635,0.355
219500,0.010,0.590,0.400
220000,0.010,0.537,0.453
220500,0.010,0.440,0.550
221000,0.010,0.326,0.664
221500,0.010,0.500,0.490
222000,0.010,0.574,0.416
222500,0.010,0.574,0.416
223000,0.010,0.398,0.592
223500,0.010,0.467,0.523
224000,0.010,0.679,0.311
224500,0.010,0.552,0.438
225000,0.010,0.648,0.342
225500,0.010,0.413,0.577
226000,0.010,0.502,0.488
226500,0.010,0.482,0.508
227000,0.010,0.617,0.373
227500,0.010,0.520,0.470
228000,0.010,0.580,0.410
228500,0.010,0.525,0.465
229000,0.010,0.498,0.492
229500,0.010,0.524,0.466
230000,0.010,0.514,0.476
230500,0.010,0.418,0.572
231000,0.010,0.457,0.533
231500,0.010,0.542,0.448
232000,0.010,0.518,0.472
232500,0.010,0.801,0.189
233000,0.010,0.675,0.315
233500,0.010,0.505,0.485
234000,0.010,0.576,0.414
234500,0.010,0.450,0.540
235000,0.010,0.498,0.492
235500,0.010,0.503,0.487
236000,0.010,0.360,0.630
236500,0.010,0.614,0.376
237000,0.010,0.546,0.444
237500,0.010,0.484,0.506
238000,0.010,0.423,0.567
238500,0.010,0.413,0.577
239000,0.010,0.493,0.497
239500,0.010,0.544,0.446
240000,0.010,0.769,0.221
240500,0.010,0.499,0.491
241000,0.010,0.453,0.537
241500,0.010,0.699,0.291
242000,0.010,0.390,0.600
242500,0.010,0.535,0.455
243000,0.010,0.821,0.169
243500,0.010,0.324,0.666
244000,0.010,0.493,0.497
244500,0.010,0.335,0.655
245000,0.010,0.467,0.523
245500,0.010,0.500,0.490
246000,0.010,0.631,0.359
246500,0.010,0.591,0.399
247000,0.010,0.663,0.327
247500,0.010,0.425,0.565
248000,0.010,0.653,0.337
248500,0.010,0.597,0.393
249000,0.010,0.647,0.343
249500,0.010,0.501,0.489
250000,0.010,0.537,0.453
250500,0.010,0.535,0.455
251000,0.010,0.518,0.472
251500,0.010,0.316,0.674
252000,0.010,0.367,0.623
252500,0.010,0.489,0.501
253000,0.010,0.680,0.310
253500,0.010,0.368,0.622
254000,0.010,0.811,0.179
254500,0.010,0.506,0.484
255000,0.010,0.445,0.545
255500,0.010,0.526,0.464
256000,0.010,0.488,0.502
256500,0.010,0.415,0.575
257000,0.010,0.451,0.539
257500,0.010,0.664,0.326
258000,0.010,0.447,0.543
258500,0.010,0.433,0.557
259000,0.010,0.459,0.531
259500,0.010,0.442,0.548
260000,0.010,0.428,0.562
260500,0.010,0.454,0.536
261000,0.010,0.597,0.393
261500,0.010,0.388,0.602
262000,0.010,0.612,0.378
262500,0.010,0.737,0.253
263000,0.010,0.498,0.492
263500,0.010,0.664,0.326
264000,0.010,0.418,0.572
264500,0.010,0.433,0.557
265000,0.010,0.452,0.538
265500,0.010,0.450,0.540
266000,0.010,0.448,0.542
266500,0.010,0.658,0.332
267000,0.010,0.486,0.504
267500,0.010,0.625,0.365
268000,0.010,0.593,0.397
268500,0.010,0.406,0.584
269000,0.010,0.687,0.303
269500,0.010,0.635,0.355
270000,0.010,0.334,0.656
270500,0.010,0.351,0.639
271000,0.010,0.630,0.360
271500,0.010,0.751,0.239
272000,0.010,0.444,0.546
272500,0.010,0.679,0.311
273000,0.010,0.542,0.448
273500,0.010,0.548,0.442
274000,0.010,0.592,0.398
274500,0.010,0.512,0.478
275000,0.010,0.490,0.500
275500,0.010,0.391,0.599
276000,0.010,0.408,0.582
276500,0.010,0.349,0.641
277000,0.010,0.272,0.718
277500,0.010,0.677,0.313
278000,0.010,0.484,0.506
278500,0.010,0.605,0.385
279000,0.010,0.516,0.474
279500,0.010,0.603,0.387
280000,0.010,0.490,0.500
280500,0.010,0.481,0.509
281000,0.010,0.397,0.593
281500,0.010,0.525,0.465
282000,0.010,0.587,0.403
282500,0.010,0.574,0.416
283000,0.010,0.695,0.295
283500,0.010,0.577,0.413
284000,0.010,0.597,0.393
284500,0.010,0.573,0.417
285000,0.010,0.679,0.311
285500,0.010,0.496,0.494
286000,0.010,0.431,0.559
286500,0.010,0.543,0.447
287000,0.010,0.590,0.400
287500,0.010,0.510,0.480
288000,0.010,0.478,0.512
288500,0.010,0.350,0.640
289000,0.010,0.587,0.403
289500,0.010,0.658,0.332
290000,0.010,0.564,0.426
290500,0.010,0.496,0.494
291000,0.010,0.441,0.549
291500,0.010,0.580,0.410
292000,0.010,0.424,0.566
292500,0.010,0.326,0.664
293000,0.010,0.559,0.431
293500,0.010,0.509,0.481
294000,0.010,0.383,0.607
294500,0.010,0.453,0.537
295000,0.010,0.290,0.700
295500,0.010,0.612,0.378
296000,0.010,0.481,0.509
296500,0.010,0.625,0.365
297000,0.010,0.690,0.300
297500,0.010,0.570,0.420
298000,0.010,0.533,0.457
298500,0.010,0.710,0.280
299000,0.010,0.746,0.244
299500,0.010,0.565,0.425
300000,0.010,0.540,0.450
300500,0.010,0.325,0.665
301000,0.010,0.877,0.113
301500,0.010,0.478,0.512
302000,0.010,0.510,0.480
302500,0.010,0.630,0.360
303000,0.010,0.407,0.583
303500,0.010,0.586,0.404
304000,0.010,0.439,0.551
304500,0.010,0.547,0.443
305000,0.010,0.386,0.604
305500,0.010,0.582,0.408
306000,0.010,0.681,0.309
306500,0.010,0.427,0.563
307000,0.010,0.626,0.364
307500,0.010,0.562,0.428
308000,0.010,0.697,0.293
308500,0.010,0.730,0.260
309000,0.010,0.410,0.580
309500,0.010,0.483,0.507
310000,0.010,0.415,0.575
310500,0.010,0.368,0.622
311000,0.010,0.379,0.611
311500,0.010,0.489,0.501
312000,0.010,0.420,0.570
312500,0.010,0.574,0.416
313000,0.010,0.570,0.420
313500,0.010,0.570,0.420
314000,0.010,0.527,0.463
314500,0.010,0.491,0.499
315000,0.010,0.505,0.485
315500,0.010,0.336,0.654
316000,0.010,0.395,0.595
316500,0.010,0.403,0.587
317000,0.010,0.666,0.324
317500,0.010,0.539,0.451
318000,0.010,0.372,0.618
318500,0.010,0.359,0.631
319000,0.010,0.579,0.411
319500,0.010,0.446,0.544
320000,0.010,0.344,0.646
320500,0.010,0.511,0.479
321000,0.010,0.603,0.387
321500,0.010,0.371,0.619
322000,0.010,0.725,0.265
322500,0.010,0.426,0.564
323000,0.010,0.761,0.229
323500,0.010,0.686,0.304
324000,0.010,0.808,0.182
324500,0.010,0.346,0.644
325000,0.010,0.401,0.589
325500,0.010,0.382,0.608
326000,0.010,0.661,0.329
326500,0.010,0.490,0.500
327000,0.010,0.509,0.481
327500,0.010,0.701,0.289
328000,0.010,0.565,0.425
328500,0.010,0.519,0.471
329000,0.010,0.460,0.530
329500,0.010,0.528,0.462
330000,0.010,0.436,0.554
330500,0.010,0.522,0.468
331000,0.010,0.463,0.527
331500,0.010,0.355,0.635
332000,0.010,0.561,0.429
332500,0.010,0.683,0.307
333000,0.010,0.602,0.388
333500,0.010,0.701,0.289
334000,0.010,0.504,0.486
334500,0.010,0.521,0.469
335000,0.010,0.697,0.293
335500,0.010,0.795,0.195
336000,0.010,0.493,0.497
336500,0.010,0.617,0.373
337000,0.010,0.731,0.259
337500,0.010,0.647,0.343
338000,0.010,0.632,0.358
338500,0.010,0.498,0.492
339000,0.010,0.462,0.528
339500,0.010,0.583,0.407
340000,0.010,0.707,0.283
340500,0.010,0.326,0.664
341000,0.010,0.448,0.542
341500,0.010,0.514,0.476
342000,0.010,0.495,0.495
342500,0.010,0.537,0.453
343000,0.010,0.537,0.453
343500,0.010,0.673,0.317
344000,0.010,0.375,0.615
344500,0.010,0.724,0.266
345000,0.010,0.490,0.500
345500,0.010,0.675,0.315
346000,0.010,0.412,0.578
346500,0.010,0.469,0.521
347000,0.010,0.387,0.603
347500,0.010,0.594,0.396
348000,0.010,0.536,0.454
348500,0.010,0.647,0.343
349000,0.010,0.475,0.515
349500,0.010,0.685,0.305
350000,0.010,0.588,0.402
350500,0.010,0.730,0.260
351000,0.010,0.535,0.455
351500,0.010,0.754,0.236
352000,0.010,0.436,0.554
352500,0.010,0.533,0.457
353000,0.010,0.509,0.481
353500,0.010,0.489,0.501
354000,0.010,0.618,0.372
354500,0.010,0.478,0.512
355000,0.010,0.618,0.372
355500,0.010,0.582,0.408
356000,0.010,0.614,0.376
356500,0.010,0.486,0.504
357000,0.010,0.671,0.319
357500,0.010,0.561,0.429
358000,0.010,0.573,0.417
358500,0.010,0.449,0.541
359000,0.010,0.607,0.383
359500,0.010,0.516,0.474
360000,0.010,0.527,0.463
360500,0.010,0.477,0.513
361000,0.010,0.341,0.649
361500,0.010,0.516,0.474
362000,0.010,0.562,0.428
362500,0.010,0.527,0.463
363000,0.010,0.627,0.363
363500,0.010,0.717,0.273
364000,0.010,0.477,0.513
364500,0.010,0.749,0.241
365000,0.010,0.557,0.433
365500,0.010,0.587,0.403
366000,0.010,0.456,0.534
366500,0.010,0.550,0.440
367000,0.010,0.462,0.528
367500,0.010,0.615,0.375
368000,0.010,0.604,0.386
368500,0.010,0.707,0.283
369000,0.010,0.520,0.470
369500,0.010,0.457,0.533
370000,0.010,0.550,0.440
370500,0.010,0.574,0.416
371000,0.010,0.647,0.343
371500,0.010,0.776,0.214
372000,0.010,0.481,0.509
372500,0.010,0.378,0.612
373000,0.010,0.292,0.698
373500,0.010,0.446,0.544
374000,0.010,0.402,0.588
374500,0.010,0.509,0.481
375000,0.010,0.519,0.471
375500,0.010,0.704,0.286
376000,0.010,0.829,0.161
376500,0.010,0.559,0.431
377000,0.010,0.467,0.523
377500,0.010,0.547,0.443
378000,0.010,0.496,0.494
378500,0.010,0.479,0.511
379000,0.010,0.731,0.259
379500,0.010,0.761,0.229
380000,0.010,0.352,0.638
380500,0.010,0.649,0.341
381000,0.010,0.609,0.381
381500,0.010,0.380,0.610
382000,0.010,0.671,0.319
382500,0.010,0.507,0.483
383000,0.010,0.447,0.543
383500,0.010,0.418,0.572
384000,0.010,0.609,0.381
384500,0.010,0.214,0.776
385000,0.010,0.399,0.591
385500,0.010,0.485,0.505
386000,0.010,0.640,0.350
386500,0.010,0.586,0.404
387000,0.010,0.597,0.393
387500,0.010,0.564,0.426
388000,0.010,0.533,0.457
388500,0.010,0.486,0.504
389000,0.010,0.426,0.564
389500,0.010,0.355,0.635
390000,0.010,0.491,0.499
390500,0.010,0.417,0.573
391000,0.010,0.629,0.361
391500,0.010,0.710,0.280
392000,0.010,0.561,0.429
392500,0.010,0.594,0.396
393000,0.010,0.648,0.342
393500,0.010,0.502,0.488
394000,0.010,0.466,0.524
394500,0.010,0.382,0.608
395000,0.010,0.448,0.542
395500,0.010,0.581,0.409
396000,0.010,0.361,0.629
396500,0.010,0.438,0.552
397000,0.010,0.422,0.568
397500,0.010,0.408,0.582
398000,0.010,0.596,0.394
398500,0.010,0.529,0.461
399000,0.010,0.584,0.406
399500,0.010,0.568,0.422
400000,0.010,0.377,0.613
400500,0.010,0.496,0.494
401000,0.010,0.464,0.526
401500,0.010,0.519,0.471
402000,0.010,0.421,0.569
402500,0.010,0.750,0.240
403000,0.010,0.719,0.271
403500,0.010,0.409,0.581
404000,0.010,0.530,0.460
404500,0.010,0.539,0.451
405000,0.010,0.554,0.436
405500,0.010,0.459,0.531
406000,0.010,0.568,0.422
406500,0.010,0.442,0.548
407000,0.010,0.602,0.388
407500,0.010,0.448,0.542
408000,0.010,0.354,0.636
408500,0.010,0.448,0.542
409000,0.010,0.502,0.488
409500,0.010,0.390,0.600
410000,0.010,0.571,0.419
410500,0.010,0.562,0.428
411000,0.010,0.625,0.365
411500,0.010,0.513,0.477
412000,0.010,0.596,0.394
412500,0.010,0.657,0.333
413000,0.010,0.431,0.559
413500,0.010,0.637,0.353
414000,0.010,0.363,0.627
414500,0.010,0.498,0.492
415000,0.010,0.636,0.354
415500,0.010,0.454,0.536
416000,0.010,0.654,0.336
416500,0.010,0.678,0.312
417000,0.010,0.497,0.493
417500,0.010,0.556,0.434
418000,0.010,0.638,0.352
418500,0.010,0.514,0.476
419000,0.010,0.391,0.599
419500,0.010,0.725,0.265
420000,0.010,0.767,0.223
420500,0.010,0.489,0.501
421000,0.010,0.486,0.504
421500,0.010,0.474,0.516
422000,0.010,0.512,0.478
422500,0.010,0.540,0.450
423000,0.010,0.736,0.254
423500,0.010,0.406,0.584
424000,0.010,0.525,0.465
424500,0.010,0.610,0.380
425000,0.010,0.567,0.423
425500,0.010,0.482,0.508
426000,0.010,0.667,0.323
426500,0.010,0.427,0.563
427000,0.010,0.762,0.228
427500,0.010,0.406,0.584
428000,0.010,0.642,0.348
428500,0.010,0.439,0.551
429000,0.010,0.637,0.353
429500,0.010,0.545,0.445
430000,0.010,0.462,0.528
430500,0.010,0.752,0.238
431000,0.010,0.534,0.456
431500,0.010,0.473,0.517
432000,0.010,0.388,0.602
432500,0.010,0.762,0.228
433000,0.010,0.705,0.285
433500,0.010,0.380,0.610
434000,0.010,0.507,0.483
434500,0.010,0.500,0.490
435000,0.010,0.528,0.462
435500,0.010,0.547,0.443
436000,0.010,0.661,0.329
436500,0.010,0.540,0.450
437000,0.010,0.505,0.485
437500,0.010,0.316,0.674
438000,0.010,0.565,0.425
438500,0.010,0.648,0.342
439000,0.010,0.535,0.455
439500,0.010,0.607,0.383
440000,0.010,0.500,0.490
440500,0.010,0.475,0.515
441000,0.010,0.397,0.593
441500,0.010,0.301,0.689
442000,0.010,0.515,0.475
442500,0.010,0.496,0.494
443000,0.010,0.558,0.432
443500,0.010,0.479,0.511
444000,0.010,0.487,0.503
444500,0.010,0.795,0.195
445000,0.010,0.523,0.467
445500,0.010,0.747,0.243
446000,0.010,0.432,0.558
446500,0.010,0.721,0.269
447000,0.010,0.465,0.525
447500,0.010,0.297,0.693
448000,0.010,0.403,0.587
448500,0.010,0.465,0.525
449000,0.010,0.567,0.423
449500,0.010,0.465,0.525
450000,0.010,0.751,0.239
450500,0.010,0.601,0.389
451000,0.010,0.529,0.461
451500,0.010,0.489,0.501
452000,0.010,0.500,0.490
452500,0.010,0.278,0.712
453000,0.010,0.479,0.511
453500,0.010,0.542,0.448
454000,0.010,0.557,0.433
454500,0.010,0.319,0.671
455000,0.010,0.567,0.423
455500,0.010,0.641,0.349
456000,0.010,0.520,0.470
456500,0.010,0.693,0.297
457000,0.010,0.552,0.438
457500,0.010,0.338,0.652
458000,0.010,0.537,0.453
458500,0.010,0.440,0.550
459000,0.010,0.620,0.370
459500,0.010,0.489,0.501
460000,0.010,0.561,0.429
460500,0.010,0.430,0.560
461000,0.010,0.458,0.532
461500,0.010,0.546,0.444
462000,0.010,0.667,0.323
462500,0.010,0.423,0.567
463000,0.010,0.453,0.537
463500,0.010,0.316,0.674
464000,0.010,0.416,0.574
464500,0.010,0.552,0.438
465000,0.010,0.627,0.363
465500,0.010,0.695,0.295
466000,0.010,0.575,0.415
466500,0.010,0.521,0.469
467000,0.010,0.536,0.454
467500,0.010,0.445,0.545
468000,0.010,0.593,0.397
468500,0.010,0.604,0.386
469000,0.010,0.565,0.425
469500,0.010,0.250,0.740
470000,0.010,0.688,0.302
470500,0.010,0.476,0.514
471000,0.010,0.395,0.595
471500,0.010,0.458,0.532
472000,0.010,0.518,0.472
472500,0.010,0.747,0.243
473000,0.010,0.761,0.229
473500,0.010,0.614,0.376
474000,0.010,0.599,0.391
474500,0.010,0.571,0.419
475000,0.010,0.556,0.434
475500,0.010,0.458,0.532
476000,0.010,0.415,0.575
476500,0.010,0.519,0.471
477000,0.010,0.487,0.503
477500,0.010,0.630,0.360
478000,0.010,0.617,0.373
478500,0.010,0.545,0.445
479000,0.010,0.535,0.455
479500,0.010,0.401,0.589
480000,0.010,0.631,0.359
480500,0.010,0.664,0.326
481000,0.010,0.415,0.575
481500,0.010,0.437,0.553
482000,0.010,0.438,0.552
482500,0.010,0.523,0.467
483000,0.010,0.562,0.428
483500,0.010,0.424,0.566
484000,0.010,0.644,0.346
484500,0.010,0.759,0.231
485000,0.010,0.377,0.613
485500,0.010,0.503,0.487
486000,0.010,0.613,0.377
486500,0.010,0.614,0.376
487000,0.010,0.531,0.459
487500,0.010,0.654,0.336
488000,0.010,0.569,0.421
488500,0.010,0.486,0.504
489000,0.010,0.616,0.374
489500,0.010,0.472,0.518
490000,0.010,0.480,0.510
490500,0.010,0.583,0.407
491000,0.010,0.523,0.467
491500,0.010,0.653,0.337
492000,0.010,0.741,0.249
492500,0.010,0.324,0.666
493000,0.010,0.644,0.346
493500,0.010,0.453,0.537
494000,0.010,0.566,0.424
494500,0.010,0.490,0.500
495000,0.010,0.453,0.537
495500,0.010,0.380,0.610
496000,0.010,0.411,0.579
496500,0.010,0.517,0.473
497000,0.010,0.535,0.455
497500,0.010,0.431,0.559
498000,0.010,0.534,0.456
498500,0.010,0.567,0.423
499000,0.010,0.444,0.546
499500,0.010,0.577,0.413
500000,0.010,0.585,0.405
500500,0.010,0.384,0.606
501000,0.010,0.374,0.616
501500,0.010,0.388,0.602
502000,0.010,0.669,0.321
502500,0.010,0.567,0.423
503000,0.010,0.468,0.522
503500,0.010,0.400,0.590
504000,0.010,0.467,0.523
504500,0.010,0.514,0.476
505000,0.010,0.462,0.528
505500,0.010,0.485,0.505
506000,0.010,0.609,0.381
506500,0.010,0.601,0.389
507000,0.010,0.503,0.487
507500,0.010,0.560,0.430
508000,0.010,0.504,0.486
508500,0.010,0.692,0.298
509000,0.010,0.517,0.473
509500,0.010,0.491,0.499
510000,0.010,0.368,0.622
510500,0.010,0.313,0.677
511000,0.010,0.472,0.518
511500,0.010,0.522,0.468
512000,0.010,0.374,0.616
512500,0.010,0.351,0.639
513000,0.010,0.562,0.428
513500,0.010,0.548,0.442
514000,0.010,0.520,0.470
514500,0.010,0.522,0.468
515000,0.010,0.362,0.628
515500,0.010,0.488,0.502
516000,0.010,0.537,0.453
516500,0.010,0.385,0.605
517000,0.010,0.670,0.320
517500,0.010,0.435,0.555
518000,0.010,0.639,0.351
518500,0.010,0.626,0.364
519000,0.010,0.601,0.389
519500,0.010,0.651,0.339
520000,0.010,0.722,0.268
520500,0.010,0.385,0.605
521000,0.010,0.461,0.529
521500,0.010,0.409,0.581
522000,0.010,0.590,0.400
522500,0.010,0.621,0.369
523000,0.010,0.384,0.606
523500,0.010,0.427,0.563
524000,0.010,0.636,0.354
524500,0.010,0.335,0.655
525000,0.010,0.564,0.426
525500,0.010,0.366,0.624
526000,0.010,0.365,0.625
526500,0.010,0.565,0.425
527000,0.010,0.560,0.430
527500,0.010,0.611,0.379
528000,0.010,0.715,0.275
528500,0.010,0.452,0.538
529000,0.010,0.438,0.552
529500,0.010,0.768,0.222
530000,0.010,0.512,0.478
530500,0.010,0.306,0.684
531000,0.010,0.670,0.320
531500,0.010,0.578,0.412
532000,0.010,0.580,0.410
532500,0.010,0.602,0.388
533000,0.010,0.846,0.144
533500,0.010,0.505,0.485
534000,0.010,0.466,0.524
534500,0.010,0.600,0.390
535000,0.010,0.579,0.411
535500,0.010,0.576,0.414
536000,0.010,0.735,0.255
536500,0.010,0.384,0.606
537000,0.010,0.664,0.326
537500,0.010,0.418,0.572
538000,0.010,0.517,0.473
538500,0.010,0.430,0.560
539000,0.010,0.340,0.650
539500,0.010,0.528,0.462
540000,0.010,0.455,0.535
540500,0.010,0.490,0.500
541000,0.010,0.479,0.511
541500,0.010,0.544,0.446
542000,0.010,0.415,0.575
542500,0.010,0.517,0.473
543000,0.010,0.480,0.510
543500,0.010,0.337,0.653
544000,0.010,0.497,0.493
544500,0.010,0.693,0.297
545000,0.010,0.462,0.528
545500,0.010,0.438,0.552
546000,0.010,0.677,0.313
546500,0.010,0.424,0.566
547000,0.010,0.425,0.565
547500,0.010,0.683,0.307
548000,0.010,0.491,0.499
548500,0.010,0.660,0.330
549000,0.010,0.510,0.480
549500,0.010,0.531,0.459
550000,0.010,0.503,0.487
550500,0.010,0.311,0.679
551000,0.010,0.473,0.517
551500,0.010,0.403,0.587
552000,0.010,0.422,0.568
552500,0.010,0.599,0.391
553000,0.010,0.637,0.353
553500,0.010,0.512,0.478
554000,0.010,0.386,0.604
554500,0.010,0.529,0.461
555000,0.010,0.614,0.376
555500,0.010,0.523,0.467
556000,0.010,0.563,0.427
556500,0.010,0.481,0.509
557000,0.010,0.527,0.463
557500,0.010,0.551,0.439
558000,0.010,0.501,0.489
558500,0.010,0.565,0.425
559000,0.010,0.589,0.401
559500,0.010,0.655,0.335
560000,0.010,0.480,0.510
560500,0.010,0.568,0.422
561000,0.010,0.488,0.502
561500,0.010,0.535,0.455
562000,0.010,0.506,0.484
562500,0.010,0.712,0.278
563000,0.010,0.642,0.348
563500,0.010,0.555,0.435
564000,0.010,0.518,0.472
564500,0.010,0.527,0.463
565000,0.010,0.664,0.326
565500,0.010,0.640,0.350
566000,0.010,0.483,0.507
566500,0.010,0.488,0.502
567000,0.010,0.364,0.626
567500,0.010,0.516,0.474
568000,0.010,0.484,0.506
568500,0.010,0.613,0.377
569000,0.010,0.395,0.595
569500,0.010,0.523,0.467
570000,0.010,0.600,0.390
570500,0.010,0.437,0.553
571000,0.010,0.571,0.419
571500,0.010,0.316,0.674
572000,0.010,0.555,0.435
572500,0.010,0.581,0.409
573000,0.010,0.609,0.381
573500,0.010,0.491,0.499
574000,0.010,0.486,0.504
574500,0.010,0.345,0.645
575000,0.010,0.697,0.293
575500,0.010,0.397,0.593
576000,0.010,0.504,0.486
576500,0.010,0.445,0.545
577000,0.010,0.504,0.486
577500,0.010,0.501,0.489
578000,0.010,0.466,0.524
578500,0.010,0.432,0.558
579000,0.010,0.493,0.497
579500,0.010,0.440,0.550
580000,0.010,0.633,0.357
580500,0.010,0.514,0.476
581000,0.010,0.704,0.286
581500,0.010,0.801,0.189
582000,0.010,0.718,0.272
582500,0.010,0.498,0.492
583000,0.010,0.542,0.448
583500,0.010,0.541,0.449
584000,0.010,0.469,0.521
584500,0.010,0.748,0.242
585000,0.010,0.460,0.530
585500,0.010,0.375,0.615
586000,0.010,0.329,0.661
586500,0.010,0.724,0.266
587000,0.010,0.465,0.525
587500,0.010,0.353,0.637
588000,0.010,0.471,0.519
588500,0.010,0.646,0.344
589000,0.010,0.447,0.543
589500,0.010,0.424,0.566
590000,0.010,0.471,0.519
590500,0.010,0.675,0.315
591000,0.010,0.415,0.575
591500,0.010,0.353,0.637
592000,0.010,0.488,0.502
592500,0.010,0.318,0.672
593000,0.010,0.608,0.382
593500,0.010,0.429,0.561
594000,0.010,0.496,0.494
594500,0.010,0.579,0.411
595000,0.010,0.446,0.544
595500,0.010,0.616,0.374
596000,0.010,0.452,0.538
596500,0.010,0.584,0.406
597000,0.010,0.560,0.430
597500,0.010,0.423,0.567
598000,0.010,0.481,0.509
598500,0.010,0.488,0.502
599000,0.010,0.386,0.604
599500,0.010,0.391,0.599
600000,0.010,0.544,0.446
600500,0.010,0.644,0.346
601000,0.010,0.617,0.373
601500,0.010,0.417,0.573
602000,0.010,0.401,0.589
602500,0.010,0.317,0.673
603000,0.010,0.283,0.707
603500,0.010,0.555,0.435
604000,0.010,0.769,0.221
604500,0.010,0.594,0.396
605000,0.010,0.309,0.681
605500,0.010,0.679,0.311
606000,0.010,0.576,0.414
606500,0.010,0.554,0.436
607000,0.010,0.537,0.453
607500,0.010,0.621,0.369
608000,0.010,0.562,0.428
608500,0.010,0.476,0.514
609000,0.010,0.473,0.517
609500,0.010,0.485,0.505
610000,0.010,0.503,0.487
610500,0.010,0.694,0.296
611000,0.010,0.680,0.310
611500,0.010,0.505,0.485
612000,0.010,0.634,0.356
612500,0.010,0.367,0.623
613000,0.010,0.504,0.486
613500,0.010,0.546,0.444
614000,0.010,0.476,0.514
614500,0.010,0.561,0.429
615000,0.010,0.653,0.337
615500,0.010,0.470,0.520
616000,0.010,0.266,0.724
616500,0.010,0.508,0.482
617000,0.010,0.425,0.565
617500,0.010,0.689,0.301
618000,0.010,0.413,0.577
618500,0.010,0.650,0.340
619000,0.010,0.570,0.420
619500,0.010,0.465,0.525
620000,0.010,0.569,0.421
620500,0.010,0.596,0.394
621000,0.010,0.483,0.507
621500,0.010,0.554,0.436
622000,0.010,0.511,0.479
622500,0.010,0.540,0.450
623000,0.010,0.534,0.456
623500,0.010,0.466,0.524
624000,0.010,0.547,0.443
624500,0.010,0.597,0.393
625000,0.010,0.583,0.407
625500,0.010,0.708,0.282
626000,0.010,0.770,0.220
626500,0.010,0.490,0.500
627000,0.010,0.446,0.544
627500,0.010,0.523,0.467
628000,0.010,0.560,0.430
628500,0.010,0.620,0.370
629000,0.010,0.403,0.587
629500,0.010,0.523,0.467
630000,0.010,0.620,0.370
630500,0.010,0.531,0.459
631000,0.010,0.414,0.576
631500,0.010,0.407,0.583
632000,0.010,0.600,0.390
632500,0.010,0.499,0.491
633000,0.010,0.624,0.366
633500,0.010,0.736,0.254
634000,0.010,0.667,0.323
634500,0.010,0.782,0.208
635000,0.010,0.508,0.482
635500,0.010,0.682,0.308
636000,0.010,0.806,0.184
636500,0.010,0.647,0.343
637000,0.010,0.469,0.521
637500,0.010,0.595,0.395
638000,0.010,0.599,0.391
638500,0.010,0.577,0.413
639000,0.010,0.523,0.467
639500,0.010,0.489,0.501
640000,0.010,0.557,0.433
640500,0.010,0.477,0.513
641000,0.010,0.453,0.537
641500,0.010,0.513,0.477
642000,0.010,0.469,0.521
642500,0.010,0.527,0.463
643000,0.010,0.305,0.685
643500,0.010,0.488,0.502
644000,0.010,0.709,0.281
644500,0.010,0.582,0.408
645000,0.010,0.472,0.518
645500,0.010,0.482,0.508
646000,0.010,0.581,0.409
646500,0.010,0.421,0.569
647000,0.010,0.689,0.301
647500,0.010,0.343,0.647
648000,0.010,0.425,0.565
648500,0.010,0.587,0.403
649000,0.010,0.422,0.568
649500,0.010,0.534,0.456
650000,0.010,0.670,0.320
650500,0.010,0.759,0.231
651000,0.010,0.884,0.106
651500,0.010,0.570,0.420
652000,0.010,0.659,0.331
652500,0.010,0.583,0.407
653000,0.010,0.362,0.628
653500,0.010,0.780,0.210
654000,0.010,0.666,0.324
654500,0.010,0.443,0.547
655000,0.010,0.363,0.627
655500,0.010,0.551,0.439
656000,0.010,0.366,0.624
656500,0.010,0.661,0.329
657000,0.010,0.550,0.440
657500,0.010,0.541,0.449
658000,0.010,0.618,0.372
658500,0.010,0.449,0.541
659000,0.010,0.497,0.493
659500,0.010,0.637,0.353
660000,0.010,0.273,0.717
660500,0.010,0.488,0.502
661000,0.010,0.567,0.423
661500,0.010,0.390,0.600
662000,0.010,0.467,0.523
662500,0.010,0.546,0.444
663000,0.010,0.539,0.451
663500,0.010,0.495,0.495
664000,0.010,0.498,0.492
664500,0.010,0.484,0.506
665000,0.010,0.404,0.586
665500,0.010,0.605,0.385
666000,0.010,0.676,0.314
666500,0.010,0.514,0.476
667000,0.010,0.773,0.217
667500,0.010,0.476,0.514
668000,0.010,0.802,0.188
668500,0.010,0.500,0.490
669000,0.010,0.514,0.476
669500,0.010,0.594,0.396
670000,0.010,0.595,0.395
670500,0.010,0.354,0.636
671000,0.010,0.701,0.289
671500,0.010,0.427,0.563
672000,0.010,0.565,0.425
672500,0.010,0.588,0.402
673000,0.010,0.542,0.448
673500,0.010,0.464,0.526
674000,0.010,0.560,0.430
674500,0.010,0.450,0.540
675000,0.010,0.459,0.531
675500,0.010,0.749,0.241
676000,0.010,0.890,0.100
676500,0.010,0.539,0.451
677000,0.010,0.464,0.526
677500,0.010,0.520,0.470
678000,0.010,0.487,0.503
678500,0.010,0.502,0.488
679000,0.010,0.468,0.522
679500,0.010,0.446,0.544
680000,0.010,0.498,0.492
680500,0.010,0.658,0.332
681000,0.010,0.310,0.680
681500,0.010,0.477,0.513
682000,0.010,0.437,0.553
682500,0.010,0.385,0.605
683000,0.010,0.525,0.465
683500,0.010,0.505,0.485
684000,0.010,0.398,0.592
684500,0.010,0.627,0.363
685000,0.010,0.454,0.536
685500,0.010,0.774,0.216
686000,0.010,0.618,0.372
686500,0.010,0.602,0.388
687000,0.010,0.479,0.511
687500,0.010,0.562,0.428
688000,0.010,0.584,0.406
688500,0.010,0.600,0.390
689000,0.010,0.636,0.354
689500,0.010,0.311,0.679
690000,0.010,0.846,0.144
690500,0.010,0.441,0.549
691000,0.010,0.593,0.397
691500,0.010,0.478,0.512
692000,0.010,0.686,0.304
692500,0.010,0.386,0.604
693000,0.010,0.396,0.594
693500,0.010,0.303,0.687
694000,0.010,0.502,0.488
694500,0.010,0.597,0.393
695000,0.010,0.571,0.419
695500,0.010,0.524,0.466
696000,0.010,0.400,0.590
696500,0.010,0.796,0.194
697000,0.010,0.481,0.509
697500,0.010,0.258,0.732
698000,0.010,0.314,0.676
698500,0.010,0.554,0.436
699000,0.010,0.633,0.357
699500,0.010,0.625,0.365
700000,0.010,0.529,0.461
700500,0.010,0.605,0.385
701000,0.010,0.362,0.628
701500,0.010,0.574,0.416
702000,0.010,0.439,0.551
702500,0.010,0.557,0.433
703000,0.010,0.598,0.392
703500,0.010,0.650,0.340
704000,0.010,0.411,0.579
704500,0.010,0.519,0.471
705000,0.010,0.423,0.567
705500,0.010,0.354,0.636
706000,0.010,0.555,0.435
706500,0.010,0.645,0.345
707000,0.010,0.790,0.200
707500,0.010,0.788,0.202
708000,0.010,0.701,0.289
708500,0.010,0.443,0.547
709000,0.010,0.470,0.520
709500,0.010,0.524,0.466
710000,0.010,0.546,0.444
710500,0.010,0.292,0.698
711000,0.010,0.639,0.351
711500,0.010,0.572,0.418
712000,0.010,0.667,0.323
712500,0.010,0.602,0.388
713000,0.010,0.459,0.531
713500,0.010,0.718,0.272
714000,0.010,0.586,0.404
714500,0.010,0.559,0.431
715000,0.010,0.872,0.118
715500,0.010,0.423,0.567
716000,0.010,0.481,0.509
716500,0.010,0.501,0.489
717000,0.010,0.517,0.473
717500,0.010,0.374,0.616
718000,0.010,0.481,0.509
718500,0.010,0.396,0.594
719000,0.010,0.600,0.390
719500,0.010,0.574,0.416
720000,0.010,0.489,0.501
720500,0.010,0.421,0.569
721000,0.010,0.382,0.608
721500,0.010,0.609,0.381
722000,0.010,0.432,0.558
722500,0.010,0.448,0.542
723000,0.010,0.527,0.463
723500,0.010,0.610,0.380
724000,0.010,0.602,0.388
724500,0.010,0.581,0.409
725000,0.010,0.497,0.493
725500,0.010,0.544,0.446
726000,0.010,0.630,0.360
726500,0.010,0.401,0.589
727000,0.010,0.397,0.593
727500,0.010,0.749,0.241
728000,0.010,0.438,0.552
728500,0.010,0.277,0.713
729000,0.010,0.516,0.474
729500,0.010,0.512,0.478
730000,0.010,0.528,0.462
730500,0.010,0.529,0.461
731000,0.010,0.536,0.454
731500,0.010,0.630,0.360
732000,0.010,0.456,0.534
732500,0.010,0.406,0.584
733000,0.010,0.507,0.483
733500,0.010,0.613,0.377
734000,0.010,0.554,0.436
734500,0.010,0.616,0.374
735000,0.010,0.656,0.334
735500,0.010,0.585,0.405
736000,0.010,0.536,0.454
736500,0.010,0.310,0.680
737000,0.010,0.500,0.490
737500,0.010,0.622,0.368
738000,0.010,0.390,0.600
738500,0.010,0.435,0.555
739000,0.010,0.307,0.683
739500,0.010,0.416,0.574
740000,0.010,0.566,0.424
740500,0.010,0.550,0.440
741000,0.010,0.474,0.516
741500,0.010,0.451,0.539
742000,0.010,0.707,0.283
742500,0.010,0.702,0.288
743000,0.010,0.360,0.630
743500,0.010,0.501,0.489
744000,0.010,0.566,0.424
744500,0.010,0.338,0.652
745000,0.010,0.492,0.498
745500,0.010,0.423,0.567
746000,0.010,0.388,0.602
746500,0.010,0.549,0.441
747000,0.010,0.554,0.436
747500,0.010,0.396,0.594
748000,0.010,0.533,0.457
748500,0.010,0.487,0.503
749000,0.010,0.430,0.560
749500,0.010,0.583,0.407
750000,0.010,0.513,0.477
750500,0.010,0.528,0.462
751000,0.010,0.220,0.770
751500,0.010,0.567,0.423
752000,0.010,0.296,0.694
752500,0.010,0.549,0.441
753000,0.010,0.453,0.537
753500,0.010,0.564,0.426
754000,0.010,0.627,0.363
754500,0.010,0.511,0.479
755000,0.010,0.376,0.614
755500,0.010,0.538,0.452
756000,0.010,0.676,0.314
756500,0.010,0.539,0.451
757000,0.010,0.496,0.494
757500,0.010,0.572,0.418
758000,0.010,0.482,0.508
758500,0.010,0.510,0.480
759000,0.010,0.552,0.438
759500,0.010,0.562,0.428
760000,0.010,0.587,0.403
760500,0.010,0.493,0.497
761000,0.010,0.496,0.494
761500,0.010,0.535,0.455
762000,0.010,0.608,0.382
762500,0.010,0.436,0.554
763000,0.010,0.475,0.515
763500,0.010,0.608,0.382
764000,0.010,0.460,0.530
764500,0.010,0.505,0.485
765000,0.010,0.469,0.521
765500,0.010,0.638,0.352
766000,0.010,0.526,0.464
766500,0.010,0.476,0.514
767000,0.010,0.556,0.434
767500,0.010,0.324,0.666
768000,0.010,0.631,0.359
768500,0.010,0.440,0.550
769000,0.010,0.592,0.398
769500,0.010,0.426,0.564
770000,0.010,0.604,0.386
770500,0.010,0.456,0.534
771000,0.010,0.356,0.634
771500,0.010,0.634,0.356
772000,0.010,0.371,0.619
772500,0.010,0.517,0.473
773000,0.010,0.607,0.383
773500,0.010,0.468,0.522
774000,0.010,0.482,0.508
774500,0.010,0.550,0.440
775000,0.010,0.557,0.433
775500,0.010,0.498,0.492
776000,0.010,0.474,0.516
776500,0.010,0.583,0.407
777000,0.010,0.505,0.485
777500,0.010,0.419,0.571
778000,0.010,0.498,0.492
778500,0.010,0.348,0.642
779000,0.010,0.528,0.462
779500,0.010,0.652,0.338
780000,0.010,0.524,0.466
780500,0.010,0.468,0.522
781000,0.010,0.638,0.352
781500,0.010,0.557,0.433
782000,0.010,0.700,0.290
782500,0.010,0.496,0.494
783000,0.010,0.476,0.514
783500,0.010,0.459,0.531
784000,0.010,0.714,0.276
784500,0.010,0.757,0.233
785000,0.010,0.904,0.086
785500,0.010,0.540,0.450
786000,0.010,0.470,0.520
786500,0.010,0.700,0.290
787000,0.010,0.646,0.344
787500,0.010,0.665,0.325
788000,0.010,0.738,0.252
788500,0.010,0.568,0.422
789000,0.010,0.584,0.406
789500,0.010,0.537,0.453
790000,0.010,0.609,0.381
790500,0.010,0.541,0.449
791000,0.010,0.423,0.567
791500,0.010,0.656,0.334
792000,0.010,0.606,0.384
792500,0.010,0.474,0.516
793000,0.010,0.478,0.512
793500,0.010,0.534,0.456
794000,0.010,0.538,0.452
794500,0.010,0.594,0.396
795000,0.010,0.562,0.428
795500,0.010,0.424,0.566
796000,0.010,0.561,0.429
796500,0.010,0.637,0.353
797000,0.010,0.454,0.536
797500,0.010,0.581,0.409
798000,0.010,0.489,0.501
798500,0.010,0.558,0.432
799000,0.010,0.429,0.561
799500,0.010,0.599,0.391
800000,0.010,0.463,0.527
800500,0.010,0.581,0.409
801000,0.010,0.650,0.340
801500,0.010,0.719,0.271
802000,0.010,0.566,0.424
802500,0.010,0.614,0.376
803000,0.010,0.495,0.495
803500,0.010,0.529,0.461
804000,0.010,0.482,0.508
804500,0.010,0.474,0.516
805000,0.010,0.443,0.547
805500,0.010,0.576,0.414
806000,0.010,0.558,0.432
806500,0.010,0.557,0.433
807000,0.010,0.310,0.680
807500,0.010,0.659,0.331
808000,0.010,0.620,0.370
808500,0.010,0.441,0.549
809000,0.010,0.678,0.312
809500,0.010,0.466,0.524
810000,0.010,0.451,0.539
810500,0.010,0.529,0.461
811000,0.010,0.501,0.489
811500,0.010,0.643,0.347
812000,0.010,0.592,0.398
812500,0.010,0.567,0.423
813000,0.010,0.595,0.395
813500,0.010,0.655,0.335
814000,0.010,0.482,0.508
814500,0.010,0.774,0.216
815000,0.010,0.516,0.474
815500,0.010,0.618,0.372
816000,0.010,0.655,0.335
816500,0.010,0.589,0.401
817000,0.010,0.586,0.404
817500,0.010,0.547,0.443
818000,0.010,0.497,0.493
818500,0.010,0.481,0.509
819000,0.010,0.384,0.606
819500,0.010,0.477,0.513
820000,0.010,0.699,0.291
820500,0.010,0.442,0.548
821000,0.010,0.525,0.465
821500,0.010,0.389,0.601
822000,0.010,0.794,0.196
822500,0.010,0.718,0.272
823000,0.010,0.638,0.352
823500,0.010,0.591,0.399
824000,0.010,0.427,0.563
824500,0.010,0.346,0.644
825000,0.010,0.523,0.467
825500,0.010,0.553,0.437
826000,0.010,0.418,0.572
826500,0.010,0.574,0.416
827000,0.010,0.607,0.383
827500,0.010,0.436,0.554
828000,0.010,0.798,0.192
828500,0.010,0.615,0.375
829000,0.010,0.727,0.263
829500,0.010,0.514,0.476
830000,0.010,0.475,0.515
830500,0.010,0.668,0.322
831000,0.010,0.798,0.192
831500,0.010,0.721,0.269
832000,0.010,0.452,0.538
832500,0.010,0.715,0.275
833000,0.010,0.485,0.505
833500,0.010,0.663,0.327
834000,0.010,0.473,0.517
834500,0.010,0.710,0.280
835000,0.010,0.660,0.330
835500,0.010,0.589,0.401
836000,0.010,0.398,0.592
836500,0.010,0.550,0.440
837000,0.010,0.891,0.099
837500,0.010,0.361,0.629
838000,0.010,0.450,0.540
838500,0.010,0.421,0.569
839000,0.010,0.545,0.445
839500,0.010,0.555,0.435
840000,0.010,0.322,0.668
840500,0.010,0.427,0.563
841000,0.010,0.484,0.506
841500,0.010,0.641,0.349
842000,0.010,0.455,0.535
842500,0.010,0.678,0.312
843000,0.010,0.401,0.589
843500,0.010,0.503,0.487
844000,0.010,0.657,0.333
844500,0.010,0.422,0.568
845000,0.010,0.793,0.197
845500,0.010,0.428,0.562
846000,0.010,0.454,0.536
846500,0.010,0.640,0.350
847000,0.010,0.746,0.244
847500,0.010,0.736,0.254
848000,0.010,0.518,0.472
848500,0.010,0.589,0.401
849000,0.010,0.545,0.445
849500,0.010,0.698,0.292
850000,0.010,0.664,0.326
850500,0.010,0.826,0.164
851000,0.010,0.719,0.271
851500,0.010,0.532,0.458
852000,0.010,0.582,0.408
852500,0.010,0.586,0.404
853000,0.010,0.350,0.640
853500,0.010,0.440,0.550
854000,0.010,0.584,0.406
854500,0.010,0.589,0.401
855000,0.010,0.391,0.599
855500,0.010,0.408,0.582
856000,0.010,0.513,0.477
856500,0.010,0.684,0.306
857000,0.010,0.536,0.454
857500,0.010,0.644,0.346
858000,0.010,0.472,0.518
858500,0.010,0.348,0.642
859000,0.010,0.379,0.611
859500,0.010,0.545,0.445
860000,0.010,0.512,0.478
860500,0.010,0.574,0.416
861000,0.010,0.581,0.409
861500,0.010,0.603,0.387
862000,0.010,0.483,0.507
862500,0.010,0.548,0.442
863000,0.010,0.489,0.501
863500,0.010,0.534,0.456
864000,0.010,0.590,0.400
864500,0.010,0.570,0.420
865000,0.010,0.499,0.491
865500,0.010,0.558,0.432
866000,0.010,0.589,0.401
866500,0.010,0.501,0.489
867000,0.010,0.430,0.560
867500,0.010,0.610,0.380
868000,0.010,0.383,0.607
868500,0.010,0.435,0.555
869000,0.010,0.710,0.280
869500,0.010,0.879,0.111
870000,0.010,0.552,0.438
870500,0.010,0.396,0.594
871000,0.010,0.602,0.388
871500,0.010,0.414,0.576
872000,0.010,0.512,0.478
872500,0.010,0.679,0.311
873000,0.010,0.566,0.424
873500,0.010,0.353,0.637
874000,0.010,0.343,0.647
874500,0.010,0.449,0.541
875000,0.010,0.921,0.069
875500,0.010,0.647,0.343
876000,0.010,0.505,0.485
876500,0.010,0.662,0.328
877000,0.010,0.506,0.484
877500,0.010,0.665,0.325
878000,0.010,0.386,0.604
878500,0.010,0.426,0.564
879000,0.010,0.378,0.612
879500,0.010,0.478,0.512
880000,0.010,0.659,0.331
880500,0.010,0.432,0.558
881000,0.010,0.523,0.467
881500,0.010,0.474,0.516
882000,0.010,0.591,0.399
882500,0.010,0.716,0.274
883000,0.010,0.643,0.347
883500,0.010,0.628,0.362
884000,0.010,0.423,0.567
884500,0.010,0.665,0.325
885000,0.010,0.716,0.274
885500,0.010,0.486,0.504
886000,0.010,0.593,0.397
886500,0.010,0.684,0.306
887000,0.010,0.543,0.447
887500,0.010,0.479,0.511
888000,0.010,0.703,0.287
888500,0.010,0.410,0.580
889000,0.010,0.450,0.540
889500,0.010,0.452,0.538
890000,0.010,0.503,0.487
890500,0.010,0.388,0.602
891000,0.010,0.444,0.546
891500,0.010,0.421,0.569
892000,0.010,0.524,0.466
892500,0.010,0.517,0.473
893000,0.010,0.547,0.443
893500,0.010,0.364,0.626
894000,0.010,0.478,0.512
894500,0.010,0.504,0.486
895000,0.010,0.507,0.483
895500,0.010,0.546,0.444
896000,0.010,0.491,0.499
896500,0.010,0.670,0.320
897000,0.010,0.467,0.523
897500,0.010,0.280,0.710
898000,0.010,0.685,0.305
898500,0.010,0.613,0.377
899000,0.010,0.593,0.397
899500,0.010,0.388,0.602
900000,0.010,0.572,0.418
900500,0.010,0.475,0.515
901000,0.010,0.485,0.505
901500,0.010,0.360,0.630
902000,0.010,0.349,0.641
902500,0.010,0.575,0.415
903000,0.010,0.546,0.444
903500,0.010,0.419,0.571
904000,0.010,0.594,0.396
904500,0.010,0.542,0.448
905000,0.010,0.745,0.245
905500,0.010,0.619,0.371
906000,0.010,0.511,0.479
906500,0.010,0.325,0.665
907000,0.010,0.515,0.475
907500,0.010,0.512,0.478
908000,0.010,0.308,0.682
908500,0.010,0.417,0.573
909000,0.010,0.727,0.263
909500,0.010,0.367,0.623
910000,0.010,0.639,0.351
910500,0.010,0.528,0.462
911000,0.010,0.613,0.377
911500,0.010,0.626,0.364
912000,0.010,0.549,0.441
912500,0.010,0.523,0.467
913000,0.010,0.694,0.296
913500,0.010,0.522,0.468
914000,0.010,0.457,0.533
914500,0.010,0.498,0.492
915000,0.010,0.430,0.560
915500,0.010,0.342,0.648
916000,0.010,0.609,0.381
916500,0.010,0.721,0.269
917000,0.010,0.642,0.348
917500,0.010,0.577,0.413
918000,0.010,0.427,0.563
918500,0.010,0.466,0.524
919000,0.010,0.626,0.364
919500,0.010,0.398,0.592
920000,0.010,0.443,0.547
920500,0.010,0.435,0.555
921000,0.010,0.535,0.455
921500,0.010,0.639,0.351
922000,0.010,0.468,0.522
922500,0.010,0.456,0.534
923000,0.010,0.493,0.497
923500,0.010,0.424,0.566
924000,0.010,0.461,0.529
924500,0.010,0.647,0.343
925000,0.010,0.681,0.309
925500,0.010,0.609,0.381
926000,0.010,0.245,0.745
926500,0.010,0.470,0.520
927000,0.010,0.444,0.546
927500,0.010,0.684,0.306
928000,0.010,0.501,0.489
928500,0.010,0.596,0.394
929000,0.010,0.471,0.519
929500,0.010,0.588,0.402
930000,0.010,0.416,0.574
930500,0.010,0.654,0.336
931000,0.010,0.538,0.452
931500,0.010,0.609,0.381
932000,0.010,0.525,0.465
932500,0.010,0.521,0.469
933000,0.010,0.310,0.680
933500,0.010,0.379,0.611
934000,0.010,0.425,0.565
934500,0.010,0.576,0.414
935000,0.010,0.661,0.329
935500,0.010,0.825,0.165
936000,0.010,0.701,0.289
936500,0.010,0.594,0.396
937000,0.010,0.392,0.598
937500,0.010,0.637,0.353
938000,0.010,0.481,0.509
938500,0.010,0.595,0.395
939000,0.010,0.408,0.582
939500,0.010,0.318,0.672
940000,0.010,0.683,0.307
940500,0.010,0.572,0.418
941000,0.010,0.593,0.397
941500,0.010,0.421,0.569
942000,0.010,0.556,0.434
942500,0.010,0.664,0.326
943000,0.010,0.448,0.542
943500,0.010,0.478,0.512
944000,0.010,0.575,0.415
944500,0.010,0.503,0.487
945000,0.010,0.336,0.654
945500,0.010,0.640,0.350
946000,0.010,0.408,0.582
946500,0.010,0.615,0.375
947000,0.010,0.615,0.375
947500,0.010,0.554,0.436
948000,0.010,0.566,0.424
948500,0.010,0.625,0.365
949000,0.010,0.454,0.536
949500,0.010,0.450,0.540
950000,0.010,0.517,0.473
950500,0.010,0.433,0.557
951000,0.010,0.503,0.487
951500,0.010,0.495,0.495
952000,0.010,0.333,0.657
952500,0.010,0.587,0.403
953000,0.010,0.532,0.458
953500,0.010,0.816,0.174
954000,0.010,0.734,0.256
954500,0.010,0.483,0.507
955000,0.010,0.625,0.365
955500,0.010,0.648,0.342
956000,0.010,0.694,0.296
956500,0.010,0.359,0.631
957000,0.010,0.598,0.392
957500,0.010,0.626,0.364
958000,0.010,0.789,0.201
958500,0.010,0.574,0.416
959000,0.010,0.419,0.571
959500,0.010,0.385,0.605
960000,0.010,0.439,0.551
960500,0.010,0.673,0.317
961000,0.010,0.449,0.541
961500,0.010,0.433,0.557
962000,0.010,0.754,0.236
962500,0.010,0.438,0.552
963000,0.010,0.560,0.430
963500,0.010,0.365,0.625
964000,0.010,0.374,0.616
964500,0.010,0.607,0.383
965000,0.010,0.473,0.517
965500,0.010,0.539,0.451
966000,0.010,0.431,0.559
966500,0.010,0.714,0.276
967000,0.010,0.748,0.242
967500,0.010,0.449,0.541
968000,0.010,0.436,0.554
968500,0.010,0.527,0.463
969000,0.010,0.600,0.390
969500,0.010,0.433,0.557
970000,0.010,0.623,0.367
970500,0.010,0.568,0.422
971000,0.010,0.541,0.449
971500,0.010,0.627,0.363
972000,0.010,0.420,0.570
972500,0.010,0.484,0.506
973000,0.010,0.383,0.607
973500,0.010,0.460,0.530
974000,0.010,0.556,0.434
974500,0.010,0.405,0.585
975000,0.010,0.693,0.297
975500,0.010,0.611,0.379
976000,0.010,0.447,0.543
976500,0.010,0.483,0.507
977000,0.010,0.719,0.271
977500,0.010,0.555,0.435
978000,0.010,0.352,0.638
978500,0.010,0.424,0.566
979000,0.010,0.540,0.450
979500,0.010,0.470,0.520
980000,0.010,0.596,0.394
980500,0.010,0.587,0.403
981000,0.010,0.513,0.477
981500,0.010,0.582,0.408
982000,0.010,0.578,0.412
982500,0.010,0.652,0.338
983000,0.010,0.704,0.286
983500,0.010,0.527,0.463
984000,0.010,0.567,0.423
984500,0.010,0.469,0.521
985000,0.010,0.465,0.525
985500,0.010,0.585,0.405
986000,0.010,0.759,0.231
986500,0.010,0.710,0.280
987000,0.010,0.440,0.550
987500,0.010,0.481,0.509
988000,0.010,0.554,0.436
988500,0.010,0.573,0.417
989000,0.010,0.779,0.211
989500,0.010,0.586,0.404
990000,0.010,0.401,0.589
990500,0.010,0.515,0.475
991000,0.010,0.596,0.394
991500,0.010,0.457,0.533
992000,0.010,0.575,0.415
992500,0.010,0.472,0.518
993000,0.010,0.466,0.524
993500,0.010,0.658,0.332
994000,0.010,0.366,0.624
994500,0.010,0.384,0.606
995000,0.010,0.678,0.312
995500,0.010,0.381,0.609
996000,0.010,0.592,0.398
996500,0.010,0.630,0.360
997000,0.010,0.496,0.494
997500,0.010,0.488,0.502
998000,0.010,0.252,0.738
998500,0.010,0.505,0.485
999000,0.010,0.647,0.343
999500,0.010,0.610,0.380
1000000,0.010,0.629,0.361
