time,n_A+p,n_B,n_AB
500,0.045,0.087,0.868
1000,0.182,0.011,0.807
1500,0.657,0.000,0.343
2000,0.874,0.000,0.126
2500,0.775,0.000,0.225
3000,0.660,0.000,0.340
3500,0.786,0.000,0.214
4000,0.661,0.000,0.339
4500,0.671,0.000,0.329
5000,0.573,0.000,0.427
5500,0.789,0.000,0.211
6000,0.979,0.000,0.021
6500,1.000,0.000,0.000
