time,n_A+p,n_B,n_AB
500,0.030,0.145,0.825
1000,0.030,0.164,0.806
1500,0.030,0.109,0.861
2000,0.030,0.128,0.842
2500,0.030,0.140,0.830
3000,0.030,0.140,0.830
3500,0.105,0.035,0.860
4000,0.951,0.000,0.049
4500,0.818,0.000,0.182
5000,0.972,0.000,0.028
5500,0.653,0.000,0.347
6000,0.699,0.000,0.301
6500,0.885,0.000,0.115
7000,1.000,0.000,0.000
