time,n_A+p,n_B,n_AB
500,0.010,0.972,0.018
1000,0.010,0.965,0.025
1500,0.010,0.955,0.035
2000,0.010,0.941,0.049
2500,0.010,0.924,0.066
3000,0.010,0.910,0.080
3500,0.010,0.906,0.084
4000,0.010,0.892,0.098
4500,0.010,0.883,0.107
5000,0.010,0.868,0.122
5500,0.010,0.842,0.148
6000,0.010,0.817,0.173
6500,0.010,0.793,0.197
7000,0.010,0.771,0.219
7500,0.010,0.758,0.232
8000,0.010,0.726,0.264
8500,0.010,0.711,0.279
9000,0.012,0.701,0.287
9500,0.013,0.700,0.287
10000,0.011,0.685,0.303
10500,0.013,0.679,0.307
11000,0.017,0.649,0.334
11500,0.017,0.602,0.381
12000,0.018,0.578,0.404
12500,0.017,0.584,0.400
13000,0.017,0.539,0.444
13500,0.016,0.537,0.447
14000,0.018,0.532,0.449
14500,0.023,0.527,0.450
15000,0.034,0.510,0.456
15500,0.030,0.508,0.462
16000,0.033,0.473,0.495
16500,0.027,0.465,0.508
17000,0.025,0.465,0.510
17500,0.029,0.471,0.500
18000,0.028,0.472,0.501
18500,0.029,0.455,0.516
19000,0.028,0.449,0.523
19500,0.035,0.447,0.518
20000,0.038,0.445,0.516
20500,0.038,0.440,0.522
21000,0.038,0.423,0.538
21500,0.040,0.408,0.552
22000,0.049,0.392,0.560
22500,0.052,0.395,0.553
23000,0.049,0.387,0.565
23500,0.048,0.399,0.553
24000,0.042,0.379,0.580
24500,0.038,0.390,0.572
25000,0.042,0.395,0.563
25500,0.042,0.397,0.561
26000,0.045,0.389,0.566
26500,0.046,0.364,0.589
27000,0.050,0.385,0.565
27500,0.043,0.392,0.565
28000,0.052,0.397,0.551
28500,0.047,0.387,0.566
29000,0.053,0.398,0.549
29500,0.046,0.436,0.518
30000,0.056,0.425,0.519
30500,0.048,0.402,0.550
31000,0.051,0.406,0.542
31500,0.044,0.358,0.597
32000,0.039,0.372,0.589
32500,0.048,0.366,0.585
33000,0.050,0.368,0.582
33500,0.051,0.359,0.589
34000,0.045,0.381,0.574
34500,0.061,0.363,0.576
35000,0.065,0.368,0.567
35500,0.059,0.387,0.554
36000,0.050,0.367,0.583
36500,0.049,0.346,0.605
37000,0.051,0.370,0.578
37500,0.056,0.387,0.557
38000,0.048,0.388,0.565
38500,0.051,0.355,0.594
39000,0.059,0.351,0.590
39500,0.070,0.359,0.572
40000,0.051,0.367,0.582
40500,0.055,0.376,0.569
41000,0.045,0.364,0.591
41500,0.059,0.359,0.583
42000,0.061,0.381,0.558
42500,0.054,0.360,0.586
43000,0.054,0.353,0.593
43500,0.061,0.353,0.586
44000,0.052,0.349,0.599
44500,0.055,0.361,0.583
45000,0.063,0.370,0.567
45500,0.059,0.366,0.575
46000,0.057,0.379,0.565
46500,0.057,0.377,0.567
47000,0.060,0.346,0.593
47500,0.062,0.354,0.583
48000,0.061,0.350,0.589
48500,0.051,0.364,0.586
49000,0.045,0.375,0.580
49500,0.052,0.379,0.569
50000,0.046,0.374,0.579
50500,0.051,0.380,0.569
51000,0.052,0.369,0.579
51500,0.055,0.366,0.579
52000,0.052,0.381,0.567
52500,0.053,0.392,0.555
53000,0.049,0.376,0.575
53500,0.054,0.357,0.589
54000,0.054,0.347,0.599
54500,0.074,0.353,0.572
55000,0.065,0.378,0.557
55500,0.053,0.382,0.565
56000,0.058,0.386,0.556
56500,0.057,0.367,0.576
57000,0.058,0.362,0.580
57500,0.048,0.346,0.606
58000,0.046,0.361,0.593
58500,0.048,0.343,0.609
59000,0.052,0.333,0.615
59500,0.057,0.344,0.599
60000,0.066,0.326,0.608
60500,0.064,0.342,0.594
61000,0.065,0.330,0.606
61500,0.061,0.330,0.609
62000,0.050,0.323,0.627
62500,0.066,0.310,0.625
63000,0.081,0.303,0.616
63500,0.081,0.318,0.602
64000,0.078,0.315,0.607
64500,0.075,0.312,0.612
65000,0.069,0.299,0.632
65500,0.070,0.298,0.631
66000,0.077,0.303,0.619
66500,0.086,0.290,0.624
67000,0.096,0.298,0.607
67500,0.110,0.263,0.627
68000,0.117,0.266,0.617
68500,0.107,0.267,0.626
69000,0.102,0.263,0.634
69500,0.112,0.247,0.641
70000,0.106,0.238,0.656
70500,0.103,0.246,0.650
71000,0.120,0.239,0.641
71500,0.117,0.234,0.649
72000,0.115,0.243,0.642
72500,0.118,0.224,0.658
73000,0.120,0.233,0.647
73500,0.115,0.239,0.646
74000,0.115,0.241,0.643
74500,0.109,0.238,0.653
75000,0.115,0.249,0.636
75500,0.102,0.239,0.659
76000,0.131,0.215,0.654
76500,0.134,0.206,0.661
77000,0.135,0.194,0.671
77500,0.140,0.186,0.675
78000,0.138,0.192,0.670
78500,0.143,0.202,0.655
79000,0.138,0.201,0.661
79500,0.152,0.208,0.640
80000,0.146,0.203,0.651
80500,0.143,0.202,0.655
81000,0.155,0.193,0.652
81500,0.166,0.178,0.657
82000,0.168,0.178,0.655
82500,0.171,0.171,0.658
83000,0.168,0.184,0.648
83500,0.147,0.195,0.658
84000,0.161,0.179,0.660
84500,0.162,0.187,0.651
85000,0.173,0.192,0.635
85500,0.166,0.202,0.632
86000,0.167,0.174,0.659
86500,0.172,0.173,0.655
87000,0.147,0.164,0.690
87500,0.152,0.156,0.692
88000,0.171,0.168,0.662
88500,0.184,0.173,0.643
89000,0.175,0.164,0.661
89500,0.184,0.171,0.645
90000,0.188,0.159,0.654
90500,0.188,0.147,0.665
91000,0.174,0.156,0.670
91500,0.192,0.150,0.658
92000,0.201,0.155,0.644
92500,0.206,0.139,0.655
93000,0.206,0.128,0.667
93500,0.223,0.118,0.659
94000,0.251,0.126,0.624
94500,0.236,0.135,0.629
95000,0.245,0.127,0.628
95500,0.233,0.124,0.643
96000,0.230,0.120,0.649
96500,0.227,0.107,0.665
97000,0.227,0.118,0.655
97500,0.222,0.100,0.679
98000,0.230,0.096,0.674
98500,0.237,0.105,0.657
99000,0.248,0.095,0.657
99500,0.239,0.088,0.672
100000,0.240,0.080,0.680
100500,0.245,0.100,0.655
101000,0.259,0.111,0.631
101500,0.265,0.104,0.632
102000,0.237,0.093,0.669
102500,0.235,0.100,0.664
103000,0.255,0.102,0.643
103500,0.264,0.087,0.648
104000,0.291,0.086,0.622
104500,0.280,0.076,0.644
105000,0.296,0.072,0.632
105500,0.299,0.073,0.628
106000,0.317,0.069,0.615
106500,0.300,0.072,0.627
107000,0.303,0.080,0.617
107500,0.331,0.069,0.601
108000,0.336,0.059,0.606
108500,0.340,0.053,0.607
109000,0.345,0.052,0.603
109500,0.347,0.049,0.604
110000,0.341,0.046,0.613
110500,0.354,0.047,0.599
111000,0.357,0.040,0.603
111500,0.375,0.038,0.587
112000,0.366,0.035,0.599
112500,0.389,0.037,0.574
113000,0.404,0.043,0.552
113500,0.415,0.045,0.540
114000,0.395,0.046,0.559
114500,0.410,0.036,0.554
115000,0.405,0.034,0.561
115500,0.405,0.033,0.562
116000,0.428,0.033,0.539
116500,0.416,0.039,0.544
117000,0.446,0.033,0.521
117500,0.436,0.026,0.538
118000,0.438,0.020,0.542
118500,0.430,0.025,0.545
119000,0.426,0.032,0.541
119500,0.407,0.026,0.567
120000,0.413,0.025,0.562
120500,0.402,0.019,0.579
121000,0.409,0.015,0.576
121500,0.401,0.024,0.575
122000,0.421,0.029,0.550
122500,0.435,0.024,0.541
123000,0.429,0.024,0.547
123500,0.431,0.023,0.546
124000,0.462,0.021,0.517
124500,0.427,0.030,0.542
125000,0.400,0.040,0.560
125500,0.396,0.041,0.564
126000,0.413,0.041,0.545
126500,0.423,0.033,0.543
127000,0.426,0.035,0.538
127500,0.430,0.029,0.540
128000,0.432,0.032,0.535
128500,0.442,0.028,0.531
129000,0.441,0.029,0.530
129500,0.469,0.021,0.510
130000,0.468,0.022,0.510
130500,0.469,0.025,0.506
131000,0.461,0.027,0.512
131500,0.455,0.018,0.526
132000,0.452,0.018,0.530
132500,0.479,0.018,0.503
133000,0.478,0.019,0.502
133500,0.474,0.022,0.504
134000,0.501,0.022,0.477
134500,0.511,0.021,0.468
135000,0.516,0.017,0.467
135500,0.510,0.011,0.479
136000,0.515,0.006,0.479
136500,0.517,0.011,0.472
137000,0.525,0.012,0.463
137500,0.523,0.009,0.468
138000,0.512,0.005,0.482
138500,0.537,0.006,0.457
139000,0.552,0.009,0.439
139500,0.553,0.005,0.441
140000,0.533,0.011,0.456
140500,0.527,0.019,0.453
141000,0.487,0.017,0.496
141500,0.491,0.016,0.492
142000,0.477,0.013,0.509
142500,0.469,0.011,0.520
143000,0.494,0.011,0.495
143500,0.490,0.009,0.501
144000,0.495,0.013,0.491
144500,0.496,0.015,0.489
145000,0.496,0.018,0.486
145500,0.485,0.024,0.491
146000,0.500,0.021,0.478
146500,0.494,0.020,0.486
147000,0.495,0.021,0.483
147500,0.489,0.021,0.489
148000,0.522,0.015,0.463
148500,0.512,0.013,0.475
149000,0.506,0.011,0.483
149500,0.499,0.014,0.487
150000,0.515,0.015,0.470
150500,0.511,0.013,0.475
151000,0.505,0.015,0.480
151500,0.475,0.013,0.512
152000,0.504,0.009,0.487
152500,0.517,0.009,0.474
153000,0.508,0.019,0.472
153500,0.509,0.015,0.475
154000,0.499,0.009,0.491
154500,0.485,0.009,0.506
155000,0.495,0.016,0.489
155500,0.490,0.022,0.487
156000,0.496,0.024,0.480
156500,0.488,0.017,0.495
157000,0.484,0.019,0.497
157500,0.492,0.024,0.484
158000,0.479,0.018,0.503
158500,0.486,0.014,0.500
159000,0.467,0.019,0.514
159500,0.462,0.018,0.520
160000,0.461,0.026,0.513
160500,0.450,0.026,0.524
161000,0.453,0.031,0.516
161500,0.431,0.035,0.534
162000,0.418,0.025,0.557
162500,0.421,0.019,0.559
163000,0.449,0.023,0.528
163500,0.470,0.016,0.514
164000,0.466,0.017,0.518
164500,0.470,0.026,0.504
165000,0.473,0.027,0.499
165500,0.466,0.022,0.512
166000,0.458,0.024,0.519
166500,0.456,0.017,0.527
167000,0.424,0.029,0.546
167500,0.424,0.025,0.552
168000,0.449,0.025,0.526
168500,0.460,0.029,0.511
169000,0.455,0.028,0.518
169500,0.467,0.018,0.515
170000,0.457,0.018,0.525
170500,0.465,0.017,0.518
171000,0.450,0.015,0.536
171500,0.449,0.018,0.533
172000,0.450,0.020,0.530
172500,0.464,0.028,0.509
173000,0.443,0.022,0.534
173500,0.461,0.017,0.522
174000,0.465,0.018,0.517
174500,0.438,0.025,0.538
175000,0.428,0.022,0.549
175500,0.416,0.026,0.557
176000,0.413,0.033,0.553
176500,0.399,0.047,0.554
177000,0.403,0.036,0.561
177500,0.405,0.035,0.561
178000,0.406,0.034,0.560
178500,0.403,0.029,0.569
179000,0.400,0.029,0.572
179500,0.421,0.033,0.546
180000,0.404,0.029,0.567
180500,0.409,0.029,0.562
181000,0.420,0.029,0.552
181500,0.440,0.023,0.537
182000,0.470,0.015,0.515
182500,0.453,0.015,0.532
183000,0.434,0.014,0.552
183500,0.426,0.021,0.553
184000,0.458,0.025,0.517
184500,0.448,0.017,0.536
185000,0.447,0.018,0.535
185500,0.454,0.018,0.529
186000,0.447,0.027,0.526
186500,0.453,0.018,0.529
187000,0.444,0.018,0.539
187500,0.461,0.029,0.510
188000,0.480,0.026,0.493
188500,0.482,0.030,0.488
189000,0.456,0.018,0.526
189500,0.459,0.022,0.518
190000,0.456,0.018,0.526
190500,0.444,0.019,0.537
191000,0.429,0.021,0.549
191500,0.437,0.024,0.539
192000,0.459,0.022,0.519
192500,0.448,0.027,0.525
193000,0.466,0.031,0.503
193500,0.474,0.021,0.504
194000,0.468,0.022,0.510
194500,0.460,0.022,0.518
195000,0.472,0.018,0.510
195500,0.498,0.013,0.488
196000,0.498,0.008,0.494
196500,0.479,0.011,0.509
197000,0.508,0.011,0.480
197500,0.511,0.009,0.480
198000,0.489,0.015,0.496
198500,0.494,0.018,0.487
199000,0.504,0.013,0.483
199500,0.502,0.015,0.483
200000,0.531,0.015,0.454
200500,0.533,0.015,0.452
201000,0.525,0.015,0.459
201500,0.528,0.016,0.456
202000,0.510,0.021,0.469
202500,0.502,0.017,0.481
203000,0.503,0.012,0.485
203500,0.490,0.012,0.498
204000,0.489,0.012,0.499
204500,0.505,0.011,0.483
205000,0.519,0.010,0.471
205500,0.513,0.015,0.472
206000,0.533,0.013,0.453
206500,0.522,0.011,0.466
207000,0.532,0.013,0.455
207500,0.540,0.009,0.451
208000,0.523,0.007,0.469
208500,0.513,0.010,0.477
209000,0.508,0.014,0.478
209500,0.499,0.018,0.483
210000,0.504,0.019,0.477
210500,0.500,0.021,0.479
211000,0.505,0.014,0.481
211500,0.510,0.013,0.477
212000,0.512,0.011,0.476
212500,0.492,0.019,0.488
213000,0.475,0.018,0.506
213500,0.460,0.024,0.516
214000,0.464,0.030,0.506
214500,0.488,0.027,0.485
215000,0.492,0.022,0.485
215500,0.484,0.014,0.502
216000,0.494,0.013,0.493
216500,0.491,0.015,0.494
217000,0.473,0.011,0.517
217500,0.458,0.011,0.532
218000,0.459,0.009,0.532
218500,0.458,0.015,0.528
219000,0.452,0.021,0.528
219500,0.468,0.021,0.512
220000,0.477,0.017,0.506
220500,0.479,0.013,0.508
221000,0.490,0.013,0.496
221500,0.472,0.016,0.512
222000,0.499,0.011,0.489
222500,0.480,0.011,0.509
223000,0.475,0.011,0.514
223500,0.483,0.018,0.498
224000,0.495,0.015,0.490
224500,0.498,0.011,0.491
225000,0.492,0.013,0.495
225500,0.495,0.018,0.486
226000,0.509,0.021,0.470
226500,0.522,0.022,0.455
227000,0.512,0.020,0.468
227500,0.527,0.015,0.457
228000,0.521,0.010,0.469
228500,0.514,0.011,0.474
229000,0.496,0.019,0.485
229500,0.478,0.018,0.504
230000,0.498,0.012,0.490
230500,0.503,0.015,0.482
231000,0.474,0.019,0.506
231500,0.478,0.019,0.502
232000,0.476,0.021,0.503
232500,0.458,0.021,0.521
233000,0.460,0.018,0.522
233500,0.437,0.018,0.544
234000,0.441,0.024,0.536
234500,0.425,0.028,0.547
235000,0.410,0.043,0.547
235500,0.404,0.035,0.561
236000,0.398,0.036,0.566
236500,0.406,0.024,0.571
237000,0.388,0.029,0.583
237500,0.401,0.040,0.560
238000,0.424,0.035,0.541
238500,0.399,0.036,0.565
239000,0.415,0.033,0.552
239500,0.430,0.029,0.542
240000,0.425,0.025,0.550
240500,0.426,0.035,0.540
241000,0.414,0.048,0.537
241500,0.404,0.046,0.550
242000,0.432,0.044,0.524
242500,0.419,0.029,0.551
243000,0.442,0.029,0.530
243500,0.446,0.035,0.520
244000,0.435,0.035,0.530
244500,0.448,0.036,0.516
245000,0.461,0.030,0.509
245500,0.450,0.025,0.525
246000,0.451,0.026,0.522
246500,0.457,0.021,0.521
247000,0.458,0.024,0.518
247500,0.466,0.015,0.519
248000,0.457,0.022,0.520
248500,0.469,0.025,0.506
249000,0.465,0.024,0.511
249500,0.471,0.029,0.500
250000,0.477,0.026,0.496
250500,0.482,0.019,0.499
251000,0.471,0.018,0.511
251500,0.463,0.013,0.524
252000,0.469,0.026,0.505
252500,0.443,0.025,0.531
253000,0.439,0.025,0.536
253500,0.426,0.024,0.550
254000,0.435,0.019,0.545
254500,0.445,0.021,0.534
255000,0.462,0.017,0.521
255500,0.479,0.015,0.506
256000,0.497,0.013,0.490
256500,0.501,0.021,0.477
257000,0.492,0.021,0.487
257500,0.496,0.023,0.481
258000,0.494,0.026,0.480
258500,0.492,0.018,0.489
259000,0.472,0.022,0.506
259500,0.453,0.030,0.517
260000,0.456,0.034,0.510
260500,0.432,0.036,0.532
261000,0.453,0.036,0.510
261500,0.418,0.035,0.546
262000,0.415,0.036,0.548
262500,0.404,0.036,0.560
263000,0.409,0.039,0.551
263500,0.387,0.032,0.582
264000,0.391,0.032,0.577
264500,0.393,0.034,0.573
265000,0.394,0.042,0.565
265500,0.396,0.042,0.562
266000,0.393,0.043,0.565
266500,0.400,0.036,0.564
267000,0.386,0.036,0.578
267500,0.421,0.029,0.550
268000,0.445,0.030,0.524
268500,0.443,0.028,0.529
269000,0.445,0.027,0.528
269500,0.477,0.015,0.509
270000,0.470,0.009,0.522
270500,0.472,0.007,0.521
271000,0.470,0.009,0.521
271500,0.475,0.018,0.506
272000,0.477,0.025,0.497
272500,0.477,0.016,0.507
273000,0.482,0.019,0.498
273500,0.471,0.019,0.509
274000,0.471,0.021,0.507
274500,0.449,0.030,0.521
275000,0.446,0.030,0.524
275500,0.464,0.030,0.506
276000,0.435,0.029,0.535
276500,0.439,0.032,0.529
277000,0.437,0.031,0.532
277500,0.431,0.025,0.543
278000,0.460,0.028,0.512
278500,0.431,0.024,0.545
279000,0.440,0.021,0.539
279500,0.452,0.032,0.516
280000,0.431,0.033,0.536
280500,0.434,0.025,0.540
281000,0.436,0.028,0.536
281500,0.429,0.029,0.542
282000,0.422,0.025,0.552
282500,0.435,0.025,0.540
283000,0.433,0.022,0.545
283500,0.443,0.028,0.529
284000,0.446,0.029,0.525
284500,0.442,0.025,0.533
285000,0.443,0.026,0.531
285500,0.447,0.022,0.530
286000,0.443,0.021,0.536
286500,0.439,0.025,0.535
287000,0.445,0.027,0.528
287500,0.454,0.025,0.521
288000,0.434,0.033,0.533
288500,0.433,0.023,0.543
289000,0.426,0.018,0.555
289500,0.446,0.021,0.533
290000,0.438,0.028,0.535
290500,0.427,0.025,0.547
291000,0.411,0.031,0.557
291500,0.409,0.031,0.560
292000,0.401,0.035,0.564
292500,0.416,0.041,0.543
293000,0.406,0.038,0.556
293500,0.408,0.034,0.558
294000,0.401,0.027,0.572
294500,0.389,0.032,0.580
295000,0.407,0.030,0.562
295500,0.404,0.032,0.565
296000,0.397,0.032,0.571
296500,0.397,0.037,0.566
297000,0.389,0.041,0.571
297500,0.380,0.044,0.576
298000,0.397,0.045,0.558
298500,0.403,0.056,0.541
299000,0.418,0.044,0.537
299500,0.379,0.046,0.575
300000,0.375,0.048,0.578
300500,0.366,0.042,0.592
301000,0.354,0.040,0.606
301500,0.367,0.046,0.587
302000,0.368,0.047,0.584
302500,0.371,0.053,0.575
303000,0.377,0.053,0.570
303500,0.372,0.050,0.578
304000,0.389,0.043,0.568
304500,0.388,0.048,0.564
305000,0.413,0.044,0.542
305500,0.413,0.043,0.543
306000,0.414,0.029,0.556
306500,0.438,0.025,0.537
307000,0.449,0.025,0.526
307500,0.457,0.024,0.519
308000,0.466,0.026,0.508
308500,0.448,0.021,0.531
309000,0.442,0.026,0.532
309500,0.448,0.026,0.526
310000,0.432,0.033,0.534
310500,0.425,0.048,0.527
311000,0.416,0.040,0.544
311500,0.407,0.024,0.569
312000,0.426,0.025,0.549
312500,0.423,0.025,0.551
313000,0.443,0.035,0.521
313500,0.429,0.038,0.532
314000,0.439,0.036,0.525
314500,0.442,0.024,0.534
315000,0.441,0.029,0.530
315500,0.440,0.021,0.539
316000,0.454,0.031,0.515
316500,0.434,0.025,0.541
317000,0.431,0.029,0.539
317500,0.444,0.027,0.529
318000,0.449,0.021,0.529
318500,0.456,0.029,0.515
319000,0.463,0.025,0.513
319500,0.455,0.024,0.522
320000,0.463,0.024,0.513
320500,0.452,0.022,0.526
321000,0.448,0.026,0.526
321500,0.461,0.026,0.513
322000,0.456,0.021,0.523
322500,0.453,0.017,0.531
323000,0.443,0.022,0.535
323500,0.426,0.035,0.539
324000,0.439,0.030,0.531
324500,0.411,0.035,0.554
325000,0.423,0.028,0.549
325500,0.429,0.029,0.541
326000,0.416,0.037,0.547
326500,0.425,0.038,0.536
327000,0.430,0.027,0.542
327500,0.418,0.029,0.553
328000,0.409,0.025,0.566
328500,0.403,0.029,0.568
329000,0.416,0.021,0.562
329500,0.416,0.019,0.565
330000,0.405,0.021,0.574
330500,0.428,0.026,0.546
331000,0.428,0.037,0.535
331500,0.434,0.032,0.533
332000,0.455,0.029,0.517
332500,0.463,0.025,0.512
333000,0.464,0.024,0.512
333500,0.483,0.021,0.495
334000,0.465,0.020,0.515
334500,0.465,0.021,0.515
335000,0.456,0.024,0.521
335500,0.455,0.014,0.531
336000,0.446,0.019,0.535
336500,0.450,0.025,0.525
337000,0.449,0.028,0.523
337500,0.449,0.029,0.522
338000,0.453,0.030,0.517
338500,0.417,0.022,0.560
339000,0.424,0.022,0.553
339500,0.429,0.020,0.551
340000,0.435,0.029,0.535
340500,0.450,0.029,0.521
341000,0.418,0.026,0.555
341500,0.432,0.026,0.542
342000,0.440,0.024,0.537
342500,0.435,0.017,0.547
343000,0.434,0.024,0.542
343500,0.465,0.019,0.516
344000,0.461,0.018,0.521
344500,0.470,0.019,0.511
345000,0.494,0.021,0.485
345500,0.493,0.014,0.492
346000,0.506,0.016,0.478
346500,0.500,0.014,0.486
347000,0.499,0.017,0.484
347500,0.487,0.021,0.492
348000,0.469,0.015,0.515
348500,0.455,0.018,0.528
349000,0.451,0.018,0.531
349500,0.474,0.024,0.502
350000,0.457,0.024,0.519
350500,0.434,0.024,0.541
351000,0.454,0.018,0.528
351500,0.485,0.017,0.498
352000,0.483,0.018,0.498
352500,0.468,0.017,0.516
353000,0.464,0.018,0.518
353500,0.476,0.024,0.500
354000,0.466,0.020,0.514
354500,0.478,0.017,0.505
355000,0.475,0.018,0.507
355500,0.476,0.023,0.501
356000,0.485,0.018,0.497
356500,0.487,0.011,0.502
357000,0.487,0.018,0.495
357500,0.486,0.022,0.492
358000,0.447,0.028,0.526
358500,0.436,0.025,0.539
359000,0.470,0.023,0.507
359500,0.461,0.022,0.516
360000,0.459,0.024,0.517
360500,0.465,0.017,0.519
361000,0.458,0.019,0.523
361500,0.466,0.025,0.509
362000,0.438,0.026,0.536
362500,0.431,0.029,0.539
363000,0.431,0.028,0.541
363500,0.433,0.022,0.544
364000,0.469,0.015,0.515
364500,0.486,0.023,0.491
365000,0.450,0.041,0.510
365500,0.440,0.035,0.525
366000,0.422,0.035,0.543
366500,0.441,0.037,0.522
367000,0.435,0.036,0.528
367500,0.436,0.029,0.534
368000,0.420,0.033,0.547
368500,0.422,0.035,0.544
369000,0.406,0.036,0.558
369500,0.419,0.039,0.541
370000,0.404,0.045,0.551
370500,0.407,0.054,0.539
371000,0.393,0.051,0.556
371500,0.398,0.042,0.560
372000,0.380,0.037,0.583
372500,0.410,0.030,0.560
373000,0.406,0.034,0.559
373500,0.392,0.030,0.579
374000,0.390,0.035,0.575
374500,0.395,0.037,0.568
375000,0.423,0.032,0.545
375500,0.421,0.029,0.550
376000,0.422,0.021,0.556
376500,0.435,0.034,0.530
377000,0.420,0.026,0.553
377500,0.405,0.029,0.566
378000,0.417,0.032,0.551
378500,0.406,0.024,0.570
379000,0.423,0.022,0.554
379500,0.431,0.022,0.546
380000,0.451,0.026,0.522
380500,0.430,0.029,0.542
381000,0.412,0.026,0.562
381500,0.411,0.036,0.552
382000,0.424,0.029,0.547
382500,0.432,0.027,0.540
383000,0.435,0.024,0.541
383500,0.434,0.024,0.542
384000,0.419,0.024,0.557
384500,0.417,0.032,0.551
385000,0.412,0.026,0.562
385500,0.393,0.031,0.576
386000,0.368,0.035,0.597
386500,0.364,0.035,0.600
387000,0.383,0.046,0.571
387500,0.401,0.054,0.545
388000,0.384,0.051,0.565
388500,0.392,0.038,0.570
389000,0.384,0.043,0.574
389500,0.381,0.049,0.570
390000,0.390,0.046,0.564
390500,0.368,0.045,0.587
391000,0.361,0.047,0.592
391500,0.361,0.052,0.586
392000,0.357,0.044,0.599
392500,0.334,0.058,0.608
393000,0.330,0.070,0.600
393500,0.350,0.068,0.582
394000,0.353,0.076,0.571
394500,0.367,0.064,0.570
395000,0.344,0.057,0.598
395500,0.355,0.062,0.583
396000,0.358,0.064,0.577
396500,0.362,0.061,0.576
397000,0.350,0.060,0.590
397500,0.347,0.065,0.588
398000,0.348,0.058,0.595
398500,0.343,0.038,0.619
399000,0.381,0.048,0.572
399500,0.353,0.048,0.599
400000,0.349,0.037,0.614
400500,0.362,0.039,0.598
401000,0.354,0.034,0.611
401500,0.355,0.032,0.613
402000,0.337,0.048,0.616
402500,0.350,0.044,0.606
403000,0.353,0.052,0.595
403500,0.336,0.060,0.605
404000,0.349,0.049,0.603
404500,0.334,0.042,0.625
405000,0.327,0.058,0.616
405500,0.346,0.060,0.594
406000,0.366,0.043,0.591
406500,0.370,0.051,0.578
407000,0.368,0.043,0.590
407500,0.382,0.042,0.577
408000,0.397,0.035,0.568
408500,0.384,0.028,0.589
409000,0.390,0.035,0.575
409500,0.393,0.033,0.574
410000,0.401,0.043,0.556
410500,0.360,0.046,0.594
411000,0.370,0.044,0.585
411500,0.368,0.038,0.593
412000,0.392,0.041,0.567
412500,0.372,0.040,0.588
413000,0.374,0.036,0.589
413500,0.375,0.033,0.593
414000,0.397,0.030,0.573
414500,0.388,0.031,0.582
415000,0.392,0.029,0.579
415500,0.396,0.029,0.576
416000,0.408,0.032,0.561
416500,0.410,0.034,0.555
417000,0.411,0.043,0.545
417500,0.407,0.035,0.558
418000,0.424,0.031,0.544
418500,0.445,0.021,0.534
419000,0.444,0.019,0.537
419500,0.448,0.030,0.522
420000,0.434,0.029,0.536
420500,0.436,0.027,0.537
421000,0.431,0.024,0.545
421500,0.452,0.023,0.525
422000,0.440,0.018,0.542
422500,0.452,0.025,0.524
423000,0.433,0.022,0.544
423500,0.426,0.026,0.547
424000,0.447,0.029,0.525
424500,0.446,0.026,0.528
425000,0.461,0.018,0.521
425500,0.466,0.020,0.514
426000,0.459,0.018,0.523
426500,0.443,0.017,0.540
427000,0.481,0.028,0.491
427500,0.487,0.025,0.487
428000,0.479,0.018,0.502
428500,0.474,0.019,0.507
429000,0.474,0.020,0.506
429500,0.467,0.015,0.519
430000,0.468,0.023,0.509
430500,0.480,0.021,0.499
431000,0.476,0.018,0.507
431500,0.493,0.013,0.494
432000,0.488,0.016,0.496
432500,0.505,0.013,0.482
433000,0.496,0.018,0.486
433500,0.506,0.015,0.479
434000,0.508,0.013,0.479
434500,0.490,0.014,0.496
435000,0.487,0.019,0.493
435500,0.492,0.015,0.492
436000,0.486,0.021,0.492
436500,0.491,0.024,0.485
437000,0.478,0.021,0.501
437500,0.480,0.018,0.503
438000,0.485,0.025,0.489
438500,0.462,0.029,0.509
439000,0.479,0.028,0.493
439500,0.473,0.025,0.503
440000,0.479,0.019,0.501
440500,0.480,0.018,0.501
441000,0.492,0.020,0.488
441500,0.486,0.029,0.485
442000,0.497,0.026,0.476
442500,0.476,0.018,0.506
443000,0.473,0.022,0.504
443500,0.478,0.021,0.501
444000,0.481,0.018,0.501
444500,0.468,0.023,0.509
445000,0.468,0.029,0.504
445500,0.459,0.029,0.512
446000,0.454,0.025,0.522
446500,0.460,0.022,0.518
447000,0.486,0.024,0.490
447500,0.482,0.019,0.498
448000,0.507,0.018,0.475
448500,0.502,0.017,0.481
449000,0.477,0.018,0.505
449500,0.441,0.019,0.539
450000,0.435,0.017,0.547
450500,0.440,0.024,0.536
451000,0.427,0.022,0.550
451500,0.438,0.019,0.543
452000,0.444,0.018,0.538
452500,0.466,0.023,0.511
453000,0.470,0.016,0.514
453500,0.480,0.019,0.501
454000,0.473,0.022,0.504
454500,0.469,0.020,0.511
455000,0.479,0.026,0.494
455500,0.482,0.023,0.495
456000,0.464,0.026,0.510
456500,0.458,0.022,0.520
457000,0.446,0.019,0.535
457500,0.442,0.018,0.541
458000,0.461,0.021,0.518
458500,0.458,0.030,0.512
459000,0.455,0.025,0.520
459500,0.441,0.025,0.533
460000,0.411,0.029,0.559
460500,0.416,0.030,0.554
461000,0.436,0.036,0.528
461500,0.448,0.024,0.528
462000,0.426,0.026,0.547
462500,0.406,0.024,0.570
463000,0.414,0.028,0.558
463500,0.406,0.036,0.557
464000,0.422,0.034,0.544
464500,0.416,0.031,0.553
465000,0.436,0.022,0.541
465500,0.435,0.019,0.545
466000,0.444,0.029,0.528
466500,0.445,0.029,0.526
467000,0.452,0.034,0.515
467500,0.422,0.030,0.548
468000,0.404,0.032,0.564
468500,0.397,0.036,0.567
469000,0.425,0.029,0.546
469500,0.428,0.025,0.547
470000,0.421,0.027,0.552
470500,0.417,0.035,0.547
471000,0.401,0.027,0.572
471500,0.410,0.039,0.550
472000,0.417,0.034,0.548
472500,0.413,0.042,0.545
473000,0.439,0.032,0.530
473500,0.447,0.021,0.532
474000,0.449,0.026,0.525
474500,0.438,0.029,0.533
475000,0.449,0.030,0.520
475500,0.444,0.032,0.525
476000,0.430,0.029,0.542
476500,0.422,0.033,0.544
477000,0.433,0.027,0.540
477500,0.425,0.032,0.542
478000,0.423,0.029,0.548
478500,0.429,0.025,0.545
479000,0.421,0.029,0.549
479500,0.442,0.033,0.526
480000,0.457,0.029,0.513
480500,0.458,0.030,0.512
481000,0.460,0.023,0.517
481500,0.458,0.030,0.512
482000,0.462,0.027,0.511
482500,0.464,0.029,0.507
483000,0.441,0.029,0.531
483500,0.427,0.029,0.544
484000,0.448,0.033,0.519
484500,0.443,0.030,0.527
485000,0.463,0.029,0.508
485500,0.438,0.021,0.542
486000,0.440,0.024,0.536
486500,0.434,0.021,0.545
487000,0.466,0.025,0.510
487500,0.461,0.023,0.516
488000,0.456,0.029,0.516
488500,0.450,0.027,0.523
489000,0.453,0.021,0.526
489500,0.442,0.028,0.531
490000,0.418,0.026,0.556
490500,0.402,0.026,0.572
491000,0.392,0.027,0.582
491500,0.424,0.022,0.554
492000,0.430,0.025,0.545
492500,0.449,0.024,0.527
493000,0.456,0.030,0.514
493500,0.459,0.030,0.511
494000,0.473,0.021,0.505
494500,0.458,0.026,0.516
495000,0.456,0.024,0.520
495500,0.439,0.021,0.539
496000,0.423,0.024,0.553
496500,0.419,0.023,0.557
497000,0.422,0.031,0.547
497500,0.434,0.028,0.538
498000,0.440,0.028,0.532
498500,0.442,0.018,0.540
499000,0.433,0.023,0.543
499500,0.446,0.021,0.533
500000,0.471,0.028,0.501
500500,0.448,0.024,0.529
501000,0.446,0.022,0.532
501500,0.471,0.022,0.507
502000,0.494,0.024,0.482
502500,0.469,0.026,0.505
503000,0.472,0.024,0.504
503500,0.459,0.018,0.523
504000,0.450,0.025,0.525
504500,0.460,0.018,0.523
505000,0.451,0.017,0.532
505500,0.455,0.016,0.529
506000,0.485,0.022,0.492
506500,0.475,0.024,0.501
507000,0.506,0.023,0.471
507500,0.494,0.025,0.481
508000,0.482,0.019,0.498
508500,0.492,0.013,0.494
509000,0.523,0.013,0.464
509500,0.537,0.015,0.448
510000,0.539,0.009,0.451
510500,0.524,0.011,0.465
511000,0.504,0.015,0.480
511500,0.489,0.018,0.493
512000,0.485,0.018,0.497
512500,0.485,0.021,0.494
513000,0.456,0.018,0.527
513500,0.457,0.021,0.522
514000,0.456,0.024,0.520
514500,0.443,0.024,0.534
515000,0.431,0.022,0.546
515500,0.433,0.026,0.540
516000,0.458,0.028,0.515
516500,0.455,0.030,0.514
517000,0.458,0.028,0.515
517500,0.463,0.025,0.511
518000,0.453,0.025,0.522
518500,0.470,0.026,0.504
519000,0.467,0.028,0.505
519500,0.439,0.028,0.534
520000,0.444,0.030,0.526
520500,0.442,0.029,0.529
521000,0.447,0.029,0.524
521500,0.439,0.025,0.536
522000,0.436,0.028,0.537
522500,0.436,0.028,0.537
523000,0.414,0.025,0.560
523500,0.436,0.024,0.541
524000,0.436,0.024,0.540
524500,0.430,0.021,0.549
525000,0.431,0.019,0.549
525500,0.439,0.029,0.531
526000,0.438,0.029,0.533
526500,0.441,0.018,0.541
527000,0.454,0.019,0.527
527500,0.484,0.017,0.499
528000,0.490,0.015,0.495
528500,0.493,0.014,0.493
529000,0.503,0.010,0.487
529500,0.519,0.009,0.471
530000,0.526,0.005,0.468
530500,0.517,0.011,0.472
531000,0.530,0.016,0.454
531500,0.535,0.015,0.450
532000,0.543,0.011,0.446
532500,0.539,0.013,0.448
533000,0.526,0.017,0.457
533500,0.524,0.009,0.467
534000,0.518,0.007,0.474
534500,0.500,0.018,0.481
535000,0.501,0.018,0.480
535500,0.500,0.014,0.486
536000,0.502,0.024,0.474
536500,0.483,0.026,0.490
537000,0.466,0.025,0.509
537500,0.470,0.023,0.507
538000,0.457,0.028,0.515
538500,0.453,0.021,0.527
539000,0.490,0.017,0.493
539500,0.474,0.026,0.499
540000,0.469,0.025,0.505
540500,0.475,0.024,0.501
541000,0.480,0.023,0.497
541500,0.457,0.021,0.522
542000,0.439,0.025,0.536
542500,0.446,0.032,0.522
543000,0.434,0.025,0.541
543500,0.455,0.022,0.523
544000,0.441,0.029,0.530
544500,0.462,0.033,0.505
545000,0.469,0.023,0.508
545500,0.453,0.015,0.532
546000,0.454,0.026,0.520
546500,0.434,0.021,0.545
547000,0.453,0.027,0.520
547500,0.448,0.033,0.520
548000,0.453,0.027,0.520
548500,0.455,0.019,0.525
549000,0.434,0.019,0.547
549500,0.462,0.021,0.517
550000,0.458,0.025,0.517
550500,0.455,0.022,0.522
551000,0.450,0.021,0.530
551500,0.471,0.029,0.501
552000,0.460,0.021,0.519
552500,0.471,0.028,0.500
553000,0.471,0.030,0.498
553500,0.452,0.025,0.523
554000,0.447,0.025,0.527
554500,0.422,0.026,0.551
555000,0.430,0.024,0.546
555500,0.443,0.027,0.530
556000,0.444,0.029,0.527
556500,0.443,0.039,0.518
557000,0.450,0.044,0.506
557500,0.469,0.034,0.498
558000,0.471,0.029,0.500
558500,0.465,0.025,0.510
559000,0.467,0.021,0.511
559500,0.474,0.025,0.501
560000,0.470,0.019,0.510
560500,0.478,0.018,0.504
561000,0.464,0.019,0.517
561500,0.473,0.022,0.504
562000,0.488,0.021,0.490
562500,0.472,0.013,0.515
563000,0.464,0.026,0.510
563500,0.480,0.024,0.496
564000,0.483,0.021,0.495
564500,0.472,0.018,0.510
565000,0.490,0.017,0.493
565500,0.488,0.018,0.494
566000,0.479,0.015,0.507
566500,0.472,0.011,0.517
567000,0.484,0.013,0.504
567500,0.477,0.009,0.513
568000,0.471,0.009,0.521
568500,0.485,0.013,0.502
569000,0.494,0.013,0.493
569500,0.487,0.014,0.498
570000,0.471,0.021,0.509
570500,0.469,0.018,0.512
571000,0.485,0.023,0.491
571500,0.457,0.024,0.519
572000,0.450,0.022,0.528
572500,0.458,0.021,0.522
573000,0.453,0.018,0.529
573500,0.479,0.024,0.496
574000,0.474,0.018,0.508
574500,0.479,0.013,0.508
575000,0.495,0.017,0.487
575500,0.501,0.018,0.480
576000,0.482,0.018,0.499
576500,0.468,0.017,0.516
577000,0.450,0.025,0.526
577500,0.441,0.020,0.539
578000,0.451,0.023,0.526
578500,0.453,0.029,0.517
579000,0.449,0.026,0.525
579500,0.455,0.022,0.522
580000,0.455,0.026,0.519
580500,0.457,0.020,0.523
581000,0.465,0.021,0.514
581500,0.460,0.011,0.530
582000,0.457,0.013,0.529
582500,0.464,0.018,0.518
583000,0.482,0.018,0.500
583500,0.453,0.017,0.530
584000,0.443,0.022,0.535
584500,0.433,0.021,0.546
585000,0.435,0.019,0.546
585500,0.424,0.018,0.557
586000,0.440,0.026,0.534
586500,0.438,0.023,0.539
587000,0.442,0.027,0.531
587500,0.426,0.025,0.548
588000,0.447,0.019,0.534
588500,0.460,0.021,0.519
589000,0.460,0.025,0.516
589500,0.458,0.023,0.519
590000,0.461,0.019,0.519
590500,0.475,0.022,0.503
591000,0.455,0.023,0.522
591500,0.448,0.024,0.528
592000,0.460,0.025,0.515
592500,0.442,0.021,0.537
593000,0.450,0.022,0.528
593500,0.468,0.017,0.515
594000,0.478,0.018,0.503
594500,0.474,0.021,0.506
595000,0.459,0.023,0.518
595500,0.465,0.022,0.513
596000,0.465,0.017,0.519
596500,0.444,0.015,0.542
597000,0.450,0.015,0.535
597500,0.444,0.017,0.540
598000,0.444,0.026,0.530
598500,0.434,0.023,0.542
599000,0.443,0.028,0.529
599500,0.451,0.030,0.518
600000,0.463,0.027,0.510
600500,0.469,0.016,0.514
601000,0.458,0.015,0.527
601500,0.430,0.014,0.555
602000,0.425,0.017,0.558
602500,0.435,0.022,0.542
603000,0.439,0.021,0.540
603500,0.429,0.019,0.552
604000,0.399,0.026,0.575
604500,0.400,0.024,0.577
605000,0.412,0.019,0.569
605500,0.423,0.024,0.553
606000,0.429,0.028,0.543
606500,0.443,0.029,0.529
607000,0.465,0.019,0.516
607500,0.447,0.037,0.516
608000,0.461,0.028,0.511
608500,0.453,0.030,0.517
609000,0.463,0.027,0.510
609500,0.449,0.026,0.525
610000,0.459,0.018,0.524
610500,0.439,0.014,0.547
611000,0.427,0.028,0.544
611500,0.462,0.033,0.506
612000,0.444,0.033,0.523
612500,0.431,0.034,0.535
613000,0.436,0.026,0.537
613500,0.424,0.027,0.549
614000,0.438,0.029,0.533
614500,0.407,0.024,0.569
615000,0.415,0.023,0.562
615500,0.426,0.025,0.548
616000,0.449,0.033,0.519
616500,0.426,0.029,0.544
617000,0.436,0.029,0.535
617500,0.424,0.026,0.550
618000,0.427,0.040,0.533
618500,0.411,0.036,0.552
619000,0.402,0.033,0.566
619500,0.427,0.025,0.548
620000,0.448,0.018,0.534
620500,0.439,0.023,0.538
621000,0.449,0.024,0.527
621500,0.455,0.021,0.524
622000,0.451,0.023,0.526
622500,0.460,0.022,0.518
623000,0.435,0.022,0.542
623500,0.441,0.017,0.542
624000,0.436,0.019,0.545
624500,0.418,0.025,0.556
625000,0.439,0.024,0.538
625500,0.442,0.033,0.526
626000,0.415,0.029,0.556
626500,0.392,0.033,0.575
627000,0.382,0.037,0.581
627500,0.393,0.029,0.579
628000,0.378,0.041,0.582
628500,0.381,0.035,0.584
629000,0.386,0.033,0.582
629500,0.386,0.029,0.585
630000,0.392,0.026,0.582
630500,0.395,0.033,0.572
631000,0.377,0.031,0.592
631500,0.366,0.041,0.593
632000,0.368,0.044,0.588
632500,0.354,0.052,0.593
633000,0.377,0.038,0.585
633500,0.381,0.035,0.584
634000,0.374,0.040,0.587
634500,0.366,0.052,0.582
635000,0.354,0.060,0.586
635500,0.386,0.053,0.561
636000,0.379,0.054,0.567
636500,0.343,0.050,0.608
637000,0.355,0.043,0.602
637500,0.352,0.047,0.601
638000,0.380,0.043,0.577
638500,0.390,0.038,0.573
639000,0.376,0.028,0.597
639500,0.380,0.028,0.593
640000,0.390,0.038,0.572
640500,0.376,0.035,0.590
641000,0.387,0.051,0.562
641500,0.364,0.056,0.581
642000,0.377,0.052,0.571
642500,0.392,0.039,0.569
643000,0.407,0.039,0.554
643500,0.407,0.035,0.558
644000,0.430,0.029,0.540
644500,0.442,0.024,0.534
645000,0.448,0.022,0.530
645500,0.430,0.025,0.546
646000,0.449,0.029,0.522
646500,0.446,0.029,0.525
647000,0.455,0.025,0.520
647500,0.456,0.032,0.512
648000,0.459,0.034,0.507
648500,0.434,0.030,0.535
649000,0.421,0.031,0.548
649500,0.436,0.037,0.526
650000,0.458,0.025,0.518
650500,0.435,0.026,0.539
651000,0.453,0.024,0.523
651500,0.473,0.025,0.503
652000,0.476,0.018,0.507
652500,0.452,0.011,0.538
653000,0.459,0.011,0.530
653500,0.447,0.023,0.530
654000,0.452,0.026,0.522
654500,0.457,0.029,0.514
655000,0.451,0.040,0.509
655500,0.431,0.030,0.539
656000,0.440,0.025,0.535
656500,0.440,0.026,0.534
657000,0.449,0.021,0.530
657500,0.454,0.022,0.524
658000,0.421,0.033,0.546
658500,0.431,0.025,0.543
659000,0.446,0.026,0.528
659500,0.431,0.022,0.546
660000,0.434,0.022,0.543
660500,0.459,0.018,0.522
661000,0.469,0.018,0.512
661500,0.471,0.018,0.510
662000,0.466,0.021,0.513
662500,0.457,0.020,0.523
663000,0.460,0.015,0.525
663500,0.444,0.019,0.537
664000,0.438,0.030,0.532
664500,0.422,0.038,0.540
665000,0.441,0.028,0.531
665500,0.454,0.021,0.525
666000,0.459,0.025,0.517
666500,0.449,0.026,0.525
667000,0.445,0.024,0.531
667500,0.441,0.034,0.526
668000,0.450,0.032,0.518
668500,0.439,0.030,0.531
669000,0.431,0.023,0.545
669500,0.435,0.023,0.542
670000,0.419,0.021,0.560
670500,0.454,0.029,0.517
671000,0.469,0.027,0.503
671500,0.467,0.022,0.511
672000,0.443,0.024,0.533
672500,0.422,0.020,0.558
673000,0.432,0.036,0.532
673500,0.410,0.036,0.553
674000,0.429,0.034,0.537
674500,0.428,0.025,0.546
675000,0.417,0.026,0.556
675500,0.404,0.029,0.567
676000,0.427,0.029,0.543
676500,0.413,0.038,0.548
677000,0.430,0.031,0.539
677500,0.418,0.035,0.546
678000,0.396,0.037,0.567
678500,0.392,0.043,0.565
679000,0.382,0.038,0.580
679500,0.378,0.042,0.580
680000,0.384,0.041,0.575
680500,0.414,0.043,0.543
681000,0.413,0.042,0.545
681500,0.406,0.045,0.549
682000,0.404,0.037,0.559
682500,0.391,0.036,0.573
683000,0.378,0.042,0.581
683500,0.376,0.055,0.570
684000,0.382,0.049,0.570
684500,0.384,0.044,0.573
685000,0.392,0.035,0.573
685500,0.397,0.037,0.566
686000,0.391,0.032,0.578
686500,0.381,0.035,0.584
687000,0.380,0.046,0.574
687500,0.399,0.060,0.541
688000,0.376,0.055,0.569
688500,0.369,0.051,0.579
689000,0.379,0.049,0.573
689500,0.389,0.035,0.576
690000,0.398,0.033,0.570
690500,0.407,0.026,0.567
691000,0.404,0.030,0.567
691500,0.405,0.030,0.565
692000,0.419,0.022,0.558
692500,0.430,0.025,0.544
693000,0.439,0.025,0.536
693500,0.435,0.024,0.541
694000,0.439,0.015,0.545
694500,0.432,0.015,0.552
695000,0.450,0.018,0.532
695500,0.474,0.022,0.503
696000,0.469,0.023,0.507
696500,0.473,0.015,0.511
697000,0.468,0.021,0.512
697500,0.469,0.021,0.510
698000,0.467,0.017,0.516
698500,0.474,0.023,0.503
699000,0.472,0.015,0.512
699500,0.471,0.018,0.511
700000,0.479,0.021,0.501
700500,0.492,0.017,0.491
701000,0.488,0.015,0.497
701500,0.466,0.017,0.518
702000,0.455,0.018,0.526
702500,0.474,0.013,0.512
703000,0.486,0.011,0.503
703500,0.485,0.019,0.495
704000,0.478,0.014,0.508
704500,0.450,0.026,0.524
705000,0.436,0.029,0.535
705500,0.449,0.031,0.520
706000,0.435,0.029,0.536
706500,0.446,0.033,0.521
707000,0.451,0.023,0.526
707500,0.455,0.026,0.519
708000,0.477,0.026,0.496
708500,0.487,0.029,0.484
709000,0.497,0.027,0.476
709500,0.474,0.024,0.503
710000,0.502,0.019,0.479
710500,0.503,0.015,0.482
711000,0.490,0.025,0.485
711500,0.460,0.018,0.523
712000,0.452,0.021,0.527
712500,0.428,0.037,0.535
713000,0.427,0.029,0.543
713500,0.430,0.034,0.536
714000,0.424,0.040,0.536
714500,0.424,0.035,0.540
715000,0.428,0.026,0.546
715500,0.403,0.027,0.570
716000,0.408,0.025,0.566
716500,0.407,0.026,0.566
717000,0.413,0.029,0.557
717500,0.403,0.030,0.567
718000,0.405,0.036,0.559
718500,0.404,0.032,0.565
719000,0.384,0.030,0.586
719500,0.369,0.029,0.601
720000,0.385,0.038,0.577
720500,0.384,0.039,0.578
721000,0.393,0.041,0.567
721500,0.393,0.029,0.578
722000,0.379,0.044,0.577
722500,0.384,0.038,0.578
723000,0.365,0.043,0.593
723500,0.373,0.036,0.590
724000,0.415,0.030,0.554
724500,0.450,0.027,0.523
725000,0.453,0.026,0.521
725500,0.434,0.029,0.537
726000,0.420,0.032,0.548
726500,0.420,0.032,0.548
727000,0.447,0.029,0.524
727500,0.440,0.028,0.532
728000,0.450,0.029,0.521
728500,0.460,0.026,0.514
729000,0.471,0.021,0.508
729500,0.494,0.013,0.493
730000,0.520,0.009,0.470
730500,0.479,0.007,0.513
731000,0.491,0.016,0.493
731500,0.504,0.016,0.480
732000,0.476,0.016,0.508
732500,0.474,0.017,0.509
733000,0.466,0.021,0.513
733500,0.453,0.019,0.528
734000,0.465,0.018,0.517
734500,0.462,0.021,0.518
735000,0.479,0.023,0.498
735500,0.478,0.021,0.500
736000,0.494,0.021,0.484
736500,0.500,0.018,0.481
737000,0.513,0.019,0.468
737500,0.545,0.013,0.442
738000,0.531,0.013,0.456
738500,0.519,0.013,0.467
739000,0.484,0.020,0.496
739500,0.468,0.019,0.513
740000,0.472,0.018,0.510
740500,0.483,0.017,0.499
741000,0.493,0.013,0.493
741500,0.491,0.015,0.494
742000,0.474,0.018,0.507
742500,0.461,0.020,0.519
743000,0.456,0.025,0.519
743500,0.463,0.019,0.518
744000,0.456,0.028,0.516
744500,0.463,0.025,0.512
745000,0.469,0.019,0.512
745500,0.469,0.021,0.510
746000,0.456,0.022,0.522
746500,0.445,0.024,0.532
747000,0.459,0.021,0.519
747500,0.437,0.026,0.536
748000,0.432,0.025,0.542
748500,0.437,0.023,0.540
749000,0.410,0.019,0.570
749500,0.442,0.021,0.538
750000,0.440,0.017,0.543
750500,0.445,0.019,0.536
751000,0.449,0.021,0.531
751500,0.444,0.029,0.527
752000,0.456,0.033,0.512
752500,0.449,0.031,0.520
753000,0.448,0.026,0.526
753500,0.426,0.032,0.542
754000,0.415,0.031,0.554
754500,0.396,0.025,0.580
755000,0.402,0.025,0.573
755500,0.405,0.030,0.565
756000,0.396,0.029,0.576
756500,0.382,0.031,0.587
757000,0.405,0.031,0.564
757500,0.420,0.036,0.543
758000,0.410,0.034,0.555
758500,0.433,0.031,0.536
759000,0.433,0.032,0.534
759500,0.438,0.036,0.526
760000,0.446,0.026,0.528
760500,0.450,0.035,0.515
761000,0.458,0.027,0.515
761500,0.442,0.026,0.532
762000,0.454,0.035,0.511
762500,0.458,0.037,0.505
763000,0.465,0.034,0.501
763500,0.468,0.036,0.496
764000,0.449,0.029,0.522
764500,0.453,0.025,0.522
765000,0.462,0.023,0.515
765500,0.458,0.030,0.512
766000,0.441,0.029,0.530
766500,0.439,0.027,0.534
767000,0.445,0.028,0.527
767500,0.453,0.024,0.524
768000,0.454,0.028,0.519
768500,0.469,0.029,0.501
769000,0.472,0.025,0.503
769500,0.465,0.026,0.509
770000,0.471,0.021,0.508
770500,0.483,0.032,0.484
771000,0.479,0.022,0.498
771500,0.469,0.025,0.507
772000,0.491,0.030,0.479
772500,0.471,0.029,0.500
773000,0.470,0.025,0.506
773500,0.458,0.027,0.515
774000,0.463,0.026,0.511
774500,0.474,0.026,0.499
775000,0.484,0.022,0.493
775500,0.483,0.018,0.499
776000,0.465,0.021,0.514
776500,0.454,0.018,0.528
777000,0.470,0.018,0.512
777500,0.460,0.022,0.518
778000,0.469,0.020,0.511
778500,0.433,0.024,0.543
779000,0.447,0.021,0.533
779500,0.439,0.019,0.542
780000,0.460,0.019,0.521
780500,0.465,0.028,0.508
781000,0.459,0.026,0.514
781500,0.438,0.030,0.532
782000,0.463,0.033,0.505
782500,0.429,0.032,0.539
783000,0.412,0.037,0.551
783500,0.423,0.031,0.546
784000,0.423,0.032,0.544
784500,0.441,0.023,0.536
785000,0.430,0.025,0.545
785500,0.429,0.022,0.549
786000,0.412,0.024,0.565
786500,0.417,0.017,0.566
787000,0.421,0.025,0.554
787500,0.412,0.034,0.554
788000,0.411,0.036,0.553
788500,0.411,0.035,0.553
789000,0.409,0.046,0.544
789500,0.405,0.043,0.552
790000,0.413,0.042,0.544
790500,0.410,0.043,0.547
791000,0.392,0.042,0.567
791500,0.377,0.040,0.583
792000,0.391,0.036,0.573
792500,0.396,0.041,0.563
793000,0.398,0.033,0.570
793500,0.417,0.048,0.535
794000,0.397,0.041,0.562
794500,0.385,0.048,0.568
795000,0.391,0.057,0.552
795500,0.380,0.047,0.573
796000,0.380,0.035,0.586
796500,0.368,0.033,0.599
797000,0.355,0.032,0.613
797500,0.362,0.043,0.594
798000,0.359,0.050,0.592
798500,0.384,0.049,0.568
799000,0.390,0.040,0.571
799500,0.403,0.038,0.559
800000,0.411,0.041,0.548
800500,0.433,0.035,0.532
801000,0.421,0.032,0.547
801500,0.410,0.033,0.556
802000,0.415,0.040,0.545
802500,0.402,0.030,0.568
803000,0.409,0.043,0.548
803500,0.372,0.045,0.582
804000,0.377,0.042,0.581
804500,0.381,0.047,0.572
805000,0.383,0.057,0.560
805500,0.382,0.056,0.562
806000,0.383,0.051,0.566
806500,0.357,0.045,0.598
807000,0.364,0.055,0.581
807500,0.349,0.051,0.600
808000,0.348,0.053,0.599
808500,0.364,0.052,0.584
809000,0.350,0.056,0.594
809500,0.352,0.056,0.592
810000,0.342,0.051,0.607
810500,0.344,0.048,0.608
811000,0.341,0.051,0.609
811500,0.346,0.050,0.604
812000,0.374,0.050,0.576
812500,0.394,0.043,0.564
813000,0.365,0.046,0.589
813500,0.349,0.056,0.595
814000,0.359,0.052,0.589
814500,0.352,0.053,0.594
815000,0.365,0.052,0.583
815500,0.350,0.070,0.580
816000,0.339,0.071,0.590
816500,0.332,0.063,0.605
817000,0.334,0.058,0.608
817500,0.323,0.043,0.634
818000,0.312,0.053,0.635
818500,0.346,0.052,0.601
819000,0.344,0.054,0.601
819500,0.364,0.049,0.588
820000,0.366,0.050,0.584
820500,0.376,0.046,0.578
821000,0.373,0.053,0.574
821500,0.385,0.044,0.571
822000,0.358,0.044,0.598
822500,0.377,0.045,0.578
823000,0.378,0.049,0.574
823500,0.392,0.054,0.553
824000,0.376,0.049,0.576
824500,0.419,0.042,0.539
825000,0.414,0.034,0.553
825500,0.413,0.035,0.551
826000,0.404,0.038,0.558
826500,0.415,0.030,0.554
827000,0.397,0.035,0.568
827500,0.407,0.029,0.564
828000,0.384,0.030,0.586
828500,0.394,0.036,0.570
829000,0.393,0.033,0.575
829500,0.384,0.035,0.582
830000,0.421,0.036,0.542
830500,0.415,0.035,0.549
831000,0.438,0.035,0.528
831500,0.429,0.034,0.537
832000,0.438,0.031,0.531
832500,0.455,0.030,0.515
833000,0.465,0.025,0.510
833500,0.458,0.025,0.517
834000,0.447,0.018,0.535
834500,0.451,0.026,0.523
835000,0.462,0.025,0.513
835500,0.450,0.022,0.528
836000,0.465,0.021,0.513
836500,0.495,0.018,0.487
837000,0.480,0.017,0.503
837500,0.484,0.018,0.498
838000,0.500,0.019,0.481
838500,0.487,0.020,0.492
839000,0.477,0.014,0.508
839500,0.473,0.015,0.511
840000,0.479,0.017,0.503
840500,0.467,0.015,0.518
841000,0.461,0.009,0.529
841500,0.469,0.013,0.519
842000,0.475,0.014,0.511
842500,0.484,0.014,0.502
843000,0.467,0.015,0.517
843500,0.470,0.017,0.514
844000,0.459,0.016,0.525
844500,0.448,0.017,0.536
845000,0.473,0.010,0.517
845500,0.481,0.013,0.505
846000,0.491,0.007,0.502
846500,0.493,0.011,0.496
847000,0.486,0.015,0.499
847500,0.488,0.015,0.497
848000,0.475,0.018,0.507
848500,0.484,0.018,0.498
849000,0.464,0.014,0.522
849500,0.469,0.016,0.515
850000,0.447,0.018,0.535
850500,0.468,0.016,0.516
851000,0.473,0.020,0.506
851500,0.455,0.019,0.525
852000,0.471,0.019,0.510
852500,0.432,0.029,0.539
853000,0.427,0.019,0.553
853500,0.428,0.015,0.557
854000,0.423,0.021,0.555
854500,0.441,0.015,0.544
855000,0.425,0.020,0.555
855500,0.443,0.019,0.538
856000,0.424,0.021,0.555
856500,0.394,0.032,0.575
857000,0.417,0.032,0.551
857500,0.421,0.039,0.539
858000,0.416,0.037,0.547
858500,0.406,0.035,0.559
859000,0.430,0.028,0.542
859500,0.426,0.037,0.536
860000,0.432,0.034,0.533
860500,0.454,0.026,0.520
861000,0.453,0.025,0.522
861500,0.461,0.021,0.518
862000,0.436,0.026,0.538
862500,0.426,0.030,0.543
863000,0.449,0.026,0.524
863500,0.443,0.025,0.532
864000,0.452,0.021,0.527
864500,0.432,0.019,0.548
865000,0.431,0.014,0.554
865500,0.448,0.021,0.532
866000,0.465,0.022,0.513
866500,0.474,0.032,0.494
867000,0.491,0.026,0.483
867500,0.488,0.023,0.489
868000,0.486,0.012,0.502
868500,0.496,0.016,0.488
869000,0.506,0.018,0.476
869500,0.508,0.016,0.476
870000,0.503,0.015,0.481
870500,0.511,0.013,0.475
871000,0.508,0.015,0.477
871500,0.510,0.015,0.475
872000,0.506,0.011,0.483
872500,0.501,0.013,0.485
873000,0.508,0.009,0.483
873500,0.492,0.009,0.499
874000,0.465,0.010,0.525
874500,0.457,0.015,0.528
875000,0.481,0.021,0.498
875500,0.479,0.026,0.494
876000,0.469,0.022,0.509
876500,0.492,0.013,0.494
877000,0.484,0.015,0.501
877500,0.480,0.008,0.512
878000,0.497,0.008,0.494
878500,0.490,0.009,0.500
879000,0.477,0.011,0.512
879500,0.482,0.009,0.509
880000,0.476,0.007,0.517
880500,0.478,0.022,0.500
881000,0.476,0.024,0.500
881500,0.489,0.024,0.487
882000,0.464,0.025,0.511
882500,0.444,0.029,0.527
883000,0.433,0.030,0.536
883500,0.445,0.028,0.527
884000,0.437,0.025,0.538
884500,0.459,0.023,0.518
885000,0.452,0.029,0.519
885500,0.453,0.026,0.521
886000,0.445,0.019,0.536
886500,0.459,0.021,0.521
887000,0.478,0.015,0.506
887500,0.467,0.021,0.513
888000,0.456,0.019,0.525
888500,0.478,0.016,0.506
889000,0.471,0.022,0.507
889500,0.477,0.018,0.505
890000,0.485,0.024,0.490
890500,0.470,0.021,0.510
891000,0.482,0.018,0.501
891500,0.485,0.021,0.493
892000,0.492,0.018,0.489
892500,0.493,0.021,0.486
893000,0.509,0.018,0.473
893500,0.516,0.011,0.472
894000,0.534,0.012,0.454
894500,0.539,0.011,0.449
895000,0.554,0.011,0.435
895500,0.542,0.009,0.448
896000,0.548,0.008,0.444
896500,0.531,0.009,0.460
897000,0.527,0.011,0.461
897500,0.544,0.016,0.440
898000,0.525,0.011,0.463
898500,0.516,0.013,0.470
899000,0.517,0.014,0.469
899500,0.504,0.015,0.480
900000,0.502,0.014,0.484
900500,0.497,0.013,0.489
901000,0.499,0.021,0.479
901500,0.511,0.016,0.473
902000,0.504,0.013,0.483
902500,0.521,0.011,0.467
903000,0.530,0.016,0.454
903500,0.543,0.016,0.441
904000,0.528,0.010,0.462
904500,0.522,0.004,0.473
905000,0.525,0.008,0.467
905500,0.506,0.007,0.486
906000,0.504,0.009,0.486
906500,0.499,0.009,0.492
907000,0.492,0.018,0.490
907500,0.485,0.013,0.502
908000,0.495,0.014,0.490
908500,0.485,0.025,0.490
909000,0.490,0.018,0.492
909500,0.480,0.021,0.498
910000,0.472,0.016,0.512
910500,0.475,0.018,0.506
911000,0.474,0.021,0.505
911500,0.485,0.017,0.497
912000,0.488,0.018,0.494
912500,0.479,0.015,0.506
913000,0.470,0.015,0.515
913500,0.443,0.018,0.539
914000,0.468,0.024,0.509
914500,0.473,0.024,0.503
915000,0.464,0.019,0.517
915500,0.464,0.026,0.510
916000,0.452,0.019,0.529
916500,0.445,0.016,0.539
917000,0.465,0.013,0.522
917500,0.476,0.011,0.512
918000,0.467,0.018,0.515
918500,0.459,0.021,0.520
919000,0.449,0.019,0.532
919500,0.448,0.022,0.530
920000,0.478,0.020,0.502
920500,0.499,0.019,0.481
921000,0.472,0.019,0.509
921500,0.474,0.024,0.502
922000,0.455,0.020,0.525
922500,0.459,0.019,0.522
923000,0.438,0.024,0.538
923500,0.432,0.027,0.540
924000,0.427,0.037,0.536
924500,0.419,0.045,0.535
925000,0.407,0.038,0.554
925500,0.390,0.044,0.566
926000,0.415,0.040,0.545
926500,0.436,0.030,0.533
927000,0.423,0.030,0.546
927500,0.414,0.031,0.555
928000,0.397,0.032,0.572
928500,0.393,0.032,0.576
929000,0.399,0.026,0.575
929500,0.403,0.017,0.581
930000,0.406,0.017,0.577
930500,0.412,0.035,0.552
931000,0.396,0.043,0.561
931500,0.413,0.045,0.541
932000,0.434,0.033,0.534
932500,0.400,0.035,0.565
933000,0.396,0.038,0.566
933500,0.404,0.041,0.555
934000,0.390,0.044,0.566
934500,0.394,0.035,0.571
935000,0.383,0.038,0.579
935500,0.385,0.030,0.585
936000,0.396,0.037,0.567
936500,0.390,0.028,0.583
937000,0.402,0.026,0.572
937500,0.420,0.032,0.549
938000,0.437,0.026,0.536
938500,0.460,0.030,0.510
939000,0.482,0.026,0.491
939500,0.484,0.024,0.492
940000,0.502,0.026,0.472
940500,0.487,0.022,0.490
941000,0.498,0.025,0.477
941500,0.494,0.013,0.493
942000,0.469,0.015,0.516
942500,0.439,0.012,0.549
943000,0.429,0.026,0.544
943500,0.422,0.020,0.558
944000,0.424,0.019,0.556
944500,0.425,0.018,0.557
945000,0.456,0.019,0.525
945500,0.448,0.019,0.533
946000,0.445,0.016,0.539
946500,0.449,0.015,0.536
947000,0.448,0.019,0.533
947500,0.436,0.026,0.537
948000,0.453,0.028,0.519
948500,0.446,0.029,0.526
949000,0.446,0.030,0.524
949500,0.424,0.032,0.543
950000,0.413,0.028,0.559
950500,0.414,0.025,0.560
951000,0.405,0.022,0.573
951500,0.437,0.032,0.531
952000,0.452,0.026,0.522
952500,0.436,0.039,0.524
953000,0.446,0.030,0.524
953500,0.424,0.021,0.555
954000,0.452,0.022,0.526
954500,0.444,0.023,0.533
955000,0.438,0.027,0.535
955500,0.457,0.028,0.515
956000,0.489,0.026,0.484
956500,0.499,0.022,0.478
957000,0.505,0.013,0.481
957500,0.510,0.010,0.480
958000,0.522,0.011,0.467
958500,0.490,0.022,0.488
959000,0.473,0.018,0.509
959500,0.470,0.023,0.507
960000,0.447,0.033,0.520
960500,0.435,0.032,0.533
961000,0.445,0.032,0.523
961500,0.451,0.026,0.523
962000,0.451,0.022,0.526
962500,0.466,0.013,0.521
963000,0.476,0.013,0.511
963500,0.464,0.011,0.526
964000,0.445,0.012,0.543
964500,0.453,0.015,0.533
965000,0.490,0.013,0.497
965500,0.478,0.016,0.506
966000,0.484,0.017,0.499
966500,0.484,0.022,0.494
967000,0.489,0.019,0.491
967500,0.490,0.024,0.486
968000,0.487,0.024,0.488
968500,0.471,0.021,0.507
969000,0.463,0.022,0.515
969500,0.452,0.022,0.526
970000,0.472,0.021,0.507
970500,0.474,0.019,0.507
971000,0.473,0.015,0.511
971500,0.493,0.010,0.497
972000,0.506,0.013,0.481
972500,0.500,0.012,0.488
973000,0.513,0.018,0.468
973500,0.515,0.021,0.464
974000,0.506,0.017,0.477
974500,0.484,0.015,0.502
975000,0.500,0.021,0.478
975500,0.492,0.018,0.490
976000,0.500,0.022,0.478
976500,0.479,0.019,0.501
977000,0.486,0.016,0.498
977500,0.480,0.021,0.498
978000,0.490,0.022,0.488
978500,0.492,0.020,0.488
979000,0.502,0.014,0.484
979500,0.487,0.019,0.493
980000,0.506,0.016,0.478
980500,0.491,0.018,0.491
981000,0.504,0.010,0.486
981500,0.503,0.019,0.478
982000,0.501,0.021,0.478
982500,0.501,0.020,0.479
983000,0.490,0.019,0.491
983500,0.488,0.020,0.492
984000,0.487,0.021,0.491
984500,0.475,0.014,0.510
985000,0.469,0.011,0.521
985500,0.479,0.013,0.507
986000,0.474,0.022,0.504
986500,0.470,0.021,0.509
987000,0.477,0.021,0.501
987500,0.496,0.017,0.487
988000,0.497,0.011,0.491
988500,0.501,0.011,0.487
989000,0.501,0.015,0.484
989500,0.492,0.013,0.495
990000,0.484,0.018,0.498
990500,0.469,0.017,0.515
991000,0.492,0.011,0.496
991500,0.502,0.012,0.486
992000,0.506,0.009,0.485
992500,0.527,0.012,0.461
993000,0.519,0.020,0.461
993500,0.506,0.018,0.476
994000,0.517,0.012,0.471
994500,0.506,0.015,0.479
995000,0.495,0.018,0.487
995500,0.511,0.010,0.479
996000,0.531,0.009,0.460
996500,0.542,0.009,0.448
997000,0.529,0.014,0.457
997500,0.517,0.015,0.468
998000,0.498,0.015,0.487
998500,0.484,0.019,0.496
999000,0.487,0.015,0.498
999500,0.475,0.015,0.510
1000000,0.460,0.020,0.520
