time,n_A+p,n_B,n_AB
100,0.030,0.957,0.013
200,0.030,0.954,0.016
300,0.031,0.955,0.014
400,0.030,0.947,0.023
500,0.030,0.939,0.032
600,0.030,0.935,0.036
700,0.031,0.930,0.040
800,0.031,0.925,0.044
900,0.034,0.920,0.046
1000,0.034,0.925,0.041
1100,0.035,0.919,0.046
1200,0.034,0.915,0.051
1300,0.033,0.910,0.057
1400,0.038,0.903,0.059
1500,0.036,0.890,0.075
1600,0.040,0.873,0.087
1700,0.040,0.856,0.104
1800,0.041,0.858,0.101
1900,0.046,0.852,0.102
2000,0.040,0.848,0.112
2100,0.038,0.845,0.117
2200,0.039,0.841,0.121
2300,0.039,0.836,0.126
2400,0.044,0.822,0.134
2500,0.047,0.805,0.148
2600,0.047,0.796,0.157
2700,0.042,0.796,0.162
2800,0.044,0.782,0.174
2900,0.048,0.778,0.174
3000,0.051,0.766,0.183
3100,0.046,0.762,0.192
3200,0.052,0.771,0.177
3300,0.048,0.762,0.190
3400,0.049,0.754,0.197
3500,0.052,0.739,0.209
3600,0.056,0.725,0.219
3700,0.056,0.739,0.205
3800,0.056,0.736,0.207
3900,0.049,0.737,0.213
4000,0.052,0.719,0.229
4100,0.056,0.704,0.240
4200,0.057,0.698,0.245
4300,0.056,0.689,0.254
4400,0.059,0.686,0.254
4500,0.058,0.672,0.270
4600,0.065,0.666,0.269
4700,0.075,0.662,0.264
4800,0.074,0.653,0.274
4900,0.072,0.638,0.290
5000,0.080,0.628,0.292
5100,0.076,0.626,0.298
5200,0.070,0.627,0.302
5300,0.069,0.630,0.300
5400,0.062,0.635,0.302
5500,0.064,0.625,0.311
5600,0.073,0.622,0.305
5700,0.070,0.611,0.319
5800,0.065,0.596,0.339
5900,0.064,0.589,0.346
6000,0.069,0.582,0.348
6100,0.078,0.578,0.344
6200,0.076,0.574,0.350
6300,0.081,0.566,0.353
6400,0.081,0.563,0.356
6500,0.082,0.549,0.370
6600,0.086,0.544,0.370
6700,0.090,0.555,0.355
6800,0.084,0.550,0.367
6900,0.090,0.535,0.375
7000,0.093,0.533,0.374
7100,0.095,0.534,0.371
7200,0.099,0.533,0.368
7300,0.103,0.532,0.365
7400,0.101,0.530,0.369
7500,0.103,0.524,0.373
7600,0.115,0.530,0.354
7700,0.110,0.525,0.365
7800,0.112,0.529,0.359
7900,0.112,0.519,0.369
8000,0.104,0.520,0.376
8100,0.105,0.531,0.364
8200,0.103,0.521,0.376
8300,0.103,0.516,0.381
8400,0.102,0.516,0.382
8500,0.100,0.516,0.384
8600,0.100,0.514,0.386
8700,0.110,0.514,0.376
8800,0.104,0.513,0.383
8900,0.102,0.504,0.394
9000,0.101,0.502,0.397
9100,0.107,0.504,0.389
9200,0.109,0.493,0.397
9300,0.105,0.506,0.389
9400,0.096,0.506,0.398
9500,0.112,0.511,0.377
9600,0.112,0.501,0.387
9700,0.107,0.501,0.392
9800,0.095,0.498,0.407
9900,0.106,0.489,0.404
10000,0.111,0.490,0.398
10100,0.122,0.490,0.388
10200,0.122,0.494,0.384
10300,0.127,0.506,0.368
10400,0.113,0.506,0.381
10500,0.110,0.505,0.385
10600,0.105,0.495,0.399
10700,0.104,0.494,0.401
10800,0.109,0.498,0.392
10900,0.116,0.493,0.390
11000,0.114,0.493,0.392
11100,0.109,0.493,0.397
11200,0.120,0.499,0.381
11300,0.122,0.512,0.367
11400,0.112,0.520,0.368
11500,0.111,0.517,0.372
11600,0.108,0.516,0.376
11700,0.095,0.513,0.392
11800,0.094,0.512,0.394
11900,0.099,0.501,0.400
12000,0.104,0.499,0.396
12100,0.106,0.493,0.400
12200,0.102,0.495,0.402
12300,0.105,0.488,0.407
12400,0.107,0.503,0.390
12500,0.117,0.493,0.389
12600,0.109,0.497,0.393
12700,0.114,0.487,0.398
12800,0.106,0.492,0.401
12900,0.108,0.489,0.402
13000,0.108,0.484,0.408
13100,0.106,0.485,0.409
13200,0.106,0.481,0.413
13300,0.101,0.477,0.422
13400,0.103,0.474,0.423
13500,0.105,0.473,0.422
13600,0.107,0.473,0.420
13700,0.110,0.481,0.409
13800,0.117,0.473,0.410
13900,0.116,0.463,0.421
14000,0.120,0.469,0.412
14100,0.116,0.449,0.434
14200,0.124,0.440,0.436
14300,0.130,0.423,0.447
14400,0.140,0.421,0.439
14500,0.143,0.421,0.436
14600,0.141,0.422,0.437
14700,0.140,0.416,0.444
14800,0.136,0.410,0.455
14900,0.142,0.412,0.446
15000,0.140,0.414,0.446
15100,0.136,0.417,0.447
15200,0.130,0.407,0.464
15300,0.124,0.403,0.473
15400,0.138,0.401,0.461
15500,0.139,0.401,0.460
15600,0.140,0.399,0.461
15700,0.141,0.394,0.465
15800,0.148,0.394,0.458
15900,0.143,0.396,0.461
16000,0.149,0.399,0.451
16100,0.151,0.402,0.446
16200,0.158,0.400,0.441
16300,0.160,0.404,0.435
16400,0.169,0.392,0.439
16500,0.161,0.382,0.457
16600,0.140,0.381,0.479
16700,0.139,0.390,0.471
16800,0.137,0.388,0.475
16900,0.141,0.396,0.463
17000,0.140,0.386,0.474
17100,0.145,0.381,0.474
17200,0.143,0.389,0.468
17300,0.151,0.403,0.445
17400,0.151,0.401,0.447
17500,0.154,0.408,0.438
17600,0.141,0.404,0.455
17700,0.131,0.399,0.470
17800,0.137,0.402,0.461
17900,0.148,0.396,0.456
18000,0.158,0.398,0.443
18100,0.163,0.400,0.436
18200,0.165,0.388,0.446
18300,0.165,0.383,0.451
18400,0.165,0.384,0.450
18500,0.162,0.387,0.450
18600,0.157,0.388,0.455
18700,0.155,0.379,0.466
18800,0.142,0.380,0.478
18900,0.152,0.385,0.463
19000,0.166,0.380,0.454
19100,0.157,0.387,0.456
19200,0.161,0.385,0.454
19300,0.159,0.385,0.456
19400,0.159,0.381,0.460
19500,0.166,0.383,0.450
19600,0.166,0.378,0.456
19700,0.169,0.379,0.453
19800,0.169,0.371,0.461
19900,0.165,0.364,0.471
20000,0.147,0.375,0.478
20100,0.158,0.387,0.455
20200,0.160,0.392,0.447
20300,0.151,0.390,0.459
20400,0.159,0.398,0.442
20500,0.151,0.404,0.444
20600,0.145,0.404,0.450
20700,0.146,0.416,0.438
20800,0.149,0.413,0.438
20900,0.149,0.400,0.450
21000,0.151,0.400,0.448
21100,0.142,0.403,0.455
21200,0.147,0.396,0.457
21300,0.146,0.411,0.443
21400,0.139,0.397,0.464
21500,0.140,0.395,0.465
21600,0.146,0.395,0.459
21700,0.148,0.403,0.448
21800,0.151,0.402,0.446
21900,0.153,0.408,0.439
22000,0.157,0.401,0.441
22100,0.152,0.392,0.456
22200,0.155,0.391,0.454
22300,0.157,0.404,0.438
22400,0.163,0.394,0.442
22500,0.159,0.392,0.448
22600,0.163,0.393,0.443
22700,0.154,0.394,0.451
22800,0.154,0.389,0.457
22900,0.145,0.385,0.470
23000,0.149,0.378,0.473
23100,0.147,0.382,0.471
23200,0.152,0.377,0.471
23300,0.158,0.376,0.466
23400,0.162,0.365,0.473
23500,0.159,0.360,0.481
23600,0.157,0.365,0.478
23700,0.163,0.354,0.482
23800,0.162,0.355,0.482
23900,0.162,0.351,0.486
24000,0.172,0.347,0.481
24100,0.177,0.345,0.478
24200,0.165,0.338,0.496
24300,0.171,0.354,0.475
24400,0.173,0.350,0.477
24500,0.185,0.348,0.467
24600,0.189,0.350,0.461
24700,0.196,0.347,0.457
24800,0.206,0.342,0.451
24900,0.192,0.341,0.467
25000,0.180,0.345,0.475
25100,0.171,0.346,0.483
25200,0.173,0.344,0.483
25300,0.183,0.338,0.479
25400,0.188,0.339,0.473
25500,0.186,0.333,0.481
25600,0.188,0.334,0.478
25700,0.194,0.333,0.473
25800,0.191,0.337,0.472
25900,0.189,0.329,0.482
26000,0.183,0.329,0.488
26100,0.195,0.335,0.470
26200,0.188,0.342,0.470
26300,0.192,0.346,0.462
26400,0.194,0.342,0.464
26500,0.187,0.346,0.467
26600,0.192,0.344,0.464
26700,0.194,0.342,0.464
26800,0.201,0.332,0.467
26900,0.206,0.343,0.450
27000,0.202,0.342,0.456
27100,0.203,0.338,0.459
27200,0.194,0.344,0.462
27300,0.208,0.338,0.454
27400,0.198,0.339,0.463
27500,0.201,0.345,0.454
27600,0.197,0.333,0.470
27700,0.195,0.333,0.472
27800,0.186,0.330,0.484
27900,0.184,0.333,0.483
28000,0.196,0.340,0.464
28100,0.185,0.351,0.464
28200,0.190,0.346,0.464
28300,0.203,0.344,0.453
28400,0.195,0.336,0.469
28500,0.189,0.337,0.474
28600,0.183,0.324,0.493
28700,0.176,0.321,0.504
28800,0.180,0.334,0.486
28900,0.177,0.327,0.496
29000,0.173,0.333,0.494
29100,0.175,0.330,0.495
29200,0.175,0.340,0.485
29300,0.176,0.342,0.482
29400,0.181,0.349,0.470
29500,0.182,0.344,0.474
29600,0.185,0.337,0.478
29700,0.183,0.330,0.487
29800,0.190,0.336,0.474
29900,0.188,0.329,0.483
30000,0.181,0.331,0.488
30100,0.183,0.340,0.477
30200,0.193,0.335,0.472
30300,0.189,0.329,0.482
30400,0.189,0.332,0.479
30500,0.187,0.329,0.484
30600,0.173,0.334,0.493
30700,0.170,0.338,0.492
30800,0.174,0.337,0.489
30900,0.172,0.330,0.498
31000,0.178,0.320,0.503
31100,0.179,0.327,0.494
31200,0.176,0.328,0.496
31300,0.171,0.334,0.495
31400,0.169,0.336,0.495
31500,0.160,0.338,0.502
31600,0.156,0.346,0.497
31700,0.152,0.355,0.492
31800,0.151,0.350,0.498
31900,0.151,0.349,0.499
32000,0.154,0.340,0.506
32100,0.148,0.355,0.496
32200,0.149,0.353,0.497
32300,0.141,0.355,0.504
32400,0.140,0.340,0.520
32500,0.148,0.342,0.510
32600,0.147,0.348,0.505
32700,0.141,0.340,0.519
32800,0.143,0.337,0.520
32900,0.133,0.336,0.531
33000,0.124,0.341,0.535
33100,0.121,0.362,0.518
33200,0.114,0.372,0.514
33300,0.117,0.369,0.514
33400,0.130,0.369,0.502
33500,0.126,0.375,0.499
33600,0.131,0.375,0.494
33700,0.129,0.392,0.479
33800,0.129,0.382,0.489
33900,0.139,0.381,0.480
34000,0.132,0.386,0.482
34100,0.134,0.382,0.484
34200,0.136,0.380,0.484
34300,0.143,0.367,0.490
34400,0.142,0.376,0.482
34500,0.138,0.381,0.481
34600,0.134,0.377,0.489
34700,0.142,0.379,0.479
34800,0.143,0.377,0.480
34900,0.161,0.367,0.472
35000,0.156,0.368,0.476
35100,0.154,0.362,0.484
35200,0.162,0.352,0.485
35300,0.159,0.354,0.486
35400,0.153,0.371,0.476
35500,0.152,0.377,0.471
35600,0.152,0.372,0.476
35700,0.152,0.370,0.478
35800,0.152,0.369,0.479
35900,0.175,0.359,0.467
36000,0.178,0.355,0.467
36100,0.159,0.352,0.488
36200,0.165,0.348,0.486
36300,0.166,0.339,0.494
36400,0.170,0.345,0.485
36500,0.169,0.338,0.493
36600,0.161,0.339,0.499
36700,0.169,0.334,0.497
36800,0.164,0.339,0.496
36900,0.161,0.333,0.506
37000,0.158,0.336,0.506
37100,0.170,0.340,0.490
37200,0.180,0.343,0.477
37300,0.183,0.340,0.477
37400,0.175,0.341,0.484
37500,0.175,0.342,0.483
37600,0.170,0.339,0.491
37700,0.172,0.334,0.494
37800,0.170,0.327,0.504
37900,0.157,0.324,0.519
38000,0.165,0.334,0.501
38100,0.158,0.330,0.512
38200,0.155,0.337,0.508
38300,0.154,0.327,0.519
38400,0.150,0.328,0.522
38500,0.140,0.319,0.541
38600,0.157,0.323,0.520
38700,0.154,0.329,0.517
38800,0.164,0.329,0.507
38900,0.166,0.329,0.505
39000,0.166,0.331,0.503
39100,0.162,0.346,0.491
39200,0.161,0.346,0.492
39300,0.170,0.336,0.494
39400,0.157,0.333,0.510
39500,0.160,0.340,0.499
39600,0.170,0.347,0.483
39700,0.168,0.343,0.489
39800,0.177,0.343,0.480
39900,0.179,0.341,0.480
40000,0.176,0.339,0.485
40100,0.176,0.336,0.488
40200,0.182,0.338,0.480
40300,0.176,0.341,0.483
40400,0.174,0.337,0.489
40500,0.168,0.335,0.497
40600,0.171,0.335,0.494
40700,0.172,0.342,0.486
40800,0.160,0.344,0.495
40900,0.163,0.349,0.487
41000,0.149,0.354,0.496
41100,0.156,0.355,0.488
41200,0.158,0.343,0.498
41300,0.159,0.359,0.482
41400,0.160,0.355,0.484
41500,0.166,0.360,0.474
41600,0.162,0.349,0.488
41700,0.155,0.342,0.503
41800,0.176,0.341,0.483
41900,0.175,0.335,0.490
42000,0.186,0.323,0.491
42100,0.202,0.322,0.476
42200,0.201,0.314,0.485
42300,0.210,0.319,0.471
42400,0.216,0.317,0.468
42500,0.209,0.308,0.482
42600,0.195,0.313,0.492
42700,0.191,0.309,0.499
42800,0.191,0.305,0.504
42900,0.182,0.306,0.512
43000,0.175,0.326,0.499
43100,0.168,0.331,0.502
43200,0.173,0.334,0.493
43300,0.170,0.344,0.486
43400,0.171,0.349,0.480
43500,0.170,0.350,0.480
43600,0.164,0.353,0.482
43700,0.159,0.349,0.491
43800,0.166,0.359,0.475
43900,0.171,0.358,0.472
44000,0.173,0.360,0.468
44100,0.169,0.358,0.474
44200,0.177,0.352,0.471
44300,0.178,0.351,0.471
44400,0.179,0.350,0.471
44500,0.180,0.353,0.467
44600,0.182,0.335,0.483
44700,0.180,0.336,0.484
44800,0.183,0.337,0.480
44900,0.180,0.352,0.468
45000,0.180,0.348,0.472
45100,0.177,0.345,0.478
45200,0.174,0.341,0.485
45300,0.188,0.340,0.472
45400,0.181,0.324,0.495
45500,0.174,0.327,0.499
45600,0.174,0.337,0.489
45700,0.175,0.339,0.486
45800,0.180,0.334,0.486
45900,0.173,0.325,0.503
46000,0.174,0.325,0.502
46100,0.173,0.323,0.505
46200,0.169,0.329,0.503
46300,0.163,0.332,0.505
46400,0.160,0.324,0.516
46500,0.163,0.327,0.510
46600,0.161,0.334,0.505
46700,0.160,0.333,0.507
46800,0.157,0.334,0.509
46900,0.180,0.337,0.483
47000,0.184,0.333,0.483
47100,0.183,0.333,0.484
47200,0.185,0.329,0.486
47300,0.186,0.333,0.481
47400,0.186,0.327,0.487
47500,0.173,0.322,0.506
47600,0.173,0.314,0.514
47700,0.176,0.301,0.523
47800,0.183,0.302,0.515
47900,0.178,0.301,0.521
48000,0.182,0.300,0.518
48100,0.199,0.305,0.495
48200,0.193,0.305,0.502
48300,0.195,0.303,0.502
48400,0.186,0.302,0.512
48500,0.178,0.316,0.507
48600,0.177,0.306,0.517
48700,0.175,0.304,0.521
48800,0.186,0.309,0.505
48900,0.189,0.308,0.503
49000,0.191,0.302,0.507
49100,0.190,0.300,0.510
49200,0.191,0.297,0.512
49300,0.187,0.296,0.517
49400,0.186,0.291,0.523
49500,0.192,0.291,0.517
49600,0.193,0.296,0.511
49700,0.196,0.300,0.504
49800,0.189,0.298,0.513
49900,0.198,0.300,0.502
50000,0.192,0.291,0.517
50100,0.193,0.299,0.508
50200,0.189,0.295,0.516
50300,0.180,0.302,0.518
50400,0.180,0.290,0.530
50500,0.180,0.297,0.523
50600,0.171,0.293,0.536
50700,0.171,0.299,0.530
50800,0.170,0.299,0.531
50900,0.178,0.304,0.518
51000,0.176,0.307,0.517
51100,0.184,0.311,0.506
51200,0.174,0.302,0.524
51300,0.174,0.311,0.516
51400,0.163,0.315,0.522
51500,0.164,0.316,0.520
51600,0.173,0.315,0.513
51700,0.161,0.317,0.522
51800,0.166,0.311,0.523
51900,0.171,0.302,0.527
52000,0.192,0.303,0.505
52100,0.195,0.295,0.510
52200,0.182,0.295,0.523
52300,0.201,0.282,0.517
52400,0.194,0.283,0.523
52500,0.193,0.278,0.529
52600,0.189,0.280,0.531
52700,0.198,0.280,0.522
52800,0.190,0.277,0.533
52900,0.190,0.272,0.538
53000,0.197,0.275,0.528
53100,0.200,0.280,0.520
53200,0.196,0.279,0.525
53300,0.198,0.290,0.512
53400,0.203,0.292,0.505
53500,0.192,0.283,0.525
53600,0.186,0.274,0.540
53700,0.190,0.275,0.535
53800,0.189,0.271,0.540
53900,0.200,0.270,0.530
54000,0.206,0.270,0.524
54100,0.205,0.271,0.524
54200,0.206,0.275,0.519
54300,0.200,0.275,0.525
54400,0.212,0.276,0.512
54500,0.219,0.277,0.505
54600,0.211,0.283,0.506
54700,0.199,0.286,0.515
54800,0.204,0.291,0.505
54900,0.185,0.288,0.527
55000,0.175,0.300,0.525
55100,0.186,0.294,0.520
55200,0.191,0.285,0.524
55300,0.195,0.288,0.517
55400,0.194,0.277,0.529
55500,0.200,0.275,0.525
55600,0.192,0.276,0.532
55700,0.186,0.289,0.525
55800,0.172,0.276,0.553
55900,0.186,0.271,0.543
56000,0.196,0.267,0.537
56100,0.184,0.273,0.543
56200,0.190,0.276,0.534
56300,0.191,0.269,0.540
56400,0.185,0.277,0.538
56500,0.185,0.272,0.543
56600,0.181,0.285,0.534
56700,0.187,0.291,0.522
56800,0.179,0.289,0.532
56900,0.181,0.286,0.533
57000,0.186,0.301,0.513
57100,0.179,0.298,0.523
57200,0.177,0.301,0.522
57300,0.176,0.299,0.525
57400,0.180,0.287,0.533
57500,0.176,0.289,0.535
57600,0.181,0.292,0.527
57700,0.175,0.289,0.536
57800,0.179,0.289,0.532
57900,0.176,0.288,0.536
58000,0.178,0.294,0.528
58100,0.173,0.303,0.524
58200,0.173,0.296,0.531
58300,0.178,0.307,0.515
58400,0.186,0.304,0.510
58500,0.185,0.306,0.509
58600,0.189,0.304,0.507
58700,0.200,0.297,0.503
58800,0.204,0.290,0.506
58900,0.200,0.282,0.518
59000,0.193,0.287,0.520
59100,0.181,0.298,0.521
59200,0.187,0.293,0.520
59300,0.184,0.280,0.536
59400,0.185,0.287,0.528
59500,0.182,0.290,0.528
59600,0.178,0.288,0.534
59700,0.175,0.297,0.528
59800,0.186,0.293,0.521
59900,0.180,0.289,0.531
60000,0.186,0.297,0.517
60100,0.185,0.299,0.516
60200,0.180,0.297,0.523
60300,0.175,0.290,0.535
60400,0.181,0.292,0.527
60500,0.186,0.290,0.524
60600,0.184,0.285,0.531
60700,0.181,0.280,0.539
60800,0.172,0.268,0.561
60900,0.185,0.267,0.549
61000,0.180,0.259,0.561
61100,0.194,0.267,0.539
61200,0.200,0.265,0.535
61300,0.206,0.265,0.529
61400,0.201,0.260,0.538
61500,0.213,0.261,0.525
61600,0.215,0.257,0.528
61700,0.212,0.256,0.531
61800,0.216,0.259,0.525
61900,0.225,0.258,0.517
62000,0.235,0.259,0.506
62100,0.237,0.264,0.499
62200,0.238,0.259,0.503
62300,0.228,0.264,0.509
62400,0.217,0.259,0.524
62500,0.213,0.261,0.525
62600,0.203,0.261,0.535
62700,0.200,0.260,0.539
62800,0.202,0.253,0.544
62900,0.203,0.252,0.544
63000,0.213,0.250,0.536
63100,0.223,0.256,0.521
63200,0.223,0.256,0.521
63300,0.222,0.269,0.510
63400,0.220,0.271,0.510
63500,0.210,0.274,0.516
63600,0.192,0.272,0.536
63700,0.187,0.279,0.534
63800,0.194,0.274,0.532
63900,0.201,0.275,0.524
64000,0.198,0.280,0.522
64100,0.195,0.281,0.524
64200,0.204,0.276,0.520
64300,0.209,0.284,0.507
64400,0.217,0.289,0.494
64500,0.219,0.287,0.494
64600,0.220,0.284,0.496
64700,0.221,0.287,0.492
64800,0.226,0.285,0.489
64900,0.226,0.279,0.495
65000,0.233,0.278,0.489
65100,0.230,0.275,0.495
65200,0.227,0.277,0.496
65300,0.212,0.274,0.514
65400,0.209,0.286,0.505
65500,0.208,0.283,0.509
65600,0.213,0.286,0.501
65700,0.204,0.279,0.517
65800,0.217,0.278,0.506
65900,0.207,0.277,0.516
66000,0.202,0.279,0.519
66100,0.195,0.282,0.523
66200,0.188,0.278,0.534
66300,0.203,0.279,0.518
66400,0.199,0.279,0.522
66500,0.190,0.287,0.523
66600,0.182,0.293,0.525
66700,0.175,0.284,0.541
66800,0.180,0.302,0.518
66900,0.171,0.295,0.534
67000,0.165,0.299,0.535
67100,0.166,0.299,0.534
67200,0.163,0.297,0.539
67300,0.166,0.297,0.536
67400,0.166,0.296,0.537
67500,0.163,0.296,0.540
67600,0.163,0.303,0.533
67700,0.164,0.307,0.528
67800,0.162,0.299,0.538
67900,0.164,0.307,0.528
68000,0.166,0.302,0.531
68100,0.175,0.302,0.523
68200,0.179,0.291,0.530
68300,0.187,0.284,0.529
68400,0.196,0.280,0.524
68500,0.190,0.284,0.526
68600,0.183,0.290,0.527
68700,0.180,0.284,0.536
68800,0.180,0.285,0.535
68900,0.189,0.287,0.524
69000,0.185,0.285,0.530
69100,0.186,0.283,0.531
69200,0.189,0.275,0.536
69300,0.186,0.272,0.542
69400,0.202,0.278,0.520
69500,0.202,0.282,0.516
69600,0.209,0.293,0.497
69700,0.205,0.289,0.506
69800,0.209,0.288,0.503
69900,0.202,0.290,0.508
70000,0.202,0.278,0.520
70100,0.213,0.268,0.519
70200,0.215,0.265,0.521
70300,0.218,0.266,0.517
70400,0.207,0.259,0.533
70500,0.206,0.257,0.536
70600,0.198,0.261,0.540
70700,0.194,0.264,0.542
70800,0.187,0.258,0.555
70900,0.193,0.263,0.544
71000,0.202,0.267,0.531
71100,0.199,0.268,0.533
71200,0.205,0.271,0.524
71300,0.195,0.271,0.534
71400,0.195,0.270,0.535
71500,0.191,0.261,0.547
71600,0.193,0.263,0.544
71700,0.191,0.256,0.553
71800,0.191,0.259,0.550
71900,0.185,0.258,0.557
72000,0.173,0.267,0.561
72100,0.184,0.268,0.549
72200,0.193,0.260,0.546
72300,0.207,0.258,0.534
72400,0.203,0.255,0.541
72500,0.204,0.254,0.541
72600,0.207,0.246,0.546
72700,0.200,0.253,0.546
72800,0.205,0.256,0.538
72900,0.203,0.257,0.539
73000,0.205,0.260,0.534
73100,0.202,0.269,0.529
73200,0.212,0.266,0.522
73300,0.210,0.259,0.530
73400,0.227,0.258,0.515
73500,0.238,0.265,0.497
73600,0.239,0.268,0.493
73700,0.238,0.265,0.497
73800,0.233,0.259,0.508
73900,0.240,0.264,0.496
74000,0.234,0.264,0.503
74100,0.241,0.256,0.503
74200,0.236,0.248,0.516
74300,0.235,0.247,0.518
74400,0.242,0.251,0.507
74500,0.222,0.253,0.525
74600,0.232,0.258,0.510
74700,0.234,0.264,0.503
74800,0.247,0.260,0.492
74900,0.243,0.255,0.502
75000,0.230,0.266,0.505
75100,0.232,0.259,0.509
75200,0.233,0.255,0.512
75300,0.227,0.263,0.511
75400,0.228,0.261,0.511
75500,0.227,0.260,0.513
75600,0.224,0.255,0.521
75700,0.233,0.259,0.508
75800,0.229,0.256,0.515
75900,0.223,0.251,0.526
76000,0.219,0.257,0.524
76100,0.217,0.265,0.519
76200,0.225,0.264,0.512
76300,0.221,0.263,0.517
76400,0.224,0.259,0.517
76500,0.205,0.257,0.537
76600,0.206,0.268,0.526
76700,0.202,0.257,0.540
76800,0.207,0.253,0.539
76900,0.219,0.255,0.526
77000,0.208,0.259,0.532
77100,0.215,0.255,0.530
77200,0.209,0.252,0.538
77300,0.205,0.255,0.539
77400,0.212,0.261,0.526
77500,0.203,0.257,0.539
77600,0.209,0.255,0.535
77700,0.210,0.254,0.535
77800,0.229,0.240,0.531
77900,0.249,0.247,0.504
78000,0.242,0.248,0.510
78100,0.252,0.249,0.498
78200,0.247,0.252,0.501
78300,0.251,0.250,0.498
78400,0.246,0.247,0.507
78500,0.246,0.247,0.507
78600,0.244,0.249,0.507
78700,0.244,0.254,0.502
78800,0.241,0.254,0.505
78900,0.248,0.252,0.499
79000,0.260,0.239,0.501
79100,0.283,0.238,0.479
79200,0.277,0.232,0.491
79300,0.275,0.231,0.494
79400,0.280,0.238,0.482
79500,0.281,0.237,0.482
79600,0.277,0.237,0.486
79700,0.269,0.240,0.491
79800,0.261,0.241,0.497
79900,0.267,0.239,0.494
80000,0.272,0.236,0.492
80100,0.265,0.237,0.498
80200,0.260,0.240,0.499
80300,0.256,0.247,0.496
80400,0.245,0.241,0.514
80500,0.253,0.238,0.509
80600,0.257,0.238,0.505
80700,0.259,0.238,0.503
80800,0.255,0.234,0.511
80900,0.269,0.234,0.497
81000,0.250,0.240,0.510
81100,0.246,0.245,0.509
81200,0.249,0.250,0.501
81300,0.236,0.249,0.515
81400,0.234,0.257,0.509
81500,0.227,0.261,0.512
81600,0.226,0.257,0.517
81700,0.224,0.254,0.522
81800,0.213,0.241,0.545
81900,0.205,0.243,0.552
82000,0.210,0.252,0.537
82100,0.211,0.248,0.540
82200,0.216,0.253,0.531
82300,0.227,0.248,0.525
82400,0.230,0.248,0.522
82500,0.237,0.248,0.515
82600,0.241,0.246,0.513
82700,0.236,0.250,0.514
82800,0.236,0.246,0.518
82900,0.228,0.245,0.527
83000,0.218,0.246,0.536
83100,0.223,0.247,0.530
83200,0.230,0.261,0.509
83300,0.226,0.265,0.510
83400,0.230,0.266,0.505
83500,0.224,0.261,0.515
83600,0.231,0.256,0.513
83700,0.218,0.254,0.528
83800,0.226,0.255,0.519
83900,0.220,0.255,0.525
84000,0.230,0.257,0.513
84100,0.232,0.252,0.516
84200,0.227,0.248,0.525
84300,0.223,0.251,0.526
84400,0.223,0.256,0.521
84500,0.227,0.252,0.521
84600,0.226,0.253,0.521
84700,0.229,0.256,0.515
84800,0.233,0.250,0.517
84900,0.239,0.242,0.519
85000,0.246,0.234,0.520
85100,0.254,0.231,0.515
85200,0.241,0.229,0.530
85300,0.247,0.236,0.517
85400,0.246,0.226,0.528
85500,0.252,0.229,0.519
85600,0.249,0.227,0.524
85700,0.244,0.249,0.507
85800,0.247,0.242,0.511
85900,0.241,0.245,0.514
86000,0.232,0.241,0.527
86100,0.235,0.242,0.523
86200,0.246,0.255,0.498
86300,0.243,0.251,0.506
86400,0.233,0.244,0.523
86500,0.228,0.246,0.526
86600,0.221,0.237,0.542
86700,0.225,0.238,0.537
86800,0.218,0.242,0.540
86900,0.220,0.229,0.552
87000,0.219,0.245,0.536
87100,0.222,0.247,0.531
87200,0.230,0.250,0.520
87300,0.231,0.246,0.523
87400,0.234,0.243,0.523
87500,0.237,0.235,0.528
87600,0.245,0.229,0.526
87700,0.237,0.235,0.528
87800,0.243,0.232,0.525
87900,0.237,0.221,0.542
88000,0.240,0.229,0.531
88100,0.249,0.231,0.520
88200,0.235,0.231,0.534
88300,0.241,0.231,0.528
88400,0.231,0.225,0.544
88500,0.232,0.238,0.530
88600,0.232,0.237,0.531
88700,0.233,0.246,0.521
88800,0.223,0.242,0.535
88900,0.236,0.235,0.529
89000,0.234,0.231,0.535
89100,0.235,0.234,0.531
89200,0.233,0.235,0.532
89300,0.240,0.231,0.529
89400,0.237,0.240,0.523
89500,0.226,0.243,0.531
89600,0.233,0.236,0.531
89700,0.235,0.234,0.531
89800,0.241,0.235,0.524
89900,0.243,0.237,0.520
90000,0.241,0.238,0.521
90100,0.239,0.235,0.526
90200,0.235,0.237,0.528
90300,0.221,0.235,0.544
90400,0.222,0.237,0.541
90500,0.218,0.239,0.543
90600,0.210,0.230,0.560
90700,0.216,0.232,0.553
90800,0.203,0.240,0.557
90900,0.211,0.231,0.558
91000,0.197,0.234,0.569
91100,0.193,0.256,0.551
91200,0.185,0.254,0.561
91300,0.185,0.248,0.567
91400,0.191,0.248,0.561
91500,0.201,0.248,0.551
91600,0.202,0.238,0.560
91700,0.208,0.234,0.558
91800,0.197,0.231,0.572
91900,0.190,0.231,0.579
92000,0.192,0.239,0.569
92100,0.194,0.231,0.575
92200,0.201,0.232,0.567
92300,0.210,0.237,0.553
92400,0.233,0.246,0.521
92500,0.225,0.244,0.531
92600,0.226,0.236,0.538
92700,0.222,0.236,0.542
92800,0.218,0.238,0.544
92900,0.210,0.247,0.542
93000,0.217,0.250,0.533
93100,0.220,0.252,0.528
93200,0.219,0.246,0.535
93300,0.233,0.243,0.524
93400,0.230,0.241,0.529
93500,0.218,0.236,0.546
93600,0.222,0.239,0.539
93700,0.216,0.244,0.540
93800,0.219,0.240,0.541
93900,0.216,0.244,0.540
94000,0.208,0.241,0.551
94100,0.209,0.241,0.550
94200,0.203,0.244,0.553
94300,0.195,0.243,0.562
94400,0.189,0.240,0.571
94500,0.201,0.245,0.554
94600,0.218,0.249,0.533
94700,0.206,0.258,0.535
94800,0.201,0.264,0.535
94900,0.200,0.258,0.541
95000,0.200,0.264,0.536
95100,0.202,0.260,0.537
95200,0.198,0.256,0.545
95300,0.194,0.248,0.558
95400,0.206,0.246,0.547
95500,0.199,0.255,0.545
95600,0.202,0.255,0.542
95700,0.197,0.256,0.546
95800,0.204,0.258,0.537
95900,0.200,0.254,0.545
96000,0.197,0.257,0.545
96100,0.193,0.253,0.554
96200,0.203,0.255,0.541
96300,0.205,0.259,0.535
96400,0.218,0.256,0.526
96500,0.222,0.255,0.523
96600,0.223,0.256,0.521
96700,0.217,0.248,0.535
96800,0.216,0.243,0.541
96900,0.222,0.247,0.531
97000,0.210,0.259,0.530
97100,0.204,0.253,0.542
97200,0.200,0.251,0.549
97300,0.197,0.242,0.561
97400,0.200,0.245,0.555
97500,0.199,0.252,0.549
97600,0.191,0.254,0.555
97700,0.200,0.249,0.551
97800,0.190,0.247,0.563
97900,0.186,0.249,0.565
98000,0.173,0.249,0.578
98100,0.177,0.252,0.571
98200,0.181,0.252,0.567
98300,0.184,0.249,0.567
98400,0.178,0.263,0.560
98500,0.178,0.248,0.574
98600,0.181,0.245,0.574
98700,0.186,0.246,0.568
98800,0.194,0.252,0.554
98900,0.197,0.248,0.555
99000,0.196,0.252,0.552
99100,0.204,0.245,0.551
99200,0.221,0.235,0.544
99300,0.204,0.236,0.560
99400,0.196,0.243,0.561
99500,0.191,0.237,0.572
99600,0.188,0.233,0.579
99700,0.206,0.227,0.567
99800,0.222,0.230,0.549
99900,0.226,0.240,0.534
100000,0.219,0.236,0.545
