time,n_A+p,n_B,n_AB
500,0.080,0.698,0.222
1000,0.080,0.409,0.511
1500,0.080,0.338,0.582
2000,0.080,0.288,0.632
2500,0.088,0.293,0.619
3000,0.083,0.323,0.594
3500,0.094,0.264,0.642
4000,0.086,0.268,0.647
4500,0.086,0.245,0.668
5000,0.112,0.183,0.705
5500,0.136,0.141,0.724
6000,0.223,0.078,0.700
6500,0.504,0.011,0.484
7000,0.689,0.002,0.310
7500,0.848,0.000,0.152
8000,0.947,0.000,0.053
8500,0.983,0.000,0.017
9000,0.997,0.000,0.003
9500,0.993,0.000,0.007
10000,0.995,0.000,0.005
10500,1.000,0.000,0.000
11000,1.000,0.000,0.000
