time,n_A+p,n_B,n_AB
100,0.030,0.968,0.002
200,0.030,0.965,0.005
300,0.030,0.964,0.006
400,0.031,0.959,0.010
500,0.031,0.955,0.014
600,0.031,0.957,0.012
700,0.031,0.949,0.020
800,0.032,0.945,0.023
900,0.035,0.943,0.022
1000,0.032,0.935,0.034
1100,0.035,0.940,0.026
1200,0.035,0.938,0.028
1300,0.037,0.935,0.029
1400,0.033,0.933,0.035
1500,0.032,0.932,0.037
1600,0.031,0.933,0.037
1700,0.031,0.936,0.034
1800,0.033,0.930,0.038
1900,0.033,0.928,0.039
2000,0.035,0.940,0.026
2100,0.033,0.934,0.034
2200,0.035,0.938,0.028
2300,0.036,0.927,0.037
2400,0.035,0.931,0.035
2500,0.037,0.922,0.041
2600,0.036,0.934,0.031
2700,0.036,0.925,0.039
2800,0.036,0.916,0.048
2900,0.039,0.923,0.038
3000,0.040,0.908,0.052
3100,0.040,0.910,0.050
3200,0.040,0.905,0.055
3300,0.037,0.903,0.060
3400,0.038,0.906,0.056
3500,0.039,0.913,0.048
3600,0.038,0.908,0.054
3700,0.037,0.912,0.051
3800,0.038,0.913,0.049
3900,0.041,0.917,0.042
4000,0.044,0.914,0.042
4100,0.042,0.915,0.043
4200,0.045,0.909,0.046
4300,0.042,0.916,0.042
4400,0.040,0.910,0.050
4500,0.045,0.906,0.049
4600,0.041,0.905,0.054
4700,0.037,0.909,0.054
4800,0.036,0.913,0.051
4900,0.039,0.911,0.050
5000,0.042,0.893,0.065
5100,0.040,0.904,0.056
5200,0.040,0.894,0.066
5300,0.038,0.897,0.065
5400,0.043,0.894,0.063
5500,0.046,0.885,0.069
5600,0.047,0.892,0.061
5700,0.045,0.884,0.072
5800,0.046,0.885,0.069
5900,0.047,0.883,0.070
6000,0.047,0.889,0.064
6100,0.049,0.862,0.089
6200,0.052,0.865,0.083
6300,0.054,0.868,0.078
6400,0.052,0.878,0.069
6500,0.059,0.880,0.060
6600,0.060,0.866,0.074
6700,0.065,0.864,0.070
6800,0.060,0.864,0.076
6900,0.058,0.863,0.079
7000,0.058,0.856,0.086
7100,0.052,0.860,0.088
7200,0.055,0.863,0.082
7300,0.051,0.863,0.086
7400,0.048,0.873,0.079
7500,0.044,0.875,0.081
7600,0.043,0.886,0.072
7700,0.043,0.889,0.068
7800,0.044,0.880,0.076
7900,0.041,0.872,0.087
8000,0.043,0.876,0.081
8100,0.045,0.876,0.079
8200,0.044,0.868,0.088
8300,0.047,0.866,0.087
8400,0.044,0.851,0.105
8500,0.047,0.853,0.100
8600,0.047,0.857,0.096
8700,0.049,0.854,0.097
8800,0.051,0.857,0.092
8900,0.051,0.853,0.096
9000,0.050,0.854,0.096
9100,0.052,0.844,0.104
9200,0.053,0.851,0.096
9300,0.055,0.845,0.100
9400,0.054,0.840,0.106
9500,0.052,0.843,0.105
9600,0.056,0.826,0.117
9700,0.059,0.830,0.110
9800,0.065,0.834,0.101
9900,0.065,0.818,0.116
10000,0.063,0.820,0.116
10100,0.064,0.812,0.124
10200,0.059,0.814,0.127
10300,0.060,0.807,0.133
10400,0.056,0.817,0.127
10500,0.053,0.817,0.130
10600,0.053,0.824,0.123
10700,0.055,0.844,0.101
10800,0.045,0.848,0.107
10900,0.050,0.850,0.100
11000,0.050,0.847,0.103
11100,0.051,0.851,0.098
11200,0.051,0.854,0.095
11300,0.050,0.866,0.084
11400,0.050,0.865,0.085
11500,0.048,0.857,0.095
11600,0.053,0.859,0.088
11700,0.050,0.848,0.102
11800,0.060,0.842,0.098
11900,0.058,0.841,0.101
12000,0.059,0.840,0.101
12100,0.058,0.835,0.107
12200,0.055,0.843,0.102
12300,0.057,0.849,0.094
12400,0.056,0.835,0.109
12500,0.057,0.837,0.106
12600,0.061,0.824,0.114
12700,0.066,0.821,0.112
12800,0.073,0.820,0.107
12900,0.070,0.821,0.108
13000,0.075,0.813,0.112
13100,0.069,0.821,0.109
13200,0.073,0.828,0.099
13300,0.074,0.828,0.098
13400,0.077,0.830,0.093
13500,0.077,0.829,0.094
13600,0.078,0.824,0.098
13700,0.087,0.816,0.097
13800,0.089,0.818,0.093
13900,0.089,0.809,0.102
14000,0.090,0.812,0.098
14100,0.097,0.812,0.091
14200,0.098,0.803,0.099
14300,0.101,0.800,0.099
14400,0.110,0.778,0.111
14500,0.110,0.783,0.106
14600,0.109,0.792,0.099
14700,0.111,0.787,0.102
14800,0.110,0.775,0.114
14900,0.109,0.777,0.113
15000,0.099,0.793,0.108
15100,0.097,0.793,0.110
15200,0.098,0.792,0.110
15300,0.095,0.799,0.106
15400,0.095,0.793,0.112
15500,0.092,0.795,0.113
15600,0.088,0.803,0.109
15700,0.089,0.808,0.103
15800,0.089,0.805,0.106
15900,0.087,0.800,0.113
16000,0.090,0.801,0.109
16100,0.090,0.807,0.103
16200,0.093,0.804,0.103
16300,0.094,0.804,0.102
16400,0.099,0.800,0.101
16500,0.098,0.799,0.103
16600,0.092,0.796,0.112
16700,0.096,0.801,0.103
16800,0.095,0.805,0.100
16900,0.096,0.802,0.102
17000,0.095,0.806,0.099
17100,0.087,0.804,0.109
17200,0.088,0.804,0.108
17300,0.093,0.792,0.115
17400,0.095,0.791,0.114
17500,0.088,0.789,0.124
17600,0.093,0.793,0.114
17700,0.097,0.802,0.101
17800,0.097,0.804,0.099
17900,0.094,0.806,0.100
18000,0.094,0.809,0.097
18100,0.097,0.803,0.100
18200,0.098,0.787,0.115
18300,0.106,0.771,0.123
18400,0.115,0.769,0.115
18500,0.118,0.767,0.114
18600,0.128,0.748,0.125
18700,0.124,0.752,0.125
18800,0.126,0.750,0.125
18900,0.122,0.744,0.135
19000,0.134,0.741,0.126
19100,0.127,0.741,0.133
19200,0.129,0.731,0.140
19300,0.136,0.732,0.132
19400,0.137,0.734,0.129
19500,0.140,0.723,0.137
19600,0.134,0.718,0.148
19700,0.143,0.704,0.153
19800,0.147,0.706,0.147
19900,0.140,0.700,0.160
20000,0.146,0.698,0.156
20100,0.146,0.706,0.148
20200,0.137,0.700,0.163
20300,0.145,0.704,0.151
20400,0.137,0.704,0.159
20500,0.143,0.705,0.152
20600,0.155,0.703,0.142
20700,0.144,0.696,0.160
20800,0.149,0.689,0.161
20900,0.154,0.682,0.163
21000,0.154,0.687,0.158
21100,0.150,0.691,0.159
21200,0.153,0.686,0.160
21300,0.142,0.703,0.155
21400,0.139,0.706,0.155
21500,0.141,0.712,0.147
21600,0.133,0.720,0.147
21700,0.134,0.716,0.150
21800,0.136,0.718,0.146
21900,0.128,0.720,0.152
22000,0.135,0.723,0.142
22100,0.129,0.727,0.144
22200,0.128,0.727,0.145
22300,0.128,0.712,0.160
22400,0.136,0.714,0.150
22500,0.139,0.720,0.141
22600,0.138,0.718,0.144
22700,0.129,0.726,0.145
22800,0.132,0.717,0.151
22900,0.128,0.718,0.154
23000,0.129,0.719,0.152
23100,0.145,0.709,0.146
23200,0.140,0.704,0.156
23300,0.141,0.698,0.161
23400,0.140,0.696,0.164
23500,0.145,0.694,0.161
23600,0.144,0.686,0.170
23700,0.150,0.670,0.180
23800,0.154,0.676,0.170
23900,0.157,0.684,0.158
24000,0.157,0.674,0.169
24100,0.161,0.661,0.178
24200,0.159,0.639,0.201
24300,0.156,0.645,0.199
24400,0.158,0.636,0.205
24500,0.150,0.635,0.215
24600,0.148,0.646,0.206
24700,0.153,0.647,0.200
24800,0.160,0.649,0.191
24900,0.154,0.649,0.197
25000,0.147,0.646,0.207
25100,0.158,0.635,0.206
25200,0.161,0.646,0.193
25300,0.160,0.642,0.197
25400,0.184,0.636,0.180
25500,0.184,0.630,0.186
25600,0.192,0.625,0.183
25700,0.190,0.621,0.189
25800,0.200,0.620,0.180
25900,0.192,0.622,0.186
26000,0.185,0.626,0.189
26100,0.190,0.629,0.181
26200,0.186,0.621,0.193
26300,0.187,0.623,0.190
26400,0.195,0.617,0.188
26500,0.194,0.619,0.187
26600,0.192,0.617,0.191
26700,0.196,0.621,0.183
26800,0.203,0.620,0.177
26900,0.208,0.628,0.163
27000,0.217,0.621,0.162
27100,0.213,0.628,0.158
27200,0.212,0.625,0.162
27300,0.203,0.619,0.178
27400,0.195,0.614,0.191
27500,0.201,0.621,0.178
27600,0.194,0.629,0.177
27700,0.200,0.624,0.176
27800,0.202,0.622,0.176
27900,0.204,0.607,0.189
28000,0.205,0.592,0.202
28100,0.210,0.588,0.201
28200,0.210,0.586,0.203
28300,0.213,0.579,0.207
28400,0.219,0.579,0.202
28500,0.224,0.576,0.200
28600,0.224,0.584,0.192
28700,0.234,0.580,0.186
28800,0.251,0.574,0.175
28900,0.253,0.568,0.179
29000,0.250,0.574,0.176
29100,0.253,0.565,0.182
29200,0.265,0.560,0.176
29300,0.263,0.550,0.188
29400,0.249,0.550,0.201
29500,0.256,0.545,0.198
29600,0.263,0.552,0.186
29700,0.265,0.558,0.178
29800,0.258,0.556,0.186
29900,0.266,0.546,0.188
30000,0.275,0.545,0.180
30100,0.251,0.553,0.196
30200,0.251,0.556,0.193
30300,0.260,0.558,0.182
30400,0.266,0.547,0.187
30500,0.250,0.538,0.211
30600,0.255,0.544,0.200
30700,0.258,0.552,0.190
30800,0.256,0.551,0.193
30900,0.260,0.564,0.176
31000,0.260,0.570,0.170
31100,0.261,0.575,0.163
31200,0.267,0.558,0.176
31300,0.265,0.561,0.175
31400,0.264,0.578,0.158
31500,0.258,0.557,0.185
31600,0.264,0.559,0.178
31700,0.268,0.553,0.180
31800,0.263,0.555,0.183
31900,0.271,0.549,0.181
32000,0.268,0.541,0.191
32100,0.277,0.534,0.189
32200,0.279,0.533,0.188
32300,0.281,0.529,0.190
32400,0.274,0.533,0.193
32500,0.277,0.532,0.191
32600,0.274,0.535,0.191
32700,0.279,0.533,0.188
32800,0.275,0.538,0.187
32900,0.270,0.526,0.204
33000,0.276,0.528,0.196
33100,0.273,0.527,0.200
33200,0.280,0.535,0.185
33300,0.281,0.527,0.192
33400,0.287,0.516,0.197
33500,0.295,0.517,0.188
33600,0.295,0.522,0.183
33700,0.300,0.526,0.174
33800,0.302,0.521,0.177
33900,0.283,0.518,0.199
34000,0.287,0.520,0.193
34100,0.275,0.523,0.202
34200,0.273,0.525,0.202
34300,0.254,0.510,0.236
34400,0.267,0.514,0.220
34500,0.270,0.517,0.213
34600,0.267,0.517,0.217
34700,0.258,0.521,0.221
34800,0.265,0.514,0.222
34900,0.261,0.520,0.219
35000,0.246,0.512,0.242
35100,0.256,0.512,0.232
35200,0.264,0.512,0.225
35300,0.272,0.512,0.217
35400,0.285,0.512,0.203
35500,0.279,0.522,0.199
35600,0.268,0.514,0.219
35700,0.263,0.516,0.222
35800,0.264,0.521,0.216
35900,0.244,0.509,0.247
36000,0.250,0.495,0.254
36100,0.249,0.509,0.242
36200,0.256,0.499,0.244
36300,0.257,0.505,0.238
36400,0.257,0.487,0.255
36500,0.257,0.492,0.250
36600,0.260,0.492,0.247
36700,0.259,0.487,0.253
36800,0.258,0.487,0.254
36900,0.258,0.492,0.249
37000,0.257,0.486,0.256
37100,0.264,0.487,0.249
37200,0.266,0.492,0.242
37300,0.271,0.495,0.234
37400,0.266,0.490,0.244
37500,0.263,0.471,0.267
37600,0.266,0.462,0.273
37700,0.266,0.465,0.270
37800,0.273,0.464,0.264
37900,0.276,0.455,0.270
38000,0.281,0.451,0.268
38100,0.281,0.451,0.268
38200,0.287,0.468,0.245
38300,0.290,0.473,0.237
38400,0.295,0.464,0.241
38500,0.299,0.474,0.227
38600,0.301,0.478,0.221
38700,0.281,0.475,0.244
38800,0.284,0.478,0.238
38900,0.279,0.476,0.245
39000,0.281,0.478,0.241
39100,0.284,0.482,0.234
39200,0.284,0.484,0.232
39300,0.280,0.476,0.244
39400,0.280,0.479,0.241
39500,0.281,0.480,0.239
39600,0.271,0.484,0.245
39700,0.274,0.471,0.255
39800,0.277,0.475,0.248
39900,0.277,0.470,0.253
40000,0.276,0.481,0.243
40100,0.296,0.479,0.225
40200,0.303,0.481,0.216
40300,0.307,0.474,0.219
40400,0.313,0.469,0.219
40500,0.324,0.458,0.219
40600,0.318,0.449,0.233
40700,0.343,0.449,0.207
40800,0.337,0.438,0.225
40900,0.349,0.432,0.219
41000,0.354,0.429,0.217
41100,0.352,0.436,0.211
41200,0.354,0.440,0.205
41300,0.359,0.439,0.202
41400,0.360,0.448,0.192
41500,0.362,0.445,0.193
41600,0.361,0.429,0.210
41700,0.366,0.429,0.205
41800,0.370,0.423,0.207
41900,0.369,0.422,0.209
42000,0.377,0.415,0.208
42100,0.383,0.417,0.200
42200,0.381,0.410,0.209
42300,0.380,0.404,0.216
42400,0.390,0.413,0.197
42500,0.388,0.412,0.200
42600,0.381,0.417,0.202
42700,0.382,0.416,0.202
42800,0.385,0.410,0.205
42900,0.388,0.401,0.210
43000,0.377,0.406,0.218
43100,0.377,0.401,0.222
43200,0.381,0.399,0.220
43300,0.392,0.386,0.222
43400,0.402,0.376,0.222
43500,0.392,0.376,0.232
43600,0.401,0.377,0.222
43700,0.406,0.375,0.220
43800,0.399,0.377,0.224
43900,0.403,0.375,0.222
44000,0.411,0.376,0.213
44100,0.412,0.385,0.203
44200,0.420,0.381,0.199
44300,0.414,0.379,0.207
44400,0.419,0.374,0.207
44500,0.426,0.371,0.203
44600,0.424,0.358,0.219
44700,0.436,0.352,0.211
44800,0.433,0.354,0.212
44900,0.435,0.356,0.208
45000,0.440,0.356,0.203
45100,0.448,0.353,0.198
45200,0.456,0.343,0.201
45300,0.457,0.341,0.202
45400,0.460,0.331,0.209
45500,0.458,0.328,0.215
45600,0.460,0.326,0.215
45700,0.464,0.318,0.219
45800,0.467,0.312,0.222
45900,0.458,0.321,0.222
46000,0.462,0.313,0.226
46100,0.472,0.314,0.215
46200,0.481,0.309,0.209
46300,0.485,0.307,0.207
46400,0.507,0.308,0.185
46500,0.514,0.302,0.184
46600,0.517,0.301,0.182
46700,0.517,0.296,0.187
46800,0.542,0.294,0.163
46900,0.547,0.289,0.163
47000,0.557,0.286,0.157
47100,0.561,0.285,0.154
47200,0.567,0.280,0.153
47300,0.571,0.280,0.149
47400,0.571,0.277,0.152
47500,0.573,0.275,0.152
47600,0.577,0.277,0.146
47700,0.584,0.267,0.149
47800,0.593,0.267,0.140
47900,0.597,0.265,0.139
48000,0.594,0.263,0.143
48100,0.598,0.261,0.141
48200,0.601,0.261,0.138
48300,0.606,0.258,0.136
48400,0.606,0.257,0.137
48500,0.610,0.259,0.131
48600,0.610,0.257,0.133
48700,0.612,0.253,0.135
48800,0.611,0.248,0.141
48900,0.618,0.245,0.137
49000,0.621,0.243,0.136
49100,0.626,0.246,0.128
49200,0.627,0.244,0.129
49300,0.626,0.243,0.131
49400,0.633,0.244,0.123
49500,0.636,0.241,0.123
49600,0.627,0.244,0.129
49700,0.631,0.245,0.124
49800,0.634,0.243,0.123
49900,0.639,0.240,0.121
50000,0.635,0.241,0.124
50100,0.641,0.238,0.121
50200,0.642,0.237,0.121
50300,0.642,0.233,0.125
50400,0.648,0.235,0.117
50500,0.649,0.231,0.121
50600,0.649,0.228,0.124
50700,0.655,0.228,0.117
50800,0.655,0.228,0.117
50900,0.654,0.225,0.122
51000,0.654,0.226,0.121
51100,0.652,0.221,0.128
51200,0.650,0.221,0.130
51300,0.651,0.222,0.128
51400,0.655,0.222,0.124
51500,0.661,0.221,0.118
51600,0.662,0.219,0.120
51700,0.667,0.219,0.114
51800,0.667,0.216,0.117
51900,0.668,0.215,0.117
52000,0.667,0.213,0.120
52100,0.668,0.209,0.123
52200,0.665,0.209,0.126
52300,0.666,0.209,0.125
52400,0.668,0.206,0.126
52500,0.674,0.206,0.120
52600,0.678,0.206,0.115
52700,0.681,0.205,0.113
52800,0.684,0.204,0.111
52900,0.686,0.201,0.112
53000,0.686,0.201,0.112
53100,0.688,0.200,0.111
53200,0.689,0.194,0.116
53300,0.691,0.194,0.115
53400,0.694,0.193,0.113
53500,0.705,0.193,0.102
53600,0.707,0.193,0.100
53700,0.710,0.195,0.095
53800,0.712,0.195,0.093
53900,0.711,0.194,0.095
54000,0.712,0.193,0.095
54100,0.710,0.193,0.097
54200,0.711,0.193,0.096
54300,0.709,0.192,0.099
54400,0.708,0.192,0.100
54500,0.707,0.192,0.101
54600,0.706,0.191,0.103
54700,0.709,0.189,0.102
54800,0.713,0.189,0.098
54900,0.715,0.188,0.097
55000,0.715,0.187,0.098
55100,0.715,0.187,0.098
55200,0.716,0.187,0.097
55300,0.714,0.186,0.100
55400,0.716,0.186,0.098
55500,0.716,0.185,0.099
55600,0.717,0.186,0.097
55700,0.717,0.185,0.098
55800,0.716,0.184,0.100
55900,0.714,0.184,0.102
56000,0.718,0.183,0.099
56100,0.720,0.183,0.097
56200,0.719,0.182,0.099
56300,0.718,0.181,0.101
56400,0.721,0.181,0.098
56500,0.719,0.181,0.100
56600,0.716,0.180,0.104
56700,0.719,0.181,0.100
56800,0.715,0.181,0.104
56900,0.720,0.180,0.100
57000,0.725,0.179,0.096
57100,0.729,0.179,0.092
57200,0.729,0.179,0.092
57300,0.732,0.178,0.090
57400,0.730,0.178,0.092
57500,0.730,0.178,0.092
57600,0.731,0.178,0.091
57700,0.728,0.176,0.096
57800,0.728,0.176,0.096
57900,0.730,0.176,0.094
58000,0.730,0.177,0.093
58100,0.731,0.177,0.092
58200,0.732,0.177,0.091
58300,0.732,0.177,0.091
58400,0.733,0.177,0.090
58500,0.734,0.177,0.089
58600,0.735,0.176,0.089
58700,0.735,0.176,0.089
58800,0.735,0.175,0.090
58900,0.740,0.175,0.086
59000,0.740,0.174,0.087
59100,0.741,0.174,0.086
59200,0.742,0.174,0.085
59300,0.743,0.174,0.084
59400,0.743,0.174,0.084
59500,0.744,0.173,0.084
59600,0.744,0.173,0.084
59700,0.743,0.173,0.085
59800,0.743,0.173,0.085
59900,0.744,0.173,0.084
60000,0.746,0.173,0.082
60100,0.748,0.173,0.080
60200,0.750,0.173,0.078
60300,0.750,0.171,0.080
60400,0.749,0.171,0.081
60500,0.751,0.171,0.079
60600,0.750,0.171,0.080
60700,0.750,0.171,0.080
60800,0.742,0.171,0.088
60900,0.745,0.171,0.085
61000,0.744,0.171,0.086
61100,0.744,0.171,0.086
61200,0.745,0.171,0.085
61300,0.745,0.170,0.086
61400,0.745,0.170,0.086
61500,0.745,0.169,0.087
61600,0.747,0.168,0.086
61700,0.750,0.168,0.083
61800,0.750,0.168,0.083
61900,0.752,0.168,0.081
62000,0.754,0.166,0.080
62100,0.754,0.166,0.080
62200,0.754,0.166,0.080
62300,0.756,0.166,0.078
62400,0.755,0.166,0.079
62500,0.756,0.166,0.078
62600,0.756,0.166,0.078
62700,0.757,0.166,0.077
62800,0.759,0.166,0.075
62900,0.760,0.166,0.074
63000,0.759,0.165,0.076
63100,0.759,0.164,0.077
63200,0.758,0.164,0.078
63300,0.758,0.162,0.080
63400,0.759,0.162,0.079
63500,0.759,0.162,0.079
63600,0.757,0.162,0.081
63700,0.758,0.161,0.081
63800,0.754,0.161,0.085
63900,0.754,0.159,0.087
64000,0.757,0.159,0.084
64100,0.757,0.159,0.084
64200,0.759,0.159,0.082
64300,0.759,0.159,0.082
64400,0.759,0.159,0.082
64500,0.759,0.159,0.082
64600,0.759,0.158,0.083
64700,0.759,0.157,0.084
64800,0.758,0.156,0.086
64900,0.762,0.156,0.082
65000,0.765,0.156,0.079
65100,0.766,0.156,0.078
65200,0.766,0.156,0.078
65300,0.766,0.155,0.079
65400,0.767,0.154,0.079
65500,0.769,0.154,0.077
65600,0.769,0.154,0.077
65700,0.770,0.153,0.077
65800,0.767,0.153,0.080
65900,0.767,0.153,0.080
66000,0.768,0.152,0.080
66100,0.767,0.152,0.081
66200,0.769,0.151,0.080
66300,0.768,0.151,0.081
66400,0.769,0.151,0.080
66500,0.770,0.151,0.079
66600,0.771,0.151,0.078
66700,0.772,0.151,0.077
66800,0.772,0.151,0.077
66900,0.773,0.152,0.075
67000,0.774,0.152,0.074
67100,0.775,0.152,0.073
67200,0.773,0.152,0.075
67300,0.775,0.152,0.073
67400,0.775,0.152,0.073
67500,0.776,0.152,0.072
67600,0.776,0.151,0.073
67700,0.777,0.150,0.073
67800,0.772,0.152,0.076
67900,0.776,0.152,0.072
68000,0.776,0.152,0.072
68100,0.773,0.151,0.076
68200,0.773,0.150,0.077
68300,0.775,0.150,0.075
68400,0.775,0.150,0.075
68500,0.776,0.148,0.076
68600,0.777,0.148,0.075
68700,0.777,0.148,0.075
68800,0.777,0.147,0.076
68900,0.779,0.147,0.074
69000,0.779,0.146,0.075
69100,0.778,0.146,0.076
69200,0.779,0.145,0.076
69300,0.780,0.145,0.075
69400,0.781,0.145,0.074
69500,0.781,0.143,0.076
69600,0.783,0.143,0.074
69700,0.783,0.143,0.074
69800,0.783,0.142,0.075
69900,0.783,0.142,0.075
70000,0.783,0.142,0.075
70100,0.784,0.142,0.074
70200,0.784,0.141,0.075
70300,0.784,0.141,0.075
70400,0.784,0.141,0.075
70500,0.784,0.141,0.075
70600,0.784,0.141,0.075
70700,0.785,0.141,0.074
70800,0.785,0.141,0.074
70900,0.784,0.140,0.076
71000,0.785,0.140,0.075
71100,0.784,0.140,0.076
71200,0.785,0.140,0.075
71300,0.785,0.140,0.075
71400,0.785,0.140,0.075
71500,0.785,0.140,0.075
71600,0.788,0.140,0.073
71700,0.789,0.140,0.072
71800,0.790,0.140,0.070
71900,0.790,0.140,0.070
72000,0.790,0.140,0.070
72100,0.789,0.139,0.073
72200,0.790,0.139,0.072
72300,0.788,0.139,0.074
72400,0.789,0.139,0.073
72500,0.789,0.139,0.073
72600,0.790,0.138,0.073
72700,0.791,0.137,0.073
72800,0.791,0.136,0.074
72900,0.792,0.136,0.073
73000,0.792,0.136,0.073
73100,0.793,0.136,0.072
73200,0.793,0.136,0.072
73300,0.793,0.136,0.072
73400,0.793,0.135,0.073
73500,0.793,0.135,0.073
73600,0.793,0.134,0.074
73700,0.793,0.134,0.074
73800,0.793,0.134,0.074
73900,0.793,0.134,0.074
74000,0.793,0.134,0.074
74100,0.793,0.133,0.075
74200,0.793,0.133,0.075
74300,0.793,0.133,0.075
74400,0.793,0.133,0.075
74500,0.794,0.133,0.074
74600,0.794,0.132,0.075
74700,0.794,0.132,0.075
74800,0.795,0.132,0.074
74900,0.796,0.132,0.073
75000,0.797,0.132,0.072
75100,0.798,0.132,0.070
75200,0.799,0.132,0.069
75300,0.801,0.132,0.067
75400,0.801,0.132,0.067
75500,0.800,0.132,0.068
75600,0.801,0.130,0.069
75700,0.802,0.130,0.068
75800,0.801,0.130,0.069
75900,0.802,0.130,0.068
76000,0.802,0.128,0.070
76100,0.802,0.128,0.070
76200,0.803,0.128,0.069
76300,0.802,0.128,0.070
76400,0.802,0.128,0.070
76500,0.804,0.128,0.068
76600,0.805,0.128,0.067
76700,0.805,0.128,0.067
76800,0.805,0.128,0.067
76900,0.805,0.128,0.067
77000,0.805,0.128,0.067
77100,0.805,0.128,0.067
77200,0.804,0.128,0.068
77300,0.804,0.128,0.068
77400,0.805,0.128,0.067
77500,0.805,0.128,0.067
77600,0.805,0.128,0.067
77700,0.804,0.128,0.068
77800,0.804,0.128,0.068
77900,0.805,0.128,0.067
78000,0.805,0.127,0.068
78100,0.807,0.127,0.066
78200,0.807,0.127,0.066
78300,0.807,0.126,0.067
78400,0.808,0.126,0.066
78500,0.808,0.126,0.066
78600,0.808,0.126,0.066
78700,0.808,0.126,0.066
78800,0.808,0.126,0.066
78900,0.808,0.126,0.066
79000,0.808,0.126,0.066
79100,0.808,0.126,0.066
79200,0.809,0.126,0.065
79300,0.809,0.126,0.065
79400,0.809,0.125,0.066
79500,0.809,0.125,0.066
79600,0.809,0.125,0.066
79700,0.806,0.125,0.069
79800,0.807,0.125,0.068
79900,0.807,0.125,0.068
80000,0.807,0.124,0.069
80100,0.807,0.124,0.069
80200,0.805,0.124,0.072
80300,0.805,0.124,0.072
80400,0.806,0.124,0.070
80500,0.805,0.124,0.072
80600,0.806,0.124,0.070
80700,0.806,0.124,0.070
80800,0.806,0.124,0.070
80900,0.806,0.124,0.070
81000,0.805,0.124,0.072
81100,0.805,0.124,0.072
81200,0.806,0.124,0.070
81300,0.806,0.124,0.070
81400,0.806,0.124,0.070
81500,0.805,0.124,0.072
81600,0.805,0.123,0.073
81700,0.802,0.123,0.076
81800,0.804,0.123,0.074
81900,0.804,0.123,0.074
82000,0.805,0.123,0.073
82100,0.805,0.123,0.073
82200,0.808,0.121,0.072
82300,0.807,0.121,0.073
82400,0.808,0.121,0.072
82500,0.807,0.121,0.073
82600,0.808,0.121,0.072
82700,0.809,0.120,0.072
82800,0.810,0.120,0.070
82900,0.810,0.120,0.070
83000,0.810,0.118,0.072
83100,0.808,0.118,0.074
83200,0.809,0.118,0.073
83300,0.810,0.118,0.072
83400,0.811,0.118,0.070
83500,0.811,0.118,0.070
83600,0.811,0.118,0.070
83700,0.811,0.118,0.070
83800,0.811,0.118,0.070
83900,0.811,0.118,0.070
84000,0.811,0.118,0.070
84100,0.811,0.118,0.070
84200,0.811,0.118,0.070
84300,0.810,0.118,0.072
84400,0.810,0.118,0.072
84500,0.808,0.118,0.074
84600,0.806,0.118,0.076
84700,0.809,0.118,0.073
84800,0.808,0.118,0.074
84900,0.811,0.117,0.072
85000,0.810,0.117,0.073
85100,0.812,0.116,0.072
85200,0.815,0.115,0.069
85300,0.815,0.115,0.069
85400,0.815,0.115,0.069
85500,0.815,0.115,0.069
85600,0.815,0.115,0.069
85700,0.815,0.115,0.069
85800,0.815,0.115,0.069
85900,0.813,0.115,0.072
86000,0.800,0.114,0.086
86100,0.804,0.114,0.082
86200,0.803,0.114,0.083
86300,0.805,0.114,0.081
86400,0.804,0.114,0.082
86500,0.815,0.114,0.070
86600,0.816,0.114,0.069
86700,0.816,0.114,0.069
86800,0.817,0.113,0.069
86900,0.817,0.113,0.069
87000,0.817,0.112,0.070
87100,0.816,0.111,0.073
87200,0.816,0.111,0.073
87300,0.817,0.111,0.072
87400,0.817,0.111,0.072
87500,0.817,0.111,0.072
87600,0.817,0.111,0.072
87700,0.817,0.111,0.072
87800,0.817,0.111,0.072
87900,0.818,0.110,0.072
88000,0.818,0.110,0.072
88100,0.818,0.110,0.072
88200,0.818,0.110,0.072
88300,0.818,0.110,0.072
88400,0.817,0.110,0.073
88500,0.817,0.110,0.073
88600,0.817,0.110,0.073
88700,0.819,0.110,0.070
88800,0.819,0.109,0.072
88900,0.820,0.109,0.070
89000,0.820,0.109,0.070
89100,0.820,0.109,0.070
89200,0.821,0.109,0.069
89300,0.821,0.109,0.069
89400,0.822,0.109,0.068
89500,0.822,0.109,0.068
89600,0.821,0.108,0.070
89700,0.821,0.108,0.070
89800,0.822,0.108,0.069
89900,0.822,0.108,0.069
90000,0.822,0.107,0.070
90100,0.822,0.107,0.070
90200,0.822,0.107,0.070
90300,0.822,0.107,0.070
90400,0.823,0.107,0.069
90500,0.822,0.106,0.072
90600,0.822,0.106,0.072
90700,0.823,0.106,0.070
90800,0.824,0.106,0.069
90900,0.825,0.106,0.068
91000,0.825,0.106,0.068
91100,0.825,0.106,0.068
91200,0.825,0.106,0.068
91300,0.825,0.106,0.068
91400,0.825,0.106,0.068
91500,0.823,0.106,0.070
91600,0.825,0.106,0.068
91700,0.827,0.106,0.066
91800,0.828,0.106,0.065
91900,0.828,0.106,0.065
92000,0.828,0.106,0.065
92100,0.828,0.106,0.065
92200,0.829,0.106,0.064
92300,0.828,0.105,0.066
92400,0.828,0.104,0.067
92500,0.829,0.104,0.066
92600,0.829,0.104,0.066
92700,0.829,0.104,0.066
92800,0.829,0.104,0.066
92900,0.828,0.104,0.067
93000,0.829,0.104,0.066
93100,0.828,0.104,0.067
93200,0.827,0.104,0.068
93300,0.828,0.104,0.067
93400,0.828,0.104,0.067
93500,0.830,0.103,0.066
93600,0.829,0.103,0.067
93700,0.830,0.103,0.066
93800,0.832,0.103,0.064
93900,0.832,0.101,0.066
94000,0.832,0.101,0.066
94100,0.832,0.101,0.066
94200,0.832,0.101,0.066
94300,0.832,0.101,0.066
94400,0.834,0.101,0.065
94500,0.834,0.101,0.065
94600,0.834,0.101,0.065
94700,0.836,0.101,0.063
94800,0.836,0.101,0.063
94900,0.837,0.101,0.062
95000,0.837,0.101,0.062
95100,0.837,0.100,0.063
95200,0.837,0.100,0.063
95300,0.838,0.100,0.062
95400,0.837,0.100,0.063
95500,0.837,0.100,0.063
95600,0.837,0.100,0.063
95700,0.837,0.100,0.063
95800,0.837,0.100,0.063
95900,0.839,0.100,0.061
96000,0.839,0.100,0.061
96100,0.839,0.100,0.061
96200,0.839,0.100,0.061
96300,0.839,0.100,0.061
96400,0.839,0.100,0.061
96500,0.839,0.099,0.062
96600,0.839,0.099,0.062
96700,0.840,0.099,0.061
96800,0.840,0.099,0.061
96900,0.840,0.099,0.061
97000,0.840,0.099,0.061
97100,0.840,0.099,0.061
97200,0.840,0.099,0.061
97300,0.840,0.099,0.061
97400,0.840,0.099,0.061
97500,0.840,0.099,0.061
97600,0.841,0.099,0.060
97700,0.841,0.099,0.060
97800,0.841,0.099,0.060
97900,0.834,0.099,0.067
98000,0.838,0.099,0.063
98100,0.838,0.099,0.063
98200,0.838,0.099,0.063
98300,0.837,0.099,0.064
98400,0.838,0.099,0.063
98500,0.840,0.099,0.061
98600,0.840,0.099,0.061
98700,0.840,0.099,0.061
98800,0.840,0.099,0.061
98900,0.840,0.099,0.061
99000,0.840,0.099,0.061
99100,0.840,0.099,0.061
99200,0.841,0.099,0.060
99300,0.841,0.098,0.061
99400,0.840,0.098,0.062
99500,0.840,0.098,0.062
99600,0.841,0.098,0.061
99700,0.841,0.097,0.062
99800,0.843,0.097,0.060
99900,0.843,0.097,0.060
100000,0.843,0.097,0.060
