time,n_A+p,n_B,n_AB
500,0.287,0.010,0.703
1000,0.603,0.000,0.397
1500,0.742,0.000,0.258
2000,0.584,0.000,0.416
2500,0.779,0.000,0.221
3000,0.665,0.000,0.335
3500,0.739,0.000,0.261
4000,0.828,0.000,0.172
4500,0.747,0.000,0.253
5000,0.664,0.000,0.336
5500,0.623,0.000,0.377
6000,0.670,0.000,0.330
6500,0.790,0.000,0.210
7000,0.654,0.000,0.346
7500,0.498,0.000,0.502
8000,0.588,0.000,0.412
8500,0.594,0.000,0.406
9000,0.546,0.000,0.454
9500,0.700,0.000,0.300
10000,0.575,0.000,0.425
10500,0.677,0.000,0.323
11000,0.698,0.000,0.302
11500,0.892,0.000,0.108
12000,0.662,0.000,0.338
12500,0.661,0.000,0.339
13000,0.864,0.000,0.136
13500,0.765,0.000,0.235
14000,0.786,0.000,0.214
14500,0.763,0.000,0.237
15000,0.589,0.000,0.411
15500,0.681,0.000,0.319
16000,0.675,0.000,0.325
16500,0.670,0.000,0.330
17000,0.815,0.000,0.185
17500,0.814,0.000,0.186
18000,0.622,0.000,0.378
18500,0.678,0.000,0.322
19000,0.706,0.000,0.294
19500,0.698,0.000,0.302
20000,0.620,0.000,0.380
20500,0.736,0.000,0.264
21000,0.692,0.000,0.308
21500,0.772,0.000,0.228
22000,0.810,0.000,0.190
22500,0.776,0.000,0.224
23000,0.644,0.000,0.356
23500,0.348,0.000,0.652
24000,0.743,0.000,0.257
24500,0.996,0.000,0.004
25000,1.000,0.000,0.000
