time,n_A+p,n_B,n_AB
500,0.050,0.476,0.474
1000,0.059,0.309,0.632
1500,0.069,0.174,0.757
2000,0.089,0.091,0.820
2500,0.400,0.002,0.598
3000,0.654,0.000,0.346
3500,0.784,0.000,0.216
4000,0.801,0.000,0.199
4500,0.752,0.000,0.248
5000,0.803,0.000,0.197
5500,0.934,0.000,0.066
6000,0.862,0.000,0.138
6500,0.924,0.000,0.076
7000,0.882,0.000,0.118
7500,0.914,0.000,0.086
8000,0.843,0.000,0.157
8500,0.637,0.000,0.363
9000,0.673,0.000,0.327
9500,0.680,0.000,0.320
10000,0.776,0.000,0.224
10500,0.715,0.000,0.285
11000,0.581,0.000,0.419
11500,0.667,0.000,0.333
12000,0.692,0.000,0.308
12500,0.796,0.000,0.204
13000,0.829,0.000,0.171
13500,0.768,0.000,0.232
14000,0.758,0.000,0.242
14500,0.860,0.000,0.140
15000,0.889,0.000,0.111
15500,0.955,0.000,0.045
16000,0.915,0.000,0.085
16500,0.846,0.000,0.154
17000,0.690,0.000,0.310
17500,0.678,0.000,0.322
18000,0.663,0.000,0.337
18500,0.626,0.000,0.374
19000,0.717,0.000,0.283
19500,0.711,0.000,0.289
20000,0.817,0.000,0.183
20500,0.945,0.000,0.055
21000,0.986,0.000,0.014
21500,1.000,0.000,0.000
