time,n_A+p,n_B,n_AB
100,0.030,0.967,0.003
200,0.030,0.964,0.006
300,0.030,0.961,0.009
400,0.030,0.955,0.015
500,0.030,0.952,0.018
600,0.030,0.945,0.025
700,0.030,0.927,0.043
800,0.030,0.923,0.047
900,0.030,0.909,0.061
1000,0.030,0.904,0.066
1100,0.030,0.892,0.078
1200,0.030,0.882,0.088
1300,0.030,0.853,0.117
1400,0.031,0.842,0.127
1500,0.048,0.832,0.120
1600,0.045,0.824,0.131
1700,0.043,0.821,0.136
1800,0.045,0.809,0.146
1900,0.043,0.802,0.155
2000,0.040,0.786,0.174
2100,0.040,0.767,0.193
2200,0.043,0.759,0.198
2300,0.043,0.751,0.206
2400,0.041,0.735,0.224
2500,0.044,0.719,0.237
2600,0.042,0.698,0.260
2700,0.040,0.677,0.283
2800,0.039,0.658,0.303
2900,0.041,0.635,0.324
3000,0.040,0.619,0.341
3100,0.042,0.608,0.350
3200,0.047,0.580,0.373
3300,0.049,0.553,0.398
3400,0.048,0.548,0.404
3500,0.052,0.532,0.416
3600,0.052,0.522,0.426
3700,0.053,0.509,0.438
3800,0.052,0.497,0.451
3900,0.049,0.486,0.465
4000,0.050,0.469,0.481
4100,0.073,0.446,0.481
4200,0.070,0.413,0.517
4300,0.075,0.403,0.522
4400,0.071,0.395,0.534
4500,0.070,0.368,0.562
4600,0.070,0.363,0.567
4700,0.068,0.363,0.569
4800,0.065,0.349,0.586
4900,0.071,0.330,0.599
5000,0.071,0.315,0.614
5100,0.068,0.308,0.624
5200,0.065,0.303,0.632
5300,0.064,0.280,0.656
5400,0.068,0.283,0.649
5500,0.068,0.272,0.660
5600,0.072,0.253,0.675
5700,0.068,0.247,0.685
5800,0.068,0.246,0.686
5900,0.064,0.246,0.690
6000,0.062,0.233,0.705
6100,0.058,0.220,0.722
6200,0.062,0.216,0.722
6300,0.068,0.205,0.727
6400,0.069,0.206,0.725
6500,0.068,0.200,0.732
6600,0.072,0.214,0.714
6700,0.075,0.209,0.716
6800,0.079,0.199,0.722
6900,0.075,0.191,0.734
7000,0.070,0.188,0.742
7100,0.072,0.185,0.743
7200,0.082,0.172,0.746
7300,0.075,0.185,0.740
7400,0.073,0.173,0.754
7500,0.073,0.178,0.749
7600,0.075,0.178,0.747
7700,0.082,0.174,0.744
7800,0.088,0.161,0.751
7900,0.092,0.152,0.756
8000,0.095,0.152,0.753
8100,0.093,0.153,0.754
8200,0.091,0.162,0.747
8300,0.087,0.155,0.758
8400,0.093,0.159,0.748
8500,0.096,0.148,0.756
8600,0.093,0.142,0.765
8700,0.100,0.138,0.762
8800,0.101,0.135,0.764
8900,0.101,0.144,0.755
9000,0.093,0.130,0.777
9100,0.090,0.132,0.778
9200,0.098,0.127,0.775
9300,0.104,0.127,0.769
9400,0.100,0.130,0.770
9500,0.097,0.120,0.783
9600,0.098,0.117,0.785
9700,0.098,0.112,0.790
9800,0.095,0.118,0.787
9900,0.100,0.115,0.785
10000,0.103,0.114,0.783
10100,0.105,0.115,0.780
10200,0.104,0.144,0.752
10300,0.110,0.145,0.745
10400,0.107,0.132,0.761
10500,0.110,0.126,0.764
10600,0.104,0.134,0.762
10700,0.108,0.130,0.762
10800,0.102,0.118,0.780
10900,0.107,0.118,0.775
11000,0.104,0.121,0.775
11100,0.101,0.129,0.770
11200,0.095,0.122,0.783
11300,0.094,0.123,0.783
11400,0.095,0.125,0.780
11500,0.092,0.118,0.790
11600,0.092,0.122,0.786
11700,0.091,0.122,0.787
11800,0.093,0.118,0.789
11900,0.093,0.120,0.787
12000,0.086,0.127,0.787
12100,0.093,0.119,0.788
12200,0.104,0.123,0.773
12300,0.100,0.115,0.785
12400,0.097,0.112,0.791
12500,0.096,0.107,0.797
12600,0.098,0.104,0.798
12700,0.100,0.104,0.796
12800,0.092,0.098,0.810
12900,0.090,0.105,0.805
13000,0.088,0.104,0.808
13100,0.088,0.112,0.800
13200,0.092,0.115,0.793
13300,0.100,0.116,0.784
13400,0.102,0.129,0.769
13500,0.116,0.147,0.737
13600,0.117,0.138,0.745
13700,0.118,0.124,0.758
13800,0.114,0.120,0.766
13900,0.120,0.118,0.762
14000,0.122,0.119,0.759
14100,0.119,0.115,0.766
14200,0.120,0.114,0.766
14300,0.116,0.109,0.775
14400,0.117,0.113,0.770
14500,0.121,0.106,0.773
14600,0.114,0.111,0.775
14700,0.108,0.112,0.780
14800,0.107,0.105,0.788
14900,0.106,0.103,0.791
15000,0.106,0.101,0.793
15100,0.113,0.105,0.782
15200,0.124,0.102,0.774
15300,0.120,0.098,0.782
15400,0.114,0.094,0.792
15500,0.113,0.091,0.796
15600,0.114,0.094,0.792
15700,0.115,0.110,0.775
15800,0.116,0.109,0.775
15900,0.111,0.109,0.780
16000,0.106,0.109,0.785
16100,0.104,0.120,0.776
16200,0.109,0.128,0.763
16300,0.113,0.118,0.769
16400,0.115,0.119,0.766
16500,0.113,0.126,0.761
16600,0.124,0.121,0.755
16700,0.128,0.114,0.758
16800,0.129,0.116,0.755
16900,0.131,0.118,0.751
17000,0.130,0.120,0.750
17100,0.128,0.123,0.749
17200,0.132,0.113,0.755
17300,0.128,0.109,0.763
17400,0.125,0.105,0.770
17500,0.121,0.114,0.765
17600,0.123,0.115,0.762
17700,0.125,0.114,0.761
17800,0.122,0.109,0.769
17900,0.120,0.105,0.775
18000,0.118,0.098,0.784
18100,0.118,0.107,0.775
18200,0.115,0.098,0.787
18300,0.117,0.099,0.784
18400,0.121,0.097,0.782
18500,0.120,0.088,0.792
18600,0.119,0.089,0.792
18700,0.115,0.079,0.806
18800,0.114,0.082,0.804
18900,0.116,0.084,0.800
19000,0.129,0.079,0.792
19100,0.132,0.081,0.787
19200,0.134,0.072,0.794
19300,0.132,0.075,0.793
19400,0.139,0.081,0.780
19500,0.133,0.085,0.782
19600,0.131,0.082,0.787
19700,0.132,0.087,0.781
19800,0.134,0.082,0.784
19900,0.124,0.082,0.794
20000,0.122,0.077,0.801
20100,0.124,0.073,0.803
20200,0.125,0.074,0.801
20300,0.118,0.072,0.810
20400,0.124,0.072,0.804
20500,0.127,0.067,0.806
20600,0.129,0.067,0.804
20700,0.127,0.072,0.801
20800,0.125,0.082,0.793
20900,0.128,0.081,0.791
21000,0.124,0.084,0.792
21100,0.128,0.084,0.788
21200,0.125,0.085,0.790
21300,0.119,0.092,0.789
21400,0.117,0.091,0.792
21500,0.122,0.081,0.797
21600,0.118,0.080,0.802
21700,0.116,0.079,0.805
21800,0.126,0.088,0.786
21900,0.121,0.086,0.793
22000,0.125,0.095,0.780
22100,0.127,0.091,0.782
22200,0.132,0.086,0.782
22300,0.126,0.084,0.790
22400,0.120,0.088,0.792
22500,0.120,0.090,0.790
22600,0.124,0.090,0.786
22700,0.126,0.096,0.778
22800,0.125,0.094,0.781
22900,0.121,0.100,0.779
23000,0.119,0.104,0.777
23100,0.125,0.104,0.771
23200,0.120,0.100,0.780
23300,0.137,0.094,0.769
23400,0.127,0.092,0.781
23500,0.127,0.107,0.766
23600,0.131,0.100,0.769
23700,0.125,0.098,0.777
23800,0.125,0.107,0.768
23900,0.131,0.102,0.767
24000,0.139,0.096,0.765
24100,0.138,0.090,0.772
24200,0.138,0.094,0.768
24300,0.133,0.092,0.775
24400,0.134,0.092,0.774
24500,0.138,0.097,0.765
24600,0.146,0.093,0.761
24700,0.137,0.085,0.778
24800,0.143,0.084,0.773
24900,0.142,0.086,0.772
25000,0.137,0.076,0.787
25100,0.140,0.082,0.778
25200,0.148,0.081,0.771
25300,0.155,0.084,0.761
25400,0.156,0.094,0.750
25500,0.152,0.088,0.760
25600,0.144,0.087,0.769
25700,0.138,0.088,0.774
25800,0.135,0.095,0.770
25900,0.131,0.109,0.760
26000,0.140,0.107,0.753
26100,0.138,0.110,0.752
26200,0.140,0.107,0.753
26300,0.139,0.104,0.757
26400,0.136,0.105,0.759
26500,0.131,0.103,0.766
26600,0.128,0.092,0.780
26700,0.127,0.093,0.780
26800,0.119,0.102,0.779
26900,0.124,0.103,0.773
27000,0.130,0.102,0.768
27100,0.126,0.094,0.780
27200,0.126,0.086,0.788
27300,0.123,0.085,0.792
27400,0.161,0.085,0.754
27500,0.159,0.078,0.763
27600,0.157,0.081,0.762
27700,0.149,0.076,0.775
27800,0.153,0.065,0.782
27900,0.154,0.065,0.781
28000,0.154,0.064,0.782
28100,0.151,0.056,0.793
28200,0.149,0.053,0.798
28300,0.155,0.061,0.784
28400,0.147,0.065,0.788
28500,0.144,0.070,0.786
28600,0.137,0.080,0.783
28700,0.137,0.080,0.783
28800,0.132,0.080,0.788
28900,0.134,0.078,0.788
29000,0.134,0.079,0.787
29100,0.132,0.079,0.789
29200,0.132,0.078,0.790
29300,0.134,0.074,0.792
29400,0.136,0.077,0.787
29500,0.130,0.082,0.788
29600,0.123,0.075,0.802
29700,0.122,0.072,0.806
29800,0.119,0.071,0.810
29900,0.123,0.069,0.808
30000,0.128,0.070,0.802
30100,0.131,0.073,0.796
30200,0.130,0.076,0.794
30300,0.130,0.077,0.793
30400,0.131,0.078,0.791
30500,0.126,0.079,0.795
30600,0.121,0.078,0.801
30700,0.118,0.073,0.809
30800,0.112,0.071,0.817
30900,0.115,0.073,0.812
31000,0.118,0.071,0.811
31100,0.124,0.080,0.796
31200,0.127,0.075,0.798
31300,0.134,0.077,0.789
31400,0.143,0.074,0.783
31500,0.139,0.073,0.788
31600,0.138,0.074,0.788
31700,0.135,0.071,0.794
31800,0.138,0.065,0.797
31900,0.133,0.069,0.798
32000,0.133,0.065,0.802
32100,0.136,0.060,0.804
32200,0.131,0.076,0.793
32300,0.126,0.071,0.803
32400,0.124,0.072,0.804
32500,0.127,0.071,0.802
32600,0.124,0.069,0.807
32700,0.125,0.080,0.795
32800,0.134,0.079,0.787
32900,0.142,0.078,0.780
33000,0.140,0.078,0.782
33100,0.142,0.077,0.781
33200,0.136,0.071,0.793
33300,0.133,0.071,0.796
33400,0.125,0.071,0.804
33500,0.126,0.070,0.804
33600,0.129,0.073,0.798
33700,0.129,0.073,0.798
33800,0.123,0.078,0.799
33900,0.119,0.080,0.801
34000,0.124,0.092,0.784
34100,0.121,0.085,0.794
34200,0.120,0.086,0.794
34300,0.130,0.085,0.785
34400,0.132,0.080,0.788
34500,0.135,0.087,0.778
34600,0.131,0.089,0.780
34700,0.125,0.083,0.792
34800,0.119,0.091,0.790
34900,0.120,0.093,0.787
35000,0.121,0.096,0.783
35100,0.119,0.089,0.792
35200,0.114,0.090,0.796
35300,0.109,0.091,0.800
35400,0.105,0.090,0.805
35500,0.109,0.092,0.799
35600,0.120,0.092,0.788
35700,0.118,0.089,0.793
35800,0.120,0.085,0.795
35900,0.116,0.087,0.797
36000,0.119,0.087,0.794
36100,0.121,0.082,0.797
36200,0.122,0.079,0.799
36300,0.124,0.085,0.791
36400,0.125,0.090,0.785
36500,0.120,0.083,0.797
36600,0.130,0.081,0.789
36700,0.124,0.076,0.800
36800,0.130,0.076,0.794
36900,0.125,0.073,0.802
37000,0.129,0.072,0.799
37100,0.122,0.074,0.804
37200,0.122,0.076,0.802
37300,0.132,0.080,0.788
37400,0.131,0.078,0.791
37500,0.124,0.073,0.803
37600,0.132,0.074,0.794
37700,0.133,0.087,0.780
37800,0.126,0.088,0.786
37900,0.124,0.088,0.788
38000,0.130,0.086,0.784
38100,0.122,0.082,0.796
38200,0.122,0.077,0.801
38300,0.117,0.072,0.811
38400,0.122,0.067,0.811
38500,0.117,0.064,0.819
38600,0.113,0.054,0.833
38700,0.113,0.050,0.837
38800,0.117,0.054,0.829
38900,0.113,0.077,0.810
39000,0.117,0.075,0.808
39100,0.115,0.076,0.809
39200,0.123,0.075,0.802
39300,0.115,0.079,0.806
39400,0.116,0.078,0.806
39500,0.117,0.079,0.804
39600,0.120,0.083,0.797
39700,0.118,0.082,0.800
39800,0.116,0.081,0.803
39900,0.113,0.078,0.809
40000,0.119,0.079,0.802
40100,0.108,0.079,0.813
40200,0.109,0.079,0.812
40300,0.114,0.078,0.808
40400,0.112,0.085,0.803
40500,0.112,0.085,0.803
40600,0.108,0.082,0.810
40700,0.116,0.080,0.804
40800,0.120,0.095,0.785
40900,0.118,0.089,0.793
41000,0.118,0.088,0.794
41100,0.147,0.088,0.765
41200,0.143,0.083,0.774
41300,0.137,0.078,0.785
41400,0.146,0.090,0.764
41500,0.144,0.092,0.764
41600,0.133,0.097,0.770
41700,0.136,0.093,0.771
41800,0.133,0.095,0.772
41900,0.132,0.096,0.772
42000,0.134,0.091,0.775
42100,0.138,0.085,0.777
42200,0.137,0.097,0.766
42300,0.149,0.108,0.743
42400,0.146,0.109,0.745
42500,0.150,0.103,0.747
42600,0.144,0.094,0.762
42700,0.148,0.083,0.769
42800,0.151,0.086,0.763
42900,0.146,0.081,0.773
43000,0.140,0.088,0.772
43100,0.139,0.088,0.773
43200,0.137,0.086,0.777
43300,0.130,0.098,0.772
43400,0.122,0.092,0.786
43500,0.121,0.087,0.792
43600,0.123,0.085,0.792
43700,0.124,0.076,0.800
43800,0.126,0.073,0.801
43900,0.126,0.087,0.787
44000,0.131,0.087,0.782
44100,0.134,0.078,0.788
44200,0.134,0.074,0.792
44300,0.140,0.071,0.789
44400,0.136,0.084,0.780
44500,0.147,0.085,0.768
44600,0.140,0.084,0.776
44700,0.141,0.080,0.779
44800,0.140,0.085,0.775
44900,0.148,0.073,0.779
45000,0.156,0.067,0.777
45100,0.151,0.074,0.775
45200,0.150,0.076,0.774
45300,0.143,0.072,0.785
45400,0.142,0.080,0.778
45500,0.138,0.093,0.769
45600,0.138,0.100,0.762
45700,0.135,0.090,0.775
45800,0.137,0.079,0.784
45900,0.134,0.082,0.784
46000,0.132,0.090,0.778
46100,0.149,0.094,0.757
46200,0.142,0.096,0.762
46300,0.138,0.100,0.762
46400,0.131,0.096,0.773
46500,0.132,0.099,0.769
46600,0.127,0.099,0.774
46700,0.122,0.100,0.778
46800,0.114,0.098,0.788
46900,0.109,0.099,0.792
47000,0.113,0.096,0.791
47100,0.116,0.089,0.795
47200,0.114,0.085,0.801
47300,0.113,0.087,0.800
47400,0.121,0.089,0.790
47500,0.120,0.089,0.791
47600,0.116,0.094,0.790
47700,0.118,0.091,0.791
47800,0.115,0.092,0.793
47900,0.124,0.101,0.775
48000,0.120,0.107,0.773
48100,0.123,0.107,0.770
48200,0.128,0.103,0.769
48300,0.129,0.094,0.777
48400,0.119,0.117,0.764
48500,0.126,0.124,0.750
48600,0.126,0.117,0.757
48700,0.121,0.116,0.763
48800,0.115,0.117,0.768
48900,0.129,0.113,0.758
49000,0.121,0.107,0.772
49100,0.119,0.101,0.780
49200,0.121,0.100,0.779
49300,0.120,0.111,0.769
49400,0.117,0.109,0.774
49500,0.129,0.099,0.772
49600,0.127,0.098,0.775
49700,0.123,0.102,0.775
49800,0.130,0.096,0.774
49900,0.128,0.099,0.773
50000,0.126,0.098,0.776
50100,0.123,0.107,0.770
50200,0.136,0.107,0.757
50300,0.145,0.106,0.749
50400,0.148,0.109,0.743
50500,0.146,0.097,0.757
50600,0.143,0.088,0.769
50700,0.138,0.096,0.766
50800,0.134,0.097,0.769
50900,0.128,0.101,0.771
51000,0.124,0.094,0.782
51100,0.127,0.101,0.772
51200,0.123,0.105,0.772
51300,0.119,0.098,0.783
51400,0.119,0.098,0.783
51500,0.105,0.095,0.800
51600,0.105,0.110,0.785
51700,0.102,0.113,0.785
51800,0.109,0.112,0.779
51900,0.109,0.105,0.786
52000,0.112,0.101,0.787
52100,0.112,0.099,0.789
52200,0.114,0.099,0.787
52300,0.111,0.095,0.794
52400,0.124,0.095,0.781
52500,0.129,0.095,0.776
52600,0.126,0.094,0.780
52700,0.123,0.097,0.780
52800,0.115,0.100,0.785
52900,0.128,0.093,0.779
53000,0.131,0.092,0.777
53100,0.134,0.093,0.773
53200,0.133,0.091,0.776
53300,0.130,0.087,0.783
53400,0.130,0.081,0.789
53500,0.128,0.077,0.795
53600,0.133,0.077,0.790
53700,0.138,0.069,0.793
53800,0.135,0.071,0.794
53900,0.138,0.066,0.796
54000,0.142,0.063,0.795
54100,0.145,0.066,0.789
54200,0.134,0.075,0.791
54300,0.142,0.070,0.788
54400,0.142,0.067,0.791
54500,0.137,0.061,0.802
54600,0.140,0.067,0.793
54700,0.140,0.065,0.795
54800,0.136,0.062,0.802
54900,0.138,0.061,0.801
55000,0.135,0.062,0.803
55100,0.131,0.067,0.802
55200,0.135,0.060,0.805
55300,0.138,0.064,0.798
55400,0.135,0.069,0.796
55500,0.132,0.071,0.797
55600,0.135,0.068,0.797
55700,0.135,0.068,0.797
55800,0.131,0.067,0.802
55900,0.129,0.070,0.801
56000,0.123,0.070,0.807
56100,0.122,0.075,0.803
56200,0.111,0.075,0.814
56300,0.106,0.073,0.821
56400,0.111,0.075,0.814
56500,0.113,0.070,0.817
56600,0.118,0.071,0.811
56700,0.118,0.081,0.801
56800,0.111,0.110,0.779
56900,0.108,0.116,0.776
57000,0.105,0.115,0.780
57100,0.106,0.117,0.777
57200,0.107,0.113,0.780
57300,0.104,0.121,0.775
57400,0.099,0.113,0.788
57500,0.094,0.111,0.795
57600,0.113,0.105,0.782
57700,0.114,0.104,0.782
57800,0.108,0.102,0.790
57900,0.110,0.092,0.798
58000,0.120,0.103,0.777
58100,0.118,0.096,0.786
58200,0.125,0.096,0.779
58300,0.121,0.096,0.783
58400,0.115,0.096,0.789
58500,0.110,0.099,0.791
58600,0.114,0.097,0.789
58700,0.123,0.091,0.786
58800,0.117,0.090,0.793
58900,0.105,0.085,0.810
59000,0.118,0.078,0.804
59100,0.117,0.082,0.801
59200,0.115,0.079,0.806
59300,0.114,0.085,0.801
59400,0.111,0.113,0.776
59500,0.111,0.114,0.775
59600,0.114,0.107,0.779
59700,0.116,0.109,0.775
59800,0.105,0.110,0.785
59900,0.110,0.106,0.784
60000,0.113,0.108,0.779
60100,0.117,0.105,0.778
60200,0.116,0.101,0.783
60300,0.115,0.099,0.786
60400,0.110,0.101,0.789
60500,0.111,0.107,0.782
60600,0.106,0.101,0.793
60700,0.114,0.099,0.787
60800,0.118,0.098,0.784
60900,0.118,0.097,0.785
61000,0.115,0.094,0.791
61100,0.111,0.092,0.797
61200,0.108,0.101,0.791
61300,0.114,0.109,0.777
61400,0.111,0.107,0.782
61500,0.116,0.099,0.785
61600,0.117,0.094,0.789
61700,0.118,0.101,0.781
61800,0.116,0.102,0.782
61900,0.134,0.100,0.766
62000,0.129,0.098,0.773
62100,0.132,0.097,0.771
62200,0.138,0.091,0.771
62300,0.136,0.094,0.770
62400,0.136,0.085,0.779
62500,0.141,0.082,0.777
62600,0.143,0.077,0.780
62700,0.138,0.077,0.785
62800,0.137,0.074,0.789
62900,0.137,0.074,0.789
63000,0.149,0.068,0.783
63100,0.149,0.066,0.785
63200,0.150,0.081,0.769
63300,0.140,0.078,0.782
63400,0.143,0.085,0.772
63500,0.141,0.087,0.772
63600,0.136,0.082,0.782
63700,0.136,0.085,0.779
63800,0.147,0.083,0.770
63900,0.142,0.080,0.778
64000,0.142,0.075,0.783
64100,0.136,0.079,0.785
64200,0.131,0.079,0.790
64300,0.129,0.082,0.789
64400,0.132,0.080,0.788
64500,0.141,0.078,0.781
64600,0.147,0.074,0.779
64700,0.152,0.078,0.770
64800,0.146,0.076,0.778
64900,0.142,0.079,0.779
65000,0.143,0.078,0.779
65100,0.148,0.082,0.770
65200,0.154,0.080,0.766
65300,0.164,0.080,0.756
65400,0.168,0.077,0.755
65500,0.165,0.089,0.746
65600,0.165,0.085,0.750
65700,0.183,0.085,0.732
65800,0.191,0.082,0.727
65900,0.189,0.079,0.732
66000,0.186,0.085,0.729
66100,0.180,0.088,0.732
66200,0.173,0.086,0.741
66300,0.181,0.078,0.741
66400,0.176,0.074,0.750
66500,0.167,0.076,0.757
66600,0.160,0.069,0.771
66700,0.154,0.066,0.780
66800,0.154,0.071,0.775
66900,0.155,0.078,0.767
67000,0.150,0.078,0.772
67100,0.152,0.073,0.775
67200,0.151,0.072,0.777
67300,0.151,0.077,0.772
67400,0.146,0.080,0.774
67500,0.145,0.076,0.779
67600,0.144,0.078,0.778
67700,0.141,0.073,0.786
67800,0.144,0.074,0.782
67900,0.157,0.068,0.775
68000,0.153,0.068,0.779
68100,0.146,0.056,0.798
68200,0.147,0.053,0.800
68300,0.141,0.050,0.809
68400,0.137,0.053,0.810
68500,0.125,0.057,0.818
68600,0.134,0.055,0.811
68700,0.133,0.050,0.817
68800,0.132,0.050,0.818
68900,0.133,0.050,0.817
69000,0.126,0.071,0.803
69100,0.118,0.069,0.813
69200,0.122,0.068,0.810
69300,0.122,0.074,0.804
69400,0.114,0.082,0.804
69500,0.109,0.090,0.801
69600,0.106,0.094,0.800
69700,0.107,0.093,0.800
69800,0.102,0.093,0.805
69900,0.120,0.089,0.791
70000,0.117,0.090,0.793
70100,0.122,0.091,0.787
70200,0.124,0.083,0.793
70300,0.145,0.076,0.779
70400,0.143,0.075,0.782
70500,0.142,0.077,0.781
70600,0.146,0.076,0.778
70700,0.139,0.077,0.784
70800,0.161,0.067,0.772
70900,0.161,0.062,0.777
71000,0.174,0.061,0.765
71100,0.201,0.061,0.738
71200,0.201,0.057,0.742
71300,0.192,0.063,0.745
71400,0.188,0.059,0.753
71500,0.184,0.065,0.751
71600,0.182,0.060,0.758
71700,0.183,0.055,0.762
71800,0.178,0.050,0.772
71900,0.181,0.050,0.769
72000,0.173,0.049,0.778
72100,0.163,0.047,0.790
72200,0.158,0.045,0.797
72300,0.149,0.068,0.783
72400,0.147,0.066,0.787
72500,0.143,0.070,0.787
72600,0.148,0.068,0.784
72700,0.137,0.070,0.793
72800,0.144,0.076,0.780
72900,0.144,0.073,0.783
73000,0.145,0.071,0.784
73100,0.135,0.089,0.776
73200,0.140,0.083,0.777
73300,0.125,0.082,0.793
73400,0.115,0.083,0.802
73500,0.115,0.085,0.800
73600,0.112,0.089,0.799
73700,0.115,0.085,0.800
73800,0.114,0.081,0.805
73900,0.112,0.085,0.803
74000,0.106,0.085,0.809
74100,0.102,0.075,0.823
74200,0.100,0.073,0.827
74300,0.102,0.071,0.827
74400,0.099,0.074,0.827
74500,0.095,0.070,0.835
74600,0.093,0.071,0.836
74700,0.097,0.069,0.834
74800,0.097,0.076,0.827
74900,0.098,0.079,0.823
75000,0.096,0.084,0.820
75100,0.105,0.082,0.813
75200,0.107,0.085,0.808
75300,0.107,0.089,0.804
75400,0.111,0.090,0.799
75500,0.112,0.094,0.794
75600,0.117,0.094,0.789
75700,0.115,0.092,0.793
75800,0.120,0.090,0.790
75900,0.125,0.089,0.786
76000,0.138,0.097,0.765
76100,0.130,0.097,0.773
76200,0.129,0.094,0.777
76300,0.148,0.087,0.765
76400,0.148,0.084,0.768
76500,0.151,0.076,0.773
76600,0.157,0.081,0.762
76700,0.159,0.079,0.762
76800,0.151,0.089,0.760
76900,0.155,0.080,0.765
77000,0.158,0.073,0.769
77100,0.159,0.074,0.767
77200,0.158,0.079,0.763
77300,0.153,0.080,0.767
77400,0.155,0.081,0.764
77500,0.158,0.082,0.760
77600,0.160,0.080,0.760
77700,0.157,0.084,0.759
77800,0.149,0.078,0.773
77900,0.147,0.080,0.773
78000,0.158,0.086,0.756
78100,0.161,0.085,0.754
78200,0.160,0.074,0.766
78300,0.158,0.070,0.772
78400,0.149,0.072,0.779
78500,0.150,0.072,0.778
78600,0.146,0.073,0.781
78700,0.142,0.072,0.786
78800,0.143,0.073,0.784
78900,0.147,0.068,0.785
79000,0.136,0.072,0.792
79100,0.126,0.073,0.801
79200,0.132,0.071,0.797
79300,0.131,0.067,0.802
79400,0.123,0.068,0.809
79500,0.120,0.069,0.811
79600,0.115,0.066,0.819
79700,0.111,0.069,0.820
79800,0.109,0.067,0.824
79900,0.104,0.069,0.827
80000,0.108,0.071,0.821
80100,0.107,0.073,0.820
80200,0.115,0.072,0.813
80300,0.113,0.081,0.806
80400,0.113,0.078,0.809
80500,0.110,0.071,0.819
80600,0.110,0.076,0.814
80700,0.116,0.076,0.808
80800,0.118,0.075,0.807
80900,0.116,0.081,0.803
81000,0.119,0.077,0.804
81100,0.118,0.069,0.813
81200,0.124,0.072,0.804
81300,0.124,0.067,0.809
81400,0.129,0.061,0.810
81500,0.122,0.071,0.807
81600,0.114,0.075,0.811
81700,0.109,0.073,0.818
81800,0.109,0.074,0.817
81900,0.126,0.076,0.798
82000,0.122,0.076,0.802
82100,0.120,0.078,0.802
82200,0.117,0.075,0.808
82300,0.129,0.076,0.795
82400,0.129,0.073,0.798
82500,0.133,0.069,0.798
82600,0.135,0.069,0.796
82700,0.138,0.065,0.797
82800,0.135,0.065,0.800
82900,0.141,0.065,0.794
83000,0.139,0.063,0.798
83100,0.139,0.060,0.801
83200,0.139,0.065,0.796
83300,0.137,0.061,0.802
83400,0.140,0.058,0.802
83500,0.138,0.060,0.802
83600,0.144,0.063,0.793
83700,0.142,0.060,0.798
83800,0.144,0.064,0.792
83900,0.144,0.071,0.785
84000,0.143,0.072,0.785
84100,0.150,0.070,0.780
84200,0.147,0.061,0.792
84300,0.144,0.063,0.793
84400,0.145,0.061,0.794
84500,0.150,0.063,0.787
84600,0.150,0.063,0.787
84700,0.156,0.067,0.777
84800,0.166,0.063,0.771
84900,0.150,0.064,0.786
85000,0.139,0.064,0.797
85100,0.142,0.068,0.790
85200,0.141,0.066,0.793
85300,0.144,0.061,0.795
85400,0.150,0.065,0.785
85500,0.143,0.061,0.796
85600,0.134,0.069,0.797
85700,0.130,0.071,0.799
85800,0.134,0.069,0.797
85900,0.133,0.069,0.798
86000,0.134,0.069,0.797
86100,0.139,0.069,0.792
86200,0.140,0.090,0.770
86300,0.140,0.085,0.775
86400,0.140,0.090,0.770
86500,0.145,0.085,0.770
86600,0.141,0.085,0.774
86700,0.141,0.080,0.779
86800,0.161,0.076,0.763
86900,0.166,0.077,0.757
87000,0.176,0.071,0.753
87100,0.166,0.068,0.766
87200,0.161,0.069,0.770
87300,0.179,0.078,0.743
87400,0.170,0.085,0.745
87500,0.164,0.085,0.751
87600,0.169,0.079,0.752
87700,0.173,0.074,0.753
87800,0.174,0.072,0.754
87900,0.173,0.071,0.756
88000,0.172,0.078,0.750
88100,0.170,0.068,0.762
88200,0.164,0.072,0.764
88300,0.161,0.071,0.768
88400,0.153,0.071,0.776
88500,0.152,0.073,0.775
88600,0.157,0.071,0.772
88700,0.154,0.072,0.774
88800,0.155,0.077,0.768
88900,0.156,0.074,0.770
89000,0.160,0.085,0.755
89100,0.156,0.080,0.764
89200,0.150,0.075,0.775
89300,0.150,0.069,0.781
89400,0.148,0.063,0.789
89500,0.151,0.064,0.785
89600,0.145,0.063,0.792
89700,0.141,0.067,0.792
89800,0.138,0.071,0.791
89900,0.135,0.069,0.796
90000,0.139,0.072,0.789
90100,0.142,0.067,0.791
90200,0.144,0.064,0.792
90300,0.143,0.056,0.801
90400,0.140,0.052,0.808
90500,0.145,0.061,0.794
90600,0.141,0.061,0.798
90700,0.142,0.055,0.803
90800,0.145,0.053,0.802
90900,0.141,0.060,0.799
91000,0.135,0.067,0.798
91100,0.148,0.076,0.776
91200,0.150,0.080,0.770
91300,0.137,0.082,0.781
91400,0.125,0.077,0.798
91500,0.129,0.073,0.798
91600,0.123,0.071,0.806
91700,0.119,0.071,0.810
91800,0.116,0.066,0.818
91900,0.116,0.058,0.826
92000,0.123,0.062,0.815
92100,0.129,0.065,0.806
92200,0.128,0.072,0.800
92300,0.133,0.076,0.791
92400,0.137,0.077,0.786
92500,0.134,0.074,0.792
92600,0.135,0.070,0.795
92700,0.142,0.077,0.781
92800,0.143,0.083,0.774
92900,0.147,0.085,0.768
93000,0.159,0.087,0.754
93100,0.165,0.080,0.755
93200,0.161,0.082,0.757
93300,0.159,0.098,0.743
93400,0.158,0.095,0.747
93500,0.153,0.098,0.749
93600,0.150,0.099,0.751
93700,0.148,0.096,0.756
93800,0.146,0.090,0.764
93900,0.148,0.096,0.756
94000,0.139,0.094,0.767
94100,0.140,0.089,0.771
94200,0.138,0.094,0.768
94300,0.142,0.094,0.764
94400,0.136,0.095,0.769
94500,0.137,0.093,0.770
94600,0.128,0.089,0.783
94700,0.133,0.091,0.776
94800,0.134,0.099,0.767
94900,0.135,0.103,0.762
95000,0.131,0.101,0.768
95100,0.126,0.103,0.771
95200,0.122,0.104,0.774
95300,0.122,0.097,0.781
95400,0.124,0.093,0.783
95500,0.122,0.091,0.787
95600,0.129,0.089,0.782
95700,0.134,0.092,0.774
95800,0.131,0.088,0.781
95900,0.147,0.082,0.771
96000,0.153,0.090,0.757
96100,0.151,0.084,0.765
96200,0.144,0.084,0.772
96300,0.140,0.083,0.777
96400,0.140,0.081,0.779
96500,0.141,0.082,0.777
96600,0.140,0.085,0.775
96700,0.136,0.091,0.773
96800,0.131,0.087,0.782
96900,0.121,0.101,0.778
97000,0.122,0.098,0.780
97100,0.132,0.096,0.772
97200,0.132,0.100,0.768
97300,0.132,0.102,0.766
97400,0.123,0.097,0.780
97500,0.124,0.095,0.781
97600,0.132,0.089,0.779
97700,0.130,0.092,0.778
97800,0.126,0.094,0.780
97900,0.143,0.109,0.748
98000,0.136,0.111,0.753
98100,0.128,0.114,0.758
98200,0.132,0.101,0.767
98300,0.126,0.098,0.776
98400,0.126,0.095,0.779
98500,0.129,0.097,0.774
98600,0.133,0.098,0.769
98700,0.132,0.099,0.769
98800,0.131,0.096,0.773
98900,0.127,0.092,0.781
99000,0.127,0.091,0.782
99100,0.123,0.092,0.785
99200,0.121,0.095,0.784
99300,0.125,0.090,0.785
99400,0.130,0.085,0.785
99500,0.136,0.101,0.763
99600,0.128,0.102,0.770
99700,0.126,0.106,0.768
99800,0.121,0.105,0.774
99900,0.116,0.103,0.781
100000,0.115,0.110,0.775
