time,n_A+p,n_B,n_AB
0,0.028,0.972,-0.000
500,0.031,0.914,0.055
1000,0.040,0.878,0.083
1500,0.031,0.862,0.107
2000,0.086,0.746,0.168
2500,0.076,0.752,0.171
3000,0.061,0.820,0.119
3500,0.055,0.789,0.156
4000,0.061,0.823,0.116
4500,0.058,0.804,0.138
5000,0.052,0.817,0.131
5500,0.064,0.801,0.135
6000,0.052,0.853,0.095
6500,0.040,0.865,0.095
7000,0.046,0.823,0.131
7500,0.052,0.798,0.150
8000,0.049,0.838,0.113
8500,0.067,0.875,0.058
9000,0.055,0.835,0.110
9500,0.073,0.768,0.159
10000,0.073,0.752,0.174
10500,0.058,0.774,0.168
11000,0.064,0.761,0.174
11500,0.110,0.709,0.180
12000,0.098,0.722,0.180
12500,0.141,0.661,0.199
13000,0.113,0.657,0.229
13500,0.128,0.602,0.269
14000,0.156,0.606,0.239
14500,0.180,0.630,0.190
15000,0.190,0.599,0.211
15500,0.180,0.569,0.251
16000,0.217,0.550,0.232
16500,0.177,0.538,0.284
17000,0.229,0.492,0.278
17500,0.251,0.474,0.275
18000,0.275,0.459,0.266
18500,0.235,0.404,0.361
19000,0.260,0.477,0.263
19500,0.306,0.468,0.226
20000,0.333,0.373,0.294
20500,0.373,0.303,0.324
21000,0.373,0.346,0.281
21500,0.388,0.294,0.318
22000,0.419,0.300,0.281
22500,0.425,0.245,0.330
23000,0.557,0.229,0.214
23500,0.654,0.156,0.190
24000,0.716,0.098,0.187
24500,0.789,0.058,0.153
25000,0.817,0.049,0.135
25500,0.826,0.031,0.144
26000,0.804,0.024,0.171
26500,0.920,0.021,0.058
27000,0.905,0.015,0.080
27500,0.920,0.015,0.064
28000,0.924,0.006,0.070
28500,0.939,0.003,0.058
29000,0.954,0.009,0.037
29500,0.948,0.000,0.052
30000,0.942,0.006,0.052
30500,0.985,0.003,0.012
31000,0.988,0.000,0.012
31500,0.969,0.000,0.031
32000,0.969,0.006,0.024
32500,0.966,0.009,0.024
33000,0.963,0.003,0.034
33500,0.976,0.000,0.024
34000,0.979,0.000,0.021
34500,0.997,0.000,0.003
35000,0.997,0.000,0.003
35500,0.997,0.000,0.003
36000,0.997,0.000,0.003
36500,0.997,0.000,0.003
37000,0.997,0.000,0.003
37500,0.997,0.000,0.003
38000,1.000,0.000,0.000
