time,n_A+p,n_B,n_AB
100,0.030,0.964,0.006
200,0.030,0.955,0.015
300,0.030,0.954,0.016
400,0.030,0.952,0.018
500,0.030,0.948,0.022
600,0.030,0.943,0.027
700,0.030,0.940,0.030
800,0.030,0.934,0.036
900,0.030,0.930,0.040
1000,0.033,0.919,0.048
1100,0.032,0.918,0.050
1200,0.031,0.912,0.057
1300,0.031,0.900,0.069
1400,0.031,0.901,0.068
1500,0.033,0.898,0.069
1600,0.032,0.895,0.073
1700,0.033,0.896,0.071
1800,0.033,0.897,0.070
1900,0.033,0.887,0.080
2000,0.033,0.890,0.077
2100,0.032,0.887,0.081
2200,0.031,0.882,0.087
2300,0.031,0.873,0.096
2400,0.032,0.871,0.097
2500,0.032,0.872,0.096
2600,0.032,0.868,0.100
2700,0.032,0.874,0.094
2800,0.035,0.871,0.094
2900,0.038,0.862,0.100
3000,0.038,0.860,0.102
3100,0.039,0.859,0.102
3200,0.036,0.855,0.109
3300,0.038,0.851,0.111
3400,0.038,0.842,0.120
3500,0.036,0.835,0.129
3600,0.037,0.821,0.142
3700,0.038,0.819,0.143
3800,0.046,0.812,0.142
3900,0.047,0.805,0.148
4000,0.045,0.801,0.154
4100,0.047,0.797,0.156
4200,0.048,0.796,0.156
4300,0.048,0.789,0.163
4400,0.048,0.788,0.164
4500,0.049,0.790,0.161
4600,0.051,0.788,0.161
4700,0.056,0.779,0.165
4800,0.059,0.769,0.172
4900,0.059,0.767,0.174
5000,0.061,0.755,0.184
5100,0.059,0.746,0.195
5200,0.057,0.750,0.193
5300,0.053,0.743,0.204
5400,0.054,0.740,0.206
5500,0.053,0.730,0.217
5600,0.052,0.725,0.223
5700,0.053,0.712,0.235
5800,0.055,0.702,0.243
5900,0.058,0.698,0.244
6000,0.062,0.700,0.238
6100,0.062,0.692,0.246
6200,0.060,0.695,0.245
6300,0.064,0.688,0.248
6400,0.070,0.681,0.249
6500,0.076,0.683,0.241
6600,0.089,0.680,0.231
6700,0.084,0.666,0.250
6800,0.078,0.665,0.257
6900,0.078,0.665,0.257
7000,0.084,0.653,0.263
7100,0.084,0.636,0.280
7200,0.088,0.634,0.278
7300,0.088,0.636,0.276
7400,0.092,0.644,0.264
7500,0.093,0.637,0.270
7600,0.090,0.646,0.264
7700,0.094,0.643,0.263
7800,0.098,0.644,0.258
7900,0.096,0.644,0.260
8000,0.101,0.639,0.260
8100,0.093,0.628,0.279
8200,0.093,0.611,0.296
8300,0.097,0.596,0.307
8400,0.108,0.581,0.311
8500,0.106,0.590,0.304
8600,0.100,0.583,0.317
8700,0.103,0.584,0.313
8800,0.105,0.586,0.309
8900,0.109,0.587,0.304
9000,0.109,0.586,0.305
9100,0.098,0.597,0.305
9200,0.114,0.603,0.283
9300,0.117,0.605,0.278
9400,0.121,0.602,0.277
9500,0.127,0.587,0.286
9600,0.123,0.586,0.291
9700,0.126,0.569,0.305
9800,0.122,0.575,0.303
9900,0.126,0.576,0.298
10000,0.133,0.568,0.299
10100,0.133,0.574,0.293
10200,0.130,0.578,0.292
10300,0.127,0.579,0.294
10400,0.122,0.595,0.283
10500,0.115,0.583,0.302
10600,0.108,0.587,0.305
10700,0.107,0.587,0.306
10800,0.111,0.582,0.307
10900,0.124,0.578,0.298
11000,0.130,0.563,0.307
11100,0.128,0.564,0.308
11200,0.127,0.563,0.310
11300,0.136,0.561,0.303
11400,0.131,0.573,0.296
11500,0.133,0.570,0.297
11600,0.133,0.563,0.304
11700,0.133,0.567,0.300
11800,0.140,0.567,0.293
11900,0.137,0.573,0.290
12000,0.137,0.574,0.289
12100,0.137,0.567,0.296
12200,0.132,0.569,0.299
12300,0.134,0.555,0.311
12400,0.138,0.553,0.309
12500,0.148,0.535,0.317
12600,0.151,0.537,0.312
12700,0.146,0.530,0.324
12800,0.141,0.534,0.325
12900,0.146,0.530,0.324
13000,0.149,0.521,0.330
13100,0.147,0.521,0.332
13200,0.141,0.526,0.333
13300,0.147,0.535,0.318
13400,0.147,0.530,0.323
13500,0.135,0.527,0.338
13600,0.136,0.533,0.331
13700,0.132,0.521,0.347
13800,0.126,0.513,0.361
13900,0.126,0.519,0.355
14000,0.122,0.508,0.370
14100,0.138,0.503,0.359
14200,0.136,0.502,0.362
14300,0.135,0.503,0.362
14400,0.133,0.521,0.346
14500,0.144,0.514,0.342
14600,0.151,0.506,0.343
14700,0.159,0.513,0.328
14800,0.159,0.526,0.315
14900,0.167,0.533,0.300
15000,0.163,0.529,0.308
15100,0.172,0.521,0.307
15200,0.174,0.534,0.292
15300,0.171,0.535,0.294
15400,0.168,0.537,0.295
15500,0.160,0.518,0.322
15600,0.156,0.531,0.313
15700,0.147,0.538,0.315
15800,0.142,0.539,0.319
15900,0.145,0.534,0.321
16000,0.148,0.533,0.319
16100,0.143,0.543,0.314
16200,0.141,0.546,0.313
16300,0.137,0.537,0.326
16400,0.137,0.541,0.322
16500,0.137,0.537,0.326
16600,0.134,0.542,0.324
16700,0.127,0.547,0.326
16800,0.123,0.555,0.322
16900,0.118,0.561,0.321
17000,0.120,0.556,0.324
17100,0.128,0.551,0.321
17200,0.129,0.564,0.307
17300,0.141,0.546,0.313
17400,0.144,0.549,0.307
17500,0.153,0.545,0.302
17600,0.156,0.540,0.304
17700,0.157,0.538,0.305
17800,0.150,0.530,0.320
17900,0.141,0.527,0.332
18000,0.148,0.527,0.325
18100,0.145,0.523,0.332
18200,0.145,0.526,0.329
18300,0.151,0.508,0.341
18400,0.150,0.507,0.343
18500,0.144,0.496,0.360
18600,0.149,0.499,0.352
18700,0.157,0.487,0.356
18800,0.159,0.476,0.365
18900,0.158,0.472,0.370
19000,0.156,0.460,0.384
19100,0.153,0.458,0.389
19200,0.150,0.453,0.397
19300,0.157,0.446,0.397
19400,0.157,0.445,0.398
19500,0.157,0.452,0.391
19600,0.160,0.440,0.400
19700,0.157,0.440,0.403
19800,0.158,0.458,0.384
19900,0.150,0.453,0.397
20000,0.140,0.468,0.392
20100,0.152,0.467,0.381
20200,0.147,0.487,0.366
20300,0.151,0.485,0.364
20400,0.155,0.492,0.353
20500,0.158,0.492,0.350
20600,0.164,0.478,0.358
20700,0.156,0.475,0.369
20800,0.163,0.464,0.373
20900,0.156,0.459,0.385
21000,0.148,0.462,0.390
21100,0.161,0.467,0.372
21200,0.166,0.452,0.382
21300,0.175,0.451,0.374
21400,0.177,0.455,0.368
21500,0.183,0.458,0.359
21600,0.192,0.454,0.354
21700,0.207,0.438,0.355
21800,0.202,0.435,0.363
21900,0.196,0.423,0.381
22000,0.197,0.405,0.398
22100,0.194,0.390,0.416
22200,0.200,0.374,0.426
22300,0.212,0.368,0.420
22400,0.210,0.377,0.413
22500,0.202,0.386,0.412
22600,0.209,0.387,0.404
22700,0.209,0.401,0.390
22800,0.205,0.398,0.397
22900,0.208,0.406,0.386
23000,0.215,0.419,0.366
23100,0.216,0.409,0.375
23200,0.215,0.399,0.386
23300,0.225,0.393,0.382
23400,0.216,0.396,0.388
23500,0.212,0.386,0.402
23600,0.210,0.392,0.398
23700,0.204,0.393,0.403
23800,0.208,0.402,0.390
23900,0.201,0.409,0.390
24000,0.197,0.399,0.404
24100,0.197,0.398,0.405
24200,0.201,0.408,0.391
24300,0.188,0.400,0.412
24400,0.197,0.394,0.409
24500,0.196,0.384,0.420
24600,0.201,0.380,0.419
24700,0.204,0.373,0.423
24800,0.219,0.371,0.410
24900,0.221,0.379,0.400
25000,0.215,0.382,0.403
25100,0.219,0.378,0.403
25200,0.240,0.368,0.392
25300,0.241,0.363,0.396
25400,0.241,0.365,0.394
25500,0.251,0.370,0.379
25600,0.246,0.377,0.377
25700,0.251,0.369,0.380
25800,0.261,0.379,0.360
25900,0.267,0.373,0.360
26000,0.279,0.365,0.356
26100,0.273,0.353,0.374
26200,0.275,0.339,0.386
26300,0.269,0.334,0.397
26400,0.267,0.337,0.396
26500,0.254,0.329,0.417
26600,0.251,0.337,0.412
26700,0.257,0.338,0.405
26800,0.256,0.345,0.399
26900,0.251,0.344,0.405
27000,0.256,0.350,0.394
27100,0.264,0.349,0.387
27200,0.261,0.347,0.392
27300,0.268,0.356,0.376
27400,0.271,0.366,0.363
27500,0.281,0.361,0.358
27600,0.296,0.344,0.360
27700,0.299,0.332,0.369
27800,0.296,0.327,0.377
27900,0.302,0.317,0.381
28000,0.298,0.307,0.395
28100,0.317,0.297,0.386
28200,0.313,0.292,0.395
28300,0.329,0.285,0.386
28400,0.331,0.290,0.379
28500,0.334,0.284,0.382
28600,0.327,0.290,0.383
28700,0.324,0.289,0.387
28800,0.304,0.293,0.403
28900,0.303,0.305,0.392
29000,0.304,0.297,0.399
29100,0.307,0.295,0.398
29200,0.319,0.292,0.389
29300,0.318,0.285,0.397
29400,0.314,0.289,0.397
29500,0.317,0.279,0.404
29600,0.322,0.271,0.407
29700,0.320,0.265,0.415
29800,0.327,0.261,0.412
29900,0.336,0.254,0.410
30000,0.327,0.260,0.413
30100,0.330,0.261,0.409
30200,0.345,0.246,0.409
30300,0.349,0.246,0.405
30400,0.352,0.238,0.410
30500,0.361,0.236,0.403
30600,0.349,0.231,0.420
30700,0.355,0.241,0.404
30800,0.366,0.245,0.389
30900,0.351,0.254,0.395
31000,0.358,0.248,0.394
31100,0.369,0.252,0.379
31200,0.373,0.253,0.374
31300,0.375,0.245,0.380
31400,0.362,0.241,0.397
31500,0.356,0.240,0.404
31600,0.355,0.243,0.402
31700,0.365,0.234,0.401
31800,0.369,0.230,0.401
31900,0.371,0.243,0.386
32000,0.366,0.244,0.390
32100,0.367,0.243,0.390
32200,0.371,0.244,0.385
32300,0.383,0.229,0.388
32400,0.373,0.224,0.403
32500,0.367,0.225,0.408
32600,0.360,0.222,0.418
32700,0.360,0.238,0.402
32800,0.364,0.238,0.398
32900,0.352,0.242,0.406
33000,0.350,0.227,0.423
33100,0.355,0.235,0.410
33200,0.355,0.228,0.417
33300,0.359,0.238,0.403
33400,0.360,0.252,0.388
33500,0.372,0.241,0.387
33600,0.368,0.246,0.386
33700,0.372,0.239,0.389
33800,0.378,0.223,0.399
33900,0.366,0.220,0.414
34000,0.353,0.228,0.419
34100,0.359,0.232,0.409
34200,0.373,0.235,0.392
34300,0.384,0.233,0.383
34400,0.385,0.234,0.381
34500,0.390,0.234,0.376
34600,0.398,0.227,0.375
34700,0.392,0.217,0.391
34800,0.399,0.209,0.392
34900,0.398,0.209,0.393
35000,0.402,0.210,0.388
35100,0.402,0.203,0.395
35200,0.391,0.212,0.397
35300,0.388,0.209,0.403
35400,0.384,0.216,0.400
35500,0.391,0.220,0.389
35600,0.390,0.232,0.378
35700,0.377,0.229,0.394
35800,0.368,0.229,0.403
35900,0.357,0.234,0.409
36000,0.359,0.240,0.401
36100,0.357,0.237,0.406
36200,0.370,0.231,0.399
36300,0.365,0.232,0.403
36400,0.372,0.231,0.397
36500,0.375,0.226,0.399
36600,0.381,0.226,0.393
36700,0.376,0.228,0.396
36800,0.374,0.221,0.405
36900,0.374,0.219,0.407
37000,0.374,0.211,0.415
37100,0.380,0.204,0.416
37200,0.388,0.211,0.401
37300,0.384,0.211,0.405
37400,0.390,0.221,0.389
37500,0.380,0.222,0.398
37600,0.397,0.230,0.373
37700,0.404,0.220,0.376
37800,0.394,0.217,0.389
37900,0.397,0.212,0.391
38000,0.392,0.197,0.411
38100,0.378,0.195,0.427
38200,0.376,0.195,0.429
38300,0.371,0.201,0.428
38400,0.379,0.199,0.422
38500,0.384,0.208,0.408
38600,0.393,0.217,0.390
38700,0.395,0.220,0.385
38800,0.393,0.212,0.395
38900,0.394,0.219,0.387
39000,0.396,0.211,0.393
39100,0.394,0.216,0.390
39200,0.397,0.212,0.391
39300,0.402,0.217,0.381
39400,0.408,0.204,0.388
39500,0.412,0.203,0.385
39600,0.413,0.206,0.381
39700,0.420,0.196,0.384
39800,0.422,0.198,0.380
39900,0.422,0.194,0.384
40000,0.447,0.186,0.367
40100,0.449,0.193,0.358
40200,0.442,0.198,0.360
40300,0.446,0.200,0.354
40400,0.443,0.193,0.364
40500,0.432,0.185,0.383
40600,0.436,0.186,0.378
40700,0.442,0.183,0.375
40800,0.445,0.173,0.382
40900,0.441,0.179,0.380
41000,0.455,0.181,0.364
41100,0.438,0.174,0.388
41200,0.435,0.164,0.401
41300,0.433,0.169,0.398
41400,0.440,0.174,0.386
41500,0.434,0.170,0.396
41600,0.422,0.167,0.411
41700,0.433,0.167,0.400
41800,0.447,0.148,0.405
41900,0.452,0.141,0.407
42000,0.447,0.146,0.407
42100,0.446,0.146,0.408
42200,0.454,0.147,0.399
42300,0.450,0.150,0.400
42400,0.451,0.152,0.397
42500,0.456,0.151,0.393
42600,0.449,0.167,0.384
42700,0.446,0.167,0.387
42800,0.439,0.175,0.386
42900,0.439,0.166,0.395
43000,0.433,0.163,0.404
43100,0.436,0.168,0.396
43200,0.434,0.181,0.385
43300,0.440,0.181,0.379
43400,0.447,0.181,0.372
43500,0.445,0.175,0.380
43600,0.436,0.179,0.385
43700,0.445,0.180,0.375
43800,0.433,0.184,0.383
43900,0.425,0.182,0.393
44000,0.422,0.184,0.394
44100,0.421,0.178,0.401
44200,0.413,0.185,0.402
44300,0.421,0.178,0.401
44400,0.420,0.181,0.399
44500,0.431,0.181,0.388
44600,0.440,0.181,0.379
44700,0.434,0.173,0.393
44800,0.447,0.171,0.382
44900,0.462,0.171,0.367
45000,0.472,0.172,0.356
45100,0.462,0.168,0.370
45200,0.454,0.165,0.381
45300,0.451,0.167,0.382
45400,0.445,0.165,0.390
45500,0.465,0.149,0.386
45600,0.459,0.149,0.392
45700,0.464,0.147,0.389
45800,0.456,0.162,0.382
45900,0.454,0.156,0.390
46000,0.472,0.151,0.377
46100,0.463,0.152,0.385
46200,0.474,0.155,0.371
46300,0.478,0.146,0.376
46400,0.491,0.147,0.362
46500,0.487,0.150,0.363
46600,0.481,0.152,0.367
46700,0.494,0.148,0.358
46800,0.501,0.142,0.357
46900,0.492,0.144,0.364
47000,0.497,0.140,0.363
47100,0.504,0.149,0.347
47200,0.512,0.139,0.349
47300,0.519,0.142,0.339
47400,0.507,0.146,0.347
47500,0.516,0.146,0.338
47600,0.510,0.146,0.344
47700,0.505,0.141,0.354
47800,0.510,0.148,0.342
47900,0.513,0.145,0.342
48000,0.506,0.135,0.359
48100,0.503,0.140,0.357
48200,0.498,0.152,0.350
48300,0.506,0.142,0.352
48400,0.494,0.145,0.361
48500,0.502,0.140,0.358
48600,0.506,0.146,0.348
48700,0.503,0.134,0.363
48800,0.502,0.134,0.364
48900,0.503,0.133,0.364
49000,0.510,0.140,0.350
49100,0.498,0.139,0.363
49200,0.495,0.134,0.371
49300,0.502,0.133,0.365
49400,0.508,0.128,0.364
49500,0.500,0.123,0.377
49600,0.505,0.116,0.379
49700,0.514,0.111,0.375
49800,0.512,0.112,0.376
49900,0.509,0.119,0.372
50000,0.510,0.123,0.367
50100,0.514,0.131,0.355
50200,0.505,0.139,0.356
50300,0.507,0.142,0.351
50400,0.509,0.159,0.332
50500,0.512,0.150,0.338
50600,0.496,0.146,0.358
50700,0.502,0.147,0.351
50800,0.498,0.145,0.357
50900,0.503,0.136,0.361
51000,0.495,0.138,0.367
51100,0.500,0.130,0.370
51200,0.490,0.147,0.363
51300,0.479,0.151,0.370
51400,0.482,0.140,0.378
51500,0.485,0.150,0.365
51600,0.498,0.145,0.357
51700,0.493,0.140,0.367
51800,0.490,0.132,0.378
51900,0.488,0.134,0.378
52000,0.482,0.137,0.381
52100,0.471,0.139,0.390
52200,0.472,0.149,0.379
52300,0.463,0.151,0.386
52400,0.457,0.157,0.386
52500,0.452,0.160,0.388
52600,0.452,0.154,0.394
52700,0.461,0.150,0.389
52800,0.455,0.161,0.384
52900,0.456,0.173,0.371
53000,0.443,0.182,0.375
53100,0.425,0.187,0.388
53200,0.429,0.185,0.386
53300,0.436,0.188,0.376
53400,0.435,0.186,0.379
53500,0.434,0.184,0.382
53600,0.432,0.192,0.376
53700,0.431,0.179,0.390
53800,0.433,0.181,0.386
53900,0.442,0.175,0.383
54000,0.440,0.186,0.374
54100,0.441,0.197,0.362
54200,0.448,0.186,0.366
54300,0.443,0.176,0.381
54400,0.445,0.173,0.382
54500,0.434,0.166,0.400
54600,0.441,0.162,0.397
54700,0.434,0.170,0.396
54800,0.433,0.182,0.385
54900,0.433,0.167,0.400
55000,0.432,0.161,0.407
55100,0.436,0.154,0.410
55200,0.438,0.156,0.406
55300,0.443,0.158,0.399
55400,0.444,0.152,0.404
55500,0.444,0.155,0.401
55600,0.457,0.161,0.382
55700,0.456,0.161,0.383
55800,0.471,0.157,0.372
55900,0.484,0.153,0.363
56000,0.487,0.159,0.354
56100,0.485,0.156,0.359
56200,0.488,0.150,0.362
56300,0.489,0.149,0.362
56400,0.489,0.151,0.360
56500,0.484,0.143,0.373
56600,0.487,0.146,0.367
56700,0.496,0.137,0.367
56800,0.485,0.137,0.378
56900,0.481,0.140,0.379
57000,0.480,0.136,0.384
57100,0.501,0.128,0.371
57200,0.510,0.131,0.359
57300,0.509,0.139,0.352
57400,0.520,0.141,0.339
57500,0.509,0.144,0.347
57600,0.507,0.154,0.339
57700,0.518,0.150,0.332
57800,0.520,0.148,0.332
57900,0.530,0.140,0.330
58000,0.547,0.132,0.321
58100,0.538,0.127,0.335
58200,0.543,0.140,0.317
58300,0.548,0.141,0.311
58400,0.551,0.128,0.321
58500,0.562,0.127,0.311
58600,0.561,0.122,0.317
58700,0.566,0.113,0.321
58800,0.568,0.113,0.319
58900,0.569,0.117,0.314
59000,0.564,0.120,0.316
59100,0.553,0.114,0.333
59200,0.557,0.113,0.330
59300,0.561,0.112,0.327
59400,0.554,0.111,0.335
59500,0.559,0.116,0.325
59600,0.550,0.111,0.339
59700,0.551,0.114,0.335
59800,0.551,0.114,0.335
59900,0.547,0.121,0.332
60000,0.552,0.117,0.331
60100,0.554,0.116,0.330
60200,0.553,0.105,0.342
60300,0.562,0.112,0.326
60400,0.571,0.109,0.320
60500,0.567,0.113,0.320
60600,0.567,0.104,0.329
60700,0.565,0.111,0.324
60800,0.567,0.107,0.326
60900,0.575,0.106,0.319
61000,0.579,0.099,0.322
61100,0.565,0.102,0.333
61200,0.549,0.109,0.342
61300,0.564,0.111,0.325
61400,0.564,0.109,0.327
61500,0.563,0.106,0.331
61600,0.574,0.099,0.327
61700,0.564,0.107,0.329
61800,0.550,0.107,0.343
61900,0.535,0.110,0.355
62000,0.532,0.117,0.351
62100,0.527,0.126,0.347
62200,0.520,0.127,0.353
62300,0.521,0.123,0.356
62400,0.527,0.131,0.342
62500,0.525,0.127,0.348
62600,0.522,0.131,0.347
62700,0.510,0.132,0.358
62800,0.512,0.127,0.361
62900,0.504,0.131,0.365
63000,0.513,0.124,0.363
63100,0.515,0.138,0.347
63200,0.521,0.132,0.347
63300,0.510,0.131,0.359
63400,0.508,0.132,0.360
63500,0.514,0.128,0.358
63600,0.525,0.135,0.340
63700,0.532,0.131,0.337
63800,0.519,0.138,0.343
63900,0.517,0.129,0.354
64000,0.525,0.122,0.353
64100,0.517,0.124,0.359
64200,0.515,0.128,0.357
64300,0.537,0.131,0.332
64400,0.537,0.123,0.340
64500,0.537,0.126,0.337
64600,0.519,0.122,0.359
64700,0.526,0.118,0.356
64800,0.532,0.119,0.349
64900,0.521,0.121,0.358
65000,0.525,0.126,0.349
65100,0.541,0.116,0.343
65200,0.551,0.120,0.329
65300,0.544,0.115,0.341
65400,0.530,0.122,0.348
65500,0.525,0.135,0.340
65600,0.531,0.135,0.334
65700,0.542,0.135,0.323
65800,0.546,0.134,0.320
65900,0.538,0.130,0.332
66000,0.543,0.135,0.322
66100,0.543,0.132,0.325
66200,0.543,0.121,0.336
66300,0.536,0.130,0.334
66400,0.528,0.127,0.345
66500,0.530,0.124,0.346
66600,0.535,0.116,0.349
66700,0.542,0.116,0.342
66800,0.545,0.106,0.349
66900,0.547,0.103,0.350
67000,0.537,0.108,0.355
67100,0.533,0.103,0.364
67200,0.545,0.108,0.347
67300,0.543,0.107,0.350
67400,0.550,0.105,0.345
67500,0.553,0.105,0.342
67600,0.563,0.106,0.331
67700,0.561,0.102,0.337
67800,0.559,0.097,0.344
67900,0.559,0.098,0.343
68000,0.561,0.105,0.334
68100,0.550,0.099,0.351
68200,0.550,0.099,0.351
68300,0.556,0.093,0.351
68400,0.541,0.093,0.366
68500,0.533,0.090,0.377
68600,0.529,0.085,0.386
68700,0.532,0.092,0.376
68800,0.523,0.102,0.375
68900,0.524,0.094,0.382
69000,0.549,0.092,0.359
69100,0.564,0.092,0.344
69200,0.575,0.096,0.329
69300,0.579,0.091,0.330
69400,0.586,0.088,0.326
69500,0.574,0.089,0.337
69600,0.585,0.085,0.330
69700,0.579,0.086,0.335
69800,0.578,0.088,0.334
69900,0.577,0.095,0.328
70000,0.566,0.095,0.339
70100,0.562,0.100,0.338
70200,0.556,0.114,0.330
70300,0.560,0.114,0.326
70400,0.551,0.113,0.336
70500,0.556,0.106,0.338
70600,0.564,0.109,0.327
70700,0.560,0.107,0.333
70800,0.550,0.122,0.328
70900,0.553,0.120,0.327
71000,0.539,0.129,0.332
71100,0.531,0.128,0.341
71200,0.524,0.135,0.341
71300,0.528,0.140,0.332
71400,0.535,0.142,0.323
71500,0.520,0.146,0.334
71600,0.528,0.145,0.327
71700,0.536,0.150,0.314
71800,0.540,0.142,0.318
71900,0.541,0.126,0.333
72000,0.545,0.125,0.330
72100,0.531,0.127,0.342
72200,0.522,0.130,0.348
72300,0.521,0.123,0.356
72400,0.531,0.113,0.356
72500,0.526,0.117,0.357
72600,0.519,0.118,0.363
72700,0.525,0.107,0.368
72800,0.519,0.095,0.386
72900,0.531,0.098,0.371
73000,0.526,0.112,0.362
73100,0.507,0.120,0.373
73200,0.502,0.132,0.366
73300,0.502,0.123,0.375
73400,0.519,0.120,0.361
73500,0.520,0.123,0.357
73600,0.540,0.112,0.348
73700,0.539,0.122,0.339
73800,0.536,0.125,0.339
73900,0.537,0.120,0.343
74000,0.556,0.117,0.327
74100,0.551,0.111,0.338
74200,0.559,0.107,0.334
74300,0.559,0.104,0.337
74400,0.548,0.101,0.351
74500,0.551,0.115,0.334
74600,0.561,0.106,0.333
74700,0.570,0.095,0.335
74800,0.569,0.090,0.341
74900,0.573,0.083,0.344
75000,0.571,0.090,0.339
75100,0.569,0.092,0.339
75200,0.573,0.097,0.330
75300,0.566,0.103,0.331
75400,0.558,0.102,0.340
75500,0.547,0.115,0.338
75600,0.541,0.112,0.347
75700,0.543,0.121,0.336
75800,0.530,0.121,0.349
75900,0.517,0.138,0.345
76000,0.513,0.146,0.341
76100,0.504,0.148,0.348
76200,0.516,0.141,0.343
76300,0.504,0.144,0.352
76400,0.502,0.138,0.360
76500,0.500,0.145,0.355
76600,0.491,0.143,0.366
76700,0.492,0.143,0.365
76800,0.493,0.148,0.359
76900,0.484,0.158,0.358
77000,0.486,0.150,0.364
77100,0.477,0.146,0.377
77200,0.472,0.159,0.369
77300,0.474,0.163,0.363
77400,0.458,0.166,0.376
77500,0.457,0.167,0.376
77600,0.451,0.161,0.388
77700,0.460,0.154,0.386
77800,0.459,0.152,0.389
77900,0.466,0.140,0.394
78000,0.453,0.144,0.403
78100,0.454,0.144,0.402
78200,0.452,0.129,0.419
78300,0.444,0.140,0.416
78400,0.441,0.152,0.407
78500,0.440,0.158,0.402
78600,0.434,0.162,0.404
78700,0.424,0.165,0.411
78800,0.420,0.169,0.411
78900,0.421,0.169,0.410
79000,0.413,0.175,0.412
79100,0.412,0.185,0.403
79200,0.417,0.183,0.400
79300,0.413,0.191,0.396
79400,0.419,0.189,0.392
79500,0.421,0.190,0.389
79600,0.416,0.190,0.394
79700,0.409,0.183,0.408
79800,0.406,0.181,0.413
79900,0.394,0.183,0.423
80000,0.400,0.186,0.414
80100,0.396,0.192,0.412
80200,0.389,0.205,0.406
80300,0.399,0.200,0.401
80400,0.398,0.209,0.393
80500,0.408,0.193,0.399
80600,0.407,0.184,0.409
80700,0.407,0.181,0.412
80800,0.414,0.182,0.404
80900,0.419,0.182,0.399
81000,0.430,0.185,0.385
81100,0.436,0.191,0.373
81200,0.450,0.186,0.364
81300,0.451,0.186,0.363
81400,0.455,0.189,0.356
81500,0.448,0.189,0.363
81600,0.432,0.190,0.378
81700,0.429,0.188,0.383
81800,0.440,0.177,0.383
81900,0.441,0.181,0.378
82000,0.430,0.193,0.377
82100,0.438,0.183,0.379
82200,0.451,0.179,0.370
82300,0.446,0.176,0.378
82400,0.460,0.159,0.381
82500,0.465,0.153,0.382
82600,0.474,0.148,0.378
82700,0.488,0.139,0.373
82800,0.503,0.132,0.365
82900,0.502,0.132,0.366
83000,0.507,0.144,0.349
83100,0.513,0.148,0.339
83200,0.520,0.143,0.337
83300,0.530,0.127,0.343
83400,0.524,0.128,0.348
83500,0.522,0.126,0.352
83600,0.518,0.123,0.359
83700,0.520,0.123,0.357
83800,0.526,0.114,0.360
83900,0.529,0.112,0.359
84000,0.524,0.121,0.355
84100,0.528,0.121,0.351
84200,0.525,0.117,0.358
84300,0.529,0.112,0.359
84400,0.524,0.107,0.369
84500,0.538,0.102,0.360
84600,0.534,0.105,0.361
84700,0.538,0.099,0.363
84800,0.542,0.103,0.355
84900,0.543,0.097,0.360
85000,0.532,0.091,0.377
85100,0.545,0.086,0.369
85200,0.553,0.093,0.354
85300,0.544,0.102,0.354
85400,0.540,0.100,0.360
85500,0.541,0.111,0.348
85600,0.533,0.107,0.360
85700,0.519,0.100,0.381
85800,0.543,0.098,0.359
85900,0.542,0.099,0.359
86000,0.530,0.097,0.373
86100,0.530,0.104,0.366
86200,0.518,0.109,0.373
86300,0.529,0.110,0.361
86400,0.522,0.110,0.368
86500,0.531,0.099,0.370
86600,0.539,0.103,0.358
86700,0.542,0.117,0.341
86800,0.540,0.113,0.347
86900,0.544,0.109,0.347
87000,0.545,0.115,0.340
87100,0.551,0.113,0.336
87200,0.545,0.108,0.347
87300,0.560,0.110,0.330
87400,0.558,0.099,0.343
87500,0.549,0.096,0.355
87600,0.554,0.091,0.355
87700,0.553,0.089,0.358
87800,0.550,0.089,0.361
87900,0.540,0.106,0.354
88000,0.549,0.102,0.349
88100,0.543,0.093,0.364
88200,0.540,0.100,0.360
88300,0.535,0.110,0.355
88400,0.522,0.102,0.376
88500,0.519,0.099,0.382
88600,0.509,0.106,0.385
88700,0.512,0.105,0.383
88800,0.506,0.107,0.387
88900,0.515,0.114,0.371
89000,0.503,0.131,0.366
89100,0.508,0.123,0.369
89200,0.511,0.124,0.365
89300,0.515,0.123,0.362
89400,0.521,0.119,0.360
89500,0.539,0.119,0.342
89600,0.549,0.123,0.328
89700,0.544,0.119,0.337
89800,0.544,0.126,0.330
89900,0.539,0.117,0.344
90000,0.534,0.118,0.348
90100,0.523,0.119,0.358
90200,0.532,0.113,0.355
90300,0.541,0.114,0.345
90400,0.557,0.115,0.328
90500,0.563,0.115,0.322
90600,0.554,0.118,0.328
90700,0.559,0.108,0.333
90800,0.564,0.104,0.332
90900,0.560,0.095,0.345
91000,0.555,0.099,0.346
91100,0.552,0.100,0.348
91200,0.550,0.093,0.357
91300,0.549,0.086,0.365
91400,0.557,0.090,0.353
91500,0.569,0.101,0.330
91600,0.574,0.097,0.329
91700,0.575,0.090,0.335
91800,0.569,0.084,0.347
91900,0.571,0.089,0.340
92000,0.585,0.089,0.326
92100,0.588,0.084,0.328
92200,0.598,0.079,0.323
92300,0.600,0.076,0.324
92400,0.608,0.069,0.323
92500,0.618,0.081,0.301
92600,0.621,0.079,0.300
92700,0.622,0.079,0.299
92800,0.615,0.073,0.312
92900,0.604,0.077,0.319
93000,0.611,0.070,0.319
93100,0.608,0.067,0.325
93200,0.609,0.067,0.324
93300,0.607,0.068,0.325
93400,0.609,0.073,0.318
93500,0.604,0.073,0.323
93600,0.604,0.074,0.322
93700,0.596,0.080,0.324
93800,0.583,0.087,0.330
93900,0.579,0.081,0.340
94000,0.586,0.084,0.330
94100,0.586,0.097,0.317
94200,0.596,0.101,0.303
94300,0.591,0.096,0.313
94400,0.600,0.094,0.306
94500,0.593,0.099,0.308
94600,0.587,0.104,0.309
94700,0.586,0.111,0.303
94800,0.585,0.104,0.311
94900,0.578,0.099,0.323
95000,0.579,0.112,0.309
95100,0.579,0.105,0.316
95200,0.576,0.111,0.313
95300,0.580,0.108,0.312
95400,0.579,0.102,0.319
95500,0.577,0.104,0.319
95600,0.580,0.105,0.315
95700,0.575,0.105,0.320
95800,0.560,0.111,0.329
95900,0.566,0.111,0.323
96000,0.574,0.103,0.323
96100,0.580,0.104,0.316
96200,0.581,0.113,0.306
96300,0.570,0.112,0.318
96400,0.581,0.117,0.302
96500,0.577,0.115,0.308
96600,0.585,0.115,0.300
96700,0.585,0.112,0.303
96800,0.590,0.107,0.303
96900,0.596,0.102,0.302
97000,0.588,0.106,0.306
97100,0.579,0.103,0.318
97200,0.577,0.106,0.317
97300,0.569,0.110,0.321
97400,0.575,0.111,0.314
97500,0.571,0.102,0.327
97600,0.574,0.107,0.319
97700,0.581,0.106,0.313
97800,0.596,0.097,0.307
97900,0.586,0.099,0.315
98000,0.580,0.107,0.313
98100,0.565,0.103,0.332
98200,0.560,0.109,0.331
98300,0.558,0.104,0.338
98400,0.552,0.107,0.341
98500,0.557,0.101,0.342
98600,0.567,0.109,0.324
98700,0.550,0.109,0.341
98800,0.545,0.107,0.348
98900,0.542,0.112,0.346
99000,0.543,0.112,0.345
99100,0.547,0.114,0.339
99200,0.554,0.107,0.339
99300,0.556,0.111,0.333
99400,0.554,0.123,0.323
99500,0.564,0.108,0.328
99600,0.563,0.113,0.324
99700,0.560,0.122,0.318
99800,0.542,0.136,0.322
99900,0.538,0.119,0.343
100000,0.538,0.131,0.331
