time,n_A+p,n_B,n_AB
100,0.370,0.505,0.125
200,0.318,0.502,0.180
300,0.281,0.480,0.239
400,0.245,0.477,0.278
500,0.211,0.508,0.281
600,0.239,0.495,0.266
700,0.220,0.508,0.272
800,0.217,0.526,0.257
900,0.174,0.526,0.300
1000,0.162,0.541,0.297
1100,0.150,0.572,0.278
1200,0.150,0.563,0.287
1300,0.156,0.560,0.284
1400,0.159,0.550,0.291
1500,0.162,0.541,0.297
1600,0.177,0.541,0.281
1700,0.190,0.514,0.297
1800,0.183,0.514,0.303
1900,0.174,0.554,0.272
2000,0.147,0.554,0.300
2100,0.174,0.538,0.287
2200,0.168,0.550,0.281
2300,0.156,0.529,0.315
2400,0.159,0.547,0.294
2500,0.131,0.599,0.269
2600,0.113,0.587,0.300
2700,0.110,0.590,0.300
2800,0.116,0.651,0.232
2900,0.125,0.645,0.229
3000,0.110,0.657,0.232
3100,0.107,0.697,0.196
3200,0.080,0.709,0.211
3300,0.104,0.697,0.199
3400,0.089,0.676,0.235
3500,0.086,0.651,0.263
3600,0.092,0.676,0.232
3700,0.067,0.697,0.235
3800,0.049,0.722,0.229
3900,0.052,0.746,0.202
4000,0.037,0.728,0.235
4100,0.037,0.740,0.223
4200,0.046,0.746,0.208
4300,0.055,0.746,0.199
4400,0.046,0.755,0.199
4500,0.061,0.768,0.171
4600,0.052,0.746,0.202
4700,0.061,0.758,0.180
4800,0.052,0.771,0.177
4900,0.046,0.795,0.159
5000,0.058,0.792,0.150
5100,0.046,0.810,0.144
5200,0.040,0.826,0.135
5300,0.040,0.865,0.095
5400,0.031,0.872,0.098
5500,0.028,0.875,0.098
5600,0.021,0.884,0.095
5700,0.015,0.865,0.119
5800,0.024,0.865,0.110
5900,0.012,0.853,0.135
6000,0.012,0.878,0.110
6100,0.018,0.850,0.131
6200,0.034,0.841,0.125
6300,0.037,0.820,0.144
6400,0.031,0.810,0.159
6500,0.031,0.810,0.159
6600,0.031,0.813,0.156
6700,0.037,0.835,0.128
6800,0.024,0.869,0.107
6900,0.028,0.853,0.119
7000,0.018,0.878,0.104
7100,0.021,0.859,0.119
7200,0.031,0.847,0.122
7300,0.031,0.844,0.125
7400,0.034,0.847,0.119
7500,0.043,0.823,0.135
7600,0.028,0.850,0.122
7700,0.028,0.875,0.098
7800,0.018,0.872,0.110
7900,0.015,0.878,0.107
8000,0.012,0.887,0.101
8100,0.012,0.881,0.107
8200,0.009,0.884,0.107
8300,0.012,0.859,0.128
8400,0.009,0.887,0.104
8500,0.006,0.914,0.080
8600,0.006,0.917,0.076
8700,0.006,0.936,0.058
8800,0.006,0.948,0.046
8900,0.003,0.945,0.052
9000,0.003,0.942,0.055
9100,0.003,0.951,0.046
9200,0.003,0.951,0.046
9300,0.000,0.963,0.037
9400,0.000,0.966,0.034
9500,0.006,0.966,0.028
9600,0.003,0.969,0.028
9700,0.003,0.976,0.021
9800,0.000,0.979,0.021
9900,0.000,0.979,0.021
10000,0.000,0.982,0.018
10100,0.000,0.979,0.021
10200,0.000,0.982,0.018
10300,0.000,0.988,0.012
10400,0.000,0.988,0.012
10500,0.000,0.991,0.009
10600,0.000,0.991,0.009
10700,0.000,0.994,0.006
10800,0.000,0.994,0.006
10900,0.000,0.994,0.006
11000,0.000,0.994,0.006
11100,0.000,0.994,0.006
11200,0.000,0.994,0.006
11300,0.000,0.994,0.006
11400,0.000,0.994,0.006
11500,0.000,0.994,0.006
11600,0.000,0.994,0.006
11700,0.000,0.994,0.006
11800,0.000,0.994,0.006
11900,0.000,0.994,0.006
12000,0.000,0.994,0.006
12100,0.000,0.994,0.006
12200,0.000,0.994,0.006
12300,0.000,0.994,0.006
12400,0.000,0.994,0.006
12500,0.000,0.994,0.006
12600,0.000,0.994,0.006
12700,0.000,0.994,0.006
12800,0.000,0.997,0.003
12900,0.000,0.994,0.006
13000,0.000,0.994,0.006
13100,0.000,0.997,0.003
13200,0.000,0.997,0.003
13300,0.000,0.997,0.003
13400,0.000,0.997,0.003
13500,0.000,0.997,0.003
13600,0.000,0.997,0.003
13700,0.000,0.994,0.006
13800,0.000,0.994,0.006
13900,0.000,0.997,0.003
14000,0.000,0.997,0.003
14100,0.000,1.000,0.000
