time,n_A+p,n_B,n_AB
500,0.080,0.792,0.128
1000,0.081,0.665,0.254
1500,0.083,0.628,0.289
2000,0.086,0.555,0.359
2500,0.107,0.506,0.387
3000,0.098,0.537,0.365
3500,0.096,0.518,0.386
4000,0.096,0.504,0.400
4500,0.103,0.451,0.446
5000,0.112,0.428,0.460
5500,0.134,0.400,0.466
6000,0.141,0.395,0.464
6500,0.146,0.404,0.450
7000,0.155,0.340,0.505
7500,0.182,0.297,0.521
8000,0.191,0.297,0.512
8500,0.204,0.245,0.551
9000,0.244,0.213,0.543
9500,0.330,0.136,0.534
10000,0.365,0.104,0.531
10500,0.399,0.094,0.507
11000,0.459,0.065,0.476
11500,0.543,0.041,0.416
12000,0.613,0.020,0.367
12500,0.669,0.022,0.309
13000,0.694,0.012,0.294
13500,0.731,0.005,0.264
14000,0.777,0.001,0.222
14500,0.801,0.001,0.198
15000,0.810,0.001,0.189
15500,0.802,0.001,0.197
16000,0.837,0.001,0.162
16500,0.864,0.000,0.136
17000,0.894,0.000,0.106
17500,0.924,0.000,0.076
18000,0.946,0.000,0.054
18500,0.968,0.000,0.032
19000,0.991,0.000,0.009
19500,0.996,0.000,0.004
20000,1.000,0.000,0.000
