time,n_A+p,n_B,n_AB
200,0.030,0.914,0.056
400,0.030,0.892,0.078
600,0.030,0.862,0.108
800,0.032,0.790,0.178
1000,0.032,0.762,0.206
1200,0.031,0.718,0.251
1400,0.036,0.686,0.278
1600,0.036,0.674,0.290
1800,0.039,0.660,0.301
2000,0.038,0.623,0.338
2200,0.042,0.609,0.348
2400,0.054,0.588,0.358
2600,0.049,0.571,0.380
2800,0.052,0.524,0.424
3000,0.048,0.499,0.453
3200,0.049,0.488,0.463
3400,0.047,0.463,0.490
3600,0.048,0.463,0.488
3800,0.048,0.450,0.502
4000,0.057,0.431,0.512
4200,0.055,0.444,0.502
4400,0.063,0.429,0.508
4600,0.084,0.387,0.529
4800,0.070,0.357,0.573
5000,0.101,0.328,0.570
5200,0.110,0.318,0.572
5400,0.130,0.291,0.579
5600,0.135,0.285,0.580
5800,0.145,0.275,0.580
6000,0.130,0.267,0.602
6200,0.131,0.246,0.623
6400,0.138,0.224,0.638
6600,0.137,0.227,0.636
6800,0.139,0.201,0.659
7000,0.169,0.207,0.625
7200,0.175,0.187,0.638
7400,0.192,0.188,0.620
7600,0.187,0.189,0.624
7800,0.158,0.191,0.651
8000,0.146,0.190,0.664
8200,0.167,0.194,0.639
8400,0.156,0.183,0.661
8600,0.138,0.205,0.657
8800,0.141,0.204,0.654
9000,0.162,0.166,0.672
9200,0.159,0.148,0.693
9400,0.178,0.137,0.685
9600,0.165,0.159,0.676
9800,0.159,0.151,0.690
10000,0.173,0.154,0.673
10200,0.169,0.139,0.692
10400,0.156,0.119,0.725
10600,0.225,0.123,0.652
10800,0.250,0.112,0.639
11000,0.244,0.121,0.634
11200,0.218,0.111,0.671
11400,0.242,0.112,0.646
11600,0.249,0.106,0.645
11800,0.269,0.090,0.640
12000,0.283,0.084,0.633
12200,0.270,0.093,0.637
12400,0.282,0.084,0.634
12600,0.291,0.079,0.630
12800,0.331,0.075,0.594
13000,0.376,0.072,0.552
13200,0.359,0.076,0.566
13400,0.380,0.065,0.555
13600,0.377,0.073,0.549
13800,0.336,0.058,0.606
14000,0.298,0.059,0.643
14200,0.327,0.057,0.616
14400,0.334,0.053,0.613
14600,0.320,0.047,0.633
14800,0.370,0.054,0.576
15000,0.395,0.047,0.558
15200,0.382,0.049,0.569
15400,0.371,0.048,0.581
15600,0.416,0.042,0.542
15800,0.459,0.036,0.505
16000,0.500,0.038,0.462
16200,0.505,0.037,0.458
16400,0.527,0.033,0.439
16600,0.534,0.034,0.432
16800,0.556,0.028,0.416
17000,0.520,0.027,0.453
17200,0.480,0.027,0.493
17400,0.483,0.030,0.488
17600,0.471,0.027,0.502
17800,0.491,0.024,0.485
18000,0.519,0.024,0.457
18200,0.553,0.025,0.422
18400,0.527,0.022,0.451
18600,0.532,0.020,0.448
18800,0.548,0.019,0.432
19000,0.556,0.017,0.427
19200,0.617,0.017,0.366
19400,0.628,0.018,0.354
19600,0.657,0.014,0.329
19800,0.648,0.015,0.336
20000,0.680,0.015,0.305
20200,0.651,0.015,0.335
20400,0.639,0.015,0.346
20600,0.612,0.014,0.374
20800,0.566,0.014,0.420
21000,0.555,0.013,0.432
21200,0.591,0.012,0.398
21400,0.606,0.011,0.383
21600,0.622,0.010,0.367
21800,0.601,0.013,0.385
22000,0.632,0.010,0.358
22200,0.644,0.012,0.344
22400,0.702,0.010,0.288
22600,0.707,0.009,0.284
22800,0.708,0.010,0.282
23000,0.687,0.010,0.303
23200,0.659,0.009,0.332
23400,0.611,0.009,0.381
23600,0.630,0.009,0.361
23800,0.623,0.009,0.368
24000,0.634,0.010,0.356
24200,0.640,0.010,0.350
24400,0.673,0.009,0.318
24600,0.676,0.009,0.315
24800,0.715,0.009,0.276
25000,0.682,0.009,0.310
25200,0.700,0.008,0.292
25400,0.686,0.006,0.307
25600,0.700,0.007,0.293
25800,0.713,0.007,0.280
26000,0.707,0.007,0.286
26200,0.717,0.007,0.276
26400,0.722,0.008,0.271
26600,0.728,0.008,0.264
26800,0.698,0.007,0.295
27000,0.696,0.006,0.297
27200,0.654,0.006,0.340
27400,0.664,0.006,0.330
27600,0.671,0.006,0.323
27800,0.690,0.007,0.303
28000,0.686,0.007,0.307
28200,0.670,0.006,0.324
28400,0.668,0.007,0.325
28600,0.681,0.006,0.313
28800,0.671,0.006,0.324
29000,0.668,0.008,0.325
29200,0.672,0.008,0.320
29400,0.687,0.007,0.306
29600,0.695,0.007,0.298
29800,0.683,0.006,0.311
30000,0.743,0.006,0.250
30200,0.756,0.006,0.237
30400,0.752,0.007,0.241
30600,0.706,0.006,0.288
30800,0.710,0.005,0.285
31000,0.658,0.006,0.336
31200,0.650,0.010,0.340
31400,0.664,0.008,0.328
31600,0.681,0.008,0.311
31800,0.700,0.006,0.294
32000,0.701,0.006,0.292
32200,0.744,0.006,0.250
32400,0.743,0.005,0.251
32600,0.749,0.005,0.246
32800,0.771,0.005,0.224
33000,0.758,0.005,0.237
33200,0.774,0.005,0.222
33400,0.769,0.005,0.226
33600,0.765,0.004,0.231
33800,0.781,0.004,0.215
34000,0.795,0.004,0.201
34200,0.819,0.004,0.177
34400,0.826,0.004,0.170
34600,0.813,0.004,0.183
34800,0.785,0.004,0.211
35000,0.782,0.006,0.212
35200,0.774,0.005,0.221
35400,0.764,0.005,0.231
35600,0.747,0.006,0.247
35800,0.718,0.006,0.275
36000,0.750,0.006,0.244
36200,0.735,0.005,0.260
36400,0.742,0.007,0.251
36600,0.750,0.006,0.244
36800,0.716,0.005,0.279
37000,0.700,0.006,0.293
37200,0.739,0.007,0.254
37400,0.735,0.006,0.258
37600,0.768,0.005,0.226
37800,0.756,0.005,0.239
38000,0.771,0.005,0.224
38200,0.781,0.005,0.214
38400,0.751,0.005,0.243
38600,0.789,0.005,0.205
38800,0.713,0.005,0.282
39000,0.704,0.005,0.291
39200,0.696,0.006,0.298
39400,0.668,0.011,0.321
39600,0.662,0.010,0.328
39800,0.637,0.009,0.354
40000,0.632,0.011,0.357
40200,0.620,0.012,0.368
40400,0.665,0.009,0.326
40600,0.659,0.007,0.334
40800,0.659,0.007,0.334
41000,0.647,0.008,0.345
41200,0.683,0.007,0.310
41400,0.747,0.005,0.247
41600,0.756,0.005,0.239
41800,0.754,0.006,0.240
42000,0.764,0.005,0.231
42200,0.756,0.006,0.238
42400,0.710,0.007,0.283
42600,0.710,0.006,0.284
42800,0.710,0.005,0.285
43000,0.698,0.008,0.293
43200,0.695,0.007,0.298
43400,0.706,0.006,0.288
43600,0.721,0.005,0.274
43800,0.657,0.005,0.339
44000,0.687,0.007,0.306
44200,0.694,0.006,0.300
44400,0.705,0.007,0.288
44600,0.752,0.008,0.240
44800,0.739,0.006,0.255
45000,0.707,0.005,0.288
45200,0.710,0.005,0.285
45400,0.712,0.007,0.281
45600,0.688,0.005,0.307
45800,0.640,0.006,0.354
46000,0.636,0.006,0.357
46200,0.636,0.009,0.355
46400,0.665,0.006,0.328
46600,0.604,0.009,0.387
46800,0.638,0.006,0.356
47000,0.632,0.005,0.363
47200,0.652,0.009,0.339
47400,0.661,0.008,0.331
47600,0.639,0.007,0.354
47800,0.678,0.006,0.317
48000,0.709,0.006,0.285
48200,0.701,0.006,0.293
48400,0.657,0.005,0.338
48600,0.655,0.006,0.338
48800,0.646,0.006,0.348
49000,0.679,0.007,0.314
49200,0.664,0.006,0.330
49400,0.699,0.006,0.295
49600,0.684,0.006,0.310
49800,0.725,0.006,0.269
50000,0.732,0.005,0.263
50200,0.716,0.004,0.280
50400,0.738,0.005,0.257
50600,0.726,0.004,0.269
50800,0.728,0.004,0.268
51000,0.738,0.004,0.258
51200,0.718,0.004,0.278
51400,0.748,0.004,0.248
51600,0.754,0.004,0.242
51800,0.771,0.005,0.225
52000,0.759,0.004,0.237
52200,0.750,0.004,0.246
52400,0.737,0.007,0.256
52600,0.758,0.003,0.238
52800,0.782,0.003,0.215
53000,0.807,0.003,0.190
53200,0.805,0.003,0.192
53400,0.808,0.004,0.187
53600,0.826,0.007,0.167
53800,0.834,0.004,0.162
54000,0.821,0.005,0.173
54200,0.789,0.008,0.203
54400,0.805,0.007,0.188
54600,0.820,0.005,0.176
54800,0.799,0.004,0.197
55000,0.822,0.003,0.175
55200,0.817,0.004,0.179
55400,0.775,0.005,0.220
55600,0.748,0.005,0.247
55800,0.776,0.008,0.217
56000,0.737,0.007,0.256
56200,0.714,0.015,0.272
56400,0.718,0.017,0.265
56600,0.705,0.010,0.285
56800,0.742,0.011,0.247
57000,0.724,0.008,0.269
57200,0.698,0.008,0.294
57400,0.654,0.008,0.338
57600,0.643,0.012,0.345
57800,0.664,0.010,0.327
58000,0.684,0.011,0.305
58200,0.708,0.007,0.285
58400,0.678,0.007,0.315
58600,0.680,0.009,0.311
58800,0.685,0.010,0.304
59000,0.687,0.006,0.306
59200,0.669,0.005,0.325
59400,0.725,0.006,0.268
59600,0.758,0.005,0.237
59800,0.747,0.004,0.249
60000,0.739,0.005,0.256
60200,0.756,0.005,0.240
60400,0.732,0.006,0.262
60600,0.758,0.005,0.237
60800,0.779,0.004,0.217
61000,0.800,0.005,0.195
61200,0.772,0.004,0.224
61400,0.791,0.003,0.205
61600,0.819,0.003,0.178
61800,0.831,0.003,0.166
62000,0.830,0.005,0.165
62200,0.830,0.005,0.165
62400,0.812,0.003,0.185
62600,0.838,0.003,0.158
62800,0.844,0.005,0.151
63000,0.806,0.004,0.190
63200,0.750,0.005,0.244
63400,0.753,0.005,0.242
63600,0.729,0.006,0.264
63800,0.709,0.003,0.288
64000,0.694,0.003,0.303
64200,0.724,0.004,0.272
64400,0.731,0.003,0.266
64600,0.762,0.003,0.235
64800,0.747,0.005,0.248
65000,0.789,0.002,0.209
65200,0.772,0.003,0.225
65400,0.778,0.002,0.220
65600,0.798,0.002,0.200
65800,0.814,0.003,0.183
66000,0.797,0.002,0.200
66200,0.810,0.002,0.188
66400,0.802,0.002,0.196
66600,0.800,0.002,0.198
66800,0.807,0.003,0.189
67000,0.810,0.003,0.187
67200,0.818,0.002,0.179
67400,0.840,0.002,0.158
67600,0.811,0.002,0.186
67800,0.827,0.002,0.171
68000,0.828,0.003,0.169
68200,0.834,0.003,0.163
68400,0.835,0.004,0.161
68600,0.820,0.005,0.175
68800,0.804,0.004,0.192
69000,0.821,0.006,0.173
69200,0.833,0.005,0.162
69400,0.815,0.003,0.181
69600,0.790,0.004,0.206
69800,0.772,0.006,0.222
70000,0.772,0.004,0.224
70200,0.741,0.005,0.254
70400,0.757,0.003,0.239
70600,0.748,0.003,0.249
70800,0.749,0.003,0.248
71000,0.766,0.003,0.231
71200,0.764,0.003,0.233
71400,0.751,0.005,0.244
71600,0.733,0.003,0.264
71800,0.724,0.005,0.272
72000,0.746,0.005,0.249
72200,0.768,0.003,0.228
72400,0.781,0.002,0.217
72600,0.802,0.002,0.196
72800,0.813,0.002,0.185
73000,0.794,0.003,0.203
73200,0.827,0.003,0.170
73400,0.824,0.003,0.173
73600,0.841,0.003,0.157
73800,0.829,0.003,0.168
74000,0.804,0.003,0.193
74200,0.789,0.003,0.208
74400,0.793,0.003,0.204
74600,0.771,0.003,0.225
74800,0.761,0.004,0.235
75000,0.729,0.005,0.266
75200,0.701,0.005,0.294
75400,0.675,0.005,0.320
75600,0.690,0.004,0.306
75800,0.736,0.004,0.260
76000,0.768,0.005,0.228
76200,0.756,0.005,0.239
76400,0.797,0.003,0.200
76600,0.810,0.003,0.187
76800,0.803,0.003,0.194
77000,0.839,0.005,0.157
77200,0.838,0.004,0.158
77400,0.827,0.004,0.169
77600,0.848,0.003,0.149
77800,0.840,0.003,0.157
78000,0.849,0.002,0.148
78200,0.852,0.002,0.146
78400,0.877,0.002,0.121
78600,0.877,0.002,0.120
78800,0.871,0.002,0.127
79000,0.831,0.003,0.166
79200,0.806,0.003,0.192
79400,0.816,0.003,0.181
79600,0.804,0.002,0.193
79800,0.797,0.004,0.198
80000,0.774,0.003,0.222
80200,0.763,0.003,0.235
80400,0.777,0.005,0.218
80600,0.775,0.003,0.222
80800,0.773,0.003,0.224
81000,0.780,0.002,0.218
81200,0.779,0.002,0.219
81400,0.774,0.002,0.225
81600,0.751,0.003,0.246
81800,0.763,0.004,0.233
82000,0.765,0.003,0.232
82200,0.760,0.004,0.236
82400,0.774,0.002,0.224
82600,0.744,0.003,0.252
82800,0.742,0.003,0.256
83000,0.715,0.004,0.281
83200,0.715,0.004,0.281
83400,0.721,0.003,0.276
83600,0.708,0.002,0.289
83800,0.747,0.003,0.249
84000,0.756,0.005,0.240
84200,0.735,0.003,0.261
84400,0.753,0.004,0.243
84600,0.726,0.010,0.264
84800,0.694,0.010,0.296
85000,0.688,0.005,0.307
85200,0.705,0.003,0.292
85400,0.720,0.009,0.271
85600,0.721,0.008,0.271
85800,0.678,0.006,0.316
86000,0.684,0.006,0.310
86200,0.732,0.005,0.263
86400,0.732,0.003,0.265
86600,0.732,0.003,0.265
86800,0.754,0.002,0.244
87000,0.769,0.002,0.229
87200,0.761,0.003,0.235
87400,0.791,0.002,0.207
87600,0.771,0.002,0.226
87800,0.775,0.002,0.222
88000,0.799,0.002,0.199
88200,0.802,0.002,0.196
88400,0.794,0.003,0.203
88600,0.788,0.004,0.208
88800,0.792,0.003,0.205
89000,0.805,0.002,0.193
89200,0.797,0.003,0.200
89400,0.785,0.004,0.211
89600,0.806,0.005,0.190
89800,0.766,0.005,0.229
90000,0.792,0.005,0.204
90200,0.807,0.004,0.189
90400,0.793,0.003,0.204
90600,0.800,0.004,0.196
90800,0.787,0.003,0.210
91000,0.770,0.005,0.225
91200,0.760,0.005,0.235
91400,0.732,0.003,0.265
91600,0.728,0.003,0.268
91800,0.692,0.003,0.305
92000,0.690,0.004,0.306
92200,0.692,0.003,0.305
92400,0.713,0.008,0.279
92600,0.712,0.008,0.279
92800,0.729,0.008,0.263
93000,0.754,0.006,0.240
93200,0.731,0.006,0.264
93400,0.754,0.004,0.242
93600,0.712,0.003,0.285
93800,0.733,0.004,0.263
94000,0.698,0.005,0.296
94200,0.687,0.005,0.307
94400,0.655,0.007,0.338
94600,0.612,0.009,0.379
94800,0.635,0.006,0.359
95000,0.595,0.003,0.401
95200,0.629,0.005,0.367
95400,0.656,0.005,0.339
95600,0.674,0.004,0.322
95800,0.737,0.005,0.258
96000,0.682,0.006,0.312
96200,0.668,0.006,0.326
96400,0.636,0.006,0.358
96600,0.633,0.006,0.361
96800,0.620,0.006,0.374
97000,0.659,0.007,0.334
97200,0.645,0.006,0.349
97400,0.652,0.008,0.340
97600,0.653,0.006,0.341
97800,0.640,0.005,0.355
98000,0.649,0.005,0.346
98200,0.640,0.006,0.354
98400,0.673,0.010,0.317
98600,0.698,0.006,0.295
98800,0.721,0.006,0.273
99000,0.713,0.004,0.283
99200,0.718,0.003,0.278
99400,0.711,0.004,0.285
99600,0.678,0.004,0.318
99800,0.638,0.006,0.356
100000,0.647,0.007,0.346
100200,0.639,0.009,0.352
100400,0.647,0.009,0.344
100600,0.683,0.007,0.310
100800,0.671,0.005,0.324
101000,0.699,0.006,0.295
101200,0.672,0.005,0.323
101400,0.664,0.003,0.332
101600,0.637,0.003,0.359
101800,0.607,0.005,0.388
102000,0.611,0.005,0.384
102200,0.609,0.007,0.384
102400,0.633,0.005,0.362
102600,0.669,0.003,0.328
102800,0.692,0.003,0.305
103000,0.702,0.002,0.296
103200,0.697,0.005,0.298
103400,0.705,0.003,0.292
103600,0.714,0.003,0.282
103800,0.715,0.003,0.282
104000,0.714,0.003,0.282
104200,0.729,0.002,0.268
104400,0.757,0.002,0.240
104600,0.753,0.003,0.243
104800,0.748,0.002,0.250
105000,0.715,0.003,0.282
105200,0.729,0.003,0.268
105400,0.758,0.003,0.239
105600,0.728,0.005,0.267
105800,0.733,0.005,0.263
106000,0.718,0.003,0.279
106200,0.696,0.002,0.302
106400,0.692,0.002,0.306
106600,0.691,0.002,0.307
106800,0.688,0.002,0.310
107000,0.665,0.003,0.332
107200,0.661,0.003,0.336
107400,0.665,0.002,0.333
107600,0.673,0.003,0.324
107800,0.731,0.002,0.267
108000,0.741,0.003,0.256
108200,0.722,0.005,0.272
108400,0.728,0.004,0.268
108600,0.722,0.006,0.272
108800,0.718,0.005,0.278
109000,0.696,0.003,0.301
109200,0.683,0.002,0.314
109400,0.685,0.005,0.310
109600,0.661,0.003,0.336
109800,0.682,0.005,0.313
110000,0.708,0.004,0.288
110200,0.677,0.003,0.320
110400,0.683,0.003,0.314
110600,0.702,0.002,0.296
110800,0.717,0.002,0.282
111000,0.732,0.003,0.265
111200,0.750,0.003,0.247
111400,0.735,0.002,0.263
111600,0.732,0.002,0.266
111800,0.757,0.002,0.242
112000,0.779,0.002,0.219
112200,0.769,0.002,0.229
112400,0.789,0.002,0.209
112600,0.757,0.003,0.240
112800,0.749,0.002,0.249
113000,0.748,0.002,0.250
113200,0.679,0.002,0.320
113400,0.687,0.002,0.311
113600,0.675,0.003,0.322
113800,0.676,0.003,0.320
114000,0.681,0.002,0.317
114200,0.680,0.003,0.317
114400,0.714,0.007,0.279
114600,0.690,0.006,0.304
114800,0.725,0.005,0.271
115000,0.726,0.003,0.270
115200,0.725,0.003,0.272
115400,0.742,0.003,0.255
115600,0.744,0.005,0.251
115800,0.723,0.004,0.273
116000,0.697,0.003,0.300
116200,0.746,0.006,0.249
116400,0.767,0.003,0.230
116600,0.751,0.005,0.244
116800,0.802,0.003,0.195
117000,0.811,0.002,0.187
117200,0.803,0.005,0.193
117400,0.810,0.005,0.186
117600,0.779,0.003,0.218
117800,0.789,0.002,0.210
118000,0.793,0.002,0.205
118200,0.818,0.001,0.181
118400,0.824,0.001,0.175
118600,0.837,0.001,0.162
118800,0.835,0.001,0.164
119000,0.825,0.001,0.174
119200,0.846,0.001,0.153
119400,0.821,0.001,0.178
119600,0.793,0.003,0.203
119800,0.824,0.003,0.173
120000,0.816,0.002,0.182
120200,0.800,0.002,0.197
120400,0.778,0.002,0.219
120600,0.797,0.003,0.200
120800,0.796,0.002,0.202
121000,0.813,0.003,0.185
121200,0.817,0.002,0.181
121400,0.818,0.002,0.180
121600,0.789,0.002,0.209
121800,0.782,0.001,0.217
122000,0.761,0.003,0.236
122200,0.764,0.003,0.233
122400,0.733,0.005,0.263
122600,0.660,0.008,0.332
122800,0.612,0.008,0.381
123000,0.667,0.002,0.331
123200,0.644,0.003,0.353
123400,0.669,0.003,0.328
123600,0.666,0.003,0.330
123800,0.714,0.004,0.282
124000,0.707,0.003,0.290
124200,0.679,0.005,0.316
124400,0.653,0.003,0.344
124600,0.679,0.002,0.318
124800,0.699,0.003,0.297
125000,0.705,0.003,0.292
125200,0.670,0.004,0.326
125400,0.653,0.003,0.344
125600,0.672,0.003,0.325
125800,0.678,0.005,0.317
126000,0.701,0.002,0.296
126200,0.719,0.002,0.278
126400,0.714,0.002,0.284
126600,0.770,0.005,0.225
126800,0.762,0.005,0.233
127000,0.739,0.005,0.257
127200,0.735,0.005,0.261
127400,0.747,0.005,0.247
127600,0.718,0.003,0.279
127800,0.664,0.005,0.332
128000,0.666,0.003,0.331
128200,0.685,0.003,0.313
128400,0.668,0.002,0.331
128600,0.693,0.003,0.304
128800,0.691,0.002,0.307
129000,0.654,0.002,0.344
129200,0.648,0.003,0.349
129400,0.700,0.005,0.295
129600,0.708,0.004,0.288
129800,0.736,0.004,0.260
130000,0.730,0.006,0.264
130200,0.726,0.005,0.269
130400,0.717,0.006,0.278
130600,0.729,0.006,0.265
130800,0.774,0.003,0.224
131000,0.785,0.002,0.213
131200,0.736,0.002,0.261
131400,0.729,0.005,0.266
131600,0.716,0.005,0.279
131800,0.735,0.004,0.261
132000,0.720,0.003,0.276
132200,0.728,0.005,0.267
132400,0.742,0.004,0.254
132600,0.775,0.004,0.221
132800,0.806,0.003,0.190
133000,0.815,0.003,0.182
133200,0.828,0.003,0.169
133400,0.831,0.003,0.166
133600,0.828,0.003,0.169
133800,0.808,0.002,0.190
134000,0.810,0.003,0.186
134200,0.818,0.004,0.178
134400,0.806,0.003,0.191
134600,0.828,0.003,0.169
134800,0.834,0.003,0.162
135000,0.848,0.003,0.148
135200,0.860,0.003,0.137
135400,0.853,0.002,0.145
135600,0.859,0.001,0.140
135800,0.870,0.002,0.128
136000,0.868,0.002,0.129
136200,0.867,0.002,0.131
136400,0.888,0.002,0.110
136600,0.898,0.001,0.101
136800,0.912,0.001,0.087
137000,0.920,0.001,0.079
137200,0.912,0.001,0.087
137400,0.925,0.001,0.073
137600,0.931,0.001,0.068
137800,0.937,0.001,0.062
138000,0.891,0.001,0.108
138200,0.885,0.001,0.114
138400,0.899,0.001,0.100
138600,0.886,0.001,0.113
138800,0.879,0.001,0.120
139000,0.852,0.001,0.147
139200,0.868,0.001,0.130
139400,0.874,0.001,0.125
139600,0.845,0.001,0.154
139800,0.843,0.001,0.156
140000,0.830,0.002,0.168
140200,0.832,0.001,0.166
140400,0.849,0.001,0.150
140600,0.858,0.001,0.141
140800,0.864,0.001,0.134
141000,0.842,0.001,0.157
141200,0.871,0.001,0.128
141400,0.879,0.001,0.120
141600,0.888,0.001,0.111
141800,0.899,0.001,0.100
142000,0.904,0.001,0.095
142200,0.880,0.001,0.119
142400,0.897,0.001,0.102
142600,0.908,0.001,0.091
142800,0.891,0.001,0.108
143000,0.906,0.001,0.093
143200,0.913,0.001,0.086
143400,0.902,0.001,0.097
143600,0.905,0.001,0.094
143800,0.902,0.001,0.097
144000,0.924,0.001,0.075
144200,0.919,0.001,0.080
144400,0.916,0.001,0.083
144600,0.896,0.001,0.103
144800,0.895,0.001,0.104
145000,0.904,0.001,0.095
145200,0.888,0.001,0.111
145400,0.877,0.001,0.122
145600,0.866,0.001,0.133
145800,0.877,0.001,0.122
146000,0.871,0.002,0.127
146200,0.882,0.002,0.116
146400,0.866,0.002,0.132
146600,0.829,0.002,0.169
146800,0.789,0.002,0.209
147000,0.819,0.001,0.180
147200,0.792,0.001,0.207
147400,0.775,0.002,0.223
147600,0.736,0.003,0.261
147800,0.731,0.003,0.267
148000,0.719,0.005,0.276
148200,0.724,0.003,0.273
148400,0.718,0.005,0.276
148600,0.711,0.006,0.283
148800,0.700,0.005,0.295
149000,0.714,0.006,0.279
149200,0.702,0.005,0.293
149400,0.678,0.004,0.318
149600,0.690,0.007,0.303
149800,0.694,0.006,0.300
150000,0.739,0.005,0.257
150200,0.781,0.003,0.216
150400,0.756,0.002,0.242
150600,0.729,0.003,0.268
150800,0.700,0.003,0.297
151000,0.676,0.004,0.320
151200,0.711,0.003,0.286
151400,0.668,0.005,0.327
151600,0.674,0.002,0.324
151800,0.702,0.002,0.296
152000,0.712,0.001,0.286
152200,0.725,0.003,0.272
152400,0.729,0.002,0.269
152600,0.747,0.005,0.248
152800,0.714,0.001,0.285
153000,0.733,0.001,0.265
153200,0.767,0.001,0.232
153400,0.776,0.001,0.223
153600,0.799,0.001,0.201
153800,0.807,0.001,0.192
154000,0.777,0.001,0.222
154200,0.764,0.001,0.235
154400,0.780,0.001,0.219
154600,0.799,0.001,0.201
154800,0.801,0.001,0.198
155000,0.822,0.001,0.177
155200,0.788,0.001,0.212
155400,0.774,0.001,0.225
155600,0.796,0.001,0.203
155800,0.788,0.002,0.211
156000,0.806,0.001,0.193
156200,0.815,0.001,0.184
156400,0.817,0.001,0.182
156600,0.796,0.002,0.203
156800,0.800,0.001,0.199
157000,0.832,0.001,0.167
157200,0.821,0.001,0.179
157400,0.821,0.001,0.179
157600,0.815,0.001,0.185
157800,0.813,0.001,0.186
158000,0.797,0.001,0.203
158200,0.786,0.001,0.213
158400,0.783,0.001,0.216
158600,0.790,0.001,0.209
158800,0.821,0.001,0.179
159000,0.800,0.001,0.200
159200,0.787,0.001,0.212
159400,0.771,0.003,0.226
159600,0.767,0.001,0.232
159800,0.732,0.001,0.267
160000,0.701,0.001,0.297
160200,0.730,0.002,0.268
160400,0.751,0.002,0.247
160600,0.753,0.003,0.244
160800,0.699,0.001,0.300
161000,0.708,0.003,0.289
161200,0.725,0.001,0.274
161400,0.726,0.001,0.273
161600,0.710,0.001,0.290
161800,0.731,0.004,0.265
162000,0.754,0.001,0.245
162200,0.769,0.001,0.230
162400,0.764,0.001,0.235
162600,0.735,0.001,0.264
162800,0.756,0.001,0.244
163000,0.747,0.001,0.252
163200,0.746,0.001,0.254
163400,0.705,0.001,0.295
163600,0.723,0.001,0.276
163800,0.739,0.001,0.260
164000,0.757,0.002,0.240
164200,0.754,0.006,0.240
164400,0.746,0.005,0.250
164600,0.771,0.003,0.226
164800,0.755,0.002,0.243
165000,0.767,0.002,0.232
165200,0.737,0.003,0.260
165400,0.734,0.003,0.263
165600,0.714,0.003,0.283
165800,0.683,0.009,0.308
166000,0.666,0.008,0.327
166200,0.676,0.009,0.315
166400,0.650,0.006,0.343
166600,0.626,0.003,0.371
166800,0.614,0.002,0.384
167000,0.584,0.004,0.412
167200,0.604,0.003,0.393
167400,0.629,0.003,0.368
167600,0.661,0.005,0.334
167800,0.669,0.004,0.327
168000,0.676,0.003,0.320
168200,0.692,0.003,0.305
168400,0.707,0.002,0.292
168600,0.695,0.002,0.303
168800,0.658,0.002,0.340
169000,0.675,0.003,0.321
169200,0.678,0.006,0.317
169400,0.663,0.005,0.332
169600,0.671,0.003,0.327
169800,0.661,0.002,0.336
170000,0.684,0.003,0.313
170200,0.744,0.003,0.253
170400,0.710,0.003,0.288
170600,0.751,0.003,0.246
170800,0.770,0.003,0.227
171000,0.750,0.003,0.247
171200,0.728,0.003,0.268
171400,0.693,0.003,0.303
171600,0.679,0.002,0.319
171800,0.687,0.006,0.307
172000,0.701,0.003,0.295
172200,0.683,0.005,0.313
172400,0.682,0.005,0.313
172600,0.682,0.007,0.311
172800,0.652,0.008,0.340
173000,0.647,0.008,0.345
173200,0.618,0.007,0.375
173400,0.618,0.008,0.374
173600,0.639,0.007,0.354
173800,0.663,0.008,0.329
174000,0.656,0.007,0.337
174200,0.664,0.008,0.328
174400,0.678,0.007,0.315
174600,0.671,0.009,0.320
174800,0.659,0.006,0.335
175000,0.703,0.005,0.293
175200,0.721,0.003,0.276
175400,0.676,0.005,0.319
175600,0.679,0.004,0.317
175800,0.668,0.003,0.329
176000,0.706,0.002,0.292
176200,0.718,0.002,0.279
176400,0.714,0.002,0.284
176600,0.732,0.002,0.266
176800,0.763,0.002,0.235
177000,0.764,0.002,0.234
177200,0.768,0.002,0.230
177400,0.791,0.003,0.206
177600,0.786,0.002,0.212
177800,0.820,0.002,0.178
178000,0.821,0.001,0.178
178200,0.828,0.001,0.171
178400,0.822,0.002,0.176
178600,0.834,0.001,0.165
178800,0.830,0.001,0.169
179000,0.854,0.001,0.145
179200,0.856,0.002,0.142
179400,0.871,0.001,0.127
179600,0.875,0.001,0.124
179800,0.859,0.001,0.140
180000,0.796,0.001,0.203
180200,0.836,0.001,0.163
180400,0.831,0.001,0.168
180600,0.828,0.001,0.171
180800,0.800,0.001,0.199
181000,0.799,0.001,0.200
181200,0.818,0.001,0.181
181400,0.830,0.001,0.169
181600,0.832,0.001,0.168
181800,0.817,0.000,0.183
182000,0.825,0.000,0.175
182200,0.827,0.000,0.173
182400,0.797,0.000,0.203
182600,0.799,0.000,0.201
182800,0.777,0.000,0.223
183000,0.795,0.000,0.205
183200,0.810,0.000,0.190
183400,0.804,0.001,0.196
183600,0.828,0.001,0.171
183800,0.834,0.000,0.166
184000,0.847,0.000,0.153
184200,0.846,0.001,0.153
184400,0.861,0.000,0.139
184600,0.841,0.000,0.159
184800,0.836,0.000,0.164
185000,0.811,0.000,0.189
185200,0.845,0.000,0.155
185400,0.854,0.000,0.146
185600,0.821,0.000,0.179
185800,0.841,0.001,0.158
186000,0.845,0.000,0.155
186200,0.847,0.001,0.152
186400,0.861,0.001,0.137
186600,0.860,0.000,0.140
186800,0.854,0.000,0.146
187000,0.818,0.000,0.182
187200,0.826,0.000,0.174
187400,0.831,0.000,0.169
187600,0.828,0.000,0.172
187800,0.834,0.000,0.166
188000,0.860,0.000,0.140
188200,0.849,0.000,0.151
188400,0.850,0.000,0.150
188600,0.846,0.001,0.153
188800,0.849,0.000,0.151
189000,0.853,0.000,0.147
189200,0.866,0.000,0.134
189400,0.863,0.000,0.137
189600,0.854,0.000,0.146
189800,0.853,0.000,0.147
190000,0.844,0.000,0.156
190200,0.832,0.000,0.168
190400,0.875,0.001,0.123
190600,0.878,0.001,0.122
190800,0.870,0.001,0.129
191000,0.868,0.001,0.132
191200,0.861,0.001,0.138
191400,0.866,0.001,0.133
191600,0.868,0.001,0.131
191800,0.864,0.000,0.136
192000,0.867,0.000,0.133
192200,0.848,0.000,0.152
192400,0.840,0.000,0.160
192600,0.851,0.000,0.149
192800,0.841,0.001,0.158
193000,0.841,0.000,0.159
193200,0.866,0.000,0.134
193400,0.868,0.000,0.132
193600,0.870,0.000,0.130
193800,0.877,0.000,0.123
194000,0.868,0.000,0.132
194200,0.855,0.000,0.145
194400,0.858,0.000,0.142
194600,0.829,0.000,0.171
194800,0.844,0.000,0.156
195000,0.820,0.000,0.180
195200,0.847,0.000,0.153
195400,0.845,0.001,0.155
195600,0.856,0.001,0.143
195800,0.851,0.000,0.149
196000,0.864,0.000,0.136
196200,0.820,0.000,0.180
196400,0.813,0.000,0.187
196600,0.799,0.000,0.201
196800,0.765,0.000,0.235
197000,0.779,0.000,0.221
197200,0.785,0.001,0.214
197400,0.796,0.000,0.204
197600,0.790,0.000,0.210
197800,0.808,0.001,0.190
198000,0.763,0.001,0.236
198200,0.808,0.001,0.192
198400,0.792,0.000,0.208
198600,0.816,0.000,0.184
198800,0.839,0.000,0.161
199000,0.842,0.000,0.158
199200,0.824,0.001,0.175
199400,0.827,0.001,0.172
199600,0.822,0.000,0.178
199800,0.804,0.000,0.196
200000,0.767,0.000,0.233
200200,0.772,0.000,0.228
200400,0.759,0.000,0.241
200600,0.783,0.000,0.217
200800,0.770,0.002,0.228
201000,0.774,0.002,0.225
201200,0.768,0.002,0.231
201400,0.768,0.002,0.231
201600,0.750,0.002,0.248
201800,0.782,0.002,0.217
202000,0.772,0.002,0.226
202200,0.794,0.002,0.204
202400,0.815,0.002,0.183
202600,0.815,0.002,0.183
202800,0.808,0.003,0.189
203000,0.814,0.003,0.183
203200,0.811,0.001,0.188
203400,0.819,0.002,0.179
203600,0.803,0.000,0.197
203800,0.788,0.000,0.212
204000,0.798,0.002,0.200
204200,0.806,0.001,0.193
204400,0.820,0.001,0.179
204600,0.810,0.001,0.190
204800,0.797,0.000,0.203
205000,0.813,0.000,0.187
205200,0.803,0.000,0.197
205400,0.832,0.001,0.168
205600,0.834,0.002,0.165
205800,0.863,0.001,0.136
206000,0.857,0.000,0.143
206200,0.846,0.001,0.153
206400,0.843,0.001,0.156
206600,0.864,0.002,0.134
206800,0.873,0.001,0.127
207000,0.867,0.000,0.133
207200,0.862,0.001,0.137
207400,0.861,0.000,0.139
207600,0.862,0.000,0.138
207800,0.868,0.001,0.130
208000,0.868,0.000,0.132
208200,0.852,0.000,0.148
208400,0.866,0.000,0.134
208600,0.856,0.000,0.144
208800,0.876,0.000,0.124
209000,0.885,0.000,0.115
209200,0.881,0.000,0.119
209400,0.886,0.000,0.114
209600,0.881,0.000,0.119
209800,0.894,0.000,0.106
210000,0.889,0.000,0.111
210200,0.907,0.000,0.093
210400,0.921,0.000,0.079
210600,0.922,0.000,0.078
210800,0.928,0.000,0.072
211000,0.927,0.000,0.073
211200,0.938,0.000,0.062
211400,0.941,0.000,0.059
211600,0.908,0.000,0.092
211800,0.912,0.000,0.088
212000,0.878,0.000,0.122
212200,0.894,0.000,0.106
212400,0.913,0.000,0.087
212600,0.873,0.000,0.127
212800,0.885,0.000,0.115
213000,0.877,0.000,0.123
213200,0.876,0.000,0.124
213400,0.842,0.000,0.158
213600,0.838,0.001,0.161
213800,0.817,0.001,0.183
214000,0.800,0.000,0.200
214200,0.778,0.001,0.221
214400,0.782,0.001,0.217
214600,0.764,0.001,0.235
214800,0.771,0.001,0.228
215000,0.732,0.001,0.267
215200,0.717,0.003,0.279
215400,0.719,0.001,0.281
215600,0.737,0.000,0.263
215800,0.728,0.000,0.272
216000,0.754,0.000,0.246
216200,0.766,0.001,0.233
216400,0.743,0.003,0.253
216600,0.764,0.001,0.235
216800,0.770,0.001,0.229
217000,0.788,0.001,0.212
217200,0.788,0.002,0.210
217400,0.815,0.001,0.184
217600,0.811,0.001,0.189
217800,0.819,0.003,0.178
218000,0.808,0.002,0.190
218200,0.827,0.002,0.171
218400,0.823,0.002,0.175
218600,0.815,0.001,0.184
218800,0.799,0.001,0.200
219000,0.827,0.001,0.172
219200,0.846,0.001,0.153
219400,0.864,0.001,0.136
219600,0.866,0.001,0.134
219800,0.846,0.001,0.153
220000,0.851,0.001,0.148
220200,0.867,0.001,0.132
220400,0.865,0.001,0.134
220600,0.831,0.001,0.168
220800,0.805,0.001,0.194
221000,0.832,0.001,0.166
221200,0.804,0.001,0.194
221400,0.718,0.001,0.281
221600,0.719,0.002,0.278
221800,0.759,0.001,0.240
222000,0.754,0.001,0.245
222200,0.740,0.000,0.260
222400,0.760,0.001,0.239
222600,0.776,0.002,0.221
222800,0.767,0.002,0.231
223000,0.747,0.001,0.251
223200,0.776,0.001,0.224
223400,0.785,0.001,0.214
223600,0.747,0.001,0.251
223800,0.738,0.001,0.261
224000,0.729,0.001,0.270
224200,0.764,0.002,0.235
224400,0.718,0.002,0.280
224600,0.697,0.002,0.300
224800,0.707,0.003,0.289
225000,0.689,0.001,0.310
225200,0.671,0.002,0.327
225400,0.643,0.002,0.354
225600,0.653,0.002,0.345
225800,0.649,0.002,0.349
226000,0.663,0.006,0.331
226200,0.646,0.005,0.349
226400,0.616,0.005,0.380
226600,0.661,0.002,0.337
226800,0.701,0.002,0.297
227000,0.686,0.002,0.311
227200,0.677,0.005,0.318
227400,0.668,0.003,0.329
227600,0.700,0.003,0.297
227800,0.718,0.003,0.279
228000,0.724,0.003,0.272
228200,0.721,0.002,0.278
228400,0.668,0.001,0.331
228600,0.704,0.001,0.295
228800,0.688,0.002,0.310
229000,0.673,0.005,0.321
229200,0.697,0.006,0.297
229400,0.697,0.005,0.297
229600,0.717,0.001,0.282
229800,0.692,0.000,0.308
230000,0.672,0.000,0.328
230200,0.655,0.000,0.345
230400,0.679,0.000,0.321
230600,0.698,0.000,0.302
230800,0.707,0.000,0.293
231000,0.707,0.001,0.292
231200,0.687,0.001,0.313
231400,0.643,0.001,0.357
231600,0.630,0.002,0.368
231800,0.639,0.001,0.361
232000,0.646,0.002,0.352
232200,0.675,0.002,0.323
232400,0.671,0.001,0.328
232600,0.669,0.003,0.328
232800,0.622,0.005,0.374
233000,0.584,0.003,0.413
233200,0.600,0.004,0.396
233400,0.604,0.003,0.393
233600,0.570,0.001,0.428
233800,0.596,0.003,0.401
234000,0.589,0.002,0.409
234200,0.618,0.001,0.381
234400,0.659,0.002,0.339
234600,0.658,0.004,0.338
234800,0.634,0.003,0.363
235000,0.641,0.002,0.357
235200,0.629,0.002,0.370
235400,0.640,0.004,0.356
235600,0.670,0.003,0.327
235800,0.653,0.001,0.346
236000,0.688,0.002,0.310
236200,0.696,0.001,0.304
236400,0.690,0.003,0.307
236600,0.669,0.003,0.328
236800,0.665,0.002,0.332
237000,0.693,0.002,0.306
237200,0.687,0.001,0.312
237400,0.713,0.001,0.286
237600,0.724,0.001,0.276
237800,0.740,0.001,0.260
238000,0.721,0.000,0.279
238200,0.729,0.001,0.271
238400,0.762,0.001,0.237
238600,0.773,0.000,0.227
238800,0.765,0.000,0.235
239000,0.756,0.002,0.243
239200,0.767,0.002,0.232
239400,0.791,0.002,0.207
239600,0.768,0.003,0.229
239800,0.769,0.003,0.227
240000,0.772,0.004,0.224
240200,0.782,0.002,0.217
240400,0.801,0.001,0.198
240600,0.784,0.001,0.215
240800,0.800,0.001,0.199
241000,0.788,0.000,0.212
241200,0.815,0.000,0.185
241400,0.788,0.001,0.212
241600,0.750,0.000,0.250
241800,0.773,0.000,0.227
242000,0.758,0.000,0.242
242200,0.761,0.000,0.239
242400,0.771,0.002,0.227
242600,0.755,0.003,0.242
242800,0.749,0.001,0.250
243000,0.747,0.002,0.251
243200,0.736,0.004,0.260
243400,0.732,0.001,0.267
243600,0.715,0.003,0.282
243800,0.724,0.007,0.269
244000,0.715,0.003,0.281
244200,0.732,0.003,0.264
244400,0.708,0.003,0.288
244600,0.711,0.003,0.286
244800,0.692,0.001,0.307
245000,0.705,0.003,0.292
245200,0.743,0.001,0.256
245400,0.751,0.001,0.248
245600,0.742,0.002,0.256
245800,0.729,0.002,0.268
246000,0.688,0.005,0.307
246200,0.715,0.005,0.280
246400,0.700,0.005,0.295
246600,0.707,0.007,0.286
246800,0.720,0.003,0.277
247000,0.740,0.003,0.257
247200,0.740,0.003,0.257
247400,0.757,0.002,0.241
247600,0.763,0.002,0.235
247800,0.763,0.003,0.233
248000,0.744,0.002,0.254
248200,0.767,0.002,0.231
248400,0.788,0.002,0.210
248600,0.779,0.002,0.219
248800,0.787,0.002,0.211
249000,0.803,0.002,0.195
249200,0.806,0.002,0.192
249400,0.807,0.002,0.191
249600,0.832,0.001,0.166
249800,0.840,0.001,0.159
250000,0.861,0.001,0.137
250200,0.860,0.001,0.139
250400,0.858,0.001,0.141
250600,0.852,0.001,0.148
250800,0.841,0.001,0.158
251000,0.832,0.003,0.165
251200,0.834,0.003,0.162
251400,0.833,0.003,0.164
251600,0.794,0.004,0.202
251800,0.778,0.005,0.217
252000,0.761,0.002,0.237
252200,0.748,0.003,0.249
252400,0.748,0.003,0.249
252600,0.736,0.001,0.263
252800,0.758,0.002,0.239
253000,0.787,0.002,0.211
253200,0.804,0.001,0.194
253400,0.826,0.001,0.173
253600,0.821,0.001,0.178
253800,0.830,0.001,0.169
254000,0.824,0.001,0.175
254200,0.846,0.001,0.153
254400,0.825,0.001,0.173
254600,0.841,0.001,0.158
254800,0.842,0.001,0.158
255000,0.850,0.001,0.149
255200,0.823,0.001,0.176
255400,0.843,0.001,0.156
255600,0.838,0.001,0.161
255800,0.866,0.001,0.133
256000,0.865,0.003,0.132
256200,0.860,0.002,0.137
256400,0.860,0.002,0.139
256600,0.866,0.002,0.132
256800,0.854,0.002,0.144
257000,0.859,0.001,0.140
257200,0.856,0.001,0.144
257400,0.845,0.001,0.155
257600,0.846,0.002,0.151
257800,0.867,0.002,0.131
258000,0.877,0.001,0.122
258200,0.879,0.001,0.120
258400,0.881,0.001,0.118
258600,0.902,0.001,0.097
258800,0.912,0.001,0.087
259000,0.921,0.001,0.078
259200,0.931,0.001,0.069
259400,0.930,0.001,0.069
259600,0.938,0.000,0.062
259800,0.944,0.000,0.056
260000,0.941,0.000,0.059
260200,0.941,0.000,0.059
260400,0.944,0.000,0.056
260600,0.941,0.000,0.059
260800,0.942,0.000,0.058
261000,0.948,0.000,0.052
261200,0.952,0.000,0.048
261400,0.938,0.000,0.062
261600,0.925,0.000,0.075
261800,0.902,0.000,0.098
262000,0.910,0.000,0.090
262200,0.922,0.000,0.078
262400,0.913,0.000,0.087
262600,0.924,0.000,0.076
262800,0.932,0.000,0.068
263000,0.937,0.000,0.063
263200,0.930,0.000,0.070
263400,0.924,0.000,0.076
263600,0.937,0.001,0.062
263800,0.930,0.001,0.069
264000,0.903,0.001,0.096
264200,0.909,0.000,0.091
264400,0.919,0.000,0.081
264600,0.919,0.000,0.081
264800,0.914,0.000,0.086
265000,0.910,0.000,0.090
265200,0.913,0.000,0.087
265400,0.921,0.000,0.079
265600,0.912,0.000,0.088
265800,0.895,0.000,0.105
266000,0.913,0.000,0.087
266200,0.901,0.000,0.099
266400,0.884,0.000,0.116
266600,0.882,0.001,0.117
266800,0.874,0.001,0.125
267000,0.875,0.001,0.123
267200,0.881,0.001,0.119
267400,0.853,0.000,0.147
267600,0.860,0.001,0.140
267800,0.853,0.001,0.147
268000,0.870,0.001,0.129
268200,0.868,0.000,0.132
268400,0.842,0.001,0.157
268600,0.862,0.001,0.137
268800,0.882,0.001,0.118
269000,0.888,0.001,0.112
269200,0.880,0.001,0.119
269400,0.895,0.000,0.105
269600,0.912,0.000,0.088
269800,0.923,0.000,0.077
270000,0.939,0.000,0.061
270200,0.908,0.000,0.092
270400,0.923,0.000,0.077
270600,0.900,0.000,0.100
270800,0.924,0.000,0.076
271000,0.923,0.000,0.077
271200,0.931,0.000,0.069
271400,0.937,0.000,0.063
271600,0.938,0.000,0.062
271800,0.946,0.000,0.054
272000,0.957,0.000,0.043
272200,0.961,0.000,0.039
272400,0.967,0.000,0.033
272600,0.970,0.000,0.030
272800,0.971,0.000,0.029
273000,0.974,0.000,0.026
273200,0.977,0.000,0.023
273400,0.978,0.000,0.022
273600,0.980,0.000,0.020
273800,0.981,0.000,0.019
274000,0.983,0.000,0.017
274200,0.983,0.000,0.017
274400,0.984,0.000,0.016
274600,0.984,0.000,0.016
274800,0.984,0.000,0.016
275000,0.985,0.000,0.015
275200,0.982,0.000,0.018
275400,0.980,0.000,0.020
275600,0.983,0.000,0.017
275800,0.985,0.000,0.015
276000,0.985,0.000,0.015
276200,0.985,0.000,0.015
276400,0.987,0.000,0.013
276600,0.984,0.000,0.016
276800,0.985,0.000,0.015
277000,0.974,0.000,0.026
277200,0.981,0.000,0.019
277400,0.985,0.000,0.015
277600,0.949,0.000,0.051
277800,0.946,0.000,0.054
278000,0.944,0.000,0.056
278200,0.964,0.000,0.036
278400,0.963,0.000,0.037
278600,0.946,0.000,0.054
278800,0.958,0.000,0.042
279000,0.950,0.000,0.050
279200,0.951,0.000,0.049
279400,0.957,0.000,0.043
279600,0.966,0.000,0.034
279800,0.953,0.001,0.046
280000,0.941,0.000,0.059
280200,0.922,0.000,0.078
280400,0.934,0.001,0.065
280600,0.913,0.001,0.086
280800,0.923,0.000,0.077
281000,0.895,0.000,0.105
281200,0.897,0.000,0.103
281400,0.917,0.000,0.083
281600,0.918,0.000,0.082
281800,0.918,0.000,0.082
282000,0.913,0.000,0.087
282200,0.934,0.000,0.066
282400,0.943,0.000,0.057
282600,0.917,0.000,0.083
282800,0.929,0.000,0.071
283000,0.945,0.000,0.055
283200,0.946,0.000,0.054
283400,0.934,0.000,0.066
283600,0.937,0.000,0.063
283800,0.945,0.000,0.055
284000,0.941,0.000,0.059
284200,0.931,0.000,0.069
284400,0.915,0.000,0.085
284600,0.920,0.000,0.080
284800,0.940,0.000,0.060
285000,0.945,0.000,0.055
285200,0.955,0.000,0.045
285400,0.947,0.000,0.053
285600,0.952,0.000,0.048
285800,0.956,0.000,0.044
286000,0.952,0.000,0.048
286200,0.959,0.000,0.041
286400,0.925,0.000,0.075
286600,0.925,0.000,0.075
286800,0.907,0.000,0.093
287000,0.928,0.000,0.072
287200,0.932,0.000,0.068
287400,0.932,0.000,0.068
287600,0.944,0.000,0.056
287800,0.955,0.000,0.045
288000,0.958,0.000,0.042
288200,0.955,0.000,0.045
288400,0.933,0.000,0.067
288600,0.941,0.000,0.059
288800,0.917,0.000,0.083
289000,0.886,0.000,0.114
289200,0.894,0.000,0.106
289400,0.889,0.000,0.111
289600,0.883,0.000,0.117
289800,0.878,0.000,0.122
290000,0.892,0.000,0.108
290200,0.893,0.001,0.106
290400,0.847,0.001,0.153
290600,0.861,0.000,0.139
290800,0.823,0.000,0.177
291000,0.852,0.000,0.148
291200,0.853,0.000,0.147
291400,0.854,0.000,0.146
291600,0.884,0.000,0.116
291800,0.845,0.000,0.155
292000,0.832,0.000,0.168
292200,0.845,0.000,0.155
292400,0.860,0.000,0.140
292600,0.888,0.000,0.112
292800,0.870,0.000,0.130
293000,0.878,0.000,0.122
293200,0.852,0.000,0.148
293400,0.877,0.000,0.123
293600,0.886,0.000,0.114
293800,0.898,0.001,0.101
294000,0.885,0.000,0.115
294200,0.863,0.000,0.137
294400,0.871,0.000,0.129
294600,0.871,0.000,0.129
294800,0.875,0.000,0.125
295000,0.882,0.000,0.118
295200,0.880,0.000,0.120
295400,0.885,0.000,0.115
295600,0.884,0.000,0.116
295800,0.892,0.000,0.108
296000,0.886,0.000,0.114
296200,0.905,0.000,0.095
296400,0.903,0.000,0.097
296600,0.899,0.000,0.101
296800,0.893,0.000,0.107
297000,0.854,0.001,0.145
297200,0.841,0.000,0.159
297400,0.859,0.000,0.141
297600,0.839,0.000,0.161
297800,0.828,0.000,0.172
298000,0.834,0.000,0.166
298200,0.822,0.000,0.178
298400,0.796,0.000,0.204
298600,0.818,0.000,0.182
298800,0.817,0.000,0.183
299000,0.819,0.000,0.181
299200,0.784,0.000,0.216
299400,0.775,0.001,0.224
299600,0.800,0.001,0.199
299800,0.811,0.001,0.188
300000,0.820,0.000,0.180
300200,0.840,0.000,0.160
300400,0.846,0.000,0.154
300600,0.863,0.000,0.137
300800,0.859,0.000,0.141
301000,0.849,0.000,0.151
301200,0.863,0.000,0.137
301400,0.853,0.000,0.147
301600,0.844,0.000,0.156
301800,0.853,0.000,0.147
302000,0.808,0.001,0.190
302200,0.792,0.001,0.207
302400,0.782,0.002,0.217
302600,0.768,0.000,0.232
302800,0.782,0.001,0.217
303000,0.795,0.001,0.205
303200,0.814,0.000,0.186
303400,0.821,0.001,0.179
303600,0.830,0.001,0.169
303800,0.804,0.000,0.196
304000,0.785,0.002,0.214
304200,0.807,0.000,0.193
304400,0.769,0.001,0.230
304600,0.783,0.000,0.217
304800,0.767,0.000,0.233
305000,0.806,0.000,0.194
305200,0.790,0.002,0.208
305400,0.752,0.000,0.248
305600,0.769,0.001,0.230
305800,0.803,0.000,0.197
306000,0.805,0.000,0.195
306200,0.786,0.000,0.214
306400,0.799,0.000,0.201
306600,0.788,0.000,0.212
306800,0.815,0.000,0.185
307000,0.831,0.000,0.169
307200,0.829,0.000,0.171
307400,0.804,0.001,0.195
307600,0.806,0.001,0.194
307800,0.781,0.006,0.213
308000,0.774,0.003,0.223
308200,0.826,0.002,0.172
308400,0.811,0.001,0.187
308600,0.775,0.001,0.224
308800,0.768,0.001,0.231
309000,0.750,0.002,0.249
309200,0.754,0.001,0.244
309400,0.767,0.001,0.232
309600,0.781,0.007,0.212
309800,0.783,0.002,0.215
310000,0.793,0.001,0.206
310200,0.793,0.000,0.207
310400,0.774,0.000,0.226
310600,0.805,0.000,0.195
310800,0.800,0.000,0.200
311000,0.799,0.000,0.201
311200,0.817,0.001,0.182
311400,0.800,0.000,0.200
311600,0.814,0.000,0.186
311800,0.821,0.000,0.179
312000,0.828,0.000,0.172
312200,0.792,0.000,0.208
312400,0.800,0.000,0.200
312600,0.805,0.000,0.195
312800,0.788,0.000,0.212
313000,0.825,0.001,0.174
313200,0.853,0.001,0.146
313400,0.856,0.000,0.144
313600,0.845,0.000,0.155
313800,0.850,0.000,0.150
314000,0.831,0.001,0.168
314200,0.829,0.000,0.171
314400,0.843,0.000,0.157
314600,0.838,0.001,0.161
314800,0.827,0.000,0.173
315000,0.805,0.000,0.195
315200,0.793,0.000,0.207
315400,0.783,0.002,0.215
315600,0.827,0.003,0.170
315800,0.813,0.002,0.186
316000,0.804,0.002,0.194
316200,0.790,0.002,0.207
316400,0.813,0.003,0.184
316600,0.751,0.001,0.248
316800,0.728,0.002,0.270
317000,0.726,0.002,0.272
317200,0.731,0.002,0.268
317400,0.765,0.002,0.233
317600,0.765,0.001,0.235
317800,0.750,0.000,0.250
318000,0.749,0.000,0.251
318200,0.762,0.000,0.238
318400,0.761,0.001,0.238
318600,0.725,0.001,0.274
318800,0.703,0.001,0.297
319000,0.708,0.001,0.291
319200,0.709,0.001,0.290
319400,0.665,0.001,0.334
319600,0.668,0.009,0.322
319800,0.700,0.006,0.293
320000,0.686,0.004,0.310
320200,0.623,0.006,0.370
320400,0.660,0.003,0.336
320600,0.714,0.006,0.281
320800,0.704,0.003,0.292
321000,0.710,0.001,0.289
321200,0.700,0.001,0.300
321400,0.721,0.002,0.277
321600,0.747,0.001,0.253
321800,0.700,0.001,0.299
322000,0.711,0.003,0.286
322200,0.725,0.003,0.271
322400,0.688,0.002,0.310
322600,0.692,0.001,0.308
322800,0.700,0.002,0.298
323000,0.714,0.002,0.284
323200,0.722,0.001,0.278
323400,0.737,0.000,0.263
323600,0.738,0.002,0.260
323800,0.751,0.001,0.247
324000,0.739,0.002,0.258
324200,0.709,0.002,0.289
