time,n_A+p,n_B,n_AB
100,0.030,0.952,0.019
200,0.030,0.939,0.031
300,0.030,0.934,0.037
400,0.030,0.919,0.051
500,0.030,0.909,0.061
600,0.030,0.892,0.079
700,0.030,0.883,0.087
800,0.030,0.854,0.116
900,0.030,0.814,0.156
1000,0.030,0.778,0.193
1100,0.031,0.758,0.211
1200,0.030,0.718,0.252
1300,0.030,0.673,0.297
1400,0.030,0.646,0.324
1500,0.030,0.637,0.333
1600,0.033,0.608,0.359
1700,0.033,0.568,0.399
1800,0.036,0.545,0.420
1900,0.036,0.497,0.467
2000,0.036,0.478,0.485
2100,0.041,0.445,0.513
2200,0.040,0.455,0.505
2300,0.038,0.430,0.533
2400,0.035,0.435,0.530
2500,0.040,0.408,0.552
2600,0.039,0.393,0.568
2700,0.034,0.388,0.578
2800,0.043,0.350,0.607
2900,0.040,0.344,0.616
3000,0.044,0.327,0.629
3100,0.040,0.316,0.644
3200,0.048,0.303,0.649
3300,0.048,0.285,0.667
3400,0.057,0.278,0.665
3500,0.048,0.276,0.676
3600,0.048,0.264,0.689
3700,0.048,0.256,0.696
3800,0.051,0.264,0.685
3900,0.049,0.259,0.692
4000,0.048,0.254,0.698
4100,0.050,0.236,0.714
4200,0.047,0.233,0.719
4300,0.055,0.239,0.706
4400,0.056,0.228,0.717
4500,0.059,0.211,0.730
4600,0.058,0.205,0.736
4700,0.053,0.206,0.741
4800,0.053,0.188,0.759
4900,0.052,0.190,0.758
5000,0.050,0.206,0.744
5100,0.048,0.192,0.760
5200,0.054,0.184,0.762
5300,0.068,0.171,0.761
5400,0.057,0.185,0.758
5500,0.079,0.192,0.729
5600,0.070,0.182,0.748
5700,0.066,0.172,0.762
5800,0.069,0.176,0.755
5900,0.068,0.159,0.774
6000,0.064,0.166,0.770
6100,0.079,0.152,0.769
6200,0.086,0.144,0.770
6300,0.086,0.140,0.774
6400,0.088,0.142,0.769
6500,0.073,0.155,0.772
6600,0.081,0.152,0.767
6700,0.079,0.151,0.769
6800,0.069,0.144,0.788
6900,0.062,0.158,0.779
7000,0.058,0.144,0.799
7100,0.079,0.135,0.786
7200,0.079,0.137,0.784
7300,0.094,0.135,0.771
7400,0.095,0.139,0.766
7500,0.088,0.136,0.776
7600,0.083,0.134,0.782
7700,0.073,0.132,0.795
7800,0.066,0.130,0.804
7900,0.060,0.121,0.819
8000,0.059,0.120,0.821
8100,0.059,0.119,0.821
8200,0.061,0.118,0.821
8300,0.085,0.114,0.802
8400,0.101,0.107,0.792
8500,0.093,0.104,0.804
8600,0.088,0.108,0.803
8700,0.089,0.118,0.793
8800,0.092,0.111,0.797
8900,0.097,0.105,0.797
9000,0.102,0.091,0.806
9100,0.120,0.089,0.791
9200,0.123,0.083,0.794
9300,0.107,0.073,0.820
9400,0.118,0.084,0.798
9500,0.122,0.076,0.803
9600,0.113,0.074,0.813
9700,0.107,0.076,0.817
9800,0.118,0.073,0.810
9900,0.126,0.071,0.803
10000,0.122,0.065,0.814
10100,0.133,0.066,0.801
10200,0.126,0.068,0.806
10300,0.135,0.073,0.792
10400,0.118,0.081,0.801
10500,0.114,0.085,0.801
10600,0.107,0.081,0.813
10700,0.109,0.087,0.804
10800,0.124,0.089,0.787
10900,0.119,0.077,0.803
11000,0.113,0.073,0.814
11100,0.111,0.071,0.818
11200,0.115,0.070,0.815
11300,0.126,0.069,0.804
11400,0.116,0.073,0.811
11500,0.118,0.073,0.809
11600,0.130,0.072,0.798
11700,0.130,0.081,0.789
11800,0.143,0.066,0.791
11900,0.158,0.061,0.781
12000,0.162,0.059,0.778
12100,0.160,0.056,0.784
12200,0.144,0.052,0.803
12300,0.140,0.059,0.801
12400,0.126,0.059,0.815
12500,0.116,0.059,0.825
12600,0.117,0.071,0.812
12700,0.107,0.068,0.825
12800,0.101,0.065,0.835
12900,0.102,0.070,0.828
13000,0.104,0.080,0.816
13100,0.108,0.069,0.823
13200,0.104,0.072,0.824
13300,0.109,0.069,0.822
13400,0.099,0.061,0.840
13500,0.112,0.056,0.832
13600,0.107,0.059,0.834
13700,0.112,0.058,0.830
13800,0.105,0.055,0.840
13900,0.114,0.064,0.822
14000,0.124,0.065,0.811
14100,0.116,0.059,0.825
14200,0.134,0.060,0.806
14300,0.137,0.065,0.798
14400,0.123,0.070,0.807
14500,0.114,0.063,0.823
14600,0.123,0.068,0.808
14700,0.122,0.063,0.815
14800,0.128,0.056,0.815
14900,0.126,0.059,0.815
15000,0.136,0.058,0.806
15100,0.148,0.055,0.796
15200,0.130,0.051,0.819
15300,0.119,0.055,0.825
15400,0.135,0.047,0.818
15500,0.133,0.043,0.824
15600,0.148,0.043,0.808
15700,0.159,0.040,0.801
15800,0.157,0.040,0.803
15900,0.155,0.049,0.796
16000,0.185,0.044,0.772
16100,0.175,0.044,0.781
16200,0.194,0.047,0.759
16300,0.175,0.042,0.783
16400,0.183,0.037,0.779
16500,0.175,0.044,0.781
16600,0.154,0.056,0.790
16700,0.142,0.045,0.813
16800,0.136,0.037,0.827
16900,0.143,0.041,0.817
17000,0.150,0.040,0.811
17100,0.151,0.041,0.808
17200,0.146,0.038,0.816
17300,0.137,0.034,0.829
17400,0.143,0.041,0.816
17500,0.131,0.041,0.828
17600,0.123,0.036,0.841
17700,0.124,0.042,0.834
17800,0.131,0.037,0.832
17900,0.112,0.038,0.850
18000,0.115,0.038,0.846
18100,0.114,0.033,0.854
18200,0.111,0.035,0.854
18300,0.120,0.037,0.843
18400,0.126,0.034,0.841
18500,0.110,0.031,0.859
18600,0.127,0.034,0.839
18700,0.120,0.033,0.847
18800,0.124,0.036,0.840
18900,0.104,0.051,0.845
19000,0.105,0.054,0.841
19100,0.097,0.039,0.864
19200,0.109,0.035,0.856
19300,0.100,0.034,0.867
19400,0.112,0.034,0.854
19500,0.108,0.040,0.852
19600,0.114,0.051,0.836
19700,0.104,0.055,0.841
19800,0.111,0.049,0.841
19900,0.111,0.046,0.843
20000,0.102,0.054,0.845
20100,0.111,0.062,0.828
20200,0.116,0.061,0.823
20300,0.102,0.055,0.843
20400,0.104,0.057,0.839
20500,0.112,0.063,0.825
20600,0.114,0.059,0.827
20700,0.114,0.056,0.830
20800,0.104,0.058,0.838
20900,0.099,0.059,0.842
21000,0.108,0.054,0.838
21100,0.108,0.052,0.840
21200,0.116,0.052,0.832
21300,0.126,0.048,0.827
21400,0.131,0.041,0.828
21500,0.143,0.043,0.814
21600,0.148,0.038,0.814
21700,0.142,0.041,0.817
21800,0.149,0.034,0.817
21900,0.173,0.030,0.797
22000,0.167,0.036,0.797
22100,0.172,0.033,0.795
22200,0.176,0.035,0.789
22300,0.161,0.040,0.800
22400,0.154,0.037,0.809
22500,0.160,0.040,0.800
22600,0.156,0.038,0.806
22700,0.157,0.032,0.811
22800,0.160,0.033,0.807
22900,0.155,0.030,0.815
23000,0.161,0.037,0.803
23100,0.143,0.049,0.808
23200,0.148,0.044,0.808
23300,0.154,0.041,0.804
23400,0.159,0.049,0.792
23500,0.139,0.051,0.810
23600,0.129,0.068,0.803
23700,0.123,0.058,0.820
23800,0.111,0.057,0.832
23900,0.101,0.072,0.827
24000,0.102,0.082,0.815
24100,0.103,0.076,0.821
24200,0.108,0.067,0.825
24300,0.110,0.068,0.822
24400,0.122,0.065,0.814
24500,0.130,0.063,0.807
24600,0.118,0.069,0.814
24700,0.115,0.058,0.827
24800,0.115,0.060,0.825
24900,0.118,0.054,0.828
25000,0.122,0.057,0.821
25100,0.111,0.042,0.847
25200,0.120,0.037,0.843
25300,0.125,0.040,0.835
25400,0.127,0.046,0.827
25500,0.125,0.049,0.826
25600,0.143,0.040,0.817
25700,0.144,0.041,0.814
25800,0.147,0.040,0.813
25900,0.146,0.052,0.802
26000,0.124,0.041,0.835
26100,0.148,0.047,0.806
26200,0.158,0.040,0.803
26300,0.146,0.035,0.820
26400,0.147,0.041,0.812
26500,0.154,0.044,0.802
26600,0.143,0.049,0.808
26700,0.134,0.062,0.804
26800,0.140,0.049,0.811
26900,0.148,0.044,0.808
27000,0.161,0.041,0.798
27100,0.167,0.037,0.796
27200,0.158,0.041,0.802
27300,0.141,0.044,0.815
27400,0.162,0.038,0.800
27500,0.151,0.034,0.815
27600,0.155,0.037,0.808
27700,0.143,0.032,0.825
27800,0.146,0.031,0.822
27900,0.137,0.037,0.826
28000,0.126,0.032,0.842
28100,0.130,0.031,0.839
28200,0.142,0.026,0.832
28300,0.141,0.036,0.823
28400,0.127,0.031,0.842
28500,0.123,0.040,0.836
28600,0.135,0.042,0.822
28700,0.147,0.058,0.796
28800,0.147,0.051,0.803
28900,0.158,0.053,0.789
29000,0.173,0.053,0.774
29100,0.162,0.065,0.774
29200,0.153,0.061,0.786
29300,0.146,0.041,0.813
29400,0.138,0.042,0.820
29500,0.146,0.035,0.820
29600,0.169,0.033,0.797
29700,0.154,0.036,0.810
29800,0.148,0.037,0.814
29900,0.143,0.037,0.820
30000,0.151,0.032,0.817
30100,0.146,0.033,0.821
30200,0.144,0.029,0.827
30300,0.139,0.026,0.835
30400,0.134,0.026,0.840
30500,0.133,0.033,0.834
30600,0.123,0.038,0.838
30700,0.123,0.038,0.838
30800,0.127,0.031,0.842
30900,0.129,0.036,0.835
31000,0.137,0.036,0.827
31100,0.141,0.034,0.824
31200,0.162,0.031,0.806
31300,0.168,0.036,0.796
31400,0.154,0.036,0.810
31500,0.157,0.045,0.798
31600,0.182,0.037,0.781
31700,0.171,0.033,0.796
31800,0.157,0.034,0.809
31900,0.167,0.029,0.804
32000,0.168,0.033,0.799
32100,0.159,0.030,0.811
32200,0.169,0.038,0.793
32300,0.166,0.034,0.799
32400,0.165,0.034,0.801
32500,0.165,0.033,0.802
32600,0.173,0.027,0.800
32700,0.193,0.026,0.781
32800,0.186,0.027,0.788
32900,0.180,0.025,0.795
33000,0.194,0.026,0.780
33100,0.189,0.025,0.786
33200,0.166,0.030,0.804
33300,0.156,0.028,0.816
33400,0.154,0.027,0.818
33500,0.161,0.036,0.803
33600,0.162,0.032,0.806
33700,0.179,0.029,0.792
33800,0.166,0.024,0.810
33900,0.191,0.029,0.780
34000,0.196,0.027,0.778
34100,0.198,0.026,0.776
34200,0.172,0.024,0.803
34300,0.158,0.026,0.815
34400,0.144,0.029,0.828
34500,0.135,0.030,0.835
34600,0.129,0.025,0.846
34700,0.118,0.044,0.838
34800,0.132,0.042,0.825
34900,0.143,0.035,0.822
35000,0.132,0.038,0.831
35100,0.137,0.037,0.826
35200,0.123,0.044,0.832
35300,0.130,0.048,0.822
35400,0.160,0.044,0.796
35500,0.171,0.038,0.790
35600,0.178,0.039,0.783
35700,0.173,0.031,0.796
35800,0.186,0.030,0.784
35900,0.185,0.032,0.783
36000,0.157,0.029,0.814
36100,0.143,0.028,0.829
36200,0.140,0.034,0.826
36300,0.139,0.030,0.831
36400,0.153,0.035,0.812
36500,0.165,0.029,0.807
36600,0.159,0.029,0.811
36700,0.185,0.027,0.788
36800,0.163,0.025,0.812
36900,0.154,0.031,0.815
37000,0.164,0.030,0.806
37100,0.164,0.030,0.806
37200,0.150,0.034,0.816
37300,0.143,0.030,0.827
37400,0.146,0.036,0.818
37500,0.148,0.050,0.802
37600,0.138,0.042,0.820
37700,0.148,0.044,0.808
37800,0.141,0.037,0.822
37900,0.160,0.039,0.801
38000,0.149,0.038,0.813
38100,0.162,0.034,0.804
38200,0.161,0.052,0.787
38300,0.149,0.045,0.806
38400,0.134,0.042,0.823
38500,0.137,0.049,0.814
38600,0.152,0.044,0.804
38700,0.151,0.044,0.806
38800,0.150,0.040,0.810
38900,0.147,0.038,0.815
39000,0.142,0.036,0.822
39100,0.146,0.030,0.825
39200,0.154,0.030,0.815
39300,0.159,0.030,0.811
39400,0.154,0.030,0.816
39500,0.147,0.027,0.826
39600,0.145,0.030,0.825
39700,0.146,0.034,0.820
39800,0.143,0.040,0.817
39900,0.141,0.041,0.817
40000,0.166,0.037,0.797
40100,0.161,0.030,0.810
40200,0.159,0.026,0.815
40300,0.157,0.027,0.816
40400,0.149,0.023,0.828
40500,0.153,0.042,0.806
40600,0.162,0.039,0.799
40700,0.172,0.038,0.790
40800,0.155,0.034,0.810
40900,0.154,0.031,0.814
41000,0.151,0.029,0.820
41100,0.140,0.026,0.834
41200,0.150,0.026,0.824
41300,0.165,0.024,0.810
41400,0.162,0.023,0.815
41500,0.150,0.023,0.827
41600,0.135,0.024,0.841
41700,0.164,0.034,0.802
41800,0.177,0.027,0.796
41900,0.166,0.026,0.808
42000,0.198,0.022,0.779
42100,0.175,0.020,0.805
42200,0.162,0.032,0.806
42300,0.177,0.027,0.796
42400,0.160,0.032,0.808
42500,0.148,0.029,0.823
42600,0.146,0.030,0.824
42700,0.132,0.033,0.835
42800,0.130,0.033,0.837
42900,0.123,0.032,0.845
43000,0.119,0.038,0.843
43100,0.133,0.038,0.829
43200,0.137,0.041,0.822
43300,0.133,0.048,0.819
43400,0.116,0.043,0.841
43500,0.116,0.040,0.844
43600,0.111,0.038,0.852
43700,0.121,0.046,0.833
43800,0.125,0.050,0.825
43900,0.115,0.045,0.840
44000,0.109,0.044,0.846
44100,0.145,0.040,0.815
44200,0.139,0.040,0.821
44300,0.132,0.045,0.822
44400,0.141,0.042,0.817
44500,0.133,0.052,0.815
44600,0.123,0.042,0.835
44700,0.135,0.040,0.825
44800,0.140,0.038,0.821
44900,0.146,0.044,0.810
45000,0.144,0.042,0.814
45100,0.141,0.048,0.811
45200,0.137,0.040,0.823
45300,0.165,0.038,0.797
45400,0.155,0.040,0.805
45500,0.139,0.042,0.819
45600,0.147,0.055,0.798
45700,0.140,0.047,0.813
45800,0.147,0.046,0.807
45900,0.132,0.042,0.826
46000,0.123,0.040,0.836
46100,0.108,0.039,0.853
46200,0.109,0.042,0.849
46300,0.127,0.042,0.831
46400,0.127,0.039,0.834
46500,0.117,0.045,0.838
46600,0.116,0.043,0.841
46700,0.117,0.037,0.846
46800,0.117,0.034,0.849
46900,0.115,0.037,0.849
47000,0.120,0.041,0.839
47100,0.128,0.040,0.832
47200,0.131,0.036,0.834
47300,0.134,0.033,0.834
47400,0.122,0.033,0.845
47500,0.127,0.041,0.832
47600,0.125,0.042,0.833
47700,0.115,0.045,0.840
47800,0.109,0.044,0.847
47900,0.109,0.040,0.852
48000,0.119,0.038,0.842
48100,0.126,0.040,0.834
48200,0.123,0.033,0.844
48300,0.153,0.041,0.807
48400,0.146,0.036,0.818
48500,0.151,0.033,0.817
48600,0.137,0.033,0.831
48700,0.156,0.031,0.813
48800,0.153,0.032,0.815
48900,0.161,0.031,0.808
49000,0.176,0.026,0.798
49100,0.164,0.025,0.811
49200,0.155,0.026,0.819
49300,0.146,0.026,0.828
49400,0.143,0.023,0.834
49500,0.143,0.025,0.832
49600,0.158,0.026,0.816
49700,0.173,0.023,0.804
49800,0.174,0.028,0.798
49900,0.151,0.024,0.825
50000,0.146,0.023,0.831
50100,0.139,0.023,0.838
50200,0.139,0.023,0.838
50300,0.130,0.034,0.836
50400,0.119,0.042,0.839
50500,0.119,0.051,0.831
50600,0.114,0.034,0.852
50700,0.107,0.033,0.860
50800,0.115,0.044,0.841
50900,0.102,0.037,0.861
51000,0.106,0.037,0.857
51100,0.111,0.031,0.858
51200,0.115,0.038,0.847
51300,0.109,0.034,0.857
51400,0.113,0.031,0.856
51500,0.108,0.028,0.864
51600,0.111,0.033,0.856
51700,0.107,0.036,0.857
51800,0.110,0.041,0.849
51900,0.108,0.036,0.856
52000,0.123,0.033,0.843
52100,0.115,0.038,0.847
52200,0.111,0.040,0.849
52300,0.122,0.042,0.836
52400,0.123,0.039,0.838
52500,0.122,0.044,0.834
52600,0.124,0.042,0.834
52700,0.151,0.041,0.808
52800,0.157,0.045,0.797
52900,0.155,0.037,0.808
53000,0.165,0.033,0.802
53100,0.169,0.031,0.800
53200,0.178,0.030,0.793
53300,0.193,0.027,0.781
53400,0.179,0.025,0.796
53500,0.168,0.023,0.810
53600,0.165,0.028,0.807
53700,0.167,0.025,0.808
53800,0.161,0.026,0.813
53900,0.154,0.024,0.821
54000,0.153,0.030,0.817
54100,0.162,0.031,0.806
54200,0.148,0.031,0.821
54300,0.149,0.026,0.825
54400,0.129,0.026,0.845
54500,0.144,0.027,0.829
54600,0.155,0.023,0.821
54700,0.147,0.031,0.822
54800,0.143,0.033,0.825
54900,0.139,0.042,0.819
55000,0.136,0.047,0.817
55100,0.132,0.045,0.824
55200,0.122,0.046,0.832
55300,0.127,0.035,0.838
55400,0.136,0.038,0.826
55500,0.138,0.029,0.833
55600,0.125,0.032,0.843
55700,0.129,0.049,0.822
55800,0.118,0.051,0.831
55900,0.124,0.069,0.807
56000,0.132,0.060,0.808
56100,0.125,0.059,0.815
56200,0.122,0.057,0.821
56300,0.115,0.056,0.829
56400,0.114,0.061,0.826
56500,0.111,0.052,0.838
56600,0.111,0.045,0.843
56700,0.118,0.049,0.833
56800,0.139,0.044,0.817
56900,0.124,0.043,0.833
57000,0.119,0.041,0.840
57100,0.123,0.038,0.839
57200,0.122,0.045,0.832
57300,0.110,0.046,0.844
57400,0.106,0.041,0.853
57500,0.101,0.035,0.864
57600,0.122,0.036,0.842
57700,0.118,0.040,0.842
57800,0.121,0.040,0.839
57900,0.122,0.042,0.836
58000,0.113,0.047,0.841
58100,0.102,0.044,0.854
58200,0.109,0.051,0.841
58300,0.105,0.047,0.849
58400,0.098,0.059,0.843
58500,0.119,0.059,0.821
58600,0.105,0.062,0.834
58700,0.098,0.058,0.844
58800,0.105,0.055,0.841
58900,0.107,0.051,0.842
59000,0.101,0.045,0.854
59100,0.119,0.053,0.828
59200,0.105,0.048,0.847
59300,0.095,0.050,0.855
59400,0.110,0.052,0.838
59500,0.109,0.056,0.835
59600,0.107,0.061,0.832
59700,0.108,0.051,0.842
59800,0.109,0.056,0.835
59900,0.118,0.056,0.825
60000,0.125,0.049,0.826
60100,0.097,0.045,0.857
60200,0.105,0.039,0.856
60300,0.093,0.041,0.866
60400,0.093,0.039,0.868
60500,0.099,0.034,0.867
60600,0.097,0.041,0.862
60700,0.091,0.055,0.854
60800,0.093,0.049,0.858
60900,0.087,0.058,0.854
61000,0.088,0.060,0.852
61100,0.084,0.057,0.859
61200,0.096,0.056,0.847
61300,0.110,0.062,0.828
61400,0.095,0.060,0.845
61500,0.095,0.053,0.852
61600,0.098,0.045,0.857
61700,0.101,0.040,0.859
61800,0.104,0.043,0.853
61900,0.109,0.031,0.860
62000,0.150,0.031,0.820
62100,0.161,0.039,0.800
62200,0.148,0.037,0.814
62300,0.147,0.036,0.818
62400,0.143,0.036,0.822
62500,0.145,0.033,0.822
62600,0.152,0.034,0.814
62700,0.169,0.034,0.797
62800,0.150,0.033,0.817
62900,0.173,0.029,0.797
63000,0.155,0.028,0.817
63100,0.156,0.028,0.816
63200,0.166,0.028,0.806
63300,0.160,0.026,0.814
63400,0.166,0.024,0.810
63500,0.176,0.020,0.803
63600,0.153,0.020,0.827
63700,0.158,0.019,0.822
63800,0.169,0.017,0.813
63900,0.165,0.017,0.818
64000,0.162,0.019,0.820
64100,0.171,0.020,0.810
64200,0.169,0.022,0.808
64300,0.162,0.023,0.814
64400,0.143,0.022,0.835
64500,0.154,0.019,0.827
64600,0.144,0.030,0.827
64700,0.153,0.035,0.813
64800,0.150,0.029,0.821
64900,0.164,0.027,0.810
65000,0.151,0.026,0.822
65100,0.154,0.026,0.820
65200,0.162,0.031,0.806
65300,0.164,0.020,0.815
65400,0.148,0.020,0.832
65500,0.171,0.024,0.804
65600,0.189,0.023,0.789
65700,0.173,0.023,0.803
65800,0.165,0.024,0.811
65900,0.176,0.024,0.800
66000,0.163,0.034,0.803
66100,0.148,0.045,0.807
66200,0.151,0.035,0.814
66300,0.153,0.040,0.807
66400,0.144,0.031,0.825
66500,0.132,0.031,0.836
66600,0.129,0.031,0.840
66700,0.125,0.026,0.849
66800,0.122,0.026,0.852
66900,0.117,0.047,0.836
67000,0.131,0.047,0.822
67100,0.137,0.040,0.823
67200,0.134,0.036,0.829
67300,0.147,0.029,0.824
67400,0.159,0.034,0.807
67500,0.153,0.034,0.813
67600,0.178,0.033,0.789
67700,0.200,0.027,0.774
67800,0.206,0.026,0.768
67900,0.187,0.026,0.788
68000,0.187,0.026,0.787
68100,0.178,0.027,0.795
68200,0.182,0.027,0.791
68300,0.171,0.024,0.805
68400,0.185,0.027,0.788
68500,0.180,0.019,0.800
68600,0.167,0.020,0.813
68700,0.153,0.017,0.829
68800,0.153,0.016,0.831
68900,0.146,0.015,0.839
69000,0.137,0.015,0.848
69100,0.134,0.013,0.852
69200,0.131,0.017,0.852
69300,0.138,0.023,0.839
69400,0.134,0.016,0.850
69500,0.132,0.017,0.850
69600,0.132,0.023,0.846
69700,0.123,0.026,0.852
69800,0.116,0.029,0.855
69900,0.147,0.031,0.821
70000,0.133,0.027,0.841
70100,0.138,0.026,0.836
70200,0.146,0.021,0.833
70300,0.143,0.022,0.835
70400,0.132,0.022,0.847
70500,0.143,0.020,0.838
70600,0.137,0.031,0.832
70700,0.142,0.027,0.831
70800,0.128,0.022,0.850
70900,0.130,0.028,0.842
71000,0.132,0.030,0.839
71100,0.165,0.021,0.814
71200,0.158,0.019,0.824
71300,0.158,0.021,0.821
71400,0.163,0.029,0.808
71500,0.155,0.027,0.818
71600,0.151,0.037,0.812
71700,0.151,0.036,0.813
71800,0.168,0.035,0.797
71900,0.139,0.034,0.827
72000,0.154,0.032,0.814
72100,0.155,0.036,0.809
72200,0.157,0.036,0.807
72300,0.154,0.029,0.817
72400,0.163,0.028,0.809
72500,0.164,0.025,0.811
72600,0.138,0.024,0.838
72700,0.158,0.024,0.818
72800,0.151,0.029,0.820
72900,0.164,0.029,0.807
73000,0.167,0.028,0.805
73100,0.172,0.028,0.800
73200,0.168,0.026,0.806
73300,0.157,0.023,0.820
73400,0.170,0.026,0.804
73500,0.164,0.033,0.804
73600,0.162,0.033,0.805
73700,0.151,0.030,0.819
73800,0.143,0.026,0.832
73900,0.148,0.023,0.829
74000,0.154,0.022,0.824
74100,0.144,0.022,0.834
74200,0.164,0.025,0.811
74300,0.146,0.023,0.831
74400,0.146,0.027,0.827
74500,0.150,0.026,0.824
74600,0.166,0.044,0.790
74700,0.147,0.040,0.813
74800,0.140,0.037,0.824
74900,0.137,0.034,0.829
75000,0.129,0.054,0.817
75100,0.128,0.040,0.832
75200,0.113,0.038,0.849
75300,0.107,0.042,0.850
75400,0.120,0.048,0.832
75500,0.112,0.041,0.847
75600,0.112,0.051,0.838
75700,0.109,0.040,0.851
75800,0.109,0.046,0.845
75900,0.135,0.040,0.825
76000,0.151,0.034,0.815
76100,0.145,0.036,0.819
76200,0.136,0.034,0.830
76300,0.137,0.031,0.832
76400,0.128,0.036,0.836
76500,0.121,0.031,0.847
76600,0.151,0.033,0.815
76700,0.136,0.040,0.824
76800,0.150,0.044,0.806
76900,0.152,0.040,0.808
77000,0.144,0.037,0.819
77100,0.138,0.033,0.829
77200,0.135,0.036,0.829
77300,0.128,0.029,0.843
77400,0.127,0.039,0.834
77500,0.137,0.043,0.820
77600,0.135,0.052,0.813
77700,0.119,0.048,0.832
77800,0.112,0.048,0.840
77900,0.119,0.044,0.838
78000,0.122,0.043,0.835
78100,0.141,0.039,0.820
78200,0.130,0.033,0.837
78300,0.138,0.029,0.834
78400,0.130,0.031,0.839
78500,0.155,0.030,0.815
78600,0.143,0.029,0.828
78700,0.136,0.031,0.832
78800,0.138,0.033,0.829
78900,0.125,0.029,0.846
79000,0.129,0.029,0.843
79100,0.140,0.028,0.832
79200,0.140,0.025,0.835
79300,0.147,0.026,0.827
79400,0.151,0.029,0.820
79500,0.137,0.024,0.838
79600,0.155,0.021,0.824
79700,0.140,0.030,0.830
79800,0.158,0.030,0.812
79900,0.147,0.029,0.824
80000,0.150,0.036,0.814
80100,0.147,0.035,0.818
80200,0.162,0.033,0.806
80300,0.159,0.030,0.810
80400,0.155,0.030,0.814
80500,0.164,0.027,0.810
80600,0.158,0.036,0.806
80700,0.140,0.032,0.828
80800,0.145,0.029,0.827
80900,0.153,0.033,0.814
81000,0.138,0.031,0.831
81100,0.154,0.037,0.810
81200,0.159,0.035,0.806
81300,0.149,0.037,0.814
81400,0.139,0.036,0.825
81500,0.134,0.036,0.831
81600,0.125,0.045,0.830
81700,0.123,0.040,0.836
81800,0.132,0.038,0.830
81900,0.120,0.034,0.846
82000,0.118,0.041,0.841
82100,0.111,0.054,0.835
82200,0.104,0.046,0.850
82300,0.105,0.047,0.849
82400,0.107,0.048,0.846
82500,0.107,0.040,0.854
82600,0.109,0.051,0.841
82700,0.125,0.042,0.833
82800,0.123,0.037,0.840
82900,0.127,0.047,0.827
83000,0.123,0.053,0.824
83100,0.125,0.054,0.821
83200,0.113,0.049,0.838
83300,0.105,0.062,0.834
83400,0.107,0.052,0.841
83500,0.107,0.049,0.844
83600,0.115,0.042,0.843
83700,0.125,0.046,0.829
83800,0.122,0.041,0.836
83900,0.132,0.038,0.831
84000,0.155,0.042,0.803
84100,0.134,0.041,0.825
84200,0.134,0.040,0.827
84300,0.133,0.045,0.822
84400,0.139,0.034,0.827
84500,0.150,0.029,0.821
84600,0.158,0.043,0.799
84700,0.150,0.041,0.809
84800,0.145,0.055,0.800
84900,0.137,0.049,0.814
85000,0.150,0.049,0.801
85100,0.154,0.048,0.797
85200,0.148,0.038,0.814
85300,0.144,0.042,0.814
85400,0.146,0.040,0.814
85500,0.140,0.038,0.822
85600,0.137,0.033,0.831
85700,0.143,0.034,0.823
85800,0.146,0.028,0.826
85900,0.134,0.030,0.836
86000,0.142,0.029,0.829
86100,0.133,0.033,0.834
86200,0.129,0.033,0.838
86300,0.133,0.045,0.822
86400,0.122,0.056,0.821
86500,0.109,0.047,0.843
86600,0.115,0.041,0.844
86700,0.117,0.038,0.845
86800,0.109,0.032,0.859
86900,0.109,0.034,0.857
87000,0.097,0.036,0.867
87100,0.095,0.033,0.872
87200,0.090,0.052,0.857
87300,0.091,0.043,0.866
87400,0.085,0.061,0.854
87500,0.083,0.066,0.852
87600,0.083,0.059,0.858
87700,0.086,0.084,0.829
87800,0.087,0.079,0.835
87900,0.095,0.062,0.843
88000,0.098,0.059,0.843
88100,0.102,0.053,0.845
88200,0.097,0.050,0.853
88300,0.103,0.049,0.848
88400,0.110,0.048,0.842
88500,0.114,0.045,0.841
88600,0.101,0.062,0.837
88700,0.095,0.056,0.848
88800,0.112,0.058,0.829
88900,0.136,0.050,0.814
89000,0.118,0.042,0.840
89100,0.121,0.043,0.836
89200,0.124,0.040,0.836
89300,0.120,0.041,0.839
89400,0.144,0.038,0.818
89500,0.148,0.043,0.808
89600,0.151,0.034,0.814
89700,0.134,0.034,0.832
89800,0.136,0.033,0.831
89900,0.138,0.033,0.829
90000,0.147,0.031,0.822
90100,0.150,0.027,0.822
90200,0.148,0.032,0.820
90300,0.145,0.031,0.824
90400,0.134,0.031,0.835
90500,0.141,0.034,0.824
90600,0.152,0.036,0.812
90700,0.143,0.031,0.826
90800,0.140,0.034,0.826
90900,0.141,0.032,0.827
91000,0.144,0.032,0.824
91100,0.134,0.041,0.824
91200,0.142,0.040,0.818
91300,0.158,0.042,0.800
91400,0.162,0.039,0.799
91500,0.170,0.036,0.795
91600,0.171,0.032,0.797
91700,0.160,0.029,0.811
91800,0.141,0.030,0.829
91900,0.141,0.055,0.804
92000,0.139,0.055,0.806
92100,0.132,0.054,0.814
92200,0.134,0.047,0.819
92300,0.134,0.037,0.829
92400,0.127,0.038,0.835
92500,0.135,0.038,0.827
92600,0.126,0.029,0.846
92700,0.125,0.032,0.843
92800,0.131,0.036,0.833
92900,0.122,0.031,0.847
93000,0.126,0.034,0.840
93100,0.116,0.044,0.841
93200,0.122,0.042,0.836
93300,0.133,0.037,0.830
93400,0.136,0.034,0.831
93500,0.140,0.029,0.831
93600,0.135,0.030,0.835
93700,0.123,0.029,0.847
93800,0.126,0.036,0.839
93900,0.128,0.045,0.827
94000,0.115,0.045,0.840
94100,0.119,0.041,0.840
94200,0.123,0.038,0.839
94300,0.116,0.046,0.838
94400,0.109,0.050,0.841
94500,0.106,0.049,0.845
94600,0.111,0.041,0.847
94700,0.122,0.042,0.836
94800,0.112,0.044,0.845
94900,0.108,0.037,0.856
95000,0.116,0.041,0.843
95100,0.122,0.042,0.836
95200,0.114,0.049,0.836
95300,0.115,0.045,0.840
95400,0.114,0.041,0.845
95500,0.120,0.043,0.836
95600,0.100,0.045,0.855
95700,0.114,0.045,0.841
95800,0.103,0.040,0.857
95900,0.111,0.038,0.852
96000,0.154,0.037,0.809
96100,0.150,0.034,0.816
96200,0.139,0.034,0.828
96300,0.149,0.031,0.820
96400,0.137,0.042,0.821
96500,0.133,0.041,0.827
96600,0.129,0.038,0.832
96700,0.111,0.038,0.852
96800,0.112,0.042,0.845
96900,0.111,0.045,0.845
97000,0.116,0.066,0.818
97100,0.116,0.057,0.827
97200,0.128,0.058,0.814
97300,0.128,0.053,0.819
97400,0.115,0.058,0.827
97500,0.111,0.053,0.836
97600,0.136,0.050,0.814
97700,0.138,0.041,0.821
97800,0.125,0.039,0.836
97900,0.129,0.037,0.834
98000,0.125,0.036,0.839
98100,0.122,0.039,0.839
98200,0.118,0.040,0.842
98300,0.117,0.051,0.832
98400,0.140,0.054,0.807
98500,0.142,0.042,0.815
98600,0.137,0.036,0.827
98700,0.127,0.029,0.845
98800,0.140,0.032,0.828
98900,0.147,0.033,0.820
99000,0.135,0.035,0.830
99100,0.137,0.037,0.826
99200,0.154,0.032,0.814
99300,0.136,0.027,0.837
99400,0.137,0.027,0.836
99500,0.148,0.029,0.822
99600,0.148,0.027,0.824
99700,0.158,0.034,0.808
99800,0.151,0.032,0.817
99900,0.159,0.030,0.811
100000,0.147,0.029,0.824
