time,n_A+p,n_B,n_AB
500,0.030,0.895,0.075
1000,0.030,0.791,0.178
1500,0.030,0.656,0.314
2000,0.030,0.673,0.296
2500,0.030,0.597,0.373
3000,0.030,0.560,0.409
3500,0.030,0.560,0.409
4000,0.030,0.556,0.414
4500,0.030,0.523,0.447
5000,0.030,0.542,0.428
5500,0.030,0.516,0.454
6000,0.030,0.521,0.449
6500,0.030,0.478,0.492
7000,0.030,0.528,0.442
7500,0.030,0.499,0.470
8000,0.030,0.586,0.384
8500,0.030,0.536,0.434
9000,0.030,0.515,0.455
9500,0.030,0.594,0.376
10000,0.030,0.545,0.425
10500,0.030,0.589,0.381
11000,0.030,0.542,0.428
11500,0.030,0.481,0.489
12000,0.030,0.529,0.441
12500,0.030,0.525,0.445
13000,0.030,0.549,0.420
13500,0.030,0.520,0.450
14000,0.030,0.533,0.436
14500,0.030,0.470,0.500
15000,0.030,0.482,0.488
15500,0.030,0.485,0.485
16000,0.030,0.543,0.426
16500,0.030,0.518,0.452
17000,0.030,0.514,0.456
17500,0.030,0.543,0.427
18000,0.030,0.520,0.450
18500,0.030,0.569,0.401
19000,0.030,0.639,0.331
19500,0.030,0.553,0.416
20000,0.030,0.554,0.415
20500,0.030,0.581,0.389
21000,0.030,0.553,0.416
21500,0.030,0.546,0.424
22000,0.030,0.599,0.371
22500,0.030,0.489,0.481
23000,0.030,0.453,0.517
23500,0.030,0.515,0.455
24000,0.030,0.521,0.449
24500,0.030,0.508,0.462
25000,0.030,0.548,0.421
25500,0.030,0.565,0.405
26000,0.030,0.534,0.436
26500,0.030,0.487,0.482
27000,0.030,0.485,0.484
27500,0.030,0.566,0.404
28000,0.030,0.545,0.424
28500,0.030,0.481,0.489
29000,0.030,0.482,0.487
29500,0.030,0.565,0.405
30000,0.030,0.535,0.434
30500,0.030,0.586,0.384
31000,0.030,0.547,0.422
31500,0.030,0.437,0.533
32000,0.030,0.494,0.476
32500,0.030,0.461,0.509
33000,0.030,0.550,0.419
33500,0.030,0.553,0.417
34000,0.030,0.560,0.410
34500,0.030,0.626,0.344
35000,0.030,0.647,0.323
35500,0.030,0.578,0.392
36000,0.030,0.462,0.508
36500,0.030,0.457,0.513
37000,0.030,0.522,0.448
37500,0.030,0.451,0.519
38000,0.030,0.418,0.552
38500,0.030,0.550,0.420
39000,0.030,0.495,0.475
39500,0.030,0.479,0.490
40000,0.030,0.518,0.452
40500,0.030,0.529,0.441
41000,0.030,0.500,0.470
41500,0.030,0.475,0.495
42000,0.030,0.472,0.497
42500,0.030,0.477,0.493
43000,0.030,0.508,0.462
43500,0.030,0.482,0.488
44000,0.030,0.483,0.486
44500,0.030,0.489,0.481
45000,0.030,0.579,0.391
45500,0.030,0.603,0.367
46000,0.030,0.554,0.415
46500,0.030,0.543,0.426
47000,0.030,0.620,0.350
47500,0.030,0.649,0.321
48000,0.030,0.583,0.387
48500,0.030,0.529,0.441
49000,0.030,0.565,0.405
49500,0.030,0.538,0.431
50000,0.030,0.550,0.419
50500,0.030,0.482,0.487
51000,0.030,0.463,0.507
51500,0.030,0.534,0.436
52000,0.030,0.636,0.334
52500,0.030,0.446,0.524
53000,0.030,0.452,0.518
53500,0.030,0.505,0.465
54000,0.030,0.508,0.462
54500,0.030,0.506,0.464
55000,0.030,0.463,0.507
55500,0.030,0.505,0.465
56000,0.030,0.556,0.413
56500,0.030,0.445,0.525
57000,0.030,0.494,0.476
57500,0.030,0.502,0.468
58000,0.030,0.574,0.396
58500,0.030,0.525,0.445
59000,0.030,0.540,0.429
59500,0.030,0.466,0.504
60000,0.030,0.536,0.433
60500,0.030,0.565,0.405
61000,0.030,0.502,0.468
61500,0.030,0.495,0.475
62000,0.030,0.522,0.448
62500,0.030,0.543,0.426
63000,0.030,0.602,0.368
63500,0.030,0.579,0.391
64000,0.030,0.633,0.337
64500,0.030,0.625,0.345
65000,0.030,0.556,0.413
65500,0.030,0.495,0.474
66000,0.030,0.523,0.447
66500,0.030,0.515,0.455
67000,0.030,0.462,0.508
67500,0.030,0.452,0.518
68000,0.030,0.580,0.390
68500,0.030,0.544,0.425
69000,0.030,0.518,0.452
69500,0.030,0.518,0.452
70000,0.030,0.468,0.502
70500,0.030,0.455,0.515
71000,0.030,0.497,0.472
71500,0.030,0.468,0.502
72000,0.030,0.401,0.569
72500,0.030,0.503,0.467
73000,0.030,0.489,0.481
73500,0.030,0.563,0.407
74000,0.030,0.497,0.473
74500,0.030,0.523,0.447
75000,0.030,0.533,0.436
75500,0.030,0.607,0.363
76000,0.030,0.546,0.423
76500,0.030,0.462,0.508
77000,0.030,0.558,0.412
77500,0.030,0.477,0.493
78000,0.030,0.516,0.454
78500,0.030,0.445,0.525
79000,0.030,0.487,0.483
79500,0.030,0.430,0.539
80000,0.030,0.503,0.467
80500,0.030,0.450,0.520
81000,0.030,0.495,0.474
81500,0.030,0.590,0.380
82000,0.030,0.479,0.491
82500,0.030,0.457,0.513
83000,0.036,0.356,0.607
83500,0.031,0.449,0.520
84000,0.030,0.455,0.514
84500,0.030,0.482,0.487
85000,0.030,0.500,0.470
85500,0.030,0.453,0.517
86000,0.030,0.409,0.561
86500,0.030,0.496,0.473
87000,0.030,0.502,0.468
87500,0.030,0.444,0.526
88000,0.030,0.542,0.428
88500,0.030,0.517,0.453
89000,0.030,0.534,0.435
89500,0.030,0.514,0.456
90000,0.030,0.470,0.499
90500,0.030,0.482,0.488
91000,0.030,0.445,0.525
91500,0.030,0.514,0.456
92000,0.030,0.560,0.409
92500,0.030,0.623,0.347
93000,0.030,0.584,0.386
93500,0.030,0.561,0.408
94000,0.030,0.610,0.360
94500,0.030,0.467,0.503
95000,0.030,0.527,0.443
95500,0.030,0.458,0.512
96000,0.030,0.500,0.470
96500,0.030,0.486,0.483
97000,0.030,0.579,0.391
97500,0.030,0.534,0.436
98000,0.030,0.529,0.441
98500,0.030,0.519,0.451
99000,0.030,0.502,0.468
99500,0.030,0.537,0.433
100000,0.030,0.502,0.468
100500,0.030,0.528,0.442
101000,0.030,0.534,0.435
101500,0.030,0.475,0.495
102000,0.030,0.514,0.456
102500,0.030,0.468,0.502
103000,0.030,0.479,0.491
103500,0.030,0.484,0.486
104000,0.030,0.548,0.422
104500,0.030,0.547,0.423
105000,0.030,0.575,0.395
105500,0.030,0.540,0.430
106000,0.030,0.506,0.464
106500,0.030,0.568,0.402
107000,0.030,0.477,0.492
107500,0.030,0.547,0.423
108000,0.030,0.487,0.483
108500,0.030,0.527,0.443
109000,0.030,0.471,0.499
109500,0.030,0.468,0.502
110000,0.030,0.540,0.429
110500,0.030,0.521,0.449
111000,0.030,0.511,0.459
111500,0.030,0.548,0.422
112000,0.030,0.536,0.433
112500,0.030,0.579,0.391
113000,0.030,0.461,0.509
113500,0.030,0.475,0.495
114000,0.030,0.596,0.374
114500,0.030,0.453,0.517
115000,0.030,0.484,0.486
115500,0.030,0.515,0.455
116000,0.030,0.485,0.484
116500,0.030,0.496,0.474
117000,0.030,0.509,0.461
117500,0.030,0.504,0.466
118000,0.030,0.494,0.475
118500,0.030,0.551,0.419
119000,0.030,0.589,0.381
119500,0.030,0.595,0.375
120000,0.030,0.588,0.382
120500,0.030,0.482,0.488
121000,0.030,0.536,0.434
121500,0.030,0.495,0.475
122000,0.030,0.498,0.471
122500,0.030,0.504,0.466
123000,0.030,0.509,0.461
123500,0.030,0.524,0.446
124000,0.030,0.583,0.387
124500,0.030,0.539,0.431
125000,0.030,0.502,0.468
125500,0.030,0.513,0.457
126000,0.030,0.488,0.481
126500,0.030,0.531,0.439
127000,0.030,0.529,0.441
127500,0.030,0.499,0.470
128000,0.030,0.510,0.460
128500,0.030,0.582,0.388
129000,0.030,0.588,0.382
129500,0.030,0.565,0.405
130000,0.030,0.559,0.410
130500,0.030,0.566,0.404
131000,0.030,0.460,0.510
131500,0.030,0.479,0.490
132000,0.030,0.519,0.451
132500,0.030,0.587,0.383
133000,0.030,0.590,0.380
133500,0.030,0.550,0.419
134000,0.030,0.554,0.416
134500,0.030,0.548,0.421
135000,0.030,0.565,0.405
135500,0.030,0.501,0.469
136000,0.030,0.441,0.529
136500,0.030,0.469,0.500
137000,0.030,0.556,0.414
137500,0.030,0.495,0.474
138000,0.030,0.497,0.472
138500,0.030,0.526,0.444
139000,0.030,0.528,0.442
139500,0.030,0.525,0.445
140000,0.030,0.550,0.420
140500,0.030,0.555,0.415
141000,0.030,0.502,0.468
141500,0.030,0.495,0.475
142000,0.030,0.552,0.417
142500,0.030,0.552,0.417
143000,0.030,0.427,0.542
143500,0.030,0.557,0.413
144000,0.030,0.539,0.431
144500,0.030,0.505,0.465
145000,0.030,0.538,0.432
145500,0.030,0.476,0.493
146000,0.030,0.504,0.466
146500,0.030,0.433,0.537
147000,0.030,0.513,0.457
147500,0.030,0.399,0.571
148000,0.030,0.458,0.512
148500,0.030,0.433,0.537
149000,0.030,0.499,0.471
149500,0.030,0.515,0.455
150000,0.030,0.485,0.484
150500,0.030,0.477,0.493
151000,0.030,0.483,0.487
151500,0.030,0.565,0.405
152000,0.030,0.475,0.494
152500,0.030,0.428,0.542
153000,0.030,0.529,0.441
153500,0.030,0.478,0.491
154000,0.030,0.492,0.478
154500,0.030,0.505,0.465
155000,0.030,0.541,0.428
155500,0.030,0.517,0.453
156000,0.030,0.559,0.410
156500,0.030,0.603,0.367
157000,0.030,0.598,0.372
157500,0.030,0.571,0.399
158000,0.030,0.465,0.505
158500,0.030,0.393,0.577
159000,0.030,0.448,0.522
159500,0.030,0.426,0.544
160000,0.030,0.500,0.470
160500,0.030,0.525,0.445
161000,0.030,0.608,0.362
161500,0.030,0.574,0.396
162000,0.030,0.615,0.355
162500,0.030,0.595,0.375
163000,0.030,0.623,0.347
163500,0.030,0.680,0.289
164000,0.030,0.616,0.354
164500,0.030,0.602,0.368
165000,0.030,0.587,0.383
165500,0.030,0.522,0.448
166000,0.030,0.447,0.523
166500,0.030,0.547,0.422
167000,0.030,0.500,0.470
167500,0.030,0.562,0.407
168000,0.030,0.610,0.360
168500,0.030,0.546,0.424
169000,0.030,0.579,0.391
169500,0.030,0.524,0.446
170000,0.030,0.496,0.474
170500,0.030,0.480,0.489
171000,0.030,0.539,0.431
171500,0.030,0.581,0.389
172000,0.030,0.587,0.383
172500,0.030,0.545,0.424
173000,0.030,0.577,0.393
173500,0.030,0.531,0.439
174000,0.030,0.508,0.462
174500,0.030,0.488,0.482
175000,0.030,0.501,0.469
175500,0.030,0.439,0.531
176000,0.030,0.506,0.464
176500,0.030,0.477,0.492
177000,0.030,0.533,0.437
177500,0.030,0.429,0.541
178000,0.030,0.507,0.463
178500,0.030,0.499,0.470
179000,0.030,0.461,0.509
179500,0.030,0.458,0.512
180000,0.030,0.455,0.515
180500,0.030,0.485,0.484
181000,0.030,0.562,0.407
181500,0.030,0.627,0.343
182000,0.030,0.590,0.380
182500,0.030,0.506,0.464
183000,0.030,0.510,0.460
183500,0.030,0.499,0.470
184000,0.030,0.393,0.577
184500,0.030,0.482,0.488
185000,0.030,0.520,0.450
185500,0.030,0.588,0.382
186000,0.030,0.557,0.412
186500,0.030,0.536,0.434
187000,0.030,0.559,0.410
187500,0.030,0.548,0.422
188000,0.030,0.610,0.360
188500,0.030,0.515,0.455
189000,0.030,0.411,0.558
189500,0.030,0.473,0.497
190000,0.030,0.582,0.388
190500,0.030,0.586,0.384
191000,0.030,0.494,0.475
191500,0.030,0.476,0.493
192000,0.038,0.321,0.641
192500,0.031,0.427,0.542
193000,0.030,0.530,0.439
193500,0.030,0.566,0.404
194000,0.030,0.550,0.419
194500,0.030,0.635,0.335
195000,0.030,0.561,0.409
195500,0.030,0.528,0.442
196000,0.030,0.512,0.458
196500,0.030,0.573,0.397
197000,0.030,0.588,0.382
197500,0.030,0.447,0.523
198000,0.030,0.504,0.466
198500,0.030,0.481,0.489
199000,0.030,0.424,0.546
199500,0.030,0.436,0.533
200000,0.030,0.513,0.457
200500,0.030,0.466,0.504
201000,0.030,0.511,0.459
201500,0.030,0.487,0.482
202000,0.030,0.532,0.438
202500,0.030,0.531,0.439
203000,0.030,0.471,0.498
203500,0.030,0.443,0.527
204000,0.030,0.487,0.483
204500,0.030,0.585,0.385
205000,0.030,0.521,0.449
205500,0.030,0.504,0.466
206000,0.030,0.509,0.461
206500,0.030,0.549,0.420
207000,0.030,0.486,0.483
207500,0.030,0.556,0.414
208000,0.030,0.575,0.395
208500,0.030,0.536,0.434
209000,0.030,0.463,0.507
209500,0.030,0.431,0.539
210000,0.030,0.465,0.505
210500,0.030,0.488,0.481
211000,0.030,0.513,0.457
211500,0.030,0.532,0.438
212000,0.030,0.537,0.432
212500,0.030,0.580,0.390
213000,0.030,0.558,0.411
213500,0.030,0.551,0.418
214000,0.030,0.561,0.408
214500,0.030,0.556,0.413
215000,0.030,0.545,0.425
215500,0.030,0.457,0.513
216000,0.030,0.523,0.447
216500,0.030,0.484,0.485
217000,0.030,0.546,0.423
217500,0.030,0.573,0.397
218000,0.030,0.558,0.412
218500,0.030,0.535,0.434
219000,0.030,0.595,0.375
219500,0.030,0.524,0.446
220000,0.030,0.392,0.578
220500,0.030,0.466,0.504
221000,0.030,0.504,0.466
221500,0.030,0.508,0.462
222000,0.030,0.486,0.484
222500,0.030,0.443,0.527
223000,0.030,0.474,0.496
223500,0.030,0.541,0.429
224000,0.030,0.542,0.427
224500,0.030,0.525,0.445
225000,0.030,0.489,0.481
225500,0.030,0.527,0.443
226000,0.030,0.509,0.461
226500,0.030,0.473,0.497
227000,0.030,0.505,0.465
227500,0.030,0.482,0.488
228000,0.030,0.496,0.474
228500,0.030,0.606,0.364
229000,0.030,0.590,0.380
229500,0.030,0.563,0.407
230000,0.030,0.526,0.444
230500,0.030,0.508,0.462
231000,0.030,0.586,0.384
231500,0.030,0.565,0.405
232000,0.030,0.613,0.357
232500,0.030,0.604,0.366
233000,0.030,0.559,0.410
233500,0.030,0.536,0.433
234000,0.030,0.460,0.510
234500,0.030,0.474,0.495
235000,0.030,0.578,0.392
235500,0.030,0.575,0.395
236000,0.030,0.556,0.414
236500,0.030,0.566,0.404
237000,0.030,0.592,0.378
237500,0.030,0.497,0.473
238000,0.030,0.496,0.473
238500,0.030,0.478,0.491
239000,0.030,0.534,0.436
239500,0.030,0.504,0.466
240000,0.030,0.486,0.483
240500,0.030,0.545,0.425
241000,0.030,0.526,0.444
241500,0.030,0.579,0.391
242000,0.030,0.583,0.387
242500,0.030,0.570,0.400
243000,0.030,0.561,0.409
243500,0.030,0.605,0.365
244000,0.030,0.591,0.379
244500,0.030,0.531,0.439
245000,0.030,0.540,0.429
245500,0.030,0.496,0.474
246000,0.030,0.490,0.479
246500,0.030,0.546,0.424
247000,0.030,0.485,0.485
247500,0.030,0.450,0.520
248000,0.030,0.485,0.485
248500,0.030,0.520,0.450
249000,0.030,0.473,0.497
249500,0.030,0.491,0.478
250000,0.030,0.491,0.479
250500,0.030,0.494,0.476
251000,0.030,0.449,0.521
251500,0.030,0.541,0.429
252000,0.030,0.571,0.399
252500,0.030,0.573,0.397
253000,0.030,0.516,0.454
253500,0.030,0.497,0.473
254000,0.030,0.427,0.543
254500,0.030,0.483,0.487
255000,0.030,0.420,0.549
255500,0.030,0.471,0.498
256000,0.030,0.496,0.473
256500,0.030,0.507,0.463
257000,0.030,0.479,0.490
257500,0.030,0.573,0.397
258000,0.030,0.530,0.440
258500,0.030,0.565,0.405
259000,0.030,0.447,0.523
259500,0.030,0.519,0.451
260000,0.030,0.531,0.439
260500,0.030,0.441,0.529
261000,0.030,0.474,0.495
261500,0.030,0.453,0.517
262000,0.030,0.464,0.506
262500,0.030,0.560,0.409
263000,0.030,0.595,0.375
263500,0.030,0.597,0.373
264000,0.030,0.593,0.377
264500,0.030,0.580,0.390
265000,0.030,0.552,0.417
265500,0.030,0.570,0.400
266000,0.030,0.569,0.401
266500,0.030,0.552,0.418
267000,0.030,0.565,0.405
267500,0.030,0.592,0.378
268000,0.030,0.518,0.452
268500,0.030,0.556,0.413
269000,0.030,0.514,0.456
269500,0.030,0.581,0.389
270000,0.030,0.571,0.399
270500,0.030,0.593,0.377
271000,0.030,0.574,0.396
271500,0.030,0.506,0.464
272000,0.030,0.438,0.532
272500,0.030,0.508,0.462
273000,0.030,0.585,0.385
273500,0.030,0.587,0.383
274000,0.030,0.544,0.425
274500,0.030,0.518,0.452
275000,0.030,0.515,0.455
275500,0.030,0.457,0.513
276000,0.030,0.474,0.496
276500,0.030,0.389,0.581
277000,0.032,0.491,0.478
277500,0.030,0.430,0.540
278000,0.030,0.424,0.546
278500,0.030,0.558,0.412
279000,0.030,0.503,0.467
279500,0.030,0.511,0.459
280000,0.030,0.498,0.472
280500,0.030,0.480,0.489
281000,0.030,0.471,0.498
281500,0.030,0.454,0.516
282000,0.030,0.482,0.487
282500,0.030,0.443,0.527
283000,0.030,0.579,0.391
283500,0.030,0.593,0.377
284000,0.030,0.651,0.319
284500,0.030,0.632,0.338
285000,0.030,0.607,0.363
285500,0.030,0.482,0.488
286000,0.030,0.465,0.505
286500,0.030,0.544,0.426
287000,0.030,0.582,0.388
287500,0.030,0.576,0.394
288000,0.030,0.499,0.470
288500,0.030,0.494,0.476
289000,0.030,0.568,0.402
289500,0.030,0.604,0.366
290000,0.030,0.504,0.466
290500,0.030,0.581,0.389
291000,0.030,0.519,0.451
291500,0.030,0.537,0.432
292000,0.030,0.552,0.417
292500,0.030,0.571,0.399
293000,0.030,0.578,0.392
293500,0.030,0.610,0.360
294000,0.030,0.603,0.367
294500,0.030,0.479,0.491
295000,0.030,0.479,0.491
295500,0.030,0.438,0.532
296000,0.030,0.492,0.477
296500,0.030,0.533,0.437
297000,0.030,0.529,0.441
297500,0.030,0.456,0.514
298000,0.030,0.473,0.497
298500,0.030,0.567,0.403
299000,0.030,0.495,0.474
299500,0.030,0.443,0.527
300000,0.030,0.480,0.489
300500,0.030,0.525,0.445
301000,0.030,0.445,0.525
301500,0.030,0.498,0.471
302000,0.030,0.533,0.437
302500,0.030,0.553,0.416
303000,0.030,0.605,0.365
303500,0.030,0.574,0.396
304000,0.030,0.507,0.463
304500,0.030,0.460,0.510
305000,0.030,0.558,0.412
305500,0.030,0.497,0.472
306000,0.030,0.529,0.441
306500,0.030,0.553,0.416
307000,0.030,0.530,0.440
307500,0.030,0.587,0.383
308000,0.030,0.536,0.433
308500,0.030,0.556,0.414
309000,0.030,0.563,0.407
309500,0.030,0.518,0.452
310000,0.030,0.579,0.391
310500,0.030,0.602,0.368
311000,0.030,0.644,0.326
311500,0.030,0.571,0.399
312000,0.030,0.650,0.320
312500,0.030,0.595,0.375
313000,0.030,0.567,0.403
313500,0.030,0.532,0.438
314000,0.030,0.558,0.411
314500,0.030,0.556,0.413
315000,0.030,0.448,0.522
315500,0.030,0.539,0.430
316000,0.030,0.567,0.403
316500,0.030,0.526,0.444
317000,0.030,0.513,0.457
317500,0.030,0.448,0.522
318000,0.030,0.424,0.546
318500,0.030,0.445,0.525
319000,0.030,0.438,0.532
319500,0.030,0.419,0.550
320000,0.030,0.407,0.562
320500,0.030,0.480,0.490
321000,0.030,0.518,0.452
321500,0.030,0.499,0.471
322000,0.030,0.486,0.484
322500,0.030,0.496,0.474
323000,0.030,0.466,0.504
323500,0.030,0.428,0.542
324000,0.030,0.569,0.401
324500,0.030,0.546,0.424
325000,0.030,0.617,0.353
325500,0.030,0.586,0.384
326000,0.030,0.583,0.387
326500,0.030,0.531,0.439
327000,0.030,0.472,0.498
327500,0.030,0.564,0.406
328000,0.030,0.436,0.534
328500,0.030,0.427,0.543
329000,0.030,0.484,0.486
329500,0.030,0.469,0.501
330000,0.030,0.442,0.528
330500,0.030,0.493,0.476
331000,0.030,0.444,0.526
331500,0.030,0.391,0.579
332000,0.030,0.444,0.526
332500,0.030,0.474,0.495
333000,0.030,0.470,0.499
333500,0.030,0.536,0.434
334000,0.030,0.521,0.449
334500,0.030,0.534,0.435
335000,0.030,0.527,0.443
335500,0.030,0.631,0.339
336000,0.030,0.611,0.359
336500,0.030,0.463,0.507
337000,0.030,0.512,0.458
337500,0.030,0.557,0.412
338000,0.030,0.663,0.307
338500,0.030,0.605,0.365
339000,0.030,0.635,0.335
339500,0.030,0.610,0.360
340000,0.030,0.591,0.379
340500,0.030,0.645,0.325
341000,0.030,0.544,0.425
341500,0.030,0.538,0.432
342000,0.030,0.590,0.380
342500,0.030,0.535,0.434
343000,0.030,0.510,0.460
343500,0.030,0.572,0.398
344000,0.030,0.516,0.454
344500,0.030,0.497,0.472
345000,0.030,0.526,0.444
345500,0.030,0.527,0.443
346000,0.030,0.526,0.444
346500,0.030,0.485,0.485
347000,0.030,0.563,0.407
347500,0.030,0.499,0.470
348000,0.030,0.514,0.456
348500,0.030,0.498,0.471
349000,0.030,0.488,0.481
349500,0.030,0.510,0.460
350000,0.030,0.492,0.478
350500,0.030,0.537,0.432
351000,0.030,0.493,0.477
351500,0.030,0.467,0.503
352000,0.030,0.446,0.524
352500,0.030,0.445,0.525
353000,0.030,0.430,0.540
353500,0.030,0.511,0.459
354000,0.030,0.560,0.410
354500,0.030,0.554,0.416
355000,0.030,0.588,0.382
355500,0.030,0.577,0.393
356000,0.030,0.495,0.475
356500,0.030,0.476,0.494
357000,0.030,0.538,0.432
357500,0.030,0.588,0.382
358000,0.030,0.528,0.442
358500,0.030,0.546,0.423
359000,0.030,0.505,0.465
359500,0.030,0.549,0.421
360000,0.030,0.534,0.435
360500,0.030,0.463,0.507
361000,0.030,0.441,0.529
361500,0.030,0.435,0.535
362000,0.030,0.485,0.484
362500,0.030,0.388,0.583
363000,0.030,0.486,0.483
363500,0.030,0.444,0.526
364000,0.030,0.455,0.515
364500,0.030,0.527,0.443
365000,0.030,0.532,0.438
365500,0.030,0.567,0.403
366000,0.030,0.532,0.438
366500,0.030,0.519,0.451
367000,0.030,0.482,0.488
367500,0.030,0.583,0.387
368000,0.030,0.589,0.381
368500,0.030,0.520,0.450
369000,0.030,0.532,0.438
369500,0.030,0.566,0.404
370000,0.030,0.512,0.458
370500,0.030,0.503,0.467
371000,0.030,0.583,0.387
371500,0.030,0.528,0.442
372000,0.030,0.537,0.433
372500,0.030,0.486,0.483
373000,0.030,0.522,0.448
373500,0.030,0.582,0.388
374000,0.030,0.516,0.454
374500,0.030,0.511,0.459
375000,0.030,0.504,0.466
375500,0.030,0.609,0.361
376000,0.030,0.636,0.334
376500,0.030,0.601,0.369
377000,0.030,0.513,0.457
377500,0.030,0.444,0.526
378000,0.030,0.558,0.411
378500,0.030,0.588,0.382
379000,0.030,0.524,0.446
379500,0.030,0.557,0.413
380000,0.030,0.589,0.381
380500,0.030,0.574,0.396
381000,0.030,0.501,0.469
381500,0.030,0.489,0.480
382000,0.030,0.451,0.519
382500,0.030,0.481,0.488
383000,0.030,0.462,0.508
383500,0.030,0.434,0.535
384000,0.030,0.540,0.430
384500,0.030,0.545,0.425
385000,0.030,0.548,0.422
385500,0.030,0.579,0.391
386000,0.030,0.575,0.395
386500,0.030,0.655,0.315
387000,0.030,0.608,0.362
387500,0.030,0.555,0.414
388000,0.030,0.546,0.423
388500,0.030,0.499,0.471
389000,0.030,0.443,0.527
389500,0.030,0.477,0.493
390000,0.030,0.481,0.489
390500,0.030,0.463,0.507
391000,0.030,0.506,0.464
391500,0.030,0.459,0.511
392000,0.030,0.497,0.473
392500,0.030,0.577,0.393
393000,0.030,0.482,0.487
393500,0.030,0.540,0.429
394000,0.030,0.586,0.384
394500,0.030,0.465,0.505
395000,0.030,0.500,0.470
395500,0.030,0.558,0.411
396000,0.030,0.556,0.414
396500,0.030,0.492,0.477
397000,0.030,0.575,0.395
397500,0.030,0.615,0.355
398000,0.030,0.607,0.363
398500,0.030,0.626,0.344
399000,0.030,0.597,0.373
399500,0.030,0.565,0.405
400000,0.030,0.606,0.364
400500,0.030,0.641,0.329
401000,0.030,0.599,0.371
401500,0.030,0.509,0.461
402000,0.030,0.516,0.454
402500,0.030,0.502,0.468
403000,0.030,0.438,0.532
403500,0.030,0.490,0.480
404000,0.030,0.483,0.486
404500,0.030,0.568,0.402
405000,0.030,0.523,0.447
405500,0.030,0.566,0.404
406000,0.030,0.446,0.524
406500,0.030,0.460,0.510
407000,0.030,0.457,0.513
407500,0.030,0.373,0.597
408000,0.030,0.427,0.542
408500,0.030,0.510,0.460
409000,0.030,0.502,0.468
409500,0.030,0.489,0.481
410000,0.030,0.477,0.492
410500,0.030,0.525,0.445
411000,0.030,0.562,0.407
411500,0.030,0.635,0.335
412000,0.030,0.589,0.381
412500,0.030,0.570,0.400
413000,0.030,0.534,0.436
413500,0.030,0.581,0.389
414000,0.030,0.537,0.432
414500,0.030,0.498,0.471
415000,0.030,0.534,0.436
415500,0.030,0.516,0.454
416000,0.030,0.580,0.390
416500,0.030,0.547,0.423
417000,0.030,0.491,0.479
417500,0.030,0.443,0.527
418000,0.030,0.557,0.412
418500,0.030,0.511,0.459
419000,0.030,0.498,0.472
419500,0.030,0.509,0.461
420000,0.030,0.498,0.472
420500,0.030,0.485,0.485
421000,0.030,0.573,0.397
421500,0.030,0.530,0.440
422000,0.030,0.636,0.334
422500,0.030,0.581,0.389
423000,0.030,0.485,0.484
423500,0.030,0.466,0.504
424000,0.030,0.499,0.470
424500,0.030,0.515,0.455
425000,0.030,0.519,0.451
425500,0.030,0.501,0.469
426000,0.030,0.458,0.512
426500,0.030,0.574,0.396
427000,0.030,0.461,0.509
427500,0.030,0.495,0.475
428000,0.030,0.478,0.491
428500,0.030,0.416,0.554
429000,0.030,0.516,0.454
429500,0.030,0.445,0.525
430000,0.030,0.501,0.469
430500,0.030,0.454,0.516
431000,0.030,0.514,0.456
431500,0.030,0.506,0.464
432000,0.030,0.483,0.486
432500,0.030,0.516,0.454
433000,0.030,0.623,0.347
433500,0.030,0.608,0.362
434000,0.030,0.600,0.370
434500,0.030,0.509,0.461
435000,0.030,0.543,0.427
435500,0.030,0.502,0.468
436000,0.030,0.474,0.496
436500,0.030,0.439,0.531
437000,0.030,0.496,0.473
437500,0.030,0.442,0.528
438000,0.030,0.520,0.450
438500,0.030,0.548,0.422
439000,0.030,0.479,0.490
439500,0.030,0.490,0.480
440000,0.030,0.538,0.432
440500,0.030,0.550,0.419
441000,0.030,0.490,0.480
441500,0.030,0.447,0.523
442000,0.030,0.587,0.383
442500,0.030,0.490,0.480
443000,0.030,0.458,0.512
443500,0.030,0.493,0.476
444000,0.030,0.496,0.474
444500,0.030,0.540,0.430
445000,0.030,0.487,0.483
445500,0.030,0.562,0.408
446000,0.030,0.480,0.489
446500,0.030,0.568,0.402
447000,0.030,0.512,0.458
447500,0.030,0.560,0.409
448000,0.030,0.534,0.435
448500,0.030,0.551,0.419
449000,0.030,0.550,0.420
449500,0.030,0.507,0.463
450000,0.030,0.527,0.443
450500,0.030,0.511,0.459
451000,0.030,0.598,0.372
451500,0.030,0.640,0.330
452000,0.030,0.553,0.416
452500,0.030,0.594,0.376
453000,0.030,0.518,0.452
453500,0.030,0.506,0.464
454000,0.030,0.413,0.557
454500,0.030,0.498,0.471
455000,0.030,0.447,0.523
455500,0.030,0.552,0.418
456000,0.030,0.564,0.406
456500,0.030,0.597,0.373
457000,0.030,0.573,0.397
457500,0.030,0.531,0.439
458000,0.030,0.464,0.506
458500,0.030,0.529,0.441
459000,0.030,0.445,0.525
459500,0.030,0.457,0.513
460000,0.030,0.546,0.423
460500,0.030,0.546,0.424
461000,0.030,0.479,0.491
461500,0.030,0.543,0.426
462000,0.030,0.542,0.428
462500,0.030,0.507,0.463
463000,0.030,0.435,0.534
463500,0.030,0.471,0.499
464000,0.030,0.445,0.525
464500,0.030,0.472,0.497
465000,0.030,0.529,0.441
465500,0.030,0.541,0.429
466000,0.030,0.621,0.349
466500,0.030,0.482,0.488
467000,0.030,0.454,0.516
467500,0.030,0.512,0.458
468000,0.030,0.566,0.404
468500,0.030,0.553,0.416
469000,0.030,0.584,0.386
469500,0.030,0.543,0.426
470000,0.030,0.534,0.435
470500,0.030,0.391,0.579
471000,0.030,0.475,0.494
471500,0.030,0.416,0.553
472000,0.030,0.488,0.481
472500,0.030,0.436,0.533
473000,0.030,0.524,0.446
473500,0.030,0.506,0.464
474000,0.030,0.553,0.416
474500,0.030,0.519,0.451
475000,0.030,0.441,0.529
475500,0.030,0.585,0.385
476000,0.030,0.542,0.427
476500,0.030,0.475,0.495
477000,0.030,0.403,0.567
477500,0.030,0.503,0.467
478000,0.030,0.505,0.465
478500,0.030,0.507,0.463
479000,0.030,0.470,0.499
479500,0.030,0.462,0.508
480000,0.030,0.534,0.435
480500,0.030,0.573,0.397
481000,0.030,0.521,0.449
481500,0.030,0.524,0.446
482000,0.030,0.578,0.392
482500,0.030,0.672,0.297
483000,0.030,0.599,0.371
483500,0.030,0.537,0.432
484000,0.030,0.458,0.512
484500,0.030,0.517,0.453
485000,0.030,0.590,0.380
485500,0.030,0.607,0.363
486000,0.030,0.596,0.374
486500,0.030,0.642,0.328
487000,0.030,0.612,0.358
487500,0.030,0.566,0.404
488000,0.030,0.606,0.364
488500,0.030,0.528,0.442
489000,0.030,0.486,0.484
489500,0.030,0.533,0.436
490000,0.030,0.584,0.386
490500,0.030,0.505,0.465
491000,0.030,0.543,0.426
491500,0.030,0.531,0.439
492000,0.030,0.608,0.362
492500,0.030,0.542,0.427
493000,0.030,0.528,0.442
493500,0.030,0.499,0.470
494000,0.030,0.406,0.564
494500,0.030,0.362,0.608
495000,0.030,0.477,0.492
495500,0.030,0.399,0.571
496000,0.030,0.486,0.484
496500,0.030,0.606,0.364
497000,0.030,0.504,0.466
497500,0.030,0.507,0.463
498000,0.030,0.532,0.438
498500,0.030,0.535,0.435
499000,0.030,0.486,0.484
499500,0.030,0.474,0.496
500000,0.030,0.463,0.507
500500,0.030,0.534,0.435
501000,0.030,0.472,0.498
501500,0.030,0.410,0.559
502000,0.030,0.520,0.450
502500,0.030,0.544,0.425
503000,0.030,0.467,0.503
503500,0.030,0.531,0.439
504000,0.030,0.450,0.520
504500,0.030,0.467,0.503
505000,0.030,0.543,0.426
505500,0.030,0.542,0.428
506000,0.030,0.569,0.401
506500,0.030,0.555,0.414
507000,0.030,0.549,0.420
507500,0.030,0.517,0.453
508000,0.030,0.473,0.497
508500,0.030,0.486,0.483
509000,0.030,0.517,0.453
509500,0.030,0.556,0.414
510000,0.030,0.490,0.480
510500,0.030,0.541,0.429
511000,0.030,0.476,0.494
511500,0.030,0.601,0.369
512000,0.030,0.552,0.418
512500,0.030,0.455,0.515
513000,0.030,0.427,0.543
513500,0.030,0.531,0.439
514000,0.030,0.558,0.412
514500,0.030,0.556,0.413
515000,0.030,0.522,0.448
515500,0.030,0.534,0.436
516000,0.030,0.547,0.422
516500,0.030,0.595,0.375
517000,0.030,0.514,0.456
517500,0.030,0.513,0.457
518000,0.030,0.503,0.467
518500,0.030,0.515,0.455
519000,0.030,0.488,0.482
519500,0.030,0.524,0.446
520000,0.030,0.518,0.452
520500,0.030,0.485,0.484
521000,0.030,0.454,0.516
521500,0.030,0.510,0.460
522000,0.030,0.575,0.395
522500,0.030,0.611,0.359
523000,0.030,0.518,0.452
523500,0.030,0.502,0.468
524000,0.030,0.531,0.439
524500,0.030,0.608,0.362
525000,0.030,0.561,0.409
525500,0.030,0.576,0.394
526000,0.030,0.566,0.404
526500,0.030,0.533,0.437
527000,0.030,0.528,0.442
527500,0.030,0.601,0.369
528000,0.030,0.545,0.424
528500,0.030,0.493,0.477
529000,0.030,0.480,0.490
529500,0.030,0.470,0.499
530000,0.030,0.483,0.487
530500,0.030,0.447,0.523
531000,0.030,0.516,0.454
531500,0.030,0.488,0.482
532000,0.030,0.425,0.545
532500,0.030,0.531,0.439
533000,0.030,0.575,0.395
533500,0.030,0.539,0.430
534000,0.030,0.506,0.464
534500,0.030,0.443,0.527
535000,0.030,0.533,0.437
535500,0.030,0.534,0.436
536000,0.030,0.530,0.440
536500,0.030,0.480,0.489
537000,0.030,0.496,0.473
537500,0.030,0.534,0.435
538000,0.030,0.547,0.422
538500,0.030,0.546,0.423
539000,0.030,0.514,0.456
539500,0.030,0.496,0.473
540000,0.030,0.512,0.458
540500,0.030,0.533,0.436
541000,0.030,0.534,0.435
541500,0.030,0.524,0.446
542000,0.030,0.450,0.520
542500,0.030,0.557,0.412
543000,0.030,0.587,0.383
543500,0.030,0.598,0.372
544000,0.030,0.527,0.443
544500,0.030,0.532,0.438
545000,0.030,0.432,0.537
545500,0.030,0.442,0.528
546000,0.030,0.406,0.564
546500,0.030,0.427,0.543
547000,0.030,0.453,0.517
547500,0.030,0.469,0.501
548000,0.030,0.497,0.473
548500,0.030,0.516,0.454
549000,0.030,0.456,0.514
549500,0.030,0.501,0.469
550000,0.030,0.515,0.455
550500,0.030,0.523,0.447
551000,0.030,0.544,0.425
551500,0.030,0.577,0.393
552000,0.030,0.553,0.416
552500,0.030,0.524,0.446
553000,0.033,0.462,0.505
553500,0.030,0.438,0.532
554000,0.030,0.544,0.425
554500,0.030,0.542,0.427
555000,0.030,0.508,0.462
555500,0.030,0.574,0.396
556000,0.030,0.560,0.409
556500,0.030,0.547,0.422
557000,0.030,0.533,0.436
557500,0.030,0.567,0.403
558000,0.030,0.520,0.450
558500,0.030,0.503,0.467
559000,0.030,0.587,0.383
559500,0.030,0.536,0.433
560000,0.030,0.475,0.494
560500,0.030,0.512,0.458
561000,0.030,0.518,0.452
561500,0.030,0.519,0.451
562000,0.030,0.480,0.490
562500,0.030,0.540,0.429
563000,0.030,0.456,0.514
563500,0.030,0.487,0.483
564000,0.030,0.521,0.449
564500,0.030,0.499,0.470
565000,0.030,0.561,0.409
565500,0.030,0.594,0.376
566000,0.030,0.491,0.479
566500,0.030,0.476,0.493
567000,0.030,0.523,0.447
567500,0.030,0.606,0.364
568000,0.030,0.618,0.352
568500,0.030,0.610,0.360
569000,0.030,0.579,0.391
569500,0.030,0.536,0.434
570000,0.030,0.558,0.412
570500,0.030,0.600,0.370
571000,0.030,0.652,0.318
571500,0.030,0.638,0.332
572000,0.030,0.570,0.400
572500,0.030,0.537,0.432
573000,0.030,0.588,0.382
573500,0.030,0.602,0.368
574000,0.030,0.542,0.428
574500,0.030,0.556,0.414
575000,0.030,0.554,0.415
575500,0.030,0.508,0.462
576000,0.030,0.469,0.501
576500,0.030,0.468,0.502
577000,0.030,0.473,0.496
577500,0.030,0.449,0.521
578000,0.030,0.517,0.453
578500,0.030,0.483,0.486
579000,0.030,0.471,0.498
579500,0.030,0.429,0.540
580000,0.030,0.463,0.507
580500,0.030,0.484,0.486
581000,0.030,0.515,0.455
581500,0.030,0.469,0.500
582000,0.030,0.450,0.520
582500,0.030,0.500,0.470
583000,0.030,0.564,0.406
583500,0.030,0.457,0.513
584000,0.030,0.469,0.501
584500,0.030,0.453,0.517
585000,0.030,0.511,0.459
585500,0.030,0.479,0.491
586000,0.030,0.453,0.517
586500,0.030,0.514,0.456
587000,0.030,0.526,0.444
587500,0.030,0.477,0.493
588000,0.030,0.493,0.477
588500,0.030,0.482,0.488
589000,0.030,0.512,0.458
589500,0.030,0.543,0.427
590000,0.030,0.570,0.400
590500,0.030,0.564,0.406
591000,0.030,0.523,0.447
591500,0.030,0.463,0.507
592000,0.030,0.549,0.421
592500,0.030,0.523,0.447
593000,0.030,0.521,0.449
593500,0.030,0.505,0.465
594000,0.030,0.488,0.482
594500,0.030,0.489,0.480
595000,0.030,0.550,0.419
595500,0.030,0.529,0.441
596000,0.030,0.540,0.430
596500,0.030,0.555,0.415
597000,0.030,0.582,0.388
597500,0.030,0.556,0.413
598000,0.030,0.530,0.440
598500,0.030,0.463,0.507
599000,0.030,0.488,0.482
599500,0.030,0.507,0.463
600000,0.030,0.538,0.432
600500,0.030,0.481,0.488
601000,0.030,0.460,0.510
601500,0.030,0.421,0.548
602000,0.030,0.510,0.460
602500,0.030,0.537,0.433
603000,0.030,0.484,0.486
603500,0.030,0.532,0.438
604000,0.030,0.517,0.453
604500,0.030,0.413,0.556
605000,0.030,0.483,0.486
605500,0.030,0.512,0.458
606000,0.030,0.511,0.459
606500,0.030,0.496,0.474
607000,0.030,0.543,0.426
607500,0.030,0.573,0.397
608000,0.030,0.493,0.476
608500,0.030,0.511,0.459
609000,0.030,0.452,0.518
609500,0.030,0.433,0.537
610000,0.030,0.482,0.488
610500,0.030,0.483,0.486
611000,0.030,0.461,0.509
611500,0.030,0.499,0.471
612000,0.030,0.513,0.457
612500,0.030,0.486,0.484
613000,0.030,0.430,0.539
613500,0.030,0.521,0.449
614000,0.030,0.532,0.438
614500,0.030,0.481,0.488
615000,0.030,0.537,0.432
615500,0.030,0.525,0.445
616000,0.030,0.571,0.399
616500,0.030,0.507,0.463
617000,0.030,0.543,0.427
617500,0.030,0.486,0.484
618000,0.030,0.472,0.497
618500,0.030,0.495,0.475
619000,0.030,0.526,0.444
619500,0.030,0.579,0.391
620000,0.030,0.582,0.388
620500,0.030,0.523,0.447
621000,0.030,0.541,0.429
621500,0.030,0.576,0.394
622000,0.030,0.544,0.425
622500,0.030,0.530,0.440
623000,0.030,0.522,0.448
623500,0.030,0.600,0.370
624000,0.030,0.570,0.400
624500,0.030,0.483,0.486
625000,0.030,0.515,0.455
625500,0.030,0.503,0.467
626000,0.030,0.595,0.375
626500,0.030,0.573,0.397
627000,0.030,0.567,0.403
627500,0.030,0.583,0.387
628000,0.030,0.513,0.457
628500,0.030,0.480,0.489
629000,0.030,0.476,0.493
629500,0.030,0.555,0.414
630000,0.030,0.513,0.457
630500,0.030,0.497,0.472
631000,0.030,0.519,0.451
631500,0.030,0.524,0.446
632000,0.030,0.560,0.409
632500,0.030,0.524,0.446
633000,0.030,0.484,0.486
633500,0.030,0.571,0.399
634000,0.030,0.524,0.446
634500,0.030,0.559,0.411
635000,0.030,0.509,0.461
635500,0.030,0.521,0.449
636000,0.030,0.452,0.518
636500,0.030,0.436,0.533
637000,0.030,0.521,0.449
637500,0.030,0.560,0.409
638000,0.030,0.535,0.434
638500,0.030,0.513,0.457
639000,0.030,0.514,0.456
639500,0.030,0.517,0.453
640000,0.030,0.481,0.489
640500,0.030,0.532,0.438
641000,0.030,0.476,0.494
641500,0.030,0.497,0.472
642000,0.030,0.520,0.450
642500,0.030,0.521,0.449
643000,0.030,0.502,0.468
643500,0.030,0.552,0.418
644000,0.030,0.539,0.431
644500,0.030,0.500,0.470
645000,0.030,0.435,0.534
645500,0.030,0.513,0.457
646000,0.030,0.476,0.493
646500,0.030,0.571,0.399
647000,0.030,0.505,0.465
647500,0.030,0.427,0.542
648000,0.030,0.504,0.466
648500,0.030,0.517,0.453
649000,0.030,0.490,0.479
649500,0.030,0.500,0.470
650000,0.030,0.537,0.432
650500,0.030,0.531,0.439
651000,0.030,0.498,0.472
651500,0.030,0.561,0.409
652000,0.030,0.545,0.425
652500,0.030,0.436,0.534
653000,0.030,0.473,0.497
653500,0.030,0.519,0.451
654000,0.030,0.535,0.434
654500,0.030,0.499,0.470
655000,0.030,0.430,0.539
655500,0.030,0.545,0.425
656000,0.030,0.588,0.382
656500,0.030,0.575,0.395
657000,0.030,0.492,0.477
657500,0.030,0.491,0.478
658000,0.030,0.410,0.560
658500,0.030,0.586,0.384
659000,0.030,0.481,0.488
659500,0.030,0.598,0.372
660000,0.030,0.585,0.385
660500,0.030,0.548,0.422
661000,0.030,0.471,0.499
661500,0.030,0.475,0.495
662000,0.030,0.528,0.442
662500,0.030,0.509,0.461
663000,0.030,0.501,0.469
663500,0.030,0.528,0.442
664000,0.030,0.526,0.444
664500,0.030,0.510,0.460
665000,0.030,0.562,0.407
665500,0.030,0.502,0.468
666000,0.030,0.414,0.556
666500,0.030,0.421,0.548
667000,0.030,0.446,0.524
667500,0.030,0.518,0.452
668000,0.030,0.392,0.578
668500,0.030,0.473,0.497
669000,0.030,0.408,0.561
669500,0.030,0.431,0.538
670000,0.030,0.482,0.487
670500,0.030,0.574,0.396
671000,0.030,0.579,0.391
671500,0.030,0.558,0.411
672000,0.030,0.508,0.462
672500,0.030,0.514,0.456
673000,0.030,0.550,0.420
673500,0.030,0.521,0.449
674000,0.030,0.423,0.547
674500,0.030,0.548,0.422
675000,0.030,0.497,0.472
675500,0.030,0.489,0.480
676000,0.030,0.523,0.447
676500,0.030,0.486,0.484
677000,0.030,0.530,0.440
677500,0.030,0.490,0.480
678000,0.030,0.442,0.528
678500,0.030,0.484,0.486
679000,0.030,0.464,0.506
679500,0.030,0.522,0.448
680000,0.030,0.599,0.371
680500,0.030,0.553,0.416
681000,0.030,0.488,0.481
681500,0.030,0.544,0.425
682000,0.030,0.544,0.425
682500,0.030,0.560,0.409
683000,0.030,0.507,0.463
683500,0.030,0.508,0.462
684000,0.030,0.481,0.488
684500,0.030,0.526,0.444
685000,0.030,0.488,0.482
685500,0.030,0.503,0.467
686000,0.030,0.571,0.399
686500,0.030,0.554,0.416
687000,0.030,0.608,0.362
687500,0.030,0.609,0.361
688000,0.030,0.554,0.416
688500,0.030,0.595,0.375
689000,0.030,0.483,0.487
689500,0.030,0.491,0.479
690000,0.030,0.590,0.380
690500,0.030,0.549,0.420
691000,0.030,0.541,0.429
691500,0.030,0.442,0.528
692000,0.030,0.489,0.481
692500,0.030,0.537,0.432
693000,0.030,0.557,0.412
693500,0.030,0.569,0.401
694000,0.030,0.538,0.431
694500,0.030,0.437,0.533
695000,0.030,0.464,0.506
695500,0.030,0.480,0.489
696000,0.030,0.415,0.555
696500,0.030,0.446,0.524
697000,0.030,0.449,0.521
697500,0.030,0.414,0.556
698000,0.030,0.489,0.481
698500,0.030,0.443,0.527
699000,0.030,0.576,0.394
699500,0.030,0.517,0.453
700000,0.030,0.493,0.476
700500,0.030,0.516,0.454
701000,0.030,0.570,0.400
701500,0.030,0.486,0.484
702000,0.030,0.551,0.418
702500,0.030,0.605,0.365
703000,0.030,0.545,0.425
703500,0.030,0.506,0.464
704000,0.030,0.498,0.471
704500,0.030,0.451,0.519
705000,0.030,0.506,0.464
705500,0.030,0.483,0.486
706000,0.030,0.542,0.428
706500,0.030,0.562,0.408
707000,0.030,0.421,0.549
707500,0.030,0.445,0.525
708000,0.030,0.449,0.521
708500,0.030,0.465,0.505
709000,0.030,0.586,0.384
709500,0.030,0.603,0.367
710000,0.030,0.522,0.448
710500,0.030,0.622,0.348
711000,0.030,0.608,0.362
711500,0.030,0.583,0.387
712000,0.030,0.622,0.348
712500,0.030,0.523,0.447
713000,0.030,0.508,0.462
713500,0.030,0.542,0.427
714000,0.030,0.584,0.386
714500,0.030,0.527,0.443
715000,0.030,0.498,0.472
715500,0.030,0.594,0.376
716000,0.030,0.565,0.405
716500,0.030,0.531,0.439
717000,0.030,0.482,0.487
717500,0.030,0.430,0.540
718000,0.030,0.501,0.469
718500,0.030,0.489,0.480
719000,0.030,0.420,0.549
719500,0.030,0.484,0.485
720000,0.030,0.604,0.366
720500,0.030,0.582,0.388
721000,0.030,0.486,0.483
721500,0.030,0.482,0.487
722000,0.030,0.471,0.499
722500,0.030,0.514,0.456
723000,0.030,0.561,0.409
723500,0.030,0.518,0.452
724000,0.030,0.499,0.471
724500,0.030,0.503,0.467
725000,0.030,0.503,0.467
725500,0.030,0.473,0.497
726000,0.030,0.524,0.446
726500,0.030,0.538,0.431
727000,0.030,0.582,0.388
727500,0.030,0.562,0.407
728000,0.030,0.596,0.374
728500,0.030,0.552,0.417
729000,0.030,0.536,0.434
729500,0.030,0.535,0.434
730000,0.030,0.450,0.520
730500,0.030,0.580,0.390
731000,0.030,0.560,0.410
731500,0.030,0.521,0.449
732000,0.030,0.585,0.385
732500,0.030,0.601,0.369
733000,0.030,0.592,0.378
733500,0.030,0.625,0.345
734000,0.030,0.608,0.362
734500,0.030,0.551,0.419
735000,0.030,0.521,0.449
735500,0.030,0.502,0.468
736000,0.030,0.519,0.451
736500,0.030,0.511,0.459
737000,0.030,0.511,0.459
737500,0.030,0.626,0.344
738000,0.030,0.591,0.379
738500,0.030,0.561,0.408
739000,0.030,0.552,0.417
739500,0.030,0.504,0.466
740000,0.030,0.548,0.422
740500,0.030,0.573,0.397
741000,0.030,0.545,0.425
741500,0.030,0.521,0.449
742000,0.030,0.540,0.429
742500,0.030,0.455,0.515
743000,0.030,0.574,0.396
743500,0.030,0.502,0.468
744000,0.030,0.530,0.440
744500,0.030,0.493,0.477
745000,0.030,0.459,0.511
745500,0.030,0.452,0.518
746000,0.030,0.427,0.542
746500,0.030,0.493,0.476
747000,0.030,0.381,0.589
747500,0.030,0.443,0.527
748000,0.030,0.516,0.454
748500,0.030,0.541,0.428
749000,0.030,0.560,0.409
749500,0.030,0.571,0.399
750000,0.030,0.535,0.434
750500,0.030,0.517,0.453
751000,0.030,0.479,0.491
751500,0.030,0.453,0.517
752000,0.030,0.520,0.450
752500,0.030,0.501,0.469
753000,0.030,0.494,0.475
753500,0.030,0.510,0.460
754000,0.030,0.479,0.491
754500,0.030,0.535,0.435
755000,0.030,0.564,0.406
755500,0.030,0.448,0.522
756000,0.030,0.523,0.447
756500,0.030,0.498,0.471
757000,0.030,0.514,0.456
757500,0.030,0.570,0.400
758000,0.030,0.527,0.443
758500,0.030,0.519,0.451
759000,0.030,0.490,0.480
759500,0.030,0.561,0.408
760000,0.030,0.548,0.422
760500,0.030,0.478,0.492
761000,0.030,0.556,0.414
761500,0.030,0.648,0.322
762000,0.030,0.532,0.438
762500,0.030,0.533,0.436
763000,0.030,0.519,0.451
763500,0.030,0.466,0.504
764000,0.030,0.602,0.368
764500,0.030,0.490,0.480
765000,0.030,0.548,0.421
765500,0.030,0.553,0.416
766000,0.030,0.575,0.395
766500,0.030,0.525,0.445
767000,0.030,0.569,0.401
767500,0.030,0.543,0.427
768000,0.030,0.615,0.355
768500,0.030,0.562,0.408
769000,0.030,0.607,0.363
769500,0.030,0.532,0.438
770000,0.030,0.608,0.362
770500,0.030,0.486,0.483
771000,0.030,0.434,0.536
771500,0.030,0.473,0.496
772000,0.030,0.446,0.524
772500,0.030,0.496,0.473
773000,0.030,0.509,0.461
773500,0.030,0.500,0.470
774000,0.030,0.479,0.490
774500,0.030,0.528,0.442
775000,0.030,0.562,0.408
775500,0.030,0.579,0.391
776000,0.030,0.450,0.520
776500,0.030,0.517,0.453
777000,0.030,0.586,0.384
777500,0.030,0.654,0.316
778000,0.030,0.596,0.374
778500,0.030,0.462,0.508
779000,0.030,0.501,0.469
779500,0.030,0.529,0.441
780000,0.030,0.558,0.412
780500,0.030,0.518,0.452
781000,0.030,0.493,0.476
781500,0.030,0.549,0.420
782000,0.030,0.474,0.495
782500,0.030,0.506,0.464
783000,0.030,0.490,0.479
783500,0.030,0.501,0.469
784000,0.030,0.460,0.510
784500,0.030,0.478,0.491
785000,0.030,0.489,0.480
785500,0.030,0.524,0.446
786000,0.030,0.499,0.470
786500,0.030,0.486,0.483
787000,0.030,0.414,0.555
787500,0.030,0.477,0.493
788000,0.030,0.543,0.426
788500,0.030,0.625,0.345
789000,0.030,0.546,0.424
789500,0.030,0.513,0.457
790000,0.030,0.501,0.469
790500,0.030,0.425,0.544
791000,0.030,0.480,0.489
791500,0.030,0.427,0.543
792000,0.030,0.550,0.420
792500,0.030,0.559,0.411
793000,0.030,0.509,0.461
793500,0.030,0.579,0.391
794000,0.030,0.579,0.391
794500,0.030,0.535,0.434
795000,0.030,0.494,0.476
795500,0.030,0.481,0.488
796000,0.030,0.514,0.456
796500,0.030,0.488,0.482
797000,0.030,0.525,0.445
797500,0.030,0.606,0.364
798000,0.030,0.522,0.448
798500,0.030,0.528,0.442
799000,0.030,0.551,0.418
799500,0.030,0.421,0.548
800000,0.030,0.433,0.536
800500,0.030,0.496,0.473
801000,0.030,0.482,0.487
801500,0.030,0.531,0.439
802000,0.030,0.540,0.429
802500,0.030,0.525,0.445
803000,0.030,0.557,0.412
803500,0.030,0.539,0.430
804000,0.030,0.582,0.388
804500,0.030,0.545,0.425
805000,0.030,0.527,0.443
805500,0.030,0.430,0.540
806000,0.030,0.519,0.451
806500,0.030,0.542,0.428
807000,0.030,0.569,0.401
807500,0.030,0.486,0.484
808000,0.030,0.489,0.481
808500,0.030,0.509,0.461
809000,0.030,0.550,0.419
809500,0.030,0.518,0.452
810000,0.030,0.518,0.452
810500,0.030,0.453,0.517
811000,0.030,0.509,0.461
811500,0.030,0.459,0.511
812000,0.030,0.537,0.433
812500,0.030,0.510,0.460
813000,0.030,0.494,0.476
813500,0.030,0.461,0.509
814000,0.030,0.443,0.527
814500,0.030,0.468,0.502
815000,0.030,0.526,0.444
815500,0.030,0.490,0.479
816000,0.030,0.547,0.423
816500,0.030,0.523,0.447
817000,0.030,0.548,0.422
817500,0.030,0.597,0.373
818000,0.030,0.585,0.385
818500,0.030,0.547,0.423
819000,0.030,0.443,0.527
819500,0.030,0.423,0.547
820000,0.030,0.512,0.458
820500,0.030,0.477,0.492
821000,0.030,0.457,0.513
821500,0.030,0.456,0.514
822000,0.030,0.453,0.517
822500,0.030,0.523,0.447
823000,0.030,0.571,0.399
823500,0.030,0.506,0.464
824000,0.030,0.528,0.442
824500,0.030,0.488,0.482
825000,0.030,0.469,0.501
825500,0.030,0.459,0.511
826000,0.030,0.480,0.490
826500,0.030,0.500,0.470
827000,0.030,0.461,0.509
827500,0.030,0.458,0.512
828000,0.030,0.521,0.449
828500,0.030,0.454,0.516
829000,0.030,0.583,0.387
829500,0.030,0.633,0.337
830000,0.030,0.568,0.402
830500,0.030,0.532,0.438
831000,0.030,0.467,0.503
831500,0.030,0.535,0.434
832000,0.030,0.507,0.463
832500,0.030,0.467,0.503
833000,0.030,0.488,0.482
833500,0.030,0.514,0.456
834000,0.030,0.501,0.469
834500,0.030,0.498,0.472
835000,0.030,0.495,0.474
835500,0.030,0.471,0.498
836000,0.030,0.377,0.593
836500,0.030,0.475,0.495
837000,0.030,0.508,0.462
837500,0.030,0.527,0.443
838000,0.030,0.531,0.439
838500,0.030,0.443,0.527
839000,0.030,0.495,0.475
839500,0.030,0.578,0.392
840000,0.030,0.504,0.466
840500,0.030,0.632,0.338
841000,0.030,0.540,0.430
841500,0.030,0.510,0.460
842000,0.030,0.548,0.421
842500,0.030,0.525,0.445
843000,0.030,0.454,0.516
843500,0.030,0.566,0.404
844000,0.030,0.626,0.344
844500,0.030,0.579,0.391
845000,0.030,0.536,0.433
845500,0.030,0.541,0.429
846000,0.030,0.606,0.364
846500,0.030,0.588,0.382
847000,0.030,0.547,0.423
847500,0.030,0.580,0.390
848000,0.030,0.565,0.405
848500,0.030,0.537,0.432
849000,0.030,0.514,0.456
849500,0.030,0.447,0.523
850000,0.030,0.507,0.463
850500,0.030,0.542,0.427
851000,0.030,0.560,0.409
851500,0.030,0.507,0.463
852000,0.030,0.546,0.423
852500,0.030,0.482,0.488
853000,0.030,0.523,0.447
853500,0.030,0.451,0.519
854000,0.030,0.518,0.452
854500,0.030,0.526,0.444
855000,0.030,0.487,0.482
855500,0.030,0.508,0.462
856000,0.030,0.507,0.463
856500,0.030,0.537,0.433
857000,0.030,0.571,0.399
857500,0.030,0.606,0.364
858000,0.030,0.602,0.368
858500,0.030,0.629,0.341
859000,0.030,0.549,0.420
859500,0.030,0.411,0.558
860000,0.030,0.529,0.441
860500,0.030,0.561,0.408
861000,0.030,0.567,0.403
861500,0.030,0.624,0.346
862000,0.030,0.627,0.343
862500,0.030,0.482,0.487
863000,0.030,0.431,0.539
863500,0.030,0.360,0.609
864000,0.030,0.480,0.489
864500,0.030,0.384,0.587
865000,0.030,0.498,0.471
865500,0.030,0.468,0.502
866000,0.030,0.536,0.433
866500,0.030,0.532,0.438
867000,0.030,0.505,0.465
867500,0.030,0.477,0.493
868000,0.030,0.485,0.484
868500,0.030,0.467,0.503
869000,0.030,0.499,0.470
869500,0.030,0.519,0.451
870000,0.030,0.480,0.489
870500,0.030,0.515,0.455
871000,0.030,0.528,0.442
871500,0.030,0.454,0.516
872000,0.030,0.521,0.449
872500,0.030,0.555,0.414
873000,0.030,0.458,0.512
873500,0.030,0.508,0.462
874000,0.030,0.464,0.506
874500,0.030,0.530,0.440
875000,0.030,0.503,0.467
875500,0.030,0.476,0.493
876000,0.030,0.601,0.369
876500,0.030,0.484,0.486
877000,0.030,0.504,0.466
877500,0.030,0.512,0.458
878000,0.030,0.453,0.517
878500,0.030,0.547,0.422
879000,0.030,0.533,0.436
879500,0.030,0.563,0.407
880000,0.030,0.534,0.436
880500,0.030,0.514,0.456
881000,0.030,0.406,0.565
881500,0.030,0.419,0.551
882000,0.030,0.525,0.445
882500,0.030,0.524,0.446
883000,0.030,0.506,0.464
883500,0.030,0.450,0.520
884000,0.030,0.527,0.443
884500,0.030,0.484,0.485
885000,0.030,0.489,0.480
885500,0.030,0.476,0.494
886000,0.030,0.458,0.512
886500,0.030,0.540,0.429
887000,0.030,0.478,0.492
887500,0.030,0.578,0.392
888000,0.030,0.498,0.472
888500,0.030,0.527,0.443
889000,0.030,0.527,0.443
889500,0.030,0.558,0.411
890000,0.030,0.561,0.409
890500,0.030,0.596,0.374
891000,0.030,0.503,0.467
891500,0.030,0.547,0.422
892000,0.030,0.527,0.443
892500,0.030,0.486,0.484
893000,0.030,0.479,0.490
893500,0.030,0.523,0.447
894000,0.030,0.558,0.411
894500,0.030,0.465,0.505
895000,0.030,0.447,0.523
895500,0.030,0.449,0.521
896000,0.030,0.516,0.454
896500,0.030,0.441,0.529
897000,0.030,0.527,0.443
897500,0.030,0.538,0.432
898000,0.030,0.491,0.479
898500,0.030,0.487,0.482
899000,0.030,0.531,0.439
899500,0.030,0.578,0.392
900000,0.030,0.534,0.436
900500,0.030,0.523,0.447
901000,0.030,0.542,0.427
901500,0.030,0.415,0.555
902000,0.030,0.486,0.484
902500,0.030,0.564,0.406
903000,0.030,0.508,0.462
903500,0.030,0.475,0.495
904000,0.030,0.505,0.465
904500,0.030,0.458,0.512
905000,0.030,0.514,0.456
905500,0.030,0.514,0.456
906000,0.030,0.616,0.354
906500,0.030,0.601,0.369
907000,0.030,0.551,0.418
907500,0.030,0.524,0.446
908000,0.030,0.504,0.466
908500,0.030,0.491,0.479
909000,0.030,0.454,0.516
909500,0.030,0.531,0.439
910000,0.030,0.561,0.409
910500,0.030,0.480,0.489
911000,0.030,0.521,0.449
911500,0.030,0.478,0.492
912000,0.030,0.567,0.403
912500,0.030,0.533,0.436
913000,0.030,0.553,0.416
913500,0.030,0.538,0.432
914000,0.030,0.608,0.362
914500,0.030,0.513,0.457
915000,0.030,0.449,0.521
915500,0.030,0.419,0.551
916000,0.030,0.516,0.454
916500,0.030,0.458,0.512
917000,0.030,0.471,0.498
917500,0.030,0.515,0.455
918000,0.030,0.517,0.453
918500,0.030,0.554,0.415
919000,0.030,0.512,0.458
919500,0.030,0.472,0.497
920000,0.030,0.520,0.450
920500,0.030,0.476,0.494
921000,0.030,0.420,0.550
921500,0.030,0.406,0.565
922000,0.030,0.497,0.472
922500,0.030,0.470,0.499
923000,0.030,0.469,0.500
923500,0.030,0.449,0.521
924000,0.030,0.460,0.510
924500,0.030,0.575,0.395
925000,0.030,0.550,0.420
925500,0.030,0.500,0.470
926000,0.030,0.483,0.487
926500,0.030,0.468,0.502
927000,0.030,0.478,0.492
927500,0.030,0.439,0.531
928000,0.030,0.409,0.561
928500,0.030,0.401,0.569
929000,0.030,0.445,0.525
929500,0.030,0.507,0.463
930000,0.030,0.554,0.415
930500,0.030,0.550,0.419
931000,0.030,0.519,0.451
931500,0.030,0.526,0.444
932000,0.030,0.540,0.430
932500,0.030,0.600,0.370
933000,0.030,0.522,0.448
933500,0.030,0.496,0.473
934000,0.030,0.532,0.438
934500,0.030,0.518,0.452
935000,0.030,0.503,0.467
935500,0.030,0.513,0.457
936000,0.030,0.549,0.420
936500,0.030,0.512,0.458
937000,0.030,0.492,0.477
937500,0.030,0.443,0.527
938000,0.030,0.521,0.449
938500,0.030,0.532,0.438
939000,0.030,0.484,0.485
939500,0.030,0.514,0.456
940000,0.030,0.504,0.466
940500,0.030,0.502,0.468
941000,0.030,0.544,0.425
941500,0.030,0.568,0.402
942000,0.030,0.577,0.393
942500,0.030,0.540,0.430
943000,0.030,0.510,0.460
943500,0.030,0.501,0.469
944000,0.030,0.528,0.442
944500,0.030,0.496,0.474
945000,0.030,0.490,0.480
945500,0.030,0.522,0.448
946000,0.030,0.508,0.462
946500,0.030,0.508,0.462
947000,0.030,0.540,0.429
947500,0.030,0.589,0.381
948000,0.030,0.524,0.446
948500,0.030,0.552,0.417
949000,0.030,0.515,0.455
949500,0.030,0.552,0.417
950000,0.030,0.614,0.356
950500,0.030,0.574,0.396
951000,0.030,0.640,0.330
951500,0.030,0.555,0.415
952000,0.030,0.560,0.410
952500,0.030,0.576,0.394
953000,0.030,0.488,0.481
953500,0.030,0.502,0.468
954000,0.030,0.430,0.540
954500,0.030,0.512,0.458
955000,0.030,0.499,0.470
955500,0.030,0.413,0.557
956000,0.030,0.406,0.564
956500,0.030,0.469,0.501
957000,0.030,0.457,0.513
957500,0.030,0.468,0.502
958000,0.030,0.454,0.516
958500,0.030,0.609,0.361
959000,0.030,0.531,0.439
959500,0.030,0.613,0.357
960000,0.030,0.583,0.387
960500,0.030,0.574,0.396
961000,0.030,0.544,0.425
961500,0.030,0.573,0.397
962000,0.030,0.592,0.378
962500,0.030,0.513,0.457
963000,0.030,0.510,0.460
963500,0.030,0.596,0.374
964000,0.030,0.639,0.331
964500,0.030,0.530,0.440
965000,0.030,0.467,0.503
965500,0.030,0.412,0.558
966000,0.030,0.453,0.517
966500,0.030,0.525,0.445
967000,0.030,0.410,0.559
967500,0.030,0.455,0.515
968000,0.030,0.462,0.508
968500,0.030,0.452,0.518
969000,0.030,0.511,0.459
969500,0.030,0.488,0.482
970000,0.030,0.443,0.527
970500,0.030,0.554,0.416
971000,0.030,0.502,0.468
971500,0.030,0.505,0.465
972000,0.030,0.436,0.533
972500,0.030,0.423,0.547
973000,0.030,0.493,0.477
973500,0.030,0.551,0.418
974000,0.030,0.611,0.359
974500,0.030,0.564,0.406
975000,0.030,0.598,0.372
975500,0.030,0.583,0.387
976000,0.030,0.552,0.418
976500,0.030,0.547,0.423
977000,0.030,0.483,0.486
977500,0.030,0.467,0.503
978000,0.030,0.455,0.515
978500,0.030,0.464,0.506
979000,0.030,0.548,0.421
979500,0.030,0.539,0.430
980000,0.030,0.504,0.466
980500,0.030,0.552,0.417
981000,0.030,0.512,0.458
981500,0.030,0.480,0.490
982000,0.030,0.484,0.485
982500,0.030,0.537,0.432
983000,0.030,0.541,0.428
983500,0.030,0.544,0.426
984000,0.030,0.513,0.457
984500,0.030,0.450,0.520
985000,0.030,0.533,0.436
985500,0.030,0.516,0.454
986000,0.030,0.489,0.481
986500,0.030,0.535,0.435
987000,0.030,0.557,0.413
987500,0.030,0.560,0.409
988000,0.030,0.453,0.517
988500,0.030,0.541,0.428
989000,0.030,0.426,0.543
989500,0.030,0.509,0.461
990000,0.030,0.504,0.466
990500,0.030,0.471,0.499
991000,0.030,0.490,0.479
991500,0.030,0.518,0.452
992000,0.030,0.495,0.474
992500,0.030,0.485,0.484
993000,0.030,0.438,0.532
993500,0.030,0.478,0.492
994000,0.030,0.563,0.407
994500,0.030,0.506,0.464
995000,0.030,0.522,0.448
995500,0.030,0.509,0.461
996000,0.030,0.492,0.477
996500,0.030,0.496,0.474
997000,0.030,0.431,0.539
997500,0.030,0.472,0.497
998000,0.030,0.491,0.479
998500,0.030,0.512,0.458
999000,0.030,0.457,0.513
999500,0.032,0.455,0.514
1000000,0.030,0.445,0.525
