time,n_A+p,n_B,n_AB
500,0.050,0.499,0.451
1000,0.050,0.314,0.636
1500,0.050,0.333,0.617
2000,0.050,0.228,0.722
2500,0.050,0.407,0.543
3000,0.050,0.229,0.721
3500,0.070,0.143,0.787
4000,0.093,0.104,0.803
4500,0.055,0.167,0.778
5000,0.051,0.206,0.743
5500,0.071,0.216,0.713
6000,0.060,0.223,0.717
6500,0.051,0.241,0.708
7000,0.113,0.111,0.776
7500,0.676,0.000,0.324
8000,0.914,0.000,0.086
8500,0.997,0.000,0.003
9000,0.998,0.000,0.002
9500,1.000,0.000,0.000
