time,n_A+p,n_B,n_AB
100,0.030,0.961,0.009
200,0.030,0.957,0.013
300,0.030,0.953,0.017
400,0.030,0.940,0.030
500,0.030,0.941,0.029
600,0.032,0.940,0.028
700,0.032,0.941,0.027
800,0.032,0.941,0.027
900,0.031,0.933,0.036
1000,0.030,0.927,0.043
1100,0.030,0.926,0.044
1200,0.032,0.924,0.044
1300,0.033,0.925,0.042
1400,0.032,0.916,0.052
1500,0.038,0.916,0.046
1600,0.037,0.912,0.051
1700,0.038,0.903,0.059
1800,0.034,0.897,0.069
1900,0.034,0.895,0.071
2000,0.034,0.900,0.066
2100,0.038,0.894,0.068
2200,0.037,0.889,0.074
2300,0.037,0.887,0.076
2400,0.038,0.877,0.085
2500,0.040,0.879,0.081
2600,0.039,0.880,0.081
2700,0.039,0.880,0.081
2800,0.036,0.867,0.097
2900,0.036,0.862,0.102
3000,0.036,0.872,0.092
3100,0.038,0.876,0.086
3200,0.046,0.872,0.082
3300,0.045,0.875,0.080
3400,0.049,0.859,0.092
3500,0.045,0.860,0.095
3600,0.045,0.856,0.099
3700,0.044,0.847,0.109
3800,0.051,0.842,0.107
3900,0.055,0.844,0.101
4000,0.055,0.829,0.116
4100,0.052,0.829,0.119
4200,0.049,0.830,0.121
4300,0.047,0.842,0.111
4400,0.044,0.839,0.117
4500,0.041,0.836,0.123
4600,0.041,0.839,0.120
4700,0.044,0.836,0.120
4800,0.043,0.838,0.119
4900,0.043,0.844,0.113
5000,0.044,0.839,0.117
5100,0.044,0.839,0.117
5200,0.048,0.835,0.117
5300,0.047,0.840,0.113
5400,0.044,0.829,0.127
5500,0.043,0.840,0.117
5600,0.046,0.840,0.114
5700,0.049,0.843,0.108
5800,0.049,0.850,0.101
5900,0.046,0.845,0.109
6000,0.044,0.848,0.108
6100,0.048,0.847,0.105
6200,0.046,0.855,0.099
6300,0.045,0.855,0.100
6400,0.043,0.852,0.105
6500,0.048,0.843,0.109
6600,0.042,0.850,0.108
6700,0.041,0.851,0.108
6800,0.039,0.864,0.097
6900,0.038,0.867,0.095
7000,0.038,0.857,0.105
7100,0.041,0.854,0.105
7200,0.042,0.850,0.108
7300,0.043,0.844,0.113
7400,0.045,0.844,0.111
7500,0.044,0.847,0.109
7600,0.049,0.847,0.104
7700,0.049,0.855,0.096
7800,0.047,0.836,0.117
7900,0.045,0.833,0.122
8000,0.046,0.843,0.111
8100,0.043,0.848,0.109
8200,0.040,0.848,0.112
8300,0.039,0.848,0.113
8400,0.038,0.855,0.107
8500,0.039,0.850,0.111
8600,0.041,0.845,0.114
8700,0.045,0.848,0.107
8800,0.045,0.844,0.111
8900,0.042,0.840,0.118
9000,0.040,0.822,0.138
9100,0.043,0.830,0.127
9200,0.047,0.827,0.126
9300,0.049,0.825,0.126
9400,0.053,0.821,0.126
9500,0.048,0.824,0.128
9600,0.044,0.829,0.127
9700,0.045,0.831,0.124
9800,0.045,0.830,0.125
9900,0.049,0.829,0.122
10000,0.048,0.824,0.128
10100,0.052,0.825,0.123
10200,0.051,0.835,0.114
10300,0.050,0.832,0.118
10400,0.051,0.828,0.121
10500,0.047,0.837,0.116
10600,0.051,0.827,0.122
10700,0.049,0.841,0.110
10800,0.050,0.849,0.101
10900,0.050,0.844,0.106
11000,0.046,0.836,0.118
11100,0.052,0.835,0.113
11200,0.050,0.828,0.122
11300,0.049,0.817,0.134
11400,0.045,0.818,0.137
11500,0.048,0.809,0.143
11600,0.048,0.809,0.143
11700,0.048,0.818,0.134
11800,0.047,0.819,0.134
11900,0.046,0.810,0.144
12000,0.048,0.825,0.127
12100,0.046,0.816,0.138
12200,0.046,0.821,0.133
12300,0.043,0.826,0.131
12400,0.045,0.836,0.119
12500,0.045,0.830,0.125
12600,0.046,0.829,0.125
12700,0.043,0.825,0.132
12800,0.046,0.817,0.137
12900,0.054,0.816,0.130
13000,0.062,0.806,0.132
13100,0.064,0.815,0.121
13200,0.060,0.815,0.125
13300,0.062,0.814,0.124
13400,0.060,0.815,0.125
13500,0.056,0.815,0.129
13600,0.062,0.816,0.122
13700,0.064,0.822,0.114
13800,0.062,0.821,0.117
13900,0.059,0.823,0.118
14000,0.059,0.822,0.119
14100,0.065,0.812,0.123
14200,0.065,0.795,0.140
14300,0.064,0.793,0.143
14400,0.065,0.794,0.141
14500,0.065,0.800,0.135
14600,0.069,0.794,0.137
14700,0.073,0.786,0.141
14800,0.072,0.784,0.144
14900,0.065,0.777,0.158
15000,0.066,0.787,0.147
15100,0.064,0.787,0.149
15200,0.067,0.772,0.161
15300,0.070,0.779,0.151
15400,0.064,0.764,0.172
15500,0.063,0.753,0.184
15600,0.061,0.760,0.179
15700,0.065,0.771,0.164
15800,0.058,0.780,0.162
15900,0.057,0.770,0.173
16000,0.060,0.777,0.163
16100,0.067,0.779,0.154
16200,0.069,0.784,0.147
16300,0.069,0.786,0.145
16400,0.065,0.780,0.155
16500,0.070,0.785,0.145
16600,0.063,0.799,0.138
16700,0.067,0.791,0.142
16800,0.062,0.805,0.133
16900,0.059,0.800,0.141
17000,0.057,0.800,0.143
17100,0.057,0.801,0.142
17200,0.063,0.805,0.132
17300,0.064,0.804,0.132
17400,0.060,0.790,0.150
17500,0.057,0.801,0.142
17600,0.056,0.809,0.135
17700,0.053,0.812,0.135
17800,0.050,0.810,0.140
17900,0.049,0.814,0.137
18000,0.050,0.814,0.136
18100,0.051,0.817,0.132
18200,0.053,0.820,0.127
18300,0.060,0.810,0.130
18400,0.056,0.810,0.134
18500,0.064,0.810,0.126
18600,0.061,0.824,0.115
18700,0.057,0.821,0.122
18800,0.057,0.832,0.111
18900,0.059,0.833,0.108
19000,0.060,0.823,0.117
19100,0.056,0.818,0.126
19200,0.056,0.809,0.135
19300,0.055,0.804,0.141
19400,0.053,0.809,0.138
19500,0.053,0.804,0.143
19600,0.059,0.794,0.147
19700,0.057,0.796,0.147
19800,0.055,0.810,0.135
19900,0.052,0.807,0.141
20000,0.053,0.806,0.141
20100,0.054,0.802,0.144
20200,0.049,0.818,0.133
20300,0.044,0.826,0.130
20400,0.045,0.826,0.129
20500,0.046,0.822,0.132
20600,0.045,0.827,0.128
20700,0.045,0.814,0.141
20800,0.048,0.819,0.133
20900,0.049,0.825,0.126
21000,0.049,0.830,0.121
21100,0.050,0.815,0.135
21200,0.053,0.818,0.129
21300,0.052,0.810,0.138
21400,0.050,0.801,0.149
21500,0.050,0.806,0.144
21600,0.049,0.810,0.141
21700,0.049,0.814,0.137
21800,0.053,0.813,0.134
21900,0.054,0.822,0.124
22000,0.056,0.820,0.124
22100,0.056,0.813,0.131
22200,0.059,0.811,0.130
22300,0.066,0.800,0.134
22400,0.063,0.806,0.131
22500,0.060,0.800,0.140
22600,0.056,0.798,0.146
22700,0.056,0.798,0.146
22800,0.054,0.799,0.147
22900,0.054,0.789,0.157
23000,0.054,0.788,0.158
23100,0.055,0.776,0.169
23200,0.055,0.793,0.152
23300,0.052,0.786,0.162
23400,0.053,0.777,0.170
23500,0.056,0.778,0.166
23600,0.063,0.775,0.162
23700,0.065,0.786,0.149
23800,0.066,0.777,0.157
23900,0.062,0.778,0.160
24000,0.067,0.779,0.154
24100,0.076,0.766,0.158
24200,0.074,0.780,0.146
24300,0.075,0.782,0.143
24400,0.068,0.779,0.153
24500,0.067,0.783,0.150
24600,0.066,0.782,0.152
24700,0.068,0.767,0.165
24800,0.066,0.770,0.164
24900,0.065,0.776,0.159
25000,0.071,0.780,0.149
25100,0.067,0.776,0.157
25200,0.066,0.772,0.162
25300,0.071,0.773,0.156
25400,0.066,0.770,0.164
25500,0.073,0.768,0.159
25600,0.068,0.768,0.164
25700,0.069,0.766,0.165
25800,0.070,0.763,0.167
25900,0.065,0.754,0.181
26000,0.059,0.754,0.187
26100,0.060,0.763,0.177
26200,0.054,0.773,0.173
26300,0.055,0.777,0.168
26400,0.054,0.785,0.161
26500,0.059,0.784,0.157
26600,0.062,0.769,0.169
26700,0.068,0.770,0.162
26800,0.068,0.771,0.161
26900,0.071,0.776,0.153
27000,0.065,0.784,0.151
27100,0.067,0.787,0.146
27200,0.068,0.792,0.140
27300,0.068,0.793,0.139
27400,0.073,0.784,0.143
27500,0.068,0.790,0.142
27600,0.078,0.785,0.137
27700,0.078,0.779,0.143
27800,0.085,0.768,0.147
27900,0.080,0.765,0.155
28000,0.079,0.772,0.149
28100,0.083,0.784,0.133
28200,0.076,0.779,0.145
28300,0.077,0.776,0.147
28400,0.070,0.781,0.149
28500,0.067,0.785,0.148
28600,0.067,0.789,0.144
28700,0.075,0.767,0.158
28800,0.077,0.761,0.162
28900,0.074,0.747,0.179
29000,0.074,0.748,0.178
29100,0.078,0.735,0.187
29200,0.068,0.734,0.198
29300,0.071,0.739,0.190
29400,0.075,0.744,0.181
29500,0.081,0.738,0.181
29600,0.085,0.751,0.164
29700,0.080,0.750,0.170
29800,0.082,0.764,0.154
29900,0.088,0.747,0.165
30000,0.089,0.739,0.172
30100,0.091,0.733,0.176
30200,0.090,0.733,0.177
30300,0.092,0.747,0.161
30400,0.089,0.741,0.170
30500,0.093,0.734,0.173
30600,0.090,0.730,0.180
30700,0.082,0.737,0.181
30800,0.082,0.747,0.171
30900,0.079,0.743,0.178
31000,0.081,0.736,0.183
31100,0.085,0.737,0.178
31200,0.081,0.731,0.188
31300,0.078,0.740,0.182
31400,0.077,0.740,0.183
31500,0.087,0.730,0.183
31600,0.089,0.736,0.175
31700,0.082,0.747,0.171
31800,0.084,0.746,0.170
31900,0.081,0.741,0.178
32000,0.072,0.746,0.182
32100,0.072,0.746,0.182
32200,0.064,0.743,0.193
32300,0.065,0.746,0.189
32400,0.063,0.753,0.184
32500,0.059,0.759,0.182
32600,0.057,0.763,0.180
32700,0.058,0.758,0.184
32800,0.069,0.764,0.167
32900,0.068,0.763,0.169
33000,0.072,0.774,0.154
33100,0.072,0.782,0.146
33200,0.068,0.782,0.150
33300,0.063,0.784,0.153
33400,0.065,0.777,0.158
33500,0.063,0.771,0.166
33600,0.059,0.772,0.169
33700,0.060,0.783,0.157
33800,0.060,0.796,0.144
33900,0.061,0.799,0.140
34000,0.058,0.800,0.142
34100,0.058,0.809,0.133
34200,0.054,0.815,0.131
34300,0.055,0.823,0.122
34400,0.055,0.826,0.119
34500,0.056,0.821,0.123
34600,0.059,0.828,0.113
34700,0.057,0.834,0.109
34800,0.057,0.834,0.109
34900,0.059,0.823,0.118
35000,0.057,0.827,0.116
35100,0.056,0.826,0.118
35200,0.054,0.825,0.121
35300,0.053,0.826,0.121
35400,0.058,0.819,0.123
35500,0.061,0.815,0.124
35600,0.058,0.811,0.131
35700,0.059,0.807,0.134
35800,0.062,0.813,0.125
35900,0.057,0.817,0.126
36000,0.053,0.810,0.137
36100,0.053,0.811,0.136
36200,0.054,0.813,0.133
36300,0.049,0.814,0.137
36400,0.053,0.814,0.133
36500,0.059,0.810,0.131
36600,0.058,0.820,0.122
36700,0.061,0.817,0.122
36800,0.058,0.815,0.127
36900,0.055,0.825,0.120
37000,0.050,0.828,0.122
37100,0.049,0.828,0.123
37200,0.053,0.826,0.121
37300,0.052,0.822,0.126
37400,0.059,0.820,0.121
37500,0.058,0.814,0.128
37600,0.057,0.820,0.123
37700,0.056,0.821,0.123
37800,0.054,0.816,0.130
37900,0.054,0.816,0.130
38000,0.049,0.820,0.131
38100,0.045,0.811,0.144
38200,0.044,0.813,0.143
38300,0.051,0.818,0.131
38400,0.051,0.812,0.137
38500,0.049,0.801,0.150
38600,0.050,0.811,0.139
38700,0.045,0.816,0.139
38800,0.048,0.821,0.131
38900,0.044,0.833,0.123
39000,0.045,0.840,0.115
39100,0.044,0.839,0.117
39200,0.045,0.837,0.118
39300,0.048,0.842,0.110
39400,0.048,0.839,0.113
39500,0.055,0.838,0.107
39600,0.055,0.829,0.116
39700,0.051,0.826,0.123
39800,0.048,0.824,0.128
39900,0.055,0.808,0.137
40000,0.055,0.808,0.137
40100,0.060,0.808,0.132
40200,0.059,0.804,0.137
40300,0.058,0.806,0.136
40400,0.055,0.794,0.151
40500,0.065,0.782,0.153
40600,0.067,0.780,0.153
40700,0.063,0.771,0.166
40800,0.061,0.772,0.167
40900,0.059,0.774,0.167
41000,0.057,0.783,0.160
41100,0.057,0.774,0.169
41200,0.062,0.779,0.159
41300,0.064,0.791,0.145
41400,0.065,0.802,0.133
41500,0.062,0.793,0.145
41600,0.068,0.783,0.149
41700,0.066,0.783,0.151
41800,0.069,0.791,0.140
41900,0.068,0.796,0.136
42000,0.064,0.799,0.137
42100,0.063,0.798,0.139
42200,0.066,0.802,0.132
42300,0.064,0.807,0.129
42400,0.073,0.800,0.127
42500,0.076,0.788,0.136
42600,0.079,0.778,0.143
42700,0.077,0.774,0.149
42800,0.076,0.776,0.148
42900,0.081,0.762,0.157
43000,0.073,0.765,0.162
43100,0.063,0.758,0.179
43200,0.062,0.759,0.179
43300,0.064,0.762,0.174
43400,0.076,0.755,0.169
43500,0.076,0.749,0.175
43600,0.077,0.752,0.171
43700,0.081,0.758,0.161
43800,0.079,0.754,0.167
43900,0.082,0.761,0.157
44000,0.082,0.756,0.162
44100,0.077,0.752,0.171
44200,0.076,0.752,0.172
44300,0.075,0.753,0.172
44400,0.082,0.750,0.168
44500,0.079,0.760,0.161
44600,0.071,0.772,0.157
44700,0.064,0.775,0.161
44800,0.063,0.767,0.170
44900,0.061,0.774,0.165
45000,0.061,0.771,0.168
45100,0.066,0.767,0.167
45200,0.073,0.760,0.167
45300,0.069,0.755,0.176
45400,0.066,0.750,0.184
45500,0.066,0.762,0.172
45600,0.069,0.772,0.159
45700,0.073,0.766,0.161
45800,0.078,0.774,0.148
45900,0.074,0.772,0.154
46000,0.071,0.772,0.157
46100,0.069,0.787,0.144
46200,0.069,0.773,0.158
46300,0.067,0.770,0.163
46400,0.062,0.779,0.159
46500,0.062,0.776,0.162
46600,0.065,0.768,0.167
46700,0.066,0.775,0.159
46800,0.068,0.780,0.152
46900,0.066,0.779,0.155
47000,0.063,0.790,0.147
47100,0.064,0.791,0.145
47200,0.062,0.790,0.148
47300,0.065,0.800,0.135
47400,0.063,0.806,0.131
47500,0.064,0.804,0.132
47600,0.065,0.797,0.138
47700,0.060,0.798,0.142
47800,0.061,0.806,0.133
47900,0.060,0.805,0.135
48000,0.062,0.804,0.134
48100,0.058,0.798,0.144
48200,0.059,0.797,0.144
48300,0.062,0.803,0.135
48400,0.065,0.796,0.139
48500,0.061,0.796,0.143
48600,0.067,0.794,0.139
48700,0.073,0.799,0.128
48800,0.068,0.805,0.127
48900,0.072,0.821,0.107
49000,0.075,0.821,0.104
49100,0.074,0.820,0.106
49200,0.066,0.816,0.118
49300,0.060,0.809,0.131
49400,0.057,0.811,0.132
49500,0.054,0.807,0.139
49600,0.051,0.810,0.139
49700,0.047,0.805,0.148
49800,0.049,0.806,0.145
49900,0.051,0.797,0.152
50000,0.057,0.792,0.151
50100,0.060,0.795,0.145
50200,0.061,0.795,0.144
50300,0.061,0.781,0.158
50400,0.062,0.782,0.156
50500,0.061,0.776,0.163
50600,0.068,0.768,0.164
50700,0.069,0.781,0.150
50800,0.067,0.774,0.159
50900,0.066,0.772,0.162
51000,0.066,0.787,0.147
51100,0.061,0.781,0.158
51200,0.062,0.783,0.155
51300,0.062,0.793,0.145
51400,0.057,0.811,0.132
51500,0.060,0.810,0.130
51600,0.059,0.817,0.124
51700,0.069,0.809,0.122
51800,0.072,0.801,0.127
51900,0.071,0.799,0.130
52000,0.072,0.793,0.135
52100,0.066,0.794,0.140
52200,0.070,0.792,0.138
52300,0.069,0.797,0.134
52400,0.067,0.795,0.138
52500,0.065,0.785,0.150
52600,0.061,0.773,0.166
52700,0.065,0.774,0.161
52800,0.064,0.780,0.156
52900,0.062,0.777,0.161
53000,0.068,0.769,0.163
53100,0.063,0.777,0.160
53200,0.060,0.783,0.157
53300,0.061,0.780,0.159
53400,0.063,0.778,0.159
53500,0.065,0.779,0.156
53600,0.064,0.786,0.150
53700,0.064,0.785,0.151
53800,0.068,0.778,0.154
53900,0.066,0.784,0.150
54000,0.063,0.792,0.145
54100,0.059,0.800,0.141
54200,0.064,0.806,0.130
54300,0.065,0.807,0.128
54400,0.071,0.792,0.137
54500,0.064,0.800,0.136
54600,0.063,0.798,0.139
54700,0.061,0.801,0.138
54800,0.062,0.792,0.146
54900,0.058,0.793,0.149
55000,0.061,0.788,0.151
55100,0.060,0.779,0.161
55200,0.054,0.784,0.162
55300,0.056,0.786,0.158
55400,0.052,0.787,0.161
55500,0.059,0.790,0.151
55600,0.058,0.790,0.152
55700,0.054,0.796,0.150
55800,0.054,0.796,0.150
55900,0.055,0.787,0.158
56000,0.050,0.790,0.160
56100,0.054,0.793,0.153
56200,0.055,0.769,0.176
56300,0.056,0.781,0.163
56400,0.065,0.783,0.152
56500,0.062,0.781,0.157
56600,0.061,0.775,0.164
56700,0.064,0.765,0.171
56800,0.068,0.763,0.169
56900,0.064,0.758,0.178
57000,0.062,0.765,0.173
57100,0.066,0.763,0.171
57200,0.072,0.761,0.167
57300,0.070,0.761,0.169
57400,0.064,0.758,0.178
57500,0.072,0.754,0.174
57600,0.066,0.757,0.177
57700,0.073,0.738,0.189
57800,0.072,0.747,0.181
57900,0.079,0.740,0.181
58000,0.082,0.738,0.180
58100,0.086,0.738,0.176
58200,0.084,0.741,0.175
58300,0.089,0.739,0.172
58400,0.086,0.739,0.175
58500,0.085,0.733,0.182
58600,0.082,0.748,0.170
58700,0.085,0.762,0.153
58800,0.081,0.758,0.161
58900,0.079,0.769,0.152
59000,0.080,0.778,0.142
59100,0.079,0.780,0.141
59200,0.074,0.781,0.145
59300,0.073,0.776,0.151
59400,0.072,0.775,0.153
59500,0.070,0.779,0.151
59600,0.073,0.781,0.146
59700,0.070,0.775,0.155
59800,0.067,0.768,0.165
59900,0.066,0.769,0.165
60000,0.072,0.765,0.163
60100,0.075,0.768,0.157
60200,0.076,0.767,0.157
60300,0.075,0.761,0.164
60400,0.080,0.765,0.155
60500,0.088,0.763,0.149
60600,0.081,0.769,0.150
60700,0.078,0.769,0.153
60800,0.080,0.757,0.163
60900,0.078,0.770,0.152
61000,0.076,0.770,0.154
61100,0.074,0.763,0.163
61200,0.070,0.756,0.174
61300,0.074,0.752,0.174
61400,0.072,0.752,0.176
61500,0.071,0.753,0.176
61600,0.069,0.743,0.188
61700,0.088,0.726,0.186
61800,0.081,0.728,0.191
61900,0.085,0.727,0.188
62000,0.086,0.729,0.185
62100,0.087,0.728,0.185
62200,0.089,0.730,0.181
62300,0.085,0.725,0.190
62400,0.088,0.732,0.180
62500,0.088,0.727,0.185
62600,0.083,0.732,0.185
62700,0.085,0.727,0.188
62800,0.082,0.715,0.203
62900,0.081,0.718,0.201
63000,0.080,0.738,0.182
63100,0.075,0.745,0.180
63200,0.073,0.733,0.194
63300,0.073,0.734,0.193
63400,0.087,0.737,0.176
63500,0.086,0.726,0.188
63600,0.083,0.721,0.196
63700,0.079,0.727,0.194
63800,0.074,0.732,0.194
63900,0.080,0.739,0.181
64000,0.075,0.740,0.185
64100,0.082,0.740,0.178
64200,0.078,0.743,0.179
64300,0.086,0.749,0.165
64400,0.081,0.750,0.169
64500,0.082,0.742,0.176
64600,0.079,0.736,0.185
64700,0.076,0.734,0.190
64800,0.078,0.735,0.187
64900,0.077,0.731,0.192
65000,0.073,0.738,0.189
65100,0.085,0.738,0.177
65200,0.082,0.734,0.184
65300,0.089,0.725,0.186
65400,0.090,0.705,0.205
65500,0.099,0.706,0.195
65600,0.109,0.688,0.203
65700,0.110,0.687,0.203
65800,0.112,0.679,0.209
65900,0.129,0.674,0.197
66000,0.129,0.662,0.209
66100,0.133,0.661,0.206
66200,0.133,0.657,0.210
66300,0.132,0.657,0.211
66400,0.129,0.657,0.214
66500,0.117,0.659,0.224
66600,0.120,0.655,0.225
66700,0.130,0.641,0.229
66800,0.135,0.644,0.221
66900,0.133,0.645,0.222
67000,0.140,0.630,0.230
67100,0.142,0.622,0.236
67200,0.140,0.628,0.232
67300,0.124,0.647,0.229
67400,0.123,0.652,0.225
67500,0.123,0.659,0.218
67600,0.116,0.659,0.225
67700,0.115,0.672,0.213
67800,0.113,0.665,0.222
67900,0.125,0.639,0.236
68000,0.130,0.627,0.243
68100,0.134,0.637,0.229
68200,0.139,0.646,0.215
68300,0.146,0.636,0.218
68400,0.145,0.629,0.226
68500,0.134,0.617,0.249
68600,0.133,0.620,0.247
68700,0.132,0.618,0.250
68800,0.142,0.599,0.259
68900,0.136,0.597,0.267
69000,0.139,0.603,0.258
69100,0.142,0.598,0.260
69200,0.139,0.605,0.256
69300,0.142,0.608,0.250
69400,0.134,0.617,0.249
69500,0.135,0.619,0.246
69600,0.132,0.628,0.240
69700,0.134,0.637,0.229
69800,0.140,0.650,0.210
69900,0.130,0.652,0.218
70000,0.128,0.647,0.225
70100,0.121,0.652,0.227
70200,0.125,0.655,0.220
70300,0.121,0.653,0.226
70400,0.115,0.649,0.236
70500,0.120,0.646,0.234
70600,0.113,0.646,0.241
70700,0.111,0.659,0.230
70800,0.113,0.656,0.231
70900,0.123,0.650,0.227
71000,0.122,0.655,0.223
71100,0.117,0.647,0.236
71200,0.123,0.631,0.246
71300,0.115,0.637,0.248
71400,0.114,0.654,0.232
71500,0.112,0.652,0.236
71600,0.111,0.648,0.241
71700,0.107,0.645,0.248
71800,0.104,0.658,0.238
71900,0.108,0.669,0.223
72000,0.113,0.670,0.217
72100,0.124,0.657,0.219
72200,0.133,0.656,0.211
72300,0.130,0.658,0.212
72400,0.126,0.655,0.219
72500,0.121,0.660,0.219
72600,0.128,0.655,0.217
72700,0.123,0.649,0.228
72800,0.126,0.651,0.223
72900,0.119,0.653,0.228
73000,0.117,0.646,0.237
73100,0.128,0.646,0.226
73200,0.127,0.645,0.228
73300,0.125,0.637,0.238
73400,0.125,0.650,0.225
73500,0.123,0.662,0.215
73600,0.123,0.656,0.221
73700,0.123,0.660,0.217
73800,0.115,0.655,0.230
73900,0.120,0.648,0.232
74000,0.119,0.653,0.228
74100,0.115,0.663,0.222
74200,0.109,0.663,0.228
74300,0.121,0.669,0.210
74400,0.122,0.677,0.201
74500,0.112,0.696,0.192
74600,0.114,0.683,0.203
74700,0.110,0.698,0.192
74800,0.113,0.703,0.184
74900,0.112,0.701,0.187
75000,0.099,0.706,0.195
75100,0.087,0.702,0.211
75200,0.081,0.697,0.222
75300,0.084,0.698,0.218
75400,0.089,0.695,0.216
75500,0.093,0.692,0.215
75600,0.091,0.692,0.217
75700,0.091,0.702,0.207
75800,0.097,0.691,0.212
75900,0.092,0.685,0.223
76000,0.100,0.678,0.222
76100,0.103,0.678,0.219
76200,0.102,0.681,0.217
76300,0.098,0.685,0.217
76400,0.102,0.670,0.228
76500,0.091,0.661,0.248
76600,0.094,0.660,0.246
76700,0.092,0.672,0.236
76800,0.089,0.680,0.231
76900,0.097,0.683,0.220
77000,0.098,0.681,0.221
77100,0.104,0.680,0.216
77200,0.103,0.695,0.202
77300,0.096,0.710,0.194
77400,0.096,0.698,0.206
77500,0.085,0.715,0.200
77600,0.095,0.704,0.201
77700,0.094,0.725,0.181
77800,0.096,0.731,0.173
77900,0.091,0.734,0.175
78000,0.093,0.730,0.177
78100,0.092,0.728,0.180
78200,0.087,0.722,0.191
78300,0.089,0.723,0.188
78400,0.087,0.713,0.200
78500,0.092,0.719,0.189
78600,0.090,0.725,0.185
78700,0.095,0.729,0.176
78800,0.092,0.738,0.170
78900,0.091,0.729,0.180
79000,0.087,0.730,0.183
79100,0.081,0.731,0.188
79200,0.074,0.742,0.184
79300,0.070,0.736,0.194
79400,0.078,0.744,0.178
79500,0.073,0.750,0.177
79600,0.074,0.761,0.165
79700,0.086,0.742,0.172
79800,0.101,0.723,0.176
79900,0.101,0.722,0.177
80000,0.108,0.708,0.184
80100,0.109,0.708,0.183
80200,0.109,0.688,0.203
80300,0.107,0.702,0.191
80400,0.116,0.691,0.193
80500,0.110,0.696,0.194
80600,0.101,0.690,0.209
80700,0.097,0.694,0.209
80800,0.094,0.698,0.208
80900,0.096,0.697,0.207
81000,0.100,0.699,0.201
81100,0.098,0.689,0.213
81200,0.099,0.679,0.222
81300,0.100,0.682,0.218
81400,0.104,0.677,0.219
81500,0.101,0.664,0.235
81600,0.114,0.657,0.229
81700,0.121,0.662,0.217
81800,0.117,0.665,0.218
81900,0.117,0.653,0.230
82000,0.122,0.658,0.220
82100,0.118,0.663,0.219
82200,0.115,0.663,0.222
82300,0.119,0.647,0.234
82400,0.121,0.641,0.238
82500,0.121,0.651,0.228
82600,0.118,0.655,0.227
82700,0.122,0.656,0.222
82800,0.125,0.646,0.229
82900,0.126,0.650,0.224
83000,0.121,0.639,0.240
83100,0.126,0.632,0.242
83200,0.119,0.649,0.232
83300,0.114,0.650,0.236
83400,0.103,0.653,0.244
83500,0.100,0.671,0.229
83600,0.096,0.668,0.236
83700,0.092,0.663,0.245
83800,0.103,0.670,0.227
83900,0.114,0.661,0.225
84000,0.110,0.662,0.228
84100,0.114,0.661,0.225
84200,0.113,0.667,0.220
84300,0.117,0.671,0.212
84400,0.115,0.668,0.217
84500,0.110,0.673,0.217
84600,0.109,0.687,0.204
84700,0.105,0.710,0.185
84800,0.107,0.701,0.192
84900,0.092,0.697,0.211
85000,0.101,0.696,0.203
85100,0.097,0.694,0.209
85200,0.094,0.702,0.204
85300,0.091,0.694,0.215
85400,0.089,0.682,0.229
85500,0.084,0.697,0.219
85600,0.090,0.703,0.207
85700,0.090,0.703,0.207
85800,0.088,0.704,0.208
85900,0.087,0.710,0.203
86000,0.102,0.717,0.181
86100,0.100,0.707,0.193
86200,0.100,0.704,0.196
86300,0.092,0.712,0.196
86400,0.089,0.703,0.208
86500,0.092,0.698,0.210
86600,0.098,0.687,0.215
86700,0.100,0.687,0.213
86800,0.104,0.686,0.210
86900,0.101,0.696,0.203
87000,0.107,0.683,0.210
87100,0.110,0.683,0.207
87200,0.112,0.689,0.199
87300,0.108,0.698,0.194
87400,0.104,0.689,0.207
87500,0.097,0.676,0.227
87600,0.101,0.675,0.224
87700,0.104,0.680,0.216
87800,0.105,0.688,0.207
87900,0.097,0.687,0.216
88000,0.096,0.684,0.220
88100,0.096,0.674,0.230
88200,0.096,0.682,0.222
88300,0.093,0.679,0.228
88400,0.102,0.675,0.223
88500,0.110,0.672,0.218
88600,0.107,0.675,0.218
88700,0.117,0.671,0.212
88800,0.127,0.673,0.200
88900,0.126,0.671,0.203
89000,0.126,0.665,0.209
89100,0.118,0.671,0.211
89200,0.128,0.676,0.196
89300,0.124,0.675,0.201
89400,0.126,0.672,0.202
89500,0.136,0.655,0.209
89600,0.143,0.649,0.208
89700,0.147,0.652,0.201
89800,0.148,0.646,0.206
89900,0.139,0.657,0.204
90000,0.138,0.663,0.199
90100,0.133,0.668,0.199
90200,0.134,0.664,0.202
90300,0.131,0.670,0.199
90400,0.129,0.669,0.202
90500,0.127,0.674,0.199
90600,0.125,0.684,0.191
90700,0.123,0.686,0.191
90800,0.116,0.691,0.193
90900,0.113,0.691,0.196
91000,0.121,0.678,0.201
91100,0.125,0.679,0.196
91200,0.119,0.689,0.192
91300,0.122,0.690,0.188
91400,0.115,0.692,0.193
91500,0.118,0.681,0.201
91600,0.116,0.663,0.221
91700,0.122,0.668,0.210
91800,0.118,0.663,0.219
91900,0.109,0.672,0.219
92000,0.107,0.678,0.215
92100,0.102,0.679,0.219
92200,0.108,0.677,0.215
92300,0.109,0.664,0.227
92400,0.108,0.670,0.222
92500,0.105,0.667,0.228
92600,0.109,0.663,0.228
92700,0.109,0.664,0.227
92800,0.119,0.680,0.201
92900,0.127,0.678,0.195
93000,0.129,0.677,0.194
93100,0.112,0.689,0.199
93200,0.108,0.680,0.212
93300,0.102,0.674,0.224
93400,0.100,0.674,0.226
93500,0.104,0.679,0.217
93600,0.111,0.675,0.214
93700,0.107,0.665,0.228
93800,0.104,0.669,0.227
93900,0.097,0.679,0.224
94000,0.097,0.685,0.218
94100,0.107,0.682,0.211
94200,0.113,0.687,0.200
94300,0.109,0.695,0.196
94400,0.115,0.690,0.195
94500,0.115,0.692,0.193
94600,0.121,0.674,0.205
94700,0.115,0.685,0.200
94800,0.114,0.686,0.200
94900,0.110,0.680,0.210
95000,0.115,0.685,0.200
95100,0.116,0.678,0.206
95200,0.111,0.686,0.203
95300,0.118,0.689,0.193
95400,0.118,0.679,0.203
95500,0.120,0.678,0.202
95600,0.120,0.679,0.201
95700,0.128,0.668,0.204
95800,0.125,0.680,0.195
95900,0.127,0.675,0.198
96000,0.128,0.675,0.197
96100,0.127,0.667,0.206
96200,0.127,0.655,0.218
96300,0.122,0.655,0.223
96400,0.114,0.671,0.215
96500,0.106,0.682,0.212
96600,0.112,0.676,0.212
96700,0.107,0.677,0.216
96800,0.106,0.693,0.201
96900,0.107,0.689,0.204
97000,0.107,0.685,0.208
97100,0.108,0.673,0.219
97200,0.101,0.674,0.225
97300,0.108,0.679,0.213
97400,0.101,0.679,0.220
97500,0.105,0.688,0.207
97600,0.112,0.686,0.202
97700,0.113,0.691,0.196
97800,0.112,0.696,0.192
97900,0.110,0.705,0.185
98000,0.106,0.692,0.202
98100,0.104,0.701,0.195
98200,0.106,0.696,0.198
98300,0.107,0.687,0.206
98400,0.107,0.692,0.201
98500,0.101,0.695,0.204
98600,0.095,0.704,0.201
98700,0.109,0.692,0.199
98800,0.104,0.699,0.197
98900,0.099,0.705,0.196
99000,0.090,0.706,0.204
99100,0.090,0.695,0.215
99200,0.093,0.695,0.212
99300,0.083,0.701,0.216
99400,0.091,0.719,0.190
99500,0.091,0.733,0.176
99600,0.090,0.728,0.182
99700,0.094,0.715,0.191
99800,0.093,0.702,0.205
99900,0.093,0.706,0.201
100000,0.094,0.700,0.206
