time,n_A+p,n_B,n_AB,avg_entropy_simp
500,0.030,0.923,0.047,0.176190
1000,0.031,0.885,0.085,0.197463
1500,0.030,0.846,0.125,0.247970
2000,0.038,0.801,0.161,0.309892
2500,0.043,0.765,0.192,0.352674
3000,0.049,0.711,0.240,0.345884
3500,0.055,0.661,0.284,0.369049
4000,0.053,0.626,0.321,0.355151
4500,0.053,0.589,0.358,0.321317
5000,0.065,0.573,0.362,0.343140
5500,0.070,0.560,0.370,0.324192
6000,0.070,0.513,0.417,0.346505
6500,0.068,0.489,0.442,0.292594
7000,0.077,0.462,0.462,0.304434
7500,0.070,0.466,0.464,0.299676
8000,0.077,0.451,0.472,0.289190
8500,0.082,0.458,0.461,0.359913
9000,0.070,0.456,0.474,0.339432
9500,0.070,0.425,0.505,0.293303
10000,0.078,0.414,0.509,0.292918
10500,0.075,0.411,0.515,0.314901
11000,0.078,0.407,0.516,0.302213
11500,0.086,0.386,0.528,0.268467
12000,0.087,0.388,0.525,0.317709
12500,0.103,0.395,0.502,0.364863
13000,0.105,0.382,0.513,0.345270
13500,0.098,0.380,0.522,0.343434
14000,0.108,0.361,0.531,0.299565
14500,0.117,0.349,0.533,0.351788
15000,0.133,0.343,0.524,0.347554
15500,0.129,0.336,0.535,0.339865
16000,0.112,0.333,0.555,0.308264
16500,0.107,0.332,0.561,0.331131
17000,0.093,0.344,0.563,0.315322
17500,0.089,0.354,0.557,0.310973
18000,0.094,0.345,0.561,0.284346
18500,0.101,0.350,0.549,0.330133
19000,0.103,0.340,0.557,0.338201
19500,0.107,0.335,0.558,0.360988
20000,0.091,0.335,0.574,0.281164
20500,0.115,0.329,0.556,0.349240
21000,0.097,0.325,0.578,0.265562
21500,0.105,0.323,0.572,0.309527
22000,0.114,0.325,0.561,0.342746
22500,0.091,0.336,0.573,0.335537
23000,0.104,0.324,0.572,0.343227
23500,0.110,0.307,0.582,0.282488
24000,0.105,0.305,0.589,0.297613
24500,0.107,0.304,0.588,0.307224
25000,0.111,0.313,0.576,0.318665
25500,0.108,0.300,0.591,0.313681
26000,0.106,0.295,0.599,0.300919
26500,0.087,0.295,0.618,0.259858
27000,0.114,0.287,0.599,0.292758
27500,0.113,0.299,0.587,0.338572
28000,0.114,0.290,0.596,0.288041
28500,0.109,0.294,0.597,0.291528
29000,0.106,0.285,0.609,0.275647
29500,0.113,0.293,0.593,0.310808
30000,0.118,0.269,0.613,0.268220
30500,0.116,0.263,0.621,0.283644
31000,0.111,0.266,0.623,0.269983
31500,0.111,0.272,0.617,0.296108
32000,0.110,0.264,0.626,0.287065
32500,0.126,0.266,0.609,0.309423
33000,0.102,0.276,0.622,0.299032
33500,0.098,0.274,0.628,0.315057
34000,0.109,0.270,0.621,0.319442
34500,0.125,0.269,0.607,0.316017
35000,0.121,0.252,0.627,0.268243
35500,0.120,0.266,0.615,0.331927
36000,0.102,0.264,0.634,0.245272
36500,0.106,0.270,0.624,0.268646
37000,0.111,0.275,0.614,0.316394
37500,0.095,0.271,0.634,0.276446
38000,0.121,0.260,0.619,0.335660
38500,0.105,0.276,0.619,0.322266
39000,0.105,0.284,0.611,0.287447
39500,0.097,0.291,0.612,0.310769
40000,0.105,0.286,0.609,0.336274
40500,0.100,0.277,0.623,0.280473
41000,0.106,0.266,0.628,0.278557
41500,0.115,0.290,0.594,0.346112
42000,0.121,0.260,0.619,0.294711
42500,0.128,0.263,0.610,0.328151
43000,0.114,0.268,0.618,0.334692
43500,0.111,0.268,0.621,0.295756
44000,0.112,0.260,0.627,0.317213
44500,0.094,0.286,0.620,0.348091
45000,0.105,0.274,0.621,0.309876
45500,0.122,0.246,0.632,0.281722
46000,0.124,0.249,0.627,0.298606
46500,0.117,0.270,0.613,0.312692
47000,0.123,0.280,0.598,0.296048
47500,0.113,0.274,0.613,0.291242
48000,0.120,0.278,0.603,0.336221
48500,0.112,0.276,0.612,0.319431
49000,0.136,0.266,0.599,0.321733
49500,0.149,0.274,0.577,0.346195
50000,0.117,0.289,0.593,0.312631
50500,0.113,0.278,0.609,0.303844
51000,0.101,0.273,0.626,0.303013
51500,0.117,0.283,0.600,0.341569
52000,0.124,0.267,0.610,0.322203
52500,0.124,0.264,0.613,0.307947
53000,0.124,0.243,0.633,0.293992
53500,0.132,0.242,0.626,0.309037
54000,0.136,0.248,0.616,0.331648
54500,0.131,0.252,0.617,0.330348
55000,0.122,0.247,0.631,0.285522
55500,0.113,0.257,0.629,0.299726
56000,0.123,0.245,0.632,0.314228
56500,0.144,0.239,0.617,0.305609
57000,0.122,0.266,0.613,0.308039
57500,0.122,0.253,0.625,0.324078
58000,0.117,0.247,0.635,0.277179
58500,0.114,0.256,0.629,0.302006
59000,0.146,0.233,0.621,0.325281
59500,0.154,0.226,0.620,0.326254
60000,0.144,0.242,0.614,0.307869
60500,0.142,0.260,0.598,0.335568
61000,0.156,0.258,0.585,0.362720
61500,0.153,0.227,0.620,0.307340
62000,0.155,0.239,0.606,0.314647
62500,0.134,0.227,0.639,0.309437
63000,0.127,0.235,0.638,0.295553
63500,0.138,0.221,0.641,0.276236
64000,0.125,0.228,0.648,0.287372
64500,0.134,0.234,0.632,0.322424
65000,0.124,0.235,0.641,0.341301
65500,0.128,0.224,0.649,0.287303
66000,0.142,0.243,0.615,0.354740
66500,0.130,0.238,0.632,0.271418
67000,0.147,0.234,0.619,0.295767
67500,0.163,0.240,0.597,0.365312
68000,0.165,0.223,0.612,0.311309
68500,0.155,0.228,0.617,0.290491
69000,0.159,0.229,0.612,0.315326
69500,0.154,0.224,0.622,0.303795
70000,0.163,0.216,0.621,0.262542
70500,0.171,0.226,0.604,0.290558
71000,0.163,0.237,0.600,0.340277
71500,0.126,0.233,0.641,0.297585
72000,0.117,0.237,0.646,0.286097
72500,0.130,0.233,0.637,0.295660
73000,0.151,0.225,0.624,0.305043
73500,0.162,0.221,0.617,0.333783
74000,0.146,0.216,0.638,0.277689
74500,0.140,0.210,0.650,0.266181
75000,0.146,0.208,0.646,0.275041
75500,0.144,0.200,0.656,0.268826
76000,0.128,0.217,0.656,0.282601
76500,0.132,0.222,0.647,0.303772
77000,0.129,0.223,0.649,0.295248
77500,0.132,0.230,0.638,0.333862
78000,0.147,0.220,0.633,0.317568
78500,0.149,0.225,0.626,0.344899
79000,0.143,0.209,0.648,0.316766
79500,0.153,0.201,0.646,0.310244
80000,0.147,0.198,0.655,0.301226
80500,0.145,0.206,0.649,0.276672
81000,0.140,0.206,0.654,0.282318
81500,0.150,0.208,0.641,0.330620
82000,0.138,0.217,0.646,0.328441
82500,0.147,0.212,0.640,0.307538
83000,0.153,0.199,0.648,0.297811
83500,0.146,0.211,0.642,0.323704
84000,0.135,0.200,0.665,0.285646
84500,0.145,0.192,0.663,0.291874
85000,0.151,0.197,0.652,0.320261
85500,0.144,0.188,0.668,0.300844
86000,0.141,0.201,0.658,0.289145
86500,0.129,0.194,0.677,0.266929
87000,0.131,0.200,0.669,0.260840
87500,0.170,0.199,0.631,0.310422
88000,0.152,0.196,0.652,0.292213
88500,0.135,0.200,0.665,0.293080
89000,0.141,0.216,0.644,0.319991
89500,0.128,0.208,0.664,0.294404
90000,0.151,0.221,0.628,0.331140
90500,0.157,0.233,0.610,0.329569
91000,0.140,0.213,0.647,0.302073
91500,0.148,0.222,0.630,0.337248
92000,0.145,0.220,0.635,0.290542
92500,0.139,0.199,0.662,0.240558
93000,0.145,0.198,0.657,0.289004
93500,0.152,0.210,0.637,0.326554
94000,0.153,0.208,0.638,0.325860
94500,0.163,0.205,0.631,0.310723
95000,0.144,0.208,0.648,0.284004
95500,0.147,0.208,0.645,0.320206
96000,0.151,0.204,0.645,0.319767
96500,0.147,0.198,0.655,0.287982
97000,0.145,0.193,0.662,0.271266
97500,0.142,0.200,0.658,0.308938
98000,0.168,0.209,0.623,0.339019
98500,0.179,0.194,0.627,0.304755
99000,0.173,0.199,0.628,0.335104
99500,0.163,0.198,0.638,0.335860
100000,0.158,0.203,0.638,0.284982
