time,n_A+p,n_B,n_AB
500,0.030,0.617,0.353
1000,0.030,0.700,0.270
1500,0.030,0.469,0.501
2000,0.030,0.527,0.443
2500,0.030,0.416,0.554
3000,0.030,0.490,0.480
3500,0.030,0.555,0.415
4000,0.030,0.463,0.507
4500,0.030,0.467,0.503
5000,0.030,0.668,0.302
5500,0.030,0.584,0.386
6000,0.030,0.577,0.393
6500,0.030,0.645,0.325
7000,0.030,0.422,0.548
7500,0.030,0.567,0.403
8000,0.030,0.544,0.426
8500,0.030,0.693,0.277
9000,0.030,0.747,0.223
9500,0.030,0.493,0.477
10000,0.030,0.390,0.580
10500,0.030,0.372,0.598
11000,0.030,0.546,0.424
11500,0.030,0.471,0.499
12000,0.030,0.402,0.568
12500,0.030,0.563,0.407
13000,0.030,0.652,0.318
13500,0.030,0.284,0.686
14000,0.030,0.448,0.522
14500,0.030,0.488,0.482
15000,0.030,0.569,0.401
15500,0.030,0.510,0.460
16000,0.030,0.752,0.218
16500,0.030,0.534,0.436
17000,0.030,0.557,0.413
17500,0.030,0.613,0.357
18000,0.030,0.651,0.319
18500,0.030,0.697,0.273
19000,0.030,0.686,0.284
19500,0.030,0.489,0.481
20000,0.030,0.363,0.607
20500,0.030,0.491,0.479
21000,0.030,0.487,0.483
21500,0.030,0.479,0.491
22000,0.030,0.538,0.432
22500,0.030,0.539,0.431
23000,0.030,0.373,0.597
23500,0.030,0.567,0.403
24000,0.030,0.676,0.294
24500,0.030,0.504,0.466
25000,0.030,0.501,0.469
25500,0.030,0.588,0.382
26000,0.030,0.438,0.532
26500,0.030,0.427,0.543
27000,0.030,0.599,0.371
27500,0.030,0.467,0.503
28000,0.030,0.415,0.555
28500,0.030,0.396,0.574
29000,0.030,0.460,0.510
29500,0.030,0.732,0.238
30000,0.030,0.564,0.406
30500,0.030,0.476,0.494
31000,0.030,0.662,0.308
31500,0.030,0.542,0.428
32000,0.030,0.465,0.505
32500,0.030,0.478,0.492
33000,0.030,0.686,0.284
33500,0.030,0.579,0.391
34000,0.030,0.430,0.540
34500,0.030,0.554,0.416
35000,0.030,0.619,0.351
35500,0.030,0.422,0.548
36000,0.030,0.606,0.364
36500,0.030,0.683,0.287
37000,0.030,0.477,0.493
37500,0.030,0.455,0.515
38000,0.030,0.312,0.658
38500,0.030,0.451,0.519
39000,0.030,0.453,0.517
39500,0.030,0.646,0.324
40000,0.030,0.654,0.316
40500,0.030,0.386,0.584
41000,0.030,0.534,0.436
41500,0.030,0.545,0.425
42000,0.030,0.467,0.503
42500,0.030,0.319,0.651
43000,0.030,0.404,0.566
43500,0.030,0.461,0.509
44000,0.030,0.533,0.437
44500,0.030,0.615,0.355
45000,0.030,0.437,0.533
45500,0.030,0.613,0.357
46000,0.030,0.498,0.472
46500,0.030,0.530,0.440
47000,0.030,0.486,0.484
47500,0.030,0.465,0.505
48000,0.030,0.470,0.500
48500,0.030,0.639,0.331
49000,0.030,0.439,0.531
49500,0.030,0.433,0.537
50000,0.030,0.685,0.285
50500,0.030,0.539,0.431
51000,0.030,0.457,0.513
51500,0.030,0.619,0.351
52000,0.030,0.502,0.468
52500,0.030,0.565,0.405
53000,0.030,0.422,0.548
53500,0.030,0.489,0.481
54000,0.030,0.622,0.348
54500,0.030,0.635,0.335
55000,0.030,0.608,0.362
55500,0.030,0.672,0.298
56000,0.030,0.664,0.306
56500,0.030,0.504,0.466
57000,0.030,0.534,0.436
57500,0.030,0.557,0.413
58000,0.030,0.281,0.689
58500,0.030,0.426,0.544
59000,0.030,0.544,0.426
59500,0.030,0.337,0.633
60000,0.030,0.531,0.439
60500,0.030,0.551,0.419
61000,0.030,0.508,0.462
61500,0.030,0.539,0.431
62000,0.030,0.359,0.611
62500,0.030,0.770,0.200
63000,0.030,0.584,0.386
63500,0.030,0.545,0.425
64000,0.030,0.466,0.504
64500,0.030,0.597,0.373
65000,0.030,0.609,0.361
65500,0.030,0.581,0.389
66000,0.030,0.470,0.500
66500,0.030,0.514,0.456
67000,0.030,0.572,0.398
67500,0.030,0.633,0.337
68000,0.030,0.566,0.404
68500,0.030,0.375,0.595
69000,0.030,0.693,0.277
69500,0.030,0.638,0.332
70000,0.030,0.442,0.528
70500,0.030,0.532,0.438
71000,0.030,0.474,0.496
71500,0.030,0.604,0.366
72000,0.030,0.444,0.526
72500,0.030,0.488,0.482
73000,0.030,0.562,0.408
73500,0.030,0.562,0.408
74000,0.030,0.439,0.531
74500,0.030,0.533,0.437
75000,0.030,0.445,0.525
75500,0.030,0.533,0.437
76000,0.030,0.553,0.417
76500,0.030,0.642,0.328
77000,0.030,0.672,0.298
77500,0.030,0.514,0.456
78000,0.030,0.462,0.508
78500,0.030,0.398,0.572
79000,0.030,0.475,0.495
79500,0.030,0.471,0.499
80000,0.030,0.683,0.287
80500,0.030,0.768,0.202
81000,0.030,0.492,0.478
81500,0.030,0.477,0.493
82000,0.030,0.694,0.276
82500,0.030,0.504,0.466
83000,0.030,0.578,0.392
83500,0.030,0.623,0.347
84000,0.030,0.674,0.296
84500,0.030,0.553,0.417
85000,0.030,0.416,0.554
85500,0.030,0.591,0.379
86000,0.030,0.339,0.631
86500,0.030,0.524,0.446
87000,0.030,0.587,0.383
87500,0.030,0.494,0.476
88000,0.030,0.622,0.348
88500,0.030,0.454,0.516
89000,0.030,0.649,0.321
89500,0.030,0.541,0.429
90000,0.030,0.679,0.291
90500,0.030,0.611,0.359
91000,0.030,0.474,0.496
91500,0.030,0.441,0.529
92000,0.030,0.548,0.422
92500,0.030,0.371,0.599
93000,0.030,0.645,0.325
93500,0.030,0.425,0.545
94000,0.030,0.421,0.549
94500,0.030,0.430,0.540
95000,0.030,0.493,0.477
95500,0.030,0.552,0.418
96000,0.030,0.470,0.500
96500,0.030,0.541,0.429
97000,0.030,0.438,0.532
97500,0.030,0.342,0.628
98000,0.030,0.440,0.530
98500,0.030,0.619,0.351
99000,0.030,0.427,0.543
99500,0.030,0.594,0.376
100000,0.030,0.474,0.496
100500,0.030,0.531,0.439
101000,0.030,0.555,0.415
101500,0.030,0.481,0.489
102000,0.030,0.551,0.419
102500,0.030,0.573,0.397
103000,0.030,0.502,0.468
103500,0.030,0.448,0.522
104000,0.030,0.572,0.398
104500,0.030,0.479,0.491
105000,0.030,0.374,0.596
105500,0.030,0.528,0.442
106000,0.030,0.657,0.313
106500,0.030,0.484,0.486
107000,0.030,0.414,0.556
107500,0.030,0.434,0.536
108000,0.030,0.621,0.349
108500,0.030,0.576,0.394
109000,0.030,0.700,0.270
109500,0.030,0.461,0.509
110000,0.030,0.563,0.407
110500,0.030,0.677,0.293
111000,0.030,0.644,0.326
111500,0.030,0.842,0.128
112000,0.030,0.423,0.547
112500,0.030,0.478,0.492
113000,0.030,0.560,0.410
113500,0.030,0.710,0.260
114000,0.030,0.544,0.426
114500,0.030,0.568,0.402
115000,0.030,0.574,0.396
115500,0.030,0.657,0.313
116000,0.030,0.513,0.457
116500,0.030,0.638,0.332
117000,0.030,0.413,0.557
117500,0.030,0.499,0.471
118000,0.030,0.504,0.466
118500,0.030,0.497,0.473
119000,0.030,0.265,0.705
119500,0.030,0.402,0.568
120000,0.030,0.460,0.510
120500,0.030,0.560,0.410
121000,0.030,0.496,0.474
121500,0.030,0.603,0.367
122000,0.030,0.444,0.526
122500,0.030,0.725,0.245
123000,0.030,0.683,0.287
123500,0.030,0.634,0.336
124000,0.030,0.468,0.502
124500,0.030,0.431,0.539
125000,0.030,0.390,0.580
125500,0.030,0.529,0.441
126000,0.030,0.584,0.386
126500,0.030,0.404,0.566
127000,0.030,0.669,0.301
127500,0.030,0.642,0.328
128000,0.030,0.638,0.332
128500,0.030,0.719,0.251
129000,0.030,0.544,0.426
129500,0.030,0.440,0.530
130000,0.030,0.611,0.359
130500,0.030,0.653,0.317
131000,0.030,0.608,0.362
131500,0.030,0.584,0.386
132000,0.030,0.555,0.415
132500,0.030,0.429,0.541
133000,0.030,0.725,0.245
133500,0.030,0.542,0.428
134000,0.030,0.468,0.502
134500,0.030,0.728,0.242
135000,0.030,0.686,0.284
135500,0.030,0.689,0.281
136000,0.030,0.722,0.248
136500,0.030,0.402,0.568
137000,0.030,0.594,0.376
137500,0.030,0.366,0.604
138000,0.030,0.543,0.427
138500,0.030,0.528,0.442
139000,0.030,0.834,0.136
139500,0.030,0.459,0.511
140000,0.030,0.602,0.368
140500,0.030,0.623,0.347
141000,0.030,0.698,0.272
141500,0.030,0.351,0.619
142000,0.030,0.469,0.501
142500,0.030,0.569,0.401
143000,0.030,0.472,0.498
143500,0.030,0.705,0.265
144000,0.030,0.664,0.306
144500,0.030,0.680,0.290
145000,0.030,0.640,0.330
145500,0.030,0.473,0.497
146000,0.030,0.552,0.418
146500,0.030,0.731,0.239
147000,0.030,0.673,0.297
147500,0.030,0.595,0.375
148000,0.030,0.553,0.417
148500,0.030,0.619,0.351
149000,0.030,0.637,0.333
149500,0.030,0.637,0.333
150000,0.030,0.524,0.446
150500,0.030,0.635,0.335
151000,0.030,0.681,0.289
151500,0.030,0.483,0.487
152000,0.030,0.590,0.380
152500,0.030,0.429,0.541
153000,0.030,0.531,0.439
153500,0.030,0.742,0.228
154000,0.030,0.626,0.344
154500,0.030,0.354,0.616
155000,0.030,0.645,0.325
155500,0.030,0.385,0.585
156000,0.030,0.538,0.432
156500,0.030,0.555,0.415
157000,0.030,0.667,0.303
157500,0.030,0.438,0.532
158000,0.030,0.576,0.394
158500,0.030,0.632,0.338
159000,0.030,0.637,0.333
159500,0.030,0.565,0.405
160000,0.030,0.359,0.611
160500,0.030,0.623,0.347
161000,0.030,0.610,0.360
161500,0.030,0.503,0.467
162000,0.030,0.618,0.352
162500,0.030,0.372,0.598
163000,0.030,0.495,0.475
163500,0.030,0.582,0.388
164000,0.030,0.544,0.426
164500,0.030,0.496,0.474
165000,0.030,0.652,0.318
165500,0.030,0.639,0.331
166000,0.030,0.442,0.528
166500,0.030,0.623,0.347
167000,0.030,0.367,0.603
167500,0.030,0.566,0.404
168000,0.030,0.589,0.381
168500,0.030,0.548,0.422
169000,0.030,0.431,0.539
169500,0.030,0.468,0.502
170000,0.030,0.421,0.549
170500,0.030,0.478,0.492
171000,0.030,0.599,0.371
171500,0.030,0.468,0.502
172000,0.030,0.673,0.297
172500,0.030,0.554,0.416
173000,0.030,0.549,0.421
173500,0.030,0.480,0.490
174000,0.030,0.556,0.414
174500,0.030,0.551,0.419
175000,0.030,0.437,0.533
175500,0.030,0.320,0.650
176000,0.030,0.560,0.410
176500,0.030,0.533,0.437
177000,0.030,0.611,0.359
177500,0.030,0.586,0.384
178000,0.030,0.495,0.475
178500,0.030,0.357,0.613
179000,0.030,0.233,0.737
179500,0.030,0.348,0.622
180000,0.030,0.828,0.142
180500,0.030,0.585,0.385
181000,0.030,0.788,0.182
181500,0.030,0.692,0.278
182000,0.030,0.351,0.619
182500,0.030,0.514,0.456
183000,0.030,0.436,0.534
183500,0.030,0.523,0.447
184000,0.030,0.485,0.485
184500,0.030,0.583,0.387
185000,0.030,0.308,0.662
185500,0.030,0.434,0.536
186000,0.030,0.669,0.301
186500,0.030,0.531,0.439
187000,0.030,0.534,0.436
187500,0.030,0.578,0.392
188000,0.030,0.424,0.546
188500,0.030,0.562,0.408
189000,0.030,0.344,0.626
189500,0.030,0.575,0.395
190000,0.030,0.465,0.505
190500,0.030,0.488,0.482
191000,0.030,0.491,0.479
191500,0.030,0.622,0.348
192000,0.030,0.520,0.450
192500,0.030,0.328,0.642
193000,0.030,0.521,0.449
193500,0.030,0.686,0.284
194000,0.030,0.605,0.365
194500,0.030,0.564,0.406
195000,0.030,0.406,0.564
195500,0.030,0.549,0.421
196000,0.030,0.521,0.449
196500,0.030,0.399,0.571
197000,0.030,0.589,0.381
197500,0.030,0.734,0.236
198000,0.030,0.476,0.494
198500,0.030,0.535,0.435
199000,0.030,0.637,0.333
199500,0.030,0.685,0.285
200000,0.030,0.375,0.595
200500,0.030,0.496,0.474
201000,0.030,0.548,0.422
201500,0.030,0.529,0.441
202000,0.030,0.587,0.383
202500,0.030,0.519,0.451
203000,0.030,0.627,0.343
203500,0.030,0.569,0.401
204000,0.030,0.540,0.430
204500,0.030,0.430,0.540
205000,0.030,0.632,0.338
205500,0.030,0.542,0.428
206000,0.030,0.551,0.419
206500,0.030,0.816,0.154
207000,0.030,0.743,0.227
207500,0.030,0.719,0.251
208000,0.030,0.573,0.397
208500,0.030,0.738,0.232
209000,0.030,0.545,0.425
209500,0.030,0.621,0.349
210000,0.030,0.567,0.403
210500,0.030,0.580,0.390
211000,0.030,0.553,0.417
211500,0.030,0.428,0.542
212000,0.030,0.498,0.472
212500,0.030,0.562,0.408
213000,0.030,0.553,0.417
213500,0.030,0.325,0.645
214000,0.030,0.613,0.357
214500,0.030,0.411,0.559
215000,0.030,0.602,0.368
215500,0.030,0.684,0.286
216000,0.030,0.593,0.377
216500,0.030,0.594,0.376
217000,0.030,0.436,0.534
217500,0.030,0.485,0.485
218000,0.030,0.557,0.413
218500,0.030,0.360,0.610
219000,0.030,0.742,0.228
219500,0.030,0.709,0.261
220000,0.030,0.476,0.494
220500,0.030,0.600,0.370
221000,0.030,0.378,0.592
221500,0.030,0.620,0.350
222000,0.030,0.559,0.411
222500,0.030,0.695,0.275
223000,0.030,0.610,0.360
223500,0.030,0.635,0.335
224000,0.030,0.520,0.450
224500,0.030,0.714,0.256
225000,0.030,0.702,0.268
225500,0.030,0.628,0.342
226000,0.030,0.684,0.286
226500,0.030,0.653,0.317
227000,0.030,0.416,0.554
227500,0.030,0.471,0.499
228000,0.030,0.518,0.452
228500,0.030,0.685,0.285
229000,0.030,0.441,0.529
229500,0.030,0.661,0.309
230000,0.030,0.500,0.470
230500,0.030,0.441,0.529
231000,0.030,0.677,0.293
231500,0.030,0.548,0.422
232000,0.030,0.522,0.448
232500,0.030,0.472,0.498
233000,0.030,0.487,0.483
233500,0.030,0.580,0.390
234000,0.030,0.442,0.528
234500,0.030,0.542,0.428
235000,0.030,0.625,0.345
235500,0.030,0.597,0.373
236000,0.030,0.378,0.592
236500,0.030,0.604,0.366
237000,0.030,0.616,0.354
237500,0.030,0.452,0.518
238000,0.030,0.629,0.341
238500,0.030,0.736,0.234
239000,0.030,0.602,0.368
239500,0.030,0.588,0.382
240000,0.030,0.568,0.402
240500,0.030,0.523,0.447
241000,0.030,0.826,0.144
241500,0.030,0.708,0.262
242000,0.030,0.756,0.214
242500,0.030,0.689,0.281
243000,0.030,0.670,0.300
243500,0.030,0.353,0.617
244000,0.030,0.629,0.341
244500,0.030,0.654,0.316
245000,0.030,0.490,0.480
245500,0.030,0.652,0.318
246000,0.030,0.474,0.496
246500,0.030,0.601,0.369
247000,0.030,0.608,0.362
247500,0.030,0.521,0.449
248000,0.030,0.416,0.554
248500,0.030,0.491,0.479
249000,0.030,0.475,0.495
249500,0.030,0.389,0.581
250000,0.030,0.542,0.428
250500,0.030,0.485,0.485
251000,0.030,0.568,0.402
251500,0.030,0.537,0.433
252000,0.030,0.592,0.378
252500,0.030,0.369,0.601
253000,0.030,0.429,0.541
253500,0.030,0.598,0.372
254000,0.030,0.563,0.407
254500,0.030,0.558,0.412
255000,0.030,0.462,0.508
255500,0.030,0.621,0.349
256000,0.030,0.514,0.456
256500,0.030,0.603,0.367
257000,0.030,0.577,0.393
257500,0.030,0.454,0.516
258000,0.030,0.636,0.334
258500,0.030,0.523,0.447
259000,0.030,0.499,0.471
259500,0.030,0.707,0.263
260000,0.030,0.799,0.171
260500,0.030,0.508,0.462
261000,0.030,0.537,0.433
261500,0.030,0.447,0.523
262000,0.030,0.425,0.545
262500,0.030,0.581,0.389
263000,0.030,0.589,0.381
263500,0.030,0.525,0.445
264000,0.030,0.593,0.377
264500,0.030,0.622,0.348
265000,0.030,0.573,0.397
265500,0.030,0.545,0.425
266000,0.030,0.502,0.468
266500,0.030,0.558,0.412
267000,0.030,0.501,0.469
267500,0.030,0.557,0.413
268000,0.030,0.450,0.520
268500,0.030,0.533,0.437
269000,0.030,0.682,0.288
269500,0.030,0.723,0.247
270000,0.030,0.433,0.537
270500,0.030,0.461,0.509
271000,0.030,0.591,0.379
271500,0.030,0.404,0.566
272000,0.030,0.695,0.275
272500,0.030,0.657,0.313
273000,0.030,0.523,0.447
273500,0.030,0.717,0.253
274000,0.030,0.669,0.301
274500,0.030,0.666,0.304
275000,0.030,0.567,0.403
275500,0.030,0.523,0.447
276000,0.030,0.545,0.425
276500,0.030,0.651,0.319
277000,0.030,0.670,0.300
277500,0.030,0.577,0.393
278000,0.030,0.515,0.455
278500,0.030,0.331,0.639
279000,0.030,0.703,0.267
279500,0.030,0.416,0.554
280000,0.030,0.429,0.541
280500,0.030,0.564,0.406
281000,0.030,0.760,0.210
281500,0.030,0.723,0.247
282000,0.030,0.740,0.230
282500,0.030,0.471,0.499
283000,0.030,0.640,0.330
283500,0.030,0.577,0.393
284000,0.030,0.438,0.532
284500,0.030,0.487,0.483
285000,0.030,0.571,0.399
285500,0.030,0.615,0.355
286000,0.030,0.574,0.396
286500,0.030,0.634,0.336
287000,0.030,0.532,0.438
287500,0.030,0.434,0.536
288000,0.030,0.548,0.422
288500,0.030,0.638,0.332
289000,0.030,0.575,0.395
289500,0.030,0.614,0.356
290000,0.030,0.525,0.445
290500,0.030,0.422,0.548
291000,0.030,0.463,0.507
291500,0.030,0.511,0.459
292000,0.030,0.448,0.522
292500,0.030,0.622,0.348
293000,0.030,0.667,0.303
293500,0.030,0.586,0.384
294000,0.030,0.482,0.488
294500,0.030,0.540,0.430
295000,0.030,0.770,0.200
295500,0.030,0.572,0.398
296000,0.030,0.467,0.503
296500,0.030,0.720,0.250
297000,0.030,0.513,0.457
297500,0.030,0.481,0.489
298000,0.030,0.552,0.418
298500,0.030,0.505,0.465
299000,0.030,0.414,0.556
299500,0.030,0.458,0.512
300000,0.030,0.503,0.467
300500,0.030,0.294,0.676
301000,0.030,0.463,0.507
301500,0.030,0.509,0.461
302000,0.030,0.403,0.567
302500,0.030,0.669,0.301
303000,0.030,0.605,0.365
303500,0.030,0.342,0.628
304000,0.030,0.405,0.565
304500,0.030,0.481,0.489
305000,0.030,0.628,0.342
305500,0.030,0.643,0.327
306000,0.030,0.313,0.657
306500,0.030,0.549,0.421
307000,0.030,0.534,0.436
307500,0.030,0.651,0.319
308000,0.030,0.631,0.339
308500,0.030,0.320,0.650
309000,0.030,0.406,0.564
309500,0.030,0.545,0.425
310000,0.030,0.439,0.531
310500,0.030,0.721,0.249
311000,0.030,0.522,0.448
311500,0.030,0.615,0.355
312000,0.030,0.641,0.329
312500,0.030,0.488,0.482
313000,0.030,0.540,0.430
313500,0.030,0.472,0.498
314000,0.030,0.648,0.322
314500,0.030,0.405,0.565
315000,0.030,0.510,0.460
315500,0.030,0.745,0.225
316000,0.030,0.703,0.267
316500,0.030,0.590,0.380
317000,0.030,0.473,0.497
317500,0.030,0.432,0.538
318000,0.030,0.609,0.361
318500,0.030,0.572,0.398
319000,0.030,0.560,0.410
319500,0.030,0.538,0.432
320000,0.030,0.574,0.396
320500,0.030,0.600,0.370
321000,0.030,0.611,0.359
321500,0.030,0.563,0.407
322000,0.030,0.356,0.614
322500,0.030,0.595,0.375
323000,0.030,0.516,0.454
323500,0.030,0.666,0.304
324000,0.030,0.615,0.355
324500,0.030,0.521,0.449
325000,0.030,0.508,0.462
325500,0.030,0.382,0.588
326000,0.030,0.468,0.502
326500,0.030,0.527,0.443
327000,0.030,0.650,0.320
327500,0.030,0.614,0.356
328000,0.030,0.473,0.497
328500,0.030,0.599,0.371
329000,0.030,0.627,0.343
329500,0.030,0.409,0.561
330000,0.030,0.531,0.439
330500,0.030,0.544,0.426
331000,0.030,0.429,0.541
331500,0.030,0.667,0.303
332000,0.030,0.567,0.403
332500,0.030,0.617,0.353
333000,0.030,0.397,0.573
333500,0.030,0.547,0.423
334000,0.030,0.525,0.445
334500,0.030,0.546,0.424
335000,0.030,0.551,0.419
335500,0.030,0.581,0.389
336000,0.030,0.521,0.449
336500,0.030,0.362,0.608
337000,0.030,0.555,0.415
337500,0.030,0.561,0.409
338000,0.030,0.481,0.489
338500,0.030,0.706,0.264
339000,0.030,0.430,0.540
339500,0.030,0.575,0.395
340000,0.030,0.440,0.530
340500,0.030,0.543,0.427
341000,0.030,0.487,0.483
341500,0.030,0.571,0.399
342000,0.030,0.674,0.296
342500,0.030,0.801,0.169
343000,0.030,0.520,0.450
343500,0.030,0.532,0.438
344000,0.030,0.419,0.551
344500,0.030,0.761,0.209
345000,0.030,0.487,0.483
345500,0.030,0.562,0.408
346000,0.030,0.473,0.497
346500,0.030,0.418,0.552
347000,0.030,0.530,0.440
347500,0.030,0.598,0.372
348000,0.030,0.688,0.282
348500,0.030,0.670,0.300
349000,0.030,0.545,0.425
349500,0.030,0.636,0.334
350000,0.030,0.621,0.349
350500,0.030,0.585,0.385
351000,0.030,0.429,0.541
351500,0.030,0.361,0.609
352000,0.030,0.683,0.287
352500,0.030,0.763,0.207
353000,0.030,0.425,0.545
353500,0.030,0.611,0.359
354000,0.030,0.522,0.448
354500,0.030,0.409,0.561
355000,0.030,0.532,0.438
355500,0.030,0.555,0.415
356000,0.030,0.777,0.193
356500,0.030,0.580,0.390
357000,0.030,0.561,0.409
357500,0.030,0.428,0.542
358000,0.030,0.577,0.393
358500,0.030,0.494,0.476
359000,0.030,0.645,0.325
359500,0.030,0.759,0.211
360000,0.030,0.676,0.294
360500,0.030,0.479,0.491
361000,0.030,0.454,0.516
361500,0.030,0.548,0.422
362000,0.030,0.589,0.381
362500,0.030,0.736,0.234
363000,0.030,0.606,0.364
363500,0.030,0.526,0.444
364000,0.030,0.603,0.367
364500,0.030,0.554,0.416
365000,0.030,0.627,0.343
365500,0.030,0.692,0.278
366000,0.030,0.435,0.535
366500,0.030,0.609,0.361
367000,0.030,0.608,0.362
367500,0.030,0.630,0.340
368000,0.030,0.534,0.436
368500,0.030,0.638,0.332
369000,0.030,0.540,0.430
369500,0.030,0.507,0.463
370000,0.030,0.524,0.446
370500,0.030,0.617,0.353
371000,0.030,0.598,0.372
371500,0.030,0.386,0.584
372000,0.030,0.487,0.483
372500,0.030,0.556,0.414
373000,0.030,0.712,0.258
373500,0.030,0.422,0.548
374000,0.030,0.422,0.548
374500,0.030,0.441,0.529
375000,0.030,0.704,0.266
375500,0.030,0.492,0.478
376000,0.030,0.626,0.344
376500,0.030,0.571,0.399
377000,0.030,0.610,0.360
377500,0.030,0.533,0.437
378000,0.030,0.424,0.546
378500,0.030,0.624,0.346
379000,0.030,0.718,0.252
379500,0.030,0.375,0.595
380000,0.030,0.412,0.558
380500,0.030,0.525,0.445
381000,0.030,0.755,0.215
381500,0.030,0.584,0.386
382000,0.030,0.745,0.225
382500,0.030,0.465,0.505
383000,0.030,0.555,0.415
383500,0.030,0.500,0.470
384000,0.030,0.448,0.522
384500,0.030,0.438,0.532
385000,0.030,0.455,0.515
385500,0.030,0.624,0.346
386000,0.030,0.733,0.237
386500,0.030,0.677,0.293
387000,0.030,0.551,0.419
387500,0.030,0.549,0.421
388000,0.030,0.481,0.489
388500,0.030,0.639,0.331
389000,0.030,0.704,0.266
389500,0.030,0.594,0.376
390000,0.030,0.454,0.516
390500,0.030,0.559,0.411
391000,0.030,0.827,0.143
391500,0.030,0.756,0.214
392000,0.030,0.615,0.355
392500,0.030,0.539,0.431
393000,0.030,0.717,0.253
393500,0.030,0.537,0.433
394000,0.030,0.734,0.236
394500,0.030,0.547,0.423
395000,0.030,0.772,0.198
395500,0.030,0.559,0.411
396000,0.030,0.474,0.496
396500,0.030,0.553,0.417
397000,0.030,0.437,0.533
397500,0.030,0.444,0.526
398000,0.030,0.685,0.285
398500,0.030,0.592,0.378
399000,0.030,0.514,0.456
399500,0.030,0.478,0.492
400000,0.030,0.656,0.314
400500,0.030,0.720,0.250
401000,0.030,0.517,0.453
401500,0.030,0.546,0.424
402000,0.030,0.634,0.336
402500,0.030,0.562,0.408
403000,0.030,0.671,0.299
403500,0.030,0.588,0.382
404000,0.030,0.473,0.497
404500,0.030,0.571,0.399
405000,0.030,0.585,0.385
405500,0.030,0.482,0.488
406000,0.030,0.477,0.493
406500,0.030,0.555,0.415
407000,0.030,0.536,0.434
407500,0.030,0.481,0.489
408000,0.030,0.535,0.435
408500,0.030,0.437,0.533
409000,0.030,0.560,0.410
409500,0.030,0.492,0.478
410000,0.030,0.540,0.430
410500,0.030,0.471,0.499
411000,0.030,0.786,0.184
411500,0.030,0.767,0.203
412000,0.030,0.440,0.530
412500,0.030,0.589,0.381
413000,0.030,0.628,0.342
413500,0.030,0.656,0.314
414000,0.030,0.558,0.412
414500,0.030,0.442,0.528
415000,0.030,0.491,0.479
415500,0.030,0.578,0.392
416000,0.030,0.691,0.279
416500,0.030,0.451,0.519
417000,0.030,0.497,0.473
417500,0.030,0.609,0.361
418000,0.030,0.485,0.485
418500,0.030,0.678,0.292
419000,0.030,0.618,0.352
419500,0.030,0.682,0.288
420000,0.030,0.608,0.362
420500,0.030,0.539,0.431
421000,0.030,0.539,0.431
421500,0.030,0.550,0.420
422000,0.030,0.562,0.408
422500,0.030,0.614,0.356
423000,0.030,0.481,0.489
423500,0.030,0.437,0.533
424000,0.030,0.638,0.332
424500,0.030,0.652,0.318
425000,0.030,0.620,0.350
425500,0.030,0.607,0.363
426000,0.030,0.656,0.314
426500,0.030,0.613,0.357
427000,0.030,0.419,0.551
427500,0.030,0.460,0.510
428000,0.030,0.664,0.306
428500,0.030,0.417,0.553
429000,0.030,0.419,0.551
429500,0.030,0.526,0.444
430000,0.030,0.625,0.345
430500,0.030,0.666,0.304
431000,0.030,0.549,0.421
431500,0.030,0.687,0.283
432000,0.030,0.552,0.418
432500,0.030,0.481,0.489
433000,0.030,0.755,0.215
433500,0.030,0.525,0.445
434000,0.030,0.623,0.347
434500,0.030,0.622,0.348
435000,0.030,0.579,0.391
435500,0.030,0.566,0.404
436000,0.030,0.579,0.391
436500,0.030,0.449,0.521
437000,0.030,0.763,0.207
437500,0.030,0.743,0.227
438000,0.030,0.617,0.353
438500,0.030,0.550,0.420
439000,0.030,0.619,0.351
439500,0.030,0.428,0.542
440000,0.030,0.672,0.298
440500,0.030,0.661,0.309
441000,0.030,0.610,0.360
441500,0.030,0.730,0.240
442000,0.030,0.596,0.374
442500,0.030,0.644,0.326
443000,0.030,0.630,0.340
443500,0.030,0.478,0.492
444000,0.030,0.640,0.330
444500,0.030,0.505,0.465
445000,0.030,0.450,0.520
445500,0.030,0.415,0.555
446000,0.030,0.473,0.497
446500,0.030,0.460,0.510
447000,0.030,0.590,0.380
447500,0.030,0.496,0.474
448000,0.030,0.644,0.326
448500,0.030,0.308,0.662
449000,0.030,0.498,0.472
449500,0.030,0.482,0.488
450000,0.030,0.485,0.485
450500,0.030,0.380,0.590
451000,0.030,0.609,0.361
451500,0.030,0.513,0.457
452000,0.030,0.646,0.324
452500,0.030,0.336,0.634
453000,0.030,0.598,0.372
453500,0.030,0.699,0.271
454000,0.030,0.556,0.414
454500,0.030,0.602,0.368
455000,0.030,0.703,0.267
455500,0.030,0.578,0.392
456000,0.030,0.488,0.482
456500,0.030,0.688,0.282
457000,0.030,0.462,0.508
457500,0.030,0.392,0.578
458000,0.030,0.561,0.409
458500,0.030,0.600,0.370
459000,0.030,0.634,0.336
459500,0.030,0.587,0.383
460000,0.030,0.461,0.509
460500,0.030,0.588,0.382
461000,0.030,0.467,0.503
461500,0.030,0.607,0.363
462000,0.030,0.559,0.411
462500,0.030,0.554,0.416
463000,0.030,0.326,0.644
463500,0.030,0.633,0.337
464000,0.030,0.502,0.468
464500,0.030,0.450,0.520
465000,0.030,0.574,0.396
465500,0.030,0.567,0.403
466000,0.030,0.586,0.384
466500,0.030,0.605,0.365
467000,0.030,0.491,0.479
467500,0.030,0.557,0.413
468000,0.030,0.539,0.431
468500,0.030,0.585,0.385
469000,0.030,0.460,0.510
469500,0.030,0.681,0.289
470000,0.030,0.551,0.419
470500,0.030,0.416,0.554
471000,0.030,0.545,0.425
471500,0.030,0.393,0.577
472000,0.030,0.368,0.602
472500,0.030,0.730,0.240
473000,0.030,0.625,0.345
473500,0.030,0.298,0.672
474000,0.030,0.431,0.539
474500,0.030,0.362,0.608
475000,0.030,0.499,0.471
475500,0.030,0.652,0.318
476000,0.030,0.457,0.513
476500,0.030,0.384,0.586
477000,0.030,0.555,0.415
477500,0.030,0.408,0.562
478000,0.030,0.447,0.523
478500,0.030,0.704,0.266
479000,0.030,0.669,0.301
479500,0.030,0.612,0.358
480000,0.030,0.680,0.290
480500,0.030,0.611,0.359
481000,0.030,0.597,0.373
481500,0.030,0.577,0.393
482000,0.030,0.504,0.466
482500,0.030,0.537,0.433
483000,0.030,0.500,0.470
483500,0.030,0.575,0.395
484000,0.030,0.635,0.335
484500,0.030,0.552,0.418
485000,0.030,0.441,0.529
485500,0.030,0.458,0.512
486000,0.030,0.595,0.375
486500,0.030,0.511,0.459
487000,0.030,0.445,0.525
487500,0.030,0.542,0.428
488000,0.030,0.674,0.296
488500,0.030,0.526,0.444
489000,0.030,0.573,0.397
489500,0.030,0.500,0.470
490000,0.030,0.536,0.434
490500,0.030,0.508,0.462
491000,0.030,0.541,0.429
491500,0.030,0.569,0.401
492000,0.030,0.443,0.527
492500,0.030,0.492,0.478
493000,0.030,0.550,0.420
493500,0.030,0.662,0.308
494000,0.030,0.672,0.298
494500,0.030,0.674,0.296
495000,0.030,0.555,0.415
495500,0.030,0.794,0.176
496000,0.030,0.781,0.189
496500,0.030,0.684,0.286
497000,0.030,0.456,0.514
497500,0.030,0.478,0.492
498000,0.030,0.495,0.475
498500,0.030,0.453,0.517
499000,0.030,0.673,0.297
499500,0.030,0.701,0.269
500000,0.030,0.632,0.338
500500,0.030,0.416,0.554
501000,0.030,0.593,0.377
501500,0.030,0.567,0.403
502000,0.030,0.495,0.475
502500,0.030,0.454,0.516
503000,0.030,0.542,0.428
503500,0.030,0.566,0.404
504000,0.030,0.600,0.370
504500,0.030,0.588,0.382
505000,0.030,0.738,0.232
505500,0.030,0.362,0.608
506000,0.030,0.376,0.594
506500,0.030,0.397,0.573
507000,0.030,0.549,0.421
507500,0.030,0.348,0.622
508000,0.030,0.631,0.339
508500,0.030,0.524,0.446
509000,0.030,0.727,0.243
509500,0.030,0.556,0.414
510000,0.030,0.462,0.508
510500,0.030,0.421,0.549
511000,0.030,0.369,0.601
511500,0.030,0.528,0.442
512000,0.030,0.385,0.585
512500,0.030,0.497,0.473
513000,0.030,0.449,0.521
513500,0.030,0.452,0.518
514000,0.030,0.540,0.430
514500,0.030,0.598,0.372
515000,0.030,0.524,0.446
515500,0.030,0.519,0.451
516000,0.030,0.503,0.467
516500,0.030,0.685,0.285
517000,0.030,0.594,0.376
517500,0.030,0.610,0.360
518000,0.030,0.634,0.336
518500,0.030,0.615,0.355
519000,0.030,0.664,0.306
519500,0.030,0.644,0.326
520000,0.030,0.414,0.556
520500,0.030,0.611,0.359
521000,0.030,0.505,0.465
521500,0.030,0.595,0.375
522000,0.030,0.586,0.384
522500,0.030,0.613,0.357
523000,0.030,0.543,0.427
523500,0.030,0.481,0.489
524000,0.030,0.439,0.531
524500,0.030,0.647,0.323
525000,0.030,0.544,0.426
525500,0.030,0.510,0.460
526000,0.030,0.672,0.298
526500,0.030,0.500,0.470
527000,0.030,0.549,0.421
527500,0.030,0.672,0.298
528000,0.030,0.591,0.379
528500,0.030,0.742,0.228
529000,0.030,0.545,0.425
529500,0.030,0.590,0.380
530000,0.030,0.566,0.404
530500,0.030,0.532,0.438
531000,0.030,0.617,0.353
531500,0.030,0.466,0.504
532000,0.030,0.563,0.407
532500,0.030,0.435,0.535
533000,0.030,0.503,0.467
533500,0.030,0.284,0.686
534000,0.030,0.560,0.410
534500,0.030,0.573,0.397
535000,0.030,0.465,0.505
535500,0.030,0.644,0.326
536000,0.030,0.590,0.380
536500,0.030,0.652,0.318
537000,0.030,0.500,0.470
537500,0.030,0.532,0.438
538000,0.030,0.615,0.355
538500,0.030,0.612,0.358
539000,0.030,0.701,0.269
539500,0.030,0.584,0.386
540000,0.030,0.612,0.358
540500,0.030,0.690,0.280
541000,0.030,0.623,0.347
541500,0.030,0.617,0.353
542000,0.030,0.491,0.479
542500,0.030,0.634,0.336
543000,0.030,0.392,0.578
543500,0.030,0.497,0.473
544000,0.030,0.421,0.549
544500,0.030,0.576,0.394
545000,0.030,0.540,0.430
545500,0.030,0.626,0.344
546000,0.030,0.499,0.471
546500,0.030,0.778,0.192
547000,0.030,0.433,0.537
547500,0.030,0.700,0.270
548000,0.030,0.532,0.438
548500,0.030,0.546,0.424
549000,0.030,0.538,0.432
549500,0.030,0.458,0.512
550000,0.030,0.635,0.335
550500,0.030,0.641,0.329
551000,0.030,0.603,0.367
551500,0.030,0.562,0.408
552000,0.030,0.685,0.285
552500,0.030,0.639,0.331
553000,0.030,0.600,0.370
553500,0.030,0.363,0.607
554000,0.030,0.703,0.267
554500,0.030,0.658,0.312
555000,0.030,0.604,0.366
555500,0.030,0.308,0.662
556000,0.030,0.551,0.419
556500,0.030,0.576,0.394
557000,0.030,0.656,0.314
557500,0.030,0.732,0.238
558000,0.030,0.715,0.255
558500,0.030,0.581,0.389
559000,0.030,0.554,0.416
559500,0.030,0.382,0.588
560000,0.030,0.494,0.476
560500,0.030,0.659,0.311
561000,0.030,0.727,0.243
561500,0.030,0.687,0.283
562000,0.030,0.605,0.365
562500,0.030,0.591,0.379
563000,0.030,0.425,0.545
563500,0.030,0.512,0.458
564000,0.030,0.594,0.376
564500,0.030,0.506,0.464
565000,0.030,0.446,0.524
565500,0.030,0.509,0.461
566000,0.030,0.558,0.412
566500,0.030,0.713,0.257
567000,0.030,0.521,0.449
567500,0.030,0.514,0.456
568000,0.030,0.748,0.222
568500,0.030,0.478,0.492
569000,0.030,0.567,0.403
569500,0.030,0.443,0.527
570000,0.030,0.670,0.300
570500,0.030,0.471,0.499
571000,0.030,0.646,0.324
571500,0.030,0.323,0.647
572000,0.030,0.394,0.576
572500,0.030,0.534,0.436
573000,0.030,0.582,0.388
573500,0.030,0.580,0.390
574000,0.030,0.439,0.531
574500,0.030,0.572,0.398
575000,0.030,0.780,0.190
575500,0.030,0.652,0.318
576000,0.030,0.495,0.475
576500,0.030,0.352,0.618
577000,0.030,0.458,0.512
577500,0.030,0.348,0.622
578000,0.030,0.439,0.531
578500,0.030,0.361,0.609
579000,0.030,0.534,0.436
579500,0.030,0.598,0.372
580000,0.030,0.535,0.435
580500,0.030,0.610,0.360
581000,0.030,0.588,0.382
581500,0.030,0.559,0.411
582000,0.030,0.698,0.272
582500,0.030,0.737,0.233
583000,0.030,0.622,0.348
583500,0.030,0.541,0.429
584000,0.030,0.420,0.550
584500,0.030,0.519,0.451
585000,0.030,0.517,0.453
585500,0.030,0.385,0.585
586000,0.030,0.728,0.242
586500,0.030,0.559,0.411
587000,0.030,0.621,0.349
587500,0.030,0.616,0.354
588000,0.030,0.672,0.298
588500,0.030,0.355,0.615
589000,0.030,0.625,0.345
589500,0.030,0.498,0.472
590000,0.030,0.505,0.465
590500,0.030,0.651,0.319
591000,0.030,0.676,0.294
591500,0.030,0.353,0.617
592000,0.030,0.554,0.416
592500,0.030,0.596,0.374
593000,0.030,0.468,0.502
593500,0.030,0.435,0.535
594000,0.030,0.598,0.372
594500,0.030,0.525,0.445
595000,0.030,0.443,0.527
595500,0.030,0.641,0.329
596000,0.030,0.507,0.463
596500,0.030,0.547,0.423
597000,0.030,0.574,0.396
597500,0.030,0.740,0.230
598000,0.030,0.436,0.534
598500,0.030,0.486,0.484
599000,0.030,0.447,0.523
599500,0.030,0.619,0.351
600000,0.030,0.853,0.117
600500,0.030,0.554,0.416
601000,0.030,0.545,0.425
601500,0.030,0.573,0.397
602000,0.030,0.645,0.325
602500,0.030,0.711,0.259
603000,0.030,0.700,0.270
603500,0.030,0.489,0.481
604000,0.030,0.659,0.311
604500,0.030,0.623,0.347
605000,0.030,0.576,0.394
605500,0.030,0.444,0.526
606000,0.030,0.412,0.558
606500,0.030,0.441,0.529
607000,0.030,0.462,0.508
607500,0.030,0.388,0.582
608000,0.030,0.577,0.393
608500,0.030,0.528,0.442
609000,0.030,0.636,0.334
609500,0.030,0.809,0.161
610000,0.030,0.601,0.369
610500,0.030,0.598,0.372
611000,0.030,0.621,0.349
611500,0.030,0.650,0.320
612000,0.030,0.545,0.425
612500,0.030,0.433,0.537
613000,0.030,0.655,0.315
613500,0.030,0.629,0.341
614000,0.030,0.558,0.412
614500,0.030,0.379,0.591
615000,0.030,0.488,0.482
615500,0.030,0.500,0.470
616000,0.030,0.623,0.347
616500,0.030,0.692,0.278
617000,0.030,0.675,0.295
617500,0.030,0.523,0.447
618000,0.030,0.483,0.487
618500,0.030,0.664,0.306
619000,0.030,0.652,0.318
619500,0.030,0.411,0.559
620000,0.030,0.495,0.475
620500,0.030,0.578,0.392
621000,0.030,0.688,0.282
621500,0.030,0.640,0.330
622000,0.030,0.450,0.520
622500,0.030,0.496,0.474
623000,0.030,0.324,0.646
623500,0.030,0.547,0.423
624000,0.030,0.510,0.460
624500,0.030,0.535,0.435
625000,0.030,0.611,0.359
625500,0.030,0.643,0.327
626000,0.030,0.615,0.355
626500,0.030,0.488,0.482
627000,0.030,0.491,0.479
627500,0.030,0.578,0.392
628000,0.030,0.442,0.528
628500,0.030,0.610,0.360
629000,0.030,0.662,0.308
629500,0.030,0.641,0.329
630000,0.030,0.600,0.370
630500,0.030,0.645,0.325
631000,0.030,0.442,0.528
631500,0.030,0.571,0.399
632000,0.030,0.758,0.212
632500,0.030,0.377,0.593
633000,0.030,0.621,0.349
633500,0.030,0.434,0.536
634000,0.030,0.425,0.545
634500,0.030,0.502,0.468
635000,0.030,0.593,0.377
635500,0.030,0.488,0.482
636000,0.030,0.457,0.513
636500,0.030,0.601,0.369
637000,0.030,0.587,0.383
637500,0.030,0.519,0.451
638000,0.030,0.436,0.534
638500,0.030,0.584,0.386
639000,0.030,0.404,0.566
639500,0.030,0.569,0.401
640000,0.030,0.458,0.512
640500,0.030,0.620,0.350
641000,0.030,0.555,0.415
641500,0.030,0.492,0.478
642000,0.030,0.524,0.446
642500,0.030,0.349,0.621
643000,0.030,0.578,0.392
643500,0.030,0.583,0.387
644000,0.030,0.533,0.437
644500,0.030,0.593,0.377
645000,0.030,0.578,0.392
645500,0.030,0.426,0.544
646000,0.030,0.624,0.346
646500,0.030,0.562,0.408
647000,0.030,0.559,0.411
647500,0.030,0.660,0.310
648000,0.030,0.671,0.299
648500,0.030,0.718,0.252
649000,0.030,0.662,0.308
649500,0.030,0.471,0.499
650000,0.030,0.562,0.408
650500,0.030,0.499,0.471
651000,0.030,0.552,0.418
651500,0.030,0.529,0.441
652000,0.030,0.640,0.330
652500,0.030,0.361,0.609
653000,0.030,0.554,0.416
653500,0.030,0.534,0.436
654000,0.030,0.708,0.262
654500,0.030,0.478,0.492
655000,0.030,0.538,0.432
655500,0.030,0.341,0.629
656000,0.030,0.377,0.593
656500,0.030,0.620,0.350
657000,0.030,0.516,0.454
657500,0.030,0.539,0.431
658000,0.030,0.467,0.503
658500,0.030,0.528,0.442
659000,0.030,0.330,0.640
659500,0.030,0.714,0.256
660000,0.030,0.618,0.352
660500,0.030,0.542,0.428
661000,0.030,0.557,0.413
661500,0.030,0.514,0.456
662000,0.030,0.741,0.229
662500,0.030,0.628,0.342
663000,0.030,0.491,0.479
663500,0.030,0.626,0.344
664000,0.030,0.542,0.428
664500,0.030,0.431,0.539
665000,0.030,0.643,0.327
665500,0.030,0.477,0.493
666000,0.030,0.424,0.546
666500,0.030,0.436,0.534
667000,0.030,0.700,0.270
667500,0.030,0.689,0.281
668000,0.030,0.548,0.422
668500,0.030,0.557,0.413
669000,0.030,0.530,0.440
669500,0.030,0.506,0.464
670000,0.030,0.620,0.350
670500,0.030,0.441,0.529
671000,0.030,0.504,0.466
671500,0.030,0.566,0.404
672000,0.030,0.502,0.468
672500,0.030,0.551,0.419
673000,0.030,0.445,0.525
673500,0.030,0.498,0.472
674000,0.030,0.474,0.496
674500,0.030,0.518,0.452
675000,0.030,0.344,0.626
675500,0.030,0.563,0.407
676000,0.030,0.524,0.446
676500,0.030,0.517,0.453
677000,0.030,0.302,0.668
677500,0.030,0.611,0.359
678000,0.030,0.407,0.563
678500,0.030,0.466,0.504
679000,0.030,0.411,0.559
679500,0.030,0.599,0.371
680000,0.030,0.464,0.506
680500,0.030,0.615,0.355
681000,0.030,0.603,0.367
681500,0.030,0.749,0.221
682000,0.030,0.584,0.386
682500,0.030,0.415,0.555
683000,0.030,0.407,0.563
683500,0.030,0.591,0.379
684000,0.030,0.556,0.414
684500,0.030,0.750,0.220
685000,0.030,0.664,0.306
685500,0.030,0.491,0.479
686000,0.030,0.685,0.285
686500,0.030,0.532,0.438
687000,0.030,0.648,0.322
687500,0.030,0.590,0.380
688000,0.030,0.558,0.412
688500,0.030,0.531,0.439
689000,0.030,0.541,0.429
689500,0.030,0.704,0.266
690000,0.030,0.581,0.389
690500,0.030,0.455,0.515
691000,0.030,0.467,0.503
691500,0.030,0.621,0.349
692000,0.030,0.527,0.443
692500,0.030,0.605,0.365
693000,0.030,0.469,0.501
693500,0.030,0.537,0.433
694000,0.030,0.675,0.295
694500,0.030,0.529,0.441
695000,0.030,0.516,0.454
695500,0.030,0.441,0.529
696000,0.030,0.670,0.300
696500,0.030,0.479,0.491
697000,0.030,0.370,0.600
697500,0.030,0.631,0.339
698000,0.030,0.492,0.478
698500,0.030,0.527,0.443
699000,0.030,0.542,0.428
699500,0.030,0.553,0.417
700000,0.030,0.549,0.421
700500,0.030,0.611,0.359
701000,0.030,0.690,0.280
701500,0.030,0.558,0.412
702000,0.030,0.572,0.398
702500,0.030,0.405,0.565
703000,0.030,0.577,0.393
703500,0.030,0.519,0.451
704000,0.030,0.543,0.427
704500,0.030,0.551,0.419
705000,0.030,0.488,0.482
705500,0.030,0.512,0.458
706000,0.030,0.381,0.589
706500,0.030,0.575,0.395
707000,0.030,0.599,0.371
707500,0.030,0.569,0.401
708000,0.030,0.577,0.393
708500,0.030,0.611,0.359
709000,0.030,0.657,0.313
709500,0.030,0.546,0.424
710000,0.030,0.584,0.386
710500,0.030,0.623,0.347
711000,0.030,0.720,0.250
711500,0.030,0.577,0.393
712000,0.030,0.426,0.544
712500,0.030,0.548,0.422
713000,0.030,0.691,0.279
713500,0.030,0.409,0.561
714000,0.030,0.703,0.267
714500,0.030,0.764,0.206
715000,0.030,0.651,0.319
715500,0.030,0.617,0.353
716000,0.030,0.580,0.390
716500,0.030,0.551,0.419
717000,0.030,0.566,0.404
717500,0.030,0.684,0.286
718000,0.030,0.442,0.528
718500,0.030,0.621,0.349
719000,0.030,0.590,0.380
719500,0.030,0.602,0.368
720000,0.030,0.619,0.351
720500,0.030,0.650,0.320
721000,0.030,0.472,0.498
721500,0.030,0.534,0.436
722000,0.030,0.640,0.330
722500,0.030,0.634,0.336
723000,0.030,0.562,0.408
723500,0.030,0.726,0.244
724000,0.030,0.501,0.469
724500,0.030,0.640,0.330
725000,0.030,0.581,0.389
725500,0.030,0.428,0.542
726000,0.030,0.471,0.499
726500,0.030,0.485,0.485
727000,0.030,0.615,0.355
727500,0.030,0.535,0.435
728000,0.030,0.719,0.251
728500,0.030,0.532,0.438
729000,0.030,0.524,0.446
729500,0.030,0.363,0.607
730000,0.030,0.413,0.557
730500,0.030,0.469,0.501
731000,0.030,0.615,0.355
731500,0.030,0.571,0.399
732000,0.030,0.638,0.332
732500,0.030,0.473,0.497
733000,0.030,0.536,0.434
733500,0.030,0.541,0.429
734000,0.030,0.463,0.507
734500,0.030,0.496,0.474
735000,0.030,0.654,0.316
735500,0.030,0.533,0.437
736000,0.030,0.663,0.307
736500,0.030,0.745,0.225
737000,0.030,0.648,0.322
737500,0.030,0.463,0.507
738000,0.030,0.420,0.550
738500,0.030,0.591,0.379
739000,0.030,0.679,0.291
739500,0.030,0.751,0.219
740000,0.030,0.441,0.529
740500,0.030,0.609,0.361
741000,0.030,0.481,0.489
741500,0.030,0.482,0.488
742000,0.030,0.520,0.450
742500,0.030,0.750,0.220
743000,0.030,0.536,0.434
743500,0.030,0.464,0.506
744000,0.030,0.751,0.219
744500,0.030,0.632,0.338
745000,0.030,0.610,0.360
745500,0.030,0.549,0.421
746000,0.030,0.673,0.297
746500,0.030,0.506,0.464
747000,0.030,0.626,0.344
747500,0.030,0.420,0.550
748000,0.030,0.633,0.337
748500,0.030,0.454,0.516
749000,0.030,0.653,0.317
749500,0.030,0.541,0.429
750000,0.030,0.511,0.459
750500,0.030,0.454,0.516
751000,0.030,0.612,0.358
751500,0.030,0.558,0.412
752000,0.030,0.606,0.364
752500,0.030,0.525,0.445
753000,0.030,0.538,0.432
753500,0.030,0.634,0.336
754000,0.030,0.360,0.610
754500,0.030,0.421,0.549
755000,0.030,0.618,0.352
755500,0.030,0.386,0.584
756000,0.030,0.331,0.639
756500,0.030,0.637,0.333
757000,0.030,0.577,0.393
757500,0.030,0.755,0.215
758000,0.030,0.498,0.472
758500,0.030,0.578,0.392
759000,0.030,0.556,0.414
759500,0.030,0.620,0.350
760000,0.030,0.781,0.189
760500,0.030,0.568,0.402
761000,0.030,0.602,0.368
761500,0.030,0.642,0.328
762000,0.030,0.660,0.310
762500,0.030,0.446,0.524
763000,0.030,0.719,0.251
763500,0.030,0.617,0.353
764000,0.030,0.628,0.342
764500,0.030,0.338,0.632
765000,0.030,0.451,0.519
765500,0.030,0.551,0.419
766000,0.030,0.664,0.306
766500,0.030,0.725,0.245
767000,0.030,0.460,0.510
767500,0.030,0.468,0.502
768000,0.030,0.649,0.321
768500,0.030,0.567,0.403
769000,0.030,0.503,0.467
769500,0.030,0.651,0.319
770000,0.030,0.504,0.466
770500,0.030,0.491,0.479
771000,0.030,0.639,0.331
771500,0.030,0.525,0.445
772000,0.030,0.447,0.523
772500,0.030,0.689,0.281
773000,0.030,0.555,0.415
773500,0.030,0.519,0.451
774000,0.030,0.577,0.393
774500,0.030,0.572,0.398
775000,0.030,0.359,0.611
775500,0.030,0.799,0.171
776000,0.030,0.671,0.299
776500,0.030,0.530,0.440
777000,0.030,0.610,0.360
777500,0.030,0.560,0.410
778000,0.030,0.484,0.486
778500,0.030,0.507,0.463
779000,0.030,0.696,0.274
779500,0.030,0.734,0.236
780000,0.030,0.695,0.275
780500,0.030,0.509,0.461
781000,0.030,0.444,0.526
781500,0.030,0.414,0.556
782000,0.030,0.562,0.408
782500,0.030,0.495,0.475
783000,0.030,0.553,0.417
783500,0.030,0.709,0.261
784000,0.030,0.719,0.251
784500,0.030,0.550,0.420
785000,0.030,0.484,0.486
785500,0.030,0.549,0.421
786000,0.030,0.381,0.589
786500,0.030,0.616,0.354
787000,0.030,0.416,0.554
787500,0.030,0.401,0.569
788000,0.030,0.474,0.496
788500,0.030,0.577,0.393
789000,0.030,0.489,0.481
789500,0.030,0.591,0.379
790000,0.030,0.495,0.475
790500,0.030,0.509,0.461
791000,0.030,0.511,0.459
791500,0.030,0.577,0.393
792000,0.030,0.579,0.391
792500,0.030,0.667,0.303
793000,0.030,0.581,0.389
793500,0.030,0.578,0.392
794000,0.030,0.591,0.379
794500,0.030,0.750,0.220
795000,0.030,0.602,0.368
795500,0.030,0.490,0.480
796000,0.030,0.734,0.236
796500,0.030,0.449,0.521
797000,0.030,0.657,0.313
797500,0.030,0.643,0.327
798000,0.030,0.533,0.437
798500,0.030,0.516,0.454
799000,0.030,0.459,0.511
799500,0.030,0.471,0.499
800000,0.030,0.482,0.488
800500,0.030,0.539,0.431
801000,0.030,0.550,0.420
801500,0.030,0.484,0.486
802000,0.030,0.385,0.585
802500,0.030,0.534,0.436
803000,0.030,0.714,0.256
803500,0.030,0.646,0.324
804000,0.030,0.489,0.481
804500,0.030,0.786,0.184
805000,0.030,0.527,0.443
805500,0.030,0.613,0.357
806000,0.030,0.559,0.411
806500,0.030,0.598,0.372
807000,0.030,0.529,0.441
807500,0.030,0.562,0.408
808000,0.030,0.723,0.247
808500,0.030,0.717,0.253
809000,0.030,0.672,0.298
809500,0.030,0.697,0.273
810000,0.030,0.575,0.395
810500,0.030,0.443,0.527
811000,0.030,0.575,0.395
811500,0.030,0.530,0.440
812000,0.030,0.549,0.421
812500,0.030,0.521,0.449
813000,0.030,0.423,0.547
813500,0.030,0.515,0.455
814000,0.030,0.386,0.584
814500,0.030,0.774,0.196
815000,0.030,0.774,0.196
815500,0.030,0.485,0.485
816000,0.030,0.576,0.394
816500,0.030,0.563,0.407
817000,0.030,0.363,0.607
817500,0.030,0.443,0.527
818000,0.030,0.553,0.417
818500,0.030,0.683,0.287
819000,0.030,0.261,0.709
819500,0.030,0.559,0.411
820000,0.030,0.451,0.519
820500,0.030,0.462,0.508
821000,0.030,0.320,0.650
821500,0.030,0.566,0.404
822000,0.030,0.643,0.327
822500,0.030,0.472,0.498
823000,0.030,0.604,0.366
823500,0.030,0.528,0.442
824000,0.030,0.463,0.507
824500,0.030,0.647,0.323
825000,0.030,0.589,0.381
825500,0.030,0.641,0.329
826000,0.030,0.525,0.445
826500,0.030,0.543,0.427
827000,0.030,0.395,0.575
827500,0.030,0.591,0.379
828000,0.030,0.593,0.377
828500,0.030,0.753,0.217
829000,0.030,0.550,0.420
829500,0.030,0.548,0.422
830000,0.030,0.708,0.262
830500,0.030,0.694,0.276
831000,0.030,0.655,0.315
831500,0.030,0.547,0.423
832000,0.030,0.603,0.367
832500,0.030,0.545,0.425
833000,0.030,0.387,0.583
833500,0.030,0.417,0.553
834000,0.030,0.456,0.514
834500,0.030,0.445,0.525
835000,0.030,0.450,0.520
835500,0.030,0.484,0.486
836000,0.030,0.669,0.301
836500,0.030,0.635,0.335
837000,0.030,0.666,0.304
837500,0.030,0.459,0.511
838000,0.030,0.426,0.544
838500,0.030,0.765,0.205
839000,0.030,0.545,0.425
839500,0.030,0.451,0.519
840000,0.030,0.511,0.459
840500,0.030,0.620,0.350
841000,0.030,0.601,0.369
841500,0.030,0.545,0.425
842000,0.030,0.400,0.570
842500,0.030,0.388,0.582
843000,0.030,0.563,0.407
843500,0.030,0.649,0.321
844000,0.030,0.581,0.389
844500,0.030,0.614,0.356
845000,0.030,0.566,0.404
845500,0.030,0.656,0.314
846000,0.030,0.516,0.454
846500,0.030,0.525,0.445
847000,0.030,0.495,0.475
847500,0.030,0.394,0.576
848000,0.030,0.608,0.362
848500,0.030,0.589,0.381
849000,0.030,0.481,0.489
849500,0.030,0.645,0.325
850000,0.030,0.602,0.368
850500,0.030,0.587,0.383
851000,0.030,0.753,0.217
851500,0.030,0.493,0.477
852000,0.030,0.422,0.548
852500,0.030,0.513,0.457
853000,0.030,0.351,0.619
853500,0.030,0.557,0.413
854000,0.030,0.608,0.362
854500,0.030,0.392,0.578
855000,0.030,0.529,0.441
855500,0.030,0.555,0.415
856000,0.030,0.635,0.335
856500,0.030,0.530,0.440
857000,0.030,0.572,0.398
857500,0.030,0.512,0.458
858000,0.030,0.365,0.605
858500,0.030,0.553,0.417
859000,0.030,0.565,0.405
859500,0.030,0.498,0.472
860000,0.030,0.432,0.538
860500,0.030,0.568,0.402
861000,0.030,0.482,0.488
861500,0.030,0.517,0.453
862000,0.030,0.570,0.400
862500,0.030,0.528,0.442
863000,0.030,0.437,0.533
863500,0.030,0.647,0.323
864000,0.030,0.427,0.543
864500,0.030,0.466,0.504
865000,0.030,0.638,0.332
865500,0.030,0.270,0.700
866000,0.030,0.601,0.369
866500,0.030,0.545,0.425
867000,0.030,0.600,0.370
867500,0.030,0.655,0.315
868000,0.030,0.565,0.405
868500,0.030,0.553,0.417
869000,0.030,0.634,0.336
869500,0.030,0.403,0.567
870000,0.030,0.571,0.399
870500,0.030,0.622,0.348
871000,0.030,0.290,0.680
871500,0.030,0.487,0.483
872000,0.030,0.702,0.268
872500,0.030,0.414,0.556
873000,0.030,0.552,0.418
873500,0.030,0.660,0.310
874000,0.030,0.579,0.391
874500,0.030,0.714,0.256
875000,0.030,0.673,0.297
875500,0.030,0.653,0.317
876000,0.030,0.659,0.311
876500,0.030,0.577,0.393
877000,0.030,0.627,0.343
877500,0.030,0.581,0.389
878000,0.030,0.593,0.377
878500,0.030,0.473,0.497
879000,0.030,0.580,0.390
879500,0.030,0.530,0.440
880000,0.030,0.475,0.495
880500,0.030,0.613,0.357
881000,0.030,0.356,0.614
881500,0.030,0.619,0.351
882000,0.030,0.428,0.542
882500,0.030,0.593,0.377
883000,0.030,0.359,0.611
883500,0.030,0.434,0.536
884000,0.030,0.606,0.364
884500,0.030,0.475,0.495
885000,0.030,0.593,0.377
885500,0.030,0.532,0.438
886000,0.030,0.620,0.350
886500,0.030,0.658,0.312
887000,0.030,0.429,0.541
887500,0.030,0.451,0.519
888000,0.030,0.428,0.542
888500,0.030,0.633,0.337
889000,0.030,0.603,0.367
889500,0.030,0.343,0.627
890000,0.030,0.574,0.396
890500,0.030,0.611,0.359
891000,0.030,0.512,0.458
891500,0.030,0.452,0.518
892000,0.030,0.705,0.265
892500,0.030,0.535,0.435
893000,0.030,0.630,0.340
893500,0.030,0.547,0.423
894000,0.030,0.655,0.315
894500,0.030,0.513,0.457
895000,0.030,0.389,0.581
895500,0.030,0.668,0.302
896000,0.030,0.729,0.241
896500,0.030,0.606,0.364
897000,0.030,0.566,0.404
897500,0.030,0.520,0.450
898000,0.030,0.480,0.490
898500,0.030,0.551,0.419
899000,0.030,0.593,0.377
899500,0.030,0.572,0.398
900000,0.030,0.574,0.396
900500,0.030,0.500,0.470
901000,0.030,0.516,0.454
901500,0.030,0.566,0.404
902000,0.030,0.444,0.526
902500,0.030,0.399,0.571
903000,0.030,0.575,0.395
903500,0.030,0.473,0.497
904000,0.030,0.550,0.420
904500,0.030,0.495,0.475
905000,0.030,0.414,0.556
905500,0.030,0.546,0.424
906000,0.030,0.587,0.383
906500,0.030,0.765,0.205
907000,0.030,0.489,0.481
907500,0.030,0.380,0.590
908000,0.030,0.525,0.445
908500,0.030,0.425,0.545
909000,0.030,0.714,0.256
909500,0.030,0.460,0.510
910000,0.030,0.565,0.405
910500,0.030,0.425,0.545
911000,0.030,0.457,0.513
911500,0.030,0.564,0.406
912000,0.030,0.579,0.391
912500,0.030,0.562,0.408
913000,0.030,0.701,0.269
913500,0.030,0.702,0.268
914000,0.030,0.574,0.396
914500,0.030,0.718,0.252
915000,0.030,0.590,0.380
915500,0.030,0.498,0.472
916000,0.030,0.603,0.367
916500,0.030,0.639,0.331
917000,0.030,0.610,0.360
917500,0.030,0.467,0.503
918000,0.030,0.520,0.450
918500,0.030,0.635,0.335
919000,0.030,0.632,0.338
919500,0.030,0.720,0.250
920000,0.030,0.551,0.419
920500,0.030,0.666,0.304
921000,0.030,0.514,0.456
921500,0.030,0.589,0.381
922000,0.030,0.575,0.395
922500,0.030,0.517,0.453
923000,0.030,0.722,0.248
923500,0.030,0.744,0.226
924000,0.030,0.622,0.348
924500,0.030,0.591,0.379
925000,0.030,0.762,0.208
925500,0.030,0.545,0.425
926000,0.030,0.591,0.379
926500,0.030,0.549,0.421
927000,0.030,0.610,0.360
927500,0.030,0.660,0.310
928000,0.030,0.663,0.307
928500,0.030,0.536,0.434
929000,0.030,0.542,0.428
929500,0.030,0.639,0.331
930000,0.030,0.673,0.297
930500,0.030,0.390,0.580
931000,0.030,0.486,0.484
931500,0.030,0.475,0.495
932000,0.030,0.701,0.269
932500,0.030,0.663,0.307
933000,0.030,0.485,0.485
933500,0.030,0.410,0.560
934000,0.030,0.592,0.378
934500,0.030,0.526,0.444
935000,0.030,0.467,0.503
935500,0.030,0.633,0.337
936000,0.030,0.690,0.280
936500,0.030,0.746,0.224
937000,0.030,0.521,0.449
937500,0.030,0.716,0.254
938000,0.030,0.671,0.299
938500,0.030,0.745,0.225
939000,0.030,0.545,0.425
939500,0.030,0.455,0.515
940000,0.030,0.611,0.359
940500,0.030,0.796,0.174
941000,0.030,0.450,0.520
941500,0.030,0.652,0.318
942000,0.030,0.439,0.531
942500,0.030,0.607,0.363
943000,0.030,0.431,0.539
943500,0.030,0.347,0.623
944000,0.030,0.614,0.356
944500,0.030,0.477,0.493
945000,0.030,0.473,0.497
945500,0.030,0.783,0.187
946000,0.030,0.492,0.478
946500,0.030,0.544,0.426
947000,0.030,0.628,0.342
947500,0.030,0.587,0.383
948000,0.030,0.609,0.361
948500,0.030,0.560,0.410
949000,0.030,0.497,0.473
949500,0.030,0.570,0.400
950000,0.030,0.732,0.238
950500,0.030,0.618,0.352
951000,0.030,0.604,0.366
951500,0.030,0.578,0.392
952000,0.030,0.526,0.444
952500,0.030,0.407,0.563
953000,0.030,0.696,0.274
953500,0.030,0.517,0.453
954000,0.030,0.538,0.432
954500,0.030,0.617,0.353
955000,0.030,0.417,0.553
955500,0.030,0.468,0.502
956000,0.030,0.556,0.414
956500,0.030,0.452,0.518
957000,0.030,0.373,0.597
957500,0.030,0.583,0.387
958000,0.030,0.523,0.447
958500,0.030,0.739,0.231
959000,0.030,0.516,0.454
959500,0.030,0.684,0.286
960000,0.030,0.598,0.372
960500,0.030,0.579,0.391
961000,0.030,0.461,0.509
961500,0.030,0.377,0.593
962000,0.030,0.572,0.398
962500,0.030,0.375,0.595
963000,0.030,0.584,0.386
963500,0.030,0.491,0.479
964000,0.030,0.439,0.531
964500,0.030,0.687,0.283
965000,0.030,0.552,0.418
965500,0.030,0.609,0.361
966000,0.030,0.603,0.367
966500,0.030,0.388,0.582
967000,0.030,0.559,0.411
967500,0.030,0.658,0.312
968000,0.030,0.593,0.377
968500,0.030,0.625,0.345
969000,0.030,0.418,0.552
969500,0.030,0.449,0.521
970000,0.030,0.390,0.580
970500,0.030,0.666,0.304
971000,0.030,0.780,0.190
971500,0.030,0.514,0.456
972000,0.030,0.613,0.357
972500,0.030,0.368,0.602
973000,0.030,0.477,0.493
973500,0.030,0.388,0.582
974000,0.030,0.410,0.560
974500,0.030,0.376,0.594
975000,0.030,0.541,0.429
975500,0.030,0.486,0.484
976000,0.030,0.453,0.517
976500,0.030,0.451,0.519
977000,0.030,0.535,0.435
977500,0.030,0.613,0.357
978000,0.030,0.599,0.371
978500,0.030,0.443,0.527
979000,0.030,0.605,0.365
979500,0.030,0.482,0.488
980000,0.030,0.551,0.419
980500,0.030,0.498,0.472
981000,0.030,0.409,0.561
981500,0.030,0.464,0.506
982000,0.030,0.562,0.408
982500,0.030,0.603,0.367
983000,0.030,0.696,0.274
983500,0.030,0.758,0.212
984000,0.030,0.656,0.314
984500,0.030,0.702,0.268
985000,0.030,0.660,0.310
985500,0.030,0.495,0.475
986000,0.030,0.569,0.401
986500,0.030,0.480,0.490
987000,0.030,0.607,0.363
987500,0.030,0.649,0.321
988000,0.030,0.575,0.395
988500,0.030,0.629,0.341
989000,0.030,0.419,0.551
989500,0.030,0.527,0.443
990000,0.030,0.648,0.322
990500,0.030,0.484,0.486
991000,0.030,0.728,0.242
991500,0.030,0.555,0.415
992000,0.030,0.296,0.674
992500,0.030,0.505,0.465
993000,0.030,0.547,0.423
993500,0.030,0.470,0.500
994000,0.030,0.619,0.351
994500,0.030,0.544,0.426
995000,0.030,0.766,0.204
995500,0.030,0.579,0.391
996000,0.030,0.418,0.552
996500,0.030,0.497,0.473
997000,0.030,0.522,0.448
997500,0.030,0.493,0.477
998000,0.030,0.665,0.305
998500,0.030,0.503,0.467
999000,0.030,0.670,0.300
999500,0.030,0.770,0.200
1000000,0.030,0.541,0.429
