time,n_A+p,n_B,n_AB,avg_entropy_simp
500,0.032,0.840,0.128,0.466697
1000,0.036,0.691,0.273,0.558697
1500,0.042,0.585,0.373,0.564462
2000,0.051,0.537,0.413,0.576354
2500,0.045,0.426,0.529,0.516180
3000,0.067,0.385,0.548,0.525885
3500,0.100,0.321,0.579,0.521566
4000,0.107,0.307,0.586,0.539360
4500,0.120,0.260,0.620,0.552548
5000,0.125,0.250,0.625,0.542077
5500,0.134,0.235,0.631,0.489874
6000,0.177,0.194,0.629,0.487056
6500,0.207,0.176,0.617,0.546796
7000,0.203,0.176,0.620,0.567634
7500,0.247,0.153,0.601,0.531487
8000,0.275,0.143,0.582,0.524115
8500,0.264,0.134,0.602,0.519680
9000,0.317,0.129,0.555,0.517282
9500,0.283,0.124,0.593,0.529418
10000,0.271,0.115,0.614,0.565554
10500,0.307,0.100,0.594,0.547231
11000,0.304,0.091,0.604,0.537275
11500,0.344,0.077,0.579,0.546486
12000,0.385,0.061,0.554,0.528728
12500,0.435,0.052,0.512,0.480950
13000,0.450,0.044,0.506,0.471582
13500,0.467,0.047,0.485,0.446710
14000,0.523,0.047,0.430,0.421858
14500,0.524,0.040,0.437,0.403457
15000,0.451,0.037,0.512,0.518376
15500,0.432,0.031,0.537,0.533081
16000,0.483,0.031,0.486,0.513142
16500,0.427,0.029,0.544,0.488684
17000,0.430,0.033,0.537,0.507990
17500,0.458,0.026,0.516,0.511831
18000,0.498,0.028,0.474,0.429954
18500,0.505,0.024,0.471,0.475547
19000,0.516,0.022,0.462,0.398043
19500,0.478,0.031,0.491,0.446506
20000,0.480,0.028,0.492,0.480095
20500,0.474,0.022,0.504,0.491990
21000,0.472,0.027,0.501,0.520034
21500,0.487,0.027,0.486,0.524393
22000,0.478,0.023,0.499,0.514231
22500,0.452,0.025,0.523,0.499870
23000,0.516,0.023,0.461,0.508348
23500,0.503,0.018,0.479,0.501531
24000,0.579,0.017,0.404,0.487962
24500,0.551,0.015,0.434,0.514660
25000,0.534,0.019,0.447,0.537414
25500,0.555,0.011,0.434,0.504483
26000,0.593,0.010,0.397,0.482469
26500,0.611,0.010,0.379,0.473909
27000,0.603,0.008,0.389,0.448589
27500,0.597,0.009,0.394,0.433587
28000,0.603,0.006,0.391,0.369939
28500,0.625,0.009,0.366,0.310428
29000,0.645,0.008,0.347,0.346654
29500,0.666,0.010,0.324,0.359524
30000,0.680,0.007,0.313,0.358345
30500,0.731,0.006,0.264,0.284613
31000,0.661,0.006,0.333,0.357631
31500,0.705,0.006,0.289,0.304013
32000,0.705,0.006,0.289,0.289247
32500,0.716,0.005,0.279,0.321655
33000,0.717,0.006,0.278,0.441030
33500,0.766,0.005,0.229,0.290253
34000,0.789,0.006,0.205,0.231994
34500,0.803,0.006,0.192,0.242417
35000,0.757,0.005,0.238,0.298196
35500,0.758,0.005,0.237,0.291186
36000,0.757,0.007,0.236,0.329534
36500,0.792,0.005,0.203,0.298717
37000,0.810,0.005,0.186,0.186148
37500,0.820,0.003,0.177,0.184753
38000,0.826,0.005,0.169,0.195924
38500,0.802,0.004,0.194,0.231591
39000,0.823,0.004,0.173,0.215657
39500,0.834,0.003,0.164,0.180123
40000,0.807,0.004,0.189,0.239554
40500,0.764,0.004,0.232,0.313292
41000,0.750,0.003,0.247,0.338696
41500,0.776,0.002,0.222,0.246257
42000,0.747,0.003,0.250,0.372837
42500,0.685,0.005,0.310,0.444513
43000,0.718,0.005,0.277,0.408273
43500,0.728,0.003,0.268,0.294809
44000,0.736,0.003,0.261,0.382799
44500,0.749,0.002,0.250,0.371603
45000,0.765,0.003,0.231,0.340807
45500,0.745,0.004,0.251,0.302390
46000,0.712,0.003,0.284,0.338499
46500,0.776,0.002,0.222,0.257056
47000,0.814,0.002,0.185,0.216324
47500,0.822,0.002,0.176,0.190222
48000,0.820,0.002,0.178,0.207051
48500,0.758,0.005,0.237,0.435796
49000,0.772,0.002,0.225,0.341859
49500,0.764,0.002,0.234,0.363903
50000,0.798,0.002,0.200,0.260609
50500,0.810,0.003,0.187,0.304463
51000,0.816,0.002,0.182,0.272326
51500,0.833,0.004,0.163,0.249353
52000,0.824,0.002,0.174,0.227034
52500,0.774,0.002,0.225,0.371630
53000,0.765,0.002,0.233,0.338803
53500,0.784,0.003,0.213,0.313006
54000,0.847,0.003,0.150,0.166665
54500,0.831,0.002,0.168,0.225049
55000,0.844,0.002,0.154,0.217083
55500,0.863,0.002,0.134,0.187063
56000,0.854,0.002,0.144,0.218893
56500,0.807,0.002,0.192,0.383376
57000,0.715,0.006,0.278,0.493076
57500,0.743,0.005,0.252,0.351262
58000,0.719,0.002,0.278,0.433212
58500,0.704,0.005,0.291,0.426330
59000,0.739,0.002,0.258,0.342014
59500,0.695,0.003,0.302,0.388018
60000,0.680,0.003,0.316,0.382239
60500,0.711,0.003,0.286,0.296984
61000,0.698,0.002,0.300,0.278122
61500,0.737,0.004,0.259,0.244618
62000,0.751,0.005,0.244,0.213245
62500,0.800,0.003,0.197,0.182555
63000,0.749,0.007,0.244,0.248412
63500,0.762,0.006,0.232,0.227937
64000,0.773,0.003,0.224,0.234931
64500,0.768,0.002,0.229,0.273726
65000,0.792,0.002,0.206,0.286637
65500,0.790,0.003,0.207,0.250931
66000,0.789,0.002,0.209,0.215963
66500,0.792,0.005,0.203,0.261313
67000,0.784,0.003,0.213,0.337270
67500,0.779,0.002,0.219,0.377087
68000,0.772,0.002,0.226,0.295557
68500,0.776,0.003,0.220,0.289653
69000,0.785,0.002,0.213,0.252133
69500,0.743,0.002,0.255,0.390358
70000,0.776,0.002,0.222,0.299239
70500,0.793,0.003,0.204,0.272857
71000,0.800,0.002,0.197,0.289146
71500,0.735,0.002,0.263,0.388261
72000,0.742,0.002,0.256,0.422210
72500,0.786,0.002,0.212,0.295101
73000,0.792,0.002,0.207,0.314315
73500,0.815,0.002,0.183,0.227932
74000,0.849,0.002,0.149,0.168642
74500,0.875,0.003,0.122,0.176304
75000,0.859,0.002,0.139,0.203680
75500,0.858,0.002,0.140,0.178674
76000,0.796,0.002,0.201,0.294954
76500,0.792,0.003,0.205,0.288604
77000,0.821,0.002,0.177,0.213342
77500,0.788,0.002,0.211,0.245706
78000,0.789,0.002,0.210,0.299966
78500,0.794,0.002,0.204,0.211670
79000,0.813,0.003,0.185,0.200701
79500,0.827,0.003,0.171,0.193116
80000,0.813,0.002,0.185,0.230693
80500,0.802,0.003,0.196,0.254533
81000,0.801,0.002,0.197,0.303939
81500,0.827,0.002,0.171,0.200630
82000,0.822,0.002,0.176,0.188499
82500,0.832,0.003,0.165,0.197860
83000,0.824,0.003,0.173,0.201052
83500,0.844,0.002,0.154,0.197740
84000,0.849,0.002,0.150,0.186687
84500,0.835,0.002,0.163,0.201092
85000,0.815,0.002,0.183,0.302362
85500,0.840,0.002,0.158,0.238205
86000,0.752,0.003,0.245,0.406143
86500,0.731,0.003,0.265,0.440975
87000,0.774,0.003,0.223,0.322943
87500,0.811,0.002,0.187,0.235710
88000,0.819,0.003,0.178,0.254829
88500,0.800,0.003,0.197,0.320665
89000,0.793,0.002,0.205,0.304530
89500,0.818,0.003,0.179,0.261461
90000,0.815,0.002,0.182,0.247554
90500,0.787,0.003,0.210,0.390834
91000,0.833,0.002,0.165,0.252762
91500,0.839,0.002,0.159,0.247606
92000,0.802,0.002,0.197,0.334029
92500,0.766,0.002,0.232,0.337907
93000,0.785,0.002,0.213,0.365971
93500,0.712,0.003,0.285,0.461811
94000,0.763,0.002,0.235,0.394131
94500,0.794,0.002,0.204,0.271843
95000,0.746,0.002,0.253,0.347313
95500,0.813,0.002,0.185,0.231112
96000,0.836,0.002,0.162,0.185901
96500,0.790,0.002,0.207,0.395695
97000,0.846,0.002,0.152,0.271305
97500,0.862,0.002,0.136,0.222424
98000,0.859,0.002,0.139,0.300282
98500,0.885,0.002,0.113,0.224679
99000,0.905,0.002,0.093,0.155687
99500,0.848,0.002,0.150,0.237283
100000,0.848,0.003,0.149,0.262888
