time,n_A+p,n_B,n_AB
0,0.450,0.550,0.000
500,0.324,0.358,0.318
1000,0.321,0.352,0.327
1500,0.294,0.379,0.327
2000,0.232,0.388,0.379
2500,0.199,0.398,0.404
3000,0.165,0.471,0.364
3500,0.095,0.563,0.343
4000,0.101,0.596,0.303
4500,0.098,0.648,0.254
5000,0.061,0.706,0.232
5500,0.015,0.823,0.162
6000,0.018,0.875,0.107
6500,0.009,0.930,0.061
7000,0.003,0.966,0.031
7500,0.000,0.963,0.037
8000,0.000,0.994,0.006
8500,0.000,0.994,0.006
9000,0.000,0.997,0.003
9500,0.000,0.997,0.003
10000,0.000,1.000,0.000
