time,n_A+p,n_B,n_AB
500,0.080,0.803,0.117
1000,0.080,0.703,0.218
1500,0.080,0.603,0.318
2000,0.083,0.514,0.403
2500,0.084,0.455,0.462
3000,0.081,0.436,0.483
3500,0.100,0.404,0.496
4000,0.108,0.346,0.545
4500,0.130,0.284,0.587
5000,0.127,0.268,0.606
5500,0.131,0.294,0.575
6000,0.141,0.231,0.628
6500,0.156,0.200,0.644
7000,0.171,0.192,0.637
7500,0.192,0.149,0.659
8000,0.232,0.132,0.637
8500,0.327,0.075,0.599
9000,0.476,0.037,0.487
9500,0.521,0.019,0.460
10000,0.585,0.009,0.407
10500,0.669,0.001,0.330
11000,0.740,0.000,0.260
11500,0.798,0.002,0.200
12000,0.847,0.001,0.153
12500,0.869,0.000,0.131
13000,0.907,0.000,0.093
13500,0.934,0.000,0.066
14000,0.950,0.000,0.050
14500,0.958,0.000,0.042
15000,0.961,0.000,0.039
15500,0.953,0.000,0.047
16000,0.940,0.000,0.060
16500,0.951,0.000,0.049
17000,0.952,0.000,0.048
17500,0.941,0.000,0.059
18000,0.964,0.000,0.036
18500,0.972,0.000,0.028
19000,0.977,0.000,0.023
19500,0.975,0.000,0.025
20000,0.988,0.000,0.012
20500,0.995,0.000,0.005
21000,0.999,0.000,0.001
21500,1.000,0.000,0.000
