time,n_A+p,n_B,n_AB
500,0.030,0.826,0.144
1000,0.030,0.636,0.334
1500,0.030,0.483,0.487
2000,0.036,0.342,0.622
2500,0.054,0.273,0.673
3000,0.056,0.233,0.711
3500,0.090,0.152,0.758
4000,0.110,0.140,0.750
4500,0.139,0.108,0.753
5000,0.143,0.117,0.740
5500,0.175,0.082,0.743
6000,0.203,0.052,0.745
6500,0.292,0.049,0.659
7000,0.249,0.037,0.714
7500,0.397,0.017,0.586
8000,0.387,0.010,0.603
8500,0.342,0.008,0.650
9000,0.410,0.015,0.575
9500,0.414,0.004,0.582
10000,0.392,0.002,0.606
10500,0.334,0.003,0.663
11000,0.335,0.018,0.647
11500,0.353,0.009,0.638
12000,0.383,0.017,0.600
12500,0.337,0.011,0.652
13000,0.340,0.021,0.639
13500,0.405,0.010,0.585
14000,0.356,0.004,0.640
14500,0.386,0.002,0.612
15000,0.357,0.011,0.632
15500,0.351,0.023,0.626
16000,0.369,0.002,0.629
16500,0.433,0.002,0.565
17000,0.371,0.001,0.628
17500,0.357,0.006,0.637
18000,0.396,0.007,0.597
18500,0.362,0.001,0.637
19000,0.341,0.013,0.646
19500,0.380,0.003,0.617
20000,0.407,0.020,0.573
20500,0.344,0.013,0.643
21000,0.319,0.018,0.663
21500,0.293,0.023,0.684
22000,0.350,0.024,0.626
22500,0.339,0.012,0.649
23000,0.350,0.025,0.625
23500,0.390,0.014,0.596
24000,0.390,0.006,0.604
24500,0.332,0.007,0.661
25000,0.240,0.033,0.727
25500,0.382,0.014,0.604
26000,0.356,0.006,0.638
26500,0.352,0.013,0.635
27000,0.379,0.018,0.603
27500,0.415,0.015,0.570
28000,0.402,0.005,0.593
28500,0.382,0.000,0.618
29000,0.383,0.005,0.612
29500,0.406,0.005,0.589
30000,0.395,0.005,0.600
30500,0.393,0.003,0.604
31000,0.436,0.001,0.563
31500,0.391,0.010,0.599
32000,0.388,0.005,0.607
32500,0.408,0.012,0.580
33000,0.390,0.013,0.597
33500,0.396,0.012,0.592
34000,0.406,0.008,0.586
34500,0.389,0.007,0.604
35000,0.375,0.022,0.603
35500,0.390,0.003,0.607
36000,0.392,0.009,0.599
36500,0.406,0.009,0.585
37000,0.412,0.006,0.582
37500,0.466,0.001,0.533
38000,0.395,0.005,0.600
38500,0.368,0.003,0.629
39000,0.308,0.015,0.677
39500,0.361,0.014,0.625
40000,0.450,0.000,0.550
40500,0.449,0.000,0.551
41000,0.407,0.002,0.591
41500,0.336,0.023,0.641
42000,0.384,0.007,0.609
42500,0.340,0.012,0.648
43000,0.349,0.013,0.638
43500,0.394,0.005,0.601
44000,0.354,0.029,0.617
44500,0.288,0.017,0.695
45000,0.325,0.017,0.658
45500,0.348,0.035,0.617
46000,0.379,0.004,0.617
46500,0.388,0.006,0.606
47000,0.401,0.000,0.599
47500,0.423,0.007,0.570
48000,0.449,0.008,0.543
48500,0.477,0.000,0.523
49000,0.475,0.000,0.525
49500,0.453,0.000,0.547
50000,0.449,0.004,0.547
50500,0.457,0.003,0.540
51000,0.471,0.000,0.529
51500,0.452,0.004,0.544
52000,0.411,0.006,0.583
52500,0.409,0.009,0.582
53000,0.411,0.006,0.583
53500,0.439,0.001,0.560
54000,0.474,0.006,0.520
54500,0.408,0.000,0.592
55000,0.361,0.000,0.639
55500,0.414,0.000,0.586
56000,0.373,0.013,0.614
56500,0.365,0.023,0.612
57000,0.388,0.019,0.593
57500,0.413,0.002,0.585
58000,0.446,0.001,0.553
58500,0.394,0.000,0.606
59000,0.393,0.015,0.592
59500,0.362,0.012,0.626
60000,0.275,0.027,0.698
60500,0.314,0.013,0.673
61000,0.367,0.008,0.625
61500,0.445,0.001,0.554
62000,0.467,0.000,0.533
62500,0.438,0.001,0.561
63000,0.465,0.000,0.535
63500,0.452,0.009,0.539
64000,0.400,0.002,0.598
64500,0.366,0.001,0.633
65000,0.332,0.021,0.647
65500,0.309,0.023,0.668
66000,0.334,0.005,0.661
66500,0.352,0.012,0.636
67000,0.328,0.011,0.661
67500,0.350,0.003,0.647
68000,0.410,0.006,0.584
68500,0.414,0.003,0.583
69000,0.410,0.001,0.589
69500,0.421,0.002,0.577
70000,0.396,0.004,0.600
70500,0.401,0.001,0.598
71000,0.340,0.004,0.656
71500,0.308,0.010,0.682
72000,0.245,0.023,0.732
72500,0.329,0.021,0.650
73000,0.428,0.025,0.547
73500,0.456,0.007,0.537
74000,0.384,0.001,0.615
74500,0.392,0.001,0.607
75000,0.360,0.001,0.639
75500,0.432,0.000,0.568
76000,0.395,0.000,0.605
76500,0.427,0.002,0.571
77000,0.385,0.019,0.596
77500,0.333,0.006,0.661
78000,0.385,0.001,0.614
78500,0.408,0.004,0.588
79000,0.303,0.020,0.677
79500,0.348,0.009,0.643
80000,0.370,0.029,0.601
80500,0.386,0.012,0.602
81000,0.390,0.006,0.604
81500,0.424,0.002,0.574
82000,0.403,0.007,0.590
82500,0.401,0.011,0.588
83000,0.407,0.004,0.589
83500,0.358,0.010,0.632
84000,0.293,0.015,0.692
84500,0.336,0.032,0.632
85000,0.333,0.013,0.654
85500,0.331,0.017,0.652
86000,0.357,0.022,0.621
86500,0.364,0.007,0.629
87000,0.405,0.002,0.593
87500,0.398,0.004,0.598
88000,0.377,0.010,0.613
88500,0.409,0.004,0.587
89000,0.428,0.001,0.571
89500,0.421,0.000,0.579
90000,0.410,0.000,0.590
90500,0.383,0.000,0.617
91000,0.395,0.013,0.592
91500,0.447,0.006,0.547
92000,0.421,0.013,0.566
92500,0.350,0.017,0.633
93000,0.351,0.021,0.628
93500,0.361,0.000,0.639
94000,0.417,0.000,0.583
94500,0.375,0.001,0.624
95000,0.395,0.005,0.600
95500,0.405,0.000,0.595
96000,0.446,0.000,0.554
96500,0.409,0.000,0.591
97000,0.403,0.010,0.587
97500,0.353,0.018,0.629
98000,0.358,0.010,0.632
98500,0.404,0.009,0.587
99000,0.409,0.001,0.590
99500,0.429,0.012,0.559
100000,0.412,0.002,0.586
100500,0.459,0.008,0.533
101000,0.512,0.001,0.487
101500,0.468,0.000,0.532
102000,0.442,0.005,0.553
102500,0.449,0.003,0.548
103000,0.393,0.004,0.603
103500,0.436,0.006,0.558
104000,0.372,0.002,0.626
104500,0.391,0.011,0.598
105000,0.403,0.009,0.588
105500,0.416,0.010,0.574
106000,0.425,0.010,0.565
106500,0.454,0.005,0.541
107000,0.471,0.001,0.528
107500,0.418,0.000,0.582
108000,0.428,0.000,0.572
108500,0.438,0.003,0.559
109000,0.468,0.006,0.526
109500,0.442,0.008,0.550
110000,0.444,0.002,0.554
110500,0.411,0.011,0.578
111000,0.333,0.023,0.644
111500,0.328,0.009,0.663
112000,0.344,0.019,0.637
112500,0.330,0.011,0.659
113000,0.299,0.021,0.680
113500,0.365,0.008,0.627
114000,0.246,0.012,0.742
114500,0.309,0.030,0.661
115000,0.361,0.007,0.632
115500,0.360,0.025,0.615
116000,0.351,0.019,0.630
116500,0.366,0.013,0.621
117000,0.359,0.009,0.632
117500,0.374,0.004,0.622
118000,0.377,0.017,0.606
118500,0.338,0.019,0.643
119000,0.290,0.039,0.671
119500,0.282,0.028,0.690
120000,0.274,0.020,0.706
120500,0.284,0.036,0.680
121000,0.289,0.041,0.670
121500,0.322,0.021,0.657
122000,0.322,0.012,0.666
122500,0.339,0.000,0.661
123000,0.406,0.000,0.594
123500,0.440,0.007,0.553
124000,0.403,0.005,0.592
124500,0.329,0.016,0.655
125000,0.311,0.015,0.674
125500,0.325,0.020,0.655
126000,0.327,0.029,0.644
126500,0.387,0.014,0.599
127000,0.322,0.017,0.661
127500,0.326,0.013,0.661
128000,0.362,0.016,0.622
128500,0.379,0.005,0.616
129000,0.373,0.015,0.612
129500,0.377,0.001,0.622
130000,0.385,0.012,0.603
130500,0.408,0.014,0.578
131000,0.398,0.002,0.600
131500,0.432,0.003,0.565
132000,0.385,0.000,0.615
132500,0.423,0.000,0.577
133000,0.317,0.016,0.667
133500,0.318,0.009,0.673
134000,0.342,0.015,0.643
134500,0.310,0.021,0.669
135000,0.390,0.008,0.602
135500,0.476,0.006,0.518
136000,0.442,0.005,0.553
136500,0.435,0.012,0.553
137000,0.471,0.010,0.519
137500,0.546,0.003,0.451
138000,0.469,0.000,0.531
138500,0.374,0.008,0.618
139000,0.308,0.016,0.676
139500,0.392,0.001,0.607
140000,0.427,0.007,0.566
140500,0.361,0.001,0.638
141000,0.373,0.002,0.625
141500,0.378,0.018,0.604
142000,0.408,0.008,0.584
142500,0.387,0.000,0.613
143000,0.410,0.005,0.585
143500,0.337,0.000,0.663
144000,0.366,0.020,0.614
144500,0.403,0.008,0.589
145000,0.344,0.010,0.646
145500,0.418,0.008,0.574
146000,0.416,0.000,0.584
146500,0.412,0.011,0.577
147000,0.373,0.005,0.622
147500,0.439,0.013,0.548
148000,0.387,0.014,0.599
148500,0.371,0.008,0.621
149000,0.367,0.003,0.630
149500,0.261,0.022,0.717
150000,0.319,0.007,0.674
150500,0.287,0.018,0.695
151000,0.307,0.025,0.668
151500,0.356,0.017,0.627
152000,0.313,0.016,0.671
152500,0.316,0.019,0.665
153000,0.419,0.007,0.574
153500,0.397,0.000,0.603
154000,0.484,0.000,0.516
154500,0.444,0.000,0.556
155000,0.397,0.000,0.603
155500,0.399,0.010,0.591
156000,0.431,0.002,0.567
156500,0.381,0.005,0.614
157000,0.400,0.008,0.592
157500,0.398,0.007,0.595
158000,0.396,0.006,0.598
158500,0.367,0.012,0.621
159000,0.334,0.003,0.663
159500,0.368,0.003,0.629
160000,0.345,0.033,0.622
160500,0.348,0.008,0.644
161000,0.333,0.017,0.650
161500,0.315,0.017,0.668
162000,0.406,0.007,0.587
162500,0.447,0.001,0.552
163000,0.445,0.003,0.552
163500,0.443,0.001,0.556
164000,0.440,0.000,0.560
164500,0.361,0.002,0.637
165000,0.387,0.005,0.608
165500,0.383,0.007,0.610
166000,0.318,0.017,0.665
166500,0.391,0.006,0.603
167000,0.360,0.016,0.624
167500,0.366,0.007,0.627
168000,0.394,0.002,0.604
168500,0.382,0.011,0.607
169000,0.405,0.001,0.594
169500,0.378,0.010,0.612
170000,0.424,0.007,0.569
170500,0.390,0.011,0.599
171000,0.401,0.005,0.594
171500,0.419,0.000,0.581
172000,0.398,0.000,0.602
172500,0.421,0.002,0.577
173000,0.462,0.000,0.538
173500,0.402,0.010,0.588
174000,0.322,0.010,0.668
174500,0.374,0.003,0.623
175000,0.393,0.006,0.601
175500,0.441,0.001,0.558
176000,0.412,0.001,0.587
176500,0.366,0.007,0.627
177000,0.348,0.006,0.646
177500,0.401,0.002,0.597
178000,0.392,0.001,0.607
178500,0.434,0.010,0.556
179000,0.427,0.000,0.573
179500,0.464,0.007,0.529
180000,0.448,0.002,0.550
180500,0.449,0.001,0.550
181000,0.405,0.011,0.584
181500,0.343,0.009,0.648
182000,0.406,0.002,0.592
182500,0.398,0.011,0.591
183000,0.420,0.019,0.561
183500,0.363,0.000,0.637
184000,0.392,0.011,0.597
184500,0.388,0.011,0.601
185000,0.410,0.007,0.583
185500,0.407,0.004,0.589
186000,0.408,0.010,0.582
186500,0.453,0.002,0.545
187000,0.420,0.004,0.576
187500,0.444,0.000,0.556
188000,0.473,0.000,0.527
188500,0.461,0.000,0.539
189000,0.411,0.008,0.581
189500,0.374,0.007,0.619
190000,0.445,0.002,0.553
190500,0.435,0.003,0.562
191000,0.418,0.000,0.582
191500,0.395,0.000,0.605
192000,0.426,0.007,0.567
192500,0.376,0.002,0.622
193000,0.375,0.007,0.618
193500,0.327,0.014,0.659
194000,0.355,0.014,0.631
194500,0.357,0.010,0.633
195000,0.377,0.025,0.598
195500,0.308,0.007,0.685
196000,0.348,0.021,0.631
196500,0.369,0.010,0.621
197000,0.377,0.005,0.618
197500,0.398,0.009,0.593
198000,0.365,0.020,0.615
198500,0.387,0.007,0.606
199000,0.400,0.000,0.600
199500,0.432,0.000,0.568
200000,0.472,0.000,0.528
200500,0.469,0.000,0.531
201000,0.431,0.006,0.563
201500,0.460,0.000,0.540
202000,0.425,0.004,0.571
202500,0.394,0.012,0.594
203000,0.401,0.011,0.588
203500,0.288,0.007,0.705
204000,0.300,0.008,0.692
204500,0.298,0.009,0.693
205000,0.285,0.029,0.686
205500,0.300,0.016,0.684
206000,0.377,0.007,0.616
206500,0.356,0.005,0.639
207000,0.313,0.011,0.676
207500,0.325,0.008,0.667
208000,0.392,0.002,0.606
208500,0.425,0.005,0.570
209000,0.371,0.005,0.624
209500,0.311,0.002,0.687
210000,0.360,0.018,0.622
210500,0.397,0.009,0.594
211000,0.379,0.020,0.601
211500,0.315,0.016,0.669
212000,0.255,0.006,0.739
212500,0.332,0.023,0.645
213000,0.317,0.011,0.672
213500,0.445,0.001,0.554
214000,0.413,0.004,0.583
214500,0.427,0.002,0.571
215000,0.393,0.007,0.600
215500,0.453,0.000,0.547
216000,0.440,0.000,0.560
216500,0.353,0.009,0.638
217000,0.330,0.011,0.659
217500,0.399,0.006,0.595
218000,0.390,0.015,0.595
218500,0.415,0.008,0.577
219000,0.374,0.007,0.619
219500,0.408,0.001,0.591
220000,0.467,0.000,0.533
220500,0.397,0.001,0.602
221000,0.389,0.015,0.596
221500,0.359,0.009,0.632
222000,0.414,0.009,0.577
222500,0.428,0.005,0.567
223000,0.389,0.010,0.601
223500,0.376,0.002,0.622
224000,0.391,0.010,0.599
224500,0.487,0.002,0.511
225000,0.526,0.000,0.474
225500,0.481,0.000,0.519
226000,0.475,0.000,0.525
226500,0.402,0.010,0.588
227000,0.409,0.003,0.588
227500,0.370,0.007,0.623
228000,0.386,0.010,0.604
228500,0.386,0.002,0.612
229000,0.414,0.004,0.582
229500,0.353,0.015,0.632
230000,0.394,0.001,0.605
230500,0.378,0.007,0.615
231000,0.398,0.018,0.584
231500,0.411,0.007,0.582
232000,0.364,0.014,0.622
232500,0.398,0.005,0.597
233000,0.350,0.003,0.647
233500,0.356,0.016,0.628
234000,0.324,0.017,0.659
234500,0.319,0.008,0.673
235000,0.423,0.010,0.567
235500,0.371,0.000,0.629
236000,0.414,0.009,0.577
236500,0.416,0.000,0.584
237000,0.369,0.010,0.621
237500,0.344,0.005,0.651
238000,0.275,0.015,0.710
238500,0.310,0.014,0.676
239000,0.347,0.012,0.641
239500,0.314,0.024,0.662
240000,0.254,0.028,0.718
240500,0.293,0.023,0.684
241000,0.302,0.006,0.692
241500,0.353,0.002,0.645
242000,0.371,0.011,0.618
242500,0.360,0.031,0.609
243000,0.365,0.010,0.625
243500,0.391,0.013,0.596
244000,0.353,0.001,0.646
244500,0.320,0.013,0.667
245000,0.399,0.008,0.593
245500,0.453,0.006,0.541
246000,0.504,0.001,0.495
246500,0.540,0.001,0.459
247000,0.472,0.001,0.527
247500,0.454,0.000,0.546
248000,0.373,0.016,0.611
248500,0.306,0.015,0.679
249000,0.343,0.015,0.642
249500,0.286,0.020,0.694
250000,0.258,0.032,0.710
250500,0.359,0.011,0.630
251000,0.321,0.031,0.648
251500,0.331,0.013,0.656
252000,0.380,0.008,0.612
252500,0.391,0.001,0.608
253000,0.443,0.001,0.556
253500,0.446,0.000,0.554
254000,0.395,0.000,0.605
254500,0.340,0.007,0.653
255000,0.338,0.011,0.651
255500,0.395,0.006,0.599
256000,0.436,0.003,0.561
256500,0.425,0.003,0.572
257000,0.469,0.002,0.529
257500,0.402,0.011,0.587
258000,0.320,0.012,0.668
258500,0.393,0.000,0.607
259000,0.369,0.007,0.624
259500,0.370,0.006,0.624
260000,0.391,0.007,0.602
260500,0.467,0.001,0.532
261000,0.465,0.000,0.535
261500,0.441,0.000,0.559
262000,0.427,0.000,0.573
262500,0.482,0.002,0.516
263000,0.446,0.000,0.554
263500,0.442,0.000,0.558
264000,0.406,0.000,0.594
264500,0.455,0.004,0.541
265000,0.458,0.003,0.539
265500,0.456,0.002,0.542
266000,0.494,0.007,0.499
266500,0.459,0.000,0.541
267000,0.395,0.013,0.592
267500,0.340,0.016,0.644
268000,0.316,0.034,0.650
268500,0.294,0.025,0.681
269000,0.363,0.010,0.627
269500,0.354,0.002,0.644
270000,0.292,0.005,0.703
270500,0.385,0.008,0.607
271000,0.382,0.012,0.606
271500,0.380,0.004,0.616
272000,0.277,0.011,0.712
272500,0.377,0.002,0.621
273000,0.377,0.008,0.615
273500,0.378,0.008,0.614
274000,0.352,0.006,0.642
274500,0.374,0.005,0.621
275000,0.399,0.001,0.600
275500,0.445,0.006,0.549
276000,0.440,0.001,0.559
276500,0.422,0.011,0.567
277000,0.372,0.009,0.619
277500,0.405,0.007,0.588
278000,0.418,0.008,0.574
278500,0.419,0.002,0.579
279000,0.490,0.000,0.510
279500,0.451,0.001,0.548
280000,0.393,0.000,0.607
280500,0.411,0.000,0.589
281000,0.424,0.003,0.573
281500,0.388,0.004,0.608
282000,0.321,0.033,0.646
282500,0.328,0.021,0.651
283000,0.377,0.014,0.609
283500,0.430,0.003,0.567
284000,0.459,0.002,0.539
284500,0.401,0.019,0.580
285000,0.417,0.016,0.567
285500,0.334,0.011,0.655
286000,0.358,0.012,0.630
286500,0.393,0.007,0.600
287000,0.369,0.004,0.627
287500,0.309,0.013,0.678
288000,0.327,0.016,0.657
288500,0.275,0.013,0.712
289000,0.390,0.009,0.601
289500,0.403,0.011,0.586
290000,0.426,0.015,0.559
290500,0.367,0.017,0.616
291000,0.410,0.002,0.588
291500,0.362,0.006,0.632
292000,0.418,0.003,0.579
292500,0.423,0.003,0.574
293000,0.344,0.008,0.648
293500,0.335,0.010,0.655
294000,0.381,0.001,0.618
294500,0.366,0.009,0.625
295000,0.423,0.002,0.575
295500,0.434,0.003,0.563
296000,0.404,0.003,0.593
296500,0.396,0.006,0.598
297000,0.386,0.005,0.609
297500,0.429,0.003,0.568
298000,0.446,0.004,0.550
298500,0.445,0.003,0.552
299000,0.389,0.005,0.606
299500,0.344,0.010,0.646
300000,0.316,0.013,0.671
300500,0.317,0.006,0.677
301000,0.318,0.011,0.671
301500,0.432,0.003,0.565
302000,0.418,0.001,0.581
302500,0.435,0.000,0.565
303000,0.451,0.001,0.548
303500,0.459,0.002,0.539
304000,0.398,0.008,0.594
304500,0.377,0.007,0.616
305000,0.362,0.024,0.614
305500,0.357,0.007,0.636
306000,0.406,0.003,0.591
306500,0.413,0.003,0.584
307000,0.475,0.001,0.524
307500,0.505,0.000,0.495
308000,0.464,0.000,0.536
308500,0.455,0.000,0.545
309000,0.443,0.007,0.550
309500,0.406,0.005,0.589
310000,0.398,0.005,0.597
310500,0.360,0.009,0.631
311000,0.446,0.003,0.551
311500,0.444,0.001,0.555
312000,0.405,0.000,0.595
312500,0.385,0.000,0.615
313000,0.436,0.003,0.561
313500,0.479,0.000,0.521
314000,0.442,0.000,0.558
314500,0.404,0.005,0.591
315000,0.329,0.007,0.664
315500,0.336,0.004,0.660
316000,0.395,0.000,0.605
316500,0.404,0.003,0.593
317000,0.368,0.011,0.621
317500,0.417,0.009,0.574
318000,0.431,0.006,0.563
318500,0.454,0.001,0.545
319000,0.452,0.000,0.548
319500,0.495,0.000,0.505
320000,0.435,0.002,0.563
320500,0.456,0.000,0.544
321000,0.457,0.001,0.542
321500,0.456,0.007,0.537
322000,0.468,0.002,0.530
322500,0.455,0.004,0.541
323000,0.516,0.000,0.484
323500,0.450,0.005,0.545
324000,0.418,0.000,0.582
324500,0.369,0.007,0.624
325000,0.374,0.002,0.624
325500,0.330,0.007,0.663
326000,0.330,0.022,0.648
326500,0.350,0.023,0.627
327000,0.283,0.016,0.701
327500,0.321,0.022,0.657
328000,0.322,0.019,0.659
328500,0.331,0.016,0.653
329000,0.401,0.012,0.587
329500,0.400,0.012,0.588
330000,0.432,0.011,0.557
330500,0.446,0.001,0.553
331000,0.364,0.000,0.636
331500,0.327,0.002,0.671
332000,0.382,0.002,0.616
332500,0.374,0.004,0.622
333000,0.408,0.001,0.591
333500,0.388,0.002,0.610
334000,0.405,0.001,0.594
334500,0.441,0.005,0.554
335000,0.389,0.002,0.609
335500,0.380,0.004,0.616
336000,0.465,0.000,0.535
336500,0.491,0.000,0.509
337000,0.445,0.000,0.555
337500,0.440,0.000,0.560
338000,0.407,0.009,0.584
338500,0.364,0.001,0.635
339000,0.344,0.019,0.637
339500,0.341,0.013,0.646
340000,0.289,0.019,0.692
340500,0.351,0.005,0.644
341000,0.397,0.008,0.595
341500,0.409,0.010,0.581
342000,0.383,0.006,0.611
342500,0.360,0.001,0.639
343000,0.329,0.013,0.658
343500,0.388,0.015,0.597
344000,0.346,0.003,0.651
344500,0.375,0.005,0.620
345000,0.353,0.008,0.639
345500,0.347,0.000,0.653
346000,0.407,0.011,0.582
346500,0.382,0.011,0.607
347000,0.363,0.011,0.626
347500,0.396,0.001,0.603
348000,0.437,0.000,0.563
348500,0.438,0.000,0.562
349000,0.443,0.008,0.549
349500,0.370,0.005,0.625
350000,0.404,0.006,0.590
350500,0.428,0.002,0.570
351000,0.451,0.003,0.546
351500,0.403,0.011,0.586
352000,0.373,0.007,0.620
352500,0.445,0.008,0.547
353000,0.501,0.003,0.496
353500,0.406,0.004,0.590
354000,0.440,0.000,0.560
354500,0.440,0.000,0.560
355000,0.417,0.000,0.583
355500,0.475,0.001,0.524
356000,0.425,0.003,0.572
356500,0.451,0.001,0.548
357000,0.436,0.001,0.563
357500,0.387,0.011,0.602
358000,0.366,0.010,0.624
358500,0.387,0.015,0.598
359000,0.433,0.003,0.564
359500,0.389,0.014,0.597
360000,0.364,0.008,0.628
360500,0.335,0.017,0.648
361000,0.405,0.003,0.592
361500,0.376,0.019,0.605
362000,0.342,0.015,0.643
362500,0.364,0.004,0.632
363000,0.380,0.016,0.604
363500,0.418,0.003,0.579
364000,0.431,0.006,0.563
364500,0.488,0.000,0.512
365000,0.485,0.000,0.515
365500,0.477,0.000,0.523
366000,0.499,0.003,0.498
366500,0.469,0.000,0.531
367000,0.385,0.005,0.610
367500,0.349,0.018,0.633
368000,0.424,0.012,0.564
368500,0.453,0.007,0.540
369000,0.401,0.002,0.597
369500,0.406,0.001,0.593
370000,0.407,0.007,0.586
370500,0.416,0.000,0.584
371000,0.387,0.000,0.613
371500,0.348,0.000,0.652
372000,0.339,0.006,0.655
372500,0.387,0.008,0.605
373000,0.342,0.012,0.646
373500,0.274,0.003,0.723
374000,0.318,0.007,0.675
374500,0.306,0.011,0.683
375000,0.353,0.013,0.634
375500,0.398,0.006,0.596
376000,0.341,0.016,0.643
376500,0.287,0.020,0.693
377000,0.287,0.051,0.662
377500,0.302,0.027,0.671
378000,0.326,0.028,0.646
378500,0.392,0.008,0.600
379000,0.363,0.014,0.623
379500,0.395,0.002,0.603
380000,0.406,0.005,0.589
380500,0.433,0.000,0.567
381000,0.424,0.003,0.573
381500,0.333,0.003,0.664
382000,0.389,0.003,0.608
382500,0.479,0.000,0.521
383000,0.430,0.005,0.565
383500,0.414,0.001,0.585
384000,0.459,0.000,0.541
384500,0.463,0.000,0.537
385000,0.473,0.002,0.525
385500,0.411,0.001,0.588
386000,0.383,0.001,0.616
386500,0.334,0.017,0.649
387000,0.351,0.012,0.637
387500,0.471,0.003,0.526
388000,0.419,0.004,0.577
388500,0.400,0.000,0.600
389000,0.420,0.004,0.576
389500,0.387,0.002,0.611
390000,0.446,0.000,0.554
390500,0.360,0.007,0.633
391000,0.387,0.006,0.607
391500,0.414,0.007,0.579
392000,0.396,0.005,0.599
392500,0.390,0.001,0.609
393000,0.355,0.007,0.638
393500,0.396,0.015,0.589
394000,0.411,0.001,0.588
394500,0.408,0.006,0.586
395000,0.315,0.001,0.684
395500,0.295,0.015,0.690
396000,0.353,0.016,0.631
396500,0.354,0.016,0.630
397000,0.281,0.013,0.706
397500,0.296,0.029,0.675
398000,0.322,0.020,0.658
398500,0.302,0.014,0.684
399000,0.345,0.012,0.643
399500,0.436,0.002,0.562
400000,0.477,0.001,0.522
400500,0.525,0.002,0.473
401000,0.467,0.004,0.529
401500,0.427,0.004,0.569
402000,0.362,0.006,0.632
402500,0.324,0.015,0.661
403000,0.282,0.023,0.695
403500,0.314,0.050,0.636
404000,0.227,0.033,0.740
404500,0.304,0.009,0.687
405000,0.347,0.010,0.643
405500,0.351,0.005,0.644
406000,0.314,0.014,0.672
406500,0.337,0.028,0.635
407000,0.312,0.021,0.667
407500,0.266,0.027,0.707
408000,0.336,0.024,0.640
408500,0.429,0.005,0.566
409000,0.432,0.007,0.561
409500,0.390,0.009,0.601
410000,0.370,0.007,0.623
410500,0.412,0.005,0.583
411000,0.493,0.001,0.506
411500,0.420,0.007,0.573
412000,0.431,0.009,0.560
412500,0.446,0.010,0.544
413000,0.462,0.000,0.538
413500,0.417,0.001,0.582
414000,0.451,0.000,0.549
414500,0.417,0.015,0.568
415000,0.309,0.017,0.674
415500,0.361,0.005,0.634
416000,0.348,0.003,0.649
416500,0.312,0.006,0.682
417000,0.308,0.013,0.679
417500,0.379,0.005,0.616
418000,0.394,0.000,0.606
418500,0.403,0.000,0.597
419000,0.427,0.000,0.573
419500,0.345,0.005,0.650
420000,0.387,0.014,0.599
420500,0.381,0.019,0.600
421000,0.309,0.032,0.659
421500,0.266,0.025,0.709
422000,0.312,0.004,0.684
422500,0.392,0.008,0.600
423000,0.360,0.006,0.634
423500,0.427,0.003,0.570
424000,0.365,0.009,0.626
424500,0.359,0.009,0.632
425000,0.392,0.006,0.602
425500,0.330,0.010,0.660
426000,0.338,0.016,0.646
426500,0.322,0.009,0.669
427000,0.350,0.002,0.648
427500,0.319,0.020,0.661
428000,0.313,0.009,0.678
428500,0.327,0.005,0.668
429000,0.295,0.017,0.688
429500,0.357,0.010,0.633
430000,0.344,0.038,0.618
430500,0.296,0.022,0.682
431000,0.342,0.022,0.636
431500,0.332,0.020,0.648
432000,0.315,0.006,0.679
432500,0.404,0.031,0.565
433000,0.423,0.005,0.572
433500,0.463,0.004,0.533
434000,0.384,0.001,0.615
434500,0.339,0.001,0.660
435000,0.395,0.008,0.597
435500,0.367,0.008,0.625
436000,0.317,0.011,0.672
436500,0.337,0.006,0.657
437000,0.360,0.010,0.630
437500,0.362,0.011,0.627
438000,0.413,0.001,0.586
438500,0.411,0.000,0.589
439000,0.402,0.012,0.586
439500,0.389,0.004,0.607
440000,0.373,0.003,0.624
440500,0.353,0.006,0.641
441000,0.374,0.004,0.622
441500,0.384,0.014,0.602
442000,0.414,0.007,0.579
442500,0.445,0.002,0.553
443000,0.378,0.009,0.613
443500,0.386,0.003,0.611
444000,0.389,0.001,0.610
444500,0.457,0.002,0.541
445000,0.485,0.001,0.514
445500,0.482,0.006,0.512
446000,0.428,0.004,0.568
446500,0.388,0.016,0.596
447000,0.388,0.002,0.610
447500,0.417,0.007,0.576
448000,0.475,0.003,0.522
448500,0.409,0.002,0.589
449000,0.415,0.004,0.581
449500,0.437,0.004,0.559
450000,0.438,0.000,0.562
450500,0.411,0.003,0.586
451000,0.327,0.022,0.651
451500,0.286,0.018,0.696
452000,0.290,0.023,0.687
452500,0.288,0.026,0.686
453000,0.271,0.010,0.719
453500,0.353,0.003,0.644
454000,0.382,0.009,0.609
454500,0.378,0.009,0.613
455000,0.373,0.018,0.609
455500,0.423,0.007,0.570
456000,0.394,0.008,0.598
456500,0.431,0.001,0.568
457000,0.428,0.000,0.572
457500,0.458,0.000,0.542
458000,0.473,0.004,0.523
458500,0.446,0.002,0.552
459000,0.396,0.003,0.601
459500,0.418,0.000,0.582
460000,0.460,0.000,0.540
460500,0.478,0.001,0.521
461000,0.495,0.000,0.505
461500,0.440,0.001,0.559
462000,0.375,0.010,0.615
462500,0.359,0.010,0.631
463000,0.313,0.015,0.672
463500,0.338,0.020,0.642
464000,0.405,0.015,0.580
464500,0.373,0.002,0.625
465000,0.379,0.007,0.614
465500,0.369,0.009,0.622
466000,0.350,0.013,0.637
466500,0.327,0.013,0.660
467000,0.370,0.016,0.614
467500,0.399,0.011,0.590
468000,0.358,0.017,0.625
468500,0.348,0.012,0.640
469000,0.403,0.001,0.596
469500,0.358,0.009,0.633
470000,0.386,0.010,0.604
470500,0.369,0.008,0.623
471000,0.350,0.008,0.642
471500,0.354,0.014,0.632
472000,0.423,0.011,0.566
472500,0.411,0.011,0.578
473000,0.444,0.003,0.553
473500,0.399,0.003,0.598
474000,0.443,0.003,0.554
474500,0.430,0.001,0.569
475000,0.396,0.006,0.598
475500,0.436,0.006,0.558
476000,0.432,0.001,0.567
476500,0.427,0.000,0.573
477000,0.415,0.000,0.585
477500,0.353,0.014,0.633
478000,0.402,0.006,0.592
478500,0.308,0.008,0.684
479000,0.299,0.023,0.678
479500,0.332,0.011,0.657
480000,0.385,0.004,0.611
480500,0.404,0.004,0.592
481000,0.412,0.001,0.587
481500,0.422,0.013,0.565
482000,0.400,0.011,0.589
482500,0.445,0.015,0.540
483000,0.356,0.003,0.641
483500,0.433,0.005,0.562
484000,0.434,0.002,0.564
484500,0.348,0.000,0.652
485000,0.411,0.004,0.585
485500,0.383,0.009,0.608
486000,0.420,0.012,0.568
486500,0.412,0.002,0.586
487000,0.401,0.018,0.581
487500,0.390,0.005,0.605
488000,0.429,0.003,0.568
488500,0.389,0.010,0.601
489000,0.471,0.005,0.524
489500,0.408,0.000,0.592
490000,0.427,0.009,0.564
490500,0.397,0.003,0.600
491000,0.401,0.010,0.589
491500,0.452,0.003,0.545
492000,0.382,0.004,0.614
492500,0.385,0.005,0.610
493000,0.422,0.006,0.572
493500,0.415,0.001,0.584
494000,0.439,0.000,0.561
494500,0.410,0.009,0.581
495000,0.351,0.008,0.641
495500,0.335,0.010,0.655
496000,0.349,0.017,0.634
496500,0.347,0.013,0.640
497000,0.422,0.008,0.570
497500,0.428,0.008,0.564
498000,0.440,0.001,0.559
498500,0.471,0.008,0.521
499000,0.402,0.003,0.595
499500,0.416,0.000,0.584
500000,0.406,0.006,0.588
500500,0.353,0.014,0.633
501000,0.363,0.004,0.633
501500,0.386,0.001,0.613
502000,0.396,0.009,0.595
502500,0.354,0.016,0.630
503000,0.377,0.004,0.619
503500,0.410,0.016,0.574
504000,0.392,0.011,0.597
504500,0.405,0.002,0.593
505000,0.468,0.000,0.532
505500,0.469,0.006,0.525
506000,0.531,0.001,0.468
506500,0.533,0.001,0.466
507000,0.483,0.007,0.510
507500,0.447,0.001,0.552
508000,0.386,0.008,0.606
508500,0.379,0.015,0.606
509000,0.373,0.012,0.615
509500,0.376,0.002,0.622
510000,0.380,0.007,0.613
510500,0.310,0.012,0.678
511000,0.378,0.009,0.613
511500,0.422,0.006,0.572
512000,0.485,0.005,0.510
512500,0.425,0.003,0.572
513000,0.415,0.014,0.571
513500,0.403,0.021,0.576
514000,0.379,0.003,0.618
514500,0.378,0.013,0.609
515000,0.357,0.009,0.634
515500,0.316,0.017,0.667
516000,0.333,0.010,0.657
516500,0.409,0.000,0.591
517000,0.427,0.000,0.573
517500,0.395,0.005,0.600
518000,0.385,0.004,0.611
518500,0.365,0.002,0.633
519000,0.417,0.000,0.583
519500,0.495,0.002,0.503
520000,0.444,0.001,0.555
520500,0.429,0.002,0.569
521000,0.467,0.000,0.533
521500,0.454,0.002,0.544
522000,0.476,0.000,0.524
522500,0.452,0.000,0.548
523000,0.456,0.000,0.544
523500,0.457,0.000,0.543
524000,0.452,0.002,0.546
524500,0.396,0.008,0.596
525000,0.435,0.008,0.557
525500,0.411,0.007,0.582
526000,0.429,0.008,0.563
526500,0.506,0.001,0.493
527000,0.495,0.000,0.505
527500,0.463,0.000,0.537
528000,0.464,0.000,0.536
528500,0.465,0.007,0.528
529000,0.452,0.000,0.548
529500,0.503,0.001,0.496
530000,0.454,0.010,0.536
530500,0.407,0.001,0.592
531000,0.436,0.006,0.558
531500,0.536,0.003,0.461
532000,0.446,0.002,0.552
532500,0.527,0.001,0.472
533000,0.518,0.006,0.476
533500,0.471,0.002,0.527
534000,0.426,0.002,0.572
534500,0.356,0.011,0.633
535000,0.365,0.007,0.628
535500,0.385,0.001,0.614
536000,0.425,0.003,0.572
536500,0.451,0.001,0.548
537000,0.387,0.009,0.604
537500,0.390,0.009,0.601
538000,0.410,0.004,0.586
538500,0.412,0.002,0.586
539000,0.459,0.001,0.540
539500,0.394,0.006,0.600
540000,0.410,0.001,0.589
540500,0.426,0.004,0.570
541000,0.371,0.001,0.628
541500,0.478,0.000,0.522
542000,0.455,0.000,0.545
542500,0.416,0.007,0.577
543000,0.414,0.011,0.575
543500,0.414,0.001,0.585
544000,0.407,0.004,0.589
544500,0.471,0.010,0.519
545000,0.459,0.002,0.539
545500,0.425,0.001,0.574
546000,0.361,0.012,0.627
546500,0.326,0.017,0.657
547000,0.349,0.005,0.646
547500,0.354,0.011,0.635
548000,0.324,0.032,0.644
548500,0.344,0.005,0.651
549000,0.369,0.013,0.618
549500,0.375,0.001,0.624
550000,0.390,0.004,0.606
550500,0.406,0.011,0.583
551000,0.472,0.005,0.523
551500,0.446,0.003,0.551
552000,0.365,0.002,0.633
552500,0.444,0.007,0.549
553000,0.392,0.011,0.597
553500,0.352,0.013,0.635
554000,0.334,0.016,0.650
554500,0.321,0.015,0.664
555000,0.406,0.010,0.584
555500,0.382,0.003,0.615
556000,0.411,0.001,0.588
556500,0.359,0.008,0.633
557000,0.384,0.011,0.605
557500,0.339,0.023,0.638
558000,0.369,0.006,0.625
558500,0.388,0.006,0.606
559000,0.327,0.013,0.660
559500,0.377,0.008,0.615
560000,0.416,0.012,0.572
560500,0.395,0.005,0.600
561000,0.396,0.009,0.595
561500,0.411,0.008,0.581
562000,0.422,0.011,0.567
562500,0.430,0.002,0.568
563000,0.458,0.000,0.542
563500,0.422,0.000,0.578
564000,0.411,0.015,0.574
564500,0.377,0.004,0.619
565000,0.422,0.003,0.575
565500,0.416,0.001,0.583
566000,0.402,0.000,0.598
566500,0.414,0.001,0.585
567000,0.420,0.002,0.578
567500,0.434,0.003,0.563
568000,0.494,0.000,0.506
568500,0.547,0.000,0.453
569000,0.510,0.002,0.488
569500,0.495,0.000,0.505
570000,0.476,0.006,0.518
570500,0.469,0.001,0.530
571000,0.466,0.000,0.534
571500,0.399,0.002,0.599
572000,0.410,0.002,0.588
572500,0.401,0.003,0.596
573000,0.372,0.004,0.624
573500,0.400,0.010,0.590
574000,0.395,0.009,0.596
574500,0.387,0.014,0.599
575000,0.385,0.009,0.606
575500,0.386,0.005,0.609
576000,0.444,0.000,0.556
576500,0.416,0.006,0.578
577000,0.389,0.000,0.611
577500,0.333,0.012,0.655
578000,0.390,0.005,0.605
578500,0.366,0.001,0.633
579000,0.341,0.004,0.655
579500,0.387,0.007,0.606
580000,0.383,0.000,0.617
580500,0.439,0.003,0.558
581000,0.418,0.008,0.574
581500,0.389,0.001,0.610
582000,0.338,0.008,0.654
582500,0.313,0.005,0.682
583000,0.362,0.004,0.634
583500,0.400,0.005,0.595
584000,0.386,0.012,0.602
584500,0.329,0.014,0.657
585000,0.360,0.014,0.626
585500,0.340,0.010,0.650
586000,0.279,0.006,0.715
586500,0.342,0.020,0.638
587000,0.429,0.009,0.562
587500,0.367,0.003,0.630
588000,0.410,0.005,0.585
588500,0.416,0.002,0.582
589000,0.385,0.000,0.615
589500,0.330,0.026,0.644
590000,0.325,0.010,0.665
590500,0.362,0.003,0.635
591000,0.398,0.007,0.595
591500,0.417,0.001,0.582
592000,0.348,0.000,0.652
592500,0.282,0.026,0.692
593000,0.317,0.028,0.655
593500,0.365,0.008,0.627
594000,0.371,0.023,0.606
594500,0.425,0.004,0.571
595000,0.437,0.000,0.563
595500,0.429,0.017,0.554
596000,0.339,0.017,0.644
596500,0.312,0.010,0.678
597000,0.409,0.004,0.587
597500,0.397,0.012,0.591
598000,0.341,0.013,0.646
598500,0.341,0.011,0.648
599000,0.336,0.009,0.655
599500,0.334,0.000,0.666
600000,0.343,0.000,0.657
600500,0.299,0.021,0.680
601000,0.341,0.019,0.640
601500,0.324,0.011,0.665
602000,0.354,0.001,0.645
602500,0.399,0.003,0.598
603000,0.432,0.008,0.560
603500,0.407,0.004,0.589
604000,0.414,0.000,0.586
604500,0.426,0.003,0.571
605000,0.427,0.001,0.572
605500,0.478,0.006,0.516
606000,0.452,0.003,0.545
606500,0.362,0.012,0.626
607000,0.307,0.021,0.672
607500,0.382,0.013,0.605
608000,0.377,0.012,0.611
608500,0.423,0.006,0.571
609000,0.402,0.001,0.597
609500,0.404,0.013,0.583
610000,0.406,0.007,0.587
610500,0.341,0.018,0.641
611000,0.348,0.013,0.639
611500,0.339,0.033,0.628
612000,0.305,0.023,0.672
612500,0.311,0.032,0.657
613000,0.317,0.007,0.676
613500,0.326,0.005,0.669
614000,0.395,0.014,0.591
614500,0.378,0.013,0.609
615000,0.302,0.018,0.680
615500,0.322,0.012,0.666
616000,0.286,0.011,0.703
616500,0.348,0.010,0.642
617000,0.394,0.003,0.603
617500,0.349,0.021,0.630
618000,0.328,0.006,0.666
618500,0.348,0.016,0.636
619000,0.332,0.007,0.661
619500,0.307,0.021,0.672
620000,0.310,0.020,0.670
620500,0.338,0.009,0.653
621000,0.367,0.006,0.627
621500,0.399,0.002,0.599
622000,0.332,0.013,0.655
622500,0.360,0.017,0.623
623000,0.404,0.008,0.588
623500,0.418,0.002,0.580
624000,0.425,0.005,0.570
624500,0.385,0.002,0.613
625000,0.512,0.004,0.484
625500,0.444,0.000,0.556
626000,0.415,0.002,0.583
626500,0.349,0.009,0.642
627000,0.338,0.011,0.651
627500,0.329,0.008,0.663
628000,0.354,0.010,0.636
628500,0.389,0.006,0.605
629000,0.386,0.007,0.607
629500,0.320,0.020,0.660
630000,0.286,0.005,0.709
630500,0.338,0.008,0.654
631000,0.378,0.017,0.605
631500,0.459,0.001,0.540
632000,0.368,0.004,0.628
632500,0.350,0.006,0.644
633000,0.378,0.007,0.615
633500,0.324,0.020,0.656
634000,0.335,0.015,0.650
634500,0.368,0.010,0.622
635000,0.367,0.003,0.630
635500,0.327,0.012,0.661
636000,0.360,0.013,0.627
636500,0.401,0.023,0.576
637000,0.360,0.004,0.636
637500,0.390,0.005,0.605
638000,0.388,0.019,0.593
638500,0.361,0.003,0.636
639000,0.350,0.001,0.649
639500,0.409,0.004,0.587
640000,0.458,0.001,0.541
640500,0.431,0.000,0.569
641000,0.411,0.002,0.587
641500,0.446,0.001,0.553
642000,0.427,0.004,0.569
642500,0.398,0.000,0.602
643000,0.392,0.009,0.599
643500,0.435,0.006,0.559
644000,0.441,0.006,0.553
644500,0.459,0.001,0.540
645000,0.445,0.000,0.555
645500,0.469,0.004,0.527
646000,0.372,0.003,0.625
646500,0.444,0.002,0.554
647000,0.415,0.000,0.585
647500,0.385,0.016,0.599
648000,0.377,0.009,0.614
648500,0.375,0.002,0.623
649000,0.404,0.000,0.596
649500,0.390,0.006,0.604
650000,0.410,0.006,0.584
650500,0.392,0.012,0.596
651000,0.397,0.009,0.594
651500,0.407,0.008,0.585
652000,0.378,0.005,0.617
652500,0.342,0.003,0.655
653000,0.411,0.014,0.575
653500,0.417,0.008,0.575
654000,0.380,0.000,0.620
654500,0.317,0.013,0.670
655000,0.376,0.012,0.612
655500,0.380,0.006,0.614
656000,0.430,0.004,0.566
656500,0.348,0.003,0.649
657000,0.344,0.004,0.652
657500,0.397,0.007,0.596
658000,0.379,0.002,0.619
658500,0.350,0.010,0.640
659000,0.348,0.005,0.647
659500,0.352,0.009,0.639
660000,0.406,0.006,0.588
660500,0.394,0.008,0.598
661000,0.426,0.008,0.566
661500,0.398,0.001,0.601
662000,0.457,0.005,0.538
662500,0.470,0.003,0.527
663000,0.445,0.000,0.555
663500,0.391,0.005,0.604
664000,0.411,0.004,0.585
664500,0.479,0.000,0.521
665000,0.446,0.000,0.554
665500,0.417,0.000,0.583
666000,0.450,0.000,0.550
666500,0.421,0.000,0.579
667000,0.415,0.004,0.581
667500,0.377,0.006,0.617
668000,0.356,0.010,0.634
668500,0.354,0.007,0.639
669000,0.373,0.013,0.614
669500,0.408,0.008,0.584
670000,0.287,0.034,0.679
670500,0.336,0.019,0.645
671000,0.300,0.008,0.692
671500,0.336,0.024,0.640
672000,0.350,0.013,0.637
672500,0.361,0.011,0.628
673000,0.337,0.008,0.655
673500,0.432,0.006,0.562
674000,0.381,0.002,0.617
674500,0.359,0.013,0.628
675000,0.354,0.007,0.639
675500,0.428,0.004,0.568
676000,0.401,0.015,0.584
676500,0.396,0.006,0.598
677000,0.385,0.006,0.609
677500,0.370,0.007,0.623
678000,0.459,0.002,0.539
678500,0.424,0.002,0.574
679000,0.388,0.008,0.604
679500,0.372,0.001,0.627
680000,0.344,0.001,0.655
680500,0.396,0.009,0.595
681000,0.403,0.002,0.595
681500,0.354,0.011,0.635
682000,0.320,0.006,0.674
682500,0.361,0.006,0.633
683000,0.338,0.011,0.651
683500,0.390,0.009,0.601
684000,0.356,0.012,0.632
684500,0.386,0.004,0.610
685000,0.437,0.003,0.560
685500,0.477,0.004,0.519
686000,0.472,0.000,0.528
686500,0.414,0.009,0.577
687000,0.325,0.009,0.666
687500,0.355,0.002,0.643
688000,0.453,0.000,0.547
688500,0.389,0.005,0.606
689000,0.330,0.000,0.670
689500,0.343,0.008,0.649
690000,0.359,0.006,0.635
690500,0.337,0.013,0.650
691000,0.356,0.013,0.631
691500,0.281,0.013,0.706
692000,0.380,0.016,0.604
692500,0.401,0.008,0.591
693000,0.357,0.001,0.642
693500,0.370,0.006,0.624
694000,0.372,0.012,0.616
694500,0.332,0.012,0.656
695000,0.345,0.018,0.637
695500,0.357,0.038,0.605
696000,0.351,0.016,0.633
696500,0.351,0.021,0.628
697000,0.380,0.002,0.618
697500,0.415,0.005,0.580
698000,0.400,0.007,0.593
698500,0.418,0.001,0.581
699000,0.455,0.000,0.545
699500,0.463,0.003,0.534
700000,0.433,0.002,0.565
700500,0.420,0.011,0.569
701000,0.412,0.000,0.588
701500,0.460,0.002,0.538
702000,0.455,0.005,0.540
702500,0.447,0.010,0.543
703000,0.401,0.006,0.593
703500,0.337,0.007,0.656
704000,0.363,0.014,0.623
704500,0.386,0.003,0.611
705000,0.423,0.000,0.577
705500,0.438,0.001,0.561
706000,0.375,0.007,0.618
706500,0.407,0.007,0.586
707000,0.397,0.007,0.596
707500,0.448,0.006,0.546
708000,0.434,0.001,0.565
708500,0.393,0.000,0.607
709000,0.417,0.002,0.581
709500,0.420,0.000,0.580
710000,0.461,0.000,0.539
710500,0.479,0.000,0.521
711000,0.436,0.000,0.564
711500,0.404,0.004,0.592
712000,0.375,0.010,0.615
712500,0.390,0.003,0.607
713000,0.435,0.001,0.564
713500,0.407,0.005,0.588
714000,0.438,0.001,0.561
714500,0.354,0.010,0.636
715000,0.366,0.007,0.627
715500,0.329,0.026,0.645
716000,0.307,0.012,0.681
716500,0.346,0.014,0.640
717000,0.454,0.002,0.544
717500,0.447,0.001,0.552
718000,0.382,0.000,0.618
718500,0.413,0.005,0.582
719000,0.457,0.005,0.538
719500,0.448,0.004,0.548
720000,0.433,0.005,0.562
720500,0.409,0.003,0.588
721000,0.356,0.010,0.634
721500,0.331,0.018,0.651
722000,0.327,0.019,0.654
722500,0.420,0.008,0.572
723000,0.427,0.009,0.564
723500,0.398,0.000,0.602
724000,0.333,0.007,0.660
724500,0.345,0.012,0.643
725000,0.412,0.005,0.583
725500,0.400,0.004,0.596
726000,0.371,0.009,0.620
726500,0.356,0.009,0.635
727000,0.459,0.004,0.537
727500,0.376,0.007,0.617
728000,0.447,0.001,0.552
728500,0.394,0.003,0.603
729000,0.415,0.001,0.584
729500,0.375,0.005,0.620
730000,0.418,0.002,0.580
730500,0.377,0.008,0.615
731000,0.395,0.001,0.604
731500,0.536,0.000,0.464
732000,0.489,0.002,0.509
732500,0.481,0.001,0.518
733000,0.474,0.004,0.522
733500,0.422,0.000,0.578
734000,0.463,0.000,0.537
734500,0.465,0.000,0.535
735000,0.476,0.009,0.515
735500,0.406,0.009,0.585
736000,0.403,0.001,0.596
736500,0.414,0.002,0.584
737000,0.415,0.009,0.576
737500,0.410,0.007,0.583
738000,0.456,0.002,0.542
738500,0.386,0.014,0.600
739000,0.459,0.006,0.535
739500,0.383,0.008,0.609
740000,0.367,0.004,0.629
740500,0.405,0.009,0.586
741000,0.396,0.006,0.598
741500,0.389,0.001,0.610
742000,0.366,0.006,0.628
742500,0.339,0.004,0.657
743000,0.416,0.001,0.583
743500,0.431,0.000,0.569
744000,0.458,0.000,0.542
744500,0.393,0.001,0.606
745000,0.363,0.007,0.630
745500,0.376,0.006,0.618
746000,0.434,0.006,0.560
746500,0.438,0.015,0.547
747000,0.457,0.004,0.539
747500,0.454,0.003,0.543
748000,0.472,0.000,0.528
748500,0.484,0.000,0.516
749000,0.374,0.005,0.621
749500,0.351,0.010,0.639
750000,0.337,0.021,0.642
750500,0.334,0.009,0.657
751000,0.325,0.001,0.674
751500,0.322,0.010,0.668
752000,0.335,0.022,0.643
752500,0.312,0.013,0.675
753000,0.279,0.014,0.707
753500,0.302,0.012,0.686
754000,0.353,0.006,0.641
754500,0.385,0.007,0.608
755000,0.340,0.007,0.653
755500,0.380,0.000,0.620
756000,0.275,0.012,0.713
756500,0.330,0.009,0.661
757000,0.345,0.008,0.647
757500,0.382,0.001,0.617
758000,0.372,0.007,0.621
758500,0.335,0.013,0.652
759000,0.409,0.015,0.576
759500,0.411,0.017,0.572
760000,0.397,0.013,0.590
760500,0.405,0.005,0.590
761000,0.342,0.018,0.640
761500,0.300,0.022,0.678
762000,0.338,0.005,0.657
762500,0.373,0.009,0.618
763000,0.276,0.011,0.713
763500,0.315,0.009,0.676
764000,0.324,0.019,0.657
764500,0.368,0.002,0.630
765000,0.462,0.003,0.535
765500,0.471,0.005,0.524
766000,0.470,0.001,0.529
766500,0.412,0.002,0.586
767000,0.446,0.002,0.552
767500,0.486,0.000,0.514
768000,0.400,0.000,0.600
768500,0.352,0.010,0.638
769000,0.302,0.023,0.675
769500,0.287,0.011,0.702
770000,0.295,0.015,0.690
770500,0.300,0.033,0.667
771000,0.332,0.004,0.664
771500,0.366,0.013,0.621
772000,0.326,0.024,0.650
772500,0.406,0.008,0.586
773000,0.368,0.023,0.609
773500,0.325,0.010,0.665
774000,0.356,0.003,0.641
774500,0.409,0.003,0.588
775000,0.392,0.020,0.588
775500,0.362,0.004,0.634
776000,0.323,0.008,0.669
776500,0.341,0.004,0.655
777000,0.364,0.006,0.630
777500,0.369,0.004,0.627
778000,0.424,0.009,0.567
778500,0.409,0.003,0.588
779000,0.428,0.004,0.568
779500,0.449,0.001,0.550
780000,0.470,0.000,0.530
780500,0.530,0.000,0.470
781000,0.549,0.000,0.451
781500,0.570,0.000,0.430
782000,0.532,0.008,0.460
782500,0.440,0.009,0.551
783000,0.458,0.001,0.541
783500,0.470,0.001,0.529
784000,0.504,0.000,0.496
784500,0.440,0.000,0.560
785000,0.417,0.000,0.583
785500,0.414,0.000,0.586
786000,0.411,0.008,0.581
786500,0.412,0.004,0.584
787000,0.494,0.005,0.501
787500,0.437,0.001,0.562
788000,0.453,0.002,0.545
788500,0.438,0.009,0.553
789000,0.366,0.008,0.626
789500,0.367,0.006,0.627
790000,0.392,0.004,0.604
790500,0.426,0.001,0.573
791000,0.397,0.000,0.603
791500,0.379,0.003,0.618
792000,0.375,0.010,0.615
792500,0.372,0.011,0.617
793000,0.338,0.019,0.643
793500,0.361,0.011,0.628
794000,0.362,0.010,0.628
794500,0.373,0.009,0.618
795000,0.392,0.001,0.607
795500,0.381,0.012,0.607
796000,0.343,0.013,0.644
796500,0.352,0.005,0.643
797000,0.398,0.003,0.599
797500,0.456,0.001,0.543
798000,0.455,0.000,0.545
798500,0.447,0.004,0.549
799000,0.411,0.001,0.588
799500,0.460,0.004,0.536
800000,0.401,0.001,0.598
800500,0.345,0.018,0.637
801000,0.399,0.003,0.598
801500,0.379,0.008,0.613
802000,0.428,0.000,0.572
802500,0.408,0.000,0.592
803000,0.418,0.005,0.577
803500,0.455,0.000,0.545
