time,n_A+p,n_B,n_AB
500,0.080,0.344,0.576
1000,0.201,0.063,0.736
1500,0.578,0.000,0.422
2000,0.634,0.000,0.366
2500,0.680,0.000,0.320
3000,0.828,0.000,0.172
3500,0.818,0.000,0.182
4000,0.815,0.000,0.185
4500,0.687,0.000,0.313
5000,0.778,0.000,0.222
5500,0.841,0.000,0.159
6000,0.755,0.000,0.245
6500,0.681,0.000,0.319
7000,0.708,0.000,0.292
7500,0.911,0.000,0.089
8000,0.911,0.000,0.089
8500,0.986,0.000,0.014
9000,0.999,0.000,0.001
9500,0.999,0.000,0.001
10000,1.000,0.000,0.000
