time,n_A+p,n_B,n_AB
500,0.050,0.606,0.344
1000,0.050,0.406,0.544
1500,0.063,0.288,0.649
2000,0.079,0.214,0.707
2500,0.068,0.254,0.678
3000,0.050,0.344,0.606
3500,0.050,0.376,0.574
4000,0.050,0.374,0.576
4500,0.050,0.375,0.575
5000,0.050,0.341,0.609
5500,0.050,0.367,0.583
6000,0.060,0.315,0.625
6500,0.050,0.323,0.627
7000,0.050,0.349,0.601
7500,0.050,0.376,0.574
8000,0.059,0.291,0.650
8500,0.062,0.285,0.653
9000,0.050,0.316,0.634
9500,0.050,0.344,0.606
10000,0.058,0.337,0.605
10500,0.059,0.291,0.650
11000,0.050,0.255,0.695
11500,0.062,0.306,0.632
12000,0.066,0.218,0.716
12500,0.093,0.174,0.733
13000,0.068,0.213,0.719
13500,0.070,0.214,0.716
14000,0.062,0.272,0.666
14500,0.051,0.304,0.645
15000,0.050,0.365,0.585
15500,0.051,0.362,0.587
16000,0.053,0.286,0.661
16500,0.050,0.342,0.608
17000,0.050,0.370,0.580
17500,0.050,0.447,0.503
18000,0.050,0.373,0.577
18500,0.055,0.373,0.572
19000,0.050,0.364,0.586
19500,0.068,0.265,0.667
20000,0.050,0.299,0.651
20500,0.052,0.402,0.546
21000,0.050,0.423,0.527
21500,0.054,0.386,0.560
22000,0.054,0.276,0.670
22500,0.056,0.301,0.643
23000,0.052,0.227,0.721
23500,0.051,0.370,0.579
24000,0.051,0.304,0.645
24500,0.050,0.322,0.628
25000,0.063,0.317,0.620
25500,0.051,0.359,0.590
26000,0.050,0.449,0.501
26500,0.050,0.355,0.595
27000,0.050,0.285,0.665
27500,0.053,0.318,0.629
28000,0.050,0.397,0.553
28500,0.056,0.320,0.624
29000,0.055,0.341,0.604
29500,0.053,0.260,0.687
30000,0.050,0.326,0.624
30500,0.051,0.413,0.536
31000,0.050,0.303,0.647
31500,0.055,0.275,0.670
32000,0.141,0.124,0.735
32500,0.491,0.007,0.502
33000,0.825,0.000,0.175
33500,0.893,0.000,0.107
34000,0.876,0.000,0.124
34500,0.953,0.000,0.047
35000,0.983,0.000,0.017
35500,0.999,0.000,0.001
36000,1.000,0.000,0.000
