time,n_A+p,n_B,n_AB
500,0.050,0.596,0.354
1000,0.050,0.477,0.473
1500,0.050,0.495,0.455
2000,0.050,0.430,0.520
2500,0.050,0.362,0.588
3000,0.050,0.370,0.580
3500,0.050,0.406,0.544
4000,0.060,0.330,0.610
4500,0.050,0.312,0.638
5000,0.050,0.332,0.618
5500,0.056,0.332,0.612
6000,0.050,0.342,0.608
6500,0.051,0.419,0.530
7000,0.051,0.442,0.507
7500,0.050,0.271,0.679
8000,0.068,0.180,0.752
8500,0.053,0.373,0.574
9000,0.050,0.448,0.502
9500,0.050,0.331,0.619
10000,0.050,0.483,0.467
10500,0.053,0.315,0.632
11000,0.052,0.387,0.561
11500,0.050,0.370,0.580
12000,0.050,0.412,0.538
12500,0.054,0.324,0.622
13000,0.050,0.412,0.538
13500,0.050,0.380,0.570
14000,0.053,0.272,0.675
14500,0.051,0.387,0.562
15000,0.050,0.281,0.669
15500,0.056,0.330,0.614
16000,0.055,0.379,0.566
16500,0.052,0.314,0.634
17000,0.050,0.384,0.566
17500,0.050,0.420,0.530
18000,0.050,0.415,0.535
18500,0.051,0.366,0.583
19000,0.050,0.380,0.570
19500,0.060,0.283,0.657
20000,0.051,0.331,0.618
20500,0.050,0.373,0.577
21000,0.053,0.363,0.584
21500,0.050,0.397,0.553
22000,0.050,0.431,0.519
22500,0.050,0.364,0.586
23000,0.050,0.444,0.506
23500,0.050,0.462,0.488
24000,0.050,0.405,0.545
24500,0.057,0.353,0.590
25000,0.050,0.478,0.472
25500,0.050,0.445,0.505
26000,0.050,0.409,0.541
26500,0.050,0.447,0.503
27000,0.050,0.388,0.562
27500,0.050,0.478,0.472
28000,0.050,0.326,0.624
28500,0.050,0.347,0.603
29000,0.050,0.320,0.630
29500,0.050,0.293,0.657
30000,0.050,0.418,0.532
30500,0.050,0.346,0.604
31000,0.054,0.304,0.642
31500,0.052,0.339,0.609
32000,0.050,0.485,0.465
32500,0.050,0.437,0.513
33000,0.050,0.406,0.544
33500,0.050,0.498,0.452
34000,0.050,0.458,0.492
34500,0.050,0.443,0.507
35000,0.050,0.381,0.569
35500,0.050,0.492,0.458
36000,0.050,0.515,0.435
36500,0.050,0.446,0.504
37000,0.071,0.268,0.661
37500,0.052,0.316,0.632
38000,0.062,0.352,0.586
38500,0.050,0.411,0.539
39000,0.050,0.332,0.618
39500,0.050,0.394,0.556
40000,0.050,0.389,0.561
40500,0.050,0.425,0.525
41000,0.050,0.391,0.559
41500,0.059,0.368,0.573
42000,0.057,0.336,0.607
42500,0.079,0.181,0.740
43000,0.083,0.238,0.679
43500,0.053,0.357,0.590
44000,0.056,0.363,0.581
44500,0.050,0.400,0.550
45000,0.050,0.469,0.481
45500,0.050,0.357,0.593
46000,0.050,0.464,0.486
46500,0.050,0.404,0.546
47000,0.050,0.435,0.515
47500,0.050,0.378,0.572
48000,0.050,0.459,0.491
48500,0.053,0.276,0.671
49000,0.088,0.161,0.751
49500,0.061,0.258,0.681
50000,0.051,0.337,0.612
50500,0.054,0.277,0.669
51000,0.053,0.317,0.630
51500,0.050,0.335,0.615
52000,0.051,0.369,0.580
52500,0.050,0.335,0.615
53000,0.055,0.306,0.639
53500,0.051,0.345,0.604
54000,0.050,0.376,0.574
54500,0.050,0.305,0.645
55000,0.050,0.300,0.650
55500,0.050,0.331,0.619
56000,0.055,0.201,0.744
56500,0.058,0.271,0.671
57000,0.050,0.415,0.535
57500,0.052,0.369,0.579
58000,0.050,0.389,0.561
58500,0.050,0.442,0.508
59000,0.050,0.454,0.496
59500,0.050,0.402,0.548
60000,0.050,0.392,0.558
60500,0.050,0.383,0.567
61000,0.054,0.397,0.549
61500,0.050,0.422,0.528
62000,0.050,0.480,0.470
62500,0.050,0.428,0.522
63000,0.050,0.410,0.540
63500,0.050,0.439,0.511
64000,0.050,0.428,0.522
64500,0.050,0.382,0.568
65000,0.050,0.339,0.611
65500,0.050,0.381,0.569
66000,0.052,0.346,0.602
66500,0.050,0.335,0.615
67000,0.050,0.377,0.573
67500,0.050,0.370,0.580
68000,0.052,0.344,0.604
68500,0.050,0.371,0.579
69000,0.050,0.448,0.502
69500,0.050,0.333,0.617
70000,0.050,0.306,0.644
70500,0.058,0.336,0.606
71000,0.057,0.377,0.566
71500,0.065,0.270,0.665
72000,0.052,0.276,0.672
72500,0.059,0.277,0.664
73000,0.052,0.386,0.562
73500,0.061,0.329,0.610
74000,0.050,0.399,0.551
74500,0.060,0.355,0.585
75000,0.054,0.349,0.597
75500,0.050,0.418,0.532
76000,0.052,0.359,0.589
76500,0.050,0.398,0.552
77000,0.050,0.384,0.566
77500,0.050,0.439,0.511
78000,0.050,0.410,0.540
78500,0.050,0.349,0.601
79000,0.051,0.376,0.573
79500,0.052,0.364,0.584
80000,0.050,0.415,0.535
80500,0.050,0.474,0.476
81000,0.052,0.245,0.703
81500,0.097,0.112,0.791
82000,0.195,0.095,0.710
82500,0.492,0.006,0.502
83000,0.775,0.000,0.225
83500,0.840,0.000,0.160
84000,0.939,0.000,0.061
84500,0.982,0.000,0.018
85000,0.974,0.000,0.026
85500,0.942,0.000,0.058
86000,0.991,0.000,0.009
86500,1.000,0.000,0.000
