time,n_A+p,n_B,n_AB
500,0.080,0.675,0.245
1000,0.080,0.487,0.433
1500,0.080,0.354,0.566
2000,0.080,0.409,0.511
2500,0.080,0.397,0.524
3000,0.086,0.280,0.633
3500,0.089,0.246,0.664
4000,0.113,0.173,0.714
4500,0.097,0.228,0.675
5000,0.088,0.206,0.705
5500,0.093,0.201,0.706
6000,0.097,0.210,0.693
6500,0.117,0.161,0.723
7000,0.147,0.142,0.711
7500,0.424,0.022,0.553
8000,0.896,0.001,0.103
8500,0.975,0.000,0.025
9000,1.000,0.000,0.000
9500,1.000,0.000,0.000
