time,n_A+p,n_B,n_AB
200,0.030,0.966,0.004
400,0.030,0.960,0.010
600,0.030,0.946,0.025
800,0.030,0.944,0.027
1000,0.030,0.926,0.044
1200,0.031,0.928,0.041
1400,0.031,0.916,0.053
1600,0.033,0.911,0.056
1800,0.031,0.902,0.067
2000,0.031,0.896,0.074
2200,0.034,0.880,0.086
2400,0.032,0.877,0.091
2600,0.034,0.876,0.090
2800,0.035,0.878,0.087
3000,0.040,0.884,0.077
3200,0.035,0.870,0.095
3400,0.035,0.856,0.109
3600,0.034,0.861,0.105
3800,0.032,0.854,0.114
4000,0.033,0.841,0.127
4200,0.036,0.810,0.154
4400,0.036,0.816,0.148
4600,0.040,0.803,0.157
4800,0.041,0.789,0.171
5000,0.041,0.777,0.182
5200,0.039,0.763,0.198
5400,0.040,0.749,0.211
5600,0.049,0.721,0.230
5800,0.050,0.730,0.220
6000,0.050,0.723,0.227
6200,0.053,0.698,0.249
6400,0.054,0.703,0.243
6600,0.047,0.705,0.248
6800,0.052,0.689,0.258
7000,0.055,0.670,0.275
7200,0.046,0.681,0.273
7400,0.050,0.680,0.270
7600,0.056,0.694,0.250
7800,0.052,0.681,0.267
8000,0.048,0.661,0.291
8200,0.051,0.661,0.288
8400,0.058,0.653,0.289
8600,0.054,0.634,0.312
8800,0.059,0.636,0.304
9000,0.061,0.632,0.306
9200,0.070,0.638,0.291
9400,0.078,0.633,0.289
9600,0.067,0.629,0.303
9800,0.074,0.633,0.293
10000,0.072,0.634,0.294
10200,0.077,0.623,0.300
10400,0.073,0.610,0.318
10600,0.070,0.625,0.304
10800,0.063,0.605,0.332
11000,0.056,0.611,0.333
11200,0.064,0.616,0.320
11400,0.073,0.619,0.308
11600,0.066,0.619,0.315
11800,0.062,0.612,0.326
12000,0.066,0.622,0.312
12200,0.073,0.608,0.320
12400,0.062,0.608,0.330
12600,0.076,0.589,0.335
12800,0.076,0.589,0.335
13000,0.080,0.589,0.331
13200,0.094,0.576,0.330
13400,0.102,0.570,0.328
13600,0.100,0.568,0.332
13800,0.104,0.555,0.341
14000,0.104,0.564,0.332
14200,0.096,0.572,0.332
14400,0.084,0.554,0.363
14600,0.080,0.537,0.383
14800,0.097,0.519,0.384
15000,0.102,0.515,0.383
15200,0.104,0.524,0.372
15400,0.098,0.519,0.383
15600,0.106,0.518,0.376
15800,0.107,0.518,0.375
16000,0.113,0.496,0.390
16200,0.127,0.484,0.389
16400,0.129,0.466,0.406
16600,0.143,0.472,0.385
16800,0.148,0.468,0.384
17000,0.152,0.458,0.390
17200,0.158,0.459,0.383
17400,0.153,0.475,0.372
17600,0.153,0.460,0.387
17800,0.149,0.457,0.394
18000,0.155,0.464,0.381
18200,0.147,0.464,0.389
18400,0.163,0.458,0.379
18600,0.159,0.458,0.383
18800,0.159,0.441,0.399
19000,0.161,0.446,0.392
19200,0.166,0.437,0.396
19400,0.165,0.441,0.393
19600,0.157,0.451,0.391
19800,0.160,0.435,0.404
20000,0.168,0.422,0.411
20200,0.172,0.430,0.398
20400,0.174,0.438,0.388
20600,0.182,0.430,0.388
20800,0.198,0.417,0.385
21000,0.193,0.409,0.398
21200,0.183,0.412,0.406
21400,0.180,0.401,0.419
21600,0.183,0.392,0.425
21800,0.180,0.399,0.421
22000,0.184,0.399,0.417
22200,0.187,0.390,0.423
22400,0.187,0.399,0.414
22600,0.186,0.395,0.419
22800,0.187,0.408,0.406
23000,0.171,0.407,0.423
23200,0.170,0.417,0.414
23400,0.149,0.416,0.435
23600,0.153,0.426,0.421
23800,0.159,0.413,0.428
24000,0.163,0.421,0.416
24200,0.168,0.422,0.411
24400,0.175,0.419,0.407
24600,0.176,0.420,0.404
24800,0.185,0.414,0.401
25000,0.184,0.410,0.407
25200,0.180,0.392,0.428
25400,0.188,0.394,0.418
25600,0.173,0.407,0.421
25800,0.162,0.408,0.430
26000,0.162,0.394,0.443
26200,0.173,0.398,0.429
26400,0.164,0.388,0.447
26600,0.165,0.396,0.438
26800,0.173,0.388,0.439
27000,0.184,0.391,0.425
27200,0.184,0.392,0.424
27400,0.185,0.374,0.441
27600,0.179,0.372,0.449
27800,0.165,0.367,0.468
28000,0.177,0.369,0.455
28200,0.176,0.373,0.451
28400,0.180,0.363,0.458
28600,0.199,0.359,0.442
28800,0.189,0.352,0.459
29000,0.193,0.347,0.460
29200,0.185,0.352,0.463
29400,0.184,0.352,0.464
29600,0.184,0.362,0.455
29800,0.191,0.358,0.451
30000,0.191,0.340,0.469
30200,0.199,0.336,0.465
30400,0.219,0.332,0.449
30600,0.216,0.335,0.449
30800,0.209,0.339,0.451
31000,0.200,0.346,0.454
31200,0.191,0.336,0.473
31400,0.187,0.342,0.471
31600,0.195,0.369,0.436
31800,0.198,0.356,0.445
32000,0.188,0.353,0.459
32200,0.189,0.352,0.459
32400,0.219,0.358,0.424
32600,0.217,0.351,0.432
32800,0.209,0.353,0.437
33000,0.205,0.349,0.445
33200,0.218,0.340,0.442
33400,0.233,0.331,0.436
33600,0.258,0.318,0.424
33800,0.246,0.317,0.437
34000,0.257,0.315,0.428
34200,0.248,0.315,0.437
34400,0.239,0.331,0.430
34600,0.247,0.332,0.421
34800,0.220,0.332,0.448
35000,0.226,0.325,0.449
35200,0.224,0.330,0.446
35400,0.204,0.327,0.469
35600,0.203,0.332,0.465
35800,0.193,0.341,0.466
36000,0.192,0.345,0.463
36200,0.188,0.338,0.474
36400,0.205,0.329,0.466
36600,0.183,0.344,0.473
36800,0.183,0.344,0.473
37000,0.179,0.344,0.477
37200,0.170,0.347,0.483
37400,0.155,0.346,0.498
37600,0.156,0.359,0.485
37800,0.165,0.364,0.471
38000,0.164,0.365,0.471
38200,0.175,0.359,0.467
38400,0.179,0.363,0.459
38600,0.173,0.355,0.472
38800,0.180,0.346,0.474
39000,0.164,0.355,0.480
39200,0.165,0.352,0.482
39400,0.175,0.342,0.483
39600,0.177,0.343,0.480
39800,0.190,0.342,0.468
40000,0.197,0.351,0.451
40200,0.197,0.342,0.461
40400,0.198,0.325,0.477
40600,0.213,0.317,0.470
40800,0.205,0.320,0.475
41000,0.204,0.312,0.484
41200,0.202,0.317,0.481
41400,0.224,0.313,0.464
41600,0.208,0.309,0.482
41800,0.210,0.309,0.480
42000,0.219,0.311,0.471
42200,0.235,0.324,0.441
42400,0.227,0.312,0.462
42600,0.204,0.311,0.485
42800,0.206,0.318,0.476
43000,0.204,0.300,0.495
43200,0.213,0.318,0.469
43400,0.196,0.328,0.476
43600,0.196,0.339,0.465
43800,0.192,0.340,0.468
44000,0.187,0.321,0.492
44200,0.197,0.338,0.465
44400,0.183,0.345,0.472
44600,0.180,0.346,0.474
44800,0.203,0.324,0.473
45000,0.189,0.320,0.491
45200,0.189,0.318,0.493
45400,0.180,0.348,0.472
45600,0.157,0.353,0.489
45800,0.152,0.363,0.485
46000,0.155,0.352,0.492
46200,0.154,0.338,0.508
46400,0.155,0.332,0.513
46600,0.156,0.339,0.505
46800,0.165,0.344,0.490
47000,0.165,0.348,0.486
47200,0.177,0.342,0.481
47400,0.169,0.343,0.488
47600,0.180,0.339,0.481
47800,0.176,0.351,0.473
48000,0.180,0.346,0.474
48200,0.175,0.356,0.469
48400,0.171,0.380,0.449
48600,0.172,0.372,0.457
48800,0.163,0.372,0.465
49000,0.151,0.374,0.475
49200,0.159,0.367,0.474
49400,0.152,0.376,0.472
49600,0.156,0.386,0.458
49800,0.159,0.374,0.467
50000,0.176,0.372,0.453
50200,0.178,0.382,0.440
50400,0.176,0.382,0.442
50600,0.180,0.378,0.442
50800,0.166,0.360,0.474
51000,0.155,0.354,0.490
51200,0.158,0.366,0.476
51400,0.176,0.346,0.478
51600,0.178,0.365,0.458
51800,0.176,0.363,0.462
52000,0.189,0.359,0.453
52200,0.188,0.352,0.460
52400,0.195,0.343,0.462
52600,0.179,0.344,0.477
52800,0.178,0.346,0.476
53000,0.195,0.335,0.470
53200,0.205,0.317,0.478
53400,0.208,0.320,0.472
53600,0.195,0.324,0.481
53800,0.206,0.328,0.466
54000,0.211,0.324,0.465
54200,0.227,0.321,0.453
54400,0.225,0.307,0.468
54600,0.218,0.308,0.474
54800,0.225,0.314,0.462
55000,0.217,0.317,0.467
55200,0.221,0.318,0.462
55400,0.218,0.321,0.462
55600,0.216,0.313,0.472
55800,0.207,0.304,0.488
56000,0.222,0.300,0.478
56200,0.212,0.306,0.481
56400,0.221,0.299,0.480
56600,0.208,0.308,0.483
56800,0.204,0.311,0.485
57000,0.203,0.319,0.478
57200,0.209,0.314,0.477
57400,0.213,0.293,0.493
57600,0.201,0.291,0.508
57800,0.199,0.297,0.504
58000,0.194,0.298,0.508
58200,0.198,0.316,0.486
58400,0.188,0.315,0.497
58600,0.190,0.340,0.470
58800,0.182,0.331,0.487
59000,0.180,0.324,0.496
59200,0.179,0.331,0.490
59400,0.189,0.332,0.479
59600,0.176,0.335,0.489
59800,0.184,0.354,0.462
60000,0.181,0.354,0.465
60200,0.174,0.343,0.483
60400,0.164,0.334,0.502
60600,0.160,0.328,0.512
60800,0.163,0.330,0.507
61000,0.166,0.347,0.486
61200,0.169,0.347,0.484
61400,0.163,0.350,0.486
61600,0.180,0.358,0.463
61800,0.192,0.327,0.481
62000,0.188,0.319,0.493
62200,0.206,0.322,0.472
62400,0.203,0.293,0.504
62600,0.200,0.301,0.498
62800,0.187,0.301,0.512
63000,0.195,0.296,0.509
63200,0.184,0.296,0.520
63400,0.204,0.290,0.506
63600,0.209,0.306,0.484
63800,0.211,0.308,0.480
64000,0.219,0.294,0.487
64200,0.232,0.289,0.479
64400,0.205,0.286,0.509
64600,0.206,0.303,0.490
64800,0.189,0.315,0.496
65000,0.180,0.309,0.511
65200,0.184,0.327,0.489
65400,0.187,0.324,0.489
65600,0.198,0.317,0.485
65800,0.199,0.302,0.498
66000,0.221,0.298,0.481
66200,0.225,0.294,0.481
66400,0.236,0.299,0.465
66600,0.226,0.304,0.470
66800,0.212,0.312,0.476
67000,0.205,0.290,0.505
67200,0.202,0.304,0.493
67400,0.218,0.298,0.484
67600,0.212,0.303,0.484
67800,0.225,0.306,0.469
68000,0.218,0.306,0.476
68200,0.220,0.321,0.460
68400,0.216,0.309,0.475
68600,0.211,0.315,0.474
68800,0.216,0.303,0.481
69000,0.205,0.295,0.499
69200,0.234,0.299,0.467
69400,0.237,0.269,0.494
69600,0.245,0.267,0.488
69800,0.231,0.269,0.501
70000,0.243,0.260,0.496
70200,0.239,0.258,0.503
70400,0.238,0.267,0.495
70600,0.237,0.278,0.485
70800,0.223,0.276,0.502
71000,0.231,0.276,0.493
71200,0.223,0.264,0.514
71400,0.236,0.270,0.494
71600,0.232,0.277,0.491
71800,0.252,0.278,0.470
72000,0.215,0.271,0.515
72200,0.226,0.270,0.505
72400,0.228,0.277,0.495
72600,0.230,0.271,0.499
72800,0.209,0.280,0.511
73000,0.226,0.276,0.498
73200,0.215,0.290,0.495
73400,0.227,0.301,0.472
73600,0.217,0.300,0.483
73800,0.210,0.295,0.494
74000,0.210,0.281,0.509
74200,0.210,0.281,0.509
74400,0.210,0.274,0.516
74600,0.212,0.273,0.515
74800,0.220,0.272,0.509
75000,0.240,0.266,0.494
75200,0.257,0.267,0.476
75400,0.253,0.269,0.478
75600,0.243,0.266,0.491
75800,0.246,0.266,0.488
76000,0.255,0.269,0.476
76200,0.248,0.273,0.479
76400,0.271,0.289,0.440
76600,0.261,0.290,0.448
76800,0.252,0.288,0.460
77000,0.266,0.288,0.446
77200,0.241,0.295,0.464
77400,0.227,0.302,0.471
77600,0.216,0.299,0.485
77800,0.221,0.296,0.483
78000,0.231,0.303,0.466
78200,0.240,0.287,0.473
78400,0.239,0.287,0.474
78600,0.238,0.285,0.477
78800,0.249,0.275,0.476
79000,0.238,0.274,0.488
79200,0.217,0.275,0.509
79400,0.218,0.273,0.510
79600,0.226,0.286,0.488
79800,0.217,0.315,0.469
80000,0.222,0.324,0.455
80200,0.211,0.319,0.470
80400,0.217,0.332,0.451
80600,0.215,0.307,0.478
80800,0.221,0.292,0.487
81000,0.223,0.291,0.486
81200,0.238,0.292,0.470
81400,0.248,0.285,0.467
81600,0.233,0.277,0.490
81800,0.229,0.279,0.492
82000,0.227,0.271,0.503
82200,0.223,0.253,0.524
82400,0.231,0.259,0.510
82600,0.236,0.253,0.511
82800,0.236,0.256,0.508
83000,0.233,0.258,0.509
83200,0.230,0.255,0.515
83400,0.250,0.247,0.503
83600,0.257,0.250,0.492
83800,0.264,0.249,0.487
84000,0.271,0.264,0.466
84200,0.260,0.277,0.463
84400,0.241,0.274,0.485
84600,0.238,0.277,0.485
84800,0.227,0.279,0.494
85000,0.220,0.273,0.508
85200,0.211,0.268,0.521
85400,0.228,0.271,0.502
85600,0.222,0.274,0.505
85800,0.216,0.287,0.497
86000,0.206,0.278,0.516
86200,0.224,0.288,0.488
86400,0.217,0.287,0.496
86600,0.224,0.280,0.496
86800,0.238,0.279,0.483
87000,0.250,0.280,0.470
87200,0.252,0.285,0.463
87400,0.232,0.289,0.479
87600,0.234,0.288,0.478
87800,0.233,0.288,0.479
88000,0.224,0.285,0.491
88200,0.215,0.277,0.509
88400,0.223,0.274,0.504
88600,0.224,0.275,0.502
88800,0.240,0.283,0.477
89000,0.236,0.285,0.479
89200,0.233,0.283,0.484
89400,0.235,0.283,0.482
89600,0.241,0.284,0.475
89800,0.219,0.286,0.495
90000,0.217,0.287,0.496
90200,0.231,0.289,0.480
90400,0.228,0.287,0.485
90600,0.210,0.284,0.506
90800,0.217,0.279,0.505
91000,0.212,0.274,0.514
91200,0.223,0.276,0.502
91400,0.231,0.271,0.498
91600,0.229,0.279,0.492
91800,0.228,0.283,0.489
92000,0.220,0.280,0.501
92200,0.221,0.278,0.502
92400,0.233,0.267,0.501
92600,0.230,0.268,0.503
92800,0.222,0.274,0.505
93000,0.235,0.272,0.493
93200,0.235,0.268,0.497
93400,0.236,0.261,0.503
93600,0.238,0.266,0.496
93800,0.247,0.268,0.485
94000,0.234,0.272,0.494
94200,0.229,0.271,0.501
94400,0.244,0.273,0.483
94600,0.237,0.286,0.477
94800,0.236,0.275,0.489
95000,0.234,0.267,0.499
95200,0.244,0.271,0.485
95400,0.224,0.271,0.506
95600,0.222,0.259,0.519
95800,0.228,0.279,0.493
96000,0.238,0.282,0.480
96200,0.232,0.287,0.481
96400,0.222,0.283,0.495
96600,0.219,0.270,0.512
96800,0.217,0.272,0.512
97000,0.208,0.276,0.516
97200,0.205,0.272,0.523
97400,0.204,0.272,0.524
97600,0.212,0.270,0.518
97800,0.205,0.271,0.524
98000,0.205,0.266,0.529
98200,0.212,0.278,0.510
98400,0.216,0.276,0.509
98600,0.213,0.266,0.521
98800,0.215,0.272,0.514
99000,0.215,0.261,0.524
99200,0.231,0.250,0.519
99400,0.221,0.257,0.522
99600,0.223,0.257,0.520
99800,0.230,0.266,0.505
100000,0.232,0.261,0.507
100200,0.238,0.267,0.495
100400,0.227,0.272,0.502
100600,0.234,0.267,0.499
100800,0.226,0.250,0.524
101000,0.230,0.241,0.529
101200,0.224,0.255,0.521
101400,0.224,0.248,0.528
101600,0.221,0.250,0.529
101800,0.243,0.255,0.502
102000,0.247,0.261,0.491
102200,0.255,0.263,0.482
102400,0.254,0.265,0.481
102600,0.231,0.249,0.520
102800,0.218,0.257,0.525
103000,0.228,0.258,0.514
103200,0.233,0.265,0.503
103400,0.235,0.261,0.504
103600,0.221,0.252,0.527
103800,0.221,0.260,0.519
104000,0.219,0.264,0.518
104200,0.222,0.253,0.525
104400,0.219,0.249,0.532
104600,0.228,0.244,0.528
104800,0.229,0.257,0.514
105000,0.231,0.247,0.522
105200,0.225,0.257,0.518
105400,0.223,0.265,0.513
105600,0.226,0.267,0.508
105800,0.227,0.252,0.521
106000,0.232,0.235,0.533
106200,0.221,0.242,0.537
106400,0.222,0.235,0.543
106600,0.231,0.260,0.509
106800,0.231,0.261,0.508
107000,0.234,0.246,0.520
107200,0.233,0.245,0.522
107400,0.245,0.234,0.521
107600,0.257,0.232,0.511
107800,0.257,0.230,0.513
108000,0.259,0.239,0.502
108200,0.277,0.239,0.484
108400,0.272,0.236,0.492
108600,0.263,0.240,0.497
108800,0.267,0.238,0.495
109000,0.251,0.239,0.510
109200,0.258,0.238,0.504
109400,0.249,0.238,0.513
109600,0.242,0.243,0.515
109800,0.233,0.241,0.526
110000,0.235,0.240,0.525
110200,0.248,0.244,0.508
110400,0.249,0.239,0.512
110600,0.256,0.246,0.497
110800,0.257,0.240,0.503
111000,0.259,0.240,0.501
111200,0.249,0.244,0.507
111400,0.242,0.232,0.526
111600,0.242,0.239,0.519
111800,0.234,0.232,0.534
112000,0.229,0.238,0.533
112200,0.230,0.236,0.534
112400,0.230,0.239,0.531
112600,0.226,0.252,0.522
112800,0.226,0.243,0.531
113000,0.227,0.235,0.538
113200,0.215,0.243,0.542
113400,0.213,0.254,0.532
113600,0.220,0.242,0.538
113800,0.212,0.256,0.531
114000,0.219,0.253,0.528
114200,0.209,0.249,0.541
114400,0.219,0.242,0.539
114600,0.208,0.247,0.544
114800,0.215,0.265,0.521
115000,0.204,0.256,0.539
115200,0.226,0.263,0.512
115400,0.224,0.261,0.515
115600,0.231,0.263,0.507
115800,0.231,0.264,0.506
116000,0.213,0.261,0.525
116200,0.231,0.254,0.515
116400,0.233,0.252,0.515
116600,0.240,0.249,0.511
116800,0.236,0.256,0.508
117000,0.245,0.251,0.504
117200,0.247,0.241,0.512
117400,0.241,0.234,0.525
117600,0.241,0.226,0.533
117800,0.231,0.228,0.541
118000,0.254,0.226,0.520
118200,0.249,0.230,0.521
118400,0.235,0.243,0.522
118600,0.237,0.237,0.526
118800,0.240,0.235,0.525
119000,0.241,0.232,0.527
119200,0.252,0.236,0.512
119400,0.242,0.225,0.533
119600,0.247,0.238,0.515
119800,0.236,0.239,0.525
120000,0.242,0.242,0.516
120200,0.250,0.245,0.505
120400,0.260,0.227,0.513
120600,0.268,0.229,0.504
120800,0.264,0.229,0.508
121000,0.270,0.229,0.502
121200,0.269,0.232,0.499
121400,0.268,0.228,0.505
121600,0.274,0.230,0.496
121800,0.285,0.230,0.485
122000,0.261,0.225,0.514
122200,0.270,0.218,0.513
122400,0.280,0.221,0.499
122600,0.280,0.222,0.498
122800,0.257,0.240,0.503
123000,0.258,0.248,0.493
123200,0.251,0.246,0.503
123400,0.249,0.237,0.514
123600,0.259,0.238,0.503
123800,0.276,0.225,0.499
124000,0.277,0.229,0.494
124200,0.294,0.223,0.483
124400,0.294,0.229,0.477
124600,0.294,0.228,0.478
124800,0.282,0.231,0.487
125000,0.294,0.226,0.480
125200,0.293,0.215,0.492
125400,0.281,0.220,0.499
125600,0.281,0.212,0.507
125800,0.268,0.219,0.514
126000,0.283,0.211,0.506
126200,0.276,0.216,0.509
126400,0.264,0.210,0.526
126600,0.263,0.222,0.516
126800,0.266,0.217,0.518
127000,0.254,0.218,0.528
127200,0.257,0.228,0.515
127400,0.249,0.232,0.519
127600,0.249,0.234,0.517
127800,0.245,0.236,0.519
128000,0.240,0.238,0.522
128200,0.252,0.246,0.502
128400,0.249,0.242,0.509
128600,0.261,0.233,0.506
128800,0.253,0.236,0.511
129000,0.251,0.246,0.503
129200,0.261,0.236,0.503
129400,0.255,0.243,0.502
129600,0.257,0.240,0.503
129800,0.261,0.257,0.481
130000,0.267,0.245,0.488
130200,0.272,0.248,0.480
130400,0.275,0.227,0.498
130600,0.284,0.222,0.494
130800,0.308,0.229,0.463
131000,0.320,0.217,0.464
131200,0.321,0.218,0.462
131400,0.297,0.224,0.479
131600,0.300,0.220,0.480
131800,0.281,0.223,0.496
132000,0.271,0.227,0.503
132200,0.268,0.232,0.501
132400,0.269,0.235,0.496
132600,0.280,0.250,0.470
132800,0.264,0.248,0.488
133000,0.268,0.261,0.471
133200,0.258,0.250,0.491
133400,0.260,0.251,0.488
133600,0.254,0.253,0.492
133800,0.245,0.242,0.513
134000,0.245,0.241,0.514
134200,0.226,0.234,0.540
134400,0.230,0.241,0.529
134600,0.234,0.228,0.538
134800,0.232,0.232,0.536
135000,0.244,0.225,0.531
135200,0.231,0.230,0.539
135400,0.223,0.226,0.552
135600,0.215,0.256,0.529
135800,0.205,0.250,0.544
136000,0.212,0.258,0.529
136200,0.221,0.255,0.524
136400,0.226,0.241,0.533
136600,0.224,0.243,0.533
136800,0.229,0.233,0.538
137000,0.243,0.223,0.534
137200,0.252,0.235,0.513
137400,0.241,0.242,0.517
137600,0.231,0.236,0.533
137800,0.247,0.223,0.530
138000,0.249,0.232,0.519
138200,0.238,0.242,0.520
138400,0.246,0.240,0.514
138600,0.254,0.245,0.501
138800,0.246,0.234,0.520
139000,0.229,0.229,0.542
139200,0.236,0.242,0.522
139400,0.226,0.246,0.528
139600,0.225,0.239,0.536
139800,0.227,0.243,0.530
140000,0.240,0.234,0.526
140200,0.242,0.225,0.533
140400,0.250,0.234,0.516
140600,0.260,0.228,0.512
140800,0.244,0.220,0.536
141000,0.230,0.218,0.553
141200,0.239,0.215,0.546
141400,0.237,0.231,0.532
141600,0.246,0.228,0.526
141800,0.251,0.235,0.514
142000,0.249,0.228,0.523
142200,0.237,0.235,0.528
142400,0.258,0.232,0.510
142600,0.231,0.242,0.527
142800,0.223,0.249,0.528
143000,0.234,0.237,0.529
143200,0.243,0.237,0.520
143400,0.244,0.221,0.535
143600,0.241,0.234,0.525
143800,0.241,0.242,0.517
144000,0.237,0.239,0.524
144200,0.247,0.249,0.504
144400,0.243,0.253,0.504
144600,0.240,0.237,0.523
144800,0.236,0.236,0.528
145000,0.241,0.238,0.521
145200,0.254,0.246,0.499
145400,0.267,0.237,0.496
145600,0.270,0.227,0.504
145800,0.266,0.227,0.508
146000,0.273,0.223,0.505
146200,0.276,0.216,0.509
146400,0.274,0.209,0.517
146600,0.288,0.235,0.477
146800,0.273,0.245,0.482
147000,0.256,0.246,0.497
147200,0.267,0.244,0.489
147400,0.256,0.255,0.488
147600,0.242,0.255,0.503
147800,0.238,0.254,0.508
148000,0.241,0.260,0.498
148200,0.236,0.253,0.511
148400,0.234,0.260,0.506
148600,0.227,0.263,0.511
148800,0.229,0.270,0.502
149000,0.231,0.264,0.506
149200,0.233,0.267,0.501
149400,0.253,0.267,0.480
149600,0.253,0.252,0.494
149800,0.264,0.243,0.493
150000,0.261,0.239,0.499
150200,0.270,0.239,0.491
150400,0.258,0.238,0.504
150600,0.259,0.221,0.520
150800,0.277,0.227,0.496
151000,0.265,0.221,0.515
151200,0.257,0.223,0.520
151400,0.260,0.223,0.517
151600,0.286,0.217,0.497
151800,0.284,0.216,0.501
152000,0.291,0.207,0.502
152200,0.289,0.204,0.507
152400,0.290,0.200,0.510
152600,0.299,0.198,0.503
152800,0.286,0.196,0.518
153000,0.280,0.201,0.519
153200,0.300,0.203,0.496
153400,0.276,0.210,0.514
153600,0.283,0.208,0.509
153800,0.285,0.212,0.503
154000,0.285,0.213,0.502
154200,0.292,0.200,0.508
154400,0.273,0.204,0.523
154600,0.281,0.205,0.514
154800,0.278,0.213,0.509
155000,0.289,0.209,0.502
155200,0.300,0.211,0.488
155400,0.295,0.212,0.492
155600,0.288,0.216,0.496
155800,0.293,0.217,0.490
156000,0.298,0.216,0.486
156200,0.296,0.231,0.473
156400,0.311,0.234,0.456
156600,0.301,0.228,0.471
156800,0.298,0.231,0.471
157000,0.298,0.230,0.472
157200,0.301,0.228,0.471
157400,0.291,0.241,0.468
157600,0.281,0.243,0.476
157800,0.276,0.226,0.498
158000,0.274,0.234,0.492
158200,0.279,0.238,0.483
158400,0.282,0.236,0.482
158600,0.291,0.239,0.470
158800,0.268,0.243,0.489
159000,0.263,0.250,0.487
159200,0.251,0.263,0.486
159400,0.241,0.247,0.512
159600,0.255,0.239,0.506
159800,0.261,0.229,0.510
160000,0.264,0.221,0.516
160200,0.284,0.230,0.486
160400,0.285,0.239,0.476
160600,0.277,0.238,0.485
160800,0.266,0.232,0.503
161000,0.271,0.240,0.489
161200,0.267,0.241,0.492
161400,0.281,0.252,0.467
161600,0.290,0.247,0.463
161800,0.296,0.244,0.460
162000,0.292,0.246,0.462
162200,0.293,0.236,0.471
162400,0.300,0.233,0.467
162600,0.290,0.255,0.455
162800,0.289,0.240,0.471
163000,0.291,0.248,0.461
163200,0.301,0.235,0.464
163400,0.294,0.244,0.462
163600,0.290,0.240,0.470
163800,0.281,0.235,0.484
164000,0.285,0.235,0.480
164200,0.269,0.239,0.492
164400,0.268,0.245,0.487
164600,0.255,0.238,0.507
164800,0.255,0.260,0.484
165000,0.266,0.256,0.478
165200,0.257,0.230,0.513
165400,0.241,0.235,0.524
165600,0.251,0.235,0.514
165800,0.248,0.226,0.526
166000,0.258,0.218,0.524
166200,0.251,0.215,0.534
166400,0.263,0.211,0.526
166600,0.252,0.222,0.526
166800,0.257,0.226,0.517
167000,0.253,0.228,0.519
167200,0.273,0.220,0.508
167400,0.272,0.225,0.504
167600,0.279,0.227,0.494
167800,0.276,0.222,0.503
168000,0.265,0.225,0.511
168200,0.257,0.231,0.512
168400,0.249,0.231,0.520
168600,0.249,0.237,0.514
168800,0.257,0.242,0.501
169000,0.266,0.260,0.474
169200,0.271,0.250,0.479
169400,0.251,0.256,0.492
169600,0.242,0.264,0.494
169800,0.244,0.278,0.478
170000,0.237,0.289,0.474
170200,0.225,0.273,0.503
170400,0.236,0.268,0.496
170600,0.238,0.268,0.494
170800,0.213,0.264,0.523
171000,0.224,0.253,0.523
171200,0.222,0.268,0.511
171400,0.223,0.273,0.505
171600,0.226,0.273,0.502
171800,0.236,0.284,0.480
172000,0.240,0.284,0.476
172200,0.239,0.272,0.489
172400,0.245,0.256,0.498
172600,0.247,0.248,0.505
172800,0.243,0.239,0.518
173000,0.240,0.235,0.525
173200,0.244,0.227,0.529
173400,0.238,0.242,0.520
173600,0.236,0.240,0.524
173800,0.250,0.229,0.521
174000,0.265,0.224,0.512
174200,0.278,0.217,0.506
174400,0.287,0.211,0.502
174600,0.282,0.216,0.503
174800,0.275,0.226,0.499
175000,0.281,0.219,0.501
175200,0.278,0.230,0.492
175400,0.266,0.220,0.515
175600,0.267,0.213,0.520
175800,0.280,0.217,0.504
176000,0.270,0.217,0.514
176200,0.280,0.210,0.510
176400,0.278,0.203,0.519
176600,0.285,0.209,0.506
176800,0.283,0.227,0.490
177000,0.277,0.232,0.491
177200,0.274,0.224,0.503
177400,0.266,0.234,0.501
177600,0.282,0.224,0.494
177800,0.271,0.226,0.504
178000,0.254,0.212,0.533
178200,0.250,0.226,0.524
178400,0.254,0.229,0.517
178600,0.257,0.242,0.501
178800,0.258,0.240,0.502
179000,0.249,0.232,0.519
179200,0.253,0.228,0.519
179400,0.257,0.236,0.507
179600,0.249,0.217,0.534
179800,0.249,0.216,0.535
180000,0.252,0.212,0.535
180200,0.279,0.230,0.491
180400,0.271,0.213,0.516
180600,0.273,0.213,0.514
180800,0.276,0.212,0.512
181000,0.276,0.221,0.504
181200,0.279,0.217,0.505
181400,0.274,0.215,0.512
181600,0.265,0.228,0.508
181800,0.266,0.224,0.511
182000,0.256,0.235,0.509
182200,0.249,0.226,0.525
182400,0.246,0.219,0.535
182600,0.238,0.225,0.537
182800,0.242,0.219,0.539
183000,0.244,0.220,0.536
183200,0.255,0.213,0.531
183400,0.260,0.221,0.519
183600,0.252,0.224,0.524
183800,0.255,0.226,0.519
184000,0.259,0.223,0.518
184200,0.268,0.224,0.509
184400,0.257,0.228,0.515
184600,0.253,0.224,0.523
184800,0.246,0.229,0.525
185000,0.244,0.235,0.521
185200,0.250,0.244,0.506
185400,0.245,0.244,0.511
185600,0.241,0.235,0.524
185800,0.239,0.250,0.511
186000,0.231,0.228,0.541
186200,0.209,0.232,0.559
186400,0.216,0.233,0.552
186600,0.221,0.235,0.544
186800,0.229,0.226,0.545
187000,0.233,0.233,0.534
187200,0.237,0.237,0.526
187400,0.236,0.232,0.532
187600,0.233,0.224,0.543
187800,0.233,0.237,0.530
188000,0.237,0.246,0.517
188200,0.233,0.248,0.519
188400,0.227,0.234,0.539
188600,0.220,0.244,0.536
188800,0.211,0.263,0.526
189000,0.209,0.251,0.539
189200,0.211,0.256,0.532
189400,0.218,0.257,0.525
189600,0.225,0.252,0.523
189800,0.221,0.259,0.520
190000,0.213,0.253,0.533
190200,0.210,0.244,0.545
190400,0.200,0.236,0.564
190600,0.195,0.235,0.570
190800,0.208,0.248,0.543
191000,0.201,0.269,0.530
191200,0.204,0.263,0.533
191400,0.206,0.271,0.523
191600,0.205,0.273,0.522
191800,0.215,0.267,0.519
192000,0.219,0.266,0.516
192200,0.225,0.252,0.523
192400,0.233,0.268,0.499
192600,0.226,0.254,0.520
192800,0.223,0.239,0.538
193000,0.219,0.252,0.529
193200,0.226,0.260,0.514
193400,0.222,0.294,0.484
193600,0.202,0.307,0.490
193800,0.201,0.315,0.484
194000,0.198,0.296,0.506
194200,0.212,0.289,0.498
194400,0.215,0.289,0.496
194600,0.210,0.296,0.493
194800,0.210,0.286,0.504
195000,0.217,0.287,0.496
195200,0.208,0.280,0.512
195400,0.218,0.260,0.522
195600,0.224,0.256,0.520
195800,0.236,0.252,0.512
196000,0.220,0.230,0.551
196200,0.220,0.246,0.534
196400,0.217,0.249,0.534
196600,0.221,0.230,0.550
196800,0.225,0.223,0.553
197000,0.225,0.222,0.554
197200,0.219,0.227,0.555
197400,0.212,0.234,0.554
197600,0.239,0.230,0.531
197800,0.236,0.233,0.531
198000,0.225,0.243,0.532
198200,0.209,0.231,0.560
198400,0.225,0.240,0.535
198600,0.226,0.236,0.538
198800,0.236,0.230,0.534
199000,0.226,0.228,0.546
199200,0.228,0.230,0.542
199400,0.231,0.218,0.552
199600,0.247,0.230,0.523
199800,0.245,0.213,0.541
200000,0.258,0.210,0.531
200200,0.277,0.211,0.512
200400,0.271,0.209,0.520
200600,0.268,0.215,0.518
200800,0.276,0.210,0.514
201000,0.270,0.199,0.531
201200,0.259,0.197,0.543
201400,0.261,0.206,0.532
201600,0.265,0.204,0.531
201800,0.283,0.204,0.513
202000,0.269,0.217,0.515
202200,0.271,0.211,0.518
202400,0.268,0.204,0.528
202600,0.282,0.197,0.521
202800,0.279,0.203,0.518
203000,0.292,0.211,0.496
203200,0.293,0.217,0.490
203400,0.295,0.203,0.502
203600,0.298,0.210,0.491
203800,0.309,0.205,0.485
204000,0.306,0.198,0.495
204200,0.291,0.201,0.508
204400,0.296,0.196,0.508
204600,0.293,0.194,0.513
204800,0.270,0.201,0.529
205000,0.276,0.207,0.517
205200,0.258,0.220,0.522
205400,0.257,0.217,0.526
205600,0.245,0.233,0.522
205800,0.246,0.226,0.528
206000,0.247,0.231,0.522
206200,0.228,0.222,0.551
206400,0.231,0.240,0.529
206600,0.228,0.238,0.534
206800,0.240,0.228,0.532
207000,0.251,0.223,0.526
207200,0.266,0.217,0.518
207400,0.273,0.224,0.504
207600,0.260,0.212,0.527
207800,0.266,0.206,0.528
208000,0.263,0.206,0.531
208200,0.243,0.206,0.551
208400,0.237,0.230,0.533
208600,0.248,0.234,0.518
208800,0.226,0.224,0.551
209000,0.223,0.223,0.555
209200,0.217,0.228,0.556
209400,0.215,0.227,0.559
209600,0.217,0.224,0.560
209800,0.227,0.227,0.546
210000,0.208,0.239,0.553
210200,0.207,0.244,0.549
210400,0.221,0.236,0.543
210600,0.212,0.248,0.539
210800,0.210,0.245,0.544
211000,0.201,0.256,0.542
211200,0.206,0.257,0.536
211400,0.209,0.283,0.508
211600,0.197,0.286,0.517
211800,0.213,0.272,0.515
212000,0.212,0.255,0.532
212200,0.211,0.255,0.533
212400,0.221,0.243,0.536
212600,0.220,0.238,0.542
212800,0.208,0.241,0.551
213000,0.212,0.242,0.545
213200,0.203,0.244,0.553
213400,0.206,0.254,0.539
213600,0.208,0.244,0.547
213800,0.206,0.238,0.556
214000,0.216,0.230,0.555
214200,0.212,0.233,0.555
214400,0.224,0.237,0.539
214600,0.213,0.241,0.545
214800,0.206,0.240,0.554
215000,0.209,0.239,0.552
215200,0.206,0.235,0.559
215400,0.204,0.245,0.551
215600,0.193,0.249,0.558
215800,0.186,0.251,0.563
216000,0.191,0.245,0.564
216200,0.193,0.250,0.557
216400,0.190,0.233,0.577
216600,0.193,0.233,0.574
216800,0.189,0.249,0.562
217000,0.180,0.261,0.559
217200,0.181,0.257,0.562
217400,0.189,0.264,0.547
217600,0.176,0.275,0.550
217800,0.178,0.270,0.553
218000,0.174,0.263,0.564
218200,0.180,0.263,0.558
218400,0.190,0.259,0.551
218600,0.185,0.254,0.561
218800,0.194,0.256,0.550
219000,0.202,0.245,0.553
219200,0.206,0.251,0.542
219400,0.211,0.244,0.544
219600,0.211,0.238,0.551
219800,0.212,0.227,0.561
220000,0.198,0.230,0.572
220200,0.199,0.234,0.567
220400,0.202,0.231,0.567
220600,0.192,0.222,0.586
220800,0.188,0.220,0.592
221000,0.203,0.238,0.559
221200,0.202,0.235,0.563
221400,0.200,0.231,0.569
221600,0.216,0.222,0.563
221800,0.218,0.228,0.555
222000,0.220,0.229,0.552
222200,0.216,0.221,0.564
222400,0.216,0.238,0.546
222600,0.206,0.241,0.553
222800,0.202,0.231,0.567
223000,0.190,0.249,0.561
223200,0.197,0.251,0.552
223400,0.209,0.237,0.554
223600,0.225,0.236,0.539
223800,0.251,0.207,0.541
224000,0.251,0.194,0.555
224200,0.240,0.216,0.544
224400,0.247,0.222,0.531
224600,0.241,0.227,0.532
224800,0.245,0.226,0.529
225000,0.242,0.225,0.533
225200,0.249,0.219,0.532
225400,0.254,0.208,0.537
225600,0.260,0.215,0.525
225800,0.267,0.215,0.519
226000,0.259,0.212,0.528
226200,0.263,0.218,0.520
226400,0.259,0.216,0.525
226600,0.278,0.205,0.517
226800,0.260,0.210,0.529
227000,0.252,0.219,0.529
227200,0.257,0.200,0.542
227400,0.268,0.185,0.547
227600,0.267,0.188,0.545
227800,0.267,0.188,0.545
228000,0.270,0.188,0.542
228200,0.252,0.183,0.565
228400,0.245,0.188,0.567
228600,0.239,0.180,0.581
228800,0.235,0.183,0.582
229000,0.259,0.174,0.567
229200,0.257,0.174,0.569
229400,0.259,0.179,0.562
229600,0.260,0.178,0.562
229800,0.261,0.175,0.564
230000,0.260,0.179,0.561
230200,0.251,0.193,0.556
230400,0.254,0.199,0.546
230600,0.240,0.197,0.563
230800,0.243,0.229,0.528
231000,0.257,0.222,0.521
231200,0.253,0.228,0.519
231400,0.271,0.230,0.499
231600,0.263,0.229,0.509
231800,0.253,0.237,0.510
232000,0.252,0.244,0.504
232200,0.250,0.224,0.526
232400,0.244,0.220,0.536
232600,0.238,0.225,0.537
232800,0.242,0.224,0.534
233000,0.242,0.222,0.536
233200,0.237,0.222,0.541
233400,0.257,0.203,0.539
233600,0.274,0.198,0.528
233800,0.272,0.206,0.522
234000,0.263,0.204,0.533
234200,0.256,0.210,0.533
234400,0.245,0.202,0.553
234600,0.246,0.199,0.555
234800,0.242,0.197,0.561
235000,0.239,0.205,0.556
235200,0.245,0.212,0.542
235400,0.240,0.213,0.546
235600,0.237,0.202,0.561
235800,0.239,0.204,0.557
236000,0.247,0.199,0.554
236200,0.236,0.204,0.560
236400,0.240,0.205,0.555
236600,0.241,0.199,0.560
236800,0.226,0.207,0.567
237000,0.231,0.206,0.563
237200,0.244,0.215,0.541
237400,0.246,0.209,0.544
237600,0.244,0.198,0.558
237800,0.245,0.202,0.553
238000,0.250,0.199,0.551
238200,0.253,0.197,0.550
238400,0.260,0.209,0.530
238600,0.268,0.216,0.517
238800,0.252,0.217,0.531
239000,0.249,0.216,0.535
239200,0.254,0.199,0.546
239400,0.246,0.207,0.546
239600,0.257,0.211,0.531
239800,0.260,0.205,0.534
240000,0.264,0.211,0.525
240200,0.266,0.219,0.516
240400,0.249,0.227,0.524
240600,0.241,0.233,0.526
240800,0.244,0.237,0.519
241000,0.248,0.229,0.523
241200,0.252,0.223,0.525
241400,0.251,0.222,0.527
241600,0.236,0.212,0.552
241800,0.249,0.216,0.535
242000,0.250,0.216,0.534
242200,0.256,0.215,0.529
242400,0.273,0.199,0.528
242600,0.281,0.190,0.529
242800,0.274,0.184,0.542
243000,0.277,0.203,0.520
243200,0.261,0.193,0.545
243400,0.270,0.194,0.536
243600,0.264,0.189,0.547
243800,0.265,0.199,0.536
244000,0.258,0.203,0.538
244200,0.265,0.198,0.537
244400,0.260,0.191,0.549
244600,0.247,0.198,0.555
244800,0.235,0.198,0.567
245000,0.238,0.197,0.565
245200,0.228,0.203,0.569
245400,0.225,0.195,0.580
245600,0.239,0.193,0.568
245800,0.247,0.203,0.550
246000,0.242,0.205,0.553
246200,0.248,0.203,0.549
246400,0.269,0.199,0.532
246600,0.263,0.200,0.537
246800,0.253,0.202,0.544
247000,0.243,0.198,0.559
247200,0.241,0.208,0.551
247400,0.247,0.224,0.529
247600,0.257,0.222,0.521
247800,0.263,0.215,0.523
248000,0.249,0.217,0.534
248200,0.266,0.206,0.528
248400,0.265,0.205,0.530
248600,0.265,0.194,0.541
248800,0.273,0.186,0.541
249000,0.274,0.184,0.542
249200,0.292,0.186,0.522
249400,0.281,0.196,0.523
249600,0.275,0.179,0.546
249800,0.279,0.172,0.550
250000,0.293,0.178,0.529
250200,0.288,0.185,0.527
250400,0.287,0.185,0.528
250600,0.288,0.188,0.524
250800,0.284,0.181,0.535
251000,0.272,0.181,0.547
251200,0.259,0.189,0.552
251400,0.278,0.184,0.538
251600,0.290,0.200,0.510
251800,0.287,0.207,0.506
252000,0.278,0.204,0.518
252200,0.304,0.192,0.504
252400,0.325,0.188,0.487
252600,0.327,0.205,0.468
252800,0.315,0.195,0.490
253000,0.308,0.196,0.495
253200,0.299,0.194,0.507
253400,0.292,0.204,0.504
253600,0.301,0.200,0.498
253800,0.276,0.208,0.516
254000,0.266,0.218,0.517
254200,0.264,0.217,0.520
254400,0.252,0.203,0.544
254600,0.257,0.208,0.534
254800,0.263,0.200,0.537
255000,0.267,0.204,0.529
255200,0.269,0.199,0.532
255400,0.276,0.201,0.523
255600,0.270,0.210,0.520
255800,0.272,0.209,0.519
256000,0.270,0.205,0.525
256200,0.261,0.202,0.536
256400,0.259,0.191,0.550
256600,0.265,0.199,0.536
256800,0.271,0.211,0.518
257000,0.259,0.218,0.523
257200,0.246,0.207,0.546
257400,0.272,0.201,0.527
257600,0.271,0.213,0.516
257800,0.243,0.207,0.550
258000,0.237,0.204,0.559
258200,0.256,0.216,0.528
258400,0.232,0.221,0.547
258600,0.228,0.234,0.538
258800,0.238,0.226,0.536
259000,0.250,0.220,0.530
259200,0.245,0.216,0.539
259400,0.247,0.215,0.538
259600,0.254,0.213,0.532
259800,0.241,0.228,0.531
260000,0.245,0.222,0.533
260200,0.234,0.211,0.555
260400,0.222,0.225,0.554
260600,0.215,0.246,0.539
260800,0.212,0.246,0.541
261000,0.203,0.257,0.539
261200,0.201,0.251,0.547
261400,0.202,0.265,0.533
261600,0.199,0.275,0.526
261800,0.197,0.274,0.529
262000,0.197,0.277,0.526
262200,0.196,0.259,0.544
262400,0.204,0.277,0.519
262600,0.200,0.282,0.518
262800,0.206,0.287,0.507
263000,0.208,0.289,0.503
263200,0.208,0.270,0.522
263400,0.213,0.248,0.538
263600,0.217,0.257,0.526
263800,0.210,0.249,0.540
264000,0.211,0.238,0.551
264200,0.230,0.229,0.541
264400,0.235,0.226,0.539
264600,0.218,0.224,0.559
264800,0.236,0.226,0.538
265000,0.240,0.219,0.541
265200,0.236,0.210,0.554
265400,0.247,0.216,0.537
265600,0.251,0.212,0.536
265800,0.234,0.207,0.559
266000,0.235,0.208,0.557
266200,0.243,0.195,0.562
266400,0.249,0.209,0.541
266600,0.253,0.218,0.529
266800,0.252,0.218,0.530
267000,0.253,0.229,0.518
267200,0.249,0.224,0.527
267400,0.247,0.219,0.534
267600,0.266,0.212,0.522
267800,0.252,0.225,0.523
268000,0.249,0.216,0.535
268200,0.247,0.218,0.535
268400,0.245,0.217,0.538
268600,0.247,0.221,0.532
268800,0.250,0.211,0.538
269000,0.234,0.205,0.561
269200,0.238,0.215,0.547
269400,0.226,0.241,0.533
269600,0.237,0.231,0.532
269800,0.211,0.239,0.550
270000,0.209,0.253,0.537
270200,0.219,0.240,0.541
270400,0.225,0.238,0.537
270600,0.212,0.238,0.550
270800,0.229,0.226,0.545
271000,0.229,0.212,0.559
271200,0.216,0.216,0.569
271400,0.228,0.211,0.561
271600,0.243,0.208,0.549
271800,0.229,0.205,0.566
272000,0.228,0.205,0.567
272200,0.259,0.192,0.549
272400,0.259,0.195,0.545
272600,0.269,0.205,0.526
272800,0.272,0.203,0.525
273000,0.280,0.212,0.508
273200,0.263,0.201,0.536
273400,0.250,0.201,0.549
273600,0.252,0.188,0.560
273800,0.256,0.197,0.546
274000,0.274,0.188,0.538
274200,0.273,0.184,0.543
274400,0.290,0.182,0.528
274600,0.298,0.189,0.513
274800,0.306,0.192,0.502
275000,0.312,0.183,0.506
275200,0.297,0.181,0.522
275400,0.307,0.180,0.513
275600,0.305,0.176,0.519
275800,0.286,0.185,0.529
276000,0.285,0.188,0.527
276200,0.284,0.181,0.535
276400,0.293,0.191,0.516
276600,0.280,0.182,0.538
276800,0.266,0.183,0.552
277000,0.259,0.190,0.551
277200,0.263,0.187,0.551
277400,0.268,0.183,0.550
277600,0.273,0.182,0.545
277800,0.280,0.188,0.532
278000,0.271,0.189,0.540
278200,0.275,0.178,0.547
278400,0.288,0.172,0.540
278600,0.297,0.182,0.521
278800,0.290,0.171,0.539
279000,0.299,0.185,0.516
279200,0.306,0.172,0.522
279400,0.335,0.170,0.495
279600,0.332,0.169,0.499
279800,0.338,0.175,0.487
280000,0.338,0.170,0.492
280200,0.309,0.178,0.513
280400,0.305,0.189,0.506
280600,0.298,0.203,0.498
280800,0.292,0.188,0.520
281000,0.283,0.188,0.529
281200,0.270,0.186,0.544
281400,0.278,0.204,0.518
281600,0.280,0.209,0.511
281800,0.272,0.204,0.524
282000,0.271,0.199,0.530
282200,0.263,0.198,0.539
282400,0.258,0.193,0.549
282600,0.256,0.192,0.552
282800,0.272,0.182,0.546
283000,0.287,0.174,0.539
283200,0.290,0.182,0.528
283400,0.288,0.188,0.524
283600,0.279,0.180,0.541
283800,0.271,0.186,0.543
284000,0.276,0.176,0.549
284200,0.275,0.181,0.544
284400,0.276,0.186,0.538
284600,0.289,0.176,0.535
284800,0.318,0.166,0.516
285000,0.318,0.162,0.520
285200,0.308,0.162,0.529
285400,0.320,0.157,0.523
285600,0.325,0.160,0.515
285800,0.308,0.151,0.540
286000,0.291,0.157,0.552
286200,0.295,0.169,0.536
286400,0.288,0.180,0.532
286600,0.277,0.171,0.553
286800,0.282,0.171,0.547
287000,0.264,0.182,0.555
287200,0.260,0.175,0.565
287400,0.271,0.172,0.558
287600,0.274,0.177,0.550
287800,0.274,0.182,0.544
288000,0.276,0.189,0.535
288200,0.249,0.194,0.557
288400,0.240,0.186,0.574
288600,0.244,0.189,0.567
288800,0.285,0.180,0.535
289000,0.278,0.191,0.531
289200,0.266,0.185,0.550
289400,0.287,0.189,0.524
289600,0.284,0.193,0.523
289800,0.266,0.187,0.547
290000,0.272,0.201,0.527
290200,0.268,0.192,0.540
290400,0.266,0.194,0.540
290600,0.255,0.179,0.566
290800,0.258,0.181,0.561
291000,0.244,0.178,0.578
291200,0.255,0.163,0.581
291400,0.268,0.163,0.569
291600,0.269,0.174,0.558
291800,0.275,0.181,0.544
292000,0.267,0.176,0.558
292200,0.273,0.173,0.555
292400,0.273,0.192,0.535
292600,0.270,0.172,0.559
292800,0.266,0.188,0.546
293000,0.248,0.180,0.572
293200,0.254,0.187,0.559
293400,0.248,0.188,0.564
293600,0.247,0.203,0.550
293800,0.251,0.203,0.545
294000,0.245,0.202,0.553
294200,0.256,0.200,0.543
294400,0.253,0.193,0.554
294600,0.257,0.183,0.560
294800,0.277,0.179,0.544
295000,0.280,0.168,0.553
295200,0.273,0.178,0.550
295400,0.267,0.184,0.550
295600,0.264,0.189,0.547
295800,0.263,0.199,0.538
296000,0.267,0.194,0.539
296200,0.268,0.191,0.541
296400,0.259,0.194,0.546
296600,0.275,0.180,0.545
296800,0.272,0.169,0.560
297000,0.279,0.172,0.550
297200,0.274,0.177,0.550
297400,0.274,0.165,0.561
297600,0.256,0.159,0.584
297800,0.263,0.171,0.567
298000,0.289,0.171,0.540
298200,0.300,0.168,0.532
298400,0.300,0.161,0.538
298600,0.290,0.160,0.550
298800,0.307,0.148,0.544
299000,0.283,0.153,0.564
299200,0.282,0.157,0.561
299400,0.285,0.166,0.549
299600,0.295,0.172,0.533
299800,0.313,0.166,0.521
300000,0.308,0.164,0.527
300200,0.304,0.165,0.530
300400,0.300,0.161,0.538
300600,0.297,0.169,0.534
300800,0.292,0.161,0.546
301000,0.265,0.169,0.567
301200,0.257,0.179,0.564
301400,0.259,0.169,0.572
301600,0.270,0.162,0.568
301800,0.263,0.177,0.561
302000,0.263,0.171,0.567
302200,0.266,0.175,0.560
302400,0.279,0.176,0.545
302600,0.271,0.163,0.566
302800,0.272,0.175,0.554
303000,0.277,0.195,0.528
303200,0.292,0.185,0.523
303400,0.283,0.206,0.511
303600,0.286,0.198,0.516
303800,0.300,0.189,0.511
304000,0.305,0.182,0.513
304200,0.308,0.184,0.508
304400,0.312,0.184,0.505
304600,0.292,0.189,0.519
304800,0.296,0.180,0.524
305000,0.314,0.169,0.518
305200,0.317,0.168,0.516
305400,0.325,0.157,0.518
305600,0.330,0.154,0.516
305800,0.333,0.150,0.517
306000,0.347,0.145,0.508
306200,0.359,0.158,0.483
306400,0.369,0.153,0.478
306600,0.367,0.151,0.482
306800,0.359,0.145,0.496
307000,0.366,0.149,0.485
307200,0.358,0.147,0.495
307400,0.368,0.147,0.485
307600,0.368,0.142,0.490
307800,0.385,0.139,0.476
308000,0.365,0.139,0.496
308200,0.367,0.137,0.496
308400,0.364,0.144,0.492
308600,0.365,0.132,0.504
308800,0.362,0.144,0.494
309000,0.354,0.151,0.494
309200,0.338,0.159,0.503
309400,0.345,0.160,0.494
309600,0.335,0.155,0.510
309800,0.320,0.151,0.529
310000,0.314,0.162,0.524
310200,0.304,0.153,0.542
310400,0.319,0.153,0.528
310600,0.325,0.158,0.517
310800,0.313,0.154,0.533
311000,0.307,0.163,0.529
311200,0.303,0.163,0.533
311400,0.300,0.169,0.531
311600,0.281,0.176,0.543
311800,0.296,0.175,0.529
312000,0.292,0.174,0.534
312200,0.293,0.179,0.528
312400,0.286,0.175,0.539
312600,0.292,0.169,0.539
312800,0.295,0.155,0.550
313000,0.284,0.149,0.567
313200,0.288,0.158,0.554
313400,0.298,0.160,0.541
313600,0.290,0.162,0.547
313800,0.288,0.164,0.547
314000,0.280,0.173,0.547
314200,0.282,0.168,0.551
314400,0.266,0.175,0.560
314600,0.260,0.170,0.570
314800,0.255,0.178,0.567
315000,0.255,0.183,0.562
315200,0.260,0.184,0.556
315400,0.263,0.178,0.560
315600,0.257,0.168,0.575
315800,0.266,0.174,0.561
316000,0.256,0.181,0.563
316200,0.266,0.184,0.551
316400,0.263,0.178,0.560
316600,0.245,0.170,0.585
316800,0.263,0.178,0.560
317000,0.247,0.157,0.596
317200,0.260,0.152,0.587
317400,0.272,0.155,0.573
317600,0.271,0.159,0.570
317800,0.263,0.171,0.567
318000,0.268,0.173,0.560
318200,0.273,0.165,0.562
318400,0.282,0.172,0.546
318600,0.267,0.178,0.556
318800,0.277,0.175,0.549
319000,0.282,0.174,0.544
319200,0.274,0.182,0.544
319400,0.267,0.181,0.553
319600,0.261,0.192,0.546
319800,0.248,0.196,0.556
320000,0.252,0.190,0.558
320200,0.255,0.182,0.563
320400,0.270,0.194,0.536
320600,0.269,0.191,0.540
320800,0.299,0.188,0.513
321000,0.288,0.181,0.531
321200,0.267,0.208,0.525
321400,0.256,0.209,0.534
321600,0.255,0.204,0.540
321800,0.261,0.205,0.533
322000,0.257,0.194,0.549
322200,0.260,0.180,0.560
322400,0.255,0.182,0.563
322600,0.268,0.181,0.552
322800,0.258,0.181,0.561
323000,0.268,0.204,0.528
323200,0.268,0.199,0.533
323400,0.273,0.200,0.527
323600,0.278,0.198,0.524
323800,0.280,0.191,0.529
324000,0.307,0.191,0.502
324200,0.300,0.168,0.532
