time,n_A+p,n_B,n_AB
100,0.030,0.969,0.001
200,0.030,0.965,0.005
300,0.030,0.963,0.007
400,0.030,0.963,0.007
500,0.030,0.962,0.008
600,0.030,0.960,0.010
700,0.030,0.956,0.014
800,0.030,0.954,0.016
900,0.030,0.955,0.015
1000,0.030,0.953,0.017
1100,0.030,0.954,0.016
1200,0.030,0.951,0.019
1300,0.030,0.951,0.019
1400,0.031,0.946,0.023
1500,0.031,0.946,0.023
1600,0.030,0.941,0.030
1700,0.030,0.942,0.029
1800,0.030,0.940,0.031
1900,0.032,0.939,0.030
2000,0.033,0.938,0.030
2100,0.034,0.934,0.033
2200,0.033,0.930,0.038
2300,0.034,0.916,0.050
2400,0.033,0.919,0.048
2500,0.030,0.921,0.049
2600,0.031,0.917,0.052
2700,0.035,0.905,0.060
2800,0.034,0.899,0.067
2900,0.033,0.894,0.074
3000,0.034,0.904,0.062
3100,0.034,0.910,0.056
3200,0.033,0.912,0.055
3300,0.034,0.916,0.050
3400,0.034,0.911,0.055
3500,0.034,0.915,0.051
3600,0.033,0.901,0.066
3700,0.033,0.909,0.058
3800,0.033,0.901,0.066
3900,0.034,0.904,0.062
4000,0.036,0.907,0.057
4100,0.038,0.906,0.056
4200,0.037,0.900,0.063
4300,0.036,0.899,0.065
4400,0.035,0.908,0.057
4500,0.032,0.909,0.059
4600,0.034,0.909,0.057
4700,0.034,0.907,0.059
4800,0.033,0.897,0.070
4900,0.031,0.892,0.078
5000,0.032,0.893,0.076
5100,0.036,0.889,0.076
5200,0.038,0.882,0.081
5300,0.036,0.887,0.078
5400,0.037,0.884,0.080
5500,0.039,0.883,0.079
5600,0.040,0.883,0.078
5700,0.041,0.871,0.088
5800,0.043,0.868,0.089
5900,0.047,0.862,0.091
6000,0.048,0.868,0.084
6100,0.049,0.868,0.083
6200,0.044,0.866,0.090
6300,0.047,0.875,0.078
6400,0.045,0.866,0.089
6500,0.041,0.865,0.094
6600,0.041,0.858,0.101
6700,0.049,0.855,0.096
6800,0.048,0.855,0.097
6900,0.052,0.850,0.098
7000,0.051,0.845,0.104
7100,0.048,0.845,0.107
7200,0.045,0.838,0.117
7300,0.047,0.838,0.115
7400,0.046,0.835,0.120
7500,0.047,0.820,0.133
7600,0.052,0.815,0.133
7700,0.051,0.803,0.146
7800,0.046,0.811,0.143
7900,0.050,0.817,0.133
8000,0.046,0.815,0.139
8100,0.049,0.820,0.131
8200,0.047,0.813,0.140
8300,0.048,0.822,0.130
8400,0.053,0.817,0.130
8500,0.051,0.812,0.137
8600,0.049,0.807,0.144
8700,0.049,0.805,0.146
8800,0.050,0.804,0.146
8900,0.053,0.812,0.135
9000,0.051,0.807,0.142
9100,0.051,0.806,0.143
9200,0.052,0.800,0.148
9300,0.052,0.803,0.145
9400,0.054,0.798,0.148
9500,0.054,0.798,0.148
9600,0.049,0.796,0.155
9700,0.054,0.797,0.149
9800,0.051,0.795,0.154
9900,0.051,0.799,0.150
10000,0.052,0.791,0.157
10100,0.049,0.793,0.158
10200,0.054,0.789,0.157
10300,0.060,0.790,0.150
10400,0.054,0.799,0.147
10500,0.051,0.803,0.146
10600,0.050,0.799,0.151
10700,0.052,0.781,0.166
10800,0.052,0.787,0.161
10900,0.046,0.777,0.177
11000,0.051,0.763,0.186
11100,0.054,0.762,0.184
11200,0.051,0.766,0.183
11300,0.055,0.755,0.190
11400,0.053,0.752,0.195
11500,0.052,0.758,0.190
11600,0.053,0.755,0.192
11700,0.051,0.754,0.195
11800,0.051,0.741,0.208
11900,0.057,0.736,0.206
12000,0.053,0.744,0.203
12100,0.053,0.744,0.203
12200,0.050,0.746,0.204
12300,0.055,0.745,0.200
12400,0.053,0.744,0.203
12500,0.056,0.743,0.201
12600,0.056,0.745,0.199
12700,0.052,0.747,0.201
12800,0.053,0.739,0.208
12900,0.056,0.753,0.191
13000,0.050,0.756,0.194
13100,0.054,0.754,0.192
13200,0.053,0.752,0.195
13300,0.055,0.732,0.212
13400,0.060,0.734,0.205
13500,0.068,0.743,0.189
13600,0.063,0.727,0.209
13700,0.059,0.739,0.202
13800,0.059,0.743,0.198
13900,0.058,0.742,0.200
14000,0.059,0.733,0.207
14100,0.057,0.731,0.211
14200,0.058,0.728,0.213
14300,0.061,0.725,0.213
14400,0.055,0.725,0.220
14500,0.052,0.725,0.223
14600,0.050,0.719,0.231
14700,0.051,0.730,0.219
14800,0.051,0.711,0.238
14900,0.052,0.713,0.235
15000,0.052,0.716,0.232
15100,0.056,0.708,0.236
15200,0.054,0.720,0.226
15300,0.054,0.723,0.223
15400,0.054,0.726,0.220
15500,0.057,0.727,0.216
15600,0.058,0.730,0.211
15700,0.057,0.725,0.218
15800,0.058,0.735,0.206
15900,0.059,0.735,0.205
16000,0.065,0.730,0.204
16100,0.055,0.727,0.218
16200,0.053,0.725,0.222
16300,0.057,0.718,0.225
16400,0.060,0.719,0.221
16500,0.070,0.713,0.217
16600,0.065,0.705,0.230
16700,0.063,0.731,0.205
16800,0.063,0.730,0.206
16900,0.059,0.722,0.219
17000,0.056,0.720,0.224
17100,0.055,0.727,0.218
17200,0.051,0.724,0.225
17300,0.051,0.713,0.236
17400,0.048,0.718,0.234
17500,0.049,0.732,0.219
17600,0.047,0.746,0.207
17700,0.045,0.758,0.197
17800,0.048,0.754,0.198
17900,0.048,0.745,0.207
18000,0.046,0.743,0.211
18100,0.057,0.747,0.196
18200,0.058,0.741,0.201
18300,0.060,0.740,0.200
18400,0.059,0.742,0.199
18500,0.066,0.730,0.203
18600,0.059,0.720,0.221
18700,0.055,0.723,0.222
18800,0.061,0.710,0.229
18900,0.064,0.716,0.220
19000,0.064,0.720,0.216
19100,0.061,0.730,0.208
19200,0.059,0.716,0.225
19300,0.057,0.718,0.225
19400,0.069,0.722,0.208
19500,0.066,0.731,0.202
19600,0.062,0.733,0.204
19700,0.056,0.748,0.196
19800,0.053,0.751,0.196
19900,0.050,0.754,0.196
20000,0.046,0.753,0.201
20100,0.046,0.757,0.197
20200,0.045,0.767,0.188
20300,0.047,0.760,0.193
20400,0.047,0.764,0.189
20500,0.045,0.766,0.189
20600,0.049,0.757,0.194
20700,0.047,0.753,0.200
20800,0.049,0.756,0.195
20900,0.052,0.764,0.184
21000,0.046,0.772,0.182
21100,0.049,0.770,0.181
21200,0.047,0.747,0.206
21300,0.046,0.762,0.192
21400,0.044,0.766,0.190
21500,0.047,0.746,0.207
21600,0.046,0.752,0.202
21700,0.046,0.769,0.185
21800,0.049,0.775,0.176
21900,0.049,0.763,0.188
22000,0.049,0.766,0.185
22100,0.049,0.776,0.175
22200,0.048,0.776,0.176
22300,0.048,0.773,0.179
22400,0.046,0.775,0.179
22500,0.047,0.772,0.181
22600,0.046,0.771,0.183
22700,0.048,0.766,0.186
22800,0.046,0.760,0.194
22900,0.052,0.755,0.193
23000,0.049,0.755,0.196
23100,0.045,0.758,0.197
23200,0.051,0.755,0.194
23300,0.048,0.759,0.193
23400,0.045,0.765,0.190
23500,0.048,0.762,0.190
23600,0.048,0.760,0.192
23700,0.047,0.762,0.191
23800,0.052,0.759,0.189
23900,0.053,0.760,0.187
24000,0.047,0.751,0.202
24100,0.051,0.750,0.199
24200,0.050,0.752,0.198
24300,0.049,0.759,0.192
24400,0.047,0.764,0.189
24500,0.047,0.768,0.185
24600,0.046,0.766,0.188
24700,0.046,0.762,0.192
24800,0.049,0.752,0.199
24900,0.047,0.752,0.201
25000,0.048,0.757,0.195
25100,0.050,0.752,0.198
25200,0.049,0.761,0.190
25300,0.051,0.750,0.199
25400,0.053,0.756,0.191
25500,0.055,0.746,0.199
25600,0.055,0.751,0.194
25700,0.053,0.755,0.192
25800,0.055,0.741,0.204
25900,0.058,0.748,0.194
26000,0.057,0.748,0.195
26100,0.060,0.753,0.187
26200,0.064,0.759,0.177
26300,0.064,0.756,0.180
26400,0.065,0.748,0.187
26500,0.060,0.744,0.196
26600,0.063,0.750,0.187
26700,0.060,0.753,0.187
26800,0.055,0.750,0.195
26900,0.059,0.753,0.188
27000,0.056,0.751,0.193
27100,0.060,0.752,0.188
27200,0.055,0.751,0.194
27300,0.059,0.766,0.175
27400,0.057,0.766,0.177
27500,0.053,0.766,0.181
27600,0.055,0.760,0.185
27700,0.056,0.763,0.181
27800,0.055,0.766,0.179
27900,0.057,0.766,0.177
28000,0.060,0.771,0.169
28100,0.061,0.769,0.170
28200,0.059,0.771,0.170
28300,0.061,0.776,0.162
28400,0.060,0.783,0.156
28500,0.058,0.783,0.158
28600,0.058,0.782,0.159
28700,0.057,0.781,0.161
28800,0.055,0.777,0.168
28900,0.057,0.765,0.178
29000,0.057,0.771,0.172
29100,0.057,0.787,0.156
29200,0.056,0.771,0.173
29300,0.053,0.767,0.180
29400,0.056,0.764,0.180
29500,0.059,0.749,0.192
29600,0.060,0.749,0.191
29700,0.057,0.740,0.203
29800,0.060,0.725,0.215
29900,0.060,0.722,0.218
30000,0.059,0.728,0.212
30100,0.055,0.732,0.212
30200,0.057,0.727,0.216
30300,0.060,0.730,0.209
30400,0.060,0.732,0.207
30500,0.059,0.735,0.205
30600,0.058,0.737,0.204
30700,0.060,0.742,0.198
30800,0.064,0.734,0.201
30900,0.065,0.742,0.193
31000,0.065,0.725,0.209
31100,0.068,0.726,0.205
31200,0.073,0.720,0.207
31300,0.072,0.719,0.209
31400,0.069,0.728,0.202
31500,0.067,0.729,0.203
31600,0.067,0.740,0.193
31700,0.061,0.745,0.194
31800,0.062,0.744,0.194
31900,0.061,0.744,0.195
32000,0.061,0.747,0.192
32100,0.061,0.756,0.183
32200,0.059,0.754,0.187
32300,0.059,0.750,0.191
32400,0.058,0.754,0.188
32500,0.058,0.759,0.183
32600,0.056,0.755,0.189
32700,0.059,0.751,0.190
32800,0.067,0.747,0.186
32900,0.062,0.757,0.181
33000,0.067,0.762,0.171
33100,0.065,0.752,0.183
33200,0.066,0.763,0.171
33300,0.064,0.758,0.178
33400,0.063,0.760,0.177
33500,0.067,0.767,0.165
33600,0.064,0.766,0.170
33700,0.061,0.770,0.169
33800,0.060,0.765,0.175
33900,0.060,0.765,0.175
34000,0.060,0.757,0.183
34100,0.064,0.760,0.176
34200,0.063,0.760,0.177
34300,0.061,0.751,0.188
34400,0.058,0.758,0.184
34500,0.055,0.758,0.187
34600,0.058,0.761,0.181
34700,0.055,0.759,0.186
34800,0.056,0.750,0.194
34900,0.061,0.757,0.182
35000,0.059,0.765,0.176
35100,0.057,0.768,0.175
35200,0.056,0.762,0.182
35300,0.059,0.755,0.186
35400,0.057,0.755,0.188
35500,0.056,0.751,0.193
35600,0.057,0.753,0.190
35700,0.058,0.755,0.187
35800,0.057,0.749,0.194
35900,0.061,0.742,0.197
36000,0.058,0.731,0.210
36100,0.052,0.742,0.206
36200,0.054,0.739,0.207
36300,0.060,0.724,0.216
36400,0.064,0.718,0.218
36500,0.066,0.727,0.206
36600,0.067,0.720,0.212
36700,0.064,0.729,0.206
36800,0.064,0.720,0.216
36900,0.058,0.719,0.223
37000,0.059,0.712,0.229
37100,0.061,0.704,0.235
37200,0.061,0.704,0.235
37300,0.072,0.698,0.231
37400,0.066,0.695,0.239
37500,0.067,0.700,0.233
37600,0.072,0.686,0.242
37700,0.065,0.689,0.245
37800,0.067,0.693,0.240
37900,0.062,0.682,0.255
38000,0.062,0.683,0.254
38100,0.058,0.674,0.268
38200,0.059,0.683,0.257
38300,0.063,0.683,0.253
38400,0.060,0.693,0.247
38500,0.056,0.695,0.249
38600,0.055,0.706,0.239
38700,0.053,0.712,0.235
38800,0.057,0.705,0.238
38900,0.057,0.696,0.247
39000,0.062,0.698,0.240
39100,0.061,0.702,0.237
39200,0.057,0.705,0.238
39300,0.057,0.691,0.252
39400,0.060,0.697,0.243
39500,0.064,0.694,0.242
39600,0.064,0.692,0.244
39700,0.061,0.683,0.255
39800,0.062,0.691,0.247
39900,0.063,0.683,0.253
40000,0.059,0.666,0.275
40100,0.063,0.675,0.261
40200,0.064,0.665,0.271
40300,0.063,0.656,0.281
40400,0.068,0.661,0.271
40500,0.063,0.664,0.273
40600,0.060,0.648,0.292
40700,0.059,0.650,0.291
40800,0.064,0.645,0.291
40900,0.062,0.650,0.288
41000,0.065,0.640,0.294
41100,0.072,0.631,0.297
41200,0.070,0.625,0.304
41300,0.076,0.628,0.296
41400,0.079,0.631,0.290
41500,0.082,0.632,0.286
41600,0.081,0.637,0.282
41700,0.076,0.637,0.287
41800,0.068,0.626,0.305
41900,0.069,0.630,0.300
42000,0.066,0.642,0.291
42100,0.066,0.651,0.283
42200,0.069,0.642,0.288
42300,0.076,0.641,0.283
42400,0.074,0.628,0.298
42500,0.075,0.634,0.291
42600,0.080,0.628,0.292
42700,0.084,0.623,0.293
42800,0.089,0.636,0.275
42900,0.085,0.649,0.267
43000,0.088,0.629,0.283
43100,0.083,0.630,0.287
43200,0.084,0.636,0.280
43300,0.078,0.635,0.287
43400,0.068,0.648,0.284
43500,0.072,0.650,0.279
43600,0.078,0.666,0.256
43700,0.080,0.639,0.281
43800,0.079,0.629,0.292
43900,0.083,0.641,0.276
44000,0.090,0.648,0.263
44100,0.089,0.645,0.267
44200,0.086,0.656,0.258
44300,0.084,0.650,0.267
44400,0.091,0.640,0.269
44500,0.086,0.655,0.259
44600,0.091,0.651,0.258
44700,0.087,0.651,0.263
44800,0.084,0.640,0.276
44900,0.082,0.625,0.293
45000,0.092,0.633,0.275
45100,0.088,0.632,0.280
45200,0.090,0.634,0.276
45300,0.097,0.635,0.268
45400,0.092,0.614,0.294
45500,0.093,0.629,0.278
45600,0.095,0.628,0.277
45700,0.095,0.621,0.284
45800,0.108,0.620,0.272
45900,0.104,0.617,0.279
46000,0.098,0.613,0.289
46100,0.099,0.627,0.274
46200,0.105,0.624,0.271
46300,0.098,0.625,0.277
46400,0.098,0.622,0.280
46500,0.095,0.637,0.268
46600,0.093,0.644,0.264
46700,0.094,0.641,0.265
46800,0.091,0.649,0.260
46900,0.089,0.647,0.265
47000,0.096,0.636,0.268
47100,0.091,0.651,0.258
47200,0.090,0.649,0.261
47300,0.088,0.649,0.264
47400,0.090,0.651,0.259
47500,0.087,0.659,0.254
47600,0.083,0.654,0.264
47700,0.089,0.641,0.270
47800,0.081,0.638,0.281
47900,0.084,0.641,0.275
48000,0.080,0.644,0.277
48100,0.076,0.633,0.291
48200,0.080,0.630,0.290
48300,0.082,0.632,0.286
48400,0.078,0.623,0.299
48500,0.084,0.614,0.302
48600,0.094,0.620,0.286
48700,0.092,0.604,0.304
48800,0.083,0.604,0.314
48900,0.069,0.610,0.321
49000,0.069,0.611,0.320
49100,0.078,0.621,0.301
49200,0.080,0.623,0.297
49300,0.078,0.625,0.297
49400,0.079,0.622,0.299
49500,0.084,0.623,0.293
49600,0.087,0.631,0.282
49700,0.092,0.621,0.287
49800,0.091,0.618,0.291
49900,0.089,0.618,0.293
50000,0.091,0.622,0.287
50100,0.087,0.615,0.298
50200,0.094,0.605,0.301
50300,0.091,0.610,0.299
50400,0.088,0.617,0.295
50500,0.089,0.624,0.287
50600,0.089,0.625,0.286
50700,0.090,0.609,0.301
50800,0.086,0.612,0.302
50900,0.085,0.609,0.306
51000,0.089,0.589,0.322
51100,0.095,0.590,0.315
51200,0.094,0.581,0.325
51300,0.101,0.583,0.316
51400,0.101,0.588,0.311
51500,0.102,0.593,0.304
51600,0.108,0.591,0.300
51700,0.102,0.580,0.318
51800,0.100,0.573,0.327
51900,0.100,0.575,0.325
52000,0.108,0.581,0.311
52100,0.114,0.578,0.307
52200,0.111,0.575,0.314
52300,0.109,0.571,0.320
52400,0.110,0.572,0.318
52500,0.109,0.567,0.324
52600,0.114,0.569,0.317
52700,0.121,0.564,0.316
52800,0.133,0.558,0.309
52900,0.130,0.558,0.313
53000,0.126,0.560,0.315
53100,0.124,0.549,0.328
53200,0.131,0.553,0.317
53300,0.130,0.547,0.323
53400,0.133,0.567,0.300
53500,0.116,0.568,0.316
53600,0.121,0.559,0.321
53700,0.117,0.571,0.312
53800,0.123,0.570,0.307
53900,0.114,0.554,0.332
54000,0.120,0.554,0.327
54100,0.125,0.534,0.341
54200,0.128,0.530,0.342
54300,0.130,0.532,0.338
54400,0.127,0.519,0.354
54500,0.135,0.527,0.338
54600,0.131,0.530,0.339
54700,0.129,0.530,0.341
54800,0.134,0.532,0.334
54900,0.127,0.544,0.329
55000,0.128,0.538,0.334
55100,0.130,0.536,0.334
55200,0.112,0.540,0.347
55300,0.110,0.538,0.351
55400,0.110,0.545,0.344
55500,0.106,0.533,0.361
55600,0.099,0.537,0.364
55700,0.096,0.547,0.356
55800,0.095,0.539,0.366
55900,0.099,0.543,0.358
56000,0.100,0.540,0.360
56100,0.103,0.555,0.342
56200,0.105,0.554,0.341
56300,0.100,0.552,0.348
56400,0.102,0.565,0.333
56500,0.107,0.562,0.331
56600,0.103,0.567,0.330
56700,0.110,0.566,0.324
56800,0.114,0.570,0.316
56900,0.112,0.568,0.320
57000,0.108,0.572,0.320
57100,0.106,0.562,0.332
57200,0.118,0.552,0.330
57300,0.114,0.558,0.328
57400,0.117,0.564,0.319
57500,0.113,0.572,0.315
57600,0.108,0.573,0.319
57700,0.102,0.582,0.316
57800,0.109,0.581,0.309
57900,0.112,0.573,0.315
58000,0.107,0.558,0.335
58100,0.106,0.550,0.344
58200,0.118,0.544,0.337
58300,0.126,0.544,0.330
58400,0.121,0.547,0.332
58500,0.120,0.541,0.339
58600,0.123,0.532,0.345
58700,0.132,0.544,0.324
58800,0.125,0.550,0.326
58900,0.123,0.546,0.331
59000,0.127,0.558,0.316
59100,0.120,0.553,0.328
59200,0.113,0.552,0.335
59300,0.117,0.546,0.336
59400,0.108,0.544,0.347
59500,0.105,0.555,0.340
59600,0.106,0.564,0.330
59700,0.104,0.555,0.341
59800,0.101,0.559,0.340
59900,0.097,0.537,0.366
60000,0.102,0.551,0.347
60100,0.101,0.543,0.355
60200,0.102,0.543,0.354
60300,0.106,0.543,0.350
60400,0.102,0.543,0.354
60500,0.099,0.527,0.374
60600,0.099,0.538,0.363
60700,0.097,0.547,0.355
60800,0.094,0.546,0.360
60900,0.095,0.554,0.351
61000,0.095,0.574,0.331
61100,0.096,0.567,0.337
61200,0.098,0.563,0.339
61300,0.099,0.571,0.330
61400,0.099,0.569,0.332
61500,0.096,0.578,0.326
61600,0.092,0.583,0.325
61700,0.092,0.591,0.317
61800,0.103,0.589,0.307
61900,0.094,0.583,0.323
62000,0.096,0.577,0.327
62100,0.095,0.581,0.324
62200,0.097,0.571,0.332
62300,0.098,0.581,0.321
62400,0.108,0.577,0.315
62500,0.103,0.586,0.311
62600,0.103,0.593,0.303
62700,0.097,0.590,0.313
62800,0.096,0.593,0.311
62900,0.092,0.587,0.321
63000,0.089,0.592,0.319
63100,0.091,0.600,0.309
63200,0.095,0.602,0.303
63300,0.093,0.607,0.300
63400,0.091,0.606,0.303
63500,0.091,0.597,0.313
63600,0.093,0.598,0.309
63700,0.093,0.605,0.302
63800,0.092,0.589,0.319
63900,0.093,0.594,0.313
64000,0.086,0.584,0.330
64100,0.094,0.582,0.324
64200,0.095,0.576,0.329
64300,0.099,0.579,0.322
64400,0.096,0.586,0.318
64500,0.095,0.586,0.319
64600,0.097,0.580,0.323
64700,0.096,0.582,0.322
64800,0.095,0.564,0.341
64900,0.094,0.557,0.349
65000,0.101,0.542,0.356
65100,0.100,0.540,0.360
65200,0.100,0.541,0.359
65300,0.101,0.550,0.349
65400,0.105,0.545,0.349
65500,0.107,0.545,0.347
65600,0.115,0.549,0.336
65700,0.112,0.550,0.338
65800,0.112,0.549,0.339
65900,0.106,0.546,0.347
66000,0.096,0.566,0.338
66100,0.096,0.564,0.340
66200,0.098,0.551,0.351
66300,0.103,0.536,0.361
66400,0.105,0.541,0.353
66500,0.112,0.542,0.345
66600,0.113,0.543,0.343
66700,0.120,0.552,0.329
66800,0.123,0.555,0.323
66900,0.113,0.555,0.332
67000,0.118,0.562,0.320
67100,0.116,0.544,0.339
67200,0.123,0.537,0.340
67300,0.121,0.533,0.346
67400,0.127,0.522,0.351
67500,0.123,0.531,0.346
67600,0.115,0.535,0.349
67700,0.123,0.542,0.335
67800,0.131,0.542,0.327
67900,0.131,0.539,0.330
68000,0.133,0.531,0.336
68100,0.132,0.528,0.340
68200,0.134,0.522,0.344
68300,0.140,0.525,0.335
68400,0.143,0.533,0.324
68500,0.139,0.535,0.326
68600,0.149,0.529,0.322
68700,0.150,0.524,0.326
68800,0.143,0.524,0.333
68900,0.141,0.512,0.347
69000,0.142,0.509,0.349
69100,0.141,0.499,0.360
69200,0.138,0.485,0.377
69300,0.125,0.483,0.392
69400,0.124,0.475,0.401
69500,0.131,0.473,0.396
69600,0.135,0.480,0.385
69700,0.133,0.481,0.386
69800,0.124,0.483,0.393
69900,0.122,0.477,0.401
70000,0.121,0.479,0.400
70100,0.129,0.481,0.390
70200,0.135,0.469,0.396
70300,0.137,0.473,0.390
70400,0.136,0.469,0.395
70500,0.124,0.472,0.404
70600,0.127,0.476,0.397
70700,0.124,0.482,0.394
70800,0.131,0.479,0.390
70900,0.136,0.480,0.384
71000,0.144,0.477,0.379
71100,0.145,0.472,0.383
71200,0.140,0.469,0.391
71300,0.139,0.459,0.402
71400,0.132,0.467,0.401
71500,0.132,0.467,0.401
71600,0.132,0.464,0.404
71700,0.138,0.471,0.391
71800,0.134,0.471,0.395
71900,0.150,0.474,0.376
72000,0.150,0.478,0.372
72100,0.155,0.475,0.370
72200,0.154,0.486,0.360
72300,0.150,0.476,0.374
72400,0.162,0.474,0.364
72500,0.158,0.471,0.371
72600,0.160,0.461,0.379
72700,0.163,0.455,0.382
72800,0.157,0.453,0.390
72900,0.152,0.453,0.395
73000,0.160,0.455,0.385
73100,0.166,0.460,0.374
73200,0.165,0.461,0.374
73300,0.172,0.458,0.371
73400,0.171,0.460,0.370
73500,0.164,0.454,0.382
73600,0.165,0.461,0.374
73700,0.178,0.450,0.372
73800,0.180,0.455,0.366
73900,0.178,0.464,0.359
74000,0.177,0.465,0.359
74100,0.195,0.444,0.361
74200,0.182,0.434,0.384
74300,0.183,0.431,0.386
74400,0.184,0.442,0.374
74500,0.185,0.445,0.370
74600,0.184,0.448,0.368
74700,0.176,0.456,0.369
74800,0.170,0.439,0.391
74900,0.165,0.440,0.394
75000,0.166,0.433,0.400
75100,0.175,0.445,0.380
75200,0.164,0.441,0.394
75300,0.166,0.450,0.383
75400,0.160,0.449,0.390
75500,0.154,0.456,0.390
75600,0.164,0.457,0.379
75700,0.169,0.456,0.376
75800,0.160,0.454,0.386
75900,0.152,0.439,0.409
76000,0.156,0.443,0.400
76100,0.142,0.444,0.414
76200,0.149,0.448,0.402
76300,0.143,0.451,0.406
76400,0.155,0.446,0.398
76500,0.152,0.434,0.414
76600,0.144,0.449,0.407
76700,0.148,0.461,0.391
76800,0.153,0.459,0.388
76900,0.151,0.447,0.401
77000,0.154,0.446,0.399
77100,0.159,0.438,0.402
77200,0.174,0.424,0.402
77300,0.173,0.425,0.402
77400,0.180,0.417,0.403
77500,0.171,0.417,0.413
77600,0.165,0.421,0.414
77700,0.168,0.422,0.411
77800,0.165,0.419,0.416
77900,0.159,0.425,0.416
78000,0.172,0.414,0.415
78100,0.162,0.414,0.424
78200,0.166,0.413,0.421
78300,0.177,0.409,0.415
78400,0.177,0.407,0.417
78500,0.183,0.400,0.417
78600,0.180,0.396,0.424
78700,0.185,0.387,0.428
78800,0.195,0.375,0.430
78900,0.196,0.370,0.434
79000,0.198,0.374,0.428
79100,0.209,0.375,0.416
79200,0.213,0.372,0.415
79300,0.209,0.365,0.426
79400,0.200,0.365,0.435
79500,0.208,0.366,0.426
79600,0.204,0.371,0.425
79700,0.210,0.374,0.416
79800,0.206,0.383,0.411
79900,0.206,0.382,0.412
80000,0.212,0.387,0.400
80100,0.211,0.370,0.419
80200,0.210,0.373,0.417
80300,0.222,0.368,0.411
80400,0.208,0.375,0.417
80500,0.209,0.376,0.415
80600,0.201,0.383,0.416
80700,0.202,0.373,0.425
80800,0.205,0.372,0.423
80900,0.211,0.367,0.422
81000,0.223,0.356,0.421
81100,0.224,0.364,0.413
81200,0.217,0.374,0.410
81300,0.215,0.381,0.404
81400,0.216,0.376,0.409
81500,0.209,0.380,0.411
81600,0.207,0.370,0.423
81700,0.196,0.362,0.442
81800,0.194,0.367,0.439
81900,0.178,0.388,0.434
82000,0.187,0.404,0.409
82100,0.180,0.409,0.412
82200,0.177,0.395,0.428
82300,0.184,0.393,0.423
82400,0.185,0.387,0.428
82500,0.177,0.386,0.437
82600,0.181,0.381,0.438
82700,0.191,0.387,0.422
82800,0.193,0.385,0.422
82900,0.188,0.387,0.425
83000,0.187,0.387,0.426
83100,0.189,0.385,0.426
83200,0.199,0.394,0.407
83300,0.190,0.397,0.413
83400,0.192,0.403,0.404
83500,0.190,0.400,0.410
83600,0.191,0.401,0.408
83700,0.192,0.412,0.396
83800,0.190,0.417,0.393
83900,0.194,0.411,0.395
84000,0.193,0.410,0.397
84100,0.188,0.416,0.396
84200,0.196,0.413,0.391
84300,0.193,0.411,0.396
84400,0.197,0.409,0.394
84500,0.198,0.416,0.386
84600,0.190,0.429,0.381
84700,0.193,0.411,0.396
84800,0.180,0.403,0.417
84900,0.187,0.409,0.404
85000,0.199,0.396,0.404
85100,0.203,0.396,0.400
85200,0.197,0.389,0.414
85300,0.186,0.400,0.414
85400,0.198,0.402,0.399
85500,0.185,0.406,0.410
85600,0.188,0.401,0.411
85700,0.187,0.396,0.417
85800,0.187,0.410,0.403
85900,0.182,0.404,0.414
86000,0.182,0.413,0.406
86100,0.193,0.410,0.397
86200,0.200,0.407,0.393
86300,0.190,0.415,0.395
86400,0.192,0.420,0.388
86500,0.189,0.419,0.392
86600,0.187,0.419,0.394
86700,0.179,0.418,0.403
86800,0.179,0.417,0.404
86900,0.180,0.430,0.390
87000,0.177,0.431,0.392
87100,0.180,0.438,0.382
87200,0.173,0.449,0.378
87300,0.180,0.459,0.362
87400,0.172,0.450,0.378
87500,0.169,0.460,0.372
87600,0.163,0.453,0.384
87700,0.164,0.450,0.385
87800,0.177,0.441,0.382
87900,0.182,0.445,0.373
88000,0.177,0.450,0.373
88100,0.177,0.448,0.375
88200,0.183,0.455,0.363
88300,0.180,0.449,0.371
88400,0.176,0.443,0.381
88500,0.175,0.428,0.397
88600,0.197,0.426,0.377
88700,0.198,0.422,0.380
88800,0.215,0.410,0.376
88900,0.224,0.397,0.379
89000,0.225,0.397,0.378
89100,0.223,0.393,0.384
89200,0.215,0.396,0.389
89300,0.220,0.398,0.382
89400,0.207,0.402,0.390
89500,0.212,0.407,0.381
89600,0.202,0.394,0.403
89700,0.209,0.398,0.392
89800,0.206,0.396,0.397
89900,0.193,0.391,0.416
90000,0.196,0.385,0.419
90100,0.203,0.382,0.415
90200,0.213,0.382,0.404
90300,0.212,0.367,0.421
90400,0.207,0.376,0.417
90500,0.212,0.376,0.412
90600,0.208,0.380,0.412
90700,0.217,0.374,0.410
90800,0.206,0.389,0.404
90900,0.208,0.388,0.403
91000,0.207,0.379,0.414
91100,0.209,0.374,0.417
91200,0.221,0.368,0.412
91300,0.231,0.365,0.404
91400,0.233,0.359,0.409
91500,0.235,0.354,0.411
91600,0.237,0.347,0.416
91700,0.233,0.353,0.414
91800,0.232,0.347,0.421
91900,0.251,0.350,0.398
92000,0.254,0.350,0.395
92100,0.265,0.342,0.393
92200,0.269,0.340,0.391
92300,0.263,0.341,0.396
92400,0.274,0.343,0.383
92500,0.270,0.340,0.390
92600,0.269,0.337,0.394
92700,0.266,0.337,0.397
92800,0.260,0.337,0.402
92900,0.258,0.328,0.414
93000,0.250,0.335,0.415
93100,0.268,0.322,0.411
93200,0.284,0.319,0.397
93300,0.302,0.324,0.374
93400,0.294,0.324,0.382
93500,0.290,0.323,0.387
93600,0.289,0.324,0.387
93700,0.291,0.324,0.385
93800,0.293,0.325,0.382
93900,0.285,0.320,0.395
94000,0.293,0.332,0.375
94100,0.295,0.320,0.385
94200,0.306,0.316,0.378
94300,0.303,0.326,0.371
94400,0.293,0.328,0.379
94500,0.295,0.320,0.385
94600,0.303,0.309,0.387
94700,0.309,0.312,0.379
94800,0.314,0.304,0.382
94900,0.313,0.294,0.393
95000,0.309,0.291,0.399
95100,0.324,0.290,0.386
95200,0.323,0.288,0.389
95300,0.324,0.284,0.392
95400,0.333,0.283,0.384
95500,0.335,0.277,0.388
95600,0.333,0.276,0.391
95700,0.331,0.280,0.389
95800,0.342,0.275,0.383
95900,0.330,0.273,0.397
96000,0.330,0.273,0.397
96100,0.319,0.278,0.403
96200,0.332,0.278,0.390
96300,0.340,0.272,0.388
96400,0.333,0.266,0.401
96500,0.321,0.270,0.410
96600,0.320,0.271,0.410
96700,0.314,0.273,0.414
96800,0.313,0.281,0.407
96900,0.304,0.284,0.412
97000,0.309,0.285,0.406
97100,0.306,0.282,0.412
97200,0.313,0.286,0.401
97300,0.309,0.285,0.406
97400,0.306,0.276,0.418
97500,0.294,0.284,0.422
97600,0.289,0.292,0.419
97700,0.298,0.286,0.416
97800,0.285,0.285,0.430
97900,0.280,0.293,0.427
98000,0.286,0.295,0.419
98100,0.284,0.302,0.414
98200,0.279,0.301,0.420
98300,0.282,0.300,0.418
98400,0.281,0.305,0.414
98500,0.285,0.298,0.417
98600,0.287,0.296,0.417
98700,0.291,0.288,0.421
98800,0.301,0.298,0.400
98900,0.305,0.291,0.403
99000,0.305,0.284,0.411
99100,0.311,0.283,0.407
99200,0.319,0.286,0.395
99300,0.316,0.295,0.389
99400,0.302,0.294,0.403
99500,0.305,0.299,0.395
99600,0.299,0.304,0.396
99700,0.291,0.299,0.410
99800,0.302,0.295,0.402
99900,0.298,0.293,0.409
100000,0.304,0.290,0.406
