time,n_A+p,n_B,n_AB
100,0.030,0.969,0.001
200,0.030,0.965,0.005
300,0.030,0.963,0.007
400,0.030,0.961,0.009
500,0.030,0.956,0.014
600,0.030,0.955,0.015
700,0.030,0.954,0.016
800,0.030,0.956,0.014
900,0.030,0.953,0.017
1000,0.030,0.947,0.023
1100,0.030,0.938,0.032
1200,0.030,0.934,0.036
1300,0.030,0.918,0.052
1400,0.030,0.913,0.057
1500,0.030,0.913,0.057
1600,0.030,0.905,0.065
1700,0.030,0.904,0.066
1800,0.032,0.900,0.068
1900,0.032,0.900,0.068
2000,0.033,0.897,0.070
2100,0.033,0.880,0.087
2200,0.033,0.877,0.090
2300,0.032,0.870,0.098
2400,0.032,0.866,0.102
2500,0.034,0.864,0.102
2600,0.035,0.858,0.107
2700,0.034,0.851,0.115
2800,0.033,0.828,0.139
2900,0.033,0.821,0.146
3000,0.034,0.817,0.149
3100,0.034,0.811,0.155
3200,0.036,0.809,0.155
3300,0.035,0.813,0.152
3400,0.038,0.809,0.153
3500,0.039,0.810,0.151
3600,0.039,0.808,0.153
3700,0.037,0.811,0.152
3800,0.038,0.815,0.147
3900,0.038,0.817,0.145
4000,0.035,0.812,0.153
4100,0.036,0.811,0.153
4200,0.038,0.801,0.161
4300,0.040,0.799,0.161
4400,0.039,0.805,0.156
4500,0.039,0.789,0.172
4600,0.039,0.790,0.171
4700,0.041,0.761,0.198
4800,0.041,0.763,0.196
4900,0.045,0.771,0.184
5000,0.043,0.781,0.176
5100,0.041,0.782,0.177
5200,0.039,0.791,0.170
5300,0.040,0.793,0.167
5400,0.039,0.776,0.185
5500,0.038,0.786,0.176
5600,0.038,0.796,0.166
5700,0.043,0.801,0.156
5800,0.039,0.805,0.156
5900,0.038,0.800,0.162
6000,0.037,0.799,0.164
6100,0.037,0.796,0.167
6200,0.036,0.796,0.168
6300,0.035,0.782,0.183
6400,0.035,0.789,0.176
6500,0.035,0.792,0.173
6600,0.040,0.788,0.172
6700,0.039,0.792,0.169
6800,0.040,0.789,0.171
6900,0.042,0.785,0.173
7000,0.040,0.795,0.165
7100,0.042,0.796,0.162
7200,0.040,0.798,0.162
7300,0.037,0.791,0.172
7400,0.034,0.804,0.162
7500,0.036,0.801,0.163
7600,0.036,0.802,0.162
7700,0.039,0.792,0.169
7800,0.039,0.787,0.174
7900,0.039,0.784,0.177
8000,0.041,0.781,0.178
8100,0.041,0.777,0.182
8200,0.041,0.767,0.192
8300,0.039,0.757,0.204
8400,0.041,0.762,0.197
8500,0.041,0.758,0.201
8600,0.041,0.766,0.193
8700,0.043,0.764,0.193
8800,0.044,0.768,0.188
8900,0.041,0.782,0.177
9000,0.041,0.771,0.188
9100,0.043,0.764,0.193
9200,0.042,0.751,0.207
9300,0.043,0.737,0.220
9400,0.049,0.732,0.219
9500,0.048,0.719,0.233
9600,0.048,0.724,0.228
9700,0.046,0.725,0.229
9800,0.046,0.723,0.231
9900,0.046,0.723,0.231
10000,0.047,0.737,0.216
10100,0.044,0.742,0.214
10200,0.043,0.732,0.225
10300,0.045,0.736,0.219
10400,0.046,0.732,0.222
10500,0.041,0.724,0.235
10600,0.043,0.727,0.230
10700,0.047,0.728,0.225
10800,0.042,0.728,0.230
10900,0.043,0.735,0.222
11000,0.046,0.744,0.210
11100,0.050,0.746,0.204
11200,0.050,0.736,0.214
11300,0.049,0.732,0.219
11400,0.051,0.735,0.214
11500,0.054,0.729,0.217
11600,0.052,0.732,0.216
11700,0.055,0.731,0.214
11800,0.055,0.727,0.218
11900,0.055,0.729,0.216
12000,0.057,0.731,0.212
12100,0.056,0.727,0.217
12200,0.053,0.728,0.219
12300,0.049,0.721,0.230
12400,0.046,0.715,0.239
12500,0.046,0.704,0.250
12600,0.048,0.699,0.253
12700,0.048,0.699,0.253
12800,0.046,0.700,0.254
12900,0.050,0.695,0.255
13000,0.049,0.687,0.264
13100,0.054,0.692,0.254
13200,0.052,0.692,0.256
13300,0.053,0.702,0.245
13400,0.054,0.714,0.232
13500,0.052,0.710,0.238
13600,0.046,0.711,0.243
13700,0.052,0.715,0.233
13800,0.053,0.703,0.244
13900,0.050,0.690,0.260
14000,0.051,0.688,0.261
14100,0.051,0.697,0.252
14200,0.053,0.703,0.244
14300,0.052,0.723,0.225
14400,0.049,0.727,0.224
14500,0.051,0.729,0.220
14600,0.049,0.720,0.231
14700,0.045,0.724,0.231
14800,0.048,0.711,0.241
14900,0.049,0.706,0.245
15000,0.053,0.709,0.238
15100,0.055,0.723,0.222
15200,0.056,0.726,0.218
15300,0.057,0.729,0.214
15400,0.055,0.736,0.209
15500,0.062,0.737,0.201
15600,0.059,0.727,0.214
15700,0.066,0.730,0.204
15800,0.070,0.723,0.207
15900,0.070,0.730,0.200
16000,0.066,0.720,0.214
16100,0.063,0.722,0.215
16200,0.060,0.726,0.214
16300,0.055,0.729,0.216
16400,0.054,0.723,0.223
16500,0.056,0.719,0.225
16600,0.052,0.723,0.225
16700,0.056,0.715,0.229
16800,0.056,0.722,0.222
16900,0.051,0.723,0.226
17000,0.053,0.713,0.234
17100,0.050,0.718,0.232
17200,0.049,0.723,0.228
17300,0.049,0.728,0.223
17400,0.048,0.730,0.222
17500,0.054,0.735,0.211
17600,0.052,0.742,0.206
17700,0.049,0.745,0.206
17800,0.050,0.746,0.204
17900,0.049,0.739,0.212
18000,0.050,0.747,0.203
18100,0.051,0.745,0.204
18200,0.051,0.739,0.210
18300,0.048,0.747,0.205
18400,0.051,0.756,0.193
18500,0.053,0.744,0.203
18600,0.052,0.746,0.202
18700,0.050,0.735,0.215
18800,0.050,0.734,0.216
18900,0.049,0.743,0.208
19000,0.047,0.737,0.216
19100,0.046,0.740,0.214
19200,0.047,0.734,0.219
19300,0.045,0.734,0.221
19400,0.045,0.739,0.216
19500,0.050,0.740,0.210
19600,0.050,0.734,0.216
19700,0.051,0.736,0.213
19800,0.051,0.741,0.208
19900,0.051,0.735,0.214
20000,0.049,0.730,0.221
20100,0.050,0.707,0.243
20200,0.052,0.695,0.253
20300,0.056,0.707,0.237
20400,0.057,0.706,0.237
20500,0.061,0.714,0.225
20600,0.061,0.710,0.229
20700,0.061,0.703,0.236
20800,0.060,0.721,0.219
20900,0.060,0.734,0.206
21000,0.060,0.749,0.191
21100,0.058,0.749,0.193
21200,0.058,0.723,0.219
21300,0.058,0.723,0.219
21400,0.059,0.723,0.218
21500,0.056,0.726,0.218
21600,0.058,0.706,0.236
21700,0.055,0.706,0.239
21800,0.054,0.690,0.256
21900,0.054,0.696,0.250
22000,0.054,0.719,0.227
22100,0.052,0.725,0.223
22200,0.050,0.725,0.225
22300,0.054,0.724,0.222
22400,0.053,0.700,0.247
22500,0.054,0.682,0.264
22600,0.049,0.674,0.277
22700,0.048,0.668,0.284
22800,0.052,0.673,0.275
22900,0.057,0.676,0.267
23000,0.057,0.687,0.256
23100,0.059,0.681,0.260
23200,0.058,0.677,0.265
23300,0.058,0.684,0.258
23400,0.057,0.679,0.264
23500,0.058,0.669,0.273
23600,0.053,0.684,0.263
23700,0.055,0.671,0.274
23800,0.055,0.679,0.266
23900,0.058,0.685,0.257
24000,0.062,0.662,0.276
24100,0.059,0.663,0.278
24200,0.062,0.665,0.273
24300,0.064,0.660,0.276
24400,0.063,0.652,0.285
24500,0.070,0.649,0.281
24600,0.072,0.638,0.290
24700,0.070,0.645,0.285
24800,0.066,0.635,0.299
24900,0.063,0.636,0.301
25000,0.067,0.633,0.300
25100,0.073,0.638,0.289
25200,0.075,0.635,0.290
25300,0.076,0.625,0.299
25400,0.079,0.617,0.304
25500,0.070,0.612,0.318
25600,0.072,0.615,0.313
25700,0.066,0.611,0.323
25800,0.064,0.606,0.330
25900,0.066,0.603,0.331
26000,0.058,0.618,0.324
26100,0.061,0.618,0.321
26200,0.061,0.610,0.329
26300,0.064,0.625,0.311
26400,0.067,0.637,0.296
26500,0.058,0.631,0.311
26600,0.061,0.637,0.302
26700,0.058,0.620,0.322
26800,0.059,0.611,0.330
26900,0.063,0.613,0.324
27000,0.067,0.619,0.314
27100,0.066,0.626,0.308
27200,0.071,0.633,0.296
27300,0.072,0.618,0.310
27400,0.077,0.623,0.300
27500,0.073,0.610,0.317
27600,0.071,0.611,0.318
27700,0.066,0.636,0.298
27800,0.069,0.635,0.296
27900,0.068,0.645,0.287
28000,0.063,0.647,0.290
28100,0.071,0.633,0.296
28200,0.074,0.627,0.299
28300,0.069,0.619,0.312
28400,0.069,0.620,0.311
28500,0.065,0.629,0.306
28600,0.074,0.624,0.302
28700,0.073,0.632,0.295
28800,0.073,0.623,0.304
28900,0.070,0.636,0.294
29000,0.069,0.631,0.300
29100,0.076,0.631,0.293
29200,0.076,0.638,0.286
29300,0.080,0.617,0.303
29400,0.083,0.612,0.305
29500,0.082,0.600,0.318
29600,0.085,0.610,0.305
29700,0.087,0.607,0.306
29800,0.093,0.614,0.293
29900,0.092,0.612,0.296
30000,0.092,0.614,0.294
30100,0.086,0.615,0.299
30200,0.085,0.617,0.298
30300,0.084,0.622,0.294
30400,0.084,0.613,0.303
30500,0.079,0.618,0.303
30600,0.082,0.633,0.285
30700,0.079,0.629,0.292
30800,0.084,0.626,0.290
30900,0.084,0.626,0.290
31000,0.084,0.611,0.305
31100,0.080,0.615,0.305
31200,0.076,0.622,0.302
31300,0.070,0.631,0.299
31400,0.069,0.621,0.310
31500,0.070,0.632,0.298
31600,0.067,0.629,0.304
31700,0.063,0.627,0.310
31800,0.066,0.628,0.306
31900,0.065,0.625,0.310
32000,0.067,0.626,0.307
32100,0.066,0.632,0.302
32200,0.069,0.628,0.303
32300,0.070,0.628,0.302
32400,0.068,0.601,0.331
32500,0.079,0.596,0.325
32600,0.081,0.582,0.337
32700,0.087,0.590,0.323
32800,0.085,0.608,0.307
32900,0.081,0.599,0.320
33000,0.087,0.607,0.306
33100,0.085,0.583,0.332
33200,0.082,0.568,0.350
33300,0.086,0.562,0.352
33400,0.080,0.580,0.340
33500,0.080,0.599,0.321
33600,0.084,0.590,0.326
33700,0.083,0.592,0.325
33800,0.083,0.592,0.325
33900,0.076,0.601,0.323
34000,0.077,0.596,0.327
34100,0.072,0.598,0.330
34200,0.073,0.592,0.335
34300,0.078,0.599,0.323
34400,0.083,0.586,0.331
34500,0.083,0.594,0.323
34600,0.086,0.602,0.312
34700,0.082,0.608,0.310
34800,0.087,0.624,0.289
34900,0.086,0.633,0.281
35000,0.084,0.626,0.290
35100,0.085,0.638,0.277
35200,0.082,0.631,0.287
35300,0.081,0.630,0.289
35400,0.077,0.634,0.289
35500,0.075,0.642,0.283
35600,0.080,0.621,0.299
35700,0.084,0.620,0.296
35800,0.084,0.616,0.300
35900,0.076,0.617,0.307
36000,0.074,0.623,0.303
36100,0.081,0.631,0.288
36200,0.077,0.611,0.312
36300,0.076,0.610,0.314
36400,0.081,0.602,0.317
36500,0.081,0.605,0.314
36600,0.076,0.611,0.313
36700,0.074,0.602,0.324
36800,0.079,0.606,0.315
36900,0.072,0.612,0.316
37000,0.068,0.608,0.324
37100,0.074,0.591,0.335
37200,0.079,0.569,0.352
37300,0.081,0.575,0.344
37400,0.084,0.556,0.360
37500,0.080,0.551,0.369
37600,0.075,0.556,0.369
37700,0.080,0.569,0.351
37800,0.086,0.573,0.341
37900,0.086,0.558,0.356
38000,0.086,0.556,0.358
38100,0.081,0.556,0.363
38200,0.081,0.555,0.364
38300,0.084,0.541,0.375
38400,0.085,0.535,0.380
38500,0.087,0.531,0.382
38600,0.093,0.540,0.367
38700,0.094,0.546,0.360
38800,0.102,0.533,0.365
38900,0.095,0.542,0.363
39000,0.092,0.546,0.362
39100,0.093,0.544,0.363
39200,0.096,0.537,0.367
39300,0.105,0.540,0.355
39400,0.096,0.534,0.370
39500,0.096,0.541,0.363
39600,0.094,0.550,0.356
39700,0.099,0.545,0.356
39800,0.105,0.552,0.343
39900,0.105,0.557,0.338
40000,0.109,0.558,0.333
40100,0.110,0.535,0.355
40200,0.108,0.530,0.362
40300,0.101,0.528,0.371
40400,0.101,0.521,0.378
40500,0.099,0.519,0.382
40600,0.102,0.547,0.351
40700,0.103,0.528,0.369
40800,0.103,0.527,0.370
40900,0.105,0.523,0.372
41000,0.111,0.537,0.352
41100,0.108,0.560,0.332
41200,0.101,0.560,0.339
41300,0.108,0.566,0.326
41400,0.100,0.575,0.325
41500,0.108,0.570,0.322
41600,0.101,0.561,0.338
41700,0.101,0.561,0.338
41800,0.101,0.567,0.332
41900,0.100,0.557,0.343
42000,0.101,0.567,0.332
42100,0.105,0.567,0.328
42200,0.109,0.571,0.320
42300,0.106,0.575,0.319
42400,0.101,0.583,0.316
42500,0.097,0.588,0.315
42600,0.099,0.581,0.320
42700,0.097,0.588,0.315
42800,0.101,0.585,0.314
42900,0.093,0.584,0.323
43000,0.091,0.578,0.331
43100,0.090,0.572,0.338
43200,0.095,0.578,0.327
43300,0.098,0.579,0.323
43400,0.101,0.593,0.306
43500,0.101,0.585,0.314
43600,0.097,0.596,0.307
43700,0.093,0.604,0.303
43800,0.095,0.598,0.307
43900,0.094,0.614,0.292
44000,0.091,0.615,0.294
44100,0.097,0.624,0.279
44200,0.095,0.616,0.289
44300,0.089,0.618,0.293
44400,0.083,0.612,0.305
44500,0.079,0.618,0.303
44600,0.081,0.607,0.312
44700,0.084,0.586,0.330
44800,0.083,0.593,0.324
44900,0.077,0.605,0.318
45000,0.072,0.602,0.326
45100,0.063,0.603,0.334
45200,0.060,0.605,0.335
45300,0.067,0.615,0.318
45400,0.068,0.608,0.324
45500,0.069,0.611,0.320
45600,0.070,0.619,0.311
45700,0.071,0.599,0.330
45800,0.076,0.606,0.318
45900,0.076,0.598,0.326
46000,0.079,0.589,0.332
46100,0.081,0.591,0.328
46200,0.082,0.594,0.324
46300,0.083,0.593,0.324
46400,0.089,0.594,0.317
46500,0.090,0.605,0.305
46600,0.092,0.600,0.308
46700,0.091,0.599,0.310
46800,0.085,0.596,0.319
46900,0.085,0.589,0.326
47000,0.082,0.590,0.328
47100,0.086,0.582,0.332
47200,0.087,0.581,0.332
47300,0.092,0.597,0.311
47400,0.088,0.595,0.317
47500,0.095,0.602,0.303
47600,0.096,0.608,0.296
47700,0.099,0.619,0.282
47800,0.099,0.614,0.287
47900,0.098,0.595,0.307
48000,0.088,0.598,0.314
48100,0.088,0.595,0.317
48200,0.086,0.591,0.323
48300,0.092,0.572,0.336
48400,0.090,0.566,0.344
48500,0.091,0.568,0.341
48600,0.095,0.566,0.339
48700,0.094,0.560,0.346
48800,0.094,0.554,0.352
48900,0.084,0.552,0.364
49000,0.083,0.558,0.359
49100,0.086,0.548,0.366
49200,0.093,0.537,0.370
49300,0.096,0.567,0.337
49400,0.092,0.576,0.332
49500,0.089,0.575,0.336
49600,0.099,0.578,0.323
49700,0.100,0.569,0.331
49800,0.093,0.559,0.348
49900,0.099,0.551,0.350
50000,0.102,0.554,0.344
50100,0.100,0.562,0.338
50200,0.097,0.562,0.341
50300,0.100,0.563,0.337
50400,0.088,0.562,0.350
50500,0.091,0.568,0.341
50600,0.093,0.570,0.337
50700,0.096,0.571,0.333
50800,0.095,0.574,0.331
50900,0.093,0.577,0.330
51000,0.091,0.576,0.333
51100,0.090,0.548,0.362
51200,0.091,0.551,0.358
51300,0.096,0.560,0.344
51400,0.090,0.549,0.361
51500,0.091,0.564,0.345
51600,0.094,0.538,0.368
51700,0.088,0.542,0.370
51800,0.096,0.530,0.374
51900,0.093,0.534,0.373
52000,0.093,0.523,0.384
52100,0.092,0.526,0.382
52200,0.096,0.523,0.381
52300,0.095,0.523,0.382
52400,0.094,0.525,0.381
52500,0.091,0.536,0.373
52600,0.087,0.547,0.366
52700,0.094,0.549,0.357
52800,0.093,0.557,0.350
52900,0.096,0.557,0.347
53000,0.091,0.568,0.341
53100,0.094,0.588,0.318
53200,0.094,0.600,0.306
53300,0.091,0.613,0.296
53400,0.088,0.619,0.293
53500,0.085,0.608,0.307
53600,0.088,0.602,0.310
53700,0.086,0.602,0.312
53800,0.087,0.579,0.334
53900,0.084,0.588,0.328
54000,0.083,0.578,0.339
54100,0.081,0.570,0.349
54200,0.078,0.581,0.341
54300,0.087,0.578,0.335
54400,0.097,0.577,0.326
54500,0.091,0.561,0.348
54600,0.090,0.560,0.350
54700,0.091,0.565,0.344
54800,0.091,0.592,0.317
54900,0.096,0.593,0.311
55000,0.090,0.607,0.303
55100,0.098,0.612,0.290
55200,0.095,0.626,0.279
55300,0.090,0.629,0.281
55400,0.090,0.606,0.304
55500,0.095,0.621,0.284
55600,0.096,0.618,0.286
55700,0.098,0.605,0.297
55800,0.098,0.610,0.292
55900,0.099,0.628,0.273
56000,0.094,0.615,0.291
56100,0.092,0.608,0.300
56200,0.091,0.603,0.306
56300,0.082,0.590,0.328
56400,0.085,0.572,0.343
56500,0.084,0.603,0.313
56600,0.079,0.616,0.305
56700,0.080,0.603,0.317
56800,0.080,0.596,0.324
56900,0.083,0.592,0.325
57000,0.087,0.602,0.311
57100,0.083,0.602,0.315
57200,0.084,0.608,0.308
57300,0.088,0.600,0.312
57400,0.089,0.601,0.310
57500,0.090,0.600,0.310
57600,0.090,0.595,0.315
57700,0.092,0.596,0.312
57800,0.086,0.613,0.301
57900,0.082,0.604,0.314
58000,0.076,0.581,0.343
58100,0.079,0.568,0.353
58200,0.082,0.565,0.353
58300,0.083,0.557,0.360
58400,0.090,0.534,0.376
58500,0.087,0.553,0.360
58600,0.084,0.551,0.365
58700,0.083,0.563,0.354
58800,0.085,0.573,0.342
58900,0.076,0.569,0.355
59000,0.082,0.593,0.325
59100,0.085,0.578,0.337
59200,0.087,0.573,0.340
59300,0.086,0.560,0.354
59400,0.090,0.543,0.367
59500,0.096,0.542,0.362
59600,0.100,0.561,0.339
59700,0.097,0.569,0.334
59800,0.103,0.566,0.331
59900,0.098,0.571,0.331
60000,0.094,0.555,0.351
60100,0.102,0.549,0.349
60200,0.104,0.535,0.361
60300,0.104,0.532,0.364
60400,0.110,0.524,0.366
60500,0.114,0.513,0.373
60600,0.114,0.508,0.378
60700,0.109,0.508,0.383
60800,0.113,0.509,0.378
60900,0.112,0.508,0.380
61000,0.109,0.512,0.379
61100,0.109,0.515,0.376
61200,0.107,0.519,0.374
61300,0.114,0.526,0.360
61400,0.109,0.521,0.370
61500,0.106,0.529,0.365
61600,0.101,0.526,0.373
61700,0.109,0.535,0.356
61800,0.112,0.525,0.363
61900,0.101,0.517,0.382
62000,0.096,0.523,0.381
62100,0.104,0.528,0.368
62200,0.106,0.528,0.366
62300,0.106,0.524,0.370
62400,0.103,0.525,0.372
62500,0.097,0.532,0.371
62600,0.098,0.532,0.370
62700,0.094,0.548,0.358
62800,0.094,0.549,0.357
62900,0.096,0.541,0.363
63000,0.093,0.535,0.372
63100,0.105,0.539,0.356
63200,0.102,0.533,0.365
63300,0.095,0.510,0.395
63400,0.096,0.499,0.405
63500,0.096,0.506,0.398
63600,0.094,0.539,0.367
63700,0.106,0.542,0.352
63800,0.106,0.545,0.349
63900,0.108,0.546,0.346
64000,0.105,0.546,0.349
64100,0.103,0.543,0.354
64200,0.102,0.546,0.352
64300,0.106,0.539,0.355
64400,0.110,0.535,0.355
64500,0.112,0.529,0.359
64600,0.116,0.535,0.349
64700,0.114,0.535,0.351
64800,0.108,0.523,0.369
64900,0.108,0.525,0.367
65000,0.100,0.524,0.376
65100,0.102,0.530,0.368
65200,0.105,0.535,0.360
65300,0.108,0.527,0.365
65400,0.114,0.537,0.349
65500,0.112,0.535,0.353
65600,0.116,0.541,0.343
65700,0.107,0.540,0.353
65800,0.106,0.545,0.349
65900,0.113,0.531,0.356
66000,0.110,0.531,0.359
66100,0.111,0.547,0.342
66200,0.113,0.544,0.343
66300,0.108,0.531,0.361
66400,0.109,0.526,0.365
66500,0.107,0.520,0.373
66600,0.098,0.533,0.369
66700,0.105,0.525,0.370
66800,0.109,0.516,0.375
66900,0.112,0.531,0.357
67000,0.108,0.507,0.385
67100,0.115,0.493,0.392
67200,0.110,0.514,0.376
67300,0.118,0.510,0.372
67400,0.115,0.513,0.372
67500,0.108,0.519,0.373
67600,0.111,0.518,0.371
67700,0.114,0.512,0.374
67800,0.109,0.497,0.394
67900,0.106,0.506,0.388
68000,0.110,0.516,0.374
68100,0.105,0.519,0.376
68200,0.111,0.529,0.360
68300,0.107,0.519,0.374
68400,0.107,0.529,0.364
68500,0.108,0.534,0.358
68600,0.111,0.525,0.364
68700,0.114,0.530,0.356
68800,0.127,0.534,0.339
68900,0.122,0.520,0.358
69000,0.113,0.526,0.361
69100,0.111,0.530,0.359
69200,0.110,0.507,0.383
69300,0.110,0.489,0.401
69400,0.117,0.489,0.394
69500,0.117,0.500,0.383
69600,0.120,0.511,0.369
69700,0.118,0.512,0.370
69800,0.119,0.520,0.361
69900,0.120,0.517,0.363
70000,0.111,0.528,0.361
70100,0.117,0.533,0.350
70200,0.115,0.540,0.345
70300,0.110,0.562,0.328
70400,0.106,0.565,0.329
70500,0.107,0.558,0.335
70600,0.110,0.551,0.339
70700,0.108,0.550,0.342
70800,0.108,0.554,0.338
70900,0.107,0.563,0.330
71000,0.105,0.565,0.330
71100,0.110,0.553,0.337
71200,0.113,0.562,0.325
71300,0.114,0.554,0.332
71400,0.117,0.552,0.331
71500,0.113,0.548,0.339
71600,0.112,0.554,0.334
71700,0.109,0.544,0.347
71800,0.112,0.542,0.346
71900,0.104,0.546,0.350
72000,0.097,0.522,0.381
72100,0.102,0.511,0.387
72200,0.096,0.488,0.416
72300,0.098,0.491,0.411
72400,0.100,0.498,0.402
72500,0.098,0.504,0.398
72600,0.096,0.481,0.423
72700,0.096,0.487,0.417
72800,0.103,0.480,0.417
72900,0.110,0.495,0.395
73000,0.115,0.498,0.387
73100,0.113,0.497,0.390
73200,0.107,0.510,0.383
73300,0.102,0.519,0.379
73400,0.108,0.517,0.375
73500,0.101,0.510,0.389
73600,0.097,0.507,0.396
73700,0.104,0.515,0.381
73800,0.106,0.503,0.391
73900,0.106,0.492,0.402
74000,0.109,0.506,0.385
74100,0.108,0.503,0.389
74200,0.112,0.509,0.379
74300,0.112,0.510,0.378
74400,0.107,0.513,0.380
74500,0.107,0.517,0.376
74600,0.115,0.512,0.373
74700,0.115,0.513,0.372
74800,0.116,0.499,0.385
74900,0.118,0.508,0.374
75000,0.128,0.497,0.375
75100,0.138,0.498,0.364
75200,0.135,0.489,0.376
75300,0.135,0.504,0.361
75400,0.140,0.501,0.359
75500,0.139,0.486,0.375
75600,0.144,0.477,0.379
75700,0.143,0.480,0.377
75800,0.146,0.480,0.374
75900,0.138,0.473,0.389
76000,0.135,0.468,0.397
76100,0.135,0.476,0.389
76200,0.133,0.465,0.402
76300,0.128,0.475,0.397
76400,0.133,0.469,0.398
76500,0.131,0.468,0.401
76600,0.136,0.480,0.384
76700,0.128,0.479,0.393
76800,0.130,0.465,0.405
76900,0.128,0.470,0.402
77000,0.131,0.464,0.405
77100,0.123,0.455,0.422
77200,0.131,0.458,0.411
77300,0.132,0.457,0.411
77400,0.130,0.453,0.417
77500,0.121,0.475,0.404
77600,0.113,0.471,0.416
77700,0.113,0.459,0.428
77800,0.123,0.464,0.413
77900,0.126,0.473,0.401
78000,0.128,0.477,0.395
78100,0.135,0.482,0.383
78200,0.138,0.483,0.379
78300,0.137,0.476,0.387
78400,0.124,0.465,0.411
78500,0.123,0.464,0.413
78600,0.126,0.469,0.405
78700,0.129,0.474,0.397
78800,0.129,0.471,0.400
78900,0.125,0.477,0.398
79000,0.130,0.484,0.386
79100,0.132,0.475,0.393
79200,0.124,0.478,0.398
79300,0.132,0.473,0.395
79400,0.133,0.456,0.411
79500,0.134,0.438,0.428
79600,0.143,0.435,0.422
79700,0.141,0.427,0.432
79800,0.146,0.424,0.430
79900,0.141,0.424,0.435
80000,0.140,0.419,0.441
80100,0.142,0.424,0.434
80200,0.142,0.416,0.442
80300,0.149,0.417,0.434
80400,0.155,0.424,0.421
80500,0.158,0.425,0.417
80600,0.154,0.430,0.416
80700,0.148,0.441,0.411
80800,0.151,0.437,0.412
80900,0.158,0.436,0.406
81000,0.151,0.431,0.418
81100,0.156,0.429,0.415
81200,0.151,0.418,0.431
81300,0.161,0.409,0.430
81400,0.161,0.416,0.423
81500,0.155,0.414,0.431
81600,0.158,0.423,0.419
81700,0.159,0.404,0.437
81800,0.152,0.414,0.434
81900,0.156,0.415,0.429
82000,0.160,0.397,0.443
82100,0.168,0.406,0.426
82200,0.166,0.396,0.438
82300,0.161,0.391,0.448
82400,0.159,0.388,0.453
82500,0.167,0.389,0.444
82600,0.176,0.369,0.455
82700,0.183,0.368,0.449
82800,0.188,0.361,0.451
82900,0.195,0.374,0.431
83000,0.196,0.370,0.434
83100,0.204,0.367,0.429
83200,0.198,0.380,0.422
83300,0.196,0.388,0.416
83400,0.191,0.388,0.421
83500,0.192,0.391,0.417
83600,0.200,0.397,0.403
83700,0.189,0.373,0.438
83800,0.186,0.377,0.437
83900,0.187,0.373,0.440
84000,0.189,0.373,0.438
84100,0.193,0.367,0.440
84200,0.190,0.366,0.444
84300,0.186,0.377,0.437
84400,0.181,0.382,0.437
84500,0.168,0.387,0.445
84600,0.162,0.388,0.450
84700,0.166,0.395,0.439
84800,0.159,0.400,0.441
84900,0.150,0.400,0.450
85000,0.151,0.394,0.455
85100,0.139,0.400,0.461
85200,0.151,0.395,0.454
85300,0.151,0.390,0.459
85400,0.151,0.403,0.446
85500,0.154,0.418,0.428
85600,0.154,0.418,0.428
85700,0.157,0.415,0.428
85800,0.161,0.411,0.428
85900,0.159,0.420,0.421
86000,0.162,0.426,0.412
86100,0.166,0.431,0.403
86200,0.169,0.431,0.400
86300,0.166,0.431,0.403
86400,0.161,0.455,0.384
86500,0.159,0.442,0.399
86600,0.162,0.436,0.402
86700,0.159,0.429,0.412
86800,0.169,0.433,0.398
86900,0.168,0.430,0.402
87000,0.170,0.425,0.405
87100,0.185,0.423,0.392
87200,0.180,0.434,0.386
87300,0.177,0.433,0.390
87400,0.172,0.431,0.397
87500,0.178,0.426,0.396
87600,0.172,0.408,0.420
87700,0.169,0.410,0.421
87800,0.177,0.409,0.414
87900,0.179,0.411,0.410
88000,0.173,0.418,0.409
88100,0.181,0.413,0.406
88200,0.183,0.418,0.399
88300,0.167,0.417,0.416
88400,0.165,0.407,0.428
88500,0.166,0.405,0.429
88600,0.169,0.403,0.428
88700,0.169,0.400,0.431
88800,0.179,0.407,0.414
88900,0.176,0.408,0.416
89000,0.182,0.401,0.417
89100,0.178,0.398,0.424
89200,0.183,0.403,0.414
89300,0.179,0.409,0.412
89400,0.191,0.421,0.388
89500,0.186,0.421,0.393
89600,0.179,0.436,0.385
89700,0.174,0.413,0.413
89800,0.170,0.419,0.411
89900,0.175,0.416,0.409
90000,0.176,0.418,0.406
90100,0.176,0.436,0.388
90200,0.176,0.433,0.391
90300,0.167,0.434,0.399
90400,0.166,0.432,0.402
90500,0.173,0.429,0.398
90600,0.179,0.404,0.417
90700,0.189,0.409,0.402
90800,0.185,0.428,0.387
90900,0.179,0.403,0.418
91000,0.180,0.392,0.428
91100,0.192,0.386,0.422
91200,0.195,0.383,0.422
91300,0.198,0.374,0.428
91400,0.201,0.377,0.422
91500,0.204,0.388,0.408
91600,0.198,0.402,0.400
91700,0.203,0.400,0.397
91800,0.193,0.402,0.405
91900,0.189,0.407,0.404
92000,0.170,0.390,0.440
92100,0.179,0.400,0.421
92200,0.186,0.403,0.411
92300,0.172,0.399,0.429
92400,0.179,0.404,0.417
92500,0.172,0.381,0.447
92600,0.161,0.384,0.455
92700,0.167,0.379,0.454
92800,0.172,0.378,0.450
92900,0.176,0.380,0.444
93000,0.186,0.381,0.433
93100,0.182,0.370,0.448
93200,0.188,0.371,0.441
93300,0.193,0.361,0.446
93400,0.199,0.344,0.457
93500,0.197,0.351,0.452
93600,0.180,0.350,0.470
93700,0.198,0.362,0.440
93800,0.199,0.356,0.445
93900,0.196,0.348,0.456
94000,0.193,0.355,0.452
94100,0.206,0.365,0.429
94200,0.209,0.372,0.419
94300,0.210,0.374,0.416
94400,0.207,0.383,0.410
94500,0.208,0.370,0.422
94600,0.206,0.359,0.435
94700,0.211,0.354,0.435
94800,0.212,0.349,0.439
94900,0.212,0.358,0.430
95000,0.208,0.355,0.437
95100,0.203,0.355,0.442
95200,0.217,0.349,0.434
95300,0.229,0.337,0.434
95400,0.228,0.328,0.444
95500,0.230,0.317,0.453
95600,0.234,0.326,0.440
95700,0.234,0.322,0.444
95800,0.228,0.317,0.455
95900,0.229,0.311,0.460
96000,0.224,0.315,0.461
96100,0.231,0.302,0.467
96200,0.229,0.310,0.461
96300,0.226,0.310,0.464
96400,0.228,0.315,0.457
96500,0.241,0.308,0.451
96600,0.227,0.314,0.459
96700,0.233,0.311,0.456
96800,0.234,0.307,0.459
96900,0.235,0.308,0.457
97000,0.237,0.294,0.469
97100,0.224,0.308,0.468
97200,0.229,0.309,0.462
97300,0.230,0.310,0.460
97400,0.230,0.312,0.458
97500,0.230,0.314,0.456
97600,0.237,0.301,0.462
97700,0.237,0.298,0.465
97800,0.246,0.304,0.450
97900,0.252,0.295,0.453
98000,0.253,0.300,0.447
98100,0.248,0.300,0.452
98200,0.250,0.289,0.461
98300,0.263,0.287,0.450
98400,0.262,0.288,0.450
98500,0.264,0.292,0.444
98600,0.260,0.296,0.444
98700,0.261,0.295,0.444
98800,0.275,0.288,0.437
98900,0.267,0.283,0.450
99000,0.268,0.275,0.457
99100,0.272,0.286,0.442
99200,0.279,0.286,0.435
99300,0.277,0.285,0.438
99400,0.265,0.269,0.466
99500,0.269,0.270,0.461
99600,0.279,0.271,0.450
99700,0.274,0.276,0.450
99800,0.279,0.265,0.456
99900,0.285,0.284,0.431
100000,0.279,0.283,0.438
