time,n_A+p,n_B,n_AB
500,0.050,0.894,0.056
1000,0.050,0.707,0.243
1500,0.050,0.530,0.420
2000,0.050,0.457,0.493
2500,0.062,0.342,0.596
3000,0.067,0.346,0.587
3500,0.075,0.305,0.620
4000,0.104,0.280,0.616
4500,0.087,0.251,0.662
5000,0.106,0.267,0.627
5500,0.132,0.194,0.674
6000,0.189,0.138,0.673
6500,0.207,0.113,0.680
7000,0.239,0.105,0.656
7500,0.234,0.072,0.694
8000,0.370,0.028,0.602
8500,0.576,0.002,0.422
9000,0.638,0.000,0.362
9500,0.705,0.000,0.295
10000,0.771,0.000,0.229
10500,0.769,0.000,0.231
11000,0.796,0.000,0.204
11500,0.836,0.000,0.164
12000,0.851,0.000,0.149
12500,0.833,0.000,0.167
13000,0.840,0.000,0.160
13500,0.802,0.000,0.198
14000,0.739,0.000,0.261
14500,0.721,0.000,0.279
15000,0.678,0.000,0.322
15500,0.706,0.000,0.294
16000,0.705,0.000,0.295
16500,0.649,0.000,0.351
17000,0.716,0.000,0.284
17500,0.699,0.000,0.301
18000,0.719,0.000,0.281
18500,0.752,0.000,0.248
19000,0.774,0.000,0.226
19500,0.809,0.000,0.191
20000,0.796,0.000,0.204
20500,0.756,0.000,0.244
21000,0.766,0.000,0.234
21500,0.801,0.001,0.198
22000,0.823,0.000,0.177
22500,0.821,0.000,0.179
23000,0.879,0.000,0.121
23500,0.877,0.000,0.123
24000,0.905,0.000,0.095
24500,0.888,0.000,0.112
25000,0.904,0.000,0.096
25500,0.860,0.000,0.140
26000,0.902,0.000,0.098
26500,0.913,0.000,0.087
27000,0.934,0.000,0.066
27500,0.929,0.000,0.071
28000,0.925,0.000,0.075
28500,0.869,0.000,0.131
29000,0.917,0.000,0.083
29500,0.949,0.000,0.051
30000,0.964,0.000,0.036
30500,0.975,0.000,0.025
31000,0.988,0.000,0.012
31500,0.996,0.000,0.004
32000,1.000,0.000,0.000
