time,n_A+p,n_B,n_AB
500,0.050,0.855,0.095
1000,0.050,0.734,0.216
1500,0.050,0.604,0.346
2000,0.050,0.488,0.461
2500,0.051,0.362,0.587
3000,0.062,0.284,0.654
3500,0.059,0.226,0.716
4000,0.077,0.179,0.743
4500,0.090,0.143,0.767
5000,0.104,0.121,0.774
5500,0.113,0.124,0.763
6000,0.116,0.105,0.779
6500,0.154,0.069,0.777
7000,0.185,0.062,0.752
7500,0.173,0.052,0.775
8000,0.184,0.035,0.780
8500,0.212,0.034,0.754
9000,0.209,0.017,0.773
9500,0.204,0.033,0.764
10000,0.218,0.038,0.743
10500,0.242,0.030,0.728
11000,0.234,0.030,0.736
11500,0.223,0.019,0.758
12000,0.202,0.032,0.767
12500,0.255,0.026,0.719
13000,0.259,0.032,0.710
13500,0.284,0.015,0.702
14000,0.271,0.009,0.721
14500,0.273,0.007,0.721
15000,0.281,0.007,0.711
15500,0.289,0.015,0.696
16000,0.269,0.015,0.716
16500,0.252,0.023,0.725
17000,0.251,0.030,0.719
17500,0.241,0.026,0.733
18000,0.256,0.022,0.722
18500,0.257,0.022,0.721
19000,0.282,0.017,0.701
19500,0.231,0.017,0.752
20000,0.230,0.021,0.750
20500,0.232,0.031,0.737
21000,0.252,0.021,0.727
21500,0.293,0.021,0.686
22000,0.299,0.013,0.688
22500,0.281,0.013,0.706
23000,0.279,0.013,0.708
23500,0.286,0.013,0.701
24000,0.276,0.015,0.710
24500,0.242,0.015,0.743
25000,0.248,0.015,0.737
25500,0.237,0.025,0.738
26000,0.242,0.036,0.722
26500,0.225,0.035,0.740
27000,0.246,0.036,0.717
27500,0.238,0.022,0.739
28000,0.242,0.021,0.737
28500,0.253,0.023,0.724
29000,0.265,0.013,0.723
29500,0.260,0.015,0.725
30000,0.242,0.010,0.748
30500,0.222,0.018,0.761
31000,0.275,0.017,0.709
31500,0.251,0.018,0.731
32000,0.250,0.018,0.732
32500,0.227,0.018,0.755
33000,0.243,0.017,0.741
33500,0.282,0.021,0.697
34000,0.259,0.023,0.718
34500,0.232,0.028,0.741
35000,0.239,0.027,0.734
35500,0.225,0.025,0.750
36000,0.225,0.038,0.737
36500,0.212,0.027,0.761
37000,0.209,0.027,0.763
37500,0.242,0.022,0.736
38000,0.254,0.019,0.727
38500,0.226,0.016,0.758
39000,0.236,0.012,0.752
39500,0.231,0.031,0.738
40000,0.252,0.034,0.715
40500,0.221,0.040,0.739
41000,0.217,0.030,0.753
41500,0.233,0.027,0.740
42000,0.232,0.034,0.735
42500,0.243,0.035,0.721
43000,0.215,0.021,0.764
43500,0.205,0.019,0.776
44000,0.258,0.025,0.717
44500,0.243,0.023,0.733
45000,0.229,0.013,0.758
45500,0.235,0.021,0.743
46000,0.211,0.024,0.765
46500,0.230,0.016,0.754
47000,0.230,0.030,0.740
47500,0.204,0.025,0.772
48000,0.189,0.026,0.785
48500,0.194,0.045,0.761
49000,0.196,0.034,0.770
49500,0.199,0.040,0.762
50000,0.215,0.029,0.757
50500,0.182,0.034,0.784
51000,0.202,0.040,0.759
51500,0.195,0.041,0.764
52000,0.186,0.032,0.783
52500,0.176,0.059,0.765
53000,0.191,0.054,0.755
53500,0.173,0.043,0.784
54000,0.171,0.042,0.788
54500,0.171,0.045,0.784
55000,0.172,0.044,0.783
55500,0.165,0.057,0.778
56000,0.179,0.059,0.762
56500,0.178,0.049,0.772
57000,0.177,0.045,0.778
57500,0.190,0.040,0.770
58000,0.206,0.035,0.760
58500,0.222,0.041,0.738
59000,0.251,0.018,0.732
59500,0.259,0.026,0.716
60000,0.228,0.029,0.743
60500,0.224,0.024,0.753
61000,0.271,0.021,0.708
61500,0.243,0.029,0.728
62000,0.232,0.034,0.735
62500,0.259,0.027,0.715
63000,0.259,0.016,0.725
63500,0.275,0.022,0.704
64000,0.278,0.025,0.697
64500,0.256,0.021,0.724
65000,0.244,0.025,0.730
65500,0.255,0.018,0.727
66000,0.256,0.019,0.725
66500,0.248,0.016,0.736
67000,0.247,0.026,0.727
67500,0.247,0.011,0.742
68000,0.255,0.011,0.734
68500,0.270,0.016,0.714
69000,0.258,0.022,0.720
69500,0.243,0.021,0.736
70000,0.258,0.011,0.731
70500,0.270,0.013,0.717
71000,0.293,0.015,0.693
71500,0.301,0.009,0.690
72000,0.281,0.012,0.708
72500,0.262,0.021,0.718
73000,0.287,0.015,0.698
73500,0.262,0.018,0.720
74000,0.269,0.013,0.719
74500,0.284,0.012,0.704
75000,0.264,0.010,0.726
75500,0.292,0.011,0.697
76000,0.279,0.015,0.706
76500,0.289,0.019,0.691
77000,0.223,0.017,0.760
77500,0.242,0.013,0.745
78000,0.248,0.017,0.735
78500,0.242,0.019,0.739
79000,0.248,0.029,0.723
79500,0.235,0.026,0.738
80000,0.254,0.015,0.732
80500,0.252,0.019,0.729
81000,0.245,0.015,0.740
81500,0.247,0.016,0.736
82000,0.259,0.029,0.712
82500,0.241,0.033,0.725
83000,0.215,0.041,0.745
83500,0.198,0.024,0.779
84000,0.231,0.030,0.739
84500,0.241,0.024,0.735
85000,0.247,0.040,0.714
85500,0.246,0.024,0.731
86000,0.258,0.024,0.719
86500,0.259,0.013,0.729
87000,0.228,0.018,0.754
87500,0.247,0.025,0.727
88000,0.213,0.033,0.754
88500,0.230,0.023,0.747
89000,0.265,0.027,0.709
89500,0.227,0.028,0.745
90000,0.223,0.021,0.756
90500,0.274,0.030,0.696
91000,0.262,0.026,0.712
91500,0.280,0.021,0.700
92000,0.271,0.018,0.712
92500,0.262,0.017,0.722
93000,0.262,0.026,0.712
93500,0.241,0.030,0.729
94000,0.207,0.045,0.747
94500,0.211,0.057,0.732
95000,0.196,0.057,0.747
95500,0.183,0.067,0.750
96000,0.175,0.060,0.764
96500,0.184,0.049,0.767
97000,0.226,0.040,0.734
97500,0.232,0.028,0.741
98000,0.245,0.026,0.728
98500,0.259,0.024,0.718
99000,0.237,0.017,0.745
99500,0.232,0.013,0.756
100000,0.257,0.029,0.715
100500,0.227,0.051,0.722
101000,0.224,0.047,0.729
101500,0.240,0.033,0.728
102000,0.204,0.031,0.765
102500,0.236,0.017,0.747
103000,0.279,0.019,0.702
103500,0.283,0.012,0.705
104000,0.296,0.011,0.694
104500,0.278,0.009,0.713
105000,0.281,0.005,0.714
105500,0.312,0.009,0.678
106000,0.340,0.012,0.648
106500,0.312,0.015,0.672
107000,0.351,0.005,0.644
107500,0.320,0.015,0.665
108000,0.282,0.014,0.704
108500,0.296,0.022,0.681
109000,0.266,0.024,0.710
109500,0.283,0.021,0.696
110000,0.300,0.022,0.677
110500,0.257,0.020,0.723
111000,0.257,0.021,0.722
111500,0.232,0.024,0.744
112000,0.234,0.021,0.746
112500,0.264,0.020,0.716
113000,0.279,0.015,0.707
113500,0.273,0.018,0.710
114000,0.279,0.015,0.707
114500,0.267,0.015,0.718
115000,0.262,0.022,0.716
115500,0.249,0.022,0.728
116000,0.270,0.026,0.704
116500,0.239,0.025,0.736
117000,0.231,0.019,0.750
117500,0.243,0.013,0.744
118000,0.249,0.021,0.730
118500,0.249,0.031,0.719
119000,0.228,0.026,0.746
119500,0.225,0.025,0.750
120000,0.240,0.027,0.733
120500,0.213,0.040,0.748
121000,0.193,0.029,0.778
121500,0.209,0.035,0.756
122000,0.206,0.031,0.762
122500,0.206,0.040,0.754
123000,0.215,0.028,0.756
123500,0.258,0.025,0.717
124000,0.263,0.012,0.726
124500,0.283,0.013,0.705
125000,0.248,0.018,0.734
125500,0.252,0.017,0.731
126000,0.279,0.023,0.699
126500,0.270,0.006,0.724
127000,0.295,0.005,0.700
127500,0.299,0.013,0.688
128000,0.281,0.009,0.710
128500,0.270,0.012,0.718
129000,0.264,0.005,0.731
129500,0.273,0.013,0.714
130000,0.287,0.011,0.703
130500,0.302,0.014,0.683
131000,0.268,0.024,0.708
131500,0.253,0.031,0.717
132000,0.248,0.028,0.725
132500,0.220,0.029,0.752
133000,0.204,0.032,0.764
133500,0.227,0.030,0.743
134000,0.213,0.036,0.751
134500,0.192,0.029,0.779
135000,0.218,0.035,0.747
135500,0.199,0.036,0.765
136000,0.201,0.022,0.777
136500,0.230,0.021,0.750
137000,0.202,0.018,0.780
137500,0.207,0.015,0.777
138000,0.219,0.036,0.745
138500,0.221,0.024,0.756
139000,0.263,0.025,0.713
139500,0.255,0.025,0.721
140000,0.240,0.024,0.737
140500,0.240,0.013,0.747
141000,0.255,0.016,0.729
141500,0.251,0.035,0.714
142000,0.218,0.036,0.745
142500,0.256,0.034,0.711
143000,0.217,0.032,0.751
143500,0.219,0.035,0.746
144000,0.214,0.045,0.741
144500,0.197,0.040,0.764
145000,0.178,0.035,0.788
145500,0.182,0.046,0.772
146000,0.209,0.050,0.741
146500,0.215,0.031,0.754
147000,0.207,0.026,0.766
147500,0.207,0.026,0.766
148000,0.226,0.035,0.739
148500,0.216,0.022,0.761
149000,0.215,0.038,0.747
149500,0.231,0.033,0.737
150000,0.221,0.026,0.753
150500,0.220,0.016,0.764
151000,0.240,0.021,0.739
151500,0.210,0.036,0.753
152000,0.225,0.019,0.756
152500,0.215,0.028,0.757
153000,0.214,0.033,0.752
153500,0.220,0.036,0.744
154000,0.229,0.025,0.746
154500,0.222,0.034,0.744
155000,0.214,0.027,0.759
155500,0.241,0.037,0.721
156000,0.253,0.033,0.715
156500,0.244,0.021,0.735
157000,0.223,0.022,0.755
157500,0.224,0.021,0.755
158000,0.229,0.025,0.747
158500,0.203,0.040,0.757
159000,0.199,0.040,0.761
159500,0.231,0.032,0.738
160000,0.244,0.027,0.729
160500,0.247,0.025,0.728
161000,0.267,0.019,0.714
161500,0.273,0.017,0.710
162000,0.272,0.013,0.715
162500,0.243,0.022,0.735
163000,0.278,0.015,0.708
163500,0.274,0.026,0.700
164000,0.263,0.017,0.721
164500,0.237,0.021,0.742
165000,0.259,0.031,0.711
165500,0.266,0.018,0.716
166000,0.292,0.013,0.694
166500,0.280,0.014,0.706
167000,0.256,0.026,0.718
167500,0.228,0.013,0.760
168000,0.222,0.013,0.765
168500,0.255,0.016,0.730
169000,0.233,0.025,0.743
169500,0.236,0.035,0.729
170000,0.227,0.044,0.729
170500,0.220,0.030,0.750
171000,0.241,0.044,0.715
171500,0.237,0.033,0.731
172000,0.238,0.022,0.740
172500,0.256,0.013,0.732
173000,0.273,0.017,0.710
173500,0.279,0.016,0.706
174000,0.273,0.013,0.715
174500,0.245,0.018,0.736
175000,0.250,0.025,0.725
175500,0.251,0.021,0.728
176000,0.262,0.008,0.730
176500,0.272,0.006,0.722
177000,0.229,0.029,0.742
177500,0.235,0.032,0.733
178000,0.218,0.024,0.758
178500,0.241,0.028,0.732
179000,0.255,0.029,0.717
179500,0.277,0.021,0.703
180000,0.255,0.016,0.730
180500,0.235,0.021,0.745
181000,0.221,0.037,0.742
181500,0.236,0.037,0.727
182000,0.255,0.035,0.711
182500,0.234,0.037,0.729
183000,0.244,0.023,0.733
183500,0.259,0.025,0.716
184000,0.231,0.011,0.758
184500,0.225,0.022,0.753
185000,0.233,0.026,0.741
185500,0.236,0.023,0.741
186000,0.262,0.017,0.722
186500,0.273,0.015,0.712
187000,0.275,0.021,0.705
187500,0.260,0.021,0.720
188000,0.249,0.015,0.736
188500,0.253,0.017,0.731
189000,0.206,0.025,0.770
189500,0.234,0.031,0.735
190000,0.236,0.031,0.733
190500,0.224,0.032,0.745
191000,0.248,0.022,0.730
191500,0.266,0.019,0.715
192000,0.272,0.018,0.710
192500,0.258,0.017,0.725
193000,0.241,0.021,0.738
193500,0.231,0.035,0.735
194000,0.223,0.042,0.736
194500,0.203,0.034,0.764
195000,0.224,0.030,0.746
195500,0.211,0.021,0.767
196000,0.248,0.021,0.731
196500,0.237,0.025,0.738
197000,0.252,0.021,0.728
197500,0.232,0.025,0.744
198000,0.211,0.026,0.762
198500,0.250,0.038,0.712
199000,0.214,0.036,0.750
199500,0.203,0.030,0.767
200000,0.195,0.021,0.783
200500,0.203,0.025,0.772
201000,0.221,0.038,0.741
201500,0.211,0.024,0.764
202000,0.224,0.043,0.733
202500,0.211,0.030,0.759
203000,0.193,0.028,0.779
203500,0.258,0.033,0.709
204000,0.254,0.025,0.721
204500,0.221,0.019,0.760
205000,0.246,0.018,0.735
205500,0.228,0.016,0.756
206000,0.217,0.034,0.750
206500,0.246,0.034,0.720
207000,0.236,0.033,0.731
207500,0.254,0.021,0.725
208000,0.233,0.032,0.735
208500,0.229,0.033,0.739
209000,0.213,0.036,0.751
209500,0.216,0.030,0.753
210000,0.216,0.029,0.755
210500,0.213,0.041,0.747
211000,0.207,0.045,0.747
211500,0.198,0.024,0.779
212000,0.184,0.030,0.785
212500,0.230,0.021,0.750
213000,0.234,0.027,0.739
213500,0.226,0.024,0.750
214000,0.223,0.019,0.758
214500,0.234,0.025,0.740
215000,0.233,0.021,0.746
215500,0.237,0.022,0.740
216000,0.220,0.021,0.759
216500,0.236,0.024,0.740
217000,0.243,0.026,0.730
217500,0.264,0.021,0.716
218000,0.253,0.018,0.729
218500,0.239,0.024,0.737
219000,0.229,0.024,0.748
219500,0.238,0.028,0.734
220000,0.258,0.024,0.718
220500,0.237,0.018,0.744
221000,0.270,0.026,0.704
221500,0.243,0.032,0.726
222000,0.244,0.024,0.733
222500,0.221,0.020,0.759
223000,0.227,0.029,0.744
223500,0.247,0.029,0.724
224000,0.267,0.020,0.713
224500,0.243,0.017,0.739
225000,0.231,0.018,0.751
225500,0.200,0.037,0.763
226000,0.242,0.033,0.726
226500,0.247,0.033,0.720
227000,0.264,0.030,0.706
227500,0.287,0.015,0.698
228000,0.275,0.015,0.711
228500,0.285,0.013,0.701
229000,0.273,0.024,0.703
229500,0.236,0.026,0.737
230000,0.243,0.025,0.731
230500,0.265,0.021,0.715
231000,0.266,0.026,0.708
231500,0.243,0.013,0.743
232000,0.257,0.015,0.729
232500,0.273,0.013,0.715
233000,0.278,0.025,0.698
233500,0.263,0.024,0.713
234000,0.232,0.021,0.747
234500,0.242,0.020,0.738
235000,0.243,0.029,0.729
235500,0.267,0.021,0.713
236000,0.273,0.011,0.717
236500,0.257,0.008,0.736
237000,0.281,0.018,0.700
237500,0.267,0.015,0.719
238000,0.259,0.019,0.722
238500,0.252,0.015,0.734
239000,0.242,0.011,0.747
239500,0.224,0.017,0.760
240000,0.235,0.018,0.747
240500,0.255,0.013,0.733
241000,0.238,0.021,0.740
241500,0.246,0.028,0.727
242000,0.252,0.021,0.727
242500,0.242,0.026,0.732
243000,0.235,0.021,0.745
243500,0.240,0.027,0.733
244000,0.264,0.021,0.716
244500,0.244,0.030,0.726
245000,0.237,0.038,0.724
245500,0.234,0.022,0.743
246000,0.249,0.021,0.730
246500,0.228,0.016,0.756
247000,0.265,0.018,0.717
247500,0.257,0.018,0.726
248000,0.250,0.022,0.728
248500,0.238,0.010,0.752
249000,0.252,0.011,0.737
249500,0.271,0.015,0.715
250000,0.288,0.015,0.697
250500,0.261,0.013,0.726
251000,0.284,0.013,0.703
251500,0.257,0.013,0.730
252000,0.274,0.022,0.704
252500,0.255,0.021,0.724
253000,0.256,0.022,0.722
253500,0.227,0.024,0.750
254000,0.203,0.013,0.784
254500,0.213,0.018,0.770
255000,0.249,0.022,0.728
255500,0.238,0.019,0.743
256000,0.243,0.017,0.739
256500,0.245,0.014,0.740
257000,0.246,0.015,0.739
257500,0.276,0.018,0.707
258000,0.245,0.020,0.735
258500,0.235,0.018,0.747
259000,0.245,0.016,0.738
259500,0.258,0.013,0.730
260000,0.248,0.009,0.742
260500,0.240,0.017,0.743
261000,0.258,0.018,0.724
261500,0.252,0.026,0.722
262000,0.231,0.024,0.746
262500,0.235,0.031,0.733
263000,0.240,0.022,0.738
263500,0.236,0.028,0.736
264000,0.247,0.015,0.737
264500,0.264,0.017,0.720
265000,0.246,0.024,0.730
265500,0.288,0.021,0.692
266000,0.311,0.015,0.675
266500,0.325,0.015,0.660
267000,0.328,0.009,0.663
267500,0.283,0.008,0.709
268000,0.267,0.013,0.720
268500,0.208,0.023,0.768
269000,0.252,0.015,0.733
269500,0.275,0.014,0.712
270000,0.267,0.011,0.722
270500,0.285,0.004,0.711
271000,0.293,0.017,0.690
271500,0.275,0.013,0.712
272000,0.297,0.013,0.689
272500,0.290,0.005,0.705
273000,0.267,0.015,0.718
273500,0.238,0.016,0.746
274000,0.231,0.022,0.747
274500,0.210,0.032,0.757
275000,0.262,0.034,0.704
275500,0.282,0.025,0.694
276000,0.275,0.011,0.715
276500,0.241,0.021,0.738
277000,0.216,0.033,0.750
277500,0.216,0.037,0.746
278000,0.202,0.036,0.762
278500,0.246,0.033,0.721
279000,0.255,0.028,0.718
279500,0.315,0.017,0.669
280000,0.282,0.019,0.698
280500,0.287,0.017,0.696
281000,0.294,0.014,0.692
281500,0.301,0.018,0.681
282000,0.305,0.012,0.682
282500,0.287,0.015,0.697
283000,0.297,0.023,0.679
283500,0.259,0.018,0.723
284000,0.262,0.033,0.705
284500,0.258,0.030,0.712
285000,0.273,0.025,0.703
285500,0.256,0.018,0.727
286000,0.257,0.020,0.724
286500,0.259,0.033,0.709
287000,0.235,0.028,0.737
287500,0.246,0.022,0.732
288000,0.222,0.011,0.767
288500,0.249,0.021,0.729
289000,0.259,0.013,0.729
289500,0.265,0.011,0.724
290000,0.299,0.019,0.682
290500,0.286,0.014,0.700
291000,0.290,0.011,0.698
291500,0.271,0.025,0.705
292000,0.269,0.019,0.712
292500,0.275,0.021,0.704
293000,0.276,0.031,0.693
293500,0.269,0.039,0.693
294000,0.252,0.029,0.719
294500,0.232,0.021,0.748
295000,0.254,0.013,0.733
295500,0.259,0.023,0.718
296000,0.252,0.024,0.725
296500,0.242,0.020,0.738
297000,0.212,0.041,0.747
297500,0.208,0.040,0.752
298000,0.205,0.035,0.760
298500,0.222,0.036,0.742
299000,0.236,0.034,0.730
299500,0.249,0.024,0.728
300000,0.257,0.015,0.728
300500,0.274,0.017,0.710
301000,0.269,0.015,0.716
301500,0.251,0.015,0.734
302000,0.234,0.012,0.754
302500,0.240,0.027,0.733
303000,0.220,0.025,0.756
303500,0.232,0.021,0.748
304000,0.267,0.009,0.725
304500,0.293,0.011,0.696
305000,0.263,0.015,0.722
305500,0.263,0.019,0.718
306000,0.296,0.009,0.695
306500,0.339,0.007,0.654
307000,0.339,0.009,0.653
307500,0.292,0.018,0.690
308000,0.317,0.007,0.676
308500,0.289,0.020,0.691
309000,0.257,0.016,0.728
309500,0.259,0.015,0.726
310000,0.240,0.025,0.735
310500,0.242,0.011,0.746
311000,0.218,0.023,0.758
311500,0.239,0.015,0.746
312000,0.211,0.014,0.774
312500,0.244,0.026,0.730
313000,0.261,0.024,0.716
313500,0.270,0.020,0.710
314000,0.272,0.026,0.702
314500,0.280,0.015,0.705
315000,0.288,0.021,0.692
315500,0.281,0.023,0.696
316000,0.278,0.014,0.708
316500,0.266,0.018,0.716
317000,0.254,0.019,0.727
317500,0.245,0.018,0.736
318000,0.230,0.026,0.744
318500,0.227,0.035,0.738
319000,0.224,0.021,0.755
319500,0.236,0.015,0.749
320000,0.255,0.011,0.735
320500,0.268,0.009,0.723
321000,0.244,0.025,0.731
321500,0.244,0.025,0.731
322000,0.262,0.032,0.706
322500,0.253,0.024,0.723
323000,0.258,0.024,0.719
323500,0.241,0.015,0.745
324000,0.227,0.018,0.755
324500,0.219,0.025,0.757
325000,0.203,0.029,0.767
325500,0.192,0.052,0.756
326000,0.188,0.038,0.774
326500,0.190,0.050,0.760
327000,0.208,0.035,0.757
327500,0.197,0.039,0.764
328000,0.201,0.035,0.764
328500,0.214,0.030,0.755
329000,0.215,0.027,0.758
329500,0.214,0.021,0.765
330000,0.214,0.036,0.750
330500,0.231,0.022,0.747
331000,0.225,0.035,0.740
331500,0.218,0.025,0.756
332000,0.217,0.024,0.759
332500,0.244,0.017,0.739
333000,0.249,0.018,0.733
333500,0.258,0.022,0.720
334000,0.261,0.018,0.722
334500,0.225,0.026,0.749
335000,0.228,0.027,0.745
335500,0.224,0.030,0.746
336000,0.219,0.032,0.749
336500,0.255,0.021,0.725
337000,0.295,0.013,0.691
337500,0.272,0.015,0.713
338000,0.269,0.013,0.718
338500,0.260,0.025,0.715
339000,0.222,0.027,0.751
339500,0.229,0.034,0.737
340000,0.233,0.033,0.734
340500,0.232,0.034,0.735
341000,0.216,0.018,0.765
341500,0.246,0.024,0.730
342000,0.260,0.030,0.710
342500,0.258,0.024,0.719
343000,0.258,0.009,0.733
343500,0.232,0.026,0.742
344000,0.223,0.030,0.747
344500,0.239,0.026,0.735
345000,0.280,0.025,0.695
345500,0.254,0.016,0.730
346000,0.232,0.034,0.735
346500,0.231,0.036,0.733
347000,0.229,0.041,0.731
347500,0.212,0.034,0.754
348000,0.213,0.029,0.757
348500,0.234,0.026,0.740
349000,0.249,0.021,0.730
349500,0.211,0.021,0.768
350000,0.219,0.022,0.759
350500,0.265,0.019,0.716
351000,0.272,0.018,0.711
351500,0.294,0.013,0.693
352000,0.284,0.021,0.695
352500,0.256,0.021,0.723
353000,0.240,0.030,0.730
353500,0.252,0.028,0.720
354000,0.233,0.022,0.745
354500,0.231,0.028,0.741
355000,0.225,0.021,0.754
355500,0.220,0.023,0.757
356000,0.233,0.012,0.755
356500,0.211,0.013,0.776
357000,0.224,0.030,0.746
357500,0.235,0.034,0.731
358000,0.255,0.031,0.714
358500,0.249,0.026,0.725
359000,0.242,0.021,0.736
359500,0.237,0.009,0.753
360000,0.241,0.018,0.741
360500,0.242,0.020,0.738
361000,0.229,0.018,0.754
361500,0.254,0.028,0.718
362000,0.245,0.024,0.732
362500,0.227,0.026,0.747
363000,0.245,0.021,0.733
363500,0.222,0.034,0.744
364000,0.261,0.025,0.714
364500,0.243,0.024,0.734
365000,0.209,0.017,0.774
365500,0.252,0.034,0.715
366000,0.225,0.036,0.739
366500,0.212,0.030,0.757
367000,0.206,0.037,0.757
367500,0.246,0.030,0.724
368000,0.237,0.025,0.739
368500,0.233,0.015,0.753
369000,0.216,0.019,0.765
369500,0.220,0.021,0.760
370000,0.224,0.029,0.747
370500,0.208,0.033,0.759
371000,0.229,0.036,0.735
371500,0.231,0.035,0.734
372000,0.236,0.034,0.730
372500,0.260,0.030,0.710
373000,0.242,0.021,0.738
373500,0.264,0.015,0.721
374000,0.256,0.019,0.725
374500,0.239,0.015,0.745
375000,0.267,0.022,0.711
375500,0.274,0.027,0.699
376000,0.265,0.025,0.710
376500,0.258,0.028,0.715
377000,0.254,0.020,0.726
377500,0.246,0.019,0.734
378000,0.235,0.022,0.742
378500,0.251,0.022,0.728
379000,0.246,0.015,0.739
379500,0.253,0.022,0.726
380000,0.251,0.033,0.717
380500,0.251,0.022,0.727
381000,0.262,0.019,0.719
381500,0.262,0.020,0.718
382000,0.299,0.013,0.688
382500,0.288,0.010,0.702
383000,0.270,0.015,0.715
383500,0.270,0.009,0.721
384000,0.276,0.015,0.709
384500,0.291,0.008,0.701
385000,0.298,0.005,0.696
385500,0.334,0.006,0.660
386000,0.326,0.004,0.669
386500,0.335,0.002,0.663
387000,0.325,0.003,0.673
387500,0.281,0.011,0.709
388000,0.292,0.007,0.701
388500,0.276,0.011,0.714
389000,0.262,0.007,0.731
389500,0.253,0.023,0.724
390000,0.288,0.018,0.694
390500,0.303,0.015,0.682
391000,0.279,0.013,0.709
391500,0.282,0.009,0.710
392000,0.276,0.013,0.712
392500,0.311,0.016,0.673
393000,0.285,0.015,0.701
393500,0.296,0.022,0.681
394000,0.298,0.015,0.686
394500,0.300,0.014,0.685
395000,0.314,0.011,0.675
395500,0.299,0.025,0.676
396000,0.286,0.012,0.702
396500,0.278,0.015,0.708
397000,0.280,0.021,0.699
397500,0.271,0.024,0.706
398000,0.220,0.029,0.751
398500,0.246,0.018,0.736
399000,0.269,0.025,0.707
399500,0.272,0.021,0.707
400000,0.265,0.010,0.725
400500,0.280,0.013,0.708
401000,0.273,0.014,0.713
401500,0.266,0.019,0.715
402000,0.282,0.013,0.704
402500,0.287,0.015,0.699
403000,0.262,0.025,0.713
403500,0.247,0.022,0.731
404000,0.242,0.013,0.745
404500,0.256,0.018,0.726
405000,0.278,0.021,0.702
405500,0.260,0.025,0.716
406000,0.236,0.018,0.746
406500,0.268,0.011,0.721
407000,0.272,0.011,0.717
407500,0.269,0.015,0.717
408000,0.255,0.023,0.722
408500,0.288,0.017,0.695
409000,0.248,0.029,0.723
409500,0.270,0.011,0.719
410000,0.251,0.013,0.737
410500,0.261,0.011,0.728
411000,0.276,0.015,0.710
411500,0.284,0.011,0.704
412000,0.274,0.004,0.723
412500,0.273,0.009,0.719
413000,0.290,0.011,0.699
413500,0.320,0.007,0.672
414000,0.302,0.006,0.692
414500,0.266,0.009,0.725
415000,0.258,0.009,0.733
415500,0.265,0.015,0.721
416000,0.251,0.019,0.730
416500,0.263,0.024,0.713
417000,0.265,0.022,0.714
417500,0.283,0.026,0.691
418000,0.276,0.017,0.707
418500,0.282,0.009,0.709
419000,0.256,0.013,0.731
419500,0.219,0.034,0.747
420000,0.215,0.018,0.767
420500,0.233,0.021,0.747
421000,0.234,0.019,0.746
421500,0.210,0.030,0.759
422000,0.228,0.025,0.747
422500,0.221,0.019,0.760
423000,0.227,0.017,0.756
423500,0.245,0.019,0.735
424000,0.224,0.036,0.740
424500,0.209,0.033,0.759
425000,0.192,0.026,0.782
425500,0.205,0.033,0.762
426000,0.251,0.025,0.724
426500,0.243,0.028,0.728
427000,0.257,0.029,0.715
427500,0.238,0.026,0.735
428000,0.230,0.018,0.752
428500,0.228,0.030,0.742
429000,0.244,0.019,0.736
429500,0.232,0.018,0.750
430000,0.235,0.019,0.746
430500,0.246,0.035,0.719
431000,0.251,0.021,0.728
431500,0.242,0.032,0.727
432000,0.259,0.026,0.715
432500,0.272,0.021,0.707
433000,0.242,0.017,0.741
433500,0.211,0.026,0.763
434000,0.216,0.027,0.756
434500,0.252,0.024,0.725
435000,0.261,0.019,0.720
435500,0.285,0.009,0.706
436000,0.294,0.010,0.696
436500,0.302,0.007,0.691
437000,0.273,0.012,0.716
437500,0.278,0.015,0.707
438000,0.276,0.012,0.712
438500,0.256,0.012,0.732
439000,0.260,0.013,0.727
439500,0.253,0.013,0.734
440000,0.253,0.011,0.737
440500,0.281,0.005,0.714
441000,0.262,0.017,0.721
441500,0.237,0.021,0.741
442000,0.272,0.019,0.709
442500,0.276,0.013,0.712
443000,0.325,0.012,0.663
443500,0.286,0.014,0.700
444000,0.272,0.018,0.710
444500,0.272,0.021,0.707
445000,0.271,0.025,0.705
445500,0.237,0.020,0.743
446000,0.223,0.029,0.748
446500,0.244,0.025,0.731
447000,0.253,0.019,0.729
447500,0.276,0.021,0.704
448000,0.254,0.015,0.731
448500,0.263,0.017,0.721
449000,0.258,0.009,0.734
449500,0.276,0.022,0.702
450000,0.280,0.015,0.705
450500,0.271,0.018,0.712
451000,0.256,0.021,0.724
451500,0.246,0.022,0.732
452000,0.279,0.014,0.707
452500,0.259,0.024,0.718
453000,0.256,0.029,0.715
453500,0.256,0.022,0.722
454000,0.254,0.028,0.719
454500,0.251,0.029,0.721
455000,0.255,0.015,0.730
455500,0.256,0.014,0.730
456000,0.287,0.015,0.698
456500,0.286,0.017,0.698
457000,0.299,0.019,0.681
457500,0.280,0.016,0.704
458000,0.261,0.010,0.730
458500,0.262,0.012,0.726
459000,0.234,0.015,0.751
459500,0.276,0.011,0.714
460000,0.278,0.013,0.709
460500,0.254,0.015,0.732
461000,0.243,0.013,0.743
461500,0.211,0.029,0.760
462000,0.220,0.021,0.759
462500,0.226,0.021,0.753
463000,0.218,0.029,0.752
463500,0.226,0.035,0.739
464000,0.236,0.035,0.730
464500,0.228,0.034,0.739
465000,0.222,0.025,0.753
465500,0.219,0.027,0.754
466000,0.241,0.024,0.735
466500,0.252,0.021,0.727
467000,0.271,0.014,0.715
467500,0.253,0.019,0.728
468000,0.232,0.028,0.740
468500,0.243,0.033,0.724
469000,0.223,0.040,0.738
469500,0.201,0.043,0.757
470000,0.212,0.034,0.754
470500,0.251,0.015,0.734
471000,0.278,0.011,0.711
471500,0.300,0.013,0.687
472000,0.300,0.017,0.683
472500,0.278,0.013,0.710
473000,0.287,0.013,0.701
473500,0.284,0.013,0.703
474000,0.307,0.013,0.680
474500,0.266,0.007,0.727
475000,0.250,0.007,0.743
475500,0.282,0.011,0.707
476000,0.248,0.017,0.735
476500,0.279,0.015,0.707
477000,0.272,0.023,0.705
477500,0.248,0.013,0.738
478000,0.255,0.006,0.739
478500,0.291,0.009,0.700
479000,0.291,0.006,0.703
479500,0.297,0.018,0.685
480000,0.262,0.012,0.726
480500,0.253,0.020,0.728
481000,0.250,0.024,0.727
481500,0.260,0.018,0.722
482000,0.220,0.024,0.756
482500,0.228,0.036,0.736
483000,0.189,0.038,0.773
483500,0.208,0.023,0.769
484000,0.205,0.045,0.750
484500,0.220,0.040,0.740
485000,0.210,0.044,0.745
485500,0.230,0.030,0.740
486000,0.231,0.030,0.739
486500,0.224,0.028,0.748
487000,0.232,0.022,0.746
487500,0.243,0.028,0.729
488000,0.245,0.043,0.712
488500,0.244,0.039,0.717
489000,0.230,0.030,0.740
489500,0.251,0.022,0.727
490000,0.241,0.018,0.741
490500,0.233,0.033,0.735
491000,0.216,0.027,0.757
491500,0.202,0.033,0.766
492000,0.204,0.046,0.750
492500,0.204,0.035,0.762
493000,0.214,0.034,0.753
493500,0.242,0.025,0.733
494000,0.276,0.019,0.705
494500,0.273,0.017,0.710
495000,0.295,0.012,0.693
495500,0.291,0.009,0.700
496000,0.323,0.008,0.669
496500,0.314,0.014,0.672
497000,0.307,0.011,0.681
497500,0.292,0.020,0.688
498000,0.249,0.015,0.736
498500,0.249,0.011,0.741
499000,0.260,0.035,0.705
499500,0.246,0.024,0.731
500000,0.273,0.023,0.705
500500,0.268,0.013,0.719
501000,0.253,0.022,0.725
501500,0.233,0.030,0.737
502000,0.224,0.023,0.753
502500,0.233,0.021,0.746
503000,0.261,0.019,0.720
503500,0.263,0.022,0.715
504000,0.232,0.026,0.742
504500,0.249,0.029,0.722
505000,0.263,0.029,0.708
505500,0.270,0.018,0.712
506000,0.288,0.011,0.702
506500,0.289,0.010,0.701
507000,0.269,0.015,0.716
507500,0.280,0.019,0.701
508000,0.296,0.007,0.697
508500,0.276,0.002,0.722
509000,0.291,0.011,0.698
509500,0.257,0.015,0.728
510000,0.248,0.018,0.734
510500,0.281,0.018,0.702
511000,0.269,0.019,0.712
511500,0.256,0.021,0.723
512000,0.269,0.021,0.711
512500,0.253,0.026,0.722
513000,0.253,0.018,0.730
513500,0.255,0.032,0.714
514000,0.227,0.032,0.741
514500,0.205,0.033,0.762
515000,0.198,0.038,0.764
515500,0.191,0.050,0.760
516000,0.192,0.035,0.774
516500,0.192,0.036,0.772
517000,0.211,0.029,0.761
517500,0.268,0.021,0.712
518000,0.278,0.009,0.713
518500,0.267,0.022,0.711
519000,0.248,0.024,0.729
519500,0.241,0.021,0.737
520000,0.216,0.021,0.763
520500,0.255,0.024,0.722
521000,0.236,0.017,0.747
521500,0.243,0.015,0.742
522000,0.224,0.022,0.754
522500,0.228,0.024,0.749
523000,0.239,0.025,0.736
523500,0.235,0.023,0.741
524000,0.236,0.020,0.744
524500,0.259,0.022,0.719
525000,0.262,0.019,0.719
525500,0.261,0.015,0.724
526000,0.237,0.024,0.740
526500,0.234,0.019,0.747
527000,0.244,0.028,0.728
527500,0.229,0.021,0.751
528000,0.232,0.011,0.758
528500,0.259,0.019,0.722
529000,0.275,0.019,0.706
529500,0.323,0.021,0.657
530000,0.280,0.015,0.705
530500,0.264,0.028,0.709
531000,0.242,0.018,0.740
531500,0.211,0.017,0.771
532000,0.228,0.022,0.750
532500,0.201,0.024,0.775
533000,0.234,0.020,0.746
533500,0.236,0.015,0.750
534000,0.276,0.019,0.705
534500,0.270,0.015,0.715
535000,0.268,0.022,0.710
535500,0.236,0.015,0.749
536000,0.259,0.015,0.726
536500,0.275,0.013,0.712
537000,0.265,0.015,0.721
537500,0.284,0.010,0.706
538000,0.276,0.008,0.716
538500,0.265,0.018,0.718
539000,0.256,0.015,0.729
539500,0.270,0.015,0.716
540000,0.266,0.018,0.716
540500,0.295,0.023,0.682
541000,0.281,0.030,0.689
541500,0.251,0.034,0.716
542000,0.268,0.024,0.709
542500,0.265,0.024,0.712
543000,0.261,0.033,0.707
543500,0.242,0.036,0.721
544000,0.247,0.030,0.722
544500,0.222,0.037,0.741
545000,0.245,0.035,0.721
545500,0.198,0.017,0.785
546000,0.216,0.021,0.763
546500,0.212,0.025,0.763
547000,0.216,0.029,0.755
547500,0.218,0.029,0.754
548000,0.214,0.039,0.746
548500,0.228,0.032,0.741
549000,0.267,0.026,0.707
549500,0.238,0.026,0.736
550000,0.231,0.038,0.731
550500,0.210,0.025,0.764
551000,0.207,0.021,0.772
551500,0.205,0.032,0.764
552000,0.240,0.021,0.739
552500,0.229,0.029,0.742
553000,0.216,0.029,0.754
553500,0.243,0.030,0.726
554000,0.261,0.015,0.725
554500,0.275,0.011,0.714
555000,0.245,0.014,0.741
555500,0.253,0.009,0.738
556000,0.281,0.013,0.706
556500,0.284,0.013,0.703
557000,0.285,0.017,0.698
557500,0.298,0.028,0.674
558000,0.272,0.021,0.707
558500,0.278,0.028,0.694
559000,0.262,0.025,0.713
559500,0.296,0.015,0.689
560000,0.290,0.019,0.691
560500,0.294,0.014,0.692
561000,0.276,0.017,0.708
561500,0.271,0.024,0.706
562000,0.281,0.018,0.701
562500,0.263,0.020,0.717
563000,0.226,0.022,0.752
563500,0.232,0.023,0.745
564000,0.247,0.028,0.725
564500,0.267,0.014,0.720
565000,0.231,0.022,0.747
565500,0.249,0.021,0.730
566000,0.234,0.022,0.743
566500,0.243,0.024,0.733
567000,0.243,0.034,0.723
567500,0.245,0.038,0.716
568000,0.213,0.022,0.764
568500,0.233,0.021,0.746
569000,0.245,0.025,0.730
569500,0.253,0.018,0.730
570000,0.236,0.025,0.740
570500,0.252,0.021,0.728
571000,0.235,0.015,0.749
571500,0.258,0.017,0.725
572000,0.261,0.016,0.723
572500,0.273,0.012,0.715
573000,0.259,0.011,0.731
573500,0.267,0.013,0.720
574000,0.251,0.022,0.728
574500,0.271,0.023,0.707
575000,0.251,0.017,0.733
575500,0.251,0.014,0.735
576000,0.269,0.018,0.713
576500,0.272,0.018,0.711
577000,0.278,0.010,0.712
577500,0.273,0.018,0.709
578000,0.259,0.017,0.725
578500,0.248,0.015,0.737
579000,0.272,0.021,0.707
579500,0.285,0.022,0.692
580000,0.273,0.033,0.695
580500,0.272,0.017,0.711
581000,0.267,0.013,0.720
581500,0.272,0.019,0.709
582000,0.231,0.029,0.740
582500,0.249,0.032,0.719
583000,0.221,0.034,0.746
583500,0.233,0.030,0.737
584000,0.216,0.033,0.752
584500,0.231,0.022,0.747
585000,0.248,0.025,0.727
585500,0.209,0.022,0.769
586000,0.226,0.036,0.738
586500,0.218,0.020,0.762
587000,0.226,0.018,0.756
587500,0.219,0.025,0.756
588000,0.227,0.040,0.733
588500,0.210,0.034,0.756
589000,0.182,0.045,0.772
589500,0.197,0.047,0.756
590000,0.198,0.043,0.759
590500,0.201,0.027,0.772
591000,0.202,0.023,0.775
591500,0.220,0.028,0.752
592000,0.242,0.032,0.726
592500,0.235,0.018,0.747
593000,0.233,0.017,0.751
593500,0.239,0.019,0.742
594000,0.260,0.017,0.723
594500,0.227,0.014,0.759
595000,0.240,0.015,0.744
595500,0.224,0.022,0.754
596000,0.237,0.028,0.735
596500,0.221,0.029,0.750
597000,0.227,0.025,0.748
597500,0.223,0.024,0.754
598000,0.233,0.021,0.746
598500,0.253,0.025,0.722
599000,0.266,0.013,0.722
599500,0.263,0.025,0.712
600000,0.251,0.025,0.724
600500,0.239,0.020,0.741
601000,0.241,0.018,0.742
601500,0.214,0.018,0.768
602000,0.227,0.023,0.750
602500,0.245,0.030,0.724
603000,0.248,0.025,0.727
603500,0.260,0.026,0.714
604000,0.233,0.027,0.740
604500,0.228,0.029,0.743
605000,0.202,0.023,0.775
605500,0.178,0.018,0.804
606000,0.201,0.034,0.765
606500,0.181,0.040,0.778
607000,0.177,0.031,0.792
607500,0.223,0.021,0.756
608000,0.229,0.021,0.751
608500,0.241,0.022,0.736
609000,0.247,0.017,0.736
609500,0.246,0.019,0.735
610000,0.234,0.017,0.749
610500,0.235,0.009,0.755
611000,0.255,0.013,0.733
611500,0.278,0.025,0.697
612000,0.281,0.024,0.696
612500,0.258,0.019,0.723
613000,0.240,0.029,0.731
613500,0.237,0.034,0.729
614000,0.223,0.036,0.741
614500,0.213,0.032,0.755
615000,0.213,0.032,0.756
615500,0.222,0.022,0.756
616000,0.263,0.019,0.718
616500,0.256,0.028,0.716
617000,0.227,0.021,0.753
617500,0.232,0.041,0.728
618000,0.215,0.031,0.754
618500,0.228,0.025,0.748
619000,0.254,0.028,0.718
619500,0.251,0.017,0.732
620000,0.256,0.028,0.717
620500,0.237,0.019,0.744
621000,0.254,0.017,0.729
621500,0.251,0.023,0.726
622000,0.239,0.016,0.744
622500,0.221,0.034,0.745
623000,0.221,0.027,0.752
623500,0.235,0.025,0.739
624000,0.218,0.024,0.758
624500,0.234,0.026,0.740
625000,0.217,0.022,0.760
625500,0.220,0.017,0.764
626000,0.200,0.021,0.780
626500,0.183,0.035,0.781
627000,0.218,0.035,0.746
627500,0.233,0.039,0.728
628000,0.204,0.021,0.774
628500,0.245,0.026,0.728
629000,0.238,0.033,0.729
629500,0.252,0.033,0.715
630000,0.244,0.029,0.726
630500,0.241,0.025,0.733
631000,0.234,0.025,0.740
631500,0.192,0.039,0.769
632000,0.193,0.046,0.761
632500,0.205,0.038,0.757
633000,0.237,0.029,0.734
633500,0.254,0.024,0.722
634000,0.237,0.021,0.742
634500,0.285,0.015,0.700
635000,0.272,0.004,0.724
635500,0.274,0.011,0.716
636000,0.258,0.018,0.724
636500,0.266,0.013,0.721
637000,0.263,0.010,0.728
637500,0.306,0.013,0.681
638000,0.292,0.016,0.692
638500,0.281,0.025,0.694
639000,0.252,0.013,0.735
639500,0.285,0.014,0.701
640000,0.315,0.011,0.674
640500,0.301,0.009,0.689
641000,0.312,0.004,0.684
641500,0.316,0.014,0.670
642000,0.280,0.011,0.709
642500,0.315,0.020,0.665
643000,0.311,0.015,0.674
643500,0.277,0.017,0.707
644000,0.275,0.019,0.706
644500,0.258,0.032,0.710
645000,0.258,0.022,0.720
645500,0.261,0.021,0.719
646000,0.268,0.024,0.708
646500,0.277,0.020,0.704
647000,0.262,0.021,0.717
647500,0.285,0.024,0.691
648000,0.283,0.018,0.700
648500,0.282,0.013,0.704
649000,0.238,0.011,0.751
649500,0.257,0.021,0.722
650000,0.252,0.019,0.729
650500,0.275,0.022,0.704
651000,0.248,0.019,0.733
651500,0.253,0.025,0.723
652000,0.272,0.018,0.710
652500,0.248,0.011,0.741
653000,0.258,0.018,0.724
653500,0.262,0.020,0.718
654000,0.264,0.015,0.722
654500,0.257,0.013,0.730
655000,0.278,0.008,0.714
655500,0.259,0.011,0.731
656000,0.271,0.015,0.714
656500,0.263,0.018,0.719
657000,0.262,0.024,0.714
657500,0.274,0.013,0.714
658000,0.286,0.018,0.695
658500,0.267,0.026,0.708
659000,0.273,0.019,0.708
659500,0.267,0.018,0.715
660000,0.249,0.013,0.738
660500,0.261,0.022,0.717
661000,0.239,0.033,0.728
661500,0.244,0.029,0.727
662000,0.256,0.034,0.710
662500,0.244,0.021,0.735
663000,0.229,0.013,0.758
663500,0.253,0.022,0.726
664000,0.233,0.021,0.746
664500,0.231,0.039,0.730
665000,0.234,0.036,0.730
665500,0.244,0.018,0.738
666000,0.244,0.014,0.742
666500,0.260,0.010,0.730
667000,0.245,0.021,0.733
667500,0.248,0.021,0.731
668000,0.285,0.041,0.674
668500,0.257,0.040,0.704
669000,0.256,0.022,0.722
669500,0.276,0.022,0.702
670000,0.270,0.019,0.711
670500,0.280,0.025,0.695
671000,0.274,0.021,0.706
671500,0.291,0.016,0.693
672000,0.272,0.026,0.702
672500,0.256,0.026,0.718
673000,0.222,0.019,0.759
673500,0.218,0.027,0.754
674000,0.259,0.028,0.714
674500,0.255,0.012,0.733
675000,0.243,0.021,0.735
675500,0.233,0.026,0.741
676000,0.240,0.015,0.745
676500,0.254,0.015,0.732
677000,0.260,0.015,0.726
677500,0.257,0.017,0.727
678000,0.236,0.019,0.745
678500,0.225,0.022,0.753
679000,0.255,0.015,0.730
679500,0.240,0.015,0.745
680000,0.261,0.015,0.725
680500,0.239,0.025,0.736
681000,0.240,0.018,0.742
681500,0.248,0.022,0.730
682000,0.251,0.018,0.731
682500,0.258,0.019,0.723
683000,0.254,0.021,0.726
683500,0.235,0.026,0.738
684000,0.247,0.022,0.731
684500,0.253,0.025,0.723
685000,0.257,0.015,0.729
685500,0.234,0.017,0.749
686000,0.239,0.009,0.751
686500,0.236,0.013,0.751
687000,0.235,0.021,0.744
687500,0.230,0.030,0.740
688000,0.233,0.027,0.740
688500,0.240,0.028,0.732
689000,0.228,0.025,0.747
689500,0.229,0.028,0.744
690000,0.220,0.022,0.758
690500,0.237,0.024,0.740
691000,0.272,0.025,0.703
691500,0.248,0.032,0.721
692000,0.253,0.020,0.728
692500,0.253,0.017,0.731
693000,0.234,0.013,0.753
693500,0.243,0.025,0.731
694000,0.203,0.032,0.765
694500,0.225,0.021,0.755
695000,0.225,0.031,0.744
695500,0.207,0.037,0.755
696000,0.215,0.040,0.745
696500,0.225,0.034,0.742
697000,0.238,0.030,0.732
697500,0.256,0.024,0.721
698000,0.272,0.019,0.709
698500,0.270,0.028,0.702
699000,0.269,0.024,0.708
699500,0.265,0.018,0.717
700000,0.259,0.013,0.728
700500,0.258,0.015,0.727
701000,0.236,0.016,0.748
701500,0.226,0.009,0.765
702000,0.235,0.021,0.743
702500,0.228,0.015,0.758
703000,0.234,0.031,0.735
703500,0.240,0.029,0.730
704000,0.235,0.029,0.735
704500,0.266,0.022,0.712
705000,0.255,0.024,0.722
705500,0.236,0.019,0.744
706000,0.279,0.011,0.711
706500,0.243,0.024,0.732
707000,0.235,0.025,0.740
707500,0.232,0.033,0.735
708000,0.243,0.029,0.729
708500,0.238,0.023,0.739
709000,0.256,0.016,0.728
709500,0.243,0.013,0.743
710000,0.282,0.023,0.695
710500,0.266,0.028,0.706
711000,0.232,0.025,0.743
711500,0.243,0.018,0.739
712000,0.264,0.024,0.713
712500,0.274,0.022,0.704
713000,0.248,0.015,0.737
713500,0.264,0.019,0.717
714000,0.257,0.015,0.728
714500,0.275,0.022,0.703
715000,0.273,0.025,0.703
715500,0.282,0.021,0.697
716000,0.315,0.007,0.678
716500,0.318,0.004,0.677
717000,0.296,0.008,0.696
717500,0.274,0.013,0.713
718000,0.283,0.013,0.705
718500,0.322,0.009,0.668
719000,0.325,0.014,0.661
719500,0.319,0.006,0.675
720000,0.324,0.008,0.668
720500,0.305,0.007,0.688
721000,0.281,0.006,0.713
721500,0.251,0.010,0.739
722000,0.246,0.017,0.737
722500,0.278,0.018,0.705
723000,0.257,0.009,0.734
723500,0.248,0.016,0.736
724000,0.249,0.029,0.723
724500,0.233,0.028,0.739
725000,0.243,0.025,0.731
725500,0.253,0.025,0.722
726000,0.248,0.017,0.735
726500,0.248,0.021,0.730
727000,0.254,0.018,0.728
727500,0.262,0.018,0.721
728000,0.214,0.028,0.759
728500,0.228,0.027,0.745
729000,0.230,0.021,0.750
729500,0.215,0.020,0.765
730000,0.279,0.020,0.701
730500,0.269,0.013,0.718
731000,0.263,0.014,0.723
731500,0.266,0.021,0.713
732000,0.241,0.018,0.740
732500,0.259,0.026,0.716
733000,0.293,0.025,0.681
733500,0.270,0.013,0.717
734000,0.266,0.009,0.726
734500,0.293,0.013,0.694
735000,0.274,0.009,0.717
735500,0.276,0.017,0.707
736000,0.265,0.015,0.720
736500,0.250,0.006,0.744
737000,0.241,0.016,0.742
737500,0.263,0.015,0.722
738000,0.233,0.030,0.737
738500,0.249,0.019,0.731
739000,0.276,0.019,0.705
739500,0.270,0.014,0.716
740000,0.260,0.018,0.723
740500,0.242,0.013,0.744
741000,0.239,0.021,0.739
741500,0.212,0.028,0.760
742000,0.218,0.028,0.755
742500,0.241,0.034,0.724
743000,0.261,0.025,0.715
743500,0.261,0.027,0.712
744000,0.274,0.015,0.712
744500,0.285,0.011,0.704
745000,0.290,0.011,0.699
745500,0.296,0.010,0.694
746000,0.295,0.010,0.695
746500,0.302,0.013,0.684
747000,0.279,0.013,0.708
747500,0.272,0.007,0.721
748000,0.260,0.013,0.728
748500,0.267,0.011,0.723
749000,0.277,0.019,0.704
749500,0.265,0.013,0.723
750000,0.271,0.017,0.713
750500,0.275,0.012,0.713
751000,0.251,0.018,0.732
751500,0.266,0.019,0.715
752000,0.261,0.019,0.720
752500,0.252,0.015,0.733
753000,0.243,0.018,0.739
753500,0.260,0.013,0.727
754000,0.274,0.008,0.718
754500,0.235,0.024,0.741
755000,0.230,0.023,0.747
755500,0.229,0.015,0.757
756000,0.257,0.026,0.717
756500,0.246,0.019,0.735
757000,0.259,0.030,0.712
757500,0.287,0.034,0.679
758000,0.280,0.024,0.697
758500,0.265,0.015,0.720
759000,0.269,0.019,0.712
759500,0.281,0.009,0.709
760000,0.299,0.009,0.693
760500,0.323,0.002,0.675
761000,0.299,0.023,0.678
761500,0.263,0.013,0.725
762000,0.252,0.019,0.729
762500,0.271,0.021,0.708
763000,0.271,0.015,0.715
763500,0.263,0.015,0.722
764000,0.270,0.009,0.721
764500,0.252,0.010,0.738
765000,0.252,0.019,0.729
765500,0.270,0.015,0.715
766000,0.254,0.015,0.732
766500,0.239,0.017,0.743
767000,0.221,0.033,0.746
767500,0.248,0.018,0.734
768000,0.261,0.023,0.716
768500,0.247,0.024,0.729
769000,0.234,0.033,0.733
769500,0.215,0.029,0.755
770000,0.209,0.029,0.763
770500,0.227,0.024,0.749
771000,0.264,0.018,0.719
771500,0.276,0.015,0.709
772000,0.278,0.006,0.716
772500,0.281,0.013,0.706
773000,0.279,0.008,0.713
773500,0.281,0.009,0.709
774000,0.238,0.017,0.745
774500,0.216,0.032,0.752
775000,0.230,0.029,0.742
775500,0.213,0.029,0.757
776000,0.248,0.041,0.712
776500,0.239,0.018,0.742
777000,0.220,0.016,0.764
777500,0.234,0.018,0.748
778000,0.230,0.013,0.758
778500,0.227,0.013,0.760
779000,0.240,0.025,0.735
779500,0.235,0.033,0.732
780000,0.205,0.033,0.762
780500,0.251,0.029,0.721
781000,0.241,0.015,0.744
781500,0.247,0.028,0.724
782000,0.264,0.020,0.716
782500,0.234,0.017,0.750
783000,0.241,0.025,0.733
783500,0.244,0.025,0.731
784000,0.228,0.022,0.750
784500,0.228,0.025,0.748
785000,0.231,0.033,0.736
785500,0.216,0.042,0.743
786000,0.238,0.039,0.723
786500,0.234,0.037,0.729
787000,0.215,0.028,0.756
787500,0.212,0.032,0.757
788000,0.218,0.028,0.753
788500,0.237,0.028,0.734
789000,0.257,0.028,0.715
789500,0.270,0.026,0.704
790000,0.236,0.042,0.722
790500,0.250,0.031,0.719
791000,0.249,0.015,0.736
791500,0.229,0.026,0.745
792000,0.227,0.025,0.748
792500,0.233,0.040,0.728
793000,0.218,0.035,0.747
793500,0.221,0.038,0.741
794000,0.216,0.033,0.751
794500,0.218,0.032,0.750
795000,0.211,0.041,0.748
795500,0.208,0.044,0.748
796000,0.199,0.051,0.750
796500,0.224,0.028,0.748
797000,0.239,0.034,0.727
797500,0.240,0.029,0.730
798000,0.228,0.035,0.737
798500,0.228,0.035,0.737
799000,0.251,0.029,0.721
799500,0.229,0.029,0.742
800000,0.256,0.021,0.723
800500,0.242,0.026,0.732
801000,0.231,0.020,0.749
801500,0.234,0.022,0.743
802000,0.236,0.022,0.741
802500,0.257,0.018,0.725
803000,0.274,0.021,0.706
803500,0.278,0.018,0.705
804000,0.255,0.022,0.724
804500,0.258,0.029,0.713
805000,0.260,0.029,0.712
805500,0.254,0.020,0.726
806000,0.245,0.042,0.713
806500,0.231,0.038,0.731
807000,0.228,0.025,0.747
807500,0.223,0.019,0.758
808000,0.241,0.020,0.738
808500,0.227,0.025,0.749
809000,0.224,0.021,0.755
809500,0.214,0.022,0.763
810000,0.209,0.022,0.768
810500,0.228,0.025,0.748
811000,0.236,0.028,0.736
811500,0.233,0.028,0.739
812000,0.223,0.027,0.750
812500,0.236,0.029,0.735
813000,0.243,0.028,0.729
813500,0.242,0.025,0.732
814000,0.234,0.029,0.738
814500,0.258,0.017,0.726
815000,0.240,0.019,0.741
815500,0.263,0.019,0.718
816000,0.275,0.021,0.704
816500,0.257,0.029,0.714
817000,0.234,0.021,0.745
817500,0.238,0.018,0.744
818000,0.256,0.017,0.727
818500,0.265,0.015,0.720
819000,0.265,0.014,0.722
819500,0.311,0.018,0.671
820000,0.306,0.013,0.681
820500,0.291,0.009,0.699
821000,0.289,0.003,0.708
821500,0.290,0.005,0.705
822000,0.263,0.013,0.724
822500,0.272,0.021,0.707
823000,0.282,0.018,0.700
823500,0.237,0.018,0.746
824000,0.247,0.015,0.738
824500,0.248,0.033,0.719
825000,0.250,0.025,0.725
825500,0.269,0.022,0.709
826000,0.265,0.015,0.720
826500,0.253,0.015,0.733
827000,0.219,0.034,0.748
827500,0.219,0.034,0.748
828000,0.217,0.025,0.758
828500,0.242,0.018,0.740
829000,0.238,0.028,0.734
829500,0.246,0.018,0.735
830000,0.275,0.013,0.713
830500,0.273,0.013,0.714
831000,0.284,0.019,0.697
831500,0.274,0.015,0.712
832000,0.258,0.013,0.730
832500,0.270,0.017,0.713
833000,0.284,0.013,0.703
833500,0.279,0.011,0.711
834000,0.266,0.017,0.717
834500,0.294,0.009,0.697
835000,0.310,0.011,0.678
835500,0.310,0.007,0.682
836000,0.314,0.009,0.677
836500,0.344,0.006,0.650
837000,0.317,0.007,0.676
837500,0.268,0.021,0.711
838000,0.275,0.014,0.711
838500,0.265,0.009,0.726
839000,0.243,0.012,0.744
839500,0.253,0.018,0.729
840000,0.226,0.024,0.750
840500,0.227,0.023,0.750
841000,0.216,0.025,0.760
841500,0.231,0.019,0.750
842000,0.266,0.014,0.720
842500,0.238,0.015,0.748
843000,0.254,0.018,0.728
843500,0.257,0.013,0.731
844000,0.260,0.015,0.726
844500,0.272,0.016,0.712
845000,0.266,0.013,0.721
845500,0.279,0.022,0.699
846000,0.261,0.018,0.722
846500,0.269,0.025,0.706
847000,0.288,0.021,0.692
847500,0.255,0.021,0.724
848000,0.292,0.026,0.681
848500,0.286,0.015,0.700
849000,0.264,0.013,0.724
849500,0.246,0.021,0.733
850000,0.272,0.013,0.716
850500,0.268,0.018,0.715
851000,0.256,0.012,0.732
851500,0.258,0.013,0.729
852000,0.220,0.025,0.755
852500,0.208,0.027,0.764
853000,0.218,0.025,0.756
853500,0.207,0.039,0.753
854000,0.200,0.043,0.758
854500,0.200,0.040,0.760
855000,0.237,0.027,0.736
855500,0.215,0.036,0.749
856000,0.204,0.035,0.761
856500,0.201,0.029,0.770
857000,0.220,0.026,0.754
857500,0.203,0.030,0.766
858000,0.219,0.033,0.748
858500,0.215,0.025,0.759
859000,0.217,0.034,0.749
859500,0.221,0.034,0.746
860000,0.208,0.035,0.757
860500,0.206,0.036,0.758
861000,0.211,0.025,0.763
861500,0.234,0.031,0.735
862000,0.216,0.029,0.754
862500,0.225,0.021,0.755
863000,0.219,0.022,0.759
863500,0.217,0.023,0.759
864000,0.229,0.015,0.756
864500,0.239,0.022,0.739
865000,0.268,0.012,0.720
865500,0.268,0.009,0.723
866000,0.253,0.032,0.715
866500,0.225,0.033,0.743
867000,0.241,0.018,0.742
867500,0.236,0.013,0.751
868000,0.260,0.008,0.732
868500,0.291,0.014,0.695
869000,0.285,0.015,0.700
869500,0.278,0.028,0.695
870000,0.259,0.015,0.726
870500,0.258,0.011,0.731
871000,0.260,0.013,0.727
871500,0.234,0.014,0.752
872000,0.244,0.013,0.743
872500,0.242,0.029,0.730
873000,0.219,0.036,0.745
873500,0.235,0.028,0.736
874000,0.230,0.044,0.726
874500,0.238,0.025,0.737
875000,0.262,0.015,0.723
875500,0.247,0.018,0.735
876000,0.289,0.015,0.697
876500,0.268,0.012,0.720
877000,0.262,0.010,0.728
877500,0.264,0.010,0.726
878000,0.236,0.016,0.748
878500,0.252,0.018,0.731
879000,0.247,0.011,0.742
879500,0.241,0.025,0.733
880000,0.276,0.023,0.701
880500,0.246,0.018,0.736
881000,0.230,0.023,0.747
881500,0.250,0.030,0.720
882000,0.240,0.018,0.742
882500,0.257,0.015,0.729
883000,0.259,0.025,0.717
883500,0.262,0.013,0.725
884000,0.240,0.013,0.747
884500,0.241,0.017,0.743
885000,0.236,0.019,0.745
885500,0.225,0.017,0.758
886000,0.243,0.015,0.743
886500,0.248,0.016,0.736
887000,0.251,0.009,0.740
887500,0.267,0.006,0.728
888000,0.283,0.005,0.712
888500,0.279,0.003,0.718
889000,0.267,0.016,0.718
889500,0.279,0.028,0.693
890000,0.258,0.036,0.706
890500,0.269,0.021,0.711
891000,0.292,0.015,0.693
891500,0.281,0.011,0.708
892000,0.262,0.011,0.728
892500,0.302,0.021,0.676
893000,0.294,0.019,0.686
893500,0.294,0.007,0.699
894000,0.272,0.009,0.720
894500,0.268,0.018,0.714
895000,0.262,0.018,0.720
895500,0.260,0.013,0.727
896000,0.250,0.018,0.733
896500,0.238,0.025,0.736
897000,0.247,0.036,0.716
897500,0.246,0.033,0.722
898000,0.225,0.033,0.742
898500,0.237,0.026,0.736
899000,0.233,0.030,0.737
899500,0.242,0.021,0.737
900000,0.252,0.014,0.734
900500,0.237,0.021,0.741
901000,0.226,0.021,0.754
901500,0.264,0.019,0.717
902000,0.259,0.015,0.727
902500,0.255,0.015,0.730
903000,0.243,0.018,0.739
903500,0.278,0.015,0.708
904000,0.280,0.017,0.704
904500,0.246,0.020,0.734
905000,0.265,0.018,0.718
905500,0.260,0.018,0.723
906000,0.236,0.021,0.744
906500,0.198,0.026,0.776
907000,0.205,0.052,0.742
907500,0.217,0.029,0.755
908000,0.242,0.027,0.731
908500,0.264,0.023,0.713
909000,0.261,0.022,0.717
909500,0.238,0.029,0.732
910000,0.236,0.037,0.726
910500,0.240,0.029,0.731
911000,0.250,0.022,0.728
911500,0.279,0.023,0.698
912000,0.275,0.021,0.705
912500,0.257,0.021,0.722
913000,0.274,0.015,0.712
913500,0.270,0.015,0.715
914000,0.263,0.016,0.722
914500,0.252,0.020,0.728
915000,0.235,0.022,0.743
915500,0.231,0.015,0.754
916000,0.254,0.022,0.724
916500,0.241,0.038,0.721
917000,0.216,0.033,0.752
917500,0.199,0.029,0.772
918000,0.245,0.032,0.723
918500,0.241,0.032,0.726
919000,0.227,0.025,0.748
919500,0.225,0.032,0.744
920000,0.248,0.037,0.715
920500,0.223,0.028,0.750
921000,0.221,0.022,0.757
921500,0.221,0.029,0.750
922000,0.223,0.029,0.748
922500,0.243,0.031,0.725
923000,0.249,0.017,0.734
923500,0.245,0.029,0.725
924000,0.214,0.035,0.752
924500,0.222,0.044,0.734
925000,0.210,0.042,0.748
925500,0.242,0.030,0.728
926000,0.249,0.030,0.720
926500,0.229,0.029,0.742
927000,0.235,0.043,0.723
927500,0.259,0.029,0.713
928000,0.242,0.025,0.732
928500,0.221,0.029,0.750
929000,0.241,0.031,0.727
929500,0.217,0.044,0.739
930000,0.207,0.041,0.752
930500,0.235,0.035,0.730
931000,0.278,0.019,0.703
931500,0.267,0.021,0.712
932000,0.296,0.013,0.691
932500,0.278,0.015,0.707
933000,0.279,0.007,0.714
933500,0.260,0.012,0.728
934000,0.254,0.019,0.727
934500,0.215,0.018,0.767
935000,0.267,0.017,0.717
935500,0.264,0.007,0.729
936000,0.271,0.003,0.727
936500,0.307,0.013,0.680
937000,0.313,0.011,0.677
937500,0.288,0.012,0.700
938000,0.295,0.014,0.691
938500,0.272,0.015,0.713
939000,0.269,0.015,0.716
939500,0.261,0.013,0.727
940000,0.247,0.009,0.744
940500,0.285,0.013,0.702
941000,0.283,0.011,0.706
941500,0.279,0.026,0.696
942000,0.281,0.030,0.689
942500,0.265,0.025,0.710
943000,0.234,0.020,0.746
943500,0.248,0.022,0.729
944000,0.263,0.016,0.722
944500,0.270,0.011,0.719
945000,0.251,0.013,0.737
945500,0.234,0.026,0.740
946000,0.249,0.031,0.719
946500,0.244,0.036,0.720
947000,0.203,0.042,0.755
947500,0.184,0.024,0.793
948000,0.203,0.018,0.779
948500,0.211,0.026,0.762
949000,0.230,0.026,0.744
949500,0.228,0.036,0.736
950000,0.228,0.032,0.741
950500,0.213,0.018,0.768
951000,0.253,0.025,0.722
951500,0.263,0.019,0.718
952000,0.281,0.013,0.706
952500,0.275,0.020,0.705
953000,0.279,0.009,0.713
953500,0.276,0.018,0.707
954000,0.265,0.024,0.712
954500,0.256,0.020,0.724
955000,0.261,0.019,0.720
955500,0.259,0.015,0.727
956000,0.246,0.017,0.737
956500,0.266,0.018,0.716
957000,0.281,0.011,0.708
957500,0.263,0.021,0.717
958000,0.273,0.013,0.714
958500,0.253,0.009,0.738
959000,0.231,0.013,0.756
959500,0.211,0.036,0.753
960000,0.229,0.035,0.737
960500,0.226,0.025,0.749
961000,0.237,0.026,0.737
961500,0.242,0.032,0.727
962000,0.236,0.031,0.733
962500,0.225,0.028,0.747
963000,0.193,0.036,0.771
963500,0.203,0.046,0.751
964000,0.217,0.028,0.755
964500,0.253,0.018,0.730
965000,0.262,0.026,0.712
965500,0.260,0.022,0.718
966000,0.225,0.024,0.751
966500,0.238,0.018,0.743
967000,0.267,0.018,0.716
967500,0.265,0.009,0.726
968000,0.262,0.018,0.720
968500,0.246,0.022,0.732
969000,0.226,0.020,0.754
969500,0.251,0.020,0.730
970000,0.273,0.032,0.696
970500,0.251,0.027,0.723
971000,0.250,0.026,0.724
971500,0.267,0.022,0.711
972000,0.260,0.019,0.721
972500,0.245,0.015,0.740
973000,0.272,0.009,0.720
973500,0.236,0.018,0.745
974000,0.236,0.018,0.746
974500,0.210,0.024,0.766
975000,0.223,0.026,0.751
975500,0.241,0.027,0.731
976000,0.237,0.025,0.739
976500,0.244,0.018,0.738
977000,0.261,0.018,0.722
977500,0.253,0.020,0.727
978000,0.271,0.018,0.711
978500,0.271,0.016,0.713
979000,0.276,0.021,0.703
979500,0.256,0.025,0.719
980000,0.244,0.020,0.736
980500,0.226,0.018,0.756
981000,0.244,0.028,0.728
981500,0.260,0.021,0.720
982000,0.252,0.017,0.731
982500,0.227,0.022,0.751
983000,0.230,0.023,0.747
983500,0.228,0.020,0.752
984000,0.252,0.013,0.736
984500,0.272,0.015,0.713
985000,0.266,0.013,0.721
985500,0.276,0.018,0.707
986000,0.271,0.013,0.716
986500,0.255,0.015,0.731
987000,0.272,0.016,0.712
987500,0.270,0.021,0.709
988000,0.284,0.018,0.698
988500,0.261,0.021,0.719
989000,0.259,0.025,0.717
989500,0.253,0.026,0.721
990000,0.280,0.015,0.705
990500,0.286,0.012,0.702
991000,0.301,0.018,0.681
991500,0.293,0.018,0.688
992000,0.264,0.011,0.725
992500,0.288,0.019,0.693
993000,0.248,0.018,0.734
993500,0.268,0.019,0.713
994000,0.227,0.021,0.753
994500,0.248,0.015,0.736
995000,0.246,0.018,0.736
995500,0.258,0.013,0.730
996000,0.259,0.013,0.728
996500,0.238,0.017,0.745
997000,0.242,0.032,0.726
997500,0.224,0.037,0.739
998000,0.237,0.028,0.735
998500,0.221,0.025,0.754
999000,0.206,0.016,0.778
999500,0.203,0.021,0.776
1000000,0.236,0.026,0.738
