time,n_A+p,n_B,n_AB
500,0.050,0.857,0.093
1000,0.050,0.661,0.289
1500,0.050,0.529,0.421
2000,0.051,0.379,0.570
2500,0.063,0.430,0.507
3000,0.066,0.319,0.615
3500,0.065,0.319,0.616
4000,0.067,0.309,0.624
4500,0.090,0.268,0.642
5000,0.099,0.209,0.692
5500,0.133,0.205,0.662
6000,0.125,0.208,0.667
6500,0.147,0.171,0.682
7000,0.195,0.106,0.699
7500,0.300,0.052,0.648
8000,0.375,0.017,0.608
8500,0.636,0.002,0.362
9000,0.654,0.000,0.346
9500,0.705,0.000,0.295
10000,0.753,0.000,0.247
10500,0.753,0.000,0.247
11000,0.759,0.000,0.241
11500,0.725,0.000,0.275
12000,0.766,0.000,0.234
12500,0.885,0.000,0.115
13000,0.856,0.000,0.144
13500,0.846,0.000,0.154
14000,0.855,0.000,0.145
14500,0.862,0.000,0.138
15000,0.834,0.000,0.166
15500,0.851,0.000,0.149
16000,0.852,0.000,0.148
16500,0.844,0.000,0.156
17000,0.862,0.000,0.138
17500,0.874,0.000,0.126
18000,0.867,0.000,0.133
18500,0.838,0.000,0.162
19000,0.896,0.000,0.104
19500,0.897,0.000,0.103
20000,0.846,0.000,0.154
20500,0.827,0.000,0.173
21000,0.819,0.000,0.181
21500,0.750,0.000,0.250
22000,0.834,0.000,0.166
22500,0.817,0.000,0.183
23000,0.773,0.000,0.227
23500,0.804,0.000,0.196
24000,0.843,0.000,0.157
24500,0.874,0.000,0.126
25000,0.838,0.000,0.162
25500,0.786,0.000,0.214
26000,0.764,0.000,0.236
26500,0.835,0.000,0.165
27000,0.794,0.000,0.206
27500,0.770,0.000,0.230
28000,0.878,0.000,0.122
28500,0.825,0.000,0.175
29000,0.755,0.000,0.245
29500,0.740,0.000,0.260
30000,0.781,0.000,0.219
30500,0.800,0.000,0.200
31000,0.752,0.000,0.248
31500,0.735,0.000,0.265
32000,0.782,0.000,0.218
32500,0.803,0.000,0.197
33000,0.867,0.000,0.133
33500,0.887,0.000,0.113
34000,0.888,0.000,0.112
34500,0.896,0.000,0.104
35000,0.904,0.000,0.096
35500,0.916,0.000,0.084
36000,0.922,0.000,0.078
36500,0.893,0.000,0.107
37000,0.857,0.000,0.143
37500,0.854,0.000,0.146
38000,0.896,0.000,0.104
38500,0.914,0.000,0.086
39000,0.910,0.000,0.090
39500,0.925,0.000,0.075
40000,0.955,0.000,0.045
40500,0.949,0.000,0.051
41000,0.965,0.000,0.035
41500,0.974,0.000,0.026
42000,0.986,0.000,0.014
42500,0.968,0.000,0.032
43000,0.970,0.000,0.030
43500,0.981,0.000,0.019
44000,0.993,0.000,0.007
44500,0.987,0.000,0.013
45000,0.990,0.000,0.010
45500,1.000,0.000,0.000
