time,n_A+p,n_B,n_AB
500,0.080,0.794,0.126
1000,0.083,0.676,0.241
1500,0.084,0.577,0.339
2000,0.086,0.587,0.327
2500,0.080,0.570,0.350
3000,0.084,0.561,0.355
3500,0.087,0.477,0.436
4000,0.104,0.429,0.467
4500,0.119,0.398,0.483
5000,0.125,0.363,0.512
5500,0.142,0.322,0.536
6000,0.146,0.324,0.530
6500,0.131,0.271,0.598
7000,0.174,0.267,0.559
7500,0.199,0.247,0.554
8000,0.189,0.244,0.567
8500,0.219,0.225,0.556
9000,0.256,0.187,0.557
9500,0.342,0.107,0.551
10000,0.488,0.055,0.457
10500,0.650,0.027,0.323
11000,0.762,0.003,0.235
11500,0.849,0.001,0.150
12000,0.918,0.000,0.082
12500,0.908,0.000,0.092
13000,0.929,0.000,0.071
13500,0.968,0.000,0.032
14000,0.976,0.000,0.024
14500,0.988,0.000,0.012
15000,0.983,0.000,0.017
15500,0.980,0.000,0.020
16000,0.980,0.000,0.020
16500,0.980,0.000,0.020
17000,0.986,0.000,0.014
17500,0.996,0.000,0.004
18000,1.000,0.000,0.000
