time,n_A+p,n_B,n_AB
500,0.030,0.914,0.056
1000,0.030,0.881,0.089
1500,0.030,0.808,0.162
2000,0.030,0.764,0.206
2500,0.030,0.713,0.257
3000,0.032,0.641,0.327
3500,0.034,0.549,0.417
4000,0.040,0.475,0.485
4500,0.054,0.437,0.509
5000,0.065,0.392,0.543
5500,0.091,0.373,0.536
6000,0.066,0.355,0.579
6500,0.083,0.332,0.585
7000,0.081,0.298,0.621
7500,0.083,0.293,0.624
8000,0.089,0.303,0.608
8500,0.107,0.280,0.613
9000,0.097,0.282,0.621
9500,0.098,0.295,0.607
10000,0.103,0.251,0.646
10500,0.103,0.259,0.638
11000,0.109,0.267,0.624
11500,0.120,0.247,0.633
12000,0.135,0.219,0.646
12500,0.173,0.179,0.648
13000,0.182,0.162,0.656
13500,0.196,0.135,0.669
14000,0.207,0.119,0.674
14500,0.251,0.101,0.648
15000,0.262,0.109,0.629
15500,0.285,0.102,0.613
16000,0.317,0.092,0.591
16500,0.318,0.074,0.608
17000,0.340,0.078,0.582
17500,0.354,0.061,0.585
18000,0.432,0.045,0.523
18500,0.407,0.027,0.566
19000,0.433,0.028,0.539
19500,0.440,0.033,0.527
20000,0.468,0.023,0.509
20500,0.492,0.019,0.489
21000,0.543,0.017,0.440
21500,0.491,0.011,0.498
22000,0.517,0.014,0.469
22500,0.481,0.015,0.504
23000,0.468,0.017,0.515
23500,0.446,0.032,0.522
24000,0.453,0.038,0.509
24500,0.474,0.027,0.499
25000,0.460,0.028,0.512
25500,0.460,0.019,0.521
26000,0.451,0.027,0.522
26500,0.548,0.017,0.435
27000,0.546,0.019,0.435
27500,0.538,0.023,0.439
28000,0.545,0.011,0.444
28500,0.572,0.009,0.419
29000,0.593,0.015,0.392
29500,0.580,0.015,0.405
30000,0.555,0.013,0.432
30500,0.569,0.009,0.422
31000,0.588,0.007,0.405
31500,0.565,0.002,0.433
32000,0.565,0.004,0.431
32500,0.551,0.012,0.437
33000,0.558,0.011,0.431
33500,0.560,0.007,0.433
34000,0.579,0.009,0.412
34500,0.564,0.003,0.433
35000,0.534,0.011,0.455
35500,0.527,0.012,0.461
36000,0.565,0.011,0.424
36500,0.562,0.012,0.426
37000,0.545,0.010,0.445
37500,0.522,0.018,0.460
38000,0.535,0.012,0.453
38500,0.514,0.017,0.469
39000,0.480,0.015,0.505
39500,0.506,0.012,0.482
40000,0.507,0.009,0.484
40500,0.520,0.014,0.466
41000,0.497,0.025,0.478
41500,0.498,0.027,0.475
42000,0.499,0.022,0.479
42500,0.529,0.019,0.452
43000,0.561,0.009,0.430
43500,0.589,0.011,0.400
44000,0.557,0.008,0.435
44500,0.551,0.013,0.436
45000,0.596,0.007,0.397
45500,0.576,0.012,0.412
46000,0.541,0.002,0.457
46500,0.556,0.006,0.438
47000,0.562,0.004,0.434
47500,0.568,0.004,0.428
48000,0.563,0.011,0.426
48500,0.552,0.006,0.442
49000,0.549,0.011,0.440
49500,0.526,0.011,0.463
50000,0.490,0.019,0.491
50500,0.524,0.009,0.467
51000,0.512,0.015,0.473
51500,0.515,0.029,0.456
52000,0.524,0.024,0.452
52500,0.526,0.013,0.461
53000,0.572,0.016,0.412
53500,0.591,0.010,0.399
54000,0.584,0.009,0.407
54500,0.553,0.020,0.427
55000,0.626,0.003,0.371
55500,0.636,0.001,0.363
56000,0.620,0.000,0.380
56500,0.595,0.004,0.401
57000,0.540,0.019,0.441
57500,0.479,0.015,0.506
58000,0.479,0.021,0.500
58500,0.452,0.024,0.524
59000,0.435,0.037,0.528
59500,0.450,0.021,0.529
60000,0.479,0.022,0.499
60500,0.456,0.011,0.533
61000,0.483,0.021,0.496
61500,0.481,0.030,0.489
62000,0.457,0.033,0.510
62500,0.455,0.026,0.519
63000,0.467,0.022,0.511
63500,0.402,0.038,0.560
64000,0.429,0.033,0.538
64500,0.443,0.019,0.538
65000,0.419,0.022,0.559
65500,0.422,0.031,0.547
66000,0.415,0.027,0.558
66500,0.448,0.039,0.513
67000,0.529,0.014,0.457
67500,0.543,0.012,0.445
68000,0.573,0.012,0.415
68500,0.560,0.009,0.431
69000,0.520,0.002,0.478
69500,0.487,0.017,0.496
70000,0.509,0.024,0.467
70500,0.481,0.024,0.495
71000,0.492,0.014,0.494
71500,0.516,0.009,0.475
72000,0.529,0.009,0.462
72500,0.451,0.015,0.534
73000,0.462,0.025,0.513
73500,0.484,0.017,0.499
74000,0.525,0.019,0.456
74500,0.501,0.011,0.488
75000,0.469,0.013,0.518
75500,0.472,0.007,0.521
76000,0.491,0.024,0.485
76500,0.485,0.014,0.501
77000,0.529,0.016,0.455
77500,0.508,0.021,0.471
78000,0.501,0.015,0.484
78500,0.498,0.020,0.482
79000,0.511,0.019,0.470
79500,0.517,0.009,0.474
80000,0.520,0.009,0.471
80500,0.504,0.008,0.488
81000,0.515,0.006,0.479
81500,0.496,0.006,0.498
82000,0.511,0.005,0.484
82500,0.555,0.008,0.437
83000,0.559,0.003,0.438
83500,0.540,0.007,0.453
84000,0.556,0.011,0.433
84500,0.543,0.014,0.443
85000,0.558,0.008,0.434
85500,0.582,0.009,0.409
86000,0.575,0.011,0.414
86500,0.634,0.002,0.364
87000,0.649,0.004,0.347
87500,0.643,0.009,0.348
88000,0.667,0.005,0.328
88500,0.661,0.011,0.328
89000,0.677,0.005,0.318
89500,0.651,0.004,0.345
90000,0.648,0.004,0.348
90500,0.618,0.002,0.380
91000,0.657,0.001,0.342
91500,0.681,0.001,0.318
92000,0.665,0.001,0.334
92500,0.655,0.000,0.345
93000,0.677,0.002,0.321
93500,0.695,0.002,0.303
94000,0.681,0.001,0.318
94500,0.642,0.000,0.358
95000,0.586,0.002,0.412
95500,0.600,0.002,0.398
96000,0.608,0.001,0.391
96500,0.600,0.004,0.396
97000,0.569,0.007,0.424
97500,0.566,0.008,0.426
98000,0.563,0.009,0.428
98500,0.555,0.009,0.436
99000,0.563,0.010,0.427
99500,0.623,0.003,0.374
100000,0.568,0.000,0.432
100500,0.564,0.008,0.428
101000,0.546,0.008,0.446
101500,0.553,0.012,0.435
102000,0.601,0.009,0.390
102500,0.620,0.007,0.373
103000,0.626,0.000,0.374
103500,0.614,0.006,0.380
104000,0.597,0.006,0.397
104500,0.596,0.005,0.399
105000,0.539,0.011,0.450
105500,0.537,0.007,0.456
106000,0.543,0.013,0.444
106500,0.522,0.010,0.468
107000,0.573,0.012,0.415
107500,0.574,0.022,0.404
108000,0.560,0.012,0.428
108500,0.560,0.007,0.433
109000,0.540,0.005,0.455
109500,0.548,0.013,0.439
110000,0.588,0.017,0.395
110500,0.575,0.015,0.410
111000,0.575,0.014,0.411
111500,0.565,0.021,0.414
112000,0.594,0.016,0.390
112500,0.576,0.012,0.412
113000,0.536,0.012,0.452
113500,0.529,0.007,0.464
114000,0.486,0.017,0.497
114500,0.504,0.013,0.483
115000,0.508,0.006,0.486
115500,0.514,0.009,0.477
116000,0.576,0.007,0.417
116500,0.577,0.012,0.411
117000,0.596,0.008,0.396
117500,0.603,0.001,0.396
118000,0.584,0.000,0.416
118500,0.611,0.002,0.387
119000,0.612,0.002,0.386
119500,0.608,0.002,0.390
120000,0.618,0.000,0.382
120500,0.642,0.002,0.356
121000,0.632,0.000,0.368
121500,0.607,0.002,0.391
122000,0.628,0.002,0.370
122500,0.613,0.000,0.387
123000,0.614,0.003,0.383
123500,0.572,0.005,0.423
124000,0.526,0.007,0.467
124500,0.512,0.015,0.473
125000,0.543,0.011,0.446
125500,0.524,0.012,0.464
126000,0.547,0.012,0.441
126500,0.509,0.014,0.477
127000,0.511,0.013,0.476
127500,0.492,0.010,0.498
128000,0.529,0.004,0.467
128500,0.506,0.010,0.484
129000,0.524,0.020,0.456
129500,0.501,0.010,0.489
130000,0.457,0.034,0.509
130500,0.489,0.023,0.488
131000,0.483,0.023,0.494
131500,0.492,0.022,0.486
132000,0.499,0.013,0.488
132500,0.521,0.019,0.460
133000,0.563,0.014,0.423
133500,0.548,0.007,0.445
134000,0.565,0.004,0.431
134500,0.583,0.004,0.413
135000,0.602,0.010,0.388
135500,0.573,0.004,0.423
136000,0.521,0.009,0.470
136500,0.494,0.014,0.492
137000,0.485,0.024,0.491
137500,0.504,0.014,0.482
138000,0.500,0.011,0.489
138500,0.490,0.015,0.495
139000,0.495,0.004,0.501
139500,0.499,0.028,0.473
140000,0.520,0.018,0.462
140500,0.513,0.018,0.469
141000,0.519,0.019,0.462
141500,0.493,0.026,0.481
142000,0.507,0.007,0.486
142500,0.513,0.005,0.482
143000,0.527,0.002,0.471
143500,0.512,0.011,0.477
144000,0.522,0.013,0.465
144500,0.515,0.013,0.472
145000,0.517,0.013,0.470
145500,0.497,0.027,0.476
146000,0.514,0.016,0.470
146500,0.494,0.005,0.501
147000,0.513,0.007,0.480
147500,0.542,0.007,0.451
148000,0.521,0.009,0.470
148500,0.496,0.013,0.491
149000,0.502,0.016,0.482
149500,0.534,0.009,0.457
150000,0.556,0.015,0.429
150500,0.562,0.016,0.422
151000,0.553,0.009,0.438
151500,0.574,0.009,0.417
152000,0.541,0.015,0.444
152500,0.513,0.020,0.467
153000,0.490,0.021,0.489
153500,0.473,0.018,0.509
154000,0.431,0.029,0.540
154500,0.394,0.043,0.563
155000,0.417,0.035,0.548
155500,0.429,0.035,0.536
156000,0.401,0.035,0.564
156500,0.405,0.044,0.551
157000,0.403,0.029,0.568
157500,0.435,0.035,0.530
158000,0.467,0.038,0.495
158500,0.480,0.025,0.495
159000,0.525,0.019,0.456
159500,0.564,0.018,0.418
160000,0.611,0.005,0.384
160500,0.574,0.005,0.421
161000,0.588,0.001,0.411
161500,0.585,0.001,0.414
162000,0.576,0.003,0.421
162500,0.620,0.005,0.375
163000,0.630,0.004,0.366
163500,0.586,0.004,0.410
164000,0.634,0.000,0.366
164500,0.641,0.003,0.356
165000,0.628,0.001,0.371
165500,0.614,0.008,0.378
166000,0.607,0.002,0.391
166500,0.634,0.003,0.363
167000,0.632,0.003,0.365
167500,0.601,0.012,0.387
168000,0.577,0.010,0.413
168500,0.573,0.005,0.422
169000,0.553,0.004,0.443
169500,0.591,0.006,0.403
170000,0.573,0.016,0.411
170500,0.572,0.011,0.417
171000,0.565,0.019,0.416
171500,0.578,0.007,0.415
172000,0.524,0.014,0.462
172500,0.535,0.020,0.445
173000,0.567,0.015,0.418
173500,0.545,0.011,0.444
174000,0.537,0.019,0.444
174500,0.559,0.009,0.432
175000,0.544,0.007,0.449
175500,0.607,0.016,0.377
176000,0.595,0.003,0.402
176500,0.574,0.006,0.420
177000,0.573,0.004,0.423
177500,0.529,0.010,0.461
178000,0.569,0.010,0.421
178500,0.572,0.021,0.407
179000,0.581,0.014,0.405
179500,0.581,0.005,0.414
180000,0.573,0.008,0.419
180500,0.577,0.018,0.405
181000,0.549,0.012,0.439
181500,0.546,0.006,0.448
182000,0.564,0.004,0.432
182500,0.558,0.006,0.436
183000,0.574,0.003,0.423
183500,0.583,0.000,0.417
184000,0.581,0.006,0.413
184500,0.569,0.009,0.422
185000,0.556,0.012,0.432
185500,0.527,0.012,0.461
186000,0.508,0.022,0.470
186500,0.530,0.013,0.457
187000,0.501,0.018,0.481
187500,0.515,0.009,0.476
188000,0.541,0.007,0.452
188500,0.569,0.013,0.418
189000,0.552,0.017,0.431
189500,0.536,0.009,0.455
190000,0.513,0.009,0.478
190500,0.522,0.020,0.458
191000,0.524,0.022,0.454
191500,0.522,0.023,0.455
192000,0.519,0.009,0.472
192500,0.507,0.011,0.482
193000,0.482,0.015,0.503
193500,0.507,0.013,0.480
194000,0.495,0.010,0.495
194500,0.510,0.019,0.471
195000,0.511,0.027,0.462
195500,0.482,0.018,0.500
196000,0.486,0.017,0.497
196500,0.514,0.015,0.471
197000,0.488,0.019,0.493
197500,0.531,0.021,0.448
198000,0.496,0.021,0.483
198500,0.463,0.027,0.510
199000,0.451,0.018,0.531
199500,0.487,0.023,0.490
200000,0.519,0.009,0.472
200500,0.525,0.015,0.460
201000,0.561,0.011,0.428
201500,0.571,0.022,0.407
202000,0.574,0.017,0.409
202500,0.572,0.023,0.405
203000,0.574,0.011,0.415
203500,0.521,0.012,0.467
204000,0.545,0.004,0.451
204500,0.534,0.010,0.456
205000,0.530,0.012,0.458
205500,0.550,0.011,0.439
206000,0.564,0.011,0.425
206500,0.527,0.007,0.466
207000,0.523,0.007,0.470
207500,0.543,0.008,0.449
208000,0.554,0.014,0.432
208500,0.539,0.010,0.451
209000,0.538,0.007,0.455
209500,0.557,0.005,0.438
210000,0.536,0.013,0.451
210500,0.519,0.007,0.474
211000,0.549,0.005,0.446
211500,0.546,0.002,0.452
212000,0.558,0.001,0.441
212500,0.562,0.010,0.428
213000,0.582,0.005,0.413
213500,0.605,0.005,0.390
214000,0.652,0.004,0.344
214500,0.650,0.001,0.349
215000,0.635,0.003,0.362
215500,0.603,0.003,0.394
216000,0.575,0.005,0.420
216500,0.566,0.002,0.432
217000,0.574,0.007,0.419
217500,0.557,0.016,0.427
218000,0.551,0.013,0.436
218500,0.512,0.013,0.475
219000,0.512,0.019,0.469
219500,0.500,0.026,0.474
220000,0.561,0.021,0.418
220500,0.566,0.007,0.427
221000,0.609,0.003,0.388
221500,0.575,0.010,0.415
222000,0.541,0.027,0.432
222500,0.539,0.010,0.451
223000,0.546,0.006,0.448
223500,0.548,0.009,0.443
224000,0.556,0.010,0.434
224500,0.564,0.004,0.432
225000,0.576,0.001,0.423
225500,0.554,0.017,0.429
226000,0.536,0.008,0.456
226500,0.527,0.004,0.469
227000,0.587,0.006,0.407
227500,0.571,0.006,0.423
228000,0.525,0.020,0.455
228500,0.499,0.013,0.488
229000,0.504,0.022,0.474
229500,0.513,0.025,0.462
230000,0.449,0.034,0.517
230500,0.470,0.014,0.516
231000,0.461,0.019,0.520
231500,0.460,0.031,0.509
232000,0.443,0.031,0.526
232500,0.438,0.030,0.532
233000,0.462,0.021,0.517
233500,0.451,0.034,0.515
234000,0.443,0.040,0.517
234500,0.433,0.040,0.527
235000,0.419,0.040,0.541
235500,0.381,0.048,0.571
236000,0.381,0.062,0.557
236500,0.364,0.058,0.578
237000,0.369,0.028,0.603
237500,0.374,0.048,0.578
238000,0.371,0.033,0.596
238500,0.424,0.032,0.544
239000,0.499,0.018,0.483
239500,0.502,0.025,0.473
240000,0.492,0.027,0.481
240500,0.520,0.022,0.458
241000,0.495,0.019,0.486
241500,0.515,0.016,0.469
242000,0.482,0.014,0.504
242500,0.509,0.005,0.486
243000,0.541,0.013,0.446
243500,0.531,0.011,0.458
244000,0.540,0.009,0.451
244500,0.554,0.013,0.433
245000,0.549,0.009,0.442
245500,0.600,0.013,0.387
246000,0.594,0.005,0.401
246500,0.591,0.006,0.403
247000,0.582,0.005,0.413
247500,0.576,0.010,0.414
248000,0.618,0.010,0.372
248500,0.611,0.009,0.380
249000,0.620,0.008,0.372
249500,0.585,0.002,0.413
250000,0.597,0.002,0.401
250500,0.584,0.002,0.414
251000,0.590,0.005,0.405
251500,0.539,0.008,0.453
252000,0.559,0.013,0.428
252500,0.557,0.009,0.434
253000,0.560,0.009,0.431
253500,0.545,0.006,0.449
254000,0.522,0.009,0.469
254500,0.522,0.005,0.473
255000,0.483,0.015,0.502
255500,0.498,0.018,0.484
256000,0.516,0.021,0.463
256500,0.524,0.014,0.462
257000,0.499,0.011,0.490
257500,0.481,0.018,0.501
258000,0.537,0.013,0.450
258500,0.577,0.005,0.418
259000,0.609,0.003,0.388
259500,0.602,0.002,0.396
260000,0.606,0.004,0.390
260500,0.597,0.002,0.401
261000,0.637,0.006,0.357
261500,0.651,0.004,0.345
262000,0.649,0.006,0.345
262500,0.679,0.003,0.318
263000,0.679,0.000,0.321
263500,0.657,0.003,0.340
264000,0.639,0.004,0.357
264500,0.649,0.003,0.348
265000,0.640,0.000,0.360
265500,0.669,0.000,0.331
266000,0.628,0.002,0.370
266500,0.621,0.002,0.377
267000,0.585,0.006,0.409
267500,0.583,0.007,0.410
268000,0.596,0.003,0.401
268500,0.596,0.009,0.395
269000,0.594,0.004,0.402
269500,0.548,0.005,0.447
270000,0.523,0.016,0.461
270500,0.473,0.019,0.508
271000,0.492,0.023,0.485
271500,0.471,0.029,0.500
272000,0.469,0.017,0.514
272500,0.502,0.019,0.479
273000,0.537,0.015,0.448
273500,0.477,0.012,0.511
274000,0.486,0.009,0.505
274500,0.494,0.027,0.479
275000,0.471,0.021,0.508
275500,0.484,0.019,0.497
276000,0.463,0.021,0.516
276500,0.463,0.025,0.512
277000,0.454,0.045,0.501
277500,0.456,0.029,0.515
278000,0.454,0.035,0.511
278500,0.461,0.026,0.513
279000,0.467,0.009,0.524
279500,0.503,0.015,0.482
280000,0.513,0.021,0.466
280500,0.523,0.013,0.464
281000,0.529,0.012,0.459
281500,0.502,0.023,0.475
282000,0.504,0.026,0.470
282500,0.515,0.017,0.468
283000,0.503,0.014,0.483
283500,0.484,0.015,0.501
284000,0.488,0.016,0.496
284500,0.469,0.012,0.519
285000,0.527,0.007,0.466
285500,0.496,0.009,0.495
286000,0.537,0.015,0.448
286500,0.548,0.014,0.438
287000,0.492,0.012,0.496
287500,0.526,0.016,0.458
288000,0.518,0.013,0.469
288500,0.551,0.014,0.435
289000,0.558,0.012,0.430
289500,0.533,0.013,0.454
290000,0.524,0.011,0.465
290500,0.514,0.014,0.472
291000,0.522,0.015,0.463
291500,0.503,0.018,0.479
292000,0.489,0.007,0.504
292500,0.488,0.023,0.489
293000,0.487,0.036,0.477
293500,0.495,0.028,0.477
294000,0.475,0.025,0.500
294500,0.521,0.019,0.460
295000,0.514,0.024,0.462
295500,0.489,0.021,0.490
296000,0.515,0.007,0.478
296500,0.510,0.016,0.474
297000,0.500,0.006,0.494
297500,0.485,0.020,0.495
298000,0.508,0.018,0.474
298500,0.533,0.012,0.455
299000,0.517,0.016,0.467
299500,0.483,0.014,0.503
300000,0.509,0.011,0.480
300500,0.528,0.021,0.451
301000,0.502,0.018,0.480
301500,0.495,0.023,0.482
302000,0.486,0.017,0.497
302500,0.484,0.013,0.503
303000,0.509,0.015,0.476
303500,0.534,0.009,0.457
304000,0.528,0.005,0.467
304500,0.495,0.014,0.491
305000,0.521,0.014,0.465
305500,0.490,0.012,0.498
306000,0.486,0.027,0.487
306500,0.472,0.025,0.503
307000,0.438,0.016,0.546
307500,0.480,0.025,0.495
308000,0.500,0.020,0.480
308500,0.532,0.014,0.454
309000,0.556,0.017,0.427
309500,0.573,0.009,0.418
310000,0.579,0.008,0.413
310500,0.582,0.014,0.404
311000,0.570,0.006,0.424
311500,0.573,0.004,0.423
312000,0.559,0.001,0.440
312500,0.547,0.005,0.448
313000,0.562,0.011,0.427
313500,0.553,0.005,0.442
314000,0.556,0.005,0.439
314500,0.538,0.012,0.450
315000,0.465,0.020,0.515
315500,0.462,0.014,0.524
316000,0.493,0.016,0.491
316500,0.529,0.020,0.451
317000,0.527,0.005,0.468
317500,0.517,0.017,0.466
318000,0.550,0.010,0.440
318500,0.548,0.014,0.438
319000,0.525,0.013,0.462
319500,0.565,0.007,0.428
320000,0.610,0.006,0.384
320500,0.603,0.005,0.392
321000,0.596,0.004,0.400
321500,0.594,0.009,0.397
322000,0.587,0.006,0.407
322500,0.559,0.010,0.431
323000,0.533,0.018,0.449
323500,0.537,0.016,0.447
324000,0.566,0.007,0.427
324500,0.584,0.006,0.410
325000,0.578,0.000,0.422
325500,0.567,0.003,0.430
326000,0.550,0.011,0.439
326500,0.528,0.008,0.464
327000,0.526,0.021,0.453
327500,0.517,0.012,0.471
328000,0.537,0.007,0.456
328500,0.551,0.005,0.444
329000,0.553,0.001,0.446
329500,0.585,0.009,0.406
330000,0.591,0.014,0.395
330500,0.568,0.004,0.428
331000,0.557,0.008,0.435
331500,0.584,0.004,0.412
332000,0.525,0.009,0.466
332500,0.533,0.022,0.445
333000,0.494,0.012,0.494
333500,0.538,0.011,0.451
334000,0.519,0.006,0.475
334500,0.524,0.016,0.460
335000,0.528,0.015,0.457
335500,0.511,0.012,0.477
336000,0.553,0.009,0.438
336500,0.534,0.011,0.455
337000,0.518,0.006,0.476
337500,0.531,0.006,0.463
338000,0.503,0.008,0.489
338500,0.520,0.012,0.468
339000,0.504,0.014,0.482
339500,0.530,0.011,0.459
340000,0.518,0.003,0.479
340500,0.516,0.004,0.480
341000,0.518,0.018,0.464
341500,0.513,0.020,0.467
342000,0.549,0.010,0.441
342500,0.530,0.014,0.456
343000,0.577,0.009,0.414
343500,0.572,0.004,0.424
344000,0.555,0.004,0.441
344500,0.528,0.006,0.466
345000,0.561,0.003,0.436
345500,0.558,0.002,0.440
346000,0.562,0.000,0.438
346500,0.590,0.002,0.408
347000,0.574,0.000,0.426
347500,0.610,0.003,0.387
348000,0.581,0.006,0.413
348500,0.618,0.002,0.380
349000,0.657,0.003,0.340
349500,0.565,0.002,0.433
350000,0.595,0.003,0.402
350500,0.580,0.003,0.417
351000,0.547,0.004,0.449
351500,0.520,0.019,0.461
352000,0.514,0.007,0.479
352500,0.527,0.012,0.461
353000,0.547,0.017,0.436
353500,0.483,0.016,0.501
354000,0.500,0.016,0.484
354500,0.516,0.014,0.470
355000,0.481,0.014,0.505
355500,0.543,0.023,0.434
356000,0.527,0.012,0.461
356500,0.550,0.012,0.438
357000,0.518,0.010,0.472
357500,0.516,0.015,0.469
358000,0.485,0.023,0.492
358500,0.441,0.021,0.538
359000,0.436,0.032,0.532
359500,0.467,0.011,0.522
360000,0.513,0.020,0.467
360500,0.533,0.019,0.448
361000,0.515,0.017,0.468
361500,0.521,0.009,0.470
362000,0.520,0.014,0.466
362500,0.515,0.011,0.474
363000,0.507,0.032,0.461
363500,0.472,0.027,0.501
364000,0.477,0.026,0.497
364500,0.477,0.035,0.488
365000,0.531,0.009,0.460
365500,0.570,0.006,0.424
366000,0.575,0.006,0.419
366500,0.558,0.003,0.439
367000,0.502,0.012,0.486
367500,0.495,0.030,0.475
368000,0.466,0.024,0.510
368500,0.514,0.022,0.464
369000,0.557,0.019,0.424
369500,0.605,0.004,0.391
370000,0.584,0.004,0.412
370500,0.577,0.008,0.415
371000,0.534,0.007,0.459
371500,0.533,0.009,0.458
372000,0.512,0.025,0.463
372500,0.508,0.018,0.474
373000,0.513,0.012,0.475
373500,0.540,0.015,0.445
374000,0.540,0.007,0.453
374500,0.583,0.005,0.412
375000,0.594,0.001,0.405
375500,0.584,0.002,0.414
376000,0.570,0.013,0.417
376500,0.603,0.015,0.382
377000,0.582,0.015,0.403
377500,0.560,0.020,0.420
378000,0.527,0.006,0.467
378500,0.522,0.010,0.468
379000,0.544,0.007,0.449
379500,0.544,0.011,0.445
380000,0.576,0.009,0.415
380500,0.561,0.013,0.426
381000,0.559,0.015,0.426
381500,0.552,0.012,0.436
382000,0.520,0.008,0.472
382500,0.510,0.019,0.471
383000,0.479,0.028,0.493
383500,0.474,0.028,0.498
384000,0.482,0.023,0.495
384500,0.485,0.013,0.502
385000,0.509,0.014,0.477
385500,0.522,0.012,0.466
386000,0.528,0.007,0.465
386500,0.547,0.003,0.450
387000,0.558,0.006,0.436
387500,0.533,0.010,0.457
388000,0.551,0.007,0.442
388500,0.523,0.014,0.463
389000,0.533,0.013,0.454
389500,0.445,0.015,0.540
390000,0.470,0.032,0.498
390500,0.485,0.030,0.485
391000,0.533,0.013,0.454
391500,0.563,0.009,0.428
392000,0.576,0.002,0.422
392500,0.589,0.007,0.404
393000,0.639,0.004,0.357
393500,0.634,0.005,0.361
394000,0.657,0.003,0.340
394500,0.638,0.004,0.358
395000,0.652,0.001,0.347
395500,0.675,0.005,0.320
396000,0.646,0.009,0.345
396500,0.618,0.008,0.374
397000,0.611,0.013,0.376
397500,0.565,0.014,0.421
398000,0.566,0.008,0.426
398500,0.563,0.002,0.435
399000,0.568,0.015,0.417
399500,0.525,0.014,0.461
400000,0.557,0.013,0.430
400500,0.509,0.010,0.481
401000,0.494,0.008,0.498
401500,0.527,0.016,0.457
402000,0.517,0.008,0.475
402500,0.553,0.006,0.441
403000,0.566,0.004,0.430
403500,0.547,0.009,0.444
404000,0.574,0.004,0.422
404500,0.583,0.012,0.405
405000,0.570,0.017,0.413
405500,0.588,0.008,0.404
406000,0.565,0.014,0.421
406500,0.544,0.014,0.442
407000,0.539,0.017,0.444
407500,0.569,0.019,0.412
408000,0.578,0.006,0.416
408500,0.589,0.006,0.405
409000,0.560,0.000,0.440
409500,0.569,0.003,0.428
410000,0.556,0.006,0.438
410500,0.542,0.014,0.444
411000,0.552,0.007,0.441
411500,0.542,0.015,0.443
412000,0.589,0.004,0.407
412500,0.607,0.003,0.390
413000,0.606,0.005,0.389
413500,0.635,0.006,0.359
414000,0.609,0.010,0.381
414500,0.627,0.005,0.368
415000,0.589,0.007,0.404
415500,0.563,0.012,0.425
416000,0.540,0.008,0.452
416500,0.537,0.008,0.455
417000,0.550,0.010,0.440
417500,0.519,0.014,0.467
418000,0.513,0.019,0.468
418500,0.486,0.020,0.494
419000,0.470,0.022,0.508
419500,0.512,0.015,0.473
420000,0.550,0.019,0.431
420500,0.492,0.018,0.490
421000,0.498,0.032,0.470
421500,0.497,0.021,0.482
422000,0.505,0.013,0.482
422500,0.486,0.013,0.501
423000,0.498,0.016,0.486
423500,0.497,0.018,0.485
424000,0.522,0.013,0.465
424500,0.505,0.014,0.481
425000,0.537,0.009,0.454
425500,0.547,0.006,0.447
426000,0.561,0.007,0.432
426500,0.569,0.012,0.419
427000,0.542,0.005,0.453
427500,0.583,0.005,0.412
428000,0.592,0.001,0.407
428500,0.588,0.001,0.411
429000,0.549,0.008,0.443
429500,0.508,0.014,0.478
430000,0.535,0.009,0.456
430500,0.535,0.008,0.457
431000,0.581,0.004,0.415
431500,0.608,0.007,0.385
432000,0.606,0.008,0.386
432500,0.585,0.008,0.407
433000,0.601,0.006,0.393
433500,0.578,0.015,0.407
434000,0.525,0.007,0.468
434500,0.554,0.012,0.434
435000,0.502,0.010,0.488
435500,0.482,0.010,0.508
436000,0.488,0.019,0.493
436500,0.470,0.022,0.508
437000,0.457,0.024,0.519
437500,0.459,0.018,0.523
438000,0.453,0.010,0.537
438500,0.483,0.009,0.508
439000,0.452,0.016,0.532
439500,0.461,0.021,0.518
440000,0.462,0.033,0.505
440500,0.428,0.029,0.543
441000,0.447,0.032,0.521
441500,0.448,0.035,0.517
442000,0.461,0.030,0.509
442500,0.522,0.021,0.457
443000,0.508,0.018,0.474
443500,0.497,0.020,0.483
444000,0.529,0.022,0.449
444500,0.530,0.014,0.456
445000,0.547,0.021,0.432
445500,0.525,0.009,0.466
446000,0.524,0.012,0.464
446500,0.536,0.023,0.441
447000,0.498,0.008,0.494
447500,0.534,0.017,0.449
448000,0.536,0.018,0.446
448500,0.546,0.009,0.445
449000,0.544,0.008,0.448
449500,0.540,0.010,0.450
450000,0.568,0.010,0.422
450500,0.565,0.009,0.426
451000,0.573,0.009,0.418
451500,0.558,0.002,0.440
452000,0.592,0.003,0.405
452500,0.604,0.006,0.390
453000,0.608,0.005,0.387
453500,0.600,0.015,0.385
454000,0.575,0.024,0.401
454500,0.577,0.016,0.407
455000,0.572,0.003,0.425
455500,0.556,0.000,0.444
456000,0.570,0.012,0.418
456500,0.583,0.007,0.410
457000,0.605,0.001,0.394
457500,0.555,0.006,0.439
458000,0.569,0.007,0.424
458500,0.536,0.011,0.453
459000,0.506,0.008,0.486
459500,0.480,0.026,0.494
460000,0.499,0.014,0.487
460500,0.484,0.020,0.496
461000,0.461,0.021,0.518
461500,0.486,0.013,0.501
462000,0.485,0.012,0.503
462500,0.505,0.015,0.480
463000,0.522,0.016,0.462
463500,0.499,0.017,0.484
464000,0.501,0.017,0.482
464500,0.487,0.018,0.495
465000,0.486,0.017,0.497
465500,0.505,0.020,0.475
466000,0.496,0.008,0.496
466500,0.480,0.019,0.501
467000,0.512,0.019,0.469
467500,0.489,0.009,0.502
468000,0.515,0.006,0.479
468500,0.500,0.014,0.486
469000,0.499,0.003,0.498
469500,0.494,0.010,0.496
470000,0.521,0.006,0.473
470500,0.481,0.018,0.501
471000,0.475,0.019,0.506
471500,0.463,0.014,0.523
472000,0.471,0.017,0.512
472500,0.523,0.013,0.464
473000,0.546,0.010,0.444
473500,0.543,0.006,0.451
474000,0.570,0.005,0.425
474500,0.598,0.008,0.394
475000,0.607,0.009,0.384
475500,0.574,0.013,0.413
476000,0.537,0.016,0.447
476500,0.553,0.012,0.435
477000,0.511,0.019,0.470
477500,0.477,0.030,0.493
478000,0.528,0.013,0.459
478500,0.525,0.006,0.469
479000,0.539,0.012,0.449
479500,0.549,0.011,0.440
480000,0.519,0.010,0.471
480500,0.504,0.009,0.487
481000,0.512,0.014,0.474
481500,0.526,0.022,0.452
482000,0.487,0.017,0.496
482500,0.496,0.012,0.492
483000,0.506,0.015,0.479
483500,0.511,0.009,0.480
484000,0.494,0.027,0.479
484500,0.484,0.023,0.493
485000,0.505,0.020,0.475
485500,0.491,0.014,0.495
486000,0.497,0.014,0.489
486500,0.510,0.016,0.474
487000,0.510,0.011,0.479
487500,0.530,0.008,0.462
488000,0.520,0.012,0.468
488500,0.506,0.010,0.484
489000,0.513,0.015,0.472
489500,0.498,0.014,0.488
490000,0.542,0.021,0.437
490500,0.573,0.005,0.422
491000,0.614,0.001,0.385
491500,0.641,0.003,0.356
492000,0.582,0.006,0.412
492500,0.534,0.012,0.454
493000,0.528,0.009,0.463
493500,0.532,0.016,0.452
494000,0.527,0.010,0.463
494500,0.544,0.021,0.435
495000,0.552,0.019,0.429
495500,0.541,0.018,0.441
496000,0.518,0.014,0.468
496500,0.534,0.013,0.453
497000,0.527,0.018,0.455
497500,0.537,0.012,0.451
498000,0.559,0.009,0.432
498500,0.600,0.011,0.389
499000,0.611,0.007,0.382
499500,0.604,0.012,0.384
500000,0.593,0.008,0.399
500500,0.582,0.005,0.413
501000,0.532,0.009,0.459
501500,0.558,0.004,0.438
502000,0.553,0.013,0.434
502500,0.524,0.012,0.464
503000,0.505,0.017,0.478
503500,0.510,0.012,0.478
504000,0.484,0.009,0.507
504500,0.481,0.024,0.495
505000,0.472,0.026,0.502
505500,0.487,0.029,0.484
506000,0.489,0.014,0.497
506500,0.477,0.022,0.501
507000,0.475,0.020,0.505
507500,0.467,0.022,0.511
508000,0.469,0.026,0.505
508500,0.457,0.023,0.520
509000,0.432,0.021,0.547
509500,0.433,0.038,0.529
510000,0.438,0.027,0.535
510500,0.436,0.023,0.541
511000,0.496,0.011,0.493
511500,0.497,0.024,0.479
512000,0.461,0.024,0.515
512500,0.437,0.019,0.544
513000,0.433,0.014,0.553
513500,0.429,0.033,0.538
514000,0.463,0.032,0.505
514500,0.462,0.031,0.507
515000,0.425,0.037,0.538
515500,0.416,0.023,0.561
516000,0.460,0.022,0.518
516500,0.463,0.008,0.529
517000,0.443,0.028,0.529
517500,0.465,0.012,0.523
518000,0.498,0.014,0.488
518500,0.468,0.018,0.514
519000,0.427,0.021,0.552
519500,0.440,0.023,0.537
520000,0.420,0.019,0.561
520500,0.423,0.036,0.541
521000,0.407,0.026,0.567
521500,0.435,0.032,0.533
522000,0.458,0.028,0.514
522500,0.432,0.033,0.535
523000,0.467,0.033,0.500
523500,0.488,0.018,0.494
524000,0.476,0.010,0.514
524500,0.464,0.024,0.512
525000,0.473,0.014,0.513
525500,0.521,0.011,0.468
526000,0.545,0.010,0.445
526500,0.538,0.012,0.450
527000,0.554,0.015,0.431
527500,0.550,0.004,0.446
528000,0.570,0.003,0.427
528500,0.506,0.016,0.478
529000,0.496,0.016,0.488
529500,0.469,0.011,0.520
530000,0.488,0.019,0.493
530500,0.479,0.034,0.487
531000,0.482,0.024,0.494
531500,0.485,0.008,0.507
532000,0.485,0.019,0.496
532500,0.490,0.011,0.499
533000,0.441,0.026,0.533
533500,0.479,0.007,0.514
534000,0.479,0.012,0.509
534500,0.509,0.012,0.479
535000,0.543,0.005,0.452
535500,0.533,0.016,0.451
536000,0.559,0.005,0.436
536500,0.585,0.004,0.411
537000,0.630,0.005,0.365
537500,0.654,0.002,0.344
538000,0.688,0.008,0.304
538500,0.654,0.003,0.343
539000,0.642,0.001,0.357
539500,0.590,0.009,0.401
540000,0.598,0.005,0.397
540500,0.562,0.009,0.429
541000,0.564,0.007,0.429
541500,0.567,0.004,0.429
542000,0.587,0.001,0.412
542500,0.590,0.003,0.407
543000,0.630,0.001,0.369
543500,0.640,0.011,0.349
544000,0.650,0.003,0.347
544500,0.622,0.002,0.376
545000,0.611,0.000,0.389
545500,0.603,0.008,0.389
546000,0.609,0.001,0.390
546500,0.636,0.001,0.363
547000,0.649,0.003,0.348
547500,0.643,0.003,0.354
548000,0.645,0.002,0.353
548500,0.669,0.004,0.327
549000,0.645,0.002,0.353
549500,0.647,0.003,0.350
550000,0.644,0.005,0.351
550500,0.644,0.003,0.353
551000,0.644,0.008,0.348
551500,0.635,0.004,0.361
552000,0.639,0.006,0.355
552500,0.597,0.007,0.396
553000,0.588,0.004,0.408
553500,0.510,0.011,0.479
554000,0.551,0.012,0.437
554500,0.526,0.013,0.461
555000,0.505,0.015,0.480
555500,0.480,0.008,0.512
556000,0.493,0.018,0.489
556500,0.469,0.024,0.507
557000,0.500,0.019,0.481
557500,0.499,0.022,0.479
558000,0.503,0.009,0.488
558500,0.539,0.010,0.451
559000,0.566,0.011,0.423
559500,0.554,0.015,0.431
560000,0.541,0.016,0.443
560500,0.513,0.013,0.474
561000,0.519,0.016,0.465
561500,0.507,0.014,0.479
562000,0.501,0.020,0.479
562500,0.503,0.010,0.487
563000,0.551,0.016,0.433
563500,0.493,0.018,0.489
564000,0.511,0.028,0.461
564500,0.467,0.020,0.513
565000,0.455,0.017,0.528
565500,0.453,0.015,0.532
566000,0.454,0.026,0.520
566500,0.493,0.014,0.493
567000,0.531,0.020,0.449
567500,0.530,0.012,0.458
568000,0.528,0.016,0.456
568500,0.501,0.018,0.481
569000,0.464,0.016,0.520
569500,0.491,0.014,0.495
570000,0.482,0.023,0.495
570500,0.464,0.020,0.516
571000,0.473,0.022,0.505
571500,0.501,0.023,0.476
572000,0.488,0.035,0.477
572500,0.511,0.024,0.465
573000,0.536,0.013,0.451
573500,0.536,0.005,0.459
574000,0.513,0.014,0.473
574500,0.513,0.013,0.474
575000,0.548,0.005,0.447
575500,0.531,0.009,0.460
576000,0.547,0.008,0.445
576500,0.540,0.003,0.457
577000,0.546,0.009,0.445
577500,0.517,0.011,0.472
578000,0.538,0.024,0.438
578500,0.577,0.019,0.404
579000,0.547,0.008,0.445
579500,0.516,0.012,0.472
580000,0.512,0.022,0.466
580500,0.526,0.011,0.463
581000,0.503,0.012,0.485
581500,0.480,0.020,0.500
582000,0.517,0.019,0.464
582500,0.518,0.012,0.470
583000,0.513,0.010,0.477
583500,0.536,0.007,0.457
584000,0.540,0.017,0.443
584500,0.526,0.015,0.459
585000,0.532,0.015,0.453
585500,0.566,0.016,0.418
586000,0.527,0.016,0.457
586500,0.531,0.015,0.454
587000,0.528,0.014,0.458
587500,0.496,0.020,0.484
588000,0.508,0.011,0.481
588500,0.533,0.004,0.463
589000,0.526,0.008,0.466
589500,0.536,0.010,0.454
590000,0.560,0.013,0.427
590500,0.558,0.014,0.428
591000,0.498,0.012,0.490
591500,0.478,0.013,0.509
592000,0.477,0.031,0.492
592500,0.443,0.043,0.514
593000,0.481,0.028,0.491
593500,0.483,0.008,0.509
594000,0.466,0.018,0.516
594500,0.505,0.014,0.481
595000,0.542,0.002,0.456
595500,0.537,0.005,0.458
596000,0.514,0.014,0.472
596500,0.491,0.017,0.492
597000,0.466,0.013,0.521
597500,0.452,0.012,0.536
598000,0.436,0.011,0.553
598500,0.514,0.020,0.466
599000,0.503,0.011,0.486
599500,0.554,0.001,0.445
600000,0.562,0.003,0.435
600500,0.528,0.013,0.459
601000,0.554,0.018,0.428
601500,0.508,0.013,0.479
602000,0.536,0.009,0.455
602500,0.569,0.008,0.423
603000,0.545,0.004,0.451
603500,0.531,0.016,0.453
604000,0.538,0.014,0.448
604500,0.545,0.018,0.437
605000,0.584,0.006,0.410
605500,0.563,0.007,0.430
606000,0.611,0.008,0.381
606500,0.555,0.012,0.433
607000,0.549,0.014,0.437
607500,0.567,0.015,0.418
608000,0.557,0.012,0.431
608500,0.577,0.006,0.417
609000,0.572,0.003,0.425
609500,0.573,0.017,0.410
610000,0.522,0.018,0.460
610500,0.518,0.024,0.458
611000,0.538,0.014,0.448
611500,0.562,0.011,0.427
612000,0.538,0.008,0.454
612500,0.547,0.015,0.438
613000,0.555,0.014,0.431
613500,0.566,0.009,0.425
614000,0.571,0.008,0.421
614500,0.583,0.004,0.413
615000,0.559,0.006,0.435
615500,0.599,0.015,0.386
616000,0.629,0.013,0.358
616500,0.653,0.004,0.343
617000,0.657,0.005,0.338
617500,0.641,0.006,0.353
618000,0.600,0.002,0.398
618500,0.610,0.015,0.375
619000,0.608,0.008,0.384
619500,0.634,0.006,0.360
620000,0.635,0.008,0.357
620500,0.606,0.006,0.388
621000,0.605,0.002,0.393
621500,0.607,0.002,0.391
622000,0.636,0.002,0.362
622500,0.663,0.002,0.335
623000,0.625,0.009,0.366
623500,0.631,0.006,0.363
624000,0.607,0.014,0.379
624500,0.621,0.008,0.371
625000,0.582,0.008,0.410
625500,0.596,0.011,0.393
626000,0.581,0.009,0.410
626500,0.570,0.006,0.424
627000,0.569,0.009,0.422
627500,0.556,0.007,0.437
628000,0.543,0.007,0.450
628500,0.580,0.001,0.419
629000,0.534,0.005,0.461
629500,0.555,0.006,0.439
630000,0.566,0.013,0.421
630500,0.543,0.008,0.449
631000,0.560,0.013,0.427
631500,0.548,0.019,0.433
632000,0.548,0.012,0.440
632500,0.552,0.007,0.441
633000,0.528,0.013,0.459
633500,0.508,0.021,0.471
634000,0.501,0.020,0.479
634500,0.481,0.015,0.504
635000,0.477,0.018,0.505
635500,0.517,0.012,0.471
636000,0.547,0.014,0.439
636500,0.591,0.010,0.399
637000,0.522,0.012,0.466
637500,0.556,0.008,0.436
638000,0.581,0.000,0.419
638500,0.591,0.010,0.399
639000,0.610,0.010,0.380
639500,0.567,0.002,0.431
640000,0.535,0.004,0.461
640500,0.541,0.018,0.441
641000,0.538,0.008,0.454
641500,0.500,0.015,0.485
642000,0.512,0.005,0.483
642500,0.503,0.007,0.490
643000,0.541,0.004,0.455
643500,0.568,0.013,0.419
644000,0.571,0.011,0.418
644500,0.575,0.014,0.411
645000,0.539,0.019,0.442
645500,0.533,0.018,0.449
646000,0.546,0.007,0.447
646500,0.554,0.006,0.440
647000,0.603,0.006,0.391
647500,0.599,0.004,0.397
648000,0.590,0.007,0.403
648500,0.619,0.005,0.376
649000,0.616,0.001,0.383
649500,0.583,0.005,0.412
650000,0.570,0.005,0.425
650500,0.572,0.007,0.421
651000,0.594,0.006,0.400
651500,0.548,0.002,0.450
652000,0.537,0.006,0.457
652500,0.548,0.005,0.447
653000,0.559,0.006,0.435
653500,0.549,0.005,0.446
654000,0.555,0.028,0.417
654500,0.561,0.025,0.414
655000,0.551,0.010,0.439
655500,0.581,0.007,0.412
656000,0.538,0.005,0.457
656500,0.526,0.005,0.469
657000,0.538,0.003,0.459
657500,0.501,0.014,0.485
658000,0.492,0.014,0.494
658500,0.456,0.018,0.526
659000,0.496,0.009,0.495
659500,0.494,0.006,0.500
660000,0.498,0.014,0.488
660500,0.510,0.008,0.482
661000,0.569,0.002,0.429
661500,0.565,0.005,0.430
662000,0.525,0.014,0.461
662500,0.535,0.012,0.453
663000,0.517,0.011,0.472
663500,0.502,0.015,0.483
664000,0.519,0.017,0.464
664500,0.558,0.014,0.428
665000,0.556,0.017,0.427
665500,0.543,0.009,0.448
666000,0.554,0.015,0.431
666500,0.514,0.008,0.478
667000,0.508,0.011,0.481
667500,0.542,0.011,0.447
668000,0.543,0.010,0.447
668500,0.544,0.016,0.440
669000,0.557,0.025,0.418
669500,0.541,0.010,0.449
670000,0.540,0.004,0.456
670500,0.557,0.022,0.421
671000,0.540,0.020,0.440
671500,0.489,0.014,0.497
672000,0.477,0.005,0.518
672500,0.579,0.012,0.409
673000,0.566,0.013,0.421
673500,0.577,0.006,0.417
674000,0.578,0.005,0.417
674500,0.569,0.007,0.424
675000,0.545,0.009,0.446
675500,0.539,0.012,0.449
676000,0.528,0.017,0.455
676500,0.512,0.021,0.467
677000,0.495,0.020,0.485
677500,0.518,0.022,0.460
678000,0.526,0.013,0.461
678500,0.540,0.015,0.445
679000,0.527,0.009,0.464
679500,0.558,0.002,0.440
680000,0.551,0.003,0.446
680500,0.551,0.030,0.419
681000,0.512,0.015,0.473
681500,0.528,0.008,0.464
682000,0.561,0.007,0.432
682500,0.579,0.011,0.410
683000,0.594,0.011,0.395
683500,0.581,0.008,0.411
684000,0.565,0.020,0.415
684500,0.571,0.008,0.421
685000,0.563,0.009,0.428
685500,0.598,0.009,0.393
686000,0.564,0.010,0.426
686500,0.546,0.019,0.435
687000,0.510,0.017,0.473
687500,0.507,0.031,0.462
688000,0.501,0.021,0.478
688500,0.547,0.008,0.445
689000,0.557,0.010,0.433
689500,0.530,0.009,0.461
690000,0.567,0.009,0.424
690500,0.578,0.003,0.419
691000,0.562,0.008,0.430
691500,0.536,0.018,0.446
692000,0.493,0.009,0.498
692500,0.560,0.010,0.430
693000,0.537,0.017,0.446
693500,0.526,0.017,0.457
694000,0.503,0.016,0.481
694500,0.518,0.026,0.456
695000,0.477,0.021,0.502
695500,0.495,0.012,0.493
696000,0.505,0.035,0.460
696500,0.521,0.022,0.457
697000,0.528,0.015,0.457
697500,0.568,0.004,0.428
698000,0.532,0.014,0.454
698500,0.526,0.011,0.463
699000,0.567,0.008,0.425
699500,0.572,0.008,0.420
700000,0.576,0.003,0.421
700500,0.596,0.004,0.400
701000,0.634,0.001,0.365
701500,0.666,0.000,0.334
702000,0.617,0.002,0.381
702500,0.655,0.000,0.345
703000,0.640,0.006,0.354
703500,0.603,0.003,0.394
704000,0.628,0.001,0.371
704500,0.619,0.000,0.381
705000,0.580,0.008,0.412
705500,0.566,0.018,0.416
706000,0.582,0.014,0.404
706500,0.628,0.006,0.366
707000,0.668,0.002,0.330
707500,0.658,0.001,0.341
708000,0.661,0.001,0.338
708500,0.637,0.003,0.360
709000,0.605,0.004,0.391
709500,0.620,0.001,0.379
710000,0.589,0.000,0.411
710500,0.528,0.005,0.467
711000,0.538,0.019,0.443
711500,0.497,0.021,0.482
712000,0.506,0.030,0.464
712500,0.514,0.016,0.470
713000,0.487,0.019,0.494
713500,0.517,0.018,0.465
714000,0.513,0.018,0.469
714500,0.501,0.011,0.488
715000,0.510,0.018,0.472
715500,0.504,0.018,0.478
716000,0.548,0.007,0.445
716500,0.559,0.012,0.429
717000,0.592,0.013,0.395
717500,0.576,0.009,0.415
718000,0.541,0.009,0.450
718500,0.589,0.006,0.405
719000,0.606,0.007,0.387
719500,0.568,0.009,0.423
720000,0.530,0.014,0.456
720500,0.532,0.007,0.461
721000,0.527,0.004,0.469
721500,0.551,0.009,0.440
722000,0.529,0.007,0.464
722500,0.517,0.007,0.476
723000,0.532,0.011,0.457
723500,0.538,0.014,0.448
724000,0.550,0.010,0.440
724500,0.514,0.023,0.463
725000,0.518,0.016,0.466
725500,0.533,0.016,0.451
726000,0.514,0.012,0.474
726500,0.533,0.017,0.450
727000,0.497,0.013,0.490
727500,0.530,0.022,0.448
728000,0.515,0.014,0.471
728500,0.527,0.004,0.469
729000,0.534,0.006,0.460
729500,0.582,0.001,0.417
730000,0.580,0.004,0.416
730500,0.568,0.018,0.414
731000,0.546,0.014,0.440
731500,0.557,0.017,0.426
732000,0.586,0.004,0.410
732500,0.530,0.005,0.465
733000,0.493,0.021,0.486
733500,0.437,0.031,0.532
734000,0.417,0.031,0.552
734500,0.390,0.039,0.571
735000,0.412,0.029,0.559
735500,0.428,0.030,0.542
736000,0.400,0.029,0.571
736500,0.411,0.028,0.561
737000,0.411,0.026,0.563
737500,0.406,0.028,0.566
738000,0.429,0.030,0.541
738500,0.444,0.028,0.528
739000,0.412,0.033,0.555
739500,0.484,0.030,0.486
740000,0.476,0.016,0.508
740500,0.482,0.013,0.505
741000,0.510,0.019,0.471
741500,0.495,0.023,0.482
742000,0.494,0.020,0.486
742500,0.506,0.038,0.456
743000,0.481,0.016,0.503
743500,0.482,0.017,0.501
744000,0.450,0.021,0.529
744500,0.456,0.028,0.516
745000,0.470,0.036,0.494
745500,0.475,0.044,0.481
746000,0.425,0.035,0.540
746500,0.401,0.041,0.558
747000,0.427,0.043,0.530
747500,0.422,0.037,0.541
748000,0.424,0.035,0.541
748500,0.459,0.025,0.516
749000,0.481,0.018,0.501
749500,0.467,0.012,0.521
750000,0.488,0.009,0.503
750500,0.502,0.009,0.489
751000,0.485,0.019,0.496
751500,0.499,0.011,0.490
752000,0.500,0.012,0.488
752500,0.528,0.011,0.461
753000,0.528,0.005,0.467
753500,0.519,0.013,0.468
754000,0.534,0.024,0.442
754500,0.523,0.022,0.455
755000,0.452,0.020,0.528
755500,0.468,0.026,0.506
756000,0.464,0.022,0.514
756500,0.448,0.022,0.530
757000,0.474,0.026,0.500
757500,0.498,0.039,0.463
758000,0.514,0.016,0.470
758500,0.480,0.020,0.500
759000,0.437,0.022,0.541
759500,0.379,0.029,0.592
760000,0.395,0.021,0.584
760500,0.413,0.040,0.547
761000,0.388,0.050,0.562
761500,0.434,0.022,0.544
762000,0.432,0.019,0.549
762500,0.452,0.027,0.521
763000,0.455,0.025,0.520
763500,0.469,0.020,0.511
764000,0.480,0.029,0.491
764500,0.451,0.018,0.531
765000,0.441,0.014,0.545
765500,0.448,0.024,0.528
766000,0.468,0.015,0.517
766500,0.480,0.028,0.492
767000,0.463,0.025,0.512
767500,0.449,0.019,0.532
768000,0.460,0.022,0.518
768500,0.477,0.025,0.498
769000,0.514,0.025,0.461
769500,0.461,0.020,0.519
770000,0.497,0.017,0.486
770500,0.484,0.023,0.493
771000,0.469,0.024,0.507
771500,0.497,0.020,0.483
772000,0.500,0.017,0.483
772500,0.515,0.010,0.475
773000,0.570,0.006,0.424
773500,0.576,0.004,0.420
774000,0.581,0.018,0.401
774500,0.581,0.004,0.415
775000,0.587,0.006,0.407
775500,0.566,0.006,0.428
776000,0.566,0.006,0.428
776500,0.545,0.008,0.447
777000,0.561,0.007,0.432
777500,0.560,0.009,0.431
778000,0.526,0.009,0.465
778500,0.532,0.017,0.451
779000,0.498,0.011,0.491
779500,0.519,0.021,0.460
780000,0.535,0.009,0.456
780500,0.561,0.013,0.426
781000,0.532,0.010,0.458
781500,0.539,0.009,0.452
782000,0.559,0.006,0.435
782500,0.591,0.011,0.398
783000,0.514,0.015,0.471
783500,0.506,0.015,0.479
784000,0.492,0.012,0.496
784500,0.519,0.008,0.473
785000,0.505,0.006,0.489
785500,0.509,0.019,0.472
786000,0.476,0.013,0.511
786500,0.512,0.012,0.476
787000,0.542,0.010,0.448
787500,0.522,0.012,0.466
788000,0.547,0.008,0.445
788500,0.538,0.008,0.454
789000,0.525,0.003,0.472
789500,0.535,0.005,0.460
790000,0.544,0.009,0.447
790500,0.537,0.004,0.459
791000,0.525,0.003,0.472
791500,0.580,0.005,0.415
792000,0.564,0.011,0.425
792500,0.562,0.024,0.414
793000,0.507,0.018,0.475
793500,0.508,0.010,0.482
794000,0.465,0.020,0.515
794500,0.438,0.021,0.541
795000,0.446,0.036,0.518
795500,0.433,0.036,0.531
796000,0.428,0.028,0.544
796500,0.427,0.018,0.555
797000,0.486,0.020,0.494
797500,0.522,0.013,0.465
798000,0.547,0.014,0.439
798500,0.553,0.007,0.440
799000,0.562,0.012,0.426
799500,0.554,0.002,0.444
800000,0.547,0.009,0.444
800500,0.547,0.002,0.451
801000,0.556,0.011,0.433
801500,0.559,0.003,0.438
802000,0.580,0.006,0.414
802500,0.574,0.002,0.424
803000,0.601,0.006,0.393
803500,0.552,0.008,0.440
