time,n_A+p,n_B,n_AB
500,0.050,0.758,0.192
1000,0.050,0.561,0.389
1500,0.050,0.583,0.367
2000,0.050,0.569,0.381
2500,0.050,0.563,0.387
3000,0.050,0.620,0.330
3500,0.050,0.541,0.409
4000,0.050,0.522,0.428
4500,0.050,0.494,0.456
5000,0.050,0.643,0.307
5500,0.050,0.490,0.460
6000,0.050,0.522,0.428
6500,0.050,0.539,0.411
7000,0.050,0.535,0.415
7500,0.050,0.502,0.448
8000,0.050,0.491,0.459
8500,0.050,0.465,0.485
9000,0.050,0.602,0.348
9500,0.050,0.599,0.351
10000,0.050,0.490,0.460
10500,0.050,0.554,0.396
11000,0.055,0.448,0.497
11500,0.051,0.554,0.395
12000,0.051,0.626,0.323
12500,0.050,0.661,0.289
13000,0.050,0.658,0.292
13500,0.050,0.654,0.296
14000,0.050,0.599,0.351
14500,0.050,0.579,0.371
15000,0.050,0.592,0.358
15500,0.050,0.542,0.408
16000,0.050,0.609,0.341
16500,0.050,0.566,0.384
17000,0.050,0.545,0.405
17500,0.050,0.557,0.393
18000,0.050,0.444,0.506
18500,0.050,0.595,0.355
19000,0.050,0.587,0.363
19500,0.050,0.550,0.400
20000,0.050,0.540,0.410
20500,0.050,0.529,0.421
21000,0.050,0.661,0.289
21500,0.050,0.552,0.398
22000,0.050,0.398,0.552
22500,0.050,0.525,0.425
23000,0.050,0.515,0.435
23500,0.050,0.610,0.340
24000,0.050,0.548,0.402
24500,0.050,0.552,0.398
25000,0.050,0.573,0.377
25500,0.050,0.574,0.376
26000,0.050,0.697,0.253
26500,0.050,0.648,0.302
27000,0.050,0.515,0.435
27500,0.050,0.483,0.467
28000,0.050,0.558,0.392
28500,0.050,0.636,0.314
29000,0.050,0.551,0.399
29500,0.050,0.590,0.360
30000,0.050,0.584,0.366
30500,0.050,0.631,0.319
31000,0.050,0.647,0.303
31500,0.050,0.601,0.349
32000,0.050,0.506,0.444
32500,0.050,0.450,0.500
33000,0.050,0.514,0.436
33500,0.050,0.548,0.402
34000,0.050,0.496,0.454
34500,0.050,0.404,0.546
35000,0.050,0.516,0.434
35500,0.050,0.542,0.408
36000,0.050,0.543,0.407
36500,0.050,0.603,0.347
37000,0.050,0.609,0.341
37500,0.050,0.418,0.532
38000,0.050,0.504,0.446
38500,0.050,0.421,0.529
39000,0.050,0.499,0.451
39500,0.050,0.486,0.464
40000,0.050,0.536,0.414
40500,0.050,0.530,0.420
41000,0.050,0.578,0.372
41500,0.050,0.548,0.402
42000,0.050,0.466,0.484
42500,0.050,0.455,0.495
43000,0.050,0.504,0.446
43500,0.050,0.588,0.362
44000,0.050,0.617,0.333
44500,0.050,0.627,0.323
45000,0.050,0.595,0.355
45500,0.050,0.618,0.332
46000,0.050,0.671,0.279
46500,0.050,0.628,0.322
47000,0.050,0.566,0.384
47500,0.050,0.577,0.373
48000,0.050,0.458,0.492
48500,0.050,0.567,0.383
49000,0.050,0.565,0.385
49500,0.050,0.508,0.442
50000,0.050,0.487,0.463
50500,0.050,0.538,0.412
51000,0.050,0.594,0.356
51500,0.050,0.532,0.418
52000,0.050,0.460,0.490
52500,0.050,0.571,0.379
53000,0.050,0.603,0.347
53500,0.050,0.557,0.393
54000,0.050,0.479,0.471
54500,0.050,0.551,0.399
55000,0.050,0.581,0.369
55500,0.050,0.494,0.456
56000,0.050,0.561,0.389
56500,0.050,0.613,0.337
57000,0.050,0.548,0.402
57500,0.050,0.530,0.420
58000,0.050,0.545,0.405
58500,0.050,0.570,0.380
59000,0.050,0.542,0.408
59500,0.050,0.552,0.398
60000,0.050,0.574,0.376
60500,0.050,0.556,0.394
61000,0.050,0.544,0.406
61500,0.050,0.633,0.317
62000,0.050,0.670,0.280
62500,0.050,0.586,0.364
63000,0.050,0.670,0.280
63500,0.050,0.559,0.391
64000,0.050,0.552,0.398
64500,0.050,0.527,0.423
65000,0.050,0.631,0.319
65500,0.050,0.616,0.334
66000,0.050,0.568,0.382
66500,0.050,0.544,0.406
67000,0.050,0.604,0.346
67500,0.050,0.547,0.403
68000,0.050,0.628,0.322
68500,0.050,0.513,0.437
69000,0.050,0.454,0.496
69500,0.050,0.580,0.370
70000,0.050,0.479,0.471
70500,0.050,0.483,0.467
71000,0.050,0.482,0.468
71500,0.050,0.491,0.459
72000,0.050,0.592,0.358
72500,0.050,0.502,0.448
73000,0.050,0.604,0.346
73500,0.050,0.532,0.418
74000,0.050,0.553,0.397
74500,0.050,0.564,0.386
75000,0.050,0.552,0.398
75500,0.050,0.646,0.304
76000,0.050,0.648,0.302
76500,0.050,0.564,0.386
77000,0.050,0.639,0.311
77500,0.050,0.530,0.420
78000,0.050,0.459,0.491
78500,0.050,0.525,0.425
79000,0.050,0.471,0.479
79500,0.050,0.507,0.443
80000,0.050,0.598,0.352
80500,0.050,0.516,0.434
81000,0.050,0.532,0.418
81500,0.050,0.517,0.433
82000,0.050,0.508,0.442
82500,0.050,0.453,0.497
83000,0.050,0.464,0.486
83500,0.050,0.459,0.491
84000,0.050,0.577,0.373
84500,0.050,0.602,0.348
85000,0.050,0.537,0.413
85500,0.050,0.516,0.434
86000,0.050,0.544,0.406
86500,0.050,0.517,0.433
87000,0.050,0.487,0.463
87500,0.052,0.462,0.486
88000,0.050,0.501,0.449
88500,0.050,0.582,0.368
89000,0.050,0.586,0.364
89500,0.050,0.560,0.390
90000,0.050,0.641,0.309
90500,0.050,0.571,0.379
91000,0.050,0.603,0.347
91500,0.050,0.591,0.359
92000,0.050,0.633,0.317
92500,0.050,0.616,0.334
93000,0.050,0.602,0.348
93500,0.050,0.551,0.399
94000,0.050,0.603,0.347
94500,0.050,0.624,0.326
95000,0.050,0.585,0.365
95500,0.050,0.551,0.399
96000,0.050,0.553,0.397
96500,0.050,0.621,0.329
97000,0.050,0.543,0.407
97500,0.050,0.682,0.268
98000,0.050,0.702,0.248
98500,0.050,0.600,0.350
99000,0.050,0.585,0.365
99500,0.050,0.541,0.409
100000,0.050,0.612,0.338
100500,0.050,0.657,0.293
101000,0.050,0.611,0.339
101500,0.050,0.640,0.310
102000,0.050,0.631,0.319
102500,0.050,0.609,0.341
103000,0.050,0.656,0.294
103500,0.050,0.601,0.349
104000,0.050,0.545,0.405
104500,0.050,0.493,0.457
105000,0.050,0.593,0.357
105500,0.050,0.580,0.370
106000,0.050,0.613,0.337
106500,0.050,0.665,0.285
107000,0.050,0.598,0.352
107500,0.050,0.590,0.360
108000,0.050,0.614,0.336
108500,0.050,0.568,0.382
109000,0.050,0.571,0.379
109500,0.050,0.590,0.360
110000,0.050,0.598,0.352
110500,0.050,0.542,0.408
111000,0.050,0.624,0.326
111500,0.050,0.625,0.325
112000,0.050,0.573,0.377
112500,0.050,0.624,0.326
113000,0.050,0.618,0.332
113500,0.050,0.579,0.371
114000,0.050,0.517,0.433
114500,0.050,0.463,0.487
115000,0.050,0.479,0.471
115500,0.050,0.554,0.396
116000,0.050,0.602,0.348
116500,0.050,0.671,0.279
117000,0.050,0.560,0.390
117500,0.050,0.511,0.439
118000,0.050,0.607,0.343
118500,0.050,0.522,0.428
119000,0.050,0.607,0.343
119500,0.050,0.585,0.365
120000,0.050,0.518,0.432
120500,0.050,0.530,0.420
121000,0.050,0.632,0.318
121500,0.050,0.544,0.406
122000,0.050,0.648,0.302
122500,0.050,0.575,0.375
123000,0.050,0.473,0.477
123500,0.050,0.519,0.431
124000,0.050,0.476,0.474
124500,0.050,0.511,0.439
125000,0.050,0.470,0.480
125500,0.050,0.551,0.399
126000,0.050,0.579,0.371
126500,0.050,0.659,0.291
127000,0.050,0.647,0.303
127500,0.050,0.571,0.379
128000,0.050,0.484,0.466
128500,0.050,0.533,0.417
129000,0.050,0.636,0.314
129500,0.050,0.552,0.398
130000,0.050,0.468,0.482
130500,0.050,0.443,0.507
131000,0.050,0.504,0.446
131500,0.050,0.561,0.389
132000,0.050,0.574,0.376
132500,0.050,0.554,0.396
133000,0.050,0.651,0.299
133500,0.050,0.518,0.432
134000,0.050,0.476,0.474
134500,0.050,0.405,0.545
135000,0.050,0.449,0.501
135500,0.050,0.514,0.436
136000,0.050,0.540,0.410
136500,0.050,0.539,0.411
137000,0.050,0.544,0.406
137500,0.050,0.436,0.514
138000,0.050,0.614,0.336
138500,0.050,0.442,0.508
139000,0.050,0.545,0.405
139500,0.050,0.517,0.433
140000,0.050,0.575,0.375
140500,0.050,0.498,0.452
141000,0.050,0.524,0.426
141500,0.050,0.562,0.388
142000,0.050,0.591,0.359
142500,0.050,0.599,0.351
143000,0.050,0.441,0.509
143500,0.050,0.457,0.493
144000,0.050,0.509,0.441
144500,0.050,0.488,0.462
145000,0.050,0.573,0.377
145500,0.050,0.477,0.473
146000,0.050,0.467,0.483
146500,0.050,0.499,0.451
147000,0.050,0.576,0.374
147500,0.050,0.580,0.370
148000,0.050,0.483,0.467
148500,0.050,0.498,0.452
149000,0.050,0.558,0.392
149500,0.050,0.514,0.436
150000,0.050,0.510,0.440
150500,0.050,0.512,0.438
151000,0.050,0.611,0.339
151500,0.050,0.585,0.365
152000,0.050,0.580,0.370
152500,0.050,0.510,0.440
153000,0.055,0.528,0.417
153500,0.050,0.598,0.352
154000,0.050,0.565,0.385
154500,0.050,0.648,0.302
155000,0.050,0.574,0.376
155500,0.050,0.609,0.341
156000,0.050,0.621,0.329
156500,0.050,0.642,0.308
157000,0.050,0.522,0.428
157500,0.050,0.510,0.440
158000,0.050,0.519,0.431
158500,0.050,0.566,0.384
159000,0.050,0.507,0.443
159500,0.050,0.563,0.387
160000,0.050,0.586,0.364
160500,0.050,0.553,0.397
161000,0.050,0.599,0.351
161500,0.050,0.495,0.455
162000,0.050,0.496,0.454
162500,0.050,0.526,0.424
163000,0.050,0.550,0.400
163500,0.050,0.598,0.352
164000,0.050,0.619,0.331
164500,0.050,0.514,0.436
165000,0.050,0.481,0.469
165500,0.050,0.591,0.359
166000,0.050,0.669,0.281
166500,0.050,0.447,0.503
167000,0.050,0.461,0.489
167500,0.056,0.392,0.552
168000,0.050,0.476,0.474
168500,0.050,0.576,0.374
169000,0.050,0.502,0.448
169500,0.050,0.629,0.321
170000,0.050,0.604,0.346
170500,0.050,0.647,0.303
171000,0.050,0.516,0.434
171500,0.050,0.498,0.452
172000,0.050,0.510,0.440
172500,0.050,0.500,0.450
173000,0.050,0.603,0.347
173500,0.050,0.477,0.473
174000,0.050,0.647,0.303
174500,0.050,0.680,0.270
175000,0.050,0.640,0.310
175500,0.050,0.562,0.388
176000,0.050,0.602,0.348
176500,0.050,0.666,0.284
177000,0.050,0.502,0.448
177500,0.050,0.536,0.414
178000,0.050,0.480,0.470
178500,0.050,0.495,0.455
179000,0.050,0.486,0.464
179500,0.050,0.582,0.368
180000,0.050,0.601,0.349
180500,0.050,0.479,0.471
181000,0.050,0.473,0.477
181500,0.050,0.602,0.348
182000,0.050,0.610,0.340
182500,0.050,0.587,0.363
183000,0.050,0.503,0.447
183500,0.050,0.591,0.359
184000,0.050,0.520,0.430
184500,0.050,0.579,0.371
185000,0.050,0.517,0.433
185500,0.050,0.504,0.446
186000,0.050,0.538,0.412
186500,0.050,0.574,0.376
187000,0.050,0.611,0.339
187500,0.050,0.656,0.294
188000,0.050,0.531,0.419
188500,0.050,0.540,0.410
189000,0.050,0.551,0.399
189500,0.050,0.606,0.344
190000,0.052,0.461,0.487
190500,0.050,0.466,0.484
191000,0.050,0.382,0.568
191500,0.050,0.513,0.437
192000,0.050,0.575,0.375
192500,0.050,0.502,0.448
193000,0.050,0.483,0.467
193500,0.050,0.554,0.396
194000,0.050,0.631,0.319
194500,0.050,0.518,0.432
195000,0.050,0.604,0.346
195500,0.050,0.546,0.404
196000,0.050,0.496,0.454
196500,0.050,0.551,0.399
197000,0.050,0.593,0.357
197500,0.050,0.622,0.328
198000,0.050,0.499,0.451
198500,0.050,0.523,0.427
199000,0.050,0.575,0.375
199500,0.050,0.505,0.445
200000,0.050,0.437,0.513
200500,0.050,0.500,0.450
201000,0.050,0.572,0.378
201500,0.050,0.552,0.398
202000,0.050,0.560,0.390
202500,0.050,0.541,0.409
203000,0.050,0.533,0.417
203500,0.050,0.543,0.407
204000,0.050,0.536,0.414
204500,0.050,0.550,0.400
205000,0.050,0.532,0.418
205500,0.050,0.478,0.472
206000,0.050,0.621,0.329
206500,0.050,0.583,0.367
207000,0.050,0.625,0.325
207500,0.050,0.703,0.247
208000,0.050,0.557,0.393
208500,0.050,0.490,0.460
209000,0.050,0.450,0.500
209500,0.050,0.636,0.314
210000,0.050,0.653,0.297
210500,0.050,0.570,0.380
211000,0.050,0.398,0.552
211500,0.050,0.508,0.442
212000,0.050,0.606,0.344
212500,0.050,0.627,0.323
213000,0.050,0.611,0.339
213500,0.050,0.620,0.330
214000,0.050,0.591,0.359
214500,0.050,0.567,0.383
215000,0.050,0.501,0.449
215500,0.050,0.479,0.471
216000,0.050,0.562,0.388
216500,0.050,0.659,0.291
217000,0.050,0.644,0.306
217500,0.050,0.601,0.349
218000,0.050,0.644,0.306
218500,0.050,0.610,0.340
219000,0.050,0.537,0.413
219500,0.050,0.621,0.329
220000,0.050,0.611,0.339
220500,0.050,0.521,0.429
221000,0.050,0.536,0.414
221500,0.050,0.571,0.379
222000,0.050,0.665,0.285
222500,0.050,0.474,0.476
223000,0.050,0.553,0.397
223500,0.050,0.591,0.359
224000,0.050,0.604,0.346
224500,0.050,0.595,0.355
225000,0.050,0.553,0.397
225500,0.050,0.571,0.379
226000,0.050,0.593,0.357
226500,0.050,0.569,0.381
227000,0.050,0.483,0.467
227500,0.050,0.576,0.374
228000,0.050,0.598,0.352
228500,0.050,0.529,0.421
229000,0.050,0.547,0.403
229500,0.050,0.521,0.429
230000,0.051,0.456,0.493
230500,0.050,0.468,0.482
231000,0.050,0.542,0.408
231500,0.050,0.584,0.366
232000,0.050,0.578,0.372
232500,0.050,0.589,0.361
233000,0.050,0.583,0.367
233500,0.050,0.610,0.340
234000,0.050,0.714,0.236
234500,0.050,0.640,0.310
235000,0.050,0.543,0.407
235500,0.050,0.478,0.472
236000,0.050,0.498,0.452
236500,0.050,0.534,0.416
237000,0.050,0.510,0.440
237500,0.050,0.534,0.416
238000,0.050,0.561,0.389
238500,0.050,0.549,0.401
239000,0.050,0.611,0.339
239500,0.050,0.591,0.359
240000,0.050,0.630,0.320
240500,0.050,0.576,0.374
241000,0.050,0.521,0.429
241500,0.050,0.469,0.481
242000,0.050,0.533,0.417
242500,0.050,0.577,0.373
243000,0.050,0.603,0.347
243500,0.051,0.519,0.430
244000,0.050,0.569,0.381
244500,0.050,0.544,0.406
245000,0.050,0.721,0.229
245500,0.050,0.706,0.244
246000,0.050,0.565,0.385
246500,0.050,0.558,0.392
247000,0.050,0.548,0.402
247500,0.050,0.612,0.338
248000,0.050,0.533,0.417
248500,0.050,0.507,0.443
249000,0.050,0.582,0.368
249500,0.050,0.510,0.440
250000,0.050,0.500,0.450
250500,0.050,0.575,0.375
251000,0.050,0.586,0.364
251500,0.050,0.664,0.286
252000,0.050,0.745,0.205
252500,0.050,0.536,0.414
253000,0.050,0.548,0.402
253500,0.050,0.617,0.333
254000,0.050,0.612,0.338
254500,0.050,0.621,0.329
255000,0.050,0.537,0.413
255500,0.050,0.503,0.447
256000,0.050,0.549,0.401
256500,0.050,0.417,0.533
257000,0.050,0.557,0.393
257500,0.050,0.553,0.397
258000,0.050,0.534,0.416
258500,0.050,0.565,0.385
259000,0.050,0.566,0.384
259500,0.050,0.456,0.494
260000,0.052,0.520,0.428
260500,0.050,0.585,0.365
261000,0.050,0.486,0.464
261500,0.050,0.458,0.492
262000,0.050,0.532,0.418
262500,0.050,0.511,0.439
263000,0.050,0.552,0.398
263500,0.050,0.570,0.380
264000,0.050,0.540,0.410
264500,0.050,0.478,0.472
265000,0.050,0.565,0.385
265500,0.050,0.600,0.350
266000,0.050,0.630,0.320
266500,0.050,0.579,0.371
267000,0.050,0.610,0.340
267500,0.050,0.634,0.316
268000,0.050,0.628,0.322
268500,0.050,0.617,0.333
269000,0.050,0.537,0.413
269500,0.050,0.671,0.279
270000,0.050,0.574,0.376
270500,0.050,0.464,0.486
271000,0.050,0.413,0.537
271500,0.052,0.511,0.437
272000,0.050,0.510,0.440
272500,0.050,0.596,0.354
273000,0.050,0.577,0.373
273500,0.050,0.601,0.349
274000,0.050,0.516,0.434
274500,0.050,0.480,0.470
275000,0.050,0.486,0.464
275500,0.050,0.618,0.332
276000,0.050,0.662,0.288
276500,0.050,0.544,0.406
277000,0.050,0.524,0.426
277500,0.050,0.630,0.320
278000,0.050,0.536,0.414
278500,0.050,0.532,0.418
279000,0.050,0.468,0.482
279500,0.050,0.533,0.417
280000,0.050,0.479,0.471
280500,0.050,0.542,0.408
281000,0.050,0.569,0.381
281500,0.050,0.571,0.379
282000,0.050,0.485,0.465
282500,0.050,0.526,0.424
283000,0.050,0.489,0.461
283500,0.050,0.562,0.388
284000,0.050,0.630,0.320
284500,0.050,0.603,0.347
285000,0.050,0.598,0.352
285500,0.050,0.508,0.442
286000,0.050,0.630,0.320
286500,0.050,0.568,0.382
287000,0.050,0.590,0.360
287500,0.050,0.488,0.462
288000,0.050,0.498,0.452
288500,0.050,0.528,0.422
289000,0.050,0.522,0.428
289500,0.050,0.588,0.362
290000,0.050,0.568,0.382
290500,0.050,0.475,0.475
291000,0.050,0.508,0.442
291500,0.050,0.610,0.340
292000,0.050,0.561,0.389
292500,0.050,0.587,0.363
293000,0.050,0.546,0.404
293500,0.050,0.479,0.471
294000,0.050,0.499,0.451
294500,0.050,0.548,0.402
295000,0.050,0.496,0.454
295500,0.050,0.407,0.543
296000,0.050,0.502,0.448
296500,0.050,0.669,0.281
297000,0.050,0.648,0.302
297500,0.050,0.508,0.442
298000,0.050,0.593,0.357
298500,0.050,0.411,0.539
299000,0.050,0.522,0.428
299500,0.050,0.463,0.487
300000,0.050,0.516,0.434
300500,0.050,0.591,0.359
301000,0.050,0.566,0.384
301500,0.050,0.521,0.429
302000,0.050,0.553,0.397
302500,0.050,0.486,0.464
303000,0.050,0.692,0.258
303500,0.050,0.615,0.335
304000,0.050,0.581,0.369
304500,0.050,0.658,0.292
305000,0.050,0.598,0.352
305500,0.050,0.620,0.330
306000,0.050,0.615,0.335
306500,0.050,0.552,0.398
307000,0.050,0.635,0.315
307500,0.050,0.582,0.368
308000,0.050,0.475,0.475
308500,0.050,0.499,0.451
309000,0.050,0.499,0.451
309500,0.050,0.541,0.409
310000,0.050,0.618,0.332
310500,0.050,0.504,0.446
311000,0.050,0.554,0.396
311500,0.050,0.544,0.406
312000,0.050,0.503,0.447
312500,0.050,0.600,0.350
313000,0.050,0.553,0.397
313500,0.050,0.609,0.341
314000,0.050,0.572,0.378
314500,0.050,0.555,0.395
315000,0.050,0.557,0.393
315500,0.050,0.467,0.483
316000,0.050,0.553,0.397
316500,0.050,0.553,0.397
317000,0.050,0.573,0.377
317500,0.050,0.528,0.422
318000,0.050,0.494,0.456
318500,0.050,0.483,0.467
319000,0.050,0.558,0.392
319500,0.050,0.591,0.359
320000,0.050,0.493,0.457
320500,0.050,0.518,0.432
321000,0.050,0.590,0.360
321500,0.050,0.510,0.440
322000,0.050,0.540,0.410
322500,0.050,0.433,0.517
323000,0.050,0.532,0.418
323500,0.050,0.453,0.497
324000,0.050,0.584,0.366
324500,0.050,0.500,0.450
325000,0.050,0.562,0.388
325500,0.050,0.489,0.461
326000,0.050,0.500,0.450
326500,0.050,0.498,0.452
327000,0.050,0.547,0.403
327500,0.050,0.470,0.480
328000,0.050,0.500,0.450
328500,0.054,0.489,0.457
329000,0.050,0.528,0.422
329500,0.050,0.426,0.524
330000,0.050,0.440,0.510
330500,0.050,0.449,0.501
331000,0.050,0.547,0.403
331500,0.050,0.560,0.390
332000,0.050,0.577,0.373
332500,0.050,0.594,0.356
333000,0.050,0.569,0.381
333500,0.050,0.454,0.496
334000,0.050,0.681,0.269
334500,0.050,0.623,0.327
335000,0.050,0.658,0.292
335500,0.050,0.631,0.319
336000,0.050,0.567,0.383
336500,0.050,0.543,0.407
337000,0.050,0.452,0.498
337500,0.051,0.408,0.541
338000,0.050,0.555,0.395
338500,0.050,0.595,0.355
339000,0.050,0.608,0.342
339500,0.050,0.648,0.302
340000,0.050,0.482,0.468
340500,0.050,0.609,0.341
341000,0.050,0.655,0.295
341500,0.050,0.547,0.403
342000,0.050,0.594,0.356
342500,0.050,0.561,0.389
343000,0.050,0.610,0.340
343500,0.050,0.539,0.411
344000,0.050,0.594,0.356
344500,0.050,0.618,0.332
345000,0.050,0.519,0.431
345500,0.050,0.573,0.377
346000,0.050,0.456,0.494
346500,0.050,0.530,0.420
347000,0.050,0.467,0.483
347500,0.050,0.481,0.469
348000,0.050,0.512,0.438
348500,0.050,0.503,0.447
349000,0.050,0.639,0.311
349500,0.050,0.479,0.471
350000,0.050,0.639,0.311
350500,0.050,0.560,0.390
351000,0.050,0.432,0.518
351500,0.050,0.473,0.477
352000,0.050,0.505,0.445
352500,0.050,0.562,0.388
353000,0.050,0.586,0.364
353500,0.050,0.596,0.354
354000,0.050,0.558,0.392
354500,0.050,0.585,0.365
355000,0.050,0.558,0.392
355500,0.050,0.530,0.420
356000,0.050,0.399,0.551
356500,0.050,0.570,0.380
357000,0.050,0.531,0.419
357500,0.050,0.598,0.352
358000,0.050,0.511,0.439
358500,0.050,0.526,0.424
359000,0.050,0.560,0.390
359500,0.050,0.576,0.374
360000,0.050,0.529,0.421
360500,0.050,0.589,0.361
361000,0.050,0.582,0.368
361500,0.050,0.645,0.305
362000,0.050,0.611,0.339
362500,0.050,0.580,0.370
363000,0.050,0.569,0.381
363500,0.050,0.592,0.358
364000,0.050,0.469,0.481
364500,0.050,0.546,0.404
365000,0.050,0.565,0.385
365500,0.050,0.500,0.450
366000,0.050,0.461,0.489
366500,0.050,0.425,0.525
367000,0.050,0.486,0.464
367500,0.050,0.542,0.408
368000,0.050,0.431,0.519
368500,0.050,0.562,0.388
369000,0.050,0.528,0.422
369500,0.050,0.550,0.400
370000,0.050,0.615,0.335
370500,0.050,0.672,0.278
371000,0.050,0.548,0.402
371500,0.050,0.554,0.396
372000,0.050,0.543,0.407
372500,0.050,0.493,0.457
373000,0.050,0.549,0.401
373500,0.050,0.540,0.410
374000,0.050,0.502,0.448
374500,0.050,0.590,0.360
375000,0.050,0.620,0.330
375500,0.050,0.614,0.336
376000,0.050,0.629,0.321
376500,0.050,0.523,0.427
377000,0.050,0.537,0.413
377500,0.050,0.521,0.429
378000,0.050,0.520,0.430
378500,0.055,0.474,0.471
379000,0.050,0.543,0.407
379500,0.050,0.566,0.384
380000,0.050,0.602,0.348
380500,0.050,0.564,0.386
381000,0.050,0.542,0.408
381500,0.050,0.557,0.393
382000,0.050,0.556,0.394
382500,0.050,0.465,0.485
383000,0.050,0.537,0.413
383500,0.050,0.483,0.467
384000,0.050,0.527,0.423
384500,0.050,0.506,0.444
385000,0.050,0.547,0.403
385500,0.050,0.630,0.320
386000,0.050,0.576,0.374
386500,0.050,0.569,0.381
387000,0.050,0.538,0.412
387500,0.050,0.560,0.390
388000,0.050,0.487,0.463
388500,0.050,0.622,0.328
389000,0.050,0.573,0.377
389500,0.050,0.527,0.423
390000,0.050,0.530,0.420
390500,0.050,0.587,0.363
391000,0.050,0.620,0.330
391500,0.050,0.743,0.207
392000,0.050,0.542,0.408
392500,0.050,0.590,0.360
393000,0.050,0.563,0.387
393500,0.050,0.533,0.417
394000,0.050,0.486,0.464
394500,0.050,0.476,0.474
395000,0.050,0.515,0.435
395500,0.050,0.522,0.428
396000,0.050,0.542,0.408
396500,0.050,0.553,0.397
397000,0.050,0.559,0.391
397500,0.050,0.607,0.343
398000,0.050,0.669,0.281
398500,0.050,0.518,0.432
399000,0.050,0.547,0.403
399500,0.050,0.503,0.447
400000,0.050,0.487,0.463
400500,0.050,0.604,0.346
401000,0.059,0.523,0.418
401500,0.050,0.489,0.461
402000,0.050,0.439,0.511
402500,0.050,0.540,0.410
403000,0.050,0.560,0.390
403500,0.050,0.535,0.415
404000,0.050,0.641,0.309
404500,0.050,0.551,0.399
405000,0.050,0.539,0.411
405500,0.050,0.551,0.399
406000,0.050,0.544,0.406
406500,0.050,0.523,0.427
407000,0.050,0.472,0.478
407500,0.050,0.609,0.341
408000,0.050,0.620,0.330
408500,0.050,0.632,0.318
409000,0.050,0.599,0.351
409500,0.050,0.567,0.383
410000,0.050,0.520,0.430
410500,0.050,0.563,0.387
411000,0.050,0.408,0.542
411500,0.050,0.528,0.422
412000,0.050,0.541,0.409
412500,0.050,0.575,0.375
413000,0.050,0.507,0.443
413500,0.050,0.538,0.412
414000,0.050,0.576,0.374
414500,0.050,0.511,0.439
415000,0.050,0.581,0.369
415500,0.050,0.511,0.439
416000,0.050,0.537,0.413
416500,0.050,0.483,0.467
417000,0.050,0.558,0.392
417500,0.050,0.533,0.417
418000,0.050,0.484,0.466
418500,0.050,0.517,0.433
419000,0.050,0.540,0.410
419500,0.050,0.522,0.428
420000,0.050,0.523,0.427
420500,0.050,0.607,0.343
421000,0.050,0.538,0.412
421500,0.050,0.512,0.438
422000,0.050,0.561,0.389
422500,0.050,0.650,0.300
423000,0.050,0.627,0.323
423500,0.050,0.624,0.326
424000,0.050,0.533,0.417
424500,0.050,0.496,0.454
425000,0.052,0.474,0.474
425500,0.050,0.496,0.454
426000,0.050,0.483,0.467
426500,0.050,0.612,0.338
427000,0.050,0.537,0.413
427500,0.050,0.514,0.436
428000,0.050,0.555,0.395
428500,0.050,0.545,0.405
429000,0.050,0.501,0.449
429500,0.050,0.517,0.433
430000,0.050,0.486,0.464
430500,0.050,0.473,0.477
431000,0.050,0.574,0.376
431500,0.050,0.594,0.356
432000,0.050,0.580,0.370
432500,0.050,0.551,0.399
433000,0.050,0.724,0.226
433500,0.050,0.653,0.297
434000,0.050,0.640,0.310
434500,0.050,0.588,0.362
435000,0.050,0.632,0.318
435500,0.050,0.516,0.434
436000,0.050,0.574,0.376
436500,0.050,0.531,0.419
437000,0.050,0.622,0.328
437500,0.050,0.641,0.309
438000,0.050,0.693,0.257
438500,0.050,0.563,0.387
439000,0.050,0.539,0.411
439500,0.050,0.592,0.358
440000,0.050,0.626,0.324
440500,0.050,0.754,0.196
441000,0.050,0.655,0.295
441500,0.050,0.610,0.340
442000,0.050,0.595,0.355
442500,0.050,0.508,0.442
443000,0.050,0.664,0.286
443500,0.050,0.614,0.336
444000,0.050,0.630,0.320
444500,0.050,0.645,0.305
445000,0.050,0.569,0.381
445500,0.050,0.565,0.385
446000,0.050,0.535,0.415
446500,0.050,0.517,0.433
447000,0.050,0.493,0.457
447500,0.050,0.456,0.494
448000,0.050,0.612,0.338
448500,0.050,0.539,0.411
449000,0.050,0.449,0.501
449500,0.050,0.482,0.468
450000,0.050,0.486,0.464
450500,0.050,0.469,0.481
451000,0.054,0.403,0.543
451500,0.050,0.490,0.460
452000,0.050,0.581,0.369
452500,0.050,0.576,0.374
453000,0.050,0.596,0.354
453500,0.050,0.551,0.399
454000,0.050,0.627,0.323
454500,0.050,0.556,0.394
455000,0.050,0.566,0.384
455500,0.050,0.586,0.364
456000,0.050,0.490,0.460
456500,0.050,0.544,0.406
457000,0.050,0.631,0.319
457500,0.050,0.460,0.490
458000,0.050,0.643,0.307
458500,0.050,0.694,0.256
459000,0.050,0.653,0.297
459500,0.050,0.617,0.333
460000,0.050,0.660,0.290
460500,0.050,0.597,0.353
461000,0.050,0.595,0.355
461500,0.050,0.597,0.353
462000,0.050,0.603,0.347
462500,0.050,0.588,0.362
463000,0.050,0.575,0.375
463500,0.050,0.599,0.351
464000,0.050,0.520,0.430
464500,0.050,0.596,0.354
465000,0.050,0.589,0.361
465500,0.050,0.536,0.414
466000,0.050,0.501,0.449
466500,0.050,0.503,0.447
467000,0.050,0.463,0.487
467500,0.050,0.568,0.382
468000,0.050,0.460,0.490
468500,0.050,0.504,0.446
469000,0.050,0.453,0.497
469500,0.050,0.640,0.310
470000,0.050,0.570,0.380
470500,0.050,0.673,0.277
471000,0.050,0.661,0.289
471500,0.050,0.639,0.311
472000,0.050,0.636,0.314
472500,0.050,0.557,0.393
473000,0.050,0.592,0.358
473500,0.050,0.578,0.372
474000,0.050,0.551,0.399
474500,0.050,0.545,0.405
475000,0.050,0.594,0.356
475500,0.050,0.610,0.340
476000,0.050,0.634,0.316
476500,0.050,0.517,0.433
477000,0.050,0.599,0.351
477500,0.050,0.585,0.365
478000,0.050,0.609,0.341
478500,0.050,0.559,0.391
479000,0.050,0.491,0.459
479500,0.050,0.528,0.422
480000,0.050,0.538,0.412
480500,0.050,0.516,0.434
481000,0.050,0.566,0.384
481500,0.050,0.616,0.334
482000,0.050,0.503,0.447
482500,0.050,0.581,0.369
483000,0.050,0.632,0.318
483500,0.050,0.606,0.344
484000,0.050,0.600,0.350
484500,0.050,0.564,0.386
485000,0.050,0.495,0.455
485500,0.050,0.582,0.368
486000,0.050,0.576,0.374
486500,0.050,0.581,0.369
487000,0.050,0.619,0.331
487500,0.050,0.576,0.374
488000,0.050,0.591,0.359
488500,0.050,0.617,0.333
489000,0.050,0.449,0.501
489500,0.050,0.523,0.427
490000,0.050,0.612,0.338
490500,0.050,0.580,0.370
491000,0.050,0.572,0.378
491500,0.050,0.638,0.312
492000,0.050,0.549,0.401
492500,0.050,0.467,0.483
493000,0.050,0.423,0.527
493500,0.050,0.537,0.413
494000,0.050,0.645,0.305
494500,0.050,0.521,0.429
495000,0.050,0.725,0.225
495500,0.050,0.604,0.346
496000,0.050,0.569,0.381
496500,0.050,0.623,0.327
497000,0.050,0.401,0.549
497500,0.050,0.536,0.414
498000,0.050,0.528,0.422
498500,0.050,0.633,0.317
499000,0.050,0.623,0.327
499500,0.050,0.508,0.442
500000,0.050,0.516,0.434
500500,0.050,0.583,0.367
501000,0.050,0.516,0.434
501500,0.050,0.556,0.394
502000,0.050,0.528,0.422
502500,0.050,0.539,0.411
503000,0.050,0.521,0.429
503500,0.050,0.588,0.362
504000,0.050,0.542,0.408
504500,0.050,0.539,0.411
505000,0.050,0.599,0.351
505500,0.050,0.515,0.435
506000,0.050,0.507,0.443
506500,0.050,0.562,0.388
507000,0.050,0.582,0.368
507500,0.050,0.532,0.418
508000,0.050,0.614,0.336
508500,0.050,0.545,0.405
509000,0.050,0.597,0.353
509500,0.050,0.663,0.287
510000,0.050,0.641,0.309
510500,0.050,0.668,0.282
511000,0.050,0.571,0.379
511500,0.050,0.564,0.386
512000,0.050,0.497,0.453
512500,0.050,0.586,0.364
513000,0.050,0.545,0.405
513500,0.050,0.590,0.360
514000,0.050,0.532,0.418
514500,0.050,0.536,0.414
515000,0.050,0.603,0.347
515500,0.050,0.588,0.362
516000,0.050,0.613,0.337
516500,0.050,0.569,0.381
517000,0.050,0.530,0.420
517500,0.050,0.589,0.361
518000,0.050,0.550,0.400
518500,0.050,0.555,0.395
519000,0.050,0.570,0.380
519500,0.050,0.487,0.463
520000,0.050,0.547,0.403
520500,0.050,0.497,0.453
521000,0.050,0.572,0.378
521500,0.050,0.575,0.375
522000,0.050,0.512,0.438
522500,0.050,0.590,0.360
523000,0.050,0.578,0.372
523500,0.050,0.665,0.285
524000,0.050,0.550,0.400
524500,0.050,0.505,0.445
525000,0.050,0.530,0.420
525500,0.050,0.585,0.365
526000,0.050,0.564,0.386
526500,0.050,0.448,0.502
527000,0.050,0.550,0.400
527500,0.050,0.471,0.479
528000,0.050,0.483,0.467
528500,0.050,0.541,0.409
529000,0.050,0.674,0.276
529500,0.050,0.588,0.362
530000,0.050,0.507,0.443
530500,0.050,0.489,0.461
531000,0.050,0.451,0.499
531500,0.050,0.547,0.403
532000,0.050,0.615,0.335
532500,0.050,0.597,0.353
533000,0.050,0.586,0.364
533500,0.050,0.658,0.292
534000,0.050,0.473,0.477
534500,0.050,0.480,0.470
535000,0.050,0.414,0.536
535500,0.050,0.428,0.522
536000,0.050,0.448,0.502
536500,0.050,0.487,0.463
537000,0.050,0.510,0.440
537500,0.050,0.573,0.377
538000,0.050,0.642,0.308
538500,0.050,0.548,0.402
539000,0.050,0.595,0.355
539500,0.050,0.579,0.371
540000,0.050,0.570,0.380
540500,0.050,0.518,0.432
541000,0.051,0.443,0.506
541500,0.050,0.641,0.309
542000,0.050,0.619,0.331
542500,0.050,0.565,0.385
543000,0.050,0.618,0.332
543500,0.050,0.592,0.358
544000,0.050,0.605,0.345
544500,0.050,0.505,0.445
545000,0.050,0.507,0.443
545500,0.050,0.513,0.437
546000,0.050,0.519,0.431
546500,0.050,0.465,0.485
547000,0.050,0.521,0.429
547500,0.050,0.570,0.380
548000,0.050,0.637,0.313
548500,0.050,0.604,0.346
549000,0.050,0.470,0.480
549500,0.050,0.480,0.470
550000,0.050,0.636,0.314
550500,0.050,0.534,0.416
551000,0.050,0.647,0.303
551500,0.050,0.534,0.416
552000,0.050,0.448,0.502
552500,0.050,0.462,0.488
553000,0.050,0.440,0.510
553500,0.050,0.602,0.348
554000,0.050,0.553,0.397
554500,0.050,0.497,0.453
555000,0.050,0.513,0.437
555500,0.053,0.442,0.505
556000,0.051,0.558,0.391
556500,0.050,0.612,0.338
557000,0.050,0.601,0.349
557500,0.050,0.543,0.407
558000,0.050,0.484,0.466
558500,0.050,0.492,0.458
559000,0.050,0.550,0.400
559500,0.050,0.569,0.381
560000,0.050,0.554,0.396
560500,0.050,0.503,0.447
561000,0.050,0.556,0.394
561500,0.050,0.445,0.505
562000,0.050,0.522,0.428
562500,0.050,0.495,0.455
563000,0.050,0.501,0.449
563500,0.050,0.490,0.460
564000,0.050,0.545,0.405
564500,0.050,0.535,0.415
565000,0.050,0.515,0.435
565500,0.050,0.574,0.376
566000,0.050,0.492,0.458
566500,0.050,0.451,0.499
567000,0.050,0.524,0.426
567500,0.050,0.472,0.478
568000,0.050,0.483,0.467
568500,0.050,0.459,0.491
569000,0.050,0.545,0.405
569500,0.050,0.552,0.398
570000,0.050,0.493,0.457
570500,0.050,0.556,0.394
571000,0.050,0.389,0.561
571500,0.050,0.494,0.456
572000,0.050,0.599,0.351
572500,0.050,0.620,0.330
573000,0.050,0.591,0.359
573500,0.050,0.554,0.396
574000,0.050,0.552,0.398
574500,0.050,0.526,0.424
575000,0.050,0.511,0.439
575500,0.050,0.476,0.474
576000,0.053,0.468,0.479
576500,0.050,0.498,0.452
577000,0.050,0.496,0.454
577500,0.050,0.483,0.467
578000,0.050,0.500,0.450
578500,0.050,0.509,0.441
579000,0.050,0.553,0.397
579500,0.050,0.559,0.391
580000,0.050,0.532,0.418
580500,0.050,0.598,0.352
581000,0.050,0.572,0.378
581500,0.050,0.436,0.514
582000,0.050,0.485,0.465
582500,0.050,0.451,0.499
583000,0.050,0.455,0.495
583500,0.050,0.485,0.465
584000,0.050,0.553,0.397
584500,0.050,0.559,0.391
585000,0.050,0.507,0.443
585500,0.050,0.585,0.365
586000,0.062,0.488,0.450
586500,0.050,0.604,0.346
587000,0.050,0.650,0.300
587500,0.050,0.585,0.365
588000,0.050,0.571,0.379
588500,0.050,0.521,0.429
589000,0.050,0.491,0.459
589500,0.050,0.506,0.444
590000,0.050,0.604,0.346
590500,0.050,0.557,0.393
591000,0.050,0.521,0.429
591500,0.050,0.644,0.306
592000,0.050,0.552,0.398
592500,0.050,0.411,0.539
593000,0.050,0.499,0.451
593500,0.050,0.493,0.457
594000,0.050,0.606,0.344
594500,0.050,0.589,0.361
595000,0.050,0.524,0.426
595500,0.050,0.575,0.375
596000,0.050,0.634,0.316
596500,0.050,0.577,0.373
597000,0.050,0.482,0.468
597500,0.050,0.528,0.422
598000,0.050,0.569,0.381
598500,0.050,0.461,0.489
599000,0.050,0.537,0.413
599500,0.050,0.610,0.340
600000,0.050,0.673,0.277
600500,0.050,0.626,0.324
601000,0.050,0.555,0.395
601500,0.050,0.568,0.382
602000,0.050,0.454,0.496
602500,0.050,0.508,0.442
603000,0.050,0.501,0.449
603500,0.050,0.589,0.361
604000,0.050,0.579,0.371
604500,0.050,0.516,0.434
605000,0.050,0.469,0.481
605500,0.051,0.525,0.424
606000,0.050,0.592,0.358
606500,0.050,0.601,0.349
607000,0.050,0.549,0.401
607500,0.050,0.492,0.458
608000,0.050,0.622,0.328
608500,0.050,0.462,0.488
609000,0.050,0.615,0.335
609500,0.050,0.670,0.280
610000,0.050,0.568,0.382
610500,0.050,0.585,0.365
611000,0.050,0.535,0.415
611500,0.050,0.671,0.279
612000,0.050,0.645,0.305
612500,0.050,0.605,0.345
613000,0.050,0.548,0.402
613500,0.050,0.396,0.554
614000,0.050,0.585,0.365
614500,0.050,0.510,0.440
615000,0.050,0.463,0.487
615500,0.050,0.551,0.399
616000,0.050,0.666,0.284
616500,0.050,0.658,0.292
617000,0.050,0.479,0.471
617500,0.050,0.595,0.355
618000,0.050,0.454,0.496
618500,0.050,0.544,0.406
619000,0.050,0.648,0.302
619500,0.050,0.693,0.257
620000,0.050,0.546,0.404
620500,0.050,0.601,0.349
621000,0.050,0.634,0.316
621500,0.050,0.513,0.437
622000,0.050,0.617,0.333
622500,0.050,0.542,0.408
623000,0.050,0.586,0.364
623500,0.050,0.657,0.293
624000,0.050,0.662,0.288
624500,0.050,0.597,0.353
625000,0.050,0.441,0.509
625500,0.050,0.571,0.379
626000,0.050,0.532,0.418
626500,0.050,0.516,0.434
627000,0.050,0.550,0.400
627500,0.050,0.622,0.328
628000,0.050,0.616,0.334
628500,0.050,0.475,0.475
629000,0.050,0.598,0.352
629500,0.050,0.595,0.355
630000,0.050,0.498,0.452
630500,0.051,0.493,0.456
631000,0.050,0.490,0.460
631500,0.050,0.573,0.377
632000,0.050,0.559,0.391
632500,0.050,0.561,0.389
633000,0.053,0.547,0.400
633500,0.050,0.540,0.410
634000,0.050,0.603,0.347
634500,0.050,0.573,0.377
635000,0.050,0.675,0.275
635500,0.050,0.669,0.281
636000,0.050,0.651,0.299
636500,0.050,0.631,0.319
637000,0.050,0.666,0.284
637500,0.050,0.650,0.300
638000,0.050,0.685,0.265
638500,0.050,0.614,0.336
639000,0.050,0.546,0.404
639500,0.050,0.600,0.350
640000,0.050,0.619,0.331
640500,0.050,0.508,0.442
641000,0.050,0.517,0.433
641500,0.050,0.518,0.432
642000,0.050,0.592,0.358
642500,0.050,0.695,0.255
643000,0.050,0.514,0.436
643500,0.050,0.542,0.408
644000,0.050,0.456,0.494
644500,0.050,0.560,0.390
645000,0.050,0.638,0.312
645500,0.050,0.553,0.397
646000,0.050,0.503,0.447
646500,0.050,0.480,0.470
647000,0.050,0.525,0.425
647500,0.050,0.631,0.319
648000,0.050,0.592,0.358
648500,0.050,0.612,0.338
649000,0.050,0.464,0.486
649500,0.050,0.501,0.449
650000,0.050,0.583,0.367
650500,0.050,0.534,0.416
651000,0.050,0.593,0.357
651500,0.050,0.533,0.417
652000,0.050,0.523,0.427
652500,0.050,0.512,0.438
653000,0.050,0.601,0.349
653500,0.050,0.603,0.347
654000,0.050,0.474,0.476
654500,0.050,0.549,0.401
655000,0.050,0.542,0.408
655500,0.050,0.538,0.412
656000,0.050,0.519,0.431
656500,0.050,0.540,0.410
657000,0.050,0.643,0.307
657500,0.050,0.616,0.334
658000,0.050,0.586,0.364
658500,0.050,0.507,0.443
659000,0.050,0.499,0.451
659500,0.050,0.595,0.355
660000,0.050,0.601,0.349
660500,0.050,0.563,0.387
661000,0.050,0.557,0.393
661500,0.050,0.497,0.453
662000,0.050,0.565,0.385
662500,0.050,0.499,0.451
663000,0.050,0.529,0.421
663500,0.050,0.610,0.340
664000,0.050,0.659,0.291
664500,0.050,0.530,0.420
665000,0.050,0.573,0.377
665500,0.050,0.601,0.349
666000,0.050,0.566,0.384
666500,0.050,0.538,0.412
667000,0.050,0.614,0.336
667500,0.050,0.526,0.424
668000,0.050,0.574,0.376
668500,0.050,0.546,0.404
669000,0.050,0.535,0.415
669500,0.050,0.521,0.429
670000,0.050,0.625,0.325
670500,0.050,0.613,0.337
671000,0.050,0.539,0.411
671500,0.050,0.635,0.315
672000,0.050,0.689,0.261
672500,0.050,0.513,0.437
673000,0.050,0.572,0.378
673500,0.050,0.501,0.449
674000,0.050,0.438,0.512
674500,0.050,0.510,0.440
675000,0.050,0.510,0.440
675500,0.050,0.410,0.540
676000,0.050,0.512,0.438
676500,0.050,0.586,0.364
677000,0.050,0.570,0.380
677500,0.050,0.530,0.420
678000,0.050,0.556,0.394
678500,0.050,0.594,0.356
679000,0.050,0.623,0.327
679500,0.050,0.515,0.435
680000,0.050,0.556,0.394
680500,0.050,0.544,0.406
681000,0.050,0.550,0.400
681500,0.050,0.550,0.400
682000,0.050,0.628,0.322
682500,0.050,0.595,0.355
683000,0.050,0.588,0.362
683500,0.050,0.525,0.425
684000,0.050,0.488,0.462
684500,0.050,0.553,0.397
685000,0.050,0.638,0.312
685500,0.050,0.593,0.357
686000,0.050,0.595,0.355
686500,0.050,0.588,0.362
687000,0.050,0.588,0.362
687500,0.050,0.526,0.424
688000,0.050,0.595,0.355
688500,0.050,0.590,0.360
689000,0.050,0.505,0.445
689500,0.050,0.548,0.402
690000,0.050,0.570,0.380
690500,0.050,0.566,0.384
691000,0.050,0.536,0.414
691500,0.050,0.472,0.478
692000,0.050,0.574,0.376
692500,0.050,0.561,0.389
693000,0.050,0.496,0.454
693500,0.050,0.573,0.377
694000,0.050,0.597,0.353
694500,0.050,0.561,0.389
695000,0.050,0.641,0.309
695500,0.050,0.596,0.354
696000,0.050,0.608,0.342
696500,0.050,0.472,0.478
697000,0.050,0.622,0.328
697500,0.050,0.526,0.424
698000,0.050,0.531,0.419
698500,0.050,0.590,0.360
699000,0.050,0.432,0.518
699500,0.050,0.530,0.420
700000,0.050,0.563,0.387
700500,0.050,0.589,0.361
701000,0.050,0.593,0.357
701500,0.050,0.540,0.410
702000,0.051,0.452,0.497
702500,0.050,0.549,0.401
703000,0.050,0.435,0.515
703500,0.050,0.533,0.417
704000,0.050,0.530,0.420
704500,0.050,0.657,0.293
705000,0.050,0.588,0.362
705500,0.050,0.498,0.452
706000,0.050,0.538,0.412
706500,0.050,0.470,0.480
707000,0.050,0.612,0.338
707500,0.050,0.458,0.492
708000,0.050,0.586,0.364
708500,0.050,0.609,0.341
709000,0.050,0.649,0.301
709500,0.050,0.650,0.300
710000,0.050,0.494,0.456
710500,0.050,0.556,0.394
711000,0.050,0.606,0.344
711500,0.050,0.544,0.406
712000,0.050,0.478,0.472
712500,0.050,0.522,0.428
713000,0.050,0.495,0.455
713500,0.050,0.489,0.461
714000,0.050,0.584,0.366
714500,0.050,0.513,0.437
715000,0.050,0.545,0.405
715500,0.050,0.672,0.278
716000,0.050,0.574,0.376
716500,0.050,0.510,0.440
717000,0.050,0.482,0.468
717500,0.050,0.480,0.470
718000,0.050,0.503,0.447
718500,0.050,0.548,0.402
719000,0.050,0.568,0.382
719500,0.050,0.537,0.413
720000,0.050,0.557,0.393
720500,0.050,0.520,0.430
721000,0.050,0.554,0.396
721500,0.050,0.636,0.314
722000,0.050,0.678,0.272
722500,0.050,0.571,0.379
723000,0.050,0.518,0.432
723500,0.050,0.582,0.368
724000,0.050,0.648,0.302
724500,0.050,0.626,0.324
725000,0.051,0.512,0.437
725500,0.050,0.559,0.391
726000,0.050,0.444,0.506
726500,0.050,0.523,0.427
727000,0.050,0.501,0.449
727500,0.050,0.513,0.437
728000,0.050,0.635,0.315
728500,0.050,0.560,0.390
729000,0.050,0.522,0.428
729500,0.050,0.619,0.331
730000,0.050,0.496,0.454
730500,0.050,0.554,0.396
731000,0.050,0.496,0.454
731500,0.050,0.547,0.403
732000,0.050,0.556,0.394
732500,0.060,0.493,0.447
733000,0.050,0.506,0.444
733500,0.050,0.494,0.456
734000,0.050,0.571,0.379
734500,0.050,0.534,0.416
735000,0.050,0.528,0.422
735500,0.050,0.504,0.446
736000,0.050,0.550,0.400
736500,0.050,0.532,0.418
737000,0.050,0.567,0.383
737500,0.050,0.595,0.355
738000,0.050,0.609,0.341
738500,0.050,0.502,0.448
739000,0.050,0.603,0.347
739500,0.050,0.637,0.313
740000,0.050,0.525,0.425
740500,0.050,0.518,0.432
741000,0.050,0.505,0.445
741500,0.050,0.578,0.372
742000,0.050,0.566,0.384
742500,0.050,0.630,0.320
743000,0.050,0.555,0.395
743500,0.050,0.448,0.502
744000,0.050,0.477,0.473
744500,0.050,0.499,0.451
745000,0.050,0.559,0.391
745500,0.050,0.624,0.326
746000,0.050,0.525,0.425
746500,0.050,0.596,0.354
747000,0.050,0.555,0.395
747500,0.050,0.580,0.370
748000,0.050,0.607,0.343
748500,0.050,0.616,0.334
749000,0.050,0.471,0.479
749500,0.050,0.397,0.553
750000,0.050,0.593,0.357
750500,0.050,0.550,0.400
751000,0.050,0.659,0.291
751500,0.050,0.586,0.364
752000,0.050,0.504,0.446
752500,0.050,0.573,0.377
753000,0.050,0.543,0.407
753500,0.050,0.492,0.458
754000,0.050,0.527,0.423
754500,0.050,0.474,0.476
755000,0.050,0.552,0.398
755500,0.050,0.583,0.367
756000,0.050,0.577,0.373
756500,0.050,0.556,0.394
757000,0.050,0.520,0.430
757500,0.050,0.557,0.393
758000,0.050,0.613,0.337
758500,0.050,0.487,0.463
759000,0.050,0.482,0.468
759500,0.050,0.480,0.470
760000,0.050,0.472,0.478
760500,0.050,0.612,0.338
761000,0.050,0.624,0.326
761500,0.050,0.620,0.330
762000,0.050,0.553,0.397
762500,0.050,0.506,0.444
763000,0.050,0.581,0.369
763500,0.050,0.501,0.449
764000,0.050,0.587,0.363
764500,0.050,0.517,0.433
765000,0.050,0.482,0.468
765500,0.050,0.651,0.299
766000,0.050,0.545,0.405
766500,0.050,0.587,0.363
767000,0.050,0.583,0.367
767500,0.050,0.539,0.411
768000,0.050,0.625,0.325
768500,0.050,0.579,0.371
769000,0.050,0.608,0.342
769500,0.050,0.518,0.432
770000,0.050,0.577,0.373
770500,0.050,0.441,0.509
771000,0.050,0.612,0.338
771500,0.050,0.546,0.404
772000,0.050,0.525,0.425
772500,0.050,0.551,0.399
773000,0.050,0.522,0.428
773500,0.050,0.505,0.445
774000,0.050,0.609,0.341
774500,0.050,0.498,0.452
775000,0.050,0.579,0.371
775500,0.050,0.531,0.419
776000,0.050,0.452,0.498
776500,0.050,0.499,0.451
777000,0.050,0.511,0.439
777500,0.050,0.640,0.310
778000,0.050,0.567,0.383
778500,0.050,0.605,0.345
779000,0.050,0.605,0.345
779500,0.050,0.555,0.395
780000,0.050,0.573,0.377
780500,0.050,0.562,0.388
781000,0.050,0.520,0.430
781500,0.050,0.578,0.372
782000,0.050,0.504,0.446
782500,0.051,0.530,0.419
783000,0.050,0.655,0.295
783500,0.050,0.539,0.411
784000,0.050,0.585,0.365
784500,0.050,0.497,0.453
785000,0.050,0.512,0.438
785500,0.050,0.506,0.444
786000,0.050,0.557,0.393
786500,0.050,0.409,0.541
787000,0.050,0.547,0.403
787500,0.050,0.495,0.455
788000,0.050,0.548,0.402
788500,0.050,0.507,0.443
789000,0.050,0.550,0.400
789500,0.050,0.556,0.394
790000,0.050,0.587,0.363
790500,0.050,0.557,0.393
791000,0.050,0.579,0.371
791500,0.050,0.570,0.380
792000,0.050,0.552,0.398
792500,0.050,0.496,0.454
793000,0.050,0.518,0.432
793500,0.050,0.528,0.422
794000,0.050,0.557,0.393
794500,0.050,0.583,0.367
795000,0.050,0.544,0.406
795500,0.050,0.577,0.373
796000,0.050,0.600,0.350
796500,0.050,0.533,0.417
797000,0.050,0.618,0.332
797500,0.050,0.578,0.372
798000,0.050,0.526,0.424
798500,0.050,0.522,0.428
799000,0.050,0.576,0.374
799500,0.050,0.637,0.313
800000,0.050,0.614,0.336
800500,0.050,0.648,0.302
801000,0.050,0.466,0.484
801500,0.050,0.582,0.368
802000,0.050,0.590,0.360
802500,0.050,0.585,0.365
803000,0.050,0.625,0.325
803500,0.050,0.562,0.388
804000,0.050,0.590,0.360
804500,0.050,0.532,0.418
805000,0.050,0.621,0.329
805500,0.050,0.596,0.354
806000,0.050,0.634,0.316
806500,0.050,0.561,0.389
807000,0.050,0.652,0.298
807500,0.050,0.592,0.358
808000,0.050,0.642,0.308
808500,0.050,0.602,0.348
809000,0.050,0.552,0.398
809500,0.054,0.477,0.469
810000,0.050,0.514,0.436
810500,0.050,0.540,0.410
811000,0.050,0.467,0.483
811500,0.050,0.505,0.445
812000,0.050,0.494,0.456
812500,0.050,0.500,0.450
813000,0.050,0.551,0.399
813500,0.050,0.525,0.425
814000,0.050,0.515,0.435
814500,0.050,0.639,0.311
815000,0.050,0.472,0.478
815500,0.050,0.496,0.454
816000,0.050,0.568,0.382
816500,0.050,0.556,0.394
817000,0.050,0.489,0.461
817500,0.050,0.551,0.399
818000,0.050,0.566,0.384
818500,0.050,0.599,0.351
819000,0.050,0.614,0.336
819500,0.050,0.573,0.377
820000,0.050,0.470,0.480
820500,0.050,0.486,0.464
821000,0.050,0.619,0.331
821500,0.050,0.610,0.340
822000,0.050,0.532,0.418
822500,0.050,0.608,0.342
823000,0.050,0.522,0.428
823500,0.050,0.637,0.313
824000,0.050,0.600,0.350
824500,0.050,0.490,0.460
825000,0.050,0.342,0.608
825500,0.050,0.449,0.501
826000,0.050,0.456,0.494
826500,0.050,0.446,0.504
827000,0.050,0.485,0.465
827500,0.050,0.531,0.419
828000,0.050,0.547,0.403
828500,0.050,0.542,0.408
829000,0.050,0.510,0.440
829500,0.050,0.616,0.334
830000,0.050,0.564,0.386
830500,0.050,0.561,0.389
831000,0.057,0.494,0.449
831500,0.060,0.412,0.528
832000,0.050,0.530,0.420
832500,0.050,0.475,0.475
833000,0.050,0.555,0.395
833500,0.050,0.603,0.347
834000,0.050,0.475,0.475
834500,0.050,0.512,0.438
835000,0.050,0.476,0.474
835500,0.050,0.543,0.407
836000,0.050,0.544,0.406
836500,0.050,0.563,0.387
837000,0.050,0.573,0.377
837500,0.050,0.467,0.483
838000,0.050,0.616,0.334
838500,0.050,0.636,0.314
839000,0.050,0.559,0.391
839500,0.050,0.616,0.334
840000,0.050,0.544,0.406
840500,0.050,0.659,0.291
841000,0.050,0.595,0.355
841500,0.050,0.652,0.298
842000,0.050,0.708,0.242
842500,0.050,0.579,0.371
843000,0.050,0.607,0.343
843500,0.050,0.566,0.384
844000,0.050,0.528,0.422
844500,0.050,0.566,0.384
845000,0.050,0.524,0.426
845500,0.050,0.504,0.446
846000,0.050,0.597,0.353
846500,0.050,0.577,0.373
847000,0.050,0.642,0.308
847500,0.050,0.591,0.359
848000,0.050,0.449,0.501
848500,0.050,0.531,0.419
849000,0.050,0.539,0.411
849500,0.050,0.474,0.476
850000,0.061,0.453,0.486
850500,0.052,0.565,0.383
851000,0.050,0.540,0.410
851500,0.050,0.515,0.435
852000,0.050,0.480,0.470
852500,0.050,0.577,0.373
853000,0.050,0.604,0.346
853500,0.050,0.591,0.359
854000,0.050,0.575,0.375
854500,0.050,0.613,0.337
855000,0.050,0.607,0.343
855500,0.050,0.571,0.379
856000,0.050,0.527,0.423
856500,0.050,0.699,0.251
857000,0.050,0.534,0.416
857500,0.050,0.511,0.439
858000,0.050,0.610,0.340
858500,0.050,0.588,0.362
859000,0.050,0.476,0.474
859500,0.050,0.540,0.410
860000,0.050,0.573,0.377
860500,0.050,0.632,0.318
861000,0.050,0.668,0.282
861500,0.050,0.592,0.358
862000,0.050,0.604,0.346
862500,0.050,0.713,0.237
863000,0.050,0.584,0.366
863500,0.050,0.585,0.365
864000,0.050,0.490,0.460
864500,0.050,0.557,0.393
865000,0.050,0.671,0.279
865500,0.050,0.608,0.342
866000,0.050,0.617,0.333
866500,0.050,0.619,0.331
867000,0.050,0.589,0.361
867500,0.050,0.560,0.390
868000,0.050,0.558,0.392
868500,0.050,0.450,0.500
869000,0.050,0.450,0.500
869500,0.050,0.528,0.422
870000,0.050,0.458,0.492
870500,0.050,0.535,0.415
871000,0.050,0.613,0.337
871500,0.050,0.609,0.341
872000,0.050,0.664,0.286
872500,0.050,0.606,0.344
873000,0.050,0.586,0.364
873500,0.050,0.550,0.400
874000,0.050,0.625,0.325
874500,0.050,0.619,0.331
875000,0.050,0.523,0.427
875500,0.050,0.565,0.385
876000,0.050,0.600,0.350
876500,0.050,0.569,0.381
877000,0.050,0.638,0.312
877500,0.050,0.560,0.390
878000,0.050,0.644,0.306
878500,0.050,0.557,0.393
879000,0.050,0.538,0.412
879500,0.060,0.422,0.518
880000,0.050,0.483,0.467
880500,0.050,0.493,0.457
881000,0.058,0.412,0.530
881500,0.050,0.608,0.342
882000,0.050,0.570,0.380
882500,0.050,0.468,0.482
883000,0.050,0.542,0.408
883500,0.050,0.552,0.398
884000,0.050,0.609,0.341
884500,0.050,0.587,0.363
885000,0.050,0.504,0.446
885500,0.050,0.506,0.444
886000,0.050,0.621,0.329
886500,0.050,0.524,0.426
887000,0.050,0.621,0.329
887500,0.050,0.661,0.289
888000,0.050,0.529,0.421
888500,0.050,0.587,0.363
889000,0.050,0.517,0.433
889500,0.050,0.618,0.332
890000,0.050,0.615,0.335
890500,0.050,0.649,0.301
891000,0.050,0.652,0.298
891500,0.050,0.601,0.349
892000,0.050,0.518,0.432
892500,0.050,0.457,0.493
893000,0.050,0.599,0.351
893500,0.050,0.500,0.450
894000,0.050,0.509,0.441
894500,0.050,0.515,0.435
895000,0.050,0.698,0.252
895500,0.050,0.620,0.330
896000,0.050,0.617,0.333
896500,0.050,0.460,0.490
897000,0.050,0.639,0.311
897500,0.050,0.432,0.518
898000,0.050,0.555,0.395
898500,0.050,0.634,0.316
899000,0.050,0.551,0.399
899500,0.050,0.536,0.414
900000,0.050,0.516,0.434
900500,0.050,0.555,0.395
901000,0.050,0.651,0.299
901500,0.050,0.668,0.282
902000,0.050,0.574,0.376
902500,0.050,0.568,0.382
903000,0.050,0.660,0.290
903500,0.050,0.397,0.553
904000,0.053,0.498,0.449
904500,0.050,0.550,0.400
905000,0.050,0.491,0.459
905500,0.050,0.469,0.481
906000,0.050,0.578,0.372
906500,0.050,0.535,0.415
907000,0.050,0.532,0.418
907500,0.050,0.625,0.325
908000,0.050,0.530,0.420
908500,0.050,0.631,0.319
909000,0.050,0.714,0.236
909500,0.050,0.555,0.395
910000,0.050,0.544,0.406
910500,0.050,0.515,0.435
911000,0.050,0.587,0.363
911500,0.050,0.473,0.477
912000,0.050,0.566,0.384
912500,0.050,0.539,0.411
913000,0.050,0.514,0.436
913500,0.050,0.510,0.440
914000,0.050,0.543,0.407
914500,0.050,0.436,0.514
915000,0.050,0.657,0.293
915500,0.050,0.600,0.350
916000,0.050,0.578,0.372
916500,0.050,0.652,0.298
917000,0.050,0.521,0.429
917500,0.050,0.510,0.440
918000,0.050,0.509,0.441
918500,0.050,0.482,0.468
919000,0.050,0.430,0.520
919500,0.050,0.518,0.432
920000,0.050,0.625,0.325
920500,0.050,0.666,0.284
921000,0.050,0.492,0.458
921500,0.050,0.540,0.410
922000,0.050,0.611,0.339
922500,0.050,0.422,0.528
923000,0.050,0.589,0.361
923500,0.050,0.529,0.421
924000,0.050,0.439,0.511
924500,0.050,0.453,0.497
925000,0.050,0.589,0.361
925500,0.050,0.538,0.412
926000,0.050,0.511,0.439
926500,0.050,0.551,0.399
927000,0.050,0.571,0.379
927500,0.050,0.584,0.366
928000,0.050,0.493,0.457
928500,0.050,0.498,0.452
929000,0.050,0.406,0.544
929500,0.050,0.531,0.419
930000,0.050,0.568,0.382
930500,0.050,0.581,0.369
931000,0.050,0.599,0.351
931500,0.050,0.474,0.476
932000,0.050,0.442,0.508
932500,0.050,0.507,0.443
933000,0.050,0.559,0.391
933500,0.050,0.566,0.384
934000,0.050,0.616,0.334
934500,0.050,0.562,0.388
935000,0.050,0.592,0.358
935500,0.050,0.663,0.287
936000,0.050,0.576,0.374
936500,0.050,0.667,0.283
937000,0.050,0.528,0.422
937500,0.050,0.499,0.451
938000,0.050,0.441,0.509
938500,0.050,0.537,0.413
939000,0.050,0.576,0.374
939500,0.050,0.499,0.451
940000,0.050,0.517,0.433
940500,0.050,0.521,0.429
941000,0.050,0.501,0.449
941500,0.050,0.447,0.503
942000,0.050,0.513,0.437
942500,0.050,0.632,0.318
943000,0.050,0.659,0.291
943500,0.050,0.496,0.454
944000,0.050,0.583,0.367
944500,0.050,0.632,0.318
945000,0.050,0.462,0.488
945500,0.050,0.577,0.373
946000,0.050,0.547,0.403
946500,0.050,0.646,0.304
947000,0.050,0.581,0.369
947500,0.050,0.543,0.407
948000,0.050,0.574,0.376
948500,0.050,0.567,0.383
949000,0.050,0.552,0.398
949500,0.050,0.554,0.396
950000,0.050,0.547,0.403
950500,0.050,0.576,0.374
951000,0.050,0.523,0.427
951500,0.050,0.572,0.378
952000,0.050,0.705,0.245
952500,0.050,0.473,0.477
953000,0.051,0.467,0.482
953500,0.050,0.538,0.412
954000,0.050,0.511,0.439
954500,0.050,0.499,0.451
955000,0.050,0.428,0.522
955500,0.050,0.490,0.460
956000,0.056,0.509,0.435
956500,0.050,0.655,0.295
957000,0.050,0.399,0.551
957500,0.050,0.640,0.310
958000,0.050,0.540,0.410
958500,0.050,0.510,0.440
959000,0.050,0.433,0.517
959500,0.050,0.495,0.455
960000,0.050,0.569,0.381
960500,0.050,0.565,0.385
961000,0.050,0.417,0.533
961500,0.050,0.554,0.396
962000,0.050,0.508,0.442
962500,0.050,0.497,0.453
963000,0.050,0.541,0.409
963500,0.050,0.507,0.443
964000,0.050,0.577,0.373
964500,0.050,0.587,0.363
965000,0.050,0.573,0.377
965500,0.050,0.510,0.440
966000,0.050,0.549,0.401
966500,0.050,0.569,0.381
967000,0.050,0.561,0.389
967500,0.050,0.575,0.375
968000,0.050,0.539,0.411
968500,0.050,0.597,0.353
969000,0.050,0.434,0.516
969500,0.050,0.501,0.449
970000,0.050,0.641,0.309
970500,0.050,0.525,0.425
971000,0.050,0.556,0.394
971500,0.050,0.618,0.332
972000,0.050,0.645,0.305
972500,0.050,0.496,0.454
973000,0.050,0.560,0.390
973500,0.050,0.462,0.488
974000,0.050,0.544,0.406
974500,0.050,0.549,0.401
975000,0.050,0.550,0.400
975500,0.050,0.574,0.376
976000,0.050,0.511,0.439
976500,0.050,0.459,0.491
977000,0.050,0.476,0.474
977500,0.050,0.532,0.418
978000,0.050,0.534,0.416
978500,0.050,0.545,0.405
979000,0.050,0.597,0.353
979500,0.050,0.467,0.483
980000,0.050,0.613,0.337
980500,0.050,0.563,0.387
981000,0.050,0.488,0.462
981500,0.050,0.559,0.391
982000,0.050,0.518,0.432
982500,0.050,0.603,0.347
983000,0.050,0.588,0.362
983500,0.050,0.462,0.488
984000,0.051,0.534,0.415
984500,0.050,0.524,0.426
985000,0.050,0.575,0.375
985500,0.050,0.614,0.336
986000,0.050,0.539,0.411
986500,0.050,0.555,0.395
987000,0.050,0.468,0.482
987500,0.050,0.622,0.328
988000,0.050,0.749,0.201
988500,0.050,0.610,0.340
989000,0.050,0.490,0.460
989500,0.050,0.470,0.480
990000,0.050,0.503,0.447
990500,0.050,0.596,0.354
991000,0.050,0.590,0.360
991500,0.050,0.503,0.447
992000,0.050,0.597,0.353
992500,0.050,0.567,0.383
993000,0.050,0.519,0.431
993500,0.050,0.577,0.373
994000,0.050,0.619,0.331
994500,0.050,0.548,0.402
995000,0.050,0.632,0.318
995500,0.050,0.583,0.367
996000,0.050,0.487,0.463
996500,0.050,0.635,0.315
997000,0.050,0.590,0.360
997500,0.050,0.537,0.413
998000,0.050,0.556,0.394
998500,0.050,0.653,0.297
999000,0.050,0.600,0.350
999500,0.050,0.545,0.405
1000000,0.050,0.551,0.399
