time,n_A+p,n_B,n_AB
100,0.355,0.329,0.316
200,0.461,0.224,0.316
300,0.592,0.171,0.237
400,0.737,0.092,0.171
500,0.842,0.079,0.079
600,0.868,0.053,0.079
700,0.868,0.053,0.079
800,0.908,0.026,0.066
900,0.921,0.026,0.053
1000,0.882,0.026,0.092
1100,0.895,0.013,0.092
1200,0.947,0.000,0.053
1300,0.947,0.000,0.053
1400,0.921,0.000,0.079
1500,0.961,0.000,0.039
1600,0.974,0.000,0.026
1700,1.000,0.000,0.000
