time,n_A+p,n_B,n_AB
100,0.402,0.549,0.049
200,0.384,0.509,0.107
300,0.354,0.488,0.157
400,0.398,0.458,0.144
500,0.385,0.453,0.162
600,0.420,0.419,0.161
700,0.390,0.426,0.184
800,0.389,0.438,0.173
900,0.368,0.441,0.191
1000,0.355,0.471,0.173
1100,0.324,0.485,0.192
1200,0.302,0.492,0.206
1300,0.332,0.471,0.197
1400,0.296,0.505,0.198
1500,0.334,0.469,0.197
1600,0.319,0.512,0.169
1700,0.300,0.476,0.225
1800,0.347,0.413,0.240
1900,0.350,0.428,0.222
2000,0.323,0.466,0.211
2100,0.317,0.468,0.215
2200,0.329,0.456,0.215
2300,0.334,0.452,0.215
2400,0.298,0.465,0.237
2500,0.292,0.441,0.267
2600,0.318,0.408,0.274
2700,0.274,0.446,0.279
2800,0.298,0.435,0.267
2900,0.329,0.413,0.258
3000,0.320,0.413,0.267
3100,0.316,0.407,0.276
3200,0.298,0.416,0.286
3300,0.321,0.441,0.238
3400,0.305,0.471,0.224
3500,0.307,0.454,0.239
3600,0.310,0.438,0.251
3700,0.332,0.442,0.226
3800,0.375,0.398,0.227
3900,0.380,0.380,0.240
4000,0.374,0.388,0.239
4100,0.327,0.415,0.258
4200,0.309,0.424,0.267
4300,0.307,0.417,0.276
4400,0.342,0.403,0.255
4500,0.353,0.407,0.240
4600,0.347,0.386,0.267
4700,0.347,0.385,0.268
4800,0.331,0.388,0.281
4900,0.330,0.397,0.273
5000,0.308,0.413,0.279
5100,0.275,0.452,0.273
5200,0.318,0.418,0.264
5300,0.319,0.412,0.269
5400,0.334,0.389,0.277
5500,0.277,0.431,0.292
5600,0.235,0.478,0.286
5700,0.251,0.443,0.306
5800,0.265,0.410,0.325
5900,0.277,0.451,0.272
6000,0.270,0.475,0.255
6100,0.310,0.434,0.256
6200,0.333,0.429,0.238
6300,0.314,0.445,0.241
6400,0.348,0.407,0.245
6500,0.342,0.438,0.220
6600,0.335,0.439,0.225
6700,0.288,0.481,0.231
6800,0.321,0.457,0.222
6900,0.315,0.431,0.254
7000,0.335,0.398,0.267
7100,0.314,0.398,0.288
7200,0.310,0.420,0.271
7300,0.309,0.421,0.269
7400,0.334,0.380,0.286
7500,0.366,0.382,0.253
7600,0.337,0.399,0.264
7700,0.336,0.405,0.259
7800,0.335,0.400,0.265
7900,0.337,0.389,0.274
8000,0.341,0.391,0.268
8100,0.360,0.373,0.268
8200,0.347,0.356,0.296
8300,0.353,0.337,0.310
8400,0.318,0.347,0.335
8500,0.302,0.382,0.316
8600,0.290,0.359,0.352
8700,0.309,0.366,0.325
8800,0.346,0.341,0.313
8900,0.360,0.353,0.286
9000,0.353,0.346,0.301
9100,0.372,0.329,0.299
9200,0.396,0.286,0.317
9300,0.391,0.280,0.329
9400,0.406,0.293,0.301
9500,0.430,0.272,0.298
9600,0.445,0.252,0.303
9700,0.463,0.246,0.291
9800,0.452,0.256,0.292
9900,0.471,0.244,0.285
10000,0.508,0.229,0.263
10100,0.486,0.237,0.277
10200,0.462,0.239,0.299
10300,0.447,0.254,0.299
10400,0.444,0.247,0.310
10500,0.477,0.233,0.290
10600,0.496,0.244,0.260
10700,0.463,0.282,0.256
10800,0.477,0.254,0.269
10900,0.487,0.251,0.262
11000,0.460,0.267,0.273
11100,0.485,0.233,0.282
11200,0.439,0.267,0.295
11300,0.423,0.263,0.315
11400,0.385,0.320,0.295
11500,0.340,0.338,0.322
11600,0.334,0.363,0.303
11700,0.332,0.350,0.318
11800,0.347,0.308,0.345
11900,0.377,0.303,0.320
12000,0.403,0.307,0.290
12100,0.360,0.332,0.308
12200,0.410,0.310,0.280
12300,0.423,0.322,0.255
12400,0.392,0.345,0.264
12500,0.391,0.313,0.296
12600,0.391,0.315,0.293
12700,0.417,0.297,0.285
12800,0.417,0.299,0.285
12900,0.416,0.302,0.282
13000,0.429,0.296,0.275
13100,0.432,0.305,0.263
13200,0.408,0.335,0.257
13300,0.409,0.304,0.287
13400,0.434,0.300,0.266
13500,0.389,0.326,0.285
13600,0.406,0.334,0.260
13700,0.446,0.293,0.261
13800,0.402,0.308,0.290
13900,0.392,0.324,0.283
14000,0.408,0.317,0.275
14100,0.430,0.322,0.248
14200,0.423,0.305,0.272
14300,0.405,0.306,0.289
14400,0.384,0.320,0.297
14500,0.375,0.359,0.267
14600,0.375,0.360,0.265
14700,0.379,0.368,0.253
14800,0.377,0.364,0.259
14900,0.393,0.353,0.254
15000,0.396,0.329,0.275
15100,0.406,0.339,0.254
15200,0.413,0.339,0.248
15300,0.399,0.343,0.258
15400,0.410,0.350,0.240
15500,0.424,0.325,0.251
15600,0.451,0.292,0.257
15700,0.408,0.300,0.292
15800,0.434,0.283,0.283
15900,0.441,0.271,0.289
16000,0.435,0.274,0.291
16100,0.413,0.304,0.283
16200,0.449,0.269,0.282
16300,0.446,0.264,0.290
16400,0.497,0.241,0.262
16500,0.513,0.226,0.261
16600,0.513,0.221,0.266
16700,0.503,0.224,0.273
16800,0.497,0.237,0.266
16900,0.501,0.251,0.248
17000,0.517,0.251,0.231
17100,0.509,0.236,0.254
17200,0.555,0.200,0.246
17300,0.558,0.201,0.241
17400,0.593,0.186,0.222
17500,0.607,0.178,0.215
17600,0.582,0.196,0.222
17700,0.572,0.205,0.223
17800,0.558,0.221,0.221
17900,0.547,0.237,0.216
18000,0.578,0.199,0.223
18100,0.556,0.204,0.239
18200,0.583,0.186,0.231
18300,0.600,0.186,0.214
18400,0.592,0.179,0.229
18500,0.591,0.178,0.231
18600,0.592,0.179,0.229
18700,0.554,0.214,0.232
18800,0.560,0.202,0.238
18900,0.580,0.179,0.242
19000,0.572,0.170,0.258
19100,0.568,0.166,0.265
19200,0.602,0.160,0.237
19300,0.611,0.154,0.235
19400,0.618,0.148,0.234
19500,0.647,0.139,0.214
19600,0.629,0.129,0.242
19700,0.658,0.115,0.227
19800,0.648,0.137,0.215
19900,0.640,0.153,0.207
20000,0.648,0.154,0.198
20100,0.644,0.172,0.183
20200,0.654,0.164,0.183
20300,0.647,0.153,0.200
20400,0.654,0.154,0.192
20500,0.652,0.173,0.175
20600,0.605,0.190,0.205
20700,0.578,0.224,0.198
20800,0.569,0.215,0.215
20900,0.568,0.231,0.201
21000,0.559,0.224,0.217
21100,0.524,0.243,0.233
21200,0.507,0.275,0.218
21300,0.494,0.277,0.229
21400,0.503,0.245,0.251
21500,0.492,0.256,0.252
21600,0.491,0.254,0.256
21700,0.497,0.234,0.269
21800,0.494,0.236,0.271
21900,0.558,0.186,0.256
22000,0.578,0.180,0.242
22100,0.545,0.198,0.257
22200,0.573,0.207,0.220
22300,0.583,0.204,0.213
22400,0.554,0.219,0.227
22500,0.516,0.234,0.250
22600,0.495,0.240,0.265
22700,0.477,0.255,0.268
22800,0.471,0.263,0.266
22900,0.432,0.279,0.289
23000,0.405,0.310,0.286
23100,0.404,0.306,0.290
23200,0.425,0.268,0.307
23300,0.450,0.242,0.308
23400,0.489,0.233,0.278
23500,0.442,0.269,0.289
23600,0.457,0.268,0.275
23700,0.458,0.263,0.279
23800,0.447,0.288,0.265
23900,0.442,0.285,0.273
24000,0.438,0.287,0.275
24100,0.479,0.264,0.257
24200,0.470,0.284,0.246
24300,0.482,0.251,0.267
24400,0.461,0.281,0.258
24500,0.444,0.292,0.264
24600,0.413,0.316,0.271
24700,0.440,0.297,0.263
24800,0.427,0.321,0.252
24900,0.435,0.321,0.244
25000,0.420,0.310,0.270
25100,0.438,0.307,0.255
25200,0.475,0.276,0.249
25300,0.474,0.276,0.249
25400,0.508,0.248,0.244
25500,0.512,0.230,0.258
25600,0.503,0.225,0.272
25700,0.541,0.212,0.247
25800,0.529,0.223,0.248
25900,0.515,0.236,0.250
26000,0.520,0.189,0.291
26100,0.531,0.207,0.262
26200,0.548,0.192,0.260
26300,0.550,0.188,0.262
26400,0.532,0.200,0.268
26500,0.480,0.215,0.305
26600,0.483,0.209,0.308
26700,0.512,0.203,0.285
26800,0.580,0.182,0.239
26900,0.583,0.164,0.254
27000,0.617,0.139,0.244
27100,0.620,0.156,0.224
27200,0.588,0.170,0.242
27300,0.628,0.155,0.217
27400,0.658,0.147,0.194
27500,0.665,0.141,0.194
27600,0.665,0.139,0.196
27700,0.658,0.147,0.194
27800,0.669,0.139,0.192
27900,0.673,0.137,0.190
28000,0.679,0.139,0.182
28100,0.655,0.131,0.214
28200,0.680,0.114,0.206
28300,0.669,0.100,0.231
28400,0.641,0.133,0.226
28500,0.637,0.141,0.222
28600,0.609,0.162,0.229
28700,0.579,0.202,0.219
28800,0.615,0.171,0.215
28900,0.564,0.219,0.217
29000,0.513,0.283,0.204
29100,0.488,0.296,0.217
29200,0.464,0.301,0.235
29300,0.488,0.261,0.250
29400,0.508,0.256,0.236
29500,0.496,0.258,0.246
29600,0.476,0.275,0.249
29700,0.494,0.250,0.256
29800,0.494,0.240,0.266
29900,0.512,0.237,0.251
30000,0.534,0.218,0.248
30100,0.561,0.183,0.256
30200,0.559,0.186,0.254
30300,0.614,0.152,0.234
30400,0.543,0.224,0.233
30500,0.521,0.232,0.247
30600,0.572,0.209,0.219
30700,0.598,0.179,0.223
30800,0.608,0.184,0.208
30900,0.569,0.209,0.222
31000,0.552,0.204,0.244
31100,0.540,0.191,0.269
31200,0.493,0.233,0.274
31300,0.490,0.214,0.296
31400,0.463,0.256,0.281
31500,0.459,0.265,0.275
31600,0.488,0.242,0.271
31700,0.519,0.220,0.261
31800,0.508,0.221,0.271
31900,0.502,0.229,0.268
32000,0.495,0.253,0.252
32100,0.492,0.239,0.268
32200,0.490,0.248,0.262
32300,0.456,0.247,0.297
32400,0.459,0.250,0.292
32500,0.450,0.293,0.257
32600,0.476,0.264,0.260
32700,0.488,0.242,0.270
32800,0.516,0.251,0.233
32900,0.520,0.229,0.251
33000,0.520,0.235,0.245
33100,0.510,0.229,0.261
33200,0.516,0.240,0.243
33300,0.554,0.204,0.243
33400,0.571,0.172,0.257
33500,0.542,0.197,0.261
33600,0.534,0.184,0.282
33700,0.566,0.181,0.253
33800,0.560,0.180,0.260
33900,0.547,0.203,0.250
34000,0.537,0.221,0.242
34100,0.526,0.229,0.244
34200,0.587,0.182,0.231
34300,0.587,0.192,0.221
34400,0.575,0.193,0.232
34500,0.571,0.216,0.213
34600,0.551,0.207,0.242
34700,0.527,0.228,0.246
34800,0.576,0.205,0.219
34900,0.558,0.230,0.212
35000,0.547,0.214,0.239
35100,0.526,0.216,0.258
35200,0.524,0.219,0.257
35300,0.547,0.217,0.236
35400,0.570,0.173,0.257
35500,0.593,0.153,0.255
35600,0.598,0.160,0.242
35700,0.609,0.169,0.221
35800,0.622,0.157,0.221
35900,0.659,0.127,0.213
36000,0.675,0.123,0.202
36100,0.693,0.101,0.205
36200,0.705,0.109,0.185
36300,0.698,0.104,0.197
36400,0.695,0.109,0.196
36500,0.702,0.111,0.187
36600,0.709,0.114,0.177
36700,0.725,0.094,0.180
36800,0.733,0.080,0.187
36900,0.733,0.090,0.177
37000,0.754,0.076,0.170
37100,0.763,0.071,0.166
37200,0.783,0.063,0.154
37300,0.776,0.084,0.140
37400,0.762,0.094,0.144
37500,0.721,0.107,0.172
37600,0.701,0.132,0.168
37700,0.693,0.123,0.184
37800,0.693,0.108,0.200
37900,0.671,0.137,0.193
38000,0.697,0.120,0.183
38100,0.718,0.112,0.169
38200,0.728,0.107,0.165
38300,0.756,0.094,0.150
38400,0.739,0.095,0.165
38500,0.732,0.087,0.180
38600,0.695,0.122,0.183
38700,0.678,0.126,0.197
38800,0.661,0.139,0.200
38900,0.655,0.132,0.214
39000,0.640,0.151,0.209
39100,0.639,0.133,0.229
39200,0.655,0.127,0.218
39300,0.654,0.123,0.223
39400,0.662,0.134,0.204
39500,0.651,0.164,0.185
39600,0.640,0.143,0.217
39700,0.697,0.108,0.196
39800,0.698,0.114,0.188
39900,0.669,0.142,0.189
40000,0.680,0.130,0.189
40100,0.653,0.129,0.218
40200,0.636,0.155,0.208
40300,0.634,0.150,0.217
40400,0.643,0.125,0.233
40500,0.632,0.169,0.199
40600,0.620,0.157,0.223
40700,0.624,0.147,0.229
40800,0.665,0.136,0.199
40900,0.673,0.132,0.195
41000,0.669,0.136,0.195
41100,0.700,0.112,0.189
41200,0.689,0.112,0.200
41300,0.664,0.142,0.194
41400,0.671,0.133,0.196
41500,0.697,0.116,0.187
41600,0.678,0.125,0.197
41700,0.672,0.111,0.218
41800,0.695,0.111,0.194
41900,0.683,0.114,0.203
42000,0.643,0.136,0.221
42100,0.599,0.161,0.240
42200,0.627,0.139,0.235
42300,0.655,0.126,0.219
42400,0.676,0.126,0.198
42500,0.658,0.138,0.204
42600,0.639,0.145,0.217
42700,0.637,0.159,0.204
42800,0.586,0.169,0.246
42900,0.555,0.189,0.256
43000,0.560,0.177,0.263
43100,0.533,0.216,0.251
43200,0.582,0.195,0.223
43300,0.598,0.197,0.205
43400,0.623,0.161,0.216
43500,0.624,0.159,0.217
43600,0.611,0.169,0.220
43700,0.616,0.139,0.245
43800,0.625,0.155,0.221
43900,0.657,0.140,0.203
44000,0.690,0.115,0.194
44100,0.708,0.099,0.193
44200,0.690,0.108,0.201
44300,0.717,0.095,0.189
44400,0.710,0.103,0.187
44500,0.696,0.119,0.186
44600,0.661,0.115,0.224
44700,0.640,0.131,0.229
44800,0.673,0.123,0.204
44900,0.659,0.114,0.227
45000,0.629,0.150,0.221
45100,0.611,0.148,0.240
45200,0.605,0.154,0.241
45300,0.629,0.137,0.233
45400,0.648,0.116,0.235
45500,0.607,0.158,0.236
45600,0.577,0.186,0.237
45700,0.597,0.175,0.228
45800,0.660,0.146,0.194
45900,0.666,0.146,0.189
46000,0.678,0.136,0.186
46100,0.667,0.151,0.182
46200,0.676,0.155,0.169
46300,0.669,0.164,0.167
46400,0.641,0.159,0.200
46500,0.656,0.153,0.192
46600,0.664,0.162,0.174
46700,0.629,0.157,0.214
46800,0.661,0.134,0.205
46900,0.672,0.118,0.210
47000,0.677,0.109,0.214
47100,0.719,0.087,0.194
47200,0.693,0.134,0.172
47300,0.650,0.179,0.171
47400,0.668,0.152,0.180
47500,0.629,0.171,0.200
47600,0.625,0.184,0.191
47700,0.601,0.189,0.211
47800,0.614,0.170,0.217
47900,0.634,0.160,0.205
48000,0.641,0.151,0.208
48100,0.650,0.137,0.212
48200,0.684,0.122,0.194
48300,0.705,0.106,0.189
48400,0.663,0.157,0.180
48500,0.675,0.132,0.193
48600,0.659,0.144,0.197
48700,0.641,0.154,0.205
48800,0.665,0.141,0.194
48900,0.658,0.133,0.210
49000,0.659,0.123,0.218
49100,0.643,0.136,0.221
49200,0.641,0.161,0.198
49300,0.612,0.172,0.215
49400,0.617,0.169,0.214
49500,0.616,0.165,0.219
49600,0.612,0.142,0.246
49700,0.595,0.155,0.249
49800,0.594,0.165,0.241
49900,0.607,0.150,0.243
50000,0.600,0.172,0.228
50100,0.618,0.179,0.203
50200,0.603,0.180,0.217
50300,0.612,0.162,0.226
50400,0.636,0.144,0.221
50500,0.581,0.177,0.242
50600,0.549,0.206,0.244
50700,0.591,0.165,0.244
50800,0.600,0.154,0.246
50900,0.642,0.133,0.225
51000,0.669,0.121,0.210
51100,0.683,0.108,0.208
51200,0.689,0.094,0.217
51300,0.701,0.094,0.205
51400,0.726,0.080,0.193
51500,0.704,0.115,0.182
51600,0.701,0.120,0.179
51700,0.710,0.120,0.171
51800,0.702,0.126,0.172
51900,0.687,0.125,0.189
52000,0.700,0.117,0.183
52100,0.682,0.159,0.159
52200,0.632,0.199,0.169
52300,0.612,0.208,0.180
52400,0.632,0.195,0.173
52500,0.614,0.200,0.186
52600,0.633,0.178,0.189
52700,0.654,0.180,0.166
52800,0.653,0.175,0.172
52900,0.655,0.167,0.178
53000,0.701,0.147,0.152
53100,0.679,0.161,0.161
53200,0.641,0.180,0.179
53300,0.637,0.155,0.208
53400,0.620,0.170,0.210
53500,0.598,0.194,0.208
53600,0.620,0.180,0.200
53700,0.633,0.166,0.201
53800,0.637,0.185,0.178
53900,0.626,0.180,0.193
54000,0.651,0.151,0.198
54100,0.648,0.141,0.211
54200,0.635,0.162,0.203
54300,0.679,0.138,0.183
54400,0.675,0.126,0.199
54500,0.718,0.120,0.162
54600,0.736,0.111,0.154
54700,0.749,0.104,0.147
54800,0.746,0.094,0.160
54900,0.737,0.121,0.141
55000,0.732,0.119,0.149
55100,0.743,0.108,0.148
55200,0.717,0.109,0.174
55300,0.661,0.150,0.189
55400,0.619,0.164,0.217
55500,0.658,0.134,0.207
55600,0.644,0.151,0.205
55700,0.666,0.137,0.197
55800,0.657,0.155,0.189
55900,0.665,0.150,0.185
56000,0.665,0.154,0.181
56100,0.682,0.150,0.168
56200,0.655,0.172,0.173
56300,0.662,0.150,0.189
56400,0.693,0.138,0.169
56500,0.676,0.148,0.176
56600,0.668,0.157,0.176
56700,0.672,0.139,0.190
56800,0.661,0.159,0.180
56900,0.643,0.175,0.182
57000,0.640,0.164,0.196
57100,0.636,0.171,0.194
57200,0.611,0.193,0.196
57300,0.575,0.193,0.232
57400,0.628,0.159,0.212
57500,0.631,0.157,0.212
57600,0.636,0.158,0.205
57700,0.639,0.154,0.207
57800,0.662,0.136,0.203
57900,0.652,0.146,0.202
58000,0.616,0.169,0.215
58100,0.594,0.182,0.225
58200,0.598,0.178,0.224
58300,0.600,0.171,0.230
58400,0.622,0.155,0.224
58500,0.600,0.166,0.234
58600,0.582,0.204,0.214
58700,0.597,0.199,0.204
58800,0.611,0.183,0.207
58900,0.620,0.172,0.207
59000,0.609,0.167,0.224
59100,0.602,0.165,0.233
59200,0.604,0.146,0.250
59300,0.612,0.141,0.247
59400,0.636,0.146,0.218
59500,0.643,0.154,0.203
59600,0.590,0.210,0.200
59700,0.555,0.221,0.225
59800,0.568,0.204,0.228
59900,0.566,0.214,0.220
60000,0.531,0.206,0.263
60100,0.483,0.231,0.286
60200,0.512,0.224,0.265
60300,0.499,0.239,0.262
60400,0.476,0.267,0.257
60500,0.480,0.239,0.281
60600,0.498,0.238,0.264
60700,0.504,0.236,0.260
60800,0.503,0.246,0.251
60900,0.488,0.235,0.278
61000,0.499,0.235,0.265
61100,0.539,0.237,0.224
61200,0.530,0.232,0.239
61300,0.525,0.233,0.242
61400,0.490,0.251,0.260
61500,0.495,0.253,0.252
61600,0.463,0.281,0.256
61700,0.474,0.262,0.264
61800,0.442,0.271,0.287
61900,0.459,0.238,0.303
62000,0.448,0.258,0.294
62100,0.438,0.263,0.299
62200,0.451,0.272,0.276
62300,0.452,0.292,0.256
62400,0.442,0.294,0.264
62500,0.429,0.303,0.268
62600,0.427,0.279,0.293
62700,0.448,0.277,0.275
62800,0.440,0.287,0.273
62900,0.427,0.306,0.267
63000,0.417,0.317,0.266
63100,0.419,0.297,0.284
63200,0.408,0.325,0.267
63300,0.384,0.360,0.256
63400,0.385,0.345,0.269
63500,0.382,0.331,0.287
63600,0.375,0.357,0.268
63700,0.347,0.393,0.260
63800,0.360,0.392,0.247
63900,0.370,0.377,0.253
64000,0.349,0.370,0.281
64100,0.395,0.336,0.268
64200,0.406,0.312,0.282
64300,0.385,0.332,0.282
64400,0.396,0.311,0.293
64500,0.388,0.311,0.300
64600,0.335,0.375,0.290
64700,0.372,0.351,0.277
64800,0.395,0.328,0.277
64900,0.385,0.365,0.250
65000,0.372,0.354,0.274
65100,0.346,0.391,0.263
65200,0.357,0.398,0.244
65300,0.360,0.379,0.261
65400,0.347,0.393,0.259
65500,0.349,0.371,0.279
65600,0.331,0.399,0.270
65700,0.345,0.373,0.282
65800,0.336,0.385,0.279
65900,0.357,0.399,0.244
66000,0.373,0.382,0.245
66100,0.366,0.388,0.246
66200,0.345,0.404,0.251
66300,0.317,0.433,0.250
66400,0.321,0.429,0.250
66500,0.317,0.441,0.242
66600,0.333,0.420,0.247
66700,0.311,0.440,0.249
66800,0.291,0.461,0.248
66900,0.292,0.461,0.247
67000,0.289,0.456,0.255
67100,0.279,0.459,0.261
67200,0.295,0.453,0.253
67300,0.284,0.460,0.256
67400,0.281,0.452,0.268
67500,0.285,0.417,0.297
67600,0.283,0.403,0.314
67700,0.268,0.427,0.304
67800,0.282,0.428,0.290
67900,0.295,0.407,0.298
68000,0.301,0.425,0.274
68100,0.316,0.415,0.269
68200,0.295,0.438,0.267
68300,0.306,0.451,0.243
68400,0.318,0.442,0.240
68500,0.293,0.441,0.267
68600,0.296,0.453,0.250
68700,0.296,0.458,0.246
68800,0.279,0.500,0.221
68900,0.267,0.497,0.236
69000,0.262,0.512,0.226
69100,0.297,0.484,0.219
69200,0.336,0.437,0.227
69300,0.338,0.451,0.211
69400,0.357,0.431,0.212
69500,0.370,0.395,0.235
69600,0.382,0.374,0.244
69700,0.353,0.399,0.247
69800,0.395,0.351,0.254
69900,0.363,0.386,0.250
70000,0.340,0.397,0.263
70100,0.322,0.424,0.254
70200,0.337,0.410,0.253
70300,0.352,0.392,0.257
70400,0.338,0.407,0.255
70500,0.315,0.414,0.271
70600,0.354,0.381,0.265
70700,0.308,0.425,0.267
70800,0.311,0.422,0.267
70900,0.299,0.438,0.263
71000,0.271,0.459,0.270
71100,0.260,0.477,0.264
71200,0.256,0.487,0.258
71300,0.245,0.480,0.275
71400,0.254,0.469,0.277
71500,0.257,0.479,0.264
71600,0.291,0.446,0.263
71700,0.266,0.452,0.282
71800,0.302,0.445,0.253
71900,0.297,0.430,0.273
72000,0.320,0.405,0.275
72100,0.335,0.411,0.254
72200,0.321,0.427,0.252
72300,0.324,0.413,0.264
72400,0.327,0.418,0.256
72500,0.331,0.434,0.235
72600,0.336,0.397,0.267
72700,0.341,0.405,0.255
72800,0.301,0.453,0.246
72900,0.293,0.428,0.279
73000,0.293,0.420,0.288
73100,0.315,0.405,0.280
73200,0.334,0.396,0.269
73300,0.328,0.410,0.263
73400,0.366,0.388,0.246
73500,0.320,0.433,0.247
73600,0.330,0.417,0.253
73700,0.318,0.409,0.272
73800,0.293,0.452,0.255
73900,0.285,0.454,0.261
74000,0.282,0.449,0.268
74100,0.296,0.425,0.278
74200,0.302,0.402,0.297
74300,0.320,0.398,0.282
74400,0.347,0.377,0.276
74500,0.350,0.384,0.266
74600,0.358,0.373,0.269
74700,0.340,0.368,0.292
74800,0.370,0.352,0.278
74900,0.347,0.365,0.288
75000,0.335,0.371,0.294
75100,0.304,0.423,0.272
75200,0.326,0.397,0.277
75300,0.295,0.418,0.287
75400,0.308,0.384,0.308
75500,0.290,0.414,0.296
75600,0.279,0.457,0.264
75700,0.291,0.434,0.275
75800,0.304,0.432,0.263
75900,0.295,0.439,0.266
76000,0.275,0.456,0.269
76100,0.273,0.464,0.263
76200,0.245,0.497,0.258
76300,0.268,0.482,0.250
76400,0.267,0.484,0.250
76500,0.269,0.512,0.219
76600,0.286,0.500,0.214
76700,0.255,0.533,0.212
76800,0.269,0.524,0.207
76900,0.252,0.547,0.201
77000,0.237,0.553,0.210
77100,0.250,0.533,0.217
77200,0.271,0.503,0.226
77300,0.279,0.488,0.232
77400,0.236,0.523,0.240
77500,0.249,0.541,0.210
77600,0.236,0.516,0.247
77700,0.235,0.479,0.286
77800,0.251,0.488,0.261
77900,0.243,0.487,0.271
78000,0.264,0.458,0.278
78100,0.286,0.459,0.256
78200,0.304,0.462,0.234
78300,0.288,0.473,0.239
78400,0.281,0.466,0.253
78500,0.269,0.461,0.269
78600,0.283,0.445,0.272
78700,0.309,0.410,0.281
78800,0.322,0.385,0.293
78900,0.347,0.373,0.280
79000,0.360,0.347,0.293
79100,0.388,0.299,0.313
79200,0.396,0.329,0.275
79300,0.403,0.328,0.269
79400,0.392,0.304,0.304
79500,0.431,0.290,0.279
79600,0.466,0.276,0.258
79700,0.437,0.299,0.264
79800,0.439,0.275,0.286
79900,0.442,0.284,0.274
80000,0.415,0.303,0.282
80100,0.392,0.320,0.289
80200,0.413,0.299,0.288
80300,0.415,0.314,0.271
80400,0.403,0.302,0.295
80500,0.389,0.305,0.306
80600,0.428,0.302,0.269
80700,0.430,0.313,0.257
80800,0.430,0.297,0.272
80900,0.421,0.293,0.286
81000,0.437,0.275,0.288
81100,0.454,0.263,0.283
81200,0.419,0.295,0.286
81300,0.375,0.311,0.314
81400,0.407,0.302,0.291
81500,0.345,0.356,0.300
81600,0.407,0.304,0.289
81700,0.424,0.295,0.281
81800,0.392,0.315,0.293
81900,0.423,0.284,0.293
82000,0.421,0.301,0.278
82100,0.444,0.274,0.282
82200,0.455,0.267,0.278
82300,0.448,0.276,0.275
82400,0.449,0.278,0.272
82500,0.430,0.282,0.288
82600,0.441,0.288,0.271
82700,0.449,0.267,0.283
82800,0.421,0.298,0.281
82900,0.417,0.308,0.275
83000,0.416,0.307,0.277
83100,0.396,0.319,0.285
83200,0.408,0.305,0.287
83300,0.421,0.303,0.275
83400,0.435,0.300,0.264
83500,0.432,0.276,0.292
83600,0.434,0.292,0.274
83700,0.459,0.286,0.255
83800,0.460,0.291,0.249
83900,0.484,0.270,0.246
84000,0.481,0.269,0.250
84100,0.465,0.316,0.219
84200,0.467,0.294,0.239
84300,0.466,0.258,0.276
84400,0.474,0.242,0.284
84500,0.480,0.239,0.281
84600,0.505,0.230,0.265
84700,0.524,0.212,0.264
84800,0.515,0.214,0.272
84900,0.515,0.194,0.290
85000,0.503,0.226,0.271
85100,0.527,0.231,0.243
85200,0.513,0.222,0.265
85300,0.515,0.218,0.268
85400,0.526,0.204,0.270
85500,0.549,0.201,0.250
85600,0.515,0.225,0.260
85700,0.505,0.233,0.262
85800,0.509,0.234,0.257
85900,0.502,0.243,0.256
86000,0.497,0.229,0.274
86100,0.508,0.256,0.236
86200,0.495,0.256,0.249
86300,0.524,0.244,0.232
86400,0.509,0.256,0.235
86500,0.506,0.240,0.253
86600,0.530,0.217,0.253
86700,0.521,0.208,0.271
86800,0.552,0.196,0.252
86900,0.563,0.198,0.239
87000,0.580,0.170,0.250
87100,0.562,0.185,0.253
87200,0.558,0.207,0.235
87300,0.560,0.196,0.244
87400,0.558,0.210,0.233
87500,0.543,0.205,0.251
87600,0.517,0.218,0.265
87700,0.533,0.211,0.256
87800,0.512,0.231,0.258
87900,0.524,0.243,0.232
88000,0.492,0.232,0.276
88100,0.501,0.218,0.281
88200,0.524,0.207,0.269
88300,0.520,0.203,0.277
88400,0.524,0.225,0.251
88500,0.517,0.228,0.255
88600,0.506,0.236,0.258
88700,0.488,0.240,0.272
88800,0.506,0.231,0.263
88900,0.510,0.231,0.260
89000,0.523,0.224,0.253
89100,0.512,0.227,0.261
89200,0.498,0.237,0.265
89300,0.467,0.258,0.275
89400,0.473,0.257,0.269
89500,0.516,0.231,0.254
89600,0.470,0.279,0.250
89700,0.456,0.287,0.257
89800,0.453,0.294,0.253
89900,0.414,0.315,0.270
90000,0.393,0.324,0.283
90100,0.437,0.307,0.257
90200,0.448,0.304,0.247
90300,0.487,0.269,0.244
90400,0.494,0.256,0.250
90500,0.480,0.255,0.265
90600,0.447,0.281,0.272
90700,0.430,0.262,0.308
90800,0.452,0.244,0.304
90900,0.444,0.263,0.293
91000,0.437,0.279,0.284
91100,0.405,0.310,0.285
91200,0.440,0.285,0.275
91300,0.434,0.268,0.299
91400,0.380,0.292,0.328
91500,0.360,0.359,0.281
91600,0.339,0.369,0.292
91700,0.368,0.372,0.260
91800,0.373,0.349,0.278
91900,0.423,0.313,0.264
92000,0.409,0.341,0.251
92100,0.399,0.339,0.261
92200,0.378,0.342,0.280
92300,0.389,0.320,0.291
92400,0.413,0.317,0.270
92500,0.386,0.334,0.280
92600,0.382,0.344,0.274
92700,0.346,0.347,0.307
92800,0.352,0.357,0.290
92900,0.371,0.362,0.267
93000,0.378,0.349,0.272
93100,0.383,0.350,0.267
93200,0.380,0.363,0.257
93300,0.389,0.359,0.251
93400,0.403,0.327,0.269
93500,0.439,0.289,0.271
93600,0.452,0.280,0.268
93700,0.402,0.314,0.285
93800,0.384,0.307,0.308
93900,0.359,0.333,0.308
94000,0.381,0.335,0.284
94100,0.361,0.325,0.314
94200,0.373,0.317,0.310
94300,0.415,0.297,0.288
94400,0.446,0.301,0.253
94500,0.405,0.322,0.273
94600,0.430,0.292,0.278
94700,0.438,0.288,0.275
94800,0.427,0.292,0.282
94900,0.432,0.289,0.278
95000,0.460,0.267,0.272
95100,0.470,0.258,0.272
95200,0.469,0.272,0.260
95300,0.471,0.253,0.276
95400,0.483,0.247,0.269
95500,0.495,0.233,0.271
95600,0.494,0.244,0.262
95700,0.486,0.226,0.288
95800,0.541,0.209,0.250
95900,0.563,0.185,0.253
96000,0.593,0.173,0.235
96100,0.589,0.163,0.248
96200,0.597,0.158,0.245
96300,0.614,0.165,0.221
96400,0.600,0.175,0.225
96500,0.615,0.180,0.205
96600,0.594,0.194,0.212
96700,0.620,0.164,0.216
96800,0.623,0.161,0.216
96900,0.613,0.155,0.232
97000,0.614,0.168,0.218
97100,0.602,0.176,0.222
97200,0.592,0.176,0.232
97300,0.619,0.166,0.214
97400,0.615,0.173,0.212
97500,0.658,0.152,0.190
97600,0.661,0.151,0.187
97700,0.653,0.158,0.189
97800,0.637,0.170,0.193
97900,0.590,0.189,0.222
98000,0.618,0.190,0.192
98100,0.597,0.188,0.215
98200,0.552,0.229,0.218
98300,0.527,0.276,0.196
98400,0.552,0.239,0.208
98500,0.531,0.248,0.221
98600,0.520,0.255,0.225
98700,0.523,0.243,0.233
98800,0.509,0.240,0.250
98900,0.495,0.238,0.267
99000,0.492,0.226,0.282
99100,0.503,0.247,0.250
99200,0.472,0.291,0.237
99300,0.428,0.349,0.222
99400,0.403,0.370,0.227
99500,0.427,0.354,0.219
99600,0.410,0.321,0.268
99700,0.426,0.336,0.238
99800,0.403,0.352,0.245
99900,0.379,0.360,0.261
100000,0.374,0.368,0.258
