time,n_A+p,n_B,n_AB
500,0.030,0.476,0.494
1000,0.030,0.230,0.740
1500,0.031,0.210,0.759
2000,0.030,0.216,0.754
2500,0.050,0.171,0.779
3000,0.030,0.263,0.707
3500,0.030,0.201,0.769
4000,0.030,0.331,0.639
4500,0.042,0.136,0.822
5000,0.030,0.204,0.766
5500,0.030,0.360,0.610
6000,0.030,0.384,0.586
6500,0.030,0.346,0.624
7000,0.030,0.218,0.752
7500,0.030,0.271,0.699
8000,0.030,0.252,0.718
8500,0.030,0.286,0.684
9000,0.030,0.284,0.686
9500,0.036,0.189,0.775
10000,0.031,0.296,0.673
10500,0.030,0.186,0.784
11000,0.030,0.226,0.744
11500,0.055,0.145,0.800
12000,0.054,0.108,0.838
12500,0.110,0.069,0.821
13000,0.358,0.001,0.641
13500,0.486,0.000,0.514
14000,0.726,0.000,0.274
14500,0.829,0.000,0.171
15000,0.705,0.000,0.295
15500,0.850,0.000,0.150
16000,0.819,0.000,0.181
16500,0.777,0.000,0.223
17000,0.855,0.000,0.145
17500,0.926,0.000,0.074
18000,0.720,0.000,0.280
18500,0.586,0.000,0.414
19000,0.574,0.000,0.426
19500,0.634,0.000,0.366
20000,0.727,0.000,0.273
20500,0.797,0.000,0.203
21000,0.646,0.000,0.354
21500,0.760,0.000,0.240
22000,0.699,0.000,0.301
22500,0.753,0.000,0.247
23000,0.633,0.000,0.367
23500,0.443,0.000,0.557
24000,0.502,0.000,0.498
24500,0.610,0.000,0.390
25000,0.556,0.000,0.444
25500,0.542,0.000,0.458
26000,0.609,0.000,0.391
26500,0.537,0.000,0.463
27000,0.575,0.000,0.425
27500,0.578,0.000,0.422
28000,0.587,0.000,0.413
28500,0.680,0.000,0.320
29000,0.585,0.000,0.415
29500,0.608,0.000,0.392
30000,0.617,0.000,0.383
30500,0.711,0.000,0.289
31000,0.668,0.000,0.332
31500,0.680,0.000,0.320
32000,0.600,0.000,0.400
32500,0.501,0.000,0.499
33000,0.570,0.000,0.430
33500,0.577,0.000,0.423
34000,0.586,0.000,0.414
34500,0.400,0.000,0.600
35000,0.528,0.000,0.472
35500,0.626,0.000,0.374
36000,0.693,0.000,0.307
36500,0.507,0.000,0.493
37000,0.517,0.000,0.483
37500,0.541,0.000,0.459
38000,0.779,0.000,0.221
38500,0.708,0.000,0.292
39000,0.652,0.000,0.348
39500,0.593,0.000,0.407
40000,0.491,0.000,0.509
40500,0.600,0.000,0.400
41000,0.609,0.000,0.391
41500,0.510,0.000,0.490
42000,0.465,0.000,0.535
42500,0.601,0.000,0.399
43000,0.606,0.000,0.394
43500,0.928,0.000,0.072
44000,0.845,0.000,0.155
44500,0.694,0.000,0.306
45000,0.616,0.000,0.384
45500,0.528,0.000,0.472
46000,0.658,0.000,0.342
46500,0.608,0.000,0.392
47000,0.491,0.000,0.509
47500,0.683,0.000,0.317
48000,0.579,0.000,0.421
48500,0.627,0.000,0.373
49000,0.668,0.000,0.332
49500,0.466,0.000,0.534
50000,0.518,0.000,0.482
50500,0.702,0.000,0.298
51000,0.672,0.000,0.328
51500,0.538,0.000,0.462
52000,0.612,0.000,0.388
52500,0.834,0.000,0.166
53000,0.899,0.000,0.101
53500,0.730,0.000,0.270
54000,0.635,0.000,0.365
54500,0.603,0.000,0.397
55000,0.579,0.000,0.421
55500,0.769,0.000,0.231
56000,0.845,0.000,0.155
56500,0.572,0.000,0.428
57000,0.594,0.000,0.406
57500,0.630,0.000,0.370
58000,0.574,0.000,0.426
58500,0.485,0.000,0.515
59000,0.655,0.000,0.345
59500,0.665,0.000,0.335
60000,0.685,0.000,0.315
60500,0.561,0.000,0.439
61000,0.710,0.000,0.290
61500,0.615,0.000,0.385
62000,0.741,0.000,0.259
62500,0.657,0.000,0.343
63000,0.494,0.000,0.506
63500,0.627,0.000,0.373
64000,0.776,0.000,0.224
64500,0.602,0.000,0.398
65000,0.552,0.000,0.448
65500,0.497,0.000,0.503
66000,0.942,0.000,0.058
66500,0.986,0.000,0.014
67000,1.000,0.000,0.000
