time,n_A+p,n_B,n_AB
500,0.030,0.772,0.198
1000,0.030,0.871,0.099
1500,0.030,0.828,0.142
2000,0.030,0.782,0.188
2500,0.030,0.793,0.177
3000,0.030,0.695,0.275
3500,0.030,0.792,0.178
4000,0.030,0.786,0.184
4500,0.030,0.786,0.184
5000,0.030,0.693,0.277
5500,0.030,0.822,0.148
6000,0.030,0.797,0.173
6500,0.030,0.708,0.262
7000,0.030,0.754,0.216
7500,0.030,0.622,0.348
8000,0.030,0.737,0.233
8500,0.030,0.733,0.237
9000,0.030,0.708,0.262
9500,0.030,0.634,0.336
10000,0.030,0.627,0.343
10500,0.030,0.759,0.211
11000,0.030,0.914,0.056
11500,0.030,0.732,0.238
12000,0.030,0.828,0.142
12500,0.030,0.822,0.148
13000,0.030,0.777,0.193
13500,0.030,0.652,0.318
14000,0.030,0.702,0.268
14500,0.030,0.758,0.212
15000,0.030,0.704,0.266
15500,0.030,0.710,0.260
16000,0.030,0.769,0.201
16500,0.030,0.844,0.126
17000,0.030,0.743,0.227
17500,0.030,0.815,0.155
18000,0.030,0.851,0.119
18500,0.030,0.626,0.344
19000,0.030,0.696,0.274
19500,0.030,0.743,0.227
20000,0.030,0.842,0.128
20500,0.030,0.578,0.392
21000,0.030,0.728,0.242
21500,0.030,0.667,0.303
22000,0.030,0.834,0.136
22500,0.030,0.797,0.173
23000,0.030,0.909,0.061
23500,0.030,0.828,0.142
24000,0.030,0.893,0.077
24500,0.030,0.913,0.057
25000,0.030,0.755,0.215
25500,0.030,0.751,0.219
26000,0.030,0.716,0.254
26500,0.030,0.759,0.211
27000,0.030,0.703,0.267
27500,0.030,0.738,0.232
28000,0.030,0.715,0.255
28500,0.030,0.769,0.201
29000,0.030,0.839,0.131
29500,0.030,0.592,0.378
30000,0.030,0.726,0.244
30500,0.030,0.704,0.266
31000,0.030,0.707,0.263
31500,0.030,0.726,0.244
32000,0.030,0.797,0.173
32500,0.030,0.717,0.253
33000,0.030,0.626,0.344
33500,0.030,0.808,0.162
34000,0.030,0.793,0.177
34500,0.030,0.843,0.127
35000,0.030,0.795,0.175
35500,0.030,0.820,0.150
36000,0.030,0.764,0.206
36500,0.030,0.708,0.262
37000,0.030,0.730,0.240
37500,0.030,0.772,0.198
38000,0.030,0.791,0.179
38500,0.030,0.703,0.267
39000,0.030,0.689,0.281
39500,0.030,0.741,0.229
40000,0.030,0.700,0.270
40500,0.030,0.888,0.082
41000,0.030,0.829,0.141
41500,0.030,0.832,0.138
42000,0.030,0.777,0.193
42500,0.030,0.747,0.223
43000,0.030,0.890,0.080
43500,0.030,0.798,0.172
44000,0.030,0.869,0.101
44500,0.030,0.759,0.211
45000,0.030,0.807,0.163
45500,0.030,0.824,0.146
46000,0.030,0.854,0.116
46500,0.030,0.665,0.305
47000,0.030,0.756,0.214
47500,0.030,0.785,0.185
48000,0.030,0.749,0.221
48500,0.030,0.769,0.201
49000,0.030,0.772,0.198
49500,0.030,0.820,0.150
50000,0.030,0.792,0.178
50500,0.030,0.792,0.178
51000,0.030,0.627,0.343
51500,0.030,0.738,0.232
52000,0.030,0.883,0.087
52500,0.030,0.876,0.094
53000,0.030,0.765,0.205
53500,0.030,0.902,0.068
54000,0.030,0.703,0.267
54500,0.030,0.682,0.288
55000,0.030,0.489,0.481
55500,0.030,0.699,0.271
56000,0.030,0.786,0.184
56500,0.030,0.729,0.241
57000,0.030,0.728,0.242
57500,0.030,0.851,0.119
58000,0.030,0.744,0.226
58500,0.030,0.853,0.117
59000,0.030,0.665,0.305
59500,0.030,0.677,0.293
60000,0.030,0.711,0.259
60500,0.030,0.839,0.131
61000,0.030,0.747,0.223
61500,0.030,0.874,0.096
62000,0.030,0.738,0.232
62500,0.030,0.747,0.223
63000,0.030,0.829,0.141
63500,0.030,0.820,0.150
64000,0.030,0.848,0.122
64500,0.030,0.694,0.276
65000,0.030,0.809,0.161
65500,0.030,0.796,0.174
66000,0.030,0.761,0.209
66500,0.030,0.743,0.227
67000,0.030,0.783,0.187
67500,0.030,0.758,0.212
68000,0.030,0.778,0.192
68500,0.030,0.731,0.239
69000,0.030,0.666,0.304
69500,0.030,0.802,0.168
70000,0.030,0.891,0.079
70500,0.030,0.813,0.157
71000,0.030,0.657,0.313
71500,0.030,0.722,0.248
72000,0.030,0.714,0.256
72500,0.030,0.759,0.211
73000,0.030,0.719,0.251
73500,0.030,0.825,0.145
74000,0.030,0.774,0.196
74500,0.030,0.913,0.057
75000,0.030,0.797,0.173
75500,0.030,0.792,0.178
76000,0.030,0.702,0.268
76500,0.030,0.839,0.131
77000,0.030,0.742,0.228
77500,0.030,0.731,0.239
78000,0.030,0.807,0.163
78500,0.030,0.743,0.227
79000,0.030,0.932,0.038
79500,0.030,0.857,0.113
80000,0.030,0.823,0.147
80500,0.030,0.707,0.263
81000,0.030,0.751,0.219
81500,0.030,0.779,0.191
82000,0.030,0.730,0.240
82500,0.030,0.797,0.173
83000,0.030,0.706,0.264
83500,0.030,0.743,0.227
84000,0.030,0.857,0.113
84500,0.030,0.789,0.181
85000,0.030,0.809,0.161
85500,0.030,0.586,0.384
86000,0.030,0.753,0.217
86500,0.030,0.759,0.211
87000,0.030,0.815,0.155
87500,0.030,0.810,0.160
88000,0.030,0.760,0.210
88500,0.030,0.871,0.099
89000,0.030,0.839,0.131
89500,0.030,0.887,0.083
90000,0.030,0.778,0.192
90500,0.030,0.884,0.086
91000,0.030,0.806,0.164
91500,0.030,0.766,0.204
92000,0.030,0.736,0.234
92500,0.030,0.648,0.322
93000,0.030,0.755,0.215
93500,0.030,0.720,0.250
94000,0.030,0.826,0.144
94500,0.030,0.798,0.172
95000,0.030,0.817,0.153
95500,0.030,0.758,0.212
96000,0.030,0.752,0.218
96500,0.030,0.800,0.170
97000,0.030,0.764,0.206
97500,0.030,0.879,0.091
98000,0.030,0.830,0.140
98500,0.030,0.752,0.218
99000,0.030,0.792,0.178
99500,0.030,0.748,0.222
100000,0.030,0.751,0.219
100500,0.030,0.813,0.157
101000,0.030,0.739,0.231
101500,0.030,0.735,0.235
102000,0.030,0.867,0.103
102500,0.030,0.677,0.293
103000,0.030,0.833,0.137
103500,0.030,0.899,0.071
104000,0.030,0.812,0.158
104500,0.030,0.711,0.259
105000,0.030,0.701,0.269
105500,0.030,0.907,0.063
106000,0.030,0.692,0.278
106500,0.030,0.781,0.189
107000,0.030,0.824,0.146
107500,0.030,0.688,0.282
108000,0.030,0.844,0.126
108500,0.030,0.783,0.187
109000,0.030,0.810,0.160
109500,0.030,0.878,0.092
110000,0.030,0.791,0.179
110500,0.030,0.796,0.174
111000,0.030,0.867,0.103
111500,0.030,0.801,0.169
112000,0.030,0.808,0.162
112500,0.030,0.794,0.176
113000,0.030,0.730,0.240
113500,0.030,0.690,0.280
114000,0.030,0.804,0.166
114500,0.030,0.804,0.166
115000,0.030,0.841,0.129
115500,0.030,0.835,0.135
116000,0.030,0.752,0.218
116500,0.030,0.781,0.189
117000,0.030,0.739,0.231
117500,0.030,0.596,0.374
118000,0.030,0.726,0.244
118500,0.030,0.906,0.064
119000,0.030,0.819,0.151
119500,0.030,0.857,0.113
120000,0.030,0.909,0.061
120500,0.030,0.850,0.120
121000,0.030,0.858,0.112
121500,0.030,0.861,0.109
122000,0.030,0.828,0.142
122500,0.030,0.868,0.102
123000,0.030,0.906,0.064
123500,0.030,0.827,0.143
124000,0.030,0.804,0.166
124500,0.030,0.766,0.204
125000,0.030,0.855,0.115
125500,0.030,0.804,0.166
126000,0.030,0.727,0.243
126500,0.030,0.650,0.320
127000,0.030,0.752,0.218
127500,0.030,0.829,0.141
128000,0.030,0.567,0.403
128500,0.030,0.815,0.155
129000,0.030,0.788,0.182
129500,0.030,0.805,0.165
130000,0.030,0.765,0.205
130500,0.030,0.768,0.202
131000,0.030,0.719,0.251
131500,0.030,0.791,0.179
132000,0.030,0.908,0.062
132500,0.030,0.882,0.088
133000,0.030,0.815,0.155
133500,0.030,0.801,0.169
134000,0.030,0.898,0.072
134500,0.030,0.766,0.204
135000,0.030,0.829,0.141
135500,0.030,0.718,0.252
136000,0.030,0.745,0.225
136500,0.030,0.793,0.177
137000,0.030,0.845,0.125
137500,0.030,0.756,0.214
138000,0.030,0.699,0.271
138500,0.030,0.641,0.329
139000,0.030,0.620,0.350
139500,0.030,0.727,0.243
140000,0.030,0.920,0.050
140500,0.030,0.820,0.150
141000,0.030,0.865,0.105
141500,0.030,0.853,0.117
142000,0.030,0.831,0.139
142500,0.030,0.752,0.218
143000,0.030,0.868,0.102
143500,0.030,0.733,0.237
144000,0.030,0.748,0.222
144500,0.030,0.818,0.152
145000,0.030,0.794,0.176
145500,0.030,0.736,0.234
146000,0.030,0.758,0.212
146500,0.030,0.874,0.096
147000,0.030,0.782,0.188
147500,0.030,0.738,0.232
148000,0.030,0.566,0.404
148500,0.030,0.898,0.072
149000,0.030,0.843,0.127
149500,0.030,0.730,0.240
150000,0.030,0.624,0.346
150500,0.030,0.744,0.226
151000,0.030,0.780,0.190
151500,0.030,0.872,0.098
152000,0.030,0.815,0.155
152500,0.030,0.788,0.182
153000,0.030,0.720,0.250
153500,0.030,0.793,0.177
154000,0.030,0.805,0.165
154500,0.030,0.854,0.116
155000,0.030,0.868,0.102
155500,0.030,0.919,0.051
156000,0.030,0.752,0.218
156500,0.030,0.748,0.222
157000,0.030,0.779,0.191
157500,0.030,0.623,0.347
158000,0.030,0.729,0.241
158500,0.030,0.670,0.300
159000,0.030,0.779,0.191
159500,0.030,0.717,0.253
160000,0.030,0.792,0.178
160500,0.030,0.802,0.168
161000,0.030,0.743,0.227
161500,0.030,0.834,0.136
162000,0.030,0.741,0.229
162500,0.030,0.804,0.166
163000,0.030,0.861,0.109
163500,0.030,0.706,0.264
164000,0.030,0.714,0.256
164500,0.030,0.791,0.179
165000,0.030,0.895,0.075
165500,0.030,0.773,0.197
166000,0.030,0.850,0.120
166500,0.030,0.855,0.115
167000,0.030,0.855,0.115
167500,0.030,0.785,0.185
168000,0.030,0.634,0.336
168500,0.030,0.820,0.150
169000,0.030,0.601,0.369
169500,0.030,0.718,0.252
170000,0.030,0.675,0.295
170500,0.030,0.843,0.127
171000,0.030,0.893,0.077
171500,0.030,0.923,0.047
172000,0.030,0.821,0.149
172500,0.030,0.621,0.349
173000,0.030,0.796,0.174
173500,0.030,0.783,0.187
174000,0.030,0.891,0.079
174500,0.030,0.771,0.199
175000,0.030,0.747,0.223
175500,0.030,0.773,0.197
176000,0.030,0.840,0.130
176500,0.030,0.737,0.233
177000,0.030,0.658,0.312
177500,0.030,0.693,0.277
178000,0.030,0.656,0.314
178500,0.030,0.792,0.178
179000,0.030,0.856,0.114
179500,0.030,0.686,0.284
180000,0.030,0.789,0.181
180500,0.030,0.816,0.154
181000,0.030,0.779,0.191
181500,0.030,0.858,0.112
182000,0.030,0.819,0.151
182500,0.030,0.861,0.109
183000,0.030,0.816,0.154
183500,0.030,0.795,0.175
184000,0.030,0.736,0.234
184500,0.030,0.630,0.340
185000,0.030,0.716,0.254
185500,0.030,0.809,0.161
186000,0.030,0.827,0.143
186500,0.030,0.729,0.241
187000,0.030,0.786,0.184
187500,0.030,0.684,0.286
188000,0.030,0.796,0.174
188500,0.030,0.700,0.270
189000,0.030,0.799,0.171
189500,0.030,0.725,0.245
190000,0.030,0.826,0.144
190500,0.030,0.738,0.232
191000,0.030,0.738,0.232
191500,0.030,0.718,0.252
192000,0.030,0.856,0.114
192500,0.030,0.835,0.135
193000,0.030,0.844,0.126
193500,0.030,0.655,0.315
194000,0.030,0.694,0.276
194500,0.030,0.755,0.215
195000,0.030,0.726,0.244
195500,0.030,0.650,0.320
196000,0.030,0.754,0.216
196500,0.030,0.690,0.280
197000,0.030,0.809,0.161
197500,0.030,0.784,0.186
198000,0.030,0.647,0.323
198500,0.030,0.772,0.198
199000,0.030,0.781,0.189
199500,0.030,0.705,0.265
200000,0.030,0.804,0.166
200500,0.030,0.743,0.227
201000,0.030,0.787,0.183
201500,0.030,0.847,0.123
202000,0.030,0.757,0.213
202500,0.030,0.743,0.227
203000,0.030,0.750,0.220
203500,0.030,0.802,0.168
204000,0.030,0.741,0.229
204500,0.030,0.784,0.186
205000,0.030,0.721,0.249
205500,0.030,0.648,0.322
206000,0.030,0.701,0.269
206500,0.030,0.801,0.169
207000,0.030,0.802,0.168
207500,0.030,0.591,0.379
208000,0.030,0.644,0.326
208500,0.030,0.699,0.271
209000,0.030,0.750,0.220
209500,0.030,0.834,0.136
210000,0.030,0.645,0.325
210500,0.030,0.832,0.138
211000,0.030,0.631,0.339
211500,0.030,0.829,0.141
212000,0.030,0.820,0.150
212500,0.030,0.852,0.118
213000,0.030,0.748,0.222
213500,0.030,0.654,0.316
214000,0.030,0.869,0.101
214500,0.030,0.653,0.317
215000,0.030,0.745,0.225
215500,0.030,0.627,0.343
216000,0.030,0.704,0.266
216500,0.030,0.682,0.288
217000,0.030,0.721,0.249
217500,0.030,0.736,0.234
218000,0.030,0.700,0.270
218500,0.030,0.821,0.149
219000,0.030,0.839,0.131
219500,0.030,0.581,0.389
220000,0.030,0.585,0.385
220500,0.030,0.791,0.179
221000,0.030,0.849,0.121
221500,0.030,0.837,0.133
222000,0.030,0.714,0.256
222500,0.030,0.868,0.102
223000,0.030,0.770,0.200
223500,0.030,0.836,0.134
224000,0.030,0.754,0.216
224500,0.030,0.686,0.284
225000,0.030,0.835,0.135
225500,0.030,0.855,0.115
226000,0.030,0.874,0.096
226500,0.030,0.860,0.110
227000,0.030,0.783,0.187
227500,0.030,0.736,0.234
228000,0.030,0.683,0.287
228500,0.030,0.832,0.138
229000,0.030,0.558,0.412
229500,0.030,0.774,0.196
230000,0.030,0.712,0.258
230500,0.030,0.733,0.237
231000,0.030,0.787,0.183
231500,0.030,0.807,0.163
232000,0.030,0.648,0.322
232500,0.030,0.786,0.184
233000,0.030,0.773,0.197
233500,0.030,0.865,0.105
234000,0.030,0.894,0.076
234500,0.030,0.849,0.121
235000,0.030,0.842,0.128
235500,0.030,0.720,0.250
236000,0.030,0.740,0.230
236500,0.030,0.753,0.217
237000,0.030,0.802,0.168
237500,0.030,0.843,0.127
238000,0.030,0.811,0.159
238500,0.030,0.785,0.185
239000,0.030,0.875,0.095
239500,0.030,0.839,0.131
240000,0.030,0.788,0.182
240500,0.030,0.671,0.299
241000,0.030,0.745,0.225
241500,0.030,0.840,0.130
242000,0.030,0.714,0.256
242500,0.030,0.834,0.136
243000,0.030,0.731,0.239
243500,0.030,0.741,0.229
244000,0.030,0.738,0.232
244500,0.030,0.721,0.249
245000,0.030,0.654,0.316
245500,0.030,0.734,0.236
246000,0.030,0.579,0.391
246500,0.030,0.716,0.254
247000,0.030,0.773,0.197
247500,0.030,0.778,0.192
248000,0.030,0.551,0.419
248500,0.030,0.753,0.217
249000,0.030,0.774,0.196
249500,0.030,0.742,0.228
250000,0.030,0.927,0.043
250500,0.030,0.761,0.209
251000,0.030,0.787,0.183
251500,0.030,0.822,0.148
252000,0.030,0.816,0.154
252500,0.030,0.618,0.352
253000,0.030,0.756,0.214
253500,0.030,0.858,0.112
254000,0.030,0.794,0.176
254500,0.030,0.816,0.154
255000,0.030,0.682,0.288
255500,0.030,0.854,0.116
256000,0.030,0.703,0.267
256500,0.030,0.627,0.343
257000,0.030,0.716,0.254
257500,0.030,0.827,0.143
258000,0.030,0.871,0.099
258500,0.030,0.744,0.226
259000,0.030,0.646,0.324
259500,0.030,0.861,0.109
260000,0.030,0.815,0.155
260500,0.030,0.872,0.098
261000,0.030,0.832,0.138
261500,0.030,0.881,0.089
262000,0.030,0.757,0.213
262500,0.030,0.770,0.200
263000,0.030,0.836,0.134
263500,0.030,0.877,0.093
264000,0.030,0.840,0.130
264500,0.030,0.747,0.223
265000,0.030,0.841,0.129
265500,0.030,0.861,0.109
266000,0.030,0.830,0.140
266500,0.030,0.676,0.294
267000,0.030,0.729,0.241
267500,0.030,0.631,0.339
268000,0.030,0.851,0.119
268500,0.030,0.539,0.431
269000,0.030,0.909,0.061
269500,0.030,0.821,0.149
270000,0.030,0.756,0.214
270500,0.030,0.814,0.156
271000,0.030,0.703,0.267
271500,0.030,0.799,0.171
272000,0.030,0.863,0.107
272500,0.030,0.932,0.038
273000,0.030,0.750,0.220
273500,0.030,0.805,0.165
274000,0.030,0.830,0.140
274500,0.030,0.790,0.180
275000,0.030,0.934,0.036
275500,0.030,0.794,0.176
276000,0.030,0.822,0.148
276500,0.030,0.718,0.252
277000,0.030,0.824,0.146
277500,0.030,0.830,0.140
278000,0.030,0.817,0.153
278500,0.030,0.802,0.168
279000,0.030,0.715,0.255
279500,0.030,0.919,0.051
280000,0.030,0.891,0.079
280500,0.030,0.714,0.256
281000,0.030,0.791,0.179
281500,0.030,0.737,0.233
282000,0.030,0.751,0.219
282500,0.030,0.875,0.095
283000,0.030,0.673,0.297
283500,0.030,0.787,0.183
284000,0.030,0.667,0.303
284500,0.030,0.658,0.312
285000,0.030,0.728,0.242
285500,0.030,0.698,0.272
286000,0.030,0.761,0.209
286500,0.030,0.852,0.118
287000,0.030,0.720,0.250
287500,0.030,0.696,0.274
288000,0.030,0.788,0.182
288500,0.030,0.755,0.215
289000,0.030,0.754,0.216
289500,0.030,0.794,0.176
290000,0.030,0.667,0.303
290500,0.030,0.741,0.229
291000,0.030,0.815,0.155
291500,0.030,0.816,0.154
292000,0.030,0.882,0.088
292500,0.030,0.823,0.147
293000,0.030,0.763,0.207
293500,0.030,0.768,0.202
294000,0.030,0.823,0.147
294500,0.030,0.794,0.176
295000,0.030,0.738,0.232
295500,0.030,0.795,0.175
296000,0.030,0.938,0.032
296500,0.030,0.885,0.085
297000,0.030,0.763,0.207
297500,0.030,0.778,0.192
298000,0.030,0.800,0.170
298500,0.030,0.739,0.231
299000,0.030,0.825,0.145
299500,0.030,0.810,0.160
300000,0.030,0.803,0.167
300500,0.030,0.767,0.203
301000,0.030,0.687,0.283
301500,0.030,0.696,0.274
302000,0.030,0.767,0.203
302500,0.030,0.769,0.201
303000,0.030,0.626,0.344
303500,0.030,0.866,0.104
304000,0.030,0.712,0.258
304500,0.030,0.706,0.264
305000,0.030,0.715,0.255
305500,0.030,0.727,0.243
306000,0.030,0.798,0.172
306500,0.030,0.866,0.104
307000,0.030,0.807,0.163
307500,0.030,0.848,0.122
308000,0.030,0.748,0.222
308500,0.030,0.735,0.235
309000,0.030,0.648,0.322
309500,0.030,0.816,0.154
310000,0.030,0.858,0.112
310500,0.030,0.792,0.178
311000,0.030,0.719,0.251
311500,0.030,0.939,0.031
312000,0.030,0.819,0.151
312500,0.030,0.722,0.248
313000,0.030,0.813,0.157
313500,0.030,0.725,0.245
314000,0.030,0.889,0.081
314500,0.030,0.730,0.240
315000,0.030,0.656,0.314
315500,0.030,0.849,0.121
316000,0.030,0.609,0.361
316500,0.030,0.725,0.245
317000,0.030,0.763,0.207
317500,0.030,0.756,0.214
318000,0.030,0.643,0.327
318500,0.030,0.666,0.304
319000,0.030,0.675,0.295
319500,0.030,0.817,0.153
320000,0.030,0.822,0.148
320500,0.030,0.755,0.215
321000,0.030,0.682,0.288
321500,0.030,0.786,0.184
322000,0.030,0.683,0.287
322500,0.030,0.837,0.133
323000,0.030,0.762,0.208
323500,0.030,0.647,0.323
324000,0.030,0.854,0.116
324500,0.030,0.892,0.078
325000,0.030,0.825,0.145
325500,0.030,0.835,0.135
326000,0.030,0.835,0.135
326500,0.030,0.709,0.261
327000,0.030,0.782,0.188
327500,0.030,0.739,0.231
328000,0.030,0.831,0.139
328500,0.030,0.796,0.174
329000,0.030,0.819,0.151
329500,0.030,0.820,0.150
330000,0.030,0.758,0.212
330500,0.030,0.776,0.194
331000,0.030,0.871,0.099
331500,0.030,0.839,0.131
332000,0.030,0.773,0.197
332500,0.030,0.808,0.162
333000,0.030,0.778,0.192
333500,0.030,0.743,0.227
334000,0.030,0.752,0.218
334500,0.030,0.824,0.146
335000,0.030,0.861,0.109
335500,0.030,0.764,0.206
336000,0.030,0.834,0.136
336500,0.030,0.920,0.050
337000,0.030,0.831,0.139
337500,0.030,0.806,0.164
338000,0.030,0.737,0.233
338500,0.030,0.843,0.127
339000,0.030,0.741,0.229
339500,0.030,0.823,0.147
340000,0.030,0.671,0.299
340500,0.030,0.828,0.142
341000,0.030,0.705,0.265
341500,0.030,0.893,0.077
342000,0.030,0.650,0.320
342500,0.030,0.644,0.326
343000,0.030,0.717,0.253
343500,0.030,0.753,0.217
344000,0.030,0.797,0.173
344500,0.030,0.710,0.260
345000,0.030,0.689,0.281
345500,0.030,0.724,0.246
346000,0.030,0.735,0.235
346500,0.030,0.789,0.181
347000,0.030,0.826,0.144
347500,0.030,0.818,0.152
348000,0.030,0.760,0.210
348500,0.030,0.866,0.104
349000,0.030,0.752,0.218
349500,0.030,0.764,0.206
350000,0.030,0.651,0.319
350500,0.030,0.825,0.145
351000,0.030,0.800,0.170
351500,0.030,0.778,0.192
352000,0.030,0.801,0.169
352500,0.030,0.872,0.098
353000,0.030,0.729,0.241
353500,0.030,0.789,0.181
354000,0.030,0.813,0.157
354500,0.030,0.847,0.123
355000,0.030,0.778,0.192
355500,0.030,0.890,0.080
356000,0.030,0.764,0.206
356500,0.030,0.563,0.407
357000,0.030,0.823,0.147
357500,0.030,0.667,0.303
358000,0.030,0.704,0.266
358500,0.030,0.884,0.086
359000,0.030,0.753,0.217
359500,0.030,0.837,0.133
360000,0.030,0.926,0.044
360500,0.030,0.820,0.150
361000,0.030,0.703,0.267
361500,0.030,0.689,0.281
362000,0.030,0.800,0.170
362500,0.030,0.818,0.152
363000,0.030,0.759,0.211
363500,0.030,0.825,0.145
364000,0.030,0.807,0.163
364500,0.030,0.755,0.215
365000,0.030,0.725,0.245
365500,0.030,0.573,0.397
366000,0.030,0.636,0.334
366500,0.030,0.624,0.346
367000,0.030,0.673,0.297
367500,0.030,0.743,0.227
368000,0.030,0.749,0.221
368500,0.030,0.756,0.214
369000,0.030,0.832,0.138
369500,0.030,0.767,0.203
370000,0.030,0.717,0.253
370500,0.030,0.832,0.138
371000,0.030,0.665,0.305
371500,0.030,0.697,0.273
372000,0.030,0.795,0.175
372500,0.030,0.735,0.235
373000,0.030,0.745,0.225
373500,0.030,0.860,0.110
374000,0.030,0.797,0.173
374500,0.030,0.779,0.191
375000,0.030,0.829,0.141
375500,0.030,0.771,0.199
376000,0.030,0.851,0.119
376500,0.030,0.828,0.142
377000,0.030,0.734,0.236
377500,0.030,0.814,0.156
378000,0.030,0.885,0.085
378500,0.030,0.903,0.067
379000,0.030,0.813,0.157
379500,0.030,0.723,0.247
380000,0.030,0.599,0.371
380500,0.030,0.638,0.332
381000,0.030,0.689,0.281
381500,0.030,0.730,0.240
382000,0.030,0.767,0.203
382500,0.030,0.788,0.182
383000,0.030,0.744,0.226
383500,0.030,0.809,0.161
384000,0.030,0.746,0.224
384500,0.030,0.731,0.239
385000,0.030,0.645,0.325
385500,0.030,0.692,0.278
386000,0.030,0.774,0.196
386500,0.030,0.809,0.161
387000,0.030,0.878,0.092
387500,0.030,0.805,0.165
388000,0.030,0.766,0.204
388500,0.030,0.726,0.244
389000,0.030,0.668,0.302
389500,0.030,0.889,0.081
390000,0.030,0.832,0.138
390500,0.030,0.790,0.180
391000,0.030,0.816,0.154
391500,0.030,0.796,0.174
392000,0.030,0.737,0.233
392500,0.030,0.836,0.134
393000,0.030,0.765,0.205
393500,0.030,0.834,0.136
394000,0.030,0.823,0.147
394500,0.030,0.822,0.148
395000,0.030,0.794,0.176
395500,0.030,0.738,0.232
396000,0.030,0.671,0.299
396500,0.030,0.759,0.211
397000,0.030,0.744,0.226
397500,0.030,0.790,0.180
398000,0.030,0.797,0.173
398500,0.030,0.844,0.126
399000,0.030,0.857,0.113
399500,0.030,0.887,0.083
400000,0.030,0.856,0.114
400500,0.030,0.790,0.180
401000,0.030,0.825,0.145
401500,0.030,0.789,0.181
402000,0.030,0.760,0.210
402500,0.030,0.700,0.270
403000,0.030,0.753,0.217
403500,0.030,0.763,0.207
404000,0.030,0.668,0.302
404500,0.030,0.785,0.185
405000,0.030,0.771,0.199
405500,0.030,0.616,0.354
406000,0.030,0.837,0.133
406500,0.030,0.697,0.273
407000,0.030,0.756,0.214
407500,0.030,0.792,0.178
408000,0.030,0.678,0.292
408500,0.030,0.821,0.149
409000,0.030,0.843,0.127
409500,0.030,0.767,0.203
410000,0.030,0.733,0.237
410500,0.030,0.744,0.226
411000,0.030,0.718,0.252
411500,0.030,0.729,0.241
412000,0.030,0.786,0.184
412500,0.030,0.826,0.144
413000,0.030,0.726,0.244
413500,0.030,0.763,0.207
414000,0.030,0.784,0.186
414500,0.030,0.797,0.173
415000,0.030,0.714,0.256
415500,0.030,0.778,0.192
416000,0.030,0.772,0.198
416500,0.030,0.740,0.230
417000,0.030,0.578,0.392
417500,0.030,0.788,0.182
418000,0.030,0.687,0.283
418500,0.030,0.772,0.198
419000,0.030,0.761,0.209
419500,0.030,0.718,0.252
420000,0.030,0.798,0.172
420500,0.030,0.765,0.205
421000,0.030,0.885,0.085
421500,0.030,0.749,0.221
422000,0.030,0.829,0.141
422500,0.030,0.796,0.174
423000,0.030,0.805,0.165
423500,0.030,0.798,0.172
424000,0.030,0.855,0.115
424500,0.030,0.756,0.214
425000,0.030,0.700,0.270
425500,0.030,0.675,0.295
426000,0.030,0.729,0.241
426500,0.030,0.872,0.098
427000,0.030,0.728,0.242
427500,0.030,0.701,0.269
428000,0.030,0.719,0.251
428500,0.030,0.884,0.086
429000,0.030,0.792,0.178
429500,0.030,0.805,0.165
430000,0.030,0.750,0.220
430500,0.030,0.823,0.147
431000,0.030,0.802,0.168
431500,0.030,0.773,0.197
432000,0.030,0.790,0.180
432500,0.030,0.849,0.121
433000,0.030,0.662,0.308
433500,0.030,0.683,0.287
434000,0.030,0.768,0.202
434500,0.030,0.778,0.192
435000,0.030,0.667,0.303
435500,0.030,0.817,0.153
436000,0.030,0.795,0.175
436500,0.030,0.745,0.225
437000,0.030,0.814,0.156
437500,0.030,0.733,0.237
438000,0.030,0.838,0.132
438500,0.030,0.777,0.193
439000,0.030,0.837,0.133
439500,0.030,0.752,0.218
440000,0.030,0.756,0.214
440500,0.030,0.800,0.170
441000,0.030,0.864,0.106
441500,0.030,0.797,0.173
442000,0.030,0.683,0.287
442500,0.030,0.724,0.246
443000,0.030,0.787,0.183
443500,0.030,0.718,0.252
444000,0.030,0.764,0.206
444500,0.030,0.802,0.168
445000,0.030,0.817,0.153
445500,0.030,0.839,0.131
446000,0.030,0.917,0.053
446500,0.030,0.887,0.083
447000,0.030,0.839,0.131
447500,0.030,0.803,0.167
448000,0.030,0.794,0.176
448500,0.030,0.790,0.180
449000,0.030,0.858,0.112
449500,0.030,0.878,0.092
450000,0.030,0.888,0.082
450500,0.030,0.836,0.134
451000,0.030,0.854,0.116
451500,0.030,0.755,0.215
452000,0.030,0.850,0.120
452500,0.030,0.870,0.100
453000,0.030,0.770,0.200
453500,0.030,0.824,0.146
454000,0.030,0.872,0.098
454500,0.030,0.787,0.183
455000,0.030,0.807,0.163
455500,0.030,0.833,0.137
456000,0.030,0.896,0.074
456500,0.030,0.643,0.327
457000,0.030,0.768,0.202
457500,0.030,0.655,0.315
458000,0.030,0.783,0.187
458500,0.030,0.734,0.236
459000,0.030,0.865,0.105
459500,0.030,0.898,0.072
460000,0.030,0.813,0.157
460500,0.030,0.751,0.219
461000,0.030,0.883,0.087
461500,0.030,0.898,0.072
462000,0.030,0.742,0.228
462500,0.030,0.847,0.123
463000,0.030,0.853,0.117
463500,0.030,0.850,0.120
464000,0.030,0.822,0.148
464500,0.030,0.743,0.227
465000,0.030,0.900,0.070
465500,0.030,0.780,0.190
466000,0.030,0.709,0.261
466500,0.030,0.692,0.278
467000,0.030,0.650,0.320
467500,0.030,0.606,0.364
468000,0.030,0.814,0.156
468500,0.030,0.729,0.241
469000,0.030,0.673,0.297
469500,0.030,0.844,0.126
470000,0.030,0.747,0.223
470500,0.030,0.764,0.206
471000,0.030,0.719,0.251
471500,0.030,0.783,0.187
472000,0.030,0.626,0.344
472500,0.030,0.869,0.101
473000,0.030,0.805,0.165
473500,0.030,0.741,0.229
474000,0.030,0.731,0.239
474500,0.030,0.732,0.238
475000,0.030,0.826,0.144
475500,0.030,0.813,0.157
476000,0.030,0.697,0.273
476500,0.030,0.889,0.081
477000,0.030,0.736,0.234
477500,0.030,0.644,0.326
478000,0.030,0.708,0.262
478500,0.030,0.844,0.126
479000,0.030,0.721,0.249
479500,0.030,0.884,0.086
480000,0.030,0.742,0.228
480500,0.030,0.725,0.245
481000,0.030,0.752,0.218
481500,0.030,0.769,0.201
482000,0.030,0.733,0.237
482500,0.030,0.706,0.264
483000,0.030,0.615,0.355
483500,0.030,0.606,0.364
484000,0.030,0.724,0.246
484500,0.030,0.717,0.253
485000,0.030,0.782,0.188
485500,0.030,0.739,0.231
486000,0.030,0.792,0.178
486500,0.030,0.709,0.261
487000,0.030,0.796,0.174
487500,0.030,0.792,0.178
488000,0.030,0.909,0.061
488500,0.030,0.821,0.149
489000,0.030,0.754,0.216
489500,0.030,0.636,0.334
490000,0.030,0.795,0.175
490500,0.030,0.838,0.132
491000,0.030,0.782,0.188
491500,0.030,0.737,0.233
492000,0.030,0.811,0.159
492500,0.030,0.791,0.179
493000,0.030,0.770,0.200
493500,0.030,0.760,0.210
494000,0.030,0.674,0.296
494500,0.030,0.882,0.088
495000,0.030,0.838,0.132
495500,0.030,0.836,0.134
496000,0.030,0.745,0.225
496500,0.030,0.702,0.268
497000,0.030,0.792,0.178
497500,0.030,0.669,0.301
498000,0.030,0.668,0.302
498500,0.030,0.750,0.220
499000,0.030,0.836,0.134
499500,0.030,0.881,0.089
500000,0.030,0.753,0.217
500500,0.030,0.796,0.174
501000,0.030,0.789,0.181
501500,0.030,0.854,0.116
502000,0.030,0.750,0.220
502500,0.030,0.660,0.310
503000,0.030,0.793,0.177
503500,0.030,0.739,0.231
504000,0.030,0.762,0.208
504500,0.030,0.642,0.328
505000,0.030,0.774,0.196
505500,0.030,0.728,0.242
506000,0.030,0.766,0.204
506500,0.030,0.630,0.340
507000,0.030,0.737,0.233
507500,0.030,0.777,0.193
508000,0.030,0.643,0.327
508500,0.030,0.806,0.164
509000,0.030,0.874,0.096
509500,0.030,0.880,0.090
510000,0.030,0.771,0.199
510500,0.030,0.731,0.239
511000,0.030,0.829,0.141
511500,0.030,0.889,0.081
512000,0.030,0.742,0.228
512500,0.030,0.706,0.264
513000,0.030,0.761,0.209
513500,0.030,0.722,0.248
514000,0.030,0.766,0.204
514500,0.030,0.786,0.184
515000,0.030,0.793,0.177
515500,0.030,0.888,0.082
516000,0.030,0.742,0.228
516500,0.030,0.706,0.264
517000,0.030,0.642,0.328
517500,0.030,0.716,0.254
518000,0.030,0.759,0.211
518500,0.030,0.789,0.181
519000,0.030,0.753,0.217
519500,0.030,0.792,0.178
520000,0.030,0.783,0.187
520500,0.030,0.781,0.189
521000,0.030,0.844,0.126
521500,0.030,0.737,0.233
522000,0.030,0.840,0.130
522500,0.030,0.783,0.187
523000,0.030,0.796,0.174
523500,0.030,0.601,0.369
524000,0.030,0.704,0.266
524500,0.030,0.637,0.333
525000,0.030,0.790,0.180
525500,0.030,0.774,0.196
526000,0.030,0.824,0.146
526500,0.030,0.749,0.221
527000,0.030,0.914,0.056
527500,0.030,0.731,0.239
528000,0.030,0.798,0.172
528500,0.030,0.670,0.300
529000,0.030,0.804,0.166
529500,0.030,0.752,0.218
530000,0.030,0.816,0.154
530500,0.030,0.783,0.187
531000,0.030,0.686,0.284
531500,0.030,0.673,0.297
532000,0.030,0.676,0.294
532500,0.030,0.600,0.370
533000,0.030,0.629,0.341
533500,0.030,0.765,0.205
534000,0.030,0.822,0.148
534500,0.030,0.844,0.126
535000,0.030,0.722,0.248
535500,0.030,0.864,0.106
536000,0.030,0.696,0.274
536500,0.030,0.721,0.249
537000,0.030,0.573,0.397
537500,0.030,0.863,0.107
538000,0.030,0.702,0.268
538500,0.030,0.696,0.274
539000,0.030,0.768,0.202
539500,0.030,0.788,0.182
540000,0.030,0.793,0.177
540500,0.030,0.882,0.088
541000,0.030,0.894,0.076
541500,0.030,0.684,0.286
542000,0.030,0.871,0.099
542500,0.030,0.645,0.325
543000,0.030,0.580,0.390
543500,0.030,0.666,0.304
544000,0.030,0.744,0.226
544500,0.030,0.724,0.246
545000,0.030,0.774,0.196
545500,0.030,0.665,0.305
546000,0.030,0.801,0.169
546500,0.030,0.659,0.311
547000,0.030,0.749,0.221
547500,0.030,0.732,0.238
548000,0.030,0.813,0.157
548500,0.030,0.707,0.263
549000,0.030,0.815,0.155
549500,0.030,0.743,0.227
550000,0.030,0.780,0.190
550500,0.030,0.849,0.121
551000,0.030,0.832,0.138
551500,0.030,0.736,0.234
552000,0.030,0.828,0.142
552500,0.030,0.786,0.184
553000,0.030,0.787,0.183
553500,0.030,0.749,0.221
554000,0.030,0.815,0.155
554500,0.030,0.661,0.309
555000,0.030,0.786,0.184
555500,0.030,0.838,0.132
556000,0.030,0.839,0.131
556500,0.030,0.828,0.142
557000,0.030,0.771,0.199
557500,0.030,0.855,0.115
558000,0.030,0.711,0.259
558500,0.030,0.694,0.276
559000,0.030,0.626,0.344
559500,0.030,0.841,0.129
560000,0.030,0.703,0.267
560500,0.030,0.657,0.313
561000,0.030,0.815,0.155
561500,0.030,0.807,0.163
562000,0.030,0.672,0.298
562500,0.030,0.649,0.321
563000,0.030,0.647,0.323
563500,0.030,0.756,0.214
564000,0.030,0.885,0.085
564500,0.030,0.747,0.223
565000,0.030,0.924,0.046
565500,0.030,0.896,0.074
566000,0.030,0.796,0.174
566500,0.030,0.800,0.170
567000,0.030,0.760,0.210
567500,0.030,0.889,0.081
568000,0.030,0.676,0.294
568500,0.030,0.795,0.175
569000,0.030,0.831,0.139
569500,0.030,0.842,0.128
570000,0.030,0.761,0.209
570500,0.030,0.768,0.202
571000,0.030,0.708,0.262
571500,0.030,0.818,0.152
572000,0.030,0.767,0.203
572500,0.030,0.742,0.228
573000,0.030,0.721,0.249
573500,0.030,0.784,0.186
574000,0.030,0.716,0.254
574500,0.030,0.611,0.359
575000,0.030,0.709,0.261
575500,0.030,0.704,0.266
576000,0.030,0.762,0.208
576500,0.030,0.746,0.224
577000,0.030,0.701,0.269
577500,0.030,0.703,0.267
578000,0.030,0.816,0.154
578500,0.030,0.736,0.234
579000,0.030,0.731,0.239
579500,0.030,0.796,0.174
580000,0.030,0.782,0.188
580500,0.030,0.654,0.316
581000,0.030,0.789,0.181
581500,0.030,0.797,0.173
582000,0.030,0.771,0.199
582500,0.030,0.691,0.279
583000,0.030,0.784,0.186
583500,0.030,0.682,0.288
584000,0.030,0.643,0.327
584500,0.030,0.786,0.184
585000,0.030,0.832,0.138
585500,0.030,0.867,0.103
586000,0.030,0.720,0.250
586500,0.030,0.847,0.123
587000,0.030,0.859,0.111
587500,0.030,0.618,0.352
588000,0.030,0.784,0.186
588500,0.030,0.726,0.244
589000,0.030,0.873,0.097
589500,0.030,0.658,0.312
590000,0.030,0.810,0.160
590500,0.030,0.811,0.159
591000,0.030,0.625,0.345
591500,0.030,0.792,0.178
592000,0.030,0.811,0.159
592500,0.030,0.823,0.147
593000,0.030,0.725,0.245
593500,0.030,0.821,0.149
594000,0.030,0.822,0.148
594500,0.030,0.823,0.147
595000,0.030,0.729,0.241
595500,0.030,0.714,0.256
596000,0.030,0.575,0.395
596500,0.030,0.681,0.289
597000,0.030,0.813,0.157
597500,0.030,0.785,0.185
598000,0.030,0.804,0.166
598500,0.030,0.867,0.103
599000,0.030,0.869,0.101
599500,0.030,0.773,0.197
600000,0.030,0.751,0.219
600500,0.030,0.796,0.174
601000,0.030,0.708,0.262
601500,0.030,0.777,0.193
602000,0.030,0.768,0.202
602500,0.030,0.756,0.214
603000,0.030,0.751,0.219
603500,0.030,0.813,0.157
604000,0.030,0.821,0.149
604500,0.030,0.661,0.309
605000,0.030,0.669,0.301
605500,0.030,0.531,0.439
606000,0.030,0.741,0.229
606500,0.030,0.718,0.252
607000,0.030,0.620,0.350
607500,0.030,0.670,0.300
608000,0.030,0.782,0.188
608500,0.030,0.781,0.189
609000,0.030,0.808,0.162
609500,0.030,0.807,0.163
610000,0.030,0.873,0.097
610500,0.030,0.798,0.172
611000,0.030,0.853,0.117
611500,0.030,0.748,0.222
612000,0.030,0.725,0.245
612500,0.030,0.713,0.257
613000,0.030,0.836,0.134
613500,0.030,0.871,0.099
614000,0.030,0.821,0.149
614500,0.030,0.721,0.249
615000,0.030,0.703,0.267
615500,0.030,0.858,0.112
616000,0.030,0.864,0.106
616500,0.030,0.712,0.258
617000,0.030,0.755,0.215
617500,0.030,0.839,0.131
618000,0.030,0.690,0.280
618500,0.030,0.741,0.229
619000,0.030,0.794,0.176
619500,0.030,0.783,0.187
620000,0.030,0.761,0.209
620500,0.030,0.701,0.269
621000,0.030,0.743,0.227
621500,0.030,0.780,0.190
622000,0.030,0.894,0.076
622500,0.030,0.898,0.072
623000,0.030,0.868,0.102
623500,0.030,0.769,0.201
624000,0.030,0.848,0.122
624500,0.030,0.764,0.206
625000,0.030,0.845,0.125
625500,0.030,0.748,0.222
626000,0.030,0.706,0.264
626500,0.030,0.787,0.183
627000,0.030,0.780,0.190
627500,0.030,0.713,0.257
628000,0.030,0.664,0.306
628500,0.030,0.789,0.181
629000,0.030,0.764,0.206
629500,0.030,0.514,0.456
630000,0.030,0.738,0.232
630500,0.030,0.804,0.166
631000,0.030,0.842,0.128
631500,0.030,0.808,0.162
632000,0.030,0.773,0.197
632500,0.030,0.870,0.100
633000,0.030,0.801,0.169
633500,0.030,0.768,0.202
634000,0.030,0.823,0.147
634500,0.030,0.683,0.287
635000,0.030,0.816,0.154
635500,0.030,0.772,0.198
636000,0.030,0.765,0.205
636500,0.030,0.768,0.202
637000,0.030,0.890,0.080
637500,0.030,0.708,0.262
638000,0.030,0.662,0.308
638500,0.030,0.772,0.198
639000,0.030,0.771,0.199
639500,0.030,0.690,0.280
640000,0.030,0.835,0.135
640500,0.030,0.744,0.226
641000,0.030,0.812,0.158
641500,0.030,0.798,0.172
642000,0.030,0.667,0.303
642500,0.030,0.797,0.173
643000,0.030,0.716,0.254
643500,0.030,0.785,0.185
644000,0.030,0.735,0.235
644500,0.030,0.732,0.238
645000,0.030,0.799,0.171
645500,0.030,0.689,0.281
646000,0.030,0.766,0.204
646500,0.030,0.781,0.189
647000,0.030,0.817,0.153
647500,0.030,0.843,0.127
648000,0.030,0.699,0.271
648500,0.030,0.775,0.195
649000,0.030,0.619,0.351
649500,0.030,0.774,0.196
650000,0.030,0.718,0.252
650500,0.030,0.707,0.263
651000,0.030,0.681,0.289
651500,0.030,0.686,0.284
652000,0.030,0.680,0.290
652500,0.030,0.749,0.221
653000,0.030,0.688,0.282
653500,0.030,0.866,0.104
654000,0.030,0.869,0.101
654500,0.030,0.669,0.301
655000,0.030,0.851,0.119
655500,0.030,0.896,0.074
656000,0.030,0.846,0.124
656500,0.030,0.774,0.196
657000,0.030,0.780,0.190
657500,0.030,0.743,0.227
658000,0.030,0.700,0.270
658500,0.030,0.765,0.205
659000,0.030,0.691,0.279
659500,0.030,0.821,0.149
660000,0.030,0.923,0.047
660500,0.030,0.713,0.257
661000,0.030,0.774,0.196
661500,0.030,0.769,0.201
662000,0.030,0.785,0.185
662500,0.030,0.926,0.044
663000,0.030,0.875,0.095
663500,0.030,0.813,0.157
664000,0.030,0.829,0.141
664500,0.030,0.841,0.129
665000,0.030,0.688,0.282
665500,0.030,0.684,0.286
666000,0.030,0.664,0.306
666500,0.030,0.628,0.342
667000,0.030,0.897,0.073
667500,0.030,0.822,0.148
668000,0.030,0.762,0.208
668500,0.030,0.712,0.258
669000,0.030,0.788,0.182
669500,0.030,0.836,0.134
670000,0.030,0.853,0.117
670500,0.030,0.862,0.108
671000,0.030,0.743,0.227
671500,0.030,0.649,0.321
672000,0.030,0.726,0.244
672500,0.030,0.895,0.075
673000,0.030,0.745,0.225
673500,0.030,0.747,0.223
674000,0.030,0.838,0.132
674500,0.030,0.687,0.283
675000,0.030,0.762,0.208
675500,0.030,0.793,0.177
676000,0.030,0.750,0.220
676500,0.030,0.788,0.182
677000,0.030,0.805,0.165
677500,0.030,0.820,0.150
678000,0.030,0.758,0.212
678500,0.030,0.770,0.200
679000,0.030,0.717,0.253
679500,0.030,0.766,0.204
680000,0.030,0.771,0.199
680500,0.030,0.722,0.248
681000,0.030,0.822,0.148
681500,0.030,0.843,0.127
682000,0.030,0.842,0.128
682500,0.030,0.900,0.070
683000,0.030,0.780,0.190
683500,0.030,0.715,0.255
684000,0.030,0.787,0.183
684500,0.030,0.789,0.181
685000,0.030,0.879,0.091
685500,0.030,0.712,0.258
686000,0.030,0.740,0.230
686500,0.030,0.653,0.317
687000,0.030,0.837,0.133
687500,0.030,0.690,0.280
688000,0.030,0.771,0.199
688500,0.030,0.729,0.241
689000,0.030,0.646,0.324
689500,0.030,0.642,0.328
690000,0.030,0.669,0.301
690500,0.030,0.613,0.357
691000,0.030,0.622,0.348
691500,0.030,0.658,0.312
692000,0.030,0.775,0.195
692500,0.030,0.800,0.170
693000,0.030,0.760,0.210
693500,0.030,0.703,0.267
694000,0.030,0.822,0.148
694500,0.030,0.745,0.225
695000,0.030,0.852,0.118
695500,0.030,0.734,0.236
696000,0.030,0.746,0.224
696500,0.030,0.687,0.283
697000,0.030,0.691,0.279
697500,0.030,0.685,0.285
698000,0.030,0.712,0.258
698500,0.030,0.811,0.159
699000,0.030,0.836,0.134
699500,0.030,0.883,0.087
700000,0.030,0.807,0.163
700500,0.030,0.771,0.199
701000,0.030,0.839,0.131
701500,0.030,0.860,0.110
702000,0.030,0.869,0.101
702500,0.030,0.845,0.125
703000,0.030,0.890,0.080
703500,0.030,0.863,0.107
704000,0.030,0.895,0.075
704500,0.030,0.834,0.136
705000,0.030,0.780,0.190
705500,0.030,0.900,0.070
706000,0.030,0.906,0.064
706500,0.030,0.735,0.235
707000,0.030,0.680,0.290
707500,0.030,0.763,0.207
708000,0.030,0.791,0.179
708500,0.030,0.820,0.150
709000,0.030,0.736,0.234
709500,0.030,0.833,0.137
710000,0.030,0.797,0.173
710500,0.030,0.665,0.305
711000,0.030,0.819,0.151
711500,0.030,0.794,0.176
712000,0.030,0.709,0.261
712500,0.030,0.753,0.217
713000,0.030,0.747,0.223
713500,0.030,0.781,0.189
714000,0.030,0.689,0.281
714500,0.030,0.654,0.316
715000,0.030,0.799,0.171
715500,0.030,0.712,0.258
716000,0.030,0.837,0.133
716500,0.030,0.775,0.195
717000,0.030,0.770,0.200
717500,0.030,0.877,0.093
718000,0.030,0.885,0.085
718500,0.030,0.868,0.102
719000,0.030,0.733,0.237
719500,0.030,0.685,0.285
720000,0.030,0.837,0.133
720500,0.030,0.771,0.199
721000,0.030,0.832,0.138
721500,0.030,0.863,0.107
722000,0.030,0.738,0.232
722500,0.030,0.721,0.249
723000,0.030,0.617,0.353
723500,0.030,0.808,0.162
724000,0.030,0.816,0.154
724500,0.030,0.826,0.144
725000,0.030,0.699,0.271
725500,0.030,0.847,0.123
726000,0.030,0.803,0.167
726500,0.030,0.622,0.348
727000,0.030,0.768,0.202
727500,0.030,0.795,0.175
728000,0.030,0.717,0.253
728500,0.030,0.841,0.129
729000,0.030,0.688,0.282
729500,0.030,0.775,0.195
730000,0.030,0.764,0.206
730500,0.030,0.704,0.266
731000,0.030,0.857,0.113
731500,0.030,0.801,0.169
732000,0.030,0.854,0.116
732500,0.030,0.715,0.255
733000,0.030,0.775,0.195
733500,0.030,0.717,0.253
734000,0.030,0.789,0.181
734500,0.030,0.799,0.171
735000,0.030,0.705,0.265
735500,0.030,0.708,0.262
736000,0.030,0.746,0.224
736500,0.030,0.830,0.140
737000,0.030,0.704,0.266
737500,0.030,0.630,0.340
738000,0.030,0.723,0.247
738500,0.030,0.728,0.242
739000,0.030,0.817,0.153
739500,0.030,0.892,0.078
740000,0.030,0.776,0.194
740500,0.030,0.663,0.307
741000,0.030,0.800,0.170
741500,0.030,0.779,0.191
742000,0.030,0.854,0.116
742500,0.030,0.872,0.098
743000,0.030,0.849,0.121
743500,0.030,0.790,0.180
744000,0.030,0.878,0.092
744500,0.030,0.768,0.202
745000,0.030,0.700,0.270
745500,0.030,0.614,0.356
746000,0.030,0.716,0.254
746500,0.030,0.749,0.221
747000,0.030,0.882,0.088
747500,0.030,0.728,0.242
748000,0.030,0.823,0.147
748500,0.030,0.780,0.190
749000,0.030,0.822,0.148
749500,0.030,0.761,0.209
750000,0.030,0.758,0.212
750500,0.030,0.721,0.249
751000,0.030,0.852,0.118
751500,0.030,0.713,0.257
752000,0.030,0.843,0.127
752500,0.030,0.841,0.129
753000,0.030,0.783,0.187
753500,0.030,0.818,0.152
754000,0.030,0.801,0.169
754500,0.030,0.831,0.139
755000,0.030,0.871,0.099
755500,0.030,0.787,0.183
756000,0.030,0.683,0.287
756500,0.030,0.824,0.146
757000,0.030,0.862,0.108
757500,0.030,0.791,0.179
758000,0.030,0.691,0.279
758500,0.030,0.737,0.233
759000,0.030,0.577,0.393
759500,0.030,0.716,0.254
760000,0.030,0.781,0.189
760500,0.030,0.747,0.223
761000,0.030,0.660,0.310
761500,0.030,0.854,0.116
762000,0.030,0.837,0.133
762500,0.030,0.715,0.255
763000,0.030,0.852,0.118
763500,0.030,0.699,0.271
764000,0.030,0.825,0.145
764500,0.030,0.796,0.174
765000,0.030,0.754,0.216
765500,0.030,0.748,0.222
766000,0.030,0.773,0.197
766500,0.030,0.881,0.089
767000,0.030,0.826,0.144
767500,0.030,0.809,0.161
768000,0.030,0.727,0.243
768500,0.030,0.792,0.178
769000,0.030,0.818,0.152
769500,0.030,0.847,0.123
770000,0.030,0.788,0.182
770500,0.030,0.707,0.263
771000,0.030,0.747,0.223
771500,0.030,0.714,0.256
772000,0.030,0.812,0.158
772500,0.030,0.893,0.077
773000,0.030,0.922,0.048
773500,0.030,0.698,0.272
774000,0.030,0.724,0.246
774500,0.030,0.727,0.243
775000,0.030,0.803,0.167
775500,0.030,0.832,0.138
776000,0.030,0.802,0.168
776500,0.030,0.740,0.230
777000,0.030,0.805,0.165
777500,0.030,0.772,0.198
778000,0.030,0.875,0.095
778500,0.030,0.871,0.099
779000,0.030,0.890,0.080
779500,0.030,0.798,0.172
780000,0.030,0.710,0.260
780500,0.030,0.848,0.122
781000,0.030,0.726,0.244
781500,0.030,0.799,0.171
782000,0.030,0.803,0.167
782500,0.030,0.752,0.218
783000,0.030,0.825,0.145
783500,0.030,0.757,0.213
784000,0.030,0.773,0.197
784500,0.030,0.656,0.314
785000,0.030,0.832,0.138
785500,0.030,0.709,0.261
786000,0.030,0.800,0.170
786500,0.030,0.819,0.151
787000,0.030,0.716,0.254
787500,0.030,0.808,0.162
788000,0.030,0.684,0.286
788500,0.030,0.783,0.187
789000,0.030,0.675,0.295
789500,0.030,0.779,0.191
790000,0.030,0.735,0.235
790500,0.030,0.756,0.214
791000,0.030,0.739,0.231
791500,0.030,0.828,0.142
792000,0.030,0.615,0.355
792500,0.030,0.720,0.250
793000,0.030,0.782,0.188
793500,0.030,0.734,0.236
794000,0.030,0.732,0.238
794500,0.030,0.802,0.168
795000,0.030,0.851,0.119
795500,0.030,0.825,0.145
796000,0.030,0.757,0.213
796500,0.030,0.730,0.240
797000,0.030,0.844,0.126
797500,0.030,0.793,0.177
798000,0.030,0.748,0.222
798500,0.030,0.680,0.290
799000,0.030,0.635,0.335
799500,0.030,0.780,0.190
800000,0.030,0.765,0.205
800500,0.030,0.784,0.186
801000,0.030,0.712,0.258
801500,0.030,0.712,0.258
802000,0.030,0.689,0.281
802500,0.030,0.786,0.184
803000,0.030,0.558,0.412
803500,0.030,0.719,0.251
804000,0.030,0.649,0.321
804500,0.030,0.650,0.320
805000,0.030,0.771,0.199
805500,0.030,0.652,0.318
806000,0.030,0.702,0.268
806500,0.030,0.869,0.101
807000,0.030,0.789,0.181
807500,0.030,0.837,0.133
808000,0.030,0.850,0.120
808500,0.030,0.816,0.154
809000,0.030,0.718,0.252
809500,0.030,0.855,0.115
810000,0.030,0.879,0.091
810500,0.030,0.818,0.152
811000,0.030,0.899,0.071
811500,0.030,0.843,0.127
812000,0.030,0.749,0.221
812500,0.030,0.771,0.199
813000,0.030,0.895,0.075
813500,0.030,0.819,0.151
814000,0.030,0.728,0.242
814500,0.030,0.791,0.179
815000,0.030,0.679,0.291
815500,0.030,0.873,0.097
816000,0.030,0.863,0.107
816500,0.030,0.905,0.065
817000,0.030,0.915,0.055
817500,0.030,0.839,0.131
818000,0.030,0.589,0.381
818500,0.030,0.831,0.139
819000,0.030,0.822,0.148
819500,0.030,0.779,0.191
820000,0.030,0.862,0.108
820500,0.030,0.898,0.072
821000,0.030,0.740,0.230
821500,0.030,0.764,0.206
822000,0.030,0.560,0.410
822500,0.030,0.722,0.248
823000,0.030,0.639,0.331
823500,0.030,0.810,0.160
824000,0.030,0.815,0.155
824500,0.030,0.872,0.098
825000,0.030,0.814,0.156
825500,0.030,0.866,0.104
826000,0.030,0.875,0.095
826500,0.030,0.737,0.233
827000,0.030,0.711,0.259
827500,0.030,0.629,0.341
828000,0.030,0.787,0.183
828500,0.030,0.805,0.165
829000,0.030,0.738,0.232
829500,0.030,0.694,0.276
830000,0.030,0.656,0.314
830500,0.030,0.675,0.295
831000,0.030,0.598,0.372
831500,0.030,0.871,0.099
832000,0.030,0.904,0.066
832500,0.030,0.720,0.250
833000,0.030,0.741,0.229
833500,0.030,0.693,0.277
834000,0.030,0.726,0.244
834500,0.030,0.852,0.118
835000,0.030,0.871,0.099
835500,0.030,0.859,0.111
836000,0.030,0.758,0.212
836500,0.030,0.842,0.128
837000,0.030,0.751,0.219
837500,0.030,0.831,0.139
838000,0.030,0.749,0.221
838500,0.030,0.849,0.121
839000,0.030,0.723,0.247
839500,0.030,0.681,0.289
840000,0.030,0.686,0.284
840500,0.030,0.805,0.165
841000,0.030,0.683,0.287
841500,0.030,0.721,0.249
842000,0.030,0.804,0.166
842500,0.030,0.820,0.150
843000,0.030,0.626,0.344
843500,0.030,0.843,0.127
844000,0.030,0.860,0.110
844500,0.030,0.868,0.102
845000,0.030,0.889,0.081
845500,0.030,0.760,0.210
846000,0.030,0.797,0.173
846500,0.030,0.746,0.224
847000,0.030,0.689,0.281
847500,0.030,0.852,0.118
848000,0.030,0.749,0.221
848500,0.030,0.692,0.278
849000,0.030,0.875,0.095
849500,0.030,0.677,0.293
850000,0.030,0.894,0.076
850500,0.030,0.919,0.051
851000,0.030,0.790,0.180
851500,0.030,0.681,0.289
852000,0.030,0.653,0.317
852500,0.030,0.719,0.251
853000,0.030,0.887,0.083
853500,0.030,0.874,0.096
854000,0.030,0.843,0.127
854500,0.030,0.765,0.205
855000,0.030,0.741,0.229
855500,0.030,0.875,0.095
856000,0.030,0.783,0.187
856500,0.030,0.773,0.197
857000,0.030,0.839,0.131
857500,0.030,0.740,0.230
858000,0.030,0.660,0.310
858500,0.030,0.825,0.145
859000,0.030,0.894,0.076
859500,0.030,0.840,0.130
860000,0.030,0.824,0.146
860500,0.030,0.866,0.104
861000,0.030,0.799,0.171
861500,0.030,0.833,0.137
862000,0.030,0.783,0.187
862500,0.030,0.791,0.179
863000,0.030,0.733,0.237
863500,0.030,0.731,0.239
864000,0.030,0.840,0.130
864500,0.030,0.874,0.096
865000,0.030,0.736,0.234
865500,0.030,0.763,0.207
866000,0.030,0.876,0.094
866500,0.030,0.776,0.194
867000,0.030,0.817,0.153
867500,0.030,0.756,0.214
868000,0.030,0.758,0.212
868500,0.030,0.684,0.286
869000,0.030,0.607,0.363
869500,0.030,0.762,0.208
870000,0.030,0.730,0.240
870500,0.030,0.705,0.265
871000,0.030,0.794,0.176
871500,0.030,0.775,0.195
872000,0.030,0.870,0.100
872500,0.030,0.777,0.193
873000,0.030,0.762,0.208
873500,0.030,0.787,0.183
874000,0.030,0.713,0.257
874500,0.030,0.796,0.174
875000,0.030,0.773,0.197
875500,0.030,0.700,0.270
876000,0.030,0.677,0.293
876500,0.030,0.899,0.071
877000,0.030,0.716,0.254
877500,0.030,0.707,0.263
878000,0.030,0.619,0.351
878500,0.030,0.790,0.180
879000,0.030,0.764,0.206
879500,0.030,0.806,0.164
880000,0.030,0.689,0.281
880500,0.030,0.765,0.205
881000,0.030,0.786,0.184
881500,0.030,0.776,0.194
882000,0.030,0.824,0.146
882500,0.030,0.831,0.139
883000,0.030,0.827,0.143
883500,0.030,0.787,0.183
884000,0.030,0.874,0.096
884500,0.030,0.761,0.209
885000,0.030,0.813,0.157
885500,0.030,0.613,0.357
886000,0.030,0.732,0.238
886500,0.030,0.833,0.137
887000,0.030,0.888,0.082
887500,0.030,0.945,0.025
888000,0.030,0.838,0.132
888500,0.030,0.762,0.208
889000,0.030,0.771,0.199
889500,0.030,0.797,0.173
890000,0.030,0.747,0.223
890500,0.030,0.787,0.183
891000,0.030,0.949,0.021
891500,0.030,0.806,0.164
892000,0.030,0.706,0.264
892500,0.030,0.800,0.170
893000,0.030,0.752,0.218
893500,0.030,0.696,0.274
894000,0.030,0.814,0.156
894500,0.030,0.750,0.220
895000,0.030,0.911,0.059
895500,0.030,0.864,0.106
896000,0.030,0.718,0.252
896500,0.030,0.685,0.285
897000,0.030,0.737,0.233
897500,0.030,0.705,0.265
898000,0.030,0.650,0.320
898500,0.030,0.690,0.280
899000,0.030,0.773,0.197
899500,0.030,0.785,0.185
900000,0.030,0.813,0.157
900500,0.030,0.761,0.209
901000,0.030,0.790,0.180
901500,0.030,0.811,0.159
902000,0.030,0.843,0.127
902500,0.030,0.771,0.199
903000,0.030,0.898,0.072
903500,0.030,0.798,0.172
904000,0.030,0.773,0.197
904500,0.030,0.784,0.186
905000,0.030,0.689,0.281
905500,0.030,0.858,0.112
906000,0.030,0.662,0.308
906500,0.030,0.819,0.151
907000,0.030,0.623,0.347
907500,0.030,0.799,0.171
908000,0.030,0.617,0.353
908500,0.030,0.843,0.127
909000,0.030,0.779,0.191
909500,0.030,0.858,0.112
910000,0.030,0.839,0.131
910500,0.030,0.818,0.152
911000,0.030,0.788,0.182
911500,0.030,0.727,0.243
912000,0.030,0.837,0.133
912500,0.030,0.627,0.343
913000,0.030,0.627,0.343
913500,0.030,0.766,0.204
914000,0.030,0.885,0.085
914500,0.030,0.833,0.137
915000,0.030,0.672,0.298
915500,0.030,0.812,0.158
916000,0.030,0.871,0.099
916500,0.030,0.811,0.159
917000,0.030,0.723,0.247
917500,0.030,0.682,0.288
918000,0.030,0.857,0.113
918500,0.030,0.725,0.245
919000,0.030,0.788,0.182
919500,0.030,0.782,0.188
920000,0.030,0.742,0.228
920500,0.030,0.775,0.195
921000,0.030,0.769,0.201
921500,0.030,0.913,0.057
922000,0.030,0.690,0.280
922500,0.030,0.861,0.109
923000,0.030,0.868,0.102
923500,0.030,0.856,0.114
924000,0.030,0.759,0.211
924500,0.030,0.741,0.229
925000,0.030,0.693,0.277
925500,0.030,0.751,0.219
926000,0.030,0.687,0.283
926500,0.030,0.801,0.169
927000,0.030,0.736,0.234
927500,0.030,0.719,0.251
928000,0.030,0.811,0.159
928500,0.030,0.878,0.092
929000,0.030,0.791,0.179
929500,0.030,0.769,0.201
930000,0.030,0.736,0.234
930500,0.030,0.794,0.176
931000,0.030,0.638,0.332
931500,0.030,0.804,0.166
932000,0.030,0.698,0.272
932500,0.030,0.774,0.196
933000,0.030,0.817,0.153
933500,0.030,0.523,0.447
934000,0.030,0.827,0.143
934500,0.030,0.859,0.111
935000,0.030,0.824,0.146
935500,0.030,0.804,0.166
936000,0.030,0.747,0.223
936500,0.030,0.797,0.173
937000,0.030,0.770,0.200
937500,0.030,0.815,0.155
938000,0.030,0.863,0.107
938500,0.030,0.895,0.075
939000,0.030,0.801,0.169
939500,0.030,0.668,0.302
940000,0.030,0.812,0.158
940500,0.030,0.788,0.182
941000,0.030,0.843,0.127
941500,0.030,0.745,0.225
942000,0.030,0.786,0.184
942500,0.030,0.739,0.231
943000,0.030,0.756,0.214
943500,0.030,0.767,0.203
944000,0.030,0.592,0.378
944500,0.030,0.801,0.169
945000,0.030,0.745,0.225
945500,0.030,0.827,0.143
946000,0.030,0.722,0.248
946500,0.030,0.750,0.220
947000,0.030,0.596,0.374
947500,0.030,0.605,0.365
948000,0.030,0.830,0.140
948500,0.030,0.840,0.130
949000,0.030,0.838,0.132
949500,0.030,0.848,0.122
950000,0.030,0.827,0.143
950500,0.030,0.789,0.181
951000,0.030,0.799,0.171
951500,0.030,0.903,0.067
952000,0.030,0.762,0.208
952500,0.030,0.895,0.075
953000,0.030,0.801,0.169
953500,0.030,0.726,0.244
954000,0.030,0.798,0.172
954500,0.030,0.747,0.223
955000,0.030,0.789,0.181
955500,0.030,0.781,0.189
956000,0.030,0.798,0.172
956500,0.030,0.681,0.289
957000,0.030,0.766,0.204
957500,0.030,0.831,0.139
958000,0.030,0.786,0.184
958500,0.030,0.861,0.109
959000,0.030,0.841,0.129
959500,0.030,0.869,0.101
960000,0.030,0.694,0.276
960500,0.030,0.830,0.140
961000,0.030,0.832,0.138
961500,0.030,0.793,0.177
962000,0.030,0.786,0.184
962500,0.030,0.794,0.176
963000,0.030,0.760,0.210
963500,0.030,0.855,0.115
964000,0.030,0.748,0.222
964500,0.030,0.732,0.238
965000,0.030,0.720,0.250
965500,0.030,0.719,0.251
966000,0.030,0.631,0.339
966500,0.030,0.664,0.306
967000,0.030,0.808,0.162
967500,0.030,0.735,0.235
968000,0.030,0.698,0.272
968500,0.030,0.797,0.173
969000,0.030,0.778,0.192
969500,0.030,0.731,0.239
970000,0.030,0.825,0.145
970500,0.030,0.860,0.110
971000,0.030,0.821,0.149
971500,0.030,0.828,0.142
972000,0.030,0.763,0.207
972500,0.030,0.703,0.267
973000,0.030,0.796,0.174
973500,0.030,0.796,0.174
974000,0.030,0.898,0.072
974500,0.030,0.849,0.121
975000,0.030,0.770,0.200
975500,0.030,0.661,0.309
976000,0.030,0.737,0.233
976500,0.030,0.750,0.220
977000,0.030,0.795,0.175
977500,0.030,0.866,0.104
978000,0.030,0.839,0.131
978500,0.030,0.720,0.250
979000,0.030,0.755,0.215
979500,0.030,0.779,0.191
980000,0.030,0.788,0.182
980500,0.030,0.714,0.256
981000,0.030,0.610,0.360
981500,0.030,0.809,0.161
982000,0.030,0.745,0.225
982500,0.030,0.736,0.234
983000,0.030,0.880,0.090
983500,0.030,0.730,0.240
984000,0.030,0.757,0.213
984500,0.030,0.627,0.343
985000,0.030,0.718,0.252
985500,0.030,0.868,0.102
986000,0.030,0.828,0.142
986500,0.030,0.814,0.156
987000,0.030,0.748,0.222
987500,0.030,0.687,0.283
988000,0.030,0.803,0.167
988500,0.030,0.908,0.062
989000,0.030,0.874,0.096
989500,0.030,0.670,0.300
990000,0.030,0.809,0.161
990500,0.030,0.745,0.225
991000,0.030,0.720,0.250
991500,0.030,0.652,0.318
992000,0.030,0.852,0.118
992500,0.030,0.783,0.187
993000,0.030,0.783,0.187
993500,0.030,0.734,0.236
994000,0.030,0.752,0.218
994500,0.030,0.826,0.144
995000,0.030,0.746,0.224
995500,0.030,0.712,0.258
996000,0.030,0.667,0.303
996500,0.030,0.855,0.115
997000,0.030,0.769,0.201
997500,0.030,0.813,0.157
998000,0.030,0.774,0.196
998500,0.030,0.618,0.352
999000,0.030,0.701,0.269
999500,0.030,0.806,0.164
1000000,0.030,0.903,0.067
