time,n_A+p,n_B,n_AB
500,0.080,0.702,0.218
1000,0.080,0.462,0.458
1500,0.088,0.424,0.488
2000,0.091,0.302,0.607
2500,0.097,0.234,0.669
3000,0.114,0.231,0.655
3500,0.166,0.112,0.722
4000,0.425,0.027,0.548
4500,0.601,0.002,0.397
5000,0.804,0.000,0.196
5500,0.811,0.000,0.189
6000,0.799,0.000,0.201
6500,0.836,0.000,0.164
7000,0.825,0.000,0.175
7500,0.880,0.000,0.120
8000,0.880,0.000,0.120
8500,0.877,0.000,0.123
9000,0.902,0.000,0.098
9500,0.906,0.000,0.094
10000,0.895,0.000,0.105
10500,0.912,0.000,0.088
11000,0.900,0.000,0.100
11500,0.932,0.000,0.068
12000,0.939,0.000,0.061
12500,0.873,0.000,0.127
13000,0.812,0.000,0.188
13500,0.880,0.000,0.120
14000,0.889,0.000,0.111
14500,0.906,0.000,0.094
15000,0.875,0.000,0.125
15500,0.851,0.000,0.149
16000,0.883,0.000,0.117
16500,0.929,0.000,0.071
17000,0.929,0.000,0.071
17500,0.893,0.000,0.107
18000,0.903,0.000,0.097
18500,0.893,0.000,0.107
19000,0.864,0.000,0.136
19500,0.885,0.000,0.115
20000,0.873,0.000,0.127
20500,0.867,0.000,0.133
21000,0.833,0.000,0.167
21500,0.861,0.000,0.139
22000,0.932,0.000,0.068
22500,0.939,0.000,0.061
23000,0.941,0.000,0.059
23500,0.944,0.000,0.056
24000,0.964,0.000,0.036
24500,0.982,0.000,0.018
25000,0.997,0.000,0.003
25500,0.999,0.000,0.001
26000,1.000,0.000,0.000
