time,n_A+p,n_B,n_AB
500,0.010,0.986,0.004
1000,0.010,0.974,0.016
1500,0.010,0.955,0.035
2000,0.010,0.938,0.052
2500,0.010,0.916,0.074
3000,0.010,0.883,0.107
3500,0.010,0.837,0.153
4000,0.010,0.797,0.193
4500,0.011,0.739,0.250
5000,0.010,0.695,0.295
5500,0.010,0.626,0.364
6000,0.011,0.575,0.414
6500,0.013,0.495,0.492
7000,0.015,0.441,0.544
7500,0.019,0.380,0.601
8000,0.019,0.354,0.627
8500,0.021,0.308,0.670
9000,0.024,0.271,0.706
9500,0.035,0.231,0.734
10000,0.038,0.218,0.743
10500,0.053,0.179,0.768
11000,0.069,0.151,0.780
11500,0.077,0.160,0.763
12000,0.077,0.152,0.770
12500,0.081,0.143,0.776
13000,0.082,0.146,0.772
13500,0.088,0.143,0.769
14000,0.109,0.133,0.758
14500,0.112,0.119,0.769
15000,0.101,0.111,0.789
15500,0.104,0.117,0.779
16000,0.106,0.108,0.786
16500,0.099,0.116,0.785
17000,0.110,0.109,0.781
17500,0.098,0.118,0.784
18000,0.096,0.112,0.792
18500,0.108,0.099,0.793
19000,0.115,0.093,0.792
19500,0.119,0.096,0.785
20000,0.111,0.090,0.799
20500,0.106,0.087,0.806
21000,0.118,0.086,0.795
21500,0.110,0.097,0.793
22000,0.115,0.090,0.795
22500,0.117,0.106,0.777
23000,0.115,0.106,0.778
23500,0.117,0.098,0.786
24000,0.117,0.085,0.798
24500,0.105,0.080,0.815
25000,0.102,0.093,0.804
25500,0.108,0.094,0.797
26000,0.124,0.089,0.786
26500,0.117,0.096,0.787
27000,0.113,0.089,0.798
27500,0.123,0.093,0.784
28000,0.132,0.086,0.783
28500,0.130,0.092,0.778
29000,0.117,0.077,0.806
29500,0.116,0.087,0.797
30000,0.112,0.105,0.783
30500,0.122,0.100,0.778
31000,0.117,0.096,0.787
31500,0.104,0.098,0.798
32000,0.107,0.096,0.797
32500,0.114,0.082,0.804
33000,0.100,0.088,0.812
33500,0.104,0.097,0.799
34000,0.105,0.101,0.794
34500,0.115,0.116,0.769
35000,0.108,0.104,0.787
35500,0.115,0.102,0.783
36000,0.115,0.095,0.790
36500,0.112,0.102,0.786
37000,0.102,0.110,0.788
37500,0.091,0.111,0.797
38000,0.101,0.104,0.795
38500,0.102,0.086,0.812
39000,0.114,0.099,0.787
39500,0.118,0.105,0.776
40000,0.113,0.091,0.796
40500,0.131,0.092,0.777
41000,0.128,0.100,0.772
41500,0.146,0.105,0.749
42000,0.136,0.099,0.766
42500,0.117,0.096,0.787
43000,0.113,0.087,0.799
43500,0.118,0.083,0.799
44000,0.113,0.090,0.797
44500,0.109,0.090,0.801
45000,0.121,0.087,0.792
45500,0.113,0.085,0.802
46000,0.111,0.090,0.798
46500,0.116,0.076,0.808
47000,0.129,0.060,0.811
47500,0.142,0.067,0.791
48000,0.151,0.064,0.785
48500,0.136,0.061,0.802
49000,0.136,0.068,0.796
49500,0.138,0.074,0.787
50000,0.138,0.071,0.790
50500,0.135,0.075,0.790
51000,0.143,0.081,0.776
51500,0.146,0.074,0.779
52000,0.145,0.068,0.787
52500,0.142,0.069,0.789
53000,0.152,0.069,0.778
53500,0.148,0.083,0.769
54000,0.144,0.073,0.782
54500,0.120,0.084,0.796
55000,0.110,0.093,0.797
55500,0.102,0.089,0.809
56000,0.091,0.086,0.823
56500,0.107,0.092,0.801
57000,0.105,0.082,0.812
57500,0.105,0.076,0.818
58000,0.106,0.080,0.814
58500,0.113,0.088,0.798
59000,0.107,0.092,0.800
59500,0.103,0.093,0.803
60000,0.106,0.090,0.803
60500,0.110,0.100,0.790
61000,0.114,0.106,0.780
61500,0.105,0.103,0.791
62000,0.091,0.115,0.794
62500,0.092,0.109,0.799
63000,0.105,0.101,0.794
63500,0.104,0.117,0.779
64000,0.103,0.114,0.782
64500,0.118,0.108,0.773
65000,0.117,0.108,0.775
65500,0.117,0.105,0.777
66000,0.118,0.090,0.791
66500,0.117,0.092,0.791
67000,0.122,0.084,0.794
67500,0.123,0.086,0.791
68000,0.103,0.095,0.802
68500,0.094,0.107,0.798
69000,0.104,0.109,0.787
69500,0.099,0.120,0.781
70000,0.102,0.113,0.785
70500,0.106,0.092,0.801
71000,0.107,0.092,0.800
71500,0.109,0.084,0.807
72000,0.117,0.083,0.801
72500,0.121,0.081,0.798
73000,0.122,0.078,0.799
73500,0.130,0.086,0.783
74000,0.129,0.098,0.773
74500,0.127,0.088,0.784
75000,0.132,0.085,0.784
75500,0.131,0.073,0.796
76000,0.136,0.074,0.790
76500,0.140,0.084,0.777
77000,0.140,0.071,0.790
77500,0.120,0.068,0.812
78000,0.139,0.076,0.785
78500,0.149,0.078,0.773
79000,0.151,0.075,0.773
79500,0.143,0.070,0.787
80000,0.145,0.067,0.788
80500,0.128,0.074,0.798
81000,0.140,0.086,0.775
81500,0.131,0.080,0.790
82000,0.130,0.100,0.771
82500,0.120,0.089,0.791
83000,0.130,0.073,0.797
83500,0.127,0.070,0.803
84000,0.108,0.076,0.815
84500,0.116,0.079,0.805
85000,0.119,0.091,0.789
85500,0.120,0.086,0.793
86000,0.114,0.086,0.800
86500,0.122,0.084,0.794
87000,0.119,0.090,0.791
87500,0.136,0.077,0.787
88000,0.139,0.076,0.785
88500,0.136,0.088,0.777
89000,0.135,0.072,0.793
89500,0.127,0.075,0.798
90000,0.118,0.075,0.806
90500,0.119,0.078,0.803
91000,0.106,0.074,0.820
91500,0.116,0.086,0.798
92000,0.116,0.086,0.798
92500,0.110,0.096,0.795
93000,0.102,0.104,0.794
93500,0.109,0.106,0.784
94000,0.119,0.095,0.786
94500,0.131,0.097,0.772
95000,0.120,0.086,0.793
95500,0.116,0.095,0.789
96000,0.143,0.083,0.774
96500,0.137,0.083,0.780
97000,0.133,0.080,0.787
97500,0.127,0.083,0.791
98000,0.115,0.079,0.806
98500,0.136,0.075,0.789
99000,0.117,0.069,0.814
99500,0.126,0.070,0.805
100000,0.135,0.067,0.798
100500,0.133,0.070,0.797
101000,0.137,0.068,0.795
101500,0.127,0.070,0.804
102000,0.124,0.077,0.798
102500,0.127,0.082,0.792
103000,0.128,0.073,0.799
103500,0.121,0.088,0.790
104000,0.117,0.082,0.801
104500,0.113,0.082,0.805
105000,0.106,0.091,0.802
105500,0.089,0.100,0.811
106000,0.086,0.099,0.815
106500,0.093,0.091,0.816
107000,0.104,0.080,0.817
107500,0.103,0.089,0.807
108000,0.113,0.082,0.805
108500,0.120,0.089,0.791
109000,0.108,0.103,0.789
109500,0.110,0.105,0.785
110000,0.116,0.107,0.777
110500,0.117,0.109,0.774
111000,0.114,0.099,0.787
111500,0.108,0.084,0.807
112000,0.121,0.095,0.784
112500,0.106,0.098,0.796
113000,0.087,0.095,0.818
113500,0.099,0.091,0.810
114000,0.108,0.092,0.799
114500,0.106,0.082,0.812
115000,0.114,0.101,0.786
115500,0.126,0.105,0.770
116000,0.115,0.107,0.778
116500,0.102,0.113,0.785
117000,0.099,0.119,0.782
117500,0.100,0.117,0.783
118000,0.101,0.103,0.796
118500,0.093,0.102,0.805
119000,0.097,0.092,0.810
119500,0.105,0.087,0.807
120000,0.116,0.103,0.781
120500,0.118,0.100,0.782
121000,0.125,0.087,0.788
121500,0.119,0.087,0.793
122000,0.134,0.096,0.770
122500,0.112,0.103,0.785
123000,0.112,0.095,0.794
123500,0.109,0.078,0.813
124000,0.111,0.084,0.805
124500,0.112,0.090,0.797
125000,0.098,0.099,0.804
125500,0.105,0.101,0.793
126000,0.109,0.110,0.781
126500,0.104,0.102,0.793
127000,0.106,0.107,0.786
127500,0.107,0.097,0.796
128000,0.102,0.097,0.801
128500,0.105,0.087,0.807
129000,0.110,0.093,0.797
129500,0.123,0.088,0.789
130000,0.112,0.090,0.798
130500,0.097,0.086,0.818
131000,0.108,0.093,0.798
131500,0.104,0.098,0.798
132000,0.105,0.087,0.807
132500,0.093,0.082,0.825
133000,0.091,0.091,0.818
133500,0.096,0.095,0.809
134000,0.102,0.086,0.813
134500,0.097,0.086,0.817
135000,0.084,0.095,0.821
135500,0.091,0.098,0.811
136000,0.099,0.104,0.797
136500,0.096,0.106,0.798
137000,0.108,0.095,0.797
137500,0.118,0.085,0.797
138000,0.141,0.083,0.776
138500,0.130,0.082,0.789
139000,0.135,0.078,0.787
139500,0.117,0.079,0.805
140000,0.122,0.066,0.812
140500,0.149,0.066,0.785
141000,0.149,0.069,0.782
141500,0.139,0.064,0.797
142000,0.136,0.070,0.794
142500,0.126,0.078,0.796
143000,0.120,0.072,0.807
143500,0.119,0.067,0.814
144000,0.125,0.083,0.792
144500,0.111,0.093,0.796
145000,0.111,0.089,0.800
145500,0.112,0.082,0.807
146000,0.100,0.069,0.832
146500,0.107,0.070,0.822
147000,0.121,0.082,0.797
147500,0.111,0.083,0.807
148000,0.111,0.081,0.808
148500,0.136,0.082,0.783
149000,0.147,0.085,0.768
149500,0.139,0.099,0.762
150000,0.127,0.108,0.764
150500,0.120,0.107,0.772
151000,0.111,0.106,0.782
151500,0.117,0.092,0.791
152000,0.120,0.079,0.800
152500,0.117,0.092,0.790
153000,0.114,0.089,0.797
153500,0.102,0.102,0.796
154000,0.111,0.110,0.779
154500,0.105,0.097,0.797
155000,0.100,0.086,0.814
155500,0.112,0.096,0.792
156000,0.112,0.101,0.787
156500,0.117,0.079,0.805
157000,0.136,0.078,0.786
157500,0.148,0.086,0.766
158000,0.138,0.072,0.789
158500,0.136,0.070,0.794
159000,0.150,0.076,0.774
159500,0.148,0.070,0.781
160000,0.146,0.070,0.784
160500,0.145,0.084,0.771
161000,0.141,0.077,0.781
161500,0.132,0.077,0.791
162000,0.130,0.079,0.792
162500,0.138,0.083,0.779
163000,0.136,0.079,0.786
163500,0.126,0.083,0.791
164000,0.125,0.096,0.779
164500,0.145,0.087,0.768
165000,0.159,0.098,0.744
165500,0.143,0.095,0.762
166000,0.131,0.092,0.777
166500,0.129,0.086,0.785
167000,0.131,0.082,0.787
167500,0.124,0.086,0.790
168000,0.122,0.089,0.788
168500,0.115,0.083,0.802
169000,0.107,0.083,0.810
169500,0.116,0.088,0.796
170000,0.113,0.074,0.813
170500,0.104,0.078,0.818
171000,0.110,0.092,0.797
171500,0.101,0.106,0.793
172000,0.111,0.107,0.782
172500,0.116,0.098,0.786
173000,0.119,0.082,0.799
173500,0.117,0.076,0.807
174000,0.126,0.072,0.801
174500,0.110,0.067,0.823
175000,0.111,0.092,0.797
175500,0.102,0.092,0.806
176000,0.103,0.095,0.802
176500,0.115,0.099,0.786
177000,0.114,0.092,0.794
177500,0.114,0.081,0.805
178000,0.116,0.080,0.804
178500,0.118,0.090,0.791
179000,0.117,0.102,0.780
179500,0.104,0.103,0.793
180000,0.105,0.087,0.807
180500,0.115,0.073,0.811
181000,0.117,0.083,0.800
181500,0.137,0.092,0.771
182000,0.130,0.113,0.757
182500,0.117,0.103,0.780
183000,0.108,0.090,0.802
183500,0.101,0.082,0.817
184000,0.115,0.093,0.792
184500,0.128,0.089,0.784
185000,0.128,0.080,0.792
185500,0.137,0.075,0.788
186000,0.142,0.075,0.783
186500,0.139,0.079,0.782
187000,0.129,0.077,0.793
187500,0.127,0.080,0.794
188000,0.135,0.075,0.790
188500,0.130,0.075,0.795
189000,0.151,0.067,0.782
189500,0.149,0.078,0.773
190000,0.143,0.070,0.786
190500,0.150,0.066,0.784
191000,0.133,0.074,0.793
191500,0.138,0.079,0.784
192000,0.135,0.082,0.784
192500,0.127,0.089,0.783
193000,0.117,0.101,0.782
193500,0.113,0.098,0.790
194000,0.114,0.093,0.793
194500,0.124,0.095,0.781
195000,0.118,0.104,0.778
195500,0.136,0.093,0.771
196000,0.135,0.085,0.781
196500,0.125,0.087,0.788
197000,0.133,0.084,0.783
197500,0.107,0.101,0.791
198000,0.114,0.090,0.795
198500,0.103,0.077,0.820
199000,0.114,0.073,0.813
199500,0.111,0.084,0.806
200000,0.111,0.075,0.814
200500,0.118,0.087,0.795
201000,0.118,0.093,0.788
201500,0.117,0.099,0.784
202000,0.121,0.091,0.788
202500,0.138,0.095,0.768
203000,0.135,0.099,0.766
203500,0.116,0.098,0.786
204000,0.113,0.106,0.781
204500,0.114,0.092,0.793
205000,0.123,0.091,0.786
205500,0.112,0.079,0.809
206000,0.130,0.076,0.793
206500,0.133,0.082,0.785
207000,0.137,0.082,0.781
207500,0.143,0.075,0.781
208000,0.138,0.087,0.775
208500,0.138,0.086,0.776
209000,0.118,0.094,0.788
209500,0.113,0.102,0.785
210000,0.122,0.088,0.789
210500,0.126,0.102,0.771
211000,0.130,0.097,0.774
211500,0.128,0.107,0.765
212000,0.123,0.099,0.778
212500,0.119,0.082,0.799
213000,0.119,0.075,0.805
213500,0.126,0.095,0.779
214000,0.127,0.074,0.798
214500,0.126,0.082,0.793
215000,0.114,0.095,0.791
215500,0.107,0.087,0.805
216000,0.102,0.089,0.808
216500,0.110,0.088,0.802
217000,0.110,0.082,0.808
217500,0.115,0.087,0.797
218000,0.121,0.104,0.774
218500,0.121,0.109,0.770
219000,0.131,0.097,0.772
219500,0.128,0.089,0.784
220000,0.126,0.084,0.791
220500,0.135,0.083,0.782
221000,0.139,0.079,0.782
221500,0.148,0.074,0.777
222000,0.144,0.087,0.769
222500,0.133,0.075,0.792
223000,0.135,0.072,0.793
223500,0.123,0.082,0.795
224000,0.123,0.085,0.792
224500,0.121,0.078,0.801
225000,0.108,0.086,0.806
225500,0.104,0.087,0.808
226000,0.099,0.088,0.813
226500,0.090,0.084,0.826
227000,0.088,0.079,0.833
227500,0.104,0.075,0.821
228000,0.117,0.068,0.815
228500,0.123,0.081,0.796
229000,0.119,0.093,0.787
229500,0.114,0.104,0.782
230000,0.114,0.098,0.788
230500,0.112,0.097,0.791
231000,0.115,0.101,0.784
231500,0.111,0.089,0.800
232000,0.128,0.083,0.790
232500,0.123,0.070,0.806
233000,0.136,0.080,0.785
233500,0.130,0.077,0.793
234000,0.128,0.077,0.795
234500,0.124,0.073,0.802
235000,0.129,0.073,0.798
235500,0.132,0.088,0.781
236000,0.129,0.096,0.775
236500,0.121,0.099,0.780
237000,0.112,0.103,0.784
237500,0.103,0.100,0.797
238000,0.109,0.111,0.780
238500,0.115,0.101,0.784
239000,0.116,0.104,0.780
239500,0.107,0.104,0.789
240000,0.103,0.105,0.791
240500,0.123,0.092,0.784
241000,0.111,0.076,0.813
241500,0.120,0.095,0.785
242000,0.117,0.105,0.778
242500,0.115,0.089,0.796
243000,0.124,0.075,0.800
243500,0.151,0.075,0.773
244000,0.137,0.072,0.790
244500,0.137,0.086,0.777
245000,0.128,0.083,0.790
245500,0.120,0.088,0.791
246000,0.118,0.111,0.771
246500,0.120,0.098,0.782
247000,0.108,0.089,0.803
247500,0.117,0.097,0.786
248000,0.140,0.086,0.775
248500,0.131,0.073,0.795
249000,0.133,0.066,0.801
249500,0.141,0.050,0.809
250000,0.153,0.064,0.783
250500,0.142,0.068,0.790
251000,0.134,0.082,0.784
251500,0.143,0.094,0.763
252000,0.130,0.090,0.780
252500,0.135,0.077,0.788
253000,0.136,0.077,0.788
253500,0.142,0.077,0.780
254000,0.131,0.076,0.793
254500,0.135,0.079,0.787
255000,0.127,0.094,0.779
255500,0.110,0.092,0.797
256000,0.106,0.096,0.798
256500,0.096,0.101,0.803
257000,0.096,0.104,0.799
257500,0.107,0.087,0.805
258000,0.103,0.091,0.806
258500,0.098,0.080,0.822
259000,0.104,0.089,0.806
259500,0.112,0.089,0.798
260000,0.103,0.103,0.793
260500,0.098,0.110,0.792
261000,0.093,0.117,0.790
261500,0.099,0.119,0.782
262000,0.098,0.119,0.782
262500,0.092,0.110,0.797
263000,0.104,0.117,0.778
263500,0.101,0.115,0.784
264000,0.101,0.107,0.792
264500,0.101,0.093,0.806
265000,0.095,0.084,0.822
265500,0.101,0.083,0.816
266000,0.106,0.081,0.813
266500,0.094,0.086,0.820
267000,0.099,0.087,0.814
267500,0.098,0.092,0.810
268000,0.114,0.082,0.804
268500,0.121,0.087,0.791
269000,0.119,0.089,0.792
269500,0.122,0.091,0.786
270000,0.120,0.089,0.791
270500,0.118,0.087,0.794
271000,0.113,0.094,0.793
271500,0.110,0.101,0.789
272000,0.111,0.093,0.796
272500,0.130,0.094,0.777
273000,0.136,0.096,0.769
273500,0.147,0.091,0.761
274000,0.149,0.087,0.764
274500,0.136,0.077,0.787
275000,0.140,0.083,0.778
275500,0.153,0.089,0.758
276000,0.149,0.088,0.763
276500,0.133,0.079,0.788
277000,0.134,0.075,0.792
277500,0.140,0.074,0.786
278000,0.145,0.078,0.777
278500,0.119,0.092,0.788
279000,0.108,0.089,0.802
279500,0.104,0.095,0.801
280000,0.123,0.098,0.779
280500,0.132,0.095,0.773
281000,0.129,0.088,0.783
281500,0.144,0.086,0.770
282000,0.131,0.083,0.786
282500,0.126,0.086,0.789
283000,0.116,0.092,0.792
283500,0.102,0.092,0.805
284000,0.114,0.095,0.791
284500,0.111,0.105,0.784
285000,0.118,0.111,0.771
285500,0.117,0.111,0.772
286000,0.110,0.105,0.785
286500,0.108,0.102,0.790
287000,0.100,0.103,0.797
287500,0.091,0.110,0.799
288000,0.096,0.111,0.794
288500,0.086,0.105,0.809
289000,0.090,0.105,0.804
289500,0.096,0.100,0.804
290000,0.099,0.103,0.798
290500,0.095,0.113,0.792
291000,0.113,0.100,0.787
291500,0.122,0.097,0.781
292000,0.105,0.105,0.790
292500,0.107,0.095,0.797
293000,0.117,0.096,0.787
293500,0.120,0.086,0.793
294000,0.128,0.102,0.770
294500,0.135,0.111,0.755
295000,0.144,0.100,0.756
295500,0.135,0.101,0.764
296000,0.135,0.080,0.785
296500,0.135,0.069,0.796
297000,0.147,0.065,0.788
297500,0.156,0.069,0.775
298000,0.138,0.079,0.783
298500,0.133,0.083,0.784
299000,0.130,0.076,0.794
299500,0.119,0.069,0.812
300000,0.121,0.074,0.804
300500,0.137,0.085,0.779
301000,0.111,0.080,0.809
301500,0.106,0.078,0.816
302000,0.108,0.086,0.806
302500,0.102,0.094,0.804
303000,0.102,0.099,0.800
303500,0.099,0.108,0.792
304000,0.106,0.095,0.798
304500,0.103,0.096,0.801
305000,0.104,0.098,0.798
305500,0.114,0.090,0.796
306000,0.134,0.089,0.777
306500,0.113,0.086,0.802
307000,0.128,0.088,0.784
307500,0.142,0.088,0.770
308000,0.140,0.089,0.770
308500,0.138,0.084,0.778
309000,0.132,0.075,0.794
309500,0.124,0.075,0.801
310000,0.125,0.086,0.788
310500,0.122,0.080,0.798
311000,0.115,0.092,0.793
311500,0.107,0.100,0.792
312000,0.095,0.082,0.824
312500,0.093,0.091,0.815
313000,0.086,0.108,0.806
313500,0.083,0.116,0.802
314000,0.091,0.116,0.793
314500,0.093,0.109,0.797
315000,0.111,0.102,0.787
315500,0.113,0.096,0.791
316000,0.115,0.090,0.795
316500,0.116,0.087,0.797
317000,0.107,0.083,0.810
317500,0.096,0.090,0.814
318000,0.102,0.089,0.809
318500,0.118,0.087,0.794
319000,0.119,0.092,0.789
319500,0.107,0.085,0.807
320000,0.118,0.086,0.796
320500,0.110,0.086,0.804
321000,0.121,0.084,0.795
321500,0.111,0.088,0.800
322000,0.105,0.082,0.813
322500,0.104,0.077,0.819
323000,0.118,0.079,0.802
323500,0.118,0.088,0.793
324000,0.115,0.096,0.789
324500,0.123,0.104,0.773
325000,0.123,0.098,0.779
325500,0.107,0.102,0.790
326000,0.101,0.093,0.806
326500,0.093,0.098,0.808
327000,0.093,0.085,0.822
327500,0.088,0.098,0.814
328000,0.090,0.100,0.810
328500,0.099,0.099,0.802
329000,0.091,0.098,0.810
329500,0.096,0.106,0.798
330000,0.099,0.119,0.782
330500,0.105,0.106,0.788
331000,0.116,0.114,0.770
331500,0.113,0.103,0.784
332000,0.114,0.107,0.779
332500,0.113,0.107,0.780
333000,0.118,0.103,0.778
333500,0.106,0.102,0.791
334000,0.118,0.096,0.786
334500,0.124,0.103,0.773
335000,0.113,0.099,0.788
335500,0.119,0.098,0.783
336000,0.105,0.082,0.814
336500,0.092,0.086,0.822
337000,0.113,0.091,0.795
337500,0.128,0.086,0.787
338000,0.116,0.097,0.787
338500,0.129,0.102,0.769
339000,0.124,0.090,0.785
339500,0.111,0.091,0.798
340000,0.117,0.095,0.788
340500,0.107,0.102,0.790
341000,0.106,0.104,0.789
341500,0.107,0.104,0.788
342000,0.101,0.102,0.797
342500,0.104,0.112,0.784
343000,0.095,0.104,0.801
343500,0.094,0.100,0.806
344000,0.112,0.105,0.783
344500,0.107,0.106,0.786
345000,0.106,0.104,0.790
345500,0.102,0.100,0.798
346000,0.104,0.091,0.804
346500,0.106,0.101,0.793
347000,0.097,0.106,0.797
347500,0.085,0.112,0.803
348000,0.107,0.103,0.789
348500,0.112,0.098,0.790
349000,0.114,0.102,0.784
349500,0.133,0.096,0.771
350000,0.125,0.088,0.787
350500,0.120,0.098,0.781
351000,0.120,0.107,0.773
351500,0.135,0.100,0.765
352000,0.136,0.096,0.769
352500,0.134,0.096,0.771
353000,0.114,0.093,0.793
353500,0.105,0.094,0.800
354000,0.108,0.090,0.801
354500,0.111,0.092,0.797
355000,0.098,0.081,0.821
355500,0.111,0.092,0.797
356000,0.132,0.092,0.775
356500,0.118,0.084,0.798
357000,0.129,0.088,0.783
357500,0.128,0.077,0.795
358000,0.141,0.072,0.786
358500,0.152,0.072,0.775
359000,0.148,0.068,0.784
359500,0.152,0.069,0.779
360000,0.134,0.072,0.795
360500,0.142,0.079,0.779
361000,0.136,0.080,0.785
361500,0.144,0.070,0.786
362000,0.135,0.072,0.793
362500,0.133,0.069,0.798
363000,0.121,0.085,0.794
363500,0.121,0.086,0.792
364000,0.124,0.086,0.789
364500,0.135,0.090,0.774
365000,0.132,0.090,0.777
365500,0.124,0.081,0.795
366000,0.133,0.082,0.785
366500,0.125,0.081,0.794
367000,0.131,0.093,0.776
367500,0.118,0.096,0.786
368000,0.114,0.089,0.797
368500,0.121,0.082,0.797
369000,0.117,0.096,0.787
369500,0.106,0.097,0.797
370000,0.108,0.086,0.805
370500,0.115,0.090,0.794
371000,0.117,0.100,0.783
371500,0.127,0.110,0.763
372000,0.111,0.099,0.790
372500,0.102,0.105,0.792
373000,0.112,0.113,0.776
373500,0.110,0.111,0.779
374000,0.111,0.108,0.781
374500,0.124,0.091,0.785
375000,0.116,0.094,0.790
375500,0.111,0.091,0.797
376000,0.113,0.088,0.799
376500,0.120,0.093,0.786
377000,0.118,0.092,0.790
377500,0.122,0.082,0.796
378000,0.119,0.088,0.793
378500,0.120,0.102,0.777
379000,0.108,0.105,0.786
379500,0.100,0.092,0.808
380000,0.100,0.100,0.800
380500,0.099,0.096,0.805
381000,0.089,0.095,0.817
381500,0.090,0.088,0.822
382000,0.091,0.093,0.816
382500,0.093,0.091,0.816
383000,0.101,0.095,0.804
383500,0.114,0.075,0.810
384000,0.119,0.077,0.804
384500,0.115,0.075,0.810
385000,0.120,0.073,0.806
385500,0.117,0.092,0.791
386000,0.105,0.080,0.815
386500,0.102,0.079,0.819
387000,0.115,0.091,0.794
387500,0.126,0.092,0.782
388000,0.113,0.083,0.804
388500,0.107,0.085,0.807
389000,0.101,0.083,0.816
389500,0.092,0.084,0.824
390000,0.088,0.101,0.811
390500,0.118,0.105,0.776
391000,0.117,0.099,0.785
391500,0.112,0.096,0.792
392000,0.110,0.095,0.795
392500,0.099,0.095,0.807
393000,0.103,0.088,0.809
393500,0.116,0.081,0.804
394000,0.126,0.081,0.793
394500,0.126,0.074,0.800
395000,0.129,0.076,0.794
395500,0.114,0.067,0.820
396000,0.127,0.073,0.800
396500,0.119,0.084,0.797
397000,0.114,0.085,0.801
397500,0.116,0.089,0.795
398000,0.125,0.100,0.775
398500,0.113,0.102,0.785
399000,0.116,0.100,0.784
399500,0.113,0.105,0.781
400000,0.099,0.089,0.811
400500,0.103,0.089,0.807
401000,0.107,0.077,0.816
401500,0.110,0.091,0.799
402000,0.102,0.099,0.799
402500,0.099,0.097,0.804
403000,0.105,0.093,0.801
403500,0.103,0.091,0.805
404000,0.102,0.091,0.807
404500,0.105,0.095,0.800
405000,0.102,0.087,0.811
405500,0.110,0.075,0.815
406000,0.117,0.080,0.803
406500,0.132,0.079,0.789
407000,0.124,0.084,0.792
407500,0.113,0.090,0.797
408000,0.119,0.082,0.799
408500,0.132,0.077,0.791
409000,0.123,0.075,0.801
409500,0.116,0.098,0.786
410000,0.116,0.109,0.775
410500,0.107,0.107,0.785
411000,0.111,0.096,0.793
411500,0.093,0.099,0.807
412000,0.087,0.099,0.815
412500,0.088,0.097,0.815
413000,0.100,0.097,0.804
413500,0.100,0.082,0.819
414000,0.111,0.083,0.806
414500,0.117,0.100,0.784
415000,0.099,0.102,0.799
415500,0.100,0.091,0.809
416000,0.092,0.092,0.816
416500,0.107,0.087,0.805
417000,0.129,0.085,0.786
417500,0.136,0.088,0.775
418000,0.128,0.087,0.784
418500,0.123,0.086,0.790
419000,0.131,0.082,0.787
419500,0.115,0.081,0.805
420000,0.110,0.088,0.802
420500,0.097,0.092,0.811
421000,0.101,0.073,0.826
421500,0.117,0.086,0.797
422000,0.108,0.090,0.801
422500,0.126,0.085,0.789
423000,0.123,0.087,0.790
423500,0.122,0.071,0.806
424000,0.120,0.092,0.787
424500,0.124,0.074,0.801
425000,0.120,0.084,0.796
425500,0.127,0.083,0.791
426000,0.111,0.094,0.795
426500,0.123,0.102,0.775
427000,0.115,0.093,0.792
427500,0.103,0.088,0.809
428000,0.102,0.091,0.807
428500,0.090,0.090,0.820
429000,0.094,0.088,0.818
429500,0.095,0.092,0.814
430000,0.115,0.087,0.798
430500,0.123,0.094,0.783
431000,0.115,0.105,0.780
431500,0.117,0.096,0.787
432000,0.127,0.097,0.776
432500,0.109,0.089,0.802
433000,0.115,0.088,0.797
433500,0.112,0.087,0.801
434000,0.104,0.095,0.801
434500,0.100,0.117,0.784
435000,0.107,0.097,0.795
435500,0.101,0.091,0.808
436000,0.110,0.081,0.809
436500,0.105,0.092,0.803
437000,0.103,0.099,0.798
437500,0.095,0.097,0.808
438000,0.104,0.094,0.802
438500,0.112,0.102,0.787
439000,0.102,0.094,0.804
439500,0.101,0.101,0.798
440000,0.103,0.097,0.800
440500,0.109,0.084,0.807
441000,0.125,0.086,0.789
441500,0.124,0.081,0.795
442000,0.129,0.077,0.794
442500,0.124,0.072,0.804
443000,0.109,0.080,0.811
443500,0.119,0.085,0.796
444000,0.121,0.089,0.790
444500,0.120,0.080,0.800
445000,0.124,0.080,0.795
445500,0.121,0.087,0.792
446000,0.123,0.086,0.791
446500,0.131,0.092,0.777
447000,0.131,0.094,0.775
447500,0.116,0.072,0.812
448000,0.107,0.072,0.821
448500,0.112,0.077,0.811
449000,0.107,0.080,0.813
449500,0.103,0.079,0.818
450000,0.101,0.084,0.816
450500,0.096,0.084,0.821
451000,0.102,0.099,0.799
451500,0.106,0.096,0.797
452000,0.114,0.099,0.788
452500,0.102,0.099,0.800
453000,0.101,0.094,0.805
453500,0.113,0.087,0.800
454000,0.125,0.080,0.795
454500,0.123,0.092,0.785
455000,0.126,0.084,0.790
455500,0.130,0.075,0.794
456000,0.113,0.078,0.809
456500,0.118,0.080,0.801
457000,0.130,0.066,0.804
457500,0.131,0.081,0.788
458000,0.128,0.091,0.780
458500,0.125,0.088,0.786
459000,0.116,0.089,0.795
459500,0.111,0.102,0.787
460000,0.099,0.110,0.791
460500,0.112,0.106,0.782
461000,0.105,0.095,0.800
461500,0.112,0.108,0.780
462000,0.110,0.114,0.776
462500,0.099,0.124,0.777
463000,0.103,0.116,0.781
463500,0.083,0.123,0.794
464000,0.089,0.126,0.784
464500,0.086,0.126,0.789
465000,0.099,0.134,0.768
465500,0.088,0.124,0.788
466000,0.090,0.132,0.778
466500,0.093,0.127,0.780
467000,0.097,0.118,0.785
467500,0.100,0.099,0.801
468000,0.105,0.088,0.807
468500,0.097,0.086,0.818
469000,0.092,0.105,0.803
469500,0.102,0.102,0.796
470000,0.106,0.103,0.790
470500,0.103,0.106,0.790
471000,0.095,0.118,0.786
471500,0.102,0.127,0.771
472000,0.103,0.120,0.777
472500,0.110,0.097,0.794
473000,0.110,0.091,0.799
473500,0.102,0.089,0.809
474000,0.108,0.095,0.797
474500,0.104,0.091,0.804
475000,0.108,0.090,0.801
475500,0.110,0.089,0.801
476000,0.103,0.079,0.818
476500,0.119,0.081,0.800
477000,0.113,0.076,0.811
477500,0.122,0.073,0.805
478000,0.126,0.077,0.796
478500,0.141,0.070,0.789
479000,0.127,0.088,0.784
479500,0.120,0.085,0.795
480000,0.111,0.077,0.812
480500,0.107,0.081,0.812
481000,0.113,0.100,0.787
481500,0.112,0.101,0.788
482000,0.115,0.100,0.785
482500,0.118,0.100,0.782
483000,0.124,0.095,0.781
483500,0.129,0.086,0.786
484000,0.120,0.093,0.786
484500,0.121,0.091,0.787
485000,0.118,0.073,0.808
485500,0.132,0.078,0.791
486000,0.135,0.079,0.786
486500,0.120,0.076,0.803
487000,0.114,0.079,0.807
487500,0.105,0.072,0.823
488000,0.135,0.064,0.801
488500,0.136,0.076,0.789
489000,0.132,0.084,0.784
489500,0.137,0.067,0.796
490000,0.132,0.075,0.794
490500,0.137,0.089,0.774
491000,0.130,0.088,0.782
491500,0.141,0.086,0.773
492000,0.136,0.083,0.781
492500,0.138,0.071,0.790
493000,0.127,0.070,0.802
493500,0.128,0.091,0.781
494000,0.112,0.107,0.781
494500,0.105,0.116,0.779
495000,0.108,0.103,0.788
495500,0.110,0.104,0.785
496000,0.107,0.102,0.791
496500,0.106,0.102,0.791
497000,0.102,0.098,0.800
497500,0.099,0.111,0.790
498000,0.118,0.111,0.771
498500,0.103,0.101,0.796
499000,0.110,0.116,0.775
499500,0.116,0.101,0.783
500000,0.110,0.101,0.789
500500,0.115,0.100,0.785
501000,0.112,0.099,0.790
501500,0.117,0.103,0.779
502000,0.100,0.096,0.804
502500,0.104,0.093,0.802
503000,0.115,0.090,0.794
503500,0.127,0.089,0.784
504000,0.127,0.089,0.784
504500,0.127,0.100,0.774
505000,0.120,0.102,0.777
505500,0.127,0.098,0.775
506000,0.123,0.112,0.765
506500,0.112,0.102,0.786
507000,0.102,0.099,0.799
507500,0.108,0.105,0.787
508000,0.110,0.094,0.796
508500,0.111,0.085,0.804
509000,0.100,0.092,0.807
509500,0.105,0.107,0.787
510000,0.108,0.113,0.779
510500,0.102,0.117,0.781
511000,0.100,0.113,0.787
511500,0.101,0.111,0.789
512000,0.102,0.103,0.794
512500,0.117,0.099,0.785
513000,0.119,0.092,0.789
513500,0.114,0.089,0.797
514000,0.113,0.092,0.795
514500,0.110,0.077,0.813
515000,0.126,0.074,0.800
515500,0.117,0.085,0.798
516000,0.122,0.078,0.800
516500,0.117,0.081,0.802
517000,0.116,0.080,0.805
517500,0.124,0.076,0.799
518000,0.133,0.072,0.795
518500,0.130,0.085,0.786
519000,0.133,0.086,0.781
519500,0.131,0.088,0.781
520000,0.129,0.101,0.770
520500,0.127,0.089,0.784
521000,0.122,0.088,0.790
521500,0.117,0.086,0.796
522000,0.108,0.081,0.811
522500,0.105,0.082,0.814
523000,0.105,0.084,0.811
523500,0.101,0.087,0.812
524000,0.113,0.076,0.810
524500,0.115,0.074,0.811
525000,0.115,0.061,0.824
525500,0.131,0.075,0.794
526000,0.122,0.065,0.813
526500,0.120,0.064,0.815
527000,0.120,0.070,0.810
527500,0.131,0.084,0.786
528000,0.124,0.071,0.804
528500,0.142,0.063,0.794
529000,0.143,0.082,0.775
529500,0.136,0.070,0.794
530000,0.122,0.058,0.821
530500,0.133,0.065,0.802
531000,0.139,0.073,0.788
531500,0.134,0.080,0.786
532000,0.134,0.077,0.789
532500,0.140,0.081,0.779
533000,0.138,0.078,0.784
533500,0.137,0.081,0.782
534000,0.127,0.072,0.800
534500,0.117,0.073,0.810
535000,0.101,0.084,0.816
535500,0.106,0.092,0.801
536000,0.117,0.092,0.791
536500,0.112,0.097,0.791
537000,0.110,0.087,0.803
537500,0.111,0.092,0.797
538000,0.112,0.091,0.797
538500,0.111,0.112,0.777
539000,0.111,0.090,0.799
539500,0.110,0.091,0.799
540000,0.126,0.073,0.800
540500,0.117,0.068,0.815
541000,0.122,0.074,0.803
541500,0.120,0.075,0.805
542000,0.119,0.085,0.796
542500,0.113,0.103,0.784
543000,0.102,0.101,0.798
543500,0.098,0.096,0.807
544000,0.106,0.099,0.795
544500,0.106,0.096,0.798
545000,0.091,0.131,0.778
545500,0.081,0.121,0.798
546000,0.072,0.119,0.808
546500,0.082,0.103,0.816
547000,0.095,0.102,0.803
547500,0.097,0.093,0.810
548000,0.114,0.090,0.796
548500,0.125,0.097,0.778
549000,0.124,0.087,0.788
549500,0.122,0.096,0.781
550000,0.122,0.090,0.787
550500,0.120,0.093,0.786
551000,0.128,0.082,0.790
551500,0.126,0.073,0.801
552000,0.120,0.070,0.810
552500,0.116,0.076,0.808
553000,0.120,0.082,0.798
553500,0.126,0.088,0.785
554000,0.128,0.088,0.783
554500,0.128,0.086,0.786
555000,0.130,0.086,0.783
555500,0.125,0.086,0.789
556000,0.117,0.104,0.779
556500,0.116,0.102,0.781
557000,0.105,0.094,0.801
557500,0.116,0.106,0.778
558000,0.127,0.097,0.776
558500,0.130,0.087,0.782
559000,0.138,0.074,0.788
559500,0.135,0.070,0.794
560000,0.143,0.066,0.791
560500,0.137,0.075,0.788
561000,0.137,0.080,0.784
561500,0.141,0.081,0.779
562000,0.142,0.079,0.779
562500,0.141,0.070,0.789
563000,0.144,0.076,0.780
563500,0.140,0.071,0.788
564000,0.142,0.067,0.791
564500,0.149,0.067,0.784
565000,0.140,0.082,0.778
565500,0.132,0.091,0.777
566000,0.129,0.086,0.785
566500,0.106,0.101,0.793
567000,0.107,0.104,0.789
567500,0.110,0.100,0.790
568000,0.098,0.105,0.797
568500,0.091,0.113,0.796
569000,0.098,0.108,0.794
569500,0.106,0.117,0.776
570000,0.108,0.105,0.786
570500,0.111,0.108,0.781
571000,0.106,0.091,0.802
571500,0.096,0.101,0.804
572000,0.100,0.111,0.790
572500,0.102,0.117,0.781
573000,0.110,0.093,0.797
573500,0.109,0.091,0.799
574000,0.115,0.088,0.797
574500,0.117,0.086,0.798
575000,0.120,0.102,0.778
575500,0.127,0.080,0.794
576000,0.128,0.080,0.793
576500,0.120,0.080,0.800
577000,0.132,0.084,0.785
577500,0.127,0.083,0.790
578000,0.124,0.086,0.790
578500,0.134,0.094,0.773
579000,0.140,0.091,0.769
579500,0.133,0.092,0.775
580000,0.120,0.089,0.790
580500,0.125,0.086,0.789
581000,0.120,0.072,0.807
581500,0.116,0.072,0.812
582000,0.114,0.074,0.812
582500,0.123,0.067,0.810
583000,0.119,0.075,0.805
583500,0.115,0.087,0.798
584000,0.105,0.087,0.807
584500,0.109,0.102,0.789
585000,0.104,0.105,0.790
585500,0.102,0.110,0.788
586000,0.108,0.099,0.792
586500,0.099,0.099,0.803
587000,0.093,0.103,0.804
587500,0.108,0.107,0.784
588000,0.111,0.096,0.794
588500,0.102,0.088,0.810
589000,0.102,0.093,0.805
589500,0.106,0.090,0.803
590000,0.120,0.081,0.799
590500,0.120,0.083,0.797
591000,0.119,0.079,0.802
591500,0.126,0.088,0.787
592000,0.126,0.091,0.783
592500,0.125,0.098,0.777
593000,0.139,0.089,0.772
593500,0.135,0.095,0.770
594000,0.138,0.081,0.782
594500,0.133,0.083,0.784
595000,0.131,0.090,0.779
595500,0.138,0.086,0.776
596000,0.129,0.094,0.777
596500,0.136,0.091,0.772
597000,0.130,0.098,0.773
597500,0.124,0.112,0.763
598000,0.124,0.098,0.777
598500,0.109,0.091,0.800
599000,0.118,0.085,0.797
599500,0.119,0.085,0.796
600000,0.138,0.096,0.767
600500,0.122,0.093,0.784
601000,0.131,0.086,0.782
601500,0.127,0.091,0.782
602000,0.127,0.091,0.781
602500,0.140,0.090,0.771
603000,0.147,0.086,0.767
603500,0.134,0.086,0.780
604000,0.122,0.092,0.785
604500,0.122,0.096,0.782
605000,0.117,0.108,0.774
605500,0.098,0.108,0.793
606000,0.095,0.112,0.793
606500,0.097,0.103,0.800
607000,0.108,0.101,0.791
607500,0.102,0.101,0.797
608000,0.094,0.104,0.802
608500,0.084,0.104,0.812
609000,0.089,0.115,0.796
609500,0.080,0.132,0.788
610000,0.086,0.128,0.786
610500,0.086,0.130,0.784
611000,0.100,0.116,0.784
611500,0.110,0.114,0.776
612000,0.103,0.098,0.798
612500,0.106,0.105,0.789
613000,0.097,0.112,0.791
613500,0.093,0.102,0.804
614000,0.102,0.100,0.798
614500,0.106,0.093,0.801
615000,0.102,0.085,0.812
615500,0.111,0.082,0.807
616000,0.104,0.091,0.805
616500,0.127,0.084,0.790
617000,0.130,0.098,0.772
617500,0.123,0.105,0.772
618000,0.126,0.101,0.773
618500,0.110,0.096,0.794
619000,0.117,0.100,0.783
619500,0.118,0.091,0.791
620000,0.103,0.098,0.799
620500,0.120,0.101,0.779
621000,0.129,0.091,0.780
621500,0.134,0.084,0.783
622000,0.121,0.090,0.788
622500,0.114,0.084,0.803
623000,0.107,0.079,0.814
623500,0.107,0.074,0.819
624000,0.112,0.085,0.803
624500,0.115,0.088,0.797
625000,0.117,0.098,0.786
625500,0.108,0.097,0.795
626000,0.118,0.087,0.794
626500,0.106,0.091,0.802
627000,0.102,0.097,0.802
627500,0.111,0.086,0.803
628000,0.117,0.084,0.799
628500,0.117,0.097,0.786
629000,0.106,0.081,0.812
629500,0.106,0.079,0.816
630000,0.110,0.096,0.794
630500,0.113,0.098,0.789
631000,0.124,0.085,0.791
631500,0.130,0.078,0.792
632000,0.129,0.082,0.789
632500,0.121,0.081,0.798
633000,0.102,0.100,0.799
633500,0.100,0.087,0.813
634000,0.101,0.088,0.811
634500,0.104,0.096,0.799
635000,0.111,0.097,0.792
635500,0.110,0.114,0.776
636000,0.103,0.117,0.780
636500,0.094,0.105,0.801
637000,0.107,0.105,0.787
637500,0.116,0.108,0.775
638000,0.100,0.091,0.809
638500,0.098,0.095,0.807
639000,0.107,0.102,0.791
639500,0.115,0.095,0.791
640000,0.119,0.104,0.777
640500,0.135,0.081,0.784
641000,0.131,0.080,0.789
641500,0.135,0.072,0.792
642000,0.131,0.076,0.793
642500,0.126,0.073,0.801
643000,0.132,0.070,0.797
643500,0.129,0.080,0.791
644000,0.115,0.070,0.816
644500,0.115,0.073,0.812
645000,0.112,0.073,0.815
645500,0.124,0.079,0.797
646000,0.126,0.087,0.786
646500,0.130,0.100,0.770
647000,0.128,0.101,0.772
647500,0.125,0.093,0.781
648000,0.124,0.098,0.778
648500,0.115,0.082,0.803
649000,0.104,0.086,0.809
649500,0.112,0.073,0.816
650000,0.135,0.068,0.797
650500,0.132,0.075,0.792
651000,0.141,0.070,0.789
651500,0.144,0.069,0.787
652000,0.135,0.057,0.808
652500,0.138,0.058,0.804
653000,0.141,0.059,0.801
653500,0.129,0.056,0.815
654000,0.139,0.061,0.800
654500,0.131,0.070,0.799
655000,0.127,0.078,0.795
655500,0.110,0.073,0.817
656000,0.107,0.070,0.823
656500,0.111,0.080,0.809
657000,0.112,0.070,0.818
657500,0.109,0.086,0.805
658000,0.109,0.081,0.810
658500,0.113,0.078,0.809
659000,0.115,0.075,0.810
659500,0.113,0.080,0.807
660000,0.103,0.076,0.821
660500,0.099,0.078,0.823
661000,0.102,0.092,0.805
661500,0.117,0.095,0.788
662000,0.130,0.085,0.785
662500,0.128,0.093,0.778
663000,0.129,0.097,0.775
663500,0.123,0.101,0.776
664000,0.120,0.106,0.773
664500,0.107,0.103,0.789
665000,0.099,0.111,0.790
665500,0.099,0.119,0.782
666000,0.089,0.129,0.782
666500,0.089,0.128,0.783
667000,0.106,0.134,0.759
667500,0.112,0.119,0.768
668000,0.117,0.102,0.781
668500,0.112,0.109,0.779
669000,0.119,0.111,0.770
669500,0.120,0.105,0.774
670000,0.115,0.091,0.794
670500,0.102,0.078,0.821
671000,0.108,0.101,0.791
671500,0.104,0.101,0.794
672000,0.106,0.096,0.798
672500,0.115,0.102,0.782
673000,0.111,0.114,0.775
673500,0.104,0.115,0.781
674000,0.116,0.111,0.773
674500,0.111,0.093,0.796
675000,0.104,0.095,0.801
675500,0.111,0.094,0.795
676000,0.122,0.090,0.787
676500,0.119,0.102,0.779
677000,0.111,0.102,0.787
677500,0.112,0.101,0.787
678000,0.104,0.107,0.788
678500,0.095,0.110,0.796
679000,0.097,0.111,0.792
679500,0.093,0.110,0.797
680000,0.110,0.104,0.786
680500,0.115,0.113,0.772
681000,0.113,0.103,0.784
681500,0.102,0.086,0.811
682000,0.109,0.090,0.801
682500,0.117,0.091,0.792
683000,0.114,0.089,0.797
683500,0.101,0.090,0.809
684000,0.099,0.099,0.802
684500,0.112,0.099,0.789
685000,0.108,0.101,0.791
685500,0.097,0.097,0.806
686000,0.103,0.105,0.791
686500,0.093,0.099,0.808
687000,0.103,0.100,0.796
687500,0.119,0.111,0.770
688000,0.114,0.108,0.778
688500,0.114,0.095,0.791
689000,0.099,0.099,0.802
689500,0.092,0.108,0.799
690000,0.096,0.092,0.811
690500,0.086,0.092,0.822
691000,0.099,0.101,0.800
691500,0.096,0.108,0.796
692000,0.104,0.106,0.789
692500,0.118,0.096,0.786
693000,0.115,0.096,0.790
693500,0.104,0.102,0.794
694000,0.102,0.097,0.801
694500,0.118,0.079,0.803
695000,0.115,0.084,0.801
695500,0.111,0.090,0.799
696000,0.104,0.089,0.806
696500,0.101,0.083,0.816
697000,0.096,0.080,0.825
697500,0.101,0.083,0.816
698000,0.109,0.092,0.798
698500,0.115,0.081,0.804
699000,0.129,0.084,0.787
699500,0.118,0.090,0.791
700000,0.127,0.082,0.791
700500,0.133,0.081,0.786
701000,0.142,0.074,0.784
701500,0.139,0.064,0.797
702000,0.137,0.070,0.794
702500,0.134,0.080,0.787
703000,0.140,0.093,0.768
703500,0.150,0.073,0.777
704000,0.148,0.068,0.784
704500,0.149,0.070,0.780
705000,0.138,0.066,0.796
705500,0.132,0.068,0.800
706000,0.133,0.076,0.791
706500,0.118,0.075,0.807
707000,0.128,0.085,0.788
707500,0.142,0.072,0.785
708000,0.131,0.080,0.789
708500,0.127,0.076,0.797
709000,0.137,0.081,0.782
709500,0.126,0.071,0.803
710000,0.131,0.077,0.792
710500,0.120,0.069,0.811
711000,0.114,0.073,0.812
711500,0.117,0.082,0.801
712000,0.136,0.069,0.795
712500,0.120,0.064,0.816
713000,0.130,0.060,0.810
713500,0.131,0.081,0.788
714000,0.133,0.087,0.780
714500,0.126,0.071,0.803
715000,0.129,0.069,0.802
715500,0.127,0.078,0.795
716000,0.114,0.077,0.809
716500,0.116,0.080,0.804
717000,0.125,0.074,0.801
717500,0.116,0.077,0.807
718000,0.117,0.070,0.813
718500,0.093,0.099,0.807
719000,0.093,0.104,0.803
719500,0.092,0.111,0.796
720000,0.096,0.097,0.807
720500,0.089,0.094,0.817
721000,0.073,0.106,0.821
721500,0.078,0.108,0.814
722000,0.095,0.098,0.807
722500,0.108,0.101,0.791
723000,0.110,0.086,0.804
723500,0.108,0.081,0.811
724000,0.118,0.077,0.804
724500,0.123,0.089,0.787
725000,0.117,0.095,0.788
725500,0.113,0.093,0.794
726000,0.107,0.104,0.788
726500,0.108,0.108,0.783
727000,0.100,0.107,0.793
727500,0.102,0.102,0.796
728000,0.096,0.091,0.813
728500,0.111,0.078,0.811
729000,0.100,0.093,0.807
729500,0.094,0.097,0.809
730000,0.097,0.087,0.816
730500,0.110,0.087,0.803
731000,0.115,0.088,0.797
731500,0.118,0.098,0.784
732000,0.125,0.083,0.792
732500,0.146,0.084,0.770
733000,0.147,0.076,0.777
733500,0.139,0.073,0.788
734000,0.136,0.087,0.777
734500,0.128,0.098,0.775
735000,0.132,0.093,0.774
735500,0.131,0.076,0.793
736000,0.131,0.080,0.789
736500,0.122,0.096,0.782
737000,0.116,0.091,0.793
737500,0.110,0.093,0.797
738000,0.120,0.102,0.777
738500,0.115,0.092,0.792
739000,0.124,0.084,0.792
739500,0.136,0.089,0.774
740000,0.141,0.082,0.778
740500,0.149,0.084,0.767
741000,0.132,0.070,0.797
741500,0.138,0.064,0.798
742000,0.130,0.071,0.799
742500,0.116,0.075,0.809
743000,0.112,0.076,0.812
743500,0.108,0.081,0.811
744000,0.112,0.086,0.803
744500,0.121,0.102,0.777
745000,0.105,0.096,0.799
745500,0.108,0.102,0.790
746000,0.121,0.102,0.777
746500,0.117,0.099,0.784
747000,0.104,0.099,0.797
747500,0.109,0.094,0.797
748000,0.107,0.116,0.777
748500,0.113,0.100,0.787
749000,0.113,0.084,0.803
749500,0.128,0.075,0.797
750000,0.117,0.073,0.810
750500,0.117,0.070,0.814
751000,0.119,0.086,0.794
751500,0.124,0.089,0.786
752000,0.123,0.093,0.783
752500,0.108,0.091,0.800
753000,0.114,0.087,0.798
753500,0.100,0.092,0.808
754000,0.116,0.095,0.789
754500,0.105,0.101,0.794
755000,0.127,0.090,0.783
755500,0.119,0.092,0.788
756000,0.122,0.086,0.792
756500,0.135,0.082,0.783
757000,0.118,0.086,0.796
757500,0.117,0.080,0.803
758000,0.132,0.076,0.792
758500,0.149,0.071,0.779
759000,0.144,0.066,0.790
759500,0.137,0.075,0.787
760000,0.129,0.074,0.797
760500,0.136,0.072,0.792
761000,0.143,0.071,0.786
761500,0.144,0.066,0.790
762000,0.133,0.072,0.795
762500,0.143,0.069,0.788
763000,0.138,0.067,0.795
763500,0.140,0.061,0.799
764000,0.126,0.070,0.804
764500,0.131,0.060,0.809
765000,0.123,0.070,0.807
765500,0.113,0.073,0.814
766000,0.129,0.067,0.804
766500,0.131,0.075,0.794
767000,0.133,0.083,0.784
767500,0.132,0.077,0.792
768000,0.115,0.069,0.817
768500,0.119,0.082,0.799
769000,0.127,0.094,0.779
769500,0.120,0.085,0.794
770000,0.139,0.091,0.770
770500,0.145,0.097,0.758
771000,0.141,0.092,0.767
771500,0.123,0.090,0.786
772000,0.135,0.086,0.779
772500,0.140,0.076,0.784
773000,0.130,0.087,0.783
773500,0.123,0.080,0.797
774000,0.112,0.086,0.802
774500,0.112,0.074,0.814
775000,0.102,0.065,0.833
775500,0.113,0.084,0.804
776000,0.116,0.077,0.807
776500,0.107,0.074,0.819
777000,0.103,0.087,0.809
777500,0.104,0.093,0.802
778000,0.096,0.089,0.816
778500,0.110,0.089,0.800
779000,0.107,0.081,0.812
779500,0.117,0.080,0.803
780000,0.129,0.084,0.787
780500,0.130,0.086,0.784
781000,0.122,0.086,0.792
781500,0.116,0.086,0.798
782000,0.114,0.088,0.798
782500,0.124,0.101,0.774
783000,0.127,0.100,0.773
783500,0.124,0.090,0.785
784000,0.122,0.113,0.765
784500,0.122,0.103,0.774
785000,0.120,0.093,0.786
785500,0.127,0.095,0.778
786000,0.126,0.090,0.785
786500,0.122,0.078,0.800
787000,0.112,0.085,0.803
787500,0.127,0.097,0.776
788000,0.113,0.102,0.785
788500,0.130,0.107,0.763
789000,0.135,0.085,0.781
789500,0.128,0.086,0.787
790000,0.128,0.089,0.783
790500,0.127,0.090,0.783
791000,0.117,0.082,0.802
791500,0.124,0.073,0.803
792000,0.121,0.078,0.801
792500,0.130,0.073,0.798
793000,0.129,0.085,0.786
793500,0.141,0.076,0.783
794000,0.141,0.072,0.787
794500,0.133,0.069,0.798
795000,0.155,0.060,0.784
795500,0.140,0.072,0.787
796000,0.142,0.082,0.776
796500,0.129,0.077,0.793
797000,0.124,0.078,0.797
797500,0.121,0.098,0.781
798000,0.137,0.104,0.759
798500,0.119,0.102,0.779
799000,0.115,0.096,0.789
799500,0.122,0.098,0.779
800000,0.123,0.104,0.772
800500,0.109,0.104,0.786
801000,0.111,0.097,0.792
801500,0.115,0.087,0.797
802000,0.113,0.073,0.814
802500,0.105,0.084,0.810
803000,0.097,0.098,0.805
803500,0.095,0.096,0.809
804000,0.103,0.092,0.804
804500,0.096,0.102,0.802
805000,0.090,0.110,0.800
805500,0.091,0.116,0.793
806000,0.091,0.114,0.794
806500,0.094,0.107,0.798
807000,0.102,0.118,0.779
807500,0.112,0.114,0.774
808000,0.105,0.113,0.782
808500,0.088,0.104,0.807
809000,0.086,0.102,0.812
809500,0.100,0.107,0.792
810000,0.108,0.099,0.793
810500,0.118,0.084,0.798
811000,0.124,0.089,0.786
811500,0.116,0.086,0.798
812000,0.104,0.095,0.800
812500,0.112,0.073,0.815
813000,0.108,0.091,0.800
813500,0.103,0.093,0.803
814000,0.112,0.087,0.801
814500,0.111,0.088,0.801
815000,0.107,0.089,0.804
815500,0.105,0.089,0.805
816000,0.122,0.086,0.792
816500,0.119,0.075,0.805
817000,0.108,0.087,0.804
817500,0.109,0.104,0.786
818000,0.102,0.095,0.803
818500,0.104,0.103,0.792
819000,0.104,0.092,0.803
819500,0.116,0.076,0.807
820000,0.108,0.077,0.814
820500,0.121,0.086,0.793
821000,0.117,0.092,0.791
821500,0.115,0.086,0.799
822000,0.128,0.090,0.782
822500,0.131,0.086,0.782
823000,0.129,0.095,0.777
823500,0.124,0.089,0.786
824000,0.133,0.090,0.776
824500,0.132,0.083,0.786
825000,0.130,0.086,0.784
825500,0.128,0.091,0.780
826000,0.121,0.084,0.795
826500,0.115,0.089,0.796
827000,0.104,0.095,0.801
827500,0.109,0.100,0.791
828000,0.104,0.106,0.789
828500,0.123,0.100,0.777
829000,0.134,0.099,0.767
829500,0.129,0.095,0.776
830000,0.121,0.080,0.799
830500,0.116,0.086,0.798
831000,0.109,0.095,0.796
831500,0.102,0.105,0.792
832000,0.095,0.103,0.802
832500,0.101,0.102,0.797
833000,0.103,0.107,0.789
833500,0.111,0.108,0.781
834000,0.105,0.111,0.784
834500,0.105,0.105,0.789
835000,0.105,0.124,0.771
835500,0.107,0.103,0.789
836000,0.105,0.098,0.797
836500,0.110,0.096,0.794
837000,0.101,0.111,0.788
837500,0.096,0.105,0.799
838000,0.097,0.117,0.786
838500,0.100,0.119,0.781
839000,0.092,0.119,0.788
839500,0.092,0.119,0.788
840000,0.100,0.112,0.788
840500,0.088,0.124,0.788
841000,0.105,0.126,0.769
841500,0.117,0.113,0.770
842000,0.126,0.102,0.772
842500,0.122,0.086,0.791
843000,0.120,0.074,0.806
843500,0.122,0.071,0.806
844000,0.121,0.078,0.801
844500,0.130,0.091,0.779
845000,0.117,0.078,0.805
845500,0.126,0.081,0.793
846000,0.123,0.092,0.784
846500,0.124,0.103,0.772
847000,0.116,0.100,0.784
847500,0.106,0.106,0.787
848000,0.106,0.096,0.797
848500,0.118,0.084,0.798
849000,0.119,0.091,0.790
849500,0.106,0.089,0.804
850000,0.104,0.083,0.812
850500,0.101,0.113,0.787
851000,0.099,0.109,0.792
851500,0.103,0.112,0.785
852000,0.104,0.102,0.794
852500,0.102,0.116,0.782
853000,0.105,0.110,0.785
853500,0.092,0.111,0.797
854000,0.104,0.110,0.786
854500,0.096,0.105,0.798
855000,0.105,0.096,0.799
855500,0.117,0.099,0.784
856000,0.111,0.096,0.793
856500,0.101,0.097,0.802
857000,0.092,0.096,0.811
857500,0.114,0.090,0.795
858000,0.112,0.081,0.808
858500,0.109,0.078,0.813
859000,0.107,0.090,0.802
859500,0.102,0.088,0.809
860000,0.114,0.091,0.795
860500,0.095,0.092,0.812
861000,0.090,0.099,0.811
861500,0.111,0.098,0.792
862000,0.121,0.100,0.779
862500,0.127,0.102,0.772
863000,0.123,0.083,0.794
863500,0.123,0.080,0.797
864000,0.113,0.088,0.798
864500,0.134,0.096,0.771
865000,0.137,0.084,0.779
865500,0.119,0.082,0.799
866000,0.142,0.070,0.788
866500,0.130,0.068,0.802
867000,0.133,0.060,0.807
867500,0.120,0.072,0.807
868000,0.127,0.084,0.790
868500,0.125,0.093,0.781
869000,0.113,0.090,0.796
869500,0.132,0.096,0.773
870000,0.117,0.098,0.785
870500,0.117,0.098,0.785
871000,0.108,0.086,0.805
871500,0.110,0.088,0.801
872000,0.111,0.092,0.797
872500,0.115,0.090,0.795
873000,0.103,0.088,0.809
873500,0.113,0.084,0.803
874000,0.120,0.096,0.784
874500,0.104,0.099,0.797
875000,0.102,0.112,0.786
875500,0.095,0.114,0.791
876000,0.101,0.117,0.782
876500,0.101,0.120,0.779
877000,0.096,0.115,0.789
877500,0.100,0.106,0.793
878000,0.102,0.113,0.785
878500,0.083,0.111,0.806
879000,0.082,0.119,0.799
879500,0.101,0.130,0.769
880000,0.103,0.111,0.786
880500,0.108,0.100,0.792
881000,0.104,0.089,0.807
881500,0.115,0.091,0.794
882000,0.111,0.093,0.796
882500,0.124,0.089,0.786
883000,0.132,0.085,0.784
883500,0.119,0.081,0.800
884000,0.126,0.095,0.779
884500,0.120,0.083,0.797
885000,0.107,0.079,0.814
885500,0.110,0.092,0.798
886000,0.111,0.104,0.785
886500,0.092,0.092,0.816
887000,0.085,0.097,0.819
887500,0.096,0.091,0.812
888000,0.090,0.100,0.809
888500,0.098,0.116,0.786
889000,0.102,0.104,0.794
889500,0.111,0.096,0.794
890000,0.104,0.089,0.806
890500,0.106,0.104,0.790
891000,0.111,0.111,0.778
891500,0.111,0.115,0.774
892000,0.122,0.103,0.774
892500,0.131,0.089,0.780
893000,0.140,0.087,0.773
893500,0.144,0.082,0.774
894000,0.147,0.084,0.769
894500,0.134,0.074,0.792
895000,0.151,0.062,0.786
895500,0.155,0.075,0.770
896000,0.142,0.085,0.773
896500,0.132,0.086,0.783
897000,0.124,0.078,0.797
897500,0.133,0.082,0.785
898000,0.132,0.081,0.788
898500,0.135,0.091,0.773
899000,0.122,0.089,0.788
899500,0.127,0.092,0.781
900000,0.116,0.100,0.784
900500,0.099,0.084,0.818
901000,0.112,0.093,0.794
901500,0.119,0.092,0.789
902000,0.114,0.095,0.791
902500,0.107,0.098,0.795
903000,0.111,0.098,0.791
903500,0.101,0.108,0.790
904000,0.096,0.106,0.798
904500,0.105,0.104,0.791
905000,0.101,0.088,0.810
905500,0.115,0.101,0.784
906000,0.117,0.088,0.795
906500,0.121,0.079,0.800
907000,0.117,0.091,0.792
907500,0.107,0.103,0.790
908000,0.110,0.100,0.790
908500,0.099,0.107,0.794
909000,0.111,0.104,0.785
909500,0.116,0.102,0.783
910000,0.112,0.100,0.788
910500,0.111,0.095,0.794
911000,0.106,0.085,0.809
911500,0.112,0.085,0.803
912000,0.118,0.089,0.793
912500,0.130,0.084,0.787
913000,0.131,0.075,0.793
913500,0.141,0.076,0.783
914000,0.139,0.084,0.777
914500,0.134,0.085,0.781
915000,0.130,0.077,0.793
915500,0.128,0.076,0.797
916000,0.114,0.069,0.818
916500,0.105,0.081,0.815
917000,0.092,0.076,0.831
917500,0.102,0.103,0.794
918000,0.095,0.100,0.805
918500,0.100,0.092,0.808
919000,0.096,0.082,0.822
919500,0.102,0.082,0.817
920000,0.103,0.091,0.805
920500,0.105,0.098,0.796
921000,0.102,0.103,0.794
921500,0.111,0.090,0.798
922000,0.117,0.077,0.806
922500,0.121,0.081,0.798
923000,0.131,0.089,0.780
923500,0.118,0.081,0.800
924000,0.111,0.077,0.812
924500,0.103,0.087,0.809
925000,0.116,0.091,0.793
925500,0.118,0.078,0.804
926000,0.139,0.076,0.785
926500,0.134,0.076,0.790
927000,0.140,0.081,0.779
927500,0.136,0.082,0.783
928000,0.136,0.087,0.777
928500,0.135,0.079,0.786
929000,0.130,0.065,0.806
929500,0.121,0.071,0.807
930000,0.119,0.072,0.808
930500,0.119,0.075,0.806
931000,0.114,0.076,0.810
931500,0.124,0.085,0.791
932000,0.128,0.089,0.782
932500,0.128,0.095,0.778
933000,0.128,0.094,0.779
933500,0.122,0.094,0.784
934000,0.131,0.092,0.777
934500,0.128,0.096,0.776
935000,0.124,0.096,0.780
935500,0.115,0.109,0.776
936000,0.121,0.116,0.763
936500,0.124,0.114,0.762
937000,0.097,0.117,0.786
937500,0.095,0.105,0.800
938000,0.102,0.101,0.798
938500,0.101,0.095,0.804
939000,0.096,0.096,0.808
939500,0.110,0.109,0.781
940000,0.094,0.112,0.794
940500,0.093,0.108,0.798
941000,0.089,0.125,0.785
941500,0.096,0.115,0.789
942000,0.100,0.120,0.780
942500,0.107,0.114,0.779
943000,0.092,0.117,0.791
943500,0.102,0.118,0.779
944000,0.095,0.129,0.776
944500,0.096,0.123,0.781
945000,0.081,0.126,0.794
945500,0.082,0.113,0.805
946000,0.092,0.114,0.793
946500,0.103,0.115,0.782
947000,0.102,0.101,0.797
947500,0.110,0.099,0.791
948000,0.112,0.095,0.793
948500,0.106,0.092,0.801
949000,0.100,0.093,0.807
949500,0.111,0.088,0.801
950000,0.111,0.092,0.797
950500,0.106,0.086,0.807
951000,0.119,0.092,0.789
951500,0.108,0.086,0.806
952000,0.112,0.095,0.793
952500,0.110,0.080,0.811
953000,0.119,0.092,0.789
953500,0.118,0.084,0.798
954000,0.108,0.090,0.802
954500,0.123,0.083,0.794
955000,0.114,0.091,0.795
955500,0.113,0.085,0.802
956000,0.123,0.082,0.795
956500,0.114,0.083,0.804
957000,0.111,0.088,0.800
957500,0.122,0.084,0.794
958000,0.119,0.090,0.791
958500,0.130,0.090,0.779
959000,0.123,0.082,0.795
959500,0.117,0.090,0.792
960000,0.108,0.093,0.798
960500,0.105,0.101,0.794
961000,0.100,0.108,0.792
961500,0.116,0.095,0.789
962000,0.128,0.095,0.778
962500,0.142,0.090,0.767
963000,0.130,0.086,0.784
963500,0.118,0.076,0.805
964000,0.117,0.067,0.816
964500,0.116,0.075,0.809
965000,0.113,0.081,0.806
965500,0.106,0.093,0.800
966000,0.110,0.102,0.787
966500,0.111,0.094,0.795
967000,0.116,0.103,0.780
967500,0.108,0.098,0.794
968000,0.118,0.098,0.783
968500,0.116,0.095,0.790
969000,0.107,0.101,0.792
969500,0.106,0.100,0.794
970000,0.105,0.099,0.796
970500,0.098,0.092,0.810
971000,0.110,0.102,0.789
971500,0.109,0.108,0.783
972000,0.104,0.106,0.789
972500,0.101,0.096,0.803
973000,0.103,0.098,0.798
973500,0.113,0.090,0.797
974000,0.109,0.100,0.791
974500,0.122,0.101,0.777
975000,0.113,0.106,0.781
975500,0.106,0.105,0.789
976000,0.103,0.102,0.794
976500,0.101,0.101,0.798
977000,0.105,0.110,0.785
977500,0.087,0.110,0.802
978000,0.090,0.112,0.798
978500,0.089,0.107,0.803
979000,0.104,0.115,0.781
979500,0.111,0.102,0.787
980000,0.112,0.081,0.807
980500,0.111,0.095,0.794
981000,0.108,0.096,0.795
981500,0.127,0.075,0.798
982000,0.135,0.076,0.788
982500,0.125,0.073,0.802
983000,0.134,0.073,0.792
983500,0.142,0.076,0.782
984000,0.132,0.091,0.777
984500,0.140,0.084,0.777
985000,0.141,0.085,0.774
985500,0.137,0.089,0.774
986000,0.117,0.077,0.805
986500,0.096,0.089,0.816
987000,0.110,0.089,0.801
987500,0.105,0.103,0.792
988000,0.108,0.096,0.795
988500,0.109,0.098,0.793
989000,0.101,0.091,0.808
989500,0.099,0.086,0.816
990000,0.106,0.086,0.807
990500,0.113,0.108,0.779
991000,0.104,0.118,0.777
991500,0.089,0.115,0.796
992000,0.095,0.112,0.793
992500,0.099,0.123,0.778
993000,0.097,0.116,0.787
993500,0.101,0.100,0.799
994000,0.087,0.102,0.810
994500,0.104,0.104,0.791
995000,0.106,0.102,0.792
995500,0.106,0.101,0.793
996000,0.103,0.118,0.779
996500,0.105,0.102,0.792
997000,0.106,0.103,0.790
997500,0.110,0.105,0.784
998000,0.108,0.102,0.790
998500,0.091,0.099,0.810
999000,0.113,0.094,0.793
999500,0.105,0.105,0.789
1000000,0.107,0.102,0.791
