time,n_A+p,n_B,n_AB
500,0.278,0.003,0.719
1000,0.505,0.000,0.495
1500,0.288,0.000,0.712
2000,0.539,0.000,0.461
2500,0.418,0.000,0.582
3000,0.561,0.000,0.439
3500,0.668,0.000,0.332
4000,0.554,0.000,0.446
4500,0.398,0.000,0.602
5000,0.338,0.000,0.662
5500,0.445,0.000,0.555
6000,0.604,0.000,0.396
6500,0.570,0.000,0.430
7000,0.516,0.000,0.484
7500,0.633,0.000,0.367
8000,0.461,0.000,0.539
8500,0.583,0.000,0.417
9000,0.744,0.000,0.256
9500,0.578,0.000,0.422
10000,0.538,0.000,0.462
10500,0.590,0.000,0.410
11000,0.306,0.000,0.694
11500,0.434,0.000,0.566
12000,0.568,0.000,0.432
12500,0.741,0.000,0.259
13000,0.654,0.000,0.346
13500,0.534,0.000,0.466
14000,0.471,0.000,0.529
14500,0.578,0.000,0.422
15000,0.603,0.000,0.397
15500,0.481,0.000,0.519
16000,0.513,0.000,0.487
16500,0.601,0.000,0.399
17000,0.615,0.000,0.385
17500,0.381,0.000,0.619
18000,0.417,0.000,0.583
18500,0.467,0.000,0.533
19000,0.707,0.000,0.293
19500,0.636,0.000,0.364
20000,0.581,0.000,0.419
20500,0.571,0.000,0.429
21000,0.641,0.000,0.359
21500,0.648,0.000,0.352
22000,0.350,0.000,0.650
22500,0.574,0.000,0.426
23000,0.634,0.000,0.366
23500,0.576,0.000,0.424
24000,0.603,0.000,0.397
24500,0.696,0.000,0.304
25000,0.602,0.000,0.398
25500,0.594,0.000,0.406
26000,0.572,0.000,0.428
26500,0.373,0.000,0.627
27000,0.534,0.000,0.466
27500,0.541,0.000,0.459
28000,0.442,0.000,0.558
28500,0.691,0.000,0.309
29000,0.516,0.000,0.484
29500,0.528,0.000,0.472
30000,0.647,0.000,0.353
30500,0.644,0.000,0.356
31000,0.639,0.000,0.361
31500,0.557,0.000,0.443
32000,0.397,0.000,0.603
32500,0.511,0.000,0.489
33000,0.654,0.000,0.346
33500,0.770,0.000,0.230
34000,0.534,0.000,0.466
34500,0.523,0.000,0.477
35000,0.398,0.000,0.602
35500,0.505,0.000,0.495
36000,0.741,0.000,0.259
36500,0.619,0.000,0.381
37000,0.524,0.000,0.476
37500,0.497,0.000,0.503
38000,0.619,0.000,0.381
38500,0.294,0.000,0.706
39000,0.485,0.000,0.515
39500,0.541,0.000,0.459
40000,0.497,0.000,0.503
40500,0.562,0.000,0.438
41000,0.586,0.000,0.414
41500,0.475,0.000,0.525
42000,0.872,0.000,0.128
42500,0.992,0.000,0.008
43000,1.000,0.000,0.000
