time,n_A+p,n_B,n_AB
500,0.010,0.989,0.001
1000,0.010,0.984,0.006
1500,0.010,0.984,0.006
2000,0.010,0.982,0.008
2500,0.010,0.980,0.010
3000,0.010,0.977,0.013
3500,0.010,0.975,0.015
4000,0.010,0.975,0.015
4500,0.010,0.971,0.019
5000,0.011,0.966,0.024
5500,0.011,0.963,0.027
6000,0.011,0.962,0.028
6500,0.010,0.959,0.031
7000,0.010,0.957,0.033
7500,0.010,0.952,0.038
8000,0.011,0.951,0.038
8500,0.011,0.952,0.037
9000,0.011,0.947,0.042
9500,0.011,0.947,0.043
10000,0.011,0.943,0.047
10500,0.011,0.940,0.050
11000,0.011,0.937,0.052
11500,0.011,0.935,0.054
12000,0.011,0.926,0.062
12500,0.011,0.929,0.059
13000,0.011,0.924,0.065
13500,0.012,0.922,0.066
14000,0.011,0.920,0.069
14500,0.011,0.912,0.077
15000,0.011,0.914,0.075
15500,0.010,0.915,0.075
16000,0.010,0.912,0.078
16500,0.012,0.910,0.078
17000,0.013,0.908,0.079
17500,0.013,0.912,0.075
18000,0.013,0.912,0.075
18500,0.012,0.911,0.077
19000,0.013,0.911,0.076
19500,0.013,0.909,0.078
20000,0.013,0.910,0.078
20500,0.011,0.903,0.085
21000,0.012,0.910,0.078
21500,0.013,0.904,0.082
22000,0.014,0.905,0.081
22500,0.013,0.903,0.084
23000,0.013,0.897,0.091
23500,0.013,0.894,0.093
24000,0.012,0.890,0.098
24500,0.013,0.898,0.089
25000,0.013,0.904,0.083
25500,0.013,0.894,0.093
26000,0.012,0.893,0.095
26500,0.013,0.886,0.102
27000,0.014,0.880,0.106
27500,0.014,0.876,0.110
28000,0.014,0.871,0.115
28500,0.015,0.865,0.121
29000,0.015,0.865,0.120
29500,0.015,0.860,0.125
30000,0.018,0.853,0.129
30500,0.017,0.850,0.134
31000,0.018,0.848,0.135
31500,0.019,0.852,0.129
32000,0.019,0.852,0.129
32500,0.019,0.844,0.137
33000,0.024,0.833,0.144
33500,0.025,0.834,0.141
34000,0.022,0.834,0.144
34500,0.021,0.839,0.140
35000,0.022,0.842,0.136
35500,0.025,0.832,0.143
36000,0.024,0.838,0.138
36500,0.022,0.830,0.148
37000,0.021,0.828,0.151
37500,0.024,0.825,0.151
38000,0.022,0.826,0.152
38500,0.021,0.823,0.156
39000,0.021,0.820,0.159
39500,0.020,0.812,0.168
40000,0.021,0.811,0.168
40500,0.021,0.803,0.176
41000,0.019,0.791,0.190
41500,0.019,0.793,0.187
42000,0.020,0.794,0.186
42500,0.022,0.792,0.186
43000,0.021,0.786,0.192
43500,0.019,0.792,0.188
44000,0.022,0.785,0.193
44500,0.019,0.786,0.195
45000,0.021,0.796,0.182
45500,0.021,0.788,0.190
46000,0.025,0.783,0.192
46500,0.028,0.782,0.191
47000,0.027,0.784,0.189
47500,0.022,0.789,0.188
48000,0.025,0.782,0.193
48500,0.025,0.779,0.196
49000,0.026,0.784,0.190
49500,0.025,0.778,0.197
50000,0.027,0.775,0.198
50500,0.031,0.767,0.202
51000,0.030,0.762,0.208
51500,0.030,0.763,0.207
52000,0.031,0.753,0.216
52500,0.034,0.743,0.224
53000,0.036,0.750,0.214
53500,0.036,0.741,0.223
54000,0.035,0.740,0.225
54500,0.034,0.742,0.225
55000,0.033,0.737,0.231
55500,0.037,0.733,0.230
56000,0.043,0.727,0.231
56500,0.038,0.722,0.240
57000,0.036,0.726,0.238
57500,0.037,0.732,0.231
58000,0.038,0.733,0.229
58500,0.037,0.726,0.237
59000,0.037,0.719,0.244
59500,0.041,0.721,0.239
60000,0.044,0.727,0.229
60500,0.044,0.728,0.228
61000,0.042,0.726,0.232
61500,0.039,0.723,0.238
62000,0.039,0.727,0.234
62500,0.042,0.725,0.233
63000,0.042,0.721,0.238
63500,0.045,0.722,0.233
64000,0.044,0.724,0.232
64500,0.044,0.715,0.241
65000,0.040,0.722,0.238
65500,0.041,0.725,0.234
66000,0.043,0.726,0.231
66500,0.045,0.731,0.224
67000,0.042,0.727,0.231
67500,0.043,0.729,0.228
68000,0.041,0.730,0.229
68500,0.043,0.734,0.224
69000,0.042,0.728,0.231
69500,0.040,0.727,0.233
70000,0.041,0.722,0.237
70500,0.038,0.717,0.245
71000,0.043,0.714,0.243
71500,0.043,0.707,0.250
72000,0.042,0.713,0.245
72500,0.046,0.703,0.251
73000,0.046,0.700,0.254
73500,0.050,0.702,0.249
74000,0.056,0.683,0.261
74500,0.054,0.684,0.261
75000,0.053,0.680,0.266
75500,0.049,0.666,0.285
76000,0.051,0.662,0.286
76500,0.049,0.670,0.280
77000,0.052,0.662,0.286
77500,0.051,0.665,0.283
78000,0.054,0.662,0.283
78500,0.054,0.662,0.283
79000,0.051,0.665,0.284
79500,0.048,0.663,0.289
80000,0.046,0.665,0.289
80500,0.050,0.669,0.281
81000,0.051,0.667,0.281
81500,0.057,0.667,0.276
82000,0.053,0.663,0.283
82500,0.054,0.676,0.269
83000,0.051,0.680,0.269
83500,0.047,0.664,0.288
84000,0.042,0.670,0.288
84500,0.043,0.666,0.291
85000,0.043,0.657,0.299
85500,0.044,0.658,0.298
86000,0.050,0.665,0.285
86500,0.051,0.676,0.272
87000,0.051,0.681,0.268
87500,0.050,0.683,0.267
88000,0.051,0.679,0.269
88500,0.051,0.678,0.271
89000,0.049,0.674,0.277
89500,0.046,0.673,0.280
90000,0.044,0.669,0.286
90500,0.045,0.666,0.289
91000,0.045,0.667,0.287
91500,0.045,0.671,0.283
92000,0.044,0.672,0.284
92500,0.046,0.676,0.277
93000,0.045,0.683,0.271
93500,0.041,0.696,0.263
94000,0.040,0.696,0.265
94500,0.038,0.694,0.268
95000,0.039,0.704,0.257
95500,0.040,0.697,0.264
96000,0.041,0.702,0.257
96500,0.043,0.699,0.258
97000,0.043,0.693,0.264
97500,0.047,0.697,0.256
98000,0.049,0.692,0.260
98500,0.044,0.690,0.266
99000,0.043,0.694,0.263
99500,0.043,0.698,0.259
100000,0.043,0.701,0.257
100500,0.049,0.699,0.252
101000,0.049,0.695,0.257
101500,0.049,0.697,0.255
102000,0.044,0.702,0.254
102500,0.046,0.698,0.256
103000,0.046,0.709,0.245
103500,0.048,0.709,0.244
104000,0.045,0.705,0.250
104500,0.048,0.699,0.253
105000,0.047,0.692,0.261
105500,0.049,0.690,0.261
106000,0.050,0.699,0.251
106500,0.050,0.695,0.255
107000,0.047,0.710,0.243
107500,0.041,0.718,0.242
108000,0.039,0.719,0.242
108500,0.038,0.713,0.249
109000,0.034,0.715,0.251
109500,0.037,0.725,0.238
110000,0.041,0.725,0.235
110500,0.038,0.735,0.227
111000,0.041,0.733,0.227
111500,0.042,0.728,0.231
112000,0.041,0.731,0.228
112500,0.040,0.728,0.232
113000,0.040,0.735,0.226
113500,0.041,0.730,0.230
114000,0.041,0.736,0.224
114500,0.042,0.734,0.224
115000,0.041,0.733,0.227
115500,0.037,0.727,0.236
116000,0.034,0.725,0.242
116500,0.030,0.730,0.240
117000,0.033,0.736,0.231
117500,0.035,0.733,0.232
118000,0.039,0.732,0.229
118500,0.034,0.737,0.230
119000,0.035,0.738,0.227
119500,0.035,0.737,0.229
120000,0.035,0.742,0.223
120500,0.028,0.741,0.232
121000,0.028,0.744,0.228
121500,0.029,0.743,0.228
122000,0.025,0.746,0.229
122500,0.027,0.747,0.226
123000,0.029,0.753,0.219
123500,0.032,0.749,0.220
124000,0.034,0.752,0.214
124500,0.036,0.752,0.212
125000,0.035,0.755,0.211
125500,0.037,0.755,0.208
126000,0.039,0.752,0.209
126500,0.040,0.748,0.213
127000,0.038,0.740,0.222
127500,0.037,0.743,0.220
128000,0.041,0.744,0.215
128500,0.036,0.740,0.224
129000,0.036,0.735,0.229
129500,0.034,0.735,0.231
130000,0.035,0.740,0.225
130500,0.036,0.743,0.221
131000,0.030,0.741,0.229
131500,0.033,0.742,0.226
132000,0.035,0.728,0.238
132500,0.034,0.724,0.243
133000,0.035,0.730,0.236
133500,0.038,0.735,0.227
134000,0.037,0.741,0.222
134500,0.037,0.727,0.236
135000,0.041,0.734,0.225
135500,0.041,0.739,0.221
136000,0.037,0.734,0.229
136500,0.038,0.730,0.232
137000,0.042,0.737,0.221
137500,0.040,0.734,0.226
138000,0.042,0.728,0.231
138500,0.042,0.718,0.240
139000,0.041,0.724,0.235
139500,0.038,0.725,0.237
140000,0.037,0.721,0.242
140500,0.038,0.719,0.243
141000,0.040,0.709,0.251
141500,0.043,0.700,0.257
142000,0.040,0.696,0.264
142500,0.045,0.683,0.271
143000,0.043,0.688,0.269
143500,0.046,0.693,0.261
144000,0.046,0.687,0.267
144500,0.046,0.692,0.262
145000,0.045,0.687,0.268
145500,0.044,0.689,0.267
146000,0.041,0.686,0.273
146500,0.040,0.683,0.276
147000,0.039,0.678,0.282
147500,0.038,0.688,0.274
148000,0.038,0.686,0.276
148500,0.042,0.697,0.262
149000,0.042,0.696,0.263
149500,0.040,0.699,0.261
150000,0.043,0.695,0.262
150500,0.044,0.691,0.265
151000,0.043,0.706,0.251
151500,0.044,0.702,0.254
152000,0.050,0.705,0.246
152500,0.045,0.703,0.252
153000,0.043,0.704,0.253
153500,0.041,0.700,0.260
154000,0.038,0.707,0.255
154500,0.035,0.705,0.261
155000,0.036,0.710,0.254
155500,0.035,0.710,0.255
156000,0.042,0.712,0.246
156500,0.043,0.712,0.245
157000,0.045,0.704,0.251
157500,0.046,0.707,0.247
158000,0.042,0.704,0.255
158500,0.042,0.704,0.255
159000,0.043,0.708,0.249
159500,0.042,0.705,0.253
160000,0.043,0.707,0.250
160500,0.041,0.701,0.258
161000,0.042,0.712,0.247
161500,0.045,0.703,0.252
162000,0.049,0.703,0.249
162500,0.049,0.684,0.267
163000,0.047,0.684,0.268
163500,0.046,0.679,0.274
164000,0.049,0.675,0.276
164500,0.052,0.685,0.262
165000,0.050,0.677,0.273
165500,0.050,0.681,0.269
166000,0.053,0.685,0.261
166500,0.059,0.673,0.268
167000,0.056,0.673,0.271
167500,0.057,0.673,0.270
168000,0.053,0.665,0.281
168500,0.054,0.656,0.289
169000,0.059,0.662,0.278
169500,0.057,0.666,0.277
170000,0.050,0.671,0.278
170500,0.052,0.670,0.277
171000,0.048,0.677,0.275
171500,0.048,0.676,0.276
172000,0.047,0.672,0.280
172500,0.054,0.677,0.269
173000,0.052,0.692,0.256
173500,0.050,0.691,0.260
174000,0.053,0.682,0.265
174500,0.053,0.681,0.265
175000,0.056,0.674,0.269
175500,0.058,0.678,0.263
176000,0.059,0.678,0.263
176500,0.059,0.681,0.260
177000,0.056,0.680,0.264
177500,0.056,0.672,0.272
178000,0.060,0.671,0.268
178500,0.057,0.671,0.272
179000,0.052,0.675,0.272
179500,0.054,0.679,0.267
180000,0.057,0.681,0.262
180500,0.057,0.674,0.268
181000,0.059,0.671,0.270
181500,0.059,0.666,0.275
182000,0.058,0.663,0.279
182500,0.061,0.666,0.272
183000,0.057,0.662,0.281
183500,0.057,0.659,0.284
184000,0.057,0.663,0.279
184500,0.055,0.669,0.276
185000,0.054,0.661,0.284
185500,0.052,0.662,0.285
186000,0.052,0.651,0.297
186500,0.052,0.655,0.292
187000,0.057,0.661,0.282
187500,0.059,0.659,0.282
188000,0.056,0.658,0.286
188500,0.062,0.658,0.279
189000,0.058,0.664,0.278
189500,0.057,0.664,0.279
190000,0.059,0.656,0.284
190500,0.058,0.656,0.286
191000,0.062,0.653,0.284
191500,0.064,0.653,0.283
192000,0.063,0.655,0.282
192500,0.064,0.649,0.287
193000,0.061,0.637,0.301
193500,0.064,0.628,0.308
194000,0.062,0.628,0.309
194500,0.066,0.635,0.299
195000,0.059,0.627,0.314
195500,0.061,0.632,0.307
196000,0.056,0.628,0.317
196500,0.061,0.626,0.313
197000,0.067,0.622,0.312
197500,0.065,0.622,0.314
198000,0.060,0.628,0.311
198500,0.057,0.629,0.315
199000,0.059,0.635,0.305
199500,0.058,0.632,0.310
200000,0.060,0.634,0.305
200500,0.058,0.637,0.305
201000,0.054,0.637,0.309
201500,0.064,0.644,0.292
202000,0.064,0.642,0.293
202500,0.066,0.638,0.296
203000,0.064,0.643,0.293
203500,0.062,0.654,0.283
204000,0.062,0.650,0.288
204500,0.060,0.646,0.293
205000,0.063,0.631,0.306
205500,0.060,0.628,0.311
206000,0.063,0.629,0.308
206500,0.064,0.635,0.301
207000,0.064,0.636,0.300
207500,0.065,0.638,0.297
208000,0.066,0.640,0.294
208500,0.064,0.638,0.298
209000,0.065,0.641,0.294
209500,0.066,0.635,0.299
210000,0.069,0.640,0.291
210500,0.069,0.636,0.295
211000,0.072,0.641,0.286
211500,0.068,0.649,0.283
212000,0.064,0.649,0.287
212500,0.067,0.636,0.297
213000,0.060,0.638,0.302
213500,0.058,0.649,0.293
214000,0.057,0.642,0.301
214500,0.056,0.636,0.308
215000,0.060,0.632,0.308
215500,0.062,0.635,0.302
216000,0.064,0.632,0.304
216500,0.062,0.625,0.312
217000,0.069,0.626,0.305
217500,0.072,0.625,0.303
218000,0.065,0.621,0.315
218500,0.061,0.633,0.306
219000,0.067,0.626,0.307
219500,0.071,0.622,0.307
220000,0.072,0.613,0.315
220500,0.077,0.599,0.324
221000,0.078,0.598,0.324
221500,0.075,0.605,0.320
222000,0.076,0.604,0.320
222500,0.071,0.604,0.326
223000,0.079,0.608,0.314
223500,0.082,0.612,0.306
224000,0.076,0.605,0.319
224500,0.075,0.604,0.321
225000,0.073,0.599,0.328
225500,0.070,0.604,0.326
226000,0.071,0.596,0.333
226500,0.069,0.591,0.340
227000,0.065,0.599,0.336
227500,0.071,0.586,0.343
228000,0.081,0.586,0.333
228500,0.083,0.595,0.323
229000,0.090,0.581,0.330
229500,0.093,0.576,0.331
230000,0.097,0.578,0.325
230500,0.101,0.575,0.325
231000,0.098,0.571,0.331
231500,0.104,0.576,0.320
232000,0.098,0.572,0.331
232500,0.095,0.565,0.340
233000,0.092,0.570,0.338
233500,0.095,0.568,0.338
234000,0.092,0.565,0.343
234500,0.090,0.568,0.342
235000,0.086,0.570,0.344
235500,0.091,0.571,0.338
236000,0.090,0.573,0.337
236500,0.091,0.581,0.328
237000,0.086,0.588,0.327
237500,0.090,0.585,0.325
238000,0.086,0.576,0.338
238500,0.087,0.574,0.339
239000,0.085,0.581,0.335
239500,0.086,0.594,0.321
240000,0.089,0.581,0.331
240500,0.087,0.579,0.334
241000,0.091,0.571,0.339
241500,0.096,0.558,0.346
242000,0.091,0.558,0.350
242500,0.093,0.549,0.357
243000,0.097,0.550,0.353
243500,0.097,0.531,0.372
244000,0.098,0.530,0.372
244500,0.096,0.529,0.375
245000,0.097,0.540,0.363
245500,0.088,0.541,0.370
246000,0.090,0.548,0.362
246500,0.090,0.545,0.364
247000,0.095,0.533,0.372
247500,0.095,0.522,0.383
248000,0.096,0.520,0.384
248500,0.099,0.520,0.381
249000,0.097,0.518,0.385
249500,0.096,0.527,0.377
250000,0.097,0.524,0.379
250500,0.108,0.530,0.362
251000,0.107,0.522,0.370
251500,0.112,0.518,0.370
252000,0.112,0.522,0.366
252500,0.108,0.517,0.375
253000,0.105,0.521,0.374
253500,0.107,0.527,0.365
254000,0.112,0.532,0.356
254500,0.107,0.532,0.361
255000,0.108,0.536,0.356
255500,0.108,0.529,0.362
256000,0.107,0.523,0.370
256500,0.100,0.518,0.382
257000,0.096,0.516,0.388
257500,0.103,0.508,0.389
258000,0.114,0.511,0.375
258500,0.117,0.507,0.376
259000,0.120,0.502,0.377
259500,0.121,0.504,0.375
260000,0.117,0.504,0.379
260500,0.115,0.514,0.371
261000,0.125,0.525,0.350
261500,0.127,0.521,0.352
262000,0.129,0.522,0.349
262500,0.126,0.511,0.363
263000,0.122,0.502,0.375
263500,0.122,0.507,0.371
264000,0.122,0.516,0.362
264500,0.127,0.518,0.355
265000,0.124,0.514,0.361
265500,0.125,0.504,0.371
266000,0.124,0.502,0.373
266500,0.119,0.487,0.394
267000,0.125,0.478,0.397
267500,0.131,0.480,0.389
268000,0.131,0.476,0.393
268500,0.131,0.482,0.387
269000,0.126,0.484,0.390
269500,0.126,0.478,0.396
270000,0.119,0.490,0.391
270500,0.125,0.501,0.374
271000,0.118,0.496,0.386
271500,0.122,0.504,0.373
272000,0.123,0.502,0.374
272500,0.121,0.504,0.375
273000,0.123,0.496,0.381
273500,0.128,0.500,0.372
274000,0.127,0.492,0.381
274500,0.124,0.495,0.380
275000,0.118,0.501,0.381
275500,0.116,0.504,0.380
276000,0.122,0.517,0.361
276500,0.120,0.513,0.366
277000,0.113,0.502,0.385
277500,0.117,0.493,0.390
278000,0.114,0.510,0.376
278500,0.110,0.496,0.394
279000,0.113,0.494,0.393
279500,0.118,0.492,0.389
280000,0.115,0.487,0.398
280500,0.119,0.489,0.392
281000,0.120,0.481,0.398
281500,0.131,0.486,0.383
282000,0.133,0.486,0.381
282500,0.128,0.487,0.385
283000,0.126,0.489,0.385
283500,0.120,0.494,0.386
284000,0.122,0.485,0.392
284500,0.124,0.486,0.390
285000,0.135,0.477,0.388
285500,0.128,0.476,0.397
286000,0.128,0.482,0.391
286500,0.126,0.480,0.395
287000,0.124,0.471,0.405
287500,0.120,0.471,0.408
288000,0.127,0.479,0.394
288500,0.130,0.485,0.385
289000,0.128,0.488,0.385
289500,0.133,0.484,0.383
290000,0.135,0.486,0.379
290500,0.139,0.485,0.376
291000,0.141,0.492,0.366
291500,0.131,0.484,0.385
292000,0.131,0.487,0.382
292500,0.129,0.481,0.390
293000,0.138,0.469,0.393
293500,0.136,0.465,0.399
294000,0.134,0.467,0.399
294500,0.132,0.473,0.395
295000,0.132,0.467,0.401
295500,0.121,0.473,0.406
296000,0.129,0.469,0.402
296500,0.126,0.474,0.401
297000,0.122,0.486,0.391
297500,0.122,0.484,0.393
298000,0.120,0.489,0.390
298500,0.120,0.486,0.394
299000,0.124,0.485,0.391
299500,0.128,0.490,0.382
300000,0.130,0.476,0.394
300500,0.129,0.465,0.406
301000,0.135,0.452,0.413
301500,0.134,0.466,0.401
302000,0.136,0.473,0.391
302500,0.136,0.462,0.403
303000,0.132,0.463,0.406
303500,0.129,0.477,0.394
304000,0.124,0.482,0.394
304500,0.125,0.480,0.395
305000,0.128,0.483,0.389
305500,0.128,0.488,0.384
306000,0.131,0.502,0.367
306500,0.134,0.494,0.372
307000,0.139,0.499,0.362
307500,0.133,0.492,0.375
308000,0.130,0.486,0.384
308500,0.136,0.481,0.384
309000,0.136,0.477,0.387
309500,0.132,0.469,0.399
310000,0.139,0.470,0.391
310500,0.148,0.475,0.377
311000,0.147,0.470,0.383
311500,0.141,0.463,0.396
312000,0.128,0.459,0.413
312500,0.136,0.454,0.410
313000,0.142,0.455,0.403
313500,0.147,0.466,0.387
314000,0.142,0.464,0.394
314500,0.148,0.458,0.394
315000,0.146,0.453,0.401
315500,0.146,0.451,0.403
316000,0.155,0.450,0.395
316500,0.161,0.448,0.391
317000,0.158,0.443,0.399
317500,0.158,0.447,0.396
318000,0.163,0.448,0.389
318500,0.161,0.445,0.394
319000,0.149,0.452,0.399
319500,0.158,0.447,0.395
320000,0.163,0.435,0.403
320500,0.164,0.424,0.412
321000,0.150,0.419,0.430
321500,0.160,0.422,0.419
322000,0.162,0.415,0.423
322500,0.173,0.409,0.417
323000,0.172,0.416,0.412
323500,0.176,0.415,0.409
324000,0.173,0.421,0.406
324500,0.172,0.418,0.410
325000,0.181,0.418,0.401
325500,0.181,0.414,0.404
326000,0.190,0.414,0.396
326500,0.185,0.423,0.392
327000,0.181,0.418,0.401
327500,0.180,0.414,0.406
328000,0.177,0.405,0.418
328500,0.173,0.407,0.420
329000,0.172,0.401,0.428
329500,0.177,0.397,0.426
330000,0.181,0.391,0.428
330500,0.173,0.392,0.435
331000,0.173,0.391,0.436
331500,0.172,0.389,0.439
332000,0.171,0.393,0.436
332500,0.175,0.394,0.431
333000,0.178,0.401,0.421
333500,0.174,0.395,0.431
334000,0.179,0.396,0.425
334500,0.170,0.407,0.423
335000,0.172,0.410,0.418
335500,0.171,0.415,0.414
336000,0.177,0.427,0.396
336500,0.178,0.417,0.405
337000,0.179,0.405,0.416
337500,0.184,0.412,0.403
338000,0.178,0.408,0.414
338500,0.173,0.409,0.417
339000,0.172,0.411,0.417
339500,0.175,0.413,0.412
340000,0.172,0.408,0.420
340500,0.172,0.417,0.410
341000,0.163,0.412,0.425
341500,0.170,0.416,0.413
342000,0.174,0.418,0.408
342500,0.170,0.418,0.412
343000,0.165,0.417,0.418
343500,0.171,0.421,0.407
344000,0.163,0.426,0.411
344500,0.170,0.420,0.411
345000,0.158,0.421,0.420
345500,0.160,0.415,0.425
346000,0.153,0.424,0.423
346500,0.154,0.426,0.420
347000,0.151,0.432,0.416
347500,0.154,0.436,0.410
348000,0.166,0.437,0.397
348500,0.160,0.434,0.406
349000,0.167,0.412,0.421
349500,0.164,0.407,0.429
350000,0.168,0.409,0.424
350500,0.170,0.414,0.415
351000,0.173,0.405,0.422
351500,0.164,0.397,0.439
352000,0.172,0.393,0.435
352500,0.181,0.403,0.416
353000,0.185,0.399,0.415
353500,0.188,0.394,0.418
354000,0.182,0.398,0.421
354500,0.188,0.398,0.414
355000,0.186,0.394,0.421
355500,0.188,0.403,0.409
356000,0.177,0.399,0.423
356500,0.173,0.397,0.430
357000,0.180,0.400,0.420
357500,0.177,0.404,0.419
358000,0.165,0.406,0.430
358500,0.172,0.406,0.422
359000,0.172,0.409,0.419
359500,0.179,0.407,0.413
360000,0.172,0.410,0.417
360500,0.174,0.397,0.429
361000,0.177,0.397,0.425
361500,0.175,0.399,0.426
362000,0.168,0.401,0.432
362500,0.174,0.408,0.418
363000,0.177,0.409,0.413
363500,0.172,0.406,0.421
364000,0.179,0.409,0.411
364500,0.177,0.406,0.416
365000,0.196,0.406,0.399
365500,0.197,0.410,0.392
366000,0.190,0.401,0.409
366500,0.186,0.397,0.417
367000,0.189,0.397,0.414
367500,0.188,0.398,0.415
368000,0.176,0.393,0.430
368500,0.184,0.400,0.416
369000,0.190,0.401,0.409
369500,0.192,0.390,0.418
370000,0.198,0.381,0.422
370500,0.201,0.373,0.426
371000,0.198,0.375,0.427
371500,0.203,0.379,0.419
372000,0.193,0.390,0.418
372500,0.200,0.386,0.415
373000,0.200,0.384,0.416
373500,0.203,0.392,0.404
374000,0.211,0.400,0.390
374500,0.185,0.385,0.429
375000,0.192,0.383,0.425
375500,0.193,0.386,0.421
376000,0.193,0.377,0.430
376500,0.177,0.377,0.446
377000,0.176,0.375,0.449
377500,0.179,0.374,0.446
378000,0.186,0.376,0.438
378500,0.173,0.376,0.451
379000,0.172,0.383,0.446
379500,0.180,0.380,0.441
380000,0.178,0.371,0.451
380500,0.182,0.375,0.443
381000,0.190,0.372,0.438
381500,0.197,0.378,0.426
382000,0.198,0.360,0.443
382500,0.204,0.341,0.454
383000,0.213,0.349,0.437
383500,0.209,0.355,0.435
384000,0.217,0.359,0.424
384500,0.217,0.365,0.418
385000,0.211,0.362,0.426
385500,0.211,0.356,0.433
386000,0.207,0.355,0.438
386500,0.194,0.348,0.458
387000,0.198,0.348,0.454
387500,0.199,0.340,0.461
388000,0.199,0.335,0.466
388500,0.202,0.337,0.461
389000,0.205,0.341,0.453
389500,0.200,0.338,0.463
390000,0.214,0.341,0.444
390500,0.207,0.342,0.452
391000,0.215,0.345,0.440
391500,0.209,0.346,0.445
392000,0.219,0.355,0.426
392500,0.226,0.357,0.417
393000,0.231,0.347,0.422
393500,0.226,0.345,0.429
394000,0.224,0.346,0.430
394500,0.216,0.351,0.432
395000,0.226,0.356,0.418
395500,0.227,0.365,0.408
396000,0.230,0.363,0.407
396500,0.224,0.356,0.420
397000,0.227,0.341,0.432
397500,0.224,0.343,0.433
398000,0.218,0.347,0.434
398500,0.219,0.352,0.429
399000,0.210,0.357,0.432
399500,0.201,0.356,0.442
400000,0.203,0.349,0.448
400500,0.203,0.347,0.451
401000,0.206,0.354,0.439
401500,0.200,0.360,0.441
402000,0.211,0.357,0.432
402500,0.224,0.349,0.427
403000,0.218,0.358,0.423
403500,0.208,0.353,0.439
404000,0.203,0.359,0.438
404500,0.201,0.364,0.434
405000,0.199,0.364,0.437
405500,0.198,0.365,0.438
406000,0.192,0.368,0.440
406500,0.187,0.365,0.448
407000,0.180,0.367,0.453
407500,0.176,0.365,0.459
408000,0.180,0.358,0.462
408500,0.191,0.357,0.452
409000,0.194,0.352,0.454
409500,0.199,0.354,0.448
410000,0.200,0.358,0.442
410500,0.195,0.351,0.455
411000,0.190,0.369,0.441
411500,0.204,0.364,0.431
412000,0.207,0.364,0.429
412500,0.213,0.357,0.429
413000,0.214,0.363,0.423
413500,0.203,0.364,0.433
414000,0.204,0.375,0.420
414500,0.209,0.385,0.407
415000,0.204,0.383,0.412
415500,0.207,0.378,0.416
416000,0.205,0.369,0.426
416500,0.204,0.366,0.429
417000,0.202,0.369,0.429
417500,0.205,0.370,0.424
418000,0.199,0.361,0.440
418500,0.203,0.363,0.434
419000,0.203,0.367,0.429
419500,0.201,0.380,0.419
420000,0.200,0.377,0.424
420500,0.195,0.390,0.415
421000,0.199,0.380,0.421
421500,0.200,0.376,0.424
422000,0.199,0.356,0.446
422500,0.205,0.359,0.435
423000,0.202,0.367,0.431
423500,0.195,0.369,0.436
424000,0.191,0.374,0.435
424500,0.198,0.371,0.431
425000,0.195,0.379,0.426
425500,0.187,0.382,0.431
426000,0.184,0.388,0.427
426500,0.185,0.382,0.432
427000,0.187,0.382,0.431
427500,0.192,0.381,0.428
428000,0.187,0.399,0.414
428500,0.189,0.383,0.428
429000,0.183,0.392,0.425
429500,0.184,0.398,0.417
430000,0.189,0.397,0.414
430500,0.193,0.398,0.410
431000,0.186,0.388,0.425
431500,0.196,0.391,0.413
432000,0.199,0.398,0.403
432500,0.196,0.393,0.411
433000,0.195,0.393,0.412
433500,0.204,0.390,0.407
434000,0.202,0.383,0.415
434500,0.202,0.382,0.417
435000,0.209,0.375,0.415
435500,0.212,0.372,0.416
436000,0.211,0.370,0.418
436500,0.219,0.367,0.414
437000,0.222,0.359,0.419
437500,0.217,0.356,0.426
438000,0.224,0.350,0.426
438500,0.218,0.342,0.441
439000,0.224,0.340,0.437
439500,0.218,0.347,0.435
440000,0.218,0.344,0.439
440500,0.220,0.346,0.434
441000,0.225,0.332,0.443
441500,0.218,0.331,0.451
442000,0.230,0.341,0.429
442500,0.239,0.328,0.433
443000,0.237,0.332,0.431
443500,0.235,0.330,0.435
444000,0.228,0.322,0.450
444500,0.231,0.326,0.443
445000,0.242,0.324,0.434
445500,0.247,0.326,0.427
446000,0.259,0.312,0.429
446500,0.255,0.301,0.444
447000,0.251,0.306,0.443
447500,0.245,0.305,0.449
448000,0.245,0.309,0.445
448500,0.247,0.303,0.450
449000,0.259,0.307,0.433
449500,0.249,0.312,0.438
450000,0.244,0.308,0.448
450500,0.251,0.314,0.435
451000,0.238,0.309,0.452
451500,0.241,0.298,0.460
452000,0.243,0.309,0.448
452500,0.246,0.307,0.446
453000,0.242,0.325,0.433
453500,0.247,0.330,0.422
454000,0.241,0.315,0.444
454500,0.245,0.317,0.438
455000,0.244,0.313,0.443
455500,0.240,0.314,0.446
456000,0.248,0.319,0.433
456500,0.248,0.314,0.439
457000,0.245,0.307,0.448
457500,0.244,0.305,0.450
458000,0.240,0.295,0.464
458500,0.250,0.306,0.444
459000,0.257,0.310,0.433
459500,0.252,0.302,0.446
460000,0.256,0.296,0.448
460500,0.264,0.301,0.435
461000,0.277,0.295,0.429
461500,0.272,0.293,0.435
462000,0.268,0.288,0.444
462500,0.281,0.281,0.439
463000,0.280,0.281,0.439
463500,0.270,0.280,0.451
464000,0.260,0.279,0.462
464500,0.264,0.266,0.470
465000,0.255,0.277,0.469
465500,0.258,0.282,0.460
466000,0.252,0.294,0.454
466500,0.251,0.301,0.449
467000,0.252,0.312,0.436
467500,0.251,0.305,0.445
468000,0.256,0.303,0.441
468500,0.252,0.296,0.452
469000,0.251,0.308,0.442
469500,0.247,0.302,0.450
470000,0.242,0.292,0.466
470500,0.242,0.288,0.469
471000,0.246,0.279,0.475
471500,0.249,0.283,0.467
472000,0.242,0.292,0.465
472500,0.243,0.304,0.452
473000,0.239,0.306,0.454
473500,0.239,0.310,0.451
474000,0.240,0.311,0.449
474500,0.242,0.303,0.455
475000,0.243,0.290,0.466
475500,0.249,0.286,0.465
476000,0.255,0.277,0.469
476500,0.262,0.274,0.464
477000,0.262,0.284,0.454
477500,0.262,0.290,0.448
478000,0.246,0.287,0.466
478500,0.245,0.300,0.454
479000,0.235,0.314,0.452
479500,0.233,0.311,0.456
480000,0.225,0.314,0.462
480500,0.226,0.317,0.458
481000,0.229,0.319,0.452
481500,0.217,0.315,0.469
482000,0.223,0.321,0.456
482500,0.230,0.322,0.449
483000,0.234,0.320,0.446
483500,0.227,0.333,0.441
484000,0.216,0.351,0.432
484500,0.209,0.348,0.443
485000,0.207,0.344,0.449
485500,0.212,0.334,0.453
486000,0.213,0.332,0.455
486500,0.213,0.342,0.444
487000,0.221,0.337,0.442
487500,0.217,0.344,0.439
488000,0.218,0.342,0.440
488500,0.214,0.328,0.459
489000,0.225,0.323,0.452
489500,0.226,0.334,0.440
490000,0.229,0.337,0.435
490500,0.228,0.344,0.428
491000,0.229,0.341,0.431
491500,0.234,0.333,0.433
492000,0.231,0.332,0.438
492500,0.232,0.332,0.436
493000,0.232,0.331,0.437
493500,0.226,0.325,0.449
494000,0.229,0.329,0.442
494500,0.233,0.339,0.428
495000,0.231,0.344,0.426
495500,0.230,0.333,0.437
496000,0.235,0.340,0.425
496500,0.237,0.332,0.431
497000,0.249,0.342,0.409
497500,0.234,0.340,0.426
498000,0.242,0.336,0.422
498500,0.233,0.335,0.432
499000,0.240,0.337,0.423
499500,0.241,0.338,0.421
500000,0.244,0.332,0.424
500500,0.231,0.346,0.423
501000,0.221,0.350,0.429
501500,0.222,0.355,0.423
502000,0.219,0.351,0.430
502500,0.218,0.364,0.417
503000,0.218,0.357,0.424
503500,0.230,0.355,0.415
504000,0.222,0.344,0.435
504500,0.226,0.344,0.430
505000,0.219,0.354,0.427
505500,0.225,0.350,0.425
506000,0.218,0.352,0.429
506500,0.214,0.359,0.427
507000,0.210,0.360,0.429
507500,0.213,0.359,0.427
508000,0.206,0.350,0.444
508500,0.205,0.346,0.449
509000,0.210,0.343,0.446
509500,0.215,0.340,0.445
510000,0.223,0.339,0.439
510500,0.232,0.331,0.437
511000,0.231,0.330,0.440
511500,0.234,0.329,0.437
512000,0.236,0.330,0.434
512500,0.238,0.331,0.431
513000,0.241,0.328,0.431
513500,0.236,0.319,0.445
514000,0.236,0.314,0.450
514500,0.240,0.320,0.440
515000,0.254,0.312,0.433
515500,0.248,0.305,0.447
516000,0.250,0.309,0.441
516500,0.245,0.303,0.452
517000,0.246,0.296,0.458
517500,0.253,0.301,0.447
518000,0.256,0.320,0.425
518500,0.256,0.308,0.436
519000,0.247,0.294,0.458
519500,0.246,0.296,0.457
520000,0.234,0.299,0.467
520500,0.227,0.311,0.462
521000,0.241,0.310,0.449
521500,0.236,0.317,0.448
522000,0.232,0.305,0.463
522500,0.235,0.307,0.458
523000,0.243,0.309,0.448
523500,0.249,0.313,0.438
524000,0.254,0.306,0.440
524500,0.251,0.327,0.423
525000,0.241,0.329,0.429
525500,0.243,0.333,0.423
526000,0.252,0.335,0.414
526500,0.249,0.318,0.433
527000,0.251,0.305,0.444
527500,0.248,0.303,0.449
528000,0.257,0.293,0.451
528500,0.261,0.293,0.446
529000,0.256,0.294,0.450
529500,0.257,0.296,0.447
530000,0.254,0.294,0.452
530500,0.263,0.287,0.450
531000,0.269,0.281,0.450
531500,0.273,0.277,0.451
532000,0.280,0.274,0.446
532500,0.286,0.268,0.446
533000,0.289,0.266,0.446
533500,0.292,0.263,0.445
534000,0.297,0.251,0.452
534500,0.296,0.255,0.449
535000,0.308,0.259,0.433
535500,0.309,0.258,0.433
536000,0.312,0.251,0.437
536500,0.315,0.260,0.426
537000,0.303,0.265,0.433
537500,0.309,0.253,0.438
538000,0.305,0.244,0.451
538500,0.308,0.243,0.449
539000,0.296,0.246,0.457
539500,0.309,0.248,0.443
540000,0.317,0.245,0.438
540500,0.313,0.237,0.450
541000,0.312,0.236,0.452
541500,0.303,0.239,0.458
542000,0.306,0.244,0.450
542500,0.302,0.236,0.462
543000,0.312,0.233,0.455
543500,0.323,0.234,0.444
544000,0.321,0.233,0.447
544500,0.326,0.223,0.451
545000,0.326,0.232,0.442
545500,0.330,0.223,0.447
546000,0.329,0.230,0.442
546500,0.326,0.219,0.456
547000,0.325,0.224,0.452
547500,0.323,0.219,0.459
548000,0.327,0.218,0.455
548500,0.336,0.217,0.447
549000,0.332,0.225,0.444
549500,0.335,0.232,0.433
550000,0.335,0.242,0.423
550500,0.341,0.238,0.421
551000,0.344,0.236,0.420
551500,0.338,0.234,0.428
552000,0.344,0.228,0.428
552500,0.342,0.224,0.434
553000,0.349,0.213,0.438
553500,0.350,0.222,0.428
554000,0.353,0.229,0.418
554500,0.364,0.221,0.415
555000,0.366,0.222,0.412
555500,0.348,0.218,0.433
556000,0.345,0.216,0.439
556500,0.351,0.212,0.437
557000,0.361,0.206,0.432
557500,0.365,0.196,0.439
558000,0.371,0.183,0.446
558500,0.367,0.178,0.454
559000,0.369,0.186,0.445
559500,0.353,0.194,0.453
560000,0.364,0.197,0.439
560500,0.364,0.192,0.445
561000,0.368,0.204,0.427
561500,0.382,0.196,0.423
562000,0.369,0.200,0.431
562500,0.366,0.201,0.433
563000,0.371,0.195,0.434
563500,0.367,0.205,0.427
564000,0.351,0.203,0.446
564500,0.346,0.206,0.448
565000,0.354,0.206,0.439
565500,0.353,0.210,0.436
566000,0.348,0.204,0.447
566500,0.345,0.200,0.455
567000,0.355,0.202,0.444
567500,0.363,0.196,0.441
568000,0.368,0.198,0.433
568500,0.370,0.191,0.438
569000,0.361,0.182,0.457
569500,0.365,0.184,0.450
570000,0.355,0.185,0.460
570500,0.356,0.194,0.450
571000,0.361,0.182,0.456
571500,0.361,0.183,0.456
572000,0.361,0.180,0.458
572500,0.367,0.168,0.465
573000,0.374,0.180,0.446
573500,0.373,0.183,0.444
574000,0.378,0.189,0.433
574500,0.380,0.196,0.424
575000,0.374,0.193,0.433
575500,0.370,0.197,0.432
576000,0.371,0.197,0.432
576500,0.365,0.203,0.432
577000,0.372,0.189,0.439
577500,0.382,0.192,0.426
578000,0.392,0.197,0.412
578500,0.390,0.189,0.422
579000,0.386,0.194,0.420
579500,0.392,0.186,0.422
580000,0.390,0.191,0.419
580500,0.389,0.178,0.433
581000,0.387,0.176,0.436
581500,0.388,0.173,0.440
582000,0.391,0.178,0.430
582500,0.394,0.176,0.430
583000,0.393,0.179,0.428
583500,0.394,0.184,0.421
584000,0.397,0.180,0.423
584500,0.389,0.180,0.431
585000,0.385,0.188,0.427
585500,0.384,0.191,0.425
586000,0.378,0.182,0.440
586500,0.390,0.181,0.428
587000,0.379,0.184,0.437
587500,0.380,0.196,0.425
588000,0.380,0.201,0.419
588500,0.386,0.195,0.419
589000,0.388,0.201,0.411
589500,0.384,0.201,0.415
590000,0.368,0.193,0.439
590500,0.380,0.195,0.426
591000,0.382,0.190,0.429
591500,0.373,0.197,0.430
592000,0.370,0.216,0.413
592500,0.366,0.205,0.428
593000,0.362,0.196,0.442
593500,0.354,0.210,0.435
594000,0.344,0.209,0.447
594500,0.340,0.223,0.437
595000,0.335,0.226,0.440
595500,0.355,0.225,0.420
596000,0.351,0.218,0.431
596500,0.344,0.212,0.444
597000,0.355,0.210,0.434
597500,0.368,0.203,0.429
598000,0.370,0.199,0.431
598500,0.371,0.193,0.436
599000,0.373,0.196,0.431
599500,0.372,0.194,0.433
600000,0.375,0.198,0.427
600500,0.366,0.188,0.447
601000,0.376,0.195,0.429
601500,0.383,0.191,0.426
602000,0.384,0.201,0.416
602500,0.384,0.181,0.434
603000,0.385,0.185,0.430
603500,0.388,0.178,0.434
604000,0.388,0.185,0.427
604500,0.396,0.189,0.415
605000,0.395,0.185,0.419
605500,0.394,0.187,0.419
606000,0.387,0.183,0.430
606500,0.385,0.196,0.419
607000,0.382,0.198,0.421
607500,0.382,0.193,0.425
608000,0.377,0.198,0.425
608500,0.386,0.194,0.420
609000,0.385,0.186,0.429
609500,0.397,0.186,0.417
610000,0.406,0.182,0.412
610500,0.401,0.182,0.417
611000,0.402,0.172,0.427
611500,0.407,0.170,0.423
612000,0.407,0.165,0.428
612500,0.401,0.165,0.435
613000,0.404,0.167,0.430
613500,0.397,0.165,0.439
614000,0.402,0.167,0.431
614500,0.410,0.170,0.419
615000,0.413,0.167,0.419
615500,0.421,0.161,0.418
616000,0.420,0.167,0.413
616500,0.423,0.167,0.410
617000,0.428,0.157,0.415
617500,0.433,0.149,0.417
618000,0.444,0.149,0.407
618500,0.438,0.152,0.410
619000,0.439,0.149,0.412
619500,0.433,0.149,0.417
620000,0.439,0.148,0.413
620500,0.438,0.148,0.414
621000,0.447,0.144,0.408
621500,0.450,0.141,0.409
622000,0.449,0.147,0.403
622500,0.444,0.135,0.422
623000,0.441,0.138,0.421
623500,0.452,0.131,0.418
624000,0.463,0.137,0.400
624500,0.466,0.133,0.401
625000,0.477,0.134,0.389
625500,0.481,0.129,0.391
626000,0.475,0.127,0.397
626500,0.490,0.122,0.388
627000,0.504,0.126,0.370
627500,0.505,0.123,0.371
628000,0.514,0.132,0.354
628500,0.513,0.131,0.356
629000,0.507,0.133,0.360
629500,0.501,0.128,0.371
630000,0.488,0.119,0.393
630500,0.493,0.116,0.390
631000,0.495,0.109,0.395
631500,0.509,0.116,0.375
632000,0.508,0.114,0.378
632500,0.506,0.113,0.381
633000,0.508,0.114,0.378
633500,0.505,0.117,0.378
634000,0.502,0.122,0.375
634500,0.504,0.128,0.368
635000,0.506,0.121,0.373
635500,0.505,0.117,0.379
636000,0.502,0.121,0.377
636500,0.496,0.113,0.391
637000,0.499,0.116,0.386
637500,0.505,0.119,0.376
638000,0.507,0.117,0.377
638500,0.507,0.116,0.378
639000,0.512,0.108,0.380
639500,0.523,0.106,0.370
640000,0.517,0.105,0.378
640500,0.509,0.111,0.380
641000,0.506,0.111,0.384
641500,0.503,0.113,0.384
642000,0.511,0.113,0.376
642500,0.519,0.108,0.373
643000,0.524,0.108,0.368
643500,0.522,0.108,0.369
644000,0.528,0.109,0.363
644500,0.523,0.108,0.368
645000,0.524,0.109,0.367
645500,0.513,0.105,0.382
646000,0.521,0.111,0.368
646500,0.528,0.110,0.362
647000,0.529,0.103,0.368
647500,0.529,0.099,0.372
648000,0.526,0.098,0.376
648500,0.518,0.098,0.384
649000,0.510,0.098,0.392
649500,0.512,0.093,0.395
650000,0.516,0.096,0.388
650500,0.526,0.089,0.384
651000,0.522,0.092,0.386
651500,0.523,0.096,0.381
652000,0.528,0.096,0.376
652500,0.526,0.098,0.376
653000,0.516,0.099,0.385
653500,0.530,0.096,0.374
654000,0.531,0.089,0.380
654500,0.530,0.093,0.377
655000,0.521,0.088,0.390
655500,0.523,0.098,0.379
656000,0.534,0.100,0.366
656500,0.538,0.099,0.363
657000,0.522,0.111,0.367
657500,0.510,0.115,0.375
658000,0.511,0.115,0.374
658500,0.510,0.113,0.377
659000,0.508,0.111,0.381
659500,0.501,0.103,0.395
660000,0.505,0.108,0.387
660500,0.505,0.111,0.384
661000,0.518,0.102,0.380
661500,0.524,0.101,0.375
662000,0.510,0.100,0.390
662500,0.515,0.098,0.387
663000,0.528,0.090,0.382
663500,0.532,0.092,0.375
664000,0.527,0.094,0.379
664500,0.523,0.102,0.375
665000,0.539,0.104,0.356
665500,0.535,0.100,0.365
666000,0.536,0.097,0.367
666500,0.529,0.104,0.367
667000,0.535,0.099,0.366
667500,0.542,0.104,0.354
668000,0.538,0.106,0.355
668500,0.537,0.111,0.352
669000,0.536,0.104,0.360
669500,0.538,0.102,0.360
670000,0.535,0.107,0.357
670500,0.542,0.108,0.349
671000,0.559,0.100,0.341
671500,0.572,0.099,0.330
672000,0.579,0.094,0.327
672500,0.574,0.090,0.336
673000,0.588,0.086,0.326
673500,0.582,0.088,0.330
674000,0.591,0.085,0.325
674500,0.601,0.078,0.321
675000,0.608,0.077,0.315
675500,0.607,0.070,0.324
676000,0.617,0.073,0.309
676500,0.619,0.070,0.311
677000,0.630,0.067,0.303
677500,0.631,0.062,0.306
678000,0.626,0.063,0.311
678500,0.623,0.064,0.314
679000,0.627,0.064,0.309
679500,0.625,0.062,0.313
680000,0.628,0.067,0.305
680500,0.633,0.062,0.304
681000,0.631,0.060,0.309
681500,0.628,0.055,0.317
682000,0.640,0.053,0.306
682500,0.655,0.055,0.290
683000,0.661,0.051,0.288
683500,0.671,0.054,0.275
684000,0.672,0.045,0.283
684500,0.680,0.043,0.277
685000,0.668,0.042,0.290
685500,0.667,0.043,0.289
686000,0.662,0.046,0.291
686500,0.662,0.045,0.293
687000,0.673,0.042,0.285
687500,0.679,0.044,0.277
688000,0.679,0.042,0.279
688500,0.680,0.047,0.273
689000,0.678,0.046,0.275
689500,0.673,0.048,0.279
690000,0.680,0.045,0.274
690500,0.684,0.046,0.270
691000,0.667,0.049,0.284
691500,0.668,0.043,0.289
692000,0.674,0.050,0.276
692500,0.665,0.050,0.285
693000,0.665,0.048,0.287
693500,0.664,0.045,0.291
694000,0.670,0.046,0.284
694500,0.666,0.046,0.287
695000,0.670,0.045,0.285
695500,0.661,0.048,0.291
696000,0.665,0.041,0.294
696500,0.666,0.041,0.293
697000,0.666,0.040,0.294
697500,0.673,0.041,0.286
698000,0.673,0.046,0.280
698500,0.674,0.038,0.288
699000,0.681,0.042,0.277
699500,0.679,0.035,0.285
700000,0.688,0.037,0.275
700500,0.699,0.041,0.261
701000,0.701,0.036,0.263
701500,0.705,0.035,0.261
702000,0.714,0.033,0.254
702500,0.716,0.034,0.250
703000,0.713,0.033,0.255
703500,0.701,0.036,0.263
704000,0.717,0.037,0.246
704500,0.721,0.036,0.243
705000,0.725,0.035,0.241
705500,0.721,0.029,0.251
706000,0.720,0.027,0.253
706500,0.721,0.027,0.252
707000,0.726,0.028,0.246
707500,0.726,0.026,0.248
708000,0.733,0.028,0.239
708500,0.731,0.021,0.248
709000,0.732,0.019,0.249
709500,0.733,0.017,0.251
710000,0.740,0.018,0.242
710500,0.741,0.021,0.238
711000,0.742,0.028,0.231
711500,0.742,0.025,0.233
712000,0.742,0.025,0.233
712500,0.745,0.022,0.233
713000,0.742,0.022,0.236
713500,0.743,0.021,0.236
714000,0.752,0.021,0.227
714500,0.762,0.019,0.219
715000,0.763,0.018,0.219
715500,0.769,0.018,0.212
716000,0.776,0.018,0.206
716500,0.777,0.018,0.204
717000,0.777,0.020,0.203
717500,0.774,0.018,0.208
718000,0.779,0.019,0.201
718500,0.776,0.021,0.203
719000,0.779,0.022,0.199
719500,0.783,0.025,0.192
720000,0.789,0.026,0.185
720500,0.784,0.024,0.192
721000,0.786,0.023,0.191
721500,0.784,0.023,0.193
722000,0.795,0.022,0.183
722500,0.796,0.019,0.185
723000,0.793,0.015,0.192
723500,0.785,0.015,0.200
724000,0.780,0.015,0.205
724500,0.775,0.018,0.207
725000,0.772,0.016,0.212
725500,0.780,0.018,0.202
726000,0.783,0.019,0.198
726500,0.783,0.018,0.198
727000,0.777,0.016,0.207
727500,0.785,0.013,0.202
728000,0.784,0.015,0.200
728500,0.781,0.013,0.206
729000,0.794,0.011,0.195
729500,0.803,0.011,0.185
730000,0.812,0.011,0.177
730500,0.812,0.011,0.176
731000,0.814,0.013,0.173
731500,0.820,0.011,0.169
732000,0.816,0.013,0.172
732500,0.823,0.011,0.166
733000,0.823,0.010,0.167
733500,0.832,0.012,0.156
734000,0.834,0.009,0.157
734500,0.832,0.010,0.158
735000,0.830,0.011,0.159
735500,0.827,0.013,0.160
736000,0.819,0.014,0.167
736500,0.821,0.011,0.169
737000,0.819,0.011,0.170
737500,0.819,0.010,0.171
738000,0.816,0.011,0.173
738500,0.811,0.012,0.177
739000,0.807,0.016,0.177
739500,0.812,0.017,0.171
740000,0.809,0.015,0.176
740500,0.815,0.012,0.173
741000,0.808,0.017,0.175
741500,0.800,0.015,0.185
742000,0.801,0.015,0.183
742500,0.807,0.018,0.175
743000,0.815,0.018,0.168
743500,0.819,0.018,0.163
744000,0.814,0.015,0.172
744500,0.806,0.011,0.183
745000,0.813,0.009,0.179
745500,0.815,0.006,0.179
746000,0.821,0.005,0.174
746500,0.820,0.007,0.173
747000,0.812,0.011,0.177
747500,0.812,0.012,0.175
748000,0.815,0.013,0.173
748500,0.818,0.011,0.171
749000,0.818,0.011,0.171
749500,0.821,0.013,0.166
750000,0.826,0.012,0.162
750500,0.835,0.013,0.152
751000,0.828,0.011,0.161
751500,0.829,0.011,0.160
752000,0.825,0.009,0.167
752500,0.829,0.010,0.161
753000,0.831,0.011,0.158
753500,0.831,0.012,0.157
754000,0.828,0.013,0.159
754500,0.833,0.013,0.154
755000,0.832,0.013,0.156
755500,0.831,0.013,0.156
756000,0.831,0.009,0.160
756500,0.831,0.008,0.161
757000,0.830,0.008,0.162
757500,0.834,0.011,0.155
758000,0.834,0.009,0.157
758500,0.838,0.010,0.152
759000,0.841,0.009,0.151
759500,0.840,0.009,0.151
760000,0.841,0.007,0.152
760500,0.841,0.009,0.150
761000,0.841,0.007,0.152
761500,0.839,0.006,0.155
762000,0.846,0.006,0.148
762500,0.859,0.006,0.135
763000,0.861,0.008,0.131
763500,0.862,0.009,0.130
764000,0.864,0.009,0.128
764500,0.868,0.009,0.124
765000,0.867,0.008,0.125
765500,0.861,0.006,0.133
766000,0.861,0.007,0.132
766500,0.860,0.009,0.132
767000,0.863,0.007,0.130
767500,0.863,0.007,0.130
768000,0.865,0.006,0.129
768500,0.864,0.004,0.132
769000,0.870,0.006,0.123
769500,0.870,0.007,0.123
770000,0.869,0.007,0.123
770500,0.869,0.007,0.124
771000,0.873,0.005,0.121
771500,0.879,0.008,0.113
772000,0.881,0.007,0.112
772500,0.881,0.006,0.112
773000,0.882,0.006,0.111
773500,0.886,0.005,0.109
774000,0.891,0.003,0.106
774500,0.886,0.001,0.113
775000,0.882,0.003,0.115
775500,0.879,0.003,0.118
776000,0.883,0.004,0.113
776500,0.894,0.004,0.102
777000,0.896,0.003,0.101
777500,0.900,0.002,0.098
778000,0.900,0.001,0.099
778500,0.901,0.001,0.098
779000,0.898,0.001,0.101
779500,0.901,0.002,0.097
780000,0.902,0.003,0.095
780500,0.906,0.003,0.091
781000,0.907,0.002,0.091
781500,0.907,0.003,0.090
782000,0.907,0.004,0.089
782500,0.907,0.003,0.090
783000,0.912,0.002,0.086
783500,0.909,0.003,0.088
784000,0.904,0.004,0.092
784500,0.910,0.004,0.086
785000,0.913,0.003,0.084
785500,0.912,0.003,0.085
786000,0.913,0.004,0.083
786500,0.914,0.004,0.081
787000,0.914,0.004,0.082
787500,0.917,0.004,0.079
788000,0.921,0.004,0.075
788500,0.918,0.005,0.076
789000,0.920,0.005,0.075
789500,0.917,0.004,0.079
790000,0.918,0.005,0.077
790500,0.914,0.004,0.082
791000,0.915,0.003,0.082
791500,0.917,0.004,0.079
792000,0.925,0.003,0.072
792500,0.921,0.003,0.076
793000,0.919,0.004,0.077
793500,0.921,0.002,0.077
794000,0.926,0.002,0.072
794500,0.928,0.002,0.070
795000,0.932,0.002,0.066
795500,0.938,0.002,0.061
796000,0.932,0.002,0.066
796500,0.930,0.003,0.067
797000,0.931,0.002,0.067
797500,0.933,0.002,0.065
798000,0.933,0.002,0.065
798500,0.934,0.002,0.064
799000,0.938,0.001,0.062
799500,0.935,0.002,0.063
800000,0.937,0.002,0.061
800500,0.938,0.005,0.057
801000,0.937,0.006,0.057
801500,0.934,0.005,0.060
802000,0.934,0.006,0.059
802500,0.933,0.004,0.062
803000,0.935,0.004,0.060
803500,0.938,0.002,0.060
