time,n_A+p,n_B,n_AB,avg_entropy_simp
500,0.030,0.965,0.005,0.049835
1000,0.034,0.956,0.010,0.079430
1500,0.033,0.942,0.026,0.131704
2000,0.033,0.943,0.025,0.102485
2500,0.038,0.937,0.026,0.110406
3000,0.039,0.935,0.027,0.113415
3500,0.040,0.928,0.032,0.144404
4000,0.044,0.925,0.031,0.127661
4500,0.055,0.906,0.039,0.176021
5000,0.049,0.906,0.045,0.169236
5500,0.065,0.880,0.054,0.172907
6000,0.078,0.874,0.048,0.180421
6500,0.059,0.889,0.052,0.130837
7000,0.066,0.877,0.056,0.137539
7500,0.066,0.886,0.048,0.143758
8000,0.079,0.888,0.034,0.108121
8500,0.085,0.871,0.044,0.178760
9000,0.070,0.870,0.059,0.156792
9500,0.081,0.872,0.047,0.171607
10000,0.079,0.875,0.046,0.148611
10500,0.083,0.874,0.043,0.154234
11000,0.082,0.871,0.047,0.161878
11500,0.077,0.880,0.043,0.125308
12000,0.058,0.884,0.058,0.154854
12500,0.053,0.908,0.039,0.081126
13000,0.049,0.909,0.042,0.118200
13500,0.059,0.901,0.040,0.099289
14000,0.053,0.899,0.048,0.107524
14500,0.057,0.902,0.041,0.083534
15000,0.048,0.910,0.042,0.093413
15500,0.045,0.903,0.052,0.112152
16000,0.049,0.905,0.046,0.134834
16500,0.054,0.908,0.038,0.084465
17000,0.053,0.904,0.043,0.108808
17500,0.070,0.891,0.039,0.141749
18000,0.054,0.906,0.040,0.113757
18500,0.052,0.919,0.029,0.086082
19000,0.048,0.920,0.032,0.090550
19500,0.044,0.925,0.031,0.098083
20000,0.052,0.905,0.043,0.108291
20500,0.055,0.905,0.040,0.145274
21000,0.052,0.910,0.038,0.115437
21500,0.056,0.911,0.033,0.113648
22000,0.057,0.902,0.041,0.119835
22500,0.053,0.899,0.048,0.145795
23000,0.056,0.902,0.042,0.153556
23500,0.055,0.918,0.027,0.097938
24000,0.056,0.909,0.035,0.130905
24500,0.053,0.908,0.039,0.108880
25000,0.054,0.904,0.042,0.118278
25500,0.072,0.882,0.047,0.181225
26000,0.064,0.875,0.060,0.176938
26500,0.058,0.885,0.057,0.190622
27000,0.048,0.908,0.044,0.154155
27500,0.062,0.897,0.041,0.132571
28000,0.056,0.914,0.030,0.093370
28500,0.055,0.909,0.036,0.137430
29000,0.050,0.907,0.043,0.105521
29500,0.063,0.893,0.044,0.168708
30000,0.075,0.893,0.033,0.126944
30500,0.045,0.918,0.037,0.108787
31000,0.044,0.924,0.032,0.111454
31500,0.041,0.928,0.031,0.093851
32000,0.037,0.937,0.027,0.088294
32500,0.035,0.943,0.022,0.077765
33000,0.034,0.946,0.020,0.059788
33500,0.033,0.946,0.021,0.070715
34000,0.033,0.951,0.016,0.044014
34500,0.036,0.943,0.021,0.058348
35000,0.038,0.935,0.028,0.081203
35500,0.038,0.939,0.023,0.086238
36000,0.035,0.937,0.029,0.100308
36500,0.038,0.934,0.029,0.102193
37000,0.056,0.920,0.023,0.085018
37500,0.056,0.905,0.039,0.132023
38000,0.046,0.914,0.040,0.109931
38500,0.066,0.885,0.049,0.199866
39000,0.054,0.896,0.050,0.173234
39500,0.044,0.917,0.039,0.122449
40000,0.041,0.922,0.037,0.098488
40500,0.040,0.934,0.027,0.064805
41000,0.038,0.934,0.029,0.081208
41500,0.033,0.938,0.030,0.062487
42000,0.034,0.934,0.033,0.095767
42500,0.048,0.927,0.025,0.093140
43000,0.046,0.921,0.033,0.095073
43500,0.047,0.924,0.029,0.135342
44000,0.039,0.931,0.031,0.095050
44500,0.037,0.932,0.032,0.086159
45000,0.043,0.926,0.031,0.104769
45500,0.039,0.934,0.028,0.074305
46000,0.042,0.928,0.030,0.085515
46500,0.042,0.931,0.028,0.086294
47000,0.040,0.932,0.029,0.071133
47500,0.045,0.920,0.035,0.108007
48000,0.043,0.922,0.035,0.093102
48500,0.047,0.916,0.037,0.070112
49000,0.055,0.895,0.050,0.154920
49500,0.056,0.887,0.057,0.143558
50000,0.048,0.888,0.064,0.161353
50500,0.070,0.888,0.042,0.114601
51000,0.068,0.877,0.054,0.150783
51500,0.067,0.887,0.046,0.146349
52000,0.080,0.862,0.058,0.190886
52500,0.069,0.872,0.058,0.173593
53000,0.069,0.874,0.056,0.160768
53500,0.055,0.898,0.047,0.124018
54000,0.054,0.897,0.049,0.126160
54500,0.045,0.912,0.043,0.089996
55000,0.041,0.915,0.044,0.098105
55500,0.050,0.901,0.049,0.171332
56000,0.044,0.893,0.063,0.163306
56500,0.053,0.899,0.048,0.129762
57000,0.053,0.901,0.046,0.133800
57500,0.048,0.908,0.044,0.113295
58000,0.046,0.904,0.050,0.127037
58500,0.053,0.907,0.040,0.129138
59000,0.049,0.914,0.037,0.131461
59500,0.048,0.913,0.039,0.107342
60000,0.043,0.919,0.038,0.095626
60500,0.050,0.917,0.033,0.076641
61000,0.050,0.920,0.030,0.062006
61500,0.054,0.919,0.027,0.072430
62000,0.045,0.921,0.034,0.086579
62500,0.044,0.926,0.030,0.071614
63000,0.043,0.930,0.028,0.078796
63500,0.044,0.921,0.035,0.113188
64000,0.047,0.912,0.041,0.114875
64500,0.049,0.918,0.033,0.124575
65000,0.052,0.918,0.030,0.120692
65500,0.049,0.909,0.042,0.115333
66000,0.048,0.918,0.034,0.109313
66500,0.058,0.911,0.031,0.117809
67000,0.059,0.901,0.040,0.139094
67500,0.063,0.887,0.050,0.171972
68000,0.072,0.880,0.048,0.189948
68500,0.088,0.859,0.053,0.198252
69000,0.070,0.864,0.065,0.185030
69500,0.090,0.852,0.058,0.172013
70000,0.098,0.831,0.070,0.160616
70500,0.127,0.803,0.070,0.233516
71000,0.126,0.801,0.074,0.225544
71500,0.095,0.801,0.104,0.278642
72000,0.095,0.831,0.074,0.244245
72500,0.077,0.836,0.088,0.231534
73000,0.074,0.846,0.081,0.223862
73500,0.077,0.861,0.062,0.135130
74000,0.065,0.879,0.055,0.118638
74500,0.064,0.887,0.049,0.093779
75000,0.059,0.882,0.059,0.114882
75500,0.055,0.894,0.051,0.100574
76000,0.053,0.906,0.041,0.070759
76500,0.060,0.901,0.039,0.070790
77000,0.076,0.886,0.039,0.110429
77500,0.076,0.860,0.064,0.187223
78000,0.112,0.818,0.069,0.273191
78500,0.107,0.835,0.058,0.195106
79000,0.099,0.843,0.058,0.188363
79500,0.102,0.831,0.066,0.199100
80000,0.091,0.845,0.064,0.169570
80500,0.087,0.835,0.079,0.209341
81000,0.083,0.804,0.113,0.246635
81500,0.100,0.824,0.076,0.220850
82000,0.090,0.834,0.077,0.201200
82500,0.115,0.816,0.068,0.203265
83000,0.090,0.841,0.069,0.177452
83500,0.104,0.815,0.081,0.240270
84000,0.085,0.822,0.093,0.245483
84500,0.095,0.817,0.088,0.264916
85000,0.081,0.839,0.081,0.210928
85500,0.069,0.869,0.061,0.142215
86000,0.065,0.875,0.059,0.115042
86500,0.058,0.873,0.068,0.152983
87000,0.062,0.878,0.059,0.133590
87500,0.086,0.850,0.064,0.181249
88000,0.083,0.860,0.057,0.123499
88500,0.078,0.850,0.073,0.170592
89000,0.089,0.841,0.070,0.202772
89500,0.072,0.874,0.054,0.101787
90000,0.074,0.879,0.047,0.103960
90500,0.060,0.890,0.050,0.127754
91000,0.066,0.888,0.046,0.118287
91500,0.073,0.885,0.043,0.149432
92000,0.085,0.858,0.057,0.186066
92500,0.095,0.851,0.054,0.191645
93000,0.133,0.810,0.057,0.257531
93500,0.138,0.790,0.073,0.256135
94000,0.149,0.772,0.079,0.277888
94500,0.186,0.742,0.073,0.265317
95000,0.208,0.707,0.085,0.252473
95500,0.205,0.689,0.105,0.257449
96000,0.177,0.721,0.102,0.281016
96500,0.176,0.718,0.106,0.295912
97000,0.189,0.703,0.108,0.322219
97500,0.218,0.691,0.092,0.271992
98000,0.216,0.674,0.110,0.309054
98500,0.216,0.677,0.107,0.282510
99000,0.245,0.636,0.118,0.295758
99500,0.249,0.651,0.100,0.274076
100000,0.269,0.627,0.104,0.285954
