time,n_A+p,n_B,n_AB
500,0.030,0.618,0.352
1000,0.030,0.511,0.459
1500,0.030,0.491,0.479
2000,0.030,0.516,0.454
2500,0.030,0.481,0.489
3000,0.030,0.514,0.456
3500,0.030,0.527,0.443
4000,0.030,0.517,0.453
4500,0.030,0.596,0.374
5000,0.030,0.587,0.383
5500,0.030,0.407,0.563
6000,0.030,0.565,0.405
6500,0.030,0.493,0.477
7000,0.030,0.309,0.661
7500,0.030,0.393,0.577
8000,0.030,0.582,0.388
8500,0.030,0.566,0.404
9000,0.030,0.601,0.369
9500,0.030,0.588,0.382
10000,0.030,0.367,0.603
10500,0.030,0.389,0.581
11000,0.030,0.516,0.454
11500,0.030,0.509,0.461
12000,0.030,0.515,0.455
12500,0.030,0.573,0.397
13000,0.030,0.448,0.522
13500,0.030,0.462,0.508
14000,0.030,0.543,0.427
14500,0.030,0.502,0.468
15000,0.030,0.488,0.482
15500,0.030,0.433,0.537
16000,0.030,0.365,0.605
16500,0.030,0.517,0.453
17000,0.030,0.481,0.489
17500,0.030,0.558,0.412
18000,0.030,0.545,0.425
18500,0.030,0.527,0.443
19000,0.030,0.415,0.555
19500,0.030,0.512,0.458
20000,0.030,0.482,0.488
20500,0.030,0.446,0.524
21000,0.030,0.477,0.493
21500,0.030,0.373,0.597
22000,0.030,0.458,0.512
22500,0.030,0.361,0.609
23000,0.030,0.613,0.357
23500,0.030,0.575,0.395
24000,0.030,0.588,0.382
24500,0.030,0.454,0.516
25000,0.030,0.420,0.550
25500,0.030,0.434,0.536
26000,0.030,0.466,0.504
26500,0.030,0.494,0.476
27000,0.030,0.533,0.437
27500,0.030,0.487,0.483
28000,0.030,0.468,0.502
28500,0.030,0.513,0.457
29000,0.030,0.473,0.497
29500,0.030,0.532,0.438
30000,0.030,0.490,0.480
30500,0.030,0.481,0.489
31000,0.030,0.591,0.379
31500,0.030,0.465,0.505
32000,0.030,0.506,0.464
32500,0.030,0.513,0.457
33000,0.030,0.433,0.537
33500,0.030,0.425,0.545
34000,0.030,0.542,0.428
34500,0.030,0.503,0.467
35000,0.030,0.408,0.562
35500,0.030,0.481,0.489
36000,0.030,0.436,0.534
36500,0.030,0.467,0.503
37000,0.030,0.593,0.377
37500,0.030,0.426,0.544
38000,0.030,0.629,0.341
38500,0.030,0.342,0.628
39000,0.045,0.265,0.690
39500,0.030,0.438,0.532
40000,0.030,0.592,0.378
40500,0.030,0.423,0.547
41000,0.030,0.580,0.390
41500,0.030,0.587,0.383
42000,0.030,0.458,0.512
42500,0.030,0.423,0.547
43000,0.030,0.498,0.472
43500,0.030,0.463,0.507
44000,0.030,0.418,0.552
44500,0.030,0.461,0.509
45000,0.030,0.321,0.649
45500,0.030,0.410,0.560
46000,0.030,0.493,0.477
46500,0.030,0.385,0.585
47000,0.030,0.395,0.575
47500,0.030,0.599,0.371
48000,0.030,0.533,0.437
48500,0.030,0.414,0.556
49000,0.030,0.429,0.541
49500,0.030,0.450,0.520
50000,0.030,0.512,0.458
50500,0.030,0.591,0.379
51000,0.030,0.303,0.667
51500,0.030,0.594,0.376
52000,0.030,0.454,0.516
52500,0.030,0.475,0.495
53000,0.030,0.478,0.492
53500,0.030,0.491,0.479
54000,0.030,0.531,0.439
54500,0.030,0.466,0.504
55000,0.030,0.521,0.449
55500,0.030,0.457,0.513
56000,0.030,0.412,0.558
56500,0.030,0.452,0.518
57000,0.030,0.618,0.352
57500,0.030,0.426,0.544
58000,0.030,0.481,0.489
58500,0.030,0.424,0.546
59000,0.030,0.377,0.593
59500,0.030,0.474,0.496
60000,0.030,0.408,0.562
60500,0.030,0.520,0.450
61000,0.030,0.634,0.336
61500,0.030,0.583,0.387
62000,0.030,0.536,0.434
62500,0.030,0.394,0.576
63000,0.030,0.386,0.584
63500,0.030,0.528,0.442
64000,0.030,0.586,0.384
64500,0.030,0.428,0.542
65000,0.030,0.348,0.622
65500,0.030,0.496,0.474
66000,0.030,0.401,0.569
66500,0.030,0.630,0.340
67000,0.030,0.635,0.335
67500,0.030,0.459,0.511
68000,0.030,0.533,0.437
68500,0.030,0.448,0.522
69000,0.030,0.488,0.482
69500,0.030,0.597,0.373
70000,0.030,0.654,0.316
70500,0.030,0.422,0.548
71000,0.030,0.561,0.409
71500,0.030,0.487,0.483
72000,0.030,0.415,0.555
72500,0.030,0.294,0.676
73000,0.030,0.514,0.456
73500,0.030,0.438,0.532
74000,0.030,0.483,0.487
74500,0.030,0.436,0.534
75000,0.030,0.420,0.550
75500,0.030,0.359,0.611
76000,0.030,0.302,0.668
76500,0.030,0.510,0.460
77000,0.030,0.496,0.474
77500,0.030,0.409,0.561
78000,0.030,0.519,0.451
78500,0.030,0.581,0.389
79000,0.030,0.504,0.466
79500,0.030,0.444,0.526
80000,0.030,0.556,0.414
80500,0.030,0.499,0.471
81000,0.030,0.556,0.414
81500,0.030,0.608,0.362
82000,0.030,0.353,0.617
82500,0.030,0.475,0.495
83000,0.030,0.348,0.622
83500,0.030,0.371,0.599
84000,0.030,0.316,0.654
84500,0.030,0.380,0.590
85000,0.030,0.627,0.343
85500,0.030,0.533,0.437
86000,0.030,0.422,0.548
86500,0.030,0.440,0.530
87000,0.030,0.591,0.379
87500,0.030,0.508,0.462
88000,0.030,0.507,0.463
88500,0.030,0.625,0.345
89000,0.030,0.537,0.433
89500,0.030,0.390,0.580
90000,0.030,0.480,0.490
90500,0.030,0.534,0.436
91000,0.030,0.585,0.385
91500,0.030,0.509,0.461
92000,0.030,0.566,0.404
92500,0.030,0.471,0.499
93000,0.030,0.503,0.467
93500,0.030,0.434,0.536
94000,0.030,0.425,0.545
94500,0.030,0.481,0.489
95000,0.030,0.646,0.324
95500,0.030,0.505,0.465
96000,0.030,0.491,0.479
96500,0.030,0.475,0.495
97000,0.030,0.396,0.574
97500,0.030,0.380,0.590
98000,0.030,0.442,0.528
98500,0.030,0.464,0.506
99000,0.030,0.517,0.453
99500,0.030,0.408,0.562
100000,0.030,0.561,0.409
100500,0.030,0.538,0.432
101000,0.030,0.591,0.379
101500,0.030,0.515,0.455
102000,0.030,0.562,0.408
102500,0.030,0.641,0.329
103000,0.030,0.477,0.493
103500,0.030,0.502,0.468
104000,0.030,0.459,0.511
104500,0.030,0.369,0.601
105000,0.030,0.509,0.461
105500,0.030,0.597,0.373
106000,0.030,0.532,0.438
106500,0.030,0.544,0.426
107000,0.030,0.405,0.565
107500,0.030,0.578,0.392
108000,0.030,0.591,0.379
108500,0.030,0.456,0.514
109000,0.030,0.564,0.406
109500,0.030,0.527,0.443
110000,0.030,0.379,0.591
110500,0.030,0.380,0.590
111000,0.030,0.489,0.481
111500,0.030,0.529,0.441
112000,0.030,0.468,0.502
112500,0.030,0.319,0.651
113000,0.030,0.368,0.602
113500,0.030,0.533,0.437
114000,0.030,0.436,0.534
114500,0.030,0.497,0.473
115000,0.030,0.495,0.475
115500,0.030,0.403,0.567
116000,0.030,0.395,0.575
116500,0.030,0.442,0.528
117000,0.030,0.413,0.557
117500,0.030,0.526,0.444
118000,0.030,0.429,0.541
118500,0.030,0.515,0.455
119000,0.030,0.417,0.553
119500,0.030,0.584,0.386
120000,0.030,0.472,0.498
120500,0.030,0.309,0.661
121000,0.030,0.587,0.383
121500,0.030,0.530,0.440
122000,0.030,0.537,0.433
122500,0.030,0.451,0.519
123000,0.030,0.422,0.548
123500,0.030,0.543,0.427
124000,0.030,0.506,0.464
124500,0.030,0.374,0.596
125000,0.030,0.518,0.452
125500,0.030,0.502,0.468
126000,0.030,0.556,0.414
126500,0.030,0.624,0.346
127000,0.030,0.589,0.381
127500,0.030,0.490,0.480
128000,0.030,0.420,0.550
128500,0.030,0.453,0.517
129000,0.030,0.383,0.587
129500,0.030,0.443,0.527
130000,0.030,0.560,0.410
130500,0.030,0.359,0.611
131000,0.030,0.438,0.532
131500,0.030,0.553,0.417
132000,0.030,0.482,0.488
132500,0.030,0.605,0.365
133000,0.030,0.510,0.460
133500,0.030,0.551,0.419
134000,0.030,0.434,0.536
134500,0.030,0.522,0.448
135000,0.030,0.476,0.494
135500,0.030,0.628,0.342
136000,0.030,0.393,0.577
136500,0.030,0.356,0.614
137000,0.030,0.453,0.517
137500,0.030,0.512,0.458
138000,0.030,0.583,0.387
138500,0.030,0.486,0.484
139000,0.030,0.360,0.610
139500,0.030,0.673,0.297
140000,0.030,0.539,0.431
140500,0.030,0.366,0.604
141000,0.030,0.363,0.607
141500,0.030,0.440,0.530
142000,0.030,0.426,0.544
142500,0.030,0.383,0.587
143000,0.030,0.624,0.346
143500,0.030,0.450,0.520
144000,0.030,0.644,0.326
144500,0.030,0.487,0.483
145000,0.030,0.569,0.401
145500,0.030,0.572,0.398
146000,0.030,0.492,0.478
146500,0.030,0.496,0.474
147000,0.030,0.543,0.427
147500,0.030,0.603,0.367
148000,0.030,0.430,0.540
148500,0.030,0.560,0.410
149000,0.030,0.541,0.429
149500,0.030,0.501,0.469
150000,0.030,0.371,0.599
150500,0.030,0.446,0.524
151000,0.030,0.492,0.478
151500,0.030,0.521,0.449
152000,0.030,0.368,0.602
152500,0.030,0.603,0.367
153000,0.030,0.482,0.488
153500,0.030,0.406,0.564
154000,0.030,0.432,0.538
154500,0.030,0.525,0.445
155000,0.030,0.625,0.345
155500,0.030,0.580,0.390
156000,0.030,0.379,0.591
156500,0.030,0.449,0.521
157000,0.030,0.450,0.520
157500,0.030,0.456,0.514
158000,0.030,0.304,0.666
158500,0.030,0.619,0.351
159000,0.030,0.610,0.360
159500,0.030,0.521,0.449
160000,0.030,0.421,0.549
160500,0.030,0.480,0.490
161000,0.030,0.422,0.548
161500,0.030,0.417,0.553
162000,0.030,0.451,0.519
162500,0.030,0.435,0.535
163000,0.030,0.498,0.472
163500,0.030,0.482,0.488
164000,0.030,0.498,0.472
164500,0.030,0.516,0.454
165000,0.030,0.492,0.478
165500,0.030,0.410,0.560
166000,0.030,0.452,0.518
166500,0.030,0.474,0.496
167000,0.030,0.518,0.452
167500,0.030,0.514,0.456
168000,0.030,0.509,0.461
168500,0.030,0.522,0.448
169000,0.030,0.513,0.457
169500,0.030,0.533,0.437
170000,0.030,0.580,0.390
170500,0.030,0.455,0.515
171000,0.030,0.554,0.416
171500,0.030,0.383,0.587
172000,0.030,0.467,0.503
172500,0.030,0.581,0.389
173000,0.030,0.652,0.318
173500,0.030,0.463,0.507
174000,0.030,0.470,0.500
174500,0.030,0.427,0.543
175000,0.030,0.509,0.461
175500,0.030,0.445,0.525
176000,0.030,0.376,0.594
176500,0.030,0.654,0.316
177000,0.030,0.602,0.368
177500,0.030,0.415,0.555
178000,0.030,0.413,0.557
178500,0.030,0.350,0.620
179000,0.030,0.312,0.658
179500,0.030,0.567,0.403
180000,0.030,0.558,0.412
180500,0.030,0.423,0.547
181000,0.030,0.334,0.636
181500,0.030,0.373,0.597
182000,0.030,0.375,0.595
182500,0.048,0.231,0.721
183000,0.030,0.510,0.460
183500,0.030,0.459,0.511
184000,0.030,0.573,0.397
184500,0.030,0.629,0.341
185000,0.030,0.448,0.522
185500,0.030,0.602,0.368
186000,0.030,0.486,0.484
186500,0.030,0.403,0.567
187000,0.030,0.452,0.518
187500,0.030,0.436,0.534
188000,0.030,0.542,0.428
188500,0.030,0.403,0.567
189000,0.030,0.424,0.546
189500,0.030,0.423,0.547
190000,0.030,0.502,0.468
190500,0.030,0.451,0.519
191000,0.030,0.469,0.501
191500,0.030,0.518,0.452
192000,0.030,0.501,0.469
192500,0.030,0.433,0.537
193000,0.030,0.333,0.637
193500,0.030,0.723,0.247
194000,0.030,0.583,0.387
194500,0.030,0.521,0.449
195000,0.030,0.546,0.424
195500,0.030,0.395,0.575
196000,0.030,0.499,0.471
196500,0.030,0.446,0.524
197000,0.030,0.511,0.459
197500,0.030,0.452,0.518
198000,0.030,0.487,0.483
198500,0.030,0.509,0.461
199000,0.030,0.603,0.367
199500,0.030,0.547,0.423
200000,0.030,0.457,0.513
200500,0.030,0.602,0.368
201000,0.030,0.482,0.488
201500,0.030,0.494,0.476
202000,0.030,0.615,0.355
202500,0.030,0.466,0.504
203000,0.030,0.479,0.491
203500,0.030,0.521,0.449
204000,0.030,0.457,0.513
204500,0.030,0.440,0.530
205000,0.030,0.552,0.418
205500,0.030,0.528,0.442
206000,0.030,0.491,0.479
206500,0.030,0.540,0.430
207000,0.030,0.356,0.614
207500,0.030,0.442,0.528
208000,0.030,0.451,0.519
208500,0.030,0.489,0.481
209000,0.030,0.517,0.453
209500,0.030,0.454,0.516
210000,0.030,0.538,0.432
210500,0.030,0.443,0.527
211000,0.030,0.325,0.645
211500,0.030,0.475,0.495
212000,0.030,0.524,0.446
212500,0.030,0.350,0.620
213000,0.030,0.512,0.458
213500,0.030,0.612,0.358
214000,0.030,0.507,0.463
214500,0.030,0.439,0.531
215000,0.030,0.476,0.494
215500,0.030,0.446,0.524
216000,0.030,0.465,0.505
216500,0.030,0.556,0.414
217000,0.030,0.493,0.477
217500,0.030,0.393,0.577
218000,0.030,0.444,0.526
218500,0.030,0.453,0.517
219000,0.030,0.479,0.491
219500,0.030,0.439,0.531
220000,0.030,0.558,0.412
220500,0.030,0.431,0.539
221000,0.030,0.397,0.573
221500,0.031,0.479,0.490
222000,0.030,0.383,0.587
222500,0.030,0.553,0.417
223000,0.030,0.625,0.345
223500,0.030,0.421,0.549
224000,0.030,0.444,0.526
224500,0.030,0.383,0.587
225000,0.030,0.615,0.355
225500,0.030,0.492,0.478
226000,0.030,0.447,0.523
226500,0.030,0.439,0.531
227000,0.030,0.474,0.496
227500,0.030,0.412,0.558
228000,0.030,0.511,0.459
228500,0.030,0.547,0.423
229000,0.030,0.503,0.467
229500,0.030,0.444,0.526
230000,0.030,0.445,0.525
230500,0.030,0.553,0.417
231000,0.030,0.515,0.455
231500,0.030,0.577,0.393
232000,0.030,0.462,0.508
232500,0.030,0.324,0.646
233000,0.030,0.420,0.550
233500,0.030,0.458,0.512
234000,0.030,0.464,0.506
234500,0.030,0.444,0.526
235000,0.030,0.547,0.423
235500,0.030,0.405,0.565
236000,0.030,0.557,0.413
236500,0.030,0.533,0.437
237000,0.030,0.438,0.532
237500,0.030,0.341,0.629
238000,0.030,0.406,0.564
238500,0.030,0.523,0.447
239000,0.030,0.500,0.470
239500,0.030,0.484,0.486
240000,0.030,0.450,0.520
240500,0.030,0.514,0.456
241000,0.030,0.587,0.383
241500,0.030,0.298,0.672
242000,0.030,0.522,0.448
242500,0.030,0.479,0.491
243000,0.030,0.579,0.391
243500,0.030,0.460,0.510
244000,0.030,0.380,0.590
244500,0.030,0.532,0.438
245000,0.030,0.476,0.494
245500,0.030,0.572,0.398
246000,0.030,0.473,0.497
246500,0.030,0.524,0.446
247000,0.030,0.547,0.423
247500,0.030,0.621,0.349
248000,0.030,0.517,0.453
248500,0.030,0.593,0.377
249000,0.030,0.457,0.513
249500,0.030,0.422,0.548
250000,0.030,0.449,0.521
250500,0.030,0.429,0.541
251000,0.030,0.443,0.527
251500,0.030,0.369,0.601
252000,0.030,0.431,0.539
252500,0.030,0.383,0.587
253000,0.030,0.343,0.627
253500,0.030,0.484,0.486
254000,0.030,0.473,0.497
254500,0.030,0.420,0.550
255000,0.030,0.533,0.437
255500,0.030,0.551,0.419
256000,0.030,0.538,0.432
256500,0.030,0.513,0.457
257000,0.030,0.510,0.460
257500,0.030,0.478,0.492
258000,0.030,0.492,0.478
258500,0.030,0.490,0.480
259000,0.030,0.458,0.512
259500,0.030,0.518,0.452
260000,0.030,0.426,0.544
260500,0.030,0.405,0.565
261000,0.030,0.412,0.558
261500,0.030,0.559,0.411
262000,0.030,0.518,0.452
262500,0.030,0.664,0.306
263000,0.030,0.485,0.485
263500,0.030,0.439,0.531
264000,0.030,0.463,0.507
264500,0.030,0.473,0.497
265000,0.030,0.473,0.497
265500,0.030,0.496,0.474
266000,0.030,0.476,0.494
266500,0.030,0.402,0.568
267000,0.030,0.391,0.579
267500,0.030,0.468,0.502
268000,0.030,0.622,0.348
268500,0.030,0.436,0.534
269000,0.030,0.447,0.523
269500,0.030,0.545,0.425
270000,0.030,0.547,0.423
270500,0.030,0.442,0.528
271000,0.030,0.624,0.346
271500,0.030,0.484,0.486
272000,0.030,0.363,0.607
272500,0.030,0.401,0.569
273000,0.030,0.467,0.503
273500,0.030,0.372,0.598
274000,0.030,0.385,0.585
274500,0.030,0.456,0.514
275000,0.030,0.411,0.559
275500,0.030,0.532,0.438
276000,0.030,0.431,0.539
276500,0.030,0.392,0.578
277000,0.030,0.353,0.617
277500,0.030,0.430,0.540
278000,0.030,0.488,0.482
278500,0.030,0.572,0.398
279000,0.030,0.421,0.549
279500,0.030,0.531,0.439
280000,0.030,0.389,0.581
280500,0.030,0.481,0.489
281000,0.030,0.577,0.393
281500,0.030,0.601,0.369
282000,0.030,0.538,0.432
282500,0.030,0.352,0.618
283000,0.030,0.406,0.564
283500,0.030,0.492,0.478
284000,0.030,0.441,0.529
284500,0.030,0.399,0.571
285000,0.030,0.508,0.462
285500,0.030,0.614,0.356
286000,0.030,0.447,0.523
286500,0.030,0.384,0.586
287000,0.030,0.431,0.539
287500,0.030,0.457,0.513
288000,0.030,0.439,0.531
288500,0.030,0.513,0.457
289000,0.030,0.468,0.502
289500,0.030,0.371,0.599
290000,0.030,0.468,0.502
290500,0.030,0.530,0.440
291000,0.030,0.577,0.393
291500,0.030,0.489,0.481
292000,0.030,0.400,0.570
292500,0.030,0.414,0.556
293000,0.030,0.365,0.605
293500,0.030,0.478,0.492
294000,0.030,0.570,0.400
294500,0.030,0.460,0.510
295000,0.030,0.535,0.435
295500,0.030,0.509,0.461
296000,0.030,0.488,0.482
296500,0.030,0.356,0.614
297000,0.030,0.474,0.496
297500,0.030,0.651,0.319
298000,0.030,0.463,0.507
298500,0.030,0.406,0.564
299000,0.030,0.356,0.614
299500,0.030,0.525,0.445
300000,0.030,0.611,0.359
300500,0.030,0.544,0.426
301000,0.030,0.560,0.410
301500,0.030,0.525,0.445
302000,0.030,0.435,0.535
302500,0.030,0.448,0.522
303000,0.030,0.273,0.697
303500,0.030,0.445,0.525
304000,0.030,0.567,0.403
304500,0.030,0.562,0.408
305000,0.030,0.348,0.622
305500,0.030,0.476,0.494
306000,0.030,0.446,0.524
306500,0.030,0.573,0.397
307000,0.030,0.568,0.402
307500,0.030,0.382,0.588
308000,0.030,0.463,0.507
308500,0.030,0.383,0.587
309000,0.030,0.459,0.511
309500,0.030,0.563,0.407
310000,0.030,0.513,0.457
310500,0.030,0.614,0.356
311000,0.030,0.387,0.583
311500,0.030,0.510,0.460
312000,0.030,0.652,0.318
312500,0.030,0.643,0.327
313000,0.030,0.461,0.509
313500,0.030,0.627,0.343
314000,0.030,0.424,0.546
314500,0.030,0.404,0.566
315000,0.030,0.517,0.453
315500,0.030,0.448,0.522
316000,0.030,0.595,0.375
316500,0.030,0.503,0.467
317000,0.030,0.481,0.489
317500,0.030,0.415,0.555
318000,0.030,0.474,0.496
318500,0.030,0.499,0.471
319000,0.030,0.451,0.519
319500,0.030,0.407,0.563
320000,0.030,0.504,0.466
320500,0.030,0.449,0.521
321000,0.030,0.371,0.599
321500,0.030,0.404,0.566
322000,0.030,0.414,0.556
322500,0.030,0.566,0.404
323000,0.030,0.561,0.409
323500,0.030,0.478,0.492
324000,0.030,0.397,0.573
324500,0.030,0.403,0.567
325000,0.030,0.477,0.493
325500,0.030,0.431,0.539
326000,0.030,0.337,0.633
326500,0.030,0.408,0.562
327000,0.030,0.551,0.419
327500,0.030,0.556,0.414
328000,0.030,0.425,0.545
328500,0.030,0.654,0.316
329000,0.030,0.581,0.389
329500,0.030,0.527,0.443
330000,0.030,0.474,0.496
330500,0.030,0.326,0.644
331000,0.030,0.481,0.489
331500,0.030,0.449,0.521
332000,0.030,0.547,0.423
332500,0.030,0.442,0.528
333000,0.030,0.455,0.515
333500,0.030,0.625,0.345
334000,0.030,0.509,0.461
334500,0.030,0.400,0.570
335000,0.030,0.472,0.498
335500,0.030,0.458,0.512
336000,0.030,0.438,0.532
336500,0.030,0.451,0.519
337000,0.030,0.584,0.386
337500,0.030,0.539,0.431
338000,0.030,0.464,0.506
338500,0.030,0.526,0.444
339000,0.030,0.380,0.590
339500,0.030,0.586,0.384
340000,0.030,0.596,0.374
340500,0.030,0.374,0.596
341000,0.030,0.487,0.483
341500,0.030,0.358,0.612
342000,0.030,0.498,0.472
342500,0.030,0.499,0.471
343000,0.030,0.525,0.445
343500,0.030,0.453,0.517
344000,0.030,0.518,0.452
344500,0.030,0.420,0.550
345000,0.030,0.378,0.592
345500,0.030,0.550,0.420
346000,0.030,0.611,0.359
346500,0.030,0.416,0.554
347000,0.030,0.443,0.527
347500,0.030,0.437,0.533
348000,0.030,0.566,0.404
348500,0.030,0.543,0.427
349000,0.030,0.323,0.647
349500,0.030,0.566,0.404
350000,0.030,0.395,0.575
350500,0.030,0.443,0.527
351000,0.030,0.437,0.533
351500,0.030,0.434,0.536
352000,0.031,0.467,0.502
352500,0.030,0.564,0.406
353000,0.030,0.579,0.391
353500,0.030,0.493,0.477
354000,0.030,0.506,0.464
354500,0.030,0.379,0.591
355000,0.030,0.519,0.451
355500,0.030,0.650,0.320
356000,0.030,0.468,0.502
356500,0.030,0.474,0.496
357000,0.030,0.571,0.399
357500,0.030,0.546,0.424
358000,0.030,0.488,0.482
358500,0.030,0.469,0.501
359000,0.030,0.344,0.626
359500,0.030,0.474,0.496
360000,0.030,0.523,0.447
360500,0.030,0.494,0.476
361000,0.030,0.498,0.472
361500,0.030,0.407,0.563
362000,0.030,0.518,0.452
362500,0.030,0.565,0.405
363000,0.030,0.607,0.363
363500,0.030,0.488,0.482
364000,0.030,0.573,0.397
364500,0.030,0.500,0.470
365000,0.033,0.369,0.598
365500,0.030,0.431,0.539
366000,0.030,0.451,0.519
366500,0.030,0.499,0.471
367000,0.030,0.412,0.558
367500,0.030,0.526,0.444
368000,0.030,0.445,0.525
368500,0.030,0.453,0.517
369000,0.030,0.569,0.401
369500,0.030,0.427,0.543
370000,0.030,0.520,0.450
370500,0.030,0.550,0.420
371000,0.030,0.607,0.363
371500,0.030,0.562,0.408
372000,0.030,0.455,0.515
372500,0.030,0.543,0.427
373000,0.030,0.380,0.590
373500,0.030,0.550,0.420
374000,0.030,0.437,0.533
374500,0.030,0.404,0.566
375000,0.030,0.428,0.542
375500,0.030,0.596,0.374
376000,0.030,0.600,0.370
376500,0.030,0.653,0.317
377000,0.030,0.725,0.245
377500,0.030,0.632,0.338
378000,0.030,0.518,0.452
378500,0.030,0.573,0.397
379000,0.030,0.526,0.444
379500,0.030,0.510,0.460
380000,0.030,0.471,0.499
380500,0.030,0.583,0.387
381000,0.030,0.373,0.597
381500,0.030,0.534,0.436
382000,0.030,0.465,0.505
382500,0.030,0.464,0.506
383000,0.030,0.445,0.525
383500,0.030,0.376,0.594
384000,0.030,0.265,0.705
384500,0.030,0.641,0.329
385000,0.030,0.484,0.486
385500,0.030,0.440,0.530
386000,0.030,0.507,0.463
386500,0.030,0.587,0.383
387000,0.030,0.509,0.461
387500,0.030,0.519,0.451
388000,0.030,0.453,0.517
388500,0.030,0.528,0.442
389000,0.030,0.534,0.436
389500,0.030,0.611,0.359
390000,0.030,0.640,0.330
390500,0.030,0.515,0.455
391000,0.030,0.573,0.397
391500,0.030,0.546,0.424
392000,0.030,0.376,0.594
392500,0.030,0.423,0.547
393000,0.030,0.553,0.417
393500,0.030,0.462,0.508
394000,0.030,0.534,0.436
394500,0.030,0.352,0.618
395000,0.030,0.339,0.631
395500,0.030,0.545,0.425
396000,0.030,0.406,0.564
396500,0.030,0.515,0.455
397000,0.030,0.452,0.518
397500,0.030,0.462,0.508
398000,0.030,0.493,0.477
398500,0.030,0.376,0.594
399000,0.030,0.500,0.470
399500,0.030,0.393,0.577
400000,0.030,0.509,0.461
400500,0.030,0.415,0.555
401000,0.030,0.493,0.477
401500,0.030,0.540,0.430
402000,0.030,0.505,0.465
402500,0.030,0.496,0.474
403000,0.030,0.519,0.451
403500,0.030,0.435,0.535
404000,0.030,0.440,0.530
404500,0.030,0.377,0.593
405000,0.030,0.323,0.647
405500,0.030,0.516,0.454
406000,0.030,0.357,0.613
406500,0.030,0.568,0.402
407000,0.030,0.309,0.661
407500,0.030,0.512,0.458
408000,0.030,0.481,0.489
408500,0.030,0.498,0.472
409000,0.030,0.558,0.412
409500,0.030,0.566,0.404
410000,0.030,0.527,0.443
410500,0.030,0.459,0.511
411000,0.030,0.368,0.602
411500,0.030,0.586,0.384
412000,0.030,0.614,0.356
412500,0.030,0.698,0.272
413000,0.030,0.458,0.512
413500,0.030,0.460,0.510
414000,0.030,0.512,0.458
414500,0.030,0.530,0.440
415000,0.030,0.436,0.534
415500,0.030,0.496,0.474
416000,0.030,0.494,0.476
416500,0.030,0.449,0.521
417000,0.030,0.474,0.496
417500,0.030,0.441,0.529
418000,0.030,0.550,0.420
418500,0.030,0.447,0.523
419000,0.030,0.421,0.549
419500,0.030,0.522,0.448
420000,0.030,0.577,0.393
420500,0.030,0.552,0.418
421000,0.030,0.440,0.530
421500,0.030,0.351,0.619
422000,0.030,0.492,0.478
422500,0.030,0.529,0.441
423000,0.030,0.621,0.349
423500,0.030,0.617,0.353
424000,0.030,0.536,0.434
424500,0.030,0.591,0.379
425000,0.030,0.509,0.461
425500,0.030,0.595,0.375
426000,0.030,0.589,0.381
426500,0.030,0.461,0.509
427000,0.030,0.414,0.556
427500,0.030,0.483,0.487
428000,0.030,0.418,0.552
428500,0.030,0.302,0.668
429000,0.030,0.514,0.456
429500,0.030,0.555,0.415
430000,0.030,0.620,0.350
430500,0.030,0.326,0.644
431000,0.030,0.533,0.437
431500,0.030,0.346,0.624
432000,0.030,0.499,0.471
432500,0.030,0.463,0.507
433000,0.030,0.442,0.528
433500,0.030,0.443,0.527
434000,0.030,0.536,0.434
434500,0.030,0.460,0.510
435000,0.030,0.625,0.345
435500,0.030,0.495,0.475
436000,0.030,0.430,0.540
436500,0.030,0.393,0.577
437000,0.030,0.505,0.465
437500,0.030,0.549,0.421
438000,0.030,0.563,0.407
438500,0.030,0.589,0.381
439000,0.030,0.411,0.559
439500,0.030,0.498,0.472
440000,0.030,0.594,0.376
440500,0.030,0.645,0.325
441000,0.030,0.441,0.529
441500,0.030,0.629,0.341
442000,0.030,0.464,0.506
442500,0.030,0.387,0.583
443000,0.030,0.442,0.528
443500,0.030,0.422,0.548
444000,0.030,0.368,0.602
444500,0.030,0.508,0.462
445000,0.030,0.566,0.404
445500,0.030,0.614,0.356
446000,0.030,0.438,0.532
446500,0.030,0.433,0.537
447000,0.030,0.461,0.509
447500,0.030,0.529,0.441
448000,0.030,0.446,0.524
448500,0.030,0.491,0.479
449000,0.030,0.419,0.551
449500,0.030,0.425,0.545
450000,0.030,0.633,0.337
450500,0.030,0.618,0.352
451000,0.030,0.503,0.467
451500,0.030,0.567,0.403
452000,0.030,0.525,0.445
452500,0.030,0.531,0.439
453000,0.030,0.406,0.564
453500,0.030,0.590,0.380
454000,0.030,0.369,0.601
454500,0.030,0.576,0.394
455000,0.030,0.503,0.467
455500,0.030,0.466,0.504
456000,0.030,0.416,0.554
456500,0.030,0.359,0.611
457000,0.030,0.511,0.459
457500,0.030,0.535,0.435
458000,0.030,0.459,0.511
458500,0.030,0.422,0.548
459000,0.030,0.364,0.606
459500,0.030,0.393,0.577
460000,0.030,0.455,0.515
460500,0.030,0.629,0.341
461000,0.030,0.483,0.487
461500,0.030,0.481,0.489
462000,0.030,0.390,0.580
462500,0.030,0.466,0.504
463000,0.030,0.496,0.474
463500,0.030,0.487,0.483
464000,0.030,0.489,0.481
464500,0.030,0.682,0.288
465000,0.030,0.564,0.406
465500,0.030,0.635,0.335
466000,0.030,0.551,0.419
466500,0.030,0.527,0.443
467000,0.030,0.452,0.518
467500,0.030,0.481,0.489
468000,0.030,0.329,0.641
468500,0.030,0.479,0.491
469000,0.030,0.519,0.451
469500,0.030,0.534,0.436
470000,0.030,0.444,0.526
470500,0.030,0.368,0.602
471000,0.030,0.503,0.467
471500,0.030,0.590,0.380
472000,0.030,0.652,0.318
472500,0.030,0.638,0.332
473000,0.030,0.445,0.525
473500,0.030,0.411,0.559
474000,0.030,0.431,0.539
474500,0.030,0.518,0.452
475000,0.030,0.494,0.476
475500,0.030,0.509,0.461
476000,0.030,0.439,0.531
476500,0.030,0.437,0.533
477000,0.030,0.389,0.581
477500,0.030,0.532,0.438
478000,0.030,0.545,0.425
478500,0.030,0.719,0.251
479000,0.030,0.404,0.566
479500,0.030,0.541,0.429
480000,0.030,0.505,0.465
480500,0.030,0.477,0.493
481000,0.030,0.405,0.565
481500,0.030,0.520,0.450
482000,0.030,0.416,0.554
482500,0.030,0.363,0.607
483000,0.030,0.467,0.503
483500,0.030,0.368,0.602
484000,0.030,0.445,0.525
484500,0.030,0.553,0.417
485000,0.030,0.410,0.560
485500,0.030,0.377,0.593
486000,0.030,0.444,0.526
486500,0.030,0.542,0.428
487000,0.030,0.428,0.542
487500,0.030,0.416,0.554
488000,0.030,0.578,0.392
488500,0.030,0.537,0.433
489000,0.030,0.462,0.508
489500,0.030,0.484,0.486
490000,0.030,0.484,0.486
490500,0.030,0.365,0.605
491000,0.030,0.423,0.547
491500,0.030,0.451,0.519
492000,0.030,0.354,0.616
492500,0.030,0.367,0.603
493000,0.030,0.377,0.593
493500,0.030,0.282,0.688
494000,0.030,0.517,0.453
494500,0.030,0.599,0.371
495000,0.030,0.470,0.500
495500,0.030,0.586,0.384
496000,0.030,0.687,0.283
496500,0.030,0.551,0.419
497000,0.030,0.442,0.528
497500,0.030,0.594,0.376
498000,0.030,0.456,0.514
498500,0.030,0.434,0.536
499000,0.030,0.457,0.513
499500,0.030,0.400,0.570
500000,0.030,0.396,0.574
500500,0.030,0.645,0.325
501000,0.030,0.609,0.361
501500,0.030,0.589,0.381
502000,0.030,0.544,0.426
502500,0.030,0.534,0.436
503000,0.030,0.550,0.420
503500,0.030,0.418,0.552
504000,0.030,0.404,0.566
504500,0.030,0.430,0.540
505000,0.030,0.444,0.526
505500,0.030,0.504,0.466
506000,0.030,0.526,0.444
506500,0.030,0.481,0.489
507000,0.030,0.598,0.372
507500,0.030,0.628,0.342
508000,0.030,0.394,0.576
508500,0.030,0.461,0.509
509000,0.030,0.375,0.595
509500,0.030,0.552,0.418
510000,0.030,0.533,0.437
510500,0.030,0.414,0.556
511000,0.030,0.251,0.719
511500,0.030,0.542,0.428
512000,0.030,0.460,0.510
512500,0.030,0.436,0.534
513000,0.030,0.514,0.456
513500,0.030,0.640,0.330
514000,0.030,0.635,0.335
514500,0.030,0.558,0.412
515000,0.030,0.500,0.470
515500,0.030,0.471,0.499
516000,0.030,0.473,0.497
516500,0.030,0.387,0.583
517000,0.030,0.404,0.566
517500,0.030,0.424,0.546
518000,0.030,0.435,0.535
518500,0.030,0.512,0.458
519000,0.030,0.456,0.514
519500,0.030,0.635,0.335
520000,0.030,0.639,0.331
520500,0.030,0.669,0.301
521000,0.030,0.421,0.549
521500,0.030,0.515,0.455
522000,0.030,0.434,0.536
522500,0.030,0.492,0.478
523000,0.030,0.567,0.403
523500,0.030,0.520,0.450
524000,0.030,0.424,0.546
524500,0.030,0.551,0.419
525000,0.030,0.571,0.399
525500,0.030,0.506,0.464
526000,0.030,0.465,0.505
526500,0.030,0.476,0.494
527000,0.030,0.514,0.456
527500,0.030,0.481,0.489
528000,0.030,0.573,0.397
528500,0.030,0.497,0.473
529000,0.030,0.508,0.462
529500,0.030,0.401,0.569
530000,0.030,0.548,0.422
530500,0.030,0.478,0.492
531000,0.030,0.493,0.477
531500,0.030,0.343,0.627
532000,0.030,0.471,0.499
532500,0.030,0.556,0.414
533000,0.030,0.439,0.531
533500,0.030,0.543,0.427
534000,0.030,0.569,0.401
534500,0.030,0.422,0.548
535000,0.030,0.461,0.509
535500,0.030,0.376,0.594
536000,0.030,0.511,0.459
536500,0.030,0.491,0.479
537000,0.030,0.544,0.426
537500,0.030,0.361,0.609
538000,0.030,0.465,0.505
538500,0.030,0.352,0.618
539000,0.030,0.389,0.581
539500,0.030,0.439,0.531
540000,0.030,0.414,0.556
540500,0.030,0.443,0.527
541000,0.030,0.404,0.566
541500,0.030,0.383,0.587
542000,0.030,0.436,0.534
542500,0.030,0.588,0.382
543000,0.030,0.509,0.461
543500,0.030,0.519,0.451
544000,0.030,0.433,0.537
544500,0.030,0.473,0.497
545000,0.030,0.430,0.540
545500,0.030,0.423,0.547
546000,0.030,0.587,0.383
546500,0.030,0.412,0.558
547000,0.030,0.493,0.477
547500,0.030,0.546,0.424
548000,0.030,0.415,0.555
548500,0.030,0.588,0.382
549000,0.030,0.579,0.391
549500,0.030,0.347,0.623
550000,0.030,0.391,0.579
550500,0.030,0.386,0.584
551000,0.030,0.643,0.327
551500,0.030,0.547,0.423
552000,0.030,0.497,0.473
552500,0.030,0.550,0.420
553000,0.030,0.474,0.496
553500,0.030,0.505,0.465
554000,0.030,0.488,0.482
554500,0.030,0.438,0.532
555000,0.030,0.359,0.611
555500,0.030,0.529,0.441
556000,0.030,0.552,0.418
556500,0.030,0.605,0.365
557000,0.030,0.505,0.465
557500,0.030,0.571,0.399
558000,0.030,0.499,0.471
558500,0.030,0.466,0.504
559000,0.030,0.450,0.520
559500,0.030,0.589,0.381
560000,0.030,0.561,0.409
560500,0.030,0.410,0.560
561000,0.030,0.525,0.445
561500,0.030,0.575,0.395
562000,0.030,0.576,0.394
562500,0.030,0.525,0.445
563000,0.030,0.569,0.401
563500,0.030,0.543,0.427
564000,0.030,0.588,0.382
564500,0.030,0.552,0.418
565000,0.030,0.551,0.419
565500,0.030,0.533,0.437
566000,0.030,0.588,0.382
566500,0.030,0.461,0.509
567000,0.030,0.452,0.518
567500,0.030,0.521,0.449
568000,0.030,0.538,0.432
568500,0.030,0.513,0.457
569000,0.030,0.541,0.429
569500,0.030,0.411,0.559
570000,0.030,0.417,0.553
570500,0.030,0.419,0.551
571000,0.030,0.462,0.508
571500,0.030,0.593,0.377
572000,0.030,0.493,0.477
572500,0.030,0.504,0.466
573000,0.030,0.336,0.634
573500,0.030,0.399,0.571
574000,0.030,0.498,0.472
574500,0.030,0.505,0.465
575000,0.030,0.470,0.500
575500,0.030,0.415,0.555
576000,0.031,0.488,0.481
576500,0.030,0.431,0.539
577000,0.030,0.414,0.556
577500,0.030,0.486,0.484
578000,0.030,0.385,0.585
578500,0.030,0.496,0.474
579000,0.030,0.434,0.536
579500,0.030,0.474,0.496
580000,0.030,0.549,0.421
580500,0.030,0.592,0.378
581000,0.030,0.441,0.529
581500,0.030,0.471,0.499
582000,0.030,0.651,0.319
582500,0.030,0.438,0.532
583000,0.030,0.494,0.476
583500,0.030,0.588,0.382
584000,0.030,0.519,0.451
584500,0.030,0.555,0.415
585000,0.030,0.499,0.471
585500,0.030,0.518,0.452
586000,0.030,0.499,0.471
586500,0.030,0.395,0.575
587000,0.030,0.583,0.387
587500,0.030,0.549,0.421
588000,0.030,0.624,0.346
588500,0.030,0.594,0.376
589000,0.030,0.390,0.580
589500,0.030,0.484,0.486
590000,0.030,0.480,0.490
590500,0.030,0.310,0.660
591000,0.030,0.577,0.393
591500,0.030,0.401,0.569
592000,0.030,0.403,0.567
592500,0.030,0.470,0.500
593000,0.030,0.448,0.522
593500,0.030,0.403,0.567
594000,0.030,0.493,0.477
594500,0.030,0.417,0.553
595000,0.030,0.389,0.581
595500,0.030,0.521,0.449
596000,0.030,0.446,0.524
596500,0.030,0.590,0.380
597000,0.030,0.499,0.471
597500,0.030,0.446,0.524
598000,0.030,0.390,0.580
598500,0.030,0.397,0.573
599000,0.030,0.446,0.524
599500,0.030,0.530,0.440
600000,0.030,0.505,0.465
600500,0.030,0.459,0.511
601000,0.030,0.489,0.481
601500,0.030,0.548,0.422
602000,0.030,0.596,0.374
602500,0.030,0.353,0.617
603000,0.030,0.402,0.568
603500,0.030,0.545,0.425
604000,0.030,0.420,0.550
604500,0.030,0.496,0.474
605000,0.030,0.426,0.544
605500,0.030,0.469,0.501
606000,0.030,0.664,0.306
606500,0.030,0.534,0.436
607000,0.030,0.431,0.539
607500,0.030,0.440,0.530
608000,0.030,0.520,0.450
608500,0.030,0.602,0.368
609000,0.030,0.510,0.460
609500,0.030,0.584,0.386
610000,0.030,0.440,0.530
610500,0.030,0.421,0.549
611000,0.030,0.441,0.529
611500,0.030,0.418,0.552
612000,0.030,0.542,0.428
612500,0.030,0.520,0.450
613000,0.030,0.383,0.587
613500,0.030,0.531,0.439
614000,0.030,0.559,0.411
614500,0.030,0.680,0.290
615000,0.030,0.597,0.373
615500,0.030,0.532,0.438
616000,0.030,0.497,0.473
616500,0.030,0.521,0.449
617000,0.030,0.514,0.456
617500,0.030,0.457,0.513
618000,0.030,0.494,0.476
618500,0.030,0.388,0.582
619000,0.030,0.487,0.483
619500,0.030,0.462,0.508
620000,0.030,0.517,0.453
620500,0.030,0.521,0.449
621000,0.030,0.582,0.388
621500,0.030,0.543,0.427
622000,0.030,0.495,0.475
622500,0.030,0.395,0.575
623000,0.030,0.316,0.654
623500,0.030,0.419,0.551
624000,0.030,0.483,0.487
624500,0.030,0.546,0.424
625000,0.030,0.570,0.400
625500,0.030,0.495,0.475
626000,0.030,0.590,0.380
626500,0.030,0.492,0.478
627000,0.030,0.450,0.520
627500,0.030,0.422,0.548
628000,0.030,0.349,0.621
628500,0.030,0.559,0.411
629000,0.030,0.450,0.520
629500,0.030,0.525,0.445
630000,0.030,0.529,0.441
630500,0.030,0.489,0.481
631000,0.030,0.624,0.346
631500,0.030,0.415,0.555
632000,0.030,0.398,0.572
632500,0.030,0.489,0.481
633000,0.030,0.436,0.534
633500,0.030,0.481,0.489
634000,0.030,0.359,0.611
634500,0.030,0.396,0.574
635000,0.033,0.268,0.699
635500,0.030,0.743,0.227
636000,0.030,0.532,0.438
636500,0.030,0.596,0.374
637000,0.030,0.453,0.517
637500,0.030,0.511,0.459
638000,0.030,0.506,0.464
638500,0.030,0.370,0.600
639000,0.030,0.409,0.561
639500,0.030,0.407,0.563
640000,0.030,0.440,0.530
640500,0.030,0.495,0.475
641000,0.030,0.571,0.399
641500,0.030,0.526,0.444
642000,0.030,0.577,0.393
642500,0.030,0.513,0.457
643000,0.030,0.586,0.384
643500,0.030,0.492,0.478
644000,0.030,0.388,0.582
644500,0.030,0.401,0.569
645000,0.030,0.412,0.558
645500,0.030,0.603,0.367
646000,0.030,0.477,0.493
646500,0.030,0.440,0.530
647000,0.030,0.525,0.445
647500,0.030,0.405,0.565
648000,0.030,0.525,0.445
648500,0.030,0.494,0.476
649000,0.030,0.487,0.483
649500,0.030,0.479,0.491
650000,0.030,0.363,0.607
650500,0.030,0.424,0.546
651000,0.030,0.379,0.591
651500,0.030,0.475,0.495
652000,0.030,0.335,0.635
652500,0.030,0.293,0.677
653000,0.030,0.481,0.489
653500,0.030,0.509,0.461
654000,0.030,0.503,0.467
654500,0.030,0.460,0.510
655000,0.030,0.550,0.420
655500,0.030,0.451,0.519
656000,0.030,0.630,0.340
656500,0.030,0.274,0.696
657000,0.030,0.537,0.433
657500,0.030,0.548,0.422
658000,0.030,0.574,0.396
658500,0.030,0.497,0.473
659000,0.030,0.579,0.391
659500,0.030,0.484,0.486
660000,0.030,0.497,0.473
660500,0.030,0.547,0.423
661000,0.030,0.475,0.495
661500,0.030,0.544,0.426
662000,0.030,0.523,0.447
662500,0.030,0.524,0.446
663000,0.030,0.367,0.603
663500,0.030,0.532,0.438
664000,0.030,0.578,0.392
664500,0.030,0.549,0.421
665000,0.030,0.566,0.404
665500,0.030,0.612,0.358
666000,0.030,0.523,0.447
666500,0.030,0.581,0.389
667000,0.030,0.458,0.512
667500,0.030,0.421,0.549
668000,0.030,0.521,0.449
668500,0.030,0.536,0.434
669000,0.030,0.458,0.512
669500,0.030,0.512,0.458
670000,0.030,0.444,0.526
670500,0.030,0.412,0.558
671000,0.030,0.402,0.568
671500,0.030,0.480,0.490
672000,0.030,0.441,0.529
672500,0.030,0.434,0.536
673000,0.030,0.457,0.513
673500,0.030,0.435,0.535
674000,0.030,0.521,0.449
674500,0.030,0.527,0.443
675000,0.030,0.425,0.545
675500,0.030,0.429,0.541
676000,0.030,0.486,0.484
676500,0.030,0.466,0.504
677000,0.030,0.437,0.533
677500,0.030,0.412,0.558
678000,0.030,0.533,0.437
678500,0.030,0.517,0.453
679000,0.030,0.534,0.436
679500,0.030,0.537,0.433
680000,0.030,0.540,0.430
680500,0.030,0.497,0.473
681000,0.030,0.543,0.427
681500,0.030,0.534,0.436
682000,0.030,0.658,0.312
682500,0.030,0.472,0.498
683000,0.030,0.363,0.607
683500,0.030,0.564,0.406
684000,0.046,0.294,0.660
684500,0.030,0.437,0.533
685000,0.030,0.520,0.450
685500,0.030,0.439,0.531
686000,0.030,0.496,0.474
686500,0.030,0.525,0.445
687000,0.030,0.449,0.521
687500,0.030,0.537,0.433
688000,0.030,0.499,0.471
688500,0.030,0.457,0.513
689000,0.030,0.343,0.627
689500,0.030,0.497,0.473
690000,0.030,0.549,0.421
690500,0.030,0.466,0.504
691000,0.030,0.476,0.494
691500,0.030,0.469,0.501
692000,0.030,0.627,0.343
692500,0.030,0.612,0.358
693000,0.030,0.713,0.257
693500,0.030,0.531,0.439
694000,0.030,0.664,0.306
694500,0.030,0.592,0.378
695000,0.030,0.591,0.379
695500,0.030,0.514,0.456
696000,0.030,0.421,0.549
696500,0.030,0.451,0.519
697000,0.030,0.549,0.421
697500,0.030,0.406,0.564
698000,0.030,0.553,0.417
698500,0.030,0.562,0.408
699000,0.030,0.594,0.376
699500,0.030,0.515,0.455
700000,0.030,0.481,0.489
700500,0.030,0.371,0.599
701000,0.030,0.448,0.522
701500,0.030,0.432,0.538
702000,0.030,0.342,0.628
702500,0.030,0.396,0.574
703000,0.030,0.453,0.517
703500,0.030,0.477,0.493
704000,0.030,0.471,0.499
704500,0.030,0.496,0.474
705000,0.030,0.601,0.369
705500,0.030,0.497,0.473
706000,0.030,0.477,0.493
706500,0.030,0.492,0.478
707000,0.030,0.640,0.330
707500,0.030,0.559,0.411
708000,0.030,0.648,0.322
708500,0.030,0.386,0.584
709000,0.030,0.444,0.526
709500,0.030,0.555,0.415
710000,0.030,0.543,0.427
710500,0.030,0.513,0.457
711000,0.030,0.569,0.401
711500,0.030,0.506,0.464
712000,0.030,0.600,0.370
712500,0.030,0.493,0.477
713000,0.030,0.584,0.386
713500,0.030,0.521,0.449
714000,0.030,0.484,0.486
714500,0.030,0.436,0.534
715000,0.030,0.423,0.547
715500,0.030,0.580,0.390
716000,0.030,0.530,0.440
716500,0.030,0.396,0.574
717000,0.030,0.449,0.521
717500,0.030,0.469,0.501
718000,0.030,0.415,0.555
718500,0.030,0.492,0.478
719000,0.030,0.446,0.524
719500,0.030,0.424,0.546
720000,0.030,0.508,0.462
720500,0.030,0.354,0.616
721000,0.030,0.433,0.537
721500,0.030,0.546,0.424
722000,0.030,0.536,0.434
722500,0.030,0.566,0.404
723000,0.030,0.512,0.458
723500,0.030,0.451,0.519
724000,0.030,0.553,0.417
724500,0.030,0.471,0.499
725000,0.030,0.452,0.518
725500,0.030,0.442,0.528
726000,0.030,0.463,0.507
726500,0.030,0.564,0.406
727000,0.030,0.579,0.391
727500,0.030,0.477,0.493
728000,0.030,0.509,0.461
728500,0.030,0.516,0.454
729000,0.030,0.607,0.363
729500,0.030,0.328,0.642
730000,0.030,0.440,0.530
730500,0.030,0.504,0.466
731000,0.030,0.469,0.501
731500,0.030,0.447,0.523
732000,0.030,0.526,0.444
732500,0.030,0.477,0.493
733000,0.030,0.491,0.479
733500,0.030,0.471,0.499
734000,0.030,0.482,0.488
734500,0.030,0.322,0.648
735000,0.030,0.369,0.601
735500,0.030,0.506,0.464
736000,0.030,0.559,0.411
736500,0.030,0.553,0.417
737000,0.030,0.484,0.486
737500,0.030,0.380,0.590
738000,0.030,0.479,0.491
738500,0.030,0.409,0.561
739000,0.030,0.624,0.346
739500,0.030,0.487,0.483
740000,0.030,0.518,0.452
740500,0.030,0.406,0.564
741000,0.030,0.510,0.460
741500,0.030,0.452,0.518
742000,0.030,0.639,0.331
742500,0.030,0.464,0.506
743000,0.030,0.398,0.572
743500,0.030,0.515,0.455
744000,0.030,0.513,0.457
744500,0.030,0.498,0.472
745000,0.030,0.617,0.353
745500,0.030,0.619,0.351
746000,0.030,0.485,0.485
746500,0.030,0.506,0.464
747000,0.030,0.333,0.637
747500,0.030,0.442,0.528
748000,0.030,0.480,0.490
748500,0.030,0.436,0.534
749000,0.030,0.480,0.490
749500,0.030,0.455,0.515
750000,0.030,0.435,0.535
750500,0.030,0.421,0.549
751000,0.030,0.382,0.588
751500,0.030,0.538,0.432
752000,0.030,0.567,0.403
752500,0.030,0.480,0.490
753000,0.030,0.543,0.427
753500,0.030,0.509,0.461
754000,0.030,0.462,0.508
754500,0.030,0.378,0.592
755000,0.030,0.470,0.500
755500,0.030,0.519,0.451
756000,0.030,0.453,0.517
756500,0.030,0.401,0.569
757000,0.030,0.456,0.514
757500,0.030,0.525,0.445
758000,0.030,0.465,0.505
758500,0.030,0.444,0.526
759000,0.030,0.434,0.536
759500,0.030,0.588,0.382
760000,0.030,0.659,0.311
760500,0.030,0.446,0.524
761000,0.030,0.584,0.386
761500,0.030,0.590,0.380
762000,0.030,0.556,0.414
762500,0.030,0.500,0.470
763000,0.030,0.472,0.498
763500,0.030,0.484,0.486
764000,0.030,0.436,0.534
764500,0.030,0.494,0.476
765000,0.030,0.489,0.481
765500,0.030,0.609,0.361
766000,0.030,0.459,0.511
766500,0.030,0.407,0.563
767000,0.030,0.425,0.545
767500,0.030,0.520,0.450
768000,0.030,0.544,0.426
768500,0.030,0.413,0.557
769000,0.030,0.374,0.596
769500,0.030,0.386,0.584
770000,0.030,0.486,0.484
770500,0.030,0.447,0.523
771000,0.030,0.418,0.552
771500,0.030,0.543,0.427
772000,0.030,0.415,0.555
772500,0.030,0.562,0.408
773000,0.030,0.462,0.508
773500,0.030,0.317,0.653
774000,0.030,0.386,0.584
774500,0.030,0.433,0.537
775000,0.030,0.501,0.469
775500,0.030,0.526,0.444
776000,0.030,0.570,0.400
776500,0.030,0.392,0.578
777000,0.030,0.485,0.485
777500,0.030,0.586,0.384
778000,0.030,0.516,0.454
778500,0.030,0.445,0.525
779000,0.030,0.531,0.439
779500,0.030,0.391,0.579
780000,0.030,0.597,0.373
780500,0.030,0.359,0.611
781000,0.030,0.502,0.468
781500,0.030,0.673,0.297
782000,0.030,0.449,0.521
782500,0.030,0.387,0.583
783000,0.030,0.525,0.445
783500,0.030,0.556,0.414
784000,0.030,0.423,0.547
784500,0.030,0.410,0.560
785000,0.030,0.447,0.523
785500,0.030,0.460,0.510
786000,0.030,0.385,0.585
786500,0.030,0.423,0.547
787000,0.030,0.485,0.485
787500,0.030,0.469,0.501
788000,0.030,0.619,0.351
788500,0.030,0.422,0.548
789000,0.030,0.496,0.474
789500,0.030,0.572,0.398
790000,0.030,0.449,0.521
790500,0.030,0.324,0.646
791000,0.030,0.541,0.429
791500,0.030,0.458,0.512
792000,0.030,0.437,0.533
792500,0.030,0.478,0.492
793000,0.030,0.384,0.586
793500,0.030,0.403,0.567
794000,0.030,0.470,0.500
794500,0.030,0.408,0.562
795000,0.030,0.450,0.520
795500,0.030,0.472,0.498
796000,0.030,0.388,0.582
796500,0.030,0.503,0.467
797000,0.030,0.546,0.424
797500,0.030,0.559,0.411
798000,0.030,0.444,0.526
798500,0.030,0.417,0.553
799000,0.030,0.483,0.487
799500,0.030,0.388,0.582
800000,0.030,0.390,0.580
800500,0.030,0.457,0.513
801000,0.030,0.513,0.457
801500,0.030,0.557,0.413
802000,0.030,0.451,0.519
802500,0.030,0.556,0.414
803000,0.030,0.452,0.518
803500,0.030,0.584,0.386
804000,0.030,0.503,0.467
804500,0.030,0.571,0.399
805000,0.030,0.469,0.501
805500,0.030,0.550,0.420
806000,0.030,0.637,0.333
806500,0.030,0.509,0.461
807000,0.030,0.487,0.483
807500,0.030,0.484,0.486
808000,0.030,0.462,0.508
808500,0.030,0.453,0.517
809000,0.030,0.419,0.551
809500,0.030,0.553,0.417
810000,0.030,0.556,0.414
810500,0.030,0.376,0.594
811000,0.030,0.522,0.448
811500,0.030,0.453,0.517
812000,0.030,0.601,0.369
812500,0.030,0.500,0.470
813000,0.030,0.480,0.490
813500,0.030,0.584,0.386
814000,0.030,0.445,0.525
814500,0.030,0.432,0.538
815000,0.030,0.526,0.444
815500,0.030,0.563,0.407
816000,0.030,0.588,0.382
816500,0.030,0.483,0.487
817000,0.030,0.468,0.502
817500,0.030,0.559,0.411
818000,0.030,0.433,0.537
818500,0.030,0.359,0.611
819000,0.030,0.510,0.460
819500,0.030,0.446,0.524
820000,0.030,0.596,0.374
820500,0.030,0.499,0.471
821000,0.030,0.375,0.595
821500,0.030,0.482,0.488
822000,0.030,0.387,0.583
822500,0.030,0.613,0.357
823000,0.030,0.544,0.426
823500,0.030,0.507,0.463
824000,0.030,0.590,0.380
824500,0.030,0.486,0.484
825000,0.030,0.574,0.396
825500,0.030,0.489,0.481
826000,0.030,0.453,0.517
826500,0.030,0.507,0.463
827000,0.030,0.436,0.534
827500,0.030,0.405,0.565
828000,0.030,0.388,0.582
828500,0.030,0.528,0.442
829000,0.030,0.503,0.467
829500,0.030,0.501,0.469
830000,0.030,0.501,0.469
830500,0.030,0.527,0.443
831000,0.030,0.422,0.548
831500,0.030,0.505,0.465
832000,0.030,0.482,0.488
832500,0.030,0.463,0.507
833000,0.030,0.466,0.504
833500,0.030,0.396,0.574
834000,0.030,0.403,0.567
834500,0.030,0.482,0.488
835000,0.030,0.550,0.420
835500,0.030,0.559,0.411
836000,0.030,0.444,0.526
836500,0.030,0.431,0.539
837000,0.030,0.443,0.527
837500,0.030,0.649,0.321
838000,0.030,0.560,0.410
838500,0.030,0.590,0.380
839000,0.030,0.346,0.624
839500,0.030,0.549,0.421
840000,0.030,0.569,0.401
840500,0.030,0.715,0.255
841000,0.030,0.458,0.512
841500,0.030,0.454,0.516
842000,0.030,0.367,0.603
842500,0.030,0.403,0.567
843000,0.030,0.398,0.572
843500,0.030,0.351,0.619
844000,0.030,0.378,0.592
844500,0.030,0.534,0.436
845000,0.030,0.445,0.525
845500,0.030,0.389,0.581
846000,0.030,0.388,0.582
846500,0.030,0.450,0.520
847000,0.030,0.432,0.538
847500,0.030,0.499,0.471
848000,0.030,0.484,0.486
848500,0.030,0.463,0.507
849000,0.030,0.507,0.463
849500,0.030,0.501,0.469
850000,0.030,0.647,0.323
850500,0.030,0.403,0.567
851000,0.030,0.467,0.503
851500,0.030,0.591,0.379
852000,0.030,0.532,0.438
852500,0.030,0.475,0.495
853000,0.030,0.402,0.568
853500,0.030,0.451,0.519
854000,0.030,0.453,0.517
854500,0.030,0.522,0.448
855000,0.030,0.374,0.596
855500,0.030,0.445,0.525
856000,0.030,0.374,0.596
856500,0.030,0.559,0.411
857000,0.030,0.480,0.490
857500,0.030,0.424,0.546
858000,0.030,0.415,0.555
858500,0.030,0.520,0.450
859000,0.030,0.382,0.588
859500,0.030,0.346,0.624
860000,0.030,0.475,0.495
860500,0.030,0.406,0.564
861000,0.030,0.402,0.568
861500,0.030,0.486,0.484
862000,0.030,0.439,0.531
862500,0.030,0.471,0.499
863000,0.030,0.539,0.431
863500,0.030,0.409,0.561
864000,0.030,0.480,0.490
864500,0.030,0.427,0.543
865000,0.030,0.481,0.489
865500,0.030,0.384,0.586
866000,0.030,0.397,0.573
866500,0.030,0.423,0.547
867000,0.030,0.630,0.340
867500,0.030,0.437,0.533
868000,0.030,0.458,0.512
868500,0.030,0.432,0.538
869000,0.030,0.363,0.607
869500,0.030,0.358,0.612
870000,0.030,0.556,0.414
870500,0.030,0.508,0.462
871000,0.030,0.692,0.278
871500,0.030,0.696,0.274
872000,0.030,0.532,0.438
872500,0.030,0.505,0.465
873000,0.030,0.351,0.619
873500,0.030,0.568,0.402
874000,0.030,0.436,0.534
874500,0.030,0.465,0.505
875000,0.030,0.537,0.433
875500,0.030,0.419,0.551
876000,0.030,0.492,0.478
876500,0.030,0.512,0.458
877000,0.030,0.555,0.415
877500,0.030,0.484,0.486
878000,0.030,0.427,0.543
878500,0.030,0.368,0.602
879000,0.030,0.466,0.504
879500,0.030,0.571,0.399
880000,0.030,0.590,0.380
880500,0.030,0.647,0.323
881000,0.030,0.492,0.478
881500,0.030,0.381,0.589
882000,0.030,0.531,0.439
882500,0.030,0.616,0.354
883000,0.030,0.593,0.377
883500,0.030,0.543,0.427
884000,0.030,0.514,0.456
884500,0.030,0.465,0.505
885000,0.030,0.518,0.452
885500,0.030,0.521,0.449
886000,0.030,0.554,0.416
886500,0.030,0.496,0.474
887000,0.030,0.582,0.388
887500,0.030,0.549,0.421
888000,0.030,0.588,0.382
888500,0.030,0.480,0.490
889000,0.030,0.566,0.404
889500,0.030,0.648,0.322
890000,0.030,0.499,0.471
890500,0.030,0.516,0.454
891000,0.030,0.468,0.502
891500,0.030,0.433,0.537
892000,0.030,0.311,0.659
892500,0.030,0.462,0.508
893000,0.030,0.560,0.410
893500,0.030,0.443,0.527
894000,0.030,0.497,0.473
894500,0.030,0.502,0.468
895000,0.030,0.542,0.428
895500,0.030,0.513,0.457
896000,0.030,0.571,0.399
896500,0.030,0.370,0.600
897000,0.030,0.492,0.478
897500,0.030,0.330,0.640
898000,0.030,0.475,0.495
898500,0.030,0.525,0.445
899000,0.030,0.549,0.421
899500,0.030,0.479,0.491
900000,0.030,0.696,0.274
900500,0.030,0.637,0.333
901000,0.030,0.488,0.482
901500,0.030,0.391,0.579
902000,0.030,0.395,0.575
902500,0.030,0.594,0.376
903000,0.030,0.533,0.437
903500,0.030,0.539,0.431
904000,0.030,0.420,0.550
904500,0.030,0.363,0.607
905000,0.030,0.512,0.458
905500,0.030,0.350,0.620
906000,0.030,0.448,0.522
906500,0.030,0.609,0.361
907000,0.030,0.590,0.380
907500,0.030,0.446,0.524
908000,0.030,0.465,0.505
908500,0.030,0.419,0.551
909000,0.030,0.429,0.541
909500,0.030,0.573,0.397
910000,0.030,0.612,0.358
910500,0.030,0.583,0.387
911000,0.030,0.453,0.517
911500,0.030,0.390,0.580
912000,0.030,0.585,0.385
912500,0.030,0.428,0.542
913000,0.030,0.298,0.672
913500,0.030,0.368,0.602
914000,0.030,0.378,0.592
914500,0.030,0.495,0.475
915000,0.030,0.423,0.547
915500,0.030,0.455,0.515
916000,0.030,0.553,0.417
916500,0.030,0.516,0.454
917000,0.030,0.431,0.539
917500,0.030,0.441,0.529
918000,0.030,0.442,0.528
918500,0.030,0.461,0.509
919000,0.030,0.330,0.640
919500,0.030,0.391,0.579
920000,0.030,0.388,0.582
920500,0.030,0.457,0.513
921000,0.030,0.362,0.608
921500,0.030,0.618,0.352
922000,0.030,0.566,0.404
922500,0.030,0.437,0.533
923000,0.030,0.453,0.517
923500,0.030,0.637,0.333
924000,0.030,0.541,0.429
924500,0.030,0.463,0.507
925000,0.030,0.509,0.461
925500,0.030,0.607,0.363
926000,0.030,0.545,0.425
926500,0.030,0.501,0.469
927000,0.030,0.538,0.432
927500,0.030,0.465,0.505
928000,0.030,0.452,0.518
928500,0.030,0.556,0.414
929000,0.030,0.489,0.481
929500,0.030,0.433,0.537
930000,0.030,0.525,0.445
930500,0.030,0.289,0.681
931000,0.030,0.437,0.533
931500,0.030,0.444,0.526
932000,0.030,0.513,0.457
932500,0.030,0.466,0.504
933000,0.030,0.607,0.363
933500,0.030,0.487,0.483
934000,0.030,0.496,0.474
934500,0.030,0.350,0.620
935000,0.030,0.499,0.471
935500,0.030,0.528,0.442
936000,0.030,0.441,0.529
936500,0.030,0.448,0.522
937000,0.030,0.468,0.502
937500,0.030,0.549,0.421
938000,0.030,0.398,0.572
938500,0.030,0.566,0.404
939000,0.030,0.509,0.461
939500,0.030,0.559,0.411
940000,0.030,0.408,0.562
940500,0.030,0.481,0.489
941000,0.030,0.520,0.450
941500,0.030,0.393,0.577
942000,0.030,0.419,0.551
942500,0.030,0.421,0.549
943000,0.030,0.340,0.630
943500,0.030,0.485,0.485
944000,0.030,0.489,0.481
944500,0.030,0.529,0.441
945000,0.030,0.473,0.497
945500,0.030,0.376,0.594
946000,0.030,0.504,0.466
946500,0.030,0.415,0.555
947000,0.030,0.424,0.546
947500,0.030,0.389,0.581
948000,0.030,0.396,0.574
948500,0.030,0.469,0.501
949000,0.030,0.447,0.523
949500,0.030,0.481,0.489
950000,0.030,0.377,0.593
950500,0.030,0.653,0.317
951000,0.030,0.550,0.420
951500,0.030,0.505,0.465
952000,0.030,0.523,0.447
952500,0.030,0.538,0.432
953000,0.030,0.529,0.441
953500,0.030,0.391,0.579
954000,0.030,0.472,0.498
954500,0.030,0.572,0.398
955000,0.030,0.441,0.529
955500,0.030,0.502,0.468
956000,0.030,0.573,0.397
956500,0.030,0.481,0.489
957000,0.030,0.503,0.467
957500,0.030,0.553,0.417
958000,0.030,0.520,0.450
958500,0.030,0.536,0.434
959000,0.030,0.404,0.566
959500,0.030,0.525,0.445
960000,0.030,0.458,0.512
960500,0.030,0.458,0.512
961000,0.030,0.466,0.504
961500,0.030,0.359,0.611
962000,0.030,0.486,0.484
962500,0.030,0.415,0.555
963000,0.030,0.395,0.575
963500,0.030,0.610,0.360
964000,0.030,0.550,0.420
964500,0.030,0.479,0.491
965000,0.030,0.501,0.469
965500,0.030,0.515,0.455
966000,0.030,0.330,0.640
966500,0.030,0.439,0.531
967000,0.030,0.479,0.491
967500,0.030,0.492,0.478
968000,0.030,0.442,0.528
968500,0.030,0.452,0.518
969000,0.030,0.493,0.477
969500,0.030,0.510,0.460
970000,0.030,0.517,0.453
970500,0.030,0.443,0.527
971000,0.030,0.464,0.506
971500,0.030,0.495,0.475
972000,0.030,0.483,0.487
972500,0.030,0.475,0.495
973000,0.030,0.525,0.445
973500,0.030,0.347,0.623
974000,0.030,0.539,0.431
974500,0.030,0.619,0.351
975000,0.030,0.530,0.440
975500,0.030,0.579,0.391
976000,0.030,0.474,0.496
976500,0.030,0.476,0.494
977000,0.030,0.388,0.582
977500,0.030,0.415,0.555
978000,0.030,0.294,0.676
978500,0.030,0.499,0.471
979000,0.030,0.637,0.333
979500,0.030,0.598,0.372
980000,0.030,0.458,0.512
980500,0.030,0.560,0.410
981000,0.030,0.471,0.499
981500,0.030,0.406,0.564
982000,0.030,0.497,0.473
982500,0.030,0.385,0.585
983000,0.030,0.661,0.309
983500,0.030,0.470,0.500
984000,0.030,0.463,0.507
984500,0.030,0.534,0.436
985000,0.030,0.560,0.410
985500,0.030,0.482,0.488
986000,0.030,0.559,0.411
986500,0.030,0.700,0.270
987000,0.030,0.574,0.396
987500,0.030,0.435,0.535
988000,0.030,0.586,0.384
988500,0.030,0.538,0.432
989000,0.030,0.509,0.461
989500,0.030,0.639,0.331
990000,0.030,0.517,0.453
990500,0.030,0.571,0.399
991000,0.030,0.494,0.476
991500,0.030,0.474,0.496
992000,0.030,0.512,0.458
992500,0.030,0.395,0.575
993000,0.030,0.379,0.591
993500,0.030,0.386,0.584
994000,0.030,0.563,0.407
994500,0.030,0.423,0.547
995000,0.030,0.657,0.313
995500,0.030,0.628,0.342
996000,0.030,0.609,0.361
996500,0.030,0.565,0.405
997000,0.030,0.534,0.436
997500,0.030,0.426,0.544
998000,0.030,0.489,0.481
998500,0.030,0.438,0.532
999000,0.030,0.434,0.536
999500,0.030,0.418,0.552
1000000,0.030,0.475,0.495
