time,n_A+p,n_B,n_AB
500,0.030,0.198,0.772
1000,0.030,0.167,0.803
1500,0.341,0.003,0.656
2000,0.672,0.000,0.328
2500,0.761,0.000,0.239
3000,0.760,0.000,0.240
3500,0.699,0.000,0.301
4000,0.773,0.000,0.227
4500,0.725,0.000,0.275
5000,0.586,0.000,0.414
5500,0.618,0.000,0.382
6000,0.844,0.000,0.156
6500,0.902,0.000,0.098
7000,0.773,0.000,0.227
7500,0.742,0.000,0.258
8000,0.936,0.000,0.064
8500,0.923,0.000,0.077
9000,0.998,0.000,0.002
9500,1.000,0.000,0.000
