time,n_A+p,n_B,n_AB
500,0.010,0.987,0.003
1000,0.010,0.957,0.033
1500,0.010,0.921,0.069
2000,0.010,0.902,0.088
2500,0.010,0.864,0.126
3000,0.010,0.780,0.210
3500,0.010,0.799,0.191
4000,0.010,0.765,0.225
4500,0.010,0.759,0.231
5000,0.010,0.803,0.187
5500,0.010,0.804,0.186
6000,0.010,0.788,0.202
6500,0.010,0.833,0.157
7000,0.010,0.826,0.164
7500,0.010,0.852,0.138
8000,0.010,0.870,0.120
8500,0.010,0.865,0.125
9000,0.010,0.872,0.118
9500,0.010,0.852,0.138
10000,0.010,0.879,0.111
10500,0.010,0.846,0.144
11000,0.010,0.841,0.149
11500,0.010,0.821,0.169
12000,0.010,0.803,0.187
12500,0.010,0.807,0.183
13000,0.010,0.804,0.186
13500,0.010,0.795,0.195
14000,0.010,0.755,0.235
14500,0.010,0.769,0.221
15000,0.010,0.753,0.237
15500,0.010,0.739,0.251
16000,0.010,0.710,0.280
16500,0.010,0.722,0.268
17000,0.010,0.731,0.259
17500,0.010,0.723,0.267
18000,0.010,0.743,0.247
18500,0.010,0.714,0.276
19000,0.010,0.689,0.301
19500,0.010,0.762,0.228
20000,0.010,0.767,0.223
20500,0.010,0.769,0.221
21000,0.010,0.786,0.204
21500,0.010,0.765,0.225
22000,0.010,0.773,0.217
22500,0.010,0.798,0.192
23000,0.010,0.797,0.193
23500,0.010,0.815,0.175
24000,0.010,0.819,0.171
24500,0.010,0.819,0.171
25000,0.010,0.833,0.157
25500,0.010,0.752,0.238
26000,0.010,0.712,0.278
26500,0.010,0.798,0.192
27000,0.010,0.791,0.199
27500,0.010,0.746,0.244
28000,0.010,0.742,0.248
28500,0.010,0.676,0.314
29000,0.010,0.730,0.260
29500,0.010,0.753,0.237
30000,0.010,0.820,0.170
30500,0.010,0.823,0.167
31000,0.010,0.863,0.127
31500,0.010,0.869,0.121
32000,0.010,0.866,0.124
32500,0.010,0.884,0.106
33000,0.010,0.848,0.142
33500,0.010,0.833,0.157
34000,0.010,0.780,0.210
34500,0.010,0.831,0.159
35000,0.010,0.840,0.150
35500,0.010,0.879,0.111
36000,0.010,0.848,0.142
36500,0.010,0.894,0.096
37000,0.010,0.888,0.102
37500,0.010,0.856,0.134
38000,0.010,0.833,0.157
38500,0.010,0.796,0.194
39000,0.010,0.766,0.224
39500,0.010,0.740,0.250
40000,0.010,0.756,0.234
40500,0.010,0.771,0.219
41000,0.010,0.737,0.253
41500,0.010,0.798,0.192
42000,0.010,0.793,0.197
42500,0.010,0.785,0.205
43000,0.010,0.795,0.195
43500,0.010,0.773,0.217
44000,0.010,0.762,0.228
44500,0.010,0.781,0.209
45000,0.010,0.789,0.201
45500,0.010,0.791,0.199
46000,0.010,0.851,0.139
46500,0.010,0.841,0.149
47000,0.010,0.808,0.182
47500,0.010,0.850,0.140
48000,0.010,0.797,0.193
48500,0.010,0.808,0.182
49000,0.010,0.810,0.180
49500,0.010,0.781,0.209
50000,0.010,0.792,0.198
50500,0.010,0.799,0.191
51000,0.010,0.769,0.221
51500,0.010,0.774,0.216
52000,0.010,0.716,0.274
52500,0.010,0.718,0.272
53000,0.010,0.752,0.238
53500,0.010,0.754,0.236
54000,0.010,0.783,0.207
54500,0.010,0.829,0.161
55000,0.010,0.849,0.141
55500,0.010,0.861,0.129
56000,0.010,0.830,0.160
56500,0.010,0.850,0.140
57000,0.010,0.832,0.158
57500,0.010,0.846,0.144
58000,0.010,0.818,0.172
58500,0.010,0.787,0.203
59000,0.010,0.802,0.188
59500,0.010,0.794,0.196
60000,0.010,0.728,0.262
60500,0.010,0.779,0.211
61000,0.010,0.807,0.182
61500,0.010,0.795,0.195
62000,0.010,0.753,0.237
62500,0.010,0.848,0.142
63000,0.010,0.833,0.157
63500,0.010,0.838,0.152
64000,0.010,0.825,0.165
64500,0.010,0.846,0.144
65000,0.010,0.835,0.155
65500,0.010,0.853,0.137
66000,0.010,0.867,0.123
66500,0.010,0.846,0.144
67000,0.010,0.844,0.146
67500,0.010,0.833,0.157
68000,0.010,0.815,0.175
68500,0.010,0.779,0.211
69000,0.010,0.772,0.218
69500,0.010,0.741,0.249
70000,0.010,0.749,0.241
70500,0.010,0.741,0.249
71000,0.010,0.734,0.256
71500,0.010,0.769,0.221
72000,0.010,0.779,0.211
72500,0.010,0.781,0.209
73000,0.010,0.781,0.209
73500,0.010,0.757,0.233
74000,0.010,0.799,0.191
74500,0.010,0.796,0.194
75000,0.010,0.837,0.153
75500,0.010,0.858,0.132
76000,0.010,0.869,0.121
76500,0.010,0.874,0.116
77000,0.010,0.850,0.140
77500,0.010,0.815,0.175
78000,0.010,0.835,0.155
78500,0.010,0.794,0.196
79000,0.010,0.766,0.224
79500,0.010,0.751,0.239
80000,0.010,0.704,0.286
80500,0.010,0.683,0.307
81000,0.010,0.689,0.301
81500,0.010,0.709,0.281
82000,0.010,0.733,0.257
82500,0.010,0.726,0.264
83000,0.010,0.720,0.270
83500,0.010,0.724,0.266
84000,0.010,0.741,0.249
84500,0.010,0.736,0.254
85000,0.010,0.739,0.251
85500,0.010,0.731,0.259
86000,0.010,0.796,0.194
86500,0.010,0.779,0.211
87000,0.010,0.814,0.176
87500,0.010,0.823,0.167
88000,0.010,0.787,0.203
88500,0.010,0.763,0.227
89000,0.010,0.752,0.238
89500,0.010,0.817,0.173
90000,0.010,0.829,0.161
90500,0.010,0.832,0.158
91000,0.010,0.821,0.169
91500,0.010,0.829,0.161
92000,0.010,0.802,0.188
92500,0.010,0.795,0.195
93000,0.010,0.793,0.197
93500,0.010,0.839,0.151
94000,0.010,0.870,0.120
94500,0.010,0.808,0.181
95000,0.010,0.729,0.261
95500,0.010,0.730,0.260
96000,0.010,0.729,0.261
96500,0.010,0.754,0.236
97000,0.010,0.776,0.214
97500,0.010,0.745,0.245
98000,0.010,0.769,0.221
98500,0.010,0.796,0.194
99000,0.010,0.798,0.192
99500,0.010,0.794,0.196
100000,0.010,0.784,0.206
100500,0.010,0.762,0.228
101000,0.010,0.786,0.204
101500,0.010,0.838,0.152
102000,0.010,0.826,0.164
102500,0.010,0.835,0.155
103000,0.010,0.817,0.173
103500,0.010,0.799,0.191
104000,0.010,0.803,0.187
104500,0.010,0.818,0.172
105000,0.010,0.807,0.183
105500,0.010,0.785,0.205
106000,0.010,0.819,0.171
106500,0.010,0.825,0.165
107000,0.010,0.863,0.127
107500,0.010,0.818,0.172
108000,0.010,0.784,0.206
108500,0.010,0.802,0.188
109000,0.010,0.805,0.185
109500,0.010,0.853,0.137
110000,0.010,0.876,0.114
110500,0.010,0.871,0.119
111000,0.010,0.847,0.143
111500,0.010,0.834,0.156
112000,0.010,0.834,0.156
112500,0.010,0.807,0.182
113000,0.010,0.799,0.191
113500,0.010,0.794,0.196
114000,0.010,0.792,0.198
114500,0.010,0.751,0.239
115000,0.010,0.741,0.249
115500,0.010,0.768,0.222
116000,0.010,0.777,0.213
116500,0.010,0.783,0.207
117000,0.010,0.749,0.241
117500,0.010,0.754,0.236
118000,0.010,0.728,0.262
118500,0.010,0.757,0.233
119000,0.010,0.762,0.228
119500,0.010,0.750,0.240
120000,0.010,0.719,0.271
120500,0.010,0.759,0.231
121000,0.010,0.747,0.243
121500,0.010,0.726,0.264
122000,0.010,0.755,0.235
122500,0.010,0.761,0.229
123000,0.010,0.757,0.233
123500,0.010,0.791,0.199
124000,0.010,0.820,0.170
124500,0.010,0.808,0.182
125000,0.010,0.791,0.199
125500,0.010,0.761,0.229
126000,0.010,0.775,0.215
126500,0.010,0.752,0.238
127000,0.010,0.732,0.258
127500,0.010,0.718,0.272
128000,0.010,0.789,0.201
128500,0.010,0.787,0.203
129000,0.010,0.766,0.224
129500,0.010,0.824,0.166
130000,0.010,0.841,0.149
130500,0.010,0.823,0.167
131000,0.010,0.794,0.196
131500,0.010,0.788,0.202
132000,0.010,0.836,0.154
132500,0.010,0.853,0.137
133000,0.010,0.824,0.166
133500,0.010,0.818,0.172
134000,0.010,0.793,0.197
134500,0.010,0.779,0.211
135000,0.010,0.725,0.265
135500,0.010,0.731,0.259
136000,0.010,0.741,0.249
136500,0.010,0.802,0.188
137000,0.010,0.832,0.158
137500,0.010,0.835,0.155
138000,0.010,0.861,0.129
138500,0.010,0.857,0.133
139000,0.010,0.875,0.115
139500,0.010,0.876,0.114
140000,0.010,0.895,0.095
140500,0.010,0.888,0.102
141000,0.010,0.882,0.108
141500,0.010,0.863,0.127
142000,0.010,0.847,0.143
142500,0.010,0.832,0.158
143000,0.010,0.883,0.107
143500,0.010,0.899,0.091
144000,0.010,0.861,0.129
144500,0.010,0.863,0.127
145000,0.010,0.837,0.153
145500,0.010,0.837,0.153
146000,0.010,0.816,0.174
146500,0.010,0.778,0.212
147000,0.010,0.804,0.185
147500,0.010,0.788,0.202
148000,0.010,0.831,0.159
148500,0.010,0.825,0.165
149000,0.010,0.793,0.197
149500,0.010,0.785,0.205
150000,0.010,0.816,0.174
150500,0.010,0.789,0.201
151000,0.010,0.825,0.165
151500,0.010,0.856,0.134
152000,0.010,0.873,0.117
152500,0.010,0.804,0.185
153000,0.010,0.797,0.193
153500,0.010,0.812,0.177
154000,0.010,0.781,0.209
154500,0.010,0.843,0.147
155000,0.010,0.829,0.161
155500,0.010,0.845,0.145
156000,0.010,0.858,0.132
156500,0.010,0.868,0.122
157000,0.010,0.866,0.124
157500,0.010,0.862,0.128
158000,0.010,0.896,0.094
158500,0.010,0.865,0.125
159000,0.010,0.858,0.132
159500,0.010,0.810,0.180
160000,0.010,0.845,0.145
160500,0.010,0.832,0.158
161000,0.010,0.795,0.195
161500,0.010,0.777,0.213
162000,0.010,0.780,0.210
162500,0.010,0.791,0.199
163000,0.010,0.758,0.232
163500,0.010,0.792,0.198
164000,0.010,0.780,0.210
164500,0.010,0.734,0.256
165000,0.010,0.759,0.231
165500,0.010,0.738,0.252
166000,0.010,0.751,0.239
166500,0.010,0.766,0.224
167000,0.010,0.839,0.151
167500,0.010,0.834,0.156
168000,0.010,0.860,0.130
168500,0.010,0.808,0.181
169000,0.010,0.853,0.137
169500,0.010,0.888,0.102
170000,0.010,0.844,0.146
170500,0.010,0.771,0.219
171000,0.010,0.810,0.179
171500,0.010,0.807,0.182
172000,0.010,0.805,0.185
172500,0.010,0.839,0.151
173000,0.010,0.875,0.115
173500,0.010,0.887,0.103
174000,0.010,0.891,0.099
174500,0.010,0.912,0.078
175000,0.010,0.930,0.059
175500,0.010,0.884,0.106
176000,0.010,0.877,0.113
176500,0.010,0.842,0.148
177000,0.010,0.853,0.137
177500,0.010,0.887,0.103
178000,0.010,0.868,0.122
178500,0.010,0.880,0.110
179000,0.010,0.904,0.086
179500,0.010,0.876,0.114
180000,0.010,0.832,0.158
180500,0.010,0.835,0.155
181000,0.010,0.875,0.115
181500,0.010,0.890,0.100
182000,0.010,0.892,0.098
182500,0.010,0.864,0.126
183000,0.010,0.810,0.180
183500,0.010,0.807,0.182
184000,0.010,0.807,0.182
184500,0.010,0.832,0.158
185000,0.010,0.813,0.177
185500,0.010,0.785,0.205
186000,0.010,0.782,0.208
186500,0.010,0.757,0.233
187000,0.010,0.808,0.182
187500,0.010,0.804,0.185
188000,0.010,0.759,0.231
188500,0.010,0.772,0.218
189000,0.010,0.807,0.183
189500,0.010,0.769,0.221
190000,0.010,0.788,0.202
190500,0.010,0.830,0.160
191000,0.010,0.802,0.188
191500,0.010,0.770,0.220
192000,0.010,0.802,0.188
192500,0.010,0.806,0.184
193000,0.010,0.835,0.155
193500,0.010,0.815,0.175
194000,0.010,0.823,0.167
194500,0.010,0.842,0.148
195000,0.010,0.796,0.194
195500,0.010,0.814,0.176
196000,0.010,0.844,0.146
196500,0.010,0.849,0.141
197000,0.010,0.821,0.169
197500,0.010,0.828,0.162
198000,0.010,0.754,0.236
198500,0.010,0.757,0.233
199000,0.010,0.807,0.182
199500,0.010,0.799,0.191
200000,0.010,0.796,0.194
200500,0.010,0.820,0.170
201000,0.010,0.821,0.169
201500,0.010,0.790,0.200
202000,0.010,0.778,0.212
202500,0.010,0.797,0.193
203000,0.010,0.788,0.202
203500,0.010,0.811,0.178
204000,0.010,0.875,0.115
204500,0.010,0.889,0.101
205000,0.010,0.882,0.108
205500,0.010,0.903,0.087
206000,0.010,0.869,0.121
206500,0.010,0.881,0.109
207000,0.010,0.870,0.120
207500,0.010,0.820,0.170
208000,0.010,0.826,0.164
208500,0.010,0.829,0.161
209000,0.010,0.844,0.146
209500,0.010,0.836,0.154
210000,0.010,0.829,0.161
210500,0.010,0.804,0.186
211000,0.010,0.862,0.128
211500,0.010,0.895,0.095
212000,0.010,0.880,0.110
212500,0.010,0.915,0.075
213000,0.010,0.914,0.076
213500,0.010,0.900,0.090
214000,0.010,0.879,0.111
214500,0.010,0.833,0.157
215000,0.010,0.800,0.190
215500,0.010,0.795,0.195
216000,0.010,0.763,0.227
216500,0.010,0.818,0.172
217000,0.010,0.814,0.176
217500,0.010,0.815,0.175
218000,0.010,0.832,0.158
218500,0.010,0.795,0.195
219000,0.010,0.829,0.161
219500,0.010,0.819,0.171
220000,0.010,0.833,0.157
220500,0.010,0.859,0.131
221000,0.010,0.893,0.097
221500,0.010,0.873,0.117
222000,0.010,0.912,0.078
222500,0.010,0.895,0.095
223000,0.010,0.883,0.107
223500,0.010,0.866,0.124
224000,0.010,0.895,0.095
224500,0.010,0.858,0.132
225000,0.010,0.789,0.201
225500,0.010,0.759,0.231
226000,0.010,0.835,0.155
226500,0.010,0.783,0.207
227000,0.010,0.793,0.197
227500,0.010,0.780,0.210
228000,0.010,0.725,0.265
228500,0.010,0.755,0.235
229000,0.010,0.751,0.239
229500,0.010,0.716,0.274
230000,0.010,0.791,0.199
230500,0.010,0.772,0.218
231000,0.010,0.760,0.230
231500,0.010,0.759,0.231
232000,0.010,0.791,0.199
232500,0.010,0.754,0.236
233000,0.010,0.771,0.219
233500,0.010,0.772,0.218
234000,0.010,0.762,0.228
234500,0.010,0.779,0.211
235000,0.010,0.772,0.218
235500,0.010,0.712,0.278
236000,0.010,0.756,0.234
236500,0.010,0.754,0.236
237000,0.010,0.809,0.180
237500,0.010,0.820,0.170
238000,0.010,0.833,0.157
238500,0.010,0.853,0.137
239000,0.010,0.816,0.174
239500,0.010,0.758,0.232
240000,0.010,0.788,0.202
240500,0.010,0.810,0.180
241000,0.010,0.856,0.134
241500,0.010,0.829,0.161
242000,0.010,0.778,0.212
242500,0.010,0.803,0.186
243000,0.010,0.804,0.186
243500,0.010,0.779,0.211
244000,0.010,0.723,0.267
244500,0.010,0.740,0.250
245000,0.010,0.707,0.283
245500,0.010,0.726,0.264
246000,0.010,0.757,0.233
246500,0.010,0.760,0.230
247000,0.010,0.735,0.255
247500,0.010,0.741,0.249
248000,0.010,0.727,0.263
248500,0.010,0.761,0.229
249000,0.010,0.763,0.227
249500,0.010,0.809,0.180
250000,0.010,0.834,0.156
250500,0.010,0.848,0.142
251000,0.010,0.852,0.138
251500,0.010,0.848,0.142
252000,0.010,0.794,0.196
252500,0.010,0.784,0.206
253000,0.010,0.793,0.197
253500,0.010,0.789,0.201
254000,0.010,0.800,0.190
254500,0.010,0.772,0.218
255000,0.010,0.782,0.208
255500,0.010,0.761,0.229
256000,0.010,0.766,0.224
256500,0.010,0.760,0.230
257000,0.010,0.728,0.262
257500,0.010,0.743,0.247
258000,0.010,0.710,0.280
258500,0.010,0.731,0.259
259000,0.010,0.777,0.213
259500,0.010,0.779,0.211
260000,0.010,0.759,0.231
260500,0.010,0.725,0.265
261000,0.010,0.776,0.214
261500,0.010,0.787,0.203
262000,0.010,0.820,0.170
262500,0.010,0.820,0.170
263000,0.010,0.825,0.165
263500,0.010,0.858,0.132
264000,0.010,0.841,0.149
264500,0.010,0.881,0.109
265000,0.010,0.864,0.126
265500,0.010,0.820,0.170
266000,0.010,0.807,0.183
266500,0.010,0.856,0.134
267000,0.010,0.831,0.159
267500,0.010,0.874,0.116
268000,0.010,0.853,0.137
268500,0.010,0.843,0.147
269000,0.010,0.808,0.181
269500,0.010,0.756,0.234
270000,0.010,0.817,0.173
270500,0.010,0.798,0.192
271000,0.010,0.795,0.195
271500,0.010,0.817,0.173
272000,0.010,0.875,0.115
272500,0.010,0.896,0.094
273000,0.010,0.869,0.121
273500,0.010,0.852,0.138
274000,0.010,0.769,0.221
274500,0.010,0.778,0.212
275000,0.010,0.762,0.228
275500,0.010,0.781,0.209
276000,0.010,0.765,0.225
276500,0.010,0.792,0.198
277000,0.010,0.788,0.202
277500,0.010,0.800,0.190
278000,0.010,0.765,0.225
278500,0.010,0.761,0.229
279000,0.010,0.768,0.222
279500,0.010,0.795,0.195
280000,0.010,0.763,0.227
280500,0.010,0.754,0.236
281000,0.010,0.787,0.203
281500,0.010,0.822,0.168
282000,0.010,0.827,0.163
282500,0.010,0.796,0.194
283000,0.010,0.792,0.198
283500,0.010,0.774,0.216
284000,0.010,0.768,0.222
284500,0.010,0.784,0.206
285000,0.010,0.713,0.277
285500,0.010,0.755,0.235
286000,0.010,0.746,0.244
286500,0.010,0.776,0.214
287000,0.010,0.763,0.227
287500,0.010,0.786,0.204
288000,0.010,0.803,0.186
288500,0.010,0.788,0.202
289000,0.010,0.728,0.262
289500,0.010,0.765,0.225
290000,0.010,0.705,0.285
290500,0.010,0.691,0.299
291000,0.010,0.704,0.286
291500,0.010,0.764,0.226
292000,0.010,0.818,0.172
292500,0.010,0.828,0.162
293000,0.010,0.837,0.153
293500,0.010,0.820,0.170
294000,0.010,0.820,0.170
294500,0.010,0.819,0.171
295000,0.010,0.826,0.164
295500,0.010,0.796,0.194
296000,0.010,0.742,0.248
296500,0.010,0.744,0.246
297000,0.010,0.785,0.205
297500,0.010,0.763,0.227
298000,0.010,0.751,0.239
298500,0.010,0.795,0.195
299000,0.010,0.800,0.190
299500,0.010,0.807,0.183
300000,0.010,0.826,0.164
300500,0.010,0.826,0.164
301000,0.010,0.842,0.148
301500,0.010,0.874,0.116
302000,0.010,0.864,0.126
302500,0.010,0.854,0.136
303000,0.010,0.834,0.156
303500,0.010,0.838,0.152
304000,0.010,0.812,0.177
304500,0.010,0.832,0.158
305000,0.010,0.853,0.137
305500,0.010,0.833,0.157
306000,0.010,0.869,0.121
306500,0.010,0.872,0.118
307000,0.010,0.849,0.141
307500,0.010,0.827,0.163
308000,0.010,0.801,0.189
308500,0.010,0.798,0.192
309000,0.010,0.779,0.211
309500,0.010,0.840,0.150
310000,0.010,0.862,0.128
310500,0.010,0.821,0.169
311000,0.010,0.825,0.165
311500,0.010,0.833,0.157
312000,0.010,0.868,0.122
312500,0.010,0.847,0.143
313000,0.010,0.880,0.110
313500,0.010,0.920,0.070
314000,0.010,0.890,0.100
314500,0.010,0.881,0.109
315000,0.010,0.910,0.080
315500,0.010,0.891,0.099
316000,0.010,0.889,0.101
316500,0.010,0.896,0.094
317000,0.010,0.881,0.109
317500,0.010,0.899,0.091
318000,0.010,0.875,0.115
318500,0.010,0.863,0.127
319000,0.010,0.839,0.151
319500,0.010,0.801,0.189
320000,0.010,0.791,0.199
320500,0.010,0.776,0.214
321000,0.010,0.793,0.197
321500,0.010,0.772,0.218
322000,0.010,0.769,0.221
322500,0.010,0.764,0.226
323000,0.010,0.730,0.260
323500,0.010,0.742,0.248
324000,0.010,0.694,0.296
324500,0.010,0.710,0.280
325000,0.010,0.773,0.217
325500,0.010,0.782,0.208
326000,0.010,0.845,0.145
326500,0.010,0.834,0.156
327000,0.010,0.805,0.184
327500,0.010,0.783,0.207
328000,0.010,0.774,0.216
328500,0.010,0.824,0.166
329000,0.010,0.772,0.218
329500,0.010,0.757,0.233
330000,0.010,0.770,0.220
330500,0.010,0.757,0.233
331000,0.010,0.734,0.256
331500,0.010,0.762,0.228
332000,0.010,0.714,0.276
332500,0.010,0.765,0.225
333000,0.010,0.746,0.244
333500,0.010,0.774,0.216
334000,0.010,0.785,0.205
334500,0.010,0.812,0.177
335000,0.010,0.801,0.189
335500,0.010,0.782,0.208
336000,0.010,0.827,0.163
336500,0.010,0.809,0.180
337000,0.010,0.853,0.137
337500,0.010,0.844,0.146
338000,0.010,0.787,0.203
338500,0.010,0.776,0.214
339000,0.010,0.734,0.256
339500,0.010,0.680,0.309
340000,0.010,0.743,0.247
340500,0.010,0.773,0.217
341000,0.010,0.751,0.239
341500,0.010,0.743,0.247
342000,0.010,0.732,0.258
342500,0.010,0.773,0.217
343000,0.010,0.788,0.202
343500,0.010,0.798,0.192
344000,0.010,0.844,0.146
344500,0.010,0.791,0.199
345000,0.010,0.819,0.171
345500,0.010,0.820,0.170
346000,0.010,0.792,0.198
346500,0.010,0.832,0.158
347000,0.010,0.738,0.252
347500,0.010,0.759,0.231
348000,0.010,0.758,0.232
348500,0.010,0.769,0.221
349000,0.010,0.821,0.169
349500,0.010,0.790,0.200
350000,0.010,0.805,0.184
350500,0.010,0.789,0.201
351000,0.010,0.806,0.183
351500,0.010,0.818,0.172
352000,0.010,0.772,0.218
352500,0.010,0.809,0.181
353000,0.010,0.853,0.137
353500,0.010,0.834,0.156
354000,0.010,0.839,0.151
354500,0.010,0.817,0.173
355000,0.010,0.793,0.197
355500,0.010,0.796,0.194
356000,0.010,0.753,0.237
356500,0.010,0.741,0.249
357000,0.010,0.772,0.218
357500,0.010,0.698,0.292
358000,0.010,0.737,0.253
358500,0.010,0.753,0.237
359000,0.010,0.785,0.205
359500,0.010,0.813,0.177
360000,0.010,0.808,0.182
360500,0.010,0.799,0.191
361000,0.010,0.799,0.191
361500,0.010,0.805,0.185
362000,0.010,0.800,0.190
362500,0.010,0.834,0.156
363000,0.010,0.771,0.219
363500,0.010,0.773,0.217
364000,0.010,0.782,0.208
364500,0.010,0.767,0.223
365000,0.010,0.784,0.206
365500,0.010,0.769,0.221
366000,0.010,0.796,0.194
366500,0.010,0.815,0.175
367000,0.010,0.877,0.113
367500,0.010,0.910,0.080
368000,0.010,0.904,0.086
368500,0.010,0.876,0.114
369000,0.010,0.816,0.174
369500,0.010,0.818,0.172
370000,0.010,0.837,0.153
370500,0.010,0.807,0.182
371000,0.010,0.753,0.237
371500,0.010,0.750,0.240
372000,0.010,0.736,0.254
372500,0.010,0.778,0.212
373000,0.010,0.731,0.259
373500,0.010,0.766,0.224
374000,0.010,0.791,0.199
374500,0.010,0.795,0.195
375000,0.010,0.799,0.191
375500,0.010,0.751,0.239
376000,0.010,0.802,0.188
376500,0.010,0.836,0.154
377000,0.010,0.859,0.131
377500,0.010,0.856,0.134
378000,0.010,0.889,0.101
378500,0.010,0.915,0.075
379000,0.010,0.903,0.087
379500,0.010,0.885,0.105
380000,0.010,0.878,0.112
380500,0.010,0.855,0.135
381000,0.010,0.827,0.163
381500,0.010,0.847,0.143
382000,0.010,0.811,0.178
382500,0.010,0.781,0.209
383000,0.010,0.700,0.290
383500,0.010,0.726,0.264
384000,0.010,0.736,0.254
384500,0.010,0.706,0.284
385000,0.010,0.699,0.291
385500,0.010,0.691,0.299
386000,0.010,0.782,0.208
386500,0.010,0.796,0.194
387000,0.010,0.778,0.212
387500,0.010,0.776,0.214
388000,0.010,0.787,0.203
388500,0.010,0.795,0.195
389000,0.010,0.795,0.195
389500,0.010,0.828,0.162
390000,0.010,0.765,0.225
390500,0.010,0.810,0.179
391000,0.010,0.826,0.164
391500,0.010,0.847,0.143
392000,0.010,0.855,0.135
392500,0.010,0.830,0.160
393000,0.010,0.802,0.188
393500,0.010,0.785,0.205
394000,0.010,0.791,0.199
394500,0.010,0.794,0.196
395000,0.010,0.826,0.164
395500,0.010,0.861,0.129
396000,0.010,0.851,0.139
396500,0.010,0.837,0.153
397000,0.010,0.824,0.166
397500,0.010,0.842,0.148
398000,0.010,0.831,0.159
398500,0.010,0.820,0.170
399000,0.010,0.800,0.190
399500,0.010,0.820,0.170
400000,0.010,0.861,0.129
400500,0.010,0.831,0.159
401000,0.010,0.795,0.195
401500,0.010,0.801,0.189
402000,0.010,0.759,0.231
402500,0.010,0.736,0.254
403000,0.010,0.777,0.213
403500,0.010,0.786,0.204
404000,0.010,0.778,0.212
404500,0.010,0.791,0.199
405000,0.010,0.790,0.200
405500,0.010,0.745,0.245
406000,0.010,0.689,0.301
406500,0.010,0.705,0.285
407000,0.010,0.741,0.249
407500,0.010,0.704,0.286
408000,0.010,0.706,0.284
408500,0.010,0.763,0.227
409000,0.010,0.750,0.240
409500,0.010,0.815,0.175
410000,0.010,0.814,0.176
410500,0.010,0.819,0.171
411000,0.010,0.823,0.167
411500,0.010,0.774,0.216
412000,0.010,0.795,0.195
412500,0.010,0.797,0.193
413000,0.010,0.763,0.227
413500,0.010,0.717,0.273
414000,0.010,0.736,0.254
414500,0.010,0.772,0.218
415000,0.010,0.816,0.174
415500,0.010,0.836,0.154
416000,0.010,0.869,0.121
416500,0.010,0.824,0.166
417000,0.010,0.823,0.167
417500,0.010,0.797,0.193
418000,0.010,0.781,0.209
418500,0.010,0.743,0.247
419000,0.010,0.727,0.263
419500,0.010,0.767,0.223
420000,0.010,0.779,0.211
420500,0.010,0.739,0.251
421000,0.010,0.723,0.267
421500,0.010,0.717,0.273
422000,0.010,0.689,0.301
422500,0.010,0.698,0.292
423000,0.010,0.702,0.288
423500,0.010,0.689,0.301
424000,0.010,0.789,0.201
424500,0.010,0.746,0.244
425000,0.010,0.728,0.262
425500,0.010,0.803,0.187
426000,0.010,0.798,0.192
426500,0.010,0.801,0.189
427000,0.010,0.832,0.158
427500,0.010,0.763,0.227
428000,0.010,0.808,0.181
428500,0.010,0.798,0.192
429000,0.010,0.762,0.228
429500,0.010,0.802,0.188
430000,0.010,0.780,0.210
430500,0.010,0.781,0.209
431000,0.010,0.770,0.220
431500,0.010,0.743,0.247
432000,0.010,0.731,0.259
432500,0.010,0.735,0.255
433000,0.010,0.790,0.200
433500,0.010,0.738,0.252
434000,0.010,0.724,0.266
434500,0.010,0.754,0.236
435000,0.010,0.763,0.227
435500,0.010,0.743,0.247
436000,0.010,0.702,0.288
436500,0.010,0.730,0.260
437000,0.010,0.732,0.258
437500,0.010,0.779,0.211
438000,0.010,0.784,0.206
438500,0.010,0.763,0.227
439000,0.010,0.793,0.197
439500,0.010,0.815,0.175
440000,0.010,0.810,0.180
440500,0.010,0.791,0.199
441000,0.010,0.800,0.190
441500,0.010,0.826,0.164
442000,0.010,0.838,0.152
442500,0.010,0.818,0.172
443000,0.010,0.803,0.186
443500,0.010,0.798,0.192
444000,0.010,0.807,0.183
444500,0.010,0.776,0.214
445000,0.010,0.748,0.242
445500,0.010,0.735,0.255
446000,0.010,0.770,0.220
446500,0.010,0.818,0.172
447000,0.010,0.813,0.177
447500,0.010,0.828,0.162
448000,0.010,0.727,0.263
448500,0.010,0.808,0.182
449000,0.010,0.822,0.168
449500,0.010,0.757,0.233
450000,0.010,0.773,0.217
450500,0.010,0.801,0.189
451000,0.010,0.803,0.187
451500,0.010,0.843,0.147
452000,0.010,0.876,0.114
452500,0.010,0.878,0.112
453000,0.010,0.877,0.113
453500,0.010,0.930,0.060
454000,0.010,0.898,0.092
454500,0.010,0.877,0.113
455000,0.010,0.859,0.131
455500,0.010,0.835,0.155
456000,0.010,0.836,0.154
456500,0.010,0.830,0.160
457000,0.010,0.871,0.119
457500,0.010,0.872,0.118
458000,0.010,0.858,0.132
458500,0.010,0.838,0.152
459000,0.010,0.857,0.133
459500,0.010,0.820,0.170
460000,0.010,0.846,0.144
460500,0.010,0.882,0.108
461000,0.010,0.874,0.116
461500,0.010,0.871,0.119
462000,0.010,0.805,0.184
462500,0.010,0.820,0.170
463000,0.010,0.823,0.167
463500,0.010,0.848,0.142
464000,0.010,0.816,0.174
464500,0.010,0.868,0.122
465000,0.010,0.867,0.123
465500,0.010,0.819,0.171
466000,0.010,0.816,0.174
466500,0.010,0.785,0.205
467000,0.010,0.784,0.206
467500,0.010,0.767,0.223
468000,0.010,0.779,0.211
468500,0.010,0.782,0.208
469000,0.010,0.768,0.222
469500,0.010,0.789,0.201
470000,0.010,0.809,0.181
470500,0.010,0.809,0.181
471000,0.010,0.860,0.130
471500,0.010,0.811,0.179
472000,0.010,0.818,0.172
472500,0.010,0.821,0.169
473000,0.010,0.818,0.172
473500,0.010,0.765,0.225
474000,0.010,0.777,0.213
474500,0.010,0.785,0.205
475000,0.010,0.798,0.192
475500,0.010,0.764,0.226
476000,0.010,0.753,0.237
476500,0.010,0.774,0.216
477000,0.010,0.777,0.213
477500,0.010,0.782,0.208
478000,0.010,0.792,0.198
478500,0.010,0.844,0.146
479000,0.010,0.784,0.206
479500,0.010,0.791,0.199
480000,0.010,0.836,0.154
480500,0.010,0.840,0.150
481000,0.010,0.786,0.204
481500,0.010,0.807,0.182
482000,0.010,0.786,0.204
482500,0.010,0.792,0.198
483000,0.010,0.816,0.174
483500,0.010,0.825,0.165
484000,0.010,0.825,0.165
484500,0.010,0.760,0.230
485000,0.010,0.770,0.220
485500,0.010,0.733,0.257
486000,0.010,0.761,0.229
486500,0.010,0.789,0.201
487000,0.010,0.790,0.200
487500,0.010,0.821,0.169
488000,0.010,0.799,0.191
488500,0.010,0.792,0.198
489000,0.010,0.758,0.232
489500,0.010,0.801,0.189
490000,0.010,0.857,0.133
490500,0.010,0.886,0.104
491000,0.010,0.837,0.153
491500,0.010,0.782,0.208
492000,0.010,0.786,0.204
492500,0.010,0.833,0.157
493000,0.010,0.840,0.150
493500,0.010,0.807,0.182
494000,0.010,0.802,0.188
494500,0.010,0.781,0.209
495000,0.010,0.774,0.216
495500,0.010,0.766,0.224
496000,0.010,0.758,0.232
496500,0.010,0.763,0.227
497000,0.010,0.769,0.221
497500,0.010,0.820,0.170
498000,0.010,0.811,0.179
498500,0.010,0.764,0.226
499000,0.010,0.727,0.263
499500,0.010,0.762,0.228
500000,0.010,0.796,0.194
500500,0.010,0.745,0.245
501000,0.010,0.703,0.287
501500,0.010,0.764,0.226
502000,0.010,0.807,0.182
502500,0.010,0.814,0.176
503000,0.010,0.808,0.182
503500,0.010,0.810,0.179
504000,0.010,0.814,0.176
504500,0.010,0.743,0.247
505000,0.010,0.736,0.254
505500,0.010,0.748,0.242
506000,0.010,0.693,0.297
506500,0.010,0.744,0.246
507000,0.010,0.816,0.174
507500,0.010,0.807,0.182
508000,0.010,0.754,0.236
508500,0.010,0.810,0.179
509000,0.010,0.821,0.169
509500,0.010,0.827,0.163
510000,0.010,0.833,0.157
510500,0.010,0.857,0.133
511000,0.010,0.754,0.236
511500,0.010,0.710,0.280
512000,0.010,0.751,0.239
512500,0.010,0.736,0.254
513000,0.010,0.786,0.204
513500,0.010,0.780,0.210
514000,0.010,0.848,0.142
514500,0.010,0.860,0.130
515000,0.010,0.799,0.191
515500,0.010,0.792,0.198
516000,0.010,0.783,0.207
516500,0.010,0.827,0.163
517000,0.010,0.875,0.115
517500,0.010,0.827,0.163
518000,0.010,0.822,0.168
518500,0.010,0.841,0.149
519000,0.010,0.795,0.195
519500,0.010,0.758,0.232
520000,0.010,0.800,0.190
520500,0.010,0.776,0.214
521000,0.010,0.840,0.150
521500,0.010,0.834,0.156
522000,0.010,0.809,0.180
522500,0.010,0.810,0.179
523000,0.010,0.802,0.188
523500,0.010,0.795,0.195
524000,0.010,0.785,0.205
524500,0.010,0.803,0.187
525000,0.010,0.819,0.171
525500,0.010,0.815,0.175
526000,0.010,0.808,0.182
526500,0.010,0.793,0.197
527000,0.010,0.788,0.202
527500,0.010,0.803,0.186
528000,0.010,0.797,0.193
528500,0.010,0.785,0.205
529000,0.010,0.788,0.202
529500,0.010,0.809,0.180
530000,0.010,0.839,0.151
530500,0.010,0.858,0.132
531000,0.010,0.868,0.122
531500,0.010,0.876,0.114
532000,0.010,0.877,0.113
532500,0.010,0.893,0.097
533000,0.010,0.895,0.095
533500,0.010,0.860,0.130
534000,0.010,0.837,0.153
534500,0.010,0.869,0.121
535000,0.010,0.843,0.147
535500,0.010,0.847,0.143
536000,0.010,0.859,0.131
536500,0.010,0.810,0.179
537000,0.010,0.822,0.168
537500,0.010,0.769,0.221
538000,0.010,0.760,0.230
538500,0.010,0.740,0.250
539000,0.010,0.731,0.259
539500,0.010,0.741,0.249
540000,0.010,0.742,0.248
540500,0.010,0.699,0.291
541000,0.010,0.724,0.266
541500,0.010,0.770,0.220
542000,0.010,0.820,0.170
542500,0.010,0.828,0.162
543000,0.010,0.846,0.144
543500,0.010,0.809,0.180
544000,0.010,0.841,0.149
544500,0.010,0.810,0.180
545000,0.010,0.753,0.237
545500,0.010,0.716,0.274
546000,0.010,0.732,0.258
546500,0.010,0.707,0.283
547000,0.010,0.727,0.263
547500,0.010,0.751,0.239
548000,0.010,0.844,0.146
548500,0.010,0.822,0.168
549000,0.010,0.813,0.177
549500,0.010,0.814,0.176
550000,0.010,0.757,0.233
550500,0.010,0.828,0.162
551000,0.010,0.853,0.137
551500,0.010,0.831,0.159
552000,0.010,0.782,0.208
552500,0.010,0.830,0.160
553000,0.010,0.829,0.161
553500,0.010,0.824,0.166
554000,0.010,0.854,0.136
554500,0.010,0.850,0.140
555000,0.010,0.799,0.191
555500,0.010,0.772,0.218
556000,0.010,0.795,0.195
556500,0.010,0.754,0.236
557000,0.010,0.786,0.204
557500,0.010,0.815,0.175
558000,0.010,0.791,0.199
558500,0.010,0.804,0.186
559000,0.010,0.831,0.159
559500,0.010,0.807,0.183
560000,0.010,0.798,0.192
560500,0.010,0.813,0.177
561000,0.010,0.814,0.176
561500,0.010,0.817,0.173
562000,0.010,0.781,0.209
562500,0.010,0.825,0.165
563000,0.010,0.831,0.159
563500,0.010,0.828,0.162
564000,0.010,0.835,0.155
564500,0.010,0.735,0.255
565000,0.010,0.754,0.236
565500,0.010,0.768,0.222
566000,0.010,0.775,0.215
566500,0.010,0.765,0.225
567000,0.010,0.734,0.256
567500,0.010,0.752,0.238
568000,0.010,0.819,0.171
568500,0.010,0.807,0.182
569000,0.010,0.812,0.178
569500,0.010,0.793,0.197
570000,0.010,0.787,0.203
570500,0.010,0.726,0.264
571000,0.010,0.808,0.182
571500,0.010,0.817,0.173
572000,0.010,0.798,0.192
572500,0.010,0.818,0.172
573000,0.010,0.784,0.206
573500,0.010,0.848,0.142
574000,0.010,0.818,0.172
574500,0.010,0.803,0.187
575000,0.010,0.786,0.204
575500,0.010,0.761,0.229
576000,0.010,0.737,0.253
576500,0.010,0.743,0.247
577000,0.010,0.786,0.204
577500,0.010,0.809,0.181
578000,0.010,0.823,0.167
578500,0.010,0.799,0.191
579000,0.010,0.765,0.225
579500,0.010,0.782,0.208
580000,0.010,0.789,0.201
580500,0.010,0.769,0.221
581000,0.010,0.768,0.222
581500,0.010,0.824,0.166
582000,0.010,0.840,0.150
582500,0.010,0.780,0.210
583000,0.010,0.715,0.275
583500,0.010,0.754,0.236
584000,0.010,0.812,0.177
584500,0.010,0.846,0.144
585000,0.010,0.819,0.171
585500,0.010,0.839,0.151
586000,0.010,0.806,0.184
586500,0.010,0.860,0.130
587000,0.010,0.795,0.195
587500,0.010,0.766,0.224
588000,0.010,0.746,0.244
588500,0.010,0.775,0.215
589000,0.010,0.789,0.201
589500,0.010,0.762,0.228
590000,0.010,0.762,0.228
590500,0.010,0.709,0.281
591000,0.010,0.721,0.269
591500,0.010,0.734,0.256
592000,0.010,0.753,0.237
592500,0.010,0.820,0.170
593000,0.010,0.847,0.143
593500,0.010,0.834,0.156
594000,0.010,0.820,0.170
594500,0.010,0.756,0.234
595000,0.010,0.768,0.222
595500,0.010,0.774,0.216
596000,0.010,0.800,0.190
596500,0.010,0.851,0.139
597000,0.010,0.833,0.157
597500,0.010,0.803,0.186
598000,0.010,0.804,0.185
598500,0.010,0.812,0.178
599000,0.010,0.805,0.184
599500,0.010,0.804,0.186
600000,0.010,0.750,0.240
600500,0.010,0.772,0.218
601000,0.010,0.738,0.252
601500,0.010,0.755,0.235
602000,0.010,0.777,0.213
602500,0.010,0.742,0.248
603000,0.010,0.754,0.236
603500,0.010,0.795,0.195
604000,0.010,0.820,0.170
604500,0.010,0.823,0.167
605000,0.010,0.819,0.171
605500,0.010,0.789,0.201
606000,0.010,0.828,0.162
606500,0.010,0.807,0.183
607000,0.010,0.843,0.147
607500,0.010,0.836,0.154
608000,0.010,0.827,0.163
608500,0.010,0.854,0.136
609000,0.010,0.795,0.195
609500,0.010,0.786,0.204
610000,0.010,0.801,0.189
610500,0.010,0.781,0.209
611000,0.010,0.764,0.226
611500,0.010,0.731,0.259
612000,0.010,0.680,0.310
612500,0.010,0.740,0.250
613000,0.010,0.737,0.253
613500,0.010,0.775,0.215
614000,0.010,0.809,0.181
614500,0.010,0.829,0.161
615000,0.010,0.851,0.139
615500,0.010,0.785,0.205
616000,0.010,0.774,0.216
616500,0.010,0.791,0.199
617000,0.010,0.789,0.201
617500,0.010,0.773,0.217
618000,0.010,0.806,0.184
618500,0.010,0.834,0.156
619000,0.010,0.785,0.205
619500,0.010,0.796,0.194
620000,0.010,0.784,0.206
620500,0.010,0.805,0.184
621000,0.010,0.818,0.172
621500,0.010,0.827,0.163
622000,0.010,0.809,0.181
622500,0.010,0.819,0.171
623000,0.010,0.775,0.215
623500,0.010,0.762,0.228
624000,0.010,0.768,0.222
624500,0.010,0.785,0.205
625000,0.010,0.764,0.226
625500,0.010,0.750,0.240
626000,0.010,0.823,0.167
626500,0.010,0.833,0.157
627000,0.010,0.779,0.211
627500,0.010,0.756,0.234
628000,0.010,0.754,0.236
628500,0.010,0.789,0.201
629000,0.010,0.799,0.191
629500,0.010,0.801,0.189
630000,0.010,0.751,0.239
630500,0.010,0.761,0.229
631000,0.010,0.726,0.264
631500,0.010,0.778,0.212
632000,0.010,0.735,0.255
632500,0.010,0.714,0.276
633000,0.010,0.795,0.195
633500,0.010,0.778,0.212
634000,0.010,0.774,0.216
634500,0.010,0.729,0.261
635000,0.010,0.726,0.264
635500,0.010,0.700,0.290
636000,0.010,0.795,0.195
636500,0.010,0.825,0.165
637000,0.010,0.743,0.247
637500,0.010,0.778,0.212
638000,0.010,0.798,0.192
638500,0.010,0.774,0.216
639000,0.010,0.781,0.209
639500,0.010,0.747,0.243
640000,0.010,0.787,0.203
640500,0.010,0.782,0.208
641000,0.010,0.767,0.223
641500,0.010,0.808,0.182
642000,0.010,0.780,0.210
642500,0.010,0.760,0.230
643000,0.010,0.804,0.185
643500,0.010,0.816,0.174
644000,0.010,0.817,0.173
644500,0.010,0.801,0.189
645000,0.010,0.827,0.163
645500,0.010,0.848,0.142
646000,0.010,0.834,0.156
646500,0.010,0.814,0.176
647000,0.010,0.861,0.129
647500,0.010,0.873,0.117
648000,0.010,0.871,0.119
648500,0.010,0.871,0.119
649000,0.010,0.838,0.152
649500,0.010,0.830,0.160
650000,0.010,0.794,0.196
650500,0.010,0.722,0.268
651000,0.010,0.762,0.228
651500,0.010,0.783,0.207
652000,0.010,0.789,0.201
652500,0.010,0.803,0.187
653000,0.010,0.806,0.184
653500,0.010,0.775,0.215
654000,0.010,0.784,0.206
654500,0.010,0.797,0.193
655000,0.010,0.818,0.172
655500,0.010,0.839,0.151
656000,0.010,0.846,0.144
656500,0.010,0.848,0.142
657000,0.010,0.854,0.136
657500,0.010,0.848,0.142
658000,0.010,0.822,0.168
658500,0.010,0.801,0.189
659000,0.010,0.780,0.210
659500,0.010,0.790,0.200
660000,0.010,0.790,0.200
660500,0.010,0.765,0.225
661000,0.010,0.770,0.220
661500,0.010,0.757,0.233
662000,0.010,0.718,0.272
662500,0.010,0.679,0.311
663000,0.010,0.729,0.261
663500,0.010,0.712,0.278
664000,0.010,0.670,0.320
664500,0.010,0.717,0.273
665000,0.010,0.727,0.263
665500,0.010,0.746,0.244
666000,0.010,0.695,0.295
666500,0.010,0.736,0.254
667000,0.010,0.800,0.190
667500,0.010,0.798,0.192
668000,0.010,0.802,0.188
668500,0.010,0.754,0.236
669000,0.010,0.803,0.187
669500,0.010,0.817,0.173
670000,0.010,0.812,0.177
670500,0.010,0.847,0.143
671000,0.010,0.788,0.202
671500,0.010,0.763,0.227
672000,0.010,0.721,0.269
672500,0.010,0.735,0.255
673000,0.010,0.679,0.311
673500,0.010,0.660,0.330
674000,0.010,0.731,0.259
674500,0.010,0.720,0.270
675000,0.010,0.733,0.257
675500,0.010,0.725,0.265
676000,0.010,0.688,0.302
676500,0.010,0.692,0.298
677000,0.010,0.712,0.278
677500,0.010,0.767,0.223
678000,0.010,0.784,0.206
678500,0.010,0.748,0.242
679000,0.010,0.754,0.236
679500,0.010,0.667,0.323
680000,0.010,0.731,0.259
680500,0.010,0.714,0.276
681000,0.010,0.738,0.252
681500,0.010,0.759,0.231
682000,0.010,0.792,0.198
682500,0.010,0.767,0.223
683000,0.010,0.710,0.280
683500,0.010,0.778,0.212
684000,0.010,0.761,0.229
684500,0.010,0.815,0.175
685000,0.010,0.796,0.194
685500,0.010,0.730,0.260
686000,0.010,0.737,0.253
686500,0.010,0.739,0.251
687000,0.010,0.716,0.274
687500,0.010,0.762,0.228
688000,0.010,0.769,0.221
688500,0.010,0.764,0.226
689000,0.010,0.804,0.185
689500,0.010,0.777,0.213
690000,0.010,0.776,0.214
690500,0.010,0.807,0.183
691000,0.010,0.806,0.183
691500,0.010,0.788,0.202
692000,0.010,0.823,0.167
692500,0.010,0.828,0.162
693000,0.010,0.805,0.185
693500,0.010,0.829,0.161
694000,0.010,0.849,0.141
694500,0.010,0.830,0.160
695000,0.010,0.836,0.154
695500,0.010,0.814,0.176
696000,0.010,0.842,0.148
696500,0.010,0.828,0.162
697000,0.010,0.841,0.149
697500,0.010,0.854,0.136
698000,0.010,0.804,0.185
698500,0.010,0.839,0.151
699000,0.010,0.802,0.188
699500,0.010,0.800,0.190
700000,0.010,0.797,0.193
700500,0.010,0.776,0.214
701000,0.010,0.809,0.180
701500,0.010,0.763,0.227
702000,0.010,0.789,0.201
702500,0.010,0.799,0.191
703000,0.010,0.780,0.210
703500,0.010,0.781,0.209
704000,0.010,0.769,0.221
704500,0.010,0.797,0.193
705000,0.010,0.809,0.180
705500,0.010,0.820,0.170
706000,0.010,0.835,0.155
706500,0.010,0.809,0.181
707000,0.010,0.827,0.163
707500,0.010,0.813,0.177
708000,0.010,0.822,0.168
708500,0.010,0.801,0.189
709000,0.010,0.784,0.206
709500,0.010,0.765,0.225
710000,0.010,0.758,0.232
710500,0.010,0.706,0.284
711000,0.010,0.698,0.292
711500,0.010,0.737,0.253
712000,0.010,0.754,0.236
712500,0.010,0.772,0.218
713000,0.010,0.786,0.204
713500,0.010,0.809,0.181
714000,0.010,0.804,0.185
714500,0.010,0.845,0.145
715000,0.010,0.850,0.140
715500,0.010,0.824,0.166
716000,0.010,0.842,0.148
716500,0.010,0.853,0.137
717000,0.010,0.871,0.119
717500,0.010,0.866,0.124
718000,0.010,0.893,0.097
718500,0.010,0.890,0.100
719000,0.010,0.888,0.102
719500,0.010,0.915,0.075
720000,0.010,0.880,0.110
720500,0.010,0.865,0.125
721000,0.010,0.839,0.151
721500,0.010,0.809,0.181
722000,0.010,0.759,0.231
722500,0.010,0.753,0.237
723000,0.010,0.782,0.208
723500,0.010,0.764,0.226
724000,0.010,0.799,0.191
724500,0.010,0.816,0.174
725000,0.010,0.834,0.156
725500,0.010,0.812,0.178
726000,0.010,0.797,0.193
726500,0.010,0.811,0.179
727000,0.010,0.830,0.160
727500,0.010,0.852,0.138
728000,0.010,0.827,0.163
728500,0.010,0.827,0.163
729000,0.010,0.810,0.179
729500,0.010,0.783,0.207
730000,0.010,0.812,0.177
730500,0.010,0.810,0.179
731000,0.010,0.784,0.206
731500,0.010,0.799,0.191
732000,0.010,0.762,0.228
732500,0.010,0.784,0.206
733000,0.010,0.776,0.214
733500,0.010,0.732,0.258
734000,0.010,0.783,0.207
734500,0.010,0.779,0.211
735000,0.010,0.754,0.236
735500,0.010,0.738,0.252
736000,0.010,0.720,0.270
736500,0.010,0.747,0.243
737000,0.010,0.775,0.215
737500,0.010,0.826,0.164
738000,0.010,0.782,0.208
738500,0.010,0.792,0.198
739000,0.010,0.807,0.183
739500,0.010,0.812,0.178
740000,0.010,0.796,0.194
740500,0.010,0.806,0.184
741000,0.010,0.775,0.215
741500,0.010,0.808,0.181
742000,0.010,0.773,0.217
742500,0.010,0.811,0.178
743000,0.010,0.746,0.244
743500,0.010,0.713,0.277
744000,0.010,0.693,0.297
744500,0.010,0.777,0.213
745000,0.010,0.732,0.258
745500,0.010,0.727,0.263
746000,0.010,0.700,0.290
746500,0.010,0.746,0.244
747000,0.010,0.694,0.296
747500,0.010,0.705,0.285
748000,0.010,0.752,0.238
748500,0.010,0.812,0.178
749000,0.010,0.810,0.179
749500,0.010,0.779,0.211
750000,0.010,0.836,0.154
750500,0.010,0.858,0.132
751000,0.010,0.792,0.198
751500,0.010,0.755,0.235
752000,0.010,0.771,0.219
752500,0.010,0.843,0.147
753000,0.010,0.800,0.190
753500,0.010,0.815,0.175
754000,0.010,0.838,0.152
754500,0.010,0.815,0.175
755000,0.010,0.803,0.186
755500,0.010,0.845,0.145
756000,0.010,0.883,0.107
756500,0.010,0.862,0.128
757000,0.010,0.886,0.104
757500,0.010,0.904,0.086
758000,0.010,0.904,0.086
758500,0.010,0.863,0.127
759000,0.010,0.860,0.130
759500,0.010,0.844,0.146
760000,0.010,0.774,0.216
760500,0.010,0.754,0.236
761000,0.010,0.751,0.239
761500,0.010,0.774,0.216
762000,0.010,0.751,0.239
762500,0.010,0.805,0.184
763000,0.010,0.772,0.218
763500,0.010,0.801,0.189
764000,0.010,0.776,0.214
764500,0.010,0.828,0.162
765000,0.010,0.824,0.166
765500,0.010,0.842,0.148
766000,0.010,0.800,0.190
766500,0.010,0.794,0.196
767000,0.010,0.824,0.166
767500,0.010,0.787,0.203
768000,0.010,0.771,0.219
768500,0.010,0.774,0.216
769000,0.010,0.830,0.160
769500,0.010,0.835,0.155
770000,0.010,0.857,0.133
770500,0.010,0.849,0.141
771000,0.010,0.850,0.140
771500,0.010,0.851,0.139
772000,0.010,0.837,0.153
772500,0.010,0.858,0.132
773000,0.010,0.841,0.149
773500,0.010,0.834,0.156
774000,0.010,0.789,0.201
774500,0.010,0.713,0.277
775000,0.010,0.743,0.247
775500,0.010,0.749,0.241
776000,0.010,0.711,0.279
776500,0.010,0.738,0.252
777000,0.010,0.748,0.242
777500,0.010,0.721,0.269
778000,0.010,0.727,0.263
778500,0.010,0.757,0.233
779000,0.010,0.794,0.196
779500,0.010,0.760,0.230
780000,0.010,0.752,0.238
780500,0.010,0.751,0.239
781000,0.010,0.719,0.271
781500,0.010,0.748,0.242
782000,0.010,0.795,0.195
782500,0.010,0.731,0.259
783000,0.010,0.719,0.271
783500,0.010,0.788,0.202
784000,0.010,0.749,0.241
784500,0.010,0.726,0.264
785000,0.010,0.725,0.265
785500,0.010,0.708,0.282
786000,0.010,0.734,0.256
786500,0.010,0.828,0.162
787000,0.010,0.817,0.173
787500,0.010,0.791,0.199
788000,0.010,0.684,0.306
788500,0.010,0.758,0.232
789000,0.010,0.731,0.259
789500,0.010,0.716,0.274
790000,0.010,0.779,0.211
790500,0.010,0.760,0.230
791000,0.010,0.778,0.212
791500,0.010,0.782,0.208
792000,0.010,0.816,0.174
792500,0.010,0.846,0.144
793000,0.010,0.806,0.184
793500,0.010,0.807,0.183
794000,0.010,0.864,0.126
794500,0.010,0.885,0.105
795000,0.010,0.868,0.122
795500,0.010,0.799,0.191
796000,0.010,0.776,0.214
796500,0.010,0.766,0.224
797000,0.010,0.767,0.223
797500,0.010,0.792,0.198
798000,0.010,0.806,0.183
798500,0.010,0.803,0.187
799000,0.010,0.872,0.118
799500,0.010,0.872,0.118
800000,0.010,0.894,0.096
800500,0.010,0.907,0.083
801000,0.010,0.912,0.078
801500,0.010,0.912,0.078
802000,0.010,0.878,0.112
802500,0.010,0.836,0.154
803000,0.010,0.809,0.180
803500,0.010,0.829,0.161
804000,0.010,0.817,0.173
804500,0.010,0.810,0.180
805000,0.010,0.830,0.160
805500,0.010,0.812,0.178
806000,0.010,0.802,0.188
806500,0.010,0.853,0.137
807000,0.010,0.836,0.154
807500,0.010,0.717,0.273
808000,0.010,0.738,0.252
808500,0.010,0.683,0.307
809000,0.010,0.693,0.297
809500,0.010,0.749,0.241
810000,0.010,0.789,0.201
810500,0.010,0.808,0.181
811000,0.010,0.833,0.157
811500,0.010,0.787,0.203
812000,0.010,0.816,0.174
812500,0.010,0.819,0.171
813000,0.010,0.818,0.172
813500,0.010,0.834,0.156
814000,0.010,0.840,0.150
814500,0.010,0.823,0.167
815000,0.010,0.821,0.169
815500,0.010,0.802,0.188
816000,0.010,0.775,0.215
816500,0.010,0.805,0.185
817000,0.010,0.808,0.181
817500,0.010,0.863,0.127
818000,0.010,0.869,0.121
818500,0.010,0.879,0.111
819000,0.010,0.840,0.150
819500,0.010,0.834,0.156
820000,0.010,0.814,0.176
820500,0.010,0.824,0.166
821000,0.010,0.784,0.206
821500,0.010,0.791,0.199
822000,0.010,0.775,0.215
822500,0.010,0.817,0.173
823000,0.010,0.832,0.158
823500,0.010,0.823,0.167
824000,0.010,0.821,0.169
824500,0.010,0.802,0.188
825000,0.010,0.807,0.182
825500,0.010,0.829,0.161
826000,0.010,0.844,0.146
826500,0.010,0.820,0.170
827000,0.010,0.789,0.201
827500,0.010,0.830,0.160
828000,0.010,0.752,0.238
828500,0.010,0.772,0.218
829000,0.010,0.752,0.238
829500,0.010,0.768,0.222
830000,0.010,0.693,0.297
830500,0.010,0.726,0.264
831000,0.010,0.749,0.241
831500,0.010,0.807,0.183
832000,0.010,0.844,0.146
832500,0.010,0.785,0.205
833000,0.010,0.809,0.181
833500,0.010,0.754,0.236
834000,0.010,0.741,0.249
834500,0.010,0.786,0.204
835000,0.010,0.852,0.138
835500,0.010,0.839,0.151
836000,0.010,0.812,0.178
836500,0.010,0.820,0.170
837000,0.010,0.853,0.137
837500,0.010,0.867,0.123
838000,0.010,0.862,0.128
838500,0.010,0.856,0.134
839000,0.010,0.840,0.150
839500,0.010,0.876,0.114
840000,0.010,0.880,0.110
840500,0.010,0.868,0.122
841000,0.010,0.850,0.140
841500,0.010,0.817,0.173
842000,0.010,0.800,0.190
842500,0.010,0.802,0.188
843000,0.010,0.837,0.153
843500,0.010,0.846,0.144
844000,0.010,0.810,0.180
844500,0.010,0.847,0.143
845000,0.010,0.793,0.197
845500,0.010,0.804,0.186
846000,0.010,0.862,0.128
846500,0.010,0.875,0.115
847000,0.010,0.852,0.138
847500,0.010,0.834,0.156
848000,0.010,0.874,0.116
848500,0.010,0.833,0.157
849000,0.010,0.815,0.175
849500,0.010,0.791,0.199
850000,0.010,0.778,0.212
850500,0.010,0.744,0.246
851000,0.010,0.727,0.263
851500,0.010,0.665,0.325
852000,0.010,0.689,0.301
852500,0.010,0.634,0.356
853000,0.010,0.701,0.289
853500,0.010,0.702,0.288
854000,0.010,0.758,0.232
854500,0.010,0.729,0.261
855000,0.010,0.755,0.235
855500,0.010,0.790,0.200
856000,0.010,0.825,0.165
856500,0.010,0.820,0.170
857000,0.010,0.811,0.178
857500,0.010,0.823,0.167
858000,0.010,0.788,0.202
858500,0.010,0.817,0.173
859000,0.010,0.773,0.217
859500,0.010,0.827,0.163
860000,0.010,0.821,0.169
860500,0.010,0.797,0.193
861000,0.010,0.685,0.305
861500,0.010,0.672,0.318
862000,0.010,0.703,0.287
862500,0.010,0.734,0.256
863000,0.010,0.771,0.219
863500,0.010,0.743,0.247
864000,0.010,0.734,0.256
864500,0.010,0.741,0.249
865000,0.010,0.812,0.178
865500,0.010,0.746,0.244
866000,0.010,0.776,0.214
866500,0.010,0.780,0.210
867000,0.010,0.723,0.267
867500,0.010,0.758,0.232
868000,0.010,0.766,0.224
868500,0.010,0.763,0.227
869000,0.010,0.789,0.201
869500,0.010,0.812,0.178
870000,0.010,0.785,0.205
870500,0.010,0.769,0.221
871000,0.010,0.753,0.237
871500,0.010,0.762,0.228
872000,0.010,0.765,0.225
872500,0.010,0.790,0.200
873000,0.010,0.756,0.234
873500,0.010,0.800,0.190
874000,0.010,0.792,0.198
874500,0.010,0.832,0.158
875000,0.010,0.821,0.169
875500,0.010,0.833,0.157
876000,0.010,0.796,0.194
876500,0.010,0.765,0.225
877000,0.010,0.768,0.222
877500,0.010,0.785,0.205
878000,0.010,0.836,0.154
878500,0.010,0.870,0.120
879000,0.010,0.838,0.152
879500,0.010,0.890,0.100
880000,0.010,0.872,0.118
880500,0.010,0.819,0.171
881000,0.010,0.800,0.190
881500,0.010,0.814,0.176
882000,0.010,0.756,0.234
882500,0.010,0.800,0.190
883000,0.010,0.780,0.210
883500,0.010,0.717,0.273
884000,0.010,0.716,0.274
884500,0.010,0.726,0.264
885000,0.010,0.717,0.273
885500,0.010,0.802,0.188
886000,0.010,0.806,0.184
886500,0.010,0.780,0.210
887000,0.010,0.754,0.236
887500,0.010,0.728,0.262
888000,0.010,0.714,0.276
888500,0.010,0.699,0.291
889000,0.010,0.734,0.256
889500,0.010,0.756,0.234
890000,0.010,0.772,0.218
890500,0.010,0.792,0.198
891000,0.010,0.825,0.165
891500,0.010,0.785,0.205
892000,0.010,0.801,0.189
892500,0.010,0.840,0.150
893000,0.010,0.773,0.217
893500,0.010,0.746,0.244
894000,0.010,0.781,0.209
894500,0.010,0.761,0.229
895000,0.010,0.772,0.218
895500,0.010,0.779,0.211
896000,0.010,0.788,0.202
896500,0.010,0.803,0.187
897000,0.010,0.822,0.168
897500,0.010,0.797,0.193
898000,0.010,0.813,0.177
898500,0.010,0.859,0.131
899000,0.010,0.843,0.147
899500,0.010,0.849,0.141
900000,0.010,0.849,0.141
900500,0.010,0.801,0.189
901000,0.010,0.779,0.211
901500,0.010,0.806,0.183
902000,0.010,0.790,0.200
902500,0.010,0.805,0.184
903000,0.010,0.749,0.241
903500,0.010,0.701,0.289
904000,0.010,0.804,0.185
904500,0.010,0.783,0.207
905000,0.010,0.771,0.219
905500,0.010,0.778,0.212
906000,0.010,0.763,0.227
906500,0.010,0.770,0.220
907000,0.010,0.751,0.239
907500,0.010,0.730,0.260
908000,0.010,0.712,0.278
908500,0.010,0.705,0.285
909000,0.010,0.659,0.331
909500,0.010,0.731,0.259
910000,0.010,0.750,0.240
910500,0.010,0.757,0.233
911000,0.010,0.784,0.206
911500,0.010,0.759,0.231
912000,0.010,0.783,0.207
912500,0.010,0.783,0.207
913000,0.010,0.805,0.185
913500,0.010,0.773,0.217
914000,0.010,0.794,0.196
914500,0.010,0.790,0.200
915000,0.010,0.787,0.203
915500,0.010,0.808,0.182
916000,0.010,0.816,0.174
916500,0.010,0.801,0.189
917000,0.010,0.811,0.178
917500,0.010,0.832,0.158
918000,0.010,0.864,0.126
918500,0.010,0.836,0.154
919000,0.010,0.822,0.168
919500,0.010,0.872,0.118
920000,0.010,0.911,0.079
920500,0.010,0.874,0.116
921000,0.010,0.877,0.113
921500,0.010,0.845,0.145
922000,0.010,0.839,0.151
922500,0.010,0.821,0.169
923000,0.010,0.800,0.190
923500,0.010,0.781,0.209
924000,0.010,0.769,0.221
924500,0.010,0.769,0.221
925000,0.010,0.799,0.191
925500,0.010,0.820,0.170
926000,0.010,0.835,0.155
926500,0.010,0.843,0.147
927000,0.010,0.833,0.157
927500,0.010,0.778,0.212
928000,0.010,0.759,0.231
928500,0.010,0.804,0.186
929000,0.010,0.741,0.249
929500,0.010,0.754,0.236
930000,0.010,0.816,0.174
930500,0.010,0.843,0.147
931000,0.010,0.882,0.108
931500,0.010,0.880,0.110
932000,0.010,0.858,0.132
932500,0.010,0.830,0.160
933000,0.010,0.819,0.171
933500,0.010,0.811,0.178
934000,0.010,0.773,0.217
934500,0.010,0.805,0.185
935000,0.010,0.806,0.184
935500,0.010,0.785,0.205
936000,0.010,0.798,0.192
936500,0.010,0.753,0.237
937000,0.010,0.677,0.313
937500,0.010,0.654,0.336
938000,0.010,0.672,0.318
938500,0.010,0.685,0.305
939000,0.010,0.734,0.256
939500,0.010,0.700,0.290
940000,0.010,0.727,0.263
940500,0.010,0.729,0.261
941000,0.010,0.791,0.199
941500,0.010,0.791,0.199
942000,0.010,0.746,0.244
942500,0.010,0.765,0.225
943000,0.010,0.789,0.201
943500,0.010,0.759,0.231
944000,0.010,0.712,0.278
944500,0.010,0.749,0.241
945000,0.010,0.756,0.234
945500,0.010,0.746,0.244
946000,0.010,0.758,0.232
946500,0.010,0.801,0.189
947000,0.010,0.802,0.188
947500,0.010,0.780,0.210
948000,0.010,0.751,0.239
948500,0.010,0.717,0.273
949000,0.010,0.762,0.228
949500,0.010,0.752,0.238
950000,0.010,0.748,0.242
950500,0.010,0.808,0.181
951000,0.010,0.787,0.203
951500,0.010,0.801,0.189
952000,0.010,0.766,0.224
952500,0.010,0.835,0.155
953000,0.010,0.797,0.193
953500,0.010,0.834,0.156
954000,0.010,0.835,0.155
954500,0.010,0.792,0.198
955000,0.010,0.832,0.158
955500,0.010,0.812,0.177
956000,0.010,0.791,0.199
956500,0.010,0.788,0.202
957000,0.010,0.834,0.156
957500,0.010,0.826,0.164
958000,0.010,0.830,0.160
958500,0.010,0.815,0.175
959000,0.010,0.832,0.158
959500,0.010,0.844,0.146
960000,0.010,0.844,0.146
960500,0.010,0.831,0.159
961000,0.010,0.868,0.122
961500,0.010,0.862,0.128
962000,0.010,0.874,0.116
962500,0.010,0.846,0.144
963000,0.010,0.811,0.178
963500,0.010,0.851,0.139
964000,0.010,0.825,0.165
964500,0.010,0.815,0.175
965000,0.010,0.831,0.159
965500,0.010,0.821,0.169
966000,0.010,0.814,0.176
966500,0.010,0.800,0.190
967000,0.010,0.793,0.197
967500,0.010,0.782,0.208
968000,0.010,0.800,0.190
968500,0.010,0.821,0.169
969000,0.010,0.821,0.169
969500,0.010,0.810,0.180
970000,0.010,0.782,0.208
970500,0.010,0.788,0.202
971000,0.010,0.771,0.219
971500,0.010,0.748,0.242
972000,0.010,0.759,0.231
972500,0.010,0.789,0.201
973000,0.010,0.741,0.249
973500,0.010,0.793,0.197
974000,0.010,0.801,0.189
974500,0.010,0.803,0.187
975000,0.010,0.807,0.183
975500,0.010,0.791,0.199
976000,0.010,0.793,0.197
976500,0.010,0.755,0.235
977000,0.010,0.792,0.198
977500,0.010,0.797,0.193
978000,0.010,0.782,0.208
978500,0.010,0.761,0.229
979000,0.010,0.760,0.230
979500,0.010,0.772,0.218
980000,0.010,0.787,0.203
980500,0.010,0.798,0.192
981000,0.010,0.839,0.151
981500,0.010,0.776,0.214
982000,0.010,0.772,0.218
982500,0.010,0.770,0.220
983000,0.010,0.755,0.235
983500,0.010,0.771,0.219
984000,0.010,0.784,0.206
984500,0.010,0.733,0.257
985000,0.010,0.750,0.240
985500,0.010,0.773,0.217
986000,0.010,0.795,0.195
986500,0.010,0.799,0.191
987000,0.010,0.793,0.197
987500,0.010,0.760,0.230
988000,0.010,0.791,0.199
988500,0.010,0.766,0.224
989000,0.010,0.773,0.217
989500,0.010,0.798,0.192
990000,0.010,0.783,0.207
990500,0.010,0.765,0.225
991000,0.010,0.748,0.242
991500,0.010,0.776,0.214
992000,0.010,0.771,0.219
992500,0.010,0.785,0.205
993000,0.010,0.731,0.259
993500,0.010,0.760,0.230
994000,0.010,0.796,0.194
994500,0.010,0.817,0.173
995000,0.010,0.817,0.173
995500,0.010,0.796,0.194
996000,0.010,0.828,0.162
996500,0.010,0.851,0.139
997000,0.010,0.890,0.100
997500,0.010,0.875,0.115
998000,0.010,0.852,0.138
998500,0.010,0.861,0.129
999000,0.010,0.835,0.155
999500,0.010,0.819,0.171
1000000,0.010,0.817,0.173
