time,n_A+p,n_B,n_AB
500,0.030,0.948,0.022
1000,0.030,0.905,0.065
1500,0.031,0.853,0.116
2000,0.030,0.809,0.161
2500,0.030,0.792,0.178
3000,0.033,0.768,0.199
3500,0.037,0.677,0.286
4000,0.039,0.637,0.324
4500,0.041,0.603,0.356
5000,0.038,0.586,0.376
5500,0.046,0.577,0.377
6000,0.038,0.568,0.394
6500,0.039,0.611,0.350
7000,0.033,0.621,0.346
7500,0.037,0.636,0.327
8000,0.037,0.649,0.314
8500,0.047,0.624,0.329
9000,0.043,0.612,0.345
9500,0.040,0.627,0.333
10000,0.038,0.631,0.331
10500,0.041,0.617,0.342
11000,0.049,0.567,0.384
11500,0.040,0.561,0.399
12000,0.040,0.558,0.402
12500,0.044,0.593,0.363
13000,0.040,0.601,0.359
13500,0.036,0.626,0.338
14000,0.045,0.632,0.323
14500,0.038,0.610,0.352
15000,0.046,0.624,0.330
15500,0.049,0.622,0.329
16000,0.041,0.596,0.363
16500,0.039,0.623,0.338
17000,0.037,0.588,0.375
17500,0.044,0.531,0.425
18000,0.051,0.520,0.429
18500,0.047,0.484,0.469
19000,0.043,0.502,0.455
19500,0.048,0.528,0.424
20000,0.050,0.495,0.455
20500,0.053,0.514,0.433
21000,0.057,0.548,0.395
21500,0.045,0.540,0.415
22000,0.046,0.511,0.443
22500,0.065,0.509,0.426
23000,0.064,0.498,0.438
23500,0.051,0.471,0.478
24000,0.054,0.508,0.438
24500,0.051,0.512,0.437
25000,0.053,0.548,0.399
25500,0.051,0.537,0.412
26000,0.047,0.493,0.460
26500,0.050,0.490,0.460
27000,0.056,0.553,0.391
27500,0.047,0.560,0.393
28000,0.045,0.591,0.364
28500,0.039,0.575,0.386
29000,0.053,0.571,0.376
29500,0.049,0.583,0.368
30000,0.041,0.600,0.359
30500,0.043,0.600,0.357
31000,0.047,0.590,0.363
31500,0.042,0.605,0.353
32000,0.037,0.607,0.356
32500,0.045,0.576,0.379
33000,0.040,0.527,0.433
33500,0.036,0.584,0.380
34000,0.057,0.538,0.405
34500,0.060,0.528,0.412
35000,0.050,0.551,0.399
35500,0.047,0.560,0.393
36000,0.049,0.588,0.363
36500,0.044,0.539,0.417
37000,0.039,0.546,0.415
37500,0.041,0.602,0.357
38000,0.041,0.588,0.371
38500,0.046,0.575,0.379
39000,0.045,0.553,0.402
39500,0.043,0.557,0.400
40000,0.049,0.560,0.391
40500,0.045,0.593,0.362
41000,0.044,0.596,0.360
41500,0.041,0.616,0.343
42000,0.042,0.621,0.337
42500,0.035,0.629,0.336
43000,0.034,0.605,0.361
43500,0.035,0.599,0.366
44000,0.046,0.561,0.393
44500,0.040,0.566,0.394
45000,0.042,0.536,0.422
45500,0.051,0.545,0.404
46000,0.051,0.478,0.471
46500,0.074,0.473,0.453
47000,0.062,0.481,0.457
47500,0.081,0.403,0.516
48000,0.081,0.371,0.548
48500,0.104,0.343,0.553
49000,0.085,0.400,0.515
49500,0.075,0.445,0.480
50000,0.078,0.456,0.466
50500,0.083,0.446,0.471
51000,0.093,0.417,0.490
51500,0.080,0.383,0.537
52000,0.071,0.371,0.558
52500,0.083,0.383,0.534
53000,0.100,0.386,0.514
53500,0.107,0.354,0.539
54000,0.093,0.362,0.545
54500,0.084,0.380,0.536
55000,0.071,0.404,0.525
55500,0.087,0.397,0.516
56000,0.068,0.415,0.517
56500,0.076,0.440,0.484
57000,0.068,0.419,0.513
57500,0.073,0.428,0.499
58000,0.081,0.417,0.502
58500,0.069,0.443,0.488
59000,0.074,0.393,0.533
59500,0.073,0.432,0.495
60000,0.071,0.443,0.486
60500,0.070,0.423,0.507
61000,0.065,0.400,0.535
61500,0.072,0.473,0.455
62000,0.072,0.486,0.442
62500,0.060,0.449,0.491
63000,0.072,0.430,0.498
63500,0.056,0.421,0.523
64000,0.070,0.407,0.523
64500,0.069,0.463,0.468
65000,0.068,0.454,0.478
65500,0.058,0.449,0.493
66000,0.051,0.508,0.441
66500,0.057,0.521,0.422
67000,0.051,0.541,0.408
67500,0.050,0.556,0.394
68000,0.047,0.503,0.450
68500,0.053,0.487,0.460
69000,0.049,0.498,0.453
69500,0.055,0.506,0.439
70000,0.057,0.483,0.460
70500,0.053,0.469,0.478
71000,0.060,0.449,0.491
71500,0.076,0.461,0.463
72000,0.068,0.444,0.488
72500,0.075,0.434,0.491
73000,0.090,0.406,0.504
73500,0.081,0.415,0.504
74000,0.075,0.454,0.471
74500,0.060,0.438,0.502
75000,0.075,0.412,0.513
75500,0.081,0.447,0.472
76000,0.079,0.457,0.464
76500,0.058,0.494,0.448
77000,0.047,0.541,0.412
77500,0.053,0.509,0.438
78000,0.059,0.528,0.413
78500,0.046,0.498,0.456
79000,0.051,0.521,0.428
79500,0.055,0.510,0.435
80000,0.065,0.478,0.457
80500,0.050,0.465,0.485
81000,0.067,0.458,0.475
81500,0.079,0.438,0.483
82000,0.076,0.422,0.502
82500,0.067,0.417,0.516
83000,0.074,0.406,0.520
83500,0.064,0.414,0.522
84000,0.061,0.433,0.506
84500,0.059,0.415,0.526
85000,0.066,0.447,0.487
85500,0.057,0.498,0.445
86000,0.070,0.450,0.480
86500,0.085,0.435,0.480
87000,0.081,0.424,0.495
87500,0.075,0.433,0.492
88000,0.083,0.413,0.504
88500,0.080,0.416,0.504
89000,0.080,0.391,0.529
89500,0.080,0.415,0.505
90000,0.086,0.413,0.501
90500,0.095,0.350,0.555
91000,0.101,0.349,0.550
91500,0.111,0.333,0.556
92000,0.119,0.332,0.549
92500,0.103,0.353,0.544
93000,0.084,0.376,0.540
93500,0.094,0.381,0.525
94000,0.092,0.368,0.540
94500,0.099,0.343,0.558
95000,0.104,0.341,0.555
95500,0.112,0.350,0.538
96000,0.114,0.364,0.522
96500,0.115,0.306,0.579
97000,0.126,0.335,0.539
97500,0.152,0.299,0.549
98000,0.127,0.279,0.594
98500,0.159,0.279,0.562
99000,0.160,0.264,0.576
99500,0.179,0.276,0.545
100000,0.201,0.222,0.577
100500,0.215,0.214,0.571
101000,0.231,0.210,0.559
101500,0.208,0.204,0.588
102000,0.213,0.214,0.573
102500,0.239,0.176,0.585
103000,0.229,0.159,0.612
103500,0.238,0.152,0.610
104000,0.271,0.133,0.596
104500,0.336,0.110,0.554
105000,0.370,0.109,0.521
105500,0.413,0.083,0.504
106000,0.417,0.079,0.504
106500,0.439,0.057,0.504
107000,0.506,0.046,0.448
107500,0.547,0.028,0.425
108000,0.589,0.018,0.393
108500,0.641,0.015,0.344
109000,0.711,0.003,0.286
109500,0.708,0.005,0.287
110000,0.694,0.005,0.301
110500,0.760,0.002,0.238
111000,0.839,0.000,0.161
111500,0.871,0.001,0.128
112000,0.828,0.001,0.171
112500,0.827,0.002,0.171
113000,0.819,0.003,0.178
113500,0.830,0.003,0.167
114000,0.853,0.001,0.146
114500,0.843,0.001,0.156
115000,0.863,0.002,0.135
115500,0.852,0.002,0.146
116000,0.873,0.001,0.126
116500,0.867,0.000,0.133
117000,0.881,0.000,0.119
117500,0.902,0.000,0.098
118000,0.914,0.000,0.086
118500,0.919,0.001,0.080
119000,0.938,0.000,0.062
119500,0.929,0.000,0.071
120000,0.939,0.000,0.061
120500,0.933,0.000,0.067
121000,0.939,0.000,0.061
121500,0.934,0.000,0.066
122000,0.953,0.000,0.047
122500,0.962,0.000,0.038
123000,0.979,0.000,0.021
123500,0.960,0.000,0.040
124000,0.975,0.000,0.025
124500,0.971,0.000,0.029
125000,0.977,0.000,0.023
125500,0.966,0.000,0.034
126000,0.965,0.000,0.035
126500,0.983,0.000,0.017
127000,0.985,0.000,0.015
127500,0.993,0.000,0.007
128000,0.991,0.000,0.009
128500,0.985,0.000,0.015
129000,0.984,0.000,0.016
129500,0.991,0.000,0.009
130000,0.985,0.000,0.015
130500,0.984,0.000,0.016
131000,0.988,0.000,0.012
131500,0.992,0.000,0.008
132000,0.986,0.000,0.014
132500,0.965,0.000,0.035
133000,0.976,0.000,0.024
133500,0.988,0.000,0.012
134000,0.984,0.000,0.016
134500,0.982,0.000,0.018
135000,0.980,0.000,0.020
135500,0.979,0.000,0.021
136000,0.976,0.000,0.024
136500,0.964,0.000,0.036
137000,0.964,0.000,0.036
137500,0.969,0.000,0.031
138000,0.966,0.000,0.034
138500,0.957,0.000,0.043
139000,0.938,0.002,0.060
139500,0.950,0.001,0.049
140000,0.966,0.000,0.034
140500,0.974,0.000,0.026
141000,0.978,0.000,0.022
141500,0.954,0.000,0.046
142000,0.954,0.000,0.046
142500,0.943,0.000,0.057
143000,0.940,0.000,0.060
143500,0.946,0.000,0.054
144000,0.935,0.000,0.065
144500,0.927,0.000,0.073
145000,0.954,0.000,0.046
145500,0.956,0.000,0.044
146000,0.949,0.000,0.051
146500,0.933,0.000,0.067
147000,0.927,0.000,0.073
147500,0.921,0.000,0.079
148000,0.899,0.000,0.101
148500,0.909,0.000,0.091
149000,0.927,0.000,0.073
149500,0.916,0.000,0.084
150000,0.940,0.000,0.060
150500,0.932,0.000,0.068
151000,0.921,0.000,0.079
151500,0.915,0.000,0.085
152000,0.912,0.000,0.088
152500,0.936,0.000,0.064
153000,0.954,0.002,0.044
153500,0.975,0.000,0.025
154000,0.978,0.000,0.022
154500,0.986,0.000,0.014
155000,0.980,0.000,0.020
155500,0.974,0.000,0.026
156000,0.968,0.000,0.032
156500,0.968,0.000,0.032
157000,0.971,0.000,0.029
157500,0.969,0.000,0.031
158000,0.954,0.000,0.046
158500,0.945,0.000,0.055
159000,0.952,0.000,0.048
159500,0.960,0.000,0.040
160000,0.969,0.001,0.030
160500,0.984,0.000,0.016
161000,0.990,0.000,0.010
161500,0.991,0.000,0.009
162000,0.991,0.000,0.009
162500,0.995,0.000,0.005
163000,0.999,0.000,0.001
163500,0.994,0.000,0.006
164000,0.997,0.000,0.003
164500,0.997,0.000,0.003
165000,0.995,0.000,0.005
165500,0.995,0.000,0.005
166000,0.995,0.000,0.005
166500,0.999,0.000,0.001
167000,1.000,0.000,0.000
