time,n_A+p,n_B,n_AB
200,0.029,0.930,0.041
400,0.029,0.897,0.074
600,0.029,0.905,0.066
800,0.029,0.880,0.091
1000,0.029,0.909,0.062
1200,0.029,0.917,0.054
1400,0.029,0.901,0.070
1600,0.029,0.880,0.091
1800,0.029,0.831,0.140
2000,0.029,0.826,0.145
2200,0.033,0.851,0.116
2400,0.041,0.752,0.207
2600,0.033,0.764,0.202
2800,0.045,0.814,0.140
3000,0.050,0.826,0.124
3200,0.041,0.810,0.149
3400,0.045,0.802,0.153
3600,0.041,0.789,0.169
3800,0.037,0.789,0.174
4000,0.029,0.822,0.149
4200,0.037,0.777,0.186
4400,0.041,0.773,0.186
4600,0.033,0.764,0.202
4800,0.066,0.752,0.182
5000,0.066,0.727,0.207
5200,0.054,0.645,0.302
5400,0.058,0.711,0.231
5600,0.050,0.678,0.273
5800,0.050,0.665,0.285
6000,0.054,0.653,0.293
6200,0.062,0.653,0.285
6400,0.058,0.645,0.298
6600,0.054,0.607,0.339
6800,0.074,0.624,0.302
7000,0.062,0.649,0.289
7200,0.062,0.640,0.298
7400,0.099,0.612,0.289
7600,0.107,0.554,0.339
7800,0.120,0.574,0.306
8000,0.091,0.620,0.289
8200,0.120,0.496,0.384
8400,0.087,0.529,0.384
8600,0.070,0.483,0.446
8800,0.099,0.525,0.376
9000,0.074,0.624,0.302
9200,0.062,0.645,0.293
9400,0.070,0.636,0.293
9600,0.083,0.595,0.322
9800,0.058,0.587,0.355
10000,0.050,0.636,0.314
10200,0.083,0.612,0.306
10400,0.066,0.607,0.326
10600,0.083,0.640,0.277
10800,0.083,0.632,0.285
11000,0.054,0.640,0.306
11200,0.070,0.554,0.376
11400,0.079,0.607,0.314
11600,0.074,0.570,0.355
11800,0.079,0.492,0.430
12000,0.103,0.442,0.455
12200,0.169,0.364,0.467
12400,0.223,0.339,0.438
12600,0.289,0.277,0.434
12800,0.281,0.252,0.467
13000,0.281,0.252,0.467
13200,0.306,0.260,0.434
13400,0.401,0.244,0.355
13600,0.459,0.124,0.417
13800,0.500,0.120,0.380
14000,0.500,0.120,0.380
14200,0.545,0.120,0.335
14400,0.483,0.083,0.434
14600,0.570,0.062,0.368
14800,0.636,0.050,0.314
15000,0.682,0.029,0.289
15200,0.711,0.012,0.277
15400,0.698,0.004,0.298
15600,0.760,0.021,0.219
15800,0.773,0.021,0.207
16000,0.731,0.021,0.248
16200,0.773,0.029,0.198
16400,0.818,0.008,0.174
16600,0.826,0.012,0.161
16800,0.822,0.004,0.174
17000,0.843,0.004,0.153
17200,0.876,0.004,0.120
17400,0.851,0.000,0.149
17600,0.785,0.012,0.202
17800,0.789,0.012,0.198
18000,0.831,0.012,0.157
18200,0.888,0.004,0.107
18400,0.909,0.004,0.087
18600,0.897,0.000,0.103
18800,0.872,0.004,0.124
19000,0.888,0.004,0.107
19200,0.934,0.000,0.066
19400,0.901,0.004,0.095
19600,0.872,0.008,0.120
19800,0.901,0.000,0.099
20000,0.950,0.000,0.050
20200,0.963,0.000,0.037
20400,0.979,0.000,0.021
20600,0.988,0.000,0.012
20800,0.992,0.000,0.008
21000,0.988,0.000,0.012
21200,0.996,0.000,0.004
21400,0.996,0.000,0.004
21600,0.996,0.000,0.004
21800,0.996,0.000,0.004
22000,0.996,0.000,0.004
22200,1.000,0.000,0.000
