time,n_A+p,n_B,n_AB
100,0.030,0.970,0.000
200,0.031,0.966,0.003
300,0.031,0.964,0.005
400,0.031,0.960,0.009
500,0.030,0.962,0.008
600,0.031,0.958,0.011
700,0.031,0.949,0.020
800,0.035,0.948,0.017
900,0.038,0.941,0.021
1000,0.035,0.942,0.023
1100,0.035,0.943,0.022
1200,0.036,0.933,0.032
1300,0.036,0.931,0.034
1400,0.037,0.917,0.046
1500,0.037,0.923,0.040
1600,0.037,0.917,0.046
1700,0.033,0.916,0.051
1800,0.060,0.898,0.042
1900,0.063,0.880,0.056
2000,0.060,0.891,0.049
2100,0.059,0.894,0.047
2200,0.055,0.898,0.047
2300,0.054,0.889,0.057
2400,0.057,0.888,0.055
2500,0.055,0.885,0.060
2600,0.055,0.886,0.059
2700,0.055,0.886,0.059
2800,0.055,0.883,0.062
2900,0.056,0.888,0.056
3000,0.054,0.893,0.053
3100,0.057,0.886,0.057
3200,0.057,0.886,0.057
3300,0.059,0.888,0.053
3400,0.067,0.884,0.049
3500,0.060,0.886,0.054
3600,0.066,0.876,0.057
3700,0.064,0.873,0.062
3800,0.063,0.876,0.060
3900,0.062,0.874,0.063
4000,0.065,0.875,0.059
4100,0.054,0.876,0.069
4200,0.055,0.876,0.068
4300,0.054,0.877,0.068
4400,0.056,0.862,0.082
4500,0.055,0.865,0.080
4600,0.058,0.863,0.079
4700,0.057,0.874,0.068
4800,0.059,0.875,0.065
4900,0.062,0.867,0.070
5000,0.058,0.860,0.082
5100,0.074,0.849,0.078
5200,0.073,0.826,0.101
5300,0.085,0.812,0.103
5400,0.097,0.815,0.088
5500,0.092,0.818,0.090
5600,0.096,0.806,0.098
5700,0.088,0.814,0.098
5800,0.090,0.815,0.095
5900,0.092,0.808,0.100
6000,0.094,0.802,0.104
6100,0.084,0.810,0.106
6200,0.078,0.814,0.108
6300,0.081,0.810,0.109
6400,0.069,0.819,0.111
6500,0.058,0.834,0.108
6600,0.064,0.827,0.108
6700,0.067,0.832,0.100
6800,0.067,0.827,0.105
6900,0.072,0.825,0.103
7000,0.073,0.821,0.106
7100,0.070,0.809,0.121
7200,0.068,0.812,0.120
7300,0.077,0.802,0.122
7400,0.068,0.810,0.122
7500,0.077,0.803,0.121
7600,0.080,0.797,0.124
7700,0.075,0.815,0.110
7800,0.081,0.811,0.108
7900,0.076,0.828,0.096
8000,0.073,0.820,0.107
8100,0.074,0.821,0.105
8200,0.073,0.827,0.100
8300,0.070,0.830,0.099
8400,0.073,0.829,0.098
8500,0.076,0.824,0.100
8600,0.077,0.814,0.109
8700,0.084,0.818,0.098
8800,0.085,0.816,0.099
8900,0.083,0.821,0.096
9000,0.086,0.820,0.094
9100,0.096,0.808,0.096
9200,0.088,0.822,0.090
9300,0.085,0.822,0.093
9400,0.087,0.820,0.093
9500,0.086,0.817,0.097
9600,0.085,0.813,0.102
9700,0.088,0.810,0.102
9800,0.087,0.800,0.113
9900,0.083,0.812,0.105
10000,0.080,0.811,0.109
10100,0.078,0.815,0.107
10200,0.095,0.808,0.097
10300,0.100,0.808,0.092
10400,0.092,0.817,0.091
10500,0.087,0.821,0.092
10600,0.084,0.828,0.088
10700,0.084,0.829,0.087
10800,0.090,0.823,0.087
10900,0.092,0.830,0.078
11000,0.086,0.836,0.079
11100,0.082,0.842,0.077
11200,0.085,0.842,0.074
11300,0.078,0.839,0.084
11400,0.076,0.844,0.081
11500,0.072,0.831,0.097
11600,0.069,0.830,0.100
11700,0.068,0.815,0.116
11800,0.074,0.814,0.112
11900,0.074,0.803,0.124
12000,0.087,0.801,0.112
12100,0.080,0.805,0.115
12200,0.077,0.807,0.116
12300,0.084,0.805,0.111
12400,0.102,0.784,0.113
12500,0.104,0.779,0.116
12600,0.108,0.778,0.113
12700,0.115,0.777,0.107
12800,0.108,0.761,0.131
12900,0.111,0.759,0.130
13000,0.109,0.765,0.126
13100,0.106,0.764,0.130
13200,0.105,0.771,0.124
13300,0.110,0.770,0.120
13400,0.101,0.770,0.129
13500,0.104,0.757,0.139
13600,0.101,0.758,0.141
13700,0.102,0.760,0.138
13800,0.111,0.766,0.123
13900,0.104,0.767,0.129
14000,0.104,0.771,0.125
14100,0.113,0.757,0.130
14200,0.104,0.752,0.144
14300,0.105,0.750,0.145
14400,0.098,0.768,0.134
14500,0.117,0.762,0.121
14600,0.111,0.767,0.122
14700,0.107,0.770,0.123
14800,0.108,0.769,0.123
14900,0.110,0.760,0.130
15000,0.106,0.773,0.121
15100,0.098,0.779,0.123
15200,0.090,0.783,0.127
15300,0.089,0.789,0.123
15400,0.088,0.790,0.123
15500,0.087,0.782,0.131
15600,0.082,0.768,0.150
15700,0.095,0.765,0.140
15800,0.097,0.753,0.150
15900,0.104,0.751,0.145
16000,0.105,0.753,0.142
16100,0.117,0.735,0.147
16200,0.121,0.735,0.144
16300,0.114,0.733,0.152
16400,0.110,0.732,0.157
16500,0.104,0.745,0.151
16600,0.102,0.728,0.170
16700,0.104,0.736,0.159
16800,0.102,0.746,0.152
16900,0.101,0.753,0.146
17000,0.103,0.745,0.152
17100,0.101,0.755,0.144
17200,0.102,0.739,0.159
17300,0.099,0.750,0.151
17400,0.087,0.770,0.143
17500,0.087,0.769,0.144
17600,0.091,0.764,0.145
17700,0.095,0.761,0.144
17800,0.096,0.761,0.143
17900,0.106,0.750,0.144
18000,0.105,0.753,0.142
18100,0.104,0.765,0.131
18200,0.108,0.761,0.131
18300,0.108,0.763,0.129
18400,0.097,0.767,0.136
18500,0.092,0.770,0.138
18600,0.098,0.762,0.140
18700,0.090,0.758,0.152
18800,0.091,0.757,0.152
18900,0.096,0.754,0.150
19000,0.089,0.742,0.170
19100,0.095,0.749,0.156
19200,0.092,0.741,0.168
19300,0.097,0.734,0.169
19400,0.108,0.718,0.174
19500,0.108,0.716,0.176
19600,0.104,0.721,0.175
19700,0.109,0.725,0.165
19800,0.122,0.720,0.158
19900,0.117,0.724,0.158
20000,0.140,0.708,0.152
20100,0.147,0.704,0.149
20200,0.143,0.703,0.154
20300,0.145,0.706,0.149
20400,0.144,0.705,0.151
20500,0.153,0.706,0.141
20600,0.169,0.692,0.140
20700,0.162,0.686,0.151
20800,0.184,0.672,0.144
20900,0.175,0.668,0.157
21000,0.166,0.669,0.164
21100,0.160,0.686,0.153
21200,0.147,0.696,0.157
21300,0.153,0.700,0.147
21400,0.152,0.697,0.151
21500,0.150,0.685,0.164
21600,0.153,0.691,0.156
21700,0.156,0.691,0.153
21800,0.149,0.689,0.161
21900,0.145,0.687,0.168
22000,0.157,0.684,0.158
22100,0.159,0.681,0.159
22200,0.163,0.677,0.159
22300,0.166,0.667,0.166
22400,0.175,0.671,0.154
22500,0.173,0.662,0.165
22600,0.171,0.663,0.166
22700,0.170,0.666,0.164
22800,0.171,0.665,0.164
22900,0.172,0.669,0.159
23000,0.172,0.678,0.150
23100,0.155,0.669,0.176
23200,0.150,0.668,0.182
23300,0.138,0.667,0.195
23400,0.137,0.673,0.190
23500,0.137,0.671,0.192
23600,0.148,0.687,0.164
23700,0.151,0.703,0.146
23800,0.154,0.688,0.157
23900,0.150,0.688,0.161
24000,0.152,0.699,0.149
24100,0.146,0.701,0.153
24200,0.148,0.692,0.160
24300,0.148,0.683,0.169
24400,0.151,0.679,0.170
24500,0.153,0.683,0.163
24600,0.160,0.685,0.154
24700,0.153,0.691,0.156
24800,0.160,0.676,0.163
24900,0.168,0.683,0.149
25000,0.181,0.668,0.151
25100,0.186,0.673,0.141
25200,0.189,0.663,0.148
25300,0.187,0.662,0.151
25400,0.184,0.659,0.157
25500,0.185,0.656,0.159
25600,0.180,0.639,0.181
25700,0.181,0.620,0.199
25800,0.176,0.631,0.193
25900,0.170,0.634,0.196
26000,0.171,0.637,0.192
26100,0.166,0.647,0.187
26200,0.165,0.650,0.185
26300,0.178,0.640,0.182
26400,0.173,0.638,0.189
26500,0.185,0.632,0.183
26600,0.181,0.631,0.188
26700,0.169,0.636,0.195
26800,0.161,0.625,0.213
26900,0.172,0.623,0.205
27000,0.170,0.621,0.209
27100,0.166,0.628,0.205
27200,0.156,0.638,0.205
27300,0.157,0.640,0.202
27400,0.157,0.644,0.199
27500,0.164,0.658,0.178
27600,0.160,0.658,0.182
27700,0.173,0.654,0.174
27800,0.168,0.662,0.171
27900,0.161,0.672,0.166
28000,0.161,0.669,0.170
28100,0.170,0.650,0.181
28200,0.175,0.642,0.183
28300,0.173,0.641,0.186
28400,0.164,0.639,0.196
28500,0.170,0.637,0.193
28600,0.163,0.652,0.185
28700,0.171,0.628,0.201
28800,0.169,0.630,0.201
28900,0.187,0.629,0.184
29000,0.181,0.632,0.187
29100,0.183,0.630,0.187
29200,0.189,0.629,0.182
29300,0.200,0.612,0.188
29400,0.220,0.600,0.181
29500,0.207,0.599,0.194
29600,0.208,0.586,0.205
29700,0.200,0.587,0.212
29800,0.206,0.593,0.200
29900,0.216,0.591,0.193
30000,0.228,0.587,0.185
30100,0.237,0.565,0.198
30200,0.241,0.569,0.190
30300,0.232,0.569,0.199
30400,0.230,0.560,0.210
30500,0.232,0.562,0.206
30600,0.232,0.570,0.198
30700,0.225,0.568,0.207
30800,0.228,0.566,0.206
30900,0.221,0.572,0.207
31000,0.215,0.582,0.203
31100,0.221,0.574,0.205
31200,0.218,0.554,0.229
31300,0.254,0.524,0.222
31400,0.256,0.517,0.227
31500,0.258,0.524,0.218
31600,0.276,0.514,0.210
31700,0.276,0.509,0.216
31800,0.278,0.511,0.211
31900,0.280,0.512,0.208
32000,0.278,0.514,0.208
32100,0.257,0.522,0.221
32200,0.267,0.519,0.215
32300,0.275,0.521,0.204
32400,0.278,0.510,0.212
32500,0.283,0.508,0.209
32600,0.299,0.511,0.190
32700,0.305,0.509,0.186
32800,0.298,0.509,0.193
32900,0.289,0.517,0.194
33000,0.289,0.510,0.201
33100,0.293,0.514,0.193
33200,0.299,0.511,0.190
33300,0.308,0.499,0.192
33400,0.318,0.505,0.178
33500,0.296,0.519,0.185
33600,0.292,0.519,0.189
33700,0.279,0.531,0.190
33800,0.276,0.529,0.195
33900,0.282,0.529,0.189
34000,0.282,0.531,0.187
34100,0.273,0.530,0.197
34200,0.252,0.551,0.197
34300,0.264,0.553,0.184
34400,0.266,0.549,0.186
34500,0.265,0.549,0.187
34600,0.257,0.545,0.197
34700,0.261,0.542,0.196
34800,0.257,0.547,0.195
34900,0.272,0.544,0.184
35000,0.270,0.550,0.181
35100,0.265,0.561,0.175
35200,0.266,0.553,0.182
35300,0.247,0.570,0.183
35400,0.241,0.579,0.180
35500,0.233,0.584,0.183
35600,0.231,0.588,0.181
35700,0.252,0.572,0.176
35800,0.241,0.587,0.172
35900,0.258,0.582,0.159
36000,0.259,0.578,0.162
36100,0.249,0.574,0.177
36200,0.255,0.578,0.166
36300,0.252,0.582,0.165
36400,0.247,0.580,0.173
36500,0.241,0.575,0.184
36600,0.232,0.589,0.179
36700,0.229,0.597,0.175
36800,0.212,0.579,0.208
36900,0.221,0.565,0.215
37000,0.212,0.576,0.211
37100,0.213,0.569,0.218
37200,0.212,0.577,0.210
37300,0.204,0.576,0.220
37400,0.206,0.566,0.228
37500,0.199,0.573,0.228
37600,0.210,0.578,0.211
37700,0.201,0.581,0.218
37800,0.211,0.586,0.202
37900,0.220,0.586,0.194
38000,0.211,0.600,0.189
38100,0.204,0.598,0.198
38200,0.206,0.600,0.194
38300,0.205,0.601,0.194
38400,0.216,0.589,0.195
38500,0.217,0.592,0.191
38600,0.220,0.592,0.188
38700,0.222,0.590,0.188
38800,0.223,0.592,0.185
38900,0.211,0.593,0.195
39000,0.218,0.593,0.189
39100,0.218,0.586,0.196
39200,0.212,0.599,0.189
39300,0.203,0.613,0.184
39400,0.198,0.628,0.174
39500,0.200,0.618,0.182
39600,0.212,0.619,0.169
39700,0.208,0.623,0.169
39800,0.206,0.622,0.172
39900,0.204,0.631,0.164
40000,0.199,0.628,0.173
40100,0.200,0.638,0.161
40200,0.201,0.627,0.172
40300,0.204,0.618,0.178
40400,0.205,0.616,0.179
40500,0.194,0.624,0.182
40600,0.197,0.628,0.175
40700,0.194,0.626,0.180
40800,0.192,0.629,0.179
40900,0.208,0.618,0.174
41000,0.206,0.611,0.183
41100,0.197,0.602,0.201
41200,0.206,0.569,0.225
41300,0.206,0.571,0.223
41400,0.197,0.587,0.216
41500,0.197,0.591,0.211
41600,0.190,0.590,0.220
41700,0.186,0.591,0.223
41800,0.182,0.596,0.223
41900,0.189,0.598,0.213
42000,0.191,0.610,0.199
42100,0.171,0.632,0.197
42200,0.173,0.626,0.201
42300,0.172,0.621,0.207
42400,0.174,0.615,0.211
42500,0.170,0.623,0.207
42600,0.176,0.619,0.205
42700,0.163,0.634,0.202
42800,0.169,0.628,0.203
42900,0.172,0.620,0.208
43000,0.165,0.620,0.215
43100,0.178,0.611,0.211
43200,0.189,0.602,0.209
43300,0.202,0.589,0.208
43400,0.221,0.583,0.196
43500,0.232,0.571,0.197
43600,0.242,0.566,0.192
43700,0.254,0.564,0.182
43800,0.253,0.559,0.188
43900,0.242,0.566,0.192
44000,0.243,0.549,0.208
44100,0.249,0.545,0.205
44200,0.251,0.540,0.208
44300,0.242,0.550,0.208
44400,0.243,0.554,0.203
44500,0.232,0.563,0.205
44600,0.240,0.555,0.205
44700,0.234,0.566,0.200
44800,0.220,0.572,0.208
44900,0.222,0.566,0.212
45000,0.222,0.574,0.204
45100,0.216,0.604,0.181
45200,0.226,0.590,0.184
45300,0.230,0.590,0.180
45400,0.220,0.582,0.198
45500,0.227,0.579,0.194
45600,0.223,0.576,0.201
45700,0.211,0.578,0.210
45800,0.209,0.581,0.209
45900,0.215,0.565,0.221
46000,0.202,0.590,0.207
46100,0.208,0.590,0.201
46200,0.201,0.590,0.208
46300,0.206,0.583,0.210
46400,0.207,0.590,0.202
46500,0.205,0.597,0.198
46600,0.196,0.598,0.206
46700,0.194,0.604,0.202
46800,0.191,0.597,0.212
46900,0.187,0.597,0.217
47000,0.177,0.614,0.209
47100,0.190,0.614,0.196
47200,0.193,0.617,0.190
47300,0.207,0.603,0.190
47400,0.206,0.581,0.212
47500,0.200,0.586,0.213
47600,0.206,0.585,0.208
47700,0.197,0.596,0.207
47800,0.193,0.593,0.213
47900,0.213,0.589,0.197
48000,0.218,0.589,0.193
48100,0.219,0.587,0.194
48200,0.204,0.584,0.211
48300,0.204,0.589,0.206
48400,0.198,0.590,0.211
48500,0.199,0.590,0.210
48600,0.201,0.588,0.210
48700,0.194,0.604,0.202
48800,0.192,0.608,0.200
48900,0.184,0.594,0.222
49000,0.185,0.605,0.210
49100,0.191,0.608,0.201
49200,0.188,0.611,0.201
49300,0.190,0.609,0.201
49400,0.200,0.609,0.191
49500,0.205,0.609,0.186
49600,0.210,0.602,0.188
49700,0.200,0.609,0.191
49800,0.206,0.610,0.184
49900,0.242,0.589,0.169
50000,0.250,0.588,0.161
50100,0.235,0.580,0.185
50200,0.232,0.581,0.187
50300,0.234,0.574,0.192
50400,0.207,0.598,0.195
50500,0.220,0.589,0.191
50600,0.220,0.592,0.188
50700,0.212,0.607,0.181
50800,0.231,0.581,0.188
50900,0.222,0.583,0.195
51000,0.220,0.581,0.199
51100,0.241,0.564,0.195
51200,0.234,0.562,0.204
51300,0.226,0.569,0.205
51400,0.209,0.589,0.201
51500,0.242,0.564,0.194
51600,0.244,0.557,0.199
51700,0.249,0.559,0.192
51800,0.238,0.543,0.219
51900,0.244,0.543,0.212
52000,0.244,0.553,0.203
52100,0.227,0.568,0.205
52200,0.229,0.557,0.215
52300,0.222,0.555,0.224
52400,0.218,0.547,0.235
52500,0.222,0.556,0.223
52600,0.225,0.552,0.224
52700,0.212,0.560,0.228
52800,0.210,0.562,0.228
52900,0.220,0.569,0.211
53000,0.238,0.552,0.210
53100,0.248,0.551,0.201
53200,0.250,0.536,0.213
53300,0.244,0.541,0.215
53400,0.245,0.531,0.224
53500,0.263,0.519,0.219
53600,0.269,0.512,0.220
53700,0.276,0.506,0.219
53800,0.284,0.492,0.224
53900,0.279,0.490,0.231
54000,0.272,0.489,0.239
54100,0.274,0.472,0.254
54200,0.281,0.471,0.248
54300,0.277,0.466,0.257
54400,0.265,0.469,0.267
54500,0.265,0.474,0.261
54600,0.257,0.467,0.276
54700,0.259,0.468,0.273
54800,0.249,0.458,0.293
54900,0.252,0.447,0.300
55000,0.247,0.450,0.302
55100,0.237,0.468,0.295
55200,0.225,0.475,0.300
55300,0.216,0.481,0.303
55400,0.218,0.485,0.297
55500,0.225,0.489,0.286
55600,0.228,0.490,0.282
55700,0.238,0.488,0.274
55800,0.244,0.478,0.278
55900,0.245,0.462,0.293
56000,0.259,0.459,0.282
56100,0.252,0.458,0.290
56200,0.238,0.495,0.267
56300,0.231,0.502,0.268
56400,0.232,0.507,0.261
56500,0.231,0.515,0.254
56600,0.224,0.510,0.267
56700,0.222,0.514,0.265
56800,0.235,0.520,0.245
56900,0.234,0.522,0.244
57000,0.239,0.515,0.246
57100,0.234,0.517,0.249
57200,0.230,0.520,0.250
57300,0.234,0.514,0.252
57400,0.231,0.522,0.247
57500,0.226,0.527,0.247
57600,0.230,0.537,0.233
57700,0.227,0.535,0.238
57800,0.213,0.540,0.246
57900,0.216,0.551,0.234
58000,0.212,0.555,0.233
58100,0.210,0.564,0.226
58200,0.218,0.558,0.225
58300,0.228,0.545,0.227
58400,0.220,0.547,0.233
58500,0.205,0.564,0.231
58600,0.221,0.557,0.223
58700,0.221,0.561,0.219
58800,0.215,0.552,0.234
58900,0.221,0.533,0.246
59000,0.212,0.543,0.244
59100,0.228,0.537,0.235
59200,0.237,0.511,0.252
59300,0.245,0.517,0.238
59400,0.234,0.510,0.256
59500,0.232,0.520,0.248
59600,0.223,0.526,0.251
59700,0.224,0.518,0.258
59800,0.253,0.498,0.248
59900,0.269,0.480,0.251
60000,0.272,0.470,0.258
60100,0.259,0.478,0.263
60200,0.297,0.460,0.243
60300,0.297,0.456,0.247
60400,0.304,0.457,0.239
60500,0.293,0.466,0.241
60600,0.301,0.456,0.243
60700,0.313,0.463,0.225
60800,0.321,0.457,0.223
60900,0.318,0.449,0.233
61000,0.319,0.453,0.229
61100,0.347,0.439,0.213
61200,0.344,0.439,0.217
61300,0.340,0.447,0.212
61400,0.340,0.448,0.211
61500,0.341,0.442,0.217
61600,0.352,0.438,0.209
61700,0.347,0.429,0.224
61800,0.347,0.425,0.228
61900,0.358,0.426,0.217
62000,0.368,0.425,0.207
62100,0.374,0.413,0.213
62200,0.398,0.392,0.209
62300,0.399,0.389,0.211
62400,0.408,0.380,0.212
62500,0.402,0.384,0.213
62600,0.409,0.383,0.208
62700,0.418,0.378,0.204
62800,0.418,0.375,0.207
62900,0.404,0.386,0.209
63000,0.403,0.401,0.195
63100,0.408,0.389,0.203
63200,0.393,0.390,0.217
63300,0.384,0.385,0.231
63400,0.389,0.370,0.241
63500,0.386,0.367,0.247
63600,0.394,0.362,0.244
63700,0.397,0.373,0.230
63800,0.382,0.371,0.247
63900,0.387,0.356,0.256
64000,0.395,0.360,0.245
64100,0.396,0.361,0.243
64200,0.404,0.356,0.239
64300,0.412,0.355,0.233
64400,0.403,0.350,0.246
64500,0.404,0.358,0.238
64600,0.410,0.358,0.233
64700,0.410,0.348,0.242
64800,0.414,0.349,0.237
64900,0.420,0.348,0.232
65000,0.430,0.346,0.224
65100,0.419,0.349,0.232
65200,0.426,0.346,0.228
65300,0.427,0.341,0.232
65400,0.427,0.340,0.233
65500,0.425,0.337,0.238
65600,0.431,0.341,0.228
65700,0.431,0.333,0.236
65800,0.446,0.331,0.223
65900,0.443,0.326,0.231
66000,0.434,0.335,0.231
66100,0.433,0.344,0.223
66200,0.438,0.343,0.219
66300,0.439,0.348,0.212
66400,0.431,0.350,0.219
66500,0.429,0.345,0.226
66600,0.429,0.344,0.227
66700,0.425,0.346,0.229
66800,0.432,0.342,0.226
66900,0.437,0.359,0.204
67000,0.439,0.346,0.215
67100,0.444,0.346,0.209
67200,0.445,0.345,0.209
67300,0.450,0.349,0.200
67400,0.448,0.330,0.222
67500,0.451,0.328,0.221
67600,0.449,0.330,0.221
67700,0.428,0.341,0.231
67800,0.421,0.348,0.231
67900,0.425,0.346,0.229
68000,0.431,0.343,0.226
68100,0.433,0.342,0.225
68200,0.430,0.344,0.226
68300,0.437,0.344,0.219
68400,0.443,0.342,0.215
68500,0.445,0.342,0.212
68600,0.437,0.342,0.221
68700,0.450,0.332,0.218
68800,0.448,0.328,0.224
68900,0.450,0.319,0.231
69000,0.455,0.315,0.231
69100,0.467,0.318,0.216
69200,0.472,0.316,0.212
69300,0.470,0.317,0.213
69400,0.480,0.314,0.206
69500,0.476,0.317,0.207
69600,0.469,0.337,0.194
69700,0.468,0.335,0.197
69800,0.468,0.336,0.196
69900,0.455,0.327,0.219
70000,0.456,0.321,0.224
70100,0.459,0.324,0.218
70200,0.466,0.319,0.216
70300,0.463,0.316,0.222
70400,0.469,0.317,0.215
70500,0.450,0.324,0.226
70600,0.457,0.311,0.233
70700,0.470,0.291,0.239
70800,0.464,0.298,0.238
70900,0.467,0.297,0.236
71000,0.470,0.293,0.237
71100,0.474,0.288,0.238
71200,0.474,0.282,0.244
71300,0.485,0.279,0.236
71400,0.486,0.278,0.236
71500,0.482,0.284,0.234
71600,0.483,0.289,0.228
71700,0.492,0.290,0.218
71800,0.485,0.288,0.227
71900,0.485,0.286,0.229
72000,0.480,0.284,0.236
72100,0.485,0.282,0.233
72200,0.480,0.288,0.232
72300,0.463,0.294,0.243
72400,0.474,0.297,0.229
72500,0.477,0.299,0.224
72600,0.475,0.300,0.225
72700,0.476,0.296,0.228
72800,0.489,0.290,0.221
72900,0.473,0.313,0.215
73000,0.474,0.305,0.221
73100,0.479,0.299,0.222
73200,0.480,0.297,0.223
73300,0.480,0.292,0.228
73400,0.476,0.289,0.235
73500,0.470,0.297,0.233
73600,0.460,0.302,0.238
73700,0.464,0.294,0.242
73800,0.469,0.293,0.238
73900,0.464,0.296,0.240
74000,0.464,0.288,0.248
74100,0.464,0.285,0.251
74200,0.466,0.285,0.249
74300,0.471,0.285,0.244
74400,0.469,0.290,0.241
74500,0.473,0.287,0.240
74600,0.475,0.289,0.236
74700,0.493,0.281,0.226
74800,0.488,0.282,0.230
74900,0.488,0.309,0.202
75000,0.487,0.316,0.197
75100,0.491,0.312,0.197
75200,0.486,0.314,0.200
75300,0.493,0.302,0.204
75400,0.494,0.307,0.198
75500,0.480,0.327,0.193
75600,0.482,0.322,0.196
75700,0.489,0.318,0.193
75800,0.493,0.315,0.192
75900,0.494,0.307,0.198
76000,0.490,0.314,0.196
76100,0.498,0.309,0.192
76200,0.493,0.311,0.196
76300,0.501,0.305,0.194
76400,0.498,0.303,0.198
76500,0.501,0.303,0.196
76600,0.504,0.305,0.191
76700,0.506,0.301,0.193
76800,0.507,0.293,0.200
76900,0.503,0.295,0.202
77000,0.495,0.299,0.205
77100,0.505,0.296,0.199
77200,0.497,0.295,0.207
77300,0.502,0.294,0.204
77400,0.505,0.290,0.205
77500,0.515,0.289,0.196
77600,0.519,0.296,0.185
77700,0.520,0.291,0.189
77800,0.527,0.289,0.184
77900,0.533,0.285,0.182
78000,0.538,0.279,0.183
78100,0.539,0.275,0.186
78200,0.543,0.271,0.186
78300,0.545,0.281,0.174
78400,0.552,0.272,0.177
78500,0.559,0.272,0.170
78600,0.547,0.268,0.185
78700,0.539,0.274,0.187
78800,0.544,0.270,0.186
78900,0.542,0.265,0.193
79000,0.545,0.263,0.192
79100,0.561,0.258,0.181
79200,0.566,0.255,0.179
79300,0.574,0.252,0.174
79400,0.583,0.250,0.166
79500,0.588,0.250,0.161
79600,0.594,0.243,0.162
79700,0.588,0.242,0.170
79800,0.576,0.238,0.186
79900,0.579,0.245,0.176
80000,0.576,0.245,0.179
80100,0.580,0.240,0.180
80200,0.594,0.237,0.169
80300,0.596,0.237,0.168
80400,0.594,0.233,0.173
80500,0.593,0.234,0.173
80600,0.573,0.232,0.195
80700,0.574,0.236,0.190
80800,0.553,0.264,0.184
80900,0.518,0.293,0.189
81000,0.519,0.289,0.192
81100,0.518,0.292,0.190
81200,0.515,0.293,0.192
81300,0.516,0.292,0.192
81400,0.525,0.283,0.192
81500,0.525,0.275,0.200
81600,0.536,0.274,0.190
81700,0.533,0.276,0.191
81800,0.536,0.277,0.187
81900,0.538,0.270,0.192
82000,0.532,0.269,0.199
82100,0.526,0.272,0.202
82200,0.526,0.275,0.199
82300,0.538,0.266,0.196
82400,0.547,0.260,0.192
82500,0.551,0.251,0.198
82600,0.549,0.249,0.202
82700,0.546,0.251,0.202
82800,0.553,0.254,0.193
82900,0.553,0.260,0.187
83000,0.555,0.259,0.186
83100,0.563,0.257,0.180
83200,0.560,0.250,0.190
83300,0.563,0.248,0.189
83400,0.567,0.249,0.184
83500,0.564,0.248,0.188
83600,0.576,0.246,0.178
83700,0.574,0.245,0.181
83800,0.577,0.249,0.174
83900,0.573,0.252,0.175
84000,0.567,0.251,0.182
84100,0.568,0.249,0.183
84200,0.550,0.266,0.185
84300,0.545,0.257,0.197
84400,0.549,0.252,0.199
84500,0.552,0.261,0.187
84600,0.557,0.261,0.182
84700,0.566,0.254,0.180
84800,0.569,0.253,0.178
84900,0.570,0.246,0.184
85000,0.571,0.244,0.185
85100,0.577,0.243,0.180
85200,0.586,0.246,0.168
85300,0.582,0.251,0.166
85400,0.576,0.244,0.180
85500,0.580,0.237,0.183
85600,0.581,0.233,0.186
85700,0.593,0.228,0.179
85800,0.592,0.213,0.194
85900,0.599,0.213,0.188
86000,0.600,0.213,0.187
86100,0.613,0.212,0.175
86200,0.604,0.220,0.177
86300,0.608,0.217,0.176
86400,0.617,0.210,0.173
86500,0.614,0.208,0.178
86600,0.622,0.208,0.170
86700,0.627,0.205,0.168
86800,0.632,0.202,0.165
86900,0.619,0.197,0.184
87000,0.623,0.197,0.180
87100,0.624,0.197,0.179
87200,0.632,0.197,0.171
87300,0.628,0.194,0.178
87400,0.633,0.194,0.173
87500,0.641,0.196,0.162
87600,0.641,0.198,0.160
87700,0.645,0.197,0.158
87800,0.649,0.193,0.158
87900,0.650,0.189,0.161
88000,0.653,0.186,0.161
88100,0.661,0.184,0.155
88200,0.670,0.182,0.148
88300,0.675,0.183,0.142
88400,0.673,0.182,0.145
88500,0.670,0.182,0.148
88600,0.676,0.181,0.143
88700,0.679,0.181,0.140
88800,0.661,0.200,0.139
88900,0.636,0.232,0.132
89000,0.641,0.213,0.145
89100,0.637,0.213,0.149
89200,0.637,0.226,0.137
89300,0.633,0.222,0.145
89400,0.636,0.221,0.143
89500,0.640,0.219,0.141
89600,0.637,0.216,0.147
89700,0.641,0.221,0.138
89800,0.639,0.216,0.145
89900,0.640,0.215,0.145
90000,0.640,0.215,0.145
90100,0.654,0.210,0.136
90200,0.649,0.204,0.147
90300,0.652,0.205,0.143
90400,0.651,0.204,0.145
90500,0.646,0.203,0.151
90600,0.647,0.200,0.153
90700,0.637,0.208,0.154
90800,0.635,0.206,0.158
90900,0.636,0.199,0.164
91000,0.637,0.199,0.163
91100,0.633,0.211,0.155
91200,0.641,0.206,0.152
91300,0.656,0.198,0.146
91400,0.644,0.194,0.162
91500,0.646,0.201,0.153
91600,0.646,0.196,0.158
91700,0.651,0.194,0.155
91800,0.648,0.196,0.156
91900,0.649,0.197,0.154
92000,0.659,0.194,0.147
92100,0.661,0.193,0.146
92200,0.654,0.204,0.142
92300,0.659,0.202,0.139
92400,0.658,0.201,0.141
92500,0.659,0.200,0.141
92600,0.671,0.192,0.137
92700,0.672,0.189,0.139
92800,0.676,0.192,0.132
92900,0.665,0.194,0.141
93000,0.664,0.191,0.145
93100,0.670,0.188,0.142
93200,0.670,0.185,0.145
93300,0.677,0.183,0.140
93400,0.684,0.184,0.132
93500,0.688,0.182,0.130
93600,0.694,0.174,0.133
93700,0.699,0.165,0.136
93800,0.698,0.165,0.137
93900,0.699,0.165,0.136
94000,0.702,0.172,0.127
94100,0.712,0.166,0.122
94200,0.710,0.166,0.124
94300,0.710,0.166,0.124
94400,0.717,0.164,0.118
94500,0.714,0.164,0.122
94600,0.718,0.164,0.117
94700,0.715,0.166,0.118
94800,0.718,0.159,0.123
94900,0.720,0.159,0.121
95000,0.718,0.158,0.124
95100,0.721,0.161,0.117
95200,0.719,0.160,0.121
95300,0.725,0.159,0.115
95400,0.725,0.161,0.113
95500,0.721,0.160,0.118
95600,0.726,0.162,0.111
95700,0.725,0.162,0.112
95800,0.726,0.159,0.114
95900,0.732,0.158,0.109
96000,0.733,0.158,0.108
96100,0.736,0.155,0.108
96200,0.735,0.155,0.109
96300,0.737,0.155,0.107
96400,0.741,0.155,0.104
96500,0.743,0.155,0.102
96600,0.740,0.155,0.105
96700,0.741,0.157,0.102
96800,0.740,0.157,0.103
96900,0.734,0.160,0.105
97000,0.734,0.161,0.104
97100,0.737,0.159,0.103
97200,0.742,0.157,0.101
97300,0.748,0.156,0.096
97400,0.752,0.155,0.093
97500,0.754,0.154,0.092
97600,0.739,0.151,0.110
97700,0.736,0.151,0.112
97800,0.743,0.150,0.107
97900,0.742,0.153,0.105
98000,0.743,0.152,0.105
98100,0.744,0.151,0.105
98200,0.740,0.151,0.109
98300,0.742,0.151,0.107
98400,0.746,0.149,0.105
98500,0.747,0.151,0.102
98600,0.749,0.151,0.100
98700,0.751,0.150,0.099
98800,0.750,0.151,0.099
98900,0.752,0.151,0.097
99000,0.752,0.149,0.099
99100,0.755,0.148,0.097
99200,0.756,0.150,0.094
99300,0.758,0.150,0.092
99400,0.756,0.149,0.095
99500,0.759,0.149,0.092
99600,0.758,0.149,0.093
99700,0.754,0.151,0.095
99800,0.755,0.151,0.094
99900,0.755,0.151,0.094
100000,0.759,0.148,0.093
