time,n_A+p,n_B,n_AB
500,0.030,0.790,0.180
1000,0.030,0.556,0.414
1500,0.030,0.378,0.592
2000,0.030,0.356,0.614
2500,0.030,0.394,0.576
3000,0.030,0.407,0.563
3500,0.030,0.345,0.625
4000,0.030,0.552,0.418
4500,0.030,0.465,0.505
5000,0.030,0.476,0.494
5500,0.030,0.479,0.491
6000,0.030,0.485,0.485
6500,0.030,0.365,0.605
7000,0.030,0.449,0.521
7500,0.030,0.463,0.507
8000,0.030,0.517,0.453
8500,0.030,0.418,0.552
9000,0.030,0.464,0.506
9500,0.030,0.350,0.620
10000,0.030,0.441,0.529
10500,0.030,0.532,0.438
11000,0.030,0.493,0.477
11500,0.030,0.362,0.608
12000,0.030,0.415,0.555
12500,0.030,0.353,0.617
13000,0.030,0.475,0.495
13500,0.030,0.390,0.580
14000,0.030,0.426,0.544
14500,0.030,0.615,0.355
15000,0.030,0.434,0.536
15500,0.030,0.372,0.598
16000,0.030,0.497,0.473
16500,0.030,0.532,0.438
17000,0.030,0.440,0.530
17500,0.030,0.508,0.462
18000,0.030,0.402,0.568
18500,0.030,0.554,0.416
19000,0.030,0.480,0.490
19500,0.030,0.375,0.595
20000,0.030,0.511,0.459
20500,0.030,0.417,0.553
21000,0.030,0.443,0.527
21500,0.030,0.471,0.499
22000,0.030,0.501,0.469
22500,0.030,0.543,0.427
23000,0.030,0.479,0.491
23500,0.030,0.421,0.549
24000,0.030,0.603,0.367
24500,0.030,0.454,0.516
25000,0.030,0.442,0.528
25500,0.030,0.524,0.446
26000,0.030,0.522,0.448
26500,0.030,0.477,0.493
27000,0.030,0.460,0.510
27500,0.030,0.506,0.464
28000,0.030,0.447,0.523
28500,0.030,0.381,0.589
29000,0.030,0.348,0.622
29500,0.030,0.388,0.582
30000,0.030,0.471,0.499
30500,0.030,0.440,0.530
31000,0.030,0.503,0.467
31500,0.030,0.553,0.417
32000,0.030,0.446,0.524
32500,0.030,0.499,0.471
33000,0.030,0.462,0.508
33500,0.030,0.406,0.564
34000,0.030,0.414,0.556
34500,0.030,0.595,0.375
35000,0.030,0.538,0.432
35500,0.030,0.486,0.484
36000,0.030,0.405,0.565
36500,0.030,0.493,0.477
37000,0.030,0.502,0.468
37500,0.030,0.457,0.513
38000,0.030,0.523,0.447
38500,0.030,0.400,0.570
39000,0.030,0.442,0.528
39500,0.030,0.410,0.560
40000,0.030,0.364,0.606
40500,0.030,0.388,0.582
41000,0.030,0.397,0.573
41500,0.030,0.663,0.307
42000,0.030,0.637,0.333
42500,0.030,0.526,0.444
43000,0.030,0.502,0.468
43500,0.030,0.473,0.497
44000,0.030,0.489,0.481
44500,0.030,0.336,0.634
45000,0.030,0.421,0.549
45500,0.030,0.412,0.558
46000,0.030,0.528,0.442
46500,0.030,0.424,0.546
47000,0.030,0.376,0.594
47500,0.030,0.319,0.651
48000,0.030,0.422,0.548
48500,0.030,0.457,0.513
49000,0.030,0.433,0.537
49500,0.030,0.447,0.523
50000,0.030,0.522,0.448
50500,0.030,0.574,0.396
51000,0.030,0.636,0.334
51500,0.030,0.564,0.406
52000,0.030,0.491,0.479
52500,0.030,0.420,0.550
53000,0.030,0.378,0.592
53500,0.030,0.413,0.557
54000,0.030,0.514,0.456
54500,0.030,0.435,0.535
55000,0.030,0.525,0.445
55500,0.030,0.458,0.512
56000,0.030,0.475,0.495
56500,0.030,0.399,0.571
57000,0.030,0.611,0.359
57500,0.030,0.390,0.580
58000,0.030,0.514,0.456
58500,0.030,0.298,0.672
59000,0.030,0.489,0.481
59500,0.030,0.370,0.600
60000,0.030,0.505,0.465
60500,0.030,0.526,0.444
61000,0.030,0.481,0.489
61500,0.030,0.495,0.475
62000,0.030,0.596,0.374
62500,0.030,0.470,0.500
63000,0.030,0.441,0.529
63500,0.030,0.534,0.436
64000,0.030,0.350,0.620
64500,0.030,0.323,0.647
65000,0.030,0.484,0.486
65500,0.030,0.358,0.612
66000,0.030,0.413,0.557
66500,0.030,0.468,0.502
67000,0.030,0.414,0.556
67500,0.030,0.424,0.546
68000,0.030,0.566,0.404
68500,0.030,0.539,0.431
69000,0.030,0.462,0.508
69500,0.030,0.536,0.434
70000,0.030,0.505,0.465
70500,0.030,0.569,0.401
71000,0.030,0.458,0.512
71500,0.030,0.405,0.565
72000,0.030,0.378,0.592
72500,0.030,0.377,0.593
73000,0.030,0.347,0.623
73500,0.030,0.386,0.584
74000,0.030,0.413,0.557
74500,0.030,0.381,0.589
75000,0.030,0.308,0.662
75500,0.030,0.383,0.587
76000,0.030,0.428,0.542
76500,0.030,0.390,0.580
77000,0.030,0.316,0.654
77500,0.030,0.483,0.487
78000,0.030,0.412,0.558
78500,0.030,0.342,0.628
79000,0.030,0.392,0.578
79500,0.030,0.330,0.640
80000,0.030,0.262,0.708
80500,0.030,0.353,0.617
81000,0.030,0.492,0.478
81500,0.030,0.455,0.515
82000,0.030,0.485,0.485
82500,0.030,0.463,0.507
83000,0.030,0.442,0.528
83500,0.030,0.352,0.618
84000,0.030,0.548,0.422
84500,0.030,0.459,0.511
85000,0.030,0.432,0.538
85500,0.030,0.450,0.520
86000,0.030,0.440,0.530
86500,0.030,0.423,0.547
87000,0.030,0.428,0.542
87500,0.030,0.467,0.503
88000,0.030,0.405,0.565
88500,0.030,0.464,0.506
89000,0.030,0.513,0.457
89500,0.030,0.429,0.541
90000,0.030,0.390,0.580
90500,0.030,0.410,0.560
91000,0.030,0.372,0.598
91500,0.030,0.490,0.480
92000,0.030,0.442,0.528
92500,0.030,0.354,0.616
93000,0.030,0.450,0.520
93500,0.030,0.527,0.443
94000,0.030,0.477,0.493
94500,0.030,0.455,0.515
95000,0.030,0.392,0.578
95500,0.030,0.437,0.533
96000,0.030,0.464,0.506
96500,0.030,0.593,0.377
97000,0.030,0.521,0.449
97500,0.030,0.401,0.569
98000,0.030,0.524,0.446
98500,0.030,0.538,0.432
99000,0.030,0.307,0.663
99500,0.030,0.462,0.508
100000,0.030,0.511,0.459
100500,0.030,0.445,0.525
101000,0.030,0.358,0.612
101500,0.030,0.450,0.520
102000,0.030,0.461,0.509
102500,0.030,0.336,0.634
103000,0.030,0.463,0.507
103500,0.030,0.528,0.442
104000,0.030,0.558,0.412
104500,0.030,0.405,0.565
105000,0.030,0.505,0.465
105500,0.030,0.422,0.548
106000,0.030,0.460,0.510
106500,0.030,0.499,0.471
107000,0.030,0.436,0.534
107500,0.030,0.418,0.552
108000,0.030,0.413,0.557
108500,0.030,0.386,0.584
109000,0.030,0.536,0.434
109500,0.030,0.508,0.462
110000,0.030,0.339,0.631
110500,0.030,0.432,0.538
111000,0.030,0.348,0.622
111500,0.030,0.436,0.534
112000,0.030,0.416,0.554
112500,0.030,0.548,0.422
113000,0.030,0.379,0.591
113500,0.030,0.372,0.598
114000,0.030,0.291,0.679
114500,0.030,0.357,0.613
115000,0.030,0.366,0.604
115500,0.030,0.445,0.525
116000,0.030,0.562,0.408
116500,0.030,0.513,0.457
117000,0.030,0.591,0.379
117500,0.030,0.455,0.515
118000,0.030,0.445,0.525
118500,0.030,0.383,0.587
119000,0.030,0.475,0.495
119500,0.030,0.614,0.356
120000,0.030,0.413,0.557
120500,0.030,0.396,0.574
121000,0.030,0.622,0.348
121500,0.030,0.497,0.473
122000,0.030,0.568,0.402
122500,0.030,0.604,0.366
123000,0.030,0.396,0.574
123500,0.030,0.495,0.475
124000,0.030,0.444,0.526
124500,0.030,0.357,0.613
125000,0.030,0.555,0.415
125500,0.030,0.503,0.467
126000,0.030,0.504,0.466
126500,0.030,0.503,0.467
127000,0.030,0.461,0.509
127500,0.030,0.427,0.543
128000,0.030,0.549,0.421
128500,0.030,0.357,0.613
129000,0.030,0.324,0.646
129500,0.030,0.367,0.603
130000,0.030,0.549,0.421
130500,0.030,0.439,0.531
131000,0.030,0.383,0.587
131500,0.030,0.455,0.515
132000,0.030,0.407,0.563
132500,0.030,0.535,0.435
133000,0.030,0.600,0.370
133500,0.030,0.573,0.397
134000,0.030,0.494,0.476
134500,0.030,0.612,0.358
135000,0.039,0.289,0.672
135500,0.030,0.472,0.498
136000,0.030,0.388,0.582
136500,0.030,0.465,0.505
137000,0.030,0.420,0.550
137500,0.030,0.417,0.553
138000,0.030,0.542,0.428
138500,0.030,0.359,0.611
139000,0.030,0.494,0.476
139500,0.030,0.418,0.552
140000,0.030,0.491,0.479
140500,0.030,0.474,0.496
141000,0.030,0.382,0.588
141500,0.030,0.433,0.537
142000,0.030,0.460,0.510
142500,0.030,0.349,0.621
143000,0.030,0.385,0.585
143500,0.030,0.592,0.378
144000,0.030,0.478,0.492
144500,0.030,0.517,0.453
145000,0.030,0.573,0.397
145500,0.030,0.356,0.614
146000,0.030,0.431,0.539
146500,0.030,0.524,0.446
147000,0.030,0.354,0.616
147500,0.030,0.280,0.690
148000,0.030,0.283,0.687
148500,0.030,0.336,0.634
149000,0.030,0.452,0.518
149500,0.030,0.472,0.498
150000,0.030,0.430,0.540
150500,0.030,0.577,0.393
151000,0.030,0.413,0.557
151500,0.030,0.420,0.550
152000,0.030,0.654,0.316
152500,0.030,0.522,0.448
153000,0.030,0.400,0.570
153500,0.030,0.360,0.610
154000,0.030,0.506,0.464
154500,0.030,0.484,0.486
155000,0.030,0.494,0.476
155500,0.030,0.367,0.603
156000,0.030,0.527,0.443
156500,0.030,0.418,0.552
157000,0.030,0.459,0.511
157500,0.030,0.343,0.627
158000,0.030,0.381,0.589
158500,0.030,0.499,0.471
159000,0.030,0.474,0.496
159500,0.030,0.540,0.430
160000,0.030,0.512,0.458
160500,0.030,0.460,0.510
161000,0.030,0.330,0.640
161500,0.030,0.527,0.443
162000,0.030,0.460,0.510
162500,0.030,0.497,0.473
163000,0.030,0.389,0.581
163500,0.030,0.449,0.521
164000,0.030,0.389,0.581
164500,0.030,0.342,0.628
165000,0.030,0.401,0.569
165500,0.030,0.342,0.628
166000,0.030,0.501,0.469
166500,0.030,0.371,0.599
167000,0.030,0.538,0.432
167500,0.030,0.507,0.463
168000,0.030,0.393,0.577
168500,0.030,0.398,0.572
169000,0.030,0.437,0.533
169500,0.030,0.566,0.404
170000,0.030,0.526,0.444
170500,0.030,0.640,0.330
171000,0.030,0.494,0.476
171500,0.030,0.448,0.522
172000,0.030,0.341,0.629
172500,0.030,0.431,0.539
173000,0.030,0.493,0.477
173500,0.030,0.524,0.446
174000,0.030,0.507,0.463
174500,0.030,0.505,0.465
175000,0.030,0.572,0.398
175500,0.030,0.600,0.370
176000,0.030,0.471,0.499
176500,0.030,0.492,0.478
177000,0.030,0.463,0.507
177500,0.030,0.355,0.615
178000,0.030,0.430,0.540
178500,0.030,0.497,0.473
179000,0.030,0.516,0.454
179500,0.030,0.569,0.401
180000,0.030,0.523,0.447
180500,0.030,0.490,0.480
181000,0.030,0.346,0.624
181500,0.030,0.414,0.556
182000,0.030,0.334,0.636
182500,0.030,0.416,0.554
183000,0.030,0.464,0.506
183500,0.030,0.416,0.554
184000,0.030,0.359,0.611
184500,0.030,0.495,0.475
185000,0.030,0.390,0.580
185500,0.030,0.454,0.516
186000,0.030,0.524,0.446
186500,0.030,0.475,0.495
187000,0.030,0.450,0.520
187500,0.030,0.453,0.517
188000,0.030,0.465,0.505
188500,0.030,0.371,0.599
189000,0.030,0.379,0.591
189500,0.030,0.385,0.585
190000,0.030,0.436,0.534
190500,0.030,0.484,0.486
191000,0.030,0.518,0.452
191500,0.030,0.464,0.506
192000,0.030,0.462,0.508
192500,0.030,0.496,0.474
193000,0.030,0.477,0.493
193500,0.030,0.410,0.560
194000,0.030,0.405,0.565
194500,0.030,0.470,0.500
195000,0.030,0.491,0.479
195500,0.030,0.374,0.596
196000,0.030,0.504,0.466
196500,0.030,0.493,0.477
197000,0.030,0.449,0.521
197500,0.030,0.417,0.553
198000,0.030,0.394,0.576
198500,0.030,0.390,0.580
199000,0.030,0.526,0.444
199500,0.030,0.494,0.476
200000,0.030,0.422,0.548
200500,0.030,0.461,0.509
201000,0.030,0.439,0.531
201500,0.030,0.331,0.639
202000,0.030,0.498,0.472
202500,0.030,0.438,0.532
203000,0.030,0.488,0.482
203500,0.030,0.468,0.502
204000,0.030,0.390,0.580
204500,0.030,0.385,0.585
205000,0.030,0.466,0.504
205500,0.030,0.493,0.477
206000,0.030,0.431,0.539
206500,0.030,0.550,0.420
207000,0.030,0.428,0.542
207500,0.030,0.373,0.597
208000,0.030,0.359,0.611
208500,0.030,0.465,0.505
209000,0.030,0.577,0.393
209500,0.030,0.380,0.590
210000,0.030,0.408,0.562
210500,0.030,0.279,0.691
211000,0.030,0.408,0.562
211500,0.030,0.458,0.512
212000,0.030,0.544,0.426
212500,0.030,0.397,0.573
213000,0.030,0.401,0.569
213500,0.030,0.240,0.730
214000,0.030,0.433,0.537
214500,0.030,0.507,0.463
215000,0.030,0.407,0.563
215500,0.030,0.529,0.441
216000,0.030,0.446,0.524
216500,0.030,0.560,0.410
217000,0.030,0.383,0.587
217500,0.030,0.511,0.459
218000,0.030,0.474,0.496
218500,0.030,0.606,0.364
219000,0.030,0.555,0.415
219500,0.030,0.491,0.479
220000,0.030,0.446,0.524
220500,0.030,0.419,0.551
221000,0.030,0.433,0.537
221500,0.030,0.582,0.388
222000,0.030,0.552,0.418
222500,0.030,0.435,0.535
223000,0.030,0.469,0.501
223500,0.030,0.386,0.584
224000,0.030,0.525,0.445
224500,0.030,0.562,0.408
225000,0.030,0.538,0.432
225500,0.030,0.550,0.420
226000,0.030,0.536,0.434
226500,0.030,0.482,0.488
227000,0.030,0.612,0.358
227500,0.030,0.537,0.433
228000,0.030,0.424,0.546
228500,0.030,0.518,0.452
229000,0.030,0.503,0.467
229500,0.030,0.399,0.571
230000,0.030,0.462,0.508
230500,0.030,0.544,0.426
231000,0.030,0.410,0.560
231500,0.030,0.380,0.590
232000,0.030,0.565,0.405
232500,0.030,0.436,0.534
233000,0.030,0.448,0.522
233500,0.030,0.522,0.448
234000,0.030,0.349,0.621
234500,0.030,0.564,0.406
235000,0.030,0.446,0.524
235500,0.030,0.309,0.661
236000,0.030,0.311,0.659
236500,0.030,0.388,0.582
237000,0.030,0.413,0.557
237500,0.030,0.511,0.459
238000,0.030,0.478,0.492
238500,0.030,0.469,0.501
239000,0.030,0.352,0.618
239500,0.030,0.446,0.524
240000,0.030,0.379,0.591
240500,0.030,0.405,0.565
241000,0.030,0.532,0.438
241500,0.030,0.684,0.286
242000,0.030,0.523,0.447
242500,0.030,0.512,0.458
243000,0.030,0.259,0.711
243500,0.030,0.403,0.567
244000,0.030,0.437,0.533
244500,0.030,0.488,0.482
245000,0.030,0.596,0.374
245500,0.030,0.578,0.392
246000,0.030,0.587,0.383
246500,0.030,0.544,0.426
247000,0.030,0.405,0.565
247500,0.030,0.561,0.409
248000,0.030,0.489,0.481
248500,0.030,0.576,0.394
249000,0.030,0.427,0.543
249500,0.030,0.529,0.441
250000,0.030,0.468,0.502
250500,0.030,0.427,0.543
251000,0.030,0.363,0.607
251500,0.030,0.475,0.495
252000,0.030,0.367,0.603
252500,0.030,0.484,0.486
253000,0.030,0.601,0.369
253500,0.030,0.438,0.532
254000,0.030,0.559,0.411
254500,0.030,0.444,0.526
255000,0.030,0.488,0.482
255500,0.030,0.400,0.570
256000,0.030,0.306,0.664
256500,0.030,0.556,0.414
257000,0.030,0.507,0.463
257500,0.030,0.487,0.483
258000,0.030,0.438,0.532
258500,0.030,0.381,0.589
259000,0.030,0.408,0.562
259500,0.030,0.406,0.564
260000,0.030,0.639,0.331
260500,0.030,0.410,0.560
261000,0.030,0.543,0.427
261500,0.030,0.419,0.551
262000,0.030,0.402,0.568
262500,0.030,0.516,0.454
263000,0.030,0.414,0.556
263500,0.030,0.431,0.539
264000,0.030,0.459,0.511
264500,0.030,0.304,0.666
265000,0.030,0.465,0.505
265500,0.030,0.513,0.457
266000,0.030,0.463,0.507
266500,0.030,0.516,0.454
267000,0.030,0.496,0.474
267500,0.030,0.452,0.518
268000,0.030,0.476,0.494
268500,0.030,0.279,0.691
269000,0.030,0.387,0.583
269500,0.030,0.402,0.568
270000,0.030,0.413,0.557
270500,0.030,0.287,0.683
271000,0.030,0.314,0.656
271500,0.030,0.427,0.543
272000,0.030,0.311,0.659
272500,0.030,0.410,0.560
273000,0.030,0.510,0.460
273500,0.030,0.560,0.410
274000,0.030,0.446,0.524
274500,0.034,0.437,0.529
275000,0.030,0.447,0.523
275500,0.030,0.488,0.482
276000,0.030,0.346,0.624
276500,0.030,0.450,0.520
277000,0.030,0.442,0.528
277500,0.030,0.462,0.508
278000,0.030,0.478,0.492
278500,0.030,0.658,0.312
279000,0.030,0.517,0.453
279500,0.030,0.560,0.410
280000,0.030,0.528,0.442
280500,0.030,0.538,0.432
281000,0.030,0.422,0.548
281500,0.030,0.465,0.505
282000,0.030,0.381,0.589
282500,0.030,0.406,0.564
283000,0.030,0.419,0.551
283500,0.030,0.557,0.413
284000,0.030,0.581,0.389
284500,0.030,0.421,0.549
285000,0.030,0.464,0.506
285500,0.030,0.449,0.521
286000,0.030,0.534,0.436
286500,0.030,0.510,0.460
287000,0.030,0.384,0.586
287500,0.030,0.520,0.450
288000,0.030,0.454,0.516
288500,0.030,0.436,0.534
289000,0.030,0.428,0.542
289500,0.030,0.420,0.550
290000,0.030,0.435,0.535
290500,0.030,0.464,0.506
291000,0.030,0.482,0.488
291500,0.030,0.509,0.461
292000,0.030,0.335,0.635
292500,0.030,0.409,0.561
293000,0.030,0.362,0.608
293500,0.030,0.487,0.483
294000,0.030,0.459,0.511
294500,0.030,0.379,0.591
295000,0.030,0.491,0.479
295500,0.030,0.355,0.615
296000,0.030,0.438,0.532
296500,0.030,0.391,0.579
297000,0.030,0.515,0.455
297500,0.030,0.482,0.488
298000,0.030,0.490,0.480
298500,0.030,0.475,0.495
299000,0.030,0.467,0.503
299500,0.030,0.498,0.472
300000,0.030,0.374,0.596
300500,0.030,0.317,0.653
301000,0.030,0.534,0.436
301500,0.030,0.591,0.379
302000,0.030,0.477,0.493
302500,0.030,0.523,0.447
303000,0.030,0.412,0.558
303500,0.030,0.462,0.508
304000,0.030,0.627,0.343
304500,0.030,0.493,0.477
305000,0.030,0.360,0.610
305500,0.030,0.436,0.534
306000,0.030,0.402,0.568
306500,0.030,0.515,0.455
307000,0.030,0.387,0.583
307500,0.030,0.540,0.430
308000,0.030,0.493,0.477
308500,0.030,0.516,0.454
309000,0.030,0.362,0.608
309500,0.030,0.443,0.527
310000,0.030,0.382,0.588
310500,0.030,0.385,0.585
311000,0.030,0.417,0.553
311500,0.030,0.445,0.525
312000,0.030,0.402,0.568
312500,0.030,0.296,0.674
313000,0.030,0.339,0.631
313500,0.030,0.513,0.457
314000,0.030,0.535,0.435
314500,0.030,0.359,0.611
315000,0.030,0.497,0.473
315500,0.030,0.402,0.568
316000,0.030,0.382,0.588
316500,0.047,0.406,0.547
317000,0.030,0.437,0.533
317500,0.030,0.489,0.481
318000,0.030,0.600,0.370
318500,0.030,0.330,0.640
319000,0.030,0.446,0.524
319500,0.030,0.471,0.499
320000,0.030,0.365,0.605
320500,0.030,0.409,0.561
321000,0.030,0.446,0.524
321500,0.030,0.433,0.537
322000,0.030,0.317,0.653
322500,0.030,0.534,0.436
323000,0.030,0.492,0.478
323500,0.030,0.539,0.431
324000,0.030,0.534,0.436
324500,0.030,0.391,0.579
325000,0.030,0.437,0.533
325500,0.030,0.402,0.568
326000,0.030,0.430,0.540
326500,0.030,0.392,0.578
327000,0.030,0.630,0.340
327500,0.030,0.550,0.420
328000,0.030,0.349,0.621
328500,0.030,0.480,0.490
329000,0.030,0.308,0.662
329500,0.030,0.299,0.671
330000,0.030,0.519,0.451
330500,0.030,0.612,0.358
331000,0.030,0.539,0.431
331500,0.030,0.390,0.580
332000,0.030,0.332,0.638
332500,0.030,0.440,0.530
333000,0.030,0.576,0.394
333500,0.030,0.605,0.365
334000,0.030,0.451,0.519
334500,0.030,0.393,0.577
335000,0.030,0.278,0.692
335500,0.030,0.298,0.672
336000,0.030,0.492,0.478
336500,0.030,0.413,0.557
337000,0.030,0.430,0.540
337500,0.030,0.390,0.580
338000,0.030,0.320,0.650
338500,0.030,0.520,0.450
339000,0.030,0.361,0.609
339500,0.030,0.490,0.480
340000,0.030,0.467,0.503
340500,0.030,0.528,0.442
341000,0.030,0.325,0.645
341500,0.030,0.479,0.491
342000,0.030,0.438,0.532
342500,0.030,0.459,0.511
343000,0.030,0.542,0.428
343500,0.030,0.508,0.462
344000,0.030,0.570,0.400
344500,0.030,0.537,0.433
345000,0.030,0.447,0.523
345500,0.030,0.423,0.547
346000,0.030,0.449,0.521
346500,0.030,0.495,0.475
347000,0.030,0.505,0.465
347500,0.030,0.528,0.442
348000,0.030,0.394,0.576
348500,0.030,0.539,0.431
349000,0.030,0.370,0.600
349500,0.030,0.491,0.479
350000,0.030,0.360,0.610
350500,0.030,0.425,0.545
351000,0.030,0.410,0.560
351500,0.030,0.508,0.462
352000,0.030,0.433,0.537
352500,0.030,0.355,0.615
353000,0.030,0.379,0.591
353500,0.030,0.435,0.535
354000,0.030,0.502,0.468
354500,0.030,0.575,0.395
355000,0.030,0.528,0.442
355500,0.030,0.509,0.461
356000,0.030,0.450,0.520
356500,0.030,0.388,0.582
357000,0.030,0.399,0.571
357500,0.030,0.506,0.464
358000,0.030,0.556,0.414
358500,0.030,0.418,0.552
359000,0.030,0.437,0.533
359500,0.030,0.427,0.543
360000,0.030,0.455,0.515
360500,0.030,0.410,0.560
361000,0.030,0.472,0.498
361500,0.030,0.389,0.581
362000,0.030,0.441,0.529
362500,0.030,0.657,0.313
363000,0.030,0.536,0.434
363500,0.030,0.411,0.559
364000,0.030,0.427,0.543
364500,0.030,0.344,0.626
365000,0.030,0.482,0.488
365500,0.030,0.377,0.593
366000,0.030,0.469,0.501
366500,0.030,0.500,0.470
367000,0.030,0.481,0.489
367500,0.030,0.508,0.462
368000,0.030,0.496,0.474
368500,0.030,0.507,0.463
369000,0.030,0.360,0.610
369500,0.030,0.461,0.509
370000,0.030,0.371,0.599
370500,0.030,0.566,0.404
371000,0.030,0.380,0.590
371500,0.030,0.354,0.616
372000,0.030,0.598,0.372
372500,0.030,0.448,0.522
373000,0.030,0.330,0.640
373500,0.030,0.403,0.567
374000,0.030,0.488,0.482
374500,0.030,0.383,0.587
375000,0.030,0.370,0.600
375500,0.030,0.476,0.494
376000,0.030,0.480,0.490
376500,0.030,0.349,0.621
377000,0.030,0.284,0.686
377500,0.030,0.321,0.649
378000,0.030,0.427,0.543
378500,0.030,0.445,0.525
379000,0.030,0.542,0.428
379500,0.030,0.546,0.424
380000,0.030,0.477,0.493
380500,0.030,0.491,0.479
381000,0.030,0.279,0.691
381500,0.030,0.450,0.520
382000,0.030,0.486,0.484
382500,0.030,0.356,0.614
383000,0.030,0.468,0.502
383500,0.034,0.370,0.596
384000,0.030,0.269,0.701
384500,0.030,0.307,0.663
385000,0.030,0.404,0.566
385500,0.030,0.559,0.411
386000,0.030,0.506,0.464
386500,0.030,0.361,0.609
387000,0.030,0.301,0.669
387500,0.030,0.348,0.622
388000,0.030,0.293,0.677
388500,0.030,0.571,0.399
389000,0.030,0.522,0.448
389500,0.030,0.501,0.469
390000,0.030,0.464,0.506
390500,0.030,0.311,0.659
391000,0.030,0.374,0.596
391500,0.030,0.517,0.453
392000,0.030,0.417,0.553
392500,0.030,0.392,0.578
393000,0.030,0.560,0.410
393500,0.030,0.487,0.483
394000,0.030,0.509,0.461
394500,0.030,0.494,0.476
395000,0.030,0.413,0.557
395500,0.030,0.501,0.469
396000,0.030,0.423,0.547
396500,0.030,0.339,0.631
397000,0.030,0.420,0.550
397500,0.030,0.391,0.579
398000,0.030,0.517,0.453
398500,0.030,0.460,0.510
399000,0.030,0.425,0.545
399500,0.030,0.426,0.544
400000,0.030,0.472,0.498
400500,0.030,0.518,0.452
401000,0.030,0.553,0.417
401500,0.030,0.419,0.551
402000,0.030,0.334,0.636
402500,0.030,0.449,0.521
403000,0.030,0.470,0.500
403500,0.030,0.352,0.618
404000,0.030,0.362,0.608
404500,0.030,0.493,0.477
405000,0.030,0.479,0.491
405500,0.030,0.432,0.538
406000,0.030,0.406,0.564
406500,0.030,0.423,0.547
407000,0.030,0.345,0.625
407500,0.030,0.494,0.476
408000,0.030,0.340,0.630
408500,0.030,0.289,0.681
409000,0.030,0.455,0.515
409500,0.030,0.592,0.378
410000,0.030,0.489,0.481
410500,0.030,0.455,0.515
411000,0.030,0.411,0.559
411500,0.030,0.410,0.560
412000,0.030,0.327,0.643
412500,0.030,0.510,0.460
413000,0.030,0.489,0.481
413500,0.030,0.490,0.480
414000,0.030,0.455,0.515
414500,0.030,0.475,0.495
415000,0.030,0.403,0.567
415500,0.030,0.387,0.583
416000,0.030,0.475,0.495
416500,0.030,0.513,0.457
417000,0.030,0.434,0.536
417500,0.030,0.540,0.430
418000,0.030,0.486,0.484
418500,0.030,0.452,0.518
419000,0.030,0.477,0.493
419500,0.030,0.433,0.537
420000,0.030,0.454,0.516
420500,0.030,0.383,0.587
421000,0.030,0.268,0.702
421500,0.030,0.419,0.551
422000,0.030,0.576,0.394
422500,0.030,0.395,0.575
423000,0.030,0.477,0.493
423500,0.030,0.413,0.557
424000,0.030,0.413,0.557
424500,0.030,0.329,0.641
425000,0.030,0.509,0.461
425500,0.030,0.356,0.614
426000,0.030,0.540,0.430
426500,0.030,0.483,0.487
427000,0.030,0.472,0.498
427500,0.030,0.541,0.429
428000,0.030,0.575,0.395
428500,0.030,0.475,0.495
429000,0.030,0.359,0.611
429500,0.030,0.453,0.517
430000,0.030,0.467,0.503
430500,0.030,0.513,0.457
431000,0.030,0.450,0.520
431500,0.030,0.453,0.517
432000,0.030,0.522,0.448
432500,0.030,0.517,0.453
433000,0.030,0.452,0.518
433500,0.030,0.348,0.622
434000,0.030,0.351,0.619
434500,0.030,0.536,0.434
435000,0.030,0.460,0.510
435500,0.030,0.383,0.587
436000,0.030,0.614,0.356
436500,0.030,0.486,0.484
437000,0.030,0.544,0.426
437500,0.030,0.528,0.442
438000,0.030,0.555,0.415
438500,0.030,0.525,0.445
439000,0.030,0.530,0.440
439500,0.030,0.450,0.520
440000,0.030,0.468,0.502
440500,0.030,0.450,0.520
441000,0.030,0.388,0.582
441500,0.030,0.413,0.557
442000,0.030,0.629,0.341
442500,0.030,0.417,0.553
443000,0.030,0.314,0.656
443500,0.030,0.414,0.556
444000,0.030,0.369,0.601
444500,0.030,0.491,0.479
445000,0.030,0.568,0.402
445500,0.030,0.373,0.597
446000,0.030,0.439,0.531
446500,0.030,0.465,0.505
447000,0.030,0.417,0.553
447500,0.030,0.470,0.500
448000,0.030,0.571,0.399
448500,0.030,0.415,0.555
449000,0.030,0.486,0.484
449500,0.030,0.546,0.424
450000,0.030,0.415,0.555
450500,0.030,0.421,0.549
451000,0.030,0.501,0.469
451500,0.030,0.463,0.507
452000,0.030,0.482,0.488
452500,0.030,0.504,0.466
453000,0.030,0.460,0.510
453500,0.030,0.455,0.515
454000,0.030,0.513,0.457
454500,0.030,0.519,0.451
455000,0.030,0.373,0.597
455500,0.030,0.459,0.511
456000,0.030,0.452,0.518
456500,0.030,0.434,0.536
457000,0.030,0.424,0.546
457500,0.030,0.430,0.540
458000,0.030,0.384,0.586
458500,0.030,0.397,0.573
459000,0.030,0.536,0.434
459500,0.030,0.610,0.360
460000,0.030,0.651,0.319
460500,0.030,0.609,0.361
461000,0.030,0.581,0.389
461500,0.030,0.537,0.433
462000,0.030,0.440,0.530
462500,0.030,0.490,0.480
463000,0.030,0.342,0.628
463500,0.030,0.541,0.429
464000,0.030,0.526,0.444
464500,0.030,0.369,0.601
465000,0.030,0.537,0.433
465500,0.030,0.356,0.614
466000,0.030,0.388,0.582
466500,0.030,0.416,0.554
467000,0.030,0.588,0.382
467500,0.030,0.560,0.410
468000,0.030,0.408,0.562
468500,0.030,0.540,0.430
469000,0.030,0.326,0.644
469500,0.030,0.478,0.492
470000,0.030,0.391,0.579
470500,0.030,0.377,0.593
471000,0.030,0.527,0.443
471500,0.030,0.384,0.586
472000,0.030,0.434,0.536
472500,0.030,0.556,0.414
473000,0.030,0.399,0.571
473500,0.030,0.395,0.575
474000,0.030,0.515,0.455
474500,0.030,0.446,0.524
475000,0.030,0.404,0.566
475500,0.030,0.451,0.519
476000,0.030,0.507,0.463
476500,0.030,0.526,0.444
477000,0.030,0.522,0.448
477500,0.030,0.449,0.521
478000,0.030,0.274,0.696
478500,0.030,0.487,0.483
479000,0.030,0.419,0.551
479500,0.030,0.442,0.528
480000,0.030,0.670,0.300
480500,0.030,0.583,0.387
481000,0.030,0.360,0.610
481500,0.030,0.458,0.512
482000,0.030,0.458,0.512
482500,0.030,0.440,0.530
483000,0.030,0.434,0.536
483500,0.030,0.486,0.484
484000,0.030,0.394,0.576
484500,0.030,0.438,0.532
485000,0.030,0.436,0.534
485500,0.030,0.442,0.528
486000,0.030,0.471,0.499
486500,0.030,0.485,0.485
487000,0.030,0.524,0.446
487500,0.030,0.580,0.390
488000,0.030,0.432,0.538
488500,0.030,0.433,0.537
489000,0.030,0.413,0.557
489500,0.030,0.424,0.546
490000,0.030,0.532,0.438
490500,0.030,0.492,0.478
491000,0.030,0.385,0.585
491500,0.030,0.476,0.494
492000,0.030,0.398,0.572
492500,0.030,0.545,0.425
493000,0.030,0.530,0.440
493500,0.030,0.534,0.436
494000,0.030,0.525,0.445
494500,0.030,0.418,0.552
495000,0.030,0.437,0.533
495500,0.030,0.517,0.453
496000,0.030,0.465,0.505
496500,0.030,0.508,0.462
497000,0.030,0.390,0.580
497500,0.030,0.384,0.586
498000,0.032,0.394,0.574
498500,0.030,0.322,0.648
499000,0.030,0.228,0.742
499500,0.030,0.375,0.595
500000,0.030,0.369,0.601
500500,0.030,0.441,0.529
501000,0.030,0.467,0.503
501500,0.030,0.390,0.580
502000,0.030,0.425,0.545
502500,0.030,0.490,0.480
503000,0.030,0.504,0.466
503500,0.030,0.540,0.430
504000,0.030,0.324,0.646
504500,0.030,0.369,0.601
505000,0.030,0.443,0.527
505500,0.030,0.474,0.496
506000,0.030,0.459,0.511
506500,0.030,0.465,0.505
507000,0.030,0.357,0.613
507500,0.030,0.522,0.448
508000,0.030,0.504,0.466
508500,0.030,0.466,0.504
509000,0.030,0.404,0.566
509500,0.030,0.414,0.556
510000,0.030,0.479,0.491
510500,0.030,0.388,0.582
511000,0.030,0.476,0.494
511500,0.030,0.543,0.427
512000,0.030,0.453,0.517
512500,0.030,0.425,0.545
513000,0.030,0.394,0.576
513500,0.030,0.530,0.440
514000,0.030,0.539,0.431
514500,0.030,0.471,0.499
515000,0.030,0.384,0.586
515500,0.030,0.485,0.485
516000,0.030,0.477,0.493
516500,0.030,0.423,0.547
517000,0.030,0.532,0.438
517500,0.030,0.328,0.642
518000,0.030,0.340,0.630
518500,0.030,0.375,0.595
519000,0.030,0.479,0.491
519500,0.030,0.414,0.556
520000,0.030,0.538,0.432
520500,0.030,0.477,0.493
521000,0.030,0.506,0.464
521500,0.030,0.383,0.587
522000,0.030,0.650,0.320
522500,0.030,0.372,0.598
523000,0.030,0.355,0.615
523500,0.030,0.466,0.504
524000,0.030,0.462,0.508
524500,0.030,0.417,0.553
525000,0.030,0.367,0.603
525500,0.030,0.201,0.769
526000,0.030,0.452,0.518
526500,0.035,0.370,0.595
527000,0.030,0.460,0.510
527500,0.030,0.520,0.450
528000,0.030,0.356,0.614
528500,0.030,0.491,0.479
529000,0.030,0.396,0.574
529500,0.030,0.425,0.545
530000,0.030,0.437,0.533
530500,0.030,0.340,0.630
531000,0.030,0.378,0.592
531500,0.030,0.422,0.548
532000,0.030,0.450,0.520
532500,0.030,0.396,0.574
533000,0.030,0.473,0.497
533500,0.030,0.626,0.344
534000,0.030,0.586,0.384
534500,0.030,0.593,0.377
535000,0.030,0.489,0.481
535500,0.030,0.517,0.453
536000,0.030,0.483,0.487
536500,0.030,0.352,0.618
537000,0.030,0.455,0.515
537500,0.030,0.282,0.688
538000,0.030,0.376,0.594
538500,0.030,0.353,0.617
539000,0.030,0.387,0.583
539500,0.030,0.288,0.682
540000,0.030,0.615,0.355
540500,0.030,0.468,0.502
541000,0.030,0.373,0.597
541500,0.030,0.372,0.598
542000,0.030,0.386,0.584
542500,0.030,0.520,0.450
543000,0.030,0.309,0.661
543500,0.030,0.402,0.568
544000,0.030,0.380,0.590
544500,0.030,0.324,0.646
545000,0.045,0.261,0.694
545500,0.030,0.339,0.631
546000,0.030,0.466,0.504
546500,0.030,0.367,0.603
547000,0.030,0.444,0.526
547500,0.030,0.528,0.442
548000,0.030,0.470,0.500
548500,0.030,0.409,0.561
549000,0.030,0.409,0.561
549500,0.030,0.478,0.492
550000,0.030,0.594,0.376
550500,0.030,0.413,0.557
551000,0.030,0.447,0.523
551500,0.030,0.384,0.586
552000,0.030,0.419,0.551
552500,0.030,0.492,0.478
553000,0.030,0.361,0.609
553500,0.030,0.562,0.408
554000,0.030,0.488,0.482
554500,0.047,0.164,0.789
555000,0.031,0.373,0.596
555500,0.030,0.378,0.592
556000,0.030,0.355,0.615
556500,0.030,0.516,0.454
557000,0.030,0.505,0.465
557500,0.030,0.521,0.449
558000,0.030,0.456,0.514
558500,0.030,0.539,0.431
559000,0.030,0.514,0.456
559500,0.030,0.577,0.393
560000,0.030,0.411,0.559
560500,0.030,0.444,0.526
561000,0.030,0.492,0.478
561500,0.030,0.469,0.501
562000,0.030,0.546,0.424
562500,0.030,0.494,0.476
563000,0.030,0.457,0.513
563500,0.030,0.528,0.442
564000,0.030,0.477,0.493
564500,0.030,0.442,0.528
565000,0.030,0.391,0.579
565500,0.030,0.468,0.502
566000,0.030,0.443,0.527
566500,0.030,0.440,0.530
567000,0.030,0.410,0.560
567500,0.030,0.516,0.454
568000,0.030,0.446,0.524
568500,0.030,0.494,0.476
569000,0.030,0.494,0.476
569500,0.030,0.329,0.641
570000,0.030,0.395,0.575
570500,0.030,0.548,0.422
571000,0.030,0.444,0.526
571500,0.030,0.470,0.500
572000,0.030,0.465,0.505
572500,0.030,0.468,0.502
573000,0.030,0.570,0.400
573500,0.030,0.442,0.528
574000,0.030,0.435,0.535
574500,0.030,0.399,0.571
575000,0.030,0.393,0.577
575500,0.030,0.494,0.476
576000,0.030,0.422,0.548
576500,0.030,0.427,0.543
577000,0.030,0.511,0.459
577500,0.030,0.296,0.674
578000,0.030,0.510,0.460
578500,0.030,0.514,0.456
579000,0.030,0.552,0.418
579500,0.030,0.595,0.375
580000,0.030,0.433,0.537
580500,0.030,0.428,0.542
581000,0.030,0.441,0.529
581500,0.032,0.302,0.666
582000,0.030,0.423,0.547
582500,0.030,0.520,0.450
583000,0.030,0.526,0.444
583500,0.030,0.479,0.491
584000,0.030,0.526,0.444
584500,0.030,0.464,0.506
585000,0.030,0.459,0.511
585500,0.030,0.491,0.479
586000,0.030,0.413,0.557
586500,0.030,0.430,0.540
587000,0.030,0.431,0.539
587500,0.030,0.570,0.400
588000,0.030,0.440,0.530
588500,0.030,0.299,0.671
589000,0.046,0.285,0.669
589500,0.030,0.492,0.478
590000,0.030,0.341,0.629
590500,0.030,0.453,0.517
591000,0.030,0.574,0.396
591500,0.030,0.574,0.396
592000,0.030,0.512,0.458
592500,0.030,0.455,0.515
593000,0.030,0.282,0.688
593500,0.030,0.498,0.472
594000,0.030,0.516,0.454
594500,0.030,0.591,0.379
595000,0.030,0.526,0.444
595500,0.030,0.509,0.461
596000,0.030,0.575,0.395
596500,0.030,0.477,0.493
597000,0.030,0.479,0.491
597500,0.030,0.516,0.454
598000,0.030,0.453,0.517
598500,0.030,0.487,0.483
599000,0.030,0.454,0.516
599500,0.030,0.576,0.394
600000,0.030,0.439,0.531
600500,0.030,0.583,0.387
601000,0.030,0.459,0.511
601500,0.030,0.392,0.578
602000,0.030,0.168,0.802
602500,0.030,0.429,0.541
603000,0.030,0.469,0.501
603500,0.030,0.594,0.376
604000,0.030,0.429,0.541
604500,0.030,0.470,0.500
605000,0.030,0.385,0.585
605500,0.030,0.305,0.665
606000,0.030,0.460,0.510
606500,0.030,0.428,0.542
607000,0.030,0.399,0.571
607500,0.030,0.408,0.562
608000,0.030,0.491,0.479
608500,0.030,0.463,0.507
609000,0.030,0.436,0.534
609500,0.030,0.356,0.614
610000,0.030,0.481,0.489
610500,0.030,0.372,0.598
611000,0.030,0.528,0.442
611500,0.030,0.334,0.636
612000,0.030,0.368,0.602
612500,0.030,0.440,0.530
613000,0.030,0.326,0.644
613500,0.030,0.514,0.456
614000,0.030,0.447,0.523
614500,0.030,0.478,0.492
615000,0.030,0.491,0.479
615500,0.030,0.443,0.527
616000,0.030,0.475,0.495
616500,0.030,0.404,0.566
617000,0.030,0.445,0.525
617500,0.030,0.540,0.430
618000,0.030,0.490,0.480
618500,0.030,0.486,0.484
619000,0.030,0.502,0.468
619500,0.030,0.492,0.478
620000,0.030,0.359,0.611
620500,0.030,0.401,0.569
621000,0.030,0.401,0.569
621500,0.030,0.462,0.508
622000,0.030,0.491,0.479
622500,0.030,0.464,0.506
623000,0.030,0.432,0.538
623500,0.030,0.417,0.553
624000,0.030,0.427,0.543
624500,0.030,0.439,0.531
625000,0.030,0.566,0.404
625500,0.030,0.451,0.519
626000,0.030,0.389,0.581
626500,0.030,0.415,0.555
627000,0.030,0.358,0.612
627500,0.030,0.491,0.479
628000,0.030,0.479,0.491
628500,0.030,0.445,0.525
629000,0.030,0.449,0.521
629500,0.030,0.474,0.496
630000,0.030,0.489,0.481
630500,0.030,0.507,0.463
631000,0.030,0.631,0.339
631500,0.030,0.465,0.505
632000,0.030,0.400,0.570
632500,0.030,0.432,0.538
633000,0.030,0.443,0.527
633500,0.030,0.360,0.610
634000,0.030,0.465,0.505
634500,0.030,0.434,0.536
635000,0.030,0.614,0.356
635500,0.030,0.513,0.457
636000,0.030,0.514,0.456
636500,0.030,0.462,0.508
637000,0.030,0.464,0.506
637500,0.030,0.458,0.512
638000,0.030,0.442,0.528
638500,0.030,0.320,0.650
639000,0.030,0.406,0.564
639500,0.030,0.397,0.573
640000,0.030,0.424,0.546
640500,0.030,0.497,0.473
641000,0.030,0.516,0.454
641500,0.030,0.474,0.496
642000,0.030,0.312,0.658
642500,0.030,0.500,0.470
643000,0.030,0.398,0.572
643500,0.030,0.397,0.573
644000,0.030,0.521,0.449
644500,0.030,0.372,0.598
645000,0.030,0.462,0.508
645500,0.030,0.525,0.445
646000,0.030,0.476,0.494
646500,0.030,0.493,0.477
647000,0.030,0.416,0.554
647500,0.030,0.368,0.602
648000,0.030,0.580,0.390
648500,0.030,0.512,0.458
649000,0.030,0.471,0.499
649500,0.030,0.483,0.487
650000,0.030,0.389,0.581
650500,0.030,0.412,0.558
651000,0.030,0.510,0.460
651500,0.030,0.421,0.549
652000,0.031,0.484,0.485
652500,0.030,0.468,0.502
653000,0.030,0.499,0.471
653500,0.030,0.592,0.378
654000,0.030,0.408,0.562
654500,0.030,0.378,0.592
655000,0.030,0.447,0.523
655500,0.030,0.388,0.582
656000,0.030,0.580,0.390
656500,0.030,0.444,0.526
657000,0.030,0.615,0.355
657500,0.030,0.335,0.635
658000,0.030,0.582,0.388
658500,0.030,0.444,0.526
659000,0.030,0.452,0.518
659500,0.030,0.463,0.507
660000,0.030,0.455,0.515
660500,0.030,0.393,0.577
661000,0.034,0.354,0.612
661500,0.030,0.391,0.579
662000,0.030,0.474,0.496
662500,0.030,0.413,0.557
663000,0.030,0.459,0.511
663500,0.030,0.462,0.508
664000,0.030,0.504,0.466
664500,0.030,0.567,0.403
665000,0.030,0.495,0.475
665500,0.030,0.523,0.447
666000,0.030,0.510,0.460
666500,0.030,0.561,0.409
667000,0.030,0.401,0.569
667500,0.030,0.405,0.565
668000,0.030,0.566,0.404
668500,0.030,0.397,0.573
669000,0.030,0.384,0.586
669500,0.030,0.412,0.558
670000,0.049,0.194,0.757
670500,0.030,0.465,0.505
671000,0.030,0.388,0.582
671500,0.030,0.511,0.459
672000,0.030,0.492,0.478
672500,0.030,0.410,0.560
673000,0.030,0.359,0.611
673500,0.030,0.570,0.400
674000,0.030,0.501,0.469
674500,0.030,0.274,0.696
675000,0.030,0.469,0.501
675500,0.030,0.626,0.344
676000,0.030,0.412,0.558
676500,0.030,0.511,0.459
677000,0.030,0.459,0.511
677500,0.030,0.470,0.500
678000,0.030,0.484,0.486
678500,0.030,0.377,0.593
679000,0.030,0.486,0.484
679500,0.030,0.538,0.432
680000,0.030,0.455,0.515
680500,0.030,0.510,0.460
681000,0.030,0.404,0.566
681500,0.030,0.567,0.403
682000,0.030,0.501,0.469
682500,0.030,0.436,0.534
683000,0.030,0.470,0.500
683500,0.030,0.516,0.454
684000,0.030,0.499,0.471
684500,0.030,0.458,0.512
685000,0.030,0.428,0.542
685500,0.030,0.451,0.519
686000,0.030,0.470,0.500
686500,0.030,0.401,0.569
687000,0.030,0.435,0.535
687500,0.030,0.445,0.525
688000,0.030,0.446,0.524
688500,0.030,0.561,0.409
689000,0.030,0.439,0.531
689500,0.030,0.466,0.504
690000,0.030,0.321,0.649
690500,0.030,0.475,0.495
691000,0.030,0.502,0.468
691500,0.030,0.413,0.557
692000,0.030,0.517,0.453
692500,0.030,0.626,0.344
693000,0.030,0.398,0.572
693500,0.030,0.589,0.381
694000,0.030,0.527,0.443
694500,0.030,0.373,0.597
695000,0.030,0.377,0.593
695500,0.030,0.418,0.552
696000,0.030,0.461,0.509
696500,0.030,0.396,0.574
697000,0.030,0.499,0.471
697500,0.030,0.351,0.619
698000,0.030,0.520,0.450
698500,0.030,0.334,0.636
699000,0.030,0.216,0.754
699500,0.030,0.422,0.548
700000,0.030,0.458,0.512
700500,0.030,0.389,0.581
701000,0.030,0.423,0.547
701500,0.030,0.411,0.559
702000,0.030,0.439,0.531
702500,0.030,0.512,0.458
703000,0.030,0.398,0.572
703500,0.030,0.373,0.597
704000,0.030,0.627,0.343
704500,0.030,0.603,0.367
705000,0.030,0.568,0.402
705500,0.030,0.553,0.417
706000,0.030,0.503,0.467
706500,0.030,0.548,0.422
707000,0.030,0.458,0.512
707500,0.030,0.350,0.620
708000,0.030,0.421,0.549
708500,0.030,0.420,0.550
709000,0.030,0.512,0.458
709500,0.030,0.509,0.461
710000,0.030,0.337,0.633
710500,0.030,0.463,0.507
711000,0.030,0.450,0.520
711500,0.030,0.405,0.565
712000,0.030,0.436,0.534
712500,0.030,0.369,0.601
713000,0.030,0.343,0.627
713500,0.030,0.519,0.451
714000,0.030,0.453,0.517
714500,0.030,0.408,0.562
715000,0.030,0.450,0.520
715500,0.030,0.594,0.376
716000,0.030,0.407,0.563
716500,0.030,0.474,0.496
717000,0.030,0.449,0.521
717500,0.030,0.511,0.459
718000,0.030,0.479,0.491
718500,0.030,0.445,0.525
719000,0.030,0.380,0.590
719500,0.030,0.429,0.541
720000,0.030,0.463,0.507
720500,0.030,0.380,0.590
721000,0.030,0.494,0.476
721500,0.030,0.369,0.601
722000,0.030,0.363,0.607
722500,0.030,0.426,0.544
723000,0.030,0.583,0.387
723500,0.030,0.486,0.484
724000,0.030,0.377,0.593
724500,0.030,0.419,0.551
725000,0.030,0.406,0.564
725500,0.030,0.378,0.592
726000,0.030,0.405,0.565
726500,0.031,0.471,0.498
727000,0.030,0.412,0.558
727500,0.030,0.372,0.598
728000,0.030,0.395,0.575
728500,0.030,0.444,0.526
729000,0.030,0.360,0.610
729500,0.030,0.376,0.594
730000,0.030,0.468,0.502
730500,0.030,0.417,0.553
731000,0.030,0.446,0.524
731500,0.030,0.478,0.492
732000,0.030,0.468,0.502
732500,0.030,0.571,0.399
733000,0.030,0.430,0.540
733500,0.030,0.332,0.638
734000,0.030,0.407,0.563
734500,0.030,0.440,0.530
735000,0.030,0.406,0.564
735500,0.030,0.514,0.456
736000,0.030,0.443,0.527
736500,0.030,0.561,0.409
737000,0.030,0.405,0.565
737500,0.030,0.451,0.519
738000,0.030,0.464,0.506
738500,0.030,0.551,0.419
739000,0.030,0.391,0.579
739500,0.030,0.571,0.399
740000,0.030,0.411,0.559
740500,0.030,0.435,0.535
741000,0.030,0.491,0.479
741500,0.030,0.455,0.515
742000,0.030,0.501,0.469
742500,0.030,0.520,0.450
743000,0.030,0.432,0.538
743500,0.030,0.398,0.572
744000,0.030,0.475,0.495
744500,0.030,0.403,0.567
745000,0.030,0.513,0.457
745500,0.030,0.369,0.601
746000,0.030,0.389,0.581
746500,0.030,0.405,0.565
747000,0.030,0.361,0.609
747500,0.030,0.669,0.301
748000,0.030,0.394,0.576
748500,0.030,0.447,0.523
749000,0.030,0.373,0.597
749500,0.030,0.377,0.593
750000,0.030,0.441,0.529
750500,0.030,0.446,0.524
751000,0.030,0.406,0.564
751500,0.030,0.307,0.663
752000,0.030,0.527,0.443
752500,0.030,0.476,0.494
753000,0.030,0.465,0.505
753500,0.030,0.549,0.421
754000,0.030,0.416,0.554
754500,0.030,0.495,0.475
755000,0.030,0.618,0.352
755500,0.030,0.435,0.535
756000,0.030,0.508,0.462
756500,0.030,0.418,0.552
757000,0.030,0.379,0.591
757500,0.030,0.488,0.482
758000,0.030,0.483,0.487
758500,0.030,0.525,0.445
759000,0.030,0.410,0.560
759500,0.030,0.451,0.519
760000,0.030,0.549,0.421
760500,0.030,0.563,0.407
761000,0.030,0.564,0.406
761500,0.030,0.494,0.476
762000,0.030,0.384,0.586
762500,0.030,0.426,0.544
763000,0.030,0.418,0.552
763500,0.030,0.471,0.499
764000,0.030,0.399,0.571
764500,0.030,0.414,0.556
765000,0.033,0.252,0.715
765500,0.030,0.411,0.559
766000,0.030,0.471,0.499
766500,0.030,0.489,0.481
767000,0.030,0.334,0.636
767500,0.030,0.449,0.521
768000,0.030,0.646,0.324
768500,0.030,0.469,0.501
769000,0.030,0.529,0.441
769500,0.030,0.427,0.543
770000,0.030,0.355,0.615
770500,0.030,0.441,0.529
771000,0.030,0.546,0.424
771500,0.030,0.401,0.569
772000,0.030,0.347,0.623
772500,0.030,0.446,0.524
773000,0.033,0.312,0.655
773500,0.030,0.353,0.617
774000,0.030,0.358,0.612
774500,0.030,0.449,0.521
775000,0.030,0.347,0.623
775500,0.030,0.440,0.530
776000,0.030,0.342,0.628
776500,0.030,0.487,0.483
777000,0.030,0.320,0.650
777500,0.030,0.469,0.501
778000,0.030,0.404,0.566
778500,0.030,0.362,0.608
779000,0.030,0.409,0.561
779500,0.030,0.392,0.578
780000,0.030,0.447,0.523
780500,0.030,0.501,0.469
781000,0.030,0.540,0.430
781500,0.030,0.408,0.562
782000,0.030,0.463,0.507
782500,0.030,0.367,0.603
783000,0.030,0.415,0.555
783500,0.030,0.619,0.351
784000,0.030,0.341,0.629
784500,0.030,0.432,0.538
785000,0.030,0.413,0.557
785500,0.030,0.377,0.593
786000,0.030,0.504,0.466
786500,0.030,0.424,0.546
787000,0.030,0.471,0.499
787500,0.030,0.383,0.587
788000,0.030,0.471,0.499
788500,0.030,0.496,0.474
789000,0.030,0.427,0.543
789500,0.030,0.433,0.537
790000,0.030,0.341,0.629
790500,0.030,0.415,0.555
791000,0.030,0.357,0.613
791500,0.030,0.510,0.460
792000,0.030,0.426,0.544
792500,0.030,0.495,0.475
793000,0.030,0.436,0.534
793500,0.030,0.486,0.484
794000,0.030,0.423,0.547
794500,0.030,0.414,0.556
795000,0.030,0.411,0.559
795500,0.030,0.320,0.650
796000,0.030,0.421,0.549
796500,0.030,0.413,0.557
797000,0.030,0.449,0.521
797500,0.030,0.488,0.482
798000,0.030,0.586,0.384
798500,0.030,0.545,0.425
799000,0.030,0.432,0.538
799500,0.030,0.434,0.536
800000,0.030,0.517,0.453
800500,0.030,0.590,0.380
801000,0.030,0.413,0.557
801500,0.030,0.346,0.624
802000,0.030,0.384,0.586
802500,0.030,0.442,0.528
803000,0.030,0.464,0.506
803500,0.030,0.412,0.558
804000,0.030,0.519,0.451
804500,0.030,0.477,0.493
805000,0.030,0.366,0.604
805500,0.030,0.440,0.530
806000,0.030,0.454,0.516
806500,0.030,0.530,0.440
807000,0.030,0.481,0.489
807500,0.030,0.515,0.455
808000,0.030,0.492,0.478
808500,0.030,0.492,0.478
809000,0.030,0.342,0.628
809500,0.030,0.314,0.656
810000,0.030,0.607,0.363
810500,0.030,0.428,0.542
811000,0.030,0.374,0.596
811500,0.030,0.418,0.552
812000,0.030,0.379,0.591
812500,0.030,0.461,0.509
813000,0.030,0.548,0.422
813500,0.030,0.538,0.432
814000,0.030,0.451,0.519
814500,0.030,0.592,0.378
815000,0.030,0.488,0.482
815500,0.030,0.456,0.514
816000,0.030,0.479,0.491
816500,0.030,0.432,0.538
817000,0.030,0.407,0.563
817500,0.030,0.477,0.493
818000,0.030,0.492,0.478
818500,0.030,0.482,0.488
819000,0.030,0.487,0.483
819500,0.030,0.485,0.485
820000,0.030,0.437,0.533
820500,0.030,0.419,0.551
821000,0.030,0.414,0.556
821500,0.030,0.431,0.539
822000,0.030,0.603,0.367
822500,0.030,0.563,0.407
823000,0.030,0.457,0.513
823500,0.030,0.321,0.649
824000,0.030,0.385,0.585
824500,0.030,0.373,0.597
825000,0.030,0.381,0.589
825500,0.030,0.370,0.600
826000,0.030,0.405,0.565
826500,0.030,0.518,0.452
827000,0.030,0.531,0.439
827500,0.030,0.548,0.422
828000,0.030,0.343,0.627
828500,0.030,0.428,0.542
829000,0.030,0.423,0.547
829500,0.030,0.360,0.610
830000,0.030,0.440,0.530
830500,0.030,0.493,0.477
831000,0.030,0.588,0.382
831500,0.030,0.487,0.483
832000,0.030,0.403,0.567
832500,0.030,0.434,0.536
833000,0.030,0.411,0.559
833500,0.030,0.585,0.385
834000,0.030,0.519,0.451
834500,0.030,0.380,0.590
835000,0.030,0.453,0.517
835500,0.030,0.399,0.571
836000,0.030,0.383,0.587
836500,0.030,0.488,0.482
837000,0.030,0.387,0.583
837500,0.030,0.420,0.550
838000,0.030,0.316,0.654
838500,0.030,0.307,0.663
839000,0.030,0.371,0.599
839500,0.030,0.311,0.659
840000,0.030,0.504,0.466
840500,0.030,0.434,0.536
841000,0.030,0.494,0.476
841500,0.030,0.447,0.523
842000,0.030,0.339,0.631
842500,0.030,0.388,0.582
843000,0.030,0.358,0.612
843500,0.030,0.382,0.588
844000,0.030,0.439,0.531
844500,0.030,0.365,0.605
845000,0.030,0.453,0.517
845500,0.030,0.364,0.606
846000,0.030,0.480,0.490
846500,0.032,0.371,0.597
847000,0.030,0.535,0.435
847500,0.030,0.518,0.452
848000,0.030,0.494,0.476
848500,0.030,0.535,0.435
849000,0.030,0.457,0.513
849500,0.030,0.564,0.406
850000,0.030,0.331,0.639
850500,0.030,0.511,0.459
851000,0.030,0.627,0.343
851500,0.030,0.431,0.539
852000,0.030,0.407,0.563
852500,0.030,0.415,0.555
853000,0.030,0.394,0.576
853500,0.030,0.597,0.373
854000,0.030,0.588,0.382
854500,0.030,0.544,0.426
855000,0.030,0.369,0.601
855500,0.030,0.332,0.638
856000,0.030,0.384,0.586
856500,0.030,0.434,0.536
857000,0.030,0.409,0.561
857500,0.030,0.388,0.582
858000,0.030,0.578,0.392
858500,0.030,0.502,0.468
859000,0.030,0.410,0.560
859500,0.030,0.384,0.586
860000,0.030,0.357,0.613
860500,0.030,0.534,0.436
861000,0.030,0.403,0.567
861500,0.030,0.517,0.453
862000,0.030,0.510,0.460
862500,0.030,0.442,0.528
863000,0.030,0.389,0.581
863500,0.030,0.379,0.591
864000,0.030,0.553,0.417
864500,0.030,0.433,0.537
865000,0.030,0.371,0.599
865500,0.030,0.472,0.498
866000,0.030,0.501,0.469
866500,0.030,0.569,0.401
867000,0.030,0.359,0.611
867500,0.030,0.390,0.580
868000,0.030,0.455,0.515
868500,0.030,0.466,0.504
869000,0.030,0.448,0.522
869500,0.030,0.392,0.578
870000,0.030,0.557,0.413
870500,0.030,0.521,0.449
871000,0.030,0.367,0.603
871500,0.030,0.464,0.506
872000,0.030,0.287,0.683
872500,0.030,0.435,0.535
873000,0.030,0.318,0.652
873500,0.030,0.377,0.593
874000,0.030,0.516,0.454
874500,0.030,0.469,0.501
875000,0.030,0.463,0.507
875500,0.030,0.427,0.543
876000,0.030,0.471,0.499
876500,0.030,0.356,0.614
877000,0.030,0.577,0.393
877500,0.030,0.588,0.382
878000,0.030,0.496,0.474
878500,0.030,0.473,0.497
879000,0.030,0.453,0.517
879500,0.030,0.382,0.588
880000,0.030,0.394,0.576
880500,0.030,0.567,0.403
881000,0.030,0.604,0.366
881500,0.030,0.500,0.470
882000,0.030,0.619,0.351
882500,0.030,0.602,0.368
883000,0.030,0.439,0.531
883500,0.030,0.372,0.598
884000,0.030,0.435,0.535
884500,0.030,0.465,0.505
885000,0.030,0.463,0.507
885500,0.030,0.332,0.638
886000,0.030,0.417,0.553
886500,0.030,0.450,0.520
887000,0.030,0.327,0.643
887500,0.030,0.312,0.658
888000,0.030,0.416,0.554
888500,0.030,0.292,0.678
889000,0.030,0.392,0.578
889500,0.030,0.466,0.504
890000,0.030,0.446,0.524
890500,0.030,0.419,0.551
891000,0.030,0.401,0.569
891500,0.030,0.466,0.504
892000,0.030,0.447,0.523
892500,0.030,0.344,0.626
893000,0.030,0.478,0.492
893500,0.030,0.394,0.576
894000,0.030,0.563,0.407
894500,0.030,0.453,0.517
895000,0.030,0.424,0.546
895500,0.030,0.419,0.551
896000,0.030,0.475,0.495
896500,0.030,0.493,0.477
897000,0.030,0.475,0.495
897500,0.030,0.592,0.378
898000,0.030,0.529,0.441
898500,0.030,0.429,0.541
899000,0.030,0.422,0.548
899500,0.030,0.475,0.495
900000,0.030,0.461,0.509
900500,0.030,0.474,0.496
901000,0.030,0.455,0.515
901500,0.030,0.616,0.354
902000,0.030,0.494,0.476
902500,0.030,0.459,0.511
903000,0.030,0.586,0.384
903500,0.030,0.476,0.494
904000,0.030,0.480,0.490
904500,0.030,0.374,0.596
905000,0.030,0.440,0.530
905500,0.030,0.479,0.491
906000,0.030,0.488,0.482
906500,0.030,0.495,0.475
907000,0.030,0.453,0.517
907500,0.030,0.432,0.538
908000,0.030,0.358,0.612
908500,0.030,0.481,0.489
909000,0.030,0.507,0.463
909500,0.030,0.328,0.642
910000,0.030,0.535,0.435
910500,0.030,0.436,0.534
911000,0.030,0.499,0.471
911500,0.030,0.413,0.557
912000,0.030,0.561,0.409
912500,0.030,0.468,0.502
913000,0.030,0.450,0.520
913500,0.030,0.382,0.588
914000,0.030,0.461,0.509
914500,0.030,0.446,0.524
915000,0.030,0.448,0.522
915500,0.030,0.364,0.606
916000,0.030,0.379,0.591
916500,0.030,0.553,0.417
917000,0.030,0.548,0.422
917500,0.030,0.363,0.607
918000,0.030,0.493,0.477
918500,0.030,0.408,0.562
919000,0.030,0.487,0.483
919500,0.030,0.525,0.445
920000,0.030,0.522,0.448
920500,0.030,0.380,0.590
921000,0.030,0.484,0.486
921500,0.030,0.405,0.565
922000,0.030,0.392,0.578
922500,0.030,0.466,0.504
923000,0.030,0.515,0.455
923500,0.030,0.472,0.498
924000,0.030,0.407,0.563
924500,0.030,0.509,0.461
925000,0.030,0.538,0.432
925500,0.030,0.398,0.572
926000,0.030,0.511,0.459
926500,0.030,0.478,0.492
927000,0.030,0.374,0.596
927500,0.030,0.445,0.525
928000,0.030,0.414,0.556
928500,0.030,0.521,0.449
929000,0.030,0.480,0.490
929500,0.030,0.359,0.611
930000,0.030,0.391,0.579
930500,0.030,0.364,0.606
931000,0.030,0.420,0.550
931500,0.030,0.373,0.597
932000,0.030,0.468,0.502
932500,0.030,0.376,0.594
933000,0.041,0.280,0.679
933500,0.030,0.482,0.488
934000,0.030,0.428,0.542
934500,0.030,0.419,0.551
935000,0.030,0.497,0.473
935500,0.030,0.388,0.582
936000,0.030,0.328,0.642
936500,0.030,0.296,0.674
937000,0.030,0.351,0.619
937500,0.030,0.446,0.524
938000,0.030,0.644,0.326
938500,0.030,0.503,0.467
939000,0.030,0.513,0.457
939500,0.030,0.438,0.532
940000,0.030,0.397,0.573
940500,0.030,0.441,0.529
941000,0.054,0.222,0.724
941500,0.030,0.328,0.642
942000,0.030,0.418,0.552
942500,0.030,0.366,0.604
943000,0.030,0.554,0.416
943500,0.030,0.451,0.519
944000,0.030,0.358,0.612
944500,0.030,0.439,0.531
945000,0.030,0.559,0.411
945500,0.030,0.631,0.339
946000,0.030,0.511,0.459
946500,0.030,0.398,0.572
947000,0.030,0.428,0.542
947500,0.030,0.513,0.457
948000,0.030,0.553,0.417
948500,0.030,0.527,0.443
949000,0.030,0.464,0.506
949500,0.030,0.485,0.485
950000,0.030,0.391,0.579
950500,0.030,0.440,0.530
951000,0.030,0.403,0.567
951500,0.030,0.532,0.438
952000,0.030,0.425,0.545
952500,0.030,0.412,0.558
953000,0.030,0.506,0.464
953500,0.030,0.425,0.545
954000,0.030,0.257,0.713
954500,0.030,0.358,0.612
955000,0.030,0.471,0.499
955500,0.030,0.378,0.592
956000,0.030,0.487,0.483
956500,0.030,0.329,0.641
957000,0.030,0.409,0.561
957500,0.030,0.461,0.509
958000,0.030,0.390,0.580
958500,0.030,0.416,0.554
959000,0.030,0.430,0.540
959500,0.030,0.378,0.592
960000,0.030,0.486,0.484
960500,0.030,0.400,0.570
961000,0.030,0.387,0.583
961500,0.030,0.530,0.440
962000,0.030,0.558,0.412
962500,0.030,0.515,0.455
963000,0.030,0.417,0.553
963500,0.030,0.431,0.539
964000,0.030,0.568,0.402
964500,0.030,0.369,0.601
965000,0.030,0.496,0.474
965500,0.030,0.515,0.455
966000,0.030,0.501,0.469
966500,0.030,0.565,0.405
967000,0.030,0.417,0.553
967500,0.030,0.508,0.462
968000,0.030,0.486,0.484
968500,0.030,0.537,0.433
969000,0.030,0.477,0.493
969500,0.030,0.468,0.502
970000,0.030,0.505,0.465
970500,0.030,0.437,0.533
971000,0.030,0.494,0.476
971500,0.030,0.526,0.444
972000,0.030,0.553,0.417
972500,0.030,0.348,0.622
973000,0.030,0.413,0.557
973500,0.030,0.421,0.549
974000,0.030,0.311,0.659
974500,0.030,0.469,0.501
975000,0.030,0.539,0.431
975500,0.030,0.485,0.485
976000,0.030,0.456,0.514
976500,0.030,0.479,0.491
977000,0.030,0.383,0.587
977500,0.030,0.315,0.655
978000,0.030,0.566,0.404
978500,0.030,0.379,0.591
979000,0.030,0.519,0.451
979500,0.030,0.485,0.485
980000,0.030,0.515,0.455
980500,0.030,0.521,0.449
981000,0.030,0.602,0.368
981500,0.030,0.508,0.462
982000,0.030,0.353,0.617
982500,0.030,0.477,0.493
983000,0.030,0.578,0.392
983500,0.030,0.553,0.417
984000,0.030,0.458,0.512
984500,0.030,0.470,0.500
985000,0.030,0.350,0.620
985500,0.030,0.418,0.552
986000,0.030,0.321,0.649
986500,0.030,0.431,0.539
987000,0.030,0.496,0.474
987500,0.030,0.449,0.521
988000,0.030,0.371,0.599
988500,0.030,0.489,0.481
989000,0.030,0.519,0.451
989500,0.030,0.638,0.332
990000,0.030,0.531,0.439
990500,0.030,0.390,0.580
991000,0.030,0.468,0.502
991500,0.030,0.444,0.526
992000,0.030,0.384,0.586
992500,0.030,0.419,0.551
993000,0.030,0.338,0.632
993500,0.030,0.483,0.487
994000,0.030,0.387,0.583
994500,0.030,0.441,0.529
995000,0.030,0.385,0.585
995500,0.030,0.451,0.519
996000,0.030,0.373,0.597
996500,0.030,0.259,0.711
997000,0.030,0.491,0.479
997500,0.030,0.440,0.530
998000,0.030,0.359,0.611
998500,0.030,0.453,0.517
999000,0.031,0.391,0.578
999500,0.030,0.360,0.610
1000000,0.030,0.440,0.530
