time,n_A+p,n_B,n_AB
500,0.030,0.191,0.779
1000,0.030,0.111,0.859
1500,0.058,0.124,0.818
2000,0.030,0.248,0.722
2500,0.030,0.240,0.730
3000,0.048,0.161,0.791
3500,0.030,0.264,0.706
4000,0.063,0.032,0.905
4500,0.477,0.000,0.523
5000,0.534,0.000,0.466
5500,0.596,0.000,0.404
6000,0.622,0.000,0.378
6500,0.599,0.000,0.401
7000,0.321,0.000,0.679
7500,0.673,0.000,0.327
8000,0.834,0.000,0.166
8500,0.768,0.000,0.232
9000,0.643,0.000,0.357
9500,0.705,0.000,0.295
10000,0.535,0.000,0.465
10500,0.487,0.000,0.513
11000,0.605,0.000,0.395
11500,0.807,0.000,0.193
12000,0.675,0.000,0.325
12500,0.614,0.000,0.386
13000,0.456,0.000,0.544
13500,0.508,0.000,0.492
14000,0.604,0.000,0.396
14500,0.508,0.000,0.492
15000,0.598,0.000,0.402
15500,0.720,0.000,0.280
16000,0.744,0.000,0.256
16500,0.583,0.000,0.417
17000,0.505,0.000,0.495
17500,0.527,0.000,0.473
18000,0.548,0.000,0.452
18500,0.675,0.000,0.325
19000,0.523,0.000,0.477
19500,0.804,0.000,0.196
20000,0.646,0.000,0.354
20500,0.671,0.000,0.329
21000,0.744,0.000,0.256
21500,0.858,0.000,0.142
22000,0.613,0.000,0.387
22500,0.657,0.000,0.343
23000,0.434,0.000,0.566
23500,0.756,0.000,0.244
24000,0.646,0.000,0.354
24500,0.436,0.000,0.564
25000,0.710,0.000,0.290
25500,0.466,0.000,0.534
26000,0.730,0.000,0.270
26500,0.483,0.000,0.517
27000,0.397,0.000,0.603
27500,0.625,0.000,0.375
28000,0.495,0.000,0.505
28500,0.550,0.000,0.450
29000,0.545,0.000,0.455
29500,0.447,0.000,0.553
30000,0.551,0.000,0.449
30500,0.760,0.000,0.240
31000,0.902,0.000,0.098
31500,0.960,0.000,0.040
32000,1.000,0.000,0.000
