time,n_A+p,n_B,n_AB
500,0.080,0.800,0.120
1000,0.080,0.666,0.254
1500,0.080,0.538,0.382
2000,0.080,0.470,0.450
2500,0.082,0.416,0.502
3000,0.083,0.434,0.483
3500,0.080,0.413,0.507
4000,0.087,0.419,0.493
4500,0.091,0.341,0.568
5000,0.097,0.325,0.578
5500,0.089,0.345,0.566
6000,0.088,0.333,0.579
6500,0.092,0.338,0.569
7000,0.104,0.304,0.591
7500,0.122,0.298,0.579
8000,0.107,0.296,0.597
8500,0.107,0.287,0.606
9000,0.106,0.292,0.602
9500,0.105,0.294,0.600
10000,0.103,0.295,0.601
10500,0.113,0.250,0.637
11000,0.136,0.216,0.648
11500,0.139,0.257,0.605
12000,0.148,0.216,0.635
12500,0.162,0.199,0.639
13000,0.190,0.168,0.642
13500,0.244,0.097,0.659
14000,0.430,0.038,0.532
14500,0.650,0.006,0.344
15000,0.815,0.001,0.184
15500,0.903,0.000,0.097
16000,0.946,0.000,0.054
16500,0.989,0.000,0.011
17000,0.998,0.000,0.002
17500,1.000,0.000,0.000
18000,1.000,0.000,0.000
