time,n_A+p,n_B,n_AB
500,0.050,0.506,0.444
1000,0.050,0.254,0.696
1500,0.059,0.201,0.740
2000,0.125,0.070,0.804
2500,0.237,0.024,0.739
3000,0.543,0.003,0.454
3500,0.644,0.000,0.356
4000,0.784,0.000,0.216
4500,0.774,0.000,0.226
5000,0.819,0.000,0.181
5500,0.896,0.000,0.104
6000,0.822,0.000,0.178
6500,0.849,0.000,0.151
7000,0.869,0.000,0.131
7500,0.853,0.000,0.147
8000,0.841,0.000,0.159
8500,0.882,0.000,0.118
9000,0.922,0.000,0.078
9500,0.855,0.000,0.145
10000,0.885,0.000,0.115
10500,0.911,0.000,0.089
11000,0.910,0.000,0.090
11500,0.888,0.000,0.112
12000,0.908,0.000,0.092
12500,0.924,0.000,0.076
13000,0.947,0.000,0.053
13500,0.956,0.000,0.044
14000,0.980,0.000,0.020
14500,0.956,0.000,0.044
15000,0.966,0.000,0.034
15500,0.925,0.000,0.075
16000,0.954,0.000,0.046
16500,0.948,0.000,0.052
17000,0.974,0.000,0.026
17500,0.988,0.000,0.012
18000,0.981,0.000,0.019
18500,0.991,0.000,0.009
19000,1.000,0.000,0.000
19500,1.000,0.000,0.000
