time,n_A+p,n_B,n_AB
100,0.030,0.966,0.004
200,0.032,0.952,0.016
300,0.031,0.950,0.019
400,0.032,0.946,0.022
500,0.034,0.944,0.022
600,0.033,0.937,0.031
700,0.032,0.922,0.046
800,0.031,0.926,0.043
900,0.031,0.912,0.057
1000,0.033,0.904,0.063
1100,0.033,0.893,0.075
1200,0.033,0.878,0.089
1300,0.033,0.865,0.102
1400,0.035,0.863,0.102
1500,0.036,0.858,0.106
1600,0.036,0.851,0.113
1700,0.039,0.848,0.113
1800,0.038,0.841,0.122
1900,0.037,0.826,0.137
2000,0.035,0.812,0.153
2100,0.044,0.819,0.137
2200,0.046,0.813,0.141
2300,0.046,0.814,0.140
2400,0.046,0.811,0.143
2500,0.048,0.795,0.157
2600,0.046,0.782,0.172
2700,0.048,0.782,0.170
2800,0.050,0.772,0.178
2900,0.047,0.764,0.189
3000,0.050,0.757,0.193
3100,0.046,0.744,0.210
3200,0.060,0.730,0.209
3300,0.066,0.717,0.217
3400,0.065,0.722,0.212
3500,0.070,0.722,0.207
3600,0.078,0.722,0.200
3700,0.073,0.709,0.219
3800,0.073,0.699,0.229
3900,0.073,0.692,0.236
4000,0.066,0.687,0.246
4100,0.063,0.696,0.241
4200,0.080,0.680,0.240
4300,0.081,0.665,0.254
4400,0.085,0.662,0.253
4500,0.068,0.661,0.271
4600,0.074,0.670,0.256
4700,0.073,0.663,0.265
4800,0.078,0.656,0.267
4900,0.077,0.662,0.261
5000,0.079,0.663,0.258
5100,0.084,0.655,0.261
5200,0.081,0.652,0.268
5300,0.078,0.654,0.269
5400,0.073,0.642,0.285
5500,0.072,0.636,0.292
5600,0.078,0.641,0.281
5700,0.079,0.646,0.276
5800,0.083,0.641,0.276
5900,0.087,0.634,0.279
6000,0.094,0.628,0.278
6100,0.095,0.619,0.286
6200,0.099,0.613,0.288
6300,0.097,0.617,0.286
6400,0.093,0.611,0.296
6500,0.095,0.607,0.298
6600,0.103,0.594,0.302
6700,0.104,0.580,0.316
6800,0.104,0.583,0.313
6900,0.103,0.581,0.316
7000,0.099,0.564,0.337
7100,0.100,0.560,0.340
7200,0.094,0.563,0.343
7300,0.099,0.558,0.343
7400,0.102,0.570,0.328
7500,0.103,0.574,0.323
7600,0.100,0.575,0.325
7700,0.098,0.571,0.331
7800,0.097,0.555,0.348
7900,0.092,0.553,0.355
8000,0.089,0.556,0.355
8100,0.092,0.553,0.355
8200,0.102,0.564,0.334
8300,0.101,0.556,0.343
8400,0.107,0.561,0.332
8500,0.100,0.568,0.332
8600,0.093,0.558,0.349
8700,0.099,0.561,0.340
8800,0.101,0.564,0.335
8900,0.110,0.568,0.322
9000,0.107,0.562,0.331
9100,0.107,0.553,0.340
9200,0.108,0.542,0.349
9300,0.108,0.534,0.358
9400,0.114,0.527,0.359
9500,0.114,0.528,0.358
9600,0.115,0.527,0.358
9700,0.123,0.526,0.351
9800,0.127,0.525,0.348
9900,0.121,0.522,0.358
10000,0.110,0.531,0.359
10100,0.114,0.533,0.352
10200,0.111,0.520,0.369
10300,0.097,0.511,0.392
10400,0.099,0.511,0.390
10500,0.089,0.517,0.394
10600,0.093,0.530,0.377
10700,0.092,0.528,0.380
10800,0.090,0.536,0.374
10900,0.089,0.531,0.380
11000,0.099,0.521,0.380
11100,0.094,0.511,0.395
11200,0.103,0.518,0.379
11300,0.107,0.492,0.400
11400,0.102,0.490,0.408
11500,0.116,0.493,0.390
11600,0.124,0.490,0.386
11700,0.132,0.483,0.385
11800,0.132,0.483,0.385
11900,0.121,0.476,0.403
12000,0.128,0.483,0.389
12100,0.116,0.475,0.409
12200,0.121,0.472,0.408
12300,0.118,0.470,0.412
12400,0.122,0.462,0.417
12500,0.111,0.461,0.428
12600,0.116,0.461,0.423
12700,0.117,0.463,0.420
12800,0.117,0.467,0.416
12900,0.128,0.448,0.424
13000,0.135,0.449,0.416
13100,0.159,0.437,0.403
13200,0.150,0.441,0.409
13300,0.144,0.448,0.408
13400,0.136,0.440,0.424
13500,0.150,0.438,0.412
13600,0.152,0.437,0.411
13700,0.148,0.434,0.418
13800,0.156,0.435,0.409
13900,0.157,0.441,0.401
14000,0.147,0.432,0.421
14100,0.140,0.440,0.420
14200,0.138,0.431,0.431
14300,0.132,0.430,0.438
14400,0.136,0.431,0.433
14500,0.140,0.428,0.432
14600,0.138,0.423,0.439
14700,0.130,0.423,0.447
14800,0.125,0.427,0.448
14900,0.133,0.430,0.437
15000,0.153,0.410,0.437
15100,0.146,0.413,0.441
15200,0.151,0.411,0.438
15300,0.155,0.409,0.436
15400,0.148,0.404,0.447
15500,0.155,0.407,0.438
15600,0.145,0.400,0.455
15700,0.150,0.394,0.456
15800,0.148,0.404,0.447
15900,0.153,0.402,0.444
16000,0.150,0.398,0.451
16100,0.158,0.398,0.443
16200,0.160,0.387,0.453
16300,0.159,0.383,0.458
16400,0.161,0.384,0.455
16500,0.159,0.389,0.451
16600,0.171,0.386,0.443
16700,0.170,0.386,0.444
16800,0.156,0.397,0.446
16900,0.158,0.403,0.438
17000,0.174,0.399,0.427
17100,0.163,0.398,0.438
17200,0.164,0.402,0.433
17300,0.168,0.406,0.427
17400,0.158,0.407,0.435
17500,0.153,0.398,0.448
17600,0.147,0.400,0.453
17700,0.149,0.401,0.449
17800,0.134,0.400,0.466
17900,0.133,0.403,0.464
18000,0.136,0.394,0.470
18100,0.136,0.397,0.467
18200,0.138,0.390,0.472
18300,0.131,0.393,0.476
18400,0.135,0.395,0.470
18500,0.149,0.394,0.457
18600,0.155,0.408,0.437
18700,0.153,0.401,0.445
18800,0.159,0.397,0.443
18900,0.154,0.394,0.451
19000,0.157,0.398,0.444
19100,0.145,0.414,0.441
19200,0.144,0.409,0.447
19300,0.148,0.404,0.447
19400,0.164,0.400,0.435
19500,0.165,0.393,0.441
19600,0.176,0.384,0.440
19700,0.182,0.382,0.436
19800,0.179,0.386,0.435
19900,0.181,0.399,0.420
20000,0.171,0.392,0.437
20100,0.158,0.385,0.457
20200,0.153,0.378,0.469
20300,0.153,0.375,0.472
20400,0.165,0.362,0.473
20500,0.169,0.354,0.477
20600,0.180,0.361,0.460
20700,0.180,0.358,0.463
20800,0.191,0.355,0.454
20900,0.192,0.350,0.458
21000,0.192,0.346,0.462
21100,0.195,0.336,0.469
21200,0.200,0.333,0.467
21300,0.196,0.332,0.472
21400,0.194,0.337,0.469
21500,0.193,0.346,0.461
21600,0.177,0.344,0.479
21700,0.180,0.339,0.481
21800,0.191,0.339,0.470
21900,0.197,0.347,0.456
22000,0.201,0.347,0.451
22100,0.196,0.354,0.449
22200,0.180,0.353,0.467
22300,0.188,0.362,0.450
22400,0.184,0.352,0.464
22500,0.194,0.349,0.457
22600,0.185,0.343,0.472
22700,0.189,0.342,0.469
22800,0.196,0.334,0.470
22900,0.193,0.334,0.473
23000,0.199,0.338,0.463
23100,0.195,0.343,0.462
23200,0.200,0.339,0.461
23300,0.202,0.332,0.466
23400,0.204,0.333,0.463
23500,0.196,0.336,0.468
23600,0.204,0.340,0.456
23700,0.194,0.344,0.462
23800,0.186,0.343,0.471
23900,0.188,0.348,0.464
24000,0.186,0.343,0.471
24100,0.192,0.344,0.464
24200,0.187,0.344,0.469
24300,0.188,0.339,0.473
24400,0.180,0.338,0.482
24500,0.187,0.334,0.479
24600,0.200,0.334,0.466
24700,0.212,0.330,0.458
24800,0.218,0.327,0.456
24900,0.211,0.326,0.463
25000,0.220,0.323,0.458
25100,0.219,0.327,0.455
25200,0.219,0.328,0.454
25300,0.223,0.318,0.460
25400,0.225,0.314,0.462
25500,0.219,0.305,0.476
25600,0.223,0.309,0.468
25700,0.226,0.309,0.465
25800,0.236,0.314,0.450
25900,0.230,0.313,0.458
26000,0.234,0.313,0.454
26100,0.228,0.311,0.462
26200,0.230,0.307,0.463
26300,0.227,0.303,0.470
26400,0.221,0.302,0.477
26500,0.229,0.305,0.466
26600,0.220,0.300,0.480
26700,0.237,0.299,0.464
26800,0.230,0.303,0.467
26900,0.239,0.308,0.453
27000,0.239,0.307,0.454
27100,0.234,0.305,0.461
27200,0.233,0.311,0.457
27300,0.239,0.302,0.459
27400,0.242,0.305,0.453
27500,0.239,0.302,0.459
27600,0.244,0.292,0.464
27700,0.252,0.301,0.446
27800,0.255,0.304,0.440
27900,0.248,0.300,0.451
28000,0.242,0.304,0.454
28100,0.238,0.298,0.464
28200,0.249,0.296,0.455
28300,0.240,0.294,0.466
28400,0.234,0.297,0.469
28500,0.240,0.293,0.467
28600,0.232,0.293,0.475
28700,0.227,0.295,0.478
28800,0.234,0.294,0.472
28900,0.230,0.295,0.475
29000,0.231,0.309,0.460
29100,0.224,0.302,0.474
29200,0.227,0.304,0.469
29300,0.219,0.303,0.478
29400,0.227,0.304,0.469
29500,0.226,0.305,0.469
29600,0.225,0.304,0.471
29700,0.231,0.308,0.461
29800,0.224,0.301,0.475
29900,0.233,0.296,0.471
30000,0.226,0.304,0.470
30100,0.241,0.302,0.457
30200,0.233,0.299,0.468
30300,0.235,0.292,0.473
30400,0.243,0.295,0.462
30500,0.241,0.298,0.461
30600,0.244,0.299,0.457
30700,0.240,0.291,0.469
30800,0.243,0.281,0.476
30900,0.242,0.292,0.466
31000,0.234,0.296,0.470
31100,0.243,0.291,0.466
31200,0.241,0.295,0.464
31300,0.241,0.294,0.465
31400,0.236,0.295,0.469
31500,0.234,0.295,0.471
31600,0.223,0.296,0.481
31700,0.230,0.303,0.467
31800,0.235,0.300,0.465
31900,0.242,0.306,0.451
32000,0.247,0.308,0.444
32100,0.237,0.311,0.453
32200,0.233,0.306,0.461
32300,0.243,0.307,0.449
32400,0.235,0.311,0.455
32500,0.243,0.305,0.451
32600,0.242,0.308,0.449
32700,0.244,0.314,0.442
32800,0.248,0.314,0.438
32900,0.249,0.303,0.447
33000,0.241,0.297,0.462
33100,0.238,0.297,0.465
33200,0.236,0.289,0.475
33300,0.228,0.322,0.450
33400,0.226,0.325,0.449
33500,0.216,0.325,0.460
33600,0.213,0.327,0.460
33700,0.209,0.322,0.469
33800,0.217,0.323,0.461
33900,0.218,0.316,0.467
34000,0.218,0.319,0.464
34100,0.205,0.320,0.475
34200,0.209,0.323,0.468
34300,0.207,0.309,0.483
34400,0.207,0.309,0.483
34500,0.204,0.313,0.483
34600,0.207,0.315,0.478
34700,0.213,0.317,0.470
34800,0.213,0.323,0.464
34900,0.216,0.322,0.463
35000,0.221,0.319,0.461
35100,0.217,0.313,0.471
35200,0.215,0.303,0.482
35300,0.210,0.304,0.485
35400,0.216,0.294,0.490
35500,0.225,0.297,0.478
35600,0.208,0.299,0.492
35700,0.210,0.297,0.492
35800,0.209,0.296,0.494
35900,0.210,0.292,0.497
36000,0.203,0.298,0.498
36100,0.211,0.296,0.492
36200,0.221,0.297,0.482
36300,0.227,0.298,0.475
36400,0.234,0.302,0.464
36500,0.231,0.296,0.473
36600,0.219,0.296,0.485
36700,0.216,0.299,0.485
36800,0.215,0.296,0.489
36900,0.212,0.295,0.492
37000,0.205,0.298,0.496
37100,0.199,0.299,0.502
37200,0.195,0.309,0.495
37300,0.194,0.316,0.490
37400,0.194,0.329,0.477
37500,0.198,0.335,0.467
37600,0.199,0.330,0.471
37700,0.193,0.321,0.486
37800,0.191,0.312,0.497
37900,0.189,0.311,0.501
38000,0.190,0.311,0.499
38100,0.199,0.311,0.490
38200,0.198,0.307,0.494
38300,0.200,0.307,0.492
38400,0.208,0.305,0.486
38500,0.205,0.305,0.489
38600,0.195,0.308,0.496
38700,0.194,0.304,0.502
38800,0.197,0.302,0.501
38900,0.202,0.294,0.504
39000,0.224,0.292,0.484
39100,0.237,0.285,0.478
39200,0.231,0.280,0.489
39300,0.229,0.280,0.491
39400,0.233,0.285,0.482
39500,0.227,0.278,0.495
39600,0.235,0.278,0.487
39700,0.225,0.288,0.487
39800,0.217,0.290,0.493
39900,0.222,0.284,0.494
40000,0.224,0.284,0.492
40100,0.215,0.279,0.507
40200,0.213,0.272,0.515
40300,0.218,0.273,0.510
40400,0.220,0.271,0.510
40500,0.215,0.265,0.521
40600,0.210,0.263,0.527
40700,0.237,0.265,0.498
40800,0.228,0.266,0.507
40900,0.239,0.264,0.497
41000,0.238,0.272,0.490
41100,0.232,0.274,0.494
41200,0.234,0.290,0.476
41300,0.227,0.285,0.488
41400,0.215,0.292,0.493
41500,0.208,0.296,0.495
41600,0.199,0.296,0.505
41700,0.209,0.287,0.504
41800,0.196,0.288,0.516
41900,0.209,0.283,0.508
42000,0.206,0.290,0.504
42100,0.208,0.290,0.502
42200,0.210,0.294,0.495
42300,0.187,0.294,0.519
42400,0.189,0.302,0.509
42500,0.186,0.312,0.503
42600,0.182,0.312,0.507
42700,0.194,0.312,0.494
42800,0.192,0.326,0.482
42900,0.199,0.330,0.471
43000,0.188,0.331,0.481
43100,0.184,0.323,0.493
43200,0.181,0.322,0.497
43300,0.176,0.321,0.504
43400,0.180,0.311,0.510
43500,0.176,0.316,0.509
43600,0.174,0.319,0.508
43700,0.170,0.316,0.515
43800,0.172,0.312,0.517
43900,0.170,0.306,0.524
44000,0.173,0.303,0.524
44100,0.172,0.296,0.532
44200,0.180,0.290,0.530
44300,0.176,0.298,0.526
44400,0.180,0.305,0.515
44500,0.180,0.307,0.513
44600,0.184,0.304,0.512
44700,0.180,0.297,0.523
44800,0.172,0.295,0.533
44900,0.173,0.292,0.535
45000,0.171,0.293,0.536
45100,0.171,0.295,0.534
45200,0.186,0.299,0.515
45300,0.182,0.293,0.525
45400,0.193,0.294,0.513
45500,0.192,0.296,0.512
45600,0.185,0.290,0.525
45700,0.184,0.291,0.525
45800,0.178,0.291,0.531
45900,0.184,0.298,0.518
46000,0.181,0.314,0.506
46100,0.176,0.316,0.509
46200,0.171,0.316,0.514
46300,0.176,0.316,0.509
46400,0.181,0.306,0.513
46500,0.171,0.316,0.514
46600,0.182,0.330,0.488
46700,0.173,0.339,0.488
46800,0.177,0.344,0.479
46900,0.174,0.333,0.493
47000,0.178,0.326,0.496
47100,0.184,0.318,0.498
47200,0.183,0.306,0.511
47300,0.177,0.305,0.518
47400,0.170,0.315,0.516
47500,0.177,0.320,0.504
47600,0.172,0.308,0.520
47700,0.172,0.305,0.523
47800,0.162,0.302,0.535
47900,0.166,0.292,0.541
48000,0.175,0.293,0.532
48100,0.179,0.287,0.534
48200,0.179,0.284,0.537
48300,0.179,0.288,0.533
48400,0.180,0.287,0.533
48500,0.179,0.291,0.530
48600,0.176,0.289,0.535
48700,0.175,0.283,0.542
48800,0.173,0.282,0.545
48900,0.169,0.288,0.543
49000,0.165,0.287,0.547
49100,0.172,0.294,0.534
49200,0.173,0.289,0.538
49300,0.172,0.291,0.537
49400,0.177,0.285,0.538
49500,0.177,0.292,0.531
49600,0.180,0.284,0.536
49700,0.187,0.277,0.536
49800,0.173,0.285,0.542
49900,0.186,0.286,0.528
50000,0.179,0.288,0.533
50100,0.188,0.293,0.519
50200,0.187,0.290,0.523
50300,0.201,0.292,0.507
50400,0.196,0.287,0.517
50500,0.187,0.281,0.532
50600,0.193,0.280,0.527
50700,0.198,0.277,0.525
50800,0.215,0.277,0.509
50900,0.215,0.284,0.502
51000,0.210,0.276,0.514
51100,0.208,0.274,0.518
51200,0.209,0.268,0.523
51300,0.227,0.276,0.497
51400,0.228,0.276,0.496
51500,0.229,0.272,0.499
51600,0.232,0.275,0.493
51700,0.245,0.273,0.482
51800,0.244,0.268,0.488
51900,0.241,0.260,0.498
52000,0.235,0.258,0.507
52100,0.233,0.252,0.515
52200,0.255,0.253,0.491
52300,0.243,0.250,0.507
52400,0.238,0.253,0.509
52500,0.236,0.249,0.515
52600,0.238,0.245,0.517
52700,0.242,0.240,0.518
52800,0.240,0.248,0.512
52900,0.233,0.247,0.520
53000,0.229,0.255,0.516
53100,0.243,0.252,0.505
53200,0.241,0.251,0.508
53300,0.243,0.252,0.505
53400,0.243,0.255,0.502
53500,0.241,0.255,0.504
53600,0.237,0.260,0.503
53700,0.240,0.259,0.501
53800,0.245,0.260,0.494
53900,0.241,0.261,0.497
54000,0.237,0.257,0.506
54100,0.233,0.275,0.492
54200,0.229,0.270,0.502
54300,0.233,0.284,0.483
54400,0.232,0.277,0.491
54500,0.234,0.278,0.488
54600,0.230,0.267,0.504
54700,0.227,0.268,0.506
54800,0.212,0.271,0.517
54900,0.205,0.275,0.520
55000,0.204,0.272,0.524
55100,0.201,0.264,0.535
55200,0.206,0.263,0.531
55300,0.203,0.256,0.540
55400,0.206,0.254,0.539
55500,0.209,0.249,0.541
55600,0.211,0.242,0.546
55700,0.221,0.245,0.534
55800,0.219,0.247,0.534
55900,0.217,0.247,0.536
56000,0.217,0.253,0.530
56100,0.220,0.256,0.524
56200,0.219,0.260,0.521
56300,0.212,0.267,0.521
56400,0.215,0.254,0.531
56500,0.219,0.248,0.533
56600,0.225,0.253,0.522
56700,0.227,0.251,0.522
56800,0.225,0.249,0.526
56900,0.223,0.250,0.527
57000,0.221,0.249,0.530
57100,0.229,0.248,0.523
57200,0.229,0.250,0.521
57300,0.224,0.247,0.529
57400,0.225,0.246,0.529
57500,0.230,0.248,0.522
57600,0.225,0.244,0.531
57700,0.229,0.243,0.528
57800,0.227,0.247,0.526
57900,0.231,0.251,0.518
58000,0.232,0.255,0.513
58100,0.229,0.258,0.513
58200,0.232,0.245,0.523
58300,0.246,0.252,0.502
58400,0.246,0.244,0.510
58500,0.238,0.242,0.520
58600,0.238,0.235,0.527
58700,0.242,0.234,0.524
58800,0.236,0.232,0.532
58900,0.231,0.227,0.542
59000,0.227,0.232,0.541
59100,0.229,0.230,0.541
59200,0.233,0.223,0.544
59300,0.236,0.226,0.538
59400,0.224,0.226,0.551
59500,0.225,0.223,0.553
59600,0.241,0.218,0.541
59700,0.246,0.222,0.532
59800,0.240,0.211,0.549
59900,0.242,0.217,0.541
60000,0.247,0.222,0.531
60100,0.239,0.223,0.538
60200,0.241,0.232,0.527
60300,0.228,0.229,0.543
60400,0.234,0.228,0.538
60500,0.235,0.228,0.537
60600,0.233,0.227,0.540
60700,0.230,0.231,0.539
60800,0.228,0.229,0.543
60900,0.234,0.235,0.531
61000,0.241,0.235,0.524
61100,0.238,0.242,0.520
61200,0.232,0.239,0.529
61300,0.242,0.238,0.520
61400,0.242,0.237,0.521
61500,0.233,0.247,0.520
61600,0.228,0.249,0.523
61700,0.223,0.250,0.527
61800,0.218,0.239,0.543
61900,0.232,0.245,0.523
62000,0.229,0.249,0.522
62100,0.236,0.245,0.519
62200,0.229,0.243,0.528
62300,0.226,0.247,0.527
62400,0.228,0.252,0.520
62500,0.218,0.250,0.532
62600,0.216,0.249,0.535
62700,0.219,0.247,0.534
62800,0.221,0.258,0.521
62900,0.222,0.263,0.516
63000,0.215,0.253,0.532
63100,0.216,0.254,0.530
63200,0.213,0.247,0.539
63300,0.228,0.253,0.519
63400,0.219,0.265,0.517
63500,0.203,0.264,0.533
63600,0.200,0.263,0.537
63700,0.201,0.252,0.546
63800,0.198,0.252,0.550
63900,0.192,0.254,0.554
64000,0.206,0.249,0.544
64100,0.210,0.246,0.543
64200,0.224,0.241,0.535
64300,0.233,0.238,0.529
64400,0.227,0.246,0.527
64500,0.222,0.246,0.532
64600,0.225,0.247,0.528
64700,0.221,0.244,0.535
64800,0.203,0.248,0.549
64900,0.217,0.252,0.531
65000,0.212,0.261,0.526
65100,0.213,0.254,0.532
65200,0.208,0.253,0.538
65300,0.212,0.255,0.532
65400,0.210,0.257,0.532
65500,0.213,0.263,0.524
65600,0.205,0.256,0.538
65700,0.215,0.258,0.527
65800,0.213,0.251,0.535
65900,0.225,0.247,0.528
66000,0.220,0.246,0.534
66100,0.220,0.242,0.538
66200,0.227,0.236,0.537
66300,0.230,0.246,0.524
66400,0.227,0.241,0.532
66500,0.225,0.241,0.534
66600,0.233,0.234,0.533
66700,0.235,0.238,0.527
66800,0.222,0.232,0.546
66900,0.227,0.234,0.539
67000,0.226,0.233,0.541
67100,0.238,0.226,0.536
67200,0.256,0.227,0.517
67300,0.254,0.228,0.518
67400,0.248,0.225,0.527
67500,0.250,0.230,0.520
67600,0.244,0.234,0.522
67700,0.253,0.233,0.514
67800,0.247,0.234,0.519
67900,0.245,0.224,0.531
68000,0.225,0.229,0.546
68100,0.224,0.235,0.541
68200,0.225,0.239,0.536
68300,0.234,0.244,0.522
68400,0.225,0.249,0.526
68500,0.223,0.245,0.532
68600,0.224,0.259,0.517
68700,0.230,0.267,0.504
68800,0.225,0.260,0.515
68900,0.218,0.257,0.525
69000,0.208,0.260,0.531
69100,0.204,0.261,0.534
69200,0.201,0.254,0.544
69300,0.202,0.264,0.534
69400,0.206,0.265,0.529
69500,0.203,0.258,0.538
69600,0.208,0.272,0.520
69700,0.215,0.281,0.505
69800,0.209,0.278,0.513
69900,0.208,0.282,0.510
70000,0.208,0.282,0.510
70100,0.204,0.292,0.504
70200,0.196,0.294,0.510
70300,0.181,0.284,0.535
70400,0.189,0.276,0.535
70500,0.193,0.268,0.539
70600,0.202,0.276,0.522
70700,0.209,0.273,0.518
70800,0.206,0.258,0.535
70900,0.204,0.255,0.540
71000,0.210,0.248,0.541
71100,0.211,0.243,0.545
71200,0.215,0.242,0.543
71300,0.205,0.241,0.554
71400,0.217,0.238,0.545
71500,0.221,0.238,0.541
71600,0.218,0.232,0.551
71700,0.208,0.232,0.560
71800,0.211,0.231,0.558
71900,0.207,0.237,0.556
72000,0.219,0.236,0.545
72100,0.218,0.241,0.541
72200,0.205,0.248,0.546
72300,0.197,0.263,0.540
72400,0.196,0.260,0.543
72500,0.208,0.253,0.538
72600,0.199,0.258,0.542
72700,0.198,0.256,0.545
72800,0.196,0.261,0.542
72900,0.198,0.255,0.546
73000,0.185,0.256,0.559
73100,0.178,0.257,0.565
73200,0.177,0.254,0.569
73300,0.178,0.252,0.570
73400,0.174,0.259,0.567
73500,0.185,0.257,0.558
73600,0.191,0.248,0.561
73700,0.190,0.245,0.565
73800,0.188,0.242,0.570
73900,0.185,0.252,0.563
74000,0.184,0.246,0.570
74100,0.188,0.249,0.563
74200,0.189,0.244,0.567
74300,0.191,0.240,0.569
74400,0.196,0.247,0.557
74500,0.199,0.253,0.547
74600,0.199,0.253,0.547
74700,0.197,0.255,0.547
74800,0.195,0.255,0.550
74900,0.195,0.263,0.542
75000,0.189,0.258,0.553
75100,0.188,0.260,0.552
75200,0.185,0.259,0.556
75300,0.186,0.248,0.566
75400,0.194,0.252,0.554
75500,0.189,0.254,0.557
75600,0.194,0.257,0.549
75700,0.193,0.258,0.549
75800,0.192,0.259,0.549
75900,0.182,0.263,0.556
76000,0.183,0.257,0.560
76100,0.180,0.265,0.556
76200,0.182,0.255,0.563
76300,0.183,0.253,0.564
76400,0.182,0.257,0.561
76500,0.180,0.258,0.562
76600,0.184,0.251,0.565
76700,0.182,0.253,0.565
76800,0.180,0.261,0.559
76900,0.183,0.260,0.557
77000,0.201,0.256,0.542
77100,0.206,0.257,0.536
77200,0.204,0.258,0.537
77300,0.195,0.261,0.543
77400,0.193,0.265,0.542
77500,0.199,0.255,0.545
77600,0.206,0.245,0.549
77700,0.212,0.253,0.534
77800,0.216,0.244,0.540
77900,0.207,0.243,0.550
78000,0.212,0.245,0.542
78100,0.217,0.255,0.528
78200,0.218,0.254,0.528
78300,0.217,0.265,0.519
78400,0.224,0.261,0.515
78500,0.209,0.255,0.535
78600,0.216,0.255,0.529
78700,0.203,0.265,0.532
78800,0.222,0.267,0.512
78900,0.216,0.257,0.527
79000,0.218,0.251,0.531
79100,0.215,0.246,0.539
79200,0.224,0.242,0.534
79300,0.238,0.242,0.520
79400,0.231,0.240,0.529
79500,0.230,0.235,0.535
79600,0.237,0.237,0.526
79700,0.250,0.241,0.509
79800,0.256,0.239,0.505
79900,0.254,0.244,0.502
80000,0.248,0.240,0.512
80100,0.247,0.235,0.518
80200,0.255,0.237,0.508
80300,0.260,0.234,0.506
80400,0.252,0.237,0.511
80500,0.244,0.236,0.520
80600,0.244,0.237,0.519
80700,0.256,0.238,0.506
80800,0.259,0.244,0.496
80900,0.259,0.246,0.494
81000,0.263,0.237,0.501
81100,0.252,0.235,0.513
81200,0.256,0.231,0.513
81300,0.256,0.227,0.517
81400,0.261,0.225,0.514
81500,0.260,0.220,0.520
81600,0.253,0.224,0.523
81700,0.247,0.220,0.533
81800,0.249,0.224,0.527
81900,0.247,0.217,0.536
82000,0.241,0.205,0.554
82100,0.240,0.202,0.558
82200,0.249,0.215,0.536
82300,0.250,0.213,0.536
82400,0.241,0.215,0.544
82500,0.253,0.223,0.524
82600,0.256,0.216,0.528
82700,0.245,0.216,0.539
82800,0.242,0.226,0.532
82900,0.230,0.234,0.536
83000,0.238,0.240,0.522
83100,0.231,0.231,0.538
83200,0.229,0.226,0.545
83300,0.232,0.219,0.550
83400,0.240,0.211,0.549
83500,0.258,0.208,0.533
83600,0.268,0.203,0.529
83700,0.260,0.194,0.545
83800,0.246,0.201,0.553
83900,0.246,0.206,0.547
84000,0.237,0.220,0.543
84100,0.227,0.220,0.554
84200,0.232,0.224,0.544
84300,0.233,0.219,0.549
84400,0.236,0.225,0.539
84500,0.244,0.231,0.525
84600,0.243,0.234,0.523
84700,0.249,0.230,0.521
84800,0.247,0.227,0.526
84900,0.248,0.233,0.519
85000,0.244,0.222,0.534
85100,0.247,0.219,0.534
85200,0.232,0.235,0.533
85300,0.235,0.240,0.525
85400,0.236,0.230,0.534
85500,0.241,0.236,0.523
85600,0.241,0.238,0.521
85700,0.241,0.230,0.529
85800,0.244,0.230,0.526
85900,0.253,0.232,0.515
86000,0.254,0.238,0.508
86100,0.253,0.241,0.506
86200,0.248,0.235,0.517
86300,0.252,0.229,0.519
86400,0.246,0.242,0.512
86500,0.254,0.236,0.510
86600,0.268,0.240,0.492
86700,0.267,0.233,0.501
86800,0.260,0.226,0.514
86900,0.254,0.227,0.519
87000,0.255,0.226,0.519
87100,0.253,0.224,0.523
87200,0.249,0.225,0.526
87300,0.251,0.226,0.523
87400,0.252,0.221,0.527
87500,0.255,0.225,0.520
87600,0.261,0.223,0.516
87700,0.260,0.219,0.521
87800,0.264,0.220,0.517
87900,0.269,0.228,0.504
88000,0.271,0.224,0.506
88100,0.265,0.226,0.510
88200,0.264,0.228,0.509
88300,0.252,0.226,0.522
88400,0.245,0.222,0.533
88500,0.247,0.212,0.540
88600,0.248,0.212,0.539
88700,0.260,0.210,0.529
88800,0.275,0.208,0.517
88900,0.278,0.205,0.517
89000,0.272,0.216,0.513
89100,0.272,0.217,0.512
89200,0.257,0.210,0.532
89300,0.261,0.217,0.522
89400,0.246,0.216,0.538
89500,0.249,0.211,0.539
89600,0.255,0.219,0.526
89700,0.266,0.218,0.517
89800,0.248,0.218,0.534
89900,0.265,0.226,0.510
90000,0.272,0.223,0.506
90100,0.268,0.223,0.510
90200,0.275,0.220,0.506
90300,0.264,0.221,0.516
90400,0.272,0.215,0.514
90500,0.265,0.213,0.522
90600,0.264,0.221,0.516
90700,0.279,0.220,0.502
90800,0.286,0.212,0.502
90900,0.282,0.213,0.505
91000,0.283,0.215,0.503
91100,0.268,0.205,0.527
91200,0.273,0.204,0.523
91300,0.279,0.200,0.521
91400,0.278,0.205,0.517
91500,0.274,0.208,0.518
91600,0.272,0.209,0.519
91700,0.280,0.207,0.513
91800,0.277,0.208,0.515
91900,0.268,0.218,0.515
92000,0.273,0.219,0.509
92100,0.276,0.224,0.501
92200,0.271,0.220,0.510
92300,0.263,0.222,0.516
92400,0.265,0.227,0.509
92500,0.256,0.223,0.521
92600,0.257,0.219,0.524
92700,0.255,0.221,0.524
92800,0.245,0.220,0.535
92900,0.244,0.220,0.536
93000,0.251,0.217,0.532
93100,0.244,0.218,0.538
93200,0.246,0.219,0.535
93300,0.247,0.220,0.533
93400,0.256,0.223,0.521
93500,0.271,0.219,0.511
93600,0.269,0.215,0.517
93700,0.265,0.210,0.525
93800,0.267,0.211,0.522
93900,0.259,0.211,0.529
94000,0.265,0.207,0.528
94100,0.267,0.213,0.520
94200,0.254,0.207,0.538
94300,0.250,0.201,0.549
94400,0.248,0.207,0.544
94500,0.247,0.213,0.539
94600,0.245,0.215,0.540
94700,0.241,0.211,0.547
94800,0.236,0.211,0.553
94900,0.228,0.212,0.560
95000,0.228,0.215,0.558
95100,0.229,0.218,0.554
95200,0.225,0.227,0.549
95300,0.230,0.227,0.543
95400,0.236,0.227,0.537
95500,0.234,0.231,0.535
95600,0.231,0.232,0.537
95700,0.212,0.237,0.551
95800,0.210,0.233,0.557
95900,0.200,0.231,0.569
96000,0.202,0.229,0.569
96100,0.215,0.230,0.556
96200,0.207,0.234,0.559
96300,0.217,0.235,0.549
96400,0.215,0.227,0.559
96500,0.208,0.223,0.569
96600,0.203,0.217,0.580
96700,0.192,0.215,0.593
96800,0.206,0.209,0.584
96900,0.195,0.225,0.580
97000,0.209,0.219,0.572
97100,0.207,0.224,0.569
97200,0.221,0.215,0.565
97300,0.227,0.211,0.562
97400,0.238,0.212,0.550
97500,0.230,0.210,0.560
97600,0.243,0.213,0.543
97700,0.242,0.211,0.546
97800,0.234,0.218,0.549
97900,0.232,0.215,0.554
98000,0.233,0.213,0.554
98100,0.230,0.219,0.552
98200,0.229,0.223,0.549
98300,0.215,0.229,0.557
98400,0.215,0.216,0.570
98500,0.224,0.217,0.560
98600,0.230,0.213,0.557
98700,0.228,0.216,0.557
98800,0.229,0.217,0.555
98900,0.231,0.216,0.554
99000,0.212,0.215,0.573
99100,0.210,0.215,0.575
99200,0.208,0.208,0.583
99300,0.212,0.217,0.571
99400,0.216,0.218,0.567
99500,0.220,0.213,0.567
99600,0.223,0.210,0.567
99700,0.219,0.215,0.567
99800,0.207,0.215,0.578
99900,0.207,0.225,0.568
100000,0.209,0.217,0.574
