time,n_A+p,n_B,n_AB
500,0.081,0.847,0.072
1000,0.081,0.807,0.112
1500,0.084,0.784,0.132
2000,0.087,0.774,0.139
2500,0.082,0.758,0.160
3000,0.087,0.765,0.148
3500,0.087,0.773,0.140
4000,0.081,0.768,0.151
4500,0.086,0.738,0.176
5000,0.083,0.745,0.172
5500,0.083,0.726,0.191
6000,0.092,0.713,0.195
6500,0.095,0.725,0.180
7000,0.090,0.729,0.181
7500,0.101,0.712,0.187
8000,0.097,0.695,0.208
8500,0.093,0.679,0.228
9000,0.103,0.692,0.205
9500,0.103,0.717,0.180
10000,0.095,0.689,0.216
10500,0.096,0.674,0.230
11000,0.086,0.706,0.208
11500,0.088,0.678,0.234
12000,0.089,0.691,0.220
12500,0.092,0.689,0.219
13000,0.103,0.677,0.220
13500,0.099,0.692,0.209
14000,0.099,0.689,0.212
14500,0.100,0.682,0.218
15000,0.096,0.670,0.234
15500,0.101,0.643,0.256
16000,0.102,0.644,0.254
16500,0.104,0.630,0.266
17000,0.100,0.620,0.280
17500,0.104,0.625,0.271
18000,0.108,0.621,0.271
18500,0.095,0.631,0.274
19000,0.102,0.648,0.250
19500,0.092,0.658,0.250
20000,0.092,0.683,0.225
20500,0.090,0.673,0.237
21000,0.094,0.684,0.222
21500,0.092,0.680,0.228
22000,0.084,0.701,0.215
22500,0.091,0.686,0.223
23000,0.083,0.697,0.220
23500,0.089,0.679,0.232
24000,0.096,0.705,0.199
24500,0.091,0.715,0.194
25000,0.097,0.700,0.203
25500,0.093,0.689,0.218
26000,0.091,0.686,0.223
26500,0.094,0.690,0.216
27000,0.096,0.687,0.217
27500,0.102,0.669,0.229
28000,0.093,0.661,0.246
28500,0.096,0.653,0.251
29000,0.093,0.649,0.258
29500,0.093,0.652,0.255
30000,0.104,0.614,0.282
30500,0.105,0.597,0.298
31000,0.100,0.617,0.283
31500,0.091,0.653,0.256
32000,0.091,0.651,0.258
32500,0.098,0.678,0.224
33000,0.095,0.698,0.207
33500,0.098,0.700,0.202
34000,0.097,0.662,0.241
34500,0.098,0.672,0.230
35000,0.111,0.626,0.263
35500,0.108,0.628,0.264
36000,0.106,0.634,0.260
36500,0.107,0.639,0.254
37000,0.103,0.639,0.258
37500,0.104,0.632,0.264
38000,0.100,0.638,0.262
38500,0.107,0.636,0.257
39000,0.109,0.635,0.256
39500,0.118,0.589,0.293
40000,0.114,0.592,0.294
40500,0.099,0.621,0.280
41000,0.100,0.649,0.251
41500,0.099,0.674,0.227
42000,0.113,0.671,0.216
42500,0.103,0.693,0.204
43000,0.101,0.666,0.233
43500,0.104,0.662,0.234
44000,0.103,0.665,0.232
44500,0.102,0.676,0.222
45000,0.097,0.697,0.206
45500,0.093,0.711,0.196
46000,0.097,0.696,0.207
46500,0.096,0.688,0.216
47000,0.096,0.715,0.189
47500,0.090,0.706,0.204
48000,0.091,0.688,0.221
48500,0.104,0.672,0.224
49000,0.096,0.657,0.247
49500,0.098,0.661,0.241
50000,0.112,0.645,0.243
50500,0.111,0.644,0.245
51000,0.108,0.619,0.273
51500,0.116,0.633,0.251
52000,0.107,0.631,0.262
52500,0.103,0.648,0.249
53000,0.105,0.654,0.241
53500,0.095,0.674,0.231
54000,0.099,0.629,0.272
54500,0.097,0.650,0.253
55000,0.108,0.649,0.243
55500,0.111,0.667,0.222
56000,0.103,0.679,0.218
56500,0.096,0.703,0.201
57000,0.096,0.673,0.231
57500,0.101,0.654,0.245
58000,0.105,0.650,0.245
58500,0.101,0.665,0.234
59000,0.096,0.703,0.201
59500,0.097,0.698,0.205
60000,0.089,0.660,0.251
60500,0.097,0.644,0.259
61000,0.101,0.631,0.268
61500,0.111,0.615,0.274
62000,0.110,0.617,0.273
62500,0.113,0.627,0.260
63000,0.102,0.616,0.282
63500,0.106,0.663,0.231
64000,0.104,0.661,0.235
64500,0.102,0.665,0.233
65000,0.100,0.674,0.226
65500,0.094,0.684,0.222
66000,0.098,0.711,0.191
66500,0.090,0.705,0.205
67000,0.094,0.693,0.213
67500,0.093,0.703,0.204
68000,0.092,0.700,0.208
68500,0.090,0.735,0.175
69000,0.093,0.734,0.173
69500,0.090,0.718,0.192
70000,0.086,0.696,0.218
70500,0.092,0.696,0.212
71000,0.097,0.674,0.229
71500,0.102,0.648,0.250
72000,0.107,0.650,0.243
72500,0.102,0.655,0.243
73000,0.106,0.642,0.252
73500,0.113,0.610,0.277
74000,0.098,0.627,0.275
74500,0.097,0.639,0.264
75000,0.106,0.652,0.242
75500,0.101,0.641,0.258
76000,0.102,0.648,0.250
76500,0.096,0.677,0.227
77000,0.086,0.700,0.214
77500,0.086,0.724,0.190
78000,0.085,0.700,0.215
78500,0.087,0.677,0.236
79000,0.091,0.674,0.235
79500,0.102,0.673,0.225
80000,0.110,0.624,0.266
80500,0.110,0.641,0.249
81000,0.114,0.609,0.277
81500,0.109,0.595,0.296
82000,0.099,0.620,0.281
82500,0.100,0.634,0.266
83000,0.100,0.611,0.289
83500,0.103,0.636,0.261
84000,0.104,0.639,0.257
84500,0.100,0.654,0.246
85000,0.098,0.655,0.247
85500,0.098,0.673,0.229
86000,0.104,0.688,0.208
86500,0.103,0.698,0.199
87000,0.090,0.695,0.215
87500,0.092,0.692,0.216
88000,0.091,0.699,0.210
88500,0.082,0.683,0.235
89000,0.091,0.672,0.237
89500,0.090,0.650,0.260
90000,0.099,0.673,0.228
90500,0.088,0.707,0.205
91000,0.097,0.682,0.221
91500,0.091,0.698,0.211
92000,0.096,0.698,0.206
92500,0.103,0.663,0.234
93000,0.098,0.656,0.246
93500,0.092,0.687,0.221
94000,0.107,0.664,0.229
94500,0.104,0.670,0.226
95000,0.108,0.642,0.250
95500,0.101,0.670,0.229
96000,0.107,0.662,0.231
96500,0.102,0.687,0.211
97000,0.103,0.675,0.222
97500,0.096,0.664,0.240
98000,0.097,0.608,0.295
98500,0.103,0.603,0.294
99000,0.104,0.609,0.287
99500,0.113,0.612,0.275
100000,0.125,0.591,0.284
100500,0.138,0.578,0.284
101000,0.137,0.596,0.267
101500,0.128,0.606,0.266
102000,0.125,0.585,0.290
102500,0.120,0.604,0.276
103000,0.119,0.617,0.264
103500,0.126,0.591,0.283
104000,0.121,0.593,0.286
104500,0.108,0.621,0.271
105000,0.103,0.626,0.271
105500,0.102,0.620,0.278
106000,0.101,0.608,0.291
106500,0.102,0.612,0.286
107000,0.110,0.647,0.243
107500,0.102,0.637,0.261
108000,0.098,0.630,0.272
108500,0.109,0.636,0.255
109000,0.112,0.628,0.260
109500,0.112,0.609,0.279
110000,0.112,0.637,0.251
110500,0.113,0.627,0.260
111000,0.101,0.646,0.253
111500,0.104,0.656,0.240
112000,0.098,0.678,0.224
112500,0.098,0.665,0.237
113000,0.091,0.684,0.225
113500,0.094,0.682,0.224
114000,0.095,0.656,0.249
114500,0.086,0.651,0.263
115000,0.093,0.650,0.257
115500,0.097,0.666,0.237
116000,0.101,0.649,0.250
116500,0.106,0.656,0.238
117000,0.105,0.668,0.227
117500,0.107,0.654,0.239
118000,0.100,0.651,0.249
118500,0.104,0.648,0.248
119000,0.102,0.629,0.269
119500,0.109,0.612,0.279
120000,0.118,0.591,0.291
120500,0.117,0.631,0.252
121000,0.117,0.637,0.246
121500,0.105,0.634,0.261
122000,0.112,0.613,0.275
122500,0.115,0.636,0.249
123000,0.099,0.634,0.267
123500,0.096,0.642,0.262
124000,0.098,0.648,0.254
124500,0.100,0.662,0.238
125000,0.103,0.670,0.227
125500,0.101,0.628,0.271
126000,0.108,0.609,0.283
126500,0.109,0.603,0.288
127000,0.108,0.641,0.251
127500,0.105,0.629,0.266
128000,0.118,0.632,0.250
128500,0.106,0.644,0.250
129000,0.099,0.660,0.241
129500,0.099,0.637,0.264
130000,0.096,0.653,0.251
130500,0.103,0.635,0.262
131000,0.110,0.622,0.268
131500,0.110,0.632,0.258
132000,0.099,0.649,0.252
132500,0.100,0.651,0.249
133000,0.095,0.624,0.281
133500,0.099,0.624,0.277
134000,0.099,0.647,0.254
134500,0.099,0.668,0.233
135000,0.100,0.652,0.248
135500,0.098,0.641,0.261
136000,0.096,0.634,0.270
136500,0.106,0.641,0.253
137000,0.100,0.625,0.275
137500,0.102,0.643,0.255
138000,0.095,0.690,0.215
138500,0.098,0.679,0.223
139000,0.096,0.662,0.242
139500,0.104,0.678,0.218
140000,0.098,0.663,0.239
140500,0.105,0.682,0.213
141000,0.100,0.677,0.223
141500,0.099,0.705,0.196
142000,0.103,0.698,0.199
142500,0.098,0.683,0.219
143000,0.102,0.658,0.240
143500,0.103,0.634,0.263
144000,0.110,0.581,0.309
144500,0.108,0.623,0.269
145000,0.104,0.588,0.308
145500,0.109,0.598,0.293
146000,0.114,0.593,0.293
146500,0.115,0.600,0.285
147000,0.132,0.580,0.288
147500,0.121,0.578,0.301
148000,0.128,0.610,0.262
148500,0.109,0.657,0.234
149000,0.103,0.663,0.234
149500,0.103,0.657,0.240
150000,0.103,0.663,0.234
150500,0.106,0.669,0.225
151000,0.110,0.613,0.277
151500,0.106,0.622,0.272
152000,0.116,0.619,0.265
152500,0.115,0.594,0.291
153000,0.114,0.602,0.284
153500,0.103,0.627,0.270
154000,0.104,0.639,0.257
154500,0.103,0.615,0.282
155000,0.108,0.610,0.282
155500,0.109,0.602,0.289
156000,0.107,0.605,0.288
156500,0.112,0.653,0.235
157000,0.119,0.602,0.279
157500,0.110,0.598,0.292
158000,0.102,0.619,0.279
158500,0.112,0.624,0.264
159000,0.107,0.643,0.250
159500,0.119,0.624,0.257
160000,0.121,0.600,0.279
160500,0.123,0.576,0.301
161000,0.111,0.611,0.278
161500,0.118,0.617,0.265
162000,0.105,0.626,0.269
162500,0.104,0.621,0.275
163000,0.118,0.594,0.288
163500,0.107,0.617,0.276
164000,0.105,0.601,0.294
164500,0.124,0.603,0.273
165000,0.115,0.613,0.272
165500,0.108,0.623,0.269
166000,0.107,0.617,0.276
166500,0.105,0.628,0.267
167000,0.109,0.636,0.255
167500,0.098,0.636,0.266
168000,0.107,0.651,0.242
168500,0.109,0.626,0.265
169000,0.109,0.633,0.258
169500,0.104,0.640,0.256
170000,0.108,0.628,0.264
170500,0.104,0.664,0.232
171000,0.103,0.649,0.248
171500,0.101,0.686,0.213
172000,0.100,0.656,0.244
172500,0.091,0.671,0.238
173000,0.089,0.659,0.252
173500,0.094,0.662,0.244
174000,0.094,0.654,0.252
174500,0.100,0.639,0.261
175000,0.111,0.652,0.237
175500,0.097,0.653,0.250
176000,0.108,0.629,0.263
176500,0.108,0.620,0.272
177000,0.117,0.613,0.270
177500,0.104,0.640,0.256
178000,0.099,0.637,0.264
178500,0.097,0.637,0.266
179000,0.097,0.651,0.252
179500,0.100,0.635,0.265
180000,0.097,0.663,0.240
180500,0.093,0.691,0.216
181000,0.104,0.682,0.214
181500,0.095,0.644,0.261
182000,0.096,0.672,0.232
182500,0.099,0.671,0.230
183000,0.095,0.659,0.246
183500,0.087,0.662,0.251
184000,0.088,0.643,0.269
184500,0.102,0.627,0.271
185000,0.101,0.640,0.259
185500,0.106,0.665,0.229
186000,0.094,0.648,0.258
186500,0.100,0.663,0.237
187000,0.103,0.670,0.227
187500,0.098,0.687,0.215
188000,0.093,0.716,0.191
188500,0.090,0.695,0.215
189000,0.094,0.707,0.199
189500,0.092,0.691,0.217
190000,0.101,0.660,0.239
190500,0.099,0.687,0.214
191000,0.099,0.656,0.245
191500,0.097,0.641,0.262
192000,0.101,0.645,0.254
192500,0.106,0.661,0.233
193000,0.099,0.699,0.202
193500,0.099,0.671,0.230
194000,0.102,0.668,0.230
194500,0.104,0.647,0.249
195000,0.093,0.646,0.261
195500,0.093,0.640,0.267
196000,0.089,0.648,0.263
196500,0.096,0.680,0.224
197000,0.100,0.671,0.229
197500,0.092,0.709,0.199
198000,0.093,0.704,0.203
198500,0.104,0.653,0.243
199000,0.110,0.646,0.244
199500,0.112,0.658,0.230
200000,0.099,0.680,0.221
200500,0.104,0.643,0.253
201000,0.108,0.618,0.274
201500,0.117,0.581,0.302
202000,0.131,0.576,0.293
202500,0.115,0.613,0.272
203000,0.113,0.605,0.282
203500,0.112,0.615,0.273
204000,0.117,0.621,0.262
204500,0.104,0.629,0.267
205000,0.103,0.581,0.316
205500,0.117,0.561,0.322
206000,0.133,0.547,0.320
206500,0.113,0.562,0.325
207000,0.105,0.601,0.294
207500,0.102,0.620,0.278
208000,0.111,0.609,0.280
208500,0.120,0.599,0.281
209000,0.125,0.578,0.297
209500,0.120,0.561,0.319
210000,0.107,0.595,0.298
210500,0.112,0.567,0.321
211000,0.112,0.572,0.316
211500,0.124,0.593,0.283
212000,0.116,0.597,0.287
212500,0.118,0.579,0.303
213000,0.116,0.584,0.300
213500,0.117,0.585,0.298
214000,0.124,0.570,0.306
214500,0.125,0.593,0.282
215000,0.120,0.562,0.318
215500,0.124,0.581,0.295
216000,0.113,0.614,0.273
216500,0.112,0.612,0.276
217000,0.104,0.648,0.248
217500,0.101,0.686,0.213
218000,0.106,0.671,0.223
218500,0.098,0.673,0.229
219000,0.100,0.681,0.219
219500,0.097,0.695,0.208
220000,0.090,0.715,0.195
220500,0.089,0.713,0.198
221000,0.084,0.722,0.194
221500,0.087,0.715,0.198
222000,0.090,0.669,0.241
222500,0.089,0.679,0.232
223000,0.093,0.707,0.200
223500,0.090,0.689,0.221
224000,0.094,0.705,0.201
224500,0.087,0.705,0.208
225000,0.097,0.699,0.204
225500,0.094,0.697,0.209
226000,0.096,0.682,0.222
226500,0.093,0.654,0.253
227000,0.102,0.657,0.241
227500,0.100,0.664,0.236
228000,0.114,0.660,0.226
228500,0.107,0.633,0.260
229000,0.111,0.640,0.249
229500,0.103,0.656,0.241
230000,0.108,0.653,0.239
230500,0.101,0.662,0.237
231000,0.100,0.704,0.196
231500,0.098,0.669,0.233
232000,0.103,0.661,0.236
232500,0.100,0.648,0.252
233000,0.105,0.651,0.244
233500,0.103,0.656,0.241
234000,0.109,0.654,0.237
234500,0.102,0.638,0.260
235000,0.095,0.644,0.261
235500,0.094,0.684,0.222
236000,0.089,0.662,0.249
236500,0.089,0.672,0.239
237000,0.098,0.679,0.223
237500,0.096,0.676,0.228
238000,0.090,0.672,0.238
238500,0.095,0.678,0.227
239000,0.098,0.645,0.257
239500,0.102,0.653,0.245
240000,0.106,0.643,0.251
240500,0.098,0.665,0.237
241000,0.100,0.656,0.244
241500,0.097,0.671,0.232
242000,0.095,0.663,0.242
242500,0.112,0.641,0.247
243000,0.125,0.588,0.287
243500,0.118,0.595,0.287
244000,0.119,0.578,0.303
244500,0.122,0.601,0.277
245000,0.118,0.600,0.282
245500,0.118,0.585,0.297
246000,0.114,0.569,0.317
246500,0.126,0.573,0.301
247000,0.145,0.549,0.306
247500,0.140,0.532,0.328
248000,0.147,0.535,0.318
248500,0.173,0.536,0.291
249000,0.157,0.517,0.326
249500,0.147,0.496,0.357
250000,0.178,0.464,0.358
250500,0.209,0.455,0.336
251000,0.202,0.425,0.373
251500,0.222,0.405,0.373
252000,0.239,0.390,0.371
252500,0.241,0.374,0.385
253000,0.253,0.357,0.390
253500,0.271,0.333,0.396
254000,0.286,0.328,0.386
254500,0.278,0.331,0.391
255000,0.310,0.292,0.398
255500,0.369,0.251,0.380
256000,0.407,0.192,0.401
256500,0.438,0.156,0.406
257000,0.516,0.125,0.359
257500,0.584,0.083,0.333
258000,0.688,0.047,0.265
258500,0.746,0.032,0.222
259000,0.784,0.015,0.201
259500,0.834,0.003,0.163
260000,0.882,0.004,0.114
260500,0.926,0.001,0.073
261000,0.951,0.001,0.048
261500,0.967,0.001,0.032
262000,0.978,0.001,0.021
262500,0.984,0.001,0.015
263000,0.989,0.000,0.011
263500,0.995,0.000,0.005
264000,0.994,0.000,0.006
264500,0.991,0.000,0.009
265000,0.992,0.000,0.008
265500,0.990,0.000,0.010
266000,0.997,0.000,0.003
266500,0.997,0.000,0.003
267000,1.000,0.000,0.000
