time,n_A+p,n_B,n_AB
500,0.030,0.417,0.553
1000,0.030,0.233,0.737
1500,0.030,0.268,0.702
2000,0.030,0.292,0.678
2500,0.030,0.277,0.693
3000,0.030,0.310,0.660
3500,0.030,0.305,0.665
4000,0.030,0.438,0.532
4500,0.030,0.245,0.725
5000,0.030,0.228,0.742
5500,0.030,0.377,0.593
6000,0.030,0.250,0.720
6500,0.030,0.226,0.744
7000,0.031,0.282,0.687
7500,0.030,0.215,0.755
8000,0.030,0.332,0.638
8500,0.030,0.241,0.729
9000,0.030,0.295,0.675
9500,0.030,0.382,0.588
10000,0.030,0.276,0.694
10500,0.030,0.274,0.696
11000,0.030,0.413,0.557
11500,0.030,0.409,0.561
12000,0.030,0.374,0.596
12500,0.030,0.295,0.675
13000,0.030,0.234,0.736
13500,0.030,0.296,0.674
14000,0.030,0.337,0.633
14500,0.030,0.206,0.764
15000,0.030,0.269,0.701
15500,0.030,0.187,0.783
16000,0.030,0.215,0.755
16500,0.224,0.006,0.770
17000,1.000,0.000,0.000
