time,n_A+p,n_B,n_AB
500,0.030,0.772,0.198
1000,0.030,0.782,0.188
1500,0.030,0.806,0.164
2000,0.030,0.755,0.215
2500,0.030,0.727,0.243
3000,0.030,0.679,0.291
3500,0.030,0.805,0.165
4000,0.030,0.731,0.239
4500,0.030,0.815,0.155
5000,0.030,0.741,0.229
5500,0.030,0.703,0.267
6000,0.030,0.804,0.166
6500,0.030,0.616,0.354
7000,0.030,0.813,0.157
7500,0.030,0.716,0.254
8000,0.030,0.729,0.241
8500,0.030,0.702,0.268
9000,0.030,0.839,0.131
9500,0.030,0.716,0.254
10000,0.030,0.852,0.118
10500,0.030,0.599,0.371
11000,0.030,0.702,0.268
11500,0.030,0.654,0.316
12000,0.030,0.718,0.252
12500,0.030,0.620,0.350
13000,0.030,0.630,0.340
13500,0.030,0.828,0.142
14000,0.030,0.781,0.189
14500,0.030,0.787,0.183
15000,0.030,0.735,0.235
15500,0.030,0.769,0.201
16000,0.030,0.717,0.253
16500,0.030,0.771,0.199
17000,0.030,0.727,0.243
17500,0.030,0.817,0.153
18000,0.030,0.638,0.332
18500,0.030,0.767,0.203
19000,0.030,0.754,0.216
19500,0.030,0.687,0.283
20000,0.030,0.623,0.347
20500,0.030,0.702,0.268
21000,0.030,0.792,0.178
21500,0.030,0.874,0.096
22000,0.030,0.626,0.344
22500,0.030,0.815,0.155
23000,0.030,0.784,0.186
23500,0.030,0.719,0.251
24000,0.030,0.791,0.179
24500,0.030,0.771,0.199
25000,0.030,0.749,0.221
25500,0.030,0.754,0.216
26000,0.030,0.834,0.136
26500,0.030,0.709,0.261
27000,0.030,0.678,0.292
27500,0.030,0.809,0.161
28000,0.030,0.663,0.307
28500,0.030,0.603,0.367
29000,0.030,0.793,0.177
29500,0.030,0.701,0.269
30000,0.030,0.848,0.122
30500,0.030,0.759,0.211
31000,0.030,0.826,0.144
31500,0.030,0.740,0.230
32000,0.030,0.776,0.194
32500,0.030,0.799,0.171
33000,0.030,0.768,0.202
33500,0.030,0.809,0.161
34000,0.030,0.894,0.076
34500,0.030,0.716,0.254
35000,0.030,0.608,0.362
35500,0.030,0.468,0.502
36000,0.030,0.851,0.119
36500,0.030,0.793,0.177
37000,0.030,0.802,0.168
37500,0.030,0.663,0.307
38000,0.030,0.803,0.167
38500,0.030,0.796,0.174
39000,0.030,0.842,0.128
39500,0.030,0.750,0.220
40000,0.030,0.845,0.125
40500,0.030,0.676,0.294
41000,0.030,0.799,0.171
41500,0.030,0.708,0.262
42000,0.030,0.860,0.110
42500,0.030,0.668,0.302
43000,0.030,0.649,0.321
43500,0.030,0.846,0.124
44000,0.030,0.794,0.176
44500,0.030,0.923,0.047
45000,0.030,0.932,0.038
45500,0.030,0.807,0.163
46000,0.030,0.683,0.287
46500,0.030,0.819,0.151
47000,0.030,0.682,0.288
47500,0.030,0.606,0.364
48000,0.030,0.744,0.226
48500,0.030,0.856,0.114
49000,0.030,0.829,0.141
49500,0.030,0.743,0.227
50000,0.030,0.672,0.298
50500,0.030,0.851,0.119
51000,0.030,0.630,0.340
51500,0.030,0.685,0.285
52000,0.030,0.780,0.190
52500,0.030,0.788,0.182
53000,0.030,0.813,0.157
53500,0.030,0.861,0.109
54000,0.030,0.800,0.170
54500,0.030,0.600,0.370
55000,0.030,0.638,0.332
55500,0.030,0.700,0.270
56000,0.030,0.755,0.215
56500,0.030,0.908,0.062
57000,0.030,0.723,0.247
57500,0.030,0.856,0.114
58000,0.030,0.728,0.242
58500,0.030,0.655,0.315
59000,0.030,0.429,0.541
59500,0.030,0.484,0.486
60000,0.030,0.658,0.312
60500,0.030,0.724,0.246
61000,0.030,0.839,0.131
61500,0.030,0.652,0.318
62000,0.030,0.732,0.238
62500,0.030,0.806,0.164
63000,0.030,0.670,0.300
63500,0.030,0.730,0.240
64000,0.030,0.697,0.273
64500,0.030,0.702,0.268
65000,0.030,0.828,0.142
65500,0.030,0.664,0.306
66000,0.030,0.786,0.184
66500,0.030,0.639,0.331
67000,0.030,0.618,0.352
67500,0.030,0.640,0.330
68000,0.030,0.759,0.211
68500,0.030,0.661,0.309
69000,0.030,0.773,0.197
69500,0.030,0.809,0.161
70000,0.030,0.528,0.442
70500,0.030,0.564,0.406
71000,0.030,0.644,0.326
71500,0.030,0.633,0.337
72000,0.030,0.815,0.155
72500,0.030,0.727,0.243
73000,0.030,0.693,0.277
73500,0.030,0.730,0.240
74000,0.030,0.764,0.206
74500,0.030,0.728,0.242
75000,0.030,0.616,0.354
75500,0.030,0.673,0.297
76000,0.030,0.712,0.258
76500,0.030,0.730,0.240
77000,0.030,0.887,0.083
77500,0.030,0.717,0.253
78000,0.030,0.667,0.303
78500,0.030,0.650,0.320
79000,0.030,0.763,0.207
79500,0.030,0.601,0.369
80000,0.030,0.723,0.247
80500,0.030,0.761,0.209
81000,0.030,0.753,0.217
81500,0.030,0.622,0.348
82000,0.030,0.749,0.221
82500,0.030,0.646,0.324
83000,0.030,0.845,0.125
83500,0.030,0.860,0.110
84000,0.030,0.842,0.128
84500,0.030,0.747,0.223
85000,0.030,0.701,0.269
85500,0.030,0.855,0.115
86000,0.030,0.795,0.175
86500,0.030,0.653,0.317
87000,0.030,0.632,0.338
87500,0.030,0.727,0.243
88000,0.030,0.759,0.211
88500,0.030,0.772,0.198
89000,0.030,0.646,0.324
89500,0.030,0.835,0.135
90000,0.030,0.831,0.139
90500,0.030,0.721,0.249
91000,0.030,0.756,0.214
91500,0.030,0.784,0.186
92000,0.030,0.644,0.326
92500,0.030,0.694,0.276
93000,0.030,0.739,0.231
93500,0.030,0.658,0.312
94000,0.030,0.577,0.393
94500,0.030,0.812,0.158
95000,0.030,0.845,0.125
95500,0.030,0.842,0.128
96000,0.030,0.741,0.229
96500,0.030,0.679,0.291
97000,0.030,0.758,0.212
97500,0.030,0.799,0.171
98000,0.030,0.914,0.056
98500,0.030,0.792,0.178
99000,0.030,0.760,0.210
99500,0.030,0.681,0.289
100000,0.030,0.660,0.310
100500,0.030,0.671,0.299
101000,0.030,0.816,0.154
101500,0.030,0.716,0.254
102000,0.030,0.539,0.431
102500,0.030,0.712,0.258
103000,0.030,0.821,0.149
103500,0.030,0.780,0.190
104000,0.030,0.779,0.191
104500,0.030,0.627,0.343
105000,0.030,0.571,0.399
105500,0.030,0.731,0.239
106000,0.030,0.652,0.318
106500,0.030,0.808,0.162
107000,0.030,0.632,0.338
107500,0.030,0.701,0.269
108000,0.030,0.810,0.160
108500,0.030,0.687,0.283
109000,0.030,0.717,0.253
109500,0.030,0.768,0.202
110000,0.030,0.738,0.232
110500,0.030,0.804,0.166
111000,0.030,0.661,0.309
111500,0.030,0.641,0.329
112000,0.030,0.721,0.249
112500,0.030,0.671,0.299
113000,0.030,0.659,0.311
113500,0.030,0.859,0.111
114000,0.030,0.837,0.133
114500,0.030,0.752,0.218
115000,0.030,0.762,0.208
115500,0.030,0.783,0.187
116000,0.030,0.758,0.212
116500,0.030,0.809,0.161
117000,0.030,0.737,0.233
117500,0.030,0.669,0.301
118000,0.030,0.667,0.303
118500,0.030,0.790,0.180
119000,0.030,0.695,0.275
119500,0.030,0.629,0.341
120000,0.030,0.817,0.153
120500,0.030,0.819,0.151
121000,0.030,0.875,0.095
121500,0.030,0.883,0.087
122000,0.030,0.674,0.296
122500,0.030,0.799,0.171
123000,0.030,0.840,0.130
123500,0.030,0.756,0.214
124000,0.030,0.798,0.172
124500,0.030,0.739,0.231
125000,0.030,0.703,0.267
125500,0.030,0.728,0.242
126000,0.030,0.762,0.208
126500,0.030,0.741,0.229
127000,0.030,0.788,0.182
127500,0.030,0.835,0.135
128000,0.030,0.845,0.125
128500,0.030,0.780,0.190
129000,0.030,0.828,0.142
129500,0.030,0.710,0.260
130000,0.030,0.732,0.238
130500,0.030,0.661,0.309
131000,0.030,0.832,0.138
131500,0.030,0.823,0.147
132000,0.030,0.614,0.356
132500,0.030,0.821,0.149
133000,0.030,0.685,0.285
133500,0.030,0.764,0.206
134000,0.030,0.690,0.280
134500,0.030,0.668,0.302
135000,0.030,0.723,0.247
135500,0.030,0.686,0.284
136000,0.030,0.704,0.266
136500,0.030,0.717,0.253
137000,0.030,0.570,0.400
137500,0.030,0.856,0.114
138000,0.030,0.778,0.192
138500,0.030,0.752,0.218
139000,0.030,0.697,0.273
139500,0.030,0.855,0.115
140000,0.030,0.719,0.251
140500,0.030,0.632,0.338
141000,0.030,0.656,0.314
141500,0.030,0.599,0.371
142000,0.030,0.656,0.314
142500,0.030,0.868,0.102
143000,0.030,0.825,0.145
143500,0.030,0.779,0.191
144000,0.030,0.637,0.333
144500,0.030,0.643,0.327
145000,0.030,0.773,0.197
145500,0.030,0.857,0.113
146000,0.030,0.844,0.126
146500,0.030,0.699,0.271
147000,0.030,0.622,0.348
147500,0.030,0.646,0.324
148000,0.030,0.563,0.407
148500,0.030,0.753,0.217
149000,0.030,0.654,0.316
149500,0.030,0.563,0.407
150000,0.030,0.730,0.240
150500,0.030,0.602,0.368
151000,0.030,0.852,0.118
151500,0.030,0.791,0.179
152000,0.030,0.703,0.267
152500,0.030,0.561,0.409
153000,0.030,0.577,0.393
153500,0.030,0.773,0.197
154000,0.030,0.650,0.320
154500,0.030,0.820,0.150
155000,0.030,0.728,0.242
155500,0.030,0.721,0.249
156000,0.030,0.826,0.144
156500,0.030,0.827,0.143
157000,0.030,0.769,0.201
157500,0.030,0.703,0.267
158000,0.030,0.710,0.260
158500,0.030,0.678,0.292
159000,0.030,0.857,0.113
159500,0.030,0.825,0.145
160000,0.030,0.739,0.231
160500,0.030,0.593,0.377
161000,0.030,0.685,0.285
161500,0.030,0.605,0.365
162000,0.030,0.814,0.156
162500,0.030,0.848,0.122
163000,0.030,0.608,0.362
163500,0.030,0.702,0.268
164000,0.030,0.591,0.379
164500,0.030,0.641,0.329
165000,0.030,0.798,0.172
165500,0.030,0.592,0.378
166000,0.030,0.716,0.254
166500,0.030,0.620,0.350
167000,0.030,0.893,0.077
167500,0.030,0.737,0.233
168000,0.030,0.789,0.181
168500,0.030,0.867,0.103
169000,0.030,0.730,0.240
169500,0.030,0.744,0.226
170000,0.030,0.734,0.236
170500,0.030,0.796,0.174
171000,0.030,0.756,0.214
171500,0.030,0.663,0.307
172000,0.030,0.663,0.307
172500,0.030,0.585,0.385
173000,0.030,0.690,0.280
173500,0.030,0.825,0.145
174000,0.030,0.661,0.309
174500,0.030,0.665,0.305
175000,0.030,0.729,0.241
175500,0.030,0.761,0.209
176000,0.030,0.645,0.325
176500,0.030,0.718,0.252
177000,0.030,0.681,0.289
177500,0.030,0.573,0.397
178000,0.030,0.808,0.162
178500,0.030,0.828,0.142
179000,0.030,0.656,0.314
179500,0.030,0.733,0.237
180000,0.030,0.614,0.356
180500,0.030,0.580,0.390
181000,0.030,0.693,0.277
181500,0.030,0.802,0.168
182000,0.030,0.816,0.154
182500,0.030,0.665,0.305
183000,0.030,0.747,0.223
183500,0.030,0.811,0.159
184000,0.030,0.785,0.185
184500,0.030,0.711,0.259
185000,0.030,0.838,0.132
185500,0.030,0.659,0.311
186000,0.030,0.722,0.248
186500,0.030,0.823,0.147
187000,0.030,0.799,0.171
187500,0.030,0.635,0.335
188000,0.030,0.690,0.280
188500,0.030,0.756,0.214
189000,0.030,0.786,0.184
189500,0.030,0.499,0.471
190000,0.030,0.906,0.064
190500,0.030,0.628,0.342
191000,0.030,0.727,0.243
191500,0.030,0.692,0.278
192000,0.030,0.690,0.280
192500,0.030,0.606,0.364
193000,0.030,0.806,0.164
193500,0.030,0.758,0.212
194000,0.030,0.765,0.205
194500,0.030,0.712,0.258
195000,0.030,0.728,0.242
195500,0.030,0.657,0.313
196000,0.030,0.646,0.324
196500,0.030,0.708,0.262
197000,0.030,0.641,0.329
197500,0.030,0.805,0.165
198000,0.030,0.657,0.313
198500,0.030,0.623,0.347
199000,0.030,0.632,0.338
199500,0.030,0.709,0.261
200000,0.030,0.645,0.325
200500,0.030,0.649,0.321
201000,0.030,0.832,0.138
201500,0.030,0.776,0.194
202000,0.030,0.670,0.300
202500,0.030,0.685,0.285
203000,0.030,0.702,0.268
203500,0.030,0.694,0.276
204000,0.030,0.773,0.197
204500,0.030,0.773,0.197
205000,0.030,0.739,0.231
205500,0.030,0.682,0.288
206000,0.030,0.739,0.231
206500,0.030,0.762,0.208
207000,0.030,0.918,0.052
207500,0.030,0.838,0.132
208000,0.030,0.612,0.358
208500,0.030,0.640,0.330
209000,0.030,0.706,0.264
209500,0.030,0.698,0.272
210000,0.030,0.716,0.254
210500,0.030,0.805,0.165
211000,0.030,0.708,0.262
211500,0.030,0.766,0.204
212000,0.030,0.790,0.180
212500,0.030,0.803,0.167
213000,0.030,0.903,0.067
213500,0.030,0.694,0.276
214000,0.030,0.682,0.288
214500,0.030,0.773,0.197
215000,0.030,0.828,0.142
215500,0.030,0.727,0.243
216000,0.030,0.721,0.249
216500,0.030,0.831,0.139
217000,0.030,0.777,0.193
217500,0.030,0.788,0.182
218000,0.030,0.815,0.155
218500,0.030,0.788,0.182
219000,0.030,0.846,0.124
219500,0.030,0.731,0.239
220000,0.030,0.733,0.237
220500,0.030,0.775,0.195
221000,0.030,0.858,0.112
221500,0.030,0.698,0.272
222000,0.030,0.715,0.255
222500,0.030,0.781,0.189
223000,0.030,0.651,0.319
223500,0.030,0.722,0.248
224000,0.030,0.792,0.178
224500,0.030,0.701,0.269
225000,0.030,0.558,0.412
225500,0.030,0.672,0.298
226000,0.030,0.695,0.275
226500,0.030,0.755,0.215
227000,0.030,0.881,0.089
227500,0.030,0.784,0.186
228000,0.030,0.696,0.274
228500,0.030,0.818,0.152
229000,0.030,0.758,0.212
229500,0.030,0.754,0.216
230000,0.030,0.714,0.256
230500,0.030,0.774,0.196
231000,0.030,0.732,0.238
231500,0.030,0.774,0.196
232000,0.030,0.728,0.242
232500,0.030,0.915,0.055
233000,0.030,0.735,0.235
233500,0.030,0.565,0.405
234000,0.030,0.615,0.355
234500,0.030,0.629,0.341
235000,0.030,0.674,0.296
235500,0.030,0.639,0.331
236000,0.030,0.750,0.220
236500,0.030,0.639,0.331
237000,0.030,0.741,0.229
237500,0.030,0.735,0.235
238000,0.030,0.789,0.181
238500,0.030,0.719,0.251
239000,0.030,0.837,0.133
239500,0.030,0.663,0.307
240000,0.030,0.574,0.396
240500,0.030,0.708,0.262
241000,0.030,0.714,0.256
241500,0.030,0.723,0.247
242000,0.030,0.633,0.337
242500,0.030,0.743,0.227
243000,0.030,0.777,0.193
243500,0.030,0.704,0.266
244000,0.030,0.693,0.277
244500,0.030,0.778,0.192
245000,0.030,0.753,0.217
245500,0.030,0.732,0.238
246000,0.030,0.709,0.261
246500,0.030,0.826,0.144
247000,0.030,0.710,0.260
247500,0.030,0.645,0.325
248000,0.030,0.692,0.278
248500,0.030,0.795,0.175
249000,0.030,0.754,0.216
249500,0.030,0.699,0.271
250000,0.030,0.712,0.258
250500,0.030,0.680,0.290
251000,0.030,0.674,0.296
251500,0.030,0.724,0.246
252000,0.030,0.656,0.314
252500,0.030,0.689,0.281
253000,0.030,0.613,0.357
253500,0.030,0.681,0.289
254000,0.030,0.694,0.276
254500,0.030,0.714,0.256
255000,0.030,0.806,0.164
255500,0.030,0.698,0.272
256000,0.030,0.684,0.286
256500,0.030,0.813,0.157
257000,0.030,0.738,0.232
257500,0.030,0.626,0.344
258000,0.030,0.890,0.080
258500,0.030,0.730,0.240
259000,0.030,0.800,0.170
259500,0.030,0.892,0.078
260000,0.030,0.656,0.314
260500,0.030,0.733,0.237
261000,0.030,0.773,0.197
261500,0.030,0.810,0.160
262000,0.030,0.820,0.150
262500,0.030,0.808,0.162
263000,0.030,0.717,0.253
263500,0.030,0.800,0.170
264000,0.030,0.765,0.205
264500,0.030,0.675,0.295
265000,0.030,0.758,0.212
265500,0.030,0.768,0.202
266000,0.030,0.718,0.252
266500,0.030,0.852,0.118
267000,0.030,0.766,0.204
267500,0.030,0.866,0.104
268000,0.030,0.805,0.165
268500,0.030,0.648,0.322
269000,0.030,0.765,0.205
269500,0.030,0.682,0.288
270000,0.030,0.691,0.279
270500,0.030,0.661,0.309
271000,0.030,0.769,0.201
271500,0.030,0.761,0.209
272000,0.030,0.719,0.251
272500,0.030,0.602,0.368
273000,0.030,0.775,0.195
273500,0.030,0.811,0.159
274000,0.030,0.734,0.236
274500,0.030,0.642,0.328
275000,0.030,0.676,0.294
275500,0.030,0.845,0.125
276000,0.030,0.732,0.238
276500,0.030,0.804,0.166
277000,0.030,0.520,0.450
277500,0.030,0.756,0.214
278000,0.030,0.673,0.297
278500,0.030,0.681,0.289
279000,0.030,0.694,0.276
279500,0.030,0.714,0.256
280000,0.030,0.651,0.319
280500,0.030,0.634,0.336
281000,0.030,0.663,0.307
281500,0.030,0.565,0.405
282000,0.030,0.630,0.340
282500,0.030,0.709,0.261
283000,0.030,0.756,0.214
283500,0.030,0.745,0.225
284000,0.030,0.632,0.338
284500,0.030,0.822,0.148
285000,0.030,0.699,0.271
285500,0.030,0.683,0.287
286000,0.030,0.700,0.270
286500,0.030,0.812,0.158
287000,0.030,0.740,0.230
287500,0.030,0.808,0.162
288000,0.030,0.892,0.078
288500,0.030,0.769,0.201
289000,0.030,0.750,0.220
289500,0.030,0.730,0.240
290000,0.030,0.709,0.261
290500,0.030,0.644,0.326
291000,0.030,0.756,0.214
291500,0.030,0.742,0.228
292000,0.030,0.654,0.316
292500,0.030,0.664,0.306
293000,0.030,0.612,0.358
293500,0.030,0.655,0.315
294000,0.030,0.794,0.176
294500,0.030,0.744,0.226
295000,0.030,0.839,0.131
295500,0.030,0.505,0.465
296000,0.030,0.867,0.103
296500,0.030,0.782,0.188
297000,0.030,0.773,0.197
297500,0.030,0.802,0.168
298000,0.030,0.820,0.150
298500,0.030,0.715,0.255
299000,0.030,0.645,0.325
299500,0.030,0.880,0.090
300000,0.030,0.811,0.159
300500,0.030,0.825,0.145
301000,0.030,0.799,0.171
301500,0.030,0.689,0.281
302000,0.030,0.674,0.296
302500,0.030,0.774,0.196
303000,0.030,0.800,0.170
303500,0.030,0.779,0.191
304000,0.030,0.618,0.352
304500,0.030,0.721,0.249
305000,0.030,0.845,0.125
305500,0.030,0.707,0.263
306000,0.030,0.889,0.081
306500,0.030,0.694,0.276
307000,0.030,0.742,0.228
307500,0.030,0.919,0.051
308000,0.030,0.821,0.149
308500,0.030,0.732,0.238
309000,0.030,0.740,0.230
309500,0.030,0.776,0.194
310000,0.030,0.674,0.296
310500,0.030,0.849,0.121
311000,0.030,0.780,0.190
311500,0.030,0.734,0.236
312000,0.030,0.689,0.281
312500,0.030,0.668,0.302
313000,0.030,0.706,0.264
313500,0.030,0.730,0.240
314000,0.030,0.667,0.303
314500,0.030,0.722,0.248
315000,0.030,0.839,0.131
315500,0.030,0.766,0.204
316000,0.030,0.802,0.168
316500,0.030,0.722,0.248
317000,0.030,0.792,0.178
317500,0.030,0.721,0.249
318000,0.030,0.688,0.282
318500,0.030,0.632,0.338
319000,0.030,0.770,0.200
319500,0.030,0.806,0.164
320000,0.030,0.727,0.243
320500,0.030,0.722,0.248
321000,0.030,0.781,0.189
321500,0.030,0.876,0.094
322000,0.030,0.684,0.286
322500,0.030,0.685,0.285
323000,0.030,0.878,0.092
323500,0.030,0.825,0.145
324000,0.030,0.772,0.198
324500,0.030,0.657,0.313
325000,0.030,0.797,0.173
325500,0.030,0.637,0.333
326000,0.030,0.656,0.314
326500,0.030,0.753,0.217
327000,0.030,0.657,0.313
327500,0.030,0.599,0.371
328000,0.030,0.540,0.430
328500,0.030,0.734,0.236
329000,0.030,0.645,0.325
329500,0.030,0.613,0.357
330000,0.030,0.586,0.384
330500,0.030,0.655,0.315
331000,0.030,0.810,0.160
331500,0.030,0.702,0.268
332000,0.030,0.732,0.238
332500,0.030,0.680,0.290
333000,0.030,0.817,0.153
333500,0.030,0.662,0.308
334000,0.030,0.699,0.271
334500,0.030,0.804,0.166
335000,0.030,0.664,0.306
335500,0.030,0.865,0.105
336000,0.030,0.822,0.148
336500,0.030,0.651,0.319
337000,0.030,0.703,0.267
337500,0.030,0.730,0.240
338000,0.030,0.784,0.186
338500,0.030,0.718,0.252
339000,0.030,0.746,0.224
339500,0.030,0.872,0.098
340000,0.030,0.678,0.292
340500,0.030,0.667,0.303
341000,0.030,0.724,0.246
341500,0.030,0.648,0.322
342000,0.030,0.737,0.233
342500,0.030,0.632,0.338
343000,0.030,0.683,0.287
343500,0.030,0.744,0.226
344000,0.030,0.692,0.278
344500,0.030,0.770,0.200
345000,0.030,0.784,0.186
345500,0.030,0.820,0.150
346000,0.030,0.505,0.465
346500,0.030,0.716,0.254
347000,0.030,0.646,0.324
347500,0.030,0.868,0.102
348000,0.030,0.706,0.264
348500,0.030,0.788,0.182
349000,0.030,0.694,0.276
349500,0.030,0.575,0.395
350000,0.030,0.803,0.167
350500,0.030,0.714,0.256
351000,0.030,0.624,0.346
351500,0.030,0.690,0.280
352000,0.030,0.728,0.242
352500,0.030,0.630,0.340
353000,0.030,0.608,0.362
353500,0.030,0.653,0.317
354000,0.030,0.745,0.225
354500,0.030,0.687,0.283
355000,0.030,0.812,0.158
355500,0.030,0.661,0.309
356000,0.030,0.606,0.364
356500,0.030,0.783,0.187
357000,0.030,0.749,0.221
357500,0.030,0.580,0.390
358000,0.030,0.775,0.195
358500,0.030,0.751,0.219
359000,0.030,0.711,0.259
359500,0.030,0.693,0.277
360000,0.030,0.714,0.256
360500,0.030,0.736,0.234
361000,0.030,0.871,0.099
361500,0.030,0.775,0.195
362000,0.030,0.782,0.188
362500,0.030,0.858,0.112
363000,0.030,0.797,0.173
363500,0.030,0.700,0.270
364000,0.030,0.657,0.313
364500,0.030,0.709,0.261
365000,0.030,0.498,0.472
365500,0.030,0.828,0.142
366000,0.030,0.851,0.119
366500,0.030,0.837,0.133
367000,0.030,0.593,0.377
367500,0.030,0.760,0.210
368000,0.030,0.640,0.330
368500,0.030,0.686,0.284
369000,0.030,0.826,0.144
369500,0.030,0.633,0.337
370000,0.030,0.715,0.255
370500,0.030,0.779,0.191
371000,0.030,0.791,0.179
371500,0.030,0.640,0.330
372000,0.030,0.689,0.281
372500,0.030,0.721,0.249
373000,0.030,0.705,0.265
373500,0.030,0.787,0.183
374000,0.030,0.686,0.284
374500,0.030,0.693,0.277
375000,0.030,0.617,0.353
375500,0.030,0.613,0.357
376000,0.030,0.696,0.274
376500,0.030,0.556,0.414
377000,0.030,0.835,0.135
377500,0.030,0.658,0.312
378000,0.030,0.653,0.317
378500,0.030,0.841,0.129
379000,0.030,0.876,0.094
379500,0.030,0.515,0.455
380000,0.030,0.776,0.194
380500,0.030,0.708,0.262
381000,0.030,0.692,0.278
381500,0.030,0.854,0.116
382000,0.030,0.653,0.317
382500,0.030,0.656,0.314
383000,0.030,0.632,0.338
383500,0.030,0.714,0.256
384000,0.030,0.703,0.267
384500,0.030,0.704,0.266
385000,0.030,0.805,0.165
385500,0.030,0.694,0.276
386000,0.030,0.709,0.261
386500,0.030,0.718,0.252
387000,0.030,0.868,0.102
387500,0.030,0.878,0.092
388000,0.030,0.808,0.162
388500,0.030,0.795,0.175
389000,0.030,0.588,0.382
389500,0.030,0.635,0.335
390000,0.030,0.812,0.158
390500,0.030,0.877,0.093
391000,0.030,0.826,0.144
391500,0.030,0.609,0.361
392000,0.030,0.761,0.209
392500,0.030,0.866,0.104
393000,0.030,0.687,0.283
393500,0.030,0.878,0.092
394000,0.030,0.603,0.367
394500,0.030,0.785,0.185
395000,0.030,0.743,0.227
395500,0.030,0.718,0.252
396000,0.030,0.627,0.343
396500,0.030,0.759,0.211
397000,0.030,0.724,0.246
397500,0.030,0.793,0.177
398000,0.030,0.773,0.197
398500,0.030,0.754,0.216
399000,0.030,0.818,0.152
399500,0.030,0.576,0.394
400000,0.030,0.672,0.298
400500,0.030,0.802,0.168
401000,0.030,0.727,0.243
401500,0.030,0.760,0.210
402000,0.030,0.783,0.187
402500,0.030,0.753,0.217
403000,0.030,0.651,0.319
403500,0.030,0.661,0.309
404000,0.030,0.613,0.357
404500,0.030,0.759,0.211
405000,0.030,0.688,0.282
405500,0.030,0.621,0.349
406000,0.030,0.752,0.218
406500,0.030,0.646,0.324
407000,0.030,0.659,0.311
407500,0.030,0.616,0.354
408000,0.030,0.806,0.164
408500,0.030,0.914,0.056
409000,0.030,0.776,0.194
409500,0.030,0.728,0.242
410000,0.030,0.882,0.088
410500,0.030,0.653,0.317
411000,0.030,0.846,0.124
411500,0.030,0.807,0.163
412000,0.030,0.775,0.195
412500,0.030,0.719,0.251
413000,0.030,0.651,0.319
413500,0.030,0.668,0.302
414000,0.030,0.705,0.265
414500,0.030,0.727,0.243
415000,0.030,0.699,0.271
415500,0.030,0.758,0.212
416000,0.030,0.857,0.113
416500,0.030,0.570,0.400
417000,0.030,0.648,0.322
417500,0.030,0.844,0.126
418000,0.030,0.741,0.229
418500,0.030,0.627,0.343
419000,0.030,0.539,0.431
419500,0.030,0.782,0.188
420000,0.030,0.753,0.217
420500,0.030,0.560,0.410
421000,0.030,0.737,0.233
421500,0.030,0.729,0.241
422000,0.030,0.676,0.294
422500,0.030,0.774,0.196
423000,0.030,0.758,0.212
423500,0.030,0.902,0.068
424000,0.030,0.803,0.167
424500,0.030,0.530,0.440
425000,0.030,0.632,0.338
425500,0.030,0.709,0.261
426000,0.030,0.616,0.354
426500,0.030,0.733,0.237
427000,0.030,0.765,0.205
427500,0.030,0.738,0.232
428000,0.030,0.808,0.162
428500,0.030,0.771,0.199
429000,0.030,0.759,0.211
429500,0.030,0.586,0.384
430000,0.030,0.706,0.264
430500,0.030,0.791,0.179
431000,0.030,0.636,0.334
431500,0.030,0.653,0.317
432000,0.030,0.642,0.328
432500,0.030,0.688,0.282
433000,0.030,0.800,0.170
433500,0.030,0.718,0.252
434000,0.030,0.733,0.237
434500,0.030,0.602,0.368
435000,0.030,0.818,0.152
435500,0.030,0.855,0.115
436000,0.030,0.775,0.195
436500,0.030,0.605,0.365
437000,0.030,0.741,0.229
437500,0.030,0.711,0.259
438000,0.030,0.740,0.230
438500,0.030,0.568,0.402
439000,0.030,0.703,0.267
439500,0.030,0.762,0.208
440000,0.030,0.716,0.254
440500,0.030,0.702,0.268
441000,0.030,0.754,0.216
441500,0.030,0.717,0.253
442000,0.030,0.713,0.257
442500,0.030,0.616,0.354
443000,0.030,0.778,0.192
443500,0.030,0.803,0.167
444000,0.030,0.851,0.119
444500,0.030,0.693,0.277
445000,0.030,0.687,0.283
445500,0.030,0.560,0.410
446000,0.030,0.585,0.385
446500,0.030,0.758,0.212
447000,0.030,0.725,0.245
447500,0.030,0.663,0.307
448000,0.030,0.712,0.258
448500,0.030,0.729,0.241
449000,0.030,0.753,0.217
449500,0.030,0.687,0.283
450000,0.030,0.745,0.225
450500,0.030,0.733,0.237
451000,0.030,0.763,0.207
451500,0.030,0.846,0.124
452000,0.030,0.822,0.148
452500,0.030,0.867,0.103
453000,0.030,0.801,0.169
453500,0.030,0.751,0.219
454000,0.030,0.749,0.221
454500,0.030,0.734,0.236
455000,0.030,0.778,0.192
455500,0.030,0.819,0.151
456000,0.030,0.787,0.183
456500,0.030,0.782,0.188
457000,0.030,0.840,0.130
457500,0.030,0.838,0.132
458000,0.030,0.701,0.269
458500,0.030,0.730,0.240
459000,0.030,0.741,0.229
459500,0.030,0.744,0.226
460000,0.030,0.638,0.332
460500,0.030,0.773,0.197
461000,0.030,0.758,0.212
461500,0.030,0.833,0.137
462000,0.030,0.844,0.126
462500,0.030,0.774,0.196
463000,0.030,0.782,0.188
463500,0.030,0.757,0.213
464000,0.030,0.670,0.300
464500,0.030,0.790,0.180
465000,0.030,0.702,0.268
465500,0.030,0.591,0.379
466000,0.030,0.842,0.128
466500,0.030,0.803,0.167
467000,0.030,0.774,0.196
467500,0.030,0.631,0.339
468000,0.030,0.868,0.102
468500,0.030,0.868,0.102
469000,0.030,0.635,0.335
469500,0.030,0.660,0.310
470000,0.030,0.730,0.240
470500,0.030,0.756,0.214
471000,0.030,0.745,0.225
471500,0.030,0.694,0.276
472000,0.030,0.667,0.303
472500,0.030,0.815,0.155
473000,0.030,0.861,0.109
473500,0.030,0.830,0.140
474000,0.030,0.665,0.305
474500,0.030,0.608,0.362
475000,0.030,0.766,0.204
475500,0.030,0.749,0.221
476000,0.030,0.866,0.104
476500,0.030,0.777,0.193
477000,0.030,0.683,0.287
477500,0.030,0.858,0.112
478000,0.030,0.710,0.260
478500,0.030,0.802,0.168
479000,0.030,0.669,0.301
479500,0.030,0.643,0.327
480000,0.030,0.790,0.180
480500,0.030,0.839,0.131
481000,0.030,0.656,0.314
481500,0.030,0.638,0.332
482000,0.030,0.874,0.096
482500,0.030,0.664,0.306
483000,0.030,0.871,0.099
483500,0.030,0.840,0.130
484000,0.030,0.742,0.228
484500,0.030,0.682,0.288
485000,0.030,0.824,0.146
485500,0.030,0.506,0.464
486000,0.030,0.763,0.207
486500,0.030,0.676,0.294
487000,0.030,0.771,0.199
487500,0.030,0.641,0.329
488000,0.030,0.830,0.140
488500,0.030,0.756,0.214
489000,0.030,0.769,0.201
489500,0.030,0.643,0.327
490000,0.030,0.715,0.255
490500,0.030,0.766,0.204
491000,0.030,0.724,0.246
491500,0.030,0.759,0.211
492000,0.030,0.768,0.202
492500,0.030,0.646,0.324
493000,0.030,0.710,0.260
493500,0.030,0.723,0.247
494000,0.030,0.627,0.343
494500,0.030,0.764,0.206
495000,0.030,0.662,0.308
495500,0.030,0.716,0.254
496000,0.030,0.740,0.230
496500,0.030,0.852,0.118
497000,0.030,0.693,0.277
497500,0.030,0.747,0.223
498000,0.030,0.760,0.210
498500,0.030,0.848,0.122
499000,0.030,0.763,0.207
499500,0.030,0.723,0.247
500000,0.030,0.814,0.156
500500,0.030,0.716,0.254
501000,0.030,0.688,0.282
501500,0.030,0.774,0.196
502000,0.030,0.646,0.324
502500,0.030,0.765,0.205
503000,0.030,0.801,0.169
503500,0.030,0.832,0.138
504000,0.030,0.746,0.224
504500,0.030,0.761,0.209
505000,0.030,0.657,0.313
505500,0.030,0.860,0.110
506000,0.030,0.751,0.219
506500,0.030,0.851,0.119
507000,0.030,0.857,0.113
507500,0.030,0.661,0.309
508000,0.030,0.748,0.222
508500,0.030,0.798,0.172
509000,0.030,0.711,0.259
509500,0.030,0.761,0.209
510000,0.030,0.855,0.115
510500,0.030,0.727,0.243
511000,0.030,0.624,0.346
511500,0.030,0.798,0.172
512000,0.030,0.860,0.110
512500,0.030,0.845,0.125
513000,0.030,0.781,0.189
513500,0.030,0.768,0.202
514000,0.030,0.638,0.332
514500,0.030,0.749,0.221
515000,0.030,0.677,0.293
515500,0.030,0.613,0.357
516000,0.030,0.659,0.311
516500,0.030,0.658,0.312
517000,0.030,0.610,0.360
517500,0.030,0.670,0.300
518000,0.030,0.900,0.070
518500,0.030,0.748,0.222
519000,0.030,0.827,0.143
519500,0.030,0.620,0.350
520000,0.030,0.720,0.250
520500,0.030,0.754,0.216
521000,0.030,0.790,0.180
521500,0.030,0.786,0.184
522000,0.030,0.899,0.071
522500,0.030,0.798,0.172
523000,0.030,0.702,0.268
523500,0.030,0.653,0.317
524000,0.030,0.594,0.376
524500,0.030,0.589,0.381
525000,0.030,0.820,0.150
525500,0.030,0.752,0.218
526000,0.030,0.817,0.153
526500,0.030,0.772,0.198
527000,0.030,0.741,0.229
527500,0.030,0.578,0.392
528000,0.030,0.673,0.297
528500,0.030,0.714,0.256
529000,0.030,0.726,0.244
529500,0.030,0.703,0.267
530000,0.030,0.631,0.339
530500,0.030,0.849,0.121
531000,0.030,0.709,0.261
531500,0.030,0.539,0.431
532000,0.030,0.760,0.210
532500,0.030,0.654,0.316
533000,0.030,0.754,0.216
533500,0.030,0.725,0.245
534000,0.030,0.813,0.157
534500,0.030,0.811,0.159
535000,0.030,0.550,0.420
535500,0.030,0.608,0.362
536000,0.030,0.787,0.183
536500,0.030,0.805,0.165
537000,0.030,0.902,0.068
537500,0.030,0.894,0.076
538000,0.030,0.868,0.102
538500,0.030,0.634,0.336
539000,0.030,0.638,0.332
539500,0.030,0.720,0.250
540000,0.030,0.739,0.231
540500,0.030,0.756,0.214
541000,0.030,0.784,0.186
541500,0.030,0.638,0.332
542000,0.030,0.555,0.415
542500,0.030,0.867,0.103
543000,0.030,0.863,0.107
543500,0.030,0.742,0.228
544000,0.030,0.732,0.238
544500,0.030,0.824,0.146
545000,0.030,0.692,0.278
545500,0.030,0.646,0.324
546000,0.030,0.744,0.226
546500,0.030,0.603,0.367
547000,0.030,0.738,0.232
547500,0.030,0.731,0.239
548000,0.030,0.740,0.230
548500,0.030,0.712,0.258
549000,0.030,0.790,0.180
549500,0.030,0.580,0.390
550000,0.030,0.746,0.224
550500,0.030,0.820,0.150
551000,0.030,0.772,0.198
551500,0.030,0.765,0.205
552000,0.030,0.870,0.100
552500,0.030,0.921,0.049
553000,0.030,0.741,0.229
553500,0.030,0.822,0.148
554000,0.030,0.787,0.183
554500,0.030,0.762,0.208
555000,0.030,0.778,0.192
555500,0.030,0.690,0.280
556000,0.030,0.889,0.081
556500,0.030,0.755,0.215
557000,0.030,0.835,0.135
557500,0.030,0.780,0.190
558000,0.030,0.671,0.299
558500,0.030,0.751,0.219
559000,0.030,0.617,0.353
559500,0.030,0.643,0.327
560000,0.030,0.689,0.281
560500,0.030,0.832,0.138
561000,0.030,0.684,0.286
561500,0.030,0.724,0.246
562000,0.030,0.641,0.329
562500,0.030,0.636,0.334
563000,0.030,0.819,0.151
563500,0.030,0.733,0.237
564000,0.030,0.728,0.242
564500,0.030,0.724,0.246
565000,0.030,0.744,0.226
565500,0.030,0.807,0.163
566000,0.030,0.689,0.281
566500,0.030,0.761,0.209
567000,0.030,0.734,0.236
567500,0.030,0.774,0.196
568000,0.030,0.718,0.252
568500,0.030,0.743,0.227
569000,0.030,0.700,0.270
569500,0.030,0.635,0.335
570000,0.030,0.876,0.094
570500,0.030,0.817,0.153
571000,0.030,0.829,0.141
571500,0.030,0.870,0.100
572000,0.030,0.816,0.154
572500,0.030,0.699,0.271
573000,0.030,0.747,0.223
573500,0.030,0.881,0.089
574000,0.030,0.747,0.223
574500,0.030,0.877,0.093
575000,0.030,0.775,0.195
575500,0.030,0.846,0.124
576000,0.030,0.713,0.257
576500,0.030,0.717,0.253
577000,0.030,0.909,0.061
577500,0.030,0.746,0.224
578000,0.030,0.909,0.061
578500,0.030,0.573,0.397
579000,0.030,0.898,0.072
579500,0.030,0.729,0.241
580000,0.030,0.797,0.173
580500,0.030,0.725,0.245
581000,0.030,0.629,0.341
581500,0.030,0.707,0.263
582000,0.030,0.854,0.116
582500,0.030,0.684,0.286
583000,0.030,0.641,0.329
583500,0.030,0.887,0.083
584000,0.030,0.723,0.247
584500,0.030,0.626,0.344
585000,0.030,0.747,0.223
585500,0.030,0.733,0.237
586000,0.030,0.727,0.243
586500,0.030,0.852,0.118
587000,0.030,0.646,0.324
587500,0.030,0.724,0.246
588000,0.030,0.529,0.441
588500,0.030,0.701,0.269
589000,0.030,0.691,0.279
589500,0.030,0.567,0.403
590000,0.030,0.774,0.196
590500,0.030,0.750,0.220
591000,0.030,0.788,0.182
591500,0.030,0.741,0.229
592000,0.030,0.865,0.105
592500,0.030,0.761,0.209
593000,0.030,0.696,0.274
593500,0.030,0.702,0.268
594000,0.030,0.726,0.244
594500,0.030,0.700,0.270
595000,0.030,0.817,0.153
595500,0.030,0.674,0.296
596000,0.030,0.782,0.188
596500,0.030,0.627,0.343
597000,0.030,0.711,0.259
597500,0.030,0.802,0.168
598000,0.030,0.712,0.258
598500,0.030,0.627,0.343
599000,0.030,0.853,0.117
599500,0.030,0.827,0.143
600000,0.030,0.763,0.207
600500,0.030,0.666,0.304
601000,0.030,0.778,0.192
601500,0.030,0.862,0.108
602000,0.030,0.784,0.186
602500,0.030,0.628,0.342
603000,0.030,0.869,0.101
603500,0.030,0.746,0.224
604000,0.030,0.735,0.235
604500,0.030,0.649,0.321
605000,0.030,0.766,0.204
605500,0.030,0.652,0.318
606000,0.030,0.639,0.331
606500,0.030,0.767,0.203
607000,0.030,0.640,0.330
607500,0.030,0.870,0.100
608000,0.030,0.629,0.341
608500,0.030,0.704,0.266
609000,0.030,0.693,0.277
609500,0.030,0.756,0.214
610000,0.030,0.828,0.142
610500,0.030,0.657,0.313
611000,0.030,0.517,0.453
611500,0.030,0.785,0.185
612000,0.030,0.754,0.216
612500,0.030,0.729,0.241
613000,0.030,0.719,0.251
613500,0.030,0.637,0.333
614000,0.030,0.671,0.299
614500,0.030,0.656,0.314
615000,0.030,0.736,0.234
615500,0.030,0.698,0.272
616000,0.030,0.731,0.239
616500,0.030,0.790,0.180
617000,0.030,0.794,0.176
617500,0.030,0.696,0.274
618000,0.030,0.814,0.156
618500,0.030,0.816,0.154
619000,0.030,0.820,0.150
619500,0.030,0.845,0.125
620000,0.030,0.736,0.234
620500,0.030,0.694,0.276
621000,0.030,0.674,0.296
621500,0.030,0.807,0.163
622000,0.030,0.847,0.123
622500,0.030,0.718,0.252
623000,0.030,0.722,0.248
623500,0.030,0.703,0.267
624000,0.030,0.813,0.157
624500,0.030,0.623,0.347
625000,0.030,0.713,0.257
625500,0.030,0.773,0.197
626000,0.030,0.742,0.228
626500,0.030,0.818,0.152
627000,0.030,0.803,0.167
627500,0.030,0.785,0.185
628000,0.030,0.646,0.324
628500,0.030,0.760,0.210
629000,0.030,0.589,0.381
629500,0.030,0.689,0.281
630000,0.030,0.819,0.151
630500,0.030,0.812,0.158
631000,0.030,0.769,0.201
631500,0.030,0.735,0.235
632000,0.030,0.690,0.280
632500,0.030,0.607,0.363
633000,0.030,0.532,0.438
633500,0.030,0.585,0.385
634000,0.030,0.677,0.293
634500,0.030,0.648,0.322
635000,0.030,0.556,0.414
635500,0.030,0.613,0.357
636000,0.030,0.609,0.361
636500,0.030,0.681,0.289
637000,0.030,0.796,0.174
637500,0.030,0.795,0.175
638000,0.030,0.817,0.153
638500,0.030,0.685,0.285
639000,0.030,0.791,0.179
639500,0.030,0.694,0.276
640000,0.030,0.516,0.454
640500,0.030,0.705,0.265
641000,0.030,0.829,0.141
641500,0.030,0.669,0.301
642000,0.030,0.607,0.363
642500,0.030,0.738,0.232
643000,0.030,0.670,0.300
643500,0.030,0.735,0.235
644000,0.030,0.725,0.245
644500,0.030,0.828,0.142
645000,0.030,0.815,0.155
645500,0.030,0.686,0.284
646000,0.030,0.781,0.189
646500,0.030,0.740,0.230
647000,0.030,0.656,0.314
647500,0.030,0.745,0.225
648000,0.030,0.771,0.199
648500,0.030,0.741,0.229
649000,0.030,0.554,0.416
649500,0.030,0.706,0.264
650000,0.030,0.677,0.293
650500,0.030,0.734,0.236
651000,0.030,0.580,0.390
651500,0.030,0.732,0.238
652000,0.030,0.786,0.184
652500,0.030,0.810,0.160
653000,0.030,0.804,0.166
653500,0.030,0.784,0.186
654000,0.030,0.763,0.207
654500,0.030,0.825,0.145
655000,0.030,0.800,0.170
655500,0.030,0.828,0.142
656000,0.030,0.800,0.170
656500,0.030,0.767,0.203
657000,0.030,0.675,0.295
657500,0.030,0.699,0.271
658000,0.030,0.755,0.215
658500,0.030,0.839,0.131
659000,0.030,0.822,0.148
659500,0.030,0.826,0.144
660000,0.030,0.790,0.180
660500,0.030,0.781,0.189
661000,0.030,0.569,0.401
661500,0.030,0.718,0.252
662000,0.030,0.611,0.359
662500,0.030,0.596,0.374
663000,0.030,0.823,0.147
663500,0.030,0.767,0.203
664000,0.030,0.777,0.193
664500,0.030,0.657,0.313
665000,0.030,0.694,0.276
665500,0.030,0.659,0.311
666000,0.030,0.626,0.344
666500,0.030,0.742,0.228
667000,0.030,0.868,0.102
667500,0.030,0.851,0.119
668000,0.030,0.747,0.223
668500,0.030,0.644,0.326
669000,0.030,0.746,0.224
669500,0.030,0.774,0.196
670000,0.030,0.851,0.119
670500,0.030,0.644,0.326
671000,0.030,0.789,0.181
671500,0.030,0.701,0.269
672000,0.030,0.770,0.200
672500,0.030,0.531,0.439
673000,0.030,0.883,0.087
673500,0.030,0.759,0.211
674000,0.030,0.764,0.206
674500,0.030,0.584,0.386
675000,0.030,0.824,0.146
675500,0.030,0.807,0.163
676000,0.030,0.792,0.178
676500,0.030,0.858,0.112
677000,0.030,0.728,0.242
677500,0.030,0.710,0.260
678000,0.030,0.687,0.283
678500,0.030,0.783,0.187
679000,0.030,0.750,0.220
679500,0.030,0.656,0.314
680000,0.030,0.874,0.096
680500,0.030,0.696,0.274
681000,0.030,0.564,0.406
681500,0.030,0.691,0.279
682000,0.030,0.800,0.170
682500,0.030,0.666,0.304
683000,0.030,0.724,0.246
683500,0.030,0.695,0.275
684000,0.030,0.724,0.246
684500,0.030,0.751,0.219
685000,0.030,0.757,0.213
685500,0.030,0.824,0.146
686000,0.030,0.705,0.265
686500,0.030,0.676,0.294
687000,0.030,0.804,0.166
687500,0.030,0.812,0.158
688000,0.030,0.556,0.414
688500,0.030,0.702,0.268
689000,0.030,0.758,0.212
689500,0.030,0.798,0.172
690000,0.030,0.682,0.288
690500,0.030,0.902,0.068
691000,0.030,0.684,0.286
691500,0.030,0.641,0.329
692000,0.030,0.862,0.108
692500,0.030,0.803,0.167
693000,0.030,0.840,0.130
693500,0.030,0.728,0.242
694000,0.030,0.765,0.205
694500,0.030,0.845,0.125
695000,0.030,0.786,0.184
695500,0.030,0.715,0.255
696000,0.030,0.819,0.151
696500,0.030,0.671,0.299
697000,0.030,0.682,0.288
697500,0.030,0.815,0.155
698000,0.030,0.892,0.078
698500,0.030,0.808,0.162
699000,0.030,0.627,0.343
699500,0.030,0.846,0.124
700000,0.030,0.828,0.142
700500,0.030,0.741,0.229
701000,0.030,0.610,0.360
701500,0.030,0.728,0.242
702000,0.030,0.660,0.310
702500,0.030,0.753,0.217
703000,0.030,0.718,0.252
703500,0.030,0.658,0.312
704000,0.030,0.676,0.294
704500,0.030,0.751,0.219
705000,0.030,0.687,0.283
705500,0.030,0.539,0.431
706000,0.030,0.749,0.221
706500,0.030,0.644,0.326
707000,0.030,0.657,0.313
707500,0.030,0.750,0.220
708000,0.030,0.739,0.231
708500,0.030,0.781,0.189
709000,0.030,0.728,0.242
709500,0.030,0.873,0.097
710000,0.030,0.876,0.094
710500,0.030,0.658,0.312
711000,0.030,0.724,0.246
711500,0.030,0.695,0.275
712000,0.030,0.753,0.217
712500,0.030,0.788,0.182
713000,0.030,0.850,0.120
713500,0.030,0.782,0.188
714000,0.030,0.784,0.186
714500,0.030,0.762,0.208
715000,0.030,0.790,0.180
715500,0.030,0.758,0.212
716000,0.030,0.726,0.244
716500,0.030,0.601,0.369
717000,0.030,0.774,0.196
717500,0.030,0.721,0.249
718000,0.030,0.810,0.160
718500,0.030,0.720,0.250
719000,0.030,0.720,0.250
719500,0.030,0.877,0.093
720000,0.030,0.809,0.161
720500,0.030,0.689,0.281
721000,0.030,0.625,0.345
721500,0.030,0.625,0.345
722000,0.030,0.913,0.057
722500,0.030,0.771,0.199
723000,0.030,0.811,0.159
723500,0.030,0.764,0.206
724000,0.030,0.735,0.235
724500,0.030,0.800,0.170
725000,0.030,0.732,0.238
725500,0.030,0.833,0.137
726000,0.030,0.806,0.164
726500,0.030,0.750,0.220
727000,0.030,0.749,0.221
727500,0.030,0.872,0.098
728000,0.030,0.895,0.075
728500,0.030,0.749,0.221
729000,0.030,0.885,0.085
729500,0.030,0.804,0.166
730000,0.030,0.696,0.274
730500,0.030,0.711,0.259
731000,0.030,0.758,0.212
731500,0.030,0.684,0.286
732000,0.030,0.744,0.226
732500,0.030,0.689,0.281
733000,0.030,0.777,0.193
733500,0.030,0.662,0.308
734000,0.030,0.749,0.221
734500,0.030,0.911,0.059
735000,0.030,0.886,0.084
735500,0.030,0.793,0.177
736000,0.030,0.783,0.187
736500,0.030,0.764,0.206
737000,0.030,0.691,0.279
737500,0.030,0.722,0.248
738000,0.030,0.822,0.148
738500,0.030,0.859,0.111
739000,0.030,0.729,0.241
739500,0.030,0.791,0.179
740000,0.030,0.837,0.133
740500,0.030,0.773,0.197
741000,0.030,0.774,0.196
741500,0.030,0.687,0.283
742000,0.030,0.675,0.295
742500,0.030,0.675,0.295
743000,0.030,0.729,0.241
743500,0.030,0.738,0.232
744000,0.030,0.637,0.333
744500,0.030,0.768,0.202
745000,0.030,0.710,0.260
745500,0.030,0.820,0.150
746000,0.030,0.829,0.141
746500,0.030,0.847,0.123
747000,0.030,0.720,0.250
747500,0.030,0.750,0.220
748000,0.030,0.793,0.177
748500,0.030,0.723,0.247
749000,0.030,0.795,0.175
749500,0.030,0.715,0.255
750000,0.030,0.675,0.295
750500,0.030,0.607,0.363
751000,0.030,0.778,0.192
751500,0.030,0.745,0.225
752000,0.030,0.553,0.417
752500,0.030,0.712,0.258
753000,0.030,0.893,0.077
753500,0.030,0.743,0.227
754000,0.030,0.784,0.186
754500,0.030,0.744,0.226
755000,0.030,0.801,0.169
755500,0.030,0.773,0.197
756000,0.030,0.838,0.132
756500,0.030,0.842,0.128
757000,0.030,0.620,0.350
757500,0.030,0.801,0.169
758000,0.030,0.769,0.201
758500,0.030,0.663,0.307
759000,0.030,0.762,0.208
759500,0.030,0.907,0.063
760000,0.030,0.715,0.255
760500,0.030,0.615,0.355
761000,0.030,0.730,0.240
761500,0.030,0.683,0.287
762000,0.030,0.615,0.355
762500,0.030,0.753,0.217
763000,0.030,0.758,0.212
763500,0.030,0.698,0.272
764000,0.030,0.668,0.302
764500,0.030,0.788,0.182
765000,0.030,0.614,0.356
765500,0.030,0.736,0.234
766000,0.030,0.745,0.225
766500,0.030,0.696,0.274
767000,0.030,0.706,0.264
767500,0.030,0.736,0.234
768000,0.030,0.669,0.301
768500,0.030,0.789,0.181
769000,0.030,0.719,0.251
769500,0.030,0.634,0.336
770000,0.030,0.724,0.246
770500,0.030,0.606,0.364
771000,0.030,0.688,0.282
771500,0.030,0.746,0.224
772000,0.030,0.713,0.257
772500,0.030,0.769,0.201
773000,0.030,0.609,0.361
773500,0.030,0.743,0.227
774000,0.030,0.793,0.177
774500,0.030,0.685,0.285
775000,0.030,0.791,0.179
775500,0.030,0.755,0.215
776000,0.030,0.847,0.123
776500,0.030,0.723,0.247
777000,0.030,0.691,0.279
777500,0.030,0.852,0.118
778000,0.030,0.816,0.154
778500,0.030,0.707,0.263
779000,0.030,0.844,0.126
779500,0.030,0.783,0.187
780000,0.030,0.572,0.398
780500,0.030,0.709,0.261
781000,0.030,0.652,0.318
781500,0.030,0.722,0.248
782000,0.030,0.766,0.204
782500,0.030,0.760,0.210
783000,0.030,0.710,0.260
783500,0.030,0.817,0.153
784000,0.030,0.707,0.263
784500,0.030,0.740,0.230
785000,0.030,0.904,0.066
785500,0.030,0.798,0.172
786000,0.030,0.768,0.202
786500,0.030,0.809,0.161
787000,0.030,0.829,0.141
787500,0.030,0.787,0.183
788000,0.030,0.857,0.113
788500,0.030,0.833,0.137
789000,0.030,0.729,0.241
789500,0.030,0.714,0.256
790000,0.030,0.722,0.248
790500,0.030,0.694,0.276
791000,0.030,0.645,0.325
791500,0.030,0.612,0.358
792000,0.030,0.741,0.229
792500,0.030,0.646,0.324
793000,0.030,0.684,0.286
793500,0.030,0.748,0.222
794000,0.030,0.725,0.245
794500,0.030,0.863,0.107
795000,0.030,0.846,0.124
795500,0.030,0.844,0.126
796000,0.030,0.722,0.248
796500,0.030,0.833,0.137
797000,0.030,0.597,0.373
797500,0.030,0.812,0.158
798000,0.030,0.558,0.412
798500,0.030,0.666,0.304
799000,0.030,0.700,0.270
799500,0.030,0.795,0.175
800000,0.030,0.776,0.194
800500,0.030,0.670,0.300
801000,0.030,0.789,0.181
801500,0.030,0.628,0.342
802000,0.030,0.689,0.281
802500,0.030,0.693,0.277
803000,0.030,0.621,0.349
803500,0.030,0.589,0.381
804000,0.030,0.752,0.218
804500,0.030,0.693,0.277
805000,0.030,0.576,0.394
805500,0.030,0.713,0.257
806000,0.030,0.777,0.193
806500,0.030,0.792,0.178
807000,0.030,0.770,0.200
807500,0.030,0.577,0.393
808000,0.030,0.803,0.167
808500,0.030,0.634,0.336
809000,0.030,0.779,0.191
809500,0.030,0.796,0.174
810000,0.030,0.665,0.305
810500,0.030,0.753,0.217
811000,0.030,0.719,0.251
811500,0.030,0.549,0.421
812000,0.030,0.820,0.150
812500,0.030,0.849,0.121
813000,0.030,0.695,0.275
813500,0.030,0.793,0.177
814000,0.030,0.755,0.215
814500,0.030,0.627,0.343
815000,0.030,0.690,0.280
815500,0.030,0.599,0.371
816000,0.030,0.717,0.253
816500,0.030,0.832,0.138
817000,0.030,0.728,0.242
817500,0.030,0.595,0.375
818000,0.030,0.780,0.190
818500,0.030,0.800,0.170
819000,0.030,0.816,0.154
819500,0.030,0.784,0.186
820000,0.030,0.735,0.235
820500,0.030,0.687,0.283
821000,0.030,0.812,0.158
821500,0.030,0.703,0.267
822000,0.030,0.756,0.214
822500,0.030,0.717,0.253
823000,0.030,0.797,0.173
823500,0.030,0.807,0.163
824000,0.030,0.865,0.105
824500,0.030,0.713,0.257
825000,0.030,0.722,0.248
825500,0.030,0.721,0.249
826000,0.030,0.718,0.252
826500,0.030,0.697,0.273
827000,0.030,0.710,0.260
827500,0.030,0.741,0.229
828000,0.030,0.704,0.266
828500,0.030,0.765,0.205
829000,0.030,0.652,0.318
829500,0.030,0.747,0.223
830000,0.030,0.784,0.186
830500,0.030,0.690,0.280
831000,0.030,0.808,0.162
831500,0.030,0.788,0.182
832000,0.030,0.855,0.115
832500,0.030,0.829,0.141
833000,0.030,0.834,0.136
833500,0.030,0.631,0.339
834000,0.030,0.657,0.313
834500,0.030,0.779,0.191
835000,0.030,0.606,0.364
835500,0.030,0.837,0.133
836000,0.030,0.773,0.197
836500,0.030,0.715,0.255
837000,0.030,0.783,0.187
837500,0.030,0.799,0.171
838000,0.030,0.771,0.199
838500,0.030,0.851,0.119
839000,0.030,0.756,0.214
839500,0.030,0.860,0.110
840000,0.030,0.787,0.183
840500,0.030,0.665,0.305
841000,0.030,0.740,0.230
841500,0.030,0.585,0.385
842000,0.030,0.774,0.196
842500,0.030,0.637,0.333
843000,0.030,0.828,0.142
843500,0.030,0.792,0.178
844000,0.030,0.793,0.177
844500,0.030,0.626,0.344
845000,0.030,0.735,0.235
845500,0.030,0.808,0.162
846000,0.030,0.735,0.235
846500,0.030,0.617,0.353
847000,0.030,0.687,0.283
847500,0.030,0.690,0.280
848000,0.030,0.750,0.220
848500,0.030,0.619,0.351
849000,0.030,0.863,0.107
849500,0.030,0.705,0.265
850000,0.030,0.703,0.267
850500,0.030,0.452,0.518
851000,0.030,0.788,0.182
851500,0.030,0.731,0.239
852000,0.030,0.675,0.295
852500,0.030,0.672,0.298
853000,0.030,0.583,0.387
853500,0.030,0.669,0.301
854000,0.030,0.608,0.362
854500,0.030,0.585,0.385
855000,0.030,0.685,0.285
855500,0.030,0.738,0.232
856000,0.030,0.727,0.243
856500,0.030,0.829,0.141
857000,0.030,0.710,0.260
857500,0.030,0.820,0.150
858000,0.030,0.604,0.366
858500,0.030,0.624,0.346
859000,0.030,0.729,0.241
859500,0.030,0.780,0.190
860000,0.030,0.737,0.233
860500,0.030,0.663,0.307
861000,0.030,0.830,0.140
861500,0.030,0.875,0.095
862000,0.030,0.756,0.214
862500,0.030,0.607,0.363
863000,0.030,0.714,0.256
863500,0.030,0.814,0.156
864000,0.030,0.703,0.267
864500,0.030,0.703,0.267
865000,0.030,0.723,0.247
865500,0.030,0.729,0.241
866000,0.030,0.796,0.174
866500,0.030,0.679,0.291
867000,0.030,0.592,0.378
867500,0.030,0.699,0.271
868000,0.030,0.709,0.261
868500,0.030,0.518,0.452
869000,0.030,0.665,0.305
869500,0.030,0.853,0.117
870000,0.030,0.585,0.385
870500,0.030,0.787,0.183
871000,0.030,0.625,0.345
871500,0.030,0.693,0.277
872000,0.030,0.835,0.135
872500,0.030,0.743,0.227
873000,0.030,0.776,0.194
873500,0.030,0.716,0.254
874000,0.030,0.616,0.354
874500,0.030,0.848,0.122
875000,0.030,0.802,0.168
875500,0.030,0.709,0.261
876000,0.030,0.828,0.142
876500,0.030,0.683,0.287
877000,0.030,0.815,0.155
877500,0.030,0.775,0.195
878000,0.030,0.708,0.262
878500,0.030,0.588,0.382
879000,0.030,0.588,0.382
879500,0.030,0.770,0.200
880000,0.030,0.707,0.263
880500,0.030,0.643,0.327
881000,0.030,0.733,0.237
881500,0.030,0.841,0.129
882000,0.030,0.856,0.114
882500,0.030,0.682,0.288
883000,0.030,0.657,0.313
883500,0.030,0.790,0.180
884000,0.030,0.645,0.325
884500,0.030,0.646,0.324
885000,0.030,0.767,0.203
885500,0.030,0.734,0.236
886000,0.030,0.715,0.255
886500,0.030,0.709,0.261
887000,0.030,0.837,0.133
887500,0.030,0.834,0.136
888000,0.030,0.725,0.245
888500,0.030,0.779,0.191
889000,0.030,0.694,0.276
889500,0.030,0.666,0.304
890000,0.030,0.673,0.297
890500,0.030,0.723,0.247
891000,0.030,0.573,0.397
891500,0.030,0.849,0.121
892000,0.030,0.852,0.118
892500,0.030,0.736,0.234
893000,0.030,0.707,0.263
893500,0.030,0.686,0.284
894000,0.030,0.655,0.315
894500,0.030,0.791,0.179
895000,0.030,0.514,0.456
895500,0.030,0.797,0.173
896000,0.030,0.737,0.233
896500,0.030,0.736,0.234
897000,0.030,0.787,0.183
897500,0.030,0.719,0.251
898000,0.030,0.756,0.214
898500,0.030,0.716,0.254
899000,0.030,0.783,0.187
899500,0.030,0.713,0.257
900000,0.030,0.655,0.315
900500,0.030,0.759,0.211
901000,0.030,0.693,0.277
901500,0.030,0.858,0.112
902000,0.030,0.790,0.180
902500,0.030,0.755,0.215
903000,0.030,0.769,0.201
903500,0.030,0.609,0.361
904000,0.030,0.837,0.133
904500,0.030,0.665,0.305
905000,0.030,0.688,0.282
905500,0.030,0.736,0.234
906000,0.030,0.745,0.225
906500,0.030,0.835,0.135
907000,0.030,0.697,0.273
907500,0.030,0.711,0.259
908000,0.030,0.781,0.189
908500,0.030,0.779,0.191
909000,0.030,0.655,0.315
909500,0.030,0.680,0.290
910000,0.030,0.784,0.186
910500,0.030,0.878,0.092
911000,0.030,0.788,0.182
911500,0.030,0.844,0.126
912000,0.030,0.823,0.147
912500,0.030,0.748,0.222
913000,0.030,0.682,0.288
913500,0.030,0.706,0.264
914000,0.030,0.704,0.266
914500,0.030,0.684,0.286
915000,0.030,0.780,0.190
915500,0.030,0.569,0.401
916000,0.030,0.704,0.266
916500,0.030,0.857,0.113
917000,0.030,0.787,0.183
917500,0.030,0.589,0.381
918000,0.030,0.711,0.259
918500,0.030,0.721,0.249
919000,0.030,0.757,0.213
919500,0.030,0.663,0.307
920000,0.030,0.800,0.170
920500,0.030,0.655,0.315
921000,0.030,0.630,0.340
921500,0.030,0.856,0.114
922000,0.030,0.751,0.219
922500,0.030,0.645,0.325
923000,0.030,0.758,0.212
923500,0.030,0.674,0.296
924000,0.030,0.730,0.240
924500,0.030,0.784,0.186
925000,0.030,0.738,0.232
925500,0.030,0.698,0.272
926000,0.030,0.757,0.213
926500,0.030,0.797,0.173
927000,0.030,0.767,0.203
927500,0.030,0.838,0.132
928000,0.030,0.749,0.221
928500,0.030,0.879,0.091
929000,0.030,0.763,0.207
929500,0.030,0.846,0.124
930000,0.030,0.758,0.212
930500,0.030,0.730,0.240
931000,0.030,0.733,0.237
931500,0.030,0.719,0.251
932000,0.030,0.751,0.219
932500,0.030,0.816,0.154
933000,0.030,0.690,0.280
933500,0.030,0.705,0.265
934000,0.030,0.603,0.367
934500,0.030,0.728,0.242
935000,0.030,0.613,0.357
935500,0.030,0.749,0.221
936000,0.030,0.714,0.256
936500,0.030,0.779,0.191
937000,0.030,0.801,0.169
937500,0.030,0.664,0.306
938000,0.030,0.711,0.259
938500,0.030,0.797,0.173
939000,0.030,0.628,0.342
939500,0.030,0.791,0.179
940000,0.030,0.785,0.185
940500,0.030,0.675,0.295
941000,0.030,0.770,0.200
941500,0.030,0.561,0.409
942000,0.030,0.583,0.387
942500,0.030,0.737,0.233
943000,0.030,0.767,0.203
943500,0.030,0.813,0.157
944000,0.030,0.816,0.154
944500,0.030,0.791,0.179
945000,0.030,0.701,0.269
945500,0.030,0.594,0.376
946000,0.030,0.698,0.272
946500,0.030,0.570,0.400
947000,0.030,0.761,0.209
947500,0.030,0.660,0.310
948000,0.030,0.732,0.238
948500,0.030,0.792,0.178
949000,0.030,0.873,0.097
949500,0.030,0.587,0.383
950000,0.030,0.836,0.134
950500,0.030,0.698,0.272
951000,0.030,0.703,0.267
951500,0.030,0.837,0.133
952000,0.030,0.744,0.226
952500,0.030,0.745,0.225
953000,0.030,0.799,0.171
953500,0.030,0.788,0.182
954000,0.030,0.812,0.158
954500,0.030,0.699,0.271
955000,0.030,0.874,0.096
955500,0.030,0.812,0.158
956000,0.030,0.717,0.253
956500,0.030,0.706,0.264
957000,0.030,0.634,0.336
957500,0.030,0.671,0.299
958000,0.030,0.672,0.298
958500,0.030,0.609,0.361
959000,0.030,0.673,0.297
959500,0.030,0.808,0.162
960000,0.030,0.791,0.179
960500,0.030,0.773,0.197
961000,0.030,0.667,0.303
961500,0.030,0.603,0.367
962000,0.030,0.705,0.265
962500,0.030,0.700,0.270
963000,0.030,0.811,0.159
963500,0.030,0.798,0.172
964000,0.030,0.768,0.202
964500,0.030,0.697,0.273
965000,0.030,0.722,0.248
965500,0.030,0.719,0.251
966000,0.030,0.737,0.233
966500,0.030,0.629,0.341
967000,0.030,0.708,0.262
967500,0.030,0.792,0.178
968000,0.030,0.773,0.197
968500,0.030,0.706,0.264
969000,0.030,0.752,0.218
969500,0.030,0.680,0.290
970000,0.030,0.610,0.360
970500,0.030,0.698,0.272
971000,0.030,0.657,0.313
971500,0.030,0.726,0.244
972000,0.030,0.731,0.239
972500,0.030,0.654,0.316
973000,0.030,0.800,0.170
973500,0.030,0.830,0.140
974000,0.030,0.661,0.309
974500,0.030,0.579,0.391
975000,0.030,0.740,0.230
975500,0.030,0.620,0.350
976000,0.030,0.573,0.397
976500,0.030,0.674,0.296
977000,0.030,0.797,0.173
977500,0.030,0.663,0.307
978000,0.030,0.818,0.152
978500,0.030,0.736,0.234
979000,0.030,0.780,0.190
979500,0.030,0.720,0.250
980000,0.030,0.887,0.083
980500,0.030,0.496,0.474
981000,0.030,0.817,0.153
981500,0.030,0.584,0.386
982000,0.030,0.683,0.287
982500,0.030,0.742,0.228
983000,0.030,0.814,0.156
983500,0.030,0.691,0.279
984000,0.030,0.751,0.219
984500,0.030,0.944,0.026
985000,0.030,0.832,0.138
985500,0.030,0.811,0.159
986000,0.030,0.792,0.178
986500,0.030,0.644,0.326
987000,0.030,0.867,0.103
987500,0.030,0.829,0.141
988000,0.030,0.666,0.304
988500,0.030,0.688,0.282
989000,0.030,0.745,0.225
989500,0.030,0.751,0.219
990000,0.030,0.767,0.203
990500,0.030,0.900,0.070
991000,0.030,0.845,0.125
991500,0.030,0.833,0.137
992000,0.030,0.727,0.243
992500,0.030,0.751,0.219
993000,0.030,0.654,0.316
993500,0.030,0.831,0.139
994000,0.030,0.756,0.214
994500,0.030,0.827,0.143
995000,0.030,0.907,0.063
995500,0.030,0.819,0.151
996000,0.030,0.668,0.302
996500,0.030,0.580,0.390
997000,0.030,0.778,0.192
997500,0.030,0.783,0.187
998000,0.030,0.777,0.193
998500,0.030,0.811,0.159
999000,0.030,0.720,0.250
999500,0.030,0.682,0.288
1000000,0.030,0.645,0.325
