time,n_A+p,n_B,n_AB
500,0.081,0.905,0.014
1000,0.080,0.886,0.034
1500,0.081,0.874,0.045
2000,0.081,0.859,0.060
2500,0.083,0.854,0.064
3000,0.084,0.837,0.080
3500,0.086,0.838,0.076
4000,0.086,0.826,0.088
4500,0.091,0.815,0.094
5000,0.090,0.808,0.102
5500,0.089,0.805,0.106
6000,0.092,0.803,0.104
6500,0.093,0.797,0.110
7000,0.093,0.791,0.116
7500,0.098,0.776,0.126
8000,0.105,0.758,0.137
8500,0.110,0.761,0.129
9000,0.110,0.756,0.134
9500,0.108,0.750,0.142
10000,0.111,0.745,0.145
10500,0.113,0.740,0.147
11000,0.117,0.739,0.144
11500,0.113,0.728,0.159
12000,0.119,0.719,0.162
12500,0.123,0.724,0.153
13000,0.121,0.722,0.157
13500,0.127,0.717,0.156
14000,0.124,0.712,0.163
14500,0.124,0.709,0.167
15000,0.127,0.704,0.169
15500,0.129,0.700,0.171
16000,0.131,0.696,0.173
16500,0.134,0.690,0.176
17000,0.136,0.684,0.180
17500,0.137,0.676,0.187
18000,0.137,0.681,0.182
18500,0.139,0.682,0.179
19000,0.141,0.674,0.184
19500,0.142,0.672,0.185
20000,0.138,0.674,0.189
20500,0.141,0.669,0.190
21000,0.147,0.672,0.181
21500,0.150,0.668,0.181
22000,0.147,0.662,0.191
22500,0.143,0.662,0.194
23000,0.140,0.661,0.200
23500,0.140,0.657,0.203
24000,0.153,0.652,0.195
24500,0.157,0.643,0.200
25000,0.148,0.644,0.208
25500,0.148,0.649,0.203
26000,0.157,0.648,0.195
26500,0.163,0.641,0.197
27000,0.159,0.644,0.197
27500,0.161,0.645,0.194
28000,0.163,0.645,0.193
28500,0.164,0.635,0.201
29000,0.161,0.636,0.204
29500,0.163,0.635,0.202
30000,0.151,0.638,0.210
30500,0.149,0.638,0.213
31000,0.153,0.639,0.207
31500,0.155,0.632,0.213
32000,0.165,0.634,0.201
32500,0.169,0.628,0.203
33000,0.163,0.628,0.209
33500,0.164,0.620,0.216
34000,0.165,0.620,0.215
34500,0.160,0.630,0.210
35000,0.155,0.626,0.219
35500,0.161,0.617,0.222
36000,0.164,0.606,0.231
36500,0.155,0.620,0.225
37000,0.155,0.619,0.226
37500,0.157,0.614,0.229
38000,0.162,0.611,0.227
38500,0.159,0.621,0.221
39000,0.160,0.622,0.219
39500,0.161,0.609,0.230
40000,0.163,0.607,0.230
40500,0.165,0.608,0.227
41000,0.165,0.600,0.236
41500,0.169,0.589,0.243
42000,0.178,0.594,0.228
42500,0.180,0.597,0.223
43000,0.175,0.595,0.230
43500,0.176,0.595,0.229
44000,0.177,0.593,0.230
44500,0.181,0.587,0.232
45000,0.175,0.583,0.242
45500,0.176,0.590,0.234
46000,0.172,0.585,0.243
46500,0.174,0.580,0.246
47000,0.186,0.577,0.237
47500,0.196,0.591,0.214
48000,0.197,0.582,0.221
48500,0.197,0.574,0.230
49000,0.202,0.565,0.233
49500,0.206,0.550,0.243
50000,0.211,0.550,0.238
50500,0.205,0.553,0.241
51000,0.204,0.559,0.236
51500,0.213,0.548,0.238
52000,0.213,0.545,0.242
52500,0.211,0.538,0.251
53000,0.214,0.544,0.241
53500,0.211,0.546,0.242
54000,0.216,0.541,0.242
54500,0.213,0.535,0.251
55000,0.209,0.522,0.269
55500,0.216,0.519,0.264
56000,0.218,0.523,0.258
56500,0.221,0.523,0.256
57000,0.213,0.526,0.261
57500,0.224,0.514,0.262
58000,0.222,0.512,0.266
58500,0.223,0.510,0.267
59000,0.225,0.498,0.277
59500,0.229,0.498,0.273
60000,0.233,0.505,0.262
60500,0.234,0.499,0.267
61000,0.251,0.489,0.261
61500,0.251,0.490,0.259
62000,0.244,0.485,0.271
62500,0.246,0.489,0.265
63000,0.241,0.497,0.261
63500,0.247,0.501,0.252
64000,0.241,0.498,0.261
64500,0.252,0.496,0.252
65000,0.252,0.504,0.244
65500,0.269,0.487,0.245
66000,0.274,0.471,0.255
66500,0.267,0.457,0.277
67000,0.263,0.447,0.291
67500,0.262,0.449,0.289
68000,0.247,0.455,0.297
68500,0.258,0.451,0.291
69000,0.248,0.456,0.296
69500,0.252,0.460,0.289
70000,0.254,0.459,0.287
70500,0.271,0.463,0.267
71000,0.287,0.447,0.266
71500,0.281,0.440,0.279
72000,0.288,0.442,0.270
72500,0.281,0.439,0.280
73000,0.282,0.426,0.291
73500,0.287,0.420,0.292
74000,0.293,0.424,0.283
74500,0.298,0.424,0.277
75000,0.299,0.421,0.279
75500,0.292,0.414,0.294
76000,0.305,0.404,0.291
76500,0.303,0.392,0.305
77000,0.319,0.390,0.291
77500,0.316,0.387,0.297
78000,0.331,0.382,0.287
78500,0.327,0.383,0.290
79000,0.328,0.373,0.299
79500,0.341,0.365,0.294
80000,0.340,0.366,0.294
80500,0.333,0.371,0.296
81000,0.329,0.367,0.304
81500,0.332,0.376,0.292
82000,0.324,0.366,0.309
82500,0.338,0.360,0.301
83000,0.344,0.360,0.296
83500,0.352,0.359,0.288
84000,0.360,0.350,0.290
84500,0.368,0.333,0.298
85000,0.377,0.323,0.300
85500,0.385,0.323,0.292
86000,0.381,0.331,0.289
86500,0.388,0.327,0.285
87000,0.397,0.318,0.285
87500,0.406,0.322,0.272
88000,0.406,0.312,0.281
88500,0.416,0.305,0.279
89000,0.415,0.299,0.285
89500,0.416,0.292,0.292
90000,0.425,0.285,0.289
90500,0.421,0.275,0.303
91000,0.432,0.272,0.296
91500,0.435,0.272,0.293
92000,0.445,0.273,0.282
92500,0.453,0.270,0.277
93000,0.455,0.261,0.284
93500,0.456,0.249,0.295
94000,0.464,0.235,0.301
94500,0.476,0.235,0.289
95000,0.490,0.221,0.289
95500,0.504,0.210,0.286
96000,0.513,0.210,0.276
96500,0.524,0.204,0.271
97000,0.535,0.189,0.276
97500,0.545,0.185,0.270
98000,0.553,0.185,0.261
98500,0.555,0.183,0.261
99000,0.574,0.175,0.252
99500,0.589,0.173,0.238
100000,0.596,0.153,0.251
100500,0.605,0.152,0.243
101000,0.610,0.141,0.249
101500,0.623,0.134,0.243
102000,0.636,0.128,0.236
102500,0.647,0.124,0.229
103000,0.650,0.115,0.235
103500,0.662,0.106,0.231
104000,0.669,0.100,0.231
104500,0.682,0.096,0.222
105000,0.694,0.096,0.210
105500,0.709,0.089,0.202
106000,0.725,0.084,0.192
106500,0.736,0.073,0.191
107000,0.753,0.067,0.180
107500,0.760,0.064,0.176
108000,0.772,0.057,0.171
108500,0.786,0.051,0.163
109000,0.799,0.050,0.151
109500,0.801,0.050,0.149
110000,0.814,0.043,0.144
110500,0.826,0.042,0.132
111000,0.829,0.037,0.134
111500,0.844,0.033,0.123
112000,0.858,0.030,0.112
112500,0.873,0.031,0.096
113000,0.869,0.029,0.102
113500,0.876,0.024,0.100
114000,0.884,0.021,0.095
114500,0.899,0.018,0.083
115000,0.918,0.013,0.068
115500,0.925,0.013,0.062
116000,0.937,0.009,0.053
116500,0.943,0.007,0.050
117000,0.950,0.005,0.045
117500,0.956,0.006,0.038
118000,0.960,0.004,0.036
118500,0.966,0.003,0.032
119000,0.973,0.002,0.026
119500,0.974,0.002,0.025
120000,0.982,0.001,0.017
120500,0.982,0.000,0.018
121000,0.985,0.000,0.015
121500,0.986,0.000,0.014
122000,0.988,0.000,0.012
122500,0.989,0.000,0.011
123000,0.990,0.000,0.010
123500,0.989,0.000,0.011
124000,0.990,0.000,0.010
124500,0.991,0.000,0.009
125000,0.992,0.000,0.008
125500,0.993,0.000,0.007
126000,0.995,0.000,0.005
126500,0.996,0.000,0.004
127000,0.997,0.000,0.003
127500,0.998,0.000,0.002
128000,0.998,0.000,0.002
128500,0.998,0.000,0.002
129000,0.999,0.000,0.001
129500,0.999,0.000,0.001
130000,0.999,0.000,0.001
130500,0.999,0.000,0.001
131000,0.999,0.000,0.001
131500,0.999,0.000,0.001
132000,0.999,0.000,0.001
132500,0.999,0.000,0.001
133000,0.999,0.000,0.001
133500,0.999,0.000,0.001
134000,1.000,0.000,0.000
134500,1.000,0.000,0.000
135000,1.000,0.000,0.000
135500,1.000,0.000,0.000
