time,n_A+p,n_B,n_AB
500,0.030,0.571,0.399
1000,0.030,0.320,0.650
1500,0.048,0.163,0.789
2000,0.030,0.180,0.790
2500,0.030,0.420,0.550
3000,0.030,0.282,0.688
3500,0.030,0.239,0.731
4000,0.030,0.340,0.630
4500,0.030,0.349,0.621
5000,0.035,0.179,0.786
5500,0.030,0.279,0.691
6000,0.032,0.201,0.767
6500,0.030,0.242,0.728
7000,0.030,0.252,0.718
7500,0.030,0.252,0.718
8000,0.030,0.336,0.634
8500,0.045,0.110,0.845
9000,0.030,0.279,0.691
9500,0.030,0.198,0.772
10000,0.030,0.211,0.759
10500,0.038,0.200,0.762
11000,0.030,0.322,0.648
11500,0.030,0.316,0.654
12000,0.030,0.254,0.716
12500,0.030,0.350,0.620
13000,0.030,0.262,0.708
13500,0.030,0.195,0.775
14000,0.030,0.280,0.690
14500,0.030,0.308,0.662
15000,0.030,0.291,0.679
15500,0.030,0.233,0.737
16000,0.030,0.230,0.740
16500,0.030,0.212,0.758
17000,0.030,0.276,0.694
17500,0.030,0.299,0.671
18000,0.030,0.261,0.709
18500,0.035,0.212,0.753
19000,0.030,0.363,0.607
19500,0.030,0.264,0.706
20000,0.030,0.309,0.661
20500,0.030,0.328,0.642
21000,0.030,0.211,0.759
21500,0.037,0.274,0.689
22000,0.064,0.188,0.748
22500,0.036,0.235,0.729
23000,0.034,0.192,0.774
23500,0.030,0.401,0.569
24000,0.030,0.355,0.615
24500,0.030,0.295,0.675
25000,0.031,0.228,0.741
25500,0.030,0.272,0.698
26000,0.037,0.214,0.749
26500,0.030,0.163,0.807
27000,0.030,0.166,0.804
27500,0.222,0.036,0.742
28000,0.516,0.000,0.484
28500,0.535,0.000,0.465
29000,0.714,0.000,0.286
29500,0.694,0.000,0.306
30000,0.694,0.000,0.306
30500,0.562,0.000,0.438
31000,0.681,0.000,0.319
31500,0.802,0.000,0.198
32000,0.765,0.000,0.235
32500,0.807,0.000,0.193
33000,0.738,0.000,0.262
33500,0.629,0.000,0.371
34000,0.750,0.000,0.250
34500,0.717,0.000,0.283
35000,0.564,0.000,0.436
35500,0.624,0.000,0.376
36000,0.680,0.000,0.320
36500,0.766,0.000,0.234
37000,0.799,0.000,0.201
37500,0.720,0.000,0.280
38000,0.535,0.000,0.465
38500,0.634,0.000,0.366
39000,0.759,0.000,0.241
39500,0.735,0.000,0.265
40000,0.809,0.000,0.191
40500,0.898,0.000,0.102
41000,0.828,0.000,0.172
41500,0.639,0.000,0.361
42000,0.744,0.000,0.256
42500,0.635,0.000,0.365
43000,0.505,0.000,0.495
43500,0.579,0.000,0.421
44000,0.600,0.000,0.400
44500,0.684,0.000,0.316
45000,0.669,0.000,0.331
45500,0.802,0.000,0.198
46000,0.717,0.000,0.283
46500,0.798,0.000,0.202
47000,0.650,0.000,0.350
47500,0.673,0.000,0.327
48000,0.668,0.000,0.332
48500,0.605,0.000,0.395
49000,0.640,0.000,0.360
49500,0.709,0.000,0.291
50000,0.508,0.000,0.492
50500,0.682,0.000,0.318
51000,0.604,0.000,0.396
51500,0.729,0.000,0.271
52000,0.653,0.000,0.347
52500,0.682,0.000,0.318
53000,0.854,0.000,0.146
53500,0.804,0.000,0.196
54000,0.815,0.000,0.185
54500,0.713,0.000,0.287
55000,0.693,0.000,0.307
55500,0.755,0.000,0.245
56000,0.642,0.000,0.358
56500,0.620,0.000,0.380
57000,0.554,0.000,0.446
57500,0.538,0.000,0.462
58000,0.556,0.000,0.444
58500,0.817,0.000,0.183
59000,0.707,0.000,0.293
59500,0.895,0.000,0.105
60000,0.935,0.000,0.065
60500,0.880,0.000,0.120
61000,0.794,0.000,0.206
61500,0.832,0.000,0.168
62000,0.801,0.000,0.199
62500,0.660,0.000,0.340
63000,0.526,0.000,0.474
63500,0.547,0.000,0.453
64000,0.569,0.000,0.431
64500,0.779,0.000,0.221
65000,0.467,0.000,0.533
65500,0.611,0.000,0.389
66000,0.866,0.000,0.134
66500,0.958,0.000,0.042
67000,0.817,0.000,0.183
67500,0.716,0.000,0.284
68000,0.699,0.000,0.301
68500,0.717,0.000,0.283
69000,0.614,0.000,0.386
69500,0.600,0.000,0.400
70000,0.716,0.000,0.284
70500,0.663,0.000,0.337
71000,0.704,0.000,0.296
71500,0.626,0.000,0.374
72000,0.653,0.000,0.347
72500,0.797,0.000,0.203
73000,0.654,0.000,0.346
73500,0.698,0.000,0.302
74000,0.472,0.000,0.528
74500,0.573,0.000,0.427
75000,0.843,0.000,0.157
75500,0.859,0.000,0.141
76000,0.850,0.000,0.150
76500,0.734,0.000,0.266
77000,0.690,0.000,0.310
77500,0.718,0.000,0.282
78000,0.705,0.000,0.295
78500,0.796,0.000,0.204
79000,0.860,0.000,0.140
79500,0.799,0.000,0.201
80000,0.521,0.000,0.479
80500,0.676,0.000,0.324
81000,0.869,0.000,0.131
81500,0.713,0.000,0.287
82000,0.575,0.000,0.425
82500,0.642,0.000,0.358
83000,0.806,0.000,0.194
83500,0.785,0.000,0.215
84000,0.782,0.000,0.218
84500,0.644,0.000,0.356
85000,0.573,0.000,0.427
85500,0.749,0.000,0.251
86000,0.653,0.000,0.347
86500,0.716,0.000,0.284
87000,0.768,0.000,0.232
87500,0.810,0.000,0.190
88000,0.820,0.000,0.180
88500,0.851,0.000,0.149
89000,0.933,0.000,0.067
89500,0.873,0.000,0.127
90000,0.784,0.000,0.216
90500,0.826,0.000,0.174
91000,0.839,0.000,0.161
91500,0.941,0.000,0.059
92000,0.895,0.000,0.105
92500,0.851,0.000,0.149
93000,0.901,0.000,0.099
93500,0.679,0.000,0.321
94000,0.675,0.000,0.325
94500,0.717,0.000,0.283
95000,0.568,0.000,0.432
95500,0.625,0.000,0.375
96000,0.738,0.000,0.262
96500,0.895,0.000,0.105
97000,0.732,0.000,0.268
97500,0.674,0.000,0.326
98000,0.714,0.000,0.286
98500,0.709,0.000,0.291
99000,0.772,0.000,0.228
99500,0.750,0.000,0.250
100000,0.613,0.000,0.387
100500,0.563,0.000,0.437
101000,0.667,0.000,0.333
101500,0.765,0.000,0.235
102000,0.596,0.000,0.404
102500,0.734,0.000,0.266
103000,0.819,0.000,0.181
103500,0.713,0.000,0.287
104000,0.696,0.000,0.304
104500,0.537,0.000,0.463
105000,0.664,0.000,0.336
105500,0.605,0.000,0.395
106000,0.832,0.000,0.168
106500,0.982,0.000,0.018
107000,1.000,0.000,0.000
