time,n_A+p,n_B,n_AB
500,0.080,0.683,0.237
1000,0.080,0.468,0.452
1500,0.085,0.416,0.499
2000,0.080,0.372,0.548
2500,0.083,0.338,0.580
3000,0.083,0.292,0.625
3500,0.090,0.233,0.676
4000,0.106,0.256,0.637
4500,0.110,0.193,0.698
5000,0.102,0.231,0.667
5500,0.099,0.268,0.633
6000,0.115,0.216,0.669
6500,0.103,0.262,0.635
7000,0.091,0.272,0.636
7500,0.092,0.232,0.675
8000,0.140,0.190,0.671
8500,0.188,0.094,0.718
9000,0.460,0.017,0.523
9500,0.731,0.001,0.268
10000,0.883,0.000,0.117
10500,0.955,0.000,0.045
11000,0.991,0.000,0.009
11500,0.990,0.000,0.010
12000,0.998,0.000,0.002
12500,1.000,0.000,0.000
13000,1.000,0.000,0.000
