time,n_A+p,n_B,n_AB
500,0.050,0.398,0.552
1000,0.050,0.284,0.666
1500,0.051,0.395,0.554
2000,0.050,0.407,0.543
2500,0.050,0.320,0.630
3000,0.050,0.398,0.552
3500,0.050,0.275,0.675
4000,0.050,0.259,0.691
4500,0.050,0.308,0.642
5000,0.050,0.278,0.672
5500,0.050,0.330,0.620
6000,0.050,0.369,0.581
6500,0.050,0.333,0.617
7000,0.050,0.263,0.687
7500,0.050,0.368,0.582
8000,0.050,0.308,0.642
8500,0.050,0.277,0.673
9000,0.050,0.327,0.623
9500,0.050,0.504,0.446
10000,0.050,0.366,0.584
10500,0.050,0.216,0.734
11000,0.050,0.310,0.640
11500,0.050,0.336,0.614
12000,0.050,0.292,0.658
12500,0.050,0.302,0.648
13000,0.050,0.272,0.678
13500,0.050,0.261,0.689
14000,0.050,0.204,0.746
14500,0.050,0.400,0.550
15000,0.050,0.375,0.575
15500,0.050,0.295,0.655
16000,0.050,0.389,0.561
16500,0.050,0.268,0.682
17000,0.767,0.001,0.232
17500,1.000,0.000,0.000
