time,n_A+p,n_B,n_AB
100,0.030,0.966,0.004
200,0.031,0.962,0.007
300,0.031,0.958,0.011
400,0.032,0.956,0.012
500,0.031,0.958,0.011
600,0.032,0.955,0.013
700,0.032,0.953,0.015
800,0.031,0.950,0.019
900,0.031,0.949,0.020
1000,0.033,0.948,0.019
1100,0.032,0.946,0.022
1200,0.032,0.944,0.025
1300,0.031,0.943,0.027
1400,0.031,0.933,0.037
1500,0.031,0.927,0.042
1600,0.031,0.892,0.078
1700,0.031,0.893,0.077
1800,0.033,0.875,0.092
1900,0.044,0.868,0.088
2000,0.039,0.877,0.084
2100,0.038,0.880,0.082
2200,0.039,0.874,0.087
2300,0.039,0.869,0.092
2400,0.038,0.856,0.106
2500,0.039,0.857,0.104
2600,0.049,0.847,0.104
2700,0.070,0.819,0.110
2800,0.067,0.816,0.116
2900,0.063,0.814,0.123
3000,0.058,0.803,0.139
3100,0.061,0.794,0.145
3200,0.057,0.801,0.142
3300,0.063,0.777,0.159
3400,0.083,0.768,0.149
3500,0.088,0.767,0.145
3600,0.064,0.773,0.162
3700,0.069,0.748,0.183
3800,0.078,0.735,0.187
3900,0.081,0.726,0.193
4000,0.076,0.727,0.197
4100,0.079,0.727,0.194
4200,0.083,0.720,0.197
4300,0.081,0.696,0.224
4400,0.081,0.705,0.215
4500,0.086,0.703,0.211
4600,0.092,0.694,0.215
4700,0.087,0.697,0.217
4800,0.085,0.709,0.206
4900,0.094,0.699,0.207
5000,0.105,0.701,0.194
5100,0.099,0.689,0.211
5200,0.111,0.685,0.203
5300,0.111,0.677,0.211
5400,0.117,0.676,0.206
5500,0.109,0.684,0.206
5600,0.118,0.677,0.204
5700,0.101,0.678,0.221
5800,0.107,0.682,0.210
5900,0.108,0.682,0.209
6000,0.113,0.685,0.201
6100,0.113,0.688,0.198
6200,0.116,0.684,0.199
6300,0.131,0.676,0.193
6400,0.129,0.688,0.183
6500,0.125,0.693,0.183
6600,0.139,0.679,0.182
6700,0.137,0.672,0.191
6800,0.135,0.667,0.198
6900,0.138,0.665,0.197
7000,0.140,0.664,0.196
7100,0.145,0.657,0.198
7200,0.152,0.642,0.205
7300,0.140,0.636,0.224
7400,0.143,0.633,0.224
7500,0.147,0.621,0.232
7600,0.138,0.632,0.230
7700,0.140,0.618,0.242
7800,0.127,0.619,0.254
7900,0.131,0.621,0.248
8000,0.133,0.617,0.250
8100,0.122,0.626,0.252
8200,0.129,0.628,0.243
8300,0.132,0.627,0.241
8400,0.143,0.626,0.231
8500,0.152,0.624,0.224
8600,0.154,0.625,0.221
8700,0.143,0.622,0.235
8800,0.143,0.613,0.244
8900,0.152,0.615,0.233
9000,0.148,0.614,0.238
9100,0.152,0.615,0.233
9200,0.138,0.612,0.250
9300,0.155,0.601,0.244
9400,0.148,0.605,0.247
9500,0.143,0.619,0.238
9600,0.150,0.617,0.233
9700,0.139,0.609,0.252
9800,0.143,0.597,0.260
9900,0.140,0.602,0.258
10000,0.142,0.607,0.251
10100,0.139,0.607,0.254
10200,0.151,0.603,0.246
10300,0.152,0.598,0.250
10400,0.140,0.614,0.246
10500,0.132,0.611,0.257
10600,0.128,0.616,0.256
10700,0.125,0.616,0.259
10800,0.130,0.623,0.247
10900,0.122,0.625,0.253
11000,0.131,0.632,0.237
11100,0.131,0.626,0.243
11200,0.122,0.625,0.253
11300,0.114,0.623,0.263
11400,0.104,0.625,0.271
11500,0.118,0.609,0.273
11600,0.118,0.593,0.288
11700,0.127,0.588,0.285
11800,0.124,0.592,0.284
11900,0.124,0.582,0.294
12000,0.122,0.579,0.299
12100,0.131,0.579,0.290
12200,0.125,0.577,0.298
12300,0.128,0.575,0.297
12400,0.138,0.569,0.293
12500,0.131,0.578,0.291
12600,0.131,0.581,0.288
12700,0.131,0.601,0.269
12800,0.132,0.592,0.276
12900,0.132,0.587,0.281
13000,0.135,0.579,0.286
13100,0.141,0.571,0.288
13200,0.139,0.580,0.281
13300,0.139,0.568,0.293
13400,0.144,0.556,0.300
13500,0.154,0.552,0.294
13600,0.149,0.553,0.298
13700,0.156,0.558,0.286
13800,0.150,0.556,0.294
13900,0.163,0.538,0.298
14000,0.159,0.536,0.304
14100,0.164,0.542,0.293
14200,0.172,0.531,0.297
14300,0.169,0.530,0.301
14400,0.176,0.523,0.301
14500,0.174,0.521,0.305
14600,0.180,0.519,0.301
14700,0.172,0.523,0.305
14800,0.163,0.530,0.306
14900,0.173,0.529,0.298
15000,0.161,0.524,0.315
15100,0.158,0.527,0.315
15200,0.162,0.525,0.313
15300,0.172,0.529,0.299
15400,0.170,0.524,0.306
15500,0.185,0.513,0.302
15600,0.189,0.507,0.304
15700,0.183,0.503,0.315
15800,0.210,0.486,0.303
15900,0.216,0.490,0.294
16000,0.218,0.481,0.301
16100,0.218,0.484,0.298
16200,0.219,0.475,0.306
16300,0.229,0.456,0.316
16400,0.229,0.444,0.327
16500,0.224,0.437,0.339
16600,0.217,0.436,0.347
16700,0.209,0.445,0.345
16800,0.211,0.438,0.350
16900,0.207,0.434,0.359
17000,0.218,0.434,0.348
17100,0.230,0.430,0.340
17200,0.233,0.428,0.339
17300,0.254,0.426,0.320
17400,0.243,0.425,0.332
17500,0.243,0.418,0.339
17600,0.237,0.424,0.339
17700,0.252,0.424,0.324
17800,0.235,0.438,0.327
17900,0.253,0.420,0.327
18000,0.244,0.422,0.334
18100,0.245,0.420,0.335
18200,0.260,0.415,0.325
18300,0.250,0.422,0.328
18400,0.255,0.419,0.326
18500,0.249,0.414,0.337
18600,0.250,0.427,0.323
18700,0.245,0.431,0.324
18800,0.254,0.442,0.303
18900,0.253,0.448,0.298
19000,0.250,0.443,0.306
19100,0.253,0.442,0.304
19200,0.254,0.434,0.312
19300,0.273,0.434,0.293
19400,0.274,0.425,0.301
19500,0.265,0.439,0.296
19600,0.268,0.424,0.308
19700,0.273,0.416,0.312
19800,0.272,0.414,0.315
19900,0.267,0.404,0.329
20000,0.258,0.402,0.339
20100,0.281,0.410,0.309
20200,0.279,0.420,0.301
20300,0.273,0.417,0.311
20400,0.258,0.431,0.311
20500,0.272,0.419,0.309
20600,0.270,0.422,0.308
20700,0.268,0.420,0.313
20800,0.280,0.416,0.304
20900,0.281,0.424,0.295
21000,0.278,0.421,0.301
21100,0.278,0.404,0.318
21200,0.274,0.406,0.321
21300,0.274,0.408,0.319
21400,0.274,0.416,0.311
21500,0.271,0.417,0.313
21600,0.264,0.418,0.319
21700,0.269,0.419,0.313
21800,0.266,0.420,0.315
21900,0.269,0.422,0.309
22000,0.250,0.433,0.317
22100,0.246,0.435,0.319
22200,0.234,0.432,0.334
22300,0.223,0.433,0.344
22400,0.229,0.420,0.351
22500,0.257,0.401,0.341
22600,0.248,0.417,0.335
22700,0.247,0.418,0.335
22800,0.268,0.413,0.320
22900,0.257,0.406,0.337
23000,0.257,0.398,0.344
23100,0.255,0.399,0.345
23200,0.264,0.395,0.341
23300,0.273,0.393,0.334
23400,0.267,0.392,0.341
23500,0.283,0.389,0.328
23600,0.280,0.395,0.325
23700,0.273,0.403,0.324
23800,0.268,0.413,0.320
23900,0.258,0.426,0.316
24000,0.261,0.423,0.316
24100,0.257,0.417,0.326
24200,0.248,0.416,0.336
24300,0.236,0.404,0.360
24400,0.226,0.395,0.379
24500,0.225,0.409,0.367
24600,0.216,0.418,0.367
24700,0.216,0.428,0.356
24800,0.227,0.430,0.343
24900,0.222,0.435,0.343
25000,0.236,0.432,0.332
25100,0.245,0.433,0.322
25200,0.252,0.411,0.337
25300,0.248,0.409,0.343
25400,0.261,0.394,0.344
25500,0.252,0.406,0.342
25600,0.245,0.421,0.334
25700,0.234,0.423,0.343
25800,0.231,0.423,0.346
25900,0.217,0.437,0.346
26000,0.215,0.437,0.348
26100,0.218,0.432,0.350
26200,0.237,0.415,0.348
26300,0.233,0.411,0.356
26400,0.230,0.421,0.349
26500,0.234,0.417,0.349
26600,0.235,0.410,0.355
26700,0.237,0.403,0.360
26800,0.222,0.415,0.364
26900,0.253,0.393,0.353
27000,0.250,0.384,0.366
27100,0.246,0.381,0.373
27200,0.260,0.404,0.335
27300,0.265,0.402,0.333
27400,0.284,0.408,0.308
27500,0.273,0.398,0.329
27600,0.282,0.400,0.318
27700,0.291,0.400,0.308
27800,0.275,0.402,0.323
27900,0.271,0.401,0.328
28000,0.265,0.408,0.328
28100,0.257,0.407,0.336
28200,0.253,0.404,0.342
28300,0.255,0.415,0.330
28400,0.252,0.423,0.325
28500,0.260,0.414,0.326
28600,0.264,0.407,0.330
28700,0.238,0.406,0.356
28800,0.237,0.411,0.352
28900,0.232,0.415,0.353
29000,0.233,0.408,0.360
29100,0.252,0.403,0.344
29200,0.243,0.417,0.340
29300,0.248,0.406,0.346
29400,0.253,0.400,0.346
29500,0.259,0.390,0.350
29600,0.254,0.397,0.348
29700,0.259,0.389,0.351
29800,0.260,0.393,0.346
29900,0.249,0.390,0.361
30000,0.247,0.396,0.356
30100,0.264,0.397,0.339
30200,0.264,0.402,0.334
30300,0.284,0.404,0.312
30400,0.282,0.406,0.313
30500,0.278,0.406,0.317
30600,0.274,0.413,0.314
30700,0.264,0.414,0.323
30800,0.258,0.406,0.336
30900,0.252,0.402,0.345
31000,0.244,0.398,0.358
31100,0.242,0.400,0.358
31200,0.241,0.407,0.352
31300,0.239,0.394,0.367
31400,0.227,0.413,0.361
31500,0.244,0.403,0.352
31600,0.247,0.400,0.352
31700,0.249,0.408,0.343
31800,0.239,0.409,0.352
31900,0.237,0.401,0.362
32000,0.252,0.388,0.360
32100,0.241,0.385,0.374
32200,0.254,0.382,0.364
32300,0.259,0.383,0.358
32400,0.263,0.377,0.361
32500,0.267,0.380,0.353
32600,0.273,0.377,0.350
32700,0.278,0.377,0.345
32800,0.276,0.374,0.350
32900,0.265,0.369,0.367
33000,0.272,0.373,0.355
33100,0.270,0.387,0.343
33200,0.277,0.391,0.332
33300,0.277,0.383,0.340
33400,0.266,0.382,0.352
33500,0.259,0.385,0.355
33600,0.265,0.392,0.343
33700,0.266,0.402,0.332
33800,0.253,0.416,0.331
33900,0.254,0.404,0.341
34000,0.246,0.412,0.342
34100,0.240,0.398,0.362
34200,0.239,0.409,0.352
34300,0.240,0.400,0.360
34400,0.231,0.398,0.371
34500,0.226,0.399,0.375
34600,0.215,0.413,0.373
34700,0.207,0.406,0.387
34800,0.230,0.389,0.381
34900,0.237,0.393,0.370
35000,0.243,0.382,0.375
35100,0.243,0.382,0.375
35200,0.248,0.401,0.350
35300,0.217,0.400,0.383
35400,0.224,0.412,0.365
35500,0.226,0.401,0.373
35600,0.225,0.416,0.360
35700,0.226,0.420,0.354
35800,0.220,0.428,0.352
35900,0.221,0.428,0.351
36000,0.238,0.423,0.339
36100,0.234,0.418,0.348
36200,0.234,0.423,0.343
36300,0.240,0.432,0.328
36400,0.241,0.426,0.333
36500,0.249,0.416,0.335
36600,0.261,0.414,0.325
36700,0.252,0.400,0.347
36800,0.261,0.386,0.352
36900,0.268,0.386,0.346
37000,0.273,0.378,0.349
37100,0.287,0.370,0.343
37200,0.276,0.377,0.347
37300,0.282,0.379,0.339
37400,0.291,0.374,0.335
37500,0.291,0.374,0.335
37600,0.304,0.372,0.324
37700,0.306,0.364,0.330
37800,0.293,0.382,0.325
37900,0.296,0.378,0.326
38000,0.293,0.362,0.345
38100,0.290,0.361,0.349
38200,0.294,0.347,0.359
38300,0.291,0.349,0.360
38400,0.299,0.352,0.348
38500,0.307,0.353,0.339
38600,0.300,0.348,0.351
38700,0.302,0.355,0.342
38800,0.299,0.341,0.360
38900,0.300,0.336,0.364
39000,0.294,0.336,0.370
39100,0.289,0.343,0.368
39200,0.296,0.341,0.363
39300,0.283,0.355,0.362
39400,0.284,0.350,0.366
39500,0.292,0.347,0.361
39600,0.291,0.333,0.376
39700,0.288,0.332,0.380
39800,0.279,0.333,0.388
39900,0.279,0.329,0.392
40000,0.274,0.331,0.395
40100,0.278,0.332,0.390
40200,0.279,0.325,0.396
40300,0.269,0.330,0.401
40400,0.268,0.331,0.401
40500,0.271,0.331,0.398
40600,0.256,0.350,0.393
40700,0.257,0.348,0.394
40800,0.270,0.347,0.383
40900,0.264,0.339,0.397
41000,0.279,0.337,0.384
41100,0.276,0.337,0.387
41200,0.301,0.327,0.372
41300,0.315,0.336,0.349
41400,0.326,0.339,0.335
41500,0.332,0.339,0.329
41600,0.327,0.338,0.335
41700,0.324,0.336,0.340
41800,0.320,0.342,0.338
41900,0.293,0.345,0.362
42000,0.300,0.334,0.366
42100,0.315,0.334,0.351
42200,0.304,0.342,0.353
42300,0.305,0.346,0.348
42400,0.300,0.348,0.351
42500,0.311,0.345,0.344
42600,0.317,0.350,0.333
42700,0.312,0.340,0.348
42800,0.299,0.368,0.333
42900,0.308,0.362,0.330
43000,0.295,0.352,0.352
43100,0.297,0.355,0.347
43200,0.300,0.347,0.352
43300,0.302,0.346,0.351
43400,0.301,0.358,0.341
43500,0.300,0.364,0.336
43600,0.308,0.344,0.347
43700,0.318,0.338,0.344
43800,0.326,0.338,0.336
43900,0.317,0.339,0.344
44000,0.311,0.341,0.348
44100,0.320,0.336,0.344
44200,0.327,0.344,0.329
44300,0.321,0.352,0.327
44400,0.322,0.351,0.327
44500,0.318,0.347,0.335
44600,0.317,0.346,0.337
44700,0.322,0.348,0.330
44800,0.328,0.345,0.327
44900,0.314,0.361,0.326
45000,0.308,0.370,0.322
45100,0.303,0.350,0.346
45200,0.318,0.349,0.333
45300,0.308,0.358,0.334
45400,0.300,0.351,0.348
45500,0.297,0.348,0.354
45600,0.311,0.334,0.355
45700,0.307,0.336,0.356
45800,0.296,0.343,0.361
45900,0.300,0.336,0.364
46000,0.287,0.368,0.345
46100,0.295,0.362,0.343
46200,0.296,0.362,0.342
46300,0.278,0.354,0.368
46400,0.286,0.345,0.369
46500,0.288,0.345,0.367
46600,0.280,0.343,0.377
46700,0.277,0.349,0.374
46800,0.277,0.354,0.369
46900,0.273,0.355,0.372
47000,0.258,0.358,0.384
47100,0.252,0.366,0.382
47200,0.261,0.375,0.364
47300,0.254,0.372,0.374
47400,0.255,0.363,0.382
47500,0.267,0.364,0.370
47600,0.299,0.350,0.350
47700,0.304,0.341,0.354
47800,0.312,0.338,0.350
47900,0.304,0.338,0.358
48000,0.311,0.330,0.360
48100,0.314,0.335,0.351
48200,0.299,0.337,0.364
48300,0.301,0.334,0.365
48400,0.314,0.325,0.362
48500,0.312,0.330,0.359
48600,0.318,0.327,0.355
48700,0.323,0.319,0.359
48800,0.319,0.316,0.366
48900,0.319,0.328,0.353
49000,0.324,0.321,0.355
49100,0.317,0.320,0.364
49200,0.325,0.325,0.350
49300,0.334,0.316,0.350
49400,0.343,0.314,0.343
49500,0.346,0.309,0.344
49600,0.333,0.308,0.359
49700,0.330,0.297,0.373
49800,0.319,0.312,0.370
49900,0.328,0.313,0.360
50000,0.323,0.314,0.364
50100,0.308,0.311,0.381
50200,0.308,0.324,0.368
50300,0.308,0.315,0.377
50400,0.297,0.321,0.382
50500,0.307,0.309,0.383
50600,0.319,0.307,0.374
50700,0.319,0.330,0.351
50800,0.319,0.324,0.358
50900,0.338,0.312,0.350
51000,0.337,0.313,0.350
51100,0.332,0.318,0.350
51200,0.332,0.308,0.360
51300,0.327,0.314,0.360
51400,0.317,0.328,0.355
51500,0.328,0.329,0.343
51600,0.324,0.326,0.350
51700,0.331,0.317,0.352
51800,0.329,0.317,0.354
51900,0.332,0.313,0.355
52000,0.326,0.336,0.338
52100,0.324,0.327,0.349
52200,0.333,0.325,0.342
52300,0.337,0.324,0.339
52400,0.320,0.324,0.356
52500,0.325,0.321,0.354
52600,0.327,0.326,0.347
52700,0.321,0.329,0.350
52800,0.322,0.330,0.348
52900,0.320,0.328,0.352
53000,0.322,0.324,0.354
53100,0.312,0.318,0.371
53200,0.322,0.320,0.359
53300,0.334,0.322,0.344
53400,0.320,0.321,0.360
53500,0.322,0.321,0.358
53600,0.331,0.315,0.354
53700,0.330,0.315,0.355
53800,0.326,0.315,0.360
53900,0.322,0.316,0.363
54000,0.307,0.316,0.377
54100,0.318,0.314,0.369
54200,0.319,0.300,0.381
54300,0.324,0.296,0.380
54400,0.314,0.297,0.389
54500,0.315,0.302,0.383
54600,0.301,0.296,0.402
54700,0.305,0.292,0.402
54800,0.316,0.299,0.385
54900,0.328,0.304,0.368
55000,0.319,0.316,0.366
55100,0.313,0.313,0.375
55200,0.318,0.311,0.372
55300,0.316,0.308,0.376
55400,0.338,0.304,0.358
55500,0.352,0.304,0.343
55600,0.378,0.305,0.317
55700,0.379,0.305,0.316
55800,0.376,0.307,0.317
55900,0.373,0.306,0.321
56000,0.365,0.309,0.326
56100,0.364,0.306,0.330
56200,0.360,0.308,0.332
56300,0.352,0.330,0.318
56400,0.356,0.330,0.314
56500,0.362,0.326,0.313
56600,0.372,0.325,0.303
56700,0.374,0.321,0.305
56800,0.374,0.322,0.304
56900,0.356,0.327,0.317
57000,0.352,0.328,0.320
57100,0.353,0.329,0.318
57200,0.353,0.328,0.319
57300,0.343,0.335,0.322
57400,0.337,0.331,0.332
57500,0.346,0.323,0.331
57600,0.340,0.325,0.335
57700,0.340,0.322,0.338
57800,0.341,0.325,0.334
57900,0.333,0.328,0.339
58000,0.331,0.343,0.326
58100,0.328,0.340,0.332
58200,0.325,0.347,0.328
58300,0.312,0.361,0.328
58400,0.307,0.352,0.340
58500,0.303,0.355,0.341
58600,0.307,0.338,0.354
58700,0.314,0.333,0.353
58800,0.309,0.334,0.356
58900,0.306,0.338,0.355
59000,0.303,0.345,0.351
59100,0.297,0.343,0.360
59200,0.294,0.343,0.363
59300,0.285,0.337,0.378
59400,0.299,0.337,0.364
59500,0.306,0.325,0.369
59600,0.317,0.328,0.355
59700,0.324,0.314,0.363
59800,0.328,0.319,0.353
59900,0.325,0.326,0.349
60000,0.332,0.321,0.347
60100,0.352,0.316,0.332
60200,0.341,0.305,0.353
60300,0.343,0.305,0.351
60400,0.345,0.309,0.345
60500,0.340,0.302,0.358
60600,0.356,0.293,0.350
60700,0.361,0.294,0.345
60800,0.364,0.285,0.351
60900,0.370,0.286,0.344
61000,0.358,0.293,0.349
61100,0.367,0.294,0.339
61200,0.363,0.297,0.340
61300,0.353,0.307,0.339
61400,0.330,0.303,0.367
61500,0.352,0.292,0.355
61600,0.356,0.288,0.355
61700,0.367,0.282,0.351
61800,0.368,0.294,0.338
61900,0.371,0.285,0.344
62000,0.367,0.286,0.347
62100,0.371,0.286,0.343
62200,0.354,0.293,0.352
62300,0.358,0.289,0.353
62400,0.355,0.283,0.362
62500,0.353,0.281,0.366
62600,0.355,0.282,0.363
62700,0.351,0.286,0.363
62800,0.344,0.286,0.370
62900,0.328,0.294,0.378
63000,0.320,0.308,0.372
63100,0.327,0.306,0.367
63200,0.321,0.309,0.370
63300,0.322,0.311,0.368
63400,0.332,0.303,0.365
63500,0.329,0.298,0.373
63600,0.333,0.305,0.362
63700,0.335,0.307,0.358
63800,0.332,0.313,0.355
63900,0.323,0.312,0.366
64000,0.314,0.331,0.355
64100,0.305,0.333,0.362
64200,0.308,0.325,0.367
64300,0.320,0.324,0.356
64400,0.326,0.314,0.361
64500,0.324,0.312,0.365
64600,0.329,0.308,0.363
64700,0.347,0.303,0.349
64800,0.346,0.307,0.346
64900,0.342,0.307,0.350
65000,0.339,0.299,0.362
65100,0.329,0.316,0.355
65200,0.336,0.313,0.351
65300,0.321,0.315,0.365
65400,0.323,0.299,0.378
65500,0.335,0.315,0.350
65600,0.334,0.333,0.333
65700,0.333,0.328,0.339
65800,0.338,0.324,0.338
65900,0.337,0.309,0.353
66000,0.320,0.323,0.358
66100,0.311,0.325,0.365
66200,0.314,0.318,0.369
66300,0.300,0.321,0.379
66400,0.295,0.331,0.374
66500,0.299,0.327,0.374
66600,0.300,0.324,0.376
66700,0.301,0.335,0.364
66800,0.299,0.326,0.375
66900,0.302,0.326,0.372
67000,0.285,0.337,0.378
67100,0.286,0.332,0.382
67200,0.293,0.332,0.375
67300,0.289,0.329,0.382
67400,0.292,0.327,0.381
67500,0.284,0.333,0.383
67600,0.273,0.342,0.385
67700,0.272,0.351,0.377
67800,0.275,0.358,0.368
67900,0.301,0.332,0.367
68000,0.295,0.343,0.362
68100,0.300,0.332,0.368
68200,0.297,0.336,0.367
68300,0.296,0.315,0.389
68400,0.307,0.311,0.382
68500,0.311,0.308,0.381
68600,0.311,0.303,0.386
68700,0.314,0.306,0.380
68800,0.318,0.305,0.377
68900,0.314,0.299,0.387
69000,0.307,0.312,0.381
69100,0.303,0.309,0.387
69200,0.302,0.302,0.395
69300,0.300,0.316,0.384
69400,0.301,0.308,0.390
69500,0.294,0.308,0.397
69600,0.298,0.321,0.381
69700,0.318,0.312,0.371
69800,0.304,0.316,0.380
69900,0.306,0.303,0.390
70000,0.309,0.299,0.391
70100,0.327,0.295,0.378
70200,0.326,0.302,0.372
70300,0.320,0.295,0.385
70400,0.328,0.297,0.375
70500,0.329,0.315,0.356
70600,0.343,0.312,0.345
70700,0.348,0.292,0.360
70800,0.344,0.290,0.366
70900,0.337,0.306,0.356
71000,0.333,0.317,0.350
71100,0.321,0.326,0.353
71200,0.314,0.323,0.364
71300,0.307,0.326,0.367
71400,0.309,0.312,0.379
71500,0.307,0.308,0.384
71600,0.295,0.315,0.390
71700,0.295,0.321,0.384
71800,0.292,0.316,0.392
71900,0.293,0.307,0.399
72000,0.298,0.302,0.399
72100,0.292,0.306,0.401
72200,0.282,0.317,0.401
72300,0.289,0.314,0.397
72400,0.300,0.320,0.380
72500,0.296,0.309,0.394
72600,0.307,0.306,0.386
72700,0.296,0.318,0.386
72800,0.308,0.307,0.384
72900,0.315,0.300,0.385
73000,0.315,0.298,0.387
73100,0.312,0.303,0.385
73200,0.318,0.300,0.382
73300,0.325,0.290,0.385
73400,0.325,0.286,0.389
73500,0.320,0.284,0.396
73600,0.323,0.289,0.388
73700,0.329,0.291,0.380
73800,0.319,0.303,0.378
73900,0.315,0.303,0.382
74000,0.301,0.327,0.372
74100,0.304,0.307,0.388
74200,0.295,0.320,0.385
74300,0.302,0.313,0.385
74400,0.305,0.313,0.382
74500,0.317,0.306,0.377
74600,0.318,0.306,0.376
74700,0.316,0.299,0.385
74800,0.342,0.287,0.371
74900,0.347,0.270,0.383
75000,0.352,0.269,0.379
75100,0.354,0.255,0.390
75200,0.358,0.250,0.392
75300,0.369,0.247,0.384
75400,0.365,0.248,0.387
75500,0.358,0.256,0.386
75600,0.368,0.264,0.369
75700,0.367,0.266,0.368
75800,0.363,0.270,0.368
75900,0.352,0.265,0.383
76000,0.343,0.269,0.388
76100,0.347,0.272,0.381
76200,0.360,0.266,0.375
76300,0.359,0.261,0.380
76400,0.378,0.264,0.359
76500,0.374,0.266,0.361
76600,0.362,0.255,0.383
76700,0.368,0.249,0.383
76800,0.369,0.259,0.372
76900,0.369,0.248,0.383
77000,0.352,0.250,0.397
77100,0.370,0.259,0.371
77200,0.361,0.265,0.375
77300,0.373,0.260,0.367
77400,0.364,0.265,0.372
77500,0.361,0.270,0.370
77600,0.361,0.258,0.381
77700,0.355,0.253,0.391
77800,0.370,0.254,0.376
77900,0.359,0.249,0.392
78000,0.358,0.254,0.388
78100,0.344,0.254,0.401
78200,0.331,0.258,0.411
78300,0.328,0.256,0.416
78400,0.328,0.255,0.417
78500,0.326,0.255,0.419
78600,0.330,0.273,0.397
78700,0.326,0.267,0.408
78800,0.320,0.278,0.402
78900,0.316,0.276,0.409
79000,0.317,0.271,0.413
79100,0.305,0.277,0.418
79200,0.313,0.273,0.415
79300,0.318,0.275,0.408
79400,0.304,0.272,0.424
79500,0.328,0.255,0.417
79600,0.338,0.253,0.409
79700,0.323,0.268,0.410
79800,0.313,0.266,0.422
79900,0.323,0.259,0.418
80000,0.325,0.273,0.402
80100,0.306,0.270,0.424
80200,0.318,0.270,0.413
80300,0.316,0.257,0.427
80400,0.294,0.291,0.415
80500,0.298,0.283,0.419
80600,0.300,0.280,0.420
80700,0.318,0.263,0.420
80800,0.333,0.264,0.403
80900,0.323,0.260,0.417
81000,0.323,0.258,0.419
81100,0.329,0.256,0.415
81200,0.339,0.250,0.411
81300,0.326,0.246,0.428
81400,0.331,0.248,0.421
81500,0.322,0.257,0.421
81600,0.315,0.265,0.421
81700,0.315,0.264,0.422
81800,0.319,0.264,0.418
81900,0.324,0.273,0.403
82000,0.327,0.271,0.402
82100,0.316,0.279,0.406
82200,0.316,0.282,0.402
82300,0.321,0.263,0.417
82400,0.314,0.256,0.430
82500,0.321,0.258,0.421
82600,0.329,0.248,0.423
82700,0.331,0.250,0.419
82800,0.328,0.250,0.422
82900,0.324,0.249,0.427
83000,0.331,0.252,0.417
83100,0.329,0.258,0.413
83200,0.322,0.255,0.423
83300,0.328,0.257,0.415
83400,0.315,0.264,0.422
83500,0.314,0.248,0.438
83600,0.320,0.256,0.424
83700,0.319,0.261,0.420
83800,0.319,0.255,0.426
83900,0.309,0.257,0.433
84000,0.312,0.263,0.426
84100,0.321,0.252,0.427
84200,0.327,0.253,0.420
84300,0.332,0.257,0.411
84400,0.352,0.249,0.398
84500,0.355,0.246,0.398
84600,0.348,0.260,0.391
84700,0.363,0.266,0.372
84800,0.356,0.273,0.371
84900,0.369,0.271,0.361
85000,0.376,0.267,0.358
85100,0.385,0.263,0.352
85200,0.383,0.261,0.355
85300,0.394,0.243,0.363
85400,0.404,0.247,0.348
85500,0.412,0.240,0.348
85600,0.421,0.229,0.350
85700,0.422,0.232,0.346
85800,0.416,0.231,0.353
85900,0.417,0.232,0.351
86000,0.410,0.237,0.353
86100,0.409,0.241,0.350
86200,0.406,0.247,0.347
86300,0.390,0.267,0.343
86400,0.385,0.268,0.347
86500,0.370,0.273,0.358
86600,0.371,0.272,0.358
86700,0.388,0.279,0.333
86800,0.363,0.275,0.363
86900,0.370,0.259,0.371
87000,0.379,0.256,0.365
87100,0.369,0.277,0.354
87200,0.373,0.269,0.359
87300,0.383,0.270,0.347
87400,0.386,0.261,0.352
87500,0.393,0.258,0.348
87600,0.381,0.267,0.352
87700,0.377,0.263,0.361
87800,0.386,0.264,0.350
87900,0.400,0.261,0.338
88000,0.389,0.268,0.343
88100,0.387,0.259,0.353
88200,0.392,0.253,0.354
88300,0.382,0.251,0.367
88400,0.376,0.250,0.374
88500,0.376,0.246,0.378
88600,0.375,0.244,0.381
88700,0.376,0.250,0.374
88800,0.383,0.238,0.379
88900,0.380,0.233,0.387
89000,0.376,0.234,0.390
89100,0.371,0.232,0.397
89200,0.380,0.230,0.390
89300,0.376,0.247,0.377
89400,0.382,0.250,0.368
89500,0.374,0.252,0.374
89600,0.361,0.269,0.371
89700,0.373,0.265,0.363
89800,0.370,0.270,0.361
89900,0.365,0.282,0.353
90000,0.365,0.287,0.348
90100,0.363,0.295,0.342
90200,0.371,0.280,0.349
90300,0.378,0.274,0.348
90400,0.373,0.270,0.358
90500,0.379,0.258,0.363
90600,0.374,0.256,0.370
90700,0.388,0.256,0.355
90800,0.392,0.257,0.350
90900,0.390,0.258,0.351
91000,0.391,0.257,0.351
91100,0.389,0.265,0.346
91200,0.375,0.268,0.358
91300,0.380,0.261,0.359
91400,0.371,0.270,0.360
91500,0.378,0.268,0.354
91600,0.390,0.259,0.350
91700,0.377,0.275,0.348
91800,0.366,0.272,0.363
91900,0.361,0.273,0.367
92000,0.363,0.269,0.369
92100,0.368,0.266,0.367
92200,0.362,0.272,0.367
92300,0.361,0.263,0.377
92400,0.351,0.267,0.382
92500,0.342,0.277,0.381
92600,0.352,0.270,0.378
92700,0.356,0.280,0.364
92800,0.356,0.255,0.388
92900,0.342,0.265,0.393
93000,0.349,0.267,0.384
93100,0.344,0.259,0.396
93200,0.353,0.269,0.378
93300,0.359,0.272,0.370
93400,0.360,0.271,0.370
93500,0.337,0.263,0.400
93600,0.337,0.267,0.396
93700,0.334,0.266,0.400
93800,0.333,0.271,0.396
93900,0.341,0.263,0.396
94000,0.350,0.265,0.385
94100,0.344,0.266,0.390
94200,0.341,0.272,0.387
94300,0.338,0.274,0.388
94400,0.348,0.288,0.364
94500,0.348,0.277,0.375
94600,0.354,0.275,0.371
94700,0.358,0.274,0.369
94800,0.356,0.256,0.387
94900,0.366,0.264,0.371
95000,0.361,0.263,0.377
95100,0.382,0.254,0.364
95200,0.394,0.279,0.327
95300,0.390,0.274,0.336
95400,0.386,0.272,0.342
95500,0.386,0.268,0.346
95600,0.376,0.260,0.364
95700,0.378,0.254,0.368
95800,0.377,0.260,0.363
95900,0.381,0.258,0.361
96000,0.390,0.254,0.355
96100,0.391,0.253,0.355
96200,0.371,0.271,0.359
96300,0.377,0.271,0.352
96400,0.378,0.261,0.361
96500,0.371,0.254,0.375
96600,0.366,0.257,0.377
96700,0.368,0.256,0.376
96800,0.369,0.261,0.370
96900,0.370,0.261,0.369
97000,0.375,0.257,0.368
97100,0.384,0.256,0.360
97200,0.372,0.246,0.382
97300,0.367,0.280,0.353
97400,0.359,0.275,0.367
97500,0.374,0.259,0.367
97600,0.370,0.254,0.376
97700,0.368,0.260,0.372
97800,0.372,0.258,0.370
97900,0.363,0.276,0.362
98000,0.360,0.276,0.365
98100,0.365,0.269,0.367
98200,0.367,0.261,0.372
98300,0.362,0.267,0.372
98400,0.365,0.257,0.378
98500,0.367,0.255,0.378
98600,0.364,0.260,0.376
98700,0.354,0.263,0.383
98800,0.348,0.255,0.396
98900,0.372,0.249,0.379
99000,0.380,0.237,0.383
99100,0.389,0.236,0.375
99200,0.394,0.239,0.367
99300,0.392,0.236,0.372
99400,0.393,0.231,0.376
99500,0.399,0.229,0.372
99600,0.397,0.230,0.373
99700,0.399,0.232,0.369
99800,0.402,0.234,0.364
99900,0.396,0.233,0.371
100000,0.395,0.237,0.368
100100,0.389,0.246,0.365
100200,0.380,0.250,0.370
100300,0.393,0.240,0.367
100400,0.401,0.239,0.360
100500,0.409,0.235,0.356
100600,0.388,0.235,0.377
100700,0.404,0.239,0.356
100800,0.394,0.245,0.361
100900,0.399,0.236,0.365
101000,0.411,0.239,0.350
101100,0.417,0.240,0.343
101200,0.426,0.234,0.340
101300,0.426,0.236,0.338
101400,0.423,0.243,0.334
101500,0.422,0.239,0.339
101600,0.415,0.234,0.351
101700,0.432,0.227,0.341
101800,0.431,0.221,0.348
101900,0.433,0.225,0.342
102000,0.436,0.224,0.340
102100,0.432,0.228,0.340
102200,0.426,0.249,0.325
102300,0.421,0.254,0.325
102400,0.418,0.255,0.327
102500,0.425,0.246,0.329
102600,0.419,0.249,0.332
102700,0.421,0.256,0.323
102800,0.436,0.249,0.315
102900,0.422,0.257,0.321
103000,0.411,0.263,0.327
103100,0.406,0.268,0.327
103200,0.412,0.258,0.330
103300,0.408,0.263,0.330
103400,0.419,0.256,0.325
103500,0.418,0.246,0.336
103600,0.412,0.247,0.341
103700,0.418,0.250,0.332
103800,0.408,0.264,0.329
103900,0.407,0.264,0.330
104000,0.389,0.266,0.345
104100,0.394,0.255,0.350
104200,0.394,0.256,0.349
104300,0.387,0.264,0.349
104400,0.381,0.267,0.352
104500,0.380,0.275,0.345
104600,0.386,0.274,0.340
104700,0.403,0.263,0.334
104800,0.407,0.256,0.337
104900,0.395,0.250,0.354
105000,0.395,0.237,0.368
105100,0.417,0.250,0.333
105200,0.413,0.248,0.339
105300,0.418,0.251,0.331
105400,0.415,0.257,0.328
105500,0.411,0.253,0.336
105600,0.413,0.251,0.336
105700,0.416,0.255,0.329
105800,0.406,0.243,0.351
105900,0.409,0.244,0.347
106000,0.412,0.256,0.332
106100,0.401,0.249,0.349
106200,0.402,0.246,0.351
106300,0.390,0.255,0.354
106400,0.377,0.249,0.374
106500,0.388,0.243,0.369
106600,0.390,0.244,0.366
106700,0.390,0.248,0.362
106800,0.391,0.248,0.361
106900,0.388,0.250,0.362
107000,0.383,0.252,0.365
107100,0.384,0.260,0.355
107200,0.386,0.257,0.356
107300,0.378,0.248,0.374
107400,0.373,0.237,0.390
107500,0.367,0.236,0.397
107600,0.376,0.244,0.380
107700,0.363,0.241,0.396
107800,0.370,0.231,0.399
107900,0.377,0.233,0.390
108000,0.388,0.230,0.382
108100,0.381,0.233,0.386
108200,0.371,0.249,0.380
108300,0.388,0.238,0.374
108400,0.390,0.233,0.377
108500,0.385,0.229,0.386
108600,0.382,0.237,0.381
108700,0.375,0.230,0.395
108800,0.394,0.223,0.383
108900,0.397,0.224,0.379
109000,0.369,0.232,0.399
109100,0.370,0.237,0.393
109200,0.368,0.246,0.386
109300,0.385,0.244,0.371
109400,0.371,0.247,0.382
109500,0.371,0.255,0.374
109600,0.360,0.256,0.384
109700,0.347,0.257,0.395
109800,0.343,0.249,0.408
109900,0.334,0.277,0.389
110000,0.331,0.288,0.381
110100,0.321,0.293,0.386
110200,0.308,0.292,0.399
110300,0.298,0.280,0.422
110400,0.296,0.282,0.422
110500,0.296,0.271,0.433
110600,0.292,0.271,0.437
110700,0.302,0.285,0.413
110800,0.312,0.281,0.408
110900,0.311,0.279,0.411
111000,0.328,0.258,0.414
111100,0.336,0.264,0.400
111200,0.332,0.249,0.419
111300,0.329,0.258,0.413
111400,0.340,0.264,0.396
111500,0.348,0.259,0.392
111600,0.367,0.253,0.380
111700,0.370,0.263,0.368
111800,0.363,0.259,0.378
111900,0.363,0.263,0.375
112000,0.361,0.264,0.376
112100,0.363,0.256,0.381
112200,0.370,0.252,0.378
112300,0.360,0.253,0.387
112400,0.356,0.247,0.396
112500,0.360,0.243,0.397
112600,0.369,0.244,0.387
112700,0.375,0.247,0.378
112800,0.374,0.259,0.367
112900,0.367,0.264,0.370
113000,0.363,0.275,0.363
113100,0.353,0.264,0.383
113200,0.343,0.278,0.379
113300,0.339,0.257,0.403
113400,0.336,0.263,0.401
113500,0.340,0.258,0.401
113600,0.335,0.269,0.396
113700,0.337,0.266,0.397
113800,0.330,0.272,0.398
113900,0.330,0.274,0.396
114000,0.336,0.284,0.380
114100,0.334,0.282,0.384
114200,0.324,0.285,0.391
114300,0.327,0.289,0.384
114400,0.324,0.300,0.376
114500,0.341,0.293,0.366
114600,0.340,0.288,0.372
114700,0.349,0.291,0.360
114800,0.339,0.297,0.364
114900,0.336,0.296,0.368
115000,0.337,0.297,0.366
115100,0.339,0.295,0.366
115200,0.334,0.288,0.378
115300,0.326,0.287,0.387
115400,0.325,0.288,0.387
115500,0.331,0.287,0.382
115600,0.329,0.298,0.373
115700,0.318,0.296,0.386
115800,0.315,0.305,0.380
115900,0.315,0.303,0.382
116000,0.320,0.288,0.392
116100,0.300,0.285,0.415
116200,0.292,0.279,0.429
116300,0.304,0.269,0.427
116400,0.292,0.298,0.410
116500,0.295,0.300,0.404
116600,0.293,0.309,0.397
116700,0.287,0.311,0.402
116800,0.290,0.312,0.398
116900,0.280,0.306,0.414
117000,0.281,0.287,0.432
117100,0.281,0.282,0.437
117200,0.287,0.286,0.427
117300,0.309,0.277,0.414
117400,0.322,0.266,0.413
117500,0.312,0.270,0.419
117600,0.312,0.261,0.427
117700,0.308,0.258,0.433
117800,0.313,0.256,0.431
117900,0.321,0.258,0.421
118000,0.322,0.258,0.420
118100,0.321,0.271,0.409
118200,0.332,0.269,0.399
118300,0.350,0.261,0.388
118400,0.348,0.261,0.390
118500,0.352,0.263,0.385
118600,0.341,0.273,0.386
118700,0.332,0.281,0.387
118800,0.326,0.276,0.398
118900,0.336,0.271,0.393
119000,0.343,0.264,0.393
119100,0.346,0.261,0.392
119200,0.339,0.263,0.398
119300,0.339,0.260,0.400
119400,0.329,0.265,0.407
119500,0.327,0.284,0.389
119600,0.322,0.277,0.401
119700,0.318,0.266,0.417
119800,0.325,0.261,0.414
119900,0.314,0.259,0.427
120000,0.308,0.270,0.422
120100,0.303,0.282,0.415
120200,0.299,0.281,0.420
120300,0.290,0.291,0.419
120400,0.283,0.293,0.424
120500,0.274,0.285,0.441
120600,0.293,0.298,0.409
120700,0.302,0.294,0.403
120800,0.299,0.295,0.406
120900,0.304,0.289,0.407
121000,0.306,0.290,0.403
121100,0.289,0.291,0.420
121200,0.272,0.313,0.416
121300,0.279,0.314,0.408
121400,0.290,0.304,0.406
121500,0.292,0.304,0.403
121600,0.294,0.320,0.386
121700,0.297,0.322,0.381
121800,0.300,0.323,0.377
121900,0.300,0.326,0.374
122000,0.299,0.326,0.375
122100,0.297,0.314,0.389
122200,0.294,0.311,0.395
122300,0.287,0.317,0.396
122400,0.295,0.303,0.401
122500,0.288,0.303,0.409
122600,0.285,0.296,0.419
122700,0.287,0.289,0.424
122800,0.294,0.292,0.414
122900,0.288,0.294,0.418
123000,0.287,0.300,0.413
123100,0.290,0.297,0.413
123200,0.282,0.287,0.431
123300,0.294,0.277,0.429
123400,0.297,0.273,0.430
123500,0.302,0.270,0.428
123600,0.305,0.285,0.410
123700,0.305,0.281,0.414
123800,0.302,0.287,0.411
123900,0.289,0.293,0.418
124000,0.293,0.295,0.412
124100,0.309,0.283,0.408
124200,0.308,0.284,0.408
124300,0.330,0.275,0.395
124400,0.335,0.268,0.397
124500,0.334,0.269,0.397
124600,0.328,0.267,0.406
124700,0.311,0.273,0.417
124800,0.302,0.301,0.396
124900,0.304,0.298,0.397
125000,0.320,0.290,0.390
125100,0.322,0.280,0.398
125200,0.334,0.275,0.391
125300,0.328,0.273,0.399
125400,0.337,0.276,0.387
125500,0.343,0.282,0.375
125600,0.340,0.284,0.376
125700,0.341,0.281,0.378
125800,0.334,0.289,0.377
125900,0.331,0.289,0.380
126000,0.321,0.292,0.387
126100,0.328,0.299,0.373
126200,0.339,0.295,0.366
126300,0.327,0.296,0.377
126400,0.318,0.289,0.393
126500,0.330,0.282,0.388
126600,0.330,0.278,0.392
126700,0.331,0.277,0.392
126800,0.325,0.295,0.380
126900,0.312,0.294,0.394
127000,0.314,0.296,0.390
127100,0.308,0.303,0.388
127200,0.309,0.298,0.392
127300,0.309,0.284,0.407
127400,0.306,0.292,0.401
127500,0.309,0.302,0.388
127600,0.301,0.315,0.384
127700,0.301,0.321,0.378
127800,0.298,0.328,0.374
127900,0.300,0.324,0.376
128000,0.298,0.316,0.386
128100,0.298,0.323,0.379
128200,0.284,0.322,0.394
128300,0.298,0.330,0.372
128400,0.304,0.311,0.385
128500,0.304,0.311,0.385
128600,0.313,0.306,0.381
128700,0.313,0.301,0.386
128800,0.324,0.290,0.386
128900,0.325,0.285,0.390
129000,0.330,0.300,0.370
129100,0.319,0.297,0.384
129200,0.329,0.288,0.383
129300,0.327,0.283,0.390
129400,0.306,0.288,0.406
129500,0.307,0.292,0.400
129600,0.289,0.305,0.406
129700,0.286,0.314,0.400
129800,0.276,0.294,0.430
129900,0.282,0.277,0.441
130000,0.280,0.283,0.437
130100,0.289,0.293,0.418
130200,0.272,0.302,0.426
130300,0.273,0.312,0.416
130400,0.274,0.316,0.411
130500,0.274,0.314,0.413
130600,0.309,0.280,0.411
130700,0.313,0.269,0.419
130800,0.309,0.263,0.428
130900,0.316,0.278,0.407
131000,0.325,0.277,0.398
131100,0.315,0.284,0.401
131200,0.318,0.280,0.402
131300,0.303,0.292,0.404
131400,0.318,0.266,0.417
131500,0.322,0.264,0.415
131600,0.323,0.265,0.413
131700,0.321,0.265,0.415
131800,0.321,0.274,0.406
131900,0.315,0.279,0.407
132000,0.309,0.277,0.414
132100,0.318,0.267,0.416
132200,0.313,0.272,0.416
132300,0.322,0.260,0.418
132400,0.325,0.260,0.415
132500,0.318,0.260,0.422
132600,0.309,0.272,0.419
132700,0.303,0.280,0.417
132800,0.312,0.285,0.403
132900,0.317,0.274,0.410
133000,0.309,0.264,0.427
133100,0.323,0.261,0.416
133200,0.336,0.251,0.413
133300,0.335,0.251,0.414
133400,0.326,0.246,0.428
133500,0.333,0.273,0.394
133600,0.327,0.274,0.399
133700,0.347,0.255,0.397
133800,0.327,0.258,0.415
133900,0.334,0.243,0.423
134000,0.340,0.237,0.423
134100,0.338,0.244,0.418
134200,0.338,0.242,0.420
134300,0.340,0.248,0.412
134400,0.338,0.249,0.413
134500,0.332,0.236,0.432
134600,0.324,0.245,0.431
134700,0.317,0.250,0.433
134800,0.314,0.242,0.444
134900,0.316,0.254,0.430
135000,0.302,0.252,0.445
135100,0.303,0.253,0.443
135200,0.300,0.246,0.454
135300,0.293,0.265,0.442
135400,0.289,0.273,0.438
135500,0.291,0.273,0.436
135600,0.290,0.287,0.423
135700,0.285,0.296,0.419
135800,0.300,0.289,0.411
135900,0.311,0.285,0.404
136000,0.304,0.281,0.415
136100,0.315,0.281,0.404
136200,0.297,0.280,0.423
136300,0.303,0.267,0.430
136400,0.299,0.270,0.431
136500,0.307,0.268,0.425
136600,0.292,0.261,0.446
136700,0.288,0.257,0.455
136800,0.295,0.260,0.444
136900,0.301,0.255,0.443
137000,0.317,0.243,0.440
137100,0.328,0.248,0.424
137200,0.330,0.247,0.423
137300,0.323,0.245,0.432
137400,0.314,0.237,0.449
137500,0.319,0.235,0.446
137600,0.328,0.236,0.436
137700,0.322,0.227,0.451
137800,0.324,0.222,0.455
137900,0.329,0.237,0.434
138000,0.323,0.231,0.446
138100,0.322,0.232,0.446
138200,0.340,0.239,0.421
138300,0.317,0.246,0.437
138400,0.325,0.247,0.428
138500,0.317,0.240,0.443
138600,0.305,0.247,0.447
138700,0.305,0.251,0.443
138800,0.296,0.252,0.451
138900,0.296,0.250,0.454
139000,0.296,0.255,0.448
139100,0.305,0.259,0.435
139200,0.302,0.255,0.442
139300,0.322,0.252,0.426
139400,0.351,0.243,0.406
139500,0.344,0.241,0.415
139600,0.344,0.247,0.409
139700,0.342,0.249,0.409
139800,0.334,0.238,0.428
139900,0.342,0.238,0.420
140000,0.342,0.246,0.412
140100,0.341,0.246,0.413
140200,0.335,0.240,0.425
140300,0.346,0.246,0.408
140400,0.346,0.241,0.413
140500,0.375,0.236,0.389
140600,0.369,0.233,0.398
140700,0.374,0.228,0.398
140800,0.373,0.226,0.401
140900,0.373,0.222,0.406
141000,0.364,0.222,0.415
141100,0.353,0.227,0.420
141200,0.359,0.228,0.414
141300,0.370,0.222,0.409
141400,0.384,0.224,0.392
141500,0.382,0.225,0.393
141600,0.390,0.228,0.382
141700,0.387,0.224,0.389
141800,0.370,0.238,0.392
141900,0.354,0.246,0.399
142000,0.356,0.241,0.402
142100,0.360,0.243,0.397
142200,0.356,0.247,0.396
142300,0.366,0.233,0.401
142400,0.344,0.240,0.416
142500,0.358,0.229,0.414
142600,0.355,0.224,0.421
142700,0.360,0.229,0.412
142800,0.359,0.219,0.423
142900,0.361,0.220,0.420
143000,0.374,0.218,0.409
143100,0.379,0.223,0.398
143200,0.356,0.232,0.412
143300,0.346,0.229,0.425
143400,0.350,0.230,0.420
143500,0.348,0.228,0.424
143600,0.342,0.231,0.427
143700,0.348,0.229,0.423
143800,0.362,0.224,0.415
143900,0.367,0.216,0.418
144000,0.358,0.232,0.411
144100,0.365,0.227,0.409
144200,0.346,0.242,0.412
144300,0.359,0.242,0.399
144400,0.361,0.236,0.403
144500,0.340,0.239,0.421
144600,0.326,0.251,0.423
144700,0.322,0.253,0.425
144800,0.314,0.251,0.435
144900,0.315,0.263,0.423
145000,0.319,0.252,0.429
145100,0.316,0.250,0.434
145200,0.303,0.258,0.438
145300,0.315,0.252,0.433
145400,0.315,0.259,0.426
145500,0.329,0.256,0.415
145600,0.330,0.241,0.429
145700,0.342,0.236,0.422
145800,0.346,0.236,0.418
145900,0.356,0.233,0.411
146000,0.352,0.227,0.421
146100,0.345,0.230,0.425
146200,0.333,0.245,0.422
146300,0.347,0.251,0.401
146400,0.341,0.265,0.394
146500,0.327,0.263,0.411
146600,0.333,0.264,0.403
146700,0.329,0.260,0.411
146800,0.338,0.249,0.413
146900,0.343,0.242,0.415
147000,0.344,0.231,0.425
147100,0.348,0.239,0.413
147200,0.344,0.236,0.420
147300,0.347,0.246,0.407
147400,0.339,0.252,0.409
147500,0.337,0.242,0.421
147600,0.346,0.237,0.417
147700,0.369,0.235,0.396
147800,0.363,0.230,0.408
147900,0.353,0.230,0.417
148000,0.352,0.225,0.423
148100,0.350,0.242,0.408
148200,0.356,0.249,0.394
148300,0.363,0.253,0.384
148400,0.349,0.253,0.397
148500,0.350,0.254,0.395
148600,0.356,0.241,0.402
148700,0.370,0.233,0.397
148800,0.361,0.245,0.394
148900,0.359,0.233,0.409
149000,0.350,0.233,0.417
149100,0.351,0.246,0.402
149200,0.345,0.248,0.407
149300,0.341,0.250,0.409
149400,0.338,0.251,0.411
149500,0.338,0.248,0.414
149600,0.344,0.231,0.425
149700,0.344,0.222,0.434
149800,0.335,0.226,0.439
149900,0.334,0.230,0.436
150000,0.328,0.247,0.425
150100,0.331,0.253,0.416
150200,0.324,0.252,0.424
150300,0.327,0.259,0.414
150400,0.311,0.260,0.429
150500,0.328,0.259,0.413
150600,0.325,0.261,0.414
150700,0.325,0.265,0.411
150800,0.329,0.273,0.398
150900,0.333,0.259,0.408
151000,0.322,0.256,0.422
151100,0.329,0.250,0.421
151200,0.326,0.253,0.421
151300,0.311,0.250,0.439
151400,0.304,0.253,0.442
151500,0.306,0.259,0.434
151600,0.302,0.260,0.437
151700,0.299,0.260,0.440
151800,0.294,0.267,0.439
151900,0.304,0.270,0.426
152000,0.298,0.284,0.418
152100,0.299,0.279,0.422
152200,0.316,0.278,0.407
152300,0.327,0.275,0.398
152400,0.325,0.270,0.406
152500,0.323,0.261,0.416
152600,0.322,0.256,0.422
152700,0.333,0.266,0.401
152800,0.328,0.272,0.400
152900,0.328,0.279,0.393
153000,0.337,0.268,0.395
153100,0.323,0.273,0.404
153200,0.314,0.271,0.416
153300,0.324,0.271,0.406
153400,0.333,0.261,0.406
153500,0.334,0.260,0.406
153600,0.320,0.281,0.399
153700,0.328,0.284,0.388
153800,0.327,0.284,0.389
153900,0.329,0.299,0.372
154000,0.322,0.294,0.384
154100,0.330,0.293,0.377
154200,0.321,0.292,0.387
154300,0.322,0.300,0.378
154400,0.307,0.307,0.385
154500,0.314,0.307,0.379
154600,0.305,0.294,0.400
154700,0.298,0.307,0.394
154800,0.288,0.304,0.408
154900,0.280,0.313,0.408
155000,0.276,0.307,0.417
155100,0.278,0.294,0.428
155200,0.286,0.305,0.409
155300,0.287,0.297,0.416
155400,0.284,0.304,0.412
155500,0.279,0.312,0.410
155600,0.276,0.316,0.409
155700,0.276,0.309,0.415
155800,0.299,0.297,0.403
155900,0.303,0.301,0.395
156000,0.302,0.305,0.392
156100,0.298,0.306,0.395
156200,0.298,0.303,0.398
156300,0.278,0.300,0.422
156400,0.273,0.300,0.427
156500,0.270,0.306,0.424
156600,0.269,0.309,0.422
156700,0.264,0.304,0.432
156800,0.264,0.296,0.440
156900,0.258,0.297,0.444
157000,0.269,0.297,0.434
157100,0.277,0.294,0.429
157200,0.277,0.292,0.431
157300,0.282,0.290,0.428
157400,0.286,0.296,0.418
157500,0.281,0.307,0.412
157600,0.289,0.311,0.400
157700,0.280,0.315,0.406
157800,0.276,0.301,0.423
157900,0.277,0.292,0.431
158000,0.273,0.299,0.428
158100,0.272,0.303,0.425
158200,0.279,0.304,0.417
158300,0.272,0.305,0.423
158400,0.290,0.307,0.402
158500,0.296,0.307,0.396
158600,0.299,0.304,0.396
158700,0.302,0.297,0.400
158800,0.295,0.293,0.412
158900,0.284,0.314,0.402
159000,0.289,0.308,0.402
159100,0.281,0.309,0.410
159200,0.296,0.286,0.418
159300,0.294,0.279,0.427
159400,0.297,0.284,0.419
159500,0.278,0.278,0.444
159600,0.278,0.285,0.437
159700,0.281,0.291,0.428
159800,0.275,0.287,0.438
159900,0.301,0.277,0.422
160000,0.283,0.277,0.440
160100,0.303,0.278,0.419
160200,0.298,0.282,0.420
160300,0.289,0.284,0.427
160400,0.284,0.290,0.426
160500,0.295,0.285,0.420
160600,0.294,0.297,0.409
160700,0.307,0.295,0.397
160800,0.309,0.293,0.397
160900,0.306,0.297,0.396
161000,0.311,0.283,0.407
161100,0.318,0.266,0.417
161200,0.320,0.258,0.422
161300,0.312,0.261,0.427
161400,0.318,0.258,0.424
161500,0.325,0.273,0.402
161600,0.329,0.272,0.399
161700,0.328,0.272,0.400
161800,0.330,0.257,0.413
161900,0.331,0.257,0.412
162000,0.326,0.252,0.422
162100,0.328,0.249,0.423
162200,0.319,0.248,0.433
162300,0.311,0.256,0.433
162400,0.316,0.244,0.440
162500,0.314,0.248,0.438
162600,0.321,0.231,0.448
162700,0.313,0.238,0.449
162800,0.313,0.244,0.443
162900,0.312,0.248,0.440
163000,0.325,0.246,0.429
163100,0.315,0.240,0.445
163200,0.312,0.245,0.443
163300,0.294,0.236,0.470
163400,0.330,0.235,0.435
163500,0.332,0.246,0.422
163600,0.328,0.253,0.419
163700,0.325,0.256,0.419
163800,0.321,0.243,0.436
163900,0.349,0.236,0.415
164000,0.352,0.235,0.413
164100,0.341,0.236,0.423
164200,0.338,0.235,0.427
164300,0.329,0.236,0.435
