time,n_A+p,n_B,n_AB
100,0.303,0.421,0.276
200,0.461,0.263,0.276
300,0.684,0.145,0.171
400,0.724,0.145,0.132
500,0.750,0.132,0.118
600,0.776,0.092,0.132
700,0.816,0.079,0.105
800,0.737,0.066,0.197
900,0.908,0.039,0.053
1000,0.921,0.026,0.053
1100,0.934,0.026,0.039
1200,0.947,0.026,0.026
1300,0.947,0.013,0.039
1400,0.961,0.013,0.026
1500,0.961,0.013,0.026
1600,0.961,0.013,0.026
1700,0.974,0.013,0.013
1800,0.974,0.013,0.013
1900,0.974,0.013,0.013
2000,0.974,0.013,0.013
2100,0.974,0.000,0.026
2200,1.000,0.000,0.000
