time,n_A+p,n_B,n_AB
500,0.010,0.964,0.026
1000,0.010,0.970,0.020
1500,0.010,0.964,0.026
2000,0.010,0.957,0.033
2500,0.010,0.957,0.033
3000,0.010,0.953,0.037
3500,0.010,0.955,0.035
4000,0.010,0.955,0.035
4500,0.010,0.960,0.030
5000,0.010,0.932,0.058
5500,0.010,0.953,0.037
6000,0.010,0.965,0.025
6500,0.010,0.977,0.013
7000,0.010,0.960,0.030
7500,0.010,0.953,0.037
8000,0.010,0.944,0.046
8500,0.010,0.946,0.044
9000,0.010,0.944,0.046
9500,0.010,0.945,0.045
10000,0.010,0.963,0.027
10500,0.010,0.951,0.039
11000,0.010,0.934,0.056
11500,0.010,0.915,0.075
12000,0.010,0.912,0.078
12500,0.010,0.912,0.078
13000,0.010,0.918,0.072
13500,0.010,0.927,0.062
14000,0.010,0.950,0.040
14500,0.010,0.954,0.036
15000,0.010,0.947,0.043
15500,0.010,0.944,0.046
16000,0.010,0.949,0.041
16500,0.010,0.951,0.039
17000,0.010,0.958,0.032
17500,0.010,0.959,0.031
18000,0.010,0.957,0.033
18500,0.010,0.963,0.027
19000,0.010,0.947,0.043
19500,0.010,0.957,0.033
20000,0.010,0.939,0.051
20500,0.010,0.938,0.052
21000,0.010,0.925,0.065
21500,0.010,0.920,0.070
22000,0.010,0.921,0.069
22500,0.010,0.933,0.056
23000,0.010,0.938,0.052
23500,0.010,0.902,0.088
24000,0.010,0.923,0.067
24500,0.010,0.904,0.086
25000,0.010,0.892,0.098
25500,0.010,0.891,0.099
26000,0.010,0.907,0.083
26500,0.010,0.898,0.092
27000,0.010,0.920,0.070
27500,0.010,0.912,0.078
28000,0.010,0.906,0.084
28500,0.010,0.897,0.093
29000,0.010,0.895,0.095
29500,0.010,0.872,0.118
30000,0.010,0.900,0.090
30500,0.010,0.925,0.065
31000,0.010,0.922,0.068
31500,0.010,0.929,0.061
32000,0.010,0.928,0.062
32500,0.010,0.926,0.064
33000,0.010,0.939,0.051
33500,0.010,0.918,0.072
34000,0.010,0.922,0.068
34500,0.010,0.935,0.055
35000,0.010,0.925,0.065
35500,0.010,0.924,0.066
36000,0.010,0.932,0.058
36500,0.010,0.927,0.063
37000,0.010,0.935,0.055
37500,0.010,0.937,0.053
38000,0.010,0.918,0.072
38500,0.010,0.919,0.071
39000,0.010,0.916,0.074
39500,0.010,0.933,0.057
40000,0.010,0.943,0.047
40500,0.010,0.955,0.035
41000,0.010,0.941,0.049
41500,0.010,0.955,0.035
42000,0.010,0.943,0.047
42500,0.010,0.947,0.043
43000,0.010,0.929,0.061
43500,0.010,0.929,0.060
44000,0.010,0.914,0.076
44500,0.010,0.886,0.104
45000,0.010,0.899,0.091
45500,0.010,0.899,0.091
46000,0.010,0.877,0.113
46500,0.010,0.898,0.092
47000,0.010,0.912,0.078
47500,0.010,0.916,0.074
48000,0.010,0.907,0.083
48500,0.010,0.899,0.091
49000,0.010,0.906,0.084
49500,0.010,0.901,0.089
50000,0.010,0.914,0.076
50500,0.010,0.906,0.084
51000,0.010,0.910,0.080
51500,0.010,0.908,0.082
52000,0.010,0.898,0.092
52500,0.010,0.921,0.069
53000,0.010,0.917,0.073
53500,0.010,0.901,0.089
54000,0.010,0.896,0.094
54500,0.010,0.899,0.091
55000,0.010,0.921,0.069
55500,0.010,0.940,0.050
56000,0.010,0.944,0.046
56500,0.010,0.949,0.041
57000,0.010,0.961,0.029
57500,0.010,0.941,0.049
58000,0.010,0.950,0.040
58500,0.010,0.940,0.050
59000,0.010,0.956,0.034
59500,0.010,0.942,0.048
60000,0.010,0.935,0.055
60500,0.010,0.946,0.044
61000,0.010,0.929,0.061
61500,0.010,0.884,0.106
62000,0.010,0.875,0.115
62500,0.010,0.892,0.098
63000,0.010,0.910,0.080
63500,0.010,0.878,0.112
64000,0.010,0.902,0.088
64500,0.010,0.914,0.076
65000,0.010,0.928,0.061
65500,0.010,0.925,0.065
66000,0.010,0.914,0.076
66500,0.010,0.922,0.068
67000,0.010,0.921,0.069
67500,0.010,0.925,0.065
68000,0.010,0.920,0.070
68500,0.010,0.907,0.083
69000,0.010,0.926,0.064
69500,0.010,0.909,0.081
70000,0.010,0.911,0.079
70500,0.010,0.906,0.084
71000,0.010,0.903,0.087
71500,0.010,0.923,0.067
72000,0.010,0.891,0.099
72500,0.010,0.922,0.068
73000,0.010,0.913,0.077
73500,0.010,0.935,0.054
74000,0.010,0.939,0.051
74500,0.010,0.942,0.048
75000,0.010,0.945,0.045
75500,0.010,0.903,0.087
76000,0.010,0.903,0.087
76500,0.010,0.927,0.063
77000,0.010,0.926,0.064
77500,0.010,0.883,0.107
78000,0.010,0.904,0.086
78500,0.010,0.885,0.105
79000,0.010,0.894,0.096
79500,0.010,0.917,0.073
80000,0.010,0.904,0.086
80500,0.010,0.922,0.068
81000,0.010,0.942,0.048
81500,0.010,0.938,0.052
82000,0.010,0.942,0.048
82500,0.010,0.953,0.037
83000,0.010,0.956,0.034
83500,0.010,0.947,0.043
84000,0.010,0.938,0.052
84500,0.010,0.935,0.054
85000,0.010,0.914,0.076
85500,0.010,0.918,0.072
86000,0.010,0.928,0.061
86500,0.010,0.916,0.074
87000,0.010,0.888,0.102
87500,0.010,0.922,0.068
88000,0.010,0.908,0.082
88500,0.010,0.902,0.088
89000,0.010,0.919,0.071
89500,0.010,0.933,0.056
90000,0.010,0.918,0.072
90500,0.010,0.931,0.058
91000,0.010,0.922,0.068
91500,0.010,0.906,0.084
92000,0.010,0.929,0.060
92500,0.010,0.915,0.075
93000,0.010,0.912,0.078
93500,0.010,0.913,0.077
94000,0.010,0.901,0.089
94500,0.010,0.926,0.064
95000,0.010,0.935,0.054
95500,0.010,0.927,0.063
96000,0.010,0.918,0.072
96500,0.010,0.925,0.065
97000,0.010,0.913,0.077
97500,0.010,0.913,0.077
98000,0.010,0.901,0.089
98500,0.010,0.908,0.082
99000,0.010,0.915,0.075
99500,0.010,0.914,0.076
100000,0.010,0.890,0.100
100500,0.010,0.902,0.088
101000,0.010,0.887,0.103
101500,0.010,0.900,0.090
102000,0.010,0.882,0.108
102500,0.010,0.900,0.090
103000,0.010,0.903,0.087
103500,0.010,0.923,0.067
104000,0.010,0.924,0.066
104500,0.010,0.939,0.051
105000,0.010,0.952,0.038
105500,0.010,0.949,0.041
106000,0.010,0.940,0.050
106500,0.010,0.938,0.052
107000,0.010,0.929,0.061
107500,0.010,0.929,0.061
108000,0.010,0.912,0.078
108500,0.010,0.933,0.057
109000,0.010,0.941,0.049
109500,0.010,0.924,0.066
110000,0.010,0.902,0.088
110500,0.010,0.889,0.101
111000,0.010,0.874,0.116
111500,0.010,0.898,0.092
112000,0.010,0.912,0.078
112500,0.010,0.907,0.083
113000,0.010,0.902,0.088
113500,0.010,0.910,0.080
114000,0.010,0.916,0.074
114500,0.010,0.923,0.067
115000,0.010,0.920,0.070
115500,0.010,0.920,0.070
116000,0.010,0.926,0.064
116500,0.010,0.948,0.042
117000,0.010,0.961,0.029
117500,0.010,0.946,0.044
118000,0.010,0.971,0.019
118500,0.010,0.955,0.035
119000,0.010,0.949,0.041
119500,0.010,0.937,0.053
120000,0.010,0.935,0.055
120500,0.010,0.935,0.054
121000,0.010,0.943,0.047
121500,0.010,0.930,0.059
122000,0.010,0.949,0.041
122500,0.010,0.920,0.070
123000,0.010,0.937,0.053
123500,0.010,0.943,0.047
124000,0.010,0.922,0.068
124500,0.010,0.945,0.045
125000,0.010,0.921,0.069
125500,0.010,0.914,0.076
126000,0.010,0.889,0.101
126500,0.010,0.917,0.073
127000,0.010,0.890,0.100
127500,0.010,0.906,0.084
128000,0.010,0.928,0.061
128500,0.010,0.923,0.067
129000,0.010,0.919,0.071
129500,0.010,0.925,0.065
130000,0.010,0.907,0.083
130500,0.010,0.889,0.101
131000,0.010,0.884,0.106
131500,0.010,0.906,0.084
132000,0.010,0.913,0.077
132500,0.010,0.885,0.105
133000,0.010,0.887,0.103
133500,0.010,0.924,0.066
134000,0.010,0.891,0.099
134500,0.010,0.911,0.079
135000,0.010,0.931,0.059
135500,0.010,0.924,0.066
136000,0.010,0.921,0.069
136500,0.010,0.906,0.084
137000,0.010,0.905,0.085
137500,0.010,0.927,0.062
138000,0.010,0.938,0.052
138500,0.010,0.931,0.058
139000,0.010,0.939,0.051
139500,0.010,0.962,0.028
140000,0.010,0.943,0.047
140500,0.010,0.934,0.055
141000,0.010,0.941,0.049
141500,0.010,0.937,0.053
142000,0.010,0.888,0.102
142500,0.010,0.893,0.097
143000,0.010,0.894,0.096
143500,0.010,0.908,0.082
144000,0.010,0.886,0.104
144500,0.010,0.894,0.096
145000,0.010,0.863,0.127
145500,0.010,0.886,0.104
146000,0.010,0.901,0.089
146500,0.010,0.897,0.093
147000,0.010,0.885,0.105
147500,0.010,0.887,0.103
148000,0.010,0.894,0.096
148500,0.010,0.914,0.076
149000,0.010,0.894,0.096
149500,0.010,0.896,0.094
150000,0.010,0.930,0.059
150500,0.010,0.933,0.057
151000,0.010,0.907,0.083
151500,0.010,0.909,0.081
152000,0.010,0.909,0.081
152500,0.010,0.910,0.080
153000,0.010,0.918,0.072
153500,0.010,0.896,0.094
154000,0.010,0.925,0.065
154500,0.010,0.918,0.072
155000,0.010,0.918,0.072
155500,0.010,0.914,0.076
156000,0.010,0.946,0.044
156500,0.010,0.922,0.068
157000,0.010,0.937,0.053
157500,0.010,0.929,0.060
158000,0.010,0.932,0.057
158500,0.010,0.950,0.040
159000,0.010,0.913,0.077
159500,0.010,0.901,0.089
160000,0.010,0.896,0.094
160500,0.010,0.917,0.073
161000,0.010,0.893,0.097
161500,0.010,0.889,0.101
162000,0.010,0.903,0.087
162500,0.010,0.895,0.095
163000,0.010,0.924,0.066
163500,0.010,0.909,0.081
164000,0.010,0.890,0.100
164500,0.010,0.853,0.137
165000,0.010,0.889,0.101
165500,0.010,0.928,0.062
166000,0.010,0.924,0.066
166500,0.010,0.901,0.089
167000,0.010,0.922,0.068
167500,0.010,0.925,0.065
168000,0.010,0.922,0.068
168500,0.010,0.924,0.066
169000,0.010,0.920,0.070
169500,0.010,0.934,0.055
170000,0.010,0.945,0.045
170500,0.010,0.937,0.053
171000,0.010,0.920,0.070
171500,0.010,0.882,0.108
172000,0.010,0.868,0.122
172500,0.010,0.875,0.115
173000,0.010,0.854,0.136
173500,0.010,0.849,0.141
174000,0.010,0.896,0.094
174500,0.010,0.927,0.062
175000,0.010,0.947,0.043
175500,0.010,0.942,0.048
176000,0.010,0.956,0.034
176500,0.010,0.942,0.048
177000,0.010,0.954,0.036
177500,0.010,0.943,0.047
178000,0.010,0.931,0.059
178500,0.010,0.918,0.072
179000,0.010,0.910,0.080
179500,0.010,0.892,0.098
180000,0.010,0.881,0.109
180500,0.010,0.900,0.090
181000,0.010,0.931,0.059
181500,0.010,0.908,0.082
182000,0.010,0.902,0.088
182500,0.010,0.908,0.082
183000,0.010,0.893,0.097
183500,0.010,0.843,0.147
184000,0.010,0.863,0.127
184500,0.010,0.855,0.135
185000,0.010,0.879,0.111
185500,0.010,0.889,0.101
186000,0.010,0.911,0.079
186500,0.010,0.916,0.074
187000,0.010,0.904,0.086
187500,0.010,0.918,0.072
188000,0.010,0.910,0.080
188500,0.010,0.916,0.074
189000,0.010,0.941,0.049
189500,0.010,0.923,0.067
190000,0.010,0.894,0.096
190500,0.010,0.917,0.073
191000,0.010,0.889,0.101
191500,0.010,0.906,0.084
192000,0.010,0.943,0.047
192500,0.010,0.930,0.059
193000,0.010,0.927,0.062
193500,0.010,0.919,0.071
194000,0.010,0.898,0.092
194500,0.010,0.893,0.097
195000,0.010,0.927,0.063
195500,0.010,0.929,0.061
196000,0.010,0.890,0.100
196500,0.010,0.897,0.093
197000,0.010,0.908,0.082
197500,0.010,0.910,0.080
198000,0.010,0.913,0.077
198500,0.010,0.896,0.094
199000,0.010,0.915,0.075
199500,0.010,0.923,0.067
200000,0.010,0.925,0.065
200500,0.010,0.929,0.061
201000,0.010,0.927,0.062
201500,0.010,0.911,0.079
202000,0.010,0.904,0.086
202500,0.010,0.938,0.052
203000,0.010,0.951,0.039
203500,0.010,0.952,0.038
204000,0.010,0.963,0.027
204500,0.010,0.959,0.031
205000,0.010,0.940,0.050
205500,0.010,0.919,0.071
206000,0.010,0.908,0.082
206500,0.010,0.875,0.115
207000,0.010,0.890,0.100
207500,0.010,0.915,0.075
208000,0.010,0.916,0.074
208500,0.010,0.910,0.080
209000,0.010,0.922,0.068
209500,0.010,0.904,0.086
210000,0.010,0.917,0.073
210500,0.010,0.924,0.066
211000,0.010,0.919,0.071
211500,0.010,0.952,0.038
212000,0.010,0.946,0.044
212500,0.010,0.949,0.041
213000,0.010,0.957,0.033
213500,0.010,0.946,0.044
214000,0.010,0.933,0.056
214500,0.010,0.940,0.050
215000,0.010,0.956,0.034
215500,0.010,0.936,0.053
216000,0.010,0.941,0.049
216500,0.010,0.955,0.035
217000,0.010,0.951,0.039
217500,0.010,0.934,0.056
218000,0.010,0.906,0.084
218500,0.010,0.947,0.043
219000,0.010,0.926,0.064
219500,0.010,0.921,0.069
220000,0.010,0.920,0.070
220500,0.010,0.873,0.117
221000,0.010,0.866,0.124
221500,0.010,0.858,0.132
222000,0.010,0.868,0.122
222500,0.010,0.862,0.128
223000,0.010,0.881,0.109
223500,0.010,0.904,0.086
224000,0.010,0.896,0.094
224500,0.010,0.909,0.081
225000,0.010,0.915,0.075
225500,0.010,0.903,0.087
226000,0.010,0.915,0.075
226500,0.010,0.921,0.069
227000,0.010,0.914,0.076
227500,0.010,0.926,0.064
228000,0.010,0.939,0.051
228500,0.010,0.954,0.036
229000,0.010,0.898,0.092
229500,0.010,0.904,0.086
230000,0.010,0.916,0.074
230500,0.010,0.911,0.079
231000,0.010,0.909,0.081
231500,0.010,0.894,0.096
232000,0.010,0.897,0.093
232500,0.010,0.911,0.079
233000,0.010,0.910,0.080
233500,0.010,0.904,0.086
234000,0.010,0.891,0.099
234500,0.010,0.891,0.099
235000,0.010,0.892,0.098
235500,0.010,0.930,0.060
236000,0.010,0.954,0.036
236500,0.010,0.943,0.047
237000,0.010,0.934,0.055
237500,0.010,0.948,0.042
238000,0.010,0.935,0.054
238500,0.010,0.938,0.052
239000,0.010,0.940,0.050
239500,0.010,0.926,0.064
240000,0.010,0.921,0.069
240500,0.010,0.902,0.088
241000,0.010,0.899,0.091
241500,0.010,0.894,0.096
242000,0.010,0.903,0.087
242500,0.010,0.927,0.062
243000,0.010,0.928,0.061
243500,0.010,0.893,0.097
244000,0.010,0.897,0.093
244500,0.010,0.910,0.080
245000,0.010,0.912,0.078
245500,0.010,0.934,0.055
246000,0.010,0.939,0.051
246500,0.010,0.935,0.054
247000,0.010,0.925,0.065
247500,0.010,0.920,0.070
248000,0.010,0.930,0.059
248500,0.010,0.910,0.080
249000,0.010,0.909,0.081
249500,0.010,0.920,0.070
250000,0.010,0.895,0.095
250500,0.010,0.924,0.066
251000,0.010,0.931,0.058
251500,0.010,0.942,0.048
252000,0.010,0.942,0.048
252500,0.010,0.904,0.086
253000,0.010,0.877,0.113
253500,0.010,0.884,0.106
254000,0.010,0.894,0.096
254500,0.010,0.893,0.097
255000,0.010,0.902,0.088
255500,0.010,0.904,0.086
256000,0.010,0.949,0.041
256500,0.010,0.930,0.060
257000,0.010,0.933,0.057
257500,0.010,0.921,0.069
258000,0.010,0.916,0.074
258500,0.010,0.921,0.069
259000,0.010,0.926,0.064
259500,0.010,0.934,0.056
260000,0.010,0.913,0.077
260500,0.010,0.882,0.108
261000,0.010,0.906,0.084
261500,0.010,0.899,0.091
262000,0.010,0.872,0.118
262500,0.010,0.856,0.134
263000,0.010,0.863,0.127
263500,0.010,0.882,0.108
264000,0.010,0.880,0.110
264500,0.010,0.867,0.123
265000,0.010,0.878,0.112
265500,0.010,0.933,0.057
266000,0.010,0.928,0.062
266500,0.010,0.926,0.064
267000,0.010,0.899,0.091
267500,0.010,0.918,0.072
268000,0.010,0.903,0.087
268500,0.010,0.906,0.084
269000,0.010,0.860,0.130
269500,0.010,0.869,0.121
270000,0.010,0.882,0.108
270500,0.010,0.889,0.101
271000,0.010,0.904,0.086
271500,0.010,0.888,0.102
272000,0.010,0.873,0.117
272500,0.010,0.873,0.117
273000,0.010,0.868,0.122
273500,0.010,0.866,0.124
274000,0.010,0.842,0.148
274500,0.010,0.873,0.117
275000,0.010,0.883,0.107
275500,0.010,0.882,0.108
276000,0.010,0.907,0.083
276500,0.010,0.928,0.062
277000,0.010,0.917,0.073
277500,0.010,0.923,0.067
278000,0.010,0.951,0.039
278500,0.010,0.954,0.036
279000,0.010,0.944,0.046
279500,0.010,0.945,0.045
280000,0.010,0.942,0.048
280500,0.010,0.919,0.071
281000,0.010,0.901,0.089
281500,0.010,0.916,0.074
282000,0.010,0.936,0.053
282500,0.010,0.935,0.055
283000,0.010,0.923,0.067
283500,0.010,0.936,0.053
284000,0.010,0.943,0.047
284500,0.010,0.945,0.045
285000,0.010,0.933,0.056
285500,0.010,0.947,0.043
286000,0.010,0.938,0.052
286500,0.010,0.907,0.083
287000,0.010,0.900,0.090
287500,0.010,0.917,0.073
288000,0.010,0.921,0.069
288500,0.010,0.926,0.064
289000,0.010,0.927,0.062
289500,0.010,0.922,0.068
290000,0.010,0.923,0.067
290500,0.010,0.916,0.074
291000,0.010,0.921,0.069
291500,0.010,0.915,0.075
292000,0.010,0.928,0.062
292500,0.010,0.948,0.042
293000,0.010,0.943,0.047
293500,0.010,0.934,0.055
294000,0.010,0.906,0.084
294500,0.010,0.906,0.084
295000,0.010,0.867,0.123
295500,0.010,0.905,0.085
296000,0.010,0.915,0.075
296500,0.010,0.942,0.048
297000,0.010,0.931,0.058
297500,0.010,0.925,0.065
298000,0.010,0.955,0.035
298500,0.010,0.958,0.032
299000,0.010,0.947,0.043
299500,0.010,0.935,0.055
300000,0.010,0.932,0.058
300500,0.010,0.954,0.036
301000,0.010,0.944,0.046
301500,0.010,0.960,0.030
302000,0.010,0.941,0.049
302500,0.010,0.934,0.056
303000,0.010,0.910,0.080
303500,0.010,0.906,0.084
304000,0.010,0.904,0.086
304500,0.010,0.911,0.079
305000,0.010,0.931,0.059
305500,0.010,0.911,0.079
306000,0.010,0.906,0.084
306500,0.010,0.925,0.065
307000,0.010,0.905,0.085
307500,0.010,0.925,0.065
308000,0.010,0.922,0.068
308500,0.010,0.923,0.067
309000,0.010,0.891,0.099
309500,0.010,0.898,0.092
310000,0.010,0.897,0.093
310500,0.010,0.894,0.096
311000,0.010,0.883,0.107
311500,0.010,0.895,0.095
312000,0.010,0.888,0.102
312500,0.010,0.890,0.100
313000,0.010,0.910,0.080
313500,0.010,0.924,0.066
314000,0.010,0.933,0.056
314500,0.010,0.929,0.060
315000,0.010,0.954,0.036
315500,0.010,0.948,0.042
316000,0.010,0.962,0.028
316500,0.010,0.961,0.029
317000,0.010,0.964,0.026
317500,0.010,0.951,0.039
318000,0.010,0.937,0.053
318500,0.010,0.914,0.076
319000,0.010,0.911,0.079
319500,0.010,0.928,0.061
320000,0.010,0.943,0.047
320500,0.010,0.930,0.060
321000,0.010,0.944,0.046
321500,0.010,0.915,0.075
322000,0.010,0.926,0.064
322500,0.010,0.935,0.055
323000,0.010,0.910,0.080
323500,0.010,0.924,0.066
324000,0.010,0.922,0.068
324500,0.010,0.892,0.098
325000,0.010,0.907,0.083
325500,0.010,0.899,0.091
326000,0.010,0.905,0.085
326500,0.010,0.932,0.058
327000,0.010,0.926,0.064
327500,0.010,0.914,0.076
328000,0.010,0.917,0.073
328500,0.010,0.928,0.062
329000,0.010,0.911,0.079
329500,0.010,0.905,0.085
330000,0.010,0.927,0.063
330500,0.010,0.939,0.051
331000,0.010,0.947,0.043
331500,0.010,0.941,0.049
332000,0.010,0.954,0.036
332500,0.010,0.925,0.065
333000,0.010,0.954,0.036
333500,0.010,0.948,0.042
334000,0.010,0.949,0.041
334500,0.010,0.941,0.049
335000,0.010,0.941,0.049
335500,0.010,0.919,0.071
336000,0.010,0.918,0.072
336500,0.010,0.915,0.075
337000,0.010,0.934,0.055
337500,0.010,0.950,0.040
338000,0.010,0.930,0.060
338500,0.010,0.928,0.062
339000,0.010,0.933,0.057
339500,0.010,0.919,0.071
340000,0.010,0.936,0.054
340500,0.010,0.940,0.050
341000,0.010,0.930,0.059
341500,0.010,0.940,0.050
342000,0.010,0.942,0.048
342500,0.010,0.926,0.064
343000,0.010,0.955,0.035
343500,0.010,0.954,0.036
344000,0.010,0.947,0.043
344500,0.010,0.953,0.037
345000,0.010,0.960,0.030
345500,0.010,0.931,0.058
346000,0.010,0.928,0.061
346500,0.010,0.921,0.069
347000,0.010,0.928,0.061
347500,0.010,0.951,0.039
348000,0.010,0.929,0.061
348500,0.010,0.924,0.066
349000,0.010,0.923,0.067
349500,0.010,0.933,0.056
350000,0.010,0.926,0.064
350500,0.010,0.931,0.058
351000,0.010,0.939,0.051
351500,0.010,0.922,0.068
352000,0.010,0.917,0.073
352500,0.010,0.924,0.066
353000,0.010,0.947,0.043
353500,0.010,0.906,0.084
354000,0.010,0.923,0.067
354500,0.010,0.928,0.062
355000,0.010,0.936,0.054
355500,0.010,0.925,0.065
356000,0.010,0.916,0.074
356500,0.010,0.925,0.065
357000,0.010,0.906,0.084
357500,0.010,0.897,0.093
358000,0.010,0.911,0.079
358500,0.010,0.900,0.090
359000,0.010,0.930,0.059
359500,0.010,0.937,0.053
360000,0.010,0.950,0.040
360500,0.010,0.948,0.042
361000,0.010,0.928,0.062
361500,0.010,0.908,0.082
362000,0.010,0.925,0.065
362500,0.010,0.915,0.075
363000,0.010,0.911,0.079
363500,0.010,0.929,0.060
364000,0.010,0.952,0.038
364500,0.010,0.970,0.020
365000,0.010,0.966,0.024
365500,0.010,0.953,0.037
366000,0.010,0.940,0.050
366500,0.010,0.922,0.068
367000,0.010,0.945,0.045
367500,0.010,0.945,0.045
368000,0.010,0.950,0.040
368500,0.010,0.922,0.068
369000,0.010,0.918,0.072
369500,0.010,0.921,0.069
370000,0.010,0.916,0.074
370500,0.010,0.919,0.071
371000,0.010,0.933,0.056
371500,0.010,0.941,0.049
372000,0.010,0.949,0.041
372500,0.010,0.945,0.045
373000,0.010,0.955,0.035
373500,0.010,0.949,0.041
374000,0.010,0.941,0.049
374500,0.010,0.940,0.050
375000,0.010,0.933,0.056
375500,0.010,0.936,0.053
376000,0.010,0.913,0.077
376500,0.010,0.891,0.099
377000,0.010,0.889,0.101
377500,0.010,0.874,0.116
378000,0.010,0.896,0.094
378500,0.010,0.918,0.072
379000,0.010,0.929,0.061
379500,0.010,0.932,0.058
380000,0.010,0.920,0.070
380500,0.010,0.924,0.066
381000,0.010,0.934,0.056
381500,0.010,0.894,0.096
382000,0.010,0.910,0.080
382500,0.010,0.908,0.082
383000,0.010,0.860,0.130
383500,0.010,0.899,0.091
384000,0.010,0.912,0.078
384500,0.010,0.924,0.066
385000,0.010,0.940,0.050
385500,0.010,0.948,0.042
386000,0.010,0.948,0.042
386500,0.010,0.911,0.079
387000,0.010,0.887,0.103
387500,0.010,0.883,0.107
388000,0.010,0.900,0.090
388500,0.010,0.928,0.062
389000,0.010,0.918,0.072
389500,0.010,0.918,0.072
390000,0.010,0.917,0.073
390500,0.010,0.898,0.092
391000,0.010,0.929,0.060
391500,0.010,0.932,0.058
392000,0.010,0.948,0.042
392500,0.010,0.959,0.031
393000,0.010,0.960,0.030
393500,0.010,0.926,0.064
394000,0.010,0.906,0.084
394500,0.010,0.932,0.057
395000,0.010,0.939,0.051
395500,0.010,0.942,0.048
396000,0.010,0.944,0.046
396500,0.010,0.937,0.053
397000,0.010,0.927,0.063
397500,0.010,0.942,0.048
398000,0.010,0.935,0.055
398500,0.010,0.930,0.059
399000,0.010,0.931,0.058
399500,0.010,0.941,0.049
400000,0.010,0.941,0.049
400500,0.010,0.915,0.075
401000,0.010,0.924,0.066
401500,0.010,0.920,0.070
402000,0.010,0.905,0.085
402500,0.010,0.907,0.083
403000,0.010,0.914,0.076
403500,0.010,0.892,0.098
404000,0.010,0.865,0.125
404500,0.010,0.889,0.101
405000,0.010,0.875,0.115
405500,0.010,0.903,0.087
406000,0.010,0.917,0.073
406500,0.010,0.910,0.080
407000,0.010,0.910,0.080
407500,0.010,0.932,0.057
408000,0.010,0.938,0.052
408500,0.010,0.943,0.047
409000,0.010,0.935,0.054
409500,0.010,0.919,0.071
410000,0.010,0.918,0.072
410500,0.010,0.920,0.070
411000,0.010,0.924,0.066
411500,0.010,0.926,0.064
412000,0.010,0.907,0.083
412500,0.010,0.927,0.062
413000,0.010,0.925,0.065
413500,0.010,0.944,0.046
414000,0.010,0.951,0.039
414500,0.010,0.955,0.035
415000,0.010,0.950,0.040
415500,0.010,0.941,0.049
416000,0.010,0.921,0.069
416500,0.010,0.935,0.055
417000,0.010,0.932,0.058
417500,0.010,0.921,0.069
418000,0.010,0.933,0.057
418500,0.010,0.917,0.073
419000,0.010,0.901,0.089
419500,0.010,0.920,0.070
420000,0.010,0.918,0.072
420500,0.010,0.910,0.080
421000,0.010,0.916,0.074
421500,0.010,0.899,0.091
422000,0.010,0.922,0.068
422500,0.010,0.922,0.068
423000,0.010,0.935,0.055
423500,0.010,0.949,0.041
424000,0.010,0.896,0.094
424500,0.010,0.885,0.105
425000,0.010,0.888,0.102
425500,0.010,0.901,0.089
426000,0.010,0.914,0.076
426500,0.010,0.908,0.082
427000,0.010,0.907,0.083
427500,0.010,0.935,0.055
428000,0.010,0.923,0.067
428500,0.010,0.898,0.092
429000,0.010,0.870,0.120
429500,0.010,0.889,0.101
430000,0.010,0.880,0.110
430500,0.010,0.892,0.098
431000,0.010,0.898,0.092
431500,0.010,0.897,0.093
432000,0.010,0.902,0.088
432500,0.010,0.911,0.079
433000,0.010,0.900,0.090
433500,0.010,0.904,0.086
434000,0.010,0.896,0.094
434500,0.010,0.926,0.064
435000,0.010,0.935,0.055
435500,0.010,0.950,0.040
436000,0.010,0.953,0.037
436500,0.010,0.957,0.033
437000,0.010,0.958,0.032
437500,0.010,0.948,0.042
438000,0.010,0.904,0.086
438500,0.010,0.925,0.065
439000,0.010,0.941,0.049
439500,0.010,0.947,0.043
440000,0.010,0.916,0.074
440500,0.010,0.942,0.048
441000,0.010,0.947,0.043
441500,0.010,0.912,0.078
442000,0.010,0.903,0.087
442500,0.010,0.913,0.077
443000,0.010,0.911,0.079
443500,0.010,0.900,0.090
444000,0.010,0.895,0.095
444500,0.010,0.922,0.068
445000,0.010,0.939,0.051
445500,0.010,0.947,0.043
446000,0.010,0.956,0.034
446500,0.010,0.941,0.049
447000,0.010,0.957,0.033
447500,0.010,0.960,0.030
448000,0.010,0.965,0.025
448500,0.010,0.945,0.045
449000,0.010,0.947,0.043
449500,0.010,0.950,0.040
450000,0.010,0.945,0.045
450500,0.010,0.924,0.066
451000,0.010,0.893,0.097
451500,0.010,0.923,0.067
452000,0.010,0.931,0.058
452500,0.010,0.917,0.073
453000,0.010,0.928,0.062
453500,0.010,0.931,0.059
454000,0.010,0.941,0.049
454500,0.010,0.912,0.078
455000,0.010,0.896,0.094
455500,0.010,0.933,0.057
456000,0.010,0.941,0.049
456500,0.010,0.939,0.051
457000,0.010,0.911,0.079
457500,0.010,0.920,0.070
458000,0.010,0.927,0.062
458500,0.010,0.934,0.056
459000,0.010,0.933,0.057
459500,0.010,0.939,0.051
460000,0.010,0.925,0.065
460500,0.010,0.930,0.059
461000,0.010,0.906,0.084
461500,0.010,0.920,0.070
462000,0.010,0.931,0.059
462500,0.010,0.937,0.053
463000,0.010,0.941,0.049
463500,0.010,0.930,0.059
464000,0.010,0.920,0.070
464500,0.010,0.931,0.059
465000,0.010,0.928,0.062
465500,0.010,0.932,0.058
466000,0.010,0.929,0.061
466500,0.010,0.900,0.090
467000,0.010,0.911,0.079
467500,0.010,0.886,0.104
468000,0.010,0.886,0.104
468500,0.010,0.894,0.096
469000,0.010,0.901,0.089
469500,0.010,0.925,0.065
470000,0.010,0.928,0.062
470500,0.010,0.928,0.062
471000,0.010,0.886,0.104
471500,0.010,0.898,0.092
472000,0.010,0.925,0.065
472500,0.010,0.933,0.056
473000,0.010,0.923,0.067
473500,0.010,0.891,0.099
474000,0.010,0.884,0.106
474500,0.010,0.913,0.077
475000,0.010,0.925,0.065
475500,0.010,0.912,0.078
476000,0.010,0.882,0.108
476500,0.010,0.873,0.117
477000,0.010,0.878,0.112
477500,0.010,0.885,0.105
478000,0.010,0.884,0.106
478500,0.010,0.901,0.089
479000,0.010,0.879,0.111
479500,0.010,0.895,0.095
480000,0.010,0.897,0.093
480500,0.010,0.882,0.108
481000,0.010,0.908,0.082
481500,0.010,0.926,0.064
482000,0.010,0.922,0.068
482500,0.010,0.900,0.090
483000,0.010,0.890,0.100
483500,0.010,0.898,0.092
484000,0.010,0.920,0.070
484500,0.010,0.917,0.073
485000,0.010,0.922,0.068
485500,0.010,0.893,0.097
486000,0.010,0.912,0.078
486500,0.010,0.911,0.079
487000,0.010,0.910,0.080
487500,0.010,0.928,0.062
488000,0.010,0.949,0.041
488500,0.010,0.933,0.057
489000,0.010,0.940,0.050
489500,0.010,0.943,0.047
490000,0.010,0.951,0.039
490500,0.010,0.963,0.027
491000,0.010,0.947,0.043
491500,0.010,0.960,0.030
492000,0.010,0.962,0.028
492500,0.010,0.965,0.025
493000,0.010,0.945,0.045
493500,0.010,0.955,0.035
494000,0.010,0.917,0.073
494500,0.010,0.915,0.075
495000,0.010,0.911,0.079
495500,0.010,0.902,0.088
496000,0.010,0.911,0.079
496500,0.010,0.911,0.079
497000,0.010,0.886,0.104
497500,0.010,0.899,0.091
498000,0.010,0.911,0.079
498500,0.010,0.918,0.072
499000,0.010,0.914,0.076
499500,0.010,0.922,0.068
500000,0.010,0.937,0.053
500500,0.010,0.952,0.038
501000,0.010,0.962,0.028
501500,0.010,0.962,0.028
502000,0.010,0.964,0.026
502500,0.010,0.965,0.025
503000,0.010,0.964,0.026
503500,0.010,0.947,0.043
504000,0.010,0.942,0.048
504500,0.010,0.933,0.057
505000,0.010,0.928,0.062
505500,0.010,0.928,0.061
506000,0.010,0.947,0.043
506500,0.010,0.956,0.034
507000,0.010,0.944,0.046
507500,0.010,0.939,0.051
508000,0.010,0.919,0.071
508500,0.010,0.911,0.079
509000,0.010,0.911,0.079
509500,0.010,0.943,0.047
510000,0.010,0.953,0.037
510500,0.010,0.946,0.044
511000,0.010,0.950,0.040
511500,0.010,0.964,0.026
512000,0.010,0.962,0.028
512500,0.010,0.970,0.020
513000,0.010,0.967,0.023
513500,0.010,0.964,0.026
514000,0.010,0.952,0.038
514500,0.010,0.964,0.026
515000,0.010,0.974,0.016
515500,0.010,0.979,0.011
516000,0.010,0.956,0.034
516500,0.010,0.953,0.037
517000,0.010,0.929,0.061
517500,0.010,0.946,0.044
518000,0.010,0.944,0.046
518500,0.010,0.944,0.046
519000,0.010,0.934,0.056
519500,0.010,0.933,0.057
520000,0.010,0.935,0.054
520500,0.010,0.946,0.044
521000,0.010,0.933,0.057
521500,0.010,0.907,0.083
522000,0.010,0.896,0.094
522500,0.010,0.867,0.123
523000,0.010,0.875,0.115
523500,0.010,0.852,0.138
524000,0.010,0.901,0.089
524500,0.010,0.895,0.095
525000,0.010,0.917,0.073
525500,0.010,0.936,0.054
526000,0.010,0.948,0.042
526500,0.010,0.943,0.047
527000,0.010,0.927,0.062
527500,0.010,0.941,0.049
528000,0.010,0.934,0.055
528500,0.010,0.944,0.046
529000,0.010,0.924,0.066
529500,0.010,0.933,0.056
530000,0.010,0.913,0.077
530500,0.010,0.909,0.081
531000,0.010,0.926,0.064
531500,0.010,0.932,0.058
532000,0.010,0.927,0.062
532500,0.010,0.951,0.039
533000,0.010,0.960,0.030
533500,0.010,0.968,0.022
534000,0.010,0.972,0.018
534500,0.010,0.961,0.029
535000,0.010,0.960,0.030
535500,0.010,0.957,0.033
536000,0.010,0.962,0.028
536500,0.010,0.941,0.049
537000,0.010,0.932,0.058
537500,0.010,0.929,0.061
538000,0.010,0.898,0.092
538500,0.010,0.916,0.074
539000,0.010,0.908,0.082
539500,0.010,0.891,0.099
540000,0.010,0.876,0.114
540500,0.010,0.893,0.097
541000,0.010,0.903,0.087
541500,0.010,0.895,0.095
542000,0.010,0.893,0.097
542500,0.010,0.889,0.101
543000,0.010,0.891,0.099
543500,0.010,0.898,0.092
544000,0.010,0.882,0.108
544500,0.010,0.856,0.134
545000,0.010,0.868,0.122
545500,0.010,0.872,0.118
546000,0.010,0.878,0.112
546500,0.010,0.867,0.123
547000,0.010,0.877,0.113
547500,0.010,0.863,0.127
548000,0.010,0.872,0.118
548500,0.010,0.897,0.093
549000,0.010,0.911,0.079
549500,0.010,0.917,0.073
550000,0.010,0.915,0.075
550500,0.010,0.909,0.081
551000,0.010,0.905,0.085
551500,0.010,0.904,0.086
552000,0.010,0.898,0.092
552500,0.010,0.901,0.089
553000,0.010,0.918,0.072
553500,0.010,0.904,0.086
554000,0.010,0.912,0.078
554500,0.010,0.914,0.076
555000,0.010,0.943,0.047
555500,0.010,0.934,0.056
556000,0.010,0.908,0.082
556500,0.010,0.934,0.055
557000,0.010,0.949,0.041
557500,0.010,0.936,0.054
558000,0.010,0.944,0.046
558500,0.010,0.941,0.049
559000,0.010,0.934,0.055
559500,0.010,0.928,0.062
560000,0.010,0.913,0.077
560500,0.010,0.923,0.067
561000,0.010,0.926,0.064
561500,0.010,0.914,0.076
562000,0.010,0.931,0.058
562500,0.010,0.953,0.037
563000,0.010,0.969,0.021
563500,0.010,0.963,0.027
564000,0.010,0.955,0.035
564500,0.010,0.957,0.033
565000,0.010,0.944,0.046
565500,0.010,0.956,0.034
566000,0.010,0.964,0.026
566500,0.010,0.955,0.035
567000,0.010,0.938,0.052
567500,0.010,0.921,0.069
568000,0.010,0.930,0.059
568500,0.010,0.926,0.064
569000,0.010,0.925,0.065
569500,0.010,0.929,0.061
570000,0.010,0.930,0.059
570500,0.010,0.932,0.057
571000,0.010,0.898,0.092
571500,0.010,0.897,0.093
572000,0.010,0.908,0.082
572500,0.010,0.932,0.058
573000,0.010,0.935,0.054
573500,0.010,0.948,0.042
574000,0.010,0.923,0.067
574500,0.010,0.940,0.050
575000,0.010,0.929,0.060
575500,0.010,0.941,0.049
576000,0.010,0.912,0.078
576500,0.010,0.946,0.044
577000,0.010,0.933,0.056
577500,0.010,0.911,0.079
578000,0.010,0.922,0.068
578500,0.010,0.908,0.082
579000,0.010,0.925,0.065
579500,0.010,0.891,0.099
580000,0.010,0.902,0.088
580500,0.010,0.905,0.085
581000,0.010,0.915,0.075
581500,0.010,0.896,0.094
582000,0.010,0.895,0.095
582500,0.010,0.939,0.051
583000,0.010,0.954,0.036
583500,0.010,0.954,0.036
584000,0.010,0.926,0.064
584500,0.010,0.915,0.075
585000,0.010,0.879,0.111
585500,0.010,0.889,0.101
586000,0.010,0.893,0.097
586500,0.010,0.906,0.084
587000,0.010,0.912,0.078
587500,0.010,0.891,0.099
588000,0.010,0.926,0.064
588500,0.010,0.906,0.084
589000,0.010,0.926,0.064
589500,0.010,0.907,0.083
590000,0.010,0.916,0.074
590500,0.010,0.886,0.104
591000,0.010,0.910,0.080
591500,0.010,0.889,0.101
592000,0.010,0.913,0.077
592500,0.010,0.926,0.064
593000,0.010,0.952,0.038
593500,0.010,0.926,0.064
594000,0.010,0.898,0.092
594500,0.010,0.907,0.083
595000,0.010,0.915,0.075
595500,0.010,0.927,0.063
596000,0.010,0.929,0.061
596500,0.010,0.912,0.078
597000,0.010,0.901,0.089
597500,0.010,0.916,0.074
598000,0.010,0.910,0.080
598500,0.010,0.915,0.075
599000,0.010,0.924,0.066
599500,0.010,0.910,0.080
600000,0.010,0.904,0.086
600500,0.010,0.889,0.101
601000,0.010,0.889,0.101
601500,0.010,0.911,0.079
602000,0.010,0.928,0.062
602500,0.010,0.944,0.046
603000,0.010,0.953,0.037
603500,0.010,0.928,0.061
604000,0.010,0.914,0.076
604500,0.010,0.950,0.040
605000,0.010,0.954,0.036
605500,0.010,0.924,0.066
606000,0.010,0.944,0.046
606500,0.010,0.937,0.053
607000,0.010,0.934,0.056
607500,0.010,0.916,0.074
608000,0.010,0.930,0.060
608500,0.010,0.910,0.080
609000,0.010,0.867,0.123
609500,0.010,0.874,0.116
610000,0.010,0.865,0.125
610500,0.010,0.904,0.086
611000,0.010,0.921,0.069
611500,0.010,0.925,0.065
612000,0.010,0.932,0.058
612500,0.010,0.920,0.070
613000,0.010,0.925,0.065
613500,0.010,0.923,0.067
614000,0.010,0.926,0.064
614500,0.010,0.917,0.073
615000,0.010,0.924,0.066
615500,0.010,0.936,0.054
616000,0.010,0.921,0.069
616500,0.010,0.914,0.076
617000,0.010,0.913,0.077
617500,0.010,0.909,0.081
618000,0.010,0.932,0.058
618500,0.010,0.918,0.072
619000,0.010,0.910,0.080
619500,0.010,0.902,0.088
620000,0.010,0.911,0.079
620500,0.010,0.903,0.087
621000,0.010,0.921,0.069
621500,0.010,0.900,0.090
622000,0.010,0.892,0.098
622500,0.010,0.871,0.119
623000,0.010,0.907,0.083
623500,0.010,0.915,0.075
624000,0.010,0.933,0.056
624500,0.010,0.952,0.038
625000,0.010,0.942,0.048
625500,0.010,0.953,0.037
626000,0.010,0.953,0.037
626500,0.010,0.958,0.032
627000,0.010,0.943,0.047
627500,0.010,0.960,0.030
628000,0.010,0.959,0.031
628500,0.010,0.952,0.038
629000,0.010,0.945,0.045
629500,0.010,0.950,0.040
630000,0.010,0.928,0.061
630500,0.010,0.948,0.042
631000,0.010,0.964,0.026
631500,0.010,0.957,0.033
632000,0.010,0.951,0.039
632500,0.010,0.941,0.049
633000,0.010,0.919,0.071
633500,0.010,0.942,0.048
634000,0.010,0.954,0.036
634500,0.010,0.954,0.036
635000,0.010,0.928,0.061
635500,0.010,0.919,0.071
636000,0.010,0.904,0.086
636500,0.010,0.914,0.076
637000,0.010,0.915,0.075
637500,0.010,0.918,0.072
638000,0.010,0.933,0.057
638500,0.010,0.958,0.032
639000,0.010,0.935,0.054
639500,0.010,0.949,0.041
640000,0.010,0.947,0.043
640500,0.010,0.912,0.078
641000,0.010,0.908,0.082
641500,0.010,0.897,0.093
642000,0.010,0.923,0.067
642500,0.010,0.943,0.047
643000,0.010,0.929,0.060
643500,0.010,0.921,0.069
644000,0.010,0.924,0.066
644500,0.010,0.922,0.068
645000,0.010,0.942,0.048
645500,0.010,0.941,0.049
646000,0.010,0.920,0.070
646500,0.010,0.906,0.084
647000,0.010,0.902,0.088
647500,0.010,0.894,0.096
648000,0.010,0.910,0.080
648500,0.010,0.914,0.076
649000,0.010,0.925,0.065
649500,0.010,0.935,0.054
650000,0.010,0.936,0.054
650500,0.010,0.905,0.085
651000,0.010,0.924,0.066
651500,0.010,0.911,0.079
652000,0.010,0.886,0.104
652500,0.010,0.897,0.093
653000,0.010,0.890,0.100
653500,0.010,0.880,0.110
654000,0.010,0.911,0.079
654500,0.010,0.906,0.084
655000,0.010,0.930,0.060
655500,0.010,0.927,0.063
656000,0.010,0.910,0.080
656500,0.010,0.900,0.090
657000,0.010,0.897,0.093
657500,0.010,0.915,0.075
658000,0.010,0.928,0.061
658500,0.010,0.935,0.055
659000,0.010,0.929,0.061
659500,0.010,0.930,0.060
660000,0.010,0.919,0.071
660500,0.010,0.921,0.069
661000,0.010,0.941,0.049
661500,0.010,0.936,0.053
662000,0.010,0.925,0.065
662500,0.010,0.916,0.074
663000,0.010,0.931,0.059
663500,0.010,0.906,0.084
664000,0.010,0.917,0.073
664500,0.010,0.942,0.048
665000,0.010,0.930,0.060
665500,0.010,0.951,0.039
666000,0.010,0.960,0.030
666500,0.010,0.941,0.049
667000,0.010,0.951,0.039
667500,0.010,0.939,0.051
668000,0.010,0.926,0.064
668500,0.010,0.934,0.055
669000,0.010,0.939,0.051
669500,0.010,0.920,0.070
670000,0.010,0.911,0.079
670500,0.010,0.901,0.089
671000,0.010,0.924,0.066
671500,0.010,0.946,0.044
672000,0.010,0.946,0.044
672500,0.010,0.954,0.036
673000,0.010,0.959,0.031
673500,0.010,0.951,0.039
674000,0.010,0.943,0.047
674500,0.010,0.949,0.041
675000,0.010,0.911,0.079
675500,0.010,0.914,0.076
676000,0.010,0.903,0.087
676500,0.010,0.900,0.090
677000,0.010,0.892,0.098
677500,0.010,0.905,0.085
678000,0.010,0.898,0.092
678500,0.010,0.922,0.068
679000,0.010,0.936,0.054
679500,0.010,0.944,0.046
680000,0.010,0.954,0.036
680500,0.010,0.945,0.045
681000,0.010,0.940,0.050
681500,0.010,0.921,0.069
682000,0.010,0.936,0.053
682500,0.010,0.922,0.068
683000,0.010,0.919,0.071
683500,0.010,0.890,0.100
684000,0.010,0.926,0.064
684500,0.010,0.904,0.086
685000,0.010,0.868,0.122
685500,0.010,0.881,0.109
686000,0.010,0.879,0.111
686500,0.010,0.867,0.123
687000,0.010,0.887,0.103
687500,0.010,0.894,0.096
688000,0.010,0.929,0.060
688500,0.010,0.940,0.050
689000,0.010,0.945,0.045
689500,0.010,0.954,0.036
690000,0.010,0.948,0.042
690500,0.010,0.927,0.062
691000,0.010,0.930,0.059
691500,0.010,0.932,0.057
692000,0.010,0.919,0.071
692500,0.010,0.922,0.068
693000,0.010,0.928,0.062
693500,0.010,0.940,0.050
694000,0.010,0.947,0.043
694500,0.010,0.967,0.023
695000,0.010,0.943,0.047
695500,0.010,0.956,0.034
696000,0.010,0.941,0.049
696500,0.010,0.942,0.048
697000,0.010,0.938,0.052
697500,0.010,0.912,0.078
698000,0.010,0.871,0.119
698500,0.010,0.852,0.138
699000,0.010,0.880,0.110
699500,0.010,0.850,0.140
700000,0.010,0.853,0.137
700500,0.010,0.877,0.113
701000,0.010,0.899,0.091
701500,0.010,0.926,0.064
702000,0.010,0.935,0.055
702500,0.010,0.944,0.046
703000,0.010,0.940,0.050
703500,0.010,0.923,0.067
704000,0.010,0.933,0.056
704500,0.010,0.918,0.072
705000,0.010,0.924,0.066
705500,0.010,0.950,0.040
706000,0.010,0.942,0.048
706500,0.010,0.928,0.062
707000,0.010,0.931,0.059
707500,0.010,0.929,0.061
708000,0.010,0.951,0.039
708500,0.010,0.951,0.039
709000,0.010,0.971,0.019
709500,0.010,0.965,0.025
710000,0.010,0.961,0.029
710500,0.010,0.967,0.023
711000,0.010,0.948,0.042
711500,0.010,0.939,0.051
712000,0.010,0.920,0.070
712500,0.010,0.928,0.062
713000,0.010,0.945,0.045
713500,0.010,0.925,0.065
714000,0.010,0.873,0.117
714500,0.010,0.893,0.097
715000,0.010,0.912,0.078
715500,0.010,0.928,0.062
716000,0.010,0.898,0.092
716500,0.010,0.920,0.070
717000,0.010,0.934,0.055
717500,0.010,0.943,0.047
718000,0.010,0.946,0.044
718500,0.010,0.953,0.037
719000,0.010,0.931,0.058
719500,0.010,0.917,0.073
720000,0.010,0.922,0.068
720500,0.010,0.915,0.075
721000,0.010,0.914,0.076
721500,0.010,0.905,0.085
722000,0.010,0.892,0.098
722500,0.010,0.891,0.099
723000,0.010,0.899,0.091
723500,0.010,0.910,0.080
724000,0.010,0.920,0.070
724500,0.010,0.909,0.081
725000,0.010,0.921,0.069
725500,0.010,0.928,0.062
726000,0.010,0.932,0.058
726500,0.010,0.953,0.037
727000,0.010,0.950,0.040
727500,0.010,0.935,0.055
728000,0.010,0.922,0.068
728500,0.010,0.948,0.042
729000,0.010,0.942,0.048
729500,0.010,0.954,0.036
730000,0.010,0.956,0.034
730500,0.010,0.962,0.028
731000,0.010,0.952,0.038
731500,0.010,0.929,0.060
732000,0.010,0.943,0.047
732500,0.010,0.941,0.049
733000,0.010,0.954,0.036
733500,0.010,0.943,0.047
734000,0.010,0.924,0.066
734500,0.010,0.932,0.057
735000,0.010,0.942,0.048
735500,0.010,0.946,0.044
736000,0.010,0.958,0.032
736500,0.010,0.969,0.021
737000,0.010,0.956,0.034
737500,0.010,0.947,0.043
738000,0.010,0.939,0.051
738500,0.010,0.944,0.046
739000,0.010,0.925,0.065
739500,0.010,0.924,0.066
740000,0.010,0.911,0.079
740500,0.010,0.933,0.056
741000,0.010,0.923,0.067
741500,0.010,0.924,0.066
742000,0.010,0.882,0.108
742500,0.010,0.906,0.084
743000,0.010,0.920,0.070
743500,0.010,0.925,0.065
744000,0.010,0.942,0.048
744500,0.010,0.943,0.047
745000,0.010,0.946,0.044
745500,0.010,0.943,0.047
746000,0.010,0.940,0.050
746500,0.010,0.935,0.055
747000,0.010,0.958,0.032
747500,0.010,0.935,0.055
748000,0.010,0.878,0.112
748500,0.010,0.874,0.116
749000,0.010,0.902,0.088
749500,0.010,0.882,0.108
750000,0.010,0.891,0.099
750500,0.010,0.913,0.077
751000,0.010,0.921,0.069
751500,0.010,0.914,0.076
752000,0.010,0.928,0.062
752500,0.010,0.943,0.047
753000,0.010,0.943,0.047
753500,0.010,0.918,0.072
754000,0.010,0.923,0.067
754500,0.010,0.919,0.071
755000,0.010,0.926,0.064
755500,0.010,0.924,0.066
756000,0.010,0.916,0.074
756500,0.010,0.902,0.088
757000,0.010,0.872,0.118
757500,0.010,0.865,0.125
758000,0.010,0.869,0.121
758500,0.010,0.853,0.137
759000,0.010,0.866,0.124
759500,0.010,0.879,0.111
760000,0.010,0.881,0.109
760500,0.010,0.908,0.082
761000,0.010,0.929,0.061
761500,0.010,0.944,0.046
762000,0.010,0.911,0.079
762500,0.010,0.933,0.056
763000,0.010,0.929,0.060
763500,0.010,0.891,0.099
764000,0.010,0.907,0.083
764500,0.010,0.914,0.076
765000,0.010,0.928,0.062
765500,0.010,0.934,0.056
766000,0.010,0.930,0.060
766500,0.010,0.934,0.055
767000,0.010,0.941,0.049
767500,0.010,0.931,0.058
768000,0.010,0.952,0.038
768500,0.010,0.955,0.035
769000,0.010,0.945,0.045
769500,0.010,0.944,0.046
770000,0.010,0.945,0.045
770500,0.010,0.944,0.046
771000,0.010,0.922,0.068
771500,0.010,0.929,0.060
772000,0.010,0.924,0.066
772500,0.010,0.929,0.061
773000,0.010,0.932,0.057
773500,0.010,0.934,0.056
774000,0.010,0.903,0.087
774500,0.010,0.916,0.074
775000,0.010,0.904,0.086
775500,0.010,0.891,0.099
776000,0.010,0.902,0.088
776500,0.010,0.895,0.095
777000,0.010,0.910,0.080
777500,0.010,0.926,0.064
778000,0.010,0.919,0.071
778500,0.010,0.918,0.072
779000,0.010,0.916,0.074
779500,0.010,0.941,0.049
780000,0.010,0.921,0.069
780500,0.010,0.932,0.058
781000,0.010,0.925,0.065
781500,0.010,0.915,0.075
782000,0.010,0.907,0.083
782500,0.010,0.914,0.076
783000,0.010,0.913,0.077
783500,0.010,0.895,0.095
784000,0.010,0.910,0.080
784500,0.010,0.929,0.061
785000,0.010,0.921,0.069
785500,0.010,0.941,0.049
786000,0.010,0.943,0.047
786500,0.010,0.950,0.040
787000,0.010,0.957,0.033
787500,0.010,0.940,0.050
788000,0.010,0.949,0.041
788500,0.010,0.941,0.049
789000,0.010,0.932,0.057
789500,0.010,0.946,0.044
790000,0.010,0.959,0.031
790500,0.010,0.942,0.048
791000,0.010,0.936,0.053
791500,0.010,0.901,0.089
792000,0.010,0.911,0.079
792500,0.010,0.919,0.071
793000,0.010,0.920,0.070
793500,0.010,0.907,0.083
794000,0.010,0.914,0.076
794500,0.010,0.923,0.067
795000,0.010,0.876,0.114
795500,0.010,0.875,0.115
796000,0.010,0.888,0.102
796500,0.010,0.892,0.098
797000,0.010,0.910,0.080
797500,0.010,0.920,0.070
798000,0.010,0.898,0.092
798500,0.010,0.915,0.075
799000,0.010,0.922,0.068
799500,0.010,0.926,0.064
800000,0.010,0.924,0.066
800500,0.010,0.934,0.056
801000,0.010,0.934,0.056
801500,0.010,0.948,0.042
802000,0.010,0.953,0.037
802500,0.010,0.967,0.023
803000,0.010,0.926,0.064
803500,0.010,0.939,0.051
804000,0.010,0.944,0.046
804500,0.010,0.954,0.036
805000,0.010,0.953,0.037
805500,0.010,0.964,0.026
806000,0.010,0.931,0.059
806500,0.010,0.933,0.056
807000,0.010,0.939,0.051
807500,0.010,0.917,0.073
808000,0.010,0.926,0.064
808500,0.010,0.889,0.101
809000,0.010,0.867,0.123
809500,0.010,0.903,0.087
810000,0.010,0.932,0.057
810500,0.010,0.933,0.056
811000,0.010,0.897,0.093
811500,0.010,0.904,0.086
812000,0.010,0.931,0.058
812500,0.010,0.942,0.048
813000,0.010,0.925,0.065
813500,0.010,0.930,0.060
814000,0.010,0.910,0.080
814500,0.010,0.905,0.085
815000,0.010,0.913,0.077
815500,0.010,0.905,0.085
816000,0.010,0.930,0.059
816500,0.010,0.940,0.050
817000,0.010,0.917,0.073
817500,0.010,0.917,0.073
818000,0.010,0.928,0.062
818500,0.010,0.936,0.054
819000,0.010,0.921,0.069
819500,0.010,0.910,0.080
820000,0.010,0.922,0.068
820500,0.010,0.920,0.070
821000,0.010,0.926,0.064
821500,0.010,0.908,0.082
822000,0.010,0.930,0.059
822500,0.010,0.935,0.054
823000,0.010,0.926,0.064
823500,0.010,0.927,0.062
824000,0.010,0.947,0.043
824500,0.010,0.939,0.051
825000,0.010,0.940,0.050
825500,0.010,0.933,0.057
826000,0.010,0.946,0.044
826500,0.010,0.946,0.044
827000,0.010,0.912,0.078
827500,0.010,0.936,0.054
828000,0.010,0.930,0.059
828500,0.010,0.936,0.053
829000,0.010,0.951,0.039
829500,0.010,0.955,0.035
830000,0.010,0.953,0.037
830500,0.010,0.918,0.072
831000,0.010,0.909,0.081
831500,0.010,0.913,0.077
832000,0.010,0.923,0.067
832500,0.010,0.921,0.069
833000,0.010,0.933,0.056
833500,0.010,0.941,0.049
834000,0.010,0.949,0.041
834500,0.010,0.928,0.061
835000,0.010,0.936,0.053
835500,0.010,0.920,0.070
836000,0.010,0.906,0.084
836500,0.010,0.896,0.094
837000,0.010,0.900,0.090
837500,0.010,0.917,0.073
838000,0.010,0.896,0.094
838500,0.010,0.930,0.060
839000,0.010,0.900,0.090
839500,0.010,0.916,0.074
840000,0.010,0.906,0.084
840500,0.010,0.912,0.078
841000,0.010,0.932,0.058
841500,0.010,0.920,0.070
842000,0.010,0.916,0.074
842500,0.010,0.934,0.055
843000,0.010,0.930,0.059
843500,0.010,0.931,0.058
844000,0.010,0.938,0.052
844500,0.010,0.915,0.075
845000,0.010,0.912,0.078
845500,0.010,0.926,0.064
846000,0.010,0.910,0.080
846500,0.010,0.935,0.055
847000,0.010,0.948,0.042
847500,0.010,0.929,0.060
848000,0.010,0.910,0.080
848500,0.010,0.936,0.054
849000,0.010,0.895,0.095
849500,0.010,0.913,0.077
850000,0.010,0.933,0.056
850500,0.010,0.931,0.059
851000,0.010,0.933,0.056
851500,0.010,0.918,0.072
852000,0.010,0.927,0.062
852500,0.010,0.909,0.081
853000,0.010,0.891,0.099
853500,0.010,0.897,0.093
854000,0.010,0.906,0.084
854500,0.010,0.892,0.098
855000,0.010,0.915,0.075
855500,0.010,0.920,0.070
856000,0.010,0.917,0.073
856500,0.010,0.927,0.063
857000,0.010,0.897,0.093
857500,0.010,0.903,0.087
858000,0.010,0.899,0.091
858500,0.010,0.900,0.090
859000,0.010,0.922,0.068
859500,0.010,0.916,0.074
860000,0.010,0.926,0.064
860500,0.010,0.929,0.061
861000,0.010,0.913,0.077
861500,0.010,0.918,0.072
862000,0.010,0.916,0.074
862500,0.010,0.906,0.084
863000,0.010,0.945,0.045
863500,0.010,0.924,0.066
864000,0.010,0.913,0.077
864500,0.010,0.926,0.064
865000,0.010,0.919,0.071
865500,0.010,0.917,0.073
866000,0.010,0.940,0.050
866500,0.010,0.934,0.056
867000,0.010,0.919,0.071
867500,0.010,0.935,0.054
868000,0.010,0.936,0.053
868500,0.010,0.912,0.078
869000,0.010,0.910,0.080
869500,0.010,0.932,0.058
870000,0.010,0.910,0.080
870500,0.010,0.938,0.052
871000,0.010,0.938,0.052
871500,0.010,0.914,0.076
872000,0.010,0.902,0.088
872500,0.010,0.925,0.065
873000,0.010,0.938,0.052
873500,0.010,0.921,0.069
874000,0.010,0.913,0.077
874500,0.010,0.908,0.082
875000,0.010,0.937,0.053
875500,0.010,0.934,0.056
876000,0.010,0.938,0.052
876500,0.010,0.952,0.038
877000,0.010,0.942,0.048
877500,0.010,0.935,0.054
878000,0.010,0.953,0.037
878500,0.010,0.938,0.052
879000,0.010,0.907,0.083
879500,0.010,0.919,0.071
880000,0.010,0.912,0.078
880500,0.010,0.923,0.067
881000,0.010,0.918,0.072
881500,0.010,0.918,0.072
882000,0.010,0.913,0.077
882500,0.010,0.931,0.059
883000,0.010,0.927,0.062
883500,0.010,0.926,0.064
884000,0.010,0.923,0.067
884500,0.010,0.904,0.086
885000,0.010,0.906,0.084
885500,0.010,0.893,0.097
886000,0.010,0.900,0.090
886500,0.010,0.910,0.080
887000,0.010,0.923,0.067
887500,0.010,0.916,0.074
888000,0.010,0.918,0.072
888500,0.010,0.913,0.077
889000,0.010,0.910,0.080
889500,0.010,0.903,0.087
890000,0.010,0.919,0.071
890500,0.010,0.915,0.075
891000,0.010,0.915,0.075
891500,0.010,0.895,0.095
892000,0.010,0.872,0.118
892500,0.010,0.853,0.137
893000,0.010,0.859,0.131
893500,0.010,0.862,0.128
894000,0.010,0.859,0.131
894500,0.010,0.886,0.104
895000,0.010,0.903,0.087
895500,0.010,0.922,0.068
896000,0.010,0.948,0.042
896500,0.010,0.945,0.045
897000,0.010,0.931,0.059
897500,0.010,0.932,0.057
898000,0.010,0.925,0.065
898500,0.010,0.921,0.069
899000,0.010,0.932,0.058
899500,0.010,0.928,0.061
900000,0.010,0.934,0.055
900500,0.010,0.916,0.074
901000,0.010,0.884,0.106
901500,0.010,0.911,0.079
902000,0.010,0.896,0.094
902500,0.010,0.884,0.106
903000,0.010,0.895,0.095
903500,0.010,0.914,0.076
904000,0.010,0.895,0.095
904500,0.010,0.890,0.100
905000,0.010,0.913,0.077
905500,0.010,0.934,0.055
906000,0.010,0.931,0.058
906500,0.010,0.945,0.045
907000,0.010,0.933,0.057
907500,0.010,0.936,0.054
908000,0.010,0.935,0.054
908500,0.010,0.935,0.055
909000,0.010,0.944,0.046
909500,0.010,0.952,0.038
910000,0.010,0.941,0.049
910500,0.010,0.931,0.058
911000,0.010,0.924,0.066
911500,0.010,0.904,0.086
912000,0.010,0.916,0.074
912500,0.010,0.929,0.060
913000,0.010,0.929,0.060
913500,0.010,0.928,0.062
914000,0.010,0.921,0.069
914500,0.010,0.926,0.064
915000,0.010,0.959,0.031
915500,0.010,0.970,0.020
916000,0.010,0.955,0.035
916500,0.010,0.949,0.041
917000,0.010,0.941,0.049
917500,0.010,0.927,0.063
918000,0.010,0.907,0.083
918500,0.010,0.889,0.101
919000,0.010,0.868,0.122
919500,0.010,0.846,0.144
920000,0.010,0.883,0.107
920500,0.010,0.890,0.100
921000,0.010,0.908,0.082
921500,0.010,0.908,0.082
922000,0.010,0.909,0.081
922500,0.010,0.924,0.066
923000,0.010,0.942,0.048
923500,0.010,0.927,0.063
924000,0.010,0.928,0.061
924500,0.010,0.929,0.060
925000,0.010,0.944,0.046
925500,0.010,0.937,0.053
926000,0.010,0.947,0.043
926500,0.010,0.931,0.059
927000,0.010,0.908,0.082
927500,0.010,0.904,0.086
928000,0.010,0.898,0.092
928500,0.010,0.912,0.078
929000,0.010,0.908,0.082
929500,0.010,0.922,0.068
930000,0.010,0.923,0.067
930500,0.010,0.927,0.063
931000,0.010,0.912,0.078
931500,0.010,0.927,0.063
932000,0.010,0.925,0.065
932500,0.010,0.901,0.089
933000,0.010,0.879,0.111
933500,0.010,0.897,0.093
934000,0.010,0.905,0.085
934500,0.010,0.895,0.095
935000,0.010,0.921,0.069
935500,0.010,0.903,0.087
936000,0.010,0.897,0.093
936500,0.010,0.920,0.070
937000,0.010,0.928,0.062
937500,0.010,0.948,0.042
938000,0.010,0.931,0.059
938500,0.010,0.914,0.076
939000,0.010,0.896,0.094
939500,0.010,0.921,0.069
940000,0.010,0.925,0.065
940500,0.010,0.920,0.070
941000,0.010,0.940,0.050
941500,0.010,0.938,0.052
942000,0.010,0.937,0.053
942500,0.010,0.933,0.057
943000,0.010,0.898,0.092
943500,0.010,0.875,0.115
944000,0.010,0.902,0.088
944500,0.010,0.929,0.060
945000,0.010,0.928,0.061
945500,0.010,0.928,0.061
946000,0.010,0.921,0.069
946500,0.010,0.904,0.086
947000,0.010,0.907,0.083
947500,0.010,0.897,0.093
948000,0.010,0.901,0.089
948500,0.010,0.898,0.092
949000,0.010,0.929,0.061
949500,0.010,0.905,0.085
950000,0.010,0.918,0.072
950500,0.010,0.921,0.069
951000,0.010,0.897,0.093
951500,0.010,0.917,0.073
952000,0.010,0.931,0.058
952500,0.010,0.936,0.053
953000,0.010,0.942,0.048
953500,0.010,0.946,0.044
954000,0.010,0.945,0.045
954500,0.010,0.913,0.077
955000,0.010,0.886,0.104
955500,0.010,0.907,0.083
956000,0.010,0.894,0.096
956500,0.010,0.906,0.084
957000,0.010,0.920,0.070
957500,0.010,0.943,0.047
958000,0.010,0.931,0.059
958500,0.010,0.940,0.050
959000,0.010,0.939,0.051
959500,0.010,0.942,0.048
960000,0.010,0.945,0.045
960500,0.010,0.953,0.037
961000,0.010,0.951,0.039
961500,0.010,0.936,0.053
962000,0.010,0.949,0.041
962500,0.010,0.948,0.042
963000,0.010,0.925,0.065
963500,0.010,0.914,0.076
964000,0.010,0.904,0.086
964500,0.010,0.903,0.087
965000,0.010,0.905,0.085
965500,0.010,0.912,0.078
966000,0.010,0.903,0.087
966500,0.010,0.922,0.068
967000,0.010,0.907,0.083
967500,0.010,0.920,0.070
968000,0.010,0.930,0.060
968500,0.010,0.921,0.069
969000,0.010,0.922,0.068
969500,0.010,0.940,0.050
970000,0.010,0.935,0.055
970500,0.010,0.923,0.067
971000,0.010,0.928,0.061
971500,0.010,0.936,0.054
972000,0.010,0.920,0.070
972500,0.010,0.920,0.070
973000,0.010,0.933,0.057
973500,0.010,0.945,0.045
974000,0.010,0.923,0.067
974500,0.010,0.903,0.087
975000,0.010,0.912,0.078
975500,0.010,0.891,0.099
976000,0.010,0.890,0.100
976500,0.010,0.913,0.077
977000,0.010,0.933,0.057
977500,0.010,0.895,0.095
978000,0.010,0.891,0.099
978500,0.010,0.905,0.085
979000,0.010,0.893,0.097
979500,0.010,0.903,0.087
980000,0.010,0.894,0.096
980500,0.010,0.924,0.066
981000,0.010,0.933,0.056
981500,0.010,0.945,0.045
982000,0.010,0.947,0.043
982500,0.010,0.936,0.054
983000,0.010,0.933,0.056
983500,0.010,0.932,0.058
984000,0.010,0.922,0.068
984500,0.010,0.917,0.073
985000,0.010,0.911,0.079
985500,0.010,0.899,0.091
986000,0.010,0.928,0.061
986500,0.010,0.909,0.081
987000,0.010,0.891,0.099
987500,0.010,0.909,0.081
988000,0.010,0.918,0.072
988500,0.010,0.906,0.084
989000,0.010,0.906,0.084
989500,0.010,0.891,0.099
990000,0.010,0.899,0.091
990500,0.010,0.882,0.108
991000,0.010,0.909,0.081
991500,0.010,0.919,0.071
992000,0.010,0.927,0.063
992500,0.010,0.920,0.070
993000,0.010,0.925,0.065
993500,0.010,0.923,0.067
994000,0.010,0.902,0.088
994500,0.010,0.894,0.096
995000,0.010,0.909,0.081
995500,0.010,0.890,0.100
996000,0.010,0.905,0.085
996500,0.010,0.891,0.099
997000,0.010,0.898,0.092
997500,0.010,0.905,0.085
998000,0.010,0.921,0.069
998500,0.010,0.913,0.077
999000,0.010,0.916,0.074
999500,0.010,0.909,0.081
1000000,0.010,0.891,0.099
