time,n_A+p,n_B,n_AB
100,0.026,0.974,0.000
200,0.026,0.961,0.013
300,0.026,0.934,0.039
400,0.026,0.961,0.013
500,0.066,0.842,0.092
600,0.053,0.855,0.092
700,0.026,0.882,0.092
800,0.066,0.816,0.118
900,0.039,0.776,0.184
1000,0.039,0.868,0.092
1100,0.079,0.776,0.145
1200,0.066,0.658,0.276
1300,0.211,0.461,0.329
1400,0.461,0.263,0.276
1500,0.408,0.303,0.289
1600,0.434,0.329,0.237
1700,0.513,0.289,0.197
1800,0.474,0.237,0.289
1900,0.579,0.132,0.289
2000,0.592,0.118,0.289
2100,0.645,0.053,0.303
2200,0.737,0.066,0.197
2300,0.658,0.026,0.316
2400,0.908,0.000,0.092
2500,0.934,0.000,0.066
2600,0.947,0.000,0.053
2700,0.974,0.000,0.026
2800,0.895,0.013,0.092
2900,0.921,0.000,0.079
3000,0.947,0.000,0.053
3100,0.961,0.000,0.039
3200,0.934,0.000,0.066
3300,0.947,0.000,0.053
3400,0.974,0.000,0.026
3500,0.974,0.000,0.026
3600,0.947,0.000,0.053
3700,0.908,0.000,0.092
3800,0.974,0.000,0.026
3900,0.974,0.000,0.026
4000,0.987,0.000,0.013
4100,0.987,0.000,0.013
4200,1.000,0.000,0.000
