time,n_A+p,n_B,n_AB
500,0.030,0.385,0.585
1000,0.030,0.289,0.681
1500,0.031,0.290,0.679
2000,0.030,0.226,0.744
2500,0.030,0.362,0.608
3000,0.030,0.321,0.649
3500,0.030,0.293,0.677
4000,0.030,0.205,0.765
4500,0.030,0.365,0.605
5000,0.030,0.427,0.543
5500,0.030,0.290,0.680
6000,0.030,0.377,0.593
6500,0.030,0.285,0.685
7000,0.030,0.317,0.653
7500,0.030,0.402,0.568
8000,0.030,0.445,0.525
8500,0.030,0.306,0.664
9000,0.030,0.302,0.668
9500,0.030,0.281,0.689
10000,0.030,0.218,0.752
10500,0.060,0.204,0.736
11000,0.030,0.256,0.714
11500,0.030,0.396,0.574
12000,0.030,0.335,0.635
12500,0.030,0.335,0.635
13000,0.030,0.393,0.577
13500,0.030,0.190,0.780
14000,0.030,0.350,0.620
14500,0.030,0.255,0.715
15000,0.030,0.288,0.682
15500,0.030,0.275,0.695
16000,0.030,0.341,0.629
16500,0.030,0.420,0.550
17000,0.030,0.348,0.622
17500,0.030,0.211,0.759
18000,0.046,0.206,0.748
18500,0.030,0.270,0.700
19000,0.030,0.375,0.595
19500,0.030,0.311,0.659
20000,0.030,0.252,0.718
20500,0.030,0.260,0.710
21000,0.030,0.222,0.748
21500,0.030,0.398,0.572
22000,0.030,0.246,0.724
22500,0.030,0.272,0.698
23000,0.033,0.083,0.884
23500,0.033,0.300,0.667
24000,0.030,0.210,0.760
24500,0.032,0.279,0.689
25000,0.030,0.294,0.676
25500,0.030,0.284,0.686
26000,0.030,0.256,0.714
26500,0.030,0.259,0.711
27000,0.030,0.271,0.699
27500,0.030,0.282,0.688
28000,0.030,0.309,0.661
28500,0.030,0.319,0.651
29000,0.030,0.240,0.730
29500,0.030,0.356,0.614
30000,0.030,0.388,0.582
30500,0.030,0.410,0.560
31000,0.030,0.197,0.773
31500,0.030,0.274,0.696
32000,0.030,0.341,0.629
32500,0.030,0.492,0.478
33000,0.030,0.421,0.549
33500,0.030,0.472,0.498
34000,0.030,0.269,0.701
34500,0.030,0.286,0.684
35000,0.030,0.268,0.702
35500,0.030,0.265,0.705
36000,0.030,0.319,0.651
36500,0.030,0.346,0.624
37000,0.030,0.256,0.714
37500,0.030,0.372,0.598
38000,0.030,0.300,0.670
38500,0.030,0.374,0.596
39000,0.030,0.359,0.611
39500,0.030,0.345,0.625
40000,0.030,0.358,0.612
40500,0.030,0.334,0.636
41000,0.030,0.338,0.632
41500,0.038,0.140,0.822
42000,0.035,0.172,0.793
42500,0.030,0.245,0.725
43000,0.030,0.306,0.664
43500,0.030,0.331,0.639
44000,0.030,0.181,0.789
44500,0.030,0.340,0.630
45000,0.030,0.265,0.705
45500,0.030,0.258,0.712
46000,0.030,0.258,0.712
46500,0.030,0.379,0.591
47000,0.030,0.251,0.719
47500,0.030,0.340,0.630
48000,0.030,0.429,0.541
48500,0.030,0.358,0.612
49000,0.030,0.257,0.713
49500,0.030,0.447,0.523
50000,0.030,0.283,0.687
50500,0.030,0.286,0.684
51000,0.035,0.217,0.748
51500,0.030,0.200,0.770
52000,0.030,0.328,0.642
52500,0.030,0.308,0.662
53000,0.030,0.233,0.737
53500,0.031,0.223,0.746
54000,0.030,0.256,0.714
54500,0.030,0.365,0.605
55000,0.030,0.297,0.673
55500,0.034,0.242,0.724
56000,0.030,0.334,0.636
56500,0.030,0.297,0.673
57000,0.030,0.233,0.737
57500,0.030,0.183,0.787
58000,0.030,0.377,0.593
58500,0.030,0.326,0.644
59000,0.030,0.288,0.682
59500,0.030,0.196,0.774
60000,0.030,0.412,0.558
60500,0.030,0.284,0.686
61000,0.030,0.207,0.763
61500,0.030,0.281,0.689
62000,0.030,0.273,0.697
62500,0.030,0.339,0.631
63000,0.030,0.317,0.653
63500,0.030,0.227,0.743
64000,0.030,0.258,0.712
64500,0.030,0.248,0.722
65000,0.030,0.160,0.810
65500,0.030,0.296,0.674
66000,0.030,0.257,0.713
66500,0.030,0.353,0.617
67000,0.030,0.266,0.704
67500,0.030,0.419,0.551
68000,0.030,0.219,0.751
68500,0.030,0.365,0.605
69000,0.030,0.417,0.553
69500,0.030,0.457,0.513
70000,0.030,0.224,0.746
70500,0.030,0.244,0.726
71000,0.030,0.315,0.655
71500,0.030,0.438,0.532
72000,0.030,0.330,0.640
72500,0.049,0.213,0.738
73000,0.030,0.226,0.744
73500,0.038,0.182,0.780
74000,0.030,0.379,0.591
74500,0.056,0.266,0.678
75000,0.030,0.299,0.671
75500,0.030,0.244,0.726
76000,0.030,0.302,0.668
76500,0.030,0.313,0.657
77000,0.030,0.450,0.520
77500,0.030,0.336,0.634
78000,0.030,0.277,0.693
78500,0.030,0.311,0.659
79000,0.030,0.437,0.533
79500,0.030,0.205,0.765
80000,0.030,0.301,0.669
80500,0.030,0.244,0.726
81000,0.030,0.362,0.608
81500,0.030,0.400,0.570
82000,0.030,0.405,0.565
82500,0.030,0.295,0.675
83000,0.030,0.303,0.667
83500,0.030,0.315,0.655
84000,0.040,0.165,0.795
84500,0.031,0.208,0.761
85000,0.030,0.391,0.579
85500,0.030,0.305,0.665
86000,0.030,0.254,0.716
86500,0.030,0.275,0.695
87000,0.030,0.363,0.607
87500,0.030,0.334,0.636
88000,0.030,0.528,0.442
88500,0.030,0.274,0.696
89000,0.030,0.314,0.656
89500,0.030,0.462,0.508
90000,0.030,0.354,0.616
90500,0.030,0.401,0.569
91000,0.030,0.315,0.655
91500,0.030,0.354,0.616
92000,0.030,0.326,0.644
92500,0.039,0.227,0.734
93000,0.030,0.190,0.780
93500,0.405,0.003,0.592
94000,0.916,0.000,0.084
94500,0.999,0.000,0.001
95000,1.000,0.000,0.000
