time,n_A+p,n_B,n_AB
1000,0.030,0.917,0.053
2000,0.030,0.838,0.132
3000,0.030,0.756,0.214
4000,0.044,0.635,0.321
5000,0.051,0.535,0.414
6000,0.065,0.482,0.453
7000,0.064,0.447,0.489
8000,0.080,0.391,0.529
9000,0.089,0.339,0.572
10000,0.090,0.338,0.572
11000,0.149,0.274,0.577
12000,0.155,0.262,0.583
13000,0.197,0.229,0.574
14000,0.197,0.223,0.580
15000,0.194,0.221,0.585
16000,0.172,0.211,0.617
17000,0.182,0.234,0.584
18000,0.177,0.234,0.589
19000,0.202,0.219,0.579
20000,0.206,0.193,0.601
21000,0.228,0.200,0.572
22000,0.222,0.160,0.618
23000,0.223,0.171,0.606
24000,0.204,0.173,0.623
25000,0.205,0.144,0.651
26000,0.257,0.133,0.610
27000,0.251,0.152,0.597
28000,0.213,0.129,0.658
29000,0.246,0.154,0.600
30000,0.275,0.135,0.590
31000,0.321,0.105,0.574
32000,0.320,0.095,0.585
33000,0.315,0.103,0.582
34000,0.285,0.119,0.596
35000,0.326,0.088,0.586
36000,0.352,0.084,0.564
37000,0.340,0.077,0.583
38000,0.403,0.064,0.533
39000,0.429,0.055,0.516
40000,0.396,0.068,0.536
41000,0.412,0.076,0.512
42000,0.379,0.081,0.540
43000,0.400,0.092,0.508
44000,0.416,0.073,0.511
45000,0.372,0.072,0.556
46000,0.416,0.065,0.519
47000,0.360,0.085,0.555
48000,0.372,0.074,0.554
49000,0.379,0.085,0.536
50000,0.361,0.069,0.570
51000,0.410,0.070,0.520
52000,0.427,0.062,0.511
53000,0.408,0.063,0.529
54000,0.366,0.064,0.570
55000,0.350,0.088,0.562
56000,0.371,0.101,0.528
57000,0.361,0.073,0.566
58000,0.369,0.080,0.551
59000,0.359,0.095,0.546
60000,0.360,0.067,0.573
61000,0.366,0.067,0.567
62000,0.412,0.056,0.532
63000,0.407,0.059,0.534
64000,0.398,0.058,0.544
65000,0.360,0.068,0.572
66000,0.337,0.076,0.587
67000,0.386,0.069,0.545
68000,0.377,0.070,0.553
69000,0.378,0.076,0.546
70000,0.378,0.087,0.535
71000,0.334,0.112,0.554
72000,0.322,0.114,0.564
73000,0.325,0.104,0.571
74000,0.328,0.098,0.574
75000,0.349,0.095,0.556
76000,0.355,0.094,0.551
77000,0.324,0.075,0.601
78000,0.349,0.091,0.560
79000,0.339,0.095,0.566
80000,0.347,0.105,0.548
81000,0.354,0.082,0.564
82000,0.351,0.104,0.545
83000,0.352,0.065,0.583
84000,0.370,0.075,0.555
85000,0.417,0.057,0.526
86000,0.422,0.058,0.520
87000,0.398,0.058,0.544
88000,0.391,0.076,0.533
89000,0.367,0.067,0.566
90000,0.386,0.074,0.540
91000,0.374,0.070,0.556
92000,0.389,0.079,0.532
93000,0.389,0.070,0.541
94000,0.428,0.055,0.517
95000,0.408,0.055,0.537
96000,0.400,0.056,0.544
97000,0.422,0.060,0.518
98000,0.426,0.074,0.500
99000,0.406,0.067,0.527
100000,0.383,0.070,0.547
101000,0.375,0.077,0.548
102000,0.360,0.080,0.560
103000,0.371,0.081,0.548
104000,0.353,0.109,0.538
105000,0.347,0.110,0.543
106000,0.323,0.083,0.594
107000,0.321,0.097,0.582
108000,0.333,0.103,0.564
109000,0.321,0.105,0.574
110000,0.313,0.117,0.570
111000,0.321,0.104,0.575
112000,0.331,0.085,0.584
113000,0.333,0.085,0.582
114000,0.378,0.055,0.567
115000,0.402,0.064,0.534
116000,0.443,0.058,0.499
117000,0.413,0.069,0.518
118000,0.403,0.070,0.527
119000,0.376,0.079,0.545
120000,0.387,0.068,0.545
121000,0.346,0.083,0.571
122000,0.385,0.074,0.541
123000,0.333,0.081,0.586
124000,0.295,0.125,0.580
125000,0.331,0.103,0.566
126000,0.385,0.076,0.539
127000,0.364,0.077,0.559
128000,0.381,0.072,0.547
129000,0.388,0.064,0.548
130000,0.387,0.059,0.554
131000,0.393,0.065,0.542
132000,0.431,0.068,0.501
133000,0.453,0.057,0.490
134000,0.470,0.048,0.482
135000,0.485,0.052,0.463
136000,0.461,0.039,0.500
137000,0.471,0.038,0.491
138000,0.491,0.024,0.485
139000,0.540,0.041,0.419
140000,0.516,0.033,0.451
141000,0.525,0.021,0.454
142000,0.546,0.013,0.441
143000,0.587,0.016,0.397
144000,0.532,0.014,0.454
145000,0.592,0.013,0.395
146000,0.603,0.013,0.384
147000,0.600,0.008,0.392
148000,0.615,0.022,0.363
149000,0.600,0.010,0.390
150000,0.600,0.004,0.396
151000,0.610,0.016,0.374
152000,0.560,0.009,0.431
153000,0.555,0.032,0.413
154000,0.539,0.033,0.428
155000,0.542,0.027,0.431
156000,0.486,0.024,0.490
157000,0.511,0.036,0.453
158000,0.489,0.029,0.482
159000,0.469,0.031,0.500
160000,0.493,0.049,0.458
161000,0.524,0.032,0.444
162000,0.512,0.033,0.455
163000,0.496,0.035,0.469
164000,0.488,0.032,0.480
165000,0.490,0.044,0.466
166000,0.487,0.042,0.471
167000,0.477,0.037,0.486
168000,0.512,0.023,0.465
169000,0.547,0.024,0.429
170000,0.547,0.015,0.438
171000,0.552,0.032,0.416
172000,0.497,0.047,0.456
173000,0.467,0.041,0.492
174000,0.436,0.042,0.522
175000,0.476,0.040,0.484
176000,0.480,0.029,0.491
177000,0.469,0.030,0.501
178000,0.484,0.041,0.475
179000,0.504,0.050,0.446
180000,0.513,0.026,0.461
181000,0.487,0.028,0.485
182000,0.524,0.027,0.449
183000,0.532,0.032,0.436
184000,0.541,0.016,0.443
185000,0.578,0.015,0.407
186000,0.594,0.022,0.384
187000,0.590,0.021,0.389
188000,0.587,0.016,0.397
189000,0.579,0.014,0.407
190000,0.582,0.024,0.394
191000,0.593,0.024,0.383
192000,0.538,0.021,0.441
193000,0.563,0.035,0.402
194000,0.515,0.042,0.443
195000,0.533,0.022,0.445
196000,0.498,0.029,0.473
197000,0.510,0.036,0.454
198000,0.491,0.024,0.485
199000,0.466,0.034,0.500
200000,0.498,0.037,0.465
201000,0.435,0.068,0.497
202000,0.394,0.068,0.538
203000,0.388,0.063,0.549
204000,0.403,0.056,0.541
205000,0.371,0.071,0.558
206000,0.402,0.053,0.545
207000,0.409,0.048,0.543
208000,0.414,0.053,0.533
209000,0.427,0.051,0.522
210000,0.380,0.057,0.563
211000,0.389,0.074,0.537
212000,0.400,0.068,0.532
213000,0.435,0.061,0.504
214000,0.393,0.049,0.558
215000,0.423,0.059,0.518
216000,0.405,0.060,0.535
217000,0.389,0.064,0.547
218000,0.373,0.081,0.546
219000,0.378,0.099,0.523
220000,0.369,0.100,0.531
221000,0.375,0.099,0.526
222000,0.389,0.071,0.540
223000,0.381,0.092,0.527
224000,0.374,0.091,0.535
225000,0.372,0.092,0.536
226000,0.373,0.083,0.544
227000,0.388,0.062,0.550
228000,0.429,0.064,0.507
229000,0.402,0.062,0.536
230000,0.404,0.051,0.545
231000,0.426,0.043,0.531
232000,0.427,0.057,0.516
233000,0.419,0.067,0.514
234000,0.386,0.052,0.562
235000,0.391,0.064,0.545
236000,0.393,0.079,0.528
237000,0.410,0.075,0.515
238000,0.438,0.057,0.505
239000,0.436,0.046,0.518
240000,0.451,0.040,0.509
241000,0.418,0.041,0.541
242000,0.432,0.048,0.520
243000,0.411,0.058,0.531
244000,0.402,0.062,0.536
245000,0.426,0.053,0.521
246000,0.438,0.059,0.503
247000,0.427,0.054,0.519
248000,0.487,0.061,0.452
249000,0.480,0.037,0.483
250000,0.471,0.047,0.482
251000,0.498,0.020,0.482
252000,0.503,0.030,0.467
253000,0.474,0.034,0.492
254000,0.463,0.028,0.509
255000,0.481,0.028,0.491
256000,0.490,0.036,0.474
257000,0.545,0.028,0.427
258000,0.530,0.025,0.445
259000,0.468,0.027,0.505
260000,0.455,0.039,0.506
261000,0.443,0.047,0.510
262000,0.439,0.046,0.515
263000,0.466,0.030,0.504
264000,0.478,0.070,0.452
265000,0.447,0.046,0.507
266000,0.472,0.029,0.499
267000,0.465,0.056,0.479
268000,0.437,0.046,0.517
269000,0.436,0.050,0.514
270000,0.453,0.045,0.502
271000,0.474,0.034,0.492
272000,0.426,0.057,0.517
273000,0.389,0.053,0.558
274000,0.364,0.068,0.568
275000,0.394,0.061,0.545
276000,0.433,0.046,0.521
277000,0.424,0.055,0.521
278000,0.434,0.062,0.504
279000,0.362,0.067,0.571
280000,0.333,0.090,0.577
281000,0.340,0.089,0.571
282000,0.409,0.060,0.531
283000,0.377,0.067,0.556
284000,0.388,0.072,0.540
285000,0.399,0.068,0.533
286000,0.430,0.058,0.512
287000,0.482,0.057,0.461
288000,0.490,0.038,0.472
289000,0.464,0.050,0.486
290000,0.466,0.048,0.486
291000,0.409,0.055,0.536
292000,0.434,0.039,0.527
293000,0.467,0.045,0.488
294000,0.405,0.047,0.548
295000,0.405,0.054,0.541
296000,0.423,0.068,0.509
297000,0.416,0.045,0.539
298000,0.414,0.056,0.530
299000,0.471,0.034,0.495
300000,0.457,0.031,0.512
301000,0.420,0.037,0.543
302000,0.435,0.052,0.513
303000,0.371,0.063,0.566
304000,0.362,0.099,0.539
305000,0.354,0.088,0.558
306000,0.350,0.082,0.568
307000,0.406,0.056,0.538
308000,0.402,0.052,0.546
309000,0.431,0.068,0.501
310000,0.410,0.064,0.526
311000,0.415,0.066,0.519
312000,0.476,0.045,0.479
313000,0.479,0.053,0.468
314000,0.477,0.033,0.490
315000,0.500,0.041,0.459
316000,0.488,0.029,0.483
317000,0.493,0.025,0.482
318000,0.468,0.022,0.510
319000,0.515,0.023,0.462
320000,0.541,0.025,0.434
321000,0.511,0.027,0.462
322000,0.486,0.019,0.495
323000,0.486,0.025,0.489
324000,0.475,0.047,0.478
325000,0.484,0.046,0.470
326000,0.452,0.057,0.491
327000,0.432,0.055,0.513
328000,0.441,0.059,0.500
329000,0.414,0.047,0.539
330000,0.427,0.047,0.526
331000,0.463,0.047,0.490
332000,0.434,0.029,0.537
333000,0.477,0.046,0.477
334000,0.448,0.058,0.494
335000,0.476,0.036,0.488
336000,0.458,0.040,0.502
337000,0.479,0.033,0.488
338000,0.512,0.028,0.460
339000,0.525,0.025,0.450
340000,0.498,0.028,0.474
341000,0.526,0.031,0.443
342000,0.525,0.025,0.450
343000,0.520,0.039,0.441
344000,0.477,0.037,0.486
345000,0.491,0.039,0.470
346000,0.457,0.040,0.503
347000,0.448,0.051,0.501
348000,0.444,0.035,0.521
349000,0.433,0.041,0.526
350000,0.424,0.037,0.539
351000,0.412,0.057,0.531
352000,0.355,0.080,0.565
353000,0.371,0.079,0.550
354000,0.341,0.080,0.579
355000,0.319,0.084,0.597
356000,0.366,0.047,0.587
357000,0.411,0.042,0.547
358000,0.432,0.049,0.519
359000,0.447,0.041,0.512
360000,0.468,0.035,0.497
361000,0.431,0.048,0.521
362000,0.446,0.038,0.516
363000,0.480,0.041,0.479
364000,0.495,0.022,0.483
365000,0.503,0.025,0.472
366000,0.516,0.027,0.457
367000,0.529,0.031,0.440
368000,0.498,0.042,0.460
369000,0.528,0.026,0.446
370000,0.523,0.022,0.455
371000,0.546,0.020,0.434
372000,0.551,0.038,0.411
373000,0.489,0.033,0.478
374000,0.454,0.037,0.509
375000,0.440,0.040,0.520
376000,0.452,0.043,0.505
377000,0.435,0.046,0.519
378000,0.501,0.040,0.459
379000,0.483,0.033,0.484
380000,0.518,0.041,0.441
381000,0.532,0.028,0.440
382000,0.539,0.042,0.419
383000,0.496,0.015,0.489
384000,0.523,0.035,0.442
385000,0.507,0.032,0.461
386000,0.444,0.050,0.506
387000,0.402,0.060,0.538
388000,0.454,0.047,0.499
389000,0.429,0.063,0.508
390000,0.434,0.063,0.503
391000,0.448,0.045,0.507
392000,0.458,0.049,0.493
393000,0.489,0.048,0.463
394000,0.449,0.031,0.520
395000,0.444,0.046,0.510
396000,0.423,0.053,0.524
397000,0.378,0.062,0.560
398000,0.405,0.063,0.532
399000,0.388,0.081,0.531
400000,0.385,0.078,0.537
401000,0.361,0.076,0.563
402000,0.395,0.073,0.532
403000,0.371,0.063,0.566
404000,0.370,0.069,0.561
405000,0.348,0.072,0.580
406000,0.354,0.048,0.598
407000,0.340,0.069,0.591
408000,0.351,0.080,0.569
409000,0.356,0.086,0.558
410000,0.408,0.085,0.507
411000,0.428,0.048,0.524
412000,0.402,0.057,0.541
413000,0.394,0.042,0.564
414000,0.433,0.055,0.512
415000,0.371,0.085,0.544
416000,0.325,0.095,0.580
417000,0.284,0.117,0.599
418000,0.283,0.131,0.586
419000,0.303,0.130,0.567
420000,0.319,0.118,0.563
421000,0.336,0.104,0.560
422000,0.350,0.074,0.576
423000,0.334,0.071,0.595
424000,0.340,0.095,0.565
425000,0.289,0.099,0.612
426000,0.310,0.106,0.584
427000,0.346,0.117,0.537
428000,0.376,0.100,0.524
429000,0.353,0.091,0.556
430000,0.363,0.081,0.556
431000,0.409,0.066,0.525
432000,0.411,0.054,0.535
433000,0.418,0.070,0.512
434000,0.389,0.059,0.552
435000,0.392,0.065,0.543
436000,0.394,0.065,0.541
437000,0.406,0.061,0.533
438000,0.421,0.054,0.525
439000,0.429,0.042,0.529
440000,0.526,0.026,0.448
441000,0.521,0.027,0.452
442000,0.494,0.026,0.480
443000,0.493,0.031,0.476
444000,0.512,0.029,0.459
445000,0.509,0.031,0.460
446000,0.495,0.031,0.474
447000,0.492,0.027,0.481
448000,0.522,0.016,0.462
449000,0.542,0.022,0.436
450000,0.500,0.032,0.468
451000,0.511,0.037,0.452
452000,0.523,0.030,0.447
453000,0.505,0.034,0.461
454000,0.480,0.041,0.479
455000,0.451,0.041,0.508
456000,0.424,0.051,0.525
457000,0.416,0.051,0.533
458000,0.433,0.055,0.512
459000,0.442,0.054,0.504
460000,0.463,0.046,0.491
461000,0.432,0.048,0.520
462000,0.449,0.034,0.517
463000,0.473,0.043,0.484
464000,0.493,0.039,0.468
465000,0.542,0.035,0.423
466000,0.516,0.033,0.451
467000,0.478,0.030,0.492
468000,0.486,0.046,0.468
469000,0.418,0.054,0.528
470000,0.404,0.064,0.532
471000,0.392,0.052,0.556
472000,0.432,0.052,0.516
473000,0.452,0.042,0.506
474000,0.446,0.051,0.503
475000,0.433,0.060,0.507
476000,0.402,0.079,0.519
477000,0.372,0.067,0.561
478000,0.387,0.059,0.554
479000,0.418,0.068,0.514
480000,0.413,0.075,0.512
481000,0.391,0.075,0.534
482000,0.373,0.084,0.543
483000,0.386,0.070,0.544
484000,0.367,0.071,0.562
485000,0.473,0.061,0.466
486000,0.431,0.040,0.529
487000,0.449,0.063,0.488
488000,0.482,0.037,0.481
489000,0.498,0.050,0.452
490000,0.478,0.040,0.482
491000,0.478,0.044,0.478
492000,0.418,0.048,0.534
493000,0.383,0.081,0.536
494000,0.380,0.067,0.553
495000,0.389,0.062,0.549
496000,0.443,0.054,0.503
497000,0.443,0.048,0.509
498000,0.454,0.051,0.495
499000,0.407,0.050,0.543
500000,0.441,0.051,0.508
501000,0.408,0.050,0.542
502000,0.425,0.051,0.524
503000,0.440,0.047,0.513
504000,0.433,0.051,0.516
505000,0.428,0.049,0.523
506000,0.452,0.045,0.503
507000,0.459,0.048,0.493
508000,0.437,0.053,0.510
509000,0.429,0.055,0.516
510000,0.435,0.055,0.510
511000,0.441,0.053,0.506
512000,0.465,0.050,0.485
513000,0.471,0.040,0.489
514000,0.490,0.032,0.478
515000,0.541,0.029,0.430
516000,0.505,0.024,0.471
517000,0.548,0.026,0.426
518000,0.535,0.028,0.437
519000,0.525,0.023,0.452
520000,0.551,0.021,0.428
521000,0.545,0.025,0.430
522000,0.525,0.027,0.448
523000,0.488,0.028,0.484
524000,0.460,0.042,0.498
525000,0.492,0.017,0.491
526000,0.465,0.041,0.494
527000,0.468,0.050,0.482
528000,0.469,0.033,0.498
529000,0.471,0.046,0.483
530000,0.452,0.059,0.489
531000,0.415,0.051,0.534
532000,0.441,0.074,0.485
533000,0.466,0.053,0.481
534000,0.450,0.045,0.505
535000,0.439,0.042,0.519
536000,0.474,0.041,0.485
537000,0.448,0.048,0.504
538000,0.430,0.060,0.510
539000,0.420,0.042,0.538
540000,0.464,0.053,0.483
541000,0.479,0.045,0.476
542000,0.495,0.062,0.443
543000,0.463,0.045,0.492
544000,0.476,0.033,0.491
545000,0.470,0.044,0.486
546000,0.448,0.057,0.495
547000,0.458,0.066,0.476
548000,0.425,0.057,0.518
549000,0.434,0.053,0.513
550000,0.421,0.062,0.517
551000,0.407,0.066,0.527
552000,0.423,0.062,0.515
553000,0.418,0.063,0.519
554000,0.428,0.053,0.519
555000,0.415,0.057,0.528
556000,0.366,0.066,0.568
557000,0.362,0.077,0.561
558000,0.375,0.084,0.541
559000,0.380,0.081,0.539
560000,0.335,0.076,0.589
561000,0.328,0.080,0.592
562000,0.376,0.099,0.525
563000,0.379,0.056,0.565
564000,0.374,0.065,0.561
565000,0.378,0.074,0.548
566000,0.387,0.052,0.561
567000,0.393,0.060,0.547
568000,0.395,0.063,0.542
569000,0.394,0.075,0.531
570000,0.394,0.062,0.544
571000,0.346,0.090,0.564
572000,0.352,0.086,0.562
573000,0.381,0.082,0.537
574000,0.439,0.052,0.509
575000,0.441,0.055,0.504
576000,0.438,0.069,0.493
577000,0.386,0.060,0.554
578000,0.376,0.061,0.563
579000,0.383,0.068,0.549
580000,0.379,0.062,0.559
581000,0.392,0.062,0.546
582000,0.384,0.064,0.552
583000,0.400,0.062,0.538
584000,0.414,0.065,0.521
585000,0.424,0.068,0.508
586000,0.394,0.058,0.548
587000,0.405,0.066,0.529
588000,0.434,0.052,0.514
589000,0.484,0.036,0.480
590000,0.437,0.052,0.511
591000,0.464,0.035,0.501
592000,0.484,0.037,0.479
593000,0.463,0.057,0.480
594000,0.495,0.038,0.467
595000,0.480,0.036,0.484
596000,0.464,0.033,0.503
597000,0.429,0.041,0.530
598000,0.431,0.052,0.517
599000,0.420,0.046,0.534
600000,0.393,0.066,0.541
601000,0.392,0.083,0.525
602000,0.408,0.077,0.515
603000,0.405,0.074,0.521
604000,0.443,0.047,0.510
605000,0.404,0.040,0.556
606000,0.430,0.048,0.522
607000,0.434,0.044,0.522
608000,0.427,0.051,0.522
609000,0.436,0.046,0.518
610000,0.452,0.052,0.496
611000,0.403,0.048,0.549
612000,0.383,0.043,0.574
613000,0.364,0.057,0.579
614000,0.337,0.066,0.597
615000,0.369,0.072,0.559
616000,0.410,0.072,0.518
617000,0.405,0.058,0.537
618000,0.439,0.053,0.508
619000,0.476,0.040,0.484
620000,0.475,0.033,0.492
621000,0.407,0.049,0.544
622000,0.376,0.063,0.561
623000,0.372,0.074,0.554
624000,0.364,0.071,0.565
625000,0.345,0.087,0.568
626000,0.332,0.083,0.585
627000,0.376,0.067,0.557
628000,0.365,0.088,0.547
629000,0.377,0.061,0.562
630000,0.387,0.073,0.540
631000,0.413,0.059,0.528
632000,0.355,0.081,0.564
633000,0.372,0.073,0.555
634000,0.355,0.089,0.556
635000,0.322,0.105,0.573
636000,0.328,0.101,0.571
637000,0.348,0.105,0.547
638000,0.354,0.087,0.559
639000,0.380,0.084,0.536
640000,0.355,0.098,0.547
641000,0.316,0.085,0.599
642000,0.348,0.084,0.568
643000,0.357,0.089,0.554
644000,0.335,0.099,0.566
645000,0.311,0.100,0.589
646000,0.318,0.097,0.585
647000,0.276,0.123,0.601
648000,0.272,0.101,0.627
649000,0.325,0.108,0.567
650000,0.334,0.092,0.574
651000,0.340,0.087,0.573
652000,0.386,0.076,0.538
653000,0.398,0.054,0.548
654000,0.448,0.054,0.498
655000,0.442,0.053,0.505
656000,0.400,0.052,0.548
657000,0.398,0.059,0.543
658000,0.394,0.062,0.544
659000,0.390,0.071,0.539
660000,0.386,0.071,0.543
661000,0.414,0.067,0.519
662000,0.384,0.050,0.566
663000,0.416,0.065,0.519
664000,0.418,0.073,0.509
665000,0.434,0.063,0.503
666000,0.438,0.050,0.512
667000,0.392,0.083,0.525
668000,0.348,0.080,0.572
669000,0.367,0.071,0.562
670000,0.380,0.065,0.555
671000,0.382,0.098,0.520
672000,0.352,0.097,0.551
673000,0.360,0.103,0.537
674000,0.388,0.086,0.526
675000,0.410,0.055,0.535
676000,0.413,0.054,0.533
677000,0.406,0.045,0.549
678000,0.446,0.056,0.498
679000,0.478,0.044,0.478
680000,0.471,0.046,0.483
681000,0.447,0.040,0.513
682000,0.428,0.036,0.536
683000,0.389,0.045,0.566
684000,0.406,0.056,0.538
685000,0.411,0.059,0.530
686000,0.418,0.043,0.539
687000,0.384,0.060,0.556
688000,0.428,0.047,0.525
689000,0.422,0.059,0.519
690000,0.419,0.050,0.531
691000,0.461,0.057,0.482
692000,0.461,0.033,0.506
693000,0.454,0.028,0.518
694000,0.452,0.037,0.511
695000,0.506,0.039,0.455
696000,0.515,0.039,0.446
697000,0.420,0.039,0.541
698000,0.490,0.024,0.486
699000,0.523,0.031,0.446
700000,0.520,0.029,0.451
701000,0.535,0.033,0.432
702000,0.484,0.034,0.482
703000,0.463,0.034,0.503
704000,0.487,0.039,0.474
705000,0.464,0.043,0.493
706000,0.448,0.033,0.519
707000,0.446,0.048,0.506
708000,0.469,0.055,0.476
709000,0.466,0.038,0.496
710000,0.492,0.032,0.476
711000,0.494,0.041,0.465
712000,0.491,0.036,0.473
713000,0.469,0.041,0.490
714000,0.438,0.040,0.522
715000,0.398,0.053,0.549
716000,0.396,0.062,0.542
717000,0.408,0.060,0.532
718000,0.405,0.062,0.533
719000,0.378,0.069,0.553
720000,0.389,0.082,0.529
721000,0.391,0.061,0.548
722000,0.411,0.057,0.532
723000,0.412,0.055,0.533
724000,0.394,0.055,0.551
725000,0.375,0.102,0.523
726000,0.382,0.070,0.548
727000,0.413,0.052,0.535
728000,0.439,0.048,0.513
729000,0.430,0.062,0.508
730000,0.407,0.076,0.517
731000,0.390,0.069,0.541
732000,0.387,0.065,0.548
733000,0.431,0.041,0.528
734000,0.466,0.051,0.483
735000,0.408,0.061,0.531
736000,0.421,0.053,0.526
737000,0.471,0.068,0.461
738000,0.448,0.050,0.502
739000,0.395,0.047,0.558
740000,0.408,0.045,0.547
741000,0.419,0.042,0.539
742000,0.475,0.036,0.489
743000,0.478,0.049,0.473
744000,0.411,0.058,0.531
745000,0.414,0.064,0.522
746000,0.423,0.058,0.519
747000,0.438,0.071,0.491
748000,0.421,0.068,0.511
749000,0.399,0.069,0.532
750000,0.402,0.072,0.526
751000,0.405,0.080,0.515
752000,0.418,0.067,0.515
753000,0.411,0.077,0.512
754000,0.397,0.065,0.538
755000,0.375,0.077,0.548
756000,0.390,0.060,0.550
757000,0.439,0.070,0.491
758000,0.415,0.058,0.527
759000,0.402,0.054,0.544
760000,0.443,0.051,0.506
761000,0.477,0.037,0.486
762000,0.473,0.026,0.501
763000,0.482,0.031,0.487
764000,0.464,0.037,0.499
765000,0.488,0.051,0.461
766000,0.497,0.044,0.459
767000,0.468,0.050,0.482
768000,0.446,0.045,0.509
769000,0.495,0.039,0.466
770000,0.508,0.050,0.442
771000,0.480,0.059,0.461
772000,0.465,0.046,0.489
773000,0.422,0.057,0.521
774000,0.422,0.047,0.531
775000,0.418,0.038,0.544
776000,0.414,0.048,0.538
777000,0.413,0.076,0.511
778000,0.427,0.060,0.513
779000,0.415,0.049,0.536
780000,0.491,0.035,0.474
781000,0.475,0.025,0.500
782000,0.492,0.057,0.451
783000,0.461,0.051,0.488
784000,0.423,0.072,0.505
785000,0.414,0.058,0.528
786000,0.402,0.077,0.521
787000,0.403,0.066,0.531
788000,0.363,0.077,0.560
789000,0.358,0.074,0.568
790000,0.371,0.073,0.556
791000,0.387,0.071,0.542
792000,0.383,0.061,0.556
793000,0.428,0.073,0.499
794000,0.411,0.081,0.508
795000,0.387,0.067,0.546
796000,0.361,0.072,0.567
797000,0.390,0.086,0.524
798000,0.371,0.091,0.538
799000,0.380,0.066,0.554
800000,0.414,0.074,0.512
801000,0.436,0.046,0.518
802000,0.459,0.041,0.500
803000,0.485,0.047,0.468
804000,0.477,0.036,0.487
805000,0.534,0.023,0.443
806000,0.493,0.026,0.481
807000,0.526,0.024,0.450
808000,0.502,0.021,0.477
809000,0.506,0.036,0.458
810000,0.475,0.025,0.500
811000,0.469,0.045,0.486
812000,0.436,0.049,0.515
813000,0.398,0.068,0.534
814000,0.375,0.077,0.548
815000,0.382,0.078,0.540
816000,0.379,0.065,0.556
817000,0.408,0.076,0.516
818000,0.369,0.078,0.553
819000,0.382,0.080,0.538
820000,0.367,0.095,0.538
821000,0.356,0.102,0.542
822000,0.355,0.095,0.550
823000,0.345,0.096,0.559
824000,0.371,0.097,0.532
825000,0.318,0.114,0.568
826000,0.336,0.082,0.582
827000,0.360,0.082,0.558
828000,0.365,0.077,0.558
829000,0.345,0.089,0.566
830000,0.316,0.120,0.564
831000,0.329,0.098,0.573
832000,0.308,0.102,0.590
833000,0.309,0.106,0.585
834000,0.315,0.090,0.595
835000,0.340,0.092,0.568
836000,0.358,0.103,0.539
837000,0.366,0.093,0.541
838000,0.349,0.091,0.560
839000,0.387,0.059,0.554
840000,0.427,0.049,0.524
841000,0.446,0.046,0.508
842000,0.476,0.026,0.498
843000,0.466,0.046,0.488
844000,0.479,0.027,0.494
845000,0.449,0.034,0.517
846000,0.463,0.034,0.503
847000,0.464,0.034,0.502
848000,0.440,0.055,0.505
849000,0.471,0.040,0.489
850000,0.461,0.048,0.491
851000,0.436,0.054,0.510
852000,0.441,0.055,0.504
853000,0.449,0.052,0.499
854000,0.431,0.060,0.509
855000,0.417,0.066,0.517
856000,0.444,0.065,0.491
857000,0.425,0.046,0.529
858000,0.415,0.063,0.522
859000,0.388,0.079,0.533
860000,0.455,0.051,0.494
861000,0.456,0.038,0.506
862000,0.471,0.037,0.492
863000,0.436,0.051,0.513
864000,0.459,0.044,0.497
865000,0.420,0.047,0.533
866000,0.421,0.048,0.531
867000,0.422,0.042,0.536
868000,0.489,0.041,0.470
869000,0.452,0.047,0.501
870000,0.420,0.062,0.518
871000,0.421,0.063,0.516
872000,0.354,0.077,0.569
873000,0.354,0.096,0.550
874000,0.309,0.100,0.591
875000,0.318,0.090,0.592
876000,0.283,0.126,0.591
877000,0.291,0.128,0.581
878000,0.293,0.112,0.595
879000,0.366,0.083,0.551
880000,0.353,0.067,0.580
881000,0.369,0.066,0.565
882000,0.395,0.076,0.529
883000,0.398,0.054,0.548
884000,0.414,0.060,0.526
885000,0.427,0.068,0.505
886000,0.441,0.074,0.485
887000,0.449,0.075,0.476
888000,0.359,0.060,0.581
889000,0.432,0.053,0.515
890000,0.461,0.046,0.493
891000,0.461,0.070,0.469
892000,0.431,0.063,0.506
893000,0.430,0.052,0.518
894000,0.427,0.069,0.504
895000,0.385,0.057,0.558
896000,0.437,0.047,0.516
897000,0.412,0.073,0.515
898000,0.399,0.052,0.549
899000,0.414,0.066,0.520
900000,0.408,0.065,0.527
901000,0.384,0.051,0.565
902000,0.433,0.036,0.531
903000,0.485,0.049,0.466
904000,0.460,0.036,0.504
905000,0.422,0.058,0.520
906000,0.421,0.050,0.529
907000,0.409,0.069,0.522
908000,0.397,0.062,0.541
909000,0.449,0.040,0.511
910000,0.434,0.051,0.515
911000,0.454,0.054,0.492
912000,0.445,0.064,0.491
913000,0.384,0.049,0.567
914000,0.371,0.063,0.566
915000,0.376,0.052,0.572
916000,0.418,0.054,0.528
917000,0.372,0.071,0.557
918000,0.380,0.067,0.553
919000,0.313,0.084,0.603
920000,0.309,0.098,0.593
921000,0.330,0.080,0.590
922000,0.356,0.080,0.564
923000,0.332,0.077,0.591
924000,0.334,0.090,0.576
925000,0.336,0.090,0.574
926000,0.335,0.092,0.573
927000,0.335,0.113,0.552
928000,0.355,0.096,0.549
929000,0.316,0.076,0.608
930000,0.320,0.086,0.594
931000,0.356,0.089,0.555
932000,0.382,0.093,0.525
933000,0.367,0.055,0.578
934000,0.369,0.073,0.558
935000,0.362,0.090,0.548
936000,0.371,0.105,0.524
937000,0.338,0.088,0.574
938000,0.358,0.074,0.568
939000,0.370,0.070,0.560
940000,0.416,0.068,0.516
941000,0.382,0.074,0.544
942000,0.377,0.095,0.528
943000,0.365,0.080,0.555
944000,0.368,0.086,0.546
945000,0.347,0.108,0.545
946000,0.343,0.094,0.563
947000,0.371,0.085,0.544
948000,0.392,0.089,0.519
949000,0.426,0.048,0.526
950000,0.448,0.064,0.488
951000,0.451,0.050,0.499
952000,0.412,0.078,0.510
953000,0.366,0.077,0.557
954000,0.376,0.078,0.546
955000,0.410,0.067,0.523
956000,0.468,0.042,0.490
957000,0.462,0.052,0.486
958000,0.428,0.046,0.526
959000,0.438,0.049,0.513
960000,0.455,0.039,0.506
961000,0.476,0.029,0.495
962000,0.509,0.034,0.457
963000,0.491,0.032,0.477
964000,0.519,0.023,0.458
965000,0.478,0.026,0.496
966000,0.489,0.029,0.482
967000,0.469,0.033,0.498
968000,0.466,0.049,0.485
969000,0.494,0.032,0.474
970000,0.452,0.032,0.516
971000,0.450,0.046,0.504
972000,0.460,0.043,0.497
973000,0.448,0.040,0.512
974000,0.443,0.045,0.512
975000,0.449,0.049,0.502
976000,0.433,0.049,0.518
977000,0.420,0.049,0.531
978000,0.427,0.061,0.512
979000,0.408,0.059,0.533
980000,0.380,0.055,0.565
981000,0.387,0.062,0.551
982000,0.382,0.061,0.557
983000,0.408,0.063,0.529
984000,0.373,0.067,0.560
985000,0.365,0.071,0.564
986000,0.383,0.076,0.541
987000,0.371,0.060,0.569
988000,0.391,0.072,0.537
989000,0.430,0.056,0.514
990000,0.425,0.069,0.506
991000,0.404,0.065,0.531
992000,0.391,0.059,0.550
993000,0.432,0.066,0.502
994000,0.408,0.052,0.540
995000,0.409,0.083,0.508
996000,0.403,0.079,0.518
997000,0.426,0.079,0.495
998000,0.425,0.073,0.502
999000,0.417,0.054,0.529
1000000,0.411,0.058,0.531
