time,n_A+p,n_B,n_AB
100,0.030,0.968,0.002
200,0.030,0.963,0.007
300,0.030,0.958,0.012
400,0.030,0.953,0.017
500,0.032,0.949,0.019
600,0.033,0.943,0.025
700,0.031,0.946,0.023
800,0.030,0.937,0.034
900,0.030,0.936,0.035
1000,0.031,0.938,0.032
1100,0.031,0.927,0.042
1200,0.031,0.920,0.049
1300,0.031,0.916,0.053
1400,0.031,0.918,0.051
1500,0.031,0.917,0.052
1600,0.032,0.902,0.066
1700,0.040,0.883,0.078
1800,0.046,0.877,0.077
1900,0.061,0.855,0.084
2000,0.060,0.825,0.114
2100,0.063,0.818,0.118
2200,0.063,0.814,0.123
2300,0.064,0.805,0.131
2400,0.066,0.802,0.132
2500,0.084,0.790,0.127
2600,0.099,0.768,0.133
2700,0.092,0.762,0.146
2800,0.099,0.763,0.138
2900,0.109,0.761,0.130
3000,0.106,0.762,0.132
3100,0.107,0.765,0.128
3200,0.107,0.756,0.137
3300,0.109,0.750,0.141
3400,0.101,0.747,0.152
3500,0.105,0.741,0.154
3600,0.108,0.732,0.159
3700,0.105,0.723,0.172
3800,0.104,0.712,0.184
3900,0.098,0.710,0.192
4000,0.098,0.701,0.201
4100,0.102,0.705,0.193
4200,0.103,0.695,0.202
4300,0.104,0.694,0.202
4400,0.116,0.701,0.183
4500,0.110,0.693,0.197
4600,0.110,0.688,0.201
4700,0.114,0.681,0.204
4800,0.110,0.671,0.219
4900,0.107,0.692,0.201
5000,0.116,0.686,0.197
5100,0.114,0.681,0.204
5200,0.113,0.684,0.202
5300,0.111,0.679,0.209
5400,0.113,0.686,0.200
5500,0.137,0.668,0.195
5600,0.135,0.658,0.207
5700,0.133,0.654,0.213
5800,0.129,0.655,0.217
5900,0.133,0.662,0.205
6000,0.145,0.659,0.196
6100,0.160,0.641,0.198
6200,0.160,0.642,0.197
6300,0.146,0.649,0.205
6400,0.151,0.642,0.206
6500,0.146,0.635,0.219
6600,0.151,0.635,0.213
6700,0.143,0.632,0.225
6800,0.149,0.630,0.221
6900,0.138,0.632,0.230
7000,0.136,0.640,0.224
7100,0.145,0.632,0.223
7200,0.150,0.623,0.227
7300,0.158,0.619,0.223
7400,0.174,0.609,0.218
7500,0.174,0.601,0.226
7600,0.179,0.598,0.224
7700,0.169,0.584,0.247
7800,0.164,0.580,0.255
7900,0.177,0.562,0.261
8000,0.187,0.561,0.252
8100,0.173,0.561,0.267
8200,0.175,0.570,0.255
8300,0.164,0.569,0.267
8400,0.165,0.567,0.268
8500,0.163,0.572,0.265
8600,0.159,0.580,0.260
8700,0.151,0.575,0.274
8800,0.148,0.577,0.275
8900,0.148,0.579,0.273
9000,0.153,0.569,0.278
9100,0.160,0.571,0.269
9200,0.165,0.559,0.276
9300,0.168,0.567,0.266
9400,0.155,0.573,0.272
9500,0.165,0.571,0.264
9600,0.154,0.573,0.273
9700,0.155,0.574,0.271
9800,0.161,0.579,0.259
9900,0.157,0.577,0.266
10000,0.157,0.572,0.271
10100,0.163,0.578,0.258
10200,0.157,0.584,0.258
10300,0.158,0.580,0.261
10400,0.165,0.577,0.257
10500,0.158,0.576,0.266
10600,0.151,0.569,0.280
10700,0.139,0.587,0.274
10800,0.160,0.582,0.257
10900,0.153,0.571,0.276
11000,0.150,0.569,0.281
11100,0.155,0.573,0.272
11200,0.155,0.570,0.275
11300,0.169,0.549,0.283
11400,0.172,0.540,0.288
11500,0.176,0.531,0.293
11600,0.192,0.530,0.278
11700,0.182,0.521,0.297
11800,0.181,0.511,0.308
11900,0.171,0.515,0.315
12000,0.180,0.507,0.314
12100,0.179,0.515,0.306
12200,0.174,0.519,0.307
12300,0.175,0.511,0.315
12400,0.172,0.505,0.324
12500,0.181,0.502,0.318
12600,0.183,0.485,0.332
12700,0.181,0.487,0.332
12800,0.183,0.474,0.343
12900,0.192,0.469,0.339
13000,0.202,0.460,0.338
13100,0.221,0.451,0.328
13200,0.226,0.449,0.325
13300,0.225,0.448,0.327
13400,0.233,0.454,0.314
13500,0.233,0.441,0.326
13600,0.235,0.444,0.321
13700,0.226,0.451,0.323
13800,0.226,0.445,0.329
13900,0.219,0.451,0.330
14000,0.220,0.456,0.325
14100,0.212,0.455,0.333
14200,0.209,0.465,0.326
14300,0.201,0.476,0.323
14400,0.208,0.470,0.322
14500,0.201,0.470,0.329
14600,0.208,0.471,0.321
14700,0.205,0.468,0.327
14800,0.207,0.464,0.329
14900,0.205,0.462,0.333
15000,0.195,0.482,0.323
15100,0.189,0.492,0.319
15200,0.199,0.488,0.313
15300,0.197,0.489,0.314
15400,0.197,0.484,0.319
15500,0.213,0.469,0.318
15600,0.219,0.465,0.317
15700,0.210,0.469,0.321
15800,0.223,0.456,0.322
15900,0.215,0.454,0.332
16000,0.218,0.449,0.333
16100,0.220,0.443,0.337
16200,0.218,0.448,0.334
16300,0.210,0.439,0.350
16400,0.212,0.443,0.344
16500,0.208,0.439,0.352
16600,0.213,0.442,0.344
16700,0.207,0.445,0.347
16800,0.208,0.443,0.348
16900,0.223,0.440,0.337
17000,0.230,0.430,0.340
17100,0.236,0.429,0.335
17200,0.245,0.438,0.317
17300,0.238,0.436,0.326
17400,0.219,0.446,0.335
17500,0.216,0.445,0.339
17600,0.239,0.437,0.324
17700,0.232,0.432,0.336
17800,0.230,0.455,0.316
17900,0.239,0.442,0.319
18000,0.240,0.433,0.327
18100,0.260,0.413,0.327
18200,0.257,0.425,0.318
18300,0.256,0.435,0.308
18400,0.249,0.425,0.326
18500,0.247,0.417,0.336
18600,0.263,0.410,0.328
18700,0.258,0.416,0.326
18800,0.260,0.407,0.333
18900,0.251,0.415,0.334
19000,0.249,0.413,0.338
19100,0.257,0.410,0.333
19200,0.268,0.406,0.327
19300,0.263,0.393,0.344
19400,0.260,0.403,0.336
19500,0.238,0.430,0.332
19600,0.246,0.431,0.323
19700,0.240,0.430,0.330
19800,0.223,0.427,0.350
19900,0.219,0.447,0.334
20000,0.209,0.454,0.337
20100,0.199,0.465,0.336
20200,0.208,0.459,0.333
20300,0.198,0.449,0.352
20400,0.196,0.462,0.342
20500,0.192,0.458,0.350
20600,0.220,0.448,0.332
20700,0.227,0.449,0.324
20800,0.227,0.457,0.317
20900,0.245,0.450,0.304
21000,0.243,0.441,0.316
21100,0.247,0.431,0.322
21200,0.245,0.420,0.335
21300,0.243,0.426,0.331
21400,0.252,0.417,0.331
21500,0.246,0.418,0.336
21600,0.254,0.424,0.322
21700,0.266,0.418,0.317
21800,0.258,0.413,0.329
21900,0.265,0.400,0.335
22000,0.264,0.400,0.336
22100,0.261,0.399,0.339
22200,0.267,0.414,0.320
22300,0.272,0.407,0.322
22400,0.261,0.395,0.343
22500,0.266,0.385,0.349
22600,0.263,0.396,0.341
22700,0.267,0.389,0.344
22800,0.271,0.391,0.338
22900,0.281,0.379,0.340
23000,0.289,0.383,0.328
23100,0.288,0.387,0.325
23200,0.282,0.385,0.333
23300,0.271,0.379,0.350
23400,0.266,0.384,0.350
23500,0.263,0.384,0.353
23600,0.268,0.394,0.338
23700,0.282,0.392,0.326
23800,0.278,0.392,0.330
23900,0.284,0.381,0.335
24000,0.276,0.393,0.331
24100,0.279,0.385,0.336
24200,0.278,0.393,0.329
24300,0.276,0.386,0.338
24400,0.272,0.378,0.350
24500,0.273,0.375,0.352
24600,0.264,0.383,0.353
24700,0.276,0.372,0.352
24800,0.273,0.369,0.359
24900,0.280,0.370,0.350
25000,0.274,0.368,0.359
25100,0.260,0.362,0.378
25200,0.266,0.368,0.367
25300,0.265,0.372,0.364
25400,0.268,0.366,0.367
25500,0.268,0.368,0.365
25600,0.265,0.365,0.371
25700,0.268,0.355,0.377
25800,0.260,0.359,0.381
25900,0.268,0.367,0.366
26000,0.270,0.360,0.371
26100,0.270,0.354,0.376
26200,0.269,0.350,0.381
26300,0.273,0.352,0.375
26400,0.265,0.363,0.373
26500,0.249,0.378,0.373
26600,0.250,0.393,0.356
26700,0.268,0.381,0.351
26800,0.257,0.382,0.361
26900,0.252,0.373,0.375
27000,0.254,0.376,0.370
27100,0.261,0.376,0.363
27200,0.253,0.380,0.367
27300,0.242,0.396,0.362
27400,0.238,0.389,0.373
27500,0.241,0.388,0.371
27600,0.251,0.392,0.356
27700,0.251,0.382,0.367
27800,0.255,0.385,0.360
27900,0.267,0.383,0.350
28000,0.249,0.382,0.369
28100,0.257,0.372,0.371
28200,0.255,0.375,0.370
28300,0.247,0.379,0.374
28400,0.268,0.374,0.359
28500,0.254,0.380,0.366
28600,0.251,0.393,0.355
28700,0.258,0.387,0.354
28800,0.257,0.376,0.367
28900,0.245,0.385,0.370
29000,0.246,0.383,0.371
29100,0.240,0.374,0.386
29200,0.245,0.355,0.399
29300,0.238,0.362,0.400
29400,0.233,0.363,0.404
29500,0.225,0.372,0.403
29600,0.232,0.366,0.402
29700,0.231,0.367,0.402
29800,0.234,0.369,0.397
29900,0.236,0.378,0.386
30000,0.222,0.388,0.390
30100,0.224,0.383,0.393
30200,0.229,0.380,0.391
30300,0.216,0.388,0.396
30400,0.238,0.383,0.379
30500,0.231,0.395,0.374
30600,0.226,0.394,0.380
30700,0.219,0.396,0.385
30800,0.236,0.377,0.387
30900,0.223,0.373,0.404
31000,0.220,0.374,0.407
31100,0.212,0.370,0.418
31200,0.218,0.386,0.396
31300,0.208,0.401,0.390
31400,0.218,0.399,0.383
31500,0.224,0.387,0.389
31600,0.219,0.382,0.399
31700,0.213,0.377,0.410
31800,0.208,0.382,0.410
31900,0.209,0.386,0.404
32000,0.209,0.375,0.416
32100,0.215,0.386,0.399
32200,0.211,0.385,0.403
32300,0.218,0.385,0.397
32400,0.217,0.388,0.395
32500,0.210,0.381,0.409
32600,0.218,0.375,0.408
32700,0.231,0.368,0.401
32800,0.231,0.367,0.402
32900,0.231,0.380,0.389
33000,0.231,0.377,0.392
33100,0.227,0.375,0.398
33200,0.235,0.368,0.397
33300,0.247,0.376,0.377
33400,0.239,0.382,0.379
33500,0.234,0.389,0.377
33600,0.243,0.387,0.370
33700,0.232,0.391,0.377
33800,0.226,0.399,0.375
33900,0.232,0.397,0.371
34000,0.247,0.388,0.365
34100,0.239,0.390,0.371
34200,0.248,0.382,0.370
34300,0.237,0.388,0.375
34400,0.232,0.384,0.384
34500,0.236,0.378,0.386
34600,0.243,0.376,0.381
34700,0.249,0.365,0.386
34800,0.246,0.368,0.386
34900,0.252,0.360,0.388
35000,0.252,0.354,0.393
35100,0.271,0.356,0.373
35200,0.275,0.348,0.377
35300,0.275,0.346,0.379
35400,0.279,0.337,0.384
35500,0.277,0.326,0.397
35600,0.279,0.319,0.402
35700,0.280,0.317,0.403
35800,0.290,0.316,0.394
35900,0.295,0.316,0.389
36000,0.294,0.324,0.382
36100,0.289,0.330,0.381
36200,0.288,0.331,0.381
36300,0.290,0.323,0.387
36400,0.287,0.329,0.384
36500,0.291,0.321,0.388
36600,0.279,0.348,0.373
36700,0.284,0.343,0.373
36800,0.287,0.334,0.379
36900,0.286,0.329,0.385
37000,0.279,0.320,0.401
37100,0.286,0.328,0.386
37200,0.284,0.335,0.381
37300,0.289,0.336,0.375
37400,0.281,0.339,0.380
37500,0.297,0.314,0.389
37600,0.307,0.316,0.377
37700,0.287,0.315,0.398
37800,0.288,0.314,0.398
37900,0.289,0.304,0.407
38000,0.303,0.305,0.391
38100,0.286,0.320,0.394
38200,0.287,0.321,0.392
38300,0.287,0.315,0.398
38400,0.278,0.313,0.410
38500,0.279,0.322,0.399
38600,0.283,0.312,0.406
38700,0.275,0.293,0.432
38800,0.269,0.295,0.436
38900,0.263,0.305,0.432
39000,0.251,0.314,0.435
39100,0.255,0.312,0.433
39200,0.250,0.315,0.435
39300,0.260,0.311,0.429
39400,0.268,0.304,0.428
39500,0.269,0.300,0.431
39600,0.251,0.302,0.446
39700,0.252,0.302,0.445
39800,0.264,0.298,0.438
39900,0.265,0.299,0.436
40000,0.270,0.313,0.418
40100,0.275,0.311,0.415
40200,0.271,0.301,0.428
40300,0.277,0.313,0.411
40400,0.265,0.324,0.412
40500,0.265,0.333,0.402
40600,0.257,0.343,0.399
40700,0.259,0.341,0.399
40800,0.268,0.338,0.394
40900,0.264,0.334,0.402
41000,0.256,0.337,0.407
41100,0.256,0.331,0.413
41200,0.269,0.326,0.406
41300,0.274,0.326,0.400
41400,0.264,0.322,0.415
41500,0.263,0.323,0.415
41600,0.259,0.321,0.420
41700,0.254,0.352,0.393
41800,0.276,0.340,0.384
41900,0.279,0.348,0.373
42000,0.267,0.336,0.397
42100,0.295,0.331,0.374
42200,0.284,0.341,0.375
42300,0.284,0.328,0.388
42400,0.279,0.339,0.382
42500,0.272,0.344,0.384
42600,0.264,0.351,0.385
42700,0.257,0.361,0.382
42800,0.259,0.355,0.385
42900,0.263,0.352,0.385
43000,0.291,0.341,0.368
43100,0.292,0.327,0.381
43200,0.277,0.343,0.380
43300,0.276,0.336,0.388
43400,0.288,0.333,0.379
43500,0.301,0.326,0.373
43600,0.308,0.323,0.369
43700,0.308,0.315,0.377
43800,0.306,0.325,0.369
43900,0.309,0.325,0.366
44000,0.317,0.320,0.364
44100,0.312,0.318,0.371
44200,0.309,0.308,0.382
44300,0.316,0.318,0.367
44400,0.319,0.314,0.368
44500,0.326,0.313,0.362
44600,0.314,0.304,0.382
44700,0.321,0.309,0.370
44800,0.309,0.308,0.382
44900,0.307,0.314,0.379
45000,0.320,0.309,0.371
45100,0.315,0.312,0.374
45200,0.307,0.314,0.379
45300,0.299,0.328,0.373
45400,0.314,0.330,0.356
45500,0.309,0.326,0.365
45600,0.283,0.338,0.379
45700,0.305,0.335,0.360
45800,0.304,0.314,0.382
45900,0.300,0.312,0.388
46000,0.298,0.312,0.390
46100,0.304,0.312,0.384
46200,0.297,0.322,0.381
46300,0.298,0.332,0.370
46400,0.277,0.346,0.377
46500,0.268,0.342,0.390
46600,0.251,0.349,0.399
46700,0.254,0.356,0.389
46800,0.251,0.359,0.390
46900,0.244,0.351,0.404
47000,0.239,0.343,0.418
47100,0.245,0.339,0.416
47200,0.252,0.332,0.416
47300,0.246,0.318,0.436
47400,0.238,0.309,0.453
47500,0.231,0.306,0.463
47600,0.235,0.316,0.449
47700,0.236,0.316,0.448
47800,0.249,0.319,0.432
47900,0.244,0.317,0.439
48000,0.247,0.316,0.437
48100,0.245,0.316,0.439
48200,0.239,0.317,0.444
48300,0.257,0.318,0.425
48400,0.271,0.314,0.416
48500,0.270,0.303,0.427
48600,0.263,0.306,0.431
48700,0.271,0.301,0.428
48800,0.280,0.329,0.391
48900,0.270,0.331,0.399
49000,0.259,0.351,0.389
49100,0.256,0.355,0.388
49200,0.247,0.373,0.380
49300,0.236,0.374,0.390
49400,0.224,0.370,0.407
49500,0.221,0.372,0.408
49600,0.229,0.377,0.394
49700,0.241,0.364,0.395
49800,0.245,0.348,0.407
49900,0.251,0.342,0.407
50000,0.258,0.340,0.401
50100,0.265,0.345,0.390
50200,0.270,0.345,0.385
50300,0.271,0.340,0.389
50400,0.273,0.332,0.395
50500,0.268,0.329,0.403
50600,0.266,0.321,0.414
50700,0.276,0.326,0.398
50800,0.269,0.330,0.401
50900,0.258,0.328,0.414
51000,0.264,0.330,0.407
51100,0.270,0.318,0.413
51200,0.291,0.305,0.403
51300,0.280,0.312,0.409
51400,0.285,0.317,0.398
51500,0.299,0.309,0.391
51600,0.293,0.305,0.401
51700,0.307,0.284,0.409
51800,0.314,0.287,0.399
51900,0.321,0.290,0.389
52000,0.313,0.314,0.374
52100,0.315,0.301,0.384
52200,0.302,0.294,0.403
52300,0.309,0.299,0.391
52400,0.323,0.303,0.374
52500,0.302,0.316,0.382
52600,0.292,0.330,0.378
52700,0.294,0.330,0.376
52800,0.285,0.322,0.393
52900,0.279,0.317,0.404
53000,0.290,0.313,0.397
53100,0.288,0.314,0.398
53200,0.300,0.309,0.390
53300,0.301,0.308,0.390
53400,0.300,0.320,0.380
53500,0.296,0.329,0.375
53600,0.301,0.326,0.373
53700,0.302,0.327,0.371
53800,0.308,0.318,0.374
53900,0.317,0.312,0.372
54000,0.320,0.311,0.370
54100,0.317,0.308,0.375
54200,0.316,0.305,0.379
54300,0.313,0.303,0.384
54400,0.313,0.307,0.380
54500,0.312,0.311,0.378
54600,0.319,0.306,0.375
54700,0.313,0.299,0.388
54800,0.317,0.294,0.389
54900,0.317,0.293,0.390
55000,0.303,0.299,0.397
55100,0.307,0.305,0.387
55200,0.301,0.320,0.379
55300,0.301,0.321,0.378
55400,0.311,0.307,0.382
55500,0.315,0.305,0.380
55600,0.309,0.308,0.382
55700,0.323,0.316,0.362
55800,0.330,0.313,0.358
55900,0.322,0.315,0.364
56000,0.308,0.342,0.349
56100,0.307,0.344,0.348
56200,0.300,0.347,0.352
56300,0.299,0.338,0.363
56400,0.298,0.340,0.362
56500,0.305,0.351,0.343
56600,0.295,0.350,0.354
56700,0.302,0.353,0.344
56800,0.303,0.358,0.339
56900,0.300,0.354,0.345
57000,0.301,0.344,0.354
57100,0.303,0.345,0.351
57200,0.281,0.346,0.373
57300,0.273,0.353,0.374
57400,0.280,0.336,0.384
57500,0.273,0.340,0.387
57600,0.289,0.329,0.382
57700,0.289,0.329,0.382
57800,0.287,0.328,0.385
57900,0.282,0.340,0.378
58000,0.290,0.325,0.385
58100,0.287,0.339,0.374
58200,0.281,0.347,0.372
58300,0.284,0.338,0.378
58400,0.284,0.333,0.383
58500,0.276,0.329,0.395
58600,0.286,0.324,0.390
58700,0.290,0.328,0.382
58800,0.289,0.325,0.386
58900,0.278,0.312,0.411
59000,0.283,0.314,0.403
59100,0.287,0.306,0.407
59200,0.293,0.294,0.413
59300,0.293,0.299,0.408
59400,0.296,0.300,0.403
59500,0.292,0.305,0.402
59600,0.295,0.299,0.406
59700,0.304,0.296,0.399
59800,0.311,0.296,0.393
59900,0.302,0.287,0.411
60000,0.279,0.296,0.425
60100,0.286,0.301,0.413
60200,0.273,0.305,0.422
60300,0.270,0.312,0.419
60400,0.264,0.329,0.408
60500,0.266,0.328,0.407
60600,0.251,0.348,0.400
60700,0.248,0.340,0.412
60800,0.247,0.340,0.413
60900,0.245,0.323,0.432
61000,0.244,0.321,0.435
61100,0.242,0.331,0.427
61200,0.238,0.338,0.424
61300,0.236,0.337,0.427
61400,0.250,0.334,0.416
61500,0.245,0.332,0.423
61600,0.253,0.328,0.419
61700,0.258,0.327,0.415
61800,0.269,0.319,0.413
61900,0.279,0.317,0.404
62000,0.273,0.325,0.402
62100,0.291,0.328,0.381
62200,0.291,0.336,0.373
62300,0.286,0.324,0.390
62400,0.283,0.316,0.401
62500,0.289,0.311,0.400
62600,0.289,0.314,0.397
62700,0.289,0.319,0.392
62800,0.287,0.316,0.397
62900,0.282,0.331,0.387
63000,0.275,0.329,0.396
63100,0.279,0.330,0.391
63200,0.269,0.340,0.391
63300,0.283,0.339,0.378
63400,0.286,0.334,0.380
63500,0.306,0.323,0.371
63600,0.311,0.323,0.367
63700,0.289,0.324,0.387
63800,0.285,0.326,0.389
63900,0.278,0.323,0.399
64000,0.274,0.320,0.407
64100,0.276,0.323,0.401
64200,0.272,0.315,0.414
64300,0.275,0.336,0.389
64400,0.276,0.336,0.388
64500,0.270,0.320,0.411
64600,0.274,0.322,0.404
64700,0.270,0.325,0.406
64800,0.279,0.325,0.396
64900,0.284,0.328,0.388
65000,0.268,0.328,0.404
65100,0.278,0.325,0.397
65200,0.295,0.324,0.381
65300,0.291,0.312,0.397
65400,0.298,0.317,0.385
65500,0.313,0.319,0.369
65600,0.303,0.312,0.385
65700,0.309,0.301,0.389
65800,0.311,0.305,0.384
65900,0.322,0.298,0.380
66000,0.317,0.308,0.375
66100,0.306,0.314,0.380
66200,0.306,0.306,0.387
66300,0.297,0.312,0.391
66400,0.298,0.313,0.389
66500,0.285,0.312,0.403
66600,0.274,0.304,0.422
66700,0.283,0.302,0.415
66800,0.296,0.297,0.407
66900,0.303,0.292,0.404
67000,0.304,0.289,0.407
67100,0.314,0.292,0.394
67200,0.312,0.290,0.398
67300,0.317,0.301,0.382
67400,0.311,0.302,0.387
67500,0.301,0.329,0.370
67600,0.295,0.323,0.382
67700,0.322,0.313,0.366
67800,0.317,0.311,0.373
67900,0.308,0.323,0.369
68000,0.303,0.328,0.369
68100,0.301,0.331,0.368
68200,0.302,0.330,0.368
68300,0.297,0.328,0.375
68400,0.304,0.319,0.377
68500,0.298,0.312,0.390
68600,0.297,0.304,0.398
68700,0.292,0.316,0.392
68800,0.306,0.299,0.394
68900,0.326,0.297,0.377
69000,0.318,0.295,0.387
69100,0.322,0.294,0.384
69200,0.327,0.289,0.384
69300,0.334,0.283,0.383
69400,0.333,0.304,0.363
69500,0.328,0.294,0.378
69600,0.338,0.290,0.372
69700,0.341,0.293,0.366
69800,0.331,0.295,0.374
69900,0.331,0.291,0.378
70000,0.335,0.291,0.374
70100,0.344,0.283,0.373
70200,0.348,0.287,0.365
70300,0.356,0.286,0.358
70400,0.350,0.284,0.366
70500,0.343,0.277,0.380
70600,0.351,0.273,0.376
70700,0.329,0.276,0.395
70800,0.337,0.272,0.391
70900,0.338,0.281,0.381
71000,0.347,0.277,0.376
71100,0.343,0.278,0.379
71200,0.341,0.275,0.384
71300,0.342,0.275,0.383
71400,0.331,0.289,0.380
71500,0.336,0.284,0.380
71600,0.331,0.290,0.379
71700,0.330,0.303,0.367
71800,0.332,0.308,0.360
71900,0.352,0.298,0.349
72000,0.364,0.300,0.336
72100,0.368,0.296,0.336
72200,0.367,0.293,0.340
72300,0.365,0.289,0.346
72400,0.371,0.286,0.343
72500,0.375,0.281,0.344
72600,0.358,0.282,0.361
72700,0.353,0.287,0.360
72800,0.345,0.282,0.373
72900,0.348,0.286,0.366
73000,0.351,0.276,0.373
73100,0.358,0.270,0.373
73200,0.358,0.278,0.365
73300,0.365,0.272,0.364
73400,0.379,0.261,0.360
73500,0.384,0.261,0.354
73600,0.376,0.252,0.372
73700,0.380,0.251,0.369
73800,0.377,0.253,0.370
73900,0.374,0.254,0.372
74000,0.379,0.268,0.353
74100,0.373,0.267,0.361
74200,0.372,0.270,0.359
74300,0.370,0.273,0.358
74400,0.374,0.266,0.361
74500,0.376,0.263,0.362
74600,0.381,0.261,0.358
74700,0.393,0.265,0.342
74800,0.399,0.257,0.343
74900,0.386,0.271,0.343
75000,0.387,0.273,0.340
75100,0.393,0.261,0.345
75200,0.378,0.256,0.366
75300,0.378,0.251,0.371
75400,0.367,0.238,0.395
75500,0.373,0.243,0.384
75600,0.381,0.238,0.381
75700,0.373,0.241,0.386
75800,0.378,0.251,0.371
75900,0.377,0.254,0.369
76000,0.375,0.240,0.385
76100,0.377,0.252,0.371
76200,0.374,0.251,0.375
76300,0.376,0.256,0.368
76400,0.391,0.251,0.358
76500,0.395,0.257,0.347
76600,0.395,0.247,0.358
76700,0.389,0.244,0.367
76800,0.395,0.246,0.359
76900,0.406,0.244,0.350
77000,0.401,0.252,0.346
77100,0.399,0.242,0.359
77200,0.389,0.260,0.350
77300,0.399,0.258,0.342
77400,0.390,0.254,0.355
77500,0.386,0.270,0.344
77600,0.395,0.261,0.343
77700,0.403,0.263,0.334
77800,0.412,0.259,0.329
77900,0.401,0.269,0.330
78000,0.384,0.283,0.333
78100,0.384,0.276,0.340
78200,0.374,0.268,0.359
78300,0.374,0.270,0.356
78400,0.380,0.277,0.343
78500,0.369,0.284,0.347
78600,0.377,0.280,0.343
78700,0.367,0.273,0.361
78800,0.371,0.261,0.368
78900,0.370,0.257,0.373
79000,0.376,0.265,0.360
79100,0.385,0.270,0.345
79200,0.374,0.264,0.363
79300,0.377,0.257,0.366
79400,0.381,0.263,0.356
79500,0.394,0.257,0.348
79600,0.380,0.271,0.349
79700,0.376,0.265,0.360
79800,0.366,0.255,0.379
79900,0.371,0.242,0.387
80000,0.363,0.250,0.387
80100,0.366,0.241,0.393
80200,0.382,0.235,0.383
80300,0.385,0.227,0.388
80400,0.389,0.238,0.373
80500,0.395,0.234,0.371
80600,0.393,0.227,0.380
80700,0.395,0.234,0.371
80800,0.403,0.222,0.375
80900,0.410,0.221,0.370
81000,0.416,0.218,0.367
81100,0.432,0.216,0.352
81200,0.419,0.225,0.356
81300,0.419,0.225,0.356
81400,0.426,0.229,0.345
81500,0.420,0.229,0.351
81600,0.419,0.230,0.351
81700,0.398,0.225,0.377
81800,0.392,0.224,0.384
81900,0.393,0.224,0.383
82000,0.393,0.225,0.382
82100,0.397,0.223,0.380
82200,0.406,0.223,0.372
82300,0.402,0.233,0.365
82400,0.408,0.235,0.358
82500,0.420,0.228,0.352
82600,0.432,0.225,0.343
82700,0.424,0.224,0.352
82800,0.425,0.221,0.354
82900,0.420,0.239,0.341
83000,0.433,0.235,0.332
83100,0.439,0.230,0.331
83200,0.443,0.232,0.325
83300,0.446,0.228,0.326
83400,0.440,0.221,0.339
83500,0.458,0.216,0.327
83600,0.457,0.210,0.333
83700,0.465,0.218,0.318
83800,0.455,0.213,0.332
83900,0.462,0.210,0.328
84000,0.475,0.205,0.320
84100,0.458,0.221,0.322
84200,0.465,0.216,0.320
84300,0.475,0.210,0.315
84400,0.471,0.205,0.324
84500,0.471,0.203,0.326
84600,0.467,0.215,0.319
84700,0.459,0.215,0.327
84800,0.457,0.219,0.325
84900,0.456,0.212,0.332
85000,0.462,0.208,0.330
85100,0.472,0.201,0.327
85200,0.475,0.195,0.330
85300,0.470,0.196,0.334
85400,0.460,0.191,0.349
85500,0.462,0.200,0.338
85600,0.457,0.212,0.331
85700,0.447,0.202,0.350
85800,0.447,0.204,0.348
85900,0.444,0.208,0.347
86000,0.440,0.203,0.356
86100,0.438,0.196,0.366
86200,0.438,0.202,0.360
86300,0.435,0.198,0.367
86400,0.427,0.199,0.374
86500,0.422,0.206,0.372
86600,0.423,0.210,0.367
86700,0.431,0.201,0.368
86800,0.430,0.202,0.368
86900,0.439,0.202,0.359
87000,0.436,0.193,0.371
87100,0.441,0.201,0.358
87200,0.447,0.197,0.355
87300,0.447,0.198,0.354
87400,0.455,0.195,0.350
87500,0.448,0.194,0.358
87600,0.456,0.189,0.355
87700,0.456,0.186,0.359
87800,0.441,0.203,0.355
87900,0.451,0.196,0.352
88000,0.446,0.191,0.363
88100,0.449,0.191,0.360
88200,0.454,0.197,0.349
88300,0.451,0.198,0.350
88400,0.465,0.199,0.336
88500,0.463,0.205,0.332
88600,0.464,0.199,0.337
88700,0.459,0.198,0.343
88800,0.444,0.198,0.358
88900,0.448,0.190,0.362
89000,0.461,0.200,0.339
89100,0.459,0.191,0.350
89200,0.456,0.191,0.353
89300,0.448,0.188,0.364
89400,0.449,0.192,0.359
89500,0.447,0.193,0.360
89600,0.455,0.188,0.358
89700,0.445,0.187,0.368
89800,0.453,0.187,0.361
89900,0.462,0.184,0.354
90000,0.461,0.183,0.356
90100,0.468,0.190,0.342
90200,0.480,0.188,0.332
90300,0.471,0.183,0.346
90400,0.467,0.186,0.347
90500,0.473,0.184,0.343
90600,0.474,0.180,0.346
90700,0.471,0.186,0.343
90800,0.456,0.189,0.355
90900,0.444,0.181,0.375
91000,0.448,0.181,0.371
91100,0.461,0.176,0.364
91200,0.468,0.172,0.361
91300,0.470,0.171,0.360
91400,0.468,0.172,0.361
91500,0.467,0.169,0.365
91600,0.472,0.165,0.363
91700,0.474,0.169,0.358
91800,0.464,0.166,0.370
91900,0.461,0.170,0.370
92000,0.458,0.182,0.361
92100,0.457,0.179,0.365
92200,0.451,0.185,0.364
92300,0.437,0.194,0.369
92400,0.450,0.194,0.355
92500,0.445,0.203,0.351
92600,0.444,0.216,0.340
92700,0.446,0.209,0.344
92800,0.438,0.207,0.354
92900,0.439,0.204,0.356
93000,0.440,0.202,0.358
93100,0.442,0.202,0.355
93200,0.453,0.207,0.340
93300,0.461,0.204,0.335
93400,0.449,0.209,0.341
93500,0.460,0.203,0.337
93600,0.465,0.193,0.342
93700,0.461,0.189,0.350
93800,0.461,0.204,0.335
93900,0.467,0.197,0.336
94000,0.465,0.192,0.343
94100,0.453,0.193,0.354
94200,0.448,0.201,0.350
94300,0.434,0.212,0.353
94400,0.423,0.202,0.375
94500,0.422,0.206,0.372
94600,0.411,0.215,0.375
94700,0.398,0.221,0.381
94800,0.400,0.211,0.388
94900,0.398,0.231,0.371
95000,0.397,0.240,0.363
95100,0.397,0.232,0.371
95200,0.388,0.241,0.371
95300,0.379,0.241,0.380
95400,0.372,0.244,0.384
95500,0.369,0.253,0.378
95600,0.374,0.250,0.376
95700,0.379,0.246,0.375
95800,0.395,0.239,0.366
95900,0.392,0.251,0.356
96000,0.388,0.235,0.377
96100,0.387,0.226,0.387
96200,0.399,0.218,0.383
96300,0.406,0.235,0.360
96400,0.385,0.240,0.375
96500,0.389,0.232,0.379
96600,0.389,0.230,0.381
96700,0.384,0.227,0.389
96800,0.394,0.234,0.372
96900,0.386,0.242,0.372
97000,0.383,0.232,0.385
97100,0.380,0.234,0.386
97200,0.378,0.240,0.382
97300,0.374,0.256,0.370
97400,0.361,0.243,0.396
97500,0.360,0.232,0.409
97600,0.359,0.242,0.399
97700,0.344,0.265,0.391
97800,0.351,0.266,0.383
97900,0.351,0.271,0.378
98000,0.362,0.268,0.371
98100,0.359,0.263,0.379
98200,0.360,0.255,0.385
98300,0.361,0.254,0.385
98400,0.358,0.244,0.398
98500,0.362,0.251,0.387
98600,0.369,0.245,0.386
98700,0.374,0.240,0.386
98800,0.372,0.240,0.388
98900,0.373,0.235,0.392
99000,0.377,0.234,0.389
99100,0.382,0.231,0.387
99200,0.376,0.239,0.385
99300,0.373,0.245,0.382
99400,0.367,0.244,0.389
99500,0.364,0.245,0.391
99600,0.397,0.227,0.376
99700,0.398,0.227,0.375
99800,0.392,0.234,0.374
99900,0.386,0.237,0.377
100000,0.392,0.237,0.371
