time,n_A+p,n_B,n_AB
0,0.450,0.550,0.000
500,0.187,0.257,0.557
1000,0.147,0.159,0.694
1500,0.113,0.107,0.780
2000,0.104,0.098,0.798
2500,0.116,0.104,0.780
3000,0.113,0.083,0.804
3500,0.107,0.083,0.810
4000,0.101,0.089,0.810
4500,0.086,0.076,0.838
5000,0.073,0.092,0.835
5500,0.122,0.076,0.801
6000,0.162,0.080,0.758
6500,0.138,0.073,0.789
7000,0.144,0.058,0.798
7500,0.153,0.070,0.777
8000,0.128,0.083,0.789
8500,0.092,0.122,0.786
9000,0.113,0.122,0.765
9500,0.086,0.104,0.810
10000,0.089,0.119,0.792
10500,0.122,0.076,0.801
11000,0.174,0.076,0.749
11500,0.162,0.061,0.777
12000,0.159,0.052,0.789
12500,0.138,0.086,0.777
13000,0.141,0.113,0.746
13500,0.098,0.098,0.804
14000,0.076,0.070,0.853
14500,0.095,0.104,0.801
15000,0.110,0.113,0.777
15500,0.110,0.043,0.847
16000,0.150,0.055,0.795
16500,0.150,0.080,0.771
17000,0.110,0.089,0.801
17500,0.113,0.107,0.780
18000,0.122,0.095,0.783
18500,0.073,0.064,0.862
19000,0.113,0.064,0.823
19500,0.092,0.076,0.832
20000,0.119,0.110,0.771
20500,0.122,0.080,0.798
21000,0.080,0.080,0.841
21500,0.080,0.064,0.856
22000,0.064,0.073,0.862
22500,0.089,0.067,0.844
23000,0.113,0.089,0.798
23500,0.092,0.110,0.798
24000,0.113,0.101,0.786
24500,0.080,0.070,0.850
25000,0.098,0.089,0.813
25500,0.131,0.110,0.758
26000,0.122,0.067,0.810
26500,0.122,0.073,0.804
27000,0.128,0.064,0.807
27500,0.092,0.110,0.798
28000,0.073,0.095,0.832
28500,0.073,0.104,0.823
29000,0.095,0.107,0.798
29500,0.125,0.116,0.758
30000,0.104,0.104,0.792
30500,0.080,0.086,0.835
31000,0.089,0.110,0.801
31500,0.092,0.144,0.765
32000,0.067,0.110,0.823
32500,0.086,0.110,0.804
33000,0.101,0.052,0.847
33500,0.110,0.040,0.850
34000,0.104,0.040,0.856
34500,0.104,0.086,0.810
35000,0.125,0.070,0.804
35500,0.073,0.083,0.844
36000,0.122,0.101,0.777
36500,0.110,0.098,0.792
37000,0.089,0.083,0.829
37500,0.107,0.055,0.838
38000,0.092,0.055,0.853
38500,0.098,0.055,0.847
39000,0.119,0.073,0.807
39500,0.138,0.073,0.789
40000,0.135,0.101,0.765
40500,0.150,0.076,0.774
41000,0.101,0.076,0.823
41500,0.073,0.092,0.835
42000,0.083,0.116,0.801
42500,0.070,0.119,0.810
43000,0.070,0.095,0.835
43500,0.064,0.104,0.832
44000,0.070,0.089,0.841
44500,0.073,0.080,0.847
45000,0.165,0.064,0.771
45500,0.080,0.067,0.853
46000,0.070,0.101,0.829
46500,0.101,0.073,0.826
47000,0.070,0.076,0.853
47500,0.110,0.116,0.774
48000,0.095,0.083,0.823
48500,0.095,0.064,0.841
49000,0.110,0.083,0.807
49500,0.135,0.095,0.771
50000,0.101,0.067,0.832
50500,0.125,0.104,0.771
51000,0.104,0.086,0.810
51500,0.116,0.092,0.792
52000,0.128,0.076,0.795
52500,0.101,0.110,0.789
53000,0.083,0.095,0.823
53500,0.128,0.067,0.804
54000,0.098,0.080,0.823
54500,0.089,0.110,0.801
55000,0.092,0.083,0.826
55500,0.089,0.101,0.810
56000,0.101,0.098,0.801
56500,0.141,0.110,0.749
57000,0.095,0.122,0.783
57500,0.083,0.116,0.801
58000,0.070,0.125,0.804
58500,0.098,0.101,0.801
59000,0.122,0.089,0.789
59500,0.098,0.080,0.823
60000,0.125,0.064,0.810
60500,0.104,0.080,0.817
61000,0.113,0.092,0.795
61500,0.086,0.104,0.810
62000,0.104,0.104,0.792
62500,0.086,0.165,0.749
63000,0.076,0.131,0.792
63500,0.076,0.098,0.826
64000,0.076,0.122,0.801
64500,0.101,0.119,0.780
65000,0.101,0.101,0.798
65500,0.135,0.116,0.749
66000,0.125,0.104,0.771
66500,0.073,0.086,0.841
67000,0.092,0.064,0.844
67500,0.104,0.086,0.810
68000,0.107,0.086,0.807
68500,0.095,0.089,0.817
69000,0.089,0.083,0.829
69500,0.076,0.101,0.823
70000,0.080,0.113,0.807
70500,0.083,0.144,0.774
71000,0.055,0.110,0.835
71500,0.070,0.135,0.795
72000,0.070,0.110,0.820
72500,0.098,0.141,0.761
73000,0.089,0.107,0.804
73500,0.098,0.116,0.786
74000,0.092,0.113,0.795
74500,0.159,0.116,0.725
75000,0.119,0.089,0.792
75500,0.110,0.110,0.780
76000,0.104,0.080,0.817
76500,0.107,0.098,0.795
77000,0.070,0.076,0.853
77500,0.104,0.092,0.804
78000,0.080,0.141,0.780
78500,0.058,0.095,0.847
79000,0.055,0.128,0.817
79500,0.086,0.104,0.810
80000,0.058,0.153,0.789
80500,0.052,0.156,0.792
81000,0.055,0.147,0.798
81500,0.067,0.144,0.789
82000,0.098,0.110,0.792
82500,0.101,0.086,0.813
83000,0.119,0.083,0.798
83500,0.122,0.083,0.795
84000,0.110,0.073,0.817
84500,0.098,0.101,0.801
85000,0.095,0.122,0.783
85500,0.098,0.101,0.801
86000,0.125,0.131,0.743
86500,0.092,0.144,0.765
87000,0.080,0.092,0.829
87500,0.095,0.095,0.810
88000,0.076,0.110,0.813
88500,0.067,0.138,0.795
89000,0.073,0.138,0.789
89500,0.095,0.101,0.804
90000,0.098,0.135,0.768
90500,0.119,0.080,0.801
91000,0.110,0.110,0.780
91500,0.095,0.092,0.813
92000,0.083,0.101,0.817
92500,0.089,0.138,0.774
93000,0.107,0.101,0.792
93500,0.110,0.086,0.804
94000,0.086,0.092,0.823
94500,0.067,0.119,0.813
95000,0.086,0.095,0.820
95500,0.089,0.089,0.823
96000,0.083,0.089,0.829
96500,0.092,0.095,0.813
97000,0.070,0.101,0.829
97500,0.086,0.141,0.774
98000,0.064,0.116,0.820
98500,0.083,0.086,0.832
99000,0.067,0.119,0.813
99500,0.089,0.086,0.826
100000,0.095,0.076,0.829
100500,0.095,0.076,0.829
101000,0.080,0.092,0.829
101500,0.080,0.064,0.856
102000,0.070,0.116,0.813
102500,0.107,0.095,0.798
103000,0.110,0.156,0.734
103500,0.046,0.141,0.813
104000,0.098,0.101,0.801
104500,0.095,0.095,0.810
105000,0.095,0.110,0.795
105500,0.116,0.098,0.786
106000,0.113,0.086,0.801
106500,0.098,0.104,0.798
107000,0.135,0.076,0.789
107500,0.119,0.089,0.792
108000,0.119,0.064,0.817
108500,0.153,0.040,0.807
109000,0.131,0.070,0.798
109500,0.092,0.098,0.810
110000,0.064,0.107,0.829
110500,0.080,0.128,0.792
111000,0.092,0.076,0.832
111500,0.098,0.089,0.813
112000,0.116,0.058,0.826
112500,0.095,0.055,0.850
113000,0.122,0.049,0.829
113500,0.144,0.061,0.795
114000,0.122,0.070,0.807
114500,0.156,0.080,0.765
115000,0.113,0.061,0.826
115500,0.113,0.095,0.792
116000,0.113,0.104,0.783
116500,0.089,0.095,0.817
117000,0.116,0.092,0.792
117500,0.110,0.095,0.795
118000,0.095,0.113,0.792
118500,0.119,0.147,0.734
119000,0.092,0.159,0.749
119500,0.052,0.116,0.832
120000,0.070,0.104,0.826
120500,0.101,0.104,0.795
121000,0.086,0.101,0.813
121500,0.098,0.110,0.792
122000,0.076,0.107,0.817
122500,0.092,0.125,0.783
123000,0.095,0.092,0.813
123500,0.119,0.080,0.801
124000,0.098,0.073,0.829
124500,0.067,0.067,0.865
125000,0.080,0.061,0.859
125500,0.101,0.070,0.829
126000,0.089,0.110,0.801
126500,0.089,0.073,0.838
127000,0.110,0.061,0.829
127500,0.095,0.089,0.817
128000,0.058,0.128,0.813
128500,0.092,0.064,0.844
129000,0.092,0.110,0.798
129500,0.080,0.131,0.789
130000,0.107,0.122,0.771
130500,0.104,0.113,0.783
131000,0.089,0.180,0.731
131500,0.089,0.177,0.734
132000,0.073,0.125,0.801
132500,0.073,0.116,0.810
133000,0.067,0.141,0.792
133500,0.092,0.110,0.798
134000,0.064,0.135,0.801
134500,0.076,0.141,0.783
135000,0.073,0.110,0.817
135500,0.070,0.101,0.829
136000,0.083,0.110,0.807
136500,0.073,0.098,0.829
137000,0.080,0.110,0.810
137500,0.064,0.119,0.817
138000,0.107,0.089,0.804
138500,0.104,0.076,0.820
139000,0.083,0.089,0.829
139500,0.086,0.073,0.841
140000,0.135,0.076,0.789
140500,0.101,0.089,0.810
141000,0.113,0.061,0.826
141500,0.135,0.080,0.786
142000,0.107,0.070,0.823
142500,0.092,0.080,0.829
143000,0.098,0.101,0.801
143500,0.055,0.073,0.872
144000,0.083,0.095,0.823
144500,0.101,0.128,0.771
145000,0.055,0.110,0.835
145500,0.086,0.092,0.823
146000,0.101,0.049,0.850
146500,0.116,0.104,0.780
147000,0.073,0.089,0.838
147500,0.092,0.061,0.847
148000,0.086,0.095,0.820
148500,0.083,0.098,0.820
149000,0.113,0.092,0.795
149500,0.095,0.089,0.817
150000,0.086,0.101,0.813
150500,0.104,0.037,0.859
151000,0.058,0.046,0.896
151500,0.113,0.067,0.820
152000,0.150,0.086,0.765
152500,0.104,0.076,0.820
153000,0.086,0.061,0.853
153500,0.138,0.061,0.801
154000,0.110,0.107,0.783
154500,0.113,0.086,0.801
155000,0.098,0.104,0.798
155500,0.101,0.107,0.792
156000,0.113,0.058,0.829
156500,0.098,0.046,0.856
157000,0.131,0.101,0.768
157500,0.104,0.076,0.820
158000,0.113,0.073,0.813
158500,0.092,0.095,0.813
159000,0.089,0.116,0.795
159500,0.061,0.092,0.847
160000,0.055,0.098,0.847
160500,0.113,0.092,0.795
161000,0.076,0.073,0.850
161500,0.067,0.080,0.853
162000,0.113,0.070,0.817
162500,0.119,0.086,0.795
163000,0.122,0.080,0.798
163500,0.119,0.098,0.783
164000,0.107,0.095,0.798
164500,0.107,0.086,0.807
165000,0.125,0.104,0.771
165500,0.116,0.122,0.761
166000,0.098,0.122,0.780
166500,0.089,0.101,0.810
167000,0.128,0.070,0.801
167500,0.107,0.104,0.789
168000,0.131,0.089,0.780
168500,0.107,0.067,0.826
169000,0.086,0.092,0.823
169500,0.073,0.092,0.835
170000,0.083,0.098,0.820
170500,0.073,0.067,0.859
171000,0.061,0.052,0.887
171500,0.098,0.080,0.823
172000,0.116,0.083,0.801
172500,0.083,0.095,0.823
173000,0.107,0.110,0.783
173500,0.107,0.107,0.786
174000,0.080,0.080,0.841
174500,0.061,0.107,0.832
175000,0.083,0.061,0.856
175500,0.089,0.064,0.847
176000,0.131,0.116,0.752
176500,0.107,0.101,0.792
177000,0.055,0.116,0.829
177500,0.070,0.101,0.829
178000,0.076,0.141,0.783
178500,0.080,0.128,0.792
179000,0.046,0.180,0.774
179500,0.061,0.113,0.826
180000,0.089,0.092,0.820
180500,0.080,0.089,0.832
181000,0.043,0.083,0.875
181500,0.073,0.101,0.826
182000,0.064,0.104,0.832
182500,0.083,0.073,0.844
183000,0.128,0.080,0.792
183500,0.119,0.113,0.768
184000,0.098,0.070,0.832
184500,0.110,0.101,0.789
185000,0.095,0.119,0.786
185500,0.116,0.080,0.804
186000,0.122,0.076,0.801
186500,0.089,0.076,0.835
187000,0.086,0.080,0.835
187500,0.086,0.073,0.841
188000,0.089,0.122,0.789
188500,0.064,0.135,0.801
189000,0.064,0.086,0.850
189500,0.073,0.076,0.850
190000,0.101,0.089,0.810
190500,0.089,0.083,0.829
191000,0.107,0.073,0.820
191500,0.095,0.092,0.813
192000,0.107,0.113,0.780
192500,0.153,0.101,0.746
193000,0.061,0.153,0.786
193500,0.061,0.101,0.838
194000,0.092,0.107,0.801
194500,0.073,0.095,0.832
195000,0.083,0.086,0.832
195500,0.128,0.076,0.795
196000,0.092,0.076,0.832
196500,0.128,0.073,0.798
197000,0.187,0.083,0.731
197500,0.119,0.080,0.801
198000,0.098,0.089,0.813
198500,0.125,0.070,0.804
199000,0.141,0.098,0.761
199500,0.089,0.095,0.817
200000,0.089,0.080,0.832
200500,0.058,0.125,0.817
201000,0.092,0.128,0.780
201500,0.110,0.125,0.765
202000,0.061,0.116,0.823
202500,0.061,0.168,0.771
203000,0.046,0.150,0.804
203500,0.043,0.125,0.832
204000,0.095,0.107,0.798
204500,0.076,0.095,0.829
205000,0.052,0.101,0.847
205500,0.070,0.092,0.838
206000,0.116,0.101,0.783
206500,0.122,0.073,0.804
207000,0.110,0.138,0.752
207500,0.086,0.116,0.798
208000,0.086,0.159,0.755
208500,0.073,0.098,0.829
209000,0.101,0.067,0.832
209500,0.083,0.092,0.826
210000,0.046,0.153,0.801
210500,0.055,0.128,0.817
211000,0.073,0.122,0.804
211500,0.067,0.113,0.820
212000,0.061,0.138,0.801
212500,0.095,0.153,0.752
213000,0.119,0.110,0.771
213500,0.104,0.101,0.795
214000,0.089,0.141,0.771
214500,0.110,0.138,0.752
215000,0.138,0.095,0.768
215500,0.125,0.052,0.823
216000,0.135,0.043,0.823
216500,0.153,0.061,0.786
217000,0.131,0.086,0.783
217500,0.113,0.092,0.795
218000,0.135,0.076,0.789
218500,0.113,0.104,0.783
219000,0.141,0.076,0.783
219500,0.153,0.064,0.783
220000,0.147,0.052,0.801
220500,0.113,0.083,0.804
221000,0.125,0.067,0.807
221500,0.119,0.043,0.838
222000,0.119,0.034,0.847
222500,0.131,0.067,0.801
223000,0.113,0.073,0.813
223500,0.067,0.067,0.865
224000,0.080,0.070,0.850
224500,0.080,0.098,0.823
225000,0.049,0.116,0.835
225500,0.089,0.086,0.826
226000,0.070,0.089,0.841
226500,0.064,0.092,0.844
227000,0.101,0.086,0.813
227500,0.092,0.083,0.826
228000,0.116,0.061,0.823
228500,0.076,0.101,0.823
229000,0.067,0.092,0.841
229500,0.113,0.080,0.807
230000,0.119,0.067,0.813
230500,0.116,0.101,0.783
231000,0.162,0.064,0.774
231500,0.086,0.067,0.847
232000,0.119,0.098,0.783
232500,0.089,0.128,0.783
233000,0.098,0.092,0.810
233500,0.128,0.080,0.792
234000,0.116,0.076,0.807
234500,0.083,0.061,0.856
235000,0.092,0.122,0.786
235500,0.080,0.113,0.807
236000,0.073,0.150,0.777
236500,0.043,0.119,0.838
237000,0.061,0.104,0.835
237500,0.073,0.086,0.841
238000,0.110,0.076,0.813
238500,0.098,0.061,0.841
239000,0.083,0.037,0.881
239500,0.144,0.061,0.795
240000,0.125,0.058,0.817
240500,0.113,0.055,0.832
241000,0.125,0.080,0.795
241500,0.076,0.104,0.820
242000,0.089,0.083,0.829
242500,0.113,0.064,0.823
243000,0.083,0.107,0.810
243500,0.076,0.070,0.853
244000,0.098,0.040,0.862
244500,0.070,0.086,0.844
245000,0.128,0.098,0.774
245500,0.110,0.101,0.789
246000,0.089,0.086,0.826
246500,0.092,0.135,0.774
247000,0.061,0.144,0.795
247500,0.070,0.107,0.823
248000,0.113,0.116,0.771
248500,0.095,0.138,0.768
249000,0.122,0.116,0.761
249500,0.080,0.147,0.774
250000,0.058,0.187,0.755
250500,0.058,0.144,0.798
251000,0.055,0.122,0.823
251500,0.113,0.101,0.786
252000,0.125,0.141,0.734
252500,0.107,0.107,0.786
253000,0.095,0.138,0.768
253500,0.086,0.095,0.820
254000,0.080,0.089,0.832
254500,0.076,0.070,0.853
255000,0.107,0.086,0.807
255500,0.089,0.098,0.813
256000,0.086,0.080,0.835
256500,0.083,0.080,0.838
257000,0.095,0.095,0.810
257500,0.119,0.107,0.774
258000,0.110,0.058,0.832
258500,0.110,0.086,0.804
259000,0.122,0.086,0.792
259500,0.098,0.110,0.792
260000,0.073,0.159,0.768
260500,0.107,0.131,0.761
261000,0.107,0.107,0.786
261500,0.092,0.125,0.783
262000,0.067,0.095,0.838
262500,0.070,0.110,0.820
263000,0.098,0.101,0.801
263500,0.083,0.098,0.820
264000,0.101,0.076,0.823
264500,0.098,0.125,0.777
265000,0.110,0.095,0.795
265500,0.119,0.086,0.795
266000,0.141,0.083,0.777
266500,0.122,0.107,0.771
267000,0.116,0.083,0.801
267500,0.080,0.064,0.856
268000,0.089,0.095,0.817
268500,0.073,0.104,0.823
269000,0.046,0.080,0.875
269500,0.095,0.064,0.841
270000,0.128,0.058,0.813
270500,0.122,0.089,0.789
271000,0.122,0.064,0.813
271500,0.150,0.055,0.795
272000,0.150,0.086,0.765
272500,0.125,0.076,0.798
273000,0.095,0.064,0.841
273500,0.119,0.083,0.798
274000,0.101,0.083,0.817
274500,0.147,0.092,0.761
275000,0.098,0.122,0.780
275500,0.067,0.122,0.810
276000,0.067,0.131,0.801
276500,0.061,0.150,0.789
277000,0.101,0.095,0.804
277500,0.098,0.073,0.829
278000,0.168,0.058,0.774
278500,0.125,0.073,0.801
279000,0.104,0.064,0.832
279500,0.086,0.092,0.823
280000,0.064,0.098,0.838
280500,0.089,0.098,0.813
281000,0.076,0.098,0.826
281500,0.055,0.098,0.847
282000,0.095,0.113,0.792
282500,0.110,0.119,0.771
283000,0.089,0.113,0.798
283500,0.083,0.101,0.817
284000,0.067,0.098,0.835
284500,0.083,0.104,0.813
285000,0.110,0.067,0.823
285500,0.092,0.076,0.832
286000,0.055,0.107,0.838
286500,0.092,0.076,0.832
287000,0.098,0.067,0.835
287500,0.113,0.098,0.789
288000,0.086,0.095,0.820
288500,0.095,0.086,0.820
289000,0.119,0.070,0.810
289500,0.101,0.086,0.813
290000,0.101,0.076,0.823
290500,0.070,0.092,0.838
291000,0.067,0.119,0.813
291500,0.104,0.089,0.807
292000,0.076,0.113,0.810
292500,0.070,0.113,0.817
293000,0.073,0.095,0.832
293500,0.073,0.076,0.850
294000,0.083,0.128,0.789
294500,0.073,0.138,0.789
295000,0.080,0.101,0.820
295500,0.086,0.086,0.829
296000,0.070,0.119,0.810
296500,0.095,0.119,0.786
297000,0.064,0.141,0.795
297500,0.101,0.116,0.783
298000,0.119,0.122,0.758
298500,0.089,0.116,0.795
299000,0.125,0.095,0.780
299500,0.070,0.092,0.838
300000,0.092,0.135,0.774
300500,0.076,0.076,0.847
301000,0.083,0.101,0.817
301500,0.067,0.080,0.853
302000,0.095,0.080,0.826
302500,0.119,0.073,0.807
303000,0.122,0.055,0.823
303500,0.135,0.061,0.804
304000,0.131,0.052,0.817
304500,0.098,0.058,0.844
305000,0.159,0.058,0.783
305500,0.119,0.098,0.783
306000,0.104,0.086,0.810
306500,0.080,0.119,0.801
307000,0.089,0.104,0.807
307500,0.070,0.110,0.820
308000,0.073,0.150,0.777
308500,0.067,0.101,0.832
309000,0.095,0.119,0.786
309500,0.086,0.092,0.823
310000,0.064,0.098,0.838
310500,0.073,0.080,0.847
311000,0.067,0.086,0.847
311500,0.076,0.107,0.817
312000,0.080,0.104,0.817
312500,0.052,0.101,0.847
313000,0.073,0.138,0.789
313500,0.052,0.122,0.826
314000,0.058,0.104,0.838
314500,0.086,0.089,0.826
315000,0.073,0.061,0.865
315500,0.061,0.095,0.844
316000,0.073,0.067,0.859
316500,0.083,0.150,0.768
317000,0.076,0.098,0.826
317500,0.101,0.083,0.817
318000,0.076,0.083,0.841
318500,0.101,0.095,0.804
319000,0.098,0.070,0.832
319500,0.141,0.162,0.697
320000,0.128,0.138,0.734
320500,0.104,0.125,0.771
321000,0.076,0.135,0.789
321500,0.070,0.119,0.810
322000,0.067,0.119,0.813
322500,0.067,0.110,0.823
323000,0.055,0.073,0.872
323500,0.058,0.092,0.850
324000,0.110,0.153,0.737
324500,0.083,0.116,0.801
325000,0.070,0.107,0.823
325500,0.116,0.086,0.798
326000,0.092,0.113,0.795
326500,0.113,0.086,0.801
327000,0.113,0.080,0.807
327500,0.080,0.101,0.820
328000,0.076,0.061,0.862
328500,0.098,0.092,0.810
329000,0.092,0.116,0.792
329500,0.107,0.125,0.768
330000,0.150,0.101,0.749
330500,0.159,0.070,0.771
331000,0.122,0.055,0.823
331500,0.138,0.076,0.786
332000,0.113,0.098,0.789
332500,0.147,0.055,0.798
333000,0.141,0.080,0.780
333500,0.122,0.061,0.817
334000,0.141,0.055,0.804
334500,0.131,0.086,0.783
335000,0.083,0.116,0.801
335500,0.089,0.116,0.795
336000,0.107,0.070,0.823
336500,0.119,0.067,0.813
337000,0.095,0.095,0.810
337500,0.095,0.086,0.820
338000,0.083,0.104,0.813
338500,0.089,0.092,0.820
339000,0.070,0.076,0.853
339500,0.073,0.104,0.823
340000,0.086,0.107,0.807
340500,0.080,0.122,0.798
341000,0.104,0.086,0.810
341500,0.135,0.095,0.771
342000,0.113,0.073,0.813
342500,0.113,0.107,0.780
343000,0.101,0.080,0.820
343500,0.095,0.086,0.820
344000,0.119,0.055,0.826
344500,0.101,0.104,0.795
345000,0.073,0.098,0.829
345500,0.113,0.104,0.783
346000,0.107,0.092,0.801
346500,0.076,0.119,0.804
347000,0.092,0.086,0.823
347500,0.116,0.107,0.777
348000,0.104,0.098,0.798
348500,0.125,0.073,0.801
349000,0.116,0.107,0.777
349500,0.156,0.058,0.786
350000,0.131,0.092,0.777
350500,0.141,0.064,0.795
351000,0.095,0.095,0.810
351500,0.089,0.095,0.817
352000,0.095,0.089,0.817
352500,0.101,0.092,0.807
353000,0.107,0.125,0.768
353500,0.086,0.095,0.820
354000,0.098,0.110,0.792
354500,0.080,0.113,0.807
355000,0.076,0.101,0.823
355500,0.052,0.104,0.844
356000,0.067,0.076,0.856
356500,0.073,0.089,0.838
357000,0.119,0.080,0.801
357500,0.138,0.092,0.771
358000,0.098,0.086,0.817
358500,0.110,0.080,0.810
359000,0.153,0.049,0.798
359500,0.141,0.046,0.813
360000,0.131,0.080,0.789
360500,0.095,0.095,0.810
361000,0.144,0.073,0.783
361500,0.125,0.086,0.789
362000,0.092,0.092,0.817
362500,0.101,0.098,0.801
363000,0.122,0.089,0.789
363500,0.092,0.089,0.820
364000,0.080,0.110,0.810
364500,0.098,0.119,0.783
365000,0.116,0.092,0.792
365500,0.101,0.073,0.826
366000,0.128,0.061,0.810
366500,0.092,0.110,0.798
367000,0.122,0.098,0.780
367500,0.119,0.076,0.804
368000,0.113,0.080,0.807
368500,0.107,0.092,0.801
369000,0.113,0.113,0.774
369500,0.104,0.107,0.789
370000,0.110,0.101,0.789
370500,0.135,0.076,0.789
371000,0.110,0.095,0.795
371500,0.080,0.113,0.807
372000,0.080,0.104,0.817
372500,0.073,0.076,0.850
373000,0.086,0.076,0.838
373500,0.076,0.107,0.817
374000,0.092,0.131,0.777
374500,0.113,0.080,0.807
375000,0.104,0.107,0.789
375500,0.095,0.052,0.853
376000,0.101,0.064,0.835
376500,0.089,0.092,0.820
377000,0.110,0.107,0.783
377500,0.095,0.086,0.820
378000,0.122,0.080,0.798
378500,0.070,0.073,0.856
379000,0.083,0.095,0.823
379500,0.086,0.098,0.817
380000,0.138,0.089,0.774
380500,0.064,0.083,0.853
381000,0.122,0.104,0.774
381500,0.104,0.076,0.820
382000,0.070,0.144,0.786
382500,0.055,0.125,0.820
383000,0.049,0.128,0.823
383500,0.076,0.080,0.844
384000,0.055,0.107,0.838
384500,0.061,0.089,0.850
385000,0.055,0.141,0.804
385500,0.086,0.095,0.820
386000,0.061,0.128,0.810
386500,0.055,0.168,0.777
387000,0.125,0.144,0.731
387500,0.076,0.086,0.838
388000,0.086,0.144,0.771
388500,0.058,0.119,0.823
389000,0.101,0.104,0.795
389500,0.098,0.110,0.792
390000,0.076,0.107,0.817
390500,0.086,0.095,0.820
391000,0.092,0.076,0.832
391500,0.076,0.092,0.832
392000,0.101,0.092,0.807
392500,0.098,0.095,0.807
393000,0.095,0.086,0.820
393500,0.095,0.107,0.798
394000,0.104,0.067,0.829
394500,0.122,0.113,0.765
395000,0.067,0.086,0.847
395500,0.043,0.098,0.859
396000,0.076,0.092,0.832
396500,0.089,0.070,0.841
397000,0.064,0.107,0.829
397500,0.116,0.113,0.771
398000,0.101,0.098,0.801
398500,0.086,0.083,0.832
399000,0.070,0.076,0.853
399500,0.067,0.073,0.859
400000,0.116,0.095,0.789
400500,0.110,0.098,0.792
401000,0.107,0.080,0.813
401500,0.095,0.104,0.801
402000,0.113,0.064,0.823
402500,0.104,0.076,0.820
403000,0.110,0.058,0.832
403500,0.128,0.080,0.792
404000,0.089,0.113,0.798
404500,0.070,0.122,0.807
405000,0.052,0.119,0.829
405500,0.073,0.138,0.789
406000,0.107,0.119,0.774
406500,0.095,0.135,0.771
407000,0.107,0.110,0.783
407500,0.101,0.083,0.817
408000,0.110,0.058,0.832
408500,0.104,0.092,0.804
409000,0.107,0.144,0.749
409500,0.076,0.128,0.795
410000,0.098,0.092,0.810
410500,0.076,0.107,0.817
411000,0.086,0.101,0.813
411500,0.101,0.095,0.804
412000,0.086,0.095,0.820
412500,0.064,0.125,0.810
413000,0.116,0.089,0.795
413500,0.113,0.080,0.807
414000,0.104,0.073,0.823
414500,0.092,0.070,0.838
415000,0.080,0.104,0.817
415500,0.067,0.107,0.826
416000,0.052,0.128,0.820
416500,0.113,0.138,0.749
417000,0.086,0.104,0.810
417500,0.119,0.080,0.801
418000,0.064,0.101,0.835
418500,0.058,0.122,0.820
419000,0.076,0.092,0.832
419500,0.110,0.101,0.789
420000,0.116,0.098,0.786
420500,0.144,0.095,0.761
421000,0.159,0.083,0.758
421500,0.070,0.122,0.807
422000,0.058,0.122,0.820
422500,0.080,0.080,0.841
423000,0.073,0.098,0.829
423500,0.138,0.092,0.771
424000,0.110,0.073,0.817
424500,0.089,0.150,0.761
425000,0.083,0.122,0.795
425500,0.089,0.086,0.826
426000,0.089,0.086,0.826
426500,0.101,0.089,0.810
427000,0.073,0.107,0.820
427500,0.095,0.098,0.807
428000,0.083,0.104,0.813
428500,0.086,0.076,0.838
429000,0.125,0.070,0.804
429500,0.150,0.073,0.777
430000,0.092,0.067,0.841
430500,0.116,0.095,0.789
431000,0.122,0.070,0.807
431500,0.083,0.141,0.777
432000,0.095,0.104,0.801
432500,0.116,0.122,0.761
433000,0.080,0.061,0.859
433500,0.104,0.080,0.817
434000,0.092,0.098,0.810
434500,0.119,0.107,0.774
435000,0.095,0.080,0.826
435500,0.086,0.098,0.817
436000,0.061,0.076,0.862
436500,0.064,0.107,0.829
437000,0.073,0.055,0.872
437500,0.092,0.067,0.841
438000,0.083,0.076,0.841
438500,0.080,0.122,0.798
439000,0.101,0.131,0.768
439500,0.086,0.095,0.820
440000,0.073,0.076,0.850
440500,0.092,0.110,0.798
441000,0.150,0.076,0.774
441500,0.086,0.089,0.826
442000,0.110,0.098,0.792
442500,0.116,0.092,0.792
443000,0.113,0.067,0.820
443500,0.092,0.086,0.823
444000,0.086,0.083,0.832
444500,0.064,0.083,0.853
445000,0.046,0.141,0.813
445500,0.070,0.110,0.820
446000,0.076,0.119,0.804
446500,0.101,0.101,0.798
447000,0.098,0.110,0.792
447500,0.104,0.070,0.826
448000,0.138,0.083,0.780
448500,0.092,0.110,0.798
449000,0.095,0.089,0.817
449500,0.086,0.107,0.807
450000,0.107,0.113,0.780
450500,0.144,0.107,0.749
451000,0.110,0.116,0.774
451500,0.092,0.092,0.817
452000,0.104,0.107,0.789
452500,0.125,0.104,0.771
453000,0.138,0.119,0.743
453500,0.095,0.104,0.801
454000,0.073,0.113,0.813
454500,0.055,0.110,0.835
455000,0.086,0.098,0.817
455500,0.092,0.080,0.829
456000,0.076,0.095,0.829
456500,0.125,0.089,0.786
457000,0.107,0.058,0.835
457500,0.131,0.092,0.777
458000,0.095,0.101,0.804
458500,0.104,0.128,0.768
459000,0.083,0.116,0.801
459500,0.110,0.116,0.774
460000,0.116,0.058,0.826
460500,0.101,0.107,0.792
461000,0.092,0.125,0.783
461500,0.083,0.131,0.786
462000,0.073,0.092,0.835
462500,0.119,0.104,0.777
463000,0.110,0.110,0.780
463500,0.125,0.110,0.765
464000,0.110,0.116,0.774
464500,0.080,0.101,0.820
465000,0.104,0.080,0.817
465500,0.098,0.101,0.801
466000,0.101,0.092,0.807
466500,0.159,0.073,0.768
467000,0.119,0.089,0.792
467500,0.067,0.128,0.804
468000,0.080,0.138,0.783
468500,0.076,0.064,0.859
469000,0.092,0.073,0.835
469500,0.098,0.046,0.856
470000,0.125,0.040,0.835
470500,0.098,0.064,0.838
471000,0.070,0.080,0.850
471500,0.064,0.061,0.875
472000,0.055,0.138,0.807
472500,0.064,0.122,0.813
473000,0.073,0.101,0.826
473500,0.067,0.080,0.853
474000,0.083,0.110,0.807
474500,0.092,0.113,0.795
475000,0.095,0.128,0.777
475500,0.083,0.125,0.792
476000,0.086,0.080,0.835
476500,0.122,0.095,0.783
477000,0.116,0.073,0.810
477500,0.119,0.064,0.817
478000,0.076,0.089,0.835
478500,0.095,0.122,0.783
479000,0.067,0.089,0.844
479500,0.080,0.049,0.872
480000,0.070,0.095,0.835
480500,0.080,0.070,0.850
481000,0.107,0.073,0.820
481500,0.098,0.095,0.807
482000,0.138,0.083,0.780
482500,0.122,0.070,0.807
483000,0.098,0.119,0.783
483500,0.089,0.131,0.780
484000,0.104,0.101,0.795
484500,0.116,0.107,0.777
485000,0.122,0.076,0.801
485500,0.101,0.092,0.807
486000,0.095,0.089,0.817
486500,0.095,0.119,0.786
487000,0.080,0.076,0.844
487500,0.086,0.070,0.844
488000,0.067,0.086,0.847
488500,0.101,0.052,0.847
489000,0.113,0.076,0.810
489500,0.122,0.089,0.789
490000,0.116,0.058,0.826
490500,0.107,0.064,0.829
491000,0.080,0.076,0.844
491500,0.080,0.073,0.847
492000,0.086,0.083,0.832
492500,0.067,0.095,0.838
493000,0.098,0.092,0.810
493500,0.095,0.052,0.853
494000,0.086,0.076,0.838
494500,0.110,0.061,0.829
495000,0.116,0.064,0.820
495500,0.101,0.113,0.786
496000,0.135,0.083,0.783
496500,0.119,0.104,0.777
497000,0.083,0.089,0.829
497500,0.080,0.089,0.832
498000,0.080,0.122,0.798
498500,0.067,0.089,0.844
499000,0.110,0.089,0.801
499500,0.144,0.080,0.777
500000,0.122,0.080,0.798
500500,0.098,0.122,0.780
501000,0.092,0.150,0.758
501500,0.089,0.107,0.804
502000,0.080,0.122,0.798
502500,0.116,0.125,0.758
503000,0.101,0.113,0.786
503500,0.067,0.141,0.792
504000,0.064,0.125,0.810
504500,0.046,0.122,0.832
505000,0.058,0.147,0.795
505500,0.067,0.101,0.832
506000,0.070,0.092,0.838
506500,0.110,0.067,0.823
507000,0.104,0.110,0.786
507500,0.119,0.092,0.789
508000,0.086,0.083,0.832
508500,0.095,0.080,0.826
509000,0.083,0.092,0.826
509500,0.113,0.101,0.786
510000,0.095,0.083,0.823
510500,0.086,0.086,0.829
511000,0.089,0.049,0.862
511500,0.086,0.095,0.820
512000,0.113,0.073,0.813
512500,0.125,0.083,0.792
513000,0.095,0.104,0.801
513500,0.083,0.138,0.780
514000,0.076,0.125,0.798
514500,0.089,0.128,0.783
515000,0.092,0.110,0.798
515500,0.095,0.098,0.807
516000,0.098,0.083,0.820
516500,0.086,0.119,0.795
517000,0.095,0.098,0.807
517500,0.052,0.171,0.777
518000,0.046,0.119,0.835
518500,0.098,0.122,0.780
519000,0.138,0.104,0.758
519500,0.113,0.089,0.798
520000,0.080,0.122,0.798
520500,0.125,0.067,0.807
521000,0.076,0.067,0.856
521500,0.086,0.119,0.795
522000,0.092,0.116,0.792
522500,0.095,0.067,0.838
523000,0.086,0.061,0.853
523500,0.107,0.073,0.820
524000,0.067,0.101,0.832
524500,0.086,0.101,0.813
525000,0.110,0.083,0.807
525500,0.128,0.116,0.755
526000,0.098,0.095,0.807
526500,0.076,0.110,0.813
527000,0.095,0.135,0.771
527500,0.147,0.107,0.746
528000,0.089,0.122,0.789
528500,0.067,0.104,0.829
529000,0.076,0.089,0.835
529500,0.092,0.086,0.823
530000,0.101,0.061,0.838
530500,0.076,0.067,0.856
531000,0.055,0.113,0.832
531500,0.104,0.067,0.829
532000,0.080,0.101,0.820
532500,0.098,0.113,0.789
533000,0.092,0.098,0.810
533500,0.083,0.073,0.844
534000,0.080,0.073,0.847
534500,0.095,0.080,0.826
535000,0.138,0.076,0.786
535500,0.107,0.055,0.838
536000,0.125,0.064,0.810
536500,0.113,0.064,0.823
537000,0.107,0.083,0.810
537500,0.135,0.104,0.761
538000,0.138,0.083,0.780
538500,0.089,0.089,0.823
539000,0.064,0.113,0.823
539500,0.055,0.150,0.795
540000,0.076,0.092,0.832
540500,0.110,0.070,0.820
541000,0.089,0.076,0.835
541500,0.122,0.092,0.786
542000,0.098,0.076,0.826
542500,0.101,0.070,0.829
543000,0.080,0.083,0.838
543500,0.067,0.061,0.872
544000,0.070,0.095,0.835
544500,0.089,0.101,0.810
545000,0.104,0.138,0.758
545500,0.061,0.141,0.798
546000,0.083,0.089,0.829
546500,0.052,0.110,0.838
547000,0.089,0.128,0.783
547500,0.083,0.122,0.795
548000,0.101,0.083,0.817
548500,0.131,0.092,0.777
549000,0.128,0.058,0.813
549500,0.086,0.083,0.832
550000,0.080,0.116,0.804
550500,0.058,0.141,0.801
551000,0.076,0.113,0.810
551500,0.086,0.092,0.823
552000,0.125,0.113,0.761
552500,0.122,0.116,0.761
553000,0.119,0.104,0.777
553500,0.061,0.113,0.826
554000,0.089,0.089,0.823
554500,0.156,0.055,0.789
555000,0.098,0.092,0.810
555500,0.080,0.116,0.804
556000,0.055,0.095,0.850
556500,0.098,0.125,0.777
557000,0.080,0.116,0.804
557500,0.049,0.125,0.826
558000,0.064,0.135,0.801
558500,0.067,0.113,0.820
559000,0.083,0.070,0.847
559500,0.080,0.095,0.826
560000,0.119,0.092,0.789
560500,0.110,0.070,0.820
561000,0.083,0.055,0.862
561500,0.110,0.076,0.813
562000,0.095,0.144,0.761
562500,0.076,0.116,0.807
563000,0.061,0.165,0.774
563500,0.076,0.144,0.780
564000,0.061,0.122,0.817
564500,0.092,0.104,0.804
565000,0.119,0.086,0.795
565500,0.110,0.058,0.832
566000,0.083,0.052,0.865
566500,0.098,0.125,0.777
567000,0.101,0.119,0.780
567500,0.113,0.101,0.786
568000,0.095,0.131,0.774
568500,0.122,0.080,0.798
569000,0.110,0.070,0.820
569500,0.073,0.076,0.850
570000,0.076,0.107,0.817
570500,0.070,0.089,0.841
571000,0.055,0.089,0.856
571500,0.089,0.067,0.844
572000,0.092,0.070,0.838
572500,0.043,0.064,0.893
573000,0.104,0.052,0.844
573500,0.095,0.061,0.844
574000,0.122,0.083,0.795
574500,0.076,0.104,0.820
575000,0.080,0.128,0.792
575500,0.052,0.131,0.817
576000,0.070,0.119,0.810
576500,0.070,0.101,0.829
577000,0.101,0.098,0.801
577500,0.037,0.107,0.856
578000,0.058,0.113,0.829
578500,0.052,0.113,0.835
579000,0.046,0.107,0.847
579500,0.049,0.070,0.881
580000,0.058,0.110,0.832
580500,0.095,0.104,0.801
581000,0.086,0.086,0.829
581500,0.119,0.098,0.783
582000,0.086,0.098,0.817
582500,0.107,0.067,0.826
583000,0.095,0.076,0.829
583500,0.131,0.116,0.752
584000,0.116,0.101,0.783
584500,0.101,0.101,0.798
585000,0.086,0.131,0.783
585500,0.107,0.089,0.804
586000,0.110,0.107,0.783
586500,0.080,0.104,0.817
587000,0.104,0.083,0.813
587500,0.116,0.104,0.780
588000,0.095,0.061,0.844
588500,0.098,0.083,0.820
589000,0.110,0.070,0.820
589500,0.076,0.095,0.829
590000,0.095,0.110,0.795
590500,0.092,0.107,0.801
591000,0.089,0.095,0.817
591500,0.122,0.080,0.798
592000,0.101,0.076,0.823
592500,0.086,0.058,0.856
593000,0.095,0.067,0.838
593500,0.119,0.083,0.798
594000,0.089,0.101,0.810
594500,0.080,0.113,0.807
595000,0.061,0.144,0.795
595500,0.067,0.128,0.804
596000,0.098,0.098,0.804
596500,0.098,0.067,0.835
597000,0.110,0.089,0.801
597500,0.113,0.104,0.783
598000,0.101,0.101,0.798
598500,0.095,0.107,0.798
599000,0.061,0.107,0.832
599500,0.061,0.113,0.826
600000,0.080,0.110,0.810
600500,0.067,0.113,0.820
601000,0.080,0.076,0.844
601500,0.113,0.107,0.780
602000,0.107,0.101,0.792
602500,0.138,0.092,0.771
603000,0.131,0.113,0.755
603500,0.122,0.092,0.786
604000,0.135,0.086,0.780
604500,0.125,0.070,0.804
605000,0.128,0.067,0.804
605500,0.113,0.086,0.801
606000,0.098,0.073,0.829
606500,0.092,0.080,0.829
607000,0.076,0.070,0.853
607500,0.116,0.086,0.798
608000,0.095,0.107,0.798
608500,0.080,0.104,0.817
609000,0.098,0.131,0.771
609500,0.092,0.095,0.813
610000,0.113,0.083,0.804
610500,0.159,0.067,0.774
611000,0.101,0.055,0.844
611500,0.110,0.083,0.807
612000,0.122,0.070,0.807
612500,0.138,0.083,0.780
613000,0.131,0.089,0.780
613500,0.135,0.092,0.774
614000,0.113,0.095,0.792
614500,0.098,0.147,0.755
615000,0.095,0.128,0.777
615500,0.070,0.147,0.783
616000,0.058,0.101,0.841
616500,0.031,0.128,0.841
617000,0.067,0.092,0.841
617500,0.107,0.101,0.792
618000,0.092,0.131,0.777
618500,0.104,0.086,0.810
619000,0.083,0.080,0.838
619500,0.147,0.049,0.804
620000,0.135,0.070,0.795
620500,0.104,0.107,0.789
621000,0.122,0.119,0.758
621500,0.119,0.098,0.783
622000,0.095,0.135,0.771
622500,0.119,0.122,0.758
623000,0.086,0.098,0.817
623500,0.080,0.128,0.792
624000,0.070,0.119,0.810
624500,0.076,0.104,0.820
625000,0.107,0.098,0.795
625500,0.131,0.043,0.826
626000,0.135,0.067,0.798
626500,0.086,0.073,0.841
627000,0.113,0.076,0.810
627500,0.076,0.101,0.823
628000,0.095,0.116,0.789
628500,0.070,0.095,0.835
629000,0.131,0.101,0.768
629500,0.076,0.095,0.829
630000,0.076,0.147,0.777
630500,0.080,0.113,0.807
631000,0.116,0.107,0.777
631500,0.107,0.070,0.823
632000,0.119,0.067,0.813
632500,0.110,0.098,0.792
633000,0.110,0.089,0.801
633500,0.098,0.055,0.847
634000,0.162,0.064,0.774
634500,0.153,0.064,0.783
635000,0.119,0.064,0.817
635500,0.119,0.061,0.820
636000,0.083,0.073,0.844
636500,0.086,0.089,0.826
637000,0.080,0.064,0.856
637500,0.113,0.104,0.783
638000,0.092,0.067,0.841
638500,0.104,0.080,0.817
639000,0.067,0.098,0.835
639500,0.080,0.125,0.795
640000,0.101,0.083,0.817
640500,0.104,0.064,0.832
641000,0.107,0.095,0.798
641500,0.113,0.086,0.801
642000,0.101,0.067,0.832
642500,0.095,0.098,0.807
643000,0.095,0.083,0.823
643500,0.159,0.076,0.765
644000,0.131,0.083,0.786
644500,0.104,0.080,0.817
645000,0.107,0.122,0.771
645500,0.122,0.101,0.777
646000,0.107,0.067,0.826
646500,0.141,0.061,0.798
647000,0.174,0.064,0.761
647500,0.122,0.086,0.792
648000,0.095,0.092,0.813
648500,0.116,0.073,0.810
649000,0.098,0.125,0.777
649500,0.092,0.104,0.804
650000,0.076,0.110,0.813
650500,0.046,0.153,0.801
651000,0.067,0.138,0.795
651500,0.052,0.147,0.801
652000,0.067,0.128,0.804
652500,0.104,0.092,0.804
653000,0.104,0.080,0.817
653500,0.131,0.080,0.789
654000,0.113,0.070,0.817
654500,0.144,0.061,0.795
655000,0.122,0.095,0.783
655500,0.122,0.107,0.771
656000,0.144,0.067,0.789
656500,0.162,0.080,0.758
657000,0.122,0.113,0.765
657500,0.122,0.095,0.783
658000,0.122,0.092,0.786
658500,0.113,0.089,0.798
659000,0.086,0.086,0.829
659500,0.076,0.101,0.823
660000,0.104,0.058,0.838
660500,0.064,0.107,0.829
661000,0.046,0.080,0.875
661500,0.073,0.131,0.795
662000,0.083,0.086,0.832
662500,0.095,0.119,0.786
663000,0.080,0.128,0.792
663500,0.058,0.119,0.823
664000,0.076,0.116,0.807
664500,0.080,0.101,0.820
665000,0.070,0.092,0.838
665500,0.089,0.119,0.792
666000,0.098,0.092,0.810
666500,0.141,0.076,0.783
667000,0.116,0.092,0.792
667500,0.098,0.128,0.774
668000,0.110,0.135,0.755
668500,0.135,0.101,0.765
669000,0.080,0.153,0.768
669500,0.107,0.131,0.761
670000,0.092,0.116,0.792
670500,0.128,0.089,0.783
671000,0.144,0.092,0.765
671500,0.086,0.125,0.789
672000,0.113,0.135,0.752
672500,0.122,0.147,0.731
673000,0.089,0.095,0.817
673500,0.086,0.107,0.807
674000,0.095,0.110,0.795
674500,0.080,0.070,0.850
675000,0.165,0.070,0.765
675500,0.116,0.058,0.826
676000,0.113,0.110,0.777
676500,0.113,0.070,0.817
677000,0.067,0.080,0.853
677500,0.086,0.052,0.862
678000,0.119,0.116,0.765
678500,0.110,0.104,0.786
679000,0.070,0.122,0.807
679500,0.080,0.107,0.813
680000,0.064,0.113,0.823
680500,0.101,0.098,0.801
681000,0.089,0.098,0.813
681500,0.061,0.128,0.810
682000,0.080,0.131,0.789
682500,0.092,0.089,0.820
683000,0.086,0.061,0.853
683500,0.086,0.138,0.777
684000,0.052,0.116,0.832
684500,0.064,0.153,0.783
685000,0.076,0.119,0.804
685500,0.046,0.095,0.859
686000,0.104,0.156,0.740
686500,0.116,0.107,0.777
687000,0.110,0.098,0.792
687500,0.104,0.098,0.798
688000,0.095,0.110,0.795
688500,0.073,0.098,0.829
689000,0.113,0.089,0.798
689500,0.086,0.113,0.801
690000,0.076,0.086,0.838
690500,0.058,0.110,0.832
691000,0.064,0.122,0.813
691500,0.101,0.119,0.780
692000,0.107,0.080,0.813
692500,0.083,0.086,0.832
693000,0.055,0.116,0.829
693500,0.067,0.165,0.768
694000,0.055,0.110,0.835
694500,0.055,0.055,0.890
695000,0.064,0.098,0.838
695500,0.125,0.113,0.761
696000,0.101,0.110,0.789
696500,0.110,0.116,0.774
697000,0.092,0.128,0.780
697500,0.083,0.131,0.786
698000,0.110,0.122,0.768
698500,0.086,0.092,0.823
699000,0.092,0.098,0.810
699500,0.092,0.131,0.777
700000,0.092,0.101,0.807
700500,0.055,0.147,0.798
701000,0.052,0.119,0.829
701500,0.076,0.110,0.813
702000,0.064,0.086,0.850
702500,0.058,0.092,0.850
703000,0.086,0.089,0.826
703500,0.061,0.107,0.832
704000,0.031,0.083,0.887
704500,0.064,0.104,0.832
705000,0.083,0.089,0.829
705500,0.122,0.086,0.792
706000,0.089,0.135,0.777
706500,0.089,0.116,0.795
707000,0.080,0.150,0.771
707500,0.089,0.125,0.786
708000,0.076,0.110,0.813
708500,0.083,0.092,0.826
709000,0.067,0.083,0.850
709500,0.101,0.073,0.826
710000,0.083,0.098,0.820
710500,0.076,0.107,0.817
711000,0.104,0.092,0.804
711500,0.064,0.110,0.826
712000,0.098,0.076,0.826
712500,0.104,0.083,0.813
713000,0.089,0.098,0.813
713500,0.064,0.113,0.823
714000,0.061,0.086,0.853
714500,0.125,0.095,0.780
715000,0.113,0.080,0.807
715500,0.083,0.089,0.829
716000,0.083,0.098,0.820
716500,0.080,0.080,0.841
717000,0.061,0.086,0.853
717500,0.067,0.122,0.810
718000,0.098,0.095,0.807
718500,0.070,0.083,0.847
719000,0.089,0.067,0.844
719500,0.095,0.067,0.838
720000,0.067,0.119,0.813
720500,0.089,0.116,0.795
721000,0.095,0.101,0.804
721500,0.083,0.101,0.817
722000,0.089,0.104,0.807
722500,0.128,0.076,0.795
723000,0.083,0.101,0.817
723500,0.098,0.092,0.810
724000,0.083,0.092,0.826
724500,0.098,0.104,0.798
725000,0.101,0.092,0.807
725500,0.080,0.070,0.850
726000,0.104,0.073,0.823
726500,0.107,0.089,0.804
727000,0.101,0.104,0.795
727500,0.076,0.116,0.807
728000,0.073,0.107,0.820
728500,0.080,0.101,0.820
729000,0.073,0.086,0.841
729500,0.144,0.104,0.752
730000,0.144,0.067,0.789
730500,0.095,0.083,0.823
731000,0.144,0.098,0.758
731500,0.095,0.107,0.798
732000,0.080,0.107,0.813
732500,0.116,0.125,0.758
733000,0.086,0.083,0.832
733500,0.076,0.113,0.810
734000,0.098,0.128,0.774
734500,0.122,0.098,0.780
735000,0.080,0.135,0.786
735500,0.076,0.128,0.795
736000,0.067,0.107,0.826
736500,0.076,0.135,0.789
737000,0.073,0.125,0.801
737500,0.061,0.119,0.820
738000,0.110,0.095,0.795
738500,0.138,0.110,0.752
739000,0.110,0.135,0.755
739500,0.092,0.162,0.746
740000,0.101,0.165,0.734
740500,0.092,0.119,0.789
741000,0.107,0.107,0.786
741500,0.110,0.064,0.826
742000,0.089,0.092,0.820
742500,0.083,0.092,0.826
743000,0.095,0.092,0.813
743500,0.064,0.095,0.841
744000,0.080,0.083,0.838
744500,0.110,0.119,0.771
745000,0.098,0.107,0.795
745500,0.128,0.116,0.755
746000,0.086,0.119,0.795
746500,0.107,0.116,0.777
747000,0.104,0.122,0.774
747500,0.055,0.131,0.813
748000,0.028,0.135,0.838
748500,0.070,0.147,0.783
749000,0.049,0.153,0.798
749500,0.061,0.135,0.804
750000,0.080,0.144,0.777
750500,0.125,0.165,0.709
751000,0.104,0.122,0.774
751500,0.131,0.095,0.774
752000,0.141,0.067,0.792
752500,0.104,0.061,0.835
753000,0.107,0.070,0.823
753500,0.104,0.061,0.835
754000,0.104,0.070,0.826
754500,0.113,0.064,0.823
755000,0.119,0.052,0.829
755500,0.110,0.095,0.795
756000,0.080,0.101,0.820
756500,0.080,0.107,0.813
757000,0.089,0.098,0.813
757500,0.080,0.104,0.817
758000,0.080,0.098,0.823
758500,0.067,0.101,0.832
759000,0.089,0.076,0.835
759500,0.110,0.064,0.826
760000,0.128,0.080,0.792
760500,0.089,0.080,0.832
761000,0.067,0.089,0.844
761500,0.070,0.098,0.832
762000,0.113,0.098,0.789
762500,0.107,0.110,0.783
763000,0.098,0.092,0.810
763500,0.092,0.101,0.807
764000,0.070,0.107,0.823
764500,0.110,0.107,0.783
765000,0.104,0.098,0.798
765500,0.092,0.116,0.792
766000,0.104,0.052,0.844
766500,0.135,0.067,0.798
767000,0.110,0.083,0.807
767500,0.119,0.101,0.780
768000,0.113,0.070,0.817
768500,0.089,0.073,0.838
769000,0.092,0.076,0.832
769500,0.086,0.113,0.801
770000,0.089,0.098,0.813
770500,0.101,0.104,0.795
771000,0.125,0.119,0.755
771500,0.092,0.131,0.777
772000,0.110,0.119,0.771
772500,0.116,0.125,0.758
773000,0.095,0.119,0.786
773500,0.101,0.153,0.746
774000,0.086,0.095,0.820
774500,0.086,0.089,0.826
775000,0.122,0.052,0.826
775500,0.061,0.141,0.798
776000,0.076,0.098,0.826
776500,0.083,0.119,0.798
777000,0.070,0.119,0.810
777500,0.064,0.128,0.807
778000,0.067,0.131,0.801
778500,0.086,0.116,0.798
779000,0.107,0.083,0.810
779500,0.122,0.073,0.804
780000,0.086,0.067,0.847
780500,0.052,0.104,0.844
781000,0.083,0.083,0.835
781500,0.083,0.083,0.835
782000,0.064,0.086,0.850
782500,0.080,0.122,0.798
783000,0.089,0.116,0.795
783500,0.080,0.092,0.829
784000,0.092,0.104,0.804
784500,0.055,0.147,0.798
785000,0.070,0.116,0.813
785500,0.070,0.104,0.826
786000,0.067,0.116,0.817
786500,0.055,0.101,0.844
787000,0.076,0.101,0.823
787500,0.104,0.076,0.820
788000,0.061,0.095,0.844
788500,0.076,0.116,0.807
789000,0.116,0.144,0.740
789500,0.080,0.116,0.804
790000,0.098,0.092,0.810
790500,0.110,0.086,0.804
791000,0.076,0.086,0.838
791500,0.061,0.076,0.862
792000,0.070,0.092,0.838
792500,0.095,0.095,0.810
793000,0.135,0.076,0.789
793500,0.073,0.101,0.826
794000,0.070,0.086,0.844
794500,0.080,0.110,0.810
795000,0.067,0.076,0.856
795500,0.104,0.049,0.847
796000,0.089,0.080,0.832
796500,0.070,0.107,0.823
797000,0.086,0.076,0.838
797500,0.076,0.116,0.807
798000,0.076,0.125,0.798
798500,0.107,0.104,0.789
799000,0.110,0.064,0.826
799500,0.107,0.083,0.810
800000,0.067,0.144,0.789
800500,0.110,0.122,0.768
801000,0.135,0.104,0.761
801500,0.113,0.113,0.774
802000,0.092,0.125,0.783
802500,0.064,0.107,0.829
803000,0.101,0.070,0.829
803500,0.107,0.070,0.823
804000,0.058,0.083,0.859
804500,0.086,0.076,0.838
805000,0.080,0.098,0.823
805500,0.067,0.125,0.807
806000,0.073,0.080,0.847
806500,0.101,0.067,0.832
807000,0.095,0.064,0.841
807500,0.119,0.104,0.777
808000,0.083,0.086,0.832
808500,0.122,0.104,0.774
809000,0.119,0.064,0.817
809500,0.119,0.073,0.807
810000,0.119,0.058,0.823
810500,0.125,0.089,0.786
811000,0.055,0.104,0.841
811500,0.107,0.144,0.749
812000,0.083,0.083,0.835
812500,0.122,0.067,0.810
813000,0.080,0.128,0.792
813500,0.086,0.073,0.841
814000,0.098,0.101,0.801
814500,0.128,0.104,0.768
815000,0.067,0.089,0.844
815500,0.073,0.073,0.853
816000,0.061,0.083,0.856
816500,0.083,0.098,0.820
817000,0.070,0.064,0.865
817500,0.076,0.125,0.798
818000,0.080,0.131,0.789
818500,0.101,0.110,0.789
819000,0.070,0.092,0.838
819500,0.040,0.076,0.884
820000,0.073,0.073,0.853
820500,0.089,0.098,0.813
821000,0.070,0.083,0.847
821500,0.110,0.083,0.807
822000,0.086,0.116,0.798
822500,0.080,0.095,0.826
823000,0.070,0.131,0.798
823500,0.083,0.098,0.820
824000,0.061,0.092,0.847
824500,0.073,0.104,0.823
825000,0.098,0.070,0.832
825500,0.080,0.119,0.801
826000,0.061,0.095,0.844
826500,0.067,0.089,0.844
827000,0.095,0.064,0.841
827500,0.107,0.055,0.838
828000,0.122,0.116,0.761
828500,0.089,0.131,0.780
829000,0.107,0.113,0.780
829500,0.165,0.095,0.740
830000,0.144,0.128,0.728
830500,0.089,0.131,0.780
831000,0.080,0.128,0.792
831500,0.104,0.110,0.786
832000,0.076,0.116,0.807
832500,0.052,0.110,0.838
833000,0.089,0.122,0.789
833500,0.113,0.113,0.774
834000,0.083,0.101,0.817
834500,0.165,0.058,0.777
835000,0.150,0.073,0.777
835500,0.150,0.052,0.798
836000,0.135,0.061,0.804
836500,0.128,0.064,0.807
837000,0.073,0.070,0.856
837500,0.107,0.113,0.780
838000,0.104,0.122,0.774
838500,0.113,0.110,0.777
839000,0.144,0.125,0.731
839500,0.135,0.083,0.783
840000,0.089,0.125,0.786
840500,0.119,0.116,0.765
841000,0.101,0.138,0.761
841500,0.135,0.089,0.777
842000,0.073,0.083,0.844
842500,0.092,0.076,0.832
843000,0.116,0.067,0.817
843500,0.101,0.089,0.810
844000,0.138,0.067,0.795
844500,0.104,0.046,0.850
845000,0.116,0.098,0.786
845500,0.110,0.098,0.792
846000,0.107,0.083,0.810
846500,0.153,0.086,0.761
847000,0.135,0.058,0.807
847500,0.110,0.076,0.813
848000,0.089,0.144,0.768
848500,0.073,0.153,0.774
849000,0.058,0.147,0.795
849500,0.119,0.116,0.765
850000,0.092,0.107,0.801
850500,0.086,0.086,0.829
851000,0.058,0.113,0.829
851500,0.083,0.098,0.820
852000,0.070,0.086,0.844
852500,0.073,0.076,0.850
853000,0.104,0.125,0.771
853500,0.086,0.104,0.810
854000,0.052,0.095,0.853
854500,0.076,0.147,0.777
855000,0.076,0.086,0.838
855500,0.104,0.076,0.820
856000,0.089,0.073,0.838
856500,0.110,0.076,0.813
857000,0.150,0.046,0.804
857500,0.107,0.095,0.798
858000,0.110,0.110,0.780
858500,0.095,0.080,0.826
859000,0.101,0.080,0.820
859500,0.070,0.098,0.832
860000,0.046,0.125,0.829
860500,0.070,0.101,0.829
861000,0.104,0.083,0.813
861500,0.064,0.086,0.850
862000,0.080,0.098,0.823
862500,0.113,0.076,0.810
863000,0.080,0.092,0.829
863500,0.086,0.107,0.807
864000,0.095,0.092,0.813
864500,0.086,0.089,0.826
865000,0.080,0.083,0.838
865500,0.064,0.092,0.844
866000,0.080,0.098,0.823
866500,0.095,0.095,0.810
867000,0.098,0.098,0.804
867500,0.080,0.098,0.823
868000,0.064,0.128,0.807
868500,0.089,0.076,0.835
869000,0.073,0.083,0.844
869500,0.070,0.131,0.798
870000,0.080,0.098,0.823
870500,0.055,0.095,0.850
871000,0.076,0.083,0.841
871500,0.113,0.104,0.783
872000,0.138,0.135,0.728
872500,0.168,0.083,0.749
873000,0.159,0.098,0.743
873500,0.138,0.061,0.801
874000,0.116,0.086,0.798
874500,0.086,0.095,0.820
875000,0.095,0.119,0.786
875500,0.113,0.101,0.786
876000,0.135,0.092,0.774
876500,0.131,0.058,0.810
877000,0.141,0.076,0.783
877500,0.135,0.055,0.810
878000,0.104,0.055,0.841
878500,0.119,0.076,0.804
879000,0.128,0.049,0.823
879500,0.119,0.095,0.786
880000,0.119,0.107,0.774
880500,0.092,0.113,0.795
881000,0.098,0.101,0.801
881500,0.098,0.086,0.817
882000,0.098,0.073,0.829
882500,0.092,0.058,0.850
883000,0.098,0.064,0.838
883500,0.101,0.098,0.801
884000,0.107,0.113,0.780
884500,0.104,0.098,0.798
885000,0.098,0.080,0.823
885500,0.086,0.086,0.829
886000,0.131,0.076,0.792
886500,0.135,0.067,0.798
887000,0.125,0.101,0.774
887500,0.110,0.110,0.780
888000,0.119,0.104,0.777
888500,0.095,0.101,0.804
889000,0.107,0.080,0.813
889500,0.113,0.076,0.810
890000,0.083,0.089,0.829
890500,0.089,0.095,0.817
891000,0.095,0.098,0.807
891500,0.089,0.107,0.804
892000,0.086,0.080,0.835
892500,0.070,0.104,0.826
893000,0.070,0.073,0.856
893500,0.061,0.086,0.853
894000,0.067,0.104,0.829
894500,0.058,0.067,0.875
895000,0.086,0.089,0.826
895500,0.122,0.073,0.804
896000,0.144,0.049,0.807
896500,0.080,0.073,0.847
897000,0.101,0.089,0.810
897500,0.125,0.083,0.792
898000,0.135,0.128,0.737
898500,0.107,0.092,0.801
899000,0.092,0.055,0.853
899500,0.083,0.131,0.786
900000,0.089,0.098,0.813
900500,0.076,0.098,0.826
901000,0.031,0.110,0.859
901500,0.083,0.107,0.810
902000,0.107,0.119,0.774
902500,0.101,0.116,0.783
903000,0.089,0.116,0.795
903500,0.098,0.086,0.817
904000,0.101,0.095,0.804
904500,0.107,0.104,0.789
905000,0.098,0.131,0.771
905500,0.092,0.083,0.826
906000,0.067,0.110,0.823
906500,0.067,0.073,0.859
907000,0.076,0.098,0.826
907500,0.083,0.131,0.786
908000,0.116,0.125,0.758
908500,0.113,0.128,0.758
909000,0.083,0.168,0.749
909500,0.080,0.116,0.804
910000,0.092,0.113,0.795
910500,0.128,0.083,0.789
911000,0.131,0.076,0.792
911500,0.113,0.092,0.795
912000,0.119,0.086,0.795
912500,0.119,0.067,0.813
913000,0.113,0.073,0.813
913500,0.095,0.119,0.786
914000,0.095,0.128,0.777
914500,0.043,0.113,0.844
915000,0.067,0.128,0.804
915500,0.110,0.092,0.798
916000,0.076,0.144,0.780
916500,0.116,0.128,0.755
917000,0.116,0.104,0.780
917500,0.107,0.104,0.789
918000,0.083,0.098,0.820
918500,0.095,0.110,0.795
919000,0.095,0.083,0.823
919500,0.107,0.107,0.786
920000,0.086,0.131,0.783
920500,0.058,0.107,0.835
921000,0.098,0.098,0.804
921500,0.073,0.058,0.869
922000,0.086,0.076,0.838
922500,0.101,0.086,0.813
923000,0.098,0.122,0.780
923500,0.098,0.113,0.789
924000,0.098,0.092,0.810
924500,0.095,0.101,0.804
925000,0.104,0.076,0.820
925500,0.101,0.095,0.804
926000,0.095,0.083,0.823
926500,0.153,0.141,0.706
927000,0.116,0.101,0.783
927500,0.089,0.128,0.783
928000,0.116,0.116,0.768
928500,0.095,0.119,0.786
929000,0.101,0.125,0.774
929500,0.095,0.122,0.783
930000,0.089,0.095,0.817
930500,0.089,0.104,0.807
931000,0.070,0.104,0.826
931500,0.064,0.156,0.780
932000,0.086,0.135,0.780
932500,0.092,0.138,0.771
933000,0.098,0.101,0.801
933500,0.076,0.110,0.813
934000,0.058,0.116,0.826
934500,0.076,0.174,0.749
935000,0.104,0.125,0.771
935500,0.089,0.101,0.810
936000,0.089,0.110,0.801
936500,0.064,0.061,0.875
937000,0.095,0.098,0.807
937500,0.092,0.098,0.810
938000,0.070,0.073,0.856
938500,0.144,0.101,0.755
939000,0.122,0.070,0.807
939500,0.107,0.064,0.829
940000,0.101,0.138,0.761
940500,0.064,0.095,0.841
941000,0.073,0.107,0.820
941500,0.095,0.080,0.826
942000,0.086,0.110,0.804
942500,0.098,0.141,0.761
943000,0.104,0.138,0.758
943500,0.076,0.131,0.792
944000,0.092,0.116,0.792
944500,0.119,0.086,0.795
945000,0.092,0.089,0.820
945500,0.131,0.107,0.761
946000,0.119,0.150,0.731
946500,0.083,0.122,0.795
947000,0.080,0.159,0.761
947500,0.064,0.159,0.777
948000,0.092,0.156,0.752
948500,0.073,0.107,0.820
949000,0.067,0.113,0.820
949500,0.110,0.113,0.777
950000,0.135,0.101,0.765
950500,0.147,0.101,0.752
951000,0.104,0.110,0.786
951500,0.122,0.086,0.792
952000,0.125,0.076,0.798
952500,0.113,0.083,0.804
953000,0.095,0.098,0.807
953500,0.125,0.076,0.798
954000,0.104,0.067,0.829
954500,0.128,0.080,0.792
955000,0.104,0.080,0.817
955500,0.156,0.119,0.725
956000,0.128,0.055,0.817
956500,0.101,0.052,0.847
957000,0.055,0.076,0.869
957500,0.040,0.135,0.826
958000,0.092,0.080,0.829
958500,0.076,0.147,0.777
959000,0.101,0.116,0.783
959500,0.089,0.080,0.832
960000,0.089,0.098,0.813
960500,0.089,0.095,0.817
961000,0.119,0.080,0.801
961500,0.095,0.113,0.792
962000,0.107,0.098,0.795
962500,0.067,0.131,0.801
963000,0.073,0.153,0.774
963500,0.073,0.101,0.826
964000,0.067,0.104,0.829
964500,0.101,0.101,0.798
965000,0.110,0.095,0.795
965500,0.107,0.098,0.795
966000,0.144,0.113,0.743
966500,0.095,0.135,0.771
967000,0.107,0.095,0.798
967500,0.107,0.104,0.789
968000,0.125,0.098,0.777
968500,0.122,0.098,0.780
969000,0.104,0.083,0.813
969500,0.101,0.083,0.817
970000,0.122,0.070,0.807
970500,0.119,0.095,0.786
971000,0.131,0.110,0.758
971500,0.113,0.083,0.804
972000,0.156,0.092,0.752
972500,0.107,0.067,0.826
973000,0.092,0.083,0.826
973500,0.113,0.070,0.817
974000,0.101,0.086,0.813
974500,0.110,0.061,0.829
975000,0.086,0.086,0.829
975500,0.080,0.095,0.826
976000,0.055,0.073,0.872
976500,0.055,0.095,0.850
977000,0.113,0.064,0.823
977500,0.070,0.107,0.823
978000,0.080,0.101,0.820
978500,0.086,0.076,0.838
979000,0.076,0.086,0.838
979500,0.095,0.086,0.820
980000,0.080,0.095,0.826
980500,0.095,0.128,0.777
981000,0.092,0.098,0.810
981500,0.055,0.116,0.829
982000,0.095,0.107,0.798
982500,0.080,0.067,0.853
983000,0.119,0.076,0.804
983500,0.131,0.067,0.801
984000,0.107,0.083,0.810
984500,0.119,0.076,0.804
985000,0.107,0.080,0.813
985500,0.061,0.122,0.817
986000,0.101,0.070,0.829
986500,0.070,0.083,0.847
987000,0.086,0.119,0.795
987500,0.092,0.122,0.786
988000,0.101,0.089,0.810
988500,0.076,0.083,0.841
989000,0.089,0.107,0.804
989500,0.064,0.101,0.835
990000,0.089,0.110,0.801
990500,0.101,0.131,0.768
991000,0.092,0.070,0.838
991500,0.162,0.076,0.761
992000,0.183,0.086,0.731
992500,0.144,0.107,0.749
993000,0.086,0.089,0.826
993500,0.113,0.089,0.798
994000,0.086,0.110,0.804
994500,0.073,0.083,0.844
995000,0.122,0.083,0.795
995500,0.101,0.098,0.801
996000,0.107,0.089,0.804
996500,0.119,0.073,0.807
997000,0.116,0.080,0.804
997500,0.113,0.080,0.807
998000,0.113,0.083,0.804
998500,0.138,0.064,0.798
999000,0.165,0.061,0.774
999500,0.159,0.076,0.765
1000000,0.113,0.073,0.813
