time,n_A+p,n_B,n_AB
500,0.080,0.319,0.601
1000,0.082,0.199,0.719
1500,0.134,0.093,0.773
2000,0.274,0.028,0.698
2500,0.538,0.001,0.461
3000,0.629,0.000,0.371
3500,0.794,0.000,0.206
4000,0.851,0.000,0.149
4500,0.970,0.000,0.030
5000,0.927,0.000,0.073
5500,0.929,0.000,0.071
6000,0.953,0.000,0.047
6500,0.898,0.000,0.102
7000,0.954,0.000,0.046
7500,0.941,0.000,0.059
8000,0.860,0.000,0.140
8500,0.937,0.000,0.063
9000,0.957,0.000,0.043
9500,0.977,0.000,0.023
10000,0.967,0.000,0.033
10500,0.963,0.000,0.037
11000,0.988,0.000,0.012
11500,0.984,0.000,0.016
12000,0.964,0.000,0.036
12500,0.943,0.000,0.057
13000,0.978,0.000,0.022
13500,0.972,0.000,0.028
14000,0.978,0.000,0.022
14500,0.958,0.000,0.042
15000,0.872,0.000,0.128
15500,0.762,0.000,0.238
16000,0.764,0.000,0.236
16500,0.734,0.000,0.266
17000,0.864,0.000,0.136
17500,0.918,0.000,0.082
18000,0.936,0.000,0.064
18500,0.820,0.000,0.180
19000,0.769,0.000,0.231
19500,0.827,0.000,0.173
20000,0.876,0.000,0.124
20500,0.844,0.000,0.156
21000,0.894,0.000,0.106
21500,0.900,0.000,0.100
22000,0.940,0.000,0.060
22500,0.899,0.000,0.101
23000,0.961,0.000,0.039
23500,0.927,0.000,0.073
24000,0.947,0.000,0.053
24500,0.921,0.000,0.079
25000,0.932,0.000,0.068
25500,0.872,0.000,0.128
26000,0.878,0.000,0.122
26500,0.910,0.000,0.090
27000,0.790,0.000,0.210
27500,0.781,0.000,0.219
28000,0.721,0.000,0.279
28500,0.745,0.000,0.255
29000,0.760,0.000,0.240
29500,0.789,0.000,0.211
30000,0.677,0.000,0.323
30500,0.764,0.000,0.236
31000,0.739,0.000,0.261
31500,0.762,0.000,0.238
32000,0.890,0.000,0.110
32500,0.876,0.000,0.124
33000,0.804,0.000,0.196
33500,0.795,0.000,0.205
34000,0.806,0.000,0.194
34500,0.754,0.000,0.246
35000,0.706,0.000,0.294
35500,0.603,0.000,0.397
36000,0.737,0.000,0.263
36500,0.662,0.000,0.338
37000,0.769,0.000,0.231
37500,0.829,0.000,0.171
38000,0.858,0.000,0.142
38500,0.771,0.000,0.229
39000,0.771,0.000,0.229
39500,0.863,0.000,0.137
40000,0.913,0.000,0.087
40500,0.924,0.000,0.076
41000,0.855,0.000,0.145
41500,0.880,0.000,0.120
42000,0.763,0.000,0.237
42500,0.763,0.000,0.237
43000,0.813,0.000,0.187
43500,0.749,0.000,0.251
44000,0.761,0.000,0.239
44500,0.783,0.000,0.217
45000,0.842,0.000,0.158
45500,0.871,0.000,0.129
46000,0.855,0.000,0.145
46500,0.864,0.000,0.136
47000,0.747,0.000,0.253
47500,0.834,0.000,0.166
48000,0.926,0.000,0.074
48500,0.978,0.000,0.022
49000,0.963,0.000,0.037
49500,0.914,0.000,0.086
50000,0.808,0.000,0.192
50500,0.832,0.000,0.168
51000,0.926,0.000,0.074
51500,0.967,0.000,0.033
52000,0.963,0.000,0.037
52500,0.925,0.000,0.075
53000,0.877,0.000,0.123
53500,0.929,0.000,0.071
54000,0.967,0.000,0.033
54500,0.976,0.000,0.024
55000,0.924,0.000,0.076
55500,0.776,0.000,0.224
56000,0.692,0.000,0.308
56500,0.686,0.000,0.314
57000,0.661,0.000,0.339
57500,0.604,0.000,0.396
58000,0.725,0.000,0.275
58500,0.631,0.000,0.369
59000,0.805,0.000,0.195
59500,0.848,0.000,0.152
60000,0.792,0.000,0.208
60500,0.698,0.000,0.302
61000,0.818,0.000,0.182
61500,0.671,0.000,0.329
62000,0.649,0.000,0.351
62500,0.696,0.000,0.304
63000,0.733,0.000,0.267
63500,0.883,0.000,0.117
64000,0.867,0.000,0.133
64500,0.944,0.000,0.056
65000,0.937,0.000,0.063
65500,0.898,0.000,0.102
66000,0.913,0.000,0.087
66500,0.874,0.000,0.126
67000,0.928,0.000,0.072
67500,0.922,0.000,0.078
68000,0.881,0.000,0.119
68500,0.745,0.000,0.255
69000,0.720,0.000,0.280
69500,0.710,0.000,0.290
70000,0.864,0.000,0.136
70500,0.906,0.000,0.094
71000,0.880,0.000,0.120
71500,0.948,0.000,0.052
72000,0.964,0.000,0.036
72500,0.893,0.000,0.107
73000,0.891,0.000,0.109
73500,0.842,0.000,0.158
74000,0.841,0.000,0.159
74500,0.741,0.000,0.259
75000,0.756,0.000,0.244
75500,0.749,0.000,0.251
76000,0.779,0.000,0.221
76500,0.818,0.000,0.182
77000,0.860,0.000,0.140
77500,0.630,0.000,0.370
78000,0.763,0.000,0.237
78500,0.860,0.000,0.140
79000,0.752,0.000,0.248
79500,0.845,0.000,0.155
80000,0.858,0.000,0.142
80500,0.902,0.000,0.098
81000,0.946,0.000,0.054
81500,0.970,0.000,0.030
82000,0.951,0.000,0.049
82500,0.967,0.000,0.033
83000,0.974,0.000,0.026
83500,0.972,0.000,0.028
84000,0.985,0.000,0.015
84500,0.939,0.000,0.061
85000,0.964,0.000,0.036
85500,0.996,0.000,0.004
86000,0.993,0.000,0.007
86500,1.000,0.000,0.000
