time,n_A+p,n_B,n_AB
500,0.050,0.853,0.097
1000,0.050,0.799,0.151
1500,0.050,0.741,0.209
2000,0.050,0.611,0.339
2500,0.050,0.520,0.430
3000,0.050,0.494,0.455
3500,0.052,0.428,0.519
4000,0.051,0.441,0.509
4500,0.051,0.500,0.450
5000,0.050,0.450,0.500
5500,0.050,0.447,0.503
6000,0.050,0.444,0.506
6500,0.051,0.433,0.515
7000,0.050,0.438,0.512
7500,0.050,0.441,0.509
8000,0.050,0.413,0.536
8500,0.054,0.383,0.563
9000,0.051,0.368,0.581
9500,0.057,0.415,0.528
10000,0.054,0.402,0.544
10500,0.058,0.366,0.577
11000,0.058,0.404,0.538
11500,0.052,0.384,0.565
12000,0.059,0.389,0.552
12500,0.054,0.412,0.533
13000,0.051,0.394,0.554
13500,0.051,0.415,0.533
14000,0.053,0.436,0.510
14500,0.054,0.436,0.510
15000,0.059,0.428,0.514
15500,0.053,0.406,0.541
16000,0.051,0.397,0.552
16500,0.050,0.409,0.540
17000,0.065,0.314,0.622
17500,0.075,0.342,0.584
18000,0.063,0.321,0.616
18500,0.060,0.395,0.544
19000,0.058,0.361,0.581
19500,0.051,0.423,0.526
20000,0.053,0.401,0.546
20500,0.050,0.479,0.470
21000,0.053,0.455,0.492
21500,0.051,0.435,0.514
22000,0.057,0.415,0.527
22500,0.055,0.358,0.587
23000,0.054,0.365,0.581
23500,0.055,0.393,0.552
24000,0.051,0.377,0.572
24500,0.060,0.314,0.626
25000,0.060,0.342,0.597
25500,0.073,0.318,0.609
26000,0.059,0.329,0.612
26500,0.058,0.392,0.550
27000,0.059,0.382,0.559
27500,0.067,0.367,0.566
28000,0.060,0.362,0.578
28500,0.064,0.348,0.589
29000,0.059,0.402,0.538
29500,0.069,0.383,0.548
30000,0.062,0.384,0.554
30500,0.059,0.355,0.585
31000,0.059,0.370,0.571
31500,0.071,0.314,0.615
32000,0.069,0.298,0.633
32500,0.072,0.263,0.665
33000,0.081,0.251,0.668
33500,0.091,0.223,0.685
34000,0.132,0.175,0.693
34500,0.147,0.182,0.671
35000,0.190,0.132,0.678
35500,0.268,0.083,0.649
36000,0.382,0.024,0.595
36500,0.547,0.009,0.444
37000,0.610,0.002,0.389
37500,0.693,0.001,0.307
38000,0.788,0.000,0.212
38500,0.863,0.000,0.137
39000,0.879,0.000,0.121
39500,0.878,0.000,0.122
40000,0.912,0.000,0.088
40500,0.896,0.000,0.104
41000,0.926,0.000,0.074
41500,0.958,0.000,0.042
42000,0.955,0.000,0.045
42500,0.958,0.000,0.042
43000,0.965,0.000,0.035
43500,0.969,0.000,0.031
44000,0.968,0.000,0.032
44500,0.963,0.000,0.037
45000,0.978,0.000,0.022
45500,0.987,0.000,0.013
46000,0.985,0.000,0.015
46500,0.978,0.000,0.022
47000,0.986,0.000,0.014
47500,0.996,0.000,0.004
48000,1.000,0.000,0.000
48500,1.000,0.000,0.000
