time,n_A+p,n_B,n_AB
500,0.080,0.842,0.078
1000,0.080,0.778,0.142
1500,0.080,0.712,0.208
2000,0.080,0.707,0.213
2500,0.082,0.658,0.260
3000,0.081,0.620,0.300
3500,0.082,0.599,0.320
4000,0.082,0.603,0.316
4500,0.086,0.593,0.321
5000,0.088,0.551,0.361
5500,0.084,0.535,0.381
6000,0.092,0.518,0.390
6500,0.096,0.513,0.391
7000,0.095,0.487,0.418
7500,0.105,0.488,0.406
8000,0.103,0.480,0.417
8500,0.098,0.471,0.431
9000,0.109,0.439,0.452
9500,0.116,0.438,0.446
10000,0.112,0.420,0.468
10500,0.133,0.409,0.458
11000,0.129,0.370,0.500
11500,0.147,0.344,0.509
12000,0.143,0.369,0.487
12500,0.129,0.359,0.512
13000,0.136,0.394,0.471
13500,0.145,0.377,0.478
14000,0.127,0.370,0.503
14500,0.136,0.345,0.518
15000,0.147,0.346,0.507
15500,0.146,0.366,0.488
16000,0.158,0.346,0.496
16500,0.158,0.326,0.516
17000,0.172,0.311,0.517
17500,0.161,0.294,0.545
18000,0.175,0.285,0.539
18500,0.183,0.275,0.541
19000,0.191,0.256,0.554
19500,0.228,0.222,0.550
20000,0.262,0.197,0.541
20500,0.275,0.187,0.538
21000,0.299,0.165,0.536
21500,0.349,0.122,0.529
22000,0.426,0.090,0.484
22500,0.475,0.059,0.466
23000,0.562,0.037,0.401
23500,0.654,0.020,0.326
24000,0.721,0.007,0.272
24500,0.788,0.005,0.207
25000,0.830,0.002,0.168
25500,0.864,0.001,0.135
26000,0.899,0.001,0.100
26500,0.901,0.000,0.099
27000,0.930,0.000,0.070
27500,0.952,0.000,0.048
28000,0.974,0.000,0.026
28500,0.979,0.000,0.021
29000,0.987,0.000,0.013
29500,0.994,0.000,0.006
30000,0.994,0.000,0.006
30500,0.997,0.000,0.003
31000,0.997,0.000,0.003
31500,0.999,0.000,0.001
32000,1.000,0.000,0.000
32500,1.000,0.000,0.000
33000,1.000,0.000,0.000
33500,1.000,0.000,0.000
34000,0.998,0.000,0.002
34500,1.000,0.000,0.000
35000,1.000,0.000,0.000
35500,1.000,0.000,0.000
36000,1.000,0.000,0.000
36500,1.000,0.000,0.000
