time,n_A+p,n_B,n_AB
0,0.449,0.551,0.000
500,0.300,0.392,0.308
1000,0.263,0.347,0.390
1500,0.270,0.300,0.429
2000,0.345,0.278,0.377
2500,0.293,0.251,0.457
3000,0.261,0.246,0.494
3500,0.305,0.290,0.404
4000,0.283,0.318,0.400
4500,0.228,0.362,0.409
5000,0.218,0.330,0.452
5500,0.176,0.347,0.476
6000,0.194,0.377,0.429
6500,0.203,0.308,0.489
7000,0.221,0.360,0.419
7500,0.181,0.400,0.419
8000,0.139,0.427,0.434
8500,0.122,0.491,0.387
9000,0.132,0.516,0.352
9500,0.124,0.526,0.350
10000,0.149,0.474,0.377
10500,0.104,0.484,0.412
11000,0.082,0.521,0.397
11500,0.074,0.514,0.412
12000,0.097,0.521,0.382
12500,0.072,0.578,0.350
13000,0.092,0.504,0.404
13500,0.099,0.471,0.429
14000,0.089,0.556,0.355
14500,0.052,0.531,0.417
15000,0.069,0.553,0.377
15500,0.062,0.633,0.305
16000,0.065,0.603,0.333
16500,0.077,0.578,0.345
17000,0.050,0.591,0.360
17500,0.040,0.620,0.340
18000,0.060,0.633,0.308
18500,0.060,0.605,0.335
19000,0.074,0.588,0.337
19500,0.062,0.603,0.335
20000,0.037,0.645,0.318
20500,0.032,0.680,0.288
21000,0.037,0.742,0.221
21500,0.017,0.764,0.218
22000,0.007,0.829,0.164
22500,0.015,0.854,0.132
23000,0.017,0.797,0.186
23500,0.020,0.809,0.171
24000,0.020,0.814,0.166
24500,0.010,0.819,0.171
25000,0.010,0.829,0.161
25500,0.012,0.881,0.107
26000,0.007,0.881,0.112
26500,0.012,0.873,0.114
27000,0.007,0.891,0.102
27500,0.005,0.901,0.094
28000,0.005,0.926,0.069
28500,0.002,0.948,0.050
29000,0.002,0.960,0.037
29500,0.000,0.963,0.037
30000,0.000,0.978,0.022
30500,0.000,0.980,0.020
31000,0.000,0.985,0.015
31500,0.000,0.980,0.020
32000,0.000,0.975,0.025
32500,0.000,0.973,0.027
33000,0.000,0.978,0.022
33500,0.000,0.978,0.022
34000,0.000,0.940,0.060
34500,0.005,0.940,0.055
35000,0.012,0.921,0.067
35500,0.005,0.918,0.077
36000,0.002,0.911,0.087
36500,0.000,0.928,0.072
37000,0.002,0.918,0.079
37500,0.000,0.931,0.069
38000,0.000,0.935,0.065
38500,0.000,0.958,0.042
39000,0.000,0.970,0.030
39500,0.000,0.978,0.022
40000,0.000,0.983,0.017
40500,0.000,0.990,0.010
41000,0.000,0.988,0.012
41500,0.000,0.990,0.010
42000,0.000,0.995,0.005
42500,0.000,0.993,0.007
43000,0.000,0.995,0.005
43500,0.000,0.995,0.005
44000,0.000,1.000,0.000
