time,n_A+p,n_B,n_AB
500,0.080,0.701,0.220
1000,0.080,0.410,0.510
1500,0.080,0.271,0.649
2000,0.085,0.184,0.732
2500,0.133,0.140,0.728
3000,0.223,0.045,0.732
3500,0.433,0.008,0.559
4000,0.506,0.001,0.493
4500,0.589,0.000,0.411
5000,0.640,0.000,0.360
5500,0.711,0.000,0.289
6000,0.765,0.000,0.235
6500,0.822,0.000,0.178
7000,0.770,0.000,0.230
7500,0.783,0.000,0.217
8000,0.799,0.000,0.201
8500,0.820,0.000,0.180
9000,0.842,0.000,0.158
9500,0.863,0.000,0.137
10000,0.869,0.000,0.131
10500,0.881,0.000,0.119
11000,0.926,0.000,0.074
11500,0.905,0.000,0.095
12000,0.850,0.000,0.150
12500,0.847,0.000,0.153
13000,0.851,0.000,0.149
13500,0.889,0.000,0.111
14000,0.897,0.000,0.103
14500,0.931,0.000,0.069
15000,0.917,0.000,0.083
15500,0.940,0.000,0.060
16000,0.964,0.000,0.036
16500,0.958,0.000,0.042
17000,0.959,0.000,0.041
17500,0.987,0.000,0.013
18000,0.997,0.000,0.003
18500,0.996,0.000,0.004
19000,0.999,0.000,0.001
19500,1.000,0.000,0.000
