time,n_A+p,n_B,n_AB
100,0.355,0.446,0.198
200,0.302,0.364,0.335
300,0.310,0.310,0.380
400,0.273,0.302,0.426
500,0.314,0.260,0.426
600,0.310,0.227,0.463
700,0.339,0.198,0.463
800,0.335,0.174,0.492
900,0.298,0.174,0.529
1000,0.339,0.178,0.483
1100,0.355,0.207,0.438
1200,0.405,0.202,0.393
1300,0.339,0.223,0.438
1400,0.339,0.190,0.471
1500,0.293,0.207,0.500
1600,0.339,0.223,0.438
1700,0.331,0.215,0.455
1800,0.289,0.223,0.488
1900,0.351,0.161,0.488
2000,0.380,0.182,0.438
2100,0.384,0.211,0.405
2200,0.339,0.178,0.483
2300,0.339,0.178,0.483
2400,0.388,0.157,0.455
2500,0.384,0.190,0.426
2600,0.347,0.215,0.438
2700,0.335,0.207,0.459
2800,0.380,0.198,0.421
2900,0.384,0.227,0.388
3000,0.318,0.231,0.450
3100,0.306,0.236,0.459
3200,0.285,0.252,0.463
3300,0.273,0.310,0.417
3400,0.248,0.318,0.434
3500,0.236,0.269,0.496
3600,0.236,0.264,0.500
3700,0.289,0.244,0.467
3800,0.318,0.223,0.459
3900,0.306,0.207,0.488
4000,0.326,0.223,0.450
4100,0.347,0.252,0.401
4200,0.360,0.231,0.409
4300,0.322,0.211,0.467
4400,0.314,0.223,0.463
4500,0.302,0.231,0.467
4600,0.293,0.273,0.434
4700,0.289,0.252,0.459
4800,0.302,0.207,0.492
4900,0.273,0.269,0.459
5000,0.244,0.227,0.529
5100,0.310,0.236,0.455
5200,0.331,0.281,0.388
5300,0.302,0.293,0.405
5400,0.285,0.298,0.417
5500,0.310,0.310,0.380
5600,0.347,0.310,0.343
5700,0.289,0.256,0.455
5800,0.302,0.260,0.438
5900,0.260,0.293,0.446
6000,0.207,0.285,0.508
6100,0.223,0.264,0.512
6200,0.281,0.310,0.409
6300,0.227,0.318,0.455
6400,0.227,0.289,0.483
6500,0.240,0.302,0.459
6600,0.231,0.298,0.471
6700,0.202,0.285,0.512
6800,0.219,0.331,0.450
6900,0.182,0.430,0.388
7000,0.145,0.475,0.380
7100,0.099,0.467,0.434
7200,0.087,0.545,0.368
7300,0.103,0.558,0.339
7400,0.083,0.525,0.393
7500,0.070,0.537,0.393
7600,0.074,0.599,0.326
7700,0.037,0.603,0.360
7800,0.037,0.665,0.298
7900,0.021,0.636,0.343
8000,0.037,0.694,0.269
8100,0.029,0.760,0.211
8200,0.041,0.715,0.244
8300,0.021,0.744,0.236
8400,0.033,0.727,0.240
8500,0.033,0.760,0.207
8600,0.029,0.723,0.248
8700,0.025,0.698,0.277
8800,0.029,0.698,0.273
8900,0.033,0.760,0.207
9000,0.045,0.727,0.227
9100,0.058,0.731,0.211
9200,0.029,0.731,0.240
9300,0.017,0.752,0.231
9400,0.017,0.798,0.186
9500,0.008,0.756,0.236
9600,0.004,0.818,0.178
9700,0.004,0.826,0.169
9800,0.017,0.851,0.132
9900,0.004,0.851,0.145
10000,0.004,0.884,0.112
10100,0.004,0.909,0.087
10200,0.004,0.901,0.095
10300,0.004,0.930,0.066
10400,0.004,0.938,0.058
10500,0.004,0.946,0.050
10600,0.004,0.934,0.062
10700,0.004,0.942,0.054
10800,0.004,0.938,0.058
10900,0.004,0.942,0.054
11000,0.004,0.963,0.033
11100,0.004,0.963,0.033
11200,0.004,0.963,0.033
11300,0.004,0.983,0.012
11400,0.000,0.979,0.021
11500,0.000,0.963,0.037
11600,0.000,0.971,0.029
11700,0.000,0.967,0.033
11800,0.000,0.979,0.021
11900,0.000,0.983,0.017
12000,0.000,0.979,0.021
12100,0.000,0.975,0.025
12200,0.000,0.975,0.025
12300,0.000,0.959,0.041
12400,0.000,0.963,0.037
12500,0.000,0.959,0.041
12600,0.000,0.963,0.037
12700,0.000,0.963,0.037
12800,0.000,0.967,0.033
12900,0.000,0.967,0.033
13000,0.000,0.967,0.033
13100,0.000,0.983,0.017
13200,0.000,0.988,0.012
13300,0.000,0.988,0.012
13400,0.000,0.988,0.012
13500,0.000,0.992,0.008
13600,0.000,0.992,0.008
13700,0.000,0.992,0.008
13800,0.000,0.996,0.004
13900,0.000,0.996,0.004
14000,0.000,1.000,0.000
