time,n_A+p,n_B,n_AB
100,0.030,0.968,0.002
200,0.030,0.968,0.002
300,0.030,0.949,0.021
400,0.030,0.947,0.023
500,0.032,0.944,0.025
600,0.036,0.946,0.018
700,0.038,0.940,0.022
800,0.037,0.939,0.025
900,0.035,0.935,0.031
1000,0.038,0.928,0.034
1100,0.037,0.932,0.032
1200,0.037,0.928,0.035
1300,0.036,0.934,0.031
1400,0.036,0.933,0.032
1500,0.037,0.937,0.027
1600,0.037,0.934,0.030
1700,0.035,0.932,0.034
1800,0.038,0.934,0.029
1900,0.037,0.931,0.033
2000,0.037,0.930,0.034
2100,0.038,0.926,0.036
2200,0.038,0.930,0.033
2300,0.037,0.934,0.030
2400,0.036,0.928,0.036
2500,0.040,0.928,0.032
2600,0.043,0.922,0.035
2700,0.042,0.923,0.035
2800,0.045,0.920,0.035
2900,0.040,0.927,0.033
3000,0.033,0.934,0.034
3100,0.033,0.935,0.033
3200,0.034,0.927,0.039
3300,0.036,0.919,0.045
3400,0.036,0.920,0.044
3500,0.038,0.920,0.042
3600,0.036,0.918,0.046
3700,0.037,0.914,0.049
3800,0.039,0.912,0.049
3900,0.037,0.914,0.049
4000,0.038,0.913,0.049
4100,0.041,0.909,0.050
4200,0.041,0.912,0.047
4300,0.044,0.911,0.045
4400,0.042,0.912,0.046
4500,0.040,0.913,0.047
4600,0.040,0.910,0.050
4700,0.040,0.920,0.040
4800,0.040,0.915,0.045
4900,0.039,0.908,0.053
5000,0.040,0.911,0.049
5100,0.039,0.905,0.056
5200,0.037,0.910,0.053
5300,0.037,0.916,0.047
5400,0.037,0.922,0.041
5500,0.038,0.920,0.042
5600,0.038,0.922,0.040
5700,0.038,0.916,0.046
5800,0.039,0.919,0.042
5900,0.038,0.922,0.040
6000,0.037,0.926,0.037
6100,0.037,0.924,0.039
6200,0.039,0.924,0.037
6300,0.038,0.927,0.035
6400,0.037,0.937,0.027
6500,0.037,0.933,0.031
6600,0.038,0.915,0.047
6700,0.038,0.916,0.046
6800,0.040,0.915,0.045
6900,0.041,0.914,0.045
7000,0.042,0.906,0.052
7100,0.042,0.904,0.054
7200,0.043,0.897,0.060
7300,0.043,0.887,0.070
7400,0.040,0.889,0.072
7500,0.044,0.897,0.059
7600,0.043,0.903,0.054
7700,0.047,0.899,0.054
7800,0.046,0.899,0.055
7900,0.044,0.891,0.065
8000,0.045,0.890,0.065
8100,0.044,0.903,0.053
8200,0.041,0.896,0.063
8300,0.042,0.897,0.061
8400,0.041,0.893,0.066
8500,0.047,0.882,0.072
8600,0.047,0.880,0.073
8700,0.048,0.883,0.069
8800,0.045,0.891,0.064
8900,0.043,0.894,0.063
9000,0.041,0.893,0.066
9100,0.041,0.896,0.063
9200,0.042,0.891,0.067
9300,0.040,0.887,0.074
9400,0.041,0.885,0.075
9500,0.041,0.892,0.067
9600,0.041,0.898,0.061
9700,0.040,0.898,0.062
9800,0.040,0.893,0.067
9900,0.040,0.894,0.066
10000,0.040,0.891,0.069
10100,0.039,0.893,0.068
10200,0.037,0.884,0.080
10300,0.039,0.879,0.082
10400,0.040,0.885,0.076
10500,0.041,0.892,0.067
10600,0.039,0.889,0.073
10700,0.038,0.885,0.078
10800,0.038,0.887,0.076
10900,0.038,0.877,0.085
11000,0.041,0.885,0.075
11100,0.041,0.889,0.070
11200,0.041,0.895,0.064
11300,0.053,0.882,0.065
11400,0.054,0.886,0.060
11500,0.053,0.882,0.065
11600,0.053,0.884,0.063
11700,0.052,0.874,0.074
11800,0.055,0.878,0.066
11900,0.058,0.879,0.062
12000,0.057,0.887,0.056
12100,0.057,0.890,0.053
12200,0.059,0.883,0.058
12300,0.059,0.882,0.059
12400,0.059,0.877,0.063
12500,0.059,0.883,0.058
12600,0.058,0.879,0.062
12700,0.057,0.877,0.065
12800,0.050,0.875,0.075
12900,0.050,0.872,0.078
13000,0.053,0.852,0.095
13100,0.062,0.849,0.089
13200,0.059,0.858,0.083
13300,0.059,0.858,0.083
13400,0.056,0.853,0.091
13500,0.058,0.850,0.092
13600,0.054,0.846,0.100
13700,0.055,0.850,0.095
13800,0.056,0.850,0.094
13900,0.049,0.851,0.100
14000,0.049,0.858,0.093
14100,0.049,0.868,0.083
14200,0.046,0.863,0.091
14300,0.047,0.862,0.091
14400,0.049,0.860,0.091
14500,0.050,0.863,0.087
14600,0.053,0.857,0.090
14700,0.055,0.846,0.099
14800,0.059,0.846,0.095
14900,0.057,0.846,0.097
15000,0.059,0.846,0.095
15100,0.058,0.842,0.100
15200,0.055,0.838,0.107
15300,0.054,0.851,0.095
15400,0.055,0.856,0.089
15500,0.053,0.854,0.093
15600,0.056,0.847,0.097
15700,0.055,0.845,0.100
15800,0.051,0.845,0.104
15900,0.053,0.851,0.096
16000,0.053,0.855,0.092
16100,0.054,0.850,0.096
16200,0.053,0.847,0.100
16300,0.054,0.851,0.095
16400,0.056,0.864,0.080
16500,0.058,0.873,0.068
16600,0.054,0.873,0.073
16700,0.050,0.868,0.082
16800,0.050,0.869,0.081
16900,0.054,0.869,0.077
17000,0.057,0.861,0.082
17100,0.056,0.855,0.089
17200,0.058,0.862,0.080
17300,0.050,0.867,0.083
17400,0.046,0.872,0.082
17500,0.048,0.876,0.076
17600,0.048,0.871,0.081
17700,0.048,0.873,0.079
17800,0.049,0.868,0.083
17900,0.049,0.868,0.083
18000,0.047,0.869,0.084
18100,0.046,0.874,0.080
18200,0.045,0.883,0.073
18300,0.045,0.874,0.081
18400,0.046,0.871,0.083
18500,0.048,0.874,0.078
18600,0.046,0.873,0.081
18700,0.043,0.880,0.077
18800,0.043,0.880,0.077
18900,0.043,0.886,0.072
19000,0.047,0.874,0.079
19100,0.045,0.876,0.079
19200,0.045,0.873,0.082
19300,0.045,0.872,0.083
19400,0.046,0.870,0.084
19500,0.047,0.854,0.099
19600,0.050,0.864,0.086
19700,0.049,0.863,0.088
19800,0.049,0.860,0.091
19900,0.048,0.857,0.095
20000,0.049,0.854,0.097
20100,0.047,0.851,0.102
20200,0.049,0.851,0.100
20300,0.049,0.855,0.096
20400,0.049,0.851,0.100
20500,0.047,0.843,0.110
20600,0.046,0.844,0.110
20700,0.044,0.845,0.111
20800,0.045,0.855,0.100
20900,0.044,0.855,0.101
21000,0.044,0.860,0.096
21100,0.045,0.860,0.095
21200,0.047,0.857,0.096
21300,0.049,0.857,0.094
21400,0.050,0.856,0.094
21500,0.051,0.857,0.092
21600,0.053,0.855,0.092
21700,0.053,0.859,0.088
21800,0.051,0.862,0.087
21900,0.051,0.865,0.084
22000,0.053,0.855,0.092
22100,0.051,0.859,0.090
22200,0.049,0.864,0.087
22300,0.051,0.856,0.093
22400,0.053,0.852,0.095
22500,0.052,0.856,0.092
22600,0.050,0.861,0.089
22700,0.050,0.861,0.089
22800,0.048,0.863,0.089
22900,0.046,0.852,0.102
23000,0.047,0.866,0.087
23100,0.044,0.863,0.093
23200,0.047,0.868,0.085
23300,0.051,0.866,0.083
23400,0.050,0.867,0.083
23500,0.048,0.869,0.083
23600,0.048,0.869,0.083
23700,0.049,0.859,0.092
23800,0.049,0.856,0.095
23900,0.050,0.859,0.091
24000,0.046,0.858,0.096
24100,0.050,0.857,0.093
24200,0.050,0.855,0.095
24300,0.050,0.852,0.098
24400,0.052,0.851,0.097
24500,0.049,0.857,0.094
24600,0.046,0.860,0.094
24700,0.046,0.861,0.093
24800,0.045,0.860,0.095
24900,0.044,0.860,0.096
25000,0.047,0.858,0.095
25100,0.045,0.868,0.087
25200,0.040,0.873,0.087
25300,0.040,0.878,0.082
25400,0.039,0.878,0.083
25500,0.039,0.874,0.087
25600,0.040,0.870,0.090
25700,0.039,0.869,0.092
25800,0.037,0.879,0.084
25900,0.036,0.883,0.082
26000,0.041,0.865,0.094
26100,0.040,0.845,0.115
26200,0.041,0.847,0.112
26300,0.038,0.852,0.110
26400,0.038,0.865,0.097
26500,0.037,0.863,0.100
26600,0.034,0.871,0.095
26700,0.034,0.859,0.107
26800,0.037,0.868,0.095
26900,0.034,0.865,0.101
27000,0.034,0.863,0.103
27100,0.032,0.865,0.103
27200,0.032,0.865,0.103
27300,0.035,0.879,0.086
27400,0.035,0.875,0.090
27500,0.035,0.876,0.089
27600,0.034,0.873,0.093
27700,0.039,0.867,0.094
27800,0.037,0.871,0.092
27900,0.038,0.873,0.089
28000,0.039,0.871,0.090
28100,0.038,0.878,0.084
28200,0.038,0.886,0.077
28300,0.041,0.880,0.079
28400,0.041,0.869,0.090
28500,0.042,0.869,0.089
28600,0.039,0.868,0.093
28700,0.041,0.860,0.099
28800,0.042,0.858,0.100
28900,0.046,0.848,0.106
29000,0.046,0.843,0.111
29100,0.057,0.850,0.093
29200,0.053,0.850,0.097
29300,0.055,0.861,0.084
29400,0.054,0.859,0.087
29500,0.052,0.856,0.092
29600,0.053,0.860,0.087
29700,0.052,0.859,0.089
29800,0.054,0.856,0.090
29900,0.057,0.854,0.089
30000,0.058,0.853,0.089
30100,0.058,0.848,0.094
30200,0.057,0.849,0.094
30300,0.056,0.840,0.104
30400,0.057,0.842,0.101
30500,0.055,0.846,0.099
30600,0.055,0.849,0.096
30700,0.054,0.845,0.101
30800,0.058,0.846,0.096
30900,0.058,0.842,0.100
31000,0.059,0.847,0.094
31100,0.062,0.850,0.088
31200,0.062,0.859,0.079
31300,0.061,0.858,0.081
31400,0.062,0.853,0.085
31500,0.061,0.858,0.081
31600,0.062,0.853,0.085
31700,0.064,0.855,0.081
31800,0.062,0.844,0.094
31900,0.063,0.847,0.090
32000,0.060,0.849,0.091
32100,0.061,0.849,0.090
32200,0.061,0.850,0.089
32300,0.062,0.849,0.089
32400,0.060,0.846,0.094
32500,0.058,0.852,0.090
32600,0.055,0.850,0.095
32700,0.059,0.853,0.088
32800,0.060,0.857,0.083
32900,0.058,0.858,0.084
33000,0.061,0.850,0.089
33100,0.059,0.852,0.089
33200,0.059,0.854,0.087
33300,0.062,0.851,0.087
33400,0.061,0.847,0.092
33500,0.060,0.849,0.091
33600,0.059,0.850,0.091
33700,0.056,0.849,0.095
33800,0.051,0.848,0.101
33900,0.051,0.850,0.099
34000,0.048,0.859,0.093
34100,0.047,0.859,0.094
34200,0.048,0.849,0.103
34300,0.046,0.847,0.107
34400,0.045,0.847,0.108
34500,0.045,0.847,0.108
34600,0.050,0.835,0.115
34700,0.048,0.843,0.109
34800,0.047,0.858,0.095
34900,0.053,0.851,0.096
35000,0.052,0.848,0.100
35100,0.049,0.858,0.093
35200,0.050,0.861,0.089
35300,0.048,0.858,0.094
35400,0.048,0.854,0.098
35500,0.047,0.842,0.111
35600,0.046,0.845,0.109
35700,0.048,0.845,0.107
35800,0.046,0.845,0.109
35900,0.044,0.849,0.107
36000,0.043,0.844,0.113
36100,0.041,0.855,0.104
36200,0.044,0.855,0.101
36300,0.042,0.849,0.109
36400,0.044,0.850,0.106
36500,0.044,0.855,0.101
36600,0.042,0.854,0.104
36700,0.046,0.856,0.098
36800,0.046,0.858,0.096
36900,0.043,0.860,0.097
37000,0.041,0.863,0.096
37100,0.041,0.861,0.098
37200,0.043,0.864,0.093
37300,0.044,0.859,0.097
37400,0.041,0.861,0.098
37500,0.041,0.856,0.103
37600,0.041,0.852,0.107
37700,0.039,0.857,0.104
37800,0.040,0.865,0.095
37900,0.039,0.871,0.090
38000,0.040,0.870,0.090
38100,0.043,0.851,0.106
38200,0.043,0.855,0.102
38300,0.044,0.847,0.109
38400,0.043,0.845,0.112
38500,0.045,0.838,0.117
38600,0.040,0.838,0.123
38700,0.043,0.836,0.122
38800,0.043,0.822,0.135
38900,0.054,0.813,0.133
39000,0.056,0.814,0.130
39100,0.060,0.817,0.123
39200,0.059,0.807,0.134
39300,0.061,0.807,0.132
39400,0.059,0.813,0.128
39500,0.058,0.822,0.120
39600,0.061,0.814,0.125
39700,0.061,0.804,0.135
39800,0.074,0.808,0.118
39900,0.069,0.812,0.118
40000,0.068,0.812,0.120
40100,0.070,0.805,0.125
40200,0.070,0.807,0.123
40300,0.072,0.815,0.113
40400,0.067,0.810,0.123
40500,0.068,0.816,0.115
40600,0.069,0.809,0.122
40700,0.073,0.807,0.121
40800,0.075,0.800,0.126
40900,0.074,0.808,0.118
41000,0.074,0.800,0.127
41100,0.072,0.805,0.124
41200,0.074,0.797,0.130
41300,0.078,0.787,0.136
41400,0.075,0.800,0.126
41500,0.075,0.804,0.122
41600,0.072,0.807,0.122
41700,0.064,0.819,0.116
41800,0.069,0.817,0.113
41900,0.066,0.810,0.124
42000,0.070,0.808,0.122
42100,0.072,0.813,0.115
42200,0.066,0.811,0.123
42300,0.062,0.800,0.138
42400,0.065,0.809,0.126
42500,0.069,0.802,0.129
42600,0.065,0.804,0.131
42700,0.066,0.794,0.140
42800,0.074,0.798,0.129
42900,0.083,0.802,0.115
43000,0.083,0.799,0.118
43100,0.082,0.805,0.113
43200,0.077,0.799,0.125
43300,0.078,0.798,0.125
43400,0.076,0.803,0.122
43500,0.079,0.792,0.130
43600,0.078,0.797,0.126
43700,0.087,0.784,0.129
43800,0.084,0.790,0.127
43900,0.087,0.797,0.116
44000,0.089,0.800,0.111
44100,0.086,0.804,0.110
44200,0.080,0.807,0.113
44300,0.076,0.814,0.110
44400,0.081,0.813,0.106
44500,0.079,0.810,0.111
44600,0.080,0.811,0.109
44700,0.080,0.807,0.113
44800,0.078,0.784,0.138
44900,0.077,0.794,0.130
45000,0.079,0.789,0.133
45100,0.081,0.790,0.130
45200,0.079,0.780,0.141
45300,0.079,0.770,0.151
45400,0.072,0.768,0.160
45500,0.072,0.783,0.145
45600,0.068,0.791,0.141
45700,0.067,0.783,0.149
45800,0.064,0.783,0.152
45900,0.070,0.782,0.147
46000,0.070,0.769,0.160
46100,0.070,0.779,0.150
46200,0.074,0.780,0.146
46300,0.072,0.774,0.154
46400,0.074,0.762,0.164
46500,0.073,0.759,0.169
46600,0.075,0.755,0.171
46700,0.075,0.759,0.166
46800,0.079,0.756,0.165
46900,0.078,0.753,0.170
47000,0.080,0.753,0.168
47100,0.082,0.752,0.166
47200,0.076,0.755,0.170
47300,0.075,0.762,0.163
47400,0.078,0.763,0.159
47500,0.083,0.772,0.145
47600,0.080,0.764,0.156
47700,0.081,0.770,0.149
47800,0.080,0.755,0.165
47900,0.079,0.762,0.159
48000,0.075,0.760,0.165
48100,0.078,0.750,0.173
48200,0.082,0.744,0.175
48300,0.080,0.747,0.174
48400,0.073,0.751,0.177
48500,0.077,0.754,0.170
48600,0.087,0.744,0.170
48700,0.084,0.734,0.182
48800,0.087,0.735,0.178
48900,0.092,0.739,0.170
49000,0.096,0.737,0.166
49100,0.093,0.746,0.161
49200,0.094,0.734,0.172
49300,0.090,0.726,0.184
49400,0.072,0.745,0.184
49500,0.079,0.728,0.193
49600,0.077,0.752,0.172
49700,0.074,0.761,0.165
49800,0.078,0.758,0.164
49900,0.078,0.764,0.158
50000,0.077,0.769,0.154
50100,0.079,0.766,0.155
50200,0.079,0.761,0.160
50300,0.082,0.764,0.154
50400,0.078,0.750,0.173
50500,0.081,0.762,0.157
50600,0.079,0.760,0.161
50700,0.086,0.763,0.151
50800,0.081,0.761,0.158
50900,0.087,0.760,0.153
51000,0.085,0.757,0.158
51100,0.083,0.765,0.152
51200,0.083,0.764,0.153
51300,0.088,0.768,0.144
51400,0.088,0.771,0.141
51500,0.086,0.766,0.148
51600,0.083,0.762,0.155
51700,0.089,0.768,0.143
51800,0.092,0.754,0.154
51900,0.090,0.755,0.155
52000,0.094,0.754,0.152
52100,0.092,0.755,0.153
52200,0.086,0.746,0.169
52300,0.085,0.755,0.160
52400,0.080,0.759,0.161
52500,0.080,0.758,0.162
52600,0.083,0.767,0.150
52700,0.075,0.765,0.160
52800,0.072,0.760,0.169
52900,0.065,0.731,0.203
53000,0.077,0.734,0.189
53100,0.078,0.751,0.172
53200,0.077,0.760,0.163
53300,0.075,0.756,0.170
53400,0.075,0.752,0.174
53500,0.078,0.750,0.173
53600,0.082,0.748,0.171
53700,0.085,0.748,0.168
53800,0.088,0.747,0.165
53900,0.083,0.751,0.166
54000,0.081,0.745,0.175
54100,0.080,0.745,0.176
54200,0.074,0.751,0.176
54300,0.078,0.755,0.168
54400,0.079,0.752,0.170
54500,0.081,0.763,0.156
54600,0.079,0.770,0.151
54700,0.078,0.771,0.151
54800,0.074,0.771,0.155
54900,0.077,0.781,0.142
55000,0.075,0.785,0.140
55100,0.068,0.789,0.143
55200,0.075,0.780,0.145
55300,0.074,0.784,0.142
55400,0.075,0.787,0.139
55500,0.077,0.798,0.126
55600,0.074,0.806,0.121
55700,0.075,0.799,0.127
55800,0.072,0.803,0.126
55900,0.074,0.795,0.132
56000,0.073,0.795,0.133
56100,0.076,0.790,0.135
56200,0.075,0.788,0.138
56300,0.073,0.788,0.140
56400,0.074,0.785,0.141
56500,0.074,0.781,0.145
56600,0.075,0.773,0.152
56700,0.078,0.779,0.143
56800,0.081,0.775,0.144
56900,0.082,0.776,0.142
57000,0.079,0.775,0.146
57100,0.077,0.773,0.150
57200,0.079,0.778,0.143
57300,0.079,0.785,0.136
57400,0.076,0.783,0.141
57500,0.078,0.777,0.145
57600,0.079,0.774,0.147
57700,0.076,0.776,0.148
57800,0.082,0.772,0.146
57900,0.080,0.781,0.139
58000,0.084,0.781,0.135
58100,0.082,0.772,0.146
58200,0.077,0.757,0.166
58300,0.083,0.757,0.160
58400,0.083,0.756,0.161
58500,0.079,0.755,0.166
58600,0.077,0.752,0.172
58700,0.079,0.758,0.163
58800,0.076,0.760,0.164
58900,0.076,0.760,0.164
59000,0.074,0.755,0.172
59100,0.072,0.749,0.180
59200,0.082,0.747,0.172
59300,0.080,0.746,0.175
59400,0.080,0.755,0.165
59500,0.081,0.766,0.153
59600,0.080,0.764,0.156
59700,0.079,0.768,0.153
59800,0.078,0.762,0.160
59900,0.084,0.764,0.152
60000,0.085,0.763,0.152
60100,0.087,0.765,0.148
60200,0.086,0.763,0.151
60300,0.085,0.763,0.152
60400,0.088,0.759,0.153
60500,0.089,0.763,0.148
60600,0.087,0.769,0.144
60700,0.090,0.752,0.158
60800,0.094,0.767,0.139
60900,0.089,0.768,0.143
61000,0.089,0.770,0.141
61100,0.088,0.762,0.150
61200,0.086,0.762,0.152
61300,0.091,0.750,0.159
61400,0.091,0.757,0.152
61500,0.089,0.761,0.150
61600,0.086,0.753,0.161
61700,0.086,0.752,0.162
61800,0.087,0.755,0.158
61900,0.090,0.761,0.149
62000,0.090,0.772,0.138
62100,0.089,0.766,0.145
62200,0.091,0.776,0.133
62300,0.090,0.779,0.131
62400,0.088,0.774,0.138
62500,0.082,0.783,0.135
62600,0.082,0.776,0.142
62700,0.083,0.780,0.137
62800,0.084,0.780,0.136
62900,0.082,0.767,0.151
63000,0.087,0.761,0.152
63100,0.086,0.761,0.153
63200,0.089,0.772,0.139
63300,0.083,0.779,0.138
63400,0.085,0.781,0.134
63500,0.088,0.777,0.135
63600,0.083,0.779,0.138
63700,0.082,0.785,0.133
63800,0.081,0.788,0.132
63900,0.081,0.790,0.130
64000,0.082,0.773,0.145
64100,0.078,0.787,0.136
64200,0.080,0.783,0.137
64300,0.081,0.778,0.141
64400,0.078,0.784,0.138
64500,0.081,0.787,0.133
64600,0.081,0.784,0.135
64700,0.075,0.780,0.145
64800,0.074,0.779,0.147
64900,0.076,0.784,0.140
65000,0.081,0.782,0.137
65100,0.080,0.791,0.130
65200,0.085,0.787,0.129
65300,0.082,0.792,0.127
65400,0.081,0.792,0.128
65500,0.079,0.792,0.130
65600,0.077,0.795,0.129
65700,0.070,0.799,0.131
65800,0.072,0.800,0.129
65900,0.073,0.803,0.125
66000,0.072,0.798,0.131
66100,0.072,0.805,0.124
66200,0.069,0.809,0.122
66300,0.069,0.807,0.124
66400,0.070,0.805,0.125
66500,0.073,0.805,0.123
66600,0.074,0.806,0.121
66700,0.072,0.806,0.123
66800,0.072,0.801,0.128
66900,0.073,0.801,0.127
67000,0.070,0.799,0.131
67100,0.074,0.787,0.140
67200,0.076,0.783,0.141
67300,0.078,0.784,0.138
67400,0.080,0.769,0.151
67500,0.082,0.776,0.142
67600,0.075,0.780,0.145
67700,0.082,0.775,0.143
67800,0.084,0.766,0.150
67900,0.080,0.759,0.161
68000,0.079,0.769,0.152
68100,0.085,0.771,0.144
68200,0.089,0.763,0.148
68300,0.092,0.755,0.153
68400,0.099,0.762,0.139
68500,0.092,0.768,0.140
68600,0.090,0.771,0.139
68700,0.087,0.776,0.137
68800,0.084,0.776,0.140
68900,0.081,0.774,0.145
69000,0.082,0.777,0.141
69100,0.083,0.769,0.148
69200,0.077,0.765,0.158
69300,0.082,0.769,0.149
69400,0.086,0.768,0.146
69500,0.085,0.770,0.145
69600,0.099,0.757,0.144
69700,0.094,0.761,0.145
69800,0.094,0.773,0.133
69900,0.092,0.769,0.139
70000,0.087,0.772,0.141
70100,0.085,0.776,0.139
70200,0.087,0.775,0.138
70300,0.085,0.782,0.133
70400,0.088,0.775,0.137
70500,0.090,0.776,0.134
70600,0.089,0.769,0.142
70700,0.091,0.773,0.136
70800,0.093,0.778,0.129
70900,0.093,0.773,0.134
71000,0.092,0.769,0.139
71100,0.095,0.779,0.126
71200,0.092,0.777,0.131
71300,0.096,0.772,0.132
71400,0.097,0.750,0.153
71500,0.096,0.755,0.149
71600,0.107,0.758,0.135
71700,0.102,0.756,0.142
71800,0.103,0.752,0.145
71900,0.098,0.757,0.145
72000,0.083,0.760,0.157
72100,0.083,0.768,0.149
72200,0.081,0.744,0.176
72300,0.080,0.755,0.165
72400,0.081,0.759,0.160
72500,0.082,0.760,0.158
72600,0.083,0.768,0.149
72700,0.082,0.761,0.157
72800,0.083,0.747,0.171
72900,0.090,0.748,0.162
73000,0.092,0.745,0.163
73100,0.091,0.748,0.161
73200,0.093,0.749,0.158
73300,0.092,0.747,0.161
73400,0.090,0.749,0.161
73500,0.091,0.753,0.156
73600,0.082,0.754,0.164
73700,0.081,0.758,0.161
73800,0.081,0.759,0.160
73900,0.082,0.750,0.169
74000,0.082,0.747,0.172
74100,0.087,0.737,0.176
74200,0.090,0.747,0.163
74300,0.092,0.752,0.156
74400,0.095,0.743,0.162
74500,0.089,0.755,0.156
74600,0.092,0.759,0.149
74700,0.098,0.754,0.148
74800,0.099,0.751,0.150
74900,0.093,0.755,0.152
75000,0.091,0.752,0.157
75100,0.089,0.754,0.157
75200,0.094,0.758,0.148
75300,0.092,0.750,0.158
75400,0.092,0.757,0.151
75500,0.091,0.739,0.171
75600,0.088,0.751,0.161
75700,0.092,0.754,0.154
75800,0.091,0.739,0.171
75900,0.092,0.747,0.161
76000,0.093,0.747,0.160
76100,0.099,0.746,0.155
76200,0.096,0.731,0.173
76300,0.099,0.729,0.172
76400,0.110,0.725,0.164
76500,0.100,0.735,0.164
76600,0.108,0.734,0.157
76700,0.103,0.739,0.158
76800,0.102,0.752,0.146
76900,0.096,0.753,0.151
77000,0.094,0.744,0.162
77100,0.099,0.728,0.173
77200,0.103,0.715,0.182
77300,0.100,0.715,0.185
77400,0.096,0.721,0.183
77500,0.101,0.708,0.191
77600,0.107,0.712,0.181
77700,0.110,0.706,0.184
77800,0.110,0.702,0.188
77900,0.113,0.702,0.185
78000,0.114,0.697,0.189
78100,0.114,0.702,0.184
78200,0.121,0.702,0.178
78300,0.127,0.697,0.177
78400,0.128,0.695,0.178
78500,0.133,0.694,0.174
78600,0.132,0.691,0.178
78700,0.136,0.699,0.165
78800,0.139,0.688,0.173
78900,0.139,0.693,0.169
79000,0.147,0.691,0.162
79100,0.143,0.681,0.176
79200,0.140,0.679,0.181
79300,0.147,0.683,0.170
79400,0.126,0.682,0.192
79500,0.126,0.679,0.195
79600,0.129,0.674,0.197
79700,0.133,0.678,0.189
79800,0.135,0.684,0.181
79900,0.134,0.686,0.180
80000,0.131,0.687,0.182
80100,0.135,0.683,0.182
80200,0.136,0.688,0.176
80300,0.142,0.678,0.180
80400,0.138,0.683,0.179
80500,0.138,0.667,0.195
80600,0.138,0.674,0.188
80700,0.141,0.679,0.180
80800,0.147,0.682,0.171
80900,0.147,0.671,0.182
81000,0.148,0.675,0.177
81100,0.153,0.678,0.169
81200,0.149,0.671,0.180
81300,0.143,0.673,0.184
81400,0.139,0.671,0.190
81500,0.149,0.676,0.175
81600,0.150,0.675,0.175
81700,0.149,0.666,0.185
81800,0.146,0.682,0.172
81900,0.135,0.682,0.183
82000,0.124,0.672,0.204
82100,0.133,0.668,0.199
82200,0.143,0.656,0.201
82300,0.140,0.662,0.198
82400,0.152,0.659,0.189
82500,0.147,0.672,0.181
82600,0.150,0.678,0.172
82700,0.143,0.662,0.195
82800,0.143,0.673,0.184
82900,0.147,0.672,0.181
83000,0.146,0.676,0.178
83100,0.143,0.682,0.175
83200,0.139,0.689,0.172
83300,0.138,0.695,0.168
83400,0.135,0.692,0.174
83500,0.138,0.695,0.168
83600,0.126,0.703,0.172
83700,0.128,0.699,0.174
83800,0.135,0.697,0.169
83900,0.138,0.689,0.173
84000,0.142,0.692,0.166
84100,0.140,0.694,0.166
84200,0.136,0.687,0.177
84300,0.136,0.685,0.179
84400,0.142,0.686,0.172
84500,0.135,0.681,0.184
84600,0.135,0.668,0.197
84700,0.140,0.675,0.185
84800,0.140,0.688,0.172
84900,0.132,0.691,0.178
85000,0.136,0.686,0.178
85100,0.134,0.703,0.163
85200,0.130,0.709,0.161
85300,0.126,0.714,0.160
85400,0.123,0.707,0.171
85500,0.112,0.720,0.168
85600,0.109,0.724,0.166
85700,0.117,0.712,0.171
85800,0.121,0.705,0.175
85900,0.120,0.698,0.183
86000,0.118,0.698,0.184
86100,0.123,0.693,0.185
86200,0.120,0.694,0.187
86300,0.115,0.699,0.186
86400,0.113,0.700,0.187
86500,0.111,0.712,0.177
86600,0.109,0.706,0.185
86700,0.106,0.708,0.186
86800,0.109,0.711,0.180
86900,0.105,0.709,0.186
87000,0.095,0.715,0.190
87100,0.099,0.711,0.190
87200,0.098,0.708,0.194
87300,0.091,0.715,0.194
87400,0.096,0.709,0.195
87500,0.095,0.722,0.183
87600,0.105,0.729,0.165
87700,0.106,0.728,0.165
87800,0.107,0.726,0.166
87900,0.111,0.728,0.160
88000,0.114,0.730,0.155
88100,0.113,0.728,0.158
88200,0.112,0.731,0.156
88300,0.108,0.731,0.160
88400,0.106,0.737,0.156
88500,0.106,0.741,0.153
88600,0.109,0.730,0.160
88700,0.106,0.736,0.157
88800,0.108,0.741,0.151
88900,0.110,0.739,0.151
89000,0.106,0.743,0.151
89100,0.103,0.740,0.157
89200,0.107,0.732,0.160
89300,0.106,0.741,0.153
89400,0.113,0.729,0.157
89500,0.105,0.725,0.170
89600,0.111,0.733,0.155
89700,0.109,0.737,0.153
89800,0.107,0.734,0.158
89900,0.104,0.737,0.158
90000,0.103,0.739,0.158
90100,0.106,0.741,0.153
90200,0.106,0.731,0.162
90300,0.110,0.737,0.152
90400,0.106,0.716,0.178
90500,0.104,0.727,0.169
90600,0.110,0.731,0.158
90700,0.106,0.707,0.187
90800,0.123,0.702,0.176
90900,0.114,0.729,0.156
91000,0.117,0.727,0.155
91100,0.120,0.728,0.152
91200,0.114,0.731,0.154
91300,0.117,0.733,0.149
91400,0.116,0.735,0.148
91500,0.115,0.731,0.153
91600,0.109,0.740,0.151
91700,0.111,0.739,0.150
91800,0.117,0.739,0.144
91900,0.115,0.734,0.150
92000,0.115,0.737,0.147
92100,0.110,0.726,0.163
92200,0.116,0.707,0.177
92300,0.112,0.710,0.178
92400,0.118,0.716,0.165
92500,0.114,0.726,0.159
92600,0.116,0.717,0.166
92700,0.121,0.715,0.164
92800,0.121,0.715,0.164
92900,0.126,0.720,0.154
93000,0.125,0.719,0.156
93100,0.128,0.708,0.164
93200,0.126,0.707,0.168
93300,0.140,0.697,0.163
93400,0.141,0.692,0.168
93500,0.149,0.683,0.168
93600,0.145,0.681,0.174
93700,0.138,0.679,0.183
93800,0.144,0.692,0.164
93900,0.147,0.682,0.171
94000,0.144,0.692,0.164
94100,0.148,0.682,0.170
94200,0.151,0.681,0.168
94300,0.149,0.687,0.163
94400,0.153,0.687,0.159
94500,0.155,0.683,0.161
94600,0.149,0.685,0.165
94700,0.151,0.679,0.170
94800,0.146,0.680,0.174
94900,0.149,0.668,0.183
95000,0.149,0.673,0.178
95100,0.153,0.677,0.170
95200,0.156,0.667,0.177
95300,0.152,0.672,0.176
95400,0.153,0.673,0.174
95500,0.153,0.660,0.187
95600,0.160,0.664,0.176
95700,0.151,0.664,0.185
95800,0.140,0.670,0.190
95900,0.147,0.676,0.177
96000,0.140,0.673,0.187
96100,0.129,0.675,0.196
96200,0.132,0.679,0.189
96300,0.132,0.674,0.194
96400,0.138,0.678,0.184
96500,0.139,0.683,0.178
96600,0.138,0.658,0.204
96700,0.137,0.654,0.209
96800,0.139,0.649,0.212
96900,0.145,0.656,0.199
97000,0.148,0.648,0.204
97100,0.153,0.651,0.196
97200,0.153,0.649,0.198
97300,0.164,0.641,0.194
97400,0.156,0.644,0.200
97500,0.160,0.642,0.197
97600,0.163,0.652,0.185
97700,0.163,0.642,0.194
97800,0.164,0.645,0.191
97900,0.165,0.648,0.187
98000,0.163,0.638,0.198
98100,0.162,0.654,0.184
98200,0.141,0.654,0.205
98300,0.134,0.650,0.217
98400,0.137,0.659,0.204
98500,0.135,0.659,0.206
98600,0.132,0.654,0.215
98700,0.135,0.671,0.194
98800,0.139,0.670,0.191
98900,0.143,0.670,0.187
99000,0.140,0.669,0.191
99100,0.134,0.672,0.194
99200,0.137,0.658,0.205
99300,0.142,0.659,0.199
99400,0.140,0.656,0.204
99500,0.140,0.655,0.205
99600,0.136,0.658,0.206
99700,0.135,0.663,0.202
99800,0.131,0.680,0.189
99900,0.136,0.680,0.184
100000,0.135,0.684,0.181
