time,n_A+p,n_B,n_AB
100,0.030,0.963,0.007
200,0.030,0.964,0.006
300,0.030,0.961,0.009
400,0.030,0.958,0.012
500,0.031,0.955,0.014
600,0.032,0.949,0.019
700,0.032,0.949,0.019
800,0.032,0.946,0.022
900,0.032,0.949,0.019
1000,0.036,0.919,0.045
1100,0.033,0.917,0.050
1200,0.035,0.918,0.047
1300,0.033,0.919,0.048
1400,0.037,0.921,0.042
1500,0.036,0.922,0.042
1600,0.036,0.926,0.038
1700,0.038,0.927,0.035
1800,0.039,0.928,0.033
1900,0.039,0.928,0.033
2000,0.038,0.921,0.041
2100,0.040,0.918,0.042
2200,0.038,0.908,0.054
2300,0.036,0.903,0.061
2400,0.036,0.909,0.055
2500,0.035,0.918,0.047
2600,0.036,0.918,0.046
2700,0.038,0.902,0.060
2800,0.035,0.889,0.077
2900,0.037,0.886,0.078
3000,0.037,0.888,0.076
3100,0.035,0.886,0.080
3200,0.035,0.888,0.078
3300,0.037,0.888,0.076
3400,0.041,0.888,0.072
3500,0.041,0.891,0.068
3600,0.040,0.884,0.077
3700,0.040,0.884,0.077
3800,0.039,0.892,0.069
3900,0.040,0.890,0.070
4000,0.041,0.884,0.076
4100,0.041,0.880,0.079
4200,0.036,0.883,0.082
4300,0.037,0.885,0.079
4400,0.040,0.889,0.072
4500,0.038,0.891,0.072
4600,0.041,0.879,0.080
4700,0.045,0.884,0.072
4800,0.045,0.877,0.078
4900,0.044,0.892,0.064
5000,0.046,0.896,0.058
5100,0.046,0.891,0.063
5200,0.044,0.890,0.066
5300,0.045,0.878,0.077
5400,0.060,0.875,0.064
5500,0.060,0.869,0.070
5600,0.064,0.857,0.079
5700,0.061,0.853,0.086
5800,0.066,0.854,0.080
5900,0.065,0.850,0.085
6000,0.061,0.853,0.086
6100,0.058,0.857,0.085
6200,0.060,0.850,0.090
6300,0.060,0.867,0.073
6400,0.062,0.875,0.062
6500,0.060,0.872,0.067
6600,0.058,0.876,0.065
6700,0.063,0.877,0.059
6800,0.057,0.878,0.064
6900,0.054,0.880,0.065
7000,0.050,0.874,0.076
7100,0.050,0.878,0.072
7200,0.046,0.876,0.078
7300,0.047,0.865,0.088
7400,0.047,0.867,0.086
7500,0.048,0.869,0.083
7600,0.044,0.871,0.085
7700,0.042,0.869,0.089
7800,0.048,0.870,0.082
7900,0.047,0.870,0.083
8000,0.046,0.869,0.085
8100,0.043,0.872,0.085
8200,0.043,0.878,0.079
8300,0.042,0.884,0.075
8400,0.044,0.877,0.079
8500,0.043,0.879,0.078
8600,0.044,0.885,0.072
8700,0.044,0.877,0.079
8800,0.044,0.879,0.077
8900,0.041,0.884,0.076
9000,0.041,0.885,0.075
9100,0.041,0.888,0.072
9200,0.040,0.882,0.079
9300,0.043,0.869,0.088
9400,0.045,0.878,0.077
9500,0.039,0.876,0.085
9600,0.038,0.873,0.089
9700,0.038,0.880,0.082
9800,0.037,0.882,0.082
9900,0.037,0.886,0.078
10000,0.037,0.888,0.076
10100,0.037,0.887,0.077
10200,0.039,0.879,0.082
10300,0.037,0.876,0.087
10400,0.038,0.890,0.073
10500,0.038,0.897,0.065
10600,0.039,0.897,0.064
10700,0.039,0.897,0.064
10800,0.038,0.884,0.079
10900,0.036,0.885,0.080
11000,0.035,0.888,0.078
11100,0.037,0.892,0.072
11200,0.036,0.889,0.076
11300,0.035,0.894,0.072
11400,0.037,0.898,0.065
11500,0.036,0.896,0.068
11600,0.039,0.897,0.064
11700,0.041,0.896,0.063
11800,0.041,0.896,0.063
11900,0.041,0.899,0.060
12000,0.041,0.899,0.060
12100,0.039,0.904,0.057
12200,0.040,0.900,0.060
12300,0.044,0.899,0.057
12400,0.042,0.899,0.059
12500,0.040,0.902,0.058
12600,0.039,0.897,0.064
12700,0.040,0.897,0.063
12800,0.042,0.875,0.083
12900,0.041,0.869,0.090
13000,0.037,0.868,0.095
13100,0.037,0.868,0.095
13200,0.036,0.861,0.103
13300,0.033,0.868,0.099
13400,0.036,0.872,0.092
13500,0.040,0.869,0.091
13600,0.038,0.874,0.088
13700,0.035,0.877,0.088
13800,0.034,0.862,0.104
13900,0.038,0.856,0.106
14000,0.039,0.860,0.101
14100,0.039,0.867,0.094
14200,0.043,0.869,0.088
14300,0.042,0.867,0.091
14400,0.043,0.866,0.091
14500,0.043,0.869,0.088
14600,0.042,0.880,0.078
14700,0.041,0.874,0.085
14800,0.041,0.871,0.088
14900,0.042,0.880,0.078
15000,0.043,0.865,0.092
15100,0.043,0.865,0.092
15200,0.045,0.860,0.095
15300,0.047,0.862,0.091
15400,0.048,0.863,0.089
15500,0.044,0.867,0.089
15600,0.046,0.873,0.081
15700,0.045,0.877,0.078
15800,0.045,0.874,0.081
15900,0.046,0.869,0.085
16000,0.043,0.872,0.085
16100,0.041,0.870,0.089
16200,0.043,0.873,0.084
16300,0.047,0.872,0.081
16400,0.048,0.871,0.081
16500,0.052,0.863,0.085
16600,0.055,0.850,0.095
16700,0.051,0.850,0.099
16800,0.055,0.857,0.088
16900,0.054,0.848,0.098
17000,0.056,0.857,0.087
17100,0.055,0.851,0.094
17200,0.054,0.859,0.087
17300,0.055,0.845,0.100
17400,0.053,0.843,0.104
17500,0.055,0.849,0.096
17600,0.057,0.830,0.112
17700,0.052,0.829,0.118
17800,0.049,0.837,0.114
17900,0.049,0.826,0.125
18000,0.050,0.836,0.114
18100,0.048,0.843,0.109
18200,0.048,0.834,0.118
18300,0.056,0.828,0.115
18400,0.056,0.829,0.114
18500,0.058,0.828,0.113
18600,0.058,0.823,0.118
18700,0.059,0.829,0.111
18800,0.055,0.840,0.105
18900,0.056,0.845,0.099
19000,0.055,0.853,0.092
19100,0.054,0.857,0.089
19200,0.056,0.854,0.090
19300,0.057,0.859,0.084
19400,0.059,0.850,0.091
19500,0.061,0.844,0.095
19600,0.064,0.851,0.085
19700,0.062,0.847,0.091
19800,0.058,0.848,0.094
19900,0.062,0.843,0.095
20000,0.058,0.845,0.097
20100,0.059,0.845,0.096
20200,0.058,0.851,0.091
20300,0.064,0.844,0.092
20400,0.063,0.830,0.106
20500,0.065,0.825,0.109
20600,0.065,0.831,0.103
20700,0.066,0.820,0.113
20800,0.069,0.812,0.118
20900,0.074,0.817,0.109
21000,0.065,0.812,0.123
21100,0.057,0.810,0.133
21200,0.065,0.819,0.115
21300,0.060,0.821,0.118
21400,0.058,0.817,0.125
21500,0.061,0.820,0.118
21600,0.064,0.817,0.118
21700,0.052,0.806,0.142
21800,0.052,0.822,0.126
21900,0.053,0.818,0.129
22000,0.053,0.834,0.113
22100,0.057,0.821,0.122
22200,0.061,0.824,0.114
22300,0.065,0.824,0.110
22400,0.068,0.832,0.099
22500,0.067,0.839,0.094
22600,0.066,0.816,0.117
22700,0.064,0.818,0.117
22800,0.064,0.821,0.114
22900,0.065,0.829,0.105
23000,0.059,0.812,0.129
23100,0.060,0.819,0.121
23200,0.065,0.825,0.109
23300,0.064,0.818,0.117
23400,0.065,0.822,0.112
23500,0.065,0.818,0.116
23600,0.061,0.824,0.114
23700,0.060,0.815,0.125
23800,0.063,0.811,0.126
23900,0.066,0.825,0.108
24000,0.062,0.827,0.110
24100,0.063,0.825,0.111
24200,0.069,0.818,0.112
24300,0.068,0.816,0.115
24400,0.065,0.825,0.109
24500,0.062,0.823,0.114
24600,0.065,0.820,0.114
24700,0.059,0.806,0.135
24800,0.062,0.817,0.121
24900,0.065,0.819,0.115
25000,0.061,0.822,0.116
25100,0.063,0.820,0.116
25200,0.062,0.816,0.122
25300,0.065,0.797,0.138
25400,0.065,0.798,0.137
25500,0.060,0.799,0.141
25600,0.063,0.794,0.143
25700,0.063,0.792,0.145
25800,0.058,0.782,0.159
25900,0.058,0.769,0.173
26000,0.060,0.761,0.179
26100,0.058,0.766,0.176
26200,0.061,0.768,0.171
26300,0.064,0.776,0.159
26400,0.059,0.778,0.162
26500,0.055,0.782,0.162
26600,0.058,0.788,0.154
26700,0.059,0.783,0.157
26800,0.059,0.787,0.154
26900,0.061,0.775,0.163
27000,0.063,0.773,0.163
27100,0.065,0.777,0.157
27200,0.065,0.781,0.153
27300,0.067,0.781,0.151
27400,0.062,0.771,0.166
27500,0.057,0.774,0.169
27600,0.057,0.775,0.168
27700,0.066,0.772,0.161
27800,0.075,0.772,0.153
27900,0.072,0.765,0.163
28000,0.067,0.763,0.170
28100,0.066,0.753,0.181
28200,0.064,0.756,0.180
28300,0.069,0.757,0.174
28400,0.068,0.772,0.159
28500,0.067,0.773,0.159
28600,0.065,0.768,0.166
28700,0.058,0.783,0.158
28800,0.055,0.783,0.161
28900,0.057,0.780,0.162
29000,0.057,0.789,0.154
29100,0.056,0.791,0.153
29200,0.052,0.802,0.146
29300,0.056,0.789,0.155
29400,0.060,0.793,0.147
29500,0.057,0.797,0.146
29600,0.060,0.793,0.147
29700,0.058,0.784,0.157
29800,0.058,0.793,0.149
29900,0.057,0.793,0.150
30000,0.053,0.785,0.161
30100,0.050,0.780,0.170
30200,0.047,0.792,0.161
30300,0.048,0.791,0.161
30400,0.050,0.799,0.151
30500,0.051,0.799,0.150
30600,0.062,0.788,0.150
30700,0.064,0.788,0.148
30800,0.066,0.785,0.148
30900,0.067,0.780,0.152
31000,0.072,0.763,0.165
31100,0.079,0.760,0.161
31200,0.075,0.760,0.165
31300,0.082,0.764,0.154
31400,0.082,0.774,0.144
31500,0.084,0.767,0.149
31600,0.084,0.754,0.162
31700,0.085,0.760,0.155
31800,0.092,0.755,0.153
31900,0.085,0.756,0.159
32000,0.086,0.749,0.165
32100,0.096,0.753,0.151
32200,0.096,0.751,0.153
32300,0.099,0.754,0.147
32400,0.100,0.754,0.146
32500,0.099,0.755,0.146
32600,0.104,0.760,0.136
32700,0.104,0.766,0.130
32800,0.103,0.768,0.129
32900,0.099,0.757,0.144
33000,0.097,0.758,0.145
33100,0.104,0.753,0.143
33200,0.108,0.754,0.138
33300,0.112,0.758,0.130
33400,0.111,0.744,0.145
33500,0.111,0.739,0.150
33600,0.114,0.726,0.159
33700,0.111,0.728,0.160
33800,0.116,0.728,0.155
33900,0.120,0.730,0.150
34000,0.123,0.734,0.143
34100,0.123,0.729,0.148
34200,0.118,0.732,0.149
34300,0.122,0.734,0.144
34400,0.128,0.726,0.146
34500,0.130,0.721,0.149
34600,0.133,0.719,0.148
34700,0.128,0.722,0.150
34800,0.125,0.722,0.153
34900,0.128,0.712,0.160
35000,0.135,0.716,0.149
35100,0.117,0.709,0.174
35200,0.113,0.719,0.168
35300,0.110,0.704,0.186
35400,0.111,0.710,0.179
35500,0.113,0.710,0.177
35600,0.122,0.716,0.162
35700,0.121,0.730,0.149
35800,0.121,0.728,0.151
35900,0.118,0.733,0.148
36000,0.117,0.731,0.151
36100,0.115,0.729,0.155
36200,0.111,0.730,0.158
36300,0.111,0.720,0.169
36400,0.114,0.727,0.158
36500,0.123,0.703,0.175
36600,0.125,0.697,0.179
36700,0.126,0.682,0.192
36800,0.126,0.694,0.181
36900,0.134,0.694,0.173
37000,0.132,0.689,0.179
37100,0.128,0.689,0.183
37200,0.126,0.691,0.184
37300,0.120,0.697,0.184
37400,0.117,0.699,0.184
37500,0.118,0.698,0.184
37600,0.114,0.696,0.190
37700,0.118,0.709,0.173
37800,0.121,0.717,0.162
37900,0.122,0.715,0.163
38000,0.118,0.718,0.163
38100,0.124,0.705,0.172
38200,0.129,0.711,0.160
38300,0.128,0.705,0.168
38400,0.123,0.705,0.173
38500,0.127,0.704,0.170
38600,0.114,0.711,0.175
38700,0.118,0.712,0.170
38800,0.105,0.714,0.181
38900,0.109,0.704,0.187
39000,0.112,0.704,0.184
39100,0.106,0.711,0.183
39200,0.107,0.710,0.183
39300,0.115,0.714,0.171
39400,0.111,0.711,0.178
39500,0.108,0.708,0.184
39600,0.110,0.707,0.183
39700,0.112,0.708,0.180
39800,0.105,0.704,0.191
39900,0.101,0.713,0.186
40000,0.097,0.721,0.182
40100,0.094,0.724,0.182
40200,0.098,0.727,0.175
40300,0.100,0.725,0.175
40400,0.101,0.728,0.171
40500,0.100,0.730,0.170
40600,0.099,0.736,0.164
40700,0.104,0.730,0.165
40800,0.101,0.729,0.170
40900,0.101,0.730,0.169
41000,0.100,0.722,0.178
41100,0.098,0.726,0.176
41200,0.097,0.716,0.187
41300,0.097,0.721,0.182
41400,0.094,0.722,0.184
41500,0.090,0.729,0.181
41600,0.089,0.740,0.172
41700,0.090,0.728,0.182
41800,0.093,0.736,0.171
41900,0.095,0.734,0.171
42000,0.086,0.725,0.189
42100,0.086,0.724,0.190
42200,0.089,0.726,0.185
42300,0.088,0.714,0.198
42400,0.088,0.721,0.191
42500,0.089,0.724,0.187
42600,0.090,0.717,0.193
42700,0.091,0.701,0.208
42800,0.088,0.711,0.201
42900,0.081,0.720,0.199
43000,0.072,0.726,0.202
43100,0.067,0.733,0.199
43200,0.069,0.749,0.182
43300,0.075,0.757,0.169
43400,0.072,0.754,0.175
43500,0.067,0.765,0.168
43600,0.068,0.771,0.160
43700,0.069,0.761,0.170
43800,0.074,0.767,0.159
43900,0.074,0.765,0.161
44000,0.079,0.767,0.154
44100,0.081,0.751,0.169
44200,0.080,0.753,0.168
44300,0.081,0.749,0.171
44400,0.083,0.748,0.170
44500,0.081,0.737,0.182
44600,0.080,0.740,0.181
44700,0.078,0.750,0.173
44800,0.083,0.731,0.186
44900,0.088,0.734,0.178
45000,0.081,0.733,0.186
45100,0.086,0.726,0.188
45200,0.090,0.732,0.178
45300,0.094,0.731,0.175
45400,0.089,0.737,0.174
45500,0.086,0.740,0.175
45600,0.090,0.753,0.157
45700,0.084,0.748,0.169
45800,0.079,0.748,0.174
45900,0.078,0.758,0.164
46000,0.077,0.752,0.172
46100,0.077,0.753,0.171
46200,0.079,0.757,0.164
46300,0.078,0.765,0.157
46400,0.076,0.766,0.158
46500,0.070,0.770,0.159
46600,0.067,0.775,0.157
46700,0.065,0.756,0.179
46800,0.060,0.772,0.168
46900,0.058,0.767,0.175
47000,0.059,0.747,0.194
47100,0.061,0.765,0.174
47200,0.062,0.764,0.174
47300,0.061,0.763,0.176
47400,0.061,0.765,0.174
47500,0.060,0.766,0.174
47600,0.062,0.770,0.168
47700,0.065,0.771,0.163
47800,0.068,0.774,0.157
47900,0.064,0.779,0.156
48000,0.065,0.776,0.158
48100,0.068,0.771,0.160
48200,0.064,0.770,0.165
48300,0.068,0.772,0.159
48400,0.068,0.775,0.156
48500,0.069,0.777,0.153
48600,0.068,0.769,0.162
48700,0.065,0.772,0.162
48800,0.067,0.780,0.152
48900,0.066,0.781,0.152
49000,0.064,0.774,0.161
49100,0.066,0.779,0.154
49200,0.070,0.773,0.156
49300,0.073,0.769,0.158
49400,0.073,0.765,0.162
49500,0.075,0.778,0.147
49600,0.072,0.779,0.149
49700,0.075,0.761,0.164
49800,0.073,0.748,0.180
49900,0.074,0.754,0.173
50000,0.082,0.756,0.162
50100,0.076,0.761,0.163
50200,0.076,0.771,0.153
50300,0.069,0.778,0.152
50400,0.077,0.769,0.154
50500,0.073,0.768,0.159
50600,0.068,0.759,0.173
50700,0.065,0.759,0.176
50800,0.067,0.765,0.168
50900,0.066,0.756,0.178
51000,0.066,0.762,0.172
51100,0.065,0.759,0.176
51200,0.063,0.758,0.179
51300,0.063,0.753,0.184
51400,0.064,0.767,0.169
51500,0.063,0.782,0.154
51600,0.062,0.779,0.158
51700,0.061,0.791,0.148
51800,0.061,0.789,0.150
51900,0.065,0.791,0.144
52000,0.060,0.793,0.147
52100,0.060,0.792,0.148
52200,0.055,0.797,0.148
52300,0.054,0.779,0.166
52400,0.056,0.771,0.173
52500,0.057,0.776,0.166
52600,0.060,0.785,0.154
52700,0.057,0.778,0.164
52800,0.056,0.773,0.171
52900,0.053,0.781,0.165
53000,0.058,0.792,0.150
53100,0.060,0.793,0.147
53200,0.061,0.798,0.141
53300,0.058,0.795,0.147
53400,0.057,0.796,0.147
53500,0.060,0.801,0.139
53600,0.056,0.806,0.138
53700,0.056,0.812,0.132
53800,0.055,0.811,0.134
53900,0.052,0.807,0.141
54000,0.046,0.802,0.152
54100,0.049,0.794,0.157
54200,0.050,0.797,0.153
54300,0.050,0.800,0.150
54400,0.059,0.795,0.146
54500,0.058,0.802,0.140
54600,0.055,0.800,0.145
54700,0.059,0.803,0.138
54800,0.055,0.805,0.140
54900,0.049,0.804,0.147
55000,0.050,0.801,0.149
55100,0.053,0.806,0.141
55200,0.053,0.804,0.143
55300,0.049,0.803,0.148
55400,0.048,0.808,0.144
55500,0.043,0.793,0.164
55600,0.048,0.807,0.145
55700,0.048,0.810,0.142
55800,0.047,0.816,0.137
55900,0.047,0.826,0.127
56000,0.045,0.827,0.128
56100,0.047,0.826,0.127
56200,0.049,0.826,0.125
56300,0.049,0.829,0.122
56400,0.048,0.830,0.122
56500,0.053,0.825,0.122
56600,0.052,0.818,0.130
56700,0.054,0.802,0.144
56800,0.060,0.808,0.132
56900,0.060,0.817,0.123
57000,0.059,0.819,0.122
57100,0.058,0.822,0.120
57200,0.053,0.823,0.124
57300,0.051,0.829,0.120
57400,0.050,0.834,0.116
57500,0.051,0.826,0.123
57600,0.051,0.821,0.128
57700,0.049,0.823,0.128
57800,0.052,0.824,0.124
57900,0.051,0.843,0.106
58000,0.050,0.851,0.099
58100,0.050,0.851,0.099
58200,0.051,0.849,0.100
58300,0.053,0.848,0.099
58400,0.052,0.851,0.097
58500,0.052,0.848,0.100
58600,0.050,0.844,0.106
58700,0.051,0.848,0.101
58800,0.054,0.852,0.094
58900,0.051,0.853,0.096
59000,0.051,0.856,0.093
59100,0.051,0.851,0.098
59200,0.049,0.848,0.103
59300,0.052,0.853,0.095
59400,0.052,0.851,0.097
59500,0.051,0.847,0.102
59600,0.047,0.850,0.103
59700,0.048,0.853,0.099
59800,0.050,0.849,0.101
59900,0.048,0.853,0.099
60000,0.045,0.856,0.099
60100,0.045,0.849,0.106
60200,0.047,0.855,0.098
60300,0.047,0.851,0.102
60400,0.045,0.853,0.102
60500,0.047,0.854,0.099
60600,0.048,0.857,0.095
60700,0.048,0.859,0.093
60800,0.047,0.856,0.097
60900,0.047,0.855,0.098
61000,0.047,0.855,0.098
61100,0.047,0.856,0.097
61200,0.045,0.857,0.098
61300,0.046,0.860,0.094
61400,0.043,0.868,0.089
61500,0.042,0.872,0.086
61600,0.042,0.868,0.090
61700,0.042,0.870,0.088
61800,0.042,0.873,0.085
61900,0.043,0.878,0.079
62000,0.042,0.872,0.086
62100,0.043,0.871,0.086
62200,0.043,0.867,0.090
62300,0.043,0.875,0.082
62400,0.042,0.877,0.081
62500,0.043,0.874,0.083
62600,0.044,0.865,0.091
62700,0.046,0.868,0.086
62800,0.045,0.863,0.092
62900,0.043,0.866,0.091
63000,0.046,0.866,0.088
63100,0.046,0.864,0.090
63200,0.044,0.863,0.093
63300,0.044,0.864,0.092
63400,0.046,0.864,0.090
63500,0.047,0.856,0.097
63600,0.048,0.867,0.085
63700,0.048,0.866,0.086
63800,0.047,0.865,0.088
63900,0.052,0.861,0.087
64000,0.050,0.858,0.092
64100,0.050,0.864,0.086
64200,0.050,0.853,0.097
64300,0.049,0.862,0.089
64400,0.048,0.856,0.096
64500,0.048,0.855,0.097
64600,0.049,0.860,0.091
64700,0.048,0.862,0.090
64800,0.048,0.867,0.085
64900,0.048,0.864,0.088
65000,0.048,0.868,0.084
65100,0.047,0.866,0.087
65200,0.047,0.868,0.085
65300,0.047,0.865,0.088
65400,0.047,0.863,0.090
65500,0.047,0.863,0.090
65600,0.044,0.870,0.086
65700,0.047,0.873,0.080
65800,0.050,0.858,0.092
65900,0.047,0.858,0.095
66000,0.048,0.855,0.097
66100,0.048,0.853,0.099
66200,0.046,0.850,0.104
66300,0.051,0.850,0.099
66400,0.052,0.845,0.103
66500,0.052,0.840,0.108
66600,0.054,0.838,0.108
66700,0.052,0.841,0.107
66800,0.053,0.846,0.101
66900,0.053,0.837,0.110
67000,0.050,0.844,0.106
67100,0.048,0.849,0.103
67200,0.050,0.847,0.103
67300,0.053,0.856,0.091
67400,0.052,0.853,0.095
67500,0.052,0.842,0.106
67600,0.052,0.843,0.105
67700,0.052,0.841,0.107
67800,0.053,0.839,0.108
67900,0.056,0.847,0.097
68000,0.057,0.838,0.105
68100,0.055,0.838,0.107
68200,0.057,0.841,0.102
68300,0.055,0.846,0.099
68400,0.051,0.828,0.121
68500,0.051,0.835,0.114
68600,0.053,0.836,0.111
68700,0.056,0.839,0.105
68800,0.055,0.842,0.103
68900,0.053,0.842,0.105
69000,0.051,0.843,0.106
69100,0.051,0.840,0.109
69200,0.052,0.842,0.106
69300,0.051,0.850,0.099
69400,0.049,0.854,0.097
69500,0.054,0.847,0.099
69600,0.057,0.838,0.105
69700,0.056,0.844,0.100
69800,0.055,0.842,0.103
69900,0.054,0.843,0.103
70000,0.051,0.847,0.102
70100,0.054,0.838,0.108
70200,0.051,0.837,0.112
70300,0.051,0.836,0.113
70400,0.052,0.837,0.111
70500,0.049,0.850,0.101
70600,0.049,0.849,0.102
70700,0.054,0.836,0.110
70800,0.054,0.839,0.107
70900,0.053,0.830,0.116
71000,0.054,0.823,0.123
71100,0.057,0.818,0.125
71200,0.055,0.819,0.126
71300,0.054,0.822,0.124
71400,0.050,0.832,0.117
71500,0.051,0.835,0.114
71600,0.050,0.834,0.116
71700,0.050,0.830,0.120
71800,0.051,0.835,0.114
71900,0.049,0.835,0.116
72000,0.049,0.843,0.108
72100,0.045,0.830,0.125
72200,0.044,0.828,0.128
72300,0.045,0.838,0.117
72400,0.045,0.829,0.126
72500,0.044,0.832,0.124
72600,0.043,0.837,0.121
72700,0.045,0.845,0.110
72800,0.045,0.839,0.116
72900,0.051,0.839,0.110
73000,0.052,0.842,0.106
73100,0.050,0.841,0.109
73200,0.050,0.840,0.110
73300,0.052,0.824,0.124
73400,0.056,0.829,0.114
73500,0.056,0.840,0.104
73600,0.052,0.825,0.123
73700,0.054,0.819,0.127
73800,0.055,0.806,0.139
73900,0.054,0.814,0.132
74000,0.052,0.815,0.133
74100,0.051,0.819,0.130
74200,0.057,0.823,0.120
74300,0.054,0.826,0.120
74400,0.050,0.834,0.116
74500,0.049,0.836,0.115
74600,0.049,0.837,0.114
74700,0.043,0.837,0.121
74800,0.044,0.829,0.127
74900,0.044,0.837,0.120
75000,0.047,0.824,0.129
75100,0.052,0.823,0.125
75200,0.050,0.814,0.136
75300,0.050,0.807,0.143
75400,0.055,0.796,0.149
75500,0.056,0.797,0.147
75600,0.055,0.797,0.148
75700,0.054,0.803,0.143
75800,0.057,0.805,0.138
75900,0.057,0.809,0.134
76000,0.061,0.789,0.150
76100,0.067,0.774,0.158
76200,0.061,0.771,0.168
76300,0.066,0.774,0.159
76400,0.067,0.780,0.152
76500,0.066,0.767,0.166
76600,0.067,0.780,0.152
76700,0.064,0.774,0.161
76800,0.072,0.772,0.156
76900,0.074,0.779,0.147
77000,0.069,0.787,0.144
77100,0.064,0.797,0.139
77200,0.057,0.803,0.140
77300,0.056,0.804,0.140
77400,0.058,0.810,0.132
77500,0.059,0.818,0.123
77600,0.059,0.817,0.124
77700,0.056,0.818,0.126
77800,0.050,0.818,0.132
77900,0.047,0.821,0.132
78000,0.048,0.819,0.133
78100,0.049,0.832,0.118
78200,0.047,0.834,0.120
78300,0.046,0.818,0.136
78400,0.044,0.822,0.134
78500,0.041,0.832,0.127
78600,0.044,0.835,0.122
78700,0.047,0.825,0.128
78800,0.047,0.826,0.127
78900,0.047,0.830,0.123
79000,0.048,0.825,0.127
79100,0.051,0.831,0.117
79200,0.052,0.835,0.113
79300,0.052,0.827,0.121
79400,0.051,0.825,0.124
79500,0.050,0.836,0.114
79600,0.048,0.830,0.122
79700,0.046,0.838,0.116
79800,0.046,0.836,0.118
79900,0.047,0.838,0.115
80000,0.044,0.841,0.115
80100,0.046,0.827,0.127
80200,0.046,0.825,0.129
80300,0.049,0.826,0.125
80400,0.050,0.827,0.123
80500,0.045,0.824,0.131
80600,0.049,0.828,0.123
80700,0.053,0.831,0.115
80800,0.053,0.828,0.118
80900,0.053,0.823,0.124
81000,0.054,0.808,0.138
81100,0.061,0.801,0.138
81200,0.064,0.789,0.147
81300,0.066,0.795,0.139
81400,0.062,0.792,0.146
81500,0.061,0.787,0.152
81600,0.061,0.780,0.158
81700,0.061,0.797,0.142
81800,0.069,0.794,0.137
81900,0.065,0.791,0.144
82000,0.064,0.785,0.150
82100,0.065,0.790,0.145
82200,0.062,0.784,0.153
82300,0.060,0.796,0.144
82400,0.061,0.793,0.146
82500,0.059,0.800,0.141
82600,0.055,0.810,0.135
82700,0.057,0.811,0.132
82800,0.061,0.811,0.128
82900,0.061,0.812,0.127
83000,0.060,0.808,0.132
83100,0.063,0.822,0.114
83200,0.061,0.823,0.115
83300,0.056,0.817,0.127
83400,0.057,0.822,0.121
83500,0.057,0.822,0.121
83600,0.062,0.823,0.114
83700,0.063,0.824,0.112
83800,0.059,0.826,0.114
83900,0.060,0.828,0.111
84000,0.062,0.823,0.114
84100,0.052,0.827,0.121
84200,0.054,0.827,0.118
84300,0.052,0.826,0.122
84400,0.051,0.835,0.114
84500,0.052,0.835,0.113
84600,0.052,0.831,0.116
84700,0.053,0.844,0.103
84800,0.053,0.840,0.107
84900,0.050,0.836,0.114
85000,0.053,0.834,0.113
85100,0.052,0.835,0.113
85200,0.053,0.841,0.106
85300,0.050,0.840,0.110
85400,0.050,0.831,0.118
85500,0.059,0.835,0.106
85600,0.058,0.835,0.107
85700,0.059,0.826,0.114
85800,0.059,0.816,0.125
85900,0.060,0.828,0.111
86000,0.059,0.821,0.120
86100,0.056,0.823,0.121
86200,0.053,0.819,0.128
86300,0.057,0.813,0.130
86400,0.057,0.815,0.128
86500,0.054,0.816,0.130
86600,0.053,0.820,0.127
86700,0.053,0.815,0.132
86800,0.048,0.822,0.130
86900,0.051,0.819,0.130
87000,0.053,0.808,0.139
87100,0.051,0.820,0.129
87200,0.049,0.816,0.135
87300,0.049,0.812,0.139
87400,0.051,0.815,0.134
87500,0.051,0.810,0.139
87600,0.052,0.822,0.126
87700,0.049,0.824,0.127
87800,0.048,0.828,0.124
87900,0.053,0.827,0.120
88000,0.047,0.816,0.137
88100,0.051,0.822,0.127
88200,0.050,0.821,0.129
88300,0.059,0.813,0.128
88400,0.059,0.817,0.124
88500,0.056,0.813,0.131
88600,0.056,0.805,0.139
88700,0.062,0.806,0.132
88800,0.062,0.812,0.126
88900,0.057,0.814,0.129
89000,0.058,0.814,0.128
89100,0.059,0.818,0.123
89200,0.057,0.815,0.128
89300,0.057,0.816,0.127
89400,0.057,0.826,0.116
89500,0.057,0.828,0.114
89600,0.045,0.825,0.130
89700,0.044,0.834,0.123
89800,0.043,0.838,0.120
89900,0.047,0.838,0.115
90000,0.043,0.837,0.121
90100,0.043,0.834,0.124
90200,0.043,0.841,0.116
90300,0.043,0.843,0.114
90400,0.042,0.844,0.114
90500,0.045,0.853,0.102
90600,0.045,0.852,0.103
90700,0.047,0.851,0.102
90800,0.048,0.854,0.098
90900,0.047,0.854,0.099
91000,0.045,0.854,0.101
91100,0.046,0.854,0.100
91200,0.045,0.843,0.112
91300,0.049,0.841,0.110
91400,0.046,0.838,0.116
91500,0.051,0.837,0.112
91600,0.050,0.834,0.116
91700,0.049,0.828,0.123
91800,0.046,0.828,0.126
91900,0.047,0.827,0.126
92000,0.051,0.827,0.122
92100,0.050,0.827,0.123
92200,0.051,0.829,0.120
92300,0.049,0.828,0.123
92400,0.053,0.834,0.113
92500,0.057,0.830,0.112
92600,0.053,0.830,0.116
92700,0.051,0.825,0.124
92800,0.053,0.835,0.112
92900,0.050,0.837,0.113
93000,0.049,0.816,0.135
93100,0.052,0.822,0.126
93200,0.053,0.825,0.122
93300,0.052,0.827,0.121
93400,0.049,0.828,0.123
93500,0.051,0.825,0.124
93600,0.047,0.824,0.129
93700,0.046,0.823,0.131
93800,0.045,0.825,0.130
93900,0.042,0.823,0.135
94000,0.043,0.825,0.132
94100,0.048,0.832,0.120
94200,0.048,0.830,0.122
94300,0.048,0.826,0.126
94400,0.044,0.827,0.129
94500,0.047,0.835,0.118
94600,0.046,0.824,0.130
94700,0.047,0.823,0.130
94800,0.047,0.835,0.118
94900,0.046,0.839,0.115
95000,0.052,0.826,0.122
95100,0.050,0.823,0.127
95200,0.048,0.832,0.120
95300,0.049,0.831,0.120
95400,0.050,0.837,0.113
95500,0.046,0.823,0.131
95600,0.054,0.821,0.125
95700,0.056,0.803,0.141
95800,0.057,0.806,0.137
95900,0.058,0.790,0.152
96000,0.061,0.790,0.149
96100,0.064,0.789,0.147
96200,0.058,0.797,0.145
96300,0.062,0.801,0.137
96400,0.057,0.802,0.141
96500,0.061,0.807,0.132
96600,0.063,0.795,0.142
96700,0.065,0.791,0.144
96800,0.061,0.782,0.156
96900,0.062,0.783,0.154
97000,0.061,0.801,0.138
97100,0.061,0.799,0.140
97200,0.060,0.807,0.133
97300,0.055,0.816,0.129
97400,0.056,0.814,0.130
97500,0.055,0.820,0.125
97600,0.052,0.800,0.148
97700,0.057,0.804,0.139
97800,0.056,0.804,0.140
97900,0.053,0.811,0.136
98000,0.054,0.816,0.130
98100,0.056,0.821,0.123
98200,0.057,0.820,0.123
98300,0.058,0.822,0.120
98400,0.060,0.817,0.123
98500,0.064,0.823,0.112
98600,0.060,0.818,0.122
98700,0.058,0.820,0.122
98800,0.057,0.823,0.120
98900,0.059,0.828,0.112
99000,0.050,0.838,0.112
99100,0.050,0.848,0.102
99200,0.052,0.852,0.096
99300,0.051,0.848,0.101
99400,0.052,0.848,0.100
99500,0.054,0.852,0.094
99600,0.050,0.853,0.097
99700,0.049,0.851,0.100
99800,0.050,0.853,0.097
99900,0.048,0.855,0.097
100000,0.050,0.850,0.100
