time,n_A+p,n_B,n_AB
100,0.391,0.315,0.293
200,0.359,0.272,0.370
300,0.370,0.239,0.391
400,0.413,0.217,0.370
500,0.304,0.185,0.511
600,0.489,0.076,0.435
700,0.565,0.065,0.370
800,0.565,0.043,0.391
900,0.707,0.043,0.250
1000,0.772,0.065,0.163
1100,0.772,0.065,0.163
1200,0.750,0.076,0.174
1300,0.739,0.033,0.228
1400,0.739,0.043,0.217
1500,0.717,0.076,0.207
1600,0.707,0.076,0.217
1700,0.652,0.033,0.315
1800,0.652,0.076,0.272
1900,0.663,0.043,0.293
2000,0.707,0.043,0.250
2100,0.707,0.043,0.250
2200,0.554,0.087,0.359
2300,0.576,0.043,0.380
2400,0.522,0.087,0.391
2500,0.478,0.120,0.402
2600,0.543,0.141,0.315
2700,0.478,0.065,0.457
2800,0.467,0.087,0.446
2900,0.522,0.109,0.370
3000,0.522,0.054,0.424
3100,0.511,0.141,0.348
3200,0.489,0.130,0.380
3300,0.457,0.174,0.370
3400,0.391,0.141,0.467
3500,0.370,0.196,0.435
3600,0.467,0.141,0.391
3700,0.446,0.163,0.391
3800,0.402,0.152,0.446
3900,0.413,0.120,0.467
4000,0.522,0.109,0.370
4100,0.533,0.065,0.402
4200,0.609,0.065,0.326
4300,0.707,0.076,0.217
4400,0.663,0.065,0.272
4500,0.641,0.054,0.304
4600,0.533,0.109,0.359
4700,0.641,0.065,0.293
4800,0.543,0.098,0.359
4900,0.598,0.120,0.283
5000,0.587,0.109,0.304
5100,0.565,0.098,0.337
5200,0.598,0.076,0.326
5300,0.630,0.054,0.315
5400,0.663,0.022,0.315
5500,0.739,0.011,0.250
5600,0.793,0.033,0.174
5700,0.750,0.043,0.207
5800,0.674,0.022,0.304
5900,0.707,0.033,0.261
6000,0.804,0.022,0.174
6100,0.826,0.022,0.152
6200,0.880,0.022,0.098
6300,0.880,0.022,0.098
6400,0.880,0.011,0.109
6500,0.837,0.000,0.163
6600,0.772,0.000,0.228
6700,0.793,0.000,0.207
6800,0.848,0.011,0.141
6900,0.880,0.011,0.109
7000,0.859,0.011,0.130
7100,0.837,0.011,0.152
7200,0.848,0.033,0.120
7300,0.750,0.065,0.185
7400,0.739,0.022,0.239
7500,0.793,0.000,0.207
7600,0.793,0.022,0.185
7700,0.804,0.033,0.163
7800,0.826,0.000,0.174
7900,0.826,0.000,0.174
8000,0.804,0.000,0.196
8100,0.815,0.022,0.163
8200,0.891,0.000,0.109
8300,0.891,0.000,0.109
8400,0.913,0.000,0.087
8500,0.902,0.022,0.076
8600,0.859,0.022,0.120
8700,0.848,0.022,0.130
8800,0.891,0.011,0.098
8900,0.913,0.000,0.087
9000,0.902,0.000,0.098
9100,0.891,0.000,0.109
9200,0.859,0.000,0.141
9300,0.870,0.000,0.130
9400,0.826,0.000,0.174
9500,0.793,0.000,0.207
9600,0.685,0.033,0.283
9700,0.696,0.043,0.261
9800,0.717,0.054,0.228
9900,0.739,0.011,0.250
10000,0.793,0.033,0.174
10100,0.837,0.033,0.130
10200,0.804,0.000,0.196
10300,0.848,0.000,0.152
10400,0.826,0.022,0.152
10500,0.859,0.022,0.120
10600,0.848,0.043,0.109
10700,0.793,0.022,0.185
10800,0.783,0.022,0.196
10900,0.728,0.022,0.250
11000,0.826,0.022,0.152
11100,0.793,0.033,0.174
11200,0.793,0.033,0.174
11300,0.870,0.022,0.109
11400,0.870,0.011,0.120
11500,0.880,0.011,0.109
11600,0.902,0.022,0.076
11700,0.957,0.000,0.043
11800,0.989,0.000,0.011
11900,0.989,0.000,0.011
12000,0.989,0.000,0.011
12100,1.000,0.000,0.000
