time,n_A+p,n_B,n_AB
500,0.010,0.557,0.433
1000,0.010,0.243,0.747
1500,0.016,0.159,0.825
2000,0.010,0.207,0.783
2500,0.056,0.120,0.824
3000,0.268,0.001,0.731
3500,0.298,0.000,0.702
4000,0.392,0.000,0.608
4500,0.176,0.000,0.824
5000,0.228,0.000,0.772
5500,0.194,0.001,0.805
6000,0.171,0.000,0.829
6500,0.280,0.000,0.720
7000,0.186,0.000,0.814
7500,0.305,0.000,0.695
8000,0.232,0.000,0.768
8500,0.178,0.000,0.822
9000,0.242,0.000,0.758
9500,0.229,0.000,0.771
10000,0.400,0.000,0.600
10500,0.191,0.000,0.809
11000,0.222,0.000,0.778
11500,0.285,0.000,0.715
12000,0.196,0.000,0.804
12500,0.214,0.002,0.784
13000,0.341,0.000,0.659
13500,0.247,0.000,0.753
14000,0.097,0.034,0.869
14500,0.181,0.000,0.819
15000,0.298,0.000,0.702
15500,0.150,0.000,0.850
16000,0.120,0.004,0.876
16500,0.293,0.000,0.707
17000,0.251,0.000,0.749
17500,0.192,0.000,0.808
18000,0.214,0.000,0.786
18500,0.286,0.000,0.714
19000,0.256,0.000,0.744
19500,0.143,0.000,0.857
20000,0.265,0.000,0.735
20500,0.332,0.000,0.668
21000,0.248,0.000,0.752
21500,0.271,0.000,0.729
22000,0.155,0.001,0.844
22500,0.076,0.067,0.857
23000,0.136,0.014,0.850
23500,0.175,0.000,0.825
24000,0.116,0.000,0.884
24500,0.181,0.000,0.819
25000,0.199,0.000,0.801
25500,0.203,0.000,0.797
26000,0.235,0.000,0.765
26500,0.140,0.000,0.860
27000,0.150,0.014,0.836
27500,0.187,0.000,0.813
28000,0.262,0.000,0.738
28500,0.214,0.000,0.786
29000,0.350,0.000,0.650
29500,0.264,0.003,0.733
30000,0.149,0.000,0.851
30500,0.298,0.000,0.702
31000,0.333,0.000,0.667
31500,0.211,0.000,0.789
32000,0.284,0.000,0.716
32500,0.291,0.000,0.709
33000,0.288,0.001,0.711
33500,0.279,0.000,0.721
34000,0.086,0.010,0.904
34500,0.186,0.001,0.813
35000,0.262,0.000,0.738
35500,0.204,0.000,0.796
36000,0.175,0.000,0.825
36500,0.292,0.000,0.708
37000,0.291,0.000,0.709
37500,0.320,0.000,0.680
38000,0.142,0.000,0.858
38500,0.245,0.000,0.755
39000,0.155,0.000,0.845
39500,0.213,0.000,0.787
40000,0.215,0.000,0.785
40500,0.196,0.000,0.804
41000,0.197,0.000,0.803
41500,0.146,0.000,0.854
42000,0.085,0.012,0.903
42500,0.168,0.000,0.832
43000,0.224,0.000,0.776
43500,0.294,0.000,0.706
44000,0.292,0.000,0.708
44500,0.274,0.000,0.726
45000,0.252,0.000,0.748
45500,0.292,0.000,0.708
46000,0.164,0.000,0.836
46500,0.117,0.000,0.883
47000,0.340,0.000,0.660
47500,0.158,0.000,0.842
48000,0.178,0.000,0.822
48500,0.187,0.000,0.813
49000,0.265,0.000,0.735
49500,0.264,0.000,0.736
50000,0.322,0.000,0.678
50500,0.347,0.000,0.653
51000,0.214,0.000,0.786
51500,0.159,0.000,0.841
52000,0.223,0.000,0.777
52500,0.325,0.000,0.675
53000,0.278,0.000,0.722
53500,0.346,0.000,0.654
54000,0.276,0.000,0.724
54500,0.217,0.000,0.783
55000,0.166,0.000,0.834
55500,0.199,0.000,0.801
56000,0.323,0.000,0.677
56500,0.176,0.021,0.803
57000,0.232,0.000,0.768
57500,0.214,0.000,0.786
58000,0.352,0.000,0.648
58500,0.207,0.000,0.793
59000,0.141,0.005,0.854
59500,0.217,0.000,0.783
60000,0.156,0.021,0.823
60500,0.204,0.000,0.796
61000,0.161,0.000,0.839
61500,0.273,0.000,0.727
62000,0.175,0.001,0.824
62500,0.216,0.000,0.784
63000,0.195,0.000,0.805
63500,0.212,0.000,0.788
64000,0.223,0.000,0.777
64500,0.138,0.001,0.861
65000,0.212,0.000,0.788
65500,0.199,0.013,0.788
66000,0.184,0.000,0.816
66500,0.165,0.000,0.835
67000,0.376,0.000,0.624
67500,0.253,0.000,0.747
68000,0.188,0.000,0.812
68500,0.150,0.027,0.823
69000,0.369,0.000,0.631
69500,0.237,0.000,0.763
70000,0.196,0.000,0.804
70500,0.164,0.000,0.836
71000,0.201,0.000,0.799
71500,0.195,0.000,0.805
72000,0.205,0.001,0.794
72500,0.234,0.000,0.766
73000,0.037,0.103,0.860
73500,0.154,0.005,0.841
74000,0.234,0.000,0.766
74500,0.282,0.001,0.717
75000,0.202,0.000,0.798
75500,0.269,0.000,0.731
76000,0.244,0.000,0.756
76500,0.317,0.000,0.683
77000,0.148,0.000,0.852
77500,0.299,0.000,0.701
78000,0.211,0.000,0.789
78500,0.131,0.006,0.863
79000,0.234,0.000,0.766
79500,0.155,0.000,0.845
80000,0.161,0.000,0.839
80500,0.204,0.000,0.796
81000,0.206,0.000,0.794
81500,0.174,0.000,0.826
82000,0.204,0.004,0.792
82500,0.143,0.000,0.857
83000,0.258,0.000,0.742
83500,0.209,0.000,0.791
84000,0.198,0.000,0.802
84500,0.186,0.000,0.814
85000,0.268,0.000,0.732
85500,0.205,0.000,0.795
86000,0.179,0.000,0.821
86500,0.234,0.000,0.766
87000,0.108,0.006,0.886
87500,0.170,0.000,0.830
88000,0.250,0.000,0.750
88500,0.251,0.000,0.749
89000,0.236,0.001,0.763
89500,0.356,0.000,0.644
90000,0.286,0.000,0.714
90500,0.181,0.000,0.819
91000,0.168,0.000,0.832
91500,0.235,0.000,0.765
92000,0.228,0.000,0.772
92500,0.183,0.000,0.817
93000,0.228,0.000,0.772
93500,0.180,0.000,0.820
94000,0.241,0.000,0.759
94500,0.180,0.000,0.820
95000,0.199,0.000,0.801
95500,0.236,0.000,0.764
96000,0.197,0.000,0.803
96500,0.261,0.000,0.739
97000,0.091,0.000,0.909
97500,0.188,0.001,0.811
98000,0.195,0.000,0.805
98500,0.261,0.000,0.739
99000,0.223,0.000,0.777
99500,0.173,0.007,0.820
100000,0.238,0.000,0.762
100500,0.238,0.000,0.762
101000,0.276,0.000,0.724
101500,0.239,0.000,0.761
102000,0.245,0.000,0.755
102500,0.169,0.000,0.831
103000,0.189,0.000,0.811
103500,0.226,0.000,0.774
104000,0.277,0.000,0.723
104500,0.217,0.000,0.783
105000,0.177,0.000,0.823
105500,0.224,0.000,0.776
106000,0.258,0.000,0.742
106500,0.374,0.000,0.626
107000,0.140,0.000,0.860
107500,0.325,0.000,0.675
108000,0.181,0.000,0.819
108500,0.190,0.000,0.810
109000,0.289,0.000,0.711
109500,0.385,0.000,0.615
110000,0.343,0.000,0.657
110500,0.299,0.000,0.701
111000,0.236,0.000,0.764
111500,0.282,0.000,0.718
112000,0.218,0.000,0.782
112500,0.283,0.000,0.717
113000,0.280,0.000,0.720
113500,0.195,0.000,0.805
114000,0.253,0.000,0.747
114500,0.335,0.000,0.665
115000,0.319,0.000,0.681
115500,0.234,0.000,0.766
116000,0.275,0.000,0.725
116500,0.132,0.010,0.858
117000,0.194,0.005,0.801
117500,0.195,0.000,0.805
118000,0.132,0.000,0.868
118500,0.226,0.000,0.774
119000,0.268,0.000,0.732
119500,0.409,0.000,0.591
120000,0.193,0.000,0.807
120500,0.265,0.000,0.735
121000,0.281,0.000,0.719
121500,0.160,0.000,0.840
122000,0.241,0.002,0.757
122500,0.266,0.001,0.733
123000,0.215,0.000,0.785
123500,0.228,0.000,0.772
124000,0.248,0.000,0.752
124500,0.292,0.000,0.708
125000,0.265,0.000,0.735
125500,0.189,0.000,0.811
126000,0.176,0.000,0.824
126500,0.218,0.000,0.782
127000,0.202,0.000,0.798
127500,0.293,0.000,0.707
128000,0.254,0.000,0.746
128500,0.146,0.000,0.854
129000,0.242,0.002,0.756
129500,0.308,0.000,0.692
130000,0.207,0.000,0.793
130500,0.266,0.000,0.734
131000,0.200,0.002,0.798
131500,0.222,0.000,0.778
132000,0.235,0.000,0.765
132500,0.272,0.000,0.728
133000,0.106,0.019,0.875
133500,0.160,0.000,0.840
134000,0.177,0.000,0.823
134500,0.193,0.000,0.807
135000,0.308,0.000,0.692
135500,0.283,0.000,0.717
136000,0.174,0.005,0.821
136500,0.202,0.000,0.798
137000,0.155,0.006,0.839
137500,0.174,0.014,0.812
138000,0.298,0.002,0.700
138500,0.186,0.000,0.814
139000,0.141,0.000,0.859
139500,0.253,0.000,0.747
140000,0.195,0.000,0.805
140500,0.198,0.000,0.802
141000,0.282,0.000,0.718
141500,0.276,0.000,0.724
142000,0.231,0.000,0.769
142500,0.206,0.000,0.794
143000,0.239,0.000,0.761
143500,0.141,0.000,0.859
144000,0.141,0.000,0.859
144500,0.174,0.000,0.826
145000,0.233,0.000,0.767
145500,0.280,0.000,0.720
146000,0.147,0.000,0.853
146500,0.180,0.000,0.820
147000,0.150,0.000,0.850
147500,0.297,0.000,0.703
148000,0.238,0.000,0.762
148500,0.075,0.021,0.904
149000,0.289,0.000,0.711
149500,0.246,0.000,0.754
150000,0.207,0.000,0.793
150500,0.208,0.002,0.790
151000,0.146,0.000,0.854
151500,0.208,0.000,0.792
152000,0.216,0.000,0.784
152500,0.214,0.000,0.786
153000,0.150,0.000,0.850
153500,0.140,0.000,0.860
154000,0.183,0.000,0.817
154500,0.278,0.000,0.722
155000,0.175,0.001,0.824
155500,0.221,0.000,0.779
156000,0.186,0.005,0.809
156500,0.229,0.000,0.771
157000,0.213,0.000,0.787
157500,0.193,0.000,0.807
158000,0.206,0.023,0.771
158500,0.215,0.000,0.785
159000,0.201,0.000,0.799
159500,0.257,0.000,0.743
160000,0.130,0.000,0.870
160500,0.153,0.000,0.847
161000,0.254,0.000,0.746
161500,0.156,0.022,0.822
162000,0.168,0.000,0.832
162500,0.315,0.000,0.685
163000,0.214,0.001,0.785
163500,0.264,0.000,0.736
164000,0.156,0.000,0.844
164500,0.085,0.088,0.827
165000,0.146,0.001,0.853
165500,0.195,0.000,0.805
166000,0.288,0.000,0.712
166500,0.136,0.000,0.864
167000,0.402,0.000,0.598
167500,0.231,0.000,0.769
168000,0.135,0.000,0.865
168500,0.195,0.000,0.805
169000,0.194,0.000,0.806
169500,0.179,0.000,0.821
170000,0.175,0.000,0.825
170500,0.272,0.000,0.728
171000,0.313,0.000,0.687
171500,0.158,0.009,0.833
172000,0.202,0.000,0.798
172500,0.174,0.000,0.826
173000,0.188,0.000,0.812
173500,0.315,0.000,0.685
174000,0.237,0.000,0.763
174500,0.267,0.000,0.733
175000,0.195,0.000,0.805
175500,0.205,0.000,0.795
176000,0.183,0.000,0.817
176500,0.152,0.001,0.847
177000,0.169,0.001,0.830
177500,0.184,0.000,0.816
178000,0.246,0.000,0.754
178500,0.187,0.000,0.813
179000,0.156,0.000,0.844
179500,0.135,0.011,0.854
180000,0.269,0.000,0.731
180500,0.296,0.000,0.704
181000,0.224,0.000,0.776
181500,0.340,0.000,0.660
182000,0.188,0.000,0.812
182500,0.153,0.000,0.847
183000,0.240,0.000,0.760
183500,0.224,0.000,0.776
184000,0.183,0.000,0.817
184500,0.160,0.000,0.840
185000,0.175,0.000,0.825
185500,0.114,0.000,0.886
186000,0.248,0.000,0.752
186500,0.312,0.000,0.688
187000,0.267,0.000,0.733
187500,0.360,0.000,0.640
188000,0.298,0.000,0.702
188500,0.190,0.000,0.810
189000,0.298,0.000,0.702
189500,0.269,0.000,0.731
190000,0.244,0.000,0.756
190500,0.114,0.015,0.871
191000,0.283,0.000,0.717
191500,0.142,0.006,0.852
192000,0.199,0.000,0.801
192500,0.217,0.000,0.783
193000,0.130,0.000,0.870
193500,0.119,0.000,0.881
194000,0.276,0.000,0.724
194500,0.390,0.000,0.610
195000,0.198,0.000,0.802
195500,0.193,0.000,0.807
196000,0.192,0.003,0.805
196500,0.260,0.000,0.740
197000,0.250,0.000,0.750
197500,0.190,0.000,0.810
198000,0.355,0.000,0.645
198500,0.270,0.000,0.730
199000,0.234,0.000,0.766
199500,0.095,0.000,0.905
200000,0.256,0.000,0.744
200500,0.266,0.001,0.733
201000,0.145,0.000,0.855
201500,0.255,0.001,0.744
202000,0.228,0.000,0.772
202500,0.197,0.000,0.803
203000,0.212,0.000,0.788
203500,0.178,0.000,0.822
204000,0.103,0.016,0.881
204500,0.225,0.000,0.775
205000,0.196,0.000,0.804
205500,0.215,0.000,0.785
206000,0.219,0.000,0.781
206500,0.155,0.002,0.843
207000,0.202,0.000,0.798
207500,0.210,0.000,0.790
208000,0.266,0.000,0.734
208500,0.234,0.000,0.766
209000,0.216,0.000,0.784
209500,0.382,0.000,0.618
210000,0.240,0.000,0.760
210500,0.286,0.000,0.714
211000,0.270,0.000,0.730
211500,0.194,0.000,0.806
212000,0.264,0.000,0.736
212500,0.143,0.000,0.857
213000,0.207,0.000,0.793
213500,0.198,0.000,0.802
214000,0.254,0.000,0.746
214500,0.192,0.000,0.808
215000,0.256,0.000,0.744
215500,0.360,0.000,0.640
216000,0.200,0.000,0.800
216500,0.303,0.000,0.697
217000,0.228,0.000,0.772
217500,0.203,0.000,0.797
218000,0.221,0.003,0.776
218500,0.170,0.000,0.830
219000,0.242,0.000,0.758
219500,0.196,0.000,0.804
220000,0.185,0.000,0.815
220500,0.235,0.000,0.765
221000,0.166,0.000,0.834
221500,0.256,0.000,0.744
222000,0.207,0.000,0.793
222500,0.246,0.000,0.754
223000,0.231,0.000,0.769
223500,0.278,0.000,0.722
224000,0.335,0.000,0.665
224500,0.119,0.009,0.872
225000,0.199,0.003,0.798
225500,0.207,0.000,0.793
226000,0.148,0.016,0.836
226500,0.276,0.000,0.724
227000,0.248,0.000,0.752
227500,0.230,0.000,0.770
228000,0.172,0.000,0.828
228500,0.306,0.000,0.694
229000,0.239,0.000,0.761
229500,0.260,0.000,0.740
230000,0.265,0.000,0.735
230500,0.154,0.003,0.843
231000,0.247,0.000,0.753
231500,0.281,0.000,0.719
232000,0.214,0.000,0.786
232500,0.289,0.013,0.698
233000,0.267,0.000,0.733
233500,0.285,0.000,0.715
234000,0.268,0.000,0.732
234500,0.266,0.000,0.734
235000,0.156,0.000,0.844
235500,0.277,0.000,0.723
236000,0.358,0.000,0.642
236500,0.166,0.000,0.834
237000,0.289,0.000,0.711
237500,0.295,0.000,0.705
238000,0.243,0.000,0.757
238500,0.231,0.000,0.769
239000,0.260,0.000,0.740
239500,0.208,0.000,0.792
240000,0.238,0.000,0.762
240500,0.277,0.000,0.723
241000,0.181,0.000,0.819
241500,0.264,0.000,0.736
242000,0.281,0.000,0.719
242500,0.191,0.000,0.809
243000,0.169,0.016,0.815
243500,0.197,0.000,0.803
244000,0.300,0.000,0.700
244500,0.274,0.000,0.726
245000,0.439,0.000,0.561
245500,0.220,0.000,0.780
246000,0.331,0.000,0.669
246500,0.205,0.000,0.795
247000,0.105,0.035,0.860
247500,0.219,0.000,0.781
248000,0.249,0.001,0.750
248500,0.338,0.000,0.662
249000,0.176,0.000,0.824
249500,0.225,0.000,0.775
250000,0.259,0.000,0.741
250500,0.215,0.000,0.785
251000,0.175,0.000,0.825
251500,0.229,0.000,0.771
252000,0.123,0.000,0.877
252500,0.059,0.096,0.845
253000,0.028,0.023,0.949
253500,0.012,0.153,0.835
254000,0.010,0.223,0.767
254500,0.010,0.192,0.798
255000,0.010,0.251,0.739
255500,0.013,0.095,0.892
256000,0.012,0.092,0.896
256500,0.010,0.116,0.874
257000,0.010,0.144,0.846
257500,0.010,0.151,0.839
258000,0.010,0.145,0.845
258500,0.010,0.227,0.763
259000,0.010,0.205,0.785
259500,0.010,0.189,0.801
260000,0.063,0.035,0.902
260500,0.049,0.089,0.862
261000,0.011,0.153,0.836
261500,0.010,0.171,0.819
262000,0.010,0.233,0.757
262500,0.010,0.150,0.840
263000,0.024,0.144,0.832
263500,0.010,0.216,0.774
264000,0.010,0.150,0.840
264500,0.010,0.132,0.858
265000,0.026,0.139,0.835
265500,0.014,0.099,0.887
266000,0.014,0.049,0.937
266500,0.026,0.101,0.873
267000,0.011,0.157,0.832
267500,0.012,0.160,0.828
268000,0.010,0.190,0.800
268500,0.036,0.059,0.905
269000,0.164,0.004,0.832
269500,0.273,0.000,0.727
270000,0.269,0.000,0.731
270500,0.210,0.000,0.790
271000,0.216,0.000,0.784
271500,0.256,0.000,0.744
272000,0.165,0.000,0.835
272500,0.167,0.000,0.833
273000,0.232,0.000,0.768
273500,0.218,0.000,0.782
274000,0.237,0.000,0.763
274500,0.333,0.000,0.667
275000,0.223,0.000,0.777
275500,0.167,0.000,0.833
276000,0.212,0.000,0.788
276500,0.204,0.000,0.796
277000,0.261,0.000,0.739
277500,0.210,0.000,0.790
278000,0.134,0.000,0.866
278500,0.249,0.000,0.751
279000,0.233,0.000,0.767
279500,0.268,0.000,0.732
280000,0.292,0.000,0.708
280500,0.265,0.000,0.735
281000,0.130,0.000,0.870
281500,0.194,0.000,0.806
282000,0.290,0.000,0.710
282500,0.322,0.000,0.678
283000,0.211,0.000,0.789
283500,0.246,0.006,0.748
284000,0.230,0.000,0.770
284500,0.181,0.000,0.819
285000,0.193,0.000,0.807
285500,0.218,0.000,0.782
286000,0.192,0.000,0.808
286500,0.105,0.015,0.880
287000,0.231,0.001,0.768
287500,0.236,0.000,0.764
288000,0.190,0.000,0.810
288500,0.230,0.000,0.770
289000,0.142,0.016,0.842
289500,0.090,0.000,0.910
290000,0.224,0.000,0.776
290500,0.257,0.000,0.743
291000,0.286,0.000,0.714
291500,0.240,0.000,0.760
292000,0.376,0.000,0.624
292500,0.190,0.015,0.795
293000,0.255,0.000,0.745
293500,0.302,0.000,0.698
294000,0.107,0.011,0.882
294500,0.236,0.000,0.764
295000,0.191,0.000,0.809
295500,0.311,0.000,0.689
296000,0.266,0.000,0.734
296500,0.171,0.000,0.829
297000,0.128,0.011,0.861
297500,0.172,0.000,0.828
298000,0.088,0.014,0.898
298500,0.197,0.001,0.802
299000,0.169,0.000,0.831
299500,0.233,0.000,0.767
300000,0.199,0.000,0.801
300500,0.218,0.000,0.782
301000,0.211,0.000,0.789
301500,0.241,0.000,0.759
302000,0.205,0.002,0.793
302500,0.168,0.000,0.832
303000,0.280,0.000,0.720
303500,0.246,0.000,0.754
304000,0.383,0.000,0.617
304500,0.306,0.000,0.694
305000,0.253,0.000,0.747
305500,0.313,0.000,0.687
306000,0.235,0.000,0.765
306500,0.297,0.002,0.701
307000,0.349,0.000,0.651
307500,0.124,0.013,0.863
308000,0.220,0.017,0.763
308500,0.286,0.000,0.714
309000,0.152,0.000,0.848
309500,0.295,0.000,0.705
310000,0.256,0.005,0.739
310500,0.175,0.005,0.820
311000,0.334,0.000,0.666
311500,0.230,0.000,0.770
312000,0.345,0.000,0.655
312500,0.176,0.000,0.824
313000,0.238,0.000,0.762
313500,0.185,0.000,0.815
314000,0.243,0.000,0.757
314500,0.198,0.000,0.802
315000,0.242,0.000,0.758
315500,0.233,0.000,0.767
316000,0.265,0.000,0.735
316500,0.316,0.000,0.684
317000,0.162,0.000,0.838
317500,0.340,0.000,0.660
318000,0.291,0.000,0.709
318500,0.201,0.000,0.799
319000,0.229,0.003,0.768
319500,0.175,0.000,0.825
320000,0.240,0.000,0.760
320500,0.242,0.000,0.758
321000,0.218,0.000,0.782
321500,0.179,0.000,0.821
322000,0.236,0.001,0.763
322500,0.159,0.000,0.841
323000,0.224,0.000,0.776
323500,0.266,0.000,0.734
324000,0.145,0.000,0.855
324500,0.116,0.014,0.870
325000,0.179,0.000,0.821
325500,0.180,0.004,0.816
326000,0.138,0.000,0.862
326500,0.261,0.000,0.739
327000,0.222,0.000,0.778
327500,0.308,0.000,0.692
328000,0.238,0.000,0.762
328500,0.215,0.000,0.785
329000,0.307,0.000,0.693
329500,0.183,0.000,0.817
330000,0.251,0.000,0.749
330500,0.222,0.000,0.778
331000,0.219,0.000,0.781
331500,0.255,0.000,0.745
332000,0.200,0.001,0.799
332500,0.112,0.017,0.871
333000,0.115,0.020,0.865
333500,0.111,0.000,0.889
334000,0.234,0.000,0.766
334500,0.246,0.000,0.754
335000,0.168,0.001,0.831
335500,0.217,0.000,0.783
336000,0.086,0.004,0.910
336500,0.250,0.000,0.750
337000,0.141,0.000,0.859
337500,0.144,0.000,0.856
338000,0.258,0.000,0.742
338500,0.146,0.009,0.845
339000,0.232,0.001,0.767
339500,0.147,0.010,0.843
340000,0.168,0.003,0.829
340500,0.180,0.000,0.820
341000,0.141,0.008,0.851
341500,0.223,0.000,0.777
342000,0.145,0.007,0.848
342500,0.125,0.001,0.874
343000,0.170,0.015,0.815
343500,0.125,0.015,0.860
344000,0.247,0.000,0.753
344500,0.304,0.000,0.696
345000,0.280,0.000,0.720
345500,0.145,0.016,0.839
346000,0.330,0.000,0.670
346500,0.208,0.000,0.792
347000,0.146,0.000,0.854
347500,0.231,0.000,0.769
348000,0.281,0.000,0.719
348500,0.161,0.000,0.839
349000,0.238,0.000,0.762
349500,0.132,0.004,0.864
350000,0.202,0.000,0.798
350500,0.137,0.000,0.863
351000,0.331,0.000,0.669
351500,0.152,0.000,0.848
352000,0.237,0.000,0.763
352500,0.170,0.000,0.830
353000,0.238,0.000,0.762
353500,0.248,0.000,0.752
354000,0.206,0.000,0.794
354500,0.211,0.000,0.789
355000,0.204,0.000,0.796
355500,0.283,0.000,0.717
356000,0.215,0.021,0.764
356500,0.207,0.000,0.793
357000,0.238,0.000,0.762
357500,0.244,0.000,0.756
358000,0.240,0.000,0.760
358500,0.228,0.000,0.772
359000,0.265,0.000,0.735
359500,0.156,0.000,0.844
360000,0.190,0.000,0.810
360500,0.202,0.000,0.798
361000,0.036,0.063,0.901
361500,0.054,0.044,0.902
362000,0.188,0.000,0.812
362500,0.366,0.000,0.634
363000,0.173,0.000,0.827
363500,0.354,0.000,0.646
364000,0.262,0.000,0.738
364500,0.294,0.000,0.706
365000,0.318,0.000,0.682
365500,0.350,0.000,0.650
366000,0.197,0.000,0.803
366500,0.255,0.000,0.745
367000,0.212,0.000,0.788
367500,0.187,0.000,0.813
368000,0.305,0.000,0.695
368500,0.234,0.000,0.766
369000,0.167,0.000,0.833
369500,0.246,0.000,0.754
370000,0.265,0.000,0.735
370500,0.267,0.000,0.733
371000,0.223,0.000,0.777
371500,0.313,0.000,0.687
372000,0.192,0.000,0.808
372500,0.234,0.003,0.763
373000,0.238,0.000,0.762
373500,0.093,0.011,0.896
374000,0.180,0.000,0.820
374500,0.273,0.003,0.724
375000,0.124,0.001,0.875
375500,0.251,0.000,0.749
376000,0.336,0.000,0.664
376500,0.155,0.022,0.823
377000,0.203,0.001,0.796
377500,0.226,0.000,0.774
378000,0.275,0.000,0.725
378500,0.176,0.003,0.821
379000,0.232,0.000,0.768
379500,0.185,0.000,0.815
380000,0.172,0.000,0.828
380500,0.309,0.000,0.691
381000,0.174,0.000,0.826
381500,0.188,0.000,0.812
382000,0.157,0.000,0.843
382500,0.255,0.000,0.745
383000,0.277,0.000,0.723
383500,0.268,0.000,0.732
384000,0.268,0.000,0.732
384500,0.223,0.000,0.777
385000,0.231,0.000,0.769
385500,0.246,0.000,0.754
386000,0.248,0.000,0.752
386500,0.197,0.000,0.803
387000,0.185,0.000,0.815
387500,0.283,0.000,0.717
388000,0.144,0.000,0.856
388500,0.219,0.000,0.781
389000,0.324,0.000,0.676
389500,0.240,0.000,0.760
390000,0.265,0.000,0.735
390500,0.273,0.000,0.727
391000,0.176,0.000,0.824
391500,0.249,0.000,0.751
392000,0.241,0.000,0.759
392500,0.191,0.000,0.809
393000,0.090,0.021,0.889
393500,0.156,0.008,0.836
394000,0.128,0.000,0.872
394500,0.204,0.005,0.791
395000,0.307,0.000,0.693
395500,0.335,0.000,0.665
396000,0.173,0.000,0.827
396500,0.180,0.000,0.820
397000,0.233,0.000,0.767
397500,0.150,0.000,0.850
398000,0.156,0.000,0.844
398500,0.223,0.000,0.777
399000,0.334,0.000,0.666
399500,0.251,0.000,0.749
400000,0.169,0.000,0.831
400500,0.212,0.000,0.788
401000,0.217,0.000,0.783
401500,0.079,0.020,0.901
402000,0.390,0.000,0.610
402500,0.212,0.000,0.788
403000,0.291,0.000,0.709
403500,0.205,0.000,0.795
404000,0.124,0.010,0.866
404500,0.242,0.000,0.758
405000,0.253,0.005,0.742
405500,0.249,0.000,0.751
406000,0.317,0.000,0.683
406500,0.196,0.000,0.804
407000,0.191,0.003,0.806
407500,0.163,0.000,0.837
408000,0.233,0.000,0.767
408500,0.282,0.000,0.718
409000,0.218,0.000,0.782
409500,0.175,0.000,0.825
410000,0.337,0.000,0.663
410500,0.220,0.000,0.780
411000,0.240,0.000,0.760
411500,0.264,0.000,0.736
412000,0.195,0.005,0.800
412500,0.220,0.000,0.780
413000,0.184,0.000,0.816
413500,0.255,0.000,0.745
414000,0.217,0.000,0.783
414500,0.168,0.000,0.832
415000,0.145,0.000,0.855
415500,0.187,0.000,0.813
416000,0.271,0.000,0.729
416500,0.167,0.000,0.833
417000,0.167,0.000,0.833
417500,0.201,0.000,0.799
418000,0.197,0.000,0.803
418500,0.222,0.000,0.778
419000,0.191,0.000,0.809
419500,0.173,0.000,0.827
420000,0.245,0.000,0.755
420500,0.275,0.000,0.725
421000,0.180,0.000,0.820
421500,0.196,0.000,0.804
422000,0.154,0.000,0.846
422500,0.220,0.000,0.780
423000,0.156,0.001,0.843
423500,0.225,0.000,0.775
424000,0.188,0.000,0.812
424500,0.304,0.000,0.696
425000,0.187,0.000,0.813
425500,0.244,0.000,0.756
426000,0.184,0.000,0.816
426500,0.190,0.001,0.809
427000,0.214,0.000,0.786
427500,0.138,0.005,0.857
428000,0.104,0.003,0.893
428500,0.214,0.000,0.786
429000,0.273,0.000,0.727
429500,0.151,0.000,0.849
430000,0.173,0.004,0.823
430500,0.216,0.000,0.784
431000,0.220,0.000,0.780
431500,0.165,0.000,0.835
432000,0.170,0.003,0.827
432500,0.267,0.000,0.733
433000,0.249,0.000,0.751
433500,0.226,0.000,0.774
434000,0.226,0.007,0.767
434500,0.130,0.017,0.853
435000,0.243,0.000,0.757
435500,0.282,0.000,0.718
436000,0.172,0.000,0.828
436500,0.199,0.000,0.801
437000,0.211,0.000,0.789
437500,0.199,0.000,0.801
438000,0.148,0.000,0.852
438500,0.249,0.000,0.751
439000,0.333,0.000,0.667
439500,0.136,0.000,0.864
440000,0.283,0.000,0.717
440500,0.219,0.000,0.781
441000,0.251,0.000,0.749
441500,0.246,0.001,0.753
442000,0.169,0.000,0.831
442500,0.210,0.000,0.790
443000,0.215,0.000,0.785
443500,0.287,0.000,0.713
444000,0.105,0.009,0.886
444500,0.204,0.000,0.796
445000,0.162,0.000,0.838
445500,0.157,0.000,0.843
446000,0.259,0.000,0.741
446500,0.187,0.000,0.813
447000,0.223,0.000,0.777
447500,0.246,0.013,0.741
448000,0.233,0.000,0.767
448500,0.183,0.000,0.817
449000,0.219,0.002,0.779
449500,0.187,0.000,0.813
450000,0.235,0.000,0.765
450500,0.212,0.000,0.788
451000,0.221,0.000,0.779
451500,0.266,0.000,0.734
452000,0.217,0.003,0.780
452500,0.324,0.000,0.676
453000,0.208,0.009,0.783
453500,0.261,0.000,0.739
454000,0.169,0.000,0.831
454500,0.241,0.000,0.759
455000,0.228,0.000,0.772
455500,0.214,0.000,0.786
456000,0.300,0.000,0.700
456500,0.150,0.000,0.850
457000,0.130,0.000,0.870
457500,0.172,0.000,0.828
458000,0.267,0.000,0.733
458500,0.232,0.000,0.768
459000,0.291,0.000,0.709
459500,0.143,0.000,0.857
460000,0.234,0.000,0.766
460500,0.203,0.000,0.797
461000,0.191,0.001,0.808
461500,0.194,0.000,0.806
462000,0.231,0.000,0.769
462500,0.213,0.000,0.787
463000,0.178,0.000,0.822
463500,0.187,0.000,0.813
464000,0.302,0.000,0.698
464500,0.330,0.008,0.662
465000,0.237,0.000,0.763
465500,0.253,0.000,0.747
466000,0.180,0.006,0.814
466500,0.178,0.000,0.822
467000,0.238,0.000,0.762
467500,0.253,0.000,0.747
468000,0.229,0.000,0.771
468500,0.158,0.000,0.842
469000,0.146,0.000,0.854
469500,0.253,0.000,0.747
470000,0.197,0.000,0.803
470500,0.270,0.000,0.730
471000,0.221,0.000,0.779
471500,0.359,0.000,0.641
472000,0.245,0.000,0.755
472500,0.274,0.000,0.726
473000,0.216,0.000,0.784
473500,0.327,0.000,0.673
474000,0.246,0.002,0.752
474500,0.125,0.000,0.875
475000,0.228,0.000,0.772
475500,0.355,0.000,0.645
476000,0.214,0.000,0.786
476500,0.110,0.008,0.882
477000,0.149,0.000,0.851
477500,0.224,0.000,0.776
478000,0.111,0.027,0.862
478500,0.095,0.033,0.872
479000,0.036,0.052,0.912
479500,0.161,0.000,0.839
480000,0.293,0.000,0.707
480500,0.158,0.012,0.830
481000,0.247,0.000,0.753
481500,0.194,0.000,0.806
482000,0.271,0.000,0.729
482500,0.237,0.002,0.761
483000,0.290,0.000,0.710
483500,0.152,0.000,0.848
484000,0.257,0.000,0.743
484500,0.217,0.000,0.783
485000,0.108,0.004,0.888
485500,0.197,0.002,0.801
486000,0.242,0.000,0.758
486500,0.248,0.000,0.752
487000,0.161,0.000,0.839
487500,0.172,0.000,0.828
488000,0.127,0.000,0.873
488500,0.151,0.006,0.843
489000,0.214,0.000,0.786
489500,0.151,0.000,0.849
490000,0.373,0.000,0.627
490500,0.285,0.000,0.715
491000,0.343,0.000,0.657
491500,0.200,0.000,0.800
492000,0.214,0.000,0.786
492500,0.212,0.000,0.788
493000,0.309,0.000,0.691
493500,0.128,0.000,0.872
494000,0.095,0.030,0.875
494500,0.267,0.000,0.733
495000,0.202,0.000,0.798
495500,0.232,0.000,0.768
496000,0.229,0.014,0.757
496500,0.235,0.000,0.765
497000,0.248,0.000,0.752
497500,0.159,0.000,0.841
498000,0.173,0.018,0.809
498500,0.218,0.000,0.782
499000,0.219,0.000,0.781
499500,0.228,0.000,0.772
500000,0.231,0.000,0.769
500500,0.166,0.009,0.825
501000,0.302,0.000,0.698
501500,0.172,0.000,0.828
502000,0.146,0.007,0.847
502500,0.222,0.000,0.778
503000,0.148,0.004,0.848
503500,0.213,0.000,0.787
504000,0.297,0.000,0.703
504500,0.216,0.000,0.784
505000,0.173,0.000,0.827
505500,0.125,0.000,0.875
506000,0.231,0.002,0.767
506500,0.259,0.000,0.741
507000,0.149,0.001,0.850
507500,0.260,0.000,0.740
508000,0.220,0.000,0.780
508500,0.189,0.004,0.807
509000,0.255,0.000,0.745
509500,0.263,0.000,0.737
510000,0.254,0.000,0.746
510500,0.188,0.000,0.812
511000,0.216,0.000,0.784
511500,0.214,0.000,0.786
512000,0.141,0.000,0.859
512500,0.125,0.000,0.875
513000,0.215,0.000,0.785
513500,0.090,0.023,0.887
514000,0.164,0.011,0.825
514500,0.042,0.068,0.890
515000,0.048,0.082,0.870
515500,0.187,0.000,0.813
516000,0.305,0.000,0.695
516500,0.237,0.000,0.763
517000,0.227,0.007,0.766
517500,0.224,0.000,0.776
518000,0.266,0.000,0.734
518500,0.238,0.000,0.762
519000,0.133,0.021,0.846
519500,0.272,0.002,0.726
520000,0.202,0.000,0.798
520500,0.197,0.000,0.803
521000,0.182,0.024,0.794
521500,0.219,0.000,0.781
522000,0.258,0.000,0.742
522500,0.200,0.008,0.792
523000,0.258,0.000,0.742
523500,0.271,0.000,0.729
524000,0.228,0.000,0.772
524500,0.112,0.010,0.878
525000,0.229,0.000,0.771
525500,0.199,0.000,0.801
526000,0.294,0.000,0.706
526500,0.283,0.000,0.717
527000,0.246,0.000,0.754
527500,0.185,0.000,0.815
528000,0.179,0.023,0.798
528500,0.173,0.000,0.827
529000,0.294,0.000,0.706
529500,0.178,0.000,0.822
530000,0.133,0.017,0.850
530500,0.086,0.004,0.910
531000,0.182,0.000,0.818
531500,0.195,0.000,0.805
532000,0.211,0.000,0.789
532500,0.192,0.000,0.808
533000,0.205,0.000,0.795
533500,0.326,0.000,0.674
534000,0.238,0.000,0.762
534500,0.211,0.000,0.789
535000,0.185,0.000,0.815
535500,0.180,0.000,0.820
536000,0.136,0.000,0.864
536500,0.109,0.006,0.885
537000,0.259,0.000,0.741
537500,0.199,0.023,0.778
538000,0.375,0.000,0.625
538500,0.200,0.000,0.800
539000,0.130,0.000,0.870
539500,0.241,0.000,0.759
540000,0.230,0.000,0.770
540500,0.252,0.000,0.748
541000,0.121,0.014,0.865
541500,0.067,0.074,0.859
542000,0.023,0.096,0.881
542500,0.010,0.222,0.768
543000,0.015,0.098,0.887
543500,0.010,0.247,0.743
544000,0.010,0.229,0.761
544500,0.052,0.073,0.875
545000,0.010,0.225,0.765
545500,0.010,0.185,0.805
546000,0.010,0.154,0.836
546500,0.010,0.158,0.832
547000,0.010,0.143,0.847
547500,0.010,0.111,0.879
548000,0.010,0.155,0.835
548500,0.045,0.047,0.908
549000,0.013,0.167,0.820
549500,0.010,0.179,0.811
550000,0.012,0.121,0.867
550500,0.010,0.147,0.843
551000,0.010,0.170,0.820
551500,0.010,0.167,0.823
552000,0.020,0.163,0.817
552500,0.010,0.154,0.836
553000,0.026,0.068,0.906
553500,0.015,0.122,0.863
554000,0.010,0.166,0.824
554500,0.020,0.171,0.809
555000,0.047,0.049,0.904
555500,0.020,0.138,0.842
556000,0.018,0.055,0.927
556500,0.011,0.192,0.797
557000,0.053,0.121,0.826
557500,0.010,0.133,0.857
558000,0.010,0.173,0.817
558500,0.015,0.115,0.870
559000,0.010,0.261,0.729
559500,0.025,0.100,0.875
560000,0.018,0.135,0.847
560500,0.082,0.038,0.880
561000,0.168,0.003,0.829
561500,0.217,0.000,0.783
562000,0.218,0.000,0.782
562500,0.279,0.000,0.721
563000,0.258,0.000,0.742
563500,0.337,0.000,0.663
564000,0.322,0.000,0.678
564500,0.255,0.000,0.745
565000,0.095,0.029,0.876
565500,0.096,0.025,0.879
566000,0.196,0.000,0.804
566500,0.258,0.000,0.742
567000,0.263,0.000,0.737
567500,0.179,0.000,0.821
568000,0.259,0.000,0.741
568500,0.233,0.001,0.766
569000,0.224,0.000,0.776
569500,0.337,0.000,0.663
570000,0.225,0.000,0.775
570500,0.273,0.000,0.727
571000,0.336,0.000,0.664
571500,0.332,0.000,0.668
572000,0.288,0.000,0.712
572500,0.260,0.000,0.740
573000,0.152,0.000,0.848
573500,0.192,0.002,0.806
574000,0.297,0.000,0.703
574500,0.179,0.000,0.821
575000,0.236,0.000,0.764
575500,0.193,0.000,0.807
576000,0.139,0.005,0.856
576500,0.152,0.000,0.848
577000,0.143,0.013,0.844
577500,0.281,0.000,0.719
578000,0.187,0.000,0.813
578500,0.239,0.000,0.761
579000,0.181,0.009,0.810
579500,0.273,0.000,0.727
580000,0.328,0.000,0.672
580500,0.305,0.000,0.695
581000,0.194,0.000,0.806
581500,0.213,0.000,0.787
582000,0.200,0.002,0.798
582500,0.234,0.000,0.766
583000,0.224,0.000,0.776
583500,0.330,0.000,0.670
584000,0.349,0.000,0.651
584500,0.274,0.000,0.726
585000,0.222,0.000,0.778
585500,0.103,0.013,0.884
586000,0.270,0.000,0.730
586500,0.235,0.000,0.765
587000,0.242,0.000,0.758
587500,0.293,0.003,0.704
588000,0.196,0.000,0.804
588500,0.270,0.000,0.730
589000,0.192,0.000,0.808
589500,0.221,0.006,0.773
590000,0.229,0.000,0.771
590500,0.251,0.000,0.749
591000,0.171,0.000,0.829
591500,0.173,0.000,0.827
592000,0.131,0.000,0.869
592500,0.260,0.000,0.740
593000,0.157,0.000,0.843
593500,0.243,0.000,0.757
594000,0.114,0.019,0.867
594500,0.170,0.007,0.823
595000,0.199,0.000,0.801
595500,0.187,0.000,0.813
596000,0.177,0.011,0.812
596500,0.179,0.023,0.798
597000,0.194,0.001,0.805
597500,0.231,0.000,0.769
598000,0.328,0.000,0.672
598500,0.234,0.000,0.766
599000,0.230,0.000,0.770
599500,0.142,0.018,0.840
600000,0.088,0.011,0.901
600500,0.238,0.000,0.762
601000,0.178,0.000,0.822
601500,0.218,0.002,0.780
602000,0.203,0.000,0.797
602500,0.335,0.000,0.665
603000,0.249,0.000,0.751
603500,0.250,0.000,0.750
604000,0.125,0.000,0.875
604500,0.232,0.000,0.768
605000,0.136,0.000,0.864
605500,0.232,0.000,0.768
606000,0.189,0.002,0.809
606500,0.211,0.000,0.789
607000,0.225,0.000,0.775
607500,0.277,0.000,0.723
608000,0.320,0.000,0.680
608500,0.236,0.000,0.764
609000,0.135,0.007,0.858
609500,0.221,0.000,0.779
610000,0.217,0.000,0.783
610500,0.191,0.000,0.809
611000,0.320,0.000,0.680
611500,0.244,0.000,0.756
612000,0.263,0.000,0.737
612500,0.180,0.000,0.820
613000,0.205,0.000,0.795
613500,0.248,0.000,0.752
614000,0.200,0.000,0.800
614500,0.171,0.000,0.829
615000,0.217,0.000,0.783
615500,0.211,0.000,0.789
616000,0.219,0.000,0.781
616500,0.242,0.000,0.758
617000,0.191,0.000,0.809
617500,0.225,0.000,0.775
618000,0.176,0.000,0.824
618500,0.293,0.000,0.707
619000,0.148,0.017,0.835
619500,0.184,0.000,0.816
620000,0.284,0.000,0.716
620500,0.325,0.000,0.675
621000,0.294,0.000,0.706
621500,0.257,0.000,0.743
622000,0.159,0.000,0.841
622500,0.282,0.000,0.718
623000,0.194,0.010,0.796
623500,0.262,0.000,0.738
624000,0.251,0.000,0.749
624500,0.178,0.016,0.806
625000,0.212,0.000,0.788
625500,0.148,0.020,0.832
626000,0.255,0.000,0.745
626500,0.135,0.000,0.865
627000,0.280,0.000,0.720
627500,0.235,0.000,0.765
628000,0.213,0.000,0.787
628500,0.258,0.000,0.742
629000,0.202,0.000,0.798
629500,0.312,0.000,0.688
630000,0.271,0.000,0.729
630500,0.227,0.000,0.773
631000,0.246,0.000,0.754
631500,0.159,0.000,0.841
632000,0.256,0.000,0.744
632500,0.202,0.004,0.794
633000,0.202,0.015,0.783
633500,0.220,0.000,0.780
634000,0.161,0.000,0.839
634500,0.275,0.000,0.725
635000,0.183,0.000,0.817
635500,0.267,0.000,0.733
636000,0.234,0.000,0.766
636500,0.214,0.000,0.786
637000,0.260,0.000,0.740
637500,0.289,0.000,0.711
638000,0.181,0.000,0.819
638500,0.192,0.005,0.803
639000,0.203,0.004,0.793
639500,0.140,0.015,0.845
640000,0.313,0.000,0.687
640500,0.262,0.000,0.738
641000,0.125,0.007,0.868
641500,0.135,0.001,0.864
642000,0.272,0.000,0.728
642500,0.208,0.012,0.780
643000,0.130,0.008,0.862
643500,0.174,0.000,0.826
644000,0.241,0.000,0.759
644500,0.299,0.000,0.701
645000,0.188,0.000,0.812
645500,0.328,0.000,0.672
646000,0.177,0.000,0.823
646500,0.092,0.026,0.882
647000,0.225,0.000,0.775
647500,0.255,0.000,0.745
648000,0.285,0.000,0.715
648500,0.233,0.000,0.767
649000,0.233,0.000,0.767
649500,0.153,0.013,0.834
650000,0.271,0.000,0.729
650500,0.225,0.000,0.775
651000,0.178,0.000,0.822
651500,0.269,0.000,0.731
652000,0.313,0.000,0.687
652500,0.334,0.000,0.666
653000,0.199,0.002,0.799
653500,0.090,0.008,0.902
654000,0.408,0.000,0.592
654500,0.202,0.000,0.798
655000,0.286,0.000,0.714
655500,0.258,0.000,0.742
656000,0.244,0.000,0.756
656500,0.101,0.015,0.884
657000,0.274,0.000,0.726
657500,0.158,0.004,0.838
658000,0.174,0.000,0.826
658500,0.249,0.000,0.751
659000,0.220,0.000,0.780
659500,0.214,0.000,0.786
660000,0.324,0.000,0.676
660500,0.203,0.000,0.797
661000,0.240,0.000,0.760
661500,0.272,0.000,0.728
662000,0.265,0.010,0.725
662500,0.262,0.000,0.738
663000,0.296,0.000,0.704
663500,0.266,0.000,0.734
664000,0.269,0.000,0.731
664500,0.172,0.000,0.828
665000,0.123,0.000,0.877
665500,0.270,0.000,0.730
666000,0.230,0.000,0.770
666500,0.144,0.005,0.851
667000,0.248,0.000,0.752
667500,0.268,0.000,0.732
668000,0.271,0.000,0.729
668500,0.038,0.117,0.845
669000,0.010,0.102,0.888
669500,0.011,0.155,0.834
670000,0.010,0.213,0.777
670500,0.039,0.074,0.887
671000,0.074,0.022,0.904
671500,0.257,0.000,0.743
672000,0.174,0.001,0.825
672500,0.259,0.000,0.741
673000,0.275,0.000,0.725
673500,0.367,0.000,0.633
674000,0.154,0.001,0.845
674500,0.183,0.000,0.817
675000,0.212,0.000,0.788
675500,0.146,0.015,0.839
676000,0.178,0.000,0.822
676500,0.232,0.000,0.768
677000,0.354,0.000,0.646
677500,0.232,0.000,0.768
678000,0.181,0.000,0.819
678500,0.168,0.000,0.832
679000,0.134,0.000,0.866
679500,0.327,0.000,0.673
680000,0.246,0.000,0.754
680500,0.178,0.000,0.822
681000,0.241,0.000,0.759
681500,0.320,0.000,0.680
682000,0.126,0.000,0.874
682500,0.191,0.019,0.790
683000,0.106,0.009,0.885
683500,0.271,0.000,0.729
684000,0.155,0.000,0.845
684500,0.189,0.000,0.811
685000,0.137,0.002,0.861
685500,0.242,0.000,0.758
686000,0.135,0.000,0.865
686500,0.160,0.000,0.840
687000,0.262,0.000,0.738
687500,0.226,0.000,0.774
688000,0.196,0.000,0.804
688500,0.265,0.000,0.735
689000,0.211,0.000,0.789
689500,0.097,0.017,0.886
690000,0.162,0.000,0.838
690500,0.195,0.000,0.805
691000,0.168,0.000,0.832
691500,0.216,0.000,0.784
692000,0.255,0.000,0.745
692500,0.309,0.000,0.691
693000,0.167,0.000,0.833
693500,0.257,0.000,0.743
694000,0.276,0.000,0.724
694500,0.284,0.000,0.716
695000,0.233,0.000,0.767
695500,0.262,0.000,0.738
696000,0.143,0.005,0.852
696500,0.275,0.000,0.725
697000,0.272,0.000,0.728
697500,0.229,0.000,0.771
698000,0.125,0.000,0.875
698500,0.111,0.001,0.888
699000,0.248,0.000,0.752
699500,0.270,0.000,0.730
700000,0.251,0.000,0.749
700500,0.266,0.000,0.734
701000,0.255,0.000,0.745
701500,0.139,0.000,0.861
702000,0.254,0.000,0.746
702500,0.225,0.000,0.775
703000,0.221,0.000,0.779
703500,0.176,0.000,0.824
704000,0.111,0.012,0.877
704500,0.201,0.000,0.799
705000,0.219,0.000,0.781
705500,0.280,0.000,0.720
706000,0.183,0.000,0.817
706500,0.315,0.000,0.685
707000,0.299,0.000,0.701
707500,0.277,0.000,0.723
708000,0.267,0.000,0.733
708500,0.216,0.000,0.784
709000,0.217,0.000,0.783
709500,0.287,0.000,0.713
710000,0.298,0.000,0.702
710500,0.243,0.000,0.757
711000,0.180,0.000,0.820
711500,0.218,0.000,0.782
712000,0.309,0.000,0.691
712500,0.219,0.000,0.781
713000,0.176,0.000,0.824
713500,0.281,0.000,0.719
714000,0.224,0.000,0.776
714500,0.283,0.000,0.717
715000,0.256,0.000,0.744
715500,0.202,0.000,0.798
716000,0.262,0.000,0.738
716500,0.293,0.000,0.707
717000,0.200,0.000,0.800
717500,0.211,0.000,0.789
718000,0.330,0.000,0.670
718500,0.155,0.000,0.845
719000,0.188,0.001,0.811
719500,0.093,0.038,0.869
720000,0.090,0.044,0.866
720500,0.020,0.073,0.907
721000,0.180,0.010,0.810
721500,0.253,0.000,0.747
722000,0.233,0.000,0.767
722500,0.202,0.000,0.798
723000,0.167,0.000,0.833
723500,0.162,0.000,0.838
724000,0.231,0.000,0.769
724500,0.221,0.000,0.779
725000,0.231,0.000,0.769
725500,0.266,0.000,0.734
726000,0.281,0.000,0.719
726500,0.346,0.000,0.654
727000,0.310,0.000,0.690
727500,0.175,0.000,0.825
728000,0.230,0.000,0.770
728500,0.267,0.000,0.733
729000,0.280,0.000,0.720
729500,0.216,0.000,0.784
730000,0.215,0.000,0.785
730500,0.217,0.000,0.783
731000,0.189,0.000,0.811
731500,0.079,0.005,0.916
732000,0.262,0.000,0.738
732500,0.189,0.000,0.811
733000,0.211,0.000,0.789
733500,0.280,0.000,0.720
734000,0.249,0.000,0.751
734500,0.206,0.007,0.787
735000,0.187,0.000,0.813
735500,0.255,0.000,0.745
736000,0.219,0.001,0.780
736500,0.231,0.000,0.769
737000,0.137,0.013,0.850
737500,0.247,0.000,0.753
738000,0.220,0.000,0.780
738500,0.241,0.000,0.759
739000,0.329,0.000,0.671
739500,0.200,0.000,0.800
740000,0.190,0.000,0.810
740500,0.211,0.000,0.789
741000,0.305,0.000,0.695
741500,0.311,0.000,0.689
742000,0.327,0.000,0.673
742500,0.280,0.000,0.720
743000,0.271,0.000,0.729
743500,0.332,0.000,0.668
744000,0.232,0.000,0.768
744500,0.177,0.003,0.820
745000,0.222,0.000,0.778
745500,0.286,0.000,0.714
746000,0.160,0.002,0.838
746500,0.277,0.000,0.723
747000,0.214,0.000,0.786
747500,0.223,0.000,0.777
748000,0.198,0.002,0.800
748500,0.265,0.000,0.735
749000,0.171,0.016,0.813
749500,0.332,0.000,0.668
750000,0.304,0.000,0.696
750500,0.268,0.000,0.732
751000,0.183,0.000,0.817
751500,0.317,0.000,0.683
752000,0.152,0.000,0.848
752500,0.274,0.000,0.726
753000,0.344,0.000,0.656
753500,0.312,0.000,0.688
754000,0.232,0.000,0.768
754500,0.296,0.000,0.704
755000,0.214,0.000,0.786
755500,0.185,0.000,0.815
756000,0.295,0.000,0.705
756500,0.258,0.000,0.742
757000,0.196,0.000,0.804
757500,0.190,0.000,0.810
758000,0.256,0.000,0.744
758500,0.188,0.000,0.812
759000,0.295,0.000,0.705
759500,0.250,0.000,0.750
760000,0.184,0.000,0.816
760500,0.247,0.000,0.753
761000,0.271,0.000,0.729
761500,0.215,0.000,0.785
762000,0.326,0.000,0.674
762500,0.213,0.000,0.787
763000,0.163,0.000,0.837
763500,0.163,0.000,0.837
764000,0.103,0.034,0.863
764500,0.189,0.001,0.810
765000,0.235,0.000,0.765
765500,0.247,0.000,0.753
766000,0.202,0.000,0.798
766500,0.224,0.000,0.776
767000,0.260,0.000,0.740
767500,0.262,0.000,0.738
768000,0.206,0.023,0.771
768500,0.188,0.003,0.809
769000,0.272,0.000,0.728
769500,0.194,0.000,0.806
770000,0.187,0.009,0.804
770500,0.260,0.000,0.740
771000,0.251,0.000,0.749
771500,0.336,0.000,0.664
772000,0.299,0.000,0.701
772500,0.227,0.000,0.773
773000,0.307,0.000,0.693
773500,0.224,0.000,0.776
774000,0.228,0.000,0.772
774500,0.141,0.001,0.858
775000,0.162,0.000,0.838
775500,0.313,0.000,0.687
776000,0.084,0.013,0.903
776500,0.242,0.001,0.757
777000,0.238,0.010,0.752
777500,0.248,0.000,0.752
778000,0.313,0.000,0.687
778500,0.251,0.000,0.749
779000,0.312,0.000,0.688
779500,0.112,0.000,0.888
780000,0.190,0.000,0.810
780500,0.170,0.001,0.829
781000,0.302,0.000,0.698
781500,0.277,0.000,0.723
782000,0.247,0.000,0.753
782500,0.190,0.000,0.810
783000,0.185,0.000,0.815
783500,0.223,0.000,0.777
784000,0.199,0.000,0.801
784500,0.195,0.000,0.805
785000,0.160,0.015,0.825
785500,0.297,0.000,0.703
786000,0.239,0.000,0.761
786500,0.185,0.000,0.815
787000,0.141,0.023,0.836
787500,0.188,0.000,0.812
788000,0.248,0.000,0.752
788500,0.229,0.000,0.771
789000,0.280,0.000,0.720
789500,0.219,0.000,0.781
790000,0.359,0.000,0.641
790500,0.267,0.000,0.733
791000,0.160,0.000,0.840
791500,0.288,0.000,0.712
792000,0.159,0.000,0.841
792500,0.296,0.000,0.704
793000,0.333,0.000,0.667
793500,0.160,0.000,0.840
794000,0.086,0.000,0.914
794500,0.231,0.000,0.769
795000,0.207,0.000,0.793
795500,0.162,0.000,0.838
796000,0.270,0.000,0.730
796500,0.325,0.000,0.675
797000,0.192,0.000,0.808
797500,0.121,0.000,0.879
798000,0.268,0.000,0.732
798500,0.187,0.000,0.813
799000,0.191,0.000,0.809
799500,0.182,0.000,0.818
800000,0.305,0.002,0.693
800500,0.203,0.002,0.795
801000,0.279,0.000,0.721
801500,0.287,0.000,0.713
802000,0.229,0.000,0.771
802500,0.148,0.000,0.852
803000,0.152,0.019,0.829
803500,0.224,0.000,0.776
804000,0.128,0.005,0.867
804500,0.172,0.001,0.827
805000,0.167,0.000,0.833
805500,0.219,0.002,0.779
806000,0.250,0.000,0.750
806500,0.179,0.005,0.816
807000,0.354,0.000,0.646
807500,0.306,0.000,0.694
808000,0.285,0.000,0.715
808500,0.144,0.000,0.856
809000,0.309,0.000,0.691
809500,0.201,0.000,0.799
810000,0.264,0.000,0.736
810500,0.230,0.000,0.770
811000,0.254,0.000,0.746
811500,0.198,0.002,0.800
812000,0.139,0.000,0.861
812500,0.211,0.000,0.789
813000,0.211,0.000,0.789
813500,0.290,0.000,0.710
814000,0.224,0.000,0.776
814500,0.168,0.000,0.832
815000,0.212,0.000,0.788
815500,0.160,0.000,0.840
816000,0.249,0.000,0.751
816500,0.257,0.000,0.743
817000,0.272,0.000,0.728
817500,0.255,0.000,0.745
818000,0.143,0.000,0.857
818500,0.134,0.007,0.859
819000,0.240,0.000,0.760
819500,0.261,0.000,0.739
820000,0.088,0.015,0.897
820500,0.235,0.018,0.747
821000,0.258,0.000,0.742
821500,0.266,0.000,0.734
822000,0.299,0.000,0.701
822500,0.337,0.000,0.663
823000,0.197,0.000,0.803
823500,0.173,0.000,0.827
824000,0.178,0.000,0.822
824500,0.296,0.000,0.704
825000,0.295,0.000,0.705
825500,0.250,0.000,0.750
826000,0.231,0.000,0.769
826500,0.334,0.000,0.666
827000,0.282,0.000,0.718
827500,0.181,0.000,0.819
828000,0.237,0.000,0.763
828500,0.219,0.000,0.781
829000,0.171,0.000,0.829
829500,0.203,0.000,0.797
830000,0.226,0.004,0.770
830500,0.280,0.000,0.720
831000,0.336,0.000,0.664
831500,0.254,0.000,0.746
832000,0.241,0.001,0.758
832500,0.198,0.000,0.802
833000,0.108,0.023,0.869
833500,0.174,0.000,0.826
834000,0.220,0.000,0.780
834500,0.258,0.000,0.742
835000,0.204,0.000,0.796
835500,0.217,0.000,0.783
836000,0.122,0.000,0.878
836500,0.286,0.000,0.714
837000,0.215,0.000,0.785
837500,0.220,0.000,0.780
838000,0.275,0.001,0.724
838500,0.235,0.000,0.765
839000,0.244,0.000,0.756
839500,0.276,0.000,0.724
840000,0.149,0.003,0.848
840500,0.040,0.067,0.893
841000,0.010,0.168,0.822
841500,0.017,0.261,0.722
842000,0.021,0.127,0.852
842500,0.020,0.164,0.816
843000,0.013,0.104,0.883
843500,0.010,0.231,0.759
844000,0.011,0.170,0.819
844500,0.010,0.064,0.926
845000,0.025,0.169,0.806
845500,0.068,0.026,0.906
846000,0.175,0.019,0.806
846500,0.194,0.000,0.806
847000,0.306,0.000,0.694
847500,0.099,0.000,0.901
848000,0.246,0.000,0.754
848500,0.289,0.000,0.711
849000,0.203,0.000,0.797
849500,0.327,0.000,0.673
850000,0.199,0.003,0.798
850500,0.267,0.000,0.733
851000,0.263,0.000,0.737
851500,0.211,0.000,0.789
852000,0.321,0.000,0.679
852500,0.328,0.000,0.672
853000,0.321,0.000,0.679
853500,0.224,0.000,0.776
854000,0.212,0.000,0.788
854500,0.219,0.001,0.780
855000,0.236,0.000,0.764
855500,0.233,0.000,0.767
856000,0.237,0.000,0.763
856500,0.239,0.000,0.761
857000,0.244,0.000,0.756
857500,0.259,0.000,0.741
858000,0.200,0.000,0.800
858500,0.096,0.053,0.851
859000,0.115,0.008,0.877
859500,0.317,0.001,0.682
860000,0.224,0.000,0.776
860500,0.169,0.000,0.831
861000,0.220,0.000,0.780
861500,0.210,0.000,0.790
862000,0.256,0.000,0.744
862500,0.171,0.000,0.829
863000,0.238,0.000,0.762
863500,0.346,0.000,0.654
864000,0.268,0.000,0.732
864500,0.325,0.000,0.675
865000,0.287,0.000,0.713
865500,0.223,0.000,0.777
866000,0.187,0.002,0.811
866500,0.286,0.000,0.714
867000,0.178,0.000,0.822
867500,0.315,0.000,0.685
868000,0.168,0.000,0.832
868500,0.168,0.000,0.832
869000,0.182,0.000,0.818
869500,0.207,0.000,0.793
870000,0.318,0.000,0.682
870500,0.252,0.000,0.748
871000,0.244,0.002,0.754
871500,0.204,0.000,0.796
872000,0.273,0.000,0.727
872500,0.198,0.000,0.802
873000,0.319,0.000,0.681
873500,0.166,0.014,0.820
874000,0.341,0.000,0.659
874500,0.339,0.000,0.661
875000,0.214,0.000,0.786
875500,0.133,0.000,0.867
876000,0.229,0.000,0.771
876500,0.223,0.000,0.777
877000,0.284,0.000,0.716
877500,0.256,0.000,0.744
878000,0.199,0.000,0.801
878500,0.214,0.000,0.786
879000,0.186,0.000,0.814
879500,0.164,0.000,0.836
880000,0.053,0.006,0.941
880500,0.120,0.002,0.878
881000,0.169,0.000,0.831
881500,0.239,0.000,0.761
882000,0.246,0.000,0.754
882500,0.274,0.000,0.726
883000,0.198,0.022,0.780
883500,0.247,0.000,0.753
884000,0.232,0.000,0.768
884500,0.205,0.000,0.795
885000,0.136,0.000,0.864
885500,0.276,0.000,0.724
886000,0.136,0.000,0.864
886500,0.187,0.000,0.813
887000,0.222,0.000,0.778
887500,0.206,0.000,0.794
888000,0.207,0.000,0.793
888500,0.273,0.000,0.727
889000,0.317,0.000,0.683
889500,0.221,0.000,0.779
890000,0.140,0.001,0.859
890500,0.153,0.000,0.847
891000,0.212,0.000,0.788
891500,0.342,0.000,0.658
892000,0.253,0.000,0.747
892500,0.197,0.000,0.803
893000,0.252,0.000,0.748
893500,0.222,0.000,0.778
894000,0.173,0.000,0.827
894500,0.223,0.000,0.777
895000,0.142,0.000,0.858
895500,0.159,0.001,0.840
896000,0.261,0.000,0.739
896500,0.220,0.021,0.759
897000,0.335,0.000,0.665
897500,0.292,0.000,0.708
898000,0.381,0.000,0.619
898500,0.193,0.000,0.807
899000,0.187,0.000,0.813
899500,0.185,0.000,0.815
900000,0.138,0.000,0.862
900500,0.304,0.000,0.696
901000,0.272,0.000,0.728
901500,0.112,0.000,0.888
902000,0.172,0.013,0.815
902500,0.241,0.000,0.759
903000,0.326,0.000,0.674
903500,0.174,0.000,0.826
904000,0.243,0.000,0.757
904500,0.246,0.000,0.754
905000,0.258,0.000,0.742
905500,0.312,0.000,0.688
906000,0.223,0.019,0.758
906500,0.278,0.000,0.722
907000,0.226,0.000,0.774
907500,0.219,0.000,0.781
908000,0.162,0.000,0.838
908500,0.259,0.000,0.741
909000,0.298,0.000,0.702
909500,0.245,0.000,0.755
910000,0.281,0.002,0.717
910500,0.202,0.000,0.798
911000,0.197,0.000,0.803
911500,0.140,0.000,0.860
912000,0.116,0.000,0.884
912500,0.219,0.000,0.781
913000,0.251,0.000,0.749
913500,0.264,0.000,0.736
914000,0.154,0.006,0.840
914500,0.221,0.000,0.779
915000,0.305,0.000,0.695
915500,0.261,0.000,0.739
916000,0.195,0.000,0.805
916500,0.244,0.000,0.756
917000,0.239,0.001,0.760
917500,0.208,0.000,0.792
918000,0.197,0.000,0.803
918500,0.196,0.000,0.804
919000,0.244,0.000,0.756
919500,0.305,0.000,0.695
920000,0.182,0.000,0.818
920500,0.072,0.007,0.921
921000,0.164,0.000,0.836
921500,0.167,0.000,0.833
922000,0.214,0.000,0.786
922500,0.291,0.000,0.709
923000,0.267,0.000,0.733
923500,0.272,0.000,0.728
924000,0.203,0.000,0.797
924500,0.171,0.018,0.811
925000,0.195,0.018,0.787
925500,0.294,0.000,0.706
926000,0.176,0.000,0.824
926500,0.204,0.000,0.796
927000,0.238,0.000,0.762
927500,0.312,0.000,0.688
928000,0.161,0.000,0.839
928500,0.250,0.000,0.750
929000,0.214,0.000,0.786
929500,0.148,0.000,0.852
930000,0.253,0.000,0.747
930500,0.180,0.000,0.820
931000,0.184,0.000,0.816
931500,0.230,0.000,0.770
932000,0.259,0.000,0.741
932500,0.272,0.000,0.728
933000,0.169,0.007,0.824
933500,0.271,0.000,0.729
934000,0.252,0.000,0.748
934500,0.216,0.000,0.784
935000,0.171,0.000,0.829
935500,0.219,0.000,0.781
936000,0.211,0.000,0.789
936500,0.241,0.000,0.759
937000,0.308,0.000,0.692
937500,0.232,0.000,0.768
938000,0.292,0.000,0.708
938500,0.162,0.000,0.838
939000,0.149,0.000,0.851
939500,0.263,0.000,0.737
940000,0.193,0.000,0.807
940500,0.215,0.000,0.785
941000,0.180,0.000,0.820
941500,0.209,0.000,0.791
942000,0.258,0.000,0.742
942500,0.179,0.002,0.819
943000,0.306,0.000,0.694
943500,0.241,0.000,0.759
944000,0.151,0.000,0.849
944500,0.139,0.018,0.843
945000,0.130,0.004,0.866
945500,0.314,0.000,0.686
946000,0.202,0.000,0.798
946500,0.129,0.009,0.862
947000,0.181,0.000,0.819
947500,0.164,0.000,0.836
948000,0.279,0.000,0.721
948500,0.164,0.000,0.836
949000,0.338,0.000,0.662
949500,0.226,0.000,0.774
950000,0.187,0.000,0.813
950500,0.192,0.003,0.805
951000,0.216,0.000,0.784
951500,0.196,0.000,0.804
952000,0.196,0.000,0.804
952500,0.278,0.000,0.722
953000,0.270,0.000,0.730
953500,0.309,0.000,0.691
954000,0.258,0.000,0.742
954500,0.199,0.000,0.801
955000,0.262,0.000,0.738
955500,0.318,0.001,0.681
956000,0.109,0.020,0.871
956500,0.220,0.000,0.780
957000,0.254,0.000,0.746
957500,0.265,0.000,0.735
958000,0.279,0.000,0.721
958500,0.193,0.000,0.807
959000,0.233,0.000,0.767
959500,0.174,0.001,0.825
960000,0.389,0.000,0.611
960500,0.296,0.000,0.704
961000,0.234,0.000,0.766
961500,0.168,0.007,0.825
962000,0.232,0.000,0.768
962500,0.174,0.000,0.826
963000,0.196,0.009,0.795
963500,0.319,0.000,0.681
964000,0.165,0.000,0.835
964500,0.198,0.000,0.802
965000,0.169,0.001,0.830
965500,0.312,0.000,0.688
966000,0.206,0.000,0.794
966500,0.289,0.000,0.711
967000,0.159,0.022,0.819
967500,0.194,0.000,0.806
968000,0.092,0.021,0.887
968500,0.212,0.002,0.786
969000,0.235,0.000,0.765
969500,0.227,0.000,0.773
970000,0.367,0.000,0.633
970500,0.224,0.000,0.776
971000,0.140,0.000,0.860
971500,0.010,0.172,0.818
972000,0.018,0.085,0.897
972500,0.043,0.085,0.872
973000,0.010,0.181,0.809
973500,0.053,0.055,0.892
974000,0.311,0.000,0.689
974500,0.151,0.000,0.849
975000,0.190,0.000,0.810
975500,0.183,0.000,0.817
976000,0.250,0.000,0.750
976500,0.159,0.023,0.818
977000,0.135,0.002,0.863
977500,0.244,0.000,0.756
978000,0.218,0.001,0.781
978500,0.168,0.000,0.832
979000,0.140,0.000,0.860
979500,0.179,0.002,0.819
980000,0.253,0.000,0.747
980500,0.243,0.000,0.757
981000,0.354,0.000,0.646
981500,0.206,0.000,0.794
982000,0.341,0.000,0.659
982500,0.182,0.000,0.818
983000,0.252,0.000,0.748
983500,0.175,0.000,0.825
984000,0.226,0.000,0.774
984500,0.162,0.000,0.838
985000,0.305,0.000,0.695
985500,0.115,0.017,0.868
986000,0.134,0.000,0.866
986500,0.307,0.000,0.693
987000,0.302,0.000,0.698
987500,0.295,0.000,0.705
988000,0.179,0.000,0.821
988500,0.138,0.000,0.862
989000,0.141,0.000,0.859
989500,0.285,0.000,0.715
990000,0.251,0.000,0.749
990500,0.253,0.000,0.747
991000,0.162,0.000,0.838
991500,0.225,0.002,0.773
992000,0.174,0.000,0.826
992500,0.152,0.002,0.846
993000,0.244,0.000,0.756
993500,0.210,0.000,0.790
994000,0.267,0.000,0.733
994500,0.098,0.000,0.902
995000,0.074,0.029,0.897
995500,0.231,0.002,0.767
996000,0.279,0.000,0.721
996500,0.184,0.000,0.816
997000,0.299,0.000,0.701
997500,0.158,0.003,0.839
998000,0.272,0.000,0.728
998500,0.232,0.000,0.768
999000,0.187,0.000,0.813
999500,0.202,0.000,0.798
1000000,0.219,0.018,0.763
