time,n_A+p,n_B,n_AB
500,0.050,0.880,0.070
1000,0.050,0.816,0.134
1500,0.050,0.757,0.193
2000,0.050,0.672,0.278
2500,0.050,0.684,0.266
3000,0.054,0.616,0.330
3500,0.058,0.552,0.390
4000,0.065,0.522,0.413
4500,0.072,0.541,0.387
5000,0.076,0.524,0.400
5500,0.074,0.522,0.404
6000,0.081,0.500,0.419
6500,0.081,0.501,0.418
7000,0.094,0.457,0.449
7500,0.086,0.468,0.446
8000,0.102,0.431,0.467
8500,0.088,0.423,0.489
9000,0.107,0.405,0.488
9500,0.112,0.358,0.530
10000,0.116,0.398,0.486
10500,0.137,0.371,0.492
11000,0.120,0.365,0.515
11500,0.127,0.362,0.511
12000,0.120,0.373,0.507
12500,0.104,0.350,0.546
13000,0.112,0.368,0.520
13500,0.142,0.290,0.568
14000,0.159,0.275,0.566
14500,0.150,0.280,0.570
15000,0.147,0.287,0.566
15500,0.193,0.241,0.566
16000,0.210,0.249,0.541
16500,0.203,0.235,0.562
17000,0.224,0.214,0.562
17500,0.261,0.150,0.589
18000,0.305,0.108,0.587
18500,0.379,0.080,0.541
19000,0.451,0.071,0.478
19500,0.501,0.041,0.458
20000,0.588,0.024,0.388
20500,0.662,0.010,0.328
21000,0.724,0.003,0.273
21500,0.738,0.001,0.261
22000,0.777,0.000,0.223
22500,0.792,0.001,0.207
23000,0.856,0.000,0.144
23500,0.873,0.000,0.127
24000,0.900,0.000,0.100
24500,0.915,0.000,0.085
25000,0.935,0.000,0.065
25500,0.963,0.000,0.037
26000,0.975,0.000,0.025
26500,0.961,0.000,0.039
27000,0.955,0.000,0.045
27500,0.944,0.000,0.056
28000,0.960,0.000,0.040
28500,0.965,0.000,0.035
29000,0.978,0.000,0.022
29500,0.978,0.000,0.022
30000,0.972,0.000,0.028
30500,0.971,0.000,0.029
31000,0.971,0.000,0.029
31500,0.966,0.000,0.034
32000,0.958,0.000,0.042
32500,0.943,0.000,0.057
33000,0.943,0.000,0.057
33500,0.968,0.000,0.032
34000,0.979,0.000,0.021
34500,0.987,0.000,0.013
35000,0.991,0.000,0.009
35500,0.992,0.000,0.008
36000,0.994,0.000,0.006
36500,0.994,0.000,0.006
37000,0.997,0.000,0.003
37500,0.997,0.000,0.003
38000,0.998,0.000,0.002
38500,1.000,0.000,0.000
