time,n_A+p,n_B,n_AB
500,0.050,0.937,0.013
1000,0.051,0.922,0.027
1500,0.051,0.913,0.036
2000,0.050,0.906,0.044
2500,0.050,0.891,0.059
3000,0.051,0.878,0.071
3500,0.051,0.871,0.079
4000,0.051,0.858,0.091
4500,0.052,0.846,0.102
5000,0.052,0.845,0.103
5500,0.053,0.838,0.109
6000,0.053,0.831,0.116
6500,0.054,0.823,0.123
7000,0.057,0.814,0.130
7500,0.059,0.801,0.140
8000,0.061,0.788,0.151
8500,0.062,0.781,0.156
9000,0.063,0.773,0.164
9500,0.063,0.771,0.166
10000,0.061,0.766,0.172
10500,0.062,0.755,0.183
11000,0.062,0.750,0.188
11500,0.063,0.738,0.200
12000,0.062,0.731,0.207
12500,0.066,0.739,0.196
13000,0.068,0.731,0.201
13500,0.069,0.726,0.206
14000,0.070,0.715,0.215
14500,0.077,0.707,0.216
15000,0.078,0.686,0.236
15500,0.083,0.665,0.252
16000,0.089,0.657,0.254
16500,0.091,0.649,0.260
17000,0.086,0.651,0.262
17500,0.087,0.639,0.274
18000,0.090,0.636,0.274
18500,0.094,0.619,0.287
19000,0.092,0.616,0.291
19500,0.099,0.630,0.271
20000,0.103,0.618,0.279
20500,0.112,0.612,0.276
21000,0.107,0.607,0.285
21500,0.109,0.601,0.290
22000,0.105,0.586,0.308
22500,0.114,0.586,0.300
23000,0.116,0.586,0.299
23500,0.115,0.589,0.296
24000,0.124,0.574,0.302
24500,0.121,0.567,0.312
25000,0.121,0.561,0.318
25500,0.114,0.557,0.329
26000,0.111,0.558,0.331
26500,0.112,0.543,0.345
27000,0.122,0.530,0.348
27500,0.126,0.531,0.343
28000,0.129,0.535,0.336
28500,0.133,0.532,0.335
29000,0.140,0.529,0.332
29500,0.139,0.521,0.340
30000,0.137,0.528,0.335
30500,0.140,0.520,0.340
31000,0.138,0.500,0.362
31500,0.138,0.500,0.362
32000,0.141,0.493,0.365
32500,0.146,0.496,0.358
33000,0.146,0.495,0.358
33500,0.148,0.492,0.360
34000,0.159,0.485,0.357
34500,0.166,0.477,0.356
35000,0.168,0.462,0.370
35500,0.178,0.457,0.364
36000,0.186,0.453,0.362
36500,0.191,0.450,0.360
37000,0.184,0.444,0.372
37500,0.192,0.433,0.375
38000,0.190,0.429,0.382
38500,0.196,0.424,0.381
39000,0.202,0.417,0.381
39500,0.198,0.409,0.393
40000,0.199,0.404,0.398
40500,0.208,0.387,0.404
41000,0.203,0.389,0.408
41500,0.215,0.386,0.399
42000,0.220,0.374,0.406
42500,0.224,0.367,0.409
43000,0.221,0.368,0.411
43500,0.234,0.365,0.401
44000,0.245,0.366,0.388
44500,0.253,0.364,0.384
45000,0.256,0.373,0.371
45500,0.261,0.370,0.369
46000,0.261,0.364,0.376
46500,0.257,0.364,0.379
47000,0.259,0.353,0.388
47500,0.258,0.341,0.401
48000,0.253,0.337,0.411
48500,0.256,0.331,0.413
49000,0.252,0.327,0.421
49500,0.256,0.318,0.426
50000,0.262,0.314,0.424
50500,0.262,0.308,0.430
51000,0.261,0.314,0.426
51500,0.277,0.306,0.417
52000,0.287,0.303,0.410
52500,0.295,0.289,0.416
53000,0.296,0.295,0.409
53500,0.292,0.293,0.414
54000,0.293,0.292,0.414
54500,0.301,0.283,0.415
55000,0.305,0.281,0.415
55500,0.309,0.283,0.408
56000,0.325,0.277,0.398
56500,0.332,0.270,0.398
57000,0.322,0.262,0.416
57500,0.326,0.246,0.428
58000,0.330,0.247,0.423
58500,0.338,0.241,0.421
59000,0.341,0.235,0.424
59500,0.342,0.236,0.422
60000,0.344,0.239,0.417
60500,0.336,0.240,0.424
61000,0.346,0.239,0.414
61500,0.359,0.237,0.403
62000,0.366,0.244,0.389
62500,0.368,0.239,0.393
63000,0.367,0.231,0.402
63500,0.378,0.232,0.390
64000,0.392,0.233,0.376
64500,0.391,0.231,0.379
65000,0.386,0.216,0.397
65500,0.389,0.218,0.393
66000,0.376,0.217,0.406
66500,0.372,0.204,0.423
67000,0.373,0.206,0.421
67500,0.370,0.210,0.419
68000,0.359,0.207,0.433
68500,0.362,0.214,0.423
69000,0.369,0.209,0.421
69500,0.376,0.209,0.416
70000,0.383,0.211,0.406
70500,0.388,0.199,0.413
71000,0.397,0.196,0.407
71500,0.400,0.183,0.418
72000,0.403,0.181,0.416
72500,0.403,0.179,0.418
73000,0.407,0.182,0.411
73500,0.408,0.189,0.404
74000,0.407,0.189,0.404
74500,0.398,0.194,0.409
75000,0.400,0.183,0.418
75500,0.398,0.179,0.423
76000,0.406,0.177,0.418
76500,0.411,0.178,0.410
77000,0.416,0.176,0.408
77500,0.419,0.172,0.409
78000,0.416,0.172,0.411
78500,0.422,0.176,0.401
79000,0.426,0.163,0.410
79500,0.430,0.166,0.404
80000,0.435,0.162,0.403
80500,0.442,0.167,0.391
81000,0.449,0.160,0.391
81500,0.454,0.168,0.378
82000,0.466,0.169,0.366
82500,0.463,0.166,0.371
83000,0.462,0.156,0.382
83500,0.472,0.155,0.373
84000,0.473,0.146,0.381
84500,0.475,0.132,0.394
85000,0.483,0.125,0.391
85500,0.492,0.117,0.390
86000,0.508,0.121,0.370
86500,0.508,0.121,0.371
87000,0.517,0.124,0.359
87500,0.529,0.115,0.356
88000,0.537,0.122,0.340
88500,0.532,0.118,0.349
89000,0.523,0.110,0.367
89500,0.516,0.117,0.367
90000,0.513,0.121,0.365
90500,0.508,0.115,0.377
91000,0.517,0.115,0.368
91500,0.519,0.123,0.357
92000,0.517,0.120,0.363
92500,0.516,0.116,0.368
93000,0.518,0.112,0.370
93500,0.531,0.109,0.360
94000,0.536,0.099,0.365
94500,0.541,0.097,0.362
95000,0.543,0.086,0.370
95500,0.551,0.081,0.368
96000,0.565,0.078,0.357
96500,0.579,0.077,0.344
97000,0.576,0.076,0.348
97500,0.583,0.076,0.341
98000,0.591,0.074,0.335
98500,0.596,0.074,0.330
99000,0.606,0.072,0.322
99500,0.618,0.069,0.314
100000,0.615,0.063,0.322
100500,0.608,0.057,0.336
101000,0.620,0.062,0.318
101500,0.621,0.061,0.318
102000,0.627,0.062,0.310
102500,0.643,0.058,0.299
103000,0.654,0.056,0.290
103500,0.656,0.059,0.285
104000,0.658,0.058,0.284
104500,0.664,0.057,0.279
105000,0.672,0.056,0.272
105500,0.674,0.058,0.268
106000,0.682,0.054,0.263
106500,0.695,0.051,0.255
107000,0.698,0.048,0.254
107500,0.694,0.041,0.265
108000,0.702,0.041,0.258
108500,0.711,0.043,0.246
109000,0.713,0.037,0.251
109500,0.709,0.035,0.257
110000,0.712,0.034,0.254
110500,0.703,0.038,0.259
111000,0.719,0.037,0.244
111500,0.727,0.035,0.238
112000,0.734,0.035,0.231
112500,0.738,0.029,0.233
113000,0.738,0.026,0.236
113500,0.745,0.028,0.227
114000,0.753,0.028,0.220
114500,0.760,0.026,0.214
115000,0.767,0.025,0.207
115500,0.778,0.020,0.202
116000,0.779,0.020,0.201
116500,0.779,0.018,0.203
117000,0.791,0.022,0.186
117500,0.795,0.022,0.183
118000,0.794,0.027,0.179
118500,0.793,0.024,0.183
119000,0.797,0.024,0.179
119500,0.803,0.022,0.174
120000,0.794,0.022,0.183
120500,0.798,0.022,0.180
121000,0.795,0.018,0.186
121500,0.804,0.018,0.177
122000,0.807,0.015,0.177
122500,0.812,0.013,0.174
123000,0.816,0.016,0.168
123500,0.812,0.016,0.171
124000,0.818,0.015,0.168
124500,0.823,0.013,0.164
125000,0.823,0.011,0.166
125500,0.830,0.009,0.162
126000,0.833,0.008,0.159
126500,0.843,0.007,0.150
127000,0.851,0.008,0.141
127500,0.855,0.007,0.138
128000,0.853,0.009,0.139
128500,0.856,0.009,0.135
129000,0.856,0.009,0.136
129500,0.855,0.011,0.134
130000,0.854,0.013,0.133
130500,0.858,0.011,0.132
131000,0.860,0.009,0.131
131500,0.859,0.010,0.131
132000,0.859,0.007,0.134
132500,0.866,0.005,0.129
133000,0.875,0.004,0.121
133500,0.880,0.004,0.116
134000,0.886,0.002,0.112
134500,0.891,0.002,0.107
135000,0.896,0.002,0.102
135500,0.898,0.004,0.098
136000,0.905,0.004,0.091
136500,0.909,0.003,0.088
137000,0.910,0.002,0.088
137500,0.912,0.002,0.086
138000,0.915,0.001,0.084
138500,0.913,0.001,0.086
139000,0.919,0.001,0.080
139500,0.922,0.001,0.077
140000,0.921,0.002,0.077
140500,0.922,0.002,0.076
141000,0.923,0.002,0.075
141500,0.931,0.001,0.068
142000,0.931,0.001,0.068
142500,0.927,0.001,0.072
143000,0.926,0.001,0.073
143500,0.930,0.002,0.068
144000,0.931,0.002,0.067
144500,0.938,0.001,0.061
145000,0.944,0.001,0.055
145500,0.946,0.001,0.053
146000,0.947,0.001,0.052
146500,0.948,0.001,0.052
147000,0.949,0.001,0.051
147500,0.950,0.001,0.050
148000,0.947,0.002,0.052
148500,0.952,0.001,0.047
149000,0.954,0.001,0.046
149500,0.955,0.001,0.045
150000,0.956,0.001,0.044
150500,0.958,0.001,0.042
151000,0.960,0.002,0.039
151500,0.957,0.001,0.042
152000,0.955,0.001,0.044
152500,0.958,0.000,0.042
153000,0.954,0.000,0.046
153500,0.957,0.000,0.043
154000,0.961,0.000,0.039
154500,0.960,0.000,0.040
155000,0.959,0.001,0.040
155500,0.958,0.001,0.042
156000,0.959,0.001,0.041
156500,0.963,0.002,0.036
157000,0.966,0.002,0.033
157500,0.966,0.002,0.033
158000,0.965,0.002,0.034
158500,0.966,0.001,0.033
159000,0.967,0.001,0.032
159500,0.970,0.001,0.029
160000,0.969,0.001,0.030
160500,0.967,0.001,0.033
161000,0.969,0.000,0.031
161500,0.971,0.000,0.029
162000,0.973,0.000,0.027
162500,0.974,0.000,0.026
163000,0.973,0.000,0.027
163500,0.976,0.000,0.024
164000,0.977,0.001,0.022
164500,0.979,0.001,0.020
165000,0.978,0.002,0.020
165500,0.977,0.002,0.022
166000,0.974,0.001,0.025
166500,0.975,0.000,0.025
167000,0.974,0.000,0.026
167500,0.978,0.000,0.022
168000,0.978,0.000,0.022
168500,0.978,0.000,0.022
169000,0.978,0.000,0.022
169500,0.975,0.000,0.025
170000,0.975,0.000,0.025
170500,0.976,0.000,0.024
171000,0.977,0.000,0.023
171500,0.978,0.000,0.022
172000,0.977,0.000,0.023
172500,0.976,0.000,0.024
173000,0.978,0.000,0.022
173500,0.979,0.001,0.020
174000,0.981,0.001,0.018
174500,0.983,0.001,0.016
175000,0.984,0.001,0.016
175500,0.983,0.001,0.017
176000,0.984,0.001,0.016
176500,0.984,0.001,0.016
177000,0.984,0.000,0.016
177500,0.985,0.000,0.015
178000,0.987,0.000,0.013
178500,0.988,0.000,0.012
179000,0.987,0.000,0.013
179500,0.987,0.000,0.013
180000,0.986,0.000,0.014
180500,0.987,0.000,0.013
181000,0.988,0.000,0.012
181500,0.990,0.000,0.010
182000,0.990,0.000,0.010
182500,0.990,0.000,0.010
183000,0.991,0.000,0.009
183500,0.990,0.000,0.010
184000,0.993,0.000,0.007
184500,0.996,0.000,0.004
185000,0.997,0.000,0.003
185500,0.998,0.000,0.002
186000,0.998,0.000,0.002
186500,0.998,0.000,0.002
187000,0.998,0.000,0.002
187500,0.999,0.000,0.001
188000,0.999,0.000,0.001
188500,0.999,0.000,0.001
189000,0.999,0.000,0.001
189500,0.999,0.000,0.001
190000,0.999,0.000,0.001
190500,0.999,0.000,0.001
191000,0.999,0.000,0.001
191500,0.999,0.000,0.001
192000,1.000,0.000,0.000
192500,1.000,0.000,0.000
193000,1.000,0.000,0.000
193500,1.000,0.000,0.000
194000,1.000,0.000,0.000
194500,1.000,0.000,0.000
195000,1.000,0.000,0.000
