time,n_A+p,n_B,n_AB
500,0.050,0.840,0.110
1000,0.050,0.711,0.239
1500,0.050,0.686,0.264
2000,0.050,0.570,0.380
2500,0.050,0.532,0.418
3000,0.050,0.552,0.397
3500,0.052,0.508,0.439
4000,0.052,0.479,0.468
4500,0.053,0.429,0.517
5000,0.052,0.399,0.548
5500,0.057,0.368,0.575
6000,0.051,0.384,0.565
6500,0.051,0.391,0.558
7000,0.059,0.401,0.540
7500,0.054,0.436,0.510
8000,0.054,0.401,0.545
8500,0.052,0.442,0.506
9000,0.058,0.428,0.514
9500,0.057,0.383,0.560
10000,0.051,0.410,0.538
10500,0.059,0.423,0.518
11000,0.052,0.438,0.510
11500,0.053,0.390,0.556
12000,0.059,0.405,0.536
12500,0.056,0.416,0.528
13000,0.051,0.408,0.542
13500,0.052,0.400,0.547
14000,0.051,0.333,0.617
14500,0.057,0.355,0.587
15000,0.056,0.364,0.579
15500,0.062,0.355,0.583
16000,0.056,0.345,0.599
16500,0.061,0.351,0.588
17000,0.072,0.340,0.589
17500,0.067,0.313,0.620
18000,0.068,0.328,0.605
18500,0.075,0.284,0.641
19000,0.082,0.289,0.629
19500,0.070,0.274,0.656
20000,0.080,0.274,0.646
20500,0.059,0.322,0.619
21000,0.061,0.344,0.595
21500,0.058,0.351,0.591
22000,0.057,0.403,0.540
22500,0.056,0.399,0.545
23000,0.056,0.427,0.517
23500,0.051,0.387,0.562
24000,0.055,0.412,0.533
24500,0.053,0.397,0.549
25000,0.051,0.412,0.536
25500,0.056,0.433,0.511
26000,0.055,0.453,0.492
26500,0.051,0.431,0.518
27000,0.055,0.377,0.568
27500,0.065,0.344,0.592
28000,0.059,0.376,0.566
28500,0.053,0.465,0.482
29000,0.052,0.424,0.524
29500,0.050,0.443,0.507
30000,0.061,0.406,0.532
30500,0.053,0.409,0.538
31000,0.057,0.434,0.509
31500,0.050,0.467,0.483
32000,0.054,0.446,0.500
32500,0.051,0.405,0.545
33000,0.050,0.432,0.517
33500,0.057,0.385,0.559
34000,0.057,0.406,0.536
34500,0.058,0.361,0.581
35000,0.058,0.383,0.560
35500,0.061,0.385,0.553
36000,0.056,0.396,0.549
36500,0.054,0.370,0.575
37000,0.058,0.377,0.565
37500,0.066,0.378,0.556
38000,0.058,0.387,0.555
38500,0.056,0.353,0.591
39000,0.051,0.391,0.558
39500,0.053,0.442,0.505
40000,0.055,0.422,0.523
40500,0.059,0.416,0.525
41000,0.056,0.407,0.537
41500,0.052,0.384,0.564
42000,0.051,0.356,0.593
42500,0.056,0.378,0.566
43000,0.051,0.399,0.550
43500,0.052,0.349,0.599
44000,0.060,0.352,0.587
44500,0.069,0.285,0.646
45000,0.075,0.284,0.641
45500,0.084,0.261,0.655
46000,0.075,0.266,0.659
46500,0.075,0.305,0.619
47000,0.072,0.330,0.597
47500,0.064,0.386,0.551
48000,0.060,0.357,0.583
48500,0.062,0.344,0.594
49000,0.059,0.372,0.569
49500,0.056,0.431,0.514
50000,0.055,0.436,0.509
50500,0.053,0.366,0.581
51000,0.058,0.359,0.584
51500,0.060,0.368,0.571
52000,0.058,0.378,0.565
52500,0.056,0.327,0.617
53000,0.059,0.340,0.601
53500,0.066,0.334,0.601
54000,0.054,0.402,0.543
54500,0.051,0.428,0.521
55000,0.051,0.457,0.493
55500,0.052,0.454,0.494
56000,0.054,0.458,0.488
56500,0.055,0.492,0.452
57000,0.051,0.502,0.447
57500,0.051,0.453,0.497
58000,0.050,0.460,0.490
58500,0.050,0.485,0.464
59000,0.050,0.467,0.483
59500,0.050,0.458,0.492
60000,0.050,0.417,0.532
60500,0.052,0.439,0.509
61000,0.051,0.460,0.490
61500,0.050,0.422,0.528
62000,0.050,0.445,0.505
62500,0.050,0.443,0.507
63000,0.050,0.410,0.539
63500,0.053,0.422,0.524
64000,0.051,0.386,0.563
64500,0.051,0.410,0.539
65000,0.051,0.423,0.526
65500,0.051,0.428,0.522
66000,0.050,0.403,0.547
66500,0.051,0.380,0.569
67000,0.066,0.378,0.556
67500,0.061,0.320,0.619
68000,0.067,0.312,0.621
68500,0.073,0.316,0.611
69000,0.069,0.327,0.604
69500,0.062,0.312,0.625
70000,0.058,0.357,0.585
70500,0.055,0.374,0.571
71000,0.054,0.436,0.509
71500,0.050,0.457,0.493
72000,0.050,0.439,0.511
72500,0.056,0.430,0.514
73000,0.050,0.427,0.523
73500,0.050,0.447,0.503
74000,0.052,0.407,0.541
74500,0.055,0.448,0.497
75000,0.051,0.444,0.505
75500,0.057,0.476,0.468
76000,0.056,0.430,0.514
76500,0.053,0.425,0.522
77000,0.057,0.395,0.548
77500,0.057,0.407,0.536
78000,0.055,0.410,0.535
78500,0.054,0.369,0.577
79000,0.052,0.369,0.578
79500,0.051,0.416,0.532
80000,0.051,0.422,0.527
80500,0.053,0.463,0.483
81000,0.051,0.479,0.471
81500,0.053,0.453,0.494
82000,0.051,0.448,0.502
82500,0.050,0.451,0.499
83000,0.051,0.460,0.489
83500,0.051,0.426,0.523
84000,0.055,0.416,0.528
84500,0.056,0.385,0.559
85000,0.064,0.369,0.567
85500,0.056,0.394,0.550
86000,0.051,0.336,0.613
86500,0.053,0.448,0.499
87000,0.054,0.440,0.506
87500,0.051,0.345,0.604
88000,0.053,0.343,0.604
88500,0.056,0.381,0.563
89000,0.059,0.366,0.575
89500,0.058,0.348,0.593
90000,0.053,0.356,0.591
90500,0.051,0.380,0.569
91000,0.051,0.368,0.580
91500,0.054,0.377,0.569
92000,0.051,0.401,0.548
92500,0.050,0.396,0.554
93000,0.055,0.397,0.548
93500,0.052,0.416,0.531
94000,0.054,0.335,0.611
94500,0.061,0.307,0.631
95000,0.059,0.352,0.589
95500,0.066,0.355,0.579
96000,0.071,0.340,0.589
96500,0.063,0.300,0.637
97000,0.072,0.324,0.605
97500,0.071,0.310,0.619
98000,0.062,0.338,0.599
98500,0.057,0.373,0.570
99000,0.056,0.386,0.558
99500,0.053,0.372,0.574
100000,0.057,0.427,0.515
100500,0.056,0.398,0.547
101000,0.051,0.406,0.543
101500,0.051,0.432,0.516
102000,0.052,0.460,0.487
102500,0.051,0.485,0.463
103000,0.051,0.495,0.454
103500,0.050,0.478,0.472
104000,0.050,0.450,0.500
104500,0.051,0.442,0.507
105000,0.052,0.445,0.503
105500,0.051,0.459,0.491
106000,0.054,0.458,0.487
106500,0.051,0.455,0.494
107000,0.053,0.406,0.541
107500,0.051,0.394,0.555
108000,0.051,0.429,0.520
108500,0.056,0.451,0.493
109000,0.055,0.401,0.544
109500,0.056,0.378,0.567
110000,0.053,0.358,0.589
110500,0.053,0.369,0.578
111000,0.058,0.378,0.565
111500,0.053,0.401,0.546
112000,0.051,0.424,0.524
112500,0.051,0.385,0.565
113000,0.053,0.352,0.595
113500,0.054,0.346,0.599
114000,0.058,0.366,0.576
114500,0.051,0.417,0.532
115000,0.054,0.385,0.560
115500,0.052,0.426,0.521
116000,0.050,0.449,0.501
116500,0.050,0.453,0.497
117000,0.057,0.434,0.510
117500,0.051,0.473,0.476
118000,0.051,0.459,0.491
118500,0.050,0.455,0.495
119000,0.050,0.472,0.477
119500,0.056,0.456,0.488
120000,0.051,0.452,0.497
120500,0.053,0.438,0.509
121000,0.053,0.446,0.500
121500,0.053,0.410,0.536
122000,0.053,0.404,0.543
122500,0.059,0.402,0.540
123000,0.057,0.406,0.536
123500,0.054,0.441,0.505
124000,0.056,0.380,0.565
124500,0.059,0.399,0.543
125000,0.064,0.327,0.609
125500,0.061,0.343,0.595
126000,0.060,0.390,0.550
126500,0.058,0.371,0.571
127000,0.057,0.346,0.597
127500,0.062,0.403,0.535
128000,0.053,0.384,0.562
128500,0.061,0.395,0.544
129000,0.055,0.363,0.581
129500,0.061,0.354,0.585
130000,0.057,0.320,0.623
130500,0.056,0.364,0.579
131000,0.058,0.363,0.579
131500,0.061,0.386,0.553
132000,0.064,0.393,0.543
132500,0.062,0.379,0.558
133000,0.056,0.364,0.580
133500,0.064,0.369,0.567
134000,0.057,0.365,0.578
134500,0.054,0.391,0.555
135000,0.052,0.400,0.548
135500,0.052,0.433,0.514
136000,0.053,0.465,0.481
136500,0.052,0.454,0.494
137000,0.051,0.430,0.519
137500,0.052,0.390,0.557
138000,0.059,0.372,0.569
138500,0.056,0.393,0.552
139000,0.052,0.409,0.538
139500,0.063,0.399,0.538
140000,0.057,0.377,0.566
140500,0.051,0.441,0.508
141000,0.051,0.369,0.580
141500,0.053,0.390,0.556
142000,0.051,0.448,0.501
142500,0.050,0.451,0.499
143000,0.050,0.436,0.514
143500,0.050,0.453,0.497
144000,0.050,0.488,0.461
144500,0.051,0.476,0.472
145000,0.053,0.430,0.516
145500,0.051,0.405,0.544
146000,0.053,0.444,0.503
146500,0.055,0.429,0.516
147000,0.056,0.379,0.566
147500,0.051,0.362,0.587
148000,0.051,0.400,0.550
148500,0.059,0.399,0.543
149000,0.054,0.404,0.542
149500,0.055,0.416,0.528
150000,0.060,0.393,0.547
150500,0.062,0.370,0.567
151000,0.058,0.407,0.535
151500,0.054,0.388,0.557
152000,0.057,0.374,0.569
152500,0.058,0.337,0.605
153000,0.058,0.351,0.592
153500,0.064,0.306,0.630
154000,0.076,0.284,0.639
154500,0.073,0.260,0.666
155000,0.074,0.285,0.641
155500,0.083,0.255,0.662
156000,0.075,0.281,0.643
156500,0.066,0.262,0.673
157000,0.060,0.276,0.664
157500,0.065,0.313,0.622
158000,0.061,0.339,0.600
158500,0.053,0.373,0.573
159000,0.059,0.333,0.608
159500,0.059,0.365,0.576
160000,0.058,0.393,0.550
160500,0.053,0.391,0.555
161000,0.051,0.403,0.546
161500,0.057,0.363,0.581
162000,0.054,0.382,0.564
162500,0.063,0.359,0.578
163000,0.055,0.413,0.532
163500,0.052,0.410,0.537
164000,0.054,0.363,0.583
164500,0.055,0.366,0.579
165000,0.060,0.359,0.581
165500,0.055,0.370,0.575
166000,0.055,0.404,0.541
166500,0.052,0.419,0.528
167000,0.051,0.443,0.506
167500,0.051,0.450,0.500
168000,0.054,0.423,0.522
168500,0.053,0.450,0.497
169000,0.052,0.477,0.470
169500,0.053,0.449,0.498
170000,0.050,0.468,0.482
170500,0.051,0.457,0.492
171000,0.052,0.469,0.479
171500,0.051,0.446,0.502
172000,0.058,0.439,0.504
172500,0.053,0.402,0.545
173000,0.058,0.402,0.541
173500,0.055,0.394,0.551
174000,0.057,0.380,0.564
174500,0.065,0.370,0.566
175000,0.069,0.367,0.564
175500,0.062,0.302,0.635
176000,0.072,0.277,0.650
176500,0.077,0.265,0.658
177000,0.063,0.285,0.652
177500,0.060,0.378,0.562
178000,0.053,0.416,0.530
178500,0.051,0.401,0.548
179000,0.053,0.385,0.562
179500,0.050,0.395,0.555
180000,0.052,0.420,0.527
180500,0.051,0.463,0.486
181000,0.050,0.444,0.506
181500,0.050,0.442,0.508
182000,0.052,0.398,0.550
182500,0.050,0.385,0.565
183000,0.050,0.431,0.519
183500,0.056,0.410,0.533
184000,0.051,0.401,0.548
184500,0.058,0.402,0.540
185000,0.052,0.420,0.527
185500,0.051,0.407,0.542
186000,0.051,0.368,0.581
186500,0.059,0.405,0.535
187000,0.059,0.398,0.544
187500,0.059,0.366,0.575
188000,0.054,0.386,0.559
188500,0.056,0.354,0.589
189000,0.055,0.354,0.591
189500,0.056,0.401,0.543
190000,0.051,0.410,0.538
190500,0.059,0.442,0.500
191000,0.052,0.469,0.479
191500,0.051,0.434,0.515
192000,0.051,0.469,0.480
192500,0.051,0.448,0.502
193000,0.050,0.470,0.480
193500,0.050,0.473,0.477
194000,0.052,0.477,0.470
194500,0.050,0.427,0.523
195000,0.052,0.427,0.520
195500,0.058,0.392,0.550
196000,0.054,0.373,0.573
196500,0.051,0.472,0.477
197000,0.051,0.482,0.467
197500,0.051,0.446,0.503
198000,0.051,0.418,0.531
198500,0.056,0.449,0.495
199000,0.051,0.448,0.500
199500,0.050,0.442,0.508
200000,0.052,0.457,0.491
200500,0.052,0.423,0.524
201000,0.052,0.417,0.531
201500,0.051,0.381,0.568
202000,0.058,0.371,0.571
202500,0.053,0.405,0.542
203000,0.051,0.394,0.555
203500,0.054,0.454,0.492
204000,0.051,0.421,0.528
204500,0.053,0.429,0.518
205000,0.061,0.401,0.538
205500,0.057,0.391,0.553
206000,0.052,0.359,0.589
206500,0.057,0.406,0.537
207000,0.056,0.409,0.536
207500,0.053,0.406,0.541
208000,0.051,0.446,0.503
208500,0.051,0.449,0.499
209000,0.051,0.449,0.500
209500,0.051,0.401,0.549
210000,0.057,0.427,0.515
210500,0.052,0.433,0.514
211000,0.052,0.461,0.487
211500,0.054,0.456,0.490
212000,0.053,0.430,0.517
212500,0.051,0.417,0.532
213000,0.050,0.443,0.507
213500,0.050,0.427,0.522
214000,0.050,0.440,0.510
214500,0.050,0.422,0.528
215000,0.051,0.463,0.486
215500,0.051,0.467,0.482
216000,0.050,0.448,0.502
216500,0.050,0.404,0.546
217000,0.050,0.431,0.519
217500,0.050,0.418,0.532
218000,0.053,0.366,0.581
218500,0.052,0.395,0.553
219000,0.052,0.392,0.556
219500,0.054,0.342,0.603
220000,0.057,0.367,0.576
220500,0.057,0.362,0.581
221000,0.052,0.339,0.609
221500,0.056,0.407,0.536
222000,0.054,0.377,0.569
222500,0.052,0.378,0.570
223000,0.053,0.415,0.532
223500,0.050,0.395,0.555
224000,0.051,0.439,0.510
224500,0.050,0.447,0.503
225000,0.057,0.411,0.532
225500,0.057,0.418,0.526
226000,0.051,0.440,0.510
226500,0.050,0.452,0.498
227000,0.051,0.428,0.520
227500,0.050,0.424,0.526
228000,0.052,0.431,0.516
228500,0.051,0.442,0.507
229000,0.050,0.468,0.482
229500,0.050,0.435,0.514
230000,0.056,0.438,0.506
230500,0.052,0.478,0.470
231000,0.051,0.480,0.468
231500,0.050,0.455,0.495
232000,0.052,0.441,0.507
232500,0.051,0.469,0.481
233000,0.052,0.464,0.484
233500,0.050,0.456,0.494
234000,0.054,0.442,0.504
234500,0.056,0.389,0.555
235000,0.054,0.342,0.603
235500,0.057,0.383,0.560
236000,0.052,0.377,0.571
236500,0.056,0.397,0.547
237000,0.058,0.392,0.550
237500,0.052,0.395,0.553
238000,0.060,0.429,0.511
238500,0.053,0.442,0.505
239000,0.050,0.469,0.481
239500,0.051,0.430,0.519
240000,0.050,0.441,0.509
240500,0.051,0.439,0.510
241000,0.053,0.409,0.537
241500,0.051,0.413,0.536
242000,0.052,0.386,0.562
242500,0.051,0.421,0.528
243000,0.050,0.419,0.530
243500,0.050,0.424,0.526
244000,0.055,0.387,0.558
244500,0.051,0.459,0.490
245000,0.051,0.458,0.491
245500,0.050,0.441,0.509
246000,0.050,0.466,0.484
246500,0.050,0.430,0.519
247000,0.050,0.380,0.571
247500,0.058,0.360,0.582
248000,0.056,0.396,0.548
248500,0.065,0.341,0.594
249000,0.068,0.322,0.611
249500,0.057,0.370,0.573
250000,0.051,0.387,0.562
250500,0.058,0.374,0.568
251000,0.054,0.404,0.542
251500,0.053,0.391,0.555
252000,0.064,0.402,0.534
252500,0.057,0.376,0.568
253000,0.053,0.369,0.577
253500,0.054,0.404,0.542
254000,0.053,0.432,0.514
254500,0.050,0.397,0.553
255000,0.052,0.414,0.534
255500,0.055,0.413,0.531
256000,0.050,0.442,0.508
256500,0.058,0.422,0.520
257000,0.054,0.411,0.534
257500,0.053,0.359,0.587
258000,0.055,0.343,0.602
258500,0.066,0.376,0.558
259000,0.053,0.385,0.562
259500,0.055,0.397,0.548
260000,0.057,0.399,0.544
260500,0.058,0.379,0.564
261000,0.058,0.388,0.554
261500,0.055,0.406,0.539
262000,0.051,0.450,0.499
262500,0.051,0.443,0.506
263000,0.051,0.426,0.524
263500,0.053,0.447,0.500
264000,0.053,0.398,0.549
264500,0.051,0.377,0.573
265000,0.051,0.438,0.512
265500,0.054,0.468,0.477
266000,0.051,0.486,0.462
266500,0.054,0.434,0.511
267000,0.056,0.407,0.536
267500,0.052,0.416,0.532
268000,0.051,0.438,0.512
268500,0.056,0.389,0.555
269000,0.056,0.362,0.582
269500,0.057,0.395,0.549
270000,0.054,0.396,0.549
270500,0.057,0.406,0.537
271000,0.054,0.406,0.540
271500,0.059,0.383,0.558
272000,0.057,0.409,0.534
272500,0.052,0.375,0.573
273000,0.058,0.423,0.520
273500,0.053,0.393,0.554
274000,0.053,0.396,0.551
274500,0.051,0.401,0.548
275000,0.058,0.406,0.535
275500,0.051,0.420,0.528
276000,0.051,0.433,0.515
276500,0.054,0.433,0.512
277000,0.056,0.406,0.538
277500,0.051,0.387,0.562
278000,0.053,0.406,0.541
278500,0.058,0.460,0.482
279000,0.059,0.407,0.534
279500,0.053,0.374,0.572
280000,0.054,0.405,0.541
280500,0.051,0.413,0.536
281000,0.051,0.368,0.581
281500,0.058,0.378,0.564
282000,0.056,0.428,0.515
282500,0.054,0.417,0.529
283000,0.052,0.456,0.491
283500,0.052,0.417,0.530
284000,0.054,0.377,0.569
284500,0.068,0.383,0.549
285000,0.064,0.334,0.603
285500,0.056,0.364,0.581
286000,0.053,0.342,0.605
286500,0.057,0.389,0.554
287000,0.051,0.367,0.582
287500,0.055,0.357,0.587
288000,0.062,0.332,0.606
288500,0.057,0.347,0.597
289000,0.061,0.364,0.574
289500,0.059,0.352,0.588
290000,0.057,0.387,0.556
290500,0.055,0.370,0.575
291000,0.054,0.412,0.533
291500,0.051,0.459,0.490
292000,0.056,0.420,0.524
292500,0.053,0.402,0.545
293000,0.054,0.390,0.556
293500,0.061,0.394,0.544
294000,0.059,0.416,0.526
294500,0.053,0.425,0.522
295000,0.051,0.484,0.464
295500,0.050,0.480,0.469
296000,0.050,0.428,0.522
296500,0.050,0.454,0.496
297000,0.050,0.467,0.483
297500,0.050,0.488,0.462
298000,0.050,0.470,0.479
298500,0.050,0.453,0.497
299000,0.052,0.455,0.493
299500,0.053,0.412,0.534
300000,0.050,0.444,0.506
300500,0.051,0.453,0.496
301000,0.053,0.431,0.516
301500,0.051,0.422,0.526
302000,0.053,0.422,0.524
302500,0.052,0.405,0.542
303000,0.052,0.464,0.484
303500,0.050,0.500,0.450
304000,0.054,0.472,0.474
304500,0.051,0.455,0.494
305000,0.051,0.479,0.470
305500,0.056,0.430,0.513
306000,0.053,0.421,0.526
306500,0.051,0.485,0.465
307000,0.052,0.524,0.423
307500,0.051,0.518,0.431
308000,0.050,0.498,0.451
308500,0.050,0.475,0.475
309000,0.057,0.453,0.490
309500,0.054,0.489,0.456
310000,0.051,0.479,0.469
310500,0.052,0.469,0.479
311000,0.051,0.456,0.493
311500,0.050,0.448,0.502
312000,0.052,0.466,0.482
312500,0.051,0.450,0.500
313000,0.050,0.450,0.500
313500,0.051,0.411,0.537
314000,0.052,0.446,0.502
314500,0.057,0.429,0.514
315000,0.059,0.419,0.522
315500,0.053,0.367,0.579
316000,0.053,0.380,0.567
316500,0.053,0.372,0.575
317000,0.056,0.371,0.573
317500,0.052,0.388,0.560
318000,0.051,0.414,0.534
318500,0.050,0.460,0.490
319000,0.050,0.432,0.518
319500,0.050,0.463,0.487
320000,0.050,0.432,0.518
320500,0.050,0.463,0.487
321000,0.050,0.447,0.503
321500,0.052,0.410,0.537
322000,0.050,0.463,0.487
322500,0.050,0.425,0.524
323000,0.051,0.434,0.514
323500,0.050,0.435,0.515
324000,0.053,0.436,0.511
324500,0.057,0.411,0.532
325000,0.056,0.402,0.542
325500,0.053,0.432,0.514
326000,0.050,0.457,0.493
326500,0.050,0.444,0.506
327000,0.057,0.408,0.534
327500,0.051,0.432,0.516
328000,0.051,0.457,0.492
328500,0.051,0.457,0.493
329000,0.050,0.439,0.511
329500,0.052,0.430,0.518
330000,0.053,0.408,0.538
330500,0.053,0.380,0.567
331000,0.056,0.353,0.591
331500,0.059,0.306,0.635
332000,0.062,0.290,0.648
332500,0.061,0.343,0.597
333000,0.053,0.377,0.570
333500,0.051,0.418,0.530
334000,0.051,0.430,0.519
334500,0.050,0.381,0.569
335000,0.053,0.364,0.583
335500,0.055,0.445,0.500
336000,0.056,0.425,0.519
336500,0.058,0.388,0.554
337000,0.052,0.407,0.541
337500,0.052,0.421,0.526
338000,0.050,0.434,0.516
338500,0.050,0.405,0.545
339000,0.056,0.368,0.575
339500,0.054,0.380,0.566
340000,0.051,0.366,0.584
340500,0.053,0.366,0.581
341000,0.054,0.386,0.560
341500,0.050,0.388,0.562
342000,0.052,0.375,0.573
342500,0.054,0.425,0.520
343000,0.054,0.454,0.492
343500,0.053,0.462,0.485
344000,0.052,0.470,0.478
344500,0.050,0.450,0.500
345000,0.051,0.478,0.471
345500,0.053,0.381,0.566
346000,0.051,0.399,0.549
346500,0.053,0.390,0.557
347000,0.053,0.372,0.574
347500,0.059,0.383,0.559
348000,0.059,0.372,0.568
348500,0.058,0.370,0.573
349000,0.065,0.374,0.561
349500,0.060,0.388,0.551
350000,0.061,0.355,0.584
350500,0.062,0.336,0.602
351000,0.068,0.347,0.585
351500,0.059,0.321,0.620
352000,0.063,0.338,0.599
352500,0.053,0.347,0.600
353000,0.060,0.327,0.613
353500,0.057,0.384,0.559
354000,0.053,0.397,0.550
354500,0.051,0.357,0.592
355000,0.053,0.413,0.533
355500,0.052,0.431,0.516
356000,0.051,0.440,0.510
356500,0.053,0.401,0.546
357000,0.054,0.406,0.540
357500,0.053,0.386,0.561
358000,0.051,0.419,0.530
358500,0.051,0.419,0.529
359000,0.051,0.462,0.487
359500,0.051,0.479,0.471
360000,0.050,0.469,0.480
360500,0.050,0.416,0.534
361000,0.050,0.416,0.534
361500,0.052,0.377,0.571
362000,0.051,0.397,0.552
362500,0.053,0.453,0.494
363000,0.053,0.403,0.544
363500,0.051,0.441,0.508
364000,0.051,0.527,0.421
364500,0.050,0.473,0.476
365000,0.052,0.426,0.521
365500,0.057,0.415,0.528
366000,0.053,0.435,0.511
366500,0.052,0.401,0.547
367000,0.054,0.413,0.532
367500,0.051,0.415,0.534
368000,0.054,0.418,0.528
368500,0.052,0.398,0.550
369000,0.050,0.436,0.513
369500,0.054,0.423,0.522
370000,0.054,0.447,0.498
370500,0.052,0.452,0.496
371000,0.051,0.454,0.495
371500,0.050,0.434,0.516
372000,0.054,0.453,0.493
372500,0.059,0.420,0.521
373000,0.051,0.481,0.468
373500,0.051,0.461,0.488
374000,0.050,0.452,0.498
374500,0.050,0.402,0.548
375000,0.050,0.450,0.500
375500,0.050,0.440,0.510
376000,0.057,0.407,0.536
376500,0.053,0.396,0.551
377000,0.061,0.409,0.530
377500,0.051,0.456,0.493
378000,0.051,0.463,0.486
378500,0.051,0.403,0.546
379000,0.053,0.428,0.518
379500,0.053,0.392,0.555
380000,0.054,0.391,0.555
380500,0.052,0.453,0.495
381000,0.051,0.426,0.523
381500,0.053,0.459,0.487
382000,0.052,0.463,0.485
382500,0.051,0.442,0.507
383000,0.050,0.468,0.482
383500,0.050,0.479,0.471
384000,0.050,0.479,0.470
384500,0.053,0.446,0.501
385000,0.050,0.480,0.470
385500,0.051,0.452,0.496
386000,0.056,0.413,0.531
386500,0.062,0.348,0.590
387000,0.058,0.388,0.554
387500,0.056,0.369,0.575
388000,0.058,0.406,0.535
388500,0.059,0.360,0.581
389000,0.054,0.346,0.600
389500,0.057,0.373,0.570
390000,0.055,0.406,0.538
390500,0.055,0.337,0.608
391000,0.053,0.401,0.546
391500,0.051,0.439,0.510
392000,0.050,0.441,0.509
392500,0.050,0.436,0.514
393000,0.050,0.471,0.478
393500,0.050,0.470,0.479
394000,0.050,0.465,0.485
394500,0.050,0.446,0.504
395000,0.052,0.456,0.491
395500,0.057,0.427,0.516
396000,0.055,0.441,0.504
396500,0.051,0.494,0.455
397000,0.050,0.464,0.486
397500,0.050,0.402,0.548
398000,0.058,0.354,0.588
398500,0.057,0.388,0.555
399000,0.053,0.391,0.556
399500,0.054,0.417,0.528
400000,0.058,0.436,0.505
400500,0.055,0.392,0.553
401000,0.052,0.415,0.533
401500,0.052,0.379,0.569
402000,0.053,0.341,0.606
402500,0.053,0.374,0.572
403000,0.069,0.293,0.639
403500,0.057,0.336,0.607
404000,0.056,0.370,0.575
404500,0.052,0.403,0.544
405000,0.050,0.434,0.515
405500,0.050,0.449,0.501
406000,0.050,0.422,0.528
406500,0.050,0.408,0.541
407000,0.055,0.419,0.526
407500,0.051,0.389,0.560
408000,0.050,0.328,0.622
408500,0.059,0.345,0.597
409000,0.053,0.406,0.540
409500,0.054,0.433,0.513
410000,0.051,0.390,0.558
410500,0.053,0.395,0.552
411000,0.056,0.390,0.555
411500,0.051,0.387,0.562
412000,0.051,0.392,0.557
412500,0.055,0.379,0.566
413000,0.058,0.369,0.573
413500,0.053,0.382,0.565
414000,0.050,0.377,0.573
414500,0.053,0.379,0.568
415000,0.060,0.378,0.561
415500,0.052,0.371,0.577
416000,0.054,0.331,0.615
416500,0.052,0.399,0.549
417000,0.051,0.440,0.509
417500,0.051,0.450,0.499
418000,0.051,0.408,0.540
418500,0.054,0.379,0.567
419000,0.059,0.371,0.569
419500,0.056,0.409,0.535
420000,0.054,0.371,0.575
420500,0.056,0.351,0.593
421000,0.057,0.372,0.571
421500,0.059,0.400,0.541
422000,0.051,0.398,0.551
422500,0.057,0.415,0.527
423000,0.055,0.442,0.503
423500,0.058,0.361,0.581
424000,0.056,0.338,0.607
424500,0.053,0.354,0.593
425000,0.055,0.362,0.583
425500,0.059,0.369,0.572
426000,0.056,0.410,0.534
426500,0.052,0.368,0.580
427000,0.056,0.387,0.557
427500,0.052,0.457,0.491
428000,0.051,0.443,0.507
428500,0.052,0.413,0.534
429000,0.053,0.400,0.547
429500,0.050,0.433,0.517
430000,0.053,0.399,0.548
430500,0.050,0.430,0.519
431000,0.050,0.464,0.486
431500,0.050,0.430,0.519
432000,0.054,0.436,0.510
432500,0.053,0.466,0.481
433000,0.051,0.439,0.510
433500,0.051,0.485,0.465
434000,0.050,0.433,0.516
434500,0.052,0.457,0.491
435000,0.050,0.466,0.484
435500,0.050,0.454,0.496
436000,0.051,0.485,0.464
436500,0.050,0.446,0.504
437000,0.050,0.435,0.515
437500,0.050,0.447,0.503
438000,0.050,0.473,0.477
438500,0.050,0.468,0.482
439000,0.050,0.461,0.489
439500,0.050,0.473,0.476
440000,0.052,0.465,0.483
440500,0.054,0.451,0.494
441000,0.053,0.391,0.556
441500,0.051,0.442,0.508
442000,0.051,0.455,0.494
442500,0.054,0.446,0.500
443000,0.053,0.466,0.480
443500,0.051,0.427,0.522
444000,0.050,0.420,0.530
444500,0.050,0.417,0.532
445000,0.051,0.376,0.573
445500,0.057,0.387,0.557
446000,0.053,0.371,0.576
446500,0.055,0.398,0.547
447000,0.054,0.422,0.524
447500,0.053,0.431,0.516
448000,0.051,0.461,0.489
448500,0.052,0.468,0.480
449000,0.050,0.462,0.488
449500,0.053,0.411,0.535
450000,0.051,0.435,0.514
450500,0.052,0.436,0.512
451000,0.051,0.434,0.516
451500,0.053,0.452,0.495
452000,0.052,0.459,0.489
452500,0.052,0.464,0.484
453000,0.050,0.420,0.530
453500,0.050,0.483,0.467
454000,0.051,0.450,0.499
454500,0.050,0.431,0.518
455000,0.050,0.434,0.516
455500,0.050,0.373,0.577
456000,0.050,0.461,0.489
456500,0.050,0.459,0.491
457000,0.053,0.455,0.492
457500,0.052,0.404,0.544
458000,0.053,0.387,0.560
458500,0.053,0.347,0.599
459000,0.064,0.350,0.585
459500,0.058,0.391,0.551
460000,0.053,0.377,0.570
460500,0.056,0.392,0.552
461000,0.051,0.419,0.530
461500,0.054,0.446,0.500
462000,0.055,0.403,0.542
462500,0.053,0.413,0.534
463000,0.053,0.391,0.556
463500,0.056,0.397,0.547
464000,0.058,0.376,0.566
464500,0.054,0.397,0.549
465000,0.056,0.408,0.536
465500,0.055,0.402,0.543
466000,0.065,0.383,0.553
466500,0.056,0.402,0.542
467000,0.054,0.418,0.528
467500,0.053,0.410,0.537
468000,0.053,0.395,0.551
468500,0.064,0.347,0.589
469000,0.062,0.346,0.592
469500,0.052,0.392,0.555
470000,0.056,0.398,0.547
470500,0.051,0.425,0.524
471000,0.054,0.435,0.510
471500,0.051,0.450,0.499
472000,0.051,0.422,0.527
472500,0.054,0.402,0.544
473000,0.056,0.408,0.535
473500,0.056,0.387,0.557
474000,0.053,0.382,0.565
474500,0.053,0.341,0.606
475000,0.057,0.321,0.623
475500,0.064,0.374,0.562
476000,0.055,0.350,0.595
476500,0.059,0.385,0.556
477000,0.054,0.479,0.467
477500,0.051,0.466,0.483
478000,0.050,0.426,0.524
478500,0.053,0.445,0.502
479000,0.052,0.422,0.525
479500,0.054,0.398,0.548
480000,0.053,0.366,0.581
480500,0.062,0.349,0.589
481000,0.057,0.407,0.535
481500,0.051,0.399,0.550
482000,0.051,0.439,0.510
482500,0.050,0.434,0.515
483000,0.050,0.398,0.552
483500,0.059,0.381,0.561
484000,0.058,0.393,0.550
484500,0.055,0.351,0.594
485000,0.056,0.375,0.570
485500,0.054,0.358,0.587
486000,0.052,0.372,0.575
486500,0.051,0.387,0.562
487000,0.057,0.370,0.574
487500,0.054,0.364,0.581
488000,0.054,0.344,0.602
488500,0.056,0.405,0.539
489000,0.053,0.411,0.535
489500,0.053,0.419,0.528
490000,0.057,0.384,0.559
490500,0.057,0.337,0.607
491000,0.059,0.397,0.544
491500,0.053,0.394,0.553
492000,0.052,0.396,0.552
492500,0.062,0.399,0.538
493000,0.057,0.403,0.540
493500,0.056,0.422,0.522
494000,0.051,0.451,0.499
494500,0.054,0.409,0.536
495000,0.056,0.419,0.526
495500,0.057,0.402,0.541
496000,0.055,0.394,0.551
496500,0.058,0.437,0.506
497000,0.053,0.431,0.516
497500,0.052,0.433,0.514
498000,0.052,0.419,0.528
498500,0.056,0.388,0.556
499000,0.061,0.360,0.579
499500,0.053,0.385,0.562
500000,0.052,0.369,0.579
500500,0.054,0.423,0.522
501000,0.051,0.428,0.520
501500,0.051,0.406,0.542
502000,0.050,0.414,0.536
502500,0.051,0.453,0.496
503000,0.050,0.457,0.493
503500,0.052,0.423,0.524
504000,0.051,0.480,0.469
504500,0.050,0.436,0.514
505000,0.050,0.418,0.531
505500,0.050,0.405,0.545
506000,0.050,0.444,0.506
506500,0.053,0.473,0.474
507000,0.051,0.461,0.488
507500,0.054,0.488,0.458
508000,0.055,0.441,0.504
508500,0.061,0.397,0.542
509000,0.052,0.430,0.518
509500,0.051,0.405,0.544
510000,0.050,0.414,0.536
510500,0.053,0.435,0.512
511000,0.052,0.420,0.527
511500,0.054,0.413,0.532
512000,0.053,0.397,0.549
512500,0.051,0.428,0.520
513000,0.056,0.430,0.514
513500,0.059,0.385,0.556
514000,0.052,0.365,0.583
514500,0.057,0.390,0.553
515000,0.059,0.371,0.570
515500,0.057,0.370,0.574
516000,0.051,0.364,0.585
516500,0.061,0.395,0.544
517000,0.057,0.389,0.554
517500,0.056,0.416,0.527
518000,0.051,0.446,0.503
518500,0.050,0.453,0.497
519000,0.050,0.428,0.522
519500,0.050,0.449,0.501
520000,0.054,0.417,0.528
520500,0.052,0.379,0.569
521000,0.055,0.396,0.549
521500,0.051,0.362,0.586
522000,0.056,0.339,0.605
522500,0.051,0.343,0.606
523000,0.060,0.381,0.559
523500,0.059,0.444,0.497
524000,0.059,0.398,0.544
524500,0.052,0.419,0.528
525000,0.051,0.454,0.495
525500,0.051,0.423,0.526
526000,0.053,0.439,0.508
526500,0.050,0.457,0.493
527000,0.057,0.429,0.514
527500,0.057,0.434,0.509
528000,0.052,0.434,0.514
528500,0.050,0.397,0.553
529000,0.059,0.319,0.623
529500,0.068,0.328,0.604
530000,0.058,0.372,0.569
530500,0.058,0.394,0.548
531000,0.053,0.342,0.605
531500,0.054,0.345,0.600
532000,0.057,0.374,0.570
532500,0.051,0.450,0.499
533000,0.050,0.416,0.534
533500,0.050,0.455,0.495
534000,0.051,0.437,0.512
534500,0.050,0.417,0.532
535000,0.051,0.362,0.587
535500,0.052,0.355,0.593
536000,0.053,0.381,0.566
536500,0.051,0.406,0.542
537000,0.058,0.373,0.569
537500,0.054,0.346,0.600
538000,0.056,0.379,0.566
538500,0.055,0.439,0.506
539000,0.056,0.410,0.533
539500,0.052,0.400,0.548
540000,0.053,0.383,0.564
540500,0.051,0.399,0.550
541000,0.056,0.436,0.507
541500,0.052,0.421,0.526
542000,0.051,0.396,0.554
542500,0.052,0.441,0.506
543000,0.057,0.478,0.466
543500,0.053,0.462,0.485
544000,0.051,0.443,0.506
544500,0.051,0.470,0.479
545000,0.050,0.476,0.474
545500,0.053,0.462,0.485
546000,0.054,0.447,0.499
546500,0.052,0.391,0.557
547000,0.055,0.400,0.545
547500,0.059,0.374,0.566
548000,0.054,0.374,0.572
548500,0.051,0.409,0.539
549000,0.051,0.456,0.493
549500,0.051,0.461,0.488
550000,0.050,0.449,0.501
550500,0.050,0.472,0.478
551000,0.055,0.447,0.498
551500,0.051,0.431,0.518
552000,0.065,0.350,0.585
552500,0.071,0.320,0.609
553000,0.062,0.341,0.597
553500,0.062,0.366,0.572
554000,0.057,0.369,0.573
554500,0.054,0.393,0.552
555000,0.058,0.387,0.556
555500,0.056,0.376,0.569
556000,0.051,0.408,0.541
556500,0.051,0.415,0.533
557000,0.051,0.404,0.546
557500,0.053,0.406,0.540
558000,0.051,0.403,0.546
558500,0.051,0.410,0.540
559000,0.053,0.457,0.490
559500,0.052,0.422,0.525
560000,0.050,0.384,0.566
560500,0.056,0.378,0.567
561000,0.054,0.341,0.605
561500,0.061,0.333,0.606
562000,0.066,0.377,0.558
562500,0.057,0.423,0.520
563000,0.051,0.405,0.544
563500,0.050,0.415,0.535
564000,0.050,0.433,0.516
564500,0.050,0.445,0.505
565000,0.052,0.458,0.490
565500,0.051,0.468,0.481
566000,0.051,0.440,0.509
566500,0.050,0.444,0.506
567000,0.054,0.456,0.490
567500,0.052,0.467,0.481
568000,0.057,0.411,0.531
568500,0.053,0.453,0.493
569000,0.051,0.440,0.508
569500,0.051,0.426,0.523
570000,0.050,0.419,0.530
570500,0.050,0.446,0.504
571000,0.053,0.422,0.525
571500,0.050,0.467,0.483
572000,0.050,0.452,0.498
572500,0.053,0.444,0.503
573000,0.056,0.415,0.529
573500,0.056,0.401,0.543
574000,0.051,0.440,0.509
574500,0.051,0.413,0.536
575000,0.050,0.418,0.532
575500,0.052,0.461,0.486
576000,0.053,0.424,0.523
576500,0.051,0.427,0.522
577000,0.050,0.403,0.547
577500,0.050,0.385,0.565
578000,0.054,0.406,0.540
578500,0.050,0.396,0.554
579000,0.051,0.363,0.586
579500,0.053,0.368,0.579
580000,0.054,0.388,0.558
580500,0.063,0.361,0.576
581000,0.054,0.405,0.541
581500,0.052,0.387,0.560
582000,0.057,0.407,0.536
582500,0.054,0.475,0.470
583000,0.052,0.464,0.484
583500,0.052,0.472,0.476
584000,0.050,0.373,0.577
584500,0.058,0.372,0.569
585000,0.058,0.385,0.557
585500,0.069,0.370,0.561
586000,0.057,0.382,0.561
586500,0.052,0.430,0.518
587000,0.051,0.419,0.530
587500,0.051,0.415,0.534
588000,0.052,0.376,0.572
588500,0.060,0.332,0.608
589000,0.068,0.306,0.627
589500,0.073,0.322,0.605
590000,0.061,0.342,0.598
590500,0.059,0.389,0.551
591000,0.054,0.409,0.536
591500,0.052,0.421,0.526
592000,0.054,0.378,0.568
592500,0.051,0.372,0.577
593000,0.054,0.392,0.554
593500,0.058,0.346,0.596
594000,0.055,0.386,0.559
594500,0.056,0.323,0.621
595000,0.064,0.353,0.583
595500,0.058,0.373,0.569
596000,0.053,0.389,0.558
596500,0.051,0.469,0.481
597000,0.050,0.440,0.510
597500,0.050,0.444,0.506
598000,0.050,0.450,0.500
598500,0.051,0.379,0.570
599000,0.050,0.410,0.539
599500,0.053,0.378,0.569
600000,0.054,0.361,0.585
600500,0.058,0.357,0.585
601000,0.059,0.348,0.592
601500,0.060,0.352,0.588
602000,0.053,0.386,0.560
602500,0.055,0.387,0.558
603000,0.051,0.450,0.500
603500,0.058,0.417,0.525
604000,0.051,0.448,0.501
604500,0.052,0.428,0.520
605000,0.051,0.423,0.525
605500,0.059,0.412,0.529
606000,0.057,0.408,0.536
606500,0.052,0.413,0.534
607000,0.052,0.364,0.583
607500,0.052,0.363,0.584
608000,0.050,0.416,0.533
608500,0.050,0.444,0.506
609000,0.050,0.447,0.503
609500,0.058,0.424,0.518
610000,0.066,0.380,0.555
610500,0.060,0.404,0.535
611000,0.052,0.415,0.533
611500,0.052,0.451,0.497
612000,0.057,0.474,0.470
612500,0.051,0.447,0.502
613000,0.052,0.440,0.508
613500,0.051,0.413,0.536
614000,0.057,0.382,0.561
614500,0.052,0.424,0.524
615000,0.051,0.434,0.514
615500,0.054,0.436,0.509
616000,0.051,0.424,0.525
616500,0.050,0.434,0.515
617000,0.050,0.427,0.523
617500,0.056,0.450,0.495
618000,0.051,0.471,0.478
618500,0.050,0.467,0.483
619000,0.051,0.421,0.527
619500,0.057,0.405,0.538
620000,0.056,0.364,0.580
620500,0.052,0.380,0.568
621000,0.050,0.401,0.549
621500,0.057,0.376,0.567
622000,0.051,0.394,0.555
622500,0.054,0.404,0.542
623000,0.058,0.449,0.494
623500,0.053,0.433,0.514
624000,0.051,0.428,0.521
624500,0.050,0.415,0.534
625000,0.051,0.436,0.512
625500,0.050,0.435,0.514
626000,0.050,0.406,0.544
626500,0.051,0.418,0.530
627000,0.053,0.419,0.527
627500,0.051,0.411,0.537
628000,0.050,0.387,0.563
628500,0.050,0.437,0.513
629000,0.050,0.436,0.513
629500,0.058,0.406,0.536
630000,0.057,0.385,0.559
630500,0.056,0.399,0.545
631000,0.055,0.376,0.569
631500,0.053,0.381,0.566
632000,0.057,0.374,0.569
632500,0.064,0.330,0.606
633000,0.062,0.365,0.572
633500,0.059,0.343,0.598
634000,0.059,0.350,0.591
634500,0.061,0.362,0.577
635000,0.057,0.360,0.584
635500,0.051,0.425,0.523
636000,0.051,0.461,0.489
636500,0.051,0.454,0.495
637000,0.054,0.395,0.550
637500,0.054,0.405,0.541
638000,0.057,0.341,0.603
638500,0.053,0.377,0.570
639000,0.053,0.427,0.520
639500,0.056,0.422,0.522
640000,0.052,0.423,0.525
640500,0.061,0.392,0.546
641000,0.056,0.431,0.514
641500,0.056,0.448,0.497
642000,0.055,0.459,0.486
642500,0.057,0.390,0.553
643000,0.058,0.369,0.574
643500,0.056,0.372,0.572
644000,0.058,0.365,0.577
644500,0.052,0.364,0.584
645000,0.053,0.384,0.563
645500,0.059,0.395,0.545
646000,0.054,0.375,0.571
646500,0.052,0.377,0.571
647000,0.051,0.370,0.580
647500,0.050,0.394,0.556
648000,0.051,0.419,0.530
648500,0.050,0.461,0.489
649000,0.050,0.443,0.507
649500,0.050,0.448,0.502
650000,0.050,0.454,0.496
650500,0.050,0.392,0.558
651000,0.051,0.419,0.530
651500,0.050,0.441,0.509
652000,0.051,0.395,0.554
652500,0.051,0.381,0.568
653000,0.050,0.446,0.504
653500,0.050,0.416,0.533
654000,0.050,0.445,0.505
654500,0.050,0.430,0.520
655000,0.057,0.375,0.569
655500,0.052,0.386,0.562
656000,0.054,0.448,0.497
656500,0.051,0.423,0.526
657000,0.051,0.463,0.486
657500,0.054,0.404,0.542
658000,0.051,0.431,0.517
658500,0.050,0.365,0.585
659000,0.052,0.368,0.579
659500,0.056,0.354,0.590
660000,0.052,0.433,0.514
660500,0.050,0.391,0.559
661000,0.052,0.401,0.547
661500,0.051,0.422,0.526
662000,0.050,0.487,0.463
662500,0.050,0.484,0.466
663000,0.050,0.477,0.473
663500,0.060,0.453,0.487
664000,0.051,0.442,0.507
664500,0.051,0.408,0.541
665000,0.050,0.480,0.470
665500,0.050,0.477,0.473
666000,0.050,0.503,0.447
666500,0.050,0.460,0.490
667000,0.050,0.452,0.498
667500,0.053,0.454,0.492
668000,0.051,0.414,0.535
668500,0.053,0.405,0.542
669000,0.056,0.414,0.530
669500,0.056,0.406,0.538
670000,0.057,0.412,0.530
670500,0.052,0.424,0.524
671000,0.051,0.414,0.534
671500,0.050,0.450,0.500
672000,0.053,0.452,0.495
672500,0.051,0.464,0.486
673000,0.052,0.454,0.493
673500,0.051,0.453,0.496
674000,0.051,0.458,0.492
674500,0.053,0.450,0.497
675000,0.051,0.479,0.471
675500,0.051,0.465,0.485
676000,0.050,0.444,0.506
676500,0.050,0.487,0.463
677000,0.052,0.501,0.447
677500,0.052,0.474,0.473
678000,0.054,0.459,0.487
678500,0.052,0.438,0.510
679000,0.054,0.465,0.481
679500,0.052,0.464,0.484
680000,0.057,0.397,0.547
680500,0.052,0.406,0.542
681000,0.051,0.457,0.491
681500,0.053,0.486,0.460
682000,0.054,0.440,0.506
682500,0.052,0.444,0.504
683000,0.051,0.453,0.496
683500,0.053,0.451,0.495
684000,0.051,0.395,0.554
684500,0.051,0.426,0.524
685000,0.060,0.335,0.605
685500,0.058,0.365,0.577
686000,0.056,0.351,0.594
686500,0.051,0.406,0.542
687000,0.051,0.463,0.486
687500,0.054,0.426,0.519
688000,0.051,0.426,0.522
688500,0.054,0.416,0.529
689000,0.051,0.424,0.525
689500,0.054,0.468,0.478
690000,0.051,0.454,0.495
690500,0.053,0.429,0.517
691000,0.051,0.428,0.522
691500,0.057,0.464,0.479
692000,0.051,0.422,0.528
692500,0.057,0.428,0.515
693000,0.052,0.433,0.514
693500,0.051,0.478,0.470
694000,0.056,0.466,0.478
694500,0.058,0.451,0.491
695000,0.059,0.384,0.558
695500,0.059,0.352,0.590
696000,0.057,0.348,0.595
696500,0.068,0.333,0.599
697000,0.057,0.347,0.596
697500,0.062,0.395,0.543
698000,0.052,0.389,0.558
698500,0.054,0.404,0.542
699000,0.052,0.401,0.547
699500,0.051,0.440,0.510
700000,0.050,0.420,0.530
700500,0.053,0.398,0.549
701000,0.051,0.403,0.546
701500,0.050,0.378,0.572
702000,0.057,0.419,0.524
702500,0.059,0.384,0.557
703000,0.052,0.341,0.607
703500,0.051,0.406,0.543
704000,0.050,0.432,0.517
704500,0.050,0.481,0.469
705000,0.050,0.382,0.568
705500,0.052,0.396,0.552
706000,0.050,0.417,0.533
706500,0.052,0.432,0.515
707000,0.051,0.505,0.445
707500,0.050,0.508,0.442
708000,0.053,0.427,0.520
708500,0.051,0.419,0.529
709000,0.051,0.428,0.521
709500,0.054,0.385,0.560
710000,0.052,0.428,0.519
710500,0.051,0.403,0.546
711000,0.051,0.383,0.566
711500,0.054,0.418,0.528
712000,0.052,0.425,0.522
712500,0.058,0.402,0.540
713000,0.055,0.419,0.525
713500,0.053,0.447,0.500
714000,0.051,0.435,0.514
714500,0.055,0.460,0.485
715000,0.052,0.391,0.557
715500,0.051,0.382,0.568
716000,0.059,0.417,0.524
716500,0.051,0.417,0.531
717000,0.052,0.414,0.533
717500,0.053,0.380,0.567
718000,0.051,0.411,0.538
718500,0.050,0.439,0.511
719000,0.050,0.400,0.550
719500,0.050,0.412,0.538
720000,0.050,0.442,0.508
720500,0.050,0.430,0.520
721000,0.051,0.399,0.550
721500,0.051,0.390,0.559
722000,0.054,0.438,0.508
722500,0.051,0.387,0.563
723000,0.060,0.402,0.538
723500,0.058,0.381,0.561
724000,0.052,0.371,0.577
724500,0.056,0.429,0.516
725000,0.054,0.401,0.544
725500,0.053,0.387,0.560
726000,0.056,0.389,0.555
726500,0.058,0.415,0.527
727000,0.051,0.411,0.538
727500,0.051,0.430,0.519
728000,0.051,0.425,0.523
728500,0.053,0.442,0.504
729000,0.051,0.468,0.481
729500,0.052,0.477,0.471
730000,0.051,0.486,0.462
730500,0.052,0.479,0.468
731000,0.051,0.486,0.463
731500,0.050,0.454,0.496
732000,0.051,0.444,0.505
732500,0.052,0.423,0.524
733000,0.051,0.429,0.520
733500,0.058,0.405,0.537
734000,0.055,0.376,0.569
734500,0.056,0.394,0.550
735000,0.056,0.392,0.552
735500,0.059,0.412,0.528
736000,0.057,0.401,0.542
736500,0.054,0.424,0.521
737000,0.062,0.357,0.581
737500,0.054,0.357,0.589
738000,0.060,0.421,0.518
738500,0.053,0.417,0.530
739000,0.052,0.386,0.562
739500,0.054,0.383,0.563
740000,0.057,0.370,0.573
740500,0.052,0.421,0.526
741000,0.051,0.470,0.478
741500,0.051,0.491,0.459
742000,0.053,0.498,0.448
742500,0.051,0.501,0.448
743000,0.051,0.431,0.518
743500,0.051,0.405,0.544
744000,0.056,0.427,0.518
744500,0.051,0.431,0.518
745000,0.051,0.446,0.503
745500,0.051,0.420,0.529
746000,0.053,0.445,0.502
746500,0.051,0.473,0.476
747000,0.053,0.423,0.524
747500,0.057,0.413,0.530
748000,0.052,0.438,0.510
748500,0.054,0.460,0.486
749000,0.052,0.456,0.491
749500,0.051,0.444,0.505
750000,0.051,0.474,0.476
750500,0.051,0.449,0.500
751000,0.051,0.450,0.499
751500,0.051,0.406,0.543
752000,0.051,0.467,0.481
752500,0.050,0.452,0.498
753000,0.050,0.409,0.540
753500,0.050,0.385,0.565
754000,0.054,0.405,0.541
754500,0.050,0.450,0.500
755000,0.050,0.408,0.541
755500,0.061,0.430,0.508
756000,0.062,0.385,0.553
756500,0.061,0.394,0.545
757000,0.059,0.378,0.562
757500,0.056,0.391,0.553
758000,0.050,0.419,0.530
758500,0.054,0.415,0.530
759000,0.057,0.408,0.535
759500,0.051,0.453,0.496
760000,0.050,0.476,0.474
760500,0.052,0.500,0.448
761000,0.053,0.490,0.457
761500,0.051,0.483,0.465
762000,0.051,0.404,0.544
762500,0.051,0.406,0.543
763000,0.051,0.398,0.551
763500,0.051,0.404,0.545
764000,0.050,0.442,0.508
764500,0.053,0.483,0.463
765000,0.055,0.481,0.463
765500,0.050,0.439,0.511
766000,0.050,0.500,0.450
766500,0.050,0.509,0.441
767000,0.050,0.460,0.490
767500,0.050,0.469,0.481
768000,0.053,0.430,0.517
768500,0.053,0.412,0.534
769000,0.051,0.450,0.499
769500,0.052,0.401,0.546
770000,0.052,0.374,0.574
770500,0.053,0.392,0.555
771000,0.053,0.371,0.575
771500,0.051,0.359,0.590
772000,0.051,0.385,0.564
772500,0.054,0.400,0.546
773000,0.059,0.446,0.496
773500,0.052,0.414,0.534
774000,0.051,0.374,0.575
774500,0.050,0.388,0.562
775000,0.050,0.424,0.526
775500,0.054,0.368,0.577
776000,0.060,0.349,0.591
776500,0.069,0.331,0.601
777000,0.054,0.349,0.597
777500,0.056,0.359,0.586
778000,0.053,0.365,0.582
778500,0.053,0.374,0.572
779000,0.062,0.396,0.542
779500,0.055,0.404,0.541
780000,0.052,0.427,0.521
780500,0.052,0.379,0.569
781000,0.059,0.329,0.613
781500,0.065,0.345,0.591
782000,0.063,0.333,0.604
782500,0.063,0.319,0.618
783000,0.062,0.342,0.596
783500,0.070,0.330,0.600
784000,0.059,0.346,0.595
784500,0.069,0.326,0.605
785000,0.056,0.395,0.549
785500,0.053,0.385,0.562
786000,0.054,0.416,0.529
786500,0.058,0.370,0.572
787000,0.058,0.382,0.560
787500,0.051,0.463,0.486
788000,0.053,0.399,0.547
788500,0.055,0.398,0.547
789000,0.055,0.341,0.604
789500,0.058,0.356,0.586
790000,0.066,0.390,0.544
790500,0.057,0.365,0.577
791000,0.058,0.431,0.511
791500,0.057,0.457,0.486
792000,0.052,0.460,0.488
792500,0.051,0.469,0.480
793000,0.053,0.429,0.518
793500,0.051,0.399,0.551
794000,0.054,0.367,0.579
794500,0.051,0.369,0.580
795000,0.057,0.378,0.565
795500,0.067,0.365,0.568
796000,0.059,0.435,0.506
796500,0.054,0.450,0.496
797000,0.051,0.412,0.536
797500,0.050,0.450,0.500
798000,0.050,0.452,0.498
798500,0.053,0.419,0.527
799000,0.053,0.426,0.521
799500,0.053,0.455,0.492
800000,0.051,0.441,0.508
800500,0.068,0.357,0.575
801000,0.052,0.389,0.559
801500,0.053,0.429,0.518
802000,0.052,0.382,0.567
802500,0.060,0.364,0.576
803000,0.059,0.344,0.598
803500,0.056,0.340,0.604
804000,0.064,0.376,0.561
804500,0.053,0.383,0.564
805000,0.055,0.409,0.536
805500,0.051,0.377,0.572
806000,0.053,0.429,0.517
806500,0.051,0.412,0.537
807000,0.061,0.361,0.578
807500,0.058,0.393,0.549
808000,0.058,0.360,0.583
808500,0.065,0.327,0.608
809000,0.055,0.362,0.583
809500,0.061,0.366,0.573
810000,0.059,0.365,0.576
810500,0.054,0.388,0.558
811000,0.054,0.399,0.547
811500,0.052,0.382,0.567
812000,0.056,0.419,0.525
812500,0.053,0.400,0.547
813000,0.053,0.383,0.564
813500,0.055,0.393,0.552
814000,0.057,0.331,0.613
814500,0.054,0.335,0.611
815000,0.061,0.404,0.536
815500,0.059,0.430,0.512
816000,0.054,0.422,0.524
816500,0.051,0.468,0.481
817000,0.050,0.474,0.475
817500,0.050,0.500,0.450
818000,0.050,0.501,0.449
818500,0.050,0.487,0.462
819000,0.050,0.469,0.481
819500,0.050,0.516,0.434
820000,0.050,0.520,0.429
820500,0.052,0.511,0.437
821000,0.051,0.447,0.502
821500,0.052,0.428,0.519
822000,0.054,0.391,0.555
822500,0.055,0.408,0.537
823000,0.055,0.444,0.501
823500,0.050,0.434,0.515
824000,0.053,0.413,0.534
824500,0.051,0.418,0.531
825000,0.057,0.386,0.557
825500,0.056,0.413,0.531
826000,0.054,0.389,0.557
826500,0.052,0.422,0.525
827000,0.052,0.433,0.514
827500,0.053,0.442,0.504
828000,0.051,0.430,0.519
828500,0.053,0.483,0.464
829000,0.052,0.445,0.503
829500,0.051,0.457,0.493
830000,0.050,0.463,0.487
830500,0.050,0.476,0.474
831000,0.053,0.450,0.497
831500,0.051,0.442,0.508
832000,0.051,0.422,0.526
832500,0.052,0.412,0.536
833000,0.051,0.427,0.522
833500,0.053,0.429,0.518
834000,0.052,0.448,0.499
834500,0.051,0.494,0.454
835000,0.056,0.474,0.469
835500,0.054,0.478,0.467
836000,0.051,0.462,0.487
836500,0.054,0.438,0.508
837000,0.057,0.437,0.506
837500,0.054,0.426,0.519
838000,0.054,0.387,0.558
838500,0.052,0.417,0.530
839000,0.054,0.399,0.546
839500,0.055,0.384,0.561
840000,0.051,0.376,0.573
840500,0.059,0.385,0.556
841000,0.053,0.389,0.558
841500,0.051,0.430,0.519
842000,0.051,0.431,0.517
842500,0.050,0.401,0.549
843000,0.051,0.381,0.569
843500,0.055,0.358,0.587
844000,0.058,0.372,0.571
844500,0.059,0.371,0.570
845000,0.059,0.385,0.557
845500,0.066,0.361,0.574
846000,0.061,0.439,0.501
846500,0.053,0.442,0.505
847000,0.054,0.425,0.520
847500,0.059,0.390,0.552
848000,0.051,0.414,0.534
848500,0.053,0.439,0.508
849000,0.051,0.432,0.516
849500,0.051,0.413,0.536
850000,0.050,0.434,0.515
850500,0.050,0.441,0.509
851000,0.050,0.408,0.542
851500,0.050,0.417,0.533
852000,0.050,0.442,0.508
852500,0.050,0.454,0.496
853000,0.059,0.364,0.577
853500,0.064,0.355,0.582
854000,0.052,0.360,0.587
854500,0.051,0.379,0.571
855000,0.051,0.435,0.514
855500,0.053,0.430,0.516
856000,0.053,0.433,0.514
856500,0.052,0.415,0.532
857000,0.057,0.420,0.523
857500,0.052,0.388,0.560
858000,0.057,0.376,0.568
858500,0.053,0.378,0.569
859000,0.059,0.344,0.597
859500,0.066,0.324,0.611
860000,0.069,0.292,0.639
860500,0.056,0.335,0.609
861000,0.059,0.368,0.574
861500,0.060,0.357,0.583
862000,0.060,0.402,0.538
862500,0.057,0.346,0.597
863000,0.062,0.349,0.589
863500,0.058,0.396,0.546
864000,0.052,0.378,0.570
864500,0.056,0.439,0.506
865000,0.057,0.390,0.554
865500,0.052,0.361,0.586
866000,0.051,0.465,0.484
866500,0.053,0.430,0.516
867000,0.056,0.347,0.597
867500,0.051,0.370,0.579
868000,0.054,0.384,0.561
868500,0.053,0.371,0.576
869000,0.050,0.383,0.567
869500,0.050,0.417,0.532
870000,0.050,0.483,0.466
870500,0.050,0.498,0.451
871000,0.052,0.439,0.509
871500,0.051,0.453,0.497
872000,0.050,0.451,0.499
872500,0.055,0.406,0.538
873000,0.059,0.368,0.573
873500,0.070,0.337,0.593
874000,0.054,0.357,0.588
874500,0.054,0.384,0.562
875000,0.053,0.438,0.508
875500,0.051,0.429,0.519
876000,0.052,0.402,0.546
876500,0.051,0.406,0.543
877000,0.052,0.405,0.543
877500,0.051,0.423,0.525
878000,0.053,0.451,0.495
878500,0.051,0.436,0.513
879000,0.052,0.432,0.516
879500,0.051,0.397,0.553
880000,0.054,0.445,0.501
880500,0.050,0.469,0.481
881000,0.050,0.451,0.499
881500,0.050,0.444,0.506
882000,0.051,0.414,0.534
882500,0.051,0.445,0.504
883000,0.051,0.385,0.565
883500,0.050,0.450,0.500
884000,0.050,0.426,0.523
884500,0.053,0.419,0.527
885000,0.057,0.396,0.547
885500,0.054,0.419,0.526
886000,0.053,0.418,0.528
886500,0.052,0.402,0.545
887000,0.054,0.377,0.569
887500,0.053,0.406,0.541
888000,0.062,0.370,0.568
888500,0.056,0.374,0.570
889000,0.053,0.412,0.534
889500,0.054,0.408,0.538
890000,0.054,0.436,0.509
890500,0.051,0.459,0.490
891000,0.057,0.419,0.523
891500,0.053,0.394,0.553
892000,0.055,0.417,0.528
892500,0.056,0.375,0.570
893000,0.057,0.407,0.536
893500,0.053,0.416,0.530
894000,0.054,0.363,0.583
894500,0.059,0.347,0.595
895000,0.059,0.371,0.570
895500,0.070,0.310,0.619
896000,0.056,0.320,0.625
896500,0.057,0.344,0.600
897000,0.056,0.360,0.584
897500,0.054,0.361,0.585
898000,0.051,0.427,0.521
898500,0.057,0.408,0.535
899000,0.054,0.459,0.487
899500,0.051,0.426,0.524
900000,0.054,0.415,0.530
900500,0.052,0.424,0.524
901000,0.053,0.428,0.518
901500,0.052,0.422,0.525
902000,0.054,0.443,0.502
902500,0.051,0.446,0.503
903000,0.050,0.468,0.482
903500,0.052,0.430,0.517
904000,0.050,0.407,0.542
904500,0.050,0.433,0.516
905000,0.050,0.447,0.503
905500,0.053,0.425,0.522
906000,0.057,0.415,0.528
906500,0.056,0.438,0.506
907000,0.051,0.425,0.523
907500,0.052,0.430,0.518
908000,0.051,0.368,0.581
908500,0.059,0.399,0.542
909000,0.053,0.398,0.549
909500,0.056,0.488,0.457
910000,0.053,0.421,0.526
910500,0.054,0.440,0.506
911000,0.064,0.352,0.583
911500,0.057,0.373,0.571
912000,0.051,0.423,0.526
912500,0.053,0.433,0.513
913000,0.051,0.407,0.542
913500,0.050,0.435,0.514
914000,0.053,0.421,0.525
914500,0.052,0.395,0.553
915000,0.057,0.381,0.562
915500,0.057,0.372,0.571
916000,0.057,0.377,0.567
916500,0.052,0.372,0.575
917000,0.053,0.398,0.549
917500,0.051,0.395,0.554
918000,0.051,0.403,0.546
918500,0.054,0.372,0.574
919000,0.058,0.415,0.527
919500,0.054,0.418,0.528
920000,0.054,0.443,0.503
920500,0.052,0.433,0.515
921000,0.057,0.389,0.554
921500,0.054,0.368,0.577
922000,0.052,0.433,0.515
922500,0.051,0.438,0.512
923000,0.052,0.378,0.570
923500,0.052,0.438,0.510
924000,0.054,0.436,0.510
924500,0.053,0.414,0.532
925000,0.051,0.462,0.487
925500,0.052,0.467,0.481
926000,0.053,0.428,0.519
926500,0.053,0.424,0.522
927000,0.056,0.401,0.543
927500,0.058,0.367,0.576
928000,0.054,0.408,0.538
928500,0.052,0.396,0.552
929000,0.059,0.355,0.586
929500,0.054,0.365,0.581
930000,0.051,0.378,0.571
930500,0.057,0.393,0.550
931000,0.058,0.370,0.571
931500,0.064,0.400,0.537
932000,0.054,0.414,0.531
932500,0.057,0.393,0.550
933000,0.056,0.378,0.567
933500,0.051,0.385,0.564
934000,0.054,0.408,0.537
934500,0.051,0.444,0.504
935000,0.051,0.448,0.502
935500,0.056,0.446,0.498
936000,0.058,0.436,0.506
936500,0.053,0.398,0.549
937000,0.051,0.386,0.564
937500,0.053,0.421,0.526
938000,0.051,0.405,0.544
938500,0.051,0.388,0.561
939000,0.057,0.377,0.567
939500,0.054,0.418,0.528
940000,0.056,0.440,0.504
940500,0.056,0.406,0.538
941000,0.056,0.424,0.519
941500,0.056,0.438,0.506
942000,0.057,0.482,0.462
942500,0.051,0.487,0.463
943000,0.050,0.428,0.521
943500,0.056,0.409,0.534
944000,0.060,0.367,0.572
944500,0.057,0.370,0.573
945000,0.060,0.365,0.574
945500,0.061,0.359,0.579
946000,0.061,0.364,0.574
946500,0.054,0.390,0.556
947000,0.054,0.367,0.579
947500,0.051,0.384,0.565
948000,0.051,0.407,0.542
948500,0.052,0.394,0.554
949000,0.061,0.395,0.544
949500,0.059,0.369,0.572
950000,0.057,0.427,0.516
950500,0.052,0.449,0.498
951000,0.051,0.419,0.529
951500,0.051,0.392,0.556
952000,0.052,0.421,0.526
952500,0.054,0.416,0.530
953000,0.054,0.421,0.524
953500,0.054,0.367,0.579
954000,0.059,0.361,0.580
954500,0.054,0.403,0.543
955000,0.052,0.415,0.532
955500,0.051,0.407,0.541
956000,0.054,0.439,0.507
956500,0.051,0.479,0.469
957000,0.057,0.409,0.534
957500,0.058,0.395,0.547
958000,0.058,0.388,0.554
958500,0.051,0.399,0.550
959000,0.053,0.389,0.557
959500,0.053,0.404,0.543
960000,0.051,0.397,0.552
960500,0.055,0.394,0.551
961000,0.071,0.349,0.579
961500,0.062,0.315,0.623
962000,0.054,0.374,0.572
962500,0.060,0.368,0.571
963000,0.055,0.380,0.565
963500,0.052,0.370,0.578
964000,0.052,0.425,0.522
964500,0.051,0.382,0.568
965000,0.054,0.394,0.552
965500,0.051,0.391,0.558
966000,0.051,0.466,0.483
966500,0.054,0.449,0.497
967000,0.051,0.469,0.481
967500,0.053,0.426,0.521
968000,0.053,0.404,0.543
968500,0.056,0.411,0.533
969000,0.052,0.426,0.521
969500,0.051,0.438,0.511
970000,0.051,0.487,0.462
970500,0.050,0.487,0.462
971000,0.053,0.423,0.523
971500,0.054,0.398,0.548
972000,0.052,0.355,0.592
972500,0.054,0.414,0.531
973000,0.052,0.439,0.509
973500,0.051,0.393,0.556
974000,0.052,0.369,0.579
974500,0.051,0.397,0.552
975000,0.064,0.382,0.554
975500,0.072,0.348,0.580
976000,0.066,0.350,0.583
976500,0.058,0.359,0.583
977000,0.058,0.400,0.543
977500,0.056,0.408,0.535
978000,0.056,0.398,0.546
978500,0.058,0.404,0.538
979000,0.052,0.443,0.505
979500,0.058,0.423,0.519
980000,0.051,0.426,0.522
980500,0.053,0.399,0.548
981000,0.060,0.420,0.519
981500,0.056,0.435,0.508
982000,0.050,0.451,0.499
982500,0.050,0.430,0.519
983000,0.052,0.397,0.551
983500,0.053,0.436,0.510
984000,0.054,0.434,0.511
984500,0.050,0.403,0.547
985000,0.057,0.423,0.520
985500,0.051,0.424,0.526
986000,0.052,0.454,0.494
986500,0.053,0.416,0.530
987000,0.054,0.387,0.559
987500,0.051,0.400,0.549
988000,0.052,0.391,0.557
988500,0.054,0.407,0.539
989000,0.053,0.414,0.532
989500,0.051,0.403,0.546
990000,0.050,0.423,0.526
990500,0.054,0.413,0.532
991000,0.052,0.428,0.520
991500,0.054,0.412,0.533
992000,0.051,0.449,0.499
992500,0.054,0.453,0.492
993000,0.053,0.443,0.504
993500,0.051,0.430,0.519
994000,0.052,0.405,0.543
994500,0.050,0.440,0.510
995000,0.051,0.470,0.479
995500,0.051,0.464,0.485
996000,0.052,0.475,0.472
996500,0.050,0.435,0.515
997000,0.050,0.426,0.524
997500,0.053,0.442,0.505
998000,0.051,0.416,0.533
998500,0.050,0.414,0.536
999000,0.053,0.458,0.488
999500,0.051,0.414,0.535
1000000,0.054,0.419,0.526
