time,n_A+p,n_B,n_AB
500,0.010,0.310,0.680
1000,0.010,0.177,0.813
1500,0.010,0.193,0.797
2000,0.010,0.190,0.800
2500,0.010,0.329,0.661
3000,0.010,0.175,0.815
3500,0.010,0.202,0.788
4000,0.010,0.199,0.791
4500,0.010,0.277,0.713
5000,0.010,0.420,0.570
5500,0.010,0.338,0.652
6000,0.010,0.279,0.711
6500,0.010,0.238,0.752
7000,0.010,0.168,0.822
7500,0.010,0.251,0.739
8000,0.010,0.332,0.658
8500,0.010,0.175,0.815
9000,0.010,0.265,0.725
9500,0.010,0.210,0.780
10000,0.010,0.277,0.713
10500,0.010,0.137,0.853
11000,0.010,0.166,0.824
11500,0.010,0.212,0.778
12000,0.010,0.177,0.813
12500,0.010,0.440,0.550
13000,0.010,0.179,0.811
13500,0.041,0.110,0.849
14000,0.010,0.237,0.753
14500,0.010,0.273,0.717
15000,0.010,0.245,0.745
15500,0.010,0.232,0.758
16000,0.010,0.218,0.772
16500,0.010,0.391,0.599
17000,0.010,0.324,0.666
17500,0.010,0.277,0.713
18000,0.010,0.237,0.753
18500,0.010,0.346,0.644
19000,0.010,0.219,0.771
19500,0.010,0.159,0.831
20000,0.010,0.214,0.776
20500,0.010,0.191,0.799
21000,0.010,0.152,0.838
21500,0.010,0.230,0.760
22000,0.010,0.309,0.681
22500,0.010,0.271,0.719
23000,0.010,0.334,0.656
23500,0.010,0.241,0.749
24000,0.010,0.176,0.814
24500,0.010,0.332,0.658
25000,0.010,0.166,0.824
25500,0.010,0.315,0.675
26000,0.010,0.441,0.549
26500,0.010,0.218,0.772
27000,0.010,0.306,0.684
27500,0.012,0.061,0.927
28000,0.010,0.405,0.585
28500,0.010,0.412,0.578
29000,0.010,0.242,0.748
29500,0.010,0.364,0.626
30000,0.010,0.255,0.735
30500,0.010,0.421,0.569
31000,0.010,0.374,0.616
31500,0.010,0.509,0.481
32000,0.010,0.263,0.727
32500,0.010,0.099,0.891
33000,0.010,0.330,0.660
33500,0.010,0.318,0.672
34000,0.010,0.271,0.719
34500,0.010,0.180,0.810
35000,0.010,0.125,0.865
35500,0.010,0.218,0.772
36000,0.010,0.315,0.675
36500,0.010,0.131,0.859
37000,0.010,0.378,0.612
37500,0.010,0.118,0.872
38000,0.010,0.312,0.678
38500,0.010,0.268,0.722
39000,0.010,0.209,0.781
39500,0.010,0.271,0.719
40000,0.010,0.282,0.708
40500,0.010,0.214,0.776
41000,0.010,0.277,0.713
41500,0.010,0.181,0.809
42000,0.010,0.177,0.813
42500,0.010,0.292,0.698
43000,0.010,0.162,0.828
43500,0.010,0.265,0.725
44000,0.010,0.380,0.610
44500,0.010,0.170,0.820
45000,0.010,0.313,0.677
45500,0.010,0.372,0.618
46000,0.010,0.356,0.634
46500,0.010,0.241,0.749
47000,0.010,0.267,0.723
47500,0.010,0.138,0.852
48000,0.010,0.290,0.700
48500,0.010,0.337,0.653
49000,0.010,0.236,0.754
49500,0.010,0.127,0.863
50000,0.010,0.368,0.622
50500,0.010,0.245,0.745
51000,0.010,0.256,0.734
51500,0.010,0.232,0.758
52000,0.353,0.000,0.647
52500,0.462,0.000,0.538
53000,0.512,0.000,0.488
53500,0.721,0.000,0.279
54000,0.370,0.000,0.630
54500,0.589,0.000,0.411
55000,0.503,0.000,0.497
55500,0.422,0.000,0.578
56000,0.417,0.000,0.583
56500,0.567,0.000,0.433
57000,0.413,0.000,0.587
57500,0.611,0.000,0.389
58000,0.804,0.000,0.196
58500,0.421,0.000,0.579
59000,0.502,0.000,0.498
59500,0.500,0.000,0.500
60000,0.573,0.000,0.427
60500,0.526,0.000,0.474
61000,0.541,0.000,0.459
61500,0.275,0.000,0.725
62000,0.541,0.000,0.459
62500,0.570,0.000,0.430
63000,0.609,0.000,0.391
63500,0.391,0.000,0.609
64000,0.597,0.000,0.403
64500,0.461,0.000,0.539
65000,0.532,0.000,0.468
65500,0.364,0.000,0.636
66000,0.528,0.000,0.472
66500,0.522,0.000,0.478
67000,0.433,0.000,0.567
67500,0.593,0.000,0.407
68000,0.496,0.000,0.504
68500,0.395,0.000,0.605
69000,0.607,0.000,0.393
69500,0.548,0.000,0.452
70000,0.571,0.000,0.429
70500,0.557,0.000,0.443
71000,0.453,0.000,0.547
71500,0.392,0.000,0.608
72000,0.686,0.000,0.314
72500,0.635,0.000,0.365
73000,0.562,0.000,0.438
73500,0.642,0.000,0.358
74000,0.566,0.000,0.434
74500,0.578,0.000,0.422
75000,0.589,0.000,0.411
75500,0.317,0.000,0.683
76000,0.385,0.000,0.615
76500,0.572,0.000,0.428
77000,0.529,0.000,0.471
77500,0.672,0.000,0.328
78000,0.634,0.000,0.366
78500,0.584,0.000,0.416
79000,0.414,0.000,0.586
79500,0.373,0.000,0.627
80000,0.404,0.000,0.596
80500,0.413,0.000,0.587
81000,0.443,0.000,0.557
81500,0.726,0.000,0.274
82000,0.368,0.000,0.632
82500,0.608,0.000,0.392
83000,0.526,0.000,0.474
83500,0.582,0.000,0.418
84000,0.629,0.000,0.371
84500,0.477,0.000,0.523
85000,0.642,0.000,0.358
85500,0.372,0.000,0.628
86000,0.403,0.000,0.597
86500,0.275,0.000,0.725
87000,0.362,0.000,0.638
87500,0.546,0.000,0.454
88000,0.366,0.000,0.634
88500,0.615,0.000,0.385
89000,0.579,0.000,0.421
89500,0.659,0.000,0.341
90000,0.460,0.000,0.540
90500,0.379,0.000,0.621
91000,0.599,0.000,0.401
91500,0.398,0.000,0.602
92000,0.495,0.000,0.505
92500,0.675,0.000,0.325
93000,0.483,0.000,0.517
93500,0.507,0.000,0.493
94000,0.487,0.000,0.513
94500,0.671,0.000,0.329
95000,0.584,0.000,0.416
95500,0.622,0.000,0.378
96000,0.641,0.000,0.359
96500,0.436,0.000,0.564
97000,0.436,0.000,0.564
97500,0.444,0.000,0.556
98000,0.440,0.000,0.560
98500,0.467,0.000,0.533
99000,0.516,0.000,0.484
99500,0.449,0.000,0.551
100000,0.624,0.000,0.376
100500,0.438,0.000,0.562
101000,0.422,0.000,0.578
101500,0.512,0.000,0.488
102000,0.307,0.000,0.693
102500,0.378,0.000,0.622
103000,0.525,0.000,0.475
103500,0.327,0.000,0.673
104000,0.388,0.000,0.612
104500,0.446,0.000,0.554
105000,0.534,0.000,0.466
105500,0.630,0.000,0.370
106000,0.741,0.000,0.259
106500,0.501,0.000,0.499
107000,0.517,0.000,0.483
107500,0.443,0.000,0.557
108000,0.505,0.000,0.495
108500,0.492,0.000,0.508
109000,0.320,0.000,0.680
109500,0.337,0.000,0.663
110000,0.789,0.000,0.211
110500,0.340,0.000,0.660
111000,0.392,0.000,0.608
111500,0.559,0.000,0.441
112000,0.633,0.000,0.367
112500,0.549,0.000,0.451
113000,0.597,0.000,0.403
113500,0.494,0.000,0.506
114000,0.433,0.000,0.567
114500,0.422,0.000,0.578
115000,0.425,0.000,0.575
115500,0.411,0.000,0.589
116000,0.670,0.000,0.330
116500,0.422,0.000,0.578
117000,0.813,0.000,0.187
117500,0.456,0.000,0.544
118000,0.536,0.000,0.464
118500,0.820,0.000,0.180
119000,0.293,0.000,0.707
119500,0.407,0.000,0.593
120000,0.459,0.000,0.541
120500,0.460,0.000,0.540
121000,0.734,0.000,0.266
121500,0.659,0.000,0.341
122000,0.373,0.000,0.627
122500,0.431,0.000,0.569
123000,0.610,0.000,0.390
123500,0.436,0.000,0.564
124000,0.620,0.000,0.380
124500,0.495,0.000,0.505
125000,0.267,0.000,0.733
125500,0.446,0.000,0.554
126000,0.643,0.000,0.357
126500,0.421,0.000,0.579
127000,0.525,0.000,0.475
127500,0.419,0.000,0.581
128000,0.402,0.000,0.598
128500,0.250,0.000,0.750
129000,0.662,0.000,0.338
129500,0.437,0.000,0.563
130000,0.446,0.000,0.554
130500,0.477,0.000,0.523
131000,0.406,0.000,0.594
131500,0.625,0.000,0.375
132000,0.383,0.000,0.617
132500,0.439,0.000,0.561
133000,0.422,0.000,0.578
133500,0.506,0.000,0.494
134000,0.593,0.000,0.407
134500,0.355,0.000,0.645
135000,0.483,0.000,0.517
135500,0.739,0.000,0.261
136000,0.441,0.000,0.559
136500,0.669,0.000,0.331
137000,0.541,0.000,0.459
137500,0.482,0.000,0.518
138000,0.340,0.000,0.660
138500,0.414,0.000,0.586
139000,0.482,0.000,0.518
139500,0.631,0.000,0.369
140000,0.311,0.000,0.689
140500,0.660,0.000,0.340
141000,0.698,0.000,0.302
141500,0.470,0.000,0.530
142000,0.473,0.000,0.527
142500,0.362,0.000,0.638
143000,0.377,0.000,0.623
143500,0.731,0.000,0.269
144000,0.382,0.000,0.618
144500,0.515,0.000,0.485
145000,0.281,0.000,0.719
145500,0.550,0.000,0.450
146000,0.528,0.000,0.472
146500,0.578,0.000,0.422
147000,0.551,0.000,0.449
147500,0.423,0.000,0.577
148000,0.613,0.000,0.387
148500,0.488,0.000,0.512
149000,0.391,0.000,0.609
149500,0.514,0.000,0.486
150000,0.332,0.000,0.668
150500,0.540,0.000,0.460
151000,0.451,0.000,0.549
151500,0.247,0.000,0.753
152000,0.338,0.000,0.662
152500,0.623,0.000,0.377
153000,0.491,0.000,0.509
153500,0.395,0.000,0.605
154000,0.443,0.000,0.557
154500,0.680,0.000,0.320
155000,1.000,0.000,0.000
