time,n_A+p,n_B,n_AB
500,0.010,0.989,0.001
1000,0.010,0.980,0.010
1500,0.010,0.986,0.004
2000,0.010,0.963,0.027
2500,0.010,0.955,0.035
3000,0.010,0.968,0.022
3500,0.010,0.981,0.009
4000,0.010,0.965,0.025
4500,0.010,0.973,0.017
5000,0.010,0.968,0.022
5500,0.010,0.976,0.014
6000,0.010,0.965,0.025
6500,0.010,0.964,0.026
7000,0.010,0.948,0.042
7500,0.010,0.966,0.024
8000,0.010,0.962,0.028
8500,0.010,0.957,0.033
9000,0.010,0.960,0.030
9500,0.010,0.949,0.041
10000,0.010,0.956,0.034
10500,0.010,0.952,0.038
11000,0.010,0.951,0.039
11500,0.010,0.965,0.025
12000,0.010,0.964,0.026
12500,0.010,0.967,0.023
13000,0.010,0.966,0.024
13500,0.010,0.963,0.027
14000,0.010,0.952,0.038
14500,0.010,0.947,0.043
15000,0.010,0.967,0.023
15500,0.010,0.962,0.028
16000,0.010,0.971,0.019
16500,0.010,0.978,0.012
17000,0.010,0.981,0.009
17500,0.010,0.952,0.038
18000,0.010,0.951,0.039
18500,0.010,0.957,0.033
19000,0.010,0.971,0.019
19500,0.010,0.965,0.025
20000,0.010,0.970,0.020
20500,0.010,0.975,0.015
21000,0.010,0.961,0.029
21500,0.010,0.951,0.039
22000,0.010,0.966,0.024
22500,0.010,0.978,0.012
23000,0.010,0.969,0.021
23500,0.010,0.984,0.006
24000,0.010,0.977,0.013
24500,0.010,0.979,0.011
25000,0.010,0.967,0.023
25500,0.010,0.960,0.030
26000,0.010,0.972,0.018
26500,0.010,0.978,0.012
27000,0.010,0.981,0.009
27500,0.010,0.975,0.015
28000,0.010,0.974,0.016
28500,0.010,0.974,0.016
29000,0.010,0.965,0.025
29500,0.010,0.974,0.016
30000,0.010,0.967,0.023
30500,0.010,0.961,0.029
31000,0.010,0.951,0.039
31500,0.010,0.959,0.031
32000,0.010,0.978,0.012
32500,0.010,0.977,0.013
33000,0.010,0.971,0.019
33500,0.010,0.971,0.019
34000,0.010,0.964,0.026
34500,0.010,0.964,0.026
35000,0.010,0.956,0.034
35500,0.010,0.961,0.029
36000,0.010,0.942,0.048
36500,0.010,0.952,0.038
37000,0.010,0.956,0.034
37500,0.010,0.972,0.018
38000,0.010,0.976,0.014
38500,0.010,0.976,0.014
39000,0.010,0.976,0.014
39500,0.010,0.963,0.027
40000,0.010,0.963,0.027
40500,0.010,0.957,0.033
41000,0.010,0.978,0.012
41500,0.010,0.958,0.032
42000,0.010,0.950,0.040
42500,0.010,0.960,0.030
43000,0.010,0.967,0.023
43500,0.010,0.962,0.028
44000,0.010,0.969,0.021
44500,0.010,0.969,0.021
45000,0.010,0.963,0.027
45500,0.010,0.968,0.022
46000,0.010,0.972,0.018
46500,0.010,0.966,0.024
47000,0.010,0.974,0.016
47500,0.010,0.984,0.006
48000,0.010,0.981,0.009
48500,0.010,0.965,0.025
49000,0.010,0.970,0.020
49500,0.010,0.966,0.024
50000,0.010,0.963,0.027
50500,0.010,0.971,0.019
51000,0.010,0.968,0.022
51500,0.010,0.976,0.014
52000,0.010,0.968,0.022
52500,0.010,0.967,0.023
53000,0.010,0.977,0.013
53500,0.010,0.974,0.016
54000,0.010,0.967,0.023
54500,0.010,0.971,0.019
55000,0.010,0.947,0.043
55500,0.010,0.948,0.042
56000,0.010,0.957,0.033
56500,0.010,0.965,0.025
57000,0.010,0.971,0.019
57500,0.010,0.962,0.028
58000,0.010,0.954,0.036
58500,0.010,0.949,0.041
59000,0.010,0.956,0.034
59500,0.010,0.964,0.026
60000,0.010,0.964,0.026
60500,0.010,0.967,0.023
61000,0.010,0.969,0.021
61500,0.010,0.972,0.018
62000,0.010,0.962,0.028
62500,0.010,0.960,0.030
63000,0.010,0.970,0.020
63500,0.010,0.968,0.022
64000,0.010,0.955,0.035
64500,0.010,0.955,0.035
65000,0.010,0.977,0.013
65500,0.010,0.960,0.030
66000,0.010,0.963,0.027
66500,0.010,0.957,0.033
67000,0.010,0.961,0.029
67500,0.010,0.964,0.026
68000,0.010,0.963,0.027
68500,0.010,0.958,0.032
69000,0.010,0.974,0.016
69500,0.010,0.970,0.020
70000,0.010,0.961,0.029
70500,0.010,0.938,0.052
71000,0.010,0.961,0.029
71500,0.010,0.966,0.024
72000,0.010,0.965,0.025
72500,0.010,0.960,0.030
73000,0.010,0.945,0.045
73500,0.010,0.954,0.036
74000,0.010,0.960,0.030
74500,0.010,0.964,0.026
75000,0.010,0.949,0.041
75500,0.010,0.946,0.044
76000,0.010,0.960,0.030
76500,0.010,0.979,0.011
77000,0.010,0.967,0.023
77500,0.010,0.967,0.023
78000,0.010,0.971,0.019
78500,0.010,0.972,0.018
79000,0.010,0.970,0.020
79500,0.010,0.952,0.038
80000,0.010,0.958,0.032
80500,0.010,0.968,0.022
81000,0.010,0.935,0.054
81500,0.010,0.966,0.024
82000,0.010,0.943,0.047
82500,0.010,0.936,0.054
83000,0.010,0.932,0.057
83500,0.010,0.959,0.031
84000,0.010,0.978,0.012
84500,0.010,0.974,0.016
85000,0.010,0.974,0.016
85500,0.010,0.975,0.015
86000,0.010,0.966,0.024
86500,0.010,0.961,0.029
87000,0.010,0.967,0.023
87500,0.010,0.965,0.025
88000,0.010,0.976,0.014
88500,0.010,0.961,0.029
89000,0.010,0.973,0.017
89500,0.010,0.966,0.024
90000,0.010,0.953,0.037
90500,0.010,0.965,0.025
91000,0.010,0.968,0.022
91500,0.010,0.964,0.026
92000,0.010,0.974,0.016
92500,0.010,0.984,0.006
93000,0.010,0.983,0.007
93500,0.010,0.976,0.014
94000,0.010,0.975,0.015
94500,0.010,0.966,0.024
95000,0.010,0.960,0.030
95500,0.010,0.963,0.027
96000,0.010,0.967,0.023
96500,0.010,0.961,0.029
97000,0.010,0.982,0.008
97500,0.010,0.981,0.009
98000,0.010,0.978,0.012
98500,0.010,0.964,0.026
99000,0.010,0.965,0.025
99500,0.010,0.968,0.022
100000,0.010,0.951,0.039
100500,0.010,0.960,0.030
101000,0.010,0.973,0.017
101500,0.010,0.971,0.019
102000,0.010,0.974,0.016
102500,0.010,0.975,0.015
103000,0.010,0.972,0.018
103500,0.010,0.980,0.010
104000,0.010,0.976,0.014
104500,0.010,0.971,0.019
105000,0.010,0.981,0.009
105500,0.010,0.978,0.012
106000,0.010,0.968,0.022
106500,0.010,0.974,0.016
107000,0.010,0.972,0.018
107500,0.010,0.964,0.026
108000,0.010,0.966,0.024
108500,0.010,0.963,0.027
109000,0.010,0.949,0.041
109500,0.010,0.952,0.038
110000,0.010,0.959,0.031
110500,0.010,0.973,0.017
111000,0.010,0.963,0.027
111500,0.010,0.977,0.013
112000,0.010,0.965,0.025
112500,0.010,0.975,0.015
113000,0.010,0.958,0.032
113500,0.010,0.967,0.023
114000,0.010,0.972,0.018
114500,0.010,0.974,0.016
115000,0.010,0.961,0.029
115500,0.010,0.945,0.045
116000,0.010,0.941,0.049
116500,0.010,0.958,0.032
117000,0.010,0.973,0.017
117500,0.010,0.978,0.012
118000,0.010,0.977,0.013
118500,0.010,0.976,0.014
119000,0.010,0.970,0.020
119500,0.010,0.978,0.012
120000,0.010,0.965,0.025
120500,0.010,0.961,0.029
121000,0.010,0.975,0.015
121500,0.010,0.968,0.022
122000,0.010,0.966,0.024
122500,0.010,0.969,0.021
123000,0.010,0.955,0.035
123500,0.010,0.969,0.021
124000,0.010,0.961,0.029
124500,0.010,0.974,0.016
125000,0.010,0.972,0.018
125500,0.010,0.967,0.023
126000,0.010,0.966,0.024
126500,0.010,0.965,0.025
127000,0.010,0.971,0.019
127500,0.010,0.983,0.007
128000,0.010,0.966,0.024
128500,0.010,0.968,0.022
129000,0.010,0.977,0.013
129500,0.010,0.978,0.012
130000,0.010,0.966,0.024
130500,0.010,0.969,0.021
131000,0.010,0.985,0.005
131500,0.010,0.970,0.020
132000,0.010,0.970,0.020
132500,0.010,0.974,0.016
133000,0.010,0.974,0.016
133500,0.010,0.973,0.017
134000,0.010,0.981,0.009
134500,0.010,0.962,0.028
135000,0.010,0.975,0.015
135500,0.010,0.963,0.027
136000,0.010,0.961,0.029
136500,0.010,0.968,0.022
137000,0.010,0.977,0.013
137500,0.010,0.954,0.036
138000,0.010,0.961,0.029
138500,0.010,0.981,0.009
139000,0.010,0.988,0.002
139500,0.010,0.982,0.008
140000,0.010,0.972,0.018
140500,0.010,0.959,0.031
141000,0.010,0.966,0.024
141500,0.010,0.969,0.021
142000,0.010,0.963,0.027
142500,0.010,0.968,0.022
143000,0.010,0.964,0.026
143500,0.010,0.963,0.027
144000,0.010,0.962,0.028
144500,0.010,0.955,0.035
145000,0.010,0.960,0.030
145500,0.010,0.951,0.039
146000,0.010,0.960,0.030
146500,0.010,0.974,0.016
147000,0.010,0.977,0.013
147500,0.010,0.980,0.010
148000,0.010,0.982,0.008
148500,0.010,0.968,0.022
149000,0.010,0.964,0.026
149500,0.010,0.966,0.024
150000,0.010,0.968,0.022
150500,0.010,0.978,0.012
151000,0.010,0.964,0.026
151500,0.010,0.977,0.013
152000,0.010,0.985,0.005
152500,0.010,0.975,0.015
153000,0.010,0.979,0.011
153500,0.010,0.954,0.036
154000,0.010,0.969,0.021
154500,0.010,0.967,0.023
155000,0.010,0.970,0.020
155500,0.010,0.967,0.023
156000,0.010,0.976,0.014
156500,0.010,0.967,0.023
157000,0.010,0.965,0.025
157500,0.010,0.934,0.055
158000,0.010,0.935,0.055
158500,0.010,0.953,0.037
159000,0.010,0.967,0.023
159500,0.010,0.967,0.023
160000,0.010,0.969,0.021
160500,0.010,0.974,0.016
161000,0.010,0.975,0.015
161500,0.010,0.972,0.018
162000,0.010,0.969,0.021
162500,0.010,0.962,0.028
163000,0.010,0.969,0.021
163500,0.010,0.974,0.016
164000,0.010,0.982,0.008
164500,0.010,0.969,0.021
165000,0.010,0.976,0.014
165500,0.010,0.961,0.029
166000,0.010,0.974,0.016
166500,0.010,0.974,0.016
167000,0.010,0.979,0.011
167500,0.010,0.977,0.013
168000,0.010,0.965,0.025
168500,0.010,0.956,0.034
169000,0.010,0.945,0.045
169500,0.010,0.963,0.027
170000,0.010,0.955,0.035
170500,0.010,0.955,0.035
171000,0.010,0.971,0.019
171500,0.010,0.982,0.008
172000,0.010,0.961,0.029
172500,0.010,0.967,0.023
173000,0.010,0.967,0.023
173500,0.010,0.969,0.021
174000,0.010,0.964,0.026
174500,0.010,0.972,0.018
175000,0.010,0.966,0.024
175500,0.010,0.970,0.020
176000,0.010,0.970,0.020
176500,0.010,0.965,0.025
177000,0.010,0.958,0.032
177500,0.010,0.961,0.029
178000,0.010,0.980,0.010
178500,0.010,0.984,0.006
179000,0.010,0.956,0.034
179500,0.010,0.951,0.039
180000,0.010,0.952,0.038
180500,0.010,0.947,0.043
181000,0.010,0.966,0.024
181500,0.010,0.941,0.049
182000,0.010,0.950,0.040
182500,0.010,0.968,0.022
183000,0.010,0.962,0.028
183500,0.010,0.963,0.027
184000,0.010,0.954,0.036
184500,0.010,0.941,0.049
185000,0.010,0.948,0.042
185500,0.010,0.957,0.033
186000,0.010,0.966,0.024
186500,0.010,0.961,0.029
187000,0.010,0.973,0.017
187500,0.010,0.980,0.010
188000,0.010,0.983,0.007
188500,0.010,0.964,0.026
189000,0.010,0.958,0.032
189500,0.010,0.967,0.023
190000,0.010,0.976,0.014
190500,0.010,0.979,0.011
191000,0.010,0.971,0.019
191500,0.010,0.966,0.024
192000,0.010,0.968,0.022
192500,0.010,0.975,0.015
193000,0.010,0.957,0.033
193500,0.010,0.958,0.032
194000,0.010,0.974,0.016
194500,0.010,0.973,0.017
195000,0.010,0.972,0.018
195500,0.010,0.975,0.015
196000,0.010,0.970,0.020
196500,0.010,0.981,0.009
197000,0.010,0.975,0.015
197500,0.010,0.981,0.009
198000,0.010,0.972,0.018
198500,0.010,0.963,0.027
199000,0.010,0.973,0.017
199500,0.010,0.977,0.013
200000,0.010,0.962,0.028
200500,0.010,0.966,0.024
201000,0.010,0.964,0.026
201500,0.010,0.959,0.031
202000,0.010,0.960,0.030
202500,0.010,0.943,0.047
203000,0.010,0.976,0.014
203500,0.010,0.966,0.024
204000,0.010,0.977,0.013
204500,0.010,0.984,0.006
205000,0.010,0.978,0.012
205500,0.010,0.953,0.037
206000,0.010,0.949,0.041
206500,0.010,0.964,0.026
207000,0.010,0.980,0.010
207500,0.010,0.981,0.009
208000,0.010,0.974,0.016
208500,0.010,0.970,0.020
209000,0.010,0.975,0.015
209500,0.010,0.974,0.016
210000,0.010,0.971,0.019
210500,0.010,0.976,0.014
211000,0.010,0.976,0.014
211500,0.010,0.977,0.013
212000,0.010,0.970,0.020
212500,0.010,0.973,0.017
213000,0.010,0.967,0.023
213500,0.010,0.970,0.020
214000,0.010,0.962,0.028
214500,0.010,0.951,0.039
215000,0.010,0.958,0.032
215500,0.010,0.965,0.025
216000,0.010,0.957,0.033
216500,0.010,0.964,0.026
217000,0.010,0.959,0.031
217500,0.010,0.949,0.041
218000,0.010,0.948,0.042
218500,0.010,0.942,0.048
219000,0.010,0.951,0.039
219500,0.010,0.958,0.032
220000,0.010,0.976,0.014
220500,0.010,0.971,0.019
221000,0.010,0.974,0.016
221500,0.010,0.961,0.029
222000,0.010,0.958,0.032
222500,0.010,0.959,0.031
223000,0.010,0.980,0.010
223500,0.010,0.974,0.016
224000,0.010,0.962,0.028
224500,0.010,0.953,0.037
225000,0.010,0.954,0.036
225500,0.010,0.964,0.026
226000,0.010,0.963,0.027
226500,0.010,0.971,0.019
227000,0.010,0.966,0.024
227500,0.010,0.974,0.016
228000,0.010,0.977,0.013
228500,0.010,0.981,0.009
229000,0.010,0.979,0.011
229500,0.010,0.981,0.009
230000,0.010,0.974,0.016
230500,0.010,0.969,0.021
231000,0.010,0.961,0.029
231500,0.010,0.954,0.036
232000,0.010,0.955,0.035
232500,0.010,0.959,0.031
233000,0.010,0.948,0.042
233500,0.010,0.947,0.043
234000,0.010,0.950,0.040
234500,0.010,0.971,0.019
235000,0.010,0.970,0.020
235500,0.010,0.969,0.021
236000,0.010,0.968,0.022
236500,0.010,0.965,0.025
237000,0.010,0.958,0.032
237500,0.010,0.963,0.027
238000,0.010,0.972,0.018
238500,0.010,0.979,0.011
239000,0.010,0.970,0.020
239500,0.010,0.976,0.014
240000,0.010,0.967,0.023
240500,0.010,0.974,0.016
241000,0.010,0.949,0.041
241500,0.010,0.961,0.029
242000,0.010,0.962,0.028
242500,0.010,0.974,0.016
243000,0.010,0.972,0.018
243500,0.010,0.984,0.006
244000,0.010,0.984,0.006
244500,0.010,0.974,0.016
245000,0.010,0.960,0.030
245500,0.010,0.967,0.023
246000,0.010,0.971,0.019
246500,0.010,0.951,0.039
247000,0.010,0.962,0.028
247500,0.010,0.972,0.018
248000,0.010,0.979,0.011
248500,0.010,0.971,0.019
249000,0.010,0.959,0.031
249500,0.010,0.968,0.022
250000,0.010,0.969,0.021
250500,0.010,0.974,0.016
251000,0.010,0.979,0.011
251500,0.010,0.954,0.036
252000,0.010,0.964,0.026
252500,0.010,0.959,0.031
253000,0.010,0.957,0.033
253500,0.010,0.962,0.028
254000,0.010,0.962,0.028
254500,0.010,0.973,0.017
255000,0.010,0.966,0.024
255500,0.010,0.960,0.030
256000,0.010,0.948,0.042
256500,0.010,0.959,0.031
257000,0.010,0.962,0.028
257500,0.010,0.960,0.030
258000,0.010,0.963,0.027
258500,0.010,0.965,0.025
259000,0.010,0.955,0.035
259500,0.010,0.941,0.049
260000,0.010,0.941,0.049
260500,0.010,0.950,0.040
261000,0.010,0.953,0.037
261500,0.010,0.971,0.019
262000,0.010,0.967,0.023
262500,0.010,0.956,0.034
263000,0.010,0.951,0.039
263500,0.010,0.968,0.022
264000,0.010,0.957,0.033
264500,0.010,0.953,0.037
265000,0.010,0.970,0.020
265500,0.010,0.952,0.038
266000,0.010,0.963,0.027
266500,0.010,0.972,0.018
267000,0.010,0.983,0.007
267500,0.010,0.974,0.016
268000,0.010,0.962,0.028
268500,0.010,0.974,0.016
269000,0.010,0.976,0.014
269500,0.010,0.966,0.024
270000,0.010,0.966,0.024
270500,0.010,0.982,0.008
271000,0.010,0.969,0.021
271500,0.010,0.965,0.025
272000,0.010,0.957,0.033
272500,0.010,0.967,0.023
273000,0.010,0.965,0.025
273500,0.010,0.973,0.017
274000,0.010,0.970,0.020
274500,0.010,0.966,0.024
275000,0.010,0.979,0.011
275500,0.010,0.983,0.007
276000,0.010,0.972,0.018
276500,0.010,0.972,0.018
277000,0.010,0.968,0.022
277500,0.010,0.967,0.023
278000,0.010,0.957,0.033
278500,0.010,0.950,0.040
279000,0.010,0.957,0.033
279500,0.010,0.944,0.046
280000,0.010,0.947,0.043
280500,0.010,0.963,0.027
281000,0.010,0.951,0.039
281500,0.010,0.959,0.031
282000,0.010,0.959,0.031
282500,0.010,0.955,0.035
283000,0.010,0.952,0.038
283500,0.010,0.964,0.026
284000,0.010,0.972,0.018
284500,0.010,0.974,0.016
285000,0.010,0.954,0.036
285500,0.010,0.960,0.030
286000,0.010,0.967,0.023
286500,0.010,0.963,0.027
287000,0.010,0.970,0.020
287500,0.010,0.974,0.016
288000,0.010,0.973,0.017
288500,0.010,0.969,0.021
289000,0.010,0.963,0.027
289500,0.010,0.966,0.024
290000,0.010,0.955,0.035
290500,0.010,0.972,0.018
291000,0.010,0.948,0.042
291500,0.010,0.957,0.033
292000,0.010,0.974,0.016
292500,0.010,0.957,0.033
293000,0.010,0.960,0.030
293500,0.010,0.968,0.022
294000,0.010,0.962,0.028
294500,0.010,0.975,0.015
295000,0.010,0.975,0.015
295500,0.010,0.973,0.017
296000,0.010,0.969,0.021
296500,0.010,0.963,0.027
297000,0.010,0.974,0.016
297500,0.010,0.975,0.015
298000,0.010,0.981,0.009
298500,0.010,0.968,0.022
299000,0.010,0.958,0.032
299500,0.010,0.960,0.030
300000,0.010,0.946,0.044
300500,0.010,0.939,0.051
301000,0.010,0.959,0.031
301500,0.010,0.970,0.020
302000,0.010,0.967,0.023
302500,0.010,0.966,0.024
303000,0.010,0.965,0.025
303500,0.010,0.970,0.020
304000,0.010,0.967,0.023
304500,0.010,0.982,0.008
305000,0.010,0.974,0.016
305500,0.010,0.973,0.017
306000,0.010,0.958,0.032
306500,0.010,0.954,0.036
307000,0.010,0.962,0.028
307500,0.010,0.936,0.054
308000,0.010,0.964,0.026
308500,0.010,0.956,0.034
309000,0.010,0.966,0.024
309500,0.010,0.975,0.015
310000,0.010,0.975,0.015
310500,0.010,0.964,0.026
311000,0.010,0.968,0.022
311500,0.010,0.974,0.016
312000,0.010,0.967,0.023
312500,0.010,0.953,0.037
313000,0.010,0.962,0.028
313500,0.010,0.948,0.042
314000,0.010,0.947,0.043
314500,0.010,0.948,0.042
315000,0.010,0.957,0.033
315500,0.010,0.967,0.023
316000,0.010,0.981,0.009
316500,0.010,0.977,0.013
317000,0.010,0.972,0.018
317500,0.010,0.961,0.029
318000,0.010,0.953,0.037
318500,0.010,0.956,0.034
319000,0.010,0.976,0.014
319500,0.010,0.973,0.017
320000,0.010,0.977,0.013
320500,0.010,0.964,0.026
321000,0.010,0.961,0.029
321500,0.010,0.978,0.012
322000,0.010,0.982,0.008
322500,0.010,0.978,0.012
323000,0.010,0.972,0.018
323500,0.010,0.984,0.006
324000,0.010,0.985,0.005
324500,0.010,0.977,0.013
325000,0.010,0.973,0.017
325500,0.010,0.969,0.021
326000,0.010,0.947,0.043
326500,0.010,0.947,0.043
327000,0.010,0.940,0.050
327500,0.010,0.961,0.029
328000,0.010,0.968,0.022
328500,0.010,0.978,0.012
329000,0.010,0.968,0.022
329500,0.010,0.966,0.024
330000,0.010,0.961,0.029
330500,0.010,0.978,0.012
331000,0.010,0.980,0.010
331500,0.010,0.971,0.019
332000,0.010,0.969,0.021
332500,0.010,0.968,0.022
333000,0.010,0.947,0.043
333500,0.010,0.962,0.028
334000,0.010,0.958,0.032
334500,0.010,0.950,0.040
335000,0.010,0.954,0.036
335500,0.010,0.957,0.033
336000,0.010,0.957,0.033
336500,0.010,0.964,0.026
337000,0.010,0.964,0.026
337500,0.010,0.961,0.029
338000,0.010,0.967,0.023
338500,0.010,0.946,0.044
339000,0.010,0.961,0.029
339500,0.010,0.969,0.021
340000,0.010,0.965,0.025
340500,0.010,0.964,0.026
341000,0.010,0.963,0.027
341500,0.010,0.949,0.041
342000,0.010,0.939,0.051
342500,0.010,0.951,0.039
343000,0.010,0.957,0.033
343500,0.010,0.953,0.037
344000,0.010,0.977,0.013
344500,0.010,0.969,0.021
345000,0.010,0.975,0.015
345500,0.010,0.970,0.020
346000,0.010,0.950,0.040
346500,0.010,0.969,0.021
347000,0.010,0.966,0.024
347500,0.010,0.976,0.014
348000,0.010,0.958,0.032
348500,0.010,0.947,0.043
349000,0.010,0.957,0.033
349500,0.010,0.948,0.042
350000,0.010,0.946,0.044
350500,0.010,0.950,0.040
351000,0.010,0.956,0.034
351500,0.010,0.973,0.017
352000,0.010,0.980,0.010
352500,0.010,0.982,0.008
353000,0.010,0.951,0.039
353500,0.010,0.963,0.027
354000,0.010,0.975,0.015
354500,0.010,0.968,0.022
355000,0.010,0.951,0.039
355500,0.010,0.960,0.030
356000,0.010,0.955,0.035
356500,0.010,0.959,0.031
357000,0.010,0.968,0.022
357500,0.010,0.964,0.026
358000,0.010,0.953,0.037
358500,0.010,0.960,0.030
359000,0.010,0.973,0.017
359500,0.010,0.971,0.019
360000,0.010,0.981,0.009
360500,0.010,0.976,0.014
361000,0.010,0.980,0.010
361500,0.010,0.984,0.006
362000,0.010,0.974,0.016
362500,0.010,0.980,0.010
363000,0.010,0.966,0.024
363500,0.010,0.970,0.020
364000,0.010,0.970,0.020
364500,0.010,0.959,0.031
365000,0.010,0.949,0.041
365500,0.010,0.971,0.019
366000,0.010,0.973,0.017
366500,0.010,0.966,0.024
367000,0.010,0.964,0.026
367500,0.010,0.961,0.029
368000,0.010,0.968,0.022
368500,0.010,0.967,0.023
369000,0.010,0.966,0.024
369500,0.010,0.974,0.016
370000,0.010,0.963,0.027
370500,0.010,0.954,0.036
371000,0.010,0.965,0.025
371500,0.010,0.971,0.019
372000,0.010,0.963,0.027
372500,0.010,0.974,0.016
373000,0.010,0.974,0.016
373500,0.010,0.972,0.018
374000,0.010,0.973,0.017
374500,0.010,0.983,0.007
375000,0.010,0.983,0.007
375500,0.010,0.974,0.016
376000,0.010,0.973,0.017
376500,0.010,0.970,0.020
377000,0.010,0.963,0.027
377500,0.010,0.949,0.041
378000,0.010,0.955,0.035
378500,0.010,0.963,0.027
379000,0.010,0.961,0.029
379500,0.010,0.957,0.033
380000,0.010,0.973,0.017
380500,0.010,0.968,0.022
381000,0.010,0.966,0.024
381500,0.010,0.966,0.024
382000,0.010,0.977,0.013
382500,0.010,0.980,0.010
383000,0.010,0.970,0.020
383500,0.010,0.959,0.031
384000,0.010,0.946,0.044
384500,0.010,0.936,0.053
385000,0.010,0.941,0.049
385500,0.010,0.944,0.046
386000,0.010,0.931,0.058
386500,0.010,0.946,0.044
387000,0.010,0.953,0.037
387500,0.010,0.959,0.031
388000,0.010,0.981,0.009
388500,0.010,0.970,0.020
389000,0.010,0.974,0.016
389500,0.010,0.968,0.022
390000,0.010,0.951,0.039
390500,0.010,0.958,0.032
391000,0.010,0.959,0.031
391500,0.010,0.967,0.023
392000,0.010,0.957,0.033
392500,0.010,0.953,0.037
393000,0.010,0.973,0.017
393500,0.010,0.971,0.019
394000,0.010,0.964,0.026
394500,0.010,0.969,0.021
395000,0.010,0.975,0.015
395500,0.010,0.975,0.015
396000,0.010,0.974,0.016
396500,0.010,0.976,0.014
397000,0.010,0.976,0.014
397500,0.010,0.981,0.009
398000,0.010,0.974,0.016
398500,0.010,0.976,0.014
399000,0.010,0.967,0.023
399500,0.010,0.961,0.029
400000,0.010,0.957,0.033
400500,0.010,0.971,0.019
401000,0.010,0.955,0.035
401500,0.010,0.955,0.035
402000,0.010,0.959,0.031
402500,0.010,0.960,0.030
403000,0.010,0.976,0.014
403500,0.010,0.976,0.014
404000,0.010,0.967,0.023
404500,0.010,0.971,0.019
405000,0.010,0.967,0.023
405500,0.010,0.942,0.048
406000,0.010,0.960,0.030
406500,0.010,0.971,0.019
407000,0.010,0.947,0.043
407500,0.010,0.966,0.024
408000,0.010,0.955,0.035
408500,0.010,0.963,0.027
409000,0.010,0.966,0.024
409500,0.010,0.970,0.020
410000,0.010,0.976,0.014
410500,0.010,0.989,0.001
411000,0.010,0.981,0.009
411500,0.010,0.966,0.024
412000,0.010,0.958,0.032
412500,0.010,0.969,0.021
413000,0.010,0.965,0.025
413500,0.010,0.962,0.028
414000,0.010,0.972,0.018
414500,0.010,0.963,0.027
415000,0.010,0.971,0.019
415500,0.010,0.953,0.037
416000,0.010,0.957,0.033
416500,0.010,0.958,0.032
417000,0.010,0.941,0.049
417500,0.010,0.958,0.032
418000,0.010,0.948,0.042
418500,0.010,0.970,0.020
419000,0.010,0.951,0.039
419500,0.010,0.939,0.051
420000,0.010,0.952,0.038
420500,0.010,0.959,0.031
421000,0.010,0.952,0.038
421500,0.010,0.962,0.028
422000,0.010,0.949,0.041
422500,0.010,0.972,0.018
423000,0.010,0.981,0.009
423500,0.010,0.984,0.006
424000,0.010,0.973,0.017
424500,0.010,0.982,0.008
425000,0.010,0.969,0.021
425500,0.010,0.971,0.019
426000,0.010,0.971,0.019
426500,0.010,0.977,0.013
427000,0.010,0.949,0.041
427500,0.010,0.962,0.028
428000,0.010,0.971,0.019
428500,0.010,0.979,0.011
429000,0.010,0.979,0.011
429500,0.010,0.980,0.010
430000,0.010,0.970,0.020
430500,0.010,0.958,0.032
431000,0.010,0.962,0.028
431500,0.010,0.949,0.041
432000,0.010,0.941,0.049
432500,0.010,0.961,0.029
433000,0.010,0.952,0.038
433500,0.010,0.944,0.046
434000,0.010,0.951,0.039
434500,0.010,0.962,0.028
435000,0.010,0.960,0.030
435500,0.010,0.971,0.019
436000,0.010,0.974,0.016
436500,0.010,0.964,0.026
437000,0.010,0.971,0.019
437500,0.010,0.970,0.020
438000,0.010,0.975,0.015
438500,0.010,0.963,0.027
439000,0.010,0.944,0.046
439500,0.010,0.956,0.034
440000,0.010,0.966,0.024
440500,0.010,0.957,0.033
441000,0.010,0.949,0.041
441500,0.010,0.953,0.037
442000,0.010,0.954,0.036
442500,0.010,0.963,0.027
443000,0.010,0.967,0.023
443500,0.010,0.961,0.029
444000,0.010,0.971,0.019
444500,0.010,0.950,0.040
445000,0.010,0.950,0.040
445500,0.010,0.955,0.035
446000,0.010,0.955,0.035
446500,0.010,0.953,0.037
447000,0.010,0.970,0.020
447500,0.010,0.953,0.037
448000,0.010,0.959,0.031
448500,0.010,0.961,0.029
449000,0.010,0.959,0.031
449500,0.010,0.960,0.030
450000,0.010,0.966,0.024
450500,0.010,0.971,0.019
451000,0.010,0.971,0.019
451500,0.010,0.975,0.015
452000,0.010,0.977,0.013
452500,0.010,0.969,0.021
453000,0.010,0.967,0.023
453500,0.010,0.959,0.031
454000,0.010,0.968,0.022
454500,0.010,0.969,0.021
455000,0.010,0.976,0.014
455500,0.010,0.963,0.027
456000,0.010,0.971,0.019
456500,0.010,0.975,0.015
457000,0.010,0.956,0.034
457500,0.010,0.955,0.035
458000,0.010,0.962,0.028
458500,0.010,0.968,0.022
459000,0.010,0.961,0.029
459500,0.010,0.970,0.020
460000,0.010,0.964,0.026
460500,0.010,0.946,0.044
461000,0.010,0.974,0.016
461500,0.010,0.970,0.020
462000,0.010,0.965,0.025
462500,0.010,0.955,0.035
463000,0.010,0.975,0.015
463500,0.010,0.975,0.015
464000,0.010,0.981,0.009
464500,0.010,0.964,0.026
465000,0.010,0.948,0.042
465500,0.010,0.952,0.038
466000,0.010,0.950,0.040
466500,0.010,0.969,0.021
467000,0.010,0.976,0.014
467500,0.010,0.976,0.014
468000,0.010,0.971,0.019
468500,0.010,0.962,0.028
469000,0.010,0.967,0.023
469500,0.010,0.952,0.038
470000,0.010,0.948,0.042
470500,0.010,0.958,0.032
471000,0.010,0.971,0.019
471500,0.010,0.956,0.034
472000,0.010,0.978,0.012
472500,0.010,0.964,0.026
473000,0.010,0.971,0.019
473500,0.010,0.956,0.034
474000,0.010,0.969,0.021
474500,0.010,0.969,0.021
475000,0.010,0.978,0.012
475500,0.010,0.969,0.021
476000,0.010,0.972,0.018
476500,0.010,0.984,0.006
477000,0.010,0.975,0.015
477500,0.010,0.966,0.024
478000,0.010,0.971,0.019
478500,0.010,0.967,0.023
479000,0.010,0.967,0.023
479500,0.010,0.959,0.031
480000,0.010,0.973,0.017
480500,0.010,0.967,0.023
481000,0.010,0.961,0.029
481500,0.010,0.972,0.018
482000,0.010,0.957,0.033
482500,0.010,0.970,0.020
483000,0.010,0.972,0.018
483500,0.010,0.961,0.029
484000,0.010,0.960,0.030
484500,0.010,0.947,0.043
485000,0.010,0.972,0.018
485500,0.010,0.969,0.021
486000,0.010,0.964,0.026
486500,0.010,0.964,0.026
487000,0.010,0.957,0.033
487500,0.010,0.959,0.031
488000,0.010,0.969,0.021
488500,0.010,0.973,0.017
489000,0.010,0.964,0.026
489500,0.010,0.962,0.028
490000,0.010,0.958,0.032
490500,0.010,0.974,0.016
491000,0.010,0.968,0.022
491500,0.010,0.963,0.027
492000,0.010,0.968,0.022
492500,0.010,0.970,0.020
493000,0.010,0.964,0.026
493500,0.010,0.966,0.024
494000,0.010,0.967,0.023
494500,0.010,0.972,0.018
495000,0.010,0.971,0.019
495500,0.010,0.968,0.022
496000,0.010,0.969,0.021
496500,0.010,0.964,0.026
497000,0.010,0.966,0.024
497500,0.010,0.976,0.014
498000,0.010,0.973,0.017
498500,0.010,0.957,0.033
499000,0.010,0.965,0.025
499500,0.010,0.971,0.019
500000,0.010,0.962,0.028
500500,0.010,0.962,0.028
501000,0.010,0.975,0.015
501500,0.010,0.979,0.011
502000,0.010,0.970,0.020
502500,0.010,0.974,0.016
503000,0.010,0.958,0.032
503500,0.010,0.960,0.030
504000,0.010,0.973,0.017
504500,0.010,0.972,0.018
505000,0.010,0.982,0.008
505500,0.010,0.969,0.021
506000,0.010,0.962,0.028
506500,0.010,0.965,0.025
507000,0.010,0.965,0.025
507500,0.010,0.979,0.011
508000,0.010,0.966,0.024
508500,0.010,0.961,0.029
509000,0.010,0.950,0.040
509500,0.010,0.964,0.026
510000,0.010,0.957,0.033
510500,0.010,0.960,0.030
511000,0.010,0.965,0.025
511500,0.010,0.977,0.013
512000,0.010,0.974,0.016
512500,0.010,0.962,0.028
513000,0.010,0.948,0.042
513500,0.010,0.960,0.030
514000,0.010,0.975,0.015
514500,0.010,0.971,0.019
515000,0.010,0.964,0.026
515500,0.010,0.975,0.015
516000,0.010,0.978,0.012
516500,0.010,0.971,0.019
517000,0.010,0.973,0.017
517500,0.010,0.978,0.012
518000,0.010,0.964,0.026
518500,0.010,0.973,0.017
519000,0.010,0.963,0.027
519500,0.010,0.946,0.044
520000,0.010,0.946,0.044
520500,0.010,0.957,0.033
521000,0.010,0.964,0.026
521500,0.010,0.963,0.027
522000,0.010,0.958,0.032
522500,0.010,0.953,0.037
523000,0.010,0.948,0.042
523500,0.010,0.943,0.047
524000,0.010,0.949,0.041
524500,0.010,0.951,0.039
525000,0.010,0.958,0.032
525500,0.010,0.964,0.026
526000,0.010,0.972,0.018
526500,0.010,0.966,0.024
527000,0.010,0.961,0.029
527500,0.010,0.946,0.044
528000,0.010,0.967,0.023
528500,0.010,0.974,0.016
529000,0.010,0.968,0.022
529500,0.010,0.972,0.018
530000,0.010,0.977,0.013
530500,0.010,0.978,0.012
531000,0.010,0.982,0.008
531500,0.010,0.982,0.008
532000,0.010,0.986,0.004
532500,0.010,0.979,0.011
533000,0.010,0.969,0.021
533500,0.010,0.967,0.023
534000,0.010,0.968,0.022
534500,0.010,0.965,0.025
535000,0.010,0.973,0.017
535500,0.010,0.975,0.015
536000,0.010,0.969,0.021
536500,0.010,0.959,0.031
537000,0.010,0.967,0.023
537500,0.010,0.965,0.025
538000,0.010,0.955,0.035
538500,0.010,0.962,0.028
539000,0.010,0.961,0.029
539500,0.010,0.959,0.031
540000,0.010,0.962,0.028
540500,0.010,0.972,0.018
541000,0.010,0.975,0.015
541500,0.010,0.963,0.027
542000,0.010,0.960,0.030
542500,0.010,0.955,0.035
543000,0.010,0.957,0.033
543500,0.010,0.959,0.031
544000,0.010,0.936,0.054
544500,0.010,0.961,0.029
545000,0.010,0.969,0.021
545500,0.010,0.953,0.037
546000,0.010,0.971,0.019
546500,0.010,0.965,0.025
547000,0.010,0.956,0.034
547500,0.010,0.963,0.027
548000,0.010,0.952,0.038
548500,0.010,0.954,0.036
549000,0.010,0.976,0.014
549500,0.010,0.977,0.013
550000,0.010,0.974,0.016
550500,0.010,0.980,0.010
551000,0.010,0.972,0.018
551500,0.010,0.963,0.027
552000,0.010,0.980,0.010
552500,0.010,0.970,0.020
553000,0.010,0.956,0.034
553500,0.010,0.977,0.013
554000,0.010,0.962,0.028
554500,0.010,0.963,0.027
555000,0.010,0.954,0.036
555500,0.010,0.946,0.044
556000,0.010,0.948,0.042
556500,0.010,0.940,0.050
557000,0.010,0.956,0.034
557500,0.010,0.974,0.016
558000,0.010,0.965,0.025
558500,0.010,0.967,0.023
559000,0.010,0.976,0.014
559500,0.010,0.975,0.015
560000,0.010,0.972,0.018
560500,0.010,0.955,0.035
561000,0.010,0.971,0.019
561500,0.010,0.980,0.010
562000,0.010,0.962,0.028
562500,0.010,0.964,0.026
563000,0.010,0.961,0.029
563500,0.010,0.954,0.036
564000,0.010,0.952,0.038
564500,0.010,0.963,0.027
565000,0.010,0.929,0.061
565500,0.010,0.914,0.076
566000,0.010,0.934,0.055
566500,0.010,0.946,0.044
567000,0.010,0.962,0.028
567500,0.010,0.945,0.045
568000,0.010,0.956,0.034
568500,0.010,0.959,0.031
569000,0.010,0.964,0.026
569500,0.010,0.971,0.019
570000,0.010,0.969,0.021
570500,0.010,0.980,0.010
571000,0.010,0.963,0.027
571500,0.010,0.965,0.025
572000,0.010,0.974,0.016
572500,0.010,0.958,0.032
573000,0.010,0.964,0.026
573500,0.010,0.954,0.036
574000,0.010,0.966,0.024
574500,0.010,0.955,0.035
575000,0.010,0.958,0.032
575500,0.010,0.948,0.042
576000,0.010,0.970,0.020
576500,0.010,0.962,0.028
577000,0.010,0.962,0.028
577500,0.010,0.962,0.028
578000,0.010,0.962,0.028
578500,0.010,0.966,0.024
579000,0.010,0.973,0.017
579500,0.010,0.968,0.022
580000,0.010,0.965,0.025
580500,0.010,0.971,0.019
581000,0.010,0.976,0.014
581500,0.010,0.967,0.023
582000,0.010,0.970,0.020
582500,0.010,0.968,0.022
583000,0.010,0.975,0.015
583500,0.010,0.969,0.021
584000,0.010,0.963,0.027
584500,0.010,0.954,0.036
585000,0.010,0.963,0.027
585500,0.010,0.961,0.029
586000,0.010,0.968,0.022
586500,0.010,0.972,0.018
587000,0.010,0.968,0.022
587500,0.010,0.974,0.016
588000,0.010,0.971,0.019
588500,0.010,0.956,0.034
589000,0.010,0.961,0.029
589500,0.010,0.940,0.050
590000,0.010,0.927,0.063
590500,0.010,0.944,0.046
591000,0.010,0.945,0.045
591500,0.010,0.954,0.036
592000,0.010,0.962,0.028
592500,0.010,0.965,0.025
593000,0.010,0.955,0.035
593500,0.010,0.959,0.031
594000,0.010,0.965,0.025
594500,0.010,0.967,0.023
595000,0.010,0.971,0.019
595500,0.010,0.956,0.034
596000,0.010,0.959,0.031
596500,0.010,0.956,0.034
597000,0.010,0.959,0.031
597500,0.010,0.926,0.064
598000,0.010,0.931,0.059
598500,0.010,0.924,0.066
599000,0.010,0.945,0.045
599500,0.010,0.959,0.031
600000,0.010,0.952,0.038
600500,0.010,0.963,0.027
601000,0.010,0.970,0.020
601500,0.010,0.970,0.020
602000,0.010,0.975,0.015
602500,0.010,0.969,0.021
603000,0.010,0.945,0.045
603500,0.010,0.955,0.035
604000,0.010,0.965,0.025
604500,0.010,0.974,0.016
605000,0.010,0.977,0.013
605500,0.010,0.963,0.027
606000,0.010,0.966,0.024
606500,0.010,0.980,0.010
607000,0.010,0.969,0.021
607500,0.010,0.974,0.016
608000,0.010,0.965,0.025
608500,0.010,0.949,0.041
609000,0.010,0.957,0.033
609500,0.010,0.960,0.030
610000,0.010,0.968,0.022
610500,0.010,0.967,0.023
611000,0.010,0.955,0.035
611500,0.010,0.953,0.037
612000,0.010,0.968,0.022
612500,0.010,0.977,0.013
613000,0.010,0.968,0.022
613500,0.010,0.966,0.024
614000,0.010,0.956,0.034
614500,0.010,0.955,0.035
615000,0.010,0.964,0.026
615500,0.010,0.970,0.020
616000,0.010,0.965,0.025
616500,0.010,0.968,0.022
617000,0.010,0.965,0.025
617500,0.010,0.966,0.024
618000,0.010,0.948,0.042
618500,0.010,0.972,0.018
619000,0.010,0.968,0.022
619500,0.010,0.951,0.039
620000,0.010,0.959,0.031
620500,0.010,0.962,0.028
621000,0.010,0.949,0.041
621500,0.010,0.958,0.032
622000,0.010,0.965,0.025
622500,0.010,0.950,0.040
623000,0.010,0.967,0.023
623500,0.010,0.973,0.017
624000,0.010,0.970,0.020
624500,0.010,0.971,0.019
625000,0.010,0.972,0.018
625500,0.010,0.947,0.043
626000,0.010,0.960,0.030
626500,0.010,0.964,0.026
627000,0.010,0.946,0.044
627500,0.010,0.954,0.036
628000,0.010,0.963,0.027
628500,0.010,0.960,0.030
629000,0.010,0.941,0.049
629500,0.010,0.952,0.038
630000,0.010,0.932,0.057
630500,0.010,0.949,0.041
631000,0.010,0.930,0.060
631500,0.010,0.950,0.040
632000,0.010,0.957,0.033
632500,0.010,0.973,0.017
633000,0.010,0.970,0.020
633500,0.010,0.980,0.010
634000,0.010,0.979,0.011
634500,0.010,0.968,0.022
635000,0.010,0.978,0.012
635500,0.010,0.957,0.033
636000,0.010,0.954,0.036
636500,0.010,0.964,0.026
637000,0.010,0.961,0.029
637500,0.010,0.957,0.033
638000,0.010,0.927,0.063
638500,0.010,0.964,0.026
639000,0.010,0.956,0.034
639500,0.010,0.967,0.023
640000,0.010,0.971,0.019
640500,0.010,0.959,0.031
641000,0.010,0.936,0.053
641500,0.010,0.931,0.059
642000,0.010,0.951,0.039
642500,0.010,0.969,0.021
643000,0.010,0.957,0.033
643500,0.010,0.949,0.041
644000,0.010,0.967,0.023
644500,0.010,0.969,0.021
645000,0.010,0.968,0.022
645500,0.010,0.961,0.029
646000,0.010,0.965,0.025
646500,0.010,0.970,0.020
647000,0.010,0.948,0.042
647500,0.010,0.972,0.018
648000,0.010,0.967,0.023
648500,0.010,0.966,0.024
649000,0.010,0.955,0.035
649500,0.010,0.970,0.020
650000,0.010,0.971,0.019
650500,0.010,0.970,0.020
651000,0.010,0.972,0.018
651500,0.010,0.945,0.045
652000,0.010,0.963,0.027
652500,0.010,0.967,0.023
653000,0.010,0.923,0.067
653500,0.010,0.947,0.043
654000,0.010,0.945,0.045
654500,0.010,0.962,0.028
655000,0.010,0.932,0.058
655500,0.010,0.943,0.047
656000,0.010,0.963,0.027
656500,0.010,0.970,0.020
657000,0.010,0.975,0.015
657500,0.010,0.965,0.025
658000,0.010,0.972,0.018
658500,0.010,0.960,0.030
659000,0.010,0.962,0.028
659500,0.010,0.964,0.026
660000,0.010,0.956,0.034
660500,0.010,0.956,0.034
661000,0.010,0.977,0.013
661500,0.010,0.985,0.005
662000,0.010,0.979,0.011
662500,0.010,0.974,0.016
663000,0.010,0.977,0.013
663500,0.010,0.977,0.013
664000,0.010,0.973,0.017
664500,0.010,0.950,0.040
665000,0.010,0.965,0.025
665500,0.010,0.959,0.031
666000,0.010,0.963,0.027
666500,0.010,0.950,0.040
667000,0.010,0.964,0.026
667500,0.010,0.954,0.036
668000,0.010,0.972,0.018
668500,0.010,0.976,0.014
669000,0.010,0.982,0.008
669500,0.010,0.978,0.012
670000,0.010,0.965,0.025
670500,0.010,0.962,0.028
671000,0.010,0.973,0.017
671500,0.010,0.966,0.024
672000,0.010,0.965,0.025
672500,0.010,0.946,0.044
673000,0.010,0.940,0.050
673500,0.010,0.958,0.032
674000,0.010,0.963,0.027
674500,0.010,0.967,0.023
675000,0.010,0.972,0.018
675500,0.010,0.972,0.018
676000,0.010,0.972,0.018
676500,0.010,0.971,0.019
677000,0.010,0.977,0.013
677500,0.010,0.968,0.022
678000,0.010,0.970,0.020
678500,0.010,0.958,0.032
679000,0.010,0.948,0.042
679500,0.010,0.940,0.050
680000,0.010,0.947,0.043
680500,0.010,0.953,0.037
681000,0.010,0.944,0.046
681500,0.010,0.949,0.041
682000,0.010,0.969,0.021
682500,0.010,0.969,0.021
683000,0.010,0.960,0.030
683500,0.010,0.963,0.027
684000,0.010,0.958,0.032
684500,0.010,0.959,0.031
685000,0.010,0.971,0.019
685500,0.010,0.980,0.010
686000,0.010,0.969,0.021
686500,0.010,0.971,0.019
687000,0.010,0.963,0.027
687500,0.010,0.972,0.018
688000,0.010,0.972,0.018
688500,0.010,0.973,0.017
689000,0.010,0.978,0.012
689500,0.010,0.963,0.027
690000,0.010,0.964,0.026
690500,0.010,0.946,0.044
691000,0.010,0.964,0.026
691500,0.010,0.957,0.033
692000,0.010,0.947,0.043
692500,0.010,0.947,0.043
693000,0.010,0.965,0.025
693500,0.010,0.975,0.015
694000,0.010,0.973,0.017
694500,0.010,0.970,0.020
695000,0.010,0.963,0.027
695500,0.010,0.949,0.041
696000,0.010,0.960,0.030
696500,0.010,0.968,0.022
697000,0.010,0.976,0.014
697500,0.010,0.956,0.034
698000,0.010,0.957,0.033
698500,0.010,0.962,0.028
699000,0.010,0.970,0.020
699500,0.010,0.972,0.018
700000,0.010,0.960,0.030
700500,0.010,0.963,0.027
701000,0.010,0.974,0.016
701500,0.010,0.973,0.017
702000,0.010,0.973,0.017
702500,0.010,0.969,0.021
703000,0.010,0.967,0.023
703500,0.010,0.971,0.019
704000,0.010,0.958,0.032
704500,0.010,0.953,0.037
705000,0.010,0.946,0.044
705500,0.010,0.956,0.034
706000,0.010,0.959,0.031
706500,0.010,0.943,0.047
707000,0.010,0.946,0.044
707500,0.010,0.944,0.046
708000,0.010,0.955,0.035
708500,0.010,0.969,0.021
709000,0.010,0.967,0.023
709500,0.010,0.975,0.015
710000,0.010,0.975,0.015
710500,0.010,0.980,0.010
711000,0.010,0.972,0.018
711500,0.010,0.974,0.016
712000,0.010,0.969,0.021
712500,0.010,0.968,0.022
713000,0.010,0.959,0.031
713500,0.010,0.962,0.028
714000,0.010,0.973,0.017
714500,0.010,0.941,0.049
715000,0.010,0.942,0.048
715500,0.010,0.955,0.035
716000,0.010,0.957,0.033
716500,0.010,0.960,0.030
717000,0.010,0.969,0.021
717500,0.010,0.975,0.015
718000,0.010,0.977,0.013
718500,0.010,0.971,0.019
719000,0.010,0.970,0.020
719500,0.010,0.977,0.013
720000,0.010,0.973,0.017
720500,0.010,0.966,0.024
721000,0.010,0.966,0.024
721500,0.010,0.967,0.023
722000,0.010,0.977,0.013
722500,0.010,0.968,0.022
723000,0.010,0.957,0.033
723500,0.010,0.969,0.021
724000,0.010,0.972,0.018
724500,0.010,0.972,0.018
725000,0.010,0.979,0.011
725500,0.010,0.970,0.020
726000,0.010,0.966,0.024
726500,0.010,0.968,0.022
727000,0.010,0.975,0.015
727500,0.010,0.959,0.031
728000,0.010,0.967,0.023
728500,0.010,0.967,0.023
729000,0.010,0.974,0.016
729500,0.010,0.968,0.022
730000,0.010,0.971,0.019
730500,0.010,0.979,0.011
731000,0.010,0.975,0.015
731500,0.010,0.965,0.025
732000,0.010,0.953,0.037
732500,0.010,0.966,0.024
733000,0.010,0.971,0.019
733500,0.010,0.963,0.027
734000,0.010,0.979,0.011
734500,0.010,0.966,0.024
735000,0.010,0.981,0.009
735500,0.010,0.956,0.034
736000,0.010,0.965,0.025
736500,0.010,0.951,0.039
737000,0.010,0.966,0.024
737500,0.010,0.978,0.012
738000,0.010,0.972,0.018
738500,0.010,0.970,0.020
739000,0.010,0.971,0.019
739500,0.010,0.967,0.023
740000,0.010,0.958,0.032
740500,0.010,0.957,0.033
741000,0.010,0.969,0.021
741500,0.010,0.970,0.020
742000,0.010,0.947,0.043
742500,0.010,0.955,0.035
743000,0.010,0.969,0.021
743500,0.010,0.970,0.020
744000,0.010,0.968,0.022
744500,0.010,0.959,0.031
745000,0.010,0.958,0.032
745500,0.010,0.964,0.026
746000,0.010,0.966,0.024
746500,0.010,0.970,0.020
747000,0.010,0.957,0.033
747500,0.010,0.960,0.030
748000,0.010,0.970,0.020
748500,0.010,0.963,0.027
749000,0.010,0.959,0.031
749500,0.010,0.973,0.017
750000,0.010,0.977,0.013
750500,0.010,0.979,0.011
751000,0.010,0.962,0.028
751500,0.010,0.968,0.022
752000,0.010,0.974,0.016
752500,0.010,0.962,0.028
753000,0.010,0.970,0.020
753500,0.010,0.976,0.014
754000,0.010,0.977,0.013
754500,0.010,0.972,0.018
755000,0.010,0.977,0.013
755500,0.010,0.976,0.014
756000,0.010,0.980,0.010
756500,0.010,0.973,0.017
757000,0.010,0.964,0.026
757500,0.010,0.978,0.012
758000,0.010,0.978,0.012
758500,0.010,0.983,0.007
759000,0.010,0.967,0.023
759500,0.010,0.952,0.038
760000,0.010,0.960,0.030
760500,0.010,0.960,0.030
761000,0.010,0.978,0.012
761500,0.010,0.971,0.019
762000,0.010,0.975,0.015
762500,0.010,0.967,0.023
763000,0.010,0.981,0.009
763500,0.010,0.975,0.015
764000,0.010,0.976,0.014
764500,0.010,0.978,0.012
765000,0.010,0.965,0.025
765500,0.010,0.971,0.019
766000,0.010,0.959,0.031
766500,0.010,0.971,0.019
767000,0.010,0.966,0.024
767500,0.010,0.966,0.024
768000,0.010,0.965,0.025
768500,0.010,0.955,0.035
769000,0.010,0.969,0.021
769500,0.010,0.957,0.033
770000,0.010,0.981,0.009
770500,0.010,0.967,0.023
771000,0.010,0.972,0.018
771500,0.010,0.960,0.030
772000,0.010,0.950,0.040
772500,0.010,0.957,0.033
773000,0.010,0.941,0.049
773500,0.010,0.954,0.036
774000,0.010,0.963,0.027
774500,0.010,0.963,0.027
775000,0.010,0.967,0.023
775500,0.010,0.965,0.025
776000,0.010,0.981,0.009
776500,0.010,0.962,0.028
777000,0.010,0.970,0.020
777500,0.010,0.973,0.017
778000,0.010,0.964,0.026
778500,0.010,0.969,0.021
779000,0.010,0.972,0.018
779500,0.010,0.965,0.025
780000,0.010,0.972,0.018
780500,0.010,0.968,0.022
781000,0.010,0.969,0.021
781500,0.010,0.953,0.037
782000,0.010,0.960,0.030
782500,0.010,0.949,0.041
783000,0.010,0.967,0.023
783500,0.010,0.976,0.014
784000,0.010,0.968,0.022
784500,0.010,0.952,0.038
785000,0.010,0.975,0.015
785500,0.010,0.981,0.009
786000,0.010,0.950,0.040
786500,0.010,0.952,0.038
787000,0.010,0.972,0.018
787500,0.010,0.972,0.018
788000,0.010,0.955,0.035
788500,0.010,0.958,0.032
789000,0.010,0.928,0.062
789500,0.010,0.944,0.046
790000,0.010,0.950,0.040
790500,0.010,0.964,0.026
791000,0.010,0.959,0.031
791500,0.010,0.968,0.022
792000,0.010,0.966,0.024
792500,0.010,0.957,0.033
793000,0.010,0.953,0.037
793500,0.010,0.958,0.032
794000,0.010,0.954,0.036
794500,0.010,0.941,0.049
795000,0.010,0.939,0.051
795500,0.010,0.945,0.045
796000,0.010,0.962,0.028
796500,0.010,0.954,0.036
797000,0.010,0.960,0.030
797500,0.010,0.977,0.013
798000,0.010,0.980,0.010
798500,0.010,0.960,0.030
799000,0.010,0.946,0.044
799500,0.010,0.959,0.031
800000,0.010,0.969,0.021
800500,0.010,0.968,0.022
801000,0.010,0.975,0.015
801500,0.010,0.977,0.013
802000,0.010,0.967,0.023
802500,0.010,0.970,0.020
803000,0.010,0.968,0.022
803500,0.010,0.957,0.033
804000,0.010,0.976,0.014
804500,0.010,0.971,0.019
805000,0.010,0.969,0.021
805500,0.010,0.965,0.025
806000,0.010,0.971,0.019
806500,0.010,0.971,0.019
807000,0.010,0.962,0.028
807500,0.010,0.973,0.017
808000,0.010,0.969,0.021
808500,0.010,0.953,0.037
809000,0.010,0.959,0.031
809500,0.010,0.950,0.040
810000,0.010,0.958,0.032
810500,0.010,0.951,0.039
811000,0.010,0.963,0.027
811500,0.010,0.953,0.037
812000,0.010,0.972,0.018
812500,0.010,0.981,0.009
813000,0.010,0.957,0.033
813500,0.010,0.964,0.026
814000,0.010,0.968,0.022
814500,0.010,0.969,0.021
815000,0.010,0.976,0.014
815500,0.010,0.967,0.023
816000,0.010,0.972,0.018
816500,0.010,0.973,0.017
817000,0.010,0.973,0.017
817500,0.010,0.963,0.027
818000,0.010,0.961,0.029
818500,0.010,0.973,0.017
819000,0.010,0.959,0.031
819500,0.010,0.963,0.027
820000,0.010,0.976,0.014
820500,0.010,0.968,0.022
821000,0.010,0.962,0.028
821500,0.010,0.963,0.027
822000,0.010,0.962,0.028
822500,0.010,0.957,0.033
823000,0.010,0.975,0.015
823500,0.010,0.970,0.020
824000,0.010,0.966,0.024
824500,0.010,0.962,0.028
825000,0.010,0.959,0.031
825500,0.010,0.961,0.029
826000,0.010,0.961,0.029
826500,0.010,0.976,0.014
827000,0.010,0.976,0.014
827500,0.010,0.944,0.046
828000,0.010,0.956,0.034
828500,0.010,0.969,0.021
829000,0.010,0.974,0.016
829500,0.010,0.983,0.007
830000,0.010,0.976,0.014
830500,0.010,0.965,0.025
831000,0.010,0.964,0.026
831500,0.010,0.972,0.018
832000,0.010,0.965,0.025
832500,0.010,0.967,0.023
833000,0.010,0.964,0.026
833500,0.010,0.979,0.011
834000,0.010,0.974,0.016
834500,0.010,0.982,0.008
835000,0.010,0.969,0.021
835500,0.010,0.972,0.018
836000,0.010,0.950,0.040
836500,0.010,0.955,0.035
837000,0.010,0.959,0.031
837500,0.010,0.963,0.027
838000,0.010,0.971,0.019
838500,0.010,0.969,0.021
839000,0.010,0.963,0.027
839500,0.010,0.955,0.035
840000,0.010,0.956,0.034
840500,0.010,0.971,0.019
841000,0.010,0.964,0.026
841500,0.010,0.979,0.011
842000,0.010,0.984,0.006
842500,0.010,0.980,0.010
843000,0.010,0.954,0.036
843500,0.010,0.969,0.021
844000,0.010,0.968,0.022
844500,0.010,0.964,0.026
845000,0.010,0.969,0.021
845500,0.010,0.970,0.020
846000,0.010,0.981,0.009
846500,0.010,0.974,0.016
847000,0.010,0.971,0.019
847500,0.010,0.969,0.021
848000,0.010,0.962,0.028
848500,0.010,0.972,0.018
849000,0.010,0.960,0.030
849500,0.010,0.966,0.024
850000,0.010,0.960,0.030
850500,0.010,0.961,0.029
851000,0.010,0.960,0.030
851500,0.010,0.956,0.034
852000,0.010,0.953,0.037
852500,0.010,0.960,0.030
853000,0.010,0.967,0.023
853500,0.010,0.967,0.023
854000,0.010,0.959,0.031
854500,0.010,0.957,0.033
855000,0.010,0.958,0.032
855500,0.010,0.965,0.025
856000,0.010,0.964,0.026
856500,0.010,0.962,0.028
857000,0.010,0.957,0.033
857500,0.010,0.963,0.027
858000,0.010,0.971,0.019
858500,0.010,0.982,0.008
859000,0.010,0.964,0.026
859500,0.010,0.931,0.059
860000,0.010,0.959,0.031
860500,0.010,0.965,0.025
861000,0.010,0.964,0.026
861500,0.010,0.967,0.023
862000,0.010,0.976,0.014
862500,0.010,0.979,0.011
863000,0.010,0.972,0.018
863500,0.010,0.942,0.048
864000,0.010,0.963,0.027
864500,0.010,0.975,0.015
865000,0.010,0.958,0.032
865500,0.010,0.965,0.025
866000,0.010,0.960,0.030
866500,0.010,0.965,0.025
867000,0.010,0.937,0.053
867500,0.010,0.946,0.044
868000,0.010,0.962,0.028
868500,0.010,0.971,0.019
869000,0.010,0.969,0.021
869500,0.010,0.976,0.014
870000,0.010,0.971,0.019
870500,0.010,0.967,0.023
871000,0.010,0.964,0.026
871500,0.010,0.964,0.026
872000,0.010,0.939,0.051
872500,0.010,0.954,0.036
873000,0.010,0.965,0.025
873500,0.010,0.944,0.046
874000,0.010,0.952,0.038
874500,0.010,0.964,0.026
875000,0.010,0.972,0.018
875500,0.010,0.974,0.016
876000,0.010,0.972,0.018
876500,0.010,0.964,0.026
877000,0.010,0.975,0.015
877500,0.010,0.961,0.029
878000,0.010,0.957,0.033
878500,0.010,0.972,0.018
879000,0.010,0.972,0.018
879500,0.010,0.974,0.016
880000,0.010,0.954,0.036
880500,0.010,0.961,0.029
881000,0.010,0.973,0.017
881500,0.010,0.973,0.017
882000,0.010,0.976,0.014
882500,0.010,0.975,0.015
883000,0.010,0.973,0.017
883500,0.010,0.950,0.040
884000,0.010,0.944,0.046
884500,0.010,0.952,0.038
885000,0.010,0.969,0.021
885500,0.010,0.968,0.022
886000,0.010,0.955,0.035
886500,0.010,0.965,0.025
887000,0.010,0.958,0.032
887500,0.010,0.958,0.032
888000,0.010,0.971,0.019
888500,0.010,0.966,0.024
889000,0.010,0.976,0.014
889500,0.010,0.984,0.006
890000,0.010,0.984,0.006
890500,0.010,0.981,0.009
891000,0.010,0.976,0.014
891500,0.010,0.987,0.003
892000,0.010,0.954,0.036
892500,0.010,0.964,0.026
893000,0.010,0.963,0.027
893500,0.010,0.964,0.026
894000,0.010,0.974,0.016
894500,0.010,0.969,0.021
895000,0.010,0.972,0.018
895500,0.010,0.952,0.038
896000,0.010,0.955,0.035
896500,0.010,0.956,0.034
897000,0.010,0.955,0.035
897500,0.010,0.949,0.041
898000,0.010,0.953,0.037
898500,0.010,0.950,0.040
899000,0.010,0.962,0.028
899500,0.010,0.950,0.040
900000,0.010,0.957,0.033
900500,0.010,0.973,0.017
901000,0.010,0.977,0.013
901500,0.010,0.973,0.017
902000,0.010,0.950,0.040
902500,0.010,0.958,0.032
903000,0.010,0.968,0.022
903500,0.010,0.962,0.028
904000,0.010,0.979,0.011
904500,0.010,0.972,0.018
905000,0.010,0.964,0.026
905500,0.010,0.974,0.016
906000,0.010,0.969,0.021
906500,0.010,0.970,0.020
907000,0.010,0.968,0.022
907500,0.010,0.949,0.041
908000,0.010,0.954,0.036
908500,0.010,0.945,0.045
909000,0.010,0.971,0.019
909500,0.010,0.970,0.020
910000,0.010,0.972,0.018
910500,0.010,0.971,0.019
911000,0.010,0.973,0.017
911500,0.010,0.982,0.008
912000,0.010,0.968,0.022
912500,0.010,0.963,0.027
913000,0.010,0.975,0.015
913500,0.010,0.963,0.027
914000,0.010,0.963,0.027
914500,0.010,0.951,0.039
915000,0.010,0.970,0.020
915500,0.010,0.967,0.023
916000,0.010,0.952,0.038
916500,0.010,0.970,0.020
917000,0.010,0.959,0.031
917500,0.010,0.963,0.027
918000,0.010,0.961,0.029
918500,0.010,0.970,0.020
919000,0.010,0.979,0.011
919500,0.010,0.982,0.008
920000,0.010,0.975,0.015
920500,0.010,0.962,0.028
921000,0.010,0.974,0.016
921500,0.010,0.970,0.020
922000,0.010,0.954,0.036
922500,0.010,0.959,0.031
923000,0.010,0.959,0.031
923500,0.010,0.959,0.031
924000,0.010,0.974,0.016
924500,0.010,0.966,0.024
925000,0.010,0.951,0.039
925500,0.010,0.972,0.018
926000,0.010,0.960,0.030
926500,0.010,0.953,0.037
927000,0.010,0.963,0.027
927500,0.010,0.968,0.022
928000,0.010,0.970,0.020
928500,0.010,0.970,0.020
929000,0.010,0.970,0.020
929500,0.010,0.954,0.036
930000,0.010,0.964,0.026
930500,0.010,0.959,0.031
931000,0.010,0.956,0.034
931500,0.010,0.968,0.022
932000,0.010,0.959,0.031
932500,0.010,0.969,0.021
933000,0.010,0.975,0.015
933500,0.010,0.978,0.012
934000,0.010,0.988,0.002
934500,0.010,0.974,0.016
935000,0.010,0.976,0.014
935500,0.010,0.973,0.017
936000,0.010,0.963,0.027
936500,0.010,0.964,0.026
937000,0.010,0.953,0.037
937500,0.010,0.945,0.045
938000,0.010,0.931,0.059
938500,0.010,0.957,0.033
939000,0.010,0.964,0.026
939500,0.010,0.971,0.019
940000,0.010,0.975,0.015
940500,0.010,0.976,0.014
941000,0.010,0.968,0.022
941500,0.010,0.970,0.020
942000,0.010,0.965,0.025
942500,0.010,0.965,0.025
943000,0.010,0.981,0.009
943500,0.010,0.968,0.022
944000,0.010,0.967,0.023
944500,0.010,0.966,0.024
945000,0.010,0.968,0.022
945500,0.010,0.971,0.019
946000,0.010,0.972,0.018
946500,0.010,0.959,0.031
947000,0.010,0.968,0.022
947500,0.010,0.962,0.028
948000,0.010,0.949,0.041
948500,0.010,0.956,0.034
949000,0.010,0.976,0.014
949500,0.010,0.971,0.019
950000,0.010,0.964,0.026
950500,0.010,0.959,0.031
951000,0.010,0.962,0.028
951500,0.010,0.966,0.024
952000,0.010,0.970,0.020
952500,0.010,0.966,0.024
953000,0.010,0.948,0.042
953500,0.010,0.959,0.031
954000,0.010,0.956,0.034
954500,0.010,0.960,0.030
955000,0.010,0.961,0.029
955500,0.010,0.963,0.027
956000,0.010,0.968,0.022
956500,0.010,0.967,0.023
957000,0.010,0.965,0.025
957500,0.010,0.974,0.016
958000,0.010,0.967,0.023
958500,0.010,0.963,0.027
959000,0.010,0.956,0.034
959500,0.010,0.968,0.022
960000,0.010,0.971,0.019
960500,0.010,0.961,0.029
961000,0.010,0.975,0.015
961500,0.010,0.976,0.014
962000,0.010,0.968,0.022
962500,0.010,0.967,0.023
963000,0.010,0.948,0.042
963500,0.010,0.963,0.027
964000,0.010,0.954,0.036
964500,0.010,0.958,0.032
965000,0.010,0.952,0.038
965500,0.010,0.964,0.026
966000,0.010,0.974,0.016
966500,0.010,0.975,0.015
967000,0.010,0.964,0.026
967500,0.010,0.976,0.014
968000,0.010,0.978,0.012
968500,0.010,0.982,0.008
969000,0.010,0.964,0.026
969500,0.010,0.974,0.016
970000,0.010,0.960,0.030
970500,0.010,0.950,0.040
971000,0.010,0.962,0.028
971500,0.010,0.956,0.034
972000,0.010,0.961,0.029
972500,0.010,0.970,0.020
973000,0.010,0.972,0.018
973500,0.010,0.963,0.027
974000,0.010,0.974,0.016
974500,0.010,0.956,0.034
975000,0.010,0.960,0.030
975500,0.010,0.961,0.029
976000,0.010,0.967,0.023
976500,0.010,0.969,0.021
977000,0.010,0.970,0.020
977500,0.010,0.962,0.028
978000,0.010,0.956,0.034
978500,0.010,0.957,0.033
979000,0.010,0.962,0.028
979500,0.010,0.962,0.028
980000,0.010,0.960,0.030
980500,0.010,0.979,0.011
981000,0.010,0.979,0.011
981500,0.010,0.963,0.027
982000,0.010,0.950,0.040
982500,0.010,0.956,0.034
983000,0.010,0.966,0.024
983500,0.010,0.964,0.026
984000,0.010,0.976,0.014
984500,0.010,0.978,0.012
985000,0.010,0.979,0.011
985500,0.010,0.967,0.023
986000,0.010,0.971,0.019
986500,0.010,0.964,0.026
987000,0.010,0.956,0.034
987500,0.010,0.947,0.043
988000,0.010,0.953,0.037
988500,0.010,0.946,0.044
989000,0.010,0.961,0.029
989500,0.010,0.965,0.025
990000,0.010,0.973,0.017
990500,0.010,0.952,0.038
991000,0.010,0.965,0.025
991500,0.010,0.978,0.012
992000,0.010,0.980,0.010
992500,0.010,0.973,0.017
993000,0.010,0.977,0.013
993500,0.010,0.977,0.013
994000,0.010,0.973,0.017
994500,0.010,0.980,0.010
995000,0.010,0.983,0.007
995500,0.010,0.953,0.037
996000,0.010,0.952,0.038
996500,0.010,0.953,0.037
997000,0.010,0.968,0.022
997500,0.010,0.968,0.022
998000,0.010,0.960,0.030
998500,0.010,0.976,0.014
999000,0.010,0.975,0.015
999500,0.010,0.963,0.027
1000000,0.010,0.962,0.028
