time,n_A+p,n_B,n_AB
500,0.030,0.923,0.047
1000,0.030,0.846,0.124
1500,0.030,0.748,0.222
2000,0.030,0.606,0.364
2500,0.030,0.448,0.522
3000,0.031,0.314,0.655
3500,0.031,0.218,0.751
4000,0.040,0.154,0.806
4500,0.054,0.100,0.846
5000,0.051,0.074,0.875
5500,0.076,0.058,0.867
6000,0.069,0.058,0.874
6500,0.066,0.057,0.877
7000,0.074,0.043,0.883
7500,0.067,0.050,0.884
8000,0.066,0.039,0.895
8500,0.073,0.046,0.881
9000,0.072,0.030,0.898
9500,0.076,0.025,0.899
10000,0.073,0.031,0.896
10500,0.077,0.035,0.888
11000,0.087,0.032,0.882
11500,0.081,0.037,0.882
12000,0.077,0.041,0.883
12500,0.079,0.035,0.886
13000,0.082,0.037,0.881
13500,0.074,0.044,0.882
14000,0.077,0.028,0.896
14500,0.080,0.050,0.870
15000,0.070,0.036,0.894
15500,0.083,0.028,0.890
16000,0.086,0.032,0.883
16500,0.079,0.034,0.888
17000,0.075,0.035,0.889
17500,0.077,0.044,0.878
18000,0.081,0.036,0.883
18500,0.071,0.040,0.888
19000,0.080,0.050,0.871
19500,0.087,0.048,0.866
20000,0.087,0.044,0.868
20500,0.093,0.045,0.862
21000,0.086,0.035,0.879
21500,0.082,0.037,0.881
22000,0.086,0.036,0.878
22500,0.089,0.033,0.877
23000,0.075,0.028,0.896
23500,0.078,0.041,0.881
24000,0.069,0.029,0.902
24500,0.068,0.033,0.899
25000,0.065,0.033,0.902
25500,0.074,0.038,0.888
26000,0.080,0.042,0.879
26500,0.095,0.040,0.866
27000,0.088,0.034,0.879
27500,0.094,0.036,0.870
28000,0.076,0.034,0.890
28500,0.067,0.036,0.897
29000,0.068,0.054,0.878
29500,0.069,0.049,0.883
30000,0.072,0.039,0.889
30500,0.070,0.043,0.887
31000,0.077,0.048,0.875
31500,0.080,0.035,0.886
32000,0.082,0.035,0.883
32500,0.070,0.036,0.893
33000,0.080,0.032,0.889
33500,0.075,0.032,0.894
34000,0.077,0.026,0.896
34500,0.074,0.019,0.906
35000,0.080,0.034,0.886
35500,0.068,0.039,0.893
36000,0.067,0.021,0.912
36500,0.062,0.028,0.909
37000,0.076,0.030,0.894
37500,0.083,0.037,0.880
38000,0.074,0.037,0.888
38500,0.083,0.030,0.887
39000,0.098,0.022,0.880
39500,0.098,0.028,0.874
40000,0.093,0.026,0.881
40500,0.081,0.031,0.888
41000,0.083,0.034,0.884
41500,0.070,0.046,0.883
42000,0.066,0.059,0.874
42500,0.086,0.057,0.857
43000,0.081,0.050,0.870
43500,0.077,0.038,0.885
44000,0.081,0.051,0.869
44500,0.075,0.024,0.901
45000,0.088,0.023,0.889
45500,0.096,0.025,0.879
46000,0.088,0.021,0.890
46500,0.077,0.029,0.894
47000,0.082,0.028,0.891
47500,0.086,0.029,0.885
48000,0.067,0.037,0.896
48500,0.071,0.046,0.882
49000,0.075,0.033,0.892
49500,0.078,0.031,0.891
50000,0.075,0.029,0.897
50500,0.069,0.034,0.898
51000,0.084,0.035,0.882
51500,0.087,0.040,0.873
52000,0.071,0.036,0.893
52500,0.060,0.037,0.903
53000,0.065,0.035,0.900
53500,0.072,0.035,0.892
54000,0.081,0.037,0.882
54500,0.089,0.038,0.872
55000,0.079,0.040,0.882
55500,0.075,0.029,0.895
56000,0.071,0.031,0.898
56500,0.074,0.043,0.884
57000,0.076,0.035,0.888
57500,0.088,0.038,0.873
58000,0.081,0.046,0.873
58500,0.070,0.040,0.891
59000,0.089,0.035,0.876
59500,0.076,0.031,0.892
60000,0.072,0.037,0.890
60500,0.089,0.021,0.890
61000,0.067,0.025,0.909
61500,0.082,0.029,0.889
62000,0.089,0.022,0.888
62500,0.098,0.024,0.878
63000,0.088,0.035,0.876
63500,0.097,0.029,0.874
64000,0.091,0.037,0.872
64500,0.088,0.025,0.886
65000,0.088,0.031,0.881
65500,0.093,0.025,0.882
66000,0.086,0.023,0.891
66500,0.096,0.018,0.886
67000,0.095,0.019,0.886
67500,0.094,0.018,0.888
68000,0.070,0.045,0.884
68500,0.067,0.040,0.894
69000,0.065,0.035,0.900
69500,0.057,0.041,0.902
70000,0.076,0.042,0.882
70500,0.085,0.046,0.869
71000,0.077,0.046,0.877
71500,0.069,0.039,0.892
72000,0.065,0.035,0.901
72500,0.065,0.054,0.881
73000,0.065,0.046,0.889
73500,0.071,0.041,0.889
74000,0.074,0.038,0.887
74500,0.080,0.042,0.878
75000,0.079,0.044,0.877
75500,0.083,0.042,0.875
76000,0.073,0.049,0.879
76500,0.067,0.036,0.897
77000,0.060,0.032,0.907
77500,0.069,0.044,0.887
78000,0.068,0.038,0.894
78500,0.070,0.032,0.898
79000,0.081,0.036,0.883
79500,0.081,0.034,0.885
80000,0.076,0.040,0.883
80500,0.080,0.042,0.879
81000,0.076,0.047,0.877
81500,0.089,0.032,0.879
82000,0.093,0.035,0.873
82500,0.107,0.033,0.860
83000,0.078,0.031,0.891
83500,0.072,0.026,0.902
84000,0.079,0.035,0.887
84500,0.081,0.037,0.882
85000,0.087,0.040,0.873
85500,0.073,0.042,0.885
86000,0.065,0.039,0.896
86500,0.069,0.030,0.901
87000,0.070,0.047,0.883
87500,0.081,0.035,0.885
88000,0.071,0.029,0.900
88500,0.071,0.025,0.903
89000,0.082,0.035,0.884
89500,0.086,0.024,0.891
90000,0.095,0.019,0.886
90500,0.087,0.032,0.882
91000,0.087,0.030,0.882
91500,0.085,0.029,0.887
92000,0.086,0.029,0.886
92500,0.096,0.035,0.869
93000,0.088,0.024,0.888
93500,0.101,0.024,0.876
94000,0.093,0.028,0.878
94500,0.093,0.036,0.871
95000,0.084,0.037,0.879
95500,0.077,0.043,0.880
96000,0.083,0.036,0.881
96500,0.080,0.022,0.898
97000,0.090,0.027,0.883
97500,0.087,0.032,0.881
98000,0.081,0.022,0.897
98500,0.086,0.022,0.891
99000,0.082,0.021,0.898
99500,0.081,0.028,0.891
100000,0.077,0.035,0.887
100500,0.092,0.030,0.878
101000,0.079,0.033,0.889
101500,0.081,0.044,0.875
102000,0.065,0.045,0.890
102500,0.074,0.028,0.898
103000,0.072,0.041,0.887
103500,0.070,0.041,0.889
104000,0.073,0.035,0.891
104500,0.089,0.028,0.884
105000,0.070,0.036,0.893
105500,0.088,0.029,0.882
106000,0.085,0.029,0.886
106500,0.087,0.035,0.878
107000,0.085,0.029,0.886
107500,0.075,0.029,0.897
108000,0.076,0.030,0.894
108500,0.090,0.044,0.866
109000,0.070,0.048,0.882
109500,0.060,0.055,0.885
110000,0.071,0.052,0.877
110500,0.065,0.042,0.894
111000,0.066,0.031,0.903
111500,0.081,0.026,0.893
112000,0.089,0.025,0.886
112500,0.090,0.026,0.883
113000,0.091,0.028,0.881
113500,0.088,0.024,0.888
114000,0.088,0.039,0.872
114500,0.077,0.054,0.868
115000,0.062,0.043,0.894
115500,0.091,0.042,0.867
116000,0.082,0.049,0.870
116500,0.069,0.051,0.880
117000,0.066,0.054,0.880
117500,0.063,0.045,0.892
118000,0.077,0.050,0.874
118500,0.080,0.043,0.877
119000,0.089,0.035,0.875
119500,0.090,0.029,0.880
120000,0.096,0.033,0.872
120500,0.088,0.037,0.874
121000,0.089,0.038,0.872
121500,0.081,0.030,0.889
122000,0.074,0.035,0.890
122500,0.077,0.027,0.895
123000,0.072,0.032,0.895
123500,0.068,0.051,0.881
124000,0.063,0.047,0.890
124500,0.067,0.043,0.890
125000,0.087,0.036,0.877
125500,0.091,0.028,0.880
126000,0.101,0.021,0.878
126500,0.084,0.035,0.881
127000,0.083,0.028,0.889
127500,0.089,0.030,0.880
128000,0.083,0.037,0.880
128500,0.086,0.030,0.883
129000,0.075,0.029,0.895
129500,0.061,0.033,0.905
130000,0.081,0.035,0.884
130500,0.076,0.042,0.882
131000,0.065,0.039,0.896
131500,0.061,0.040,0.899
132000,0.058,0.047,0.895
132500,0.059,0.040,0.901
133000,0.066,0.031,0.903
133500,0.070,0.037,0.893
134000,0.074,0.024,0.901
134500,0.083,0.037,0.880
135000,0.084,0.029,0.887
135500,0.082,0.039,0.879
136000,0.095,0.038,0.867
136500,0.079,0.025,0.896
137000,0.089,0.029,0.881
137500,0.096,0.030,0.874
138000,0.080,0.046,0.874
138500,0.072,0.051,0.878
139000,0.068,0.046,0.886
139500,0.082,0.052,0.866
140000,0.066,0.043,0.891
140500,0.058,0.046,0.895
141000,0.068,0.030,0.902
141500,0.077,0.029,0.895
142000,0.093,0.029,0.877
142500,0.089,0.034,0.876
143000,0.088,0.025,0.887
143500,0.091,0.035,0.875
144000,0.084,0.034,0.883
144500,0.071,0.024,0.905
145000,0.097,0.021,0.882
145500,0.089,0.023,0.888
146000,0.094,0.029,0.878
146500,0.087,0.035,0.879
147000,0.088,0.043,0.869
147500,0.084,0.042,0.874
148000,0.083,0.028,0.890
148500,0.079,0.031,0.890
149000,0.070,0.033,0.896
149500,0.099,0.029,0.872
150000,0.087,0.021,0.892
150500,0.089,0.021,0.889
151000,0.082,0.035,0.884
151500,0.082,0.035,0.884
152000,0.086,0.027,0.887
152500,0.089,0.021,0.890
153000,0.088,0.026,0.886
153500,0.089,0.029,0.883
154000,0.089,0.026,0.884
154500,0.083,0.016,0.901
155000,0.090,0.024,0.886
155500,0.085,0.024,0.891
156000,0.079,0.034,0.888
156500,0.073,0.032,0.895
157000,0.092,0.028,0.881
157500,0.082,0.026,0.892
158000,0.078,0.034,0.888
158500,0.065,0.041,0.895
159000,0.073,0.040,0.886
159500,0.073,0.039,0.888
160000,0.086,0.021,0.893
160500,0.085,0.021,0.894
161000,0.087,0.022,0.891
161500,0.081,0.028,0.891
162000,0.076,0.041,0.884
162500,0.068,0.042,0.890
163000,0.064,0.040,0.896
163500,0.073,0.044,0.882
164000,0.069,0.045,0.886
164500,0.065,0.044,0.891
165000,0.059,0.037,0.904
165500,0.073,0.050,0.876
166000,0.074,0.045,0.880
166500,0.062,0.056,0.882
167000,0.067,0.048,0.885
167500,0.064,0.043,0.893
168000,0.056,0.043,0.900
168500,0.068,0.053,0.879
169000,0.059,0.046,0.895
169500,0.066,0.038,0.896
170000,0.086,0.042,0.871
170500,0.093,0.026,0.880
171000,0.090,0.021,0.888
171500,0.091,0.019,0.889
172000,0.100,0.021,0.879
172500,0.086,0.032,0.882
173000,0.088,0.035,0.878
173500,0.074,0.043,0.883
174000,0.072,0.039,0.888
174500,0.081,0.034,0.886
175000,0.083,0.020,0.897
175500,0.086,0.023,0.891
176000,0.087,0.024,0.889
176500,0.092,0.024,0.885
177000,0.099,0.025,0.876
177500,0.102,0.021,0.876
178000,0.087,0.035,0.878
178500,0.087,0.037,0.875
179000,0.080,0.040,0.880
179500,0.070,0.039,0.891
180000,0.071,0.048,0.882
180500,0.066,0.039,0.895
181000,0.070,0.039,0.891
181500,0.069,0.041,0.891
182000,0.068,0.037,0.895
182500,0.078,0.036,0.886
183000,0.086,0.021,0.892
183500,0.089,0.025,0.885
184000,0.082,0.044,0.874
184500,0.081,0.037,0.882
185000,0.071,0.043,0.886
185500,0.069,0.053,0.878
186000,0.076,0.042,0.882
186500,0.084,0.044,0.872
187000,0.078,0.048,0.875
187500,0.071,0.045,0.883
188000,0.066,0.052,0.882
188500,0.074,0.043,0.882
189000,0.077,0.032,0.891
189500,0.080,0.042,0.878
190000,0.077,0.030,0.892
190500,0.089,0.025,0.885
191000,0.084,0.028,0.889
191500,0.080,0.024,0.896
192000,0.072,0.031,0.896
192500,0.082,0.027,0.891
193000,0.077,0.038,0.885
193500,0.080,0.027,0.893
194000,0.085,0.024,0.892
194500,0.100,0.033,0.867
195000,0.093,0.025,0.881
195500,0.093,0.035,0.872
196000,0.090,0.040,0.870
196500,0.096,0.025,0.880
197000,0.077,0.028,0.895
197500,0.087,0.013,0.900
198000,0.099,0.013,0.889
198500,0.085,0.030,0.885
199000,0.092,0.023,0.884
199500,0.082,0.022,0.896
200000,0.093,0.025,0.881
200500,0.089,0.024,0.887
201000,0.084,0.026,0.890
201500,0.092,0.024,0.884
202000,0.090,0.025,0.885
202500,0.109,0.027,0.864
203000,0.092,0.029,0.879
203500,0.083,0.035,0.883
204000,0.085,0.032,0.884
204500,0.092,0.032,0.876
205000,0.078,0.035,0.888
205500,0.069,0.030,0.901
206000,0.082,0.032,0.886
206500,0.076,0.037,0.887
207000,0.086,0.035,0.879
207500,0.070,0.026,0.904
208000,0.079,0.040,0.881
208500,0.066,0.037,0.897
209000,0.082,0.033,0.886
209500,0.086,0.032,0.883
210000,0.089,0.036,0.874
210500,0.091,0.036,0.872
211000,0.090,0.034,0.876
211500,0.106,0.041,0.853
212000,0.098,0.027,0.875
212500,0.092,0.030,0.878
213000,0.090,0.029,0.880
213500,0.086,0.043,0.871
214000,0.077,0.042,0.881
214500,0.093,0.048,0.859
215000,0.095,0.042,0.863
215500,0.089,0.058,0.852
216000,0.069,0.045,0.886
216500,0.088,0.043,0.869
217000,0.077,0.050,0.873
217500,0.081,0.042,0.878
218000,0.088,0.041,0.872
218500,0.100,0.031,0.869
219000,0.093,0.021,0.886
219500,0.088,0.021,0.891
220000,0.093,0.024,0.884
220500,0.090,0.033,0.878
221000,0.098,0.029,0.873
221500,0.101,0.020,0.879
222000,0.088,0.030,0.881
222500,0.074,0.035,0.890
223000,0.076,0.037,0.887
223500,0.080,0.041,0.880
224000,0.074,0.045,0.880
224500,0.062,0.051,0.887
225000,0.069,0.048,0.883
225500,0.062,0.046,0.892
226000,0.071,0.041,0.888
226500,0.069,0.041,0.891
227000,0.077,0.035,0.888
227500,0.080,0.028,0.893
228000,0.070,0.037,0.892
228500,0.069,0.029,0.902
229000,0.073,0.026,0.900
229500,0.074,0.028,0.897
230000,0.081,0.042,0.878
230500,0.071,0.049,0.881
231000,0.076,0.060,0.863
231500,0.077,0.051,0.872
232000,0.073,0.036,0.891
232500,0.079,0.032,0.889
233000,0.079,0.029,0.892
233500,0.075,0.037,0.888
234000,0.070,0.044,0.885
234500,0.089,0.030,0.880
235000,0.073,0.035,0.892
235500,0.073,0.029,0.898
236000,0.075,0.025,0.901
236500,0.075,0.029,0.895
237000,0.086,0.019,0.895
237500,0.095,0.021,0.885
238000,0.091,0.031,0.878
238500,0.083,0.029,0.888
239000,0.081,0.041,0.879
239500,0.080,0.028,0.893
240000,0.091,0.032,0.877
240500,0.081,0.041,0.878
241000,0.075,0.037,0.888
241500,0.077,0.032,0.892
242000,0.085,0.032,0.883
242500,0.080,0.036,0.884
243000,0.090,0.037,0.873
243500,0.091,0.029,0.880
244000,0.102,0.026,0.872
244500,0.087,0.018,0.895
245000,0.083,0.029,0.889
245500,0.076,0.031,0.893
246000,0.063,0.045,0.892
246500,0.077,0.038,0.884
247000,0.086,0.034,0.880
247500,0.086,0.026,0.887
248000,0.075,0.021,0.903
248500,0.069,0.025,0.907
249000,0.080,0.029,0.891
249500,0.071,0.029,0.899
250000,0.077,0.025,0.898
250500,0.076,0.039,0.884
251000,0.076,0.038,0.886
251500,0.078,0.043,0.880
252000,0.085,0.035,0.880
252500,0.080,0.044,0.876
253000,0.086,0.032,0.881
253500,0.087,0.032,0.882
254000,0.090,0.025,0.884
254500,0.081,0.038,0.881
255000,0.076,0.038,0.885
255500,0.074,0.029,0.896
256000,0.107,0.028,0.864
256500,0.103,0.021,0.877
257000,0.087,0.015,0.898
257500,0.079,0.021,0.901
258000,0.074,0.032,0.893
258500,0.086,0.028,0.886
259000,0.071,0.035,0.893
259500,0.076,0.051,0.872
260000,0.069,0.044,0.887
260500,0.064,0.045,0.891
261000,0.075,0.051,0.874
261500,0.077,0.035,0.888
262000,0.072,0.028,0.900
262500,0.072,0.028,0.900
263000,0.083,0.029,0.888
263500,0.086,0.033,0.882
264000,0.083,0.032,0.886
264500,0.083,0.030,0.887
265000,0.070,0.043,0.888
265500,0.066,0.064,0.871
266000,0.078,0.043,0.879
266500,0.079,0.034,0.887
267000,0.074,0.030,0.896
267500,0.082,0.029,0.889
268000,0.074,0.023,0.902
268500,0.087,0.022,0.891
269000,0.088,0.021,0.891
269500,0.084,0.030,0.886
270000,0.092,0.041,0.867
270500,0.104,0.033,0.863
271000,0.102,0.046,0.852
271500,0.099,0.048,0.854
272000,0.093,0.050,0.857
272500,0.086,0.052,0.862
273000,0.092,0.052,0.856
273500,0.083,0.048,0.869
274000,0.080,0.032,0.888
274500,0.080,0.029,0.892
275000,0.086,0.037,0.877
275500,0.086,0.028,0.886
276000,0.093,0.034,0.874
276500,0.086,0.040,0.874
277000,0.084,0.035,0.881
277500,0.091,0.029,0.879
278000,0.083,0.035,0.882
278500,0.075,0.035,0.890
279000,0.080,0.034,0.887
279500,0.079,0.054,0.867
280000,0.090,0.038,0.871
280500,0.079,0.050,0.872
281000,0.063,0.031,0.906
281500,0.071,0.040,0.888
282000,0.071,0.032,0.897
282500,0.083,0.036,0.881
283000,0.086,0.044,0.870
283500,0.075,0.038,0.886
284000,0.070,0.031,0.899
284500,0.089,0.035,0.876
285000,0.086,0.026,0.887
285500,0.087,0.026,0.886
286000,0.089,0.039,0.872
286500,0.093,0.030,0.876
287000,0.083,0.030,0.887
287500,0.084,0.037,0.879
288000,0.085,0.035,0.880
288500,0.093,0.022,0.884
289000,0.085,0.026,0.889
289500,0.082,0.024,0.894
290000,0.083,0.031,0.886
290500,0.087,0.019,0.893
291000,0.088,0.018,0.895
291500,0.080,0.024,0.897
292000,0.086,0.035,0.879
292500,0.085,0.035,0.880
293000,0.079,0.032,0.890
293500,0.085,0.023,0.892
294000,0.086,0.019,0.894
294500,0.097,0.025,0.879
295000,0.071,0.038,0.891
295500,0.079,0.036,0.885
296000,0.081,0.042,0.877
296500,0.067,0.029,0.904
297000,0.079,0.029,0.892
297500,0.084,0.032,0.884
298000,0.072,0.022,0.906
298500,0.085,0.025,0.891
299000,0.088,0.019,0.893
299500,0.089,0.022,0.888
300000,0.086,0.032,0.881
300500,0.095,0.028,0.877
301000,0.088,0.031,0.881
301500,0.079,0.025,0.896
302000,0.092,0.037,0.871
302500,0.089,0.045,0.866
303000,0.074,0.040,0.885
303500,0.070,0.043,0.887
304000,0.083,0.040,0.878
304500,0.084,0.044,0.872
305000,0.082,0.031,0.887
305500,0.085,0.041,0.875
306000,0.080,0.026,0.894
306500,0.077,0.039,0.883
307000,0.076,0.035,0.888
307500,0.074,0.035,0.890
308000,0.086,0.029,0.884
308500,0.088,0.032,0.880
309000,0.095,0.030,0.875
309500,0.091,0.023,0.886
310000,0.095,0.025,0.881
310500,0.083,0.025,0.893
311000,0.087,0.030,0.882
311500,0.093,0.030,0.877
312000,0.075,0.035,0.889
312500,0.064,0.040,0.896
313000,0.075,0.047,0.877
313500,0.069,0.041,0.890
314000,0.067,0.044,0.889
314500,0.079,0.042,0.879
315000,0.077,0.044,0.879
315500,0.075,0.043,0.881
316000,0.097,0.041,0.862
316500,0.096,0.036,0.868
317000,0.089,0.043,0.868
317500,0.083,0.032,0.886
318000,0.072,0.026,0.902
318500,0.087,0.028,0.885
319000,0.073,0.029,0.898
319500,0.069,0.037,0.894
320000,0.074,0.044,0.881
320500,0.082,0.037,0.881
321000,0.092,0.032,0.875
321500,0.084,0.035,0.881
322000,0.070,0.026,0.904
322500,0.085,0.023,0.892
323000,0.081,0.040,0.879
323500,0.077,0.040,0.883
324000,0.067,0.049,0.884
324500,0.092,0.035,0.873
325000,0.086,0.037,0.877
325500,0.073,0.027,0.900
326000,0.068,0.033,0.899
326500,0.083,0.035,0.882
327000,0.076,0.043,0.881
327500,0.075,0.038,0.886
328000,0.082,0.047,0.871
328500,0.073,0.038,0.888
329000,0.080,0.035,0.885
329500,0.072,0.034,0.894
330000,0.078,0.047,0.875
330500,0.090,0.045,0.864
331000,0.078,0.034,0.889
331500,0.095,0.030,0.875
332000,0.073,0.024,0.903
332500,0.067,0.030,0.903
333000,0.062,0.035,0.903
333500,0.083,0.029,0.888
334000,0.084,0.035,0.881
334500,0.081,0.036,0.883
335000,0.075,0.037,0.887
335500,0.068,0.034,0.898
336000,0.065,0.033,0.903
336500,0.065,0.029,0.907
337000,0.067,0.035,0.898
337500,0.079,0.030,0.891
338000,0.068,0.042,0.890
338500,0.069,0.035,0.897
339000,0.078,0.025,0.897
339500,0.094,0.027,0.879
340000,0.076,0.029,0.894
340500,0.092,0.032,0.877
341000,0.083,0.024,0.893
341500,0.076,0.029,0.895
342000,0.088,0.038,0.874
342500,0.089,0.035,0.877
343000,0.083,0.042,0.875
343500,0.080,0.051,0.870
344000,0.081,0.038,0.881
344500,0.082,0.030,0.888
345000,0.077,0.032,0.891
345500,0.074,0.025,0.901
346000,0.073,0.018,0.910
346500,0.089,0.028,0.882
347000,0.086,0.037,0.877
347500,0.077,0.049,0.873
348000,0.070,0.038,0.892
348500,0.070,0.032,0.898
349000,0.081,0.034,0.885
349500,0.076,0.037,0.887
350000,0.068,0.030,0.902
350500,0.069,0.034,0.897
351000,0.071,0.018,0.911
351500,0.068,0.026,0.905
352000,0.082,0.026,0.892
352500,0.086,0.021,0.893
353000,0.075,0.031,0.894
353500,0.066,0.026,0.908
354000,0.075,0.021,0.905
354500,0.080,0.025,0.896
355000,0.102,0.023,0.875
355500,0.095,0.035,0.870
356000,0.082,0.044,0.874
356500,0.086,0.037,0.877
357000,0.087,0.025,0.888
357500,0.076,0.029,0.894
358000,0.076,0.015,0.909
358500,0.082,0.030,0.888
359000,0.098,0.027,0.875
359500,0.108,0.034,0.858
360000,0.101,0.037,0.862
360500,0.076,0.038,0.886
361000,0.065,0.048,0.888
361500,0.062,0.044,0.893
362000,0.064,0.036,0.900
362500,0.064,0.035,0.901
363000,0.069,0.032,0.900
363500,0.079,0.029,0.892
364000,0.094,0.033,0.874
364500,0.083,0.040,0.877
365000,0.070,0.056,0.874
365500,0.068,0.061,0.871
366000,0.064,0.053,0.883
366500,0.073,0.058,0.868
367000,0.059,0.043,0.898
367500,0.069,0.036,0.895
368000,0.070,0.035,0.895
368500,0.065,0.043,0.892
369000,0.070,0.047,0.882
369500,0.068,0.029,0.903
370000,0.071,0.035,0.895
370500,0.078,0.038,0.884
371000,0.077,0.043,0.881
371500,0.089,0.037,0.874
372000,0.101,0.035,0.865
372500,0.095,0.048,0.858
373000,0.083,0.028,0.889
373500,0.075,0.035,0.890
374000,0.077,0.032,0.891
374500,0.083,0.024,0.894
375000,0.081,0.029,0.890
375500,0.073,0.040,0.886
376000,0.081,0.034,0.886
376500,0.081,0.036,0.883
377000,0.070,0.052,0.877
377500,0.074,0.051,0.875
378000,0.075,0.045,0.879
378500,0.069,0.037,0.894
379000,0.083,0.024,0.893
379500,0.079,0.018,0.903
380000,0.092,0.022,0.885
380500,0.079,0.027,0.894
381000,0.072,0.036,0.891
381500,0.075,0.035,0.890
382000,0.084,0.049,0.868
382500,0.086,0.038,0.875
383000,0.082,0.042,0.877
383500,0.078,0.035,0.887
384000,0.069,0.027,0.904
384500,0.094,0.026,0.880
385000,0.092,0.027,0.881
385500,0.087,0.025,0.888
386000,0.087,0.025,0.888
386500,0.084,0.029,0.888
387000,0.080,0.035,0.885
387500,0.070,0.032,0.898
388000,0.069,0.032,0.900
388500,0.076,0.019,0.904
389000,0.076,0.035,0.888
389500,0.080,0.046,0.874
390000,0.073,0.051,0.876
390500,0.075,0.046,0.879
391000,0.059,0.044,0.897
391500,0.075,0.052,0.873
392000,0.076,0.056,0.867
392500,0.074,0.042,0.883
393000,0.086,0.042,0.872
393500,0.082,0.041,0.877
394000,0.077,0.041,0.883
394500,0.067,0.040,0.894
395000,0.073,0.038,0.888
395500,0.084,0.044,0.872
396000,0.072,0.051,0.877
396500,0.072,0.052,0.876
397000,0.090,0.041,0.869
397500,0.098,0.037,0.865
398000,0.100,0.041,0.860
398500,0.098,0.037,0.865
399000,0.094,0.037,0.869
399500,0.083,0.044,0.873
400000,0.072,0.046,0.882
400500,0.072,0.042,0.887
401000,0.080,0.044,0.876
401500,0.095,0.048,0.858
402000,0.099,0.028,0.873
402500,0.099,0.040,0.861
403000,0.094,0.032,0.874
403500,0.085,0.025,0.891
404000,0.088,0.031,0.881
404500,0.076,0.028,0.896
405000,0.084,0.036,0.880
405500,0.081,0.026,0.893
406000,0.075,0.032,0.893
406500,0.081,0.043,0.876
407000,0.069,0.027,0.904
407500,0.082,0.035,0.883
408000,0.073,0.034,0.893
408500,0.092,0.044,0.864
409000,0.083,0.050,0.868
409500,0.089,0.033,0.878
410000,0.097,0.033,0.870
410500,0.091,0.040,0.868
411000,0.088,0.033,0.879
411500,0.081,0.038,0.881
412000,0.077,0.046,0.877
412500,0.071,0.049,0.881
413000,0.069,0.038,0.893
413500,0.077,0.035,0.888
414000,0.071,0.038,0.891
414500,0.077,0.046,0.876
415000,0.078,0.041,0.881
415500,0.083,0.030,0.887
416000,0.086,0.031,0.883
416500,0.090,0.036,0.873
417000,0.077,0.038,0.885
417500,0.071,0.041,0.888
418000,0.068,0.029,0.903
418500,0.079,0.033,0.888
419000,0.067,0.046,0.887
419500,0.073,0.043,0.883
420000,0.085,0.050,0.865
420500,0.062,0.049,0.889
421000,0.071,0.041,0.889
421500,0.081,0.041,0.879
422000,0.080,0.058,0.862
422500,0.084,0.051,0.865
423000,0.077,0.035,0.888
423500,0.086,0.034,0.881
424000,0.083,0.036,0.881
424500,0.082,0.037,0.881
425000,0.069,0.035,0.897
425500,0.065,0.040,0.896
426000,0.084,0.034,0.882
426500,0.071,0.040,0.888
427000,0.071,0.042,0.887
427500,0.093,0.029,0.878
428000,0.080,0.019,0.901
428500,0.083,0.035,0.883
429000,0.066,0.034,0.900
429500,0.069,0.036,0.895
430000,0.063,0.046,0.891
430500,0.056,0.054,0.890
431000,0.070,0.051,0.878
431500,0.070,0.046,0.884
432000,0.085,0.039,0.876
432500,0.077,0.048,0.876
433000,0.075,0.033,0.893
433500,0.091,0.032,0.878
434000,0.087,0.024,0.889
434500,0.081,0.021,0.898
435000,0.087,0.019,0.894
435500,0.092,0.028,0.879
436000,0.092,0.035,0.872
436500,0.075,0.035,0.889
437000,0.068,0.054,0.878
437500,0.077,0.043,0.879
438000,0.074,0.037,0.888
438500,0.067,0.025,0.909
439000,0.070,0.022,0.908
439500,0.076,0.025,0.899
440000,0.084,0.024,0.892
440500,0.073,0.028,0.900
441000,0.069,0.036,0.895
441500,0.079,0.046,0.875
442000,0.076,0.034,0.889
442500,0.080,0.036,0.884
443000,0.082,0.035,0.883
443500,0.086,0.035,0.879
444000,0.089,0.032,0.878
444500,0.081,0.028,0.891
445000,0.096,0.015,0.889
445500,0.077,0.013,0.909
446000,0.082,0.028,0.891
446500,0.084,0.038,0.878
447000,0.085,0.040,0.875
447500,0.081,0.023,0.896
448000,0.081,0.024,0.896
448500,0.088,0.032,0.880
449000,0.074,0.040,0.887
449500,0.061,0.038,0.901
450000,0.073,0.052,0.874
450500,0.068,0.040,0.892
451000,0.061,0.048,0.892
451500,0.064,0.029,0.908
452000,0.080,0.024,0.896
452500,0.102,0.025,0.873
453000,0.099,0.034,0.868
453500,0.102,0.035,0.863
454000,0.099,0.043,0.858
454500,0.095,0.034,0.871
455000,0.105,0.047,0.847
455500,0.086,0.036,0.878
456000,0.074,0.041,0.886
456500,0.073,0.041,0.885
457000,0.079,0.045,0.876
457500,0.081,0.048,0.872
458000,0.083,0.038,0.879
458500,0.075,0.035,0.889
459000,0.074,0.030,0.895
459500,0.074,0.029,0.896
460000,0.064,0.043,0.893
460500,0.080,0.039,0.881
461000,0.092,0.032,0.875
461500,0.089,0.033,0.878
462000,0.089,0.031,0.880
462500,0.078,0.023,0.899
463000,0.079,0.035,0.887
463500,0.075,0.027,0.898
464000,0.065,0.035,0.900
464500,0.069,0.014,0.917
465000,0.070,0.021,0.909
465500,0.076,0.021,0.904
466000,0.085,0.026,0.889
466500,0.083,0.033,0.884
467000,0.073,0.035,0.892
467500,0.064,0.032,0.904
468000,0.069,0.029,0.902
468500,0.068,0.036,0.895
469000,0.083,0.032,0.885
469500,0.080,0.029,0.891
470000,0.076,0.030,0.894
470500,0.074,0.038,0.888
471000,0.066,0.042,0.893
471500,0.070,0.040,0.890
472000,0.070,0.037,0.892
472500,0.071,0.045,0.884
473000,0.074,0.043,0.882
473500,0.086,0.035,0.879
474000,0.060,0.029,0.911
474500,0.074,0.035,0.891
475000,0.082,0.028,0.890
475500,0.081,0.036,0.883
476000,0.073,0.044,0.882
476500,0.069,0.043,0.889
477000,0.071,0.037,0.891
477500,0.071,0.030,0.898
478000,0.072,0.036,0.892
478500,0.085,0.036,0.879
479000,0.097,0.040,0.864
479500,0.093,0.035,0.872
480000,0.093,0.028,0.879
480500,0.079,0.033,0.888
481000,0.074,0.032,0.894
481500,0.079,0.039,0.882
482000,0.070,0.043,0.887
482500,0.065,0.035,0.900
483000,0.069,0.042,0.890
483500,0.064,0.032,0.904
484000,0.083,0.033,0.885
484500,0.087,0.042,0.870
485000,0.077,0.036,0.887
485500,0.081,0.039,0.880
486000,0.086,0.043,0.871
486500,0.087,0.042,0.871
487000,0.090,0.042,0.867
487500,0.088,0.034,0.878
488000,0.073,0.044,0.882
488500,0.062,0.043,0.895
489000,0.060,0.051,0.888
489500,0.070,0.049,0.881
490000,0.085,0.040,0.876
490500,0.081,0.036,0.883
491000,0.078,0.040,0.883
491500,0.075,0.043,0.881
492000,0.077,0.040,0.882
492500,0.082,0.043,0.875
493000,0.089,0.034,0.876
493500,0.084,0.026,0.890
494000,0.086,0.030,0.884
494500,0.081,0.043,0.876
495000,0.073,0.041,0.887
495500,0.061,0.048,0.891
496000,0.073,0.042,0.885
496500,0.069,0.029,0.902
497000,0.069,0.035,0.896
497500,0.072,0.039,0.888
498000,0.077,0.043,0.879
498500,0.073,0.045,0.882
499000,0.091,0.044,0.864
499500,0.092,0.042,0.865
500000,0.071,0.043,0.886
500500,0.069,0.034,0.897
501000,0.072,0.044,0.883
501500,0.069,0.032,0.899
502000,0.069,0.029,0.902
502500,0.074,0.033,0.894
503000,0.068,0.034,0.898
503500,0.078,0.044,0.878
504000,0.071,0.042,0.888
504500,0.071,0.046,0.883
505000,0.079,0.031,0.890
505500,0.071,0.035,0.894
506000,0.070,0.035,0.894
506500,0.062,0.040,0.898
507000,0.067,0.047,0.886
507500,0.061,0.038,0.900
508000,0.072,0.036,0.891
508500,0.087,0.037,0.876
509000,0.066,0.025,0.910
509500,0.080,0.031,0.889
510000,0.081,0.029,0.891
510500,0.090,0.020,0.890
511000,0.089,0.029,0.883
511500,0.091,0.030,0.878
512000,0.091,0.023,0.885
512500,0.081,0.017,0.902
513000,0.090,0.026,0.884
513500,0.088,0.046,0.865
514000,0.074,0.029,0.897
514500,0.085,0.038,0.877
515000,0.087,0.030,0.882
515500,0.087,0.029,0.883
516000,0.089,0.031,0.879
516500,0.079,0.027,0.894
517000,0.091,0.035,0.874
517500,0.088,0.040,0.873
518000,0.085,0.034,0.881
518500,0.078,0.036,0.886
519000,0.086,0.049,0.865
519500,0.084,0.038,0.878
520000,0.088,0.031,0.880
520500,0.089,0.015,0.896
521000,0.092,0.026,0.882
521500,0.088,0.022,0.889
522000,0.084,0.029,0.887
522500,0.089,0.027,0.883
523000,0.091,0.034,0.875
523500,0.086,0.029,0.885
524000,0.089,0.020,0.891
524500,0.082,0.035,0.883
525000,0.071,0.041,0.888
525500,0.082,0.048,0.871
526000,0.083,0.035,0.882
526500,0.075,0.030,0.895
527000,0.067,0.036,0.897
527500,0.076,0.038,0.886
528000,0.087,0.041,0.872
528500,0.102,0.034,0.864
529000,0.093,0.033,0.875
529500,0.073,0.043,0.883
530000,0.088,0.040,0.872
530500,0.091,0.030,0.879
531000,0.086,0.032,0.882
531500,0.097,0.032,0.872
532000,0.099,0.042,0.859
532500,0.112,0.046,0.842
533000,0.097,0.029,0.874
533500,0.083,0.030,0.887
534000,0.083,0.025,0.892
534500,0.079,0.044,0.877
535000,0.082,0.040,0.878
535500,0.085,0.035,0.880
536000,0.091,0.042,0.867
536500,0.100,0.039,0.861
537000,0.082,0.035,0.883
537500,0.089,0.035,0.875
538000,0.076,0.034,0.889
538500,0.073,0.026,0.901
539000,0.075,0.029,0.896
539500,0.070,0.036,0.894
540000,0.085,0.033,0.883
540500,0.084,0.035,0.881
541000,0.081,0.030,0.889
541500,0.078,0.029,0.894
542000,0.070,0.034,0.896
542500,0.070,0.022,0.908
543000,0.073,0.037,0.890
543500,0.073,0.049,0.878
544000,0.082,0.050,0.869
544500,0.095,0.040,0.865
545000,0.091,0.041,0.869
545500,0.094,0.035,0.872
546000,0.097,0.048,0.855
546500,0.087,0.026,0.886
547000,0.086,0.026,0.887
547500,0.069,0.029,0.903
548000,0.076,0.041,0.882
548500,0.096,0.041,0.863
549000,0.078,0.033,0.890
549500,0.092,0.035,0.872
550000,0.086,0.033,0.882
550500,0.077,0.034,0.888
551000,0.070,0.041,0.889
551500,0.076,0.039,0.884
552000,0.088,0.042,0.871
552500,0.094,0.034,0.872
553000,0.082,0.038,0.880
553500,0.076,0.034,0.890
554000,0.075,0.021,0.904
554500,0.067,0.030,0.903
555000,0.057,0.037,0.905
555500,0.092,0.026,0.882
556000,0.084,0.024,0.893
556500,0.087,0.027,0.885
557000,0.084,0.029,0.887
557500,0.070,0.034,0.896
558000,0.068,0.024,0.908
558500,0.067,0.028,0.906
559000,0.077,0.030,0.893
559500,0.091,0.024,0.886
560000,0.090,0.049,0.860
560500,0.086,0.051,0.863
561000,0.087,0.048,0.865
561500,0.080,0.053,0.867
562000,0.085,0.041,0.875
562500,0.084,0.036,0.880
563000,0.090,0.033,0.876
563500,0.096,0.043,0.861
564000,0.071,0.043,0.886
564500,0.065,0.046,0.889
565000,0.069,0.048,0.883
565500,0.061,0.049,0.889
566000,0.068,0.037,0.895
566500,0.068,0.040,0.892
567000,0.085,0.041,0.875
567500,0.081,0.032,0.887
568000,0.077,0.042,0.882
568500,0.085,0.029,0.886
569000,0.092,0.025,0.884
569500,0.093,0.025,0.883
570000,0.093,0.024,0.884
570500,0.090,0.024,0.887
571000,0.072,0.027,0.901
571500,0.081,0.038,0.881
572000,0.077,0.044,0.879
572500,0.080,0.041,0.879
573000,0.085,0.037,0.878
573500,0.081,0.033,0.886
574000,0.082,0.036,0.882
574500,0.088,0.036,0.876
575000,0.091,0.035,0.875
575500,0.086,0.020,0.894
576000,0.079,0.024,0.898
576500,0.095,0.032,0.874
577000,0.099,0.016,0.885
577500,0.092,0.026,0.881
578000,0.090,0.024,0.886
578500,0.079,0.018,0.904
579000,0.099,0.025,0.877
579500,0.089,0.041,0.870
580000,0.095,0.028,0.878
580500,0.096,0.035,0.869
581000,0.093,0.028,0.879
581500,0.092,0.039,0.868
582000,0.072,0.032,0.896
582500,0.086,0.038,0.876
583000,0.096,0.035,0.870
583500,0.088,0.029,0.882
584000,0.070,0.028,0.901
584500,0.070,0.026,0.904
585000,0.076,0.020,0.904
585500,0.083,0.018,0.899
586000,0.090,0.029,0.881
586500,0.087,0.030,0.882
587000,0.099,0.030,0.871
587500,0.088,0.034,0.879
588000,0.077,0.030,0.892
588500,0.070,0.029,0.901
589000,0.070,0.051,0.878
589500,0.073,0.045,0.882
590000,0.074,0.042,0.884
590500,0.081,0.030,0.889
591000,0.079,0.023,0.898
591500,0.069,0.037,0.894
592000,0.068,0.029,0.903
592500,0.078,0.036,0.886
593000,0.070,0.037,0.893
593500,0.066,0.037,0.897
594000,0.064,0.051,0.886
594500,0.070,0.060,0.871
595000,0.060,0.045,0.894
595500,0.061,0.050,0.889
596000,0.062,0.041,0.897
596500,0.063,0.036,0.901
597000,0.079,0.036,0.885
597500,0.087,0.026,0.886
598000,0.093,0.023,0.883
598500,0.090,0.041,0.869
599000,0.080,0.033,0.887
599500,0.079,0.028,0.894
600000,0.086,0.034,0.880
600500,0.092,0.028,0.879
601000,0.083,0.039,0.878
601500,0.087,0.042,0.872
602000,0.086,0.034,0.879
602500,0.089,0.029,0.882
603000,0.098,0.018,0.884
603500,0.080,0.028,0.892
604000,0.088,0.035,0.876
604500,0.083,0.025,0.892
605000,0.085,0.026,0.889
605500,0.077,0.021,0.902
606000,0.080,0.030,0.890
606500,0.088,0.031,0.880
607000,0.089,0.035,0.876
607500,0.085,0.034,0.881
608000,0.064,0.035,0.901
608500,0.075,0.046,0.879
609000,0.064,0.046,0.889
609500,0.068,0.040,0.893
610000,0.060,0.027,0.912
610500,0.068,0.039,0.893
611000,0.071,0.046,0.882
611500,0.070,0.036,0.894
612000,0.076,0.032,0.891
612500,0.074,0.034,0.892
613000,0.079,0.040,0.881
613500,0.080,0.038,0.882
614000,0.095,0.029,0.876
614500,0.085,0.033,0.883
615000,0.078,0.022,0.900
615500,0.089,0.027,0.883
616000,0.097,0.021,0.882
616500,0.081,0.030,0.889
617000,0.080,0.041,0.880
617500,0.079,0.042,0.879
618000,0.069,0.052,0.879
618500,0.069,0.052,0.879
619000,0.059,0.042,0.899
619500,0.064,0.028,0.908
620000,0.062,0.048,0.890
620500,0.060,0.050,0.890
621000,0.070,0.035,0.895
621500,0.083,0.036,0.881
622000,0.080,0.037,0.883
622500,0.082,0.023,0.895
623000,0.079,0.025,0.897
623500,0.080,0.023,0.897
624000,0.070,0.026,0.904
624500,0.080,0.037,0.883
625000,0.093,0.030,0.877
625500,0.095,0.026,0.879
626000,0.088,0.032,0.879
626500,0.065,0.032,0.904
627000,0.076,0.049,0.876
627500,0.091,0.032,0.877
628000,0.085,0.026,0.889
628500,0.086,0.029,0.885
629000,0.092,0.053,0.854
629500,0.069,0.042,0.889
630000,0.074,0.036,0.890
630500,0.084,0.038,0.878
631000,0.085,0.037,0.878
631500,0.091,0.037,0.871
632000,0.085,0.026,0.889
632500,0.086,0.041,0.873
633000,0.079,0.048,0.873
633500,0.080,0.042,0.879
634000,0.075,0.035,0.890
634500,0.066,0.033,0.901
635000,0.077,0.038,0.885
635500,0.075,0.043,0.882
636000,0.091,0.035,0.875
636500,0.089,0.044,0.866
637000,0.082,0.036,0.882
637500,0.080,0.033,0.887
638000,0.074,0.036,0.889
638500,0.073,0.035,0.892
639000,0.086,0.030,0.883
639500,0.088,0.030,0.881
640000,0.085,0.045,0.870
640500,0.076,0.054,0.869
641000,0.079,0.047,0.874
641500,0.075,0.042,0.883
642000,0.081,0.025,0.894
642500,0.074,0.039,0.886
643000,0.100,0.035,0.865
643500,0.105,0.029,0.865
644000,0.081,0.048,0.871
644500,0.074,0.044,0.882
645000,0.080,0.030,0.890
645500,0.077,0.029,0.893
646000,0.082,0.045,0.873
646500,0.081,0.038,0.881
647000,0.077,0.023,0.900
647500,0.075,0.029,0.896
648000,0.092,0.030,0.878
648500,0.078,0.037,0.885
649000,0.085,0.035,0.880
649500,0.076,0.034,0.891
650000,0.086,0.038,0.876
650500,0.074,0.038,0.888
651000,0.076,0.037,0.886
651500,0.092,0.034,0.874
652000,0.086,0.038,0.875
652500,0.087,0.033,0.880
653000,0.087,0.040,0.873
653500,0.085,0.044,0.871
654000,0.073,0.051,0.876
654500,0.082,0.042,0.876
655000,0.076,0.036,0.887
655500,0.070,0.039,0.891
656000,0.074,0.035,0.892
656500,0.081,0.033,0.887
657000,0.082,0.027,0.891
657500,0.086,0.025,0.889
658000,0.077,0.025,0.898
658500,0.078,0.025,0.897
659000,0.088,0.032,0.880
659500,0.083,0.027,0.890
660000,0.084,0.030,0.886
660500,0.091,0.025,0.884
661000,0.102,0.032,0.867
661500,0.090,0.028,0.882
662000,0.092,0.043,0.865
662500,0.088,0.042,0.870
663000,0.075,0.041,0.885
663500,0.071,0.030,0.898
664000,0.082,0.029,0.890
664500,0.077,0.033,0.889
665000,0.074,0.028,0.898
665500,0.084,0.036,0.880
666000,0.074,0.035,0.891
666500,0.073,0.041,0.887
667000,0.082,0.034,0.884
667500,0.074,0.032,0.894
668000,0.063,0.037,0.900
668500,0.079,0.041,0.880
669000,0.087,0.035,0.877
669500,0.100,0.037,0.863
670000,0.094,0.039,0.867
670500,0.092,0.047,0.861
671000,0.091,0.025,0.885
671500,0.091,0.024,0.885
672000,0.078,0.022,0.900
672500,0.079,0.015,0.907
673000,0.070,0.013,0.917
673500,0.077,0.029,0.893
674000,0.076,0.033,0.891
674500,0.064,0.035,0.901
675000,0.054,0.038,0.907
675500,0.059,0.049,0.893
676000,0.064,0.034,0.902
676500,0.061,0.037,0.901
677000,0.062,0.025,0.912
677500,0.060,0.025,0.914
678000,0.061,0.037,0.901
678500,0.067,0.041,0.893
679000,0.084,0.043,0.874
679500,0.076,0.051,0.873
680000,0.065,0.054,0.881
680500,0.077,0.049,0.874
681000,0.077,0.027,0.896
681500,0.089,0.015,0.896
682000,0.090,0.020,0.889
682500,0.097,0.030,0.873
683000,0.096,0.035,0.869
683500,0.089,0.025,0.886
684000,0.075,0.034,0.891
684500,0.071,0.036,0.892
685000,0.068,0.032,0.901
685500,0.070,0.037,0.892
686000,0.059,0.027,0.914
686500,0.070,0.028,0.902
687000,0.074,0.044,0.882
687500,0.085,0.045,0.870
688000,0.095,0.042,0.863
688500,0.084,0.038,0.878
689000,0.071,0.036,0.893
689500,0.074,0.033,0.893
690000,0.077,0.038,0.884
690500,0.081,0.051,0.869
691000,0.086,0.038,0.876
691500,0.088,0.049,0.864
692000,0.075,0.054,0.871
692500,0.083,0.048,0.869
693000,0.087,0.038,0.874
693500,0.088,0.035,0.878
694000,0.079,0.037,0.884
694500,0.086,0.035,0.879
695000,0.100,0.036,0.864
695500,0.084,0.033,0.883
696000,0.086,0.022,0.892
696500,0.086,0.021,0.894
697000,0.090,0.029,0.880
697500,0.086,0.040,0.873
698000,0.079,0.035,0.887
698500,0.087,0.031,0.882
699000,0.083,0.026,0.891
699500,0.093,0.019,0.887
700000,0.103,0.018,0.878
700500,0.093,0.028,0.879
701000,0.087,0.023,0.889
701500,0.083,0.022,0.895
702000,0.085,0.029,0.886
702500,0.086,0.018,0.896
703000,0.096,0.020,0.884
703500,0.108,0.025,0.866
704000,0.081,0.033,0.886
704500,0.076,0.041,0.883
705000,0.080,0.033,0.888
705500,0.089,0.022,0.889
706000,0.094,0.034,0.873
706500,0.090,0.036,0.874
707000,0.082,0.033,0.886
707500,0.088,0.028,0.883
708000,0.096,0.029,0.875
708500,0.098,0.035,0.868
709000,0.102,0.035,0.863
709500,0.087,0.018,0.895
710000,0.081,0.018,0.901
710500,0.077,0.024,0.898
711000,0.085,0.032,0.883
711500,0.079,0.027,0.894
712000,0.079,0.034,0.887
712500,0.102,0.030,0.868
713000,0.106,0.025,0.869
713500,0.097,0.025,0.878
714000,0.083,0.021,0.896
714500,0.071,0.022,0.906
715000,0.086,0.015,0.898
715500,0.073,0.032,0.895
716000,0.077,0.032,0.892
716500,0.079,0.022,0.899
717000,0.066,0.030,0.903
717500,0.083,0.035,0.882
718000,0.085,0.037,0.878
718500,0.078,0.042,0.881
719000,0.069,0.041,0.890
719500,0.073,0.040,0.887
720000,0.070,0.052,0.878
720500,0.075,0.042,0.883
721000,0.079,0.040,0.881
721500,0.074,0.038,0.887
722000,0.076,0.026,0.897
722500,0.071,0.032,0.896
723000,0.069,0.035,0.897
723500,0.084,0.028,0.889
724000,0.099,0.024,0.877
724500,0.095,0.032,0.874
725000,0.076,0.034,0.889
725500,0.080,0.036,0.884
726000,0.084,0.038,0.878
726500,0.068,0.037,0.894
727000,0.058,0.030,0.912
727500,0.074,0.048,0.878
728000,0.080,0.032,0.888
728500,0.070,0.033,0.897
729000,0.073,0.050,0.877
729500,0.085,0.037,0.878
730000,0.079,0.043,0.878
730500,0.082,0.044,0.874
731000,0.082,0.050,0.868
731500,0.081,0.042,0.877
732000,0.082,0.044,0.874
732500,0.085,0.042,0.874
733000,0.077,0.034,0.888
733500,0.090,0.038,0.872
734000,0.087,0.048,0.865
734500,0.077,0.040,0.882
735000,0.074,0.035,0.891
735500,0.070,0.034,0.896
736000,0.066,0.037,0.897
736500,0.068,0.038,0.894
737000,0.071,0.028,0.900
737500,0.092,0.032,0.876
738000,0.092,0.027,0.881
738500,0.082,0.041,0.877
739000,0.064,0.045,0.891
739500,0.072,0.036,0.892
740000,0.075,0.043,0.881
740500,0.079,0.054,0.867
741000,0.080,0.041,0.880
741500,0.088,0.039,0.872
742000,0.093,0.037,0.870
742500,0.088,0.032,0.880
743000,0.080,0.042,0.879
743500,0.070,0.027,0.903
744000,0.068,0.029,0.903
744500,0.072,0.038,0.889
745000,0.069,0.048,0.884
745500,0.070,0.042,0.888
746000,0.068,0.047,0.885
746500,0.068,0.058,0.874
747000,0.073,0.045,0.882
747500,0.084,0.036,0.880
748000,0.090,0.034,0.876
748500,0.074,0.030,0.896
749000,0.074,0.041,0.886
749500,0.074,0.043,0.884
750000,0.081,0.042,0.877
750500,0.089,0.041,0.870
751000,0.077,0.039,0.884
751500,0.090,0.029,0.882
752000,0.097,0.022,0.881
752500,0.098,0.021,0.881
753000,0.090,0.025,0.885
753500,0.081,0.026,0.893
754000,0.077,0.028,0.895
754500,0.075,0.029,0.896
755000,0.088,0.041,0.870
755500,0.077,0.047,0.875
756000,0.080,0.035,0.885
756500,0.073,0.035,0.891
757000,0.078,0.041,0.882
757500,0.069,0.044,0.887
758000,0.067,0.038,0.895
758500,0.086,0.028,0.886
759000,0.083,0.028,0.889
759500,0.091,0.044,0.865
760000,0.084,0.043,0.874
760500,0.083,0.030,0.887
761000,0.075,0.040,0.885
761500,0.098,0.041,0.862
762000,0.091,0.040,0.868
762500,0.086,0.036,0.878
763000,0.086,0.038,0.876
763500,0.066,0.033,0.901
764000,0.069,0.031,0.900
764500,0.065,0.029,0.906
765000,0.065,0.043,0.893
765500,0.079,0.053,0.868
766000,0.076,0.054,0.869
766500,0.084,0.040,0.877
767000,0.075,0.039,0.885
767500,0.078,0.039,0.883
768000,0.059,0.048,0.893
768500,0.072,0.035,0.892
769000,0.069,0.037,0.894
769500,0.073,0.033,0.894
770000,0.073,0.034,0.894
770500,0.083,0.040,0.877
771000,0.079,0.048,0.874
771500,0.077,0.035,0.887
772000,0.082,0.043,0.875
772500,0.086,0.037,0.876
773000,0.093,0.036,0.870
773500,0.075,0.041,0.885
774000,0.070,0.044,0.885
774500,0.068,0.038,0.893
775000,0.081,0.040,0.879
775500,0.074,0.045,0.881
776000,0.073,0.039,0.888
776500,0.082,0.035,0.884
777000,0.086,0.032,0.882
777500,0.076,0.040,0.884
778000,0.079,0.030,0.891
778500,0.073,0.036,0.891
779000,0.089,0.040,0.871
779500,0.084,0.029,0.887
780000,0.097,0.025,0.879
780500,0.079,0.028,0.894
781000,0.065,0.035,0.900
781500,0.077,0.025,0.898
782000,0.074,0.038,0.887
782500,0.079,0.038,0.883
783000,0.081,0.051,0.868
783500,0.069,0.036,0.895
784000,0.060,0.037,0.902
784500,0.080,0.030,0.890
785000,0.085,0.030,0.885
785500,0.086,0.029,0.885
786000,0.084,0.022,0.894
786500,0.085,0.025,0.890
787000,0.093,0.015,0.891
787500,0.091,0.029,0.879
788000,0.096,0.026,0.878
788500,0.103,0.032,0.865
789000,0.101,0.035,0.865
789500,0.084,0.027,0.889
790000,0.102,0.025,0.874
790500,0.096,0.023,0.881
791000,0.086,0.022,0.892
791500,0.099,0.026,0.875
792000,0.095,0.041,0.864
792500,0.089,0.034,0.877
793000,0.089,0.045,0.866
793500,0.081,0.049,0.870
794000,0.079,0.050,0.871
794500,0.076,0.051,0.874
795000,0.079,0.053,0.868
795500,0.075,0.033,0.892
796000,0.084,0.029,0.887
796500,0.072,0.045,0.883
797000,0.065,0.031,0.904
797500,0.070,0.026,0.904
798000,0.085,0.046,0.869
798500,0.084,0.039,0.877
799000,0.079,0.032,0.889
799500,0.077,0.025,0.898
800000,0.085,0.042,0.874
800500,0.089,0.035,0.876
801000,0.085,0.029,0.886
801500,0.070,0.030,0.899
802000,0.073,0.041,0.886
802500,0.075,0.031,0.893
803000,0.076,0.028,0.897
803500,0.072,0.025,0.902
804000,0.067,0.016,0.917
804500,0.078,0.022,0.900
805000,0.092,0.029,0.878
805500,0.081,0.034,0.886
806000,0.070,0.045,0.884
806500,0.065,0.049,0.887
807000,0.066,0.043,0.891
807500,0.075,0.041,0.883
808000,0.069,0.039,0.892
808500,0.070,0.046,0.883
809000,0.081,0.038,0.881
809500,0.075,0.035,0.890
810000,0.087,0.042,0.872
810500,0.071,0.053,0.876
811000,0.083,0.042,0.875
811500,0.089,0.042,0.868
812000,0.085,0.043,0.872
812500,0.085,0.038,0.877
813000,0.072,0.040,0.888
813500,0.070,0.041,0.888
814000,0.075,0.049,0.877
814500,0.076,0.041,0.883
815000,0.071,0.034,0.896
815500,0.065,0.045,0.890
816000,0.064,0.051,0.886
816500,0.077,0.035,0.888
817000,0.073,0.033,0.894
817500,0.070,0.038,0.892
818000,0.081,0.025,0.894
818500,0.086,0.027,0.887
819000,0.089,0.037,0.874
819500,0.080,0.048,0.872
820000,0.070,0.054,0.875
820500,0.070,0.053,0.876
821000,0.071,0.045,0.884
821500,0.068,0.040,0.893
822000,0.072,0.034,0.895
822500,0.064,0.026,0.910
823000,0.072,0.032,0.896
823500,0.068,0.054,0.877
824000,0.071,0.029,0.899
824500,0.065,0.045,0.890
825000,0.064,0.034,0.902
825500,0.079,0.038,0.883
826000,0.072,0.042,0.886
826500,0.084,0.041,0.876
827000,0.085,0.039,0.876
827500,0.089,0.027,0.884
828000,0.076,0.026,0.898
828500,0.080,0.025,0.896
829000,0.080,0.024,0.896
829500,0.081,0.024,0.895
830000,0.087,0.021,0.891
830500,0.086,0.029,0.886
831000,0.063,0.043,0.895
831500,0.066,0.039,0.895
832000,0.086,0.032,0.883
832500,0.074,0.033,0.892
833000,0.076,0.034,0.891
833500,0.081,0.025,0.894
834000,0.084,0.035,0.881
834500,0.079,0.048,0.873
835000,0.083,0.038,0.879
835500,0.070,0.043,0.886
836000,0.065,0.053,0.882
836500,0.084,0.050,0.867
837000,0.085,0.051,0.864
837500,0.080,0.034,0.887
838000,0.089,0.037,0.874
838500,0.108,0.029,0.862
839000,0.105,0.029,0.865
839500,0.103,0.026,0.871
840000,0.094,0.028,0.879
840500,0.090,0.023,0.886
841000,0.091,0.038,0.870
841500,0.106,0.026,0.867
842000,0.084,0.029,0.887
842500,0.081,0.033,0.886
843000,0.082,0.041,0.877
843500,0.078,0.031,0.891
844000,0.067,0.036,0.897
844500,0.074,0.030,0.896
845000,0.084,0.036,0.880
845500,0.086,0.027,0.887
846000,0.083,0.030,0.887
846500,0.081,0.024,0.896
847000,0.095,0.025,0.880
847500,0.086,0.029,0.884
848000,0.103,0.034,0.863
848500,0.083,0.036,0.881
849000,0.073,0.043,0.885
849500,0.075,0.027,0.898
850000,0.074,0.035,0.890
850500,0.075,0.041,0.885
851000,0.071,0.042,0.888
851500,0.075,0.029,0.895
852000,0.070,0.035,0.896
852500,0.076,0.038,0.885
853000,0.071,0.027,0.901
853500,0.064,0.035,0.901
854000,0.053,0.036,0.911
854500,0.065,0.041,0.895
855000,0.065,0.037,0.898
855500,0.071,0.041,0.889
856000,0.079,0.041,0.880
856500,0.075,0.036,0.889
857000,0.080,0.033,0.888
857500,0.085,0.029,0.887
858000,0.084,0.039,0.877
858500,0.090,0.040,0.869
859000,0.085,0.051,0.864
859500,0.084,0.053,0.863
860000,0.089,0.040,0.870
860500,0.090,0.039,0.871
861000,0.080,0.037,0.883
861500,0.079,0.039,0.882
862000,0.087,0.023,0.889
862500,0.089,0.018,0.892
863000,0.090,0.034,0.876
863500,0.100,0.033,0.867
864000,0.105,0.035,0.860
864500,0.099,0.034,0.868
865000,0.093,0.028,0.879
865500,0.092,0.029,0.878
866000,0.080,0.036,0.884
866500,0.087,0.038,0.875
867000,0.090,0.030,0.880
867500,0.088,0.025,0.886
868000,0.086,0.028,0.887
868500,0.085,0.031,0.884
869000,0.074,0.032,0.894
869500,0.093,0.034,0.873
870000,0.080,0.029,0.892
870500,0.070,0.039,0.891
871000,0.073,0.034,0.894
871500,0.087,0.033,0.879
872000,0.094,0.045,0.861
872500,0.096,0.032,0.872
873000,0.086,0.031,0.882
873500,0.074,0.032,0.895
874000,0.076,0.042,0.883
874500,0.070,0.053,0.877
875000,0.068,0.042,0.890
875500,0.065,0.046,0.889
876000,0.077,0.038,0.885
876500,0.062,0.040,0.898
877000,0.059,0.041,0.899
877500,0.074,0.053,0.872
878000,0.073,0.047,0.879
878500,0.071,0.055,0.874
879000,0.073,0.059,0.868
879500,0.062,0.042,0.895
880000,0.060,0.040,0.900
880500,0.073,0.041,0.886
881000,0.065,0.035,0.900
881500,0.070,0.042,0.889
882000,0.071,0.037,0.892
882500,0.070,0.040,0.890
883000,0.072,0.044,0.883
883500,0.082,0.040,0.878
884000,0.089,0.042,0.868
884500,0.071,0.037,0.892
885000,0.079,0.025,0.896
885500,0.068,0.031,0.901
886000,0.064,0.041,0.895
886500,0.062,0.042,0.896
887000,0.059,0.043,0.898
887500,0.059,0.035,0.905
888000,0.071,0.035,0.894
888500,0.066,0.035,0.899
889000,0.074,0.042,0.884
889500,0.088,0.031,0.880
890000,0.093,0.023,0.883
890500,0.091,0.025,0.883
891000,0.094,0.026,0.880
891500,0.082,0.035,0.883
892000,0.085,0.032,0.883
892500,0.077,0.033,0.891
893000,0.071,0.029,0.899
893500,0.079,0.034,0.888
894000,0.085,0.033,0.883
894500,0.084,0.029,0.887
895000,0.084,0.035,0.882
895500,0.073,0.043,0.883
896000,0.059,0.043,0.898
896500,0.076,0.030,0.894
897000,0.085,0.031,0.884
897500,0.100,0.033,0.868
898000,0.098,0.025,0.878
898500,0.092,0.035,0.873
899000,0.088,0.027,0.885
899500,0.086,0.017,0.897
900000,0.074,0.029,0.897
900500,0.074,0.039,0.887
901000,0.070,0.024,0.907
901500,0.070,0.026,0.903
902000,0.075,0.021,0.903
902500,0.079,0.025,0.897
903000,0.084,0.025,0.891
903500,0.073,0.040,0.887
904000,0.071,0.043,0.886
904500,0.068,0.037,0.895
905000,0.066,0.033,0.901
905500,0.074,0.021,0.905
906000,0.079,0.029,0.892
906500,0.079,0.030,0.891
907000,0.091,0.032,0.878
907500,0.080,0.029,0.891
908000,0.085,0.029,0.886
908500,0.097,0.028,0.875
909000,0.095,0.033,0.873
909500,0.096,0.042,0.862
910000,0.093,0.050,0.858
910500,0.083,0.037,0.880
911000,0.083,0.049,0.868
911500,0.074,0.043,0.884
912000,0.079,0.034,0.888
912500,0.071,0.036,0.893
913000,0.082,0.038,0.880
913500,0.078,0.046,0.876
914000,0.070,0.051,0.879
914500,0.074,0.036,0.890
915000,0.074,0.040,0.887
915500,0.079,0.038,0.883
916000,0.090,0.053,0.857
916500,0.089,0.042,0.870
917000,0.091,0.029,0.880
917500,0.087,0.020,0.893
918000,0.087,0.029,0.883
918500,0.087,0.052,0.861
919000,0.086,0.036,0.877
919500,0.098,0.032,0.870
920000,0.097,0.025,0.878
920500,0.091,0.029,0.879
921000,0.085,0.035,0.880
921500,0.079,0.025,0.896
922000,0.084,0.022,0.894
922500,0.087,0.022,0.890
923000,0.103,0.032,0.865
923500,0.087,0.035,0.878
924000,0.087,0.031,0.882
924500,0.080,0.035,0.886
925000,0.067,0.027,0.906
925500,0.062,0.037,0.901
926000,0.065,0.036,0.899
926500,0.064,0.033,0.903
927000,0.062,0.037,0.901
927500,0.074,0.046,0.879
928000,0.064,0.050,0.887
928500,0.059,0.048,0.893
929000,0.080,0.033,0.887
929500,0.081,0.038,0.881
930000,0.088,0.042,0.870
930500,0.085,0.044,0.871
931000,0.075,0.039,0.886
931500,0.079,0.044,0.877
932000,0.073,0.042,0.884
932500,0.063,0.038,0.899
933000,0.084,0.042,0.874
933500,0.076,0.038,0.885
934000,0.076,0.042,0.883
934500,0.078,0.036,0.886
935000,0.071,0.027,0.901
935500,0.070,0.026,0.904
936000,0.063,0.030,0.907
936500,0.082,0.030,0.888
937000,0.075,0.031,0.894
937500,0.075,0.030,0.895
938000,0.091,0.033,0.876
938500,0.073,0.029,0.897
939000,0.074,0.033,0.893
939500,0.090,0.032,0.879
940000,0.084,0.029,0.887
940500,0.079,0.029,0.893
941000,0.082,0.033,0.886
941500,0.078,0.036,0.886
942000,0.082,0.032,0.886
942500,0.083,0.025,0.892
943000,0.084,0.026,0.890
943500,0.075,0.026,0.898
944000,0.058,0.034,0.908
944500,0.079,0.040,0.881
945000,0.078,0.049,0.873
945500,0.081,0.033,0.887
946000,0.085,0.029,0.887
946500,0.084,0.028,0.889
947000,0.084,0.025,0.891
947500,0.092,0.027,0.880
948000,0.087,0.022,0.891
948500,0.096,0.026,0.878
949000,0.080,0.022,0.898
949500,0.074,0.032,0.894
950000,0.067,0.038,0.895
950500,0.073,0.035,0.892
951000,0.071,0.034,0.894
951500,0.077,0.035,0.888
952000,0.070,0.032,0.899
952500,0.071,0.034,0.895
953000,0.070,0.043,0.887
953500,0.073,0.039,0.887
954000,0.067,0.033,0.901
954500,0.075,0.034,0.891
955000,0.078,0.038,0.884
955500,0.093,0.039,0.868
956000,0.080,0.045,0.875
956500,0.067,0.052,0.881
957000,0.068,0.041,0.891
957500,0.070,0.051,0.878
958000,0.067,0.044,0.889
958500,0.082,0.040,0.879
959000,0.076,0.048,0.875
959500,0.086,0.027,0.887
960000,0.078,0.021,0.902
960500,0.077,0.035,0.887
961000,0.085,0.043,0.872
961500,0.077,0.047,0.876
962000,0.068,0.037,0.895
962500,0.068,0.050,0.882
963000,0.072,0.049,0.880
963500,0.084,0.057,0.860
964000,0.083,0.048,0.869
964500,0.082,0.037,0.881
965000,0.085,0.043,0.872
965500,0.080,0.031,0.889
966000,0.080,0.035,0.885
966500,0.074,0.033,0.892
967000,0.068,0.051,0.881
967500,0.071,0.042,0.886
968000,0.072,0.034,0.893
968500,0.070,0.055,0.874
969000,0.079,0.040,0.882
969500,0.071,0.040,0.890
970000,0.079,0.029,0.892
970500,0.077,0.025,0.898
971000,0.067,0.035,0.898
971500,0.071,0.037,0.892
972000,0.092,0.036,0.871
972500,0.078,0.027,0.895
973000,0.090,0.026,0.884
973500,0.079,0.033,0.889
974000,0.086,0.038,0.876
974500,0.081,0.034,0.885
975000,0.081,0.044,0.875
975500,0.074,0.035,0.891
976000,0.075,0.032,0.892
976500,0.069,0.027,0.904
977000,0.083,0.031,0.886
977500,0.082,0.035,0.883
978000,0.081,0.038,0.881
978500,0.063,0.046,0.891
979000,0.074,0.057,0.869
979500,0.071,0.045,0.883
980000,0.066,0.041,0.893
980500,0.075,0.037,0.888
981000,0.065,0.037,0.898
981500,0.066,0.029,0.905
982000,0.066,0.032,0.902
982500,0.070,0.029,0.900
983000,0.076,0.035,0.889
983500,0.070,0.039,0.890
984000,0.070,0.043,0.888
984500,0.079,0.033,0.888
985000,0.091,0.026,0.882
985500,0.086,0.029,0.885
986000,0.082,0.048,0.870
986500,0.070,0.043,0.887
987000,0.066,0.049,0.886
987500,0.061,0.042,0.898
988000,0.059,0.044,0.896
988500,0.058,0.040,0.903
989000,0.071,0.032,0.897
989500,0.053,0.032,0.915
990000,0.054,0.043,0.902
990500,0.049,0.056,0.895
991000,0.058,0.046,0.896
991500,0.077,0.030,0.892
992000,0.067,0.035,0.899
992500,0.077,0.036,0.886
993000,0.065,0.043,0.893
993500,0.070,0.029,0.901
994000,0.067,0.036,0.897
994500,0.071,0.034,0.895
995000,0.065,0.039,0.896
995500,0.069,0.049,0.883
996000,0.062,0.046,0.892
996500,0.062,0.034,0.903
997000,0.066,0.028,0.906
997500,0.079,0.034,0.887
998000,0.076,0.044,0.879
998500,0.072,0.055,0.873
999000,0.070,0.035,0.895
999500,0.097,0.029,0.874
1000000,0.092,0.021,0.888
