time,n_A+p,n_B,n_AB
500,0.050,0.547,0.403
1000,0.050,0.288,0.662
1500,0.050,0.296,0.654
2000,0.050,0.298,0.652
2500,0.061,0.189,0.750
3000,0.050,0.316,0.634
3500,0.050,0.251,0.699
4000,0.057,0.164,0.779
4500,0.178,0.065,0.757
5000,0.515,0.004,0.481
5500,0.780,0.000,0.220
6000,0.787,0.000,0.213
6500,0.757,0.000,0.243
7000,0.790,0.000,0.210
7500,0.953,0.000,0.047
8000,0.949,0.000,0.051
8500,0.905,0.000,0.095
9000,0.881,0.000,0.119
9500,0.910,0.000,0.090
10000,0.905,0.000,0.095
10500,0.860,0.000,0.140
11000,0.793,0.000,0.207
11500,0.833,0.000,0.167
12000,0.853,0.000,0.147
12500,0.853,0.000,0.147
13000,0.947,0.000,0.053
13500,0.989,0.000,0.011
14000,1.000,0.000,0.000
