time,n_A+p,n_B,n_AB
500,0.010,0.975,0.015
1000,0.010,0.969,0.021
1500,0.010,0.962,0.028
2000,0.010,0.978,0.012
2500,0.010,0.965,0.025
3000,0.010,0.968,0.022
3500,0.010,0.933,0.056
4000,0.010,0.959,0.031
4500,0.010,0.960,0.030
5000,0.010,0.975,0.015
5500,0.010,0.964,0.026
6000,0.010,0.960,0.030
6500,0.010,0.962,0.028
7000,0.010,0.959,0.031
7500,0.010,0.969,0.021
8000,0.010,0.963,0.027
8500,0.010,0.948,0.042
9000,0.010,0.967,0.023
9500,0.010,0.948,0.042
10000,0.010,0.943,0.047
10500,0.010,0.953,0.037
11000,0.010,0.945,0.045
11500,0.010,0.952,0.038
12000,0.010,0.980,0.010
12500,0.010,0.969,0.021
13000,0.010,0.990,0.000
13500,0.010,0.987,0.003
14000,0.010,0.986,0.004
14500,0.010,0.947,0.043
15000,0.010,0.941,0.049
15500,0.010,0.948,0.042
16000,0.010,0.964,0.026
16500,0.010,0.964,0.026
17000,0.010,0.962,0.028
17500,0.010,0.953,0.037
18000,0.010,0.974,0.016
18500,0.010,0.961,0.029
19000,0.010,0.976,0.014
19500,0.010,0.978,0.012
20000,0.010,0.970,0.020
20500,0.010,0.966,0.024
21000,0.010,0.961,0.029
21500,0.010,0.971,0.019
22000,0.010,0.979,0.011
22500,0.010,0.957,0.033
23000,0.010,0.975,0.015
23500,0.010,0.975,0.015
24000,0.010,0.978,0.012
24500,0.010,0.951,0.039
25000,0.010,0.893,0.097
25500,0.010,0.938,0.052
26000,0.010,0.932,0.058
26500,0.010,0.966,0.024
27000,0.010,0.968,0.022
27500,0.010,0.972,0.018
28000,0.010,0.959,0.031
28500,0.010,0.963,0.027
29000,0.010,0.918,0.072
29500,0.010,0.971,0.019
30000,0.010,0.950,0.040
30500,0.010,0.950,0.040
31000,0.010,0.908,0.082
31500,0.010,0.903,0.087
32000,0.010,0.944,0.046
32500,0.010,0.955,0.035
33000,0.010,0.968,0.022
33500,0.010,0.982,0.008
34000,0.010,0.977,0.013
34500,0.010,0.978,0.012
35000,0.010,0.961,0.029
35500,0.010,0.966,0.024
36000,0.010,0.962,0.028
36500,0.010,0.961,0.029
37000,0.010,0.941,0.049
37500,0.010,0.934,0.055
38000,0.010,0.972,0.018
38500,0.010,0.972,0.018
39000,0.010,0.975,0.015
39500,0.010,0.958,0.032
40000,0.010,0.977,0.013
40500,0.010,0.974,0.016
41000,0.010,0.955,0.035
41500,0.010,0.958,0.032
42000,0.010,0.976,0.014
42500,0.010,0.961,0.029
43000,0.010,0.963,0.027
43500,0.010,0.973,0.017
44000,0.010,0.984,0.006
44500,0.010,0.930,0.060
45000,0.010,0.931,0.058
45500,0.010,0.963,0.027
46000,0.010,0.931,0.059
46500,0.010,0.926,0.064
47000,0.010,0.935,0.054
47500,0.010,0.964,0.026
48000,0.010,0.975,0.015
48500,0.010,0.947,0.043
49000,0.010,0.949,0.041
49500,0.010,0.958,0.032
50000,0.010,0.984,0.006
50500,0.010,0.978,0.012
51000,0.010,0.956,0.034
51500,0.010,0.971,0.019
52000,0.010,0.955,0.035
52500,0.010,0.976,0.014
53000,0.010,0.973,0.017
53500,0.010,0.973,0.017
54000,0.010,0.965,0.025
54500,0.010,0.962,0.028
55000,0.010,0.953,0.037
55500,0.010,0.938,0.052
56000,0.010,0.934,0.056
56500,0.010,0.945,0.045
57000,0.010,0.974,0.016
57500,0.010,0.989,0.001
58000,0.010,0.985,0.005
58500,0.010,0.974,0.016
59000,0.010,0.973,0.017
59500,0.010,0.958,0.032
60000,0.010,0.959,0.031
60500,0.010,0.974,0.016
61000,0.010,0.977,0.013
61500,0.010,0.968,0.022
62000,0.010,0.955,0.035
62500,0.010,0.963,0.027
63000,0.010,0.963,0.027
63500,0.010,0.967,0.023
64000,0.010,0.958,0.032
64500,0.010,0.975,0.015
65000,0.010,0.965,0.025
65500,0.010,0.960,0.030
66000,0.010,0.959,0.031
66500,0.010,0.973,0.017
67000,0.010,0.978,0.012
67500,0.010,0.960,0.030
68000,0.010,0.974,0.016
68500,0.010,0.964,0.026
69000,0.010,0.971,0.019
69500,0.010,0.951,0.039
70000,0.010,0.948,0.042
70500,0.010,0.949,0.041
71000,0.010,0.955,0.035
71500,0.010,0.958,0.032
72000,0.010,0.929,0.060
72500,0.010,0.946,0.044
73000,0.010,0.945,0.045
73500,0.010,0.964,0.026
74000,0.010,0.958,0.032
74500,0.010,0.971,0.019
75000,0.010,0.965,0.025
75500,0.010,0.967,0.023
76000,0.010,0.958,0.032
76500,0.010,0.957,0.033
77000,0.010,0.962,0.028
77500,0.010,0.963,0.027
78000,0.010,0.956,0.034
78500,0.010,0.974,0.016
79000,0.010,0.942,0.048
79500,0.010,0.953,0.037
80000,0.010,0.966,0.024
80500,0.010,0.977,0.013
81000,0.010,0.962,0.028
81500,0.010,0.919,0.071
82000,0.010,0.963,0.027
82500,0.010,0.959,0.031
83000,0.010,0.977,0.013
83500,0.010,0.978,0.012
84000,0.010,0.974,0.016
84500,0.010,0.964,0.026
85000,0.010,0.948,0.042
85500,0.010,0.968,0.022
86000,0.010,0.973,0.017
86500,0.010,0.984,0.006
87000,0.010,0.970,0.020
87500,0.010,0.956,0.034
88000,0.010,0.956,0.034
88500,0.010,0.918,0.072
89000,0.010,0.965,0.025
89500,0.010,0.973,0.017
90000,0.010,0.968,0.022
90500,0.010,0.961,0.029
91000,0.010,0.969,0.021
91500,0.010,0.960,0.030
92000,0.010,0.972,0.018
92500,0.010,0.975,0.015
93000,0.010,0.959,0.031
93500,0.010,0.977,0.013
94000,0.010,0.979,0.011
94500,0.010,0.960,0.030
95000,0.010,0.972,0.018
95500,0.010,0.959,0.031
96000,0.010,0.977,0.013
96500,0.010,0.948,0.042
97000,0.010,0.969,0.021
97500,0.010,0.978,0.012
98000,0.010,0.961,0.029
98500,0.010,0.968,0.022
99000,0.010,0.958,0.032
99500,0.010,0.957,0.033
100000,0.010,0.965,0.025
100500,0.010,0.956,0.034
101000,0.010,0.957,0.033
101500,0.010,0.953,0.037
102000,0.010,0.973,0.017
102500,0.010,0.965,0.025
103000,0.010,0.954,0.036
103500,0.010,0.961,0.029
104000,0.010,0.971,0.019
104500,0.010,0.968,0.022
105000,0.010,0.949,0.041
105500,0.010,0.978,0.012
106000,0.010,0.982,0.008
106500,0.010,0.978,0.012
107000,0.010,0.942,0.048
107500,0.010,0.948,0.042
108000,0.010,0.953,0.037
108500,0.010,0.959,0.031
109000,0.010,0.950,0.040
109500,0.010,0.974,0.016
110000,0.010,0.971,0.019
110500,0.010,0.974,0.016
111000,0.010,0.960,0.030
111500,0.010,0.957,0.033
112000,0.010,0.964,0.026
112500,0.010,0.954,0.036
113000,0.010,0.954,0.036
113500,0.010,0.937,0.053
114000,0.010,0.977,0.013
114500,0.010,0.959,0.031
115000,0.010,0.961,0.029
115500,0.010,0.976,0.014
116000,0.010,0.966,0.024
116500,0.010,0.963,0.027
117000,0.010,0.970,0.020
117500,0.010,0.963,0.027
118000,0.010,0.959,0.031
118500,0.010,0.942,0.048
119000,0.010,0.957,0.033
119500,0.010,0.926,0.064
120000,0.010,0.937,0.053
120500,0.010,0.955,0.035
121000,0.010,0.985,0.005
121500,0.010,0.975,0.015
122000,0.010,0.968,0.022
122500,0.010,0.974,0.016
123000,0.010,0.932,0.058
123500,0.010,0.951,0.039
124000,0.010,0.944,0.046
124500,0.010,0.941,0.049
125000,0.010,0.957,0.033
125500,0.010,0.979,0.011
126000,0.010,0.973,0.017
126500,0.010,0.968,0.022
127000,0.010,0.969,0.021
127500,0.010,0.972,0.018
128000,0.010,0.985,0.005
128500,0.010,0.989,0.001
129000,0.010,0.983,0.007
129500,0.010,0.974,0.016
130000,0.010,0.985,0.005
130500,0.010,0.957,0.033
131000,0.010,0.915,0.075
131500,0.010,0.924,0.066
132000,0.010,0.945,0.045
132500,0.010,0.973,0.017
133000,0.010,0.950,0.040
133500,0.010,0.934,0.056
134000,0.010,0.961,0.029
134500,0.010,0.937,0.053
135000,0.010,0.946,0.044
135500,0.010,0.965,0.025
136000,0.010,0.955,0.035
136500,0.010,0.976,0.014
137000,0.010,0.965,0.025
137500,0.010,0.962,0.028
138000,0.010,0.971,0.019
138500,0.010,0.968,0.022
139000,0.010,0.955,0.035
139500,0.010,0.952,0.038
140000,0.010,0.930,0.059
140500,0.010,0.969,0.021
141000,0.010,0.963,0.027
141500,0.010,0.952,0.038
142000,0.010,0.940,0.050
142500,0.010,0.916,0.074
143000,0.010,0.944,0.046
143500,0.010,0.949,0.041
144000,0.010,0.965,0.025
144500,0.010,0.946,0.044
145000,0.010,0.929,0.061
145500,0.010,0.949,0.041
146000,0.010,0.964,0.026
146500,0.010,0.967,0.023
147000,0.010,0.973,0.017
147500,0.010,0.943,0.047
148000,0.010,0.956,0.034
148500,0.010,0.969,0.021
149000,0.010,0.976,0.014
149500,0.010,0.971,0.019
150000,0.010,0.965,0.025
150500,0.010,0.977,0.013
151000,0.010,0.988,0.002
151500,0.010,0.972,0.018
152000,0.010,0.971,0.019
152500,0.010,0.968,0.022
153000,0.010,0.962,0.028
153500,0.010,0.966,0.024
154000,0.010,0.936,0.053
154500,0.010,0.954,0.036
155000,0.010,0.952,0.038
155500,0.010,0.972,0.018
156000,0.010,0.969,0.021
156500,0.010,0.971,0.019
157000,0.010,0.982,0.008
157500,0.010,0.988,0.002
158000,0.010,0.957,0.033
158500,0.010,0.931,0.058
159000,0.010,0.936,0.053
159500,0.010,0.950,0.040
160000,0.010,0.971,0.019
160500,0.010,0.966,0.024
161000,0.010,0.967,0.023
161500,0.010,0.967,0.023
162000,0.010,0.942,0.048
162500,0.010,0.939,0.051
163000,0.010,0.982,0.008
163500,0.010,0.974,0.016
164000,0.010,0.958,0.032
164500,0.010,0.962,0.028
165000,0.010,0.950,0.040
165500,0.010,0.931,0.058
166000,0.010,0.920,0.070
166500,0.010,0.950,0.040
167000,0.010,0.969,0.021
167500,0.010,0.972,0.018
168000,0.010,0.977,0.013
168500,0.010,0.972,0.018
169000,0.010,0.976,0.014
169500,0.010,0.954,0.036
170000,0.010,0.960,0.030
170500,0.010,0.963,0.027
171000,0.010,0.957,0.033
171500,0.010,0.959,0.031
172000,0.010,0.959,0.031
172500,0.010,0.963,0.027
173000,0.010,0.956,0.034
173500,0.010,0.976,0.014
174000,0.010,0.970,0.020
174500,0.010,0.960,0.030
175000,0.010,0.958,0.032
175500,0.010,0.975,0.015
176000,0.010,0.977,0.013
176500,0.010,0.974,0.016
177000,0.010,0.981,0.009
177500,0.010,0.954,0.036
178000,0.010,0.944,0.046
178500,0.010,0.949,0.041
179000,0.010,0.962,0.028
179500,0.010,0.945,0.045
180000,0.010,0.947,0.043
180500,0.010,0.957,0.033
181000,0.010,0.969,0.021
181500,0.010,0.977,0.013
182000,0.010,0.962,0.028
182500,0.010,0.959,0.031
183000,0.010,0.949,0.041
183500,0.010,0.958,0.032
184000,0.010,0.963,0.027
184500,0.010,0.955,0.035
185000,0.010,0.956,0.034
185500,0.010,0.962,0.028
186000,0.010,0.955,0.035
186500,0.010,0.957,0.033
187000,0.010,0.972,0.018
187500,0.010,0.981,0.009
188000,0.010,0.957,0.033
188500,0.010,0.976,0.014
189000,0.010,0.960,0.030
189500,0.010,0.941,0.049
190000,0.010,0.964,0.026
190500,0.010,0.959,0.031
191000,0.010,0.963,0.027
191500,0.010,0.983,0.007
192000,0.010,0.957,0.033
192500,0.010,0.954,0.036
193000,0.010,0.972,0.018
193500,0.010,0.973,0.017
194000,0.010,0.970,0.020
194500,0.010,0.954,0.036
195000,0.010,0.953,0.037
195500,0.010,0.975,0.015
196000,0.010,0.955,0.035
196500,0.010,0.955,0.035
197000,0.010,0.975,0.015
197500,0.010,0.971,0.019
198000,0.010,0.967,0.023
198500,0.010,0.955,0.035
199000,0.010,0.945,0.045
199500,0.010,0.937,0.053
200000,0.010,0.972,0.018
200500,0.010,0.937,0.053
201000,0.010,0.969,0.021
201500,0.010,0.977,0.013
202000,0.010,0.984,0.006
202500,0.010,0.962,0.028
203000,0.010,0.972,0.018
203500,0.010,0.962,0.028
204000,0.010,0.976,0.014
204500,0.010,0.956,0.034
205000,0.010,0.945,0.045
205500,0.010,0.964,0.026
206000,0.010,0.952,0.038
206500,0.010,0.953,0.037
207000,0.010,0.952,0.038
207500,0.010,0.977,0.013
208000,0.010,0.949,0.041
208500,0.010,0.948,0.042
209000,0.010,0.957,0.033
209500,0.010,0.947,0.043
210000,0.010,0.964,0.026
210500,0.010,0.955,0.035
211000,0.010,0.945,0.045
211500,0.010,0.957,0.033
212000,0.010,0.961,0.029
212500,0.010,0.916,0.074
213000,0.010,0.898,0.092
213500,0.010,0.947,0.043
214000,0.010,0.968,0.022
214500,0.010,0.954,0.036
215000,0.010,0.963,0.027
215500,0.010,0.971,0.019
216000,0.010,0.967,0.023
216500,0.010,0.964,0.026
217000,0.010,0.975,0.015
217500,0.010,0.948,0.042
218000,0.010,0.972,0.018
218500,0.010,0.970,0.020
219000,0.010,0.969,0.021
219500,0.010,0.974,0.016
220000,0.010,0.973,0.017
220500,0.010,0.953,0.037
221000,0.010,0.976,0.014
221500,0.010,0.947,0.043
222000,0.010,0.963,0.027
222500,0.010,0.962,0.028
223000,0.010,0.971,0.019
223500,0.010,0.968,0.022
224000,0.010,0.966,0.024
224500,0.010,0.963,0.027
225000,0.010,0.972,0.018
225500,0.010,0.985,0.005
226000,0.010,0.966,0.024
226500,0.010,0.960,0.030
227000,0.010,0.978,0.012
227500,0.010,0.966,0.024
228000,0.010,0.969,0.021
228500,0.010,0.957,0.033
229000,0.010,0.938,0.052
229500,0.010,0.972,0.018
230000,0.010,0.967,0.023
230500,0.010,0.967,0.023
231000,0.010,0.969,0.021
231500,0.010,0.950,0.040
232000,0.010,0.957,0.033
232500,0.010,0.957,0.033
233000,0.010,0.971,0.019
233500,0.010,0.967,0.023
234000,0.010,0.954,0.036
234500,0.010,0.944,0.046
235000,0.010,0.963,0.027
235500,0.010,0.977,0.013
236000,0.010,0.970,0.020
236500,0.010,0.942,0.048
237000,0.010,0.957,0.033
237500,0.010,0.955,0.035
238000,0.010,0.972,0.018
238500,0.010,0.977,0.013
239000,0.010,0.968,0.022
239500,0.010,0.970,0.020
240000,0.010,0.972,0.018
240500,0.010,0.969,0.021
241000,0.010,0.960,0.030
241500,0.010,0.966,0.024
242000,0.010,0.967,0.023
242500,0.010,0.967,0.023
243000,0.010,0.974,0.016
243500,0.010,0.963,0.027
244000,0.010,0.966,0.024
244500,0.010,0.984,0.006
245000,0.010,0.970,0.020
245500,0.010,0.961,0.029
246000,0.010,0.970,0.020
246500,0.010,0.954,0.036
247000,0.010,0.953,0.037
247500,0.010,0.979,0.011
248000,0.010,0.957,0.033
248500,0.010,0.967,0.023
249000,0.010,0.977,0.013
249500,0.010,0.965,0.025
250000,0.010,0.971,0.019
250500,0.010,0.987,0.003
251000,0.010,0.990,0.000
251500,0.010,0.972,0.018
252000,0.010,0.962,0.028
252500,0.010,0.928,0.062
253000,0.010,0.970,0.020
253500,0.010,0.963,0.027
254000,0.010,0.930,0.059
254500,0.010,0.935,0.055
255000,0.010,0.970,0.020
255500,0.010,0.973,0.017
256000,0.010,0.958,0.032
256500,0.010,0.964,0.026
257000,0.010,0.967,0.023
257500,0.010,0.969,0.021
258000,0.010,0.971,0.019
258500,0.010,0.950,0.040
259000,0.010,0.959,0.031
259500,0.010,0.962,0.028
260000,0.010,0.981,0.009
260500,0.010,0.980,0.010
261000,0.010,0.977,0.013
261500,0.010,0.973,0.017
262000,0.010,0.962,0.028
262500,0.010,0.977,0.013
263000,0.010,0.972,0.018
263500,0.010,0.979,0.011
264000,0.010,0.973,0.017
264500,0.010,0.967,0.023
265000,0.010,0.972,0.018
265500,0.010,0.965,0.025
266000,0.010,0.972,0.018
266500,0.010,0.945,0.045
267000,0.010,0.954,0.036
267500,0.010,0.949,0.041
268000,0.010,0.979,0.011
268500,0.010,0.978,0.012
269000,0.010,0.960,0.030
269500,0.010,0.971,0.019
270000,0.010,0.968,0.022
270500,0.010,0.983,0.007
271000,0.010,0.986,0.004
271500,0.010,0.976,0.014
272000,0.010,0.969,0.021
272500,0.010,0.976,0.014
273000,0.010,0.973,0.017
273500,0.010,0.973,0.017
274000,0.010,0.952,0.038
274500,0.010,0.962,0.028
275000,0.010,0.982,0.008
275500,0.010,0.971,0.019
276000,0.010,0.977,0.013
276500,0.010,0.970,0.020
277000,0.010,0.949,0.041
277500,0.010,0.949,0.041
278000,0.010,0.939,0.051
278500,0.010,0.961,0.029
279000,0.010,0.954,0.036
279500,0.010,0.960,0.030
280000,0.010,0.958,0.032
280500,0.010,0.950,0.040
281000,0.010,0.935,0.054
281500,0.010,0.946,0.044
282000,0.010,0.956,0.034
282500,0.010,0.949,0.041
283000,0.010,0.951,0.039
283500,0.010,0.936,0.053
284000,0.010,0.947,0.043
284500,0.010,0.956,0.034
285000,0.010,0.945,0.045
285500,0.010,0.939,0.051
286000,0.010,0.933,0.056
286500,0.010,0.935,0.055
287000,0.010,0.915,0.075
287500,0.010,0.961,0.029
288000,0.010,0.967,0.023
288500,0.010,0.983,0.007
289000,0.010,0.966,0.024
289500,0.010,0.976,0.014
290000,0.010,0.979,0.011
290500,0.010,0.977,0.013
291000,0.010,0.971,0.019
291500,0.010,0.979,0.011
292000,0.010,0.947,0.043
292500,0.010,0.952,0.038
293000,0.010,0.972,0.018
293500,0.010,0.962,0.028
294000,0.010,0.969,0.021
294500,0.010,0.972,0.018
295000,0.010,0.963,0.027
295500,0.010,0.962,0.028
296000,0.010,0.976,0.014
296500,0.010,0.958,0.032
297000,0.010,0.971,0.019
297500,0.010,0.976,0.014
298000,0.010,0.977,0.013
298500,0.010,0.977,0.013
299000,0.010,0.982,0.008
299500,0.010,0.961,0.029
300000,0.010,0.977,0.013
300500,0.010,0.979,0.011
301000,0.010,0.951,0.039
301500,0.010,0.975,0.015
302000,0.010,0.979,0.011
302500,0.010,0.963,0.027
303000,0.010,0.954,0.036
303500,0.010,0.974,0.016
304000,0.010,0.950,0.040
304500,0.010,0.973,0.017
305000,0.010,0.958,0.032
305500,0.010,0.946,0.044
306000,0.010,0.971,0.019
306500,0.010,0.970,0.020
307000,0.010,0.952,0.038
307500,0.010,0.964,0.026
308000,0.010,0.966,0.024
308500,0.010,0.963,0.027
309000,0.010,0.943,0.047
309500,0.010,0.969,0.021
310000,0.010,0.978,0.012
310500,0.010,0.986,0.004
311000,0.010,0.969,0.021
311500,0.010,0.952,0.038
312000,0.010,0.967,0.023
312500,0.010,0.983,0.007
313000,0.010,0.961,0.029
313500,0.010,0.963,0.027
314000,0.010,0.925,0.065
314500,0.010,0.963,0.027
315000,0.010,0.957,0.033
315500,0.010,0.925,0.065
316000,0.010,0.934,0.055
316500,0.010,0.939,0.051
317000,0.010,0.953,0.037
317500,0.010,0.954,0.036
318000,0.010,0.965,0.025
318500,0.010,0.963,0.027
319000,0.010,0.936,0.053
319500,0.010,0.953,0.037
320000,0.010,0.965,0.025
320500,0.010,0.959,0.031
321000,0.010,0.969,0.021
321500,0.010,0.966,0.024
322000,0.010,0.938,0.052
322500,0.010,0.964,0.026
323000,0.010,0.963,0.027
323500,0.010,0.943,0.047
324000,0.010,0.971,0.019
324500,0.010,0.974,0.016
325000,0.010,0.978,0.012
325500,0.010,0.978,0.012
326000,0.010,0.983,0.007
326500,0.010,0.971,0.019
327000,0.010,0.970,0.020
327500,0.010,0.959,0.031
328000,0.010,0.960,0.030
328500,0.010,0.963,0.027
329000,0.010,0.959,0.031
329500,0.010,0.961,0.029
330000,0.010,0.963,0.027
330500,0.010,0.941,0.049
331000,0.010,0.944,0.046
331500,0.010,0.958,0.032
332000,0.010,0.947,0.043
332500,0.010,0.969,0.021
333000,0.010,0.950,0.040
333500,0.010,0.971,0.019
334000,0.010,0.980,0.010
334500,0.010,0.972,0.018
335000,0.010,0.965,0.025
335500,0.010,0.953,0.037
336000,0.010,0.967,0.023
336500,0.010,0.970,0.020
337000,0.010,0.943,0.047
337500,0.010,0.960,0.030
338000,0.010,0.974,0.016
338500,0.010,0.968,0.022
339000,0.010,0.964,0.026
339500,0.010,0.977,0.013
340000,0.010,0.963,0.027
340500,0.010,0.953,0.037
341000,0.010,0.970,0.020
341500,0.010,0.967,0.023
342000,0.010,0.967,0.023
342500,0.010,0.949,0.041
343000,0.010,0.945,0.045
343500,0.010,0.952,0.038
344000,0.010,0.951,0.039
344500,0.010,0.947,0.043
345000,0.010,0.941,0.049
345500,0.010,0.971,0.019
346000,0.010,0.943,0.047
346500,0.010,0.933,0.057
347000,0.010,0.963,0.027
347500,0.010,0.975,0.015
348000,0.010,0.930,0.059
348500,0.010,0.955,0.035
349000,0.010,0.965,0.025
349500,0.010,0.953,0.037
350000,0.010,0.943,0.047
350500,0.010,0.927,0.062
351000,0.010,0.946,0.044
351500,0.010,0.955,0.035
352000,0.010,0.943,0.047
352500,0.010,0.958,0.032
353000,0.010,0.953,0.037
353500,0.010,0.930,0.059
354000,0.010,0.958,0.032
354500,0.010,0.943,0.047
355000,0.010,0.937,0.053
355500,0.010,0.940,0.050
356000,0.010,0.938,0.052
356500,0.010,0.960,0.030
357000,0.010,0.965,0.025
357500,0.010,0.952,0.038
358000,0.010,0.958,0.032
358500,0.010,0.947,0.043
359000,0.010,0.949,0.041
359500,0.010,0.969,0.021
360000,0.010,0.974,0.016
360500,0.010,0.976,0.014
361000,0.010,0.947,0.043
361500,0.010,0.940,0.050
362000,0.010,0.956,0.034
362500,0.010,0.979,0.011
363000,0.010,0.938,0.052
363500,0.010,0.957,0.033
364000,0.010,0.970,0.020
364500,0.010,0.956,0.034
365000,0.010,0.955,0.035
365500,0.010,0.955,0.035
366000,0.010,0.962,0.028
366500,0.010,0.942,0.048
367000,0.010,0.970,0.020
367500,0.010,0.969,0.021
368000,0.010,0.957,0.033
368500,0.010,0.968,0.022
369000,0.010,0.963,0.027
369500,0.010,0.934,0.055
370000,0.010,0.930,0.060
370500,0.010,0.913,0.077
371000,0.010,0.950,0.040
371500,0.010,0.953,0.037
372000,0.010,0.955,0.035
372500,0.010,0.968,0.022
373000,0.010,0.961,0.029
373500,0.010,0.965,0.025
374000,0.010,0.961,0.029
374500,0.010,0.978,0.012
375000,0.010,0.956,0.034
375500,0.010,0.972,0.018
376000,0.010,0.966,0.024
376500,0.010,0.955,0.035
377000,0.010,0.956,0.034
377500,0.010,0.968,0.022
378000,0.010,0.939,0.051
378500,0.010,0.964,0.026
379000,0.010,0.946,0.044
379500,0.010,0.979,0.011
380000,0.010,0.968,0.022
380500,0.010,0.978,0.012
381000,0.010,0.975,0.015
381500,0.010,0.955,0.035
382000,0.010,0.937,0.053
382500,0.010,0.938,0.052
383000,0.010,0.948,0.042
383500,0.010,0.963,0.027
384000,0.010,0.964,0.026
384500,0.010,0.969,0.021
385000,0.010,0.958,0.032
385500,0.010,0.958,0.032
386000,0.010,0.948,0.042
386500,0.010,0.955,0.035
387000,0.010,0.973,0.017
387500,0.010,0.972,0.018
388000,0.010,0.972,0.018
388500,0.010,0.970,0.020
389000,0.010,0.982,0.008
389500,0.010,0.966,0.024
390000,0.010,0.978,0.012
390500,0.010,0.949,0.041
391000,0.010,0.966,0.024
391500,0.010,0.975,0.015
392000,0.010,0.970,0.020
392500,0.010,0.984,0.006
393000,0.010,0.975,0.015
393500,0.010,0.981,0.009
394000,0.010,0.961,0.029
394500,0.010,0.966,0.024
395000,0.010,0.925,0.065
395500,0.010,0.941,0.049
396000,0.010,0.960,0.030
396500,0.010,0.957,0.033
397000,0.010,0.930,0.059
397500,0.010,0.953,0.037
398000,0.010,0.953,0.037
398500,0.010,0.948,0.042
399000,0.010,0.965,0.025
399500,0.010,0.976,0.014
400000,0.010,0.979,0.011
400500,0.010,0.973,0.017
401000,0.010,0.972,0.018
401500,0.010,0.966,0.024
402000,0.010,0.936,0.054
402500,0.010,0.957,0.033
403000,0.010,0.962,0.028
403500,0.010,0.947,0.043
404000,0.010,0.945,0.045
404500,0.010,0.941,0.049
405000,0.010,0.956,0.034
405500,0.010,0.949,0.041
406000,0.010,0.946,0.044
406500,0.010,0.965,0.025
407000,0.010,0.950,0.040
407500,0.010,0.909,0.081
408000,0.010,0.963,0.027
408500,0.010,0.948,0.042
409000,0.010,0.972,0.018
409500,0.010,0.944,0.046
410000,0.010,0.895,0.095
410500,0.010,0.939,0.051
411000,0.010,0.938,0.052
411500,0.010,0.955,0.035
412000,0.010,0.981,0.009
412500,0.010,0.927,0.063
413000,0.010,0.902,0.088
413500,0.010,0.962,0.028
414000,0.010,0.957,0.033
414500,0.010,0.984,0.006
415000,0.010,0.981,0.009
415500,0.010,0.984,0.006
416000,0.010,0.979,0.011
416500,0.010,0.959,0.031
417000,0.010,0.982,0.008
417500,0.010,0.976,0.014
418000,0.010,0.978,0.012
418500,0.010,0.959,0.031
419000,0.010,0.977,0.013
419500,0.010,0.983,0.007
420000,0.010,0.966,0.024
420500,0.010,0.969,0.021
421000,0.010,0.967,0.023
421500,0.010,0.964,0.026
422000,0.010,0.950,0.040
422500,0.010,0.971,0.019
423000,0.010,0.959,0.031
423500,0.010,0.954,0.036
424000,0.010,0.923,0.067
424500,0.010,0.955,0.035
425000,0.010,0.969,0.021
425500,0.010,0.940,0.050
426000,0.010,0.976,0.014
426500,0.010,0.969,0.021
427000,0.010,0.975,0.015
427500,0.010,0.975,0.015
428000,0.010,0.973,0.017
428500,0.010,0.948,0.042
429000,0.010,0.966,0.024
429500,0.010,0.964,0.026
430000,0.010,0.956,0.034
430500,0.010,0.945,0.045
431000,0.010,0.963,0.027
431500,0.010,0.965,0.025
432000,0.010,0.963,0.027
432500,0.010,0.975,0.015
433000,0.010,0.959,0.031
433500,0.010,0.970,0.020
434000,0.010,0.982,0.008
434500,0.010,0.940,0.050
435000,0.010,0.971,0.019
435500,0.010,0.973,0.017
436000,0.010,0.946,0.044
436500,0.010,0.963,0.027
437000,0.010,0.958,0.032
437500,0.010,0.958,0.032
438000,0.010,0.972,0.018
438500,0.010,0.968,0.022
439000,0.010,0.961,0.029
439500,0.010,0.954,0.036
440000,0.010,0.972,0.018
440500,0.010,0.967,0.023
441000,0.010,0.986,0.004
441500,0.010,0.952,0.038
442000,0.010,0.957,0.033
442500,0.010,0.974,0.016
443000,0.010,0.966,0.024
443500,0.010,0.969,0.021
444000,0.010,0.957,0.033
444500,0.010,0.974,0.016
445000,0.010,0.983,0.007
445500,0.010,0.970,0.020
446000,0.010,0.975,0.015
446500,0.010,0.967,0.023
447000,0.010,0.975,0.015
447500,0.010,0.965,0.025
448000,0.010,0.959,0.031
448500,0.010,0.965,0.025
449000,0.010,0.946,0.044
449500,0.010,0.963,0.027
450000,0.010,0.959,0.031
450500,0.010,0.975,0.015
451000,0.010,0.942,0.048
451500,0.010,0.948,0.042
452000,0.010,0.946,0.044
452500,0.010,0.961,0.029
453000,0.010,0.963,0.027
453500,0.010,0.968,0.022
454000,0.010,0.961,0.029
454500,0.010,0.972,0.018
455000,0.010,0.969,0.021
455500,0.010,0.963,0.027
456000,0.010,0.966,0.024
456500,0.010,0.962,0.028
457000,0.010,0.927,0.062
457500,0.010,0.966,0.024
458000,0.010,0.958,0.032
458500,0.010,0.964,0.026
459000,0.010,0.962,0.028
459500,0.010,0.934,0.055
460000,0.010,0.952,0.038
460500,0.010,0.943,0.047
461000,0.010,0.975,0.015
461500,0.010,0.985,0.005
462000,0.010,0.970,0.020
462500,0.010,0.957,0.033
463000,0.010,0.973,0.017
463500,0.010,0.975,0.015
464000,0.010,0.971,0.019
464500,0.010,0.968,0.022
465000,0.010,0.959,0.031
465500,0.010,0.950,0.040
466000,0.010,0.963,0.027
466500,0.010,0.972,0.018
467000,0.010,0.969,0.021
467500,0.010,0.943,0.047
468000,0.010,0.960,0.030
468500,0.010,0.965,0.025
469000,0.010,0.976,0.014
469500,0.010,0.966,0.024
470000,0.010,0.951,0.039
470500,0.010,0.943,0.047
471000,0.010,0.980,0.010
471500,0.010,0.975,0.015
472000,0.010,0.972,0.018
472500,0.010,0.975,0.015
473000,0.010,0.977,0.013
473500,0.010,0.985,0.005
474000,0.010,0.989,0.001
474500,0.010,0.965,0.025
475000,0.010,0.975,0.015
475500,0.010,0.982,0.008
476000,0.010,0.942,0.048
476500,0.010,0.968,0.022
477000,0.010,0.980,0.010
477500,0.010,0.969,0.021
478000,0.010,0.968,0.022
478500,0.010,0.972,0.018
479000,0.010,0.962,0.028
479500,0.010,0.963,0.027
480000,0.010,0.954,0.036
480500,0.010,0.959,0.031
481000,0.010,0.965,0.025
481500,0.010,0.919,0.071
482000,0.010,0.931,0.058
482500,0.010,0.958,0.032
483000,0.010,0.971,0.019
483500,0.010,0.966,0.024
484000,0.010,0.970,0.020
484500,0.010,0.947,0.043
485000,0.010,0.953,0.037
485500,0.010,0.960,0.030
486000,0.010,0.974,0.016
486500,0.010,0.975,0.015
487000,0.010,0.976,0.014
487500,0.010,0.982,0.008
488000,0.010,0.944,0.046
488500,0.010,0.967,0.023
489000,0.010,0.948,0.042
489500,0.010,0.932,0.058
490000,0.010,0.975,0.015
490500,0.010,0.971,0.019
491000,0.010,0.971,0.019
491500,0.010,0.972,0.018
492000,0.010,0.944,0.046
492500,0.010,0.961,0.029
493000,0.010,0.971,0.019
493500,0.010,0.968,0.022
494000,0.010,0.956,0.034
494500,0.010,0.957,0.033
495000,0.010,0.938,0.052
495500,0.010,0.957,0.033
496000,0.010,0.952,0.038
496500,0.010,0.950,0.040
497000,0.010,0.972,0.018
497500,0.010,0.959,0.031
498000,0.010,0.975,0.015
498500,0.010,0.960,0.030
499000,0.010,0.921,0.069
499500,0.010,0.933,0.057
500000,0.010,0.960,0.030
500500,0.010,0.942,0.048
501000,0.010,0.949,0.041
501500,0.010,0.961,0.029
502000,0.010,0.935,0.055
502500,0.010,0.927,0.063
503000,0.010,0.968,0.022
503500,0.010,0.969,0.021
504000,0.010,0.964,0.026
504500,0.010,0.952,0.038
505000,0.010,0.959,0.031
505500,0.010,0.960,0.030
506000,0.010,0.959,0.031
506500,0.010,0.965,0.025
507000,0.010,0.955,0.035
507500,0.010,0.974,0.016
508000,0.010,0.982,0.008
508500,0.010,0.977,0.013
509000,0.010,0.971,0.019
509500,0.010,0.970,0.020
510000,0.010,0.925,0.065
510500,0.010,0.937,0.053
511000,0.010,0.953,0.037
511500,0.010,0.941,0.049
512000,0.010,0.958,0.032
512500,0.010,0.957,0.033
513000,0.010,0.965,0.025
513500,0.010,0.955,0.035
514000,0.010,0.931,0.058
514500,0.010,0.915,0.075
515000,0.010,0.960,0.030
515500,0.010,0.951,0.039
516000,0.010,0.972,0.018
516500,0.010,0.959,0.031
517000,0.010,0.971,0.019
517500,0.010,0.949,0.041
518000,0.010,0.957,0.033
518500,0.010,0.976,0.014
519000,0.010,0.966,0.024
519500,0.010,0.952,0.038
520000,0.010,0.961,0.029
520500,0.010,0.953,0.037
521000,0.010,0.968,0.022
521500,0.010,0.977,0.013
522000,0.010,0.939,0.051
522500,0.010,0.950,0.040
523000,0.010,0.960,0.030
523500,0.010,0.951,0.039
524000,0.010,0.945,0.045
524500,0.010,0.934,0.056
525000,0.010,0.965,0.025
525500,0.010,0.974,0.016
526000,0.010,0.969,0.021
526500,0.010,0.979,0.011
527000,0.010,0.969,0.021
527500,0.010,0.921,0.069
528000,0.010,0.946,0.044
528500,0.010,0.953,0.037
529000,0.010,0.961,0.029
529500,0.010,0.952,0.038
530000,0.010,0.969,0.021
530500,0.010,0.981,0.009
531000,0.010,0.981,0.009
531500,0.010,0.974,0.016
532000,0.010,0.938,0.052
532500,0.010,0.941,0.049
533000,0.010,0.982,0.008
533500,0.010,0.928,0.061
534000,0.010,0.961,0.029
534500,0.010,0.975,0.015
535000,0.010,0.961,0.029
535500,0.010,0.962,0.028
536000,0.010,0.980,0.010
536500,0.010,0.960,0.030
537000,0.010,0.962,0.028
537500,0.010,0.964,0.026
538000,0.010,0.960,0.030
538500,0.010,0.947,0.043
539000,0.010,0.966,0.024
539500,0.010,0.958,0.032
540000,0.010,0.955,0.035
540500,0.010,0.953,0.037
541000,0.010,0.963,0.027
541500,0.010,0.964,0.026
542000,0.010,0.962,0.028
542500,0.010,0.963,0.027
543000,0.010,0.978,0.012
543500,0.010,0.965,0.025
544000,0.010,0.969,0.021
544500,0.010,0.952,0.038
545000,0.010,0.972,0.018
545500,0.010,0.938,0.052
546000,0.010,0.950,0.040
546500,0.010,0.961,0.029
547000,0.010,0.966,0.024
547500,0.010,0.961,0.029
548000,0.010,0.963,0.027
548500,0.010,0.936,0.054
549000,0.010,0.945,0.045
549500,0.010,0.964,0.026
550000,0.010,0.967,0.023
550500,0.010,0.967,0.023
551000,0.010,0.923,0.067
551500,0.010,0.945,0.045
552000,0.010,0.980,0.010
552500,0.010,0.952,0.038
553000,0.010,0.948,0.042
553500,0.010,0.914,0.076
554000,0.010,0.932,0.058
554500,0.010,0.972,0.018
555000,0.010,0.975,0.015
555500,0.010,0.977,0.013
556000,0.010,0.977,0.013
556500,0.010,0.959,0.031
557000,0.010,0.942,0.048
557500,0.010,0.966,0.024
558000,0.010,0.972,0.018
558500,0.010,0.940,0.050
559000,0.010,0.961,0.029
559500,0.010,0.972,0.018
560000,0.010,0.973,0.017
560500,0.010,0.978,0.012
561000,0.010,0.975,0.015
561500,0.010,0.982,0.008
562000,0.010,0.984,0.006
562500,0.010,0.975,0.015
563000,0.010,0.956,0.034
563500,0.010,0.946,0.044
564000,0.010,0.965,0.025
564500,0.010,0.969,0.021
565000,0.010,0.967,0.023
565500,0.010,0.940,0.050
566000,0.010,0.955,0.035
566500,0.010,0.963,0.027
567000,0.010,0.979,0.011
567500,0.010,0.960,0.030
568000,0.010,0.970,0.020
568500,0.010,0.956,0.034
569000,0.010,0.974,0.016
569500,0.010,0.973,0.017
570000,0.010,0.956,0.034
570500,0.010,0.965,0.025
571000,0.010,0.949,0.041
571500,0.010,0.973,0.017
572000,0.010,0.982,0.008
572500,0.010,0.952,0.038
573000,0.010,0.973,0.017
573500,0.010,0.960,0.030
574000,0.010,0.960,0.030
574500,0.010,0.967,0.023
575000,0.010,0.957,0.033
575500,0.010,0.951,0.039
576000,0.010,0.973,0.017
576500,0.010,0.964,0.026
577000,0.010,0.974,0.016
577500,0.010,0.973,0.017
578000,0.010,0.966,0.024
578500,0.010,0.967,0.023
579000,0.010,0.968,0.022
579500,0.010,0.965,0.025
580000,0.010,0.972,0.018
580500,0.010,0.984,0.006
581000,0.010,0.977,0.013
581500,0.010,0.975,0.015
582000,0.010,0.974,0.016
582500,0.010,0.974,0.016
583000,0.010,0.965,0.025
583500,0.010,0.964,0.026
584000,0.010,0.967,0.023
584500,0.010,0.970,0.020
585000,0.010,0.958,0.032
585500,0.010,0.952,0.038
586000,0.010,0.963,0.027
586500,0.010,0.971,0.019
587000,0.010,0.945,0.045
587500,0.010,0.973,0.017
588000,0.010,0.968,0.022
588500,0.010,0.957,0.033
589000,0.010,0.958,0.032
589500,0.010,0.947,0.043
590000,0.010,0.958,0.032
590500,0.010,0.974,0.016
591000,0.010,0.959,0.031
591500,0.010,0.965,0.025
592000,0.010,0.931,0.058
592500,0.010,0.978,0.012
593000,0.010,0.952,0.038
593500,0.010,0.975,0.015
594000,0.010,0.960,0.030
594500,0.010,0.937,0.053
595000,0.010,0.953,0.037
595500,0.010,0.973,0.017
596000,0.010,0.981,0.009
596500,0.010,0.981,0.009
597000,0.010,0.948,0.042
597500,0.010,0.963,0.027
598000,0.010,0.978,0.012
598500,0.010,0.968,0.022
599000,0.010,0.976,0.014
599500,0.010,0.965,0.025
600000,0.010,0.984,0.006
600500,0.010,0.963,0.027
601000,0.010,0.964,0.026
601500,0.010,0.965,0.025
602000,0.010,0.982,0.008
602500,0.010,0.976,0.014
603000,0.010,0.951,0.039
603500,0.010,0.966,0.024
604000,0.010,0.970,0.020
604500,0.010,0.962,0.028
605000,0.010,0.957,0.033
605500,0.010,0.978,0.012
606000,0.010,0.979,0.011
606500,0.010,0.981,0.009
607000,0.010,0.972,0.018
607500,0.010,0.955,0.035
608000,0.010,0.981,0.009
608500,0.010,0.978,0.012
609000,0.010,0.970,0.020
609500,0.010,0.967,0.023
610000,0.010,0.972,0.018
610500,0.010,0.972,0.018
611000,0.010,0.957,0.033
611500,0.010,0.981,0.009
612000,0.010,0.966,0.024
612500,0.010,0.953,0.037
613000,0.010,0.956,0.034
613500,0.010,0.982,0.008
614000,0.010,0.975,0.015
614500,0.010,0.975,0.015
615000,0.010,0.980,0.010
615500,0.010,0.959,0.031
616000,0.010,0.954,0.036
616500,0.010,0.950,0.040
617000,0.010,0.942,0.048
617500,0.010,0.964,0.026
618000,0.010,0.964,0.026
618500,0.010,0.970,0.020
619000,0.010,0.958,0.032
619500,0.010,0.960,0.030
620000,0.010,0.963,0.027
620500,0.010,0.963,0.027
621000,0.010,0.969,0.021
621500,0.010,0.958,0.032
622000,0.010,0.979,0.011
622500,0.010,0.978,0.012
623000,0.010,0.968,0.022
623500,0.010,0.970,0.020
624000,0.010,0.972,0.018
624500,0.010,0.954,0.036
625000,0.010,0.953,0.037
625500,0.010,0.955,0.035
626000,0.010,0.962,0.028
626500,0.010,0.984,0.006
627000,0.010,0.979,0.011
627500,0.010,0.976,0.014
628000,0.010,0.940,0.050
628500,0.010,0.940,0.050
629000,0.010,0.955,0.035
629500,0.010,0.952,0.038
630000,0.010,0.925,0.065
630500,0.010,0.941,0.049
631000,0.010,0.914,0.076
631500,0.010,0.932,0.058
632000,0.010,0.966,0.024
632500,0.010,0.960,0.030
633000,0.010,0.975,0.015
633500,0.010,0.946,0.044
634000,0.010,0.969,0.021
634500,0.010,0.966,0.024
635000,0.010,0.970,0.020
635500,0.010,0.957,0.033
636000,0.010,0.954,0.036
636500,0.010,0.972,0.018
637000,0.010,0.955,0.035
637500,0.010,0.962,0.028
638000,0.010,0.970,0.020
638500,0.010,0.954,0.036
639000,0.010,0.972,0.018
639500,0.010,0.968,0.022
640000,0.010,0.955,0.035
640500,0.010,0.964,0.026
641000,0.010,0.965,0.025
641500,0.010,0.971,0.019
642000,0.010,0.948,0.042
642500,0.010,0.949,0.041
643000,0.010,0.972,0.018
643500,0.010,0.983,0.007
644000,0.010,0.969,0.021
644500,0.010,0.966,0.024
645000,0.010,0.949,0.041
645500,0.010,0.960,0.030
646000,0.010,0.958,0.032
646500,0.010,0.970,0.020
647000,0.010,0.942,0.048
647500,0.010,0.967,0.023
648000,0.010,0.961,0.029
648500,0.010,0.966,0.024
649000,0.010,0.957,0.033
649500,0.010,0.974,0.016
650000,0.010,0.962,0.028
650500,0.010,0.944,0.046
651000,0.010,0.958,0.032
651500,0.010,0.953,0.037
652000,0.010,0.963,0.027
652500,0.010,0.959,0.031
653000,0.010,0.965,0.025
653500,0.010,0.979,0.011
654000,0.010,0.957,0.033
654500,0.010,0.956,0.034
655000,0.010,0.961,0.029
655500,0.010,0.935,0.054
656000,0.010,0.935,0.055
656500,0.010,0.954,0.036
657000,0.010,0.938,0.052
657500,0.010,0.975,0.015
658000,0.010,0.972,0.018
658500,0.010,0.955,0.035
659000,0.010,0.957,0.033
659500,0.010,0.970,0.020
660000,0.010,0.972,0.018
660500,0.010,0.985,0.005
661000,0.010,0.954,0.036
661500,0.010,0.962,0.028
662000,0.010,0.966,0.024
662500,0.010,0.940,0.050
663000,0.010,0.926,0.064
663500,0.010,0.969,0.021
664000,0.010,0.965,0.025
664500,0.010,0.959,0.031
665000,0.010,0.965,0.025
665500,0.010,0.952,0.038
666000,0.010,0.964,0.026
666500,0.010,0.978,0.012
667000,0.010,0.962,0.028
667500,0.010,0.966,0.024
668000,0.010,0.955,0.035
668500,0.010,0.982,0.008
669000,0.010,0.966,0.024
669500,0.010,0.974,0.016
670000,0.010,0.982,0.008
670500,0.010,0.972,0.018
671000,0.010,0.960,0.030
671500,0.010,0.963,0.027
672000,0.010,0.906,0.084
672500,0.010,0.930,0.059
673000,0.010,0.971,0.019
673500,0.010,0.964,0.026
674000,0.010,0.949,0.041
674500,0.010,0.960,0.030
675000,0.010,0.966,0.024
675500,0.010,0.954,0.036
676000,0.010,0.969,0.021
676500,0.010,0.957,0.033
677000,0.010,0.968,0.022
677500,0.010,0.952,0.038
678000,0.010,0.969,0.021
678500,0.010,0.962,0.028
679000,0.010,0.981,0.009
679500,0.010,0.971,0.019
680000,0.010,0.948,0.042
680500,0.010,0.960,0.030
681000,0.010,0.979,0.011
681500,0.010,0.976,0.014
682000,0.010,0.966,0.024
682500,0.010,0.968,0.022
683000,0.010,0.941,0.049
683500,0.010,0.957,0.033
684000,0.010,0.964,0.026
684500,0.010,0.957,0.033
685000,0.010,0.971,0.019
685500,0.010,0.975,0.015
686000,0.010,0.975,0.015
686500,0.010,0.967,0.023
687000,0.010,0.979,0.011
687500,0.010,0.958,0.032
688000,0.010,0.943,0.047
688500,0.010,0.963,0.027
689000,0.010,0.980,0.010
689500,0.010,0.945,0.045
690000,0.010,0.963,0.027
690500,0.010,0.960,0.030
691000,0.010,0.974,0.016
691500,0.010,0.971,0.019
692000,0.010,0.986,0.004
692500,0.010,0.979,0.011
693000,0.010,0.971,0.019
693500,0.010,0.979,0.011
694000,0.010,0.954,0.036
694500,0.010,0.933,0.056
695000,0.010,0.938,0.052
695500,0.010,0.958,0.032
696000,0.010,0.943,0.047
696500,0.010,0.937,0.053
697000,0.010,0.962,0.028
697500,0.010,0.959,0.031
698000,0.010,0.953,0.037
698500,0.010,0.953,0.037
699000,0.010,0.945,0.045
699500,0.010,0.957,0.033
700000,0.010,0.956,0.034
700500,0.010,0.943,0.047
701000,0.010,0.956,0.034
701500,0.010,0.949,0.041
702000,0.010,0.947,0.043
702500,0.010,0.965,0.025
703000,0.010,0.971,0.019
703500,0.010,0.972,0.018
704000,0.010,0.945,0.045
704500,0.010,0.950,0.040
705000,0.010,0.958,0.032
705500,0.010,0.943,0.047
706000,0.010,0.954,0.036
706500,0.010,0.965,0.025
707000,0.010,0.971,0.019
707500,0.010,0.946,0.044
708000,0.010,0.943,0.047
708500,0.010,0.939,0.051
709000,0.010,0.940,0.050
709500,0.010,0.965,0.025
710000,0.010,0.961,0.029
710500,0.010,0.981,0.009
711000,0.010,0.966,0.024
711500,0.010,0.973,0.017
712000,0.010,0.946,0.044
712500,0.010,0.956,0.034
713000,0.010,0.953,0.037
713500,0.010,0.967,0.023
714000,0.010,0.963,0.027
714500,0.010,0.926,0.064
715000,0.010,0.944,0.046
715500,0.010,0.970,0.020
716000,0.010,0.961,0.029
716500,0.010,0.975,0.015
717000,0.010,0.970,0.020
717500,0.010,0.968,0.022
718000,0.010,0.946,0.044
718500,0.010,0.960,0.030
719000,0.010,0.948,0.042
719500,0.010,0.973,0.017
720000,0.010,0.943,0.047
720500,0.010,0.965,0.025
721000,0.010,0.968,0.022
721500,0.010,0.978,0.012
722000,0.010,0.966,0.024
722500,0.010,0.981,0.009
723000,0.010,0.982,0.008
723500,0.010,0.977,0.013
724000,0.010,0.934,0.056
724500,0.010,0.926,0.064
725000,0.010,0.959,0.031
725500,0.010,0.973,0.017
726000,0.010,0.960,0.030
726500,0.010,0.983,0.007
727000,0.010,0.973,0.017
727500,0.010,0.959,0.031
728000,0.010,0.971,0.019
728500,0.010,0.980,0.010
729000,0.010,0.932,0.057
729500,0.010,0.923,0.067
730000,0.010,0.923,0.067
730500,0.010,0.921,0.069
731000,0.010,0.946,0.044
731500,0.010,0.952,0.038
732000,0.010,0.979,0.011
732500,0.010,0.977,0.013
733000,0.010,0.971,0.019
733500,0.010,0.978,0.012
734000,0.010,0.963,0.027
734500,0.010,0.972,0.018
735000,0.010,0.973,0.017
735500,0.010,0.981,0.009
736000,0.010,0.983,0.007
736500,0.010,0.980,0.010
737000,0.010,0.972,0.018
737500,0.010,0.965,0.025
738000,0.010,0.972,0.018
738500,0.010,0.972,0.018
739000,0.010,0.982,0.008
739500,0.010,0.978,0.012
740000,0.010,0.988,0.002
740500,0.010,0.957,0.033
741000,0.010,0.977,0.013
741500,0.010,0.969,0.021
742000,0.010,0.955,0.035
742500,0.010,0.971,0.019
743000,0.010,0.981,0.009
743500,0.010,0.978,0.012
744000,0.010,0.973,0.017
744500,0.010,0.960,0.030
745000,0.010,0.931,0.059
745500,0.010,0.953,0.037
746000,0.010,0.948,0.042
746500,0.010,0.924,0.066
747000,0.010,0.958,0.032
747500,0.010,0.975,0.015
748000,0.010,0.973,0.017
748500,0.010,0.978,0.012
749000,0.010,0.976,0.014
749500,0.010,0.954,0.036
750000,0.010,0.945,0.045
750500,0.010,0.969,0.021
751000,0.010,0.928,0.061
751500,0.010,0.940,0.050
752000,0.010,0.958,0.032
752500,0.010,0.982,0.008
753000,0.010,0.975,0.015
753500,0.010,0.987,0.003
754000,0.010,0.967,0.023
754500,0.010,0.954,0.036
755000,0.010,0.961,0.029
755500,0.010,0.955,0.035
756000,0.010,0.963,0.027
756500,0.010,0.970,0.020
757000,0.010,0.964,0.026
757500,0.010,0.975,0.015
758000,0.010,0.948,0.042
758500,0.010,0.969,0.021
759000,0.010,0.963,0.027
759500,0.010,0.962,0.028
760000,0.010,0.963,0.027
760500,0.010,0.960,0.030
761000,0.010,0.968,0.022
761500,0.010,0.960,0.030
762000,0.010,0.975,0.015
762500,0.010,0.975,0.015
763000,0.010,0.979,0.011
763500,0.010,0.947,0.043
764000,0.010,0.941,0.049
764500,0.010,0.962,0.028
765000,0.010,0.971,0.019
765500,0.010,0.940,0.050
766000,0.010,0.928,0.062
766500,0.010,0.964,0.026
767000,0.010,0.963,0.027
767500,0.010,0.967,0.023
768000,0.010,0.979,0.011
768500,0.010,0.961,0.029
769000,0.010,0.961,0.029
769500,0.010,0.971,0.019
770000,0.010,0.962,0.028
770500,0.010,0.986,0.004
771000,0.010,0.967,0.023
771500,0.010,0.971,0.019
772000,0.010,0.954,0.036
772500,0.010,0.937,0.053
773000,0.010,0.984,0.006
773500,0.010,0.976,0.014
774000,0.010,0.987,0.003
774500,0.010,0.966,0.024
775000,0.010,0.981,0.009
775500,0.010,0.937,0.053
776000,0.010,0.975,0.015
776500,0.010,0.933,0.057
777000,0.010,0.946,0.044
777500,0.010,0.966,0.024
778000,0.010,0.956,0.034
778500,0.010,0.965,0.025
779000,0.010,0.973,0.017
779500,0.010,0.957,0.033
780000,0.010,0.959,0.031
780500,0.010,0.952,0.038
781000,0.010,0.961,0.029
781500,0.010,0.955,0.035
782000,0.010,0.947,0.043
782500,0.010,0.954,0.036
783000,0.010,0.979,0.011
783500,0.010,0.971,0.019
784000,0.010,0.965,0.025
784500,0.010,0.966,0.024
785000,0.010,0.979,0.011
785500,0.010,0.972,0.018
786000,0.010,0.970,0.020
786500,0.010,0.982,0.008
787000,0.010,0.964,0.026
787500,0.010,0.952,0.038
788000,0.010,0.969,0.021
788500,0.010,0.968,0.022
789000,0.010,0.974,0.016
789500,0.010,0.985,0.005
790000,0.010,0.971,0.019
790500,0.010,0.968,0.022
791000,0.010,0.960,0.030
791500,0.010,0.976,0.014
792000,0.010,0.984,0.006
792500,0.010,0.979,0.011
793000,0.010,0.975,0.015
793500,0.010,0.970,0.020
794000,0.010,0.959,0.031
794500,0.010,0.929,0.061
795000,0.010,0.933,0.057
795500,0.010,0.948,0.042
796000,0.010,0.945,0.045
796500,0.010,0.962,0.028
797000,0.010,0.951,0.039
797500,0.010,0.940,0.050
798000,0.010,0.932,0.058
798500,0.010,0.976,0.014
799000,0.010,0.960,0.030
799500,0.010,0.967,0.023
800000,0.010,0.971,0.019
800500,0.010,0.971,0.019
801000,0.010,0.961,0.029
801500,0.010,0.963,0.027
802000,0.010,0.952,0.038
802500,0.010,0.957,0.033
803000,0.010,0.967,0.023
803500,0.010,0.984,0.006
804000,0.010,0.972,0.018
804500,0.010,0.954,0.036
805000,0.010,0.964,0.026
805500,0.010,0.958,0.032
806000,0.010,0.974,0.016
806500,0.010,0.966,0.024
807000,0.010,0.975,0.015
807500,0.010,0.978,0.012
808000,0.010,0.973,0.017
808500,0.010,0.937,0.053
809000,0.010,0.966,0.024
809500,0.010,0.958,0.032
810000,0.010,0.959,0.031
810500,0.010,0.975,0.015
811000,0.010,0.985,0.005
811500,0.010,0.976,0.014
812000,0.010,0.961,0.029
812500,0.010,0.962,0.028
813000,0.010,0.966,0.024
813500,0.010,0.978,0.012
814000,0.010,0.957,0.033
814500,0.010,0.967,0.023
815000,0.010,0.975,0.015
815500,0.010,0.963,0.027
816000,0.010,0.957,0.033
816500,0.010,0.956,0.034
817000,0.010,0.973,0.017
817500,0.010,0.952,0.038
818000,0.010,0.976,0.014
818500,0.010,0.972,0.018
819000,0.010,0.974,0.016
819500,0.010,0.977,0.013
820000,0.010,0.981,0.009
820500,0.010,0.977,0.013
821000,0.010,0.931,0.058
821500,0.010,0.966,0.024
822000,0.010,0.940,0.050
822500,0.010,0.934,0.055
823000,0.010,0.962,0.028
823500,0.010,0.960,0.030
824000,0.010,0.980,0.010
824500,0.010,0.975,0.015
825000,0.010,0.978,0.012
825500,0.010,0.976,0.014
826000,0.010,0.956,0.034
826500,0.010,0.961,0.029
827000,0.010,0.961,0.029
827500,0.010,0.957,0.033
828000,0.010,0.940,0.050
828500,0.010,0.920,0.070
829000,0.010,0.969,0.021
829500,0.010,0.956,0.034
830000,0.010,0.985,0.005
830500,0.010,0.936,0.054
831000,0.010,0.972,0.018
831500,0.010,0.966,0.024
832000,0.010,0.961,0.029
832500,0.010,0.964,0.026
833000,0.010,0.961,0.029
833500,0.010,0.940,0.050
834000,0.010,0.932,0.057
834500,0.010,0.949,0.041
835000,0.010,0.983,0.007
835500,0.010,0.988,0.002
836000,0.010,0.983,0.007
836500,0.010,0.979,0.011
837000,0.010,0.988,0.002
837500,0.010,0.982,0.008
838000,0.010,0.978,0.012
838500,0.010,0.936,0.054
839000,0.010,0.948,0.042
839500,0.010,0.944,0.046
840000,0.010,0.932,0.057
840500,0.010,0.939,0.051
841000,0.010,0.950,0.040
841500,0.010,0.958,0.032
842000,0.010,0.947,0.043
842500,0.010,0.955,0.035
843000,0.010,0.958,0.032
843500,0.010,0.952,0.038
844000,0.010,0.957,0.033
844500,0.010,0.975,0.015
845000,0.010,0.967,0.023
845500,0.010,0.960,0.030
846000,0.010,0.946,0.044
846500,0.010,0.975,0.015
847000,0.010,0.972,0.018
847500,0.010,0.947,0.043
848000,0.010,0.928,0.062
848500,0.010,0.924,0.066
849000,0.010,0.972,0.018
849500,0.010,0.982,0.008
850000,0.010,0.977,0.013
850500,0.010,0.953,0.037
851000,0.010,0.961,0.029
851500,0.010,0.959,0.031
852000,0.010,0.961,0.029
852500,0.010,0.935,0.055
853000,0.010,0.936,0.054
853500,0.010,0.923,0.067
854000,0.010,0.962,0.028
854500,0.010,0.968,0.022
855000,0.010,0.962,0.028
855500,0.010,0.943,0.047
856000,0.010,0.962,0.028
856500,0.010,0.953,0.037
857000,0.010,0.966,0.024
857500,0.010,0.966,0.024
858000,0.010,0.945,0.045
858500,0.010,0.960,0.030
859000,0.010,0.957,0.033
859500,0.010,0.976,0.014
860000,0.010,0.976,0.014
860500,0.010,0.966,0.024
861000,0.010,0.974,0.016
861500,0.010,0.972,0.018
862000,0.010,0.952,0.038
862500,0.010,0.957,0.033
863000,0.010,0.952,0.038
863500,0.010,0.949,0.041
864000,0.010,0.964,0.026
864500,0.010,0.975,0.015
865000,0.010,0.956,0.034
865500,0.010,0.983,0.007
866000,0.010,0.975,0.015
866500,0.010,0.980,0.010
867000,0.010,0.985,0.005
867500,0.010,0.972,0.018
868000,0.010,0.965,0.025
868500,0.010,0.983,0.007
869000,0.010,0.958,0.032
869500,0.010,0.956,0.034
870000,0.010,0.939,0.051
870500,0.010,0.934,0.056
871000,0.010,0.957,0.033
871500,0.010,0.973,0.017
872000,0.010,0.964,0.026
872500,0.010,0.970,0.020
873000,0.010,0.980,0.010
873500,0.010,0.973,0.017
874000,0.010,0.968,0.022
874500,0.010,0.947,0.043
875000,0.010,0.963,0.027
875500,0.010,0.961,0.029
876000,0.010,0.957,0.033
876500,0.010,0.959,0.031
877000,0.010,0.964,0.026
877500,0.010,0.971,0.019
878000,0.010,0.934,0.055
878500,0.010,0.948,0.042
879000,0.010,0.966,0.024
879500,0.010,0.973,0.017
880000,0.010,0.963,0.027
880500,0.010,0.976,0.014
881000,0.010,0.972,0.018
881500,0.010,0.972,0.018
882000,0.010,0.958,0.032
882500,0.010,0.969,0.021
883000,0.010,0.951,0.039
883500,0.010,0.981,0.009
884000,0.010,0.970,0.020
884500,0.010,0.957,0.033
885000,0.010,0.947,0.043
885500,0.010,0.978,0.012
886000,0.010,0.949,0.041
886500,0.010,0.957,0.033
887000,0.010,0.950,0.040
887500,0.010,0.945,0.045
888000,0.010,0.953,0.037
888500,0.010,0.965,0.025
889000,0.010,0.969,0.021
889500,0.010,0.965,0.025
890000,0.010,0.950,0.040
890500,0.010,0.968,0.022
891000,0.010,0.972,0.018
891500,0.010,0.944,0.046
892000,0.010,0.961,0.029
892500,0.010,0.958,0.032
893000,0.010,0.950,0.040
893500,0.010,0.984,0.006
894000,0.010,0.982,0.008
894500,0.010,0.955,0.035
895000,0.010,0.959,0.031
895500,0.010,0.951,0.039
896000,0.010,0.911,0.079
896500,0.010,0.958,0.032
897000,0.010,0.954,0.036
897500,0.010,0.945,0.045
898000,0.010,0.980,0.010
898500,0.010,0.961,0.029
899000,0.010,0.961,0.029
899500,0.010,0.926,0.064
900000,0.010,0.956,0.034
900500,0.010,0.969,0.021
901000,0.010,0.986,0.004
901500,0.010,0.974,0.016
902000,0.010,0.929,0.060
902500,0.010,0.941,0.049
903000,0.010,0.926,0.064
903500,0.010,0.946,0.044
904000,0.010,0.978,0.012
904500,0.010,0.955,0.035
905000,0.010,0.948,0.042
905500,0.010,0.966,0.024
906000,0.010,0.947,0.043
906500,0.010,0.954,0.036
907000,0.010,0.970,0.020
907500,0.010,0.959,0.031
908000,0.010,0.957,0.033
908500,0.010,0.960,0.030
909000,0.010,0.957,0.033
909500,0.010,0.975,0.015
910000,0.010,0.975,0.015
910500,0.010,0.973,0.017
911000,0.010,0.974,0.016
911500,0.010,0.979,0.011
912000,0.010,0.978,0.012
912500,0.010,0.965,0.025
913000,0.010,0.980,0.010
913500,0.010,0.976,0.014
914000,0.010,0.982,0.008
914500,0.010,0.951,0.039
915000,0.010,0.929,0.061
915500,0.010,0.950,0.040
916000,0.010,0.970,0.020
916500,0.010,0.965,0.025
917000,0.010,0.972,0.018
917500,0.010,0.970,0.020
918000,0.010,0.987,0.003
918500,0.010,0.941,0.049
919000,0.010,0.936,0.054
919500,0.010,0.978,0.012
920000,0.010,0.955,0.035
920500,0.010,0.948,0.042
921000,0.010,0.973,0.017
921500,0.010,0.982,0.008
922000,0.010,0.987,0.003
922500,0.010,0.968,0.022
923000,0.010,0.967,0.023
923500,0.010,0.936,0.053
924000,0.010,0.940,0.050
924500,0.010,0.947,0.043
925000,0.010,0.963,0.027
925500,0.010,0.976,0.014
926000,0.010,0.960,0.030
926500,0.010,0.971,0.019
927000,0.010,0.965,0.025
927500,0.010,0.982,0.008
928000,0.010,0.980,0.010
928500,0.010,0.949,0.041
929000,0.010,0.945,0.045
929500,0.010,0.980,0.010
930000,0.010,0.980,0.010
930500,0.010,0.969,0.021
931000,0.010,0.933,0.056
931500,0.010,0.969,0.021
932000,0.010,0.958,0.032
932500,0.010,0.942,0.048
933000,0.010,0.958,0.032
933500,0.010,0.950,0.040
934000,0.010,0.962,0.028
934500,0.010,0.965,0.025
935000,0.010,0.977,0.013
935500,0.010,0.983,0.007
936000,0.010,0.972,0.018
936500,0.010,0.975,0.015
937000,0.010,0.965,0.025
937500,0.010,0.979,0.011
938000,0.010,0.943,0.047
938500,0.010,0.958,0.032
939000,0.010,0.958,0.032
939500,0.010,0.941,0.049
940000,0.010,0.964,0.026
940500,0.010,0.970,0.020
941000,0.010,0.921,0.069
941500,0.010,0.945,0.045
942000,0.010,0.968,0.022
942500,0.010,0.969,0.021
943000,0.010,0.956,0.034
943500,0.010,0.955,0.035
944000,0.010,0.962,0.028
944500,0.010,0.923,0.067
945000,0.010,0.941,0.049
945500,0.010,0.969,0.021
946000,0.010,0.982,0.008
946500,0.010,0.982,0.008
947000,0.010,0.958,0.032
947500,0.010,0.935,0.055
948000,0.010,0.932,0.057
948500,0.010,0.956,0.034
949000,0.010,0.961,0.029
949500,0.010,0.971,0.019
950000,0.010,0.970,0.020
950500,0.010,0.978,0.012
951000,0.010,0.943,0.047
951500,0.010,0.918,0.072
952000,0.010,0.953,0.037
952500,0.010,0.943,0.047
953000,0.010,0.971,0.019
953500,0.010,0.964,0.026
954000,0.010,0.971,0.019
954500,0.010,0.977,0.013
955000,0.010,0.949,0.041
955500,0.010,0.956,0.034
956000,0.010,0.970,0.020
956500,0.010,0.945,0.045
957000,0.010,0.969,0.021
957500,0.010,0.982,0.008
958000,0.010,0.953,0.037
958500,0.010,0.971,0.019
959000,0.010,0.955,0.035
959500,0.010,0.962,0.028
960000,0.010,0.943,0.047
960500,0.010,0.951,0.039
961000,0.010,0.971,0.019
961500,0.010,0.967,0.023
962000,0.010,0.952,0.038
962500,0.010,0.951,0.039
963000,0.010,0.953,0.037
963500,0.010,0.973,0.017
964000,0.010,0.981,0.009
964500,0.010,0.969,0.021
965000,0.010,0.977,0.013
965500,0.010,0.957,0.033
966000,0.010,0.952,0.038
966500,0.010,0.948,0.042
967000,0.010,0.962,0.028
967500,0.010,0.953,0.037
968000,0.010,0.962,0.028
968500,0.010,0.954,0.036
969000,0.010,0.976,0.014
969500,0.010,0.964,0.026
970000,0.010,0.955,0.035
970500,0.010,0.950,0.040
971000,0.010,0.947,0.043
971500,0.010,0.945,0.045
972000,0.010,0.973,0.017
972500,0.010,0.974,0.016
973000,0.010,0.958,0.032
973500,0.010,0.960,0.030
974000,0.010,0.968,0.022
974500,0.010,0.949,0.041
975000,0.010,0.965,0.025
975500,0.010,0.967,0.023
976000,0.010,0.971,0.019
976500,0.010,0.951,0.039
977000,0.010,0.966,0.024
977500,0.010,0.969,0.021
978000,0.010,0.967,0.023
978500,0.010,0.973,0.017
979000,0.010,0.977,0.013
979500,0.010,0.962,0.028
980000,0.010,0.947,0.043
980500,0.010,0.951,0.039
981000,0.010,0.951,0.039
981500,0.010,0.925,0.065
982000,0.010,0.912,0.078
982500,0.010,0.953,0.037
983000,0.010,0.957,0.033
983500,0.010,0.947,0.043
984000,0.010,0.975,0.015
984500,0.010,0.948,0.042
985000,0.010,0.961,0.029
985500,0.010,0.983,0.007
986000,0.010,0.959,0.031
986500,0.010,0.958,0.032
987000,0.010,0.987,0.003
987500,0.010,0.977,0.013
988000,0.010,0.963,0.027
988500,0.010,0.959,0.031
989000,0.010,0.979,0.011
989500,0.010,0.948,0.042
990000,0.010,0.945,0.045
990500,0.010,0.972,0.018
991000,0.010,0.959,0.031
991500,0.010,0.973,0.017
992000,0.010,0.958,0.032
992500,0.010,0.958,0.032
993000,0.010,0.957,0.033
993500,0.010,0.956,0.034
994000,0.010,0.963,0.027
994500,0.010,0.978,0.012
995000,0.010,0.969,0.021
995500,0.010,0.969,0.021
996000,0.010,0.941,0.049
996500,0.010,0.966,0.024
997000,0.010,0.971,0.019
997500,0.010,0.969,0.021
998000,0.010,0.965,0.025
998500,0.010,0.948,0.042
999000,0.010,0.923,0.067
999500,0.010,0.909,0.081
1000000,0.010,0.967,0.023
