time,n_A+p,n_B,n_AB
500,0.081,0.904,0.015
1000,0.081,0.887,0.032
1500,0.081,0.868,0.051
2000,0.081,0.859,0.060
2500,0.082,0.848,0.071
3000,0.083,0.832,0.086
3500,0.084,0.825,0.091
4000,0.085,0.812,0.103
4500,0.087,0.801,0.112
5000,0.091,0.792,0.116
5500,0.096,0.784,0.120
6000,0.099,0.774,0.127
6500,0.100,0.772,0.128
7000,0.098,0.768,0.134
7500,0.098,0.758,0.144
8000,0.097,0.758,0.145
8500,0.099,0.748,0.153
9000,0.100,0.744,0.156
9500,0.101,0.739,0.160
10000,0.107,0.743,0.150
10500,0.106,0.738,0.156
11000,0.110,0.735,0.155
11500,0.112,0.724,0.164
12000,0.112,0.726,0.162
12500,0.112,0.726,0.163
13000,0.113,0.717,0.171
13500,0.118,0.716,0.165
14000,0.117,0.707,0.176
14500,0.119,0.693,0.188
15000,0.119,0.694,0.188
15500,0.127,0.686,0.187
16000,0.132,0.677,0.191
16500,0.134,0.681,0.185
17000,0.129,0.677,0.194
17500,0.129,0.671,0.200
18000,0.134,0.673,0.193
18500,0.135,0.662,0.203
19000,0.137,0.661,0.202
19500,0.136,0.644,0.221
20000,0.144,0.640,0.216
20500,0.146,0.640,0.214
21000,0.147,0.630,0.222
21500,0.150,0.625,0.225
22000,0.149,0.622,0.229
22500,0.149,0.617,0.234
23000,0.154,0.611,0.235
23500,0.164,0.605,0.232
24000,0.169,0.592,0.240
24500,0.176,0.578,0.246
25000,0.171,0.582,0.247
25500,0.173,0.576,0.251
26000,0.183,0.572,0.245
26500,0.184,0.575,0.241
27000,0.185,0.570,0.245
27500,0.190,0.559,0.251
28000,0.193,0.554,0.253
28500,0.193,0.543,0.264
29000,0.195,0.535,0.270
29500,0.205,0.515,0.280
30000,0.204,0.508,0.288
30500,0.215,0.497,0.288
31000,0.221,0.499,0.280
31500,0.229,0.490,0.281
32000,0.237,0.489,0.274
32500,0.225,0.486,0.289
33000,0.226,0.487,0.287
33500,0.224,0.487,0.289
34000,0.233,0.493,0.274
34500,0.228,0.487,0.285
35000,0.226,0.477,0.297
35500,0.233,0.473,0.294
36000,0.235,0.457,0.308
36500,0.238,0.455,0.307
37000,0.249,0.450,0.301
37500,0.247,0.448,0.305
38000,0.259,0.449,0.293
38500,0.260,0.440,0.300
39000,0.269,0.428,0.303
39500,0.274,0.426,0.300
40000,0.279,0.423,0.299
40500,0.281,0.413,0.307
41000,0.282,0.402,0.316
41500,0.286,0.395,0.319
42000,0.285,0.395,0.320
42500,0.288,0.401,0.311
43000,0.285,0.397,0.318
43500,0.286,0.396,0.318
44000,0.289,0.410,0.301
44500,0.299,0.404,0.297
45000,0.300,0.391,0.308
45500,0.300,0.379,0.321
46000,0.314,0.377,0.309
46500,0.314,0.368,0.318
47000,0.309,0.366,0.325
47500,0.310,0.368,0.322
48000,0.319,0.363,0.318
48500,0.318,0.368,0.314
49000,0.315,0.361,0.324
49500,0.321,0.354,0.326
50000,0.329,0.355,0.317
50500,0.332,0.341,0.327
51000,0.341,0.342,0.318
51500,0.346,0.330,0.323
52000,0.345,0.325,0.330
52500,0.344,0.332,0.324
53000,0.348,0.335,0.317
53500,0.358,0.332,0.309
54000,0.364,0.331,0.305
54500,0.381,0.331,0.288
55000,0.376,0.320,0.305
55500,0.371,0.314,0.316
56000,0.373,0.309,0.318
56500,0.374,0.299,0.327
57000,0.388,0.300,0.312
57500,0.396,0.298,0.306
58000,0.402,0.298,0.300
58500,0.413,0.288,0.299
59000,0.406,0.287,0.307
59500,0.413,0.276,0.310
60000,0.407,0.268,0.325
60500,0.418,0.261,0.321
61000,0.428,0.248,0.323
61500,0.433,0.246,0.320
62000,0.439,0.233,0.329
62500,0.446,0.234,0.320
63000,0.450,0.230,0.321
63500,0.454,0.230,0.316
64000,0.461,0.232,0.307
64500,0.477,0.231,0.292
65000,0.470,0.231,0.299
65500,0.473,0.221,0.305
66000,0.488,0.218,0.293
66500,0.493,0.215,0.292
67000,0.501,0.211,0.287
67500,0.500,0.196,0.304
68000,0.518,0.185,0.297
68500,0.536,0.175,0.289
69000,0.546,0.172,0.281
69500,0.557,0.158,0.285
70000,0.569,0.155,0.276
70500,0.573,0.155,0.272
71000,0.578,0.147,0.275
71500,0.580,0.143,0.277
72000,0.592,0.133,0.275
72500,0.598,0.127,0.275
73000,0.611,0.120,0.269
73500,0.624,0.114,0.262
74000,0.635,0.110,0.255
74500,0.651,0.104,0.245
75000,0.654,0.104,0.241
75500,0.674,0.091,0.235
76000,0.688,0.090,0.222
76500,0.699,0.087,0.214
77000,0.710,0.087,0.203
77500,0.716,0.084,0.201
78000,0.727,0.076,0.197
78500,0.747,0.068,0.185
79000,0.754,0.060,0.186
79500,0.757,0.054,0.189
80000,0.759,0.048,0.193
80500,0.777,0.048,0.175
81000,0.792,0.041,0.167
81500,0.802,0.037,0.160
82000,0.815,0.035,0.150
82500,0.822,0.031,0.147
83000,0.829,0.026,0.145
83500,0.845,0.023,0.132
84000,0.853,0.018,0.129
84500,0.863,0.018,0.120
85000,0.874,0.017,0.110
85500,0.884,0.015,0.101
86000,0.893,0.013,0.094
86500,0.899,0.013,0.088
87000,0.895,0.013,0.092
87500,0.902,0.011,0.087
88000,0.904,0.011,0.085
88500,0.913,0.009,0.078
89000,0.919,0.009,0.072
89500,0.920,0.009,0.071
90000,0.924,0.007,0.069
90500,0.926,0.004,0.069
91000,0.935,0.006,0.058
91500,0.935,0.004,0.061
92000,0.942,0.004,0.054
92500,0.946,0.004,0.050
93000,0.950,0.004,0.047
93500,0.951,0.003,0.046
94000,0.951,0.002,0.047
94500,0.955,0.002,0.044
95000,0.962,0.001,0.037
95500,0.964,0.001,0.035
96000,0.966,0.001,0.033
96500,0.966,0.001,0.034
97000,0.974,0.001,0.026
97500,0.974,0.001,0.026
98000,0.976,0.002,0.023
98500,0.979,0.001,0.020
99000,0.979,0.002,0.019
99500,0.981,0.002,0.017
100000,0.980,0.002,0.019
100500,0.982,0.001,0.017
101000,0.983,0.001,0.017
101500,0.984,0.001,0.016
102000,0.985,0.001,0.015
102500,0.986,0.001,0.014
103000,0.987,0.001,0.013
103500,0.988,0.001,0.012
104000,0.991,0.001,0.009
104500,0.991,0.001,0.009
105000,0.992,0.000,0.008
105500,0.992,0.000,0.008
106000,0.992,0.000,0.008
106500,0.993,0.000,0.007
107000,0.994,0.000,0.006
107500,0.994,0.000,0.006
108000,0.995,0.000,0.005
108500,0.994,0.000,0.006
109000,0.994,0.000,0.006
109500,0.994,0.000,0.006
110000,0.994,0.000,0.006
110500,0.996,0.000,0.004
111000,0.997,0.000,0.003
111500,0.996,0.000,0.004
112000,0.996,0.000,0.004
112500,0.997,0.000,0.003
113000,0.997,0.000,0.003
113500,0.998,0.000,0.002
114000,0.998,0.000,0.002
114500,0.999,0.000,0.001
115000,0.999,0.000,0.001
115500,0.999,0.000,0.001
116000,0.999,0.000,0.001
116500,0.999,0.000,0.001
117000,0.999,0.000,0.001
117500,0.999,0.000,0.001
118000,0.999,0.000,0.001
118500,0.999,0.000,0.001
119000,0.999,0.000,0.001
119500,1.000,0.000,0.000
120000,1.000,0.000,0.000
120500,1.000,0.000,0.000
121000,1.000,0.000,0.000
121500,1.000,0.000,0.000
122000,1.000,0.000,0.000
122500,1.000,0.000,0.000
123000,1.000,0.000,0.000
