time,n_A+p,n_B,n_AB
1000,0.030,0.852,0.118
2000,0.030,0.670,0.300
3000,0.036,0.554,0.410
4000,0.038,0.535,0.427
5000,0.046,0.461,0.493
6000,0.092,0.374,0.534
7000,0.107,0.301,0.592
8000,0.114,0.304,0.582
9000,0.095,0.314,0.591
10000,0.088,0.295,0.617
11000,0.130,0.263,0.607
12000,0.138,0.231,0.631
13000,0.158,0.203,0.639
14000,0.189,0.159,0.652
15000,0.211,0.161,0.628
16000,0.167,0.146,0.687
17000,0.252,0.127,0.621
18000,0.233,0.130,0.637
19000,0.267,0.091,0.642
20000,0.298,0.084,0.618
21000,0.387,0.061,0.552
22000,0.397,0.031,0.572
23000,0.456,0.031,0.513
24000,0.458,0.024,0.518
25000,0.502,0.030,0.468
26000,0.513,0.018,0.469
27000,0.558,0.005,0.437
28000,0.648,0.005,0.347
29000,0.668,0.004,0.328
30000,0.610,0.001,0.389
31000,0.581,0.003,0.416
32000,0.607,0.002,0.391
33000,0.631,0.006,0.363
34000,0.642,0.000,0.358
35000,0.629,0.009,0.362
36000,0.602,0.017,0.381
37000,0.582,0.007,0.411
38000,0.585,0.004,0.411
39000,0.662,0.002,0.336
40000,0.623,0.007,0.370
41000,0.627,0.006,0.367
42000,0.585,0.005,0.410
43000,0.557,0.011,0.432
44000,0.572,0.007,0.421
45000,0.581,0.005,0.414
46000,0.605,0.007,0.388
47000,0.604,0.004,0.392
48000,0.605,0.002,0.393
49000,0.661,0.002,0.337
50000,0.626,0.010,0.364
51000,0.598,0.004,0.398
52000,0.589,0.008,0.403
53000,0.587,0.009,0.404
54000,0.572,0.004,0.424
55000,0.566,0.011,0.423
56000,0.560,0.006,0.434
57000,0.579,0.007,0.414
58000,0.586,0.011,0.403
59000,0.611,0.009,0.380
60000,0.600,0.003,0.397
61000,0.613,0.012,0.375
62000,0.594,0.011,0.395
63000,0.610,0.003,0.387
64000,0.579,0.007,0.414
65000,0.618,0.003,0.379
66000,0.617,0.013,0.370
67000,0.641,0.002,0.357
68000,0.587,0.003,0.410
69000,0.548,0.007,0.445
70000,0.546,0.013,0.441
71000,0.534,0.029,0.437
72000,0.544,0.012,0.444
73000,0.553,0.017,0.430
74000,0.576,0.010,0.414
75000,0.610,0.016,0.374
76000,0.572,0.009,0.419
77000,0.571,0.009,0.420
78000,0.550,0.017,0.433
79000,0.566,0.005,0.429
80000,0.568,0.007,0.425
81000,0.485,0.027,0.488
82000,0.497,0.030,0.473
83000,0.585,0.006,0.409
84000,0.653,0.003,0.344
85000,0.610,0.010,0.380
86000,0.588,0.012,0.400
87000,0.597,0.003,0.400
88000,0.621,0.005,0.374
89000,0.683,0.000,0.317
90000,0.696,0.008,0.296
91000,0.628,0.005,0.367
92000,0.587,0.005,0.408
93000,0.599,0.007,0.394
94000,0.610,0.012,0.378
95000,0.592,0.010,0.398
96000,0.610,0.009,0.381
97000,0.624,0.003,0.373
98000,0.623,0.002,0.375
99000,0.598,0.005,0.397
100000,0.631,0.001,0.368
101000,0.592,0.003,0.405
102000,0.629,0.001,0.370
103000,0.666,0.000,0.334
104000,0.672,0.001,0.327
105000,0.710,0.000,0.290
106000,0.685,0.002,0.313
107000,0.707,0.000,0.293
108000,0.698,0.000,0.302
109000,0.687,0.000,0.313
110000,0.646,0.008,0.346
111000,0.628,0.001,0.371
112000,0.625,0.003,0.372
113000,0.629,0.006,0.365
114000,0.631,0.003,0.366
115000,0.596,0.003,0.401
116000,0.614,0.007,0.379
117000,0.599,0.006,0.395
118000,0.552,0.007,0.441
119000,0.570,0.016,0.414
120000,0.580,0.006,0.414
121000,0.628,0.001,0.371
122000,0.648,0.006,0.346
123000,0.623,0.001,0.376
124000,0.623,0.006,0.371
125000,0.621,0.004,0.375
126000,0.642,0.004,0.354
127000,0.669,0.003,0.328
128000,0.659,0.002,0.339
129000,0.605,0.001,0.394
130000,0.586,0.004,0.410
131000,0.616,0.004,0.380
132000,0.579,0.002,0.419
133000,0.571,0.010,0.419
134000,0.553,0.013,0.434
135000,0.536,0.023,0.441
136000,0.590,0.010,0.400
137000,0.571,0.016,0.413
138000,0.576,0.009,0.415
139000,0.559,0.009,0.432
140000,0.555,0.008,0.437
141000,0.582,0.005,0.413
142000,0.631,0.002,0.367
143000,0.603,0.005,0.392
144000,0.548,0.015,0.437
145000,0.535,0.016,0.449
146000,0.547,0.025,0.428
147000,0.565,0.011,0.424
148000,0.538,0.007,0.455
149000,0.485,0.015,0.500
150000,0.471,0.017,0.512
151000,0.533,0.011,0.456
152000,0.524,0.015,0.461
153000,0.563,0.009,0.428
154000,0.572,0.005,0.423
155000,0.629,0.004,0.367
156000,0.624,0.003,0.373
157000,0.611,0.006,0.383
158000,0.620,0.007,0.373
159000,0.621,0.000,0.379
160000,0.609,0.006,0.385
161000,0.648,0.004,0.348
162000,0.664,0.001,0.335
163000,0.663,0.003,0.334
164000,0.694,0.003,0.303
165000,0.696,0.000,0.304
166000,0.718,0.000,0.282
167000,0.721,0.001,0.278
168000,0.713,0.004,0.283
169000,0.713,0.000,0.287
170000,0.742,0.001,0.257
171000,0.695,0.003,0.302
172000,0.597,0.005,0.398
173000,0.551,0.018,0.431
174000,0.612,0.006,0.382
175000,0.565,0.006,0.429
176000,0.493,0.021,0.486
177000,0.501,0.015,0.484
178000,0.491,0.017,0.492
179000,0.527,0.018,0.455
180000,0.547,0.003,0.450
181000,0.591,0.003,0.406
182000,0.642,0.005,0.353
183000,0.657,0.005,0.338
184000,0.677,0.000,0.323
185000,0.592,0.005,0.403
186000,0.542,0.002,0.456
187000,0.566,0.004,0.430
188000,0.577,0.009,0.414
189000,0.587,0.007,0.406
190000,0.618,0.012,0.370
191000,0.630,0.003,0.367
192000,0.608,0.001,0.391
193000,0.617,0.004,0.379
194000,0.664,0.007,0.329
195000,0.633,0.007,0.360
196000,0.619,0.007,0.374
197000,0.644,0.003,0.353
198000,0.595,0.010,0.395
199000,0.555,0.008,0.437
200000,0.561,0.003,0.436
201000,0.606,0.000,0.394
202000,0.577,0.009,0.414
203000,0.546,0.007,0.447
204000,0.526,0.007,0.467
205000,0.588,0.005,0.407
206000,0.539,0.006,0.455
207000,0.576,0.000,0.424
208000,0.558,0.008,0.434
209000,0.530,0.011,0.459
210000,0.531,0.015,0.454
211000,0.528,0.016,0.456
212000,0.560,0.008,0.432
213000,0.549,0.006,0.445
214000,0.596,0.002,0.402
215000,0.558,0.015,0.427
216000,0.631,0.007,0.362
217000,0.650,0.006,0.344
218000,0.649,0.007,0.344
219000,0.688,0.001,0.311
220000,0.641,0.005,0.354
221000,0.600,0.002,0.398
222000,0.626,0.007,0.367
223000,0.585,0.005,0.410
224000,0.663,0.001,0.336
225000,0.658,0.002,0.340
226000,0.617,0.003,0.380
227000,0.660,0.010,0.330
228000,0.609,0.010,0.381
229000,0.657,0.013,0.330
230000,0.642,0.007,0.351
231000,0.622,0.007,0.371
232000,0.676,0.006,0.318
233000,0.585,0.004,0.411
234000,0.564,0.009,0.427
235000,0.504,0.014,0.482
236000,0.515,0.014,0.471
237000,0.502,0.016,0.482
238000,0.464,0.021,0.515
239000,0.482,0.015,0.503
240000,0.507,0.014,0.479
241000,0.517,0.009,0.474
242000,0.544,0.027,0.429
243000,0.545,0.011,0.444
244000,0.575,0.013,0.412
245000,0.590,0.001,0.409
246000,0.627,0.000,0.373
247000,0.654,0.000,0.346
248000,0.667,0.000,0.333
249000,0.698,0.000,0.302
250000,0.722,0.001,0.277
251000,0.700,0.002,0.298
252000,0.722,0.001,0.277
253000,0.683,0.000,0.317
254000,0.661,0.008,0.331
255000,0.624,0.013,0.363
256000,0.628,0.007,0.365
257000,0.618,0.003,0.379
258000,0.604,0.007,0.389
259000,0.627,0.006,0.367
260000,0.615,0.010,0.375
261000,0.625,0.008,0.367
262000,0.622,0.006,0.372
263000,0.637,0.003,0.360
264000,0.633,0.002,0.365
265000,0.643,0.003,0.354
266000,0.633,0.006,0.361
267000,0.596,0.005,0.399
268000,0.622,0.000,0.378
269000,0.633,0.002,0.365
270000,0.653,0.000,0.347
271000,0.642,0.006,0.352
272000,0.639,0.004,0.357
273000,0.607,0.000,0.393
274000,0.599,0.007,0.394
275000,0.604,0.009,0.387
276000,0.568,0.011,0.421
277000,0.584,0.009,0.407
278000,0.587,0.013,0.400
279000,0.555,0.014,0.431
280000,0.570,0.006,0.424
281000,0.574,0.003,0.423
282000,0.549,0.015,0.436
283000,0.549,0.007,0.444
284000,0.599,0.011,0.390
285000,0.571,0.007,0.422
286000,0.573,0.011,0.416
287000,0.563,0.013,0.424
288000,0.579,0.006,0.415
289000,0.618,0.004,0.378
290000,0.636,0.004,0.360
291000,0.645,0.003,0.352
292000,0.615,0.003,0.382
293000,0.597,0.011,0.392
294000,0.644,0.005,0.351
295000,0.634,0.007,0.359
296000,0.677,0.003,0.320
297000,0.676,0.000,0.324
298000,0.677,0.009,0.314
299000,0.660,0.001,0.339
300000,0.676,0.002,0.322
301000,0.623,0.007,0.370
302000,0.651,0.001,0.348
303000,0.622,0.001,0.377
304000,0.670,0.000,0.330
305000,0.626,0.000,0.374
306000,0.641,0.000,0.359
307000,0.644,0.004,0.352
308000,0.604,0.008,0.388
309000,0.572,0.011,0.417
310000,0.533,0.019,0.448
311000,0.550,0.008,0.442
312000,0.521,0.008,0.471
313000,0.581,0.004,0.415
314000,0.583,0.012,0.405
315000,0.599,0.006,0.395
316000,0.578,0.006,0.416
317000,0.630,0.008,0.362
318000,0.585,0.005,0.410
319000,0.572,0.013,0.415
320000,0.556,0.007,0.437
321000,0.549,0.012,0.439
322000,0.541,0.009,0.450
323000,0.527,0.023,0.450
324000,0.588,0.008,0.404
325000,0.486,0.019,0.495
326000,0.500,0.019,0.481
327000,0.530,0.012,0.458
328000,0.544,0.010,0.446
329000,0.626,0.002,0.372
330000,0.603,0.006,0.391
331000,0.644,0.005,0.351
332000,0.639,0.004,0.357
333000,0.561,0.006,0.433
334000,0.543,0.013,0.444
335000,0.574,0.007,0.419
336000,0.604,0.010,0.386
337000,0.656,0.002,0.342
338000,0.608,0.007,0.385
339000,0.618,0.003,0.379
340000,0.633,0.005,0.362
341000,0.581,0.005,0.414
342000,0.565,0.010,0.425
343000,0.614,0.006,0.380
344000,0.659,0.001,0.340
345000,0.701,0.002,0.297
346000,0.701,0.000,0.299
347000,0.720,0.003,0.277
348000,0.691,0.002,0.307
349000,0.654,0.006,0.340
350000,0.642,0.010,0.348
351000,0.636,0.008,0.356
352000,0.646,0.006,0.348
353000,0.627,0.002,0.371
354000,0.630,0.006,0.364
355000,0.630,0.000,0.370
356000,0.600,0.009,0.391
357000,0.571,0.010,0.419
358000,0.529,0.004,0.467
359000,0.555,0.007,0.438
360000,0.570,0.015,0.415
361000,0.595,0.002,0.403
362000,0.593,0.007,0.400
363000,0.608,0.013,0.379
364000,0.542,0.004,0.454
365000,0.591,0.015,0.394
366000,0.675,0.002,0.323
367000,0.685,0.001,0.314
368000,0.621,0.010,0.369
369000,0.612,0.003,0.385
370000,0.558,0.004,0.438
371000,0.606,0.001,0.393
372000,0.617,0.002,0.381
373000,0.595,0.004,0.401
374000,0.609,0.008,0.383
375000,0.608,0.000,0.392
376000,0.593,0.006,0.401
377000,0.578,0.000,0.422
378000,0.611,0.008,0.381
379000,0.582,0.006,0.412
380000,0.552,0.019,0.429
381000,0.534,0.010,0.456
382000,0.561,0.011,0.428
383000,0.537,0.020,0.443
384000,0.534,0.009,0.457
385000,0.513,0.010,0.477
386000,0.529,0.008,0.463
387000,0.554,0.012,0.434
388000,0.518,0.009,0.473
389000,0.569,0.009,0.422
390000,0.567,0.012,0.421
391000,0.612,0.008,0.380
392000,0.580,0.002,0.418
393000,0.519,0.014,0.467
394000,0.543,0.010,0.447
395000,0.610,0.006,0.384
396000,0.603,0.010,0.387
397000,0.601,0.015,0.384
398000,0.560,0.008,0.432
399000,0.550,0.005,0.445
400000,0.582,0.004,0.414
401000,0.638,0.008,0.354
402000,0.596,0.003,0.401
403000,0.652,0.014,0.334
404000,0.646,0.002,0.352
405000,0.697,0.002,0.301
406000,0.686,0.004,0.310
407000,0.695,0.001,0.304
408000,0.651,0.001,0.348
409000,0.632,0.003,0.365
410000,0.592,0.002,0.406
411000,0.609,0.005,0.386
412000,0.604,0.001,0.395
413000,0.606,0.008,0.386
414000,0.591,0.003,0.406
415000,0.596,0.014,0.390
416000,0.606,0.007,0.387
417000,0.595,0.005,0.400
418000,0.530,0.012,0.458
419000,0.554,0.013,0.433
420000,0.633,0.005,0.362
421000,0.623,0.001,0.376
422000,0.657,0.008,0.335
423000,0.631,0.004,0.365
424000,0.644,0.001,0.355
425000,0.626,0.002,0.372
426000,0.607,0.002,0.391
427000,0.614,0.012,0.374
428000,0.560,0.005,0.435
429000,0.577,0.006,0.417
430000,0.564,0.003,0.433
431000,0.671,0.003,0.326
432000,0.641,0.006,0.353
433000,0.655,0.000,0.345
434000,0.643,0.006,0.351
435000,0.663,0.008,0.329
436000,0.622,0.004,0.374
437000,0.658,0.003,0.339
438000,0.640,0.004,0.356
439000,0.660,0.004,0.336
440000,0.674,0.003,0.323
441000,0.649,0.000,0.351
442000,0.616,0.008,0.376
443000,0.562,0.007,0.431
444000,0.584,0.005,0.411
445000,0.586,0.009,0.405
446000,0.605,0.006,0.389
447000,0.621,0.008,0.371
448000,0.612,0.002,0.386
449000,0.655,0.001,0.344
450000,0.655,0.004,0.341
451000,0.607,0.003,0.390
452000,0.599,0.015,0.386
453000,0.562,0.008,0.430
454000,0.569,0.013,0.418
455000,0.590,0.002,0.408
456000,0.620,0.008,0.372
457000,0.602,0.007,0.391
458000,0.630,0.004,0.366
459000,0.592,0.010,0.398
460000,0.568,0.008,0.424
461000,0.530,0.020,0.450
462000,0.553,0.010,0.437
463000,0.540,0.012,0.448
464000,0.604,0.003,0.393
465000,0.610,0.015,0.375
466000,0.546,0.010,0.444
467000,0.516,0.029,0.455
468000,0.467,0.023,0.510
469000,0.499,0.008,0.493
470000,0.542,0.010,0.448
471000,0.573,0.016,0.411
472000,0.635,0.009,0.356
473000,0.662,0.004,0.334
474000,0.628,0.006,0.366
475000,0.633,0.004,0.363
476000,0.650,0.006,0.344
477000,0.692,0.010,0.298
478000,0.654,0.003,0.343
479000,0.663,0.003,0.334
480000,0.664,0.003,0.333
481000,0.625,0.003,0.372
482000,0.606,0.009,0.385
483000,0.548,0.011,0.441
484000,0.646,0.001,0.353
485000,0.643,0.001,0.356
486000,0.616,0.001,0.383
487000,0.623,0.001,0.376
488000,0.650,0.001,0.349
489000,0.586,0.008,0.406
490000,0.649,0.003,0.348
491000,0.627,0.001,0.372
492000,0.653,0.004,0.343
493000,0.606,0.010,0.384
494000,0.613,0.009,0.378
495000,0.535,0.015,0.450
496000,0.539,0.014,0.447
497000,0.563,0.017,0.420
498000,0.509,0.013,0.478
499000,0.526,0.010,0.464
500000,0.473,0.024,0.503
501000,0.478,0.023,0.499
502000,0.534,0.020,0.446
503000,0.586,0.008,0.406
504000,0.615,0.000,0.385
505000,0.604,0.003,0.393
506000,0.591,0.007,0.402
507000,0.611,0.008,0.381
508000,0.551,0.011,0.438
509000,0.509,0.028,0.463
510000,0.541,0.015,0.444
511000,0.550,0.011,0.439
512000,0.585,0.006,0.409
513000,0.611,0.001,0.388
514000,0.567,0.005,0.428
515000,0.629,0.005,0.366
516000,0.589,0.005,0.406
517000,0.610,0.007,0.383
518000,0.614,0.009,0.377
519000,0.616,0.005,0.379
520000,0.607,0.004,0.389
521000,0.610,0.007,0.383
522000,0.602,0.009,0.389
523000,0.633,0.002,0.365
524000,0.635,0.005,0.360
525000,0.528,0.011,0.461
526000,0.489,0.017,0.494
527000,0.516,0.020,0.464
528000,0.479,0.030,0.491
529000,0.447,0.036,0.517
530000,0.480,0.025,0.495
531000,0.517,0.019,0.464
532000,0.455,0.020,0.525
533000,0.492,0.016,0.492
534000,0.588,0.009,0.403
535000,0.563,0.006,0.431
536000,0.567,0.013,0.420
537000,0.532,0.007,0.461
538000,0.587,0.014,0.399
539000,0.559,0.015,0.426
540000,0.556,0.015,0.429
541000,0.513,0.010,0.477
542000,0.497,0.033,0.470
543000,0.500,0.010,0.490
544000,0.585,0.004,0.411
545000,0.536,0.023,0.441
546000,0.551,0.019,0.430
547000,0.494,0.028,0.478
548000,0.457,0.016,0.527
549000,0.515,0.015,0.470
550000,0.540,0.019,0.441
551000,0.573,0.014,0.413
552000,0.582,0.014,0.404
553000,0.546,0.009,0.445
554000,0.607,0.012,0.381
555000,0.610,0.009,0.381
556000,0.599,0.009,0.392
557000,0.617,0.011,0.372
558000,0.611,0.008,0.381
559000,0.655,0.000,0.345
560000,0.606,0.009,0.385
561000,0.557,0.014,0.429
562000,0.551,0.016,0.433
563000,0.508,0.014,0.478
564000,0.574,0.015,0.411
565000,0.551,0.009,0.440
566000,0.594,0.002,0.404
567000,0.633,0.005,0.362
568000,0.611,0.007,0.382
569000,0.642,0.012,0.346
570000,0.619,0.007,0.374
571000,0.670,0.005,0.325
572000,0.605,0.007,0.388
573000,0.630,0.000,0.370
574000,0.573,0.014,0.413
575000,0.575,0.013,0.412
576000,0.652,0.003,0.345
577000,0.638,0.010,0.352
578000,0.610,0.001,0.389
579000,0.601,0.007,0.392
580000,0.586,0.010,0.404
581000,0.647,0.001,0.352
582000,0.704,0.000,0.296
583000,0.730,0.003,0.267
584000,0.633,0.001,0.366
585000,0.724,0.000,0.276
586000,0.745,0.000,0.255
587000,0.718,0.000,0.282
588000,0.697,0.002,0.301
589000,0.698,0.003,0.299
590000,0.713,0.003,0.284
591000,0.662,0.001,0.337
592000,0.683,0.000,0.317
593000,0.676,0.001,0.323
594000,0.644,0.002,0.354
595000,0.597,0.015,0.388
596000,0.530,0.018,0.452
597000,0.500,0.018,0.482
598000,0.515,0.015,0.470
599000,0.651,0.005,0.344
600000,0.627,0.006,0.367
601000,0.651,0.004,0.345
602000,0.642,0.006,0.352
603000,0.631,0.006,0.363
604000,0.619,0.008,0.373
605000,0.651,0.000,0.349
606000,0.608,0.005,0.387
607000,0.627,0.000,0.373
608000,0.595,0.000,0.405
609000,0.642,0.012,0.346
610000,0.583,0.005,0.412
611000,0.590,0.005,0.405
612000,0.545,0.004,0.451
613000,0.531,0.019,0.450
614000,0.545,0.021,0.434
615000,0.502,0.013,0.485
616000,0.528,0.008,0.464
617000,0.544,0.017,0.439
618000,0.600,0.009,0.391
619000,0.619,0.006,0.375
620000,0.623,0.004,0.373
621000,0.621,0.005,0.374
622000,0.634,0.001,0.365
623000,0.559,0.012,0.429
624000,0.605,0.005,0.390
625000,0.620,0.005,0.375
626000,0.602,0.006,0.392
627000,0.629,0.002,0.369
628000,0.569,0.013,0.418
629000,0.618,0.007,0.375
630000,0.596,0.007,0.397
631000,0.585,0.017,0.398
632000,0.520,0.003,0.477
633000,0.545,0.006,0.449
634000,0.589,0.003,0.408
635000,0.593,0.002,0.405
636000,0.553,0.011,0.436
637000,0.508,0.017,0.475
638000,0.517,0.028,0.455
639000,0.541,0.008,0.451
640000,0.573,0.001,0.426
641000,0.614,0.011,0.375
642000,0.650,0.004,0.346
643000,0.672,0.001,0.327
644000,0.659,0.005,0.336
645000,0.629,0.005,0.366
646000,0.661,0.001,0.338
647000,0.644,0.005,0.351
648000,0.645,0.003,0.352
649000,0.648,0.002,0.350
650000,0.618,0.002,0.380
651000,0.587,0.006,0.407
652000,0.558,0.012,0.430
653000,0.584,0.013,0.403
654000,0.548,0.011,0.441
655000,0.588,0.009,0.403
656000,0.591,0.014,0.395
657000,0.589,0.008,0.403
658000,0.536,0.009,0.455
659000,0.550,0.003,0.447
660000,0.605,0.004,0.391
661000,0.597,0.001,0.402
662000,0.610,0.006,0.384
663000,0.623,0.018,0.359
664000,0.595,0.006,0.399
665000,0.613,0.004,0.383
666000,0.601,0.002,0.397
667000,0.599,0.011,0.390
668000,0.600,0.010,0.390
669000,0.592,0.010,0.398
670000,0.606,0.005,0.389
671000,0.571,0.011,0.418
672000,0.630,0.001,0.369
673000,0.607,0.006,0.387
674000,0.628,0.007,0.365
675000,0.645,0.001,0.354
676000,0.629,0.006,0.365
677000,0.640,0.010,0.350
678000,0.582,0.005,0.413
679000,0.593,0.008,0.399
680000,0.614,0.008,0.378
681000,0.599,0.004,0.397
682000,0.635,0.008,0.357
683000,0.621,0.010,0.369
684000,0.656,0.005,0.339
685000,0.665,0.004,0.331
686000,0.687,0.004,0.309
687000,0.667,0.003,0.330
688000,0.643,0.003,0.354
689000,0.615,0.000,0.385
690000,0.620,0.004,0.376
691000,0.640,0.001,0.359
692000,0.625,0.004,0.371
693000,0.619,0.006,0.375
694000,0.664,0.004,0.332
695000,0.673,0.000,0.327
696000,0.628,0.002,0.370
697000,0.571,0.010,0.419
698000,0.583,0.012,0.405
699000,0.550,0.016,0.434
700000,0.591,0.004,0.405
701000,0.643,0.002,0.355
702000,0.648,0.008,0.344
703000,0.644,0.008,0.348
704000,0.599,0.001,0.400
705000,0.579,0.008,0.413
706000,0.585,0.005,0.410
707000,0.630,0.008,0.362
708000,0.658,0.007,0.335
709000,0.731,0.000,0.269
710000,0.669,0.007,0.324
711000,0.663,0.004,0.333
712000,0.700,0.003,0.297
713000,0.641,0.000,0.359
714000,0.658,0.003,0.339
715000,0.603,0.000,0.397
716000,0.581,0.000,0.419
717000,0.508,0.020,0.472
718000,0.521,0.019,0.460
719000,0.508,0.021,0.471
720000,0.487,0.013,0.500
721000,0.503,0.029,0.468
722000,0.504,0.021,0.475
723000,0.535,0.012,0.453
724000,0.558,0.011,0.431
725000,0.558,0.004,0.438
726000,0.568,0.008,0.424
727000,0.625,0.005,0.370
728000,0.627,0.002,0.371
729000,0.662,0.003,0.335
730000,0.625,0.007,0.368
731000,0.573,0.007,0.420
732000,0.554,0.018,0.428
733000,0.588,0.005,0.407
734000,0.617,0.003,0.380
735000,0.582,0.009,0.409
736000,0.631,0.006,0.363
737000,0.615,0.000,0.385
738000,0.559,0.006,0.435
739000,0.573,0.011,0.416
740000,0.581,0.007,0.412
741000,0.561,0.009,0.430
742000,0.577,0.012,0.411
743000,0.548,0.010,0.442
744000,0.541,0.011,0.448
745000,0.499,0.021,0.480
746000,0.536,0.015,0.449
747000,0.499,0.018,0.483
748000,0.523,0.018,0.459
749000,0.583,0.007,0.410
750000,0.568,0.012,0.420
751000,0.541,0.019,0.440
752000,0.541,0.015,0.444
753000,0.503,0.009,0.488
754000,0.546,0.014,0.440
755000,0.569,0.011,0.420
756000,0.548,0.013,0.439
757000,0.551,0.008,0.441
758000,0.587,0.005,0.408
759000,0.629,0.001,0.370
760000,0.607,0.000,0.393
761000,0.616,0.001,0.383
762000,0.555,0.000,0.445
763000,0.566,0.007,0.427
764000,0.645,0.005,0.350
765000,0.679,0.004,0.317
766000,0.658,0.001,0.341
767000,0.645,0.007,0.348
768000,0.612,0.008,0.380
769000,0.647,0.003,0.350
770000,0.570,0.011,0.419
771000,0.594,0.005,0.401
772000,0.612,0.001,0.387
773000,0.640,0.002,0.358
774000,0.672,0.003,0.325
775000,0.659,0.005,0.336
776000,0.575,0.002,0.423
777000,0.606,0.002,0.392
778000,0.576,0.008,0.416
779000,0.541,0.007,0.452
780000,0.539,0.008,0.453
781000,0.602,0.010,0.388
782000,0.598,0.010,0.392
783000,0.580,0.002,0.418
784000,0.571,0.009,0.420
785000,0.526,0.005,0.469
786000,0.489,0.019,0.492
787000,0.570,0.008,0.422
788000,0.592,0.002,0.406
789000,0.608,0.002,0.390
790000,0.597,0.009,0.394
791000,0.611,0.010,0.379
792000,0.588,0.006,0.406
793000,0.496,0.016,0.488
794000,0.491,0.029,0.480
795000,0.579,0.006,0.415
796000,0.607,0.006,0.387
797000,0.613,0.001,0.386
798000,0.553,0.016,0.431
799000,0.541,0.016,0.443
800000,0.525,0.006,0.469
801000,0.541,0.006,0.453
802000,0.571,0.008,0.421
803000,0.597,0.011,0.392
804000,0.574,0.008,0.418
805000,0.600,0.005,0.395
806000,0.559,0.009,0.432
807000,0.571,0.007,0.422
808000,0.567,0.006,0.427
809000,0.524,0.017,0.459
810000,0.566,0.010,0.424
811000,0.572,0.010,0.418
812000,0.600,0.007,0.393
813000,0.638,0.000,0.362
814000,0.655,0.004,0.341
815000,0.683,0.001,0.316
816000,0.696,0.000,0.304
817000,0.639,0.007,0.354
818000,0.610,0.008,0.382
819000,0.595,0.007,0.398
820000,0.624,0.004,0.372
821000,0.608,0.008,0.384
822000,0.653,0.001,0.346
823000,0.568,0.003,0.429
824000,0.590,0.003,0.407
825000,0.642,0.005,0.353
826000,0.649,0.005,0.346
827000,0.605,0.003,0.392
828000,0.556,0.008,0.436
829000,0.557,0.005,0.438
830000,0.545,0.003,0.452
831000,0.517,0.021,0.462
832000,0.566,0.006,0.428
833000,0.551,0.001,0.448
834000,0.547,0.003,0.450
835000,0.572,0.011,0.417
836000,0.558,0.007,0.435
837000,0.538,0.004,0.458
838000,0.526,0.004,0.470
839000,0.504,0.006,0.490
840000,0.520,0.025,0.455
841000,0.581,0.012,0.407
842000,0.560,0.011,0.429
843000,0.546,0.008,0.446
844000,0.567,0.019,0.414
845000,0.594,0.002,0.404
846000,0.633,0.004,0.363
847000,0.585,0.001,0.414
848000,0.607,0.012,0.381
849000,0.633,0.002,0.365
850000,0.639,0.006,0.355
851000,0.598,0.005,0.397
852000,0.569,0.009,0.422
853000,0.578,0.006,0.416
854000,0.574,0.004,0.422
855000,0.593,0.003,0.404
856000,0.584,0.006,0.410
857000,0.610,0.004,0.386
858000,0.567,0.011,0.422
859000,0.592,0.007,0.401
860000,0.640,0.001,0.359
861000,0.672,0.000,0.328
862000,0.658,0.002,0.340
863000,0.672,0.004,0.324
864000,0.610,0.005,0.385
865000,0.652,0.014,0.334
866000,0.629,0.003,0.368
867000,0.608,0.007,0.385
868000,0.659,0.008,0.333
869000,0.665,0.001,0.334
870000,0.630,0.003,0.367
871000,0.600,0.010,0.390
872000,0.628,0.007,0.365
873000,0.663,0.004,0.333
874000,0.630,0.000,0.370
875000,0.638,0.000,0.362
876000,0.650,0.009,0.341
877000,0.667,0.001,0.332
878000,0.649,0.006,0.345
879000,0.643,0.007,0.350
880000,0.610,0.005,0.385
881000,0.568,0.005,0.427
882000,0.578,0.004,0.418
883000,0.607,0.007,0.386
884000,0.597,0.008,0.395
885000,0.685,0.002,0.313
886000,0.657,0.000,0.343
887000,0.625,0.001,0.374
888000,0.649,0.000,0.351
889000,0.655,0.001,0.344
890000,0.673,0.005,0.322
891000,0.695,0.002,0.303
892000,0.691,0.004,0.305
893000,0.680,0.003,0.317
894000,0.685,0.000,0.315
895000,0.652,0.007,0.341
896000,0.606,0.012,0.382
897000,0.604,0.003,0.393
898000,0.564,0.012,0.424
899000,0.544,0.015,0.441
900000,0.549,0.003,0.448
901000,0.526,0.005,0.469
902000,0.582,0.002,0.416
903000,0.591,0.003,0.406
904000,0.562,0.007,0.431
905000,0.602,0.008,0.390
906000,0.609,0.003,0.388
907000,0.621,0.000,0.379
908000,0.604,0.005,0.391
909000,0.646,0.002,0.352
910000,0.625,0.005,0.370
911000,0.637,0.006,0.357
912000,0.644,0.001,0.355
913000,0.630,0.001,0.369
914000,0.643,0.003,0.354
915000,0.638,0.007,0.355
916000,0.621,0.005,0.374
917000,0.540,0.018,0.442
918000,0.576,0.011,0.413
919000,0.579,0.013,0.408
920000,0.518,0.008,0.474
921000,0.555,0.003,0.442
922000,0.571,0.016,0.413
923000,0.598,0.003,0.399
924000,0.580,0.004,0.416
925000,0.574,0.012,0.414
926000,0.601,0.008,0.391
927000,0.567,0.007,0.426
928000,0.592,0.009,0.399
929000,0.610,0.006,0.384
930000,0.615,0.001,0.384
931000,0.665,0.006,0.329
932000,0.588,0.004,0.408
933000,0.551,0.004,0.445
934000,0.627,0.005,0.368
935000,0.688,0.003,0.309
936000,0.658,0.002,0.340
937000,0.656,0.006,0.338
938000,0.579,0.001,0.420
939000,0.556,0.005,0.439
940000,0.590,0.006,0.404
941000,0.626,0.012,0.362
942000,0.631,0.008,0.361
943000,0.647,0.006,0.347
944000,0.626,0.001,0.373
945000,0.573,0.016,0.411
946000,0.567,0.012,0.421
947000,0.596,0.007,0.397
948000,0.561,0.011,0.428
949000,0.583,0.003,0.414
950000,0.594,0.002,0.404
951000,0.597,0.001,0.402
952000,0.591,0.020,0.389
953000,0.562,0.026,0.412
954000,0.548,0.008,0.444
955000,0.560,0.008,0.432
956000,0.551,0.005,0.444
957000,0.516,0.030,0.454
958000,0.493,0.017,0.490
959000,0.498,0.034,0.468
960000,0.431,0.027,0.542
961000,0.404,0.028,0.568
962000,0.457,0.030,0.513
963000,0.521,0.012,0.467
964000,0.523,0.017,0.460
965000,0.539,0.006,0.455
966000,0.540,0.009,0.451
967000,0.533,0.013,0.454
968000,0.591,0.003,0.406
969000,0.616,0.005,0.379
970000,0.590,0.012,0.398
971000,0.586,0.001,0.413
972000,0.611,0.002,0.387
973000,0.631,0.001,0.368
974000,0.614,0.008,0.378
975000,0.627,0.005,0.368
976000,0.627,0.005,0.368
977000,0.593,0.005,0.402
978000,0.608,0.008,0.384
979000,0.581,0.011,0.408
980000,0.609,0.003,0.388
981000,0.593,0.006,0.401
982000,0.601,0.007,0.392
983000,0.561,0.011,0.428
984000,0.584,0.007,0.409
985000,0.615,0.008,0.377
986000,0.592,0.013,0.395
987000,0.642,0.003,0.355
988000,0.665,0.002,0.333
989000,0.635,0.008,0.357
990000,0.622,0.003,0.375
991000,0.644,0.006,0.350
992000,0.652,0.006,0.342
993000,0.603,0.009,0.388
994000,0.650,0.003,0.347
995000,0.640,0.008,0.352
996000,0.617,0.011,0.372
997000,0.618,0.002,0.380
998000,0.645,0.001,0.354
999000,0.589,0.001,0.410
1000000,0.586,0.007,0.407
