time,n_A+p,n_B,n_AB
0,0.446,0.554,-0.000
500,0.269,0.388,0.343
1000,0.277,0.376,0.347
1500,0.244,0.380,0.376
2000,0.240,0.417,0.343
2500,0.149,0.438,0.413
3000,0.045,0.603,0.351
3500,0.062,0.719,0.219
4000,0.004,0.888,0.107
4500,0.004,0.934,0.062
5000,0.000,0.938,0.062
5500,0.000,0.979,0.021
6000,0.000,0.988,0.012
6500,0.000,1.000,0.000
