time,n_A+p,n_B,n_AB
0,0.446,0.554,-0.000
500,0.190,0.215,0.595
1000,0.153,0.190,0.657
1500,0.186,0.186,0.628
2000,0.182,0.136,0.682
2500,0.194,0.120,0.686
3000,0.223,0.124,0.653
3500,0.219,0.132,0.649
4000,0.202,0.145,0.653
4500,0.161,0.169,0.669
5000,0.174,0.178,0.649
5500,0.202,0.202,0.595
6000,0.136,0.145,0.719
6500,0.215,0.112,0.674
7000,0.169,0.128,0.702
7500,0.145,0.128,0.727
8000,0.087,0.178,0.736
8500,0.083,0.207,0.711
9000,0.095,0.236,0.669
9500,0.136,0.169,0.694
10000,0.120,0.178,0.702
10500,0.211,0.128,0.661
11000,0.202,0.145,0.653
11500,0.182,0.161,0.657
12000,0.120,0.169,0.711
12500,0.145,0.136,0.719
13000,0.107,0.219,0.674
13500,0.153,0.157,0.690
14000,0.132,0.145,0.723
14500,0.165,0.178,0.657
15000,0.157,0.178,0.665
15500,0.136,0.194,0.669
16000,0.157,0.165,0.678
16500,0.165,0.165,0.669
17000,0.190,0.140,0.669
17500,0.190,0.132,0.678
18000,0.182,0.169,0.649
18500,0.194,0.169,0.636
19000,0.211,0.107,0.682
19500,0.186,0.099,0.715
20000,0.211,0.202,0.587
20500,0.215,0.128,0.657
21000,0.198,0.128,0.674
21500,0.182,0.132,0.686
22000,0.198,0.140,0.661
22500,0.149,0.178,0.674
23000,0.145,0.169,0.686
23500,0.202,0.116,0.682
24000,0.153,0.178,0.669
24500,0.140,0.190,0.669
25000,0.095,0.190,0.715
25500,0.083,0.252,0.665
26000,0.103,0.215,0.682
26500,0.248,0.157,0.595
27000,0.219,0.153,0.628
27500,0.178,0.136,0.686
28000,0.207,0.112,0.682
28500,0.124,0.145,0.731
29000,0.236,0.124,0.640
29500,0.219,0.116,0.665
30000,0.124,0.190,0.686
30500,0.107,0.219,0.674
31000,0.194,0.174,0.632
31500,0.153,0.194,0.653
32000,0.202,0.145,0.653
32500,0.273,0.120,0.607
33000,0.231,0.103,0.665
33500,0.207,0.116,0.678
34000,0.120,0.190,0.690
34500,0.161,0.136,0.702
35000,0.248,0.103,0.649
35500,0.219,0.107,0.674
36000,0.223,0.091,0.686
36500,0.240,0.107,0.653
37000,0.215,0.140,0.645
37500,0.174,0.157,0.669
38000,0.236,0.165,0.599
38500,0.190,0.124,0.686
39000,0.186,0.095,0.719
39500,0.124,0.174,0.702
40000,0.136,0.182,0.682
40500,0.240,0.124,0.636
41000,0.153,0.145,0.702
41500,0.050,0.244,0.707
42000,0.116,0.269,0.616
42500,0.079,0.264,0.657
43000,0.161,0.157,0.682
43500,0.145,0.169,0.686
44000,0.182,0.165,0.653
44500,0.178,0.157,0.665
45000,0.165,0.186,0.649
45500,0.116,0.198,0.686
46000,0.136,0.198,0.665
46500,0.107,0.161,0.731
47000,0.186,0.169,0.645
47500,0.112,0.190,0.698
48000,0.124,0.153,0.723
48500,0.178,0.178,0.645
49000,0.124,0.149,0.727
49500,0.128,0.153,0.719
50000,0.132,0.140,0.727
50500,0.190,0.194,0.616
51000,0.161,0.223,0.616
51500,0.112,0.186,0.702
52000,0.091,0.219,0.690
52500,0.099,0.136,0.764
53000,0.120,0.182,0.698
53500,0.128,0.153,0.719
54000,0.132,0.153,0.715
54500,0.165,0.140,0.694
55000,0.174,0.120,0.707
55500,0.174,0.149,0.678
56000,0.211,0.103,0.686
56500,0.289,0.083,0.628
57000,0.202,0.074,0.723
57500,0.178,0.145,0.678
58000,0.087,0.244,0.669
58500,0.074,0.264,0.661
59000,0.103,0.169,0.727
59500,0.174,0.153,0.674
60000,0.178,0.157,0.665
60500,0.107,0.202,0.690
61000,0.091,0.219,0.690
61500,0.054,0.244,0.702
62000,0.128,0.223,0.649
62500,0.062,0.219,0.719
63000,0.136,0.211,0.653
63500,0.161,0.087,0.752
64000,0.252,0.087,0.661
64500,0.260,0.083,0.657
65000,0.227,0.116,0.657
65500,0.248,0.120,0.632
66000,0.194,0.182,0.624
66500,0.178,0.182,0.640
67000,0.145,0.145,0.711
67500,0.165,0.149,0.686
68000,0.161,0.174,0.665
68500,0.153,0.219,0.628
69000,0.128,0.165,0.707
69500,0.116,0.178,0.707
70000,0.145,0.128,0.727
70500,0.161,0.182,0.657
71000,0.186,0.149,0.665
71500,0.145,0.165,0.690
72000,0.099,0.153,0.748
72500,0.178,0.124,0.698
73000,0.256,0.091,0.653
73500,0.248,0.124,0.628
74000,0.161,0.107,0.731
74500,0.149,0.165,0.686
75000,0.227,0.087,0.686
75500,0.202,0.153,0.645
76000,0.182,0.145,0.674
76500,0.190,0.136,0.674
77000,0.202,0.124,0.674
77500,0.145,0.128,0.727
78000,0.140,0.169,0.690
78500,0.136,0.136,0.727
79000,0.128,0.112,0.760
79500,0.149,0.165,0.686
80000,0.132,0.215,0.653
80500,0.211,0.207,0.583
81000,0.219,0.236,0.545
81500,0.116,0.289,0.595
82000,0.128,0.198,0.674
82500,0.107,0.169,0.723
83000,0.182,0.174,0.645
83500,0.223,0.145,0.632
84000,0.107,0.169,0.723
84500,0.157,0.157,0.686
85000,0.186,0.190,0.624
85500,0.136,0.161,0.702
86000,0.132,0.165,0.702
86500,0.202,0.124,0.674
87000,0.153,0.157,0.690
87500,0.132,0.169,0.698
88000,0.165,0.244,0.591
88500,0.140,0.202,0.657
89000,0.169,0.194,0.636
89500,0.132,0.182,0.686
90000,0.112,0.202,0.686
90500,0.145,0.202,0.653
91000,0.244,0.116,0.640
91500,0.112,0.178,0.711
92000,0.157,0.178,0.665
92500,0.140,0.149,0.711
93000,0.128,0.132,0.740
93500,0.140,0.136,0.723
94000,0.198,0.169,0.632
94500,0.198,0.157,0.645
95000,0.124,0.227,0.649
95500,0.128,0.153,0.719
96000,0.120,0.157,0.723
96500,0.157,0.124,0.719
97000,0.132,0.240,0.628
97500,0.116,0.223,0.661
98000,0.107,0.223,0.669
98500,0.161,0.223,0.616
99000,0.169,0.165,0.665
99500,0.211,0.145,0.645
100000,0.116,0.236,0.649
100500,0.116,0.223,0.661
101000,0.165,0.174,0.661
101500,0.169,0.140,0.690
102000,0.103,0.211,0.686
102500,0.120,0.202,0.678
103000,0.219,0.178,0.603
103500,0.190,0.178,0.632
104000,0.140,0.190,0.669
104500,0.174,0.178,0.649
105000,0.124,0.227,0.649
105500,0.140,0.207,0.653
106000,0.140,0.145,0.715
106500,0.165,0.112,0.723
107000,0.182,0.112,0.707
107500,0.140,0.161,0.698
108000,0.140,0.161,0.698
108500,0.198,0.124,0.678
109000,0.149,0.161,0.690
109500,0.165,0.219,0.616
110000,0.107,0.252,0.640
110500,0.157,0.215,0.628
111000,0.124,0.306,0.570
111500,0.112,0.207,0.682
112000,0.161,0.161,0.678
112500,0.157,0.153,0.690
113000,0.145,0.182,0.674
113500,0.091,0.174,0.736
114000,0.136,0.248,0.616
114500,0.107,0.174,0.719
115000,0.157,0.161,0.682
115500,0.149,0.194,0.657
116000,0.124,0.194,0.682
116500,0.145,0.095,0.760
117000,0.149,0.136,0.715
117500,0.161,0.182,0.657
118000,0.099,0.186,0.715
118500,0.099,0.178,0.723
119000,0.149,0.132,0.719
119500,0.095,0.165,0.740
120000,0.140,0.128,0.731
120500,0.091,0.202,0.707
121000,0.161,0.161,0.678
121500,0.165,0.153,0.682
122000,0.157,0.165,0.678
122500,0.207,0.124,0.669
123000,0.169,0.153,0.678
123500,0.145,0.153,0.702
124000,0.157,0.161,0.682
124500,0.169,0.182,0.649
125000,0.099,0.194,0.707
125500,0.116,0.219,0.665
126000,0.145,0.211,0.645
126500,0.095,0.186,0.719
127000,0.112,0.161,0.727
127500,0.124,0.120,0.756
128000,0.236,0.107,0.657
128500,0.248,0.066,0.686
129000,0.190,0.169,0.640
129500,0.112,0.215,0.674
130000,0.136,0.240,0.624
130500,0.103,0.227,0.669
131000,0.074,0.178,0.748
131500,0.091,0.248,0.661
132000,0.087,0.293,0.620
132500,0.178,0.248,0.574
133000,0.178,0.178,0.645
133500,0.182,0.107,0.711
134000,0.165,0.190,0.645
134500,0.223,0.112,0.665
135000,0.194,0.124,0.682
135500,0.120,0.095,0.785
136000,0.182,0.116,0.702
136500,0.169,0.112,0.719
137000,0.149,0.140,0.711
137500,0.215,0.132,0.653
138000,0.198,0.140,0.661
138500,0.132,0.128,0.740
139000,0.244,0.161,0.595
139500,0.298,0.107,0.595
140000,0.244,0.103,0.653
140500,0.256,0.174,0.570
141000,0.107,0.219,0.674
141500,0.107,0.260,0.632
142000,0.037,0.269,0.694
142500,0.112,0.260,0.628
143000,0.132,0.202,0.665
143500,0.165,0.182,0.653
144000,0.112,0.120,0.769
144500,0.136,0.211,0.653
145000,0.116,0.236,0.649
145500,0.149,0.240,0.612
146000,0.136,0.227,0.636
146500,0.116,0.169,0.715
147000,0.186,0.161,0.653
147500,0.174,0.124,0.702
148000,0.174,0.161,0.665
148500,0.124,0.153,0.723
149000,0.107,0.165,0.727
149500,0.153,0.124,0.723
150000,0.140,0.124,0.736
150500,0.231,0.112,0.657
151000,0.190,0.099,0.711
151500,0.198,0.136,0.665
152000,0.182,0.145,0.674
152500,0.219,0.136,0.645
153000,0.161,0.169,0.669
153500,0.103,0.215,0.682
154000,0.132,0.223,0.645
154500,0.149,0.198,0.653
155000,0.194,0.157,0.649
155500,0.194,0.178,0.628
156000,0.178,0.136,0.686
156500,0.157,0.140,0.702
157000,0.161,0.202,0.636
157500,0.132,0.223,0.645
158000,0.124,0.157,0.719
158500,0.116,0.211,0.674
159000,0.103,0.190,0.707
159500,0.128,0.207,0.665
160000,0.194,0.124,0.682
160500,0.281,0.128,0.591
161000,0.302,0.124,0.574
161500,0.314,0.070,0.616
162000,0.256,0.128,0.616
162500,0.231,0.128,0.640
163000,0.223,0.145,0.632
163500,0.219,0.140,0.640
164000,0.227,0.145,0.628
164500,0.178,0.103,0.719
165000,0.289,0.103,0.607
165500,0.211,0.124,0.665
166000,0.194,0.087,0.719
166500,0.211,0.112,0.678
167000,0.174,0.124,0.702
167500,0.219,0.124,0.657
168000,0.207,0.145,0.649
168500,0.149,0.186,0.665
169000,0.103,0.178,0.719
169500,0.153,0.149,0.698
170000,0.207,0.165,0.628
170500,0.174,0.157,0.669
171000,0.165,0.165,0.669
171500,0.120,0.186,0.694
172000,0.128,0.207,0.665
172500,0.124,0.157,0.719
173000,0.136,0.182,0.682
173500,0.165,0.120,0.715
174000,0.145,0.157,0.698
174500,0.178,0.157,0.665
175000,0.128,0.190,0.682
175500,0.120,0.223,0.657
176000,0.128,0.211,0.661
176500,0.161,0.244,0.595
177000,0.140,0.186,0.674
177500,0.145,0.198,0.657
178000,0.198,0.178,0.624
178500,0.178,0.165,0.657
179000,0.132,0.132,0.736
179500,0.124,0.145,0.731
180000,0.165,0.112,0.723
180500,0.182,0.132,0.686
181000,0.190,0.165,0.645
181500,0.157,0.145,0.698
182000,0.128,0.157,0.715
182500,0.182,0.116,0.702
183000,0.219,0.112,0.669
183500,0.190,0.136,0.674
184000,0.178,0.145,0.678
184500,0.174,0.186,0.640
185000,0.149,0.165,0.686
185500,0.161,0.153,0.686
186000,0.161,0.215,0.624
186500,0.145,0.198,0.657
187000,0.107,0.178,0.715
187500,0.107,0.182,0.711
188000,0.091,0.252,0.657
188500,0.120,0.264,0.616
189000,0.165,0.157,0.678
189500,0.178,0.174,0.649
190000,0.165,0.186,0.649
190500,0.132,0.120,0.748
191000,0.149,0.182,0.669
191500,0.198,0.165,0.636
192000,0.103,0.231,0.665
192500,0.128,0.161,0.711
193000,0.161,0.145,0.694
193500,0.215,0.153,0.632
194000,0.236,0.149,0.616
194500,0.207,0.174,0.620
195000,0.244,0.136,0.620
195500,0.298,0.112,0.591
196000,0.198,0.079,0.723
196500,0.157,0.145,0.698
197000,0.149,0.153,0.698
197500,0.140,0.161,0.698
198000,0.145,0.174,0.682
198500,0.182,0.186,0.632
199000,0.161,0.120,0.719
199500,0.161,0.194,0.645
200000,0.140,0.240,0.620
200500,0.116,0.285,0.599
201000,0.103,0.231,0.665
201500,0.161,0.202,0.636
202000,0.112,0.236,0.653
202500,0.149,0.198,0.653
203000,0.190,0.112,0.698
203500,0.165,0.157,0.678
204000,0.178,0.186,0.636
204500,0.153,0.211,0.636
205000,0.128,0.149,0.723
205500,0.211,0.182,0.607
206000,0.149,0.182,0.669
206500,0.107,0.190,0.702
207000,0.083,0.178,0.740
207500,0.099,0.190,0.711
208000,0.103,0.157,0.740
208500,0.095,0.178,0.727
209000,0.145,0.198,0.657
209500,0.145,0.157,0.698
210000,0.145,0.116,0.740
210500,0.107,0.227,0.665
211000,0.128,0.157,0.715
211500,0.207,0.095,0.698
212000,0.174,0.145,0.682
212500,0.198,0.112,0.690
213000,0.087,0.174,0.740
213500,0.120,0.186,0.694
214000,0.182,0.153,0.665
214500,0.103,0.194,0.702
215000,0.079,0.190,0.731
215500,0.124,0.219,0.657
216000,0.153,0.169,0.678
216500,0.178,0.207,0.616
217000,0.178,0.157,0.665
217500,0.124,0.182,0.694
218000,0.091,0.190,0.719
218500,0.153,0.202,0.645
219000,0.161,0.112,0.727
219500,0.207,0.128,0.665
220000,0.165,0.107,0.727
220500,0.227,0.099,0.674
221000,0.165,0.174,0.661
221500,0.186,0.107,0.707
222000,0.157,0.120,0.723
222500,0.136,0.128,0.736
223000,0.145,0.161,0.694
223500,0.190,0.112,0.698
224000,0.169,0.120,0.711
224500,0.153,0.112,0.736
225000,0.236,0.099,0.665
225500,0.157,0.174,0.669
226000,0.136,0.260,0.603
226500,0.087,0.165,0.748
227000,0.194,0.124,0.682
227500,0.236,0.132,0.632
228000,0.186,0.140,0.674
228500,0.153,0.161,0.686
229000,0.140,0.198,0.661
229500,0.140,0.161,0.698
230000,0.227,0.140,0.632
230500,0.202,0.178,0.620
231000,0.202,0.128,0.669
231500,0.165,0.132,0.702
232000,0.169,0.182,0.649
232500,0.157,0.182,0.661
233000,0.157,0.145,0.698
233500,0.140,0.194,0.665
234000,0.174,0.157,0.669
234500,0.165,0.174,0.661
235000,0.198,0.132,0.669
235500,0.223,0.116,0.661
236000,0.165,0.153,0.682
236500,0.178,0.161,0.661
237000,0.182,0.124,0.694
237500,0.174,0.190,0.636
238000,0.198,0.198,0.603
238500,0.169,0.207,0.624
239000,0.153,0.215,0.632
239500,0.186,0.157,0.657
240000,0.128,0.145,0.727
240500,0.132,0.231,0.636
241000,0.140,0.202,0.657
241500,0.211,0.198,0.591
242000,0.248,0.116,0.636
242500,0.211,0.161,0.628
243000,0.161,0.149,0.690
243500,0.178,0.132,0.690
244000,0.169,0.099,0.731
244500,0.190,0.140,0.669
245000,0.178,0.174,0.649
245500,0.145,0.149,0.707
246000,0.186,0.194,0.620
246500,0.153,0.194,0.653
247000,0.165,0.149,0.686
247500,0.132,0.207,0.661
248000,0.074,0.240,0.686
248500,0.087,0.186,0.727
249000,0.194,0.124,0.682
249500,0.124,0.145,0.731
250000,0.231,0.174,0.595
250500,0.207,0.145,0.649
251000,0.182,0.124,0.694
251500,0.178,0.132,0.690
252000,0.136,0.169,0.694
252500,0.120,0.202,0.678
253000,0.107,0.157,0.736
253500,0.103,0.186,0.711
254000,0.211,0.116,0.674
254500,0.190,0.124,0.686
255000,0.165,0.161,0.674
255500,0.248,0.165,0.587
256000,0.207,0.103,0.690
256500,0.298,0.083,0.620
257000,0.174,0.087,0.740
257500,0.157,0.140,0.702
258000,0.231,0.095,0.674
258500,0.248,0.074,0.678
259000,0.223,0.128,0.649
259500,0.231,0.132,0.636
260000,0.153,0.149,0.698
260500,0.112,0.227,0.661
261000,0.107,0.236,0.657
261500,0.140,0.198,0.661
262000,0.087,0.211,0.702
262500,0.103,0.207,0.690
263000,0.116,0.194,0.690
263500,0.099,0.207,0.694
264000,0.132,0.215,0.653
264500,0.054,0.331,0.616
265000,0.058,0.285,0.657
265500,0.087,0.306,0.607
266000,0.070,0.219,0.711
266500,0.140,0.236,0.624
267000,0.095,0.252,0.653
267500,0.157,0.153,0.690
268000,0.128,0.174,0.698
268500,0.194,0.136,0.669
269000,0.174,0.157,0.669
269500,0.227,0.091,0.682
270000,0.202,0.116,0.682
270500,0.240,0.112,0.649
271000,0.281,0.103,0.616
271500,0.219,0.095,0.686
272000,0.298,0.116,0.587
272500,0.322,0.103,0.574
273000,0.343,0.062,0.595
273500,0.289,0.112,0.599
274000,0.219,0.153,0.628
274500,0.186,0.157,0.657
275000,0.178,0.140,0.682
275500,0.186,0.116,0.698
276000,0.215,0.116,0.669
276500,0.219,0.116,0.665
277000,0.190,0.103,0.707
277500,0.161,0.140,0.698
278000,0.178,0.169,0.653
278500,0.140,0.227,0.632
279000,0.190,0.145,0.665
279500,0.149,0.178,0.674
280000,0.145,0.132,0.723
280500,0.132,0.194,0.674
281000,0.112,0.174,0.715
281500,0.153,0.174,0.674
282000,0.165,0.157,0.678
282500,0.116,0.202,0.682
283000,0.165,0.157,0.678
283500,0.202,0.157,0.640
284000,0.107,0.244,0.649
284500,0.153,0.132,0.715
285000,0.107,0.198,0.694
285500,0.132,0.174,0.694
286000,0.062,0.211,0.727
286500,0.112,0.223,0.665
287000,0.136,0.161,0.702
287500,0.153,0.169,0.678
288000,0.153,0.219,0.628
288500,0.087,0.252,0.661
289000,0.128,0.190,0.682
289500,0.157,0.215,0.628
290000,0.165,0.186,0.649
290500,0.190,0.165,0.645
291000,0.252,0.107,0.640
291500,0.211,0.103,0.686
292000,0.194,0.174,0.632
292500,0.149,0.186,0.665
293000,0.091,0.211,0.698
293500,0.079,0.227,0.694
294000,0.099,0.273,0.628
294500,0.107,0.236,0.657
295000,0.107,0.157,0.736
295500,0.095,0.178,0.727
296000,0.107,0.252,0.640
296500,0.128,0.236,0.636
297000,0.215,0.157,0.628
297500,0.215,0.091,0.694
298000,0.161,0.132,0.707
298500,0.198,0.153,0.649
299000,0.202,0.116,0.682
299500,0.186,0.112,0.702
300000,0.207,0.087,0.707
300500,0.194,0.136,0.669
301000,0.157,0.124,0.719
301500,0.202,0.157,0.640
302000,0.223,0.103,0.674
302500,0.202,0.112,0.686
303000,0.207,0.116,0.678
303500,0.215,0.112,0.674
304000,0.244,0.091,0.665
304500,0.186,0.165,0.649
305000,0.157,0.153,0.690
305500,0.165,0.153,0.682
306000,0.116,0.236,0.649
306500,0.116,0.157,0.727
307000,0.153,0.140,0.707
307500,0.140,0.207,0.653
308000,0.136,0.186,0.678
308500,0.145,0.198,0.657
309000,0.157,0.198,0.645
309500,0.223,0.124,0.653
310000,0.174,0.174,0.653
310500,0.190,0.149,0.661
311000,0.223,0.190,0.587
311500,0.178,0.186,0.636
312000,0.145,0.157,0.698
312500,0.174,0.149,0.678
313000,0.207,0.120,0.674
313500,0.128,0.083,0.789
314000,0.178,0.157,0.665
314500,0.136,0.190,0.674
315000,0.182,0.190,0.628
315500,0.186,0.186,0.628
316000,0.149,0.149,0.702
316500,0.186,0.194,0.620
317000,0.120,0.260,0.620
317500,0.132,0.219,0.649
318000,0.120,0.211,0.669
318500,0.103,0.244,0.653
319000,0.132,0.302,0.566
319500,0.132,0.140,0.727
320000,0.140,0.157,0.702
320500,0.161,0.149,0.690
321000,0.219,0.182,0.599
321500,0.202,0.145,0.653
322000,0.124,0.149,0.727
322500,0.083,0.140,0.777
323000,0.132,0.186,0.682
323500,0.140,0.161,0.698
324000,0.165,0.128,0.707
324500,0.169,0.120,0.711
325000,0.145,0.132,0.723
325500,0.149,0.161,0.690
326000,0.186,0.149,0.665
326500,0.198,0.186,0.616
327000,0.198,0.132,0.669
327500,0.182,0.140,0.678
328000,0.145,0.161,0.694
328500,0.149,0.190,0.661
329000,0.124,0.157,0.719
329500,0.112,0.182,0.707
330000,0.107,0.202,0.690
330500,0.124,0.260,0.616
331000,0.140,0.194,0.665
331500,0.062,0.306,0.632
332000,0.095,0.273,0.632
332500,0.091,0.260,0.649
333000,0.149,0.207,0.645
333500,0.165,0.165,0.669
334000,0.174,0.207,0.620
334500,0.190,0.116,0.694
335000,0.223,0.074,0.702
335500,0.306,0.112,0.583
336000,0.215,0.128,0.657
336500,0.186,0.120,0.694
337000,0.182,0.136,0.682
337500,0.182,0.211,0.607
338000,0.161,0.145,0.694
338500,0.145,0.219,0.636
339000,0.153,0.215,0.632
339500,0.194,0.124,0.682
340000,0.132,0.107,0.760
340500,0.107,0.198,0.694
341000,0.107,0.223,0.669
341500,0.132,0.182,0.686
342000,0.182,0.202,0.616
342500,0.240,0.157,0.603
343000,0.256,0.074,0.669
343500,0.169,0.112,0.719
344000,0.227,0.103,0.669
344500,0.264,0.116,0.620
345000,0.326,0.091,0.583
345500,0.289,0.070,0.640
346000,0.289,0.054,0.657
346500,0.219,0.116,0.665
347000,0.264,0.079,0.657
347500,0.256,0.070,0.674
348000,0.174,0.157,0.669
348500,0.194,0.145,0.661
349000,0.169,0.099,0.731
349500,0.256,0.066,0.678
350000,0.231,0.095,0.674
350500,0.211,0.112,0.678
351000,0.215,0.124,0.661
351500,0.202,0.103,0.694
352000,0.240,0.107,0.653
352500,0.153,0.103,0.744
353000,0.231,0.095,0.674
353500,0.219,0.103,0.678
354000,0.182,0.153,0.665
354500,0.099,0.194,0.707
355000,0.161,0.223,0.616
355500,0.124,0.215,0.661
356000,0.070,0.281,0.649
356500,0.091,0.256,0.653
357000,0.157,0.240,0.603
357500,0.136,0.219,0.645
358000,0.074,0.273,0.653
358500,0.054,0.277,0.669
359000,0.070,0.227,0.702
359500,0.112,0.285,0.603
360000,0.091,0.306,0.603
360500,0.116,0.236,0.649
361000,0.169,0.128,0.702
361500,0.223,0.178,0.599
362000,0.174,0.124,0.702
362500,0.190,0.140,0.669
363000,0.219,0.194,0.587
363500,0.174,0.157,0.669
364000,0.178,0.207,0.616
364500,0.161,0.165,0.674
365000,0.140,0.207,0.653
365500,0.149,0.182,0.669
366000,0.136,0.169,0.694
366500,0.136,0.182,0.682
367000,0.153,0.153,0.694
367500,0.116,0.285,0.599
368000,0.103,0.227,0.669
368500,0.140,0.198,0.661
369000,0.211,0.116,0.674
369500,0.190,0.136,0.674
370000,0.145,0.174,0.682
370500,0.182,0.161,0.657
371000,0.219,0.116,0.665
371500,0.227,0.153,0.620
372000,0.174,0.161,0.665
372500,0.165,0.186,0.649
373000,0.256,0.157,0.587
373500,0.178,0.157,0.665
374000,0.211,0.149,0.640
374500,0.157,0.116,0.727
375000,0.157,0.153,0.690
375500,0.178,0.140,0.682
376000,0.074,0.207,0.719
376500,0.103,0.219,0.678
377000,0.136,0.116,0.748
377500,0.190,0.157,0.653
378000,0.132,0.169,0.698
378500,0.136,0.182,0.682
379000,0.124,0.207,0.669
379500,0.091,0.161,0.748
380000,0.087,0.273,0.640
380500,0.107,0.211,0.682
381000,0.091,0.186,0.723
381500,0.062,0.157,0.781
382000,0.112,0.223,0.665
382500,0.095,0.236,0.669
383000,0.165,0.169,0.665
383500,0.153,0.157,0.690
384000,0.165,0.107,0.727
384500,0.227,0.062,0.711
385000,0.215,0.116,0.669
385500,0.198,0.120,0.682
386000,0.157,0.194,0.649
386500,0.136,0.231,0.632
387000,0.107,0.120,0.773
387500,0.165,0.140,0.694
388000,0.107,0.202,0.690
388500,0.182,0.194,0.624
389000,0.140,0.149,0.711
389500,0.124,0.174,0.702
390000,0.095,0.219,0.686
390500,0.128,0.178,0.694
391000,0.178,0.124,0.698
391500,0.219,0.136,0.645
392000,0.124,0.202,0.674
392500,0.145,0.157,0.698
393000,0.182,0.182,0.636
393500,0.120,0.145,0.736
394000,0.124,0.178,0.698
394500,0.149,0.174,0.678
395000,0.161,0.190,0.649
395500,0.124,0.231,0.645
396000,0.169,0.194,0.636
396500,0.124,0.186,0.690
397000,0.132,0.165,0.702
397500,0.120,0.215,0.665
398000,0.083,0.202,0.715
398500,0.091,0.227,0.682
399000,0.079,0.248,0.674
399500,0.145,0.182,0.674
400000,0.140,0.190,0.669
400500,0.120,0.231,0.649
401000,0.124,0.207,0.669
401500,0.165,0.194,0.640
402000,0.182,0.198,0.620
402500,0.145,0.157,0.698
403000,0.116,0.194,0.690
403500,0.120,0.169,0.711
404000,0.149,0.161,0.690
404500,0.211,0.124,0.665
405000,0.248,0.058,0.694
405500,0.169,0.124,0.707
406000,0.136,0.145,0.719
406500,0.128,0.198,0.674
407000,0.112,0.240,0.649
407500,0.186,0.198,0.616
408000,0.219,0.120,0.661
408500,0.153,0.157,0.690
409000,0.157,0.153,0.690
409500,0.202,0.149,0.649
410000,0.223,0.165,0.612
410500,0.128,0.219,0.653
411000,0.124,0.248,0.628
411500,0.087,0.169,0.744
412000,0.165,0.165,0.669
412500,0.116,0.190,0.694
413000,0.174,0.190,0.636
413500,0.124,0.219,0.657
414000,0.116,0.186,0.698
414500,0.198,0.186,0.616
415000,0.244,0.165,0.591
415500,0.157,0.194,0.649
416000,0.161,0.149,0.690
416500,0.186,0.194,0.620
417000,0.174,0.161,0.665
417500,0.120,0.194,0.686
418000,0.120,0.227,0.653
418500,0.095,0.190,0.715
419000,0.132,0.165,0.702
419500,0.149,0.153,0.698
420000,0.116,0.182,0.702
420500,0.161,0.153,0.686
421000,0.140,0.153,0.707
421500,0.136,0.165,0.698
422000,0.161,0.161,0.678
422500,0.116,0.165,0.719
423000,0.103,0.256,0.640
423500,0.083,0.231,0.686
424000,0.116,0.186,0.698
424500,0.132,0.227,0.640
425000,0.140,0.207,0.653
425500,0.182,0.136,0.682
426000,0.174,0.169,0.657
426500,0.198,0.120,0.682
427000,0.273,0.107,0.620
427500,0.161,0.149,0.690
428000,0.174,0.157,0.669
428500,0.174,0.169,0.657
429000,0.186,0.165,0.649
429500,0.231,0.194,0.574
430000,0.128,0.223,0.649
430500,0.128,0.194,0.678
431000,0.153,0.124,0.723
431500,0.174,0.128,0.698
432000,0.145,0.165,0.690
432500,0.128,0.174,0.698
433000,0.236,0.120,0.645
433500,0.227,0.074,0.698
434000,0.157,0.157,0.686
434500,0.140,0.190,0.669
435000,0.165,0.223,0.612
435500,0.169,0.223,0.607
436000,0.112,0.182,0.707
436500,0.095,0.219,0.686
437000,0.079,0.215,0.707
437500,0.145,0.256,0.599
438000,0.157,0.161,0.682
438500,0.153,0.178,0.669
439000,0.140,0.140,0.719
439500,0.128,0.124,0.748
440000,0.120,0.182,0.698
440500,0.186,0.153,0.661
441000,0.120,0.165,0.715
441500,0.178,0.186,0.636
442000,0.136,0.194,0.669
442500,0.169,0.211,0.620
443000,0.211,0.157,0.632
443500,0.149,0.190,0.661
444000,0.161,0.153,0.686
444500,0.194,0.145,0.661
445000,0.198,0.153,0.649
445500,0.145,0.194,0.661
446000,0.136,0.145,0.719
446500,0.124,0.198,0.678
447000,0.149,0.219,0.632
447500,0.165,0.174,0.661
448000,0.145,0.252,0.603
448500,0.087,0.260,0.653
449000,0.124,0.211,0.665
449500,0.198,0.120,0.682
450000,0.186,0.161,0.653
450500,0.120,0.190,0.690
451000,0.132,0.182,0.686
451500,0.202,0.161,0.636
452000,0.157,0.174,0.669
452500,0.182,0.149,0.669
453000,0.124,0.190,0.686
453500,0.132,0.186,0.682
454000,0.091,0.240,0.669
454500,0.136,0.136,0.727
455000,0.186,0.194,0.620
455500,0.120,0.145,0.736
456000,0.124,0.182,0.694
456500,0.149,0.186,0.665
457000,0.161,0.252,0.587
457500,0.169,0.174,0.657
458000,0.178,0.124,0.698
458500,0.169,0.091,0.740
459000,0.269,0.112,0.620
459500,0.273,0.087,0.640
460000,0.240,0.103,0.657
460500,0.198,0.145,0.657
461000,0.174,0.149,0.678
461500,0.215,0.149,0.636
462000,0.190,0.169,0.640
462500,0.211,0.124,0.665
463000,0.231,0.112,0.657
463500,0.236,0.070,0.694
464000,0.178,0.091,0.731
464500,0.128,0.112,0.760
465000,0.174,0.095,0.731
465500,0.174,0.107,0.719
466000,0.128,0.198,0.674
466500,0.169,0.186,0.645
467000,0.157,0.207,0.636
467500,0.132,0.157,0.711
468000,0.202,0.153,0.645
468500,0.140,0.153,0.707
469000,0.211,0.099,0.690
469500,0.240,0.099,0.661
470000,0.198,0.211,0.591
470500,0.165,0.182,0.653
471000,0.153,0.169,0.678
471500,0.140,0.165,0.694
472000,0.186,0.161,0.653
472500,0.178,0.169,0.653
473000,0.136,0.169,0.694
473500,0.145,0.178,0.678
474000,0.128,0.182,0.690
474500,0.174,0.107,0.719
475000,0.240,0.091,0.669
475500,0.236,0.107,0.657
476000,0.264,0.099,0.636
476500,0.165,0.169,0.665
477000,0.194,0.153,0.653
477500,0.165,0.223,0.612
478000,0.157,0.174,0.669
478500,0.165,0.136,0.698
479000,0.178,0.215,0.607
479500,0.145,0.256,0.599
480000,0.153,0.198,0.649
480500,0.178,0.107,0.715
481000,0.157,0.161,0.682
481500,0.186,0.169,0.645
482000,0.140,0.190,0.669
482500,0.140,0.174,0.686
483000,0.240,0.165,0.595
483500,0.136,0.194,0.669
484000,0.161,0.149,0.690
484500,0.186,0.136,0.678
485000,0.128,0.174,0.698
485500,0.124,0.194,0.682
486000,0.219,0.174,0.607
486500,0.215,0.169,0.616
487000,0.182,0.132,0.686
487500,0.260,0.145,0.595
488000,0.194,0.157,0.649
488500,0.211,0.132,0.657
489000,0.244,0.095,0.661
489500,0.368,0.107,0.525
490000,0.281,0.070,0.649
490500,0.285,0.120,0.595
491000,0.165,0.178,0.657
491500,0.136,0.231,0.632
492000,0.124,0.190,0.686
492500,0.120,0.186,0.694
493000,0.149,0.145,0.707
493500,0.219,0.128,0.653
494000,0.236,0.091,0.674
494500,0.174,0.165,0.661
495000,0.124,0.165,0.711
495500,0.124,0.207,0.669
496000,0.182,0.194,0.624
496500,0.215,0.178,0.607
497000,0.186,0.186,0.628
497500,0.211,0.244,0.545
498000,0.198,0.165,0.636
498500,0.219,0.116,0.665
499000,0.190,0.103,0.707
499500,0.211,0.124,0.665
500000,0.165,0.112,0.723
500500,0.194,0.136,0.669
501000,0.202,0.136,0.661
501500,0.182,0.182,0.636
502000,0.153,0.198,0.649
502500,0.211,0.140,0.649
503000,0.260,0.116,0.624
503500,0.236,0.099,0.665
504000,0.227,0.099,0.674
504500,0.186,0.128,0.686
505000,0.103,0.149,0.748
505500,0.128,0.161,0.711
506000,0.140,0.140,0.719
506500,0.153,0.145,0.702
507000,0.227,0.178,0.595
507500,0.198,0.140,0.661
508000,0.198,0.178,0.624
508500,0.174,0.136,0.690
509000,0.202,0.227,0.570
509500,0.207,0.190,0.603
510000,0.236,0.120,0.645
510500,0.236,0.083,0.682
511000,0.231,0.140,0.628
511500,0.231,0.161,0.607
512000,0.260,0.091,0.649
512500,0.231,0.149,0.620
513000,0.194,0.207,0.599
513500,0.244,0.058,0.698
514000,0.252,0.066,0.682
514500,0.211,0.091,0.698
515000,0.223,0.107,0.669
515500,0.186,0.120,0.694
516000,0.153,0.120,0.727
516500,0.161,0.169,0.669
517000,0.116,0.186,0.698
517500,0.174,0.124,0.702
518000,0.165,0.132,0.702
518500,0.289,0.083,0.628
519000,0.227,0.074,0.698
519500,0.269,0.103,0.628
520000,0.165,0.103,0.731
520500,0.174,0.161,0.665
521000,0.207,0.128,0.665
521500,0.182,0.169,0.649
522000,0.149,0.169,0.682
522500,0.153,0.178,0.669
523000,0.182,0.140,0.678
523500,0.169,0.107,0.723
524000,0.149,0.202,0.649
524500,0.157,0.236,0.607
525000,0.140,0.202,0.657
525500,0.103,0.136,0.760
526000,0.140,0.140,0.719
526500,0.149,0.161,0.690
527000,0.087,0.207,0.707
527500,0.103,0.194,0.702
528000,0.099,0.277,0.624
528500,0.140,0.186,0.674
529000,0.128,0.198,0.674
529500,0.169,0.178,0.653
530000,0.153,0.128,0.719
530500,0.202,0.165,0.632
531000,0.124,0.157,0.719
531500,0.186,0.128,0.686
532000,0.128,0.231,0.640
532500,0.095,0.211,0.694
533000,0.145,0.236,0.620
533500,0.182,0.174,0.645
534000,0.198,0.149,0.653
534500,0.153,0.223,0.624
535000,0.140,0.202,0.657
535500,0.169,0.174,0.657
536000,0.145,0.227,0.628
536500,0.169,0.169,0.661
537000,0.149,0.161,0.690
537500,0.140,0.157,0.702
538000,0.223,0.174,0.603
538500,0.236,0.128,0.636
539000,0.161,0.186,0.653
539500,0.149,0.219,0.632
540000,0.140,0.202,0.657
540500,0.157,0.186,0.657
541000,0.202,0.132,0.665
541500,0.161,0.074,0.764
542000,0.236,0.099,0.665
542500,0.198,0.099,0.702
543000,0.136,0.174,0.690
543500,0.132,0.252,0.616
544000,0.091,0.248,0.661
544500,0.198,0.202,0.599
545000,0.132,0.165,0.702
545500,0.198,0.157,0.645
546000,0.215,0.087,0.698
546500,0.145,0.182,0.674
547000,0.116,0.231,0.653
547500,0.153,0.145,0.702
548000,0.198,0.149,0.653
548500,0.128,0.165,0.707
549000,0.231,0.099,0.669
549500,0.178,0.120,0.702
550000,0.231,0.161,0.607
550500,0.157,0.103,0.740
551000,0.190,0.116,0.694
551500,0.128,0.095,0.777
552000,0.178,0.128,0.694
552500,0.198,0.169,0.632
553000,0.223,0.165,0.612
553500,0.149,0.145,0.707
554000,0.169,0.116,0.715
554500,0.153,0.149,0.698
555000,0.231,0.099,0.669
555500,0.174,0.132,0.694
556000,0.157,0.140,0.702
556500,0.140,0.128,0.731
557000,0.157,0.169,0.674
557500,0.219,0.124,0.657
558000,0.240,0.099,0.661
558500,0.202,0.099,0.698
559000,0.161,0.124,0.715
559500,0.132,0.190,0.678
560000,0.174,0.178,0.649
560500,0.091,0.157,0.752
561000,0.136,0.260,0.603
561500,0.149,0.145,0.707
562000,0.169,0.132,0.698
562500,0.178,0.145,0.678
563000,0.140,0.202,0.657
563500,0.174,0.120,0.707
564000,0.145,0.182,0.674
564500,0.103,0.198,0.698
565000,0.120,0.202,0.678
565500,0.124,0.277,0.599
566000,0.099,0.273,0.628
566500,0.120,0.227,0.653
567000,0.091,0.256,0.653
567500,0.099,0.219,0.682
568000,0.145,0.178,0.678
568500,0.202,0.157,0.640
569000,0.198,0.136,0.665
569500,0.211,0.103,0.686
570000,0.149,0.112,0.740
570500,0.186,0.153,0.661
571000,0.140,0.174,0.686
571500,0.236,0.149,0.616
572000,0.112,0.178,0.711
572500,0.140,0.140,0.719
573000,0.136,0.190,0.674
573500,0.227,0.153,0.620
574000,0.182,0.145,0.674
574500,0.178,0.145,0.678
575000,0.194,0.223,0.583
575500,0.190,0.240,0.570
576000,0.153,0.161,0.686
576500,0.136,0.215,0.649
577000,0.099,0.219,0.682
577500,0.149,0.165,0.686
578000,0.087,0.198,0.715
578500,0.079,0.260,0.661
579000,0.112,0.256,0.632
579500,0.136,0.207,0.657
580000,0.157,0.149,0.694
580500,0.169,0.140,0.690
581000,0.149,0.153,0.698
581500,0.165,0.140,0.694
582000,0.161,0.149,0.690
582500,0.264,0.128,0.607
583000,0.198,0.157,0.645
583500,0.186,0.194,0.620
584000,0.132,0.215,0.653
584500,0.165,0.211,0.624
585000,0.157,0.136,0.707
585500,0.223,0.112,0.665
586000,0.140,0.116,0.744
586500,0.236,0.070,0.694
587000,0.157,0.153,0.690
587500,0.153,0.198,0.649
588000,0.165,0.165,0.669
588500,0.120,0.202,0.678
589000,0.124,0.169,0.707
589500,0.132,0.236,0.632
590000,0.103,0.227,0.669
590500,0.153,0.223,0.624
591000,0.182,0.186,0.632
591500,0.083,0.240,0.678
592000,0.116,0.215,0.669
592500,0.112,0.240,0.649
593000,0.099,0.227,0.674
593500,0.165,0.178,0.657
594000,0.161,0.161,0.678
594500,0.124,0.244,0.632
595000,0.132,0.165,0.702
595500,0.174,0.165,0.661
596000,0.207,0.128,0.665
596500,0.256,0.103,0.640
597000,0.207,0.112,0.682
597500,0.236,0.070,0.694
598000,0.231,0.058,0.711
598500,0.244,0.066,0.690
599000,0.227,0.050,0.723
599500,0.178,0.169,0.653
600000,0.211,0.120,0.669
600500,0.182,0.157,0.661
601000,0.103,0.182,0.715
601500,0.140,0.215,0.645
602000,0.174,0.095,0.731
602500,0.211,0.074,0.715
603000,0.178,0.099,0.723
603500,0.227,0.107,0.665
604000,0.256,0.103,0.640
604500,0.190,0.112,0.698
605000,0.174,0.120,0.707
605500,0.186,0.174,0.640
606000,0.182,0.140,0.678
606500,0.186,0.140,0.674
607000,0.145,0.124,0.731
607500,0.211,0.070,0.719
608000,0.215,0.161,0.624
608500,0.256,0.145,0.599
609000,0.223,0.169,0.607
609500,0.223,0.165,0.612
610000,0.198,0.103,0.698
610500,0.153,0.178,0.669
611000,0.120,0.169,0.711
611500,0.103,0.120,0.777
612000,0.136,0.194,0.669
612500,0.161,0.194,0.645
613000,0.174,0.215,0.612
613500,0.157,0.136,0.707
614000,0.174,0.174,0.653
614500,0.132,0.182,0.686
615000,0.128,0.190,0.682
615500,0.165,0.165,0.669
616000,0.149,0.182,0.669
616500,0.124,0.198,0.678
617000,0.136,0.236,0.628
617500,0.140,0.190,0.669
618000,0.207,0.174,0.620
618500,0.236,0.149,0.616
619000,0.174,0.099,0.727
619500,0.182,0.157,0.661
620000,0.227,0.136,0.636
620500,0.136,0.136,0.727
621000,0.202,0.128,0.669
621500,0.198,0.140,0.661
622000,0.174,0.153,0.674
622500,0.136,0.169,0.694
623000,0.145,0.252,0.603
623500,0.095,0.227,0.678
624000,0.083,0.215,0.702
624500,0.124,0.244,0.632
625000,0.153,0.149,0.698
625500,0.145,0.202,0.653
626000,0.236,0.169,0.595
626500,0.165,0.202,0.632
627000,0.157,0.128,0.715
627500,0.240,0.083,0.678
628000,0.178,0.140,0.682
628500,0.198,0.112,0.690
629000,0.169,0.153,0.678
629500,0.182,0.202,0.616
630000,0.215,0.178,0.607
630500,0.178,0.165,0.657
631000,0.211,0.161,0.628
631500,0.145,0.207,0.649
632000,0.124,0.215,0.661
632500,0.149,0.161,0.690
633000,0.140,0.132,0.727
633500,0.153,0.161,0.686
634000,0.136,0.190,0.674
634500,0.103,0.252,0.645
635000,0.165,0.215,0.620
635500,0.124,0.182,0.694
636000,0.136,0.174,0.690
636500,0.169,0.149,0.682
637000,0.169,0.174,0.657
637500,0.161,0.145,0.694
638000,0.231,0.136,0.632
638500,0.194,0.153,0.653
639000,0.145,0.178,0.678
639500,0.194,0.202,0.603
640000,0.140,0.190,0.669
640500,0.157,0.157,0.686
641000,0.083,0.165,0.752
641500,0.198,0.198,0.603
642000,0.136,0.198,0.665
642500,0.149,0.091,0.760
643000,0.161,0.087,0.752
643500,0.223,0.087,0.690
644000,0.207,0.107,0.686
644500,0.157,0.116,0.727
645000,0.211,0.099,0.690
645500,0.211,0.149,0.640
646000,0.227,0.074,0.698
646500,0.318,0.083,0.599
647000,0.273,0.041,0.686
647500,0.248,0.103,0.649
648000,0.136,0.103,0.760
648500,0.132,0.219,0.649
649000,0.116,0.153,0.731
649500,0.145,0.186,0.669
650000,0.140,0.174,0.686
650500,0.066,0.277,0.657
651000,0.120,0.223,0.657
651500,0.145,0.182,0.674
652000,0.103,0.182,0.715
652500,0.140,0.182,0.678
653000,0.136,0.112,0.752
653500,0.194,0.112,0.694
654000,0.149,0.178,0.674
654500,0.136,0.178,0.686
655000,0.095,0.194,0.711
655500,0.145,0.178,0.678
656000,0.103,0.190,0.707
656500,0.103,0.190,0.707
657000,0.062,0.182,0.756
657500,0.116,0.223,0.661
658000,0.165,0.190,0.645
658500,0.174,0.153,0.674
659000,0.169,0.153,0.678
659500,0.169,0.157,0.674
660000,0.145,0.169,0.686
660500,0.231,0.169,0.599
661000,0.186,0.091,0.723
661500,0.140,0.153,0.707
662000,0.161,0.116,0.723
662500,0.211,0.099,0.690
663000,0.240,0.120,0.640
663500,0.256,0.124,0.620
664000,0.236,0.103,0.661
664500,0.161,0.136,0.702
665000,0.145,0.161,0.694
665500,0.132,0.107,0.760
666000,0.136,0.190,0.674
666500,0.062,0.211,0.727
667000,0.054,0.231,0.715
667500,0.124,0.136,0.740
668000,0.112,0.194,0.694
668500,0.074,0.281,0.645
669000,0.070,0.269,0.661
669500,0.136,0.322,0.541
670000,0.070,0.289,0.640
670500,0.054,0.269,0.678
671000,0.079,0.236,0.686
671500,0.091,0.227,0.682
672000,0.120,0.310,0.570
672500,0.103,0.211,0.686
673000,0.066,0.240,0.694
673500,0.083,0.285,0.632
674000,0.095,0.273,0.632
674500,0.140,0.227,0.632
675000,0.107,0.215,0.678
675500,0.112,0.256,0.632
676000,0.165,0.116,0.719
676500,0.140,0.132,0.727
677000,0.231,0.095,0.674
677500,0.186,0.132,0.682
678000,0.103,0.198,0.698
678500,0.107,0.174,0.719
679000,0.136,0.223,0.640
679500,0.178,0.207,0.616
680000,0.132,0.207,0.661
680500,0.095,0.207,0.698
681000,0.120,0.223,0.657
681500,0.058,0.273,0.669
682000,0.054,0.306,0.640
682500,0.091,0.260,0.649
683000,0.161,0.190,0.649
683500,0.107,0.215,0.678
684000,0.165,0.169,0.665
684500,0.165,0.140,0.694
685000,0.182,0.186,0.632
685500,0.236,0.178,0.587
686000,0.140,0.157,0.702
686500,0.174,0.145,0.682
687000,0.182,0.198,0.620
687500,0.198,0.107,0.694
688000,0.186,0.079,0.736
688500,0.182,0.149,0.669
689000,0.165,0.120,0.715
689500,0.140,0.215,0.645
690000,0.124,0.260,0.616
690500,0.149,0.190,0.661
691000,0.128,0.149,0.723
691500,0.091,0.240,0.669
692000,0.070,0.219,0.711
692500,0.153,0.174,0.674
693000,0.116,0.169,0.715
693500,0.169,0.182,0.649
694000,0.161,0.140,0.698
694500,0.198,0.091,0.711
695000,0.136,0.186,0.678
695500,0.103,0.211,0.686
696000,0.066,0.211,0.723
696500,0.136,0.140,0.723
697000,0.182,0.116,0.702
697500,0.132,0.207,0.661
698000,0.120,0.207,0.674
698500,0.128,0.169,0.702
699000,0.149,0.165,0.686
699500,0.186,0.116,0.698
700000,0.140,0.145,0.715
700500,0.165,0.136,0.698
701000,0.140,0.145,0.715
701500,0.095,0.273,0.632
702000,0.099,0.198,0.702
702500,0.132,0.223,0.645
703000,0.149,0.149,0.702
703500,0.103,0.190,0.707
704000,0.095,0.310,0.595
704500,0.087,0.240,0.674
705000,0.116,0.215,0.669
705500,0.153,0.186,0.661
706000,0.260,0.112,0.628
706500,0.174,0.128,0.698
707000,0.140,0.194,0.665
707500,0.107,0.231,0.661
708000,0.132,0.236,0.632
708500,0.095,0.128,0.777
709000,0.132,0.207,0.661
709500,0.095,0.186,0.719
710000,0.095,0.211,0.694
710500,0.153,0.136,0.711
711000,0.153,0.132,0.715
711500,0.182,0.107,0.711
712000,0.091,0.132,0.777
712500,0.149,0.136,0.715
713000,0.157,0.112,0.731
713500,0.116,0.227,0.657
714000,0.145,0.186,0.669
714500,0.079,0.202,0.719
715000,0.211,0.186,0.603
715500,0.161,0.149,0.690
716000,0.128,0.153,0.719
716500,0.136,0.194,0.669
717000,0.136,0.231,0.632
717500,0.145,0.190,0.665
718000,0.178,0.165,0.657
718500,0.083,0.240,0.678
719000,0.062,0.194,0.744
719500,0.157,0.145,0.698
720000,0.165,0.207,0.628
720500,0.219,0.103,0.678
721000,0.132,0.219,0.649
721500,0.140,0.202,0.657
722000,0.132,0.202,0.665
722500,0.157,0.145,0.698
723000,0.178,0.149,0.674
723500,0.223,0.157,0.620
724000,0.149,0.161,0.690
724500,0.157,0.165,0.678
725000,0.157,0.120,0.723
725500,0.219,0.132,0.649
726000,0.248,0.103,0.649
726500,0.136,0.112,0.752
727000,0.149,0.161,0.690
727500,0.223,0.112,0.665
728000,0.128,0.190,0.682
728500,0.157,0.140,0.702
729000,0.219,0.124,0.657
729500,0.256,0.087,0.657
730000,0.244,0.149,0.607
730500,0.244,0.149,0.607
731000,0.186,0.140,0.674
731500,0.136,0.186,0.678
732000,0.091,0.215,0.694
732500,0.107,0.227,0.665
733000,0.095,0.252,0.653
733500,0.120,0.190,0.690
734000,0.149,0.124,0.727
734500,0.128,0.145,0.727
735000,0.145,0.215,0.640
735500,0.136,0.165,0.698
736000,0.153,0.124,0.723
736500,0.149,0.194,0.657
737000,0.120,0.178,0.702
737500,0.136,0.219,0.645
738000,0.079,0.223,0.698
738500,0.083,0.198,0.719
739000,0.190,0.169,0.640
739500,0.149,0.145,0.707
740000,0.128,0.132,0.740
740500,0.136,0.194,0.669
741000,0.140,0.198,0.661
741500,0.153,0.161,0.686
742000,0.140,0.124,0.736
742500,0.132,0.145,0.723
743000,0.128,0.165,0.707
743500,0.124,0.161,0.715
744000,0.157,0.207,0.636
744500,0.169,0.132,0.698
745000,0.140,0.182,0.678
745500,0.132,0.202,0.665
746000,0.149,0.219,0.632
746500,0.145,0.194,0.661
747000,0.165,0.120,0.715
747500,0.236,0.083,0.682
748000,0.219,0.145,0.636
748500,0.231,0.149,0.620
749000,0.157,0.165,0.678
749500,0.202,0.161,0.636
750000,0.157,0.149,0.694
750500,0.161,0.161,0.678
751000,0.190,0.174,0.636
751500,0.128,0.186,0.686
752000,0.153,0.124,0.723
752500,0.169,0.136,0.694
753000,0.157,0.145,0.698
753500,0.165,0.145,0.690
754000,0.207,0.128,0.665
754500,0.178,0.140,0.682
755000,0.244,0.124,0.632
755500,0.211,0.132,0.657
756000,0.227,0.099,0.674
756500,0.145,0.116,0.740
757000,0.190,0.087,0.723
757500,0.190,0.116,0.694
758000,0.140,0.140,0.719
758500,0.174,0.161,0.665
759000,0.198,0.120,0.682
759500,0.174,0.116,0.711
760000,0.202,0.174,0.624
760500,0.198,0.132,0.669
761000,0.153,0.112,0.736
761500,0.186,0.153,0.661
762000,0.198,0.107,0.694
762500,0.207,0.095,0.698
763000,0.165,0.161,0.674
763500,0.153,0.140,0.707
764000,0.157,0.153,0.690
764500,0.120,0.161,0.719
765000,0.107,0.178,0.715
765500,0.107,0.207,0.686
766000,0.112,0.236,0.653
766500,0.124,0.157,0.719
767000,0.149,0.174,0.678
767500,0.161,0.207,0.632
768000,0.132,0.145,0.723
768500,0.169,0.153,0.678
769000,0.165,0.153,0.682
769500,0.132,0.198,0.669
770000,0.145,0.149,0.707
770500,0.198,0.165,0.636
771000,0.169,0.153,0.678
771500,0.215,0.153,0.632
772000,0.169,0.136,0.694
772500,0.264,0.116,0.620
773000,0.211,0.091,0.698
773500,0.165,0.120,0.715
774000,0.136,0.128,0.736
774500,0.186,0.070,0.744
775000,0.194,0.116,0.690
775500,0.178,0.174,0.649
776000,0.202,0.132,0.665
776500,0.202,0.132,0.665
777000,0.215,0.140,0.645
777500,0.198,0.116,0.686
778000,0.198,0.095,0.707
778500,0.165,0.215,0.620
779000,0.186,0.149,0.665
779500,0.207,0.128,0.665
780000,0.169,0.153,0.678
780500,0.116,0.202,0.682
781000,0.169,0.157,0.674
781500,0.194,0.095,0.711
782000,0.223,0.116,0.661
782500,0.145,0.140,0.715
783000,0.174,0.140,0.686
783500,0.149,0.157,0.694
784000,0.145,0.215,0.640
784500,0.128,0.190,0.682
785000,0.124,0.190,0.686
785500,0.149,0.161,0.690
786000,0.240,0.116,0.645
786500,0.207,0.107,0.686
787000,0.169,0.145,0.686
787500,0.182,0.140,0.678
788000,0.256,0.112,0.632
788500,0.190,0.174,0.636
789000,0.165,0.174,0.661
789500,0.169,0.145,0.686
790000,0.231,0.103,0.665
790500,0.244,0.112,0.645
791000,0.211,0.136,0.653
791500,0.302,0.066,0.632
792000,0.277,0.058,0.665
792500,0.269,0.083,0.649
793000,0.219,0.095,0.686
793500,0.165,0.169,0.665
794000,0.202,0.140,0.657
794500,0.211,0.079,0.711
795000,0.306,0.120,0.574
795500,0.202,0.149,0.649
796000,0.269,0.095,0.636
796500,0.219,0.087,0.694
797000,0.194,0.112,0.694
797500,0.198,0.149,0.653
798000,0.194,0.136,0.669
798500,0.190,0.178,0.632
799000,0.178,0.207,0.616
799500,0.182,0.190,0.628
800000,0.153,0.231,0.616
800500,0.132,0.182,0.686
801000,0.149,0.194,0.657
801500,0.145,0.140,0.715
802000,0.112,0.136,0.752
802500,0.149,0.169,0.682
803000,0.178,0.153,0.669
803500,0.231,0.136,0.632
804000,0.194,0.103,0.702
804500,0.128,0.161,0.711
805000,0.140,0.198,0.661
805500,0.153,0.198,0.649
806000,0.107,0.190,0.702
806500,0.186,0.207,0.607
807000,0.074,0.174,0.752
807500,0.091,0.169,0.740
808000,0.116,0.178,0.707
808500,0.050,0.281,0.669
809000,0.107,0.178,0.715
809500,0.107,0.314,0.579
810000,0.120,0.223,0.657
810500,0.178,0.178,0.645
811000,0.169,0.178,0.653
811500,0.202,0.116,0.682
812000,0.298,0.128,0.574
812500,0.207,0.128,0.665
813000,0.161,0.157,0.682
813500,0.149,0.178,0.674
814000,0.145,0.240,0.616
814500,0.107,0.178,0.715
815000,0.116,0.211,0.674
815500,0.124,0.136,0.740
816000,0.070,0.182,0.748
816500,0.145,0.194,0.661
817000,0.153,0.161,0.686
817500,0.145,0.140,0.715
818000,0.153,0.207,0.640
818500,0.132,0.198,0.669
819000,0.211,0.128,0.661
819500,0.153,0.145,0.702
820000,0.124,0.157,0.719
820500,0.157,0.136,0.707
821000,0.132,0.198,0.669
821500,0.112,0.198,0.690
822000,0.145,0.178,0.678
822500,0.095,0.165,0.740
823000,0.132,0.145,0.723
823500,0.178,0.112,0.711
824000,0.219,0.087,0.694
824500,0.190,0.124,0.686
825000,0.207,0.103,0.690
825500,0.140,0.136,0.723
826000,0.165,0.165,0.669
826500,0.165,0.190,0.645
827000,0.157,0.169,0.674
827500,0.157,0.165,0.678
828000,0.124,0.174,0.702
828500,0.169,0.120,0.711
829000,0.074,0.190,0.736
829500,0.116,0.240,0.645
830000,0.074,0.236,0.690
830500,0.116,0.186,0.698
831000,0.157,0.145,0.698
831500,0.124,0.161,0.715
832000,0.124,0.215,0.661
832500,0.145,0.211,0.645
833000,0.116,0.236,0.649
833500,0.107,0.190,0.702
834000,0.153,0.186,0.661
834500,0.165,0.215,0.620
835000,0.190,0.157,0.653
835500,0.153,0.140,0.707
836000,0.169,0.190,0.640
836500,0.165,0.161,0.674
837000,0.153,0.136,0.711
837500,0.145,0.174,0.682
838000,0.149,0.277,0.574
838500,0.099,0.260,0.640
839000,0.165,0.174,0.661
839500,0.136,0.165,0.698
840000,0.178,0.128,0.694
840500,0.124,0.223,0.653
841000,0.132,0.153,0.715
841500,0.178,0.219,0.603
842000,0.107,0.256,0.636
842500,0.153,0.211,0.636
843000,0.215,0.149,0.636
843500,0.157,0.145,0.698
844000,0.153,0.182,0.665
844500,0.149,0.174,0.678
845000,0.136,0.227,0.636
845500,0.128,0.223,0.649
846000,0.145,0.236,0.620
846500,0.132,0.124,0.744
847000,0.153,0.112,0.736
847500,0.149,0.095,0.756
848000,0.120,0.202,0.678
848500,0.091,0.165,0.744
849000,0.136,0.165,0.698
849500,0.145,0.157,0.698
850000,0.103,0.161,0.736
850500,0.248,0.103,0.649
851000,0.223,0.066,0.711
851500,0.207,0.145,0.649
852000,0.161,0.124,0.715
852500,0.174,0.149,0.678
853000,0.231,0.153,0.616
853500,0.174,0.120,0.707
854000,0.161,0.149,0.690
854500,0.124,0.174,0.702
855000,0.136,0.136,0.727
855500,0.194,0.186,0.620
856000,0.190,0.207,0.603
856500,0.157,0.227,0.616
857000,0.157,0.190,0.653
857500,0.169,0.140,0.690
858000,0.153,0.169,0.678
858500,0.157,0.149,0.694
859000,0.132,0.145,0.723
859500,0.174,0.198,0.628
860000,0.157,0.174,0.669
860500,0.153,0.140,0.707
861000,0.136,0.124,0.740
861500,0.149,0.174,0.678
862000,0.202,0.145,0.653
862500,0.194,0.165,0.640
863000,0.128,0.194,0.678
863500,0.140,0.145,0.715
864000,0.174,0.132,0.694
864500,0.157,0.149,0.694
865000,0.165,0.103,0.731
865500,0.202,0.099,0.698
866000,0.194,0.132,0.674
866500,0.174,0.223,0.603
867000,0.132,0.174,0.694
867500,0.132,0.219,0.649
868000,0.079,0.182,0.740
868500,0.128,0.153,0.719
869000,0.128,0.165,0.707
869500,0.128,0.149,0.723
870000,0.256,0.107,0.636
870500,0.202,0.136,0.661
871000,0.140,0.186,0.674
871500,0.202,0.174,0.624
872000,0.227,0.116,0.657
872500,0.161,0.165,0.674
873000,0.099,0.198,0.702
873500,0.157,0.211,0.632
874000,0.136,0.103,0.760
874500,0.207,0.124,0.669
875000,0.157,0.149,0.694
875500,0.194,0.116,0.690
876000,0.231,0.062,0.707
876500,0.231,0.120,0.649
877000,0.157,0.140,0.702
877500,0.165,0.145,0.690
878000,0.145,0.153,0.702
878500,0.178,0.116,0.707
879000,0.202,0.136,0.661
879500,0.153,0.120,0.727
880000,0.207,0.153,0.640
880500,0.157,0.103,0.740
881000,0.169,0.256,0.574
881500,0.128,0.149,0.723
882000,0.112,0.190,0.698
882500,0.103,0.161,0.736
883000,0.194,0.145,0.661
883500,0.165,0.161,0.674
884000,0.136,0.157,0.707
884500,0.231,0.107,0.661
885000,0.207,0.153,0.640
885500,0.211,0.223,0.566
886000,0.136,0.112,0.752
886500,0.157,0.165,0.678
887000,0.194,0.145,0.661
887500,0.178,0.153,0.669
888000,0.116,0.190,0.694
888500,0.136,0.169,0.694
889000,0.186,0.165,0.649
889500,0.132,0.190,0.678
890000,0.174,0.169,0.657
890500,0.116,0.186,0.698
891000,0.157,0.174,0.669
891500,0.182,0.169,0.649
892000,0.182,0.182,0.636
892500,0.178,0.145,0.678
893000,0.194,0.182,0.624
893500,0.157,0.248,0.595
894000,0.116,0.194,0.690
894500,0.145,0.153,0.702
895000,0.124,0.207,0.669
895500,0.153,0.186,0.661
896000,0.207,0.136,0.657
896500,0.207,0.174,0.620
897000,0.240,0.244,0.517
897500,0.140,0.178,0.682
898000,0.120,0.198,0.682
898500,0.128,0.277,0.595
899000,0.149,0.219,0.632
899500,0.128,0.169,0.702
900000,0.120,0.236,0.645
900500,0.157,0.169,0.674
901000,0.116,0.165,0.719
901500,0.116,0.145,0.740
902000,0.178,0.182,0.640
902500,0.095,0.219,0.686
903000,0.112,0.219,0.669
903500,0.099,0.264,0.636
904000,0.087,0.231,0.682
904500,0.174,0.202,0.624
905000,0.116,0.182,0.702
905500,0.128,0.186,0.686
906000,0.140,0.194,0.665
906500,0.124,0.240,0.636
907000,0.112,0.165,0.723
907500,0.091,0.219,0.690
908000,0.120,0.190,0.690
908500,0.099,0.161,0.740
909000,0.174,0.153,0.674
909500,0.186,0.091,0.723
910000,0.215,0.149,0.636
910500,0.219,0.112,0.669
911000,0.190,0.112,0.698
911500,0.248,0.128,0.624
912000,0.219,0.128,0.653
912500,0.153,0.103,0.744
913000,0.190,0.107,0.702
913500,0.124,0.198,0.678
914000,0.161,0.186,0.653
914500,0.211,0.140,0.649
915000,0.190,0.145,0.665
915500,0.186,0.124,0.690
916000,0.223,0.132,0.645
916500,0.174,0.120,0.707
917000,0.207,0.124,0.669
917500,0.215,0.112,0.674
918000,0.198,0.136,0.665
918500,0.083,0.223,0.694
919000,0.140,0.198,0.661
919500,0.244,0.107,0.649
920000,0.198,0.124,0.678
920500,0.202,0.136,0.661
921000,0.145,0.132,0.723
921500,0.091,0.215,0.694
922000,0.107,0.219,0.674
922500,0.153,0.215,0.632
923000,0.149,0.178,0.674
923500,0.194,0.153,0.653
924000,0.178,0.161,0.661
924500,0.153,0.190,0.657
925000,0.128,0.211,0.661
925500,0.202,0.161,0.636
926000,0.190,0.107,0.702
926500,0.227,0.095,0.678
927000,0.355,0.066,0.579
927500,0.260,0.116,0.624
928000,0.293,0.083,0.624
928500,0.190,0.107,0.702
929000,0.194,0.116,0.690
929500,0.202,0.157,0.640
930000,0.190,0.140,0.669
930500,0.174,0.140,0.686
931000,0.145,0.186,0.669
931500,0.153,0.207,0.640
932000,0.174,0.223,0.603
932500,0.145,0.219,0.636
933000,0.091,0.211,0.698
933500,0.083,0.161,0.756
934000,0.165,0.211,0.624
934500,0.140,0.174,0.686
935000,0.140,0.145,0.715
935500,0.198,0.153,0.649
936000,0.182,0.107,0.711
936500,0.149,0.132,0.719
937000,0.157,0.169,0.674
937500,0.198,0.116,0.686
938000,0.236,0.103,0.661
938500,0.198,0.116,0.686
939000,0.207,0.153,0.640
939500,0.165,0.140,0.694
940000,0.198,0.149,0.653
940500,0.157,0.145,0.698
941000,0.165,0.132,0.702
941500,0.202,0.174,0.624
942000,0.186,0.169,0.645
942500,0.161,0.161,0.678
943000,0.099,0.169,0.731
943500,0.132,0.178,0.690
944000,0.169,0.178,0.653
944500,0.149,0.165,0.686
945000,0.099,0.136,0.764
945500,0.128,0.227,0.645
946000,0.120,0.211,0.669
946500,0.099,0.182,0.719
947000,0.099,0.236,0.665
947500,0.153,0.231,0.616
948000,0.103,0.264,0.632
948500,0.124,0.219,0.657
949000,0.223,0.095,0.682
949500,0.236,0.116,0.649
950000,0.140,0.161,0.698
950500,0.157,0.145,0.698
951000,0.252,0.140,0.607
951500,0.153,0.140,0.707
952000,0.107,0.161,0.731
952500,0.087,0.298,0.616
953000,0.120,0.256,0.624
953500,0.091,0.285,0.624
954000,0.153,0.223,0.624
954500,0.128,0.140,0.731
955000,0.169,0.161,0.669
955500,0.112,0.153,0.736
956000,0.103,0.149,0.748
956500,0.091,0.157,0.752
957000,0.079,0.157,0.764
957500,0.128,0.136,0.736
958000,0.219,0.103,0.678
958500,0.182,0.149,0.669
959000,0.161,0.124,0.715
959500,0.207,0.157,0.636
960000,0.186,0.107,0.707
960500,0.236,0.124,0.640
961000,0.107,0.194,0.698
961500,0.157,0.190,0.653
962000,0.157,0.157,0.686
962500,0.207,0.099,0.694
963000,0.161,0.087,0.752
963500,0.223,0.095,0.682
964000,0.202,0.099,0.698
964500,0.186,0.157,0.657
965000,0.087,0.236,0.678
965500,0.103,0.269,0.628
966000,0.157,0.165,0.678
966500,0.153,0.149,0.698
967000,0.207,0.124,0.669
967500,0.227,0.087,0.686
968000,0.198,0.140,0.661
968500,0.194,0.140,0.665
969000,0.223,0.087,0.690
969500,0.252,0.070,0.678
970000,0.240,0.153,0.607
970500,0.252,0.070,0.678
971000,0.281,0.066,0.653
971500,0.207,0.107,0.686
972000,0.207,0.066,0.727
972500,0.157,0.124,0.719
973000,0.145,0.165,0.690
973500,0.165,0.103,0.731
974000,0.240,0.103,0.657
974500,0.202,0.124,0.674
975000,0.231,0.103,0.665
975500,0.215,0.079,0.707
976000,0.194,0.124,0.682
976500,0.174,0.165,0.661
977000,0.136,0.194,0.669
977500,0.215,0.132,0.653
978000,0.103,0.165,0.731
978500,0.157,0.198,0.645
979000,0.165,0.165,0.669
979500,0.145,0.157,0.698
980000,0.161,0.194,0.645
980500,0.178,0.161,0.661
981000,0.207,0.161,0.632
981500,0.132,0.136,0.731
982000,0.165,0.161,0.674
982500,0.149,0.215,0.636
983000,0.124,0.211,0.665
983500,0.128,0.256,0.616
984000,0.124,0.227,0.649
984500,0.178,0.211,0.612
985000,0.074,0.165,0.760
985500,0.153,0.190,0.657
986000,0.145,0.149,0.707
986500,0.215,0.165,0.620
987000,0.174,0.153,0.674
987500,0.124,0.128,0.748
988000,0.215,0.194,0.591
988500,0.182,0.153,0.665
989000,0.169,0.215,0.616
989500,0.136,0.240,0.624
990000,0.112,0.211,0.678
990500,0.136,0.236,0.628
991000,0.161,0.140,0.698
991500,0.182,0.132,0.686
992000,0.153,0.132,0.715
992500,0.140,0.194,0.665
993000,0.140,0.186,0.674
993500,0.145,0.202,0.653
994000,0.136,0.140,0.723
994500,0.169,0.186,0.645
995000,0.116,0.157,0.727
995500,0.194,0.124,0.682
996000,0.227,0.062,0.711
996500,0.252,0.091,0.657
997000,0.236,0.103,0.661
997500,0.190,0.165,0.645
998000,0.231,0.087,0.682
998500,0.149,0.153,0.698
999000,0.169,0.178,0.653
999500,0.095,0.190,0.715
1000000,0.070,0.219,0.711
