time,n_A+p,n_B,n_AB
500,0.080,0.743,0.177
1000,0.080,0.624,0.296
1500,0.080,0.451,0.469
2000,0.080,0.392,0.528
2500,0.091,0.309,0.599
3000,0.091,0.314,0.595
3500,0.082,0.282,0.636
4000,0.083,0.304,0.613
4500,0.086,0.321,0.594
5000,0.080,0.370,0.550
5500,0.089,0.270,0.641
6000,0.082,0.301,0.617
6500,0.085,0.371,0.544
7000,0.081,0.370,0.548
7500,0.081,0.393,0.526
8000,0.080,0.382,0.538
8500,0.082,0.305,0.613
9000,0.085,0.310,0.605
9500,0.086,0.314,0.601
10000,0.082,0.321,0.597
10500,0.082,0.324,0.595
11000,0.084,0.366,0.550
11500,0.085,0.291,0.624
12000,0.087,0.278,0.635
12500,0.083,0.296,0.621
13000,0.081,0.358,0.561
13500,0.084,0.310,0.606
14000,0.084,0.330,0.587
14500,0.083,0.329,0.589
15000,0.089,0.324,0.587
15500,0.088,0.274,0.638
16000,0.101,0.244,0.655
16500,0.100,0.224,0.676
17000,0.112,0.232,0.656
17500,0.118,0.218,0.664
18000,0.138,0.151,0.711
18500,0.195,0.087,0.717
19000,0.575,0.013,0.412
19500,0.878,0.001,0.121
20000,0.962,0.001,0.038
20500,0.988,0.000,0.012
21000,1.000,0.000,0.000
