time,n_A+p,n_B,n_AB
500,0.030,0.330,0.640
1000,0.030,0.238,0.732
1500,0.030,0.125,0.845
2000,0.030,0.281,0.689
2500,0.030,0.262,0.708
3000,0.030,0.278,0.692
3500,0.030,0.344,0.626
4000,0.030,0.234,0.736
4500,0.030,0.124,0.846
5000,0.030,0.416,0.554
5500,0.030,0.226,0.744
6000,0.030,0.317,0.653
6500,0.030,0.335,0.635
7000,0.030,0.240,0.730
7500,0.030,0.235,0.735
8000,0.030,0.214,0.756
8500,0.030,0.375,0.595
9000,0.030,0.326,0.644
9500,0.030,0.142,0.828
10000,0.030,0.370,0.600
10500,0.030,0.345,0.625
11000,0.030,0.416,0.554
11500,0.030,0.177,0.793
12000,0.038,0.075,0.887
12500,0.030,0.320,0.650
13000,0.030,0.173,0.797
13500,0.030,0.233,0.737
14000,0.030,0.263,0.707
14500,0.030,0.185,0.785
15000,0.030,0.326,0.644
15500,0.030,0.197,0.773
16000,0.030,0.308,0.662
16500,0.030,0.346,0.624
17000,0.035,0.199,0.766
17500,0.030,0.290,0.680
18000,0.030,0.448,0.522
18500,0.030,0.279,0.691
19000,0.030,0.257,0.713
19500,0.030,0.336,0.634
20000,0.030,0.238,0.732
20500,0.030,0.264,0.706
21000,0.030,0.227,0.743
21500,0.030,0.381,0.589
22000,0.030,0.238,0.732
22500,0.756,0.000,0.244
23000,1.000,0.000,0.000
