time,n_A+p,n_B,n_AB
500,0.284,0.001,0.715
1000,0.502,0.000,0.498
1500,0.329,0.000,0.671
2000,0.428,0.000,0.572
2500,0.407,0.000,0.593
3000,0.309,0.000,0.691
3500,0.447,0.000,0.553
4000,0.523,0.000,0.477
4500,0.423,0.000,0.577
5000,0.327,0.000,0.673
5500,0.518,0.000,0.482
6000,0.371,0.000,0.629
6500,0.464,0.000,0.536
7000,0.394,0.000,0.606
7500,0.276,0.000,0.724
8000,0.451,0.000,0.549
8500,0.397,0.000,0.603
9000,0.269,0.000,0.731
9500,0.405,0.000,0.595
10000,0.406,0.000,0.594
10500,0.494,0.000,0.506
11000,0.301,0.000,0.699
11500,0.192,0.000,0.808
12000,0.335,0.000,0.665
12500,0.330,0.000,0.670
13000,0.273,0.000,0.727
13500,0.423,0.000,0.577
14000,0.450,0.000,0.550
14500,0.528,0.000,0.472
15000,0.489,0.000,0.511
15500,0.357,0.000,0.643
16000,0.491,0.000,0.509
16500,0.333,0.000,0.667
17000,0.460,0.000,0.540
17500,0.264,0.000,0.736
18000,0.345,0.000,0.655
18500,0.413,0.000,0.587
19000,0.301,0.000,0.699
19500,0.352,0.000,0.648
20000,0.382,0.000,0.618
20500,0.293,0.000,0.707
21000,0.413,0.000,0.587
21500,0.381,0.000,0.619
22000,0.598,0.000,0.402
22500,0.480,0.000,0.520
23000,0.473,0.000,0.527
23500,0.496,0.000,0.504
24000,0.407,0.000,0.593
24500,0.289,0.000,0.711
25000,0.399,0.000,0.601
25500,0.409,0.000,0.591
26000,0.325,0.000,0.675
26500,0.476,0.000,0.524
27000,0.432,0.000,0.568
27500,0.526,0.000,0.474
28000,0.364,0.000,0.636
28500,0.417,0.000,0.583
29000,0.592,0.000,0.408
29500,0.397,0.000,0.603
30000,0.267,0.000,0.733
30500,0.478,0.000,0.522
31000,0.601,0.000,0.399
31500,0.534,0.000,0.466
32000,0.284,0.000,0.716
32500,0.373,0.000,0.627
33000,0.401,0.000,0.599
33500,0.481,0.000,0.519
34000,0.488,0.000,0.512
34500,0.309,0.000,0.691
35000,0.365,0.000,0.635
35500,0.374,0.000,0.626
36000,0.416,0.000,0.584
36500,0.277,0.000,0.723
37000,0.226,0.000,0.774
37500,0.452,0.000,0.548
38000,0.346,0.000,0.654
38500,0.357,0.000,0.643
39000,0.374,0.000,0.626
39500,0.500,0.000,0.500
40000,0.287,0.000,0.713
40500,0.440,0.000,0.560
41000,0.412,0.000,0.588
41500,0.418,0.000,0.582
42000,0.351,0.000,0.649
42500,0.452,0.000,0.548
43000,0.373,0.000,0.627
43500,0.519,0.000,0.481
44000,0.501,0.000,0.499
44500,0.357,0.000,0.643
45000,0.371,0.000,0.629
45500,0.384,0.000,0.616
46000,0.443,0.000,0.557
46500,0.371,0.000,0.629
47000,0.381,0.000,0.619
47500,0.302,0.000,0.698
48000,0.419,0.000,0.581
48500,0.399,0.000,0.601
49000,0.507,0.000,0.493
49500,0.388,0.000,0.612
50000,0.342,0.000,0.658
50500,0.449,0.000,0.551
51000,0.528,0.000,0.472
51500,0.415,0.000,0.585
52000,0.413,0.000,0.587
52500,0.325,0.000,0.675
53000,0.522,0.000,0.478
53500,0.520,0.000,0.480
54000,0.482,0.000,0.518
54500,0.594,0.000,0.406
55000,0.392,0.000,0.608
55500,0.430,0.000,0.570
56000,0.432,0.000,0.568
56500,0.367,0.000,0.633
57000,0.181,0.000,0.819
57500,0.363,0.000,0.637
58000,0.485,0.000,0.515
58500,0.291,0.000,0.709
59000,0.410,0.000,0.590
59500,0.236,0.000,0.764
60000,0.445,0.000,0.555
60500,0.382,0.000,0.618
61000,0.419,0.000,0.581
61500,0.369,0.000,0.631
62000,0.477,0.000,0.523
62500,0.289,0.000,0.711
63000,0.319,0.000,0.681
63500,0.555,0.000,0.445
64000,0.387,0.000,0.613
64500,0.446,0.000,0.554
65000,0.443,0.000,0.557
65500,0.357,0.000,0.643
66000,0.283,0.000,0.717
66500,0.577,0.000,0.423
67000,0.446,0.000,0.554
67500,0.439,0.000,0.561
68000,0.267,0.000,0.733
68500,0.473,0.000,0.527
69000,0.252,0.000,0.748
69500,0.313,0.000,0.687
70000,0.409,0.000,0.591
70500,0.460,0.000,0.540
71000,0.314,0.000,0.686
71500,0.380,0.000,0.620
72000,0.461,0.000,0.539
72500,0.227,0.000,0.773
73000,0.298,0.000,0.702
73500,0.377,0.000,0.623
74000,0.487,0.000,0.513
74500,0.377,0.000,0.623
75000,0.373,0.000,0.627
75500,0.410,0.000,0.590
76000,0.493,0.000,0.507
76500,0.359,0.000,0.641
77000,0.276,0.000,0.724
77500,0.363,0.000,0.637
78000,0.325,0.000,0.675
78500,0.501,0.000,0.499
79000,0.375,0.000,0.625
79500,0.393,0.000,0.607
80000,0.532,0.000,0.468
80500,0.358,0.000,0.642
81000,0.352,0.000,0.648
81500,0.515,0.000,0.485
82000,0.351,0.000,0.649
82500,0.370,0.000,0.630
83000,0.397,0.000,0.603
83500,0.315,0.000,0.685
84000,0.492,0.000,0.508
84500,0.499,0.000,0.501
85000,0.436,0.000,0.564
85500,0.382,0.000,0.618
86000,0.358,0.000,0.642
86500,0.287,0.000,0.713
87000,0.343,0.000,0.657
87500,0.737,0.000,0.263
88000,0.549,0.000,0.451
88500,0.386,0.000,0.614
89000,0.428,0.000,0.572
89500,0.583,0.000,0.417
90000,0.396,0.000,0.604
90500,0.493,0.000,0.507
91000,0.402,0.000,0.598
91500,0.443,0.000,0.557
92000,0.419,0.000,0.581
92500,0.501,0.000,0.499
93000,0.430,0.000,0.570
93500,0.516,0.000,0.484
94000,0.473,0.000,0.527
94500,0.335,0.000,0.665
95000,0.445,0.000,0.555
95500,0.392,0.000,0.608
96000,0.312,0.000,0.688
96500,0.409,0.000,0.591
97000,0.388,0.000,0.612
97500,0.509,0.000,0.491
98000,0.576,0.000,0.424
98500,0.380,0.000,0.620
99000,0.394,0.000,0.606
99500,0.417,0.000,0.583
100000,0.382,0.000,0.618
100500,0.415,0.000,0.585
101000,0.531,0.000,0.469
101500,0.424,0.000,0.576
102000,0.351,0.000,0.649
102500,0.351,0.000,0.649
103000,0.489,0.000,0.511
103500,0.255,0.000,0.745
104000,0.402,0.000,0.598
104500,0.366,0.000,0.634
105000,0.251,0.000,0.749
105500,0.457,0.000,0.543
106000,0.437,0.000,0.563
106500,0.506,0.000,0.494
107000,0.335,0.000,0.665
107500,0.373,0.000,0.627
108000,0.383,0.000,0.617
108500,0.370,0.000,0.630
109000,0.439,0.000,0.561
109500,0.442,0.000,0.558
110000,0.420,0.000,0.580
110500,0.416,0.000,0.584
111000,0.534,0.000,0.466
111500,0.441,0.000,0.559
112000,0.207,0.000,0.793
112500,0.366,0.000,0.634
113000,0.486,0.000,0.514
113500,0.379,0.000,0.621
114000,0.454,0.000,0.546
114500,0.305,0.000,0.695
115000,0.340,0.000,0.660
115500,0.343,0.000,0.657
116000,0.276,0.000,0.724
116500,0.485,0.000,0.515
117000,0.373,0.000,0.627
117500,0.429,0.000,0.571
118000,0.367,0.000,0.633
118500,0.488,0.000,0.512
119000,0.368,0.000,0.632
119500,0.341,0.000,0.659
120000,0.336,0.000,0.664
120500,0.388,0.000,0.612
121000,0.461,0.000,0.539
121500,0.417,0.000,0.583
122000,0.532,0.000,0.468
122500,0.442,0.000,0.558
123000,0.438,0.000,0.562
123500,0.333,0.000,0.667
124000,0.351,0.000,0.649
124500,0.380,0.000,0.620
125000,0.411,0.000,0.589
125500,0.283,0.000,0.717
126000,0.296,0.000,0.704
126500,0.286,0.000,0.714
127000,0.426,0.000,0.574
127500,0.510,0.000,0.490
128000,0.405,0.000,0.595
128500,0.352,0.000,0.648
129000,0.476,0.000,0.524
129500,0.307,0.000,0.693
130000,0.438,0.000,0.562
130500,0.260,0.000,0.740
131000,0.395,0.000,0.605
131500,0.451,0.000,0.549
132000,0.440,0.000,0.560
132500,0.544,0.000,0.456
133000,0.371,0.000,0.629
133500,0.269,0.000,0.731
134000,0.399,0.000,0.601
134500,0.334,0.000,0.666
135000,0.419,0.000,0.581
135500,0.324,0.000,0.676
136000,0.414,0.000,0.586
136500,0.436,0.000,0.564
137000,0.281,0.000,0.719
137500,0.466,0.000,0.534
138000,0.332,0.000,0.668
138500,0.271,0.000,0.729
139000,0.351,0.000,0.649
139500,0.361,0.000,0.639
140000,0.421,0.000,0.579
140500,0.515,0.000,0.485
141000,0.365,0.000,0.635
141500,0.263,0.000,0.737
142000,0.427,0.000,0.573
142500,0.394,0.000,0.606
143000,0.285,0.000,0.715
143500,0.480,0.000,0.520
144000,0.436,0.000,0.564
144500,0.527,0.000,0.473
145000,0.530,0.000,0.470
145500,0.405,0.000,0.595
146000,0.422,0.000,0.578
146500,0.360,0.000,0.640
147000,0.403,0.000,0.597
147500,0.346,0.000,0.654
148000,0.362,0.000,0.638
148500,0.306,0.000,0.694
149000,0.560,0.000,0.440
149500,0.337,0.000,0.663
150000,0.337,0.000,0.663
150500,0.266,0.000,0.734
151000,0.360,0.000,0.640
151500,0.402,0.000,0.598
152000,0.282,0.000,0.718
152500,0.460,0.000,0.540
153000,0.580,0.000,0.420
153500,0.312,0.000,0.688
154000,0.277,0.000,0.723
154500,0.396,0.000,0.604
155000,0.342,0.000,0.658
155500,0.414,0.000,0.586
156000,0.333,0.000,0.667
156500,0.258,0.000,0.742
157000,0.274,0.000,0.726
157500,0.551,0.000,0.449
158000,0.369,0.000,0.631
158500,0.353,0.000,0.647
159000,0.468,0.000,0.532
159500,0.364,0.000,0.636
160000,0.493,0.000,0.507
160500,0.369,0.000,0.631
161000,0.328,0.000,0.672
161500,0.316,0.000,0.684
162000,0.558,0.000,0.442
162500,0.435,0.000,0.565
163000,0.285,0.000,0.715
163500,0.501,0.000,0.499
164000,0.333,0.000,0.667
164500,0.379,0.000,0.621
165000,0.427,0.000,0.573
165500,0.413,0.000,0.587
166000,0.357,0.000,0.643
166500,0.463,0.000,0.537
167000,0.318,0.000,0.682
167500,0.340,0.000,0.660
168000,0.377,0.000,0.623
168500,0.449,0.000,0.551
169000,0.466,0.000,0.534
169500,0.375,0.000,0.625
170000,0.492,0.000,0.508
170500,0.390,0.000,0.610
171000,0.412,0.000,0.588
171500,0.315,0.000,0.685
172000,0.422,0.000,0.578
172500,0.462,0.000,0.538
173000,0.600,0.000,0.400
173500,0.456,0.000,0.544
174000,0.417,0.000,0.583
174500,0.559,0.000,0.441
175000,0.225,0.000,0.775
175500,0.445,0.000,0.555
176000,0.431,0.000,0.569
176500,0.291,0.000,0.709
177000,0.271,0.000,0.729
177500,0.396,0.000,0.604
178000,0.418,0.000,0.582
178500,0.399,0.000,0.601
179000,0.344,0.000,0.656
179500,0.553,0.000,0.447
180000,0.511,0.000,0.489
180500,0.297,0.000,0.703
181000,0.485,0.000,0.515
181500,0.401,0.000,0.599
182000,0.641,0.000,0.359
182500,0.516,0.000,0.484
183000,0.356,0.000,0.644
183500,0.452,0.000,0.548
184000,0.372,0.000,0.628
184500,0.418,0.000,0.582
185000,0.496,0.000,0.504
185500,0.377,0.000,0.623
186000,0.499,0.000,0.501
186500,0.457,0.000,0.543
187000,0.317,0.000,0.683
187500,0.251,0.000,0.749
188000,0.415,0.000,0.585
188500,0.335,0.000,0.665
189000,0.578,0.000,0.422
189500,0.288,0.000,0.712
190000,0.385,0.000,0.615
190500,0.476,0.000,0.524
191000,0.358,0.000,0.642
191500,0.690,0.000,0.310
192000,0.290,0.000,0.710
192500,0.350,0.000,0.650
193000,0.262,0.000,0.738
193500,0.402,0.000,0.598
194000,0.366,0.000,0.634
194500,0.426,0.000,0.574
195000,0.595,0.000,0.405
195500,0.386,0.000,0.614
196000,0.465,0.000,0.535
196500,0.427,0.000,0.573
197000,0.483,0.000,0.517
197500,0.394,0.000,0.606
198000,0.433,0.000,0.567
198500,0.302,0.000,0.698
199000,0.540,0.000,0.460
199500,0.338,0.000,0.662
200000,0.526,0.000,0.474
200500,0.345,0.000,0.655
201000,0.369,0.000,0.631
201500,0.321,0.000,0.679
202000,0.509,0.000,0.491
202500,0.288,0.000,0.712
203000,0.293,0.000,0.707
203500,0.286,0.000,0.714
204000,0.448,0.000,0.552
204500,0.357,0.000,0.643
205000,0.322,0.000,0.678
205500,0.385,0.000,0.615
206000,0.421,0.000,0.579
206500,0.446,0.000,0.554
207000,0.499,0.000,0.501
207500,0.421,0.000,0.579
208000,0.296,0.000,0.704
208500,0.386,0.000,0.614
209000,0.435,0.000,0.565
209500,0.442,0.000,0.558
210000,0.363,0.000,0.637
210500,0.346,0.000,0.654
211000,0.492,0.000,0.508
211500,0.493,0.000,0.507
212000,0.323,0.000,0.677
212500,0.383,0.000,0.617
213000,0.425,0.000,0.575
213500,0.356,0.000,0.644
214000,0.482,0.000,0.518
214500,0.366,0.000,0.634
215000,0.248,0.000,0.752
215500,0.310,0.000,0.690
216000,0.450,0.000,0.550
216500,0.493,0.000,0.507
217000,0.524,0.000,0.476
217500,0.338,0.000,0.662
218000,0.406,0.000,0.594
218500,0.205,0.000,0.795
219000,0.501,0.000,0.499
219500,0.448,0.000,0.552
220000,0.370,0.000,0.630
220500,0.441,0.000,0.559
221000,0.504,0.000,0.496
221500,0.411,0.000,0.589
222000,0.446,0.000,0.554
222500,0.481,0.000,0.519
223000,0.460,0.000,0.540
223500,0.386,0.000,0.614
224000,0.412,0.000,0.588
224500,0.495,0.000,0.505
225000,0.618,0.000,0.382
225500,0.357,0.000,0.643
226000,0.356,0.000,0.644
226500,0.346,0.000,0.654
227000,0.362,0.000,0.638
227500,0.444,0.000,0.556
228000,0.410,0.000,0.590
228500,0.311,0.000,0.689
229000,0.590,0.000,0.410
229500,0.334,0.000,0.666
230000,0.309,0.000,0.691
230500,0.348,0.000,0.652
231000,0.433,0.000,0.567
231500,0.404,0.000,0.596
232000,0.405,0.000,0.595
232500,0.355,0.000,0.645
233000,0.381,0.000,0.619
233500,0.364,0.000,0.636
234000,0.476,0.000,0.524
234500,0.553,0.000,0.447
235000,0.352,0.000,0.648
235500,0.368,0.000,0.632
236000,0.290,0.000,0.710
236500,0.482,0.000,0.518
237000,0.393,0.000,0.607
237500,0.362,0.000,0.638
238000,0.522,0.000,0.478
238500,0.487,0.000,0.513
239000,0.290,0.000,0.710
239500,0.540,0.000,0.460
240000,0.226,0.000,0.774
240500,0.439,0.000,0.561
241000,0.361,0.000,0.639
241500,0.398,0.000,0.602
242000,0.511,0.000,0.489
242500,0.508,0.000,0.492
243000,0.312,0.000,0.688
243500,0.451,0.000,0.549
244000,0.320,0.000,0.680
244500,0.385,0.000,0.615
245000,0.348,0.000,0.652
245500,0.660,0.000,0.340
246000,0.526,0.000,0.474
246500,0.309,0.000,0.691
247000,0.517,0.000,0.483
247500,0.507,0.000,0.493
248000,0.311,0.000,0.689
248500,0.408,0.000,0.592
249000,0.571,0.000,0.429
249500,0.440,0.000,0.560
250000,0.346,0.000,0.654
250500,0.585,0.000,0.415
251000,0.576,0.000,0.424
251500,0.342,0.000,0.658
252000,0.352,0.000,0.648
252500,0.269,0.000,0.731
253000,0.307,0.000,0.693
253500,0.560,0.000,0.440
254000,0.299,0.000,0.701
254500,0.382,0.000,0.618
255000,0.521,0.000,0.479
255500,0.390,0.000,0.610
256000,0.312,0.000,0.688
256500,0.426,0.000,0.574
257000,0.292,0.000,0.708
257500,0.255,0.000,0.745
258000,0.418,0.000,0.582
258500,0.426,0.000,0.574
259000,0.426,0.000,0.574
259500,0.315,0.000,0.685
260000,0.588,0.000,0.412
260500,0.419,0.000,0.581
261000,0.407,0.000,0.593
261500,0.347,0.000,0.653
262000,0.274,0.000,0.726
262500,0.254,0.000,0.746
263000,0.361,0.000,0.639
263500,0.265,0.000,0.735
264000,0.549,0.000,0.451
264500,0.313,0.000,0.687
265000,0.344,0.000,0.656
265500,0.671,0.000,0.329
266000,0.365,0.000,0.635
266500,0.407,0.000,0.593
267000,0.322,0.000,0.678
267500,0.415,0.000,0.585
268000,0.555,0.000,0.445
268500,0.424,0.000,0.576
269000,0.306,0.000,0.694
269500,0.401,0.000,0.599
270000,0.460,0.000,0.540
270500,0.482,0.000,0.518
271000,0.458,0.000,0.542
271500,0.425,0.000,0.575
272000,0.277,0.000,0.723
272500,0.387,0.000,0.613
273000,0.292,0.000,0.708
273500,0.318,0.000,0.682
274000,0.415,0.000,0.585
274500,0.331,0.000,0.669
275000,0.346,0.000,0.654
275500,0.271,0.000,0.729
276000,0.387,0.000,0.613
276500,0.389,0.000,0.611
277000,0.295,0.000,0.705
277500,0.420,0.000,0.580
278000,0.267,0.000,0.733
278500,0.474,0.000,0.526
279000,0.384,0.000,0.616
279500,0.368,0.000,0.632
280000,0.511,0.000,0.489
280500,0.339,0.000,0.661
281000,0.401,0.000,0.599
281500,0.402,0.000,0.598
282000,0.342,0.000,0.658
282500,0.408,0.000,0.592
283000,0.459,0.000,0.541
283500,0.256,0.000,0.744
284000,0.297,0.000,0.703
284500,0.411,0.000,0.589
285000,0.422,0.000,0.578
285500,0.368,0.000,0.632
286000,0.549,0.000,0.451
286500,0.457,0.000,0.543
287000,0.344,0.000,0.656
287500,0.524,0.000,0.476
288000,0.483,0.000,0.517
288500,0.435,0.000,0.565
289000,0.484,0.000,0.516
289500,0.347,0.000,0.653
290000,0.370,0.000,0.630
290500,0.340,0.000,0.660
291000,0.414,0.000,0.586
291500,0.446,0.000,0.554
292000,0.355,0.000,0.645
292500,0.324,0.000,0.676
293000,0.302,0.000,0.698
293500,0.499,0.000,0.501
294000,0.387,0.000,0.613
294500,0.459,0.000,0.541
295000,0.375,0.000,0.625
295500,0.298,0.000,0.702
296000,0.349,0.000,0.651
296500,0.300,0.000,0.700
297000,0.644,0.000,0.356
297500,0.332,0.000,0.668
298000,0.520,0.000,0.480
298500,0.381,0.000,0.619
299000,0.265,0.000,0.735
299500,0.312,0.000,0.688
300000,0.354,0.000,0.646
300500,0.589,0.000,0.411
301000,0.296,0.000,0.704
301500,0.423,0.000,0.577
302000,0.376,0.000,0.624
302500,0.483,0.000,0.517
303000,0.321,0.000,0.679
303500,0.435,0.000,0.565
304000,0.223,0.000,0.777
304500,0.367,0.000,0.633
305000,0.499,0.000,0.501
305500,0.338,0.000,0.662
306000,0.412,0.000,0.588
306500,0.290,0.000,0.710
307000,0.507,0.000,0.493
307500,0.498,0.000,0.502
308000,0.365,0.000,0.635
308500,0.306,0.000,0.694
309000,0.384,0.000,0.616
309500,0.328,0.000,0.672
310000,0.523,0.000,0.477
310500,0.313,0.000,0.687
311000,0.339,0.000,0.661
311500,0.359,0.000,0.641
312000,0.464,0.000,0.536
312500,0.388,0.000,0.612
313000,0.393,0.000,0.607
313500,0.397,0.000,0.603
314000,0.561,0.000,0.439
314500,0.379,0.000,0.621
315000,0.436,0.000,0.564
315500,0.309,0.000,0.691
316000,0.505,0.000,0.495
316500,0.406,0.000,0.594
317000,0.343,0.000,0.657
317500,0.346,0.000,0.654
318000,0.442,0.000,0.558
318500,0.459,0.000,0.541
319000,0.331,0.000,0.669
319500,0.423,0.000,0.577
320000,0.314,0.000,0.686
320500,0.366,0.000,0.634
321000,0.482,0.000,0.518
321500,0.538,0.000,0.462
322000,0.370,0.000,0.630
322500,0.302,0.000,0.698
323000,0.473,0.000,0.527
323500,0.501,0.000,0.499
324000,0.418,0.000,0.582
324500,0.381,0.000,0.619
325000,0.235,0.000,0.765
325500,0.335,0.000,0.665
326000,0.490,0.000,0.510
326500,0.481,0.000,0.519
327000,0.453,0.000,0.547
327500,0.301,0.000,0.699
328000,0.350,0.000,0.650
328500,0.306,0.000,0.694
329000,0.399,0.000,0.601
329500,0.327,0.000,0.673
330000,0.248,0.000,0.752
330500,0.266,0.000,0.734
331000,0.294,0.000,0.706
331500,0.617,0.000,0.383
332000,0.594,0.000,0.406
332500,0.488,0.000,0.512
333000,0.637,0.000,0.363
333500,0.337,0.000,0.663
334000,0.417,0.000,0.583
334500,0.293,0.000,0.707
335000,0.349,0.000,0.651
335500,0.445,0.000,0.555
336000,0.437,0.000,0.563
336500,0.314,0.000,0.686
337000,0.393,0.000,0.607
337500,0.370,0.000,0.630
338000,0.372,0.000,0.628
338500,0.307,0.000,0.693
339000,0.293,0.000,0.707
339500,0.398,0.000,0.602
340000,0.342,0.000,0.658
340500,0.259,0.000,0.741
341000,0.268,0.000,0.732
341500,0.424,0.000,0.576
342000,0.337,0.000,0.663
342500,0.401,0.000,0.599
343000,0.361,0.000,0.639
343500,0.477,0.000,0.523
344000,0.374,0.000,0.626
344500,0.500,0.000,0.500
345000,0.499,0.000,0.501
345500,0.384,0.000,0.616
346000,0.353,0.000,0.647
346500,0.185,0.000,0.815
347000,0.341,0.000,0.659
347500,0.292,0.000,0.708
348000,0.545,0.000,0.455
348500,0.435,0.000,0.565
349000,0.415,0.000,0.585
349500,0.530,0.000,0.470
350000,0.436,0.000,0.564
350500,0.343,0.000,0.657
351000,0.289,0.000,0.711
351500,0.472,0.000,0.528
352000,0.307,0.000,0.693
352500,0.393,0.000,0.607
353000,0.551,0.000,0.449
353500,0.559,0.000,0.441
354000,0.244,0.000,0.756
354500,0.380,0.000,0.620
355000,0.274,0.000,0.726
355500,0.475,0.000,0.525
356000,0.436,0.000,0.564
356500,0.492,0.000,0.508
357000,0.419,0.000,0.581
357500,0.416,0.000,0.584
358000,0.441,0.000,0.559
358500,0.474,0.000,0.526
359000,0.400,0.000,0.600
359500,0.464,0.000,0.536
360000,0.475,0.000,0.525
360500,0.489,0.000,0.511
361000,0.441,0.000,0.559
361500,0.296,0.000,0.704
362000,0.277,0.000,0.723
362500,0.653,0.000,0.347
363000,0.385,0.000,0.615
363500,0.235,0.000,0.765
364000,0.411,0.000,0.589
364500,0.474,0.000,0.526
365000,0.540,0.000,0.460
365500,0.382,0.000,0.618
366000,0.298,0.000,0.702
366500,0.335,0.000,0.665
367000,0.353,0.000,0.647
367500,0.475,0.000,0.525
368000,0.350,0.000,0.650
368500,0.441,0.000,0.559
369000,0.322,0.000,0.678
369500,0.182,0.000,0.818
370000,0.460,0.000,0.540
370500,0.279,0.000,0.721
371000,0.500,0.000,0.500
371500,0.479,0.000,0.521
372000,0.418,0.000,0.582
372500,0.448,0.000,0.552
373000,0.291,0.000,0.709
373500,0.255,0.000,0.745
374000,0.450,0.000,0.550
374500,0.290,0.000,0.710
375000,0.370,0.000,0.630
375500,0.430,0.000,0.570
376000,0.454,0.000,0.546
376500,0.339,0.000,0.661
377000,0.403,0.000,0.597
377500,0.209,0.000,0.791
378000,0.347,0.000,0.653
378500,0.315,0.000,0.685
379000,0.402,0.000,0.598
379500,0.370,0.000,0.630
380000,0.315,0.000,0.685
380500,0.388,0.000,0.612
381000,0.512,0.000,0.488
381500,0.432,0.000,0.568
382000,0.266,0.000,0.734
382500,0.461,0.000,0.539
383000,0.298,0.000,0.702
383500,0.423,0.000,0.577
384000,0.468,0.000,0.532
384500,0.409,0.000,0.591
385000,0.504,0.000,0.496
385500,0.407,0.000,0.593
386000,0.308,0.000,0.692
386500,0.382,0.000,0.618
387000,0.518,0.000,0.482
387500,0.373,0.000,0.627
388000,0.361,0.000,0.639
388500,0.445,0.000,0.555
389000,0.269,0.000,0.731
389500,0.429,0.000,0.571
390000,0.375,0.000,0.625
390500,0.401,0.000,0.599
391000,0.262,0.000,0.738
391500,0.390,0.000,0.610
392000,0.409,0.000,0.591
392500,0.364,0.000,0.636
393000,0.480,0.000,0.520
393500,0.360,0.000,0.640
394000,0.302,0.000,0.698
394500,0.415,0.000,0.585
395000,0.337,0.000,0.663
395500,0.357,0.000,0.643
396000,0.359,0.000,0.641
396500,0.470,0.000,0.530
397000,0.430,0.000,0.570
397500,0.443,0.000,0.557
398000,0.378,0.000,0.622
398500,0.554,0.000,0.446
399000,0.409,0.000,0.591
399500,0.259,0.000,0.741
400000,0.266,0.000,0.734
400500,0.316,0.000,0.684
401000,0.468,0.000,0.532
401500,0.260,0.000,0.740
402000,0.480,0.000,0.520
402500,0.404,0.000,0.596
403000,0.577,0.000,0.423
403500,0.315,0.000,0.685
404000,0.482,0.000,0.518
404500,0.493,0.000,0.507
405000,0.442,0.000,0.558
405500,0.469,0.000,0.531
406000,0.438,0.000,0.562
406500,0.416,0.000,0.584
407000,0.486,0.000,0.514
407500,0.222,0.000,0.778
408000,0.364,0.000,0.636
408500,0.319,0.000,0.681
409000,0.336,0.000,0.664
409500,0.365,0.000,0.635
410000,0.348,0.000,0.652
410500,0.412,0.000,0.588
411000,0.440,0.000,0.560
411500,0.469,0.000,0.531
412000,0.456,0.000,0.544
412500,0.270,0.000,0.730
413000,0.560,0.000,0.440
413500,0.398,0.000,0.602
414000,0.534,0.000,0.466
414500,0.342,0.000,0.658
415000,0.249,0.000,0.751
415500,0.369,0.000,0.631
416000,0.434,0.000,0.566
416500,0.364,0.000,0.636
417000,0.353,0.000,0.647
417500,0.400,0.000,0.600
418000,0.400,0.000,0.600
418500,0.330,0.000,0.670
419000,0.467,0.000,0.533
419500,0.405,0.000,0.595
420000,0.439,0.000,0.561
420500,0.447,0.000,0.553
421000,0.332,0.000,0.668
421500,0.434,0.000,0.566
422000,0.394,0.000,0.606
422500,0.405,0.000,0.595
423000,0.437,0.000,0.563
423500,0.493,0.000,0.507
424000,0.512,0.000,0.488
424500,0.393,0.000,0.607
425000,0.458,0.000,0.542
425500,0.387,0.000,0.613
426000,0.467,0.000,0.533
426500,0.398,0.000,0.602
427000,0.416,0.000,0.584
427500,0.538,0.000,0.462
428000,0.337,0.000,0.663
428500,0.560,0.000,0.440
429000,0.267,0.000,0.733
429500,0.342,0.000,0.658
430000,0.379,0.000,0.621
430500,0.462,0.000,0.538
431000,0.271,0.000,0.729
431500,0.527,0.000,0.473
432000,0.240,0.000,0.760
432500,0.450,0.000,0.550
433000,0.486,0.000,0.514
433500,0.303,0.000,0.697
434000,0.338,0.000,0.662
434500,0.468,0.000,0.532
435000,0.452,0.000,0.548
435500,0.482,0.000,0.518
436000,0.438,0.000,0.562
436500,0.307,0.000,0.693
437000,0.391,0.000,0.609
437500,0.347,0.000,0.653
438000,0.438,0.000,0.562
438500,0.470,0.000,0.530
439000,0.341,0.000,0.659
439500,0.386,0.000,0.614
440000,0.321,0.000,0.679
440500,0.400,0.000,0.600
441000,0.351,0.000,0.649
441500,0.446,0.000,0.554
442000,0.327,0.000,0.673
442500,0.599,0.000,0.401
443000,0.542,0.000,0.458
443500,0.508,0.000,0.492
444000,0.397,0.000,0.603
444500,0.347,0.000,0.653
445000,0.357,0.000,0.643
445500,0.503,0.000,0.497
446000,0.374,0.000,0.626
446500,0.367,0.000,0.633
447000,0.372,0.000,0.628
447500,0.547,0.000,0.453
448000,0.219,0.000,0.781
448500,0.431,0.000,0.569
449000,0.349,0.000,0.651
449500,0.363,0.000,0.637
450000,0.581,0.000,0.419
450500,0.306,0.000,0.694
451000,0.489,0.000,0.511
451500,0.265,0.000,0.735
452000,0.500,0.000,0.500
452500,0.372,0.000,0.628
453000,0.332,0.000,0.668
453500,0.335,0.000,0.665
454000,0.399,0.000,0.601
454500,0.365,0.000,0.635
455000,0.315,0.000,0.685
455500,0.585,0.000,0.415
456000,0.394,0.000,0.606
456500,0.497,0.000,0.503
457000,0.329,0.000,0.671
457500,0.390,0.000,0.610
458000,0.493,0.000,0.507
458500,0.438,0.000,0.562
459000,0.299,0.000,0.701
459500,0.427,0.000,0.573
460000,0.433,0.000,0.567
460500,0.313,0.000,0.687
461000,0.435,0.000,0.565
461500,0.476,0.000,0.524
462000,0.602,0.000,0.398
462500,0.382,0.000,0.618
463000,0.446,0.000,0.554
463500,0.564,0.000,0.436
464000,0.551,0.000,0.449
464500,0.420,0.000,0.580
465000,0.421,0.000,0.579
465500,0.316,0.000,0.684
466000,0.320,0.000,0.680
466500,0.391,0.000,0.609
467000,0.421,0.000,0.579
467500,0.469,0.000,0.531
468000,0.412,0.000,0.588
468500,0.266,0.000,0.734
469000,0.513,0.000,0.487
469500,0.406,0.000,0.594
470000,0.311,0.000,0.689
470500,0.224,0.000,0.776
471000,0.470,0.000,0.530
471500,0.453,0.000,0.547
472000,0.210,0.000,0.790
472500,0.380,0.000,0.620
473000,0.355,0.000,0.645
473500,0.430,0.000,0.570
474000,0.303,0.000,0.697
474500,0.499,0.000,0.501
475000,0.463,0.000,0.537
475500,0.293,0.000,0.707
476000,0.278,0.000,0.722
476500,0.482,0.000,0.518
477000,0.327,0.000,0.673
477500,0.559,0.000,0.441
478000,0.480,0.000,0.520
478500,0.444,0.000,0.556
479000,0.438,0.000,0.562
479500,0.427,0.000,0.573
480000,0.455,0.000,0.545
480500,0.468,0.000,0.532
481000,0.531,0.000,0.469
481500,0.391,0.000,0.609
482000,0.459,0.000,0.541
482500,0.378,0.000,0.622
483000,0.722,0.000,0.278
483500,0.349,0.000,0.651
484000,0.448,0.000,0.552
484500,0.417,0.000,0.583
485000,0.423,0.000,0.577
485500,0.321,0.000,0.679
486000,0.437,0.000,0.563
486500,0.499,0.000,0.501
487000,0.642,0.000,0.358
487500,0.471,0.000,0.529
488000,0.547,0.000,0.453
488500,0.543,0.000,0.457
489000,0.335,0.000,0.665
489500,0.605,0.000,0.395
490000,0.227,0.000,0.773
490500,0.476,0.000,0.524
491000,0.386,0.000,0.614
491500,0.395,0.000,0.605
492000,0.336,0.000,0.664
492500,0.417,0.000,0.583
493000,0.479,0.000,0.521
493500,0.633,0.000,0.367
494000,0.516,0.000,0.484
494500,0.345,0.000,0.655
495000,0.299,0.000,0.701
495500,0.386,0.000,0.614
496000,0.435,0.000,0.565
496500,0.394,0.000,0.606
497000,0.384,0.000,0.616
497500,0.499,0.000,0.501
498000,0.391,0.000,0.609
498500,0.411,0.000,0.589
499000,0.406,0.000,0.594
499500,0.349,0.000,0.651
500000,0.404,0.000,0.596
500500,0.403,0.000,0.597
501000,0.414,0.000,0.586
501500,0.422,0.000,0.578
502000,0.332,0.000,0.668
502500,0.243,0.000,0.757
503000,0.481,0.000,0.519
503500,0.370,0.000,0.630
504000,0.403,0.000,0.597
504500,0.405,0.000,0.595
505000,0.317,0.000,0.683
505500,0.509,0.000,0.491
506000,0.370,0.000,0.630
506500,0.395,0.000,0.605
507000,0.480,0.000,0.520
507500,0.450,0.000,0.550
508000,0.404,0.000,0.596
508500,0.353,0.000,0.647
509000,0.468,0.000,0.532
509500,0.375,0.000,0.625
510000,0.460,0.000,0.540
510500,0.367,0.000,0.633
511000,0.311,0.000,0.689
511500,0.325,0.000,0.675
512000,0.472,0.000,0.528
512500,0.323,0.000,0.677
513000,0.442,0.000,0.558
513500,0.316,0.000,0.684
514000,0.361,0.000,0.639
514500,0.418,0.000,0.582
515000,0.435,0.000,0.565
515500,0.492,0.000,0.508
516000,0.462,0.000,0.538
516500,0.390,0.000,0.610
517000,0.375,0.000,0.625
517500,0.411,0.000,0.589
518000,0.430,0.000,0.570
518500,0.425,0.000,0.575
519000,0.423,0.000,0.577
519500,0.225,0.000,0.775
520000,0.428,0.000,0.572
520500,0.518,0.000,0.482
521000,0.276,0.000,0.724
521500,0.272,0.000,0.728
522000,0.420,0.000,0.580
522500,0.486,0.000,0.514
523000,0.625,0.000,0.375
523500,0.259,0.000,0.741
524000,0.556,0.000,0.444
524500,0.323,0.000,0.677
525000,0.501,0.000,0.499
525500,0.333,0.000,0.667
526000,0.451,0.000,0.549
526500,0.573,0.000,0.427
527000,0.322,0.000,0.678
527500,0.416,0.000,0.584
528000,0.308,0.000,0.692
528500,0.385,0.000,0.615
529000,0.337,0.000,0.663
529500,0.446,0.000,0.554
530000,0.263,0.000,0.737
530500,0.391,0.000,0.609
531000,0.347,0.000,0.653
531500,0.331,0.000,0.669
532000,0.347,0.000,0.653
532500,0.394,0.000,0.606
533000,0.471,0.000,0.529
533500,0.506,0.000,0.494
534000,0.397,0.000,0.603
534500,0.329,0.000,0.671
535000,0.303,0.000,0.697
535500,0.461,0.000,0.539
536000,0.323,0.000,0.677
536500,0.421,0.000,0.579
537000,0.461,0.000,0.539
537500,0.389,0.000,0.611
538000,0.417,0.000,0.583
538500,0.483,0.000,0.517
539000,0.273,0.000,0.727
539500,0.395,0.000,0.605
540000,0.477,0.000,0.523
540500,0.420,0.000,0.580
541000,0.360,0.000,0.640
541500,0.405,0.000,0.595
542000,0.341,0.000,0.659
542500,0.405,0.000,0.595
543000,0.268,0.000,0.732
543500,0.324,0.000,0.676
544000,0.347,0.000,0.653
544500,0.246,0.000,0.754
545000,0.346,0.000,0.654
545500,0.490,0.000,0.510
546000,0.421,0.000,0.579
546500,0.285,0.000,0.715
547000,0.284,0.000,0.716
547500,0.701,0.000,0.299
548000,0.350,0.000,0.650
548500,0.418,0.000,0.582
549000,0.431,0.000,0.569
549500,0.321,0.000,0.679
550000,0.469,0.000,0.531
550500,0.625,0.000,0.375
551000,0.671,0.000,0.329
551500,0.494,0.000,0.506
552000,0.394,0.000,0.606
552500,0.411,0.000,0.589
553000,0.423,0.000,0.577
553500,0.490,0.000,0.510
554000,0.439,0.000,0.561
554500,0.431,0.000,0.569
555000,0.289,0.000,0.711
555500,0.511,0.000,0.489
556000,0.394,0.000,0.606
556500,0.344,0.000,0.656
557000,0.337,0.000,0.663
557500,0.349,0.000,0.651
558000,0.339,0.000,0.661
558500,0.434,0.000,0.566
559000,0.464,0.000,0.536
559500,0.290,0.000,0.710
560000,0.407,0.000,0.593
560500,0.555,0.000,0.445
561000,0.559,0.000,0.441
561500,0.398,0.000,0.602
562000,0.529,0.000,0.471
562500,0.305,0.000,0.695
563000,0.556,0.000,0.444
563500,0.346,0.000,0.654
564000,0.500,0.000,0.500
564500,0.463,0.000,0.537
565000,0.383,0.000,0.617
565500,0.503,0.000,0.497
566000,0.564,0.000,0.436
566500,0.452,0.000,0.548
567000,0.447,0.000,0.553
567500,0.408,0.000,0.592
568000,0.468,0.000,0.532
568500,0.347,0.000,0.653
569000,0.372,0.000,0.628
569500,0.423,0.000,0.577
570000,0.303,0.000,0.697
570500,0.518,0.000,0.482
571000,0.417,0.000,0.583
571500,0.549,0.000,0.451
572000,0.450,0.000,0.550
572500,0.313,0.000,0.687
573000,0.370,0.000,0.630
573500,0.473,0.000,0.527
574000,0.425,0.000,0.575
574500,0.392,0.000,0.608
575000,0.363,0.000,0.637
575500,0.254,0.000,0.746
576000,0.390,0.000,0.610
576500,0.525,0.000,0.475
577000,0.231,0.000,0.769
577500,0.346,0.000,0.654
578000,0.316,0.000,0.684
578500,0.416,0.000,0.584
579000,0.485,0.000,0.515
579500,0.281,0.000,0.719
580000,0.401,0.000,0.599
580500,0.325,0.000,0.675
581000,0.365,0.000,0.635
581500,0.448,0.000,0.552
582000,0.493,0.000,0.507
582500,0.571,0.000,0.429
583000,0.373,0.000,0.627
583500,0.447,0.000,0.553
584000,0.578,0.000,0.422
584500,0.333,0.000,0.667
585000,0.271,0.000,0.729
585500,0.470,0.000,0.530
586000,0.359,0.000,0.641
586500,0.456,0.000,0.544
587000,0.327,0.000,0.673
587500,0.510,0.000,0.490
588000,0.611,0.000,0.389
588500,0.352,0.000,0.648
589000,0.311,0.000,0.689
589500,0.373,0.000,0.627
590000,0.348,0.000,0.652
590500,0.499,0.000,0.501
591000,0.390,0.000,0.610
591500,0.285,0.000,0.715
592000,0.443,0.000,0.557
592500,0.264,0.000,0.736
593000,0.396,0.000,0.604
593500,0.485,0.000,0.515
594000,0.260,0.000,0.740
594500,0.431,0.000,0.569
595000,0.544,0.000,0.456
595500,0.415,0.000,0.585
596000,0.355,0.000,0.645
596500,0.395,0.000,0.605
597000,0.222,0.000,0.778
597500,0.327,0.000,0.673
598000,0.309,0.000,0.691
598500,0.405,0.000,0.595
599000,0.472,0.000,0.528
599500,0.405,0.000,0.595
600000,0.331,0.000,0.669
600500,0.372,0.000,0.628
601000,0.346,0.000,0.654
601500,0.403,0.000,0.597
602000,0.414,0.000,0.586
602500,0.452,0.000,0.548
603000,0.292,0.000,0.708
603500,0.470,0.000,0.530
604000,0.402,0.000,0.598
604500,0.306,0.000,0.694
605000,0.454,0.000,0.546
605500,0.423,0.000,0.577
606000,0.566,0.000,0.434
606500,0.445,0.000,0.555
607000,0.512,0.000,0.488
607500,0.331,0.000,0.669
608000,0.327,0.000,0.673
608500,0.308,0.000,0.692
609000,0.356,0.000,0.644
609500,0.546,0.000,0.454
610000,0.306,0.000,0.694
610500,0.350,0.000,0.650
611000,0.470,0.000,0.530
611500,0.359,0.000,0.641
612000,0.428,0.000,0.572
612500,0.489,0.000,0.511
613000,0.433,0.000,0.567
613500,0.665,0.000,0.335
614000,0.259,0.000,0.741
614500,0.506,0.000,0.494
615000,0.443,0.000,0.557
615500,0.430,0.000,0.570
616000,0.299,0.000,0.701
616500,0.431,0.000,0.569
617000,0.313,0.000,0.687
617500,0.358,0.000,0.642
618000,0.369,0.000,0.631
618500,0.419,0.000,0.581
619000,0.381,0.000,0.619
619500,0.421,0.000,0.579
620000,0.445,0.000,0.555
620500,0.417,0.000,0.583
621000,0.443,0.000,0.557
621500,0.566,0.000,0.434
622000,0.287,0.000,0.713
622500,0.544,0.000,0.456
623000,0.161,0.000,0.839
623500,0.454,0.000,0.546
624000,0.331,0.000,0.669
624500,0.265,0.000,0.735
625000,0.508,0.000,0.492
625500,0.318,0.000,0.682
626000,0.369,0.000,0.631
626500,0.374,0.000,0.626
627000,0.311,0.000,0.689
627500,0.313,0.000,0.687
628000,0.406,0.000,0.594
628500,0.384,0.000,0.616
629000,0.415,0.000,0.585
629500,0.241,0.000,0.759
630000,0.465,0.000,0.535
630500,0.527,0.000,0.473
631000,0.342,0.000,0.658
631500,0.457,0.000,0.543
632000,0.618,0.000,0.382
632500,0.515,0.000,0.485
633000,0.460,0.000,0.540
633500,0.328,0.000,0.672
634000,0.353,0.000,0.647
634500,0.493,0.000,0.507
635000,0.358,0.000,0.642
635500,0.425,0.000,0.575
636000,0.234,0.000,0.766
636500,0.417,0.000,0.583
637000,0.319,0.000,0.681
637500,0.267,0.000,0.733
638000,0.422,0.000,0.578
638500,0.456,0.000,0.544
639000,0.486,0.000,0.514
639500,0.324,0.000,0.676
640000,0.465,0.000,0.535
640500,0.484,0.000,0.516
641000,0.526,0.000,0.474
641500,0.305,0.000,0.695
642000,0.343,0.000,0.657
642500,0.385,0.000,0.615
643000,0.402,0.000,0.598
643500,0.256,0.000,0.744
644000,0.345,0.000,0.655
644500,0.396,0.000,0.604
645000,0.515,0.000,0.485
645500,0.473,0.000,0.527
646000,0.325,0.000,0.675
646500,0.374,0.000,0.626
647000,0.301,0.000,0.699
647500,0.468,0.000,0.532
648000,0.441,0.000,0.559
648500,0.273,0.000,0.727
649000,0.252,0.000,0.748
649500,0.393,0.000,0.607
650000,0.246,0.000,0.754
650500,0.223,0.000,0.777
651000,0.355,0.000,0.645
651500,0.306,0.000,0.694
652000,0.375,0.000,0.625
652500,0.593,0.000,0.407
653000,0.403,0.000,0.597
653500,0.406,0.000,0.594
654000,0.350,0.000,0.650
654500,0.300,0.000,0.700
655000,0.352,0.000,0.648
655500,0.389,0.000,0.611
656000,0.371,0.000,0.629
656500,0.311,0.000,0.689
657000,0.371,0.000,0.629
657500,0.415,0.000,0.585
658000,0.362,0.000,0.638
658500,0.432,0.000,0.568
659000,0.301,0.000,0.699
659500,0.451,0.000,0.549
660000,0.360,0.000,0.640
660500,0.353,0.000,0.647
661000,0.449,0.000,0.551
661500,0.304,0.000,0.696
662000,0.386,0.000,0.614
662500,0.285,0.000,0.715
663000,0.367,0.000,0.633
663500,0.315,0.000,0.685
664000,0.418,0.000,0.582
664500,0.353,0.000,0.647
665000,0.530,0.000,0.470
665500,0.502,0.000,0.498
666000,0.590,0.000,0.410
666500,0.366,0.000,0.634
667000,0.350,0.000,0.650
667500,0.449,0.000,0.551
668000,0.292,0.000,0.708
668500,0.341,0.000,0.659
669000,0.522,0.000,0.478
669500,0.361,0.000,0.639
670000,0.441,0.000,0.559
670500,0.432,0.000,0.568
671000,0.554,0.000,0.446
671500,0.390,0.000,0.610
672000,0.409,0.000,0.591
672500,0.458,0.000,0.542
673000,0.419,0.000,0.581
673500,0.365,0.000,0.635
674000,0.479,0.000,0.521
674500,0.400,0.000,0.600
675000,0.462,0.000,0.538
675500,0.456,0.000,0.544
676000,0.245,0.000,0.755
676500,0.434,0.000,0.566
677000,0.371,0.000,0.629
677500,0.364,0.000,0.636
678000,0.407,0.000,0.593
678500,0.251,0.000,0.749
679000,0.564,0.000,0.436
679500,0.362,0.000,0.638
680000,0.428,0.000,0.572
680500,0.445,0.000,0.555
681000,0.431,0.000,0.569
681500,0.388,0.000,0.612
682000,0.388,0.000,0.612
682500,0.515,0.000,0.485
683000,0.511,0.000,0.489
683500,0.413,0.000,0.587
684000,0.478,0.000,0.522
684500,0.342,0.000,0.658
685000,0.629,0.000,0.371
685500,0.427,0.000,0.573
686000,0.374,0.000,0.626
686500,0.455,0.000,0.545
687000,0.329,0.000,0.671
687500,0.330,0.000,0.670
688000,0.381,0.000,0.619
688500,0.301,0.000,0.699
689000,0.440,0.000,0.560
689500,0.435,0.000,0.565
690000,0.447,0.000,0.553
690500,0.444,0.000,0.556
691000,0.434,0.000,0.566
691500,0.373,0.000,0.627
692000,0.397,0.000,0.603
692500,0.385,0.000,0.615
693000,0.532,0.000,0.468
693500,0.276,0.000,0.724
694000,0.555,0.000,0.445
694500,0.410,0.000,0.590
695000,0.470,0.000,0.530
695500,0.427,0.000,0.573
696000,0.362,0.000,0.638
696500,0.602,0.000,0.398
697000,0.418,0.000,0.582
697500,0.405,0.000,0.595
698000,0.319,0.000,0.681
698500,0.346,0.000,0.654
699000,0.246,0.000,0.754
699500,0.306,0.000,0.694
700000,0.344,0.000,0.656
700500,0.351,0.000,0.649
701000,0.461,0.000,0.539
701500,0.295,0.000,0.705
702000,0.400,0.000,0.600
702500,0.432,0.000,0.568
703000,0.422,0.000,0.578
703500,0.394,0.000,0.606
704000,0.371,0.000,0.629
704500,0.294,0.000,0.706
705000,0.230,0.000,0.770
705500,0.288,0.000,0.712
706000,0.295,0.000,0.705
706500,0.350,0.000,0.650
707000,0.551,0.000,0.449
707500,0.403,0.000,0.597
708000,0.331,0.000,0.669
708500,0.411,0.000,0.589
709000,0.299,0.000,0.701
709500,0.344,0.000,0.656
710000,0.605,0.000,0.395
710500,0.395,0.000,0.605
711000,0.275,0.000,0.725
711500,0.371,0.000,0.629
712000,0.375,0.000,0.625
712500,0.228,0.000,0.772
713000,0.593,0.000,0.407
713500,0.429,0.000,0.571
714000,0.351,0.000,0.649
714500,0.524,0.000,0.476
715000,0.411,0.000,0.589
715500,0.536,0.000,0.464
716000,0.326,0.000,0.674
716500,0.528,0.000,0.472
717000,0.367,0.000,0.633
717500,0.348,0.000,0.652
718000,0.324,0.000,0.676
718500,0.316,0.000,0.684
719000,0.373,0.000,0.627
719500,0.336,0.000,0.664
720000,0.519,0.000,0.481
720500,0.467,0.000,0.533
721000,0.454,0.000,0.546
721500,0.474,0.000,0.526
722000,0.387,0.000,0.613
722500,0.547,0.000,0.453
723000,0.330,0.000,0.670
723500,0.312,0.000,0.688
724000,0.471,0.000,0.529
724500,0.342,0.000,0.658
725000,0.442,0.000,0.558
725500,0.498,0.000,0.502
726000,0.387,0.000,0.613
726500,0.405,0.000,0.595
727000,0.305,0.000,0.695
727500,0.478,0.000,0.522
728000,0.430,0.000,0.570
728500,0.347,0.000,0.653
729000,0.350,0.000,0.650
729500,0.401,0.000,0.599
730000,0.402,0.000,0.598
730500,0.253,0.000,0.747
731000,0.488,0.000,0.512
731500,0.295,0.000,0.705
732000,0.367,0.000,0.633
732500,0.403,0.000,0.597
733000,0.389,0.000,0.611
733500,0.368,0.000,0.632
734000,0.463,0.000,0.537
734500,0.264,0.000,0.736
735000,0.491,0.000,0.509
735500,0.470,0.000,0.530
736000,0.486,0.000,0.514
736500,0.460,0.000,0.540
737000,0.378,0.000,0.622
737500,0.305,0.000,0.695
738000,0.412,0.000,0.588
738500,0.366,0.000,0.634
739000,0.463,0.000,0.537
739500,0.359,0.000,0.641
740000,0.305,0.000,0.695
740500,0.356,0.000,0.644
741000,0.203,0.000,0.797
741500,0.417,0.000,0.583
742000,0.489,0.000,0.511
742500,0.337,0.000,0.663
743000,0.336,0.000,0.664
743500,0.300,0.000,0.700
744000,0.575,0.000,0.425
744500,0.541,0.000,0.459
745000,0.315,0.000,0.685
745500,0.412,0.000,0.588
746000,0.380,0.000,0.620
746500,0.335,0.000,0.665
747000,0.284,0.000,0.716
747500,0.234,0.000,0.766
748000,0.329,0.000,0.671
748500,0.505,0.000,0.495
749000,0.369,0.000,0.631
749500,0.465,0.000,0.535
750000,0.345,0.000,0.655
750500,0.405,0.000,0.595
751000,0.417,0.000,0.583
751500,0.309,0.000,0.691
752000,0.364,0.000,0.636
752500,0.350,0.000,0.650
753000,0.590,0.000,0.410
753500,0.445,0.000,0.555
754000,0.323,0.000,0.677
754500,0.415,0.000,0.585
755000,0.400,0.000,0.600
755500,0.470,0.000,0.530
756000,0.271,0.000,0.729
756500,0.403,0.000,0.597
757000,0.464,0.000,0.536
757500,0.247,0.000,0.753
758000,0.301,0.000,0.699
758500,0.408,0.000,0.592
759000,0.252,0.000,0.748
759500,0.330,0.000,0.670
760000,0.353,0.000,0.647
760500,0.342,0.000,0.658
761000,0.247,0.000,0.753
761500,0.542,0.000,0.458
762000,0.446,0.000,0.554
762500,0.480,0.000,0.520
763000,0.333,0.000,0.667
763500,0.385,0.000,0.615
764000,0.438,0.000,0.562
764500,0.355,0.000,0.645
765000,0.488,0.000,0.512
765500,0.412,0.000,0.588
766000,0.326,0.000,0.674
766500,0.564,0.000,0.436
767000,0.267,0.000,0.733
767500,0.415,0.000,0.585
768000,0.479,0.000,0.521
768500,0.616,0.000,0.384
769000,0.442,0.000,0.558
769500,0.281,0.000,0.719
770000,0.458,0.000,0.542
770500,0.277,0.000,0.723
771000,0.225,0.000,0.775
771500,0.353,0.000,0.647
772000,0.485,0.000,0.515
772500,0.273,0.000,0.727
773000,0.323,0.000,0.677
773500,0.449,0.000,0.551
774000,0.505,0.000,0.495
774500,0.296,0.000,0.704
775000,0.283,0.000,0.717
775500,0.305,0.000,0.695
776000,0.480,0.000,0.520
776500,0.536,0.000,0.464
777000,0.345,0.000,0.655
777500,0.427,0.000,0.573
778000,0.376,0.000,0.624
778500,0.311,0.000,0.689
779000,0.340,0.000,0.660
779500,0.486,0.000,0.514
780000,0.538,0.000,0.462
780500,0.282,0.000,0.718
781000,0.388,0.000,0.612
781500,0.575,0.000,0.425
782000,0.381,0.000,0.619
782500,0.395,0.000,0.605
783000,0.525,0.000,0.475
783500,0.486,0.000,0.514
784000,0.590,0.000,0.410
784500,0.371,0.000,0.629
785000,0.472,0.000,0.528
785500,0.388,0.000,0.612
786000,0.420,0.000,0.580
786500,0.482,0.000,0.518
787000,0.327,0.000,0.673
787500,0.250,0.000,0.750
788000,0.560,0.000,0.440
788500,0.530,0.000,0.470
789000,0.321,0.000,0.679
789500,0.296,0.000,0.704
790000,0.511,0.000,0.489
790500,0.301,0.000,0.699
791000,0.512,0.000,0.488
791500,0.419,0.000,0.581
792000,0.355,0.000,0.645
792500,0.355,0.000,0.645
793000,0.513,0.000,0.487
793500,0.336,0.000,0.664
794000,0.330,0.000,0.670
794500,0.372,0.000,0.628
795000,0.371,0.000,0.629
795500,0.463,0.000,0.537
796000,0.349,0.000,0.651
796500,0.464,0.000,0.536
797000,0.450,0.000,0.550
797500,0.450,0.000,0.550
798000,0.322,0.000,0.678
798500,0.371,0.000,0.629
799000,0.312,0.000,0.688
799500,0.386,0.000,0.614
800000,0.379,0.000,0.621
800500,0.409,0.000,0.591
801000,0.305,0.000,0.695
801500,0.412,0.000,0.588
802000,0.243,0.000,0.757
802500,0.298,0.000,0.702
803000,0.415,0.000,0.585
803500,0.413,0.000,0.587
804000,0.383,0.000,0.617
804500,0.317,0.000,0.683
805000,0.250,0.000,0.750
805500,0.202,0.000,0.798
806000,0.246,0.000,0.754
806500,0.314,0.000,0.686
807000,0.423,0.000,0.577
807500,0.387,0.000,0.613
808000,0.396,0.000,0.604
808500,0.415,0.000,0.585
809000,0.244,0.000,0.756
809500,0.296,0.000,0.704
810000,0.312,0.000,0.688
810500,0.481,0.000,0.519
811000,0.225,0.000,0.775
811500,0.323,0.000,0.677
812000,0.593,0.000,0.407
812500,0.483,0.000,0.517
813000,0.492,0.000,0.508
813500,0.464,0.000,0.536
814000,0.379,0.000,0.621
814500,0.390,0.000,0.610
815000,0.385,0.000,0.615
815500,0.427,0.000,0.573
816000,0.409,0.000,0.591
816500,0.346,0.000,0.654
817000,0.316,0.000,0.684
817500,0.330,0.000,0.670
818000,0.334,0.000,0.666
818500,0.301,0.000,0.699
819000,0.322,0.000,0.678
819500,0.236,0.000,0.764
820000,0.389,0.000,0.611
820500,0.410,0.000,0.590
821000,0.431,0.000,0.569
821500,0.284,0.000,0.716
822000,0.240,0.000,0.760
822500,0.344,0.000,0.656
823000,0.450,0.000,0.550
823500,0.431,0.000,0.569
824000,0.376,0.000,0.624
824500,0.478,0.000,0.522
825000,0.328,0.000,0.672
825500,0.502,0.000,0.498
826000,0.400,0.000,0.600
826500,0.435,0.000,0.565
827000,0.414,0.000,0.586
827500,0.335,0.000,0.665
828000,0.399,0.000,0.601
828500,0.463,0.000,0.537
829000,0.467,0.000,0.533
829500,0.430,0.000,0.570
830000,0.326,0.000,0.674
830500,0.501,0.000,0.499
831000,0.468,0.000,0.532
831500,0.372,0.000,0.628
832000,0.388,0.000,0.612
832500,0.224,0.000,0.776
833000,0.574,0.000,0.426
833500,0.716,0.000,0.284
834000,0.468,0.000,0.532
834500,0.513,0.000,0.487
835000,0.411,0.000,0.589
835500,0.332,0.000,0.668
836000,0.257,0.000,0.743
836500,0.386,0.000,0.614
837000,0.291,0.000,0.709
837500,0.374,0.000,0.626
838000,0.505,0.000,0.495
838500,0.316,0.000,0.684
839000,0.311,0.000,0.689
839500,0.306,0.000,0.694
840000,0.390,0.000,0.610
840500,0.319,0.000,0.681
841000,0.405,0.000,0.595
841500,0.204,0.000,0.796
842000,0.469,0.000,0.531
842500,0.441,0.000,0.559
843000,0.426,0.000,0.574
843500,0.470,0.000,0.530
844000,0.404,0.000,0.596
844500,0.295,0.000,0.705
845000,0.494,0.000,0.506
845500,0.356,0.000,0.644
846000,0.270,0.000,0.730
846500,0.328,0.000,0.672
847000,0.490,0.000,0.510
847500,0.499,0.000,0.501
848000,0.359,0.000,0.641
848500,0.459,0.000,0.541
849000,0.224,0.000,0.776
849500,0.484,0.000,0.516
850000,0.291,0.000,0.709
850500,0.457,0.000,0.543
851000,0.429,0.000,0.571
851500,0.321,0.000,0.679
852000,0.461,0.000,0.539
852500,0.421,0.000,0.579
853000,0.501,0.000,0.499
853500,0.584,0.000,0.416
854000,0.349,0.000,0.651
854500,0.465,0.000,0.535
855000,0.385,0.000,0.615
855500,0.546,0.000,0.454
856000,0.332,0.000,0.668
856500,0.495,0.000,0.505
857000,0.396,0.000,0.604
857500,0.298,0.000,0.702
858000,0.384,0.000,0.616
858500,0.479,0.000,0.521
859000,0.329,0.000,0.671
859500,0.358,0.000,0.642
860000,0.369,0.000,0.631
860500,0.375,0.000,0.625
861000,0.334,0.000,0.666
861500,0.232,0.000,0.768
862000,0.389,0.000,0.611
862500,0.367,0.000,0.633
863000,0.418,0.000,0.582
863500,0.349,0.000,0.651
864000,0.388,0.000,0.612
864500,0.480,0.000,0.520
865000,0.478,0.000,0.522
865500,0.309,0.000,0.691
866000,0.542,0.000,0.458
866500,0.397,0.000,0.603
867000,0.315,0.000,0.685
867500,0.429,0.000,0.571
868000,0.328,0.000,0.672
868500,0.535,0.000,0.465
869000,0.414,0.000,0.586
869500,0.386,0.000,0.614
870000,0.522,0.000,0.478
870500,0.552,0.000,0.448
871000,0.354,0.000,0.646
871500,0.326,0.000,0.674
872000,0.397,0.000,0.603
872500,0.425,0.000,0.575
873000,0.502,0.000,0.498
873500,0.408,0.000,0.592
874000,0.414,0.000,0.586
874500,0.416,0.000,0.584
875000,0.383,0.000,0.617
875500,0.416,0.000,0.584
876000,0.380,0.000,0.620
876500,0.337,0.000,0.663
877000,0.428,0.000,0.572
877500,0.448,0.000,0.552
878000,0.283,0.000,0.717
878500,0.433,0.000,0.567
879000,0.467,0.000,0.533
879500,0.353,0.000,0.647
880000,0.328,0.000,0.672
880500,0.251,0.000,0.749
881000,0.326,0.000,0.674
881500,0.580,0.000,0.420
882000,0.445,0.000,0.555
882500,0.437,0.000,0.563
883000,0.401,0.000,0.599
883500,0.272,0.000,0.728
884000,0.313,0.000,0.687
884500,0.370,0.000,0.630
885000,0.540,0.000,0.460
885500,0.334,0.000,0.666
886000,0.439,0.000,0.561
886500,0.423,0.000,0.577
887000,0.262,0.000,0.738
887500,0.375,0.000,0.625
888000,0.494,0.000,0.506
888500,0.459,0.000,0.541
889000,0.285,0.000,0.715
889500,0.350,0.000,0.650
890000,0.473,0.000,0.527
890500,0.567,0.000,0.433
891000,0.325,0.000,0.675
891500,0.395,0.000,0.605
892000,0.473,0.000,0.527
892500,0.287,0.000,0.713
893000,0.317,0.000,0.683
893500,0.239,0.000,0.761
894000,0.443,0.000,0.557
894500,0.415,0.000,0.585
895000,0.318,0.000,0.682
895500,0.512,0.000,0.488
896000,0.318,0.000,0.682
896500,0.698,0.000,0.302
897000,0.228,0.000,0.772
897500,0.529,0.000,0.471
898000,0.280,0.000,0.720
898500,0.493,0.000,0.507
899000,0.177,0.000,0.823
899500,0.248,0.000,0.752
900000,0.344,0.000,0.656
900500,0.364,0.000,0.636
901000,0.256,0.000,0.744
901500,0.405,0.000,0.595
902000,0.567,0.000,0.433
902500,0.301,0.000,0.699
903000,0.345,0.000,0.655
903500,0.475,0.000,0.525
904000,0.413,0.000,0.587
904500,0.349,0.000,0.651
905000,0.272,0.000,0.728
905500,0.381,0.000,0.619
906000,0.389,0.000,0.611
906500,0.568,0.000,0.432
907000,0.398,0.000,0.602
907500,0.307,0.000,0.693
908000,0.445,0.000,0.555
908500,0.458,0.000,0.542
909000,0.451,0.000,0.549
909500,0.431,0.000,0.569
910000,0.297,0.000,0.703
910500,0.526,0.000,0.474
911000,0.329,0.000,0.671
911500,0.412,0.000,0.588
912000,0.574,0.000,0.426
912500,0.446,0.000,0.554
913000,0.399,0.000,0.601
913500,0.519,0.000,0.481
914000,0.379,0.000,0.621
914500,0.446,0.000,0.554
915000,0.473,0.000,0.527
915500,0.299,0.000,0.701
916000,0.267,0.000,0.733
916500,0.317,0.000,0.683
917000,0.325,0.000,0.675
917500,0.278,0.000,0.722
918000,0.402,0.000,0.598
918500,0.473,0.000,0.527
919000,0.534,0.000,0.466
919500,0.246,0.000,0.754
920000,0.429,0.000,0.571
920500,0.456,0.000,0.544
921000,0.422,0.000,0.578
921500,0.294,0.000,0.706
922000,0.444,0.000,0.556
922500,0.367,0.000,0.633
923000,0.369,0.000,0.631
923500,0.360,0.000,0.640
924000,0.351,0.000,0.649
924500,0.504,0.000,0.496
925000,0.335,0.000,0.665
925500,0.283,0.000,0.717
926000,0.211,0.000,0.789
926500,0.502,0.000,0.498
927000,0.376,0.000,0.624
927500,0.360,0.000,0.640
928000,0.497,0.000,0.503
928500,0.389,0.000,0.611
929000,0.482,0.000,0.518
929500,0.303,0.000,0.697
930000,0.429,0.000,0.571
930500,0.403,0.000,0.597
931000,0.426,0.000,0.574
931500,0.440,0.000,0.560
932000,0.251,0.000,0.749
932500,0.238,0.000,0.762
933000,0.319,0.000,0.681
933500,0.314,0.000,0.686
934000,0.507,0.000,0.493
934500,0.417,0.000,0.583
935000,0.522,0.000,0.478
935500,0.455,0.000,0.545
936000,0.496,0.000,0.504
936500,0.514,0.000,0.486
937000,0.409,0.000,0.591
937500,0.331,0.000,0.669
938000,0.362,0.000,0.638
938500,0.303,0.000,0.697
939000,0.454,0.000,0.546
939500,0.419,0.000,0.581
940000,0.395,0.000,0.605
940500,0.476,0.000,0.524
941000,0.340,0.000,0.660
941500,0.342,0.000,0.658
942000,0.458,0.000,0.542
942500,0.474,0.000,0.526
943000,0.384,0.000,0.616
943500,0.353,0.000,0.647
944000,0.350,0.000,0.650
944500,0.353,0.000,0.647
945000,0.308,0.000,0.692
945500,0.328,0.000,0.672
946000,0.365,0.000,0.635
946500,0.360,0.000,0.640
947000,0.368,0.000,0.632
947500,0.200,0.000,0.800
948000,0.326,0.000,0.674
948500,0.399,0.000,0.601
949000,0.438,0.000,0.562
949500,0.424,0.000,0.576
950000,0.450,0.000,0.550
950500,0.401,0.000,0.599
951000,0.338,0.000,0.662
951500,0.479,0.000,0.521
952000,0.487,0.000,0.513
952500,0.296,0.000,0.704
953000,0.363,0.000,0.637
953500,0.426,0.000,0.574
954000,0.316,0.000,0.684
954500,0.373,0.000,0.627
955000,0.386,0.000,0.614
955500,0.354,0.000,0.646
956000,0.317,0.000,0.683
956500,0.423,0.000,0.577
957000,0.498,0.000,0.502
957500,0.356,0.000,0.644
958000,0.212,0.000,0.788
958500,0.308,0.000,0.692
959000,0.292,0.000,0.708
959500,0.377,0.000,0.623
960000,0.549,0.000,0.451
960500,0.494,0.000,0.506
961000,0.495,0.000,0.505
961500,0.255,0.000,0.745
962000,0.312,0.000,0.688
962500,0.308,0.000,0.692
963000,0.538,0.000,0.462
963500,0.372,0.000,0.628
964000,0.228,0.000,0.772
964500,0.311,0.000,0.689
965000,0.429,0.000,0.571
965500,0.408,0.000,0.592
966000,0.209,0.000,0.791
966500,0.280,0.000,0.720
967000,0.369,0.000,0.631
967500,0.340,0.000,0.660
968000,0.388,0.000,0.612
968500,0.365,0.000,0.635
969000,0.425,0.000,0.575
969500,0.329,0.000,0.671
970000,0.393,0.000,0.607
970500,0.568,0.000,0.432
971000,0.392,0.000,0.608
971500,0.426,0.000,0.574
972000,0.341,0.000,0.659
972500,0.368,0.000,0.632
973000,0.443,0.000,0.557
973500,0.451,0.000,0.549
974000,0.465,0.000,0.535
974500,0.496,0.000,0.504
975000,0.395,0.000,0.605
975500,0.429,0.000,0.571
976000,0.358,0.000,0.642
976500,0.316,0.000,0.684
977000,0.555,0.000,0.445
977500,0.440,0.000,0.560
978000,0.440,0.000,0.560
978500,0.567,0.000,0.433
979000,0.428,0.000,0.572
979500,0.371,0.000,0.629
980000,0.304,0.000,0.696
980500,0.240,0.000,0.760
981000,0.555,0.000,0.445
981500,0.277,0.000,0.723
982000,0.329,0.000,0.671
982500,0.501,0.000,0.499
983000,0.334,0.000,0.666
983500,0.250,0.000,0.750
984000,0.308,0.000,0.692
984500,0.290,0.000,0.710
985000,0.341,0.000,0.659
985500,0.427,0.000,0.573
986000,0.430,0.000,0.570
986500,0.310,0.000,0.690
987000,0.338,0.000,0.662
987500,0.376,0.000,0.624
988000,0.424,0.000,0.576
988500,0.405,0.000,0.595
989000,0.405,0.000,0.595
989500,0.417,0.000,0.583
990000,0.533,0.000,0.467
990500,0.392,0.000,0.608
991000,0.481,0.000,0.519
991500,0.358,0.000,0.642
992000,0.435,0.000,0.565
992500,0.299,0.000,0.701
993000,0.501,0.000,0.499
993500,0.419,0.000,0.581
994000,0.338,0.000,0.662
994500,0.570,0.000,0.430
995000,0.529,0.000,0.471
995500,0.524,0.000,0.476
996000,0.359,0.000,0.641
996500,0.362,0.000,0.638
997000,0.508,0.000,0.492
997500,0.451,0.000,0.549
998000,0.585,0.000,0.415
998500,0.462,0.000,0.538
999000,0.497,0.000,0.503
999500,0.434,0.000,0.566
1000000,0.388,0.000,0.612
