time,n_A+p,n_B,n_AB
100,0.416,0.525,0.059
200,0.399,0.513,0.088
300,0.379,0.489,0.132
400,0.364,0.475,0.161
500,0.352,0.458,0.190
600,0.338,0.457,0.205
700,0.330,0.449,0.221
800,0.322,0.439,0.239
900,0.319,0.434,0.247
1000,0.316,0.424,0.260
1100,0.305,0.419,0.276
1200,0.315,0.416,0.270
1300,0.308,0.411,0.281
1400,0.313,0.404,0.283
1500,0.323,0.396,0.281
1600,0.319,0.387,0.294
1700,0.335,0.378,0.287
1800,0.326,0.379,0.295
1900,0.322,0.373,0.305
2000,0.327,0.365,0.308
2100,0.323,0.355,0.322
2200,0.320,0.349,0.331
2300,0.304,0.337,0.359
2400,0.302,0.342,0.355
2500,0.298,0.340,0.362
2600,0.297,0.344,0.359
2700,0.291,0.340,0.369
2800,0.297,0.343,0.360
2900,0.304,0.342,0.353
3000,0.309,0.343,0.347
3100,0.304,0.343,0.352
3200,0.302,0.355,0.342
3300,0.303,0.348,0.348
3400,0.300,0.341,0.359
3500,0.300,0.328,0.372
3600,0.302,0.320,0.378
3700,0.296,0.321,0.383
3800,0.296,0.321,0.383
3900,0.294,0.317,0.389
4000,0.289,0.319,0.392
4100,0.298,0.307,0.394
4200,0.286,0.328,0.386
4300,0.283,0.325,0.392
4400,0.286,0.312,0.402
4500,0.285,0.307,0.408
4600,0.272,0.301,0.427
4700,0.266,0.305,0.429
4800,0.269,0.305,0.426
4900,0.270,0.311,0.420
5000,0.266,0.308,0.426
5100,0.263,0.305,0.432
5200,0.254,0.305,0.440
5300,0.251,0.308,0.440
5400,0.244,0.315,0.441
5500,0.245,0.322,0.433
5600,0.236,0.317,0.447
5700,0.238,0.315,0.447
5800,0.245,0.313,0.442
5900,0.242,0.317,0.441
6000,0.254,0.303,0.442
6100,0.257,0.311,0.432
6200,0.267,0.306,0.427
6300,0.261,0.299,0.439
6400,0.269,0.305,0.426
6500,0.261,0.309,0.429
6600,0.264,0.303,0.433
6700,0.269,0.291,0.440
6800,0.265,0.295,0.440
6900,0.270,0.300,0.430
7000,0.264,0.299,0.437
7100,0.256,0.291,0.453
7200,0.256,0.288,0.456
7300,0.260,0.287,0.453
7400,0.259,0.292,0.448
7500,0.252,0.284,0.464
7600,0.257,0.281,0.462
7700,0.255,0.282,0.463
7800,0.263,0.291,0.446
7900,0.256,0.287,0.457
8000,0.254,0.292,0.454
8100,0.247,0.284,0.469
8200,0.254,0.289,0.457
8300,0.265,0.283,0.453
8400,0.263,0.293,0.444
8500,0.259,0.292,0.448
8600,0.256,0.286,0.458
8700,0.258,0.277,0.465
8800,0.270,0.278,0.453
8900,0.271,0.272,0.458
9000,0.279,0.281,0.440
9100,0.267,0.294,0.439
9200,0.264,0.287,0.449
9300,0.275,0.286,0.439
9400,0.271,0.294,0.435
9500,0.270,0.290,0.440
9600,0.259,0.290,0.450
9700,0.259,0.296,0.444
9800,0.257,0.299,0.443
9900,0.255,0.294,0.450
10000,0.254,0.275,0.471
10100,0.250,0.267,0.483
10200,0.248,0.272,0.480
10300,0.247,0.259,0.493
10400,0.251,0.263,0.486
10500,0.249,0.260,0.490
10600,0.247,0.268,0.485
10700,0.249,0.267,0.484
10800,0.247,0.277,0.476
10900,0.249,0.271,0.480
11000,0.254,0.275,0.471
11100,0.245,0.275,0.480
11200,0.246,0.283,0.471
11300,0.242,0.293,0.465
11400,0.252,0.279,0.469
11500,0.244,0.267,0.489
11600,0.238,0.266,0.496
11700,0.237,0.252,0.511
11800,0.247,0.241,0.512
11900,0.247,0.242,0.511
12000,0.248,0.244,0.508
12100,0.248,0.244,0.508
12200,0.254,0.251,0.494
12300,0.254,0.256,0.489
12400,0.246,0.264,0.490
12500,0.240,0.268,0.492
12600,0.249,0.271,0.480
12700,0.238,0.261,0.501
12800,0.230,0.264,0.507
12900,0.235,0.253,0.512
13000,0.240,0.253,0.507
13100,0.238,0.253,0.509
13200,0.241,0.264,0.495
13300,0.255,0.263,0.482
13400,0.259,0.259,0.481
13500,0.255,0.249,0.495
13600,0.247,0.249,0.504
13700,0.248,0.247,0.505
13800,0.242,0.249,0.509
13900,0.254,0.243,0.503
14000,0.263,0.243,0.494
14100,0.249,0.231,0.520
14200,0.252,0.224,0.524
14300,0.265,0.223,0.513
14400,0.258,0.227,0.515
14500,0.253,0.229,0.518
14600,0.258,0.228,0.514
14700,0.260,0.228,0.512
14800,0.271,0.226,0.504
14900,0.259,0.227,0.514
15000,0.255,0.233,0.512
15100,0.257,0.229,0.514
15200,0.271,0.224,0.506
15300,0.274,0.233,0.493
15400,0.274,0.226,0.501
15500,0.264,0.230,0.507
15600,0.272,0.229,0.499
15700,0.266,0.231,0.504
15800,0.260,0.246,0.493
15900,0.263,0.236,0.502
16000,0.272,0.233,0.495
16100,0.269,0.230,0.502
16200,0.260,0.229,0.511
16300,0.261,0.225,0.514
16400,0.278,0.235,0.487
16500,0.286,0.231,0.483
16600,0.271,0.226,0.504
16700,0.273,0.217,0.511
16800,0.270,0.220,0.511
16900,0.270,0.218,0.513
17000,0.272,0.220,0.509
17100,0.273,0.212,0.515
17200,0.280,0.209,0.511
17300,0.277,0.211,0.512
17400,0.277,0.213,0.510
17500,0.274,0.208,0.518
17600,0.278,0.212,0.510
17700,0.268,0.219,0.514
17800,0.258,0.235,0.507
17900,0.247,0.231,0.522
18000,0.252,0.232,0.516
18100,0.245,0.234,0.521
18200,0.249,0.228,0.523
18300,0.238,0.234,0.528
18400,0.246,0.236,0.518
18500,0.245,0.226,0.529
18600,0.242,0.235,0.523
18700,0.240,0.233,0.527
18800,0.247,0.233,0.520
18900,0.245,0.228,0.527
19000,0.251,0.241,0.508
19100,0.257,0.240,0.503
19200,0.257,0.245,0.497
19300,0.252,0.248,0.499
19400,0.245,0.256,0.498
19500,0.252,0.240,0.508
19600,0.248,0.244,0.508
19700,0.247,0.247,0.506
19800,0.232,0.243,0.525
19900,0.243,0.241,0.516
20000,0.245,0.239,0.516
20100,0.243,0.226,0.531
20200,0.248,0.230,0.522
20300,0.252,0.227,0.521
20400,0.253,0.216,0.531
20500,0.257,0.220,0.523
20600,0.248,0.215,0.537
20700,0.253,0.221,0.526
20800,0.275,0.225,0.501
20900,0.275,0.228,0.497
21000,0.268,0.224,0.509
21100,0.257,0.229,0.514
21200,0.257,0.224,0.519
21300,0.259,0.225,0.516
21400,0.249,0.227,0.524
21500,0.250,0.224,0.526
21600,0.252,0.225,0.523
21700,0.249,0.218,0.533
21800,0.253,0.220,0.527
21900,0.250,0.215,0.535
22000,0.249,0.213,0.537
22100,0.247,0.231,0.522
22200,0.245,0.234,0.521
22300,0.250,0.237,0.513
22400,0.251,0.237,0.512
22500,0.253,0.233,0.514
22600,0.247,0.222,0.531
22700,0.251,0.225,0.524
22800,0.245,0.221,0.534
22900,0.244,0.225,0.531
23000,0.245,0.224,0.531
23100,0.243,0.219,0.538
23200,0.236,0.217,0.547
23300,0.242,0.215,0.543
23400,0.241,0.209,0.550
23500,0.244,0.213,0.542
23600,0.248,0.208,0.543
23700,0.244,0.205,0.551
23800,0.260,0.211,0.528
23900,0.259,0.208,0.532
24000,0.271,0.212,0.517
24100,0.268,0.207,0.525
24200,0.274,0.211,0.515
24300,0.273,0.212,0.515
24400,0.263,0.210,0.527
24500,0.259,0.220,0.521
24600,0.255,0.220,0.525
24700,0.240,0.218,0.542
24800,0.233,0.231,0.536
24900,0.244,0.233,0.523
25000,0.252,0.226,0.522
25100,0.273,0.228,0.499
25200,0.264,0.228,0.509
25300,0.265,0.221,0.515
25400,0.265,0.207,0.528
25500,0.250,0.206,0.543
25600,0.248,0.204,0.547
25700,0.248,0.203,0.549
25800,0.246,0.206,0.547
25900,0.250,0.206,0.543
26000,0.246,0.203,0.551
26100,0.238,0.206,0.556
26200,0.243,0.208,0.549
26300,0.247,0.204,0.549
26400,0.249,0.208,0.542
26500,0.241,0.224,0.535
26600,0.261,0.230,0.509
26700,0.251,0.237,0.512
26800,0.247,0.236,0.517
26900,0.251,0.242,0.507
27000,0.257,0.235,0.508
27100,0.247,0.236,0.517
27200,0.255,0.232,0.513
27300,0.263,0.236,0.502
27400,0.270,0.242,0.488
27500,0.255,0.236,0.509
27600,0.255,0.233,0.512
27700,0.246,0.239,0.515
27800,0.247,0.237,0.516
27900,0.230,0.234,0.536
28000,0.231,0.233,0.536
28100,0.230,0.225,0.545
28200,0.228,0.222,0.551
28300,0.226,0.226,0.549
28400,0.228,0.234,0.538
28500,0.224,0.235,0.541
28600,0.231,0.233,0.536
28700,0.230,0.237,0.533
28800,0.232,0.238,0.530
28900,0.222,0.251,0.527
29000,0.219,0.247,0.534
29100,0.218,0.260,0.522
29200,0.216,0.252,0.532
29300,0.213,0.256,0.530
29400,0.212,0.257,0.530
29500,0.217,0.253,0.530
29600,0.222,0.251,0.527
29700,0.218,0.252,0.530
29800,0.222,0.252,0.526
29900,0.222,0.251,0.527
30000,0.224,0.258,0.518
30100,0.226,0.250,0.524
30200,0.230,0.252,0.518
30300,0.225,0.255,0.520
30400,0.230,0.252,0.518
30500,0.234,0.237,0.529
30600,0.237,0.231,0.532
30700,0.237,0.231,0.532
30800,0.231,0.231,0.538
30900,0.220,0.235,0.545
31000,0.218,0.235,0.547
31100,0.211,0.239,0.550
31200,0.211,0.227,0.562
31300,0.209,0.227,0.564
31400,0.203,0.241,0.556
31500,0.208,0.252,0.539
31600,0.206,0.248,0.545
31700,0.208,0.251,0.540
31800,0.208,0.256,0.535
31900,0.211,0.255,0.533
32000,0.217,0.257,0.526
32100,0.218,0.254,0.528
32200,0.212,0.261,0.526
32300,0.216,0.246,0.538
32400,0.215,0.239,0.546
32500,0.223,0.227,0.551
32600,0.225,0.227,0.549
32700,0.225,0.229,0.546
32800,0.230,0.229,0.541
32900,0.224,0.226,0.551
33000,0.229,0.219,0.553
33100,0.246,0.218,0.536
33200,0.244,0.218,0.538
33300,0.247,0.219,0.534
33400,0.246,0.223,0.531
33500,0.243,0.221,0.536
33600,0.242,0.224,0.534
33700,0.232,0.226,0.542
33800,0.233,0.215,0.553
33900,0.236,0.219,0.545
34000,0.239,0.215,0.546
34100,0.239,0.213,0.547
34200,0.245,0.218,0.537
34300,0.260,0.216,0.524
34400,0.248,0.213,0.538
34500,0.244,0.216,0.540
34600,0.243,0.207,0.550
34700,0.234,0.211,0.555
34800,0.235,0.213,0.552
34900,0.231,0.220,0.550
35000,0.228,0.224,0.549
35100,0.227,0.211,0.562
35200,0.224,0.217,0.560
35300,0.224,0.219,0.558
35400,0.217,0.217,0.567
35500,0.210,0.213,0.576
35600,0.217,0.225,0.559
35700,0.216,0.225,0.560
35800,0.213,0.221,0.566
35900,0.212,0.217,0.571
36000,0.209,0.225,0.566
36100,0.217,0.224,0.560
36200,0.208,0.210,0.581
36300,0.215,0.221,0.565
36400,0.212,0.221,0.567
36500,0.217,0.208,0.575
36600,0.219,0.217,0.565
36700,0.212,0.221,0.567
36800,0.215,0.212,0.573
36900,0.207,0.210,0.582
37000,0.204,0.210,0.585
37100,0.199,0.215,0.586
37200,0.193,0.217,0.590
37300,0.192,0.215,0.593
37400,0.194,0.200,0.606
37500,0.188,0.207,0.605
37600,0.196,0.207,0.597
37700,0.202,0.193,0.605
37800,0.211,0.200,0.588
37900,0.211,0.200,0.588
38000,0.213,0.193,0.593
38100,0.215,0.193,0.592
38200,0.217,0.196,0.587
38300,0.222,0.192,0.586
38400,0.217,0.195,0.588
38500,0.223,0.198,0.579
38600,0.229,0.206,0.565
38700,0.232,0.203,0.565
38800,0.231,0.204,0.565
38900,0.235,0.220,0.545
39000,0.242,0.212,0.545
39100,0.245,0.218,0.537
39200,0.234,0.213,0.553
39300,0.229,0.219,0.553
39400,0.232,0.220,0.549
39500,0.227,0.215,0.559
39600,0.230,0.218,0.553
39700,0.231,0.224,0.545
39800,0.231,0.219,0.551
39900,0.225,0.226,0.550
40000,0.225,0.220,0.556
40100,0.229,0.220,0.552
40200,0.228,0.202,0.570
40300,0.229,0.208,0.563
40400,0.228,0.212,0.560
40500,0.228,0.215,0.558
40600,0.219,0.208,0.573
40700,0.220,0.204,0.576
40800,0.220,0.202,0.578
40900,0.226,0.207,0.567
41000,0.226,0.213,0.561
41100,0.217,0.204,0.579
41200,0.218,0.194,0.588
41300,0.218,0.189,0.593
41400,0.236,0.191,0.573
41500,0.232,0.186,0.582
41600,0.217,0.196,0.587
41700,0.225,0.195,0.580
41800,0.231,0.195,0.574
41900,0.222,0.197,0.581
42000,0.223,0.199,0.578
42100,0.231,0.194,0.575
42200,0.225,0.184,0.591
42300,0.233,0.187,0.580
42400,0.232,0.192,0.576
42500,0.235,0.190,0.575
42600,0.224,0.196,0.580
42700,0.230,0.203,0.567
42800,0.220,0.205,0.575
42900,0.215,0.211,0.574
43000,0.224,0.208,0.568
43100,0.212,0.206,0.581
43200,0.224,0.207,0.569
43300,0.223,0.204,0.573
43400,0.222,0.193,0.585
43500,0.220,0.200,0.580
43600,0.218,0.206,0.576
43700,0.208,0.211,0.580
43800,0.204,0.213,0.582
43900,0.209,0.202,0.588
44000,0.206,0.195,0.599
44100,0.206,0.189,0.605
44200,0.206,0.185,0.609
44300,0.206,0.191,0.603
44400,0.205,0.186,0.609
44500,0.202,0.182,0.616
44600,0.191,0.180,0.629
44700,0.196,0.188,0.616
44800,0.195,0.187,0.618
44900,0.190,0.199,0.611
45000,0.193,0.208,0.599
45100,0.200,0.212,0.587
45200,0.210,0.213,0.576
45300,0.209,0.206,0.584
45400,0.213,0.201,0.585
45500,0.213,0.209,0.577
45600,0.215,0.203,0.582
45700,0.216,0.212,0.572
45800,0.204,0.208,0.587
45900,0.200,0.207,0.592
46000,0.201,0.207,0.591
46100,0.199,0.218,0.583
46200,0.210,0.222,0.568
46300,0.205,0.218,0.577
46400,0.207,0.225,0.568
46500,0.208,0.219,0.573
46600,0.206,0.229,0.565
46700,0.209,0.238,0.553
46800,0.218,0.236,0.546
46900,0.211,0.230,0.559
47000,0.203,0.247,0.550
47100,0.201,0.252,0.546
47200,0.197,0.246,0.557
47300,0.203,0.233,0.564
47400,0.198,0.231,0.571
47500,0.200,0.224,0.576
47600,0.200,0.228,0.572
47700,0.201,0.217,0.582
47800,0.195,0.216,0.589
47900,0.201,0.206,0.592
48000,0.205,0.207,0.587
48100,0.207,0.206,0.586
48200,0.205,0.207,0.587
48300,0.197,0.206,0.597
48400,0.208,0.206,0.585
48500,0.210,0.205,0.584
48600,0.222,0.197,0.581
48700,0.217,0.200,0.583
48800,0.210,0.203,0.586
48900,0.221,0.208,0.571
49000,0.225,0.210,0.565
49100,0.221,0.211,0.568
49200,0.221,0.202,0.577
49300,0.229,0.203,0.568
49400,0.229,0.198,0.573
49500,0.227,0.200,0.573
49600,0.225,0.206,0.569
49700,0.229,0.207,0.564
49800,0.230,0.217,0.554
49900,0.228,0.210,0.562
50000,0.226,0.220,0.555
50100,0.229,0.217,0.555
50200,0.223,0.213,0.564
50300,0.222,0.212,0.566
50400,0.226,0.217,0.558
50500,0.223,0.216,0.562
50600,0.223,0.220,0.558
50700,0.236,0.217,0.547
50800,0.237,0.212,0.551
50900,0.235,0.206,0.559
51000,0.238,0.206,0.556
51100,0.236,0.203,0.561
51200,0.228,0.204,0.568
51300,0.244,0.198,0.558
51400,0.239,0.197,0.564
51500,0.243,0.196,0.561
51600,0.241,0.211,0.547
51700,0.241,0.202,0.557
51800,0.241,0.201,0.558
51900,0.242,0.192,0.566
52000,0.243,0.185,0.572
52100,0.239,0.188,0.573
52200,0.232,0.189,0.579
52300,0.234,0.181,0.585
52400,0.227,0.177,0.597
52500,0.226,0.182,0.592
52600,0.230,0.185,0.585
52700,0.232,0.182,0.586
52800,0.243,0.186,0.571
52900,0.245,0.194,0.561
53000,0.257,0.192,0.551
53100,0.252,0.193,0.555
53200,0.244,0.195,0.561
53300,0.256,0.187,0.557
53400,0.250,0.185,0.565
53500,0.246,0.187,0.567
53600,0.249,0.190,0.561
53700,0.228,0.196,0.576
53800,0.225,0.197,0.578
53900,0.220,0.195,0.585
54000,0.242,0.192,0.566
54100,0.245,0.194,0.561
54200,0.240,0.195,0.565
54300,0.233,0.192,0.575
54400,0.232,0.191,0.577
54500,0.228,0.175,0.598
54600,0.229,0.187,0.584
54700,0.224,0.190,0.586
54800,0.227,0.186,0.587
54900,0.227,0.182,0.591
55000,0.225,0.184,0.591
55100,0.221,0.180,0.600
55200,0.223,0.183,0.594
55300,0.224,0.186,0.590
55400,0.223,0.190,0.587
55500,0.232,0.194,0.574
55600,0.234,0.195,0.571
55700,0.231,0.193,0.576
55800,0.224,0.197,0.579
55900,0.217,0.191,0.592
56000,0.215,0.188,0.598
56100,0.211,0.194,0.594
56200,0.215,0.187,0.599
56300,0.220,0.197,0.583
56400,0.236,0.198,0.566
56500,0.237,0.195,0.568
56600,0.234,0.217,0.550
56700,0.234,0.209,0.557
56800,0.239,0.209,0.552
56900,0.234,0.204,0.562
57000,0.233,0.201,0.566
57100,0.220,0.199,0.581
57200,0.228,0.203,0.569
57300,0.232,0.202,0.566
57400,0.229,0.199,0.572
57500,0.240,0.194,0.566
57600,0.238,0.198,0.564
57700,0.239,0.202,0.559
57800,0.230,0.195,0.575
57900,0.225,0.194,0.581
58000,0.225,0.192,0.583
58100,0.230,0.202,0.568
58200,0.222,0.201,0.577
58300,0.226,0.200,0.574
58400,0.236,0.198,0.566
58500,0.228,0.200,0.572
58600,0.236,0.200,0.564
58700,0.246,0.200,0.554
58800,0.245,0.201,0.554
58900,0.247,0.208,0.544
59000,0.241,0.203,0.556
59100,0.251,0.196,0.553
59200,0.251,0.202,0.546
59300,0.249,0.196,0.555
59400,0.246,0.195,0.559
59500,0.239,0.194,0.567
59600,0.234,0.201,0.565
59700,0.231,0.190,0.579
59800,0.235,0.189,0.576
59900,0.239,0.178,0.583
60000,0.231,0.176,0.593
60100,0.235,0.176,0.589
60200,0.238,0.178,0.584
60300,0.245,0.176,0.579
60400,0.247,0.176,0.577
60500,0.231,0.176,0.593
60600,0.230,0.187,0.583
60700,0.222,0.193,0.585
60800,0.224,0.201,0.575
60900,0.219,0.203,0.578
61000,0.211,0.213,0.575
61100,0.212,0.213,0.574
61200,0.208,0.220,0.572
61300,0.204,0.208,0.587
61400,0.202,0.223,0.575
61500,0.206,0.215,0.579
61600,0.212,0.238,0.550
61700,0.209,0.236,0.555
61800,0.208,0.241,0.551
61900,0.196,0.233,0.571
62000,0.205,0.238,0.557
62100,0.202,0.236,0.562
62200,0.202,0.235,0.563
62300,0.193,0.229,0.578
62400,0.196,0.229,0.575
62500,0.197,0.238,0.565
62600,0.200,0.232,0.568
62700,0.201,0.237,0.562
62800,0.186,0.241,0.573
62900,0.183,0.245,0.572
63000,0.184,0.240,0.576
63100,0.194,0.246,0.560
63200,0.188,0.242,0.570
63300,0.186,0.234,0.580
63400,0.191,0.231,0.578
63500,0.193,0.241,0.566
63600,0.193,0.244,0.563
63700,0.196,0.231,0.573
63800,0.197,0.230,0.573
63900,0.193,0.231,0.576
64000,0.197,0.235,0.568
64100,0.203,0.236,0.561
64200,0.203,0.226,0.571
64300,0.199,0.232,0.569
64400,0.193,0.231,0.576
64500,0.191,0.235,0.574
64600,0.199,0.233,0.568
64700,0.195,0.235,0.570
64800,0.207,0.235,0.558
64900,0.202,0.228,0.570
65000,0.204,0.222,0.574
65100,0.200,0.220,0.580
65200,0.199,0.223,0.578
65300,0.195,0.226,0.579
65400,0.202,0.227,0.571
65500,0.184,0.231,0.585
65600,0.178,0.234,0.588
65700,0.181,0.239,0.580
65800,0.178,0.235,0.587
65900,0.183,0.238,0.579
66000,0.181,0.234,0.585
66100,0.180,0.229,0.591
66200,0.179,0.218,0.604
66300,0.169,0.216,0.616
66400,0.174,0.209,0.617
66500,0.176,0.217,0.608
66600,0.185,0.217,0.599
66700,0.187,0.226,0.587
66800,0.186,0.223,0.591
66900,0.185,0.228,0.587
67000,0.180,0.230,0.590
67100,0.178,0.245,0.577
67200,0.164,0.253,0.582
67300,0.161,0.257,0.581
67400,0.164,0.246,0.589
67500,0.174,0.251,0.575
67600,0.168,0.245,0.587
67700,0.168,0.242,0.590
67800,0.171,0.242,0.587
67900,0.176,0.256,0.568
68000,0.177,0.242,0.581
68100,0.179,0.240,0.581
68200,0.177,0.238,0.585
68300,0.182,0.231,0.587
68400,0.185,0.223,0.592
68500,0.178,0.218,0.605
68600,0.171,0.219,0.611
68700,0.175,0.215,0.611
68800,0.184,0.223,0.593
68900,0.186,0.218,0.597
69000,0.187,0.212,0.601
69100,0.188,0.219,0.593
69200,0.187,0.226,0.587
69300,0.196,0.224,0.580
69400,0.199,0.225,0.576
69500,0.196,0.203,0.601
69600,0.199,0.200,0.601
69700,0.199,0.203,0.598
69800,0.195,0.205,0.600
69900,0.207,0.197,0.596
70000,0.212,0.199,0.588
70100,0.207,0.208,0.584
70200,0.212,0.204,0.583
70300,0.222,0.205,0.573
70400,0.222,0.205,0.573
70500,0.228,0.199,0.573
70600,0.212,0.195,0.592
70700,0.216,0.209,0.575
70800,0.228,0.206,0.566
70900,0.223,0.206,0.571
71000,0.225,0.211,0.564
71100,0.213,0.209,0.577
71200,0.222,0.200,0.578
71300,0.227,0.206,0.567
71400,0.223,0.198,0.579
71500,0.239,0.195,0.566
71600,0.236,0.196,0.568
71700,0.228,0.198,0.574
71800,0.229,0.197,0.574
71900,0.238,0.191,0.571
72000,0.234,0.187,0.579
72100,0.240,0.182,0.578
72200,0.239,0.181,0.580
72300,0.241,0.191,0.568
72400,0.241,0.187,0.572
72500,0.238,0.191,0.571
72600,0.238,0.199,0.563
72700,0.232,0.196,0.572
72800,0.218,0.198,0.584
72900,0.213,0.193,0.593
73000,0.209,0.202,0.588
73100,0.198,0.193,0.609
73200,0.195,0.202,0.603
73300,0.196,0.206,0.598
73400,0.189,0.200,0.611
73500,0.197,0.207,0.596
73600,0.193,0.216,0.591
73700,0.192,0.219,0.589
73800,0.197,0.212,0.590
73900,0.192,0.210,0.598
74000,0.193,0.203,0.604
74100,0.187,0.203,0.610
74200,0.195,0.213,0.591
74300,0.202,0.208,0.589
74400,0.196,0.208,0.596
74500,0.193,0.206,0.601
74600,0.196,0.207,0.597
74700,0.182,0.209,0.609
74800,0.176,0.216,0.609
74900,0.173,0.216,0.612
75000,0.168,0.211,0.621
75100,0.171,0.210,0.619
75200,0.191,0.220,0.589
75300,0.189,0.221,0.590
75400,0.181,0.218,0.602
75500,0.181,0.223,0.597
75600,0.183,0.220,0.598
75700,0.185,0.223,0.592
75800,0.186,0.231,0.583
75900,0.185,0.225,0.590
76000,0.189,0.227,0.584
76100,0.185,0.221,0.594
76200,0.180,0.223,0.598
76300,0.169,0.225,0.607
76400,0.160,0.222,0.618
76500,0.159,0.245,0.596
76600,0.177,0.259,0.564
76700,0.179,0.246,0.575
76800,0.179,0.239,0.582
76900,0.171,0.237,0.592
77000,0.171,0.246,0.583
77100,0.171,0.251,0.578
77200,0.161,0.261,0.577
77300,0.173,0.252,0.575
77400,0.174,0.255,0.571
77500,0.176,0.256,0.568
77600,0.172,0.261,0.567
77700,0.169,0.259,0.572
77800,0.171,0.274,0.556
77900,0.172,0.252,0.576
78000,0.168,0.248,0.584
78100,0.170,0.241,0.589
78200,0.162,0.249,0.588
78300,0.154,0.238,0.608
78400,0.155,0.230,0.615
78500,0.160,0.231,0.609
78600,0.166,0.231,0.603
78700,0.162,0.233,0.605
78800,0.175,0.236,0.589
78900,0.173,0.241,0.586
79000,0.172,0.233,0.596
79100,0.180,0.236,0.584
79200,0.172,0.234,0.594
79300,0.186,0.235,0.579
79400,0.180,0.227,0.593
79500,0.189,0.226,0.585
79600,0.176,0.226,0.599
79700,0.170,0.226,0.605
79800,0.182,0.229,0.589
79900,0.182,0.211,0.607
80000,0.190,0.210,0.600
80100,0.195,0.193,0.612
80200,0.192,0.194,0.614
80300,0.194,0.193,0.613
80400,0.195,0.197,0.608
80500,0.188,0.204,0.608
80600,0.184,0.199,0.617
80700,0.187,0.202,0.611
80800,0.188,0.192,0.620
80900,0.184,0.201,0.615
81000,0.187,0.204,0.609
81100,0.182,0.198,0.620
81200,0.176,0.197,0.627
81300,0.183,0.190,0.627
81400,0.174,0.188,0.638
81500,0.171,0.189,0.640
81600,0.175,0.197,0.628
81700,0.179,0.199,0.622
81800,0.183,0.190,0.627
81900,0.188,0.192,0.620
82000,0.192,0.190,0.618
82100,0.201,0.187,0.612
82200,0.193,0.181,0.626
82300,0.193,0.183,0.624
82400,0.201,0.180,0.619
82500,0.189,0.185,0.626
82600,0.192,0.192,0.616
82700,0.198,0.192,0.610
82800,0.194,0.191,0.615
82900,0.188,0.187,0.625
83000,0.182,0.199,0.619
83100,0.178,0.207,0.615
83200,0.165,0.200,0.634
83300,0.161,0.205,0.633
83400,0.164,0.206,0.629
83500,0.168,0.208,0.624
83600,0.183,0.221,0.597
83700,0.181,0.209,0.610
83800,0.174,0.218,0.609
83900,0.174,0.217,0.610
84000,0.177,0.221,0.603
84100,0.178,0.220,0.603
84200,0.168,0.219,0.614
84300,0.174,0.213,0.613
84400,0.172,0.228,0.601
84500,0.171,0.224,0.606
84600,0.170,0.225,0.606
84700,0.166,0.220,0.614
84800,0.172,0.216,0.613
84900,0.170,0.225,0.606
85000,0.175,0.213,0.612
85100,0.188,0.207,0.605
85200,0.184,0.203,0.613
85300,0.179,0.203,0.618
85400,0.176,0.198,0.626
85500,0.175,0.198,0.627
85600,0.189,0.192,0.619
85700,0.193,0.203,0.604
85800,0.196,0.200,0.604
85900,0.191,0.195,0.614
86000,0.188,0.198,0.614
86100,0.192,0.205,0.603
86200,0.192,0.212,0.596
86300,0.204,0.208,0.587
86400,0.210,0.204,0.585
86500,0.211,0.198,0.590
86600,0.212,0.195,0.592
86700,0.223,0.191,0.586
86800,0.208,0.185,0.607
86900,0.199,0.180,0.621
87000,0.202,0.176,0.622
87100,0.200,0.186,0.614
87200,0.210,0.180,0.610
87300,0.209,0.179,0.612
87400,0.202,0.177,0.621
87500,0.212,0.173,0.615
87600,0.203,0.172,0.625
87700,0.195,0.177,0.628
87800,0.196,0.182,0.622
87900,0.201,0.183,0.616
88000,0.197,0.184,0.619
88100,0.206,0.190,0.604
88200,0.207,0.190,0.603
88300,0.209,0.191,0.600
88400,0.211,0.192,0.597
88500,0.212,0.197,0.590
88600,0.210,0.186,0.604
88700,0.204,0.188,0.608
88800,0.202,0.193,0.605
88900,0.204,0.185,0.611
89000,0.209,0.189,0.602
89100,0.209,0.186,0.605
89200,0.206,0.184,0.610
89300,0.213,0.192,0.594
89400,0.211,0.184,0.605
89500,0.213,0.188,0.599
89600,0.215,0.188,0.598
89700,0.217,0.185,0.599
89800,0.213,0.193,0.593
89900,0.209,0.193,0.598
90000,0.206,0.188,0.606
90100,0.206,0.194,0.600
90200,0.208,0.198,0.593
90300,0.203,0.200,0.597
90400,0.203,0.196,0.601
90500,0.208,0.197,0.594
90600,0.218,0.197,0.585
90700,0.223,0.203,0.574
90800,0.217,0.207,0.576
90900,0.225,0.199,0.576
91000,0.224,0.200,0.576
91100,0.216,0.194,0.590
91200,0.219,0.198,0.583
91300,0.233,0.192,0.575
91400,0.227,0.188,0.585
91500,0.230,0.188,0.582
91600,0.237,0.188,0.575
91700,0.232,0.190,0.578
91800,0.227,0.185,0.588
91900,0.224,0.189,0.587
92000,0.217,0.183,0.601
92100,0.212,0.189,0.599
92200,0.217,0.189,0.594
92300,0.209,0.188,0.603
92400,0.205,0.187,0.608
92500,0.205,0.180,0.615
92600,0.203,0.183,0.614
92700,0.212,0.179,0.609
92800,0.221,0.172,0.608
92900,0.213,0.176,0.611
93000,0.205,0.175,0.620
93100,0.210,0.170,0.620
93200,0.215,0.168,0.618
93300,0.216,0.170,0.615
93400,0.212,0.176,0.612
93500,0.206,0.199,0.594
93600,0.187,0.196,0.617
93700,0.180,0.194,0.626
93800,0.175,0.195,0.630
93900,0.179,0.197,0.624
94000,0.185,0.205,0.610
94100,0.189,0.201,0.610
94200,0.195,0.197,0.608
94300,0.190,0.200,0.610
94400,0.190,0.203,0.607
94500,0.194,0.223,0.583
94600,0.199,0.224,0.577
94700,0.199,0.231,0.570
94800,0.198,0.213,0.588
94900,0.215,0.218,0.568
95000,0.213,0.222,0.565
95100,0.219,0.223,0.559
95200,0.207,0.221,0.572
95300,0.215,0.211,0.574
95400,0.209,0.212,0.578
95500,0.202,0.216,0.582
95600,0.205,0.208,0.586
95700,0.209,0.212,0.578
95800,0.213,0.198,0.588
95900,0.219,0.192,0.589
96000,0.215,0.185,0.601
96100,0.218,0.186,0.597
96200,0.218,0.181,0.602
96300,0.210,0.177,0.613
96400,0.215,0.178,0.608
96500,0.241,0.184,0.575
96600,0.242,0.185,0.573
96700,0.237,0.178,0.585
96800,0.231,0.193,0.576
96900,0.231,0.199,0.570
97000,0.227,0.197,0.576
97100,0.231,0.190,0.579
97200,0.226,0.182,0.592
97300,0.233,0.179,0.588
97400,0.230,0.184,0.586
97500,0.242,0.180,0.578
97600,0.242,0.176,0.582
97700,0.240,0.172,0.588
97800,0.237,0.180,0.583
97900,0.244,0.178,0.578
98000,0.248,0.182,0.570
98100,0.250,0.191,0.559
98200,0.250,0.190,0.560
98300,0.251,0.183,0.566
98400,0.252,0.184,0.564
98500,0.241,0.182,0.577
98600,0.243,0.178,0.579
98700,0.231,0.175,0.594
98800,0.234,0.177,0.589
98900,0.230,0.187,0.583
99000,0.229,0.183,0.588
99100,0.224,0.183,0.593
99200,0.224,0.178,0.599
99300,0.218,0.177,0.606
99400,0.215,0.181,0.605
99500,0.207,0.182,0.611
99600,0.220,0.190,0.590
99700,0.223,0.195,0.582
99800,0.227,0.193,0.580
99900,0.230,0.190,0.580
100000,0.232,0.193,0.575
