time,n_A+p,n_B,n_AB
500,0.080,0.484,0.436
1000,0.100,0.149,0.751
1500,0.303,0.021,0.676
2000,0.627,0.000,0.373
2500,0.639,0.000,0.361
3000,0.801,0.000,0.199
3500,0.886,0.000,0.114
4000,0.788,0.000,0.212
4500,0.747,0.000,0.253
5000,0.817,0.000,0.183
5500,0.859,0.000,0.141
6000,0.911,0.000,0.089
6500,0.928,0.000,0.072
7000,0.879,0.000,0.121
7500,0.941,0.000,0.059
8000,0.968,0.000,0.032
8500,0.966,0.000,0.034
9000,0.985,0.000,0.015
9500,0.987,0.000,0.013
10000,0.956,0.000,0.044
10500,0.930,0.000,0.070
11000,0.946,0.000,0.054
11500,0.923,0.000,0.077
12000,0.970,0.000,0.030
12500,0.991,0.000,0.009
13000,0.999,0.000,0.001
13500,1.000,0.000,0.000
