time,n_A+p,n_B,n_AB
500,0.030,0.956,0.014
1000,0.030,0.900,0.070
1500,0.030,0.912,0.058
2000,0.030,0.912,0.058
2500,0.030,0.885,0.085
3000,0.030,0.898,0.072
3500,0.030,0.871,0.099
4000,0.030,0.878,0.092
4500,0.030,0.852,0.118
5000,0.030,0.873,0.097
5500,0.030,0.898,0.072
6000,0.030,0.891,0.079
6500,0.030,0.870,0.100
7000,0.030,0.906,0.064
7500,0.030,0.911,0.059
8000,0.030,0.878,0.092
8500,0.030,0.898,0.072
9000,0.030,0.902,0.068
9500,0.030,0.901,0.069
10000,0.030,0.890,0.080
10500,0.030,0.876,0.094
11000,0.030,0.886,0.084
11500,0.030,0.898,0.072
12000,0.030,0.872,0.098
12500,0.030,0.882,0.088
13000,0.030,0.888,0.082
13500,0.030,0.869,0.101
14000,0.030,0.847,0.123
14500,0.030,0.854,0.116
15000,0.030,0.861,0.109
15500,0.030,0.908,0.062
16000,0.030,0.880,0.090
16500,0.030,0.908,0.062
17000,0.030,0.905,0.065
17500,0.030,0.922,0.048
18000,0.030,0.930,0.040
18500,0.030,0.921,0.049
19000,0.030,0.838,0.132
19500,0.030,0.843,0.127
20000,0.030,0.887,0.083
20500,0.030,0.885,0.085
21000,0.030,0.897,0.073
21500,0.030,0.900,0.070
22000,0.030,0.893,0.077
22500,0.030,0.896,0.074
23000,0.030,0.893,0.077
23500,0.030,0.908,0.062
24000,0.030,0.867,0.103
24500,0.030,0.863,0.107
25000,0.030,0.875,0.095
25500,0.030,0.912,0.058
26000,0.030,0.908,0.062
26500,0.030,0.910,0.060
27000,0.030,0.904,0.066
27500,0.030,0.902,0.068
28000,0.030,0.918,0.052
28500,0.030,0.910,0.060
29000,0.030,0.892,0.078
29500,0.030,0.869,0.101
30000,0.030,0.869,0.101
30500,0.030,0.851,0.119
31000,0.030,0.883,0.087
31500,0.030,0.885,0.085
32000,0.030,0.888,0.082
32500,0.030,0.888,0.082
33000,0.030,0.891,0.079
33500,0.030,0.896,0.074
34000,0.030,0.907,0.063
34500,0.030,0.913,0.057
35000,0.030,0.915,0.055
35500,0.030,0.915,0.055
36000,0.030,0.906,0.064
36500,0.030,0.914,0.056
37000,0.030,0.861,0.109
37500,0.030,0.909,0.061
38000,0.030,0.901,0.069
38500,0.030,0.903,0.067
39000,0.030,0.904,0.066
39500,0.030,0.895,0.075
40000,0.030,0.872,0.098
40500,0.030,0.864,0.106
41000,0.030,0.841,0.129
41500,0.030,0.867,0.103
42000,0.030,0.890,0.080
42500,0.030,0.858,0.112
43000,0.030,0.876,0.094
43500,0.031,0.872,0.097
44000,0.030,0.839,0.131
44500,0.030,0.849,0.121
45000,0.030,0.855,0.115
45500,0.030,0.873,0.097
46000,0.030,0.818,0.152
46500,0.033,0.787,0.180
47000,0.030,0.865,0.105
47500,0.030,0.900,0.070
48000,0.030,0.886,0.084
48500,0.030,0.870,0.100
49000,0.030,0.904,0.066
49500,0.030,0.882,0.088
50000,0.030,0.833,0.137
50500,0.030,0.872,0.098
51000,0.030,0.889,0.081
51500,0.030,0.875,0.095
52000,0.030,0.868,0.102
52500,0.030,0.869,0.101
53000,0.030,0.850,0.120
53500,0.030,0.872,0.098
54000,0.030,0.881,0.089
54500,0.030,0.904,0.066
55000,0.030,0.878,0.092
55500,0.030,0.842,0.128
56000,0.030,0.884,0.086
56500,0.030,0.891,0.079
57000,0.030,0.892,0.078
57500,0.030,0.862,0.108
58000,0.030,0.857,0.113
58500,0.030,0.893,0.077
59000,0.030,0.895,0.075
59500,0.030,0.872,0.098
60000,0.030,0.893,0.077
60500,0.030,0.889,0.081
61000,0.030,0.857,0.113
61500,0.030,0.894,0.076
62000,0.030,0.864,0.106
62500,0.030,0.862,0.108
63000,0.030,0.839,0.131
63500,0.030,0.874,0.096
64000,0.030,0.903,0.067
64500,0.030,0.891,0.079
65000,0.030,0.846,0.124
65500,0.030,0.824,0.146
66000,0.030,0.850,0.120
66500,0.030,0.848,0.122
67000,0.030,0.860,0.110
67500,0.030,0.871,0.099
68000,0.030,0.877,0.093
68500,0.030,0.891,0.079
69000,0.030,0.893,0.077
69500,0.030,0.885,0.085
70000,0.030,0.825,0.145
70500,0.030,0.840,0.130
71000,0.030,0.886,0.084
71500,0.030,0.913,0.057
72000,0.030,0.871,0.099
72500,0.030,0.893,0.077
73000,0.030,0.930,0.040
73500,0.030,0.900,0.070
74000,0.030,0.904,0.066
74500,0.030,0.894,0.076
75000,0.030,0.847,0.123
75500,0.030,0.843,0.127
76000,0.030,0.822,0.148
76500,0.030,0.873,0.097
77000,0.030,0.861,0.109
77500,0.030,0.880,0.090
78000,0.030,0.875,0.095
78500,0.030,0.861,0.109
79000,0.030,0.876,0.094
79500,0.030,0.905,0.065
80000,0.030,0.910,0.060
80500,0.030,0.866,0.104
81000,0.030,0.912,0.058
81500,0.030,0.894,0.076
82000,0.030,0.888,0.082
82500,0.030,0.897,0.073
83000,0.030,0.889,0.081
83500,0.032,0.881,0.087
84000,0.030,0.860,0.110
84500,0.030,0.869,0.101
85000,0.030,0.910,0.060
85500,0.030,0.894,0.076
86000,0.030,0.918,0.052
86500,0.030,0.893,0.077
87000,0.030,0.870,0.100
87500,0.030,0.897,0.073
88000,0.030,0.914,0.056
88500,0.030,0.891,0.079
89000,0.030,0.823,0.147
89500,0.030,0.843,0.127
90000,0.030,0.842,0.128
90500,0.030,0.869,0.101
91000,0.030,0.899,0.071
91500,0.030,0.873,0.097
92000,0.030,0.892,0.078
92500,0.030,0.872,0.098
93000,0.030,0.848,0.122
93500,0.030,0.877,0.093
94000,0.030,0.891,0.079
94500,0.030,0.875,0.095
95000,0.030,0.848,0.122
95500,0.030,0.867,0.103
96000,0.030,0.875,0.095
96500,0.030,0.870,0.100
97000,0.030,0.864,0.106
97500,0.030,0.901,0.069
98000,0.030,0.884,0.086
98500,0.030,0.871,0.099
99000,0.030,0.874,0.096
99500,0.030,0.912,0.058
100000,0.030,0.916,0.054
100500,0.030,0.862,0.108
101000,0.030,0.843,0.127
101500,0.030,0.864,0.106
102000,0.030,0.873,0.097
102500,0.030,0.829,0.141
103000,0.030,0.868,0.102
103500,0.030,0.906,0.064
104000,0.030,0.895,0.075
104500,0.030,0.873,0.097
105000,0.030,0.875,0.095
105500,0.030,0.868,0.102
106000,0.030,0.891,0.079
106500,0.030,0.927,0.043
107000,0.030,0.927,0.043
107500,0.030,0.918,0.052
108000,0.030,0.897,0.073
108500,0.030,0.905,0.065
109000,0.030,0.890,0.080
109500,0.030,0.905,0.065
110000,0.030,0.885,0.085
110500,0.030,0.880,0.090
111000,0.030,0.862,0.108
111500,0.030,0.835,0.135
112000,0.030,0.884,0.086
112500,0.030,0.880,0.090
113000,0.030,0.847,0.123
113500,0.030,0.883,0.087
114000,0.030,0.867,0.103
114500,0.030,0.887,0.083
115000,0.030,0.868,0.102
115500,0.030,0.882,0.088
116000,0.030,0.864,0.106
116500,0.030,0.869,0.101
117000,0.030,0.887,0.083
117500,0.030,0.861,0.109
118000,0.030,0.871,0.099
118500,0.030,0.869,0.101
119000,0.030,0.829,0.141
119500,0.030,0.875,0.095
120000,0.030,0.899,0.071
120500,0.030,0.873,0.097
121000,0.030,0.808,0.162
121500,0.030,0.834,0.136
122000,0.030,0.860,0.110
122500,0.030,0.861,0.109
123000,0.030,0.877,0.093
123500,0.030,0.830,0.140
124000,0.030,0.877,0.093
124500,0.030,0.907,0.063
125000,0.030,0.872,0.098
125500,0.030,0.874,0.096
126000,0.030,0.878,0.092
126500,0.030,0.907,0.063
127000,0.030,0.877,0.093
127500,0.030,0.851,0.119
128000,0.030,0.882,0.088
128500,0.030,0.880,0.090
129000,0.030,0.856,0.114
129500,0.030,0.858,0.112
130000,0.030,0.895,0.075
130500,0.030,0.920,0.050
131000,0.030,0.871,0.099
131500,0.030,0.862,0.108
132000,0.030,0.864,0.106
132500,0.030,0.827,0.143
133000,0.030,0.870,0.100
133500,0.030,0.837,0.133
134000,0.030,0.828,0.142
134500,0.030,0.829,0.141
135000,0.030,0.869,0.101
135500,0.030,0.898,0.072
136000,0.030,0.844,0.126
136500,0.030,0.887,0.083
137000,0.030,0.901,0.069
137500,0.030,0.883,0.087
138000,0.030,0.897,0.073
138500,0.030,0.913,0.057
139000,0.030,0.910,0.060
139500,0.030,0.899,0.071
140000,0.030,0.908,0.062
140500,0.030,0.912,0.058
141000,0.030,0.891,0.079
141500,0.030,0.892,0.078
142000,0.030,0.903,0.067
142500,0.030,0.894,0.076
143000,0.030,0.916,0.054
143500,0.030,0.882,0.088
144000,0.030,0.852,0.118
144500,0.030,0.846,0.124
145000,0.030,0.864,0.106
145500,0.030,0.814,0.156
146000,0.030,0.858,0.112
146500,0.030,0.854,0.116
147000,0.030,0.868,0.102
147500,0.030,0.887,0.083
148000,0.030,0.860,0.110
148500,0.030,0.873,0.097
149000,0.030,0.899,0.071
149500,0.030,0.905,0.065
150000,0.030,0.920,0.050
150500,0.030,0.930,0.040
151000,0.030,0.853,0.117
151500,0.030,0.838,0.132
152000,0.030,0.866,0.104
152500,0.030,0.874,0.096
153000,0.030,0.905,0.065
153500,0.030,0.897,0.073
154000,0.030,0.905,0.065
154500,0.030,0.919,0.051
155000,0.030,0.894,0.076
155500,0.030,0.865,0.105
156000,0.030,0.853,0.117
156500,0.030,0.858,0.112
157000,0.030,0.907,0.063
157500,0.030,0.898,0.072
158000,0.030,0.860,0.110
158500,0.030,0.852,0.118
159000,0.030,0.807,0.163
159500,0.030,0.883,0.087
160000,0.030,0.827,0.143
160500,0.030,0.849,0.121
161000,0.030,0.864,0.106
161500,0.030,0.849,0.121
162000,0.030,0.871,0.099
162500,0.030,0.919,0.051
163000,0.030,0.919,0.051
163500,0.030,0.867,0.103
164000,0.030,0.871,0.099
164500,0.030,0.891,0.079
165000,0.030,0.896,0.074
165500,0.030,0.913,0.057
166000,0.030,0.917,0.053
166500,0.030,0.875,0.095
167000,0.030,0.902,0.068
167500,0.030,0.905,0.065
168000,0.030,0.880,0.090
168500,0.030,0.878,0.092
169000,0.030,0.876,0.094
169500,0.030,0.877,0.093
170000,0.030,0.873,0.097
170500,0.030,0.892,0.078
171000,0.030,0.907,0.063
171500,0.030,0.874,0.096
172000,0.030,0.887,0.083
172500,0.030,0.894,0.076
173000,0.030,0.907,0.063
173500,0.030,0.933,0.037
174000,0.030,0.881,0.089
174500,0.030,0.886,0.084
175000,0.030,0.857,0.113
175500,0.030,0.900,0.070
176000,0.030,0.881,0.089
176500,0.030,0.890,0.080
177000,0.030,0.874,0.096
177500,0.030,0.935,0.035
178000,0.030,0.918,0.052
178500,0.030,0.905,0.065
179000,0.030,0.915,0.055
179500,0.030,0.903,0.067
180000,0.030,0.898,0.072
180500,0.030,0.839,0.131
181000,0.030,0.891,0.079
181500,0.030,0.875,0.095
182000,0.030,0.896,0.074
182500,0.030,0.897,0.073
183000,0.030,0.890,0.080
183500,0.030,0.889,0.081
184000,0.030,0.839,0.131
184500,0.030,0.864,0.106
185000,0.030,0.857,0.113
185500,0.030,0.850,0.120
186000,0.030,0.869,0.101
186500,0.030,0.867,0.103
187000,0.030,0.851,0.119
187500,0.030,0.876,0.094
188000,0.030,0.845,0.125
188500,0.030,0.834,0.136
189000,0.030,0.848,0.122
189500,0.030,0.854,0.116
190000,0.030,0.826,0.144
190500,0.030,0.859,0.111
191000,0.030,0.805,0.165
191500,0.030,0.842,0.128
192000,0.030,0.866,0.104
192500,0.030,0.832,0.138
193000,0.030,0.808,0.162
193500,0.030,0.872,0.098
194000,0.030,0.877,0.093
194500,0.030,0.830,0.140
195000,0.030,0.837,0.133
195500,0.030,0.898,0.072
196000,0.030,0.886,0.084
196500,0.030,0.880,0.090
197000,0.030,0.873,0.097
197500,0.030,0.834,0.136
198000,0.030,0.892,0.078
198500,0.030,0.898,0.072
199000,0.030,0.926,0.044
199500,0.030,0.917,0.053
200000,0.030,0.894,0.076
200500,0.030,0.860,0.110
201000,0.030,0.860,0.110
201500,0.030,0.867,0.103
202000,0.030,0.822,0.148
202500,0.030,0.847,0.123
203000,0.030,0.877,0.093
203500,0.030,0.922,0.048
204000,0.030,0.845,0.125
204500,0.030,0.884,0.086
205000,0.030,0.882,0.088
205500,0.030,0.844,0.126
206000,0.030,0.860,0.110
206500,0.030,0.875,0.095
207000,0.030,0.870,0.100
207500,0.030,0.887,0.083
208000,0.030,0.885,0.085
208500,0.030,0.893,0.077
209000,0.030,0.869,0.101
209500,0.030,0.859,0.111
210000,0.030,0.897,0.073
210500,0.030,0.870,0.100
211000,0.030,0.902,0.068
211500,0.030,0.913,0.057
212000,0.030,0.899,0.071
212500,0.030,0.848,0.122
213000,0.030,0.839,0.131
213500,0.030,0.855,0.115
214000,0.030,0.879,0.091
214500,0.030,0.877,0.093
215000,0.030,0.902,0.068
215500,0.030,0.892,0.078
216000,0.030,0.886,0.084
216500,0.030,0.879,0.091
217000,0.030,0.908,0.062
217500,0.030,0.913,0.057
218000,0.030,0.906,0.064
218500,0.030,0.879,0.091
219000,0.030,0.886,0.084
219500,0.030,0.883,0.087
220000,0.030,0.843,0.127
220500,0.030,0.857,0.113
221000,0.030,0.832,0.138
221500,0.030,0.849,0.121
222000,0.030,0.859,0.111
222500,0.030,0.892,0.078
223000,0.030,0.876,0.094
223500,0.030,0.893,0.077
224000,0.030,0.910,0.060
224500,0.030,0.910,0.060
225000,0.030,0.915,0.055
225500,0.030,0.901,0.069
226000,0.030,0.887,0.083
226500,0.035,0.879,0.086
227000,0.031,0.880,0.089
227500,0.030,0.874,0.096
228000,0.030,0.909,0.061
228500,0.030,0.907,0.063
229000,0.030,0.908,0.062
229500,0.030,0.877,0.093
230000,0.030,0.887,0.083
230500,0.030,0.905,0.065
231000,0.030,0.888,0.082
231500,0.030,0.831,0.139
232000,0.030,0.851,0.119
232500,0.030,0.878,0.092
233000,0.030,0.841,0.129
233500,0.030,0.834,0.136
234000,0.030,0.838,0.132
234500,0.030,0.889,0.081
235000,0.030,0.883,0.087
235500,0.030,0.890,0.080
236000,0.030,0.867,0.103
236500,0.030,0.837,0.133
237000,0.030,0.862,0.108
237500,0.030,0.877,0.093
238000,0.030,0.891,0.079
238500,0.030,0.895,0.075
239000,0.030,0.879,0.091
239500,0.030,0.910,0.060
240000,0.030,0.923,0.047
240500,0.030,0.890,0.080
241000,0.030,0.873,0.097
241500,0.030,0.902,0.068
242000,0.030,0.913,0.057
242500,0.030,0.930,0.040
243000,0.030,0.883,0.087
243500,0.030,0.889,0.081
244000,0.030,0.879,0.091
244500,0.030,0.862,0.108
245000,0.030,0.861,0.109
245500,0.030,0.876,0.094
246000,0.030,0.904,0.066
246500,0.030,0.893,0.077
247000,0.030,0.876,0.094
247500,0.030,0.855,0.115
248000,0.030,0.852,0.118
248500,0.030,0.835,0.135
249000,0.030,0.850,0.120
249500,0.030,0.853,0.117
250000,0.030,0.860,0.110
250500,0.030,0.874,0.096
251000,0.030,0.879,0.091
251500,0.030,0.878,0.092
252000,0.030,0.901,0.069
252500,0.030,0.875,0.095
253000,0.030,0.865,0.105
253500,0.030,0.785,0.185
254000,0.030,0.856,0.114
254500,0.030,0.907,0.063
255000,0.030,0.902,0.068
255500,0.030,0.862,0.108
256000,0.030,0.841,0.129
256500,0.030,0.863,0.107
257000,0.030,0.924,0.046
257500,0.030,0.904,0.066
258000,0.030,0.912,0.058
258500,0.030,0.890,0.080
259000,0.030,0.876,0.094
259500,0.030,0.909,0.061
260000,0.030,0.924,0.046
260500,0.030,0.906,0.064
261000,0.030,0.874,0.096
261500,0.030,0.890,0.080
262000,0.030,0.921,0.049
262500,0.030,0.886,0.084
263000,0.030,0.858,0.112
263500,0.030,0.861,0.109
264000,0.030,0.866,0.104
264500,0.030,0.847,0.123
265000,0.030,0.833,0.137
265500,0.030,0.907,0.063
266000,0.030,0.912,0.058
266500,0.030,0.906,0.064
267000,0.030,0.906,0.064
267500,0.030,0.861,0.109
268000,0.030,0.864,0.106
268500,0.030,0.818,0.152
269000,0.030,0.889,0.081
269500,0.030,0.883,0.087
270000,0.030,0.826,0.144
270500,0.030,0.880,0.090
271000,0.030,0.880,0.090
271500,0.030,0.915,0.055
272000,0.030,0.933,0.037
272500,0.030,0.897,0.073
273000,0.030,0.886,0.084
273500,0.030,0.903,0.067
274000,0.030,0.907,0.063
274500,0.030,0.852,0.118
275000,0.030,0.868,0.102
275500,0.030,0.907,0.063
276000,0.030,0.883,0.087
276500,0.030,0.891,0.079
277000,0.030,0.923,0.047
277500,0.030,0.913,0.057
278000,0.030,0.886,0.084
278500,0.030,0.879,0.091
279000,0.030,0.852,0.118
279500,0.030,0.886,0.084
280000,0.030,0.887,0.083
280500,0.030,0.839,0.131
281000,0.030,0.840,0.130
281500,0.030,0.855,0.115
282000,0.030,0.867,0.103
282500,0.030,0.897,0.073
283000,0.030,0.905,0.065
283500,0.030,0.928,0.042
284000,0.030,0.908,0.062
284500,0.030,0.904,0.066
285000,0.030,0.916,0.054
285500,0.030,0.879,0.091
286000,0.030,0.887,0.083
286500,0.030,0.873,0.097
287000,0.030,0.872,0.098
287500,0.030,0.869,0.101
288000,0.030,0.929,0.041
288500,0.030,0.888,0.082
289000,0.030,0.936,0.034
289500,0.030,0.907,0.063
290000,0.030,0.860,0.110
290500,0.030,0.833,0.137
291000,0.030,0.877,0.093
291500,0.030,0.841,0.129
292000,0.030,0.857,0.113
292500,0.030,0.889,0.081
293000,0.030,0.840,0.130
293500,0.030,0.813,0.157
294000,0.030,0.852,0.118
294500,0.030,0.869,0.101
295000,0.030,0.804,0.166
295500,0.030,0.809,0.161
296000,0.030,0.830,0.140
296500,0.030,0.871,0.099
297000,0.030,0.831,0.139
297500,0.030,0.838,0.132
298000,0.030,0.892,0.078
298500,0.030,0.900,0.070
299000,0.030,0.893,0.077
299500,0.030,0.920,0.050
300000,0.030,0.916,0.054
300500,0.030,0.900,0.070
301000,0.030,0.893,0.077
301500,0.030,0.863,0.107
302000,0.030,0.855,0.115
302500,0.030,0.848,0.122
303000,0.030,0.862,0.108
303500,0.030,0.895,0.075
304000,0.030,0.838,0.132
304500,0.030,0.869,0.101
305000,0.030,0.891,0.079
305500,0.030,0.833,0.137
306000,0.030,0.840,0.130
306500,0.030,0.892,0.078
307000,0.030,0.872,0.098
307500,0.030,0.889,0.081
308000,0.030,0.890,0.080
308500,0.030,0.871,0.099
309000,0.030,0.871,0.099
309500,0.030,0.883,0.087
310000,0.030,0.861,0.109
310500,0.030,0.827,0.143
311000,0.030,0.851,0.119
311500,0.030,0.860,0.110
312000,0.030,0.884,0.086
312500,0.030,0.898,0.072
313000,0.030,0.879,0.091
313500,0.030,0.901,0.069
314000,0.030,0.892,0.078
314500,0.030,0.839,0.131
315000,0.030,0.863,0.107
315500,0.030,0.853,0.117
316000,0.030,0.844,0.126
316500,0.030,0.855,0.115
317000,0.030,0.867,0.103
317500,0.030,0.849,0.121
318000,0.030,0.837,0.133
318500,0.030,0.845,0.125
319000,0.030,0.859,0.111
319500,0.030,0.867,0.103
320000,0.030,0.871,0.099
320500,0.030,0.830,0.140
321000,0.030,0.881,0.089
321500,0.030,0.876,0.094
322000,0.030,0.871,0.099
322500,0.030,0.891,0.079
323000,0.030,0.895,0.075
323500,0.030,0.826,0.144
324000,0.030,0.853,0.117
324500,0.030,0.840,0.130
325000,0.030,0.877,0.093
325500,0.030,0.892,0.078
326000,0.030,0.890,0.080
326500,0.030,0.900,0.070
327000,0.030,0.900,0.070
327500,0.030,0.876,0.094
328000,0.030,0.906,0.064
328500,0.030,0.852,0.118
329000,0.030,0.878,0.092
329500,0.030,0.885,0.085
330000,0.030,0.878,0.092
330500,0.030,0.865,0.105
331000,0.030,0.870,0.100
331500,0.030,0.816,0.154
332000,0.030,0.846,0.124
332500,0.030,0.893,0.077
333000,0.030,0.916,0.054
333500,0.030,0.905,0.065
334000,0.030,0.912,0.058
334500,0.030,0.875,0.095
335000,0.030,0.819,0.151
335500,0.030,0.875,0.095
336000,0.030,0.880,0.090
336500,0.030,0.894,0.076
337000,0.030,0.909,0.061
337500,0.030,0.897,0.073
338000,0.030,0.893,0.077
338500,0.030,0.895,0.075
339000,0.030,0.894,0.076
339500,0.030,0.927,0.043
340000,0.030,0.881,0.089
340500,0.030,0.904,0.066
341000,0.030,0.889,0.081
341500,0.030,0.888,0.082
342000,0.030,0.854,0.116
342500,0.030,0.884,0.086
343000,0.030,0.899,0.071
343500,0.030,0.885,0.085
344000,0.030,0.907,0.063
344500,0.030,0.917,0.053
345000,0.030,0.910,0.060
345500,0.030,0.904,0.066
346000,0.030,0.886,0.084
346500,0.030,0.873,0.097
347000,0.030,0.836,0.134
347500,0.030,0.891,0.079
348000,0.030,0.850,0.120
348500,0.030,0.863,0.107
349000,0.030,0.919,0.051
349500,0.030,0.866,0.104
350000,0.030,0.849,0.121
350500,0.030,0.888,0.082
351000,0.030,0.918,0.052
351500,0.030,0.893,0.077
352000,0.030,0.845,0.125
352500,0.030,0.912,0.058
353000,0.030,0.898,0.072
353500,0.030,0.879,0.091
354000,0.030,0.876,0.094
354500,0.030,0.879,0.091
355000,0.030,0.858,0.112
355500,0.030,0.848,0.122
356000,0.030,0.889,0.081
356500,0.030,0.880,0.090
357000,0.030,0.903,0.067
357500,0.030,0.882,0.088
358000,0.030,0.877,0.093
358500,0.030,0.859,0.111
359000,0.030,0.853,0.117
359500,0.030,0.909,0.061
360000,0.030,0.846,0.124
360500,0.030,0.891,0.079
361000,0.030,0.869,0.101
361500,0.030,0.891,0.079
362000,0.030,0.885,0.085
362500,0.030,0.893,0.077
363000,0.030,0.858,0.112
363500,0.030,0.880,0.090
364000,0.030,0.876,0.094
364500,0.030,0.905,0.065
365000,0.030,0.907,0.063
365500,0.030,0.902,0.068
366000,0.030,0.918,0.052
366500,0.030,0.907,0.063
367000,0.030,0.904,0.066
367500,0.030,0.887,0.083
368000,0.030,0.897,0.073
368500,0.030,0.892,0.078
369000,0.030,0.888,0.082
369500,0.030,0.882,0.088
370000,0.030,0.860,0.110
370500,0.030,0.889,0.081
371000,0.030,0.884,0.086
371500,0.030,0.900,0.070
372000,0.030,0.903,0.067
372500,0.030,0.878,0.092
373000,0.030,0.881,0.089
373500,0.030,0.886,0.084
374000,0.030,0.872,0.098
374500,0.030,0.878,0.092
375000,0.030,0.868,0.102
375500,0.030,0.906,0.064
376000,0.030,0.876,0.094
376500,0.030,0.887,0.083
377000,0.030,0.889,0.081
377500,0.030,0.928,0.042
378000,0.030,0.869,0.101
378500,0.030,0.865,0.105
379000,0.030,0.911,0.059
379500,0.030,0.885,0.085
380000,0.030,0.858,0.112
380500,0.030,0.851,0.119
381000,0.030,0.877,0.093
381500,0.030,0.864,0.106
382000,0.030,0.845,0.125
382500,0.030,0.877,0.093
383000,0.030,0.877,0.093
383500,0.030,0.884,0.086
384000,0.030,0.862,0.108
384500,0.030,0.851,0.119
385000,0.030,0.896,0.074
385500,0.030,0.845,0.125
386000,0.030,0.912,0.058
386500,0.030,0.898,0.072
387000,0.030,0.856,0.114
387500,0.030,0.866,0.104
388000,0.030,0.876,0.094
388500,0.030,0.887,0.083
389000,0.030,0.841,0.129
389500,0.030,0.901,0.069
390000,0.030,0.830,0.140
390500,0.030,0.898,0.072
391000,0.030,0.854,0.116
391500,0.030,0.868,0.102
392000,0.030,0.879,0.091
392500,0.030,0.892,0.078
393000,0.030,0.894,0.076
393500,0.030,0.905,0.065
394000,0.030,0.896,0.074
394500,0.030,0.888,0.082
395000,0.030,0.869,0.101
395500,0.030,0.881,0.089
396000,0.030,0.880,0.090
396500,0.030,0.889,0.081
397000,0.030,0.892,0.078
397500,0.030,0.877,0.093
398000,0.030,0.832,0.138
398500,0.030,0.823,0.147
399000,0.030,0.895,0.075
399500,0.030,0.885,0.085
400000,0.030,0.849,0.121
400500,0.030,0.867,0.103
401000,0.030,0.851,0.119
401500,0.030,0.826,0.144
402000,0.030,0.842,0.128
402500,0.030,0.836,0.134
403000,0.030,0.889,0.081
403500,0.030,0.909,0.061
404000,0.030,0.865,0.105
404500,0.030,0.904,0.066
405000,0.030,0.875,0.095
405500,0.030,0.877,0.093
406000,0.030,0.846,0.124
406500,0.030,0.826,0.144
407000,0.030,0.896,0.074
407500,0.030,0.898,0.072
408000,0.030,0.893,0.077
408500,0.030,0.904,0.066
409000,0.030,0.832,0.138
409500,0.030,0.808,0.162
410000,0.030,0.876,0.094
410500,0.030,0.908,0.062
411000,0.030,0.886,0.084
411500,0.030,0.868,0.102
412000,0.030,0.832,0.138
412500,0.030,0.884,0.086
413000,0.030,0.869,0.101
413500,0.030,0.875,0.095
414000,0.030,0.884,0.086
414500,0.030,0.890,0.080
415000,0.030,0.915,0.055
415500,0.030,0.903,0.067
416000,0.030,0.844,0.126
416500,0.030,0.851,0.119
417000,0.030,0.872,0.098
417500,0.030,0.871,0.099
418000,0.030,0.863,0.107
418500,0.030,0.875,0.095
419000,0.030,0.823,0.147
419500,0.030,0.862,0.108
420000,0.030,0.850,0.120
420500,0.030,0.857,0.113
421000,0.030,0.845,0.125
421500,0.030,0.849,0.121
422000,0.030,0.846,0.124
422500,0.030,0.833,0.137
423000,0.030,0.864,0.106
423500,0.030,0.884,0.086
424000,0.030,0.856,0.114
424500,0.030,0.869,0.101
425000,0.030,0.848,0.122
425500,0.030,0.881,0.089
426000,0.030,0.870,0.100
426500,0.030,0.883,0.087
427000,0.030,0.883,0.087
427500,0.030,0.831,0.139
428000,0.030,0.887,0.083
428500,0.030,0.876,0.094
429000,0.030,0.911,0.059
429500,0.030,0.903,0.067
430000,0.030,0.882,0.088
430500,0.030,0.910,0.060
431000,0.030,0.904,0.066
431500,0.030,0.866,0.104
432000,0.030,0.853,0.117
432500,0.030,0.888,0.082
433000,0.030,0.894,0.076
433500,0.030,0.898,0.072
434000,0.030,0.910,0.060
434500,0.030,0.914,0.056
435000,0.030,0.846,0.124
435500,0.030,0.850,0.120
436000,0.030,0.893,0.077
436500,0.030,0.904,0.066
437000,0.030,0.910,0.060
437500,0.030,0.848,0.122
438000,0.030,0.859,0.111
438500,0.030,0.884,0.086
439000,0.030,0.866,0.104
439500,0.030,0.896,0.074
440000,0.030,0.896,0.074
440500,0.030,0.895,0.075
441000,0.030,0.905,0.065
441500,0.030,0.886,0.084
442000,0.030,0.870,0.100
442500,0.030,0.852,0.118
443000,0.030,0.846,0.124
443500,0.030,0.912,0.058
444000,0.030,0.914,0.056
444500,0.030,0.899,0.071
445000,0.030,0.917,0.053
445500,0.030,0.900,0.070
446000,0.030,0.910,0.060
446500,0.030,0.881,0.089
447000,0.030,0.859,0.111
447500,0.030,0.860,0.110
448000,0.030,0.861,0.109
448500,0.030,0.892,0.078
449000,0.030,0.909,0.061
449500,0.030,0.916,0.054
450000,0.030,0.869,0.101
450500,0.030,0.880,0.090
451000,0.030,0.911,0.059
451500,0.030,0.886,0.084
452000,0.030,0.915,0.055
452500,0.030,0.906,0.064
453000,0.030,0.910,0.060
453500,0.030,0.884,0.086
454000,0.030,0.881,0.089
454500,0.030,0.883,0.087
455000,0.030,0.889,0.081
455500,0.030,0.903,0.067
456000,0.030,0.902,0.068
456500,0.030,0.897,0.073
457000,0.030,0.846,0.124
457500,0.030,0.864,0.106
458000,0.030,0.891,0.079
458500,0.030,0.822,0.148
459000,0.030,0.844,0.126
459500,0.030,0.832,0.138
460000,0.030,0.869,0.101
460500,0.030,0.879,0.091
461000,0.030,0.832,0.138
461500,0.030,0.851,0.119
462000,0.030,0.899,0.071
462500,0.030,0.878,0.092
463000,0.030,0.890,0.080
463500,0.030,0.890,0.080
464000,0.030,0.880,0.090
464500,0.030,0.879,0.091
465000,0.030,0.834,0.136
465500,0.030,0.849,0.121
466000,0.030,0.901,0.069
466500,0.030,0.881,0.089
467000,0.030,0.879,0.091
467500,0.030,0.869,0.101
468000,0.030,0.777,0.193
468500,0.030,0.784,0.186
469000,0.030,0.818,0.152
469500,0.030,0.829,0.141
470000,0.030,0.855,0.115
470500,0.030,0.888,0.082
471000,0.030,0.880,0.090
471500,0.030,0.883,0.087
472000,0.030,0.881,0.089
472500,0.030,0.879,0.091
473000,0.030,0.859,0.111
473500,0.030,0.863,0.107
474000,0.030,0.881,0.089
474500,0.030,0.866,0.104
475000,0.030,0.870,0.100
475500,0.030,0.864,0.106
476000,0.030,0.906,0.064
476500,0.030,0.902,0.068
477000,0.030,0.890,0.080
477500,0.030,0.903,0.067
478000,0.030,0.909,0.061
478500,0.030,0.900,0.070
479000,0.030,0.884,0.086
479500,0.030,0.878,0.092
480000,0.030,0.886,0.084
480500,0.030,0.902,0.068
481000,0.030,0.910,0.060
481500,0.030,0.899,0.071
482000,0.030,0.887,0.083
482500,0.030,0.897,0.073
483000,0.030,0.880,0.090
483500,0.030,0.858,0.112
484000,0.030,0.881,0.089
484500,0.030,0.861,0.109
485000,0.030,0.878,0.092
485500,0.030,0.877,0.093
486000,0.030,0.887,0.083
486500,0.030,0.939,0.031
487000,0.030,0.878,0.092
487500,0.030,0.882,0.088
488000,0.030,0.835,0.135
488500,0.030,0.870,0.100
489000,0.030,0.873,0.097
489500,0.030,0.893,0.077
490000,0.030,0.847,0.123
490500,0.030,0.837,0.133
491000,0.030,0.875,0.095
491500,0.030,0.846,0.124
492000,0.030,0.858,0.112
492500,0.030,0.858,0.112
493000,0.030,0.878,0.092
493500,0.030,0.890,0.080
494000,0.030,0.855,0.115
494500,0.030,0.881,0.089
495000,0.030,0.912,0.058
495500,0.030,0.868,0.102
496000,0.030,0.890,0.080
496500,0.030,0.852,0.118
497000,0.030,0.863,0.107
497500,0.030,0.861,0.109
498000,0.030,0.857,0.113
498500,0.030,0.867,0.103
499000,0.030,0.853,0.117
499500,0.030,0.881,0.089
500000,0.030,0.890,0.080
500500,0.030,0.871,0.099
501000,0.030,0.911,0.059
501500,0.030,0.902,0.068
502000,0.030,0.896,0.074
502500,0.030,0.893,0.077
503000,0.030,0.856,0.114
503500,0.030,0.864,0.106
504000,0.030,0.870,0.100
504500,0.030,0.877,0.093
505000,0.030,0.905,0.065
505500,0.030,0.898,0.072
506000,0.030,0.873,0.097
506500,0.030,0.886,0.084
507000,0.030,0.848,0.122
507500,0.030,0.861,0.109
508000,0.030,0.881,0.089
508500,0.030,0.921,0.049
509000,0.030,0.885,0.085
509500,0.030,0.901,0.069
510000,0.030,0.850,0.120
510500,0.030,0.875,0.095
511000,0.030,0.846,0.124
511500,0.030,0.848,0.122
512000,0.030,0.875,0.095
512500,0.030,0.898,0.072
513000,0.030,0.903,0.067
513500,0.030,0.868,0.102
514000,0.030,0.863,0.107
514500,0.030,0.847,0.123
515000,0.030,0.865,0.105
515500,0.030,0.868,0.102
516000,0.030,0.853,0.117
516500,0.030,0.891,0.079
517000,0.030,0.869,0.101
517500,0.030,0.896,0.074
518000,0.030,0.903,0.067
518500,0.030,0.904,0.066
519000,0.030,0.875,0.095
519500,0.031,0.870,0.099
520000,0.030,0.824,0.146
520500,0.030,0.831,0.139
521000,0.030,0.891,0.079
521500,0.030,0.911,0.059
522000,0.030,0.898,0.072
522500,0.030,0.834,0.136
523000,0.030,0.893,0.077
523500,0.030,0.865,0.105
524000,0.030,0.891,0.079
524500,0.030,0.908,0.062
525000,0.030,0.887,0.083
525500,0.030,0.837,0.133
526000,0.030,0.854,0.116
526500,0.030,0.858,0.112
527000,0.030,0.897,0.073
527500,0.030,0.860,0.110
528000,0.030,0.897,0.073
528500,0.030,0.898,0.072
529000,0.030,0.903,0.067
529500,0.030,0.910,0.060
530000,0.030,0.866,0.104
530500,0.030,0.879,0.091
531000,0.030,0.906,0.064
531500,0.030,0.892,0.078
532000,0.030,0.922,0.048
532500,0.030,0.887,0.083
533000,0.030,0.908,0.062
533500,0.030,0.887,0.083
534000,0.030,0.890,0.080
534500,0.030,0.870,0.100
535000,0.030,0.900,0.070
535500,0.030,0.902,0.068
536000,0.030,0.903,0.067
536500,0.030,0.902,0.068
537000,0.030,0.901,0.069
537500,0.030,0.885,0.085
538000,0.030,0.837,0.133
538500,0.030,0.865,0.105
539000,0.030,0.896,0.074
539500,0.030,0.875,0.095
540000,0.030,0.844,0.126
540500,0.030,0.849,0.121
541000,0.030,0.827,0.143
541500,0.030,0.847,0.123
542000,0.030,0.846,0.124
542500,0.030,0.882,0.088
543000,0.030,0.886,0.084
543500,0.030,0.897,0.073
544000,0.030,0.898,0.072
544500,0.030,0.889,0.081
545000,0.030,0.931,0.039
545500,0.030,0.891,0.079
546000,0.030,0.862,0.108
546500,0.030,0.886,0.084
547000,0.030,0.906,0.064
547500,0.030,0.890,0.080
548000,0.030,0.849,0.121
548500,0.030,0.872,0.098
549000,0.030,0.846,0.124
549500,0.030,0.921,0.049
550000,0.030,0.876,0.094
550500,0.030,0.860,0.110
551000,0.030,0.883,0.087
551500,0.030,0.883,0.087
552000,0.030,0.903,0.067
552500,0.030,0.884,0.086
553000,0.030,0.916,0.054
553500,0.030,0.851,0.119
554000,0.030,0.890,0.080
554500,0.030,0.882,0.088
555000,0.030,0.871,0.099
555500,0.030,0.868,0.102
556000,0.030,0.889,0.081
556500,0.030,0.897,0.073
557000,0.030,0.895,0.075
557500,0.030,0.872,0.098
558000,0.030,0.850,0.120
558500,0.030,0.858,0.112
559000,0.030,0.906,0.064
559500,0.030,0.875,0.095
560000,0.030,0.879,0.091
560500,0.030,0.863,0.107
561000,0.030,0.847,0.123
561500,0.030,0.872,0.098
562000,0.030,0.839,0.131
562500,0.030,0.874,0.096
563000,0.030,0.873,0.097
563500,0.030,0.911,0.059
564000,0.030,0.900,0.070
564500,0.030,0.883,0.087
565000,0.030,0.878,0.092
565500,0.030,0.915,0.055
566000,0.030,0.935,0.035
566500,0.030,0.893,0.077
567000,0.030,0.856,0.114
567500,0.030,0.857,0.113
568000,0.030,0.818,0.152
568500,0.030,0.822,0.148
569000,0.030,0.847,0.123
569500,0.030,0.817,0.153
570000,0.030,0.856,0.114
570500,0.030,0.837,0.133
571000,0.030,0.877,0.093
571500,0.030,0.893,0.077
572000,0.030,0.873,0.097
572500,0.030,0.855,0.115
573000,0.030,0.912,0.058
573500,0.030,0.893,0.077
574000,0.030,0.879,0.091
574500,0.030,0.850,0.120
575000,0.030,0.881,0.089
575500,0.030,0.871,0.099
576000,0.030,0.872,0.098
576500,0.030,0.885,0.085
577000,0.030,0.904,0.066
577500,0.030,0.887,0.083
578000,0.030,0.906,0.064
578500,0.030,0.904,0.066
579000,0.030,0.901,0.069
579500,0.030,0.882,0.088
580000,0.030,0.877,0.093
580500,0.030,0.867,0.103
581000,0.030,0.875,0.095
581500,0.030,0.853,0.117
582000,0.030,0.840,0.130
582500,0.030,0.856,0.114
583000,0.030,0.861,0.109
583500,0.030,0.865,0.105
584000,0.030,0.854,0.116
584500,0.030,0.875,0.095
585000,0.030,0.915,0.055
585500,0.030,0.896,0.074
586000,0.030,0.930,0.040
586500,0.030,0.890,0.080
587000,0.030,0.895,0.075
587500,0.030,0.879,0.091
588000,0.030,0.894,0.076
588500,0.030,0.869,0.101
589000,0.030,0.840,0.130
589500,0.030,0.890,0.080
590000,0.030,0.901,0.069
590500,0.030,0.873,0.097
591000,0.030,0.828,0.142
591500,0.030,0.830,0.140
592000,0.030,0.861,0.109
592500,0.030,0.851,0.119
593000,0.030,0.885,0.085
593500,0.030,0.911,0.059
594000,0.030,0.888,0.082
594500,0.030,0.812,0.158
595000,0.030,0.867,0.103
595500,0.030,0.878,0.092
596000,0.030,0.867,0.103
596500,0.030,0.878,0.092
597000,0.030,0.898,0.072
597500,0.030,0.923,0.047
598000,0.030,0.879,0.091
598500,0.030,0.913,0.057
599000,0.030,0.876,0.094
599500,0.030,0.864,0.106
600000,0.030,0.854,0.116
600500,0.030,0.857,0.113
601000,0.030,0.868,0.102
601500,0.030,0.862,0.108
602000,0.030,0.877,0.093
602500,0.030,0.903,0.067
603000,0.030,0.918,0.052
603500,0.030,0.893,0.077
604000,0.030,0.871,0.099
604500,0.030,0.869,0.101
605000,0.030,0.889,0.081
605500,0.030,0.884,0.086
606000,0.030,0.863,0.107
606500,0.030,0.875,0.095
607000,0.030,0.855,0.115
607500,0.030,0.876,0.094
608000,0.030,0.879,0.091
608500,0.030,0.904,0.066
609000,0.030,0.906,0.064
609500,0.030,0.891,0.079
610000,0.030,0.921,0.049
610500,0.030,0.889,0.081
611000,0.030,0.862,0.108
611500,0.030,0.871,0.099
612000,0.030,0.829,0.141
612500,0.030,0.885,0.085
613000,0.030,0.873,0.097
613500,0.030,0.889,0.081
614000,0.030,0.869,0.101
614500,0.030,0.842,0.128
615000,0.030,0.870,0.100
615500,0.030,0.882,0.088
616000,0.030,0.874,0.096
616500,0.030,0.873,0.097
617000,0.030,0.851,0.119
617500,0.030,0.823,0.147
618000,0.030,0.859,0.111
618500,0.030,0.852,0.118
619000,0.030,0.862,0.108
619500,0.030,0.864,0.106
620000,0.030,0.863,0.107
620500,0.030,0.863,0.107
621000,0.030,0.880,0.090
621500,0.030,0.903,0.067
622000,0.030,0.846,0.124
622500,0.030,0.849,0.121
623000,0.030,0.896,0.074
623500,0.030,0.874,0.096
624000,0.030,0.894,0.076
624500,0.030,0.925,0.045
625000,0.030,0.896,0.074
625500,0.030,0.870,0.100
626000,0.030,0.824,0.146
626500,0.030,0.871,0.099
627000,0.030,0.880,0.090
627500,0.030,0.884,0.086
628000,0.030,0.857,0.113
628500,0.030,0.841,0.129
629000,0.030,0.892,0.078
629500,0.030,0.890,0.080
630000,0.030,0.886,0.084
630500,0.030,0.865,0.105
631000,0.030,0.887,0.083
631500,0.030,0.836,0.134
632000,0.030,0.855,0.115
632500,0.030,0.879,0.091
633000,0.030,0.935,0.035
633500,0.030,0.941,0.029
634000,0.030,0.899,0.071
634500,0.030,0.893,0.077
635000,0.030,0.909,0.061
635500,0.030,0.899,0.071
636000,0.030,0.898,0.072
636500,0.030,0.902,0.068
637000,0.030,0.914,0.056
637500,0.030,0.902,0.068
638000,0.030,0.893,0.077
638500,0.030,0.885,0.085
639000,0.030,0.864,0.106
639500,0.030,0.863,0.107
640000,0.030,0.882,0.088
640500,0.030,0.887,0.083
641000,0.030,0.889,0.081
641500,0.030,0.873,0.097
642000,0.030,0.926,0.044
642500,0.030,0.895,0.075
643000,0.030,0.898,0.072
643500,0.030,0.894,0.076
644000,0.030,0.842,0.128
644500,0.030,0.872,0.098
645000,0.030,0.903,0.067
645500,0.030,0.884,0.086
646000,0.030,0.838,0.132
646500,0.030,0.877,0.093
647000,0.030,0.886,0.084
647500,0.030,0.908,0.062
648000,0.030,0.883,0.087
648500,0.030,0.858,0.112
649000,0.030,0.897,0.073
649500,0.030,0.908,0.062
650000,0.030,0.904,0.066
650500,0.030,0.865,0.105
651000,0.030,0.875,0.095
651500,0.030,0.886,0.084
652000,0.030,0.861,0.109
652500,0.030,0.890,0.080
653000,0.030,0.906,0.064
653500,0.030,0.907,0.063
654000,0.030,0.896,0.074
654500,0.030,0.847,0.123
655000,0.030,0.863,0.107
655500,0.030,0.891,0.079
656000,0.030,0.901,0.069
656500,0.030,0.898,0.072
657000,0.030,0.889,0.081
657500,0.030,0.874,0.096
658000,0.030,0.850,0.120
658500,0.030,0.856,0.114
659000,0.030,0.853,0.117
659500,0.030,0.885,0.085
660000,0.030,0.883,0.087
660500,0.030,0.845,0.125
661000,0.030,0.909,0.061
661500,0.030,0.895,0.075
662000,0.030,0.902,0.068
662500,0.030,0.873,0.097
663000,0.030,0.888,0.082
663500,0.030,0.884,0.086
664000,0.030,0.879,0.091
664500,0.030,0.900,0.070
665000,0.030,0.905,0.065
665500,0.030,0.896,0.074
666000,0.030,0.896,0.074
666500,0.030,0.877,0.093
667000,0.030,0.894,0.076
667500,0.030,0.911,0.059
668000,0.030,0.890,0.080
668500,0.030,0.923,0.047
669000,0.030,0.877,0.093
669500,0.030,0.858,0.112
670000,0.030,0.847,0.123
670500,0.030,0.881,0.089
671000,0.030,0.883,0.087
671500,0.030,0.895,0.075
672000,0.030,0.902,0.068
672500,0.030,0.879,0.091
673000,0.030,0.890,0.080
673500,0.030,0.877,0.093
674000,0.030,0.875,0.095
674500,0.030,0.898,0.072
675000,0.030,0.893,0.077
675500,0.030,0.901,0.069
676000,0.030,0.885,0.085
676500,0.030,0.861,0.109
677000,0.030,0.888,0.082
677500,0.030,0.899,0.071
678000,0.030,0.902,0.068
678500,0.030,0.877,0.093
679000,0.030,0.899,0.071
679500,0.030,0.909,0.061
680000,0.030,0.870,0.100
680500,0.030,0.906,0.064
681000,0.030,0.900,0.070
681500,0.030,0.870,0.100
682000,0.030,0.860,0.110
682500,0.030,0.818,0.152
683000,0.030,0.842,0.128
683500,0.030,0.867,0.103
684000,0.030,0.858,0.112
684500,0.030,0.887,0.083
685000,0.030,0.909,0.061
685500,0.030,0.913,0.057
686000,0.030,0.897,0.073
686500,0.030,0.881,0.089
687000,0.030,0.865,0.105
687500,0.030,0.878,0.092
688000,0.030,0.892,0.078
688500,0.030,0.865,0.105
689000,0.030,0.857,0.113
689500,0.030,0.860,0.110
690000,0.030,0.848,0.122
690500,0.030,0.895,0.075
691000,0.030,0.873,0.097
691500,0.030,0.915,0.055
692000,0.030,0.885,0.085
692500,0.030,0.879,0.091
693000,0.030,0.892,0.078
693500,0.030,0.885,0.085
694000,0.030,0.790,0.180
694500,0.030,0.887,0.083
695000,0.030,0.894,0.076
695500,0.030,0.931,0.039
696000,0.030,0.905,0.065
696500,0.030,0.878,0.092
697000,0.030,0.842,0.128
697500,0.030,0.803,0.167
698000,0.030,0.832,0.138
698500,0.030,0.862,0.108
699000,0.030,0.902,0.068
699500,0.030,0.888,0.082
700000,0.030,0.901,0.069
700500,0.030,0.849,0.121
701000,0.030,0.875,0.095
701500,0.030,0.873,0.097
702000,0.030,0.894,0.076
702500,0.030,0.893,0.077
703000,0.030,0.890,0.080
703500,0.030,0.885,0.085
704000,0.030,0.843,0.127
704500,0.030,0.854,0.116
705000,0.030,0.880,0.090
705500,0.030,0.823,0.147
706000,0.030,0.857,0.113
706500,0.030,0.840,0.130
707000,0.030,0.848,0.122
707500,0.030,0.840,0.130
708000,0.030,0.880,0.090
708500,0.030,0.874,0.096
709000,0.030,0.901,0.069
709500,0.030,0.868,0.102
710000,0.030,0.829,0.141
710500,0.030,0.847,0.123
711000,0.030,0.868,0.102
711500,0.030,0.873,0.097
712000,0.030,0.882,0.088
712500,0.030,0.819,0.151
713000,0.030,0.853,0.117
713500,0.030,0.840,0.130
714000,0.030,0.865,0.105
714500,0.030,0.871,0.099
715000,0.030,0.875,0.095
715500,0.030,0.878,0.092
716000,0.030,0.867,0.103
716500,0.030,0.821,0.149
717000,0.030,0.862,0.108
717500,0.030,0.825,0.145
718000,0.030,0.848,0.122
718500,0.030,0.862,0.108
719000,0.030,0.875,0.095
719500,0.030,0.816,0.154
720000,0.030,0.856,0.114
720500,0.030,0.883,0.087
721000,0.030,0.870,0.100
721500,0.030,0.886,0.084
722000,0.030,0.893,0.077
722500,0.030,0.856,0.114
723000,0.030,0.882,0.088
723500,0.030,0.848,0.122
724000,0.030,0.888,0.082
724500,0.030,0.856,0.114
725000,0.030,0.860,0.110
725500,0.030,0.875,0.095
726000,0.030,0.888,0.082
726500,0.030,0.896,0.074
727000,0.030,0.891,0.079
727500,0.030,0.916,0.054
728000,0.030,0.928,0.042
728500,0.030,0.861,0.109
729000,0.030,0.849,0.121
729500,0.030,0.854,0.116
730000,0.030,0.813,0.157
730500,0.030,0.846,0.124
731000,0.030,0.824,0.146
731500,0.030,0.855,0.115
732000,0.030,0.845,0.125
732500,0.030,0.860,0.110
733000,0.030,0.864,0.106
733500,0.030,0.925,0.045
734000,0.030,0.933,0.037
734500,0.030,0.895,0.075
735000,0.030,0.911,0.059
735500,0.030,0.847,0.123
736000,0.030,0.868,0.102
736500,0.030,0.879,0.091
737000,0.030,0.907,0.063
737500,0.030,0.898,0.072
738000,0.030,0.880,0.090
738500,0.030,0.903,0.067
739000,0.030,0.905,0.065
739500,0.030,0.894,0.076
740000,0.030,0.895,0.075
740500,0.030,0.862,0.108
741000,0.030,0.868,0.102
741500,0.030,0.871,0.099
742000,0.030,0.884,0.086
742500,0.030,0.870,0.100
743000,0.030,0.890,0.080
743500,0.030,0.895,0.075
744000,0.030,0.869,0.101
744500,0.030,0.898,0.072
745000,0.030,0.864,0.106
745500,0.030,0.895,0.075
746000,0.030,0.874,0.096
746500,0.030,0.853,0.117
747000,0.030,0.876,0.094
747500,0.030,0.877,0.093
748000,0.030,0.887,0.083
748500,0.030,0.919,0.051
749000,0.030,0.876,0.094
749500,0.030,0.860,0.110
750000,0.030,0.877,0.093
750500,0.030,0.864,0.106
751000,0.030,0.865,0.105
751500,0.030,0.904,0.066
752000,0.030,0.881,0.089
752500,0.030,0.883,0.087
753000,0.030,0.863,0.107
753500,0.030,0.888,0.082
754000,0.030,0.867,0.103
754500,0.030,0.901,0.069
755000,0.030,0.910,0.060
755500,0.030,0.869,0.101
756000,0.030,0.850,0.120
756500,0.030,0.844,0.126
757000,0.030,0.866,0.104
757500,0.030,0.872,0.098
758000,0.030,0.860,0.110
758500,0.030,0.866,0.104
759000,0.030,0.814,0.156
759500,0.030,0.866,0.104
760000,0.030,0.853,0.117
760500,0.030,0.844,0.126
761000,0.030,0.835,0.135
761500,0.030,0.837,0.133
762000,0.030,0.863,0.107
762500,0.030,0.902,0.068
763000,0.030,0.906,0.064
763500,0.030,0.852,0.118
764000,0.030,0.870,0.100
764500,0.030,0.869,0.101
765000,0.030,0.865,0.105
765500,0.030,0.860,0.110
766000,0.030,0.912,0.058
766500,0.030,0.885,0.085
767000,0.030,0.885,0.085
767500,0.030,0.883,0.087
768000,0.030,0.858,0.112
768500,0.030,0.876,0.094
769000,0.030,0.883,0.087
769500,0.030,0.870,0.100
770000,0.030,0.826,0.144
770500,0.030,0.865,0.105
771000,0.030,0.886,0.084
771500,0.030,0.885,0.085
772000,0.030,0.885,0.085
772500,0.030,0.855,0.115
773000,0.030,0.874,0.096
773500,0.030,0.886,0.084
774000,0.030,0.843,0.127
774500,0.030,0.871,0.099
775000,0.030,0.876,0.094
775500,0.030,0.876,0.094
776000,0.030,0.888,0.082
776500,0.030,0.865,0.105
777000,0.030,0.861,0.109
777500,0.030,0.877,0.093
778000,0.030,0.852,0.118
778500,0.030,0.881,0.089
779000,0.030,0.882,0.088
779500,0.030,0.863,0.107
780000,0.030,0.879,0.091
780500,0.030,0.862,0.108
781000,0.030,0.868,0.102
781500,0.030,0.827,0.143
782000,0.030,0.843,0.127
782500,0.030,0.854,0.116
783000,0.030,0.881,0.089
783500,0.030,0.882,0.088
784000,0.030,0.886,0.084
784500,0.030,0.856,0.114
785000,0.030,0.868,0.102
785500,0.030,0.843,0.127
786000,0.030,0.894,0.076
786500,0.030,0.881,0.089
787000,0.030,0.906,0.064
787500,0.030,0.890,0.080
788000,0.030,0.847,0.123
788500,0.030,0.842,0.128
789000,0.030,0.836,0.134
789500,0.030,0.856,0.114
790000,0.030,0.919,0.051
790500,0.030,0.877,0.093
791000,0.030,0.863,0.107
791500,0.030,0.865,0.105
792000,0.030,0.882,0.088
792500,0.030,0.880,0.090
793000,0.030,0.876,0.094
793500,0.030,0.846,0.124
794000,0.030,0.799,0.171
794500,0.030,0.847,0.123
795000,0.030,0.828,0.142
795500,0.030,0.874,0.096
796000,0.030,0.866,0.104
796500,0.030,0.866,0.104
797000,0.030,0.853,0.117
797500,0.030,0.881,0.089
798000,0.030,0.837,0.133
798500,0.030,0.848,0.122
799000,0.030,0.869,0.101
799500,0.030,0.885,0.085
800000,0.030,0.890,0.080
800500,0.030,0.898,0.072
801000,0.030,0.896,0.074
801500,0.030,0.874,0.096
802000,0.030,0.842,0.128
802500,0.030,0.897,0.073
803000,0.030,0.886,0.084
803500,0.030,0.864,0.106
804000,0.030,0.844,0.126
804500,0.030,0.866,0.104
805000,0.030,0.874,0.096
805500,0.030,0.889,0.081
806000,0.030,0.875,0.095
806500,0.030,0.880,0.090
807000,0.030,0.876,0.094
807500,0.030,0.901,0.069
808000,0.030,0.845,0.125
808500,0.030,0.841,0.129
809000,0.030,0.865,0.105
809500,0.030,0.901,0.069
810000,0.030,0.885,0.085
810500,0.030,0.887,0.083
811000,0.030,0.867,0.103
811500,0.030,0.844,0.126
812000,0.030,0.877,0.093
812500,0.030,0.914,0.056
813000,0.030,0.874,0.096
813500,0.030,0.883,0.087
814000,0.030,0.896,0.074
814500,0.030,0.896,0.074
815000,0.030,0.905,0.065
815500,0.030,0.867,0.103
816000,0.030,0.907,0.063
816500,0.030,0.859,0.111
817000,0.030,0.834,0.136
817500,0.030,0.857,0.113
818000,0.030,0.848,0.122
818500,0.030,0.846,0.124
819000,0.030,0.881,0.089
819500,0.030,0.886,0.084
820000,0.030,0.891,0.079
820500,0.030,0.862,0.108
821000,0.030,0.883,0.087
821500,0.030,0.896,0.074
822000,0.030,0.906,0.064
822500,0.030,0.886,0.084
823000,0.030,0.879,0.091
823500,0.030,0.893,0.077
824000,0.030,0.837,0.133
824500,0.030,0.832,0.138
825000,0.030,0.923,0.047
825500,0.030,0.904,0.066
826000,0.030,0.874,0.096
826500,0.030,0.870,0.100
827000,0.030,0.885,0.085
827500,0.030,0.904,0.066
828000,0.030,0.920,0.050
828500,0.030,0.918,0.052
829000,0.030,0.902,0.068
829500,0.030,0.896,0.074
830000,0.030,0.893,0.077
830500,0.030,0.879,0.091
831000,0.030,0.869,0.101
831500,0.030,0.895,0.075
832000,0.030,0.894,0.076
832500,0.030,0.892,0.078
833000,0.030,0.905,0.065
833500,0.030,0.883,0.087
834000,0.030,0.877,0.093
834500,0.030,0.922,0.048
835000,0.030,0.905,0.065
835500,0.030,0.842,0.128
836000,0.030,0.861,0.109
836500,0.030,0.783,0.187
837000,0.030,0.871,0.099
837500,0.030,0.835,0.135
838000,0.030,0.866,0.104
838500,0.030,0.838,0.132
839000,0.030,0.868,0.102
839500,0.030,0.889,0.081
840000,0.034,0.847,0.119
840500,0.030,0.851,0.119
841000,0.030,0.863,0.107
841500,0.030,0.899,0.071
842000,0.030,0.870,0.100
842500,0.030,0.875,0.095
843000,0.030,0.896,0.074
843500,0.030,0.881,0.089
844000,0.030,0.879,0.091
844500,0.030,0.870,0.100
845000,0.030,0.892,0.078
845500,0.030,0.878,0.092
846000,0.030,0.858,0.112
846500,0.030,0.849,0.121
847000,0.030,0.869,0.101
847500,0.030,0.891,0.079
848000,0.030,0.849,0.121
848500,0.030,0.884,0.086
849000,0.030,0.889,0.081
849500,0.030,0.915,0.055
850000,0.030,0.900,0.070
850500,0.030,0.892,0.078
851000,0.030,0.892,0.078
851500,0.030,0.863,0.107
852000,0.030,0.851,0.119
852500,0.030,0.888,0.082
853000,0.030,0.872,0.098
853500,0.030,0.839,0.131
854000,0.030,0.862,0.108
854500,0.030,0.837,0.133
855000,0.030,0.908,0.062
855500,0.030,0.855,0.115
856000,0.030,0.859,0.111
856500,0.030,0.867,0.103
857000,0.030,0.903,0.067
857500,0.030,0.882,0.088
858000,0.030,0.867,0.103
858500,0.030,0.864,0.106
859000,0.030,0.874,0.096
859500,0.030,0.913,0.057
860000,0.030,0.919,0.051
860500,0.030,0.909,0.061
861000,0.030,0.897,0.073
861500,0.030,0.911,0.059
862000,0.030,0.880,0.090
862500,0.030,0.858,0.112
863000,0.030,0.911,0.059
863500,0.030,0.920,0.050
864000,0.030,0.911,0.059
864500,0.030,0.891,0.079
865000,0.030,0.855,0.115
865500,0.030,0.885,0.085
866000,0.030,0.844,0.126
866500,0.030,0.888,0.082
867000,0.030,0.869,0.101
867500,0.030,0.842,0.128
868000,0.030,0.868,0.102
868500,0.030,0.878,0.092
869000,0.030,0.842,0.128
869500,0.030,0.836,0.134
870000,0.030,0.855,0.115
870500,0.030,0.903,0.067
871000,0.030,0.864,0.106
871500,0.030,0.880,0.090
872000,0.030,0.899,0.071
872500,0.030,0.857,0.113
873000,0.030,0.846,0.124
873500,0.030,0.900,0.070
874000,0.030,0.858,0.112
874500,0.030,0.859,0.111
875000,0.030,0.894,0.076
875500,0.030,0.856,0.114
876000,0.030,0.891,0.079
876500,0.030,0.865,0.105
877000,0.030,0.888,0.082
877500,0.030,0.877,0.093
878000,0.030,0.866,0.104
878500,0.030,0.902,0.068
879000,0.030,0.883,0.087
879500,0.030,0.908,0.062
880000,0.030,0.900,0.070
880500,0.030,0.907,0.063
881000,0.030,0.920,0.050
881500,0.030,0.867,0.103
882000,0.030,0.900,0.070
882500,0.030,0.841,0.129
883000,0.030,0.895,0.075
883500,0.030,0.903,0.067
884000,0.030,0.856,0.114
884500,0.030,0.879,0.091
885000,0.030,0.880,0.090
885500,0.030,0.880,0.090
886000,0.030,0.914,0.056
886500,0.030,0.901,0.069
887000,0.030,0.901,0.069
887500,0.030,0.893,0.077
888000,0.030,0.868,0.102
888500,0.030,0.869,0.101
889000,0.030,0.893,0.077
889500,0.030,0.896,0.074
890000,0.030,0.906,0.064
890500,0.030,0.881,0.089
891000,0.030,0.879,0.091
891500,0.030,0.888,0.082
892000,0.030,0.874,0.096
892500,0.030,0.895,0.075
893000,0.030,0.862,0.108
893500,0.030,0.864,0.106
894000,0.030,0.856,0.114
894500,0.030,0.889,0.081
895000,0.030,0.930,0.040
895500,0.030,0.905,0.065
896000,0.030,0.890,0.080
896500,0.030,0.922,0.048
897000,0.030,0.872,0.098
897500,0.030,0.863,0.107
898000,0.030,0.897,0.073
898500,0.030,0.911,0.059
899000,0.030,0.920,0.050
899500,0.030,0.906,0.064
900000,0.030,0.869,0.101
900500,0.030,0.863,0.107
901000,0.030,0.824,0.146
901500,0.030,0.897,0.073
902000,0.030,0.893,0.077
902500,0.030,0.906,0.064
903000,0.030,0.906,0.064
903500,0.030,0.858,0.112
904000,0.030,0.862,0.108
904500,0.030,0.883,0.087
905000,0.030,0.890,0.080
905500,0.030,0.868,0.102
906000,0.030,0.852,0.118
906500,0.030,0.850,0.120
907000,0.030,0.885,0.085
907500,0.030,0.864,0.106
908000,0.030,0.849,0.121
908500,0.030,0.813,0.157
909000,0.030,0.882,0.088
909500,0.030,0.871,0.099
910000,0.030,0.910,0.060
910500,0.030,0.883,0.087
911000,0.030,0.891,0.079
911500,0.030,0.912,0.058
912000,0.030,0.926,0.044
912500,0.030,0.884,0.086
913000,0.030,0.896,0.074
913500,0.030,0.911,0.059
914000,0.030,0.909,0.061
914500,0.030,0.894,0.076
915000,0.030,0.848,0.122
915500,0.030,0.861,0.109
916000,0.030,0.876,0.094
916500,0.030,0.876,0.094
917000,0.030,0.875,0.095
917500,0.030,0.891,0.079
918000,0.030,0.856,0.114
918500,0.030,0.894,0.076
919000,0.030,0.908,0.062
919500,0.030,0.884,0.086
920000,0.030,0.857,0.113
920500,0.030,0.888,0.082
921000,0.030,0.892,0.078
921500,0.030,0.851,0.119
922000,0.030,0.885,0.085
922500,0.030,0.903,0.067
923000,0.030,0.869,0.101
923500,0.030,0.887,0.083
924000,0.030,0.896,0.074
924500,0.030,0.892,0.078
925000,0.030,0.881,0.089
925500,0.030,0.863,0.107
926000,0.030,0.856,0.114
926500,0.030,0.835,0.135
927000,0.030,0.831,0.139
927500,0.030,0.867,0.103
928000,0.030,0.883,0.087
928500,0.030,0.885,0.085
929000,0.030,0.847,0.123
929500,0.030,0.865,0.105
930000,0.030,0.845,0.125
930500,0.030,0.905,0.065
931000,0.030,0.900,0.070
931500,0.030,0.928,0.042
932000,0.030,0.931,0.039
932500,0.030,0.864,0.106
933000,0.030,0.853,0.117
933500,0.030,0.869,0.101
934000,0.030,0.865,0.105
934500,0.030,0.859,0.111
935000,0.030,0.887,0.083
935500,0.030,0.866,0.104
936000,0.030,0.869,0.101
936500,0.030,0.864,0.106
937000,0.030,0.865,0.105
937500,0.030,0.876,0.094
938000,0.030,0.860,0.110
938500,0.030,0.883,0.087
939000,0.030,0.879,0.091
939500,0.030,0.897,0.073
940000,0.030,0.896,0.074
940500,0.030,0.901,0.069
941000,0.030,0.891,0.079
941500,0.030,0.907,0.063
942000,0.030,0.872,0.098
942500,0.030,0.862,0.108
943000,0.030,0.866,0.104
943500,0.030,0.901,0.069
944000,0.030,0.867,0.103
944500,0.030,0.873,0.097
945000,0.030,0.889,0.081
945500,0.030,0.826,0.144
946000,0.030,0.847,0.123
946500,0.030,0.874,0.096
947000,0.030,0.868,0.102
947500,0.030,0.871,0.099
948000,0.030,0.865,0.105
948500,0.030,0.907,0.063
949000,0.030,0.898,0.072
949500,0.030,0.909,0.061
950000,0.030,0.881,0.089
950500,0.030,0.857,0.113
951000,0.030,0.868,0.102
951500,0.030,0.906,0.064
952000,0.030,0.903,0.067
952500,0.030,0.896,0.074
953000,0.030,0.913,0.057
953500,0.030,0.900,0.070
954000,0.030,0.910,0.060
954500,0.030,0.861,0.109
955000,0.030,0.882,0.088
955500,0.030,0.860,0.110
956000,0.030,0.824,0.146
956500,0.030,0.853,0.117
957000,0.030,0.855,0.115
957500,0.030,0.820,0.150
958000,0.030,0.880,0.090
958500,0.030,0.870,0.100
959000,0.030,0.894,0.076
959500,0.030,0.886,0.084
960000,0.030,0.895,0.075
960500,0.030,0.855,0.115
961000,0.030,0.868,0.102
961500,0.030,0.913,0.057
962000,0.030,0.895,0.075
962500,0.030,0.882,0.088
963000,0.030,0.908,0.062
963500,0.030,0.924,0.046
964000,0.030,0.899,0.071
964500,0.030,0.900,0.070
965000,0.030,0.900,0.070
965500,0.030,0.891,0.079
966000,0.030,0.912,0.058
966500,0.030,0.899,0.071
967000,0.030,0.902,0.068
967500,0.030,0.870,0.100
968000,0.030,0.882,0.088
968500,0.030,0.883,0.087
969000,0.030,0.891,0.079
969500,0.030,0.891,0.079
970000,0.030,0.883,0.087
970500,0.030,0.868,0.102
971000,0.030,0.866,0.104
971500,0.030,0.865,0.105
972000,0.030,0.866,0.104
972500,0.030,0.892,0.078
973000,0.030,0.868,0.102
973500,0.030,0.867,0.103
974000,0.030,0.836,0.134
974500,0.030,0.864,0.106
975000,0.030,0.868,0.102
975500,0.030,0.884,0.086
976000,0.030,0.873,0.097
976500,0.030,0.895,0.075
977000,0.030,0.861,0.109
977500,0.030,0.887,0.083
978000,0.030,0.928,0.042
978500,0.030,0.840,0.130
979000,0.030,0.837,0.133
979500,0.030,0.811,0.159
980000,0.030,0.854,0.116
980500,0.030,0.866,0.104
981000,0.030,0.869,0.101
981500,0.030,0.889,0.081
982000,0.030,0.848,0.122
982500,0.030,0.829,0.141
983000,0.030,0.839,0.131
983500,0.030,0.876,0.094
984000,0.030,0.924,0.046
984500,0.030,0.837,0.133
985000,0.030,0.863,0.107
985500,0.030,0.870,0.100
986000,0.030,0.913,0.057
986500,0.030,0.933,0.037
987000,0.030,0.880,0.090
987500,0.030,0.854,0.116
988000,0.030,0.856,0.114
988500,0.030,0.894,0.076
989000,0.030,0.900,0.070
989500,0.030,0.864,0.106
990000,0.030,0.837,0.133
990500,0.030,0.883,0.087
991000,0.030,0.851,0.119
991500,0.030,0.848,0.122
992000,0.030,0.895,0.075
992500,0.030,0.869,0.101
993000,0.030,0.872,0.098
993500,0.030,0.918,0.052
994000,0.030,0.922,0.048
994500,0.030,0.915,0.055
995000,0.030,0.868,0.102
995500,0.030,0.893,0.077
996000,0.030,0.908,0.062
996500,0.030,0.857,0.113
997000,0.030,0.862,0.108
997500,0.030,0.844,0.126
998000,0.030,0.860,0.110
998500,0.030,0.869,0.101
999000,0.030,0.863,0.107
999500,0.030,0.824,0.146
1000000,0.030,0.888,0.082
