time,n_A+p,n_B,n_AB
100,0.030,0.966,0.004
200,0.030,0.960,0.010
300,0.030,0.952,0.018
400,0.030,0.944,0.027
500,0.032,0.925,0.043
600,0.032,0.912,0.056
700,0.031,0.905,0.064
800,0.030,0.902,0.068
900,0.030,0.894,0.077
1000,0.031,0.869,0.100
1100,0.030,0.873,0.097
1200,0.030,0.866,0.104
1300,0.032,0.855,0.113
1400,0.031,0.830,0.139
1500,0.032,0.823,0.145
1600,0.032,0.811,0.157
1700,0.033,0.804,0.163
1800,0.034,0.798,0.169
1900,0.036,0.790,0.175
2000,0.036,0.774,0.190
2100,0.036,0.773,0.191
2200,0.033,0.760,0.207
2300,0.032,0.745,0.224
2400,0.032,0.739,0.230
2500,0.030,0.733,0.237
2600,0.033,0.718,0.249
2700,0.036,0.705,0.259
2800,0.036,0.698,0.267
2900,0.038,0.666,0.296
3000,0.038,0.661,0.301
3100,0.043,0.657,0.300
3200,0.045,0.657,0.298
3300,0.048,0.649,0.303
3400,0.048,0.644,0.308
3500,0.057,0.628,0.315
3600,0.054,0.625,0.321
3700,0.054,0.618,0.328
3800,0.056,0.608,0.336
3900,0.059,0.600,0.341
4000,0.061,0.593,0.345
4100,0.065,0.577,0.358
4200,0.063,0.578,0.359
4300,0.058,0.569,0.373
4400,0.070,0.557,0.373
4500,0.066,0.557,0.377
4600,0.068,0.547,0.384
4700,0.068,0.537,0.394
4800,0.070,0.533,0.396
4900,0.076,0.523,0.401
5000,0.086,0.526,0.388
5100,0.088,0.518,0.394
5200,0.084,0.516,0.400
5300,0.088,0.511,0.401
5400,0.088,0.515,0.397
5500,0.085,0.510,0.406
5600,0.089,0.511,0.400
5700,0.086,0.508,0.407
5800,0.085,0.503,0.413
5900,0.083,0.499,0.418
6000,0.088,0.498,0.414
6100,0.084,0.493,0.423
6200,0.089,0.489,0.422
6300,0.100,0.485,0.415
6400,0.098,0.486,0.416
6500,0.089,0.476,0.435
6600,0.084,0.484,0.432
6700,0.080,0.475,0.445
6800,0.083,0.475,0.442
6900,0.084,0.470,0.446
7000,0.093,0.468,0.439
7100,0.090,0.476,0.434
7200,0.086,0.475,0.439
7300,0.089,0.470,0.441
7400,0.088,0.468,0.444
7500,0.095,0.464,0.441
7600,0.095,0.458,0.447
7700,0.090,0.447,0.463
7800,0.097,0.440,0.463
7900,0.101,0.437,0.462
8000,0.096,0.449,0.455
8100,0.089,0.450,0.461
8200,0.088,0.448,0.464
8300,0.087,0.441,0.472
8400,0.085,0.445,0.470
8500,0.083,0.441,0.476
8600,0.089,0.436,0.475
8700,0.087,0.431,0.482
8800,0.083,0.432,0.485
8900,0.094,0.425,0.481
9000,0.100,0.447,0.453
9100,0.103,0.443,0.454
9200,0.103,0.442,0.455
9300,0.099,0.438,0.463
9400,0.101,0.430,0.469
9500,0.112,0.427,0.461
9600,0.104,0.430,0.466
9700,0.102,0.428,0.470
9800,0.096,0.426,0.478
9900,0.097,0.422,0.481
10000,0.108,0.422,0.470
10100,0.106,0.421,0.473
10200,0.103,0.415,0.482
10300,0.099,0.414,0.487
10400,0.116,0.409,0.475
10500,0.116,0.401,0.482
10600,0.121,0.401,0.478
10700,0.128,0.402,0.470
10800,0.125,0.399,0.476
10900,0.109,0.396,0.494
11000,0.102,0.404,0.493
11100,0.103,0.403,0.493
11200,0.107,0.407,0.486
11300,0.120,0.404,0.476
11400,0.110,0.407,0.483
11500,0.110,0.402,0.487
11600,0.105,0.409,0.486
11700,0.100,0.400,0.499
11800,0.109,0.400,0.490
11900,0.103,0.401,0.495
12000,0.099,0.401,0.499
12100,0.102,0.391,0.507
12200,0.104,0.390,0.506
12300,0.106,0.387,0.507
12400,0.110,0.392,0.497
12500,0.107,0.384,0.509
12600,0.121,0.384,0.495
12700,0.123,0.380,0.497
12800,0.126,0.374,0.501
12900,0.123,0.374,0.504
13000,0.121,0.373,0.507
13100,0.128,0.372,0.501
13200,0.130,0.370,0.501
13300,0.128,0.363,0.510
13400,0.122,0.362,0.517
13500,0.118,0.358,0.524
13600,0.107,0.362,0.531
13700,0.109,0.363,0.528
13800,0.108,0.369,0.523
13900,0.103,0.368,0.529
14000,0.106,0.365,0.529
14100,0.102,0.361,0.537
14200,0.102,0.362,0.536
14300,0.099,0.350,0.551
14400,0.105,0.344,0.551
14500,0.116,0.342,0.541
14600,0.116,0.349,0.534
14700,0.120,0.354,0.526
14800,0.121,0.353,0.526
14900,0.121,0.343,0.536
15000,0.116,0.346,0.537
15100,0.126,0.341,0.533
15200,0.130,0.337,0.533
15300,0.121,0.330,0.550
15400,0.118,0.337,0.544
15500,0.117,0.335,0.547
15600,0.115,0.337,0.547
15700,0.121,0.337,0.542
15800,0.125,0.339,0.536
15900,0.126,0.337,0.537
16000,0.125,0.338,0.537
16100,0.123,0.344,0.533
16200,0.123,0.346,0.531
16300,0.111,0.344,0.544
16400,0.114,0.340,0.545
16500,0.126,0.343,0.531
16600,0.123,0.341,0.536
16700,0.120,0.339,0.541
16800,0.121,0.332,0.547
16900,0.124,0.334,0.542
17000,0.124,0.337,0.539
17100,0.112,0.342,0.545
17200,0.109,0.336,0.555
17300,0.116,0.334,0.550
17400,0.113,0.336,0.551
17500,0.113,0.341,0.545
17600,0.115,0.342,0.542
17700,0.113,0.347,0.539
17800,0.109,0.338,0.553
17900,0.117,0.335,0.547
18000,0.116,0.337,0.546
18100,0.117,0.338,0.544
18200,0.111,0.344,0.544
18300,0.110,0.337,0.553
18400,0.112,0.338,0.550
18500,0.116,0.337,0.546
18600,0.116,0.337,0.546
18700,0.112,0.333,0.555
18800,0.114,0.332,0.554
18900,0.112,0.334,0.554
19000,0.111,0.335,0.554
19100,0.107,0.346,0.546
19200,0.104,0.344,0.552
19300,0.102,0.343,0.555
19400,0.108,0.335,0.557
19500,0.114,0.335,0.551
19600,0.115,0.331,0.554
19700,0.121,0.325,0.555
19800,0.124,0.321,0.556
19900,0.121,0.322,0.558
20000,0.117,0.324,0.559
20100,0.121,0.326,0.554
20200,0.122,0.324,0.555
20300,0.121,0.325,0.555
20400,0.125,0.317,0.559
20500,0.125,0.316,0.560
20600,0.128,0.315,0.558
20700,0.137,0.314,0.550
20800,0.128,0.320,0.553
20900,0.128,0.318,0.555
21000,0.122,0.321,0.558
21100,0.120,0.319,0.562
21200,0.126,0.320,0.555
21300,0.131,0.320,0.550
21400,0.123,0.321,0.557
21500,0.125,0.319,0.557
21600,0.122,0.325,0.554
21700,0.124,0.319,0.558
21800,0.122,0.319,0.560
21900,0.128,0.330,0.542
22000,0.130,0.326,0.544
22100,0.132,0.323,0.545
22200,0.131,0.320,0.550
22300,0.131,0.311,0.559
22400,0.143,0.313,0.544
22500,0.139,0.308,0.553
22600,0.125,0.305,0.570
22700,0.121,0.304,0.575
22800,0.116,0.317,0.567
22900,0.118,0.312,0.570
23000,0.120,0.313,0.568
23100,0.109,0.309,0.581
23200,0.114,0.302,0.583
23300,0.110,0.302,0.587
23400,0.100,0.304,0.596
23500,0.101,0.298,0.601
23600,0.102,0.299,0.599
23700,0.099,0.298,0.603
23800,0.095,0.294,0.611
23900,0.098,0.294,0.608
24000,0.099,0.289,0.612
24100,0.095,0.285,0.620
24200,0.090,0.290,0.620
24300,0.088,0.295,0.617
24400,0.090,0.298,0.612
24500,0.088,0.289,0.623
24600,0.087,0.283,0.630
24700,0.093,0.276,0.631
24800,0.097,0.279,0.624
24900,0.094,0.280,0.626
25000,0.094,0.284,0.622
25100,0.092,0.289,0.619
25200,0.091,0.296,0.613
25300,0.091,0.294,0.615
25400,0.098,0.293,0.609
25500,0.103,0.291,0.606
25600,0.100,0.300,0.600
25700,0.100,0.290,0.610
25800,0.104,0.301,0.594
25900,0.104,0.306,0.589
26000,0.102,0.307,0.590
26100,0.109,0.304,0.586
26200,0.120,0.306,0.574
26300,0.128,0.303,0.569
26400,0.132,0.309,0.559
26500,0.125,0.300,0.575
26600,0.118,0.294,0.587
26700,0.115,0.287,0.598
26800,0.126,0.295,0.579
26900,0.132,0.297,0.571
27000,0.129,0.289,0.582
27100,0.137,0.289,0.574
27200,0.135,0.287,0.578
27300,0.130,0.289,0.581
27400,0.133,0.292,0.575
27500,0.127,0.287,0.586
27600,0.126,0.292,0.582
27700,0.118,0.289,0.592
27800,0.121,0.290,0.589
27900,0.115,0.288,0.597
28000,0.114,0.286,0.600
28100,0.116,0.287,0.597
28200,0.110,0.286,0.604
28300,0.114,0.280,0.606
28400,0.115,0.281,0.604
28500,0.104,0.283,0.613
28600,0.105,0.290,0.605
28700,0.109,0.300,0.590
28800,0.108,0.298,0.593
28900,0.113,0.293,0.593
29000,0.123,0.291,0.586
29100,0.127,0.281,0.592
29200,0.121,0.278,0.602
29300,0.120,0.276,0.605
29400,0.117,0.276,0.607
29500,0.137,0.294,0.569
29600,0.129,0.293,0.578
29700,0.122,0.295,0.583
29800,0.133,0.295,0.572
29900,0.127,0.293,0.580
30000,0.126,0.287,0.587
30100,0.133,0.288,0.579
30200,0.134,0.289,0.577
30300,0.140,0.288,0.572
30400,0.149,0.294,0.557
30500,0.144,0.297,0.559
30600,0.141,0.298,0.561
30700,0.133,0.302,0.565
30800,0.132,0.307,0.561
30900,0.125,0.302,0.573
31000,0.128,0.299,0.573
31100,0.121,0.293,0.586
31200,0.125,0.299,0.576
31300,0.130,0.293,0.577
31400,0.131,0.290,0.579
31500,0.127,0.287,0.586
31600,0.134,0.283,0.583
31700,0.129,0.284,0.587
31800,0.132,0.278,0.590
31900,0.131,0.286,0.583
32000,0.134,0.287,0.579
32100,0.132,0.283,0.585
32200,0.146,0.286,0.568
32300,0.148,0.288,0.564
32400,0.144,0.286,0.570
32500,0.146,0.281,0.573
32600,0.136,0.278,0.586
32700,0.133,0.277,0.590
32800,0.137,0.280,0.583
32900,0.136,0.286,0.578
33000,0.134,0.285,0.581
33100,0.126,0.280,0.594
33200,0.125,0.275,0.601
33300,0.123,0.278,0.600
33400,0.122,0.275,0.604
33500,0.127,0.274,0.600
33600,0.128,0.267,0.606
33700,0.132,0.270,0.599
33800,0.123,0.268,0.610
33900,0.120,0.265,0.616
34000,0.124,0.276,0.601
34100,0.121,0.278,0.602
34200,0.127,0.276,0.598
34300,0.131,0.279,0.590
34400,0.131,0.274,0.596
34500,0.121,0.272,0.608
34600,0.111,0.269,0.620
34700,0.107,0.273,0.620
34800,0.103,0.281,0.616
34900,0.105,0.287,0.608
35000,0.116,0.274,0.610
35100,0.107,0.278,0.615
35200,0.103,0.274,0.623
35300,0.099,0.278,0.623
35400,0.104,0.284,0.612
35500,0.113,0.291,0.596
35600,0.127,0.297,0.576
35700,0.129,0.293,0.578
35800,0.133,0.295,0.572
35900,0.136,0.294,0.570
36000,0.132,0.290,0.578
36100,0.130,0.275,0.596
36200,0.134,0.277,0.589
36300,0.132,0.285,0.583
36400,0.132,0.282,0.586
36500,0.129,0.277,0.594
36600,0.131,0.270,0.600
36700,0.131,0.275,0.594
36800,0.131,0.269,0.601
36900,0.123,0.267,0.611
37000,0.116,0.264,0.620
37100,0.113,0.276,0.611
37200,0.124,0.267,0.610
37300,0.132,0.274,0.594
37400,0.124,0.272,0.605
37500,0.121,0.270,0.610
37600,0.125,0.272,0.604
37700,0.136,0.271,0.593
37800,0.136,0.270,0.594
37900,0.141,0.267,0.592
38000,0.136,0.270,0.594
38100,0.141,0.261,0.598
38200,0.148,0.267,0.585
38300,0.156,0.256,0.587
38400,0.147,0.258,0.594
38500,0.153,0.260,0.586
38600,0.158,0.258,0.583
38700,0.152,0.252,0.596
38800,0.143,0.250,0.607
38900,0.141,0.248,0.611
39000,0.142,0.254,0.604
39100,0.137,0.258,0.605
39200,0.136,0.255,0.609
39300,0.141,0.253,0.606
39400,0.147,0.250,0.603
39500,0.154,0.249,0.597
39600,0.158,0.250,0.591
39700,0.153,0.245,0.602
39800,0.155,0.242,0.603
39900,0.159,0.235,0.606
40000,0.157,0.232,0.611
40100,0.171,0.231,0.599
40200,0.177,0.231,0.592
40300,0.175,0.231,0.594
40400,0.173,0.225,0.603
40500,0.173,0.224,0.604
40600,0.170,0.223,0.608
40700,0.164,0.223,0.613
40800,0.161,0.221,0.618
40900,0.156,0.223,0.621
41000,0.166,0.223,0.611
41100,0.173,0.223,0.605
41200,0.171,0.218,0.612
41300,0.157,0.217,0.626
41400,0.161,0.219,0.620
41500,0.151,0.229,0.620
41600,0.165,0.236,0.599
41700,0.169,0.233,0.599
41800,0.170,0.237,0.593
41900,0.165,0.239,0.596
42000,0.154,0.236,0.610
42100,0.152,0.238,0.610
42200,0.154,0.241,0.605
42300,0.158,0.243,0.599
42400,0.155,0.235,0.610
42500,0.163,0.239,0.598
42600,0.165,0.238,0.597
42700,0.154,0.231,0.615
42800,0.161,0.222,0.617
42900,0.165,0.225,0.610
43000,0.161,0.227,0.612
43100,0.154,0.232,0.614
43200,0.150,0.232,0.618
43300,0.146,0.240,0.614
43400,0.143,0.238,0.619
43500,0.137,0.231,0.632
43600,0.147,0.229,0.624
43700,0.151,0.228,0.621
43800,0.165,0.227,0.608
43900,0.164,0.232,0.604
44000,0.170,0.232,0.599
44100,0.159,0.236,0.605
44200,0.159,0.242,0.599
44300,0.165,0.244,0.590
44400,0.162,0.243,0.594
44500,0.161,0.247,0.591
44600,0.157,0.248,0.594
44700,0.157,0.254,0.588
44800,0.163,0.253,0.583
44900,0.160,0.256,0.583
45000,0.151,0.256,0.592
45100,0.142,0.261,0.597
45200,0.142,0.257,0.601
45300,0.141,0.273,0.586
45400,0.143,0.270,0.587
45500,0.131,0.270,0.600
45600,0.128,0.270,0.603
45700,0.132,0.276,0.592
45800,0.131,0.272,0.598
45900,0.133,0.273,0.594
46000,0.134,0.271,0.596
46100,0.132,0.271,0.598
46200,0.136,0.271,0.593
46300,0.132,0.264,0.605
46400,0.134,0.265,0.602
46500,0.136,0.271,0.593
46600,0.133,0.275,0.592
46700,0.132,0.277,0.591
46800,0.134,0.273,0.593
46900,0.133,0.271,0.597
47000,0.140,0.264,0.597
47100,0.141,0.261,0.598
47200,0.142,0.260,0.598
47300,0.134,0.263,0.604
47400,0.129,0.270,0.602
47500,0.124,0.276,0.601
47600,0.115,0.272,0.613
47700,0.115,0.266,0.619
47800,0.116,0.264,0.620
47900,0.131,0.269,0.601
48000,0.142,0.263,0.596
48100,0.135,0.258,0.607
48200,0.129,0.251,0.620
48300,0.125,0.243,0.632
48400,0.124,0.247,0.629
48500,0.120,0.254,0.626
48600,0.129,0.251,0.620
48700,0.128,0.254,0.618
48800,0.132,0.261,0.607
48900,0.135,0.266,0.600
49000,0.130,0.266,0.605
49100,0.122,0.255,0.623
49200,0.118,0.258,0.623
49300,0.110,0.249,0.640
49400,0.113,0.242,0.645
49500,0.111,0.244,0.645
49600,0.112,0.247,0.640
49700,0.110,0.241,0.649
49800,0.133,0.234,0.633
49900,0.136,0.241,0.623
50000,0.128,0.242,0.630
50100,0.131,0.243,0.626
50200,0.127,0.250,0.623
50300,0.126,0.253,0.621
50400,0.121,0.263,0.617
50500,0.117,0.261,0.621
50600,0.113,0.265,0.622
50700,0.115,0.250,0.634
50800,0.122,0.248,0.630
50900,0.114,0.253,0.632
51000,0.124,0.250,0.626
51100,0.124,0.249,0.627
51200,0.128,0.248,0.624
51300,0.128,0.239,0.633
51400,0.134,0.241,0.625
51500,0.129,0.234,0.637
51600,0.133,0.234,0.633
51700,0.133,0.234,0.633
51800,0.128,0.228,0.645
51900,0.129,0.233,0.638
52000,0.129,0.230,0.641
52100,0.133,0.230,0.637
52200,0.134,0.231,0.635
52300,0.132,0.234,0.634
52400,0.149,0.231,0.620
52500,0.151,0.238,0.611
52600,0.158,0.233,0.609
52700,0.155,0.234,0.611
52800,0.154,0.244,0.602
52900,0.146,0.239,0.615
53000,0.141,0.244,0.615
53100,0.132,0.242,0.626
53200,0.132,0.243,0.625
53300,0.122,0.249,0.629
53400,0.121,0.247,0.632
53500,0.115,0.247,0.637
53600,0.116,0.247,0.636
53700,0.117,0.240,0.642
53800,0.115,0.241,0.644
53900,0.120,0.236,0.645
54000,0.121,0.236,0.644
54100,0.127,0.235,0.638
54200,0.151,0.232,0.617
54300,0.145,0.227,0.628
54400,0.127,0.225,0.649
54500,0.122,0.226,0.653
54600,0.120,0.227,0.654
54700,0.134,0.225,0.641
54800,0.140,0.222,0.638
54900,0.143,0.217,0.640
55000,0.139,0.221,0.640
55100,0.130,0.223,0.648
55200,0.129,0.229,0.642
55300,0.138,0.229,0.633
55400,0.132,0.230,0.638
55500,0.132,0.237,0.631
55600,0.135,0.236,0.629
55700,0.140,0.230,0.630
55800,0.142,0.232,0.626
55900,0.141,0.235,0.624
56000,0.144,0.235,0.621
56100,0.143,0.231,0.626
56200,0.138,0.240,0.622
56300,0.136,0.237,0.627
56400,0.138,0.231,0.631
56500,0.131,0.236,0.633
56600,0.132,0.226,0.642
56700,0.139,0.216,0.646
56800,0.133,0.213,0.654
56900,0.143,0.210,0.647
57000,0.141,0.207,0.652
57100,0.137,0.209,0.654
57200,0.132,0.208,0.660
57300,0.136,0.203,0.661
57400,0.138,0.206,0.656
57500,0.144,0.203,0.653
57600,0.146,0.202,0.652
57700,0.141,0.201,0.658
57800,0.137,0.204,0.659
57900,0.139,0.204,0.657
58000,0.144,0.203,0.653
58100,0.139,0.207,0.654
58200,0.144,0.200,0.656
58300,0.140,0.211,0.649
58400,0.143,0.218,0.639
58500,0.137,0.219,0.645
58600,0.130,0.217,0.654
58700,0.133,0.222,0.646
58800,0.126,0.227,0.648
58900,0.118,0.226,0.656
59000,0.129,0.227,0.645
59100,0.124,0.229,0.648
59200,0.126,0.228,0.647
59300,0.128,0.227,0.646
59400,0.123,0.224,0.654
59500,0.126,0.224,0.651
59600,0.130,0.221,0.650
59700,0.134,0.221,0.646
59800,0.129,0.215,0.657
59900,0.135,0.212,0.653
60000,0.142,0.213,0.645
60100,0.140,0.211,0.649
60200,0.135,0.209,0.656
60300,0.136,0.211,0.653
60400,0.139,0.215,0.647
60500,0.134,0.213,0.653
60600,0.129,0.220,0.652
60700,0.131,0.220,0.650
60800,0.121,0.211,0.668
60900,0.114,0.212,0.673
61000,0.113,0.207,0.679
61100,0.112,0.220,0.668
61200,0.113,0.224,0.663
61300,0.113,0.222,0.665
61400,0.106,0.222,0.672
61500,0.107,0.229,0.664
61600,0.129,0.229,0.642
61700,0.126,0.234,0.640
61800,0.126,0.233,0.641
61900,0.131,0.230,0.639
62000,0.131,0.227,0.642
62100,0.130,0.228,0.642
62200,0.123,0.224,0.654
62300,0.125,0.210,0.665
62400,0.123,0.209,0.668
62500,0.125,0.212,0.663
62600,0.118,0.212,0.669
62700,0.114,0.213,0.672
62800,0.133,0.218,0.650
62900,0.133,0.234,0.633
63000,0.123,0.227,0.651
63100,0.124,0.225,0.652
63200,0.122,0.221,0.658
63300,0.125,0.222,0.654
63400,0.124,0.223,0.654
63500,0.113,0.232,0.655
63600,0.110,0.224,0.666
63700,0.110,0.222,0.668
63800,0.108,0.225,0.667
63900,0.115,0.225,0.660
64000,0.107,0.210,0.682
64100,0.114,0.216,0.670
64200,0.115,0.216,0.669
64300,0.115,0.215,0.670
64400,0.120,0.218,0.663
64500,0.122,0.217,0.662
64600,0.116,0.213,0.670
64700,0.112,0.219,0.669
64800,0.113,0.221,0.666
64900,0.109,0.217,0.674
65000,0.110,0.221,0.669
65100,0.110,0.222,0.668
65200,0.110,0.224,0.666
65300,0.110,0.226,0.664
65400,0.120,0.232,0.649
65500,0.128,0.222,0.651
65600,0.142,0.225,0.633
65700,0.129,0.225,0.647
65800,0.131,0.224,0.646
65900,0.132,0.224,0.645
66000,0.135,0.225,0.640
66100,0.127,0.217,0.657
66200,0.125,0.211,0.664
66300,0.124,0.211,0.665
66400,0.125,0.208,0.667
66500,0.116,0.204,0.679
66600,0.121,0.203,0.676
66700,0.127,0.204,0.669
66800,0.124,0.203,0.673
66900,0.118,0.207,0.674
67000,0.135,0.205,0.660
67100,0.143,0.204,0.653
67200,0.149,0.200,0.651
67300,0.146,0.203,0.651
67400,0.145,0.203,0.652
67500,0.142,0.202,0.656
67600,0.143,0.203,0.654
67700,0.137,0.200,0.663
67800,0.142,0.203,0.655
67900,0.144,0.210,0.646
68000,0.146,0.221,0.633
68100,0.141,0.211,0.648
68200,0.143,0.216,0.641
68300,0.144,0.217,0.639
68400,0.147,0.212,0.640
68500,0.145,0.203,0.652
68600,0.139,0.209,0.652
68700,0.152,0.205,0.642
68800,0.151,0.201,0.648
68900,0.151,0.199,0.650
69000,0.141,0.202,0.657
69100,0.163,0.205,0.631
69200,0.158,0.197,0.645
69300,0.163,0.194,0.642
69400,0.156,0.194,0.650
69500,0.151,0.197,0.652
69600,0.166,0.195,0.638
69700,0.162,0.197,0.640
69800,0.160,0.195,0.645
69900,0.163,0.189,0.648
70000,0.158,0.199,0.642
70100,0.161,0.201,0.637
70200,0.160,0.203,0.636
70300,0.161,0.206,0.632
70400,0.164,0.204,0.631
70500,0.156,0.206,0.637
70600,0.155,0.205,0.639
70700,0.148,0.207,0.645
70800,0.143,0.209,0.648
70900,0.143,0.215,0.642
71000,0.149,0.208,0.642
71100,0.140,0.209,0.651
71200,0.136,0.209,0.655
71300,0.138,0.207,0.655
71400,0.140,0.211,0.649
71500,0.134,0.213,0.653
71600,0.142,0.211,0.647
71700,0.141,0.209,0.650
71800,0.141,0.216,0.644
71900,0.148,0.208,0.644
72000,0.147,0.207,0.646
72100,0.148,0.205,0.647
72200,0.150,0.207,0.642
72300,0.156,0.209,0.634
72400,0.159,0.204,0.636
72500,0.163,0.201,0.635
72600,0.158,0.202,0.639
72700,0.161,0.207,0.631
72800,0.160,0.208,0.631
72900,0.154,0.201,0.645
73000,0.163,0.203,0.633
73100,0.165,0.202,0.632
73200,0.153,0.197,0.650
73300,0.145,0.195,0.660
73400,0.148,0.205,0.647
73500,0.142,0.210,0.648
73600,0.138,0.200,0.662
73700,0.138,0.196,0.666
73800,0.132,0.194,0.674
73900,0.136,0.196,0.668
74000,0.146,0.193,0.661
74100,0.145,0.189,0.666
74200,0.146,0.195,0.659
74300,0.144,0.192,0.664
74400,0.141,0.197,0.662
74500,0.138,0.205,0.657
74600,0.134,0.205,0.661
74700,0.141,0.201,0.658
74800,0.129,0.200,0.671
74900,0.134,0.202,0.664
75000,0.140,0.208,0.652
75100,0.140,0.216,0.645
75200,0.140,0.208,0.652
75300,0.136,0.207,0.657
75400,0.141,0.204,0.655
75500,0.143,0.202,0.655
75600,0.147,0.203,0.650
75700,0.135,0.206,0.659
75800,0.142,0.201,0.657
75900,0.141,0.200,0.659
76000,0.133,0.201,0.666
76100,0.128,0.206,0.666
76200,0.127,0.206,0.667
76300,0.130,0.211,0.659
76400,0.130,0.209,0.661
76500,0.136,0.208,0.656
76600,0.144,0.200,0.656
76700,0.137,0.213,0.650
76800,0.138,0.208,0.654
76900,0.146,0.204,0.650
77000,0.135,0.206,0.659
77100,0.132,0.205,0.663
77200,0.127,0.206,0.667
77300,0.131,0.207,0.662
77400,0.127,0.201,0.672
77500,0.123,0.206,0.671
77600,0.122,0.201,0.677
77700,0.121,0.198,0.681
77800,0.112,0.201,0.686
77900,0.118,0.211,0.670
78000,0.112,0.208,0.679
78100,0.121,0.209,0.670
78200,0.120,0.205,0.675
78300,0.122,0.209,0.669
78400,0.127,0.207,0.666
78500,0.123,0.205,0.672
78600,0.130,0.203,0.667
78700,0.122,0.203,0.675
78800,0.124,0.199,0.677
78900,0.132,0.205,0.663
79000,0.137,0.204,0.659
79100,0.147,0.203,0.650
79200,0.134,0.203,0.663
79300,0.141,0.199,0.660
79400,0.140,0.198,0.662
79500,0.135,0.197,0.668
79600,0.133,0.192,0.675
79700,0.133,0.195,0.672
79800,0.134,0.195,0.671
79900,0.131,0.200,0.669
80000,0.133,0.198,0.669
80100,0.136,0.199,0.665
80200,0.136,0.196,0.668
80300,0.134,0.201,0.665
80400,0.133,0.200,0.667
80500,0.141,0.202,0.657
80600,0.137,0.196,0.667
80700,0.136,0.194,0.670
80800,0.131,0.190,0.679
80900,0.127,0.186,0.687
81000,0.123,0.182,0.696
81100,0.122,0.195,0.683
81200,0.128,0.188,0.684
81300,0.138,0.191,0.671
81400,0.136,0.188,0.676
81500,0.136,0.187,0.677
81600,0.146,0.187,0.667
81700,0.132,0.187,0.681
81800,0.128,0.184,0.688
81900,0.123,0.181,0.697
82000,0.125,0.186,0.689
82100,0.134,0.199,0.667
82200,0.134,0.187,0.679
82300,0.132,0.184,0.684
82400,0.132,0.186,0.682
82500,0.132,0.191,0.677
82600,0.136,0.191,0.673
82700,0.136,0.184,0.680
82800,0.133,0.181,0.686
82900,0.131,0.179,0.691
83000,0.137,0.179,0.684
83100,0.144,0.183,0.673
83200,0.131,0.181,0.688
83300,0.127,0.183,0.691
83400,0.134,0.183,0.683
83500,0.131,0.187,0.682
83600,0.129,0.188,0.683
83700,0.126,0.187,0.687
83800,0.125,0.188,0.687
83900,0.130,0.193,0.677
84000,0.126,0.192,0.682
84100,0.130,0.199,0.671
84200,0.131,0.198,0.671
84300,0.126,0.199,0.675
84400,0.129,0.199,0.672
84500,0.127,0.191,0.682
84600,0.127,0.195,0.678
84700,0.124,0.194,0.682
84800,0.117,0.197,0.685
84900,0.123,0.200,0.677
85000,0.122,0.209,0.669
85100,0.124,0.206,0.670
85200,0.122,0.206,0.672
85300,0.116,0.204,0.679
85400,0.123,0.205,0.672
85500,0.127,0.206,0.667
85600,0.131,0.198,0.671
85700,0.143,0.197,0.660
85800,0.141,0.198,0.661
85900,0.135,0.197,0.668
86000,0.132,0.201,0.667
86100,0.132,0.198,0.670
86200,0.131,0.199,0.670
86300,0.124,0.193,0.683
86400,0.118,0.191,0.691
86500,0.120,0.192,0.688
86600,0.111,0.195,0.694
86700,0.108,0.191,0.701
86800,0.111,0.189,0.700
86900,0.133,0.184,0.683
87000,0.132,0.185,0.683
87100,0.134,0.183,0.683
87200,0.137,0.183,0.680
87300,0.140,0.183,0.677
87400,0.135,0.181,0.684
87500,0.155,0.178,0.667
87600,0.154,0.184,0.662
87700,0.164,0.180,0.656
87800,0.163,0.178,0.659
87900,0.159,0.177,0.664
88000,0.165,0.180,0.655
88100,0.159,0.175,0.666
88200,0.161,0.180,0.659
88300,0.165,0.181,0.654
88400,0.163,0.180,0.657
88500,0.168,0.179,0.654
88600,0.160,0.176,0.664
88700,0.152,0.178,0.670
88800,0.146,0.181,0.673
88900,0.143,0.181,0.676
89000,0.142,0.191,0.667
89100,0.149,0.194,0.657
89200,0.159,0.193,0.648
89300,0.176,0.190,0.634
89400,0.186,0.186,0.628
89500,0.186,0.185,0.629
89600,0.186,0.183,0.631
89700,0.182,0.186,0.632
89800,0.164,0.192,0.644
89900,0.158,0.188,0.654
90000,0.163,0.182,0.655
90100,0.171,0.184,0.646
90200,0.165,0.181,0.654
90300,0.165,0.193,0.641
90400,0.159,0.200,0.640
90500,0.160,0.197,0.642
90600,0.147,0.195,0.658
90700,0.147,0.184,0.669
90800,0.141,0.188,0.671
90900,0.133,0.189,0.678
91000,0.135,0.193,0.672
91100,0.135,0.190,0.675
91200,0.130,0.197,0.673
91300,0.128,0.197,0.675
91400,0.129,0.201,0.670
91500,0.124,0.204,0.672
91600,0.123,0.200,0.677
91700,0.127,0.202,0.671
91800,0.128,0.205,0.667
91900,0.130,0.203,0.667
92000,0.125,0.202,0.673
92100,0.117,0.209,0.673
92200,0.115,0.201,0.683
92300,0.106,0.200,0.694
92400,0.118,0.196,0.685
92500,0.113,0.208,0.678
92600,0.112,0.204,0.683
92700,0.112,0.210,0.677
92800,0.114,0.204,0.681
92900,0.107,0.201,0.692
93000,0.106,0.204,0.689
93100,0.109,0.205,0.685
93200,0.107,0.202,0.691
93300,0.108,0.199,0.693
93400,0.103,0.189,0.708
93500,0.105,0.210,0.684
93600,0.112,0.211,0.676
93700,0.118,0.212,0.669
93800,0.117,0.207,0.675
93900,0.115,0.208,0.676
94000,0.126,0.200,0.674
94100,0.124,0.194,0.682
94200,0.127,0.192,0.681
94300,0.130,0.193,0.677
94400,0.132,0.192,0.676
94500,0.135,0.201,0.664
94600,0.128,0.206,0.666
94700,0.123,0.209,0.668
94800,0.134,0.199,0.667
94900,0.132,0.199,0.669
95000,0.125,0.192,0.683
95100,0.117,0.193,0.689
95200,0.116,0.199,0.684
95300,0.121,0.197,0.682
95400,0.120,0.200,0.680
95500,0.112,0.199,0.688
95600,0.121,0.192,0.687
95700,0.122,0.196,0.682
95800,0.125,0.198,0.677
95900,0.117,0.198,0.684
96000,0.115,0.193,0.692
96100,0.116,0.186,0.698
96200,0.114,0.197,0.688
96300,0.112,0.183,0.705
96400,0.112,0.187,0.701
96500,0.109,0.189,0.702
96600,0.109,0.188,0.703
96700,0.109,0.185,0.706
96800,0.110,0.187,0.703
96900,0.111,0.185,0.704
97000,0.123,0.191,0.686
97100,0.135,0.187,0.678
97200,0.130,0.187,0.683
97300,0.121,0.185,0.695
97400,0.127,0.191,0.682
97500,0.130,0.195,0.675
97600,0.122,0.193,0.685
97700,0.123,0.197,0.680
97800,0.120,0.196,0.684
97900,0.120,0.195,0.685
98000,0.120,0.199,0.681
98100,0.113,0.187,0.700
98200,0.100,0.182,0.718
98300,0.103,0.182,0.715
98400,0.134,0.176,0.691
98500,0.125,0.175,0.701
98600,0.130,0.177,0.694
98700,0.133,0.178,0.689
98800,0.128,0.184,0.688
98900,0.127,0.180,0.694
99000,0.130,0.180,0.691
99100,0.132,0.182,0.686
99200,0.135,0.175,0.691
99300,0.120,0.179,0.702
99400,0.126,0.178,0.697
99500,0.133,0.179,0.688
99600,0.135,0.170,0.696
99700,0.141,0.171,0.688
99800,0.142,0.173,0.685
99900,0.127,0.174,0.700
100000,0.140,0.179,0.681
