time,n_A+p,n_B,n_AB
500,0.080,0.738,0.182
1000,0.084,0.632,0.284
1500,0.089,0.542,0.369
2000,0.083,0.549,0.368
2500,0.088,0.500,0.412
3000,0.095,0.443,0.462
3500,0.100,0.434,0.466
4000,0.107,0.418,0.475
4500,0.121,0.374,0.505
5000,0.109,0.386,0.505
5500,0.139,0.311,0.550
6000,0.150,0.308,0.542
6500,0.149,0.255,0.596
7000,0.136,0.313,0.551
7500,0.128,0.330,0.542
8000,0.133,0.352,0.515
8500,0.135,0.291,0.574
9000,0.199,0.228,0.573
9500,0.228,0.182,0.590
10000,0.259,0.157,0.584
10500,0.334,0.123,0.543
11000,0.482,0.033,0.485
11500,0.583,0.012,0.405
12000,0.691,0.002,0.307
12500,0.784,0.000,0.216
13000,0.850,0.000,0.150
13500,0.895,0.000,0.105
14000,0.919,0.000,0.081
14500,0.912,0.000,0.088
15000,0.932,0.000,0.068
15500,0.956,0.000,0.044
16000,0.956,0.000,0.044
16500,0.965,0.000,0.035
17000,0.974,0.000,0.026
17500,0.980,0.000,0.020
18000,0.976,0.000,0.024
18500,0.987,0.000,0.013
19000,0.987,0.000,0.013
19500,0.985,0.000,0.015
20000,0.986,0.000,0.014
20500,0.993,0.000,0.007
21000,0.998,0.000,0.002
21500,0.999,0.000,0.001
22000,1.000,0.000,0.000
