time,n_A+p,n_B,n_AB
0,0.450,0.550,0.000
500,0.309,0.446,0.245
1000,0.315,0.474,0.211
1500,0.263,0.495,0.242
2000,0.324,0.489,0.187
2500,0.281,0.514,0.205
3000,0.226,0.572,0.202
3500,0.235,0.587,0.177
4000,0.190,0.627,0.183
4500,0.113,0.722,0.165
5000,0.098,0.746,0.156
5500,0.067,0.813,0.119
6000,0.058,0.853,0.089
6500,0.040,0.890,0.070
7000,0.021,0.924,0.055
7500,0.012,0.963,0.024
8000,0.009,0.969,0.021
8500,0.000,0.976,0.024
9000,0.000,0.997,0.003
9500,0.000,1.000,0.000
