time,n_A+p,n_B,n_AB
500,0.030,0.338,0.632
1000,0.030,0.288,0.682
1500,0.030,0.323,0.647
2000,0.030,0.335,0.635
2500,0.030,0.342,0.628
3000,0.030,0.342,0.628
3500,0.030,0.271,0.699
4000,0.030,0.349,0.621
4500,0.030,0.232,0.738
5000,0.030,0.382,0.588
5500,0.030,0.283,0.687
6000,0.030,0.306,0.664
6500,0.030,0.279,0.691
7000,0.030,0.335,0.635
7500,0.030,0.429,0.541
8000,0.030,0.406,0.564
8500,0.030,0.311,0.659
9000,0.030,0.351,0.619
9500,0.030,0.194,0.776
10000,0.034,0.251,0.715
10500,0.030,0.392,0.578
11000,0.030,0.451,0.519
11500,0.030,0.274,0.696
12000,0.030,0.422,0.548
12500,0.030,0.336,0.634
13000,0.030,0.288,0.682
13500,0.030,0.260,0.710
14000,0.030,0.321,0.649
14500,0.044,0.137,0.819
15000,0.030,0.246,0.724
15500,0.030,0.319,0.651
16000,0.030,0.204,0.766
16500,0.031,0.195,0.774
17000,0.030,0.216,0.754
17500,0.030,0.275,0.695
18000,0.030,0.398,0.572
18500,0.030,0.185,0.785
19000,0.030,0.428,0.542
19500,0.030,0.364,0.606
20000,0.030,0.296,0.674
20500,0.030,0.227,0.743
21000,0.030,0.301,0.669
21500,0.030,0.177,0.793
22000,0.030,0.347,0.623
22500,0.030,0.209,0.761
23000,0.030,0.460,0.510
23500,0.030,0.271,0.699
24000,0.030,0.232,0.738
24500,0.030,0.273,0.697
25000,0.030,0.362,0.608
25500,0.030,0.339,0.631
26000,0.030,0.282,0.688
26500,0.030,0.276,0.694
27000,0.030,0.254,0.716
27500,0.030,0.328,0.642
28000,0.030,0.274,0.696
28500,0.030,0.245,0.725
29000,0.030,0.223,0.747
29500,0.030,0.354,0.616
30000,0.030,0.241,0.729
30500,0.030,0.321,0.649
31000,0.030,0.461,0.509
31500,0.030,0.387,0.583
32000,0.030,0.279,0.691
32500,0.030,0.213,0.757
33000,0.030,0.312,0.658
33500,0.030,0.239,0.731
34000,0.030,0.272,0.698
34500,0.030,0.298,0.672
35000,0.030,0.174,0.796
35500,0.030,0.324,0.646
36000,0.030,0.154,0.816
36500,0.030,0.278,0.692
37000,0.030,0.324,0.646
37500,0.041,0.265,0.694
38000,0.030,0.358,0.612
38500,0.030,0.403,0.567
39000,0.030,0.325,0.645
39500,0.030,0.421,0.549
40000,0.030,0.401,0.569
40500,0.030,0.337,0.633
41000,0.030,0.255,0.715
41500,0.031,0.230,0.739
42000,0.546,0.001,0.453
42500,0.652,0.000,0.348
43000,0.794,0.000,0.206
43500,0.884,0.000,0.116
44000,0.956,0.000,0.044
44500,1.000,0.000,0.000
