time,n_A+p,n_B,n_AB
500,0.080,0.871,0.049
1000,0.084,0.816,0.100
1500,0.082,0.765,0.153
2000,0.082,0.725,0.193
2500,0.082,0.736,0.182
3000,0.089,0.686,0.225
3500,0.098,0.689,0.213
4000,0.097,0.646,0.257
4500,0.100,0.641,0.259
5000,0.091,0.635,0.274
5500,0.104,0.630,0.266
6000,0.107,0.602,0.291
6500,0.107,0.614,0.279
7000,0.105,0.622,0.273
7500,0.113,0.623,0.264
8000,0.119,0.578,0.303
8500,0.135,0.568,0.297
9000,0.146,0.532,0.322
9500,0.140,0.543,0.317
10000,0.125,0.565,0.310
10500,0.126,0.550,0.324
11000,0.121,0.536,0.343
11500,0.133,0.513,0.354
12000,0.129,0.544,0.327
12500,0.138,0.547,0.315
13000,0.133,0.547,0.320
13500,0.135,0.511,0.354
14000,0.154,0.516,0.330
14500,0.136,0.526,0.338
15000,0.133,0.548,0.319
15500,0.139,0.522,0.339
16000,0.142,0.506,0.352
16500,0.141,0.538,0.321
17000,0.141,0.534,0.325
17500,0.160,0.496,0.344
18000,0.162,0.511,0.327
18500,0.138,0.482,0.380
19000,0.138,0.491,0.371
19500,0.136,0.474,0.390
20000,0.148,0.461,0.391
20500,0.155,0.461,0.384
21000,0.175,0.458,0.367
21500,0.169,0.447,0.384
22000,0.170,0.455,0.375
22500,0.150,0.458,0.392
23000,0.153,0.477,0.370
23500,0.145,0.481,0.374
24000,0.161,0.488,0.351
24500,0.160,0.463,0.377
25000,0.163,0.458,0.379
25500,0.172,0.466,0.362
26000,0.166,0.437,0.397
26500,0.170,0.467,0.363
27000,0.162,0.493,0.345
27500,0.142,0.501,0.357
28000,0.132,0.525,0.343
28500,0.137,0.511,0.352
29000,0.151,0.478,0.371
29500,0.152,0.462,0.386
30000,0.156,0.466,0.378
30500,0.160,0.477,0.363
31000,0.176,0.449,0.375
31500,0.175,0.437,0.388
32000,0.180,0.452,0.368
32500,0.165,0.471,0.364
33000,0.174,0.450,0.376
33500,0.170,0.446,0.384
34000,0.175,0.433,0.392
34500,0.158,0.442,0.400
35000,0.173,0.414,0.413
35500,0.197,0.406,0.397
36000,0.200,0.381,0.419
36500,0.211,0.378,0.411
37000,0.241,0.379,0.380
37500,0.234,0.365,0.401
38000,0.231,0.365,0.404
38500,0.220,0.330,0.450
39000,0.235,0.339,0.426
39500,0.246,0.331,0.423
40000,0.269,0.299,0.432
40500,0.321,0.285,0.394
41000,0.325,0.263,0.412
41500,0.358,0.224,0.418
42000,0.405,0.188,0.407
42500,0.422,0.146,0.432
43000,0.458,0.126,0.416
43500,0.523,0.096,0.381
44000,0.573,0.060,0.367
44500,0.625,0.039,0.336
45000,0.697,0.025,0.278
45500,0.736,0.021,0.243
46000,0.800,0.010,0.190
46500,0.835,0.001,0.164
47000,0.858,0.008,0.134
47500,0.866,0.002,0.132
48000,0.885,0.001,0.114
48500,0.921,0.000,0.079
49000,0.952,0.000,0.048
49500,0.968,0.000,0.032
50000,0.980,0.000,0.020
50500,0.983,0.000,0.017
51000,0.987,0.000,0.013
51500,0.987,0.000,0.013
52000,0.985,0.000,0.015
52500,0.987,0.000,0.013
53000,0.993,0.000,0.007
53500,0.990,0.000,0.010
54000,0.985,0.000,0.015
54500,0.989,0.000,0.011
55000,0.991,0.000,0.009
55500,0.990,0.000,0.010
56000,0.990,0.000,0.010
56500,0.994,0.000,0.006
57000,0.995,0.000,0.005
57500,0.994,0.000,0.006
58000,0.996,0.000,0.004
58500,0.998,0.000,0.002
59000,0.999,0.000,0.001
59500,0.999,0.000,0.001
60000,1.000,0.000,0.000
