time,n_A+p,n_B,n_AB
500,0.080,0.877,0.043
1000,0.080,0.843,0.078
1500,0.081,0.795,0.124
2000,0.084,0.768,0.148
2500,0.083,0.747,0.171
3000,0.084,0.733,0.183
3500,0.086,0.715,0.199
4000,0.087,0.692,0.221
4500,0.087,0.683,0.229
5000,0.089,0.659,0.252
5500,0.094,0.644,0.262
6000,0.096,0.630,0.274
6500,0.097,0.627,0.276
7000,0.100,0.625,0.275
7500,0.100,0.634,0.266
8000,0.101,0.639,0.260
8500,0.100,0.633,0.267
9000,0.102,0.617,0.280
9500,0.104,0.610,0.286
10000,0.107,0.593,0.300
10500,0.112,0.575,0.314
11000,0.104,0.558,0.338
11500,0.112,0.554,0.334
12000,0.121,0.546,0.333
12500,0.119,0.544,0.337
13000,0.120,0.534,0.345
13500,0.118,0.524,0.357
14000,0.112,0.536,0.352
14500,0.120,0.542,0.338
15000,0.122,0.529,0.349
15500,0.121,0.523,0.356
16000,0.129,0.528,0.343
16500,0.136,0.538,0.326
17000,0.142,0.516,0.342
17500,0.130,0.507,0.363
18000,0.130,0.491,0.380
18500,0.129,0.492,0.379
19000,0.130,0.513,0.358
19500,0.130,0.509,0.361
20000,0.130,0.524,0.346
20500,0.122,0.512,0.366
21000,0.138,0.496,0.366
21500,0.141,0.503,0.356
22000,0.136,0.524,0.340
22500,0.134,0.528,0.338
23000,0.135,0.512,0.353
23500,0.128,0.497,0.375
24000,0.130,0.496,0.374
24500,0.136,0.491,0.372
25000,0.144,0.469,0.387
25500,0.152,0.463,0.385
26000,0.141,0.464,0.395
26500,0.155,0.450,0.395
27000,0.162,0.454,0.384
27500,0.172,0.451,0.378
28000,0.177,0.440,0.383
28500,0.192,0.429,0.380
29000,0.199,0.397,0.404
29500,0.213,0.383,0.404
30000,0.204,0.360,0.436
30500,0.213,0.339,0.449
31000,0.203,0.345,0.452
31500,0.209,0.338,0.453
32000,0.224,0.338,0.439
32500,0.233,0.347,0.420
33000,0.226,0.343,0.431
33500,0.231,0.334,0.435
34000,0.237,0.337,0.426
34500,0.233,0.325,0.442
35000,0.254,0.308,0.438
35500,0.258,0.290,0.452
36000,0.263,0.271,0.466
36500,0.272,0.262,0.467
37000,0.277,0.276,0.448
37500,0.310,0.264,0.425
38000,0.317,0.248,0.435
38500,0.339,0.240,0.421
39000,0.344,0.240,0.415
39500,0.347,0.229,0.424
40000,0.344,0.212,0.444
40500,0.344,0.199,0.457
41000,0.365,0.185,0.450
41500,0.389,0.169,0.442
42000,0.400,0.169,0.432
42500,0.414,0.170,0.417
43000,0.425,0.160,0.415
43500,0.451,0.150,0.398
44000,0.462,0.132,0.407
44500,0.475,0.121,0.404
45000,0.485,0.108,0.406
45500,0.509,0.096,0.395
46000,0.542,0.076,0.382
46500,0.588,0.068,0.345
47000,0.594,0.051,0.355
47500,0.624,0.046,0.330
48000,0.653,0.040,0.307
48500,0.676,0.030,0.293
49000,0.701,0.025,0.275
49500,0.734,0.018,0.248
50000,0.763,0.018,0.219
50500,0.773,0.016,0.211
51000,0.781,0.013,0.205
51500,0.798,0.013,0.189
52000,0.825,0.009,0.166
52500,0.851,0.006,0.143
53000,0.869,0.004,0.127
53500,0.872,0.003,0.125
54000,0.886,0.002,0.112
54500,0.895,0.001,0.104
55000,0.901,0.001,0.098
55500,0.910,0.000,0.090
56000,0.923,0.000,0.077
56500,0.930,0.000,0.070
57000,0.933,0.000,0.067
57500,0.941,0.000,0.059
58000,0.953,0.000,0.047
58500,0.949,0.000,0.051
59000,0.955,0.000,0.045
59500,0.961,0.000,0.039
60000,0.968,0.000,0.032
60500,0.969,0.000,0.031
61000,0.973,0.000,0.027
61500,0.972,0.000,0.028
62000,0.977,0.000,0.023
62500,0.980,0.000,0.020
63000,0.981,0.000,0.019
63500,0.979,0.000,0.021
64000,0.978,0.000,0.022
64500,0.980,0.000,0.020
65000,0.981,0.000,0.019
65500,0.982,0.000,0.018
66000,0.988,0.000,0.012
66500,0.988,0.000,0.012
67000,0.991,0.000,0.009
67500,0.993,0.000,0.007
68000,0.994,0.000,0.006
68500,0.995,0.000,0.005
69000,0.996,0.000,0.004
69500,0.995,0.000,0.005
70000,0.995,0.000,0.005
70500,0.996,0.000,0.004
71000,0.996,0.000,0.004
71500,0.998,0.000,0.002
72000,0.995,0.000,0.005
72500,0.995,0.000,0.005
73000,0.995,0.000,0.005
73500,0.993,0.000,0.007
74000,0.995,0.000,0.005
74500,0.995,0.000,0.005
75000,0.995,0.000,0.005
75500,0.995,0.000,0.005
76000,0.995,0.000,0.005
76500,0.994,0.000,0.006
77000,0.991,0.000,0.009
77500,0.993,0.000,0.007
78000,0.994,0.000,0.006
78500,0.996,0.000,0.004
79000,0.998,0.000,0.002
79500,0.998,0.000,0.002
80000,0.999,0.000,0.001
80500,0.999,0.000,0.001
81000,0.999,0.000,0.001
81500,1.000,0.000,0.000
82000,1.000,0.000,0.000
82500,1.000,0.000,0.000
83000,1.000,0.000,0.000
83500,1.000,0.000,0.000
84000,1.000,0.000,0.000
