time,n_A+p,n_B,n_AB
500,0.065,0.077,0.858
1000,0.148,0.000,0.852
1500,0.150,0.015,0.835
2000,0.148,0.000,0.852
2500,0.236,0.000,0.764
3000,0.165,0.000,0.835
3500,0.179,0.000,0.821
4000,0.205,0.003,0.792
4500,0.108,0.018,0.874
5000,0.195,0.000,0.805
5500,0.212,0.000,0.788
6000,0.186,0.000,0.814
6500,0.145,0.000,0.855
7000,0.190,0.003,0.807
7500,0.177,0.000,0.823
8000,0.158,0.000,0.842
8500,0.068,0.008,0.924
9000,0.219,0.000,0.781
9500,0.209,0.000,0.791
10000,0.183,0.000,0.817
10500,0.181,0.006,0.813
11000,0.136,0.021,0.843
11500,0.171,0.009,0.820
12000,0.242,0.000,0.758
12500,0.217,0.000,0.783
13000,0.230,0.000,0.770
13500,0.146,0.001,0.853
14000,0.106,0.036,0.858
14500,0.200,0.001,0.799
15000,0.215,0.000,0.785
15500,0.157,0.002,0.841
16000,0.171,0.000,0.829
16500,0.149,0.006,0.845
17000,0.105,0.033,0.862
17500,0.177,0.002,0.821
18000,0.212,0.000,0.788
18500,0.115,0.020,0.865
19000,0.150,0.000,0.850
19500,0.199,0.000,0.801
20000,0.176,0.009,0.815
20500,0.165,0.000,0.835
21000,0.193,0.000,0.807
21500,0.168,0.000,0.832
22000,0.124,0.021,0.855
22500,0.193,0.000,0.807
23000,0.187,0.000,0.813
23500,0.159,0.001,0.840
24000,0.123,0.016,0.861
24500,0.240,0.000,0.760
25000,0.250,0.000,0.750
25500,0.158,0.000,0.842
26000,0.187,0.000,0.813
26500,0.250,0.000,0.750
27000,0.258,0.000,0.742
27500,0.209,0.000,0.791
28000,0.200,0.000,0.800
28500,0.184,0.000,0.816
29000,0.191,0.000,0.809
29500,0.170,0.000,0.830
30000,0.228,0.003,0.769
30500,0.144,0.000,0.856
31000,0.174,0.000,0.826
31500,0.156,0.000,0.844
32000,0.165,0.000,0.835
32500,0.121,0.000,0.879
33000,0.137,0.005,0.858
33500,0.131,0.000,0.869
34000,0.128,0.005,0.867
34500,0.150,0.000,0.850
35000,0.114,0.002,0.884
35500,0.197,0.000,0.803
36000,0.176,0.000,0.824
36500,0.158,0.000,0.842
37000,0.209,0.000,0.791
37500,0.187,0.000,0.813
38000,0.110,0.020,0.870
38500,0.151,0.000,0.849
39000,0.153,0.000,0.847
39500,0.165,0.000,0.835
40000,0.132,0.002,0.866
40500,0.173,0.000,0.827
41000,0.198,0.000,0.802
41500,0.266,0.000,0.734
42000,0.112,0.000,0.888
42500,0.175,0.002,0.823
43000,0.116,0.012,0.872
43500,0.230,0.002,0.768
44000,0.273,0.000,0.727
44500,0.222,0.000,0.778
45000,0.235,0.000,0.765
45500,0.165,0.000,0.835
46000,0.134,0.000,0.866
46500,0.191,0.000,0.809
47000,0.151,0.000,0.849
47500,0.230,0.000,0.770
48000,0.131,0.000,0.869
48500,0.158,0.000,0.842
49000,0.138,0.001,0.861
49500,0.169,0.000,0.831
50000,0.159,0.000,0.841
50500,0.163,0.001,0.836
51000,0.193,0.000,0.807
51500,0.181,0.000,0.819
52000,0.086,0.009,0.905
52500,0.194,0.000,0.806
53000,0.156,0.000,0.844
53500,0.190,0.000,0.810
54000,0.170,0.000,0.830
54500,0.151,0.010,0.839
55000,0.139,0.000,0.861
55500,0.116,0.025,0.859
56000,0.189,0.000,0.811
56500,0.113,0.013,0.874
57000,0.214,0.001,0.785
57500,0.235,0.000,0.765
58000,0.199,0.000,0.801
58500,0.181,0.000,0.819
59000,0.196,0.000,0.804
59500,0.196,0.009,0.795
60000,0.154,0.000,0.846
60500,0.120,0.000,0.880
61000,0.256,0.000,0.744
61500,0.134,0.009,0.857
62000,0.175,0.000,0.825
62500,0.189,0.000,0.811
63000,0.177,0.005,0.818
63500,0.172,0.000,0.828
64000,0.099,0.024,0.877
64500,0.130,0.009,0.861
65000,0.192,0.000,0.808
65500,0.194,0.000,0.806
66000,0.117,0.021,0.862
66500,0.145,0.002,0.853
67000,0.105,0.000,0.895
67500,0.271,0.000,0.729
68000,0.203,0.000,0.797
68500,0.165,0.000,0.835
69000,0.144,0.007,0.849
69500,0.220,0.000,0.780
70000,0.095,0.030,0.875
70500,0.141,0.000,0.859
71000,0.127,0.013,0.860
71500,0.144,0.001,0.855
72000,0.162,0.000,0.838
72500,0.162,0.000,0.838
73000,0.229,0.000,0.771
73500,0.207,0.000,0.793
74000,0.186,0.005,0.809
74500,0.182,0.000,0.818
75000,0.235,0.000,0.765
75500,0.164,0.000,0.836
76000,0.209,0.000,0.791
76500,0.157,0.007,0.836
77000,0.193,0.000,0.807
77500,0.175,0.000,0.825
78000,0.138,0.000,0.862
78500,0.115,0.011,0.874
79000,0.088,0.013,0.899
79500,0.103,0.006,0.891
80000,0.140,0.000,0.860
80500,0.152,0.006,0.842
81000,0.124,0.011,0.865
81500,0.168,0.000,0.832
82000,0.188,0.010,0.802
82500,0.160,0.002,0.838
83000,0.161,0.002,0.837
83500,0.137,0.026,0.837
84000,0.165,0.001,0.834
84500,0.186,0.000,0.814
85000,0.166,0.024,0.810
85500,0.127,0.000,0.873
86000,0.215,0.000,0.785
86500,0.145,0.000,0.855
87000,0.120,0.000,0.880
87500,0.142,0.014,0.844
88000,0.180,0.000,0.820
88500,0.215,0.000,0.785
89000,0.214,0.000,0.786
89500,0.234,0.000,0.766
90000,0.208,0.000,0.792
90500,0.170,0.000,0.830
91000,0.180,0.000,0.820
91500,0.151,0.006,0.843
92000,0.291,0.000,0.709
92500,0.204,0.000,0.796
93000,0.179,0.000,0.821
93500,0.113,0.007,0.880
94000,0.244,0.001,0.755
94500,0.238,0.000,0.762
95000,0.108,0.000,0.892
95500,0.188,0.000,0.812
96000,0.210,0.001,0.789
96500,0.234,0.000,0.766
97000,0.262,0.000,0.738
97500,0.193,0.000,0.807
98000,0.098,0.015,0.887
98500,0.119,0.000,0.881
99000,0.217,0.000,0.783
99500,0.211,0.000,0.789
100000,0.276,0.000,0.724
100500,0.146,0.005,0.849
101000,0.162,0.009,0.829
101500,0.197,0.000,0.803
102000,0.097,0.000,0.903
102500,0.116,0.008,0.876
103000,0.208,0.015,0.777
103500,0.171,0.000,0.829
104000,0.172,0.003,0.825
104500,0.202,0.000,0.798
105000,0.148,0.012,0.840
105500,0.137,0.002,0.861
106000,0.205,0.000,0.795
106500,0.144,0.000,0.856
107000,0.141,0.000,0.859
107500,0.147,0.000,0.853
108000,0.195,0.000,0.805
108500,0.151,0.000,0.849
109000,0.199,0.000,0.801
109500,0.165,0.005,0.830
110000,0.204,0.000,0.796
110500,0.169,0.000,0.831
111000,0.175,0.000,0.825
111500,0.154,0.000,0.846
112000,0.205,0.000,0.795
112500,0.206,0.000,0.794
113000,0.171,0.001,0.828
113500,0.097,0.017,0.886
114000,0.283,0.000,0.717
114500,0.168,0.000,0.832
115000,0.214,0.000,0.786
115500,0.150,0.018,0.832
116000,0.098,0.007,0.895
116500,0.138,0.000,0.862
117000,0.121,0.020,0.859
117500,0.160,0.011,0.829
118000,0.147,0.000,0.853
118500,0.229,0.000,0.771
119000,0.180,0.000,0.820
119500,0.150,0.011,0.839
120000,0.109,0.016,0.875
120500,0.173,0.000,0.827
121000,0.254,0.000,0.746
121500,0.134,0.000,0.866
122000,0.147,0.002,0.851
122500,0.132,0.024,0.844
123000,0.205,0.000,0.795
123500,0.145,0.000,0.855
124000,0.128,0.000,0.872
124500,0.170,0.015,0.815
125000,0.171,0.000,0.829
125500,0.143,0.007,0.850
126000,0.109,0.000,0.891
126500,0.130,0.000,0.870
127000,0.145,0.000,0.855
127500,0.168,0.000,0.832
128000,0.134,0.000,0.866
128500,0.172,0.000,0.828
129000,0.148,0.000,0.852
129500,0.158,0.008,0.834
130000,0.082,0.005,0.913
130500,0.145,0.003,0.852
131000,0.133,0.007,0.860
131500,0.164,0.000,0.836
132000,0.185,0.000,0.815
132500,0.143,0.003,0.854
133000,0.148,0.000,0.852
133500,0.198,0.000,0.802
134000,0.196,0.000,0.804
134500,0.114,0.018,0.868
135000,0.220,0.005,0.775
135500,0.139,0.000,0.861
136000,0.200,0.000,0.800
136500,0.174,0.000,0.826
137000,0.163,0.000,0.837
137500,0.128,0.002,0.870
138000,0.129,0.000,0.871
138500,0.204,0.000,0.796
139000,0.221,0.000,0.779
139500,0.160,0.000,0.840
140000,0.142,0.000,0.858
140500,0.134,0.000,0.866
141000,0.160,0.008,0.832
141500,0.086,0.000,0.914
142000,0.119,0.007,0.874
142500,0.182,0.000,0.818
143000,0.293,0.000,0.707
143500,0.164,0.000,0.836
144000,0.116,0.021,0.863
144500,0.149,0.011,0.840
145000,0.065,0.006,0.929
145500,0.149,0.000,0.851
146000,0.161,0.000,0.839
146500,0.228,0.000,0.772
147000,0.171,0.000,0.829
147500,0.154,0.011,0.835
148000,0.109,0.000,0.891
148500,0.155,0.001,0.844
149000,0.182,0.000,0.818
149500,0.145,0.000,0.855
150000,0.203,0.003,0.794
150500,0.217,0.000,0.783
151000,0.240,0.000,0.760
151500,0.219,0.020,0.761
152000,0.217,0.000,0.783
152500,0.219,0.000,0.781
153000,0.154,0.000,0.846
153500,0.221,0.000,0.779
154000,0.142,0.014,0.844
154500,0.132,0.003,0.865
155000,0.172,0.008,0.820
155500,0.149,0.000,0.851
156000,0.162,0.003,0.835
156500,0.096,0.000,0.904
157000,0.166,0.000,0.834
157500,0.136,0.000,0.864
158000,0.151,0.007,0.842
158500,0.140,0.011,0.849
159000,0.133,0.006,0.861
159500,0.204,0.000,0.796
160000,0.156,0.000,0.844
160500,0.185,0.000,0.815
161000,0.149,0.004,0.847
161500,0.148,0.000,0.852
162000,0.178,0.000,0.822
162500,0.203,0.000,0.797
163000,0.165,0.000,0.835
163500,0.209,0.006,0.785
164000,0.213,0.000,0.787
164500,0.112,0.000,0.888
165000,0.152,0.003,0.845
165500,0.184,0.000,0.816
166000,0.163,0.000,0.837
166500,0.119,0.000,0.881
167000,0.181,0.002,0.817
167500,0.254,0.000,0.746
168000,0.209,0.000,0.791
168500,0.243,0.000,0.757
169000,0.184,0.000,0.816
169500,0.234,0.000,0.766
170000,0.157,0.001,0.842
170500,0.227,0.000,0.773
171000,0.160,0.000,0.840
171500,0.148,0.000,0.852
172000,0.187,0.000,0.813
172500,0.228,0.001,0.771
173000,0.250,0.000,0.750
173500,0.185,0.000,0.815
174000,0.163,0.000,0.837
174500,0.187,0.002,0.811
175000,0.210,0.000,0.790
175500,0.183,0.000,0.817
176000,0.205,0.000,0.795
176500,0.150,0.018,0.832
177000,0.156,0.000,0.844
177500,0.178,0.000,0.822
178000,0.220,0.000,0.780
178500,0.164,0.000,0.836
179000,0.173,0.000,0.827
179500,0.109,0.000,0.891
180000,0.164,0.000,0.836
180500,0.202,0.000,0.798
181000,0.147,0.000,0.853
181500,0.141,0.001,0.858
182000,0.196,0.001,0.803
182500,0.182,0.000,0.818
183000,0.211,0.000,0.789
183500,0.154,0.000,0.846
184000,0.165,0.000,0.835
184500,0.203,0.000,0.797
185000,0.206,0.000,0.794
185500,0.219,0.002,0.779
186000,0.247,0.000,0.753
186500,0.139,0.000,0.861
187000,0.108,0.000,0.892
187500,0.170,0.000,0.830
188000,0.168,0.000,0.832
188500,0.142,0.002,0.856
189000,0.240,0.000,0.760
189500,0.207,0.000,0.793
190000,0.172,0.000,0.828
190500,0.162,0.000,0.838
191000,0.143,0.007,0.850
191500,0.166,0.019,0.815
192000,0.137,0.015,0.848
192500,0.110,0.007,0.883
193000,0.146,0.000,0.854
193500,0.133,0.000,0.867
194000,0.175,0.000,0.825
194500,0.167,0.000,0.833
195000,0.167,0.000,0.833
195500,0.133,0.000,0.867
196000,0.194,0.001,0.805
196500,0.161,0.000,0.839
197000,0.237,0.000,0.763
197500,0.143,0.000,0.857
198000,0.299,0.001,0.700
198500,0.147,0.000,0.853
199000,0.227,0.000,0.773
199500,0.206,0.000,0.794
200000,0.192,0.000,0.808
200500,0.151,0.000,0.849
201000,0.119,0.000,0.881
201500,0.179,0.000,0.821
202000,0.214,0.000,0.786
202500,0.292,0.000,0.708
203000,0.144,0.000,0.856
203500,0.176,0.000,0.824
204000,0.183,0.000,0.817
204500,0.154,0.000,0.846
205000,0.204,0.002,0.794
205500,0.163,0.000,0.837
206000,0.240,0.000,0.760
206500,0.246,0.000,0.754
207000,0.226,0.000,0.774
207500,0.135,0.000,0.865
208000,0.146,0.014,0.840
208500,0.135,0.000,0.865
209000,0.176,0.000,0.824
209500,0.168,0.000,0.832
210000,0.136,0.003,0.861
210500,0.115,0.015,0.870
211000,0.184,0.000,0.816
211500,0.129,0.009,0.862
212000,0.162,0.000,0.838
212500,0.166,0.000,0.834
213000,0.245,0.000,0.755
213500,0.175,0.004,0.821
214000,0.133,0.000,0.867
214500,0.171,0.000,0.829
215000,0.170,0.000,0.830
215500,0.113,0.004,0.883
216000,0.097,0.011,0.892
216500,0.140,0.000,0.860
217000,0.143,0.000,0.857
217500,0.135,0.000,0.865
218000,0.133,0.016,0.851
218500,0.134,0.000,0.866
219000,0.202,0.000,0.798
219500,0.149,0.001,0.850
220000,0.205,0.000,0.795
220500,0.113,0.006,0.881
221000,0.166,0.002,0.832
221500,0.156,0.000,0.844
222000,0.169,0.015,0.816
222500,0.116,0.012,0.872
223000,0.115,0.007,0.878
223500,0.111,0.004,0.885
224000,0.183,0.000,0.817
224500,0.188,0.000,0.812
225000,0.171,0.000,0.829
225500,0.123,0.009,0.868
226000,0.162,0.000,0.838
226500,0.166,0.001,0.833
227000,0.183,0.000,0.817
227500,0.130,0.000,0.870
228000,0.166,0.002,0.832
228500,0.134,0.000,0.866
229000,0.227,0.000,0.773
229500,0.108,0.006,0.886
230000,0.168,0.000,0.832
230500,0.119,0.013,0.868
231000,0.160,0.000,0.840
231500,0.142,0.001,0.857
232000,0.206,0.009,0.785
232500,0.202,0.000,0.798
233000,0.203,0.002,0.795
233500,0.150,0.020,0.830
234000,0.163,0.001,0.836
234500,0.136,0.021,0.843
235000,0.156,0.000,0.844
235500,0.192,0.000,0.808
236000,0.222,0.000,0.778
236500,0.179,0.000,0.821
237000,0.169,0.000,0.831
237500,0.237,0.000,0.763
238000,0.215,0.000,0.785
238500,0.170,0.000,0.830
239000,0.255,0.000,0.745
239500,0.183,0.000,0.817
240000,0.119,0.000,0.881
240500,0.146,0.018,0.836
241000,0.169,0.000,0.831
241500,0.177,0.000,0.823
242000,0.207,0.000,0.793
242500,0.232,0.000,0.768
243000,0.236,0.000,0.764
243500,0.191,0.000,0.809
244000,0.166,0.000,0.834
244500,0.176,0.000,0.824
245000,0.162,0.000,0.838
245500,0.122,0.018,0.860
246000,0.125,0.006,0.869
246500,0.160,0.000,0.840
247000,0.189,0.000,0.811
247500,0.204,0.003,0.793
248000,0.231,0.000,0.769
248500,0.190,0.020,0.790
249000,0.164,0.017,0.819
249500,0.149,0.006,0.845
250000,0.148,0.000,0.852
250500,0.195,0.000,0.805
251000,0.221,0.000,0.779
251500,0.156,0.000,0.844
252000,0.177,0.000,0.823
252500,0.167,0.021,0.812
253000,0.212,0.000,0.788
253500,0.165,0.021,0.814
254000,0.204,0.005,0.791
254500,0.139,0.000,0.861
255000,0.186,0.000,0.814
255500,0.267,0.000,0.733
256000,0.244,0.000,0.756
256500,0.190,0.000,0.810
257000,0.251,0.000,0.749
257500,0.145,0.000,0.855
258000,0.202,0.000,0.798
258500,0.214,0.001,0.785
259000,0.179,0.014,0.807
259500,0.156,0.000,0.844
260000,0.216,0.000,0.784
260500,0.228,0.000,0.772
261000,0.211,0.000,0.789
261500,0.102,0.000,0.898
262000,0.129,0.000,0.871
262500,0.161,0.000,0.839
263000,0.255,0.000,0.745
263500,0.210,0.000,0.790
264000,0.203,0.000,0.797
264500,0.198,0.002,0.800
265000,0.176,0.018,0.806
265500,0.174,0.015,0.811
266000,0.176,0.000,0.824
266500,0.185,0.000,0.815
267000,0.141,0.002,0.857
267500,0.191,0.021,0.788
268000,0.123,0.000,0.877
268500,0.143,0.000,0.857
269000,0.103,0.009,0.888
269500,0.152,0.003,0.845
270000,0.200,0.000,0.800
270500,0.141,0.000,0.859
271000,0.173,0.000,0.827
271500,0.156,0.003,0.841
272000,0.154,0.000,0.846
272500,0.104,0.000,0.896
273000,0.220,0.000,0.780
273500,0.186,0.001,0.813
274000,0.183,0.000,0.817
274500,0.133,0.000,0.867
275000,0.215,0.001,0.784
275500,0.058,0.014,0.928
276000,0.170,0.000,0.830
276500,0.194,0.000,0.806
277000,0.211,0.006,0.783
277500,0.131,0.003,0.866
278000,0.179,0.000,0.821
278500,0.219,0.000,0.781
279000,0.133,0.000,0.867
279500,0.186,0.000,0.814
280000,0.246,0.000,0.754
280500,0.155,0.000,0.845
281000,0.139,0.006,0.855
281500,0.142,0.000,0.858
282000,0.121,0.003,0.876
282500,0.154,0.000,0.846
283000,0.137,0.000,0.863
283500,0.165,0.000,0.835
284000,0.080,0.048,0.872
284500,0.144,0.008,0.848
285000,0.165,0.001,0.834
285500,0.144,0.002,0.854
286000,0.137,0.000,0.863
286500,0.197,0.000,0.803
287000,0.168,0.000,0.832
287500,0.154,0.003,0.843
288000,0.249,0.000,0.751
288500,0.200,0.000,0.800
289000,0.175,0.000,0.825
289500,0.158,0.000,0.842
290000,0.178,0.000,0.822
290500,0.209,0.000,0.791
291000,0.108,0.000,0.892
291500,0.124,0.000,0.876
292000,0.138,0.000,0.862
292500,0.115,0.010,0.875
293000,0.157,0.000,0.843
293500,0.117,0.005,0.878
294000,0.179,0.000,0.821
294500,0.195,0.000,0.805
295000,0.129,0.003,0.868
295500,0.147,0.009,0.844
296000,0.169,0.004,0.827
296500,0.120,0.017,0.863
297000,0.157,0.003,0.840
297500,0.123,0.010,0.867
298000,0.117,0.013,0.870
298500,0.153,0.000,0.847
299000,0.168,0.012,0.820
299500,0.217,0.000,0.783
300000,0.210,0.000,0.790
300500,0.156,0.001,0.843
301000,0.143,0.000,0.857
301500,0.213,0.000,0.787
302000,0.201,0.000,0.799
302500,0.193,0.021,0.786
303000,0.112,0.009,0.879
303500,0.132,0.003,0.865
304000,0.133,0.024,0.843
304500,0.157,0.017,0.826
305000,0.125,0.013,0.862
305500,0.113,0.003,0.884
306000,0.160,0.000,0.840
306500,0.189,0.000,0.811
307000,0.158,0.000,0.842
307500,0.229,0.000,0.771
308000,0.176,0.000,0.824
308500,0.177,0.000,0.823
309000,0.250,0.001,0.749
309500,0.127,0.000,0.873
310000,0.164,0.000,0.836
310500,0.235,0.000,0.765
311000,0.261,0.000,0.739
311500,0.138,0.000,0.862
312000,0.189,0.000,0.811
312500,0.265,0.001,0.734
313000,0.226,0.003,0.771
313500,0.148,0.000,0.852
314000,0.178,0.000,0.822
314500,0.213,0.000,0.787
315000,0.139,0.000,0.861
315500,0.094,0.031,0.875
316000,0.097,0.009,0.894
316500,0.153,0.001,0.846
317000,0.158,0.000,0.842
317500,0.109,0.001,0.890
318000,0.143,0.006,0.851
318500,0.119,0.001,0.880
319000,0.099,0.000,0.901
319500,0.194,0.005,0.801
320000,0.204,0.000,0.796
320500,0.158,0.005,0.837
321000,0.194,0.001,0.805
321500,0.141,0.000,0.859
322000,0.216,0.000,0.784
322500,0.145,0.017,0.838
323000,0.182,0.000,0.818
323500,0.101,0.001,0.898
324000,0.195,0.010,0.795
324500,0.193,0.000,0.807
325000,0.208,0.000,0.792
325500,0.175,0.000,0.825
326000,0.254,0.000,0.746
326500,0.212,0.000,0.788
327000,0.094,0.024,0.882
327500,0.170,0.000,0.830
328000,0.176,0.000,0.824
328500,0.226,0.000,0.774
329000,0.194,0.000,0.806
329500,0.159,0.007,0.834
330000,0.135,0.000,0.865
330500,0.187,0.000,0.813
331000,0.177,0.000,0.823
331500,0.261,0.003,0.736
332000,0.242,0.000,0.758
332500,0.168,0.000,0.832
333000,0.099,0.013,0.888
333500,0.218,0.016,0.766
334000,0.174,0.000,0.826
334500,0.157,0.001,0.842
335000,0.156,0.000,0.844
335500,0.227,0.000,0.773
336000,0.128,0.005,0.867
336500,0.177,0.001,0.822
337000,0.189,0.002,0.809
337500,0.122,0.000,0.878
338000,0.108,0.013,0.879
338500,0.174,0.008,0.818
339000,0.163,0.000,0.837
339500,0.219,0.000,0.781
340000,0.145,0.001,0.854
340500,0.160,0.000,0.840
341000,0.170,0.000,0.830
341500,0.210,0.000,0.790
342000,0.140,0.000,0.860
342500,0.119,0.002,0.879
343000,0.191,0.001,0.808
343500,0.163,0.015,0.822
344000,0.160,0.000,0.840
344500,0.165,0.000,0.835
345000,0.154,0.000,0.846
345500,0.234,0.001,0.765
346000,0.159,0.000,0.841
346500,0.169,0.011,0.820
347000,0.199,0.000,0.801
347500,0.160,0.006,0.834
348000,0.159,0.000,0.841
348500,0.139,0.000,0.861
349000,0.165,0.001,0.834
349500,0.135,0.000,0.865
350000,0.217,0.000,0.783
350500,0.173,0.005,0.822
351000,0.214,0.000,0.786
351500,0.205,0.000,0.795
352000,0.144,0.013,0.843
352500,0.196,0.001,0.803
353000,0.178,0.000,0.822
353500,0.153,0.001,0.846
354000,0.204,0.001,0.795
354500,0.098,0.000,0.902
355000,0.145,0.004,0.851
355500,0.105,0.000,0.895
356000,0.144,0.000,0.856
356500,0.209,0.000,0.791
357000,0.123,0.000,0.877
357500,0.164,0.014,0.822
358000,0.123,0.000,0.877
358500,0.110,0.003,0.887
359000,0.079,0.020,0.901
359500,0.077,0.005,0.918
360000,0.197,0.000,0.803
360500,0.223,0.000,0.777
361000,0.196,0.000,0.804
361500,0.207,0.001,0.792
362000,0.176,0.000,0.824
362500,0.191,0.000,0.809
363000,0.187,0.000,0.813
363500,0.159,0.000,0.841
364000,0.145,0.000,0.855
364500,0.156,0.000,0.844
365000,0.192,0.000,0.808
365500,0.187,0.000,0.813
366000,0.182,0.000,0.818
366500,0.181,0.000,0.819
367000,0.166,0.000,0.834
367500,0.176,0.000,0.824
368000,0.160,0.008,0.832
368500,0.101,0.019,0.880
369000,0.167,0.010,0.823
369500,0.154,0.014,0.832
370000,0.115,0.028,0.857
370500,0.092,0.001,0.907
371000,0.135,0.000,0.865
371500,0.148,0.013,0.839
372000,0.161,0.000,0.839
372500,0.120,0.000,0.880
373000,0.174,0.000,0.826
373500,0.169,0.000,0.831
374000,0.220,0.000,0.780
374500,0.191,0.000,0.809
375000,0.205,0.000,0.795
375500,0.176,0.000,0.824
376000,0.193,0.000,0.807
376500,0.135,0.007,0.858
377000,0.209,0.000,0.791
377500,0.147,0.002,0.851
378000,0.155,0.011,0.834
378500,0.210,0.000,0.790
379000,0.148,0.000,0.852
379500,0.183,0.000,0.817
380000,0.149,0.000,0.851
380500,0.165,0.000,0.835
381000,0.205,0.002,0.793
381500,0.168,0.000,0.832
382000,0.231,0.000,0.769
382500,0.202,0.000,0.798
383000,0.184,0.000,0.816
383500,0.155,0.000,0.845
384000,0.112,0.000,0.888
384500,0.150,0.000,0.850
385000,0.178,0.001,0.821
385500,0.148,0.000,0.852
386000,0.153,0.003,0.844
386500,0.160,0.004,0.836
387000,0.168,0.013,0.819
387500,0.239,0.000,0.761
388000,0.231,0.000,0.769
388500,0.180,0.000,0.820
389000,0.119,0.012,0.869
389500,0.181,0.000,0.819
390000,0.181,0.000,0.819
390500,0.161,0.000,0.839
391000,0.181,0.002,0.817
391500,0.125,0.000,0.875
392000,0.132,0.000,0.868
392500,0.183,0.000,0.817
393000,0.211,0.000,0.789
393500,0.178,0.000,0.822
394000,0.127,0.009,0.864
394500,0.150,0.004,0.846
395000,0.114,0.005,0.881
395500,0.139,0.000,0.861
396000,0.174,0.002,0.824
396500,0.275,0.000,0.725
397000,0.192,0.000,0.808
397500,0.186,0.000,0.814
398000,0.121,0.000,0.879
398500,0.174,0.000,0.826
399000,0.194,0.000,0.806
399500,0.247,0.000,0.753
400000,0.194,0.000,0.806
400500,0.229,0.000,0.771
401000,0.135,0.000,0.865
401500,0.143,0.000,0.857
402000,0.215,0.000,0.785
402500,0.156,0.000,0.844
403000,0.177,0.000,0.823
403500,0.137,0.000,0.863
404000,0.229,0.000,0.771
404500,0.119,0.004,0.877
405000,0.276,0.001,0.723
405500,0.156,0.010,0.834
406000,0.184,0.002,0.814
406500,0.108,0.035,0.857
407000,0.080,0.032,0.888
407500,0.126,0.000,0.874
408000,0.145,0.000,0.855
408500,0.156,0.000,0.844
409000,0.171,0.000,0.829
409500,0.161,0.000,0.839
410000,0.141,0.021,0.838
410500,0.168,0.019,0.813
411000,0.180,0.000,0.820
411500,0.191,0.000,0.809
412000,0.129,0.000,0.871
412500,0.130,0.003,0.867
413000,0.178,0.001,0.821
413500,0.160,0.000,0.840
414000,0.130,0.020,0.850
414500,0.171,0.009,0.820
415000,0.249,0.000,0.751
415500,0.228,0.000,0.772
416000,0.115,0.018,0.867
416500,0.176,0.000,0.824
417000,0.165,0.001,0.834
417500,0.226,0.000,0.774
418000,0.238,0.000,0.762
418500,0.183,0.000,0.817
419000,0.188,0.009,0.803
419500,0.135,0.000,0.865
420000,0.170,0.000,0.830
420500,0.114,0.018,0.868
421000,0.198,0.000,0.802
421500,0.175,0.000,0.825
422000,0.133,0.013,0.854
422500,0.214,0.000,0.786
423000,0.131,0.000,0.869
423500,0.152,0.005,0.843
424000,0.170,0.000,0.830
424500,0.207,0.000,0.793
425000,0.194,0.012,0.794
425500,0.156,0.004,0.840
426000,0.299,0.000,0.701
426500,0.131,0.000,0.869
427000,0.171,0.016,0.813
427500,0.240,0.000,0.760
428000,0.140,0.019,0.841
428500,0.226,0.005,0.769
429000,0.123,0.001,0.876
429500,0.111,0.001,0.888
430000,0.156,0.000,0.844
430500,0.197,0.000,0.803
431000,0.147,0.000,0.853
431500,0.180,0.000,0.820
432000,0.179,0.000,0.821
432500,0.144,0.000,0.856
433000,0.121,0.033,0.846
433500,0.145,0.000,0.855
434000,0.136,0.019,0.845
434500,0.183,0.000,0.817
435000,0.071,0.040,0.889
435500,0.176,0.000,0.824
436000,0.218,0.000,0.782
436500,0.134,0.000,0.866
437000,0.150,0.013,0.837
437500,0.140,0.017,0.843
438000,0.150,0.013,0.837
438500,0.144,0.001,0.855
439000,0.188,0.000,0.812
439500,0.145,0.008,0.847
440000,0.210,0.000,0.790
440500,0.147,0.000,0.853
441000,0.160,0.000,0.840
441500,0.105,0.019,0.876
442000,0.149,0.013,0.838
442500,0.140,0.001,0.859
443000,0.268,0.000,0.732
443500,0.211,0.000,0.789
444000,0.224,0.000,0.776
444500,0.228,0.000,0.772
445000,0.133,0.007,0.860
445500,0.244,0.000,0.756
446000,0.095,0.017,0.888
446500,0.166,0.000,0.834
447000,0.167,0.020,0.813
447500,0.133,0.000,0.867
448000,0.158,0.016,0.826
448500,0.171,0.000,0.829
449000,0.190,0.000,0.810
449500,0.107,0.000,0.893
450000,0.137,0.001,0.862
450500,0.167,0.007,0.826
451000,0.116,0.001,0.883
451500,0.209,0.001,0.790
452000,0.170,0.000,0.830
452500,0.207,0.000,0.793
453000,0.149,0.018,0.833
453500,0.163,0.000,0.837
454000,0.205,0.000,0.795
454500,0.263,0.000,0.737
455000,0.170,0.006,0.824
455500,0.243,0.000,0.757
456000,0.152,0.004,0.844
456500,0.284,0.001,0.715
457000,0.199,0.000,0.801
457500,0.229,0.000,0.771
458000,0.239,0.000,0.761
458500,0.155,0.004,0.841
459000,0.195,0.000,0.805
459500,0.233,0.000,0.767
460000,0.154,0.000,0.846
460500,0.137,0.000,0.863
461000,0.164,0.017,0.819
461500,0.172,0.000,0.828
462000,0.166,0.004,0.830
462500,0.120,0.004,0.876
463000,0.126,0.000,0.874
463500,0.202,0.000,0.798
464000,0.118,0.001,0.881
464500,0.155,0.008,0.837
465000,0.192,0.000,0.808
465500,0.173,0.000,0.827
466000,0.170,0.000,0.830
466500,0.155,0.002,0.843
467000,0.100,0.003,0.897
467500,0.173,0.000,0.827
468000,0.182,0.000,0.818
468500,0.169,0.001,0.830
469000,0.243,0.000,0.757
469500,0.135,0.013,0.852
470000,0.201,0.002,0.797
470500,0.170,0.000,0.830
471000,0.127,0.000,0.873
471500,0.133,0.000,0.867
472000,0.103,0.012,0.885
472500,0.121,0.002,0.877
473000,0.111,0.017,0.872
473500,0.137,0.015,0.848
474000,0.148,0.001,0.851
474500,0.127,0.006,0.867
475000,0.129,0.000,0.871
475500,0.179,0.002,0.819
476000,0.181,0.008,0.811
476500,0.191,0.003,0.806
477000,0.141,0.017,0.842
477500,0.151,0.001,0.848
478000,0.150,0.000,0.850
478500,0.161,0.001,0.838
479000,0.199,0.000,0.801
479500,0.158,0.000,0.842
480000,0.183,0.000,0.817
480500,0.231,0.000,0.769
481000,0.171,0.000,0.829
481500,0.212,0.000,0.788
482000,0.131,0.021,0.848
482500,0.229,0.000,0.771
483000,0.164,0.017,0.819
483500,0.124,0.001,0.875
484000,0.189,0.000,0.811
484500,0.127,0.000,0.873
485000,0.193,0.000,0.807
485500,0.139,0.000,0.861
486000,0.190,0.000,0.810
486500,0.253,0.000,0.747
487000,0.225,0.000,0.775
487500,0.136,0.000,0.864
488000,0.255,0.000,0.745
488500,0.136,0.000,0.864
489000,0.224,0.000,0.776
489500,0.216,0.002,0.782
490000,0.162,0.003,0.835
490500,0.170,0.000,0.830
491000,0.187,0.000,0.813
491500,0.190,0.000,0.810
492000,0.156,0.002,0.842
492500,0.113,0.012,0.875
493000,0.122,0.002,0.876
493500,0.220,0.000,0.780
494000,0.241,0.000,0.759
494500,0.238,0.000,0.762
495000,0.159,0.016,0.825
495500,0.224,0.000,0.776
496000,0.155,0.000,0.845
496500,0.217,0.000,0.783
497000,0.224,0.000,0.776
497500,0.219,0.000,0.781
498000,0.133,0.000,0.867
498500,0.164,0.000,0.836
499000,0.089,0.010,0.901
499500,0.169,0.000,0.831
500000,0.155,0.000,0.845
500500,0.171,0.000,0.829
501000,0.152,0.000,0.848
501500,0.186,0.000,0.814
502000,0.210,0.000,0.790
502500,0.154,0.000,0.846
503000,0.177,0.007,0.816
503500,0.123,0.000,0.877
504000,0.217,0.000,0.783
504500,0.246,0.000,0.754
505000,0.152,0.023,0.825
505500,0.146,0.000,0.854
506000,0.161,0.000,0.839
506500,0.180,0.006,0.814
507000,0.169,0.014,0.817
507500,0.203,0.017,0.780
508000,0.171,0.000,0.829
508500,0.165,0.000,0.835
509000,0.172,0.000,0.828
509500,0.155,0.001,0.844
510000,0.139,0.000,0.861
510500,0.179,0.000,0.821
511000,0.172,0.000,0.828
511500,0.183,0.000,0.817
512000,0.178,0.000,0.822
512500,0.247,0.000,0.753
513000,0.207,0.000,0.793
513500,0.137,0.003,0.860
514000,0.176,0.000,0.824
514500,0.190,0.000,0.810
515000,0.159,0.000,0.841
515500,0.176,0.000,0.824
516000,0.171,0.000,0.829
516500,0.151,0.000,0.849
517000,0.130,0.000,0.870
517500,0.182,0.000,0.818
518000,0.158,0.014,0.828
518500,0.157,0.018,0.825
519000,0.173,0.001,0.826
519500,0.138,0.016,0.846
520000,0.126,0.008,0.866
520500,0.135,0.021,0.844
521000,0.169,0.002,0.829
521500,0.150,0.002,0.848
522000,0.207,0.000,0.793
522500,0.142,0.000,0.858
523000,0.242,0.000,0.758
523500,0.186,0.000,0.814
524000,0.175,0.000,0.825
524500,0.187,0.001,0.812
525000,0.225,0.000,0.775
525500,0.200,0.000,0.800
526000,0.131,0.000,0.869
526500,0.092,0.000,0.908
527000,0.182,0.002,0.816
527500,0.135,0.002,0.863
528000,0.154,0.000,0.846
528500,0.204,0.000,0.796
529000,0.197,0.000,0.803
529500,0.185,0.000,0.815
530000,0.124,0.000,0.876
530500,0.235,0.000,0.765
531000,0.112,0.000,0.888
531500,0.174,0.018,0.808
532000,0.135,0.000,0.865
532500,0.215,0.000,0.785
533000,0.206,0.001,0.793
533500,0.280,0.000,0.720
534000,0.169,0.000,0.831
534500,0.162,0.000,0.838
535000,0.209,0.001,0.790
535500,0.195,0.000,0.805
536000,0.099,0.017,0.884
536500,0.204,0.000,0.796
537000,0.150,0.000,0.850
537500,0.149,0.000,0.851
538000,0.128,0.000,0.872
538500,0.111,0.003,0.886
539000,0.179,0.001,0.820
539500,0.150,0.000,0.850
540000,0.164,0.000,0.836
540500,0.227,0.000,0.773
541000,0.195,0.000,0.805
541500,0.203,0.000,0.797
542000,0.220,0.000,0.780
542500,0.189,0.000,0.811
543000,0.224,0.000,0.776
543500,0.175,0.000,0.825
544000,0.190,0.002,0.808
544500,0.189,0.000,0.811
545000,0.126,0.000,0.874
545500,0.141,0.005,0.854
546000,0.174,0.020,0.806
546500,0.178,0.000,0.822
547000,0.194,0.017,0.789
547500,0.229,0.000,0.771
548000,0.148,0.000,0.852
548500,0.180,0.000,0.820
549000,0.161,0.000,0.839
549500,0.106,0.004,0.890
550000,0.152,0.001,0.847
550500,0.102,0.000,0.898
551000,0.195,0.000,0.805
551500,0.162,0.000,0.838
552000,0.097,0.002,0.901
552500,0.125,0.000,0.875
553000,0.167,0.001,0.832
553500,0.150,0.000,0.850
554000,0.182,0.000,0.818
554500,0.172,0.000,0.828
555000,0.184,0.000,0.816
555500,0.114,0.008,0.878
556000,0.246,0.000,0.754
556500,0.145,0.005,0.850
557000,0.128,0.000,0.872
557500,0.185,0.000,0.815
558000,0.189,0.000,0.811
558500,0.180,0.000,0.820
559000,0.172,0.004,0.824
559500,0.099,0.017,0.884
560000,0.210,0.000,0.790
560500,0.164,0.000,0.836
561000,0.228,0.000,0.772
561500,0.116,0.000,0.884
562000,0.194,0.000,0.806
562500,0.179,0.000,0.821
563000,0.138,0.003,0.859
563500,0.218,0.011,0.771
564000,0.145,0.002,0.853
564500,0.139,0.000,0.861
565000,0.172,0.000,0.828
565500,0.227,0.000,0.773
566000,0.198,0.000,0.802
566500,0.201,0.000,0.799
567000,0.143,0.000,0.857
567500,0.118,0.019,0.863
568000,0.172,0.000,0.828
568500,0.154,0.016,0.830
569000,0.159,0.006,0.835
569500,0.135,0.000,0.865
570000,0.183,0.000,0.817
570500,0.144,0.000,0.856
571000,0.201,0.000,0.799
571500,0.191,0.000,0.809
572000,0.174,0.003,0.823
572500,0.150,0.000,0.850
573000,0.208,0.000,0.792
573500,0.133,0.000,0.867
574000,0.157,0.001,0.842
574500,0.123,0.000,0.877
575000,0.179,0.000,0.821
575500,0.182,0.019,0.799
576000,0.181,0.000,0.819
576500,0.108,0.007,0.885
577000,0.144,0.000,0.856
577500,0.148,0.000,0.852
578000,0.213,0.000,0.787
578500,0.113,0.026,0.861
579000,0.176,0.013,0.811
579500,0.117,0.013,0.870
580000,0.221,0.000,0.779
580500,0.119,0.015,0.866
581000,0.133,0.013,0.854
581500,0.172,0.000,0.828
582000,0.170,0.000,0.830
582500,0.186,0.000,0.814
583000,0.157,0.000,0.843
583500,0.134,0.019,0.847
584000,0.191,0.000,0.809
584500,0.111,0.002,0.887
585000,0.138,0.002,0.860
585500,0.214,0.000,0.786
586000,0.154,0.000,0.846
586500,0.137,0.000,0.863
587000,0.226,0.000,0.774
587500,0.170,0.000,0.830
588000,0.094,0.001,0.905
588500,0.248,0.000,0.752
589000,0.204,0.000,0.796
589500,0.129,0.000,0.871
590000,0.207,0.000,0.793
590500,0.205,0.000,0.795
591000,0.201,0.000,0.799
591500,0.129,0.000,0.871
592000,0.184,0.005,0.811
592500,0.145,0.012,0.843
593000,0.129,0.003,0.868
593500,0.198,0.000,0.802
594000,0.201,0.000,0.799
594500,0.112,0.000,0.888
595000,0.189,0.000,0.811
595500,0.143,0.000,0.857
596000,0.146,0.013,0.841
596500,0.142,0.009,0.849
597000,0.143,0.000,0.857
597500,0.109,0.012,0.879
598000,0.119,0.007,0.874
598500,0.151,0.001,0.848
599000,0.161,0.007,0.832
599500,0.138,0.003,0.859
600000,0.087,0.047,0.866
600500,0.108,0.005,0.887
601000,0.176,0.001,0.823
601500,0.095,0.014,0.891
602000,0.123,0.015,0.862
602500,0.175,0.004,0.821
603000,0.150,0.003,0.847
603500,0.140,0.000,0.860
604000,0.088,0.037,0.875
604500,0.151,0.000,0.849
605000,0.155,0.000,0.845
605500,0.164,0.001,0.835
606000,0.161,0.004,0.835
606500,0.147,0.000,0.853
607000,0.088,0.000,0.912
607500,0.198,0.000,0.802
608000,0.167,0.000,0.833
608500,0.152,0.000,0.848
609000,0.122,0.001,0.877
609500,0.192,0.000,0.808
610000,0.084,0.018,0.898
610500,0.151,0.021,0.828
611000,0.183,0.000,0.817
611500,0.158,0.000,0.842
612000,0.233,0.000,0.767
612500,0.130,0.000,0.870
613000,0.153,0.000,0.847
613500,0.124,0.000,0.876
614000,0.165,0.000,0.835
614500,0.182,0.003,0.815
615000,0.135,0.010,0.855
615500,0.215,0.000,0.785
616000,0.200,0.000,0.800
616500,0.164,0.000,0.836
617000,0.139,0.000,0.861
617500,0.106,0.000,0.894
618000,0.145,0.001,0.854
618500,0.148,0.003,0.849
619000,0.179,0.000,0.821
619500,0.126,0.005,0.869
620000,0.129,0.012,0.859
620500,0.180,0.000,0.820
621000,0.156,0.000,0.844
621500,0.114,0.013,0.873
622000,0.255,0.000,0.745
622500,0.119,0.016,0.865
623000,0.135,0.000,0.865
623500,0.213,0.009,0.778
624000,0.111,0.004,0.885
624500,0.175,0.000,0.825
625000,0.165,0.004,0.831
625500,0.221,0.000,0.779
626000,0.141,0.002,0.857
626500,0.120,0.002,0.878
627000,0.134,0.000,0.866
627500,0.182,0.001,0.817
628000,0.193,0.000,0.807
628500,0.169,0.024,0.807
629000,0.172,0.002,0.826
629500,0.142,0.000,0.858
630000,0.164,0.001,0.835
630500,0.110,0.002,0.888
631000,0.113,0.001,0.886
631500,0.223,0.000,0.777
632000,0.127,0.000,0.873
632500,0.127,0.029,0.844
633000,0.092,0.029,0.879
633500,0.128,0.029,0.843
634000,0.074,0.009,0.917
634500,0.126,0.001,0.873
635000,0.240,0.000,0.760
635500,0.205,0.000,0.795
636000,0.216,0.000,0.784
636500,0.210,0.000,0.790
637000,0.161,0.000,0.839
637500,0.170,0.000,0.830
638000,0.161,0.000,0.839
638500,0.108,0.008,0.884
639000,0.122,0.021,0.857
639500,0.217,0.000,0.783
640000,0.157,0.001,0.842
640500,0.240,0.000,0.760
641000,0.211,0.000,0.789
641500,0.186,0.000,0.814
642000,0.143,0.011,0.846
642500,0.219,0.000,0.781
643000,0.075,0.017,0.908
643500,0.159,0.005,0.836
644000,0.122,0.000,0.878
644500,0.130,0.012,0.858
645000,0.208,0.000,0.792
645500,0.194,0.000,0.806
646000,0.122,0.017,0.861
646500,0.154,0.000,0.846
647000,0.251,0.000,0.749
647500,0.142,0.000,0.858
648000,0.190,0.000,0.810
648500,0.148,0.000,0.852
649000,0.174,0.000,0.826
649500,0.161,0.005,0.834
650000,0.124,0.000,0.876
650500,0.139,0.000,0.861
651000,0.173,0.000,0.827
651500,0.146,0.000,0.854
652000,0.240,0.000,0.760
652500,0.141,0.002,0.857
653000,0.197,0.000,0.803
653500,0.266,0.000,0.734
654000,0.254,0.000,0.746
654500,0.217,0.000,0.783
655000,0.140,0.001,0.859
655500,0.182,0.000,0.818
656000,0.144,0.008,0.848
656500,0.124,0.000,0.876
657000,0.184,0.000,0.816
657500,0.155,0.001,0.844
658000,0.165,0.000,0.835
658500,0.173,0.000,0.827
659000,0.212,0.000,0.788
659500,0.193,0.000,0.807
660000,0.158,0.000,0.842
660500,0.155,0.000,0.845
661000,0.244,0.000,0.756
661500,0.222,0.000,0.778
662000,0.084,0.009,0.907
662500,0.156,0.000,0.844
663000,0.189,0.000,0.811
663500,0.104,0.011,0.885
664000,0.214,0.000,0.786
664500,0.229,0.014,0.757
665000,0.181,0.000,0.819
665500,0.152,0.000,0.848
666000,0.111,0.023,0.866
666500,0.253,0.000,0.747
667000,0.172,0.000,0.828
667500,0.164,0.000,0.836
668000,0.159,0.000,0.841
668500,0.164,0.000,0.836
669000,0.174,0.001,0.825
669500,0.130,0.002,0.868
670000,0.144,0.001,0.855
670500,0.146,0.000,0.854
671000,0.168,0.000,0.832
671500,0.122,0.016,0.862
672000,0.199,0.000,0.801
672500,0.148,0.012,0.840
673000,0.204,0.000,0.796
673500,0.191,0.002,0.807
674000,0.145,0.000,0.855
674500,0.143,0.000,0.857
675000,0.168,0.016,0.816
675500,0.114,0.003,0.883
676000,0.186,0.000,0.814
676500,0.236,0.000,0.764
677000,0.163,0.000,0.837
677500,0.140,0.000,0.860
678000,0.195,0.000,0.805
678500,0.175,0.000,0.825
679000,0.206,0.006,0.788
679500,0.134,0.000,0.866
680000,0.204,0.000,0.796
680500,0.213,0.000,0.787
681000,0.168,0.006,0.826
681500,0.194,0.014,0.792
682000,0.159,0.008,0.833
682500,0.131,0.012,0.857
683000,0.185,0.000,0.815
683500,0.267,0.000,0.733
684000,0.179,0.000,0.821
684500,0.134,0.018,0.848
685000,0.159,0.000,0.841
685500,0.154,0.000,0.846
686000,0.126,0.013,0.861
686500,0.172,0.000,0.828
687000,0.225,0.000,0.775
687500,0.163,0.000,0.837
688000,0.127,0.000,0.873
688500,0.203,0.000,0.797
689000,0.231,0.000,0.769
689500,0.162,0.000,0.838
690000,0.182,0.000,0.818
690500,0.115,0.002,0.883
691000,0.102,0.002,0.896
691500,0.170,0.000,0.830
692000,0.194,0.000,0.806
692500,0.186,0.000,0.814
693000,0.158,0.000,0.842
693500,0.160,0.013,0.827
694000,0.176,0.012,0.812
694500,0.100,0.000,0.900
695000,0.127,0.010,0.863
695500,0.159,0.000,0.841
696000,0.168,0.000,0.832
696500,0.226,0.000,0.774
697000,0.143,0.000,0.857
697500,0.184,0.019,0.797
698000,0.168,0.011,0.821
698500,0.147,0.000,0.853
699000,0.170,0.009,0.821
699500,0.160,0.000,0.840
700000,0.117,0.012,0.871
700500,0.219,0.000,0.781
701000,0.206,0.000,0.794
701500,0.202,0.000,0.798
702000,0.139,0.000,0.861
702500,0.092,0.012,0.896
703000,0.135,0.001,0.864
703500,0.152,0.000,0.848
704000,0.162,0.000,0.838
704500,0.217,0.002,0.781
705000,0.237,0.000,0.763
705500,0.127,0.000,0.873
706000,0.221,0.000,0.779
706500,0.196,0.000,0.804
707000,0.155,0.000,0.845
707500,0.182,0.000,0.818
708000,0.189,0.000,0.811
708500,0.127,0.000,0.873
709000,0.149,0.003,0.848
709500,0.211,0.000,0.789
710000,0.174,0.000,0.826
710500,0.101,0.002,0.897
711000,0.259,0.000,0.741
711500,0.157,0.000,0.843
712000,0.123,0.000,0.877
712500,0.137,0.006,0.857
713000,0.215,0.000,0.785
713500,0.097,0.000,0.903
714000,0.254,0.000,0.746
714500,0.171,0.021,0.808
715000,0.211,0.000,0.789
715500,0.188,0.000,0.812
716000,0.127,0.000,0.873
716500,0.133,0.005,0.862
717000,0.191,0.000,0.809
717500,0.118,0.011,0.871
718000,0.164,0.000,0.836
718500,0.228,0.000,0.772
719000,0.217,0.000,0.783
719500,0.121,0.004,0.875
720000,0.132,0.001,0.867
720500,0.169,0.016,0.815
721000,0.182,0.000,0.818
721500,0.228,0.000,0.772
722000,0.235,0.000,0.765
722500,0.206,0.000,0.794
723000,0.181,0.001,0.818
723500,0.162,0.000,0.838
724000,0.132,0.005,0.863
724500,0.168,0.000,0.832
725000,0.215,0.000,0.785
725500,0.222,0.000,0.778
726000,0.189,0.000,0.811
726500,0.182,0.002,0.816
727000,0.164,0.016,0.820
727500,0.176,0.000,0.824
728000,0.173,0.000,0.827
728500,0.139,0.000,0.861
729000,0.234,0.000,0.766
729500,0.187,0.000,0.813
730000,0.154,0.005,0.841
730500,0.138,0.000,0.862
731000,0.190,0.000,0.810
731500,0.192,0.000,0.808
732000,0.156,0.000,0.844
732500,0.195,0.004,0.801
733000,0.172,0.000,0.828
733500,0.236,0.000,0.764
734000,0.132,0.008,0.860
734500,0.113,0.002,0.885
735000,0.156,0.000,0.844
735500,0.205,0.000,0.795
736000,0.153,0.000,0.847
736500,0.229,0.000,0.771
737000,0.179,0.000,0.821
737500,0.101,0.001,0.898
738000,0.142,0.001,0.857
738500,0.153,0.000,0.847
739000,0.200,0.000,0.800
739500,0.173,0.000,0.827
740000,0.192,0.000,0.808
740500,0.143,0.000,0.857
741000,0.198,0.000,0.802
741500,0.179,0.000,0.821
742000,0.067,0.015,0.918
742500,0.123,0.002,0.875
743000,0.154,0.000,0.846
743500,0.179,0.000,0.821
744000,0.165,0.000,0.835
744500,0.150,0.016,0.834
745000,0.205,0.000,0.795
745500,0.218,0.000,0.782
746000,0.179,0.030,0.791
746500,0.286,0.000,0.714
747000,0.156,0.000,0.844
747500,0.155,0.000,0.845
748000,0.216,0.000,0.784
748500,0.217,0.000,0.783
749000,0.149,0.005,0.846
749500,0.153,0.003,0.844
750000,0.143,0.000,0.857
750500,0.182,0.013,0.805
751000,0.227,0.000,0.773
751500,0.226,0.000,0.774
752000,0.091,0.013,0.896
752500,0.125,0.000,0.875
753000,0.158,0.000,0.842
753500,0.161,0.000,0.839
754000,0.215,0.006,0.779
754500,0.204,0.000,0.796
755000,0.202,0.000,0.798
755500,0.100,0.000,0.900
756000,0.118,0.000,0.882
756500,0.185,0.000,0.815
757000,0.184,0.000,0.816
757500,0.112,0.014,0.874
758000,0.191,0.000,0.809
758500,0.218,0.000,0.782
759000,0.239,0.000,0.761
759500,0.171,0.000,0.829
760000,0.157,0.000,0.843
760500,0.151,0.000,0.849
761000,0.230,0.000,0.770
761500,0.123,0.000,0.877
762000,0.164,0.000,0.836
762500,0.169,0.009,0.822
763000,0.182,0.000,0.818
763500,0.100,0.000,0.900
764000,0.107,0.006,0.887
764500,0.209,0.007,0.784
765000,0.230,0.000,0.770
765500,0.178,0.000,0.822
766000,0.137,0.000,0.863
766500,0.170,0.000,0.830
767000,0.231,0.000,0.769
767500,0.169,0.000,0.831
768000,0.195,0.014,0.791
768500,0.163,0.000,0.837
769000,0.175,0.000,0.825
769500,0.113,0.006,0.881
770000,0.214,0.001,0.785
770500,0.197,0.000,0.803
771000,0.136,0.000,0.864
771500,0.138,0.000,0.862
772000,0.179,0.000,0.821
772500,0.115,0.007,0.878
773000,0.168,0.000,0.832
773500,0.134,0.019,0.847
774000,0.131,0.000,0.869
774500,0.157,0.000,0.843
775000,0.115,0.015,0.870
775500,0.153,0.007,0.840
776000,0.159,0.002,0.839
776500,0.187,0.003,0.810
777000,0.158,0.000,0.842
777500,0.184,0.000,0.816
778000,0.167,0.000,0.833
778500,0.174,0.001,0.825
779000,0.181,0.000,0.819
779500,0.110,0.010,0.880
780000,0.132,0.000,0.868
780500,0.157,0.014,0.829
781000,0.153,0.000,0.847
781500,0.172,0.000,0.828
782000,0.178,0.000,0.822
782500,0.214,0.000,0.786
783000,0.098,0.003,0.899
783500,0.214,0.000,0.786
784000,0.163,0.000,0.837
784500,0.151,0.010,0.839
785000,0.184,0.000,0.816
785500,0.154,0.003,0.843
786000,0.168,0.000,0.832
786500,0.151,0.000,0.849
787000,0.149,0.000,0.851
787500,0.211,0.000,0.789
788000,0.170,0.000,0.830
788500,0.203,0.004,0.793
789000,0.215,0.000,0.785
789500,0.146,0.000,0.854
790000,0.227,0.000,0.773
790500,0.092,0.015,0.893
791000,0.170,0.000,0.830
791500,0.135,0.000,0.865
792000,0.172,0.000,0.828
792500,0.187,0.000,0.813
793000,0.162,0.000,0.838
793500,0.215,0.000,0.785
794000,0.165,0.000,0.835
794500,0.158,0.000,0.842
795000,0.180,0.000,0.820
795500,0.113,0.000,0.887
796000,0.144,0.000,0.856
796500,0.077,0.049,0.874
797000,0.164,0.022,0.814
797500,0.174,0.000,0.826
798000,0.216,0.000,0.784
798500,0.166,0.000,0.834
799000,0.154,0.000,0.846
799500,0.135,0.016,0.849
800000,0.168,0.001,0.831
800500,0.210,0.000,0.790
801000,0.170,0.000,0.830
801500,0.238,0.000,0.762
802000,0.097,0.021,0.882
802500,0.208,0.000,0.792
803000,0.152,0.000,0.848
803500,0.219,0.001,0.780
804000,0.133,0.000,0.867
804500,0.153,0.000,0.847
805000,0.166,0.001,0.833
805500,0.200,0.004,0.796
806000,0.160,0.005,0.835
806500,0.164,0.000,0.836
807000,0.157,0.000,0.843
807500,0.141,0.006,0.853
808000,0.149,0.000,0.851
808500,0.182,0.000,0.818
809000,0.225,0.000,0.775
809500,0.223,0.000,0.777
810000,0.264,0.000,0.736
810500,0.143,0.000,0.857
811000,0.290,0.000,0.710
811500,0.164,0.002,0.834
812000,0.169,0.006,0.825
812500,0.138,0.001,0.861
813000,0.160,0.000,0.840
813500,0.212,0.000,0.788
814000,0.140,0.000,0.860
814500,0.276,0.000,0.724
815000,0.151,0.000,0.849
815500,0.133,0.020,0.847
816000,0.187,0.016,0.797
816500,0.195,0.000,0.805
817000,0.176,0.000,0.824
817500,0.184,0.000,0.816
818000,0.207,0.000,0.793
818500,0.163,0.000,0.837
819000,0.151,0.002,0.847
819500,0.203,0.000,0.797
820000,0.275,0.000,0.725
820500,0.229,0.001,0.770
821000,0.105,0.000,0.895
821500,0.206,0.003,0.791
822000,0.166,0.002,0.832
822500,0.216,0.000,0.784
823000,0.171,0.000,0.829
823500,0.164,0.000,0.836
824000,0.143,0.000,0.857
824500,0.165,0.000,0.835
825000,0.228,0.000,0.772
825500,0.140,0.006,0.854
826000,0.242,0.000,0.758
826500,0.202,0.000,0.798
827000,0.136,0.000,0.864
827500,0.138,0.025,0.837
828000,0.087,0.006,0.907
828500,0.159,0.004,0.837
829000,0.187,0.000,0.813
829500,0.158,0.000,0.842
830000,0.198,0.000,0.802
830500,0.191,0.000,0.809
831000,0.159,0.001,0.840
831500,0.227,0.000,0.773
832000,0.146,0.000,0.854
832500,0.205,0.000,0.795
833000,0.175,0.000,0.825
833500,0.219,0.000,0.781
834000,0.188,0.000,0.812
834500,0.184,0.000,0.816
835000,0.223,0.000,0.777
835500,0.145,0.000,0.855
836000,0.164,0.000,0.836
836500,0.177,0.000,0.823
837000,0.226,0.000,0.774
837500,0.128,0.006,0.866
838000,0.115,0.011,0.874
838500,0.237,0.000,0.763
839000,0.214,0.000,0.786
839500,0.225,0.002,0.773
840000,0.230,0.000,0.770
840500,0.167,0.000,0.833
841000,0.143,0.000,0.857
841500,0.160,0.000,0.840
842000,0.074,0.040,0.886
842500,0.185,0.000,0.815
843000,0.111,0.000,0.889
843500,0.218,0.000,0.782
844000,0.106,0.002,0.892
844500,0.204,0.000,0.796
845000,0.171,0.000,0.829
845500,0.118,0.000,0.882
846000,0.170,0.000,0.830
846500,0.146,0.005,0.849
847000,0.161,0.000,0.839
847500,0.119,0.022,0.859
848000,0.165,0.009,0.826
848500,0.287,0.000,0.713
849000,0.166,0.015,0.819
849500,0.135,0.002,0.863
850000,0.147,0.000,0.853
850500,0.198,0.000,0.802
851000,0.178,0.000,0.822
851500,0.291,0.000,0.709
852000,0.182,0.000,0.818
852500,0.145,0.000,0.855
853000,0.151,0.000,0.849
853500,0.176,0.000,0.824
854000,0.154,0.005,0.841
854500,0.170,0.000,0.830
855000,0.216,0.000,0.784
855500,0.210,0.000,0.790
856000,0.120,0.006,0.874
856500,0.088,0.001,0.911
857000,0.150,0.001,0.849
857500,0.144,0.006,0.850
858000,0.182,0.000,0.818
858500,0.205,0.000,0.795
859000,0.193,0.000,0.807
859500,0.253,0.000,0.747
860000,0.104,0.023,0.873
860500,0.144,0.000,0.856
861000,0.138,0.000,0.862
861500,0.206,0.000,0.794
862000,0.110,0.006,0.884
862500,0.208,0.000,0.792
863000,0.193,0.003,0.804
863500,0.223,0.000,0.777
864000,0.117,0.000,0.883
864500,0.168,0.000,0.832
865000,0.080,0.007,0.913
865500,0.119,0.014,0.867
866000,0.215,0.000,0.785
866500,0.179,0.000,0.821
867000,0.170,0.000,0.830
867500,0.148,0.000,0.852
868000,0.263,0.000,0.737
868500,0.159,0.000,0.841
869000,0.071,0.039,0.890
869500,0.162,0.001,0.837
870000,0.146,0.003,0.851
870500,0.203,0.000,0.797
871000,0.224,0.000,0.776
871500,0.155,0.000,0.845
872000,0.129,0.000,0.871
872500,0.212,0.000,0.788
873000,0.096,0.000,0.904
873500,0.143,0.000,0.857
874000,0.138,0.002,0.860
874500,0.182,0.000,0.818
875000,0.224,0.000,0.776
875500,0.223,0.000,0.777
876000,0.220,0.000,0.780
876500,0.151,0.000,0.849
877000,0.134,0.000,0.866
877500,0.122,0.019,0.859
878000,0.116,0.006,0.878
878500,0.164,0.005,0.831
879000,0.194,0.000,0.806
879500,0.167,0.000,0.833
880000,0.174,0.000,0.826
880500,0.230,0.000,0.770
881000,0.121,0.008,0.871
881500,0.121,0.000,0.879
882000,0.225,0.000,0.775
882500,0.141,0.000,0.859
883000,0.142,0.000,0.858
883500,0.130,0.022,0.848
884000,0.150,0.000,0.850
884500,0.184,0.000,0.816
885000,0.180,0.000,0.820
885500,0.195,0.003,0.802
886000,0.195,0.000,0.805
886500,0.148,0.000,0.852
887000,0.193,0.000,0.807
887500,0.124,0.002,0.874
888000,0.236,0.000,0.764
888500,0.190,0.008,0.802
889000,0.105,0.012,0.883
889500,0.171,0.000,0.829
890000,0.085,0.007,0.908
890500,0.135,0.006,0.859
891000,0.129,0.000,0.871
891500,0.190,0.000,0.810
892000,0.205,0.000,0.795
892500,0.198,0.006,0.796
893000,0.174,0.000,0.826
893500,0.121,0.000,0.879
894000,0.131,0.001,0.868
894500,0.205,0.000,0.795
895000,0.186,0.000,0.814
895500,0.159,0.000,0.841
896000,0.160,0.000,0.840
896500,0.145,0.000,0.855
897000,0.152,0.000,0.848
897500,0.153,0.002,0.845
898000,0.109,0.013,0.878
898500,0.122,0.021,0.857
899000,0.183,0.000,0.817
899500,0.167,0.000,0.833
900000,0.149,0.000,0.851
900500,0.160,0.000,0.840
901000,0.193,0.000,0.807
901500,0.135,0.000,0.865
902000,0.152,0.011,0.837
902500,0.208,0.000,0.792
903000,0.161,0.002,0.837
903500,0.194,0.004,0.802
904000,0.180,0.000,0.820
904500,0.182,0.000,0.818
905000,0.142,0.000,0.858
905500,0.152,0.000,0.848
906000,0.225,0.001,0.774
906500,0.193,0.000,0.807
907000,0.120,0.016,0.864
907500,0.211,0.003,0.786
908000,0.123,0.000,0.877
908500,0.123,0.014,0.863
909000,0.169,0.000,0.831
909500,0.229,0.000,0.771
910000,0.204,0.000,0.796
910500,0.201,0.000,0.799
911000,0.183,0.000,0.817
911500,0.148,0.000,0.852
912000,0.167,0.002,0.831
912500,0.134,0.010,0.856
913000,0.167,0.005,0.828
913500,0.156,0.000,0.844
914000,0.162,0.000,0.838
914500,0.152,0.000,0.848
915000,0.179,0.000,0.821
915500,0.245,0.000,0.755
916000,0.232,0.000,0.768
916500,0.178,0.000,0.822
917000,0.147,0.000,0.853
917500,0.212,0.007,0.781
918000,0.098,0.024,0.878
918500,0.177,0.000,0.823
919000,0.166,0.017,0.817
919500,0.212,0.002,0.786
920000,0.248,0.000,0.752
920500,0.203,0.000,0.797
921000,0.191,0.000,0.809
921500,0.185,0.000,0.815
922000,0.232,0.000,0.768
922500,0.144,0.000,0.856
923000,0.154,0.000,0.846
923500,0.195,0.000,0.805
924000,0.234,0.000,0.766
924500,0.186,0.000,0.814
925000,0.153,0.024,0.823
925500,0.178,0.001,0.821
926000,0.196,0.002,0.802
926500,0.181,0.000,0.819
927000,0.111,0.000,0.889
927500,0.214,0.000,0.786
928000,0.166,0.000,0.834
928500,0.179,0.000,0.821
929000,0.268,0.000,0.732
929500,0.204,0.000,0.796
930000,0.130,0.000,0.870
930500,0.141,0.000,0.859
931000,0.204,0.000,0.796
931500,0.128,0.000,0.872
932000,0.197,0.000,0.803
932500,0.245,0.000,0.755
933000,0.195,0.000,0.805
933500,0.210,0.005,0.785
934000,0.197,0.000,0.803
934500,0.160,0.000,0.840
935000,0.146,0.004,0.850
935500,0.140,0.000,0.860
936000,0.257,0.000,0.743
936500,0.158,0.000,0.842
937000,0.153,0.000,0.847
937500,0.188,0.000,0.812
938000,0.123,0.018,0.859
938500,0.188,0.000,0.812
939000,0.205,0.000,0.795
939500,0.178,0.000,0.822
940000,0.100,0.002,0.898
940500,0.174,0.003,0.823
941000,0.145,0.000,0.855
941500,0.216,0.000,0.784
942000,0.149,0.000,0.851
942500,0.152,0.000,0.848
943000,0.179,0.000,0.821
943500,0.103,0.000,0.897
944000,0.117,0.019,0.864
944500,0.084,0.011,0.905
945000,0.123,0.003,0.874
945500,0.122,0.000,0.878
946000,0.176,0.000,0.824
946500,0.154,0.000,0.846
947000,0.156,0.037,0.807
947500,0.222,0.000,0.778
948000,0.153,0.000,0.847
948500,0.183,0.002,0.815
949000,0.181,0.000,0.819
949500,0.135,0.000,0.865
950000,0.094,0.004,0.902
950500,0.164,0.000,0.836
951000,0.199,0.000,0.801
951500,0.177,0.000,0.823
952000,0.165,0.000,0.835
952500,0.256,0.000,0.744
953000,0.216,0.000,0.784
953500,0.114,0.009,0.877
954000,0.114,0.000,0.886
954500,0.200,0.000,0.800
955000,0.197,0.000,0.803
955500,0.157,0.000,0.843
956000,0.220,0.003,0.777
956500,0.157,0.010,0.833
957000,0.094,0.012,0.894
957500,0.168,0.000,0.832
958000,0.145,0.008,0.847
958500,0.166,0.000,0.834
959000,0.256,0.000,0.744
959500,0.120,0.003,0.877
960000,0.106,0.000,0.894
960500,0.196,0.000,0.804
961000,0.140,0.000,0.860
961500,0.174,0.010,0.816
962000,0.140,0.000,0.860
962500,0.149,0.018,0.833
963000,0.195,0.000,0.805
963500,0.145,0.010,0.845
964000,0.145,0.007,0.848
964500,0.163,0.000,0.837
965000,0.153,0.000,0.847
965500,0.193,0.000,0.807
966000,0.186,0.000,0.814
966500,0.159,0.004,0.837
967000,0.152,0.000,0.848
967500,0.129,0.000,0.871
968000,0.179,0.000,0.821
968500,0.119,0.000,0.881
969000,0.233,0.000,0.767
969500,0.213,0.000,0.787
970000,0.182,0.000,0.818
970500,0.130,0.000,0.870
971000,0.173,0.000,0.827
971500,0.164,0.011,0.825
972000,0.129,0.000,0.871
972500,0.239,0.000,0.761
973000,0.139,0.000,0.861
973500,0.206,0.000,0.794
974000,0.171,0.001,0.828
974500,0.194,0.000,0.806
975000,0.191,0.000,0.809
975500,0.152,0.025,0.823
976000,0.161,0.000,0.839
976500,0.198,0.000,0.802
977000,0.224,0.000,0.776
977500,0.224,0.000,0.776
978000,0.148,0.000,0.852
978500,0.109,0.000,0.891
979000,0.087,0.025,0.888
979500,0.130,0.000,0.870
980000,0.135,0.000,0.865
980500,0.135,0.000,0.865
981000,0.138,0.000,0.862
981500,0.200,0.000,0.800
982000,0.186,0.000,0.814
982500,0.133,0.000,0.867
983000,0.163,0.001,0.836
983500,0.111,0.014,0.875
984000,0.105,0.034,0.861
984500,0.193,0.000,0.807
985000,0.199,0.000,0.801
985500,0.143,0.004,0.853
986000,0.128,0.000,0.872
986500,0.143,0.000,0.857
987000,0.271,0.000,0.729
987500,0.195,0.000,0.805
988000,0.182,0.000,0.818
988500,0.139,0.000,0.861
989000,0.184,0.008,0.808
989500,0.150,0.000,0.850
990000,0.159,0.000,0.841
990500,0.175,0.026,0.799
991000,0.143,0.020,0.837
991500,0.187,0.000,0.813
992000,0.059,0.024,0.917
992500,0.185,0.000,0.815
993000,0.214,0.000,0.786
993500,0.172,0.000,0.828
994000,0.133,0.000,0.867
994500,0.234,0.000,0.766
995000,0.193,0.010,0.797
995500,0.130,0.000,0.870
996000,0.168,0.000,0.832
996500,0.152,0.000,0.848
997000,0.149,0.000,0.851
997500,0.183,0.000,0.817
998000,0.164,0.000,0.836
998500,0.196,0.016,0.788
999000,0.187,0.004,0.809
999500,0.142,0.000,0.858
1000000,0.200,0.000,0.800
