time,n_A+p,n_B,n_AB
100,0.400,0.479,0.122
200,0.382,0.434,0.184
300,0.357,0.414,0.228
400,0.357,0.382,0.261
500,0.323,0.409,0.268
600,0.308,0.429,0.263
700,0.273,0.417,0.310
800,0.278,0.417,0.305
900,0.278,0.412,0.310
1000,0.293,0.424,0.283
1100,0.290,0.402,0.308
1200,0.273,0.417,0.310
1300,0.273,0.419,0.308
1400,0.253,0.429,0.318
1500,0.253,0.427,0.320
1600,0.196,0.469,0.335
1700,0.216,0.471,0.313
1800,0.211,0.496,0.293
1900,0.218,0.494,0.288
2000,0.208,0.494,0.298
2100,0.223,0.479,0.298
2200,0.231,0.474,0.295
2300,0.218,0.504,0.278
2400,0.196,0.516,0.288
2500,0.211,0.496,0.293
2600,0.194,0.494,0.313
2700,0.189,0.541,0.270
2800,0.166,0.529,0.305
2900,0.164,0.543,0.293
3000,0.159,0.546,0.295
3100,0.171,0.538,0.290
3200,0.161,0.529,0.310
3300,0.141,0.521,0.337
3400,0.164,0.499,0.337
3500,0.154,0.541,0.305
3600,0.156,0.536,0.308
3700,0.166,0.531,0.303
3800,0.176,0.536,0.288
3900,0.164,0.566,0.270
4000,0.164,0.576,0.261
4100,0.164,0.581,0.256
4200,0.156,0.598,0.246
4300,0.139,0.588,0.273
4400,0.134,0.605,0.261
4500,0.144,0.593,0.263
4600,0.144,0.613,0.243
4700,0.129,0.643,0.228
4800,0.117,0.653,0.231
4900,0.117,0.667,0.216
5000,0.112,0.667,0.221
5100,0.107,0.680,0.213
5200,0.117,0.667,0.216
5300,0.112,0.670,0.218
5400,0.092,0.672,0.236
5500,0.109,0.663,0.228
5600,0.104,0.658,0.238
5700,0.102,0.665,0.233
5800,0.107,0.660,0.233
5900,0.099,0.658,0.243
6000,0.112,0.665,0.223
6100,0.104,0.682,0.213
6200,0.082,0.663,0.256
6300,0.082,0.697,0.221
6400,0.084,0.680,0.236
6500,0.074,0.712,0.213
6600,0.074,0.717,0.208
6700,0.067,0.720,0.213
6800,0.067,0.722,0.211
6900,0.067,0.715,0.218
7000,0.060,0.742,0.199
7100,0.055,0.734,0.211
7200,0.072,0.727,0.201
7300,0.069,0.749,0.181
7400,0.057,0.767,0.176
7500,0.050,0.762,0.189
7600,0.042,0.774,0.184
7700,0.035,0.811,0.154
7800,0.032,0.811,0.156
7900,0.042,0.814,0.144
8000,0.045,0.814,0.141
8100,0.050,0.814,0.136
8200,0.045,0.814,0.141
8300,0.057,0.819,0.124
8400,0.045,0.831,0.124
8500,0.047,0.819,0.134
8600,0.052,0.814,0.134
8700,0.047,0.816,0.136
8800,0.032,0.844,0.124
8900,0.037,0.851,0.112
9000,0.035,0.876,0.089
9100,0.040,0.873,0.087
9200,0.045,0.878,0.077
9300,0.030,0.893,0.077
9400,0.037,0.908,0.055
9500,0.027,0.921,0.052
9600,0.027,0.916,0.057
9700,0.022,0.918,0.060
9800,0.020,0.908,0.072
9900,0.015,0.913,0.072
10000,0.015,0.908,0.077
10100,0.015,0.903,0.082
10200,0.022,0.901,0.077
10300,0.020,0.918,0.062
10400,0.017,0.916,0.067
10500,0.010,0.926,0.065
10600,0.010,0.931,0.060
10700,0.017,0.926,0.057
10800,0.017,0.931,0.052
10900,0.017,0.931,0.052
11000,0.015,0.933,0.052
11100,0.015,0.940,0.045
11200,0.015,0.943,0.042
11300,0.015,0.953,0.032
11400,0.012,0.958,0.030
11500,0.012,0.968,0.020
11600,0.010,0.965,0.025
11700,0.007,0.970,0.022
11800,0.007,0.963,0.030
11900,0.007,0.968,0.025
12000,0.007,0.973,0.020
12100,0.007,0.973,0.020
12200,0.007,0.975,0.017
12300,0.007,0.978,0.015
12400,0.007,0.980,0.012
12500,0.007,0.980,0.012
12600,0.005,0.980,0.015
12700,0.005,0.983,0.012
12800,0.005,0.978,0.017
12900,0.005,0.978,0.017
13000,0.005,0.973,0.022
13100,0.005,0.968,0.027
13200,0.005,0.965,0.030
13300,0.005,0.963,0.032
13400,0.005,0.973,0.022
13500,0.005,0.980,0.015
13600,0.002,0.978,0.020
13700,0.002,0.980,0.017
13800,0.002,0.983,0.015
13900,0.002,0.983,0.015
14000,0.002,0.978,0.020
14100,0.002,0.980,0.017
14200,0.002,0.980,0.017
14300,0.002,0.980,0.017
14400,0.002,0.980,0.017
14500,0.002,0.980,0.017
14600,0.002,0.980,0.017
14700,0.002,0.980,0.017
14800,0.002,0.983,0.015
14900,0.002,0.985,0.012
15000,0.002,0.983,0.015
15100,0.002,0.983,0.015
15200,0.002,0.983,0.015
15300,0.002,0.985,0.012
15400,0.002,0.988,0.010
15500,0.002,0.988,0.010
15600,0.002,0.993,0.005
15700,0.002,0.993,0.005
15800,0.002,0.993,0.005
15900,0.002,0.993,0.005
16000,0.000,0.993,0.007
16100,0.000,0.993,0.007
16200,0.000,0.993,0.007
16300,0.000,0.995,0.005
16400,0.000,0.995,0.005
16500,0.000,0.995,0.005
16600,0.000,0.995,0.005
16700,0.000,0.990,0.010
16800,0.000,0.995,0.005
16900,0.000,0.995,0.005
17000,0.000,0.995,0.005
17100,0.000,0.995,0.005
17200,0.000,0.995,0.005
17300,0.000,0.995,0.005
17400,0.000,0.995,0.005
17500,0.000,0.995,0.005
17600,0.000,0.995,0.005
17700,0.000,0.998,0.002
17800,0.000,0.998,0.002
17900,0.000,1.000,0.000
