time,n_A+p,n_B,n_AB
500,0.050,0.742,0.208
1000,0.050,0.361,0.589
1500,0.050,0.235,0.715
2000,0.050,0.218,0.732
2500,0.050,0.260,0.690
3000,0.050,0.299,0.651
3500,0.050,0.240,0.710
4000,0.050,0.245,0.704
4500,0.050,0.238,0.712
5000,0.050,0.265,0.685
5500,0.050,0.279,0.671
6000,0.053,0.235,0.711
6500,0.052,0.175,0.772
7000,0.050,0.169,0.781
7500,0.057,0.206,0.737
8000,0.057,0.210,0.734
8500,0.065,0.143,0.792
9000,0.124,0.070,0.806
9500,0.208,0.026,0.765
10000,0.622,0.001,0.377
10500,0.830,0.000,0.170
11000,0.919,0.000,0.081
11500,0.922,0.000,0.078
12000,0.943,0.000,0.057
12500,0.969,0.000,0.031
13000,0.985,0.000,0.015
13500,0.983,0.000,0.017
14000,1.000,0.000,0.000
14500,1.000,0.000,0.000
