time,n_A+p,n_B,n_AB
500,0.030,0.426,0.544
1000,0.032,0.240,0.728
1500,0.030,0.254,0.716
2000,0.030,0.344,0.626
2500,0.030,0.359,0.611
3000,0.030,0.266,0.704
3500,0.030,0.338,0.632
4000,0.030,0.262,0.708
4500,0.030,0.297,0.673
5000,0.030,0.247,0.723
5500,0.031,0.278,0.691
6000,0.030,0.374,0.596
6500,0.053,0.262,0.685
7000,0.030,0.240,0.730
7500,0.030,0.317,0.653
8000,0.030,0.360,0.610
8500,0.030,0.362,0.608
9000,0.030,0.267,0.703
9500,0.030,0.198,0.772
10000,0.030,0.315,0.655
10500,0.030,0.286,0.684
11000,0.030,0.160,0.810
11500,0.030,0.203,0.767
12000,0.035,0.164,0.801
12500,0.030,0.283,0.687
13000,0.030,0.238,0.732
13500,0.030,0.182,0.788
14000,0.030,0.345,0.625
14500,0.030,0.265,0.705
15000,0.030,0.358,0.612
15500,0.030,0.241,0.729
16000,0.030,0.220,0.750
16500,0.030,0.323,0.647
17000,0.044,0.174,0.782
17500,0.030,0.496,0.474
18000,0.030,0.216,0.754
18500,0.479,0.004,0.517
19000,0.956,0.000,0.044
19500,0.987,0.000,0.013
20000,1.000,0.000,0.000
