time,n_A+p,n_B,n_AB
500,0.050,0.853,0.097
1000,0.050,0.730,0.220
1500,0.050,0.597,0.353
2000,0.053,0.483,0.463
2500,0.053,0.408,0.538
3000,0.060,0.325,0.615
3500,0.057,0.277,0.666
4000,0.062,0.311,0.627
4500,0.065,0.297,0.639
5000,0.068,0.263,0.669
5500,0.077,0.259,0.664
6000,0.098,0.223,0.680
6500,0.097,0.199,0.704
7000,0.116,0.192,0.693
7500,0.117,0.173,0.710
8000,0.133,0.144,0.723
8500,0.188,0.095,0.718
9000,0.198,0.093,0.710
9500,0.226,0.063,0.711
10000,0.316,0.041,0.643
10500,0.365,0.019,0.616
11000,0.410,0.011,0.579
11500,0.478,0.003,0.519
12000,0.491,0.001,0.508
12500,0.540,0.002,0.458
13000,0.615,0.001,0.385
13500,0.604,0.001,0.396
14000,0.627,0.000,0.373
14500,0.623,0.000,0.377
15000,0.637,0.000,0.363
15500,0.640,0.000,0.360
16000,0.626,0.000,0.374
16500,0.638,0.000,0.362
17000,0.691,0.000,0.309
17500,0.722,0.000,0.278
18000,0.733,0.000,0.267
18500,0.728,0.000,0.272
19000,0.715,0.000,0.285
19500,0.684,0.000,0.316
20000,0.650,0.000,0.350
20500,0.659,0.000,0.341
21000,0.655,0.000,0.345
21500,0.673,0.000,0.327
22000,0.653,0.000,0.347
22500,0.636,0.000,0.364
23000,0.629,0.000,0.371
23500,0.649,0.000,0.351
24000,0.653,0.000,0.347
24500,0.640,0.000,0.360
25000,0.592,0.000,0.408
25500,0.624,0.000,0.376
26000,0.619,0.000,0.381
26500,0.597,0.000,0.403
27000,0.653,0.000,0.347
27500,0.651,0.000,0.349
28000,0.721,0.000,0.279
28500,0.730,0.000,0.270
29000,0.747,0.000,0.253
29500,0.745,0.000,0.255
30000,0.761,0.000,0.239
30500,0.751,0.000,0.249
31000,0.739,0.000,0.261
31500,0.743,0.000,0.257
32000,0.715,0.000,0.285
32500,0.699,0.000,0.301
33000,0.726,0.000,0.274
33500,0.673,0.000,0.327
34000,0.690,0.000,0.310
34500,0.641,0.004,0.355
35000,0.651,0.002,0.347
35500,0.627,0.001,0.372
36000,0.644,0.000,0.356
36500,0.659,0.000,0.341
37000,0.657,0.000,0.343
37500,0.696,0.000,0.304
38000,0.680,0.000,0.320
38500,0.700,0.000,0.300
39000,0.669,0.000,0.331
39500,0.659,0.000,0.341
40000,0.661,0.000,0.339
40500,0.652,0.000,0.348
41000,0.657,0.000,0.343
41500,0.680,0.000,0.320
42000,0.642,0.000,0.358
42500,0.656,0.000,0.344
43000,0.585,0.000,0.415
43500,0.605,0.000,0.395
44000,0.652,0.000,0.348
44500,0.670,0.000,0.330
45000,0.655,0.000,0.345
45500,0.610,0.000,0.390
46000,0.659,0.000,0.341
46500,0.640,0.000,0.360
47000,0.633,0.000,0.367
47500,0.614,0.000,0.386
48000,0.609,0.000,0.391
48500,0.593,0.000,0.407
49000,0.615,0.000,0.385
49500,0.598,0.000,0.402
50000,0.670,0.000,0.330
50500,0.701,0.000,0.299
51000,0.680,0.000,0.320
51500,0.659,0.000,0.341
52000,0.666,0.000,0.334
52500,0.666,0.000,0.334
53000,0.638,0.000,0.362
53500,0.632,0.000,0.368
54000,0.617,0.000,0.383
54500,0.619,0.000,0.381
55000,0.626,0.000,0.374
55500,0.639,0.000,0.361
56000,0.630,0.000,0.370
56500,0.615,0.000,0.385
57000,0.632,0.000,0.368
57500,0.665,0.000,0.335
58000,0.646,0.000,0.354
58500,0.645,0.000,0.355
59000,0.652,0.000,0.348
59500,0.653,0.000,0.347
60000,0.641,0.000,0.359
60500,0.672,0.000,0.328
61000,0.717,0.000,0.283
61500,0.689,0.000,0.311
62000,0.701,0.000,0.299
62500,0.664,0.000,0.336
63000,0.654,0.000,0.346
63500,0.615,0.000,0.385
64000,0.623,0.000,0.377
64500,0.647,0.000,0.353
65000,0.597,0.000,0.403
65500,0.628,0.000,0.372
66000,0.609,0.000,0.391
66500,0.599,0.002,0.399
67000,0.598,0.001,0.402
67500,0.595,0.000,0.405
68000,0.642,0.000,0.358
68500,0.640,0.000,0.360
69000,0.641,0.000,0.359
69500,0.664,0.000,0.336
70000,0.686,0.000,0.314
70500,0.677,0.000,0.323
71000,0.650,0.000,0.350
71500,0.640,0.000,0.360
72000,0.624,0.000,0.376
72500,0.654,0.000,0.346
73000,0.637,0.000,0.363
73500,0.689,0.000,0.311
74000,0.624,0.000,0.376
74500,0.629,0.000,0.371
75000,0.624,0.000,0.376
75500,0.674,0.000,0.326
76000,0.670,0.000,0.330
76500,0.631,0.000,0.369
77000,0.620,0.000,0.380
77500,0.619,0.000,0.381
78000,0.694,0.000,0.306
78500,0.722,0.000,0.278
79000,0.700,0.000,0.300
79500,0.659,0.000,0.341
80000,0.643,0.000,0.357
80500,0.663,0.000,0.337
81000,0.668,0.000,0.332
81500,0.635,0.000,0.365
82000,0.619,0.000,0.381
82500,0.612,0.000,0.388
83000,0.612,0.000,0.388
83500,0.560,0.000,0.440
84000,0.592,0.000,0.408
84500,0.561,0.000,0.439
85000,0.575,0.000,0.425
85500,0.591,0.000,0.409
86000,0.631,0.000,0.369
86500,0.647,0.000,0.353
87000,0.690,0.000,0.310
87500,0.686,0.000,0.314
88000,0.667,0.000,0.333
88500,0.657,0.000,0.343
89000,0.654,0.000,0.346
89500,0.646,0.000,0.354
90000,0.620,0.000,0.380
90500,0.648,0.000,0.352
91000,0.633,0.000,0.367
91500,0.657,0.000,0.343
92000,0.701,0.000,0.299
92500,0.728,0.000,0.272
93000,0.751,0.000,0.249
93500,0.711,0.000,0.289
94000,0.692,0.000,0.308
94500,0.734,0.000,0.266
95000,0.687,0.000,0.313
95500,0.666,0.000,0.334
96000,0.670,0.000,0.330
96500,0.666,0.000,0.334
97000,0.706,0.000,0.294
97500,0.763,0.000,0.237
98000,0.732,0.000,0.268
98500,0.733,0.000,0.267
99000,0.716,0.000,0.284
99500,0.742,0.000,0.258
100000,0.748,0.000,0.252
100500,0.696,0.000,0.304
101000,0.707,0.000,0.293
101500,0.687,0.000,0.313
102000,0.705,0.000,0.295
102500,0.668,0.000,0.332
103000,0.668,0.000,0.332
103500,0.679,0.000,0.321
104000,0.672,0.000,0.328
104500,0.654,0.000,0.346
105000,0.672,0.000,0.328
105500,0.602,0.000,0.398
106000,0.628,0.000,0.372
106500,0.567,0.003,0.431
107000,0.582,0.001,0.417
107500,0.622,0.001,0.378
108000,0.650,0.000,0.350
108500,0.643,0.000,0.357
109000,0.664,0.000,0.336
109500,0.702,0.000,0.298
110000,0.699,0.000,0.301
110500,0.692,0.000,0.308
111000,0.734,0.000,0.266
111500,0.752,0.000,0.248
112000,0.754,0.000,0.246
112500,0.752,0.000,0.248
113000,0.747,0.000,0.253
113500,0.748,0.000,0.252
114000,0.710,0.000,0.290
114500,0.695,0.000,0.305
115000,0.718,0.000,0.282
115500,0.718,0.000,0.282
116000,0.686,0.000,0.314
116500,0.760,0.000,0.240
117000,0.755,0.000,0.245
117500,0.717,0.000,0.283
118000,0.728,0.000,0.272
118500,0.722,0.000,0.278
119000,0.681,0.000,0.319
119500,0.699,0.000,0.301
120000,0.706,0.000,0.294
120500,0.713,0.000,0.287
121000,0.702,0.000,0.298
121500,0.727,0.000,0.273
122000,0.717,0.000,0.283
122500,0.725,0.000,0.275
123000,0.706,0.000,0.294
123500,0.672,0.000,0.328
124000,0.691,0.000,0.309
124500,0.683,0.000,0.317
125000,0.647,0.000,0.353
125500,0.603,0.000,0.397
126000,0.628,0.000,0.372
126500,0.637,0.000,0.363
127000,0.628,0.000,0.372
127500,0.669,0.000,0.331
128000,0.666,0.000,0.334
128500,0.656,0.000,0.344
129000,0.648,0.000,0.352
129500,0.647,0.000,0.353
130000,0.647,0.000,0.353
130500,0.655,0.000,0.345
131000,0.708,0.000,0.292
131500,0.688,0.000,0.312
132000,0.700,0.000,0.300
132500,0.659,0.000,0.341
133000,0.684,0.000,0.316
133500,0.729,0.000,0.271
134000,0.706,0.000,0.294
134500,0.723,0.000,0.277
135000,0.681,0.000,0.319
135500,0.725,0.000,0.275
136000,0.685,0.000,0.315
136500,0.667,0.000,0.333
137000,0.658,0.000,0.342
137500,0.683,0.000,0.317
138000,0.702,0.000,0.298
138500,0.695,0.000,0.305
139000,0.665,0.000,0.335
139500,0.669,0.000,0.331
140000,0.683,0.000,0.317
140500,0.662,0.000,0.338
141000,0.721,0.000,0.279
141500,0.706,0.000,0.294
142000,0.689,0.000,0.311
142500,0.696,0.000,0.304
143000,0.707,0.000,0.293
143500,0.679,0.000,0.321
144000,0.688,0.000,0.312
144500,0.649,0.000,0.351
145000,0.674,0.000,0.326
145500,0.635,0.000,0.365
146000,0.632,0.000,0.368
146500,0.663,0.000,0.337
147000,0.645,0.000,0.355
147500,0.697,0.000,0.303
148000,0.743,0.000,0.257
148500,0.739,0.000,0.261
149000,0.728,0.000,0.272
149500,0.691,0.000,0.309
150000,0.680,0.000,0.320
150500,0.686,0.000,0.314
151000,0.723,0.000,0.277
151500,0.748,0.000,0.252
152000,0.741,0.000,0.259
152500,0.780,0.000,0.220
153000,0.751,0.000,0.249
153500,0.786,0.000,0.214
154000,0.752,0.000,0.248
154500,0.761,0.000,0.239
155000,0.737,0.000,0.263
155500,0.707,0.000,0.293
156000,0.716,0.000,0.284
156500,0.702,0.000,0.298
157000,0.710,0.000,0.290
157500,0.717,0.000,0.283
158000,0.736,0.000,0.264
158500,0.721,0.000,0.279
159000,0.711,0.000,0.289
159500,0.688,0.000,0.312
160000,0.654,0.000,0.346
160500,0.615,0.000,0.385
161000,0.663,0.000,0.337
161500,0.716,0.000,0.284
162000,0.716,0.000,0.284
162500,0.720,0.000,0.280
163000,0.748,0.000,0.252
163500,0.734,0.000,0.266
164000,0.752,0.000,0.248
164500,0.747,0.000,0.253
165000,0.735,0.000,0.265
165500,0.745,0.000,0.255
166000,0.724,0.000,0.276
166500,0.680,0.000,0.320
167000,0.700,0.000,0.300
167500,0.696,0.000,0.304
168000,0.652,0.000,0.348
168500,0.679,0.000,0.321
169000,0.668,0.000,0.332
169500,0.706,0.000,0.294
170000,0.701,0.000,0.299
170500,0.724,0.000,0.276
171000,0.677,0.000,0.323
171500,0.680,0.000,0.320
172000,0.689,0.000,0.311
172500,0.645,0.000,0.355
173000,0.670,0.000,0.330
173500,0.702,0.000,0.298
174000,0.730,0.000,0.270
174500,0.731,0.000,0.269
175000,0.684,0.000,0.316
175500,0.703,0.000,0.297
176000,0.665,0.000,0.335
176500,0.665,0.000,0.335
177000,0.698,0.000,0.302
177500,0.667,0.000,0.333
178000,0.636,0.000,0.364
178500,0.619,0.000,0.381
179000,0.619,0.000,0.381
179500,0.661,0.000,0.339
180000,0.652,0.000,0.348
180500,0.602,0.000,0.398
181000,0.613,0.000,0.387
181500,0.611,0.000,0.389
182000,0.615,0.004,0.382
182500,0.648,0.001,0.351
183000,0.663,0.000,0.337
183500,0.659,0.000,0.341
184000,0.673,0.000,0.327
184500,0.691,0.000,0.309
185000,0.666,0.000,0.334
185500,0.676,0.000,0.324
186000,0.619,0.000,0.381
186500,0.637,0.000,0.363
187000,0.642,0.000,0.358
187500,0.616,0.000,0.384
188000,0.608,0.000,0.392
188500,0.618,0.000,0.382
189000,0.615,0.000,0.385
189500,0.597,0.000,0.403
190000,0.594,0.000,0.406
190500,0.550,0.000,0.450
191000,0.613,0.000,0.387
191500,0.603,0.000,0.397
192000,0.552,0.000,0.448
192500,0.624,0.000,0.376
193000,0.595,0.000,0.405
193500,0.587,0.000,0.413
194000,0.585,0.001,0.414
194500,0.567,0.002,0.431
195000,0.597,0.002,0.402
195500,0.625,0.000,0.375
196000,0.651,0.000,0.349
196500,0.612,0.000,0.388
197000,0.607,0.000,0.393
197500,0.672,0.000,0.328
198000,0.671,0.000,0.329
198500,0.679,0.000,0.321
199000,0.662,0.000,0.338
199500,0.652,0.000,0.348
200000,0.657,0.000,0.343
200500,0.652,0.000,0.348
201000,0.665,0.000,0.335
201500,0.698,0.000,0.302
202000,0.694,0.000,0.306
202500,0.703,0.000,0.297
203000,0.695,0.000,0.305
203500,0.700,0.000,0.300
204000,0.716,0.000,0.284
204500,0.672,0.000,0.328
205000,0.671,0.000,0.329
205500,0.667,0.000,0.333
206000,0.696,0.000,0.304
206500,0.694,0.000,0.306
207000,0.691,0.000,0.309
207500,0.724,0.000,0.276
208000,0.709,0.000,0.291
208500,0.708,0.000,0.292
209000,0.746,0.000,0.254
209500,0.709,0.000,0.291
210000,0.659,0.000,0.341
210500,0.641,0.000,0.359
211000,0.636,0.000,0.364
211500,0.587,0.000,0.413
212000,0.636,0.000,0.364
212500,0.636,0.000,0.364
213000,0.628,0.000,0.372
213500,0.627,0.002,0.371
214000,0.620,0.000,0.380
214500,0.604,0.000,0.396
215000,0.570,0.000,0.430
215500,0.579,0.000,0.421
216000,0.623,0.000,0.377
216500,0.644,0.000,0.356
217000,0.620,0.000,0.380
217500,0.625,0.000,0.375
218000,0.658,0.000,0.342
218500,0.661,0.000,0.339
219000,0.650,0.000,0.350
219500,0.674,0.000,0.326
220000,0.686,0.000,0.314
220500,0.673,0.000,0.327
221000,0.669,0.000,0.331
221500,0.675,0.000,0.325
222000,0.668,0.000,0.332
222500,0.641,0.000,0.359
223000,0.642,0.000,0.358
223500,0.640,0.000,0.360
224000,0.634,0.000,0.366
224500,0.625,0.000,0.375
225000,0.620,0.000,0.380
225500,0.654,0.000,0.346
226000,0.659,0.000,0.341
226500,0.624,0.000,0.376
227000,0.618,0.000,0.382
227500,0.587,0.000,0.413
228000,0.590,0.000,0.410
228500,0.610,0.000,0.390
229000,0.637,0.000,0.363
229500,0.649,0.000,0.351
230000,0.687,0.000,0.313
230500,0.707,0.000,0.293
231000,0.673,0.000,0.327
231500,0.665,0.000,0.335
232000,0.643,0.000,0.357
232500,0.671,0.000,0.329
233000,0.677,0.000,0.323
233500,0.662,0.000,0.338
234000,0.622,0.000,0.378
234500,0.616,0.000,0.384
235000,0.621,0.000,0.379
235500,0.611,0.000,0.389
236000,0.636,0.000,0.364
236500,0.600,0.000,0.400
237000,0.616,0.000,0.384
237500,0.689,0.000,0.311
238000,0.701,0.000,0.299
238500,0.682,0.000,0.318
239000,0.639,0.000,0.361
239500,0.613,0.000,0.387
240000,0.651,0.000,0.349
240500,0.625,0.000,0.375
241000,0.640,0.000,0.360
241500,0.623,0.000,0.377
242000,0.662,0.000,0.338
242500,0.690,0.000,0.310
243000,0.682,0.000,0.318
243500,0.695,0.000,0.305
244000,0.704,0.000,0.296
244500,0.726,0.000,0.274
245000,0.709,0.000,0.291
245500,0.707,0.000,0.293
246000,0.667,0.000,0.333
246500,0.673,0.000,0.327
247000,0.669,0.000,0.331
247500,0.630,0.000,0.370
248000,0.664,0.000,0.336
248500,0.661,0.000,0.339
249000,0.658,0.000,0.342
249500,0.670,0.000,0.330
250000,0.725,0.000,0.275
250500,0.718,0.000,0.282
251000,0.717,0.000,0.283
251500,0.718,0.000,0.282
252000,0.708,0.000,0.292
252500,0.710,0.000,0.290
253000,0.724,0.000,0.276
253500,0.704,0.000,0.296
254000,0.698,0.000,0.302
254500,0.696,0.000,0.304
255000,0.711,0.000,0.289
255500,0.739,0.000,0.261
256000,0.717,0.000,0.283
256500,0.722,0.000,0.278
257000,0.703,0.000,0.297
257500,0.708,0.000,0.292
258000,0.670,0.000,0.330
258500,0.629,0.000,0.371
259000,0.629,0.000,0.371
259500,0.654,0.000,0.346
260000,0.625,0.000,0.375
260500,0.567,0.000,0.433
261000,0.580,0.000,0.420
261500,0.610,0.000,0.390
262000,0.626,0.000,0.374
262500,0.662,0.000,0.338
263000,0.660,0.000,0.340
263500,0.652,0.000,0.348
264000,0.681,0.000,0.319
264500,0.667,0.000,0.333
265000,0.711,0.000,0.289
265500,0.693,0.000,0.307
266000,0.675,0.000,0.325
266500,0.719,0.000,0.281
267000,0.734,0.000,0.266
267500,0.729,0.000,0.271
268000,0.679,0.000,0.321
268500,0.657,0.000,0.343
269000,0.643,0.000,0.357
269500,0.653,0.000,0.347
270000,0.633,0.000,0.367
270500,0.592,0.000,0.408
271000,0.600,0.000,0.400
271500,0.639,0.000,0.361
272000,0.628,0.000,0.372
272500,0.654,0.000,0.346
273000,0.602,0.000,0.398
273500,0.607,0.000,0.393
274000,0.608,0.000,0.392
274500,0.626,0.000,0.374
275000,0.640,0.000,0.360
275500,0.627,0.000,0.373
276000,0.608,0.000,0.392
276500,0.587,0.000,0.413
277000,0.639,0.000,0.361
277500,0.674,0.000,0.326
278000,0.619,0.000,0.381
278500,0.607,0.004,0.389
279000,0.578,0.001,0.421
279500,0.635,0.000,0.365
280000,0.675,0.000,0.325
280500,0.663,0.000,0.337
281000,0.655,0.000,0.345
281500,0.679,0.000,0.321
282000,0.695,0.000,0.305
282500,0.700,0.000,0.300
283000,0.662,0.000,0.338
283500,0.667,0.000,0.333
284000,0.693,0.000,0.307
284500,0.681,0.000,0.319
285000,0.701,0.000,0.299
285500,0.696,0.000,0.304
286000,0.693,0.000,0.307
286500,0.685,0.000,0.315
287000,0.654,0.000,0.346
287500,0.690,0.000,0.310
288000,0.662,0.000,0.338
288500,0.690,0.000,0.310
289000,0.671,0.000,0.329
289500,0.657,0.000,0.343
290000,0.688,0.000,0.312
290500,0.699,0.000,0.301
291000,0.719,0.000,0.281
291500,0.705,0.000,0.295
292000,0.688,0.004,0.309
292500,0.699,0.001,0.301
293000,0.726,0.001,0.274
293500,0.772,0.000,0.228
294000,0.765,0.000,0.235
294500,0.748,0.000,0.252
295000,0.749,0.000,0.251
295500,0.752,0.000,0.248
296000,0.728,0.000,0.272
296500,0.752,0.000,0.248
297000,0.761,0.000,0.239
297500,0.744,0.000,0.256
298000,0.742,0.000,0.258
298500,0.712,0.000,0.288
299000,0.740,0.000,0.260
299500,0.655,0.000,0.345
300000,0.666,0.000,0.334
300500,0.634,0.000,0.366
301000,0.618,0.000,0.382
301500,0.610,0.000,0.390
302000,0.621,0.000,0.379
302500,0.602,0.000,0.398
303000,0.636,0.000,0.364
303500,0.642,0.000,0.358
304000,0.651,0.000,0.349
304500,0.655,0.000,0.345
305000,0.662,0.000,0.338
305500,0.713,0.000,0.287
306000,0.683,0.000,0.317
306500,0.671,0.000,0.329
307000,0.711,0.000,0.289
307500,0.743,0.000,0.257
308000,0.722,0.000,0.278
308500,0.728,0.000,0.272
309000,0.725,0.000,0.275
309500,0.763,0.000,0.237
310000,0.753,0.000,0.247
310500,0.735,0.000,0.265
311000,0.737,0.000,0.263
311500,0.735,0.000,0.265
312000,0.715,0.000,0.285
312500,0.702,0.000,0.298
313000,0.683,0.000,0.317
313500,0.686,0.000,0.314
314000,0.716,0.000,0.284
314500,0.709,0.000,0.291
315000,0.699,0.000,0.301
315500,0.692,0.000,0.308
316000,0.663,0.000,0.337
316500,0.615,0.000,0.385
317000,0.600,0.000,0.400
317500,0.624,0.000,0.376
318000,0.631,0.000,0.369
318500,0.673,0.000,0.327
319000,0.649,0.000,0.351
319500,0.621,0.000,0.379
320000,0.638,0.000,0.362
320500,0.619,0.000,0.381
321000,0.659,0.000,0.341
321500,0.646,0.000,0.354
322000,0.661,0.000,0.339
322500,0.668,0.000,0.332
323000,0.653,0.000,0.347
323500,0.640,0.000,0.360
324000,0.639,0.000,0.361
324500,0.665,0.000,0.335
325000,0.707,0.000,0.293
325500,0.676,0.000,0.324
326000,0.624,0.000,0.376
326500,0.644,0.000,0.356
327000,0.686,0.000,0.314
327500,0.711,0.000,0.289
328000,0.699,0.000,0.301
328500,0.712,0.000,0.288
329000,0.719,0.000,0.281
329500,0.677,0.000,0.323
330000,0.673,0.000,0.327
330500,0.643,0.000,0.357
331000,0.602,0.000,0.398
331500,0.594,0.000,0.406
332000,0.671,0.000,0.329
332500,0.659,0.000,0.341
333000,0.626,0.000,0.374
333500,0.610,0.000,0.390
334000,0.621,0.000,0.379
334500,0.621,0.000,0.379
335000,0.656,0.000,0.344
335500,0.625,0.000,0.375
336000,0.602,0.000,0.398
336500,0.611,0.000,0.389
337000,0.626,0.000,0.374
337500,0.656,0.000,0.344
338000,0.647,0.000,0.353
338500,0.663,0.000,0.337
339000,0.671,0.000,0.329
339500,0.692,0.000,0.308
340000,0.669,0.000,0.331
340500,0.653,0.000,0.347
341000,0.614,0.000,0.386
341500,0.637,0.000,0.363
342000,0.655,0.000,0.345
342500,0.605,0.000,0.395
343000,0.625,0.000,0.375
343500,0.618,0.000,0.382
344000,0.622,0.000,0.378
344500,0.607,0.000,0.393
345000,0.579,0.000,0.421
345500,0.561,0.000,0.439
346000,0.602,0.000,0.398
346500,0.652,0.000,0.348
347000,0.648,0.000,0.352
347500,0.651,0.000,0.349
348000,0.653,0.000,0.347
348500,0.684,0.000,0.316
349000,0.668,0.000,0.332
349500,0.640,0.000,0.360
350000,0.658,0.000,0.342
350500,0.641,0.000,0.359
351000,0.606,0.000,0.394
351500,0.637,0.000,0.363
352000,0.590,0.000,0.410
352500,0.612,0.000,0.388
353000,0.608,0.000,0.392
353500,0.641,0.000,0.359
354000,0.665,0.000,0.335
354500,0.686,0.000,0.314
355000,0.690,0.000,0.310
355500,0.671,0.000,0.329
356000,0.651,0.000,0.349
356500,0.641,0.000,0.359
357000,0.681,0.000,0.319
357500,0.694,0.000,0.306
358000,0.706,0.000,0.294
358500,0.718,0.000,0.282
359000,0.658,0.000,0.342
359500,0.597,0.000,0.403
360000,0.627,0.000,0.373
360500,0.658,0.000,0.342
361000,0.657,0.000,0.343
361500,0.675,0.000,0.325
362000,0.633,0.000,0.367
362500,0.645,0.000,0.355
363000,0.639,0.000,0.361
363500,0.632,0.000,0.368
364000,0.626,0.000,0.374
364500,0.614,0.000,0.386
365000,0.590,0.000,0.410
365500,0.603,0.000,0.397
366000,0.631,0.000,0.369
366500,0.641,0.000,0.359
367000,0.641,0.000,0.359
367500,0.656,0.000,0.344
368000,0.660,0.000,0.340
368500,0.643,0.000,0.357
369000,0.620,0.000,0.380
369500,0.631,0.000,0.369
370000,0.643,0.000,0.357
370500,0.644,0.000,0.356
371000,0.612,0.000,0.388
371500,0.625,0.001,0.374
372000,0.616,0.000,0.384
372500,0.622,0.000,0.378
373000,0.629,0.000,0.371
373500,0.624,0.000,0.376
374000,0.619,0.000,0.381
374500,0.631,0.002,0.367
375000,0.601,0.001,0.399
375500,0.634,0.000,0.366
376000,0.598,0.000,0.402
376500,0.604,0.000,0.396
377000,0.631,0.000,0.369
377500,0.607,0.000,0.393
378000,0.585,0.000,0.415
378500,0.593,0.000,0.407
379000,0.580,0.000,0.420
379500,0.612,0.000,0.388
380000,0.653,0.000,0.347
380500,0.645,0.000,0.355
381000,0.627,0.000,0.373
381500,0.592,0.000,0.408
382000,0.646,0.000,0.354
382500,0.662,0.000,0.338
383000,0.628,0.000,0.372
383500,0.660,0.000,0.340
384000,0.672,0.000,0.328
384500,0.696,0.000,0.304
385000,0.696,0.000,0.304
385500,0.676,0.000,0.324
386000,0.661,0.000,0.339
386500,0.644,0.000,0.356
387000,0.676,0.000,0.324
387500,0.690,0.000,0.310
388000,0.688,0.000,0.312
388500,0.689,0.000,0.311
389000,0.704,0.000,0.296
389500,0.658,0.000,0.342
390000,0.716,0.000,0.284
390500,0.700,0.000,0.300
391000,0.673,0.000,0.327
391500,0.723,0.000,0.277
392000,0.722,0.000,0.278
392500,0.717,0.000,0.283
393000,0.722,0.000,0.278
393500,0.709,0.000,0.291
394000,0.703,0.000,0.297
394500,0.736,0.000,0.264
395000,0.691,0.000,0.309
395500,0.650,0.000,0.350
396000,0.673,0.004,0.323
396500,0.652,0.001,0.347
397000,0.664,0.000,0.336
397500,0.671,0.000,0.329
398000,0.674,0.000,0.326
398500,0.647,0.000,0.353
399000,0.642,0.000,0.358
399500,0.631,0.000,0.369
400000,0.611,0.000,0.389
400500,0.666,0.000,0.334
401000,0.670,0.000,0.330
401500,0.707,0.000,0.293
402000,0.701,0.000,0.299
402500,0.770,0.000,0.230
403000,0.765,0.000,0.235
403500,0.773,0.000,0.227
404000,0.762,0.000,0.238
404500,0.746,0.000,0.254
405000,0.716,0.000,0.284
405500,0.686,0.000,0.314
406000,0.676,0.000,0.324
406500,0.681,0.000,0.319
407000,0.674,0.000,0.326
407500,0.681,0.000,0.319
408000,0.654,0.000,0.346
408500,0.671,0.000,0.329
409000,0.633,0.000,0.367
409500,0.598,0.000,0.402
410000,0.571,0.000,0.429
410500,0.632,0.000,0.368
411000,0.621,0.000,0.379
411500,0.640,0.000,0.360
412000,0.641,0.000,0.359
412500,0.630,0.000,0.370
413000,0.637,0.000,0.363
413500,0.647,0.000,0.353
414000,0.657,0.000,0.343
414500,0.664,0.000,0.336
415000,0.609,0.000,0.391
415500,0.606,0.000,0.394
416000,0.634,0.000,0.366
416500,0.603,0.000,0.397
417000,0.603,0.000,0.397
417500,0.647,0.000,0.353
418000,0.658,0.000,0.342
418500,0.640,0.000,0.360
419000,0.649,0.000,0.351
419500,0.640,0.000,0.360
420000,0.632,0.000,0.368
420500,0.637,0.000,0.363
421000,0.661,0.000,0.339
421500,0.665,0.000,0.335
422000,0.666,0.000,0.334
422500,0.681,0.000,0.319
423000,0.669,0.000,0.331
423500,0.665,0.000,0.335
424000,0.607,0.000,0.393
424500,0.634,0.000,0.366
425000,0.680,0.000,0.320
425500,0.688,0.000,0.312
426000,0.707,0.000,0.293
426500,0.705,0.000,0.295
427000,0.703,0.000,0.297
427500,0.698,0.000,0.302
428000,0.692,0.000,0.308
428500,0.664,0.000,0.336
429000,0.647,0.000,0.353
429500,0.593,0.000,0.407
430000,0.580,0.000,0.420
430500,0.633,0.000,0.367
431000,0.635,0.000,0.365
431500,0.606,0.000,0.394
432000,0.626,0.000,0.374
432500,0.647,0.000,0.353
433000,0.628,0.000,0.372
433500,0.635,0.000,0.365
434000,0.644,0.000,0.356
434500,0.662,0.000,0.338
435000,0.624,0.000,0.376
435500,0.592,0.000,0.408
436000,0.616,0.000,0.384
436500,0.591,0.000,0.409
437000,0.633,0.000,0.367
437500,0.683,0.000,0.317
438000,0.656,0.000,0.344
438500,0.662,0.000,0.338
439000,0.639,0.000,0.361
439500,0.616,0.000,0.384
440000,0.630,0.000,0.370
440500,0.628,0.000,0.372
441000,0.654,0.000,0.346
441500,0.665,0.000,0.335
442000,0.613,0.000,0.387
442500,0.620,0.000,0.380
443000,0.658,0.000,0.342
443500,0.623,0.000,0.377
444000,0.652,0.000,0.348
444500,0.661,0.000,0.339
445000,0.642,0.000,0.358
445500,0.634,0.000,0.366
446000,0.628,0.000,0.372
446500,0.633,0.000,0.367
447000,0.680,0.000,0.320
447500,0.738,0.000,0.262
448000,0.715,0.000,0.285
448500,0.736,0.000,0.264
449000,0.726,0.000,0.274
449500,0.678,0.000,0.322
450000,0.660,0.000,0.340
450500,0.659,0.000,0.341
451000,0.663,0.000,0.337
451500,0.689,0.000,0.311
452000,0.696,0.000,0.304
452500,0.711,0.000,0.289
453000,0.715,0.000,0.285
453500,0.734,0.000,0.266
454000,0.716,0.000,0.284
454500,0.680,0.000,0.320
455000,0.646,0.000,0.354
455500,0.718,0.000,0.282
456000,0.732,0.000,0.268
456500,0.753,0.000,0.247
457000,0.753,0.000,0.247
457500,0.695,0.000,0.305
458000,0.691,0.000,0.309
458500,0.655,0.000,0.345
459000,0.641,0.000,0.359
459500,0.610,0.000,0.390
460000,0.663,0.000,0.337
460500,0.676,0.000,0.324
461000,0.648,0.000,0.352
461500,0.646,0.000,0.354
462000,0.647,0.000,0.353
462500,0.635,0.000,0.365
463000,0.620,0.000,0.380
463500,0.642,0.000,0.358
464000,0.633,0.000,0.367
464500,0.620,0.000,0.380
465000,0.596,0.000,0.404
465500,0.643,0.000,0.357
466000,0.625,0.000,0.375
466500,0.622,0.000,0.378
467000,0.610,0.000,0.390
467500,0.598,0.000,0.402
468000,0.601,0.000,0.399
468500,0.623,0.000,0.377
469000,0.616,0.000,0.384
469500,0.608,0.000,0.392
470000,0.618,0.000,0.382
470500,0.615,0.000,0.385
471000,0.583,0.000,0.417
471500,0.607,0.000,0.393
472000,0.581,0.000,0.419
472500,0.580,0.000,0.420
473000,0.576,0.000,0.424
473500,0.565,0.000,0.435
474000,0.595,0.000,0.405
474500,0.640,0.000,0.360
475000,0.670,0.000,0.330
475500,0.651,0.000,0.349
476000,0.642,0.000,0.358
476500,0.679,0.000,0.321
477000,0.668,0.000,0.332
477500,0.682,0.000,0.318
478000,0.692,0.000,0.308
478500,0.699,0.000,0.301
479000,0.742,0.000,0.258
479500,0.700,0.000,0.300
480000,0.738,0.000,0.262
480500,0.744,0.000,0.256
481000,0.760,0.000,0.240
481500,0.742,0.000,0.258
482000,0.716,0.000,0.284
482500,0.758,0.000,0.242
483000,0.736,0.000,0.264
483500,0.697,0.000,0.303
484000,0.645,0.000,0.355
484500,0.672,0.000,0.328
485000,0.675,0.000,0.325
485500,0.733,0.000,0.267
486000,0.739,0.000,0.261
486500,0.712,0.000,0.288
487000,0.794,0.000,0.206
487500,0.740,0.000,0.260
488000,0.696,0.000,0.304
488500,0.690,0.000,0.310
489000,0.730,0.000,0.270
489500,0.736,0.000,0.264
490000,0.731,0.000,0.269
490500,0.679,0.000,0.321
491000,0.700,0.000,0.300
491500,0.715,0.000,0.285
492000,0.768,0.000,0.232
492500,0.710,0.000,0.290
493000,0.687,0.000,0.313
493500,0.647,0.000,0.353
494000,0.610,0.000,0.390
494500,0.631,0.000,0.369
495000,0.661,0.000,0.339
495500,0.647,0.000,0.353
496000,0.615,0.000,0.385
496500,0.621,0.000,0.379
497000,0.641,0.000,0.359
497500,0.652,0.000,0.348
498000,0.671,0.000,0.329
498500,0.648,0.000,0.352
499000,0.640,0.000,0.360
499500,0.645,0.000,0.355
500000,0.661,0.000,0.339
500500,0.669,0.004,0.327
501000,0.641,0.002,0.357
501500,0.643,0.001,0.356
502000,0.658,0.000,0.342
502500,0.679,0.000,0.321
503000,0.656,0.000,0.344
503500,0.663,0.000,0.337
504000,0.658,0.000,0.342
504500,0.679,0.000,0.321
505000,0.679,0.000,0.321
505500,0.681,0.000,0.319
506000,0.663,0.000,0.337
506500,0.678,0.000,0.322
507000,0.692,0.000,0.308
507500,0.681,0.000,0.319
508000,0.644,0.000,0.356
508500,0.662,0.000,0.338
509000,0.724,0.000,0.276
509500,0.691,0.000,0.309
510000,0.677,0.000,0.323
510500,0.680,0.000,0.320
511000,0.727,0.000,0.273
511500,0.705,0.000,0.295
512000,0.712,0.000,0.288
512500,0.723,0.000,0.277
513000,0.719,0.000,0.281
513500,0.713,0.000,0.287
514000,0.700,0.000,0.300
514500,0.683,0.000,0.317
515000,0.675,0.000,0.325
515500,0.711,0.000,0.289
516000,0.697,0.000,0.303
516500,0.650,0.000,0.350
517000,0.575,0.001,0.424
517500,0.562,0.000,0.438
518000,0.580,0.000,0.420
518500,0.585,0.000,0.415
519000,0.612,0.000,0.388
519500,0.657,0.000,0.343
520000,0.656,0.000,0.344
520500,0.675,0.000,0.325
521000,0.649,0.000,0.351
521500,0.681,0.000,0.319
522000,0.653,0.000,0.347
522500,0.657,0.000,0.343
523000,0.651,0.000,0.349
523500,0.649,0.000,0.351
524000,0.609,0.000,0.391
524500,0.569,0.000,0.431
525000,0.597,0.000,0.403
525500,0.620,0.000,0.380
526000,0.648,0.000,0.352
526500,0.655,0.000,0.345
527000,0.654,0.000,0.346
527500,0.608,0.000,0.392
528000,0.601,0.002,0.398
528500,0.603,0.001,0.397
529000,0.597,0.001,0.403
529500,0.615,0.001,0.385
530000,0.639,0.000,0.361
530500,0.675,0.000,0.325
531000,0.690,0.000,0.310
531500,0.750,0.000,0.250
532000,0.782,0.000,0.218
532500,0.746,0.000,0.254
533000,0.739,0.000,0.261
533500,0.728,0.000,0.272
534000,0.678,0.000,0.322
534500,0.662,0.000,0.338
535000,0.649,0.000,0.351
535500,0.623,0.000,0.377
536000,0.641,0.000,0.359
536500,0.620,0.000,0.380
537000,0.608,0.000,0.392
537500,0.618,0.000,0.382
538000,0.629,0.000,0.371
538500,0.618,0.000,0.382
539000,0.623,0.000,0.377
539500,0.651,0.000,0.349
540000,0.620,0.000,0.380
540500,0.665,0.000,0.335
541000,0.627,0.000,0.373
541500,0.597,0.000,0.403
542000,0.599,0.002,0.400
542500,0.603,0.001,0.397
543000,0.618,0.000,0.382
543500,0.641,0.000,0.359
544000,0.641,0.000,0.359
544500,0.634,0.000,0.366
545000,0.645,0.000,0.355
545500,0.645,0.000,0.355
546000,0.632,0.000,0.368
546500,0.580,0.000,0.420
547000,0.603,0.000,0.397
547500,0.606,0.000,0.394
548000,0.605,0.000,0.395
548500,0.616,0.000,0.384
549000,0.653,0.000,0.347
549500,0.626,0.000,0.374
550000,0.635,0.000,0.365
550500,0.629,0.000,0.371
551000,0.640,0.000,0.360
551500,0.628,0.000,0.372
552000,0.610,0.000,0.390
552500,0.620,0.000,0.380
553000,0.608,0.000,0.392
553500,0.628,0.000,0.372
554000,0.678,0.000,0.322
554500,0.706,0.000,0.294
555000,0.711,0.000,0.289
555500,0.673,0.000,0.327
556000,0.682,0.000,0.318
556500,0.673,0.000,0.327
557000,0.672,0.000,0.328
557500,0.658,0.000,0.342
558000,0.672,0.000,0.328
558500,0.678,0.000,0.322
559000,0.692,0.000,0.308
559500,0.685,0.000,0.315
560000,0.688,0.000,0.312
560500,0.657,0.000,0.343
561000,0.628,0.000,0.372
561500,0.630,0.000,0.370
562000,0.633,0.001,0.366
562500,0.588,0.003,0.410
563000,0.573,0.001,0.427
563500,0.608,0.000,0.392
564000,0.662,0.000,0.338
564500,0.636,0.000,0.364
565000,0.623,0.000,0.377
565500,0.629,0.000,0.371
566000,0.615,0.000,0.385
566500,0.668,0.000,0.332
567000,0.706,0.000,0.294
567500,0.718,0.000,0.282
568000,0.717,0.000,0.283
568500,0.720,0.000,0.280
569000,0.724,0.000,0.276
569500,0.701,0.000,0.299
570000,0.708,0.000,0.292
570500,0.716,0.000,0.284
571000,0.676,0.000,0.324
571500,0.662,0.000,0.338
572000,0.656,0.000,0.344
572500,0.587,0.000,0.413
573000,0.582,0.000,0.418
573500,0.592,0.000,0.408
574000,0.629,0.000,0.371
574500,0.632,0.000,0.368
575000,0.629,0.000,0.371
575500,0.617,0.000,0.383
576000,0.646,0.000,0.354
576500,0.632,0.000,0.368
577000,0.662,0.000,0.338
577500,0.675,0.000,0.325
578000,0.685,0.000,0.315
578500,0.665,0.000,0.335
579000,0.690,0.000,0.310
579500,0.691,0.000,0.309
580000,0.656,0.000,0.344
580500,0.635,0.000,0.365
581000,0.642,0.000,0.358
581500,0.694,0.000,0.306
582000,0.726,0.000,0.274
582500,0.720,0.000,0.280
583000,0.754,0.000,0.246
583500,0.747,0.000,0.253
584000,0.755,0.000,0.245
584500,0.748,0.000,0.252
585000,0.763,0.000,0.237
585500,0.773,0.000,0.227
586000,0.771,0.000,0.229
586500,0.784,0.000,0.216
587000,0.754,0.000,0.246
587500,0.741,0.000,0.259
588000,0.732,0.000,0.268
588500,0.722,0.000,0.278
589000,0.752,0.000,0.248
589500,0.746,0.000,0.254
590000,0.763,0.000,0.237
590500,0.776,0.000,0.224
591000,0.743,0.000,0.257
591500,0.732,0.000,0.268
592000,0.728,0.000,0.272
592500,0.732,0.000,0.268
593000,0.713,0.000,0.287
593500,0.697,0.000,0.303
594000,0.678,0.000,0.322
594500,0.670,0.000,0.330
595000,0.651,0.000,0.349
595500,0.631,0.000,0.369
596000,0.629,0.000,0.371
596500,0.581,0.003,0.416
597000,0.628,0.002,0.370
597500,0.653,0.002,0.345
598000,0.630,0.001,0.369
598500,0.598,0.000,0.402
599000,0.605,0.000,0.395
599500,0.634,0.000,0.366
600000,0.583,0.000,0.417
600500,0.599,0.000,0.401
601000,0.601,0.000,0.399
601500,0.559,0.000,0.441
602000,0.622,0.000,0.378
602500,0.628,0.000,0.372
603000,0.632,0.000,0.368
603500,0.612,0.000,0.388
604000,0.589,0.000,0.411
604500,0.604,0.000,0.396
605000,0.596,0.000,0.404
605500,0.568,0.000,0.432
606000,0.622,0.000,0.378
606500,0.622,0.000,0.378
607000,0.597,0.000,0.403
607500,0.619,0.000,0.381
608000,0.627,0.000,0.373
608500,0.586,0.000,0.414
609000,0.584,0.000,0.416
609500,0.595,0.000,0.405
610000,0.626,0.000,0.374
610500,0.598,0.000,0.402
611000,0.567,0.000,0.433
611500,0.608,0.000,0.392
612000,0.636,0.000,0.364
612500,0.621,0.000,0.379
613000,0.604,0.000,0.396
613500,0.595,0.000,0.405
614000,0.624,0.000,0.376
614500,0.620,0.000,0.380
615000,0.596,0.000,0.404
615500,0.615,0.000,0.385
616000,0.659,0.000,0.341
616500,0.658,0.000,0.342
617000,0.650,0.000,0.350
617500,0.676,0.000,0.324
618000,0.649,0.000,0.351
618500,0.647,0.000,0.353
619000,0.670,0.000,0.330
619500,0.711,0.000,0.289
620000,0.693,0.000,0.307
620500,0.675,0.000,0.325
621000,0.693,0.000,0.307
621500,0.679,0.000,0.321
622000,0.673,0.000,0.327
622500,0.626,0.000,0.374
623000,0.629,0.000,0.371
623500,0.648,0.000,0.352
624000,0.653,0.000,0.347
624500,0.678,0.000,0.322
625000,0.665,0.000,0.335
625500,0.652,0.000,0.348
626000,0.646,0.000,0.354
626500,0.665,0.000,0.335
627000,0.704,0.000,0.296
627500,0.680,0.000,0.320
628000,0.697,0.000,0.303
628500,0.683,0.000,0.317
629000,0.667,0.000,0.333
629500,0.660,0.000,0.340
630000,0.655,0.000,0.345
630500,0.645,0.000,0.355
631000,0.638,0.000,0.362
631500,0.666,0.000,0.334
632000,0.622,0.000,0.378
632500,0.600,0.003,0.397
633000,0.593,0.000,0.407
633500,0.580,0.000,0.420
634000,0.554,0.000,0.446
634500,0.599,0.000,0.401
635000,0.637,0.000,0.363
635500,0.647,0.000,0.353
636000,0.642,0.000,0.358
636500,0.661,0.000,0.339
637000,0.660,0.000,0.340
637500,0.677,0.000,0.323
638000,0.638,0.000,0.362
638500,0.662,0.000,0.338
639000,0.695,0.000,0.305
639500,0.672,0.000,0.328
640000,0.670,0.000,0.330
640500,0.671,0.000,0.329
641000,0.693,0.000,0.307
641500,0.638,0.000,0.362
642000,0.674,0.000,0.326
642500,0.661,0.000,0.339
643000,0.717,0.000,0.283
643500,0.669,0.000,0.331
644000,0.699,0.000,0.301
644500,0.701,0.000,0.299
645000,0.682,0.000,0.318
645500,0.676,0.000,0.324
646000,0.664,0.000,0.336
646500,0.665,0.000,0.335
647000,0.633,0.000,0.367
647500,0.648,0.000,0.352
648000,0.640,0.000,0.360
648500,0.707,0.000,0.293
649000,0.727,0.000,0.273
649500,0.738,0.000,0.262
650000,0.726,0.000,0.274
650500,0.641,0.000,0.359
651000,0.663,0.000,0.337
651500,0.630,0.000,0.370
652000,0.633,0.000,0.367
652500,0.646,0.000,0.354
653000,0.656,0.000,0.344
653500,0.660,0.000,0.340
654000,0.642,0.000,0.358
654500,0.694,0.000,0.306
655000,0.651,0.000,0.349
655500,0.674,0.000,0.326
656000,0.650,0.000,0.350
656500,0.630,0.000,0.370
657000,0.613,0.000,0.387
657500,0.592,0.000,0.408
658000,0.625,0.000,0.375
658500,0.638,0.000,0.362
659000,0.646,0.000,0.354
659500,0.600,0.000,0.400
660000,0.616,0.000,0.384
660500,0.594,0.000,0.406
661000,0.604,0.000,0.396
661500,0.602,0.000,0.398
662000,0.622,0.000,0.378
662500,0.610,0.000,0.390
663000,0.615,0.000,0.385
663500,0.590,0.000,0.410
664000,0.614,0.000,0.386
664500,0.608,0.000,0.392
665000,0.615,0.000,0.385
665500,0.601,0.000,0.399
666000,0.577,0.000,0.423
666500,0.612,0.000,0.388
667000,0.574,0.000,0.426
667500,0.563,0.000,0.437
668000,0.551,0.000,0.449
668500,0.593,0.003,0.405
669000,0.599,0.002,0.400
669500,0.592,0.001,0.408
670000,0.566,0.000,0.434
670500,0.584,0.000,0.416
671000,0.621,0.000,0.379
671500,0.626,0.000,0.374
672000,0.618,0.000,0.382
672500,0.655,0.000,0.345
673000,0.639,0.000,0.361
673500,0.636,0.000,0.364
674000,0.635,0.000,0.365
674500,0.673,0.000,0.327
675000,0.632,0.000,0.368
675500,0.661,0.004,0.335
676000,0.677,0.001,0.322
676500,0.652,0.001,0.347
677000,0.625,0.001,0.374
677500,0.625,0.000,0.375
678000,0.626,0.000,0.374
678500,0.647,0.000,0.353
679000,0.651,0.000,0.349
679500,0.695,0.000,0.305
680000,0.712,0.000,0.288
680500,0.693,0.000,0.307
681000,0.725,0.000,0.275
681500,0.725,0.000,0.275
682000,0.726,0.000,0.274
682500,0.673,0.000,0.327
683000,0.685,0.000,0.315
683500,0.653,0.000,0.347
684000,0.662,0.000,0.338
684500,0.653,0.000,0.347
685000,0.659,0.000,0.341
685500,0.641,0.000,0.359
686000,0.648,0.000,0.352
686500,0.632,0.000,0.368
687000,0.671,0.000,0.329
687500,0.679,0.000,0.321
688000,0.710,0.000,0.290
688500,0.713,0.000,0.287
689000,0.700,0.000,0.300
689500,0.689,0.000,0.311
690000,0.686,0.000,0.314
690500,0.701,0.000,0.299
691000,0.684,0.000,0.316
691500,0.648,0.000,0.352
692000,0.682,0.000,0.318
692500,0.654,0.000,0.346
693000,0.615,0.000,0.385
693500,0.611,0.000,0.389
694000,0.628,0.000,0.372
694500,0.658,0.000,0.342
695000,0.623,0.000,0.377
695500,0.635,0.000,0.365
696000,0.602,0.000,0.398
696500,0.610,0.000,0.390
697000,0.600,0.000,0.400
697500,0.626,0.000,0.374
698000,0.623,0.000,0.377
698500,0.669,0.000,0.331
699000,0.670,0.000,0.330
699500,0.673,0.000,0.327
700000,0.662,0.000,0.338
700500,0.650,0.000,0.350
701000,0.652,0.000,0.348
701500,0.621,0.000,0.379
702000,0.618,0.000,0.382
702500,0.632,0.000,0.368
703000,0.611,0.000,0.389
703500,0.614,0.000,0.386
704000,0.623,0.000,0.377
704500,0.632,0.000,0.368
705000,0.633,0.000,0.367
705500,0.671,0.000,0.329
706000,0.684,0.000,0.316
706500,0.656,0.000,0.344
707000,0.673,0.000,0.327
707500,0.655,0.000,0.345
708000,0.617,0.000,0.383
708500,0.612,0.000,0.388
709000,0.599,0.000,0.401
709500,0.658,0.000,0.342
710000,0.606,0.000,0.394
710500,0.632,0.001,0.367
711000,0.618,0.000,0.382
711500,0.599,0.000,0.401
712000,0.625,0.000,0.375
712500,0.620,0.000,0.380
713000,0.624,0.000,0.376
713500,0.650,0.000,0.350
714000,0.609,0.000,0.391
714500,0.584,0.000,0.416
715000,0.602,0.000,0.398
715500,0.597,0.000,0.403
716000,0.570,0.000,0.430
716500,0.637,0.000,0.363
717000,0.614,0.000,0.386
717500,0.579,0.000,0.421
718000,0.579,0.000,0.421
718500,0.596,0.000,0.404
719000,0.645,0.001,0.354
719500,0.676,0.000,0.324
720000,0.677,0.000,0.323
720500,0.708,0.000,0.292
721000,0.711,0.000,0.289
721500,0.707,0.000,0.293
722000,0.706,0.000,0.294
722500,0.698,0.000,0.302
723000,0.672,0.000,0.328
723500,0.666,0.000,0.334
724000,0.640,0.000,0.360
724500,0.618,0.000,0.382
725000,0.615,0.000,0.385
725500,0.664,0.000,0.336
726000,0.665,0.000,0.335
726500,0.639,0.000,0.361
727000,0.652,0.000,0.348
727500,0.640,0.000,0.360
728000,0.639,0.000,0.361
728500,0.610,0.000,0.390
729000,0.620,0.000,0.380
729500,0.615,0.000,0.385
730000,0.611,0.000,0.389
730500,0.621,0.000,0.379
731000,0.669,0.000,0.331
731500,0.690,0.000,0.310
732000,0.693,0.000,0.307
732500,0.712,0.000,0.288
733000,0.697,0.000,0.303
733500,0.702,0.000,0.298
734000,0.646,0.000,0.354
734500,0.647,0.000,0.353
735000,0.633,0.000,0.367
735500,0.685,0.000,0.315
736000,0.660,0.000,0.340
736500,0.637,0.000,0.363
737000,0.625,0.000,0.375
737500,0.663,0.000,0.337
738000,0.683,0.000,0.317
738500,0.668,0.000,0.332
739000,0.677,0.000,0.323
739500,0.660,0.000,0.340
740000,0.639,0.000,0.361
740500,0.665,0.000,0.335
741000,0.643,0.000,0.357
741500,0.600,0.000,0.400
742000,0.622,0.000,0.378
742500,0.614,0.000,0.386
743000,0.651,0.000,0.349
743500,0.629,0.000,0.371
744000,0.674,0.000,0.326
744500,0.637,0.000,0.363
745000,0.620,0.000,0.380
745500,0.626,0.000,0.374
746000,0.664,0.000,0.336
746500,0.661,0.000,0.339
747000,0.628,0.000,0.372
747500,0.668,0.000,0.332
748000,0.685,0.000,0.315
748500,0.642,0.000,0.358
749000,0.628,0.000,0.372
749500,0.658,0.000,0.342
750000,0.634,0.000,0.366
750500,0.636,0.000,0.364
751000,0.653,0.000,0.347
751500,0.671,0.000,0.329
752000,0.679,0.000,0.321
752500,0.668,0.000,0.332
753000,0.650,0.000,0.350
753500,0.627,0.000,0.373
754000,0.615,0.000,0.385
754500,0.634,0.000,0.366
755000,0.662,0.000,0.338
755500,0.685,0.000,0.315
756000,0.710,0.000,0.290
756500,0.637,0.000,0.363
757000,0.644,0.000,0.356
757500,0.631,0.000,0.369
758000,0.636,0.000,0.364
758500,0.667,0.000,0.333
759000,0.684,0.000,0.316
759500,0.668,0.000,0.332
760000,0.676,0.000,0.324
760500,0.650,0.000,0.350
761000,0.598,0.000,0.402
761500,0.583,0.000,0.417
762000,0.631,0.000,0.369
762500,0.622,0.000,0.378
763000,0.615,0.000,0.385
763500,0.657,0.000,0.343
764000,0.652,0.000,0.348
764500,0.633,0.000,0.367
765000,0.643,0.000,0.357
765500,0.615,0.000,0.385
766000,0.647,0.000,0.353
766500,0.676,0.000,0.324
767000,0.694,0.000,0.306
767500,0.697,0.000,0.303
768000,0.678,0.000,0.322
768500,0.668,0.000,0.332
769000,0.647,0.000,0.353
769500,0.638,0.000,0.362
770000,0.673,0.000,0.327
770500,0.689,0.000,0.311
771000,0.721,0.000,0.279
771500,0.681,0.000,0.319
772000,0.632,0.000,0.368
772500,0.620,0.000,0.380
773000,0.622,0.000,0.378
773500,0.626,0.000,0.374
774000,0.627,0.000,0.373
774500,0.648,0.000,0.352
775000,0.596,0.000,0.404
775500,0.613,0.000,0.387
776000,0.639,0.000,0.361
776500,0.669,0.000,0.331
777000,0.661,0.000,0.339
777500,0.634,0.000,0.366
778000,0.671,0.000,0.329
778500,0.667,0.000,0.333
779000,0.711,0.000,0.289
779500,0.716,0.000,0.284
780000,0.702,0.000,0.298
780500,0.656,0.000,0.344
781000,0.663,0.000,0.337
781500,0.634,0.000,0.366
782000,0.644,0.000,0.356
782500,0.638,0.000,0.362
783000,0.694,0.000,0.306
783500,0.717,0.000,0.283
784000,0.685,0.000,0.315
784500,0.656,0.000,0.344
785000,0.684,0.000,0.316
785500,0.688,0.000,0.312
786000,0.700,0.000,0.300
786500,0.726,0.000,0.274
787000,0.734,0.000,0.266
787500,0.702,0.000,0.298
788000,0.724,0.000,0.276
788500,0.721,0.000,0.279
789000,0.719,0.000,0.281
789500,0.698,0.000,0.302
790000,0.676,0.000,0.324
790500,0.684,0.000,0.316
791000,0.683,0.000,0.317
791500,0.674,0.000,0.326
792000,0.658,0.000,0.342
792500,0.676,0.000,0.324
793000,0.683,0.003,0.314
793500,0.633,0.001,0.366
794000,0.599,0.001,0.401
794500,0.614,0.000,0.386
795000,0.644,0.000,0.356
795500,0.614,0.000,0.386
796000,0.596,0.000,0.404
796500,0.591,0.000,0.409
797000,0.551,0.000,0.449
797500,0.527,0.000,0.473
798000,0.571,0.000,0.429
798500,0.598,0.000,0.402
799000,0.628,0.000,0.372
799500,0.692,0.000,0.308
800000,0.638,0.000,0.362
800500,0.634,0.000,0.366
801000,0.666,0.000,0.334
801500,0.626,0.000,0.374
802000,0.597,0.000,0.403
802500,0.591,0.000,0.409
803000,0.622,0.000,0.378
803500,0.660,0.000,0.340
804000,0.670,0.000,0.330
804500,0.658,0.000,0.342
805000,0.659,0.000,0.341
805500,0.648,0.000,0.352
806000,0.622,0.000,0.378
806500,0.654,0.000,0.346
807000,0.664,0.000,0.336
807500,0.686,0.000,0.314
808000,0.669,0.000,0.331
808500,0.646,0.000,0.354
809000,0.648,0.000,0.352
809500,0.691,0.003,0.306
810000,0.721,0.001,0.278
810500,0.698,0.000,0.302
811000,0.696,0.000,0.304
811500,0.648,0.000,0.352
812000,0.657,0.000,0.343
812500,0.639,0.000,0.361
813000,0.663,0.000,0.337
813500,0.657,0.000,0.343
814000,0.668,0.000,0.332
814500,0.676,0.000,0.324
815000,0.729,0.000,0.271
815500,0.717,0.000,0.283
816000,0.742,0.000,0.258
816500,0.724,0.000,0.276
817000,0.663,0.000,0.337
817500,0.660,0.000,0.340
818000,0.719,0.000,0.281
818500,0.697,0.000,0.303
819000,0.674,0.000,0.326
819500,0.665,0.000,0.335
820000,0.653,0.000,0.347
820500,0.669,0.000,0.331
821000,0.635,0.000,0.365
821500,0.654,0.000,0.346
822000,0.647,0.000,0.353
822500,0.665,0.000,0.335
823000,0.686,0.000,0.314
823500,0.637,0.000,0.363
824000,0.663,0.000,0.337
824500,0.688,0.000,0.312
825000,0.717,0.000,0.283
825500,0.667,0.000,0.333
826000,0.685,0.000,0.315
826500,0.696,0.000,0.304
827000,0.706,0.000,0.294
827500,0.693,0.000,0.307
828000,0.690,0.000,0.310
828500,0.717,0.000,0.283
829000,0.697,0.000,0.303
829500,0.726,0.000,0.274
830000,0.731,0.000,0.269
830500,0.720,0.000,0.280
831000,0.739,0.000,0.261
831500,0.724,0.000,0.276
832000,0.751,0.000,0.249
832500,0.790,0.000,0.210
833000,0.794,0.000,0.206
833500,0.759,0.000,0.241
834000,0.750,0.000,0.250
834500,0.752,0.000,0.248
835000,0.706,0.000,0.294
835500,0.716,0.000,0.284
836000,0.705,0.000,0.295
836500,0.672,0.000,0.328
837000,0.724,0.000,0.276
837500,0.711,0.000,0.289
838000,0.676,0.000,0.324
838500,0.651,0.000,0.349
839000,0.675,0.000,0.325
839500,0.699,0.000,0.301
840000,0.710,0.000,0.290
840500,0.665,0.000,0.335
841000,0.670,0.000,0.330
841500,0.664,0.000,0.336
842000,0.679,0.000,0.321
842500,0.662,0.000,0.338
843000,0.672,0.000,0.328
843500,0.643,0.000,0.357
844000,0.621,0.000,0.379
844500,0.611,0.000,0.389
845000,0.628,0.000,0.372
845500,0.619,0.000,0.381
846000,0.645,0.000,0.355
846500,0.666,0.000,0.334
847000,0.686,0.000,0.314
847500,0.682,0.000,0.318
848000,0.655,0.000,0.345
848500,0.685,0.000,0.315
849000,0.712,0.000,0.288
849500,0.703,0.000,0.297
850000,0.719,0.000,0.281
850500,0.681,0.000,0.319
851000,0.651,0.000,0.349
851500,0.668,0.000,0.332
852000,0.671,0.000,0.329
852500,0.682,0.000,0.318
853000,0.647,0.000,0.353
853500,0.645,0.000,0.355
854000,0.626,0.000,0.374
854500,0.647,0.000,0.353
855000,0.643,0.000,0.357
855500,0.612,0.000,0.388
856000,0.607,0.000,0.393
856500,0.636,0.000,0.364
857000,0.651,0.000,0.349
857500,0.643,0.000,0.357
858000,0.677,0.000,0.323
858500,0.665,0.000,0.335
859000,0.683,0.000,0.317
859500,0.693,0.000,0.307
860000,0.652,0.000,0.348
860500,0.644,0.000,0.356
861000,0.646,0.000,0.354
861500,0.685,0.000,0.315
862000,0.672,0.000,0.328
862500,0.691,0.000,0.309
863000,0.677,0.000,0.323
863500,0.683,0.000,0.317
864000,0.667,0.000,0.333
864500,0.647,0.000,0.353
865000,0.609,0.000,0.391
865500,0.630,0.000,0.370
866000,0.641,0.000,0.359
866500,0.640,0.000,0.360
867000,0.648,0.000,0.352
867500,0.647,0.000,0.353
868000,0.625,0.000,0.375
868500,0.589,0.000,0.411
869000,0.625,0.000,0.375
869500,0.632,0.000,0.368
870000,0.652,0.000,0.348
870500,0.648,0.000,0.352
871000,0.660,0.000,0.340
871500,0.654,0.000,0.346
872000,0.633,0.000,0.367
872500,0.599,0.000,0.401
873000,0.653,0.000,0.347
873500,0.655,0.000,0.345
874000,0.662,0.000,0.338
874500,0.619,0.000,0.381
875000,0.625,0.001,0.374
875500,0.619,0.000,0.381
876000,0.629,0.000,0.371
876500,0.670,0.000,0.330
877000,0.666,0.000,0.334
877500,0.673,0.000,0.327
878000,0.674,0.000,0.326
878500,0.684,0.000,0.316
879000,0.676,0.000,0.324
879500,0.669,0.000,0.331
880000,0.669,0.000,0.331
880500,0.666,0.000,0.334
881000,0.683,0.000,0.317
881500,0.647,0.000,0.353
882000,0.657,0.000,0.343
882500,0.658,0.000,0.342
883000,0.629,0.000,0.371
883500,0.645,0.000,0.355
884000,0.649,0.000,0.351
884500,0.629,0.000,0.371
885000,0.597,0.000,0.403
885500,0.583,0.000,0.417
886000,0.627,0.000,0.373
886500,0.620,0.000,0.380
887000,0.685,0.000,0.315
887500,0.670,0.000,0.330
888000,0.669,0.000,0.331
888500,0.678,0.000,0.322
889000,0.671,0.000,0.329
889500,0.648,0.000,0.352
890000,0.641,0.000,0.359
890500,0.615,0.000,0.385
891000,0.598,0.000,0.402
891500,0.611,0.000,0.389
892000,0.645,0.000,0.355
892500,0.667,0.000,0.333
893000,0.703,0.000,0.297
893500,0.693,0.000,0.307
894000,0.688,0.000,0.312
894500,0.697,0.002,0.302
895000,0.662,0.001,0.337
895500,0.679,0.000,0.321
896000,0.659,0.000,0.341
896500,0.629,0.004,0.367
897000,0.680,0.001,0.319
897500,0.691,0.000,0.309
898000,0.656,0.000,0.344
898500,0.659,0.000,0.341
899000,0.658,0.000,0.342
899500,0.644,0.000,0.356
900000,0.665,0.000,0.335
900500,0.658,0.000,0.342
901000,0.664,0.000,0.336
901500,0.641,0.000,0.359
902000,0.628,0.000,0.372
902500,0.644,0.000,0.356
903000,0.587,0.000,0.413
903500,0.618,0.000,0.382
904000,0.579,0.000,0.421
904500,0.614,0.000,0.386
905000,0.636,0.000,0.364
905500,0.653,0.000,0.347
906000,0.644,0.000,0.356
906500,0.647,0.000,0.353
907000,0.663,0.000,0.337
907500,0.645,0.000,0.355
908000,0.639,0.000,0.361
908500,0.640,0.000,0.360
909000,0.690,0.000,0.310
909500,0.684,0.000,0.316
910000,0.676,0.000,0.324
910500,0.676,0.000,0.324
911000,0.665,0.000,0.335
911500,0.647,0.000,0.353
912000,0.656,0.000,0.344
912500,0.649,0.000,0.351
913000,0.693,0.000,0.307
913500,0.668,0.000,0.332
914000,0.694,0.000,0.306
914500,0.637,0.000,0.363
915000,0.681,0.000,0.319
915500,0.661,0.000,0.339
916000,0.684,0.000,0.316
916500,0.649,0.000,0.351
917000,0.657,0.000,0.343
917500,0.667,0.000,0.333
918000,0.720,0.000,0.280
918500,0.768,0.000,0.232
919000,0.769,0.000,0.231
919500,0.746,0.000,0.254
920000,0.766,0.000,0.234
920500,0.765,0.000,0.235
921000,0.779,0.000,0.221
921500,0.754,0.000,0.246
922000,0.748,0.000,0.252
922500,0.721,0.000,0.279
923000,0.710,0.000,0.290
923500,0.729,0.000,0.271
924000,0.756,0.000,0.244
924500,0.789,0.000,0.211
925000,0.775,0.000,0.225
925500,0.752,0.000,0.248
926000,0.754,0.000,0.246
926500,0.793,0.000,0.207
927000,0.779,0.000,0.221
927500,0.756,0.000,0.244
928000,0.786,0.000,0.214
928500,0.761,0.000,0.239
929000,0.758,0.000,0.242
929500,0.727,0.000,0.273
930000,0.721,0.000,0.279
930500,0.702,0.000,0.298
931000,0.739,0.000,0.261
931500,0.726,0.000,0.274
932000,0.731,0.000,0.269
932500,0.728,0.000,0.272
933000,0.723,0.000,0.277
933500,0.658,0.000,0.342
934000,0.685,0.000,0.315
934500,0.658,0.000,0.342
935000,0.695,0.000,0.305
935500,0.688,0.000,0.312
936000,0.696,0.000,0.304
936500,0.677,0.000,0.323
937000,0.665,0.000,0.335
937500,0.682,0.000,0.318
938000,0.653,0.000,0.347
938500,0.663,0.000,0.337
939000,0.683,0.000,0.317
939500,0.678,0.000,0.322
940000,0.639,0.000,0.361
940500,0.664,0.000,0.336
941000,0.689,0.000,0.311
941500,0.706,0.000,0.294
942000,0.697,0.000,0.303
942500,0.688,0.000,0.312
943000,0.722,0.000,0.278
943500,0.702,0.000,0.298
944000,0.683,0.000,0.317
944500,0.688,0.000,0.312
945000,0.665,0.000,0.335
945500,0.659,0.000,0.341
946000,0.675,0.000,0.325
946500,0.661,0.000,0.339
947000,0.660,0.000,0.340
947500,0.646,0.000,0.354
948000,0.667,0.000,0.333
948500,0.663,0.000,0.337
949000,0.747,0.000,0.253
949500,0.685,0.000,0.315
950000,0.706,0.000,0.294
950500,0.667,0.000,0.333
951000,0.694,0.000,0.306
951500,0.701,0.000,0.299
952000,0.690,0.000,0.310
952500,0.690,0.000,0.310
953000,0.718,0.000,0.282
953500,0.727,0.000,0.273
954000,0.702,0.000,0.298
954500,0.731,0.000,0.269
955000,0.719,0.000,0.281
955500,0.695,0.000,0.305
956000,0.684,0.000,0.316
956500,0.666,0.000,0.334
957000,0.685,0.000,0.315
957500,0.699,0.000,0.301
958000,0.687,0.000,0.313
958500,0.681,0.000,0.319
959000,0.719,0.000,0.281
959500,0.720,0.000,0.280
960000,0.745,0.000,0.255
960500,0.723,0.000,0.277
961000,0.711,0.000,0.289
961500,0.707,0.000,0.293
962000,0.678,0.000,0.322
962500,0.660,0.000,0.340
963000,0.652,0.000,0.348
963500,0.655,0.000,0.345
964000,0.684,0.000,0.316
964500,0.700,0.000,0.300
965000,0.694,0.000,0.306
965500,0.694,0.000,0.306
966000,0.682,0.000,0.318
966500,0.642,0.000,0.358
967000,0.647,0.000,0.353
967500,0.665,0.000,0.335
968000,0.697,0.000,0.303
968500,0.676,0.000,0.324
969000,0.713,0.000,0.287
969500,0.692,0.000,0.308
970000,0.690,0.000,0.310
970500,0.691,0.000,0.309
971000,0.654,0.000,0.346
971500,0.639,0.000,0.361
972000,0.665,0.000,0.335
972500,0.682,0.000,0.318
973000,0.716,0.000,0.284
973500,0.730,0.000,0.270
974000,0.728,0.000,0.272
974500,0.722,0.000,0.278
975000,0.731,0.000,0.269
975500,0.714,0.000,0.286
976000,0.710,0.000,0.290
976500,0.663,0.000,0.337
977000,0.668,0.000,0.332
977500,0.645,0.000,0.355
978000,0.641,0.000,0.359
978500,0.640,0.000,0.360
979000,0.693,0.000,0.307
979500,0.668,0.000,0.332
980000,0.669,0.000,0.331
980500,0.680,0.000,0.320
981000,0.624,0.000,0.376
981500,0.617,0.000,0.383
982000,0.608,0.000,0.392
982500,0.626,0.001,0.373
983000,0.646,0.000,0.354
983500,0.664,0.000,0.336
984000,0.693,0.000,0.307
984500,0.713,0.000,0.287
985000,0.706,0.004,0.290
985500,0.712,0.001,0.288
986000,0.674,0.000,0.326
986500,0.695,0.000,0.305
987000,0.672,0.000,0.328
987500,0.690,0.000,0.310
988000,0.697,0.000,0.303
988500,0.712,0.000,0.288
989000,0.716,0.000,0.284
989500,0.712,0.000,0.288
990000,0.717,0.000,0.283
990500,0.742,0.000,0.258
991000,0.733,0.000,0.267
991500,0.723,0.000,0.277
992000,0.726,0.000,0.274
992500,0.730,0.000,0.270
993000,0.748,0.000,0.252
993500,0.759,0.000,0.241
994000,0.759,0.000,0.241
994500,0.721,0.000,0.279
995000,0.709,0.000,0.291
995500,0.680,0.000,0.320
996000,0.617,0.000,0.383
996500,0.629,0.000,0.371
997000,0.622,0.000,0.378
997500,0.628,0.000,0.372
998000,0.642,0.000,0.358
998500,0.636,0.000,0.364
999000,0.635,0.000,0.365
999500,0.645,0.000,0.355
1000000,0.661,0.000,0.339
