time,n_A+p,n_B,n_AB
500,0.030,0.216,0.754
1000,0.030,0.120,0.850
1500,0.030,0.220,0.750
2000,0.388,0.000,0.612
2500,0.534,0.000,0.466
3000,0.737,0.000,0.263
3500,0.784,0.000,0.216
4000,0.721,0.000,0.279
4500,0.799,0.000,0.201
5000,0.651,0.000,0.349
5500,0.346,0.000,0.654
6000,0.447,0.000,0.553
6500,0.675,0.000,0.325
7000,0.833,0.000,0.167
7500,0.924,0.000,0.076
8000,0.874,0.000,0.126
8500,0.890,0.000,0.110
9000,0.834,0.000,0.166
9500,0.723,0.000,0.277
10000,0.889,0.000,0.111
10500,0.996,0.000,0.004
11000,0.996,0.000,0.004
11500,1.000,0.000,0.000
