time,n_A+p,n_B,n_AB
100,0.030,0.963,0.007
200,0.030,0.959,0.011
300,0.030,0.955,0.015
400,0.032,0.951,0.017
500,0.032,0.947,0.021
600,0.031,0.942,0.027
700,0.031,0.943,0.026
800,0.030,0.943,0.027
900,0.030,0.941,0.029
1000,0.034,0.936,0.030
1100,0.040,0.923,0.037
1200,0.039,0.916,0.045
1300,0.039,0.915,0.046
1400,0.039,0.908,0.053
1500,0.037,0.902,0.061
1600,0.037,0.893,0.070
1700,0.036,0.900,0.064
1800,0.036,0.899,0.065
1900,0.036,0.901,0.063
2000,0.036,0.894,0.070
2100,0.035,0.892,0.073
2200,0.035,0.893,0.072
2300,0.035,0.891,0.074
2400,0.035,0.890,0.075
2500,0.035,0.887,0.078
2600,0.033,0.891,0.076
2700,0.032,0.888,0.080
2800,0.032,0.891,0.077
2900,0.033,0.882,0.085
3000,0.033,0.880,0.087
3100,0.035,0.881,0.084
3200,0.036,0.884,0.080
3300,0.038,0.887,0.075
3400,0.038,0.881,0.081
3500,0.036,0.882,0.082
3600,0.034,0.884,0.082
3700,0.034,0.883,0.083
3800,0.038,0.876,0.086
3900,0.038,0.874,0.088
4000,0.040,0.871,0.089
4100,0.041,0.867,0.092
4200,0.042,0.868,0.090
4300,0.041,0.856,0.103
4400,0.041,0.851,0.108
4500,0.041,0.851,0.108
4600,0.041,0.852,0.107
4700,0.040,0.861,0.099
4800,0.039,0.867,0.094
4900,0.038,0.866,0.096
5000,0.039,0.866,0.095
5100,0.043,0.862,0.095
5200,0.040,0.866,0.094
5300,0.041,0.870,0.089
5400,0.038,0.875,0.087
5500,0.038,0.877,0.085
5600,0.038,0.876,0.086
5700,0.037,0.872,0.091
5800,0.039,0.860,0.101
5900,0.041,0.866,0.093
6000,0.041,0.856,0.103
6100,0.042,0.846,0.112
6200,0.045,0.846,0.109
6300,0.046,0.840,0.114
6400,0.044,0.832,0.124
6500,0.046,0.824,0.130
6600,0.049,0.822,0.129
6700,0.049,0.817,0.134
6800,0.044,0.821,0.135
6900,0.043,0.818,0.139
7000,0.042,0.818,0.140
7100,0.043,0.809,0.148
7200,0.043,0.812,0.145
7300,0.041,0.814,0.145
7400,0.041,0.815,0.144
7500,0.042,0.814,0.144
7600,0.042,0.818,0.140
7700,0.042,0.824,0.134
7800,0.040,0.826,0.134
7900,0.042,0.832,0.126
8000,0.040,0.828,0.132
8100,0.040,0.829,0.131
8200,0.045,0.813,0.142
8300,0.046,0.815,0.139
8400,0.047,0.821,0.132
8500,0.046,0.826,0.128
8600,0.044,0.825,0.131
8700,0.045,0.833,0.122
8800,0.042,0.830,0.128
8900,0.048,0.834,0.118
9000,0.048,0.835,0.117
9100,0.046,0.839,0.115
9200,0.045,0.844,0.111
9300,0.047,0.842,0.111
9400,0.052,0.844,0.104
9500,0.051,0.844,0.105
9600,0.052,0.847,0.101
9700,0.050,0.849,0.101
9800,0.050,0.850,0.100
9900,0.047,0.844,0.109
10000,0.052,0.839,0.109
10100,0.051,0.842,0.107
10200,0.051,0.840,0.109
10300,0.048,0.843,0.109
10400,0.055,0.837,0.108
10500,0.053,0.843,0.104
10600,0.052,0.837,0.111
10700,0.055,0.833,0.112
10800,0.051,0.835,0.114
10900,0.049,0.834,0.117
11000,0.050,0.830,0.120
11100,0.050,0.829,0.121
11200,0.052,0.829,0.119
11300,0.052,0.827,0.121
11400,0.049,0.820,0.131
11500,0.050,0.820,0.130
11600,0.050,0.821,0.129
11700,0.053,0.822,0.125
11800,0.055,0.821,0.124
11900,0.054,0.817,0.129
12000,0.054,0.819,0.127
12100,0.051,0.817,0.132
12200,0.045,0.816,0.139
12300,0.046,0.809,0.145
12400,0.050,0.811,0.139
12500,0.056,0.808,0.136
12600,0.053,0.803,0.144
12700,0.056,0.801,0.143
12800,0.053,0.806,0.141
12900,0.051,0.809,0.140
13000,0.055,0.804,0.141
13100,0.053,0.808,0.139
13200,0.054,0.803,0.143
13300,0.055,0.799,0.146
13400,0.057,0.793,0.150
13500,0.061,0.790,0.149
13600,0.062,0.776,0.162
13700,0.062,0.781,0.157
13800,0.058,0.780,0.162
13900,0.065,0.774,0.161
14000,0.065,0.784,0.151
14100,0.064,0.789,0.147
14200,0.062,0.777,0.161
14300,0.061,0.778,0.161
14400,0.056,0.775,0.169
14500,0.053,0.773,0.174
14600,0.053,0.769,0.178
14700,0.057,0.772,0.171
14800,0.058,0.776,0.166
14900,0.060,0.772,0.168
15000,0.064,0.767,0.169
15100,0.057,0.773,0.170
15200,0.068,0.772,0.160
15300,0.069,0.768,0.163
15400,0.069,0.766,0.165
15500,0.071,0.756,0.173
15600,0.070,0.744,0.186
15700,0.071,0.732,0.197
15800,0.069,0.734,0.197
15900,0.069,0.736,0.195
16000,0.069,0.743,0.188
16100,0.065,0.740,0.195
16200,0.068,0.744,0.188
16300,0.064,0.745,0.191
16400,0.063,0.742,0.195
16500,0.067,0.743,0.190
16600,0.069,0.764,0.167
16700,0.067,0.765,0.168
16800,0.069,0.762,0.169
16900,0.067,0.772,0.161
17000,0.067,0.778,0.155
17100,0.067,0.779,0.154
17200,0.067,0.781,0.152
17300,0.065,0.785,0.150
17400,0.065,0.796,0.139
17500,0.065,0.798,0.137
17600,0.061,0.793,0.146
17700,0.058,0.794,0.148
17800,0.057,0.797,0.146
17900,0.055,0.803,0.142
18000,0.054,0.808,0.138
18100,0.056,0.809,0.135
18200,0.053,0.808,0.139
18300,0.052,0.809,0.139
18400,0.050,0.796,0.154
18500,0.063,0.792,0.145
18600,0.065,0.785,0.150
18700,0.065,0.783,0.152
18800,0.065,0.780,0.155
18900,0.064,0.776,0.160
19000,0.063,0.782,0.155
19100,0.065,0.784,0.151
19200,0.067,0.778,0.155
19300,0.068,0.781,0.151
19400,0.077,0.772,0.151
19500,0.075,0.767,0.158
19600,0.072,0.773,0.155
19700,0.070,0.773,0.157
19800,0.071,0.771,0.158
19900,0.066,0.770,0.164
20000,0.068,0.770,0.162
20100,0.070,0.763,0.167
20200,0.077,0.765,0.158
20300,0.075,0.775,0.150
20400,0.073,0.778,0.149
20500,0.068,0.789,0.143
20600,0.066,0.789,0.145
20700,0.068,0.789,0.143
20800,0.070,0.790,0.140
20900,0.067,0.794,0.139
21000,0.067,0.786,0.147
21100,0.071,0.780,0.149
21200,0.071,0.788,0.141
21300,0.070,0.782,0.148
21400,0.074,0.780,0.146
21500,0.069,0.775,0.156
21600,0.069,0.775,0.156
21700,0.065,0.778,0.157
21800,0.065,0.783,0.152
21900,0.061,0.777,0.162
22000,0.059,0.776,0.165
22100,0.060,0.776,0.164
22200,0.062,0.782,0.156
22300,0.056,0.780,0.164
22400,0.053,0.780,0.167
22500,0.054,0.781,0.165
22600,0.052,0.783,0.165
22700,0.049,0.773,0.178
22800,0.053,0.770,0.177
22900,0.054,0.771,0.175
23000,0.057,0.772,0.171
23100,0.062,0.771,0.167
23200,0.061,0.772,0.167
23300,0.058,0.775,0.167
23400,0.054,0.778,0.168
23500,0.056,0.777,0.167
23600,0.063,0.785,0.152
23700,0.065,0.779,0.156
23800,0.066,0.781,0.153
23900,0.072,0.777,0.151
24000,0.068,0.771,0.161
24100,0.068,0.773,0.159
24200,0.066,0.759,0.175
24300,0.063,0.761,0.176
24400,0.061,0.751,0.188
24500,0.064,0.750,0.186
24600,0.067,0.754,0.179
24700,0.065,0.757,0.178
24800,0.067,0.753,0.180
24900,0.068,0.752,0.180
25000,0.073,0.748,0.179
25100,0.072,0.753,0.175
25200,0.070,0.758,0.172
25300,0.065,0.756,0.179
25400,0.063,0.748,0.189
25500,0.064,0.747,0.189
25600,0.069,0.741,0.190
25700,0.072,0.738,0.190
25800,0.075,0.742,0.183
25900,0.074,0.749,0.177
26000,0.075,0.759,0.166
26100,0.077,0.750,0.173
26200,0.077,0.753,0.170
26300,0.076,0.752,0.172
26400,0.079,0.751,0.170
26500,0.079,0.748,0.173
26600,0.074,0.740,0.186
26700,0.069,0.740,0.191
26800,0.062,0.755,0.183
26900,0.074,0.752,0.174
27000,0.078,0.755,0.167
27100,0.076,0.765,0.159
27200,0.080,0.756,0.164
27300,0.078,0.741,0.181
27400,0.077,0.741,0.182
27500,0.073,0.741,0.186
27600,0.074,0.739,0.187
27700,0.074,0.736,0.190
27800,0.073,0.741,0.186
27900,0.078,0.748,0.174
28000,0.073,0.753,0.174
28100,0.071,0.755,0.174
28200,0.071,0.747,0.182
28300,0.072,0.740,0.188
28400,0.069,0.737,0.194
28500,0.075,0.745,0.180
28600,0.074,0.735,0.191
28700,0.071,0.740,0.189
28800,0.065,0.739,0.196
28900,0.065,0.740,0.195
29000,0.068,0.738,0.194
29100,0.061,0.740,0.199
29200,0.068,0.732,0.200
29300,0.073,0.724,0.203
29400,0.074,0.714,0.212
29500,0.075,0.720,0.205
29600,0.080,0.720,0.200
29700,0.078,0.717,0.205
29800,0.083,0.723,0.194
29900,0.089,0.714,0.197
30000,0.088,0.714,0.198
30100,0.085,0.726,0.189
30200,0.082,0.723,0.195
30300,0.085,0.729,0.186
30400,0.082,0.730,0.188
30500,0.089,0.732,0.179
30600,0.088,0.728,0.184
30700,0.086,0.729,0.185
30800,0.082,0.728,0.190
30900,0.084,0.723,0.193
31000,0.085,0.726,0.189
31100,0.089,0.724,0.187
31200,0.087,0.720,0.193
31300,0.080,0.732,0.188
31400,0.076,0.729,0.195
31500,0.072,0.731,0.197
31600,0.073,0.724,0.203
31700,0.074,0.727,0.199
31800,0.077,0.728,0.195
31900,0.075,0.733,0.192
32000,0.075,0.729,0.196
32100,0.071,0.727,0.202
32200,0.074,0.737,0.189
32300,0.074,0.738,0.188
32400,0.072,0.746,0.182
32500,0.072,0.738,0.190
32600,0.073,0.733,0.194
32700,0.069,0.731,0.200
32800,0.068,0.743,0.189
32900,0.073,0.732,0.195
33000,0.069,0.747,0.184
33100,0.067,0.752,0.181
33200,0.064,0.753,0.183
33300,0.074,0.753,0.173
33400,0.076,0.749,0.175
33500,0.078,0.743,0.179
33600,0.082,0.749,0.169
33700,0.083,0.747,0.170
33800,0.092,0.748,0.160
33900,0.098,0.752,0.150
34000,0.095,0.743,0.162
34100,0.090,0.737,0.173
34200,0.087,0.727,0.186
34300,0.081,0.731,0.188
34400,0.086,0.739,0.175
34500,0.084,0.739,0.177
34600,0.088,0.747,0.165
34700,0.088,0.733,0.179
34800,0.085,0.735,0.180
34900,0.080,0.728,0.192
35000,0.079,0.728,0.193
35100,0.076,0.736,0.188
35200,0.079,0.741,0.180
35300,0.076,0.752,0.172
35400,0.074,0.750,0.176
35500,0.073,0.757,0.170
35600,0.078,0.759,0.163
35700,0.077,0.761,0.162
35800,0.079,0.762,0.159
35900,0.074,0.764,0.162
36000,0.072,0.770,0.158
36100,0.077,0.772,0.151
36200,0.083,0.763,0.154
36300,0.088,0.754,0.158
36400,0.090,0.758,0.152
36500,0.087,0.754,0.159
36600,0.083,0.753,0.164
36700,0.080,0.763,0.157
36800,0.080,0.753,0.167
36900,0.079,0.754,0.167
37000,0.077,0.750,0.173
37100,0.085,0.753,0.162
37200,0.081,0.746,0.173
37300,0.080,0.740,0.180
37400,0.077,0.743,0.180
37500,0.075,0.745,0.180
37600,0.072,0.752,0.176
37700,0.073,0.755,0.172
37800,0.076,0.763,0.161
37900,0.071,0.770,0.159
38000,0.066,0.769,0.165
38100,0.063,0.767,0.170
38200,0.064,0.771,0.165
38300,0.064,0.774,0.162
38400,0.059,0.769,0.172
38500,0.058,0.775,0.167
38600,0.059,0.773,0.168
38700,0.062,0.779,0.159
38800,0.058,0.781,0.161
38900,0.056,0.784,0.160
39000,0.057,0.782,0.161
39100,0.055,0.784,0.161
39200,0.056,0.786,0.158
39300,0.057,0.794,0.149
39400,0.053,0.790,0.157
39500,0.055,0.788,0.157
39600,0.053,0.786,0.161
39700,0.055,0.787,0.158
39800,0.053,0.791,0.156
39900,0.051,0.791,0.158
40000,0.052,0.789,0.159
40100,0.054,0.797,0.149
40200,0.052,0.796,0.152
40300,0.051,0.800,0.149
40400,0.052,0.806,0.142
40500,0.050,0.804,0.146
40600,0.047,0.803,0.150
40700,0.049,0.801,0.150
40800,0.051,0.808,0.141
40900,0.058,0.806,0.136
41000,0.060,0.801,0.139
41100,0.061,0.799,0.140
41200,0.060,0.804,0.136
41300,0.057,0.809,0.134
41400,0.055,0.817,0.128
41500,0.055,0.817,0.128
41600,0.060,0.812,0.128
41700,0.057,0.806,0.137
41800,0.058,0.792,0.150
41900,0.060,0.788,0.152
42000,0.063,0.778,0.159
42100,0.063,0.771,0.166
42200,0.065,0.763,0.172
42300,0.068,0.758,0.174
42400,0.071,0.760,0.169
42500,0.067,0.770,0.163
42600,0.068,0.765,0.167
42700,0.066,0.759,0.175
42800,0.073,0.762,0.165
42900,0.073,0.767,0.160
43000,0.075,0.759,0.166
43100,0.070,0.757,0.173
43200,0.068,0.761,0.171
43300,0.069,0.759,0.172
43400,0.066,0.767,0.167
43500,0.066,0.776,0.158
43600,0.072,0.769,0.159
43700,0.067,0.768,0.165
43800,0.074,0.768,0.158
43900,0.070,0.761,0.169
44000,0.068,0.760,0.172
44100,0.067,0.760,0.173
44200,0.072,0.754,0.174
44300,0.069,0.749,0.182
44400,0.066,0.752,0.182
44500,0.072,0.752,0.176
44600,0.071,0.751,0.178
44700,0.081,0.748,0.171
44800,0.080,0.744,0.176
44900,0.077,0.747,0.176
45000,0.083,0.741,0.176
45100,0.084,0.747,0.169
45200,0.087,0.746,0.167
45300,0.085,0.756,0.159
45400,0.086,0.754,0.160
45500,0.081,0.750,0.169
45600,0.081,0.743,0.176
45700,0.084,0.738,0.178
45800,0.086,0.735,0.179
45900,0.081,0.743,0.176
46000,0.078,0.757,0.165
46100,0.080,0.755,0.165
46200,0.078,0.754,0.168
46300,0.074,0.742,0.184
46400,0.075,0.750,0.175
46500,0.072,0.747,0.181
46600,0.071,0.748,0.181
46700,0.068,0.751,0.181
46800,0.073,0.750,0.177
46900,0.070,0.754,0.176
47000,0.068,0.759,0.173
47100,0.067,0.757,0.176
47200,0.066,0.764,0.170
47300,0.069,0.768,0.163
47400,0.066,0.772,0.162
47500,0.070,0.774,0.156
47600,0.073,0.765,0.162
47700,0.064,0.766,0.170
47800,0.066,0.772,0.162
47900,0.067,0.776,0.157
48000,0.065,0.776,0.159
48100,0.067,0.776,0.157
48200,0.065,0.779,0.156
48300,0.068,0.777,0.155
48400,0.066,0.783,0.151
48500,0.061,0.781,0.158
48600,0.060,0.783,0.157
48700,0.062,0.792,0.146
48800,0.061,0.799,0.140
48900,0.057,0.795,0.148
49000,0.057,0.795,0.148
49100,0.056,0.799,0.145
49200,0.057,0.799,0.144
49300,0.052,0.792,0.156
49400,0.053,0.788,0.159
49500,0.060,0.794,0.146
49600,0.059,0.789,0.152
49700,0.063,0.792,0.145
49800,0.060,0.793,0.147
49900,0.060,0.799,0.141
50000,0.057,0.792,0.151
50100,0.057,0.785,0.158
50200,0.059,0.792,0.149
50300,0.059,0.794,0.147
50400,0.058,0.796,0.146
50500,0.061,0.795,0.144
50600,0.061,0.796,0.143
50700,0.066,0.788,0.146
50800,0.065,0.787,0.148
50900,0.066,0.779,0.155
51000,0.073,0.779,0.148
51100,0.072,0.763,0.165
51200,0.071,0.776,0.153
51300,0.070,0.772,0.158
51400,0.066,0.777,0.157
51500,0.065,0.777,0.158
51600,0.067,0.777,0.156
51700,0.064,0.774,0.162
51800,0.061,0.776,0.163
51900,0.063,0.774,0.163
52000,0.064,0.758,0.178
52100,0.064,0.755,0.181
52200,0.064,0.765,0.171
52300,0.065,0.756,0.179
52400,0.065,0.755,0.180
52500,0.064,0.743,0.193
52600,0.066,0.744,0.190
52700,0.069,0.746,0.185
52800,0.080,0.742,0.178
52900,0.075,0.738,0.187
53000,0.078,0.740,0.182
53100,0.075,0.745,0.180
53200,0.079,0.741,0.180
53300,0.076,0.747,0.177
53400,0.076,0.737,0.187
53500,0.082,0.741,0.177
53600,0.077,0.745,0.178
53700,0.077,0.741,0.182
53800,0.082,0.726,0.192
53900,0.080,0.723,0.197
54000,0.087,0.726,0.187
54100,0.084,0.721,0.195
54200,0.084,0.722,0.194
54300,0.082,0.725,0.193
54400,0.079,0.730,0.191
54500,0.077,0.718,0.205
54600,0.078,0.711,0.211
54700,0.076,0.721,0.203
54800,0.078,0.712,0.210
54900,0.077,0.708,0.215
55000,0.079,0.707,0.214
55100,0.076,0.707,0.217
55200,0.072,0.712,0.216
55300,0.073,0.721,0.206
55400,0.072,0.716,0.212
55500,0.068,0.721,0.211
55600,0.075,0.715,0.210
55700,0.074,0.718,0.208
55800,0.075,0.725,0.200
55900,0.081,0.739,0.180
56000,0.080,0.735,0.185
56100,0.082,0.739,0.179
56200,0.082,0.731,0.187
56300,0.080,0.729,0.191
56400,0.078,0.736,0.186
56500,0.081,0.739,0.180
56600,0.079,0.747,0.174
56700,0.088,0.747,0.165
56800,0.088,0.748,0.164
56900,0.085,0.755,0.160
57000,0.087,0.756,0.157
57100,0.083,0.762,0.155
57200,0.076,0.757,0.167
57300,0.076,0.754,0.170
57400,0.078,0.754,0.168
57500,0.085,0.739,0.176
57600,0.079,0.736,0.185
57700,0.073,0.729,0.198
57800,0.075,0.727,0.198
57900,0.075,0.724,0.201
58000,0.072,0.726,0.202
58100,0.071,0.723,0.206
58200,0.081,0.726,0.193
58300,0.074,0.738,0.188
58400,0.070,0.730,0.200
58500,0.071,0.739,0.190
58600,0.074,0.736,0.190
58700,0.071,0.734,0.195
58800,0.068,0.738,0.194
58900,0.076,0.741,0.183
59000,0.076,0.747,0.177
59100,0.073,0.748,0.179
59200,0.073,0.737,0.190
59300,0.075,0.735,0.190
59400,0.079,0.730,0.191
59500,0.077,0.729,0.194
59600,0.079,0.739,0.182
59700,0.077,0.738,0.185
59800,0.078,0.745,0.177
59900,0.075,0.748,0.177
60000,0.074,0.751,0.175
60100,0.070,0.763,0.167
60200,0.066,0.764,0.170
60300,0.065,0.767,0.168
60400,0.064,0.772,0.164
60500,0.066,0.764,0.170
60600,0.073,0.769,0.158
60700,0.070,0.764,0.166
60800,0.075,0.751,0.174
60900,0.068,0.761,0.171
61000,0.066,0.757,0.177
61100,0.062,0.753,0.185
61200,0.064,0.746,0.190
61300,0.058,0.758,0.184
61400,0.054,0.762,0.184
61500,0.056,0.754,0.190
61600,0.056,0.757,0.187
61700,0.059,0.756,0.185
61800,0.063,0.755,0.182
61900,0.069,0.747,0.184
62000,0.065,0.742,0.193
62100,0.064,0.750,0.186
62200,0.070,0.746,0.184
62300,0.074,0.751,0.175
62400,0.073,0.756,0.171
62500,0.076,0.751,0.173
62600,0.079,0.744,0.177
62700,0.074,0.754,0.172
62800,0.080,0.762,0.158
62900,0.084,0.760,0.156
63000,0.085,0.761,0.154
63100,0.085,0.759,0.156
63200,0.085,0.755,0.160
63300,0.084,0.753,0.163
63400,0.082,0.754,0.164
63500,0.087,0.756,0.157
63600,0.094,0.743,0.163
63700,0.100,0.748,0.152
63800,0.096,0.751,0.153
63900,0.096,0.746,0.158
64000,0.092,0.747,0.161
64100,0.088,0.754,0.158
64200,0.083,0.751,0.166
64300,0.083,0.744,0.173
64400,0.089,0.734,0.177
64500,0.091,0.733,0.176
64600,0.096,0.724,0.180
64700,0.093,0.726,0.181
64800,0.093,0.729,0.178
64900,0.089,0.725,0.186
65000,0.082,0.722,0.196
65100,0.089,0.718,0.193
65200,0.084,0.725,0.191
65300,0.089,0.721,0.190
65400,0.086,0.721,0.193
65500,0.084,0.712,0.204
65600,0.083,0.710,0.207
65700,0.082,0.721,0.197
65800,0.081,0.725,0.194
65900,0.080,0.723,0.197
66000,0.083,0.724,0.193
66100,0.081,0.719,0.200
66200,0.080,0.735,0.185
66300,0.080,0.746,0.174
66400,0.076,0.757,0.167
66500,0.079,0.753,0.168
66600,0.080,0.751,0.169
66700,0.078,0.750,0.172
66800,0.079,0.755,0.166
66900,0.078,0.759,0.163
67000,0.074,0.761,0.165
67100,0.072,0.751,0.177
67200,0.070,0.760,0.170
67300,0.068,0.761,0.171
67400,0.077,0.753,0.170
67500,0.074,0.754,0.172
67600,0.069,0.751,0.180
67700,0.068,0.741,0.191
67800,0.069,0.737,0.194
67900,0.070,0.749,0.181
68000,0.073,0.748,0.179
68100,0.074,0.739,0.187
68200,0.075,0.738,0.187
68300,0.069,0.748,0.183
68400,0.069,0.741,0.190
68500,0.077,0.734,0.189
68600,0.088,0.728,0.184
68700,0.084,0.735,0.181
68800,0.086,0.730,0.184
68900,0.087,0.726,0.187
69000,0.085,0.729,0.186
69100,0.077,0.727,0.196
69200,0.078,0.728,0.194
69300,0.078,0.728,0.194
69400,0.083,0.725,0.192
69500,0.084,0.735,0.181
69600,0.078,0.747,0.175
69700,0.074,0.746,0.180
69800,0.074,0.744,0.182
69900,0.081,0.744,0.175
70000,0.084,0.752,0.164
70100,0.080,0.759,0.161
70200,0.079,0.760,0.161
70300,0.087,0.756,0.157
70400,0.084,0.758,0.158
70500,0.079,0.749,0.172
70600,0.077,0.748,0.175
70700,0.072,0.746,0.182
70800,0.072,0.749,0.179
70900,0.073,0.757,0.170
71000,0.070,0.762,0.168
71100,0.068,0.759,0.173
71200,0.070,0.752,0.178
71300,0.076,0.750,0.174
71400,0.073,0.754,0.173
71500,0.080,0.753,0.167
71600,0.077,0.752,0.171
71700,0.071,0.755,0.174
71800,0.071,0.761,0.168
71900,0.073,0.768,0.159
72000,0.078,0.765,0.157
72100,0.076,0.762,0.162
72200,0.076,0.767,0.157
72300,0.080,0.757,0.163
72400,0.076,0.765,0.159
72500,0.068,0.761,0.171
72600,0.068,0.771,0.161
72700,0.061,0.782,0.157
72800,0.063,0.779,0.158
72900,0.068,0.769,0.163
73000,0.066,0.764,0.170
73100,0.069,0.756,0.175
73200,0.072,0.753,0.175
73300,0.069,0.750,0.181
73400,0.071,0.741,0.188
73500,0.077,0.738,0.185
73600,0.079,0.735,0.186
73700,0.081,0.729,0.190
73800,0.083,0.728,0.189
73900,0.083,0.717,0.200
74000,0.080,0.720,0.200
74100,0.082,0.729,0.189
74200,0.077,0.729,0.194
74300,0.083,0.719,0.198
74400,0.084,0.720,0.196
74500,0.088,0.727,0.185
74600,0.080,0.739,0.181
74700,0.077,0.738,0.185
74800,0.077,0.735,0.188
74900,0.072,0.736,0.192
75000,0.081,0.733,0.186
75100,0.077,0.744,0.179
75200,0.084,0.743,0.173
75300,0.085,0.745,0.170
75400,0.089,0.744,0.167
75500,0.081,0.741,0.178
75600,0.083,0.728,0.189
75700,0.082,0.729,0.189
75800,0.086,0.742,0.172
75900,0.077,0.749,0.174
76000,0.075,0.752,0.173
76100,0.075,0.757,0.168
76200,0.071,0.759,0.170
76300,0.072,0.762,0.166
76400,0.075,0.767,0.158
76500,0.087,0.765,0.148
76600,0.078,0.763,0.159
76700,0.074,0.758,0.168
76800,0.076,0.753,0.171
76900,0.071,0.760,0.169
77000,0.067,0.758,0.175
77100,0.068,0.768,0.164
77200,0.077,0.766,0.157
77300,0.077,0.754,0.169
77400,0.075,0.752,0.173
77500,0.079,0.750,0.171
77600,0.076,0.755,0.169
77700,0.078,0.753,0.169
77800,0.079,0.747,0.174
77900,0.075,0.748,0.177
78000,0.076,0.755,0.169
78100,0.072,0.757,0.171
78200,0.075,0.763,0.162
78300,0.073,0.768,0.159
78400,0.073,0.765,0.162
78500,0.073,0.767,0.160
78600,0.083,0.759,0.158
78700,0.084,0.767,0.149
78800,0.090,0.764,0.146
78900,0.090,0.766,0.144
79000,0.081,0.766,0.153
79100,0.079,0.771,0.150
79200,0.073,0.774,0.153
79300,0.063,0.780,0.157
79400,0.061,0.783,0.156
79500,0.063,0.787,0.150
79600,0.059,0.778,0.163
79700,0.062,0.779,0.159
79800,0.059,0.791,0.150
79900,0.057,0.794,0.149
80000,0.056,0.802,0.142
80100,0.063,0.797,0.140
80200,0.058,0.796,0.146
80300,0.058,0.789,0.153
80400,0.061,0.781,0.158
80500,0.064,0.774,0.162
80600,0.064,0.782,0.154
80700,0.060,0.785,0.155
80800,0.064,0.776,0.160
80900,0.061,0.773,0.166
81000,0.058,0.781,0.161
81100,0.057,0.777,0.166
81200,0.060,0.773,0.167
81300,0.065,0.755,0.180
81400,0.062,0.766,0.172
81500,0.059,0.768,0.173
81600,0.065,0.774,0.161
81700,0.063,0.785,0.152
81800,0.062,0.789,0.149
81900,0.058,0.789,0.153
82000,0.066,0.780,0.154
82100,0.064,0.770,0.166
82200,0.061,0.774,0.165
82300,0.061,0.767,0.172
82400,0.058,0.776,0.166
82500,0.062,0.775,0.163
82600,0.070,0.774,0.156
82700,0.066,0.784,0.150
82800,0.069,0.782,0.149
82900,0.074,0.780,0.146
83000,0.074,0.779,0.147
83100,0.071,0.782,0.147
83200,0.072,0.789,0.139
83300,0.068,0.800,0.132
83400,0.066,0.800,0.134
83500,0.067,0.805,0.128
83600,0.067,0.804,0.129
83700,0.066,0.803,0.131
83800,0.066,0.805,0.129
83900,0.066,0.804,0.130
84000,0.066,0.806,0.128
84100,0.064,0.810,0.126
84200,0.063,0.808,0.129
84300,0.057,0.810,0.133
84400,0.058,0.802,0.140
84500,0.053,0.813,0.134
84600,0.051,0.805,0.144
84700,0.055,0.804,0.141
84800,0.059,0.804,0.137
84900,0.059,0.807,0.134
85000,0.059,0.810,0.131
85100,0.062,0.809,0.129
85200,0.065,0.811,0.124
85300,0.063,0.799,0.138
85400,0.063,0.797,0.140
85500,0.062,0.803,0.135
85600,0.054,0.799,0.147
85700,0.053,0.794,0.153
85800,0.054,0.798,0.148
85900,0.054,0.798,0.148
86000,0.054,0.800,0.146
86100,0.051,0.793,0.156
86200,0.052,0.793,0.155
86300,0.052,0.801,0.147
86400,0.048,0.812,0.140
86500,0.051,0.805,0.144
86600,0.055,0.804,0.141
86700,0.053,0.801,0.146
86800,0.052,0.803,0.145
86900,0.050,0.802,0.148
87000,0.051,0.804,0.145
87100,0.051,0.806,0.143
87200,0.055,0.802,0.143
87300,0.053,0.802,0.145
87400,0.054,0.805,0.141
87500,0.060,0.805,0.135
87600,0.064,0.808,0.128
87700,0.068,0.812,0.120
87800,0.063,0.807,0.130
87900,0.060,0.800,0.140
88000,0.060,0.803,0.137
88100,0.061,0.800,0.139
88200,0.062,0.808,0.130
88300,0.058,0.809,0.133
88400,0.056,0.813,0.131
88500,0.053,0.807,0.140
88600,0.051,0.808,0.141
88700,0.048,0.809,0.143
88800,0.046,0.816,0.138
88900,0.044,0.814,0.142
89000,0.047,0.820,0.133
89100,0.046,0.811,0.143
89200,0.044,0.815,0.141
89300,0.042,0.818,0.140
89400,0.044,0.813,0.143
89500,0.043,0.815,0.142
89600,0.052,0.808,0.140
89700,0.047,0.800,0.153
89800,0.051,0.784,0.165
89900,0.052,0.774,0.174
90000,0.052,0.781,0.167
90100,0.055,0.782,0.163
90200,0.055,0.781,0.164
90300,0.055,0.791,0.154
90400,0.053,0.800,0.147
90500,0.053,0.790,0.157
90600,0.060,0.789,0.151
90700,0.057,0.791,0.152
90800,0.061,0.799,0.140
90900,0.058,0.794,0.148
91000,0.061,0.797,0.142
91100,0.059,0.799,0.142
91200,0.059,0.811,0.130
91300,0.059,0.801,0.140
91400,0.059,0.802,0.139
91500,0.057,0.809,0.134
91600,0.055,0.810,0.135
91700,0.058,0.805,0.137
91800,0.060,0.801,0.139
91900,0.058,0.798,0.144
92000,0.060,0.798,0.142
92100,0.062,0.790,0.148
92200,0.062,0.785,0.153
92300,0.060,0.781,0.159
92400,0.059,0.778,0.163
92500,0.056,0.777,0.167
92600,0.059,0.782,0.159
92700,0.055,0.781,0.164
92800,0.057,0.787,0.156
92900,0.057,0.789,0.154
93000,0.065,0.793,0.142
93100,0.060,0.798,0.142
93200,0.060,0.794,0.146
93300,0.056,0.801,0.143
93400,0.053,0.808,0.139
93500,0.059,0.811,0.130
93600,0.061,0.808,0.131
93700,0.057,0.814,0.129
93800,0.064,0.814,0.122
93900,0.062,0.818,0.120
94000,0.063,0.814,0.123
94100,0.062,0.815,0.123
94200,0.061,0.820,0.119
94300,0.061,0.821,0.118
94400,0.064,0.814,0.122
94500,0.072,0.803,0.125
94600,0.071,0.800,0.129
94700,0.070,0.794,0.136
94800,0.065,0.798,0.137
94900,0.068,0.793,0.139
95000,0.071,0.791,0.138
95100,0.073,0.788,0.139
95200,0.068,0.784,0.148
95300,0.063,0.777,0.160
95400,0.059,0.777,0.164
95500,0.055,0.785,0.160
95600,0.056,0.773,0.171
95700,0.057,0.782,0.161
95800,0.060,0.788,0.152
95900,0.065,0.793,0.142
96000,0.064,0.791,0.145
96100,0.058,0.803,0.139
96200,0.054,0.804,0.142
96300,0.058,0.799,0.143
96400,0.059,0.801,0.140
96500,0.055,0.811,0.134
96600,0.060,0.808,0.132
96700,0.058,0.807,0.135
96800,0.061,0.807,0.132
96900,0.063,0.805,0.132
97000,0.061,0.810,0.129
97100,0.060,0.810,0.130
97200,0.057,0.802,0.141
97300,0.050,0.807,0.143
97400,0.048,0.811,0.141
97500,0.050,0.808,0.142
97600,0.056,0.811,0.133
97700,0.054,0.815,0.131
97800,0.059,0.806,0.135
97900,0.056,0.800,0.144
98000,0.057,0.804,0.139
98100,0.065,0.801,0.134
98200,0.063,0.811,0.126
98300,0.065,0.819,0.116
98400,0.059,0.814,0.127
98500,0.060,0.810,0.130
98600,0.057,0.813,0.130
98700,0.058,0.807,0.135
98800,0.060,0.815,0.125
98900,0.059,0.806,0.135
99000,0.059,0.802,0.139
99100,0.058,0.796,0.146
99200,0.060,0.800,0.140
99300,0.062,0.795,0.143
99400,0.063,0.786,0.151
99500,0.060,0.786,0.154
99600,0.062,0.790,0.148
99700,0.062,0.789,0.149
99800,0.059,0.791,0.150
99900,0.060,0.790,0.150
100000,0.061,0.792,0.147
