time,n_A+p,n_B,n_AB
100,0.314,0.492,0.194
200,0.281,0.483,0.236
300,0.240,0.500,0.260
400,0.215,0.496,0.289
500,0.190,0.537,0.273
600,0.190,0.574,0.236
700,0.157,0.591,0.252
800,0.128,0.657,0.215
900,0.103,0.690,0.207
1000,0.062,0.769,0.169
1100,0.058,0.822,0.120
1200,0.045,0.876,0.079
1300,0.045,0.888,0.066
1400,0.045,0.905,0.050
1500,0.045,0.913,0.041
1600,0.025,0.938,0.037
1700,0.021,0.950,0.029
1800,0.012,0.963,0.025
1900,0.012,0.967,0.021
2000,0.012,0.967,0.021
2100,0.008,0.971,0.021
2200,0.008,0.971,0.021
2300,0.008,0.979,0.012
2400,0.008,0.979,0.012
2500,0.008,0.975,0.017
2600,0.004,0.983,0.012
2700,0.004,0.979,0.017
2800,0.004,0.988,0.008
2900,0.004,0.988,0.008
3000,0.004,0.992,0.004
3100,0.004,0.996,0.000
3200,0.004,0.996,0.000
3300,0.004,0.992,0.004
3400,0.000,0.996,0.004
3500,0.000,1.000,0.000
