time,n_A+p,n_B,n_AB
100,0.030,0.967,0.003
200,0.030,0.954,0.016
300,0.031,0.949,0.020
400,0.032,0.951,0.017
500,0.030,0.952,0.018
600,0.030,0.951,0.019
700,0.031,0.948,0.021
800,0.032,0.943,0.026
900,0.032,0.934,0.035
1000,0.033,0.926,0.041
1100,0.034,0.914,0.052
1200,0.033,0.909,0.058
1300,0.031,0.902,0.067
1400,0.036,0.898,0.066
1500,0.039,0.891,0.070
1600,0.043,0.889,0.068
1700,0.039,0.880,0.081
1800,0.036,0.887,0.078
1900,0.038,0.878,0.084
2000,0.040,0.879,0.081
2100,0.046,0.875,0.079
2200,0.047,0.874,0.079
2300,0.050,0.872,0.078
2400,0.056,0.859,0.085
2500,0.051,0.857,0.092
2600,0.055,0.857,0.088
2700,0.052,0.847,0.101
2800,0.048,0.852,0.100
2900,0.047,0.848,0.105
3000,0.049,0.832,0.118
3100,0.051,0.831,0.117
3200,0.050,0.821,0.129
3300,0.049,0.802,0.149
3400,0.056,0.796,0.148
3500,0.053,0.796,0.151
3600,0.047,0.801,0.152
3700,0.048,0.804,0.148
3800,0.048,0.804,0.148
3900,0.048,0.799,0.153
4000,0.056,0.782,0.161
4100,0.059,0.758,0.183
4200,0.057,0.768,0.175
4300,0.056,0.763,0.181
4400,0.056,0.765,0.179
4500,0.052,0.763,0.185
4600,0.049,0.762,0.189
4700,0.053,0.780,0.166
4800,0.047,0.782,0.171
4900,0.052,0.781,0.166
5000,0.060,0.771,0.169
5100,0.064,0.769,0.166
5200,0.061,0.749,0.190
5300,0.058,0.734,0.207
5400,0.060,0.740,0.200
5500,0.065,0.739,0.196
5600,0.075,0.729,0.196
5700,0.077,0.707,0.217
5800,0.074,0.719,0.207
5900,0.064,0.702,0.234
6000,0.063,0.717,0.220
6100,0.062,0.728,0.209
6200,0.059,0.734,0.206
6300,0.065,0.729,0.205
6400,0.069,0.711,0.220
6500,0.069,0.711,0.220
6600,0.077,0.703,0.221
6700,0.073,0.712,0.216
6800,0.068,0.714,0.218
6900,0.068,0.701,0.231
7000,0.073,0.708,0.220
7100,0.085,0.685,0.230
7200,0.093,0.686,0.221
7300,0.096,0.675,0.229
7400,0.092,0.679,0.229
7500,0.096,0.671,0.233
7600,0.091,0.673,0.236
7700,0.094,0.665,0.241
7800,0.089,0.653,0.258
7900,0.101,0.651,0.248
8000,0.097,0.642,0.260
8100,0.110,0.633,0.256
8200,0.105,0.626,0.269
8300,0.108,0.611,0.281
8400,0.113,0.597,0.290
8500,0.132,0.581,0.287
8600,0.130,0.583,0.287
8700,0.140,0.570,0.290
8800,0.131,0.573,0.296
8900,0.142,0.564,0.294
9000,0.142,0.562,0.296
9100,0.147,0.579,0.274
9200,0.141,0.574,0.285
9300,0.144,0.573,0.283
9400,0.158,0.563,0.279
9500,0.164,0.554,0.282
9600,0.158,0.544,0.297
9700,0.164,0.533,0.302
9800,0.181,0.533,0.286
9900,0.180,0.529,0.291
10000,0.178,0.531,0.291
10100,0.178,0.530,0.292
10200,0.178,0.541,0.281
10300,0.173,0.539,0.288
10400,0.178,0.540,0.282
10500,0.172,0.533,0.295
10600,0.169,0.540,0.291
10700,0.160,0.543,0.296
10800,0.172,0.532,0.296
10900,0.163,0.547,0.289
11000,0.168,0.540,0.292
11100,0.176,0.544,0.280
11200,0.176,0.532,0.292
11300,0.176,0.517,0.307
11400,0.170,0.513,0.318
11500,0.175,0.518,0.307
11600,0.164,0.525,0.311
11700,0.168,0.518,0.315
11800,0.166,0.508,0.326
11900,0.185,0.515,0.300
12000,0.179,0.519,0.302
12100,0.175,0.504,0.322
12200,0.183,0.498,0.319
12300,0.192,0.494,0.314
12400,0.192,0.504,0.304
12500,0.191,0.501,0.308
12600,0.195,0.503,0.302
12700,0.198,0.505,0.297
12800,0.196,0.515,0.289
12900,0.197,0.517,0.286
13000,0.205,0.509,0.286
13100,0.201,0.508,0.291
13200,0.205,0.491,0.303
13300,0.189,0.485,0.326
13400,0.184,0.498,0.318
13500,0.175,0.519,0.306
13600,0.162,0.530,0.307
13700,0.160,0.527,0.313
13800,0.153,0.524,0.323
13900,0.150,0.553,0.297
14000,0.151,0.552,0.297
14100,0.151,0.542,0.306
14200,0.153,0.537,0.309
14300,0.149,0.527,0.324
14400,0.149,0.520,0.331
14500,0.161,0.526,0.313
14600,0.162,0.522,0.316
14700,0.162,0.511,0.327
14800,0.172,0.502,0.327
14900,0.163,0.509,0.328
15000,0.173,0.503,0.325
15100,0.174,0.498,0.328
15200,0.166,0.505,0.329
15300,0.171,0.505,0.325
15400,0.166,0.502,0.332
15500,0.154,0.501,0.345
15600,0.150,0.508,0.342
15700,0.149,0.509,0.342
15800,0.150,0.497,0.352
15900,0.147,0.517,0.336
16000,0.146,0.502,0.352
16100,0.147,0.496,0.356
16200,0.148,0.488,0.364
16300,0.152,0.496,0.351
16400,0.150,0.494,0.355
16500,0.157,0.489,0.353
16600,0.161,0.492,0.346
16700,0.151,0.486,0.363
16800,0.147,0.488,0.365
16900,0.153,0.476,0.371
17000,0.150,0.488,0.362
17100,0.158,0.476,0.366
17200,0.165,0.478,0.356
17300,0.169,0.475,0.356
17400,0.164,0.471,0.365
17500,0.161,0.470,0.369
17600,0.158,0.463,0.379
17700,0.168,0.460,0.373
17800,0.163,0.468,0.369
17900,0.159,0.487,0.353
18000,0.172,0.480,0.348
18100,0.161,0.485,0.353
18200,0.159,0.486,0.354
18300,0.153,0.493,0.353
18400,0.163,0.484,0.352
18500,0.168,0.476,0.356
18600,0.174,0.476,0.350
18700,0.179,0.473,0.348
18800,0.180,0.470,0.350
18900,0.169,0.470,0.362
19000,0.172,0.456,0.373
19100,0.175,0.457,0.369
19200,0.178,0.458,0.365
19300,0.182,0.451,0.367
19400,0.169,0.460,0.372
19500,0.166,0.451,0.382
19600,0.166,0.444,0.389
19700,0.184,0.442,0.374
19800,0.173,0.455,0.373
19900,0.170,0.457,0.374
20000,0.171,0.458,0.372
20100,0.185,0.454,0.362
20200,0.190,0.437,0.373
20300,0.186,0.434,0.380
20400,0.178,0.442,0.380
20500,0.182,0.454,0.365
20600,0.197,0.450,0.352
20700,0.190,0.450,0.360
20800,0.185,0.447,0.368
20900,0.180,0.449,0.371
21000,0.177,0.444,0.379
21100,0.186,0.448,0.366
21200,0.187,0.442,0.371
21300,0.185,0.435,0.380
21400,0.184,0.437,0.379
21500,0.180,0.429,0.391
21600,0.182,0.423,0.395
21700,0.176,0.423,0.401
21800,0.169,0.445,0.386
21900,0.180,0.435,0.385
22000,0.178,0.436,0.386
22100,0.183,0.427,0.390
22200,0.177,0.422,0.401
22300,0.176,0.437,0.387
22400,0.181,0.425,0.394
22500,0.182,0.427,0.391
22600,0.180,0.429,0.391
22700,0.177,0.414,0.410
22800,0.180,0.419,0.401
22900,0.196,0.403,0.400
23000,0.213,0.400,0.386
23100,0.226,0.413,0.362
23200,0.235,0.401,0.364
23300,0.224,0.406,0.371
23400,0.223,0.404,0.373
23500,0.225,0.389,0.386
23600,0.240,0.387,0.373
23700,0.229,0.403,0.368
23800,0.226,0.413,0.362
23900,0.217,0.415,0.369
24000,0.221,0.407,0.373
24100,0.222,0.402,0.376
24200,0.215,0.402,0.383
24300,0.234,0.389,0.377
24400,0.240,0.384,0.376
24500,0.231,0.387,0.382
24600,0.245,0.376,0.379
24700,0.232,0.378,0.390
24800,0.225,0.389,0.386
24900,0.224,0.389,0.387
25000,0.227,0.385,0.388
25100,0.227,0.392,0.381
25200,0.218,0.401,0.381
25300,0.212,0.387,0.400
25400,0.220,0.398,0.382
25500,0.222,0.401,0.377
25600,0.216,0.411,0.374
25700,0.220,0.427,0.353
25800,0.223,0.431,0.346
25900,0.217,0.447,0.336
26000,0.208,0.451,0.340
26100,0.197,0.461,0.342
26200,0.203,0.457,0.340
26300,0.197,0.457,0.346
26400,0.197,0.448,0.354
26500,0.198,0.457,0.345
26600,0.210,0.460,0.330
26700,0.206,0.459,0.335
26800,0.200,0.459,0.341
26900,0.204,0.453,0.343
27000,0.206,0.456,0.338
27100,0.202,0.443,0.354
27200,0.205,0.447,0.347
27300,0.190,0.458,0.352
27400,0.192,0.440,0.368
27500,0.181,0.443,0.376
27600,0.181,0.449,0.370
27700,0.184,0.444,0.372
27800,0.180,0.451,0.369
27900,0.185,0.460,0.355
28000,0.190,0.451,0.359
28100,0.192,0.446,0.362
28200,0.181,0.469,0.350
28300,0.179,0.496,0.325
28400,0.174,0.490,0.336
28500,0.175,0.485,0.340
28600,0.178,0.480,0.342
28700,0.185,0.489,0.326
28800,0.181,0.486,0.333
28900,0.182,0.485,0.333
29000,0.174,0.488,0.338
29100,0.191,0.481,0.328
29200,0.190,0.470,0.340
29300,0.180,0.480,0.340
29400,0.175,0.480,0.345
29500,0.183,0.476,0.341
29600,0.162,0.490,0.347
29700,0.155,0.494,0.350
29800,0.157,0.495,0.347
29900,0.157,0.496,0.346
30000,0.172,0.481,0.347
30100,0.166,0.487,0.346
30200,0.160,0.499,0.340
30300,0.159,0.482,0.359
30400,0.156,0.486,0.358
30500,0.158,0.484,0.358
30600,0.163,0.472,0.365
30700,0.170,0.471,0.360
30800,0.172,0.470,0.359
30900,0.158,0.453,0.389
31000,0.169,0.443,0.388
31100,0.165,0.442,0.392
31200,0.164,0.441,0.394
31300,0.181,0.443,0.376
31400,0.159,0.450,0.390
31500,0.170,0.458,0.373
31600,0.172,0.456,0.373
31700,0.188,0.442,0.370
31800,0.197,0.434,0.369
31900,0.211,0.423,0.366
32000,0.215,0.418,0.368
32100,0.204,0.407,0.389
32200,0.197,0.413,0.390
32300,0.200,0.421,0.379
32400,0.206,0.421,0.373
32500,0.204,0.425,0.371
32600,0.217,0.422,0.362
32700,0.227,0.409,0.365
32800,0.219,0.407,0.375
32900,0.231,0.403,0.366
33000,0.232,0.403,0.365
33100,0.230,0.406,0.365
33200,0.224,0.414,0.363
33300,0.237,0.411,0.352
33400,0.246,0.404,0.349
33500,0.234,0.401,0.365
33600,0.249,0.377,0.374
33700,0.254,0.368,0.378
33800,0.277,0.359,0.365
33900,0.264,0.355,0.381
34000,0.264,0.363,0.374
34100,0.268,0.365,0.368
34200,0.263,0.367,0.371
34300,0.259,0.360,0.381
34400,0.260,0.353,0.386
34500,0.253,0.363,0.384
34600,0.250,0.372,0.378
34700,0.246,0.375,0.379
34800,0.245,0.371,0.384
34900,0.246,0.366,0.388
35000,0.271,0.356,0.373
35100,0.275,0.362,0.364
35200,0.259,0.356,0.384
35300,0.267,0.362,0.372
35400,0.277,0.355,0.368
35500,0.279,0.359,0.363
35600,0.274,0.346,0.380
35700,0.269,0.346,0.385
35800,0.273,0.358,0.370
35900,0.275,0.351,0.374
36000,0.280,0.339,0.381
36100,0.287,0.336,0.377
36200,0.284,0.325,0.391
36300,0.283,0.358,0.360
36400,0.289,0.356,0.354
36500,0.289,0.347,0.364
36600,0.283,0.353,0.364
36700,0.296,0.348,0.355
36800,0.286,0.346,0.368
36900,0.295,0.341,0.364
37000,0.288,0.325,0.387
37100,0.286,0.321,0.393
37200,0.285,0.327,0.388
37300,0.275,0.332,0.393
37400,0.269,0.345,0.386
37500,0.265,0.352,0.383
37600,0.266,0.350,0.384
37700,0.258,0.352,0.389
37800,0.249,0.350,0.400
37900,0.254,0.352,0.393
38000,0.264,0.365,0.372
38100,0.263,0.369,0.369
38200,0.264,0.358,0.379
38300,0.266,0.351,0.383
38400,0.261,0.352,0.386
38500,0.253,0.361,0.386
38600,0.251,0.358,0.391
38700,0.254,0.356,0.389
38800,0.250,0.359,0.391
38900,0.258,0.360,0.382
39000,0.244,0.354,0.401
39100,0.244,0.356,0.399
39200,0.245,0.356,0.398
39300,0.251,0.351,0.397
39400,0.251,0.349,0.399
39500,0.243,0.348,0.409
39600,0.244,0.350,0.406
39700,0.246,0.344,0.410
39800,0.259,0.335,0.406
39900,0.233,0.351,0.416
40000,0.230,0.355,0.415
40100,0.228,0.358,0.415
40200,0.232,0.353,0.415
40300,0.227,0.346,0.427
40400,0.212,0.351,0.436
40500,0.223,0.351,0.426
40600,0.222,0.345,0.433
40700,0.230,0.342,0.428
40800,0.226,0.351,0.423
40900,0.226,0.347,0.427
41000,0.229,0.350,0.421
41100,0.233,0.345,0.422
41200,0.220,0.351,0.429
41300,0.223,0.358,0.420
41400,0.217,0.347,0.436
41500,0.217,0.353,0.430
41600,0.211,0.352,0.436
41700,0.219,0.347,0.434
41800,0.221,0.342,0.437
41900,0.230,0.347,0.423
42000,0.232,0.345,0.423
42100,0.239,0.335,0.426
42200,0.263,0.335,0.402
42300,0.266,0.326,0.409
42400,0.265,0.333,0.402
42500,0.268,0.331,0.401
42600,0.272,0.328,0.400
42700,0.278,0.325,0.397
42800,0.279,0.332,0.389
42900,0.280,0.347,0.373
43000,0.284,0.341,0.375
43100,0.277,0.327,0.396
43200,0.301,0.336,0.363
43300,0.295,0.343,0.362
43400,0.293,0.356,0.350
43500,0.293,0.348,0.359
43600,0.301,0.337,0.362
43700,0.300,0.334,0.366
43800,0.296,0.333,0.371
43900,0.296,0.327,0.377
44000,0.294,0.328,0.378
44100,0.297,0.324,0.379
44200,0.311,0.321,0.369
44300,0.318,0.320,0.363
44400,0.330,0.318,0.352
44500,0.325,0.317,0.359
44600,0.323,0.320,0.358
44700,0.329,0.312,0.360
44800,0.322,0.323,0.355
44900,0.317,0.326,0.358
45000,0.314,0.324,0.363
45100,0.305,0.323,0.372
45200,0.311,0.328,0.362
45300,0.294,0.330,0.376
45400,0.305,0.326,0.369
45500,0.302,0.332,0.366
45600,0.293,0.329,0.378
45700,0.283,0.347,0.370
45800,0.269,0.345,0.386
45900,0.290,0.338,0.372
46000,0.290,0.340,0.370
46100,0.297,0.344,0.359
46200,0.288,0.345,0.367
46300,0.281,0.335,0.384
46400,0.288,0.329,0.383
46500,0.287,0.324,0.389
46600,0.272,0.330,0.398
46700,0.284,0.324,0.392
46800,0.285,0.325,0.390
46900,0.270,0.324,0.407
47000,0.276,0.315,0.410
47100,0.269,0.326,0.406
47200,0.271,0.318,0.412
47300,0.284,0.314,0.402
47400,0.279,0.309,0.412
47500,0.280,0.313,0.408
47600,0.267,0.312,0.422
47700,0.255,0.308,0.436
47800,0.270,0.312,0.419
47900,0.257,0.325,0.418
48000,0.245,0.329,0.426
48100,0.252,0.326,0.422
48200,0.254,0.319,0.427
48300,0.259,0.314,0.427
48400,0.255,0.308,0.436
48500,0.269,0.308,0.423
48600,0.282,0.302,0.416
48700,0.279,0.297,0.424
48800,0.278,0.299,0.423
48900,0.280,0.297,0.423
49000,0.290,0.281,0.429
49100,0.303,0.276,0.421
49200,0.304,0.275,0.421
49300,0.301,0.298,0.400
49400,0.290,0.290,0.420
49500,0.296,0.287,0.417
49600,0.314,0.293,0.393
49700,0.306,0.284,0.410
49800,0.298,0.285,0.417
49900,0.294,0.283,0.423
50000,0.293,0.286,0.421
50100,0.285,0.291,0.424
50200,0.301,0.297,0.401
50300,0.301,0.290,0.409
50400,0.275,0.299,0.426
50500,0.286,0.300,0.414
50600,0.293,0.294,0.413
50700,0.302,0.288,0.410
50800,0.302,0.279,0.419
50900,0.291,0.286,0.423
51000,0.293,0.287,0.420
51100,0.294,0.284,0.422
51200,0.293,0.280,0.427
51300,0.286,0.279,0.435
51400,0.286,0.273,0.441
51500,0.281,0.270,0.449
51600,0.273,0.280,0.447
51700,0.269,0.279,0.453
51800,0.267,0.279,0.455
51900,0.261,0.282,0.457
52000,0.255,0.293,0.451
52100,0.260,0.292,0.447
52200,0.259,0.301,0.439
52300,0.254,0.306,0.439
52400,0.259,0.304,0.436
52500,0.252,0.308,0.439
52600,0.250,0.311,0.439
52700,0.244,0.301,0.455
52800,0.231,0.295,0.474
52900,0.227,0.298,0.475
53000,0.235,0.311,0.455
53100,0.237,0.306,0.457
53200,0.231,0.317,0.453
53300,0.227,0.315,0.459
53400,0.233,0.304,0.463
53500,0.234,0.301,0.465
53600,0.232,0.290,0.478
53700,0.234,0.304,0.462
53800,0.232,0.290,0.478
53900,0.227,0.290,0.483
54000,0.228,0.300,0.472
54100,0.232,0.287,0.481
54200,0.235,0.287,0.478
54300,0.241,0.288,0.471
54400,0.254,0.285,0.461
54500,0.250,0.292,0.458
54600,0.246,0.294,0.460
54700,0.253,0.291,0.456
54800,0.245,0.289,0.466
54900,0.237,0.296,0.467
55000,0.253,0.297,0.449
55100,0.251,0.301,0.447
55200,0.255,0.300,0.444
55300,0.258,0.290,0.451
55400,0.268,0.292,0.440
55500,0.270,0.286,0.444
55600,0.272,0.285,0.443
55700,0.270,0.283,0.447
55800,0.255,0.303,0.441
55900,0.259,0.303,0.437
56000,0.261,0.294,0.444
56100,0.258,0.300,0.441
56200,0.256,0.298,0.445
56300,0.237,0.307,0.456
56400,0.240,0.317,0.443
56500,0.258,0.306,0.435
56600,0.246,0.315,0.439
56700,0.249,0.317,0.434
56800,0.245,0.314,0.441
56900,0.233,0.313,0.455
57000,0.224,0.315,0.462
57100,0.231,0.315,0.455
57200,0.225,0.309,0.466
57300,0.222,0.329,0.449
57400,0.219,0.342,0.439
57500,0.227,0.345,0.428
57600,0.226,0.341,0.433
57700,0.224,0.336,0.440
57800,0.222,0.331,0.447
57900,0.215,0.318,0.468
58000,0.213,0.320,0.467
58100,0.223,0.326,0.451
58200,0.226,0.327,0.447
58300,0.231,0.336,0.433
58400,0.235,0.333,0.432
58500,0.227,0.356,0.417
58600,0.234,0.350,0.416
58700,0.239,0.347,0.414
58800,0.234,0.353,0.413
58900,0.221,0.362,0.418
59000,0.215,0.353,0.432
59100,0.219,0.342,0.439
59200,0.215,0.338,0.447
59300,0.210,0.351,0.438
59400,0.224,0.345,0.431
59500,0.204,0.370,0.426
59600,0.197,0.367,0.436
59700,0.218,0.361,0.422
59800,0.228,0.353,0.419
59900,0.215,0.355,0.430
60000,0.222,0.356,0.422
60100,0.219,0.351,0.430
60200,0.226,0.358,0.417
60300,0.222,0.358,0.421
60400,0.206,0.364,0.430
60500,0.213,0.356,0.430
60600,0.218,0.347,0.435
60700,0.222,0.353,0.425
60800,0.227,0.362,0.412
60900,0.223,0.359,0.419
61000,0.223,0.364,0.414
61100,0.218,0.370,0.413
61200,0.242,0.362,0.396
61300,0.234,0.360,0.407
61400,0.233,0.355,0.412
61500,0.245,0.344,0.411
61600,0.243,0.330,0.427
61700,0.244,0.334,0.422
61800,0.241,0.341,0.418
61900,0.242,0.347,0.411
62000,0.243,0.348,0.409
62100,0.248,0.337,0.415
62200,0.236,0.346,0.418
62300,0.221,0.354,0.425
62400,0.223,0.361,0.417
62500,0.224,0.356,0.420
62600,0.225,0.364,0.412
62700,0.222,0.369,0.410
62800,0.222,0.367,0.412
62900,0.206,0.364,0.430
63000,0.233,0.358,0.410
63100,0.236,0.363,0.401
63200,0.233,0.363,0.404
63300,0.232,0.361,0.408
63400,0.227,0.367,0.407
63500,0.234,0.365,0.401
63600,0.222,0.351,0.427
63700,0.229,0.336,0.435
63800,0.230,0.338,0.432
63900,0.230,0.345,0.425
64000,0.234,0.344,0.422
64100,0.246,0.336,0.418
64200,0.243,0.343,0.414
64300,0.247,0.321,0.432
64400,0.261,0.308,0.430
64500,0.258,0.311,0.431
64600,0.271,0.323,0.407
64700,0.266,0.323,0.412
64800,0.265,0.320,0.416
64900,0.261,0.320,0.419
65000,0.258,0.308,0.433
65100,0.265,0.306,0.429
65200,0.260,0.300,0.439
65300,0.252,0.306,0.441
65400,0.243,0.313,0.444
65500,0.243,0.308,0.448
65600,0.246,0.308,0.445
65700,0.240,0.307,0.453
65800,0.236,0.302,0.462
65900,0.237,0.304,0.459
66000,0.233,0.317,0.450
66100,0.230,0.324,0.446
66200,0.230,0.326,0.444
66300,0.225,0.318,0.458
66400,0.232,0.323,0.445
66500,0.239,0.323,0.438
66600,0.240,0.327,0.433
66700,0.238,0.323,0.439
66800,0.243,0.316,0.441
66900,0.232,0.316,0.453
67000,0.239,0.309,0.451
67100,0.253,0.304,0.442
67200,0.245,0.297,0.458
67300,0.237,0.318,0.445
67400,0.237,0.319,0.444
67500,0.247,0.313,0.440
67600,0.251,0.316,0.433
67700,0.266,0.319,0.416
67800,0.251,0.320,0.429
67900,0.248,0.325,0.427
68000,0.257,0.321,0.422
68100,0.279,0.317,0.404
68200,0.272,0.316,0.413
68300,0.274,0.302,0.424
68400,0.276,0.297,0.427
68500,0.267,0.303,0.430
68600,0.287,0.296,0.417
68700,0.286,0.286,0.428
68800,0.290,0.299,0.411
68900,0.295,0.301,0.403
69000,0.306,0.293,0.400
69100,0.302,0.287,0.411
69200,0.297,0.290,0.413
69300,0.286,0.277,0.437
69400,0.290,0.271,0.439
69500,0.293,0.269,0.438
69600,0.291,0.271,0.438
69700,0.306,0.289,0.404
69800,0.313,0.288,0.399
69900,0.314,0.291,0.395
70000,0.311,0.280,0.410
70100,0.315,0.269,0.417
70200,0.318,0.264,0.419
70300,0.303,0.272,0.425
70400,0.317,0.271,0.413
70500,0.317,0.256,0.427
70600,0.319,0.255,0.426
70700,0.308,0.259,0.432
70800,0.304,0.266,0.430
70900,0.317,0.274,0.410
71000,0.311,0.267,0.423
71100,0.315,0.261,0.424
71200,0.323,0.256,0.421
71300,0.328,0.258,0.414
71400,0.325,0.282,0.393
71500,0.318,0.272,0.411
71600,0.320,0.274,0.407
71700,0.305,0.279,0.416
71800,0.303,0.286,0.411
71900,0.313,0.281,0.407
72000,0.319,0.281,0.400
72100,0.320,0.278,0.402
72200,0.304,0.301,0.394
72300,0.298,0.304,0.397
72400,0.288,0.303,0.409
72500,0.301,0.298,0.400
72600,0.292,0.296,0.412
72700,0.290,0.291,0.419
72800,0.292,0.294,0.414
72900,0.295,0.298,0.407
73000,0.305,0.302,0.392
73100,0.290,0.313,0.397
73200,0.287,0.315,0.398
73300,0.289,0.309,0.401
73400,0.292,0.308,0.399
73500,0.286,0.312,0.402
73600,0.291,0.299,0.410
73700,0.295,0.302,0.402
73800,0.304,0.320,0.376
73900,0.306,0.316,0.378
74000,0.300,0.324,0.376
74100,0.298,0.314,0.388
74200,0.297,0.309,0.393
74300,0.296,0.304,0.399
74400,0.297,0.312,0.391
74500,0.298,0.309,0.392
74600,0.288,0.328,0.384
74700,0.279,0.322,0.399
74800,0.277,0.323,0.400
74900,0.283,0.321,0.396
75000,0.296,0.318,0.386
75100,0.298,0.306,0.395
75200,0.302,0.303,0.394
75300,0.300,0.303,0.396
75400,0.294,0.295,0.411
75500,0.303,0.293,0.403
75600,0.309,0.285,0.406
75700,0.308,0.284,0.408
75800,0.311,0.278,0.412
75900,0.307,0.281,0.412
76000,0.312,0.283,0.406
76100,0.313,0.271,0.417
76200,0.326,0.277,0.397
76300,0.329,0.278,0.393
76400,0.323,0.276,0.401
76500,0.318,0.266,0.417
76600,0.307,0.272,0.421
76700,0.295,0.278,0.427
76800,0.295,0.275,0.430
76900,0.294,0.265,0.441
77000,0.288,0.288,0.424
77100,0.289,0.284,0.427
77200,0.285,0.284,0.431
77300,0.283,0.285,0.432
77400,0.283,0.305,0.412
77500,0.283,0.306,0.411
77600,0.270,0.319,0.412
77700,0.265,0.309,0.426
77800,0.271,0.298,0.431
77900,0.264,0.305,0.431
78000,0.251,0.309,0.439
78100,0.245,0.336,0.419
78200,0.240,0.340,0.420
78300,0.242,0.347,0.411
78400,0.252,0.339,0.409
78500,0.253,0.340,0.407
78600,0.251,0.329,0.420
78700,0.252,0.317,0.431
78800,0.258,0.316,0.426
78900,0.259,0.325,0.416
79000,0.239,0.311,0.450
79100,0.238,0.312,0.450
79200,0.234,0.304,0.462
79300,0.238,0.303,0.459
79400,0.241,0.296,0.463
79500,0.236,0.307,0.457
79600,0.244,0.286,0.470
79700,0.240,0.277,0.483
79800,0.251,0.281,0.468
79900,0.266,0.285,0.449
80000,0.256,0.298,0.445
80100,0.263,0.295,0.442
80200,0.267,0.296,0.437
80300,0.268,0.290,0.442
80400,0.266,0.300,0.434
80500,0.279,0.297,0.424
80600,0.278,0.287,0.435
80700,0.265,0.277,0.459
80800,0.267,0.282,0.451
80900,0.273,0.282,0.445
81000,0.278,0.280,0.442
81100,0.268,0.291,0.441
81200,0.269,0.288,0.443
81300,0.271,0.285,0.444
81400,0.272,0.277,0.451
81500,0.261,0.292,0.446
81600,0.277,0.281,0.442
81700,0.283,0.278,0.439
81800,0.284,0.270,0.446
81900,0.274,0.271,0.456
82000,0.286,0.272,0.442
82100,0.291,0.271,0.438
82200,0.286,0.265,0.449
82300,0.294,0.269,0.437
82400,0.293,0.271,0.436
82500,0.285,0.257,0.458
82600,0.289,0.273,0.438
82700,0.286,0.282,0.432
82800,0.278,0.288,0.434
82900,0.264,0.273,0.464
83000,0.261,0.270,0.469
83100,0.265,0.278,0.458
83200,0.269,0.281,0.450
83300,0.259,0.282,0.459
83400,0.256,0.304,0.439
83500,0.250,0.306,0.443
83600,0.264,0.315,0.422
83700,0.266,0.312,0.423
83800,0.264,0.314,0.423
83900,0.251,0.324,0.425
84000,0.252,0.324,0.424
84100,0.265,0.312,0.424
84200,0.274,0.309,0.417
84300,0.263,0.317,0.421
84400,0.266,0.302,0.432
84500,0.256,0.303,0.440
84600,0.261,0.295,0.443
84700,0.271,0.298,0.431
84800,0.264,0.301,0.435
84900,0.261,0.300,0.438
85000,0.256,0.296,0.447
85100,0.245,0.286,0.469
85200,0.246,0.282,0.472
85300,0.252,0.279,0.469
85400,0.248,0.300,0.451
85500,0.247,0.301,0.451
85600,0.238,0.313,0.449
85700,0.245,0.313,0.442
85800,0.238,0.323,0.439
85900,0.253,0.328,0.419
86000,0.249,0.324,0.427
86100,0.249,0.320,0.431
86200,0.239,0.335,0.426
86300,0.230,0.340,0.430
86400,0.226,0.342,0.432
86500,0.229,0.346,0.425
86600,0.227,0.323,0.450
86700,0.225,0.326,0.449
86800,0.222,0.322,0.457
86900,0.228,0.317,0.456
87000,0.230,0.314,0.457
87100,0.246,0.316,0.438
87200,0.250,0.314,0.436
87300,0.258,0.309,0.432
87400,0.257,0.324,0.419
87500,0.260,0.322,0.418
87600,0.264,0.324,0.413
87700,0.253,0.323,0.424
87800,0.256,0.311,0.433
87900,0.259,0.308,0.432
88000,0.256,0.315,0.429
88100,0.254,0.323,0.423
88200,0.254,0.321,0.425
88300,0.264,0.318,0.419
88400,0.250,0.322,0.428
88500,0.242,0.337,0.421
88600,0.229,0.343,0.428
88700,0.226,0.332,0.442
88800,0.229,0.336,0.435
88900,0.221,0.345,0.434
89000,0.220,0.336,0.444
89100,0.239,0.328,0.433
89200,0.236,0.329,0.435
89300,0.234,0.318,0.448
89400,0.232,0.331,0.437
89500,0.235,0.347,0.418
89600,0.227,0.345,0.428
89700,0.219,0.341,0.440
89800,0.225,0.335,0.440
89900,0.221,0.329,0.450
90000,0.211,0.334,0.455
90100,0.224,0.336,0.440
90200,0.233,0.323,0.444
90300,0.222,0.327,0.451
90400,0.235,0.311,0.455
90500,0.236,0.307,0.457
90600,0.222,0.318,0.461
90700,0.231,0.312,0.458
90800,0.212,0.322,0.466
90900,0.212,0.330,0.458
91000,0.208,0.332,0.460
91100,0.223,0.341,0.436
91200,0.224,0.329,0.447
91300,0.227,0.327,0.446
91400,0.232,0.338,0.430
91500,0.243,0.324,0.433
91600,0.242,0.332,0.426
91700,0.237,0.332,0.431
91800,0.228,0.326,0.446
91900,0.207,0.332,0.461
92000,0.210,0.318,0.472
92100,0.221,0.304,0.475
92200,0.218,0.305,0.477
92300,0.222,0.298,0.480
92400,0.238,0.291,0.471
92500,0.242,0.290,0.468
92600,0.233,0.292,0.475
92700,0.246,0.281,0.473
92800,0.247,0.289,0.464
92900,0.242,0.286,0.472
93000,0.229,0.298,0.473
93100,0.239,0.298,0.463
93200,0.238,0.294,0.468
93300,0.234,0.304,0.462
93400,0.234,0.304,0.462
93500,0.238,0.298,0.464
93600,0.239,0.303,0.458
93700,0.237,0.302,0.461
93800,0.239,0.301,0.460
93900,0.239,0.293,0.468
94000,0.240,0.288,0.472
94100,0.231,0.295,0.474
94200,0.224,0.282,0.494
94300,0.243,0.278,0.479
94400,0.238,0.277,0.485
94500,0.235,0.277,0.488
94600,0.260,0.276,0.464
94700,0.259,0.271,0.470
94800,0.265,0.268,0.468
94900,0.279,0.259,0.462
95000,0.277,0.255,0.468
95100,0.285,0.265,0.450
95200,0.291,0.272,0.437
95300,0.301,0.266,0.433
95400,0.309,0.256,0.434
95500,0.312,0.252,0.436
95600,0.295,0.254,0.450
95700,0.305,0.258,0.436
95800,0.293,0.261,0.445
95900,0.284,0.269,0.447
96000,0.287,0.279,0.434
96100,0.285,0.285,0.430
96200,0.300,0.277,0.423
96300,0.290,0.268,0.442
96400,0.271,0.287,0.442
96500,0.264,0.280,0.457
96600,0.288,0.277,0.435
96700,0.293,0.277,0.430
96800,0.286,0.276,0.438
96900,0.286,0.265,0.449
97000,0.276,0.254,0.470
97100,0.274,0.246,0.480
97200,0.291,0.264,0.445
97300,0.293,0.267,0.440
97400,0.296,0.258,0.445
97500,0.293,0.254,0.453
97600,0.281,0.255,0.464
97700,0.279,0.260,0.461
97800,0.281,0.267,0.453
97900,0.286,0.272,0.442
98000,0.289,0.271,0.440
98100,0.278,0.272,0.450
98200,0.275,0.263,0.463
98300,0.273,0.265,0.463
98400,0.273,0.266,0.462
98500,0.264,0.271,0.466
98600,0.248,0.287,0.465
98700,0.242,0.292,0.466
98800,0.222,0.288,0.490
98900,0.272,0.279,0.449
99000,0.264,0.280,0.457
99100,0.261,0.271,0.468
99200,0.255,0.273,0.472
99300,0.251,0.270,0.479
99400,0.252,0.279,0.469
99500,0.247,0.287,0.466
99600,0.256,0.289,0.455
99700,0.239,0.304,0.457
99800,0.221,0.304,0.475
99900,0.221,0.308,0.471
100000,0.209,0.316,0.475
