time,n_A+p,n_B,n_AB
200,0.030,0.966,0.004
400,0.030,0.945,0.026
600,0.032,0.939,0.030
800,0.032,0.919,0.049
1000,0.031,0.899,0.070
1200,0.031,0.891,0.079
1400,0.032,0.887,0.082
1600,0.032,0.873,0.095
1800,0.033,0.854,0.113
2000,0.035,0.829,0.136
2200,0.040,0.803,0.157
2400,0.045,0.784,0.171
2600,0.039,0.750,0.211
2800,0.036,0.747,0.218
3000,0.036,0.727,0.237
3200,0.034,0.711,0.255
3400,0.037,0.705,0.258
3600,0.041,0.703,0.256
3800,0.040,0.684,0.276
4000,0.044,0.669,0.287
4200,0.048,0.637,0.315
4400,0.046,0.629,0.325
4600,0.046,0.611,0.343
4800,0.050,0.586,0.364
5000,0.057,0.572,0.371
5200,0.055,0.565,0.380
5400,0.060,0.559,0.381
5600,0.062,0.539,0.398
5800,0.059,0.529,0.412
6000,0.067,0.516,0.417
6200,0.061,0.529,0.410
6400,0.064,0.520,0.416
6600,0.062,0.516,0.422
6800,0.062,0.505,0.433
7000,0.069,0.498,0.432
7200,0.066,0.498,0.435
7400,0.068,0.497,0.434
7600,0.070,0.493,0.436
7800,0.065,0.475,0.460
8000,0.075,0.473,0.453
8200,0.065,0.472,0.463
8400,0.069,0.455,0.476
8600,0.079,0.448,0.473
8800,0.087,0.456,0.458
9000,0.095,0.451,0.454
9200,0.105,0.448,0.446
9400,0.111,0.434,0.455
9600,0.101,0.429,0.470
9800,0.098,0.425,0.477
10000,0.104,0.409,0.487
10200,0.099,0.411,0.490
10400,0.113,0.403,0.483
10600,0.107,0.393,0.499
10800,0.092,0.403,0.505
11000,0.087,0.416,0.497
11200,0.087,0.417,0.496
11400,0.080,0.402,0.518
11600,0.078,0.401,0.521
11800,0.088,0.398,0.514
12000,0.092,0.400,0.508
12200,0.082,0.404,0.514
12400,0.080,0.417,0.504
12600,0.093,0.417,0.490
12800,0.104,0.414,0.482
13000,0.107,0.404,0.488
13200,0.095,0.407,0.498
13400,0.092,0.410,0.498
13600,0.086,0.402,0.512
13800,0.078,0.390,0.532
14000,0.080,0.387,0.533
14200,0.084,0.381,0.535
14400,0.099,0.367,0.534
14600,0.094,0.364,0.542
14800,0.096,0.368,0.536
15000,0.108,0.375,0.517
15200,0.095,0.374,0.531
15400,0.100,0.377,0.523
15600,0.102,0.363,0.535
15800,0.097,0.368,0.535
16000,0.088,0.355,0.557
16200,0.080,0.348,0.572
16400,0.085,0.356,0.559
16600,0.082,0.351,0.567
16800,0.086,0.345,0.569
17000,0.082,0.351,0.567
17200,0.097,0.347,0.556
17400,0.100,0.355,0.544
17600,0.087,0.346,0.567
17800,0.092,0.345,0.563
18000,0.101,0.347,0.552
18200,0.090,0.347,0.563
18400,0.098,0.335,0.567
18600,0.106,0.331,0.563
18800,0.105,0.330,0.565
19000,0.111,0.330,0.559
19200,0.129,0.325,0.546
19400,0.114,0.318,0.568
19600,0.122,0.318,0.561
19800,0.116,0.320,0.564
20000,0.118,0.326,0.556
20200,0.123,0.318,0.560
20400,0.130,0.326,0.544
20600,0.133,0.326,0.541
20800,0.133,0.320,0.547
21000,0.128,0.319,0.554
21200,0.123,0.317,0.561
21400,0.117,0.319,0.564
21600,0.103,0.329,0.568
21800,0.105,0.325,0.570
22000,0.107,0.311,0.582
22200,0.110,0.302,0.587
22400,0.106,0.296,0.598
22600,0.103,0.290,0.607
22800,0.101,0.297,0.602
23000,0.094,0.303,0.603
23200,0.090,0.304,0.606
23400,0.082,0.307,0.611
23600,0.086,0.314,0.601
23800,0.093,0.312,0.596
24000,0.095,0.311,0.594
24200,0.089,0.304,0.607
24400,0.100,0.297,0.603
24600,0.118,0.297,0.584
24800,0.108,0.295,0.597
25000,0.109,0.292,0.599
25200,0.102,0.287,0.611
25400,0.108,0.290,0.602
25600,0.111,0.282,0.607
25800,0.104,0.279,0.617
26000,0.105,0.283,0.612
26200,0.124,0.306,0.570
26400,0.115,0.295,0.589
26600,0.123,0.289,0.588
26800,0.123,0.291,0.586
27000,0.128,0.291,0.581
27200,0.133,0.303,0.564
27400,0.112,0.303,0.584
27600,0.100,0.303,0.597
27800,0.098,0.302,0.600
28000,0.101,0.296,0.603
28200,0.118,0.295,0.586
28400,0.122,0.295,0.583
28600,0.117,0.294,0.588
28800,0.113,0.285,0.602
29000,0.112,0.289,0.599
29200,0.112,0.289,0.599
29400,0.108,0.299,0.592
29600,0.110,0.301,0.588
29800,0.110,0.295,0.594
30000,0.112,0.288,0.600
30200,0.110,0.285,0.605
30400,0.130,0.288,0.582
30600,0.134,0.287,0.579
30800,0.151,0.291,0.558
31000,0.142,0.292,0.566
31200,0.132,0.282,0.586
31400,0.132,0.289,0.579
31600,0.132,0.293,0.575
31800,0.135,0.295,0.570
32000,0.124,0.297,0.579
32200,0.138,0.293,0.569
32400,0.128,0.297,0.575
32600,0.128,0.297,0.575
32800,0.127,0.302,0.571
33000,0.126,0.287,0.587
33200,0.130,0.290,0.580
33400,0.134,0.288,0.578
33600,0.137,0.292,0.571
33800,0.130,0.295,0.575
34000,0.132,0.286,0.582
34200,0.143,0.283,0.574
34400,0.135,0.278,0.587
34600,0.137,0.281,0.582
34800,0.136,0.277,0.587
35000,0.152,0.276,0.572
35200,0.143,0.273,0.584
35400,0.134,0.289,0.577
35600,0.130,0.286,0.584
35800,0.134,0.281,0.585
36000,0.128,0.280,0.592
36200,0.128,0.272,0.601
36400,0.126,0.275,0.600
36600,0.133,0.271,0.597
36800,0.120,0.271,0.610
37000,0.123,0.264,0.614
37200,0.130,0.268,0.603
37400,0.130,0.256,0.614
37600,0.136,0.254,0.610
37800,0.122,0.248,0.630
38000,0.127,0.258,0.615
38200,0.130,0.257,0.613
38400,0.125,0.265,0.611
38600,0.117,0.257,0.625
38800,0.108,0.265,0.627
39000,0.123,0.268,0.610
39200,0.127,0.260,0.613
39400,0.126,0.251,0.623
39600,0.122,0.256,0.622
39800,0.127,0.254,0.619
40000,0.139,0.256,0.605
40200,0.148,0.265,0.587
40400,0.150,0.276,0.574
40600,0.151,0.266,0.583
40800,0.141,0.257,0.602
41000,0.138,0.256,0.606
41200,0.137,0.253,0.610
41400,0.141,0.256,0.603
41600,0.136,0.268,0.597
41800,0.128,0.282,0.590
42000,0.122,0.270,0.609
42200,0.126,0.279,0.596
42400,0.129,0.278,0.593
42600,0.118,0.278,0.604
42800,0.116,0.269,0.615
43000,0.118,0.281,0.601
43200,0.120,0.275,0.606
43400,0.118,0.276,0.606
43600,0.123,0.258,0.619
43800,0.125,0.263,0.613
44000,0.131,0.259,0.610
44200,0.124,0.259,0.617
44400,0.123,0.264,0.614
44600,0.126,0.248,0.626
44800,0.128,0.238,0.634
45000,0.145,0.234,0.621
45200,0.137,0.232,0.631
45400,0.142,0.237,0.621
45600,0.139,0.238,0.623
45800,0.150,0.240,0.610
46000,0.140,0.237,0.623
46200,0.138,0.236,0.626
46400,0.149,0.241,0.610
46600,0.154,0.245,0.601
46800,0.147,0.255,0.598
47000,0.140,0.248,0.612
47200,0.143,0.261,0.596
47400,0.138,0.254,0.608
47600,0.139,0.252,0.609
47800,0.137,0.265,0.599
48000,0.141,0.272,0.587
48200,0.136,0.264,0.601
48400,0.132,0.257,0.611
48600,0.130,0.266,0.605
48800,0.127,0.271,0.603
49000,0.127,0.269,0.605
49200,0.127,0.254,0.619
49400,0.144,0.255,0.601
49600,0.143,0.264,0.593
49800,0.139,0.266,0.596
50000,0.161,0.261,0.577
50200,0.146,0.260,0.593
50400,0.156,0.256,0.587
50600,0.154,0.240,0.606
50800,0.176,0.235,0.589
51000,0.170,0.232,0.599
51200,0.160,0.236,0.604
51400,0.161,0.243,0.596
51600,0.164,0.245,0.590
51800,0.154,0.246,0.600
52000,0.138,0.260,0.602
52200,0.138,0.255,0.607
52400,0.140,0.257,0.603
52600,0.125,0.253,0.622
52800,0.112,0.256,0.631
53000,0.113,0.266,0.621
53200,0.112,0.265,0.623
53400,0.110,0.263,0.627
53600,0.111,0.258,0.630
53800,0.124,0.253,0.623
54000,0.130,0.249,0.621
54200,0.134,0.238,0.628
54400,0.131,0.239,0.630
54600,0.131,0.239,0.630
54800,0.127,0.256,0.617
55000,0.121,0.249,0.630
55200,0.116,0.257,0.626
55400,0.128,0.257,0.615
55600,0.135,0.258,0.607
55800,0.154,0.237,0.609
56000,0.156,0.238,0.606
56200,0.150,0.228,0.622
56400,0.164,0.223,0.613
56600,0.165,0.224,0.611
56800,0.155,0.221,0.624
57000,0.152,0.211,0.636
57200,0.173,0.203,0.624
57400,0.164,0.210,0.625
57600,0.154,0.212,0.633
57800,0.154,0.205,0.640
58000,0.154,0.202,0.644
58200,0.147,0.204,0.649
58400,0.147,0.225,0.628
58600,0.141,0.231,0.628
58800,0.151,0.223,0.626
59000,0.157,0.228,0.615
59200,0.160,0.216,0.624
59400,0.148,0.219,0.633
59600,0.151,0.219,0.630
59800,0.153,0.209,0.637
60000,0.144,0.222,0.634
60200,0.143,0.217,0.640
60400,0.148,0.221,0.631
60600,0.137,0.227,0.636
60800,0.128,0.222,0.651
61000,0.126,0.220,0.655
61200,0.133,0.210,0.657
61400,0.132,0.232,0.636
61600,0.144,0.232,0.624
61800,0.137,0.236,0.627
62000,0.138,0.227,0.635
62200,0.138,0.230,0.632
62400,0.148,0.232,0.620
62600,0.143,0.236,0.621
62800,0.138,0.235,0.627
63000,0.146,0.229,0.625
63200,0.140,0.227,0.633
63400,0.143,0.226,0.631
63600,0.139,0.238,0.623
63800,0.137,0.233,0.630
64000,0.132,0.226,0.642
64200,0.133,0.222,0.646
64400,0.126,0.230,0.645
64600,0.122,0.236,0.642
64800,0.139,0.228,0.633
65000,0.127,0.228,0.646
65200,0.131,0.227,0.642
65400,0.129,0.229,0.642
65600,0.133,0.233,0.634
65800,0.140,0.227,0.633
66000,0.156,0.227,0.617
66200,0.149,0.225,0.626
66400,0.148,0.207,0.645
66600,0.148,0.219,0.633
66800,0.154,0.229,0.617
67000,0.153,0.226,0.621
67200,0.143,0.224,0.633
67400,0.140,0.226,0.634
67600,0.130,0.229,0.641
67800,0.132,0.233,0.635
68000,0.126,0.239,0.635
68200,0.122,0.237,0.641
68400,0.123,0.232,0.646
68600,0.132,0.231,0.637
68800,0.138,0.216,0.647
69000,0.144,0.230,0.626
69200,0.142,0.234,0.624
69400,0.146,0.244,0.610
69600,0.138,0.239,0.623
69800,0.138,0.227,0.635
70000,0.136,0.229,0.635
70200,0.124,0.227,0.650
70400,0.124,0.228,0.649
70600,0.123,0.225,0.653
70800,0.129,0.229,0.642
71000,0.135,0.243,0.622
71200,0.133,0.239,0.628
71400,0.138,0.232,0.630
71600,0.142,0.232,0.626
71800,0.139,0.236,0.625
72000,0.146,0.230,0.624
72200,0.147,0.222,0.631
72400,0.135,0.230,0.635
72600,0.129,0.248,0.623
72800,0.142,0.238,0.620
73000,0.143,0.228,0.629
73200,0.149,0.226,0.625
73400,0.143,0.240,0.617
73600,0.148,0.241,0.611
73800,0.136,0.233,0.631
74000,0.151,0.233,0.616
74200,0.151,0.246,0.603
74400,0.160,0.244,0.596
74600,0.155,0.244,0.601
74800,0.143,0.237,0.620
75000,0.138,0.228,0.634
75200,0.160,0.220,0.620
75400,0.150,0.216,0.634
75600,0.154,0.226,0.620
75800,0.154,0.225,0.621
76000,0.149,0.221,0.630
76200,0.150,0.227,0.623
76400,0.154,0.213,0.632
76600,0.157,0.215,0.628
76800,0.153,0.220,0.627
77000,0.165,0.219,0.616
77200,0.162,0.223,0.615
77400,0.158,0.219,0.623
77600,0.147,0.222,0.631
77800,0.142,0.227,0.631
78000,0.162,0.215,0.623
78200,0.161,0.227,0.612
78400,0.151,0.227,0.622
78600,0.145,0.231,0.624
78800,0.136,0.230,0.634
79000,0.121,0.232,0.648
79200,0.114,0.230,0.656
79400,0.128,0.243,0.629
79600,0.125,0.233,0.642
79800,0.127,0.230,0.644
80000,0.126,0.220,0.655
80200,0.122,0.215,0.664
80400,0.128,0.223,0.650
80600,0.135,0.220,0.646
80800,0.139,0.230,0.631
81000,0.132,0.225,0.644
81200,0.132,0.230,0.638
81400,0.131,0.232,0.637
81600,0.132,0.242,0.626
81800,0.134,0.238,0.628
82000,0.129,0.228,0.644
82200,0.138,0.221,0.641
82400,0.134,0.216,0.651
82600,0.133,0.226,0.641
82800,0.141,0.219,0.640
83000,0.140,0.205,0.655
83200,0.125,0.210,0.665
83400,0.126,0.216,0.659
83600,0.136,0.210,0.654
83800,0.126,0.207,0.667
84000,0.126,0.210,0.664
84200,0.125,0.221,0.655
84400,0.132,0.222,0.647
84600,0.133,0.225,0.642
84800,0.129,0.236,0.635
85000,0.118,0.231,0.651
85200,0.112,0.232,0.656
85400,0.121,0.234,0.646
85600,0.117,0.224,0.659
85800,0.130,0.229,0.641
86000,0.141,0.221,0.638
86200,0.125,0.223,0.653
86400,0.143,0.215,0.642
86600,0.137,0.216,0.648
86800,0.141,0.212,0.647
87000,0.136,0.208,0.656
87200,0.132,0.208,0.660
87400,0.135,0.203,0.662
87600,0.142,0.210,0.648
87800,0.145,0.204,0.651
88000,0.135,0.202,0.663
88200,0.128,0.207,0.665
88400,0.132,0.208,0.660
88600,0.127,0.217,0.657
88800,0.128,0.228,0.645
89000,0.130,0.215,0.656
89200,0.127,0.210,0.663
89400,0.113,0.207,0.679
89600,0.126,0.209,0.665
89800,0.122,0.217,0.662
90000,0.131,0.215,0.655
90200,0.125,0.211,0.664
90400,0.135,0.217,0.649
90600,0.139,0.213,0.648
90800,0.138,0.218,0.645
91000,0.134,0.210,0.656
91200,0.130,0.199,0.671
91400,0.131,0.192,0.677
91600,0.129,0.192,0.679
91800,0.127,0.191,0.682
92000,0.139,0.194,0.667
92200,0.145,0.200,0.655
92400,0.136,0.199,0.665
92600,0.141,0.194,0.665
92800,0.139,0.202,0.659
93000,0.134,0.201,0.665
93200,0.139,0.201,0.660
93400,0.141,0.210,0.649
93600,0.137,0.202,0.661
93800,0.133,0.209,0.658
94000,0.138,0.213,0.649
94200,0.133,0.202,0.665
94400,0.122,0.208,0.670
94600,0.136,0.210,0.654
94800,0.141,0.211,0.648
95000,0.153,0.199,0.648
95200,0.132,0.199,0.669
95400,0.147,0.205,0.648
95600,0.157,0.206,0.636
95800,0.154,0.204,0.641
96000,0.146,0.196,0.658
96200,0.146,0.191,0.663
96400,0.147,0.188,0.665
96600,0.158,0.182,0.660
96800,0.146,0.185,0.669
97000,0.157,0.188,0.655
97200,0.146,0.200,0.654
97400,0.135,0.201,0.664
97600,0.134,0.198,0.668
97800,0.131,0.209,0.660
98000,0.133,0.208,0.659
98200,0.138,0.207,0.655
98400,0.142,0.218,0.640
98600,0.136,0.211,0.653
98800,0.122,0.209,0.669
99000,0.125,0.204,0.671
99200,0.130,0.204,0.666
99400,0.122,0.218,0.661
99600,0.125,0.225,0.651
99800,0.117,0.220,0.663
100000,0.131,0.223,0.647
100200,0.120,0.213,0.667
100400,0.117,0.205,0.677
100600,0.110,0.207,0.682
100800,0.109,0.206,0.684
101000,0.102,0.216,0.682
101200,0.107,0.221,0.672
101400,0.107,0.225,0.668
101600,0.102,0.221,0.677
101800,0.100,0.216,0.684
102000,0.107,0.222,0.671
102200,0.108,0.222,0.670
102400,0.112,0.229,0.659
102600,0.111,0.242,0.647
102800,0.102,0.233,0.665
103000,0.104,0.230,0.666
103200,0.103,0.226,0.671
103400,0.104,0.230,0.666
103600,0.113,0.211,0.675
103800,0.105,0.218,0.677
104000,0.109,0.212,0.678
104200,0.103,0.206,0.691
104400,0.103,0.204,0.693
104600,0.105,0.212,0.682
104800,0.111,0.217,0.672
105000,0.108,0.207,0.684
105200,0.109,0.211,0.679
105400,0.104,0.218,0.678
105600,0.105,0.223,0.672
105800,0.115,0.236,0.649
106000,0.113,0.228,0.659
106200,0.102,0.228,0.670
106400,0.110,0.234,0.656
106600,0.101,0.231,0.668
106800,0.105,0.224,0.671
107000,0.107,0.237,0.656
107200,0.103,0.238,0.659
107400,0.115,0.235,0.650
107600,0.110,0.241,0.649
107800,0.112,0.239,0.649
108000,0.127,0.246,0.627
108200,0.124,0.236,0.640
108400,0.108,0.234,0.658
108600,0.111,0.226,0.663
108800,0.114,0.224,0.662
109000,0.122,0.222,0.657
109200,0.129,0.228,0.644
109400,0.135,0.221,0.645
109600,0.137,0.206,0.657
109800,0.139,0.206,0.655
110000,0.150,0.217,0.633
110200,0.148,0.209,0.642
110400,0.140,0.210,0.650
110600,0.151,0.212,0.636
110800,0.146,0.208,0.646
111000,0.158,0.205,0.636
111200,0.174,0.192,0.634
111400,0.156,0.191,0.653
111600,0.153,0.194,0.653
111800,0.149,0.200,0.651
112000,0.168,0.200,0.632
112200,0.168,0.199,0.633
112400,0.163,0.207,0.629
112600,0.147,0.225,0.628
112800,0.151,0.216,0.633
113000,0.150,0.210,0.639
113200,0.160,0.205,0.634
113400,0.165,0.208,0.626
113600,0.160,0.204,0.635
113800,0.154,0.211,0.634
114000,0.147,0.216,0.637
114200,0.133,0.223,0.645
114400,0.133,0.229,0.638
114600,0.134,0.217,0.650
114800,0.128,0.219,0.654
115000,0.128,0.210,0.662
115200,0.129,0.209,0.662
115400,0.133,0.208,0.659
115600,0.147,0.201,0.652
115800,0.147,0.194,0.659
116000,0.153,0.198,0.649
116200,0.147,0.201,0.652
116400,0.151,0.205,0.644
116600,0.150,0.205,0.645
116800,0.164,0.210,0.625
117000,0.157,0.206,0.636
117200,0.152,0.218,0.630
117400,0.151,0.201,0.648
117600,0.150,0.189,0.661
117800,0.147,0.184,0.669
118000,0.148,0.181,0.671
118200,0.149,0.186,0.665
118400,0.139,0.186,0.675
118600,0.137,0.178,0.685
118800,0.142,0.179,0.679
119000,0.130,0.178,0.693
119200,0.132,0.181,0.687
119400,0.124,0.182,0.695
119600,0.117,0.188,0.695
119800,0.123,0.186,0.692
120000,0.124,0.198,0.678
120200,0.130,0.202,0.668
120400,0.122,0.198,0.680
120600,0.115,0.194,0.691
120800,0.111,0.195,0.694
121000,0.118,0.190,0.692
121200,0.116,0.201,0.682
121400,0.111,0.210,0.678
121600,0.114,0.211,0.674
121800,0.122,0.205,0.673
122000,0.126,0.194,0.680
122200,0.145,0.195,0.660
122400,0.158,0.193,0.649
122600,0.148,0.201,0.651
122800,0.148,0.201,0.651
123000,0.142,0.186,0.672
123200,0.141,0.189,0.670
123400,0.138,0.191,0.671
123600,0.157,0.188,0.655
123800,0.160,0.190,0.650
124000,0.149,0.192,0.659
124200,0.137,0.193,0.670
124400,0.135,0.196,0.669
124600,0.124,0.204,0.672
124800,0.124,0.196,0.680
125000,0.136,0.189,0.675
125200,0.137,0.186,0.677
125400,0.133,0.184,0.683
125600,0.132,0.182,0.686
125800,0.154,0.183,0.663
126000,0.156,0.186,0.658
126200,0.146,0.180,0.674
126400,0.149,0.192,0.659
126600,0.149,0.198,0.653
126800,0.144,0.195,0.661
127000,0.136,0.216,0.649
127200,0.132,0.206,0.662
127400,0.126,0.201,0.673
127600,0.127,0.190,0.683
127800,0.124,0.192,0.684
128000,0.130,0.193,0.677
128200,0.124,0.195,0.681
128400,0.126,0.208,0.666
128600,0.118,0.206,0.675
128800,0.111,0.197,0.692
129000,0.126,0.203,0.671
129200,0.123,0.204,0.673
129400,0.131,0.209,0.660
129600,0.134,0.203,0.663
129800,0.136,0.211,0.653
130000,0.145,0.204,0.651
130200,0.145,0.192,0.663
130400,0.161,0.200,0.638
130600,0.154,0.200,0.646
130800,0.153,0.209,0.637
131000,0.139,0.208,0.653
131200,0.133,0.212,0.655
131400,0.125,0.213,0.662
131600,0.128,0.209,0.663
131800,0.128,0.215,0.658
132000,0.129,0.218,0.654
132200,0.129,0.219,0.653
132400,0.130,0.221,0.650
132600,0.128,0.202,0.670
132800,0.141,0.209,0.650
133000,0.137,0.205,0.658
133200,0.134,0.210,0.656
133400,0.137,0.200,0.663
133600,0.137,0.226,0.637
133800,0.136,0.221,0.644
134000,0.136,0.218,0.647
134200,0.131,0.213,0.656
134400,0.120,0.212,0.668
134600,0.112,0.206,0.681
134800,0.126,0.205,0.669
135000,0.124,0.211,0.665
135200,0.134,0.205,0.661
135400,0.125,0.205,0.670
135600,0.124,0.230,0.647
135800,0.122,0.209,0.669
136000,0.122,0.212,0.666
136200,0.124,0.204,0.672
136400,0.118,0.205,0.676
136600,0.121,0.213,0.666
136800,0.124,0.219,0.658
137000,0.112,0.209,0.678
137200,0.106,0.208,0.685
137400,0.108,0.199,0.693
137600,0.104,0.215,0.681
137800,0.117,0.211,0.671
138000,0.118,0.206,0.675
138200,0.127,0.192,0.681
138400,0.129,0.186,0.685
138600,0.138,0.187,0.675
138800,0.132,0.188,0.680
139000,0.133,0.188,0.679
139200,0.132,0.189,0.679
139400,0.136,0.192,0.672
139600,0.143,0.183,0.674
139800,0.144,0.192,0.664
140000,0.156,0.188,0.656
140200,0.151,0.189,0.660
140400,0.143,0.193,0.664
140600,0.145,0.192,0.663
140800,0.138,0.184,0.678
141000,0.143,0.186,0.671
141200,0.143,0.182,0.675
141400,0.151,0.190,0.659
141600,0.148,0.186,0.666
141800,0.150,0.184,0.666
142000,0.158,0.193,0.649
142200,0.160,0.192,0.648
142400,0.151,0.187,0.662
142600,0.135,0.190,0.675
142800,0.133,0.184,0.683
143000,0.143,0.186,0.671
143200,0.144,0.183,0.673
143400,0.136,0.185,0.679
143600,0.125,0.182,0.694
143800,0.120,0.182,0.699
144000,0.125,0.185,0.691
144200,0.121,0.195,0.684
144400,0.122,0.194,0.684
144600,0.114,0.193,0.693
144800,0.109,0.186,0.705
145000,0.106,0.185,0.709
145200,0.109,0.188,0.703
145400,0.109,0.184,0.707
145600,0.121,0.191,0.688
145800,0.111,0.202,0.686
146000,0.124,0.191,0.685
146200,0.126,0.181,0.694
146400,0.111,0.184,0.705
146600,0.113,0.186,0.701
146800,0.124,0.185,0.692
147000,0.126,0.191,0.683
147200,0.122,0.208,0.670
147400,0.117,0.213,0.669
147600,0.117,0.204,0.678
147800,0.125,0.191,0.684
148000,0.133,0.181,0.686
148200,0.116,0.190,0.694
148400,0.116,0.188,0.696
148600,0.126,0.185,0.689
148800,0.140,0.181,0.679
149000,0.136,0.184,0.680
149200,0.130,0.177,0.694
149400,0.139,0.174,0.687
149600,0.132,0.176,0.693
149800,0.130,0.179,0.692
150000,0.127,0.171,0.703
150200,0.122,0.174,0.705
150400,0.112,0.178,0.710
150600,0.113,0.186,0.701
150800,0.120,0.179,0.702
151000,0.127,0.177,0.697
151200,0.125,0.189,0.686
151400,0.117,0.194,0.688
151600,0.110,0.197,0.693
151800,0.114,0.193,0.693
152000,0.120,0.185,0.696
152200,0.118,0.189,0.693
152400,0.131,0.182,0.687
152600,0.140,0.190,0.670
152800,0.143,0.193,0.664
153000,0.142,0.192,0.666
153200,0.131,0.198,0.671
153400,0.135,0.202,0.663
153600,0.135,0.203,0.662
153800,0.138,0.197,0.665
154000,0.140,0.203,0.657
154200,0.122,0.200,0.678
154400,0.118,0.218,0.664
154600,0.128,0.225,0.648
154800,0.137,0.221,0.642
155000,0.145,0.209,0.646
155200,0.142,0.201,0.657
155400,0.141,0.194,0.665
155600,0.147,0.190,0.663
155800,0.156,0.189,0.655
156000,0.157,0.194,0.649
156200,0.143,0.191,0.666
156400,0.136,0.188,0.676
156600,0.130,0.191,0.679
156800,0.126,0.195,0.679
157000,0.137,0.198,0.665
157200,0.131,0.193,0.676
157400,0.134,0.194,0.672
157600,0.140,0.194,0.666
157800,0.129,0.189,0.682
158000,0.129,0.177,0.695
158200,0.135,0.177,0.688
158400,0.128,0.189,0.683
158600,0.128,0.190,0.682
158800,0.118,0.207,0.674
159000,0.121,0.201,0.678
159200,0.131,0.192,0.677
159400,0.137,0.186,0.677
159600,0.142,0.185,0.673
159800,0.139,0.180,0.681
160000,0.138,0.186,0.676
160200,0.128,0.199,0.673
160400,0.129,0.189,0.682
160600,0.133,0.193,0.674
160800,0.126,0.191,0.683
161000,0.122,0.209,0.669
161200,0.122,0.207,0.671
161400,0.118,0.206,0.675
161600,0.122,0.210,0.668
161800,0.126,0.199,0.675
162000,0.131,0.192,0.677
162200,0.132,0.188,0.680
162400,0.136,0.183,0.681
162600,0.127,0.181,0.693
162800,0.133,0.181,0.686
163000,0.131,0.201,0.668
163200,0.135,0.198,0.667
163400,0.134,0.200,0.666
163600,0.135,0.200,0.665
163800,0.136,0.187,0.677
164000,0.125,0.181,0.695
164200,0.117,0.182,0.701
164400,0.116,0.181,0.703
164600,0.137,0.172,0.692
164800,0.139,0.178,0.683
165000,0.144,0.176,0.680
165200,0.151,0.177,0.672
165400,0.154,0.161,0.684
165600,0.171,0.166,0.663
165800,0.160,0.177,0.663
166000,0.162,0.174,0.664
166200,0.153,0.172,0.675
166400,0.155,0.178,0.667
166600,0.160,0.164,0.675
166800,0.144,0.177,0.679
167000,0.148,0.172,0.680
167200,0.141,0.159,0.700
167400,0.157,0.158,0.684
167600,0.169,0.159,0.672
167800,0.159,0.161,0.679
168000,0.156,0.157,0.686
168200,0.151,0.160,0.688
168400,0.166,0.155,0.678
168600,0.178,0.163,0.659
168800,0.175,0.166,0.659
169000,0.188,0.157,0.655
169200,0.178,0.171,0.652
169400,0.172,0.168,0.661
169600,0.164,0.154,0.681
169800,0.183,0.154,0.663
170000,0.180,0.162,0.658
170200,0.163,0.178,0.659
170400,0.156,0.182,0.662
170600,0.165,0.180,0.655
170800,0.166,0.186,0.648
171000,0.169,0.189,0.642
171200,0.158,0.198,0.644
171400,0.150,0.189,0.661
171600,0.153,0.192,0.655
171800,0.146,0.187,0.667
172000,0.137,0.180,0.683
172200,0.173,0.169,0.659
172400,0.164,0.175,0.661
172600,0.174,0.172,0.655
172800,0.177,0.172,0.652
173000,0.174,0.163,0.663
173200,0.165,0.162,0.672
173400,0.159,0.161,0.679
173600,0.161,0.171,0.668
173800,0.163,0.172,0.665
174000,0.152,0.180,0.668
174200,0.162,0.172,0.666
174400,0.149,0.168,0.683
174600,0.144,0.175,0.681
174800,0.146,0.179,0.675
175000,0.141,0.180,0.679
175200,0.147,0.170,0.683
175400,0.141,0.165,0.694
175600,0.144,0.174,0.682
175800,0.135,0.173,0.693
176000,0.143,0.186,0.671
176200,0.136,0.194,0.670
176400,0.127,0.205,0.668
176600,0.125,0.207,0.668
176800,0.117,0.218,0.665
177000,0.113,0.221,0.666
177200,0.123,0.230,0.648
177400,0.116,0.219,0.665
177600,0.118,0.231,0.651
177800,0.114,0.228,0.658
178000,0.118,0.222,0.660
178200,0.124,0.213,0.663
178400,0.133,0.210,0.657
178600,0.141,0.197,0.662
178800,0.130,0.194,0.676
179000,0.124,0.189,0.687
179200,0.129,0.190,0.681
179400,0.130,0.190,0.680
179600,0.127,0.192,0.681
179800,0.130,0.190,0.680
180000,0.143,0.193,0.664
180200,0.148,0.192,0.660
180400,0.143,0.186,0.671
180600,0.146,0.190,0.664
180800,0.164,0.184,0.652
181000,0.163,0.189,0.648
181200,0.160,0.181,0.659
181400,0.149,0.184,0.667
181600,0.154,0.191,0.655
181800,0.162,0.174,0.664
182000,0.158,0.177,0.665
182200,0.159,0.185,0.656
182400,0.146,0.185,0.669
182600,0.140,0.190,0.670
182800,0.133,0.189,0.678
183000,0.137,0.187,0.676
183200,0.134,0.189,0.677
183400,0.133,0.175,0.693
183600,0.134,0.175,0.692
183800,0.136,0.186,0.678
184000,0.135,0.179,0.686
184200,0.158,0.184,0.658
184400,0.145,0.185,0.670
184600,0.151,0.186,0.663
184800,0.168,0.179,0.654
185000,0.166,0.180,0.654
185200,0.173,0.173,0.655
185400,0.159,0.172,0.669
185600,0.151,0.182,0.667
185800,0.143,0.186,0.671
186000,0.144,0.189,0.667
186200,0.142,0.181,0.677
186400,0.155,0.183,0.662
186600,0.169,0.175,0.657
186800,0.166,0.173,0.661
187000,0.159,0.183,0.658
187200,0.174,0.178,0.649
187400,0.179,0.176,0.646
187600,0.180,0.174,0.647
187800,0.172,0.179,0.650
188000,0.165,0.188,0.647
188200,0.158,0.184,0.658
188400,0.154,0.183,0.663
188600,0.146,0.183,0.671
188800,0.152,0.183,0.665
189000,0.149,0.184,0.667
189200,0.145,0.191,0.664
189400,0.135,0.192,0.673
189600,0.133,0.186,0.681
189800,0.117,0.196,0.686
190000,0.136,0.200,0.664
190200,0.126,0.191,0.683
190400,0.129,0.191,0.680
190600,0.131,0.188,0.681
190800,0.127,0.181,0.693
191000,0.130,0.185,0.685
191200,0.128,0.187,0.685
191400,0.129,0.193,0.678
191600,0.140,0.179,0.681
191800,0.136,0.175,0.689
192000,0.134,0.188,0.678
192200,0.133,0.180,0.687
192400,0.146,0.179,0.675
192600,0.145,0.186,0.669
192800,0.145,0.177,0.678
193000,0.145,0.184,0.671
193200,0.164,0.193,0.642
193400,0.160,0.189,0.651
193600,0.162,0.192,0.646
193800,0.155,0.193,0.652
194000,0.155,0.189,0.656
194200,0.152,0.182,0.666
194400,0.156,0.173,0.671
194600,0.156,0.169,0.675
194800,0.149,0.169,0.682
195000,0.145,0.166,0.688
195200,0.141,0.169,0.691
195400,0.146,0.178,0.676
195600,0.147,0.189,0.664
195800,0.149,0.183,0.668
196000,0.145,0.175,0.680
196200,0.138,0.169,0.694
196400,0.150,0.177,0.673
196600,0.144,0.172,0.684
196800,0.129,0.164,0.707
197000,0.151,0.171,0.678
197200,0.152,0.165,0.682
197400,0.151,0.176,0.673
197600,0.162,0.159,0.678
197800,0.170,0.159,0.671
198000,0.177,0.160,0.663
198200,0.196,0.154,0.650
198400,0.191,0.164,0.645
198600,0.178,0.163,0.659
198800,0.165,0.163,0.671
199000,0.165,0.163,0.671
199200,0.170,0.161,0.669
199400,0.151,0.158,0.691
199600,0.155,0.163,0.681
199800,0.141,0.181,0.678
200000,0.140,0.178,0.682
200200,0.137,0.179,0.684
200400,0.131,0.185,0.684
200600,0.133,0.183,0.684
200800,0.149,0.191,0.660
201000,0.168,0.194,0.638
201200,0.165,0.186,0.649
201400,0.160,0.176,0.664
201600,0.159,0.175,0.666
201800,0.164,0.181,0.655
202000,0.157,0.172,0.671
202200,0.147,0.162,0.691
202400,0.145,0.162,0.693
202600,0.153,0.160,0.686
202800,0.145,0.165,0.689
203000,0.137,0.171,0.693
203200,0.128,0.161,0.711
203400,0.125,0.177,0.699
203600,0.129,0.177,0.695
203800,0.122,0.164,0.714
204000,0.132,0.171,0.698
204200,0.129,0.178,0.694
204400,0.138,0.172,0.691
204600,0.138,0.182,0.680
204800,0.134,0.181,0.685
205000,0.128,0.183,0.689
205200,0.115,0.183,0.702
205400,0.122,0.189,0.689
205600,0.123,0.182,0.696
205800,0.128,0.183,0.689
206000,0.121,0.176,0.704
206200,0.137,0.174,0.689
206400,0.140,0.177,0.683
206600,0.138,0.181,0.681
206800,0.128,0.176,0.697
207000,0.127,0.174,0.700
207200,0.131,0.173,0.697
207400,0.133,0.169,0.699
207600,0.130,0.170,0.701
207800,0.139,0.164,0.697
208000,0.134,0.182,0.684
208200,0.124,0.181,0.696
208400,0.132,0.159,0.709
208600,0.140,0.159,0.701
208800,0.145,0.157,0.698
209000,0.137,0.160,0.703
209200,0.147,0.158,0.695
209400,0.143,0.159,0.698
209600,0.147,0.150,0.703
209800,0.144,0.168,0.688
210000,0.137,0.180,0.683
210200,0.139,0.180,0.681
210400,0.137,0.183,0.680
210600,0.141,0.178,0.681
210800,0.137,0.166,0.697
211000,0.133,0.164,0.703
211200,0.125,0.174,0.702
211400,0.133,0.173,0.695
211600,0.128,0.193,0.679
211800,0.146,0.183,0.671
212000,0.141,0.158,0.701
212200,0.135,0.166,0.699
212400,0.128,0.169,0.704
212600,0.126,0.176,0.699
212800,0.115,0.157,0.727
213000,0.132,0.151,0.717
213200,0.136,0.153,0.711
213400,0.131,0.157,0.712
213600,0.143,0.153,0.704
213800,0.159,0.145,0.696
214000,0.171,0.146,0.683
214200,0.174,0.143,0.683
214400,0.171,0.138,0.692
214600,0.152,0.132,0.716
214800,0.147,0.151,0.702
215000,0.137,0.157,0.706
215200,0.138,0.147,0.715
215400,0.155,0.153,0.692
215600,0.154,0.145,0.701
215800,0.154,0.153,0.693
216000,0.136,0.155,0.709
216200,0.139,0.150,0.711
216400,0.126,0.154,0.720
216600,0.126,0.156,0.718
216800,0.130,0.169,0.702
217000,0.122,0.161,0.717
217200,0.132,0.154,0.714
217400,0.137,0.160,0.703
217600,0.142,0.162,0.696
217800,0.134,0.153,0.713
218000,0.133,0.147,0.720
218200,0.127,0.159,0.714
218400,0.118,0.188,0.694
218600,0.123,0.172,0.706
218800,0.144,0.176,0.680
219000,0.148,0.170,0.682
219200,0.152,0.161,0.686
219400,0.138,0.148,0.714
219600,0.139,0.154,0.707
219800,0.145,0.158,0.697
220000,0.142,0.162,0.696
220200,0.145,0.166,0.688
220400,0.148,0.159,0.693
220600,0.161,0.160,0.678
220800,0.156,0.156,0.687
221000,0.152,0.161,0.686
221200,0.147,0.169,0.684
221400,0.139,0.171,0.691
221600,0.134,0.172,0.695
221800,0.132,0.163,0.705
222000,0.123,0.157,0.720
222200,0.124,0.148,0.728
222400,0.135,0.154,0.711
222600,0.148,0.147,0.705
222800,0.153,0.152,0.695
223000,0.146,0.165,0.688
223200,0.132,0.170,0.699
223400,0.143,0.160,0.697
223600,0.141,0.160,0.699
223800,0.132,0.170,0.699
224000,0.136,0.166,0.698
224200,0.140,0.157,0.703
224400,0.129,0.156,0.715
224600,0.122,0.159,0.719
224800,0.128,0.157,0.715
225000,0.139,0.149,0.712
225200,0.149,0.150,0.701
225400,0.145,0.151,0.704
225600,0.140,0.158,0.702
225800,0.152,0.154,0.694
226000,0.156,0.165,0.678
226200,0.148,0.161,0.691
226400,0.145,0.164,0.691
226600,0.152,0.164,0.683
226800,0.160,0.160,0.679
227000,0.161,0.154,0.684
227200,0.158,0.150,0.692
227400,0.148,0.160,0.692
227600,0.164,0.173,0.663
227800,0.148,0.172,0.680
228000,0.153,0.170,0.677
228200,0.162,0.160,0.677
228400,0.149,0.153,0.698
228600,0.148,0.157,0.695
228800,0.147,0.173,0.680
229000,0.142,0.174,0.684
229200,0.153,0.180,0.667
229400,0.156,0.188,0.656
229600,0.151,0.187,0.662
229800,0.155,0.193,0.652
230000,0.149,0.185,0.666
230200,0.147,0.177,0.676
230400,0.134,0.174,0.693
230600,0.127,0.184,0.689
230800,0.123,0.175,0.703
231000,0.124,0.179,0.698
231200,0.137,0.183,0.680
231400,0.133,0.176,0.692
231600,0.129,0.176,0.696
231800,0.129,0.177,0.695
232000,0.128,0.176,0.697
232200,0.135,0.157,0.708
232400,0.127,0.153,0.720
232600,0.128,0.165,0.707
232800,0.129,0.158,0.713
233000,0.130,0.155,0.715
233200,0.127,0.165,0.708
233400,0.129,0.156,0.715
233600,0.149,0.164,0.686
233800,0.137,0.165,0.698
234000,0.130,0.160,0.710
234200,0.133,0.157,0.710
234400,0.125,0.177,0.699
234600,0.133,0.181,0.686
234800,0.132,0.177,0.692
235000,0.146,0.181,0.673
235200,0.148,0.174,0.678
235400,0.154,0.170,0.676
235600,0.143,0.176,0.681
235800,0.157,0.158,0.684
236000,0.166,0.157,0.676
236200,0.164,0.165,0.670
236400,0.170,0.159,0.671
236600,0.163,0.162,0.674
236800,0.156,0.164,0.679
237000,0.153,0.172,0.675
237200,0.145,0.178,0.677
237400,0.148,0.183,0.669
237600,0.150,0.171,0.679
237800,0.139,0.166,0.695
238000,0.133,0.175,0.693
238200,0.135,0.184,0.681
238400,0.139,0.182,0.679
238600,0.136,0.186,0.678
238800,0.140,0.174,0.686
239000,0.158,0.171,0.671
239200,0.149,0.175,0.676
239400,0.149,0.181,0.670
239600,0.149,0.168,0.683
239800,0.145,0.161,0.694
240000,0.149,0.157,0.694
240200,0.170,0.148,0.682
240400,0.181,0.151,0.668
240600,0.171,0.149,0.680
240800,0.170,0.154,0.676
241000,0.164,0.151,0.684
241200,0.174,0.159,0.667
241400,0.163,0.159,0.677
241600,0.165,0.158,0.676
241800,0.170,0.155,0.675
242000,0.157,0.151,0.692
242200,0.162,0.141,0.697
242400,0.164,0.144,0.692
242600,0.150,0.144,0.706
242800,0.139,0.150,0.711
243000,0.149,0.157,0.694
243200,0.154,0.152,0.694
243400,0.151,0.151,0.698
243600,0.162,0.156,0.681
243800,0.165,0.146,0.688
244000,0.165,0.155,0.679
244200,0.170,0.155,0.675
244400,0.161,0.144,0.695
244600,0.160,0.142,0.698
244800,0.156,0.146,0.698
245000,0.160,0.146,0.694
245200,0.145,0.147,0.708
245400,0.134,0.152,0.714
245600,0.123,0.150,0.727
245800,0.125,0.162,0.713
246000,0.145,0.155,0.700
246200,0.143,0.161,0.696
246400,0.144,0.173,0.683
246600,0.146,0.171,0.683
246800,0.140,0.168,0.693
247000,0.142,0.164,0.694
247200,0.151,0.155,0.694
247400,0.158,0.156,0.685
247600,0.147,0.162,0.691
247800,0.151,0.163,0.685
248000,0.157,0.155,0.687
248200,0.163,0.163,0.673
248400,0.160,0.165,0.674
248600,0.159,0.161,0.679
248800,0.156,0.161,0.682
249000,0.151,0.165,0.683
249200,0.147,0.171,0.682
249400,0.146,0.160,0.694
249600,0.156,0.154,0.689
249800,0.154,0.162,0.683
250000,0.151,0.156,0.693
250200,0.151,0.158,0.691
250400,0.146,0.156,0.698
250600,0.144,0.155,0.701
250800,0.131,0.160,0.709
251000,0.130,0.151,0.719
251200,0.140,0.144,0.716
251400,0.141,0.144,0.715
251600,0.161,0.170,0.669
251800,0.163,0.154,0.682
252000,0.166,0.150,0.683
252200,0.161,0.158,0.680
252400,0.161,0.154,0.684
252600,0.158,0.150,0.692
252800,0.152,0.149,0.699
253000,0.151,0.158,0.691
253200,0.150,0.169,0.681
253400,0.159,0.156,0.684
253600,0.160,0.150,0.689
253800,0.153,0.158,0.688
254000,0.162,0.149,0.688
254200,0.161,0.154,0.684
254400,0.153,0.150,0.697
254600,0.145,0.151,0.704
254800,0.150,0.154,0.696
255000,0.148,0.159,0.693
255200,0.153,0.164,0.682
255400,0.150,0.161,0.688
255600,0.159,0.154,0.686
255800,0.162,0.165,0.672
256000,0.147,0.174,0.679
256200,0.144,0.170,0.686
256400,0.149,0.164,0.686
256600,0.157,0.165,0.677
256800,0.163,0.157,0.679
257000,0.159,0.158,0.682
257200,0.166,0.148,0.685
257400,0.152,0.161,0.686
257600,0.152,0.161,0.686
257800,0.154,0.152,0.694
258000,0.160,0.146,0.694
258200,0.159,0.138,0.703
258400,0.165,0.154,0.680
258600,0.164,0.156,0.679
258800,0.161,0.151,0.687
259000,0.164,0.143,0.693
259200,0.158,0.149,0.693
259400,0.172,0.152,0.676
259600,0.172,0.148,0.680
259800,0.173,0.154,0.673
260000,0.183,0.151,0.666
260200,0.177,0.149,0.674
260400,0.173,0.148,0.679
260600,0.164,0.158,0.677
260800,0.155,0.155,0.689
261000,0.159,0.141,0.700
261200,0.159,0.140,0.701
261400,0.160,0.137,0.703
261600,0.163,0.142,0.695
261800,0.191,0.134,0.675
262000,0.192,0.130,0.678
262200,0.188,0.142,0.670
262400,0.180,0.138,0.682
262600,0.174,0.150,0.676
262800,0.164,0.153,0.682
263000,0.160,0.133,0.707
263200,0.158,0.149,0.693
263400,0.145,0.148,0.707
263600,0.144,0.149,0.707
263800,0.150,0.157,0.693
264000,0.152,0.155,0.693
264200,0.148,0.168,0.684
264400,0.159,0.169,0.672
264600,0.163,0.161,0.675
264800,0.153,0.151,0.696
265000,0.174,0.145,0.681
265200,0.171,0.144,0.685
265400,0.171,0.144,0.685
265600,0.163,0.145,0.692
265800,0.166,0.145,0.688
266000,0.159,0.150,0.691
266200,0.159,0.145,0.696
266400,0.157,0.152,0.691
266600,0.148,0.148,0.704
266800,0.145,0.145,0.710
267000,0.150,0.139,0.711
267200,0.152,0.142,0.706
267400,0.148,0.145,0.707
267600,0.136,0.148,0.716
267800,0.134,0.138,0.728
268000,0.139,0.148,0.713
268200,0.148,0.151,0.701
268400,0.142,0.143,0.715
268600,0.143,0.149,0.708
268800,0.139,0.150,0.711
269000,0.138,0.143,0.719
269200,0.158,0.140,0.702
269400,0.149,0.137,0.714
269600,0.165,0.141,0.694
269800,0.178,0.141,0.681
270000,0.174,0.137,0.689
270200,0.173,0.137,0.691
270400,0.180,0.128,0.693
270600,0.180,0.129,0.692
270800,0.189,0.136,0.675
271000,0.184,0.140,0.676
271200,0.183,0.137,0.680
271400,0.169,0.154,0.677
271600,0.156,0.148,0.696
271800,0.158,0.155,0.686
272000,0.148,0.165,0.686
272200,0.139,0.169,0.693
272400,0.143,0.169,0.688
272600,0.145,0.159,0.696
272800,0.152,0.155,0.693
273000,0.143,0.166,0.691
273200,0.137,0.158,0.705
273400,0.138,0.154,0.708
273600,0.140,0.147,0.713
273800,0.140,0.144,0.716
274000,0.153,0.148,0.699
274200,0.151,0.148,0.701
274400,0.140,0.151,0.709
274600,0.135,0.152,0.713
274800,0.144,0.145,0.711
275000,0.160,0.153,0.686
275200,0.160,0.161,0.678
275400,0.154,0.162,0.683
275600,0.158,0.179,0.663
275800,0.151,0.164,0.684
276000,0.151,0.160,0.688
276200,0.153,0.157,0.689
276400,0.155,0.154,0.691
276600,0.161,0.157,0.681
276800,0.152,0.143,0.705
277000,0.154,0.140,0.706
277200,0.163,0.139,0.698
277400,0.159,0.141,0.700
277600,0.150,0.145,0.705
277800,0.154,0.147,0.699
278000,0.159,0.153,0.687
278200,0.155,0.157,0.687
278400,0.156,0.155,0.688
278600,0.154,0.158,0.687
278800,0.163,0.165,0.671
279000,0.162,0.174,0.664
279200,0.157,0.172,0.671
279400,0.153,0.162,0.684
279600,0.161,0.171,0.668
279800,0.166,0.171,0.663
280000,0.151,0.176,0.673
280200,0.155,0.174,0.671
280400,0.160,0.159,0.680
280600,0.153,0.153,0.694
280800,0.146,0.155,0.699
281000,0.134,0.162,0.704
281200,0.139,0.157,0.704
281400,0.140,0.148,0.712
281600,0.146,0.139,0.715
281800,0.143,0.139,0.718
282000,0.143,0.143,0.714
282200,0.144,0.147,0.709
282400,0.144,0.146,0.710
282600,0.154,0.140,0.706
282800,0.150,0.126,0.724
283000,0.140,0.138,0.722
283200,0.136,0.141,0.723
283400,0.134,0.141,0.725
283600,0.147,0.148,0.705
283800,0.158,0.142,0.700
284000,0.143,0.137,0.720
284200,0.129,0.141,0.730
284400,0.125,0.171,0.705
284600,0.130,0.162,0.708
284800,0.131,0.154,0.715
285000,0.138,0.151,0.711
285200,0.136,0.153,0.711
285400,0.129,0.151,0.720
285600,0.130,0.152,0.718
285800,0.143,0.140,0.717
286000,0.143,0.139,0.718
286200,0.147,0.136,0.717
286400,0.138,0.133,0.729
286600,0.139,0.122,0.740
286800,0.133,0.127,0.741
287000,0.134,0.145,0.721
287200,0.134,0.138,0.728
287400,0.143,0.147,0.710
287600,0.142,0.145,0.713
287800,0.138,0.141,0.721
288000,0.148,0.144,0.708
288200,0.143,0.146,0.711
288400,0.142,0.146,0.712
288600,0.145,0.150,0.705
288800,0.155,0.146,0.699
289000,0.145,0.141,0.714
289200,0.161,0.136,0.703
289400,0.169,0.135,0.697
289600,0.166,0.143,0.691
289800,0.164,0.141,0.695
290000,0.154,0.136,0.710
290200,0.155,0.142,0.703
290400,0.165,0.147,0.687
290600,0.169,0.142,0.689
290800,0.157,0.150,0.693
291000,0.156,0.144,0.700
291200,0.152,0.148,0.700
291400,0.149,0.142,0.709
291600,0.154,0.149,0.697
291800,0.169,0.140,0.692
292000,0.169,0.138,0.694
292200,0.160,0.131,0.709
292400,0.149,0.134,0.717
292600,0.149,0.136,0.715
292800,0.147,0.141,0.712
293000,0.139,0.145,0.716
293200,0.137,0.137,0.726
293400,0.135,0.142,0.723
293600,0.145,0.156,0.699
293800,0.153,0.155,0.692
294000,0.153,0.155,0.692
294200,0.154,0.163,0.682
294400,0.150,0.157,0.693
294600,0.155,0.164,0.680
294800,0.145,0.163,0.692
295000,0.148,0.166,0.685
295200,0.151,0.161,0.687
295400,0.160,0.162,0.677
295600,0.155,0.149,0.696
295800,0.170,0.152,0.678
296000,0.179,0.137,0.684
296200,0.168,0.147,0.685
296400,0.168,0.157,0.675
296600,0.161,0.158,0.680
296800,0.159,0.155,0.685
297000,0.152,0.164,0.683
297200,0.148,0.174,0.678
297400,0.148,0.177,0.675
297600,0.143,0.174,0.683
297800,0.151,0.161,0.687
298000,0.146,0.152,0.702
298200,0.145,0.161,0.694
298400,0.138,0.161,0.701
298600,0.142,0.166,0.692
298800,0.152,0.159,0.688
299000,0.162,0.158,0.679
299200,0.171,0.150,0.679
299400,0.156,0.159,0.684
299600,0.157,0.158,0.684
299800,0.149,0.163,0.687
300000,0.152,0.161,0.686
300200,0.159,0.154,0.686
300400,0.153,0.151,0.696
300600,0.149,0.156,0.695
300800,0.139,0.162,0.699
301000,0.134,0.166,0.700
301200,0.123,0.153,0.724
301400,0.134,0.143,0.723
301600,0.136,0.147,0.717
301800,0.136,0.150,0.714
302000,0.128,0.146,0.726
302200,0.134,0.151,0.715
302400,0.129,0.154,0.717
302600,0.127,0.158,0.715
302800,0.124,0.166,0.710
303000,0.136,0.166,0.698
303200,0.147,0.160,0.693
303400,0.152,0.156,0.692
303600,0.143,0.154,0.703
303800,0.143,0.151,0.706
304000,0.141,0.158,0.701
304200,0.142,0.152,0.706
304400,0.144,0.151,0.705
304600,0.142,0.158,0.700
304800,0.142,0.150,0.708
305000,0.144,0.152,0.704
305200,0.153,0.149,0.698
305400,0.147,0.149,0.704
305600,0.151,0.150,0.699
305800,0.153,0.137,0.710
306000,0.136,0.143,0.721
306200,0.136,0.154,0.710
306400,0.132,0.162,0.706
306600,0.143,0.153,0.704
306800,0.155,0.163,0.681
307000,0.158,0.159,0.682
307200,0.165,0.163,0.671
307400,0.151,0.153,0.696
307600,0.142,0.153,0.705
307800,0.140,0.154,0.706
308000,0.135,0.158,0.707
308200,0.152,0.161,0.686
308400,0.149,0.155,0.696
308600,0.150,0.152,0.698
308800,0.157,0.169,0.674
309000,0.162,0.168,0.670
309200,0.157,0.166,0.676
309400,0.161,0.160,0.678
309600,0.155,0.161,0.683
309800,0.159,0.161,0.679
310000,0.155,0.156,0.688
310200,0.159,0.160,0.680
310400,0.126,0.166,0.708
310600,0.127,0.174,0.700
310800,0.123,0.164,0.713
311000,0.117,0.168,0.715
311200,0.104,0.178,0.718
311400,0.120,0.171,0.710
311600,0.128,0.173,0.700
311800,0.130,0.172,0.699
312000,0.130,0.165,0.705
312200,0.126,0.168,0.707
312400,0.134,0.161,0.705
312600,0.131,0.174,0.696
312800,0.149,0.170,0.681
313000,0.154,0.178,0.668
313200,0.153,0.178,0.669
313400,0.152,0.172,0.676
313600,0.148,0.176,0.676
313800,0.140,0.173,0.687
314000,0.140,0.177,0.683
314200,0.142,0.178,0.680
314400,0.142,0.173,0.685
314600,0.136,0.176,0.688
314800,0.134,0.170,0.697
315000,0.145,0.174,0.681
315200,0.143,0.176,0.681
315400,0.144,0.161,0.695
315600,0.143,0.169,0.688
315800,0.145,0.174,0.681
316000,0.156,0.162,0.681
316200,0.154,0.161,0.684
316400,0.150,0.169,0.681
316600,0.146,0.172,0.682
316800,0.143,0.169,0.688
317000,0.140,0.158,0.702
317200,0.154,0.149,0.697
317400,0.154,0.159,0.686
317600,0.162,0.169,0.669
317800,0.170,0.180,0.651
318000,0.165,0.179,0.656
318200,0.157,0.178,0.665
318400,0.158,0.171,0.671
318600,0.162,0.171,0.667
318800,0.152,0.172,0.676
319000,0.150,0.176,0.674
319200,0.149,0.169,0.682
319400,0.148,0.176,0.676
319600,0.150,0.171,0.679
319800,0.151,0.163,0.685
320000,0.149,0.164,0.686
320200,0.155,0.163,0.681
320400,0.156,0.155,0.688
320600,0.164,0.151,0.684
320800,0.157,0.139,0.704
321000,0.155,0.140,0.705
321200,0.153,0.138,0.709
321400,0.180,0.147,0.673
321600,0.165,0.152,0.682
321800,0.163,0.149,0.687
322000,0.169,0.154,0.677
322200,0.170,0.169,0.662
322400,0.160,0.168,0.672
322600,0.169,0.165,0.666
322800,0.160,0.161,0.678
323000,0.163,0.156,0.680
323200,0.166,0.164,0.669
323400,0.162,0.156,0.681
323600,0.166,0.151,0.682
323800,0.164,0.154,0.681
324000,0.148,0.157,0.695
324200,0.146,0.166,0.687
