time,n_A+p,n_B,n_AB
500,0.080,0.810,0.110
1000,0.080,0.726,0.195
1500,0.080,0.639,0.281
2000,0.080,0.572,0.348
2500,0.081,0.500,0.419
3000,0.081,0.447,0.473
3500,0.090,0.428,0.481
4000,0.096,0.404,0.501
4500,0.089,0.426,0.485
5000,0.097,0.384,0.519
5500,0.107,0.366,0.526
6000,0.112,0.385,0.504
6500,0.113,0.350,0.536
7000,0.123,0.314,0.562
7500,0.127,0.297,0.576
8000,0.136,0.271,0.594
8500,0.154,0.229,0.617
9000,0.183,0.181,0.635
9500,0.203,0.192,0.606
10000,0.240,0.157,0.603
10500,0.279,0.119,0.603
11000,0.338,0.085,0.578
11500,0.411,0.059,0.530
12000,0.495,0.032,0.473
12500,0.536,0.016,0.448
13000,0.599,0.007,0.394
13500,0.690,0.002,0.308
14000,0.756,0.000,0.244
14500,0.796,0.000,0.204
15000,0.858,0.000,0.142
15500,0.879,0.000,0.121
16000,0.865,0.000,0.135
16500,0.878,0.000,0.122
17000,0.914,0.000,0.086
17500,0.927,0.000,0.073
18000,0.933,0.000,0.067
18500,0.926,0.000,0.074
19000,0.948,0.000,0.052
19500,0.961,0.000,0.039
20000,0.960,0.000,0.040
20500,0.961,0.000,0.039
21000,0.967,0.000,0.033
21500,0.965,0.000,0.035
22000,0.942,0.000,0.058
22500,0.946,0.000,0.054
23000,0.948,0.000,0.052
23500,0.950,0.000,0.050
24000,0.959,0.000,0.041
24500,0.967,0.000,0.033
25000,0.966,0.000,0.034
25500,0.974,0.000,0.026
26000,0.979,0.000,0.021
26500,0.980,0.000,0.020
27000,0.984,0.000,0.016
27500,0.984,0.000,0.016
28000,0.974,0.000,0.026
28500,0.983,0.000,0.017
29000,0.987,0.000,0.013
29500,0.991,0.000,0.009
30000,0.997,0.000,0.003
30500,0.996,0.000,0.004
31000,1.000,0.000,0.000
31500,1.000,0.000,0.000
32000,1.000,0.000,0.000
32500,1.000,0.000,0.000
33000,1.000,0.000,0.000
