time,n_A+p,n_B,n_AB
100,0.371,0.475,0.154
200,0.336,0.406,0.258
300,0.283,0.353,0.364
400,0.251,0.319,0.430
500,0.232,0.293,0.475
600,0.211,0.267,0.522
700,0.198,0.256,0.546
800,0.198,0.251,0.551
900,0.186,0.239,0.575
1000,0.175,0.232,0.593
1100,0.171,0.234,0.595
1200,0.165,0.228,0.608
1300,0.166,0.249,0.584
1400,0.146,0.242,0.612
1500,0.139,0.232,0.630
1600,0.126,0.225,0.649
1700,0.115,0.219,0.665
1800,0.107,0.207,0.686
1900,0.109,0.201,0.689
2000,0.111,0.200,0.689
2100,0.104,0.212,0.684
2200,0.114,0.196,0.690
2300,0.104,0.198,0.698
2400,0.089,0.226,0.685
2500,0.087,0.256,0.658
2600,0.085,0.253,0.662
2700,0.084,0.227,0.689
2800,0.083,0.238,0.679
2900,0.095,0.222,0.683
3000,0.089,0.204,0.707
3100,0.088,0.217,0.695
3200,0.083,0.223,0.694
3300,0.079,0.220,0.701
3400,0.077,0.221,0.703
3500,0.077,0.215,0.708
3600,0.071,0.232,0.697
3700,0.064,0.201,0.735
3800,0.060,0.201,0.739
3900,0.058,0.226,0.716
4000,0.065,0.217,0.718
4100,0.077,0.211,0.712
4200,0.077,0.203,0.720
4300,0.078,0.198,0.724
4400,0.079,0.194,0.728
4500,0.066,0.194,0.740
4600,0.063,0.194,0.743
4700,0.056,0.235,0.708
4800,0.052,0.221,0.727
4900,0.066,0.214,0.721
5000,0.075,0.208,0.718
5100,0.072,0.199,0.729
5200,0.069,0.197,0.734
5300,0.081,0.199,0.719
5400,0.074,0.205,0.721
5500,0.062,0.196,0.743
5600,0.058,0.236,0.707
5700,0.059,0.204,0.737
5800,0.054,0.204,0.742
5900,0.050,0.204,0.746
6000,0.054,0.200,0.746
6100,0.050,0.205,0.745
6200,0.047,0.204,0.749
6300,0.045,0.231,0.724
6400,0.054,0.233,0.712
6500,0.045,0.210,0.745
6600,0.040,0.260,0.701
6700,0.036,0.276,0.688
6800,0.030,0.288,0.683
6900,0.036,0.273,0.691
7000,0.037,0.299,0.664
7100,0.036,0.296,0.668
7200,0.033,0.293,0.674
7300,0.037,0.319,0.644
7400,0.035,0.300,0.665
7500,0.035,0.269,0.696
7600,0.049,0.268,0.683
7700,0.044,0.274,0.682
7800,0.045,0.286,0.668
7900,0.038,0.276,0.686
8000,0.031,0.271,0.698
8100,0.034,0.258,0.708
8200,0.035,0.240,0.725
8300,0.036,0.248,0.717
8400,0.037,0.219,0.743
8500,0.044,0.238,0.718
8600,0.042,0.246,0.712
8700,0.038,0.224,0.738
8800,0.037,0.224,0.740
8900,0.036,0.221,0.743
9000,0.034,0.223,0.743
9100,0.030,0.229,0.742
9200,0.039,0.214,0.747
9300,0.037,0.225,0.738
9400,0.041,0.204,0.755
9500,0.047,0.193,0.760
9600,0.042,0.190,0.768
9700,0.044,0.194,0.762
9800,0.041,0.205,0.754
9900,0.044,0.185,0.771
10000,0.044,0.209,0.747
10100,0.048,0.202,0.750
10200,0.044,0.219,0.737
10300,0.038,0.207,0.756
10400,0.038,0.217,0.746
10500,0.052,0.202,0.746
10600,0.060,0.205,0.735
10700,0.052,0.195,0.753
10800,0.052,0.219,0.728
10900,0.055,0.212,0.733
11000,0.060,0.223,0.717
11100,0.055,0.208,0.737
11200,0.051,0.222,0.728
11300,0.044,0.216,0.740
11400,0.043,0.247,0.710
11500,0.040,0.261,0.698
11600,0.047,0.271,0.683
11700,0.042,0.228,0.730
11800,0.060,0.208,0.732
11900,0.052,0.211,0.737
12000,0.051,0.214,0.735
12100,0.034,0.192,0.774
12200,0.037,0.226,0.737
12300,0.034,0.211,0.755
12400,0.032,0.211,0.757
12500,0.026,0.208,0.765
12600,0.029,0.200,0.772
12700,0.026,0.208,0.766
12800,0.021,0.208,0.771
12900,0.026,0.233,0.742
13000,0.030,0.229,0.741
13100,0.026,0.269,0.705
13200,0.026,0.277,0.697
13300,0.024,0.272,0.704
13400,0.029,0.260,0.711
13500,0.029,0.269,0.702
13600,0.024,0.238,0.737
13700,0.022,0.254,0.724
13800,0.019,0.253,0.728
13900,0.030,0.229,0.740
14000,0.037,0.227,0.736
14100,0.032,0.224,0.744
14200,0.029,0.219,0.752
14300,0.030,0.198,0.772
14400,0.038,0.205,0.757
14500,0.031,0.227,0.742
14600,0.033,0.219,0.749
14700,0.036,0.221,0.744
14800,0.040,0.198,0.762
14900,0.071,0.171,0.758
15000,0.066,0.166,0.768
15100,0.065,0.155,0.781
15200,0.056,0.169,0.775
15300,0.061,0.166,0.772
15400,0.067,0.168,0.765
15500,0.075,0.182,0.743
15600,0.069,0.173,0.758
15700,0.067,0.177,0.756
15800,0.088,0.177,0.735
15900,0.083,0.166,0.751
16000,0.077,0.168,0.755
16100,0.073,0.162,0.765
16200,0.077,0.139,0.784
16300,0.080,0.139,0.781
16400,0.075,0.143,0.783
16500,0.078,0.147,0.775
16600,0.070,0.147,0.783
16700,0.062,0.149,0.789
16800,0.056,0.151,0.792
16900,0.075,0.152,0.774
17000,0.067,0.155,0.778
17100,0.065,0.162,0.773
17200,0.063,0.159,0.777
17300,0.057,0.157,0.786
17400,0.060,0.147,0.793
17500,0.066,0.143,0.792
17600,0.070,0.142,0.788
17700,0.076,0.134,0.790
17800,0.074,0.126,0.800
17900,0.072,0.135,0.793
18000,0.067,0.148,0.785
18100,0.068,0.145,0.788
18200,0.065,0.139,0.796
18300,0.064,0.132,0.804
18400,0.074,0.130,0.796
18500,0.066,0.125,0.808
18600,0.080,0.129,0.790
18700,0.076,0.154,0.770
18800,0.082,0.147,0.771
18900,0.068,0.149,0.783
19000,0.068,0.159,0.773
19100,0.056,0.162,0.781
19200,0.069,0.142,0.789
19300,0.073,0.153,0.774
19400,0.072,0.162,0.766
19500,0.069,0.162,0.769
19600,0.068,0.148,0.784
19700,0.062,0.159,0.778
19800,0.068,0.144,0.788
19900,0.072,0.154,0.774
20000,0.069,0.161,0.770
20100,0.080,0.155,0.764
20200,0.080,0.147,0.773
20300,0.067,0.133,0.800
20400,0.077,0.120,0.803
20500,0.076,0.122,0.802
20600,0.067,0.136,0.797
20700,0.064,0.133,0.803
20800,0.068,0.133,0.800
20900,0.094,0.124,0.782
21000,0.075,0.105,0.820
21100,0.084,0.116,0.799
21200,0.080,0.112,0.807
21300,0.073,0.132,0.795
21400,0.066,0.158,0.775
21500,0.068,0.142,0.790
21600,0.064,0.147,0.789
21700,0.070,0.135,0.795
21800,0.057,0.137,0.806
21900,0.063,0.153,0.783
22000,0.061,0.142,0.797
22100,0.064,0.148,0.788
22200,0.067,0.147,0.786
22300,0.062,0.155,0.783
22400,0.060,0.143,0.797
22500,0.051,0.161,0.788
22600,0.053,0.210,0.737
22700,0.042,0.178,0.779
22800,0.044,0.182,0.774
22900,0.042,0.164,0.794
23000,0.042,0.172,0.786
23100,0.043,0.186,0.771
23200,0.045,0.204,0.751
23300,0.047,0.200,0.753
23400,0.047,0.198,0.755
23500,0.056,0.195,0.749
23600,0.058,0.186,0.756
23700,0.050,0.199,0.751
23800,0.047,0.207,0.747
23900,0.046,0.200,0.754
24000,0.045,0.177,0.778
24100,0.040,0.192,0.768
24200,0.041,0.190,0.769
24300,0.044,0.185,0.771
24400,0.042,0.193,0.764
24500,0.041,0.226,0.732
24600,0.034,0.220,0.746
24700,0.034,0.212,0.754
24800,0.041,0.201,0.758
24900,0.034,0.196,0.770
25000,0.047,0.166,0.788
25100,0.046,0.194,0.760
25200,0.040,0.196,0.764
25300,0.049,0.222,0.729
25400,0.053,0.223,0.724
25500,0.047,0.217,0.737
25600,0.056,0.192,0.751
25700,0.077,0.204,0.719
25800,0.063,0.224,0.713
25900,0.075,0.207,0.719
26000,0.059,0.222,0.719
26100,0.073,0.210,0.717
26200,0.060,0.219,0.721
26300,0.061,0.190,0.750
26400,0.058,0.193,0.750
26500,0.058,0.187,0.755
26600,0.058,0.192,0.751
26700,0.052,0.178,0.769
26800,0.047,0.182,0.771
26900,0.039,0.179,0.782
27000,0.037,0.173,0.790
27100,0.037,0.185,0.779
27200,0.040,0.187,0.773
27300,0.044,0.171,0.785
27400,0.035,0.207,0.758
27500,0.055,0.207,0.738
27600,0.065,0.203,0.732
27700,0.064,0.211,0.725
27800,0.062,0.238,0.700
27900,0.065,0.246,0.690
28000,0.061,0.229,0.710
28100,0.053,0.213,0.734
28200,0.057,0.221,0.722
28300,0.049,0.238,0.712
28400,0.045,0.224,0.731
28500,0.047,0.209,0.744
28600,0.041,0.218,0.740
28700,0.040,0.222,0.737
28800,0.043,0.267,0.690
28900,0.038,0.219,0.743
29000,0.037,0.217,0.746
29100,0.043,0.208,0.749
29200,0.047,0.222,0.731
29300,0.042,0.215,0.742
29400,0.047,0.231,0.723
29500,0.043,0.243,0.714
29600,0.043,0.219,0.737
29700,0.033,0.206,0.761
29800,0.034,0.201,0.764
29900,0.037,0.187,0.776
30000,0.040,0.185,0.775
30100,0.044,0.190,0.767
30200,0.038,0.200,0.762
30300,0.033,0.206,0.761
30400,0.038,0.208,0.754
30500,0.032,0.200,0.768
30600,0.037,0.182,0.781
30700,0.034,0.179,0.787
30800,0.033,0.187,0.780
30900,0.026,0.186,0.788
31000,0.037,0.208,0.754
31100,0.038,0.219,0.743
31200,0.038,0.221,0.740
31300,0.031,0.225,0.744
31400,0.032,0.232,0.736
31500,0.044,0.242,0.714
31600,0.027,0.236,0.737
31700,0.040,0.269,0.691
31800,0.040,0.225,0.735
31900,0.030,0.214,0.756
32000,0.047,0.235,0.718
32100,0.044,0.228,0.728
32200,0.044,0.235,0.721
32300,0.048,0.240,0.711
32400,0.045,0.236,0.719
32500,0.052,0.210,0.738
32600,0.049,0.196,0.756
32700,0.050,0.182,0.768
32800,0.056,0.173,0.771
32900,0.075,0.155,0.770
33000,0.068,0.145,0.787
33100,0.060,0.141,0.799
33200,0.062,0.148,0.790
33300,0.064,0.146,0.790
33400,0.078,0.148,0.774
33500,0.070,0.144,0.786
33600,0.070,0.142,0.788
33700,0.081,0.146,0.773
33800,0.101,0.150,0.749
33900,0.087,0.148,0.765
34000,0.086,0.146,0.768
34100,0.078,0.147,0.775
34200,0.093,0.132,0.775
34300,0.073,0.130,0.797
34400,0.066,0.140,0.793
34500,0.059,0.133,0.808
34600,0.065,0.134,0.800
34700,0.079,0.140,0.781
34800,0.071,0.138,0.791
34900,0.077,0.148,0.774
35000,0.071,0.147,0.782
35100,0.062,0.136,0.803
35200,0.063,0.125,0.812
35300,0.072,0.127,0.801
35400,0.083,0.122,0.796
35500,0.088,0.116,0.796
35600,0.083,0.126,0.792
35700,0.089,0.124,0.787
35800,0.085,0.115,0.800
35900,0.079,0.105,0.817
36000,0.077,0.094,0.829
36100,0.102,0.088,0.810
36200,0.113,0.086,0.801
36300,0.102,0.092,0.806
36400,0.101,0.097,0.803
36500,0.088,0.099,0.813
36600,0.101,0.087,0.811
36700,0.092,0.105,0.803
36800,0.095,0.097,0.808
36900,0.097,0.083,0.821
37000,0.092,0.079,0.829
37100,0.097,0.096,0.807
37200,0.108,0.098,0.795
37300,0.094,0.098,0.808
37400,0.104,0.090,0.807
37500,0.129,0.087,0.784
37600,0.130,0.080,0.790
37700,0.112,0.079,0.808
37800,0.113,0.080,0.807
37900,0.117,0.079,0.804
38000,0.123,0.072,0.805
38100,0.114,0.081,0.805
38200,0.128,0.080,0.792
38300,0.136,0.075,0.789
38400,0.125,0.075,0.800
38500,0.140,0.077,0.783
38600,0.143,0.075,0.782
38700,0.133,0.084,0.783
38800,0.127,0.080,0.793
38900,0.132,0.087,0.781
39000,0.115,0.093,0.793
39100,0.110,0.088,0.802
39200,0.102,0.098,0.800
39300,0.095,0.097,0.808
39400,0.104,0.086,0.810
39500,0.096,0.081,0.823
39600,0.101,0.091,0.808
39700,0.125,0.083,0.793
39800,0.134,0.086,0.781
39900,0.123,0.084,0.793
40000,0.107,0.083,0.811
40100,0.107,0.092,0.801
40200,0.115,0.116,0.769
40300,0.125,0.116,0.758
40400,0.109,0.095,0.796
40500,0.114,0.094,0.792
40600,0.105,0.096,0.799
40700,0.095,0.094,0.811
40800,0.123,0.093,0.783
40900,0.116,0.094,0.790
41000,0.115,0.091,0.793
41100,0.114,0.093,0.793
41200,0.130,0.100,0.771
41300,0.122,0.089,0.789
41400,0.136,0.083,0.781
41500,0.165,0.076,0.760
41600,0.169,0.073,0.758
41700,0.166,0.060,0.774
41800,0.155,0.059,0.785
41900,0.178,0.056,0.765
42000,0.179,0.059,0.762
42100,0.162,0.051,0.787
42200,0.178,0.052,0.770
42300,0.175,0.058,0.767
42400,0.171,0.062,0.768
42500,0.185,0.057,0.758
42600,0.173,0.058,0.769
42700,0.173,0.055,0.772
42800,0.149,0.051,0.800
42900,0.133,0.054,0.814
43000,0.136,0.056,0.808
43100,0.134,0.047,0.820
43200,0.122,0.061,0.817
43300,0.108,0.062,0.831
43400,0.110,0.063,0.827
43500,0.131,0.065,0.804
43600,0.144,0.066,0.790
43700,0.147,0.064,0.789
43800,0.157,0.081,0.763
43900,0.158,0.071,0.771
44000,0.165,0.076,0.760
44100,0.140,0.074,0.786
44200,0.134,0.075,0.791
44300,0.126,0.085,0.789
44400,0.148,0.080,0.772
44500,0.136,0.070,0.794
44600,0.129,0.077,0.794
44700,0.125,0.075,0.801
44800,0.109,0.080,0.810
44900,0.107,0.091,0.802
45000,0.105,0.086,0.808
45100,0.126,0.083,0.792
45200,0.132,0.079,0.789
45300,0.132,0.070,0.799
45400,0.140,0.069,0.792
45500,0.133,0.069,0.798
45600,0.130,0.067,0.803
45700,0.129,0.083,0.788
45800,0.136,0.069,0.796
45900,0.136,0.067,0.797
46000,0.136,0.065,0.799
46100,0.137,0.086,0.778
46200,0.134,0.078,0.788
46300,0.139,0.061,0.800
46400,0.130,0.055,0.814
46500,0.133,0.055,0.812
46600,0.122,0.056,0.822
46700,0.115,0.077,0.808
46800,0.139,0.065,0.796
46900,0.171,0.070,0.759
47000,0.165,0.063,0.772
47100,0.164,0.065,0.771
47200,0.150,0.072,0.778
47300,0.148,0.069,0.783
47400,0.142,0.061,0.797
47500,0.147,0.077,0.776
47600,0.140,0.078,0.782
47700,0.140,0.078,0.782
47800,0.147,0.077,0.775
47900,0.140,0.079,0.781
48000,0.133,0.070,0.797
48100,0.143,0.079,0.778
48200,0.136,0.076,0.788
48300,0.139,0.063,0.797
48400,0.152,0.062,0.786
48500,0.154,0.062,0.784
48600,0.147,0.057,0.796
48700,0.130,0.052,0.818
48800,0.165,0.054,0.782
48900,0.179,0.045,0.776
49000,0.176,0.043,0.781
49100,0.180,0.044,0.776
49200,0.173,0.052,0.775
49300,0.171,0.048,0.782
49400,0.173,0.044,0.783
49500,0.161,0.046,0.793
49600,0.166,0.039,0.795
49700,0.169,0.045,0.786
49800,0.176,0.045,0.778
49900,0.165,0.040,0.796
50000,0.172,0.041,0.787
50100,0.178,0.042,0.780
50200,0.163,0.054,0.783
50300,0.151,0.064,0.785
50400,0.151,0.070,0.779
50500,0.148,0.087,0.765
50600,0.151,0.081,0.768
50700,0.157,0.069,0.775
50800,0.148,0.068,0.784
50900,0.153,0.072,0.775
51000,0.140,0.072,0.789
51100,0.127,0.073,0.800
51200,0.128,0.075,0.797
51300,0.122,0.105,0.772
51400,0.125,0.094,0.782
51500,0.130,0.084,0.786
51600,0.123,0.088,0.789
51700,0.123,0.077,0.800
51800,0.129,0.076,0.795
51900,0.147,0.068,0.786
52000,0.154,0.073,0.772
52100,0.155,0.083,0.762
52200,0.149,0.077,0.774
52300,0.134,0.086,0.779
52400,0.140,0.095,0.765
52500,0.126,0.093,0.782
52600,0.129,0.092,0.779
52700,0.121,0.088,0.790
52800,0.125,0.099,0.776
52900,0.132,0.090,0.778
53000,0.129,0.095,0.776
53100,0.115,0.080,0.805
53200,0.124,0.077,0.799
53300,0.116,0.081,0.802
53400,0.115,0.069,0.815
53500,0.116,0.074,0.810
53600,0.125,0.069,0.806
53700,0.114,0.070,0.816
53800,0.097,0.092,0.811
53900,0.087,0.110,0.803
54000,0.091,0.113,0.796
54100,0.093,0.114,0.793
54200,0.108,0.102,0.789
54300,0.095,0.105,0.800
54400,0.090,0.117,0.793
54500,0.088,0.117,0.795
54600,0.094,0.109,0.796
54700,0.085,0.119,0.796
54800,0.077,0.127,0.796
54900,0.078,0.107,0.815
55000,0.078,0.127,0.795
55100,0.097,0.129,0.774
55200,0.087,0.118,0.796
55300,0.083,0.108,0.809
55400,0.088,0.122,0.790
55500,0.084,0.127,0.789
55600,0.079,0.136,0.785
55700,0.086,0.139,0.776
55800,0.074,0.127,0.799
55900,0.069,0.122,0.808
56000,0.066,0.114,0.821
56100,0.076,0.098,0.825
56200,0.089,0.114,0.797
56300,0.079,0.120,0.802
56400,0.080,0.141,0.779
56500,0.078,0.160,0.762
56600,0.064,0.154,0.782
56700,0.069,0.144,0.788
56800,0.070,0.160,0.770
56900,0.062,0.161,0.778
57000,0.072,0.167,0.761
57100,0.077,0.164,0.760
57200,0.070,0.162,0.768
57300,0.070,0.170,0.760
57400,0.061,0.165,0.774
57500,0.051,0.166,0.783
57600,0.051,0.182,0.767
57700,0.049,0.146,0.805
57800,0.053,0.137,0.810
57900,0.040,0.159,0.801
58000,0.040,0.152,0.808
58100,0.040,0.146,0.814
58200,0.045,0.157,0.798
58300,0.048,0.139,0.813
58400,0.052,0.133,0.814
58500,0.075,0.141,0.785
58600,0.070,0.135,0.795
58700,0.083,0.145,0.772
58800,0.074,0.141,0.785
58900,0.079,0.150,0.771
59000,0.077,0.146,0.776
59100,0.076,0.161,0.764
59200,0.088,0.143,0.768
59300,0.083,0.153,0.764
59400,0.066,0.148,0.785
59500,0.064,0.148,0.788
59600,0.064,0.128,0.808
59700,0.061,0.144,0.796
59800,0.058,0.140,0.802
59900,0.067,0.130,0.803
60000,0.059,0.123,0.818
60100,0.059,0.136,0.804
60200,0.073,0.147,0.780
60300,0.087,0.136,0.777
60400,0.081,0.135,0.783
60500,0.077,0.144,0.779
60600,0.080,0.150,0.771
60700,0.080,0.136,0.784
60800,0.070,0.145,0.785
60900,0.075,0.141,0.784
61000,0.074,0.136,0.790
61100,0.067,0.128,0.805
61200,0.075,0.119,0.806
61300,0.069,0.125,0.807
61400,0.075,0.144,0.782
61500,0.067,0.155,0.778
61600,0.066,0.175,0.759
61700,0.055,0.179,0.765
61800,0.054,0.194,0.752
61900,0.048,0.193,0.760
62000,0.049,0.185,0.767
62100,0.051,0.202,0.747
62200,0.051,0.194,0.755
62300,0.042,0.194,0.764
62400,0.040,0.198,0.761
62500,0.042,0.208,0.750
62600,0.044,0.197,0.759
62700,0.048,0.181,0.771
62800,0.051,0.161,0.788
62900,0.045,0.154,0.801
63000,0.047,0.141,0.812
63100,0.059,0.142,0.799
63200,0.053,0.138,0.809
63300,0.057,0.143,0.800
63400,0.057,0.171,0.772
63500,0.062,0.138,0.800
63600,0.065,0.125,0.810
63700,0.081,0.118,0.802
63800,0.101,0.114,0.786
63900,0.121,0.103,0.776
64000,0.131,0.090,0.779
64100,0.133,0.077,0.789
64200,0.124,0.085,0.791
64300,0.110,0.075,0.815
64400,0.122,0.075,0.803
64500,0.116,0.080,0.804
64600,0.146,0.073,0.782
64700,0.149,0.075,0.776
64800,0.153,0.068,0.779
64900,0.145,0.063,0.792
65000,0.134,0.060,0.806
65100,0.159,0.057,0.783
65200,0.169,0.077,0.754
65300,0.172,0.071,0.757
65400,0.179,0.069,0.752
65500,0.179,0.069,0.752
65600,0.176,0.063,0.760
65700,0.189,0.069,0.742
65800,0.180,0.063,0.757
65900,0.148,0.062,0.789
66000,0.149,0.076,0.775
66100,0.152,0.077,0.771
66200,0.155,0.079,0.766
66300,0.159,0.081,0.760
66400,0.134,0.081,0.784
66500,0.130,0.085,0.785
66600,0.152,0.071,0.777
66700,0.157,0.068,0.775
66800,0.147,0.062,0.791
66900,0.144,0.058,0.798
67000,0.164,0.057,0.779
67100,0.182,0.059,0.759
67200,0.167,0.054,0.779
67300,0.165,0.057,0.778
67400,0.165,0.065,0.769
67500,0.167,0.055,0.778
67600,0.150,0.069,0.781
67700,0.166,0.056,0.778
67800,0.154,0.051,0.795
67900,0.162,0.052,0.786
68000,0.179,0.065,0.756
68100,0.165,0.061,0.774
68200,0.168,0.061,0.771
68300,0.146,0.062,0.792
68400,0.153,0.053,0.795
68500,0.151,0.046,0.803
68600,0.167,0.045,0.788
68700,0.161,0.045,0.793
68800,0.153,0.044,0.803
68900,0.153,0.044,0.803
69000,0.143,0.043,0.814
69100,0.131,0.050,0.819
69200,0.117,0.061,0.822
69300,0.127,0.056,0.817
69400,0.141,0.051,0.808
69500,0.145,0.053,0.802
69600,0.141,0.053,0.806
69700,0.127,0.049,0.824
69800,0.119,0.052,0.829
69900,0.116,0.052,0.832
70000,0.119,0.045,0.836
70100,0.146,0.054,0.801
70200,0.148,0.054,0.798
70300,0.133,0.058,0.809
70400,0.150,0.068,0.782
70500,0.138,0.054,0.808
70600,0.151,0.053,0.796
70700,0.129,0.068,0.803
70800,0.137,0.060,0.803
70900,0.129,0.055,0.816
71000,0.129,0.050,0.821
71100,0.125,0.062,0.813
71200,0.120,0.072,0.807
71300,0.111,0.086,0.803
71400,0.110,0.086,0.804
71500,0.100,0.077,0.822
71600,0.097,0.078,0.825
71700,0.106,0.081,0.813
71800,0.103,0.080,0.817
71900,0.109,0.086,0.805
72000,0.119,0.075,0.806
72100,0.134,0.064,0.802
72200,0.123,0.067,0.810
72300,0.122,0.063,0.815
72400,0.137,0.071,0.792
72500,0.143,0.063,0.795
72600,0.137,0.058,0.806
72700,0.144,0.051,0.804
72800,0.126,0.058,0.816
72900,0.146,0.063,0.791
73000,0.131,0.058,0.811
73100,0.150,0.052,0.799
73200,0.156,0.050,0.794
73300,0.155,0.049,0.795
73400,0.140,0.060,0.800
73500,0.146,0.056,0.799
73600,0.143,0.054,0.803
73700,0.158,0.052,0.790
73800,0.173,0.047,0.780
73900,0.169,0.054,0.777
74000,0.156,0.053,0.791
74100,0.150,0.045,0.805
74200,0.148,0.047,0.804
74300,0.137,0.052,0.811
74400,0.145,0.049,0.806
74500,0.141,0.055,0.804
74600,0.134,0.054,0.812
74700,0.129,0.062,0.809
74800,0.123,0.061,0.816
74900,0.109,0.091,0.800
75000,0.114,0.078,0.808
75100,0.108,0.098,0.793
75200,0.095,0.089,0.815
75300,0.088,0.094,0.817
75400,0.079,0.100,0.822
75500,0.078,0.111,0.811
75600,0.083,0.111,0.806
75700,0.107,0.095,0.797
75800,0.110,0.093,0.797
75900,0.104,0.099,0.797
76000,0.098,0.103,0.799
76100,0.134,0.090,0.776
76200,0.107,0.094,0.799
76300,0.111,0.101,0.788
76400,0.108,0.104,0.788
76500,0.117,0.093,0.790
76600,0.133,0.089,0.778
76700,0.120,0.098,0.781
76800,0.111,0.079,0.810
76900,0.115,0.073,0.813
77000,0.111,0.075,0.814
77100,0.112,0.075,0.813
77200,0.114,0.064,0.822
77300,0.131,0.065,0.804
77400,0.133,0.067,0.800
77500,0.126,0.069,0.805
77600,0.145,0.069,0.786
77700,0.154,0.064,0.782
77800,0.164,0.054,0.783
77900,0.165,0.054,0.781
78000,0.170,0.057,0.773
78100,0.176,0.047,0.778
78200,0.166,0.047,0.788
78300,0.169,0.047,0.785
78400,0.169,0.048,0.783
78500,0.169,0.049,0.782
78600,0.171,0.055,0.774
78700,0.171,0.048,0.781
78800,0.165,0.048,0.787
78900,0.162,0.050,0.788
79000,0.168,0.052,0.779
79100,0.151,0.048,0.801
79200,0.140,0.048,0.811
79300,0.140,0.040,0.820
79400,0.146,0.034,0.820
79500,0.151,0.062,0.788
79600,0.124,0.054,0.822
79700,0.125,0.056,0.820
79800,0.118,0.056,0.826
79900,0.132,0.070,0.798
80000,0.144,0.059,0.796
80100,0.139,0.062,0.799
80200,0.129,0.070,0.802
80300,0.129,0.077,0.793
80400,0.148,0.077,0.775
80500,0.143,0.080,0.778
80600,0.141,0.068,0.791
80700,0.147,0.065,0.788
80800,0.155,0.061,0.784
80900,0.149,0.063,0.788
81000,0.141,0.066,0.793
81100,0.153,0.072,0.775
81200,0.147,0.063,0.789
81300,0.149,0.062,0.789
81400,0.151,0.059,0.789
81500,0.153,0.069,0.778
81600,0.136,0.062,0.802
81700,0.125,0.062,0.813
81800,0.140,0.071,0.789
81900,0.141,0.062,0.797
82000,0.133,0.081,0.785
82100,0.152,0.075,0.774
82200,0.168,0.062,0.771
82300,0.151,0.056,0.793
82400,0.140,0.062,0.799
82500,0.157,0.063,0.780
82600,0.162,0.065,0.774
82700,0.165,0.065,0.769
82800,0.164,0.061,0.775
82900,0.153,0.061,0.787
83000,0.166,0.069,0.764
83100,0.162,0.069,0.769
83200,0.171,0.072,0.757
83300,0.175,0.073,0.753
83400,0.161,0.080,0.759
83500,0.146,0.072,0.782
83600,0.129,0.073,0.798
83700,0.123,0.070,0.807
83800,0.130,0.074,0.796
83900,0.125,0.097,0.778
84000,0.129,0.086,0.785
84100,0.124,0.083,0.793
84200,0.106,0.082,0.812
84300,0.113,0.065,0.822
84400,0.106,0.083,0.811
84500,0.126,0.070,0.804
84600,0.120,0.074,0.806
84700,0.126,0.065,0.808
84800,0.117,0.062,0.821
84900,0.142,0.068,0.790
85000,0.141,0.061,0.799
85100,0.137,0.060,0.803
85200,0.156,0.059,0.785
85300,0.147,0.057,0.796
85400,0.157,0.046,0.797
85500,0.154,0.048,0.799
85600,0.167,0.045,0.788
85700,0.178,0.038,0.784
85800,0.183,0.042,0.775
85900,0.163,0.038,0.799
86000,0.149,0.038,0.813
86100,0.146,0.033,0.822
86200,0.133,0.051,0.816
86300,0.136,0.060,0.804
86400,0.114,0.058,0.829
86500,0.144,0.055,0.800
86600,0.176,0.050,0.774
86700,0.166,0.054,0.780
86800,0.148,0.049,0.803
86900,0.180,0.051,0.769
87000,0.166,0.047,0.786
87100,0.167,0.045,0.788
87200,0.175,0.043,0.782
87300,0.207,0.049,0.744
87400,0.207,0.038,0.756
87500,0.189,0.032,0.779
87600,0.189,0.051,0.760
87700,0.185,0.042,0.772
87800,0.184,0.047,0.769
87900,0.182,0.047,0.771
88000,0.180,0.037,0.783
88100,0.178,0.041,0.781
88200,0.172,0.036,0.792
88300,0.169,0.033,0.798
88400,0.168,0.038,0.794
88500,0.185,0.043,0.772
88600,0.173,0.037,0.790
88700,0.183,0.053,0.764
88800,0.173,0.051,0.776
88900,0.158,0.049,0.793
89000,0.158,0.046,0.796
89100,0.158,0.047,0.796
89200,0.143,0.047,0.810
89300,0.150,0.044,0.807
89400,0.162,0.037,0.800
89500,0.195,0.036,0.769
89600,0.209,0.029,0.762
89700,0.204,0.032,0.764
89800,0.191,0.042,0.767
89900,0.195,0.046,0.759
90000,0.190,0.045,0.764
90100,0.199,0.045,0.756
90200,0.173,0.046,0.781
90300,0.165,0.039,0.796
90400,0.165,0.041,0.794
90500,0.173,0.040,0.787
90600,0.169,0.045,0.785
90700,0.155,0.048,0.797
90800,0.159,0.047,0.794
90900,0.157,0.042,0.802
91000,0.157,0.036,0.807
91100,0.136,0.038,0.825
91200,0.158,0.033,0.809
91300,0.143,0.036,0.821
91400,0.148,0.041,0.810
91500,0.159,0.037,0.804
91600,0.189,0.040,0.771
91700,0.181,0.034,0.785
91800,0.188,0.041,0.771
91900,0.169,0.048,0.783
92000,0.190,0.039,0.771
92100,0.165,0.036,0.800
92200,0.157,0.030,0.813
92300,0.145,0.050,0.805
92400,0.146,0.049,0.806
92500,0.140,0.055,0.804
92600,0.149,0.061,0.790
92700,0.148,0.061,0.791
92800,0.157,0.058,0.785
92900,0.158,0.059,0.782
93000,0.144,0.042,0.814
93100,0.142,0.041,0.817
93200,0.168,0.048,0.784
93300,0.172,0.037,0.792
93400,0.181,0.039,0.780
93500,0.170,0.033,0.797
93600,0.190,0.030,0.779
93700,0.168,0.031,0.800
93800,0.172,0.028,0.800
93900,0.158,0.024,0.818
94000,0.152,0.031,0.817
94100,0.155,0.031,0.814
94200,0.161,0.041,0.798
94300,0.168,0.048,0.785
94400,0.165,0.042,0.793
94500,0.158,0.043,0.799
94600,0.135,0.040,0.825
94700,0.132,0.045,0.824
94800,0.141,0.049,0.810
94900,0.132,0.049,0.819
95000,0.139,0.039,0.822
95100,0.120,0.047,0.832
95200,0.146,0.044,0.811
95300,0.140,0.066,0.794
95400,0.127,0.061,0.811
95500,0.118,0.069,0.814
95600,0.113,0.071,0.816
95700,0.100,0.097,0.804
95800,0.102,0.087,0.811
95900,0.119,0.075,0.806
96000,0.119,0.081,0.800
96100,0.095,0.101,0.804
96200,0.104,0.100,0.796
96300,0.094,0.093,0.813
96400,0.114,0.088,0.799
96500,0.107,0.085,0.808
96600,0.103,0.083,0.814
96700,0.098,0.076,0.826
96800,0.087,0.077,0.836
96900,0.087,0.069,0.843
97000,0.098,0.070,0.832
97100,0.091,0.083,0.827
97200,0.087,0.096,0.817
97300,0.081,0.089,0.829
97400,0.081,0.093,0.827
97500,0.075,0.109,0.817
97600,0.076,0.095,0.829
97700,0.077,0.108,0.815
97800,0.081,0.104,0.815
97900,0.073,0.093,0.834
98000,0.075,0.120,0.805
98100,0.090,0.125,0.785
98200,0.089,0.121,0.790
98300,0.095,0.108,0.796
98400,0.091,0.105,0.804
98500,0.101,0.094,0.804
98600,0.084,0.113,0.803
98700,0.093,0.105,0.803
98800,0.098,0.111,0.790
98900,0.096,0.109,0.795
99000,0.101,0.122,0.777
99100,0.098,0.118,0.784
99200,0.090,0.131,0.779
99300,0.090,0.124,0.786
99400,0.084,0.125,0.791
99500,0.076,0.146,0.779
99600,0.064,0.156,0.780
99700,0.062,0.153,0.785
99800,0.061,0.162,0.777
99900,0.062,0.146,0.792
100000,0.057,0.142,0.801
