time,n_A+p,n_B,n_AB
100,0.417,0.502,0.081
200,0.354,0.471,0.174
300,0.338,0.417,0.246
400,0.310,0.400,0.290
500,0.323,0.392,0.285
600,0.303,0.385,0.312
700,0.299,0.363,0.338
800,0.295,0.368,0.338
900,0.259,0.352,0.389
1000,0.276,0.356,0.367
1100,0.264,0.339,0.396
1200,0.237,0.365,0.398
1300,0.250,0.347,0.403
1400,0.248,0.342,0.410
1500,0.242,0.335,0.424
1600,0.242,0.339,0.419
1700,0.233,0.360,0.407
1800,0.211,0.342,0.447
1900,0.229,0.342,0.430
2000,0.222,0.327,0.452
2100,0.237,0.310,0.453
2200,0.261,0.296,0.442
2300,0.266,0.287,0.447
2400,0.265,0.286,0.449
2500,0.280,0.271,0.449
2600,0.260,0.280,0.460
2700,0.295,0.262,0.443
2800,0.268,0.244,0.488
2900,0.310,0.242,0.449
3000,0.291,0.258,0.451
3100,0.273,0.236,0.491
3200,0.267,0.250,0.484
3300,0.236,0.239,0.524
3400,0.242,0.233,0.525
3500,0.258,0.240,0.502
3600,0.249,0.247,0.504
3700,0.256,0.273,0.471
3800,0.247,0.253,0.499
3900,0.249,0.266,0.485
4000,0.267,0.249,0.484
4100,0.247,0.246,0.508
4200,0.263,0.229,0.508
4300,0.259,0.226,0.515
4400,0.263,0.251,0.486
4500,0.267,0.235,0.498
4600,0.286,0.230,0.484
4700,0.277,0.215,0.508
4800,0.255,0.209,0.536
4900,0.256,0.206,0.538
5000,0.273,0.201,0.526
5100,0.286,0.190,0.524
5200,0.292,0.202,0.506
5300,0.302,0.186,0.512
5400,0.295,0.185,0.521
5500,0.303,0.176,0.520
5600,0.310,0.178,0.512
5700,0.332,0.181,0.487
5800,0.289,0.192,0.519
5900,0.288,0.192,0.520
6000,0.298,0.166,0.536
6100,0.317,0.186,0.497
6200,0.320,0.193,0.488
6300,0.306,0.197,0.498
6400,0.307,0.194,0.499
6500,0.303,0.182,0.515
6600,0.310,0.183,0.507
6700,0.296,0.198,0.506
6800,0.314,0.194,0.492
6900,0.299,0.189,0.513
7000,0.283,0.187,0.530
7100,0.303,0.186,0.511
7200,0.313,0.191,0.497
7300,0.304,0.185,0.511
7400,0.281,0.201,0.519
7500,0.269,0.205,0.526
7600,0.271,0.217,0.512
7700,0.294,0.184,0.522
7800,0.305,0.166,0.529
7900,0.328,0.156,0.516
8000,0.318,0.181,0.501
8100,0.345,0.181,0.474
8200,0.331,0.172,0.497
8300,0.331,0.192,0.478
8400,0.306,0.228,0.466
8500,0.289,0.233,0.478
8600,0.288,0.243,0.470
8700,0.302,0.249,0.449
8800,0.270,0.268,0.462
8900,0.297,0.246,0.458
9000,0.281,0.250,0.469
9100,0.281,0.230,0.489
9200,0.279,0.204,0.516
9300,0.271,0.218,0.511
9400,0.241,0.215,0.544
9500,0.277,0.205,0.517
9600,0.298,0.192,0.510
9700,0.305,0.196,0.499
9800,0.296,0.198,0.505
9900,0.282,0.214,0.504
10000,0.297,0.218,0.485
10100,0.286,0.198,0.516
10200,0.269,0.198,0.533
10300,0.306,0.206,0.488
10400,0.298,0.197,0.505
10500,0.343,0.198,0.459
10600,0.324,0.192,0.484
10700,0.331,0.204,0.466
10800,0.342,0.210,0.449
10900,0.308,0.241,0.451
11000,0.300,0.250,0.449
11100,0.288,0.265,0.448
11200,0.268,0.269,0.462
11300,0.256,0.260,0.484
11400,0.257,0.265,0.478
11500,0.263,0.261,0.476
11600,0.256,0.253,0.491
11700,0.221,0.267,0.512
11800,0.236,0.271,0.494
11900,0.242,0.262,0.496
12000,0.264,0.240,0.496
12100,0.246,0.250,0.503
12200,0.248,0.279,0.473
12300,0.242,0.267,0.492
12400,0.215,0.259,0.526
12500,0.208,0.261,0.531
12600,0.210,0.253,0.537
12700,0.214,0.236,0.549
12800,0.202,0.238,0.560
12900,0.192,0.260,0.548
13000,0.203,0.257,0.541
13100,0.208,0.255,0.537
13200,0.200,0.262,0.538
13300,0.192,0.273,0.535
13400,0.198,0.267,0.535
13500,0.217,0.250,0.533
13600,0.238,0.231,0.531
13700,0.276,0.210,0.515
13800,0.268,0.206,0.526
13900,0.250,0.248,0.502
14000,0.253,0.243,0.503
14100,0.239,0.243,0.518
14200,0.234,0.232,0.534
14300,0.239,0.228,0.533
14400,0.235,0.232,0.533
14500,0.266,0.204,0.530
14600,0.264,0.201,0.536
14700,0.293,0.202,0.505
14800,0.288,0.200,0.512
14900,0.281,0.185,0.534
15000,0.265,0.178,0.558
15100,0.254,0.207,0.539
15200,0.271,0.192,0.537
15300,0.266,0.218,0.516
15400,0.264,0.222,0.513
15500,0.290,0.197,0.513
15600,0.312,0.215,0.473
15700,0.294,0.247,0.459
15800,0.317,0.213,0.470
15900,0.285,0.207,0.508
16000,0.297,0.200,0.503
16100,0.295,0.210,0.495
16200,0.289,0.200,0.511
16300,0.275,0.200,0.525
16400,0.281,0.210,0.509
16500,0.285,0.213,0.502
16600,0.274,0.214,0.512
16700,0.270,0.233,0.497
16800,0.246,0.237,0.517
16900,0.246,0.253,0.502
17000,0.237,0.287,0.476
17100,0.229,0.279,0.492
17200,0.221,0.275,0.503
17300,0.255,0.291,0.454
17400,0.274,0.264,0.462
17500,0.237,0.269,0.494
17600,0.240,0.258,0.502
17700,0.248,0.251,0.501
17800,0.244,0.265,0.491
17900,0.225,0.264,0.511
18000,0.228,0.260,0.512
18100,0.216,0.261,0.523
18200,0.239,0.251,0.509
18300,0.220,0.283,0.497
18400,0.217,0.256,0.527
18500,0.207,0.251,0.542
18600,0.228,0.241,0.531
18700,0.248,0.226,0.526
18800,0.268,0.203,0.530
18900,0.256,0.212,0.533
19000,0.235,0.253,0.512
19100,0.252,0.235,0.513
19200,0.267,0.228,0.505
19300,0.288,0.210,0.502
19400,0.280,0.211,0.509
19500,0.286,0.192,0.522
19600,0.294,0.189,0.517
19700,0.303,0.178,0.519
19800,0.302,0.176,0.522
19900,0.329,0.150,0.521
20000,0.326,0.150,0.524
20100,0.321,0.154,0.526
20200,0.343,0.169,0.488
20300,0.315,0.203,0.482
20400,0.284,0.210,0.506
20500,0.268,0.194,0.537
20600,0.269,0.175,0.556
20700,0.252,0.205,0.542
20800,0.226,0.229,0.544
20900,0.237,0.199,0.564
21000,0.257,0.174,0.569
21100,0.253,0.186,0.562
21200,0.244,0.178,0.579
21300,0.245,0.190,0.565
21400,0.223,0.225,0.552
21500,0.229,0.219,0.551
21600,0.274,0.215,0.512
21700,0.230,0.244,0.526
21800,0.214,0.243,0.543
21900,0.244,0.225,0.530
22000,0.228,0.249,0.524
22100,0.228,0.257,0.515
22200,0.227,0.273,0.500
22300,0.239,0.258,0.502
22400,0.245,0.242,0.513
22500,0.239,0.234,0.527
22600,0.233,0.230,0.537
22700,0.212,0.228,0.560
22800,0.197,0.248,0.555
22900,0.197,0.271,0.532
23000,0.195,0.303,0.502
23100,0.226,0.275,0.499
23200,0.225,0.242,0.533
23300,0.243,0.224,0.533
23400,0.276,0.191,0.533
23500,0.296,0.177,0.527
23600,0.268,0.176,0.556
23700,0.257,0.196,0.547
23800,0.261,0.199,0.540
23900,0.262,0.190,0.548
24000,0.266,0.218,0.516
24100,0.247,0.251,0.502
24200,0.255,0.221,0.524
24300,0.273,0.221,0.506
24400,0.241,0.212,0.547
24500,0.246,0.211,0.543
24600,0.274,0.218,0.509
24700,0.252,0.232,0.516
24800,0.282,0.242,0.476
24900,0.281,0.231,0.488
25000,0.295,0.232,0.474
25100,0.296,0.221,0.483
25200,0.275,0.247,0.478
25300,0.270,0.236,0.494
25400,0.295,0.225,0.480
25500,0.295,0.236,0.469
25600,0.273,0.246,0.481
25700,0.291,0.247,0.462
25800,0.287,0.238,0.475
25900,0.279,0.251,0.470
26000,0.280,0.263,0.458
26100,0.283,0.248,0.469
26200,0.255,0.271,0.474
26300,0.263,0.277,0.460
26400,0.277,0.251,0.471
26500,0.233,0.264,0.503
26600,0.242,0.280,0.478
26700,0.240,0.300,0.460
26800,0.260,0.261,0.478
26900,0.270,0.244,0.486
27000,0.247,0.237,0.516
27100,0.254,0.243,0.503
27200,0.232,0.260,0.508
27300,0.215,0.277,0.508
27400,0.184,0.332,0.484
27500,0.199,0.326,0.475
27600,0.201,0.289,0.509
27700,0.198,0.270,0.531
27800,0.203,0.279,0.518
27900,0.229,0.262,0.509
28000,0.240,0.256,0.505
28100,0.274,0.255,0.471
28200,0.253,0.260,0.488
28300,0.246,0.269,0.484
28400,0.254,0.265,0.481
28500,0.275,0.251,0.473
28600,0.269,0.255,0.476
28700,0.262,0.279,0.459
28800,0.275,0.283,0.441
28900,0.258,0.302,0.441
29000,0.260,0.302,0.438
29100,0.240,0.293,0.467
29200,0.218,0.263,0.519
29300,0.197,0.283,0.520
29400,0.187,0.292,0.522
29500,0.189,0.297,0.513
29600,0.209,0.281,0.510
29700,0.198,0.286,0.516
29800,0.194,0.290,0.516
29900,0.215,0.311,0.473
30000,0.231,0.295,0.474
30100,0.233,0.295,0.472
30200,0.212,0.300,0.488
30300,0.215,0.290,0.495
30400,0.201,0.283,0.516
30500,0.215,0.276,0.509
30600,0.211,0.285,0.505
30700,0.175,0.311,0.513
30800,0.189,0.273,0.538
30900,0.200,0.281,0.519
31000,0.190,0.310,0.499
31100,0.203,0.319,0.478
31200,0.222,0.271,0.508
31300,0.236,0.262,0.502
31400,0.232,0.250,0.517
31500,0.226,0.269,0.505
31600,0.246,0.261,0.494
31700,0.224,0.272,0.504
31800,0.194,0.281,0.526
31900,0.208,0.269,0.522
32000,0.201,0.254,0.545
32100,0.233,0.251,0.516
32200,0.231,0.264,0.505
32300,0.206,0.288,0.506
32400,0.204,0.306,0.490
32500,0.182,0.364,0.454
32600,0.166,0.342,0.492
32700,0.151,0.386,0.463
32800,0.130,0.384,0.485
32900,0.127,0.384,0.489
33000,0.150,0.370,0.480
33100,0.147,0.392,0.461
33200,0.146,0.392,0.463
33300,0.163,0.363,0.474
33400,0.164,0.345,0.491
33500,0.163,0.362,0.475
33600,0.160,0.368,0.472
33700,0.155,0.346,0.499
33800,0.143,0.346,0.512
33900,0.153,0.338,0.509
34000,0.153,0.340,0.508
34100,0.162,0.325,0.513
34200,0.129,0.354,0.517
34300,0.147,0.361,0.491
34400,0.190,0.329,0.481
34500,0.198,0.320,0.482
34600,0.180,0.331,0.490
34700,0.192,0.325,0.483
34800,0.166,0.329,0.504
34900,0.165,0.346,0.489
35000,0.168,0.343,0.488
35100,0.173,0.324,0.503
35200,0.206,0.321,0.473
35300,0.213,0.329,0.458
35400,0.201,0.334,0.466
35500,0.210,0.329,0.461
35600,0.214,0.324,0.462
35700,0.196,0.318,0.485
35800,0.176,0.310,0.514
35900,0.192,0.299,0.509
36000,0.184,0.292,0.524
36100,0.183,0.285,0.532
36200,0.208,0.288,0.503
36300,0.233,0.257,0.510
36400,0.238,0.271,0.491
36500,0.231,0.258,0.510
36600,0.237,0.270,0.493
36700,0.282,0.242,0.476
36800,0.274,0.250,0.477
36900,0.247,0.251,0.501
37000,0.264,0.234,0.502
37100,0.251,0.256,0.494
37200,0.253,0.251,0.496
37300,0.237,0.243,0.520
37400,0.231,0.240,0.529
37500,0.216,0.252,0.532
37600,0.245,0.234,0.521
37700,0.238,0.243,0.519
37800,0.244,0.242,0.513
37900,0.204,0.250,0.546
38000,0.219,0.246,0.535
38100,0.185,0.260,0.555
38200,0.189,0.278,0.534
38300,0.173,0.271,0.556
38400,0.170,0.242,0.588
38500,0.176,0.238,0.586
38600,0.182,0.215,0.604
38700,0.199,0.212,0.589
38800,0.198,0.212,0.590
38900,0.216,0.214,0.570
39000,0.243,0.218,0.539
39100,0.225,0.234,0.541
39200,0.240,0.249,0.511
39300,0.234,0.254,0.512
39400,0.212,0.267,0.521
39500,0.231,0.257,0.512
39600,0.230,0.269,0.501
39700,0.223,0.280,0.497
39800,0.210,0.277,0.513
39900,0.220,0.267,0.513
40000,0.258,0.246,0.495
40100,0.248,0.244,0.508
40200,0.242,0.228,0.530
40300,0.253,0.248,0.499
40400,0.233,0.258,0.509
40500,0.234,0.254,0.512
40600,0.238,0.265,0.497
40700,0.240,0.297,0.463
40800,0.232,0.274,0.494
40900,0.214,0.277,0.509
41000,0.239,0.276,0.485
41100,0.264,0.226,0.510
41200,0.239,0.229,0.532
41300,0.222,0.214,0.563
41400,0.204,0.242,0.554
41500,0.188,0.261,0.551
41600,0.201,0.275,0.524
41700,0.240,0.276,0.483
41800,0.228,0.274,0.498
41900,0.225,0.267,0.508
42000,0.218,0.271,0.511
42100,0.213,0.249,0.538
42200,0.243,0.245,0.512
42300,0.211,0.290,0.498
42400,0.215,0.291,0.494
42500,0.204,0.292,0.505
42600,0.180,0.286,0.534
42700,0.190,0.303,0.507
42800,0.179,0.296,0.525
42900,0.207,0.290,0.503
43000,0.205,0.284,0.510
43100,0.216,0.259,0.525
43200,0.224,0.261,0.515
43300,0.208,0.314,0.478
43400,0.215,0.311,0.473
43500,0.200,0.329,0.471
43600,0.189,0.325,0.485
43700,0.179,0.337,0.484
43800,0.210,0.307,0.483
43900,0.214,0.299,0.488
44000,0.203,0.283,0.514
44100,0.201,0.267,0.532
44200,0.201,0.256,0.544
44300,0.198,0.272,0.529
44400,0.218,0.263,0.519
44500,0.221,0.286,0.494
44600,0.224,0.300,0.476
44700,0.214,0.295,0.492
44800,0.203,0.275,0.522
44900,0.205,0.313,0.482
45000,0.210,0.295,0.496
45100,0.225,0.293,0.481
45200,0.208,0.278,0.515
45300,0.208,0.259,0.533
45400,0.205,0.235,0.559
45500,0.200,0.240,0.561
45600,0.208,0.253,0.538
45700,0.201,0.261,0.537
45800,0.209,0.258,0.533
45900,0.232,0.279,0.489
46000,0.239,0.274,0.487
46100,0.250,0.274,0.477
46200,0.229,0.292,0.480
46300,0.227,0.282,0.491
46400,0.204,0.284,0.512
46500,0.175,0.268,0.556
46600,0.192,0.260,0.549
46700,0.196,0.269,0.534
46800,0.189,0.289,0.522
46900,0.183,0.288,0.529
47000,0.187,0.263,0.550
47100,0.205,0.247,0.547
47200,0.250,0.231,0.519
47300,0.251,0.221,0.527
47400,0.269,0.210,0.520
47500,0.271,0.197,0.532
47600,0.279,0.191,0.530
47700,0.299,0.193,0.508
47800,0.286,0.200,0.514
47900,0.273,0.212,0.515
48000,0.258,0.216,0.526
48100,0.269,0.207,0.524
48200,0.272,0.231,0.497
48300,0.263,0.209,0.529
48400,0.249,0.220,0.531
48500,0.263,0.203,0.534
48600,0.297,0.176,0.526
48700,0.310,0.172,0.518
48800,0.285,0.169,0.546
48900,0.302,0.152,0.546
49000,0.300,0.166,0.534
49100,0.304,0.153,0.543
49200,0.338,0.147,0.516
49300,0.311,0.175,0.513
49400,0.312,0.153,0.535
49500,0.303,0.134,0.563
49600,0.283,0.154,0.563
49700,0.282,0.154,0.563
49800,0.280,0.175,0.545
49900,0.271,0.170,0.559
50000,0.239,0.193,0.568
50100,0.253,0.186,0.562
50200,0.292,0.183,0.526
50300,0.297,0.187,0.515
50400,0.326,0.187,0.487
50500,0.311,0.203,0.486
50600,0.329,0.197,0.474
50700,0.342,0.213,0.445
50800,0.329,0.215,0.455
50900,0.300,0.261,0.439
51000,0.303,0.263,0.434
51100,0.289,0.252,0.459
51200,0.277,0.244,0.479
51300,0.283,0.239,0.478
51400,0.302,0.210,0.489
51500,0.286,0.257,0.457
51600,0.288,0.257,0.455
51700,0.298,0.244,0.458
51800,0.306,0.221,0.473
51900,0.288,0.250,0.462
52000,0.285,0.237,0.477
52100,0.314,0.229,0.457
52200,0.318,0.207,0.475
52300,0.312,0.190,0.498
52400,0.320,0.180,0.501
52500,0.321,0.180,0.498
52600,0.339,0.165,0.496
52700,0.371,0.166,0.463
52800,0.385,0.162,0.452
52900,0.356,0.154,0.491
53000,0.364,0.150,0.486
53100,0.372,0.141,0.487
53200,0.380,0.126,0.495
53300,0.383,0.147,0.470
53400,0.378,0.182,0.440
53500,0.373,0.178,0.449
53600,0.379,0.169,0.452
53700,0.409,0.167,0.424
53800,0.374,0.186,0.439
53900,0.360,0.197,0.443
54000,0.320,0.192,0.488
54100,0.301,0.205,0.494
54200,0.271,0.216,0.513
54300,0.275,0.236,0.490
54400,0.280,0.247,0.473
54500,0.275,0.271,0.455
54600,0.275,0.233,0.492
54700,0.285,0.226,0.490
54800,0.250,0.229,0.520
54900,0.254,0.248,0.498
55000,0.265,0.228,0.507
55100,0.268,0.221,0.510
55200,0.248,0.212,0.540
55300,0.226,0.222,0.552
55400,0.232,0.217,0.551
55500,0.237,0.216,0.547
55600,0.240,0.229,0.530
55700,0.226,0.242,0.532
55800,0.221,0.253,0.526
55900,0.228,0.197,0.575
56000,0.264,0.201,0.535
56100,0.264,0.191,0.545
56200,0.285,0.208,0.506
56300,0.260,0.215,0.526
56400,0.277,0.195,0.528
56500,0.299,0.192,0.509
56600,0.279,0.194,0.526
56700,0.302,0.168,0.530
56800,0.287,0.184,0.529
56900,0.299,0.167,0.534
57000,0.317,0.182,0.502
57100,0.303,0.191,0.506
57200,0.291,0.225,0.484
57300,0.265,0.207,0.527
57400,0.294,0.194,0.512
57500,0.303,0.203,0.495
57600,0.305,0.204,0.491
57700,0.298,0.205,0.497
57800,0.306,0.192,0.502
57900,0.306,0.166,0.528
58000,0.296,0.176,0.528
58100,0.297,0.169,0.534
58200,0.272,0.229,0.499
58300,0.279,0.212,0.509
58400,0.282,0.203,0.515
58500,0.290,0.186,0.524
58600,0.288,0.189,0.524
58700,0.317,0.158,0.525
58800,0.293,0.184,0.523
58900,0.256,0.216,0.529
59000,0.242,0.239,0.519
59100,0.246,0.233,0.521
59200,0.275,0.215,0.510
59300,0.317,0.214,0.470
59400,0.300,0.220,0.480
59500,0.283,0.206,0.511
59600,0.290,0.178,0.532
59700,0.305,0.166,0.529
59800,0.319,0.201,0.480
59900,0.316,0.197,0.487
60000,0.304,0.224,0.471
60100,0.302,0.210,0.488
60200,0.298,0.194,0.508
60300,0.302,0.174,0.524
60400,0.295,0.163,0.542
60500,0.266,0.177,0.557
60600,0.226,0.234,0.540
60700,0.240,0.241,0.519
60800,0.228,0.260,0.512
60900,0.233,0.268,0.499
61000,0.243,0.274,0.483
61100,0.216,0.272,0.512
61200,0.256,0.258,0.486
61300,0.258,0.245,0.497
61400,0.302,0.214,0.484
61500,0.260,0.231,0.509
61600,0.293,0.261,0.446
61700,0.271,0.263,0.466
61800,0.257,0.278,0.465
61900,0.243,0.272,0.484
62000,0.224,0.302,0.474
62100,0.206,0.326,0.468
62200,0.186,0.351,0.463
62300,0.169,0.353,0.477
62400,0.185,0.332,0.483
62500,0.182,0.311,0.508
62600,0.214,0.271,0.516
62700,0.208,0.278,0.514
62800,0.196,0.271,0.533
62900,0.193,0.246,0.562
63000,0.239,0.233,0.529
63100,0.266,0.228,0.506
63200,0.274,0.236,0.491
63300,0.295,0.212,0.493
63400,0.296,0.211,0.494
63500,0.295,0.203,0.502
63600,0.267,0.203,0.531
63700,0.233,0.228,0.540
63800,0.239,0.218,0.542
63900,0.286,0.218,0.496
64000,0.268,0.206,0.526
64100,0.254,0.224,0.522
64200,0.236,0.243,0.521
64300,0.241,0.233,0.526
64400,0.243,0.213,0.544
64500,0.242,0.215,0.543
64600,0.219,0.242,0.539
64700,0.219,0.235,0.547
64800,0.212,0.228,0.559
64900,0.229,0.250,0.522
65000,0.274,0.224,0.503
65100,0.274,0.247,0.479
65200,0.251,0.251,0.498
65300,0.251,0.256,0.494
65400,0.257,0.239,0.503
65500,0.283,0.222,0.495
65600,0.311,0.211,0.478
65700,0.285,0.207,0.509
65800,0.281,0.191,0.529
65900,0.289,0.175,0.537
66000,0.299,0.171,0.530
66100,0.275,0.167,0.558
66200,0.272,0.171,0.556
66300,0.258,0.185,0.556
66400,0.275,0.201,0.523
66500,0.275,0.203,0.522
66600,0.279,0.197,0.524
66700,0.264,0.194,0.541
66800,0.270,0.193,0.537
66900,0.240,0.181,0.579
67000,0.237,0.203,0.560
67100,0.249,0.205,0.547
67200,0.250,0.192,0.558
67300,0.212,0.241,0.547
67400,0.208,0.240,0.552
67500,0.186,0.283,0.531
67600,0.194,0.272,0.534
67700,0.169,0.295,0.537
67800,0.168,0.296,0.536
67900,0.171,0.296,0.533
68000,0.183,0.299,0.517
68100,0.207,0.294,0.499
68200,0.216,0.277,0.507
68300,0.206,0.257,0.537
68400,0.196,0.259,0.545
68500,0.231,0.254,0.516
68600,0.230,0.260,0.510
68700,0.235,0.280,0.485
68800,0.232,0.286,0.482
68900,0.212,0.286,0.502
69000,0.228,0.254,0.518
69100,0.260,0.237,0.503
69200,0.264,0.232,0.505
69300,0.274,0.237,0.489
69400,0.285,0.219,0.497
69500,0.278,0.193,0.529
69600,0.255,0.210,0.536
69700,0.260,0.204,0.537
69800,0.285,0.196,0.519
69900,0.268,0.221,0.511
70000,0.233,0.219,0.547
70100,0.227,0.257,0.516
70200,0.231,0.261,0.508
70300,0.215,0.276,0.509
70400,0.205,0.283,0.512
70500,0.185,0.282,0.533
70600,0.192,0.261,0.547
70700,0.197,0.273,0.530
70800,0.201,0.263,0.536
70900,0.198,0.274,0.529
71000,0.198,0.265,0.537
71100,0.196,0.292,0.512
71200,0.194,0.295,0.510
71300,0.194,0.252,0.554
71400,0.207,0.243,0.550
71500,0.197,0.264,0.538
71600,0.174,0.292,0.534
71700,0.175,0.295,0.530
71800,0.161,0.316,0.523
71900,0.159,0.318,0.523
72000,0.172,0.328,0.500
72100,0.164,0.304,0.531
72200,0.161,0.318,0.522
72300,0.182,0.307,0.510
72400,0.186,0.285,0.529
72500,0.204,0.244,0.551
72600,0.210,0.244,0.545
72700,0.211,0.246,0.544
72800,0.219,0.256,0.525
72900,0.249,0.232,0.519
73000,0.261,0.218,0.521
73100,0.244,0.229,0.527
73200,0.238,0.226,0.536
73300,0.242,0.256,0.502
73400,0.239,0.279,0.483
73500,0.239,0.269,0.492
73600,0.252,0.260,0.488
73700,0.253,0.237,0.510
73800,0.250,0.233,0.517
73900,0.269,0.220,0.510
74000,0.307,0.196,0.498
74100,0.320,0.199,0.481
74200,0.296,0.209,0.495
74300,0.278,0.201,0.520
74400,0.271,0.185,0.544
74500,0.282,0.193,0.525
74600,0.270,0.188,0.542
74700,0.260,0.211,0.529
74800,0.199,0.250,0.551
74900,0.215,0.250,0.536
75000,0.216,0.218,0.566
75100,0.207,0.211,0.582
75200,0.217,0.206,0.577
75300,0.240,0.197,0.563
75400,0.256,0.196,0.549
75500,0.300,0.169,0.531
75600,0.257,0.179,0.564
75700,0.255,0.181,0.564
75800,0.229,0.180,0.591
75900,0.237,0.171,0.591
76000,0.256,0.169,0.575
76100,0.249,0.175,0.576
76200,0.201,0.203,0.597
76300,0.202,0.231,0.568
76400,0.218,0.242,0.541
76500,0.194,0.272,0.533
76600,0.211,0.276,0.512
76700,0.205,0.242,0.553
76800,0.172,0.268,0.560
76900,0.155,0.306,0.538
77000,0.159,0.292,0.549
77100,0.165,0.313,0.522
77200,0.230,0.275,0.495
77300,0.251,0.253,0.496
77400,0.273,0.212,0.515
77500,0.257,0.235,0.509
77600,0.219,0.259,0.522
77700,0.218,0.236,0.547
77800,0.257,0.237,0.505
77900,0.273,0.236,0.491
78000,0.226,0.272,0.502
78100,0.228,0.269,0.503
78200,0.207,0.293,0.500
78300,0.197,0.260,0.544
78400,0.217,0.246,0.537
78500,0.194,0.226,0.580
78600,0.212,0.239,0.549
78700,0.240,0.233,0.527
78800,0.206,0.289,0.505
78900,0.213,0.261,0.526
79000,0.237,0.248,0.515
79100,0.228,0.244,0.527
79200,0.240,0.264,0.496
79300,0.240,0.268,0.491
79400,0.233,0.251,0.516
79500,0.244,0.232,0.524
79600,0.249,0.229,0.522
79700,0.263,0.224,0.513
79800,0.261,0.231,0.509
79900,0.277,0.216,0.507
80000,0.292,0.210,0.498
80100,0.267,0.233,0.501
80200,0.265,0.233,0.502
80300,0.251,0.235,0.514
80400,0.261,0.204,0.535
80500,0.274,0.201,0.526
80600,0.311,0.217,0.471
80700,0.279,0.222,0.499
80800,0.272,0.237,0.491
80900,0.278,0.222,0.501
81000,0.281,0.215,0.505
81100,0.307,0.190,0.503
81200,0.304,0.169,0.527
81300,0.299,0.143,0.558
81400,0.272,0.169,0.559
81500,0.275,0.222,0.503
81600,0.276,0.221,0.503
81700,0.266,0.228,0.506
81800,0.269,0.228,0.503
81900,0.268,0.224,0.508
82000,0.244,0.243,0.512
82100,0.237,0.238,0.525
82200,0.232,0.274,0.494
82300,0.220,0.282,0.498
82400,0.235,0.260,0.506
82500,0.235,0.242,0.523
82600,0.249,0.243,0.508
82700,0.257,0.237,0.506
82800,0.293,0.207,0.500
82900,0.278,0.202,0.520
83000,0.268,0.206,0.526
83100,0.268,0.210,0.523
83200,0.247,0.224,0.529
83300,0.257,0.215,0.527
83400,0.261,0.189,0.550
83500,0.270,0.232,0.498
83600,0.283,0.208,0.508
83700,0.272,0.196,0.532
83800,0.281,0.185,0.534
83900,0.276,0.195,0.529
84000,0.291,0.191,0.518
84100,0.290,0.183,0.527
84200,0.301,0.181,0.518
84300,0.293,0.177,0.530
84400,0.284,0.187,0.529
84500,0.275,0.195,0.530
84600,0.266,0.204,0.530
84700,0.288,0.205,0.507
84800,0.293,0.168,0.540
84900,0.283,0.187,0.529
85000,0.267,0.220,0.513
85100,0.281,0.197,0.522
85200,0.279,0.207,0.513
85300,0.253,0.189,0.558
85400,0.264,0.183,0.552
85500,0.250,0.194,0.556
85600,0.245,0.200,0.555
85700,0.240,0.193,0.566
85800,0.232,0.210,0.559
85900,0.215,0.212,0.573
86000,0.208,0.240,0.552
86100,0.207,0.236,0.556
86200,0.201,0.256,0.542
86300,0.192,0.246,0.563
86400,0.199,0.243,0.558
86500,0.240,0.233,0.526
86600,0.250,0.250,0.501
86700,0.257,0.237,0.506
86800,0.286,0.212,0.501
86900,0.272,0.219,0.509
87000,0.261,0.206,0.533
87100,0.247,0.215,0.537
87200,0.214,0.217,0.570
87300,0.217,0.212,0.570
87400,0.206,0.204,0.590
87500,0.221,0.206,0.573
87600,0.225,0.217,0.558
87700,0.239,0.187,0.574
87800,0.284,0.186,0.530
87900,0.294,0.168,0.538
88000,0.295,0.166,0.538
88100,0.296,0.162,0.542
88200,0.288,0.164,0.548
88300,0.295,0.139,0.567
88400,0.297,0.157,0.546
88500,0.290,0.174,0.536
88600,0.271,0.187,0.542
88700,0.252,0.171,0.577
88800,0.237,0.215,0.547
88900,0.225,0.238,0.537
89000,0.248,0.241,0.511
89100,0.252,0.237,0.511
89200,0.276,0.225,0.499
89300,0.278,0.216,0.506
89400,0.282,0.187,0.531
89500,0.291,0.182,0.527
89600,0.286,0.190,0.523
89700,0.247,0.236,0.516
89800,0.246,0.250,0.503
89900,0.250,0.225,0.526
90000,0.224,0.242,0.534
90100,0.226,0.275,0.499
90200,0.243,0.235,0.523
90300,0.247,0.244,0.509
90400,0.225,0.269,0.506
90500,0.226,0.260,0.514
90600,0.210,0.246,0.544
90700,0.214,0.238,0.548
90800,0.219,0.231,0.551
90900,0.226,0.238,0.536
91000,0.224,0.243,0.534
91100,0.242,0.231,0.527
91200,0.236,0.260,0.503
91300,0.252,0.253,0.495
91400,0.268,0.232,0.500
91500,0.260,0.235,0.505
91600,0.267,0.240,0.493
91700,0.217,0.274,0.509
91800,0.211,0.249,0.540
91900,0.197,0.240,0.563
92000,0.203,0.235,0.562
92100,0.241,0.225,0.534
92200,0.260,0.210,0.530
92300,0.239,0.232,0.530
92400,0.208,0.272,0.520
92500,0.257,0.267,0.477
92600,0.250,0.271,0.480
92700,0.220,0.275,0.505
92800,0.217,0.289,0.494
92900,0.208,0.291,0.501
93000,0.206,0.304,0.490
93100,0.208,0.305,0.487
93200,0.237,0.287,0.476
93300,0.226,0.253,0.521
93400,0.205,0.268,0.527
93500,0.205,0.256,0.539
93600,0.222,0.228,0.551
93700,0.236,0.228,0.536
93800,0.225,0.210,0.565
93900,0.235,0.214,0.552
94000,0.240,0.206,0.554
94100,0.261,0.203,0.536
94200,0.269,0.193,0.537
94300,0.285,0.205,0.510
94400,0.292,0.197,0.510
94500,0.279,0.204,0.517
94600,0.299,0.192,0.509
94700,0.314,0.184,0.502
94800,0.317,0.185,0.498
94900,0.299,0.187,0.513
95000,0.292,0.222,0.485
95100,0.318,0.200,0.483
95200,0.332,0.215,0.453
95300,0.306,0.212,0.482
95400,0.324,0.205,0.471
95500,0.296,0.217,0.487
95600,0.290,0.197,0.513
95700,0.287,0.197,0.516
95800,0.293,0.169,0.538
95900,0.286,0.189,0.524
96000,0.268,0.219,0.512
96100,0.282,0.197,0.521
96200,0.243,0.223,0.534
96300,0.253,0.199,0.548
96400,0.264,0.182,0.554
96500,0.256,0.197,0.547
96600,0.250,0.210,0.540
96700,0.283,0.222,0.495
96800,0.255,0.229,0.516
96900,0.249,0.239,0.512
97000,0.267,0.219,0.515
97100,0.228,0.226,0.546
97200,0.264,0.229,0.508
97300,0.261,0.229,0.510
97400,0.242,0.219,0.539
97500,0.256,0.229,0.515
97600,0.268,0.222,0.510
97700,0.248,0.221,0.531
97800,0.256,0.224,0.520
97900,0.251,0.189,0.560
98000,0.258,0.185,0.556
98100,0.257,0.183,0.560
98200,0.268,0.219,0.512
98300,0.301,0.212,0.487
98400,0.320,0.205,0.475
98500,0.318,0.211,0.471
98600,0.337,0.184,0.479
98700,0.293,0.194,0.513
98800,0.294,0.187,0.519
98900,0.271,0.198,0.531
99000,0.254,0.195,0.551
99100,0.283,0.203,0.514
99200,0.239,0.229,0.531
99300,0.227,0.235,0.538
99400,0.232,0.242,0.526
99500,0.249,0.249,0.503
99600,0.236,0.264,0.500
99700,0.221,0.236,0.542
99800,0.213,0.265,0.522
99900,0.203,0.310,0.487
100000,0.226,0.275,0.498
