time,n_A+p,n_B,n_AB
500,0.030,0.589,0.381
1000,0.030,0.235,0.735
1500,0.030,0.226,0.744
2000,0.030,0.308,0.662
2500,0.030,0.205,0.765
3000,0.030,0.259,0.711
3500,0.030,0.323,0.647
4000,0.030,0.264,0.706
4500,0.030,0.309,0.661
5000,0.264,0.014,0.722
5500,0.751,0.000,0.249
6000,0.777,0.000,0.223
6500,0.659,0.000,0.341
7000,0.672,0.000,0.328
7500,0.802,0.000,0.198
8000,0.639,0.000,0.361
8500,0.569,0.000,0.431
9000,0.646,0.000,0.354
9500,0.701,0.000,0.299
10000,0.682,0.000,0.318
10500,0.702,0.000,0.298
11000,0.656,0.000,0.344
11500,0.803,0.000,0.197
12000,0.699,0.000,0.301
12500,0.614,0.000,0.386
13000,0.522,0.000,0.478
13500,0.500,0.000,0.500
14000,0.657,0.000,0.343
14500,0.650,0.000,0.350
15000,0.677,0.000,0.323
15500,0.744,0.000,0.256
16000,0.796,0.000,0.204
16500,0.749,0.000,0.251
17000,0.753,0.000,0.247
17500,0.786,0.000,0.214
18000,0.901,0.000,0.099
18500,0.872,0.000,0.128
19000,0.824,0.000,0.176
19500,0.721,0.000,0.279
20000,0.678,0.000,0.322
20500,0.633,0.000,0.367
21000,0.548,0.000,0.452
21500,0.543,0.000,0.457
22000,0.702,0.000,0.298
22500,0.621,0.000,0.379
23000,0.736,0.000,0.264
23500,0.680,0.000,0.320
24000,0.631,0.000,0.369
24500,0.572,0.000,0.428
25000,0.712,0.000,0.288
25500,0.754,0.000,0.246
26000,0.596,0.000,0.404
26500,0.745,0.000,0.255
27000,0.823,0.000,0.177
27500,0.825,0.000,0.175
28000,0.907,0.000,0.093
28500,0.920,0.000,0.080
29000,0.895,0.000,0.105
29500,0.857,0.000,0.143
30000,0.739,0.000,0.261
30500,0.610,0.000,0.390
31000,0.617,0.000,0.383
31500,0.666,0.000,0.334
32000,0.725,0.000,0.275
32500,0.763,0.000,0.237
33000,0.658,0.000,0.342
33500,0.681,0.000,0.319
34000,0.751,0.000,0.249
34500,0.834,0.000,0.166
35000,0.787,0.000,0.213
35500,0.935,0.000,0.065
36000,0.810,0.000,0.190
36500,0.739,0.000,0.261
37000,0.796,0.000,0.204
37500,0.728,0.000,0.272
38000,0.827,0.000,0.173
38500,0.804,0.000,0.196
39000,0.743,0.000,0.257
39500,0.683,0.000,0.317
40000,0.729,0.000,0.271
40500,0.831,0.000,0.169
41000,0.834,0.000,0.166
41500,0.820,0.000,0.180
42000,0.715,0.000,0.285
42500,0.719,0.000,0.281
43000,0.827,0.000,0.173
43500,0.815,0.000,0.185
44000,0.728,0.000,0.272
44500,0.698,0.000,0.302
45000,0.633,0.000,0.367
45500,0.552,0.000,0.448
46000,0.593,0.000,0.407
46500,0.560,0.000,0.440
47000,0.621,0.000,0.379
47500,0.904,0.000,0.096
48000,0.887,0.000,0.113
48500,0.739,0.000,0.261
49000,0.747,0.000,0.253
49500,0.781,0.000,0.219
50000,0.734,0.000,0.266
50500,0.718,0.000,0.282
51000,0.748,0.000,0.252
51500,0.866,0.000,0.134
52000,0.729,0.000,0.271
52500,0.589,0.000,0.411
53000,0.685,0.000,0.315
53500,0.672,0.000,0.328
54000,0.645,0.000,0.355
54500,0.674,0.000,0.326
55000,0.613,0.000,0.387
55500,0.731,0.000,0.269
56000,0.858,0.000,0.142
56500,0.887,0.000,0.113
57000,0.740,0.000,0.260
57500,0.708,0.000,0.292
58000,0.568,0.000,0.432
58500,0.405,0.000,0.595
59000,0.531,0.000,0.469
59500,0.594,0.000,0.406
60000,0.584,0.000,0.416
60500,0.656,0.000,0.344
61000,0.761,0.000,0.239
61500,0.763,0.000,0.237
62000,0.607,0.000,0.393
62500,0.800,0.000,0.200
63000,0.693,0.000,0.307
63500,0.462,0.000,0.538
64000,0.433,0.000,0.567
64500,0.783,0.000,0.217
65000,0.609,0.000,0.391
65500,0.687,0.000,0.313
66000,0.860,0.000,0.140
66500,0.821,0.000,0.179
67000,0.827,0.000,0.173
67500,0.628,0.000,0.372
68000,0.570,0.000,0.430
68500,0.723,0.000,0.277
69000,0.544,0.000,0.456
69500,0.808,0.000,0.192
70000,0.712,0.000,0.288
70500,0.694,0.000,0.306
71000,0.614,0.000,0.386
71500,0.567,0.000,0.433
72000,0.577,0.000,0.423
72500,0.586,0.000,0.414
73000,0.678,0.000,0.322
73500,0.738,0.000,0.262
74000,0.619,0.000,0.381
74500,0.650,0.000,0.350
75000,0.621,0.000,0.379
75500,0.455,0.000,0.545
76000,0.724,0.000,0.276
76500,0.703,0.000,0.297
77000,0.668,0.000,0.332
77500,0.746,0.000,0.254
78000,0.541,0.000,0.459
78500,0.721,0.000,0.279
79000,0.910,0.000,0.090
79500,0.768,0.000,0.232
80000,0.525,0.000,0.475
80500,0.658,0.000,0.342
81000,0.654,0.000,0.346
81500,0.660,0.000,0.340
82000,0.609,0.000,0.391
82500,0.744,0.000,0.256
83000,0.681,0.000,0.319
83500,0.719,0.000,0.281
84000,0.797,0.000,0.203
84500,0.756,0.000,0.244
85000,0.747,0.000,0.253
85500,0.707,0.000,0.293
86000,0.635,0.000,0.365
86500,0.781,0.000,0.219
87000,0.779,0.000,0.221
87500,0.754,0.000,0.246
88000,0.845,0.000,0.155
88500,0.727,0.000,0.273
89000,0.508,0.000,0.492
89500,0.616,0.000,0.384
90000,0.667,0.000,0.333
90500,0.544,0.000,0.456
91000,0.641,0.000,0.359
91500,0.713,0.000,0.287
92000,0.653,0.000,0.347
92500,0.748,0.000,0.252
93000,0.864,0.000,0.136
93500,0.746,0.000,0.254
94000,0.779,0.000,0.221
94500,0.733,0.000,0.267
95000,0.792,0.000,0.208
95500,0.797,0.000,0.203
96000,0.747,0.000,0.253
96500,0.883,0.000,0.117
97000,0.752,0.000,0.248
97500,0.746,0.000,0.254
98000,0.780,0.000,0.220
98500,0.857,0.000,0.143
99000,0.838,0.000,0.162
99500,0.704,0.000,0.296
100000,0.832,0.000,0.168
100500,0.621,0.000,0.379
101000,0.607,0.000,0.393
101500,0.717,0.000,0.283
102000,0.775,0.000,0.225
102500,0.816,0.000,0.184
103000,0.822,0.000,0.178
103500,0.812,0.000,0.188
104000,0.744,0.000,0.256
104500,0.691,0.000,0.309
105000,0.670,0.000,0.330
105500,0.782,0.000,0.218
106000,0.816,0.000,0.184
106500,0.846,0.000,0.154
107000,0.828,0.000,0.172
107500,0.890,0.000,0.110
108000,0.910,0.000,0.090
108500,0.976,0.000,0.024
109000,0.998,0.000,0.002
109500,1.000,0.000,0.000
