time,n_A+p,n_B,n_AB
500,0.180,0.014,0.806
1000,0.865,0.000,0.135
1500,0.527,0.000,0.473
2000,0.714,0.000,0.286
2500,0.901,0.000,0.099
3000,0.956,0.000,0.044
3500,0.755,0.000,0.245
4000,0.690,0.000,0.310
4500,0.863,0.000,0.137
5000,0.635,0.000,0.365
5500,0.690,0.000,0.310
6000,0.664,0.000,0.336
6500,0.562,0.000,0.438
7000,0.560,0.000,0.440
7500,0.569,0.000,0.431
8000,0.615,0.000,0.385
8500,0.641,0.000,0.359
9000,0.396,0.000,0.604
9500,0.525,0.000,0.475
10000,0.678,0.000,0.322
10500,0.821,0.000,0.179
11000,0.803,0.000,0.197
11500,0.714,0.000,0.286
12000,0.584,0.000,0.416
12500,0.597,0.000,0.403
13000,0.650,0.000,0.350
13500,0.510,0.000,0.490
14000,0.493,0.000,0.507
14500,0.559,0.000,0.441
15000,0.652,0.000,0.348
15500,0.788,0.000,0.212
16000,0.635,0.000,0.365
16500,0.670,0.000,0.330
17000,0.594,0.000,0.406
17500,0.661,0.000,0.339
18000,0.726,0.000,0.274
18500,0.561,0.000,0.439
19000,0.748,0.000,0.252
19500,0.858,0.000,0.142
20000,0.616,0.000,0.384
20500,0.515,0.000,0.485
21000,0.605,0.000,0.395
21500,0.506,0.000,0.494
22000,0.697,0.000,0.303
22500,0.984,0.000,0.016
23000,1.000,0.000,0.000
