time,n_A+p,n_B,n_AB
500,0.080,0.635,0.285
1000,0.080,0.548,0.372
1500,0.092,0.327,0.581
2000,0.102,0.327,0.571
2500,0.092,0.295,0.613
3000,0.107,0.259,0.634
3500,0.096,0.247,0.657
4000,0.102,0.313,0.585
4500,0.146,0.204,0.650
5000,0.247,0.104,0.649
5500,0.718,0.003,0.279
6000,0.921,0.000,0.079
6500,0.978,0.000,0.022
7000,0.999,0.000,0.001
7500,1.000,0.000,0.000
