time,n_A+p,n_B,n_AB
500,0.030,0.762,0.208
1000,0.030,0.546,0.424
1500,0.040,0.325,0.635
2000,0.038,0.302,0.660
2500,0.050,0.265,0.685
3000,0.036,0.263,0.701
3500,0.030,0.415,0.555
4000,0.030,0.414,0.556
4500,0.030,0.378,0.592
5000,0.030,0.481,0.489
5500,0.030,0.376,0.594
6000,0.030,0.485,0.485
6500,0.030,0.275,0.695
7000,0.030,0.455,0.515
7500,0.030,0.428,0.542
8000,0.030,0.329,0.641
8500,0.031,0.326,0.643
9000,0.036,0.342,0.622
9500,0.031,0.366,0.603
10000,0.030,0.413,0.557
10500,0.038,0.417,0.545
11000,0.030,0.368,0.602
11500,0.030,0.409,0.561
12000,0.030,0.341,0.629
12500,0.031,0.383,0.586
13000,0.035,0.408,0.557
13500,0.031,0.380,0.589
14000,0.030,0.434,0.536
14500,0.030,0.350,0.620
15000,0.030,0.348,0.622
15500,0.035,0.314,0.651
16000,0.030,0.344,0.626
16500,0.030,0.363,0.607
17000,0.030,0.420,0.550
17500,0.036,0.323,0.641
18000,0.030,0.425,0.545
18500,0.030,0.375,0.595
19000,0.030,0.382,0.588
19500,0.030,0.401,0.569
20000,0.030,0.363,0.607
20500,0.030,0.367,0.603
21000,0.030,0.377,0.593
21500,0.030,0.439,0.531
22000,0.036,0.364,0.600
22500,0.030,0.384,0.586
23000,0.033,0.420,0.547
23500,0.034,0.436,0.530
24000,0.031,0.426,0.543
24500,0.034,0.347,0.619
25000,0.032,0.398,0.570
25500,0.030,0.460,0.510
26000,0.030,0.409,0.561
26500,0.030,0.395,0.575
27000,0.030,0.382,0.588
27500,0.051,0.339,0.610
28000,0.030,0.440,0.530
28500,0.031,0.359,0.610
29000,0.033,0.344,0.623
29500,0.044,0.272,0.684
30000,0.030,0.305,0.665
30500,0.043,0.354,0.603
31000,0.030,0.305,0.665
31500,0.030,0.371,0.599
32000,0.030,0.305,0.665
32500,0.037,0.330,0.633
33000,0.031,0.342,0.627
33500,0.031,0.402,0.567
34000,0.030,0.407,0.563
34500,0.030,0.440,0.530
35000,0.036,0.353,0.611
35500,0.030,0.342,0.628
36000,0.030,0.387,0.583
36500,0.030,0.439,0.531
37000,0.031,0.404,0.565
37500,0.030,0.389,0.581
38000,0.030,0.388,0.582
38500,0.041,0.365,0.594
39000,0.032,0.301,0.667
39500,0.031,0.308,0.661
40000,0.030,0.380,0.590
40500,0.031,0.356,0.613
41000,0.047,0.301,0.652
41500,0.030,0.467,0.503
42000,0.030,0.388,0.582
42500,0.030,0.410,0.560
43000,0.030,0.428,0.542
43500,0.039,0.272,0.689
44000,0.038,0.303,0.659
44500,0.033,0.367,0.600
45000,0.030,0.343,0.627
45500,0.030,0.397,0.573
46000,0.036,0.301,0.663
46500,0.040,0.306,0.654
47000,0.031,0.469,0.500
47500,0.030,0.445,0.525
48000,0.037,0.388,0.575
48500,0.030,0.298,0.672
49000,0.037,0.324,0.639
49500,0.032,0.346,0.622
50000,0.037,0.330,0.633
50500,0.063,0.298,0.639
51000,0.042,0.246,0.712
51500,0.044,0.341,0.615
52000,0.032,0.349,0.619
52500,0.030,0.455,0.515
53000,0.030,0.440,0.530
53500,0.030,0.486,0.484
54000,0.032,0.411,0.557
54500,0.032,0.431,0.537
55000,0.032,0.445,0.523
55500,0.030,0.293,0.677
56000,0.032,0.394,0.574
56500,0.030,0.429,0.541
57000,0.030,0.351,0.619
57500,0.030,0.406,0.564
58000,0.030,0.471,0.499
58500,0.030,0.361,0.609
59000,0.030,0.337,0.633
59500,0.030,0.379,0.591
60000,0.030,0.422,0.548
60500,0.031,0.394,0.575
61000,0.030,0.361,0.609
61500,0.039,0.428,0.533
62000,0.030,0.446,0.524
62500,0.030,0.414,0.556
63000,0.030,0.440,0.530
63500,0.030,0.396,0.574
64000,0.030,0.454,0.516
64500,0.030,0.366,0.604
65000,0.040,0.346,0.614
65500,0.034,0.369,0.597
66000,0.033,0.419,0.548
66500,0.030,0.368,0.602
67000,0.033,0.318,0.649
67500,0.030,0.459,0.511
68000,0.030,0.346,0.624
68500,0.030,0.325,0.645
69000,0.030,0.357,0.613
69500,0.039,0.331,0.630
70000,0.030,0.357,0.613
70500,0.030,0.432,0.538
71000,0.030,0.436,0.534
71500,0.030,0.402,0.568
72000,0.030,0.311,0.659
72500,0.030,0.346,0.624
73000,0.030,0.413,0.557
73500,0.030,0.435,0.535
74000,0.030,0.457,0.513
74500,0.032,0.445,0.523
75000,0.045,0.298,0.657
75500,0.051,0.281,0.668
76000,0.031,0.316,0.653
76500,0.030,0.357,0.613
77000,0.030,0.431,0.539
77500,0.039,0.420,0.541
78000,0.030,0.313,0.657
78500,0.030,0.408,0.562
79000,0.030,0.406,0.564
79500,0.030,0.320,0.650
80000,0.030,0.405,0.565
80500,0.036,0.313,0.651
81000,0.030,0.401,0.569
81500,0.030,0.287,0.683
82000,0.030,0.436,0.534
82500,0.030,0.336,0.634
83000,0.030,0.386,0.584
83500,0.030,0.364,0.606
84000,0.030,0.339,0.631
84500,0.058,0.333,0.609
85000,0.031,0.230,0.739
85500,0.030,0.360,0.610
86000,0.030,0.557,0.413
86500,0.030,0.508,0.462
87000,0.030,0.497,0.473
87500,0.030,0.489,0.481
88000,0.030,0.342,0.628
88500,0.030,0.418,0.552
89000,0.030,0.506,0.464
89500,0.034,0.344,0.622
90000,0.038,0.362,0.600
90500,0.031,0.254,0.715
91000,0.044,0.239,0.717
91500,0.047,0.267,0.686
92000,0.036,0.327,0.637
92500,0.030,0.462,0.508
93000,0.036,0.358,0.606
93500,0.031,0.326,0.643
94000,0.030,0.384,0.586
94500,0.034,0.309,0.657
95000,0.035,0.368,0.597
95500,0.030,0.378,0.592
96000,0.030,0.444,0.526
96500,0.033,0.352,0.615
97000,0.030,0.349,0.621
97500,0.030,0.410,0.560
98000,0.030,0.386,0.584
98500,0.030,0.347,0.623
99000,0.030,0.366,0.604
99500,0.041,0.353,0.606
100000,0.032,0.404,0.564
100500,0.033,0.370,0.597
101000,0.033,0.340,0.627
101500,0.031,0.318,0.651
102000,0.030,0.362,0.608
102500,0.030,0.403,0.567
103000,0.038,0.377,0.585
103500,0.042,0.354,0.604
104000,0.030,0.386,0.584
104500,0.031,0.299,0.670
105000,0.035,0.375,0.590
105500,0.030,0.493,0.477
106000,0.030,0.413,0.557
106500,0.038,0.328,0.634
107000,0.041,0.323,0.636
107500,0.033,0.386,0.581
108000,0.030,0.431,0.539
108500,0.030,0.314,0.656
109000,0.044,0.241,0.715
109500,0.031,0.390,0.579
110000,0.030,0.385,0.585
110500,0.030,0.364,0.606
111000,0.030,0.361,0.609
111500,0.030,0.333,0.637
112000,0.030,0.446,0.524
112500,0.034,0.340,0.626
113000,0.046,0.258,0.696
113500,0.060,0.202,0.738
114000,0.041,0.214,0.745
114500,0.045,0.226,0.729
115000,0.037,0.294,0.669
115500,0.039,0.339,0.622
116000,0.036,0.370,0.594
116500,0.030,0.326,0.644
117000,0.030,0.331,0.639
117500,0.032,0.372,0.596
118000,0.030,0.427,0.543
118500,0.054,0.255,0.691
119000,0.031,0.367,0.602
119500,0.030,0.350,0.620
120000,0.030,0.382,0.588
120500,0.030,0.430,0.540
121000,0.030,0.458,0.512
121500,0.030,0.389,0.581
122000,0.030,0.363,0.607
122500,0.040,0.362,0.598
123000,0.030,0.378,0.592
123500,0.030,0.359,0.611
124000,0.030,0.433,0.537
124500,0.030,0.432,0.538
125000,0.031,0.356,0.613
125500,0.041,0.345,0.614
126000,0.034,0.404,0.562
126500,0.037,0.297,0.666
127000,0.044,0.256,0.700
127500,0.065,0.187,0.748
128000,0.098,0.197,0.705
128500,0.048,0.230,0.722
129000,0.041,0.261,0.698
129500,0.033,0.327,0.640
130000,0.031,0.409,0.560
130500,0.035,0.376,0.589
131000,0.031,0.359,0.610
131500,0.030,0.375,0.595
132000,0.030,0.326,0.644
132500,0.030,0.383,0.587
133000,0.040,0.384,0.576
133500,0.033,0.333,0.634
134000,0.030,0.370,0.600
134500,0.030,0.407,0.563
135000,0.039,0.371,0.590
135500,0.030,0.372,0.598
136000,0.030,0.451,0.519
136500,0.030,0.428,0.542
137000,0.030,0.491,0.479
137500,0.030,0.415,0.555
138000,0.030,0.423,0.547
138500,0.030,0.367,0.603
139000,0.030,0.386,0.584
139500,0.030,0.426,0.544
140000,0.030,0.396,0.574
140500,0.030,0.374,0.596
141000,0.030,0.426,0.544
141500,0.030,0.395,0.575
142000,0.032,0.440,0.528
142500,0.036,0.365,0.599
143000,0.036,0.410,0.554
143500,0.030,0.392,0.578
144000,0.043,0.374,0.583
144500,0.030,0.384,0.586
145000,0.030,0.340,0.630
145500,0.036,0.326,0.638
146000,0.034,0.285,0.681
146500,0.033,0.373,0.594
147000,0.030,0.295,0.675
147500,0.030,0.339,0.631
148000,0.031,0.294,0.675
148500,0.030,0.371,0.599
149000,0.041,0.296,0.663
149500,0.042,0.325,0.633
150000,0.039,0.282,0.679
150500,0.036,0.303,0.661
151000,0.031,0.351,0.618
151500,0.035,0.289,0.676
152000,0.030,0.356,0.614
152500,0.042,0.387,0.571
153000,0.030,0.362,0.608
153500,0.030,0.325,0.645
154000,0.036,0.325,0.639
154500,0.030,0.440,0.530
155000,0.034,0.420,0.546
155500,0.030,0.433,0.537
156000,0.032,0.370,0.598
156500,0.030,0.448,0.522
157000,0.032,0.363,0.605
157500,0.031,0.356,0.613
158000,0.030,0.342,0.628
158500,0.030,0.361,0.609
159000,0.030,0.377,0.593
159500,0.037,0.315,0.648
160000,0.030,0.376,0.594
160500,0.033,0.302,0.665
161000,0.038,0.321,0.641
161500,0.030,0.292,0.678
162000,0.031,0.358,0.611
162500,0.030,0.382,0.588
163000,0.031,0.375,0.594
163500,0.035,0.411,0.554
164000,0.046,0.325,0.629
164500,0.030,0.414,0.556
165000,0.034,0.270,0.696
165500,0.030,0.403,0.567
166000,0.030,0.382,0.588
166500,0.030,0.363,0.607
167000,0.030,0.402,0.568
167500,0.030,0.506,0.464
168000,0.032,0.375,0.593
168500,0.030,0.404,0.566
169000,0.030,0.316,0.654
169500,0.033,0.297,0.670
170000,0.031,0.445,0.524
170500,0.030,0.519,0.451
171000,0.030,0.387,0.583
171500,0.030,0.457,0.513
172000,0.030,0.375,0.595
172500,0.046,0.337,0.617
173000,0.033,0.317,0.650
173500,0.030,0.408,0.562
174000,0.031,0.435,0.534
174500,0.030,0.502,0.468
175000,0.030,0.439,0.531
175500,0.030,0.391,0.579
176000,0.030,0.384,0.586
176500,0.030,0.474,0.496
177000,0.037,0.329,0.634
177500,0.046,0.199,0.755
178000,0.082,0.154,0.764
178500,0.086,0.113,0.801
179000,0.304,0.027,0.669
179500,0.412,0.007,0.581
180000,0.562,0.000,0.438
180500,0.644,0.000,0.356
181000,0.574,0.000,0.426
181500,0.555,0.000,0.445
182000,0.582,0.000,0.418
182500,0.671,0.000,0.329
183000,0.739,0.000,0.261
183500,0.826,0.000,0.174
184000,0.871,0.000,0.129
184500,0.848,0.000,0.152
185000,0.845,0.000,0.155
185500,0.857,0.000,0.143
186000,0.892,0.000,0.108
186500,0.884,0.000,0.116
187000,0.876,0.000,0.124
187500,0.692,0.000,0.308
188000,0.781,0.000,0.219
188500,0.712,0.000,0.288
189000,0.671,0.000,0.329
189500,0.698,0.000,0.302
190000,0.682,0.000,0.318
190500,0.584,0.000,0.416
191000,0.677,0.000,0.323
191500,0.769,0.000,0.231
192000,0.666,0.000,0.334
192500,0.631,0.000,0.369
193000,0.647,0.000,0.353
193500,0.674,0.000,0.326
194000,0.577,0.000,0.423
194500,0.649,0.000,0.351
195000,0.647,0.000,0.353
195500,0.645,0.000,0.355
196000,0.748,0.000,0.252
196500,0.739,0.000,0.261
197000,0.706,0.000,0.294
197500,0.654,0.000,0.346
198000,0.701,0.000,0.299
198500,0.819,0.000,0.181
199000,0.876,0.000,0.124
199500,0.874,0.000,0.126
200000,0.833,0.000,0.167
200500,0.824,0.000,0.176
201000,0.800,0.000,0.200
201500,0.860,0.000,0.140
202000,0.865,0.000,0.135
202500,0.840,0.000,0.160
203000,0.857,0.000,0.143
203500,0.783,0.000,0.217
204000,0.710,0.000,0.290
204500,0.716,0.000,0.284
205000,0.769,0.000,0.231
205500,0.815,0.000,0.185
206000,0.891,0.000,0.109
206500,0.882,0.000,0.118
207000,0.943,0.000,0.057
207500,0.850,0.000,0.150
208000,0.786,0.000,0.214
208500,0.815,0.000,0.185
209000,0.728,0.000,0.272
209500,0.616,0.000,0.384
210000,0.682,0.000,0.318
210500,0.765,0.000,0.235
211000,0.841,0.000,0.159
211500,0.841,0.000,0.159
212000,0.871,0.000,0.129
212500,0.821,0.000,0.179
213000,0.734,0.000,0.266
213500,0.652,0.000,0.348
214000,0.671,0.000,0.329
214500,0.702,0.000,0.298
215000,0.693,0.000,0.307
215500,0.735,0.000,0.265
216000,0.703,0.000,0.297
216500,0.627,0.000,0.373
217000,0.677,0.000,0.323
217500,0.761,0.000,0.239
218000,0.753,0.000,0.247
218500,0.622,0.000,0.378
219000,0.779,0.000,0.221
219500,0.704,0.000,0.296
220000,0.591,0.000,0.409
220500,0.674,0.000,0.326
221000,0.673,0.000,0.327
221500,0.831,0.000,0.169
222000,0.807,0.000,0.193
222500,0.748,0.000,0.252
223000,0.719,0.000,0.281
223500,0.699,0.000,0.301
224000,0.708,0.000,0.292
224500,0.562,0.000,0.438
225000,0.638,0.000,0.362
225500,0.779,0.000,0.221
226000,0.882,0.000,0.118
226500,0.871,0.000,0.129
227000,0.901,0.000,0.099
227500,0.909,0.000,0.091
228000,0.797,0.000,0.203
228500,0.797,0.000,0.203
229000,0.745,0.000,0.255
229500,0.717,0.000,0.283
230000,0.754,0.000,0.246
230500,0.684,0.000,0.316
231000,0.752,0.000,0.248
231500,0.842,0.000,0.158
232000,0.840,0.000,0.160
232500,0.865,0.000,0.135
233000,0.801,0.000,0.199
233500,0.813,0.000,0.187
234000,0.853,0.000,0.147
234500,0.876,0.000,0.124
235000,0.874,0.000,0.126
235500,0.901,0.000,0.099
236000,0.970,0.000,0.030
236500,0.982,0.000,0.018
237000,0.997,0.000,0.003
237500,1.000,0.000,0.000
