time,n_A+p,n_B,n_AB
500,0.080,0.728,0.192
1000,0.080,0.543,0.377
1500,0.080,0.472,0.448
2000,0.080,0.370,0.550
2500,0.092,0.246,0.661
3000,0.110,0.185,0.706
3500,0.133,0.116,0.751
4000,0.325,0.039,0.636
4500,0.510,0.004,0.485
5000,0.716,0.001,0.283
5500,0.784,0.000,0.216
6000,0.799,0.000,0.201
6500,0.842,0.000,0.158
7000,0.889,0.000,0.111
7500,0.920,0.000,0.080
8000,0.941,0.000,0.059
8500,0.923,0.000,0.077
9000,0.948,0.000,0.052
9500,0.956,0.000,0.044
10000,0.970,0.000,0.030
10500,0.985,0.000,0.015
11000,0.991,0.000,0.009
11500,0.991,0.000,0.009
12000,0.997,0.000,0.003
12500,0.998,0.000,0.002
13000,1.000,0.000,0.000
13500,1.000,0.000,0.000
14000,1.000,0.000,0.000
