time,n_A+p,n_B,n_AB
500,0.050,0.719,0.231
1000,0.050,0.332,0.618
1500,0.063,0.393,0.544
2000,0.050,0.423,0.527
2500,0.050,0.329,0.621
3000,0.050,0.437,0.513
3500,0.059,0.373,0.568
4000,0.051,0.332,0.617
4500,0.050,0.383,0.567
5000,0.050,0.315,0.635
5500,0.065,0.225,0.710
6000,0.053,0.225,0.722
6500,0.055,0.378,0.567
7000,0.059,0.313,0.628
7500,0.057,0.303,0.640
8000,0.051,0.352,0.597
8500,0.050,0.370,0.580
9000,0.054,0.340,0.606
9500,0.054,0.364,0.582
10000,0.053,0.340,0.607
10500,0.058,0.319,0.623
11000,0.061,0.314,0.625
11500,0.059,0.235,0.706
12000,0.065,0.174,0.761
12500,0.081,0.167,0.752
13000,0.056,0.272,0.672
13500,0.050,0.275,0.675
14000,0.050,0.392,0.558
14500,0.051,0.362,0.587
15000,0.050,0.286,0.664
15500,0.065,0.298,0.637
16000,0.056,0.276,0.668
16500,0.055,0.227,0.718
17000,0.096,0.189,0.715
17500,0.098,0.111,0.791
18000,0.419,0.008,0.573
18500,0.697,0.000,0.303
19000,0.833,0.000,0.167
19500,0.932,0.000,0.068
20000,0.978,0.000,0.022
20500,1.000,0.000,0.000
