time,n_A+p,n_B,n_AB
100,0.419,0.443,0.138
200,0.358,0.428,0.214
300,0.306,0.437,0.257
400,0.312,0.440,0.248
500,0.284,0.462,0.254
600,0.312,0.431,0.257
700,0.324,0.443,0.232
800,0.346,0.401,0.254
900,0.370,0.376,0.254
1000,0.373,0.373,0.254
1100,0.364,0.382,0.254
1200,0.358,0.382,0.260
1300,0.373,0.367,0.260
1400,0.361,0.355,0.284
1500,0.398,0.339,0.263
1600,0.425,0.346,0.229
1700,0.468,0.294,0.239
1800,0.468,0.269,0.263
1900,0.517,0.266,0.217
2000,0.495,0.284,0.220
2100,0.511,0.242,0.248
2200,0.581,0.217,0.202
2300,0.606,0.199,0.196
2400,0.596,0.205,0.199
2500,0.581,0.187,0.232
2600,0.621,0.187,0.193
2700,0.627,0.180,0.193
2800,0.688,0.183,0.128
2900,0.682,0.153,0.165
3000,0.691,0.141,0.168
3100,0.722,0.141,0.138
3200,0.713,0.125,0.162
3300,0.734,0.110,0.156
3400,0.780,0.089,0.131
3500,0.774,0.076,0.150
3600,0.813,0.064,0.122
3700,0.853,0.064,0.083
3800,0.865,0.058,0.076
3900,0.856,0.064,0.080
4000,0.862,0.052,0.086
4100,0.859,0.028,0.113
4200,0.850,0.034,0.116
4300,0.862,0.028,0.110
4400,0.881,0.028,0.092
4500,0.902,0.024,0.073
4600,0.911,0.018,0.070
4700,0.899,0.018,0.083
4800,0.911,0.012,0.076
4900,0.911,0.009,0.080
5000,0.933,0.012,0.055
5100,0.954,0.006,0.040
5200,0.960,0.003,0.037
5300,0.948,0.009,0.043
5400,0.945,0.006,0.049
5500,0.945,0.012,0.043
5600,0.966,0.009,0.024
5700,0.972,0.006,0.021
5800,0.979,0.006,0.015
5900,0.979,0.006,0.015
6000,0.988,0.003,0.009
6100,0.988,0.000,0.012
6200,0.994,0.000,0.006
6300,0.997,0.000,0.003
6400,0.997,0.000,0.003
6500,0.997,0.000,0.003
6600,1.000,0.000,0.000
