time,n_A+p,n_B,n_AB
0,0.028,0.972,-0.000
500,0.040,0.933,0.028
1000,0.034,0.927,0.040
1500,0.043,0.933,0.024
2000,0.037,0.933,0.031
2500,0.037,0.914,0.049
3000,0.040,0.917,0.043
3500,0.043,0.905,0.052
4000,0.070,0.890,0.040
4500,0.043,0.917,0.040
5000,0.040,0.908,0.052
5500,0.055,0.902,0.043
6000,0.031,0.933,0.037
6500,0.037,0.902,0.061
7000,0.034,0.924,0.043
7500,0.040,0.920,0.040
8000,0.028,0.927,0.046
8500,0.040,0.914,0.046
9000,0.034,0.914,0.052
9500,0.034,0.924,0.043
10000,0.034,0.939,0.028
10500,0.055,0.884,0.061
11000,0.040,0.887,0.073
11500,0.046,0.878,0.076
12000,0.040,0.902,0.058
12500,0.037,0.939,0.024
13000,0.043,0.917,0.040
13500,0.058,0.887,0.055
14000,0.040,0.908,0.052
14500,0.046,0.905,0.049
15000,0.034,0.905,0.061
15500,0.049,0.890,0.061
16000,0.067,0.859,0.073
16500,0.052,0.859,0.089
17000,0.040,0.878,0.083
17500,0.043,0.893,0.064
18000,0.040,0.905,0.055
18500,0.034,0.933,0.034
19000,0.049,0.890,0.061
19500,0.049,0.902,0.049
20000,0.037,0.899,0.064
20500,0.046,0.884,0.070
21000,0.070,0.890,0.040
21500,0.049,0.893,0.058
22000,0.061,0.859,0.080
22500,0.064,0.853,0.083
23000,0.055,0.875,0.070
23500,0.055,0.872,0.073
24000,0.049,0.835,0.116
24500,0.034,0.896,0.070
25000,0.061,0.893,0.046
25500,0.086,0.829,0.086
26000,0.049,0.908,0.043
26500,0.037,0.920,0.043
27000,0.034,0.945,0.021
27500,0.031,0.905,0.064
28000,0.040,0.911,0.049
28500,0.031,0.927,0.043
29000,0.028,0.954,0.018
29500,0.028,0.945,0.028
30000,0.028,0.917,0.055
30500,0.037,0.908,0.055
31000,0.043,0.911,0.046
31500,0.058,0.853,0.089
32000,0.046,0.884,0.070
32500,0.073,0.869,0.058
33000,0.046,0.872,0.083
33500,0.052,0.893,0.055
34000,0.067,0.875,0.058
34500,0.052,0.875,0.073
35000,0.040,0.914,0.046
35500,0.034,0.908,0.058
36000,0.031,0.899,0.070
36500,0.037,0.920,0.043
37000,0.037,0.930,0.034
37500,0.040,0.933,0.028
38000,0.028,0.927,0.046
38500,0.028,0.942,0.031
39000,0.034,0.939,0.028
39500,0.031,0.945,0.024
40000,0.043,0.911,0.046
40500,0.055,0.896,0.049
41000,0.046,0.878,0.076
41500,0.031,0.930,0.040
42000,0.049,0.905,0.046
42500,0.040,0.905,0.055
43000,0.043,0.902,0.055
43500,0.046,0.902,0.052
44000,0.043,0.875,0.083
44500,0.037,0.933,0.031
45000,0.028,0.914,0.058
45500,0.043,0.899,0.058
46000,0.058,0.881,0.061
46500,0.098,0.804,0.098
47000,0.113,0.789,0.098
47500,0.110,0.792,0.098
48000,0.107,0.804,0.089
48500,0.052,0.844,0.104
49000,0.080,0.865,0.055
49500,0.098,0.829,0.073
50000,0.113,0.813,0.073
50500,0.104,0.813,0.083
51000,0.107,0.801,0.092
51500,0.089,0.832,0.080
52000,0.083,0.807,0.110
52500,0.073,0.820,0.107
53000,0.104,0.807,0.089
53500,0.110,0.795,0.095
54000,0.098,0.804,0.098
54500,0.101,0.838,0.061
55000,0.119,0.789,0.092
55500,0.131,0.777,0.092
56000,0.128,0.768,0.104
56500,0.144,0.746,0.110
57000,0.168,0.749,0.083
57500,0.168,0.743,0.089
58000,0.202,0.728,0.070
58500,0.190,0.679,0.131
59000,0.174,0.706,0.119
59500,0.211,0.679,0.110
60000,0.248,0.627,0.125
60500,0.190,0.670,0.141
61000,0.208,0.657,0.135
61500,0.174,0.725,0.101
62000,0.199,0.713,0.089
62500,0.229,0.648,0.122
63000,0.229,0.657,0.113
63500,0.245,0.657,0.098
64000,0.254,0.630,0.116
64500,0.287,0.599,0.113
65000,0.242,0.621,0.138
65500,0.269,0.581,0.150
66000,0.284,0.563,0.153
66500,0.312,0.523,0.165
67000,0.312,0.517,0.171
67500,0.373,0.480,0.147
68000,0.373,0.495,0.131
68500,0.333,0.529,0.138
69000,0.398,0.529,0.073
69500,0.324,0.550,0.125
70000,0.251,0.636,0.113
70500,0.217,0.618,0.165
71000,0.242,0.627,0.131
71500,0.229,0.648,0.122
72000,0.202,0.682,0.116
72500,0.196,0.688,0.116
73000,0.223,0.688,0.089
73500,0.229,0.670,0.101
74000,0.202,0.703,0.095
74500,0.239,0.673,0.089
75000,0.300,0.566,0.135
75500,0.303,0.550,0.147
76000,0.321,0.560,0.119
76500,0.303,0.602,0.095
77000,0.291,0.563,0.147
77500,0.278,0.575,0.147
78000,0.278,0.602,0.119
78500,0.272,0.593,0.135
79000,0.232,0.667,0.101
79500,0.193,0.676,0.131
80000,0.226,0.673,0.101
80500,0.235,0.618,0.147
81000,0.251,0.612,0.138
81500,0.226,0.645,0.128
82000,0.220,0.667,0.113
82500,0.214,0.627,0.159
83000,0.226,0.648,0.125
83500,0.239,0.645,0.116
84000,0.251,0.615,0.135
84500,0.281,0.584,0.135
85000,0.223,0.648,0.128
85500,0.168,0.709,0.122
86000,0.165,0.706,0.128
86500,0.162,0.743,0.095
87000,0.159,0.752,0.089
87500,0.168,0.780,0.052
88000,0.101,0.813,0.086
88500,0.131,0.838,0.031
89000,0.076,0.850,0.073
89500,0.089,0.872,0.040
90000,0.083,0.826,0.092
90500,0.089,0.823,0.089
91000,0.131,0.786,0.083
91500,0.101,0.838,0.061
92000,0.049,0.859,0.092
92500,0.040,0.902,0.058
93000,0.040,0.896,0.064
93500,0.031,0.927,0.043
94000,0.040,0.917,0.043
94500,0.034,0.939,0.028
95000,0.040,0.884,0.076
95500,0.073,0.869,0.058
96000,0.067,0.865,0.067
96500,0.058,0.872,0.070
97000,0.055,0.881,0.064
97500,0.034,0.902,0.064
98000,0.043,0.917,0.040
98500,0.040,0.881,0.080
99000,0.046,0.881,0.073
99500,0.049,0.838,0.113
100000,0.076,0.826,0.098
100500,0.043,0.884,0.073
101000,0.040,0.927,0.034
101500,0.037,0.942,0.021
102000,0.037,0.884,0.080
102500,0.037,0.902,0.061
103000,0.031,0.914,0.055
103500,0.031,0.951,0.018
104000,0.034,0.927,0.040
104500,0.031,0.939,0.031
105000,0.028,0.960,0.012
105500,0.046,0.917,0.037
106000,0.073,0.853,0.073
106500,0.070,0.847,0.083
107000,0.061,0.844,0.095
107500,0.046,0.893,0.061
108000,0.040,0.896,0.064
108500,0.037,0.933,0.031
109000,0.052,0.893,0.055
109500,0.046,0.914,0.040
110000,0.037,0.911,0.052
110500,0.043,0.884,0.073
111000,0.052,0.902,0.046
111500,0.043,0.914,0.043
112000,0.043,0.908,0.049
112500,0.031,0.939,0.031
113000,0.046,0.905,0.049
113500,0.061,0.890,0.049
114000,0.061,0.893,0.046
114500,0.070,0.856,0.073
115000,0.052,0.847,0.101
115500,0.052,0.859,0.089
116000,0.052,0.872,0.076
116500,0.046,0.887,0.067
117000,0.037,0.896,0.067
117500,0.049,0.908,0.043
118000,0.034,0.942,0.024
118500,0.028,0.936,0.037
119000,0.028,0.945,0.028
119500,0.034,0.924,0.043
120000,0.049,0.930,0.021
120500,0.055,0.878,0.067
121000,0.101,0.810,0.089
121500,0.083,0.810,0.107
122000,0.113,0.801,0.086
122500,0.052,0.917,0.031
123000,0.052,0.899,0.049
123500,0.037,0.905,0.058
124000,0.043,0.902,0.055
124500,0.046,0.893,0.061
125000,0.076,0.881,0.043
125500,0.058,0.850,0.092
126000,0.064,0.856,0.080
126500,0.058,0.899,0.043
127000,0.083,0.862,0.055
127500,0.064,0.859,0.076
128000,0.055,0.899,0.046
128500,0.064,0.875,0.061
129000,0.061,0.887,0.052
129500,0.058,0.878,0.064
130000,0.076,0.865,0.058
130500,0.107,0.832,0.061
131000,0.076,0.862,0.061
131500,0.070,0.862,0.067
132000,0.092,0.813,0.095
132500,0.089,0.841,0.070
133000,0.089,0.817,0.095
133500,0.086,0.810,0.104
134000,0.131,0.758,0.110
134500,0.089,0.792,0.119
135000,0.058,0.869,0.073
135500,0.040,0.887,0.073
136000,0.037,0.927,0.037
136500,0.061,0.899,0.040
137000,0.083,0.850,0.067
137500,0.098,0.829,0.073
138000,0.086,0.820,0.095
138500,0.086,0.856,0.058
139000,0.037,0.862,0.101
139500,0.043,0.905,0.052
140000,0.034,0.930,0.037
140500,0.028,0.948,0.024
141000,0.034,0.945,0.021
141500,0.037,0.902,0.061
142000,0.043,0.924,0.034
142500,0.052,0.902,0.046
143000,0.040,0.902,0.058
143500,0.052,0.899,0.049
144000,0.040,0.911,0.049
144500,0.037,0.927,0.037
145000,0.034,0.902,0.064
145500,0.034,0.908,0.058
146000,0.031,0.908,0.061
146500,0.055,0.911,0.034
147000,0.064,0.890,0.046
147500,0.037,0.908,0.055
148000,0.080,0.783,0.138
148500,0.141,0.777,0.083
149000,0.116,0.801,0.083
149500,0.141,0.725,0.135
150000,0.202,0.661,0.138
150500,0.187,0.639,0.174
151000,0.223,0.615,0.162
151500,0.180,0.691,0.128
152000,0.196,0.709,0.095
152500,0.260,0.584,0.156
153000,0.275,0.581,0.144
153500,0.309,0.560,0.131
154000,0.324,0.538,0.138
154500,0.324,0.535,0.141
155000,0.312,0.560,0.128
155500,0.367,0.550,0.083
156000,0.382,0.489,0.128
156500,0.465,0.391,0.144
157000,0.443,0.431,0.125
157500,0.404,0.459,0.138
158000,0.404,0.419,0.177
158500,0.416,0.428,0.156
159000,0.407,0.422,0.171
159500,0.474,0.336,0.190
160000,0.410,0.416,0.174
160500,0.443,0.382,0.174
161000,0.462,0.391,0.147
161500,0.474,0.346,0.180
162000,0.511,0.336,0.153
162500,0.517,0.343,0.141
163000,0.532,0.324,0.144
163500,0.661,0.214,0.125
164000,0.700,0.208,0.092
164500,0.758,0.138,0.104
165000,0.875,0.067,0.058
165500,0.951,0.021,0.028
166000,0.924,0.024,0.052
166500,0.930,0.028,0.043
167000,0.945,0.024,0.031
167500,0.960,0.003,0.037
168000,0.988,0.003,0.009
168500,0.997,0.003,0.000
169000,0.997,0.003,0.000
169500,0.997,0.003,0.000
170000,0.997,0.003,0.000
170500,0.997,0.003,0.000
171000,0.997,0.003,0.000
171500,0.997,0.003,0.000
172000,0.997,0.003,0.000
172500,0.997,0.003,0.000
173000,0.997,0.003,0.000
173500,0.997,0.003,0.000
174000,0.997,0.003,0.000
174500,0.997,0.003,0.000
175000,0.997,0.003,0.000
175500,0.997,0.003,0.000
176000,0.997,0.000,0.003
176500,0.997,0.000,0.003
177000,0.997,0.000,0.003
177500,0.997,0.000,0.003
178000,0.997,0.000,0.003
178500,0.997,0.000,0.003
179000,0.997,0.000,0.003
179500,0.997,0.000,0.003
180000,0.997,0.000,0.003
180500,0.997,0.000,0.003
181000,0.997,0.000,0.003
181500,0.997,0.000,0.003
182000,0.997,0.000,0.003
182500,0.997,0.000,0.003
183000,0.997,0.000,0.003
183500,0.997,0.000,0.003
184000,0.997,0.000,0.003
184500,0.997,0.000,0.003
185000,0.997,0.000,0.003
185500,0.997,0.000,0.003
186000,0.997,0.000,0.003
186500,0.997,0.000,0.003
187000,0.997,0.000,0.003
187500,0.997,0.000,0.003
188000,0.997,0.000,0.003
188500,0.997,0.000,0.003
189000,0.997,0.000,0.003
189500,0.997,0.000,0.003
190000,0.997,0.000,0.003
190500,0.997,0.000,0.003
191000,0.997,0.000,0.003
191500,0.997,0.000,0.003
192000,0.997,0.000,0.003
192500,1.000,0.000,0.000
