time,n_A+p,n_B,n_AB
500,0.030,0.293,0.677
1000,0.068,0.082,0.850
1500,0.609,0.000,0.391
2000,0.624,0.000,0.376
2500,0.716,0.000,0.284
3000,0.686,0.000,0.314
3500,0.737,0.000,0.263
4000,0.658,0.000,0.342
4500,0.661,0.000,0.339
5000,0.681,0.000,0.319
5500,0.604,0.000,0.396
6000,0.733,0.000,0.267
6500,0.602,0.000,0.398
7000,0.474,0.000,0.526
7500,0.583,0.000,0.417
8000,0.641,0.000,0.359
8500,0.702,0.000,0.298
9000,0.578,0.000,0.422
9500,0.672,0.000,0.328
10000,0.526,0.000,0.474
10500,0.896,0.000,0.104
11000,0.827,0.000,0.173
11500,0.475,0.000,0.525
12000,0.676,0.000,0.324
12500,0.761,0.000,0.239
13000,0.650,0.000,0.350
13500,0.645,0.000,0.355
14000,0.493,0.000,0.507
14500,0.570,0.000,0.430
15000,0.758,0.000,0.242
15500,0.548,0.000,0.452
16000,0.637,0.000,0.363
16500,0.606,0.000,0.394
17000,0.769,0.000,0.231
17500,0.713,0.000,0.287
18000,0.774,0.000,0.226
18500,0.833,0.000,0.167
19000,0.817,0.000,0.183
19500,0.649,0.000,0.351
20000,0.514,0.000,0.486
20500,0.504,0.000,0.496
21000,0.710,0.000,0.290
21500,0.862,0.000,0.138
22000,0.776,0.000,0.224
22500,0.713,0.000,0.287
23000,0.593,0.000,0.407
23500,0.701,0.000,0.299
24000,0.821,0.000,0.179
24500,0.811,0.000,0.189
25000,0.563,0.000,0.437
25500,0.620,0.000,0.380
26000,0.544,0.000,0.456
26500,0.726,0.000,0.274
27000,0.645,0.000,0.355
27500,0.727,0.000,0.273
28000,0.773,0.000,0.227
28500,0.621,0.000,0.379
29000,0.770,0.000,0.230
29500,0.570,0.000,0.430
30000,0.691,0.000,0.309
30500,0.662,0.000,0.338
31000,0.770,0.000,0.230
31500,0.476,0.000,0.524
32000,0.680,0.000,0.320
32500,0.558,0.000,0.442
33000,0.764,0.000,0.236
33500,0.689,0.000,0.311
34000,0.634,0.000,0.366
34500,0.486,0.000,0.514
35000,0.588,0.000,0.412
35500,0.660,0.000,0.340
36000,0.776,0.000,0.224
36500,0.430,0.000,0.570
37000,0.544,0.000,0.456
37500,0.573,0.000,0.427
38000,0.702,0.000,0.298
38500,0.623,0.000,0.377
39000,0.613,0.000,0.387
39500,0.534,0.000,0.466
40000,0.553,0.000,0.447
40500,0.664,0.000,0.336
41000,0.620,0.000,0.380
41500,0.592,0.000,0.408
42000,0.519,0.000,0.481
42500,0.784,0.000,0.216
43000,0.812,0.000,0.188
43500,0.959,0.000,0.041
44000,1.000,0.000,0.000
