time,n_A+p,n_B,n_AB
500,0.080,0.862,0.058
1000,0.080,0.793,0.127
1500,0.080,0.742,0.178
2000,0.081,0.705,0.215
2500,0.083,0.670,0.247
3000,0.082,0.644,0.274
3500,0.084,0.619,0.297
4000,0.084,0.593,0.324
4500,0.087,0.559,0.353
5000,0.096,0.537,0.367
5500,0.102,0.493,0.405
6000,0.101,0.474,0.425
6500,0.097,0.459,0.444
7000,0.099,0.456,0.446
7500,0.104,0.461,0.435
8000,0.115,0.429,0.456
8500,0.117,0.416,0.467
9000,0.124,0.418,0.458
9500,0.124,0.406,0.469
10000,0.141,0.359,0.499
10500,0.157,0.341,0.502
11000,0.174,0.326,0.499
11500,0.183,0.293,0.523
12000,0.189,0.276,0.535
12500,0.214,0.246,0.540
13000,0.230,0.218,0.552
13500,0.257,0.200,0.543
14000,0.271,0.184,0.545
14500,0.285,0.165,0.550
15000,0.319,0.135,0.546
15500,0.319,0.120,0.561
16000,0.351,0.114,0.535
16500,0.378,0.096,0.527
17000,0.428,0.080,0.492
17500,0.467,0.068,0.466
18000,0.494,0.055,0.451
18500,0.499,0.041,0.460
19000,0.533,0.034,0.433
19500,0.581,0.023,0.396
20000,0.599,0.018,0.383
20500,0.620,0.009,0.371
21000,0.647,0.005,0.347
21500,0.690,0.004,0.306
22000,0.717,0.004,0.280
22500,0.729,0.001,0.271
23000,0.731,0.001,0.269
23500,0.743,0.000,0.257
24000,0.759,0.002,0.239
24500,0.782,0.003,0.215
25000,0.814,0.003,0.184
25500,0.840,0.001,0.160
26000,0.843,0.001,0.157
26500,0.843,0.000,0.157
27000,0.848,0.000,0.152
27500,0.862,0.001,0.137
28000,0.875,0.001,0.124
28500,0.881,0.001,0.118
29000,0.873,0.001,0.127
29500,0.885,0.000,0.115
30000,0.891,0.000,0.109
30500,0.895,0.000,0.105
31000,0.916,0.000,0.084
31500,0.916,0.000,0.084
32000,0.921,0.000,0.079
32500,0.933,0.000,0.067
33000,0.944,0.000,0.056
33500,0.949,0.000,0.051
34000,0.950,0.000,0.050
34500,0.947,0.000,0.053
35000,0.948,0.000,0.052
35500,0.942,0.000,0.058
36000,0.939,0.000,0.061
36500,0.953,0.000,0.047
37000,0.949,0.000,0.051
37500,0.953,0.000,0.047
38000,0.947,0.000,0.053
38500,0.954,0.000,0.046
39000,0.958,0.000,0.042
39500,0.960,0.000,0.040
40000,0.963,0.000,0.037
40500,0.966,0.000,0.034
41000,0.964,0.000,0.036
41500,0.962,0.000,0.038
42000,0.963,0.000,0.037
42500,0.966,0.000,0.034
43000,0.965,0.000,0.035
43500,0.970,0.000,0.030
44000,0.965,0.000,0.035
44500,0.971,0.000,0.029
45000,0.974,0.000,0.026
45500,0.976,0.000,0.024
46000,0.981,0.000,0.019
46500,0.986,0.000,0.014
47000,0.988,0.000,0.012
47500,0.990,0.000,0.010
48000,0.993,0.000,0.007
48500,0.992,0.000,0.008
49000,0.996,0.000,0.004
49500,0.998,0.000,0.002
50000,0.999,0.000,0.001
50500,0.999,0.000,0.001
51000,1.000,0.000,0.000
51500,1.000,0.000,0.000
52000,1.000,0.000,0.000
52500,1.000,0.000,0.000
