time,n_A+p,n_B,n_AB
500,0.030,0.286,0.684
1000,0.030,0.216,0.754
1500,0.030,0.154,0.816
2000,0.030,0.228,0.742
2500,0.030,0.111,0.859
3000,0.559,0.000,0.441
3500,0.592,0.000,0.408
4000,0.951,0.000,0.049
4500,0.835,0.000,0.165
5000,0.831,0.000,0.169
5500,0.871,0.000,0.129
6000,0.648,0.000,0.352
6500,0.733,0.000,0.267
7000,0.832,0.000,0.168
7500,0.901,0.000,0.099
8000,0.548,0.000,0.452
8500,0.558,0.000,0.442
9000,0.720,0.000,0.280
9500,0.832,0.000,0.168
10000,0.828,0.000,0.172
10500,0.729,0.000,0.271
11000,0.948,0.000,0.052
11500,0.957,0.000,0.043
12000,1.000,0.000,0.000
