time,n_A+p,n_B,n_AB
500,0.030,0.319,0.651
1000,0.030,0.244,0.726
1500,0.030,0.202,0.768
2000,0.030,0.218,0.752
2500,0.030,0.138,0.832
3000,0.030,0.272,0.698
3500,0.030,0.204,0.766
4000,0.030,0.273,0.697
4500,0.030,0.150,0.820
5000,0.030,0.293,0.677
5500,0.030,0.344,0.626
6000,0.030,0.318,0.652
6500,0.030,0.251,0.719
7000,0.030,0.480,0.490
7500,0.030,0.161,0.809
8000,0.030,0.274,0.696
8500,0.030,0.221,0.749
9000,0.030,0.255,0.715
9500,0.030,0.411,0.559
10000,0.030,0.252,0.718
10500,0.030,0.283,0.687
11000,0.030,0.127,0.843
11500,0.030,0.158,0.812
12000,0.030,0.360,0.610
12500,0.030,0.266,0.704
13000,0.030,0.226,0.744
13500,0.030,0.270,0.700
14000,0.030,0.237,0.733
14500,0.030,0.126,0.844
15000,0.030,0.314,0.656
15500,0.030,0.249,0.721
16000,0.030,0.347,0.623
16500,0.030,0.240,0.730
17000,0.030,0.285,0.685
17500,0.030,0.363,0.607
18000,0.030,0.209,0.761
18500,0.030,0.255,0.715
19000,0.030,0.472,0.498
19500,0.030,0.147,0.823
20000,0.030,0.338,0.632
20500,0.030,0.269,0.701
21000,0.030,0.287,0.683
21500,0.030,0.144,0.826
22000,0.030,0.172,0.798
22500,0.030,0.318,0.652
23000,0.030,0.244,0.726
23500,0.032,0.315,0.653
24000,0.030,0.288,0.682
24500,0.030,0.319,0.651
25000,0.030,0.228,0.742
25500,0.030,0.340,0.630
26000,0.030,0.171,0.799
26500,0.030,0.407,0.563
27000,0.030,0.304,0.666
27500,0.212,0.012,0.776
28000,0.999,0.000,0.001
28500,1.000,0.000,0.000
