time,n_A+p,n_B,n_AB
100,0.030,0.967,0.003
200,0.030,0.962,0.008
300,0.030,0.956,0.014
400,0.030,0.951,0.019
500,0.030,0.942,0.028
600,0.030,0.941,0.029
700,0.030,0.935,0.035
800,0.030,0.936,0.034
900,0.030,0.935,0.035
1000,0.030,0.930,0.040
1100,0.030,0.925,0.045
1200,0.030,0.918,0.052
1300,0.030,0.916,0.054
1400,0.030,0.917,0.053
1500,0.030,0.913,0.057
1600,0.032,0.909,0.059
1700,0.032,0.916,0.052
1800,0.031,0.916,0.053
1900,0.031,0.908,0.061
2000,0.031,0.905,0.064
2100,0.031,0.900,0.069
2200,0.031,0.901,0.068
2300,0.033,0.896,0.071
2400,0.034,0.889,0.077
2500,0.035,0.888,0.077
2600,0.033,0.886,0.081
2700,0.036,0.884,0.080
2800,0.035,0.870,0.095
2900,0.034,0.864,0.102
3000,0.039,0.856,0.105
3100,0.041,0.847,0.112
3200,0.040,0.846,0.114
3300,0.040,0.841,0.119
3400,0.042,0.840,0.118
3500,0.039,0.840,0.121
3600,0.042,0.832,0.126
3700,0.038,0.840,0.122
3800,0.037,0.846,0.117
3900,0.037,0.847,0.116
4000,0.036,0.850,0.114
4100,0.036,0.847,0.117
4200,0.037,0.841,0.122
4300,0.039,0.839,0.122
4400,0.040,0.833,0.127
4500,0.037,0.833,0.130
4600,0.035,0.829,0.136
4700,0.034,0.827,0.139
4800,0.035,0.822,0.143
4900,0.037,0.818,0.145
5000,0.036,0.812,0.152
5100,0.041,0.808,0.151
5200,0.041,0.800,0.159
5300,0.038,0.797,0.165
5400,0.039,0.793,0.168
5500,0.042,0.793,0.165
5600,0.047,0.793,0.160
5700,0.054,0.788,0.158
5800,0.056,0.790,0.154
5900,0.058,0.786,0.156
6000,0.059,0.779,0.162
6100,0.059,0.790,0.151
6200,0.058,0.789,0.153
6300,0.062,0.787,0.151
6400,0.061,0.790,0.149
6500,0.061,0.777,0.162
6600,0.065,0.767,0.168
6700,0.069,0.766,0.165
6800,0.064,0.771,0.165
6900,0.065,0.767,0.168
7000,0.060,0.767,0.173
7100,0.063,0.765,0.172
7200,0.062,0.767,0.171
7300,0.062,0.764,0.174
7400,0.063,0.771,0.166
7500,0.060,0.764,0.176
7600,0.073,0.753,0.174
7700,0.067,0.744,0.189
7800,0.063,0.734,0.203
7900,0.058,0.721,0.221
8000,0.065,0.711,0.224
8100,0.066,0.715,0.219
8200,0.065,0.716,0.219
8300,0.068,0.732,0.200
8400,0.066,0.723,0.211
8500,0.066,0.724,0.210
8600,0.070,0.721,0.209
8700,0.068,0.720,0.212
8800,0.068,0.716,0.216
8900,0.072,0.723,0.205
9000,0.073,0.719,0.208
9100,0.067,0.710,0.223
9200,0.070,0.697,0.233
9300,0.082,0.698,0.220
9400,0.077,0.695,0.228
9500,0.077,0.691,0.232
9600,0.071,0.688,0.241
9700,0.072,0.686,0.242
9800,0.080,0.681,0.239
9900,0.089,0.680,0.231
10000,0.085,0.689,0.226
10100,0.087,0.674,0.239
10200,0.084,0.674,0.242
10300,0.087,0.657,0.256
10400,0.096,0.662,0.242
10500,0.100,0.664,0.236
10600,0.105,0.660,0.235
10700,0.103,0.664,0.233
10800,0.102,0.653,0.245
10900,0.101,0.652,0.247
11000,0.104,0.646,0.250
11100,0.109,0.643,0.248
11200,0.102,0.646,0.252
11300,0.104,0.645,0.251
11400,0.113,0.637,0.250
11500,0.122,0.630,0.248
11600,0.118,0.635,0.247
11700,0.118,0.623,0.259
11800,0.122,0.610,0.268
11900,0.117,0.613,0.270
12000,0.112,0.614,0.274
12100,0.108,0.619,0.273
12200,0.098,0.642,0.260
12300,0.098,0.632,0.270
12400,0.104,0.633,0.263
12500,0.097,0.634,0.269
12600,0.101,0.649,0.250
12700,0.098,0.642,0.260
12800,0.096,0.628,0.276
12900,0.084,0.633,0.283
13000,0.078,0.636,0.286
13100,0.081,0.635,0.284
13200,0.092,0.632,0.276
13300,0.093,0.634,0.273
13400,0.090,0.632,0.278
13500,0.096,0.623,0.281
13600,0.096,0.620,0.284
13700,0.100,0.614,0.286
13800,0.105,0.606,0.289
13900,0.101,0.611,0.288
14000,0.111,0.603,0.286
14100,0.106,0.589,0.305
14200,0.119,0.588,0.293
14300,0.112,0.578,0.310
14400,0.124,0.577,0.299
14500,0.122,0.582,0.296
14600,0.112,0.586,0.302
14700,0.121,0.583,0.296
14800,0.123,0.595,0.282
14900,0.112,0.599,0.289
15000,0.109,0.603,0.288
15100,0.108,0.612,0.280
15200,0.118,0.609,0.273
15300,0.121,0.602,0.277
15400,0.126,0.611,0.263
15500,0.116,0.616,0.268
15600,0.125,0.603,0.272
15700,0.131,0.593,0.276
15800,0.140,0.597,0.263
15900,0.138,0.601,0.261
16000,0.131,0.597,0.272
16100,0.137,0.593,0.270
16200,0.135,0.593,0.272
16300,0.139,0.589,0.272
16400,0.132,0.586,0.282
16500,0.137,0.570,0.293
16600,0.143,0.560,0.297
16700,0.144,0.565,0.291
16800,0.148,0.559,0.293
16900,0.146,0.554,0.300
17000,0.140,0.550,0.310
17100,0.152,0.554,0.294
17200,0.160,0.534,0.306
17300,0.156,0.530,0.314
17400,0.161,0.523,0.316
17500,0.174,0.507,0.319
17600,0.168,0.508,0.324
17700,0.178,0.504,0.318
17800,0.167,0.509,0.324
17900,0.165,0.509,0.326
18000,0.170,0.509,0.321
18100,0.168,0.523,0.309
18200,0.167,0.513,0.320
18300,0.168,0.493,0.339
18400,0.168,0.490,0.342
18500,0.187,0.491,0.322
18600,0.199,0.492,0.309
18700,0.196,0.499,0.305
18800,0.201,0.497,0.302
18900,0.201,0.495,0.304
19000,0.213,0.472,0.315
19100,0.204,0.477,0.319
19200,0.199,0.483,0.318
19300,0.192,0.486,0.322
19400,0.191,0.488,0.321
19500,0.189,0.489,0.322
19600,0.200,0.490,0.310
19700,0.199,0.484,0.317
19800,0.198,0.469,0.333
19900,0.198,0.463,0.339
20000,0.197,0.447,0.356
20100,0.210,0.453,0.337
20200,0.207,0.445,0.348
20300,0.207,0.439,0.354
20400,0.205,0.435,0.360
20500,0.202,0.440,0.358
20600,0.212,0.429,0.359
20700,0.230,0.408,0.362
20800,0.236,0.411,0.353
20900,0.228,0.400,0.372
21000,0.232,0.408,0.360
21100,0.219,0.411,0.370
21200,0.216,0.428,0.356
21300,0.222,0.414,0.364
21400,0.236,0.391,0.373
21500,0.230,0.399,0.371
21600,0.239,0.392,0.369
21700,0.243,0.387,0.370
21800,0.244,0.381,0.375
21900,0.246,0.375,0.379
22000,0.256,0.366,0.378
22100,0.263,0.363,0.374
22200,0.258,0.369,0.373
22300,0.263,0.382,0.355
22400,0.274,0.373,0.353
22500,0.276,0.374,0.350
22600,0.287,0.378,0.335
22700,0.271,0.390,0.339
22800,0.265,0.388,0.347
22900,0.270,0.394,0.336
23000,0.273,0.394,0.333
23100,0.272,0.399,0.329
23200,0.270,0.403,0.327
23300,0.271,0.406,0.323
23400,0.275,0.406,0.319
23500,0.282,0.392,0.326
23600,0.272,0.387,0.341
23700,0.270,0.382,0.348
23800,0.277,0.383,0.340
23900,0.281,0.382,0.337
24000,0.274,0.387,0.339
24100,0.268,0.389,0.343
24200,0.259,0.393,0.348
24300,0.267,0.381,0.352
24400,0.269,0.370,0.361
24500,0.266,0.381,0.353
24600,0.264,0.381,0.355
24700,0.269,0.386,0.345
24800,0.264,0.377,0.359
24900,0.277,0.389,0.334
25000,0.267,0.372,0.361
25100,0.267,0.389,0.344
25200,0.271,0.381,0.348
25300,0.277,0.384,0.339
25400,0.283,0.365,0.352
25500,0.299,0.348,0.353
25600,0.306,0.342,0.352
25700,0.332,0.342,0.326
25800,0.340,0.338,0.322
25900,0.337,0.338,0.325
26000,0.343,0.337,0.320
26100,0.343,0.335,0.322
26200,0.333,0.333,0.334
26300,0.342,0.346,0.312
26400,0.334,0.332,0.334
26500,0.334,0.336,0.330
26600,0.322,0.341,0.337
26700,0.321,0.327,0.352
26800,0.323,0.333,0.344
26900,0.311,0.332,0.357
27000,0.319,0.331,0.350
27100,0.318,0.339,0.343
27200,0.318,0.337,0.345
27300,0.325,0.339,0.336
27400,0.321,0.329,0.350
27500,0.325,0.323,0.352
27600,0.331,0.316,0.353
27700,0.332,0.321,0.347
27800,0.345,0.311,0.344
27900,0.355,0.301,0.344
28000,0.352,0.299,0.349
28100,0.342,0.289,0.369
28200,0.341,0.296,0.363
28300,0.350,0.291,0.359
28400,0.352,0.294,0.354
28500,0.350,0.292,0.358
28600,0.346,0.289,0.365
28700,0.350,0.299,0.351
28800,0.356,0.291,0.353
28900,0.364,0.296,0.340
29000,0.376,0.280,0.344
29100,0.363,0.276,0.361
29200,0.365,0.268,0.367
29300,0.359,0.270,0.371
29400,0.382,0.278,0.340
29500,0.374,0.275,0.351
29600,0.390,0.269,0.341
29700,0.387,0.271,0.342
29800,0.378,0.276,0.346
29900,0.379,0.273,0.348
30000,0.379,0.264,0.357
30100,0.371,0.255,0.374
30200,0.381,0.258,0.361
30300,0.397,0.256,0.347
30400,0.394,0.251,0.355
30500,0.396,0.243,0.361
30600,0.405,0.231,0.364
30700,0.407,0.230,0.363
30800,0.417,0.233,0.350
30900,0.418,0.218,0.364
31000,0.419,0.227,0.354
31100,0.415,0.232,0.353
31200,0.410,0.239,0.351
31300,0.398,0.229,0.373
31400,0.398,0.230,0.372
31500,0.403,0.221,0.376
31600,0.403,0.223,0.374
31700,0.409,0.228,0.363
31800,0.413,0.231,0.356
31900,0.415,0.236,0.349
32000,0.405,0.237,0.358
32100,0.394,0.244,0.362
32200,0.396,0.238,0.366
32300,0.405,0.238,0.357
32400,0.416,0.239,0.345
32500,0.407,0.236,0.357
32600,0.397,0.241,0.362
32700,0.397,0.235,0.368
32800,0.406,0.236,0.358
32900,0.409,0.241,0.350
33000,0.398,0.259,0.343
33100,0.401,0.240,0.359
33200,0.404,0.241,0.355
33300,0.402,0.240,0.358
33400,0.398,0.243,0.359
33500,0.412,0.236,0.352
33600,0.409,0.222,0.369
33700,0.433,0.222,0.345
33800,0.428,0.215,0.357
33900,0.442,0.217,0.341
34000,0.440,0.220,0.340
34100,0.459,0.218,0.323
34200,0.448,0.205,0.347
34300,0.450,0.215,0.335
34400,0.458,0.218,0.324
34500,0.458,0.215,0.327
34600,0.471,0.211,0.318
34700,0.466,0.221,0.313
34800,0.478,0.206,0.316
34900,0.480,0.201,0.319
35000,0.477,0.207,0.316
35100,0.483,0.208,0.309
35200,0.481,0.207,0.312
35300,0.478,0.202,0.320
35400,0.486,0.201,0.313
35500,0.476,0.192,0.332
35600,0.477,0.188,0.335
35700,0.478,0.181,0.341
35800,0.485,0.178,0.337
35900,0.497,0.172,0.331
36000,0.506,0.167,0.327
36100,0.509,0.164,0.327
36200,0.515,0.168,0.317
36300,0.515,0.162,0.323
36400,0.513,0.162,0.325
36500,0.522,0.149,0.329
36600,0.522,0.156,0.322
36700,0.519,0.152,0.329
36800,0.516,0.141,0.343
36900,0.517,0.137,0.346
37000,0.516,0.148,0.336
37100,0.531,0.138,0.331
37200,0.533,0.128,0.339
37300,0.529,0.118,0.353
37400,0.531,0.122,0.347
37500,0.535,0.123,0.342
37600,0.540,0.130,0.330
37700,0.554,0.125,0.321
37800,0.550,0.115,0.335
37900,0.546,0.118,0.336
38000,0.552,0.123,0.325
38100,0.544,0.122,0.334
38200,0.537,0.120,0.343
38300,0.538,0.128,0.334
38400,0.535,0.129,0.336
38500,0.543,0.128,0.329
38600,0.554,0.133,0.313
38700,0.553,0.126,0.321
38800,0.565,0.127,0.308
38900,0.575,0.125,0.300
39000,0.562,0.121,0.317
39100,0.571,0.124,0.305
39200,0.574,0.127,0.299
39300,0.573,0.117,0.310
39400,0.587,0.126,0.287
39500,0.598,0.108,0.294
39600,0.609,0.103,0.288
39700,0.615,0.108,0.277
39800,0.611,0.102,0.287
39900,0.602,0.105,0.293
40000,0.596,0.097,0.307
40100,0.603,0.086,0.311
40200,0.598,0.096,0.306
40300,0.601,0.096,0.303
40400,0.598,0.094,0.308
40500,0.595,0.087,0.318
40600,0.586,0.094,0.320
40700,0.588,0.087,0.325
40800,0.593,0.105,0.302
40900,0.581,0.097,0.322
41000,0.588,0.107,0.305
41100,0.587,0.112,0.301
41200,0.587,0.111,0.302
41300,0.581,0.122,0.297
41400,0.573,0.131,0.296
41500,0.586,0.122,0.292
41600,0.581,0.127,0.292
41700,0.597,0.120,0.283
41800,0.603,0.111,0.286
41900,0.600,0.107,0.293
42000,0.585,0.111,0.304
42100,0.588,0.121,0.291
42200,0.582,0.130,0.288
42300,0.575,0.134,0.291
42400,0.572,0.133,0.295
42500,0.586,0.121,0.293
42600,0.589,0.107,0.304
42700,0.587,0.104,0.309
42800,0.597,0.104,0.299
42900,0.599,0.098,0.303
43000,0.593,0.101,0.306
43100,0.589,0.106,0.305
43200,0.598,0.098,0.304
43300,0.598,0.092,0.310
43400,0.599,0.091,0.310
43500,0.601,0.092,0.307
43600,0.608,0.094,0.298
43700,0.608,0.097,0.295
43800,0.622,0.090,0.288
43900,0.628,0.091,0.281
44000,0.632,0.088,0.280
44100,0.635,0.083,0.282
44200,0.628,0.094,0.278
44300,0.640,0.092,0.268
44400,0.639,0.087,0.274
44500,0.638,0.094,0.268
44600,0.643,0.096,0.261
44700,0.647,0.089,0.264
44800,0.657,0.098,0.245
44900,0.654,0.089,0.257
45000,0.655,0.082,0.263
45100,0.650,0.077,0.273
45200,0.648,0.070,0.282
45300,0.647,0.072,0.281
45400,0.658,0.062,0.280
45500,0.672,0.061,0.267
45600,0.668,0.067,0.265
45700,0.675,0.068,0.257
45800,0.683,0.065,0.252
45900,0.699,0.069,0.232
46000,0.697,0.069,0.234
46100,0.719,0.062,0.219
46200,0.727,0.060,0.213
46300,0.724,0.053,0.223
46400,0.737,0.054,0.209
46500,0.741,0.056,0.203
46600,0.730,0.051,0.219
46700,0.730,0.049,0.221
46800,0.730,0.052,0.218
46900,0.738,0.053,0.209
47000,0.749,0.046,0.205
47100,0.748,0.051,0.201
47200,0.752,0.054,0.194
47300,0.746,0.060,0.194
47400,0.744,0.055,0.201
47500,0.750,0.049,0.201
47600,0.751,0.041,0.208
47700,0.741,0.043,0.216
47800,0.740,0.041,0.219
47900,0.749,0.040,0.211
48000,0.754,0.037,0.209
48100,0.759,0.036,0.205
48200,0.758,0.035,0.207
48300,0.759,0.036,0.205
48400,0.760,0.045,0.195
48500,0.761,0.043,0.196
48600,0.758,0.042,0.200
48700,0.763,0.039,0.198
48800,0.770,0.037,0.193
48900,0.775,0.032,0.193
49000,0.779,0.035,0.186
49100,0.780,0.034,0.186
49200,0.781,0.028,0.191
49300,0.783,0.030,0.187
49400,0.790,0.029,0.181
49500,0.790,0.029,0.181
49600,0.790,0.026,0.184
49700,0.783,0.026,0.191
49800,0.785,0.025,0.190
49900,0.790,0.021,0.189
50000,0.798,0.021,0.181
50100,0.798,0.018,0.184
50200,0.805,0.018,0.177
50300,0.814,0.018,0.168
50400,0.817,0.020,0.163
50500,0.830,0.017,0.153
50600,0.836,0.017,0.147
50700,0.840,0.013,0.147
50800,0.833,0.012,0.155
50900,0.840,0.012,0.148
51000,0.837,0.009,0.154
51100,0.839,0.011,0.150
51200,0.848,0.011,0.141
51300,0.845,0.010,0.145
51400,0.848,0.013,0.139
51500,0.840,0.013,0.147
51600,0.833,0.011,0.156
51700,0.831,0.011,0.158
51800,0.839,0.014,0.147
51900,0.839,0.015,0.146
52000,0.837,0.015,0.148
52100,0.839,0.018,0.143
52200,0.834,0.019,0.147
52300,0.841,0.018,0.141
52400,0.838,0.023,0.139
52500,0.843,0.022,0.135
52600,0.839,0.020,0.141
52700,0.835,0.023,0.142
52800,0.840,0.026,0.134
52900,0.844,0.025,0.131
53000,0.854,0.023,0.123
53100,0.844,0.022,0.134
53200,0.847,0.018,0.135
53300,0.848,0.017,0.135
53400,0.842,0.020,0.138
53500,0.841,0.017,0.142
53600,0.839,0.014,0.147
53700,0.838,0.012,0.150
53800,0.838,0.012,0.150
53900,0.836,0.010,0.154
54000,0.845,0.010,0.145
54100,0.847,0.010,0.143
54200,0.857,0.007,0.136
54300,0.865,0.012,0.123
54400,0.862,0.019,0.119
54500,0.870,0.014,0.116
54600,0.861,0.016,0.123
54700,0.853,0.020,0.127
54800,0.861,0.017,0.122
54900,0.863,0.016,0.121
55000,0.860,0.016,0.124
55100,0.866,0.014,0.120
55200,0.871,0.016,0.113
55300,0.878,0.015,0.107
55400,0.879,0.017,0.104
55500,0.884,0.011,0.105
55600,0.884,0.020,0.096
55700,0.883,0.019,0.098
55800,0.873,0.020,0.107
55900,0.864,0.019,0.117
56000,0.864,0.017,0.119
56100,0.868,0.015,0.117
56200,0.874,0.016,0.110
56300,0.874,0.014,0.112
56400,0.879,0.012,0.109
56500,0.881,0.010,0.109
56600,0.882,0.010,0.108
56700,0.881,0.012,0.107
56800,0.887,0.012,0.101
56900,0.883,0.015,0.102
57000,0.876,0.015,0.109
57100,0.883,0.014,0.103
57200,0.882,0.013,0.105
57300,0.885,0.012,0.103
57400,0.887,0.011,0.102
57500,0.888,0.012,0.100
57600,0.890,0.011,0.099
57700,0.896,0.011,0.093
57800,0.893,0.013,0.094
57900,0.897,0.015,0.088
58000,0.904,0.014,0.082
58100,0.907,0.012,0.081
58200,0.911,0.010,0.079
58300,0.908,0.008,0.084
58400,0.909,0.007,0.084
58500,0.905,0.008,0.087
58600,0.907,0.008,0.085
58700,0.904,0.006,0.090
58800,0.908,0.005,0.087
58900,0.910,0.004,0.086
59000,0.902,0.003,0.095
59100,0.907,0.001,0.092
59200,0.911,0.001,0.088
59300,0.916,0.001,0.083
59400,0.917,0.001,0.082
59500,0.916,0.001,0.083
59600,0.907,0.001,0.092
59700,0.917,0.001,0.082
59800,0.920,0.004,0.076
59900,0.918,0.003,0.079
60000,0.925,0.003,0.072
60100,0.929,0.003,0.068
60200,0.934,0.003,0.063
60300,0.934,0.002,0.064
60400,0.928,0.002,0.070
60500,0.930,0.001,0.069
60600,0.931,0.001,0.068
60700,0.935,0.001,0.064
60800,0.942,0.001,0.057
60900,0.943,0.000,0.057
61000,0.941,0.000,0.059
61100,0.941,0.000,0.059
61200,0.948,0.000,0.052
61300,0.953,0.000,0.047
61400,0.950,0.000,0.050
61500,0.948,0.000,0.052
61600,0.949,0.000,0.051
61700,0.948,0.000,0.052
61800,0.947,0.000,0.053
61900,0.946,0.003,0.051
62000,0.948,0.003,0.049
62100,0.948,0.003,0.049
62200,0.948,0.002,0.050
62300,0.947,0.001,0.052
62400,0.950,0.001,0.049
62500,0.951,0.001,0.048
62600,0.956,0.001,0.043
62700,0.960,0.001,0.039
62800,0.966,0.001,0.033
62900,0.968,0.001,0.031
63000,0.969,0.001,0.030
63100,0.968,0.001,0.031
63200,0.966,0.001,0.033
63300,0.966,0.001,0.033
63400,0.966,0.001,0.033
63500,0.966,0.001,0.033
63600,0.966,0.001,0.033
63700,0.967,0.001,0.032
63800,0.968,0.000,0.032
63900,0.969,0.000,0.031
64000,0.969,0.000,0.031
64100,0.971,0.000,0.029
64200,0.969,0.000,0.031
64300,0.971,0.000,0.029
64400,0.972,0.000,0.028
64500,0.975,0.000,0.025
64600,0.977,0.000,0.023
64700,0.975,0.000,0.025
64800,0.976,0.000,0.024
64900,0.975,0.000,0.025
65000,0.978,0.000,0.022
65100,0.976,0.000,0.024
65200,0.974,0.002,0.024
65300,0.976,0.002,0.022
65400,0.979,0.002,0.019
65500,0.979,0.002,0.019
65600,0.979,0.002,0.019
65700,0.980,0.002,0.018
65800,0.982,0.002,0.016
65900,0.982,0.002,0.016
66000,0.982,0.002,0.016
66100,0.982,0.001,0.017
66200,0.983,0.001,0.016
66300,0.982,0.001,0.017
66400,0.985,0.001,0.014
66500,0.989,0.001,0.010
66600,0.988,0.001,0.011
66700,0.989,0.001,0.010
66800,0.990,0.000,0.010
66900,0.990,0.000,0.010
67000,0.990,0.000,0.010
67100,0.987,0.000,0.013
67200,0.985,0.000,0.015
67300,0.987,0.000,0.013
67400,0.990,0.000,0.010
67500,0.987,0.000,0.013
67600,0.986,0.000,0.014
67700,0.987,0.000,0.013
67800,0.989,0.000,0.011
67900,0.989,0.000,0.011
68000,0.990,0.000,0.010
68100,0.990,0.000,0.010
68200,0.991,0.000,0.009
68300,0.991,0.000,0.009
68400,0.992,0.000,0.008
68500,0.993,0.000,0.007
68600,0.993,0.000,0.007
68700,0.992,0.000,0.008
68800,0.991,0.000,0.009
68900,0.991,0.000,0.009
69000,0.993,0.000,0.007
69100,0.994,0.000,0.006
69200,0.995,0.000,0.005
69300,0.996,0.000,0.004
69400,0.996,0.000,0.004
69500,0.996,0.000,0.004
69600,0.996,0.000,0.004
69700,0.997,0.000,0.003
69800,0.997,0.000,0.003
69900,0.997,0.000,0.003
70000,0.997,0.000,0.003
70100,0.997,0.000,0.003
70200,0.997,0.000,0.003
70300,0.997,0.000,0.003
70400,0.997,0.000,0.003
70500,0.996,0.000,0.004
70600,0.996,0.000,0.004
70700,0.997,0.000,0.003
70800,0.997,0.000,0.003
70900,0.997,0.000,0.003
71000,0.997,0.000,0.003
71100,0.995,0.000,0.005
71200,0.995,0.000,0.005
71300,0.995,0.000,0.005
71400,0.995,0.000,0.005
71500,0.994,0.000,0.006
71600,0.992,0.000,0.008
71700,0.991,0.000,0.009
71800,0.993,0.000,0.007
71900,0.994,0.000,0.006
72000,0.995,0.000,0.005
72100,0.995,0.000,0.005
72200,0.995,0.000,0.005
72300,0.995,0.000,0.005
72400,0.995,0.000,0.005
72500,0.994,0.000,0.006
72600,0.992,0.000,0.008
72700,0.990,0.000,0.010
72800,0.990,0.000,0.010
72900,0.989,0.000,0.011
73000,0.989,0.000,0.011
73100,0.991,0.000,0.009
73200,0.991,0.000,0.009
73300,0.991,0.000,0.009
73400,0.992,0.000,0.008
73500,0.992,0.000,0.008
73600,0.994,0.000,0.006
73700,0.994,0.000,0.006
73800,0.995,0.000,0.005
73900,0.994,0.000,0.006
74000,0.994,0.000,0.006
74100,0.995,0.000,0.005
74200,0.995,0.000,0.005
74300,0.995,0.000,0.005
74400,0.995,0.000,0.005
74500,0.995,0.000,0.005
74600,0.995,0.000,0.005
74700,0.995,0.000,0.005
74800,0.994,0.000,0.006
74900,0.994,0.000,0.006
75000,0.994,0.000,0.006
75100,0.994,0.000,0.006
75200,0.994,0.000,0.006
75300,0.995,0.000,0.005
75400,0.995,0.000,0.005
75500,0.995,0.000,0.005
75600,0.995,0.000,0.005
75700,0.995,0.000,0.005
75800,0.995,0.000,0.005
75900,0.995,0.000,0.005
76000,0.994,0.000,0.006
76100,0.995,0.000,0.005
76200,0.996,0.000,0.004
76300,0.996,0.000,0.004
76400,0.997,0.000,0.003
76500,0.997,0.000,0.003
76600,0.997,0.000,0.003
76700,0.997,0.000,0.003
76800,0.998,0.000,0.002
76900,0.998,0.000,0.002
77000,0.998,0.000,0.002
77100,0.998,0.000,0.002
77200,0.998,0.000,0.002
77300,0.999,0.000,0.001
77400,0.999,0.000,0.001
77500,0.999,0.000,0.001
77600,0.999,0.000,0.001
77700,0.999,0.000,0.001
77800,0.999,0.000,0.001
77900,0.999,0.000,0.001
78000,0.997,0.000,0.003
78100,0.997,0.000,0.003
78200,0.998,0.000,0.002
78300,0.998,0.000,0.002
78400,1.000,0.000,0.000
