time,n_A+p,n_B,n_AB
500,0.050,0.755,0.195
1000,0.050,0.573,0.377
1500,0.050,0.438,0.512
2000,0.055,0.374,0.571
2500,0.079,0.280,0.641
3000,0.093,0.240,0.667
3500,0.111,0.198,0.691
4000,0.093,0.242,0.665
4500,0.070,0.344,0.586
5000,0.057,0.418,0.525
5500,0.056,0.312,0.632
6000,0.052,0.345,0.603
6500,0.051,0.423,0.526
7000,0.055,0.365,0.580
7500,0.065,0.333,0.602
8000,0.066,0.344,0.590
8500,0.071,0.341,0.588
9000,0.056,0.297,0.647
9500,0.060,0.368,0.572
10000,0.054,0.348,0.598
10500,0.059,0.400,0.541
11000,0.059,0.351,0.590
11500,0.073,0.329,0.598
12000,0.050,0.411,0.539
12500,0.050,0.455,0.495
13000,0.053,0.462,0.485
13500,0.050,0.508,0.442
14000,0.050,0.399,0.551
14500,0.061,0.333,0.606
15000,0.051,0.412,0.537
15500,0.050,0.484,0.466
16000,0.050,0.457,0.493
16500,0.050,0.425,0.525
17000,0.050,0.473,0.477
17500,0.050,0.472,0.478
18000,0.050,0.530,0.420
18500,0.051,0.398,0.551
19000,0.051,0.382,0.567
19500,0.050,0.428,0.522
20000,0.050,0.406,0.544
20500,0.051,0.445,0.504
21000,0.050,0.368,0.582
21500,0.058,0.324,0.618
22000,0.063,0.341,0.596
22500,0.059,0.334,0.607
23000,0.071,0.372,0.557
23500,0.064,0.309,0.627
24000,0.063,0.323,0.614
24500,0.074,0.309,0.617
25000,0.061,0.348,0.591
25500,0.057,0.356,0.587
26000,0.059,0.298,0.643
26500,0.068,0.296,0.636
27000,0.056,0.286,0.658
27500,0.057,0.335,0.608
28000,0.054,0.307,0.639
28500,0.063,0.317,0.620
29000,0.052,0.375,0.573
29500,0.062,0.344,0.594
30000,0.059,0.319,0.622
30500,0.051,0.309,0.640
31000,0.066,0.360,0.574
31500,0.050,0.391,0.559
32000,0.081,0.339,0.580
32500,0.061,0.333,0.606
33000,0.067,0.364,0.569
33500,0.051,0.392,0.557
34000,0.056,0.283,0.661
34500,0.052,0.372,0.576
35000,0.050,0.481,0.469
35500,0.050,0.415,0.535
36000,0.050,0.464,0.486
36500,0.050,0.370,0.580
37000,0.064,0.415,0.521
37500,0.055,0.417,0.528
38000,0.058,0.380,0.562
38500,0.067,0.281,0.652
39000,0.069,0.268,0.663
39500,0.078,0.324,0.598
40000,0.061,0.362,0.577
40500,0.060,0.324,0.616
41000,0.071,0.340,0.589
41500,0.108,0.220,0.672
42000,0.064,0.289,0.647
42500,0.060,0.365,0.575
43000,0.050,0.505,0.445
43500,0.050,0.460,0.490
44000,0.050,0.449,0.501
44500,0.050,0.376,0.574
45000,0.057,0.431,0.512
45500,0.054,0.420,0.526
46000,0.053,0.498,0.449
46500,0.050,0.465,0.485
47000,0.051,0.465,0.484
47500,0.050,0.420,0.530
48000,0.050,0.461,0.489
48500,0.050,0.465,0.485
49000,0.050,0.521,0.429
49500,0.050,0.456,0.494
50000,0.055,0.402,0.543
50500,0.060,0.367,0.573
51000,0.053,0.389,0.558
51500,0.051,0.456,0.493
52000,0.057,0.374,0.569
52500,0.050,0.406,0.544
53000,0.053,0.404,0.543
53500,0.072,0.309,0.619
54000,0.055,0.369,0.576
54500,0.050,0.402,0.548
55000,0.055,0.369,0.576
55500,0.057,0.274,0.669
56000,0.053,0.334,0.613
56500,0.056,0.368,0.576
57000,0.056,0.391,0.553
57500,0.054,0.370,0.576
58000,0.058,0.357,0.585
58500,0.064,0.333,0.603
59000,0.058,0.349,0.593
59500,0.103,0.244,0.653
60000,0.063,0.278,0.659
60500,0.094,0.234,0.672
61000,0.068,0.315,0.617
61500,0.058,0.389,0.553
62000,0.060,0.410,0.530
62500,0.060,0.347,0.593
63000,0.057,0.380,0.563
63500,0.053,0.255,0.692
64000,0.066,0.324,0.610
64500,0.084,0.289,0.627
65000,0.064,0.287,0.649
65500,0.059,0.325,0.616
66000,0.070,0.247,0.683
66500,0.116,0.181,0.703
67000,0.132,0.176,0.692
67500,0.162,0.142,0.696
68000,0.320,0.037,0.643
68500,0.624,0.001,0.375
69000,0.752,0.000,0.248
69500,0.783,0.000,0.217
70000,0.835,0.000,0.165
70500,0.828,0.000,0.172
71000,0.837,0.000,0.163
71500,0.908,0.000,0.092
72000,0.971,0.000,0.029
72500,0.988,0.000,0.012
73000,0.981,0.000,0.019
73500,0.967,0.000,0.033
74000,0.982,0.000,0.018
74500,0.997,0.000,0.003
75000,1.000,0.000,0.000
