time,n_A+p,n_B,n_AB
100,0.377,0.483,0.141
200,0.324,0.438,0.239
300,0.278,0.391,0.332
400,0.244,0.355,0.401
500,0.231,0.330,0.439
600,0.221,0.313,0.466
700,0.211,0.278,0.511
800,0.187,0.261,0.551
900,0.192,0.256,0.552
1000,0.194,0.236,0.570
1100,0.194,0.230,0.576
1200,0.187,0.222,0.591
1300,0.190,0.208,0.602
1400,0.168,0.213,0.619
1500,0.164,0.205,0.630
1600,0.176,0.210,0.614
1700,0.180,0.194,0.625
1800,0.196,0.182,0.623
1900,0.203,0.185,0.613
2000,0.179,0.175,0.646
2100,0.176,0.178,0.647
2200,0.197,0.164,0.640
2300,0.200,0.175,0.625
2400,0.198,0.173,0.629
2500,0.189,0.178,0.633
2600,0.198,0.168,0.634
2700,0.208,0.155,0.636
2800,0.198,0.142,0.660
2900,0.169,0.143,0.688
3000,0.179,0.132,0.689
3100,0.175,0.139,0.686
3200,0.161,0.141,0.697
3300,0.175,0.147,0.679
3400,0.168,0.146,0.686
3500,0.160,0.142,0.698
3600,0.158,0.141,0.701
3700,0.189,0.130,0.681
3800,0.166,0.118,0.716
3900,0.152,0.130,0.718
4000,0.164,0.157,0.679
4100,0.153,0.146,0.701
4200,0.150,0.146,0.704
4300,0.151,0.141,0.708
4400,0.167,0.127,0.706
4500,0.176,0.123,0.701
4600,0.181,0.121,0.698
4700,0.173,0.129,0.698
4800,0.208,0.111,0.682
4900,0.222,0.108,0.669
5000,0.210,0.108,0.682
5100,0.202,0.107,0.692
5200,0.202,0.100,0.698
5300,0.212,0.098,0.689
5400,0.208,0.111,0.680
5500,0.235,0.100,0.665
5600,0.238,0.094,0.668
5700,0.260,0.081,0.659
5800,0.263,0.083,0.655
5900,0.295,0.079,0.626
6000,0.279,0.077,0.644
6100,0.294,0.076,0.630
6200,0.306,0.075,0.619
6300,0.283,0.072,0.644
6400,0.310,0.072,0.618
6500,0.317,0.066,0.617
6600,0.361,0.060,0.579
6700,0.351,0.054,0.595
6800,0.366,0.050,0.584
6900,0.389,0.053,0.558
7000,0.421,0.054,0.525
7100,0.438,0.048,0.514
7200,0.427,0.045,0.528
7300,0.409,0.047,0.544
7400,0.438,0.044,0.518
7500,0.421,0.045,0.534
7600,0.388,0.043,0.569
7700,0.389,0.045,0.566
7800,0.376,0.041,0.583
7900,0.401,0.047,0.552
8000,0.406,0.052,0.542
8100,0.410,0.043,0.547
8200,0.452,0.041,0.507
8300,0.448,0.038,0.513
8400,0.443,0.040,0.517
8500,0.444,0.038,0.517
8600,0.431,0.036,0.533
8700,0.403,0.037,0.560
8800,0.406,0.036,0.559
8900,0.404,0.034,0.562
9000,0.396,0.030,0.574
9100,0.427,0.030,0.542
9200,0.428,0.029,0.543
9300,0.425,0.030,0.545
9400,0.457,0.027,0.516
9500,0.456,0.026,0.518
9600,0.417,0.029,0.554
9700,0.420,0.027,0.553
9800,0.438,0.029,0.534
9900,0.439,0.033,0.528
10000,0.425,0.029,0.546
10100,0.419,0.030,0.551
10200,0.417,0.031,0.551
10300,0.436,0.029,0.536
10400,0.425,0.027,0.548
10500,0.463,0.029,0.508
10600,0.466,0.030,0.504
10700,0.448,0.027,0.525
10800,0.459,0.027,0.515
10900,0.473,0.028,0.499
11000,0.492,0.026,0.482
11100,0.483,0.023,0.495
11200,0.520,0.022,0.458
11300,0.545,0.020,0.435
11400,0.531,0.021,0.448
11500,0.545,0.022,0.433
11600,0.526,0.021,0.453
11700,0.523,0.017,0.459
11800,0.493,0.016,0.491
11900,0.510,0.017,0.473
12000,0.493,0.016,0.491
12100,0.483,0.017,0.499
12200,0.490,0.017,0.494
12300,0.520,0.016,0.464
12400,0.504,0.017,0.478
12500,0.477,0.017,0.506
12600,0.446,0.019,0.535
12700,0.463,0.017,0.520
12800,0.485,0.016,0.499
12900,0.528,0.016,0.456
13000,0.536,0.015,0.449
13100,0.527,0.015,0.458
13200,0.525,0.018,0.457
13300,0.521,0.016,0.463
13400,0.536,0.020,0.445
13500,0.569,0.019,0.413
13600,0.588,0.018,0.394
13700,0.623,0.018,0.359
13800,0.606,0.017,0.377
13900,0.583,0.019,0.398
14000,0.573,0.022,0.405
14100,0.573,0.017,0.410
14200,0.579,0.015,0.406
14300,0.561,0.015,0.425
14400,0.570,0.015,0.415
14500,0.562,0.015,0.424
14600,0.547,0.019,0.434
14700,0.540,0.013,0.447
14800,0.558,0.011,0.431
14900,0.563,0.010,0.427
15000,0.555,0.012,0.433
15100,0.570,0.011,0.419
15200,0.601,0.011,0.388
15300,0.617,0.011,0.372
15400,0.623,0.010,0.367
15500,0.622,0.009,0.369
15600,0.609,0.009,0.382
15700,0.614,0.008,0.378
15800,0.635,0.008,0.357
15900,0.670,0.008,0.322
16000,0.639,0.010,0.351
16100,0.650,0.008,0.343
16200,0.643,0.007,0.350
16300,0.664,0.008,0.328
16400,0.682,0.008,0.310
16500,0.690,0.006,0.304
16600,0.685,0.006,0.310
16700,0.673,0.005,0.322
16800,0.681,0.008,0.311
16900,0.686,0.005,0.309
17000,0.714,0.005,0.281
17100,0.724,0.005,0.272
17200,0.737,0.005,0.258
17300,0.748,0.005,0.247
17400,0.759,0.005,0.236
17500,0.711,0.005,0.285
17600,0.708,0.006,0.286
17700,0.682,0.006,0.312
17800,0.666,0.006,0.328
17900,0.658,0.006,0.335
18000,0.650,0.006,0.343
18100,0.680,0.005,0.315
18200,0.698,0.005,0.297
18300,0.694,0.007,0.299
18400,0.723,0.007,0.270
18500,0.726,0.006,0.268
18600,0.719,0.006,0.275
18700,0.717,0.006,0.276
18800,0.750,0.006,0.244
18900,0.742,0.005,0.253
19000,0.747,0.005,0.248
19100,0.758,0.005,0.237
19200,0.754,0.006,0.240
19300,0.769,0.005,0.226
19400,0.751,0.005,0.244
19500,0.758,0.006,0.236
19600,0.756,0.006,0.238
19700,0.767,0.006,0.228
19800,0.748,0.006,0.246
19900,0.772,0.006,0.222
20000,0.758,0.006,0.236
20100,0.731,0.006,0.263
20200,0.746,0.006,0.249
20300,0.729,0.006,0.265
20400,0.733,0.007,0.260
20500,0.711,0.005,0.284
20600,0.722,0.006,0.272
20700,0.740,0.005,0.256
20800,0.693,0.005,0.302
20900,0.675,0.010,0.315
21000,0.668,0.008,0.324
21100,0.663,0.006,0.331
21200,0.672,0.006,0.322
21300,0.682,0.007,0.311
21400,0.685,0.006,0.308
21500,0.676,0.006,0.318
21600,0.685,0.009,0.306
21700,0.703,0.008,0.289
21800,0.728,0.006,0.266
21900,0.714,0.005,0.281
22000,0.704,0.005,0.291
22100,0.700,0.005,0.296
22200,0.703,0.005,0.293
22300,0.706,0.005,0.289
22400,0.676,0.005,0.319
22500,0.662,0.007,0.331
22600,0.659,0.006,0.334
22700,0.651,0.008,0.341
22800,0.654,0.005,0.341
22900,0.670,0.005,0.325
23000,0.654,0.006,0.341
23100,0.662,0.005,0.332
23200,0.683,0.005,0.311
23300,0.651,0.005,0.345
23400,0.599,0.005,0.396
23500,0.572,0.008,0.421
23600,0.571,0.007,0.422
23700,0.563,0.006,0.431
23800,0.592,0.008,0.400
23900,0.608,0.009,0.383
24000,0.626,0.008,0.366
24100,0.651,0.008,0.341
24200,0.636,0.010,0.353
24300,0.653,0.008,0.339
24400,0.666,0.008,0.326
24500,0.659,0.010,0.331
24600,0.673,0.008,0.318
24700,0.654,0.007,0.339
24800,0.665,0.007,0.328
24900,0.670,0.006,0.324
25000,0.650,0.006,0.344
25100,0.616,0.008,0.377
25200,0.626,0.007,0.367
25300,0.641,0.006,0.353
25400,0.657,0.008,0.336
25500,0.661,0.008,0.332
25600,0.662,0.008,0.330
25700,0.662,0.008,0.331
25800,0.643,0.008,0.350
25900,0.661,0.006,0.333
26000,0.680,0.006,0.314
26100,0.692,0.006,0.302
26200,0.675,0.006,0.319
26300,0.654,0.008,0.339
26400,0.678,0.007,0.315
26500,0.708,0.006,0.286
26600,0.687,0.006,0.307
26700,0.679,0.006,0.315
26800,0.684,0.006,0.310
26900,0.711,0.006,0.283
27000,0.692,0.007,0.301
27100,0.665,0.006,0.329
27200,0.654,0.006,0.341
27300,0.676,0.005,0.319
27400,0.681,0.007,0.312
27500,0.682,0.006,0.313
27600,0.678,0.006,0.315
27700,0.673,0.006,0.321
27800,0.681,0.005,0.314
27900,0.669,0.005,0.325
28000,0.709,0.005,0.286
28100,0.714,0.005,0.281
28200,0.728,0.004,0.268
28300,0.731,0.004,0.265
28400,0.732,0.004,0.264
28500,0.722,0.004,0.274
28600,0.720,0.004,0.276
28700,0.706,0.004,0.290
28800,0.700,0.004,0.296
28900,0.690,0.004,0.306
29000,0.681,0.004,0.315
29100,0.694,0.004,0.302
29200,0.709,0.004,0.287
29300,0.670,0.004,0.326
29400,0.676,0.004,0.320
29500,0.687,0.004,0.309
29600,0.703,0.004,0.293
29700,0.714,0.003,0.282
29800,0.697,0.003,0.299
29900,0.706,0.007,0.287
30000,0.673,0.008,0.318
30100,0.675,0.005,0.320
30200,0.665,0.005,0.330
30300,0.685,0.005,0.311
30400,0.698,0.005,0.297
30500,0.655,0.005,0.340
30600,0.664,0.009,0.327
30700,0.666,0.006,0.327
30800,0.667,0.005,0.328
30900,0.686,0.003,0.311
31000,0.678,0.003,0.319
31100,0.708,0.003,0.289
31200,0.715,0.005,0.280
31300,0.707,0.005,0.288
31400,0.716,0.006,0.278
31500,0.715,0.005,0.280
31600,0.692,0.006,0.302
31700,0.690,0.006,0.304
31800,0.705,0.005,0.290
31900,0.700,0.005,0.295
32000,0.704,0.004,0.292
32100,0.693,0.003,0.303
32200,0.712,0.002,0.286
32300,0.680,0.003,0.317
32400,0.649,0.003,0.348
32500,0.645,0.003,0.352
32600,0.622,0.005,0.373
32700,0.625,0.006,0.368
32800,0.606,0.006,0.388
32900,0.584,0.006,0.409
33000,0.609,0.006,0.384
33100,0.624,0.005,0.371
33200,0.638,0.005,0.357
33300,0.659,0.004,0.337
33400,0.650,0.006,0.344
33500,0.647,0.004,0.349
33600,0.662,0.006,0.331
33700,0.690,0.005,0.306
33800,0.675,0.004,0.321
33900,0.673,0.003,0.323
34000,0.679,0.003,0.318
34100,0.654,0.003,0.343
34200,0.660,0.003,0.337
34300,0.697,0.002,0.300
34400,0.712,0.003,0.284
34500,0.690,0.005,0.305
34600,0.666,0.006,0.327
34700,0.686,0.005,0.308
34800,0.693,0.006,0.301
34900,0.678,0.003,0.318
35000,0.705,0.002,0.292
35100,0.703,0.002,0.295
35200,0.720,0.003,0.276
35300,0.716,0.003,0.281
35400,0.701,0.005,0.294
35500,0.692,0.003,0.304
35600,0.697,0.003,0.300
35700,0.727,0.002,0.271
35800,0.708,0.002,0.289
35900,0.669,0.002,0.328
36000,0.676,0.002,0.321
36100,0.701,0.003,0.296
36200,0.686,0.002,0.312
36300,0.704,0.003,0.293
36400,0.675,0.002,0.322
36500,0.684,0.002,0.314
36600,0.666,0.002,0.331
36700,0.657,0.002,0.341
36800,0.655,0.002,0.342
36900,0.681,0.003,0.316
37000,0.680,0.003,0.317
37100,0.708,0.003,0.288
37200,0.692,0.003,0.305
37300,0.712,0.003,0.285
37400,0.686,0.003,0.310
37500,0.687,0.003,0.310
37600,0.654,0.003,0.343
37700,0.659,0.003,0.338
37800,0.643,0.003,0.353
37900,0.657,0.003,0.341
38000,0.673,0.002,0.325
38100,0.682,0.002,0.316
38200,0.663,0.001,0.336
38300,0.671,0.003,0.327
38400,0.682,0.002,0.316
38500,0.690,0.002,0.308
38600,0.719,0.002,0.279
38700,0.725,0.003,0.272
38800,0.686,0.003,0.311
38900,0.710,0.003,0.288
39000,0.715,0.004,0.281
39100,0.717,0.005,0.278
39200,0.730,0.003,0.267
39300,0.737,0.002,0.261
39400,0.729,0.002,0.269
39500,0.742,0.003,0.256
39600,0.720,0.003,0.277
39700,0.702,0.005,0.293
39800,0.721,0.003,0.276
39900,0.715,0.002,0.283
40000,0.742,0.002,0.256
40100,0.728,0.002,0.270
40200,0.723,0.002,0.275
40300,0.721,0.002,0.277
40400,0.737,0.002,0.261
40500,0.748,0.002,0.250
40600,0.772,0.002,0.226
40700,0.749,0.003,0.248
40800,0.729,0.002,0.269
40900,0.735,0.002,0.263
41000,0.733,0.002,0.265
41100,0.759,0.003,0.238
41200,0.767,0.002,0.231
41300,0.751,0.002,0.247
41400,0.730,0.002,0.268
41500,0.717,0.004,0.279
41600,0.719,0.001,0.280
41700,0.717,0.001,0.282
41800,0.737,0.001,0.261
41900,0.733,0.001,0.265
42000,0.729,0.001,0.270
42100,0.731,0.001,0.269
42200,0.741,0.001,0.258
42300,0.738,0.001,0.261
42400,0.769,0.001,0.231
42500,0.757,0.001,0.243
42600,0.738,0.001,0.261
42700,0.731,0.002,0.267
42800,0.726,0.002,0.272
42900,0.732,0.003,0.265
43000,0.733,0.002,0.264
43100,0.714,0.002,0.284
43200,0.687,0.003,0.310
43300,0.675,0.004,0.321
43400,0.700,0.003,0.296
43500,0.702,0.003,0.295
43600,0.722,0.006,0.271
43700,0.729,0.003,0.268
43800,0.742,0.003,0.256
43900,0.754,0.001,0.245
44000,0.770,0.002,0.228
44100,0.754,0.002,0.244
44200,0.755,0.003,0.242
44300,0.749,0.002,0.249
44400,0.736,0.002,0.262
44500,0.739,0.002,0.259
44600,0.739,0.003,0.257
44700,0.756,0.002,0.242
44800,0.757,0.002,0.241
44900,0.767,0.002,0.231
45000,0.773,0.002,0.225
45100,0.767,0.002,0.231
45200,0.767,0.002,0.232
45300,0.803,0.002,0.196
45400,0.813,0.002,0.186
45500,0.792,0.001,0.207
45600,0.774,0.002,0.224
45700,0.786,0.001,0.212
45800,0.801,0.001,0.198
45900,0.789,0.001,0.210
46000,0.785,0.001,0.214
46100,0.793,0.002,0.205
46200,0.797,0.002,0.201
46300,0.804,0.001,0.194
46400,0.800,0.001,0.199
46500,0.800,0.001,0.198
46600,0.784,0.001,0.215
46700,0.806,0.002,0.192
46800,0.806,0.003,0.191
46900,0.803,0.002,0.194
47000,0.801,0.002,0.197
47100,0.814,0.002,0.184
47200,0.808,0.002,0.190
47300,0.809,0.002,0.189
47400,0.786,0.002,0.212
47500,0.788,0.002,0.210
47600,0.789,0.002,0.210
47700,0.788,0.002,0.210
47800,0.772,0.003,0.225
47900,0.776,0.003,0.221
48000,0.757,0.003,0.240
48100,0.771,0.003,0.226
48200,0.763,0.003,0.235
48300,0.754,0.003,0.243
48400,0.777,0.003,0.220
48500,0.775,0.003,0.222
48600,0.774,0.002,0.224
48700,0.751,0.003,0.245
48800,0.746,0.002,0.251
48900,0.752,0.002,0.246
49000,0.745,0.003,0.251
49100,0.739,0.003,0.257
49200,0.724,0.003,0.274
49300,0.721,0.003,0.276
49400,0.710,0.003,0.287
49500,0.731,0.003,0.267
49600,0.763,0.002,0.235
49700,0.765,0.002,0.233
49800,0.756,0.002,0.242
49900,0.728,0.001,0.271
50000,0.759,0.002,0.239
50100,0.773,0.002,0.225
50200,0.799,0.002,0.199
50300,0.803,0.002,0.196
50400,0.825,0.002,0.173
50500,0.808,0.002,0.190
50600,0.810,0.002,0.189
50700,0.814,0.002,0.184
50800,0.820,0.001,0.179
50900,0.797,0.001,0.201
51000,0.817,0.001,0.182
51100,0.803,0.001,0.196
51200,0.806,0.001,0.193
51300,0.824,0.002,0.173
51400,0.828,0.002,0.169
51500,0.807,0.003,0.190
51600,0.804,0.002,0.193
51700,0.812,0.002,0.186
51800,0.812,0.002,0.186
51900,0.806,0.002,0.193
52000,0.825,0.002,0.173
52100,0.832,0.001,0.166
52200,0.847,0.001,0.152
52300,0.863,0.001,0.136
52400,0.864,0.001,0.135
52500,0.866,0.001,0.133
52600,0.873,0.001,0.126
52700,0.884,0.001,0.115
52800,0.880,0.001,0.119
52900,0.882,0.001,0.118
53000,0.870,0.001,0.129
53100,0.846,0.001,0.153
53200,0.822,0.001,0.177
53300,0.831,0.001,0.168
53400,0.820,0.001,0.179
53500,0.832,0.003,0.165
53600,0.813,0.002,0.186
53700,0.797,0.002,0.201
53800,0.802,0.001,0.198
53900,0.787,0.001,0.212
54000,0.785,0.001,0.214
54100,0.779,0.002,0.219
54200,0.778,0.002,0.219
54300,0.781,0.001,0.219
54400,0.764,0.001,0.235
54500,0.775,0.001,0.224
54600,0.789,0.001,0.210
54700,0.794,0.002,0.204
54800,0.807,0.001,0.192
54900,0.772,0.001,0.227
55000,0.767,0.000,0.233
55100,0.758,0.000,0.242
55200,0.760,0.001,0.239
55300,0.729,0.001,0.271
55400,0.713,0.001,0.286
55500,0.732,0.001,0.268
55600,0.738,0.001,0.261
55700,0.761,0.001,0.238
55800,0.776,0.000,0.224
55900,0.737,0.001,0.261
56000,0.748,0.001,0.251
56100,0.755,0.001,0.244
56200,0.764,0.002,0.235
56300,0.785,0.002,0.213
56400,0.795,0.001,0.204
56500,0.804,0.001,0.194
56600,0.817,0.001,0.182
56700,0.819,0.002,0.179
56800,0.786,0.002,0.212
56900,0.772,0.001,0.227
57000,0.734,0.001,0.265
57100,0.729,0.002,0.268
57200,0.705,0.001,0.294
57300,0.707,0.001,0.293
57400,0.680,0.002,0.318
57500,0.694,0.001,0.306
57600,0.677,0.001,0.322
57700,0.675,0.000,0.325
57800,0.719,0.000,0.281
57900,0.740,0.001,0.259
58000,0.749,0.000,0.251
58100,0.746,0.001,0.254
58200,0.749,0.000,0.251
58300,0.744,0.001,0.256
58400,0.749,0.002,0.249
58500,0.731,0.001,0.268
58600,0.711,0.002,0.287
58700,0.724,0.002,0.275
58800,0.718,0.001,0.281
58900,0.733,0.001,0.265
59000,0.761,0.001,0.237
59100,0.762,0.001,0.237
59200,0.785,0.001,0.214
59300,0.778,0.001,0.221
59400,0.756,0.002,0.242
59500,0.740,0.001,0.259
59600,0.751,0.002,0.247
59700,0.746,0.001,0.253
59800,0.743,0.002,0.255
59900,0.717,0.002,0.281
60000,0.730,0.002,0.268
60100,0.726,0.001,0.272
60200,0.685,0.001,0.314
60300,0.698,0.001,0.302
60400,0.672,0.001,0.328
60500,0.648,0.004,0.348
60600,0.673,0.006,0.321
60700,0.689,0.005,0.306
60800,0.657,0.007,0.336
60900,0.636,0.009,0.355
61000,0.624,0.007,0.369
61100,0.598,0.009,0.393
61200,0.594,0.011,0.395
61300,0.580,0.017,0.403
61400,0.599,0.023,0.378
61500,0.606,0.013,0.381
61600,0.629,0.010,0.360
61700,0.626,0.009,0.365
61800,0.644,0.011,0.345
61900,0.621,0.010,0.368
62000,0.609,0.009,0.381
62100,0.593,0.009,0.398
62200,0.607,0.006,0.387
62300,0.598,0.005,0.397
62400,0.612,0.009,0.379
62500,0.618,0.009,0.373
62600,0.648,0.006,0.345
62700,0.636,0.010,0.354
62800,0.624,0.009,0.367
62900,0.627,0.008,0.364
63000,0.650,0.010,0.340
63100,0.659,0.012,0.328
63200,0.640,0.013,0.347
63300,0.660,0.016,0.324
63400,0.664,0.017,0.318
63500,0.661,0.020,0.319
63600,0.668,0.013,0.320
63700,0.672,0.012,0.317
63800,0.684,0.013,0.303
63900,0.676,0.013,0.311
64000,0.639,0.016,0.346
64100,0.641,0.010,0.349
64200,0.640,0.013,0.347
64300,0.612,0.015,0.373
64400,0.591,0.015,0.393
64500,0.566,0.012,0.421
64600,0.549,0.012,0.438
64700,0.542,0.018,0.439
64800,0.537,0.014,0.449
64900,0.558,0.010,0.432
65000,0.587,0.007,0.406
65100,0.572,0.013,0.415
65200,0.589,0.011,0.400
65300,0.576,0.015,0.410
65400,0.583,0.013,0.404
65500,0.568,0.010,0.422
65600,0.581,0.009,0.409
65700,0.575,0.010,0.415
65800,0.569,0.015,0.416
65900,0.591,0.014,0.395
66000,0.583,0.015,0.402
66100,0.550,0.016,0.434
66200,0.583,0.015,0.402
66300,0.609,0.008,0.383
66400,0.619,0.006,0.375
66500,0.630,0.005,0.364
66600,0.629,0.004,0.367
66700,0.608,0.006,0.386
66800,0.623,0.005,0.372
66900,0.607,0.004,0.389
67000,0.572,0.005,0.423
67100,0.590,0.005,0.406
67200,0.595,0.008,0.397
67300,0.588,0.008,0.404
67400,0.601,0.007,0.392
67500,0.613,0.011,0.376
67600,0.602,0.009,0.389
67700,0.604,0.005,0.392
67800,0.604,0.003,0.392
67900,0.634,0.003,0.363
68000,0.645,0.003,0.352
68100,0.651,0.002,0.346
68200,0.655,0.003,0.342
68300,0.653,0.002,0.345
68400,0.690,0.003,0.306
68500,0.718,0.003,0.279
68600,0.714,0.002,0.284
68700,0.674,0.003,0.323
68800,0.673,0.003,0.323
68900,0.694,0.004,0.302
69000,0.711,0.003,0.286
69100,0.666,0.003,0.330
69200,0.672,0.002,0.326
69300,0.645,0.006,0.349
69400,0.622,0.003,0.375
69500,0.657,0.005,0.338
69600,0.624,0.006,0.370
69700,0.634,0.006,0.360
69800,0.653,0.008,0.340
69900,0.644,0.008,0.348
70000,0.662,0.006,0.332
70100,0.686,0.007,0.307
70200,0.676,0.005,0.319
70300,0.666,0.003,0.331
70400,0.659,0.003,0.338
70500,0.658,0.004,0.338
70600,0.640,0.004,0.356
70700,0.638,0.006,0.356
70800,0.651,0.003,0.345
70900,0.619,0.003,0.378
71000,0.602,0.006,0.392
71100,0.607,0.008,0.385
71200,0.599,0.006,0.395
71300,0.594,0.007,0.399
71400,0.592,0.005,0.403
71500,0.593,0.003,0.403
71600,0.596,0.009,0.395
71700,0.587,0.009,0.404
71800,0.590,0.006,0.405
71900,0.616,0.003,0.381
72000,0.629,0.002,0.370
72100,0.633,0.002,0.366
72200,0.668,0.003,0.328
72300,0.653,0.002,0.345
72400,0.623,0.001,0.376
72500,0.650,0.001,0.350
72600,0.671,0.001,0.329
72700,0.645,0.002,0.353
72800,0.602,0.001,0.396
72900,0.632,0.002,0.367
73000,0.635,0.002,0.363
73100,0.672,0.002,0.327
73200,0.673,0.003,0.324
73300,0.683,0.005,0.313
73400,0.653,0.003,0.344
73500,0.659,0.004,0.336
73600,0.673,0.005,0.322
73700,0.693,0.003,0.304
73800,0.684,0.003,0.313
73900,0.692,0.003,0.305
74000,0.696,0.002,0.302
74100,0.682,0.002,0.317
74200,0.647,0.002,0.351
74300,0.640,0.002,0.358
74400,0.643,0.004,0.353
74500,0.619,0.006,0.375
74600,0.583,0.005,0.412
74700,0.594,0.005,0.401
74800,0.626,0.003,0.371
74900,0.626,0.005,0.369
75000,0.612,0.006,0.381
75100,0.621,0.006,0.373
75200,0.636,0.003,0.361
75300,0.625,0.003,0.371
75400,0.632,0.003,0.365
75500,0.586,0.003,0.411
75600,0.568,0.005,0.427
75700,0.568,0.005,0.427
75800,0.575,0.007,0.418
75900,0.590,0.004,0.406
76000,0.578,0.006,0.416
76100,0.591,0.008,0.401
76200,0.590,0.007,0.403
76300,0.604,0.003,0.393
76400,0.607,0.002,0.391
76500,0.621,0.002,0.377
76600,0.597,0.003,0.400
76700,0.586,0.002,0.413
76800,0.594,0.002,0.403
76900,0.633,0.001,0.366
77000,0.620,0.001,0.380
77100,0.640,0.002,0.358
77200,0.602,0.002,0.396
77300,0.629,0.003,0.368
77400,0.639,0.002,0.360
77500,0.653,0.005,0.343
77600,0.651,0.004,0.345
77700,0.651,0.006,0.342
77800,0.655,0.006,0.339
77900,0.674,0.004,0.322
78000,0.676,0.003,0.321
78100,0.669,0.003,0.328
78200,0.640,0.003,0.357
78300,0.638,0.004,0.358
78400,0.601,0.002,0.396
78500,0.619,0.001,0.380
78600,0.631,0.005,0.364
78700,0.662,0.002,0.335
78800,0.658,0.002,0.339
78900,0.667,0.004,0.329
79000,0.668,0.002,0.329
79100,0.685,0.002,0.313
79200,0.682,0.002,0.316
79300,0.704,0.002,0.295
79400,0.700,0.001,0.299
79500,0.708,0.002,0.290
79600,0.716,0.002,0.282
79700,0.710,0.002,0.288
79800,0.685,0.002,0.314
79900,0.692,0.002,0.306
80000,0.717,0.002,0.281
80100,0.737,0.001,0.262
80200,0.761,0.001,0.239
80300,0.770,0.001,0.229
80400,0.782,0.001,0.218
80500,0.776,0.001,0.224
80600,0.782,0.001,0.217
80700,0.778,0.001,0.221
80800,0.758,0.001,0.242
80900,0.742,0.003,0.255
81000,0.768,0.002,0.230
81100,0.761,0.001,0.238
81200,0.758,0.002,0.240
81300,0.768,0.002,0.230
81400,0.772,0.001,0.226
81500,0.778,0.001,0.221
81600,0.789,0.000,0.211
81700,0.776,0.000,0.224
81800,0.787,0.001,0.212
81900,0.777,0.001,0.222
82000,0.774,0.004,0.222
82100,0.726,0.002,0.271
82200,0.715,0.003,0.281
82300,0.715,0.007,0.278
82400,0.711,0.005,0.284
82500,0.709,0.004,0.287
82600,0.689,0.005,0.306
82700,0.710,0.003,0.287
82800,0.730,0.002,0.268
82900,0.744,0.001,0.254
83000,0.729,0.001,0.269
83100,0.685,0.001,0.314
83200,0.662,0.001,0.338
83300,0.657,0.001,0.343
83400,0.659,0.002,0.339
83500,0.683,0.002,0.315
83600,0.694,0.002,0.304
83700,0.697,0.000,0.303
83800,0.722,0.000,0.278
83900,0.733,0.000,0.267
84000,0.706,0.000,0.294
84100,0.690,0.000,0.310
84200,0.680,0.000,0.320
84300,0.657,0.001,0.342
84400,0.653,0.001,0.346
84500,0.621,0.001,0.378
84600,0.654,0.000,0.346
84700,0.626,0.000,0.374
84800,0.603,0.001,0.396
84900,0.605,0.001,0.394
85000,0.621,0.001,0.378
85100,0.637,0.002,0.361
85200,0.647,0.002,0.352
85300,0.647,0.004,0.349
85400,0.671,0.005,0.324
85500,0.671,0.005,0.325
85600,0.715,0.005,0.280
85700,0.712,0.003,0.285
85800,0.737,0.002,0.260
85900,0.730,0.002,0.268
86000,0.739,0.002,0.259
86100,0.743,0.002,0.255
86200,0.738,0.002,0.260
86300,0.719,0.002,0.279
86400,0.724,0.001,0.275
86500,0.727,0.001,0.272
86600,0.737,0.003,0.259
86700,0.749,0.003,0.248
86800,0.760,0.002,0.237
86900,0.757,0.002,0.240
87000,0.765,0.003,0.232
87100,0.771,0.002,0.227
87200,0.767,0.002,0.231
87300,0.799,0.002,0.198
87400,0.808,0.002,0.190
87500,0.809,0.003,0.188
87600,0.824,0.004,0.172
87700,0.840,0.003,0.157
87800,0.850,0.003,0.147
87900,0.842,0.002,0.157
88000,0.817,0.002,0.181
88100,0.824,0.001,0.175
88200,0.819,0.001,0.180
88300,0.835,0.001,0.164
88400,0.827,0.001,0.172
88500,0.832,0.001,0.167
88600,0.838,0.001,0.161
88700,0.834,0.001,0.166
88800,0.788,0.002,0.211
88900,0.789,0.001,0.210
89000,0.795,0.001,0.204
89100,0.789,0.001,0.210
89200,0.768,0.001,0.231
89300,0.781,0.001,0.218
89400,0.800,0.001,0.200
89500,0.795,0.001,0.205
89600,0.800,0.001,0.200
89700,0.792,0.001,0.207
89800,0.786,0.001,0.214
89900,0.793,0.001,0.207
90000,0.788,0.002,0.211
90100,0.798,0.001,0.201
90200,0.796,0.001,0.203
90300,0.806,0.001,0.193
90400,0.827,0.002,0.171
90500,0.801,0.001,0.198
90600,0.790,0.002,0.208
90700,0.801,0.002,0.197
90800,0.815,0.001,0.183
90900,0.824,0.001,0.175
91000,0.804,0.001,0.195
91100,0.800,0.001,0.200
91200,0.821,0.001,0.179
91300,0.822,0.001,0.178
91400,0.836,0.001,0.163
91500,0.820,0.001,0.179
91600,0.825,0.001,0.174
91700,0.834,0.002,0.164
91800,0.806,0.001,0.194
91900,0.811,0.001,0.189
92000,0.787,0.001,0.212
92100,0.763,0.001,0.236
92200,0.764,0.001,0.235
92300,0.754,0.001,0.246
92400,0.735,0.001,0.264
92500,0.756,0.001,0.244
92600,0.778,0.001,0.222
92700,0.800,0.001,0.199
92800,0.801,0.001,0.198
92900,0.785,0.002,0.214
93000,0.773,0.001,0.226
93100,0.792,0.001,0.208
93200,0.789,0.001,0.210
93300,0.758,0.001,0.242
93400,0.769,0.001,0.229
93500,0.813,0.001,0.186
93600,0.810,0.001,0.189
93700,0.813,0.001,0.186
93800,0.810,0.001,0.190
93900,0.778,0.001,0.222
94000,0.773,0.001,0.226
94100,0.785,0.001,0.215
94200,0.768,0.001,0.231
94300,0.777,0.001,0.222
94400,0.799,0.001,0.200
94500,0.797,0.002,0.201
94600,0.824,0.001,0.175
94700,0.831,0.001,0.169
94800,0.844,0.001,0.155
94900,0.834,0.001,0.166
95000,0.860,0.001,0.140
95100,0.870,0.001,0.130
95200,0.852,0.001,0.147
95300,0.830,0.003,0.167
95400,0.813,0.004,0.183
95500,0.824,0.003,0.173
95600,0.836,0.004,0.160
95700,0.847,0.001,0.151
95800,0.827,0.001,0.172
95900,0.829,0.001,0.170
96000,0.829,0.001,0.169
96100,0.827,0.002,0.171
96200,0.828,0.001,0.171
96300,0.830,0.002,0.168
96400,0.816,0.002,0.182
96500,0.814,0.002,0.185
96600,0.795,0.001,0.204
96700,0.804,0.002,0.194
96800,0.790,0.002,0.208
96900,0.799,0.001,0.200
97000,0.806,0.004,0.190
97100,0.806,0.003,0.191
97200,0.803,0.003,0.194
97300,0.784,0.003,0.213
97400,0.802,0.003,0.196
97500,0.811,0.002,0.187
97600,0.828,0.002,0.171
97700,0.831,0.001,0.168
97800,0.830,0.001,0.169
97900,0.831,0.001,0.168
98000,0.829,0.001,0.170
98100,0.814,0.002,0.184
98200,0.788,0.001,0.211
98300,0.808,0.001,0.191
98400,0.802,0.001,0.198
98500,0.782,0.001,0.217
98600,0.808,0.000,0.192
98700,0.789,0.001,0.210
98800,0.761,0.000,0.239
98900,0.771,0.000,0.229
99000,0.788,0.000,0.212
99100,0.802,0.001,0.198
99200,0.785,0.000,0.215
99300,0.772,0.005,0.223
99400,0.792,0.002,0.206
99500,0.785,0.001,0.215
99600,0.775,0.001,0.224
99700,0.788,0.001,0.211
99800,0.794,0.002,0.204
99900,0.771,0.003,0.226
100000,0.765,0.003,0.232
