time,n_A+p,n_B,n_AB
500,0.050,0.766,0.184
1000,0.050,0.654,0.296
1500,0.050,0.550,0.400
2000,0.058,0.467,0.475
2500,0.050,0.491,0.459
3000,0.053,0.518,0.429
3500,0.050,0.554,0.396
4000,0.050,0.461,0.489
4500,0.055,0.406,0.539
5000,0.060,0.358,0.582
5500,0.058,0.399,0.543
6000,0.055,0.416,0.529
6500,0.053,0.468,0.479
7000,0.051,0.529,0.420
7500,0.050,0.432,0.518
8000,0.050,0.478,0.472
8500,0.050,0.460,0.490
9000,0.053,0.413,0.534
9500,0.061,0.325,0.614
10000,0.065,0.314,0.621
10500,0.056,0.437,0.507
11000,0.056,0.436,0.508
11500,0.056,0.442,0.502
12000,0.052,0.444,0.504
12500,0.055,0.437,0.508
13000,0.050,0.483,0.467
13500,0.051,0.507,0.442
14000,0.050,0.478,0.472
14500,0.050,0.496,0.454
15000,0.050,0.414,0.536
15500,0.050,0.489,0.461
16000,0.050,0.494,0.456
16500,0.050,0.406,0.544
17000,0.050,0.469,0.481
17500,0.053,0.352,0.595
18000,0.051,0.412,0.537
18500,0.050,0.456,0.494
19000,0.056,0.466,0.478
19500,0.052,0.541,0.407
20000,0.051,0.488,0.461
20500,0.050,0.436,0.514
21000,0.057,0.371,0.572
21500,0.051,0.386,0.563
22000,0.053,0.451,0.496
22500,0.054,0.460,0.486
23000,0.051,0.451,0.498
23500,0.050,0.463,0.487
24000,0.050,0.466,0.484
24500,0.050,0.491,0.459
25000,0.050,0.437,0.513
25500,0.052,0.465,0.483
26000,0.050,0.472,0.478
26500,0.064,0.388,0.548
27000,0.059,0.402,0.539
27500,0.059,0.462,0.479
28000,0.051,0.490,0.459
28500,0.050,0.496,0.454
29000,0.050,0.458,0.492
29500,0.050,0.388,0.562
30000,0.050,0.462,0.488
30500,0.050,0.515,0.435
31000,0.050,0.502,0.448
31500,0.052,0.490,0.458
32000,0.051,0.495,0.454
32500,0.050,0.486,0.464
33000,0.050,0.384,0.566
33500,0.054,0.434,0.512
34000,0.053,0.417,0.530
34500,0.069,0.400,0.531
35000,0.060,0.425,0.515
35500,0.053,0.419,0.528
36000,0.055,0.427,0.518
36500,0.051,0.444,0.505
37000,0.050,0.414,0.536
37500,0.058,0.462,0.480
38000,0.056,0.439,0.505
38500,0.050,0.478,0.472
39000,0.050,0.493,0.457
39500,0.050,0.451,0.499
40000,0.069,0.416,0.515
40500,0.053,0.462,0.485
41000,0.050,0.510,0.440
41500,0.050,0.509,0.441
42000,0.050,0.501,0.449
42500,0.050,0.517,0.433
43000,0.050,0.529,0.421
43500,0.056,0.430,0.514
44000,0.054,0.452,0.494
44500,0.050,0.514,0.436
45000,0.050,0.589,0.361
45500,0.050,0.524,0.426
46000,0.050,0.480,0.470
46500,0.050,0.493,0.457
47000,0.055,0.401,0.544
47500,0.050,0.453,0.497
48000,0.050,0.424,0.526
48500,0.055,0.476,0.469
49000,0.059,0.429,0.512
49500,0.055,0.442,0.503
50000,0.057,0.398,0.545
50500,0.051,0.409,0.540
51000,0.050,0.426,0.524
51500,0.050,0.469,0.481
52000,0.055,0.410,0.535
52500,0.050,0.518,0.432
53000,0.050,0.561,0.389
53500,0.051,0.544,0.405
54000,0.050,0.490,0.460
54500,0.050,0.390,0.560
55000,0.050,0.510,0.440
55500,0.050,0.439,0.511
56000,0.050,0.416,0.534
56500,0.060,0.390,0.550
57000,0.054,0.420,0.526
57500,0.053,0.370,0.577
58000,0.051,0.386,0.563
58500,0.050,0.393,0.557
59000,0.052,0.350,0.598
59500,0.053,0.423,0.524
60000,0.050,0.432,0.518
60500,0.050,0.528,0.422
61000,0.052,0.454,0.494
61500,0.055,0.434,0.511
62000,0.053,0.420,0.527
62500,0.051,0.510,0.439
63000,0.052,0.512,0.436
63500,0.050,0.526,0.424
64000,0.050,0.467,0.483
64500,0.050,0.494,0.456
65000,0.050,0.422,0.528
65500,0.050,0.503,0.447
66000,0.050,0.548,0.402
66500,0.050,0.524,0.426
67000,0.053,0.385,0.562
67500,0.052,0.420,0.528
68000,0.055,0.449,0.496
68500,0.050,0.498,0.452
69000,0.050,0.537,0.413
69500,0.050,0.432,0.518
70000,0.050,0.430,0.520
70500,0.053,0.404,0.543
71000,0.051,0.465,0.484
71500,0.054,0.445,0.501
72000,0.053,0.479,0.468
72500,0.052,0.412,0.536
73000,0.051,0.468,0.481
73500,0.058,0.496,0.446
74000,0.051,0.420,0.529
74500,0.050,0.547,0.403
75000,0.050,0.501,0.449
75500,0.050,0.495,0.455
76000,0.050,0.480,0.470
76500,0.050,0.445,0.505
77000,0.050,0.506,0.444
77500,0.057,0.445,0.498
78000,0.050,0.432,0.518
78500,0.050,0.480,0.470
79000,0.056,0.455,0.489
79500,0.050,0.421,0.529
80000,0.050,0.464,0.486
80500,0.050,0.521,0.429
81000,0.050,0.458,0.492
81500,0.050,0.426,0.524
82000,0.051,0.450,0.499
82500,0.050,0.518,0.432
83000,0.054,0.463,0.483
83500,0.050,0.458,0.492
84000,0.054,0.486,0.460
84500,0.050,0.516,0.434
85000,0.052,0.497,0.451
85500,0.052,0.475,0.473
86000,0.050,0.374,0.576
86500,0.050,0.405,0.545
87000,0.050,0.353,0.597
87500,0.066,0.308,0.626
88000,0.074,0.358,0.568
88500,0.052,0.393,0.555
89000,0.050,0.469,0.481
89500,0.050,0.446,0.504
90000,0.052,0.398,0.550
90500,0.051,0.516,0.433
91000,0.053,0.458,0.489
91500,0.051,0.441,0.508
92000,0.057,0.516,0.427
92500,0.054,0.424,0.522
93000,0.052,0.432,0.516
93500,0.057,0.380,0.563
94000,0.053,0.428,0.519
94500,0.055,0.441,0.504
95000,0.050,0.379,0.571
95500,0.056,0.373,0.571
96000,0.050,0.395,0.555
96500,0.050,0.370,0.580
97000,0.051,0.396,0.553
97500,0.062,0.385,0.553
98000,0.058,0.380,0.562
98500,0.051,0.434,0.515
99000,0.050,0.467,0.483
99500,0.050,0.483,0.467
100000,0.063,0.375,0.562
100500,0.055,0.448,0.497
101000,0.051,0.439,0.510
101500,0.052,0.493,0.455
102000,0.050,0.407,0.543
102500,0.062,0.377,0.561
103000,0.056,0.456,0.488
103500,0.051,0.506,0.443
104000,0.050,0.520,0.430
104500,0.058,0.495,0.447
105000,0.050,0.469,0.481
105500,0.050,0.434,0.516
106000,0.050,0.524,0.426
106500,0.050,0.458,0.492
107000,0.050,0.417,0.533
107500,0.050,0.428,0.522
108000,0.050,0.486,0.464
108500,0.051,0.391,0.558
109000,0.051,0.424,0.525
109500,0.051,0.477,0.472
110000,0.050,0.412,0.538
110500,0.050,0.506,0.444
111000,0.056,0.402,0.542
111500,0.051,0.435,0.514
112000,0.050,0.533,0.417
112500,0.050,0.438,0.512
113000,0.050,0.443,0.507
113500,0.053,0.531,0.416
114000,0.051,0.513,0.436
114500,0.050,0.429,0.521
115000,0.050,0.457,0.493
115500,0.050,0.421,0.529
116000,0.050,0.447,0.503
116500,0.050,0.490,0.460
117000,0.054,0.392,0.554
117500,0.056,0.456,0.488
118000,0.050,0.528,0.422
118500,0.050,0.536,0.414
119000,0.050,0.541,0.409
119500,0.050,0.494,0.456
120000,0.050,0.373,0.577
120500,0.053,0.335,0.612
121000,0.051,0.434,0.515
121500,0.058,0.428,0.514
122000,0.050,0.429,0.521
122500,0.050,0.436,0.514
123000,0.050,0.510,0.440
123500,0.051,0.458,0.491
124000,0.051,0.421,0.528
124500,0.053,0.460,0.487
125000,0.050,0.510,0.440
125500,0.050,0.450,0.500
126000,0.061,0.440,0.499
126500,0.067,0.400,0.533
127000,0.050,0.459,0.491
127500,0.050,0.371,0.579
128000,0.052,0.435,0.513
128500,0.050,0.519,0.431
129000,0.050,0.552,0.398
129500,0.050,0.552,0.398
130000,0.051,0.462,0.487
130500,0.050,0.454,0.496
131000,0.050,0.429,0.521
131500,0.053,0.419,0.528
132000,0.051,0.463,0.486
132500,0.050,0.534,0.416
133000,0.060,0.452,0.488
133500,0.051,0.457,0.492
134000,0.050,0.439,0.511
134500,0.059,0.381,0.560
135000,0.053,0.418,0.529
135500,0.056,0.414,0.530
136000,0.050,0.477,0.473
136500,0.056,0.393,0.551
137000,0.056,0.368,0.576
137500,0.060,0.385,0.555
138000,0.059,0.387,0.554
138500,0.050,0.538,0.412
139000,0.050,0.559,0.391
139500,0.050,0.527,0.423
140000,0.057,0.447,0.496
140500,0.050,0.416,0.534
141000,0.052,0.427,0.521
141500,0.059,0.461,0.480
142000,0.054,0.472,0.474
142500,0.052,0.421,0.527
143000,0.051,0.426,0.523
143500,0.062,0.386,0.552
144000,0.056,0.405,0.539
144500,0.050,0.429,0.521
145000,0.050,0.452,0.498
145500,0.058,0.485,0.457
146000,0.050,0.469,0.481
146500,0.052,0.439,0.509
147000,0.050,0.435,0.515
147500,0.050,0.452,0.498
148000,0.050,0.520,0.430
148500,0.050,0.497,0.453
149000,0.050,0.505,0.445
149500,0.050,0.561,0.389
150000,0.050,0.505,0.445
150500,0.050,0.426,0.524
151000,0.050,0.490,0.460
151500,0.055,0.498,0.447
152000,0.050,0.465,0.485
152500,0.050,0.425,0.525
153000,0.050,0.453,0.497
153500,0.050,0.506,0.444
154000,0.051,0.464,0.485
154500,0.050,0.474,0.476
155000,0.055,0.470,0.475
155500,0.050,0.387,0.563
156000,0.051,0.475,0.474
156500,0.052,0.441,0.507
157000,0.050,0.479,0.471
157500,0.050,0.423,0.527
158000,0.050,0.438,0.512
158500,0.052,0.466,0.482
159000,0.050,0.473,0.477
159500,0.057,0.372,0.571
160000,0.080,0.329,0.591
160500,0.051,0.336,0.613
161000,0.050,0.454,0.496
161500,0.050,0.532,0.418
162000,0.050,0.481,0.469
162500,0.051,0.460,0.489
163000,0.050,0.530,0.420
163500,0.050,0.554,0.396
164000,0.050,0.500,0.450
164500,0.052,0.481,0.467
165000,0.055,0.464,0.481
165500,0.051,0.440,0.509
166000,0.050,0.488,0.462
166500,0.050,0.426,0.524
167000,0.050,0.446,0.504
167500,0.050,0.440,0.510
168000,0.056,0.436,0.508
168500,0.050,0.450,0.500
169000,0.050,0.435,0.515
169500,0.057,0.409,0.534
170000,0.053,0.425,0.522
170500,0.058,0.396,0.546
171000,0.051,0.382,0.567
171500,0.063,0.312,0.625
172000,0.050,0.554,0.396
172500,0.050,0.528,0.422
173000,0.051,0.363,0.586
173500,0.058,0.360,0.582
174000,0.055,0.356,0.589
174500,0.066,0.300,0.634
175000,0.067,0.408,0.525
175500,0.051,0.395,0.554
176000,0.053,0.471,0.476
176500,0.050,0.486,0.464
177000,0.050,0.474,0.476
177500,0.050,0.471,0.479
178000,0.050,0.533,0.417
178500,0.050,0.484,0.466
179000,0.052,0.473,0.475
179500,0.050,0.509,0.441
180000,0.050,0.435,0.515
180500,0.053,0.412,0.535
181000,0.056,0.359,0.585
181500,0.058,0.374,0.568
182000,0.050,0.422,0.528
182500,0.055,0.442,0.503
183000,0.050,0.456,0.494
183500,0.052,0.477,0.471
184000,0.051,0.550,0.399
184500,0.050,0.525,0.425
185000,0.054,0.508,0.438
185500,0.051,0.561,0.388
186000,0.050,0.545,0.405
186500,0.057,0.430,0.513
187000,0.050,0.469,0.481
187500,0.050,0.394,0.556
188000,0.058,0.460,0.482
188500,0.051,0.548,0.401
189000,0.050,0.488,0.462
189500,0.050,0.518,0.432
190000,0.060,0.373,0.567
190500,0.054,0.378,0.568
191000,0.051,0.407,0.542
191500,0.050,0.387,0.563
192000,0.050,0.413,0.537
192500,0.050,0.494,0.456
193000,0.050,0.429,0.521
193500,0.051,0.421,0.528
194000,0.058,0.416,0.526
194500,0.051,0.423,0.526
195000,0.062,0.310,0.628
195500,0.053,0.388,0.559
196000,0.057,0.417,0.526
196500,0.052,0.391,0.557
197000,0.050,0.430,0.520
197500,0.051,0.413,0.536
198000,0.050,0.508,0.442
198500,0.053,0.399,0.548
199000,0.059,0.406,0.535
199500,0.050,0.499,0.451
200000,0.050,0.483,0.467
200500,0.050,0.464,0.486
201000,0.064,0.396,0.540
201500,0.066,0.286,0.648
202000,0.058,0.410,0.532
202500,0.050,0.443,0.507
203000,0.050,0.463,0.487
203500,0.050,0.500,0.450
204000,0.050,0.457,0.493
204500,0.050,0.386,0.564
205000,0.050,0.422,0.528
205500,0.050,0.425,0.525
206000,0.050,0.494,0.456
206500,0.057,0.448,0.495
207000,0.050,0.480,0.470
207500,0.050,0.456,0.494
208000,0.064,0.385,0.551
208500,0.051,0.486,0.463
209000,0.051,0.398,0.551
209500,0.051,0.456,0.493
210000,0.050,0.451,0.499
210500,0.052,0.446,0.502
211000,0.050,0.515,0.435
211500,0.051,0.455,0.494
212000,0.050,0.362,0.588
212500,0.050,0.393,0.557
213000,0.050,0.438,0.512
213500,0.050,0.462,0.488
214000,0.051,0.455,0.494
214500,0.050,0.418,0.532
215000,0.050,0.466,0.484
215500,0.053,0.507,0.440
216000,0.055,0.406,0.539
216500,0.054,0.365,0.581
217000,0.050,0.398,0.552
217500,0.051,0.435,0.514
218000,0.058,0.435,0.507
218500,0.052,0.490,0.458
219000,0.050,0.489,0.461
219500,0.053,0.540,0.407
220000,0.050,0.531,0.419
220500,0.060,0.418,0.522
221000,0.053,0.384,0.563
221500,0.058,0.395,0.547
222000,0.050,0.478,0.472
222500,0.058,0.431,0.511
223000,0.050,0.477,0.473
223500,0.050,0.455,0.495
224000,0.050,0.469,0.481
224500,0.056,0.488,0.456
225000,0.051,0.478,0.471
225500,0.050,0.566,0.384
226000,0.050,0.514,0.436
226500,0.050,0.544,0.406
227000,0.050,0.472,0.478
227500,0.050,0.452,0.498
228000,0.063,0.412,0.525
228500,0.052,0.403,0.545
229000,0.052,0.436,0.512
229500,0.050,0.446,0.504
230000,0.050,0.353,0.597
230500,0.054,0.372,0.574
231000,0.065,0.363,0.572
231500,0.052,0.458,0.490
232000,0.056,0.409,0.535
232500,0.050,0.478,0.472
233000,0.050,0.508,0.442
233500,0.050,0.413,0.537
234000,0.050,0.466,0.484
234500,0.055,0.458,0.487
235000,0.051,0.432,0.517
235500,0.050,0.441,0.509
236000,0.056,0.448,0.496
236500,0.050,0.419,0.531
237000,0.050,0.418,0.532
237500,0.051,0.416,0.533
238000,0.050,0.505,0.445
238500,0.058,0.452,0.490
239000,0.054,0.489,0.457
239500,0.063,0.372,0.565
240000,0.052,0.366,0.582
240500,0.054,0.411,0.535
241000,0.050,0.493,0.457
241500,0.050,0.601,0.349
242000,0.050,0.425,0.525
242500,0.050,0.433,0.517
243000,0.052,0.478,0.470
243500,0.050,0.427,0.523
244000,0.050,0.516,0.434
244500,0.050,0.469,0.481
245000,0.050,0.445,0.505
245500,0.056,0.401,0.543
246000,0.063,0.365,0.572
246500,0.050,0.436,0.514
247000,0.052,0.472,0.476
247500,0.058,0.372,0.570
248000,0.052,0.496,0.452
248500,0.054,0.475,0.471
249000,0.050,0.435,0.515
249500,0.062,0.366,0.572
250000,0.055,0.412,0.533
250500,0.050,0.442,0.508
251000,0.051,0.381,0.568
251500,0.050,0.399,0.551
252000,0.050,0.501,0.449
252500,0.050,0.514,0.436
253000,0.050,0.588,0.362
253500,0.050,0.471,0.479
254000,0.050,0.466,0.484
254500,0.050,0.465,0.485
255000,0.054,0.513,0.433
255500,0.050,0.432,0.518
256000,0.050,0.512,0.438
256500,0.050,0.487,0.463
257000,0.054,0.491,0.455
257500,0.051,0.403,0.546
258000,0.052,0.442,0.506
258500,0.052,0.379,0.569
259000,0.050,0.427,0.523
259500,0.050,0.444,0.506
260000,0.050,0.436,0.514
260500,0.050,0.486,0.464
261000,0.050,0.553,0.397
261500,0.050,0.449,0.501
262000,0.052,0.456,0.492
262500,0.050,0.479,0.471
263000,0.056,0.406,0.538
263500,0.055,0.414,0.531
264000,0.059,0.295,0.646
264500,0.062,0.368,0.570
265000,0.063,0.437,0.500
265500,0.059,0.391,0.550
266000,0.051,0.434,0.515
266500,0.050,0.499,0.451
267000,0.050,0.568,0.382
267500,0.050,0.448,0.502
268000,0.053,0.352,0.595
268500,0.050,0.463,0.487
269000,0.050,0.494,0.456
269500,0.050,0.457,0.493
270000,0.052,0.461,0.487
270500,0.050,0.432,0.518
271000,0.057,0.447,0.496
271500,0.050,0.409,0.541
272000,0.050,0.421,0.529
272500,0.050,0.485,0.465
273000,0.056,0.440,0.504
273500,0.059,0.427,0.514
274000,0.055,0.465,0.480
274500,0.052,0.521,0.427
275000,0.051,0.518,0.431
275500,0.050,0.466,0.484
276000,0.050,0.462,0.488
276500,0.050,0.394,0.556
277000,0.052,0.493,0.455
277500,0.050,0.462,0.488
278000,0.050,0.556,0.394
278500,0.050,0.419,0.531
279000,0.053,0.446,0.501
279500,0.050,0.416,0.534
280000,0.077,0.353,0.570
280500,0.066,0.350,0.584
281000,0.051,0.477,0.472
281500,0.050,0.483,0.467
282000,0.053,0.406,0.541
282500,0.052,0.475,0.473
283000,0.050,0.411,0.539
283500,0.050,0.524,0.426
284000,0.050,0.517,0.433
284500,0.050,0.475,0.475
285000,0.051,0.455,0.494
285500,0.050,0.505,0.445
286000,0.050,0.410,0.540
286500,0.050,0.436,0.514
287000,0.054,0.416,0.530
287500,0.050,0.447,0.503
288000,0.076,0.394,0.530
288500,0.054,0.461,0.485
289000,0.075,0.374,0.551
289500,0.053,0.428,0.519
290000,0.050,0.456,0.494
290500,0.056,0.397,0.547
291000,0.069,0.343,0.588
291500,0.055,0.354,0.591
292000,0.059,0.367,0.574
292500,0.065,0.400,0.535
293000,0.050,0.480,0.470
293500,0.060,0.451,0.489
294000,0.056,0.358,0.586
294500,0.053,0.423,0.524
295000,0.055,0.401,0.544
295500,0.054,0.385,0.561
296000,0.050,0.418,0.532
296500,0.060,0.417,0.523
297000,0.071,0.330,0.599
297500,0.052,0.417,0.531
298000,0.053,0.405,0.542
298500,0.063,0.344,0.593
299000,0.073,0.364,0.563
299500,0.057,0.339,0.604
300000,0.083,0.260,0.657
300500,0.116,0.151,0.733
301000,0.190,0.106,0.704
301500,0.421,0.015,0.564
302000,0.726,0.000,0.274
302500,0.774,0.000,0.226
303000,0.874,0.000,0.126
303500,0.904,0.000,0.096
304000,0.946,0.000,0.054
304500,0.966,0.000,0.034
305000,0.993,0.000,0.007
305500,0.986,0.000,0.014
306000,0.984,0.000,0.016
306500,0.993,0.000,0.007
307000,0.998,0.000,0.002
307500,0.994,0.000,0.006
308000,1.000,0.000,0.000
