time,n_A+p,n_B,n_AB,avg_entropy_simp
500,0.029,0.942,0.029,0.096900
1000,0.041,0.893,0.066,0.167491
1500,0.083,0.814,0.103,0.250203
2000,0.136,0.744,0.120,0.356521
2500,0.083,0.802,0.116,0.284203
3000,0.074,0.789,0.136,0.297017
3500,0.107,0.678,0.215,0.420287
4000,0.070,0.764,0.165,0.325635
4500,0.054,0.785,0.161,0.281214
5000,0.079,0.752,0.169,0.346987
5500,0.070,0.810,0.120,0.259381
6000,0.066,0.785,0.149,0.284000
6500,0.112,0.694,0.194,0.380335
7000,0.099,0.690,0.211,0.366726
7500,0.107,0.694,0.198,0.396607
8000,0.083,0.814,0.103,0.267364
8500,0.083,0.781,0.136,0.303700
9000,0.045,0.814,0.140,0.262932
9500,0.037,0.843,0.120,0.213533
10000,0.033,0.926,0.041,0.094015
10500,0.045,0.884,0.070,0.173627
11000,0.045,0.897,0.058,0.163384
11500,0.066,0.826,0.107,0.252259
12000,0.058,0.851,0.091,0.218644
12500,0.062,0.822,0.116,0.243610
13000,0.050,0.864,0.087,0.196338
13500,0.074,0.851,0.074,0.202396
14000,0.087,0.814,0.099,0.270827
14500,0.099,0.744,0.157,0.347119
15000,0.149,0.694,0.157,0.404084
15500,0.194,0.558,0.248,0.499134
16000,0.169,0.562,0.269,0.477375
16500,0.215,0.541,0.244,0.505216
17000,0.236,0.475,0.289,0.542396
17500,0.227,0.566,0.207,0.482445
18000,0.182,0.612,0.207,0.430938
18500,0.112,0.744,0.145,0.332126
19000,0.149,0.702,0.149,0.385188
19500,0.091,0.756,0.153,0.348758
20000,0.070,0.798,0.132,0.259294
20500,0.074,0.740,0.186,0.336905
21000,0.136,0.661,0.202,0.429309
21500,0.066,0.781,0.153,0.308569
22000,0.095,0.723,0.182,0.373932
22500,0.116,0.616,0.269,0.450223
23000,0.116,0.628,0.256,0.452514
23500,0.083,0.748,0.169,0.297538
24000,0.045,0.818,0.136,0.245546
24500,0.037,0.884,0.079,0.175254
25000,0.033,0.921,0.045,0.128169
25500,0.062,0.814,0.124,0.257551
26000,0.054,0.880,0.066,0.170532
26500,0.112,0.769,0.120,0.317229
27000,0.124,0.690,0.186,0.397791
27500,0.107,0.686,0.207,0.385250
28000,0.178,0.562,0.260,0.488643
28500,0.174,0.562,0.264,0.496224
29000,0.186,0.554,0.260,0.504961
29500,0.149,0.694,0.157,0.387744
30000,0.169,0.636,0.194,0.430114
30500,0.140,0.607,0.252,0.446275
31000,0.128,0.686,0.186,0.363393
31500,0.099,0.715,0.186,0.371954
32000,0.074,0.781,0.145,0.306493
32500,0.066,0.785,0.149,0.319883
33000,0.066,0.798,0.136,0.287092
33500,0.054,0.847,0.099,0.203256
34000,0.095,0.826,0.079,0.222437
34500,0.079,0.769,0.153,0.302701
35000,0.091,0.731,0.178,0.305285
35500,0.070,0.731,0.198,0.303400
36000,0.066,0.818,0.116,0.247560
36500,0.107,0.740,0.153,0.340658
37000,0.140,0.715,0.145,0.379340
37500,0.095,0.769,0.136,0.326433
38000,0.045,0.835,0.120,0.222930
38500,0.083,0.806,0.112,0.255065
39000,0.074,0.826,0.099,0.258443
39500,0.083,0.818,0.099,0.263776
40000,0.070,0.711,0.219,0.372267
40500,0.074,0.802,0.124,0.254441
41000,0.087,0.756,0.157,0.314657
41500,0.087,0.752,0.161,0.309352
42000,0.070,0.773,0.157,0.293600
42500,0.062,0.818,0.120,0.240406
43000,0.062,0.789,0.149,0.291877
43500,0.091,0.777,0.132,0.298467
44000,0.095,0.740,0.165,0.354923
44500,0.087,0.702,0.211,0.388141
45000,0.099,0.748,0.153,0.370397
45500,0.083,0.822,0.095,0.265193
46000,0.041,0.802,0.157,0.284439
46500,0.207,0.657,0.136,0.411964
47000,0.240,0.587,0.174,0.447365
47500,0.273,0.475,0.252,0.526043
48000,0.269,0.430,0.302,0.547558
48500,0.343,0.393,0.264,0.563660
49000,0.372,0.339,0.289,0.528162
49500,0.521,0.219,0.260,0.481037
50000,0.628,0.157,0.215,0.412103
50500,0.678,0.074,0.248,0.371981
51000,0.793,0.050,0.157,0.258967
51500,0.880,0.017,0.103,0.158125
52000,0.963,0.000,0.037,0.034373
52500,0.988,0.000,0.012,0.007560
53000,0.996,0.000,0.004,0.002169
53500,1.000,0.000,0.000,0.000000
