time,n_A+p,n_B,n_AB
100,0.276,0.500,0.224
200,0.118,0.566,0.316
300,0.118,0.632,0.250
400,0.079,0.763,0.158
500,0.118,0.750,0.132
600,0.263,0.513,0.224
700,0.329,0.500,0.171
800,0.184,0.566,0.250
900,0.250,0.526,0.224
1000,0.316,0.500,0.184
1100,0.303,0.342,0.355
1200,0.303,0.395,0.303
1300,0.263,0.395,0.342
1400,0.197,0.579,0.224
1500,0.263,0.395,0.342
1600,0.250,0.474,0.276
1700,0.197,0.434,0.368
1800,0.316,0.461,0.224
1900,0.184,0.553,0.263
2000,0.171,0.618,0.211
2100,0.184,0.632,0.184
2200,0.171,0.474,0.355
2300,0.355,0.487,0.158
2400,0.408,0.342,0.250
2500,0.592,0.171,0.237
2600,0.618,0.105,0.276
2700,0.776,0.053,0.171
2800,0.724,0.039,0.237
2900,0.803,0.026,0.171
3000,0.855,0.000,0.145
3100,0.895,0.000,0.105
3200,0.908,0.013,0.079
3300,0.987,0.000,0.013
3400,0.987,0.000,0.013
3500,0.987,0.000,0.013
3600,1.000,0.000,0.000
