time,n_A+p,n_B,n_AB
0,0.010,0.990,0.000
500,0.010,0.961,0.029
1000,0.010,0.959,0.031
1500,0.010,0.920,0.070
2000,0.011,0.882,0.107
2500,0.010,0.859,0.131
3000,0.010,0.844,0.146
3500,0.010,0.822,0.168
4000,0.010,0.806,0.183
4500,0.013,0.778,0.210
5000,0.012,0.809,0.179
5500,0.011,0.829,0.159
6000,0.013,0.824,0.162
6500,0.012,0.820,0.168
7000,0.013,0.768,0.219
7500,0.013,0.792,0.196
8000,0.010,0.839,0.151
8500,0.012,0.816,0.172
9000,0.010,0.822,0.168
9500,0.010,0.830,0.160
10000,0.011,0.787,0.202
10500,0.010,0.711,0.279
11000,0.016,0.698,0.286
11500,0.011,0.714,0.275
12000,0.017,0.710,0.272
12500,0.012,0.681,0.307
13000,0.017,0.700,0.283
13500,0.013,0.744,0.242
14000,0.011,0.771,0.218
14500,0.012,0.773,0.215
15000,0.012,0.788,0.200
15500,0.010,0.735,0.254
16000,0.016,0.717,0.267
16500,0.012,0.704,0.284
17000,0.012,0.720,0.268
17500,0.012,0.756,0.232
18000,0.010,0.785,0.205
18500,0.011,0.758,0.231
19000,0.010,0.783,0.207
19500,0.010,0.765,0.224
20000,0.012,0.716,0.272
20500,0.010,0.733,0.257
21000,0.010,0.712,0.278
21500,0.013,0.695,0.292
22000,0.014,0.730,0.256
22500,0.014,0.721,0.265
23000,0.011,0.736,0.253
23500,0.010,0.733,0.257
24000,0.014,0.701,0.285
24500,0.013,0.763,0.224
25000,0.012,0.754,0.235
25500,0.012,0.782,0.206
26000,0.012,0.772,0.217
26500,0.011,0.776,0.213
27000,0.014,0.744,0.242
27500,0.013,0.659,0.328
28000,0.012,0.673,0.314
28500,0.011,0.655,0.334
29000,0.013,0.684,0.303
29500,0.012,0.724,0.264
30000,0.012,0.734,0.254
30500,0.010,0.771,0.219
31000,0.012,0.705,0.283
31500,0.010,0.697,0.292
32000,0.010,0.744,0.245
32500,0.010,0.794,0.196
33000,0.012,0.814,0.175
33500,0.012,0.793,0.196
34000,0.015,0.764,0.222
34500,0.011,0.773,0.216
35000,0.014,0.783,0.203
35500,0.012,0.792,0.196
36000,0.013,0.739,0.249
36500,0.012,0.759,0.229
37000,0.012,0.742,0.247
37500,0.012,0.683,0.304
38000,0.012,0.673,0.314
38500,0.015,0.729,0.256
39000,0.012,0.759,0.229
39500,0.011,0.752,0.237
40000,0.014,0.775,0.211
40500,0.011,0.783,0.205
41000,0.010,0.755,0.235
41500,0.016,0.737,0.247
42000,0.014,0.664,0.322
42500,0.016,0.615,0.369
43000,0.015,0.604,0.381
43500,0.018,0.641,0.341
44000,0.019,0.635,0.346
44500,0.012,0.648,0.340
45000,0.016,0.662,0.322
45500,0.012,0.678,0.310
46000,0.013,0.701,0.286
46500,0.013,0.690,0.297
47000,0.013,0.737,0.250
47500,0.011,0.713,0.276
48000,0.012,0.685,0.303
48500,0.013,0.694,0.293
49000,0.010,0.732,0.258
49500,0.012,0.759,0.229
50000,0.011,0.779,0.210
50500,0.013,0.768,0.219
51000,0.012,0.733,0.255
51500,0.016,0.658,0.326
52000,0.012,0.747,0.242
52500,0.013,0.724,0.264
53000,0.011,0.744,0.244
53500,0.012,0.711,0.276
54000,0.012,0.714,0.274
54500,0.016,0.713,0.271
55000,0.019,0.697,0.284
55500,0.017,0.664,0.318
56000,0.026,0.609,0.364
56500,0.028,0.562,0.410
57000,0.024,0.589,0.387
57500,0.035,0.538,0.427
58000,0.025,0.622,0.353
58500,0.022,0.629,0.350
59000,0.019,0.598,0.382
59500,0.024,0.627,0.349
60000,0.027,0.644,0.329
60500,0.019,0.679,0.302
61000,0.015,0.658,0.327
61500,0.012,0.690,0.297
62000,0.013,0.654,0.333
62500,0.015,0.692,0.293
63000,0.012,0.689,0.299
63500,0.010,0.686,0.303
64000,0.011,0.732,0.257
64500,0.011,0.733,0.256
65000,0.015,0.678,0.307
65500,0.017,0.632,0.351
66000,0.015,0.667,0.318
66500,0.013,0.732,0.254
67000,0.011,0.768,0.221
67500,0.010,0.749,0.241
68000,0.010,0.737,0.253
68500,0.011,0.733,0.256
69000,0.012,0.700,0.289
69500,0.012,0.750,0.238
70000,0.010,0.749,0.242
70500,0.010,0.807,0.183
71000,0.010,0.797,0.193
71500,0.010,0.797,0.192
72000,0.010,0.783,0.207
72500,0.013,0.789,0.198
73000,0.012,0.758,0.231
73500,0.012,0.764,0.225
74000,0.011,0.786,0.203
74500,0.012,0.758,0.230
75000,0.013,0.747,0.240
75500,0.016,0.765,0.219
76000,0.019,0.728,0.253
76500,0.012,0.723,0.265
77000,0.010,0.779,0.210
77500,0.013,0.763,0.224
78000,0.010,0.761,0.228
78500,0.013,0.772,0.215
79000,0.012,0.761,0.226
79500,0.011,0.740,0.249
80000,0.013,0.767,0.220
80500,0.014,0.734,0.252
81000,0.013,0.710,0.276
81500,0.016,0.693,0.291
82000,0.017,0.630,0.353
82500,0.018,0.604,0.378
83000,0.019,0.614,0.367
83500,0.025,0.580,0.395
84000,0.020,0.632,0.348
84500,0.021,0.628,0.351
85000,0.019,0.677,0.304
85500,0.013,0.655,0.331
86000,0.012,0.648,0.340
86500,0.013,0.624,0.363
87000,0.013,0.672,0.315
87500,0.013,0.689,0.299
88000,0.012,0.678,0.310
88500,0.013,0.641,0.346
89000,0.012,0.719,0.269
89500,0.012,0.724,0.264
90000,0.011,0.750,0.239
90500,0.010,0.747,0.242
91000,0.011,0.765,0.224
91500,0.012,0.734,0.254
92000,0.011,0.733,0.256
92500,0.013,0.750,0.237
93000,0.013,0.749,0.237
93500,0.013,0.733,0.254
94000,0.013,0.707,0.279
94500,0.016,0.686,0.299
95000,0.013,0.678,0.309
95500,0.015,0.694,0.292
96000,0.012,0.748,0.240
96500,0.010,0.724,0.266
97000,0.015,0.686,0.299
97500,0.015,0.664,0.321
98000,0.013,0.718,0.269
98500,0.011,0.641,0.347
99000,0.011,0.690,0.299
99500,0.014,0.731,0.255
100000,0.012,0.765,0.222
100500,0.015,0.683,0.303
101000,0.013,0.709,0.278
101500,0.016,0.717,0.268
102000,0.011,0.751,0.238
102500,0.011,0.797,0.192
103000,0.010,0.778,0.211
103500,0.012,0.767,0.222
104000,0.010,0.802,0.187
104500,0.010,0.789,0.201
105000,0.010,0.777,0.213
105500,0.013,0.751,0.236
106000,0.013,0.736,0.251
106500,0.012,0.718,0.270
107000,0.017,0.600,0.383
107500,0.019,0.634,0.346
108000,0.020,0.704,0.276
108500,0.012,0.756,0.232
109000,0.010,0.794,0.196
109500,0.010,0.767,0.223
110000,0.010,0.772,0.218
110500,0.010,0.721,0.269
111000,0.010,0.734,0.256
111500,0.010,0.764,0.225
112000,0.012,0.749,0.240
112500,0.011,0.778,0.211
113000,0.011,0.804,0.185
113500,0.010,0.803,0.187
114000,0.011,0.793,0.196
114500,0.012,0.783,0.205
115000,0.010,0.812,0.178
115500,0.010,0.835,0.155
116000,0.010,0.880,0.110
116500,0.010,0.883,0.107
117000,0.010,0.877,0.114
117500,0.012,0.817,0.171
118000,0.015,0.779,0.207
118500,0.013,0.779,0.208
119000,0.012,0.760,0.228
119500,0.012,0.763,0.225
120000,0.015,0.729,0.256
120500,0.012,0.765,0.223
121000,0.013,0.814,0.172
121500,0.013,0.821,0.166
122000,0.010,0.859,0.132
122500,0.010,0.848,0.142
123000,0.010,0.878,0.111
123500,0.010,0.861,0.129
124000,0.010,0.853,0.137
124500,0.010,0.855,0.135
125000,0.010,0.844,0.146
125500,0.010,0.859,0.131
126000,0.010,0.873,0.117
126500,0.011,0.911,0.078
127000,0.012,0.851,0.137
127500,0.012,0.841,0.147
128000,0.011,0.827,0.162
128500,0.013,0.820,0.168
129000,0.010,0.873,0.117
129500,0.010,0.846,0.144
130000,0.010,0.867,0.123
130500,0.011,0.813,0.176
131000,0.010,0.779,0.210
131500,0.010,0.821,0.169
132000,0.010,0.765,0.224
132500,0.012,0.769,0.219
133000,0.013,0.725,0.262
133500,0.015,0.704,0.281
134000,0.012,0.758,0.230
134500,0.010,0.770,0.219
135000,0.010,0.747,0.243
135500,0.010,0.764,0.226
136000,0.010,0.820,0.170
136500,0.010,0.824,0.166
137000,0.010,0.815,0.175
137500,0.012,0.773,0.215
138000,0.017,0.702,0.281
138500,0.016,0.737,0.247
139000,0.017,0.711,0.271
139500,0.012,0.708,0.279
140000,0.014,0.681,0.305
140500,0.016,0.655,0.329
141000,0.021,0.664,0.315
141500,0.018,0.696,0.286
142000,0.016,0.663,0.321
142500,0.020,0.679,0.301
143000,0.013,0.629,0.359
143500,0.016,0.615,0.369
144000,0.015,0.646,0.339
144500,0.016,0.616,0.368
145000,0.017,0.643,0.341
145500,0.015,0.682,0.303
146000,0.015,0.651,0.334
146500,0.012,0.711,0.277
147000,0.011,0.732,0.257
147500,0.012,0.659,0.328
148000,0.017,0.624,0.359
148500,0.016,0.616,0.368
149000,0.013,0.675,0.313
149500,0.012,0.686,0.302
150000,0.011,0.696,0.293
150500,0.015,0.712,0.273
151000,0.012,0.696,0.292
151500,0.012,0.725,0.263
152000,0.013,0.729,0.258
152500,0.015,0.714,0.271
153000,0.013,0.624,0.363
153500,0.013,0.604,0.383
154000,0.015,0.640,0.345
154500,0.015,0.658,0.327
155000,0.017,0.658,0.325
155500,0.017,0.672,0.311
156000,0.018,0.611,0.371
156500,0.031,0.572,0.396
157000,0.036,0.581,0.383
157500,0.024,0.611,0.364
158000,0.017,0.678,0.305
158500,0.013,0.696,0.290
159000,0.012,0.716,0.272
159500,0.012,0.751,0.236
160000,0.014,0.765,0.221
160500,0.011,0.782,0.207
161000,0.011,0.769,0.220
161500,0.012,0.776,0.212
162000,0.012,0.755,0.233
162500,0.011,0.708,0.281
163000,0.012,0.717,0.272
163500,0.013,0.743,0.244
164000,0.013,0.714,0.274
164500,0.014,0.707,0.279
165000,0.016,0.683,0.302
165500,0.011,0.703,0.286
166000,0.012,0.672,0.316
166500,0.010,0.618,0.372
167000,0.014,0.615,0.371
167500,0.017,0.581,0.402
168000,0.018,0.567,0.415
168500,0.017,0.572,0.411
169000,0.017,0.559,0.423
169500,0.015,0.643,0.342
170000,0.013,0.687,0.299
170500,0.015,0.653,0.332
171000,0.014,0.657,0.329
171500,0.016,0.647,0.337
172000,0.020,0.639,0.341
172500,0.021,0.597,0.382
173000,0.017,0.640,0.343
173500,0.017,0.613,0.370
174000,0.019,0.639,0.342
174500,0.019,0.685,0.296
175000,0.013,0.683,0.304
175500,0.013,0.680,0.307
176000,0.014,0.689,0.297
176500,0.014,0.693,0.293
177000,0.012,0.693,0.295
177500,0.012,0.753,0.235
178000,0.013,0.750,0.237
178500,0.012,0.761,0.228
179000,0.013,0.754,0.233
179500,0.012,0.718,0.270
180000,0.013,0.708,0.279
180500,0.014,0.683,0.303
181000,0.014,0.646,0.340
181500,0.013,0.633,0.353
182000,0.012,0.637,0.351
182500,0.015,0.696,0.289
183000,0.012,0.741,0.247
183500,0.012,0.757,0.231
184000,0.013,0.772,0.215
184500,0.013,0.757,0.229
185000,0.013,0.786,0.201
185500,0.013,0.735,0.251
186000,0.012,0.741,0.247
186500,0.013,0.753,0.235
187000,0.013,0.724,0.263
187500,0.016,0.669,0.315
188000,0.016,0.662,0.322
188500,0.016,0.588,0.396
189000,0.013,0.651,0.336
189500,0.019,0.683,0.298
190000,0.018,0.616,0.366
190500,0.015,0.668,0.317
191000,0.013,0.726,0.261
191500,0.012,0.778,0.210
192000,0.010,0.771,0.218
192500,0.011,0.714,0.275
193000,0.013,0.791,0.196
193500,0.013,0.773,0.214
194000,0.013,0.788,0.200
194500,0.012,0.785,0.203
195000,0.012,0.764,0.224
195500,0.012,0.739,0.249
196000,0.017,0.697,0.285
196500,0.017,0.695,0.288
197000,0.020,0.686,0.295
197500,0.015,0.710,0.275
198000,0.014,0.672,0.314
198500,0.014,0.719,0.267
199000,0.016,0.714,0.271
199500,0.014,0.722,0.264
200000,0.015,0.752,0.233
200500,0.017,0.760,0.223
201000,0.013,0.772,0.215
201500,0.012,0.769,0.219
202000,0.012,0.772,0.215
202500,0.015,0.754,0.232
203000,0.013,0.745,0.242
203500,0.014,0.776,0.210
204000,0.016,0.760,0.224
204500,0.016,0.726,0.258
205000,0.013,0.707,0.280
205500,0.011,0.752,0.237
206000,0.012,0.711,0.277
206500,0.016,0.679,0.306
207000,0.013,0.730,0.257
207500,0.013,0.733,0.254
208000,0.015,0.711,0.275
208500,0.013,0.718,0.269
209000,0.013,0.698,0.289
209500,0.013,0.725,0.263
210000,0.014,0.676,0.310
210500,0.012,0.684,0.304
211000,0.015,0.691,0.295
211500,0.015,0.680,0.304
212000,0.013,0.671,0.316
212500,0.013,0.682,0.305
213000,0.013,0.722,0.265
213500,0.012,0.668,0.320
214000,0.013,0.687,0.299
214500,0.019,0.687,0.294
215000,0.017,0.651,0.332
215500,0.013,0.695,0.292
216000,0.013,0.685,0.302
216500,0.013,0.659,0.328
217000,0.012,0.694,0.295
217500,0.012,0.716,0.272
218000,0.017,0.676,0.307
218500,0.013,0.750,0.237
219000,0.014,0.750,0.236
219500,0.012,0.749,0.240
220000,0.013,0.727,0.260
220500,0.013,0.740,0.247
221000,0.016,0.698,0.286
221500,0.013,0.712,0.275
222000,0.012,0.757,0.231
222500,0.015,0.742,0.243
223000,0.015,0.768,0.217
223500,0.014,0.753,0.233
224000,0.013,0.712,0.275
224500,0.012,0.673,0.314
225000,0.012,0.728,0.260
225500,0.012,0.759,0.229
226000,0.012,0.772,0.217
226500,0.015,0.777,0.208
227000,0.012,0.773,0.215
227500,0.011,0.735,0.254
228000,0.012,0.711,0.276
228500,0.016,0.687,0.297
229000,0.012,0.730,0.258
229500,0.013,0.683,0.304
230000,0.015,0.630,0.354
230500,0.015,0.641,0.345
231000,0.019,0.587,0.394
231500,0.019,0.597,0.384
232000,0.015,0.625,0.360
232500,0.015,0.648,0.338
233000,0.015,0.694,0.290
233500,0.012,0.651,0.338
234000,0.019,0.600,0.381
234500,0.019,0.591,0.389
235000,0.023,0.533,0.445
235500,0.020,0.600,0.380
236000,0.017,0.644,0.339
236500,0.016,0.629,0.356
237000,0.015,0.714,0.271
237500,0.013,0.732,0.255
238000,0.015,0.698,0.288
238500,0.016,0.714,0.270
239000,0.015,0.690,0.295
239500,0.014,0.698,0.288
240000,0.013,0.683,0.304
240500,0.013,0.675,0.311
241000,0.015,0.675,0.311
241500,0.015,0.701,0.284
242000,0.014,0.708,0.278
242500,0.012,0.717,0.271
243000,0.012,0.715,0.274
243500,0.011,0.672,0.317
244000,0.010,0.728,0.262
244500,0.011,0.708,0.281
245000,0.010,0.734,0.256
245500,0.010,0.754,0.236
246000,0.010,0.769,0.221
246500,0.017,0.693,0.290
247000,0.013,0.668,0.319
247500,0.012,0.714,0.274
248000,0.010,0.751,0.239
248500,0.010,0.793,0.197
249000,0.011,0.806,0.183
249500,0.010,0.846,0.144
250000,0.014,0.850,0.136
250500,0.011,0.842,0.147
251000,0.010,0.846,0.143
251500,0.010,0.854,0.136
252000,0.013,0.805,0.182
252500,0.013,0.810,0.176
253000,0.012,0.799,0.190
253500,0.012,0.823,0.165
254000,0.011,0.783,0.205
254500,0.012,0.778,0.210
255000,0.015,0.789,0.196
255500,0.014,0.771,0.215
256000,0.016,0.764,0.219
256500,0.015,0.822,0.163
257000,0.015,0.813,0.173
257500,0.013,0.778,0.209
258000,0.015,0.732,0.253
258500,0.016,0.711,0.273
259000,0.015,0.675,0.311
259500,0.014,0.666,0.320
260000,0.013,0.738,0.249
260500,0.015,0.710,0.275
261000,0.013,0.708,0.278
261500,0.017,0.714,0.269
262000,0.020,0.633,0.346
262500,0.020,0.602,0.377
263000,0.018,0.679,0.303
263500,0.016,0.626,0.357
264000,0.013,0.649,0.338
264500,0.013,0.619,0.368
265000,0.013,0.650,0.337
265500,0.012,0.679,0.309
266000,0.012,0.687,0.301
266500,0.012,0.678,0.310
267000,0.011,0.616,0.373
267500,0.017,0.582,0.401
268000,0.017,0.660,0.323
268500,0.014,0.641,0.345
269000,0.012,0.700,0.289
269500,0.013,0.707,0.279
270000,0.019,0.687,0.294
270500,0.018,0.643,0.339
271000,0.030,0.640,0.329
271500,0.017,0.640,0.342
272000,0.023,0.640,0.336
272500,0.021,0.672,0.307
273000,0.021,0.711,0.268
273500,0.018,0.680,0.302
274000,0.015,0.721,0.264
274500,0.013,0.729,0.258
275000,0.014,0.758,0.228
275500,0.014,0.701,0.285
276000,0.012,0.746,0.242
276500,0.013,0.696,0.291
277000,0.013,0.661,0.326
277500,0.012,0.711,0.276
278000,0.012,0.705,0.283
278500,0.013,0.732,0.256
279000,0.013,0.704,0.283
279500,0.012,0.770,0.218
280000,0.013,0.798,0.189
280500,0.011,0.789,0.200
281000,0.010,0.749,0.240
281500,0.010,0.748,0.242
282000,0.010,0.726,0.263
282500,0.011,0.812,0.177
283000,0.010,0.793,0.197
283500,0.015,0.749,0.236
284000,0.012,0.757,0.231
284500,0.010,0.787,0.203
285000,0.010,0.820,0.171
285500,0.012,0.792,0.196
286000,0.011,0.785,0.204
286500,0.010,0.756,0.234
287000,0.011,0.687,0.302
287500,0.014,0.704,0.282
288000,0.010,0.748,0.242
288500,0.016,0.714,0.270
289000,0.013,0.721,0.266
289500,0.011,0.731,0.258
290000,0.011,0.749,0.240
290500,0.010,0.736,0.254
291000,0.013,0.737,0.250
291500,0.012,0.755,0.233
292000,0.010,0.731,0.259
292500,0.014,0.710,0.276
293000,0.010,0.675,0.315
293500,0.011,0.692,0.297
294000,0.010,0.716,0.274
294500,0.012,0.719,0.269
295000,0.011,0.726,0.263
295500,0.010,0.753,0.237
296000,0.012,0.741,0.247
296500,0.012,0.762,0.226
297000,0.012,0.758,0.230
297500,0.012,0.769,0.219
298000,0.012,0.776,0.212
298500,0.010,0.771,0.219
299000,0.012,0.701,0.286
299500,0.012,0.682,0.307
300000,0.016,0.673,0.311
300500,0.012,0.727,0.261
301000,0.017,0.705,0.278
301500,0.017,0.688,0.295
302000,0.016,0.701,0.283
302500,0.013,0.689,0.299
303000,0.010,0.753,0.236
303500,0.012,0.711,0.278
304000,0.010,0.728,0.262
304500,0.011,0.712,0.276
305000,0.015,0.664,0.321
305500,0.014,0.693,0.293
306000,0.013,0.711,0.276
306500,0.013,0.658,0.329
307000,0.016,0.637,0.347
307500,0.013,0.641,0.345
308000,0.013,0.726,0.261
308500,0.012,0.746,0.242
309000,0.012,0.750,0.238
309500,0.012,0.761,0.228
310000,0.013,0.710,0.277
310500,0.012,0.732,0.256
311000,0.013,0.672,0.315
311500,0.016,0.593,0.391
312000,0.015,0.665,0.320
312500,0.013,0.687,0.300
313000,0.015,0.618,0.368
313500,0.015,0.637,0.348
314000,0.016,0.697,0.287
314500,0.013,0.701,0.285
315000,0.019,0.676,0.306
315500,0.019,0.689,0.292
316000,0.018,0.706,0.276
316500,0.013,0.687,0.299
317000,0.015,0.730,0.256
317500,0.013,0.765,0.221
318000,0.016,0.760,0.225
318500,0.014,0.771,0.215
319000,0.015,0.721,0.264
319500,0.013,0.736,0.251
320000,0.015,0.715,0.269
320500,0.020,0.664,0.316
321000,0.021,0.726,0.253
321500,0.017,0.714,0.269
322000,0.012,0.743,0.244
322500,0.014,0.730,0.256
323000,0.017,0.679,0.303
323500,0.020,0.690,0.290
324000,0.019,0.733,0.247
324500,0.019,0.750,0.231
325000,0.015,0.759,0.226
325500,0.013,0.730,0.257
326000,0.017,0.704,0.278
326500,0.015,0.703,0.283
327000,0.016,0.701,0.283
327500,0.014,0.674,0.312
328000,0.018,0.668,0.314
328500,0.016,0.643,0.342
329000,0.015,0.720,0.265
329500,0.012,0.767,0.222
330000,0.013,0.703,0.283
330500,0.013,0.756,0.231
331000,0.013,0.734,0.253
331500,0.012,0.698,0.289
332000,0.011,0.672,0.317
332500,0.011,0.729,0.260
333000,0.010,0.717,0.272
333500,0.011,0.724,0.265
334000,0.011,0.746,0.243
334500,0.013,0.767,0.220
335000,0.012,0.757,0.231
335500,0.012,0.754,0.235
336000,0.010,0.767,0.223
336500,0.011,0.767,0.222
337000,0.012,0.753,0.235
337500,0.013,0.689,0.298
338000,0.012,0.690,0.299
338500,0.012,0.647,0.342
339000,0.014,0.617,0.369
339500,0.014,0.694,0.292
340000,0.013,0.633,0.353
340500,0.019,0.632,0.350
341000,0.017,0.595,0.388
341500,0.015,0.651,0.335
342000,0.016,0.587,0.396
342500,0.021,0.597,0.382
343000,0.017,0.581,0.402
343500,0.012,0.650,0.339
344000,0.016,0.613,0.371
344500,0.013,0.676,0.311
345000,0.013,0.710,0.277
345500,0.013,0.685,0.303
346000,0.013,0.681,0.306
346500,0.020,0.664,0.317
347000,0.016,0.679,0.304
347500,0.017,0.677,0.306
348000,0.015,0.717,0.268
348500,0.016,0.663,0.321
349000,0.015,0.651,0.334
349500,0.017,0.637,0.345
350000,0.016,0.684,0.300
350500,0.016,0.703,0.281
351000,0.013,0.738,0.249
351500,0.015,0.704,0.281
352000,0.016,0.746,0.239
352500,0.014,0.746,0.240
353000,0.013,0.772,0.215
353500,0.012,0.746,0.243
354000,0.012,0.762,0.226
354500,0.012,0.738,0.250
355000,0.011,0.775,0.214
355500,0.012,0.801,0.187
356000,0.012,0.797,0.191
356500,0.012,0.718,0.271
357000,0.012,0.690,0.298
357500,0.012,0.687,0.300
358000,0.012,0.664,0.324
358500,0.013,0.673,0.314
359000,0.015,0.754,0.231
359500,0.014,0.735,0.251
360000,0.012,0.757,0.231
360500,0.013,0.749,0.238
361000,0.011,0.737,0.251
361500,0.015,0.725,0.260
362000,0.015,0.724,0.261
362500,0.016,0.714,0.271
363000,0.013,0.725,0.262
363500,0.013,0.735,0.251
364000,0.012,0.744,0.244
364500,0.013,0.737,0.250
365000,0.014,0.683,0.303
365500,0.017,0.708,0.275
366000,0.011,0.721,0.268
366500,0.014,0.737,0.249
367000,0.011,0.739,0.250
367500,0.013,0.681,0.306
368000,0.014,0.629,0.357
368500,0.013,0.681,0.306
369000,0.014,0.673,0.313
369500,0.013,0.664,0.323
370000,0.011,0.689,0.300
370500,0.010,0.694,0.296
371000,0.010,0.675,0.314
371500,0.013,0.689,0.297
372000,0.015,0.624,0.361
372500,0.013,0.618,0.369
373000,0.013,0.629,0.357
373500,0.012,0.596,0.392
374000,0.012,0.685,0.303
374500,0.015,0.696,0.290
375000,0.013,0.600,0.387
375500,0.020,0.587,0.393
376000,0.020,0.611,0.368
376500,0.020,0.584,0.396
377000,0.015,0.639,0.347
377500,0.012,0.573,0.415
378000,0.014,0.618,0.368
378500,0.012,0.619,0.368
379000,0.012,0.634,0.354
379500,0.013,0.608,0.379
380000,0.028,0.588,0.384
380500,0.034,0.577,0.388
381000,0.031,0.546,0.423
381500,0.030,0.549,0.421
382000,0.030,0.497,0.473
382500,0.029,0.594,0.377
383000,0.019,0.630,0.351
383500,0.015,0.658,0.327
384000,0.012,0.724,0.264
384500,0.016,0.724,0.260
385000,0.020,0.673,0.307
385500,0.013,0.717,0.269
386000,0.013,0.754,0.232
386500,0.013,0.770,0.217
387000,0.012,0.763,0.226
387500,0.013,0.756,0.232
388000,0.012,0.731,0.257
388500,0.010,0.749,0.242
389000,0.010,0.775,0.215
389500,0.011,0.757,0.232
390000,0.012,0.738,0.250
390500,0.013,0.728,0.260
391000,0.012,0.714,0.274
391500,0.010,0.647,0.342
392000,0.016,0.683,0.301
392500,0.017,0.683,0.300
393000,0.012,0.731,0.257
393500,0.012,0.770,0.218
394000,0.013,0.758,0.229
394500,0.010,0.715,0.274
395000,0.011,0.778,0.211
395500,0.012,0.790,0.198
396000,0.011,0.779,0.210
396500,0.012,0.779,0.209
397000,0.010,0.782,0.207
397500,0.010,0.778,0.211
398000,0.013,0.750,0.236
398500,0.015,0.724,0.261
399000,0.015,0.753,0.232
399500,0.013,0.751,0.236
400000,0.013,0.757,0.230
400500,0.012,0.738,0.250
401000,0.012,0.747,0.241
401500,0.013,0.715,0.272
402000,0.012,0.738,0.250
402500,0.011,0.742,0.247
403000,0.013,0.668,0.320
403500,0.013,0.679,0.308
404000,0.010,0.708,0.282
404500,0.012,0.670,0.318
405000,0.014,0.683,0.303
405500,0.013,0.724,0.263
406000,0.012,0.762,0.226
406500,0.012,0.737,0.251
407000,0.012,0.741,0.247
407500,0.013,0.678,0.308
408000,0.012,0.685,0.303
408500,0.010,0.717,0.273
409000,0.010,0.707,0.283
409500,0.010,0.713,0.277
410000,0.013,0.724,0.264
410500,0.016,0.693,0.291
411000,0.022,0.627,0.351
411500,0.037,0.618,0.346
412000,0.029,0.591,0.380
412500,0.041,0.561,0.398
413000,0.037,0.556,0.406
413500,0.037,0.556,0.407
414000,0.027,0.585,0.388
414500,0.027,0.578,0.395
415000,0.015,0.638,0.347
415500,0.022,0.650,0.329
416000,0.015,0.672,0.313
416500,0.016,0.721,0.263
417000,0.014,0.711,0.275
417500,0.016,0.666,0.318
418000,0.014,0.632,0.354
418500,0.015,0.652,0.333
419000,0.012,0.663,0.325
419500,0.013,0.719,0.268
420000,0.014,0.663,0.323
420500,0.014,0.746,0.240
421000,0.013,0.697,0.290
421500,0.015,0.711,0.275
422000,0.012,0.696,0.292
422500,0.016,0.696,0.288
423000,0.019,0.672,0.310
423500,0.017,0.683,0.299
424000,0.015,0.704,0.281
424500,0.015,0.731,0.254
425000,0.014,0.741,0.245
425500,0.013,0.749,0.238
426000,0.013,0.726,0.260
426500,0.016,0.711,0.273
427000,0.013,0.733,0.254
427500,0.010,0.771,0.218
428000,0.012,0.775,0.214
428500,0.011,0.804,0.185
429000,0.025,0.768,0.207
429500,0.017,0.705,0.278
430000,0.012,0.768,0.220
430500,0.011,0.781,0.208
431000,0.010,0.807,0.182
431500,0.010,0.779,0.211
432000,0.010,0.767,0.224
432500,0.011,0.763,0.226
433000,0.010,0.807,0.183
433500,0.010,0.834,0.156
434000,0.012,0.832,0.155
434500,0.013,0.783,0.204
435000,0.013,0.757,0.230
435500,0.010,0.778,0.212
436000,0.010,0.759,0.231
436500,0.010,0.756,0.234
437000,0.010,0.739,0.251
437500,0.010,0.797,0.193
438000,0.013,0.750,0.237
438500,0.012,0.701,0.287
439000,0.012,0.763,0.226
439500,0.010,0.746,0.243
440000,0.013,0.686,0.301
440500,0.010,0.671,0.318
441000,0.013,0.709,0.278
441500,0.015,0.696,0.289
442000,0.011,0.696,0.293
442500,0.012,0.679,0.308
443000,0.015,0.699,0.286
443500,0.015,0.629,0.356
444000,0.012,0.657,0.331
444500,0.014,0.713,0.273
445000,0.012,0.742,0.246
445500,0.011,0.729,0.260
446000,0.013,0.728,0.259
446500,0.012,0.747,0.241
447000,0.012,0.735,0.253
447500,0.012,0.693,0.295
448000,0.012,0.671,0.317
448500,0.015,0.673,0.312
449000,0.012,0.625,0.363
449500,0.023,0.588,0.389
450000,0.017,0.630,0.353
450500,0.019,0.668,0.313
451000,0.015,0.650,0.335
451500,0.014,0.735,0.251
452000,0.015,0.756,0.230
452500,0.012,0.690,0.297
453000,0.012,0.699,0.289
453500,0.012,0.689,0.299
454000,0.012,0.644,0.344
454500,0.013,0.676,0.311
455000,0.013,0.666,0.321
455500,0.017,0.658,0.325
456000,0.012,0.658,0.329
456500,0.014,0.651,0.335
457000,0.015,0.696,0.290
457500,0.012,0.698,0.289
458000,0.013,0.718,0.269
458500,0.017,0.732,0.251
459000,0.013,0.763,0.224
459500,0.013,0.752,0.235
460000,0.013,0.725,0.263
460500,0.013,0.708,0.279
461000,0.018,0.668,0.314
461500,0.016,0.700,0.285
462000,0.013,0.762,0.225
462500,0.010,0.737,0.253
463000,0.013,0.750,0.237
463500,0.013,0.783,0.204
464000,0.011,0.802,0.187
464500,0.011,0.786,0.203
465000,0.015,0.726,0.258
465500,0.013,0.703,0.283
466000,0.016,0.679,0.305
466500,0.013,0.692,0.296
467000,0.013,0.754,0.233
467500,0.012,0.722,0.266
468000,0.014,0.694,0.292
468500,0.015,0.652,0.334
469000,0.015,0.671,0.315
469500,0.015,0.679,0.306
470000,0.013,0.739,0.249
470500,0.017,0.711,0.272
471000,0.022,0.671,0.307
471500,0.013,0.724,0.263
472000,0.016,0.717,0.268
472500,0.019,0.761,0.220
473000,0.014,0.748,0.238
473500,0.013,0.800,0.186
474000,0.014,0.821,0.165
474500,0.013,0.813,0.174
475000,0.013,0.807,0.180
475500,0.014,0.740,0.246
476000,0.014,0.705,0.281
476500,0.013,0.708,0.279
477000,0.013,0.747,0.240
477500,0.011,0.789,0.200
478000,0.011,0.793,0.196
478500,0.012,0.769,0.219
479000,0.010,0.746,0.243
479500,0.013,0.784,0.203
480000,0.012,0.797,0.192
480500,0.010,0.768,0.222
481000,0.010,0.732,0.258
481500,0.012,0.707,0.281
482000,0.012,0.728,0.260
482500,0.012,0.733,0.256
483000,0.015,0.662,0.323
483500,0.015,0.728,0.257
484000,0.016,0.656,0.328
484500,0.020,0.645,0.335
485000,0.029,0.627,0.345
485500,0.019,0.683,0.298
486000,0.016,0.721,0.263
486500,0.014,0.780,0.206
487000,0.011,0.830,0.159
487500,0.012,0.783,0.205
488000,0.010,0.783,0.207
488500,0.011,0.742,0.247
489000,0.012,0.716,0.272
489500,0.015,0.689,0.297
490000,0.012,0.700,0.288
490500,0.012,0.742,0.246
491000,0.011,0.793,0.196
491500,0.011,0.799,0.190
492000,0.012,0.815,0.173
492500,0.010,0.807,0.183
493000,0.010,0.799,0.192
493500,0.010,0.779,0.210
494000,0.012,0.727,0.261
494500,0.012,0.726,0.262
495000,0.012,0.724,0.264
495500,0.010,0.753,0.237
496000,0.010,0.743,0.246
496500,0.012,0.686,0.302
497000,0.017,0.686,0.297
497500,0.012,0.736,0.251
498000,0.012,0.729,0.259
498500,0.014,0.726,0.260
499000,0.017,0.697,0.286
499500,0.017,0.707,0.276
500000,0.013,0.686,0.301
500500,0.015,0.628,0.357
501000,0.017,0.692,0.291
501500,0.019,0.685,0.296
502000,0.017,0.673,0.310
502500,0.020,0.636,0.345
503000,0.015,0.600,0.385
503500,0.013,0.636,0.352
504000,0.012,0.659,0.328
504500,0.012,0.685,0.303
505000,0.016,0.653,0.331
505500,0.012,0.669,0.318
506000,0.011,0.665,0.324
506500,0.011,0.712,0.276
507000,0.011,0.695,0.294
507500,0.011,0.689,0.300
508000,0.015,0.747,0.239
508500,0.013,0.792,0.194
509000,0.012,0.768,0.219
509500,0.012,0.731,0.257
510000,0.016,0.678,0.306
510500,0.017,0.612,0.371
511000,0.016,0.698,0.286
511500,0.016,0.723,0.261
512000,0.012,0.750,0.239
512500,0.012,0.736,0.251
513000,0.011,0.768,0.221
513500,0.011,0.745,0.244
514000,0.010,0.737,0.253
514500,0.010,0.749,0.242
515000,0.010,0.738,0.252
515500,0.010,0.750,0.240
516000,0.012,0.713,0.275
516500,0.012,0.755,0.233
517000,0.012,0.776,0.212
517500,0.011,0.768,0.221
518000,0.010,0.793,0.197
518500,0.013,0.757,0.230
519000,0.010,0.744,0.245
519500,0.012,0.754,0.235
520000,0.014,0.736,0.250
520500,0.012,0.721,0.267
521000,0.010,0.767,0.224
521500,0.011,0.807,0.182
522000,0.010,0.803,0.187
522500,0.010,0.786,0.204
523000,0.010,0.797,0.193
523500,0.010,0.797,0.193
524000,0.013,0.753,0.234
524500,0.017,0.761,0.221
525000,0.016,0.743,0.241
525500,0.012,0.751,0.236
526000,0.013,0.765,0.222
526500,0.011,0.749,0.240
527000,0.013,0.766,0.221
527500,0.010,0.796,0.194
528000,0.010,0.845,0.145
528500,0.010,0.817,0.173
529000,0.012,0.803,0.185
529500,0.010,0.778,0.212
530000,0.011,0.807,0.182
530500,0.012,0.794,0.194
531000,0.011,0.774,0.215
531500,0.014,0.751,0.235
532000,0.013,0.704,0.282
532500,0.017,0.640,0.343
533000,0.013,0.619,0.368
533500,0.022,0.556,0.422
534000,0.016,0.614,0.370
534500,0.022,0.576,0.403
535000,0.019,0.575,0.406
535500,0.031,0.547,0.422
536000,0.029,0.542,0.428
536500,0.029,0.550,0.421
537000,0.021,0.602,0.377
537500,0.024,0.669,0.307
538000,0.033,0.666,0.301
538500,0.035,0.659,0.306
539000,0.031,0.680,0.288
539500,0.028,0.725,0.247
540000,0.022,0.751,0.226
540500,0.023,0.726,0.251
541000,0.017,0.757,0.226
541500,0.014,0.682,0.304
542000,0.013,0.707,0.280
542500,0.012,0.712,0.275
543000,0.012,0.686,0.302
543500,0.015,0.598,0.386
544000,0.017,0.610,0.373
544500,0.023,0.601,0.375
545000,0.016,0.579,0.405
545500,0.017,0.637,0.346
546000,0.023,0.583,0.393
546500,0.020,0.597,0.383
547000,0.019,0.645,0.336
547500,0.014,0.636,0.350
548000,0.016,0.616,0.367
548500,0.015,0.605,0.381
549000,0.017,0.586,0.397
549500,0.018,0.655,0.327
550000,0.017,0.687,0.296
550500,0.017,0.648,0.335
551000,0.016,0.612,0.373
551500,0.019,0.566,0.415
552000,0.022,0.641,0.338
552500,0.016,0.655,0.329
553000,0.016,0.687,0.297
553500,0.013,0.733,0.253
554000,0.012,0.676,0.311
554500,0.013,0.682,0.304
555000,0.014,0.714,0.272
555500,0.015,0.706,0.279
556000,0.013,0.711,0.276
556500,0.017,0.693,0.290
557000,0.017,0.679,0.304
557500,0.013,0.687,0.300
558000,0.013,0.656,0.331
558500,0.012,0.690,0.298
559000,0.012,0.716,0.272
559500,0.014,0.718,0.268
560000,0.012,0.687,0.301
560500,0.013,0.658,0.329
561000,0.015,0.673,0.312
561500,0.015,0.698,0.288
562000,0.018,0.645,0.337
562500,0.016,0.568,0.417
563000,0.014,0.653,0.334
563500,0.015,0.620,0.365
564000,0.011,0.599,0.390
564500,0.016,0.585,0.399
565000,0.019,0.601,0.380
565500,0.020,0.647,0.333
566000,0.016,0.653,0.331
566500,0.015,0.693,0.293
567000,0.012,0.682,0.306
567500,0.014,0.655,0.331
568000,0.014,0.647,0.339
568500,0.017,0.669,0.314
569000,0.012,0.703,0.285
569500,0.018,0.658,0.324
570000,0.020,0.662,0.318
570500,0.015,0.676,0.310
571000,0.013,0.725,0.262
571500,0.013,0.665,0.322
572000,0.014,0.675,0.311
572500,0.015,0.646,0.339
573000,0.019,0.597,0.384
573500,0.020,0.558,0.423
574000,0.023,0.594,0.383
574500,0.015,0.583,0.402
575000,0.015,0.619,0.367
575500,0.019,0.603,0.378
576000,0.014,0.647,0.339
576500,0.014,0.699,0.287
577000,0.013,0.719,0.267
577500,0.013,0.692,0.295
578000,0.014,0.689,0.297
578500,0.018,0.631,0.351
579000,0.013,0.696,0.291
579500,0.016,0.648,0.336
580000,0.013,0.685,0.302
580500,0.017,0.653,0.331
581000,0.011,0.714,0.275
581500,0.012,0.641,0.347
582000,0.015,0.680,0.304
582500,0.015,0.619,0.367
583000,0.023,0.666,0.311
583500,0.013,0.668,0.318
584000,0.015,0.672,0.313
584500,0.015,0.641,0.344
585000,0.014,0.679,0.307
585500,0.012,0.649,0.339
586000,0.013,0.641,0.346
586500,0.017,0.602,0.381
587000,0.013,0.647,0.340
587500,0.013,0.672,0.315
588000,0.010,0.717,0.273
588500,0.015,0.714,0.272
589000,0.015,0.648,0.336
589500,0.012,0.712,0.276
590000,0.012,0.733,0.256
590500,0.012,0.659,0.329
591000,0.012,0.632,0.357
591500,0.014,0.598,0.388
592000,0.011,0.651,0.338
592500,0.011,0.701,0.288
593000,0.013,0.671,0.316
593500,0.021,0.653,0.326
594000,0.015,0.672,0.314
594500,0.016,0.721,0.264
595000,0.013,0.719,0.268
595500,0.011,0.744,0.244
596000,0.016,0.715,0.269
596500,0.013,0.716,0.271
597000,0.014,0.719,0.267
597500,0.011,0.686,0.303
598000,0.012,0.661,0.328
598500,0.012,0.612,0.377
599000,0.012,0.666,0.321
599500,0.012,0.624,0.364
600000,0.012,0.669,0.318
600500,0.013,0.737,0.250
601000,0.012,0.660,0.328
601500,0.013,0.701,0.286
602000,0.012,0.677,0.311
602500,0.013,0.671,0.317
603000,0.012,0.661,0.327
603500,0.010,0.701,0.288
604000,0.014,0.655,0.331
604500,0.023,0.579,0.399
605000,0.015,0.600,0.385
605500,0.012,0.641,0.347
606000,0.015,0.655,0.330
606500,0.012,0.671,0.317
607000,0.015,0.624,0.361
607500,0.015,0.586,0.399
608000,0.015,0.619,0.367
608500,0.013,0.640,0.347
609000,0.018,0.615,0.367
609500,0.019,0.620,0.361
610000,0.020,0.579,0.402
610500,0.021,0.597,0.382
611000,0.022,0.542,0.436
611500,0.018,0.616,0.366
612000,0.016,0.658,0.326
612500,0.015,0.673,0.312
613000,0.017,0.676,0.307
613500,0.017,0.652,0.331
614000,0.016,0.698,0.286
614500,0.016,0.691,0.293
615000,0.012,0.729,0.260
615500,0.011,0.765,0.224
616000,0.012,0.733,0.254
616500,0.013,0.704,0.282
617000,0.013,0.709,0.278
617500,0.016,0.694,0.290
618000,0.013,0.637,0.350
618500,0.015,0.700,0.285
619000,0.013,0.722,0.265
619500,0.012,0.707,0.282
620000,0.010,0.728,0.262
620500,0.014,0.701,0.285
621000,0.012,0.717,0.271
621500,0.015,0.673,0.311
622000,0.014,0.662,0.324
622500,0.019,0.574,0.407
623000,0.019,0.620,0.360
623500,0.020,0.639,0.341
624000,0.015,0.646,0.339
624500,0.015,0.655,0.329
625000,0.012,0.692,0.297
625500,0.010,0.708,0.282
626000,0.012,0.632,0.357
626500,0.016,0.634,0.350
627000,0.016,0.603,0.381
627500,0.015,0.615,0.371
628000,0.019,0.619,0.363
628500,0.018,0.601,0.381
629000,0.017,0.617,0.366
629500,0.022,0.604,0.375
630000,0.018,0.646,0.336
630500,0.019,0.666,0.315
631000,0.019,0.683,0.298
631500,0.017,0.731,0.252
632000,0.017,0.726,0.257
632500,0.013,0.728,0.258
633000,0.015,0.712,0.272
633500,0.014,0.709,0.277
634000,0.014,0.727,0.259
634500,0.012,0.724,0.265
635000,0.010,0.771,0.218
635500,0.011,0.722,0.267
636000,0.013,0.739,0.249
636500,0.015,0.733,0.253
637000,0.012,0.743,0.244
637500,0.013,0.728,0.259
638000,0.016,0.718,0.267
638500,0.020,0.671,0.309
639000,0.013,0.679,0.308
639500,0.011,0.750,0.239
640000,0.010,0.745,0.245
640500,0.010,0.731,0.259
641000,0.011,0.718,0.271
641500,0.010,0.681,0.308
642000,0.010,0.682,0.307
642500,0.018,0.676,0.306
643000,0.016,0.644,0.341
643500,0.015,0.657,0.328
644000,0.013,0.705,0.281
644500,0.011,0.698,0.291
645000,0.012,0.692,0.297
645500,0.015,0.728,0.257
646000,0.016,0.674,0.310
646500,0.013,0.683,0.304
647000,0.013,0.737,0.250
647500,0.012,0.694,0.293
648000,0.011,0.648,0.341
648500,0.025,0.649,0.326
649000,0.015,0.717,0.268
649500,0.011,0.709,0.280
650000,0.011,0.717,0.272
650500,0.011,0.736,0.253
651000,0.016,0.669,0.315
651500,0.015,0.698,0.288
652000,0.012,0.715,0.273
652500,0.013,0.683,0.303
653000,0.015,0.676,0.309
653500,0.016,0.662,0.321
654000,0.014,0.677,0.309
654500,0.014,0.650,0.336
655000,0.012,0.708,0.280
655500,0.014,0.719,0.267
656000,0.017,0.719,0.264
656500,0.013,0.700,0.287
657000,0.016,0.677,0.307
657500,0.013,0.657,0.330
658000,0.013,0.685,0.302
658500,0.013,0.662,0.325
659000,0.013,0.682,0.305
659500,0.015,0.644,0.341
660000,0.013,0.635,0.352
660500,0.012,0.696,0.292
661000,0.013,0.691,0.296
661500,0.012,0.685,0.304
662000,0.011,0.678,0.311
662500,0.013,0.675,0.313
663000,0.015,0.743,0.242
663500,0.013,0.684,0.303
664000,0.023,0.610,0.367
664500,0.035,0.563,0.402
665000,0.036,0.586,0.378
665500,0.054,0.609,0.336
666000,0.051,0.562,0.386
666500,0.056,0.493,0.451
667000,0.064,0.456,0.480
667500,0.070,0.463,0.467
668000,0.100,0.463,0.438
668500,0.077,0.452,0.471
669000,0.087,0.471,0.442
669500,0.097,0.430,0.473
670000,0.086,0.481,0.434
670500,0.069,0.451,0.480
671000,0.062,0.419,0.519
671500,0.071,0.464,0.465
672000,0.080,0.469,0.451
672500,0.095,0.476,0.430
673000,0.087,0.456,0.457
673500,0.051,0.501,0.448
674000,0.051,0.505,0.444
674500,0.058,0.502,0.440
675000,0.047,0.476,0.477
675500,0.058,0.505,0.437
676000,0.049,0.523,0.428
676500,0.040,0.498,0.462
677000,0.029,0.556,0.416
677500,0.024,0.551,0.425
678000,0.024,0.591,0.385
678500,0.027,0.580,0.392
679000,0.026,0.567,0.407
679500,0.028,0.569,0.403
680000,0.032,0.584,0.384
680500,0.020,0.595,0.385
681000,0.020,0.591,0.389
681500,0.017,0.661,0.322
682000,0.021,0.627,0.352
682500,0.026,0.627,0.346
683000,0.019,0.639,0.343
683500,0.017,0.642,0.341
684000,0.018,0.577,0.405
684500,0.018,0.639,0.343
685000,0.018,0.682,0.300
685500,0.019,0.723,0.258
686000,0.021,0.637,0.342
686500,0.020,0.633,0.346
687000,0.017,0.607,0.376
687500,0.022,0.636,0.342
688000,0.024,0.598,0.378
688500,0.028,0.620,0.352
689000,0.029,0.618,0.353
689500,0.033,0.603,0.364
690000,0.024,0.598,0.378
690500,0.026,0.592,0.382
691000,0.019,0.625,0.357
691500,0.017,0.620,0.362
692000,0.017,0.647,0.336
692500,0.016,0.681,0.303
693000,0.024,0.728,0.248
693500,0.022,0.718,0.260
694000,0.019,0.698,0.283
694500,0.015,0.704,0.281
695000,0.016,0.698,0.286
695500,0.016,0.680,0.303
696000,0.028,0.647,0.325
696500,0.024,0.669,0.307
697000,0.019,0.710,0.271
697500,0.016,0.695,0.289
698000,0.012,0.710,0.279
698500,0.010,0.777,0.212
699000,0.013,0.811,0.175
699500,0.013,0.815,0.172
700000,0.012,0.736,0.253
700500,0.012,0.737,0.250
701000,0.012,0.762,0.226
701500,0.012,0.729,0.259
702000,0.011,0.733,0.256
702500,0.012,0.789,0.200
703000,0.012,0.726,0.263
703500,0.013,0.678,0.309
704000,0.012,0.685,0.303
704500,0.012,0.672,0.316
705000,0.012,0.713,0.275
705500,0.012,0.772,0.216
706000,0.012,0.731,0.258
706500,0.012,0.739,0.250
707000,0.013,0.712,0.275
707500,0.011,0.735,0.254
708000,0.020,0.640,0.341
708500,0.028,0.635,0.337
709000,0.020,0.615,0.365
709500,0.019,0.604,0.377
710000,0.026,0.644,0.331
710500,0.024,0.582,0.394
711000,0.023,0.672,0.305
711500,0.015,0.657,0.328
712000,0.012,0.727,0.261
712500,0.012,0.687,0.300
713000,0.014,0.671,0.315
713500,0.026,0.652,0.322
714000,0.018,0.636,0.346
714500,0.017,0.669,0.314
715000,0.016,0.723,0.261
715500,0.015,0.719,0.265
716000,0.012,0.710,0.279
716500,0.017,0.615,0.368
717000,0.019,0.614,0.367
717500,0.016,0.656,0.328
718000,0.013,0.625,0.362
718500,0.014,0.657,0.329
719000,0.016,0.648,0.336
719500,0.013,0.700,0.288
720000,0.013,0.718,0.269
720500,0.010,0.708,0.281
721000,0.012,0.827,0.162
721500,0.012,0.737,0.251
722000,0.012,0.720,0.268
722500,0.012,0.649,0.339
723000,0.016,0.650,0.334
723500,0.017,0.620,0.362
724000,0.016,0.607,0.377
724500,0.012,0.642,0.346
725000,0.012,0.680,0.308
725500,0.011,0.643,0.346
726000,0.013,0.587,0.400
726500,0.018,0.620,0.361
727000,0.017,0.651,0.332
727500,0.012,0.714,0.274
728000,0.011,0.734,0.255
728500,0.013,0.662,0.324
729000,0.016,0.630,0.354
729500,0.015,0.591,0.395
730000,0.012,0.641,0.346
730500,0.012,0.641,0.347
731000,0.013,0.660,0.327
731500,0.012,0.662,0.325
732000,0.018,0.623,0.359
732500,0.016,0.685,0.300
733000,0.020,0.693,0.288
733500,0.023,0.705,0.272
734000,0.024,0.648,0.328
734500,0.022,0.667,0.311
735000,0.016,0.679,0.306
735500,0.018,0.622,0.360
736000,0.016,0.632,0.352
736500,0.013,0.692,0.295
737000,0.013,0.713,0.274
737500,0.011,0.705,0.283
738000,0.019,0.665,0.317
738500,0.014,0.632,0.354
739000,0.020,0.609,0.370
739500,0.017,0.656,0.327
740000,0.018,0.680,0.302
740500,0.012,0.705,0.283
741000,0.015,0.637,0.349
741500,0.016,0.673,0.311
742000,0.012,0.688,0.300
742500,0.013,0.722,0.264
743000,0.014,0.710,0.276
743500,0.014,0.715,0.271
744000,0.013,0.749,0.239
744500,0.011,0.707,0.282
745000,0.011,0.786,0.203
745500,0.011,0.770,0.219
746000,0.013,0.797,0.190
746500,0.012,0.761,0.227
747000,0.011,0.768,0.221
747500,0.012,0.754,0.234
748000,0.012,0.728,0.260
748500,0.014,0.710,0.276
749000,0.012,0.697,0.291
749500,0.015,0.700,0.285
750000,0.020,0.647,0.333
750500,0.013,0.728,0.259
751000,0.012,0.749,0.239
751500,0.015,0.728,0.258
752000,0.011,0.757,0.232
752500,0.015,0.732,0.254
753000,0.016,0.690,0.294
753500,0.010,0.718,0.271
754000,0.012,0.677,0.311
754500,0.010,0.591,0.398
755000,0.013,0.619,0.368
755500,0.019,0.602,0.379
756000,0.022,0.540,0.438
756500,0.025,0.591,0.384
757000,0.017,0.648,0.335
757500,0.013,0.705,0.282
758000,0.013,0.661,0.327
758500,0.015,0.618,0.367
759000,0.017,0.658,0.325
759500,0.019,0.673,0.308
760000,0.012,0.698,0.290
760500,0.014,0.746,0.240
761000,0.011,0.766,0.223
761500,0.014,0.731,0.256
762000,0.012,0.727,0.261
762500,0.011,0.748,0.241
763000,0.011,0.739,0.250
763500,0.010,0.751,0.239
764000,0.010,0.758,0.232
764500,0.012,0.779,0.209
765000,0.013,0.773,0.214
765500,0.013,0.789,0.198
766000,0.014,0.763,0.224
766500,0.016,0.778,0.206
767000,0.016,0.726,0.258
767500,0.016,0.707,0.277
768000,0.019,0.711,0.270
768500,0.014,0.698,0.288
769000,0.014,0.740,0.246
769500,0.017,0.675,0.308
770000,0.014,0.644,0.342
770500,0.020,0.636,0.345
771000,0.021,0.661,0.318
771500,0.015,0.653,0.332
772000,0.020,0.673,0.307
772500,0.016,0.654,0.330
773000,0.017,0.693,0.290
773500,0.019,0.657,0.325
774000,0.016,0.707,0.276
774500,0.025,0.650,0.325
775000,0.021,0.722,0.257
775500,0.014,0.738,0.248
776000,0.018,0.729,0.253
776500,0.015,0.696,0.289
777000,0.018,0.676,0.306
777500,0.016,0.620,0.364
778000,0.019,0.602,0.378
778500,0.017,0.599,0.384
779000,0.019,0.586,0.395
779500,0.032,0.563,0.405
780000,0.030,0.506,0.463
780500,0.038,0.484,0.477
781000,0.032,0.547,0.421
781500,0.033,0.541,0.427
782000,0.033,0.535,0.432
782500,0.038,0.573,0.389
783000,0.037,0.561,0.402
783500,0.038,0.510,0.452
784000,0.030,0.601,0.370
784500,0.024,0.569,0.407
785000,0.030,0.491,0.479
785500,0.030,0.600,0.370
786000,0.029,0.530,0.441
786500,0.033,0.544,0.423
787000,0.025,0.490,0.485
787500,0.024,0.523,0.453
788000,0.020,0.538,0.442
788500,0.013,0.609,0.378
789000,0.016,0.604,0.381
789500,0.017,0.609,0.373
790000,0.015,0.552,0.433
790500,0.017,0.644,0.339
791000,0.019,0.693,0.288
791500,0.017,0.708,0.275
792000,0.015,0.716,0.269
792500,0.017,0.719,0.263
793000,0.013,0.684,0.303
793500,0.011,0.694,0.295
794000,0.012,0.673,0.314
794500,0.015,0.639,0.346
795000,0.015,0.669,0.315
795500,0.013,0.669,0.318
796000,0.012,0.661,0.328
796500,0.013,0.558,0.428
797000,0.019,0.538,0.442
797500,0.022,0.537,0.441
798000,0.016,0.639,0.345
798500,0.013,0.621,0.366
799000,0.015,0.601,0.384
799500,0.016,0.598,0.386
800000,0.019,0.562,0.420
800500,0.022,0.496,0.482
801000,0.016,0.522,0.462
801500,0.020,0.556,0.423
802000,0.016,0.527,0.457
802500,0.015,0.533,0.452
803000,0.017,0.539,0.444
803500,0.013,0.636,0.351
