time,n_A+p,n_B,n_AB
500,0.050,0.156,0.794
1000,0.250,0.017,0.733
1500,0.546,0.000,0.454
2000,0.500,0.000,0.500
2500,0.553,0.000,0.447
3000,0.634,0.000,0.366
3500,0.482,0.000,0.518
4000,0.467,0.000,0.533
4500,0.403,0.000,0.597
5000,0.604,0.000,0.396
5500,0.493,0.000,0.507
6000,0.667,0.000,0.333
6500,0.753,0.000,0.247
7000,0.797,0.000,0.203
7500,0.694,0.000,0.306
8000,0.454,0.000,0.546
8500,0.545,0.000,0.455
9000,0.709,0.000,0.291
9500,0.768,0.000,0.232
10000,0.665,0.000,0.335
10500,0.576,0.000,0.424
11000,0.719,0.000,0.281
11500,0.751,0.000,0.249
12000,0.536,0.000,0.464
12500,0.686,0.000,0.314
13000,0.612,0.000,0.388
13500,0.625,0.000,0.375
14000,0.624,0.000,0.376
14500,0.784,0.000,0.216
15000,0.510,0.000,0.490
15500,0.541,0.000,0.459
16000,0.612,0.000,0.388
16500,0.704,0.000,0.296
17000,0.682,0.000,0.318
17500,0.732,0.000,0.268
18000,0.743,0.000,0.257
18500,0.646,0.000,0.354
19000,0.443,0.000,0.557
19500,0.731,0.000,0.269
20000,0.735,0.000,0.265
20500,0.807,0.000,0.193
21000,0.569,0.000,0.431
21500,0.590,0.000,0.410
22000,0.576,0.000,0.424
22500,0.654,0.000,0.346
23000,0.755,0.000,0.245
23500,0.615,0.000,0.385
24000,0.508,0.000,0.492
24500,0.643,0.000,0.357
25000,0.694,0.000,0.306
25500,0.472,0.000,0.528
26000,0.665,0.000,0.335
26500,0.460,0.000,0.540
27000,0.550,0.000,0.450
27500,0.654,0.000,0.346
28000,0.780,0.000,0.220
28500,0.621,0.000,0.379
29000,0.665,0.000,0.335
29500,0.617,0.000,0.383
30000,0.605,0.000,0.395
30500,0.789,0.000,0.211
31000,0.645,0.000,0.355
31500,0.573,0.000,0.427
32000,0.426,0.000,0.574
32500,0.625,0.000,0.375
33000,0.620,0.000,0.380
33500,0.768,0.000,0.232
34000,0.675,0.000,0.325
34500,0.731,0.000,0.269
35000,0.626,0.000,0.374
35500,0.612,0.000,0.388
36000,0.516,0.000,0.484
36500,0.521,0.000,0.479
37000,0.512,0.000,0.488
37500,0.640,0.000,0.360
38000,0.617,0.000,0.383
38500,0.555,0.000,0.445
39000,0.536,0.000,0.464
39500,0.707,0.000,0.293
40000,0.563,0.000,0.437
40500,0.579,0.000,0.421
41000,0.585,0.000,0.415
41500,0.703,0.000,0.297
42000,0.619,0.000,0.381
42500,0.711,0.000,0.289
43000,0.738,0.000,0.262
43500,0.593,0.000,0.407
44000,0.625,0.000,0.375
44500,0.562,0.000,0.438
45000,0.585,0.000,0.415
45500,0.579,0.000,0.421
46000,0.772,0.000,0.228
46500,0.579,0.000,0.421
47000,0.733,0.000,0.267
47500,0.623,0.000,0.377
48000,0.589,0.000,0.411
48500,0.547,0.000,0.453
49000,0.710,0.000,0.290
49500,0.628,0.000,0.372
50000,0.674,0.000,0.326
50500,0.686,0.000,0.314
51000,0.596,0.000,0.404
51500,0.591,0.000,0.409
52000,0.745,0.000,0.255
52500,0.619,0.000,0.381
53000,0.622,0.000,0.378
53500,0.505,0.000,0.495
54000,0.572,0.000,0.428
54500,0.606,0.000,0.394
55000,0.661,0.000,0.339
55500,0.647,0.000,0.353
56000,0.846,0.000,0.154
56500,0.622,0.000,0.378
57000,0.722,0.000,0.278
57500,0.632,0.000,0.368
58000,0.778,0.000,0.222
58500,0.589,0.000,0.411
59000,0.591,0.000,0.409
59500,0.675,0.000,0.325
60000,0.570,0.000,0.430
60500,0.723,0.000,0.277
61000,0.694,0.000,0.306
61500,0.618,0.000,0.382
62000,0.747,0.000,0.253
62500,0.667,0.000,0.333
63000,0.562,0.000,0.438
63500,0.606,0.000,0.394
64000,0.579,0.000,0.421
64500,0.578,0.000,0.422
65000,0.762,0.000,0.238
65500,0.807,0.000,0.193
66000,0.829,0.000,0.171
66500,0.740,0.000,0.260
67000,0.574,0.000,0.426
67500,0.663,0.000,0.337
68000,0.608,0.000,0.392
68500,0.611,0.000,0.389
69000,0.606,0.000,0.394
69500,0.587,0.000,0.413
70000,0.593,0.000,0.407
70500,0.431,0.000,0.569
71000,0.656,0.000,0.344
71500,0.690,0.000,0.310
72000,0.667,0.000,0.333
72500,0.609,0.000,0.391
73000,0.681,0.000,0.319
73500,0.455,0.000,0.545
74000,0.513,0.000,0.487
74500,0.715,0.000,0.285
75000,0.655,0.000,0.345
75500,0.810,0.000,0.190
76000,0.935,0.000,0.065
76500,0.840,0.000,0.160
77000,0.729,0.000,0.271
77500,0.693,0.000,0.307
78000,0.503,0.000,0.497
78500,0.621,0.000,0.379
79000,0.730,0.000,0.270
79500,0.532,0.000,0.468
80000,0.567,0.000,0.433
80500,0.676,0.000,0.324
81000,0.691,0.000,0.309
81500,0.783,0.000,0.217
82000,0.726,0.000,0.274
82500,0.726,0.000,0.274
83000,0.790,0.000,0.210
83500,0.760,0.000,0.240
84000,0.834,0.000,0.166
84500,0.814,0.000,0.186
85000,0.696,0.000,0.304
85500,0.747,0.000,0.253
86000,0.633,0.000,0.367
86500,0.575,0.000,0.425
87000,0.436,0.000,0.564
87500,0.504,0.000,0.496
88000,0.664,0.000,0.336
88500,0.619,0.000,0.381
89000,0.643,0.000,0.357
89500,0.564,0.000,0.436
90000,0.581,0.000,0.419
90500,0.646,0.000,0.354
91000,0.582,0.000,0.418
91500,0.577,0.000,0.423
92000,0.655,0.000,0.345
92500,0.591,0.000,0.409
93000,0.765,0.000,0.235
93500,0.538,0.000,0.462
94000,0.677,0.000,0.323
94500,0.557,0.000,0.443
95000,0.561,0.000,0.439
95500,0.586,0.000,0.414
96000,0.683,0.000,0.317
96500,0.809,0.000,0.191
97000,0.481,0.000,0.519
97500,0.561,0.000,0.439
98000,0.744,0.000,0.256
98500,0.477,0.000,0.523
99000,0.555,0.000,0.445
99500,0.492,0.000,0.508
100000,0.658,0.000,0.342
100500,0.655,0.000,0.345
101000,0.552,0.000,0.448
101500,0.486,0.000,0.514
102000,0.658,0.000,0.342
102500,0.467,0.000,0.533
103000,0.617,0.000,0.383
103500,0.630,0.000,0.370
104000,0.553,0.000,0.447
104500,0.523,0.000,0.477
105000,0.513,0.000,0.487
105500,0.548,0.000,0.452
106000,0.523,0.000,0.477
106500,0.490,0.000,0.510
107000,0.625,0.000,0.375
107500,0.764,0.000,0.236
108000,0.683,0.000,0.317
108500,0.571,0.000,0.429
109000,0.484,0.000,0.516
109500,0.574,0.000,0.426
110000,0.681,0.000,0.319
110500,0.519,0.000,0.481
111000,0.512,0.000,0.488
111500,0.544,0.000,0.456
112000,0.419,0.000,0.581
112500,0.572,0.000,0.428
113000,0.758,0.000,0.242
113500,0.532,0.000,0.468
114000,0.457,0.000,0.543
114500,0.458,0.000,0.542
115000,0.513,0.000,0.487
115500,0.798,0.000,0.202
116000,0.859,0.000,0.141
116500,0.683,0.000,0.317
117000,0.564,0.000,0.436
117500,0.613,0.000,0.387
118000,0.642,0.000,0.358
118500,0.532,0.000,0.468
119000,0.565,0.000,0.435
119500,0.659,0.000,0.341
120000,0.684,0.000,0.316
120500,0.635,0.000,0.365
121000,0.647,0.000,0.353
121500,0.645,0.000,0.355
122000,0.709,0.000,0.291
122500,0.765,0.000,0.235
123000,0.767,0.000,0.233
123500,0.748,0.000,0.252
124000,0.681,0.000,0.319
124500,0.682,0.000,0.318
125000,0.491,0.000,0.509
125500,0.722,0.000,0.278
126000,0.573,0.000,0.427
126500,0.787,0.000,0.213
127000,0.578,0.000,0.422
127500,0.392,0.000,0.608
128000,0.701,0.000,0.299
128500,0.730,0.000,0.270
129000,0.645,0.000,0.355
129500,0.791,0.000,0.209
130000,0.674,0.000,0.326
130500,0.751,0.000,0.249
131000,0.584,0.000,0.416
131500,0.523,0.000,0.477
132000,0.705,0.000,0.295
132500,0.607,0.000,0.393
133000,0.488,0.000,0.512
133500,0.719,0.000,0.281
134000,0.935,0.000,0.065
134500,0.974,0.000,0.026
135000,1.000,0.000,0.000
