time,n_A+p,n_B,n_AB
500,0.080,0.682,0.238
1000,0.080,0.470,0.450
1500,0.080,0.331,0.590
2000,0.083,0.333,0.584
2500,0.080,0.332,0.589
3000,0.088,0.340,0.573
3500,0.088,0.256,0.656
4000,0.102,0.216,0.682
4500,0.107,0.243,0.650
5000,0.088,0.271,0.641
5500,0.091,0.287,0.621
6000,0.087,0.303,0.610
6500,0.092,0.278,0.630
7000,0.089,0.317,0.594
7500,0.083,0.325,0.593
8000,0.086,0.252,0.663
8500,0.085,0.312,0.603
9000,0.083,0.379,0.538
9500,0.081,0.368,0.551
10000,0.080,0.322,0.598
10500,0.090,0.331,0.579
11000,0.089,0.316,0.595
11500,0.082,0.386,0.533
12000,0.086,0.351,0.563
12500,0.089,0.293,0.617
13000,0.088,0.317,0.595
13500,0.086,0.301,0.613
14000,0.086,0.321,0.593
14500,0.083,0.314,0.604
15000,0.096,0.277,0.627
15500,0.084,0.313,0.603
16000,0.091,0.298,0.611
16500,0.089,0.311,0.599
17000,0.089,0.326,0.585
17500,0.090,0.336,0.574
18000,0.081,0.348,0.571
18500,0.081,0.387,0.532
19000,0.081,0.442,0.477
19500,0.091,0.334,0.575
20000,0.085,0.304,0.611
20500,0.092,0.345,0.562
21000,0.096,0.267,0.638
21500,0.092,0.252,0.655
22000,0.083,0.314,0.603
22500,0.081,0.352,0.567
23000,0.090,0.294,0.616
23500,0.085,0.306,0.609
24000,0.083,0.369,0.548
24500,0.081,0.337,0.583
25000,0.086,0.299,0.615
25500,0.087,0.328,0.585
26000,0.094,0.299,0.607
26500,0.090,0.281,0.628
27000,0.085,0.338,0.578
27500,0.083,0.302,0.615
28000,0.084,0.313,0.603
28500,0.080,0.376,0.544
29000,0.086,0.394,0.521
29500,0.087,0.275,0.637
30000,0.099,0.287,0.614
30500,0.085,0.287,0.628
31000,0.089,0.312,0.599
31500,0.087,0.276,0.637
32000,0.093,0.281,0.625
32500,0.086,0.281,0.632
33000,0.095,0.211,0.694
33500,0.121,0.178,0.701
34000,0.241,0.090,0.669
34500,0.586,0.014,0.400
35000,0.878,0.000,0.122
35500,0.958,0.000,0.042
36000,0.991,0.000,0.009
36500,1.000,0.000,0.000
