time,n_A+p,n_B,n_AB
500,0.030,0.253,0.717
1000,0.030,0.402,0.568
1500,0.030,0.298,0.672
2000,0.030,0.262,0.708
2500,0.030,0.449,0.521
3000,0.030,0.375,0.595
3500,0.030,0.536,0.434
4000,0.030,0.315,0.655
4500,0.030,0.353,0.617
5000,0.030,0.364,0.606
5500,0.030,0.168,0.802
6000,0.030,0.284,0.686
6500,0.030,0.394,0.576
7000,0.030,0.428,0.542
7500,0.030,0.370,0.600
8000,0.030,0.224,0.746
8500,0.030,0.498,0.472
9000,0.030,0.390,0.580
9500,0.038,0.072,0.890
10000,0.030,0.279,0.691
10500,0.030,0.226,0.744
11000,0.030,0.430,0.540
11500,0.030,0.430,0.540
12000,0.030,0.324,0.646
12500,0.030,0.367,0.603
13000,0.030,0.361,0.609
13500,0.030,0.464,0.506
14000,0.030,0.279,0.691
14500,0.030,0.319,0.651
15000,0.030,0.185,0.785
15500,0.030,0.447,0.523
16000,0.030,0.322,0.648
16500,0.030,0.355,0.615
17000,0.030,0.282,0.688
17500,0.030,0.432,0.538
18000,0.030,0.426,0.544
18500,0.030,0.287,0.683
19000,0.030,0.485,0.485
19500,0.030,0.405,0.565
20000,0.030,0.200,0.770
20500,0.030,0.334,0.636
21000,0.030,0.476,0.494
21500,0.030,0.428,0.542
22000,0.030,0.249,0.721
22500,0.030,0.436,0.534
23000,0.030,0.328,0.642
23500,0.030,0.318,0.652
24000,0.030,0.378,0.592
24500,0.030,0.345,0.625
25000,0.030,0.425,0.545
25500,0.030,0.395,0.575
26000,0.030,0.362,0.608
26500,0.030,0.292,0.678
27000,0.030,0.269,0.701
27500,0.030,0.345,0.625
28000,0.030,0.345,0.625
28500,0.030,0.429,0.541
29000,0.030,0.203,0.767
29500,0.030,0.634,0.336
30000,0.030,0.342,0.628
30500,0.030,0.312,0.658
31000,0.030,0.232,0.738
31500,0.030,0.520,0.450
32000,0.030,0.308,0.662
32500,0.030,0.318,0.652
33000,0.030,0.480,0.490
33500,0.030,0.387,0.583
34000,0.030,0.440,0.530
34500,0.030,0.335,0.635
35000,0.030,0.396,0.574
35500,0.030,0.329,0.641
36000,0.030,0.460,0.510
36500,0.030,0.226,0.744
37000,0.030,0.456,0.514
37500,0.030,0.258,0.712
38000,0.030,0.352,0.618
38500,0.030,0.295,0.675
39000,0.030,0.356,0.614
39500,0.030,0.589,0.381
40000,0.030,0.318,0.652
40500,0.030,0.521,0.449
41000,0.030,0.250,0.720
41500,0.030,0.347,0.623
42000,0.030,0.367,0.603
42500,0.030,0.334,0.636
43000,0.030,0.367,0.603
43500,0.030,0.356,0.614
44000,0.030,0.346,0.624
44500,0.030,0.403,0.567
45000,0.030,0.427,0.543
45500,0.030,0.305,0.665
46000,0.030,0.367,0.603
46500,0.030,0.337,0.633
47000,0.030,0.458,0.512
47500,0.030,0.176,0.794
48000,0.030,0.319,0.651
48500,0.030,0.347,0.623
49000,0.030,0.346,0.624
49500,0.030,0.155,0.815
50000,0.030,0.329,0.641
50500,0.030,0.425,0.545
51000,0.030,0.261,0.709
51500,0.030,0.344,0.626
52000,0.030,0.361,0.609
52500,0.030,0.199,0.771
53000,0.030,0.399,0.571
53500,0.030,0.386,0.584
54000,0.030,0.204,0.766
54500,0.030,0.207,0.763
55000,0.030,0.239,0.731
55500,0.030,0.227,0.743
56000,0.030,0.372,0.598
56500,0.030,0.441,0.529
57000,0.030,0.231,0.739
57500,0.030,0.343,0.627
58000,0.030,0.270,0.700
58500,0.030,0.259,0.711
59000,0.030,0.420,0.550
59500,0.030,0.332,0.638
60000,0.030,0.166,0.804
60500,0.030,0.322,0.648
61000,0.030,0.403,0.567
61500,0.030,0.426,0.544
62000,0.030,0.422,0.548
62500,0.030,0.514,0.456
63000,0.030,0.377,0.593
63500,0.030,0.347,0.623
64000,0.030,0.502,0.468
64500,0.030,0.345,0.625
65000,0.030,0.269,0.701
65500,0.030,0.328,0.642
66000,0.030,0.377,0.593
66500,0.030,0.399,0.571
67000,0.030,0.393,0.577
67500,0.030,0.389,0.581
68000,0.030,0.577,0.393
68500,0.030,0.334,0.636
69000,0.030,0.249,0.721
69500,0.030,0.416,0.554
70000,0.030,0.361,0.609
70500,0.030,0.371,0.599
71000,0.030,0.299,0.671
71500,0.030,0.226,0.744
72000,0.030,0.364,0.606
72500,0.030,0.498,0.472
73000,0.030,0.424,0.546
73500,0.030,0.180,0.790
74000,0.030,0.296,0.674
74500,0.030,0.374,0.596
75000,0.030,0.225,0.745
75500,0.030,0.283,0.687
76000,0.030,0.319,0.651
76500,0.030,0.336,0.634
77000,0.030,0.399,0.571
77500,0.030,0.309,0.661
78000,0.030,0.343,0.627
78500,0.030,0.258,0.712
79000,0.030,0.275,0.695
79500,0.030,0.456,0.514
80000,0.030,0.478,0.492
80500,0.030,0.341,0.629
81000,0.030,0.325,0.645
81500,0.030,0.225,0.745
82000,0.030,0.327,0.643
82500,0.030,0.440,0.530
83000,0.030,0.415,0.555
83500,0.030,0.272,0.698
84000,0.030,0.320,0.650
84500,0.030,0.441,0.529
85000,0.030,0.457,0.513
85500,0.030,0.318,0.652
86000,0.030,0.362,0.608
86500,0.030,0.187,0.783
87000,0.030,0.344,0.626
87500,0.030,0.249,0.721
88000,0.030,0.359,0.611
88500,0.030,0.141,0.829
89000,0.030,0.230,0.740
89500,0.030,0.240,0.730
90000,0.030,0.319,0.651
90500,0.030,0.227,0.743
91000,0.030,0.371,0.599
91500,0.030,0.379,0.591
92000,0.030,0.416,0.554
92500,0.030,0.246,0.724
93000,0.030,0.260,0.710
93500,0.030,0.330,0.640
94000,0.030,0.282,0.688
94500,0.030,0.309,0.661
95000,0.030,0.287,0.683
95500,0.030,0.381,0.589
96000,0.030,0.417,0.553
96500,0.030,0.341,0.629
97000,0.030,0.419,0.551
97500,0.030,0.344,0.626
98000,0.030,0.329,0.641
98500,0.030,0.339,0.631
99000,0.030,0.411,0.559
99500,0.030,0.198,0.772
100000,0.030,0.298,0.672
100500,0.030,0.377,0.593
101000,0.030,0.360,0.610
101500,0.030,0.325,0.645
102000,1.000,0.000,0.000
