time,n_A+p,n_B,n_AB
500,0.080,0.878,0.042
1000,0.080,0.836,0.085
1500,0.080,0.795,0.125
2000,0.081,0.752,0.167
2500,0.080,0.737,0.183
3000,0.080,0.703,0.218
3500,0.082,0.681,0.237
4000,0.085,0.655,0.260
4500,0.087,0.651,0.262
5000,0.091,0.645,0.264
5500,0.091,0.640,0.268
6000,0.090,0.630,0.279
6500,0.095,0.620,0.285
7000,0.100,0.610,0.290
7500,0.095,0.600,0.305
8000,0.098,0.561,0.341
8500,0.095,0.550,0.355
9000,0.096,0.555,0.349
9500,0.099,0.559,0.342
10000,0.100,0.585,0.316
10500,0.097,0.565,0.339
11000,0.097,0.580,0.324
11500,0.093,0.589,0.318
12000,0.093,0.580,0.327
12500,0.099,0.572,0.329
13000,0.097,0.554,0.349
13500,0.102,0.545,0.353
14000,0.101,0.516,0.383
14500,0.100,0.535,0.365
15000,0.107,0.521,0.372
15500,0.112,0.505,0.383
16000,0.117,0.479,0.404
16500,0.114,0.469,0.417
17000,0.114,0.494,0.392
17500,0.118,0.527,0.355
18000,0.119,0.506,0.375
18500,0.118,0.517,0.365
19000,0.118,0.520,0.361
19500,0.112,0.505,0.383
20000,0.112,0.508,0.380
20500,0.118,0.504,0.378
21000,0.113,0.518,0.369
21500,0.115,0.498,0.387
22000,0.113,0.513,0.374
22500,0.111,0.521,0.368
23000,0.112,0.526,0.362
23500,0.110,0.555,0.335
24000,0.103,0.555,0.341
24500,0.102,0.553,0.345
25000,0.107,0.559,0.333
25500,0.099,0.529,0.372
26000,0.099,0.546,0.355
26500,0.100,0.540,0.360
27000,0.100,0.554,0.346
27500,0.103,0.537,0.359
28000,0.105,0.536,0.358
28500,0.101,0.561,0.338
29000,0.102,0.557,0.341
29500,0.096,0.540,0.364
30000,0.092,0.558,0.349
30500,0.091,0.574,0.335
31000,0.100,0.575,0.325
31500,0.103,0.571,0.326
32000,0.113,0.544,0.343
32500,0.104,0.536,0.359
33000,0.098,0.548,0.354
33500,0.107,0.504,0.389
34000,0.115,0.511,0.374
34500,0.122,0.511,0.367
35000,0.124,0.515,0.361
35500,0.126,0.481,0.393
36000,0.120,0.471,0.408
36500,0.119,0.459,0.422
37000,0.117,0.461,0.422
37500,0.124,0.454,0.421
38000,0.127,0.455,0.418
38500,0.135,0.452,0.414
39000,0.132,0.439,0.429
39500,0.141,0.456,0.403
40000,0.143,0.459,0.398
40500,0.138,0.477,0.385
41000,0.133,0.473,0.394
41500,0.122,0.463,0.415
42000,0.124,0.477,0.399
42500,0.131,0.457,0.412
43000,0.123,0.464,0.413
43500,0.119,0.456,0.425
44000,0.119,0.465,0.416
44500,0.129,0.453,0.418
45000,0.132,0.440,0.428
45500,0.129,0.433,0.438
46000,0.117,0.431,0.451
46500,0.137,0.459,0.404
47000,0.146,0.456,0.398
47500,0.138,0.465,0.398
48000,0.130,0.473,0.398
48500,0.121,0.464,0.415
49000,0.117,0.479,0.404
49500,0.118,0.471,0.410
50000,0.117,0.489,0.394
50500,0.111,0.531,0.358
51000,0.110,0.529,0.361
51500,0.109,0.529,0.362
52000,0.101,0.526,0.373
52500,0.104,0.523,0.373
53000,0.101,0.532,0.367
53500,0.101,0.556,0.343
54000,0.102,0.565,0.334
54500,0.100,0.575,0.326
55000,0.097,0.565,0.339
55500,0.093,0.569,0.338
56000,0.095,0.561,0.344
56500,0.102,0.570,0.328
57000,0.101,0.546,0.353
57500,0.101,0.526,0.373
58000,0.097,0.562,0.341
58500,0.097,0.545,0.358
59000,0.099,0.542,0.359
59500,0.096,0.554,0.350
60000,0.100,0.605,0.296
60500,0.095,0.606,0.300
61000,0.090,0.590,0.320
61500,0.092,0.576,0.332
62000,0.095,0.575,0.330
62500,0.100,0.571,0.330
63000,0.091,0.558,0.351
63500,0.094,0.560,0.346
64000,0.098,0.567,0.335
64500,0.100,0.564,0.337
65000,0.095,0.573,0.332
65500,0.095,0.575,0.330
66000,0.097,0.567,0.337
66500,0.098,0.574,0.329
67000,0.091,0.589,0.320
67500,0.096,0.581,0.324
68000,0.098,0.559,0.343
68500,0.093,0.560,0.347
69000,0.095,0.542,0.363
69500,0.098,0.528,0.374
70000,0.098,0.518,0.384
70500,0.102,0.531,0.367
71000,0.099,0.541,0.360
71500,0.096,0.570,0.335
72000,0.096,0.577,0.327
72500,0.100,0.587,0.314
73000,0.100,0.580,0.321
73500,0.099,0.560,0.341
74000,0.097,0.537,0.366
74500,0.106,0.549,0.345
75000,0.105,0.543,0.351
75500,0.105,0.547,0.348
76000,0.112,0.541,0.347
76500,0.110,0.528,0.362
77000,0.107,0.509,0.383
77500,0.103,0.540,0.357
78000,0.099,0.572,0.330
78500,0.095,0.570,0.336
79000,0.092,0.561,0.346
79500,0.097,0.561,0.342
80000,0.106,0.556,0.338
80500,0.099,0.546,0.355
81000,0.101,0.539,0.360
81500,0.099,0.547,0.354
82000,0.092,0.579,0.329
82500,0.097,0.579,0.325
83000,0.096,0.584,0.320
83500,0.100,0.576,0.325
84000,0.101,0.574,0.326
84500,0.095,0.587,0.319
85000,0.100,0.565,0.336
85500,0.099,0.561,0.340
86000,0.098,0.572,0.330
86500,0.107,0.564,0.329
87000,0.099,0.567,0.335
87500,0.102,0.557,0.341
88000,0.104,0.553,0.343
88500,0.093,0.554,0.352
89000,0.098,0.568,0.335
89500,0.100,0.574,0.327
90000,0.096,0.544,0.360
90500,0.103,0.559,0.338
91000,0.101,0.550,0.349
91500,0.100,0.556,0.344
92000,0.101,0.556,0.343
92500,0.096,0.557,0.347
93000,0.101,0.564,0.336
93500,0.104,0.555,0.340
94000,0.100,0.532,0.368
94500,0.108,0.545,0.347
95000,0.098,0.533,0.369
95500,0.100,0.549,0.351
96000,0.100,0.552,0.348
96500,0.098,0.546,0.356
97000,0.101,0.564,0.336
97500,0.099,0.556,0.345
98000,0.102,0.576,0.322
98500,0.101,0.561,0.338
99000,0.094,0.578,0.329
99500,0.099,0.559,0.342
100000,0.101,0.545,0.354
100500,0.095,0.547,0.358
101000,0.100,0.547,0.353
101500,0.096,0.551,0.353
102000,0.095,0.563,0.342
102500,0.094,0.573,0.333
103000,0.089,0.566,0.345
103500,0.088,0.582,0.330
104000,0.087,0.607,0.305
104500,0.096,0.592,0.312
105000,0.100,0.593,0.307
105500,0.094,0.602,0.304
106000,0.094,0.589,0.317
106500,0.092,0.593,0.315
107000,0.095,0.591,0.315
107500,0.096,0.592,0.313
108000,0.095,0.595,0.310
108500,0.098,0.566,0.337
109000,0.100,0.534,0.366
109500,0.103,0.529,0.367
110000,0.104,0.538,0.357
110500,0.105,0.534,0.360
111000,0.101,0.556,0.343
111500,0.101,0.574,0.326
112000,0.102,0.547,0.351
112500,0.102,0.555,0.342
113000,0.097,0.564,0.340
113500,0.094,0.582,0.324
114000,0.091,0.600,0.309
114500,0.091,0.607,0.302
115000,0.093,0.587,0.320
115500,0.091,0.592,0.318
116000,0.101,0.591,0.308
116500,0.103,0.562,0.335
117000,0.108,0.578,0.314
117500,0.103,0.578,0.319
118000,0.099,0.529,0.372
118500,0.106,0.519,0.374
119000,0.106,0.512,0.382
119500,0.117,0.525,0.358
120000,0.117,0.512,0.371
120500,0.108,0.522,0.369
121000,0.096,0.521,0.383
121500,0.103,0.515,0.381
122000,0.102,0.512,0.386
122500,0.108,0.501,0.391
123000,0.110,0.514,0.376
123500,0.114,0.497,0.389
124000,0.115,0.509,0.376
124500,0.112,0.491,0.397
125000,0.113,0.487,0.400
125500,0.114,0.475,0.411
126000,0.119,0.484,0.396
126500,0.119,0.483,0.398
127000,0.125,0.465,0.410
127500,0.129,0.444,0.428
128000,0.130,0.433,0.438
128500,0.131,0.425,0.444
129000,0.135,0.444,0.422
129500,0.130,0.441,0.429
130000,0.133,0.436,0.430
130500,0.137,0.450,0.413
131000,0.123,0.457,0.420
131500,0.116,0.466,0.418
132000,0.132,0.471,0.397
132500,0.134,0.460,0.407
133000,0.137,0.447,0.416
133500,0.140,0.420,0.441
134000,0.134,0.446,0.421
134500,0.152,0.453,0.395
135000,0.139,0.449,0.412
135500,0.138,0.444,0.418
136000,0.128,0.430,0.442
136500,0.122,0.469,0.409
137000,0.124,0.484,0.392
137500,0.121,0.484,0.395
138000,0.131,0.465,0.404
138500,0.137,0.447,0.417
139000,0.137,0.446,0.417
139500,0.131,0.458,0.411
140000,0.124,0.453,0.423
140500,0.140,0.433,0.426
141000,0.144,0.427,0.429
141500,0.138,0.434,0.428
142000,0.136,0.440,0.424
142500,0.135,0.453,0.412
143000,0.140,0.462,0.399
143500,0.136,0.449,0.415
144000,0.137,0.465,0.398
144500,0.134,0.462,0.405
145000,0.128,0.483,0.389
145500,0.114,0.502,0.384
146000,0.116,0.493,0.391
146500,0.105,0.514,0.381
147000,0.104,0.497,0.399
147500,0.101,0.508,0.391
148000,0.113,0.504,0.383
148500,0.117,0.476,0.406
149000,0.112,0.480,0.408
149500,0.112,0.467,0.421
150000,0.116,0.453,0.431
150500,0.112,0.496,0.392
151000,0.114,0.503,0.383
151500,0.113,0.520,0.367
152000,0.113,0.542,0.345
152500,0.114,0.521,0.365
153000,0.124,0.488,0.387
153500,0.123,0.487,0.390
154000,0.117,0.511,0.371
154500,0.116,0.515,0.369
155000,0.117,0.521,0.362
155500,0.107,0.500,0.393
156000,0.108,0.495,0.397
156500,0.105,0.479,0.415
157000,0.107,0.467,0.426
157500,0.115,0.476,0.409
158000,0.115,0.461,0.425
158500,0.116,0.464,0.420
159000,0.117,0.480,0.403
159500,0.117,0.494,0.388
160000,0.113,0.522,0.365
160500,0.104,0.525,0.371
161000,0.107,0.525,0.367
161500,0.106,0.518,0.376
162000,0.113,0.513,0.374
162500,0.110,0.512,0.378
163000,0.104,0.517,0.379
163500,0.102,0.533,0.365
164000,0.101,0.533,0.366
164500,0.096,0.546,0.358
165000,0.098,0.542,0.360
165500,0.102,0.544,0.354
166000,0.110,0.531,0.359
166500,0.111,0.527,0.362
167000,0.103,0.551,0.346
167500,0.109,0.545,0.346
168000,0.114,0.539,0.347
168500,0.112,0.557,0.331
169000,0.109,0.562,0.329
169500,0.108,0.561,0.331
170000,0.104,0.563,0.333
170500,0.099,0.581,0.321
171000,0.095,0.600,0.305
171500,0.094,0.620,0.286
172000,0.093,0.639,0.268
172500,0.091,0.631,0.277
173000,0.084,0.616,0.300
173500,0.086,0.622,0.293
174000,0.092,0.623,0.285
174500,0.090,0.601,0.308
175000,0.091,0.588,0.321
175500,0.096,0.600,0.305
176000,0.096,0.604,0.300
176500,0.096,0.615,0.289
177000,0.093,0.617,0.289
177500,0.088,0.605,0.307
178000,0.089,0.580,0.331
178500,0.095,0.579,0.327
179000,0.091,0.589,0.320
179500,0.090,0.604,0.306
180000,0.086,0.608,0.305
180500,0.089,0.595,0.317
181000,0.090,0.609,0.301
181500,0.087,0.611,0.302
182000,0.085,0.610,0.306
182500,0.086,0.597,0.318
183000,0.092,0.602,0.306
183500,0.089,0.595,0.317
184000,0.091,0.581,0.328
184500,0.096,0.573,0.332
185000,0.099,0.568,0.334
185500,0.103,0.545,0.351
186000,0.098,0.554,0.348
186500,0.098,0.577,0.325
187000,0.095,0.594,0.311
187500,0.092,0.599,0.309
188000,0.090,0.608,0.302
188500,0.086,0.622,0.291
189000,0.088,0.607,0.304
189500,0.088,0.611,0.301
190000,0.087,0.625,0.288
190500,0.087,0.606,0.307
191000,0.085,0.601,0.315
191500,0.090,0.598,0.312
192000,0.093,0.585,0.322
192500,0.092,0.585,0.323
193000,0.093,0.584,0.323
193500,0.092,0.568,0.340
194000,0.094,0.583,0.324
194500,0.097,0.555,0.348
195000,0.099,0.550,0.351
195500,0.100,0.544,0.356
196000,0.099,0.543,0.358
196500,0.107,0.519,0.373
197000,0.103,0.509,0.388
197500,0.108,0.497,0.394
198000,0.105,0.502,0.392
198500,0.117,0.481,0.401
199000,0.119,0.496,0.385
199500,0.117,0.480,0.403
200000,0.118,0.480,0.402
200500,0.117,0.474,0.409
201000,0.114,0.502,0.384
201500,0.108,0.506,0.386
202000,0.103,0.532,0.364
202500,0.100,0.530,0.370
203000,0.102,0.559,0.339
203500,0.104,0.566,0.330
204000,0.098,0.556,0.346
204500,0.099,0.547,0.354
205000,0.101,0.568,0.332
205500,0.097,0.572,0.331
206000,0.096,0.577,0.327
206500,0.096,0.577,0.328
207000,0.098,0.582,0.321
207500,0.095,0.569,0.337
208000,0.099,0.592,0.310
208500,0.100,0.578,0.322
209000,0.101,0.539,0.360
209500,0.097,0.549,0.354
210000,0.097,0.567,0.336
210500,0.102,0.562,0.335
211000,0.100,0.571,0.330
211500,0.097,0.578,0.326
212000,0.102,0.530,0.367
212500,0.105,0.555,0.339
213000,0.105,0.544,0.351
213500,0.106,0.543,0.351
214000,0.096,0.532,0.372
214500,0.093,0.539,0.368
215000,0.104,0.543,0.353
215500,0.101,0.535,0.364
216000,0.110,0.549,0.341
216500,0.109,0.537,0.354
217000,0.105,0.520,0.374
217500,0.111,0.513,0.376
218000,0.118,0.510,0.371
218500,0.112,0.509,0.379
219000,0.116,0.513,0.371
219500,0.112,0.531,0.357
220000,0.108,0.523,0.369
220500,0.108,0.538,0.354
221000,0.106,0.545,0.349
221500,0.100,0.534,0.366
222000,0.101,0.539,0.360
222500,0.098,0.538,0.364
223000,0.103,0.530,0.366
223500,0.103,0.507,0.390
224000,0.100,0.529,0.371
224500,0.098,0.559,0.343
225000,0.092,0.568,0.341
225500,0.097,0.574,0.329
226000,0.097,0.570,0.334
226500,0.102,0.565,0.334
227000,0.102,0.536,0.361
227500,0.103,0.544,0.353
228000,0.099,0.548,0.353
228500,0.106,0.532,0.361
229000,0.104,0.524,0.371
229500,0.115,0.527,0.358
230000,0.113,0.521,0.366
230500,0.115,0.520,0.365
231000,0.113,0.517,0.370
231500,0.108,0.509,0.383
232000,0.112,0.508,0.380
232500,0.110,0.526,0.364
233000,0.105,0.541,0.354
233500,0.101,0.530,0.369
234000,0.099,0.532,0.369
234500,0.100,0.526,0.374
235000,0.105,0.531,0.364
235500,0.104,0.531,0.365
236000,0.100,0.537,0.363
236500,0.102,0.546,0.351
237000,0.106,0.545,0.348
237500,0.106,0.531,0.362
238000,0.111,0.525,0.364
238500,0.109,0.526,0.365
239000,0.112,0.517,0.371
239500,0.113,0.533,0.354
240000,0.109,0.527,0.364
240500,0.102,0.520,0.377
241000,0.096,0.532,0.372
241500,0.092,0.534,0.373
242000,0.097,0.541,0.362
242500,0.097,0.543,0.360
243000,0.101,0.549,0.350
243500,0.099,0.521,0.380
244000,0.104,0.509,0.386
244500,0.106,0.530,0.364
245000,0.103,0.507,0.390
245500,0.108,0.524,0.368
246000,0.113,0.545,0.342
246500,0.100,0.555,0.345
247000,0.104,0.552,0.344
247500,0.104,0.571,0.325
248000,0.101,0.574,0.326
248500,0.096,0.608,0.296
249000,0.091,0.591,0.319
249500,0.092,0.592,0.316
250000,0.095,0.586,0.320
250500,0.096,0.551,0.353
251000,0.097,0.552,0.351
251500,0.102,0.535,0.362
252000,0.106,0.540,0.354
252500,0.103,0.558,0.338
253000,0.099,0.583,0.318
253500,0.096,0.578,0.327
254000,0.100,0.555,0.345
254500,0.105,0.572,0.323
255000,0.104,0.555,0.341
255500,0.110,0.540,0.350
256000,0.103,0.538,0.358
256500,0.103,0.529,0.367
257000,0.103,0.536,0.361
257500,0.106,0.548,0.346
258000,0.109,0.541,0.350
258500,0.103,0.528,0.368
259000,0.099,0.540,0.361
259500,0.100,0.537,0.363
260000,0.100,0.550,0.350
260500,0.100,0.560,0.340
261000,0.101,0.561,0.338
261500,0.097,0.572,0.331
262000,0.100,0.569,0.332
262500,0.103,0.568,0.330
263000,0.099,0.558,0.343
263500,0.097,0.550,0.353
264000,0.095,0.548,0.357
264500,0.087,0.557,0.355
265000,0.089,0.570,0.341
265500,0.090,0.575,0.335
266000,0.095,0.578,0.328
266500,0.092,0.577,0.331
267000,0.089,0.588,0.324
267500,0.088,0.586,0.326
268000,0.089,0.571,0.340
268500,0.091,0.579,0.330
269000,0.091,0.578,0.331
269500,0.094,0.571,0.335
270000,0.091,0.573,0.336
270500,0.100,0.604,0.296
271000,0.098,0.591,0.311
271500,0.094,0.594,0.312
272000,0.092,0.581,0.327
272500,0.088,0.574,0.338
273000,0.093,0.572,0.335
273500,0.086,0.579,0.335
274000,0.087,0.581,0.332
274500,0.098,0.574,0.328
275000,0.101,0.586,0.314
275500,0.099,0.555,0.346
276000,0.099,0.572,0.330
276500,0.092,0.569,0.339
277000,0.092,0.558,0.350
277500,0.089,0.580,0.331
278000,0.092,0.587,0.321
278500,0.095,0.572,0.334
279000,0.098,0.570,0.333
279500,0.094,0.553,0.353
280000,0.093,0.586,0.321
280500,0.095,0.611,0.295
281000,0.099,0.591,0.310
281500,0.100,0.584,0.317
282000,0.105,0.565,0.330
282500,0.105,0.536,0.358
283000,0.105,0.541,0.353
283500,0.113,0.523,0.364
284000,0.120,0.525,0.354
284500,0.120,0.509,0.370
285000,0.115,0.507,0.378
285500,0.117,0.482,0.401
286000,0.120,0.483,0.396
286500,0.132,0.469,0.399
287000,0.129,0.451,0.420
287500,0.129,0.461,0.410
288000,0.120,0.464,0.415
288500,0.123,0.469,0.407
289000,0.124,0.452,0.424
289500,0.126,0.449,0.426
290000,0.128,0.450,0.422
290500,0.128,0.446,0.427
291000,0.141,0.448,0.411
291500,0.142,0.444,0.414
292000,0.144,0.453,0.403
292500,0.139,0.446,0.415
293000,0.138,0.450,0.412
293500,0.153,0.441,0.406
294000,0.151,0.430,0.419
294500,0.142,0.434,0.423
295000,0.139,0.418,0.443
295500,0.144,0.410,0.446
296000,0.158,0.396,0.446
296500,0.169,0.383,0.448
297000,0.164,0.393,0.444
297500,0.173,0.373,0.453
298000,0.181,0.364,0.454
298500,0.191,0.348,0.461
299000,0.188,0.329,0.483
299500,0.210,0.318,0.471
300000,0.208,0.303,0.489
300500,0.224,0.311,0.465
301000,0.221,0.311,0.468
301500,0.248,0.267,0.485
302000,0.235,0.264,0.501
302500,0.249,0.256,0.495
303000,0.261,0.236,0.504
303500,0.290,0.229,0.481
304000,0.320,0.214,0.466
304500,0.355,0.188,0.457
305000,0.380,0.172,0.449
305500,0.413,0.131,0.456
306000,0.451,0.106,0.444
306500,0.508,0.083,0.409
307000,0.580,0.057,0.363
307500,0.643,0.038,0.319
308000,0.672,0.028,0.300
308500,0.722,0.015,0.263
309000,0.771,0.009,0.220
309500,0.788,0.006,0.205
310000,0.822,0.004,0.174
310500,0.875,0.002,0.123
311000,0.901,0.002,0.097
311500,0.916,0.002,0.082
312000,0.944,0.001,0.056
312500,0.960,0.000,0.040
313000,0.959,0.000,0.041
313500,0.974,0.000,0.026
314000,0.986,0.000,0.014
314500,0.987,0.000,0.013
315000,0.989,0.000,0.011
315500,0.996,0.000,0.004
316000,0.998,0.000,0.002
316500,0.999,0.000,0.001
317000,0.998,0.000,0.002
317500,0.997,0.000,0.003
318000,0.999,0.000,0.001
318500,1.000,0.000,0.000
319000,1.000,0.000,0.000
319500,1.000,0.000,0.000
320000,1.000,0.000,0.000
