time,n_A+p,n_B,n_AB
500,0.050,0.875,0.075
1000,0.050,0.802,0.147
1500,0.050,0.754,0.196
2000,0.050,0.690,0.260
2500,0.050,0.588,0.362
3000,0.051,0.590,0.359
3500,0.053,0.535,0.411
4000,0.054,0.497,0.448
4500,0.053,0.468,0.479
5000,0.053,0.465,0.482
5500,0.059,0.446,0.495
6000,0.069,0.424,0.507
6500,0.071,0.409,0.520
7000,0.068,0.431,0.501
7500,0.070,0.401,0.530
8000,0.071,0.385,0.543
8500,0.065,0.388,0.547
9000,0.066,0.404,0.530
9500,0.066,0.394,0.540
10000,0.068,0.393,0.539
10500,0.074,0.369,0.556
11000,0.070,0.364,0.565
11500,0.067,0.364,0.569
12000,0.064,0.372,0.564
12500,0.067,0.413,0.520
13000,0.074,0.400,0.525
13500,0.074,0.372,0.554
14000,0.074,0.389,0.537
14500,0.074,0.410,0.515
15000,0.075,0.348,0.577
15500,0.069,0.373,0.558
16000,0.067,0.383,0.551
16500,0.069,0.371,0.560
17000,0.077,0.395,0.528
17500,0.075,0.363,0.561
18000,0.068,0.365,0.567
18500,0.073,0.363,0.564
19000,0.075,0.357,0.568
19500,0.072,0.351,0.577
20000,0.069,0.370,0.560
20500,0.066,0.374,0.560
21000,0.076,0.384,0.540
21500,0.072,0.383,0.545
22000,0.077,0.335,0.588
22500,0.083,0.318,0.600
23000,0.082,0.332,0.587
23500,0.087,0.310,0.603
24000,0.088,0.286,0.625
24500,0.089,0.308,0.602
25000,0.084,0.295,0.621
25500,0.084,0.318,0.599
26000,0.092,0.330,0.578
26500,0.095,0.319,0.587
27000,0.104,0.304,0.592
27500,0.116,0.276,0.609
28000,0.144,0.226,0.630
28500,0.141,0.218,0.640
29000,0.153,0.204,0.643
29500,0.155,0.203,0.642
30000,0.168,0.201,0.632
30500,0.195,0.192,0.613
31000,0.235,0.161,0.604
31500,0.239,0.121,0.639
32000,0.265,0.102,0.633
32500,0.301,0.076,0.623
33000,0.310,0.061,0.629
33500,0.394,0.036,0.570
34000,0.481,0.019,0.500
34500,0.534,0.015,0.451
35000,0.588,0.004,0.408
35500,0.633,0.002,0.365
36000,0.657,0.001,0.342
36500,0.650,0.000,0.350
37000,0.676,0.000,0.324
37500,0.734,0.000,0.266
38000,0.738,0.002,0.260
38500,0.752,0.001,0.247
39000,0.751,0.000,0.249
39500,0.755,0.000,0.245
40000,0.773,0.000,0.227
40500,0.769,0.000,0.231
41000,0.764,0.000,0.236
41500,0.774,0.000,0.226
42000,0.784,0.000,0.216
42500,0.802,0.000,0.198
43000,0.794,0.000,0.206
43500,0.798,0.000,0.202
44000,0.836,0.000,0.164
44500,0.836,0.000,0.164
45000,0.843,0.000,0.157
45500,0.860,0.000,0.140
46000,0.864,0.000,0.136
46500,0.864,0.000,0.136
47000,0.870,0.000,0.130
47500,0.884,0.000,0.116
48000,0.904,0.000,0.096
48500,0.944,0.000,0.056
49000,0.952,0.000,0.048
49500,0.954,0.000,0.046
50000,0.950,0.000,0.050
50500,0.943,0.000,0.057
51000,0.947,0.000,0.053
51500,0.954,0.000,0.046
52000,0.941,0.000,0.059
52500,0.943,0.000,0.057
53000,0.954,0.000,0.046
53500,0.965,0.000,0.035
54000,0.946,0.000,0.054
54500,0.935,0.000,0.065
55000,0.959,0.000,0.041
55500,0.951,0.000,0.049
56000,0.942,0.000,0.058
56500,0.940,0.000,0.060
57000,0.940,0.000,0.060
57500,0.941,0.000,0.059
58000,0.940,0.000,0.060
58500,0.931,0.000,0.069
59000,0.948,0.000,0.052
59500,0.942,0.000,0.058
60000,0.942,0.000,0.058
60500,0.955,0.000,0.045
61000,0.968,0.000,0.032
61500,0.962,0.000,0.038
62000,0.950,0.000,0.050
62500,0.940,0.000,0.060
63000,0.928,0.000,0.072
63500,0.916,0.000,0.084
64000,0.940,0.000,0.060
64500,0.914,0.000,0.086
65000,0.930,0.000,0.070
65500,0.935,0.000,0.065
66000,0.928,0.000,0.072
66500,0.931,0.000,0.069
67000,0.921,0.000,0.079
67500,0.932,0.000,0.068
68000,0.945,0.000,0.055
68500,0.931,0.000,0.069
69000,0.944,0.000,0.056
69500,0.955,0.000,0.045
70000,0.947,0.000,0.053
70500,0.959,0.000,0.041
71000,0.965,0.000,0.035
71500,0.956,0.000,0.044
72000,0.958,0.000,0.042
72500,0.956,0.000,0.044
73000,0.964,0.000,0.036
73500,0.964,0.000,0.036
74000,0.959,0.000,0.041
74500,0.976,0.000,0.024
75000,0.979,0.000,0.021
75500,0.987,0.000,0.013
76000,0.985,0.000,0.015
76500,0.984,0.000,0.016
77000,0.986,0.000,0.014
77500,0.982,0.000,0.018
78000,0.979,0.000,0.021
78500,0.987,0.000,0.013
79000,0.988,0.000,0.012
79500,0.990,0.000,0.010
80000,0.994,0.000,0.006
80500,0.985,0.000,0.015
81000,0.982,0.000,0.018
81500,0.979,0.000,0.021
82000,0.976,0.000,0.024
82500,0.976,0.000,0.024
83000,0.983,0.000,0.017
83500,0.985,0.000,0.015
84000,0.985,0.000,0.015
84500,0.984,0.000,0.016
85000,0.987,0.000,0.013
85500,0.992,0.000,0.008
86000,0.996,0.000,0.004
86500,0.999,0.000,0.001
87000,0.999,0.000,0.001
87500,0.999,0.000,0.001
88000,1.000,0.000,0.000
