time,n_A+p,n_B,n_AB
500,0.030,0.281,0.689
1000,0.030,0.318,0.652
1500,0.030,0.290,0.680
2000,0.030,0.361,0.609
2500,0.030,0.434,0.536
3000,0.030,0.212,0.758
3500,0.030,0.294,0.676
4000,0.030,0.460,0.510
4500,0.030,0.305,0.665
5000,0.030,0.242,0.728
5500,0.030,0.454,0.516
6000,0.030,0.223,0.747
6500,0.030,0.172,0.798
7000,0.030,0.463,0.507
7500,0.030,0.299,0.671
8000,0.030,0.254,0.716
8500,0.030,0.158,0.812
9000,0.030,0.351,0.619
9500,0.030,0.276,0.694
10000,0.030,0.408,0.562
10500,0.030,0.478,0.492
11000,0.030,0.284,0.686
11500,0.030,0.328,0.642
12000,0.030,0.348,0.622
12500,0.030,0.246,0.724
13000,0.030,0.333,0.637
13500,0.030,0.273,0.697
14000,0.030,0.302,0.668
14500,0.030,0.410,0.560
15000,0.030,0.282,0.688
15500,0.030,0.340,0.630
16000,0.030,0.283,0.687
16500,0.030,0.141,0.829
17000,0.030,0.252,0.718
17500,0.030,0.288,0.682
18000,0.030,0.213,0.757
18500,0.030,0.320,0.650
19000,0.030,0.254,0.716
19500,0.042,0.086,0.872
20000,0.030,0.281,0.689
20500,0.030,0.329,0.641
21000,0.030,0.535,0.435
21500,0.030,0.220,0.750
22000,0.030,0.249,0.721
22500,0.030,0.475,0.495
23000,0.030,0.240,0.730
23500,0.030,0.242,0.728
24000,0.030,0.247,0.723
24500,0.030,0.281,0.689
25000,0.030,0.412,0.558
25500,0.030,0.252,0.718
26000,0.030,0.413,0.557
26500,0.030,0.246,0.724
27000,0.030,0.355,0.615
27500,0.030,0.335,0.635
28000,0.030,0.309,0.661
28500,0.031,0.266,0.703
29000,0.030,0.271,0.699
29500,0.030,0.192,0.778
30000,0.030,0.226,0.744
30500,0.030,0.357,0.613
31000,0.030,0.325,0.645
31500,0.030,0.181,0.789
32000,0.030,0.388,0.582
32500,0.030,0.263,0.707
33000,0.030,0.166,0.804
33500,0.030,0.431,0.539
34000,0.030,0.358,0.612
34500,0.030,0.232,0.738
35000,0.030,0.358,0.612
35500,0.030,0.370,0.600
36000,0.033,0.205,0.762
36500,0.030,0.257,0.713
37000,0.031,0.298,0.671
37500,0.030,0.258,0.712
38000,0.030,0.305,0.665
38500,0.030,0.531,0.439
39000,0.030,0.327,0.643
39500,0.030,0.417,0.553
40000,0.030,0.292,0.678
40500,0.030,0.244,0.726
41000,0.030,0.387,0.583
41500,0.030,0.418,0.552
42000,0.030,0.234,0.736
42500,0.030,0.310,0.660
43000,0.030,0.342,0.628
43500,0.030,0.322,0.648
44000,0.084,0.055,0.861
44500,0.998,0.000,0.002
45000,1.000,0.000,0.000
