time,n_A+p,n_B,n_AB
200,0.030,0.967,0.003
400,0.030,0.947,0.023
600,0.030,0.932,0.039
800,0.033,0.916,0.051
1000,0.037,0.889,0.075
1200,0.035,0.878,0.087
1400,0.033,0.858,0.109
1600,0.031,0.844,0.126
1800,0.031,0.828,0.141
2000,0.035,0.808,0.157
2200,0.034,0.783,0.183
2400,0.036,0.765,0.199
2600,0.040,0.749,0.211
2800,0.035,0.707,0.258
3000,0.040,0.686,0.274
3200,0.038,0.666,0.296
3400,0.038,0.635,0.327
3600,0.039,0.623,0.338
3800,0.043,0.592,0.365
4000,0.044,0.577,0.379
4200,0.049,0.556,0.395
4400,0.046,0.552,0.402
4600,0.041,0.543,0.416
4800,0.038,0.532,0.430
5000,0.041,0.525,0.434
5200,0.045,0.537,0.418
5400,0.044,0.520,0.436
5600,0.044,0.515,0.441
5800,0.047,0.508,0.445
6000,0.046,0.506,0.448
6200,0.053,0.501,0.446
6400,0.045,0.493,0.462
6600,0.045,0.482,0.473
6800,0.042,0.474,0.484
7000,0.039,0.466,0.495
7200,0.047,0.454,0.499
7400,0.045,0.445,0.510
7600,0.041,0.440,0.519
7800,0.046,0.432,0.522
8000,0.044,0.433,0.523
8200,0.043,0.430,0.527
8400,0.068,0.424,0.508
8600,0.068,0.413,0.519
8800,0.067,0.413,0.520
9000,0.070,0.392,0.537
9200,0.069,0.387,0.543
9400,0.065,0.379,0.556
9600,0.066,0.374,0.560
9800,0.069,0.383,0.547
10000,0.075,0.381,0.544
10200,0.077,0.377,0.546
10400,0.073,0.374,0.554
10600,0.084,0.369,0.547
10800,0.082,0.367,0.552
11000,0.079,0.363,0.559
11200,0.062,0.359,0.579
11400,0.061,0.353,0.585
11600,0.062,0.343,0.594
11800,0.081,0.335,0.584
12000,0.086,0.332,0.582
12200,0.079,0.334,0.587
12400,0.061,0.334,0.605
12600,0.078,0.338,0.584
12800,0.068,0.339,0.592
13000,0.076,0.345,0.579
13200,0.075,0.335,0.590
13400,0.062,0.339,0.599
13600,0.062,0.342,0.596
13800,0.061,0.333,0.606
14000,0.067,0.321,0.612
14200,0.073,0.319,0.609
14400,0.076,0.318,0.607
14600,0.077,0.318,0.606
14800,0.077,0.318,0.606
15000,0.073,0.321,0.607
15200,0.069,0.323,0.608
15400,0.074,0.320,0.607
15600,0.079,0.319,0.603
15800,0.080,0.317,0.604
16000,0.076,0.325,0.600
16200,0.072,0.319,0.610
16400,0.073,0.307,0.620
16600,0.072,0.306,0.622
16800,0.069,0.296,0.634
17000,0.067,0.297,0.635
17200,0.067,0.296,0.636
17400,0.072,0.292,0.636
17600,0.065,0.298,0.636
17800,0.061,0.297,0.641
18000,0.063,0.292,0.645
18200,0.065,0.296,0.638
18400,0.064,0.288,0.648
18600,0.066,0.286,0.648
18800,0.064,0.293,0.642
19000,0.063,0.288,0.649
19200,0.064,0.286,0.650
19400,0.060,0.283,0.657
19600,0.060,0.278,0.662
19800,0.057,0.279,0.664
20000,0.056,0.279,0.665
20200,0.065,0.274,0.661
20400,0.081,0.270,0.650
20600,0.084,0.268,0.649
20800,0.092,0.271,0.637
21000,0.103,0.267,0.630
21200,0.094,0.264,0.642
21400,0.084,0.267,0.650
21600,0.079,0.276,0.646
21800,0.079,0.277,0.645
22000,0.078,0.274,0.649
22200,0.075,0.268,0.658
22400,0.068,0.284,0.648
22600,0.070,0.278,0.652
22800,0.068,0.295,0.636
23000,0.063,0.307,0.629
23200,0.063,0.313,0.624
23400,0.063,0.292,0.645
23600,0.062,0.285,0.653
23800,0.067,0.277,0.656
24000,0.068,0.274,0.658
24200,0.070,0.270,0.660
24400,0.067,0.295,0.637
24600,0.070,0.291,0.638
24800,0.063,0.289,0.648
25000,0.076,0.284,0.640
25200,0.068,0.293,0.638
25400,0.066,0.281,0.653
25600,0.065,0.274,0.661
25800,0.070,0.273,0.657
26000,0.067,0.275,0.658
26200,0.064,0.274,0.662
26400,0.063,0.275,0.662
26600,0.066,0.265,0.669
26800,0.080,0.263,0.658
27000,0.082,0.260,0.658
27200,0.083,0.257,0.660
27400,0.079,0.263,0.659
27600,0.076,0.266,0.659
27800,0.080,0.259,0.661
28000,0.078,0.255,0.667
28200,0.079,0.258,0.663
28400,0.072,0.253,0.675
28600,0.073,0.253,0.674
28800,0.074,0.259,0.667
29000,0.062,0.254,0.683
29200,0.067,0.249,0.683
29400,0.064,0.256,0.679
29600,0.057,0.253,0.689
29800,0.065,0.249,0.685
30000,0.063,0.258,0.678
30200,0.064,0.266,0.670
30400,0.058,0.253,0.688
30600,0.056,0.249,0.695
30800,0.057,0.246,0.697
31000,0.057,0.254,0.688
31200,0.078,0.245,0.677
31400,0.074,0.239,0.687
31600,0.075,0.236,0.689
31800,0.073,0.231,0.697
32000,0.068,0.234,0.698
32200,0.068,0.227,0.705
32400,0.070,0.241,0.688
32600,0.074,0.243,0.683
32800,0.100,0.241,0.659
33000,0.088,0.240,0.672
33200,0.091,0.235,0.674
33400,0.103,0.231,0.666
33600,0.095,0.231,0.674
33800,0.081,0.229,0.691
34000,0.077,0.222,0.702
34200,0.078,0.228,0.695
34400,0.082,0.231,0.687
34600,0.104,0.236,0.660
34800,0.101,0.237,0.662
35000,0.092,0.228,0.680
35200,0.090,0.230,0.680
35400,0.089,0.228,0.683
35600,0.088,0.236,0.676
35800,0.095,0.237,0.668
36000,0.088,0.230,0.682
36200,0.090,0.235,0.675
36400,0.092,0.231,0.677
36600,0.090,0.231,0.679
36800,0.091,0.231,0.678
37000,0.083,0.239,0.678
37200,0.083,0.238,0.679
37400,0.080,0.232,0.688
37600,0.083,0.233,0.684
37800,0.082,0.227,0.692
38000,0.081,0.223,0.697
38200,0.092,0.227,0.681
38400,0.091,0.222,0.687
38600,0.096,0.223,0.681
38800,0.093,0.229,0.678
39000,0.096,0.229,0.675
39200,0.080,0.224,0.697
39400,0.092,0.219,0.689
39600,0.092,0.215,0.694
39800,0.086,0.217,0.698
40000,0.087,0.220,0.694
40200,0.080,0.225,0.696
40400,0.079,0.219,0.703
40600,0.078,0.221,0.702
40800,0.077,0.218,0.706
41000,0.068,0.213,0.718
41200,0.082,0.211,0.707
41400,0.089,0.216,0.696
41600,0.088,0.211,0.701
41800,0.095,0.213,0.692
42000,0.107,0.215,0.678
42200,0.106,0.213,0.680
42400,0.108,0.209,0.682
42600,0.112,0.203,0.684
42800,0.108,0.203,0.688
43000,0.101,0.202,0.697
43200,0.092,0.215,0.694
43400,0.092,0.212,0.696
43600,0.090,0.207,0.703
43800,0.096,0.207,0.697
44000,0.094,0.209,0.697
44200,0.093,0.205,0.702
44400,0.095,0.210,0.695
44600,0.092,0.215,0.694
44800,0.102,0.209,0.688
45000,0.097,0.210,0.693
45200,0.103,0.208,0.688
45400,0.099,0.201,0.700
45600,0.096,0.206,0.698
45800,0.086,0.210,0.704
46000,0.088,0.209,0.703
46200,0.091,0.208,0.701
46400,0.090,0.216,0.695
46600,0.093,0.219,0.688
46800,0.083,0.218,0.700
47000,0.079,0.229,0.693
47200,0.085,0.232,0.683
47400,0.088,0.222,0.691
47600,0.090,0.223,0.687
47800,0.091,0.219,0.691
48000,0.092,0.215,0.694
48200,0.099,0.209,0.692
48400,0.092,0.206,0.702
48600,0.089,0.227,0.684
48800,0.083,0.227,0.691
49000,0.082,0.222,0.697
49200,0.084,0.225,0.692
49400,0.083,0.227,0.691
49600,0.080,0.231,0.689
49800,0.078,0.211,0.711
50000,0.083,0.212,0.705
50200,0.079,0.219,0.703
50400,0.073,0.203,0.724
50600,0.064,0.206,0.729
50800,0.089,0.205,0.706
51000,0.091,0.205,0.704
51200,0.091,0.208,0.701
51400,0.078,0.203,0.719
51600,0.085,0.210,0.705
51800,0.078,0.207,0.715
52000,0.070,0.207,0.722
52200,0.068,0.204,0.727
52400,0.081,0.210,0.709
52600,0.078,0.204,0.718
52800,0.076,0.210,0.714
53000,0.074,0.206,0.720
53200,0.073,0.197,0.730
53400,0.074,0.200,0.726
53600,0.073,0.203,0.724
53800,0.078,0.198,0.724
54000,0.069,0.206,0.724
54200,0.070,0.202,0.727
54400,0.084,0.196,0.720
54600,0.088,0.206,0.706
54800,0.084,0.203,0.713
55000,0.090,0.203,0.707
55200,0.086,0.206,0.708
55400,0.090,0.204,0.706
55600,0.086,0.199,0.715
55800,0.091,0.204,0.705
56000,0.094,0.201,0.705
56200,0.086,0.202,0.712
56400,0.085,0.197,0.718
56600,0.089,0.197,0.714
56800,0.082,0.208,0.710
57000,0.108,0.202,0.689
57200,0.103,0.211,0.685
57400,0.097,0.209,0.694
57600,0.095,0.202,0.703
57800,0.092,0.199,0.709
58000,0.083,0.194,0.723
58200,0.078,0.189,0.733
58400,0.073,0.195,0.732
58600,0.075,0.206,0.719
58800,0.084,0.213,0.703
59000,0.080,0.212,0.708
59200,0.082,0.204,0.714
59400,0.080,0.205,0.715
59600,0.078,0.208,0.714
59800,0.072,0.207,0.721
60000,0.076,0.201,0.723
60200,0.081,0.198,0.721
60400,0.079,0.194,0.727
60600,0.073,0.189,0.739
60800,0.077,0.190,0.733
61000,0.069,0.189,0.742
61200,0.061,0.193,0.746
61400,0.073,0.200,0.727
61600,0.080,0.197,0.723
61800,0.077,0.195,0.728
62000,0.070,0.193,0.736
62200,0.069,0.197,0.733
62400,0.073,0.189,0.739
62600,0.072,0.192,0.736
62800,0.068,0.194,0.737
63000,0.077,0.206,0.717
63200,0.076,0.206,0.718
63400,0.081,0.206,0.713
63600,0.076,0.200,0.724
63800,0.075,0.193,0.732
64000,0.073,0.198,0.729
64200,0.067,0.202,0.730
64400,0.065,0.199,0.735
64600,0.070,0.208,0.721
64800,0.068,0.203,0.728
65000,0.062,0.210,0.727
65200,0.068,0.203,0.728
65400,0.064,0.195,0.741
65600,0.063,0.195,0.742
65800,0.062,0.193,0.745
66000,0.073,0.190,0.737
66200,0.069,0.192,0.739
66400,0.069,0.197,0.733
66600,0.067,0.200,0.732
66800,0.068,0.201,0.730
67000,0.065,0.193,0.742
67200,0.063,0.197,0.740
67400,0.063,0.193,0.744
67600,0.073,0.190,0.737
67800,0.063,0.186,0.751
68000,0.066,0.181,0.753
68200,0.061,0.188,0.751
68400,0.065,0.185,0.750
68600,0.068,0.185,0.747
68800,0.069,0.183,0.748
69000,0.074,0.191,0.735
69200,0.077,0.192,0.731
69400,0.079,0.194,0.727
69600,0.094,0.191,0.715
69800,0.095,0.181,0.724
70000,0.095,0.182,0.723
70200,0.097,0.182,0.721
70400,0.088,0.182,0.730
70600,0.089,0.180,0.731
70800,0.089,0.179,0.732
71000,0.091,0.181,0.728
71200,0.095,0.179,0.726
71400,0.090,0.175,0.735
71600,0.091,0.173,0.736
71800,0.097,0.174,0.729
72000,0.098,0.173,0.729
72200,0.094,0.178,0.728
72400,0.108,0.177,0.715
72600,0.112,0.185,0.703
72800,0.110,0.181,0.709
73000,0.110,0.179,0.711
73200,0.099,0.178,0.723
73400,0.100,0.178,0.722
73600,0.105,0.176,0.719
73800,0.103,0.174,0.723
74000,0.104,0.178,0.718
74200,0.092,0.178,0.730
74400,0.086,0.175,0.740
74600,0.079,0.169,0.753
74800,0.070,0.174,0.756
75000,0.067,0.171,0.762
75200,0.077,0.178,0.746
75400,0.087,0.170,0.744
75600,0.079,0.166,0.755
75800,0.074,0.168,0.759
76000,0.070,0.166,0.763
76200,0.075,0.165,0.760
76400,0.070,0.166,0.763
76600,0.078,0.174,0.749
76800,0.075,0.171,0.755
77000,0.077,0.171,0.753
77200,0.074,0.172,0.755
77400,0.073,0.192,0.735
77600,0.079,0.191,0.730
77800,0.073,0.199,0.728
78000,0.068,0.204,0.727
78200,0.068,0.206,0.725
78400,0.074,0.196,0.730
78600,0.068,0.191,0.741
78800,0.069,0.194,0.736
79000,0.063,0.206,0.730
79200,0.058,0.199,0.743
79400,0.056,0.197,0.747
79600,0.058,0.202,0.740
79800,0.053,0.221,0.726
80000,0.053,0.212,0.734
80200,0.055,0.212,0.732
80400,0.053,0.210,0.736
80600,0.069,0.208,0.722
80800,0.063,0.195,0.742
81000,0.064,0.197,0.739
81200,0.060,0.195,0.745
81400,0.069,0.197,0.733
81600,0.073,0.192,0.735
81800,0.077,0.197,0.726
82000,0.079,0.193,0.728
82200,0.072,0.197,0.731
82400,0.073,0.188,0.740
82600,0.079,0.184,0.737
82800,0.080,0.177,0.744
83000,0.090,0.177,0.733
83200,0.088,0.178,0.734
83400,0.080,0.179,0.742
83600,0.089,0.172,0.740
83800,0.084,0.192,0.724
84000,0.090,0.196,0.714
84200,0.086,0.193,0.721
84400,0.090,0.199,0.711
84600,0.085,0.198,0.717
84800,0.084,0.193,0.723
85000,0.085,0.188,0.727
85200,0.099,0.192,0.709
85400,0.084,0.186,0.730
85600,0.078,0.191,0.731
85800,0.076,0.197,0.727
86000,0.077,0.197,0.726
86200,0.077,0.181,0.743
86400,0.080,0.172,0.749
86600,0.083,0.175,0.743
86800,0.078,0.173,0.750
87000,0.076,0.182,0.743
87200,0.069,0.182,0.749
87400,0.066,0.183,0.751
87600,0.072,0.185,0.744
87800,0.078,0.185,0.737
88000,0.077,0.180,0.744
88200,0.074,0.177,0.750
88400,0.082,0.178,0.741
88600,0.083,0.176,0.742
88800,0.079,0.171,0.751
89000,0.068,0.185,0.747
89200,0.064,0.178,0.758
89400,0.067,0.176,0.757
89600,0.072,0.179,0.750
89800,0.068,0.168,0.764
90000,0.075,0.162,0.763
90200,0.072,0.182,0.747
90400,0.074,0.185,0.742
90600,0.069,0.175,0.756
90800,0.068,0.172,0.760
91000,0.084,0.175,0.742
91200,0.090,0.175,0.735
91400,0.094,0.177,0.729
91600,0.107,0.172,0.721
91800,0.097,0.171,0.732
92000,0.090,0.169,0.742
92200,0.090,0.173,0.737
92400,0.077,0.172,0.752
92600,0.080,0.165,0.755
92800,0.086,0.163,0.751
93000,0.081,0.162,0.757
93200,0.082,0.161,0.757
93400,0.078,0.168,0.755
93600,0.082,0.169,0.750
93800,0.085,0.174,0.742
94000,0.084,0.166,0.750
94200,0.081,0.159,0.760
94400,0.080,0.161,0.759
94600,0.080,0.169,0.752
94800,0.075,0.170,0.756
95000,0.078,0.171,0.752
95200,0.080,0.170,0.751
95400,0.080,0.175,0.746
95600,0.070,0.173,0.757
95800,0.066,0.168,0.766
96000,0.081,0.165,0.754
96200,0.070,0.172,0.758
96400,0.075,0.163,0.762
96600,0.079,0.165,0.756
96800,0.069,0.164,0.766
97000,0.072,0.174,0.755
97200,0.073,0.171,0.757
97400,0.070,0.181,0.749
97600,0.074,0.173,0.754
97800,0.072,0.168,0.761
98000,0.072,0.169,0.760
98200,0.078,0.162,0.760
98400,0.077,0.159,0.764
98600,0.076,0.159,0.765
98800,0.069,0.157,0.773
99000,0.073,0.160,0.767
99200,0.079,0.161,0.760
99400,0.079,0.164,0.757
99600,0.081,0.163,0.756
99800,0.079,0.162,0.759
100000,0.073,0.160,0.767
100200,0.073,0.158,0.769
100400,0.073,0.168,0.760
100600,0.070,0.166,0.763
100800,0.068,0.162,0.769
101000,0.075,0.154,0.771
101200,0.081,0.158,0.761
101400,0.097,0.155,0.748
101600,0.104,0.153,0.743
101800,0.090,0.153,0.757
102000,0.083,0.153,0.764
102200,0.084,0.148,0.768
102400,0.084,0.160,0.756
102600,0.092,0.157,0.751
102800,0.103,0.157,0.740
103000,0.100,0.158,0.742
103200,0.094,0.157,0.749
103400,0.092,0.153,0.755
103600,0.100,0.150,0.750
103800,0.108,0.148,0.744
104000,0.105,0.147,0.748
104200,0.108,0.149,0.743
104400,0.104,0.144,0.752
104600,0.102,0.151,0.747
104800,0.100,0.144,0.756
105000,0.093,0.144,0.763
105200,0.095,0.145,0.760
105400,0.092,0.158,0.750
105600,0.098,0.150,0.752
105800,0.100,0.139,0.761
106000,0.102,0.139,0.759
106200,0.108,0.139,0.753
106400,0.101,0.141,0.758
106600,0.099,0.143,0.758
106800,0.096,0.146,0.758
107000,0.099,0.143,0.758
107200,0.087,0.156,0.757
107400,0.087,0.159,0.754
107600,0.086,0.151,0.763
107800,0.083,0.147,0.770
108000,0.081,0.146,0.773
108200,0.084,0.143,0.773
108400,0.089,0.142,0.769
108600,0.087,0.141,0.772
108800,0.084,0.142,0.774
109000,0.087,0.144,0.769
109200,0.079,0.173,0.749
109400,0.083,0.159,0.758
109600,0.086,0.160,0.754
109800,0.081,0.165,0.754
110000,0.079,0.160,0.761
110200,0.080,0.164,0.756
110400,0.086,0.146,0.768
110600,0.082,0.150,0.768
110800,0.085,0.143,0.772
111000,0.080,0.145,0.775
111200,0.083,0.144,0.773
111400,0.086,0.143,0.771
111600,0.085,0.135,0.780
111800,0.092,0.134,0.774
112000,0.091,0.134,0.775
112200,0.096,0.136,0.768
112400,0.092,0.139,0.769
112600,0.088,0.135,0.777
112800,0.084,0.138,0.778
113000,0.079,0.144,0.777
113200,0.070,0.145,0.784
113400,0.069,0.162,0.768
113600,0.070,0.162,0.767
113800,0.069,0.163,0.767
114000,0.069,0.158,0.772
114200,0.073,0.155,0.772
114400,0.072,0.158,0.770
114600,0.073,0.153,0.774
114800,0.083,0.157,0.760
115000,0.080,0.157,0.763
115200,0.079,0.157,0.764
115400,0.082,0.161,0.757
115600,0.081,0.151,0.768
115800,0.081,0.154,0.765
116000,0.078,0.157,0.765
116200,0.079,0.154,0.767
116400,0.080,0.149,0.771
116600,0.077,0.155,0.768
116800,0.076,0.160,0.764
117000,0.068,0.151,0.780
117200,0.073,0.148,0.779
117400,0.072,0.154,0.774
117600,0.080,0.155,0.765
117800,0.077,0.158,0.765
118000,0.074,0.153,0.773
118200,0.072,0.158,0.770
118400,0.064,0.160,0.775
118600,0.075,0.152,0.773
118800,0.078,0.150,0.772
119000,0.075,0.154,0.771
119200,0.076,0.148,0.776
119400,0.086,0.149,0.765
119600,0.091,0.143,0.766
119800,0.096,0.147,0.757
120000,0.088,0.153,0.759
120200,0.090,0.151,0.759
120400,0.096,0.151,0.753
120600,0.096,0.147,0.757
120800,0.092,0.146,0.762
121000,0.091,0.149,0.760
121200,0.092,0.155,0.753
121400,0.089,0.154,0.757
121600,0.091,0.153,0.756
121800,0.087,0.150,0.763
122000,0.081,0.149,0.770
122200,0.083,0.145,0.772
122400,0.081,0.150,0.769
122600,0.078,0.157,0.765
122800,0.084,0.149,0.767
123000,0.075,0.147,0.778
123200,0.074,0.148,0.778
123400,0.074,0.159,0.767
123600,0.070,0.165,0.764
123800,0.066,0.160,0.773
124000,0.070,0.160,0.769
124200,0.072,0.181,0.748
124400,0.063,0.164,0.772
124600,0.072,0.160,0.768
124800,0.074,0.160,0.766
125000,0.076,0.158,0.766
125200,0.074,0.152,0.774
125400,0.078,0.150,0.772
125600,0.087,0.150,0.763
125800,0.093,0.145,0.762
126000,0.091,0.142,0.767
126200,0.087,0.137,0.776
126400,0.083,0.138,0.779
126600,0.088,0.137,0.775
126800,0.092,0.138,0.770
127000,0.094,0.136,0.770
127200,0.093,0.138,0.769
127400,0.094,0.137,0.769
127600,0.092,0.135,0.773
127800,0.111,0.133,0.756
128000,0.099,0.139,0.762
128200,0.096,0.139,0.765
128400,0.102,0.141,0.757
128600,0.089,0.144,0.767
128800,0.095,0.148,0.757
129000,0.088,0.147,0.765
129200,0.085,0.145,0.770
129400,0.089,0.150,0.761
129600,0.084,0.148,0.768
129800,0.085,0.155,0.760
130000,0.079,0.163,0.758
130200,0.072,0.171,0.758
130400,0.069,0.171,0.760
130600,0.064,0.172,0.764
130800,0.072,0.172,0.757
131000,0.076,0.165,0.759
131200,0.093,0.163,0.744
131400,0.089,0.154,0.757
131600,0.087,0.161,0.752
131800,0.086,0.156,0.758
132000,0.069,0.155,0.775
132200,0.070,0.155,0.774
132400,0.063,0.158,0.778
132600,0.064,0.154,0.781
132800,0.063,0.155,0.781
133000,0.065,0.161,0.773
133200,0.060,0.154,0.785
133400,0.061,0.153,0.785
133600,0.062,0.148,0.790
133800,0.085,0.142,0.773
134000,0.081,0.138,0.781
134200,0.085,0.143,0.772
134400,0.089,0.140,0.771
134600,0.084,0.133,0.783
134800,0.084,0.132,0.784
135000,0.087,0.131,0.782
135200,0.077,0.132,0.792
135400,0.070,0.133,0.797
135600,0.074,0.137,0.790
135800,0.094,0.132,0.774
136000,0.078,0.138,0.784
136200,0.076,0.132,0.793
136400,0.073,0.132,0.796
136600,0.083,0.131,0.787
136800,0.101,0.129,0.770
137000,0.102,0.130,0.768
137200,0.100,0.127,0.773
137400,0.098,0.126,0.776
137600,0.102,0.123,0.775
137800,0.091,0.125,0.784
138000,0.092,0.121,0.788
138200,0.094,0.127,0.779
138400,0.094,0.128,0.778
138600,0.092,0.129,0.779
138800,0.094,0.131,0.775
139000,0.084,0.131,0.785
139200,0.080,0.125,0.796
139400,0.084,0.120,0.797
139600,0.081,0.125,0.795
139800,0.081,0.118,0.801
140000,0.087,0.116,0.797
140200,0.086,0.116,0.798
140400,0.093,0.116,0.791
140600,0.094,0.120,0.787
140800,0.085,0.120,0.796
141000,0.088,0.122,0.791
141200,0.086,0.123,0.792
141400,0.090,0.129,0.781
141600,0.089,0.129,0.782
141800,0.076,0.137,0.788
142000,0.081,0.138,0.781
142200,0.082,0.132,0.787
142400,0.086,0.134,0.780
142600,0.069,0.135,0.796
142800,0.068,0.135,0.797
143000,0.078,0.136,0.787
143200,0.078,0.143,0.779
143400,0.079,0.137,0.784
143600,0.077,0.136,0.788
143800,0.081,0.137,0.782
144000,0.083,0.133,0.784
144200,0.078,0.130,0.793
144400,0.084,0.133,0.783
144600,0.081,0.131,0.789
144800,0.074,0.139,0.788
145000,0.073,0.131,0.797
145200,0.082,0.131,0.788
145400,0.078,0.125,0.798
145600,0.070,0.120,0.810
145800,0.094,0.118,0.788
146000,0.092,0.129,0.779
146200,0.094,0.124,0.782
146400,0.094,0.146,0.760
146600,0.098,0.137,0.765
146800,0.097,0.137,0.766
147000,0.091,0.139,0.770
147200,0.090,0.131,0.779
147400,0.099,0.144,0.757
147600,0.101,0.145,0.754
147800,0.104,0.140,0.756
148000,0.104,0.138,0.758
148200,0.096,0.139,0.765
148400,0.092,0.146,0.762
148600,0.092,0.141,0.767
148800,0.092,0.136,0.772
149000,0.093,0.157,0.750
149200,0.112,0.146,0.742
149400,0.112,0.139,0.749
149600,0.109,0.151,0.740
149800,0.109,0.140,0.751
150000,0.102,0.142,0.756
150200,0.105,0.131,0.764
150400,0.096,0.132,0.772
150600,0.094,0.128,0.778
150800,0.095,0.127,0.778
151000,0.091,0.123,0.787
151200,0.090,0.125,0.785
151400,0.094,0.126,0.780
151600,0.092,0.127,0.781
151800,0.093,0.126,0.781
152000,0.097,0.130,0.773
152200,0.098,0.130,0.772
152400,0.099,0.125,0.776
152600,0.091,0.123,0.787
152800,0.089,0.123,0.789
153000,0.087,0.123,0.791
153200,0.084,0.127,0.790
153400,0.094,0.125,0.781
153600,0.088,0.118,0.794
153800,0.099,0.124,0.777
154000,0.096,0.122,0.782
154200,0.102,0.128,0.770
154400,0.112,0.126,0.762
154600,0.101,0.127,0.772
154800,0.104,0.127,0.769
155000,0.108,0.124,0.768
155200,0.098,0.124,0.778
155400,0.091,0.120,0.790
155600,0.085,0.116,0.799
155800,0.083,0.125,0.793
156000,0.079,0.120,0.802
156200,0.077,0.118,0.805
156400,0.072,0.114,0.814
156600,0.070,0.121,0.809
156800,0.077,0.115,0.808
157000,0.074,0.118,0.808
157200,0.077,0.117,0.806
157400,0.078,0.116,0.806
157600,0.079,0.123,0.799
157800,0.089,0.121,0.791
158000,0.082,0.129,0.790
158200,0.081,0.121,0.799
158400,0.079,0.118,0.803
158600,0.078,0.121,0.802
158800,0.081,0.121,0.799
159000,0.080,0.121,0.800
159200,0.078,0.122,0.801
159400,0.079,0.116,0.805
159600,0.085,0.114,0.801
159800,0.083,0.111,0.806
160000,0.086,0.109,0.805
160200,0.090,0.109,0.801
160400,0.092,0.110,0.798
160600,0.081,0.112,0.807
160800,0.078,0.109,0.813
161000,0.079,0.117,0.804
161200,0.078,0.113,0.809
161400,0.081,0.109,0.810
161600,0.077,0.110,0.813
161800,0.093,0.111,0.796
162000,0.088,0.112,0.800
162200,0.091,0.112,0.797
162400,0.073,0.112,0.815
162600,0.070,0.116,0.813
162800,0.068,0.117,0.814
163000,0.068,0.120,0.812
163200,0.066,0.123,0.811
163400,0.066,0.134,0.800
163600,0.073,0.128,0.800
163800,0.070,0.129,0.801
164000,0.068,0.134,0.798
164200,0.073,0.135,0.793
164400,0.072,0.129,0.800
164600,0.069,0.129,0.802
164800,0.070,0.133,0.797
165000,0.070,0.131,0.799
165200,0.063,0.120,0.817
165400,0.093,0.115,0.792
165600,0.078,0.118,0.804
165800,0.073,0.139,0.789
166000,0.072,0.141,0.788
166200,0.068,0.131,0.801
166400,0.065,0.131,0.804
166600,0.066,0.127,0.807
166800,0.065,0.134,0.801
167000,0.067,0.122,0.811
167200,0.065,0.122,0.813
167400,0.060,0.121,0.819
167600,0.061,0.108,0.830
167800,0.064,0.109,0.826
168000,0.066,0.105,0.828
168200,0.069,0.108,0.822
168400,0.077,0.108,0.815
168600,0.077,0.106,0.817
168800,0.068,0.102,0.829
169000,0.070,0.103,0.826
169200,0.090,0.110,0.800
169400,0.088,0.118,0.794
169600,0.083,0.112,0.805
169800,0.079,0.110,0.811
170000,0.076,0.113,0.811
170200,0.074,0.107,0.819
170400,0.080,0.112,0.808
170600,0.077,0.112,0.811
170800,0.069,0.112,0.818
171000,0.069,0.111,0.819
171200,0.065,0.110,0.824
171400,0.069,0.120,0.811
171600,0.069,0.115,0.815
171800,0.076,0.111,0.813
172000,0.079,0.115,0.806
172200,0.084,0.115,0.801
172400,0.084,0.107,0.809
172600,0.081,0.112,0.807
172800,0.076,0.112,0.812
173000,0.083,0.104,0.813
173200,0.085,0.108,0.807
173400,0.088,0.114,0.798
173600,0.078,0.111,0.811
173800,0.076,0.116,0.808
174000,0.075,0.124,0.802
174200,0.074,0.116,0.810
174400,0.073,0.124,0.804
174600,0.068,0.127,0.805
174800,0.069,0.125,0.806
175000,0.066,0.126,0.808
175200,0.067,0.118,0.814
175400,0.068,0.127,0.805
175600,0.073,0.128,0.800
175800,0.065,0.129,0.806
176000,0.064,0.122,0.814
176200,0.059,0.118,0.822
176400,0.068,0.117,0.814
176600,0.066,0.115,0.818
176800,0.064,0.112,0.823
177000,0.065,0.116,0.818
177200,0.068,0.113,0.818
177400,0.061,0.120,0.819
177600,0.066,0.117,0.816
177800,0.061,0.117,0.821
178000,0.058,0.117,0.824
178200,0.058,0.125,0.817
178400,0.057,0.124,0.819
178600,0.064,0.128,0.808
178800,0.074,0.126,0.801
179000,0.068,0.130,0.802
179200,0.075,0.117,0.808
179400,0.067,0.112,0.820
179600,0.073,0.114,0.813
179800,0.069,0.122,0.809
180000,0.068,0.118,0.813
180200,0.062,0.121,0.817
180400,0.069,0.116,0.814
180600,0.070,0.114,0.815
180800,0.067,0.115,0.817
181000,0.066,0.117,0.816
181200,0.068,0.116,0.815
181400,0.070,0.115,0.814
181600,0.075,0.111,0.814
181800,0.077,0.105,0.818
182000,0.079,0.109,0.812
182200,0.069,0.110,0.820
182400,0.067,0.107,0.825
182600,0.066,0.115,0.818
182800,0.072,0.114,0.814
183000,0.069,0.117,0.813
183200,0.068,0.152,0.779
183400,0.066,0.143,0.791
183600,0.068,0.132,0.800
183800,0.069,0.132,0.799
184000,0.070,0.108,0.821
184200,0.079,0.106,0.815
184400,0.081,0.108,0.811
184600,0.079,0.122,0.800
184800,0.072,0.135,0.794
185000,0.083,0.133,0.784
185200,0.079,0.125,0.797
185400,0.079,0.122,0.800
185600,0.105,0.116,0.778
185800,0.099,0.112,0.789
186000,0.095,0.113,0.792
186200,0.094,0.111,0.795
186400,0.096,0.120,0.784
186600,0.097,0.128,0.775
186800,0.084,0.116,0.800
187000,0.084,0.118,0.798
187200,0.085,0.116,0.799
187400,0.078,0.124,0.799
187600,0.081,0.124,0.796
187800,0.079,0.122,0.800
188000,0.077,0.123,0.801
188200,0.078,0.121,0.802
188400,0.076,0.128,0.797
188600,0.083,0.132,0.785
188800,0.089,0.130,0.781
189000,0.100,0.135,0.765
189200,0.095,0.133,0.772
189400,0.090,0.120,0.791
189600,0.086,0.116,0.798
189800,0.078,0.116,0.806
190000,0.083,0.117,0.800
190200,0.083,0.109,0.808
190400,0.084,0.105,0.811
190600,0.077,0.112,0.811
190800,0.095,0.110,0.795
191000,0.096,0.111,0.793
191200,0.090,0.107,0.803
191400,0.092,0.106,0.802
191600,0.093,0.112,0.795
191800,0.092,0.111,0.797
192000,0.091,0.110,0.799
192200,0.094,0.111,0.795
192400,0.082,0.106,0.812
192600,0.078,0.110,0.812
192800,0.080,0.108,0.812
193000,0.098,0.107,0.795
193200,0.091,0.108,0.801
193400,0.094,0.105,0.801
193600,0.101,0.105,0.794
193800,0.102,0.106,0.792
194000,0.114,0.112,0.773
194200,0.105,0.105,0.790
194400,0.103,0.108,0.789
194600,0.092,0.107,0.801
194800,0.099,0.108,0.793
195000,0.093,0.109,0.798
195200,0.096,0.110,0.794
195400,0.083,0.112,0.805
195600,0.081,0.113,0.806
195800,0.078,0.112,0.810
196000,0.076,0.114,0.810
196200,0.067,0.111,0.821
196400,0.070,0.100,0.829
196600,0.067,0.105,0.827
196800,0.068,0.121,0.811
197000,0.069,0.116,0.814
197200,0.070,0.115,0.814
197400,0.077,0.114,0.809
197600,0.085,0.110,0.805
197800,0.081,0.110,0.809
198000,0.086,0.105,0.809
198200,0.086,0.099,0.815
198400,0.085,0.107,0.808
198600,0.083,0.114,0.803
198800,0.075,0.109,0.816
199000,0.075,0.109,0.816
199200,0.072,0.104,0.824
199400,0.068,0.108,0.823
199600,0.074,0.107,0.819
199800,0.068,0.107,0.824
200000,0.070,0.110,0.819
200200,0.068,0.112,0.819
200400,0.067,0.108,0.824
200600,0.069,0.105,0.825
200800,0.070,0.108,0.821
201000,0.067,0.110,0.822
201200,0.067,0.100,0.832
201400,0.070,0.100,0.829
201600,0.076,0.098,0.826
201800,0.074,0.101,0.825
202000,0.075,0.103,0.822
202200,0.075,0.131,0.795
202400,0.081,0.124,0.796
202600,0.072,0.121,0.808
202800,0.070,0.120,0.810
203000,0.069,0.126,0.805
203200,0.074,0.121,0.806
203400,0.070,0.113,0.816
203600,0.068,0.117,0.814
203800,0.074,0.118,0.808
204000,0.079,0.111,0.810
204200,0.076,0.105,0.819
204400,0.076,0.107,0.817
204600,0.072,0.118,0.810
204800,0.069,0.120,0.811
205000,0.077,0.118,0.805
205200,0.085,0.116,0.799
205400,0.084,0.115,0.801
205600,0.079,0.127,0.795
205800,0.077,0.117,0.806
206000,0.078,0.113,0.809
206200,0.083,0.107,0.810
206400,0.087,0.103,0.810
206600,0.085,0.112,0.803
206800,0.078,0.113,0.809
207000,0.076,0.107,0.817
207200,0.078,0.109,0.813
207400,0.074,0.109,0.817
207600,0.080,0.110,0.810
207800,0.088,0.108,0.804
208000,0.086,0.105,0.809
208200,0.088,0.099,0.813
208400,0.084,0.096,0.820
208600,0.080,0.093,0.827
208800,0.080,0.098,0.822
209000,0.087,0.106,0.807
209200,0.092,0.101,0.807
209400,0.084,0.101,0.815
209600,0.077,0.102,0.821
209800,0.080,0.102,0.818
210000,0.098,0.099,0.803
210200,0.097,0.095,0.808
210400,0.095,0.100,0.805
210600,0.082,0.098,0.820
210800,0.082,0.105,0.813
211000,0.082,0.109,0.809
211200,0.080,0.107,0.813
211400,0.075,0.106,0.819
211600,0.069,0.106,0.824
211800,0.073,0.104,0.823
212000,0.069,0.106,0.824
212200,0.069,0.112,0.818
212400,0.069,0.112,0.818
212600,0.079,0.109,0.812
212800,0.079,0.097,0.824
213000,0.085,0.099,0.816
213200,0.080,0.093,0.827
213400,0.074,0.091,0.836
213600,0.074,0.094,0.832
213800,0.073,0.097,0.830
214000,0.080,0.095,0.825
214200,0.077,0.093,0.830
214400,0.079,0.106,0.815
214600,0.072,0.109,0.819
214800,0.083,0.121,0.797
215000,0.076,0.118,0.806
215200,0.073,0.108,0.819
215400,0.074,0.100,0.826
215600,0.077,0.097,0.826
215800,0.077,0.097,0.826
216000,0.077,0.102,0.821
216200,0.080,0.100,0.820
216400,0.084,0.092,0.824
216600,0.079,0.102,0.819
216800,0.078,0.096,0.826
217000,0.074,0.105,0.821
217200,0.078,0.109,0.813
217400,0.075,0.110,0.815
217600,0.068,0.121,0.811
217800,0.062,0.112,0.825
218000,0.079,0.103,0.818
218200,0.088,0.101,0.811
218400,0.084,0.105,0.811
218600,0.077,0.104,0.819
218800,0.080,0.102,0.818
219000,0.077,0.100,0.823
219200,0.076,0.093,0.831
219400,0.101,0.099,0.800
219600,0.098,0.103,0.799
219800,0.093,0.102,0.805
220000,0.096,0.104,0.800
220200,0.087,0.107,0.806
220400,0.080,0.112,0.808
220600,0.081,0.103,0.816
220800,0.080,0.103,0.817
221000,0.078,0.110,0.812
221200,0.083,0.120,0.798
221400,0.080,0.120,0.801
221600,0.083,0.112,0.805
221800,0.074,0.111,0.815
222000,0.086,0.109,0.805
222200,0.089,0.099,0.812
222400,0.094,0.095,0.811
222600,0.088,0.097,0.815
222800,0.099,0.097,0.804
223000,0.090,0.103,0.807
223200,0.094,0.105,0.801
223400,0.104,0.100,0.796
223600,0.093,0.105,0.802
223800,0.090,0.104,0.806
224000,0.087,0.112,0.801
224200,0.087,0.108,0.805
224400,0.082,0.104,0.814
224600,0.083,0.104,0.813
224800,0.082,0.106,0.812
225000,0.076,0.109,0.815
225200,0.080,0.111,0.809
225400,0.074,0.118,0.808
225600,0.073,0.117,0.810
225800,0.077,0.114,0.809
226000,0.077,0.114,0.809
226200,0.079,0.117,0.804
226400,0.083,0.114,0.803
226600,0.087,0.112,0.801
226800,0.088,0.113,0.799
227000,0.096,0.102,0.802
227200,0.093,0.102,0.805
227400,0.087,0.107,0.806
227600,0.087,0.107,0.806
227800,0.094,0.099,0.807
228000,0.096,0.101,0.803
228200,0.098,0.099,0.803
228400,0.095,0.103,0.802
228600,0.098,0.095,0.807
228800,0.092,0.098,0.810
229000,0.080,0.096,0.824
229200,0.076,0.100,0.824
229400,0.078,0.103,0.819
229600,0.078,0.100,0.822
229800,0.073,0.096,0.831
230000,0.074,0.095,0.831
230200,0.076,0.093,0.831
230400,0.080,0.093,0.827
230600,0.076,0.092,0.832
230800,0.076,0.091,0.834
231000,0.076,0.094,0.830
231200,0.072,0.097,0.831
231400,0.080,0.099,0.821
231600,0.079,0.107,0.814
231800,0.082,0.096,0.822
232000,0.078,0.092,0.830
232200,0.078,0.093,0.829
232400,0.083,0.093,0.824
232600,0.091,0.092,0.817
232800,0.092,0.103,0.805
233000,0.099,0.098,0.803
233200,0.097,0.101,0.802
233400,0.089,0.102,0.809
233600,0.091,0.100,0.809
233800,0.101,0.103,0.796
234000,0.104,0.105,0.791
234200,0.092,0.105,0.803
234400,0.113,0.103,0.783
234600,0.097,0.102,0.801
234800,0.095,0.103,0.802
235000,0.096,0.105,0.799
235200,0.094,0.105,0.801
235400,0.089,0.104,0.807
235600,0.083,0.117,0.800
235800,0.077,0.117,0.806
236000,0.073,0.134,0.794
236200,0.078,0.133,0.790
236400,0.077,0.128,0.796
236600,0.075,0.126,0.800
236800,0.084,0.122,0.795
237000,0.085,0.112,0.803
237200,0.086,0.103,0.811
237400,0.092,0.099,0.809
237600,0.087,0.102,0.811
237800,0.073,0.100,0.827
238000,0.069,0.100,0.830
238200,0.074,0.114,0.812
238400,0.078,0.115,0.807
238600,0.073,0.125,0.803
238800,0.075,0.146,0.779
239000,0.077,0.147,0.776
239200,0.068,0.143,0.789
239400,0.067,0.141,0.792
239600,0.068,0.134,0.798
239800,0.077,0.121,0.803
240000,0.083,0.114,0.803
240200,0.077,0.123,0.801
240400,0.078,0.126,0.797
240600,0.079,0.122,0.800
240800,0.077,0.122,0.802
241000,0.074,0.124,0.803
241200,0.074,0.115,0.811
241400,0.066,0.111,0.822
241600,0.076,0.116,0.808
241800,0.069,0.124,0.807
242000,0.070,0.113,0.816
242200,0.067,0.113,0.819
242400,0.066,0.111,0.822
242600,0.073,0.111,0.816
242800,0.083,0.115,0.802
243000,0.091,0.115,0.794
243200,0.082,0.114,0.804
243400,0.077,0.115,0.808
243600,0.077,0.113,0.810
243800,0.095,0.115,0.790
244000,0.094,0.108,0.798
244200,0.097,0.108,0.795
244400,0.100,0.104,0.796
244600,0.106,0.105,0.789
244800,0.101,0.098,0.801
245000,0.107,0.100,0.793
245200,0.100,0.096,0.804
245400,0.101,0.095,0.804
245600,0.101,0.087,0.812
245800,0.104,0.103,0.793
246000,0.096,0.097,0.807
246200,0.107,0.098,0.795
246400,0.107,0.097,0.796
246600,0.097,0.099,0.804
246800,0.094,0.100,0.806
247000,0.089,0.100,0.811
247200,0.091,0.098,0.811
247400,0.089,0.110,0.801
247600,0.087,0.112,0.801
247800,0.089,0.121,0.791
248000,0.084,0.108,0.808
248200,0.086,0.109,0.805
248400,0.091,0.114,0.795
248600,0.091,0.127,0.782
248800,0.091,0.124,0.785
249000,0.080,0.126,0.795
249200,0.084,0.124,0.793
249400,0.082,0.114,0.804
249600,0.080,0.120,0.801
249800,0.082,0.113,0.805
250000,0.084,0.107,0.809
250200,0.088,0.099,0.813
250400,0.094,0.093,0.813
250600,0.097,0.094,0.809
250800,0.109,0.100,0.791
251000,0.104,0.096,0.800
251200,0.095,0.090,0.815
251400,0.089,0.095,0.816
251600,0.087,0.092,0.821
251800,0.089,0.104,0.807
252000,0.092,0.103,0.805
252200,0.090,0.099,0.811
252400,0.086,0.092,0.822
252600,0.083,0.092,0.825
252800,0.081,0.098,0.821
253000,0.083,0.101,0.816
253200,0.078,0.099,0.823
253400,0.081,0.099,0.820
253600,0.082,0.094,0.824
253800,0.084,0.102,0.814
254000,0.088,0.097,0.815
254200,0.085,0.091,0.824
254400,0.085,0.095,0.820
254600,0.089,0.098,0.813
254800,0.090,0.099,0.811
255000,0.087,0.099,0.814
255200,0.089,0.104,0.807
255400,0.086,0.097,0.817
255600,0.092,0.094,0.814
255800,0.092,0.098,0.810
256000,0.089,0.098,0.813
256200,0.085,0.090,0.825
256400,0.087,0.094,0.819
256600,0.088,0.097,0.815
256800,0.104,0.094,0.802
257000,0.094,0.099,0.807
257200,0.094,0.099,0.807
257400,0.097,0.107,0.796
257600,0.097,0.102,0.801
257800,0.092,0.105,0.803
258000,0.085,0.100,0.815
258200,0.084,0.099,0.817
258400,0.079,0.093,0.828
258600,0.073,0.102,0.825
258800,0.072,0.105,0.823
259000,0.075,0.120,0.806
259200,0.074,0.112,0.814
259400,0.078,0.105,0.817
259600,0.075,0.108,0.817
259800,0.078,0.105,0.817
260000,0.079,0.110,0.811
260200,0.079,0.112,0.809
260400,0.080,0.106,0.814
260600,0.084,0.101,0.815
260800,0.085,0.099,0.816
261000,0.083,0.099,0.818
261200,0.078,0.100,0.822
261400,0.076,0.101,0.823
261600,0.088,0.093,0.819
261800,0.095,0.092,0.813
262000,0.099,0.091,0.810
262200,0.095,0.097,0.808
262400,0.093,0.090,0.817
262600,0.092,0.093,0.815
262800,0.086,0.088,0.826
263000,0.104,0.085,0.811
263200,0.091,0.089,0.820
263400,0.078,0.092,0.830
263600,0.075,0.087,0.839
263800,0.077,0.089,0.835
264000,0.104,0.088,0.808
264200,0.099,0.097,0.804
264400,0.091,0.097,0.812
264600,0.091,0.094,0.815
264800,0.096,0.091,0.813
265000,0.087,0.091,0.822
265200,0.087,0.091,0.822
265400,0.099,0.089,0.812
265600,0.084,0.099,0.817
265800,0.085,0.092,0.823
266000,0.080,0.090,0.830
266200,0.081,0.089,0.830
266400,0.088,0.089,0.823
266600,0.086,0.097,0.817
266800,0.101,0.092,0.807
267000,0.094,0.089,0.817
267200,0.097,0.089,0.814
267400,0.089,0.086,0.825
267600,0.092,0.091,0.817
267800,0.105,0.091,0.804
268000,0.108,0.095,0.797
268200,0.100,0.094,0.806
268400,0.093,0.088,0.819
268600,0.093,0.103,0.804
268800,0.095,0.100,0.805
269000,0.115,0.106,0.778
269200,0.115,0.103,0.781
269400,0.105,0.100,0.795
269600,0.090,0.095,0.815
269800,0.091,0.096,0.813
270000,0.089,0.089,0.822
270200,0.087,0.089,0.824
270400,0.086,0.086,0.828
270600,0.089,0.094,0.817
270800,0.090,0.091,0.819
271000,0.091,0.088,0.821
271200,0.092,0.089,0.819
271400,0.085,0.093,0.822
271600,0.094,0.094,0.812
271800,0.101,0.096,0.803
272000,0.097,0.096,0.807
272200,0.088,0.107,0.805
272400,0.081,0.112,0.807
272600,0.085,0.114,0.801
272800,0.077,0.111,0.812
273000,0.074,0.102,0.824
273200,0.082,0.096,0.822
273400,0.080,0.099,0.821
273600,0.079,0.101,0.820
273800,0.079,0.100,0.821
274000,0.082,0.099,0.819
274200,0.080,0.113,0.807
274400,0.082,0.108,0.810
274600,0.085,0.109,0.806
274800,0.086,0.103,0.811
275000,0.095,0.097,0.808
275200,0.103,0.093,0.804
275400,0.098,0.102,0.800
275600,0.088,0.093,0.819
275800,0.103,0.091,0.806
276000,0.102,0.092,0.806
276200,0.106,0.086,0.808
276400,0.107,0.085,0.808
276600,0.108,0.084,0.808
276800,0.110,0.087,0.803
277000,0.107,0.091,0.802
277200,0.102,0.091,0.807
277400,0.089,0.087,0.824
277600,0.089,0.085,0.826
277800,0.086,0.101,0.813
278000,0.083,0.096,0.821
278200,0.080,0.098,0.822
278400,0.083,0.101,0.816
278600,0.080,0.098,0.822
278800,0.087,0.095,0.818
279000,0.084,0.115,0.801
279200,0.081,0.113,0.806
279400,0.082,0.106,0.812
279600,0.081,0.100,0.819
279800,0.083,0.104,0.813
280000,0.083,0.108,0.809
280200,0.077,0.116,0.807
280400,0.074,0.111,0.815
280600,0.086,0.105,0.809
280800,0.101,0.083,0.816
281000,0.105,0.081,0.814
281200,0.114,0.082,0.804
281400,0.120,0.083,0.798
281600,0.123,0.088,0.790
281800,0.114,0.091,0.795
282000,0.110,0.089,0.801
282200,0.103,0.089,0.808
282400,0.102,0.092,0.806
282600,0.099,0.092,0.809
282800,0.106,0.087,0.807
283000,0.104,0.085,0.811
283200,0.104,0.086,0.810
283400,0.097,0.086,0.817
283600,0.099,0.087,0.814
283800,0.100,0.095,0.805
284000,0.093,0.100,0.807
284200,0.085,0.099,0.816
284400,0.082,0.098,0.820
284600,0.076,0.095,0.829
284800,0.081,0.097,0.822
285000,0.081,0.101,0.818
285200,0.084,0.101,0.815
285400,0.085,0.098,0.817
285600,0.087,0.098,0.815
285800,0.080,0.123,0.798
286000,0.083,0.113,0.804
286200,0.084,0.110,0.806
286400,0.083,0.113,0.804
286600,0.081,0.109,0.810
286800,0.087,0.112,0.801
287000,0.084,0.114,0.802
287200,0.081,0.123,0.797
287400,0.086,0.117,0.797
287600,0.077,0.116,0.807
287800,0.078,0.120,0.803
288000,0.074,0.125,0.802
288200,0.068,0.136,0.796
288400,0.069,0.126,0.805
288600,0.067,0.126,0.807
288800,0.065,0.121,0.814
289000,0.067,0.116,0.816
289200,0.100,0.117,0.782
289400,0.095,0.114,0.791
289600,0.091,0.111,0.798
289800,0.089,0.122,0.790
290000,0.090,0.104,0.806
290200,0.087,0.105,0.808
290400,0.085,0.108,0.807
290600,0.083,0.108,0.809
290800,0.078,0.099,0.823
291000,0.081,0.099,0.820
291200,0.085,0.100,0.815
291400,0.077,0.118,0.805
291600,0.084,0.111,0.805
291800,0.076,0.127,0.798
292000,0.075,0.124,0.802
292200,0.069,0.122,0.809
292400,0.064,0.121,0.815
292600,0.064,0.120,0.816
292800,0.064,0.115,0.820
293000,0.063,0.117,0.819
293200,0.069,0.113,0.817
293400,0.067,0.113,0.819
293600,0.075,0.112,0.813
293800,0.076,0.109,0.815
294000,0.076,0.096,0.828
294200,0.079,0.102,0.819
294400,0.078,0.107,0.815
294600,0.078,0.105,0.817
294800,0.080,0.099,0.821
295000,0.081,0.109,0.810
295200,0.079,0.103,0.818
295400,0.079,0.095,0.826
295600,0.072,0.109,0.819
295800,0.074,0.115,0.811
296000,0.101,0.101,0.798
296200,0.099,0.092,0.809
296400,0.121,0.097,0.782
296600,0.102,0.095,0.803
296800,0.093,0.090,0.817
297000,0.090,0.092,0.818
297200,0.090,0.088,0.822
297400,0.098,0.087,0.815
297600,0.097,0.085,0.818
297800,0.094,0.082,0.824
298000,0.095,0.082,0.823
298200,0.100,0.092,0.808
298400,0.096,0.092,0.812
298600,0.092,0.097,0.811
298800,0.086,0.095,0.819
299000,0.090,0.097,0.813
299200,0.082,0.094,0.824
299400,0.093,0.095,0.812
299600,0.091,0.096,0.813
299800,0.081,0.102,0.817
300000,0.079,0.111,0.810
300200,0.082,0.096,0.822
300400,0.086,0.097,0.817
300600,0.081,0.094,0.825
300800,0.078,0.091,0.831
301000,0.093,0.094,0.813
301200,0.090,0.084,0.826
301400,0.089,0.101,0.810
301600,0.082,0.099,0.819
301800,0.075,0.114,0.811
302000,0.076,0.111,0.813
302200,0.065,0.107,0.827
302400,0.070,0.104,0.825
302600,0.065,0.112,0.822
302800,0.065,0.097,0.838
303000,0.069,0.098,0.832
303200,0.070,0.097,0.832
303400,0.088,0.093,0.819
303600,0.089,0.100,0.811
303800,0.077,0.097,0.826
304000,0.075,0.099,0.826
304200,0.072,0.093,0.836
304400,0.074,0.098,0.828
304600,0.084,0.103,0.813
304800,0.092,0.103,0.805
305000,0.090,0.097,0.813
305200,0.097,0.097,0.806
305400,0.089,0.097,0.814
305600,0.089,0.103,0.808
305800,0.092,0.105,0.803
306000,0.099,0.102,0.799
306200,0.086,0.107,0.807
306400,0.083,0.100,0.817
306600,0.088,0.100,0.812
306800,0.088,0.106,0.806
307000,0.093,0.093,0.814
307200,0.094,0.093,0.813
307400,0.087,0.087,0.826
307600,0.093,0.095,0.812
307800,0.091,0.090,0.819
308000,0.087,0.087,0.826
308200,0.090,0.085,0.825
308400,0.084,0.106,0.810
308600,0.089,0.104,0.807
308800,0.085,0.101,0.814
309000,0.087,0.097,0.816
309200,0.093,0.097,0.810
309400,0.097,0.092,0.811
309600,0.092,0.091,0.817
309800,0.091,0.097,0.812
310000,0.090,0.095,0.815
310200,0.085,0.093,0.822
310400,0.082,0.094,0.824
310600,0.082,0.099,0.819
310800,0.081,0.095,0.824
311000,0.087,0.087,0.826
311200,0.084,0.093,0.823
311400,0.089,0.093,0.818
311600,0.091,0.090,0.819
311800,0.085,0.090,0.825
312000,0.086,0.081,0.834
312200,0.084,0.080,0.837
312400,0.090,0.074,0.837
312600,0.087,0.074,0.840
312800,0.084,0.085,0.831
313000,0.079,0.086,0.836
313200,0.078,0.090,0.832
313400,0.076,0.084,0.841
313600,0.068,0.093,0.839
313800,0.080,0.088,0.832
314000,0.083,0.091,0.826
314200,0.082,0.091,0.827
314400,0.083,0.088,0.829
314600,0.086,0.083,0.831
314800,0.082,0.085,0.834
315000,0.097,0.081,0.822
315200,0.087,0.084,0.829
315400,0.083,0.084,0.834
315600,0.081,0.080,0.840
315800,0.077,0.081,0.843
316000,0.077,0.082,0.842
316200,0.077,0.078,0.846
316400,0.077,0.081,0.843
316600,0.076,0.081,0.844
316800,0.077,0.080,0.844
317000,0.080,0.076,0.845
317200,0.075,0.080,0.846
317400,0.079,0.082,0.840
317600,0.074,0.082,0.845
317800,0.081,0.082,0.838
318000,0.080,0.084,0.837
318200,0.083,0.081,0.837
318400,0.083,0.077,0.841
318600,0.089,0.089,0.822
318800,0.091,0.088,0.821
319000,0.077,0.087,0.837
319200,0.087,0.089,0.824
319400,0.082,0.083,0.836
319600,0.080,0.085,0.836
319800,0.080,0.088,0.832
320000,0.078,0.085,0.838
320200,0.073,0.089,0.839
320400,0.072,0.088,0.841
320600,0.074,0.078,0.849
320800,0.076,0.076,0.849
321000,0.080,0.075,0.846
321200,0.083,0.091,0.826
321400,0.086,0.088,0.826
321600,0.091,0.085,0.824
321800,0.092,0.083,0.825
322000,0.084,0.080,0.837
322200,0.083,0.082,0.836
322400,0.084,0.086,0.830
322600,0.088,0.088,0.824
322800,0.086,0.087,0.827
323000,0.080,0.087,0.834
323200,0.085,0.081,0.835
323400,0.086,0.078,0.837
323600,0.100,0.079,0.821
323800,0.090,0.087,0.823
324000,0.080,0.085,0.836
324200,0.077,0.085,0.839
