time,n_A+p,n_B,n_AB
100,0.030,0.968,0.002
200,0.030,0.963,0.007
300,0.030,0.962,0.008
400,0.030,0.952,0.018
500,0.030,0.953,0.017
600,0.030,0.956,0.014
700,0.030,0.953,0.017
800,0.035,0.946,0.019
900,0.034,0.937,0.030
1000,0.034,0.937,0.030
1100,0.033,0.937,0.031
1200,0.033,0.935,0.033
1300,0.033,0.928,0.039
1400,0.037,0.926,0.037
1500,0.041,0.920,0.039
1600,0.044,0.915,0.041
1700,0.047,0.904,0.049
1800,0.047,0.904,0.049
1900,0.046,0.905,0.049
2000,0.041,0.899,0.060
2100,0.039,0.902,0.059
2200,0.037,0.904,0.059
2300,0.035,0.904,0.061
2400,0.035,0.906,0.059
2500,0.036,0.904,0.060
2600,0.037,0.906,0.057
2700,0.040,0.900,0.060
2800,0.039,0.893,0.068
2900,0.057,0.850,0.093
3000,0.062,0.821,0.116
3100,0.062,0.819,0.118
3200,0.064,0.811,0.125
3300,0.057,0.802,0.141
3400,0.056,0.804,0.140
3500,0.074,0.801,0.126
3600,0.074,0.802,0.125
3700,0.077,0.799,0.125
3800,0.077,0.795,0.129
3900,0.084,0.784,0.132
4000,0.079,0.789,0.133
4100,0.089,0.780,0.131
4200,0.102,0.769,0.129
4300,0.110,0.765,0.125
4400,0.107,0.770,0.123
4500,0.102,0.755,0.143
4600,0.102,0.749,0.149
4700,0.111,0.735,0.153
4800,0.106,0.737,0.156
4900,0.110,0.735,0.154
5000,0.100,0.733,0.166
5100,0.101,0.750,0.149
5200,0.105,0.741,0.154
5300,0.100,0.736,0.163
5400,0.102,0.742,0.156
5500,0.110,0.741,0.149
5600,0.129,0.723,0.148
5700,0.129,0.719,0.152
5800,0.124,0.718,0.158
5900,0.131,0.702,0.168
6000,0.130,0.697,0.174
6100,0.142,0.680,0.178
6200,0.140,0.674,0.186
6300,0.134,0.667,0.199
6400,0.137,0.673,0.190
6500,0.129,0.692,0.180
6600,0.117,0.689,0.193
6700,0.118,0.701,0.181
6800,0.110,0.699,0.191
6900,0.107,0.689,0.203
7000,0.104,0.695,0.201
7100,0.112,0.684,0.203
7200,0.112,0.695,0.193
7300,0.117,0.706,0.177
7400,0.110,0.688,0.201
7500,0.111,0.695,0.194
7600,0.127,0.691,0.183
7700,0.120,0.697,0.184
7800,0.125,0.686,0.189
7900,0.125,0.675,0.200
8000,0.130,0.671,0.199
8100,0.117,0.676,0.206
8200,0.123,0.664,0.213
8300,0.125,0.659,0.217
8400,0.128,0.674,0.198
8500,0.126,0.672,0.202
8600,0.143,0.673,0.184
8700,0.148,0.673,0.179
8800,0.148,0.668,0.184
8900,0.160,0.650,0.190
9000,0.164,0.640,0.195
9100,0.162,0.627,0.210
9200,0.158,0.637,0.204
9300,0.166,0.626,0.207
9400,0.156,0.650,0.194
9500,0.156,0.637,0.206
9600,0.165,0.644,0.191
9700,0.158,0.642,0.199
9800,0.158,0.658,0.184
9900,0.161,0.654,0.185
10000,0.147,0.655,0.198
10100,0.151,0.650,0.199
10200,0.142,0.660,0.198
10300,0.132,0.665,0.203
10400,0.133,0.679,0.188
10500,0.127,0.664,0.209
10600,0.124,0.662,0.215
10700,0.122,0.668,0.210
10800,0.134,0.683,0.183
10900,0.122,0.687,0.191
11000,0.130,0.674,0.196
11100,0.129,0.666,0.205
11200,0.139,0.651,0.210
11300,0.147,0.642,0.210
11400,0.144,0.658,0.198
11500,0.143,0.653,0.204
11600,0.138,0.648,0.215
11700,0.141,0.638,0.221
11800,0.148,0.638,0.213
11900,0.164,0.621,0.215
12000,0.187,0.599,0.215
12100,0.186,0.605,0.209
12200,0.196,0.605,0.199
12300,0.193,0.593,0.213
12400,0.186,0.597,0.218
12500,0.200,0.573,0.227
12600,0.190,0.574,0.236
12700,0.188,0.576,0.236
12800,0.184,0.582,0.234
12900,0.177,0.584,0.239
13000,0.184,0.580,0.236
13100,0.183,0.582,0.235
13200,0.191,0.584,0.225
13300,0.179,0.604,0.218
13400,0.183,0.605,0.212
13500,0.178,0.585,0.237
13600,0.192,0.564,0.244
13700,0.192,0.560,0.248
13800,0.192,0.566,0.242
13900,0.196,0.564,0.240
14000,0.193,0.570,0.237
14100,0.190,0.567,0.243
14200,0.191,0.569,0.240
14300,0.189,0.571,0.240
14400,0.191,0.591,0.218
14500,0.175,0.612,0.213
14600,0.177,0.605,0.219
14700,0.169,0.592,0.239
14800,0.166,0.587,0.246
14900,0.168,0.602,0.231
15000,0.173,0.592,0.235
15100,0.166,0.606,0.228
15200,0.171,0.605,0.225
15300,0.166,0.600,0.234
15400,0.166,0.594,0.239
15500,0.161,0.607,0.232
15600,0.170,0.602,0.229
15700,0.178,0.599,0.224
15800,0.179,0.588,0.233
15900,0.171,0.596,0.234
16000,0.174,0.581,0.245
16100,0.175,0.590,0.235
16200,0.176,0.596,0.229
16300,0.175,0.594,0.231
16400,0.179,0.587,0.234
16500,0.201,0.585,0.213
16600,0.212,0.577,0.210
16700,0.217,0.565,0.219
16800,0.217,0.556,0.228
16900,0.212,0.551,0.237
17000,0.203,0.541,0.255
17100,0.180,0.560,0.260
17200,0.198,0.551,0.251
17300,0.191,0.545,0.264
17400,0.195,0.558,0.247
17500,0.195,0.553,0.252
17600,0.187,0.543,0.270
17700,0.206,0.527,0.267
17800,0.208,0.518,0.274
17900,0.195,0.512,0.293
18000,0.205,0.511,0.284
18100,0.208,0.527,0.265
18200,0.210,0.517,0.273
18300,0.229,0.495,0.276
18400,0.228,0.495,0.277
18500,0.221,0.519,0.260
18600,0.223,0.528,0.249
18700,0.218,0.524,0.258
18800,0.242,0.510,0.248
18900,0.230,0.512,0.258
19000,0.222,0.513,0.266
19100,0.226,0.516,0.258
19200,0.233,0.497,0.270
19300,0.239,0.498,0.263
19400,0.237,0.493,0.270
19500,0.233,0.506,0.261
19600,0.247,0.498,0.254
19700,0.266,0.481,0.253
19800,0.263,0.474,0.264
19900,0.259,0.471,0.270
20000,0.266,0.478,0.256
20100,0.244,0.486,0.270
20200,0.246,0.481,0.273
20300,0.236,0.503,0.261
20400,0.250,0.504,0.246
20500,0.247,0.495,0.257
20600,0.248,0.499,0.252
20700,0.245,0.506,0.249
20800,0.254,0.493,0.252
20900,0.254,0.484,0.261
21000,0.259,0.479,0.261
21100,0.253,0.467,0.280
21200,0.255,0.469,0.276
21300,0.244,0.468,0.288
21400,0.242,0.472,0.286
21500,0.259,0.470,0.271
21600,0.261,0.471,0.268
21700,0.261,0.482,0.256
21800,0.256,0.491,0.252
21900,0.256,0.484,0.259
22000,0.245,0.483,0.272
22100,0.241,0.478,0.281
22200,0.239,0.482,0.279
22300,0.253,0.476,0.271
22400,0.247,0.482,0.271
22500,0.251,0.483,0.266
22600,0.264,0.479,0.257
22700,0.247,0.468,0.285
22800,0.251,0.467,0.282
22900,0.236,0.454,0.311
23000,0.225,0.468,0.307
23100,0.227,0.467,0.306
23200,0.232,0.469,0.299
23300,0.229,0.472,0.299
23400,0.236,0.503,0.261
23500,0.227,0.494,0.279
23600,0.233,0.504,0.264
23700,0.234,0.503,0.264
23800,0.247,0.494,0.258
23900,0.249,0.488,0.263
24000,0.248,0.479,0.273
24100,0.260,0.464,0.276
24200,0.260,0.477,0.263
24300,0.254,0.473,0.273
24400,0.259,0.473,0.268
24500,0.251,0.467,0.282
24600,0.258,0.465,0.277
24700,0.263,0.470,0.268
24800,0.263,0.461,0.277
24900,0.267,0.465,0.269
25000,0.273,0.461,0.267
25100,0.260,0.468,0.272
25200,0.277,0.464,0.259
25300,0.283,0.459,0.258
25400,0.282,0.456,0.263
25500,0.274,0.457,0.270
25600,0.266,0.438,0.296
25700,0.267,0.438,0.295
25800,0.255,0.450,0.294
25900,0.258,0.451,0.290
26000,0.259,0.454,0.287
26100,0.242,0.462,0.296
26200,0.249,0.459,0.292
26300,0.248,0.455,0.297
26400,0.283,0.428,0.289
26500,0.284,0.426,0.290
26600,0.299,0.417,0.284
26700,0.296,0.412,0.292
26800,0.294,0.402,0.303
26900,0.280,0.398,0.322
27000,0.295,0.395,0.309
27100,0.320,0.392,0.288
27200,0.318,0.381,0.301
27300,0.329,0.376,0.295
27400,0.338,0.376,0.286
27500,0.341,0.380,0.279
27600,0.334,0.386,0.280
27700,0.335,0.391,0.274
27800,0.335,0.396,0.269
27900,0.347,0.394,0.258
28000,0.334,0.394,0.272
28100,0.338,0.383,0.279
28200,0.339,0.383,0.278
28300,0.343,0.382,0.275
28400,0.365,0.369,0.267
28500,0.363,0.368,0.270
28600,0.373,0.355,0.272
28700,0.378,0.362,0.260
28800,0.368,0.365,0.268
28900,0.342,0.382,0.276
29000,0.339,0.366,0.295
29100,0.339,0.355,0.305
29200,0.342,0.362,0.296
29300,0.352,0.352,0.295
29400,0.345,0.362,0.293
29500,0.348,0.362,0.290
29600,0.352,0.370,0.278
29700,0.339,0.374,0.287
29800,0.323,0.380,0.297
29900,0.322,0.377,0.301
30000,0.309,0.381,0.309
30100,0.307,0.372,0.321
30200,0.296,0.380,0.324
30300,0.313,0.385,0.302
30400,0.332,0.372,0.296
30500,0.326,0.380,0.294
30600,0.312,0.389,0.299
30700,0.305,0.388,0.306
30800,0.306,0.383,0.311
30900,0.317,0.386,0.297
31000,0.319,0.382,0.299
31100,0.319,0.393,0.288
31200,0.323,0.407,0.271
31300,0.308,0.417,0.275
31400,0.297,0.404,0.298
31500,0.295,0.404,0.300
31600,0.294,0.418,0.288
31700,0.308,0.409,0.283
31800,0.308,0.406,0.286
31900,0.297,0.417,0.286
32000,0.304,0.419,0.277
32100,0.306,0.415,0.279
32200,0.277,0.424,0.299
32300,0.298,0.429,0.273
32400,0.285,0.430,0.285
32500,0.281,0.429,0.290
32600,0.282,0.420,0.298
32700,0.295,0.413,0.292
32800,0.307,0.419,0.274
32900,0.304,0.399,0.296
33000,0.292,0.397,0.311
33100,0.291,0.394,0.315
33200,0.294,0.394,0.312
33300,0.295,0.390,0.315
33400,0.324,0.388,0.288
33500,0.323,0.397,0.280
33600,0.329,0.398,0.273
33700,0.321,0.392,0.287
33800,0.313,0.390,0.297
33900,0.306,0.395,0.298
34000,0.304,0.394,0.301
34100,0.305,0.397,0.297
34200,0.305,0.386,0.308
34300,0.302,0.383,0.315
34400,0.322,0.377,0.301
34500,0.324,0.379,0.297
34600,0.326,0.390,0.284
34700,0.328,0.383,0.289
34800,0.346,0.370,0.284
34900,0.333,0.364,0.303
35000,0.334,0.372,0.294
35100,0.349,0.349,0.301
35200,0.350,0.356,0.293
35300,0.356,0.356,0.287
35400,0.370,0.343,0.287
35500,0.355,0.353,0.291
35600,0.345,0.351,0.303
35700,0.347,0.341,0.312
35800,0.329,0.366,0.305
35900,0.334,0.366,0.300
36000,0.327,0.367,0.306
36100,0.334,0.364,0.302
36200,0.333,0.370,0.297
36300,0.330,0.367,0.303
36400,0.322,0.364,0.315
36500,0.324,0.377,0.299
36600,0.323,0.377,0.300
36700,0.325,0.364,0.312
36800,0.332,0.356,0.312
36900,0.333,0.358,0.309
37000,0.339,0.364,0.297
37100,0.352,0.355,0.292
37200,0.351,0.359,0.290
37300,0.350,0.361,0.289
37400,0.341,0.353,0.305
37500,0.346,0.354,0.299
37600,0.353,0.351,0.295
37700,0.360,0.351,0.289
37800,0.341,0.355,0.303
37900,0.337,0.354,0.308
38000,0.321,0.363,0.317
38100,0.316,0.374,0.311
38200,0.328,0.372,0.300
38300,0.315,0.394,0.291
38400,0.313,0.384,0.303
38500,0.314,0.387,0.299
38600,0.308,0.387,0.304
38700,0.320,0.384,0.296
38800,0.316,0.381,0.303
38900,0.322,0.373,0.305
39000,0.328,0.369,0.303
39100,0.332,0.361,0.307
39200,0.341,0.360,0.299
39300,0.349,0.353,0.297
39400,0.347,0.359,0.294
39500,0.337,0.368,0.295
39600,0.338,0.373,0.289
39700,0.337,0.365,0.298
39800,0.342,0.359,0.299
39900,0.350,0.353,0.296
40000,0.351,0.350,0.298
40100,0.346,0.353,0.300
40200,0.351,0.363,0.286
40300,0.351,0.358,0.291
40400,0.353,0.355,0.291
40500,0.350,0.353,0.296
40600,0.351,0.350,0.298
40700,0.366,0.344,0.290
40800,0.346,0.380,0.274
40900,0.347,0.371,0.282
41000,0.347,0.372,0.281
41100,0.346,0.363,0.291
41200,0.340,0.352,0.307
41300,0.364,0.349,0.287
41400,0.382,0.344,0.274
41500,0.390,0.349,0.260
41600,0.394,0.343,0.263
41700,0.387,0.346,0.267
41800,0.380,0.346,0.274
41900,0.383,0.332,0.285
42000,0.388,0.332,0.280
42100,0.376,0.324,0.300
42200,0.378,0.329,0.293
42300,0.387,0.330,0.283
42400,0.400,0.321,0.279
42500,0.398,0.324,0.278
42600,0.393,0.329,0.278
42700,0.392,0.330,0.278
42800,0.392,0.327,0.281
42900,0.390,0.322,0.288
43000,0.393,0.318,0.289
43100,0.407,0.327,0.267
43200,0.406,0.330,0.265
43300,0.396,0.326,0.278
43400,0.387,0.331,0.282
43500,0.404,0.321,0.275
43600,0.420,0.308,0.272
43700,0.416,0.303,0.281
43800,0.406,0.311,0.284
43900,0.406,0.309,0.285
44000,0.406,0.307,0.287
44100,0.409,0.319,0.273
44200,0.412,0.313,0.276
44300,0.406,0.314,0.281
44400,0.410,0.325,0.266
44500,0.408,0.319,0.274
44600,0.419,0.321,0.260
44700,0.422,0.316,0.263
44800,0.417,0.315,0.269
44900,0.410,0.307,0.283
45000,0.408,0.311,0.282
45100,0.430,0.297,0.273
45200,0.437,0.294,0.269
45300,0.439,0.291,0.270
45400,0.437,0.292,0.271
45500,0.436,0.292,0.272
45600,0.417,0.295,0.288
45700,0.414,0.296,0.290
45800,0.411,0.296,0.293
45900,0.413,0.290,0.297
46000,0.420,0.291,0.289
46100,0.427,0.284,0.289
46200,0.435,0.273,0.292
46300,0.450,0.267,0.283
46400,0.466,0.267,0.268
46500,0.467,0.271,0.263
46600,0.463,0.275,0.263
46700,0.459,0.268,0.274
46800,0.466,0.267,0.268
46900,0.464,0.266,0.271
47000,0.476,0.250,0.274
47100,0.483,0.249,0.268
47200,0.480,0.258,0.261
47300,0.478,0.259,0.263
47400,0.481,0.254,0.265
47500,0.496,0.251,0.252
47600,0.504,0.256,0.240
47700,0.501,0.253,0.246
47800,0.494,0.251,0.254
47900,0.507,0.249,0.244
48000,0.514,0.248,0.238
48100,0.522,0.244,0.234
48200,0.511,0.250,0.239
48300,0.497,0.250,0.252
48400,0.497,0.247,0.255
48500,0.496,0.252,0.251
48600,0.498,0.243,0.258
48700,0.498,0.243,0.258
48800,0.507,0.240,0.253
48900,0.514,0.240,0.246
49000,0.520,0.241,0.239
49100,0.526,0.235,0.239
49200,0.530,0.233,0.237
49300,0.534,0.232,0.234
49400,0.535,0.232,0.233
49500,0.546,0.227,0.227
49600,0.546,0.221,0.233
49700,0.553,0.217,0.231
49800,0.551,0.216,0.234
49900,0.551,0.217,0.233
50000,0.560,0.217,0.224
50100,0.567,0.216,0.218
50200,0.572,0.213,0.215
50300,0.590,0.204,0.205
50400,0.598,0.202,0.200
50500,0.602,0.205,0.193
50600,0.599,0.204,0.197
50700,0.596,0.206,0.198
50800,0.594,0.199,0.206
50900,0.598,0.197,0.205
51000,0.600,0.196,0.204
51100,0.604,0.194,0.202
51200,0.605,0.192,0.203
51300,0.605,0.192,0.203
51400,0.602,0.191,0.207
51500,0.602,0.189,0.209
51600,0.606,0.190,0.204
51700,0.600,0.191,0.209
51800,0.606,0.192,0.202
51900,0.604,0.194,0.202
52000,0.612,0.195,0.193
52100,0.614,0.199,0.187
52200,0.612,0.198,0.190
52300,0.593,0.219,0.188
52400,0.589,0.220,0.191
52500,0.585,0.216,0.199
52600,0.575,0.215,0.210
52700,0.578,0.213,0.208
52800,0.571,0.216,0.213
52900,0.570,0.211,0.219
53000,0.575,0.208,0.217
53100,0.575,0.211,0.213
53200,0.577,0.212,0.210
53300,0.571,0.212,0.217
53400,0.569,0.208,0.223
53500,0.563,0.206,0.231
53600,0.554,0.212,0.234
53700,0.568,0.213,0.219
53800,0.578,0.215,0.207
53900,0.578,0.216,0.206
54000,0.577,0.207,0.216
54100,0.589,0.204,0.206
54200,0.587,0.202,0.210
54300,0.603,0.197,0.200
54400,0.606,0.201,0.193
54500,0.604,0.209,0.187
54600,0.607,0.204,0.189
54700,0.609,0.197,0.194
54800,0.624,0.197,0.179
54900,0.621,0.193,0.186
55000,0.624,0.191,0.185
55100,0.630,0.191,0.179
55200,0.625,0.193,0.182
55300,0.629,0.192,0.179
55400,0.636,0.192,0.172
55500,0.640,0.190,0.170
55600,0.642,0.187,0.171
55700,0.644,0.184,0.173
55800,0.639,0.188,0.173
55900,0.637,0.190,0.173
56000,0.609,0.191,0.200
56100,0.607,0.193,0.200
56200,0.609,0.194,0.197
56300,0.609,0.192,0.199
56400,0.613,0.185,0.202
56500,0.616,0.185,0.199
56600,0.622,0.182,0.196
56700,0.621,0.179,0.200
56800,0.621,0.190,0.189
56900,0.617,0.188,0.195
57000,0.628,0.181,0.191
57100,0.634,0.180,0.186
57200,0.649,0.174,0.178
57300,0.658,0.174,0.169
57400,0.654,0.176,0.171
57500,0.636,0.178,0.186
57600,0.641,0.175,0.184
57700,0.650,0.173,0.178
57800,0.650,0.170,0.181
57900,0.652,0.169,0.180
58000,0.658,0.168,0.175
58100,0.656,0.168,0.177
58200,0.654,0.171,0.176
58300,0.650,0.179,0.172
58400,0.644,0.186,0.171
58500,0.631,0.191,0.178
58600,0.619,0.197,0.184
58700,0.624,0.197,0.179
58800,0.625,0.194,0.181
58900,0.620,0.187,0.193
59000,0.623,0.187,0.190
59100,0.617,0.193,0.190
59200,0.618,0.192,0.190
59300,0.623,0.188,0.189
59400,0.621,0.185,0.194
59500,0.627,0.186,0.187
59600,0.623,0.178,0.199
59700,0.620,0.174,0.206
59800,0.617,0.172,0.211
59900,0.604,0.184,0.212
60000,0.603,0.184,0.213
60100,0.600,0.190,0.210
60200,0.612,0.186,0.202
60300,0.609,0.192,0.199
60400,0.606,0.193,0.201
60500,0.609,0.194,0.197
60600,0.611,0.198,0.191
60700,0.613,0.197,0.190
60800,0.605,0.198,0.197
60900,0.610,0.193,0.197
61000,0.616,0.191,0.193
61100,0.615,0.202,0.183
61200,0.618,0.197,0.185
61300,0.620,0.199,0.181
61400,0.611,0.210,0.179
61500,0.599,0.222,0.180
61600,0.599,0.220,0.182
61700,0.603,0.203,0.194
61800,0.604,0.203,0.193
61900,0.601,0.204,0.195
62000,0.596,0.212,0.192
62100,0.596,0.208,0.196
62200,0.603,0.202,0.195
62300,0.612,0.206,0.182
62400,0.614,0.210,0.176
62500,0.608,0.210,0.182
62600,0.602,0.207,0.191
62700,0.592,0.206,0.201
62800,0.598,0.199,0.203
62900,0.599,0.197,0.204
63000,0.599,0.197,0.204
63100,0.587,0.199,0.213
63200,0.573,0.200,0.227
63300,0.567,0.206,0.227
63400,0.567,0.201,0.232
63500,0.558,0.209,0.233
63600,0.547,0.213,0.239
63700,0.547,0.205,0.247
63800,0.547,0.203,0.249
63900,0.549,0.207,0.244
64000,0.544,0.206,0.249
64100,0.535,0.219,0.246
64200,0.545,0.211,0.243
64300,0.545,0.209,0.245
64400,0.551,0.204,0.245
64500,0.540,0.211,0.248
64600,0.544,0.204,0.251
64700,0.557,0.202,0.241
64800,0.555,0.197,0.248
64900,0.559,0.196,0.245
65000,0.575,0.192,0.233
65100,0.565,0.194,0.241
65200,0.558,0.205,0.237
65300,0.549,0.199,0.252
65400,0.560,0.200,0.240
65500,0.562,0.196,0.242
65600,0.561,0.190,0.249
65700,0.572,0.184,0.244
65800,0.591,0.179,0.230
65900,0.606,0.173,0.222
66000,0.607,0.171,0.223
66100,0.610,0.174,0.217
66200,0.610,0.177,0.213
66300,0.612,0.174,0.215
66400,0.605,0.173,0.223
66500,0.605,0.173,0.223
66600,0.606,0.176,0.219
66700,0.621,0.171,0.208
66800,0.617,0.170,0.213
66900,0.611,0.172,0.218
67000,0.618,0.172,0.210
67100,0.609,0.178,0.213
67200,0.606,0.182,0.212
67300,0.601,0.175,0.225
67400,0.591,0.175,0.234
67500,0.588,0.175,0.237
67600,0.602,0.176,0.223
67700,0.594,0.178,0.228
67800,0.603,0.183,0.215
67900,0.603,0.187,0.210
68000,0.597,0.201,0.202
68100,0.600,0.193,0.207
68200,0.601,0.192,0.207
68300,0.608,0.192,0.200
68400,0.602,0.194,0.204
68500,0.609,0.192,0.199
68600,0.609,0.193,0.198
68700,0.611,0.190,0.199
68800,0.609,0.189,0.202
68900,0.602,0.186,0.212
69000,0.591,0.187,0.222
69100,0.585,0.187,0.228
69200,0.584,0.188,0.228
69300,0.580,0.204,0.216
69400,0.578,0.206,0.216
69500,0.578,0.202,0.220
69600,0.587,0.193,0.220
69700,0.589,0.196,0.215
69800,0.590,0.186,0.224
69900,0.597,0.193,0.210
70000,0.588,0.193,0.219
70100,0.588,0.189,0.223
70200,0.593,0.184,0.223
70300,0.591,0.179,0.230
70400,0.599,0.184,0.218
70500,0.594,0.179,0.227
70600,0.591,0.185,0.224
70700,0.566,0.187,0.247
70800,0.542,0.190,0.268
70900,0.550,0.191,0.259
71000,0.545,0.190,0.265
71100,0.531,0.198,0.271
71200,0.538,0.193,0.269
71300,0.553,0.189,0.258
71400,0.558,0.187,0.255
71500,0.565,0.184,0.251
71600,0.577,0.186,0.237
71700,0.587,0.196,0.217
71800,0.593,0.190,0.217
71900,0.606,0.188,0.206
72000,0.604,0.187,0.209
72100,0.606,0.184,0.210
72200,0.605,0.185,0.210
72300,0.606,0.178,0.217
72400,0.611,0.180,0.209
72500,0.601,0.187,0.212
72600,0.592,0.191,0.217
72700,0.570,0.219,0.211
72800,0.563,0.212,0.225
72900,0.567,0.216,0.218
73000,0.564,0.203,0.233
73100,0.567,0.195,0.238
73200,0.567,0.201,0.232
73300,0.564,0.198,0.238
73400,0.564,0.201,0.235
73500,0.562,0.201,0.237
73600,0.556,0.209,0.235
73700,0.558,0.205,0.237
73800,0.568,0.209,0.223
73900,0.560,0.203,0.237
74000,0.562,0.203,0.235
74100,0.563,0.199,0.238
74200,0.576,0.198,0.226
74300,0.571,0.198,0.231
74400,0.566,0.191,0.243
74500,0.568,0.191,0.241
74600,0.564,0.187,0.249
74700,0.566,0.188,0.246
74800,0.571,0.187,0.242
74900,0.562,0.191,0.247
75000,0.564,0.180,0.256
75100,0.557,0.204,0.239
75200,0.558,0.206,0.236
75300,0.563,0.204,0.233
75400,0.564,0.203,0.233
75500,0.570,0.198,0.232
75600,0.570,0.201,0.229
75700,0.566,0.198,0.236
75800,0.567,0.195,0.238
75900,0.574,0.191,0.235
76000,0.581,0.187,0.232
76100,0.584,0.180,0.236
76200,0.590,0.176,0.234
76300,0.605,0.163,0.232
76400,0.606,0.169,0.226
76500,0.608,0.168,0.225
76600,0.606,0.166,0.228
76700,0.613,0.169,0.219
76800,0.615,0.166,0.219
76900,0.618,0.170,0.212
77000,0.617,0.168,0.216
77100,0.624,0.165,0.210
77200,0.618,0.165,0.217
77300,0.617,0.163,0.220
77400,0.617,0.164,0.219
77500,0.632,0.163,0.204
77600,0.641,0.159,0.199
77700,0.641,0.162,0.196
77800,0.649,0.157,0.194
77900,0.656,0.154,0.190
78000,0.656,0.156,0.188
78100,0.657,0.157,0.186
78200,0.663,0.153,0.184
78300,0.664,0.147,0.189
78400,0.669,0.147,0.184
78500,0.662,0.144,0.194
78600,0.671,0.143,0.186
78700,0.676,0.141,0.183
78800,0.683,0.140,0.177
78900,0.681,0.144,0.175
79000,0.677,0.142,0.181
79100,0.686,0.144,0.170
79200,0.682,0.146,0.172
79300,0.683,0.145,0.172
79400,0.676,0.146,0.178
79500,0.666,0.142,0.192
79600,0.664,0.141,0.195
79700,0.664,0.143,0.193
79800,0.638,0.151,0.210
79900,0.638,0.150,0.211
80000,0.634,0.151,0.215
80100,0.633,0.148,0.219
80200,0.634,0.151,0.215
80300,0.632,0.149,0.219
80400,0.636,0.144,0.220
80500,0.655,0.144,0.201
80600,0.654,0.144,0.202
80700,0.648,0.144,0.208
80800,0.642,0.144,0.213
80900,0.647,0.142,0.211
81000,0.650,0.148,0.202
81100,0.648,0.148,0.204
81200,0.653,0.154,0.193
81300,0.652,0.156,0.192
81400,0.659,0.156,0.185
81500,0.658,0.156,0.186
81600,0.646,0.163,0.191
81700,0.646,0.159,0.195
81800,0.640,0.161,0.198
81900,0.651,0.161,0.188
82000,0.652,0.166,0.182
82100,0.642,0.168,0.190
82200,0.645,0.166,0.189
82300,0.644,0.169,0.188
82400,0.645,0.160,0.195
82500,0.652,0.160,0.188
82600,0.651,0.162,0.187
82700,0.648,0.159,0.193
82800,0.650,0.160,0.190
82900,0.652,0.157,0.191
83000,0.653,0.161,0.186
83100,0.644,0.172,0.185
83200,0.638,0.170,0.192
83300,0.637,0.166,0.196
83400,0.640,0.171,0.189
83500,0.646,0.164,0.190
83600,0.648,0.166,0.186
83700,0.648,0.165,0.187
83800,0.651,0.164,0.185
83900,0.647,0.161,0.192
84000,0.651,0.159,0.190
84100,0.639,0.162,0.198
84200,0.640,0.162,0.197
84300,0.638,0.173,0.189
84400,0.635,0.175,0.190
84500,0.631,0.175,0.194
84600,0.627,0.177,0.196
84700,0.612,0.185,0.203
84800,0.623,0.176,0.201
84900,0.625,0.172,0.203
85000,0.585,0.184,0.231
85100,0.577,0.185,0.238
85200,0.582,0.187,0.231
85300,0.579,0.183,0.238
85400,0.577,0.185,0.238
85500,0.580,0.192,0.228
85600,0.574,0.189,0.237
85700,0.581,0.192,0.227
85800,0.575,0.191,0.234
85900,0.582,0.190,0.228
86000,0.579,0.188,0.233
86100,0.582,0.184,0.234
86200,0.578,0.188,0.234
86300,0.571,0.185,0.244
86400,0.561,0.183,0.256
86500,0.556,0.184,0.260
86600,0.555,0.185,0.260
86700,0.558,0.182,0.260
86800,0.558,0.185,0.257
86900,0.565,0.181,0.254
87000,0.558,0.182,0.260
87100,0.558,0.182,0.260
87200,0.565,0.204,0.231
87300,0.559,0.200,0.241
87400,0.560,0.207,0.233
87500,0.558,0.208,0.234
87600,0.564,0.199,0.237
87700,0.563,0.206,0.231
87800,0.558,0.204,0.238
87900,0.554,0.215,0.232
88000,0.565,0.218,0.218
88100,0.558,0.218,0.225
88200,0.555,0.213,0.232
88300,0.555,0.220,0.226
88400,0.557,0.225,0.219
88500,0.553,0.217,0.231
88600,0.550,0.210,0.240
88700,0.563,0.210,0.227
88800,0.567,0.218,0.216
88900,0.574,0.217,0.209
89000,0.582,0.208,0.209
89100,0.584,0.209,0.206
89200,0.592,0.197,0.210
89300,0.584,0.182,0.234
89400,0.598,0.177,0.226
89500,0.598,0.184,0.219
89600,0.598,0.178,0.225
89700,0.574,0.186,0.240
89800,0.582,0.175,0.243
89900,0.576,0.176,0.248
90000,0.584,0.179,0.237
90100,0.594,0.182,0.224
90200,0.590,0.174,0.236
90300,0.584,0.187,0.229
90400,0.586,0.184,0.230
90500,0.585,0.175,0.240
90600,0.589,0.176,0.235
90700,0.590,0.179,0.231
90800,0.599,0.176,0.226
90900,0.608,0.176,0.217
91000,0.610,0.169,0.222
91100,0.616,0.172,0.212
91200,0.618,0.168,0.215
91300,0.616,0.166,0.218
91400,0.619,0.163,0.218
91500,0.627,0.165,0.207
91600,0.632,0.164,0.203
91700,0.634,0.165,0.200
91800,0.642,0.165,0.192
91900,0.641,0.170,0.189
92000,0.651,0.163,0.186
92100,0.644,0.163,0.193
92200,0.640,0.164,0.195
92300,0.646,0.161,0.193
92400,0.641,0.160,0.198
92500,0.637,0.168,0.195
92600,0.642,0.164,0.193
92700,0.642,0.162,0.195
92800,0.649,0.163,0.188
92900,0.651,0.162,0.187
93000,0.649,0.160,0.191
93100,0.644,0.159,0.197
93200,0.637,0.156,0.206
93300,0.631,0.157,0.211
93400,0.624,0.157,0.219
93500,0.622,0.153,0.225
93600,0.619,0.156,0.225
93700,0.624,0.156,0.220
93800,0.635,0.158,0.206
93900,0.642,0.151,0.206
94000,0.640,0.149,0.210
94100,0.638,0.150,0.211
94200,0.647,0.146,0.207
94300,0.653,0.146,0.201
94400,0.654,0.146,0.200
94500,0.658,0.150,0.192
94600,0.662,0.146,0.192
94700,0.664,0.141,0.195
94800,0.663,0.149,0.188
94900,0.665,0.148,0.187
95000,0.675,0.148,0.177
95100,0.681,0.145,0.174
95200,0.691,0.146,0.163
95300,0.683,0.162,0.154
95400,0.686,0.160,0.153
95500,0.689,0.160,0.150
95600,0.696,0.158,0.146
95700,0.697,0.161,0.142
95800,0.698,0.160,0.142
95900,0.714,0.146,0.140
96000,0.717,0.142,0.141
96100,0.717,0.142,0.141
96200,0.712,0.143,0.145
96300,0.715,0.141,0.144
96400,0.714,0.139,0.147
96500,0.710,0.141,0.149
96600,0.714,0.142,0.144
96700,0.706,0.144,0.150
96800,0.707,0.140,0.153
96900,0.709,0.139,0.152
97000,0.711,0.139,0.150
97100,0.712,0.139,0.149
97200,0.714,0.136,0.150
97300,0.716,0.136,0.148
97400,0.715,0.136,0.149
97500,0.712,0.138,0.150
97600,0.712,0.136,0.152
97700,0.712,0.142,0.146
97800,0.712,0.142,0.146
97900,0.709,0.140,0.151
98000,0.712,0.140,0.148
98100,0.709,0.141,0.150
98200,0.707,0.140,0.153
98300,0.709,0.137,0.154
98400,0.718,0.136,0.146
98500,0.705,0.133,0.162
98600,0.707,0.131,0.162
98700,0.704,0.131,0.165
98800,0.697,0.133,0.171
98900,0.697,0.133,0.171
99000,0.696,0.127,0.178
99100,0.698,0.126,0.177
99200,0.700,0.125,0.176
99300,0.695,0.129,0.177
99400,0.695,0.128,0.178
99500,0.693,0.128,0.180
99600,0.699,0.128,0.174
99700,0.700,0.129,0.172
99800,0.703,0.126,0.172
99900,0.706,0.132,0.162
100000,0.707,0.130,0.163
