time,n_A+p,n_B,n_AB
500,0.050,0.150,0.800
1000,0.079,0.086,0.835
1500,0.597,0.000,0.403
2000,0.740,0.000,0.260
2500,0.822,0.000,0.178
3000,0.792,0.000,0.208
3500,0.736,0.000,0.264
4000,0.768,0.000,0.232
4500,0.882,0.000,0.118
5000,0.828,0.000,0.172
5500,0.894,0.000,0.106
6000,0.851,0.000,0.149
6500,0.911,0.000,0.089
7000,0.934,0.000,0.066
7500,0.996,0.000,0.004
8000,1.000,0.000,0.000
