time,n_A+p,n_B,n_AB
100,0.371,0.478,0.150
200,0.316,0.420,0.264
300,0.273,0.385,0.342
400,0.253,0.365,0.382
500,0.229,0.357,0.414
600,0.219,0.335,0.445
700,0.201,0.329,0.469
800,0.193,0.334,0.473
900,0.179,0.336,0.485
1000,0.168,0.320,0.513
1100,0.163,0.326,0.511
1200,0.152,0.333,0.515
1300,0.149,0.340,0.511
1400,0.144,0.299,0.557
1500,0.139,0.288,0.573
1600,0.133,0.278,0.589
1700,0.139,0.257,0.604
1800,0.125,0.259,0.616
1900,0.125,0.248,0.627
2000,0.130,0.244,0.626
2100,0.130,0.217,0.653
2200,0.129,0.212,0.659
2300,0.123,0.229,0.648
2400,0.120,0.211,0.668
2500,0.125,0.232,0.644
2600,0.105,0.250,0.645
2700,0.098,0.243,0.659
2800,0.100,0.282,0.618
2900,0.093,0.276,0.631
3000,0.089,0.321,0.590
3100,0.083,0.326,0.591
3200,0.079,0.320,0.601
3300,0.081,0.308,0.611
3400,0.072,0.313,0.615
3500,0.072,0.296,0.632
3600,0.074,0.262,0.664
3700,0.068,0.275,0.657
3800,0.068,0.275,0.657
3900,0.075,0.283,0.642
4000,0.075,0.281,0.645
4100,0.075,0.295,0.630
4200,0.076,0.282,0.642
4300,0.072,0.285,0.644
4400,0.077,0.261,0.662
4500,0.077,0.295,0.629
4600,0.052,0.317,0.631
4700,0.056,0.346,0.598
4800,0.055,0.342,0.603
4900,0.052,0.343,0.605
5000,0.047,0.340,0.614
5100,0.041,0.374,0.586
5200,0.041,0.399,0.561
5300,0.040,0.414,0.547
5400,0.036,0.426,0.538
5500,0.042,0.429,0.529
5600,0.039,0.403,0.558
5700,0.040,0.381,0.579
5800,0.040,0.387,0.573
5900,0.040,0.391,0.569
6000,0.034,0.346,0.620
6100,0.044,0.326,0.630
6200,0.038,0.320,0.642
6300,0.033,0.332,0.635
6400,0.049,0.335,0.615
6500,0.048,0.335,0.616
6600,0.045,0.328,0.627
6700,0.044,0.334,0.623
6800,0.040,0.352,0.609
6900,0.034,0.362,0.604
7000,0.028,0.366,0.607
7100,0.029,0.375,0.595
7200,0.031,0.405,0.564
7300,0.029,0.399,0.572
7400,0.036,0.391,0.573
7500,0.034,0.391,0.576
7600,0.033,0.409,0.558
7700,0.031,0.430,0.540
7800,0.029,0.437,0.535
7900,0.026,0.430,0.544
8000,0.024,0.446,0.529
8100,0.026,0.459,0.515
8200,0.023,0.447,0.530
8300,0.023,0.458,0.519
8400,0.023,0.460,0.517
8500,0.025,0.476,0.499
8600,0.022,0.468,0.510
8700,0.022,0.497,0.481
8800,0.020,0.469,0.511
8900,0.019,0.487,0.494
9000,0.017,0.478,0.505
9100,0.016,0.497,0.487
9200,0.017,0.490,0.493
9300,0.016,0.497,0.487
9400,0.020,0.462,0.519
9500,0.023,0.435,0.542
9600,0.020,0.426,0.554
9700,0.018,0.421,0.561
9800,0.019,0.424,0.557
9900,0.019,0.432,0.549
10000,0.022,0.414,0.564
10100,0.019,0.419,0.562
10200,0.019,0.439,0.542
10300,0.019,0.408,0.573
10400,0.020,0.418,0.562
10500,0.019,0.429,0.552
10600,0.016,0.442,0.542
10700,0.016,0.473,0.511
10800,0.015,0.487,0.498
10900,0.016,0.483,0.501
11000,0.016,0.485,0.498
11100,0.021,0.467,0.512
11200,0.016,0.455,0.529
11300,0.018,0.442,0.540
11400,0.017,0.445,0.538
11500,0.022,0.431,0.547
11600,0.024,0.469,0.507
11700,0.021,0.467,0.512
11800,0.019,0.488,0.494
11900,0.018,0.506,0.476
12000,0.020,0.487,0.493
12100,0.022,0.492,0.485
12200,0.019,0.491,0.490
12300,0.023,0.490,0.488
12400,0.021,0.473,0.506
12500,0.021,0.459,0.520
12600,0.020,0.511,0.469
12700,0.019,0.522,0.460
12800,0.019,0.544,0.438
12900,0.016,0.540,0.445
13000,0.015,0.528,0.458
13100,0.016,0.540,0.445
13200,0.016,0.536,0.448
13300,0.017,0.495,0.488
13400,0.016,0.471,0.512
13500,0.020,0.426,0.554
13600,0.023,0.408,0.569
13700,0.023,0.411,0.566
13800,0.028,0.406,0.566
13900,0.022,0.402,0.576
14000,0.019,0.431,0.550
14100,0.019,0.421,0.560
14200,0.016,0.430,0.555
14300,0.015,0.432,0.553
14400,0.021,0.416,0.563
14500,0.026,0.420,0.554
14600,0.020,0.395,0.585
14700,0.024,0.395,0.581
14800,0.045,0.386,0.569
14900,0.047,0.358,0.595
15000,0.040,0.356,0.605
15100,0.042,0.337,0.621
15200,0.040,0.349,0.611
15300,0.034,0.343,0.622
15400,0.036,0.315,0.649
15500,0.047,0.326,0.627
15600,0.039,0.340,0.621
15700,0.038,0.337,0.625
15800,0.039,0.342,0.619
15900,0.042,0.325,0.633
16000,0.038,0.334,0.627
16100,0.038,0.346,0.616
16200,0.031,0.380,0.589
16300,0.033,0.369,0.598
16400,0.028,0.365,0.607
16500,0.026,0.373,0.602
16600,0.023,0.368,0.609
16700,0.020,0.387,0.593
16800,0.019,0.403,0.578
16900,0.017,0.402,0.580
17000,0.019,0.383,0.598
17100,0.020,0.405,0.576
17200,0.020,0.391,0.588
17300,0.020,0.401,0.579
17400,0.025,0.404,0.571
17500,0.020,0.412,0.568
17600,0.018,0.419,0.563
17700,0.018,0.410,0.572
17800,0.020,0.444,0.536
17900,0.018,0.419,0.563
18000,0.017,0.406,0.576
18100,0.016,0.408,0.576
18200,0.016,0.414,0.570
18300,0.015,0.410,0.575
18400,0.012,0.456,0.532
18500,0.014,0.460,0.526
18600,0.011,0.476,0.513
18700,0.010,0.482,0.508
18800,0.008,0.460,0.533
18900,0.007,0.464,0.529
19000,0.008,0.490,0.502
19100,0.009,0.518,0.473
19200,0.008,0.532,0.460
19300,0.008,0.536,0.456
19400,0.009,0.540,0.451
19500,0.008,0.542,0.450
19600,0.009,0.537,0.453
19700,0.008,0.536,0.457
19800,0.010,0.534,0.456
19900,0.011,0.537,0.452
20000,0.013,0.536,0.451
20100,0.012,0.531,0.458
20200,0.010,0.516,0.474
20300,0.008,0.517,0.475
20400,0.010,0.487,0.503
20500,0.012,0.464,0.523
20600,0.009,0.435,0.556
20700,0.015,0.441,0.545
20800,0.012,0.450,0.538
20900,0.013,0.450,0.537
21000,0.011,0.488,0.501
21100,0.014,0.485,0.501
21200,0.013,0.470,0.516
21300,0.011,0.487,0.502
21400,0.010,0.531,0.459
21500,0.012,0.517,0.471
21600,0.011,0.517,0.471
21700,0.013,0.506,0.481
21800,0.013,0.516,0.471
21900,0.012,0.501,0.488
22000,0.013,0.498,0.488
22100,0.026,0.485,0.489
22200,0.022,0.483,0.495
22300,0.020,0.458,0.523
22400,0.020,0.478,0.501
22500,0.018,0.472,0.510
22600,0.011,0.481,0.508
22700,0.010,0.461,0.529
22800,0.009,0.454,0.537
22900,0.008,0.475,0.517
23000,0.010,0.490,0.501
23100,0.010,0.463,0.527
23200,0.012,0.465,0.523
23300,0.011,0.476,0.513
23400,0.016,0.454,0.530
23500,0.015,0.447,0.538
23600,0.013,0.468,0.519
23700,0.012,0.469,0.519
23800,0.014,0.448,0.538
23900,0.010,0.459,0.530
24000,0.010,0.454,0.536
24100,0.012,0.484,0.503
24200,0.014,0.454,0.532
24300,0.012,0.433,0.555
24400,0.014,0.435,0.551
24500,0.015,0.482,0.503
24600,0.016,0.446,0.538
24700,0.012,0.471,0.516
24800,0.013,0.473,0.514
24900,0.012,0.483,0.505
25000,0.012,0.468,0.520
25100,0.010,0.495,0.495
25200,0.019,0.494,0.487
25300,0.018,0.484,0.498
25400,0.016,0.460,0.524
25500,0.022,0.467,0.510
25600,0.026,0.462,0.512
25700,0.029,0.471,0.500
25800,0.024,0.476,0.500
25900,0.015,0.504,0.481
26000,0.015,0.507,0.478
26100,0.017,0.505,0.478
26200,0.015,0.492,0.494
26300,0.027,0.451,0.523
26400,0.021,0.458,0.522
26500,0.019,0.475,0.506
26600,0.020,0.467,0.513
26700,0.019,0.434,0.548
26800,0.022,0.427,0.551
26900,0.019,0.399,0.581
27000,0.024,0.414,0.561
27100,0.032,0.425,0.542
27200,0.030,0.406,0.564
27300,0.044,0.399,0.557
27400,0.036,0.419,0.545
27500,0.035,0.413,0.552
27600,0.030,0.412,0.558
27700,0.033,0.441,0.526
27800,0.030,0.427,0.543
27900,0.026,0.437,0.537
28000,0.025,0.410,0.565
28100,0.021,0.410,0.569
28200,0.026,0.430,0.544
28300,0.022,0.424,0.554
28400,0.020,0.460,0.520
28500,0.017,0.460,0.523
28600,0.016,0.463,0.521
28700,0.019,0.446,0.534
28800,0.022,0.440,0.538
28900,0.028,0.453,0.519
29000,0.024,0.428,0.547
29100,0.027,0.434,0.540
29200,0.025,0.407,0.568
29300,0.026,0.408,0.566
29400,0.041,0.393,0.566
29500,0.034,0.400,0.566
29600,0.029,0.374,0.598
29700,0.022,0.384,0.594
29800,0.026,0.420,0.554
29900,0.024,0.416,0.560
30000,0.026,0.425,0.549
30100,0.030,0.422,0.548
30200,0.034,0.429,0.537
30300,0.033,0.422,0.545
30400,0.033,0.453,0.513
30500,0.030,0.420,0.550
30600,0.030,0.425,0.545
30700,0.042,0.441,0.517
30800,0.036,0.421,0.544
30900,0.036,0.400,0.564
31000,0.035,0.407,0.558
31100,0.038,0.386,0.575
31200,0.035,0.379,0.586
31300,0.034,0.392,0.574
31400,0.038,0.394,0.568
31500,0.042,0.393,0.565
31600,0.031,0.391,0.578
31700,0.026,0.374,0.600
31800,0.031,0.364,0.605
31900,0.026,0.380,0.595
32000,0.024,0.378,0.597
32100,0.022,0.401,0.577
32200,0.031,0.417,0.551
32300,0.029,0.402,0.570
32400,0.023,0.407,0.570
32500,0.018,0.379,0.603
32600,0.019,0.402,0.579
32700,0.018,0.373,0.609
32800,0.020,0.409,0.570
32900,0.017,0.452,0.530
33000,0.024,0.442,0.534
33100,0.020,0.482,0.498
33200,0.020,0.469,0.512
33300,0.017,0.466,0.516
33400,0.026,0.435,0.538
33500,0.018,0.419,0.563
33600,0.022,0.422,0.556
33700,0.020,0.428,0.551
33800,0.016,0.448,0.536
33900,0.013,0.463,0.524
34000,0.010,0.467,0.523
34100,0.010,0.476,0.515
34200,0.008,0.510,0.482
34300,0.005,0.511,0.484
34400,0.005,0.536,0.460
34500,0.007,0.546,0.447
34600,0.006,0.544,0.451
34700,0.006,0.549,0.445
34800,0.012,0.532,0.456
34900,0.009,0.514,0.477
35000,0.010,0.496,0.494
35100,0.011,0.498,0.491
35200,0.013,0.513,0.474
35300,0.010,0.526,0.464
35400,0.008,0.529,0.463
35500,0.009,0.547,0.444
35600,0.010,0.557,0.432
35700,0.010,0.552,0.438
35800,0.008,0.566,0.425
35900,0.009,0.559,0.432
36000,0.006,0.555,0.439
36100,0.005,0.572,0.423
36200,0.004,0.562,0.434
36300,0.004,0.537,0.459
36400,0.005,0.550,0.445
36500,0.005,0.572,0.423
36600,0.005,0.580,0.414
36700,0.006,0.594,0.400
36800,0.008,0.574,0.419
36900,0.009,0.573,0.418
37000,0.005,0.576,0.419
37100,0.008,0.583,0.409
37200,0.008,0.575,0.417
37300,0.005,0.597,0.398
37400,0.008,0.608,0.384
37500,0.011,0.601,0.388
37600,0.011,0.594,0.395
37700,0.010,0.573,0.417
37800,0.008,0.541,0.451
37900,0.012,0.554,0.434
38000,0.010,0.532,0.458
38100,0.009,0.548,0.443
38200,0.008,0.559,0.433
38300,0.008,0.559,0.432
38400,0.010,0.537,0.452
38500,0.008,0.526,0.466
38600,0.009,0.536,0.456
38700,0.010,0.561,0.429
38800,0.009,0.533,0.458
38900,0.007,0.539,0.454
39000,0.005,0.545,0.449
39100,0.008,0.534,0.459
39200,0.005,0.534,0.460
39300,0.005,0.541,0.455
39400,0.005,0.538,0.457
39500,0.004,0.495,0.501
39600,0.007,0.494,0.499
39700,0.004,0.501,0.495
39800,0.005,0.509,0.487
39900,0.006,0.498,0.497
40000,0.007,0.501,0.492
40100,0.005,0.515,0.481
40200,0.006,0.536,0.459
40300,0.005,0.509,0.486
40400,0.005,0.551,0.444
40500,0.004,0.540,0.456
40600,0.003,0.532,0.464
40700,0.003,0.527,0.469
40800,0.005,0.494,0.502
40900,0.004,0.509,0.487
41000,0.003,0.486,0.510
41100,0.005,0.485,0.510
41200,0.005,0.466,0.529
41300,0.009,0.481,0.510
41400,0.010,0.466,0.524
41500,0.012,0.473,0.516
41600,0.012,0.480,0.508
41700,0.010,0.448,0.541
41800,0.015,0.451,0.534
41900,0.010,0.421,0.568
42000,0.013,0.407,0.580
42100,0.009,0.417,0.573
42200,0.011,0.416,0.573
42300,0.015,0.413,0.572
42400,0.013,0.419,0.568
42500,0.011,0.395,0.594
42600,0.010,0.382,0.608
42700,0.010,0.418,0.572
42800,0.016,0.435,0.549
42900,0.007,0.444,0.549
43000,0.012,0.453,0.535
43100,0.008,0.479,0.513
43200,0.007,0.482,0.511
43300,0.008,0.474,0.518
43400,0.008,0.462,0.530
43500,0.009,0.449,0.542
43600,0.010,0.433,0.557
43700,0.010,0.462,0.528
43800,0.008,0.438,0.554
43900,0.009,0.491,0.501
44000,0.009,0.526,0.465
44100,0.008,0.502,0.490
44200,0.010,0.491,0.499
44300,0.010,0.503,0.487
44400,0.007,0.516,0.477
44500,0.009,0.515,0.476
44600,0.005,0.500,0.495
44700,0.012,0.513,0.475
44800,0.013,0.509,0.478
44900,0.010,0.509,0.481
45000,0.011,0.505,0.484
45100,0.015,0.474,0.511
45200,0.013,0.492,0.495
45300,0.011,0.506,0.483
45400,0.010,0.490,0.501
45500,0.009,0.496,0.495
45600,0.010,0.526,0.464
45700,0.009,0.534,0.456
45800,0.010,0.544,0.445
45900,0.012,0.537,0.452
46000,0.010,0.519,0.471
46100,0.008,0.489,0.503
46200,0.008,0.495,0.497
46300,0.008,0.477,0.515
46400,0.009,0.456,0.534
46500,0.017,0.464,0.519
46600,0.013,0.462,0.525
46700,0.006,0.471,0.523
46800,0.008,0.488,0.504
46900,0.010,0.508,0.482
47000,0.010,0.527,0.463
47100,0.006,0.497,0.497
47200,0.006,0.502,0.492
47300,0.005,0.522,0.473
47400,0.006,0.526,0.468
47500,0.006,0.552,0.442
47600,0.006,0.522,0.473
47700,0.009,0.513,0.478
47800,0.009,0.482,0.509
47900,0.012,0.519,0.469
48000,0.011,0.513,0.476
48100,0.010,0.508,0.482
48200,0.012,0.480,0.508
48300,0.013,0.466,0.521
48400,0.013,0.468,0.519
48500,0.012,0.456,0.532
48600,0.010,0.462,0.528
48700,0.009,0.447,0.544
48800,0.006,0.461,0.533
48900,0.009,0.456,0.535
49000,0.006,0.472,0.522
49100,0.006,0.497,0.497
49200,0.007,0.494,0.499
49300,0.006,0.509,0.485
49400,0.008,0.536,0.456
49500,0.005,0.519,0.476
49600,0.005,0.563,0.431
49700,0.003,0.528,0.469
49800,0.003,0.545,0.451
49900,0.003,0.542,0.455
50000,0.004,0.553,0.443
50100,0.004,0.553,0.443
50200,0.007,0.525,0.468
50300,0.012,0.512,0.476
50400,0.011,0.511,0.478
50500,0.006,0.473,0.520
50600,0.015,0.454,0.531
50700,0.022,0.457,0.521
50800,0.012,0.427,0.561
50900,0.008,0.430,0.562
51000,0.008,0.461,0.531
51100,0.006,0.446,0.547
51200,0.007,0.451,0.542
51300,0.008,0.485,0.506
51400,0.006,0.500,0.494
51500,0.010,0.542,0.448
51600,0.008,0.512,0.480
51700,0.006,0.513,0.481
51800,0.006,0.516,0.478
51900,0.009,0.510,0.481
52000,0.008,0.484,0.508
52100,0.008,0.512,0.480
52200,0.018,0.475,0.507
52300,0.019,0.450,0.531
52400,0.016,0.452,0.533
52500,0.016,0.467,0.516
52600,0.015,0.464,0.520
52700,0.013,0.490,0.497
52800,0.014,0.525,0.461
52900,0.012,0.512,0.476
53000,0.010,0.488,0.502
53100,0.009,0.501,0.490
53200,0.007,0.533,0.460
53300,0.005,0.524,0.471
53400,0.005,0.522,0.473
53500,0.009,0.495,0.495
53600,0.010,0.475,0.515
53700,0.008,0.492,0.499
53800,0.007,0.490,0.503
53900,0.006,0.471,0.523
54000,0.008,0.482,0.510
54100,0.008,0.459,0.533
54200,0.010,0.436,0.554
54300,0.008,0.453,0.538
54400,0.009,0.460,0.531
54500,0.012,0.471,0.517
54600,0.010,0.477,0.513
54700,0.010,0.488,0.502
54800,0.011,0.490,0.499
54900,0.012,0.481,0.508
55000,0.012,0.489,0.499
55100,0.010,0.484,0.505
55200,0.009,0.464,0.527
55300,0.011,0.485,0.504
55400,0.010,0.474,0.516
55500,0.007,0.502,0.491
55600,0.006,0.513,0.480
55700,0.006,0.513,0.481
55800,0.006,0.538,0.455
55900,0.005,0.510,0.484
56000,0.005,0.523,0.472
56100,0.006,0.533,0.460
56200,0.006,0.541,0.452
56300,0.006,0.561,0.434
56400,0.009,0.568,0.423
56500,0.008,0.540,0.452
56600,0.009,0.536,0.456
56700,0.012,0.520,0.468
56800,0.010,0.549,0.441
56900,0.012,0.543,0.445
57000,0.009,0.577,0.414
57100,0.007,0.588,0.405
57200,0.008,0.593,0.400
57300,0.007,0.593,0.400
57400,0.008,0.586,0.407
57500,0.004,0.595,0.401
57600,0.005,0.623,0.372
57700,0.005,0.639,0.356
57800,0.004,0.622,0.374
57900,0.005,0.608,0.386
58000,0.003,0.632,0.364
58100,0.003,0.643,0.354
58200,0.002,0.629,0.368
58300,0.003,0.608,0.389
58400,0.002,0.620,0.377
58500,0.003,0.626,0.371
58600,0.008,0.639,0.353
58700,0.006,0.639,0.355
58800,0.006,0.652,0.342
58900,0.008,0.646,0.347
59000,0.006,0.614,0.381
59100,0.008,0.605,0.387
59200,0.006,0.587,0.407
59300,0.019,0.544,0.437
59400,0.013,0.552,0.435
59500,0.013,0.556,0.430
59600,0.013,0.577,0.410
59700,0.010,0.593,0.396
59800,0.009,0.604,0.387
59900,0.008,0.625,0.367
60000,0.006,0.613,0.381
60100,0.009,0.607,0.385
60200,0.009,0.602,0.388
60300,0.009,0.601,0.390
60400,0.006,0.627,0.367
60500,0.006,0.622,0.372
60600,0.006,0.600,0.395
60700,0.004,0.642,0.354
60800,0.003,0.639,0.358
60900,0.004,0.607,0.389
61000,0.003,0.609,0.388
61100,0.003,0.618,0.379
61200,0.008,0.635,0.357
61300,0.005,0.655,0.340
61400,0.008,0.639,0.353
61500,0.006,0.623,0.371
61600,0.008,0.603,0.389
61700,0.008,0.610,0.382
61800,0.008,0.605,0.386
61900,0.007,0.611,0.382
62000,0.006,0.608,0.386
62100,0.005,0.590,0.405
62200,0.003,0.596,0.400
62300,0.003,0.607,0.390
62400,0.003,0.629,0.368
62500,0.003,0.629,0.368
62600,0.002,0.610,0.388
62700,0.003,0.608,0.388
62800,0.005,0.602,0.393
62900,0.005,0.601,0.394
63000,0.003,0.611,0.386
63100,0.003,0.629,0.368
63200,0.003,0.621,0.376
63300,0.003,0.597,0.400
63400,0.013,0.585,0.402
63500,0.011,0.578,0.411
63600,0.012,0.603,0.385
63700,0.010,0.608,0.382
63800,0.008,0.637,0.354
63900,0.008,0.643,0.349
64000,0.010,0.634,0.356
64100,0.009,0.626,0.364
64200,0.006,0.602,0.392
64300,0.006,0.596,0.398
64400,0.007,0.584,0.409
64500,0.006,0.604,0.390
64600,0.006,0.611,0.383
64700,0.007,0.595,0.398
64800,0.006,0.585,0.409
64900,0.008,0.561,0.431
65000,0.006,0.578,0.416
65100,0.005,0.577,0.417
65200,0.009,0.555,0.436
65300,0.011,0.533,0.456
65400,0.012,0.552,0.435
65500,0.013,0.530,0.456
65600,0.015,0.519,0.466
65700,0.011,0.522,0.467
65800,0.010,0.491,0.498
65900,0.012,0.481,0.508
66000,0.015,0.485,0.501
66100,0.012,0.494,0.494
66200,0.011,0.501,0.488
66300,0.010,0.471,0.518
66400,0.010,0.473,0.517
66500,0.022,0.490,0.488
66600,0.021,0.511,0.468
66700,0.017,0.508,0.475
66800,0.017,0.512,0.470
66900,0.018,0.501,0.481
67000,0.020,0.476,0.503
67100,0.019,0.479,0.502
67200,0.013,0.462,0.526
67300,0.013,0.452,0.534
67400,0.009,0.491,0.500
67500,0.010,0.516,0.474
67600,0.009,0.517,0.473
67700,0.009,0.495,0.496
67800,0.010,0.480,0.510
67900,0.006,0.494,0.499
68000,0.006,0.520,0.473
68100,0.011,0.527,0.462
68200,0.008,0.527,0.466
68300,0.008,0.533,0.460
68400,0.010,0.490,0.500
68500,0.012,0.483,0.505
68600,0.009,0.491,0.499
68700,0.009,0.478,0.513
68800,0.012,0.491,0.497
68900,0.010,0.467,0.523
69000,0.010,0.434,0.556
69100,0.013,0.437,0.549
69200,0.014,0.435,0.551
69300,0.014,0.461,0.525
69400,0.010,0.473,0.517
69500,0.012,0.469,0.519
69600,0.009,0.499,0.492
69700,0.012,0.492,0.497
69800,0.014,0.481,0.505
69900,0.013,0.470,0.517
70000,0.008,0.463,0.529
70100,0.006,0.453,0.541
70200,0.006,0.478,0.516
70300,0.009,0.519,0.472
70400,0.006,0.502,0.492
70500,0.006,0.529,0.466
70600,0.007,0.515,0.478
70700,0.005,0.526,0.470
70800,0.006,0.561,0.433
70900,0.005,0.553,0.442
71000,0.005,0.566,0.429
71100,0.005,0.552,0.443
71200,0.006,0.540,0.453
71300,0.006,0.572,0.422
71400,0.005,0.575,0.421
71500,0.006,0.570,0.424
71600,0.005,0.551,0.445
71700,0.006,0.533,0.461
71800,0.008,0.506,0.486
71900,0.008,0.530,0.462
72000,0.005,0.532,0.463
72100,0.004,0.519,0.477
72200,0.006,0.519,0.475
72300,0.005,0.501,0.494
72400,0.008,0.506,0.486
72500,0.009,0.494,0.497
72600,0.010,0.506,0.484
72700,0.009,0.493,0.498
72800,0.009,0.471,0.520
72900,0.008,0.463,0.530
73000,0.008,0.455,0.537
73100,0.008,0.439,0.553
73200,0.010,0.444,0.546
73300,0.010,0.459,0.531
73400,0.010,0.474,0.516
73500,0.011,0.494,0.495
73600,0.010,0.453,0.537
73700,0.011,0.448,0.541
73800,0.009,0.423,0.568
73900,0.012,0.440,0.548
74000,0.015,0.435,0.550
74100,0.014,0.436,0.550
74200,0.011,0.446,0.543
74300,0.009,0.466,0.525
74400,0.011,0.451,0.538
74500,0.009,0.434,0.557
74600,0.012,0.466,0.523
74700,0.010,0.463,0.527
74800,0.010,0.457,0.533
74900,0.009,0.452,0.540
75000,0.010,0.467,0.522
75100,0.012,0.502,0.486
75200,0.011,0.519,0.470
75300,0.008,0.480,0.512
75400,0.006,0.522,0.471
75500,0.006,0.547,0.447
75600,0.008,0.529,0.463
75700,0.008,0.536,0.457
75800,0.008,0.524,0.469
75900,0.009,0.526,0.464
76000,0.010,0.508,0.482
76100,0.008,0.524,0.468
76200,0.005,0.531,0.463
76300,0.003,0.568,0.430
76400,0.001,0.570,0.428
76500,0.002,0.540,0.458
76600,0.001,0.554,0.445
76700,0.001,0.571,0.428
76800,0.001,0.574,0.425
76900,0.001,0.577,0.423
77000,0.001,0.604,0.395
77100,0.001,0.623,0.375
77200,0.001,0.637,0.362
77300,0.001,0.622,0.377
77400,0.001,0.612,0.388
77500,0.001,0.653,0.347
77600,0.001,0.667,0.332
77700,0.003,0.650,0.347
77800,0.003,0.661,0.335
77900,0.002,0.665,0.333
78000,0.003,0.679,0.318
78100,0.003,0.656,0.341
78200,0.003,0.676,0.321
78300,0.002,0.663,0.335
78400,0.004,0.666,0.329
78500,0.006,0.659,0.335
78600,0.003,0.650,0.347
78700,0.002,0.638,0.360
78800,0.002,0.626,0.371
78900,0.003,0.638,0.359
79000,0.001,0.625,0.374
79100,0.004,0.636,0.360
79200,0.004,0.616,0.380
79300,0.005,0.590,0.405
79400,0.007,0.612,0.381
79500,0.006,0.620,0.374
79600,0.006,0.581,0.413
79700,0.008,0.575,0.418
79800,0.010,0.588,0.402
79900,0.010,0.567,0.423
80000,0.008,0.566,0.426
80100,0.010,0.576,0.414
80200,0.006,0.571,0.423
80300,0.005,0.563,0.431
80400,0.006,0.573,0.420
80500,0.008,0.555,0.438
80600,0.006,0.567,0.427
80700,0.003,0.561,0.436
80800,0.008,0.566,0.427
80900,0.005,0.567,0.428
81000,0.013,0.568,0.419
81100,0.010,0.540,0.449
81200,0.010,0.547,0.443
81300,0.010,0.529,0.462
81400,0.009,0.516,0.476
81500,0.009,0.525,0.466
81600,0.006,0.511,0.483
81700,0.009,0.531,0.460
81800,0.008,0.527,0.465
81900,0.006,0.558,0.436
82000,0.006,0.579,0.415
82100,0.005,0.579,0.416
82200,0.003,0.588,0.409
82300,0.004,0.601,0.395
82400,0.003,0.609,0.388
82500,0.003,0.596,0.400
82600,0.005,0.613,0.382
82700,0.004,0.596,0.400
82800,0.003,0.599,0.398
82900,0.005,0.587,0.409
83000,0.005,0.588,0.407
83100,0.008,0.585,0.407
83200,0.007,0.575,0.419
83300,0.006,0.546,0.448
83400,0.005,0.555,0.440
83500,0.004,0.560,0.436
83600,0.005,0.572,0.423
83700,0.005,0.534,0.460
83800,0.002,0.533,0.464
83900,0.008,0.524,0.468
84000,0.007,0.501,0.492
84100,0.010,0.496,0.494
84200,0.010,0.523,0.466
84300,0.008,0.507,0.485
84400,0.008,0.495,0.497
84500,0.015,0.513,0.471
84600,0.020,0.508,0.473
84700,0.014,0.491,0.495
84800,0.015,0.485,0.501
84900,0.012,0.509,0.478
85000,0.010,0.516,0.474
85100,0.010,0.470,0.519
85200,0.009,0.461,0.530
85300,0.009,0.494,0.497
85400,0.009,0.498,0.492
85500,0.008,0.523,0.469
85600,0.008,0.519,0.473
85700,0.014,0.541,0.445
85800,0.013,0.552,0.435
85900,0.009,0.541,0.450
86000,0.007,0.563,0.430
86100,0.009,0.562,0.429
86200,0.010,0.587,0.403
86300,0.008,0.573,0.419
86400,0.009,0.552,0.439
86500,0.008,0.548,0.444
86600,0.015,0.546,0.439
86700,0.019,0.533,0.448
86800,0.019,0.583,0.399
86900,0.016,0.584,0.400
87000,0.015,0.606,0.380
87100,0.011,0.618,0.371
87200,0.011,0.618,0.371
87300,0.012,0.609,0.379
87400,0.009,0.602,0.389
87500,0.008,0.586,0.406
87600,0.007,0.573,0.420
87700,0.009,0.597,0.394
87800,0.008,0.593,0.400
87900,0.006,0.597,0.398
88000,0.005,0.604,0.391
88100,0.004,0.609,0.386
88200,0.004,0.636,0.360
88300,0.004,0.658,0.338
88400,0.003,0.656,0.341
88500,0.002,0.655,0.342
88600,0.003,0.646,0.352
88700,0.005,0.649,0.346
88800,0.003,0.642,0.354
88900,0.002,0.633,0.364
89000,0.002,0.641,0.356
89100,0.002,0.669,0.329
89200,0.002,0.673,0.325
89300,0.002,0.691,0.307
89400,0.002,0.676,0.321
89500,0.003,0.661,0.336
89600,0.003,0.676,0.321
89700,0.002,0.659,0.339
89800,0.003,0.658,0.339
89900,0.005,0.669,0.325
90000,0.007,0.683,0.310
90100,0.007,0.686,0.307
90200,0.005,0.673,0.322
90300,0.005,0.682,0.313
90400,0.004,0.675,0.321
90500,0.005,0.643,0.352
90600,0.004,0.614,0.382
90700,0.005,0.600,0.395
90800,0.013,0.579,0.407
90900,0.016,0.572,0.413
91000,0.012,0.558,0.430
91100,0.015,0.559,0.427
91200,0.013,0.537,0.449
91300,0.012,0.549,0.439
91400,0.010,0.577,0.413
91500,0.008,0.569,0.423
91600,0.006,0.561,0.434
91700,0.006,0.560,0.434
91800,0.005,0.568,0.427
91900,0.006,0.534,0.460
92000,0.012,0.520,0.467
92100,0.010,0.519,0.471
92200,0.015,0.533,0.452
92300,0.014,0.493,0.493
92400,0.010,0.481,0.509
92500,0.007,0.500,0.493
92600,0.006,0.491,0.503
92700,0.010,0.533,0.457
92800,0.006,0.549,0.445
92900,0.004,0.569,0.427
93000,0.005,0.548,0.447
93100,0.009,0.576,0.414
93200,0.010,0.564,0.426
93300,0.012,0.530,0.459
93400,0.009,0.542,0.449
93500,0.008,0.549,0.444
93600,0.008,0.583,0.410
93700,0.007,0.586,0.407
93800,0.009,0.584,0.407
93900,0.008,0.604,0.388
94000,0.006,0.620,0.373
94100,0.005,0.643,0.352
94200,0.003,0.620,0.376
94300,0.003,0.632,0.365
94400,0.002,0.625,0.373
94500,0.002,0.633,0.365
94600,0.004,0.619,0.377
94700,0.003,0.616,0.380
94800,0.004,0.609,0.387
94900,0.005,0.608,0.388
95000,0.001,0.625,0.374
95100,0.001,0.623,0.376
95200,0.001,0.608,0.391
95300,0.001,0.618,0.381
95400,0.001,0.613,0.386
95500,0.001,0.609,0.391
95600,0.001,0.627,0.373
95700,0.003,0.625,0.373
95800,0.005,0.604,0.392
95900,0.003,0.607,0.391
96000,0.002,0.627,0.371
96100,0.003,0.623,0.374
96200,0.005,0.591,0.405
96300,0.005,0.604,0.391
96400,0.005,0.586,0.409
96500,0.003,0.602,0.394
96600,0.005,0.580,0.414
96700,0.005,0.588,0.407
96800,0.005,0.597,0.398
96900,0.007,0.571,0.422
97000,0.013,0.536,0.451
97100,0.010,0.543,0.446
97200,0.019,0.544,0.437
97300,0.010,0.515,0.475
97400,0.009,0.522,0.469
97500,0.008,0.538,0.453
97600,0.006,0.552,0.441
97700,0.004,0.575,0.421
97800,0.005,0.565,0.431
97900,0.005,0.550,0.445
98000,0.004,0.568,0.428
98100,0.004,0.564,0.432
98200,0.005,0.601,0.393
98300,0.006,0.607,0.386
98400,0.006,0.594,0.400
98500,0.009,0.605,0.386
98600,0.009,0.608,0.383
98700,0.008,0.614,0.378
98800,0.008,0.573,0.419
98900,0.010,0.549,0.441
99000,0.009,0.573,0.418
99100,0.003,0.590,0.407
99200,0.004,0.601,0.395
99300,0.003,0.609,0.388
99400,0.003,0.620,0.377
99500,0.005,0.624,0.371
99600,0.005,0.618,0.378
99700,0.005,0.626,0.369
99800,0.004,0.600,0.396
99900,0.005,0.586,0.409
100000,0.006,0.584,0.410
