time,n_A+p,n_B,n_AB
500,0.050,0.342,0.608
1000,0.050,0.237,0.713
1500,0.050,0.337,0.613
2000,0.070,0.143,0.787
2500,0.052,0.267,0.681
3000,0.050,0.346,0.604
3500,0.050,0.324,0.626
4000,0.053,0.292,0.655
4500,0.050,0.271,0.679
5000,0.050,0.267,0.683
5500,0.050,0.317,0.633
6000,0.050,0.366,0.584
6500,0.050,0.288,0.662
7000,0.050,0.259,0.691
7500,0.050,0.384,0.566
8000,0.050,0.154,0.796
8500,0.075,0.164,0.761
9000,0.050,0.321,0.629
9500,0.050,0.192,0.758
10000,0.110,0.063,0.827
10500,0.925,0.000,0.075
11000,0.999,0.000,0.001
11500,1.000,0.000,0.000
