time,n_A+p,n_B,n_AB
0,0.446,0.554,-0.000
500,0.269,0.355,0.376
1000,0.248,0.409,0.343
1500,0.360,0.273,0.368
2000,0.347,0.236,0.417
2500,0.459,0.178,0.364
3000,0.438,0.236,0.326
3500,0.574,0.091,0.335
4000,0.512,0.132,0.355
4500,0.558,0.136,0.306
5000,0.579,0.099,0.322
5500,0.752,0.058,0.190
6000,0.773,0.021,0.207
6500,0.839,0.025,0.136
7000,0.839,0.021,0.140
7500,0.905,0.017,0.079
8000,0.938,0.008,0.054
8500,0.938,0.000,0.062
9000,0.971,0.000,0.029
9500,0.992,0.004,0.004
10000,1.000,0.000,0.000
