time,n_A+p,n_B,n_AB
500,0.030,0.900,0.070
1000,0.030,0.800,0.170
1500,0.030,0.640,0.330
2000,0.030,0.465,0.505
2500,0.030,0.331,0.639
3000,0.030,0.219,0.751
3500,0.035,0.136,0.829
4000,0.065,0.085,0.851
4500,0.070,0.064,0.866
5000,0.077,0.062,0.861
5500,0.075,0.065,0.860
6000,0.086,0.059,0.856
6500,0.081,0.065,0.854
7000,0.074,0.054,0.872
7500,0.097,0.038,0.865
8000,0.096,0.033,0.871
8500,0.098,0.037,0.865
9000,0.104,0.036,0.860
9500,0.099,0.032,0.869
10000,0.087,0.021,0.893
10500,0.083,0.028,0.890
11000,0.111,0.034,0.856
11500,0.092,0.043,0.864
12000,0.094,0.036,0.870
12500,0.099,0.029,0.873
13000,0.099,0.013,0.888
13500,0.087,0.024,0.888
14000,0.091,0.022,0.887
14500,0.090,0.044,0.865
15000,0.086,0.041,0.872
15500,0.092,0.029,0.879
16000,0.074,0.041,0.885
16500,0.076,0.040,0.885
17000,0.087,0.039,0.873
17500,0.100,0.048,0.853
18000,0.102,0.028,0.871
18500,0.086,0.031,0.883
19000,0.082,0.045,0.873
19500,0.077,0.027,0.896
20000,0.103,0.036,0.861
20500,0.095,0.041,0.865
21000,0.094,0.035,0.871
21500,0.088,0.044,0.867
22000,0.082,0.038,0.880
22500,0.096,0.035,0.870
23000,0.103,0.042,0.855
23500,0.094,0.051,0.856
24000,0.103,0.043,0.853
24500,0.101,0.029,0.870
25000,0.104,0.032,0.863
25500,0.085,0.028,0.888
26000,0.082,0.038,0.880
26500,0.074,0.038,0.887
27000,0.088,0.042,0.871
27500,0.088,0.040,0.873
28000,0.092,0.052,0.856
28500,0.108,0.050,0.842
29000,0.108,0.039,0.852
29500,0.102,0.043,0.854
30000,0.085,0.036,0.879
30500,0.095,0.032,0.873
31000,0.080,0.044,0.876
31500,0.071,0.032,0.896
32000,0.069,0.035,0.896
32500,0.068,0.046,0.885
33000,0.074,0.057,0.870
33500,0.070,0.056,0.873
34000,0.067,0.035,0.898
34500,0.084,0.035,0.882
35000,0.074,0.041,0.886
35500,0.070,0.029,0.901
36000,0.093,0.027,0.880
36500,0.088,0.032,0.879
37000,0.101,0.019,0.880
37500,0.090,0.029,0.881
38000,0.103,0.037,0.859
38500,0.105,0.043,0.852
39000,0.098,0.037,0.865
39500,0.099,0.029,0.872
40000,0.089,0.035,0.877
40500,0.080,0.046,0.874
41000,0.085,0.044,0.871
41500,0.071,0.040,0.888
42000,0.079,0.035,0.886
42500,0.076,0.050,0.873
43000,0.097,0.035,0.869
43500,0.082,0.032,0.886
44000,0.077,0.021,0.902
44500,0.100,0.032,0.869
45000,0.093,0.020,0.887
45500,0.102,0.040,0.857
46000,0.088,0.035,0.876
46500,0.093,0.033,0.873
47000,0.095,0.037,0.868
47500,0.107,0.034,0.858
48000,0.104,0.049,0.847
48500,0.098,0.028,0.875
49000,0.079,0.043,0.879
49500,0.093,0.039,0.867
50000,0.086,0.038,0.875
50500,0.101,0.043,0.856
51000,0.107,0.034,0.860
51500,0.099,0.040,0.862
52000,0.095,0.025,0.880
52500,0.095,0.035,0.871
53000,0.089,0.035,0.876
53500,0.083,0.040,0.878
54000,0.087,0.038,0.875
54500,0.083,0.027,0.890
55000,0.078,0.034,0.889
55500,0.091,0.046,0.862
56000,0.111,0.036,0.853
56500,0.111,0.032,0.858
57000,0.101,0.037,0.862
57500,0.096,0.030,0.874
58000,0.109,0.033,0.858
58500,0.108,0.033,0.858
59000,0.092,0.039,0.868
59500,0.092,0.038,0.869
60000,0.088,0.036,0.876
60500,0.076,0.037,0.886
61000,0.090,0.043,0.867
61500,0.080,0.051,0.869
62000,0.081,0.039,0.880
62500,0.073,0.043,0.883
63000,0.070,0.038,0.891
63500,0.082,0.045,0.873
64000,0.079,0.048,0.873
64500,0.091,0.056,0.854
65000,0.084,0.044,0.872
65500,0.089,0.050,0.861
66000,0.097,0.044,0.859
66500,0.092,0.030,0.878
67000,0.103,0.036,0.861
67500,0.085,0.039,0.876
68000,0.090,0.034,0.876
68500,0.092,0.042,0.866
69000,0.093,0.035,0.871
69500,0.101,0.029,0.870
70000,0.087,0.035,0.879
70500,0.086,0.053,0.861
71000,0.095,0.043,0.862
71500,0.085,0.041,0.875
72000,0.095,0.038,0.867
72500,0.098,0.036,0.866
73000,0.091,0.033,0.876
73500,0.102,0.029,0.869
74000,0.099,0.029,0.872
74500,0.108,0.019,0.873
75000,0.132,0.022,0.846
75500,0.131,0.022,0.847
76000,0.120,0.035,0.845
76500,0.104,0.036,0.859
77000,0.104,0.037,0.859
77500,0.106,0.041,0.854
78000,0.099,0.048,0.854
78500,0.106,0.041,0.853
79000,0.129,0.024,0.848
79500,0.111,0.015,0.874
80000,0.120,0.028,0.851
80500,0.126,0.037,0.837
81000,0.113,0.041,0.847
81500,0.087,0.045,0.867
82000,0.100,0.035,0.865
82500,0.085,0.034,0.881
83000,0.095,0.029,0.877
83500,0.105,0.037,0.857
84000,0.096,0.025,0.880
84500,0.103,0.037,0.860
85000,0.102,0.042,0.856
85500,0.103,0.035,0.862
86000,0.110,0.035,0.855
86500,0.106,0.033,0.861
87000,0.102,0.034,0.865
87500,0.083,0.027,0.890
88000,0.073,0.036,0.890
88500,0.070,0.044,0.886
89000,0.078,0.044,0.878
89500,0.070,0.041,0.889
90000,0.072,0.029,0.898
90500,0.074,0.035,0.892
91000,0.104,0.037,0.858
91500,0.081,0.034,0.885
92000,0.099,0.053,0.848
92500,0.095,0.042,0.864
93000,0.096,0.033,0.871
93500,0.086,0.042,0.871
94000,0.076,0.037,0.886
94500,0.087,0.043,0.869
95000,0.087,0.048,0.865
95500,0.088,0.046,0.865
96000,0.087,0.055,0.857
96500,0.083,0.044,0.873
97000,0.077,0.046,0.877
97500,0.069,0.028,0.903
98000,0.075,0.048,0.876
98500,0.087,0.061,0.852
99000,0.074,0.065,0.861
99500,0.080,0.063,0.857
100000,0.079,0.054,0.867
100500,0.089,0.046,0.864
101000,0.079,0.029,0.893
101500,0.084,0.048,0.869
102000,0.089,0.040,0.871
102500,0.106,0.029,0.865
103000,0.092,0.037,0.871
103500,0.095,0.035,0.870
104000,0.099,0.036,0.865
104500,0.093,0.059,0.849
105000,0.070,0.049,0.881
105500,0.078,0.049,0.874
106000,0.081,0.050,0.869
106500,0.096,0.036,0.868
107000,0.084,0.040,0.876
107500,0.086,0.028,0.886
108000,0.087,0.026,0.887
108500,0.086,0.048,0.867
109000,0.087,0.051,0.861
109500,0.078,0.056,0.867
110000,0.071,0.059,0.870
110500,0.079,0.051,0.870
111000,0.072,0.051,0.877
111500,0.079,0.049,0.873
112000,0.101,0.032,0.868
112500,0.086,0.044,0.870
113000,0.082,0.045,0.873
113500,0.080,0.029,0.892
114000,0.084,0.040,0.877
114500,0.088,0.050,0.861
115000,0.085,0.049,0.866
115500,0.087,0.043,0.869
116000,0.097,0.038,0.865
116500,0.084,0.031,0.885
117000,0.076,0.048,0.876
117500,0.089,0.037,0.873
118000,0.093,0.035,0.872
118500,0.092,0.037,0.871
119000,0.080,0.046,0.874
119500,0.072,0.045,0.882
120000,0.099,0.026,0.875
120500,0.104,0.021,0.874
121000,0.094,0.016,0.890
121500,0.116,0.029,0.855
122000,0.097,0.036,0.867
122500,0.099,0.035,0.866
123000,0.095,0.033,0.873
123500,0.116,0.038,0.846
124000,0.119,0.026,0.855
124500,0.107,0.018,0.875
125000,0.098,0.031,0.871
125500,0.098,0.048,0.854
126000,0.096,0.039,0.865
126500,0.104,0.026,0.869
127000,0.097,0.041,0.863
127500,0.088,0.031,0.880
128000,0.098,0.050,0.852
128500,0.101,0.042,0.857
129000,0.104,0.029,0.866
129500,0.119,0.025,0.856
130000,0.099,0.035,0.866
130500,0.088,0.036,0.876
131000,0.104,0.029,0.867
131500,0.085,0.023,0.892
132000,0.088,0.044,0.868
132500,0.093,0.032,0.875
133000,0.092,0.030,0.878
133500,0.090,0.030,0.879
134000,0.101,0.038,0.861
134500,0.102,0.045,0.853
135000,0.105,0.038,0.857
135500,0.099,0.033,0.868
136000,0.107,0.029,0.863
136500,0.095,0.060,0.845
137000,0.083,0.049,0.869
137500,0.097,0.054,0.849
138000,0.102,0.054,0.844
138500,0.088,0.038,0.874
139000,0.093,0.035,0.873
139500,0.097,0.041,0.862
140000,0.095,0.033,0.873
140500,0.108,0.036,0.856
141000,0.096,0.032,0.872
141500,0.124,0.030,0.846
142000,0.118,0.042,0.841
142500,0.123,0.044,0.833
143000,0.121,0.043,0.836
143500,0.114,0.033,0.854
144000,0.117,0.021,0.863
144500,0.086,0.021,0.893
145000,0.090,0.026,0.883
145500,0.097,0.032,0.872
146000,0.087,0.025,0.887
146500,0.098,0.019,0.883
147000,0.096,0.035,0.870
147500,0.098,0.028,0.875
148000,0.090,0.026,0.883
148500,0.099,0.035,0.867
149000,0.083,0.048,0.870
149500,0.076,0.070,0.854
150000,0.072,0.054,0.873
150500,0.095,0.046,0.859
151000,0.102,0.055,0.843
151500,0.112,0.038,0.850
152000,0.106,0.030,0.864
152500,0.113,0.025,0.863
153000,0.112,0.036,0.852
153500,0.099,0.038,0.863
154000,0.087,0.035,0.879
154500,0.085,0.042,0.874
155000,0.085,0.046,0.869
155500,0.101,0.031,0.868
156000,0.092,0.040,0.868
156500,0.097,0.021,0.882
157000,0.102,0.028,0.871
157500,0.106,0.021,0.874
158000,0.096,0.028,0.876
158500,0.086,0.033,0.880
159000,0.087,0.034,0.879
159500,0.085,0.035,0.880
160000,0.078,0.039,0.883
160500,0.087,0.038,0.875
161000,0.079,0.061,0.861
161500,0.071,0.063,0.866
162000,0.066,0.054,0.880
162500,0.071,0.062,0.867
163000,0.072,0.047,0.881
163500,0.075,0.035,0.890
164000,0.079,0.037,0.884
164500,0.082,0.049,0.869
165000,0.070,0.048,0.883
165500,0.076,0.051,0.873
166000,0.061,0.049,0.890
166500,0.070,0.065,0.865
167000,0.073,0.053,0.873
167500,0.090,0.043,0.868
168000,0.086,0.041,0.873
168500,0.099,0.029,0.872
169000,0.099,0.028,0.873
169500,0.085,0.028,0.888
170000,0.102,0.030,0.867
170500,0.091,0.032,0.877
171000,0.102,0.024,0.874
171500,0.114,0.045,0.841
172000,0.098,0.041,0.862
172500,0.092,0.041,0.866
173000,0.088,0.037,0.874
173500,0.089,0.027,0.883
174000,0.084,0.042,0.874
174500,0.073,0.057,0.871
175000,0.068,0.049,0.883
175500,0.070,0.031,0.899
176000,0.083,0.025,0.893
176500,0.083,0.051,0.866
177000,0.077,0.045,0.878
177500,0.072,0.050,0.878
178000,0.079,0.046,0.875
178500,0.069,0.056,0.875
179000,0.062,0.066,0.872
179500,0.066,0.044,0.889
180000,0.077,0.042,0.881
180500,0.083,0.036,0.881
181000,0.093,0.038,0.869
181500,0.107,0.036,0.856
182000,0.099,0.046,0.855
182500,0.080,0.042,0.878
183000,0.067,0.038,0.895
183500,0.084,0.047,0.869
184000,0.092,0.039,0.869
184500,0.119,0.036,0.844
185000,0.126,0.027,0.848
185500,0.104,0.029,0.867
186000,0.097,0.030,0.873
186500,0.102,0.043,0.855
187000,0.089,0.054,0.856
187500,0.070,0.065,0.865
188000,0.066,0.059,0.875
188500,0.075,0.051,0.875
189000,0.088,0.049,0.863
189500,0.083,0.047,0.870
190000,0.099,0.045,0.856
190500,0.107,0.034,0.860
191000,0.118,0.029,0.853
191500,0.108,0.018,0.874
192000,0.112,0.022,0.866
192500,0.109,0.017,0.874
193000,0.108,0.015,0.877
193500,0.128,0.025,0.848
194000,0.104,0.030,0.865
194500,0.102,0.029,0.869
195000,0.105,0.021,0.873
195500,0.112,0.031,0.857
196000,0.103,0.032,0.866
196500,0.112,0.021,0.867
197000,0.120,0.035,0.845
197500,0.126,0.025,0.849
198000,0.118,0.045,0.836
198500,0.107,0.042,0.851
199000,0.092,0.030,0.878
199500,0.085,0.044,0.871
200000,0.083,0.036,0.881
200500,0.080,0.045,0.875
201000,0.090,0.035,0.874
201500,0.093,0.060,0.847
202000,0.074,0.038,0.887
202500,0.097,0.037,0.866
203000,0.086,0.036,0.878
203500,0.117,0.036,0.847
204000,0.099,0.041,0.860
204500,0.104,0.028,0.868
205000,0.101,0.034,0.865
205500,0.093,0.025,0.882
206000,0.099,0.019,0.882
206500,0.088,0.027,0.885
207000,0.087,0.032,0.882
207500,0.084,0.031,0.885
208000,0.091,0.035,0.874
208500,0.092,0.027,0.880
209000,0.090,0.044,0.865
209500,0.115,0.049,0.837
210000,0.112,0.041,0.847
210500,0.102,0.033,0.865
211000,0.107,0.021,0.873
211500,0.096,0.046,0.858
212000,0.101,0.038,0.861
212500,0.090,0.043,0.867
213000,0.093,0.044,0.862
213500,0.092,0.043,0.866
214000,0.097,0.036,0.867
214500,0.085,0.040,0.875
215000,0.093,0.043,0.865
215500,0.105,0.023,0.871
216000,0.098,0.034,0.868
216500,0.097,0.030,0.873
217000,0.096,0.025,0.880
217500,0.095,0.033,0.873
218000,0.115,0.042,0.843
218500,0.112,0.043,0.845
219000,0.101,0.036,0.863
219500,0.105,0.036,0.858
220000,0.113,0.025,0.862
220500,0.137,0.030,0.833
221000,0.122,0.033,0.845
221500,0.107,0.043,0.850
222000,0.081,0.040,0.879
222500,0.081,0.042,0.878
223000,0.077,0.034,0.889
223500,0.081,0.034,0.885
224000,0.081,0.050,0.869
224500,0.091,0.036,0.873
225000,0.085,0.029,0.886
225500,0.106,0.021,0.873
226000,0.116,0.025,0.859
226500,0.109,0.029,0.863
227000,0.108,0.029,0.863
227500,0.105,0.031,0.864
228000,0.104,0.028,0.869
228500,0.088,0.024,0.887
229000,0.099,0.038,0.863
229500,0.102,0.033,0.866
230000,0.102,0.030,0.868
230500,0.087,0.041,0.872
231000,0.093,0.038,0.868
231500,0.091,0.035,0.873
232000,0.105,0.026,0.869
232500,0.096,0.018,0.886
233000,0.095,0.039,0.866
233500,0.108,0.037,0.854
234000,0.095,0.020,0.885
234500,0.098,0.021,0.881
235000,0.088,0.040,0.871
235500,0.094,0.036,0.870
236000,0.092,0.029,0.878
236500,0.109,0.033,0.858
237000,0.099,0.030,0.871
237500,0.095,0.035,0.870
238000,0.092,0.040,0.868
238500,0.096,0.029,0.876
239000,0.105,0.041,0.854
239500,0.100,0.035,0.865
240000,0.102,0.033,0.866
240500,0.108,0.019,0.873
241000,0.098,0.039,0.863
241500,0.106,0.032,0.863
242000,0.113,0.030,0.857
242500,0.116,0.032,0.852
243000,0.101,0.040,0.860
243500,0.077,0.059,0.864
244000,0.076,0.051,0.873
244500,0.070,0.070,0.860
245000,0.074,0.047,0.879
245500,0.066,0.059,0.875
246000,0.068,0.067,0.865
246500,0.092,0.047,0.860
247000,0.103,0.038,0.859
247500,0.095,0.044,0.861
248000,0.093,0.042,0.865
248500,0.104,0.041,0.855
249000,0.116,0.038,0.846
249500,0.105,0.021,0.873
250000,0.085,0.043,0.872
250500,0.092,0.043,0.866
251000,0.081,0.028,0.891
251500,0.102,0.026,0.872
252000,0.089,0.025,0.886
252500,0.091,0.026,0.882
253000,0.099,0.028,0.874
253500,0.095,0.044,0.861
254000,0.093,0.049,0.858
254500,0.095,0.033,0.872
255000,0.090,0.038,0.871
255500,0.090,0.037,0.872
256000,0.106,0.044,0.849
256500,0.105,0.030,0.864
257000,0.100,0.025,0.876
257500,0.096,0.034,0.870
258000,0.084,0.048,0.868
258500,0.086,0.058,0.857
259000,0.095,0.037,0.868
259500,0.106,0.038,0.856
260000,0.109,0.026,0.865
260500,0.106,0.031,0.863
261000,0.112,0.035,0.853
261500,0.088,0.029,0.882
262000,0.090,0.026,0.883
262500,0.090,0.035,0.875
263000,0.089,0.026,0.884
263500,0.112,0.040,0.848
264000,0.091,0.032,0.877
264500,0.100,0.037,0.863
265000,0.090,0.043,0.866
265500,0.106,0.051,0.842
266000,0.089,0.041,0.870
266500,0.082,0.031,0.887
267000,0.085,0.038,0.877
267500,0.070,0.048,0.882
268000,0.080,0.052,0.868
268500,0.084,0.060,0.856
269000,0.076,0.051,0.873
269500,0.077,0.041,0.881
270000,0.093,0.042,0.865
270500,0.103,0.032,0.865
271000,0.100,0.029,0.872
271500,0.091,0.021,0.888
272000,0.085,0.034,0.881
272500,0.113,0.035,0.852
273000,0.139,0.034,0.827
273500,0.135,0.026,0.839
274000,0.123,0.017,0.861
274500,0.107,0.014,0.879
275000,0.111,0.011,0.879
275500,0.100,0.027,0.873
276000,0.106,0.030,0.864
276500,0.088,0.026,0.885
277000,0.107,0.031,0.862
277500,0.086,0.032,0.882
278000,0.081,0.037,0.882
278500,0.086,0.042,0.872
279000,0.079,0.030,0.891
279500,0.086,0.046,0.867
280000,0.088,0.040,0.872
280500,0.082,0.043,0.876
281000,0.077,0.044,0.879
281500,0.081,0.032,0.887
282000,0.091,0.038,0.870
282500,0.095,0.050,0.856
283000,0.099,0.043,0.858
283500,0.093,0.049,0.858
284000,0.083,0.070,0.848
284500,0.084,0.057,0.860
285000,0.093,0.035,0.872
285500,0.088,0.043,0.869
286000,0.090,0.049,0.862
286500,0.077,0.026,0.897
287000,0.078,0.030,0.892
287500,0.100,0.037,0.863
288000,0.096,0.046,0.858
288500,0.082,0.042,0.877
289000,0.084,0.029,0.887
289500,0.083,0.033,0.885
290000,0.090,0.046,0.864
290500,0.093,0.044,0.863
291000,0.084,0.048,0.869
291500,0.085,0.048,0.868
292000,0.089,0.032,0.878
292500,0.086,0.021,0.893
293000,0.090,0.045,0.864
293500,0.093,0.036,0.870
294000,0.103,0.035,0.862
294500,0.089,0.041,0.870
295000,0.080,0.033,0.888
295500,0.076,0.046,0.878
296000,0.088,0.038,0.874
296500,0.084,0.036,0.880
297000,0.103,0.029,0.868
297500,0.102,0.035,0.864
298000,0.091,0.037,0.871
298500,0.090,0.035,0.875
299000,0.083,0.036,0.881
299500,0.088,0.045,0.867
300000,0.099,0.042,0.860
300500,0.080,0.042,0.878
301000,0.082,0.038,0.880
301500,0.093,0.032,0.876
302000,0.085,0.036,0.879
302500,0.089,0.035,0.876
303000,0.085,0.035,0.880
303500,0.102,0.033,0.865
304000,0.102,0.018,0.881
304500,0.104,0.018,0.879
305000,0.123,0.026,0.851
305500,0.121,0.030,0.848
306000,0.122,0.035,0.842
306500,0.111,0.040,0.850
307000,0.107,0.037,0.855
307500,0.099,0.033,0.868
308000,0.086,0.034,0.881
308500,0.071,0.051,0.878
309000,0.083,0.043,0.874
309500,0.103,0.033,0.864
310000,0.094,0.029,0.877
310500,0.080,0.049,0.872
311000,0.073,0.041,0.886
311500,0.103,0.041,0.856
312000,0.107,0.031,0.862
312500,0.095,0.026,0.879
313000,0.101,0.026,0.873
313500,0.101,0.048,0.852
314000,0.096,0.046,0.858
314500,0.098,0.030,0.872
315000,0.080,0.041,0.879
315500,0.101,0.051,0.849
316000,0.095,0.040,0.865
316500,0.098,0.042,0.860
317000,0.100,0.036,0.864
317500,0.104,0.035,0.860
318000,0.080,0.052,0.868
318500,0.075,0.070,0.855
319000,0.085,0.052,0.863
319500,0.098,0.040,0.863
320000,0.106,0.033,0.860
320500,0.106,0.043,0.850
321000,0.099,0.034,0.868
321500,0.097,0.032,0.872
322000,0.104,0.041,0.855
322500,0.116,0.032,0.853
323000,0.107,0.036,0.856
323500,0.093,0.036,0.871
324000,0.082,0.057,0.862
324500,0.074,0.069,0.857
325000,0.097,0.053,0.850
325500,0.100,0.033,0.868
326000,0.117,0.030,0.853
326500,0.087,0.029,0.884
327000,0.086,0.046,0.868
327500,0.079,0.051,0.870
328000,0.078,0.047,0.875
328500,0.070,0.048,0.882
329000,0.083,0.056,0.861
329500,0.095,0.058,0.848
330000,0.086,0.040,0.875
330500,0.072,0.057,0.871
331000,0.082,0.056,0.863
331500,0.084,0.049,0.867
332000,0.087,0.039,0.874
332500,0.088,0.049,0.864
333000,0.084,0.044,0.872
333500,0.083,0.043,0.874
334000,0.074,0.044,0.882
334500,0.080,0.060,0.860
335000,0.097,0.037,0.866
335500,0.085,0.036,0.879
336000,0.087,0.035,0.877
336500,0.092,0.029,0.880
337000,0.104,0.037,0.858
337500,0.111,0.025,0.865
338000,0.105,0.042,0.852
338500,0.108,0.034,0.857
339000,0.086,0.034,0.880
339500,0.074,0.033,0.892
340000,0.094,0.033,0.874
340500,0.081,0.024,0.895
341000,0.083,0.031,0.886
341500,0.101,0.034,0.866
342000,0.096,0.036,0.868
342500,0.102,0.035,0.863
343000,0.105,0.035,0.859
343500,0.095,0.029,0.877
344000,0.085,0.041,0.875
344500,0.087,0.038,0.874
345000,0.094,0.036,0.870
345500,0.080,0.039,0.881
346000,0.112,0.043,0.845
346500,0.097,0.042,0.862
347000,0.110,0.033,0.858
347500,0.096,0.032,0.872
348000,0.092,0.035,0.872
348500,0.093,0.037,0.869
349000,0.098,0.035,0.867
349500,0.105,0.037,0.857
350000,0.092,0.042,0.866
350500,0.081,0.052,0.867
351000,0.082,0.052,0.866
351500,0.082,0.035,0.883
352000,0.077,0.036,0.886
352500,0.102,0.030,0.867
353000,0.105,0.030,0.864
353500,0.099,0.045,0.856
354000,0.079,0.037,0.884
354500,0.071,0.045,0.884
355000,0.083,0.043,0.874
355500,0.085,0.043,0.873
356000,0.099,0.036,0.865
356500,0.107,0.028,0.865
357000,0.103,0.029,0.867
357500,0.070,0.045,0.885
358000,0.063,0.047,0.890
358500,0.082,0.061,0.857
359000,0.091,0.057,0.853
359500,0.102,0.045,0.852
360000,0.084,0.041,0.876
360500,0.101,0.026,0.873
361000,0.080,0.068,0.853
361500,0.085,0.051,0.864
362000,0.074,0.059,0.867
362500,0.089,0.049,0.863
363000,0.075,0.057,0.869
363500,0.068,0.053,0.879
364000,0.085,0.045,0.870
364500,0.090,0.030,0.879
365000,0.098,0.035,0.867
365500,0.072,0.038,0.889
366000,0.078,0.026,0.896
366500,0.109,0.043,0.849
367000,0.120,0.034,0.845
367500,0.111,0.034,0.855
368000,0.110,0.024,0.866
368500,0.095,0.040,0.866
369000,0.087,0.030,0.883
369500,0.089,0.035,0.875
370000,0.096,0.045,0.859
370500,0.073,0.043,0.884
371000,0.080,0.045,0.875
371500,0.083,0.051,0.866
372000,0.074,0.059,0.867
372500,0.087,0.061,0.851
373000,0.065,0.053,0.882
373500,0.078,0.044,0.878
374000,0.072,0.046,0.881
374500,0.075,0.051,0.874
375000,0.070,0.046,0.883
375500,0.064,0.048,0.888
376000,0.075,0.058,0.866
376500,0.075,0.062,0.863
377000,0.081,0.043,0.876
377500,0.083,0.040,0.878
378000,0.079,0.053,0.868
378500,0.077,0.041,0.881
379000,0.091,0.028,0.882
379500,0.082,0.043,0.876
380000,0.091,0.041,0.868
380500,0.094,0.039,0.867
381000,0.101,0.044,0.855
381500,0.097,0.040,0.863
382000,0.108,0.025,0.867
382500,0.091,0.024,0.886
383000,0.094,0.035,0.872
383500,0.083,0.042,0.875
384000,0.089,0.040,0.871
384500,0.080,0.037,0.883
385000,0.073,0.031,0.896
385500,0.085,0.038,0.877
386000,0.086,0.030,0.884
386500,0.095,0.034,0.871
387000,0.083,0.037,0.880
387500,0.091,0.044,0.865
388000,0.090,0.042,0.868
388500,0.097,0.051,0.853
389000,0.079,0.053,0.868
389500,0.073,0.049,0.878
390000,0.091,0.054,0.854
390500,0.086,0.050,0.865
391000,0.071,0.041,0.887
391500,0.082,0.041,0.877
392000,0.078,0.027,0.895
392500,0.084,0.036,0.880
393000,0.103,0.034,0.864
393500,0.109,0.028,0.864
394000,0.102,0.028,0.870
394500,0.090,0.034,0.875
395000,0.088,0.031,0.880
395500,0.083,0.052,0.865
396000,0.071,0.037,0.892
396500,0.075,0.049,0.876
397000,0.079,0.029,0.893
397500,0.088,0.051,0.861
398000,0.106,0.035,0.859
398500,0.109,0.028,0.864
399000,0.102,0.027,0.871
399500,0.099,0.039,0.862
400000,0.087,0.033,0.880
400500,0.098,0.028,0.874
401000,0.084,0.045,0.871
401500,0.088,0.046,0.865
402000,0.099,0.040,0.862
402500,0.110,0.038,0.852
403000,0.090,0.046,0.863
403500,0.088,0.033,0.878
404000,0.084,0.042,0.875
404500,0.089,0.054,0.856
405000,0.096,0.043,0.861
405500,0.089,0.040,0.871
406000,0.087,0.025,0.888
406500,0.121,0.030,0.849
407000,0.100,0.048,0.853
407500,0.091,0.059,0.850
408000,0.091,0.044,0.865
408500,0.107,0.043,0.849
409000,0.086,0.035,0.879
409500,0.084,0.037,0.879
410000,0.092,0.040,0.867
410500,0.090,0.044,0.866
411000,0.096,0.043,0.861
411500,0.099,0.040,0.861
412000,0.099,0.027,0.874
412500,0.100,0.036,0.864
413000,0.103,0.032,0.864
413500,0.090,0.035,0.874
414000,0.075,0.038,0.886
414500,0.082,0.059,0.859
415000,0.083,0.059,0.858
415500,0.088,0.062,0.849
416000,0.092,0.044,0.863
416500,0.090,0.054,0.855
417000,0.089,0.057,0.855
417500,0.083,0.033,0.885
418000,0.089,0.040,0.870
418500,0.076,0.048,0.877
419000,0.070,0.043,0.888
419500,0.077,0.041,0.883
420000,0.071,0.049,0.880
420500,0.090,0.039,0.871
421000,0.091,0.051,0.857
421500,0.079,0.034,0.888
422000,0.086,0.018,0.896
422500,0.089,0.035,0.877
423000,0.112,0.028,0.860
423500,0.100,0.051,0.850
424000,0.071,0.046,0.883
424500,0.099,0.035,0.866
425000,0.086,0.037,0.877
425500,0.075,0.027,0.897
426000,0.098,0.036,0.866
426500,0.103,0.027,0.870
427000,0.111,0.032,0.858
427500,0.102,0.029,0.870
428000,0.096,0.032,0.872
428500,0.140,0.022,0.838
429000,0.112,0.029,0.859
429500,0.096,0.049,0.856
430000,0.087,0.039,0.874
430500,0.090,0.030,0.880
431000,0.110,0.040,0.850
431500,0.085,0.051,0.864
432000,0.085,0.047,0.868
432500,0.079,0.035,0.887
433000,0.071,0.051,0.877
433500,0.079,0.033,0.889
434000,0.086,0.038,0.876
434500,0.091,0.032,0.877
435000,0.099,0.043,0.858
435500,0.087,0.041,0.872
436000,0.085,0.044,0.871
436500,0.074,0.050,0.876
437000,0.077,0.043,0.879
437500,0.072,0.041,0.887
438000,0.077,0.032,0.891
438500,0.101,0.032,0.867
439000,0.102,0.025,0.873
439500,0.095,0.041,0.864
440000,0.096,0.036,0.868
440500,0.081,0.050,0.869
441000,0.083,0.046,0.871
441500,0.093,0.046,0.861
442000,0.094,0.030,0.876
442500,0.096,0.037,0.867
443000,0.092,0.051,0.858
443500,0.082,0.049,0.870
444000,0.082,0.049,0.869
444500,0.072,0.063,0.865
445000,0.076,0.059,0.864
445500,0.084,0.034,0.883
446000,0.101,0.037,0.862
446500,0.122,0.041,0.837
447000,0.113,0.026,0.861
447500,0.097,0.030,0.873
448000,0.104,0.029,0.866
448500,0.097,0.035,0.868
449000,0.087,0.041,0.871
449500,0.103,0.031,0.865
450000,0.102,0.032,0.865
450500,0.108,0.025,0.866
451000,0.097,0.035,0.869
451500,0.114,0.034,0.852
452000,0.102,0.026,0.872
452500,0.121,0.022,0.856
453000,0.109,0.029,0.863
453500,0.107,0.021,0.871
454000,0.107,0.023,0.870
454500,0.108,0.024,0.868
455000,0.108,0.023,0.868
455500,0.108,0.040,0.853
456000,0.107,0.027,0.865
456500,0.102,0.028,0.871
457000,0.101,0.032,0.868
457500,0.094,0.042,0.865
458000,0.099,0.040,0.861
458500,0.111,0.039,0.850
459000,0.092,0.037,0.870
459500,0.085,0.032,0.884
460000,0.091,0.035,0.873
460500,0.083,0.034,0.883
461000,0.089,0.020,0.891
461500,0.102,0.029,0.869
462000,0.115,0.029,0.856
462500,0.126,0.019,0.855
463000,0.135,0.026,0.839
463500,0.134,0.032,0.835
464000,0.100,0.031,0.869
464500,0.103,0.029,0.867
465000,0.090,0.024,0.885
465500,0.097,0.022,0.881
466000,0.102,0.047,0.851
466500,0.092,0.036,0.871
467000,0.093,0.035,0.871
467500,0.086,0.036,0.878
468000,0.086,0.029,0.886
468500,0.108,0.030,0.862
469000,0.089,0.029,0.881
469500,0.094,0.029,0.877
470000,0.086,0.035,0.879
470500,0.112,0.041,0.847
471000,0.079,0.057,0.865
471500,0.096,0.053,0.851
472000,0.090,0.033,0.878
472500,0.101,0.040,0.860
473000,0.092,0.026,0.881
473500,0.098,0.021,0.881
474000,0.101,0.028,0.871
474500,0.109,0.034,0.858
475000,0.114,0.032,0.855
475500,0.107,0.025,0.868
476000,0.114,0.026,0.860
476500,0.106,0.022,0.871
477000,0.102,0.035,0.863
477500,0.106,0.030,0.864
478000,0.098,0.035,0.867
478500,0.099,0.035,0.866
479000,0.114,0.029,0.857
479500,0.095,0.033,0.873
480000,0.088,0.028,0.884
480500,0.082,0.032,0.887
481000,0.072,0.032,0.896
481500,0.079,0.038,0.883
482000,0.089,0.041,0.870
482500,0.080,0.036,0.884
483000,0.093,0.051,0.855
483500,0.076,0.037,0.886
484000,0.082,0.028,0.890
484500,0.097,0.036,0.867
485000,0.087,0.029,0.884
485500,0.084,0.028,0.889
486000,0.087,0.040,0.873
486500,0.110,0.038,0.852
487000,0.098,0.040,0.863
487500,0.088,0.033,0.879
488000,0.089,0.033,0.878
488500,0.085,0.042,0.873
489000,0.094,0.035,0.871
489500,0.091,0.032,0.877
490000,0.093,0.021,0.887
490500,0.117,0.018,0.866
491000,0.106,0.033,0.861
491500,0.091,0.033,0.876
492000,0.098,0.026,0.876
492500,0.101,0.029,0.870
493000,0.099,0.033,0.868
493500,0.111,0.030,0.859
494000,0.110,0.035,0.855
494500,0.111,0.042,0.848
495000,0.105,0.029,0.867
495500,0.086,0.041,0.873
496000,0.087,0.048,0.865
496500,0.082,0.034,0.884
497000,0.092,0.039,0.868
497500,0.104,0.030,0.865
498000,0.119,0.035,0.846
498500,0.115,0.030,0.855
499000,0.092,0.037,0.871
499500,0.102,0.037,0.860
500000,0.101,0.049,0.851
500500,0.103,0.050,0.846
501000,0.107,0.037,0.856
501500,0.112,0.034,0.855
502000,0.116,0.033,0.851
502500,0.100,0.030,0.870
503000,0.102,0.032,0.866
503500,0.122,0.044,0.834
504000,0.116,0.042,0.843
504500,0.115,0.029,0.856
505000,0.111,0.022,0.867
505500,0.106,0.027,0.866
506000,0.111,0.029,0.860
506500,0.108,0.026,0.865
507000,0.118,0.035,0.846
507500,0.115,0.027,0.858
508000,0.104,0.035,0.860
508500,0.089,0.034,0.877
509000,0.107,0.039,0.854
509500,0.098,0.026,0.876
510000,0.107,0.033,0.860
510500,0.102,0.041,0.857
511000,0.103,0.034,0.863
511500,0.098,0.024,0.879
512000,0.098,0.024,0.878
512500,0.093,0.034,0.874
513000,0.091,0.051,0.858
513500,0.073,0.046,0.880
514000,0.058,0.051,0.890
514500,0.068,0.044,0.888
515000,0.071,0.050,0.879
515500,0.088,0.054,0.857
516000,0.086,0.047,0.867
516500,0.092,0.037,0.870
517000,0.092,0.049,0.859
517500,0.082,0.050,0.869
518000,0.107,0.038,0.855
518500,0.102,0.035,0.863
519000,0.080,0.035,0.885
519500,0.080,0.040,0.880
520000,0.095,0.042,0.864
520500,0.093,0.033,0.873
521000,0.075,0.029,0.896
521500,0.090,0.035,0.875
522000,0.091,0.040,0.868
522500,0.091,0.025,0.884
523000,0.092,0.035,0.873
523500,0.102,0.057,0.841
524000,0.090,0.046,0.863
524500,0.076,0.060,0.863
525000,0.086,0.051,0.862
525500,0.085,0.061,0.854
526000,0.098,0.049,0.853
526500,0.083,0.039,0.878
527000,0.076,0.045,0.879
527500,0.069,0.048,0.884
528000,0.075,0.049,0.877
528500,0.091,0.048,0.862
529000,0.095,0.036,0.869
529500,0.097,0.035,0.868
530000,0.099,0.041,0.860
530500,0.100,0.059,0.842
531000,0.084,0.045,0.871
531500,0.116,0.031,0.853
532000,0.111,0.043,0.846
532500,0.096,0.039,0.865
533000,0.097,0.043,0.860
533500,0.092,0.047,0.861
534000,0.083,0.037,0.880
534500,0.086,0.035,0.879
535000,0.096,0.040,0.865
535500,0.100,0.032,0.868
536000,0.102,0.035,0.863
536500,0.093,0.037,0.869
537000,0.087,0.034,0.879
537500,0.087,0.041,0.872
538000,0.070,0.046,0.883
538500,0.072,0.050,0.878
539000,0.077,0.056,0.867
539500,0.075,0.059,0.866
540000,0.092,0.045,0.862
540500,0.094,0.043,0.863
541000,0.089,0.038,0.873
541500,0.085,0.043,0.872
542000,0.082,0.049,0.869
542500,0.083,0.042,0.876
543000,0.095,0.037,0.868
543500,0.097,0.053,0.850
544000,0.100,0.029,0.872
544500,0.094,0.021,0.885
545000,0.080,0.021,0.900
545500,0.084,0.026,0.890
546000,0.101,0.036,0.863
546500,0.089,0.033,0.877
547000,0.093,0.028,0.880
547500,0.115,0.025,0.861
548000,0.117,0.022,0.861
548500,0.119,0.033,0.848
549000,0.113,0.028,0.859
549500,0.099,0.032,0.869
550000,0.102,0.037,0.860
550500,0.105,0.040,0.855
551000,0.099,0.042,0.860
551500,0.083,0.029,0.888
552000,0.072,0.043,0.886
552500,0.068,0.028,0.904
553000,0.061,0.043,0.896
553500,0.068,0.050,0.882
554000,0.067,0.057,0.876
554500,0.066,0.065,0.869
555000,0.071,0.062,0.866
555500,0.071,0.046,0.882
556000,0.090,0.037,0.872
556500,0.097,0.042,0.862
557000,0.096,0.045,0.859
557500,0.092,0.037,0.871
558000,0.083,0.028,0.890
558500,0.071,0.051,0.879
559000,0.075,0.051,0.874
559500,0.071,0.049,0.880
560000,0.065,0.048,0.887
560500,0.066,0.044,0.889
561000,0.067,0.051,0.883
561500,0.089,0.054,0.857
562000,0.095,0.049,0.856
562500,0.088,0.041,0.870
563000,0.088,0.045,0.866
563500,0.092,0.030,0.878
564000,0.116,0.033,0.851
564500,0.110,0.024,0.867
565000,0.103,0.024,0.873
565500,0.096,0.035,0.869
566000,0.110,0.034,0.856
566500,0.096,0.044,0.860
567000,0.097,0.056,0.847
567500,0.099,0.033,0.869
568000,0.098,0.043,0.859
568500,0.104,0.031,0.864
569000,0.087,0.026,0.887
569500,0.092,0.039,0.869
570000,0.087,0.045,0.868
570500,0.101,0.040,0.859
571000,0.098,0.041,0.862
571500,0.110,0.042,0.849
572000,0.119,0.041,0.841
572500,0.094,0.039,0.867
573000,0.092,0.030,0.878
573500,0.102,0.033,0.865
574000,0.104,0.025,0.871
574500,0.110,0.030,0.860
575000,0.097,0.036,0.867
575500,0.085,0.054,0.861
576000,0.079,0.056,0.866
576500,0.080,0.053,0.867
577000,0.086,0.040,0.874
577500,0.082,0.040,0.878
578000,0.061,0.049,0.890
578500,0.080,0.034,0.886
579000,0.088,0.026,0.885
579500,0.087,0.040,0.873
580000,0.097,0.054,0.849
580500,0.100,0.046,0.854
581000,0.104,0.038,0.858
581500,0.086,0.043,0.872
582000,0.083,0.035,0.882
582500,0.084,0.053,0.863
583000,0.084,0.060,0.856
583500,0.093,0.050,0.857
584000,0.090,0.044,0.865
584500,0.089,0.039,0.871
585000,0.080,0.043,0.878
585500,0.065,0.040,0.896
586000,0.078,0.038,0.884
586500,0.072,0.043,0.885
587000,0.069,0.035,0.896
587500,0.092,0.038,0.870
588000,0.081,0.045,0.874
588500,0.074,0.043,0.883
589000,0.093,0.055,0.851
589500,0.103,0.046,0.851
590000,0.086,0.035,0.878
590500,0.089,0.045,0.866
591000,0.100,0.023,0.877
591500,0.108,0.028,0.863
592000,0.110,0.018,0.872
592500,0.104,0.032,0.864
593000,0.093,0.043,0.863
593500,0.084,0.038,0.878
594000,0.083,0.039,0.878
594500,0.081,0.047,0.872
595000,0.086,0.032,0.882
595500,0.076,0.045,0.879
596000,0.081,0.037,0.882
596500,0.074,0.040,0.886
597000,0.102,0.028,0.870
597500,0.095,0.029,0.876
598000,0.082,0.028,0.890
598500,0.115,0.024,0.861
599000,0.105,0.030,0.865
599500,0.120,0.024,0.856
600000,0.091,0.042,0.868
600500,0.101,0.038,0.861
601000,0.090,0.033,0.877
601500,0.087,0.048,0.866
602000,0.096,0.043,0.861
602500,0.065,0.033,0.903
603000,0.073,0.042,0.884
603500,0.083,0.043,0.874
604000,0.082,0.043,0.876
604500,0.075,0.056,0.869
605000,0.083,0.039,0.878
605500,0.085,0.019,0.896
606000,0.077,0.043,0.881
606500,0.083,0.051,0.866
607000,0.064,0.050,0.887
607500,0.085,0.054,0.861
608000,0.102,0.054,0.844
608500,0.086,0.045,0.869
609000,0.104,0.030,0.866
609500,0.093,0.031,0.876
610000,0.084,0.035,0.882
610500,0.086,0.034,0.880
611000,0.072,0.044,0.883
611500,0.099,0.037,0.864
612000,0.117,0.038,0.845
612500,0.112,0.021,0.867
613000,0.102,0.035,0.864
613500,0.110,0.030,0.860
614000,0.095,0.030,0.875
614500,0.105,0.038,0.856
615000,0.104,0.033,0.864
615500,0.097,0.029,0.874
616000,0.094,0.029,0.877
616500,0.110,0.041,0.850
617000,0.100,0.032,0.868
617500,0.089,0.021,0.889
618000,0.087,0.019,0.894
618500,0.093,0.049,0.859
619000,0.095,0.042,0.863
619500,0.110,0.025,0.866
620000,0.097,0.018,0.885
620500,0.116,0.029,0.855
621000,0.113,0.031,0.856
621500,0.104,0.018,0.877
622000,0.092,0.025,0.884
622500,0.092,0.034,0.874
623000,0.092,0.057,0.852
623500,0.080,0.057,0.863
624000,0.107,0.029,0.863
624500,0.097,0.043,0.860
625000,0.106,0.050,0.844
625500,0.098,0.041,0.861
626000,0.104,0.030,0.865
626500,0.101,0.022,0.877
627000,0.092,0.027,0.880
627500,0.081,0.026,0.893
628000,0.079,0.037,0.884
628500,0.069,0.046,0.885
629000,0.071,0.036,0.892
629500,0.082,0.051,0.867
630000,0.086,0.040,0.874
630500,0.088,0.034,0.878
631000,0.101,0.033,0.866
631500,0.098,0.032,0.870
632000,0.115,0.026,0.859
632500,0.106,0.015,0.879
633000,0.100,0.028,0.873
633500,0.093,0.037,0.869
634000,0.088,0.046,0.866
634500,0.096,0.049,0.855
635000,0.088,0.034,0.878
635500,0.085,0.043,0.873
636000,0.075,0.042,0.882
636500,0.082,0.042,0.876
637000,0.096,0.028,0.877
637500,0.101,0.030,0.869
638000,0.092,0.035,0.873
638500,0.086,0.035,0.878
639000,0.092,0.036,0.871
639500,0.081,0.038,0.881
640000,0.089,0.037,0.873
640500,0.093,0.043,0.863
641000,0.088,0.035,0.877
641500,0.089,0.037,0.874
642000,0.096,0.044,0.860
642500,0.077,0.041,0.882
643000,0.092,0.049,0.860
643500,0.101,0.032,0.867
644000,0.098,0.035,0.867
644500,0.088,0.039,0.873
645000,0.092,0.036,0.872
645500,0.101,0.035,0.864
646000,0.102,0.026,0.871
646500,0.086,0.034,0.879
647000,0.093,0.037,0.869
647500,0.112,0.044,0.844
648000,0.104,0.039,0.857
648500,0.102,0.037,0.861
649000,0.100,0.033,0.868
649500,0.108,0.033,0.858
650000,0.107,0.025,0.867
650500,0.112,0.025,0.863
651000,0.087,0.028,0.885
651500,0.072,0.025,0.903
652000,0.100,0.019,0.881
652500,0.086,0.031,0.882
653000,0.083,0.026,0.891
653500,0.095,0.030,0.875
654000,0.087,0.037,0.876
654500,0.074,0.046,0.880
655000,0.097,0.043,0.861
655500,0.089,0.039,0.871
656000,0.070,0.045,0.884
656500,0.082,0.045,0.873
657000,0.103,0.040,0.857
657500,0.107,0.042,0.851
658000,0.103,0.040,0.857
658500,0.092,0.038,0.870
659000,0.099,0.033,0.869
659500,0.090,0.035,0.876
660000,0.101,0.030,0.869
660500,0.101,0.022,0.877
661000,0.098,0.033,0.870
661500,0.096,0.034,0.870
662000,0.084,0.043,0.874
662500,0.084,0.043,0.873
663000,0.088,0.028,0.884
663500,0.104,0.029,0.867
664000,0.100,0.040,0.861
664500,0.082,0.042,0.876
665000,0.075,0.040,0.886
665500,0.084,0.040,0.876
666000,0.085,0.046,0.869
666500,0.080,0.040,0.880
667000,0.076,0.039,0.885
667500,0.076,0.056,0.868
668000,0.072,0.050,0.878
668500,0.086,0.030,0.883
669000,0.089,0.021,0.890
669500,0.096,0.024,0.880
670000,0.099,0.023,0.878
670500,0.102,0.034,0.865
671000,0.079,0.043,0.879
671500,0.096,0.051,0.853
672000,0.099,0.049,0.852
672500,0.079,0.064,0.858
673000,0.098,0.051,0.851
673500,0.076,0.053,0.870
674000,0.065,0.051,0.884
674500,0.095,0.047,0.858
675000,0.086,0.027,0.887
675500,0.090,0.021,0.890
676000,0.104,0.021,0.875
676500,0.106,0.026,0.868
677000,0.103,0.024,0.874
677500,0.101,0.022,0.877
678000,0.101,0.041,0.858
678500,0.098,0.028,0.874
679000,0.119,0.040,0.841
679500,0.097,0.050,0.854
680000,0.092,0.059,0.848
680500,0.082,0.050,0.869
681000,0.088,0.044,0.867
681500,0.089,0.042,0.869
682000,0.088,0.041,0.870
682500,0.091,0.036,0.873
683000,0.069,0.033,0.898
683500,0.091,0.051,0.858
684000,0.081,0.056,0.864
684500,0.081,0.051,0.868
685000,0.092,0.059,0.849
685500,0.089,0.052,0.859
686000,0.103,0.048,0.850
686500,0.106,0.048,0.846
687000,0.112,0.035,0.853
687500,0.108,0.036,0.855
688000,0.115,0.045,0.840
688500,0.096,0.041,0.863
689000,0.089,0.042,0.869
689500,0.089,0.044,0.866
690000,0.081,0.045,0.874
690500,0.092,0.035,0.873
691000,0.081,0.036,0.883
691500,0.083,0.030,0.887
692000,0.104,0.027,0.869
692500,0.110,0.028,0.862
693000,0.089,0.040,0.870
693500,0.088,0.036,0.875
694000,0.091,0.027,0.881
694500,0.092,0.023,0.885
695000,0.109,0.026,0.865
695500,0.112,0.027,0.861
696000,0.085,0.049,0.867
696500,0.090,0.044,0.865
697000,0.105,0.022,0.873
697500,0.096,0.024,0.880
698000,0.102,0.028,0.870
698500,0.111,0.036,0.853
699000,0.109,0.040,0.851
699500,0.087,0.035,0.877
700000,0.077,0.036,0.886
700500,0.095,0.039,0.866
701000,0.086,0.040,0.873
701500,0.101,0.035,0.865
702000,0.102,0.034,0.864
702500,0.102,0.029,0.868
703000,0.101,0.038,0.861
703500,0.106,0.038,0.855
704000,0.083,0.043,0.875
704500,0.080,0.038,0.882
705000,0.089,0.041,0.870
705500,0.083,0.033,0.885
706000,0.082,0.046,0.872
706500,0.083,0.043,0.874
707000,0.088,0.045,0.867
707500,0.092,0.058,0.851
708000,0.097,0.059,0.845
708500,0.085,0.056,0.860
709000,0.077,0.045,0.878
709500,0.082,0.035,0.883
710000,0.078,0.033,0.889
710500,0.087,0.034,0.878
711000,0.076,0.040,0.883
711500,0.111,0.041,0.848
712000,0.097,0.037,0.866
712500,0.104,0.029,0.866
713000,0.128,0.037,0.835
713500,0.135,0.035,0.830
714000,0.111,0.035,0.854
714500,0.080,0.043,0.877
715000,0.105,0.040,0.856
715500,0.101,0.051,0.848
716000,0.095,0.034,0.872
716500,0.089,0.043,0.868
717000,0.083,0.040,0.878
717500,0.087,0.054,0.858
718000,0.082,0.046,0.872
718500,0.075,0.049,0.877
719000,0.092,0.037,0.870
719500,0.077,0.043,0.880
720000,0.070,0.040,0.890
720500,0.083,0.040,0.877
721000,0.084,0.034,0.882
721500,0.100,0.022,0.878
722000,0.112,0.036,0.852
722500,0.117,0.038,0.845
723000,0.105,0.024,0.870
723500,0.106,0.021,0.872
724000,0.104,0.024,0.872
724500,0.088,0.024,0.889
725000,0.118,0.026,0.856
725500,0.097,0.041,0.862
726000,0.086,0.036,0.878
726500,0.088,0.030,0.881
727000,0.077,0.027,0.896
727500,0.102,0.021,0.876
728000,0.089,0.032,0.879
728500,0.106,0.030,0.863
729000,0.095,0.033,0.872
729500,0.097,0.034,0.869
730000,0.096,0.047,0.857
730500,0.102,0.046,0.852
731000,0.090,0.052,0.858
731500,0.082,0.037,0.881
732000,0.088,0.043,0.870
732500,0.091,0.024,0.885
733000,0.084,0.044,0.872
733500,0.070,0.051,0.878
734000,0.072,0.050,0.878
734500,0.076,0.041,0.883
735000,0.098,0.039,0.863
735500,0.101,0.025,0.874
736000,0.100,0.030,0.870
736500,0.092,0.051,0.856
737000,0.079,0.040,0.882
737500,0.081,0.034,0.885
738000,0.101,0.037,0.862
738500,0.092,0.049,0.858
739000,0.089,0.038,0.873
739500,0.107,0.026,0.867
740000,0.101,0.041,0.859
740500,0.115,0.054,0.831
741000,0.112,0.041,0.847
741500,0.105,0.028,0.867
742000,0.106,0.017,0.877
742500,0.106,0.015,0.880
743000,0.091,0.038,0.871
743500,0.102,0.038,0.859
744000,0.095,0.029,0.876
744500,0.089,0.035,0.875
745000,0.096,0.035,0.870
745500,0.086,0.032,0.883
746000,0.104,0.036,0.859
746500,0.092,0.052,0.856
747000,0.093,0.051,0.856
747500,0.081,0.058,0.861
748000,0.086,0.049,0.866
748500,0.093,0.049,0.858
749000,0.113,0.032,0.856
749500,0.094,0.028,0.878
750000,0.106,0.025,0.869
750500,0.101,0.022,0.877
751000,0.111,0.035,0.854
751500,0.108,0.029,0.863
752000,0.098,0.038,0.864
752500,0.093,0.043,0.863
753000,0.096,0.034,0.870
753500,0.092,0.049,0.858
754000,0.093,0.049,0.858
754500,0.092,0.026,0.882
755000,0.093,0.044,0.863
755500,0.098,0.046,0.856
756000,0.089,0.048,0.863
756500,0.071,0.063,0.865
757000,0.079,0.051,0.870
757500,0.068,0.048,0.885
758000,0.071,0.044,0.885
758500,0.073,0.034,0.893
759000,0.076,0.034,0.890
759500,0.073,0.034,0.894
760000,0.101,0.021,0.878
760500,0.101,0.033,0.867
761000,0.089,0.034,0.877
761500,0.095,0.029,0.876
762000,0.084,0.049,0.868
762500,0.071,0.043,0.886
763000,0.074,0.054,0.872
763500,0.076,0.051,0.872
764000,0.082,0.051,0.867
764500,0.083,0.032,0.885
765000,0.080,0.026,0.894
765500,0.080,0.047,0.873
766000,0.084,0.029,0.887
766500,0.086,0.054,0.860
767000,0.068,0.066,0.866
767500,0.061,0.059,0.880
768000,0.061,0.057,0.882
768500,0.068,0.056,0.876
769000,0.088,0.056,0.857
769500,0.085,0.057,0.859
770000,0.087,0.062,0.851
770500,0.084,0.045,0.871
771000,0.092,0.037,0.870
771500,0.097,0.032,0.871
772000,0.080,0.039,0.881
772500,0.077,0.044,0.879
773000,0.069,0.035,0.897
773500,0.071,0.043,0.885
774000,0.062,0.041,0.897
774500,0.085,0.032,0.883
775000,0.095,0.029,0.876
775500,0.097,0.036,0.867
776000,0.098,0.034,0.868
776500,0.083,0.048,0.870
777000,0.075,0.046,0.879
777500,0.093,0.048,0.859
778000,0.088,0.050,0.862
778500,0.079,0.057,0.864
779000,0.074,0.070,0.856
779500,0.072,0.073,0.855
780000,0.056,0.066,0.878
780500,0.059,0.060,0.880
781000,0.072,0.067,0.861
781500,0.090,0.065,0.845
782000,0.094,0.040,0.866
782500,0.086,0.050,0.864
783000,0.078,0.041,0.882
783500,0.089,0.048,0.862
784000,0.078,0.052,0.870
784500,0.092,0.051,0.856
785000,0.099,0.037,0.864
785500,0.088,0.029,0.883
786000,0.094,0.032,0.874
786500,0.108,0.024,0.867
787000,0.102,0.026,0.872
787500,0.093,0.032,0.874
788000,0.097,0.030,0.873
788500,0.105,0.033,0.862
789000,0.116,0.034,0.850
789500,0.119,0.021,0.861
790000,0.111,0.030,0.859
790500,0.104,0.032,0.864
791000,0.098,0.036,0.866
791500,0.096,0.051,0.853
792000,0.088,0.038,0.874
792500,0.085,0.050,0.865
793000,0.080,0.038,0.882
793500,0.088,0.035,0.878
794000,0.092,0.035,0.872
794500,0.099,0.028,0.873
795000,0.090,0.037,0.872
795500,0.081,0.029,0.890
796000,0.087,0.034,0.879
796500,0.101,0.033,0.867
797000,0.105,0.027,0.867
797500,0.120,0.026,0.853
798000,0.114,0.029,0.858
798500,0.112,0.022,0.866
799000,0.097,0.036,0.867
799500,0.089,0.040,0.871
800000,0.101,0.044,0.855
800500,0.096,0.041,0.864
801000,0.086,0.046,0.867
801500,0.081,0.040,0.879
802000,0.089,0.033,0.877
802500,0.112,0.025,0.863
803000,0.111,0.037,0.852
803500,0.108,0.051,0.841
804000,0.106,0.040,0.853
804500,0.092,0.033,0.874
805000,0.093,0.042,0.866
805500,0.087,0.049,0.864
806000,0.073,0.051,0.877
806500,0.068,0.060,0.872
807000,0.070,0.052,0.878
807500,0.059,0.053,0.887
808000,0.081,0.041,0.878
808500,0.073,0.037,0.889
809000,0.097,0.041,0.862
809500,0.101,0.043,0.856
810000,0.085,0.042,0.873
810500,0.088,0.052,0.860
811000,0.086,0.049,0.865
811500,0.101,0.038,0.861
812000,0.113,0.033,0.854
812500,0.100,0.034,0.867
813000,0.102,0.034,0.865
813500,0.100,0.040,0.861
814000,0.095,0.033,0.873
814500,0.090,0.028,0.882
815000,0.097,0.018,0.886
815500,0.096,0.036,0.868
816000,0.089,0.023,0.888
816500,0.115,0.035,0.850
817000,0.091,0.038,0.870
817500,0.101,0.029,0.871
818000,0.095,0.031,0.874
818500,0.080,0.035,0.885
819000,0.097,0.038,0.865
819500,0.080,0.051,0.870
820000,0.086,0.045,0.868
820500,0.090,0.037,0.872
821000,0.099,0.059,0.842
821500,0.091,0.042,0.867
822000,0.070,0.034,0.896
822500,0.068,0.057,0.875
823000,0.083,0.050,0.867
823500,0.092,0.053,0.855
824000,0.086,0.043,0.871
824500,0.088,0.052,0.860
825000,0.075,0.050,0.875
825500,0.073,0.043,0.885
826000,0.083,0.053,0.864
826500,0.072,0.052,0.875
827000,0.071,0.038,0.890
827500,0.079,0.045,0.876
828000,0.098,0.034,0.868
828500,0.093,0.035,0.872
829000,0.076,0.035,0.889
829500,0.084,0.026,0.890
830000,0.080,0.030,0.890
830500,0.081,0.043,0.876
831000,0.099,0.048,0.853
831500,0.090,0.036,0.874
832000,0.105,0.039,0.855
832500,0.120,0.037,0.843
833000,0.116,0.037,0.847
833500,0.104,0.040,0.855
834000,0.096,0.035,0.870
834500,0.097,0.047,0.856
835000,0.080,0.045,0.875
835500,0.079,0.026,0.895
836000,0.075,0.039,0.886
836500,0.096,0.039,0.865
837000,0.093,0.036,0.871
837500,0.097,0.052,0.851
838000,0.090,0.050,0.859
838500,0.093,0.036,0.871
839000,0.096,0.049,0.855
839500,0.100,0.053,0.847
840000,0.084,0.050,0.867
840500,0.065,0.046,0.889
841000,0.074,0.032,0.895
841500,0.096,0.040,0.864
842000,0.087,0.043,0.871
842500,0.087,0.051,0.862
843000,0.092,0.035,0.872
843500,0.090,0.038,0.871
844000,0.093,0.029,0.878
844500,0.097,0.035,0.868
845000,0.118,0.032,0.850
845500,0.116,0.021,0.864
846000,0.132,0.024,0.845
846500,0.103,0.024,0.873
847000,0.116,0.029,0.855
847500,0.129,0.031,0.840
848000,0.118,0.025,0.858
848500,0.108,0.028,0.863
849000,0.096,0.038,0.866
849500,0.079,0.036,0.885
850000,0.086,0.044,0.870
850500,0.086,0.045,0.869
851000,0.087,0.064,0.850
851500,0.105,0.054,0.840
852000,0.108,0.046,0.846
852500,0.119,0.029,0.852
853000,0.111,0.022,0.867
853500,0.102,0.038,0.860
854000,0.100,0.045,0.855
854500,0.093,0.045,0.861
855000,0.093,0.043,0.864
855500,0.102,0.031,0.866
856000,0.122,0.029,0.849
856500,0.084,0.030,0.886
857000,0.087,0.030,0.883
857500,0.076,0.037,0.887
858000,0.088,0.033,0.879
858500,0.092,0.053,0.855
859000,0.059,0.050,0.891
859500,0.070,0.052,0.877
860000,0.089,0.050,0.862
860500,0.095,0.051,0.854
861000,0.091,0.042,0.868
861500,0.086,0.041,0.873
862000,0.081,0.043,0.876
862500,0.086,0.033,0.881
863000,0.091,0.038,0.870
863500,0.077,0.047,0.875
864000,0.085,0.050,0.866
864500,0.102,0.035,0.863
865000,0.103,0.033,0.864
865500,0.117,0.033,0.850
866000,0.105,0.021,0.874
866500,0.098,0.033,0.869
867000,0.081,0.033,0.887
867500,0.080,0.033,0.887
868000,0.080,0.033,0.887
868500,0.076,0.037,0.886
869000,0.081,0.034,0.886
869500,0.093,0.038,0.868
870000,0.091,0.028,0.882
870500,0.081,0.034,0.886
871000,0.070,0.037,0.892
871500,0.069,0.035,0.896
872000,0.074,0.042,0.884
872500,0.070,0.043,0.887
873000,0.084,0.034,0.883
873500,0.088,0.028,0.884
874000,0.083,0.036,0.881
874500,0.085,0.044,0.871
875000,0.084,0.035,0.881
875500,0.085,0.037,0.878
876000,0.092,0.063,0.845
876500,0.083,0.050,0.868
877000,0.083,0.051,0.866
877500,0.089,0.039,0.872
878000,0.095,0.040,0.866
878500,0.085,0.026,0.889
879000,0.098,0.022,0.880
879500,0.114,0.041,0.845
880000,0.092,0.021,0.887
880500,0.096,0.025,0.879
881000,0.085,0.038,0.877
881500,0.097,0.035,0.868
882000,0.108,0.036,0.856
882500,0.109,0.042,0.849
883000,0.092,0.035,0.872
883500,0.092,0.036,0.872
884000,0.096,0.048,0.857
884500,0.078,0.042,0.881
885000,0.085,0.032,0.884
885500,0.099,0.037,0.864
886000,0.106,0.043,0.851
886500,0.104,0.049,0.848
887000,0.094,0.053,0.853
887500,0.079,0.043,0.879
888000,0.078,0.040,0.883
888500,0.086,0.040,0.873
889000,0.098,0.036,0.866
889500,0.103,0.032,0.865
890000,0.084,0.035,0.882
890500,0.101,0.036,0.863
891000,0.098,0.048,0.855
891500,0.093,0.029,0.878
892000,0.101,0.028,0.871
892500,0.102,0.031,0.866
893000,0.092,0.036,0.872
893500,0.111,0.040,0.849
894000,0.100,0.038,0.862
894500,0.089,0.048,0.863
895000,0.093,0.036,0.870
895500,0.090,0.046,0.863
896000,0.114,0.046,0.840
896500,0.105,0.043,0.852
897000,0.102,0.050,0.848
897500,0.092,0.046,0.861
898000,0.096,0.039,0.865
898500,0.096,0.031,0.873
899000,0.082,0.015,0.903
899500,0.086,0.040,0.875
900000,0.120,0.032,0.848
900500,0.101,0.034,0.865
901000,0.101,0.045,0.854
901500,0.100,0.032,0.868
902000,0.094,0.046,0.860
902500,0.091,0.036,0.873
903000,0.083,0.038,0.879
903500,0.097,0.031,0.872
904000,0.086,0.028,0.887
904500,0.083,0.040,0.878
905000,0.100,0.051,0.849
905500,0.093,0.048,0.860
906000,0.091,0.045,0.864
906500,0.112,0.035,0.854
907000,0.099,0.024,0.878
907500,0.102,0.019,0.879
908000,0.092,0.032,0.876
908500,0.079,0.035,0.886
909000,0.098,0.035,0.868
909500,0.098,0.031,0.871
910000,0.074,0.034,0.892
910500,0.072,0.051,0.876
911000,0.084,0.041,0.875
911500,0.086,0.044,0.869
912000,0.103,0.054,0.842
912500,0.087,0.037,0.875
913000,0.102,0.032,0.867
913500,0.106,0.035,0.859
914000,0.123,0.027,0.850
914500,0.133,0.021,0.847
915000,0.114,0.025,0.862
915500,0.109,0.031,0.860
916000,0.088,0.028,0.884
916500,0.071,0.037,0.891
917000,0.083,0.065,0.853
917500,0.078,0.048,0.874
918000,0.098,0.043,0.859
918500,0.102,0.046,0.851
919000,0.093,0.048,0.859
919500,0.094,0.045,0.861
920000,0.095,0.037,0.868
920500,0.083,0.036,0.881
921000,0.077,0.044,0.878
921500,0.091,0.055,0.853
922000,0.100,0.049,0.851
922500,0.097,0.040,0.864
923000,0.084,0.036,0.880
923500,0.077,0.035,0.888
924000,0.085,0.028,0.887
924500,0.099,0.031,0.870
925000,0.076,0.035,0.890
925500,0.087,0.030,0.883
926000,0.090,0.022,0.887
926500,0.098,0.035,0.868
927000,0.102,0.030,0.868
927500,0.102,0.034,0.863
928000,0.093,0.044,0.863
928500,0.078,0.052,0.870
929000,0.088,0.050,0.861
929500,0.112,0.034,0.855
930000,0.112,0.034,0.855
930500,0.095,0.028,0.877
931000,0.080,0.024,0.896
931500,0.102,0.035,0.863
932000,0.099,0.046,0.855
932500,0.080,0.045,0.875
933000,0.085,0.057,0.858
933500,0.097,0.044,0.859
934000,0.082,0.060,0.858
934500,0.083,0.058,0.860
935000,0.085,0.045,0.870
935500,0.075,0.042,0.883
936000,0.082,0.036,0.882
936500,0.095,0.038,0.867
937000,0.100,0.032,0.868
937500,0.097,0.026,0.877
938000,0.103,0.034,0.863
938500,0.105,0.031,0.864
939000,0.103,0.032,0.865
939500,0.101,0.020,0.879
940000,0.092,0.028,0.879
940500,0.116,0.018,0.866
941000,0.100,0.031,0.869
941500,0.093,0.031,0.875
942000,0.084,0.033,0.884
942500,0.108,0.034,0.857
943000,0.115,0.018,0.867
943500,0.122,0.024,0.853
944000,0.110,0.040,0.851
944500,0.102,0.040,0.858
945000,0.101,0.044,0.855
945500,0.102,0.035,0.863
946000,0.097,0.038,0.865
946500,0.098,0.044,0.858
947000,0.091,0.050,0.860
947500,0.088,0.049,0.863
948000,0.084,0.052,0.864
948500,0.079,0.050,0.872
949000,0.078,0.043,0.879
949500,0.102,0.035,0.864
950000,0.107,0.034,0.859
950500,0.111,0.019,0.870
951000,0.090,0.033,0.877
951500,0.100,0.028,0.873
952000,0.093,0.039,0.868
952500,0.083,0.042,0.875
953000,0.077,0.041,0.883
953500,0.100,0.044,0.856
954000,0.108,0.026,0.865
954500,0.102,0.039,0.859
955000,0.105,0.027,0.868
955500,0.090,0.036,0.873
956000,0.104,0.057,0.839
956500,0.091,0.049,0.859
957000,0.103,0.051,0.847
957500,0.099,0.042,0.860
958000,0.115,0.045,0.840
958500,0.102,0.036,0.862
959000,0.092,0.051,0.856
959500,0.081,0.032,0.888
960000,0.121,0.032,0.847
960500,0.108,0.037,0.855
961000,0.110,0.043,0.847
961500,0.111,0.025,0.864
962000,0.113,0.027,0.860
962500,0.107,0.040,0.853
963000,0.086,0.036,0.878
963500,0.085,0.038,0.877
964000,0.090,0.029,0.881
964500,0.102,0.033,0.864
965000,0.092,0.039,0.869
965500,0.082,0.044,0.874
966000,0.074,0.054,0.872
966500,0.069,0.062,0.869
967000,0.067,0.056,0.877
967500,0.077,0.043,0.880
968000,0.086,0.047,0.866
968500,0.073,0.050,0.877
969000,0.083,0.054,0.863
969500,0.090,0.043,0.867
970000,0.085,0.055,0.860
970500,0.076,0.035,0.888
971000,0.079,0.044,0.877
971500,0.067,0.037,0.896
972000,0.073,0.055,0.871
972500,0.072,0.045,0.882
973000,0.086,0.040,0.875
973500,0.083,0.045,0.872
974000,0.084,0.038,0.878
974500,0.068,0.059,0.873
975000,0.073,0.052,0.874
975500,0.071,0.051,0.878
976000,0.097,0.037,0.866
976500,0.084,0.041,0.875
977000,0.114,0.039,0.847
977500,0.099,0.038,0.863
978000,0.107,0.030,0.862
978500,0.091,0.029,0.881
979000,0.081,0.041,0.878
979500,0.062,0.049,0.889
980000,0.073,0.042,0.885
980500,0.086,0.048,0.866
981000,0.088,0.052,0.860
981500,0.092,0.039,0.869
982000,0.088,0.038,0.874
982500,0.102,0.024,0.875
983000,0.100,0.038,0.862
983500,0.116,0.038,0.846
984000,0.085,0.029,0.886
984500,0.077,0.025,0.898
985000,0.106,0.022,0.872
985500,0.107,0.029,0.864
986000,0.107,0.029,0.863
986500,0.121,0.035,0.845
987000,0.096,0.039,0.865
987500,0.100,0.040,0.861
988000,0.101,0.044,0.855
988500,0.088,0.052,0.860
989000,0.082,0.052,0.866
989500,0.082,0.056,0.862
990000,0.079,0.062,0.859
990500,0.076,0.051,0.873
991000,0.090,0.035,0.876
991500,0.091,0.030,0.878
992000,0.109,0.040,0.851
992500,0.087,0.043,0.870
993000,0.099,0.041,0.861
993500,0.102,0.037,0.861
994000,0.103,0.041,0.855
994500,0.090,0.046,0.863
995000,0.087,0.057,0.856
995500,0.077,0.042,0.882
996000,0.080,0.054,0.866
996500,0.083,0.046,0.871
997000,0.082,0.043,0.875
997500,0.082,0.030,0.888
998000,0.079,0.034,0.888
998500,0.083,0.031,0.886
999000,0.091,0.023,0.886
999500,0.083,0.035,0.882
1000000,0.096,0.029,0.876
