time,n_A+p,n_B,n_AB
100,0.030,0.968,0.002
200,0.030,0.959,0.011
300,0.030,0.954,0.016
400,0.030,0.951,0.019
500,0.030,0.944,0.026
600,0.030,0.942,0.028
700,0.030,0.938,0.032
800,0.030,0.936,0.034
900,0.030,0.935,0.035
1000,0.030,0.930,0.040
1100,0.030,0.928,0.042
1200,0.030,0.924,0.046
1300,0.030,0.921,0.049
1400,0.030,0.909,0.061
1500,0.030,0.908,0.062
1600,0.031,0.903,0.066
1700,0.031,0.889,0.080
1800,0.031,0.884,0.085
1900,0.031,0.877,0.092
2000,0.031,0.877,0.092
2100,0.031,0.873,0.096
2200,0.031,0.860,0.109
2300,0.031,0.850,0.119
2400,0.032,0.839,0.129
2500,0.031,0.836,0.133
2600,0.031,0.829,0.140
2700,0.031,0.819,0.150
2800,0.036,0.806,0.158
2900,0.036,0.800,0.164
3000,0.036,0.791,0.173
3100,0.036,0.778,0.186
3200,0.036,0.758,0.206
3300,0.038,0.747,0.215
3400,0.037,0.746,0.217
3500,0.036,0.738,0.226
3600,0.035,0.723,0.242
3700,0.037,0.718,0.245
3800,0.038,0.700,0.262
3900,0.041,0.695,0.264
4000,0.039,0.687,0.274
4100,0.039,0.680,0.281
4200,0.038,0.677,0.285
4300,0.038,0.665,0.297
4400,0.038,0.650,0.312
4500,0.037,0.641,0.322
4600,0.035,0.631,0.334
4700,0.035,0.622,0.343
4800,0.034,0.605,0.361
4900,0.038,0.598,0.364
5000,0.039,0.595,0.366
5100,0.041,0.581,0.378
5200,0.044,0.573,0.383
5300,0.041,0.567,0.392
5400,0.042,0.557,0.401
5500,0.042,0.539,0.419
5600,0.043,0.521,0.436
5700,0.039,0.502,0.459
5800,0.041,0.493,0.466
5900,0.048,0.474,0.478
6000,0.052,0.464,0.484
6100,0.050,0.459,0.491
6200,0.051,0.439,0.510
6300,0.053,0.420,0.527
6400,0.052,0.403,0.545
6500,0.058,0.394,0.548
6600,0.058,0.381,0.561
6700,0.064,0.377,0.559
6800,0.066,0.357,0.577
6900,0.067,0.340,0.593
7000,0.070,0.337,0.593
7100,0.074,0.331,0.595
7200,0.078,0.318,0.604
7300,0.076,0.310,0.614
7400,0.077,0.303,0.620
7500,0.078,0.286,0.636
7600,0.082,0.281,0.637
7700,0.083,0.280,0.637
7800,0.088,0.277,0.635
7900,0.094,0.265,0.641
8000,0.095,0.259,0.646
8100,0.095,0.257,0.648
8200,0.099,0.256,0.645
8300,0.102,0.249,0.649
8400,0.103,0.249,0.648
8500,0.107,0.234,0.659
8600,0.099,0.243,0.658
8700,0.103,0.234,0.663
8800,0.108,0.229,0.663
8900,0.113,0.225,0.662
9000,0.112,0.227,0.661
9100,0.116,0.224,0.660
9200,0.117,0.224,0.659
9300,0.126,0.213,0.661
9400,0.125,0.204,0.671
9500,0.119,0.213,0.668
9600,0.112,0.213,0.675
9700,0.112,0.214,0.674
9800,0.110,0.213,0.677
9900,0.110,0.205,0.685
10000,0.110,0.204,0.686
10100,0.107,0.198,0.695
10200,0.105,0.197,0.698
10300,0.109,0.207,0.684
10400,0.108,0.216,0.676
10500,0.112,0.207,0.681
10600,0.119,0.203,0.678
10700,0.123,0.202,0.675
10800,0.129,0.195,0.676
10900,0.126,0.191,0.683
11000,0.123,0.187,0.690
11100,0.120,0.189,0.691
11200,0.125,0.192,0.683
11300,0.124,0.183,0.693
11400,0.124,0.185,0.691
11500,0.129,0.189,0.682
11600,0.130,0.182,0.688
11700,0.126,0.186,0.688
11800,0.131,0.185,0.684
11900,0.135,0.178,0.687
12000,0.138,0.179,0.683
12100,0.149,0.178,0.673
12200,0.144,0.179,0.677
12300,0.151,0.183,0.666
12400,0.153,0.182,0.665
12500,0.152,0.174,0.674
12600,0.147,0.170,0.683
12700,0.151,0.177,0.672
12800,0.153,0.177,0.670
12900,0.151,0.183,0.666
13000,0.147,0.182,0.671
13100,0.154,0.182,0.664
13200,0.149,0.178,0.673
13300,0.158,0.184,0.658
13400,0.163,0.178,0.659
13500,0.159,0.170,0.671
13600,0.165,0.163,0.672
13700,0.166,0.165,0.669
13800,0.164,0.156,0.680
13900,0.165,0.150,0.685
14000,0.160,0.152,0.688
14100,0.152,0.155,0.693
14200,0.155,0.151,0.694
14300,0.154,0.140,0.706
14400,0.165,0.133,0.702
14500,0.174,0.138,0.688
14600,0.170,0.133,0.697
14700,0.171,0.144,0.685
14800,0.170,0.147,0.683
14900,0.163,0.145,0.692
15000,0.163,0.139,0.698
15100,0.161,0.149,0.690
15200,0.158,0.148,0.694
15300,0.157,0.145,0.698
15400,0.164,0.152,0.684
15500,0.169,0.158,0.673
15600,0.163,0.150,0.687
15700,0.158,0.157,0.685
15800,0.155,0.152,0.693
15900,0.158,0.157,0.685
16000,0.151,0.161,0.688
16100,0.147,0.158,0.695
16200,0.147,0.155,0.698
16300,0.147,0.144,0.709
16400,0.153,0.144,0.703
16500,0.152,0.148,0.700
16600,0.154,0.143,0.703
16700,0.157,0.149,0.694
16800,0.149,0.153,0.698
16900,0.148,0.149,0.703
17000,0.146,0.147,0.707
17100,0.156,0.136,0.708
17200,0.147,0.138,0.715
17300,0.144,0.144,0.712
17400,0.142,0.144,0.714
17500,0.142,0.152,0.706
17600,0.147,0.150,0.703
17700,0.155,0.146,0.699
17800,0.155,0.150,0.695
17900,0.158,0.155,0.687
18000,0.162,0.150,0.688
18100,0.165,0.148,0.687
18200,0.169,0.146,0.685
18300,0.166,0.143,0.691
18400,0.173,0.138,0.689
18500,0.173,0.143,0.684
18600,0.174,0.145,0.681
18700,0.169,0.141,0.690
18800,0.164,0.145,0.691
18900,0.159,0.147,0.694
19000,0.150,0.141,0.709
19100,0.148,0.136,0.716
19200,0.154,0.135,0.711
19300,0.151,0.138,0.711
19400,0.157,0.138,0.705
19500,0.157,0.146,0.697
19600,0.160,0.146,0.694
19700,0.159,0.141,0.700
19800,0.152,0.132,0.716
19900,0.153,0.124,0.723
20000,0.154,0.118,0.728
20100,0.148,0.122,0.730
20200,0.154,0.126,0.720
20300,0.159,0.127,0.714
20400,0.156,0.125,0.719
20500,0.159,0.120,0.721
20600,0.163,0.121,0.716
20700,0.163,0.118,0.719
20800,0.159,0.115,0.726
20900,0.156,0.115,0.729
21000,0.159,0.109,0.732
21100,0.162,0.099,0.739
21200,0.165,0.093,0.742
21300,0.161,0.103,0.736
21400,0.164,0.103,0.733
21500,0.159,0.107,0.734
21600,0.160,0.107,0.733
21700,0.164,0.112,0.724
21800,0.162,0.115,0.723
21900,0.165,0.112,0.723
22000,0.166,0.114,0.720
22100,0.166,0.116,0.718
22200,0.162,0.113,0.725
22300,0.164,0.104,0.732
22400,0.162,0.105,0.733
22500,0.161,0.107,0.732
22600,0.156,0.106,0.738
22700,0.157,0.107,0.736
22800,0.160,0.100,0.740
22900,0.154,0.100,0.746
23000,0.160,0.099,0.741
23100,0.164,0.099,0.737
23200,0.176,0.099,0.725
23300,0.170,0.104,0.726
23400,0.174,0.107,0.719
23500,0.174,0.116,0.710
23600,0.184,0.123,0.693
23700,0.180,0.125,0.695
23800,0.183,0.128,0.689
23900,0.179,0.125,0.696
24000,0.176,0.118,0.706
24100,0.178,0.113,0.709
24200,0.175,0.115,0.710
24300,0.177,0.113,0.710
24400,0.173,0.109,0.718
24500,0.170,0.109,0.721
24600,0.169,0.103,0.728
24700,0.172,0.091,0.737
24800,0.180,0.096,0.724
24900,0.182,0.095,0.723
25000,0.199,0.102,0.699
25100,0.190,0.108,0.702
25200,0.184,0.114,0.702
25300,0.185,0.115,0.700
25400,0.188,0.113,0.699
25500,0.191,0.114,0.695
25600,0.189,0.112,0.699
25700,0.179,0.107,0.714
25800,0.177,0.111,0.712
25900,0.180,0.110,0.710
26000,0.175,0.107,0.718
26100,0.183,0.106,0.711
26200,0.167,0.112,0.721
26300,0.171,0.112,0.717
26400,0.190,0.114,0.696
26500,0.190,0.115,0.695
26600,0.188,0.114,0.698
26700,0.183,0.114,0.703
26800,0.183,0.117,0.700
26900,0.182,0.118,0.700
27000,0.183,0.117,0.700
27100,0.188,0.125,0.687
27200,0.181,0.125,0.694
27300,0.190,0.119,0.691
27400,0.192,0.121,0.687
27500,0.184,0.116,0.700
27600,0.182,0.122,0.696
27700,0.181,0.120,0.699
27800,0.191,0.123,0.686
27900,0.187,0.116,0.697
28000,0.184,0.120,0.696
28100,0.192,0.122,0.686
28200,0.192,0.122,0.686
28300,0.186,0.121,0.693
28400,0.188,0.117,0.695
28500,0.179,0.112,0.709
28600,0.180,0.109,0.711
28700,0.173,0.109,0.718
28800,0.173,0.104,0.723
28900,0.174,0.115,0.711
29000,0.178,0.115,0.707
29100,0.184,0.115,0.701
29200,0.178,0.109,0.713
29300,0.181,0.105,0.714
29400,0.175,0.108,0.717
29500,0.184,0.100,0.716
29600,0.180,0.106,0.714
29700,0.178,0.113,0.709
29800,0.164,0.114,0.722
29900,0.163,0.112,0.725
30000,0.163,0.111,0.726
30100,0.164,0.109,0.727
30200,0.161,0.103,0.736
30300,0.152,0.105,0.743
30400,0.153,0.105,0.742
30500,0.142,0.113,0.745
30600,0.147,0.113,0.740
30700,0.145,0.115,0.740
30800,0.147,0.111,0.742
30900,0.148,0.105,0.747
31000,0.146,0.115,0.739
31100,0.142,0.130,0.728
31200,0.141,0.129,0.730
31300,0.140,0.129,0.731
31400,0.138,0.132,0.730
31500,0.135,0.132,0.733
31600,0.130,0.134,0.736
31700,0.130,0.139,0.731
31800,0.134,0.129,0.737
31900,0.136,0.128,0.736
32000,0.132,0.128,0.740
32100,0.136,0.131,0.733
32200,0.137,0.129,0.734
32300,0.146,0.126,0.728
32400,0.142,0.125,0.733
32500,0.138,0.119,0.743
32600,0.143,0.109,0.748
32700,0.145,0.107,0.748
32800,0.144,0.111,0.745
32900,0.148,0.105,0.747
33000,0.156,0.105,0.739
33100,0.158,0.098,0.744
33200,0.156,0.098,0.746
33300,0.155,0.095,0.750
33400,0.153,0.094,0.753
33500,0.160,0.088,0.752
33600,0.164,0.090,0.746
33700,0.172,0.096,0.732
33800,0.170,0.104,0.726
33900,0.169,0.113,0.718
34000,0.163,0.110,0.727
34100,0.160,0.119,0.721
34200,0.166,0.119,0.715
34300,0.168,0.120,0.712
34400,0.167,0.115,0.718
34500,0.167,0.113,0.720
34600,0.176,0.118,0.706
34700,0.174,0.120,0.706
34800,0.175,0.116,0.709
34900,0.164,0.119,0.717
35000,0.163,0.127,0.710
35100,0.163,0.130,0.707
35200,0.161,0.134,0.705
35300,0.155,0.130,0.715
35400,0.156,0.135,0.709
35500,0.156,0.126,0.718
35600,0.154,0.130,0.716
35700,0.157,0.128,0.715
35800,0.166,0.121,0.713
35900,0.170,0.114,0.716
36000,0.175,0.111,0.714
36100,0.181,0.106,0.713
36200,0.182,0.106,0.712
36300,0.174,0.105,0.721
36400,0.169,0.111,0.720
36500,0.171,0.112,0.717
36600,0.169,0.110,0.721
36700,0.169,0.111,0.720
36800,0.175,0.104,0.721
36900,0.174,0.094,0.732
37000,0.171,0.101,0.728
37100,0.170,0.095,0.735
37200,0.171,0.092,0.737
37300,0.170,0.089,0.741
37400,0.180,0.092,0.728
37500,0.190,0.090,0.720
37600,0.191,0.097,0.712
37700,0.192,0.098,0.710
37800,0.184,0.091,0.725
37900,0.182,0.096,0.722
38000,0.182,0.099,0.719
38100,0.181,0.101,0.718
38200,0.180,0.106,0.714
38300,0.176,0.111,0.713
38400,0.177,0.108,0.715
38500,0.175,0.113,0.712
38600,0.176,0.108,0.716
38700,0.180,0.106,0.714
38800,0.175,0.109,0.716
38900,0.177,0.108,0.715
39000,0.176,0.107,0.717
39100,0.178,0.115,0.707
39200,0.180,0.112,0.708
39300,0.185,0.113,0.702
39400,0.186,0.113,0.701
39500,0.182,0.125,0.693
39600,0.178,0.128,0.694
39700,0.181,0.124,0.695
39800,0.189,0.124,0.687
39900,0.185,0.126,0.689
40000,0.187,0.129,0.684
40100,0.191,0.135,0.674
40200,0.193,0.131,0.676
40300,0.187,0.135,0.678
40400,0.182,0.148,0.670
40500,0.176,0.143,0.681
40600,0.174,0.141,0.685
40700,0.178,0.132,0.690
40800,0.182,0.130,0.688
40900,0.177,0.125,0.698
41000,0.179,0.120,0.701
41100,0.181,0.118,0.701
41200,0.184,0.119,0.697
41300,0.181,0.129,0.690
41400,0.187,0.128,0.685
41500,0.190,0.127,0.683
41600,0.189,0.127,0.684
41700,0.183,0.125,0.692
41800,0.181,0.128,0.691
41900,0.174,0.126,0.700
42000,0.173,0.124,0.703
42100,0.170,0.131,0.699
42200,0.172,0.129,0.699
42300,0.178,0.125,0.697
42400,0.176,0.121,0.703
42500,0.179,0.128,0.693
42600,0.181,0.139,0.680
42700,0.183,0.131,0.686
42800,0.183,0.124,0.693
42900,0.184,0.122,0.694
43000,0.176,0.127,0.697
43100,0.173,0.120,0.707
43200,0.174,0.128,0.698
43300,0.179,0.131,0.690
43400,0.176,0.129,0.695
43500,0.170,0.133,0.697
43600,0.174,0.133,0.693
43700,0.173,0.124,0.703
43800,0.170,0.121,0.709
43900,0.175,0.121,0.704
44000,0.177,0.125,0.698
44100,0.175,0.121,0.704
44200,0.184,0.118,0.698
44300,0.188,0.118,0.694
44400,0.185,0.113,0.702
44500,0.186,0.104,0.710
44600,0.183,0.099,0.718
44700,0.174,0.107,0.719
44800,0.170,0.106,0.724
44900,0.168,0.100,0.732
45000,0.168,0.108,0.724
45100,0.164,0.107,0.729
45200,0.156,0.106,0.738
45300,0.159,0.104,0.737
45400,0.161,0.103,0.736
45500,0.161,0.100,0.739
45600,0.167,0.100,0.733
45700,0.168,0.107,0.725
45800,0.182,0.106,0.712
45900,0.185,0.108,0.707
46000,0.185,0.104,0.711
46100,0.189,0.104,0.707
46200,0.191,0.103,0.706
46300,0.193,0.098,0.709
46400,0.184,0.102,0.714
46500,0.190,0.109,0.701
46600,0.183,0.107,0.710
46700,0.176,0.108,0.716
46800,0.168,0.110,0.722
46900,0.175,0.114,0.711
47000,0.174,0.123,0.703
47100,0.166,0.116,0.718
47200,0.167,0.116,0.717
47300,0.169,0.119,0.712
47400,0.171,0.112,0.717
47500,0.166,0.107,0.727
47600,0.169,0.110,0.721
47700,0.176,0.110,0.714
47800,0.178,0.099,0.723
47900,0.182,0.102,0.716
48000,0.179,0.106,0.715
48100,0.178,0.113,0.709
48200,0.187,0.106,0.707
48300,0.192,0.109,0.699
48400,0.185,0.112,0.703
48500,0.185,0.104,0.711
48600,0.181,0.103,0.716
48700,0.178,0.106,0.716
48800,0.186,0.113,0.701
48900,0.178,0.111,0.711
49000,0.174,0.106,0.720
49100,0.169,0.103,0.728
49200,0.169,0.105,0.726
49300,0.158,0.113,0.729
49400,0.160,0.118,0.722
49500,0.173,0.118,0.709
49600,0.173,0.120,0.707
49700,0.171,0.119,0.710
49800,0.170,0.110,0.720
49900,0.175,0.103,0.722
50000,0.186,0.103,0.711
50100,0.190,0.100,0.710
50200,0.196,0.098,0.706
50300,0.201,0.096,0.703
50400,0.199,0.094,0.707
50500,0.199,0.096,0.705
50600,0.197,0.104,0.699
50700,0.192,0.105,0.703
50800,0.187,0.116,0.697
50900,0.190,0.111,0.699
51000,0.193,0.112,0.695
51100,0.193,0.112,0.695
51200,0.191,0.113,0.696
51300,0.188,0.119,0.693
51400,0.182,0.120,0.698
51500,0.182,0.118,0.700
51600,0.178,0.120,0.702
51700,0.174,0.122,0.704
51800,0.177,0.117,0.706
51900,0.172,0.112,0.716
52000,0.163,0.111,0.726
52100,0.163,0.106,0.731
52200,0.160,0.114,0.726
52300,0.174,0.115,0.711
52400,0.166,0.118,0.716
52500,0.161,0.119,0.720
52600,0.161,0.121,0.718
52700,0.161,0.124,0.715
52800,0.162,0.125,0.713
52900,0.163,0.126,0.711
53000,0.167,0.127,0.706
53100,0.176,0.134,0.690
53200,0.183,0.133,0.684
53300,0.178,0.134,0.688
53400,0.176,0.129,0.695
53500,0.170,0.122,0.708
53600,0.172,0.122,0.706
53700,0.174,0.129,0.697
53800,0.174,0.124,0.702
53900,0.174,0.130,0.696
54000,0.187,0.130,0.683
54100,0.188,0.127,0.685
54200,0.181,0.133,0.686
54300,0.181,0.125,0.694
54400,0.187,0.123,0.690
54500,0.188,0.135,0.677
54600,0.195,0.139,0.666
54700,0.196,0.146,0.658
54800,0.187,0.143,0.670
54900,0.181,0.142,0.677
55000,0.182,0.138,0.680
55100,0.185,0.129,0.686
55200,0.179,0.132,0.689
55300,0.184,0.134,0.682
55400,0.179,0.143,0.678
55500,0.177,0.140,0.683
55600,0.168,0.138,0.694
55700,0.174,0.144,0.682
55800,0.192,0.144,0.664
55900,0.186,0.138,0.676
56000,0.184,0.130,0.686
56100,0.194,0.132,0.674
56200,0.199,0.139,0.662
56300,0.197,0.143,0.660
56400,0.195,0.136,0.669
56500,0.207,0.129,0.664
56600,0.207,0.138,0.655
56700,0.205,0.147,0.648
56800,0.202,0.146,0.652
56900,0.197,0.151,0.652
57000,0.199,0.151,0.650
57100,0.197,0.149,0.654
57200,0.197,0.140,0.663
57300,0.195,0.149,0.656
57400,0.185,0.142,0.673
57500,0.194,0.143,0.663
57600,0.193,0.137,0.670
57700,0.195,0.138,0.667
57800,0.190,0.135,0.675
57900,0.197,0.132,0.671
58000,0.196,0.131,0.673
58100,0.198,0.130,0.672
58200,0.196,0.125,0.679
58300,0.200,0.120,0.680
58400,0.199,0.124,0.677
58500,0.196,0.125,0.679
58600,0.188,0.122,0.690
58700,0.186,0.123,0.691
58800,0.186,0.118,0.696
58900,0.186,0.117,0.697
59000,0.178,0.113,0.709
59100,0.186,0.105,0.709
59200,0.191,0.109,0.700
59300,0.182,0.109,0.709
59400,0.182,0.106,0.712
59500,0.185,0.108,0.707
59600,0.182,0.109,0.709
59700,0.190,0.110,0.700
59800,0.194,0.109,0.697
59900,0.197,0.110,0.693
60000,0.196,0.110,0.694
60100,0.199,0.115,0.686
60200,0.195,0.116,0.689
60300,0.191,0.115,0.694
60400,0.195,0.110,0.695
60500,0.200,0.110,0.690
60600,0.200,0.116,0.684
60700,0.198,0.115,0.687
60800,0.198,0.109,0.693
60900,0.192,0.108,0.700
61000,0.190,0.107,0.703
61100,0.185,0.108,0.707
61200,0.185,0.115,0.700
61300,0.187,0.110,0.703
61400,0.183,0.112,0.705
61500,0.174,0.108,0.718
61600,0.167,0.113,0.720
61700,0.168,0.118,0.714
61800,0.164,0.113,0.723
61900,0.159,0.117,0.724
62000,0.162,0.119,0.719
62100,0.160,0.113,0.727
62200,0.159,0.113,0.728
62300,0.156,0.113,0.731
62400,0.162,0.111,0.727
62500,0.171,0.112,0.717
62600,0.172,0.114,0.714
62700,0.171,0.114,0.715
62800,0.169,0.111,0.720
62900,0.166,0.120,0.714
63000,0.161,0.129,0.710
63100,0.167,0.128,0.705
63200,0.164,0.133,0.703
63300,0.165,0.126,0.709
63400,0.160,0.122,0.718
63500,0.161,0.119,0.720
63600,0.159,0.116,0.725
63700,0.156,0.118,0.726
63800,0.155,0.114,0.731
63900,0.151,0.118,0.731
64000,0.151,0.114,0.735
64100,0.156,0.111,0.733
64200,0.165,0.112,0.723
64300,0.155,0.116,0.729
64400,0.157,0.119,0.724
64500,0.159,0.109,0.732
64600,0.158,0.117,0.725
64700,0.167,0.122,0.711
64800,0.161,0.128,0.711
64900,0.159,0.128,0.713
65000,0.163,0.138,0.699
65100,0.164,0.140,0.696
65200,0.163,0.134,0.703
65300,0.166,0.131,0.703
65400,0.172,0.123,0.705
65500,0.184,0.120,0.696
65600,0.181,0.122,0.697
65700,0.172,0.130,0.698
65800,0.173,0.129,0.698
65900,0.177,0.127,0.696
66000,0.181,0.123,0.696
66100,0.179,0.133,0.688
66200,0.182,0.132,0.686
66300,0.178,0.135,0.687
66400,0.180,0.122,0.698
66500,0.183,0.118,0.699
66600,0.185,0.112,0.703
66700,0.180,0.119,0.701
66800,0.195,0.117,0.688
66900,0.199,0.117,0.684
67000,0.202,0.117,0.681
67100,0.199,0.114,0.687
67200,0.196,0.116,0.688
67300,0.204,0.117,0.679
67400,0.196,0.115,0.689
67500,0.188,0.110,0.702
67600,0.184,0.112,0.704
67700,0.175,0.123,0.702
67800,0.186,0.120,0.694
67900,0.181,0.116,0.703
68000,0.182,0.115,0.703
68100,0.169,0.101,0.730
68200,0.170,0.108,0.722
68300,0.168,0.106,0.726
68400,0.168,0.112,0.720
68500,0.172,0.117,0.711
68600,0.172,0.124,0.704
68700,0.166,0.121,0.713
68800,0.169,0.123,0.708
68900,0.165,0.128,0.707
69000,0.172,0.125,0.703
69100,0.169,0.130,0.701
69200,0.164,0.126,0.710
69300,0.166,0.124,0.710
69400,0.160,0.120,0.720
69500,0.161,0.115,0.724
69600,0.156,0.120,0.724
69700,0.160,0.118,0.722
69800,0.170,0.107,0.723
69900,0.170,0.106,0.724
70000,0.169,0.112,0.719
70100,0.176,0.119,0.705
70200,0.183,0.119,0.698
70300,0.181,0.117,0.702
70400,0.182,0.121,0.697
70500,0.188,0.112,0.700
70600,0.187,0.109,0.704
70700,0.176,0.109,0.715
70800,0.175,0.116,0.709
70900,0.175,0.121,0.704
71000,0.172,0.119,0.709
71100,0.170,0.115,0.715
71200,0.167,0.118,0.715
71300,0.163,0.123,0.714
71400,0.160,0.127,0.713
71500,0.163,0.123,0.714
71600,0.162,0.126,0.712
71700,0.163,0.130,0.707
71800,0.158,0.131,0.711
71900,0.160,0.133,0.707
72000,0.161,0.125,0.714
72100,0.163,0.123,0.714
72200,0.168,0.121,0.711
72300,0.164,0.128,0.708
72400,0.167,0.121,0.712
72500,0.169,0.123,0.708
72600,0.163,0.121,0.716
72700,0.153,0.115,0.732
72800,0.156,0.127,0.717
72900,0.156,0.133,0.711
73000,0.153,0.136,0.711
73100,0.147,0.145,0.708
73200,0.147,0.149,0.704
73300,0.145,0.146,0.709
73400,0.145,0.136,0.719
73500,0.150,0.141,0.709
73600,0.152,0.138,0.710
73700,0.151,0.133,0.716
73800,0.148,0.130,0.722
73900,0.156,0.132,0.712
74000,0.156,0.122,0.722
74100,0.158,0.120,0.722
74200,0.165,0.123,0.712
74300,0.161,0.125,0.714
74400,0.158,0.119,0.723
74500,0.155,0.119,0.726
74600,0.160,0.114,0.726
74700,0.166,0.115,0.719
74800,0.158,0.113,0.729
74900,0.156,0.112,0.732
75000,0.159,0.107,0.734
75100,0.169,0.110,0.721
75200,0.172,0.112,0.716
75300,0.173,0.107,0.720
75400,0.182,0.118,0.700
75500,0.186,0.123,0.691
75600,0.184,0.120,0.696
75700,0.186,0.118,0.696
75800,0.188,0.110,0.702
75900,0.189,0.110,0.701
76000,0.194,0.118,0.688
76100,0.193,0.120,0.687
76200,0.188,0.115,0.697
76300,0.189,0.111,0.700
76400,0.180,0.119,0.701
76500,0.185,0.113,0.702
76600,0.190,0.106,0.704
76700,0.184,0.101,0.715
76800,0.174,0.105,0.721
76900,0.173,0.106,0.721
77000,0.177,0.114,0.709
77100,0.175,0.106,0.719
77200,0.172,0.105,0.723
77300,0.171,0.105,0.724
77400,0.165,0.107,0.728
77500,0.156,0.114,0.730
77600,0.170,0.103,0.727
77700,0.173,0.106,0.721
77800,0.171,0.101,0.728
77900,0.174,0.112,0.714
78000,0.179,0.116,0.705
78100,0.181,0.122,0.697
78200,0.182,0.123,0.695
78300,0.184,0.122,0.694
78400,0.187,0.121,0.692
78500,0.190,0.122,0.688
78600,0.192,0.116,0.692
78700,0.184,0.127,0.689
78800,0.184,0.128,0.688
78900,0.191,0.121,0.688
79000,0.195,0.119,0.686
79100,0.193,0.122,0.685
79200,0.191,0.123,0.686
79300,0.183,0.127,0.690
79400,0.179,0.133,0.688
79500,0.176,0.126,0.698
79600,0.177,0.122,0.701
79700,0.179,0.116,0.705
79800,0.173,0.120,0.707
79900,0.174,0.121,0.705
80000,0.167,0.122,0.711
80100,0.171,0.121,0.708
80200,0.166,0.115,0.719
80300,0.160,0.118,0.722
80400,0.158,0.116,0.726
80500,0.164,0.119,0.717
80600,0.163,0.123,0.714
80700,0.178,0.124,0.698
80800,0.177,0.121,0.702
80900,0.178,0.124,0.698
81000,0.174,0.133,0.693
81100,0.173,0.127,0.700
81200,0.172,0.133,0.695
81300,0.186,0.133,0.681
81400,0.177,0.135,0.688
81500,0.185,0.135,0.680
81600,0.178,0.124,0.698
81700,0.174,0.121,0.705
81800,0.176,0.125,0.699
81900,0.177,0.114,0.709
82000,0.183,0.111,0.706
82100,0.173,0.119,0.708
82200,0.169,0.117,0.714
82300,0.167,0.120,0.713
82400,0.166,0.118,0.716
82500,0.161,0.113,0.726
82600,0.168,0.115,0.717
82700,0.167,0.113,0.720
82800,0.168,0.116,0.716
82900,0.170,0.121,0.709
83000,0.175,0.121,0.704
83100,0.170,0.120,0.710
83200,0.169,0.112,0.719
83300,0.167,0.115,0.718
83400,0.170,0.111,0.719
83500,0.164,0.122,0.714
83600,0.167,0.118,0.715
83700,0.166,0.116,0.718
83800,0.174,0.109,0.717
83900,0.183,0.106,0.711
84000,0.173,0.106,0.721
84100,0.176,0.110,0.714
84200,0.175,0.114,0.711
84300,0.175,0.126,0.699
84400,0.179,0.116,0.705
84500,0.179,0.116,0.705
84600,0.179,0.121,0.700
84700,0.174,0.119,0.707
84800,0.176,0.119,0.705
84900,0.173,0.115,0.712
85000,0.180,0.112,0.708
85100,0.179,0.106,0.715
85200,0.184,0.108,0.708
85300,0.185,0.103,0.712
85400,0.187,0.097,0.716
85500,0.193,0.096,0.711
85600,0.198,0.097,0.705
85700,0.198,0.104,0.698
85800,0.189,0.109,0.702
85900,0.191,0.106,0.703
86000,0.197,0.117,0.686
86100,0.200,0.113,0.687
86200,0.201,0.109,0.690
86300,0.202,0.107,0.691
86400,0.196,0.113,0.691
86500,0.191,0.111,0.698
86600,0.199,0.110,0.691
86700,0.193,0.107,0.700
86800,0.195,0.106,0.699
86900,0.196,0.103,0.701
87000,0.192,0.108,0.700
87100,0.186,0.103,0.711
87200,0.189,0.107,0.704
87300,0.190,0.102,0.708
87400,0.191,0.103,0.706
87500,0.192,0.112,0.696
87600,0.197,0.111,0.692
87700,0.194,0.115,0.691
87800,0.193,0.125,0.682
87900,0.191,0.120,0.689
88000,0.190,0.111,0.699
88100,0.179,0.112,0.709
88200,0.179,0.113,0.708
88300,0.174,0.113,0.713
88400,0.181,0.109,0.710
88500,0.189,0.113,0.698
88600,0.186,0.109,0.705
88700,0.182,0.105,0.713
88800,0.187,0.099,0.714
88900,0.194,0.104,0.702
89000,0.194,0.109,0.697
89100,0.191,0.107,0.702
89200,0.187,0.109,0.704
89300,0.186,0.112,0.702
89400,0.184,0.113,0.703
89500,0.190,0.119,0.691
89600,0.185,0.117,0.698
89700,0.181,0.118,0.701
89800,0.188,0.122,0.690
89900,0.199,0.120,0.681
90000,0.192,0.118,0.690
90100,0.205,0.114,0.681
90200,0.206,0.109,0.685
90300,0.195,0.119,0.686
90400,0.197,0.118,0.685
90500,0.201,0.115,0.684
90600,0.199,0.116,0.685
90700,0.194,0.118,0.688
90800,0.191,0.115,0.694
90900,0.194,0.116,0.690
91000,0.188,0.121,0.691
91100,0.182,0.122,0.696
91200,0.172,0.126,0.702
91300,0.163,0.118,0.719
91400,0.169,0.117,0.714
91500,0.168,0.120,0.712
91600,0.166,0.117,0.717
91700,0.161,0.122,0.717
91800,0.164,0.123,0.713
91900,0.164,0.127,0.709
92000,0.159,0.127,0.714
92100,0.166,0.129,0.705
92200,0.165,0.125,0.710
92300,0.166,0.119,0.715
92400,0.171,0.118,0.711
92500,0.175,0.119,0.706
92600,0.177,0.119,0.704
92700,0.175,0.114,0.711
92800,0.179,0.121,0.700
92900,0.189,0.114,0.697
93000,0.191,0.107,0.702
93100,0.182,0.113,0.705
93200,0.181,0.116,0.703
93300,0.190,0.105,0.705
93400,0.186,0.102,0.712
93500,0.183,0.108,0.709
93600,0.181,0.108,0.711
93700,0.181,0.110,0.709
93800,0.185,0.115,0.700
93900,0.182,0.110,0.708
94000,0.180,0.106,0.714
94100,0.179,0.107,0.714
94200,0.190,0.107,0.703
94300,0.185,0.116,0.699
94400,0.185,0.117,0.698
94500,0.190,0.112,0.698
94600,0.191,0.106,0.703
94700,0.185,0.094,0.721
94800,0.187,0.088,0.725
94900,0.187,0.086,0.727
95000,0.190,0.099,0.711
95100,0.194,0.106,0.700
95200,0.186,0.104,0.710
95300,0.189,0.105,0.706
95400,0.194,0.108,0.698
95500,0.195,0.104,0.701
95600,0.196,0.109,0.695
95700,0.197,0.113,0.690
95800,0.192,0.111,0.697
95900,0.191,0.109,0.700
96000,0.186,0.113,0.701
96100,0.184,0.107,0.709
96200,0.188,0.105,0.707
96300,0.191,0.104,0.705
96400,0.188,0.107,0.705
96500,0.187,0.102,0.711
96600,0.185,0.102,0.713
96700,0.189,0.102,0.709
96800,0.191,0.105,0.704
96900,0.183,0.103,0.714
97000,0.185,0.103,0.712
97100,0.190,0.102,0.708
97200,0.198,0.102,0.700
97300,0.194,0.095,0.711
97400,0.196,0.095,0.709
97500,0.191,0.096,0.713
97600,0.189,0.097,0.714
97700,0.189,0.092,0.719
97800,0.183,0.091,0.726
97900,0.184,0.098,0.718
98000,0.180,0.093,0.727
98100,0.181,0.106,0.713
98200,0.179,0.097,0.724
98300,0.176,0.099,0.725
98400,0.183,0.102,0.715
98500,0.184,0.104,0.712
98600,0.183,0.110,0.707
98700,0.183,0.110,0.707
98800,0.185,0.109,0.706
98900,0.191,0.113,0.696
99000,0.191,0.120,0.689
99100,0.191,0.115,0.694
99200,0.194,0.114,0.692
99300,0.199,0.105,0.696
99400,0.205,0.101,0.694
99500,0.194,0.103,0.703
99600,0.197,0.092,0.711
99700,0.191,0.087,0.722
99800,0.191,0.084,0.725
99900,0.193,0.082,0.725
100000,0.196,0.081,0.723
