time,n_A+p,n_B,n_AB
1000,0.192,0.299,0.509
2000,0.144,0.303,0.553
3000,0.064,0.490,0.446
4000,0.021,0.661,0.318
5000,0.004,0.726,0.270
6000,0.002,0.812,0.186
7000,0.000,0.897,0.103
8000,0.000,0.909,0.091
9000,0.000,0.913,0.087
10000,0.000,0.936,0.064
11000,0.000,0.968,0.032
12000,0.000,0.971,0.029
13000,0.000,0.972,0.028
14000,0.000,0.994,0.006
15000,0.000,0.999,0.001
16000,0.000,1.000,0.000
