time,n_A+p,n_B,n_AB
500,0.080,0.608,0.312
1000,0.080,0.342,0.578
1500,0.084,0.262,0.654
2000,0.103,0.185,0.712
2500,0.104,0.164,0.733
3000,0.150,0.105,0.744
3500,0.301,0.034,0.664
4000,0.537,0.004,0.458
4500,0.624,0.000,0.376
5000,0.734,0.000,0.266
5500,0.825,0.000,0.175
6000,0.892,0.000,0.108
6500,0.889,0.000,0.111
7000,0.897,0.000,0.103
7500,0.909,0.000,0.091
8000,0.919,0.000,0.081
8500,0.933,0.000,0.067
9000,0.947,0.000,0.053
9500,0.980,0.000,0.020
10000,0.970,0.000,0.030
10500,0.976,0.000,0.024
11000,0.995,0.000,0.005
11500,0.999,0.000,0.001
12000,1.000,0.000,0.000
12500,1.000,0.000,0.000
