time,n_A+p,n_B,n_AB
500,0.080,0.804,0.116
1000,0.084,0.677,0.239
1500,0.083,0.601,0.316
2000,0.081,0.577,0.342
2500,0.085,0.553,0.362
3000,0.088,0.510,0.402
3500,0.083,0.519,0.398
4000,0.081,0.550,0.369
4500,0.087,0.534,0.379
5000,0.091,0.458,0.451
5500,0.099,0.482,0.419
6000,0.097,0.484,0.419
6500,0.097,0.445,0.458
7000,0.100,0.465,0.435
7500,0.107,0.447,0.446
8000,0.091,0.478,0.431
8500,0.095,0.525,0.380
9000,0.092,0.461,0.447
9500,0.098,0.470,0.432
10000,0.102,0.450,0.448
10500,0.085,0.497,0.418
11000,0.097,0.418,0.485
11500,0.104,0.440,0.456
12000,0.110,0.463,0.427
12500,0.122,0.416,0.462
13000,0.116,0.425,0.459
13500,0.116,0.368,0.516
14000,0.106,0.441,0.453
14500,0.102,0.433,0.465
15000,0.109,0.403,0.488
15500,0.110,0.425,0.465
16000,0.115,0.422,0.463
16500,0.112,0.384,0.504
17000,0.123,0.392,0.485
17500,0.127,0.393,0.480
18000,0.128,0.378,0.494
18500,0.115,0.397,0.488
19000,0.117,0.431,0.452
19500,0.107,0.481,0.412
20000,0.107,0.473,0.420
20500,0.098,0.437,0.465
21000,0.096,0.475,0.429
21500,0.092,0.499,0.409
22000,0.092,0.392,0.516
22500,0.095,0.447,0.458
23000,0.101,0.438,0.461
23500,0.105,0.409,0.486
24000,0.113,0.411,0.476
24500,0.110,0.415,0.475
25000,0.124,0.367,0.509
25500,0.119,0.369,0.512
26000,0.109,0.417,0.474
26500,0.095,0.436,0.469
27000,0.105,0.454,0.441
27500,0.102,0.450,0.448
28000,0.099,0.453,0.448
28500,0.105,0.457,0.438
29000,0.107,0.468,0.425
29500,0.089,0.482,0.429
30000,0.100,0.454,0.446
30500,0.108,0.446,0.446
31000,0.133,0.353,0.514
31500,0.154,0.320,0.526
32000,0.150,0.329,0.521
32500,0.175,0.307,0.518
33000,0.190,0.278,0.532
33500,0.200,0.242,0.558
34000,0.226,0.182,0.592
34500,0.320,0.145,0.535
35000,0.425,0.076,0.499
35500,0.562,0.027,0.411
36000,0.717,0.007,0.276
36500,0.825,0.003,0.172
37000,0.875,0.000,0.125
37500,0.934,0.000,0.066
38000,0.966,0.000,0.034
38500,0.966,0.000,0.034
39000,0.967,0.000,0.033
39500,0.988,0.000,0.012
40000,0.996,0.000,0.004
40500,1.000,0.000,0.000
