time,n_A+p,n_B,n_AB
500,0.050,0.864,0.086
1000,0.050,0.710,0.240
1500,0.050,0.528,0.422
2000,0.050,0.400,0.550
2500,0.050,0.295,0.655
3000,0.056,0.221,0.723
3500,0.064,0.178,0.758
4000,0.079,0.127,0.795
4500,0.109,0.104,0.787
5000,0.155,0.061,0.784
5500,0.165,0.047,0.788
6000,0.191,0.041,0.768
6500,0.201,0.041,0.758
7000,0.222,0.019,0.759
7500,0.215,0.017,0.767
8000,0.217,0.023,0.759
8500,0.257,0.022,0.721
9000,0.273,0.010,0.718
9500,0.268,0.004,0.728
10000,0.277,0.003,0.721
10500,0.288,0.009,0.703
11000,0.291,0.005,0.703
11500,0.277,0.005,0.718
12000,0.270,0.007,0.723
12500,0.263,0.012,0.726
13000,0.258,0.024,0.719
13500,0.239,0.012,0.748
14000,0.220,0.016,0.764
14500,0.254,0.007,0.739
15000,0.266,0.015,0.719
15500,0.225,0.025,0.750
16000,0.249,0.025,0.727
16500,0.299,0.013,0.688
17000,0.300,0.015,0.685
17500,0.269,0.017,0.715
18000,0.283,0.021,0.697
18500,0.288,0.011,0.701
19000,0.258,0.011,0.731
19500,0.271,0.009,0.721
20000,0.301,0.009,0.690
20500,0.278,0.009,0.713
21000,0.299,0.012,0.689
21500,0.261,0.009,0.730
22000,0.290,0.015,0.695
22500,0.264,0.006,0.730
23000,0.280,0.009,0.711
23500,0.269,0.009,0.723
24000,0.274,0.015,0.711
24500,0.240,0.022,0.738
25000,0.266,0.021,0.713
25500,0.242,0.022,0.736
26000,0.257,0.010,0.734
26500,0.272,0.007,0.721
27000,0.280,0.007,0.713
27500,0.265,0.012,0.723
28000,0.280,0.017,0.704
28500,0.260,0.014,0.726
29000,0.267,0.005,0.728
29500,0.252,0.010,0.738
30000,0.249,0.026,0.724
30500,0.246,0.013,0.742
31000,0.228,0.013,0.759
31500,0.230,0.010,0.760
32000,0.220,0.015,0.765
32500,0.260,0.021,0.720
33000,0.289,0.018,0.694
33500,0.312,0.005,0.682
34000,0.299,0.007,0.693
34500,0.304,0.008,0.688
35000,0.299,0.007,0.694
35500,0.304,0.009,0.687
36000,0.349,0.004,0.646
36500,0.290,0.007,0.702
37000,0.247,0.011,0.741
37500,0.271,0.009,0.721
38000,0.270,0.012,0.718
38500,0.267,0.016,0.718
39000,0.242,0.010,0.748
39500,0.255,0.007,0.738
40000,0.269,0.011,0.721
40500,0.255,0.015,0.730
41000,0.273,0.005,0.722
41500,0.303,0.003,0.695
42000,0.303,0.005,0.692
42500,0.286,0.013,0.701
43000,0.271,0.012,0.717
43500,0.283,0.019,0.698
44000,0.261,0.019,0.720
44500,0.255,0.018,0.727
45000,0.246,0.011,0.743
45500,0.243,0.012,0.745
46000,0.211,0.014,0.775
46500,0.224,0.013,0.763
47000,0.235,0.015,0.749
47500,0.221,0.019,0.760
48000,0.212,0.018,0.769
48500,0.228,0.028,0.745
49000,0.249,0.026,0.725
49500,0.244,0.020,0.736
50000,0.278,0.011,0.712
50500,0.228,0.019,0.753
51000,0.241,0.022,0.737
51500,0.249,0.009,0.742
52000,0.261,0.011,0.729
52500,0.242,0.018,0.740
53000,0.249,0.013,0.738
53500,0.264,0.011,0.726
54000,0.289,0.014,0.697
54500,0.290,0.011,0.699
55000,0.276,0.011,0.713
55500,0.276,0.011,0.714
56000,0.255,0.011,0.734
56500,0.259,0.022,0.719
57000,0.244,0.016,0.740
57500,0.254,0.017,0.730
58000,0.249,0.021,0.729
58500,0.244,0.015,0.740
59000,0.233,0.018,0.749
59500,0.227,0.025,0.748
60000,0.239,0.021,0.740
60500,0.260,0.013,0.728
61000,0.263,0.016,0.721
61500,0.295,0.013,0.692
62000,0.287,0.010,0.703
62500,0.301,0.013,0.686
63000,0.233,0.014,0.753
63500,0.269,0.015,0.716
64000,0.269,0.018,0.713
64500,0.253,0.022,0.725
65000,0.254,0.016,0.730
65500,0.265,0.015,0.720
66000,0.282,0.013,0.705
66500,0.286,0.005,0.709
67000,0.269,0.007,0.724
67500,0.244,0.009,0.748
68000,0.263,0.006,0.731
68500,0.293,0.002,0.705
69000,0.295,0.001,0.704
69500,0.278,0.009,0.713
70000,0.234,0.019,0.747
70500,0.232,0.020,0.748
71000,0.223,0.031,0.746
71500,0.222,0.018,0.761
72000,0.272,0.006,0.722
72500,0.254,0.007,0.739
73000,0.245,0.016,0.738
73500,0.237,0.014,0.749
74000,0.218,0.029,0.752
74500,0.225,0.021,0.754
75000,0.239,0.013,0.747
75500,0.227,0.017,0.757
76000,0.206,0.019,0.774
76500,0.234,0.013,0.754
77000,0.247,0.018,0.736
77500,0.236,0.026,0.738
78000,0.222,0.037,0.741
78500,0.186,0.045,0.768
79000,0.197,0.042,0.761
79500,0.234,0.035,0.731
80000,0.244,0.025,0.730
80500,0.218,0.024,0.759
81000,0.221,0.021,0.758
81500,0.235,0.030,0.734
82000,0.229,0.021,0.750
82500,0.268,0.012,0.720
83000,0.286,0.012,0.702
83500,0.315,0.018,0.667
84000,0.291,0.024,0.684
84500,0.270,0.020,0.710
85000,0.297,0.015,0.688
85500,0.295,0.019,0.686
86000,0.271,0.022,0.708
86500,0.265,0.010,0.725
87000,0.273,0.019,0.709
87500,0.258,0.018,0.724
88000,0.264,0.021,0.716
88500,0.273,0.021,0.707
89000,0.284,0.022,0.694
89500,0.245,0.024,0.731
90000,0.231,0.024,0.745
90500,0.217,0.025,0.757
91000,0.218,0.023,0.759
91500,0.221,0.028,0.751
92000,0.229,0.021,0.751
92500,0.223,0.014,0.763
93000,0.233,0.011,0.757
93500,0.218,0.026,0.755
94000,0.227,0.022,0.751
94500,0.247,0.014,0.738
95000,0.249,0.013,0.738
95500,0.269,0.017,0.715
96000,0.278,0.009,0.713
96500,0.267,0.009,0.724
97000,0.269,0.009,0.723
97500,0.253,0.005,0.742
98000,0.256,0.006,0.738
98500,0.249,0.011,0.739
99000,0.243,0.015,0.742
99500,0.266,0.015,0.720
100000,0.275,0.010,0.716
100500,0.250,0.009,0.741
101000,0.268,0.015,0.718
101500,0.278,0.015,0.707
102000,0.273,0.011,0.716
102500,0.293,0.009,0.698
103000,0.277,0.003,0.721
103500,0.242,0.005,0.752
104000,0.241,0.015,0.743
104500,0.246,0.019,0.735
105000,0.213,0.032,0.756
105500,0.237,0.025,0.737
106000,0.241,0.019,0.739
106500,0.231,0.017,0.753
107000,0.262,0.024,0.715
107500,0.209,0.025,0.765
108000,0.205,0.015,0.780
108500,0.178,0.029,0.793
109000,0.215,0.029,0.756
109500,0.222,0.030,0.748
110000,0.234,0.030,0.736
110500,0.208,0.019,0.773
111000,0.217,0.030,0.752
111500,0.245,0.018,0.737
112000,0.253,0.017,0.731
112500,0.232,0.009,0.759
113000,0.231,0.029,0.741
113500,0.240,0.020,0.740
114000,0.243,0.018,0.739
114500,0.271,0.011,0.718
115000,0.261,0.011,0.729
115500,0.273,0.004,0.723
116000,0.266,0.013,0.722
116500,0.254,0.003,0.744
117000,0.273,0.011,0.716
117500,0.273,0.013,0.714
118000,0.265,0.004,0.731
118500,0.294,0.015,0.692
119000,0.292,0.014,0.694
119500,0.279,0.008,0.714
120000,0.295,0.003,0.702
120500,0.314,0.012,0.674
121000,0.305,0.008,0.687
121500,0.324,0.009,0.667
122000,0.303,0.005,0.691
122500,0.292,0.004,0.703
123000,0.268,0.002,0.730
123500,0.246,0.003,0.751
124000,0.274,0.003,0.723
124500,0.290,0.010,0.700
125000,0.262,0.015,0.723
125500,0.250,0.017,0.734
126000,0.258,0.019,0.723
126500,0.262,0.024,0.714
127000,0.252,0.015,0.733
127500,0.226,0.020,0.754
128000,0.225,0.021,0.754
128500,0.240,0.015,0.745
129000,0.258,0.004,0.738
129500,0.267,0.015,0.719
130000,0.282,0.011,0.707
130500,0.266,0.005,0.729
131000,0.271,0.013,0.717
131500,0.232,0.013,0.755
132000,0.236,0.011,0.753
132500,0.206,0.029,0.766
133000,0.215,0.027,0.758
133500,0.251,0.018,0.731
134000,0.244,0.009,0.747
134500,0.273,0.007,0.721
135000,0.253,0.006,0.741
135500,0.313,0.011,0.676
136000,0.288,0.011,0.701
136500,0.261,0.007,0.732
137000,0.256,0.006,0.738
137500,0.247,0.017,0.736
138000,0.273,0.007,0.720
138500,0.261,0.010,0.730
139000,0.285,0.007,0.708
139500,0.257,0.009,0.734
140000,0.254,0.011,0.735
140500,0.248,0.017,0.736
141000,0.255,0.009,0.737
141500,0.241,0.012,0.746
142000,0.256,0.004,0.740
142500,0.252,0.019,0.729
143000,0.248,0.019,0.732
143500,0.215,0.022,0.763
144000,0.194,0.024,0.782
144500,0.227,0.029,0.744
145000,0.226,0.021,0.753
145500,0.202,0.035,0.764
146000,0.212,0.024,0.764
146500,0.226,0.022,0.752
147000,0.251,0.019,0.730
147500,0.225,0.026,0.749
148000,0.229,0.019,0.752
148500,0.298,0.008,0.694
149000,0.282,0.004,0.714
149500,0.290,0.013,0.697
150000,0.314,0.007,0.679
150500,0.271,0.011,0.718
151000,0.264,0.011,0.725
151500,0.203,0.019,0.777
152000,0.225,0.041,0.735
152500,0.212,0.025,0.763
153000,0.234,0.011,0.755
153500,0.277,0.015,0.709
154000,0.292,0.009,0.699
154500,0.292,0.007,0.701
155000,0.283,0.002,0.715
155500,0.235,0.009,0.755
156000,0.271,0.006,0.724
156500,0.254,0.009,0.738
157000,0.247,0.021,0.732
157500,0.262,0.021,0.717
158000,0.268,0.016,0.716
158500,0.262,0.015,0.723
159000,0.273,0.015,0.712
159500,0.305,0.004,0.691
160000,0.309,0.004,0.687
160500,0.311,0.004,0.685
161000,0.260,0.011,0.729
161500,0.248,0.017,0.735
162000,0.283,0.006,0.710
162500,0.282,0.007,0.710
163000,0.302,0.018,0.679
163500,0.312,0.009,0.678
164000,0.276,0.009,0.715
164500,0.270,0.009,0.721
165000,0.281,0.007,0.713
165500,0.291,0.005,0.703
166000,0.257,0.009,0.734
166500,0.225,0.009,0.766
167000,0.246,0.015,0.739
167500,0.239,0.015,0.746
168000,0.256,0.015,0.729
168500,0.232,0.011,0.757
169000,0.226,0.016,0.758
169500,0.238,0.019,0.743
170000,0.208,0.018,0.774
170500,0.219,0.015,0.767
171000,0.242,0.020,0.738
171500,0.226,0.016,0.758
172000,0.241,0.015,0.744
172500,0.280,0.017,0.704
173000,0.271,0.006,0.723
173500,0.283,0.011,0.705
174000,0.289,0.007,0.704
174500,0.330,0.007,0.662
175000,0.264,0.006,0.730
175500,0.295,0.005,0.700
176000,0.291,0.005,0.704
176500,0.281,0.005,0.714
177000,0.298,0.011,0.690
177500,0.270,0.005,0.725
178000,0.251,0.010,0.739
178500,0.262,0.013,0.725
179000,0.248,0.014,0.738
179500,0.249,0.013,0.738
180000,0.254,0.011,0.735
180500,0.270,0.012,0.718
181000,0.288,0.009,0.703
181500,0.245,0.017,0.738
182000,0.257,0.011,0.732
182500,0.243,0.011,0.745
183000,0.259,0.019,0.722
183500,0.274,0.009,0.717
184000,0.261,0.011,0.728
184500,0.282,0.019,0.699
185000,0.299,0.008,0.693
185500,0.308,0.005,0.686
186000,0.277,0.011,0.713
186500,0.281,0.009,0.711
187000,0.276,0.009,0.715
187500,0.249,0.016,0.734
188000,0.255,0.011,0.734
188500,0.245,0.013,0.743
189000,0.246,0.022,0.732
189500,0.239,0.021,0.740
190000,0.239,0.018,0.743
190500,0.238,0.021,0.741
191000,0.255,0.016,0.730
191500,0.231,0.016,0.753
192000,0.265,0.009,0.726
192500,0.292,0.009,0.698
193000,0.291,0.005,0.704
193500,0.279,0.005,0.717
194000,0.277,0.009,0.714
194500,0.286,0.004,0.710
195000,0.308,0.006,0.685
195500,0.305,0.021,0.673
196000,0.285,0.019,0.695
196500,0.266,0.015,0.720
197000,0.247,0.010,0.742
197500,0.282,0.003,0.715
198000,0.285,0.005,0.710
198500,0.289,0.004,0.707
199000,0.305,0.003,0.692
199500,0.297,0.011,0.693
200000,0.298,0.009,0.693
200500,0.287,0.004,0.710
201000,0.289,0.012,0.699
201500,0.280,0.018,0.702
202000,0.291,0.015,0.694
202500,0.276,0.017,0.708
203000,0.222,0.021,0.757
203500,0.251,0.017,0.732
204000,0.272,0.008,0.720
204500,0.230,0.015,0.755
205000,0.202,0.022,0.776
205500,0.201,0.026,0.773
206000,0.215,0.018,0.766
206500,0.239,0.013,0.747
207000,0.253,0.010,0.738
207500,0.253,0.018,0.730
208000,0.207,0.022,0.771
208500,0.227,0.038,0.735
209000,0.215,0.021,0.764
209500,0.241,0.018,0.741
210000,0.237,0.037,0.725
210500,0.257,0.015,0.728
211000,0.257,0.018,0.726
211500,0.248,0.011,0.741
212000,0.272,0.006,0.722
212500,0.285,0.008,0.707
213000,0.259,0.009,0.733
213500,0.229,0.015,0.756
214000,0.229,0.020,0.751
214500,0.202,0.043,0.755
215000,0.214,0.033,0.752
215500,0.223,0.032,0.746
216000,0.231,0.024,0.745
216500,0.226,0.015,0.759
217000,0.218,0.009,0.772
217500,0.273,0.011,0.716
218000,0.254,0.010,0.736
218500,0.251,0.007,0.742
219000,0.266,0.016,0.718
219500,0.256,0.021,0.723
220000,0.290,0.017,0.693
220500,0.287,0.013,0.701
221000,0.284,0.012,0.704
221500,0.292,0.010,0.698
222000,0.261,0.012,0.728
222500,0.258,0.017,0.725
223000,0.252,0.027,0.721
223500,0.241,0.007,0.752
224000,0.274,0.014,0.712
224500,0.249,0.021,0.730
225000,0.234,0.036,0.730
225500,0.243,0.024,0.733
226000,0.244,0.026,0.729
226500,0.252,0.022,0.726
227000,0.243,0.009,0.748
227500,0.244,0.011,0.745
228000,0.279,0.013,0.708
228500,0.253,0.004,0.743
229000,0.220,0.015,0.766
229500,0.203,0.026,0.770
230000,0.203,0.033,0.765
230500,0.210,0.029,0.760
231000,0.232,0.022,0.746
231500,0.225,0.015,0.761
232000,0.238,0.014,0.748
232500,0.269,0.018,0.713
233000,0.253,0.013,0.735
233500,0.260,0.015,0.726
234000,0.271,0.007,0.722
234500,0.271,0.021,0.708
235000,0.267,0.017,0.716
235500,0.270,0.012,0.718
236000,0.281,0.010,0.709
236500,0.301,0.006,0.693
237000,0.291,0.005,0.704
237500,0.277,0.018,0.706
238000,0.292,0.015,0.693
238500,0.234,0.019,0.747
239000,0.246,0.013,0.741
239500,0.228,0.011,0.761
240000,0.261,0.026,0.714
240500,0.226,0.015,0.759
241000,0.229,0.029,0.742
241500,0.227,0.026,0.747
242000,0.245,0.018,0.738
242500,0.215,0.013,0.772
243000,0.229,0.014,0.757
243500,0.228,0.015,0.757
244000,0.222,0.041,0.738
244500,0.211,0.035,0.755
245000,0.223,0.031,0.746
245500,0.245,0.021,0.734
246000,0.236,0.011,0.754
246500,0.233,0.011,0.757
247000,0.302,0.009,0.689
247500,0.287,0.009,0.704
248000,0.298,0.007,0.695
248500,0.288,0.015,0.697
249000,0.273,0.010,0.718
249500,0.290,0.018,0.692
250000,0.270,0.022,0.708
250500,0.282,0.011,0.707
251000,0.235,0.016,0.749
251500,0.215,0.009,0.776
252000,0.241,0.009,0.750
252500,0.258,0.015,0.727
253000,0.276,0.012,0.712
253500,0.265,0.015,0.720
254000,0.287,0.018,0.694
254500,0.253,0.012,0.735
255000,0.242,0.020,0.738
255500,0.243,0.013,0.745
256000,0.302,0.014,0.684
256500,0.265,0.012,0.723
257000,0.265,0.010,0.726
257500,0.292,0.006,0.702
258000,0.284,0.004,0.712
258500,0.299,0.013,0.688
259000,0.266,0.010,0.724
259500,0.258,0.003,0.739
260000,0.289,0.002,0.710
260500,0.297,0.020,0.683
261000,0.266,0.014,0.720
261500,0.241,0.022,0.737
262000,0.222,0.018,0.760
262500,0.235,0.011,0.754
263000,0.261,0.004,0.735
263500,0.267,0.005,0.728
264000,0.299,0.008,0.693
264500,0.288,0.007,0.705
265000,0.304,0.018,0.678
265500,0.289,0.011,0.701
266000,0.283,0.019,0.698
266500,0.304,0.021,0.674
267000,0.288,0.015,0.697
267500,0.328,0.008,0.664
268000,0.311,0.006,0.683
268500,0.285,0.008,0.707
269000,0.302,0.009,0.689
269500,0.289,0.006,0.705
270000,0.296,0.005,0.699
270500,0.299,0.006,0.695
271000,0.279,0.012,0.710
271500,0.277,0.009,0.715
272000,0.299,0.009,0.693
272500,0.265,0.009,0.726
273000,0.293,0.008,0.699
273500,0.272,0.011,0.717
274000,0.267,0.026,0.707
274500,0.249,0.017,0.734
275000,0.257,0.015,0.729
275500,0.205,0.028,0.768
276000,0.209,0.032,0.758
276500,0.232,0.021,0.747
277000,0.248,0.013,0.740
277500,0.255,0.011,0.734
278000,0.243,0.014,0.743
278500,0.253,0.021,0.726
279000,0.239,0.035,0.727
279500,0.243,0.029,0.728
280000,0.240,0.016,0.744
280500,0.247,0.010,0.742
281000,0.259,0.010,0.731
281500,0.264,0.019,0.717
282000,0.253,0.009,0.739
282500,0.257,0.011,0.733
283000,0.284,0.013,0.703
283500,0.284,0.011,0.705
284000,0.271,0.015,0.714
284500,0.245,0.011,0.744
285000,0.272,0.009,0.719
285500,0.309,0.005,0.686
286000,0.294,0.005,0.700
286500,0.321,0.004,0.675
287000,0.289,0.004,0.707
287500,0.279,0.006,0.715
288000,0.293,0.006,0.701
288500,0.290,0.005,0.705
289000,0.312,0.007,0.680
289500,0.302,0.011,0.686
290000,0.270,0.017,0.713
290500,0.253,0.007,0.740
291000,0.261,0.015,0.725
291500,0.258,0.009,0.733
292000,0.288,0.009,0.703
292500,0.274,0.011,0.715
293000,0.274,0.011,0.715
293500,0.285,0.009,0.706
294000,0.253,0.008,0.739
294500,0.219,0.030,0.751
295000,0.216,0.034,0.750
295500,0.205,0.028,0.768
296000,0.209,0.025,0.766
296500,0.238,0.015,0.747
297000,0.258,0.013,0.730
297500,0.258,0.018,0.724
298000,0.253,0.025,0.722
298500,0.223,0.017,0.760
299000,0.210,0.029,0.760
299500,0.243,0.018,0.738
300000,0.234,0.015,0.750
300500,0.266,0.011,0.723
301000,0.299,0.006,0.694
301500,0.290,0.003,0.707
302000,0.268,0.013,0.720
302500,0.278,0.009,0.713
303000,0.278,0.018,0.705
303500,0.263,0.007,0.731
304000,0.291,0.007,0.702
304500,0.276,0.006,0.718
305000,0.303,0.004,0.692
305500,0.275,0.015,0.711
306000,0.336,0.008,0.656
306500,0.321,0.003,0.676
307000,0.316,0.002,0.682
307500,0.318,0.008,0.674
308000,0.295,0.004,0.701
308500,0.291,0.004,0.704
309000,0.292,0.004,0.704
309500,0.312,0.006,0.681
310000,0.303,0.008,0.689
310500,0.293,0.009,0.698
311000,0.278,0.004,0.718
311500,0.261,0.011,0.728
312000,0.219,0.019,0.762
312500,0.235,0.017,0.748
313000,0.204,0.011,0.785
313500,0.252,0.015,0.734
314000,0.262,0.021,0.717
314500,0.245,0.021,0.734
315000,0.234,0.009,0.757
315500,0.246,0.017,0.738
316000,0.233,0.025,0.742
316500,0.233,0.022,0.745
317000,0.199,0.030,0.770
317500,0.224,0.035,0.741
318000,0.232,0.038,0.730
318500,0.216,0.035,0.748
319000,0.210,0.048,0.743
319500,0.197,0.039,0.764
320000,0.201,0.035,0.764
320500,0.222,0.021,0.757
321000,0.239,0.024,0.737
321500,0.229,0.025,0.746
322000,0.239,0.017,0.744
322500,0.234,0.017,0.749
323000,0.238,0.015,0.747
323500,0.267,0.009,0.725
324000,0.232,0.018,0.751
324500,0.230,0.021,0.750
325000,0.242,0.024,0.734
325500,0.244,0.017,0.739
326000,0.248,0.025,0.727
326500,0.245,0.014,0.740
327000,0.238,0.018,0.744
327500,0.235,0.021,0.744
328000,0.263,0.014,0.723
328500,0.241,0.021,0.738
329000,0.257,0.014,0.729
329500,0.260,0.011,0.730
330000,0.274,0.004,0.723
330500,0.257,0.018,0.726
331000,0.255,0.013,0.733
331500,0.231,0.018,0.751
332000,0.246,0.014,0.740
332500,0.251,0.010,0.739
333000,0.254,0.013,0.733
333500,0.213,0.009,0.778
334000,0.245,0.015,0.740
334500,0.258,0.007,0.735
335000,0.292,0.009,0.698
335500,0.326,0.009,0.665
336000,0.306,0.003,0.692
336500,0.283,0.013,0.703
337000,0.270,0.017,0.713
337500,0.278,0.017,0.705
338000,0.275,0.012,0.714
338500,0.259,0.018,0.724
339000,0.259,0.021,0.721
339500,0.237,0.021,0.741
340000,0.265,0.025,0.711
340500,0.262,0.026,0.712
341000,0.242,0.031,0.727
341500,0.217,0.025,0.757
342000,0.234,0.042,0.725
342500,0.219,0.020,0.761
343000,0.255,0.017,0.729
343500,0.240,0.019,0.741
344000,0.247,0.013,0.740
344500,0.220,0.019,0.761
345000,0.218,0.011,0.771
345500,0.234,0.018,0.748
346000,0.229,0.015,0.756
346500,0.241,0.021,0.739
347000,0.213,0.028,0.759
347500,0.213,0.023,0.763
348000,0.207,0.028,0.765
348500,0.237,0.028,0.735
349000,0.211,0.017,0.771
349500,0.228,0.023,0.749
350000,0.234,0.022,0.744
350500,0.227,0.022,0.751
351000,0.257,0.014,0.730
351500,0.259,0.011,0.730
352000,0.235,0.022,0.742
352500,0.254,0.013,0.733
353000,0.280,0.015,0.705
353500,0.242,0.010,0.748
354000,0.258,0.015,0.727
354500,0.254,0.005,0.741
355000,0.272,0.011,0.717
355500,0.262,0.011,0.727
356000,0.250,0.017,0.733
356500,0.257,0.025,0.718
357000,0.246,0.018,0.736
357500,0.253,0.009,0.739
358000,0.263,0.011,0.726
358500,0.254,0.013,0.733
359000,0.244,0.011,0.745
359500,0.259,0.007,0.734
360000,0.265,0.011,0.724
360500,0.258,0.015,0.727
361000,0.264,0.014,0.722
361500,0.253,0.009,0.738
362000,0.249,0.019,0.732
362500,0.234,0.019,0.747
363000,0.197,0.025,0.778
363500,0.206,0.019,0.775
364000,0.229,0.013,0.758
364500,0.229,0.017,0.754
365000,0.249,0.013,0.737
365500,0.294,0.011,0.695
366000,0.307,0.007,0.686
366500,0.294,0.002,0.704
367000,0.296,0.004,0.701
367500,0.263,0.010,0.728
368000,0.251,0.008,0.741
368500,0.244,0.009,0.747
369000,0.260,0.015,0.725
369500,0.242,0.009,0.749
370000,0.237,0.007,0.756
370500,0.251,0.022,0.727
371000,0.238,0.018,0.744
371500,0.230,0.011,0.759
372000,0.242,0.018,0.739
372500,0.247,0.010,0.742
373000,0.240,0.021,0.739
373500,0.224,0.021,0.755
374000,0.223,0.011,0.766
374500,0.224,0.033,0.744
375000,0.252,0.022,0.726
375500,0.229,0.018,0.753
376000,0.235,0.018,0.747
376500,0.250,0.015,0.735
377000,0.222,0.018,0.761
377500,0.238,0.015,0.746
378000,0.254,0.023,0.723
378500,0.249,0.010,0.741
379000,0.281,0.015,0.705
379500,0.271,0.010,0.720
380000,0.281,0.013,0.707
380500,0.266,0.008,0.726
381000,0.278,0.010,0.712
381500,0.263,0.004,0.734
382000,0.323,0.001,0.676
382500,0.299,0.002,0.699
383000,0.266,0.010,0.724
383500,0.245,0.019,0.735
384000,0.249,0.015,0.736
384500,0.238,0.022,0.740
385000,0.242,0.025,0.733
385500,0.222,0.028,0.750
386000,0.250,0.019,0.731
386500,0.237,0.026,0.737
387000,0.213,0.029,0.758
387500,0.238,0.018,0.744
388000,0.257,0.015,0.728
388500,0.263,0.014,0.723
389000,0.299,0.010,0.691
389500,0.285,0.011,0.704
390000,0.270,0.013,0.718
390500,0.262,0.010,0.728
391000,0.226,0.015,0.759
391500,0.268,0.015,0.717
392000,0.262,0.015,0.723
392500,0.257,0.011,0.733
393000,0.252,0.019,0.729
393500,0.229,0.043,0.728
394000,0.205,0.025,0.771
394500,0.209,0.025,0.766
395000,0.218,0.021,0.761
395500,0.238,0.037,0.724
396000,0.283,0.017,0.701
396500,0.228,0.025,0.748
397000,0.200,0.025,0.775
397500,0.234,0.018,0.748
398000,0.233,0.015,0.753
398500,0.226,0.019,0.755
399000,0.283,0.007,0.710
399500,0.305,0.004,0.691
400000,0.280,0.008,0.712
400500,0.285,0.011,0.704
401000,0.281,0.008,0.712
401500,0.264,0.017,0.719
402000,0.266,0.013,0.722
402500,0.267,0.004,0.730
403000,0.281,0.007,0.712
403500,0.303,0.006,0.691
404000,0.276,0.019,0.705
404500,0.248,0.021,0.731
405000,0.277,0.011,0.713
405500,0.267,0.011,0.723
406000,0.281,0.015,0.704
406500,0.283,0.020,0.697
407000,0.265,0.021,0.715
407500,0.263,0.011,0.726
408000,0.260,0.011,0.729
408500,0.266,0.005,0.729
409000,0.271,0.004,0.725
409500,0.272,0.009,0.720
410000,0.245,0.017,0.738
410500,0.254,0.015,0.731
411000,0.285,0.018,0.697
411500,0.292,0.009,0.700
412000,0.328,0.004,0.668
412500,0.312,0.002,0.686
413000,0.275,0.021,0.705
413500,0.280,0.012,0.708
414000,0.286,0.011,0.703
414500,0.283,0.011,0.707
415000,0.283,0.015,0.702
415500,0.282,0.013,0.705
416000,0.279,0.013,0.708
416500,0.305,0.009,0.685
417000,0.266,0.011,0.724
417500,0.286,0.008,0.706
418000,0.292,0.009,0.699
418500,0.296,0.012,0.692
419000,0.287,0.006,0.707
419500,0.256,0.015,0.730
420000,0.228,0.021,0.752
420500,0.249,0.025,0.727
421000,0.225,0.023,0.752
421500,0.210,0.019,0.770
422000,0.211,0.024,0.764
422500,0.242,0.020,0.738
423000,0.254,0.018,0.729
423500,0.259,0.021,0.721
424000,0.288,0.022,0.690
424500,0.277,0.007,0.716
425000,0.284,0.013,0.702
425500,0.296,0.016,0.688
426000,0.320,0.012,0.668
426500,0.277,0.014,0.709
427000,0.277,0.015,0.709
427500,0.308,0.011,0.680
428000,0.289,0.013,0.699
428500,0.272,0.008,0.720
429000,0.273,0.013,0.715
429500,0.247,0.018,0.734
430000,0.240,0.013,0.747
430500,0.198,0.026,0.776
431000,0.234,0.025,0.741
431500,0.264,0.019,0.717
432000,0.251,0.014,0.736
432500,0.252,0.018,0.730
433000,0.217,0.017,0.765
433500,0.216,0.021,0.762
434000,0.210,0.025,0.765
434500,0.224,0.013,0.763
435000,0.259,0.008,0.733
435500,0.260,0.011,0.729
436000,0.257,0.017,0.727
436500,0.238,0.012,0.750
437000,0.228,0.013,0.760
437500,0.259,0.012,0.729
438000,0.235,0.013,0.752
438500,0.261,0.021,0.718
439000,0.245,0.029,0.726
439500,0.262,0.031,0.707
440000,0.269,0.029,0.703
440500,0.249,0.035,0.715
441000,0.220,0.024,0.757
441500,0.201,0.016,0.783
442000,0.236,0.026,0.738
442500,0.241,0.014,0.744
443000,0.316,0.006,0.678
443500,0.292,0.004,0.704
444000,0.276,0.006,0.718
444500,0.297,0.003,0.700
445000,0.286,0.005,0.709
445500,0.276,0.013,0.711
446000,0.279,0.011,0.711
446500,0.279,0.004,0.717
447000,0.273,0.020,0.708
447500,0.287,0.011,0.702
448000,0.239,0.024,0.738
448500,0.258,0.013,0.730
449000,0.252,0.007,0.741
449500,0.265,0.017,0.719
450000,0.279,0.020,0.702
450500,0.285,0.011,0.703
451000,0.263,0.018,0.719
451500,0.274,0.016,0.710
452000,0.272,0.021,0.708
452500,0.272,0.018,0.710
453000,0.270,0.017,0.714
453500,0.253,0.016,0.732
454000,0.209,0.022,0.768
454500,0.252,0.022,0.726
455000,0.236,0.012,0.752
455500,0.236,0.017,0.747
456000,0.265,0.018,0.717
456500,0.244,0.014,0.742
457000,0.243,0.015,0.741
457500,0.270,0.009,0.721
458000,0.269,0.004,0.728
458500,0.293,0.013,0.693
459000,0.277,0.012,0.711
459500,0.287,0.009,0.705
460000,0.302,0.015,0.683
460500,0.337,0.011,0.652
461000,0.310,0.006,0.683
461500,0.278,0.005,0.717
462000,0.254,0.018,0.729
462500,0.268,0.007,0.725
463000,0.261,0.018,0.721
463500,0.266,0.022,0.712
464000,0.274,0.012,0.714
464500,0.294,0.015,0.692
465000,0.297,0.009,0.694
465500,0.267,0.011,0.722
466000,0.285,0.004,0.711
466500,0.293,0.017,0.690
467000,0.288,0.011,0.701
467500,0.274,0.009,0.717
468000,0.259,0.006,0.735
468500,0.277,0.006,0.717
469000,0.249,0.015,0.736
469500,0.254,0.011,0.736
470000,0.216,0.025,0.760
470500,0.268,0.011,0.722
471000,0.252,0.011,0.737
471500,0.260,0.010,0.730
472000,0.254,0.016,0.730
472500,0.251,0.007,0.742
473000,0.285,0.006,0.709
473500,0.292,0.002,0.707
474000,0.301,0.001,0.698
474500,0.313,0.009,0.679
475000,0.246,0.012,0.742
475500,0.252,0.018,0.730
476000,0.238,0.011,0.752
476500,0.253,0.010,0.737
477000,0.242,0.003,0.755
477500,0.274,0.015,0.711
478000,0.282,0.011,0.706
478500,0.290,0.005,0.705
479000,0.257,0.014,0.730
479500,0.229,0.012,0.759
480000,0.208,0.025,0.766
480500,0.223,0.032,0.745
481000,0.220,0.020,0.760
481500,0.210,0.035,0.754
482000,0.235,0.028,0.738
482500,0.250,0.018,0.733
483000,0.249,0.010,0.740
483500,0.280,0.009,0.711
484000,0.247,0.015,0.739
484500,0.229,0.014,0.757
485000,0.223,0.020,0.757
485500,0.231,0.013,0.756
486000,0.264,0.012,0.724
486500,0.225,0.022,0.753
487000,0.226,0.020,0.754
487500,0.201,0.025,0.774
488000,0.221,0.029,0.750
488500,0.239,0.029,0.731
489000,0.226,0.025,0.749
489500,0.234,0.016,0.750
490000,0.227,0.011,0.762
490500,0.234,0.011,0.754
491000,0.235,0.006,0.758
491500,0.277,0.006,0.717
492000,0.286,0.015,0.699
492500,0.259,0.006,0.736
493000,0.255,0.015,0.731
493500,0.247,0.020,0.733
494000,0.275,0.010,0.715
494500,0.259,0.013,0.728
495000,0.288,0.009,0.703
495500,0.291,0.012,0.697
496000,0.281,0.020,0.700
496500,0.289,0.015,0.696
497000,0.291,0.011,0.698
497500,0.254,0.007,0.739
498000,0.274,0.011,0.715
498500,0.297,0.003,0.701
499000,0.275,0.002,0.724
499500,0.233,0.019,0.748
500000,0.228,0.017,0.755
500500,0.270,0.012,0.718
501000,0.246,0.015,0.739
501500,0.231,0.026,0.743
502000,0.225,0.024,0.751
502500,0.213,0.017,0.769
503000,0.253,0.015,0.733
503500,0.290,0.017,0.693
504000,0.283,0.006,0.711
504500,0.302,0.003,0.695
505000,0.302,0.011,0.687
505500,0.306,0.011,0.683
506000,0.266,0.010,0.724
506500,0.265,0.025,0.711
507000,0.253,0.021,0.726
507500,0.248,0.015,0.737
508000,0.251,0.016,0.734
508500,0.255,0.021,0.725
509000,0.271,0.022,0.708
509500,0.239,0.015,0.747
510000,0.235,0.021,0.744
510500,0.255,0.015,0.730
511000,0.250,0.006,0.744
511500,0.234,0.019,0.747
512000,0.245,0.018,0.736
512500,0.260,0.015,0.725
513000,0.264,0.011,0.725
513500,0.252,0.016,0.732
514000,0.252,0.021,0.727
514500,0.254,0.014,0.732
515000,0.244,0.012,0.744
515500,0.218,0.015,0.766
516000,0.245,0.028,0.728
516500,0.232,0.027,0.741
517000,0.235,0.030,0.735
517500,0.242,0.022,0.736
518000,0.237,0.018,0.744
518500,0.228,0.016,0.756
519000,0.229,0.023,0.748
519500,0.243,0.024,0.733
520000,0.234,0.011,0.755
520500,0.244,0.025,0.731
521000,0.268,0.011,0.721
521500,0.260,0.011,0.729
522000,0.255,0.004,0.742
522500,0.241,0.017,0.741
523000,0.252,0.017,0.731
523500,0.256,0.011,0.733
524000,0.264,0.011,0.726
524500,0.281,0.013,0.705
525000,0.285,0.006,0.709
525500,0.270,0.018,0.712
526000,0.270,0.007,0.723
526500,0.266,0.006,0.728
527000,0.282,0.006,0.712
527500,0.231,0.009,0.760
528000,0.247,0.011,0.741
528500,0.269,0.009,0.723
529000,0.240,0.018,0.742
529500,0.224,0.016,0.760
530000,0.208,0.022,0.770
530500,0.213,0.017,0.771
531000,0.250,0.015,0.736
531500,0.289,0.003,0.708
532000,0.321,0.001,0.678
532500,0.320,0.004,0.677
533000,0.315,0.003,0.683
533500,0.285,0.002,0.713
534000,0.293,0.006,0.701
534500,0.314,0.001,0.685
535000,0.306,0.007,0.687
535500,0.297,0.004,0.698
536000,0.281,0.010,0.710
536500,0.275,0.022,0.703
537000,0.269,0.014,0.718
537500,0.217,0.011,0.772
538000,0.211,0.004,0.784
538500,0.229,0.014,0.757
539000,0.241,0.019,0.740
539500,0.245,0.025,0.731
540000,0.242,0.015,0.743
540500,0.289,0.015,0.696
541000,0.260,0.005,0.735
541500,0.260,0.006,0.734
542000,0.264,0.013,0.724
542500,0.235,0.024,0.742
543000,0.237,0.016,0.746
543500,0.231,0.009,0.760
544000,0.255,0.017,0.729
544500,0.235,0.009,0.756
545000,0.234,0.005,0.760
545500,0.224,0.021,0.755
546000,0.231,0.013,0.756
546500,0.263,0.018,0.719
547000,0.251,0.015,0.734
547500,0.246,0.021,0.733
548000,0.245,0.025,0.730
548500,0.225,0.017,0.758
549000,0.249,0.013,0.738
549500,0.204,0.018,0.778
550000,0.213,0.024,0.763
550500,0.224,0.026,0.750
551000,0.196,0.035,0.769
551500,0.193,0.026,0.781
552000,0.218,0.021,0.760
552500,0.254,0.018,0.729
553000,0.280,0.016,0.704
553500,0.265,0.011,0.724
554000,0.258,0.011,0.731
554500,0.239,0.019,0.742
555000,0.234,0.013,0.754
555500,0.280,0.017,0.704
556000,0.279,0.004,0.717
556500,0.245,0.009,0.745
557000,0.253,0.009,0.739
557500,0.237,0.013,0.749
558000,0.257,0.016,0.728
558500,0.239,0.015,0.745
559000,0.230,0.030,0.740
559500,0.223,0.027,0.750
560000,0.251,0.017,0.733
560500,0.275,0.007,0.719
561000,0.244,0.016,0.740
561500,0.242,0.013,0.745
562000,0.231,0.016,0.753
562500,0.246,0.018,0.737
563000,0.240,0.021,0.739
563500,0.241,0.018,0.742
564000,0.271,0.015,0.715
564500,0.289,0.015,0.696
565000,0.253,0.015,0.733
565500,0.221,0.032,0.747
566000,0.226,0.021,0.754
566500,0.255,0.009,0.737
567000,0.250,0.007,0.743
567500,0.239,0.018,0.744
568000,0.284,0.008,0.708
568500,0.317,0.002,0.681
569000,0.263,0.006,0.732
569500,0.285,0.011,0.705
570000,0.264,0.008,0.728
570500,0.308,0.009,0.683
571000,0.301,0.009,0.689
571500,0.311,0.004,0.685
572000,0.318,0.002,0.680
572500,0.314,0.004,0.682
573000,0.317,0.011,0.672
573500,0.306,0.005,0.689
574000,0.297,0.011,0.692
574500,0.281,0.006,0.713
575000,0.273,0.006,0.721
575500,0.295,0.008,0.697
576000,0.274,0.011,0.716
576500,0.261,0.005,0.735
577000,0.253,0.005,0.742
577500,0.270,0.011,0.719
578000,0.291,0.003,0.706
578500,0.274,0.011,0.715
579000,0.283,0.004,0.713
579500,0.299,0.008,0.693
580000,0.277,0.010,0.714
580500,0.287,0.006,0.707
581000,0.296,0.003,0.701
581500,0.288,0.001,0.712
582000,0.322,0.005,0.673
582500,0.315,0.005,0.680
583000,0.289,0.006,0.705
583500,0.302,0.011,0.687
584000,0.278,0.004,0.718
584500,0.238,0.012,0.750
585000,0.247,0.019,0.733
585500,0.270,0.024,0.707
586000,0.263,0.018,0.719
586500,0.256,0.009,0.735
587000,0.234,0.010,0.756
587500,0.209,0.021,0.769
588000,0.217,0.017,0.765
588500,0.202,0.021,0.777
589000,0.244,0.026,0.730
589500,0.263,0.018,0.719
590000,0.289,0.010,0.701
590500,0.299,0.009,0.692
591000,0.278,0.009,0.714
591500,0.233,0.012,0.755
592000,0.266,0.015,0.719
592500,0.232,0.014,0.754
593000,0.254,0.011,0.735
593500,0.272,0.019,0.709
594000,0.259,0.015,0.726
594500,0.286,0.014,0.700
595000,0.309,0.009,0.682
595500,0.318,0.016,0.666
596000,0.327,0.009,0.664
596500,0.321,0.007,0.672
597000,0.300,0.006,0.693
597500,0.289,0.005,0.706
598000,0.256,0.019,0.725
598500,0.257,0.021,0.722
599000,0.255,0.009,0.736
599500,0.243,0.018,0.740
600000,0.272,0.024,0.704
600500,0.253,0.019,0.729
601000,0.205,0.018,0.778
601500,0.217,0.017,0.767
602000,0.227,0.026,0.747
602500,0.237,0.022,0.740
603000,0.258,0.017,0.725
603500,0.235,0.015,0.749
604000,0.245,0.022,0.733
604500,0.257,0.014,0.729
605000,0.291,0.007,0.702
605500,0.300,0.005,0.694
606000,0.270,0.015,0.716
606500,0.225,0.021,0.754
607000,0.199,0.035,0.766
607500,0.198,0.029,0.774
608000,0.256,0.015,0.729
608500,0.265,0.013,0.722
609000,0.234,0.024,0.743
609500,0.228,0.019,0.753
610000,0.225,0.028,0.747
610500,0.200,0.019,0.781
611000,0.243,0.022,0.735
611500,0.260,0.029,0.711
612000,0.224,0.021,0.755
612500,0.236,0.023,0.741
613000,0.230,0.018,0.753
613500,0.214,0.022,0.764
614000,0.231,0.018,0.751
614500,0.267,0.021,0.713
615000,0.223,0.017,0.761
615500,0.197,0.029,0.774
616000,0.193,0.037,0.769
616500,0.217,0.025,0.757
617000,0.195,0.037,0.768
617500,0.197,0.025,0.778
618000,0.242,0.015,0.743
618500,0.250,0.011,0.740
619000,0.277,0.015,0.709
619500,0.247,0.019,0.733
620000,0.228,0.011,0.761
620500,0.244,0.015,0.740
621000,0.253,0.015,0.733
621500,0.266,0.011,0.723
622000,0.240,0.009,0.751
622500,0.225,0.019,0.756
623000,0.243,0.013,0.743
623500,0.239,0.015,0.746
624000,0.243,0.021,0.736
624500,0.265,0.015,0.721
625000,0.256,0.027,0.717
625500,0.243,0.018,0.739
626000,0.246,0.010,0.744
626500,0.283,0.013,0.704
627000,0.254,0.010,0.736
627500,0.245,0.017,0.739
628000,0.229,0.012,0.759
628500,0.236,0.020,0.744
629000,0.226,0.009,0.765
629500,0.231,0.018,0.751
630000,0.206,0.015,0.779
630500,0.229,0.018,0.753
631000,0.221,0.023,0.756
631500,0.215,0.029,0.756
632000,0.218,0.019,0.762
632500,0.221,0.017,0.763
633000,0.255,0.025,0.720
633500,0.229,0.032,0.740
634000,0.189,0.049,0.762
634500,0.174,0.036,0.790
635000,0.171,0.035,0.794
635500,0.179,0.032,0.789
636000,0.186,0.044,0.769
636500,0.191,0.040,0.769
637000,0.225,0.026,0.749
637500,0.248,0.017,0.736
638000,0.273,0.020,0.708
638500,0.275,0.018,0.707
639000,0.255,0.013,0.732
639500,0.210,0.015,0.775
640000,0.211,0.014,0.774
640500,0.216,0.023,0.760
641000,0.243,0.023,0.734
641500,0.256,0.018,0.726
642000,0.261,0.025,0.715
642500,0.251,0.024,0.726
643000,0.247,0.030,0.722
643500,0.243,0.028,0.729
644000,0.266,0.018,0.717
644500,0.248,0.010,0.742
645000,0.248,0.019,0.733
645500,0.252,0.027,0.721
646000,0.266,0.015,0.719
646500,0.283,0.013,0.705
647000,0.257,0.010,0.734
647500,0.268,0.006,0.726
648000,0.234,0.014,0.752
648500,0.280,0.011,0.709
649000,0.263,0.010,0.728
649500,0.294,0.009,0.698
650000,0.283,0.013,0.704
650500,0.292,0.014,0.694
651000,0.266,0.009,0.726
651500,0.280,0.009,0.711
652000,0.279,0.017,0.704
652500,0.306,0.006,0.687
653000,0.263,0.004,0.733
653500,0.258,0.019,0.723
654000,0.222,0.029,0.749
654500,0.234,0.015,0.752
655000,0.202,0.019,0.779
655500,0.210,0.023,0.767
656000,0.220,0.026,0.754
656500,0.228,0.022,0.750
657000,0.265,0.025,0.711
657500,0.240,0.034,0.727
658000,0.261,0.026,0.713
658500,0.258,0.007,0.735
659000,0.255,0.012,0.734
659500,0.267,0.019,0.714
660000,0.262,0.014,0.724
660500,0.294,0.017,0.689
661000,0.261,0.006,0.733
661500,0.279,0.007,0.714
662000,0.284,0.006,0.710
662500,0.283,0.004,0.712
663000,0.275,0.004,0.721
663500,0.261,0.017,0.723
664000,0.218,0.011,0.770
664500,0.229,0.022,0.749
665000,0.254,0.028,0.718
665500,0.253,0.019,0.729
666000,0.261,0.015,0.725
666500,0.228,0.028,0.745
667000,0.221,0.030,0.749
667500,0.240,0.017,0.743
668000,0.250,0.018,0.733
668500,0.266,0.013,0.722
669000,0.270,0.015,0.715
669500,0.281,0.009,0.710
670000,0.275,0.013,0.713
670500,0.261,0.015,0.724
671000,0.263,0.013,0.725
671500,0.252,0.007,0.741
672000,0.226,0.015,0.760
672500,0.246,0.013,0.741
673000,0.257,0.008,0.735
673500,0.270,0.015,0.715
674000,0.280,0.009,0.712
674500,0.274,0.024,0.702
675000,0.283,0.010,0.707
675500,0.292,0.007,0.701
676000,0.308,0.001,0.691
676500,0.283,0.001,0.717
677000,0.298,0.013,0.690
677500,0.263,0.019,0.718
678000,0.245,0.028,0.728
678500,0.223,0.034,0.743
679000,0.203,0.034,0.762
679500,0.187,0.038,0.775
680000,0.201,0.022,0.777
680500,0.215,0.038,0.746
681000,0.229,0.028,0.743
681500,0.222,0.032,0.747
682000,0.223,0.017,0.761
682500,0.202,0.018,0.780
683000,0.229,0.009,0.763
683500,0.252,0.009,0.740
684000,0.237,0.017,0.745
684500,0.210,0.033,0.757
685000,0.213,0.015,0.772
685500,0.247,0.020,0.732
686000,0.214,0.021,0.764
686500,0.241,0.025,0.733
687000,0.235,0.018,0.748
687500,0.241,0.011,0.747
688000,0.255,0.015,0.730
688500,0.271,0.024,0.706
689000,0.263,0.019,0.719
689500,0.252,0.018,0.730
690000,0.279,0.009,0.713
690500,0.287,0.011,0.702
691000,0.260,0.019,0.721
691500,0.271,0.006,0.723
692000,0.305,0.007,0.688
692500,0.289,0.013,0.698
693000,0.286,0.007,0.706
693500,0.317,0.009,0.675
694000,0.308,0.019,0.673
694500,0.320,0.015,0.665
695000,0.275,0.005,0.720
695500,0.242,0.014,0.744
696000,0.224,0.022,0.754
696500,0.215,0.023,0.761
697000,0.221,0.018,0.762
697500,0.234,0.015,0.751
698000,0.227,0.014,0.759
698500,0.294,0.026,0.680
699000,0.266,0.021,0.713
699500,0.259,0.017,0.725
700000,0.236,0.022,0.742
700500,0.223,0.019,0.758
701000,0.230,0.026,0.744
701500,0.224,0.014,0.762
702000,0.207,0.021,0.772
702500,0.246,0.025,0.728
703000,0.214,0.013,0.773
703500,0.221,0.019,0.760
704000,0.248,0.029,0.723
704500,0.226,0.030,0.744
705000,0.206,0.015,0.779
705500,0.204,0.028,0.768
706000,0.217,0.016,0.766
706500,0.247,0.013,0.739
707000,0.255,0.013,0.732
707500,0.260,0.005,0.735
708000,0.259,0.018,0.723
708500,0.223,0.015,0.763
709000,0.233,0.011,0.756
709500,0.211,0.017,0.772
710000,0.215,0.015,0.770
710500,0.245,0.013,0.742
711000,0.238,0.017,0.745
711500,0.264,0.022,0.714
712000,0.274,0.017,0.710
712500,0.273,0.009,0.718
713000,0.257,0.006,0.738
713500,0.275,0.005,0.720
714000,0.252,0.009,0.740
714500,0.249,0.015,0.735
715000,0.240,0.021,0.739
715500,0.270,0.029,0.701
716000,0.232,0.029,0.740
716500,0.248,0.025,0.726
717000,0.257,0.021,0.722
717500,0.259,0.022,0.719
718000,0.284,0.011,0.705
718500,0.288,0.013,0.699
719000,0.267,0.014,0.720
719500,0.239,0.011,0.749
720000,0.302,0.005,0.692
720500,0.285,0.007,0.708
721000,0.289,0.005,0.706
721500,0.288,0.013,0.699
722000,0.293,0.013,0.694
722500,0.247,0.014,0.739
723000,0.216,0.025,0.758
723500,0.233,0.025,0.743
724000,0.251,0.024,0.726
724500,0.233,0.019,0.748
725000,0.257,0.016,0.727
725500,0.294,0.011,0.694
726000,0.313,0.009,0.678
726500,0.327,0.006,0.667
727000,0.332,0.003,0.665
727500,0.318,0.002,0.680
728000,0.296,0.004,0.701
728500,0.265,0.006,0.729
729000,0.295,0.013,0.692
729500,0.267,0.016,0.718
730000,0.274,0.010,0.716
730500,0.251,0.011,0.738
731000,0.302,0.008,0.690
731500,0.304,0.005,0.690
732000,0.289,0.014,0.697
732500,0.288,0.006,0.706
733000,0.269,0.018,0.714
733500,0.251,0.011,0.738
734000,0.251,0.009,0.741
734500,0.234,0.009,0.757
735000,0.234,0.009,0.757
735500,0.201,0.025,0.774
736000,0.223,0.026,0.751
736500,0.248,0.017,0.736
737000,0.233,0.021,0.746
737500,0.235,0.026,0.738
738000,0.241,0.024,0.735
738500,0.249,0.025,0.726
739000,0.260,0.021,0.720
739500,0.261,0.011,0.728
740000,0.246,0.022,0.732
740500,0.233,0.019,0.748
741000,0.236,0.017,0.747
741500,0.266,0.013,0.721
742000,0.216,0.021,0.763
742500,0.223,0.015,0.763
743000,0.234,0.015,0.751
743500,0.189,0.022,0.788
744000,0.218,0.030,0.752
744500,0.222,0.023,0.755
745000,0.211,0.022,0.766
745500,0.203,0.044,0.752
746000,0.222,0.025,0.753
746500,0.211,0.030,0.759
747000,0.215,0.016,0.769
747500,0.207,0.013,0.780
748000,0.205,0.021,0.774
748500,0.205,0.019,0.776
749000,0.220,0.021,0.759
749500,0.230,0.014,0.756
750000,0.225,0.011,0.764
750500,0.230,0.009,0.762
751000,0.263,0.013,0.725
751500,0.299,0.003,0.698
752000,0.288,0.008,0.704
752500,0.290,0.013,0.698
753000,0.253,0.014,0.733
753500,0.290,0.013,0.697
754000,0.298,0.006,0.696
754500,0.251,0.017,0.733
755000,0.256,0.027,0.717
755500,0.268,0.016,0.716
756000,0.248,0.013,0.739
756500,0.231,0.011,0.758
757000,0.216,0.018,0.767
757500,0.262,0.018,0.720
758000,0.224,0.014,0.762
758500,0.281,0.011,0.709
759000,0.284,0.004,0.712
759500,0.265,0.007,0.728
760000,0.256,0.005,0.739
760500,0.260,0.018,0.722
761000,0.254,0.018,0.728
761500,0.245,0.024,0.730
762000,0.246,0.015,0.739
762500,0.273,0.017,0.711
763000,0.284,0.012,0.704
763500,0.282,0.013,0.705
764000,0.266,0.009,0.725
764500,0.234,0.013,0.754
765000,0.214,0.022,0.763
765500,0.261,0.012,0.727
766000,0.242,0.015,0.743
766500,0.213,0.029,0.758
767000,0.269,0.011,0.720
767500,0.230,0.018,0.752
768000,0.244,0.025,0.730
768500,0.237,0.018,0.744
769000,0.251,0.016,0.734
769500,0.253,0.006,0.741
770000,0.258,0.009,0.733
770500,0.256,0.015,0.729
771000,0.234,0.019,0.746
771500,0.226,0.014,0.760
772000,0.266,0.006,0.728
772500,0.283,0.004,0.713
773000,0.280,0.003,0.717
773500,0.274,0.004,0.722
774000,0.249,0.007,0.744
774500,0.272,0.013,0.715
775000,0.256,0.021,0.723
775500,0.229,0.016,0.755
776000,0.208,0.024,0.768
776500,0.240,0.023,0.737
777000,0.249,0.012,0.738
777500,0.248,0.018,0.733
778000,0.272,0.012,0.716
778500,0.267,0.009,0.725
779000,0.316,0.009,0.675
779500,0.294,0.011,0.695
780000,0.255,0.017,0.729
780500,0.234,0.024,0.742
781000,0.269,0.013,0.719
781500,0.242,0.009,0.749
782000,0.263,0.017,0.721
782500,0.251,0.015,0.735
783000,0.246,0.011,0.743
783500,0.269,0.006,0.725
784000,0.265,0.012,0.724
784500,0.270,0.014,0.716
785000,0.227,0.020,0.753
785500,0.216,0.013,0.771
786000,0.241,0.015,0.745
786500,0.274,0.013,0.713
787000,0.281,0.017,0.703
787500,0.229,0.021,0.750
788000,0.224,0.011,0.766
788500,0.231,0.021,0.749
789000,0.271,0.018,0.711
789500,0.292,0.009,0.700
790000,0.284,0.007,0.709
790500,0.280,0.013,0.707
791000,0.280,0.015,0.705
791500,0.277,0.024,0.700
792000,0.281,0.018,0.701
792500,0.283,0.006,0.711
793000,0.264,0.011,0.725
793500,0.279,0.009,0.713
794000,0.282,0.015,0.703
794500,0.266,0.011,0.723
795000,0.233,0.016,0.751
795500,0.250,0.020,0.730
796000,0.251,0.025,0.725
796500,0.276,0.010,0.714
797000,0.268,0.011,0.721
797500,0.269,0.009,0.723
798000,0.252,0.004,0.744
798500,0.234,0.017,0.750
799000,0.208,0.014,0.778
799500,0.209,0.012,0.779
800000,0.214,0.022,0.763
800500,0.211,0.017,0.772
801000,0.243,0.013,0.744
801500,0.248,0.011,0.741
802000,0.264,0.005,0.731
802500,0.262,0.021,0.717
803000,0.268,0.010,0.722
803500,0.254,0.019,0.727
804000,0.275,0.015,0.711
804500,0.285,0.011,0.704
805000,0.281,0.018,0.701
805500,0.280,0.013,0.707
806000,0.325,0.006,0.669
806500,0.311,0.014,0.674
807000,0.269,0.009,0.722
807500,0.284,0.013,0.703
808000,0.307,0.015,0.678
808500,0.279,0.009,0.713
809000,0.297,0.021,0.681
809500,0.274,0.021,0.706
810000,0.220,0.016,0.764
810500,0.217,0.021,0.761
811000,0.248,0.030,0.722
811500,0.221,0.022,0.757
812000,0.245,0.026,0.729
812500,0.214,0.028,0.759
813000,0.218,0.019,0.763
813500,0.252,0.021,0.727
814000,0.264,0.017,0.719
814500,0.281,0.007,0.712
815000,0.311,0.004,0.686
815500,0.276,0.008,0.716
816000,0.262,0.009,0.729
816500,0.246,0.014,0.740
817000,0.256,0.006,0.738
817500,0.255,0.020,0.725
818000,0.267,0.022,0.712
818500,0.274,0.017,0.710
819000,0.264,0.011,0.725
819500,0.260,0.015,0.725
820000,0.236,0.016,0.748
820500,0.226,0.009,0.766
821000,0.285,0.009,0.706
821500,0.299,0.009,0.691
822000,0.275,0.006,0.719
822500,0.280,0.011,0.709
823000,0.277,0.018,0.705
823500,0.230,0.021,0.749
824000,0.243,0.012,0.744
824500,0.242,0.017,0.742
825000,0.240,0.013,0.746
825500,0.260,0.011,0.729
826000,0.258,0.024,0.718
826500,0.223,0.018,0.759
827000,0.243,0.020,0.736
827500,0.247,0.021,0.733
828000,0.234,0.015,0.751
828500,0.222,0.018,0.760
829000,0.258,0.021,0.722
829500,0.289,0.009,0.702
830000,0.275,0.009,0.717
830500,0.244,0.015,0.741
831000,0.261,0.013,0.727
831500,0.268,0.015,0.717
832000,0.298,0.003,0.700
832500,0.271,0.009,0.720
833000,0.243,0.011,0.745
833500,0.254,0.011,0.736
834000,0.269,0.014,0.718
834500,0.249,0.019,0.731
835000,0.241,0.030,0.729
835500,0.234,0.024,0.742
836000,0.216,0.018,0.765
836500,0.221,0.025,0.755
837000,0.214,0.015,0.771
837500,0.226,0.020,0.754
838000,0.246,0.015,0.739
838500,0.244,0.018,0.738
839000,0.222,0.011,0.767
839500,0.256,0.016,0.728
840000,0.254,0.021,0.726
840500,0.246,0.018,0.736
841000,0.259,0.016,0.726
841500,0.246,0.011,0.744
842000,0.222,0.018,0.760
842500,0.213,0.021,0.766
843000,0.225,0.034,0.742
843500,0.218,0.043,0.739
844000,0.201,0.048,0.751
844500,0.184,0.035,0.781
845000,0.176,0.043,0.780
845500,0.188,0.049,0.764
846000,0.196,0.037,0.767
846500,0.202,0.029,0.769
847000,0.233,0.029,0.738
847500,0.199,0.036,0.765
848000,0.204,0.051,0.745
848500,0.206,0.027,0.766
849000,0.199,0.033,0.768
849500,0.239,0.025,0.735
850000,0.260,0.018,0.722
850500,0.259,0.011,0.731
851000,0.238,0.021,0.741
851500,0.261,0.015,0.725
852000,0.275,0.019,0.706
852500,0.240,0.015,0.745
853000,0.216,0.015,0.769
853500,0.247,0.007,0.745
854000,0.273,0.020,0.707
854500,0.254,0.021,0.725
855000,0.287,0.009,0.704
855500,0.304,0.003,0.693
856000,0.261,0.007,0.733
856500,0.262,0.011,0.728
857000,0.289,0.009,0.702
857500,0.300,0.006,0.694
858000,0.321,0.003,0.677
858500,0.286,0.009,0.705
859000,0.269,0.006,0.725
859500,0.258,0.012,0.730
860000,0.251,0.015,0.735
860500,0.216,0.011,0.773
861000,0.246,0.029,0.725
861500,0.251,0.018,0.732
862000,0.258,0.018,0.725
862500,0.267,0.015,0.719
863000,0.248,0.012,0.740
863500,0.247,0.021,0.732
864000,0.247,0.011,0.741
864500,0.234,0.018,0.748
865000,0.247,0.019,0.734
865500,0.247,0.018,0.734
866000,0.246,0.020,0.734
866500,0.262,0.009,0.729
867000,0.272,0.007,0.721
867500,0.276,0.004,0.721
868000,0.269,0.013,0.719
868500,0.269,0.008,0.723
869000,0.222,0.013,0.765
869500,0.234,0.021,0.746
870000,0.232,0.020,0.748
870500,0.222,0.018,0.761
871000,0.227,0.024,0.749
871500,0.251,0.019,0.731
872000,0.252,0.011,0.737
872500,0.235,0.011,0.755
873000,0.221,0.009,0.770
873500,0.242,0.015,0.743
874000,0.248,0.013,0.740
874500,0.225,0.021,0.755
875000,0.249,0.011,0.740
875500,0.244,0.025,0.730
876000,0.254,0.020,0.726
876500,0.265,0.013,0.723
877000,0.237,0.007,0.756
877500,0.213,0.024,0.763
878000,0.245,0.019,0.735
878500,0.238,0.029,0.733
879000,0.239,0.009,0.752
879500,0.236,0.020,0.744
880000,0.228,0.025,0.747
880500,0.206,0.017,0.778
881000,0.189,0.026,0.785
881500,0.191,0.033,0.777
882000,0.178,0.033,0.790
882500,0.191,0.029,0.780
883000,0.249,0.019,0.732
883500,0.279,0.028,0.694
884000,0.241,0.017,0.742
884500,0.241,0.015,0.744
885000,0.259,0.019,0.723
885500,0.236,0.015,0.749
886000,0.245,0.022,0.733
886500,0.253,0.009,0.738
887000,0.261,0.011,0.728
887500,0.291,0.019,0.690
888000,0.300,0.011,0.689
888500,0.280,0.005,0.715
889000,0.263,0.007,0.730
889500,0.269,0.009,0.723
890000,0.253,0.009,0.739
890500,0.241,0.018,0.741
891000,0.279,0.012,0.710
891500,0.259,0.009,0.732
892000,0.274,0.013,0.713
892500,0.286,0.017,0.698
893000,0.314,0.009,0.677
893500,0.304,0.011,0.684
894000,0.305,0.005,0.690
894500,0.313,0.004,0.683
895000,0.308,0.004,0.688
895500,0.300,0.011,0.690
896000,0.290,0.017,0.693
896500,0.258,0.014,0.728
897000,0.249,0.014,0.736
897500,0.224,0.021,0.755
898000,0.266,0.024,0.710
898500,0.218,0.025,0.756
899000,0.208,0.021,0.770
899500,0.222,0.018,0.760
900000,0.220,0.028,0.753
900500,0.222,0.038,0.740
901000,0.240,0.021,0.739
901500,0.255,0.013,0.732
902000,0.257,0.011,0.732
902500,0.249,0.015,0.735
903000,0.246,0.009,0.744
903500,0.221,0.011,0.768
904000,0.261,0.008,0.732
904500,0.275,0.009,0.716
905000,0.246,0.020,0.734
905500,0.253,0.017,0.731
906000,0.264,0.018,0.719
906500,0.276,0.013,0.711
907000,0.237,0.018,0.745
907500,0.233,0.011,0.756
908000,0.220,0.025,0.755
908500,0.243,0.026,0.731
909000,0.255,0.018,0.728
909500,0.267,0.010,0.724
910000,0.242,0.017,0.742
910500,0.245,0.018,0.737
911000,0.218,0.013,0.769
911500,0.231,0.009,0.760
912000,0.234,0.011,0.756
912500,0.255,0.013,0.733
913000,0.271,0.006,0.724
913500,0.300,0.011,0.688
914000,0.349,0.006,0.645
914500,0.315,0.004,0.681
915000,0.280,0.009,0.711
915500,0.244,0.011,0.745
916000,0.213,0.017,0.769
916500,0.214,0.015,0.771
917000,0.234,0.017,0.750
917500,0.206,0.018,0.776
918000,0.221,0.032,0.747
918500,0.202,0.029,0.769
919000,0.203,0.015,0.781
919500,0.215,0.031,0.754
920000,0.233,0.026,0.741
920500,0.271,0.013,0.716
921000,0.289,0.007,0.704
921500,0.292,0.007,0.701
922000,0.299,0.006,0.694
922500,0.299,0.004,0.698
923000,0.291,0.011,0.698
923500,0.268,0.009,0.723
924000,0.281,0.016,0.703
924500,0.271,0.017,0.713
925000,0.243,0.013,0.744
925500,0.232,0.010,0.758
926000,0.260,0.006,0.734
926500,0.293,0.015,0.692
927000,0.297,0.008,0.695
927500,0.311,0.005,0.684
928000,0.282,0.004,0.714
928500,0.287,0.003,0.710
929000,0.277,0.007,0.716
929500,0.246,0.012,0.742
930000,0.215,0.015,0.770
930500,0.242,0.021,0.736
931000,0.261,0.008,0.732
931500,0.299,0.013,0.688
932000,0.309,0.012,0.679
932500,0.273,0.017,0.710
933000,0.266,0.011,0.723
933500,0.252,0.012,0.736
934000,0.220,0.018,0.762
934500,0.271,0.029,0.701
935000,0.261,0.013,0.726
935500,0.262,0.018,0.721
936000,0.268,0.007,0.725
936500,0.310,0.005,0.684
937000,0.279,0.005,0.716
937500,0.302,0.006,0.692
938000,0.294,0.001,0.706
938500,0.288,0.007,0.704
939000,0.314,0.001,0.685
939500,0.293,0.009,0.698
940000,0.280,0.010,0.710
940500,0.247,0.021,0.733
941000,0.207,0.029,0.764
941500,0.225,0.019,0.756
942000,0.243,0.017,0.740
942500,0.253,0.015,0.732
943000,0.261,0.007,0.733
943500,0.229,0.022,0.749
944000,0.233,0.033,0.735
944500,0.275,0.025,0.701
945000,0.239,0.024,0.737
945500,0.268,0.015,0.717
946000,0.258,0.005,0.737
946500,0.273,0.010,0.717
947000,0.243,0.025,0.732
947500,0.253,0.020,0.727
948000,0.247,0.018,0.736
948500,0.249,0.013,0.738
949000,0.281,0.005,0.713
949500,0.271,0.009,0.720
950000,0.272,0.018,0.711
950500,0.284,0.013,0.703
951000,0.306,0.011,0.683
951500,0.321,0.011,0.668
952000,0.304,0.011,0.685
952500,0.308,0.003,0.689
953000,0.267,0.022,0.712
953500,0.242,0.015,0.742
954000,0.223,0.009,0.768
954500,0.216,0.021,0.763
955000,0.184,0.029,0.786
955500,0.199,0.029,0.772
956000,0.207,0.029,0.764
956500,0.209,0.027,0.764
957000,0.213,0.022,0.765
957500,0.235,0.018,0.747
958000,0.250,0.015,0.736
958500,0.276,0.005,0.719
959000,0.282,0.010,0.708
959500,0.284,0.006,0.710
960000,0.288,0.018,0.695
960500,0.285,0.015,0.700
961000,0.303,0.010,0.687
961500,0.284,0.011,0.705
962000,0.261,0.013,0.727
962500,0.253,0.011,0.737
963000,0.252,0.009,0.739
963500,0.248,0.015,0.737
964000,0.272,0.021,0.708
964500,0.223,0.015,0.762
965000,0.249,0.024,0.727
965500,0.238,0.018,0.744
966000,0.237,0.026,0.737
966500,0.210,0.043,0.748
967000,0.247,0.021,0.733
967500,0.265,0.018,0.717
968000,0.249,0.021,0.729
968500,0.261,0.013,0.726
969000,0.235,0.013,0.751
969500,0.203,0.015,0.781
970000,0.225,0.015,0.760
970500,0.225,0.036,0.739
971000,0.210,0.031,0.758
971500,0.217,0.021,0.761
972000,0.201,0.024,0.775
972500,0.211,0.030,0.759
973000,0.231,0.026,0.743
973500,0.245,0.021,0.733
974000,0.261,0.018,0.721
974500,0.295,0.009,0.696
975000,0.293,0.005,0.701
975500,0.264,0.008,0.728
976000,0.315,0.013,0.672
976500,0.267,0.017,0.717
977000,0.277,0.012,0.711
977500,0.279,0.006,0.716
978000,0.254,0.013,0.733
978500,0.246,0.009,0.746
979000,0.277,0.009,0.715
979500,0.252,0.018,0.730
980000,0.227,0.021,0.752
980500,0.225,0.022,0.753
981000,0.232,0.017,0.752
981500,0.226,0.024,0.750
982000,0.226,0.009,0.765
982500,0.223,0.013,0.764
983000,0.239,0.021,0.739
983500,0.210,0.017,0.773
984000,0.222,0.018,0.760
984500,0.221,0.019,0.760
985000,0.230,0.019,0.751
985500,0.233,0.013,0.754
986000,0.245,0.005,0.749
986500,0.247,0.019,0.734
987000,0.253,0.019,0.728
987500,0.226,0.015,0.760
988000,0.217,0.025,0.759
988500,0.224,0.039,0.737
989000,0.243,0.020,0.737
989500,0.245,0.021,0.733
990000,0.228,0.030,0.742
990500,0.272,0.018,0.710
991000,0.260,0.009,0.731
991500,0.289,0.012,0.699
992000,0.251,0.017,0.733
992500,0.261,0.022,0.717
993000,0.255,0.009,0.736
993500,0.262,0.005,0.733
994000,0.257,0.011,0.732
994500,0.301,0.007,0.692
995000,0.303,0.011,0.686
995500,0.252,0.009,0.740
996000,0.273,0.003,0.725
996500,0.295,0.003,0.702
997000,0.282,0.006,0.712
997500,0.314,0.003,0.683
998000,0.342,0.006,0.652
998500,0.304,0.008,0.688
999000,0.294,0.017,0.689
999500,0.266,0.013,0.721
1000000,0.281,0.017,0.702
