time,n_A+p,n_B,n_AB
100,0.419,0.520,0.061
200,0.396,0.502,0.102
300,0.378,0.495,0.127
400,0.363,0.491,0.146
500,0.358,0.486,0.156
600,0.339,0.483,0.178
700,0.328,0.478,0.194
800,0.312,0.479,0.209
900,0.303,0.473,0.224
1000,0.297,0.462,0.241
1100,0.290,0.456,0.254
1200,0.292,0.456,0.252
1300,0.285,0.456,0.259
1400,0.286,0.457,0.257
1500,0.289,0.443,0.268
1600,0.291,0.429,0.280
1700,0.293,0.417,0.290
1800,0.298,0.408,0.294
1900,0.290,0.409,0.301
2000,0.291,0.396,0.313
2100,0.292,0.397,0.311
2200,0.286,0.391,0.323
2300,0.272,0.389,0.339
2400,0.268,0.409,0.324
2500,0.271,0.401,0.328
2600,0.265,0.407,0.329
2700,0.275,0.396,0.329
2800,0.279,0.401,0.320
2900,0.278,0.387,0.335
3000,0.276,0.384,0.340
3100,0.280,0.386,0.334
3200,0.272,0.387,0.341
3300,0.275,0.380,0.345
3400,0.273,0.377,0.350
3500,0.270,0.384,0.346
3600,0.269,0.377,0.354
3700,0.265,0.379,0.356
3800,0.256,0.378,0.366
3900,0.256,0.375,0.369
4000,0.247,0.377,0.376
4100,0.242,0.376,0.382
4200,0.249,0.353,0.397
4300,0.242,0.346,0.412
4400,0.259,0.354,0.386
4500,0.261,0.348,0.390
4600,0.267,0.342,0.391
4700,0.273,0.342,0.385
4800,0.274,0.336,0.390
4900,0.268,0.343,0.389
5000,0.266,0.349,0.385
5100,0.260,0.364,0.376
5200,0.251,0.364,0.385
5300,0.236,0.371,0.393
5400,0.229,0.377,0.394
5500,0.226,0.372,0.402
5600,0.226,0.377,0.397
5700,0.222,0.386,0.392
5800,0.218,0.382,0.400
5900,0.220,0.379,0.401
6000,0.212,0.393,0.394
6100,0.201,0.400,0.398
6200,0.197,0.374,0.429
6300,0.197,0.367,0.436
6400,0.197,0.389,0.414
6500,0.202,0.375,0.423
6600,0.210,0.382,0.408
6700,0.198,0.386,0.416
6800,0.197,0.384,0.419
6900,0.207,0.384,0.409
7000,0.207,0.368,0.425
7100,0.211,0.374,0.415
7200,0.209,0.370,0.421
7300,0.210,0.367,0.423
7400,0.203,0.368,0.429
7500,0.205,0.370,0.425
7600,0.216,0.382,0.402
7700,0.213,0.388,0.398
7800,0.220,0.386,0.394
7900,0.217,0.388,0.395
8000,0.213,0.398,0.388
8100,0.224,0.386,0.390
8200,0.229,0.385,0.386
8300,0.234,0.395,0.371
8400,0.222,0.397,0.381
8500,0.224,0.404,0.372
8600,0.219,0.406,0.376
8700,0.216,0.409,0.376
8800,0.217,0.409,0.375
8900,0.216,0.414,0.371
9000,0.210,0.403,0.386
9100,0.219,0.417,0.365
9200,0.219,0.413,0.369
9300,0.217,0.400,0.383
9400,0.225,0.398,0.377
9500,0.224,0.395,0.381
9600,0.223,0.394,0.383
9700,0.217,0.391,0.392
9800,0.217,0.388,0.395
9900,0.205,0.390,0.404
10000,0.209,0.377,0.414
10100,0.224,0.370,0.407
10200,0.221,0.360,0.420
10300,0.228,0.353,0.419
10400,0.219,0.359,0.423
10500,0.216,0.362,0.423
10600,0.213,0.364,0.423
10700,0.209,0.367,0.424
10800,0.209,0.366,0.425
10900,0.219,0.361,0.421
11000,0.225,0.363,0.413
11100,0.217,0.349,0.434
11200,0.212,0.361,0.427
11300,0.223,0.369,0.409
11400,0.218,0.352,0.430
11500,0.220,0.353,0.427
11600,0.227,0.353,0.420
11700,0.230,0.351,0.419
11800,0.233,0.352,0.415
11900,0.226,0.359,0.416
12000,0.230,0.356,0.414
12100,0.239,0.346,0.415
12200,0.240,0.339,0.421
12300,0.236,0.335,0.429
12400,0.235,0.342,0.423
12500,0.237,0.333,0.430
12600,0.244,0.336,0.420
12700,0.238,0.344,0.418
12800,0.234,0.347,0.419
12900,0.235,0.341,0.424
13000,0.234,0.348,0.418
13100,0.236,0.349,0.415
13200,0.229,0.344,0.427
13300,0.236,0.332,0.432
13400,0.228,0.324,0.448
13500,0.235,0.321,0.444
13600,0.234,0.322,0.444
13700,0.228,0.314,0.459
13800,0.225,0.314,0.462
13900,0.222,0.316,0.463
14000,0.213,0.324,0.463
14100,0.216,0.312,0.473
14200,0.219,0.323,0.459
14300,0.231,0.331,0.438
14400,0.218,0.325,0.458
14500,0.224,0.337,0.439
14600,0.217,0.341,0.442
14700,0.219,0.339,0.442
14800,0.212,0.344,0.443
14900,0.208,0.350,0.441
15000,0.215,0.346,0.439
15100,0.222,0.348,0.430
15200,0.225,0.342,0.433
15300,0.220,0.346,0.434
15400,0.223,0.341,0.436
15500,0.225,0.341,0.434
15600,0.226,0.341,0.433
15700,0.224,0.340,0.436
15800,0.226,0.344,0.430
15900,0.227,0.340,0.433
16000,0.221,0.348,0.431
16100,0.228,0.352,0.420
16200,0.222,0.360,0.419
16300,0.216,0.362,0.423
16400,0.226,0.370,0.404
16500,0.217,0.358,0.426
16600,0.212,0.365,0.423
16700,0.207,0.366,0.427
16800,0.205,0.369,0.426
16900,0.199,0.367,0.434
17000,0.205,0.352,0.442
17100,0.212,0.352,0.435
17200,0.217,0.348,0.435
17300,0.215,0.354,0.431
17400,0.221,0.349,0.430
17500,0.217,0.344,0.439
17600,0.224,0.351,0.425
17700,0.216,0.349,0.435
17800,0.216,0.352,0.432
17900,0.211,0.358,0.431
18000,0.212,0.359,0.429
18100,0.202,0.350,0.447
18200,0.205,0.347,0.447
18300,0.207,0.346,0.446
18400,0.210,0.346,0.443
18500,0.213,0.350,0.436
18600,0.219,0.340,0.441
18700,0.218,0.334,0.448
18800,0.220,0.342,0.438
18900,0.223,0.344,0.433
19000,0.215,0.345,0.440
19100,0.207,0.342,0.450
19200,0.219,0.333,0.448
19300,0.223,0.323,0.455
19400,0.229,0.320,0.451
19500,0.228,0.314,0.459
19600,0.227,0.325,0.448
19700,0.228,0.325,0.447
19800,0.226,0.308,0.466
19900,0.228,0.308,0.464
20000,0.229,0.305,0.466
20100,0.219,0.299,0.482
20200,0.220,0.292,0.488
20300,0.230,0.285,0.485
20400,0.233,0.268,0.499
20500,0.232,0.269,0.499
20600,0.230,0.267,0.504
20700,0.235,0.276,0.489
20800,0.258,0.279,0.463
20900,0.263,0.280,0.458
21000,0.274,0.279,0.447
21100,0.275,0.275,0.450
21200,0.283,0.273,0.444
21300,0.276,0.268,0.457
21400,0.278,0.271,0.451
21500,0.276,0.260,0.464
21600,0.275,0.258,0.467
21700,0.271,0.251,0.478
21800,0.267,0.245,0.488
21900,0.264,0.253,0.483
22000,0.266,0.264,0.471
22100,0.270,0.269,0.462
22200,0.271,0.276,0.454
22300,0.271,0.264,0.466
22400,0.273,0.264,0.464
22500,0.272,0.267,0.462
22600,0.267,0.258,0.475
22700,0.268,0.260,0.472
22800,0.257,0.264,0.479
22900,0.258,0.261,0.480
23000,0.260,0.266,0.474
23100,0.260,0.275,0.465
23200,0.266,0.272,0.463
23300,0.253,0.279,0.468
23400,0.250,0.281,0.469
23500,0.251,0.287,0.462
23600,0.247,0.295,0.458
23700,0.245,0.290,0.465
23800,0.240,0.292,0.468
23900,0.245,0.291,0.464
24000,0.242,0.286,0.472
24100,0.243,0.287,0.470
24200,0.241,0.290,0.469
24300,0.246,0.282,0.472
24400,0.252,0.274,0.474
24500,0.254,0.286,0.460
24600,0.264,0.280,0.457
24700,0.259,0.275,0.466
24800,0.259,0.276,0.465
24900,0.291,0.270,0.439
25000,0.289,0.268,0.443
25100,0.284,0.267,0.449
25200,0.282,0.267,0.451
25300,0.277,0.264,0.460
25400,0.276,0.271,0.454
25500,0.267,0.273,0.461
25600,0.255,0.266,0.479
25700,0.254,0.263,0.483
25800,0.253,0.263,0.484
25900,0.251,0.254,0.494
26000,0.246,0.254,0.499
26100,0.245,0.265,0.490
26200,0.250,0.270,0.480
26300,0.255,0.269,0.476
26400,0.249,0.269,0.482
26500,0.256,0.275,0.469
26600,0.256,0.282,0.462
26700,0.252,0.284,0.464
26800,0.250,0.277,0.473
26900,0.243,0.278,0.479
27000,0.250,0.276,0.474
27100,0.239,0.269,0.492
27200,0.236,0.273,0.491
27300,0.242,0.272,0.486
27400,0.237,0.279,0.484
27500,0.220,0.283,0.497
27600,0.235,0.285,0.480
27700,0.234,0.269,0.497
27800,0.232,0.277,0.491
27900,0.236,0.281,0.483
28000,0.215,0.281,0.505
28100,0.222,0.281,0.497
28200,0.219,0.278,0.504
28300,0.218,0.285,0.497
28400,0.215,0.277,0.509
28500,0.213,0.267,0.520
28600,0.224,0.274,0.503
28700,0.221,0.272,0.508
28800,0.223,0.270,0.508
28900,0.226,0.276,0.498
29000,0.220,0.285,0.495
29100,0.217,0.286,0.497
29200,0.216,0.294,0.490
29300,0.213,0.288,0.498
29400,0.213,0.288,0.498
29500,0.222,0.294,0.484
29600,0.206,0.299,0.494
29700,0.213,0.297,0.489
29800,0.208,0.295,0.496
29900,0.203,0.294,0.503
30000,0.204,0.287,0.509
30100,0.213,0.282,0.505
30200,0.213,0.280,0.507
30300,0.219,0.276,0.506
30400,0.213,0.271,0.516
30500,0.215,0.276,0.510
30600,0.225,0.281,0.494
30700,0.226,0.274,0.501
30800,0.227,0.271,0.503
30900,0.221,0.272,0.508
31000,0.230,0.268,0.503
31100,0.226,0.276,0.498
31200,0.224,0.272,0.505
31300,0.230,0.272,0.498
31400,0.238,0.268,0.494
31500,0.239,0.267,0.494
31600,0.233,0.267,0.501
31700,0.227,0.276,0.497
31800,0.216,0.272,0.513
31900,0.213,0.274,0.513
32000,0.219,0.285,0.496
32100,0.224,0.286,0.490
32200,0.223,0.289,0.488
32300,0.231,0.287,0.482
32400,0.222,0.299,0.479
32500,0.221,0.304,0.475
32600,0.226,0.294,0.480
32700,0.224,0.296,0.480
32800,0.221,0.280,0.499
32900,0.230,0.281,0.489
33000,0.237,0.284,0.479
33100,0.226,0.277,0.497
33200,0.222,0.278,0.501
33300,0.232,0.282,0.486
33400,0.251,0.285,0.464
33500,0.252,0.278,0.470
33600,0.247,0.267,0.486
33700,0.250,0.272,0.478
33800,0.247,0.272,0.481
33900,0.245,0.266,0.489
34000,0.238,0.274,0.488
34100,0.236,0.273,0.491
34200,0.237,0.258,0.505
34300,0.234,0.264,0.503
34400,0.233,0.271,0.496
34500,0.238,0.275,0.487
34600,0.231,0.280,0.489
34700,0.237,0.273,0.490
34800,0.240,0.271,0.489
34900,0.240,0.267,0.493
35000,0.244,0.270,0.486
35100,0.233,0.275,0.492
35200,0.235,0.269,0.496
35300,0.246,0.264,0.490
35400,0.246,0.266,0.488
35500,0.248,0.261,0.490
35600,0.233,0.256,0.511
35700,0.240,0.263,0.497
35800,0.242,0.272,0.486
35900,0.244,0.269,0.487
36000,0.233,0.271,0.496
36100,0.241,0.279,0.480
36200,0.235,0.275,0.490
36300,0.232,0.274,0.494
36400,0.228,0.276,0.496
36500,0.221,0.280,0.499
36600,0.209,0.283,0.508
36700,0.235,0.277,0.488
36800,0.238,0.269,0.493
36900,0.241,0.260,0.498
37000,0.236,0.254,0.510
37100,0.235,0.248,0.517
37200,0.253,0.248,0.498
37300,0.256,0.254,0.489
37400,0.240,0.257,0.503
37500,0.241,0.251,0.508
37600,0.245,0.238,0.517
37700,0.248,0.244,0.508
37800,0.247,0.250,0.503
37900,0.251,0.249,0.499
38000,0.240,0.241,0.519
38100,0.250,0.244,0.506
38200,0.249,0.239,0.512
38300,0.249,0.237,0.514
38400,0.253,0.244,0.503
38500,0.241,0.245,0.514
38600,0.247,0.242,0.511
38700,0.240,0.240,0.520
38800,0.246,0.240,0.514
38900,0.247,0.245,0.508
39000,0.246,0.247,0.507
39100,0.250,0.241,0.509
39200,0.248,0.241,0.511
39300,0.246,0.237,0.517
39400,0.248,0.236,0.516
39500,0.249,0.237,0.514
39600,0.249,0.241,0.510
39700,0.243,0.241,0.516
39800,0.247,0.242,0.511
39900,0.267,0.242,0.491
40000,0.261,0.245,0.493
40100,0.270,0.243,0.487
40200,0.267,0.241,0.492
40300,0.254,0.245,0.501
40400,0.246,0.250,0.504
40500,0.243,0.251,0.506
40600,0.247,0.258,0.494
40700,0.252,0.267,0.481
40800,0.255,0.257,0.487
40900,0.256,0.265,0.479
41000,0.256,0.275,0.469
41100,0.251,0.278,0.471
41200,0.255,0.272,0.473
41300,0.244,0.268,0.488
41400,0.247,0.271,0.482
41500,0.249,0.270,0.481
41600,0.250,0.271,0.479
41700,0.241,0.257,0.502
41800,0.243,0.263,0.494
41900,0.246,0.265,0.489
42000,0.244,0.259,0.496
42100,0.247,0.259,0.493
42200,0.248,0.252,0.499
42300,0.246,0.246,0.508
42400,0.252,0.242,0.506
42500,0.250,0.244,0.506
42600,0.248,0.248,0.504
42700,0.239,0.252,0.509
42800,0.229,0.259,0.512
42900,0.221,0.275,0.505
43000,0.246,0.266,0.488
43100,0.240,0.254,0.506
43200,0.239,0.244,0.517
43300,0.260,0.245,0.494
43400,0.245,0.239,0.516
43500,0.249,0.238,0.513
43600,0.246,0.241,0.513
43700,0.245,0.241,0.514
43800,0.249,0.236,0.515
43900,0.248,0.233,0.519
44000,0.252,0.253,0.494
44100,0.251,0.254,0.494
44200,0.253,0.250,0.496
44300,0.249,0.258,0.492
44400,0.251,0.264,0.485
44500,0.246,0.267,0.487
44600,0.245,0.272,0.483
44700,0.237,0.271,0.492
44800,0.237,0.269,0.494
44900,0.238,0.267,0.495
45000,0.240,0.279,0.481
45100,0.237,0.287,0.476
45200,0.230,0.293,0.477
45300,0.238,0.294,0.468
45400,0.238,0.297,0.465
45500,0.228,0.302,0.470
45600,0.239,0.308,0.453
45700,0.242,0.305,0.453
45800,0.243,0.296,0.461
45900,0.240,0.282,0.478
46000,0.245,0.284,0.471
46100,0.242,0.285,0.473
46200,0.254,0.261,0.484
46300,0.257,0.263,0.480
46400,0.265,0.265,0.471
46500,0.266,0.264,0.471
46600,0.268,0.251,0.481
46700,0.269,0.257,0.474
46800,0.269,0.253,0.478
46900,0.271,0.251,0.478
47000,0.279,0.242,0.479
47100,0.268,0.241,0.491
47200,0.276,0.243,0.481
47300,0.268,0.249,0.483
47400,0.283,0.248,0.469
47500,0.270,0.247,0.483
47600,0.256,0.265,0.479
47700,0.263,0.264,0.474
47800,0.256,0.260,0.483
47900,0.263,0.263,0.475
48000,0.260,0.257,0.482
48100,0.253,0.261,0.485
48200,0.255,0.266,0.479
48300,0.266,0.263,0.472
48400,0.280,0.259,0.461
48500,0.267,0.254,0.479
48600,0.268,0.250,0.482
48700,0.255,0.254,0.490
48800,0.255,0.244,0.501
48900,0.252,0.237,0.511
49000,0.251,0.242,0.507
49100,0.255,0.238,0.507
49200,0.251,0.234,0.515
49300,0.246,0.241,0.513
49400,0.246,0.227,0.527
49500,0.246,0.227,0.527
49600,0.245,0.233,0.522
49700,0.251,0.231,0.518
49800,0.254,0.236,0.510
49900,0.238,0.232,0.530
50000,0.240,0.232,0.528
50100,0.243,0.236,0.521
50200,0.249,0.232,0.519
50300,0.239,0.233,0.528
50400,0.243,0.230,0.527
50500,0.243,0.234,0.523
50600,0.255,0.241,0.504
50700,0.256,0.238,0.506
50800,0.255,0.242,0.503
50900,0.253,0.241,0.506
51000,0.257,0.241,0.502
51100,0.258,0.238,0.504
51200,0.258,0.236,0.506
51300,0.263,0.234,0.504
51400,0.258,0.244,0.497
51500,0.261,0.237,0.502
51600,0.267,0.231,0.503
51700,0.255,0.233,0.512
51800,0.255,0.252,0.492
51900,0.251,0.270,0.479
52000,0.254,0.283,0.463
52100,0.260,0.279,0.461
52200,0.263,0.274,0.464
52300,0.256,0.264,0.480
52400,0.267,0.265,0.469
52500,0.261,0.261,0.477
52600,0.270,0.261,0.469
52700,0.257,0.254,0.488
52800,0.257,0.257,0.485
52900,0.253,0.266,0.481
53000,0.260,0.268,0.472
53100,0.263,0.263,0.475
53200,0.252,0.259,0.488
53300,0.255,0.254,0.490
53400,0.255,0.245,0.499
53500,0.259,0.241,0.499
53600,0.257,0.240,0.503
53700,0.252,0.243,0.505
53800,0.271,0.232,0.497
53900,0.275,0.233,0.492
54000,0.272,0.230,0.498
54100,0.276,0.237,0.487
54200,0.282,0.243,0.475
54300,0.281,0.241,0.478
54400,0.300,0.248,0.451
54500,0.299,0.250,0.450
54600,0.297,0.252,0.450
54700,0.296,0.253,0.450
54800,0.294,0.248,0.458
54900,0.303,0.247,0.449
55000,0.302,0.246,0.451
55100,0.301,0.245,0.454
55200,0.274,0.252,0.474
55300,0.290,0.252,0.458
55400,0.273,0.254,0.473
55500,0.260,0.256,0.483
55600,0.258,0.254,0.487
55700,0.253,0.244,0.503
55800,0.245,0.239,0.516
55900,0.245,0.249,0.506
56000,0.238,0.248,0.514
56100,0.250,0.245,0.505
56200,0.253,0.245,0.502
56300,0.260,0.248,0.491
56400,0.254,0.254,0.491
56500,0.252,0.261,0.486
56600,0.254,0.257,0.488
56700,0.253,0.255,0.491
56800,0.249,0.252,0.498
56900,0.246,0.242,0.512
57000,0.251,0.241,0.508
57100,0.255,0.239,0.506
57200,0.253,0.242,0.505
57300,0.248,0.238,0.514
57400,0.250,0.234,0.516
57500,0.251,0.233,0.516
57600,0.259,0.229,0.512
57700,0.265,0.237,0.498
57800,0.264,0.239,0.497
57900,0.263,0.250,0.487
58000,0.264,0.245,0.491
58100,0.251,0.242,0.507
58200,0.248,0.234,0.518
58300,0.252,0.242,0.506
58400,0.250,0.240,0.510
58500,0.248,0.238,0.514
58600,0.241,0.239,0.520
58700,0.239,0.240,0.521
58800,0.244,0.240,0.516
58900,0.235,0.251,0.514
59000,0.235,0.248,0.517
59100,0.225,0.255,0.520
59200,0.217,0.255,0.528
59300,0.220,0.258,0.522
59400,0.225,0.263,0.513
59500,0.221,0.258,0.521
59600,0.218,0.258,0.524
59700,0.215,0.256,0.529
59800,0.217,0.246,0.537
59900,0.226,0.244,0.530
60000,0.232,0.233,0.535
60100,0.239,0.230,0.531
60200,0.232,0.228,0.540
60300,0.235,0.237,0.528
60400,0.236,0.233,0.531
60500,0.238,0.232,0.530
60600,0.242,0.230,0.528
60700,0.253,0.225,0.522
60800,0.268,0.212,0.520
60900,0.264,0.209,0.527
61000,0.263,0.210,0.527
61100,0.263,0.213,0.524
61200,0.260,0.208,0.531
61300,0.255,0.220,0.525
61400,0.257,0.208,0.534
61500,0.259,0.212,0.528
61600,0.261,0.220,0.519
61700,0.281,0.220,0.499
61800,0.270,0.225,0.506
61900,0.272,0.231,0.497
62000,0.286,0.234,0.480
62100,0.287,0.230,0.483
62200,0.284,0.230,0.486
62300,0.270,0.220,0.511
62400,0.276,0.212,0.512
62500,0.277,0.210,0.513
62600,0.279,0.211,0.510
62700,0.275,0.207,0.518
62800,0.266,0.206,0.528
62900,0.260,0.210,0.529
63000,0.264,0.213,0.523
63100,0.257,0.211,0.531
63200,0.260,0.211,0.528
63300,0.267,0.231,0.503
63400,0.268,0.227,0.506
63500,0.266,0.226,0.509
63600,0.268,0.210,0.522
63700,0.269,0.204,0.527
63800,0.260,0.202,0.537
63900,0.275,0.205,0.520
64000,0.272,0.200,0.528
64100,0.280,0.200,0.520
64200,0.275,0.206,0.519
64300,0.274,0.210,0.516
64400,0.276,0.205,0.519
64500,0.276,0.208,0.516
64600,0.297,0.206,0.496
64700,0.289,0.209,0.502
64800,0.279,0.203,0.518
64900,0.286,0.198,0.516
65000,0.278,0.199,0.523
65100,0.279,0.199,0.522
65200,0.286,0.203,0.511
65300,0.291,0.201,0.508
65400,0.288,0.198,0.514
65500,0.285,0.194,0.521
65600,0.272,0.195,0.533
65700,0.277,0.185,0.538
65800,0.273,0.191,0.536
65900,0.276,0.196,0.528
66000,0.290,0.201,0.509
66100,0.300,0.197,0.503
66200,0.298,0.197,0.505
66300,0.292,0.200,0.508
66400,0.287,0.205,0.508
66500,0.291,0.203,0.506
66600,0.284,0.199,0.517
66700,0.289,0.200,0.511
66800,0.287,0.200,0.513
66900,0.284,0.196,0.520
67000,0.283,0.193,0.524
67100,0.281,0.196,0.523
67200,0.272,0.193,0.535
67300,0.267,0.195,0.538
67400,0.270,0.188,0.542
67500,0.264,0.188,0.549
67600,0.255,0.202,0.542
67700,0.265,0.203,0.532
67800,0.265,0.204,0.531
67900,0.258,0.193,0.549
68000,0.250,0.188,0.562
68100,0.246,0.193,0.561
68200,0.251,0.199,0.550
68300,0.258,0.206,0.535
68400,0.255,0.208,0.536
68500,0.263,0.210,0.527
68600,0.270,0.211,0.519
68700,0.263,0.201,0.536
68800,0.263,0.200,0.537
68900,0.271,0.199,0.530
69000,0.273,0.199,0.528
69100,0.275,0.208,0.517
69200,0.267,0.205,0.528
69300,0.270,0.218,0.513
69400,0.265,0.206,0.529
69500,0.261,0.208,0.530
69600,0.265,0.205,0.530
69700,0.260,0.207,0.532
69800,0.276,0.200,0.524
69900,0.267,0.193,0.540
70000,0.281,0.198,0.521
70100,0.261,0.189,0.550
70200,0.276,0.190,0.534
70300,0.269,0.194,0.537
70400,0.273,0.193,0.534
70500,0.270,0.206,0.524
70600,0.272,0.206,0.522
70700,0.261,0.203,0.535
70800,0.264,0.207,0.529
70900,0.255,0.208,0.536
71000,0.261,0.203,0.535
71100,0.261,0.203,0.535
71200,0.254,0.196,0.550
71300,0.269,0.193,0.538
71400,0.282,0.195,0.523
71500,0.290,0.194,0.516
71600,0.285,0.194,0.521
71700,0.284,0.200,0.516
71800,0.267,0.193,0.540
71900,0.279,0.187,0.534
72000,0.274,0.185,0.541
72100,0.274,0.179,0.547
72200,0.277,0.188,0.535
72300,0.269,0.198,0.533
72400,0.260,0.194,0.545
72500,0.255,0.185,0.560
72600,0.258,0.190,0.552
72700,0.249,0.184,0.567
72800,0.252,0.186,0.562
72900,0.251,0.198,0.551
73000,0.253,0.202,0.544
73100,0.244,0.203,0.553
73200,0.253,0.216,0.531
73300,0.265,0.216,0.520
73400,0.274,0.200,0.526
73500,0.263,0.202,0.535
73600,0.253,0.201,0.545
73700,0.261,0.199,0.539
73800,0.270,0.199,0.531
73900,0.270,0.199,0.531
74000,0.268,0.200,0.532
74100,0.281,0.203,0.516
74200,0.278,0.196,0.526
74300,0.283,0.196,0.521
74400,0.283,0.201,0.516
74500,0.288,0.192,0.520
74600,0.282,0.190,0.528
74700,0.282,0.198,0.520
74800,0.266,0.200,0.534
74900,0.281,0.203,0.516
75000,0.278,0.203,0.519
75100,0.287,0.205,0.508
75200,0.292,0.207,0.501
75300,0.299,0.209,0.491
75400,0.305,0.207,0.487
75500,0.306,0.197,0.496
75600,0.308,0.206,0.485
75700,0.314,0.209,0.477
75800,0.288,0.207,0.505
75900,0.285,0.213,0.502
76000,0.281,0.210,0.509
76100,0.282,0.207,0.511
76200,0.278,0.208,0.514
76300,0.279,0.210,0.511
76400,0.265,0.211,0.524
76500,0.264,0.203,0.533
76600,0.265,0.210,0.525
76700,0.267,0.202,0.531
76800,0.265,0.200,0.535
76900,0.269,0.207,0.524
77000,0.285,0.206,0.509
77100,0.291,0.201,0.508
77200,0.279,0.200,0.521
77300,0.278,0.196,0.526
77400,0.280,0.200,0.520
77500,0.285,0.211,0.504
77600,0.284,0.224,0.492
77700,0.283,0.223,0.494
77800,0.283,0.223,0.494
77900,0.283,0.228,0.489
78000,0.279,0.233,0.488
78100,0.269,0.230,0.502
78200,0.260,0.237,0.503
78300,0.257,0.237,0.506
78400,0.255,0.238,0.507
78500,0.251,0.235,0.514
78600,0.256,0.235,0.509
78700,0.258,0.232,0.510
78800,0.254,0.226,0.520
78900,0.251,0.220,0.529
79000,0.241,0.210,0.549
79100,0.237,0.204,0.559
79200,0.251,0.232,0.517
79300,0.254,0.229,0.517
79400,0.271,0.222,0.508
79500,0.266,0.231,0.504
79600,0.271,0.233,0.496
79700,0.267,0.241,0.492
79800,0.266,0.235,0.499
79900,0.257,0.236,0.507
80000,0.247,0.228,0.525
80100,0.269,0.222,0.510
80200,0.286,0.216,0.498
80300,0.278,0.212,0.510
80400,0.279,0.213,0.508
80500,0.280,0.218,0.503
80600,0.273,0.216,0.512
80700,0.273,0.201,0.526
80800,0.261,0.203,0.535
80900,0.265,0.204,0.531
81000,0.265,0.212,0.523
81100,0.251,0.205,0.543
81200,0.264,0.204,0.532
81300,0.256,0.209,0.534
81400,0.242,0.219,0.539
81500,0.245,0.222,0.533
81600,0.243,0.215,0.542
81700,0.255,0.216,0.529
81800,0.251,0.225,0.524
81900,0.248,0.237,0.515
82000,0.244,0.233,0.523
82100,0.241,0.232,0.527
82200,0.239,0.224,0.537
82300,0.261,0.213,0.525
82400,0.264,0.212,0.524
82500,0.253,0.211,0.535
82600,0.248,0.207,0.544
82700,0.258,0.221,0.521
82800,0.256,0.223,0.521
82900,0.251,0.220,0.529
83000,0.253,0.222,0.525
83100,0.250,0.204,0.545
83200,0.239,0.206,0.555
83300,0.249,0.205,0.545
83400,0.267,0.200,0.533
83500,0.263,0.207,0.530
83600,0.259,0.206,0.534
83700,0.267,0.217,0.517
83800,0.267,0.233,0.501
83900,0.270,0.230,0.501
84000,0.277,0.219,0.505
84100,0.280,0.217,0.504
84200,0.277,0.213,0.510
84300,0.272,0.220,0.509
84400,0.272,0.212,0.516
84500,0.248,0.226,0.526
84600,0.252,0.240,0.508
84700,0.243,0.236,0.521
84800,0.252,0.232,0.516
84900,0.253,0.234,0.513
85000,0.253,0.230,0.517
85100,0.255,0.232,0.513
85200,0.256,0.232,0.512
85300,0.255,0.226,0.519
85400,0.248,0.228,0.524
85500,0.244,0.226,0.530
85600,0.247,0.228,0.525
85700,0.249,0.237,0.514
85800,0.247,0.235,0.518
85900,0.242,0.238,0.520
86000,0.256,0.235,0.509
86100,0.250,0.229,0.521
86200,0.244,0.225,0.531
86300,0.245,0.226,0.529
86400,0.247,0.235,0.518
86500,0.241,0.235,0.524
86600,0.235,0.228,0.537
86700,0.238,0.233,0.529
86800,0.244,0.232,0.524
86900,0.242,0.225,0.533
87000,0.244,0.219,0.537
87100,0.240,0.228,0.532
87200,0.268,0.230,0.503
87300,0.264,0.225,0.512
87400,0.269,0.220,0.512
87500,0.260,0.219,0.521
87600,0.264,0.219,0.518
87700,0.271,0.229,0.501
87800,0.266,0.226,0.509
87900,0.268,0.223,0.510
88000,0.263,0.217,0.521
88100,0.261,0.217,0.522
88200,0.256,0.217,0.527
88300,0.258,0.197,0.544
88400,0.263,0.195,0.542
88500,0.265,0.194,0.541
88600,0.259,0.187,0.554
88700,0.254,0.181,0.565
88800,0.253,0.196,0.551
88900,0.267,0.199,0.534
89000,0.270,0.198,0.532
89100,0.267,0.190,0.543
89200,0.268,0.192,0.540
89300,0.254,0.207,0.538
89400,0.261,0.204,0.534
89500,0.270,0.215,0.516
89600,0.263,0.206,0.531
89700,0.257,0.208,0.534
89800,0.251,0.218,0.531
89900,0.248,0.216,0.536
90000,0.254,0.217,0.529
90100,0.255,0.212,0.532
90200,0.278,0.216,0.507
90300,0.274,0.208,0.518
90400,0.286,0.210,0.504
90500,0.285,0.197,0.518
90600,0.282,0.199,0.519
90700,0.287,0.205,0.508
90800,0.279,0.200,0.521
90900,0.272,0.202,0.526
91000,0.272,0.203,0.525
91100,0.272,0.200,0.528
91200,0.257,0.201,0.541
91300,0.263,0.205,0.532
91400,0.265,0.212,0.523
91500,0.256,0.208,0.535
91600,0.240,0.216,0.544
91700,0.245,0.207,0.547
91800,0.243,0.216,0.541
91900,0.242,0.225,0.533
92000,0.235,0.217,0.549
92100,0.230,0.230,0.540
92200,0.237,0.229,0.534
92300,0.238,0.221,0.541
92400,0.231,0.221,0.549
92500,0.226,0.215,0.560
92600,0.231,0.215,0.555
92700,0.240,0.220,0.540
92800,0.240,0.220,0.540
92900,0.247,0.212,0.540
93000,0.243,0.209,0.547
93100,0.250,0.220,0.530
93200,0.264,0.224,0.513
93300,0.256,0.225,0.519
93400,0.257,0.217,0.526
93500,0.242,0.207,0.551
93600,0.234,0.216,0.551
93700,0.232,0.217,0.552
93800,0.226,0.221,0.554
93900,0.223,0.219,0.559
94000,0.222,0.218,0.561
94100,0.228,0.219,0.554
94200,0.223,0.221,0.557
94300,0.216,0.224,0.561
94400,0.210,0.221,0.569
94500,0.218,0.228,0.555
94600,0.218,0.230,0.553
94700,0.222,0.246,0.532
94800,0.224,0.229,0.547
94900,0.228,0.226,0.546
95000,0.233,0.229,0.538
95100,0.238,0.231,0.531
95200,0.241,0.242,0.517
95300,0.240,0.240,0.520
95400,0.244,0.250,0.506
95500,0.246,0.254,0.499
95600,0.239,0.259,0.502
95700,0.237,0.242,0.521
95800,0.242,0.248,0.510
95900,0.239,0.249,0.512
96000,0.244,0.258,0.497
96100,0.247,0.258,0.494
96200,0.246,0.259,0.494
96300,0.239,0.263,0.498
96400,0.234,0.274,0.492
96500,0.233,0.266,0.502
96600,0.226,0.245,0.529
96700,0.231,0.247,0.522
96800,0.217,0.249,0.534
96900,0.224,0.243,0.533
97000,0.225,0.241,0.534
97100,0.230,0.243,0.527
97200,0.219,0.237,0.544
97300,0.222,0.233,0.545
97400,0.226,0.242,0.532
97500,0.217,0.232,0.552
97600,0.233,0.239,0.528
97700,0.224,0.236,0.540
97800,0.224,0.239,0.537
97900,0.225,0.236,0.539
98000,0.218,0.231,0.552
98100,0.226,0.226,0.549
98200,0.242,0.225,0.533
98300,0.251,0.218,0.531
98400,0.245,0.222,0.533
98500,0.249,0.222,0.529
98600,0.233,0.216,0.552
98700,0.244,0.224,0.532
98800,0.237,0.221,0.542
98900,0.250,0.213,0.536
99000,0.260,0.218,0.522
99100,0.257,0.222,0.521
99200,0.260,0.221,0.519
99300,0.283,0.213,0.504
99400,0.278,0.207,0.515
99500,0.282,0.207,0.511
99600,0.271,0.201,0.528
99700,0.263,0.200,0.537
99800,0.260,0.199,0.540
99900,0.272,0.207,0.521
100000,0.275,0.205,0.520
