time,n_A+p,n_B,n_AB
100,0.030,0.963,0.007
200,0.030,0.957,0.013
300,0.030,0.954,0.016
400,0.030,0.953,0.017
500,0.031,0.947,0.022
600,0.030,0.948,0.022
700,0.030,0.950,0.020
800,0.030,0.947,0.023
900,0.030,0.940,0.031
1000,0.031,0.935,0.035
1100,0.030,0.932,0.039
1200,0.033,0.927,0.040
1300,0.034,0.922,0.044
1400,0.033,0.920,0.047
1500,0.035,0.922,0.043
1600,0.035,0.917,0.048
1700,0.033,0.908,0.059
1800,0.034,0.905,0.061
1900,0.034,0.904,0.062
2000,0.033,0.902,0.065
2100,0.036,0.884,0.081
2200,0.037,0.880,0.083
2300,0.039,0.877,0.084
2400,0.039,0.857,0.104
2500,0.038,0.855,0.107
2600,0.038,0.855,0.107
2700,0.039,0.859,0.102
2800,0.042,0.861,0.097
2900,0.042,0.844,0.114
3000,0.047,0.840,0.113
3100,0.045,0.841,0.114
3200,0.046,0.847,0.107
3300,0.046,0.839,0.115
3400,0.047,0.831,0.122
3500,0.046,0.836,0.118
3600,0.042,0.839,0.120
3700,0.046,0.843,0.111
3800,0.043,0.843,0.114
3900,0.047,0.823,0.130
4000,0.053,0.822,0.125
4100,0.057,0.816,0.127
4200,0.057,0.808,0.135
4300,0.057,0.801,0.142
4400,0.063,0.808,0.129
4500,0.060,0.801,0.139
4600,0.069,0.805,0.126
4700,0.068,0.798,0.134
4800,0.067,0.802,0.131
4900,0.065,0.810,0.125
5000,0.065,0.805,0.130
5100,0.062,0.789,0.149
5200,0.058,0.787,0.155
5300,0.056,0.791,0.153
5400,0.062,0.793,0.145
5500,0.065,0.793,0.142
5600,0.067,0.792,0.141
5700,0.065,0.794,0.141
5800,0.066,0.795,0.139
5900,0.063,0.792,0.145
6000,0.064,0.787,0.149
6100,0.066,0.779,0.154
6200,0.066,0.788,0.146
6300,0.069,0.781,0.149
6400,0.068,0.784,0.147
6500,0.070,0.777,0.152
6600,0.068,0.770,0.161
6700,0.070,0.762,0.168
6800,0.073,0.761,0.166
6900,0.079,0.765,0.156
7000,0.073,0.754,0.174
7100,0.080,0.748,0.173
7200,0.069,0.743,0.188
7300,0.080,0.741,0.180
7400,0.075,0.739,0.187
7500,0.072,0.745,0.184
7600,0.070,0.744,0.186
7700,0.062,0.752,0.186
7800,0.068,0.748,0.184
7900,0.074,0.741,0.186
8000,0.081,0.740,0.180
8100,0.068,0.739,0.193
8200,0.070,0.742,0.188
8300,0.068,0.733,0.198
8400,0.066,0.734,0.199
8500,0.066,0.732,0.201
8600,0.066,0.737,0.196
8700,0.064,0.737,0.198
8800,0.063,0.737,0.199
8900,0.065,0.739,0.196
9000,0.073,0.733,0.194
9100,0.079,0.731,0.190
9200,0.078,0.724,0.198
9300,0.077,0.711,0.212
9400,0.077,0.715,0.208
9500,0.075,0.722,0.203
9600,0.074,0.708,0.219
9700,0.074,0.708,0.219
9800,0.070,0.708,0.222
9900,0.074,0.717,0.209
10000,0.076,0.714,0.210
10100,0.075,0.721,0.204
10200,0.078,0.721,0.201
10300,0.077,0.719,0.204
10400,0.077,0.725,0.198
10500,0.078,0.732,0.190
10600,0.080,0.732,0.188
10700,0.092,0.743,0.165
10800,0.095,0.740,0.165
10900,0.099,0.740,0.161
11000,0.095,0.735,0.170
11100,0.091,0.728,0.181
11200,0.096,0.728,0.176
11300,0.093,0.732,0.175
11400,0.093,0.723,0.184
11500,0.098,0.722,0.180
11600,0.098,0.729,0.173
11700,0.096,0.727,0.177
11800,0.090,0.726,0.184
11900,0.086,0.720,0.194
12000,0.079,0.724,0.197
12100,0.080,0.731,0.189
12200,0.076,0.735,0.189
12300,0.074,0.719,0.207
12400,0.074,0.715,0.211
12500,0.077,0.716,0.207
12600,0.076,0.709,0.216
12700,0.075,0.721,0.204
12800,0.062,0.721,0.217
12900,0.065,0.727,0.207
13000,0.067,0.714,0.219
13100,0.079,0.705,0.217
13200,0.079,0.679,0.242
13300,0.079,0.676,0.245
13400,0.082,0.679,0.239
13500,0.088,0.685,0.227
13600,0.083,0.675,0.242
13700,0.083,0.675,0.242
13800,0.083,0.681,0.236
13900,0.082,0.668,0.250
14000,0.083,0.671,0.246
14100,0.089,0.665,0.246
14200,0.085,0.665,0.250
14300,0.081,0.656,0.264
14400,0.079,0.671,0.250
14500,0.084,0.661,0.255
14600,0.090,0.657,0.253
14700,0.096,0.642,0.261
14800,0.100,0.646,0.254
14900,0.103,0.636,0.260
15000,0.101,0.630,0.269
15100,0.111,0.618,0.271
15200,0.111,0.612,0.277
15300,0.113,0.608,0.279
15400,0.120,0.622,0.258
15500,0.123,0.632,0.245
15600,0.120,0.603,0.278
15700,0.118,0.609,0.273
15800,0.121,0.603,0.277
15900,0.125,0.608,0.268
16000,0.114,0.601,0.285
16100,0.125,0.602,0.274
16200,0.130,0.594,0.276
16300,0.130,0.602,0.269
16400,0.121,0.584,0.295
16500,0.120,0.583,0.297
16600,0.124,0.567,0.309
16700,0.115,0.577,0.307
16800,0.118,0.578,0.303
16900,0.129,0.568,0.303
17000,0.132,0.572,0.296
17100,0.128,0.572,0.300
17200,0.134,0.570,0.296
17300,0.127,0.582,0.291
17400,0.145,0.573,0.282
17500,0.146,0.571,0.283
17600,0.153,0.568,0.279
17700,0.150,0.561,0.289
17800,0.145,0.555,0.300
17900,0.147,0.547,0.305
18000,0.144,0.545,0.311
18100,0.144,0.540,0.316
18200,0.148,0.537,0.315
18300,0.149,0.527,0.324
18400,0.148,0.539,0.313
18500,0.147,0.538,0.315
18600,0.149,0.540,0.311
18700,0.145,0.538,0.317
18800,0.147,0.535,0.318
18900,0.146,0.522,0.332
19000,0.155,0.524,0.321
19100,0.161,0.517,0.322
19200,0.161,0.512,0.327
19300,0.161,0.506,0.333
19400,0.169,0.499,0.332
19500,0.176,0.505,0.320
19600,0.174,0.501,0.326
19700,0.184,0.496,0.320
19800,0.189,0.499,0.312
19900,0.189,0.492,0.319
20000,0.190,0.483,0.327
20100,0.198,0.479,0.323
20200,0.207,0.470,0.323
20300,0.222,0.461,0.318
20400,0.233,0.466,0.301
20500,0.233,0.456,0.312
20600,0.234,0.461,0.305
20700,0.232,0.463,0.305
20800,0.230,0.461,0.309
20900,0.225,0.460,0.316
21000,0.232,0.455,0.314
21100,0.237,0.447,0.316
21200,0.225,0.440,0.335
21300,0.226,0.431,0.343
21400,0.226,0.437,0.337
21500,0.229,0.430,0.341
21600,0.231,0.438,0.331
21700,0.240,0.426,0.334
21800,0.235,0.426,0.339
21900,0.237,0.424,0.339
22000,0.231,0.421,0.348
22100,0.225,0.420,0.355
22200,0.216,0.426,0.359
22300,0.228,0.425,0.347
22400,0.227,0.421,0.352
22500,0.235,0.420,0.345
22600,0.253,0.419,0.328
22700,0.253,0.412,0.335
22800,0.255,0.410,0.335
22900,0.273,0.410,0.318
23000,0.274,0.404,0.322
23100,0.275,0.401,0.324
23200,0.278,0.406,0.317
23300,0.276,0.406,0.319
23400,0.265,0.408,0.328
23500,0.268,0.407,0.326
23600,0.270,0.417,0.314
23700,0.273,0.408,0.320
23800,0.279,0.411,0.311
23900,0.279,0.408,0.314
24000,0.279,0.411,0.311
24100,0.285,0.399,0.316
24200,0.282,0.399,0.319
24300,0.284,0.404,0.312
24400,0.283,0.408,0.309
24500,0.281,0.411,0.308
24600,0.276,0.402,0.322
24700,0.287,0.406,0.307
24800,0.294,0.396,0.309
24900,0.298,0.392,0.309
25000,0.298,0.391,0.311
25100,0.299,0.392,0.308
25200,0.305,0.384,0.311
25300,0.321,0.379,0.300
25400,0.315,0.375,0.311
25500,0.311,0.374,0.316
25600,0.313,0.378,0.309
25700,0.311,0.374,0.316
25800,0.326,0.366,0.308
25900,0.334,0.367,0.299
26000,0.329,0.365,0.306
26100,0.333,0.349,0.318
26200,0.329,0.354,0.317
26300,0.321,0.353,0.326
26400,0.316,0.359,0.326
26500,0.324,0.350,0.326
26600,0.328,0.352,0.320
26700,0.340,0.354,0.305
26800,0.343,0.358,0.299
26900,0.330,0.353,0.317
27000,0.349,0.354,0.296
27100,0.349,0.356,0.294
27200,0.336,0.343,0.321
27300,0.345,0.341,0.314
27400,0.338,0.344,0.318
27500,0.340,0.343,0.317
27600,0.327,0.339,0.334
27700,0.326,0.343,0.331
27800,0.329,0.349,0.322
27900,0.321,0.350,0.329
28000,0.332,0.346,0.322
28100,0.326,0.333,0.341
28200,0.322,0.327,0.351
28300,0.327,0.327,0.346
28400,0.339,0.335,0.326
28500,0.335,0.339,0.326
28600,0.337,0.329,0.334
28700,0.328,0.331,0.341
28800,0.341,0.328,0.331
28900,0.335,0.326,0.339
29000,0.336,0.333,0.331
29100,0.346,0.332,0.322
29200,0.359,0.331,0.311
29300,0.362,0.331,0.307
29400,0.360,0.322,0.319
29500,0.347,0.329,0.324
29600,0.339,0.334,0.327
29700,0.336,0.323,0.341
29800,0.329,0.319,0.352
29900,0.322,0.328,0.350
30000,0.320,0.328,0.352
30100,0.341,0.329,0.330
30200,0.324,0.326,0.350
30300,0.325,0.325,0.350
30400,0.327,0.327,0.346
30500,0.314,0.328,0.359
30600,0.323,0.337,0.340
30700,0.326,0.334,0.340
30800,0.322,0.336,0.342
30900,0.306,0.337,0.356
31000,0.308,0.340,0.351
31100,0.323,0.338,0.339
31200,0.336,0.334,0.330
31300,0.336,0.316,0.348
31400,0.347,0.306,0.346
31500,0.341,0.314,0.345
31600,0.345,0.307,0.347
31700,0.361,0.308,0.331
31800,0.365,0.308,0.327
31900,0.376,0.313,0.312
32000,0.381,0.308,0.311
32100,0.367,0.312,0.322
32200,0.380,0.316,0.304
32300,0.370,0.317,0.314
32400,0.367,0.318,0.316
32500,0.368,0.318,0.315
32600,0.363,0.319,0.319
32700,0.360,0.331,0.309
32800,0.349,0.322,0.329
32900,0.342,0.323,0.335
33000,0.353,0.316,0.331
33100,0.353,0.317,0.330
33200,0.348,0.318,0.334
33300,0.349,0.316,0.335
33400,0.367,0.304,0.329
33500,0.381,0.299,0.320
33600,0.396,0.301,0.302
33700,0.393,0.298,0.308
33800,0.401,0.292,0.306
33900,0.400,0.292,0.307
34000,0.406,0.289,0.305
34100,0.406,0.295,0.299
34200,0.398,0.295,0.306
34300,0.383,0.300,0.317
34400,0.383,0.301,0.316
34500,0.379,0.300,0.321
34600,0.375,0.300,0.325
34700,0.379,0.302,0.319
34800,0.389,0.298,0.313
34900,0.392,0.296,0.312
35000,0.399,0.289,0.312
35100,0.394,0.285,0.321
35200,0.410,0.295,0.295
35300,0.401,0.292,0.306
35400,0.410,0.291,0.299
35500,0.416,0.284,0.300
35600,0.419,0.282,0.299
35700,0.427,0.283,0.290
35800,0.426,0.282,0.292
35900,0.434,0.280,0.286
36000,0.441,0.279,0.280
36100,0.441,0.278,0.281
36200,0.446,0.275,0.279
36300,0.446,0.275,0.279
36400,0.459,0.284,0.257
36500,0.461,0.286,0.253
36600,0.440,0.280,0.280
36700,0.442,0.279,0.279
36800,0.448,0.281,0.271
36900,0.451,0.285,0.264
37000,0.443,0.287,0.270
37100,0.449,0.286,0.265
37200,0.444,0.284,0.272
37300,0.435,0.285,0.280
37400,0.430,0.282,0.288
37500,0.430,0.290,0.280
37600,0.428,0.286,0.286
37700,0.427,0.284,0.289
37800,0.423,0.287,0.290
37900,0.435,0.285,0.280
38000,0.435,0.276,0.289
38100,0.436,0.279,0.285
38200,0.431,0.282,0.287
38300,0.424,0.282,0.294
38400,0.413,0.276,0.312
38500,0.411,0.271,0.319
38600,0.411,0.274,0.316
38700,0.403,0.284,0.313
38800,0.398,0.288,0.314
38900,0.408,0.286,0.306
39000,0.414,0.292,0.294
39100,0.409,0.290,0.301
39200,0.416,0.290,0.294
39300,0.407,0.286,0.307
39400,0.414,0.287,0.299
39500,0.414,0.286,0.300
39600,0.411,0.285,0.304
39700,0.403,0.275,0.322
39800,0.394,0.277,0.329
39900,0.414,0.273,0.314
40000,0.410,0.277,0.314
40100,0.406,0.277,0.318
40200,0.408,0.269,0.324
40300,0.406,0.267,0.328
40400,0.403,0.267,0.330
40500,0.412,0.273,0.316
40600,0.414,0.273,0.314
40700,0.408,0.270,0.323
40800,0.394,0.274,0.332
40900,0.389,0.272,0.339
41000,0.386,0.269,0.345
41100,0.398,0.269,0.333
41200,0.399,0.261,0.339
41300,0.404,0.259,0.336
41400,0.404,0.259,0.336
41500,0.419,0.261,0.320
41600,0.414,0.268,0.319
41700,0.440,0.256,0.303
41800,0.441,0.256,0.302
41900,0.441,0.253,0.305
42000,0.437,0.259,0.303
42100,0.431,0.266,0.303
42200,0.428,0.261,0.311
42300,0.399,0.266,0.335
42400,0.396,0.266,0.338
42500,0.395,0.265,0.340
42600,0.396,0.266,0.338
42700,0.382,0.267,0.351
42800,0.394,0.271,0.335
42900,0.391,0.267,0.342
43000,0.395,0.266,0.339
43100,0.396,0.270,0.334
43200,0.408,0.273,0.320
43300,0.396,0.272,0.332
43400,0.392,0.276,0.332
43500,0.395,0.279,0.326
43600,0.389,0.276,0.335
43700,0.397,0.278,0.325
43800,0.384,0.288,0.328
43900,0.391,0.281,0.328
44000,0.400,0.282,0.318
44100,0.404,0.277,0.319
44200,0.406,0.266,0.329
44300,0.409,0.269,0.323
44400,0.411,0.270,0.320
44500,0.395,0.269,0.336
44600,0.397,0.263,0.340
44700,0.379,0.265,0.356
44800,0.382,0.264,0.354
44900,0.377,0.274,0.349
45000,0.371,0.268,0.362
45100,0.383,0.273,0.344
45200,0.377,0.256,0.367
45300,0.382,0.259,0.359
45400,0.394,0.271,0.335
45500,0.378,0.273,0.349
45600,0.376,0.277,0.347
45700,0.375,0.272,0.353
45800,0.362,0.276,0.363
45900,0.367,0.278,0.355
46000,0.363,0.273,0.365
46100,0.354,0.268,0.378
46200,0.356,0.271,0.373
46300,0.372,0.272,0.356
46400,0.377,0.267,0.356
46500,0.396,0.264,0.340
46600,0.398,0.259,0.342
46700,0.415,0.258,0.327
46800,0.422,0.266,0.313
46900,0.419,0.258,0.323
47000,0.420,0.261,0.319
47100,0.435,0.254,0.311
47200,0.440,0.251,0.308
47300,0.441,0.246,0.313
47400,0.449,0.249,0.301
47500,0.435,0.240,0.325
47600,0.441,0.237,0.322
47700,0.456,0.233,0.312
47800,0.454,0.233,0.314
47900,0.448,0.238,0.314
48000,0.460,0.236,0.304
48100,0.456,0.237,0.307
48200,0.449,0.241,0.309
48300,0.453,0.241,0.306
48400,0.454,0.236,0.311
48500,0.468,0.242,0.290
48600,0.474,0.244,0.282
48700,0.473,0.242,0.285
48800,0.481,0.243,0.276
48900,0.481,0.242,0.277
49000,0.477,0.247,0.276
49100,0.475,0.245,0.280
49200,0.481,0.248,0.271
49300,0.487,0.243,0.270
49400,0.486,0.244,0.270
49500,0.481,0.243,0.276
49600,0.482,0.236,0.282
49700,0.472,0.231,0.297
49800,0.471,0.228,0.301
49900,0.475,0.228,0.297
50000,0.470,0.229,0.301
50100,0.483,0.223,0.294
50200,0.478,0.220,0.302
50300,0.477,0.220,0.303
50400,0.471,0.223,0.306
50500,0.470,0.230,0.300
50600,0.472,0.236,0.292
50700,0.474,0.235,0.291
50800,0.474,0.236,0.290
50900,0.477,0.232,0.291
51000,0.479,0.234,0.287
51100,0.486,0.232,0.282
51200,0.474,0.234,0.292
51300,0.487,0.234,0.279
51400,0.491,0.232,0.277
51500,0.486,0.229,0.285
51600,0.493,0.223,0.284
51700,0.485,0.226,0.289
51800,0.481,0.225,0.294
51900,0.487,0.225,0.288
52000,0.483,0.234,0.283
52100,0.495,0.234,0.271
52200,0.496,0.229,0.275
52300,0.509,0.225,0.267
52400,0.514,0.227,0.259
52500,0.520,0.224,0.256
52600,0.520,0.228,0.252
52700,0.523,0.231,0.246
52800,0.508,0.217,0.276
52900,0.514,0.211,0.275
53000,0.512,0.210,0.278
53100,0.524,0.211,0.265
53200,0.525,0.213,0.261
53300,0.523,0.211,0.266
53400,0.516,0.209,0.275
53500,0.528,0.207,0.265
53600,0.535,0.209,0.255
53700,0.539,0.207,0.253
53800,0.546,0.206,0.247
53900,0.562,0.205,0.233
54000,0.566,0.203,0.231
54100,0.565,0.202,0.233
54200,0.566,0.204,0.230
54300,0.575,0.203,0.222
54400,0.584,0.202,0.213
54500,0.586,0.202,0.211
54600,0.588,0.199,0.212
54700,0.586,0.193,0.221
54800,0.579,0.197,0.224
54900,0.582,0.195,0.223
55000,0.590,0.197,0.212
55100,0.587,0.199,0.213
55200,0.580,0.199,0.221
55300,0.582,0.198,0.220
55400,0.585,0.197,0.218
55500,0.585,0.199,0.216
55600,0.586,0.197,0.217
55700,0.588,0.194,0.218
55800,0.596,0.193,0.211
55900,0.599,0.191,0.210
56000,0.602,0.192,0.206
56100,0.602,0.192,0.206
56200,0.612,0.191,0.197
56300,0.608,0.193,0.199
56400,0.617,0.191,0.192
56500,0.615,0.190,0.195
56600,0.620,0.191,0.189
56700,0.625,0.190,0.185
56800,0.631,0.189,0.180
56900,0.630,0.189,0.181
57000,0.627,0.188,0.185
57100,0.626,0.186,0.188
57200,0.633,0.189,0.178
57300,0.631,0.189,0.180
57400,0.624,0.189,0.187
57500,0.625,0.185,0.190
57600,0.625,0.185,0.190
57700,0.625,0.186,0.189
57800,0.624,0.189,0.187
57900,0.629,0.191,0.180
58000,0.634,0.188,0.178
58100,0.634,0.186,0.180
58200,0.639,0.189,0.172
58300,0.639,0.188,0.173
58400,0.642,0.188,0.170
58500,0.630,0.187,0.183
58600,0.628,0.184,0.188
58700,0.634,0.180,0.186
58800,0.628,0.182,0.190
58900,0.626,0.182,0.192
59000,0.625,0.188,0.187
59100,0.620,0.185,0.195
59200,0.623,0.183,0.194
59300,0.627,0.182,0.191
59400,0.630,0.186,0.184
59500,0.626,0.183,0.191
59600,0.619,0.182,0.199
59700,0.631,0.183,0.186
59800,0.624,0.184,0.192
59900,0.621,0.192,0.187
60000,0.618,0.188,0.194
60100,0.621,0.185,0.194
60200,0.606,0.189,0.205
60300,0.608,0.184,0.208
60400,0.609,0.186,0.205
60500,0.612,0.182,0.206
60600,0.617,0.180,0.203
60700,0.621,0.181,0.198
60800,0.617,0.183,0.200
60900,0.618,0.182,0.200
61000,0.619,0.187,0.194
61100,0.622,0.184,0.194
61200,0.624,0.183,0.193
61300,0.623,0.184,0.193
61400,0.624,0.185,0.191
61500,0.626,0.180,0.194
61600,0.630,0.181,0.189
61700,0.635,0.177,0.188
61800,0.639,0.173,0.188
61900,0.645,0.172,0.184
62000,0.649,0.172,0.180
62100,0.650,0.172,0.179
62200,0.657,0.173,0.171
62300,0.661,0.172,0.168
62400,0.659,0.169,0.173
62500,0.658,0.168,0.175
62600,0.657,0.168,0.176
62700,0.654,0.166,0.180
62800,0.661,0.168,0.172
62900,0.668,0.166,0.165
63000,0.672,0.164,0.163
63100,0.673,0.163,0.163
63200,0.675,0.159,0.165
63300,0.673,0.161,0.165
63400,0.671,0.159,0.170
63500,0.672,0.157,0.171
63600,0.677,0.156,0.166
63700,0.678,0.155,0.166
63800,0.676,0.155,0.169
63900,0.667,0.155,0.178
64000,0.667,0.157,0.176
64100,0.666,0.155,0.179
64200,0.660,0.155,0.185
64300,0.653,0.154,0.193
64400,0.649,0.156,0.195
64500,0.648,0.155,0.197
64600,0.650,0.154,0.196
64700,0.645,0.154,0.201
64800,0.642,0.156,0.201
64900,0.636,0.156,0.207
65000,0.639,0.155,0.205
65100,0.654,0.154,0.192
65200,0.656,0.155,0.189
65300,0.655,0.156,0.189
65400,0.650,0.158,0.192
65500,0.648,0.161,0.191
65600,0.656,0.160,0.184
65700,0.659,0.160,0.181
65800,0.651,0.162,0.187
65900,0.660,0.159,0.181
66000,0.667,0.156,0.177
66100,0.667,0.161,0.172
66200,0.674,0.160,0.165
66300,0.676,0.160,0.163
66400,0.672,0.162,0.165
66500,0.677,0.160,0.162
66600,0.674,0.160,0.165
66700,0.677,0.160,0.162
66800,0.669,0.159,0.172
66900,0.675,0.156,0.169
67000,0.662,0.157,0.181
67100,0.663,0.155,0.182
67200,0.677,0.155,0.168
67300,0.683,0.155,0.161
67400,0.686,0.155,0.158
67500,0.681,0.155,0.163
67600,0.682,0.157,0.160
67700,0.683,0.161,0.155
67800,0.678,0.162,0.159
67900,0.678,0.160,0.161
68000,0.679,0.160,0.160
68100,0.681,0.160,0.158
68200,0.679,0.160,0.160
68300,0.680,0.159,0.160
68400,0.681,0.159,0.159
68500,0.680,0.159,0.160
68600,0.678,0.159,0.162
68700,0.676,0.159,0.164
68800,0.675,0.159,0.165
68900,0.676,0.161,0.162
69000,0.685,0.157,0.157
69100,0.689,0.154,0.156
69200,0.695,0.153,0.152
69300,0.693,0.157,0.150
69400,0.689,0.156,0.154
69500,0.693,0.154,0.153
69600,0.697,0.154,0.149
69700,0.700,0.154,0.146
69800,0.687,0.157,0.155
69900,0.695,0.158,0.147
70000,0.687,0.158,0.154
70100,0.678,0.161,0.160
70200,0.678,0.159,0.162
70300,0.688,0.159,0.152
70400,0.689,0.157,0.153
70500,0.687,0.155,0.157
70600,0.685,0.152,0.162
70700,0.685,0.156,0.158
70800,0.693,0.154,0.153
70900,0.688,0.154,0.157
71000,0.667,0.155,0.178
71100,0.654,0.155,0.191
71200,0.657,0.155,0.188
71300,0.668,0.155,0.177
71400,0.670,0.153,0.177
71500,0.671,0.152,0.177
71600,0.670,0.151,0.179
71700,0.672,0.156,0.172
71800,0.677,0.155,0.168
71900,0.683,0.155,0.161
72000,0.687,0.151,0.161
72100,0.686,0.153,0.160
72200,0.689,0.152,0.158
72300,0.681,0.151,0.168
72400,0.679,0.147,0.174
72500,0.687,0.146,0.166
72600,0.686,0.144,0.170
72700,0.695,0.142,0.163
72800,0.691,0.144,0.165
72900,0.699,0.143,0.158
73000,0.694,0.145,0.161
73100,0.696,0.143,0.161
73200,0.699,0.144,0.157
73300,0.710,0.143,0.147
73400,0.711,0.145,0.144
73500,0.713,0.143,0.144
73600,0.715,0.143,0.142
73700,0.711,0.144,0.145
73800,0.702,0.143,0.155
73900,0.704,0.144,0.152
74000,0.708,0.144,0.148
74100,0.712,0.143,0.145
74200,0.706,0.141,0.153
74300,0.703,0.144,0.153
74400,0.699,0.144,0.157
74500,0.698,0.146,0.156
74600,0.700,0.146,0.154
74700,0.700,0.146,0.154
74800,0.698,0.144,0.158
74900,0.692,0.143,0.165
75000,0.687,0.144,0.169
75100,0.686,0.143,0.171
75200,0.693,0.139,0.169
75300,0.709,0.138,0.153
75400,0.706,0.140,0.154
75500,0.708,0.142,0.150
75600,0.710,0.141,0.149
75700,0.712,0.135,0.153
75800,0.723,0.135,0.142
75900,0.724,0.134,0.142
76000,0.721,0.134,0.145
76100,0.714,0.134,0.152
76200,0.710,0.135,0.155
76300,0.705,0.135,0.160
76400,0.708,0.138,0.154
76500,0.703,0.141,0.156
76600,0.707,0.139,0.154
76700,0.708,0.138,0.154
76800,0.711,0.138,0.151
76900,0.717,0.135,0.148
77000,0.719,0.133,0.148
77100,0.721,0.133,0.146
77200,0.726,0.133,0.141
77300,0.727,0.133,0.140
77400,0.732,0.132,0.136
77500,0.732,0.132,0.136
77600,0.733,0.132,0.135
77700,0.736,0.132,0.132
77800,0.732,0.134,0.134
77900,0.736,0.132,0.132
78000,0.739,0.132,0.130
78100,0.733,0.132,0.135
78200,0.735,0.134,0.131
78300,0.730,0.136,0.134
78400,0.719,0.136,0.145
78500,0.711,0.133,0.156
78600,0.709,0.134,0.157
78700,0.705,0.137,0.158
78800,0.704,0.136,0.160
78900,0.700,0.138,0.162
79000,0.706,0.142,0.152
79100,0.711,0.136,0.153
79200,0.710,0.136,0.154
79300,0.714,0.134,0.152
79400,0.714,0.133,0.153
79500,0.717,0.133,0.150
79600,0.713,0.129,0.158
79700,0.695,0.128,0.178
79800,0.702,0.130,0.169
79900,0.709,0.130,0.161
80000,0.712,0.129,0.159
80100,0.706,0.130,0.164
80200,0.711,0.130,0.159
80300,0.712,0.131,0.157
80400,0.707,0.133,0.160
80500,0.709,0.133,0.158
80600,0.711,0.131,0.158
80700,0.711,0.129,0.160
80800,0.712,0.129,0.159
80900,0.711,0.130,0.159
81000,0.722,0.127,0.151
81100,0.725,0.126,0.149
81200,0.729,0.127,0.144
81300,0.734,0.126,0.140
81400,0.734,0.126,0.140
81500,0.732,0.126,0.142
81600,0.727,0.128,0.145
81700,0.730,0.128,0.142
81800,0.733,0.126,0.141
81900,0.737,0.125,0.138
82000,0.737,0.125,0.138
82100,0.734,0.125,0.141
82200,0.742,0.124,0.135
82300,0.746,0.123,0.132
82400,0.741,0.123,0.137
82500,0.740,0.122,0.139
82600,0.726,0.124,0.150
82700,0.732,0.123,0.145
82800,0.733,0.123,0.144
82900,0.735,0.122,0.143
83000,0.729,0.122,0.149
83100,0.731,0.121,0.148
83200,0.731,0.123,0.146
83300,0.737,0.122,0.141
83400,0.740,0.117,0.143
83500,0.740,0.116,0.144
83600,0.736,0.116,0.147
83700,0.737,0.116,0.146
83800,0.740,0.116,0.144
83900,0.740,0.116,0.144
84000,0.740,0.116,0.144
84100,0.741,0.122,0.138
84200,0.742,0.122,0.137
84300,0.742,0.122,0.137
84400,0.743,0.122,0.136
84500,0.745,0.120,0.136
84600,0.746,0.120,0.135
84700,0.730,0.121,0.149
84800,0.733,0.121,0.146
84900,0.729,0.123,0.148
85000,0.728,0.124,0.148
85100,0.726,0.124,0.150
85200,0.730,0.124,0.146
85300,0.730,0.128,0.142
85400,0.731,0.127,0.142
85500,0.731,0.124,0.145
85600,0.725,0.124,0.151
85700,0.714,0.124,0.162
85800,0.715,0.125,0.160
85900,0.717,0.124,0.159
86000,0.714,0.127,0.159
86100,0.708,0.126,0.166
86200,0.709,0.126,0.165
86300,0.712,0.123,0.165
86400,0.710,0.123,0.168
86500,0.712,0.123,0.165
86600,0.711,0.122,0.168
86700,0.715,0.121,0.164
86800,0.718,0.120,0.162
86900,0.726,0.120,0.154
87000,0.726,0.122,0.152
87100,0.729,0.123,0.148
87200,0.727,0.123,0.150
87300,0.730,0.124,0.146
87400,0.727,0.123,0.150
87500,0.724,0.123,0.153
87600,0.727,0.123,0.150
87700,0.731,0.123,0.146
87800,0.729,0.122,0.149
87900,0.727,0.122,0.151
88000,0.722,0.122,0.156
88100,0.723,0.120,0.157
88200,0.733,0.118,0.148
88300,0.736,0.117,0.146
88400,0.734,0.117,0.148
88500,0.740,0.117,0.143
88600,0.743,0.117,0.140
88700,0.749,0.117,0.134
88800,0.752,0.117,0.131
88900,0.754,0.117,0.129
89000,0.750,0.118,0.132
89100,0.748,0.121,0.132
89200,0.749,0.121,0.131
89300,0.754,0.120,0.127
89400,0.754,0.120,0.127
89500,0.757,0.120,0.124
89600,0.757,0.120,0.124
89700,0.765,0.117,0.117
89800,0.763,0.117,0.120
89900,0.763,0.116,0.121
90000,0.764,0.116,0.120
90100,0.763,0.116,0.121
90200,0.762,0.115,0.123
90300,0.760,0.114,0.126
90400,0.758,0.112,0.130
90500,0.759,0.111,0.130
90600,0.765,0.111,0.124
90700,0.768,0.111,0.121
90800,0.769,0.111,0.120
90900,0.768,0.111,0.121
91000,0.772,0.111,0.116
91100,0.774,0.110,0.115
91200,0.778,0.112,0.109
91300,0.778,0.112,0.109
91400,0.777,0.112,0.110
91500,0.778,0.113,0.108
91600,0.779,0.113,0.107
91700,0.782,0.113,0.104
91800,0.780,0.113,0.106
91900,0.780,0.113,0.106
92000,0.782,0.113,0.104
92100,0.780,0.111,0.108
92200,0.779,0.111,0.109
92300,0.779,0.111,0.109
92400,0.779,0.112,0.108
92500,0.782,0.113,0.104
92600,0.784,0.112,0.103
92700,0.784,0.109,0.106
92800,0.785,0.109,0.105
92900,0.789,0.109,0.102
93000,0.791,0.109,0.100
93100,0.793,0.109,0.098
93200,0.794,0.109,0.097
93300,0.794,0.109,0.097
93400,0.791,0.109,0.100
93500,0.791,0.109,0.100
93600,0.791,0.109,0.100
93700,0.792,0.109,0.099
93800,0.793,0.109,0.098
93900,0.793,0.109,0.098
94000,0.794,0.109,0.097
94100,0.791,0.109,0.100
94200,0.790,0.109,0.101
94300,0.791,0.109,0.100
94400,0.792,0.109,0.099
94500,0.794,0.109,0.097
94600,0.797,0.109,0.094
94700,0.798,0.108,0.094
94800,0.798,0.108,0.094
94900,0.798,0.108,0.094
95000,0.796,0.108,0.096
95100,0.796,0.108,0.096
95200,0.798,0.108,0.094
95300,0.800,0.107,0.093
95400,0.801,0.107,0.092
95500,0.801,0.106,0.093
95600,0.800,0.106,0.094
95700,0.797,0.106,0.097
95800,0.799,0.106,0.095
95900,0.801,0.106,0.093
96000,0.802,0.106,0.092
96100,0.803,0.106,0.091
96200,0.803,0.105,0.092
96300,0.803,0.105,0.092
96400,0.805,0.105,0.090
96500,0.805,0.105,0.090
96600,0.808,0.105,0.087
96700,0.807,0.105,0.088
96800,0.808,0.105,0.087
96900,0.809,0.105,0.086
97000,0.809,0.105,0.086
97100,0.809,0.105,0.086
97200,0.809,0.105,0.086
97300,0.810,0.105,0.085
97400,0.810,0.105,0.085
97500,0.810,0.104,0.086
97600,0.811,0.104,0.085
97700,0.811,0.104,0.085
97800,0.811,0.104,0.085
97900,0.811,0.104,0.085
98000,0.811,0.104,0.085
98100,0.810,0.104,0.086
98200,0.810,0.104,0.086
98300,0.810,0.104,0.086
98400,0.811,0.104,0.085
98500,0.810,0.104,0.086
98600,0.810,0.104,0.086
98700,0.810,0.104,0.086
98800,0.810,0.103,0.087
98900,0.810,0.102,0.088
99000,0.806,0.102,0.092
99100,0.807,0.102,0.091
99200,0.808,0.102,0.090
99300,0.810,0.102,0.088
99400,0.809,0.102,0.089
99500,0.810,0.102,0.088
99600,0.810,0.102,0.088
99700,0.811,0.101,0.088
99800,0.811,0.101,0.088
99900,0.811,0.101,0.088
100000,0.810,0.101,0.089
