time,n_A+p,n_B,n_AB
500,0.030,0.911,0.058
1000,0.030,0.808,0.162
1500,0.030,0.691,0.279
2000,0.030,0.685,0.284
2500,0.030,0.698,0.272
3000,0.030,0.708,0.262
3500,0.030,0.688,0.282
4000,0.030,0.721,0.249
4500,0.030,0.672,0.297
5000,0.030,0.680,0.290
5500,0.030,0.698,0.272
6000,0.030,0.722,0.248
6500,0.030,0.696,0.274
7000,0.030,0.651,0.319
7500,0.030,0.589,0.381
8000,0.030,0.574,0.396
8500,0.030,0.638,0.332
9000,0.030,0.703,0.267
9500,0.030,0.619,0.351
10000,0.030,0.480,0.490
10500,0.030,0.663,0.307
11000,0.030,0.696,0.274
11500,0.030,0.655,0.315
12000,0.030,0.587,0.383
12500,0.030,0.616,0.354
13000,0.030,0.648,0.322
13500,0.030,0.651,0.319
14000,0.030,0.611,0.359
14500,0.030,0.620,0.350
15000,0.030,0.600,0.370
15500,0.030,0.702,0.268
16000,0.030,0.725,0.245
16500,0.030,0.566,0.404
17000,0.030,0.562,0.407
17500,0.030,0.603,0.367
18000,0.030,0.634,0.336
18500,0.030,0.636,0.334
19000,0.030,0.654,0.316
19500,0.030,0.626,0.344
20000,0.030,0.669,0.301
20500,0.030,0.633,0.337
21000,0.030,0.642,0.328
21500,0.030,0.671,0.298
22000,0.030,0.698,0.272
22500,0.030,0.725,0.245
23000,0.030,0.666,0.304
23500,0.030,0.678,0.291
24000,0.030,0.765,0.205
24500,0.030,0.730,0.240
25000,0.030,0.751,0.219
25500,0.030,0.796,0.174
26000,0.030,0.838,0.132
26500,0.030,0.741,0.229
27000,0.030,0.737,0.233
27500,0.030,0.800,0.170
28000,0.030,0.687,0.283
28500,0.030,0.745,0.225
29000,0.030,0.669,0.300
29500,0.030,0.674,0.296
30000,0.030,0.521,0.449
30500,0.030,0.626,0.344
31000,0.030,0.692,0.278
31500,0.030,0.738,0.232
32000,0.030,0.782,0.188
32500,0.030,0.640,0.330
33000,0.030,0.691,0.279
33500,0.030,0.743,0.227
34000,0.030,0.796,0.173
34500,0.030,0.797,0.173
35000,0.030,0.736,0.234
35500,0.030,0.717,0.253
36000,0.030,0.673,0.296
36500,0.030,0.684,0.286
37000,0.030,0.677,0.292
37500,0.030,0.738,0.232
38000,0.030,0.771,0.199
38500,0.030,0.662,0.308
39000,0.030,0.688,0.282
39500,0.030,0.670,0.300
40000,0.030,0.662,0.308
40500,0.030,0.688,0.282
41000,0.030,0.742,0.228
41500,0.030,0.696,0.274
42000,0.030,0.677,0.292
42500,0.030,0.656,0.314
43000,0.030,0.713,0.257
43500,0.030,0.698,0.272
44000,0.030,0.661,0.309
44500,0.030,0.687,0.283
45000,0.030,0.693,0.277
45500,0.030,0.695,0.275
46000,0.030,0.665,0.304
46500,0.030,0.679,0.290
47000,0.030,0.704,0.266
47500,0.030,0.688,0.282
48000,0.030,0.696,0.274
48500,0.030,0.707,0.263
49000,0.030,0.666,0.303
49500,0.030,0.587,0.383
50000,0.030,0.576,0.394
50500,0.030,0.671,0.298
51000,0.030,0.671,0.299
51500,0.030,0.606,0.364
52000,0.030,0.614,0.356
52500,0.030,0.660,0.310
53000,0.030,0.685,0.285
53500,0.030,0.665,0.305
54000,0.030,0.629,0.341
54500,0.030,0.655,0.315
55000,0.030,0.650,0.320
55500,0.030,0.682,0.288
56000,0.030,0.638,0.332
56500,0.030,0.706,0.264
57000,0.030,0.585,0.385
57500,0.030,0.625,0.345
58000,0.030,0.683,0.287
58500,0.030,0.648,0.322
59000,0.030,0.597,0.373
59500,0.030,0.471,0.499
60000,0.030,0.621,0.349
60500,0.030,0.567,0.403
61000,0.030,0.615,0.355
61500,0.030,0.625,0.345
62000,0.030,0.605,0.365
62500,0.030,0.649,0.321
63000,0.030,0.660,0.310
63500,0.030,0.668,0.301
64000,0.030,0.600,0.370
64500,0.030,0.600,0.370
65000,0.030,0.594,0.376
65500,0.030,0.628,0.342
66000,0.030,0.730,0.240
66500,0.030,0.583,0.387
67000,0.030,0.633,0.337
67500,0.030,0.745,0.225
68000,0.030,0.728,0.242
68500,0.030,0.693,0.277
69000,0.030,0.643,0.327
69500,0.030,0.605,0.365
70000,0.030,0.613,0.357
70500,0.030,0.585,0.385
71000,0.030,0.669,0.300
71500,0.030,0.596,0.374
72000,0.030,0.650,0.320
72500,0.030,0.627,0.343
73000,0.030,0.577,0.393
73500,0.030,0.551,0.419
74000,0.030,0.742,0.228
74500,0.030,0.729,0.241
75000,0.030,0.681,0.289
75500,0.030,0.650,0.320
76000,0.030,0.707,0.263
76500,0.030,0.657,0.312
77000,0.030,0.699,0.271
77500,0.030,0.583,0.387
78000,0.030,0.554,0.415
78500,0.030,0.594,0.376
79000,0.030,0.657,0.313
79500,0.030,0.699,0.271
80000,0.030,0.737,0.233
80500,0.030,0.719,0.251
81000,0.030,0.751,0.219
81500,0.030,0.667,0.302
82000,0.030,0.711,0.259
82500,0.030,0.680,0.289
83000,0.030,0.662,0.308
83500,0.030,0.625,0.345
84000,0.030,0.675,0.295
84500,0.030,0.650,0.320
85000,0.030,0.635,0.335
85500,0.030,0.651,0.319
86000,0.030,0.692,0.278
86500,0.030,0.662,0.308
87000,0.030,0.622,0.348
87500,0.030,0.709,0.261
88000,0.030,0.683,0.286
88500,0.030,0.706,0.264
89000,0.030,0.729,0.241
89500,0.030,0.701,0.269
90000,0.030,0.767,0.203
90500,0.030,0.784,0.186
91000,0.030,0.767,0.203
91500,0.030,0.698,0.272
92000,0.030,0.733,0.237
92500,0.030,0.737,0.233
93000,0.030,0.760,0.210
93500,0.030,0.654,0.316
94000,0.030,0.689,0.281
94500,0.030,0.672,0.298
95000,0.030,0.633,0.337
95500,0.030,0.603,0.367
96000,0.030,0.604,0.366
96500,0.030,0.649,0.321
97000,0.030,0.639,0.331
97500,0.030,0.627,0.343
98000,0.030,0.696,0.274
98500,0.030,0.715,0.255
99000,0.030,0.755,0.215
99500,0.030,0.667,0.302
100000,0.030,0.564,0.406
100500,0.030,0.682,0.288
101000,0.030,0.654,0.316
101500,0.030,0.688,0.282
102000,0.030,0.662,0.307
102500,0.030,0.681,0.288
103000,0.030,0.639,0.331
103500,0.030,0.596,0.374
104000,0.030,0.600,0.370
104500,0.030,0.651,0.319
105000,0.030,0.561,0.409
105500,0.030,0.614,0.356
106000,0.030,0.617,0.353
106500,0.030,0.648,0.322
107000,0.030,0.685,0.284
107500,0.030,0.627,0.343
108000,0.030,0.666,0.303
108500,0.030,0.707,0.263
109000,0.030,0.753,0.217
109500,0.030,0.671,0.298
110000,0.030,0.715,0.255
110500,0.030,0.686,0.284
111000,0.030,0.706,0.264
111500,0.030,0.657,0.312
112000,0.030,0.625,0.345
112500,0.030,0.611,0.359
113000,0.030,0.708,0.262
113500,0.030,0.609,0.361
114000,0.030,0.680,0.290
114500,0.030,0.673,0.297
115000,0.030,0.665,0.304
115500,0.030,0.708,0.262
116000,0.030,0.696,0.274
116500,0.030,0.674,0.295
117000,0.030,0.604,0.366
117500,0.030,0.736,0.234
118000,0.030,0.700,0.270
118500,0.030,0.607,0.363
119000,0.030,0.723,0.247
119500,0.030,0.705,0.265
120000,0.030,0.796,0.173
120500,0.030,0.856,0.114
121000,0.030,0.831,0.139
121500,0.030,0.728,0.242
122000,0.030,0.710,0.260
122500,0.030,0.603,0.367
123000,0.030,0.678,0.291
123500,0.030,0.634,0.336
124000,0.030,0.652,0.318
124500,0.030,0.694,0.276
125000,0.030,0.714,0.256
125500,0.030,0.707,0.263
126000,0.030,0.641,0.329
126500,0.030,0.637,0.333
127000,0.030,0.693,0.277
127500,0.030,0.751,0.219
128000,0.030,0.724,0.246
128500,0.030,0.700,0.270
129000,0.030,0.589,0.381
129500,0.030,0.721,0.249
130000,0.030,0.659,0.310
130500,0.030,0.639,0.331
131000,0.030,0.597,0.373
131500,0.030,0.635,0.335
132000,0.030,0.661,0.309
132500,0.030,0.678,0.292
133000,0.030,0.776,0.194
133500,0.030,0.727,0.243
134000,0.030,0.632,0.338
134500,0.030,0.654,0.316
135000,0.030,0.689,0.281
135500,0.030,0.681,0.288
136000,0.030,0.651,0.319
136500,0.030,0.710,0.260
137000,0.030,0.737,0.233
137500,0.030,0.678,0.291
138000,0.030,0.766,0.204
138500,0.030,0.723,0.247
139000,0.030,0.681,0.288
139500,0.030,0.629,0.341
140000,0.030,0.644,0.326
140500,0.030,0.698,0.272
141000,0.030,0.691,0.279
141500,0.030,0.661,0.309
142000,0.030,0.704,0.266
142500,0.030,0.735,0.235
143000,0.030,0.648,0.322
143500,0.030,0.770,0.200
144000,0.030,0.703,0.267
144500,0.030,0.621,0.349
145000,0.030,0.618,0.352
145500,0.030,0.740,0.230
146000,0.030,0.758,0.212
146500,0.030,0.714,0.256
147000,0.030,0.592,0.378
147500,0.030,0.686,0.283
148000,0.030,0.587,0.383
148500,0.030,0.705,0.265
149000,0.030,0.712,0.258
149500,0.030,0.718,0.252
150000,0.030,0.660,0.309
150500,0.030,0.665,0.304
151000,0.030,0.683,0.287
151500,0.030,0.647,0.323
152000,0.030,0.579,0.391
152500,0.030,0.584,0.386
153000,0.030,0.720,0.250
153500,0.030,0.701,0.269
154000,0.030,0.751,0.219
154500,0.030,0.723,0.247
155000,0.030,0.679,0.291
155500,0.030,0.649,0.321
156000,0.030,0.648,0.322
156500,0.030,0.664,0.306
157000,0.030,0.683,0.287
157500,0.030,0.676,0.294
158000,0.030,0.664,0.306
158500,0.030,0.673,0.296
159000,0.030,0.745,0.225
159500,0.030,0.684,0.286
160000,0.030,0.605,0.365
160500,0.030,0.559,0.411
161000,0.030,0.594,0.376
161500,0.030,0.595,0.375
162000,0.030,0.725,0.245
162500,0.030,0.631,0.339
163000,0.030,0.699,0.271
163500,0.030,0.637,0.333
164000,0.030,0.620,0.350
164500,0.030,0.652,0.318
165000,0.030,0.575,0.395
165500,0.030,0.731,0.239
166000,0.030,0.742,0.228
166500,0.030,0.739,0.231
167000,0.030,0.686,0.283
167500,0.030,0.695,0.275
168000,0.030,0.590,0.380
168500,0.030,0.666,0.303
169000,0.030,0.693,0.277
169500,0.030,0.645,0.325
170000,0.030,0.659,0.310
170500,0.030,0.679,0.290
171000,0.030,0.664,0.305
171500,0.030,0.636,0.334
172000,0.030,0.665,0.305
172500,0.030,0.637,0.333
173000,0.030,0.737,0.233
173500,0.030,0.654,0.316
174000,0.030,0.711,0.259
174500,0.030,0.717,0.253
175000,0.030,0.791,0.178
175500,0.030,0.668,0.301
176000,0.030,0.578,0.392
176500,0.030,0.613,0.357
177000,0.030,0.644,0.326
177500,0.030,0.675,0.295
178000,0.030,0.729,0.241
178500,0.030,0.764,0.206
179000,0.030,0.732,0.238
179500,0.030,0.697,0.273
180000,0.030,0.620,0.350
180500,0.030,0.646,0.324
181000,0.030,0.627,0.343
181500,0.030,0.733,0.237
182000,0.030,0.658,0.312
182500,0.030,0.717,0.253
183000,0.030,0.603,0.367
183500,0.030,0.695,0.275
184000,0.030,0.608,0.362
184500,0.030,0.590,0.380
185000,0.030,0.692,0.278
185500,0.030,0.750,0.220
186000,0.030,0.700,0.270
186500,0.030,0.738,0.232
187000,0.030,0.721,0.249
187500,0.030,0.668,0.301
188000,0.030,0.655,0.315
188500,0.030,0.691,0.279
189000,0.030,0.620,0.350
189500,0.030,0.679,0.290
190000,0.030,0.700,0.270
190500,0.030,0.759,0.211
191000,0.030,0.695,0.275
191500,0.030,0.660,0.309
192000,0.030,0.626,0.344
192500,0.030,0.713,0.257
193000,0.030,0.708,0.262
193500,0.030,0.625,0.345
194000,0.030,0.681,0.289
194500,0.030,0.672,0.297
195000,0.030,0.651,0.319
195500,0.030,0.666,0.304
196000,0.030,0.696,0.274
196500,0.030,0.628,0.342
197000,0.030,0.680,0.289
197500,0.030,0.634,0.336
198000,0.030,0.682,0.287
198500,0.030,0.665,0.305
199000,0.030,0.665,0.304
199500,0.030,0.708,0.262
200000,0.030,0.696,0.274
200500,0.030,0.650,0.320
201000,0.030,0.633,0.337
201500,0.030,0.574,0.396
202000,0.030,0.662,0.308
202500,0.030,0.699,0.271
203000,0.030,0.723,0.247
203500,0.030,0.609,0.361
204000,0.030,0.686,0.283
204500,0.030,0.691,0.279
205000,0.030,0.640,0.330
205500,0.030,0.691,0.279
206000,0.030,0.709,0.261
206500,0.030,0.710,0.260
207000,0.030,0.618,0.352
207500,0.030,0.648,0.322
208000,0.030,0.608,0.362
208500,0.030,0.654,0.316
209000,0.030,0.629,0.341
209500,0.030,0.689,0.281
210000,0.030,0.697,0.273
210500,0.030,0.670,0.300
211000,0.030,0.606,0.364
211500,0.030,0.634,0.336
212000,0.030,0.710,0.260
212500,0.030,0.670,0.299
213000,0.030,0.680,0.290
213500,0.030,0.726,0.244
214000,0.030,0.786,0.183
214500,0.030,0.739,0.231
215000,0.030,0.728,0.242
215500,0.030,0.627,0.343
216000,0.030,0.666,0.304
216500,0.030,0.655,0.315
217000,0.030,0.697,0.273
217500,0.030,0.697,0.273
218000,0.030,0.722,0.248
218500,0.030,0.796,0.174
219000,0.030,0.734,0.236
219500,0.030,0.729,0.241
220000,0.030,0.715,0.255
220500,0.030,0.638,0.332
221000,0.030,0.636,0.334
221500,0.030,0.702,0.268
222000,0.030,0.658,0.312
222500,0.030,0.684,0.285
223000,0.030,0.748,0.222
223500,0.030,0.686,0.284
224000,0.030,0.558,0.411
224500,0.030,0.657,0.313
225000,0.030,0.649,0.321
225500,0.030,0.608,0.362
226000,0.030,0.672,0.297
226500,0.030,0.705,0.265
227000,0.030,0.674,0.295
227500,0.030,0.776,0.194
228000,0.030,0.681,0.288
228500,0.030,0.748,0.222
229000,0.030,0.672,0.297
229500,0.030,0.700,0.270
230000,0.030,0.702,0.268
230500,0.030,0.655,0.315
231000,0.030,0.719,0.251
231500,0.030,0.646,0.324
232000,0.030,0.660,0.310
232500,0.030,0.705,0.265
233000,0.030,0.755,0.215
233500,0.030,0.766,0.204
234000,0.030,0.720,0.250
234500,0.030,0.707,0.263
235000,0.030,0.735,0.235
235500,0.030,0.716,0.254
236000,0.030,0.724,0.246
236500,0.030,0.744,0.226
237000,0.030,0.667,0.303
237500,0.030,0.626,0.344
238000,0.030,0.629,0.341
238500,0.030,0.696,0.274
239000,0.030,0.723,0.247
239500,0.030,0.710,0.260
240000,0.030,0.666,0.303
240500,0.030,0.638,0.332
241000,0.030,0.602,0.368
241500,0.030,0.632,0.338
242000,0.030,0.692,0.278
242500,0.030,0.694,0.276
243000,0.030,0.703,0.267
243500,0.030,0.648,0.322
244000,0.030,0.621,0.349
244500,0.030,0.579,0.391
245000,0.030,0.624,0.346
245500,0.030,0.642,0.328
246000,0.030,0.649,0.321
246500,0.030,0.707,0.263
247000,0.030,0.699,0.271
247500,0.030,0.613,0.357
248000,0.030,0.717,0.253
248500,0.030,0.595,0.375
249000,0.030,0.662,0.308
249500,0.030,0.655,0.315
250000,0.030,0.674,0.295
250500,0.030,0.647,0.323
251000,0.030,0.648,0.322
251500,0.030,0.709,0.261
252000,0.030,0.659,0.311
252500,0.030,0.648,0.322
253000,0.030,0.727,0.243
253500,0.030,0.655,0.315
254000,0.030,0.741,0.229
254500,0.030,0.778,0.192
255000,0.030,0.743,0.227
255500,0.030,0.768,0.202
256000,0.030,0.669,0.301
256500,0.030,0.664,0.306
257000,0.030,0.711,0.259
257500,0.030,0.714,0.256
258000,0.030,0.628,0.342
258500,0.030,0.620,0.350
259000,0.030,0.596,0.374
259500,0.030,0.499,0.470
260000,0.030,0.621,0.349
260500,0.030,0.706,0.264
261000,0.030,0.625,0.345
261500,0.030,0.708,0.262
262000,0.030,0.732,0.238
262500,0.030,0.745,0.225
263000,0.030,0.666,0.303
263500,0.030,0.734,0.236
264000,0.030,0.708,0.262
264500,0.030,0.671,0.298
265000,0.030,0.639,0.331
265500,0.030,0.675,0.294
266000,0.030,0.674,0.296
266500,0.030,0.678,0.292
267000,0.030,0.667,0.303
267500,0.030,0.635,0.335
268000,0.030,0.635,0.335
268500,0.030,0.735,0.235
269000,0.030,0.660,0.309
269500,0.030,0.617,0.353
270000,0.030,0.619,0.351
270500,0.030,0.720,0.250
271000,0.030,0.639,0.331
271500,0.030,0.678,0.291
272000,0.030,0.681,0.289
272500,0.030,0.669,0.301
273000,0.030,0.659,0.310
273500,0.030,0.677,0.292
274000,0.030,0.680,0.289
274500,0.030,0.707,0.263
275000,0.030,0.744,0.226
275500,0.030,0.700,0.270
276000,0.030,0.675,0.295
276500,0.030,0.671,0.298
277000,0.030,0.612,0.358
277500,0.030,0.608,0.362
278000,0.030,0.598,0.372
278500,0.030,0.648,0.322
279000,0.030,0.541,0.428
279500,0.030,0.600,0.370
280000,0.030,0.646,0.324
280500,0.030,0.630,0.340
281000,0.030,0.610,0.360
281500,0.030,0.655,0.315
282000,0.030,0.733,0.237
282500,0.030,0.625,0.345
283000,0.030,0.604,0.366
283500,0.030,0.612,0.358
284000,0.030,0.693,0.277
284500,0.030,0.527,0.443
285000,0.030,0.647,0.323
285500,0.030,0.649,0.321
286000,0.030,0.615,0.355
286500,0.030,0.635,0.335
287000,0.030,0.586,0.384
287500,0.030,0.598,0.372
288000,0.030,0.671,0.298
288500,0.030,0.712,0.258
289000,0.030,0.558,0.412
289500,0.030,0.660,0.309
290000,0.030,0.684,0.285
290500,0.030,0.751,0.219
291000,0.030,0.744,0.226
291500,0.030,0.801,0.169
292000,0.030,0.741,0.229
292500,0.030,0.687,0.283
293000,0.030,0.685,0.285
293500,0.030,0.685,0.285
294000,0.030,0.675,0.295
294500,0.030,0.636,0.334
295000,0.030,0.629,0.341
295500,0.030,0.687,0.283
296000,0.030,0.717,0.253
296500,0.030,0.735,0.235
297000,0.030,0.712,0.258
297500,0.030,0.683,0.287
298000,0.030,0.631,0.339
298500,0.030,0.585,0.385
299000,0.030,0.608,0.362
299500,0.030,0.678,0.291
300000,0.030,0.634,0.336
300500,0.030,0.565,0.405
301000,0.030,0.603,0.367
301500,0.030,0.501,0.469
302000,0.030,0.623,0.347
302500,0.030,0.624,0.346
303000,0.030,0.644,0.326
303500,0.030,0.662,0.307
304000,0.030,0.705,0.265
304500,0.030,0.757,0.213
305000,0.030,0.746,0.224
305500,0.030,0.746,0.224
306000,0.030,0.637,0.333
306500,0.030,0.661,0.309
307000,0.030,0.636,0.334
307500,0.030,0.621,0.349
308000,0.030,0.675,0.295
308500,0.030,0.727,0.243
309000,0.030,0.646,0.324
309500,0.030,0.631,0.339
310000,0.030,0.638,0.332
310500,0.030,0.634,0.336
311000,0.030,0.663,0.307
311500,0.030,0.624,0.346
312000,0.030,0.647,0.323
312500,0.030,0.659,0.311
313000,0.030,0.644,0.326
313500,0.030,0.653,0.317
314000,0.030,0.586,0.384
314500,0.030,0.684,0.285
315000,0.030,0.750,0.220
315500,0.030,0.716,0.254
316000,0.030,0.678,0.292
316500,0.030,0.677,0.293
317000,0.030,0.685,0.285
317500,0.030,0.703,0.267
318000,0.030,0.514,0.456
318500,0.030,0.586,0.384
319000,0.030,0.616,0.354
319500,0.030,0.602,0.368
320000,0.030,0.575,0.395
320500,0.030,0.688,0.282
321000,0.030,0.694,0.276
321500,0.030,0.635,0.335
322000,0.030,0.669,0.301
322500,0.030,0.714,0.256
323000,0.030,0.681,0.288
323500,0.030,0.665,0.304
324000,0.030,0.684,0.285
324500,0.030,0.677,0.293
325000,0.030,0.648,0.322
325500,0.030,0.660,0.309
326000,0.030,0.615,0.355
326500,0.030,0.652,0.318
327000,0.030,0.738,0.232
327500,0.030,0.744,0.226
328000,0.030,0.661,0.309
328500,0.030,0.660,0.309
329000,0.030,0.636,0.334
329500,0.030,0.678,0.292
330000,0.030,0.642,0.328
330500,0.030,0.659,0.310
331000,0.030,0.556,0.414
331500,0.030,0.611,0.359
332000,0.030,0.615,0.355
332500,0.030,0.634,0.336
333000,0.030,0.586,0.384
333500,0.030,0.639,0.331
334000,0.030,0.615,0.355
334500,0.030,0.572,0.398
335000,0.030,0.681,0.289
335500,0.030,0.755,0.215
336000,0.030,0.679,0.290
336500,0.030,0.689,0.281
337000,0.030,0.719,0.251
337500,0.030,0.657,0.313
338000,0.030,0.688,0.282
338500,0.030,0.663,0.306
339000,0.030,0.711,0.259
339500,0.030,0.686,0.284
340000,0.030,0.694,0.276
340500,0.030,0.661,0.309
341000,0.030,0.657,0.313
341500,0.030,0.580,0.390
342000,0.030,0.614,0.356
342500,0.030,0.638,0.332
343000,0.030,0.658,0.311
343500,0.030,0.690,0.280
344000,0.030,0.631,0.339
344500,0.030,0.677,0.292
345000,0.030,0.701,0.269
345500,0.030,0.647,0.323
346000,0.030,0.674,0.296
346500,0.030,0.710,0.260
347000,0.030,0.719,0.251
347500,0.030,0.719,0.251
348000,0.030,0.695,0.275
348500,0.030,0.733,0.237
349000,0.030,0.719,0.251
349500,0.030,0.621,0.349
350000,0.030,0.647,0.323
350500,0.030,0.670,0.300
351000,0.030,0.731,0.239
351500,0.030,0.742,0.228
352000,0.030,0.721,0.249
352500,0.030,0.737,0.233
353000,0.030,0.749,0.221
353500,0.030,0.725,0.245
354000,0.030,0.673,0.296
354500,0.030,0.656,0.314
355000,0.030,0.723,0.247
355500,0.030,0.670,0.300
356000,0.030,0.657,0.312
356500,0.030,0.705,0.265
357000,0.030,0.678,0.292
357500,0.030,0.692,0.278
358000,0.030,0.661,0.308
358500,0.030,0.688,0.282
359000,0.030,0.680,0.289
359500,0.030,0.689,0.281
360000,0.030,0.640,0.330
360500,0.030,0.691,0.279
361000,0.030,0.703,0.267
361500,0.030,0.640,0.330
362000,0.030,0.607,0.363
362500,0.030,0.695,0.275
363000,0.030,0.698,0.272
363500,0.030,0.654,0.316
364000,0.030,0.576,0.394
364500,0.030,0.639,0.331
365000,0.030,0.663,0.307
365500,0.030,0.600,0.370
366000,0.030,0.614,0.356
366500,0.030,0.695,0.275
367000,0.030,0.688,0.282
367500,0.030,0.686,0.284
368000,0.030,0.645,0.325
368500,0.030,0.610,0.360
369000,0.030,0.701,0.269
369500,0.030,0.725,0.245
370000,0.030,0.697,0.273
370500,0.030,0.739,0.231
371000,0.030,0.799,0.171
371500,0.030,0.709,0.261
372000,0.030,0.693,0.277
372500,0.030,0.692,0.278
373000,0.030,0.706,0.264
373500,0.030,0.648,0.322
374000,0.030,0.577,0.393
374500,0.030,0.553,0.416
375000,0.030,0.655,0.315
375500,0.030,0.625,0.345
376000,0.030,0.554,0.415
376500,0.030,0.549,0.420
377000,0.030,0.570,0.400
377500,0.030,0.642,0.328
378000,0.030,0.639,0.331
378500,0.030,0.660,0.309
379000,0.030,0.713,0.257
379500,0.030,0.690,0.280
380000,0.030,0.776,0.194
380500,0.030,0.738,0.232
381000,0.030,0.761,0.209
381500,0.030,0.733,0.237
382000,0.030,0.714,0.256
382500,0.030,0.711,0.259
383000,0.030,0.707,0.263
383500,0.030,0.656,0.314
384000,0.030,0.607,0.363
384500,0.030,0.631,0.339
385000,0.030,0.601,0.369
385500,0.030,0.588,0.382
386000,0.030,0.566,0.404
386500,0.030,0.653,0.317
387000,0.030,0.620,0.350
387500,0.030,0.648,0.322
388000,0.030,0.546,0.424
388500,0.030,0.581,0.389
389000,0.030,0.582,0.388
389500,0.030,0.658,0.311
390000,0.030,0.597,0.373
390500,0.030,0.568,0.402
391000,0.030,0.596,0.374
391500,0.030,0.601,0.369
392000,0.030,0.646,0.324
392500,0.030,0.642,0.328
393000,0.030,0.689,0.281
393500,0.030,0.641,0.329
394000,0.030,0.621,0.349
394500,0.030,0.655,0.315
395000,0.030,0.570,0.400
395500,0.030,0.611,0.359
396000,0.030,0.645,0.325
396500,0.030,0.697,0.273
397000,0.030,0.653,0.317
397500,0.030,0.635,0.335
398000,0.030,0.586,0.384
398500,0.030,0.641,0.329
399000,0.030,0.615,0.355
399500,0.030,0.571,0.399
400000,0.030,0.581,0.389
400500,0.030,0.667,0.303
401000,0.030,0.640,0.330
401500,0.030,0.710,0.260
402000,0.030,0.708,0.262
402500,0.030,0.744,0.226
403000,0.030,0.782,0.188
403500,0.030,0.757,0.213
404000,0.030,0.724,0.246
404500,0.030,0.757,0.213
405000,0.030,0.753,0.217
405500,0.030,0.707,0.263
406000,0.030,0.779,0.191
406500,0.030,0.714,0.256
407000,0.030,0.718,0.252
407500,0.030,0.727,0.243
408000,0.030,0.722,0.248
408500,0.030,0.683,0.287
409000,0.030,0.691,0.279
409500,0.030,0.658,0.311
410000,0.030,0.720,0.250
410500,0.030,0.703,0.267
411000,0.030,0.703,0.267
411500,0.030,0.609,0.361
412000,0.030,0.652,0.318
412500,0.030,0.681,0.289
413000,0.030,0.696,0.274
413500,0.030,0.682,0.288
414000,0.030,0.646,0.324
414500,0.030,0.647,0.323
415000,0.030,0.695,0.275
415500,0.030,0.699,0.271
416000,0.030,0.738,0.232
416500,0.030,0.677,0.292
417000,0.030,0.695,0.275
417500,0.030,0.662,0.308
418000,0.030,0.603,0.367
418500,0.030,0.652,0.318
419000,0.030,0.691,0.279
419500,0.030,0.599,0.371
420000,0.030,0.638,0.332
420500,0.030,0.738,0.232
421000,0.030,0.688,0.282
421500,0.030,0.692,0.278
422000,0.030,0.687,0.283
422500,0.030,0.600,0.370
423000,0.030,0.642,0.328
423500,0.030,0.598,0.372
424000,0.030,0.666,0.303
424500,0.030,0.710,0.260
425000,0.030,0.666,0.303
425500,0.030,0.687,0.283
426000,0.030,0.588,0.382
426500,0.030,0.627,0.343
427000,0.030,0.621,0.349
427500,0.030,0.665,0.304
428000,0.030,0.689,0.281
428500,0.030,0.651,0.319
429000,0.030,0.657,0.313
429500,0.030,0.698,0.272
430000,0.030,0.625,0.345
430500,0.030,0.733,0.237
431000,0.030,0.703,0.267
431500,0.030,0.644,0.326
432000,0.030,0.774,0.196
432500,0.030,0.732,0.238
433000,0.030,0.728,0.242
433500,0.030,0.663,0.307
434000,0.030,0.773,0.197
434500,0.030,0.692,0.278
435000,0.030,0.728,0.242
435500,0.030,0.761,0.209
436000,0.030,0.673,0.296
436500,0.030,0.632,0.338
437000,0.030,0.663,0.306
437500,0.030,0.646,0.324
438000,0.030,0.686,0.283
438500,0.030,0.680,0.289
439000,0.030,0.619,0.351
439500,0.030,0.717,0.253
440000,0.030,0.677,0.293
440500,0.030,0.688,0.282
441000,0.030,0.611,0.359
441500,0.030,0.623,0.347
442000,0.030,0.626,0.344
442500,0.030,0.575,0.395
443000,0.030,0.644,0.326
443500,0.030,0.658,0.311
444000,0.030,0.678,0.291
444500,0.030,0.736,0.234
445000,0.030,0.725,0.245
445500,0.030,0.672,0.298
446000,0.030,0.636,0.334
446500,0.030,0.749,0.221
447000,0.030,0.622,0.348
447500,0.030,0.649,0.321
448000,0.030,0.650,0.320
448500,0.030,0.552,0.417
449000,0.030,0.639,0.331
449500,0.030,0.633,0.337
450000,0.030,0.603,0.367
450500,0.030,0.689,0.281
451000,0.030,0.636,0.334
451500,0.030,0.666,0.303
452000,0.030,0.723,0.247
452500,0.030,0.808,0.161
453000,0.030,0.680,0.290
453500,0.030,0.690,0.280
454000,0.030,0.717,0.253
454500,0.030,0.701,0.269
455000,0.030,0.649,0.321
455500,0.030,0.589,0.381
456000,0.030,0.657,0.312
456500,0.030,0.648,0.322
457000,0.030,0.660,0.310
457500,0.030,0.660,0.309
458000,0.030,0.647,0.323
458500,0.030,0.689,0.281
459000,0.030,0.685,0.285
459500,0.030,0.629,0.341
460000,0.030,0.659,0.310
460500,0.030,0.743,0.227
461000,0.030,0.822,0.148
461500,0.030,0.707,0.263
462000,0.030,0.659,0.311
462500,0.030,0.754,0.216
463000,0.030,0.701,0.269
463500,0.030,0.681,0.288
464000,0.030,0.752,0.218
464500,0.030,0.640,0.330
465000,0.030,0.626,0.344
465500,0.030,0.665,0.305
466000,0.030,0.679,0.290
466500,0.030,0.620,0.350
467000,0.030,0.608,0.362
467500,0.030,0.573,0.397
468000,0.030,0.678,0.292
468500,0.030,0.642,0.328
469000,0.030,0.597,0.373
469500,0.030,0.711,0.259
470000,0.030,0.653,0.317
470500,0.030,0.660,0.309
471000,0.030,0.740,0.230
471500,0.030,0.704,0.266
472000,0.030,0.751,0.219
472500,0.030,0.703,0.267
473000,0.030,0.692,0.278
473500,0.030,0.615,0.355
474000,0.030,0.593,0.377
474500,0.030,0.689,0.281
475000,0.030,0.708,0.262
475500,0.030,0.626,0.344
476000,0.030,0.607,0.363
476500,0.030,0.660,0.309
477000,0.030,0.636,0.334
477500,0.030,0.583,0.387
478000,0.030,0.675,0.295
478500,0.030,0.725,0.245
479000,0.030,0.740,0.230
479500,0.030,0.687,0.283
480000,0.030,0.744,0.226
480500,0.030,0.635,0.335
481000,0.030,0.678,0.292
481500,0.030,0.684,0.286
482000,0.030,0.627,0.343
482500,0.030,0.597,0.373
483000,0.030,0.612,0.358
483500,0.030,0.672,0.298
484000,0.030,0.662,0.307
484500,0.030,0.630,0.340
485000,0.030,0.763,0.207
485500,0.030,0.724,0.246
486000,0.030,0.727,0.243
486500,0.030,0.676,0.294
487000,0.030,0.661,0.308
487500,0.030,0.654,0.316
488000,0.030,0.590,0.380
488500,0.030,0.683,0.286
489000,0.030,0.712,0.258
489500,0.030,0.662,0.307
490000,0.030,0.652,0.318
490500,0.030,0.640,0.330
491000,0.030,0.651,0.319
491500,0.030,0.600,0.370
492000,0.030,0.744,0.226
492500,0.030,0.628,0.342
493000,0.030,0.644,0.326
493500,0.030,0.751,0.219
494000,0.030,0.695,0.275
494500,0.030,0.609,0.361
495000,0.030,0.525,0.445
495500,0.030,0.625,0.345
496000,0.030,0.560,0.409
496500,0.030,0.620,0.350
497000,0.030,0.632,0.338
497500,0.030,0.664,0.306
498000,0.030,0.608,0.362
498500,0.030,0.586,0.384
499000,0.030,0.622,0.348
499500,0.030,0.603,0.367
500000,0.030,0.657,0.312
500500,0.030,0.598,0.372
501000,0.030,0.598,0.372
501500,0.030,0.599,0.371
502000,0.030,0.612,0.358
502500,0.030,0.592,0.378
503000,0.030,0.555,0.415
503500,0.030,0.612,0.358
504000,0.030,0.600,0.370
504500,0.030,0.627,0.343
505000,0.030,0.710,0.260
505500,0.030,0.650,0.320
506000,0.030,0.688,0.282
506500,0.030,0.710,0.260
507000,0.030,0.667,0.302
507500,0.030,0.643,0.327
508000,0.030,0.619,0.351
508500,0.030,0.692,0.278
509000,0.030,0.646,0.324
509500,0.030,0.730,0.240
510000,0.030,0.722,0.248
510500,0.030,0.690,0.280
511000,0.030,0.728,0.242
511500,0.030,0.724,0.246
512000,0.030,0.746,0.224
512500,0.030,0.717,0.253
513000,0.030,0.737,0.233
513500,0.030,0.722,0.248
514000,0.030,0.667,0.302
514500,0.030,0.708,0.262
515000,0.030,0.632,0.338
515500,0.030,0.650,0.320
516000,0.030,0.707,0.263
516500,0.030,0.632,0.338
517000,0.030,0.672,0.298
517500,0.030,0.701,0.269
518000,0.030,0.602,0.368
518500,0.030,0.646,0.324
519000,0.030,0.626,0.344
519500,0.030,0.638,0.332
520000,0.030,0.644,0.326
520500,0.030,0.720,0.250
521000,0.030,0.781,0.189
521500,0.030,0.766,0.204
522000,0.030,0.615,0.355
522500,0.030,0.622,0.348
523000,0.030,0.569,0.401
523500,0.030,0.645,0.325
524000,0.030,0.736,0.234
524500,0.030,0.668,0.302
525000,0.030,0.689,0.281
525500,0.030,0.665,0.304
526000,0.030,0.650,0.320
526500,0.030,0.669,0.300
527000,0.030,0.650,0.320
527500,0.030,0.714,0.256
528000,0.030,0.573,0.397
528500,0.030,0.626,0.344
529000,0.030,0.689,0.281
529500,0.030,0.725,0.245
530000,0.030,0.748,0.222
530500,0.030,0.829,0.141
531000,0.030,0.738,0.232
531500,0.030,0.737,0.233
532000,0.030,0.657,0.313
532500,0.030,0.627,0.343
533000,0.030,0.572,0.398
533500,0.030,0.624,0.346
534000,0.030,0.634,0.336
534500,0.030,0.604,0.366
535000,0.030,0.660,0.309
535500,0.030,0.634,0.336
536000,0.030,0.638,0.332
536500,0.030,0.692,0.278
537000,0.030,0.701,0.269
537500,0.030,0.806,0.163
538000,0.030,0.789,0.180
538500,0.030,0.743,0.227
539000,0.030,0.651,0.319
539500,0.030,0.632,0.338
540000,0.030,0.650,0.320
540500,0.030,0.639,0.331
541000,0.030,0.601,0.369
541500,0.030,0.620,0.350
542000,0.030,0.613,0.357
542500,0.030,0.670,0.300
543000,0.030,0.597,0.373
543500,0.030,0.594,0.376
544000,0.030,0.655,0.315
544500,0.030,0.709,0.261
545000,0.030,0.618,0.352
545500,0.030,0.605,0.365
546000,0.030,0.617,0.353
546500,0.030,0.596,0.374
547000,0.030,0.611,0.359
547500,0.030,0.600,0.370
548000,0.030,0.695,0.275
548500,0.030,0.607,0.363
549000,0.030,0.723,0.247
549500,0.030,0.638,0.332
550000,0.030,0.628,0.342
550500,0.030,0.562,0.407
551000,0.030,0.600,0.370
551500,0.030,0.649,0.321
552000,0.030,0.726,0.244
552500,0.030,0.683,0.286
553000,0.030,0.667,0.303
553500,0.030,0.680,0.290
554000,0.030,0.668,0.302
554500,0.030,0.702,0.268
555000,0.030,0.705,0.265
555500,0.030,0.605,0.365
556000,0.030,0.679,0.290
556500,0.030,0.697,0.273
557000,0.030,0.688,0.282
557500,0.030,0.660,0.310
558000,0.030,0.640,0.330
558500,0.030,0.641,0.329
559000,0.030,0.660,0.310
559500,0.030,0.604,0.366
560000,0.030,0.628,0.342
560500,0.030,0.573,0.397
561000,0.030,0.633,0.337
561500,0.030,0.636,0.334
562000,0.030,0.505,0.465
562500,0.030,0.676,0.293
563000,0.030,0.696,0.274
563500,0.030,0.660,0.310
564000,0.030,0.646,0.324
564500,0.030,0.656,0.314
565000,0.030,0.675,0.295
565500,0.030,0.598,0.372
566000,0.030,0.634,0.336
566500,0.030,0.662,0.307
567000,0.030,0.714,0.256
567500,0.030,0.664,0.305
568000,0.030,0.619,0.351
568500,0.030,0.655,0.315
569000,0.030,0.638,0.332
569500,0.030,0.643,0.327
570000,0.030,0.664,0.305
570500,0.030,0.671,0.299
571000,0.030,0.624,0.346
571500,0.030,0.639,0.331
572000,0.030,0.616,0.354
572500,0.030,0.591,0.379
573000,0.030,0.619,0.351
573500,0.030,0.678,0.291
574000,0.030,0.654,0.316
574500,0.030,0.632,0.338
575000,0.030,0.668,0.302
575500,0.030,0.755,0.215
576000,0.030,0.680,0.289
576500,0.030,0.625,0.345
577000,0.030,0.623,0.347
577500,0.030,0.669,0.300
578000,0.030,0.627,0.343
578500,0.030,0.703,0.267
579000,0.030,0.676,0.294
579500,0.030,0.740,0.230
580000,0.030,0.676,0.293
580500,0.030,0.662,0.308
581000,0.030,0.693,0.277
581500,0.030,0.699,0.271
582000,0.030,0.691,0.279
582500,0.030,0.585,0.385
583000,0.030,0.640,0.330
583500,0.030,0.724,0.246
584000,0.030,0.674,0.295
584500,0.030,0.664,0.305
585000,0.030,0.661,0.308
585500,0.030,0.724,0.246
586000,0.030,0.756,0.214
586500,0.030,0.614,0.356
587000,0.030,0.645,0.325
587500,0.030,0.630,0.340
588000,0.030,0.643,0.327
588500,0.030,0.678,0.291
589000,0.030,0.731,0.239
589500,0.030,0.782,0.188
590000,0.030,0.714,0.256
590500,0.030,0.708,0.262
591000,0.030,0.700,0.270
591500,0.030,0.590,0.380
592000,0.030,0.579,0.391
592500,0.030,0.597,0.373
593000,0.030,0.582,0.388
593500,0.030,0.588,0.382
594000,0.030,0.602,0.368
594500,0.030,0.626,0.344
595000,0.030,0.656,0.314
595500,0.030,0.672,0.298
596000,0.030,0.666,0.304
596500,0.030,0.698,0.272
597000,0.030,0.709,0.261
597500,0.030,0.744,0.226
598000,0.030,0.787,0.183
598500,0.030,0.679,0.291
599000,0.030,0.660,0.310
599500,0.030,0.713,0.257
600000,0.030,0.633,0.337
600500,0.030,0.692,0.278
601000,0.030,0.739,0.231
601500,0.030,0.544,0.425
602000,0.030,0.657,0.313
602500,0.030,0.598,0.372
603000,0.030,0.652,0.318
603500,0.030,0.656,0.314
604000,0.030,0.626,0.344
604500,0.030,0.602,0.368
605000,0.030,0.601,0.369
605500,0.030,0.655,0.315
606000,0.030,0.664,0.305
606500,0.030,0.572,0.398
607000,0.030,0.636,0.334
607500,0.030,0.761,0.209
608000,0.030,0.753,0.217
608500,0.030,0.624,0.346
609000,0.030,0.621,0.349
609500,0.030,0.676,0.294
610000,0.030,0.727,0.243
610500,0.030,0.720,0.250
611000,0.030,0.686,0.283
611500,0.030,0.629,0.341
612000,0.030,0.663,0.306
612500,0.030,0.631,0.339
613000,0.030,0.710,0.260
613500,0.030,0.706,0.264
614000,0.030,0.626,0.344
614500,0.030,0.715,0.255
615000,0.030,0.668,0.302
615500,0.030,0.702,0.268
616000,0.030,0.745,0.225
616500,0.030,0.661,0.308
617000,0.030,0.630,0.340
617500,0.030,0.674,0.296
618000,0.030,0.672,0.297
618500,0.030,0.637,0.333
619000,0.030,0.670,0.300
619500,0.030,0.664,0.306
620000,0.030,0.576,0.394
620500,0.030,0.601,0.369
621000,0.030,0.610,0.360
621500,0.030,0.675,0.294
622000,0.030,0.638,0.332
622500,0.030,0.707,0.263
623000,0.030,0.601,0.369
623500,0.030,0.669,0.300
624000,0.030,0.716,0.254
624500,0.030,0.678,0.292
625000,0.030,0.665,0.305
625500,0.030,0.663,0.306
626000,0.030,0.651,0.319
626500,0.030,0.658,0.312
627000,0.030,0.657,0.313
627500,0.030,0.735,0.235
628000,0.030,0.780,0.190
628500,0.030,0.807,0.163
629000,0.030,0.755,0.215
629500,0.030,0.622,0.348
630000,0.030,0.692,0.278
630500,0.030,0.704,0.266
631000,0.030,0.654,0.316
631500,0.030,0.608,0.362
632000,0.030,0.709,0.261
632500,0.030,0.717,0.253
633000,0.030,0.734,0.236
633500,0.030,0.654,0.316
634000,0.030,0.647,0.323
634500,0.030,0.721,0.249
635000,0.030,0.745,0.225
635500,0.030,0.720,0.250
636000,0.030,0.640,0.330
636500,0.030,0.721,0.249
637000,0.030,0.649,0.321
637500,0.030,0.735,0.235
638000,0.030,0.750,0.220
638500,0.030,0.723,0.247
639000,0.030,0.738,0.232
639500,0.030,0.705,0.265
640000,0.030,0.745,0.225
640500,0.030,0.733,0.237
641000,0.030,0.625,0.345
641500,0.030,0.651,0.319
642000,0.030,0.676,0.293
642500,0.030,0.739,0.231
643000,0.030,0.726,0.244
643500,0.030,0.645,0.325
644000,0.030,0.698,0.272
644500,0.030,0.625,0.345
645000,0.030,0.683,0.286
645500,0.030,0.602,0.368
646000,0.030,0.709,0.261
646500,0.030,0.712,0.258
647000,0.030,0.683,0.287
647500,0.030,0.694,0.276
648000,0.030,0.683,0.286
648500,0.030,0.656,0.314
649000,0.030,0.704,0.266
649500,0.030,0.714,0.256
650000,0.030,0.676,0.294
650500,0.030,0.613,0.357
651000,0.030,0.659,0.311
651500,0.030,0.760,0.210
652000,0.030,0.764,0.206
652500,0.030,0.727,0.243
653000,0.030,0.583,0.387
653500,0.030,0.551,0.418
654000,0.030,0.569,0.401
654500,0.030,0.586,0.384
655000,0.030,0.611,0.359
655500,0.030,0.716,0.254
656000,0.030,0.650,0.320
656500,0.030,0.615,0.355
657000,0.030,0.632,0.338
657500,0.030,0.618,0.352
658000,0.030,0.629,0.341
658500,0.030,0.667,0.302
659000,0.030,0.620,0.350
659500,0.030,0.661,0.309
660000,0.030,0.606,0.364
660500,0.030,0.642,0.328
661000,0.030,0.693,0.277
661500,0.030,0.641,0.329
662000,0.030,0.636,0.334
662500,0.030,0.652,0.318
663000,0.030,0.682,0.287
663500,0.030,0.677,0.292
664000,0.030,0.728,0.242
664500,0.030,0.671,0.298
665000,0.030,0.635,0.335
665500,0.030,0.661,0.309
666000,0.030,0.678,0.291
666500,0.030,0.692,0.278
667000,0.030,0.768,0.202
667500,0.030,0.771,0.199
668000,0.030,0.668,0.301
668500,0.030,0.700,0.270
669000,0.030,0.643,0.327
669500,0.030,0.776,0.194
670000,0.030,0.646,0.324
670500,0.030,0.587,0.383
671000,0.030,0.729,0.241
671500,0.030,0.708,0.262
672000,0.030,0.742,0.228
672500,0.030,0.749,0.221
673000,0.030,0.717,0.253
673500,0.030,0.693,0.277
674000,0.030,0.694,0.276
674500,0.030,0.669,0.300
675000,0.030,0.714,0.256
675500,0.030,0.656,0.314
676000,0.030,0.689,0.281
676500,0.030,0.736,0.234
677000,0.030,0.711,0.259
677500,0.030,0.712,0.258
678000,0.030,0.744,0.226
678500,0.030,0.666,0.303
679000,0.030,0.727,0.243
679500,0.030,0.607,0.363
680000,0.030,0.703,0.267
680500,0.030,0.611,0.359
681000,0.030,0.660,0.310
681500,0.030,0.681,0.288
682000,0.030,0.675,0.295
682500,0.030,0.657,0.313
683000,0.030,0.645,0.325
683500,0.030,0.663,0.307
684000,0.030,0.586,0.384
684500,0.030,0.683,0.287
685000,0.030,0.704,0.266
685500,0.030,0.599,0.371
686000,0.030,0.569,0.401
686500,0.030,0.709,0.261
687000,0.030,0.731,0.239
687500,0.030,0.687,0.283
688000,0.030,0.740,0.230
688500,0.030,0.684,0.286
689000,0.030,0.681,0.289
689500,0.030,0.560,0.409
690000,0.030,0.544,0.425
690500,0.030,0.674,0.295
691000,0.030,0.655,0.315
691500,0.030,0.681,0.288
692000,0.030,0.634,0.336
692500,0.030,0.638,0.332
693000,0.030,0.657,0.313
693500,0.030,0.622,0.348
694000,0.030,0.576,0.394
694500,0.030,0.634,0.336
695000,0.030,0.623,0.347
695500,0.030,0.662,0.308
696000,0.030,0.576,0.394
696500,0.030,0.634,0.336
697000,0.030,0.746,0.224
697500,0.030,0.637,0.333
698000,0.030,0.641,0.329
698500,0.030,0.700,0.270
699000,0.030,0.701,0.269
699500,0.030,0.695,0.275
700000,0.030,0.665,0.305
700500,0.030,0.673,0.297
701000,0.030,0.579,0.391
701500,0.030,0.666,0.304
702000,0.030,0.717,0.253
702500,0.030,0.671,0.299
703000,0.030,0.680,0.289
703500,0.030,0.668,0.302
704000,0.030,0.647,0.323
704500,0.030,0.684,0.286
705000,0.030,0.732,0.238
705500,0.030,0.728,0.242
706000,0.030,0.708,0.262
706500,0.030,0.722,0.248
707000,0.030,0.745,0.225
707500,0.030,0.697,0.273
708000,0.030,0.645,0.325
708500,0.030,0.690,0.280
709000,0.030,0.647,0.323
709500,0.030,0.662,0.307
710000,0.030,0.673,0.296
710500,0.030,0.730,0.240
711000,0.030,0.727,0.243
711500,0.030,0.692,0.278
712000,0.030,0.684,0.285
712500,0.030,0.607,0.363
713000,0.030,0.582,0.388
713500,0.030,0.596,0.374
714000,0.030,0.632,0.338
714500,0.030,0.603,0.367
715000,0.030,0.573,0.397
715500,0.030,0.633,0.337
716000,0.030,0.574,0.396
716500,0.030,0.537,0.433
717000,0.030,0.593,0.377
717500,0.030,0.545,0.424
718000,0.030,0.629,0.341
718500,0.030,0.623,0.347
719000,0.030,0.633,0.337
719500,0.030,0.675,0.294
720000,0.030,0.653,0.317
720500,0.030,0.644,0.326
721000,0.030,0.701,0.269
721500,0.030,0.712,0.258
722000,0.030,0.678,0.291
722500,0.030,0.624,0.346
723000,0.030,0.714,0.256
723500,0.030,0.682,0.288
724000,0.030,0.731,0.239
724500,0.030,0.628,0.342
725000,0.030,0.683,0.286
725500,0.030,0.677,0.292
726000,0.030,0.781,0.189
726500,0.030,0.761,0.209
727000,0.030,0.691,0.279
727500,0.030,0.660,0.310
728000,0.030,0.734,0.236
728500,0.030,0.741,0.229
729000,0.030,0.703,0.267
729500,0.030,0.614,0.356
730000,0.030,0.629,0.341
730500,0.030,0.631,0.339
731000,0.030,0.709,0.261
731500,0.030,0.691,0.279
732000,0.030,0.727,0.243
732500,0.030,0.556,0.413
733000,0.030,0.646,0.324
733500,0.030,0.741,0.229
734000,0.030,0.712,0.258
734500,0.030,0.704,0.266
735000,0.030,0.641,0.329
735500,0.030,0.549,0.420
736000,0.030,0.615,0.355
736500,0.030,0.686,0.284
737000,0.030,0.625,0.345
737500,0.030,0.697,0.273
738000,0.030,0.585,0.385
738500,0.030,0.608,0.362
739000,0.030,0.616,0.354
739500,0.030,0.667,0.302
740000,0.030,0.695,0.275
740500,0.030,0.664,0.305
741000,0.030,0.598,0.372
741500,0.030,0.612,0.358
742000,0.030,0.651,0.319
742500,0.030,0.700,0.270
743000,0.030,0.620,0.350
743500,0.030,0.669,0.300
744000,0.030,0.701,0.269
744500,0.030,0.700,0.270
745000,0.030,0.640,0.330
745500,0.030,0.618,0.352
746000,0.030,0.510,0.460
746500,0.030,0.668,0.301
747000,0.030,0.604,0.366
747500,0.030,0.698,0.272
748000,0.030,0.672,0.297
748500,0.030,0.677,0.292
749000,0.030,0.721,0.249
749500,0.030,0.744,0.226
750000,0.030,0.836,0.134
750500,0.030,0.768,0.202
751000,0.030,0.804,0.165
751500,0.030,0.784,0.185
752000,0.030,0.772,0.198
752500,0.030,0.681,0.288
753000,0.030,0.559,0.410
753500,0.030,0.601,0.369
754000,0.030,0.673,0.297
754500,0.030,0.627,0.343
755000,0.030,0.613,0.357
755500,0.030,0.629,0.341
756000,0.030,0.671,0.298
756500,0.030,0.698,0.272
757000,0.030,0.674,0.296
757500,0.030,0.695,0.275
758000,0.030,0.651,0.319
758500,0.030,0.708,0.262
759000,0.030,0.611,0.359
759500,0.030,0.611,0.359
760000,0.030,0.652,0.318
760500,0.030,0.673,0.297
761000,0.030,0.655,0.315
761500,0.030,0.650,0.320
762000,0.030,0.671,0.299
762500,0.030,0.658,0.311
763000,0.030,0.749,0.221
763500,0.030,0.649,0.321
764000,0.030,0.676,0.294
764500,0.030,0.587,0.383
765000,0.030,0.630,0.340
765500,0.030,0.636,0.334
766000,0.030,0.622,0.348
766500,0.030,0.595,0.375
767000,0.030,0.576,0.394
767500,0.030,0.659,0.310
768000,0.030,0.642,0.328
768500,0.030,0.670,0.300
769000,0.030,0.696,0.274
769500,0.030,0.718,0.252
770000,0.030,0.716,0.254
770500,0.030,0.764,0.206
771000,0.030,0.739,0.231
771500,0.030,0.784,0.186
772000,0.030,0.666,0.304
772500,0.030,0.667,0.302
773000,0.030,0.694,0.276
773500,0.030,0.694,0.276
774000,0.030,0.670,0.299
774500,0.030,0.627,0.343
775000,0.030,0.695,0.275
775500,0.030,0.638,0.332
776000,0.030,0.716,0.254
776500,0.030,0.645,0.325
777000,0.030,0.669,0.300
777500,0.030,0.640,0.330
778000,0.030,0.637,0.333
778500,0.030,0.668,0.301
779000,0.030,0.744,0.226
779500,0.030,0.692,0.278
780000,0.030,0.735,0.235
780500,0.030,0.726,0.244
781000,0.030,0.627,0.343
781500,0.030,0.666,0.303
782000,0.030,0.692,0.278
782500,0.030,0.784,0.186
783000,0.030,0.751,0.219
783500,0.030,0.746,0.224
784000,0.030,0.689,0.281
784500,0.030,0.620,0.350
785000,0.030,0.645,0.325
785500,0.030,0.678,0.292
786000,0.030,0.795,0.174
786500,0.030,0.754,0.216
787000,0.030,0.757,0.213
787500,0.030,0.617,0.353
788000,0.030,0.623,0.347
788500,0.030,0.626,0.344
789000,0.030,0.697,0.273
789500,0.030,0.598,0.372
790000,0.030,0.578,0.392
790500,0.030,0.672,0.297
791000,0.030,0.616,0.354
791500,0.030,0.729,0.241
792000,0.030,0.633,0.337
792500,0.030,0.657,0.313
793000,0.030,0.693,0.277
793500,0.030,0.735,0.235
794000,0.030,0.626,0.344
794500,0.030,0.648,0.322
795000,0.030,0.744,0.226
795500,0.030,0.718,0.252
796000,0.030,0.605,0.365
796500,0.030,0.634,0.336
797000,0.030,0.683,0.286
797500,0.030,0.640,0.330
798000,0.030,0.655,0.315
798500,0.030,0.747,0.223
799000,0.030,0.710,0.260
799500,0.030,0.793,0.176
800000,0.030,0.759,0.211
800500,0.030,0.678,0.292
801000,0.030,0.670,0.300
801500,0.030,0.715,0.255
802000,0.030,0.762,0.208
802500,0.030,0.796,0.174
803000,0.030,0.727,0.243
803500,0.030,0.620,0.350
804000,0.030,0.709,0.261
804500,0.030,0.654,0.316
805000,0.030,0.617,0.353
805500,0.030,0.692,0.278
806000,0.030,0.619,0.351
806500,0.030,0.647,0.323
807000,0.030,0.582,0.388
807500,0.030,0.603,0.367
808000,0.030,0.611,0.359
808500,0.030,0.757,0.213
809000,0.030,0.797,0.172
809500,0.030,0.804,0.165
810000,0.030,0.709,0.261
810500,0.030,0.662,0.308
811000,0.030,0.635,0.335
811500,0.030,0.609,0.361
812000,0.030,0.609,0.361
812500,0.030,0.583,0.387
813000,0.030,0.666,0.303
813500,0.030,0.680,0.289
814000,0.030,0.692,0.278
814500,0.030,0.711,0.259
815000,0.030,0.750,0.220
815500,0.030,0.759,0.211
816000,0.030,0.751,0.219
816500,0.030,0.745,0.225
817000,0.030,0.620,0.350
817500,0.030,0.694,0.276
818000,0.030,0.748,0.222
818500,0.030,0.634,0.336
819000,0.030,0.700,0.270
819500,0.030,0.663,0.307
820000,0.030,0.656,0.314
820500,0.030,0.746,0.224
821000,0.030,0.658,0.312
821500,0.030,0.627,0.343
822000,0.030,0.635,0.335
822500,0.030,0.639,0.331
823000,0.030,0.699,0.271
823500,0.030,0.709,0.261
824000,0.030,0.760,0.210
824500,0.030,0.697,0.273
825000,0.030,0.718,0.252
825500,0.030,0.685,0.285
826000,0.030,0.672,0.297
826500,0.030,0.676,0.294
827000,0.030,0.619,0.351
827500,0.030,0.661,0.308
828000,0.030,0.640,0.330
828500,0.030,0.580,0.390
829000,0.030,0.608,0.362
829500,0.030,0.656,0.314
830000,0.030,0.662,0.308
830500,0.030,0.681,0.289
831000,0.030,0.689,0.281
831500,0.030,0.750,0.220
832000,0.030,0.681,0.288
832500,0.030,0.683,0.286
833000,0.030,0.705,0.265
833500,0.030,0.710,0.260
834000,0.030,0.680,0.289
834500,0.030,0.660,0.310
835000,0.030,0.602,0.368
835500,0.030,0.626,0.344
836000,0.030,0.670,0.299
836500,0.030,0.632,0.338
837000,0.030,0.648,0.322
837500,0.030,0.625,0.345
838000,0.030,0.728,0.242
838500,0.030,0.625,0.345
839000,0.030,0.686,0.284
839500,0.030,0.648,0.322
840000,0.030,0.702,0.268
840500,0.030,0.666,0.304
841000,0.030,0.739,0.231
841500,0.030,0.664,0.306
842000,0.030,0.646,0.324
842500,0.030,0.734,0.236
843000,0.030,0.697,0.273
843500,0.030,0.696,0.274
844000,0.030,0.705,0.265
844500,0.030,0.694,0.276
845000,0.030,0.705,0.265
845500,0.030,0.660,0.309
846000,0.030,0.666,0.303
846500,0.030,0.723,0.247
847000,0.030,0.730,0.240
847500,0.030,0.691,0.279
848000,0.030,0.746,0.224
848500,0.030,0.650,0.320
849000,0.030,0.701,0.269
849500,0.030,0.741,0.229
850000,0.030,0.748,0.222
850500,0.030,0.811,0.159
851000,0.030,0.672,0.297
851500,0.030,0.669,0.300
852000,0.030,0.613,0.357
852500,0.030,0.601,0.369
853000,0.030,0.638,0.332
853500,0.030,0.619,0.351
854000,0.030,0.615,0.355
854500,0.030,0.677,0.293
855000,0.030,0.688,0.282
855500,0.030,0.713,0.257
856000,0.030,0.703,0.267
856500,0.030,0.722,0.248
857000,0.030,0.737,0.233
857500,0.030,0.748,0.222
858000,0.030,0.672,0.298
858500,0.030,0.691,0.279
859000,0.030,0.620,0.350
859500,0.030,0.655,0.315
860000,0.030,0.644,0.326
860500,0.030,0.597,0.373
861000,0.030,0.587,0.383
861500,0.030,0.592,0.378
862000,0.030,0.689,0.281
862500,0.030,0.614,0.356
863000,0.030,0.691,0.279
863500,0.030,0.667,0.302
864000,0.030,0.731,0.239
864500,0.030,0.685,0.285
865000,0.030,0.672,0.297
865500,0.030,0.616,0.354
866000,0.030,0.627,0.343
866500,0.030,0.719,0.251
867000,0.030,0.706,0.264
867500,0.030,0.645,0.325
868000,0.030,0.661,0.309
868500,0.030,0.787,0.183
869000,0.030,0.727,0.243
869500,0.030,0.766,0.204
870000,0.030,0.744,0.226
870500,0.030,0.683,0.286
871000,0.030,0.649,0.321
871500,0.030,0.641,0.329
872000,0.030,0.694,0.276
872500,0.030,0.650,0.320
873000,0.030,0.649,0.321
873500,0.030,0.663,0.306
874000,0.030,0.691,0.279
874500,0.030,0.661,0.309
875000,0.030,0.614,0.356
875500,0.030,0.607,0.363
876000,0.030,0.584,0.386
876500,0.030,0.619,0.351
877000,0.030,0.714,0.256
877500,0.030,0.718,0.252
878000,0.030,0.642,0.328
878500,0.030,0.702,0.268
879000,0.030,0.682,0.287
879500,0.030,0.727,0.243
880000,0.030,0.749,0.221
880500,0.030,0.739,0.231
881000,0.030,0.789,0.181
881500,0.030,0.694,0.276
882000,0.030,0.708,0.262
882500,0.030,0.746,0.224
883000,0.030,0.781,0.189
883500,0.030,0.875,0.095
884000,0.030,0.736,0.234
884500,0.030,0.759,0.211
885000,0.030,0.684,0.285
885500,0.030,0.720,0.250
886000,0.030,0.682,0.287
886500,0.030,0.631,0.339
887000,0.030,0.641,0.329
887500,0.030,0.722,0.248
888000,0.030,0.790,0.179
888500,0.030,0.825,0.145
889000,0.030,0.734,0.236
889500,0.030,0.679,0.291
890000,0.030,0.612,0.358
890500,0.030,0.631,0.339
891000,0.030,0.619,0.351
891500,0.030,0.607,0.363
892000,0.030,0.710,0.260
892500,0.030,0.715,0.255
893000,0.030,0.696,0.274
893500,0.030,0.755,0.215
894000,0.030,0.727,0.243
894500,0.030,0.636,0.334
895000,0.030,0.624,0.346
895500,0.030,0.615,0.355
896000,0.030,0.695,0.275
896500,0.030,0.707,0.263
897000,0.030,0.705,0.265
897500,0.030,0.710,0.260
898000,0.030,0.730,0.240
898500,0.030,0.736,0.234
899000,0.030,0.700,0.270
899500,0.030,0.580,0.390
900000,0.030,0.560,0.409
900500,0.030,0.588,0.382
901000,0.030,0.535,0.435
901500,0.030,0.493,0.476
902000,0.030,0.592,0.378
902500,0.030,0.665,0.305
903000,0.030,0.609,0.361
903500,0.030,0.645,0.325
904000,0.030,0.668,0.302
904500,0.030,0.589,0.381
905000,0.030,0.605,0.365
905500,0.030,0.670,0.300
906000,0.030,0.708,0.262
906500,0.030,0.741,0.229
907000,0.030,0.681,0.289
907500,0.030,0.635,0.335
908000,0.030,0.730,0.240
908500,0.030,0.779,0.191
909000,0.030,0.728,0.242
909500,0.030,0.735,0.235
910000,0.030,0.730,0.240
910500,0.030,0.775,0.195
911000,0.030,0.692,0.278
911500,0.030,0.649,0.321
912000,0.030,0.590,0.380
912500,0.030,0.698,0.272
913000,0.030,0.662,0.308
913500,0.030,0.676,0.293
914000,0.030,0.667,0.302
914500,0.030,0.636,0.334
915000,0.030,0.618,0.352
915500,0.030,0.679,0.291
916000,0.030,0.661,0.309
916500,0.030,0.686,0.284
917000,0.030,0.586,0.384
917500,0.030,0.676,0.293
918000,0.030,0.646,0.324
918500,0.030,0.674,0.295
919000,0.030,0.685,0.285
919500,0.030,0.676,0.293
920000,0.030,0.645,0.325
920500,0.030,0.655,0.315
921000,0.030,0.672,0.297
921500,0.030,0.669,0.301
922000,0.030,0.681,0.288
922500,0.030,0.672,0.298
923000,0.030,0.685,0.285
923500,0.030,0.663,0.307
924000,0.030,0.618,0.352
924500,0.030,0.604,0.366
925000,0.030,0.750,0.220
925500,0.030,0.697,0.273
926000,0.030,0.714,0.256
926500,0.030,0.642,0.328
927000,0.030,0.643,0.327
927500,0.030,0.788,0.181
928000,0.030,0.712,0.258
928500,0.030,0.608,0.362
929000,0.030,0.604,0.366
929500,0.030,0.632,0.338
930000,0.030,0.637,0.333
930500,0.030,0.657,0.312
931000,0.030,0.712,0.258
931500,0.030,0.665,0.305
932000,0.030,0.622,0.348
932500,0.030,0.654,0.316
933000,0.030,0.642,0.328
933500,0.030,0.643,0.327
934000,0.030,0.585,0.385
934500,0.030,0.663,0.307
935000,0.030,0.560,0.409
935500,0.030,0.592,0.378
936000,0.030,0.732,0.238
936500,0.030,0.709,0.261
937000,0.030,0.730,0.240
937500,0.030,0.733,0.237
938000,0.030,0.740,0.230
938500,0.030,0.781,0.189
939000,0.030,0.760,0.210
939500,0.030,0.711,0.259
940000,0.030,0.732,0.238
940500,0.030,0.772,0.198
941000,0.030,0.708,0.262
941500,0.030,0.580,0.390
942000,0.030,0.608,0.362
942500,0.030,0.518,0.452
943000,0.030,0.592,0.378
943500,0.030,0.684,0.286
944000,0.030,0.689,0.281
944500,0.030,0.616,0.354
945000,0.030,0.566,0.404
945500,0.030,0.562,0.408
946000,0.030,0.559,0.410
946500,0.030,0.711,0.259
947000,0.030,0.623,0.347
947500,0.030,0.613,0.357
948000,0.030,0.690,0.280
948500,0.030,0.637,0.333
949000,0.030,0.726,0.244
949500,0.030,0.680,0.290
950000,0.030,0.560,0.410
950500,0.030,0.648,0.322
951000,0.030,0.581,0.389
951500,0.030,0.612,0.358
952000,0.030,0.640,0.330
952500,0.030,0.646,0.324
953000,0.030,0.575,0.395
953500,0.030,0.711,0.259
954000,0.030,0.712,0.258
954500,0.030,0.689,0.281
955000,0.030,0.690,0.280
955500,0.030,0.668,0.301
956000,0.030,0.751,0.219
956500,0.030,0.755,0.215
957000,0.030,0.741,0.229
957500,0.030,0.698,0.272
958000,0.030,0.730,0.240
958500,0.030,0.760,0.210
959000,0.030,0.725,0.245
959500,0.030,0.689,0.281
960000,0.030,0.631,0.339
960500,0.030,0.671,0.298
961000,0.030,0.619,0.351
961500,0.030,0.617,0.353
962000,0.030,0.572,0.398
962500,0.030,0.570,0.400
963000,0.030,0.604,0.366
963500,0.030,0.670,0.300
964000,0.030,0.704,0.266
964500,0.030,0.796,0.173
965000,0.030,0.760,0.210
965500,0.030,0.699,0.271
966000,0.030,0.709,0.261
966500,0.030,0.730,0.240
967000,0.030,0.771,0.199
967500,0.030,0.760,0.210
968000,0.030,0.673,0.297
968500,0.030,0.633,0.337
969000,0.030,0.703,0.267
969500,0.030,0.606,0.364
970000,0.030,0.665,0.305
970500,0.030,0.610,0.360
971000,0.030,0.619,0.351
971500,0.030,0.681,0.289
972000,0.030,0.664,0.305
972500,0.030,0.654,0.316
973000,0.030,0.731,0.239
973500,0.030,0.693,0.277
974000,0.030,0.731,0.239
974500,0.030,0.739,0.231
975000,0.030,0.749,0.221
975500,0.030,0.679,0.290
976000,0.030,0.660,0.310
976500,0.030,0.639,0.331
977000,0.030,0.568,0.402
977500,0.030,0.565,0.405
978000,0.030,0.608,0.362
978500,0.030,0.593,0.377
979000,0.030,0.634,0.336
979500,0.030,0.620,0.350
980000,0.030,0.674,0.295
980500,0.030,0.694,0.276
981000,0.030,0.681,0.289
981500,0.030,0.750,0.220
982000,0.030,0.830,0.140
982500,0.030,0.797,0.172
983000,0.030,0.806,0.164
983500,0.030,0.701,0.269
984000,0.030,0.687,0.283
984500,0.030,0.629,0.341
985000,0.030,0.570,0.400
985500,0.030,0.643,0.327
986000,0.030,0.701,0.269
986500,0.030,0.657,0.313
987000,0.030,0.712,0.258
987500,0.030,0.677,0.292
988000,0.030,0.657,0.313
988500,0.030,0.660,0.310
989000,0.030,0.719,0.251
989500,0.030,0.712,0.258
990000,0.030,0.633,0.337
990500,0.030,0.704,0.266
991000,0.030,0.598,0.372
991500,0.030,0.699,0.271
992000,0.030,0.707,0.263
992500,0.030,0.657,0.313
993000,0.030,0.699,0.271
993500,0.030,0.768,0.202
994000,0.030,0.748,0.222
994500,0.030,0.701,0.269
995000,0.030,0.712,0.258
995500,0.030,0.728,0.242
996000,0.030,0.666,0.303
996500,0.030,0.744,0.226
997000,0.030,0.733,0.237
997500,0.030,0.612,0.358
998000,0.030,0.669,0.301
998500,0.030,0.678,0.292
999000,0.030,0.650,0.320
999500,0.030,0.702,0.268
1000000,0.030,0.616,0.354
