time,n_A+p,n_B,n_AB
500,0.050,0.528,0.422
1000,0.050,0.221,0.729
1500,0.067,0.147,0.786
2000,0.050,0.358,0.592
2500,0.050,0.316,0.634
3000,0.050,0.269,0.681
3500,0.050,0.191,0.759
4000,0.050,0.379,0.571
4500,0.050,0.181,0.769
5000,0.050,0.434,0.516
5500,0.050,0.236,0.714
6000,0.050,0.259,0.691
6500,0.050,0.294,0.656
7000,0.050,0.378,0.572
7500,0.050,0.255,0.695
8000,0.051,0.238,0.711
8500,0.050,0.392,0.558
9000,0.050,0.202,0.748
9500,0.050,0.181,0.769
10000,0.050,0.383,0.567
10500,0.050,0.243,0.707
11000,0.050,0.295,0.655
11500,0.050,0.400,0.550
12000,0.050,0.456,0.494
12500,0.050,0.239,0.711
13000,0.050,0.227,0.723
13500,0.050,0.264,0.686
14000,0.050,0.343,0.607
14500,0.050,0.313,0.637
15000,0.050,0.332,0.618
15500,0.050,0.195,0.755
16000,0.576,0.007,0.417
16500,1.000,0.000,0.000
