time,n_A+p,n_B,n_AB
500,0.050,0.739,0.211
1000,0.050,0.697,0.253
1500,0.050,0.569,0.381
2000,0.057,0.525,0.418
2500,0.052,0.472,0.476
3000,0.056,0.423,0.521
3500,0.051,0.404,0.545
4000,0.060,0.404,0.536
4500,0.056,0.421,0.523
5000,0.051,0.500,0.449
5500,0.058,0.424,0.518
6000,0.062,0.431,0.507
6500,0.066,0.342,0.592
7000,0.059,0.293,0.648
7500,0.089,0.341,0.570
8000,0.091,0.278,0.631
8500,0.126,0.189,0.685
9000,0.119,0.205,0.676
9500,0.155,0.164,0.681
10000,0.161,0.164,0.675
10500,0.231,0.124,0.645
11000,0.285,0.072,0.643
11500,0.365,0.038,0.597
12000,0.538,0.014,0.448
12500,0.633,0.003,0.364
13000,0.724,0.000,0.276
13500,0.760,0.000,0.240
14000,0.801,0.000,0.199
14500,0.816,0.000,0.184
15000,0.880,0.000,0.120
15500,0.895,0.000,0.105
16000,0.869,0.000,0.131
16500,0.899,0.000,0.101
17000,0.825,0.000,0.175
17500,0.858,0.000,0.142
18000,0.876,0.000,0.124
18500,0.845,0.000,0.155
19000,0.865,0.000,0.135
19500,0.866,0.000,0.134
20000,0.896,0.000,0.104
20500,0.869,0.000,0.131
21000,0.871,0.000,0.129
21500,0.838,0.000,0.162
22000,0.836,0.000,0.164
22500,0.855,0.000,0.145
23000,0.870,0.000,0.130
23500,0.788,0.000,0.212
24000,0.778,0.000,0.222
24500,0.860,0.000,0.140
25000,0.864,0.000,0.136
25500,0.823,0.000,0.177
26000,0.846,0.000,0.154
26500,0.825,0.000,0.175
27000,0.778,0.000,0.222
27500,0.780,0.000,0.220
28000,0.820,0.000,0.180
28500,0.868,0.000,0.132
29000,0.887,0.000,0.113
29500,0.893,0.000,0.107
30000,0.874,0.000,0.126
30500,0.855,0.000,0.145
31000,0.909,0.000,0.091
31500,0.907,0.000,0.093
32000,0.904,0.000,0.096
32500,0.907,0.000,0.093
33000,0.906,0.000,0.094
33500,0.884,0.000,0.116
34000,0.940,0.000,0.060
34500,0.960,0.000,0.040
35000,0.966,0.000,0.034
35500,0.989,0.000,0.011
36000,0.999,0.000,0.001
36500,1.000,0.000,0.000
