time,n_A+p,n_B,n_AB
500,0.050,0.114,0.836
1000,0.465,0.000,0.535
1500,0.636,0.000,0.364
2000,0.607,0.000,0.393
2500,0.669,0.000,0.331
3000,0.541,0.000,0.459
3500,0.697,0.000,0.303
4000,0.733,0.000,0.267
4500,0.695,0.000,0.305
5000,0.665,0.000,0.335
5500,0.763,0.000,0.237
6000,0.503,0.000,0.497
6500,0.513,0.000,0.487
7000,0.422,0.000,0.578
7500,0.594,0.000,0.406
8000,0.538,0.000,0.462
8500,0.704,0.000,0.296
9000,0.739,0.000,0.261
9500,0.592,0.000,0.408
10000,0.692,0.000,0.308
10500,0.602,0.000,0.398
11000,0.475,0.000,0.525
11500,0.408,0.000,0.592
12000,0.588,0.000,0.412
12500,0.399,0.000,0.601
13000,0.621,0.000,0.379
13500,0.691,0.000,0.309
14000,0.775,0.000,0.225
14500,0.701,0.000,0.299
15000,0.534,0.000,0.466
15500,0.704,0.000,0.296
16000,0.538,0.000,0.462
16500,0.658,0.000,0.342
17000,0.405,0.000,0.595
17500,0.642,0.000,0.358
18000,0.541,0.000,0.459
18500,0.566,0.000,0.434
19000,0.614,0.000,0.386
19500,0.736,0.000,0.264
20000,0.854,0.000,0.146
20500,0.973,0.000,0.027
21000,0.837,0.000,0.163
21500,0.719,0.000,0.281
22000,0.581,0.000,0.419
22500,0.596,0.000,0.404
23000,0.759,0.000,0.241
23500,0.825,0.000,0.175
24000,0.801,0.000,0.199
24500,0.759,0.000,0.241
25000,0.895,0.000,0.105
25500,0.883,0.000,0.117
26000,0.927,0.000,0.073
26500,0.815,0.000,0.185
27000,0.489,0.000,0.511
27500,0.548,0.000,0.452
28000,0.534,0.000,0.466
28500,0.719,0.000,0.281
29000,0.812,0.000,0.188
29500,0.624,0.000,0.376
30000,0.618,0.000,0.382
30500,0.581,0.000,0.419
31000,0.522,0.000,0.478
31500,0.557,0.000,0.443
32000,0.615,0.000,0.385
32500,0.588,0.000,0.412
33000,0.770,0.000,0.230
33500,0.797,0.000,0.203
34000,0.787,0.000,0.213
34500,0.522,0.000,0.478
35000,0.616,0.000,0.384
35500,0.595,0.000,0.405
36000,0.432,0.000,0.568
36500,0.580,0.000,0.420
37000,0.529,0.000,0.471
37500,0.590,0.000,0.410
38000,0.618,0.000,0.382
38500,0.686,0.000,0.314
39000,0.820,0.000,0.180
39500,0.491,0.000,0.509
40000,0.851,0.000,0.149
40500,0.631,0.000,0.369
41000,0.589,0.000,0.411
41500,0.746,0.000,0.254
42000,0.703,0.000,0.297
42500,0.665,0.000,0.335
43000,0.690,0.000,0.310
43500,0.698,0.000,0.302
44000,0.857,0.000,0.143
44500,0.813,0.000,0.187
45000,0.570,0.000,0.430
45500,0.723,0.000,0.277
46000,0.646,0.000,0.354
46500,0.788,0.000,0.212
47000,0.568,0.000,0.432
47500,0.784,0.000,0.216
48000,0.671,0.000,0.329
48500,0.535,0.000,0.465
49000,0.637,0.000,0.363
49500,0.539,0.000,0.461
50000,0.508,0.000,0.492
50500,0.519,0.000,0.481
51000,0.771,0.000,0.229
51500,0.908,0.000,0.092
52000,0.917,0.000,0.083
52500,0.999,0.000,0.001
53000,1.000,0.000,0.000
