time,n_A+p,n_B,n_AB
500,0.030,0.828,0.142
1000,0.030,0.629,0.341
1500,0.033,0.408,0.559
2000,0.049,0.284,0.667
2500,0.080,0.169,0.751
3000,0.130,0.121,0.749
3500,0.170,0.074,0.756
4000,0.199,0.058,0.743
4500,0.201,0.026,0.773
5000,0.268,0.030,0.702
5500,0.280,0.026,0.694
6000,0.316,0.001,0.683
6500,0.296,0.009,0.695
7000,0.293,0.024,0.683
7500,0.289,0.004,0.707
8000,0.220,0.037,0.743
8500,0.268,0.024,0.708
9000,0.303,0.013,0.684
9500,0.307,0.028,0.665
10000,0.263,0.020,0.717
10500,0.228,0.028,0.744
11000,0.300,0.027,0.673
11500,0.326,0.022,0.652
12000,0.331,0.017,0.652
12500,0.317,0.012,0.671
13000,0.338,0.003,0.659
13500,0.307,0.012,0.681
14000,0.329,0.000,0.671
14500,0.386,0.000,0.614
15000,0.406,0.008,0.586
15500,0.313,0.000,0.687
16000,0.346,0.004,0.650
16500,0.370,0.015,0.615
17000,0.347,0.005,0.648
17500,0.345,0.008,0.647
18000,0.416,0.001,0.583
18500,0.325,0.008,0.667
19000,0.297,0.000,0.703
19500,0.332,0.007,0.661
20000,0.334,0.004,0.662
20500,0.349,0.002,0.649
21000,0.366,0.008,0.626
21500,0.419,0.012,0.569
22000,0.424,0.003,0.573
22500,0.365,0.015,0.620
23000,0.351,0.005,0.644
23500,0.358,0.007,0.635
24000,0.423,0.000,0.577
24500,0.374,0.000,0.626
25000,0.393,0.005,0.602
25500,0.377,0.004,0.619
26000,0.386,0.001,0.613
26500,0.393,0.003,0.604
27000,0.426,0.002,0.572
27500,0.497,0.000,0.503
28000,0.458,0.000,0.542
28500,0.364,0.002,0.634
29000,0.289,0.003,0.708
29500,0.308,0.002,0.690
30000,0.364,0.000,0.636
30500,0.321,0.011,0.668
31000,0.363,0.009,0.628
31500,0.313,0.000,0.687
32000,0.396,0.004,0.600
32500,0.364,0.012,0.624
33000,0.386,0.013,0.601
33500,0.383,0.000,0.617
34000,0.402,0.000,0.598
34500,0.413,0.000,0.587
35000,0.454,0.006,0.540
35500,0.386,0.003,0.611
36000,0.403,0.004,0.593
36500,0.325,0.005,0.670
37000,0.325,0.003,0.672
37500,0.372,0.007,0.621
38000,0.390,0.001,0.609
38500,0.334,0.005,0.661
39000,0.414,0.001,0.585
39500,0.368,0.002,0.630
40000,0.418,0.001,0.581
40500,0.444,0.000,0.556
41000,0.445,0.000,0.555
41500,0.440,0.000,0.560
42000,0.471,0.000,0.529
42500,0.414,0.007,0.579
43000,0.371,0.000,0.629
43500,0.414,0.003,0.583
44000,0.370,0.009,0.621
44500,0.392,0.002,0.606
45000,0.399,0.000,0.601
45500,0.330,0.004,0.666
46000,0.317,0.004,0.679
46500,0.333,0.000,0.667
47000,0.333,0.006,0.661
47500,0.333,0.012,0.655
48000,0.319,0.006,0.675
48500,0.353,0.001,0.646
49000,0.381,0.000,0.619
49500,0.343,0.008,0.649
50000,0.380,0.009,0.611
50500,0.296,0.000,0.704
51000,0.288,0.016,0.696
51500,0.280,0.026,0.694
52000,0.351,0.014,0.635
52500,0.328,0.010,0.662
53000,0.413,0.000,0.587
53500,0.425,0.004,0.571
54000,0.401,0.003,0.596
54500,0.493,0.000,0.507
55000,0.449,0.000,0.551
55500,0.384,0.001,0.615
56000,0.384,0.000,0.616
56500,0.386,0.006,0.608
57000,0.351,0.001,0.648
57500,0.403,0.002,0.595
58000,0.367,0.002,0.631
58500,0.365,0.012,0.623
59000,0.290,0.008,0.702
59500,0.241,0.010,0.749
60000,0.353,0.000,0.647
60500,0.395,0.000,0.605
61000,0.352,0.007,0.641
61500,0.332,0.009,0.659
62000,0.312,0.009,0.679
62500,0.354,0.001,0.645
63000,0.378,0.004,0.618
63500,0.389,0.003,0.608
64000,0.386,0.006,0.608
64500,0.363,0.000,0.637
65000,0.336,0.006,0.658
65500,0.364,0.015,0.621
66000,0.399,0.010,0.591
66500,0.394,0.003,0.603
67000,0.323,0.020,0.657
67500,0.223,0.015,0.762
68000,0.249,0.026,0.725
68500,0.303,0.008,0.689
69000,0.385,0.000,0.615
69500,0.413,0.000,0.587
70000,0.383,0.008,0.609
70500,0.336,0.015,0.649
71000,0.305,0.018,0.677
71500,0.296,0.029,0.675
72000,0.327,0.020,0.653
72500,0.349,0.014,0.637
73000,0.332,0.002,0.666
73500,0.368,0.001,0.631
74000,0.366,0.000,0.634
74500,0.363,0.012,0.625
75000,0.326,0.001,0.673
75500,0.416,0.000,0.584
76000,0.457,0.002,0.541
76500,0.433,0.000,0.567
77000,0.403,0.005,0.592
77500,0.346,0.002,0.652
78000,0.369,0.004,0.627
78500,0.415,0.001,0.584
79000,0.422,0.004,0.574
79500,0.368,0.002,0.630
80000,0.301,0.014,0.685
80500,0.365,0.014,0.621
81000,0.283,0.017,0.700
81500,0.283,0.017,0.700
82000,0.311,0.012,0.677
82500,0.338,0.001,0.661
83000,0.331,0.008,0.661
83500,0.250,0.023,0.727
84000,0.318,0.011,0.671
84500,0.372,0.005,0.623
85000,0.400,0.003,0.597
85500,0.321,0.010,0.669
86000,0.352,0.007,0.641
86500,0.335,0.021,0.644
87000,0.276,0.017,0.707
87500,0.274,0.018,0.708
88000,0.334,0.008,0.658
88500,0.324,0.001,0.675
89000,0.369,0.006,0.625
89500,0.301,0.004,0.695
90000,0.270,0.014,0.716
90500,0.336,0.003,0.661
91000,0.384,0.012,0.604
91500,0.422,0.002,0.576
92000,0.367,0.000,0.633
92500,0.347,0.002,0.651
93000,0.365,0.012,0.623
93500,0.380,0.003,0.617
94000,0.331,0.005,0.664
94500,0.312,0.010,0.678
95000,0.363,0.001,0.636
95500,0.319,0.003,0.678
96000,0.347,0.003,0.650
96500,0.296,0.017,0.687
97000,0.392,0.020,0.588
97500,0.294,0.007,0.699
98000,0.334,0.008,0.658
98500,0.353,0.002,0.645
99000,0.398,0.005,0.597
99500,0.301,0.013,0.686
100000,0.298,0.009,0.693
100500,0.369,0.011,0.620
101000,0.320,0.002,0.678
101500,0.260,0.000,0.740
102000,0.248,0.003,0.749
102500,0.319,0.018,0.663
103000,0.352,0.002,0.646
103500,0.404,0.005,0.591
104000,0.312,0.004,0.684
104500,0.350,0.002,0.648
105000,0.352,0.008,0.640
105500,0.430,0.000,0.570
106000,0.453,0.001,0.546
106500,0.377,0.000,0.623
107000,0.381,0.000,0.619
107500,0.450,0.006,0.544
108000,0.432,0.001,0.567
108500,0.301,0.001,0.698
109000,0.298,0.010,0.692
109500,0.326,0.004,0.670
110000,0.354,0.004,0.642
110500,0.327,0.009,0.664
111000,0.345,0.000,0.655
111500,0.400,0.000,0.600
112000,0.358,0.001,0.641
112500,0.376,0.002,0.622
113000,0.443,0.000,0.557
113500,0.409,0.007,0.584
114000,0.370,0.001,0.629
114500,0.356,0.007,0.637
115000,0.377,0.001,0.622
115500,0.327,0.006,0.667
116000,0.268,0.021,0.711
116500,0.294,0.010,0.696
117000,0.280,0.018,0.702
117500,0.342,0.018,0.640
118000,0.351,0.004,0.645
118500,0.319,0.017,0.664
119000,0.353,0.003,0.644
119500,0.367,0.004,0.629
120000,0.352,0.006,0.642
120500,0.351,0.001,0.648
121000,0.348,0.000,0.652
121500,0.384,0.001,0.615
122000,0.337,0.009,0.654
122500,0.353,0.003,0.644
123000,0.369,0.017,0.614
123500,0.379,0.006,0.615
124000,0.308,0.003,0.689
124500,0.317,0.006,0.677
125000,0.348,0.006,0.646
125500,0.374,0.009,0.617
126000,0.352,0.019,0.629
126500,0.330,0.005,0.665
127000,0.426,0.000,0.574
127500,0.454,0.000,0.546
128000,0.329,0.023,0.648
128500,0.340,0.008,0.652
129000,0.385,0.000,0.615
129500,0.344,0.002,0.654
130000,0.357,0.008,0.635
130500,0.302,0.021,0.677
131000,0.310,0.012,0.678
131500,0.325,0.011,0.664
132000,0.360,0.011,0.629
132500,0.306,0.010,0.684
133000,0.367,0.009,0.624
133500,0.324,0.006,0.670
134000,0.294,0.006,0.700
134500,0.276,0.022,0.702
135000,0.323,0.017,0.660
135500,0.317,0.008,0.675
136000,0.369,0.006,0.625
136500,0.300,0.007,0.693
137000,0.342,0.005,0.653
137500,0.381,0.010,0.609
138000,0.407,0.000,0.593
138500,0.438,0.000,0.562
139000,0.373,0.000,0.627
139500,0.351,0.000,0.649
140000,0.322,0.001,0.677
140500,0.319,0.000,0.681
141000,0.346,0.002,0.652
141500,0.297,0.013,0.690
142000,0.338,0.013,0.649
142500,0.378,0.002,0.620
143000,0.310,0.006,0.684
143500,0.271,0.021,0.708
144000,0.243,0.025,0.732
144500,0.219,0.024,0.757
145000,0.331,0.007,0.662
145500,0.385,0.001,0.614
146000,0.370,0.000,0.630
146500,0.383,0.005,0.612
147000,0.372,0.004,0.624
147500,0.355,0.000,0.645
148000,0.364,0.000,0.636
148500,0.373,0.000,0.627
149000,0.339,0.005,0.656
149500,0.384,0.015,0.601
150000,0.394,0.007,0.599
150500,0.350,0.012,0.638
151000,0.414,0.010,0.576
151500,0.329,0.000,0.671
152000,0.421,0.000,0.579
152500,0.328,0.015,0.657
153000,0.411,0.005,0.584
153500,0.371,0.001,0.628
154000,0.297,0.003,0.700
154500,0.251,0.016,0.733
155000,0.247,0.026,0.727
155500,0.265,0.025,0.710
156000,0.267,0.003,0.730
156500,0.284,0.014,0.702
157000,0.376,0.002,0.622
157500,0.429,0.008,0.563
158000,0.374,0.007,0.619
158500,0.438,0.003,0.559
159000,0.350,0.008,0.642
159500,0.346,0.007,0.647
160000,0.386,0.008,0.606
160500,0.351,0.015,0.634
161000,0.305,0.014,0.681
161500,0.233,0.022,0.745
162000,0.242,0.043,0.715
162500,0.209,0.055,0.736
163000,0.260,0.024,0.716
163500,0.278,0.008,0.714
164000,0.254,0.026,0.720
164500,0.343,0.002,0.655
165000,0.410,0.007,0.583
165500,0.340,0.007,0.653
166000,0.321,0.000,0.679
166500,0.318,0.022,0.660
167000,0.367,0.008,0.625
167500,0.367,0.000,0.633
168000,0.394,0.001,0.605
168500,0.406,0.001,0.593
169000,0.374,0.009,0.617
169500,0.347,0.003,0.650
170000,0.319,0.002,0.679
170500,0.335,0.011,0.654
171000,0.304,0.025,0.671
171500,0.269,0.014,0.717
172000,0.369,0.009,0.622
172500,0.368,0.003,0.629
173000,0.376,0.003,0.621
173500,0.397,0.000,0.603
174000,0.361,0.004,0.635
174500,0.346,0.000,0.654
175000,0.315,0.007,0.678
175500,0.270,0.031,0.699
176000,0.291,0.009,0.700
176500,0.338,0.014,0.648
177000,0.305,0.002,0.693
177500,0.408,0.003,0.589
178000,0.335,0.003,0.662
178500,0.350,0.006,0.644
179000,0.322,0.005,0.673
179500,0.321,0.015,0.664
180000,0.279,0.009,0.712
180500,0.232,0.014,0.754
181000,0.286,0.027,0.687
181500,0.263,0.015,0.722
182000,0.329,0.001,0.670
182500,0.406,0.000,0.594
183000,0.409,0.000,0.591
183500,0.399,0.000,0.601
184000,0.280,0.000,0.720
184500,0.302,0.005,0.693
185000,0.347,0.002,0.651
185500,0.327,0.004,0.669
186000,0.349,0.009,0.642
186500,0.386,0.001,0.613
187000,0.381,0.003,0.616
187500,0.431,0.000,0.569
188000,0.430,0.000,0.570
188500,0.347,0.006,0.647
189000,0.371,0.015,0.614
189500,0.299,0.009,0.692
190000,0.316,0.008,0.676
190500,0.355,0.003,0.642
191000,0.379,0.007,0.614
191500,0.321,0.016,0.663
192000,0.387,0.003,0.610
192500,0.361,0.002,0.637
193000,0.419,0.000,0.581
193500,0.350,0.010,0.640
194000,0.385,0.007,0.608
194500,0.351,0.000,0.649
195000,0.365,0.001,0.634
195500,0.308,0.006,0.686
196000,0.439,0.000,0.561
196500,0.434,0.000,0.566
197000,0.376,0.016,0.608
197500,0.393,0.006,0.601
198000,0.352,0.001,0.647
198500,0.371,0.001,0.628
199000,0.330,0.000,0.670
199500,0.386,0.008,0.606
200000,0.385,0.008,0.607
200500,0.366,0.000,0.634
201000,0.363,0.019,0.618
201500,0.335,0.015,0.650
202000,0.341,0.015,0.644
202500,0.356,0.003,0.641
203000,0.395,0.000,0.605
203500,0.328,0.003,0.669
204000,0.296,0.004,0.700
204500,0.287,0.027,0.686
205000,0.223,0.045,0.732
205500,0.183,0.038,0.779
206000,0.304,0.012,0.684
206500,0.335,0.007,0.658
207000,0.319,0.006,0.675
207500,0.363,0.001,0.636
208000,0.377,0.006,0.617
208500,0.322,0.007,0.671
209000,0.283,0.020,0.697
209500,0.329,0.015,0.656
210000,0.416,0.005,0.579
210500,0.385,0.006,0.609
211000,0.351,0.001,0.648
211500,0.320,0.000,0.680
212000,0.369,0.005,0.626
212500,0.390,0.006,0.604
213000,0.324,0.019,0.657
213500,0.381,0.006,0.613
214000,0.418,0.012,0.570
214500,0.312,0.004,0.684
215000,0.357,0.011,0.632
215500,0.309,0.004,0.687
216000,0.290,0.015,0.695
216500,0.341,0.009,0.650
217000,0.417,0.003,0.580
217500,0.376,0.000,0.624
218000,0.420,0.000,0.580
218500,0.409,0.005,0.586
219000,0.383,0.014,0.603
219500,0.402,0.009,0.589
220000,0.392,0.012,0.596
220500,0.278,0.012,0.710
221000,0.370,0.012,0.618
221500,0.317,0.019,0.664
222000,0.425,0.004,0.571
222500,0.356,0.000,0.644
223000,0.299,0.006,0.695
223500,0.317,0.020,0.663
224000,0.317,0.012,0.671
224500,0.380,0.001,0.619
225000,0.351,0.000,0.649
225500,0.370,0.005,0.625
226000,0.356,0.020,0.624
226500,0.375,0.001,0.624
227000,0.353,0.029,0.618
227500,0.364,0.005,0.631
228000,0.374,0.000,0.626
228500,0.404,0.000,0.596
229000,0.387,0.000,0.613
229500,0.386,0.000,0.614
230000,0.333,0.000,0.667
230500,0.338,0.008,0.654
231000,0.331,0.003,0.666
231500,0.316,0.004,0.680
232000,0.372,0.003,0.625
232500,0.368,0.000,0.632
233000,0.339,0.003,0.658
233500,0.328,0.003,0.669
234000,0.358,0.007,0.635
234500,0.337,0.020,0.643
235000,0.365,0.011,0.624
235500,0.393,0.006,0.601
236000,0.366,0.010,0.624
236500,0.437,0.002,0.561
237000,0.398,0.001,0.601
237500,0.365,0.000,0.635
238000,0.331,0.006,0.663
238500,0.393,0.001,0.606
239000,0.477,0.012,0.511
239500,0.432,0.000,0.568
240000,0.455,0.007,0.538
240500,0.325,0.002,0.673
241000,0.350,0.006,0.644
241500,0.280,0.001,0.719
242000,0.263,0.026,0.711
242500,0.333,0.011,0.656
243000,0.324,0.006,0.670
243500,0.385,0.016,0.599
244000,0.371,0.005,0.624
244500,0.469,0.003,0.528
245000,0.431,0.001,0.568
245500,0.432,0.000,0.568
246000,0.434,0.002,0.564
246500,0.499,0.000,0.501
247000,0.354,0.000,0.646
247500,0.340,0.004,0.656
248000,0.349,0.000,0.651
248500,0.352,0.000,0.648
249000,0.381,0.001,0.618
249500,0.381,0.000,0.619
250000,0.378,0.008,0.614
250500,0.387,0.004,0.609
251000,0.445,0.001,0.554
251500,0.462,0.003,0.535
252000,0.352,0.000,0.648
252500,0.305,0.008,0.687
253000,0.344,0.014,0.642
253500,0.373,0.011,0.616
254000,0.390,0.006,0.604
254500,0.404,0.000,0.596
255000,0.378,0.000,0.622
255500,0.379,0.003,0.618
256000,0.359,0.012,0.629
256500,0.315,0.007,0.678
257000,0.371,0.011,0.618
257500,0.322,0.015,0.663
258000,0.315,0.009,0.676
258500,0.379,0.010,0.611
259000,0.381,0.000,0.619
259500,0.364,0.013,0.623
260000,0.413,0.010,0.577
260500,0.401,0.000,0.599
261000,0.345,0.000,0.655
261500,0.326,0.008,0.666
262000,0.332,0.010,0.658
262500,0.409,0.001,0.590
263000,0.372,0.003,0.625
263500,0.304,0.000,0.696
264000,0.353,0.003,0.644
264500,0.396,0.021,0.583
265000,0.421,0.002,0.577
265500,0.392,0.001,0.607
266000,0.412,0.000,0.588
266500,0.319,0.005,0.676
267000,0.366,0.018,0.616
267500,0.329,0.004,0.667
268000,0.480,0.000,0.520
268500,0.430,0.006,0.564
269000,0.469,0.001,0.530
269500,0.475,0.000,0.525
270000,0.412,0.008,0.580
270500,0.394,0.002,0.604
271000,0.393,0.000,0.607
271500,0.389,0.000,0.611
272000,0.315,0.015,0.670
272500,0.352,0.006,0.642
273000,0.298,0.007,0.695
273500,0.396,0.004,0.600
274000,0.341,0.008,0.651
274500,0.434,0.002,0.564
275000,0.458,0.000,0.542
275500,0.422,0.000,0.578
276000,0.388,0.007,0.605
276500,0.475,0.001,0.524
277000,0.427,0.000,0.573
277500,0.385,0.006,0.609
278000,0.314,0.006,0.680
278500,0.377,0.002,0.621
279000,0.286,0.021,0.693
279500,0.389,0.010,0.601
280000,0.283,0.003,0.714
280500,0.354,0.011,0.635
281000,0.324,0.012,0.664
281500,0.311,0.007,0.682
282000,0.365,0.002,0.633
282500,0.384,0.000,0.616
283000,0.341,0.007,0.652
283500,0.387,0.000,0.613
284000,0.350,0.003,0.647
284500,0.361,0.013,0.626
285000,0.342,0.016,0.642
285500,0.291,0.020,0.689
286000,0.343,0.011,0.646
286500,0.300,0.017,0.683
287000,0.355,0.002,0.643
287500,0.334,0.001,0.665
288000,0.304,0.000,0.696
288500,0.340,0.013,0.647
289000,0.400,0.001,0.599
289500,0.378,0.008,0.614
290000,0.307,0.006,0.687
290500,0.236,0.015,0.749
291000,0.234,0.026,0.740
291500,0.291,0.016,0.693
292000,0.339,0.010,0.651
292500,0.419,0.000,0.581
293000,0.443,0.003,0.554
293500,0.382,0.006,0.612
294000,0.431,0.003,0.566
294500,0.312,0.012,0.676
295000,0.342,0.010,0.648
295500,0.328,0.003,0.669
296000,0.344,0.008,0.648
296500,0.332,0.007,0.661
297000,0.310,0.012,0.678
297500,0.292,0.016,0.692
298000,0.232,0.036,0.732
298500,0.306,0.014,0.680
299000,0.346,0.010,0.644
299500,0.383,0.000,0.617
300000,0.360,0.004,0.636
300500,0.339,0.003,0.658
301000,0.398,0.000,0.602
301500,0.424,0.000,0.576
302000,0.392,0.011,0.597
302500,0.346,0.003,0.651
303000,0.373,0.004,0.623
303500,0.371,0.001,0.628
304000,0.347,0.000,0.653
304500,0.309,0.006,0.685
305000,0.369,0.004,0.627
305500,0.304,0.004,0.692
306000,0.270,0.015,0.715
306500,0.323,0.004,0.673
307000,0.322,0.001,0.677
307500,0.351,0.010,0.639
308000,0.387,0.000,0.613
308500,0.317,0.015,0.668
309000,0.344,0.008,0.648
309500,0.393,0.001,0.606
310000,0.316,0.002,0.682
310500,0.344,0.006,0.650
311000,0.347,0.000,0.653
311500,0.331,0.005,0.664
312000,0.397,0.000,0.603
312500,0.383,0.000,0.617
313000,0.377,0.002,0.621
313500,0.339,0.013,0.648
314000,0.356,0.001,0.643
314500,0.376,0.000,0.624
315000,0.349,0.011,0.640
315500,0.278,0.019,0.703
316000,0.290,0.017,0.693
316500,0.330,0.016,0.654
317000,0.333,0.012,0.655
317500,0.427,0.008,0.565
318000,0.476,0.000,0.524
318500,0.454,0.000,0.546
319000,0.379,0.007,0.614
319500,0.460,0.002,0.538
320000,0.466,0.001,0.533
320500,0.426,0.001,0.573
321000,0.378,0.000,0.622
321500,0.464,0.006,0.530
322000,0.384,0.001,0.615
322500,0.409,0.000,0.591
323000,0.394,0.008,0.598
323500,0.381,0.000,0.619
324000,0.385,0.008,0.607
324500,0.344,0.000,0.656
325000,0.339,0.006,0.655
325500,0.285,0.004,0.711
326000,0.341,0.009,0.650
326500,0.317,0.007,0.676
327000,0.346,0.009,0.645
327500,0.360,0.009,0.631
328000,0.378,0.007,0.615
328500,0.353,0.008,0.639
329000,0.426,0.002,0.572
329500,0.427,0.000,0.573
330000,0.379,0.004,0.617
330500,0.447,0.000,0.553
331000,0.394,0.000,0.606
331500,0.371,0.008,0.621
332000,0.339,0.003,0.658
332500,0.398,0.000,0.602
333000,0.388,0.007,0.605
333500,0.358,0.007,0.635
334000,0.350,0.006,0.644
334500,0.352,0.003,0.645
335000,0.366,0.000,0.634
335500,0.307,0.002,0.691
336000,0.236,0.028,0.736
336500,0.297,0.013,0.690
337000,0.303,0.014,0.683
337500,0.355,0.010,0.635
338000,0.331,0.016,0.653
338500,0.331,0.012,0.657
339000,0.360,0.000,0.640
339500,0.426,0.007,0.567
340000,0.398,0.001,0.601
340500,0.377,0.011,0.612
341000,0.363,0.003,0.634
341500,0.378,0.000,0.622
342000,0.332,0.009,0.659
342500,0.271,0.011,0.718
343000,0.233,0.009,0.758
343500,0.288,0.021,0.691
344000,0.281,0.021,0.698
344500,0.264,0.011,0.725
345000,0.372,0.014,0.614
345500,0.333,0.013,0.654
346000,0.303,0.012,0.685
346500,0.342,0.007,0.651
347000,0.400,0.009,0.591
347500,0.399,0.000,0.601
348000,0.382,0.000,0.618
348500,0.345,0.008,0.647
349000,0.393,0.009,0.598
349500,0.494,0.002,0.504
350000,0.337,0.000,0.663
350500,0.375,0.010,0.615
351000,0.356,0.011,0.633
351500,0.393,0.020,0.587
352000,0.333,0.003,0.664
352500,0.311,0.004,0.685
353000,0.368,0.008,0.624
353500,0.359,0.000,0.641
354000,0.342,0.000,0.658
354500,0.325,0.011,0.664
355000,0.341,0.003,0.656
355500,0.363,0.004,0.633
356000,0.369,0.000,0.631
356500,0.376,0.002,0.622
357000,0.354,0.001,0.645
357500,0.386,0.000,0.614
358000,0.292,0.013,0.695
358500,0.318,0.010,0.672
359000,0.320,0.003,0.677
359500,0.314,0.009,0.677
360000,0.330,0.016,0.654
360500,0.304,0.012,0.684
361000,0.382,0.008,0.610
361500,0.406,0.000,0.594
362000,0.366,0.000,0.634
362500,0.453,0.001,0.546
363000,0.402,0.003,0.595
363500,0.373,0.001,0.626
364000,0.377,0.007,0.616
364500,0.304,0.009,0.687
365000,0.294,0.005,0.701
365500,0.396,0.001,0.603
366000,0.311,0.004,0.685
366500,0.338,0.004,0.658
367000,0.353,0.000,0.647
367500,0.265,0.009,0.726
368000,0.250,0.009,0.741
368500,0.361,0.008,0.631
369000,0.333,0.019,0.648
369500,0.369,0.008,0.623
370000,0.348,0.004,0.648
370500,0.316,0.011,0.673
371000,0.317,0.010,0.673
371500,0.251,0.018,0.731
372000,0.242,0.027,0.731
372500,0.205,0.048,0.747
373000,0.143,0.087,0.770
373500,0.216,0.040,0.744
374000,0.261,0.023,0.716
374500,0.366,0.014,0.620
375000,0.360,0.002,0.638
375500,0.452,0.000,0.548
376000,0.440,0.006,0.554
376500,0.437,0.004,0.559
377000,0.399,0.002,0.599
377500,0.379,0.003,0.618
378000,0.329,0.012,0.659
378500,0.338,0.002,0.660
379000,0.332,0.000,0.668
379500,0.322,0.020,0.658
380000,0.307,0.017,0.676
380500,0.326,0.027,0.647
381000,0.320,0.021,0.659
381500,0.304,0.021,0.675
382000,0.310,0.016,0.674
382500,0.325,0.005,0.670
383000,0.273,0.016,0.711
383500,0.308,0.011,0.681
384000,0.333,0.017,0.650
384500,0.333,0.017,0.650
385000,0.328,0.013,0.659
385500,0.268,0.019,0.713
386000,0.350,0.005,0.645
386500,0.372,0.004,0.624
387000,0.386,0.000,0.614
387500,0.259,0.019,0.722
388000,0.299,0.013,0.688
388500,0.337,0.005,0.658
389000,0.349,0.004,0.647
389500,0.371,0.007,0.622
390000,0.404,0.000,0.596
390500,0.298,0.013,0.689
391000,0.401,0.001,0.598
391500,0.288,0.018,0.694
392000,0.329,0.004,0.667
392500,0.333,0.001,0.666
393000,0.367,0.015,0.618
393500,0.403,0.002,0.595
394000,0.308,0.000,0.692
394500,0.406,0.000,0.594
395000,0.393,0.002,0.605
395500,0.313,0.002,0.685
396000,0.399,0.000,0.601
396500,0.430,0.000,0.570
397000,0.352,0.000,0.648
397500,0.322,0.015,0.663
398000,0.291,0.012,0.697
398500,0.324,0.010,0.666
399000,0.360,0.009,0.631
399500,0.422,0.000,0.578
400000,0.429,0.003,0.568
400500,0.380,0.001,0.619
401000,0.367,0.000,0.633
401500,0.297,0.010,0.693
402000,0.323,0.017,0.660
402500,0.331,0.002,0.667
403000,0.421,0.002,0.577
403500,0.352,0.002,0.646
404000,0.333,0.000,0.667
404500,0.315,0.001,0.684
405000,0.361,0.002,0.637
405500,0.424,0.002,0.574
406000,0.404,0.006,0.590
406500,0.384,0.009,0.607
407000,0.381,0.006,0.613
407500,0.309,0.014,0.677
408000,0.260,0.016,0.724
408500,0.389,0.004,0.607
409000,0.336,0.014,0.650
409500,0.361,0.017,0.622
410000,0.444,0.003,0.553
410500,0.438,0.001,0.561
411000,0.425,0.004,0.571
411500,0.418,0.002,0.580
412000,0.354,0.009,0.637
412500,0.278,0.013,0.709
413000,0.277,0.015,0.708
413500,0.286,0.000,0.714
414000,0.270,0.006,0.724
414500,0.317,0.014,0.669
415000,0.317,0.009,0.674
415500,0.373,0.001,0.626
416000,0.402,0.013,0.585
416500,0.306,0.012,0.682
417000,0.367,0.002,0.631
417500,0.292,0.014,0.694
418000,0.382,0.003,0.615
418500,0.427,0.000,0.573
419000,0.409,0.000,0.591
419500,0.480,0.001,0.519
420000,0.438,0.000,0.562
420500,0.449,0.000,0.551
421000,0.373,0.000,0.627
421500,0.419,0.003,0.578
422000,0.385,0.000,0.615
422500,0.321,0.001,0.678
423000,0.345,0.003,0.652
423500,0.378,0.007,0.615
424000,0.350,0.000,0.650
424500,0.369,0.007,0.624
425000,0.357,0.001,0.642
425500,0.326,0.000,0.674
426000,0.292,0.017,0.691
426500,0.333,0.000,0.667
427000,0.405,0.013,0.582
427500,0.355,0.009,0.636
428000,0.298,0.014,0.688
428500,0.316,0.007,0.677
429000,0.360,0.005,0.635
429500,0.358,0.020,0.622
430000,0.315,0.007,0.678
430500,0.285,0.027,0.688
431000,0.274,0.018,0.708
431500,0.283,0.019,0.698
432000,0.283,0.012,0.705
432500,0.309,0.019,0.672
433000,0.271,0.015,0.714
433500,0.242,0.026,0.732
434000,0.280,0.017,0.703
434500,0.349,0.001,0.650
435000,0.337,0.001,0.662
435500,0.343,0.015,0.642
436000,0.284,0.015,0.701
436500,0.290,0.023,0.687
437000,0.242,0.021,0.737
437500,0.304,0.024,0.672
438000,0.379,0.019,0.602
438500,0.274,0.024,0.702
439000,0.294,0.038,0.668
439500,0.287,0.023,0.690
440000,0.372,0.011,0.617
440500,0.394,0.009,0.597
441000,0.386,0.002,0.612
441500,0.469,0.000,0.531
442000,0.423,0.000,0.577
442500,0.345,0.001,0.654
443000,0.379,0.000,0.621
443500,0.384,0.000,0.616
444000,0.418,0.004,0.578
444500,0.363,0.000,0.637
445000,0.383,0.002,0.615
445500,0.422,0.000,0.578
446000,0.361,0.000,0.639
446500,0.387,0.002,0.611
447000,0.401,0.008,0.591
447500,0.365,0.000,0.635
448000,0.366,0.005,0.629
448500,0.318,0.003,0.679
449000,0.407,0.003,0.590
449500,0.397,0.002,0.601
450000,0.335,0.027,0.638
450500,0.266,0.037,0.697
451000,0.304,0.018,0.678
451500,0.313,0.005,0.682
452000,0.299,0.013,0.688
452500,0.332,0.010,0.658
453000,0.324,0.011,0.665
453500,0.401,0.011,0.588
454000,0.441,0.004,0.555
454500,0.392,0.011,0.597
455000,0.386,0.001,0.613
455500,0.445,0.002,0.553
456000,0.426,0.000,0.574
456500,0.420,0.001,0.579
457000,0.473,0.000,0.527
457500,0.371,0.008,0.621
458000,0.418,0.003,0.579
458500,0.366,0.000,0.634
459000,0.343,0.002,0.655
459500,0.409,0.002,0.589
460000,0.361,0.002,0.637
460500,0.359,0.003,0.638
461000,0.423,0.001,0.576
461500,0.321,0.016,0.663
462000,0.380,0.008,0.612
462500,0.353,0.011,0.636
463000,0.342,0.000,0.658
463500,0.294,0.024,0.682
464000,0.323,0.012,0.665
464500,0.314,0.019,0.667
465000,0.365,0.010,0.625
465500,0.396,0.003,0.601
466000,0.409,0.001,0.590
466500,0.384,0.000,0.616
467000,0.341,0.006,0.653
467500,0.337,0.010,0.653
468000,0.262,0.021,0.717
468500,0.292,0.015,0.693
469000,0.320,0.012,0.668
469500,0.367,0.001,0.632
470000,0.320,0.002,0.678
470500,0.343,0.008,0.649
471000,0.389,0.009,0.602
471500,0.517,0.003,0.480
472000,0.448,0.001,0.551
472500,0.382,0.002,0.616
473000,0.413,0.000,0.587
473500,0.382,0.001,0.617
474000,0.356,0.000,0.644
474500,0.369,0.008,0.623
475000,0.362,0.006,0.632
475500,0.343,0.010,0.647
476000,0.423,0.001,0.576
476500,0.438,0.000,0.562
477000,0.446,0.000,0.554
477500,0.410,0.000,0.590
478000,0.459,0.000,0.541
478500,0.408,0.000,0.592
479000,0.382,0.007,0.611
479500,0.404,0.001,0.595
480000,0.381,0.000,0.619
480500,0.333,0.005,0.662
481000,0.283,0.018,0.699
481500,0.324,0.015,0.661
482000,0.325,0.004,0.671
482500,0.277,0.004,0.719
483000,0.396,0.001,0.603
483500,0.457,0.004,0.539
484000,0.389,0.000,0.611
484500,0.412,0.000,0.588
485000,0.379,0.003,0.618
485500,0.328,0.005,0.667
486000,0.326,0.000,0.674
486500,0.371,0.002,0.627
487000,0.451,0.001,0.548
487500,0.373,0.006,0.621
488000,0.408,0.002,0.590
488500,0.411,0.004,0.585
489000,0.391,0.000,0.609
489500,0.398,0.000,0.602
490000,0.440,0.006,0.554
490500,0.380,0.007,0.613
491000,0.440,0.002,0.558
491500,0.355,0.004,0.641
492000,0.368,0.001,0.631
492500,0.395,0.006,0.599
493000,0.437,0.001,0.562
493500,0.428,0.000,0.572
494000,0.451,0.000,0.549
494500,0.363,0.005,0.632
495000,0.290,0.015,0.695
495500,0.293,0.011,0.696
496000,0.365,0.006,0.629
496500,0.308,0.008,0.684
497000,0.362,0.023,0.615
497500,0.368,0.000,0.632
498000,0.383,0.006,0.611
498500,0.345,0.013,0.642
499000,0.332,0.018,0.650
499500,0.350,0.001,0.649
500000,0.388,0.005,0.607
500500,0.272,0.022,0.706
501000,0.267,0.018,0.715
501500,0.264,0.020,0.716
502000,0.271,0.031,0.698
502500,0.298,0.013,0.689
503000,0.364,0.010,0.626
503500,0.342,0.010,0.648
504000,0.328,0.007,0.665
504500,0.368,0.001,0.631
505000,0.403,0.006,0.591
505500,0.373,0.003,0.624
506000,0.380,0.002,0.618
506500,0.373,0.004,0.623
507000,0.418,0.000,0.582
507500,0.411,0.001,0.588
508000,0.378,0.000,0.622
508500,0.343,0.001,0.656
509000,0.352,0.004,0.644
509500,0.329,0.010,0.661
510000,0.354,0.006,0.640
510500,0.290,0.013,0.697
511000,0.299,0.017,0.684
511500,0.284,0.022,0.694
512000,0.283,0.012,0.705
512500,0.334,0.003,0.663
513000,0.343,0.004,0.653
513500,0.343,0.005,0.652
514000,0.399,0.006,0.595
514500,0.401,0.000,0.599
515000,0.430,0.000,0.570
515500,0.445,0.001,0.554
516000,0.410,0.000,0.590
516500,0.327,0.025,0.648
517000,0.366,0.006,0.628
517500,0.411,0.007,0.582
518000,0.432,0.000,0.568
518500,0.460,0.000,0.540
519000,0.484,0.001,0.515
519500,0.399,0.007,0.594
520000,0.450,0.002,0.548
520500,0.449,0.008,0.543
521000,0.398,0.001,0.601
521500,0.447,0.007,0.546
522000,0.378,0.000,0.622
522500,0.360,0.006,0.634
523000,0.395,0.003,0.602
523500,0.353,0.007,0.640
524000,0.354,0.006,0.640
524500,0.382,0.010,0.608
525000,0.368,0.001,0.631
525500,0.446,0.000,0.554
526000,0.366,0.007,0.627
526500,0.356,0.004,0.640
527000,0.338,0.001,0.661
527500,0.342,0.002,0.656
528000,0.391,0.008,0.601
528500,0.392,0.003,0.605
529000,0.357,0.001,0.642
529500,0.368,0.001,0.631
530000,0.369,0.000,0.631
530500,0.445,0.000,0.555
531000,0.434,0.000,0.566
531500,0.370,0.012,0.618
532000,0.370,0.011,0.619
532500,0.387,0.010,0.603
533000,0.381,0.002,0.617
533500,0.352,0.000,0.648
534000,0.308,0.018,0.674
534500,0.302,0.002,0.696
535000,0.360,0.000,0.640
535500,0.338,0.009,0.653
536000,0.369,0.004,0.627
536500,0.349,0.004,0.647
537000,0.344,0.010,0.646
537500,0.416,0.000,0.584
538000,0.365,0.005,0.630
538500,0.319,0.028,0.653
539000,0.213,0.026,0.761
539500,0.236,0.025,0.739
540000,0.367,0.021,0.612
540500,0.308,0.012,0.680
541000,0.285,0.015,0.700
541500,0.245,0.039,0.716
542000,0.215,0.030,0.755
542500,0.320,0.013,0.667
543000,0.348,0.006,0.646
543500,0.307,0.005,0.688
544000,0.379,0.000,0.621
544500,0.399,0.007,0.594
545000,0.333,0.006,0.661
545500,0.282,0.014,0.704
546000,0.286,0.019,0.695
546500,0.351,0.007,0.642
547000,0.374,0.000,0.626
547500,0.327,0.000,0.673
548000,0.343,0.006,0.651
548500,0.327,0.001,0.672
549000,0.378,0.000,0.622
549500,0.345,0.014,0.641
550000,0.302,0.015,0.683
550500,0.339,0.002,0.659
551000,0.298,0.014,0.688
551500,0.236,0.010,0.754
552000,0.243,0.010,0.747
552500,0.319,0.015,0.666
553000,0.363,0.016,0.621
553500,0.314,0.010,0.676
554000,0.342,0.000,0.658
554500,0.354,0.000,0.646
555000,0.362,0.007,0.631
555500,0.373,0.000,0.627
556000,0.398,0.000,0.602
556500,0.397,0.000,0.603
557000,0.340,0.000,0.660
557500,0.384,0.008,0.608
558000,0.358,0.006,0.636
558500,0.374,0.005,0.621
559000,0.323,0.002,0.675
559500,0.426,0.000,0.574
560000,0.400,0.002,0.598
560500,0.360,0.009,0.631
561000,0.352,0.009,0.639
561500,0.330,0.007,0.663
562000,0.301,0.006,0.693
562500,0.298,0.026,0.676
563000,0.388,0.015,0.597
563500,0.396,0.007,0.597
564000,0.389,0.005,0.606
564500,0.404,0.002,0.594
565000,0.438,0.000,0.562
565500,0.380,0.008,0.612
566000,0.360,0.012,0.628
566500,0.317,0.001,0.682
567000,0.354,0.000,0.646
567500,0.368,0.000,0.632
568000,0.392,0.000,0.608
568500,0.324,0.000,0.676
569000,0.386,0.014,0.600
569500,0.356,0.005,0.639
570000,0.363,0.000,0.637
570500,0.403,0.002,0.595
571000,0.380,0.000,0.620
571500,0.324,0.018,0.658
572000,0.395,0.008,0.597
572500,0.312,0.014,0.674
573000,0.323,0.022,0.655
573500,0.377,0.009,0.614
574000,0.404,0.009,0.587
574500,0.375,0.001,0.624
575000,0.306,0.000,0.694
575500,0.341,0.017,0.642
576000,0.423,0.001,0.576
576500,0.401,0.002,0.597
577000,0.426,0.000,0.574
577500,0.363,0.005,0.632
578000,0.358,0.000,0.642
578500,0.278,0.014,0.708
579000,0.296,0.012,0.692
579500,0.327,0.010,0.663
580000,0.281,0.014,0.705
580500,0.293,0.018,0.689
581000,0.321,0.002,0.677
581500,0.376,0.000,0.624
582000,0.407,0.000,0.593
582500,0.371,0.001,0.628
583000,0.389,0.010,0.601
583500,0.416,0.003,0.581
584000,0.364,0.003,0.633
584500,0.376,0.000,0.624
585000,0.364,0.000,0.636
585500,0.450,0.000,0.550
586000,0.402,0.007,0.591
586500,0.354,0.007,0.639
587000,0.405,0.002,0.593
587500,0.380,0.000,0.620
588000,0.281,0.002,0.717
588500,0.248,0.019,0.733
589000,0.348,0.007,0.645
589500,0.367,0.000,0.633
590000,0.303,0.017,0.680
590500,0.347,0.012,0.641
591000,0.285,0.009,0.706
591500,0.300,0.019,0.681
592000,0.245,0.027,0.728
592500,0.320,0.012,0.668
593000,0.324,0.006,0.670
593500,0.296,0.030,0.674
594000,0.262,0.014,0.724
594500,0.336,0.003,0.661
595000,0.379,0.007,0.614
595500,0.394,0.003,0.603
596000,0.416,0.002,0.582
596500,0.419,0.004,0.577
597000,0.312,0.007,0.681
597500,0.292,0.016,0.692
598000,0.295,0.012,0.693
598500,0.348,0.009,0.643
599000,0.460,0.006,0.534
599500,0.371,0.001,0.628
600000,0.435,0.002,0.563
600500,0.473,0.000,0.527
601000,0.383,0.000,0.617
601500,0.375,0.008,0.617
602000,0.346,0.002,0.652
602500,0.287,0.002,0.711
603000,0.339,0.010,0.651
603500,0.343,0.014,0.643
604000,0.353,0.010,0.637
604500,0.383,0.000,0.617
605000,0.325,0.002,0.673
605500,0.315,0.011,0.674
606000,0.385,0.004,0.611
606500,0.383,0.001,0.616
607000,0.395,0.000,0.605
607500,0.383,0.000,0.617
608000,0.298,0.004,0.698
608500,0.402,0.003,0.595
609000,0.352,0.003,0.645
609500,0.339,0.012,0.649
610000,0.340,0.007,0.653
610500,0.365,0.015,0.620
611000,0.398,0.004,0.598
611500,0.405,0.000,0.595
612000,0.325,0.010,0.665
612500,0.308,0.005,0.687
613000,0.247,0.022,0.731
613500,0.265,0.035,0.700
614000,0.288,0.011,0.701
614500,0.297,0.016,0.687
615000,0.396,0.010,0.594
615500,0.409,0.005,0.586
616000,0.423,0.000,0.577
616500,0.384,0.002,0.614
617000,0.335,0.002,0.663
617500,0.465,0.000,0.535
618000,0.395,0.000,0.605
618500,0.362,0.000,0.638
619000,0.418,0.000,0.582
619500,0.315,0.004,0.681
620000,0.309,0.000,0.691
620500,0.285,0.006,0.709
621000,0.310,0.007,0.683
621500,0.377,0.001,0.622
622000,0.395,0.000,0.605
622500,0.408,0.000,0.592
623000,0.344,0.012,0.644
623500,0.331,0.001,0.668
624000,0.358,0.002,0.640
624500,0.333,0.015,0.652
625000,0.314,0.021,0.665
625500,0.329,0.009,0.662
626000,0.347,0.000,0.653
626500,0.362,0.002,0.636
627000,0.430,0.014,0.556
627500,0.305,0.008,0.687
628000,0.312,0.005,0.683
628500,0.285,0.001,0.714
629000,0.355,0.013,0.632
629500,0.376,0.010,0.614
630000,0.339,0.006,0.655
630500,0.342,0.010,0.648
631000,0.375,0.001,0.624
631500,0.339,0.006,0.655
632000,0.283,0.031,0.686
632500,0.331,0.003,0.666
633000,0.294,0.003,0.703
633500,0.338,0.000,0.662
634000,0.293,0.009,0.698
634500,0.331,0.002,0.667
635000,0.345,0.008,0.647
635500,0.371,0.009,0.620
636000,0.348,0.015,0.637
636500,0.313,0.008,0.679
637000,0.309,0.010,0.681
637500,0.383,0.001,0.616
638000,0.378,0.000,0.622
638500,0.429,0.000,0.571
639000,0.441,0.000,0.559
639500,0.423,0.000,0.577
640000,0.372,0.000,0.628
640500,0.403,0.004,0.593
641000,0.425,0.003,0.572
641500,0.408,0.000,0.592
642000,0.435,0.000,0.565
642500,0.386,0.000,0.614
643000,0.364,0.015,0.621
643500,0.381,0.013,0.606
644000,0.336,0.004,0.660
644500,0.283,0.035,0.682
645000,0.226,0.023,0.751
645500,0.293,0.014,0.693
646000,0.374,0.008,0.618
646500,0.333,0.015,0.652
647000,0.272,0.014,0.714
647500,0.265,0.023,0.712
648000,0.249,0.040,0.711
648500,0.251,0.017,0.732
649000,0.210,0.029,0.761
649500,0.310,0.019,0.671
650000,0.392,0.005,0.603
650500,0.322,0.008,0.670
651000,0.347,0.009,0.644
651500,0.375,0.000,0.625
652000,0.411,0.000,0.589
652500,0.418,0.007,0.575
653000,0.451,0.009,0.540
653500,0.507,0.000,0.493
654000,0.445,0.009,0.546
654500,0.346,0.007,0.647
655000,0.352,0.005,0.643
655500,0.352,0.012,0.636
656000,0.378,0.013,0.609
656500,0.336,0.002,0.662
657000,0.392,0.006,0.602
657500,0.370,0.001,0.629
658000,0.377,0.000,0.623
658500,0.343,0.000,0.657
659000,0.396,0.000,0.604
659500,0.363,0.008,0.629
660000,0.394,0.000,0.606
660500,0.334,0.000,0.666
661000,0.299,0.025,0.676
661500,0.272,0.019,0.709
662000,0.307,0.018,0.675
662500,0.346,0.009,0.645
663000,0.350,0.006,0.644
663500,0.371,0.017,0.612
664000,0.316,0.003,0.681
664500,0.347,0.017,0.636
665000,0.368,0.006,0.626
665500,0.331,0.011,0.658
666000,0.358,0.024,0.618
666500,0.412,0.002,0.586
667000,0.433,0.007,0.560
667500,0.440,0.008,0.552
668000,0.395,0.001,0.604
668500,0.399,0.000,0.601
669000,0.336,0.000,0.664
669500,0.424,0.006,0.570
670000,0.374,0.000,0.626
670500,0.329,0.007,0.664
671000,0.358,0.007,0.635
671500,0.418,0.000,0.582
672000,0.390,0.005,0.605
672500,0.355,0.009,0.636
673000,0.367,0.001,0.632
673500,0.336,0.013,0.651
674000,0.353,0.004,0.643
674500,0.375,0.006,0.619
675000,0.421,0.006,0.573
675500,0.361,0.001,0.638
676000,0.285,0.000,0.715
676500,0.391,0.000,0.609
677000,0.401,0.000,0.599
677500,0.350,0.015,0.635
678000,0.292,0.026,0.682
678500,0.378,0.001,0.621
679000,0.402,0.000,0.598
679500,0.374,0.005,0.621
680000,0.389,0.004,0.607
680500,0.389,0.001,0.610
681000,0.361,0.008,0.631
681500,0.325,0.005,0.670
682000,0.363,0.003,0.634
682500,0.262,0.008,0.730
683000,0.304,0.012,0.684
683500,0.296,0.009,0.695
684000,0.349,0.003,0.648
684500,0.334,0.006,0.660
685000,0.364,0.009,0.627
685500,0.421,0.006,0.573
686000,0.400,0.011,0.589
686500,0.314,0.005,0.681
687000,0.376,0.012,0.612
687500,0.301,0.007,0.692
688000,0.343,0.001,0.656
688500,0.365,0.001,0.634
689000,0.389,0.000,0.611
689500,0.294,0.000,0.706
690000,0.305,0.010,0.685
690500,0.369,0.019,0.612
691000,0.408,0.005,0.587
691500,0.426,0.000,0.574
692000,0.331,0.000,0.669
692500,0.342,0.017,0.641
693000,0.351,0.022,0.627
693500,0.343,0.003,0.654
694000,0.266,0.033,0.701
694500,0.247,0.018,0.735
695000,0.292,0.013,0.695
695500,0.446,0.016,0.538
696000,0.451,0.003,0.546
696500,0.450,0.000,0.550
697000,0.414,0.004,0.582
697500,0.410,0.000,0.590
698000,0.439,0.001,0.560
698500,0.363,0.001,0.636
699000,0.400,0.005,0.595
699500,0.423,0.009,0.568
700000,0.411,0.004,0.585
700500,0.352,0.002,0.646
701000,0.371,0.012,0.617
701500,0.348,0.006,0.646
702000,0.292,0.010,0.698
702500,0.348,0.017,0.635
703000,0.360,0.006,0.634
703500,0.411,0.000,0.589
704000,0.410,0.000,0.590
704500,0.360,0.008,0.632
705000,0.369,0.016,0.615
705500,0.290,0.016,0.694
706000,0.280,0.024,0.696
706500,0.209,0.036,0.755
707000,0.300,0.021,0.679
707500,0.350,0.001,0.649
708000,0.406,0.002,0.592
708500,0.380,0.006,0.614
709000,0.388,0.002,0.610
709500,0.358,0.003,0.639
710000,0.321,0.000,0.679
710500,0.341,0.015,0.644
711000,0.276,0.015,0.709
711500,0.311,0.007,0.682
712000,0.331,0.001,0.668
712500,0.340,0.004,0.656
713000,0.362,0.007,0.631
713500,0.323,0.002,0.675
714000,0.317,0.009,0.674
714500,0.389,0.000,0.611
715000,0.348,0.010,0.642
715500,0.292,0.001,0.707
716000,0.354,0.005,0.641
716500,0.424,0.000,0.576
717000,0.421,0.000,0.579
717500,0.374,0.005,0.621
718000,0.408,0.003,0.589
718500,0.331,0.005,0.664
719000,0.398,0.008,0.594
719500,0.455,0.001,0.544
720000,0.310,0.005,0.685
720500,0.332,0.008,0.660
721000,0.367,0.005,0.628
721500,0.299,0.000,0.701
722000,0.336,0.000,0.664
722500,0.373,0.004,0.623
723000,0.346,0.004,0.650
723500,0.381,0.011,0.608
724000,0.456,0.007,0.537
724500,0.415,0.001,0.584
725000,0.340,0.004,0.656
725500,0.324,0.002,0.674
726000,0.324,0.000,0.676
726500,0.334,0.008,0.658
727000,0.371,0.003,0.626
727500,0.374,0.000,0.626
728000,0.378,0.003,0.619
728500,0.495,0.000,0.505
729000,0.429,0.003,0.568
729500,0.458,0.000,0.542
730000,0.446,0.000,0.554
730500,0.334,0.000,0.666
731000,0.320,0.008,0.672
731500,0.399,0.005,0.596
732000,0.430,0.001,0.569
732500,0.378,0.001,0.621
733000,0.372,0.000,0.628
733500,0.307,0.006,0.687
734000,0.302,0.012,0.686
734500,0.212,0.043,0.745
735000,0.166,0.077,0.757
735500,0.169,0.067,0.764
736000,0.172,0.066,0.762
736500,0.143,0.076,0.781
737000,0.134,0.108,0.758
737500,0.119,0.091,0.790
738000,0.133,0.082,0.785
738500,0.117,0.082,0.801
739000,0.197,0.069,0.734
739500,0.240,0.027,0.733
740000,0.308,0.007,0.685
740500,0.311,0.018,0.671
741000,0.324,0.006,0.670
741500,0.365,0.013,0.622
742000,0.352,0.006,0.642
742500,0.367,0.006,0.627
743000,0.316,0.004,0.680
743500,0.339,0.014,0.647
744000,0.326,0.006,0.668
744500,0.291,0.006,0.703
745000,0.296,0.021,0.683
745500,0.247,0.028,0.725
746000,0.295,0.012,0.693
746500,0.381,0.003,0.616
747000,0.362,0.000,0.638
747500,0.405,0.003,0.592
748000,0.400,0.005,0.595
748500,0.393,0.009,0.598
749000,0.335,0.016,0.649
749500,0.286,0.014,0.700
750000,0.350,0.002,0.648
750500,0.346,0.000,0.654
751000,0.399,0.000,0.601
751500,0.413,0.000,0.587
752000,0.390,0.000,0.610
752500,0.395,0.007,0.598
753000,0.392,0.000,0.608
753500,0.400,0.002,0.598
754000,0.373,0.000,0.627
754500,0.338,0.003,0.659
755000,0.329,0.015,0.656
755500,0.351,0.006,0.643
756000,0.365,0.006,0.629
756500,0.376,0.002,0.622
757000,0.429,0.000,0.571
757500,0.333,0.008,0.659
758000,0.334,0.007,0.659
758500,0.300,0.000,0.700
759000,0.257,0.025,0.718
759500,0.342,0.012,0.646
760000,0.374,0.002,0.624
760500,0.366,0.000,0.634
761000,0.344,0.000,0.656
761500,0.306,0.000,0.694
762000,0.363,0.013,0.624
762500,0.355,0.005,0.640
763000,0.386,0.001,0.613
763500,0.329,0.005,0.666
764000,0.426,0.001,0.573
764500,0.406,0.002,0.592
765000,0.514,0.003,0.483
765500,0.421,0.001,0.578
766000,0.286,0.005,0.709
766500,0.321,0.009,0.670
767000,0.319,0.007,0.674
767500,0.325,0.023,0.652
768000,0.377,0.004,0.619
768500,0.351,0.008,0.641
769000,0.280,0.027,0.693
769500,0.305,0.018,0.677
770000,0.272,0.011,0.717
770500,0.303,0.007,0.690
771000,0.360,0.011,0.629
771500,0.372,0.001,0.627
772000,0.376,0.007,0.617
772500,0.451,0.000,0.549
773000,0.410,0.000,0.590
773500,0.391,0.006,0.603
774000,0.458,0.001,0.541
774500,0.396,0.000,0.604
775000,0.408,0.000,0.592
775500,0.429,0.000,0.571
776000,0.442,0.000,0.558
776500,0.422,0.004,0.574
777000,0.421,0.000,0.579
777500,0.409,0.000,0.591
778000,0.402,0.000,0.598
778500,0.361,0.000,0.639
779000,0.358,0.008,0.634
779500,0.353,0.006,0.641
780000,0.350,0.007,0.643
780500,0.427,0.007,0.566
781000,0.413,0.000,0.587
781500,0.422,0.003,0.575
782000,0.458,0.003,0.539
782500,0.428,0.002,0.570
783000,0.441,0.000,0.559
783500,0.450,0.000,0.550
784000,0.390,0.000,0.610
784500,0.268,0.010,0.722
785000,0.295,0.006,0.699
785500,0.278,0.008,0.714
786000,0.373,0.005,0.622
786500,0.388,0.006,0.606
787000,0.418,0.000,0.582
787500,0.321,0.000,0.679
788000,0.368,0.002,0.630
788500,0.404,0.003,0.593
789000,0.397,0.007,0.596
789500,0.400,0.008,0.592
790000,0.425,0.001,0.574
790500,0.378,0.006,0.616
791000,0.325,0.000,0.675
791500,0.332,0.000,0.668
792000,0.328,0.022,0.650
792500,0.333,0.014,0.653
793000,0.371,0.008,0.621
793500,0.339,0.001,0.660
794000,0.281,0.006,0.713
794500,0.344,0.009,0.647
795000,0.363,0.001,0.636
795500,0.329,0.006,0.665
796000,0.340,0.013,0.647
796500,0.333,0.013,0.654
797000,0.328,0.001,0.671
797500,0.346,0.010,0.644
798000,0.409,0.010,0.581
798500,0.441,0.001,0.558
799000,0.409,0.000,0.591
799500,0.335,0.014,0.651
800000,0.389,0.000,0.611
800500,0.422,0.002,0.576
801000,0.418,0.001,0.581
801500,0.339,0.000,0.661
802000,0.315,0.010,0.675
802500,0.349,0.008,0.643
803000,0.406,0.012,0.582
803500,0.375,0.002,0.623
