time,n_A+p,n_B,n_AB
500,0.080,0.787,0.133
1000,0.080,0.669,0.251
1500,0.080,0.519,0.401
2000,0.083,0.387,0.530
2500,0.087,0.269,0.644
3000,0.099,0.215,0.686
3500,0.107,0.185,0.708
4000,0.122,0.159,0.718
4500,0.167,0.129,0.704
5000,0.170,0.106,0.725
5500,0.196,0.072,0.732
6000,0.218,0.065,0.716
6500,0.230,0.058,0.713
7000,0.240,0.053,0.707
7500,0.258,0.040,0.702
8000,0.265,0.047,0.689
8500,0.268,0.050,0.682
9000,0.288,0.045,0.666
9500,0.272,0.039,0.689
10000,0.281,0.037,0.682
10500,0.299,0.030,0.670
11000,0.317,0.025,0.659
11500,0.300,0.035,0.665
12000,0.318,0.024,0.658
12500,0.322,0.025,0.653
13000,0.337,0.026,0.637
13500,0.331,0.022,0.647
14000,0.342,0.025,0.633
14500,0.327,0.019,0.654
15000,0.342,0.018,0.640
15500,0.339,0.018,0.643
16000,0.345,0.020,0.635
16500,0.366,0.023,0.611
17000,0.384,0.018,0.598
17500,0.374,0.013,0.612
18000,0.382,0.011,0.607
18500,0.397,0.009,0.594
19000,0.423,0.010,0.567
19500,0.407,0.006,0.587
20000,0.378,0.004,0.619
20500,0.422,0.004,0.574
21000,0.427,0.009,0.564
21500,0.415,0.006,0.579
22000,0.410,0.004,0.586
22500,0.405,0.007,0.588
23000,0.411,0.008,0.581
23500,0.420,0.012,0.568
24000,0.427,0.009,0.564
24500,0.426,0.004,0.570
25000,0.394,0.004,0.602
25500,0.374,0.005,0.621
26000,0.401,0.006,0.593
26500,0.390,0.008,0.603
27000,0.430,0.003,0.567
27500,0.439,0.001,0.560
28000,0.420,0.009,0.571
28500,0.407,0.011,0.583
29000,0.425,0.005,0.570
29500,0.412,0.005,0.583
30000,0.390,0.003,0.608
30500,0.382,0.006,0.612
31000,0.392,0.009,0.600
31500,0.365,0.010,0.625
32000,0.396,0.011,0.594
32500,0.370,0.012,0.617
33000,0.379,0.005,0.616
33500,0.412,0.006,0.582
34000,0.400,0.011,0.590
34500,0.352,0.016,0.631
35000,0.375,0.015,0.610
35500,0.371,0.010,0.619
36000,0.383,0.004,0.613
36500,0.382,0.006,0.613
37000,0.388,0.005,0.607
37500,0.368,0.014,0.617
38000,0.332,0.018,0.649
38500,0.311,0.025,0.664
39000,0.307,0.022,0.670
39500,0.311,0.018,0.670
40000,0.339,0.025,0.637
40500,0.367,0.020,0.613
41000,0.330,0.025,0.646
41500,0.323,0.017,0.661
42000,0.333,0.022,0.645
42500,0.312,0.017,0.671
43000,0.319,0.026,0.655
43500,0.318,0.017,0.665
44000,0.359,0.012,0.629
44500,0.380,0.013,0.608
45000,0.342,0.011,0.648
45500,0.314,0.013,0.673
46000,0.333,0.018,0.649
46500,0.349,0.016,0.635
47000,0.376,0.015,0.610
47500,0.356,0.013,0.630
48000,0.360,0.011,0.629
48500,0.383,0.011,0.606
49000,0.398,0.004,0.599
49500,0.374,0.008,0.617
50000,0.345,0.013,0.642
50500,0.353,0.004,0.643
51000,0.343,0.021,0.637
51500,0.337,0.017,0.647
52000,0.336,0.025,0.639
52500,0.358,0.024,0.618
53000,0.355,0.017,0.628
53500,0.351,0.020,0.629
54000,0.387,0.009,0.605
54500,0.356,0.010,0.633
55000,0.357,0.015,0.629
55500,0.365,0.015,0.620
56000,0.364,0.011,0.624
56500,0.351,0.018,0.630
57000,0.341,0.021,0.639
57500,0.342,0.017,0.641
58000,0.327,0.017,0.657
58500,0.330,0.019,0.651
59000,0.320,0.018,0.663
59500,0.349,0.021,0.630
60000,0.335,0.023,0.642
60500,0.325,0.008,0.667
61000,0.334,0.011,0.655
61500,0.330,0.018,0.653
62000,0.305,0.015,0.679
62500,0.332,0.019,0.649
63000,0.340,0.021,0.639
63500,0.322,0.011,0.668
64000,0.313,0.013,0.675
64500,0.334,0.009,0.658
65000,0.362,0.014,0.624
65500,0.403,0.005,0.592
66000,0.404,0.007,0.589
66500,0.401,0.003,0.596
67000,0.405,0.001,0.595
67500,0.428,0.000,0.572
68000,0.390,0.008,0.602
68500,0.391,0.011,0.598
69000,0.376,0.013,0.612
69500,0.388,0.011,0.602
70000,0.367,0.011,0.622
70500,0.363,0.011,0.626
71000,0.343,0.024,0.633
71500,0.384,0.013,0.603
72000,0.376,0.011,0.613
72500,0.411,0.011,0.578
73000,0.387,0.015,0.599
73500,0.391,0.011,0.599
74000,0.376,0.010,0.614
74500,0.391,0.010,0.599
75000,0.367,0.012,0.621
75500,0.360,0.017,0.622
76000,0.340,0.014,0.646
76500,0.373,0.009,0.618
77000,0.354,0.015,0.632
77500,0.327,0.014,0.659
78000,0.329,0.017,0.655
78500,0.328,0.028,0.645
79000,0.314,0.029,0.657
79500,0.358,0.018,0.623
80000,0.367,0.009,0.624
80500,0.367,0.011,0.622
81000,0.370,0.007,0.623
81500,0.375,0.009,0.617
82000,0.371,0.009,0.620
82500,0.393,0.007,0.600
83000,0.387,0.007,0.606
83500,0.367,0.006,0.627
84000,0.379,0.013,0.609
84500,0.360,0.017,0.624
85000,0.364,0.011,0.625
85500,0.377,0.018,0.606
86000,0.370,0.011,0.618
86500,0.369,0.019,0.612
87000,0.363,0.014,0.623
87500,0.362,0.009,0.628
88000,0.360,0.015,0.625
88500,0.389,0.013,0.598
89000,0.358,0.011,0.631
89500,0.370,0.009,0.622
90000,0.380,0.007,0.613
90500,0.389,0.011,0.601
91000,0.356,0.011,0.633
91500,0.330,0.010,0.660
92000,0.339,0.017,0.645
92500,0.370,0.014,0.616
93000,0.352,0.017,0.631
93500,0.358,0.016,0.625
94000,0.352,0.022,0.625
94500,0.356,0.012,0.632
95000,0.356,0.016,0.627
95500,0.356,0.012,0.631
96000,0.394,0.006,0.600
96500,0.380,0.017,0.604
97000,0.366,0.012,0.622
97500,0.357,0.013,0.630
98000,0.349,0.011,0.641
98500,0.352,0.013,0.635
99000,0.360,0.016,0.624
99500,0.350,0.014,0.635
100000,0.356,0.017,0.628
100500,0.360,0.015,0.625
101000,0.361,0.013,0.627
101500,0.349,0.015,0.636
102000,0.379,0.015,0.606
102500,0.374,0.015,0.612
103000,0.369,0.017,0.614
103500,0.385,0.018,0.598
104000,0.399,0.017,0.585
104500,0.386,0.016,0.598
105000,0.351,0.011,0.639
105500,0.366,0.011,0.623
106000,0.346,0.010,0.643
106500,0.349,0.013,0.639
107000,0.342,0.011,0.647
107500,0.350,0.009,0.641
108000,0.350,0.010,0.639
108500,0.358,0.015,0.628
109000,0.378,0.014,0.609
109500,0.370,0.014,0.616
110000,0.382,0.011,0.607
110500,0.400,0.009,0.591
111000,0.414,0.004,0.582
111500,0.395,0.005,0.600
112000,0.364,0.013,0.623
112500,0.370,0.012,0.617
113000,0.390,0.009,0.601
113500,0.370,0.007,0.622
114000,0.364,0.018,0.618
114500,0.355,0.013,0.631
115000,0.344,0.011,0.645
115500,0.330,0.015,0.655
116000,0.367,0.009,0.624
116500,0.368,0.007,0.625
117000,0.370,0.013,0.617
117500,0.368,0.010,0.621
118000,0.379,0.008,0.613
118500,0.377,0.005,0.618
119000,0.391,0.015,0.594
119500,0.384,0.013,0.603
120000,0.382,0.009,0.610
120500,0.410,0.007,0.582
121000,0.434,0.009,0.557
121500,0.423,0.004,0.572
122000,0.408,0.009,0.584
122500,0.391,0.003,0.606
123000,0.377,0.002,0.621
123500,0.369,0.006,0.624
124000,0.402,0.009,0.589
124500,0.423,0.006,0.571
125000,0.413,0.008,0.579
125500,0.420,0.009,0.571
126000,0.415,0.004,0.581
126500,0.422,0.008,0.570
127000,0.462,0.007,0.531
127500,0.432,0.006,0.561
128000,0.419,0.011,0.570
128500,0.416,0.011,0.572
129000,0.409,0.022,0.569
129500,0.394,0.010,0.596
130000,0.398,0.007,0.595
130500,0.393,0.009,0.598
131000,0.416,0.007,0.577
131500,0.427,0.013,0.560
132000,0.402,0.009,0.589
132500,0.403,0.004,0.594
133000,0.414,0.005,0.581
133500,0.427,0.002,0.571
134000,0.433,0.003,0.564
134500,0.413,0.001,0.587
135000,0.390,0.009,0.601
135500,0.399,0.010,0.591
136000,0.367,0.017,0.616
136500,0.372,0.013,0.615
137000,0.349,0.017,0.634
137500,0.361,0.010,0.629
138000,0.348,0.022,0.629
138500,0.358,0.018,0.624
139000,0.350,0.015,0.634
139500,0.357,0.015,0.628
140000,0.364,0.011,0.624
140500,0.348,0.006,0.645
141000,0.368,0.009,0.622
141500,0.352,0.013,0.635
142000,0.368,0.014,0.618
142500,0.357,0.012,0.631
143000,0.369,0.011,0.620
143500,0.344,0.014,0.641
144000,0.329,0.019,0.652
144500,0.334,0.014,0.652
145000,0.328,0.019,0.652
145500,0.335,0.025,0.640
146000,0.329,0.013,0.658
146500,0.344,0.011,0.644
147000,0.330,0.015,0.655
147500,0.322,0.020,0.658
148000,0.323,0.024,0.654
148500,0.358,0.018,0.624
149000,0.383,0.009,0.608
149500,0.379,0.016,0.605
150000,0.386,0.012,0.603
150500,0.391,0.009,0.600
151000,0.368,0.008,0.623
151500,0.363,0.010,0.627
152000,0.384,0.007,0.610
152500,0.369,0.012,0.619
153000,0.396,0.017,0.588
153500,0.361,0.015,0.624
154000,0.349,0.014,0.637
154500,0.386,0.015,0.600
155000,0.366,0.017,0.618
155500,0.347,0.018,0.634
156000,0.348,0.022,0.630
156500,0.344,0.020,0.636
157000,0.363,0.013,0.624
157500,0.376,0.015,0.609
158000,0.398,0.011,0.591
158500,0.371,0.011,0.618
159000,0.370,0.011,0.619
159500,0.370,0.007,0.622
160000,0.376,0.010,0.615
160500,0.385,0.011,0.604
161000,0.379,0.013,0.608
161500,0.361,0.009,0.631
162000,0.394,0.016,0.591
162500,0.387,0.009,0.604
163000,0.404,0.004,0.593
163500,0.386,0.004,0.611
164000,0.410,0.009,0.581
164500,0.398,0.005,0.597
165000,0.404,0.006,0.590
165500,0.392,0.006,0.602
166000,0.402,0.009,0.590
166500,0.406,0.007,0.587
167000,0.396,0.005,0.599
167500,0.390,0.009,0.601
168000,0.371,0.009,0.620
168500,0.388,0.005,0.607
169000,0.378,0.005,0.617
169500,0.357,0.009,0.634
170000,0.358,0.021,0.622
170500,0.357,0.013,0.629
171000,0.402,0.013,0.585
171500,0.402,0.011,0.588
172000,0.426,0.008,0.566
172500,0.406,0.011,0.583
173000,0.396,0.007,0.597
173500,0.397,0.005,0.598
174000,0.418,0.007,0.575
174500,0.399,0.009,0.593
175000,0.395,0.009,0.596
175500,0.401,0.010,0.589
176000,0.428,0.004,0.568
176500,0.432,0.002,0.566
177000,0.399,0.008,0.593
177500,0.382,0.011,0.607
178000,0.383,0.012,0.605
178500,0.367,0.008,0.625
179000,0.373,0.009,0.618
179500,0.396,0.007,0.597
180000,0.391,0.009,0.601
180500,0.368,0.017,0.615
181000,0.382,0.011,0.608
181500,0.385,0.009,0.607
182000,0.407,0.006,0.586
182500,0.423,0.004,0.572
183000,0.408,0.005,0.587
183500,0.443,0.009,0.548
184000,0.407,0.003,0.590
184500,0.392,0.002,0.607
185000,0.376,0.004,0.620
185500,0.353,0.014,0.633
186000,0.392,0.015,0.594
186500,0.404,0.007,0.589
187000,0.395,0.005,0.600
187500,0.378,0.013,0.610
188000,0.398,0.011,0.591
188500,0.416,0.007,0.577
189000,0.406,0.005,0.590
189500,0.382,0.006,0.612
190000,0.366,0.009,0.624
190500,0.356,0.011,0.634
191000,0.371,0.009,0.621
191500,0.397,0.001,0.602
192000,0.434,0.009,0.558
192500,0.406,0.008,0.587
193000,0.388,0.007,0.605
193500,0.369,0.009,0.622
194000,0.395,0.009,0.597
194500,0.401,0.008,0.591
195000,0.438,0.005,0.557
195500,0.420,0.004,0.576
196000,0.402,0.013,0.585
196500,0.397,0.013,0.591
197000,0.395,0.009,0.596
197500,0.381,0.011,0.608
198000,0.344,0.014,0.641
198500,0.325,0.014,0.661
199000,0.339,0.019,0.642
199500,0.340,0.018,0.642
200000,0.338,0.022,0.639
200500,0.345,0.011,0.643
201000,0.340,0.013,0.647
201500,0.357,0.015,0.628
202000,0.380,0.010,0.610
202500,0.405,0.009,0.587
203000,0.392,0.010,0.598
203500,0.395,0.013,0.592
204000,0.369,0.015,0.617
204500,0.358,0.006,0.635
205000,0.376,0.011,0.614
205500,0.348,0.015,0.636
206000,0.350,0.011,0.639
206500,0.350,0.012,0.637
207000,0.361,0.011,0.627
207500,0.384,0.008,0.608
208000,0.386,0.010,0.605
208500,0.387,0.006,0.607
209000,0.368,0.014,0.618
209500,0.381,0.007,0.612
210000,0.375,0.011,0.614
210500,0.372,0.013,0.615
211000,0.346,0.023,0.631
211500,0.331,0.020,0.649
212000,0.351,0.014,0.635
212500,0.373,0.014,0.613
213000,0.382,0.024,0.594
213500,0.355,0.017,0.628
214000,0.337,0.021,0.643
214500,0.353,0.018,0.630
215000,0.356,0.018,0.626
215500,0.356,0.015,0.628
216000,0.341,0.025,0.634
216500,0.347,0.025,0.628
217000,0.327,0.024,0.650
217500,0.323,0.029,0.648
218000,0.328,0.030,0.641
218500,0.343,0.017,0.640
219000,0.358,0.022,0.619
219500,0.368,0.018,0.614
220000,0.362,0.011,0.627
220500,0.381,0.005,0.614
221000,0.356,0.010,0.634
221500,0.359,0.011,0.630
222000,0.337,0.023,0.640
222500,0.366,0.018,0.617
223000,0.375,0.015,0.610
223500,0.367,0.010,0.623
224000,0.344,0.006,0.649
224500,0.351,0.011,0.638
225000,0.344,0.015,0.641
225500,0.349,0.013,0.638
226000,0.363,0.009,0.627
226500,0.364,0.004,0.631
227000,0.371,0.005,0.624
227500,0.412,0.009,0.579
228000,0.405,0.011,0.585
228500,0.402,0.009,0.589
229000,0.419,0.005,0.576
229500,0.429,0.002,0.569
230000,0.421,0.003,0.576
230500,0.400,0.009,0.592
231000,0.366,0.009,0.624
231500,0.349,0.013,0.639
232000,0.367,0.015,0.618
232500,0.344,0.017,0.640
233000,0.355,0.011,0.633
233500,0.364,0.011,0.625
234000,0.354,0.009,0.637
234500,0.359,0.012,0.629
235000,0.361,0.010,0.629
235500,0.355,0.009,0.636
236000,0.330,0.011,0.660
236500,0.332,0.024,0.644
237000,0.317,0.011,0.673
237500,0.324,0.015,0.660
238000,0.347,0.022,0.631
238500,0.361,0.023,0.616
239000,0.386,0.011,0.604
239500,0.366,0.015,0.619
240000,0.360,0.013,0.626
240500,0.355,0.019,0.626
241000,0.364,0.011,0.624
241500,0.356,0.005,0.639
242000,0.366,0.010,0.624
242500,0.397,0.009,0.594
243000,0.389,0.009,0.602
243500,0.378,0.009,0.613
244000,0.394,0.012,0.595
244500,0.383,0.007,0.610
245000,0.367,0.008,0.625
245500,0.349,0.010,0.641
246000,0.376,0.013,0.612
246500,0.362,0.025,0.612
247000,0.341,0.017,0.642
247500,0.344,0.009,0.646
248000,0.350,0.018,0.632
248500,0.343,0.013,0.644
249000,0.355,0.013,0.632
249500,0.377,0.011,0.612
250000,0.337,0.015,0.648
250500,0.344,0.011,0.645
251000,0.331,0.010,0.659
251500,0.356,0.011,0.633
252000,0.336,0.020,0.644
252500,0.332,0.020,0.648
253000,0.324,0.015,0.661
253500,0.350,0.015,0.635
254000,0.361,0.015,0.625
254500,0.378,0.009,0.614
255000,0.373,0.016,0.611
255500,0.399,0.004,0.597
256000,0.406,0.011,0.583
256500,0.432,0.009,0.558
257000,0.389,0.011,0.601
257500,0.405,0.005,0.590
258000,0.367,0.009,0.624
258500,0.383,0.012,0.605
259000,0.394,0.011,0.596
259500,0.389,0.006,0.605
260000,0.412,0.002,0.587
260500,0.398,0.009,0.594
261000,0.426,0.005,0.569
261500,0.418,0.003,0.580
262000,0.405,0.000,0.595
262500,0.423,0.002,0.576
263000,0.421,0.001,0.578
263500,0.411,0.004,0.585
264000,0.407,0.004,0.590
264500,0.412,0.006,0.582
265000,0.398,0.017,0.586
265500,0.367,0.017,0.616
266000,0.351,0.020,0.629
266500,0.378,0.010,0.613
267000,0.383,0.011,0.606
267500,0.368,0.004,0.627
268000,0.388,0.002,0.611
268500,0.378,0.011,0.611
269000,0.381,0.011,0.608
269500,0.358,0.024,0.618
270000,0.342,0.024,0.635
270500,0.343,0.018,0.639
271000,0.359,0.010,0.631
271500,0.350,0.009,0.641
272000,0.345,0.011,0.644
272500,0.352,0.006,0.642
273000,0.353,0.006,0.641
273500,0.350,0.011,0.638
274000,0.344,0.009,0.647
274500,0.354,0.016,0.630
275000,0.353,0.021,0.626
275500,0.342,0.015,0.642
276000,0.343,0.011,0.646
276500,0.380,0.011,0.610
277000,0.388,0.013,0.600
277500,0.413,0.013,0.574
278000,0.413,0.005,0.581
278500,0.394,0.004,0.602
279000,0.423,0.009,0.568
279500,0.431,0.011,0.557
280000,0.387,0.021,0.592
280500,0.397,0.019,0.584
281000,0.395,0.011,0.594
281500,0.423,0.005,0.572
282000,0.421,0.002,0.577
282500,0.420,0.010,0.570
283000,0.415,0.006,0.579
283500,0.404,0.004,0.592
284000,0.420,0.004,0.576
284500,0.425,0.007,0.568
285000,0.414,0.012,0.574
285500,0.423,0.006,0.570
286000,0.413,0.011,0.575
286500,0.430,0.009,0.560
287000,0.417,0.011,0.572
287500,0.388,0.006,0.606
288000,0.386,0.006,0.608
288500,0.397,0.007,0.596
289000,0.388,0.013,0.600
289500,0.376,0.009,0.616
290000,0.379,0.007,0.614
290500,0.380,0.011,0.610
291000,0.377,0.014,0.609
291500,0.381,0.011,0.609
292000,0.365,0.006,0.628
292500,0.355,0.014,0.631
293000,0.363,0.018,0.618
293500,0.384,0.017,0.600
294000,0.403,0.017,0.581
294500,0.396,0.009,0.596
295000,0.416,0.011,0.572
295500,0.394,0.007,0.599
296000,0.409,0.002,0.589
296500,0.396,0.004,0.601
297000,0.370,0.006,0.623
297500,0.355,0.007,0.637
298000,0.354,0.012,0.633
298500,0.371,0.009,0.620
299000,0.380,0.011,0.610
299500,0.386,0.009,0.605
300000,0.386,0.006,0.608
300500,0.388,0.007,0.605
301000,0.371,0.011,0.619
301500,0.382,0.011,0.607
302000,0.355,0.013,0.633
302500,0.340,0.021,0.639
303000,0.356,0.016,0.628
303500,0.362,0.011,0.627
304000,0.345,0.019,0.636
304500,0.351,0.018,0.631
305000,0.373,0.008,0.619
305500,0.397,0.006,0.597
306000,0.378,0.003,0.620
306500,0.376,0.011,0.613
307000,0.370,0.005,0.625
307500,0.379,0.016,0.605
308000,0.362,0.011,0.626
308500,0.369,0.005,0.626
309000,0.358,0.013,0.629
309500,0.368,0.011,0.620
310000,0.385,0.009,0.606
310500,0.363,0.007,0.630
311000,0.367,0.004,0.630
311500,0.377,0.011,0.613
312000,0.390,0.005,0.605
312500,0.393,0.004,0.604
313000,0.387,0.006,0.607
313500,0.397,0.004,0.599
314000,0.391,0.004,0.606
314500,0.406,0.009,0.585
315000,0.392,0.007,0.601
315500,0.379,0.003,0.619
316000,0.385,0.004,0.611
316500,0.392,0.007,0.602
317000,0.407,0.008,0.585
317500,0.420,0.009,0.570
318000,0.453,0.004,0.543
318500,0.456,0.007,0.537
319000,0.440,0.001,0.559
319500,0.457,0.006,0.537
320000,0.457,0.004,0.539
320500,0.456,0.005,0.539
321000,0.469,0.006,0.525
321500,0.445,0.003,0.552
322000,0.447,0.008,0.545
322500,0.422,0.006,0.572
323000,0.408,0.004,0.587
323500,0.421,0.004,0.576
324000,0.420,0.003,0.577
324500,0.415,0.003,0.583
325000,0.418,0.004,0.578
325500,0.428,0.004,0.569
326000,0.427,0.002,0.571
326500,0.403,0.003,0.594
327000,0.413,0.004,0.583
327500,0.447,0.004,0.549
328000,0.445,0.004,0.550
328500,0.406,0.004,0.590
329000,0.411,0.004,0.585
329500,0.414,0.005,0.581
330000,0.428,0.006,0.565
330500,0.397,0.009,0.595
331000,0.394,0.004,0.603
331500,0.391,0.006,0.603
332000,0.372,0.004,0.624
332500,0.374,0.007,0.619
333000,0.394,0.007,0.599
333500,0.395,0.002,0.604
334000,0.435,0.003,0.562
334500,0.422,0.003,0.575
335000,0.429,0.009,0.561
335500,0.409,0.004,0.588
336000,0.378,0.009,0.614
336500,0.404,0.009,0.588
337000,0.379,0.014,0.607
337500,0.376,0.017,0.608
338000,0.349,0.015,0.636
338500,0.354,0.013,0.633
339000,0.336,0.018,0.646
339500,0.330,0.014,0.656
340000,0.355,0.018,0.627
340500,0.400,0.014,0.587
341000,0.414,0.011,0.575
341500,0.404,0.007,0.589
342000,0.419,0.011,0.570
342500,0.396,0.009,0.596
343000,0.370,0.009,0.621
343500,0.383,0.005,0.612
344000,0.373,0.007,0.620
344500,0.385,0.004,0.612
345000,0.359,0.007,0.634
345500,0.360,0.010,0.630
346000,0.341,0.018,0.641
346500,0.362,0.013,0.626
347000,0.376,0.011,0.613
347500,0.392,0.009,0.599
348000,0.401,0.007,0.592
348500,0.384,0.006,0.610
349000,0.405,0.009,0.587
349500,0.406,0.009,0.585
350000,0.415,0.007,0.578
350500,0.396,0.005,0.599
351000,0.379,0.006,0.615
351500,0.378,0.022,0.600
352000,0.390,0.011,0.599
352500,0.376,0.015,0.610
353000,0.367,0.016,0.617
353500,0.386,0.014,0.601
354000,0.358,0.009,0.634
354500,0.345,0.008,0.647
355000,0.339,0.015,0.646
355500,0.310,0.019,0.670
356000,0.346,0.013,0.641
356500,0.340,0.028,0.632
357000,0.336,0.018,0.646
357500,0.344,0.012,0.644
358000,0.318,0.019,0.662
358500,0.311,0.015,0.674
359000,0.314,0.032,0.654
359500,0.322,0.027,0.651
360000,0.330,0.018,0.653
360500,0.324,0.018,0.658
361000,0.359,0.015,0.626
361500,0.355,0.011,0.634
362000,0.362,0.014,0.624
362500,0.349,0.014,0.637
363000,0.376,0.015,0.610
363500,0.360,0.011,0.629
364000,0.388,0.013,0.599
364500,0.389,0.010,0.601
365000,0.368,0.004,0.628
365500,0.388,0.006,0.606
366000,0.391,0.003,0.606
366500,0.401,0.004,0.595
367000,0.410,0.001,0.589
367500,0.413,0.003,0.585
368000,0.398,0.004,0.598
368500,0.396,0.011,0.593
369000,0.393,0.012,0.595
369500,0.378,0.007,0.615
370000,0.370,0.004,0.627
370500,0.399,0.007,0.594
371000,0.389,0.007,0.604
371500,0.385,0.006,0.609
372000,0.417,0.007,0.576
372500,0.409,0.005,0.585
373000,0.393,0.006,0.601
373500,0.397,0.011,0.593
374000,0.390,0.009,0.601
374500,0.399,0.006,0.595
375000,0.403,0.006,0.591
375500,0.388,0.015,0.598
376000,0.384,0.011,0.605
376500,0.377,0.005,0.618
377000,0.367,0.008,0.625
377500,0.377,0.012,0.611
378000,0.385,0.015,0.601
378500,0.364,0.009,0.627
379000,0.384,0.005,0.611
379500,0.406,0.007,0.586
380000,0.405,0.013,0.582
380500,0.410,0.012,0.578
381000,0.438,0.006,0.556
381500,0.433,0.003,0.564
382000,0.422,0.006,0.572
382500,0.423,0.013,0.564
383000,0.409,0.014,0.577
383500,0.398,0.017,0.586
384000,0.392,0.011,0.597
384500,0.361,0.011,0.628
385000,0.351,0.017,0.632
385500,0.346,0.010,0.643
386000,0.357,0.007,0.636
386500,0.381,0.011,0.608
387000,0.377,0.011,0.612
387500,0.355,0.015,0.629
388000,0.344,0.011,0.645
388500,0.376,0.011,0.614
389000,0.366,0.013,0.621
389500,0.391,0.012,0.597
390000,0.386,0.015,0.599
390500,0.373,0.011,0.616
391000,0.356,0.015,0.629
391500,0.365,0.015,0.620
392000,0.377,0.018,0.606
392500,0.384,0.016,0.601
393000,0.397,0.014,0.589
393500,0.386,0.009,0.606
394000,0.373,0.009,0.618
394500,0.360,0.015,0.625
395000,0.367,0.013,0.620
395500,0.374,0.011,0.615
396000,0.367,0.009,0.625
396500,0.358,0.009,0.633
397000,0.345,0.025,0.631
397500,0.332,0.017,0.651
398000,0.366,0.013,0.621
398500,0.351,0.015,0.634
399000,0.333,0.009,0.659
399500,0.345,0.011,0.644
400000,0.351,0.014,0.635
400500,0.357,0.015,0.628
401000,0.339,0.017,0.645
401500,0.346,0.015,0.639
402000,0.382,0.013,0.606
402500,0.381,0.014,0.605
403000,0.371,0.014,0.615
403500,0.380,0.011,0.610
404000,0.348,0.013,0.639
404500,0.390,0.017,0.593
405000,0.397,0.009,0.595
405500,0.373,0.015,0.613
406000,0.345,0.011,0.644
406500,0.367,0.009,0.624
407000,0.340,0.021,0.639
407500,0.344,0.023,0.633
408000,0.385,0.020,0.595
408500,0.388,0.009,0.604
409000,0.381,0.015,0.605
409500,0.368,0.010,0.622
410000,0.371,0.009,0.619
410500,0.355,0.014,0.631
411000,0.341,0.013,0.647
411500,0.353,0.018,0.629
412000,0.370,0.019,0.610
412500,0.381,0.017,0.603
413000,0.388,0.015,0.598
413500,0.374,0.018,0.607
414000,0.370,0.017,0.613
414500,0.345,0.013,0.643
415000,0.336,0.012,0.652
415500,0.344,0.024,0.631
416000,0.358,0.019,0.623
416500,0.379,0.018,0.604
417000,0.337,0.021,0.642
417500,0.343,0.011,0.646
418000,0.356,0.021,0.624
418500,0.334,0.015,0.651
419000,0.345,0.013,0.641
419500,0.366,0.010,0.623
420000,0.365,0.002,0.633
420500,0.344,0.005,0.651
421000,0.338,0.018,0.644
421500,0.350,0.011,0.639
422000,0.380,0.009,0.611
422500,0.351,0.019,0.630
423000,0.353,0.020,0.627
423500,0.325,0.013,0.662
424000,0.343,0.024,0.634
424500,0.333,0.026,0.641
425000,0.346,0.017,0.637
425500,0.346,0.025,0.628
426000,0.344,0.021,0.634
426500,0.343,0.013,0.645
427000,0.347,0.019,0.634
427500,0.329,0.015,0.657
428000,0.359,0.021,0.620
428500,0.329,0.018,0.653
429000,0.356,0.013,0.630
429500,0.345,0.013,0.642
430000,0.361,0.012,0.627
430500,0.360,0.013,0.627
431000,0.378,0.017,0.606
431500,0.380,0.011,0.609
432000,0.379,0.008,0.613
432500,0.365,0.011,0.623
433000,0.357,0.017,0.626
433500,0.379,0.017,0.605
434000,0.410,0.009,0.581
434500,0.381,0.013,0.607
435000,0.369,0.013,0.618
435500,0.393,0.011,0.597
436000,0.404,0.006,0.590
436500,0.399,0.004,0.597
437000,0.375,0.007,0.618
437500,0.371,0.021,0.609
438000,0.362,0.013,0.625
438500,0.377,0.015,0.609
439000,0.364,0.013,0.622
439500,0.380,0.015,0.606
440000,0.354,0.018,0.628
440500,0.366,0.015,0.620
441000,0.370,0.008,0.621
441500,0.398,0.007,0.595
442000,0.378,0.009,0.614
442500,0.377,0.017,0.606
443000,0.379,0.021,0.601
443500,0.365,0.019,0.616
444000,0.382,0.013,0.606
444500,0.378,0.017,0.606
445000,0.337,0.017,0.647
445500,0.359,0.011,0.629
446000,0.366,0.006,0.628
446500,0.390,0.005,0.606
447000,0.378,0.005,0.618
447500,0.392,0.008,0.600
448000,0.397,0.006,0.597
448500,0.388,0.011,0.601
449000,0.384,0.004,0.612
449500,0.383,0.003,0.615
450000,0.417,0.004,0.580
450500,0.407,0.006,0.587
451000,0.394,0.005,0.602
451500,0.413,0.013,0.574
452000,0.394,0.010,0.596
452500,0.406,0.007,0.587
453000,0.385,0.011,0.604
453500,0.370,0.007,0.623
454000,0.397,0.004,0.599
454500,0.399,0.005,0.596
455000,0.404,0.009,0.588
455500,0.381,0.009,0.611
456000,0.385,0.012,0.603
456500,0.378,0.009,0.614
457000,0.362,0.006,0.632
457500,0.349,0.022,0.629
458000,0.362,0.022,0.615
458500,0.334,0.015,0.651
459000,0.341,0.015,0.645
459500,0.336,0.015,0.649
460000,0.364,0.021,0.615
460500,0.370,0.019,0.611
461000,0.344,0.017,0.638
461500,0.324,0.013,0.663
462000,0.340,0.005,0.655
462500,0.351,0.011,0.639
463000,0.362,0.007,0.631
463500,0.367,0.005,0.627
464000,0.365,0.013,0.622
464500,0.360,0.011,0.628
465000,0.362,0.011,0.627
465500,0.383,0.007,0.610
466000,0.385,0.007,0.608
466500,0.399,0.008,0.593
467000,0.398,0.003,0.600
467500,0.403,0.002,0.595
468000,0.415,0.001,0.584
468500,0.424,0.006,0.570
469000,0.396,0.004,0.600
469500,0.369,0.008,0.623
470000,0.353,0.015,0.632
470500,0.338,0.018,0.645
471000,0.341,0.017,0.642
471500,0.358,0.015,0.627
472000,0.374,0.015,0.611
472500,0.382,0.013,0.605
473000,0.379,0.014,0.607
473500,0.362,0.011,0.627
474000,0.387,0.021,0.593
474500,0.369,0.013,0.618
475000,0.369,0.009,0.622
475500,0.355,0.013,0.632
476000,0.352,0.009,0.639
476500,0.354,0.011,0.634
477000,0.391,0.010,0.599
477500,0.401,0.004,0.595
478000,0.391,0.011,0.598
478500,0.381,0.008,0.611
479000,0.393,0.007,0.600
479500,0.381,0.006,0.613
480000,0.394,0.009,0.598
480500,0.401,0.006,0.593
481000,0.411,0.007,0.581
481500,0.421,0.006,0.572
482000,0.391,0.005,0.604
482500,0.377,0.004,0.619
483000,0.373,0.003,0.625
483500,0.365,0.001,0.635
484000,0.370,0.003,0.628
484500,0.360,0.004,0.636
485000,0.368,0.006,0.625
485500,0.385,0.011,0.604
486000,0.375,0.008,0.617
486500,0.378,0.011,0.612
487000,0.345,0.021,0.633
487500,0.361,0.017,0.622
488000,0.346,0.016,0.638
488500,0.377,0.009,0.614
489000,0.413,0.007,0.580
489500,0.418,0.005,0.577
490000,0.410,0.011,0.579
490500,0.381,0.019,0.600
491000,0.380,0.019,0.601
491500,0.344,0.015,0.641
492000,0.347,0.015,0.638
492500,0.353,0.010,0.637
493000,0.350,0.009,0.641
493500,0.342,0.005,0.653
494000,0.369,0.005,0.625
494500,0.376,0.007,0.618
495000,0.353,0.006,0.641
495500,0.343,0.009,0.648
496000,0.361,0.007,0.631
496500,0.360,0.015,0.624
497000,0.411,0.006,0.583
497500,0.435,0.002,0.563
498000,0.406,0.010,0.585
498500,0.401,0.010,0.589
499000,0.405,0.015,0.580
499500,0.375,0.019,0.606
500000,0.350,0.016,0.633
500500,0.353,0.018,0.629
501000,0.365,0.016,0.619
501500,0.383,0.013,0.604
502000,0.374,0.008,0.617
502500,0.368,0.013,0.619
503000,0.356,0.021,0.623
503500,0.348,0.016,0.636
504000,0.317,0.019,0.664
504500,0.319,0.021,0.660
505000,0.337,0.022,0.641
505500,0.317,0.017,0.667
506000,0.331,0.025,0.645
506500,0.345,0.019,0.636
507000,0.324,0.018,0.658
507500,0.384,0.017,0.600
508000,0.347,0.020,0.633
508500,0.354,0.015,0.630
509000,0.371,0.007,0.622
509500,0.388,0.006,0.607
510000,0.383,0.004,0.613
510500,0.362,0.014,0.623
511000,0.368,0.007,0.624
511500,0.395,0.006,0.599
512000,0.369,0.011,0.619
512500,0.382,0.009,0.609
513000,0.378,0.026,0.596
513500,0.364,0.022,0.613
514000,0.357,0.012,0.631
514500,0.334,0.011,0.655
515000,0.326,0.013,0.660
515500,0.328,0.022,0.650
516000,0.342,0.022,0.636
516500,0.357,0.017,0.626
517000,0.340,0.024,0.637
517500,0.350,0.013,0.637
518000,0.349,0.013,0.639
518500,0.347,0.011,0.642
519000,0.386,0.014,0.601
519500,0.379,0.008,0.613
520000,0.391,0.004,0.605
520500,0.414,0.005,0.581
521000,0.408,0.005,0.586
521500,0.420,0.002,0.579
522000,0.403,0.005,0.592
522500,0.411,0.009,0.580
523000,0.369,0.007,0.624
523500,0.365,0.004,0.631
524000,0.372,0.005,0.622
524500,0.399,0.006,0.595
525000,0.390,0.011,0.599
525500,0.341,0.006,0.653
526000,0.339,0.006,0.655
526500,0.325,0.013,0.662
527000,0.331,0.016,0.653
527500,0.392,0.011,0.597
528000,0.376,0.011,0.614
528500,0.403,0.004,0.593
529000,0.385,0.006,0.609
529500,0.390,0.009,0.602
530000,0.383,0.003,0.614
530500,0.397,0.004,0.600
531000,0.428,0.004,0.568
531500,0.392,0.007,0.601
532000,0.435,0.007,0.557
532500,0.413,0.009,0.578
533000,0.408,0.004,0.588
533500,0.389,0.004,0.607
534000,0.403,0.002,0.596
534500,0.401,0.004,0.596
535000,0.394,0.009,0.598
535500,0.380,0.004,0.616
536000,0.358,0.007,0.634
536500,0.371,0.010,0.619
537000,0.355,0.011,0.634
537500,0.360,0.015,0.625
538000,0.357,0.011,0.631
538500,0.342,0.015,0.642
539000,0.345,0.014,0.641
539500,0.341,0.007,0.652
540000,0.360,0.008,0.631
540500,0.349,0.011,0.640
541000,0.381,0.006,0.613
541500,0.362,0.004,0.633
542000,0.369,0.008,0.623
542500,0.373,0.006,0.621
543000,0.337,0.011,0.652
543500,0.325,0.009,0.666
544000,0.309,0.011,0.680
544500,0.317,0.021,0.662
545000,0.320,0.012,0.668
545500,0.312,0.009,0.679
546000,0.327,0.013,0.660
546500,0.317,0.011,0.673
547000,0.346,0.009,0.645
547500,0.358,0.010,0.631
548000,0.341,0.013,0.647
548500,0.362,0.004,0.634
549000,0.385,0.007,0.608
549500,0.378,0.010,0.613
550000,0.372,0.006,0.622
550500,0.375,0.007,0.618
551000,0.379,0.005,0.616
551500,0.372,0.014,0.613
552000,0.364,0.011,0.624
552500,0.328,0.015,0.657
553000,0.347,0.015,0.638
553500,0.357,0.011,0.633
554000,0.352,0.011,0.636
554500,0.363,0.013,0.624
555000,0.367,0.013,0.620
555500,0.361,0.018,0.622
556000,0.352,0.013,0.635
556500,0.359,0.017,0.624
557000,0.365,0.018,0.617
557500,0.357,0.017,0.626
558000,0.369,0.009,0.622
558500,0.359,0.007,0.633
559000,0.382,0.009,0.609
559500,0.379,0.018,0.603
560000,0.401,0.017,0.582
560500,0.384,0.011,0.606
561000,0.369,0.008,0.623
561500,0.379,0.006,0.615
562000,0.361,0.019,0.620
562500,0.348,0.017,0.636
563000,0.351,0.019,0.630
563500,0.363,0.015,0.622
564000,0.371,0.017,0.612
564500,0.328,0.013,0.658
565000,0.349,0.024,0.627
565500,0.342,0.022,0.635
566000,0.331,0.024,0.645
566500,0.309,0.021,0.669
567000,0.316,0.023,0.661
567500,0.342,0.024,0.634
568000,0.330,0.024,0.646
568500,0.336,0.017,0.647
569000,0.359,0.019,0.622
569500,0.366,0.008,0.626
570000,0.344,0.005,0.651
570500,0.366,0.009,0.625
571000,0.342,0.013,0.645
571500,0.342,0.012,0.646
572000,0.342,0.017,0.642
572500,0.334,0.009,0.658
573000,0.350,0.011,0.638
573500,0.342,0.015,0.643
574000,0.347,0.021,0.632
574500,0.338,0.019,0.642
575000,0.339,0.017,0.644
575500,0.350,0.013,0.636
576000,0.352,0.011,0.636
576500,0.334,0.021,0.645
577000,0.350,0.021,0.630
577500,0.355,0.017,0.628
578000,0.348,0.013,0.639
578500,0.362,0.022,0.615
579000,0.364,0.018,0.618
579500,0.378,0.021,0.602
580000,0.368,0.010,0.621
580500,0.357,0.009,0.634
581000,0.347,0.013,0.640
581500,0.344,0.009,0.646
582000,0.370,0.009,0.620
582500,0.355,0.013,0.632
583000,0.335,0.014,0.651
583500,0.324,0.013,0.663
584000,0.356,0.006,0.638
584500,0.377,0.009,0.614
585000,0.355,0.007,0.638
585500,0.361,0.011,0.627
586000,0.354,0.014,0.631
586500,0.374,0.010,0.616
587000,0.360,0.015,0.625
587500,0.369,0.011,0.620
588000,0.401,0.009,0.591
588500,0.359,0.007,0.634
589000,0.391,0.003,0.607
589500,0.400,0.009,0.592
590000,0.396,0.009,0.596
590500,0.411,0.006,0.582
591000,0.409,0.004,0.587
591500,0.416,0.001,0.583
592000,0.411,0.008,0.581
592500,0.386,0.009,0.605
593000,0.392,0.011,0.598
593500,0.389,0.013,0.598
594000,0.359,0.004,0.636
594500,0.345,0.009,0.647
595000,0.342,0.009,0.649
595500,0.351,0.006,0.643
596000,0.374,0.009,0.616
596500,0.362,0.007,0.631
597000,0.352,0.017,0.632
597500,0.347,0.018,0.634
598000,0.324,0.017,0.659
598500,0.356,0.012,0.632
599000,0.402,0.010,0.588
599500,0.420,0.005,0.574
600000,0.412,0.003,0.585
600500,0.407,0.001,0.592
601000,0.382,0.003,0.616
601500,0.415,0.011,0.574
602000,0.368,0.009,0.623
602500,0.380,0.004,0.616
603000,0.378,0.011,0.611
603500,0.378,0.011,0.612
604000,0.388,0.012,0.600
604500,0.368,0.016,0.616
605000,0.342,0.013,0.645
605500,0.342,0.021,0.637
606000,0.343,0.025,0.632
606500,0.351,0.021,0.627
607000,0.344,0.011,0.645
607500,0.343,0.009,0.648
608000,0.368,0.012,0.620
608500,0.368,0.014,0.618
609000,0.366,0.005,0.628
609500,0.389,0.007,0.604
610000,0.389,0.007,0.604
610500,0.377,0.003,0.620
611000,0.383,0.010,0.607
611500,0.403,0.012,0.585
612000,0.413,0.007,0.579
612500,0.418,0.005,0.577
613000,0.419,0.003,0.578
613500,0.401,0.009,0.591
614000,0.381,0.009,0.610
614500,0.406,0.009,0.584
615000,0.424,0.006,0.569
615500,0.413,0.013,0.574
616000,0.417,0.013,0.570
616500,0.422,0.013,0.565
617000,0.389,0.017,0.595
617500,0.374,0.013,0.612
618000,0.379,0.017,0.604
618500,0.383,0.015,0.603
619000,0.366,0.020,0.613
619500,0.355,0.017,0.628
620000,0.339,0.017,0.645
620500,0.344,0.009,0.647
621000,0.309,0.014,0.677
621500,0.324,0.011,0.666
622000,0.366,0.012,0.621
622500,0.391,0.017,0.592
623000,0.382,0.007,0.611
623500,0.388,0.007,0.605
624000,0.422,0.009,0.569
624500,0.396,0.003,0.602
625000,0.405,0.003,0.593
625500,0.418,0.001,0.581
626000,0.438,0.004,0.558
626500,0.420,0.006,0.573
627000,0.415,0.011,0.574
627500,0.402,0.007,0.591
628000,0.430,0.004,0.566
628500,0.424,0.010,0.566
629000,0.400,0.006,0.595
629500,0.401,0.007,0.592
630000,0.375,0.017,0.609
630500,0.355,0.009,0.636
631000,0.357,0.012,0.631
631500,0.391,0.009,0.600
632000,0.408,0.004,0.587
632500,0.394,0.010,0.596
633000,0.379,0.007,0.614
633500,0.377,0.004,0.620
634000,0.375,0.006,0.619
634500,0.388,0.004,0.609
635000,0.409,0.004,0.586
635500,0.414,0.007,0.578
636000,0.417,0.004,0.579
636500,0.384,0.013,0.603
637000,0.392,0.007,0.601
637500,0.405,0.005,0.590
638000,0.391,0.007,0.602
638500,0.388,0.006,0.607
639000,0.385,0.015,0.600
639500,0.360,0.006,0.634
640000,0.358,0.006,0.636
640500,0.342,0.008,0.650
641000,0.370,0.011,0.618
641500,0.384,0.008,0.609
642000,0.401,0.005,0.594
642500,0.429,0.004,0.567
643000,0.412,0.004,0.583
643500,0.386,0.004,0.610
644000,0.374,0.010,0.616
644500,0.375,0.009,0.616
645000,0.392,0.011,0.598
645500,0.387,0.008,0.605
646000,0.394,0.009,0.598
646500,0.399,0.004,0.597
647000,0.392,0.007,0.602
647500,0.377,0.005,0.618
648000,0.382,0.009,0.610
648500,0.379,0.008,0.613
649000,0.388,0.006,0.606
649500,0.396,0.005,0.600
650000,0.415,0.006,0.579
650500,0.413,0.002,0.585
651000,0.419,0.009,0.572
651500,0.423,0.009,0.569
652000,0.433,0.005,0.561
652500,0.435,0.009,0.556
653000,0.398,0.009,0.593
653500,0.394,0.007,0.599
654000,0.387,0.003,0.611
654500,0.412,0.002,0.586
655000,0.426,0.001,0.573
655500,0.398,0.005,0.598
656000,0.414,0.007,0.579
656500,0.412,0.005,0.583
657000,0.409,0.004,0.587
657500,0.406,0.004,0.591
658000,0.396,0.005,0.599
658500,0.411,0.016,0.573
659000,0.393,0.012,0.595
659500,0.389,0.009,0.602
660000,0.381,0.005,0.614
660500,0.389,0.009,0.602
661000,0.410,0.006,0.583
661500,0.406,0.004,0.591
662000,0.381,0.013,0.607
662500,0.379,0.011,0.611
663000,0.401,0.007,0.592
663500,0.396,0.007,0.598
664000,0.401,0.013,0.586
664500,0.368,0.009,0.623
665000,0.417,0.004,0.578
665500,0.413,0.009,0.577
666000,0.432,0.005,0.563
666500,0.426,0.004,0.569
667000,0.416,0.005,0.579
667500,0.383,0.004,0.614
668000,0.399,0.002,0.600
668500,0.382,0.010,0.608
669000,0.379,0.018,0.604
669500,0.363,0.011,0.626
670000,0.360,0.010,0.630
670500,0.346,0.011,0.643
671000,0.354,0.013,0.633
671500,0.347,0.025,0.629
672000,0.354,0.018,0.627
672500,0.361,0.009,0.630
673000,0.362,0.006,0.631
673500,0.364,0.009,0.626
674000,0.371,0.009,0.619
674500,0.363,0.005,0.632
675000,0.371,0.013,0.616
675500,0.354,0.013,0.634
676000,0.366,0.013,0.621
676500,0.352,0.009,0.638
677000,0.381,0.012,0.607
677500,0.361,0.011,0.628
678000,0.351,0.015,0.633
678500,0.388,0.018,0.594
679000,0.371,0.009,0.621
679500,0.393,0.007,0.600
680000,0.398,0.011,0.592
680500,0.388,0.011,0.601
681000,0.399,0.012,0.589
681500,0.389,0.016,0.595
682000,0.348,0.015,0.637
682500,0.352,0.012,0.635
683000,0.372,0.006,0.621
683500,0.335,0.023,0.642
684000,0.332,0.021,0.647
684500,0.342,0.016,0.642
685000,0.313,0.006,0.681
685500,0.326,0.008,0.666
686000,0.376,0.009,0.616
686500,0.371,0.010,0.619
687000,0.363,0.014,0.623
687500,0.343,0.012,0.645
688000,0.352,0.013,0.635
688500,0.372,0.006,0.621
689000,0.388,0.007,0.606
689500,0.400,0.003,0.597
690000,0.375,0.004,0.622
690500,0.358,0.007,0.634
691000,0.380,0.009,0.612
691500,0.369,0.011,0.620
692000,0.369,0.010,0.621
692500,0.359,0.011,0.630
693000,0.374,0.017,0.609
693500,0.357,0.017,0.626
694000,0.356,0.012,0.632
694500,0.363,0.011,0.625
695000,0.337,0.011,0.652
695500,0.332,0.013,0.654
696000,0.355,0.015,0.630
696500,0.365,0.010,0.625
697000,0.372,0.009,0.618
697500,0.351,0.005,0.644
698000,0.381,0.009,0.611
698500,0.366,0.007,0.626
699000,0.381,0.009,0.610
699500,0.408,0.005,0.587
700000,0.386,0.011,0.603
700500,0.358,0.015,0.627
701000,0.344,0.021,0.636
701500,0.326,0.013,0.661
702000,0.302,0.018,0.680
702500,0.322,0.015,0.663
703000,0.312,0.018,0.670
703500,0.340,0.009,0.651
704000,0.318,0.018,0.664
704500,0.307,0.026,0.666
705000,0.307,0.019,0.674
705500,0.334,0.025,0.642
706000,0.343,0.017,0.641
706500,0.331,0.022,0.647
707000,0.309,0.016,0.675
707500,0.306,0.019,0.675
708000,0.307,0.021,0.673
708500,0.314,0.017,0.670
709000,0.327,0.015,0.659
709500,0.317,0.022,0.661
710000,0.348,0.014,0.637
710500,0.346,0.011,0.643
711000,0.369,0.018,0.613
711500,0.358,0.013,0.629
712000,0.361,0.011,0.628
712500,0.373,0.010,0.617
713000,0.356,0.017,0.627
713500,0.370,0.025,0.606
714000,0.342,0.019,0.639
714500,0.334,0.021,0.645
715000,0.348,0.017,0.636
715500,0.372,0.018,0.610
716000,0.377,0.011,0.613
716500,0.339,0.013,0.648
717000,0.345,0.017,0.638
717500,0.355,0.013,0.632
718000,0.348,0.013,0.638
718500,0.345,0.018,0.636
719000,0.371,0.012,0.617
719500,0.362,0.012,0.626
720000,0.359,0.006,0.635
720500,0.361,0.003,0.636
721000,0.376,0.010,0.615
721500,0.388,0.024,0.589
722000,0.355,0.015,0.631
722500,0.381,0.007,0.612
723000,0.410,0.005,0.585
723500,0.418,0.011,0.570
724000,0.378,0.010,0.613
724500,0.372,0.015,0.614
725000,0.351,0.018,0.632
725500,0.356,0.013,0.630
726000,0.350,0.019,0.631
726500,0.346,0.021,0.633
727000,0.339,0.020,0.641
727500,0.325,0.023,0.652
728000,0.313,0.022,0.665
728500,0.328,0.022,0.650
729000,0.331,0.017,0.653
729500,0.352,0.017,0.632
730000,0.369,0.014,0.617
730500,0.400,0.011,0.590
731000,0.397,0.014,0.589
731500,0.386,0.013,0.601
732000,0.373,0.011,0.616
732500,0.377,0.004,0.620
733000,0.383,0.011,0.606
733500,0.381,0.010,0.609
734000,0.386,0.013,0.602
734500,0.344,0.020,0.636
735000,0.313,0.013,0.675
735500,0.323,0.019,0.658
736000,0.351,0.013,0.635
736500,0.373,0.004,0.622
737000,0.396,0.010,0.595
737500,0.425,0.008,0.567
738000,0.402,0.007,0.591
738500,0.429,0.005,0.566
739000,0.426,0.006,0.568
739500,0.433,0.004,0.562
740000,0.439,0.007,0.553
740500,0.443,0.004,0.553
741000,0.456,0.004,0.540
741500,0.470,0.009,0.522
742000,0.465,0.006,0.529
742500,0.430,0.003,0.567
743000,0.442,0.006,0.552
743500,0.445,0.004,0.551
744000,0.417,0.011,0.572
744500,0.423,0.007,0.570
745000,0.453,0.004,0.542
745500,0.445,0.002,0.553
746000,0.387,0.002,0.611
746500,0.387,0.015,0.599
747000,0.370,0.014,0.615
747500,0.337,0.013,0.650
748000,0.316,0.013,0.671
748500,0.335,0.022,0.643
749000,0.331,0.022,0.647
749500,0.334,0.024,0.643
750000,0.354,0.015,0.630
750500,0.350,0.018,0.631
751000,0.344,0.010,0.646
751500,0.365,0.009,0.626
752000,0.365,0.009,0.626
752500,0.372,0.013,0.616
753000,0.386,0.011,0.604
753500,0.372,0.022,0.605
754000,0.345,0.021,0.634
754500,0.349,0.011,0.640
755000,0.341,0.011,0.648
755500,0.349,0.016,0.635
756000,0.346,0.012,0.642
756500,0.373,0.013,0.614
757000,0.374,0.015,0.610
757500,0.355,0.009,0.636
758000,0.377,0.006,0.617
758500,0.395,0.011,0.595
759000,0.394,0.009,0.597
759500,0.416,0.006,0.578
760000,0.399,0.009,0.592
760500,0.375,0.005,0.620
761000,0.382,0.007,0.611
761500,0.380,0.006,0.614
762000,0.366,0.012,0.622
762500,0.381,0.008,0.611
763000,0.350,0.004,0.645
763500,0.335,0.006,0.659
764000,0.357,0.013,0.630
764500,0.341,0.017,0.642
765000,0.330,0.013,0.657
765500,0.349,0.018,0.632
766000,0.377,0.014,0.609
766500,0.348,0.018,0.634
767000,0.358,0.007,0.635
767500,0.357,0.017,0.626
768000,0.357,0.014,0.629
768500,0.346,0.016,0.638
769000,0.332,0.015,0.652
769500,0.352,0.019,0.629
770000,0.350,0.015,0.636
770500,0.318,0.014,0.668
771000,0.324,0.019,0.657
771500,0.325,0.022,0.653
772000,0.316,0.025,0.659
772500,0.296,0.020,0.684
773000,0.311,0.021,0.668
773500,0.315,0.018,0.668
774000,0.342,0.017,0.641
774500,0.379,0.015,0.606
775000,0.375,0.020,0.605
775500,0.399,0.015,0.586
776000,0.379,0.013,0.609
776500,0.380,0.019,0.602
777000,0.384,0.015,0.602
777500,0.405,0.013,0.583
778000,0.407,0.006,0.587
778500,0.405,0.004,0.591
779000,0.415,0.005,0.580
779500,0.408,0.003,0.589
780000,0.414,0.001,0.585
780500,0.437,0.003,0.560
781000,0.434,0.015,0.551
781500,0.408,0.007,0.585
782000,0.406,0.007,0.587
782500,0.425,0.004,0.571
783000,0.391,0.004,0.605
783500,0.353,0.006,0.641
784000,0.363,0.015,0.622
784500,0.365,0.016,0.619
785000,0.357,0.013,0.630
785500,0.346,0.009,0.645
786000,0.331,0.015,0.654
786500,0.331,0.015,0.654
787000,0.348,0.017,0.636
787500,0.327,0.015,0.658
788000,0.323,0.021,0.657
788500,0.337,0.021,0.643
789000,0.368,0.011,0.620
789500,0.402,0.009,0.589
790000,0.388,0.009,0.604
790500,0.365,0.009,0.627
791000,0.391,0.013,0.597
791500,0.408,0.013,0.580
792000,0.396,0.010,0.594
792500,0.391,0.007,0.602
793000,0.401,0.013,0.586
793500,0.371,0.012,0.617
794000,0.368,0.009,0.623
794500,0.380,0.005,0.615
795000,0.402,0.009,0.589
795500,0.381,0.009,0.610
796000,0.386,0.009,0.605
796500,0.419,0.013,0.568
797000,0.405,0.018,0.577
797500,0.397,0.013,0.591
798000,0.417,0.015,0.568
798500,0.380,0.016,0.605
799000,0.393,0.014,0.593
799500,0.392,0.011,0.597
800000,0.347,0.018,0.634
800500,0.332,0.025,0.642
801000,0.337,0.030,0.633
801500,0.334,0.015,0.650
802000,0.338,0.017,0.646
802500,0.372,0.013,0.616
803000,0.363,0.026,0.611
803500,0.334,0.015,0.651
804000,0.341,0.013,0.646
804500,0.382,0.013,0.605
805000,0.330,0.009,0.660
805500,0.323,0.008,0.669
806000,0.340,0.011,0.648
806500,0.338,0.014,0.648
807000,0.347,0.017,0.637
807500,0.346,0.009,0.644
808000,0.346,0.018,0.635
808500,0.343,0.021,0.636
809000,0.332,0.027,0.641
809500,0.337,0.017,0.646
810000,0.329,0.015,0.657
810500,0.321,0.015,0.665
811000,0.298,0.025,0.676
811500,0.288,0.025,0.687
812000,0.312,0.028,0.660
812500,0.347,0.018,0.636
813000,0.349,0.019,0.632
813500,0.335,0.016,0.649
814000,0.326,0.015,0.659
814500,0.344,0.015,0.641
815000,0.352,0.015,0.633
815500,0.330,0.018,0.651
816000,0.338,0.015,0.647
816500,0.358,0.015,0.626
817000,0.364,0.010,0.625
817500,0.354,0.014,0.631
818000,0.369,0.015,0.616
818500,0.397,0.007,0.596
819000,0.372,0.009,0.618
819500,0.363,0.008,0.629
820000,0.336,0.024,0.641
820500,0.379,0.018,0.603
821000,0.379,0.015,0.606
821500,0.356,0.016,0.627
822000,0.344,0.009,0.647
822500,0.374,0.004,0.621
823000,0.361,0.005,0.634
823500,0.354,0.007,0.639
824000,0.374,0.015,0.611
824500,0.340,0.011,0.648
825000,0.332,0.009,0.659
825500,0.351,0.006,0.643
826000,0.373,0.009,0.619
826500,0.369,0.006,0.625
827000,0.382,0.009,0.609
827500,0.396,0.013,0.591
828000,0.392,0.008,0.601
828500,0.390,0.006,0.604
829000,0.374,0.002,0.624
829500,0.385,0.007,0.608
830000,0.383,0.003,0.614
830500,0.353,0.009,0.637
831000,0.346,0.018,0.636
831500,0.359,0.018,0.624
832000,0.350,0.021,0.628
832500,0.352,0.015,0.633
833000,0.369,0.013,0.618
833500,0.357,0.013,0.629
834000,0.381,0.013,0.607
834500,0.369,0.011,0.620
835000,0.372,0.015,0.612
835500,0.392,0.012,0.596
836000,0.398,0.007,0.595
836500,0.383,0.005,0.612
837000,0.383,0.009,0.608
837500,0.387,0.008,0.605
838000,0.406,0.011,0.583
838500,0.398,0.003,0.600
839000,0.360,0.007,0.632
839500,0.345,0.015,0.640
840000,0.340,0.013,0.647
840500,0.364,0.014,0.622
841000,0.391,0.006,0.603
841500,0.346,0.009,0.646
842000,0.358,0.004,0.638
842500,0.347,0.011,0.642
843000,0.354,0.007,0.639
843500,0.322,0.013,0.665
844000,0.353,0.021,0.626
844500,0.362,0.009,0.629
845000,0.379,0.012,0.609
845500,0.397,0.011,0.593
846000,0.392,0.006,0.602
846500,0.411,0.009,0.580
847000,0.403,0.011,0.587
847500,0.350,0.009,0.640
848000,0.351,0.014,0.635
848500,0.335,0.022,0.643
849000,0.332,0.028,0.640
849500,0.365,0.029,0.606
850000,0.388,0.016,0.597
850500,0.395,0.010,0.595
851000,0.404,0.003,0.594
851500,0.394,0.008,0.598
852000,0.415,0.004,0.581
852500,0.457,0.006,0.537
853000,0.426,0.006,0.567
853500,0.437,0.007,0.556
854000,0.429,0.011,0.559
854500,0.396,0.026,0.578
855000,0.369,0.018,0.614
855500,0.366,0.009,0.624
856000,0.365,0.009,0.626
856500,0.368,0.007,0.624
857000,0.365,0.017,0.618
857500,0.353,0.012,0.635
858000,0.362,0.013,0.625
858500,0.374,0.007,0.618
859000,0.366,0.004,0.630
859500,0.379,0.005,0.616
860000,0.348,0.007,0.645
860500,0.363,0.009,0.629
861000,0.396,0.014,0.591
861500,0.425,0.009,0.567
862000,0.433,0.006,0.560
862500,0.424,0.003,0.573
863000,0.440,0.003,0.557
863500,0.409,0.001,0.590
864000,0.409,0.009,0.582
864500,0.425,0.005,0.570
865000,0.406,0.005,0.590
865500,0.415,0.006,0.579
866000,0.385,0.011,0.604
866500,0.378,0.013,0.609
867000,0.399,0.007,0.594
867500,0.405,0.008,0.587
868000,0.434,0.007,0.558
868500,0.426,0.007,0.567
869000,0.422,0.003,0.575
869500,0.417,0.005,0.577
870000,0.409,0.001,0.590
870500,0.392,0.011,0.597
871000,0.411,0.006,0.583
871500,0.419,0.004,0.577
872000,0.421,0.004,0.575
872500,0.384,0.009,0.607
873000,0.397,0.011,0.593
873500,0.364,0.004,0.633
874000,0.342,0.009,0.649
874500,0.354,0.009,0.637
875000,0.385,0.015,0.601
875500,0.409,0.018,0.572
876000,0.356,0.009,0.635
876500,0.369,0.005,0.625
877000,0.382,0.004,0.614
877500,0.387,0.008,0.605
878000,0.398,0.008,0.594
878500,0.397,0.005,0.598
879000,0.357,0.006,0.637
879500,0.360,0.004,0.636
880000,0.362,0.013,0.624
880500,0.361,0.008,0.631
881000,0.360,0.007,0.632
881500,0.352,0.015,0.634
882000,0.364,0.013,0.624
882500,0.369,0.011,0.620
883000,0.373,0.008,0.619
883500,0.368,0.006,0.625
884000,0.362,0.005,0.633
884500,0.364,0.004,0.632
885000,0.347,0.007,0.646
885500,0.343,0.017,0.641
886000,0.367,0.009,0.624
886500,0.388,0.008,0.605
887000,0.399,0.012,0.589
887500,0.392,0.007,0.602
888000,0.394,0.004,0.602
888500,0.386,0.002,0.613
889000,0.390,0.006,0.604
889500,0.396,0.007,0.597
890000,0.410,0.004,0.586
890500,0.398,0.002,0.600
891000,0.399,0.003,0.599
891500,0.389,0.003,0.608
892000,0.374,0.004,0.623
892500,0.379,0.007,0.614
893000,0.420,0.005,0.575
893500,0.440,0.011,0.549
894000,0.421,0.008,0.571
894500,0.385,0.011,0.605
895000,0.373,0.012,0.615
895500,0.372,0.016,0.611
896000,0.388,0.015,0.597
896500,0.403,0.010,0.587
897000,0.421,0.004,0.575
897500,0.383,0.007,0.610
898000,0.401,0.005,0.594
898500,0.358,0.011,0.630
899000,0.378,0.005,0.617
899500,0.388,0.011,0.602
900000,0.390,0.005,0.606
900500,0.376,0.007,0.618
901000,0.376,0.007,0.617
901500,0.355,0.018,0.626
902000,0.338,0.017,0.646
902500,0.325,0.011,0.664
903000,0.362,0.011,0.626
903500,0.368,0.017,0.615
904000,0.369,0.011,0.621
904500,0.407,0.005,0.588
905000,0.378,0.011,0.611
905500,0.369,0.014,0.617
906000,0.361,0.013,0.626
906500,0.351,0.015,0.634
907000,0.344,0.012,0.643
907500,0.326,0.009,0.664
908000,0.316,0.015,0.669
908500,0.323,0.015,0.662
909000,0.334,0.015,0.652
909500,0.343,0.017,0.641
910000,0.353,0.018,0.629
910500,0.345,0.011,0.645
911000,0.338,0.013,0.649
911500,0.333,0.021,0.646
912000,0.345,0.019,0.635
912500,0.352,0.015,0.633
913000,0.347,0.021,0.632
913500,0.348,0.019,0.632
914000,0.344,0.015,0.640
914500,0.334,0.019,0.647
915000,0.334,0.024,0.642
915500,0.360,0.018,0.621
916000,0.376,0.007,0.617
916500,0.362,0.012,0.625
917000,0.351,0.017,0.632
917500,0.367,0.013,0.620
918000,0.353,0.007,0.640
918500,0.369,0.007,0.624
919000,0.387,0.002,0.612
919500,0.403,0.001,0.597
920000,0.428,0.004,0.568
920500,0.393,0.006,0.601
921000,0.391,0.009,0.601
921500,0.396,0.009,0.596
922000,0.418,0.009,0.573
922500,0.408,0.009,0.583
923000,0.372,0.013,0.615
923500,0.389,0.011,0.601
924000,0.398,0.013,0.590
924500,0.403,0.015,0.582
925000,0.410,0.007,0.583
925500,0.430,0.002,0.568
926000,0.425,0.007,0.568
926500,0.405,0.005,0.590
927000,0.420,0.008,0.572
927500,0.418,0.003,0.579
928000,0.413,0.002,0.585
928500,0.384,0.013,0.604
929000,0.378,0.015,0.607
929500,0.373,0.021,0.606
930000,0.369,0.015,0.615
930500,0.384,0.011,0.606
931000,0.406,0.006,0.588
931500,0.395,0.009,0.597
932000,0.406,0.014,0.581
932500,0.397,0.009,0.594
933000,0.347,0.007,0.646
933500,0.369,0.006,0.625
934000,0.382,0.007,0.611
934500,0.386,0.005,0.610
935000,0.353,0.007,0.640
935500,0.375,0.007,0.618
936000,0.392,0.005,0.603
936500,0.398,0.005,0.597
937000,0.373,0.006,0.621
937500,0.358,0.004,0.637
938000,0.349,0.015,0.637
938500,0.343,0.015,0.642
939000,0.328,0.011,0.660
939500,0.344,0.008,0.648
940000,0.339,0.012,0.649
940500,0.350,0.013,0.637
941000,0.339,0.013,0.648
941500,0.352,0.011,0.636
942000,0.361,0.013,0.626
942500,0.347,0.015,0.638
943000,0.333,0.020,0.647
943500,0.340,0.020,0.640
944000,0.338,0.021,0.640
944500,0.356,0.025,0.618
945000,0.383,0.021,0.597
945500,0.368,0.013,0.619
946000,0.404,0.012,0.584
946500,0.405,0.006,0.589
947000,0.402,0.009,0.590
947500,0.390,0.018,0.593
948000,0.388,0.013,0.599
948500,0.366,0.007,0.627
949000,0.381,0.015,0.604
949500,0.369,0.018,0.614
950000,0.349,0.013,0.638
950500,0.362,0.013,0.624
951000,0.356,0.019,0.624
951500,0.351,0.024,0.625
952000,0.341,0.019,0.640
952500,0.344,0.011,0.645
953000,0.376,0.011,0.614
953500,0.359,0.015,0.626
954000,0.326,0.019,0.655
954500,0.301,0.029,0.670
955000,0.309,0.021,0.670
955500,0.306,0.019,0.674
956000,0.307,0.011,0.682
956500,0.316,0.019,0.665
957000,0.324,0.015,0.661
957500,0.336,0.007,0.656
958000,0.344,0.011,0.645
958500,0.328,0.015,0.657
959000,0.328,0.018,0.654
959500,0.357,0.009,0.633
960000,0.328,0.013,0.659
960500,0.323,0.008,0.669
961000,0.319,0.013,0.669
961500,0.351,0.018,0.630
962000,0.369,0.016,0.615
962500,0.358,0.013,0.629
963000,0.350,0.016,0.634
963500,0.351,0.010,0.639
964000,0.372,0.013,0.614
964500,0.374,0.009,0.617
965000,0.379,0.011,0.611
965500,0.387,0.011,0.603
966000,0.411,0.011,0.578
966500,0.401,0.013,0.587
967000,0.401,0.009,0.591
967500,0.385,0.007,0.608
968000,0.395,0.013,0.593
968500,0.365,0.013,0.623
969000,0.360,0.013,0.627
969500,0.354,0.012,0.634
970000,0.367,0.017,0.616
970500,0.372,0.021,0.606
971000,0.363,0.015,0.622
971500,0.385,0.010,0.605
972000,0.361,0.011,0.628
972500,0.389,0.004,0.607
973000,0.372,0.013,0.615
973500,0.360,0.018,0.623
974000,0.359,0.015,0.626
974500,0.337,0.015,0.648
975000,0.330,0.019,0.651
975500,0.362,0.012,0.626
976000,0.389,0.013,0.598
976500,0.415,0.008,0.577
977000,0.387,0.008,0.605
977500,0.371,0.004,0.625
978000,0.386,0.004,0.611
978500,0.405,0.005,0.590
979000,0.402,0.015,0.584
979500,0.366,0.013,0.620
980000,0.359,0.012,0.629
980500,0.377,0.009,0.614
981000,0.396,0.009,0.595
981500,0.381,0.003,0.617
982000,0.371,0.006,0.623
982500,0.346,0.010,0.643
983000,0.372,0.008,0.619
983500,0.360,0.014,0.626
984000,0.354,0.023,0.622
984500,0.355,0.021,0.625
985000,0.352,0.019,0.629
985500,0.354,0.018,0.628
986000,0.361,0.015,0.624
986500,0.384,0.010,0.607
987000,0.373,0.015,0.612
987500,0.393,0.015,0.592
988000,0.392,0.015,0.594
988500,0.396,0.011,0.594
989000,0.436,0.009,0.554
989500,0.408,0.007,0.585
990000,0.435,0.012,0.552
990500,0.424,0.007,0.568
991000,0.407,0.007,0.586
991500,0.399,0.008,0.593
992000,0.397,0.013,0.591
992500,0.393,0.009,0.599
993000,0.401,0.007,0.592
993500,0.409,0.009,0.581
994000,0.402,0.009,0.590
994500,0.409,0.004,0.587
995000,0.404,0.009,0.587
995500,0.399,0.005,0.596
996000,0.369,0.015,0.617
996500,0.374,0.013,0.613
997000,0.365,0.009,0.626
997500,0.385,0.014,0.601
998000,0.415,0.009,0.576
998500,0.422,0.005,0.573
999000,0.394,0.005,0.602
999500,0.388,0.003,0.610
1000000,0.378,0.013,0.610
