time,n_A+p,n_B,n_AB
500,0.080,0.846,0.074
1000,0.083,0.761,0.156
1500,0.084,0.715,0.201
2000,0.087,0.658,0.255
2500,0.089,0.622,0.289
3000,0.099,0.588,0.313
3500,0.115,0.528,0.357
4000,0.118,0.498,0.384
4500,0.113,0.482,0.405
5000,0.144,0.469,0.387
5500,0.155,0.447,0.398
6000,0.141,0.393,0.466
6500,0.144,0.353,0.503
7000,0.179,0.317,0.504
7500,0.178,0.318,0.504
8000,0.206,0.306,0.488
8500,0.218,0.298,0.484
9000,0.218,0.264,0.518
9500,0.222,0.246,0.532
10000,0.266,0.225,0.509
10500,0.295,0.207,0.498
11000,0.336,0.153,0.511
11500,0.369,0.120,0.511
12000,0.372,0.120,0.508
12500,0.421,0.107,0.472
13000,0.432,0.106,0.462
13500,0.450,0.076,0.474
14000,0.520,0.053,0.427
14500,0.562,0.037,0.401
15000,0.624,0.028,0.348
15500,0.655,0.025,0.320
16000,0.693,0.020,0.287
16500,0.710,0.017,0.273
17000,0.732,0.012,0.256
17500,0.758,0.008,0.234
18000,0.773,0.006,0.221
18500,0.799,0.004,0.197
19000,0.836,0.000,0.164
19500,0.842,0.002,0.156
20000,0.836,0.002,0.162
20500,0.841,0.001,0.158
21000,0.866,0.001,0.133
21500,0.882,0.000,0.118
22000,0.892,0.000,0.108
22500,0.905,0.000,0.095
23000,0.914,0.000,0.086
23500,0.926,0.000,0.074
24000,0.934,0.000,0.066
24500,0.947,0.000,0.053
25000,0.955,0.000,0.045
25500,0.942,0.000,0.058
26000,0.942,0.000,0.058
26500,0.942,0.000,0.058
27000,0.946,0.000,0.054
27500,0.942,0.000,0.058
28000,0.951,0.000,0.049
28500,0.961,0.000,0.039
29000,0.950,0.000,0.050
29500,0.946,0.000,0.054
30000,0.958,0.000,0.042
30500,0.952,0.000,0.048
31000,0.953,0.000,0.047
31500,0.959,0.000,0.041
32000,0.958,0.000,0.042
32500,0.954,0.000,0.046
33000,0.956,0.000,0.044
33500,0.962,0.000,0.038
34000,0.961,0.000,0.039
34500,0.967,0.000,0.033
35000,0.974,0.000,0.026
35500,0.979,0.000,0.021
36000,0.981,0.000,0.019
36500,0.984,0.000,0.016
37000,0.983,0.000,0.017
37500,0.986,0.000,0.014
38000,0.992,0.000,0.008
38500,0.992,0.000,0.008
39000,0.996,0.000,0.004
39500,0.999,0.000,0.001
40000,0.997,0.000,0.003
40500,0.997,0.000,0.003
41000,0.998,0.000,0.002
41500,0.999,0.000,0.001
42000,0.999,0.000,0.001
42500,1.000,0.000,0.000
