time,n_A+p,n_B,n_AB
100,0.030,0.960,0.010
200,0.048,0.930,0.022
300,0.039,0.923,0.038
400,0.037,0.912,0.051
500,0.041,0.912,0.047
600,0.052,0.896,0.051
700,0.049,0.901,0.050
800,0.073,0.849,0.077
900,0.073,0.827,0.100
1000,0.061,0.817,0.122
1100,0.070,0.813,0.116
1200,0.077,0.804,0.119
1300,0.063,0.798,0.139
1400,0.073,0.798,0.129
1500,0.088,0.807,0.105
1600,0.080,0.806,0.114
1700,0.096,0.764,0.140
1800,0.102,0.767,0.131
1900,0.100,0.777,0.123
2000,0.127,0.758,0.115
2100,0.133,0.718,0.149
2200,0.144,0.697,0.158
2300,0.122,0.709,0.169
2400,0.135,0.676,0.189
2500,0.138,0.667,0.195
2600,0.113,0.682,0.205
2700,0.121,0.672,0.207
2800,0.129,0.666,0.205
2900,0.150,0.635,0.215
3000,0.128,0.660,0.212
3100,0.126,0.638,0.236
3200,0.152,0.630,0.218
3300,0.160,0.613,0.227
3400,0.173,0.601,0.226
3500,0.183,0.598,0.219
3600,0.179,0.588,0.232
3700,0.209,0.562,0.229
3800,0.229,0.547,0.224
3900,0.222,0.541,0.237
4000,0.242,0.484,0.274
4100,0.247,0.451,0.303
4200,0.244,0.463,0.293
4300,0.250,0.469,0.281
4400,0.267,0.467,0.266
4500,0.304,0.435,0.261
4600,0.321,0.405,0.275
4700,0.341,0.400,0.259
4800,0.308,0.394,0.297
4900,0.319,0.377,0.304
5000,0.342,0.375,0.283
5100,0.345,0.360,0.295
5200,0.370,0.352,0.279
5300,0.377,0.325,0.298
5400,0.388,0.331,0.281
5500,0.347,0.361,0.292
5600,0.366,0.336,0.298
5700,0.378,0.349,0.273
5800,0.382,0.325,0.293
5900,0.350,0.338,0.312
6000,0.326,0.355,0.319
6100,0.303,0.374,0.323
6200,0.294,0.403,0.303
6300,0.256,0.441,0.304
6400,0.300,0.410,0.289
6500,0.307,0.393,0.300
6600,0.331,0.365,0.304
6700,0.317,0.368,0.314
6800,0.318,0.368,0.314
6900,0.316,0.358,0.326
7000,0.356,0.339,0.306
7100,0.360,0.349,0.291
7200,0.343,0.364,0.293
7300,0.347,0.329,0.323
7400,0.357,0.331,0.313
7500,0.342,0.347,0.311
7600,0.353,0.338,0.309
7700,0.365,0.338,0.297
7800,0.367,0.346,0.287
7900,0.351,0.364,0.285
8000,0.340,0.341,0.319
8100,0.351,0.318,0.331
8200,0.349,0.322,0.329
8300,0.334,0.331,0.335
8400,0.311,0.363,0.326
8500,0.329,0.350,0.320
8600,0.338,0.315,0.347
8700,0.368,0.309,0.323
8800,0.339,0.338,0.323
8900,0.349,0.337,0.314
9000,0.366,0.316,0.318
9100,0.357,0.306,0.338
9200,0.402,0.272,0.327
9300,0.402,0.272,0.326
9400,0.382,0.264,0.354
9500,0.427,0.256,0.317
9600,0.407,0.246,0.346
9700,0.395,0.288,0.317
9800,0.389,0.292,0.319
9900,0.406,0.299,0.295
10000,0.398,0.293,0.308
10100,0.398,0.274,0.328
10200,0.415,0.279,0.306
10300,0.455,0.246,0.300
10400,0.447,0.268,0.285
10500,0.406,0.283,0.311
10600,0.422,0.260,0.318
10700,0.428,0.269,0.303
10800,0.451,0.249,0.300
10900,0.478,0.249,0.273
11000,0.467,0.242,0.291
11100,0.499,0.223,0.278
11200,0.483,0.216,0.301
11300,0.508,0.196,0.296
11400,0.526,0.204,0.269
11500,0.519,0.239,0.242
11600,0.494,0.265,0.242
11700,0.503,0.260,0.237
11800,0.485,0.242,0.272
11900,0.498,0.225,0.277
12000,0.481,0.227,0.292
12100,0.495,0.216,0.289
12200,0.495,0.208,0.297
12300,0.523,0.214,0.263
12400,0.508,0.246,0.246
12500,0.534,0.221,0.245
12600,0.502,0.238,0.260
12700,0.512,0.242,0.246
12800,0.549,0.208,0.243
12900,0.527,0.217,0.257
13000,0.531,0.203,0.266
13100,0.534,0.189,0.276
13200,0.531,0.194,0.275
13300,0.545,0.179,0.276
13400,0.537,0.176,0.288
13500,0.575,0.154,0.271
13600,0.585,0.151,0.264
13700,0.579,0.161,0.260
13800,0.600,0.147,0.254
13900,0.617,0.127,0.256
14000,0.592,0.133,0.275
14100,0.594,0.138,0.268
14200,0.629,0.123,0.247
14300,0.629,0.131,0.240
14400,0.607,0.155,0.238
14500,0.607,0.149,0.244
14600,0.597,0.173,0.230
14700,0.613,0.142,0.245
14800,0.648,0.134,0.218
14900,0.644,0.127,0.228
15000,0.632,0.148,0.221
15100,0.633,0.151,0.216
15200,0.632,0.149,0.219
15300,0.636,0.138,0.226
15400,0.605,0.151,0.244
15500,0.610,0.155,0.235
15600,0.602,0.144,0.254
15700,0.637,0.133,0.229
15800,0.623,0.132,0.244
15900,0.647,0.125,0.229
16000,0.655,0.129,0.216
16100,0.669,0.109,0.222
16200,0.669,0.091,0.240
16300,0.674,0.078,0.248
16400,0.661,0.093,0.246
16500,0.668,0.097,0.236
16600,0.660,0.130,0.210
16700,0.643,0.131,0.226
16800,0.640,0.129,0.231
16900,0.676,0.108,0.217
17000,0.685,0.110,0.205
17100,0.678,0.108,0.214
17200,0.646,0.140,0.214
17300,0.682,0.117,0.201
17400,0.678,0.130,0.192
17500,0.662,0.134,0.204
17600,0.662,0.137,0.201
17700,0.636,0.163,0.201
17800,0.630,0.150,0.220
17900,0.675,0.127,0.198
18000,0.701,0.111,0.188
18100,0.689,0.100,0.211
18200,0.704,0.076,0.219
18300,0.686,0.093,0.222
18400,0.704,0.082,0.214
18500,0.718,0.095,0.187
18600,0.732,0.095,0.172
18700,0.739,0.093,0.168
18800,0.722,0.088,0.190
18900,0.742,0.081,0.177
19000,0.720,0.073,0.207
19100,0.715,0.084,0.200
19200,0.739,0.071,0.190
19300,0.721,0.101,0.178
19400,0.711,0.111,0.179
19500,0.725,0.109,0.165
19600,0.721,0.101,0.178
19700,0.721,0.095,0.185
19800,0.729,0.083,0.188
19900,0.735,0.088,0.178
20000,0.739,0.090,0.171
20100,0.751,0.077,0.172
20200,0.757,0.076,0.167
20300,0.753,0.078,0.169
20400,0.743,0.081,0.175
20500,0.727,0.092,0.181
20600,0.736,0.077,0.187
20700,0.734,0.081,0.185
20800,0.700,0.115,0.185
20900,0.713,0.109,0.178
21000,0.719,0.108,0.173
21100,0.704,0.109,0.187
21200,0.697,0.104,0.199
21300,0.694,0.099,0.207
21400,0.691,0.104,0.205
21500,0.696,0.098,0.206
21600,0.672,0.128,0.200
21700,0.697,0.126,0.177
21800,0.694,0.125,0.181
21900,0.665,0.137,0.198
22000,0.653,0.108,0.240
22100,0.649,0.133,0.218
22200,0.634,0.162,0.204
22300,0.639,0.155,0.206
22400,0.601,0.192,0.207
22500,0.584,0.188,0.228
22600,0.569,0.197,0.233
22700,0.587,0.171,0.242
22800,0.581,0.180,0.239
22900,0.595,0.150,0.255
23000,0.601,0.150,0.250
23100,0.593,0.169,0.237
23200,0.590,0.169,0.241
23300,0.588,0.153,0.260
23400,0.607,0.157,0.236
23500,0.605,0.151,0.243
23600,0.633,0.133,0.234
23700,0.629,0.146,0.225
23800,0.577,0.151,0.272
23900,0.567,0.169,0.264
24000,0.551,0.196,0.253
24100,0.535,0.183,0.282
24200,0.559,0.167,0.274
24300,0.551,0.168,0.281
24400,0.552,0.186,0.263
24500,0.569,0.157,0.274
24600,0.567,0.161,0.272
24700,0.597,0.128,0.275
24800,0.605,0.115,0.280
24900,0.597,0.136,0.267
25000,0.597,0.143,0.261
25100,0.609,0.135,0.256
25200,0.587,0.153,0.260
25300,0.569,0.178,0.253
25400,0.583,0.176,0.240
25500,0.570,0.164,0.266
25600,0.550,0.172,0.278
25700,0.572,0.182,0.246
25800,0.602,0.156,0.242
25900,0.589,0.158,0.253
26000,0.614,0.150,0.236
26100,0.586,0.168,0.246
26200,0.581,0.170,0.249
26300,0.600,0.159,0.242
26400,0.595,0.180,0.225
26500,0.590,0.179,0.231
26600,0.579,0.185,0.236
26700,0.586,0.191,0.223
26800,0.552,0.242,0.206
26900,0.570,0.212,0.217
27000,0.588,0.182,0.231
27100,0.592,0.165,0.243
27200,0.595,0.165,0.240
27300,0.619,0.151,0.230
27400,0.585,0.168,0.247
27500,0.558,0.208,0.235
27600,0.524,0.207,0.269
27700,0.519,0.210,0.272
27800,0.508,0.204,0.288
27900,0.508,0.226,0.267
28000,0.483,0.231,0.286
28100,0.470,0.269,0.261
28200,0.480,0.265,0.254
28300,0.459,0.257,0.284
28400,0.445,0.257,0.298
28500,0.424,0.292,0.283
28600,0.452,0.263,0.286
28700,0.451,0.269,0.280
28800,0.451,0.250,0.300
28900,0.453,0.224,0.323
29000,0.427,0.265,0.308
29100,0.421,0.265,0.314
29200,0.434,0.240,0.325
29300,0.444,0.214,0.343
29400,0.478,0.196,0.326
29500,0.483,0.200,0.317
29600,0.499,0.222,0.279
29700,0.502,0.219,0.279
29800,0.517,0.187,0.295
29900,0.495,0.198,0.307
30000,0.515,0.193,0.292
30100,0.540,0.202,0.258
30200,0.544,0.189,0.267
30300,0.554,0.175,0.271
30400,0.579,0.152,0.269
30500,0.538,0.157,0.304
30600,0.531,0.161,0.308
30700,0.530,0.178,0.292
30800,0.515,0.181,0.304
30900,0.508,0.209,0.283
31000,0.533,0.207,0.260
31100,0.515,0.190,0.296
31200,0.547,0.187,0.267
31300,0.507,0.196,0.297
31400,0.506,0.205,0.289
31500,0.469,0.256,0.275
31600,0.487,0.237,0.276
31700,0.536,0.191,0.274
31800,0.531,0.186,0.283
31900,0.548,0.172,0.280
32000,0.536,0.169,0.295
32100,0.519,0.200,0.281
32200,0.548,0.168,0.285
32300,0.551,0.177,0.272
32400,0.577,0.164,0.259
32500,0.597,0.137,0.265
32600,0.627,0.119,0.254
32700,0.634,0.134,0.232
32800,0.601,0.142,0.257
32900,0.590,0.136,0.275
33000,0.588,0.141,0.270
33100,0.593,0.130,0.277
33200,0.573,0.143,0.284
33300,0.576,0.139,0.285
33400,0.603,0.125,0.272
33500,0.580,0.132,0.288
33600,0.549,0.163,0.288
33700,0.520,0.172,0.308
33800,0.480,0.223,0.297
33900,0.508,0.212,0.280
34000,0.517,0.209,0.274
34100,0.499,0.203,0.299
34200,0.484,0.194,0.322
34300,0.498,0.185,0.318
34400,0.487,0.195,0.318
34500,0.481,0.221,0.298
34600,0.508,0.197,0.295
34700,0.507,0.201,0.292
34800,0.482,0.232,0.286
34900,0.466,0.232,0.302
35000,0.438,0.234,0.328
35100,0.442,0.253,0.305
35200,0.470,0.244,0.286
35300,0.460,0.246,0.294
35400,0.444,0.234,0.322
35500,0.473,0.216,0.311
35600,0.514,0.195,0.291
35700,0.503,0.207,0.290
35800,0.467,0.241,0.292
35900,0.469,0.227,0.304
36000,0.437,0.253,0.310
36100,0.412,0.267,0.321
36200,0.444,0.239,0.317
36300,0.451,0.242,0.307
36400,0.420,0.268,0.312
36500,0.417,0.275,0.308
36600,0.421,0.279,0.299
36700,0.423,0.269,0.308
36800,0.404,0.263,0.334
36900,0.389,0.267,0.345
37000,0.392,0.275,0.333
37100,0.393,0.289,0.318
37200,0.374,0.301,0.325
37300,0.380,0.314,0.306
37400,0.377,0.338,0.285
37500,0.386,0.329,0.285
37600,0.373,0.319,0.308
37700,0.386,0.293,0.320
37800,0.361,0.325,0.314
37900,0.349,0.351,0.300
38000,0.327,0.340,0.333
38100,0.336,0.320,0.344
38200,0.352,0.319,0.329
38300,0.357,0.320,0.323
38400,0.344,0.314,0.342
38500,0.352,0.318,0.331
38600,0.381,0.299,0.320
38700,0.375,0.325,0.299
38800,0.386,0.318,0.296
38900,0.380,0.331,0.289
39000,0.397,0.314,0.289
39100,0.398,0.322,0.281
39200,0.364,0.345,0.290
39300,0.372,0.364,0.264
39400,0.378,0.347,0.274
39500,0.394,0.344,0.262
39600,0.392,0.324,0.283
39700,0.378,0.306,0.315
39800,0.354,0.325,0.320
39900,0.367,0.311,0.322
40000,0.399,0.306,0.295
40100,0.373,0.332,0.296
40200,0.377,0.324,0.299
40300,0.356,0.345,0.300
40400,0.338,0.336,0.325
40500,0.325,0.354,0.321
40600,0.315,0.363,0.321
40700,0.313,0.364,0.322
40800,0.335,0.360,0.306
40900,0.285,0.382,0.332
41000,0.293,0.410,0.297
41100,0.267,0.425,0.307
41200,0.272,0.423,0.305
41300,0.299,0.402,0.300
41400,0.313,0.396,0.290
41500,0.297,0.378,0.325
41600,0.329,0.354,0.317
41700,0.341,0.333,0.327
41800,0.337,0.318,0.345
41900,0.367,0.290,0.342
42000,0.378,0.300,0.322
42100,0.442,0.262,0.296
42200,0.451,0.240,0.308
42300,0.446,0.257,0.296
42400,0.446,0.258,0.296
42500,0.466,0.237,0.297
42600,0.428,0.281,0.291
42700,0.418,0.273,0.309
42800,0.449,0.251,0.299
42900,0.469,0.222,0.310
43000,0.446,0.236,0.318
43100,0.451,0.232,0.318
43200,0.476,0.208,0.317
43300,0.445,0.211,0.344
43400,0.444,0.214,0.342
43500,0.427,0.224,0.350
43600,0.449,0.231,0.320
43700,0.457,0.239,0.304
43800,0.444,0.248,0.308
43900,0.455,0.250,0.296
44000,0.477,0.238,0.285
44100,0.446,0.281,0.272
44200,0.474,0.264,0.262
44300,0.490,0.262,0.249
44400,0.501,0.231,0.268
44500,0.490,0.248,0.262
44600,0.526,0.235,0.239
44700,0.534,0.221,0.245
44800,0.536,0.212,0.251
44900,0.514,0.243,0.243
45000,0.499,0.260,0.241
45100,0.484,0.265,0.250
45200,0.509,0.237,0.254
45300,0.543,0.218,0.239
45400,0.556,0.204,0.239
45500,0.549,0.210,0.241
45600,0.554,0.210,0.236
45700,0.520,0.219,0.261
45800,0.476,0.229,0.295
45900,0.454,0.261,0.285
46000,0.455,0.268,0.276
46100,0.438,0.264,0.298
46200,0.444,0.264,0.292
46300,0.419,0.293,0.289
46400,0.427,0.293,0.279
46500,0.428,0.281,0.292
46600,0.431,0.295,0.274
46700,0.425,0.298,0.276
46800,0.437,0.262,0.301
46900,0.442,0.278,0.279
47000,0.431,0.257,0.312
47100,0.451,0.235,0.314
47200,0.476,0.214,0.310
47300,0.495,0.193,0.312
47400,0.510,0.179,0.310
47500,0.516,0.179,0.306
47600,0.546,0.179,0.275
47700,0.541,0.169,0.289
47800,0.552,0.176,0.271
47900,0.520,0.204,0.276
48000,0.530,0.180,0.290
48100,0.534,0.188,0.278
48200,0.506,0.206,0.288
48300,0.511,0.200,0.289
48400,0.534,0.195,0.271
48500,0.544,0.200,0.256
48600,0.541,0.203,0.257
48700,0.536,0.194,0.270
48800,0.508,0.229,0.263
48900,0.503,0.231,0.266
49000,0.506,0.214,0.281
49100,0.535,0.199,0.266
49200,0.529,0.196,0.275
49300,0.526,0.212,0.262
49400,0.541,0.193,0.266
49500,0.524,0.208,0.267
49600,0.491,0.207,0.302
49700,0.487,0.219,0.294
49800,0.480,0.246,0.274
49900,0.512,0.217,0.271
50000,0.528,0.203,0.269
50100,0.508,0.198,0.295
50200,0.492,0.215,0.293
50300,0.511,0.192,0.297
50400,0.501,0.193,0.307
50500,0.513,0.190,0.297
50600,0.502,0.162,0.336
50700,0.479,0.178,0.343
50800,0.485,0.178,0.338
50900,0.445,0.230,0.325
51000,0.467,0.230,0.303
51100,0.454,0.253,0.293
51200,0.463,0.226,0.310
51300,0.465,0.217,0.318
51400,0.502,0.208,0.290
51500,0.533,0.186,0.282
51600,0.528,0.185,0.288
51700,0.528,0.204,0.268
51800,0.551,0.190,0.259
51900,0.545,0.182,0.273
52000,0.512,0.209,0.279
52100,0.504,0.214,0.282
52200,0.516,0.205,0.279
52300,0.536,0.178,0.286
52400,0.502,0.198,0.300
52500,0.505,0.196,0.299
52600,0.496,0.229,0.275
52700,0.484,0.240,0.276
52800,0.481,0.234,0.285
52900,0.497,0.212,0.291
53000,0.477,0.223,0.300
53100,0.482,0.217,0.301
53200,0.481,0.197,0.321
53300,0.509,0.192,0.299
53400,0.515,0.190,0.296
53500,0.511,0.206,0.283
53600,0.561,0.187,0.253
53700,0.595,0.144,0.260
53800,0.572,0.158,0.269
53900,0.586,0.163,0.251
54000,0.582,0.197,0.221
54100,0.567,0.210,0.224
54200,0.573,0.183,0.244
54300,0.533,0.212,0.256
54400,0.497,0.207,0.296
54500,0.492,0.223,0.285
54600,0.494,0.215,0.291
54700,0.520,0.193,0.286
54800,0.523,0.228,0.249
54900,0.535,0.204,0.261
55000,0.555,0.208,0.237
55100,0.538,0.192,0.270
55200,0.509,0.226,0.265
55300,0.495,0.215,0.290
55400,0.470,0.218,0.311
55500,0.423,0.265,0.312
55600,0.402,0.254,0.343
55700,0.420,0.244,0.336
55800,0.412,0.268,0.321
55900,0.421,0.263,0.316
56000,0.438,0.253,0.310
56100,0.454,0.231,0.315
56200,0.469,0.214,0.317
56300,0.466,0.219,0.315
56400,0.431,0.254,0.315
56500,0.453,0.215,0.331
56600,0.459,0.200,0.342
56700,0.456,0.250,0.294
56800,0.442,0.256,0.302
56900,0.394,0.293,0.313
57000,0.410,0.261,0.329
57100,0.386,0.275,0.339
57200,0.424,0.261,0.314
57300,0.458,0.244,0.298
57400,0.452,0.246,0.302
57500,0.448,0.215,0.337
57600,0.473,0.202,0.325
57700,0.483,0.210,0.307
57800,0.481,0.216,0.303
57900,0.509,0.203,0.288
58000,0.500,0.193,0.307
58100,0.494,0.200,0.306
58200,0.486,0.213,0.301
58300,0.480,0.208,0.311
58400,0.481,0.225,0.293
58500,0.501,0.210,0.289
58600,0.505,0.202,0.293
58700,0.516,0.221,0.264
58800,0.523,0.226,0.251
58900,0.532,0.213,0.255
59000,0.526,0.203,0.271
59100,0.511,0.198,0.291
59200,0.531,0.176,0.293
59300,0.500,0.185,0.315
59400,0.522,0.173,0.304
59500,0.519,0.168,0.313
59600,0.496,0.165,0.339
59700,0.474,0.176,0.350
59800,0.522,0.171,0.308
59900,0.505,0.196,0.299
60000,0.480,0.231,0.290
60100,0.522,0.205,0.273
60200,0.506,0.197,0.297
60300,0.484,0.198,0.317
60400,0.505,0.190,0.306
60500,0.502,0.214,0.283
60600,0.502,0.204,0.294
60700,0.492,0.203,0.305
60800,0.501,0.214,0.286
60900,0.489,0.214,0.297
61000,0.470,0.212,0.318
61100,0.488,0.191,0.321
61200,0.537,0.170,0.293
61300,0.541,0.181,0.278
61400,0.549,0.189,0.263
61500,0.554,0.172,0.275
61600,0.577,0.182,0.240
61700,0.576,0.174,0.250
61800,0.573,0.169,0.258
61900,0.548,0.215,0.237
62000,0.556,0.203,0.240
62100,0.563,0.178,0.259
62200,0.558,0.186,0.256
62300,0.549,0.213,0.238
62400,0.567,0.164,0.269
62500,0.557,0.180,0.263
62600,0.526,0.185,0.289
62700,0.501,0.215,0.284
62800,0.503,0.211,0.285
62900,0.478,0.231,0.292
63000,0.442,0.250,0.308
63100,0.406,0.285,0.309
63200,0.400,0.289,0.311
63300,0.399,0.286,0.315
63400,0.377,0.315,0.308
63500,0.376,0.283,0.341
63600,0.367,0.302,0.331
63700,0.410,0.282,0.308
63800,0.415,0.274,0.311
63900,0.436,0.261,0.303
64000,0.448,0.235,0.317
64100,0.413,0.264,0.323
64200,0.392,0.294,0.314
64300,0.372,0.318,0.310
64400,0.400,0.301,0.299
64500,0.378,0.290,0.332
64600,0.419,0.256,0.325
64700,0.400,0.284,0.316
64800,0.395,0.287,0.318
64900,0.403,0.299,0.298
65000,0.404,0.295,0.301
65100,0.424,0.292,0.284
65200,0.405,0.305,0.290
65300,0.377,0.329,0.293
65400,0.367,0.336,0.296
65500,0.350,0.356,0.293
65600,0.345,0.348,0.307
65700,0.358,0.331,0.311
65800,0.384,0.321,0.295
65900,0.389,0.328,0.283
66000,0.395,0.321,0.283
66100,0.392,0.313,0.296
66200,0.396,0.316,0.288
66300,0.408,0.290,0.302
66400,0.382,0.293,0.325
66500,0.386,0.283,0.330
66600,0.388,0.283,0.328
66700,0.364,0.308,0.328
66800,0.350,0.298,0.352
66900,0.377,0.303,0.320
67000,0.371,0.312,0.317
67100,0.365,0.309,0.326
67200,0.374,0.307,0.318
67300,0.338,0.336,0.327
67400,0.325,0.335,0.340
67500,0.342,0.349,0.309
67600,0.353,0.324,0.324
67700,0.350,0.349,0.301
67800,0.342,0.345,0.314
67900,0.385,0.313,0.302
68000,0.397,0.288,0.315
68100,0.409,0.287,0.304
68200,0.392,0.329,0.279
68300,0.356,0.349,0.295
68400,0.392,0.322,0.286
68500,0.412,0.322,0.266
68600,0.403,0.295,0.302
68700,0.407,0.303,0.290
68800,0.431,0.279,0.290
68900,0.437,0.254,0.309
69000,0.444,0.251,0.306
69100,0.425,0.264,0.311
69200,0.431,0.282,0.286
69300,0.426,0.273,0.301
69400,0.432,0.275,0.293
69500,0.482,0.253,0.265
69600,0.466,0.245,0.289
69700,0.468,0.242,0.290
69800,0.437,0.250,0.313
69900,0.445,0.235,0.320
70000,0.451,0.250,0.300
70100,0.492,0.229,0.278
70200,0.466,0.250,0.283
70300,0.445,0.279,0.276
70400,0.466,0.258,0.276
70500,0.471,0.258,0.270
70600,0.463,0.247,0.290
70700,0.478,0.257,0.265
70800,0.425,0.296,0.279
70900,0.410,0.315,0.274
71000,0.409,0.297,0.293
71100,0.403,0.306,0.292
71200,0.392,0.334,0.274
71300,0.412,0.313,0.275
71400,0.396,0.307,0.297
71500,0.391,0.299,0.310
71600,0.356,0.351,0.293
71700,0.347,0.342,0.310
71800,0.343,0.346,0.311
71900,0.314,0.375,0.311
72000,0.302,0.388,0.311
72100,0.305,0.411,0.284
72200,0.282,0.414,0.304
72300,0.306,0.388,0.306
72400,0.288,0.409,0.303
72500,0.288,0.409,0.304
72600,0.276,0.416,0.307
72700,0.282,0.385,0.332
72800,0.286,0.395,0.319
72900,0.252,0.416,0.332
73000,0.276,0.410,0.313
73100,0.275,0.385,0.340
73200,0.304,0.367,0.329
73300,0.329,0.345,0.326
73400,0.345,0.364,0.291
73500,0.359,0.344,0.297
73600,0.371,0.339,0.290
73700,0.381,0.311,0.307
73800,0.407,0.290,0.302
73900,0.439,0.257,0.303
74000,0.462,0.232,0.306
74100,0.468,0.224,0.308
74200,0.478,0.239,0.282
74300,0.452,0.258,0.290
74400,0.469,0.243,0.288
74500,0.516,0.234,0.250
74600,0.510,0.223,0.267
74700,0.522,0.204,0.274
74800,0.503,0.224,0.273
74900,0.494,0.228,0.278
75000,0.456,0.240,0.303
75100,0.485,0.227,0.288
75200,0.496,0.223,0.281
75300,0.478,0.260,0.261
75400,0.455,0.262,0.283
75500,0.470,0.254,0.276
75600,0.513,0.213,0.274
75700,0.530,0.194,0.276
75800,0.518,0.198,0.284
75900,0.538,0.186,0.276
76000,0.541,0.180,0.279
76100,0.519,0.177,0.304
76200,0.555,0.153,0.292
76300,0.571,0.179,0.250
76400,0.566,0.163,0.271
76500,0.583,0.172,0.246
76600,0.544,0.197,0.259
76700,0.524,0.206,0.270
76800,0.510,0.211,0.279
76900,0.515,0.214,0.271
77000,0.483,0.215,0.302
77100,0.502,0.196,0.302
77200,0.530,0.175,0.295
77300,0.544,0.179,0.278
77400,0.519,0.182,0.299
77500,0.516,0.214,0.271
77600,0.525,0.201,0.274
77700,0.566,0.166,0.268
77800,0.515,0.210,0.275
77900,0.510,0.221,0.268
78000,0.514,0.210,0.276
78100,0.519,0.224,0.257
78200,0.482,0.243,0.275
78300,0.477,0.222,0.301
78400,0.492,0.222,0.285
78500,0.536,0.162,0.303
78600,0.566,0.169,0.264
78700,0.573,0.146,0.281
78800,0.577,0.158,0.265
78900,0.565,0.168,0.267
79000,0.573,0.154,0.273
79100,0.562,0.165,0.274
79200,0.574,0.157,0.269
79300,0.570,0.150,0.280
79400,0.563,0.162,0.275
79500,0.601,0.147,0.253
79600,0.607,0.148,0.244
79700,0.598,0.137,0.265
79800,0.598,0.140,0.262
79900,0.565,0.169,0.265
80000,0.552,0.176,0.272
80100,0.547,0.174,0.279
80200,0.524,0.187,0.288
80300,0.488,0.177,0.335
80400,0.496,0.184,0.320
80500,0.528,0.162,0.310
80600,0.571,0.155,0.274
80700,0.579,0.150,0.272
80800,0.581,0.143,0.275
80900,0.584,0.136,0.281
81000,0.568,0.145,0.288
81100,0.572,0.165,0.264
81200,0.545,0.182,0.273
81300,0.571,0.176,0.253
81400,0.597,0.147,0.256
81500,0.632,0.123,0.245
81600,0.684,0.096,0.220
81700,0.657,0.112,0.231
81800,0.628,0.121,0.251
81900,0.583,0.164,0.253
82000,0.598,0.151,0.251
82100,0.594,0.134,0.272
82200,0.618,0.119,0.263
82300,0.622,0.121,0.257
82400,0.658,0.119,0.222
82500,0.662,0.098,0.240
82600,0.657,0.115,0.228
82700,0.690,0.096,0.214
82800,0.692,0.093,0.216
82900,0.710,0.100,0.191
83000,0.709,0.107,0.185
83100,0.714,0.101,0.186
83200,0.697,0.096,0.207
83300,0.676,0.112,0.212
83400,0.655,0.104,0.241
83500,0.655,0.102,0.243
83600,0.641,0.134,0.224
83700,0.701,0.094,0.204
83800,0.719,0.077,0.204
83900,0.662,0.129,0.209
84000,0.658,0.136,0.205
84100,0.668,0.115,0.217
84200,0.678,0.094,0.228
84300,0.698,0.090,0.212
84400,0.671,0.084,0.245
84500,0.655,0.109,0.236
84600,0.679,0.087,0.235
84700,0.688,0.101,0.211
84800,0.677,0.098,0.225
84900,0.711,0.085,0.204
85000,0.697,0.086,0.217
85100,0.650,0.101,0.249
85200,0.636,0.110,0.254
85300,0.623,0.129,0.247
85400,0.632,0.133,0.235
85500,0.622,0.123,0.254
85600,0.667,0.106,0.227
85700,0.671,0.107,0.222
85800,0.644,0.111,0.246
85900,0.664,0.105,0.232
86000,0.675,0.108,0.218
86100,0.669,0.114,0.217
86200,0.673,0.111,0.216
86300,0.641,0.122,0.237
86400,0.606,0.158,0.236
86500,0.636,0.137,0.228
86600,0.639,0.126,0.235
86700,0.627,0.122,0.251
86800,0.623,0.139,0.239
86900,0.623,0.144,0.233
87000,0.632,0.128,0.240
87100,0.643,0.123,0.234
87200,0.639,0.112,0.250
87300,0.640,0.126,0.234
87400,0.666,0.091,0.243
87500,0.674,0.097,0.229
87600,0.648,0.121,0.231
87700,0.653,0.111,0.236
87800,0.612,0.145,0.243
87900,0.609,0.140,0.251
88000,0.664,0.112,0.225
88100,0.670,0.109,0.221
88200,0.656,0.133,0.211
88300,0.645,0.143,0.212
88400,0.664,0.124,0.212
88500,0.669,0.123,0.208
88600,0.679,0.120,0.200
88700,0.661,0.112,0.226
88800,0.639,0.132,0.229
88900,0.621,0.149,0.230
89000,0.647,0.153,0.200
89100,0.633,0.152,0.215
89200,0.636,0.134,0.231
89300,0.611,0.148,0.241
89400,0.615,0.148,0.237
89500,0.648,0.133,0.219
89600,0.663,0.134,0.203
89700,0.642,0.142,0.216
89800,0.629,0.144,0.227
89900,0.607,0.180,0.212
90000,0.598,0.194,0.208
90100,0.586,0.183,0.231
90200,0.584,0.187,0.229
90300,0.586,0.191,0.223
90400,0.549,0.203,0.248
90500,0.556,0.194,0.250
90600,0.538,0.199,0.263
90700,0.556,0.196,0.249
90800,0.543,0.216,0.241
90900,0.520,0.217,0.263
91000,0.531,0.192,0.276
91100,0.538,0.195,0.267
91200,0.533,0.204,0.263
91300,0.503,0.217,0.281
91400,0.539,0.199,0.262
91500,0.555,0.189,0.256
91600,0.563,0.198,0.239
91700,0.595,0.176,0.228
91800,0.566,0.176,0.258
91900,0.571,0.191,0.238
92000,0.583,0.169,0.248
92100,0.583,0.166,0.251
92200,0.559,0.187,0.254
92300,0.547,0.189,0.264
92400,0.512,0.205,0.282
92500,0.512,0.208,0.281
92600,0.516,0.197,0.286
92700,0.530,0.198,0.271
92800,0.550,0.193,0.257
92900,0.565,0.183,0.252
93000,0.561,0.198,0.240
93100,0.579,0.173,0.248
93200,0.569,0.176,0.255
93300,0.590,0.175,0.235
93400,0.586,0.176,0.238
93500,0.605,0.153,0.242
93600,0.616,0.152,0.232
93700,0.657,0.137,0.206
93800,0.587,0.180,0.232
93900,0.587,0.157,0.256
94000,0.555,0.187,0.258
94100,0.522,0.222,0.256
94200,0.515,0.224,0.261
94300,0.520,0.205,0.274
94400,0.484,0.201,0.314
94500,0.474,0.227,0.299
94600,0.481,0.240,0.279
94700,0.484,0.251,0.264
94800,0.478,0.246,0.276
94900,0.481,0.243,0.276
95000,0.494,0.235,0.272
95100,0.477,0.258,0.265
95200,0.485,0.247,0.268
95300,0.505,0.223,0.272
95400,0.469,0.243,0.288
95500,0.466,0.251,0.282
95600,0.476,0.244,0.280
95700,0.522,0.200,0.279
95800,0.528,0.224,0.249
95900,0.501,0.249,0.251
96000,0.507,0.226,0.267
96100,0.531,0.201,0.267
96200,0.527,0.190,0.282
96300,0.519,0.221,0.260
96400,0.524,0.207,0.269
96500,0.532,0.214,0.254
96600,0.518,0.224,0.258
96700,0.514,0.221,0.265
96800,0.518,0.218,0.264
96900,0.536,0.226,0.238
97000,0.514,0.249,0.237
97100,0.488,0.235,0.277
97200,0.490,0.237,0.274
97300,0.527,0.208,0.265
97400,0.544,0.189,0.267
97500,0.488,0.240,0.272
97600,0.479,0.242,0.279
97700,0.459,0.267,0.274
97800,0.435,0.270,0.295
97900,0.444,0.253,0.304
98000,0.442,0.257,0.301
98100,0.424,0.271,0.304
98200,0.438,0.283,0.278
98300,0.423,0.310,0.267
98400,0.424,0.273,0.303
98500,0.416,0.292,0.292
98600,0.435,0.278,0.287
98700,0.448,0.263,0.289
98800,0.442,0.282,0.276
98900,0.427,0.278,0.296
99000,0.460,0.242,0.298
99100,0.458,0.224,0.319
99200,0.466,0.222,0.313
99300,0.459,0.225,0.316
99400,0.476,0.225,0.300
99500,0.491,0.222,0.288
99600,0.483,0.237,0.281
99700,0.477,0.240,0.282
99800,0.493,0.221,0.286
99900,0.440,0.256,0.304
100000,0.448,0.267,0.285
