time,n_A+p,n_B,n_AB
0,0.450,0.550,0.000
500,0.232,0.335,0.433
1000,0.222,0.258,0.519
1500,0.180,0.203,0.617
2000,0.175,0.185,0.640
2500,0.137,0.154,0.710
3000,0.124,0.137,0.739
3500,0.114,0.109,0.777
4000,0.122,0.135,0.743
4500,0.113,0.129,0.758
5000,0.088,0.105,0.807
5500,0.098,0.111,0.791
6000,0.120,0.100,0.780
6500,0.101,0.112,0.787
7000,0.118,0.116,0.766
7500,0.129,0.114,0.757
8000,0.108,0.090,0.802
8500,0.111,0.097,0.792
9000,0.111,0.087,0.802
9500,0.088,0.114,0.798
10000,0.114,0.093,0.794
10500,0.117,0.094,0.789
11000,0.106,0.093,0.801
11500,0.110,0.086,0.804
12000,0.123,0.075,0.803
12500,0.095,0.114,0.792
13000,0.120,0.126,0.754
13500,0.137,0.093,0.771
14000,0.125,0.100,0.775
14500,0.134,0.104,0.762
15000,0.124,0.076,0.800
15500,0.094,0.066,0.841
16000,0.108,0.097,0.796
16500,0.085,0.072,0.843
17000,0.087,0.075,0.839
17500,0.080,0.073,0.847
18000,0.113,0.092,0.795
18500,0.102,0.088,0.810
19000,0.082,0.076,0.842
19500,0.095,0.066,0.839
20000,0.070,0.094,0.836
20500,0.068,0.153,0.779
21000,0.102,0.126,0.771
21500,0.076,0.139,0.785
22000,0.072,0.091,0.837
22500,0.077,0.105,0.818
23000,0.090,0.087,0.823
23500,0.077,0.105,0.818
24000,0.086,0.100,0.814
24500,0.080,0.126,0.795
25000,0.073,0.100,0.827
25500,0.072,0.108,0.820
26000,0.072,0.077,0.852
26500,0.061,0.119,0.820
27000,0.074,0.111,0.815
27500,0.104,0.077,0.818
28000,0.097,0.081,0.822
28500,0.083,0.094,0.823
29000,0.073,0.101,0.826
29500,0.078,0.105,0.817
30000,0.071,0.114,0.815
30500,0.117,0.068,0.815
31000,0.119,0.090,0.790
31500,0.088,0.084,0.827
32000,0.093,0.119,0.789
32500,0.090,0.087,0.823
33000,0.072,0.116,0.811
33500,0.085,0.094,0.821
34000,0.073,0.108,0.819
34500,0.059,0.124,0.817
35000,0.067,0.109,0.824
35500,0.059,0.113,0.828
36000,0.065,0.098,0.838
36500,0.077,0.072,0.851
37000,0.074,0.091,0.835
37500,0.083,0.103,0.814
38000,0.097,0.088,0.815
38500,0.083,0.109,0.808
39000,0.090,0.078,0.832
39500,0.058,0.064,0.878
40000,0.074,0.072,0.854
40500,0.065,0.076,0.859
41000,0.089,0.061,0.850
41500,0.103,0.061,0.836
42000,0.088,0.068,0.844
42500,0.101,0.066,0.832
43000,0.088,0.072,0.839
43500,0.114,0.074,0.813
44000,0.084,0.058,0.858
44500,0.073,0.076,0.851
45000,0.067,0.091,0.842
45500,0.072,0.098,0.830
46000,0.096,0.074,0.830
46500,0.090,0.063,0.847
47000,0.094,0.109,0.796
47500,0.082,0.081,0.837
48000,0.102,0.102,0.796
48500,0.089,0.073,0.838
49000,0.081,0.094,0.825
49500,0.065,0.104,0.831
50000,0.065,0.095,0.841
50500,0.083,0.070,0.847
51000,0.103,0.090,0.807
51500,0.098,0.072,0.830
52000,0.091,0.076,0.833
52500,0.098,0.073,0.829
53000,0.097,0.084,0.819
53500,0.090,0.056,0.854
54000,0.112,0.076,0.811
54500,0.111,0.065,0.824
55000,0.077,0.071,0.852
55500,0.068,0.061,0.871
56000,0.088,0.071,0.841
56500,0.107,0.056,0.838
57000,0.095,0.076,0.828
57500,0.059,0.091,0.850
58000,0.088,0.099,0.813
58500,0.086,0.092,0.822
59000,0.098,0.081,0.821
59500,0.095,0.069,0.836
60000,0.094,0.071,0.835
60500,0.079,0.087,0.834
61000,0.086,0.073,0.841
61500,0.097,0.049,0.854
62000,0.076,0.063,0.860
62500,0.081,0.090,0.829
63000,0.163,0.073,0.764
63500,0.095,0.075,0.830
64000,0.107,0.075,0.819
64500,0.077,0.093,0.831
65000,0.112,0.086,0.802
65500,0.081,0.094,0.824
66000,0.108,0.069,0.822
66500,0.097,0.076,0.827
67000,0.090,0.085,0.825
67500,0.088,0.096,0.815
68000,0.090,0.086,0.824
68500,0.088,0.093,0.819
69000,0.075,0.105,0.821
69500,0.062,0.097,0.841
70000,0.070,0.092,0.838
70500,0.073,0.102,0.825
71000,0.116,0.111,0.772
71500,0.116,0.087,0.797
72000,0.102,0.086,0.812
72500,0.077,0.070,0.852
73000,0.097,0.079,0.824
73500,0.089,0.072,0.839
74000,0.098,0.066,0.836
74500,0.101,0.070,0.829
75000,0.084,0.083,0.832
75500,0.102,0.078,0.820
76000,0.106,0.073,0.821
76500,0.090,0.069,0.841
77000,0.081,0.073,0.846
77500,0.105,0.062,0.832
78000,0.093,0.076,0.831
78500,0.104,0.069,0.827
79000,0.148,0.067,0.785
79500,0.094,0.094,0.812
80000,0.084,0.093,0.824
80500,0.098,0.084,0.818
81000,0.109,0.081,0.810
81500,0.078,0.081,0.841
82000,0.064,0.102,0.834
82500,0.086,0.087,0.828
83000,0.097,0.080,0.824
83500,0.068,0.060,0.873
84000,0.084,0.090,0.826
84500,0.065,0.091,0.844
85000,0.068,0.094,0.838
85500,0.100,0.108,0.793
86000,0.083,0.111,0.806
86500,0.076,0.072,0.852
87000,0.085,0.086,0.829
87500,0.088,0.066,0.846
88000,0.067,0.114,0.819
88500,0.081,0.110,0.809
89000,0.105,0.094,0.801
89500,0.065,0.105,0.831
90000,0.067,0.091,0.842
90500,0.054,0.094,0.853
91000,0.089,0.079,0.832
91500,0.086,0.066,0.847
92000,0.080,0.070,0.850
92500,0.102,0.086,0.812
93000,0.086,0.127,0.788
93500,0.091,0.104,0.804
94000,0.062,0.123,0.815
94500,0.054,0.101,0.845
95000,0.090,0.075,0.835
95500,0.073,0.092,0.835
96000,0.094,0.094,0.813
96500,0.099,0.093,0.808
97000,0.123,0.087,0.790
97500,0.120,0.086,0.794
98000,0.113,0.102,0.785
98500,0.091,0.109,0.800
99000,0.070,0.091,0.839
99500,0.095,0.078,0.827
100000,0.126,0.100,0.774
100500,0.104,0.080,0.815
101000,0.083,0.074,0.843
101500,0.109,0.073,0.818
102000,0.101,0.082,0.817
102500,0.069,0.088,0.843
103000,0.080,0.097,0.823
103500,0.081,0.102,0.817
104000,0.063,0.149,0.788
104500,0.068,0.132,0.800
105000,0.052,0.108,0.841
105500,0.040,0.118,0.843
106000,0.073,0.092,0.835
106500,0.087,0.079,0.834
107000,0.065,0.098,0.836
107500,0.088,0.067,0.845
108000,0.084,0.090,0.826
108500,0.076,0.090,0.834
109000,0.083,0.098,0.819
109500,0.124,0.083,0.793
110000,0.104,0.095,0.802
110500,0.085,0.137,0.778
111000,0.108,0.085,0.807
111500,0.110,0.105,0.785
112000,0.129,0.074,0.797
112500,0.084,0.093,0.823
113000,0.102,0.073,0.825
113500,0.094,0.076,0.829
114000,0.122,0.074,0.804
114500,0.137,0.085,0.778
115000,0.092,0.093,0.815
115500,0.070,0.081,0.849
116000,0.085,0.067,0.848
116500,0.066,0.072,0.862
117000,0.077,0.062,0.861
117500,0.083,0.080,0.837
118000,0.093,0.055,0.852
118500,0.066,0.094,0.840
119000,0.058,0.115,0.827
119500,0.086,0.106,0.808
120000,0.086,0.090,0.825
120500,0.102,0.089,0.808
121000,0.098,0.076,0.826
121500,0.112,0.086,0.802
122000,0.099,0.103,0.798
122500,0.080,0.091,0.829
123000,0.062,0.130,0.808
123500,0.071,0.139,0.790
124000,0.079,0.107,0.814
124500,0.108,0.080,0.812
125000,0.068,0.086,0.846
125500,0.055,0.108,0.837
126000,0.066,0.093,0.841
126500,0.062,0.125,0.814
127000,0.065,0.106,0.829
127500,0.082,0.136,0.782
128000,0.079,0.121,0.800
128500,0.079,0.102,0.818
129000,0.097,0.091,0.812
129500,0.095,0.098,0.806
130000,0.085,0.127,0.788
130500,0.072,0.119,0.808
131000,0.077,0.091,0.832
131500,0.063,0.130,0.807
132000,0.073,0.111,0.815
132500,0.098,0.102,0.800
133000,0.090,0.087,0.823
133500,0.112,0.084,0.804
134000,0.091,0.105,0.804
134500,0.082,0.104,0.814
135000,0.105,0.083,0.812
135500,0.084,0.087,0.829
136000,0.116,0.075,0.809
136500,0.103,0.074,0.823
137000,0.098,0.087,0.815
137500,0.113,0.078,0.809
138000,0.118,0.101,0.781
138500,0.096,0.093,0.811
139000,0.110,0.083,0.807
139500,0.115,0.079,0.806
140000,0.102,0.091,0.807
140500,0.093,0.097,0.810
141000,0.093,0.104,0.803
141500,0.098,0.103,0.799
142000,0.091,0.107,0.802
142500,0.082,0.120,0.797
143000,0.090,0.093,0.817
143500,0.090,0.081,0.829
144000,0.093,0.104,0.804
144500,0.083,0.105,0.812
145000,0.086,0.120,0.794
145500,0.077,0.119,0.804
146000,0.084,0.104,0.811
146500,0.102,0.061,0.837
147000,0.092,0.083,0.825
147500,0.101,0.071,0.828
148000,0.105,0.065,0.830
148500,0.089,0.090,0.821
149000,0.073,0.075,0.853
149500,0.086,0.084,0.830
150000,0.097,0.077,0.826
150500,0.086,0.102,0.811
151000,0.087,0.097,0.816
151500,0.079,0.086,0.836
152000,0.101,0.058,0.841
152500,0.098,0.075,0.827
153000,0.095,0.091,0.814
153500,0.103,0.073,0.824
154000,0.083,0.078,0.839
154500,0.105,0.057,0.838
155000,0.119,0.062,0.819
155500,0.117,0.055,0.828
156000,0.128,0.055,0.817
156500,0.118,0.065,0.817
157000,0.107,0.067,0.827
157500,0.077,0.076,0.847
158000,0.121,0.076,0.803
158500,0.106,0.082,0.812
159000,0.101,0.064,0.835
159500,0.102,0.091,0.807
160000,0.074,0.081,0.845
160500,0.083,0.068,0.849
161000,0.064,0.077,0.859
161500,0.057,0.076,0.867
162000,0.063,0.083,0.854
162500,0.083,0.104,0.813
163000,0.108,0.091,0.801
163500,0.129,0.070,0.801
164000,0.104,0.072,0.824
164500,0.100,0.057,0.843
165000,0.139,0.093,0.768
165500,0.090,0.107,0.803
166000,0.083,0.083,0.834
166500,0.076,0.092,0.832
167000,0.114,0.055,0.831
167500,0.094,0.060,0.846
168000,0.079,0.080,0.841
168500,0.064,0.120,0.816
169000,0.065,0.123,0.812
169500,0.055,0.102,0.843
170000,0.066,0.104,0.830
170500,0.080,0.099,0.821
171000,0.122,0.082,0.796
171500,0.097,0.075,0.828
172000,0.109,0.061,0.829
172500,0.076,0.077,0.847
173000,0.073,0.136,0.790
173500,0.075,0.119,0.806
174000,0.076,0.108,0.815
174500,0.087,0.093,0.820
175000,0.093,0.107,0.800
175500,0.081,0.114,0.805
176000,0.063,0.113,0.824
176500,0.075,0.105,0.820
177000,0.091,0.103,0.806
177500,0.068,0.100,0.833
178000,0.071,0.092,0.837
178500,0.068,0.112,0.820
179000,0.067,0.110,0.823
179500,0.065,0.102,0.833
180000,0.048,0.112,0.839
180500,0.086,0.084,0.831
181000,0.067,0.083,0.850
181500,0.069,0.081,0.850
182000,0.086,0.097,0.818
182500,0.093,0.087,0.820
183000,0.074,0.082,0.844
183500,0.073,0.073,0.854
184000,0.092,0.083,0.825
184500,0.070,0.088,0.842
185000,0.074,0.088,0.838
185500,0.105,0.069,0.826
186000,0.091,0.084,0.824
186500,0.087,0.070,0.842
187000,0.061,0.088,0.850
187500,0.057,0.078,0.865
188000,0.058,0.085,0.857
188500,0.088,0.075,0.837
189000,0.098,0.090,0.811
189500,0.088,0.065,0.847
190000,0.080,0.113,0.807
190500,0.083,0.099,0.818
191000,0.059,0.097,0.843
191500,0.089,0.107,0.804
192000,0.090,0.124,0.786
192500,0.083,0.101,0.815
193000,0.073,0.072,0.855
193500,0.098,0.053,0.849
194000,0.086,0.083,0.832
194500,0.063,0.090,0.847
195000,0.083,0.090,0.827
195500,0.102,0.069,0.829
196000,0.111,0.087,0.802
196500,0.093,0.090,0.818
197000,0.087,0.084,0.829
197500,0.090,0.095,0.815
198000,0.114,0.102,0.784
198500,0.094,0.072,0.835
199000,0.101,0.083,0.816
199500,0.068,0.103,0.829
200000,0.093,0.078,0.829
200500,0.125,0.065,0.810
201000,0.108,0.090,0.803
201500,0.066,0.076,0.857
202000,0.093,0.074,0.833
202500,0.083,0.076,0.841
203000,0.069,0.091,0.839
203500,0.077,0.090,0.832
204000,0.055,0.107,0.838
204500,0.072,0.105,0.823
205000,0.080,0.093,0.827
205500,0.092,0.059,0.849
206000,0.081,0.062,0.857
206500,0.066,0.094,0.841
207000,0.079,0.082,0.839
207500,0.063,0.107,0.830
208000,0.070,0.086,0.844
208500,0.070,0.087,0.843
209000,0.099,0.085,0.816
209500,0.087,0.066,0.847
210000,0.088,0.081,0.831
210500,0.086,0.077,0.836
211000,0.073,0.112,0.815
211500,0.112,0.093,0.796
212000,0.096,0.074,0.830
212500,0.097,0.068,0.836
213000,0.114,0.063,0.824
213500,0.090,0.076,0.834
214000,0.094,0.080,0.826
214500,0.083,0.086,0.832
215000,0.093,0.097,0.811
215500,0.072,0.093,0.835
216000,0.077,0.107,0.817
216500,0.063,0.099,0.838
217000,0.081,0.106,0.813
217500,0.054,0.106,0.840
218000,0.084,0.087,0.829
218500,0.123,0.105,0.771
219000,0.117,0.075,0.808
219500,0.080,0.057,0.863
220000,0.120,0.054,0.826
220500,0.094,0.068,0.839
221000,0.069,0.112,0.819
221500,0.071,0.081,0.848
222000,0.090,0.095,0.815
222500,0.056,0.089,0.854
223000,0.047,0.090,0.864
223500,0.059,0.089,0.852
224000,0.056,0.133,0.810
224500,0.077,0.120,0.803
225000,0.087,0.092,0.821
225500,0.055,0.098,0.846
226000,0.054,0.099,0.847
226500,0.055,0.086,0.860
227000,0.058,0.085,0.857
227500,0.055,0.102,0.843
228000,0.058,0.077,0.864
228500,0.058,0.077,0.866
229000,0.067,0.052,0.881
229500,0.069,0.098,0.833
230000,0.075,0.066,0.859
230500,0.072,0.070,0.859
231000,0.063,0.065,0.873
231500,0.073,0.073,0.854
232000,0.094,0.069,0.837
232500,0.072,0.088,0.841
233000,0.063,0.105,0.831
233500,0.102,0.079,0.818
234000,0.086,0.105,0.808
234500,0.083,0.079,0.838
235000,0.076,0.082,0.842
235500,0.091,0.069,0.841
236000,0.052,0.094,0.853
236500,0.067,0.098,0.835
237000,0.051,0.094,0.855
237500,0.063,0.112,0.825
238000,0.073,0.104,0.823
238500,0.078,0.097,0.825
239000,0.068,0.077,0.855
239500,0.088,0.056,0.855
240000,0.083,0.059,0.859
240500,0.076,0.070,0.854
241000,0.082,0.076,0.842
241500,0.049,0.065,0.886
242000,0.092,0.061,0.847
242500,0.072,0.075,0.854
243000,0.090,0.068,0.843
243500,0.135,0.060,0.805
244000,0.111,0.061,0.828
244500,0.104,0.094,0.803
245000,0.082,0.090,0.828
245500,0.095,0.051,0.854
246000,0.069,0.116,0.815
246500,0.062,0.094,0.843
247000,0.079,0.080,0.841
247500,0.090,0.074,0.836
248000,0.110,0.085,0.805
248500,0.103,0.079,0.818
249000,0.130,0.088,0.782
249500,0.108,0.081,0.810
250000,0.095,0.102,0.803
250500,0.082,0.080,0.838
251000,0.088,0.088,0.824
251500,0.078,0.094,0.828
252000,0.075,0.099,0.826
252500,0.098,0.105,0.796
253000,0.097,0.084,0.819
253500,0.110,0.083,0.807
254000,0.092,0.104,0.804
254500,0.079,0.092,0.829
255000,0.083,0.101,0.817
255500,0.102,0.075,0.823
256000,0.111,0.068,0.822
256500,0.140,0.066,0.793
257000,0.134,0.062,0.804
257500,0.073,0.085,0.842
258000,0.079,0.090,0.832
258500,0.069,0.077,0.854
259000,0.070,0.083,0.847
259500,0.063,0.086,0.850
260000,0.088,0.080,0.832
260500,0.100,0.086,0.814
261000,0.082,0.065,0.853
261500,0.063,0.088,0.849
262000,0.063,0.115,0.822
262500,0.080,0.096,0.824
263000,0.069,0.074,0.857
263500,0.084,0.083,0.833
264000,0.100,0.087,0.813
264500,0.093,0.077,0.831
265000,0.069,0.084,0.846
265500,0.062,0.088,0.850
266000,0.100,0.083,0.818
266500,0.083,0.094,0.824
267000,0.087,0.073,0.840
267500,0.084,0.065,0.850
268000,0.057,0.096,0.847
268500,0.087,0.097,0.816
269000,0.101,0.074,0.825
269500,0.109,0.068,0.823
270000,0.100,0.067,0.834
270500,0.103,0.055,0.842
271000,0.108,0.042,0.850
271500,0.107,0.047,0.846
272000,0.079,0.048,0.874
272500,0.070,0.063,0.867
273000,0.091,0.103,0.806
273500,0.106,0.098,0.796
274000,0.079,0.105,0.816
274500,0.077,0.094,0.829
275000,0.114,0.085,0.802
275500,0.081,0.087,0.832
276000,0.053,0.106,0.841
276500,0.068,0.076,0.856
277000,0.095,0.091,0.814
277500,0.065,0.094,0.842
278000,0.094,0.091,0.815
278500,0.083,0.071,0.846
279000,0.086,0.100,0.814
279500,0.072,0.104,0.824
280000,0.113,0.104,0.783
280500,0.091,0.102,0.807
281000,0.090,0.096,0.814
281500,0.097,0.088,0.814
282000,0.068,0.104,0.828
282500,0.093,0.088,0.819
283000,0.085,0.089,0.826
283500,0.086,0.083,0.831
284000,0.083,0.108,0.810
284500,0.069,0.100,0.832
285000,0.085,0.104,0.811
285500,0.077,0.072,0.851
286000,0.120,0.058,0.822
286500,0.097,0.083,0.821
287000,0.080,0.073,0.846
287500,0.114,0.089,0.797
288000,0.076,0.101,0.824
288500,0.090,0.077,0.834
289000,0.084,0.087,0.828
289500,0.088,0.102,0.810
290000,0.098,0.093,0.810
290500,0.088,0.087,0.824
291000,0.088,0.095,0.816
291500,0.078,0.098,0.824
292000,0.075,0.099,0.826
292500,0.097,0.083,0.820
293000,0.083,0.104,0.813
293500,0.105,0.090,0.804
294000,0.080,0.068,0.852
294500,0.079,0.091,0.830
295000,0.054,0.102,0.844
295500,0.092,0.117,0.791
296000,0.092,0.130,0.778
296500,0.108,0.100,0.792
297000,0.084,0.143,0.773
297500,0.057,0.120,0.822
298000,0.054,0.100,0.846
298500,0.052,0.128,0.820
299000,0.059,0.114,0.827
299500,0.080,0.145,0.775
300000,0.098,0.092,0.810
300500,0.095,0.102,0.803
301000,0.104,0.114,0.782
301500,0.086,0.100,0.814
302000,0.128,0.078,0.794
302500,0.083,0.083,0.834
303000,0.088,0.108,0.804
303500,0.083,0.086,0.832
304000,0.065,0.100,0.835
304500,0.088,0.104,0.808
305000,0.112,0.091,0.797
305500,0.088,0.095,0.817
306000,0.083,0.076,0.842
306500,0.071,0.075,0.854
307000,0.081,0.073,0.846
307500,0.060,0.130,0.810
308000,0.092,0.132,0.776
308500,0.088,0.145,0.767
309000,0.080,0.112,0.807
309500,0.075,0.107,0.818
310000,0.082,0.098,0.820
310500,0.088,0.092,0.820
311000,0.087,0.107,0.807
311500,0.102,0.094,0.804
312000,0.074,0.084,0.842
312500,0.067,0.100,0.833
313000,0.061,0.101,0.838
313500,0.055,0.092,0.853
314000,0.065,0.108,0.827
314500,0.068,0.120,0.813
315000,0.044,0.114,0.842
315500,0.059,0.098,0.842
316000,0.105,0.098,0.797
316500,0.086,0.077,0.837
317000,0.098,0.106,0.796
317500,0.063,0.088,0.849
318000,0.091,0.097,0.811
318500,0.080,0.099,0.821
319000,0.109,0.087,0.804
319500,0.125,0.077,0.799
320000,0.078,0.116,0.806
320500,0.066,0.084,0.850
321000,0.070,0.080,0.850
321500,0.074,0.091,0.835
322000,0.097,0.076,0.828
322500,0.073,0.084,0.843
323000,0.076,0.090,0.834
323500,0.088,0.075,0.837
324000,0.081,0.114,0.804
324500,0.057,0.096,0.847
325000,0.067,0.083,0.850
325500,0.069,0.089,0.842
326000,0.051,0.086,0.863
326500,0.083,0.087,0.830
327000,0.083,0.100,0.817
327500,0.069,0.075,0.856
328000,0.070,0.077,0.852
328500,0.068,0.067,0.865
329000,0.072,0.086,0.843
329500,0.071,0.082,0.847
330000,0.077,0.059,0.864
330500,0.089,0.085,0.826
331000,0.063,0.107,0.830
331500,0.072,0.095,0.833
332000,0.070,0.097,0.832
332500,0.072,0.107,0.822
333000,0.122,0.088,0.790
333500,0.094,0.069,0.836
334000,0.116,0.049,0.835
334500,0.097,0.071,0.832
335000,0.109,0.070,0.820
335500,0.081,0.076,0.843
336000,0.101,0.084,0.815
336500,0.083,0.077,0.840
337000,0.084,0.075,0.842
337500,0.047,0.098,0.855
338000,0.066,0.098,0.836
338500,0.065,0.081,0.853
339000,0.094,0.088,0.818
339500,0.093,0.077,0.831
340000,0.086,0.099,0.815
340500,0.087,0.103,0.810
341000,0.077,0.120,0.803
341500,0.068,0.118,0.815
342000,0.063,0.075,0.862
342500,0.107,0.070,0.822
343000,0.108,0.071,0.821
343500,0.113,0.084,0.803
344000,0.075,0.072,0.854
344500,0.061,0.095,0.844
345000,0.065,0.123,0.811
345500,0.079,0.139,0.782
346000,0.060,0.115,0.825
346500,0.073,0.119,0.808
347000,0.078,0.104,0.818
347500,0.064,0.140,0.796
348000,0.065,0.101,0.835
348500,0.070,0.085,0.845
349000,0.077,0.089,0.834
349500,0.055,0.107,0.838
350000,0.080,0.110,0.810
350500,0.080,0.102,0.818
351000,0.076,0.107,0.818
351500,0.083,0.104,0.813
352000,0.078,0.108,0.814
352500,0.109,0.080,0.811
353000,0.093,0.075,0.832
353500,0.094,0.070,0.835
354000,0.083,0.073,0.844
354500,0.067,0.087,0.846
355000,0.119,0.075,0.807
355500,0.124,0.081,0.795
356000,0.079,0.086,0.835
356500,0.080,0.102,0.818
357000,0.084,0.115,0.802
357500,0.066,0.108,0.825
358000,0.060,0.097,0.843
358500,0.063,0.081,0.856
359000,0.086,0.128,0.786
359500,0.083,0.084,0.833
360000,0.080,0.094,0.826
360500,0.102,0.078,0.820
361000,0.108,0.075,0.817
361500,0.141,0.063,0.795
362000,0.084,0.087,0.828
362500,0.081,0.095,0.824
363000,0.087,0.093,0.820
363500,0.081,0.115,0.804
364000,0.087,0.083,0.830
364500,0.063,0.083,0.854
365000,0.081,0.055,0.864
365500,0.083,0.073,0.843
366000,0.084,0.097,0.820
366500,0.084,0.093,0.823
367000,0.075,0.122,0.803
367500,0.080,0.102,0.818
368000,0.072,0.107,0.821
368500,0.076,0.107,0.818
369000,0.061,0.102,0.836
369500,0.066,0.119,0.814
370000,0.068,0.105,0.827
370500,0.055,0.092,0.853
371000,0.064,0.107,0.829
371500,0.063,0.083,0.853
372000,0.062,0.100,0.839
372500,0.056,0.109,0.835
373000,0.083,0.083,0.835
373500,0.089,0.084,0.827
374000,0.097,0.080,0.823
374500,0.099,0.093,0.808
375000,0.075,0.087,0.839
375500,0.066,0.091,0.843
376000,0.072,0.078,0.850
376500,0.091,0.098,0.810
377000,0.091,0.063,0.846
377500,0.083,0.081,0.836
378000,0.097,0.084,0.819
378500,0.120,0.091,0.789
379000,0.067,0.100,0.834
379500,0.082,0.084,0.834
380000,0.071,0.097,0.832
380500,0.070,0.102,0.828
381000,0.102,0.102,0.796
381500,0.089,0.082,0.829
382000,0.069,0.076,0.856
382500,0.054,0.079,0.867
383000,0.076,0.073,0.852
383500,0.062,0.086,0.852
384000,0.084,0.077,0.839
384500,0.073,0.081,0.846
385000,0.062,0.070,0.868
385500,0.050,0.091,0.859
386000,0.052,0.077,0.871
386500,0.058,0.091,0.852
387000,0.047,0.125,0.828
387500,0.065,0.127,0.808
388000,0.076,0.107,0.817
388500,0.090,0.097,0.813
389000,0.099,0.072,0.829
389500,0.114,0.067,0.819
390000,0.104,0.077,0.819
390500,0.073,0.108,0.818
391000,0.101,0.086,0.814
391500,0.108,0.063,0.829
392000,0.105,0.089,0.806
392500,0.084,0.100,0.816
393000,0.094,0.078,0.828
393500,0.084,0.090,0.827
394000,0.097,0.094,0.808
394500,0.063,0.124,0.813
395000,0.083,0.103,0.814
395500,0.074,0.091,0.835
396000,0.073,0.078,0.849
396500,0.058,0.091,0.852
397000,0.056,0.100,0.844
397500,0.077,0.089,0.834
398000,0.068,0.076,0.856
398500,0.093,0.053,0.854
399000,0.099,0.075,0.827
399500,0.115,0.072,0.813
400000,0.116,0.074,0.810
400500,0.080,0.093,0.827
401000,0.066,0.095,0.838
401500,0.093,0.077,0.829
402000,0.107,0.068,0.826
402500,0.089,0.087,0.824
403000,0.109,0.059,0.832
403500,0.112,0.075,0.813
404000,0.074,0.102,0.824
404500,0.068,0.098,0.834
405000,0.066,0.125,0.809
405500,0.095,0.114,0.790
406000,0.090,0.097,0.813
406500,0.075,0.141,0.784
407000,0.112,0.107,0.782
407500,0.108,0.079,0.813
408000,0.098,0.073,0.828
408500,0.095,0.061,0.844
409000,0.081,0.104,0.815
409500,0.090,0.104,0.806
410000,0.086,0.072,0.842
410500,0.105,0.076,0.820
411000,0.076,0.072,0.852
411500,0.080,0.063,0.857
412000,0.115,0.051,0.835
412500,0.111,0.074,0.815
413000,0.074,0.072,0.854
413500,0.067,0.057,0.876
414000,0.072,0.142,0.786
414500,0.059,0.103,0.838
415000,0.084,0.093,0.824
415500,0.111,0.070,0.820
416000,0.093,0.076,0.831
416500,0.080,0.077,0.842
417000,0.097,0.093,0.810
417500,0.096,0.070,0.834
418000,0.109,0.069,0.822
418500,0.105,0.066,0.829
419000,0.103,0.112,0.785
419500,0.091,0.121,0.788
420000,0.104,0.099,0.797
420500,0.112,0.094,0.794
421000,0.059,0.093,0.848
421500,0.076,0.074,0.850
422000,0.091,0.094,0.815
422500,0.128,0.080,0.792
423000,0.092,0.082,0.826
423500,0.100,0.076,0.824
424000,0.095,0.088,0.817
424500,0.095,0.080,0.824
425000,0.083,0.071,0.846
425500,0.114,0.092,0.795
426000,0.085,0.088,0.827
426500,0.081,0.082,0.837
427000,0.054,0.084,0.863
427500,0.063,0.097,0.840
428000,0.111,0.083,0.806
428500,0.087,0.102,0.811
429000,0.072,0.075,0.853
429500,0.073,0.083,0.844
430000,0.062,0.087,0.852
430500,0.096,0.086,0.818
431000,0.090,0.113,0.797
431500,0.070,0.097,0.833
432000,0.084,0.093,0.823
432500,0.079,0.105,0.815
433000,0.108,0.081,0.811
433500,0.105,0.079,0.816
434000,0.105,0.100,0.795
434500,0.095,0.078,0.827
435000,0.105,0.109,0.786
435500,0.084,0.123,0.793
436000,0.079,0.085,0.836
436500,0.091,0.078,0.831
437000,0.087,0.086,0.827
437500,0.094,0.088,0.818
438000,0.084,0.073,0.843
438500,0.122,0.072,0.807
439000,0.111,0.075,0.814
439500,0.115,0.052,0.833
440000,0.095,0.092,0.813
440500,0.076,0.100,0.824
441000,0.063,0.080,0.857
441500,0.082,0.077,0.841
442000,0.062,0.104,0.834
442500,0.059,0.090,0.852
443000,0.097,0.089,0.814
443500,0.081,0.057,0.861
444000,0.104,0.065,0.831
444500,0.098,0.060,0.842
445000,0.082,0.087,0.831
445500,0.076,0.075,0.849
446000,0.068,0.086,0.846
446500,0.087,0.062,0.851
447000,0.077,0.054,0.869
447500,0.076,0.066,0.858
448000,0.067,0.099,0.834
448500,0.088,0.065,0.846
449000,0.108,0.061,0.831
449500,0.076,0.075,0.849
450000,0.086,0.076,0.838
450500,0.093,0.069,0.838
451000,0.088,0.063,0.849
451500,0.093,0.072,0.835
452000,0.077,0.082,0.841
452500,0.091,0.095,0.814
453000,0.079,0.114,0.807
453500,0.080,0.097,0.823
454000,0.086,0.101,0.814
454500,0.063,0.132,0.804
455000,0.089,0.124,0.787
455500,0.088,0.096,0.815
456000,0.094,0.084,0.822
456500,0.082,0.078,0.840
457000,0.088,0.129,0.783
457500,0.115,0.125,0.760
458000,0.111,0.113,0.776
458500,0.079,0.146,0.775
459000,0.123,0.095,0.782
459500,0.075,0.120,0.805
460000,0.071,0.111,0.818
460500,0.083,0.110,0.807
461000,0.103,0.094,0.803
461500,0.105,0.114,0.781
462000,0.090,0.103,0.807
462500,0.092,0.093,0.815
463000,0.100,0.072,0.829
463500,0.111,0.093,0.797
464000,0.104,0.074,0.822
464500,0.084,0.112,0.804
465000,0.091,0.093,0.816
465500,0.087,0.064,0.849
466000,0.127,0.101,0.771
466500,0.112,0.100,0.788
467000,0.097,0.068,0.836
467500,0.065,0.134,0.802
468000,0.105,0.121,0.774
468500,0.094,0.127,0.779
469000,0.104,0.086,0.810
469500,0.101,0.122,0.778
470000,0.067,0.093,0.840
470500,0.058,0.100,0.842
471000,0.081,0.076,0.842
471500,0.077,0.072,0.851
472000,0.061,0.081,0.858
472500,0.075,0.101,0.824
473000,0.069,0.102,0.828
473500,0.079,0.077,0.844
474000,0.071,0.095,0.834
474500,0.107,0.113,0.780
475000,0.082,0.091,0.827
475500,0.098,0.097,0.806
476000,0.079,0.087,0.834
476500,0.073,0.099,0.828
477000,0.069,0.077,0.853
477500,0.068,0.083,0.849
478000,0.072,0.118,0.810
478500,0.081,0.073,0.846
479000,0.077,0.083,0.841
479500,0.055,0.114,0.831
480000,0.072,0.085,0.843
480500,0.072,0.080,0.848
481000,0.088,0.086,0.826
481500,0.089,0.077,0.834
482000,0.065,0.103,0.832
482500,0.054,0.086,0.861
483000,0.069,0.065,0.866
483500,0.057,0.083,0.860
484000,0.059,0.083,0.859
484500,0.067,0.098,0.835
485000,0.081,0.079,0.840
485500,0.087,0.097,0.816
486000,0.072,0.091,0.837
486500,0.090,0.101,0.810
487000,0.102,0.093,0.806
487500,0.091,0.076,0.832
488000,0.109,0.073,0.817
488500,0.107,0.077,0.817
489000,0.093,0.069,0.839
489500,0.120,0.098,0.782
490000,0.068,0.088,0.844
490500,0.081,0.096,0.822
491000,0.088,0.083,0.829
491500,0.076,0.079,0.845
492000,0.070,0.091,0.839
492500,0.084,0.098,0.818
493000,0.069,0.097,0.835
493500,0.059,0.080,0.861
494000,0.075,0.094,0.831
494500,0.114,0.084,0.802
495000,0.096,0.083,0.821
495500,0.079,0.068,0.854
496000,0.078,0.089,0.833
496500,0.108,0.094,0.799
497000,0.066,0.134,0.799
497500,0.084,0.123,0.792
498000,0.063,0.131,0.806
498500,0.053,0.122,0.825
499000,0.103,0.116,0.781
499500,0.123,0.088,0.789
500000,0.094,0.069,0.838
500500,0.066,0.083,0.851
501000,0.075,0.079,0.846
501500,0.084,0.067,0.849
502000,0.085,0.086,0.829
502500,0.112,0.051,0.837
503000,0.122,0.052,0.826
503500,0.123,0.051,0.825
504000,0.094,0.106,0.800
504500,0.105,0.097,0.798
505000,0.082,0.086,0.832
505500,0.088,0.076,0.836
506000,0.097,0.058,0.845
506500,0.066,0.093,0.841
507000,0.067,0.098,0.835
507500,0.068,0.088,0.844
508000,0.055,0.080,0.865
508500,0.100,0.075,0.825
509000,0.114,0.079,0.807
509500,0.084,0.097,0.820
510000,0.096,0.105,0.799
510500,0.069,0.100,0.831
511000,0.100,0.082,0.818
511500,0.115,0.075,0.810
512000,0.073,0.072,0.854
512500,0.107,0.068,0.825
513000,0.079,0.076,0.845
513500,0.090,0.090,0.820
514000,0.073,0.074,0.853
514500,0.114,0.063,0.823
515000,0.080,0.068,0.852
515500,0.077,0.103,0.820
516000,0.080,0.097,0.823
516500,0.058,0.078,0.864
517000,0.076,0.080,0.844
517500,0.068,0.086,0.846
518000,0.104,0.082,0.814
518500,0.097,0.107,0.797
519000,0.116,0.094,0.790
519500,0.085,0.068,0.847
520000,0.104,0.064,0.832
520500,0.107,0.088,0.805
521000,0.118,0.068,0.814
521500,0.091,0.109,0.799
522000,0.075,0.116,0.809
522500,0.079,0.095,0.825
523000,0.054,0.066,0.880
523500,0.092,0.094,0.814
524000,0.060,0.111,0.829
524500,0.072,0.093,0.835
525000,0.065,0.076,0.860
525500,0.079,0.077,0.844
526000,0.095,0.092,0.813
526500,0.111,0.091,0.798
527000,0.097,0.081,0.822
527500,0.074,0.086,0.840
528000,0.079,0.087,0.834
528500,0.056,0.093,0.850
529000,0.054,0.086,0.860
529500,0.058,0.109,0.834
530000,0.079,0.116,0.805
530500,0.084,0.134,0.782
531000,0.087,0.123,0.790
531500,0.133,0.080,0.787
532000,0.147,0.074,0.779
532500,0.111,0.093,0.796
533000,0.112,0.071,0.817
533500,0.115,0.080,0.806
534000,0.107,0.086,0.807
534500,0.125,0.071,0.804
535000,0.110,0.052,0.838
535500,0.125,0.065,0.811
536000,0.090,0.075,0.835
536500,0.099,0.069,0.832
537000,0.101,0.122,0.777
537500,0.102,0.086,0.811
538000,0.086,0.094,0.820
538500,0.093,0.102,0.806
539000,0.077,0.110,0.813
539500,0.076,0.123,0.802
540000,0.102,0.120,0.778
540500,0.069,0.114,0.817
541000,0.088,0.105,0.807
541500,0.057,0.091,0.852
542000,0.109,0.073,0.818
542500,0.111,0.103,0.786
543000,0.108,0.086,0.807
543500,0.112,0.097,0.790
544000,0.147,0.077,0.776
544500,0.140,0.075,0.785
545000,0.109,0.097,0.793
545500,0.095,0.075,0.830
546000,0.096,0.080,0.824
546500,0.091,0.080,0.829
547000,0.103,0.084,0.813
547500,0.077,0.094,0.829
548000,0.090,0.086,0.824
548500,0.082,0.088,0.830
549000,0.063,0.076,0.861
549500,0.091,0.058,0.850
550000,0.070,0.069,0.861
550500,0.068,0.057,0.875
551000,0.061,0.056,0.883
551500,0.090,0.058,0.852
552000,0.079,0.080,0.842
552500,0.095,0.057,0.848
553000,0.087,0.064,0.849
553500,0.100,0.051,0.849
554000,0.082,0.080,0.838
554500,0.058,0.093,0.849
555000,0.038,0.123,0.839
555500,0.073,0.104,0.823
556000,0.091,0.076,0.833
556500,0.080,0.070,0.850
557000,0.055,0.083,0.862
557500,0.077,0.085,0.838
558000,0.105,0.063,0.831
558500,0.087,0.087,0.826
559000,0.109,0.075,0.816
559500,0.086,0.065,0.849
560000,0.065,0.073,0.862
560500,0.081,0.058,0.861
561000,0.055,0.081,0.864
561500,0.090,0.095,0.815
562000,0.088,0.098,0.814
562500,0.066,0.074,0.860
563000,0.066,0.061,0.873
563500,0.069,0.074,0.857
564000,0.077,0.093,0.831
564500,0.051,0.084,0.866
565000,0.077,0.081,0.842
565500,0.106,0.079,0.815
566000,0.081,0.104,0.814
566500,0.083,0.093,0.824
567000,0.055,0.091,0.854
567500,0.080,0.081,0.839
568000,0.094,0.073,0.833
568500,0.084,0.104,0.812
569000,0.070,0.140,0.790
569500,0.081,0.110,0.808
570000,0.112,0.091,0.796
570500,0.078,0.112,0.810
571000,0.076,0.085,0.839
571500,0.070,0.097,0.833
572000,0.072,0.082,0.846
572500,0.061,0.088,0.852
573000,0.080,0.088,0.832
573500,0.079,0.103,0.818
574000,0.102,0.092,0.806
574500,0.079,0.111,0.810
575000,0.073,0.118,0.810
575500,0.102,0.105,0.793
576000,0.105,0.066,0.829
576500,0.086,0.110,0.804
577000,0.090,0.086,0.825
577500,0.084,0.085,0.831
578000,0.079,0.090,0.831
578500,0.076,0.112,0.812
579000,0.085,0.081,0.834
579500,0.069,0.127,0.804
580000,0.072,0.107,0.821
580500,0.087,0.095,0.818
581000,0.126,0.073,0.801
581500,0.096,0.117,0.787
582000,0.080,0.101,0.819
582500,0.075,0.083,0.843
583000,0.059,0.108,0.833
583500,0.062,0.084,0.854
584000,0.070,0.083,0.846
584500,0.060,0.069,0.871
585000,0.078,0.079,0.843
585500,0.096,0.061,0.843
586000,0.084,0.056,0.859
586500,0.078,0.048,0.874
587000,0.068,0.091,0.841
587500,0.063,0.093,0.845
588000,0.076,0.091,0.834
588500,0.071,0.098,0.831
589000,0.096,0.098,0.806
589500,0.087,0.084,0.829
590000,0.069,0.127,0.804
590500,0.090,0.098,0.813
591000,0.100,0.101,0.799
591500,0.079,0.091,0.829
592000,0.090,0.109,0.802
592500,0.068,0.099,0.834
593000,0.081,0.124,0.795
593500,0.076,0.116,0.808
594000,0.106,0.097,0.797
594500,0.105,0.081,0.814
595000,0.075,0.131,0.795
595500,0.070,0.093,0.837
596000,0.103,0.081,0.816
596500,0.108,0.086,0.806
597000,0.115,0.093,0.792
597500,0.081,0.116,0.802
598000,0.098,0.107,0.795
598500,0.100,0.080,0.820
599000,0.081,0.077,0.841
599500,0.063,0.104,0.832
600000,0.080,0.094,0.826
600500,0.066,0.069,0.865
601000,0.088,0.095,0.816
601500,0.079,0.063,0.859
602000,0.070,0.072,0.858
602500,0.079,0.073,0.848
603000,0.095,0.072,0.833
603500,0.109,0.068,0.824
604000,0.081,0.076,0.842
604500,0.065,0.106,0.829
605000,0.087,0.136,0.777
605500,0.107,0.101,0.793
606000,0.101,0.111,0.788
606500,0.088,0.102,0.810
607000,0.094,0.111,0.795
607500,0.091,0.097,0.812
608000,0.069,0.108,0.822
608500,0.102,0.101,0.797
609000,0.093,0.077,0.830
609500,0.070,0.082,0.848
610000,0.070,0.081,0.849
610500,0.065,0.084,0.850
611000,0.062,0.094,0.844
611500,0.080,0.088,0.832
612000,0.079,0.093,0.828
612500,0.068,0.113,0.819
613000,0.045,0.096,0.859
613500,0.049,0.111,0.840
614000,0.062,0.134,0.804
614500,0.068,0.108,0.824
615000,0.062,0.096,0.842
615500,0.063,0.091,0.846
616000,0.076,0.119,0.806
616500,0.081,0.078,0.841
617000,0.088,0.088,0.824
617500,0.087,0.072,0.841
618000,0.080,0.088,0.832
618500,0.077,0.118,0.806
619000,0.101,0.086,0.814
619500,0.064,0.114,0.822
620000,0.049,0.105,0.846
620500,0.059,0.098,0.842
621000,0.083,0.089,0.828
621500,0.078,0.095,0.827
622000,0.075,0.093,0.833
622500,0.077,0.118,0.806
623000,0.100,0.126,0.774
623500,0.091,0.108,0.801
624000,0.089,0.093,0.818
624500,0.091,0.093,0.815
625000,0.119,0.075,0.807
625500,0.128,0.094,0.778
626000,0.142,0.091,0.767
626500,0.116,0.074,0.810
627000,0.096,0.085,0.819
627500,0.097,0.107,0.796
628000,0.095,0.101,0.804
628500,0.064,0.107,0.829
629000,0.075,0.089,0.836
629500,0.079,0.095,0.826
630000,0.077,0.097,0.826
630500,0.106,0.086,0.808
631000,0.089,0.105,0.806
631500,0.115,0.063,0.822
632000,0.077,0.084,0.839
632500,0.044,0.099,0.857
633000,0.076,0.093,0.831
633500,0.073,0.115,0.811
634000,0.062,0.137,0.801
634500,0.075,0.120,0.805
635000,0.066,0.114,0.820
635500,0.072,0.101,0.827
636000,0.081,0.092,0.827
636500,0.068,0.103,0.829
637000,0.062,0.091,0.847
637500,0.100,0.083,0.817
638000,0.090,0.070,0.841
638500,0.069,0.069,0.862
639000,0.093,0.092,0.815
639500,0.084,0.096,0.820
640000,0.097,0.076,0.828
640500,0.093,0.076,0.832
641000,0.052,0.093,0.854
641500,0.068,0.107,0.826
642000,0.086,0.094,0.820
642500,0.104,0.070,0.827
643000,0.113,0.072,0.815
643500,0.093,0.080,0.827
644000,0.081,0.090,0.829
644500,0.081,0.093,0.826
645000,0.083,0.081,0.836
645500,0.078,0.090,0.832
646000,0.061,0.083,0.856
646500,0.066,0.086,0.848
647000,0.079,0.071,0.850
647500,0.097,0.098,0.805
648000,0.077,0.083,0.841
648500,0.074,0.097,0.829
649000,0.066,0.104,0.830
649500,0.072,0.101,0.827
650000,0.048,0.097,0.856
650500,0.108,0.095,0.797
651000,0.086,0.108,0.806
651500,0.098,0.116,0.785
652000,0.084,0.111,0.805
652500,0.051,0.078,0.871
653000,0.081,0.085,0.834
653500,0.095,0.086,0.818
654000,0.088,0.072,0.839
654500,0.088,0.082,0.830
655000,0.085,0.066,0.849
655500,0.061,0.068,0.872
656000,0.111,0.065,0.824
656500,0.066,0.095,0.839
657000,0.102,0.087,0.811
657500,0.092,0.086,0.822
658000,0.103,0.093,0.804
658500,0.091,0.085,0.824
659000,0.056,0.135,0.808
659500,0.102,0.085,0.813
660000,0.068,0.089,0.843
660500,0.108,0.095,0.797
661000,0.108,0.088,0.804
661500,0.085,0.076,0.839
662000,0.087,0.073,0.840
662500,0.068,0.066,0.866
663000,0.122,0.053,0.825
663500,0.114,0.071,0.815
664000,0.086,0.077,0.837
664500,0.075,0.092,0.834
665000,0.106,0.094,0.800
665500,0.093,0.090,0.818
666000,0.081,0.094,0.825
666500,0.128,0.088,0.784
667000,0.094,0.098,0.807
667500,0.059,0.102,0.839
668000,0.086,0.119,0.795
668500,0.061,0.126,0.813
669000,0.133,0.082,0.785
669500,0.095,0.118,0.787
670000,0.088,0.076,0.835
670500,0.101,0.058,0.841
671000,0.084,0.069,0.847
671500,0.066,0.145,0.789
672000,0.072,0.118,0.810
672500,0.074,0.099,0.827
673000,0.058,0.085,0.857
673500,0.078,0.109,0.813
674000,0.070,0.100,0.830
674500,0.062,0.095,0.842
675000,0.089,0.096,0.815
675500,0.084,0.081,0.835
676000,0.066,0.102,0.832
676500,0.073,0.082,0.845
677000,0.069,0.097,0.835
677500,0.049,0.107,0.844
678000,0.079,0.077,0.844
678500,0.070,0.079,0.851
679000,0.094,0.094,0.812
679500,0.111,0.093,0.796
680000,0.086,0.079,0.835
680500,0.097,0.090,0.813
681000,0.069,0.083,0.848
681500,0.116,0.079,0.804
682000,0.091,0.083,0.826
682500,0.109,0.088,0.803
683000,0.094,0.072,0.834
683500,0.121,0.057,0.822
684000,0.122,0.093,0.785
684500,0.108,0.077,0.814
685000,0.108,0.077,0.814
685500,0.124,0.091,0.785
686000,0.076,0.080,0.843
686500,0.062,0.074,0.864
687000,0.093,0.086,0.822
687500,0.077,0.058,0.865
688000,0.095,0.068,0.837
688500,0.086,0.053,0.861
689000,0.102,0.065,0.834
689500,0.089,0.081,0.830
690000,0.080,0.054,0.866
690500,0.079,0.075,0.846
691000,0.103,0.061,0.836
691500,0.080,0.066,0.854
692000,0.068,0.085,0.847
692500,0.062,0.112,0.827
693000,0.071,0.088,0.841
693500,0.074,0.084,0.842
694000,0.072,0.072,0.856
694500,0.111,0.091,0.799
695000,0.088,0.106,0.806
695500,0.087,0.087,0.826
696000,0.114,0.058,0.829
696500,0.113,0.047,0.841
697000,0.083,0.083,0.835
697500,0.069,0.100,0.831
698000,0.057,0.109,0.834
698500,0.058,0.101,0.842
699000,0.084,0.091,0.824
699500,0.082,0.072,0.846
700000,0.096,0.123,0.781
700500,0.081,0.114,0.805
701000,0.084,0.101,0.815
701500,0.078,0.089,0.833
702000,0.110,0.076,0.814
702500,0.093,0.105,0.802
703000,0.112,0.090,0.799
703500,0.057,0.122,0.821
704000,0.089,0.097,0.814
704500,0.116,0.071,0.813
705000,0.069,0.099,0.832
705500,0.093,0.090,0.817
706000,0.072,0.122,0.807
706500,0.112,0.091,0.797
707000,0.073,0.088,0.839
707500,0.079,0.101,0.820
708000,0.091,0.083,0.826
708500,0.097,0.083,0.820
709000,0.092,0.104,0.804
709500,0.102,0.097,0.802
710000,0.098,0.091,0.810
710500,0.078,0.104,0.818
711000,0.088,0.080,0.832
711500,0.079,0.094,0.827
712000,0.116,0.070,0.814
712500,0.140,0.058,0.802
713000,0.079,0.081,0.839
713500,0.068,0.081,0.852
714000,0.058,0.090,0.852
714500,0.068,0.079,0.853
715000,0.087,0.058,0.855
715500,0.085,0.079,0.836
716000,0.076,0.094,0.830
716500,0.058,0.076,0.867
717000,0.080,0.087,0.832
717500,0.095,0.095,0.810
718000,0.076,0.108,0.815
718500,0.088,0.090,0.822
719000,0.120,0.065,0.815
719500,0.090,0.083,0.827
720000,0.080,0.071,0.849
720500,0.095,0.091,0.814
721000,0.097,0.093,0.811
721500,0.080,0.076,0.845
722000,0.109,0.058,0.834
722500,0.088,0.102,0.809
723000,0.068,0.122,0.811
723500,0.062,0.121,0.817
724000,0.053,0.118,0.829
724500,0.049,0.129,0.822
725000,0.065,0.077,0.858
725500,0.092,0.094,0.814
726000,0.102,0.078,0.820
726500,0.071,0.078,0.851
727000,0.065,0.080,0.855
727500,0.119,0.059,0.822
728000,0.095,0.105,0.800
728500,0.072,0.090,0.838
729000,0.077,0.098,0.824
729500,0.079,0.095,0.826
730000,0.073,0.118,0.809
730500,0.098,0.094,0.807
731000,0.112,0.086,0.802
731500,0.102,0.098,0.799
732000,0.063,0.086,0.850
732500,0.072,0.092,0.836
733000,0.075,0.133,0.792
733500,0.095,0.104,0.800
734000,0.077,0.086,0.837
734500,0.091,0.077,0.832
735000,0.064,0.073,0.863
735500,0.057,0.095,0.848
736000,0.066,0.088,0.846
736500,0.063,0.087,0.850
737000,0.055,0.099,0.846
737500,0.091,0.100,0.808
738000,0.109,0.130,0.761
738500,0.101,0.100,0.800
739000,0.117,0.077,0.806
739500,0.089,0.086,0.825
740000,0.060,0.112,0.828
740500,0.081,0.117,0.802
741000,0.068,0.118,0.814
741500,0.072,0.086,0.842
742000,0.077,0.092,0.831
742500,0.074,0.110,0.816
743000,0.066,0.132,0.802
743500,0.091,0.101,0.807
744000,0.083,0.093,0.824
744500,0.056,0.120,0.823
745000,0.065,0.103,0.832
745500,0.078,0.112,0.810
746000,0.081,0.111,0.807
746500,0.136,0.087,0.777
747000,0.095,0.081,0.824
747500,0.100,0.099,0.802
748000,0.083,0.077,0.841
748500,0.074,0.080,0.846
749000,0.088,0.084,0.828
749500,0.107,0.085,0.808
750000,0.076,0.088,0.835
750500,0.079,0.070,0.850
751000,0.100,0.079,0.821
751500,0.085,0.086,0.829
752000,0.079,0.093,0.828
752500,0.083,0.093,0.824
753000,0.059,0.087,0.854
753500,0.055,0.077,0.868
754000,0.083,0.063,0.854
754500,0.070,0.094,0.836
755000,0.063,0.077,0.860
755500,0.056,0.107,0.837
756000,0.068,0.105,0.827
756500,0.055,0.097,0.848
757000,0.058,0.080,0.863
757500,0.058,0.099,0.843
758000,0.055,0.109,0.836
758500,0.064,0.131,0.805
759000,0.049,0.120,0.830
759500,0.118,0.086,0.797
760000,0.116,0.076,0.808
760500,0.065,0.095,0.840
761000,0.079,0.098,0.824
761500,0.085,0.100,0.815
762000,0.099,0.083,0.818
762500,0.080,0.105,0.814
763000,0.083,0.087,0.830
763500,0.078,0.092,0.830
764000,0.089,0.093,0.818
764500,0.069,0.115,0.816
765000,0.092,0.084,0.824
765500,0.117,0.088,0.795
766000,0.104,0.100,0.796
766500,0.099,0.107,0.794
767000,0.084,0.084,0.832
767500,0.072,0.099,0.829
768000,0.086,0.093,0.821
768500,0.079,0.090,0.831
769000,0.074,0.114,0.812
769500,0.062,0.101,0.836
770000,0.068,0.081,0.850
770500,0.095,0.093,0.811
771000,0.075,0.112,0.813
771500,0.073,0.106,0.821
772000,0.079,0.081,0.840
772500,0.100,0.101,0.799
773000,0.075,0.078,0.847
773500,0.056,0.100,0.844
774000,0.088,0.085,0.827
774500,0.088,0.081,0.831
775000,0.100,0.080,0.821
775500,0.099,0.050,0.851
776000,0.088,0.068,0.843
776500,0.103,0.061,0.836
777000,0.119,0.066,0.815
777500,0.095,0.076,0.829
778000,0.092,0.080,0.828
778500,0.077,0.072,0.852
779000,0.119,0.045,0.835
779500,0.098,0.071,0.831
780000,0.081,0.077,0.842
780500,0.090,0.093,0.817
781000,0.123,0.091,0.786
781500,0.097,0.086,0.817
782000,0.070,0.091,0.839
782500,0.112,0.075,0.814
783000,0.099,0.068,0.833
783500,0.078,0.090,0.832
784000,0.127,0.073,0.800
784500,0.081,0.115,0.804
785000,0.094,0.089,0.817
785500,0.077,0.081,0.842
786000,0.093,0.076,0.831
786500,0.105,0.061,0.834
787000,0.078,0.057,0.865
787500,0.063,0.069,0.867
788000,0.095,0.107,0.797
788500,0.070,0.098,0.832
789000,0.087,0.078,0.835
789500,0.086,0.073,0.842
790000,0.068,0.083,0.849
790500,0.087,0.110,0.803
791000,0.066,0.090,0.843
791500,0.066,0.073,0.861
792000,0.070,0.108,0.821
792500,0.085,0.097,0.818
793000,0.085,0.096,0.819
793500,0.105,0.087,0.808
794000,0.091,0.089,0.820
794500,0.098,0.091,0.810
795000,0.073,0.083,0.844
795500,0.109,0.091,0.799
796000,0.075,0.090,0.836
796500,0.083,0.088,0.829
797000,0.084,0.097,0.820
797500,0.095,0.077,0.828
798000,0.081,0.104,0.815
798500,0.110,0.066,0.824
799000,0.116,0.076,0.808
799500,0.102,0.069,0.829
800000,0.104,0.085,0.811
800500,0.088,0.099,0.813
801000,0.097,0.079,0.824
801500,0.075,0.118,0.807
802000,0.109,0.087,0.804
802500,0.120,0.079,0.800
803000,0.107,0.105,0.788
803500,0.070,0.099,0.831
804000,0.096,0.106,0.798
804500,0.085,0.094,0.821
805000,0.139,0.061,0.800
805500,0.102,0.075,0.824
806000,0.075,0.076,0.849
806500,0.115,0.074,0.811
807000,0.083,0.072,0.846
807500,0.094,0.070,0.836
808000,0.090,0.094,0.816
808500,0.086,0.079,0.836
809000,0.075,0.091,0.834
809500,0.087,0.070,0.842
810000,0.085,0.113,0.802
810500,0.106,0.088,0.806
811000,0.069,0.084,0.847
811500,0.102,0.073,0.825
812000,0.094,0.080,0.826
812500,0.065,0.117,0.818
813000,0.068,0.094,0.838
813500,0.070,0.091,0.839
814000,0.056,0.109,0.835
814500,0.078,0.081,0.841
815000,0.079,0.094,0.827
815500,0.068,0.075,0.857
816000,0.076,0.108,0.816
816500,0.075,0.103,0.822
817000,0.062,0.068,0.871
817500,0.083,0.100,0.817
818000,0.092,0.066,0.842
818500,0.074,0.068,0.858
819000,0.060,0.092,0.848
819500,0.066,0.116,0.818
820000,0.070,0.122,0.808
820500,0.074,0.161,0.765
821000,0.069,0.124,0.807
821500,0.062,0.129,0.809
822000,0.044,0.126,0.831
822500,0.062,0.065,0.873
823000,0.050,0.106,0.844
823500,0.061,0.111,0.828
824000,0.076,0.108,0.816
824500,0.064,0.127,0.809
825000,0.064,0.133,0.803
825500,0.069,0.111,0.820
826000,0.063,0.093,0.844
826500,0.081,0.105,0.813
827000,0.083,0.080,0.837
827500,0.098,0.093,0.809
828000,0.122,0.072,0.807
828500,0.081,0.101,0.817
829000,0.087,0.096,0.817
829500,0.076,0.094,0.829
830000,0.058,0.098,0.843
830500,0.062,0.110,0.828
831000,0.043,0.129,0.828
831500,0.077,0.137,0.785
832000,0.075,0.129,0.796
832500,0.090,0.111,0.799
833000,0.114,0.102,0.783
833500,0.111,0.105,0.785
834000,0.080,0.106,0.814
834500,0.073,0.110,0.817
835000,0.081,0.107,0.813
835500,0.091,0.070,0.839
836000,0.069,0.098,0.832
836500,0.059,0.105,0.836
837000,0.062,0.097,0.842
837500,0.061,0.102,0.837
838000,0.086,0.093,0.821
838500,0.087,0.081,0.832
839000,0.083,0.151,0.767
839500,0.088,0.112,0.800
840000,0.105,0.102,0.793
840500,0.069,0.125,0.806
841000,0.096,0.114,0.790
841500,0.061,0.111,0.828
842000,0.068,0.120,0.811
842500,0.074,0.100,0.826
843000,0.084,0.098,0.818
843500,0.075,0.104,0.821
844000,0.081,0.105,0.813
844500,0.061,0.093,0.846
845000,0.073,0.086,0.841
845500,0.080,0.081,0.839
846000,0.071,0.111,0.818
846500,0.076,0.091,0.833
847000,0.063,0.075,0.862
847500,0.055,0.073,0.871
848000,0.061,0.104,0.835
848500,0.069,0.100,0.832
849000,0.075,0.088,0.837
849500,0.072,0.091,0.837
850000,0.061,0.106,0.833
850500,0.040,0.090,0.870
851000,0.080,0.072,0.848
851500,0.058,0.097,0.845
852000,0.068,0.093,0.839
852500,0.076,0.101,0.823
853000,0.062,0.095,0.842
853500,0.080,0.088,0.831
854000,0.069,0.104,0.827
854500,0.068,0.103,0.829
855000,0.063,0.102,0.835
855500,0.050,0.095,0.854
856000,0.094,0.090,0.817
856500,0.067,0.102,0.831
857000,0.087,0.095,0.818
857500,0.071,0.091,0.838
858000,0.105,0.073,0.822
858500,0.112,0.040,0.848
859000,0.104,0.037,0.859
859500,0.073,0.084,0.843
860000,0.074,0.084,0.842
860500,0.069,0.078,0.853
861000,0.078,0.085,0.837
861500,0.077,0.074,0.849
862000,0.112,0.085,0.803
862500,0.095,0.079,0.826
863000,0.070,0.091,0.838
863500,0.094,0.072,0.834
864000,0.077,0.074,0.849
864500,0.063,0.109,0.827
865000,0.058,0.104,0.838
865500,0.067,0.109,0.824
866000,0.107,0.058,0.835
866500,0.080,0.068,0.852
867000,0.072,0.055,0.873
867500,0.066,0.074,0.860
868000,0.083,0.076,0.842
868500,0.104,0.062,0.834
869000,0.092,0.082,0.826
869500,0.083,0.087,0.831
870000,0.075,0.093,0.833
870500,0.083,0.103,0.814
871000,0.087,0.085,0.828
871500,0.095,0.069,0.836
872000,0.093,0.098,0.809
872500,0.097,0.079,0.824
873000,0.110,0.095,0.795
873500,0.125,0.087,0.788
874000,0.090,0.093,0.818
874500,0.095,0.087,0.818
875000,0.070,0.073,0.857
875500,0.051,0.075,0.874
876000,0.070,0.066,0.863
876500,0.083,0.076,0.841
877000,0.097,0.088,0.815
877500,0.114,0.059,0.827
878000,0.125,0.055,0.820
878500,0.098,0.051,0.851
879000,0.137,0.063,0.800
879500,0.109,0.065,0.826
880000,0.108,0.086,0.806
880500,0.107,0.091,0.803
881000,0.075,0.079,0.846
881500,0.037,0.071,0.892
882000,0.059,0.069,0.873
882500,0.072,0.088,0.840
883000,0.076,0.067,0.857
883500,0.086,0.069,0.845
884000,0.075,0.088,0.836
884500,0.075,0.070,0.855
885000,0.089,0.092,0.819
885500,0.070,0.097,0.833
886000,0.051,0.096,0.853
886500,0.051,0.063,0.885
887000,0.061,0.084,0.855
887500,0.114,0.090,0.796
888000,0.066,0.077,0.857
888500,0.097,0.074,0.829
889000,0.081,0.076,0.842
889500,0.065,0.068,0.868
890000,0.073,0.069,0.859
890500,0.083,0.098,0.819
891000,0.099,0.104,0.797
891500,0.131,0.088,0.781
892000,0.114,0.085,0.802
892500,0.076,0.107,0.817
893000,0.090,0.086,0.825
893500,0.101,0.097,0.803
894000,0.070,0.100,0.831
894500,0.078,0.094,0.828
895000,0.114,0.109,0.776
895500,0.142,0.085,0.773
896000,0.104,0.088,0.808
896500,0.090,0.077,0.834
897000,0.106,0.090,0.804
897500,0.091,0.098,0.811
898000,0.085,0.107,0.808
898500,0.069,0.095,0.835
899000,0.095,0.090,0.814
899500,0.073,0.073,0.854
900000,0.054,0.094,0.853
900500,0.062,0.104,0.834
901000,0.091,0.086,0.823
901500,0.057,0.073,0.870
902000,0.058,0.068,0.874
902500,0.055,0.093,0.853
903000,0.087,0.080,0.833
903500,0.091,0.075,0.835
904000,0.101,0.065,0.834
904500,0.099,0.077,0.824
905000,0.089,0.079,0.832
905500,0.098,0.059,0.843
906000,0.104,0.072,0.824
906500,0.093,0.071,0.836
907000,0.100,0.087,0.814
907500,0.090,0.080,0.830
908000,0.088,0.082,0.830
908500,0.075,0.084,0.841
909000,0.066,0.086,0.848
909500,0.084,0.082,0.834
910000,0.095,0.081,0.823
910500,0.083,0.072,0.846
911000,0.063,0.072,0.865
911500,0.076,0.078,0.846
912000,0.101,0.080,0.819
912500,0.078,0.069,0.853
913000,0.060,0.111,0.829
913500,0.072,0.097,0.831
914000,0.049,0.132,0.820
914500,0.054,0.128,0.818
915000,0.051,0.132,0.817
915500,0.062,0.132,0.806
916000,0.055,0.115,0.830
916500,0.066,0.098,0.835
917000,0.072,0.104,0.824
917500,0.081,0.100,0.820
918000,0.098,0.097,0.804
918500,0.087,0.081,0.832
919000,0.098,0.086,0.816
919500,0.095,0.112,0.793
920000,0.107,0.114,0.779
920500,0.129,0.095,0.776
921000,0.112,0.069,0.819
921500,0.102,0.100,0.798
922000,0.134,0.068,0.798
922500,0.084,0.059,0.857
923000,0.090,0.097,0.813
923500,0.084,0.083,0.833
924000,0.077,0.088,0.835
924500,0.076,0.098,0.827
925000,0.070,0.127,0.803
925500,0.069,0.109,0.822
926000,0.073,0.100,0.827
926500,0.096,0.110,0.794
927000,0.126,0.072,0.802
927500,0.092,0.100,0.808
928000,0.089,0.093,0.818
928500,0.062,0.104,0.834
929000,0.052,0.122,0.827
929500,0.063,0.111,0.825
930000,0.082,0.107,0.811
930500,0.114,0.083,0.803
931000,0.115,0.084,0.801
931500,0.119,0.075,0.807
932000,0.094,0.101,0.805
932500,0.081,0.092,0.827
933000,0.083,0.107,0.810
933500,0.116,0.083,0.801
934000,0.083,0.092,0.825
934500,0.101,0.091,0.808
935000,0.112,0.060,0.828
935500,0.110,0.059,0.831
936000,0.106,0.082,0.812
936500,0.125,0.083,0.792
937000,0.082,0.131,0.787
937500,0.074,0.094,0.832
938000,0.079,0.115,0.806
938500,0.065,0.111,0.824
939000,0.084,0.088,0.828
939500,0.077,0.077,0.845
940000,0.084,0.069,0.847
940500,0.076,0.095,0.829
941000,0.073,0.089,0.838
941500,0.143,0.089,0.768
942000,0.100,0.105,0.795
942500,0.100,0.080,0.821
943000,0.075,0.077,0.847
943500,0.076,0.069,0.856
944000,0.078,0.085,0.837
944500,0.090,0.086,0.824
945000,0.101,0.081,0.817
945500,0.090,0.084,0.825
946000,0.115,0.071,0.814
946500,0.080,0.076,0.843
947000,0.088,0.073,0.839
947500,0.079,0.086,0.836
948000,0.073,0.077,0.850
948500,0.082,0.083,0.835
949000,0.087,0.085,0.828
949500,0.083,0.080,0.838
950000,0.092,0.068,0.840
950500,0.087,0.056,0.857
951000,0.083,0.070,0.847
951500,0.070,0.081,0.849
952000,0.058,0.097,0.845
952500,0.069,0.088,0.843
953000,0.083,0.076,0.841
953500,0.083,0.047,0.870
954000,0.084,0.093,0.823
954500,0.075,0.080,0.845
955000,0.080,0.088,0.832
955500,0.096,0.070,0.834
956000,0.089,0.087,0.824
956500,0.056,0.095,0.849
957000,0.075,0.103,0.822
957500,0.075,0.102,0.824
958000,0.065,0.095,0.840
958500,0.075,0.074,0.852
959000,0.101,0.056,0.843
959500,0.106,0.088,0.806
960000,0.087,0.081,0.831
960500,0.093,0.092,0.815
961000,0.070,0.087,0.843
961500,0.079,0.087,0.834
962000,0.084,0.092,0.824
962500,0.098,0.089,0.813
963000,0.088,0.096,0.815
963500,0.073,0.075,0.852
964000,0.087,0.081,0.832
964500,0.088,0.073,0.839
965000,0.080,0.100,0.820
965500,0.086,0.088,0.827
966000,0.133,0.065,0.802
966500,0.133,0.053,0.814
967000,0.118,0.053,0.829
967500,0.114,0.070,0.815
968000,0.127,0.081,0.792
968500,0.093,0.055,0.852
969000,0.111,0.079,0.810
969500,0.102,0.091,0.807
970000,0.091,0.084,0.825
970500,0.085,0.084,0.831
971000,0.109,0.074,0.817
971500,0.107,0.073,0.821
972000,0.084,0.082,0.834
972500,0.094,0.074,0.832
973000,0.075,0.062,0.863
973500,0.074,0.098,0.828
974000,0.109,0.070,0.821
974500,0.107,0.104,0.790
975000,0.105,0.114,0.782
975500,0.069,0.097,0.834
976000,0.083,0.088,0.829
976500,0.068,0.096,0.836
977000,0.072,0.129,0.799
977500,0.059,0.120,0.821
978000,0.075,0.121,0.804
978500,0.075,0.136,0.789
979000,0.076,0.104,0.820
979500,0.084,0.111,0.805
980000,0.116,0.087,0.797
980500,0.086,0.081,0.834
981000,0.094,0.084,0.822
981500,0.098,0.091,0.810
982000,0.087,0.101,0.812
982500,0.078,0.095,0.827
983000,0.075,0.097,0.829
983500,0.068,0.100,0.832
984000,0.097,0.098,0.805
984500,0.100,0.079,0.822
985000,0.104,0.098,0.798
985500,0.094,0.088,0.818
986000,0.101,0.088,0.811
986500,0.083,0.078,0.839
987000,0.080,0.095,0.825
987500,0.114,0.090,0.797
988000,0.099,0.086,0.815
988500,0.103,0.090,0.807
989000,0.105,0.078,0.817
989500,0.086,0.090,0.825
990000,0.072,0.096,0.832
990500,0.068,0.087,0.845
991000,0.066,0.128,0.806
991500,0.068,0.134,0.798
992000,0.080,0.110,0.810
992500,0.072,0.099,0.829
993000,0.080,0.081,0.839
993500,0.067,0.086,0.847
994000,0.091,0.075,0.834
994500,0.070,0.077,0.852
995000,0.070,0.073,0.856
995500,0.110,0.088,0.802
996000,0.094,0.081,0.825
996500,0.121,0.061,0.818
997000,0.087,0.095,0.818
997500,0.111,0.090,0.800
998000,0.083,0.077,0.840
998500,0.101,0.074,0.825
999000,0.107,0.098,0.796
999500,0.105,0.097,0.798
1000000,0.073,0.101,0.825
