time,n_A+p,n_B,n_AB
200,0.029,0.955,0.017
400,0.029,0.934,0.037
600,0.029,0.888,0.083
800,0.050,0.901,0.050
1000,0.033,0.888,0.079
1200,0.033,0.901,0.066
1400,0.041,0.905,0.054
1600,0.037,0.864,0.099
1800,0.058,0.864,0.079
2000,0.054,0.872,0.074
2200,0.050,0.872,0.079
2400,0.037,0.872,0.091
2600,0.033,0.847,0.120
2800,0.037,0.843,0.120
3000,0.033,0.831,0.136
3200,0.033,0.897,0.070
3400,0.033,0.930,0.037
3600,0.037,0.851,0.112
3800,0.033,0.864,0.103
4000,0.045,0.860,0.095
4200,0.050,0.847,0.103
4400,0.062,0.781,0.157
4600,0.074,0.773,0.153
4800,0.087,0.793,0.120
5000,0.079,0.802,0.120
5200,0.058,0.806,0.136
5400,0.045,0.781,0.174
5600,0.062,0.756,0.182
5800,0.074,0.760,0.165
6000,0.058,0.793,0.149
6200,0.070,0.798,0.132
6400,0.050,0.806,0.145
6600,0.058,0.785,0.157
6800,0.066,0.744,0.190
7000,0.058,0.773,0.169
7200,0.045,0.806,0.149
7400,0.054,0.810,0.136
7600,0.054,0.764,0.182
7800,0.050,0.736,0.215
8000,0.050,0.810,0.140
8200,0.079,0.793,0.128
8400,0.062,0.839,0.099
8600,0.066,0.793,0.140
8800,0.091,0.744,0.165
9000,0.050,0.835,0.116
9200,0.041,0.847,0.112
9400,0.037,0.880,0.083
9600,0.041,0.868,0.091
9800,0.058,0.814,0.128
10000,0.050,0.764,0.186
10200,0.058,0.760,0.182
10400,0.054,0.831,0.116
10600,0.054,0.851,0.095
10800,0.041,0.876,0.083
11000,0.037,0.851,0.112
11200,0.045,0.843,0.112
11400,0.033,0.814,0.153
11600,0.033,0.760,0.207
11800,0.041,0.793,0.165
12000,0.070,0.744,0.186
12200,0.045,0.777,0.178
12400,0.058,0.835,0.107
12600,0.058,0.814,0.128
12800,0.050,0.835,0.116
13000,0.041,0.880,0.079
13200,0.045,0.864,0.091
13400,0.033,0.843,0.124
13600,0.054,0.864,0.083
13800,0.041,0.872,0.087
14000,0.050,0.818,0.132
14200,0.058,0.769,0.174
14400,0.054,0.764,0.182
14600,0.054,0.793,0.153
14800,0.037,0.843,0.120
15000,0.054,0.835,0.112
15200,0.029,0.872,0.099
15400,0.037,0.876,0.087
15600,0.029,0.843,0.128
15800,0.045,0.831,0.124
16000,0.050,0.789,0.161
16200,0.091,0.798,0.112
16400,0.095,0.814,0.091
16600,0.083,0.860,0.058
16800,0.045,0.835,0.120
17000,0.041,0.818,0.140
17200,0.037,0.814,0.149
17400,0.079,0.789,0.132
17600,0.107,0.756,0.136
17800,0.066,0.785,0.149
18000,0.074,0.789,0.136
18200,0.066,0.814,0.120
18400,0.050,0.785,0.165
18600,0.079,0.769,0.153
18800,0.062,0.752,0.186
19000,0.120,0.711,0.169
19200,0.062,0.748,0.190
19400,0.066,0.723,0.211
19600,0.112,0.678,0.211
19800,0.107,0.632,0.260
20000,0.103,0.678,0.219
20200,0.083,0.702,0.215
20400,0.087,0.740,0.174
20600,0.132,0.715,0.153
20800,0.079,0.740,0.182
21000,0.091,0.690,0.219
21200,0.112,0.731,0.157
21400,0.083,0.744,0.174
21600,0.070,0.764,0.165
21800,0.062,0.810,0.128
22000,0.058,0.781,0.161
22200,0.070,0.798,0.132
22400,0.070,0.756,0.174
22600,0.087,0.707,0.207
22800,0.091,0.727,0.182
23000,0.079,0.764,0.157
23200,0.045,0.814,0.140
23400,0.066,0.789,0.145
23600,0.058,0.748,0.194
23800,0.041,0.781,0.178
24000,0.058,0.810,0.132
24200,0.054,0.785,0.161
24400,0.074,0.752,0.174
24600,0.095,0.711,0.194
24800,0.128,0.698,0.174
25000,0.107,0.731,0.161
25200,0.087,0.760,0.153
25400,0.062,0.777,0.161
25600,0.054,0.818,0.128
25800,0.070,0.822,0.107
26000,0.070,0.785,0.145
26200,0.066,0.785,0.149
26400,0.083,0.723,0.194
26600,0.066,0.740,0.194
26800,0.066,0.773,0.161
27000,0.054,0.818,0.128
27200,0.062,0.826,0.112
27400,0.045,0.814,0.140
27600,0.050,0.822,0.128
27800,0.054,0.839,0.107
28000,0.054,0.822,0.124
28200,0.074,0.818,0.107
28400,0.058,0.798,0.145
28600,0.070,0.793,0.136
28800,0.079,0.760,0.161
29000,0.120,0.715,0.165
29200,0.116,0.711,0.174
29400,0.103,0.711,0.186
29600,0.091,0.744,0.165
29800,0.062,0.760,0.178
30000,0.087,0.818,0.095
30200,0.050,0.818,0.132
30400,0.091,0.748,0.161
30600,0.099,0.674,0.227
30800,0.099,0.702,0.198
31000,0.070,0.756,0.174
31200,0.079,0.715,0.207
31400,0.103,0.711,0.186
31600,0.124,0.698,0.178
31800,0.140,0.636,0.223
32000,0.132,0.574,0.293
32200,0.128,0.599,0.273
32400,0.124,0.674,0.202
32600,0.153,0.587,0.260
32800,0.120,0.616,0.264
33000,0.120,0.624,0.256
33200,0.112,0.669,0.219
33400,0.116,0.636,0.248
33600,0.153,0.599,0.248
33800,0.165,0.624,0.211
34000,0.174,0.525,0.302
34200,0.157,0.574,0.269
34400,0.157,0.591,0.252
34600,0.157,0.574,0.269
34800,0.178,0.529,0.293
35000,0.161,0.583,0.256
35200,0.149,0.603,0.248
35400,0.124,0.649,0.227
35600,0.112,0.632,0.256
35800,0.124,0.599,0.277
36000,0.157,0.616,0.227
36200,0.107,0.607,0.285
36400,0.124,0.632,0.244
36600,0.132,0.665,0.202
36800,0.116,0.690,0.194
37000,0.153,0.612,0.236
37200,0.165,0.620,0.215
37400,0.178,0.562,0.260
37600,0.140,0.603,0.256
37800,0.157,0.612,0.231
38000,0.132,0.587,0.281
38200,0.161,0.624,0.215
38400,0.107,0.616,0.277
38600,0.149,0.591,0.260
38800,0.120,0.636,0.244
39000,0.136,0.649,0.215
39200,0.136,0.612,0.252
39400,0.174,0.566,0.260
39600,0.174,0.541,0.285
39800,0.186,0.517,0.298
40000,0.149,0.562,0.289
40200,0.169,0.496,0.335
40400,0.211,0.521,0.269
40600,0.194,0.579,0.227
40800,0.260,0.512,0.227
41000,0.256,0.459,0.285
41200,0.281,0.471,0.248
41400,0.273,0.426,0.302
41600,0.326,0.380,0.293
41800,0.331,0.360,0.310
42000,0.335,0.322,0.343
42200,0.306,0.298,0.397
42400,0.343,0.318,0.339
42600,0.446,0.260,0.293
42800,0.426,0.285,0.289
43000,0.355,0.351,0.293
43200,0.368,0.335,0.298
43400,0.322,0.331,0.347
43600,0.380,0.273,0.347
43800,0.450,0.240,0.310
44000,0.442,0.240,0.318
44200,0.475,0.236,0.289
44400,0.492,0.260,0.248
44600,0.483,0.260,0.256
44800,0.508,0.227,0.264
45000,0.496,0.190,0.314
45200,0.570,0.215,0.215
45400,0.570,0.169,0.260
45600,0.624,0.182,0.194
45800,0.694,0.116,0.190
46000,0.773,0.041,0.186
46200,0.785,0.029,0.186
46400,0.897,0.008,0.095
46600,0.913,0.008,0.079
46800,0.909,0.008,0.083
47000,0.901,0.008,0.091
47200,0.917,0.004,0.079
47400,0.921,0.000,0.079
47600,0.888,0.012,0.099
47800,0.888,0.004,0.107
48000,0.893,0.004,0.103
48200,0.913,0.004,0.083
48400,0.880,0.017,0.103
48600,0.926,0.000,0.074
48800,0.934,0.004,0.062
49000,0.971,0.000,0.029
49200,0.967,0.000,0.033
49400,0.992,0.000,0.008
49600,0.988,0.000,0.012
49800,0.996,0.000,0.004
50000,0.996,0.000,0.004
50200,0.996,0.000,0.004
50400,0.992,0.000,0.008
50600,0.992,0.000,0.008
50800,0.992,0.000,0.008
51000,0.996,0.000,0.004
51200,0.992,0.000,0.008
51400,0.992,0.000,0.008
51600,0.992,0.000,0.008
51800,0.996,0.000,0.004
52000,1.000,0.000,0.000
