time,n_A+p,n_B,n_AB
1000,0.251,0.204,0.545
2000,0.204,0.229,0.567
3000,0.196,0.243,0.561
4000,0.201,0.240,0.559
5000,0.219,0.197,0.584
6000,0.242,0.180,0.578
7000,0.267,0.172,0.561
8000,0.291,0.129,0.580
9000,0.387,0.083,0.530
10000,0.525,0.042,0.433
11000,0.580,0.013,0.407
12000,0.665,0.010,0.325
13000,0.747,0.001,0.252
14000,0.851,0.000,0.149
15000,0.920,0.000,0.080
16000,0.954,0.000,0.046
17000,0.964,0.000,0.036
18000,0.954,0.000,0.046
19000,0.930,0.000,0.070
20000,0.933,0.000,0.067
21000,0.963,0.000,0.037
22000,0.966,0.000,0.034
23000,0.969,0.000,0.031
24000,0.983,0.000,0.017
25000,0.994,0.000,0.006
26000,0.992,0.000,0.008
27000,0.995,0.000,0.005
28000,0.999,0.000,0.001
29000,1.000,0.000,0.000
