time,n_A+p,n_B,n_AB
500,0.030,0.926,0.044
1000,0.030,0.765,0.205
1500,0.030,0.605,0.365
2000,0.030,0.386,0.584
2500,0.037,0.207,0.755
3000,0.034,0.117,0.849
3500,0.054,0.059,0.886
4000,0.062,0.036,0.901
4500,0.058,0.045,0.897
5000,0.065,0.026,0.909
5500,0.076,0.026,0.898
6000,0.073,0.032,0.895
6500,0.068,0.033,0.899
7000,0.086,0.022,0.891
7500,0.074,0.033,0.893
8000,0.073,0.035,0.892
8500,0.056,0.043,0.901
9000,0.072,0.044,0.883
9500,0.056,0.046,0.898
10000,0.071,0.040,0.889
10500,0.076,0.033,0.891
11000,0.089,0.026,0.885
11500,0.079,0.032,0.890
12000,0.096,0.034,0.870
12500,0.085,0.024,0.891
13000,0.087,0.025,0.888
13500,0.072,0.029,0.898
14000,0.067,0.030,0.903
14500,0.066,0.025,0.908
15000,0.083,0.027,0.890
15500,0.086,0.019,0.895
16000,0.074,0.022,0.903
16500,0.092,0.026,0.882
17000,0.072,0.022,0.905
17500,0.069,0.030,0.901
18000,0.089,0.024,0.887
18500,0.096,0.028,0.876
19000,0.066,0.026,0.907
19500,0.056,0.032,0.912
20000,0.066,0.035,0.899
20500,0.081,0.033,0.886
21000,0.080,0.015,0.905
21500,0.076,0.028,0.896
22000,0.070,0.036,0.893
22500,0.063,0.030,0.907
23000,0.095,0.029,0.877
23500,0.104,0.018,0.878
24000,0.089,0.029,0.883
24500,0.090,0.017,0.893
25000,0.083,0.030,0.887
25500,0.082,0.027,0.891
26000,0.078,0.025,0.897
26500,0.067,0.029,0.904
27000,0.082,0.032,0.887
27500,0.085,0.028,0.888
28000,0.078,0.034,0.888
28500,0.077,0.038,0.884
29000,0.095,0.025,0.880
29500,0.106,0.023,0.870
30000,0.086,0.028,0.887
30500,0.076,0.031,0.893
31000,0.070,0.020,0.910
31500,0.072,0.027,0.900
32000,0.060,0.038,0.902
32500,0.078,0.036,0.886
33000,0.092,0.043,0.865
33500,0.098,0.035,0.868
34000,0.079,0.021,0.900
34500,0.075,0.018,0.906
35000,0.080,0.028,0.892
35500,0.076,0.035,0.888
36000,0.070,0.030,0.899
36500,0.059,0.028,0.913
37000,0.061,0.026,0.913
37500,0.075,0.039,0.886
38000,0.085,0.018,0.897
38500,0.081,0.019,0.900
39000,0.076,0.039,0.885
39500,0.072,0.029,0.898
40000,0.082,0.020,0.898
40500,0.085,0.019,0.896
41000,0.070,0.024,0.906
41500,0.052,0.016,0.932
42000,0.073,0.034,0.893
42500,0.077,0.016,0.906
43000,0.067,0.025,0.908
43500,0.093,0.022,0.884
44000,0.079,0.022,0.899
44500,0.082,0.015,0.903
45000,0.082,0.014,0.904
45500,0.089,0.021,0.890
46000,0.089,0.029,0.882
46500,0.067,0.040,0.894
47000,0.072,0.025,0.903
47500,0.070,0.022,0.907
48000,0.080,0.038,0.882
48500,0.082,0.033,0.886
49000,0.097,0.022,0.881
49500,0.082,0.015,0.903
50000,0.064,0.035,0.902
50500,0.065,0.036,0.899
51000,0.095,0.024,0.882
51500,0.086,0.031,0.883
52000,0.082,0.021,0.898
52500,0.091,0.024,0.885
53000,0.090,0.024,0.886
53500,0.096,0.026,0.878
54000,0.103,0.019,0.877
54500,0.086,0.029,0.885
55000,0.088,0.021,0.890
55500,0.095,0.015,0.890
56000,0.100,0.022,0.878
56500,0.086,0.011,0.903
57000,0.076,0.024,0.899
57500,0.071,0.028,0.900
58000,0.071,0.025,0.904
58500,0.086,0.041,0.874
59000,0.078,0.045,0.877
59500,0.077,0.023,0.899
60000,0.067,0.025,0.909
60500,0.062,0.026,0.912
61000,0.088,0.024,0.889
61500,0.084,0.019,0.897
62000,0.075,0.031,0.894
62500,0.072,0.048,0.880
63000,0.086,0.025,0.888
63500,0.085,0.028,0.887
64000,0.068,0.034,0.898
64500,0.077,0.030,0.892
65000,0.058,0.019,0.923
65500,0.062,0.033,0.905
66000,0.069,0.026,0.905
66500,0.083,0.035,0.882
67000,0.088,0.035,0.877
67500,0.073,0.022,0.905
68000,0.095,0.026,0.879
68500,0.071,0.025,0.904
69000,0.088,0.022,0.890
69500,0.083,0.026,0.891
70000,0.088,0.015,0.897
70500,0.097,0.012,0.891
71000,0.079,0.011,0.910
71500,0.102,0.015,0.884
72000,0.097,0.019,0.884
72500,0.076,0.026,0.898
73000,0.068,0.021,0.911
73500,0.060,0.018,0.921
74000,0.074,0.028,0.898
74500,0.086,0.020,0.894
75000,0.070,0.026,0.904
75500,0.074,0.040,0.887
76000,0.076,0.043,0.880
76500,0.058,0.027,0.915
77000,0.082,0.031,0.887
77500,0.076,0.021,0.902
78000,0.075,0.030,0.894
78500,0.085,0.036,0.879
79000,0.064,0.042,0.894
79500,0.077,0.047,0.875
80000,0.086,0.029,0.885
80500,0.096,0.025,0.879
81000,0.082,0.015,0.904
81500,0.086,0.015,0.898
82000,0.087,0.029,0.883
82500,0.068,0.025,0.907
83000,0.070,0.033,0.897
83500,0.072,0.028,0.900
84000,0.075,0.023,0.902
84500,0.082,0.035,0.883
85000,0.068,0.028,0.904
85500,0.075,0.026,0.899
86000,0.070,0.030,0.899
86500,0.087,0.023,0.890
87000,0.089,0.033,0.877
87500,0.080,0.015,0.905
88000,0.089,0.030,0.880
88500,0.066,0.029,0.904
89000,0.070,0.033,0.896
89500,0.085,0.015,0.900
90000,0.099,0.018,0.883
90500,0.090,0.030,0.880
91000,0.087,0.028,0.884
91500,0.085,0.025,0.890
92000,0.085,0.024,0.892
92500,0.083,0.017,0.901
93000,0.068,0.028,0.904
93500,0.075,0.034,0.892
94000,0.073,0.034,0.893
94500,0.065,0.032,0.904
95000,0.065,0.044,0.891
95500,0.063,0.048,0.889
96000,0.069,0.028,0.904
96500,0.069,0.037,0.894
97000,0.076,0.021,0.903
97500,0.071,0.022,0.906
98000,0.083,0.022,0.895
98500,0.085,0.022,0.893
99000,0.070,0.036,0.893
99500,0.066,0.045,0.889
100000,0.060,0.028,0.912
100500,0.060,0.037,0.902
101000,0.076,0.026,0.897
101500,0.079,0.029,0.892
102000,0.082,0.041,0.877
102500,0.070,0.035,0.895
103000,0.068,0.036,0.895
103500,0.075,0.035,0.889
104000,0.086,0.024,0.890
104500,0.086,0.029,0.885
105000,0.092,0.027,0.881
105500,0.084,0.032,0.884
106000,0.101,0.026,0.873
106500,0.088,0.027,0.884
107000,0.085,0.043,0.873
107500,0.079,0.025,0.896
108000,0.072,0.025,0.904
108500,0.088,0.023,0.889
109000,0.072,0.018,0.910
109500,0.076,0.030,0.893
110000,0.079,0.034,0.888
110500,0.085,0.031,0.884
111000,0.084,0.019,0.897
111500,0.083,0.013,0.905
112000,0.070,0.031,0.899
112500,0.085,0.026,0.889
113000,0.066,0.035,0.899
113500,0.072,0.042,0.886
114000,0.066,0.038,0.896
114500,0.080,0.033,0.888
115000,0.070,0.031,0.898
115500,0.074,0.037,0.888
116000,0.069,0.043,0.889
116500,0.067,0.041,0.892
117000,0.077,0.032,0.891
117500,0.068,0.024,0.908
118000,0.084,0.029,0.887
118500,0.065,0.026,0.909
119000,0.068,0.038,0.893
119500,0.070,0.021,0.908
120000,0.071,0.040,0.888
120500,0.070,0.019,0.911
121000,0.059,0.032,0.910
121500,0.062,0.033,0.905
122000,0.067,0.027,0.906
122500,0.068,0.029,0.903
123000,0.068,0.022,0.910
123500,0.069,0.023,0.908
124000,0.072,0.030,0.898
124500,0.067,0.030,0.903
125000,0.063,0.049,0.888
125500,0.064,0.051,0.885
126000,0.070,0.042,0.889
126500,0.069,0.026,0.905
127000,0.082,0.034,0.885
127500,0.084,0.034,0.883
128000,0.082,0.030,0.888
128500,0.088,0.023,0.888
129000,0.079,0.024,0.898
129500,0.084,0.032,0.884
130000,0.070,0.027,0.903
130500,0.068,0.025,0.906
131000,0.072,0.035,0.893
131500,0.087,0.037,0.876
132000,0.072,0.034,0.894
132500,0.061,0.035,0.903
133000,0.056,0.036,0.908
133500,0.066,0.054,0.879
134000,0.066,0.045,0.889
134500,0.065,0.038,0.897
135000,0.064,0.026,0.910
135500,0.077,0.030,0.893
136000,0.086,0.030,0.883
136500,0.067,0.021,0.912
137000,0.078,0.020,0.902
137500,0.081,0.021,0.898
138000,0.088,0.026,0.886
138500,0.094,0.034,0.872
139000,0.079,0.033,0.889
139500,0.065,0.022,0.913
140000,0.064,0.027,0.909
140500,0.081,0.022,0.897
141000,0.074,0.034,0.891
141500,0.069,0.029,0.902
142000,0.068,0.028,0.904
142500,0.073,0.025,0.901
143000,0.075,0.030,0.894
143500,0.077,0.014,0.908
144000,0.100,0.021,0.879
144500,0.078,0.035,0.887
145000,0.081,0.019,0.900
145500,0.066,0.026,0.907
146000,0.081,0.020,0.899
146500,0.080,0.016,0.904
147000,0.082,0.014,0.904
147500,0.068,0.019,0.912
148000,0.082,0.017,0.901
148500,0.070,0.018,0.912
149000,0.073,0.033,0.894
149500,0.084,0.024,0.893
150000,0.071,0.032,0.897
150500,0.079,0.038,0.883
151000,0.081,0.022,0.897
151500,0.084,0.022,0.894
152000,0.078,0.025,0.897
152500,0.080,0.020,0.900
153000,0.073,0.026,0.900
153500,0.061,0.037,0.902
154000,0.062,0.031,0.906
154500,0.062,0.034,0.903
155000,0.081,0.033,0.887
155500,0.073,0.029,0.897
156000,0.067,0.027,0.906
156500,0.061,0.023,0.915
157000,0.087,0.025,0.888
157500,0.075,0.038,0.887
158000,0.064,0.044,0.891
158500,0.052,0.040,0.907
159000,0.054,0.044,0.901
159500,0.065,0.039,0.896
160000,0.081,0.029,0.890
160500,0.075,0.037,0.887
161000,0.087,0.021,0.892
161500,0.094,0.026,0.880
162000,0.079,0.032,0.889
162500,0.071,0.035,0.893
163000,0.078,0.027,0.895
163500,0.088,0.028,0.884
164000,0.084,0.025,0.891
164500,0.073,0.037,0.889
165000,0.072,0.024,0.903
165500,0.075,0.020,0.904
166000,0.062,0.032,0.905
166500,0.084,0.030,0.886
167000,0.084,0.040,0.877
167500,0.080,0.049,0.872
168000,0.081,0.044,0.875
168500,0.072,0.034,0.894
169000,0.070,0.033,0.897
169500,0.085,0.030,0.885
170000,0.096,0.021,0.883
170500,0.065,0.036,0.899
171000,0.060,0.025,0.915
171500,0.071,0.021,0.908
172000,0.074,0.032,0.893
172500,0.077,0.023,0.900
173000,0.077,0.027,0.896
173500,0.083,0.032,0.886
174000,0.094,0.035,0.871
174500,0.085,0.033,0.883
175000,0.098,0.031,0.871
175500,0.093,0.032,0.874
176000,0.095,0.034,0.872
176500,0.091,0.018,0.890
177000,0.095,0.025,0.880
177500,0.071,0.025,0.905
178000,0.068,0.030,0.902
178500,0.081,0.043,0.876
179000,0.067,0.027,0.906
179500,0.089,0.025,0.886
180000,0.101,0.013,0.886
180500,0.084,0.033,0.883
181000,0.073,0.033,0.893
181500,0.071,0.036,0.893
182000,0.078,0.029,0.894
182500,0.061,0.035,0.904
183000,0.070,0.033,0.897
183500,0.071,0.049,0.880
184000,0.078,0.028,0.894
184500,0.076,0.024,0.900
185000,0.089,0.021,0.890
185500,0.071,0.017,0.913
186000,0.070,0.028,0.902
186500,0.091,0.023,0.885
187000,0.097,0.024,0.879
187500,0.097,0.022,0.881
188000,0.087,0.011,0.901
188500,0.068,0.016,0.916
189000,0.072,0.024,0.905
189500,0.072,0.022,0.906
190000,0.073,0.025,0.901
190500,0.065,0.024,0.912
191000,0.083,0.028,0.890
191500,0.074,0.021,0.906
192000,0.067,0.035,0.898
192500,0.070,0.051,0.878
193000,0.073,0.031,0.896
193500,0.067,0.032,0.902
194000,0.084,0.025,0.891
194500,0.075,0.015,0.911
195000,0.098,0.025,0.877
195500,0.080,0.021,0.899
196000,0.079,0.029,0.892
196500,0.074,0.035,0.891
197000,0.077,0.032,0.892
197500,0.099,0.020,0.881
198000,0.086,0.029,0.884
198500,0.080,0.033,0.887
199000,0.079,0.034,0.888
199500,0.075,0.040,0.885
200000,0.064,0.045,0.891
200500,0.073,0.046,0.880
201000,0.077,0.032,0.890
201500,0.102,0.024,0.875
202000,0.081,0.029,0.890
202500,0.075,0.041,0.885
203000,0.084,0.040,0.877
203500,0.073,0.031,0.896
204000,0.075,0.021,0.904
204500,0.081,0.029,0.891
205000,0.074,0.032,0.893
205500,0.092,0.028,0.881
206000,0.070,0.019,0.911
206500,0.065,0.025,0.910
207000,0.051,0.042,0.907
207500,0.059,0.042,0.900
208000,0.064,0.042,0.894
208500,0.060,0.046,0.893
209000,0.069,0.031,0.900
209500,0.070,0.025,0.904
210000,0.081,0.019,0.900
210500,0.070,0.036,0.893
211000,0.061,0.043,0.896
211500,0.057,0.049,0.895
212000,0.071,0.058,0.871
212500,0.073,0.057,0.869
213000,0.080,0.043,0.877
213500,0.076,0.039,0.884
214000,0.060,0.036,0.904
214500,0.071,0.024,0.905
215000,0.064,0.034,0.902
215500,0.085,0.060,0.855
216000,0.065,0.050,0.885
216500,0.061,0.035,0.903
217000,0.069,0.035,0.896
217500,0.058,0.023,0.919
218000,0.067,0.037,0.896
218500,0.059,0.030,0.911
219000,0.051,0.034,0.914
219500,0.061,0.026,0.913
220000,0.067,0.026,0.907
220500,0.065,0.038,0.897
221000,0.073,0.035,0.891
221500,0.077,0.030,0.893
222000,0.081,0.029,0.890
222500,0.076,0.034,0.889
223000,0.088,0.036,0.875
223500,0.095,0.029,0.876
224000,0.079,0.019,0.902
224500,0.092,0.029,0.879
225000,0.087,0.019,0.894
225500,0.076,0.013,0.911
226000,0.076,0.021,0.902
226500,0.076,0.032,0.892
227000,0.082,0.038,0.880
227500,0.079,0.024,0.898
228000,0.073,0.035,0.892
228500,0.062,0.032,0.906
229000,0.074,0.030,0.896
229500,0.064,0.017,0.919
230000,0.075,0.019,0.905
230500,0.074,0.030,0.896
231000,0.078,0.035,0.888
231500,0.067,0.035,0.899
232000,0.071,0.021,0.907
232500,0.084,0.025,0.891
233000,0.076,0.032,0.892
233500,0.084,0.043,0.874
234000,0.093,0.037,0.869
234500,0.083,0.027,0.890
235000,0.088,0.028,0.884
235500,0.079,0.028,0.894
236000,0.066,0.021,0.913
236500,0.068,0.034,0.898
237000,0.078,0.035,0.887
237500,0.066,0.036,0.898
238000,0.066,0.032,0.902
238500,0.072,0.038,0.889
239000,0.069,0.047,0.884
239500,0.061,0.036,0.902
240000,0.063,0.034,0.904
240500,0.077,0.044,0.879
241000,0.080,0.020,0.900
241500,0.090,0.016,0.893
242000,0.075,0.023,0.902
242500,0.072,0.032,0.896
243000,0.074,0.031,0.894
243500,0.070,0.025,0.904
244000,0.084,0.033,0.883
244500,0.072,0.032,0.896
245000,0.075,0.019,0.906
245500,0.061,0.025,0.913
246000,0.096,0.028,0.876
246500,0.077,0.024,0.900
247000,0.084,0.018,0.899
247500,0.092,0.022,0.886
248000,0.100,0.025,0.875
248500,0.101,0.021,0.879
249000,0.084,0.013,0.904
249500,0.077,0.018,0.905
250000,0.070,0.021,0.909
250500,0.060,0.021,0.919
251000,0.072,0.051,0.876
251500,0.074,0.042,0.884
252000,0.071,0.044,0.885
252500,0.077,0.032,0.891
253000,0.079,0.030,0.891
253500,0.077,0.030,0.893
254000,0.079,0.034,0.887
254500,0.074,0.039,0.886
255000,0.069,0.048,0.884
255500,0.062,0.035,0.903
256000,0.070,0.032,0.898
256500,0.070,0.035,0.896
257000,0.071,0.060,0.868
257500,0.072,0.039,0.889
258000,0.087,0.048,0.864
258500,0.075,0.042,0.884
259000,0.084,0.036,0.880
259500,0.091,0.024,0.884
260000,0.090,0.019,0.891
260500,0.082,0.025,0.894
261000,0.069,0.054,0.877
261500,0.074,0.038,0.887
262000,0.068,0.027,0.905
262500,0.089,0.028,0.884
263000,0.074,0.032,0.894
263500,0.075,0.029,0.896
264000,0.067,0.036,0.897
264500,0.084,0.043,0.873
265000,0.084,0.022,0.894
265500,0.074,0.029,0.898
266000,0.075,0.021,0.903
266500,0.083,0.021,0.896
267000,0.079,0.029,0.892
267500,0.081,0.015,0.905
268000,0.080,0.019,0.901
268500,0.077,0.013,0.909
269000,0.091,0.025,0.883
269500,0.075,0.027,0.898
270000,0.093,0.021,0.886
270500,0.112,0.015,0.873
271000,0.078,0.014,0.908
271500,0.068,0.021,0.910
272000,0.071,0.020,0.908
272500,0.070,0.024,0.907
273000,0.067,0.035,0.898
273500,0.076,0.027,0.897
274000,0.073,0.030,0.896
274500,0.073,0.036,0.891
275000,0.089,0.034,0.877
275500,0.092,0.036,0.872
276000,0.075,0.031,0.893
276500,0.061,0.017,0.922
277000,0.077,0.028,0.895
277500,0.074,0.026,0.900
278000,0.082,0.031,0.887
278500,0.071,0.022,0.906
279000,0.081,0.026,0.893
279500,0.073,0.029,0.897
280000,0.082,0.035,0.883
280500,0.075,0.036,0.888
281000,0.079,0.026,0.895
281500,0.062,0.020,0.918
282000,0.067,0.029,0.904
282500,0.091,0.028,0.882
283000,0.076,0.040,0.884
283500,0.082,0.033,0.886
284000,0.084,0.029,0.887
284500,0.071,0.039,0.890
285000,0.056,0.035,0.909
285500,0.057,0.038,0.904
286000,0.051,0.045,0.903
286500,0.061,0.065,0.873
287000,0.064,0.049,0.888
287500,0.074,0.030,0.895
288000,0.079,0.031,0.890
288500,0.078,0.015,0.907
289000,0.077,0.015,0.908
289500,0.084,0.023,0.893
290000,0.083,0.024,0.893
290500,0.069,0.046,0.885
291000,0.066,0.043,0.891
291500,0.063,0.053,0.884
292000,0.070,0.030,0.899
292500,0.071,0.034,0.896
293000,0.065,0.036,0.899
293500,0.058,0.040,0.902
294000,0.078,0.043,0.880
294500,0.083,0.038,0.879
295000,0.061,0.033,0.906
295500,0.068,0.034,0.899
296000,0.062,0.051,0.887
296500,0.081,0.036,0.883
297000,0.072,0.027,0.901
297500,0.077,0.028,0.894
298000,0.074,0.042,0.884
298500,0.070,0.057,0.873
299000,0.067,0.051,0.882
299500,0.075,0.049,0.876
300000,0.068,0.050,0.883
300500,0.079,0.028,0.893
301000,0.073,0.027,0.899
301500,0.067,0.040,0.894
302000,0.069,0.031,0.900
302500,0.059,0.026,0.914
303000,0.055,0.036,0.908
303500,0.071,0.040,0.888
304000,0.082,0.029,0.889
304500,0.085,0.035,0.880
305000,0.071,0.036,0.893
305500,0.078,0.025,0.898
306000,0.071,0.021,0.907
306500,0.094,0.020,0.886
307000,0.088,0.019,0.892
307500,0.086,0.034,0.880
308000,0.067,0.035,0.898
308500,0.064,0.015,0.921
309000,0.086,0.026,0.888
309500,0.080,0.030,0.890
310000,0.080,0.026,0.894
310500,0.082,0.026,0.892
311000,0.097,0.022,0.881
311500,0.093,0.031,0.876
312000,0.092,0.022,0.886
312500,0.081,0.028,0.891
313000,0.082,0.038,0.880
313500,0.075,0.026,0.899
314000,0.071,0.028,0.901
314500,0.065,0.035,0.900
315000,0.065,0.021,0.914
315500,0.072,0.016,0.911
316000,0.082,0.030,0.888
316500,0.071,0.025,0.905
317000,0.079,0.022,0.899
317500,0.080,0.021,0.899
318000,0.072,0.018,0.911
318500,0.074,0.007,0.918
319000,0.081,0.028,0.892
319500,0.081,0.026,0.893
320000,0.091,0.018,0.890
320500,0.073,0.025,0.902
321000,0.077,0.017,0.905
321500,0.066,0.026,0.908
322000,0.066,0.036,0.898
322500,0.061,0.041,0.898
323000,0.065,0.030,0.905
323500,0.071,0.021,0.908
324000,0.079,0.016,0.905
324500,0.081,0.013,0.906
325000,0.072,0.020,0.908
325500,0.080,0.019,0.901
326000,0.087,0.035,0.877
326500,0.079,0.021,0.901
327000,0.064,0.025,0.911
327500,0.070,0.020,0.909
328000,0.059,0.029,0.913
328500,0.064,0.035,0.901
329000,0.068,0.039,0.893
329500,0.074,0.025,0.901
330000,0.088,0.031,0.881
330500,0.070,0.032,0.898
331000,0.096,0.026,0.878
331500,0.115,0.018,0.867
332000,0.087,0.019,0.893
332500,0.086,0.025,0.888
333000,0.087,0.016,0.897
333500,0.090,0.015,0.894
334000,0.099,0.021,0.880
334500,0.104,0.021,0.874
335000,0.095,0.022,0.883
335500,0.074,0.032,0.894
336000,0.066,0.038,0.896
336500,0.080,0.029,0.892
337000,0.068,0.029,0.902
337500,0.065,0.059,0.877
338000,0.059,0.043,0.897
338500,0.066,0.035,0.899
339000,0.073,0.035,0.891
339500,0.085,0.029,0.887
340000,0.086,0.034,0.881
340500,0.085,0.035,0.881
341000,0.074,0.032,0.894
341500,0.075,0.040,0.885
342000,0.073,0.024,0.903
342500,0.070,0.044,0.886
343000,0.083,0.029,0.888
343500,0.085,0.018,0.897
344000,0.081,0.025,0.895
344500,0.074,0.020,0.906
345000,0.083,0.024,0.893
345500,0.076,0.030,0.894
346000,0.077,0.034,0.889
346500,0.080,0.016,0.904
347000,0.079,0.029,0.892
347500,0.072,0.036,0.892
348000,0.081,0.037,0.882
348500,0.093,0.030,0.876
349000,0.074,0.048,0.877
349500,0.065,0.055,0.880
350000,0.074,0.051,0.874
350500,0.076,0.033,0.890
351000,0.082,0.014,0.904
351500,0.091,0.018,0.892
352000,0.075,0.022,0.902
352500,0.076,0.018,0.906
353000,0.072,0.012,0.915
353500,0.086,0.032,0.882
354000,0.099,0.035,0.867
354500,0.088,0.026,0.885
355000,0.076,0.040,0.884
355500,0.082,0.031,0.887
356000,0.088,0.017,0.894
356500,0.093,0.034,0.873
357000,0.083,0.026,0.891
357500,0.076,0.032,0.892
358000,0.071,0.038,0.891
358500,0.071,0.037,0.892
359000,0.087,0.013,0.899
359500,0.097,0.019,0.884
360000,0.086,0.021,0.893
360500,0.071,0.028,0.902
361000,0.071,0.022,0.906
361500,0.058,0.026,0.916
362000,0.083,0.022,0.895
362500,0.082,0.035,0.883
363000,0.095,0.025,0.880
363500,0.089,0.025,0.886
364000,0.080,0.025,0.895
364500,0.083,0.026,0.891
365000,0.067,0.026,0.907
365500,0.062,0.028,0.909
366000,0.067,0.029,0.904
366500,0.066,0.023,0.911
367000,0.083,0.035,0.883
367500,0.073,0.025,0.903
368000,0.070,0.025,0.905
368500,0.077,0.028,0.895
369000,0.072,0.030,0.897
369500,0.079,0.030,0.891
370000,0.080,0.032,0.888
370500,0.092,0.026,0.882
371000,0.087,0.025,0.888
371500,0.081,0.029,0.890
372000,0.085,0.025,0.891
372500,0.093,0.021,0.887
373000,0.083,0.026,0.891
373500,0.097,0.014,0.889
374000,0.098,0.033,0.870
374500,0.096,0.029,0.875
375000,0.097,0.027,0.876
375500,0.086,0.018,0.896
376000,0.069,0.017,0.914
376500,0.076,0.032,0.892
377000,0.086,0.023,0.891
377500,0.086,0.024,0.890
378000,0.097,0.025,0.879
378500,0.077,0.023,0.900
379000,0.096,0.014,0.890
379500,0.081,0.006,0.913
380000,0.086,0.020,0.894
380500,0.080,0.027,0.893
381000,0.073,0.032,0.895
381500,0.053,0.022,0.924
382000,0.079,0.022,0.899
382500,0.067,0.024,0.909
383000,0.065,0.019,0.916
383500,0.088,0.015,0.897
384000,0.096,0.017,0.888
384500,0.099,0.019,0.882
385000,0.088,0.036,0.875
385500,0.091,0.030,0.879
386000,0.096,0.021,0.883
386500,0.090,0.017,0.893
387000,0.110,0.015,0.875
387500,0.095,0.017,0.888
388000,0.095,0.028,0.877
388500,0.086,0.036,0.878
389000,0.074,0.035,0.891
389500,0.074,0.025,0.901
390000,0.076,0.028,0.895
390500,0.096,0.021,0.883
391000,0.103,0.015,0.882
391500,0.103,0.019,0.878
392000,0.097,0.015,0.888
392500,0.096,0.024,0.881
393000,0.088,0.021,0.890
393500,0.092,0.022,0.885
394000,0.078,0.030,0.892
394500,0.068,0.038,0.894
395000,0.064,0.035,0.901
395500,0.075,0.024,0.900
396000,0.061,0.035,0.904
396500,0.055,0.028,0.917
397000,0.076,0.030,0.894
397500,0.084,0.017,0.899
398000,0.091,0.029,0.880
398500,0.086,0.040,0.875
399000,0.089,0.023,0.887
399500,0.097,0.024,0.879
400000,0.086,0.011,0.903
400500,0.083,0.025,0.892
401000,0.105,0.021,0.875
401500,0.094,0.022,0.884
402000,0.093,0.018,0.889
402500,0.088,0.019,0.892
403000,0.088,0.022,0.890
403500,0.070,0.029,0.900
404000,0.065,0.033,0.903
404500,0.075,0.029,0.897
405000,0.089,0.026,0.884
405500,0.089,0.035,0.876
406000,0.083,0.035,0.882
406500,0.077,0.030,0.893
407000,0.072,0.025,0.903
407500,0.083,0.015,0.903
408000,0.076,0.030,0.894
408500,0.069,0.032,0.899
409000,0.085,0.044,0.871
409500,0.097,0.032,0.871
410000,0.074,0.019,0.906
410500,0.076,0.031,0.893
411000,0.081,0.034,0.885
411500,0.083,0.034,0.884
412000,0.092,0.015,0.893
412500,0.079,0.030,0.891
413000,0.068,0.032,0.900
413500,0.071,0.028,0.901
414000,0.061,0.032,0.908
414500,0.066,0.026,0.908
415000,0.061,0.023,0.916
415500,0.066,0.026,0.908
416000,0.051,0.043,0.906
416500,0.064,0.054,0.882
417000,0.096,0.037,0.867
417500,0.088,0.030,0.881
418000,0.087,0.011,0.901
418500,0.082,0.018,0.901
419000,0.082,0.029,0.889
419500,0.073,0.028,0.898
420000,0.082,0.030,0.888
420500,0.075,0.031,0.894
421000,0.083,0.032,0.886
421500,0.083,0.037,0.880
422000,0.082,0.029,0.889
422500,0.084,0.040,0.877
423000,0.076,0.026,0.897
423500,0.066,0.038,0.896
424000,0.077,0.032,0.892
424500,0.074,0.035,0.891
425000,0.087,0.035,0.877
425500,0.091,0.026,0.882
426000,0.073,0.022,0.904
426500,0.085,0.024,0.892
427000,0.061,0.034,0.905
427500,0.065,0.043,0.892
428000,0.082,0.049,0.869
428500,0.086,0.028,0.886
429000,0.089,0.018,0.892
429500,0.086,0.032,0.882
430000,0.070,0.028,0.902
430500,0.071,0.018,0.910
431000,0.071,0.029,0.900
431500,0.074,0.039,0.886
432000,0.075,0.035,0.890
432500,0.084,0.027,0.889
433000,0.086,0.033,0.882
433500,0.074,0.018,0.907
434000,0.088,0.028,0.884
434500,0.089,0.024,0.887
435000,0.099,0.017,0.884
435500,0.092,0.013,0.895
436000,0.077,0.031,0.891
436500,0.070,0.037,0.893
437000,0.068,0.050,0.882
437500,0.069,0.034,0.897
438000,0.067,0.033,0.901
438500,0.066,0.030,0.903
439000,0.070,0.029,0.902
439500,0.079,0.042,0.880
440000,0.073,0.029,0.898
440500,0.083,0.035,0.883
441000,0.072,0.025,0.903
441500,0.068,0.028,0.904
442000,0.065,0.025,0.911
442500,0.074,0.033,0.892
443000,0.082,0.028,0.891
443500,0.091,0.042,0.866
444000,0.081,0.045,0.874
444500,0.075,0.043,0.882
445000,0.069,0.025,0.907
445500,0.081,0.032,0.887
446000,0.076,0.022,0.902
446500,0.086,0.025,0.888
447000,0.081,0.044,0.875
447500,0.057,0.037,0.905
448000,0.059,0.035,0.906
448500,0.061,0.043,0.896
449000,0.072,0.044,0.883
449500,0.077,0.038,0.884
450000,0.063,0.051,0.886
450500,0.070,0.046,0.883
451000,0.085,0.032,0.883
451500,0.073,0.028,0.899
452000,0.058,0.021,0.921
452500,0.070,0.040,0.890
453000,0.086,0.029,0.886
453500,0.075,0.028,0.898
454000,0.065,0.028,0.907
454500,0.063,0.037,0.900
455000,0.069,0.026,0.905
455500,0.080,0.024,0.896
456000,0.089,0.025,0.886
456500,0.066,0.021,0.914
457000,0.060,0.025,0.914
457500,0.088,0.042,0.869
458000,0.075,0.035,0.890
458500,0.077,0.033,0.891
459000,0.070,0.028,0.903
459500,0.076,0.032,0.893
460000,0.071,0.024,0.904
460500,0.065,0.015,0.920
461000,0.069,0.035,0.896
461500,0.086,0.021,0.892
462000,0.081,0.019,0.900
462500,0.066,0.024,0.910
463000,0.069,0.019,0.912
463500,0.060,0.016,0.924
464000,0.075,0.014,0.910
464500,0.070,0.019,0.910
465000,0.075,0.032,0.894
465500,0.071,0.029,0.899
466000,0.085,0.023,0.892
466500,0.082,0.019,0.899
467000,0.113,0.026,0.861
467500,0.093,0.024,0.883
468000,0.083,0.015,0.902
468500,0.080,0.018,0.903
469000,0.083,0.029,0.888
469500,0.086,0.029,0.886
470000,0.074,0.022,0.903
470500,0.076,0.015,0.908
471000,0.095,0.024,0.881
471500,0.069,0.037,0.894
472000,0.089,0.021,0.889
472500,0.090,0.015,0.895
473000,0.084,0.026,0.890
473500,0.089,0.026,0.884
474000,0.073,0.038,0.888
474500,0.072,0.043,0.885
475000,0.072,0.025,0.903
475500,0.069,0.021,0.910
476000,0.072,0.021,0.907
476500,0.072,0.027,0.901
477000,0.079,0.026,0.895
477500,0.084,0.020,0.896
478000,0.069,0.025,0.907
478500,0.077,0.035,0.888
479000,0.074,0.027,0.898
479500,0.073,0.029,0.898
480000,0.068,0.027,0.905
480500,0.057,0.020,0.923
481000,0.059,0.035,0.907
481500,0.058,0.029,0.913
482000,0.072,0.038,0.889
482500,0.089,0.043,0.868
483000,0.080,0.036,0.884
483500,0.079,0.029,0.892
484000,0.071,0.035,0.894
484500,0.072,0.035,0.894
485000,0.086,0.026,0.888
485500,0.072,0.029,0.898
486000,0.081,0.041,0.879
486500,0.082,0.033,0.885
487000,0.072,0.021,0.906
487500,0.088,0.031,0.880
488000,0.070,0.020,0.909
488500,0.062,0.025,0.913
489000,0.082,0.023,0.895
489500,0.081,0.017,0.903
490000,0.087,0.029,0.884
490500,0.071,0.027,0.901
491000,0.088,0.029,0.884
491500,0.065,0.037,0.898
492000,0.074,0.044,0.881
492500,0.067,0.034,0.900
493000,0.071,0.029,0.901
493500,0.074,0.042,0.884
494000,0.079,0.018,0.903
494500,0.068,0.029,0.903
495000,0.068,0.025,0.908
495500,0.075,0.038,0.886
496000,0.081,0.033,0.886
496500,0.084,0.034,0.883
497000,0.072,0.025,0.902
497500,0.073,0.028,0.899
498000,0.081,0.025,0.894
498500,0.070,0.024,0.905
499000,0.080,0.029,0.891
499500,0.080,0.025,0.895
500000,0.072,0.032,0.896
500500,0.068,0.029,0.902
501000,0.073,0.036,0.890
501500,0.090,0.029,0.881
502000,0.085,0.013,0.902
502500,0.074,0.026,0.899
503000,0.069,0.025,0.906
503500,0.065,0.042,0.894
504000,0.066,0.036,0.898
504500,0.064,0.033,0.903
505000,0.064,0.026,0.910
505500,0.098,0.033,0.870
506000,0.087,0.029,0.883
506500,0.065,0.034,0.902
507000,0.069,0.026,0.905
507500,0.085,0.026,0.889
508000,0.074,0.018,0.907
508500,0.076,0.018,0.906
509000,0.074,0.025,0.900
509500,0.078,0.036,0.886
510000,0.081,0.026,0.893
510500,0.075,0.024,0.901
511000,0.067,0.032,0.902
511500,0.064,0.027,0.909
512000,0.069,0.026,0.905
512500,0.070,0.022,0.907
513000,0.074,0.019,0.907
513500,0.076,0.021,0.903
514000,0.071,0.026,0.903
514500,0.072,0.029,0.899
515000,0.067,0.039,0.894
515500,0.061,0.034,0.905
516000,0.062,0.032,0.906
516500,0.090,0.033,0.876
517000,0.063,0.032,0.905
517500,0.077,0.018,0.905
518000,0.081,0.009,0.911
518500,0.076,0.013,0.911
519000,0.098,0.015,0.888
519500,0.087,0.017,0.896
520000,0.083,0.019,0.898
520500,0.072,0.012,0.915
521000,0.077,0.013,0.909
521500,0.101,0.015,0.885
522000,0.090,0.013,0.896
522500,0.091,0.010,0.899
523000,0.100,0.016,0.884
523500,0.075,0.026,0.899
524000,0.080,0.031,0.889
524500,0.098,0.019,0.883
525000,0.082,0.021,0.898
525500,0.079,0.016,0.905
526000,0.086,0.019,0.895
526500,0.087,0.029,0.884
527000,0.065,0.029,0.906
527500,0.102,0.024,0.873
528000,0.089,0.022,0.888
528500,0.070,0.029,0.901
529000,0.070,0.031,0.898
529500,0.100,0.028,0.872
530000,0.086,0.022,0.892
530500,0.094,0.024,0.883
531000,0.080,0.029,0.891
531500,0.081,0.021,0.899
532000,0.074,0.028,0.898
532500,0.075,0.052,0.872
533000,0.079,0.032,0.890
533500,0.073,0.029,0.898
534000,0.069,0.026,0.905
534500,0.072,0.017,0.911
535000,0.073,0.024,0.903
535500,0.082,0.015,0.903
536000,0.077,0.030,0.892
536500,0.076,0.022,0.902
537000,0.073,0.020,0.906
537500,0.078,0.037,0.885
538000,0.064,0.034,0.902
538500,0.059,0.051,0.890
539000,0.054,0.043,0.902
539500,0.078,0.022,0.900
540000,0.086,0.042,0.873
540500,0.074,0.044,0.882
541000,0.074,0.031,0.894
541500,0.074,0.029,0.897
542000,0.083,0.028,0.890
542500,0.088,0.012,0.900
543000,0.102,0.011,0.888
543500,0.089,0.019,0.891
544000,0.089,0.025,0.886
544500,0.088,0.024,0.889
545000,0.076,0.037,0.886
545500,0.081,0.032,0.887
546000,0.077,0.028,0.895
546500,0.070,0.026,0.904
547000,0.097,0.032,0.871
547500,0.088,0.032,0.879
548000,0.096,0.018,0.886
548500,0.089,0.028,0.884
549000,0.080,0.029,0.891
549500,0.081,0.036,0.883
550000,0.080,0.037,0.883
550500,0.074,0.043,0.883
551000,0.078,0.035,0.887
551500,0.070,0.030,0.900
552000,0.072,0.029,0.899
552500,0.054,0.044,0.901
553000,0.065,0.040,0.895
553500,0.085,0.021,0.895
554000,0.116,0.026,0.858
554500,0.104,0.029,0.866
555000,0.096,0.006,0.898
555500,0.101,0.026,0.873
556000,0.102,0.024,0.873
556500,0.096,0.022,0.882
557000,0.083,0.021,0.896
557500,0.076,0.035,0.888
558000,0.080,0.018,0.903
558500,0.070,0.013,0.917
559000,0.091,0.015,0.894
559500,0.096,0.021,0.883
560000,0.104,0.021,0.876
560500,0.094,0.015,0.892
561000,0.083,0.028,0.890
561500,0.091,0.027,0.881
562000,0.086,0.022,0.892
562500,0.103,0.028,0.870
563000,0.072,0.030,0.897
563500,0.070,0.018,0.912
564000,0.079,0.027,0.894
564500,0.097,0.026,0.877
565000,0.075,0.018,0.906
565500,0.077,0.020,0.902
566000,0.088,0.021,0.890
566500,0.114,0.021,0.866
567000,0.104,0.021,0.875
567500,0.085,0.009,0.907
568000,0.084,0.017,0.900
568500,0.113,0.012,0.875
569000,0.087,0.029,0.883
569500,0.069,0.029,0.903
570000,0.064,0.024,0.912
570500,0.073,0.027,0.900
571000,0.067,0.035,0.899
571500,0.082,0.022,0.896
572000,0.089,0.038,0.873
572500,0.082,0.028,0.890
573000,0.085,0.022,0.893
573500,0.083,0.022,0.895
574000,0.078,0.026,0.896
574500,0.076,0.024,0.901
575000,0.078,0.025,0.898
575500,0.075,0.027,0.897
576000,0.086,0.033,0.881
576500,0.086,0.028,0.886
577000,0.071,0.038,0.891
577500,0.069,0.018,0.914
578000,0.064,0.032,0.904
578500,0.060,0.030,0.909
579000,0.084,0.033,0.883
579500,0.086,0.016,0.897
580000,0.084,0.015,0.902
580500,0.092,0.021,0.887
581000,0.067,0.028,0.906
581500,0.066,0.028,0.907
582000,0.073,0.033,0.894
582500,0.064,0.017,0.919
583000,0.083,0.018,0.899
583500,0.081,0.035,0.884
584000,0.080,0.011,0.909
584500,0.085,0.015,0.901
585000,0.075,0.018,0.906
585500,0.071,0.036,0.893
586000,0.080,0.032,0.888
586500,0.076,0.041,0.883
587000,0.086,0.039,0.874
587500,0.087,0.028,0.885
588000,0.073,0.024,0.902
588500,0.071,0.035,0.894
589000,0.078,0.030,0.892
589500,0.075,0.029,0.895
590000,0.086,0.028,0.887
590500,0.091,0.025,0.884
591000,0.095,0.031,0.874
591500,0.083,0.035,0.882
592000,0.067,0.043,0.890
592500,0.077,0.042,0.882
593000,0.084,0.034,0.882
593500,0.073,0.023,0.903
594000,0.059,0.030,0.910
594500,0.059,0.030,0.910
595000,0.073,0.021,0.905
595500,0.080,0.036,0.884
596000,0.092,0.040,0.869
596500,0.065,0.044,0.891
597000,0.078,0.046,0.876
597500,0.089,0.029,0.882
598000,0.103,0.025,0.872
598500,0.092,0.029,0.879
599000,0.076,0.022,0.901
599500,0.077,0.033,0.890
600000,0.058,0.022,0.920
600500,0.083,0.018,0.900
601000,0.083,0.019,0.898
601500,0.086,0.022,0.891
602000,0.072,0.020,0.907
602500,0.069,0.024,0.908
603000,0.067,0.022,0.911
603500,0.070,0.014,0.916
604000,0.070,0.015,0.915
604500,0.075,0.033,0.891
605000,0.076,0.027,0.897
605500,0.084,0.033,0.883
606000,0.086,0.025,0.888
606500,0.089,0.019,0.892
607000,0.083,0.018,0.899
607500,0.070,0.009,0.921
608000,0.077,0.026,0.896
608500,0.080,0.031,0.889
609000,0.072,0.027,0.900
609500,0.084,0.036,0.880
610000,0.059,0.036,0.905
610500,0.051,0.042,0.907
611000,0.057,0.039,0.904
611500,0.075,0.038,0.887
612000,0.086,0.041,0.872
612500,0.074,0.025,0.900
613000,0.086,0.035,0.879
613500,0.079,0.037,0.884
614000,0.073,0.037,0.889
614500,0.067,0.037,0.896
615000,0.064,0.037,0.899
615500,0.059,0.029,0.911
616000,0.066,0.021,0.913
616500,0.070,0.021,0.908
617000,0.062,0.025,0.912
617500,0.056,0.025,0.919
618000,0.065,0.028,0.908
618500,0.075,0.020,0.904
619000,0.066,0.026,0.908
619500,0.068,0.030,0.902
620000,0.071,0.033,0.895
620500,0.066,0.037,0.896
621000,0.075,0.025,0.899
621500,0.077,0.032,0.892
622000,0.086,0.024,0.890
622500,0.078,0.028,0.895
623000,0.081,0.030,0.889
623500,0.062,0.029,0.908
624000,0.059,0.021,0.920
624500,0.069,0.019,0.912
625000,0.059,0.029,0.911
625500,0.053,0.034,0.913
626000,0.059,0.038,0.902
626500,0.082,0.038,0.880
627000,0.069,0.033,0.898
627500,0.072,0.044,0.884
628000,0.071,0.035,0.893
628500,0.063,0.031,0.906
629000,0.081,0.029,0.890
629500,0.079,0.018,0.904
630000,0.085,0.029,0.887
630500,0.083,0.023,0.894
631000,0.070,0.028,0.901
631500,0.064,0.033,0.903
632000,0.076,0.037,0.886
632500,0.076,0.033,0.891
633000,0.093,0.024,0.882
633500,0.078,0.026,0.896
634000,0.062,0.018,0.920
634500,0.079,0.034,0.888
635000,0.088,0.017,0.896
635500,0.098,0.018,0.884
636000,0.089,0.022,0.888
636500,0.083,0.029,0.888
637000,0.070,0.033,0.898
637500,0.070,0.029,0.901
638000,0.067,0.024,0.909
638500,0.083,0.031,0.886
639000,0.076,0.043,0.881
639500,0.102,0.037,0.861
640000,0.077,0.024,0.898
640500,0.091,0.024,0.885
641000,0.078,0.035,0.887
641500,0.061,0.036,0.902
642000,0.072,0.038,0.890
642500,0.070,0.024,0.906
643000,0.067,0.030,0.903
643500,0.064,0.025,0.911
644000,0.090,0.022,0.888
644500,0.095,0.029,0.876
645000,0.081,0.029,0.890
645500,0.089,0.023,0.887
646000,0.081,0.028,0.892
646500,0.070,0.054,0.875
647000,0.081,0.035,0.884
647500,0.079,0.037,0.884
648000,0.070,0.034,0.896
648500,0.062,0.024,0.913
649000,0.070,0.026,0.904
649500,0.087,0.037,0.875
650000,0.068,0.028,0.904
650500,0.079,0.028,0.894
651000,0.086,0.033,0.882
651500,0.084,0.038,0.878
652000,0.060,0.030,0.909
652500,0.058,0.043,0.899
653000,0.062,0.044,0.893
653500,0.084,0.038,0.878
654000,0.062,0.035,0.903
654500,0.086,0.024,0.890
655000,0.068,0.024,0.908
655500,0.070,0.030,0.900
656000,0.096,0.035,0.869
656500,0.095,0.023,0.882
657000,0.101,0.015,0.885
657500,0.077,0.016,0.906
658000,0.065,0.015,0.920
658500,0.059,0.030,0.911
659000,0.061,0.028,0.912
659500,0.059,0.028,0.914
660000,0.075,0.031,0.893
660500,0.092,0.031,0.876
661000,0.084,0.018,0.899
661500,0.092,0.012,0.896
662000,0.093,0.023,0.884
662500,0.091,0.018,0.892
663000,0.104,0.021,0.875
663500,0.080,0.022,0.898
664000,0.068,0.018,0.914
664500,0.067,0.026,0.907
665000,0.070,0.041,0.889
665500,0.083,0.021,0.896
666000,0.083,0.018,0.899
666500,0.076,0.022,0.901
667000,0.074,0.022,0.904
667500,0.098,0.026,0.876
668000,0.089,0.028,0.884
668500,0.076,0.024,0.900
669000,0.103,0.020,0.877
669500,0.091,0.013,0.896
670000,0.094,0.023,0.883
670500,0.073,0.018,0.908
671000,0.084,0.021,0.896
671500,0.078,0.030,0.892
672000,0.067,0.025,0.908
672500,0.073,0.034,0.893
673000,0.068,0.042,0.890
673500,0.079,0.024,0.897
674000,0.073,0.028,0.900
674500,0.079,0.029,0.892
675000,0.075,0.034,0.892
675500,0.070,0.025,0.905
676000,0.071,0.025,0.903
676500,0.075,0.045,0.880
677000,0.075,0.024,0.900
677500,0.080,0.019,0.901
678000,0.084,0.025,0.891
678500,0.086,0.017,0.898
679000,0.085,0.013,0.902
679500,0.086,0.025,0.890
680000,0.070,0.027,0.902
680500,0.067,0.030,0.903
681000,0.086,0.026,0.888
681500,0.098,0.036,0.866
682000,0.081,0.038,0.881
682500,0.086,0.028,0.887
683000,0.088,0.018,0.893
683500,0.079,0.025,0.896
684000,0.056,0.019,0.925
684500,0.071,0.029,0.899
685000,0.079,0.028,0.893
685500,0.087,0.027,0.885
686000,0.096,0.019,0.885
686500,0.083,0.034,0.884
687000,0.073,0.023,0.903
687500,0.082,0.023,0.895
688000,0.076,0.025,0.898
688500,0.071,0.036,0.893
689000,0.073,0.064,0.863
689500,0.071,0.033,0.897
690000,0.071,0.057,0.873
690500,0.078,0.038,0.884
691000,0.075,0.022,0.903
691500,0.073,0.034,0.893
692000,0.074,0.024,0.901
692500,0.070,0.020,0.910
693000,0.090,0.021,0.890
693500,0.092,0.029,0.879
694000,0.073,0.034,0.892
694500,0.071,0.038,0.890
695000,0.070,0.027,0.903
695500,0.085,0.026,0.889
696000,0.089,0.035,0.877
696500,0.080,0.038,0.882
697000,0.077,0.052,0.870
697500,0.079,0.047,0.874
698000,0.071,0.040,0.890
698500,0.070,0.041,0.889
699000,0.074,0.023,0.903
699500,0.079,0.017,0.904
700000,0.080,0.021,0.899
700500,0.087,0.036,0.876
701000,0.075,0.034,0.891
701500,0.082,0.040,0.878
702000,0.077,0.037,0.886
702500,0.084,0.024,0.892
703000,0.075,0.025,0.901
703500,0.077,0.022,0.901
704000,0.086,0.024,0.891
704500,0.080,0.026,0.894
705000,0.074,0.032,0.895
705500,0.096,0.032,0.873
706000,0.084,0.028,0.888
706500,0.081,0.021,0.898
707000,0.074,0.032,0.895
707500,0.073,0.021,0.905
708000,0.070,0.028,0.902
708500,0.095,0.025,0.880
709000,0.083,0.034,0.883
709500,0.082,0.034,0.884
710000,0.081,0.039,0.880
710500,0.070,0.027,0.903
711000,0.055,0.018,0.927
711500,0.075,0.017,0.909
712000,0.076,0.018,0.905
712500,0.076,0.021,0.904
713000,0.061,0.029,0.910
713500,0.075,0.029,0.895
714000,0.077,0.038,0.884
714500,0.088,0.026,0.886
715000,0.096,0.027,0.877
715500,0.080,0.024,0.897
716000,0.070,0.035,0.894
716500,0.067,0.025,0.909
717000,0.061,0.037,0.902
717500,0.078,0.034,0.888
718000,0.071,0.036,0.892
718500,0.081,0.031,0.888
719000,0.076,0.041,0.884
719500,0.086,0.037,0.876
720000,0.073,0.039,0.888
720500,0.065,0.032,0.903
721000,0.075,0.043,0.882
721500,0.079,0.032,0.890
722000,0.070,0.025,0.905
722500,0.082,0.029,0.889
723000,0.073,0.018,0.908
723500,0.080,0.024,0.896
724000,0.074,0.037,0.889
724500,0.068,0.044,0.887
725000,0.077,0.032,0.890
725500,0.067,0.029,0.904
726000,0.092,0.035,0.874
726500,0.087,0.028,0.885
727000,0.071,0.029,0.899
727500,0.073,0.025,0.902
728000,0.092,0.027,0.880
728500,0.091,0.022,0.887
729000,0.099,0.030,0.871
729500,0.101,0.024,0.876
730000,0.099,0.021,0.881
730500,0.085,0.023,0.892
731000,0.087,0.038,0.874
731500,0.088,0.043,0.869
732000,0.096,0.015,0.889
732500,0.084,0.013,0.903
733000,0.079,0.017,0.905
733500,0.082,0.028,0.891
734000,0.080,0.029,0.891
734500,0.085,0.020,0.895
735000,0.102,0.022,0.875
735500,0.087,0.013,0.901
736000,0.090,0.013,0.898
736500,0.093,0.020,0.886
737000,0.105,0.022,0.873
737500,0.084,0.026,0.890
738000,0.084,0.029,0.888
738500,0.066,0.030,0.904
739000,0.070,0.035,0.895
739500,0.069,0.026,0.905
740000,0.072,0.041,0.887
740500,0.076,0.029,0.894
741000,0.088,0.024,0.888
741500,0.068,0.038,0.894
742000,0.066,0.024,0.910
742500,0.070,0.025,0.905
743000,0.079,0.026,0.895
743500,0.086,0.013,0.900
744000,0.093,0.013,0.893
744500,0.084,0.013,0.903
745000,0.073,0.012,0.915
745500,0.069,0.017,0.914
746000,0.076,0.024,0.901
746500,0.062,0.027,0.910
747000,0.084,0.032,0.884
747500,0.065,0.027,0.908
748000,0.077,0.029,0.893
748500,0.076,0.037,0.886
749000,0.086,0.034,0.880
749500,0.075,0.030,0.895
750000,0.069,0.042,0.889
750500,0.062,0.032,0.906
751000,0.063,0.037,0.900
751500,0.070,0.041,0.889
752000,0.069,0.046,0.885
752500,0.073,0.029,0.898
753000,0.065,0.053,0.882
753500,0.059,0.039,0.902
754000,0.070,0.025,0.905
754500,0.083,0.031,0.886
755000,0.069,0.029,0.902
755500,0.063,0.038,0.899
756000,0.074,0.033,0.892
756500,0.078,0.019,0.903
757000,0.074,0.021,0.904
757500,0.070,0.023,0.907
758000,0.060,0.043,0.896
758500,0.075,0.046,0.878
759000,0.065,0.024,0.911
759500,0.076,0.026,0.898
760000,0.083,0.043,0.874
760500,0.072,0.037,0.891
761000,0.068,0.021,0.911
761500,0.063,0.034,0.903
762000,0.048,0.027,0.925
762500,0.077,0.043,0.880
763000,0.074,0.044,0.881
763500,0.082,0.031,0.887
764000,0.075,0.030,0.895
764500,0.083,0.019,0.898
765000,0.083,0.024,0.893
765500,0.068,0.029,0.903
766000,0.074,0.026,0.900
766500,0.076,0.015,0.909
767000,0.086,0.019,0.895
767500,0.070,0.021,0.909
768000,0.070,0.024,0.907
768500,0.075,0.034,0.892
769000,0.075,0.030,0.894
769500,0.083,0.029,0.888
770000,0.084,0.040,0.876
770500,0.080,0.048,0.873
771000,0.062,0.040,0.898
771500,0.057,0.039,0.904
772000,0.061,0.032,0.906
772500,0.079,0.029,0.892
773000,0.066,0.033,0.902
773500,0.070,0.035,0.895
774000,0.060,0.053,0.886
774500,0.074,0.040,0.885
775000,0.061,0.039,0.900
775500,0.081,0.037,0.882
776000,0.077,0.033,0.890
776500,0.080,0.031,0.889
777000,0.070,0.022,0.907
777500,0.069,0.026,0.905
778000,0.072,0.028,0.900
778500,0.084,0.037,0.879
779000,0.067,0.038,0.895
779500,0.064,0.022,0.914
780000,0.082,0.023,0.895
780500,0.079,0.022,0.899
781000,0.086,0.026,0.888
781500,0.083,0.022,0.895
782000,0.081,0.029,0.890
782500,0.081,0.024,0.896
783000,0.077,0.025,0.897
783500,0.069,0.033,0.898
784000,0.062,0.028,0.910
784500,0.066,0.037,0.897
785000,0.062,0.030,0.907
785500,0.090,0.037,0.872
786000,0.067,0.043,0.890
786500,0.079,0.020,0.901
787000,0.065,0.040,0.895
787500,0.074,0.043,0.883
788000,0.067,0.036,0.897
788500,0.069,0.025,0.907
789000,0.103,0.022,0.874
789500,0.115,0.032,0.853
790000,0.097,0.021,0.882
790500,0.074,0.018,0.908
791000,0.074,0.030,0.895
791500,0.064,0.041,0.895
792000,0.081,0.040,0.880
792500,0.075,0.032,0.894
793000,0.075,0.034,0.891
793500,0.074,0.036,0.889
794000,0.070,0.040,0.890
794500,0.068,0.043,0.890
795000,0.064,0.035,0.901
795500,0.075,0.019,0.905
796000,0.082,0.029,0.890
796500,0.085,0.028,0.888
797000,0.093,0.035,0.872
797500,0.082,0.030,0.888
798000,0.090,0.025,0.885
798500,0.081,0.025,0.895
799000,0.085,0.033,0.882
799500,0.070,0.037,0.893
800000,0.070,0.025,0.904
800500,0.083,0.026,0.891
801000,0.074,0.014,0.912
801500,0.086,0.022,0.891
802000,0.076,0.027,0.896
802500,0.064,0.048,0.888
803000,0.059,0.035,0.907
803500,0.067,0.028,0.906
804000,0.074,0.035,0.891
804500,0.072,0.041,0.887
805000,0.062,0.040,0.898
805500,0.068,0.050,0.882
806000,0.061,0.041,0.898
806500,0.070,0.046,0.884
807000,0.059,0.029,0.912
807500,0.073,0.025,0.901
808000,0.073,0.030,0.897
808500,0.067,0.032,0.902
809000,0.081,0.035,0.884
809500,0.072,0.029,0.899
810000,0.088,0.028,0.884
810500,0.078,0.019,0.903
811000,0.086,0.018,0.897
811500,0.071,0.026,0.903
812000,0.066,0.038,0.896
812500,0.071,0.037,0.891
813000,0.083,0.030,0.887
813500,0.081,0.026,0.893
814000,0.070,0.026,0.903
814500,0.066,0.027,0.907
815000,0.065,0.029,0.906
815500,0.056,0.038,0.905
816000,0.069,0.025,0.906
816500,0.081,0.023,0.896
817000,0.070,0.021,0.909
817500,0.076,0.024,0.901
818000,0.074,0.032,0.894
818500,0.071,0.030,0.898
819000,0.097,0.015,0.888
819500,0.084,0.021,0.895
820000,0.081,0.029,0.890
820500,0.071,0.024,0.905
821000,0.091,0.021,0.888
821500,0.080,0.022,0.898
822000,0.084,0.022,0.894
822500,0.082,0.015,0.904
823000,0.084,0.033,0.884
823500,0.086,0.022,0.892
824000,0.084,0.016,0.900
824500,0.094,0.018,0.888
825000,0.098,0.017,0.886
825500,0.089,0.032,0.880
826000,0.077,0.018,0.904
826500,0.074,0.026,0.900
827000,0.072,0.034,0.895
827500,0.079,0.027,0.894
828000,0.071,0.023,0.905
828500,0.067,0.035,0.898
829000,0.055,0.036,0.909
829500,0.076,0.026,0.898
830000,0.054,0.039,0.906
830500,0.072,0.032,0.897
831000,0.069,0.036,0.895
831500,0.082,0.033,0.885
832000,0.088,0.034,0.878
832500,0.068,0.028,0.904
833000,0.073,0.029,0.898
833500,0.076,0.022,0.902
834000,0.076,0.018,0.907
834500,0.073,0.028,0.898
835000,0.077,0.024,0.899
835500,0.073,0.020,0.907
836000,0.080,0.031,0.889
836500,0.082,0.038,0.880
837000,0.076,0.025,0.898
837500,0.073,0.028,0.898
838000,0.070,0.028,0.902
838500,0.066,0.032,0.902
839000,0.071,0.022,0.906
839500,0.084,0.032,0.884
840000,0.096,0.026,0.878
840500,0.090,0.015,0.895
841000,0.079,0.013,0.909
841500,0.100,0.021,0.879
842000,0.112,0.017,0.871
842500,0.095,0.017,0.888
843000,0.084,0.030,0.886
843500,0.072,0.030,0.898
844000,0.087,0.019,0.894
844500,0.074,0.011,0.915
845000,0.097,0.015,0.889
845500,0.077,0.019,0.904
846000,0.082,0.026,0.892
846500,0.085,0.020,0.895
847000,0.067,0.041,0.893
847500,0.070,0.044,0.886
848000,0.084,0.030,0.886
848500,0.092,0.019,0.888
849000,0.079,0.021,0.901
849500,0.097,0.035,0.868
850000,0.083,0.022,0.895
850500,0.098,0.029,0.873
851000,0.083,0.040,0.878
851500,0.081,0.032,0.888
852000,0.082,0.018,0.901
852500,0.096,0.026,0.878
853000,0.089,0.024,0.887
853500,0.087,0.036,0.876
854000,0.084,0.025,0.892
854500,0.088,0.015,0.897
855000,0.076,0.022,0.901
855500,0.076,0.032,0.892
856000,0.083,0.032,0.885
856500,0.077,0.036,0.887
857000,0.075,0.025,0.900
857500,0.077,0.022,0.901
858000,0.068,0.025,0.906
858500,0.085,0.021,0.895
859000,0.096,0.011,0.893
859500,0.077,0.021,0.902
860000,0.064,0.020,0.916
860500,0.086,0.026,0.888
861000,0.098,0.023,0.879
861500,0.107,0.036,0.856
862000,0.079,0.035,0.887
862500,0.083,0.034,0.883
863000,0.068,0.020,0.912
863500,0.074,0.023,0.903
864000,0.073,0.030,0.896
864500,0.067,0.037,0.896
865000,0.070,0.028,0.902
865500,0.082,0.025,0.893
866000,0.086,0.024,0.891
866500,0.094,0.021,0.885
867000,0.097,0.028,0.876
867500,0.107,0.025,0.868
868000,0.100,0.028,0.872
868500,0.069,0.033,0.898
869000,0.084,0.035,0.882
869500,0.070,0.026,0.903
870000,0.077,0.028,0.895
870500,0.073,0.031,0.895
871000,0.088,0.029,0.883
871500,0.087,0.023,0.889
872000,0.105,0.019,0.876
872500,0.089,0.027,0.883
873000,0.085,0.023,0.892
873500,0.076,0.033,0.890
874000,0.074,0.026,0.900
874500,0.062,0.027,0.910
875000,0.070,0.033,0.897
875500,0.071,0.015,0.914
876000,0.067,0.019,0.914
876500,0.087,0.034,0.878
877000,0.077,0.026,0.896
877500,0.071,0.020,0.908
878000,0.061,0.025,0.914
878500,0.054,0.025,0.921
879000,0.071,0.025,0.903
879500,0.082,0.033,0.885
880000,0.085,0.035,0.880
880500,0.087,0.026,0.886
881000,0.082,0.028,0.891
881500,0.096,0.011,0.893
882000,0.092,0.034,0.873
882500,0.073,0.028,0.900
883000,0.069,0.037,0.894
883500,0.077,0.032,0.891
884000,0.082,0.033,0.886
884500,0.073,0.034,0.893
885000,0.080,0.023,0.897
885500,0.064,0.025,0.912
886000,0.087,0.018,0.894
886500,0.085,0.026,0.889
887000,0.074,0.038,0.887
887500,0.082,0.037,0.881
888000,0.094,0.028,0.878
888500,0.093,0.035,0.872
889000,0.067,0.034,0.900
889500,0.082,0.030,0.888
890000,0.079,0.019,0.902
890500,0.072,0.023,0.905
891000,0.066,0.026,0.907
891500,0.073,0.032,0.895
892000,0.073,0.019,0.907
892500,0.082,0.022,0.896
893000,0.099,0.030,0.871
893500,0.089,0.034,0.877
894000,0.075,0.027,0.897
894500,0.099,0.028,0.874
895000,0.066,0.038,0.896
895500,0.066,0.032,0.902
896000,0.092,0.026,0.882
896500,0.102,0.027,0.871
897000,0.094,0.015,0.892
897500,0.080,0.025,0.895
898000,0.073,0.041,0.886
898500,0.076,0.035,0.890
899000,0.062,0.028,0.910
899500,0.064,0.021,0.915
900000,0.065,0.036,0.899
900500,0.084,0.032,0.884
901000,0.076,0.019,0.905
901500,0.066,0.029,0.905
902000,0.084,0.033,0.884
902500,0.084,0.027,0.889
903000,0.100,0.018,0.883
903500,0.093,0.028,0.878
904000,0.080,0.032,0.888
904500,0.095,0.026,0.879
905000,0.086,0.022,0.892
905500,0.082,0.011,0.907
906000,0.081,0.022,0.897
906500,0.089,0.015,0.897
907000,0.090,0.025,0.884
907500,0.108,0.026,0.866
908000,0.081,0.048,0.872
908500,0.073,0.044,0.882
909000,0.082,0.033,0.885
909500,0.081,0.020,0.899
910000,0.072,0.025,0.902
910500,0.080,0.027,0.893
911000,0.085,0.025,0.890
911500,0.082,0.018,0.900
912000,0.081,0.017,0.902
912500,0.083,0.037,0.880
913000,0.074,0.033,0.892
913500,0.093,0.027,0.880
914000,0.085,0.039,0.876
914500,0.070,0.034,0.895
915000,0.081,0.026,0.893
915500,0.071,0.018,0.911
916000,0.071,0.032,0.896
916500,0.068,0.029,0.903
917000,0.078,0.015,0.907
917500,0.074,0.025,0.900
918000,0.079,0.029,0.893
918500,0.075,0.022,0.902
919000,0.080,0.022,0.898
919500,0.072,0.033,0.896
920000,0.070,0.019,0.910
920500,0.078,0.033,0.890
921000,0.088,0.028,0.884
921500,0.072,0.034,0.895
922000,0.081,0.045,0.874
922500,0.091,0.040,0.869
923000,0.081,0.040,0.879
923500,0.079,0.040,0.882
924000,0.075,0.027,0.897
924500,0.070,0.029,0.901
925000,0.069,0.025,0.906
925500,0.079,0.034,0.887
926000,0.071,0.027,0.901
926500,0.067,0.032,0.901
927000,0.070,0.046,0.883
927500,0.056,0.046,0.897
928000,0.057,0.064,0.879
928500,0.067,0.069,0.865
929000,0.066,0.056,0.879
929500,0.072,0.050,0.878
930000,0.069,0.058,0.873
930500,0.070,0.036,0.894
931000,0.066,0.022,0.912
931500,0.075,0.026,0.898
932000,0.070,0.041,0.889
932500,0.059,0.018,0.924
933000,0.077,0.028,0.895
933500,0.110,0.016,0.874
934000,0.097,0.021,0.883
934500,0.076,0.022,0.902
935000,0.066,0.037,0.896
935500,0.082,0.029,0.889
936000,0.082,0.028,0.891
936500,0.075,0.035,0.890
937000,0.083,0.024,0.893
937500,0.090,0.029,0.880
938000,0.083,0.029,0.888
938500,0.067,0.024,0.910
939000,0.080,0.034,0.887
939500,0.079,0.032,0.889
940000,0.078,0.046,0.876
940500,0.073,0.036,0.891
941000,0.085,0.026,0.889
941500,0.072,0.022,0.906
942000,0.074,0.033,0.893
942500,0.067,0.018,0.916
943000,0.086,0.026,0.887
943500,0.080,0.035,0.886
944000,0.082,0.036,0.882
944500,0.074,0.030,0.895
945000,0.072,0.046,0.881
945500,0.065,0.049,0.887
946000,0.062,0.028,0.909
946500,0.069,0.025,0.907
947000,0.076,0.029,0.894
947500,0.076,0.025,0.899
948000,0.091,0.023,0.886
948500,0.072,0.013,0.915
949000,0.067,0.021,0.912
949500,0.073,0.025,0.902
950000,0.070,0.030,0.899
950500,0.069,0.036,0.895
951000,0.071,0.032,0.897
951500,0.082,0.025,0.894
952000,0.082,0.033,0.885
952500,0.086,0.031,0.883
953000,0.064,0.025,0.912
953500,0.061,0.017,0.922
954000,0.079,0.029,0.892
954500,0.074,0.025,0.902
955000,0.087,0.030,0.882
955500,0.082,0.033,0.885
956000,0.071,0.021,0.908
956500,0.056,0.022,0.921
957000,0.082,0.022,0.896
957500,0.087,0.026,0.886
958000,0.083,0.037,0.880
958500,0.086,0.035,0.879
959000,0.071,0.021,0.907
959500,0.061,0.033,0.905
960000,0.083,0.028,0.889
960500,0.061,0.020,0.918
961000,0.068,0.030,0.901
961500,0.071,0.025,0.903
962000,0.064,0.035,0.901
962500,0.076,0.034,0.889
963000,0.062,0.034,0.903
963500,0.073,0.030,0.897
964000,0.079,0.037,0.884
964500,0.092,0.028,0.880
965000,0.097,0.012,0.891
965500,0.093,0.028,0.879
966000,0.079,0.026,0.895
966500,0.079,0.034,0.888
967000,0.070,0.037,0.893
967500,0.054,0.040,0.906
968000,0.081,0.037,0.882
968500,0.076,0.018,0.906
969000,0.073,0.029,0.897
969500,0.071,0.036,0.893
970000,0.074,0.042,0.884
970500,0.073,0.033,0.895
971000,0.085,0.029,0.886
971500,0.081,0.026,0.893
972000,0.099,0.025,0.877
972500,0.076,0.022,0.901
973000,0.083,0.053,0.864
973500,0.077,0.042,0.881
974000,0.066,0.042,0.892
974500,0.070,0.048,0.882
975000,0.063,0.045,0.892
975500,0.059,0.044,0.897
976000,0.069,0.043,0.889
976500,0.072,0.026,0.901
977000,0.065,0.035,0.900
977500,0.058,0.035,0.907
978000,0.068,0.032,0.900
978500,0.064,0.034,0.902
979000,0.074,0.028,0.898
979500,0.075,0.029,0.895
980000,0.072,0.029,0.898
980500,0.067,0.051,0.882
981000,0.070,0.034,0.896
981500,0.076,0.045,0.879
982000,0.082,0.031,0.887
982500,0.074,0.027,0.898
983000,0.077,0.018,0.905
983500,0.082,0.018,0.900
984000,0.083,0.032,0.885
984500,0.087,0.019,0.894
985000,0.073,0.037,0.889
985500,0.075,0.046,0.879
986000,0.058,0.035,0.907
986500,0.069,0.033,0.899
987000,0.069,0.028,0.904
987500,0.067,0.054,0.879
988000,0.057,0.033,0.910
988500,0.070,0.033,0.897
989000,0.082,0.018,0.901
989500,0.071,0.015,0.915
990000,0.069,0.025,0.906
990500,0.094,0.022,0.884
991000,0.087,0.021,0.892
991500,0.078,0.025,0.897
992000,0.102,0.021,0.877
992500,0.088,0.022,0.889
993000,0.097,0.028,0.876
993500,0.102,0.015,0.884
994000,0.093,0.018,0.888
994500,0.082,0.017,0.902
995000,0.086,0.017,0.897
995500,0.076,0.034,0.890
996000,0.070,0.019,0.910
996500,0.077,0.025,0.898
997000,0.085,0.014,0.901
997500,0.077,0.019,0.903
998000,0.071,0.025,0.904
998500,0.077,0.014,0.908
999000,0.062,0.023,0.915
999500,0.066,0.031,0.903
1000000,0.079,0.029,0.892
