time,n_A+p,n_B,n_AB
100,0.326,0.459,0.215
200,0.281,0.459,0.260
300,0.293,0.421,0.285
400,0.285,0.417,0.298
500,0.219,0.463,0.318
600,0.248,0.475,0.277
700,0.190,0.500,0.310
800,0.182,0.554,0.264
900,0.149,0.595,0.256
1000,0.091,0.628,0.281
1100,0.120,0.674,0.207
1200,0.099,0.744,0.157
1300,0.079,0.723,0.198
1400,0.091,0.736,0.174
1500,0.074,0.744,0.182
1600,0.054,0.773,0.174
1700,0.041,0.818,0.140
1800,0.029,0.888,0.083
1900,0.029,0.909,0.062
2000,0.017,0.905,0.079
2100,0.008,0.909,0.083
2200,0.008,0.938,0.054
2300,0.008,0.938,0.054
2400,0.004,0.917,0.079
2500,0.004,0.930,0.066
2600,0.004,0.959,0.037
2700,0.004,0.975,0.021
2800,0.004,0.975,0.021
2900,0.004,0.983,0.012
3000,0.004,0.988,0.008
3100,0.004,0.988,0.008
3200,0.004,0.988,0.008
3300,0.004,0.983,0.012
3400,0.000,0.988,0.012
3500,0.000,0.992,0.008
3600,0.000,0.996,0.004
3700,0.000,0.996,0.004
3800,0.000,1.000,0.000
