time,n_A+p,n_B,n_AB
500,0.080,0.672,0.248
1000,0.080,0.482,0.438
1500,0.080,0.377,0.544
2000,0.080,0.379,0.541
2500,0.085,0.363,0.552
3000,0.088,0.306,0.605
3500,0.089,0.255,0.655
4000,0.081,0.296,0.623
4500,0.084,0.356,0.560
5000,0.085,0.266,0.649
5500,0.088,0.304,0.608
6000,0.086,0.344,0.570
6500,0.081,0.310,0.609
7000,0.086,0.258,0.656
7500,0.086,0.304,0.610
8000,0.090,0.293,0.616
8500,0.090,0.319,0.592
9000,0.104,0.218,0.677
9500,0.118,0.193,0.689
10000,0.171,0.105,0.724
10500,0.374,0.032,0.594
11000,0.809,0.003,0.188
11500,0.960,0.000,0.040
12000,0.997,0.000,0.003
12500,1.000,0.000,0.000
