time,n_A+p,n_B,n_AB
0,0.028,0.972,0.000
500,0.028,0.880,0.092
1000,0.032,0.820,0.147
1500,0.055,0.802,0.143
2000,0.111,0.687,0.203
2500,0.147,0.530,0.323
3000,0.143,0.484,0.373
3500,0.198,0.475,0.327
4000,0.203,0.429,0.369
4500,0.207,0.419,0.373
5000,0.212,0.433,0.355
5500,0.184,0.488,0.327
6000,0.152,0.507,0.341
6500,0.198,0.442,0.359
7000,0.221,0.359,0.419
7500,0.272,0.281,0.447
8000,0.355,0.290,0.355
8500,0.336,0.235,0.429
9000,0.461,0.240,0.300
9500,0.465,0.198,0.336
10000,0.336,0.300,0.364
10500,0.387,0.258,0.355
11000,0.378,0.212,0.410
11500,0.309,0.253,0.438
12000,0.290,0.235,0.475
12500,0.281,0.290,0.429
13000,0.286,0.350,0.364
13500,0.309,0.373,0.318
14000,0.369,0.258,0.373
14500,0.438,0.240,0.323
15000,0.350,0.249,0.401
15500,0.309,0.304,0.387
16000,0.346,0.212,0.442
16500,0.332,0.244,0.424
17000,0.429,0.111,0.461
17500,0.465,0.175,0.359
18000,0.396,0.276,0.327
18500,0.309,0.258,0.433
19000,0.424,0.235,0.341
19500,0.364,0.189,0.447
20000,0.401,0.147,0.452
20500,0.392,0.235,0.373
21000,0.346,0.244,0.410
21500,0.401,0.198,0.401
22000,0.373,0.198,0.429
22500,0.433,0.147,0.419
23000,0.452,0.143,0.406
23500,0.479,0.138,0.382
24000,0.599,0.088,0.313
24500,0.604,0.078,0.318
25000,0.650,0.041,0.309
25500,0.719,0.037,0.244
26000,0.654,0.055,0.290
26500,0.581,0.083,0.336
27000,0.613,0.120,0.267
27500,0.530,0.097,0.373
28000,0.613,0.078,0.309
28500,0.585,0.083,0.332
29000,0.733,0.023,0.244
29500,0.756,0.018,0.226
30000,0.853,0.005,0.143
30500,0.834,0.028,0.138
31000,0.788,0.032,0.180
31500,0.843,0.018,0.138
32000,0.899,0.018,0.083
32500,0.959,0.000,0.041
33000,0.995,0.000,0.005
33500,0.995,0.000,0.005
34000,0.995,0.000,0.005
34500,0.995,0.000,0.005
35000,0.995,0.000,0.005
35500,0.995,0.000,0.005
36000,0.995,0.000,0.005
36500,0.995,0.000,0.005
37000,0.995,0.000,0.005
37500,0.995,0.000,0.005
38000,0.995,0.000,0.005
38500,0.995,0.000,0.005
39000,0.995,0.000,0.005
39500,0.995,0.000,0.005
40000,0.995,0.000,0.005
40500,0.995,0.000,0.005
41000,0.995,0.000,0.005
41500,1.000,0.000,0.000
