time,n_A+p,n_B,n_AB
500,0.080,0.639,0.281
1000,0.080,0.420,0.500
1500,0.080,0.284,0.636
2000,0.086,0.178,0.736
2500,0.120,0.127,0.752
3000,0.184,0.086,0.729
3500,0.410,0.021,0.569
4000,0.669,0.001,0.330
4500,0.740,0.000,0.260
5000,0.788,0.000,0.212
5500,0.811,0.000,0.189
6000,0.823,0.000,0.177
6500,0.905,0.000,0.095
7000,0.935,0.000,0.065
7500,0.968,0.000,0.032
8000,0.977,0.000,0.023
8500,0.975,0.000,0.025
9000,0.992,0.000,0.008
9500,0.994,0.000,0.006
10000,0.999,0.000,0.001
10500,0.998,0.000,0.002
11000,0.999,0.000,0.001
11500,0.984,0.000,0.016
12000,0.988,0.000,0.012
12500,0.992,0.000,0.008
13000,0.985,0.000,0.015
13500,0.993,0.000,0.007
14000,0.997,0.000,0.003
14500,0.999,0.000,0.001
15000,1.000,0.000,0.000
