time,n_A+p,n_B,n_AB
0,0.446,0.554,-0.000
500,0.182,0.545,0.273
1000,0.174,0.525,0.302
1500,0.182,0.508,0.310
2000,0.198,0.409,0.393
2500,0.240,0.446,0.314
3000,0.190,0.529,0.281
3500,0.149,0.574,0.277
4000,0.190,0.537,0.273
4500,0.165,0.566,0.269
5000,0.153,0.533,0.314
5500,0.070,0.723,0.207
6000,0.050,0.744,0.207
6500,0.103,0.715,0.182
7000,0.037,0.698,0.264
7500,0.029,0.814,0.157
8000,0.045,0.831,0.124
8500,0.021,0.876,0.103
9000,0.012,0.909,0.079
9500,0.000,0.971,0.029
10000,0.000,0.992,0.008
10500,0.000,0.992,0.008
11000,0.000,0.996,0.004
11500,0.000,0.992,0.008
12000,0.000,0.996,0.004
12500,0.000,1.000,0.000
