time,n_A+p,n_B,n_AB
500,0.030,0.785,0.185
1000,0.030,0.416,0.554
1500,0.030,0.334,0.636
2000,0.030,0.220,0.750
2500,0.030,0.248,0.722
3000,0.030,0.264,0.706
3500,0.030,0.228,0.742
4000,0.030,0.257,0.713
4500,0.030,0.298,0.672
5000,0.030,0.331,0.639
5500,0.030,0.278,0.692
6000,0.030,0.235,0.735
6500,0.030,0.268,0.702
7000,0.032,0.193,0.775
7500,0.030,0.255,0.715
8000,0.033,0.274,0.693
8500,0.030,0.323,0.647
9000,0.030,0.197,0.773
9500,0.032,0.187,0.781
10000,0.051,0.181,0.768
10500,0.034,0.204,0.762
11000,0.069,0.136,0.795
11500,0.031,0.274,0.695
12000,0.030,0.307,0.663
12500,0.030,0.275,0.695
13000,0.030,0.151,0.819
13500,0.125,0.083,0.792
14000,0.603,0.000,0.397
14500,0.718,0.000,0.282
15000,0.828,0.000,0.172
15500,0.804,0.000,0.196
16000,0.735,0.000,0.265
16500,0.749,0.000,0.251
17000,0.734,0.000,0.266
17500,0.796,0.000,0.204
18000,0.619,0.000,0.381
18500,0.765,0.000,0.235
19000,0.631,0.000,0.369
19500,0.766,0.000,0.234
20000,0.691,0.000,0.309
20500,0.676,0.000,0.324
21000,0.620,0.000,0.380
21500,0.608,0.000,0.392
22000,0.499,0.000,0.501
22500,0.569,0.000,0.431
23000,0.743,0.000,0.257
23500,0.578,0.000,0.422
24000,0.507,0.000,0.493
24500,0.667,0.000,0.333
25000,0.609,0.000,0.391
25500,0.520,0.000,0.480
26000,0.592,0.000,0.408
26500,0.589,0.000,0.411
27000,0.586,0.000,0.414
27500,0.472,0.000,0.528
28000,0.503,0.000,0.497
28500,0.698,0.000,0.302
29000,0.771,0.000,0.229
29500,0.615,0.000,0.385
30000,0.852,0.000,0.148
30500,0.870,0.000,0.130
31000,0.830,0.000,0.170
31500,0.690,0.000,0.310
32000,0.713,0.000,0.287
32500,0.782,0.000,0.218
33000,0.604,0.000,0.396
33500,0.607,0.000,0.393
34000,0.812,0.000,0.188
34500,0.809,0.000,0.191
35000,0.706,0.000,0.294
35500,0.388,0.000,0.612
36000,0.544,0.000,0.456
36500,0.501,0.000,0.499
37000,0.857,0.000,0.143
37500,0.742,0.000,0.258
38000,0.646,0.000,0.354
38500,0.684,0.000,0.316
39000,0.649,0.000,0.351
39500,0.589,0.000,0.411
40000,0.593,0.000,0.407
40500,0.581,0.000,0.419
41000,0.522,0.000,0.478
41500,0.711,0.000,0.289
42000,0.704,0.000,0.296
42500,0.718,0.000,0.282
43000,0.652,0.000,0.348
43500,0.715,0.000,0.285
44000,0.655,0.000,0.345
44500,0.659,0.000,0.341
45000,0.608,0.000,0.392
45500,0.690,0.000,0.310
46000,0.538,0.000,0.462
46500,0.785,0.000,0.215
47000,0.616,0.000,0.384
47500,0.678,0.000,0.322
48000,0.647,0.000,0.353
48500,0.655,0.000,0.345
49000,0.646,0.000,0.354
49500,0.862,0.000,0.138
50000,0.816,0.000,0.184
50500,0.920,0.000,0.080
51000,0.977,0.000,0.023
51500,1.000,0.000,0.000
