time,n_A+p,n_B,n_AB
100,0.391,0.402,0.207
200,0.380,0.261,0.359
300,0.457,0.250,0.293
400,0.435,0.239,0.326
500,0.370,0.315,0.315
600,0.380,0.228,0.391
700,0.435,0.196,0.370
800,0.565,0.196,0.239
900,0.554,0.163,0.283
1000,0.598,0.087,0.315
1100,0.641,0.022,0.337
1200,0.663,0.065,0.272
1300,0.609,0.098,0.293
1400,0.663,0.076,0.261
1500,0.663,0.109,0.228
1600,0.696,0.109,0.196
1700,0.620,0.120,0.261
1800,0.717,0.087,0.196
1900,0.772,0.087,0.141
2000,0.783,0.043,0.174
2100,0.859,0.033,0.109
2200,0.880,0.022,0.098
2300,0.880,0.033,0.087
2400,0.902,0.000,0.098
2500,0.967,0.000,0.033
2600,0.967,0.000,0.033
2700,0.978,0.000,0.022
2800,0.978,0.000,0.022
2900,1.000,0.000,0.000
