time,n_A+p,n_B,n_AB
500,0.471,0.000,0.529
1000,0.720,0.000,0.280
1500,0.454,0.000,0.546
2000,0.547,0.000,0.453
2500,0.660,0.000,0.340
3000,0.650,0.000,0.350
3500,0.683,0.000,0.317
4000,0.395,0.000,0.605
4500,0.445,0.000,0.555
5000,0.522,0.000,0.478
5500,0.427,0.000,0.573
6000,0.526,0.000,0.474
6500,0.241,0.000,0.759
7000,0.379,0.000,0.621
7500,0.593,0.000,0.407
8000,0.362,0.000,0.638
8500,0.559,0.000,0.441
9000,0.353,0.000,0.647
9500,0.789,0.000,0.211
10000,0.541,0.000,0.459
10500,0.799,0.000,0.201
11000,0.531,0.000,0.469
11500,0.422,0.000,0.578
12000,0.534,0.000,0.466
12500,0.537,0.000,0.463
13000,0.847,0.000,0.153
13500,0.834,0.000,0.166
14000,0.463,0.000,0.537
14500,0.412,0.000,0.588
15000,0.614,0.000,0.386
15500,0.364,0.000,0.636
16000,0.406,0.000,0.594
16500,0.790,0.000,0.210
17000,0.852,0.000,0.148
17500,0.426,0.000,0.574
18000,0.552,0.000,0.448
18500,0.631,0.000,0.369
19000,0.409,0.000,0.591
19500,0.426,0.000,0.574
20000,0.508,0.000,0.492
20500,0.656,0.000,0.344
21000,0.678,0.000,0.322
21500,0.576,0.000,0.424
22000,0.632,0.000,0.368
22500,0.561,0.000,0.439
23000,0.556,0.000,0.444
23500,0.757,0.000,0.243
24000,0.849,0.000,0.151
24500,0.894,0.000,0.106
25000,0.653,0.000,0.347
25500,0.522,0.000,0.478
26000,0.711,0.000,0.289
26500,0.502,0.000,0.498
27000,0.628,0.000,0.372
27500,0.580,0.000,0.420
28000,0.534,0.000,0.466
28500,0.513,0.000,0.487
29000,0.810,0.000,0.190
29500,0.629,0.000,0.371
30000,0.883,0.000,0.117
30500,0.616,0.000,0.384
31000,0.366,0.000,0.634
31500,0.601,0.000,0.399
32000,0.684,0.000,0.316
32500,0.591,0.000,0.409
33000,0.721,0.000,0.279
33500,0.584,0.000,0.416
34000,0.559,0.000,0.441
34500,0.586,0.000,0.414
35000,0.954,0.000,0.046
35500,0.999,0.000,0.001
36000,1.000,0.000,0.000
