time,n_A+p,n_B,n_AB
100,0.030,0.970,0.000
200,0.030,0.964,0.006
300,0.030,0.962,0.008
400,0.030,0.953,0.017
500,0.030,0.953,0.017
600,0.030,0.948,0.022
700,0.030,0.947,0.023
800,0.030,0.940,0.030
900,0.030,0.940,0.030
1000,0.030,0.935,0.035
1100,0.030,0.927,0.043
1200,0.030,0.926,0.044
1300,0.030,0.914,0.056
1400,0.030,0.909,0.061
1500,0.030,0.917,0.053
1600,0.031,0.919,0.050
1700,0.031,0.920,0.049
1800,0.031,0.922,0.047
1900,0.031,0.927,0.042
2000,0.031,0.917,0.052
2100,0.030,0.910,0.060
2200,0.030,0.912,0.058
2300,0.030,0.910,0.060
2400,0.030,0.901,0.069
2500,0.034,0.895,0.071
2600,0.034,0.900,0.066
2700,0.033,0.903,0.064
2800,0.040,0.893,0.067
2900,0.042,0.896,0.062
3000,0.039,0.896,0.065
3100,0.041,0.902,0.057
3200,0.041,0.902,0.057
3300,0.040,0.902,0.058
3400,0.036,0.906,0.058
3500,0.041,0.900,0.059
3600,0.040,0.897,0.063
3700,0.038,0.876,0.086
3800,0.044,0.872,0.084
3900,0.045,0.874,0.081
4000,0.045,0.861,0.094
4100,0.040,0.856,0.104
4200,0.053,0.853,0.094
4300,0.049,0.856,0.095
4400,0.046,0.839,0.115
4500,0.045,0.823,0.132
4600,0.041,0.814,0.145
4700,0.045,0.814,0.141
4800,0.046,0.804,0.150
4900,0.045,0.788,0.167
5000,0.052,0.794,0.154
5100,0.051,0.785,0.164
5200,0.053,0.784,0.163
5300,0.052,0.792,0.156
5400,0.052,0.791,0.157
5500,0.052,0.794,0.154
5600,0.065,0.766,0.169
5700,0.080,0.746,0.174
5800,0.079,0.731,0.190
5900,0.088,0.719,0.193
6000,0.112,0.702,0.186
6100,0.110,0.713,0.177
6200,0.106,0.715,0.179
6300,0.109,0.715,0.176
6400,0.096,0.718,0.186
6500,0.102,0.711,0.187
6600,0.095,0.720,0.185
6700,0.100,0.712,0.188
6800,0.097,0.699,0.204
6900,0.115,0.686,0.199
7000,0.100,0.703,0.197
7100,0.093,0.698,0.209
7200,0.089,0.700,0.211
7300,0.096,0.711,0.193
7400,0.107,0.715,0.178
7500,0.111,0.693,0.196
7600,0.109,0.697,0.194
7700,0.107,0.691,0.202
7800,0.096,0.707,0.197
7900,0.102,0.723,0.175
8000,0.106,0.719,0.175
8100,0.127,0.711,0.162
8200,0.118,0.711,0.171
8300,0.107,0.692,0.201
8400,0.105,0.696,0.199
8500,0.099,0.700,0.201
8600,0.095,0.707,0.198
8700,0.124,0.694,0.182
8800,0.141,0.671,0.188
8900,0.137,0.654,0.209
9000,0.135,0.659,0.206
9100,0.130,0.657,0.213
9200,0.147,0.639,0.214
9300,0.135,0.636,0.229
9400,0.140,0.636,0.224
9500,0.145,0.641,0.214
9600,0.141,0.635,0.224
9700,0.143,0.628,0.229
9800,0.135,0.636,0.229
9900,0.129,0.632,0.239
10000,0.120,0.638,0.242
10100,0.128,0.648,0.224
10200,0.147,0.629,0.224
10300,0.137,0.630,0.233
10400,0.137,0.628,0.235
10500,0.146,0.624,0.230
10600,0.138,0.632,0.230
10700,0.130,0.634,0.236
10800,0.116,0.642,0.242
10900,0.114,0.653,0.233
11000,0.121,0.650,0.229
11100,0.118,0.648,0.234
11200,0.111,0.651,0.238
11300,0.116,0.649,0.235
11400,0.103,0.648,0.249
11500,0.101,0.644,0.255
11600,0.097,0.669,0.234
11700,0.104,0.665,0.231
11800,0.111,0.669,0.220
11900,0.110,0.669,0.221
12000,0.106,0.690,0.204
12100,0.106,0.713,0.181
12200,0.104,0.709,0.187
12300,0.107,0.719,0.174
12400,0.120,0.700,0.180
12500,0.121,0.688,0.191
12600,0.119,0.685,0.196
12700,0.114,0.679,0.207
12800,0.112,0.690,0.198
12900,0.109,0.699,0.192
13000,0.109,0.694,0.197
13100,0.109,0.703,0.188
13200,0.114,0.705,0.181
13300,0.111,0.701,0.188
13400,0.107,0.705,0.188
13500,0.109,0.691,0.200
13600,0.110,0.682,0.208
13700,0.111,0.691,0.198
13800,0.109,0.688,0.203
13900,0.105,0.684,0.211
14000,0.121,0.672,0.207
14100,0.116,0.656,0.228
14200,0.118,0.667,0.215
14300,0.113,0.666,0.221
14400,0.115,0.654,0.231
14500,0.104,0.642,0.254
14600,0.107,0.652,0.241
14700,0.103,0.649,0.248
14800,0.120,0.643,0.237
14900,0.115,0.646,0.239
15000,0.114,0.635,0.251
15100,0.117,0.648,0.235
15200,0.119,0.662,0.219
15300,0.131,0.659,0.210
15400,0.130,0.646,0.224
15500,0.135,0.634,0.231
15600,0.130,0.625,0.245
15700,0.139,0.629,0.232
15800,0.137,0.628,0.235
15900,0.160,0.608,0.232
16000,0.148,0.620,0.232
16100,0.149,0.620,0.231
16200,0.142,0.612,0.246
16300,0.137,0.610,0.253
16400,0.137,0.603,0.260
16500,0.133,0.616,0.251
16600,0.123,0.614,0.263
16700,0.124,0.622,0.254
16800,0.122,0.625,0.253
16900,0.128,0.635,0.237
17000,0.123,0.633,0.244
17100,0.136,0.617,0.247
17200,0.151,0.609,0.240
17300,0.142,0.608,0.250
17400,0.137,0.616,0.247
17500,0.136,0.632,0.232
17600,0.129,0.632,0.239
17700,0.118,0.645,0.237
17800,0.130,0.639,0.231
17900,0.126,0.647,0.227
18000,0.129,0.642,0.229
18100,0.129,0.651,0.220
18200,0.123,0.663,0.214
18300,0.117,0.665,0.218
18400,0.119,0.667,0.214
18500,0.111,0.673,0.216
18600,0.110,0.686,0.204
18700,0.118,0.646,0.236
18800,0.117,0.656,0.227
18900,0.126,0.635,0.239
19000,0.122,0.635,0.243
19100,0.112,0.633,0.255
19200,0.116,0.622,0.262
19300,0.116,0.626,0.258
19400,0.104,0.621,0.275
19500,0.107,0.631,0.262
19600,0.113,0.634,0.253
19700,0.115,0.617,0.268
19800,0.118,0.606,0.276
19900,0.114,0.614,0.272
20000,0.123,0.624,0.253
20100,0.123,0.607,0.270
20200,0.146,0.588,0.266
20300,0.161,0.595,0.244
20400,0.156,0.602,0.242
20500,0.178,0.602,0.220
20600,0.190,0.574,0.236
20700,0.199,0.566,0.235
20800,0.195,0.554,0.251
20900,0.178,0.551,0.271
21000,0.193,0.540,0.267
21100,0.206,0.542,0.252
21200,0.200,0.546,0.254
21300,0.200,0.550,0.250
21400,0.203,0.537,0.260
21500,0.197,0.541,0.262
21600,0.190,0.533,0.277
21700,0.194,0.530,0.276
21800,0.183,0.534,0.283
21900,0.178,0.532,0.290
22000,0.186,0.522,0.292
22100,0.173,0.543,0.284
22200,0.171,0.546,0.283
22300,0.165,0.536,0.299
22400,0.177,0.545,0.278
22500,0.182,0.549,0.269
22600,0.182,0.541,0.277
22700,0.184,0.531,0.285
22800,0.184,0.545,0.271
22900,0.187,0.552,0.261
23000,0.204,0.532,0.264
23100,0.210,0.519,0.271
23200,0.216,0.511,0.273
23300,0.222,0.496,0.282
23400,0.217,0.508,0.275
23500,0.206,0.504,0.290
23600,0.220,0.488,0.292
23700,0.218,0.477,0.305
23800,0.220,0.472,0.308
23900,0.247,0.430,0.323
24000,0.240,0.435,0.325
24100,0.250,0.412,0.338
24200,0.260,0.404,0.336
24300,0.259,0.404,0.337
24400,0.250,0.417,0.333
24500,0.267,0.414,0.319
24600,0.268,0.398,0.334
24700,0.272,0.405,0.323
24800,0.270,0.405,0.325
24900,0.263,0.410,0.327
25000,0.268,0.412,0.320
25100,0.271,0.409,0.320
25200,0.249,0.416,0.335
25300,0.242,0.423,0.335
25400,0.265,0.410,0.325
25500,0.267,0.399,0.334
25600,0.253,0.421,0.326
25700,0.254,0.406,0.340
25800,0.265,0.395,0.340
25900,0.261,0.415,0.324
26000,0.281,0.416,0.303
26100,0.292,0.401,0.307
26200,0.301,0.408,0.291
26300,0.321,0.385,0.294
26400,0.313,0.386,0.301
26500,0.307,0.381,0.312
26600,0.312,0.369,0.319
26700,0.292,0.373,0.335
26800,0.282,0.365,0.353
26900,0.263,0.389,0.348
27000,0.269,0.420,0.311
27100,0.269,0.417,0.314
27200,0.278,0.411,0.311
27300,0.294,0.406,0.300
27400,0.306,0.387,0.307
27500,0.318,0.372,0.310
27600,0.325,0.354,0.321
27700,0.318,0.368,0.314
27800,0.316,0.358,0.326
27900,0.323,0.360,0.317
28000,0.337,0.347,0.316
28100,0.335,0.343,0.322
28200,0.362,0.329,0.309
28300,0.352,0.333,0.315
28400,0.350,0.335,0.315
28500,0.358,0.327,0.315
28600,0.378,0.315,0.307
28700,0.361,0.323,0.316
28800,0.364,0.340,0.296
28900,0.369,0.333,0.298
29000,0.369,0.325,0.306
29100,0.359,0.317,0.324
29200,0.362,0.309,0.329
29300,0.362,0.323,0.315
29400,0.354,0.344,0.302
29500,0.344,0.336,0.320
29600,0.354,0.337,0.309
29700,0.356,0.336,0.308
29800,0.351,0.351,0.298
29900,0.337,0.367,0.296
30000,0.338,0.358,0.304
30100,0.347,0.357,0.296
30200,0.350,0.362,0.288
30300,0.342,0.363,0.295
30400,0.339,0.366,0.295
30500,0.335,0.364,0.301
30600,0.339,0.359,0.302
30700,0.331,0.357,0.312
30800,0.353,0.344,0.303
30900,0.359,0.354,0.287
31000,0.360,0.355,0.285
31100,0.365,0.343,0.292
31200,0.375,0.344,0.281
31300,0.366,0.362,0.272
31400,0.362,0.354,0.284
31500,0.324,0.381,0.295
31600,0.346,0.364,0.290
31700,0.345,0.366,0.289
31800,0.344,0.363,0.293
31900,0.334,0.368,0.298
32000,0.337,0.355,0.308
32100,0.345,0.363,0.292
32200,0.349,0.351,0.300
32300,0.357,0.338,0.305
32400,0.398,0.316,0.286
32500,0.398,0.316,0.286
32600,0.398,0.304,0.298
32700,0.391,0.310,0.299
32800,0.381,0.317,0.302
32900,0.382,0.302,0.316
33000,0.378,0.310,0.312
33100,0.385,0.303,0.312
33200,0.387,0.310,0.303
33300,0.395,0.304,0.301
33400,0.394,0.293,0.313
33500,0.387,0.295,0.318
33600,0.382,0.294,0.324
33700,0.372,0.310,0.318
33800,0.366,0.325,0.309
33900,0.365,0.324,0.311
34000,0.361,0.325,0.314
34100,0.367,0.310,0.323
34200,0.378,0.317,0.305
34300,0.385,0.309,0.306
34400,0.394,0.305,0.301
34500,0.392,0.313,0.295
34600,0.392,0.309,0.299
34700,0.374,0.329,0.297
34800,0.364,0.334,0.302
34900,0.357,0.339,0.304
35000,0.343,0.362,0.295
35100,0.333,0.359,0.308
35200,0.341,0.357,0.302
35300,0.322,0.355,0.323
35400,0.312,0.359,0.329
35500,0.318,0.356,0.326
35600,0.306,0.372,0.322
35700,0.299,0.359,0.342
35800,0.300,0.352,0.348
35900,0.290,0.353,0.357
36000,0.297,0.361,0.342
36100,0.307,0.349,0.344
36200,0.304,0.334,0.362
36300,0.328,0.330,0.342
36400,0.335,0.328,0.337
36500,0.341,0.324,0.335
36600,0.347,0.311,0.342
36700,0.337,0.332,0.331
36800,0.326,0.360,0.314
36900,0.332,0.359,0.309
37000,0.337,0.362,0.301
37100,0.335,0.369,0.296
37200,0.344,0.365,0.291
37300,0.349,0.361,0.290
37400,0.359,0.346,0.295
37500,0.351,0.353,0.296
37600,0.344,0.362,0.294
37700,0.336,0.360,0.304
37800,0.326,0.362,0.312
37900,0.324,0.360,0.316
38000,0.327,0.338,0.335
38100,0.322,0.336,0.342
38200,0.333,0.338,0.329
38300,0.334,0.329,0.337
38400,0.353,0.323,0.324
38500,0.342,0.350,0.308
38600,0.342,0.338,0.320
38700,0.343,0.355,0.302
38800,0.356,0.349,0.295
38900,0.365,0.347,0.288
39000,0.373,0.336,0.291
39100,0.369,0.314,0.317
39200,0.372,0.320,0.308
39300,0.390,0.305,0.305
39400,0.377,0.308,0.315
39500,0.381,0.293,0.326
39600,0.380,0.296,0.324
39700,0.370,0.289,0.341
39800,0.388,0.267,0.345
39900,0.408,0.269,0.323
40000,0.403,0.268,0.329
40100,0.407,0.252,0.341
40200,0.403,0.259,0.338
40300,0.404,0.259,0.337
40400,0.408,0.245,0.347
40500,0.420,0.238,0.342
40600,0.427,0.240,0.333
40700,0.404,0.255,0.341
40800,0.414,0.255,0.331
40900,0.424,0.253,0.323
41000,0.433,0.252,0.315
41100,0.427,0.252,0.321
41200,0.444,0.256,0.300
41300,0.442,0.258,0.300
41400,0.467,0.250,0.283
41500,0.474,0.256,0.270
41600,0.484,0.253,0.263
41700,0.492,0.249,0.259
41800,0.464,0.245,0.291
41900,0.465,0.245,0.290
42000,0.461,0.242,0.297
42100,0.464,0.252,0.284
42200,0.464,0.249,0.287
42300,0.469,0.230,0.301
42400,0.478,0.218,0.304
42500,0.494,0.199,0.307
42600,0.501,0.198,0.301
42700,0.524,0.193,0.283
42800,0.505,0.198,0.297
42900,0.516,0.190,0.294
43000,0.518,0.190,0.292
43100,0.528,0.185,0.287
43200,0.536,0.162,0.302
43300,0.541,0.159,0.300
43400,0.548,0.157,0.295
43500,0.551,0.168,0.281
43600,0.567,0.165,0.268
43700,0.571,0.166,0.263
43800,0.575,0.175,0.250
43900,0.597,0.157,0.246
44000,0.612,0.148,0.240
44100,0.618,0.131,0.251
44200,0.612,0.160,0.228
44300,0.629,0.149,0.222
44400,0.623,0.144,0.233
44500,0.616,0.137,0.247
44600,0.618,0.118,0.264
44700,0.619,0.117,0.264
44800,0.632,0.105,0.263
44900,0.653,0.093,0.254
45000,0.660,0.091,0.249
45100,0.658,0.090,0.252
45200,0.664,0.094,0.242
45300,0.666,0.100,0.234
45400,0.673,0.099,0.228
45500,0.681,0.098,0.221
45600,0.679,0.092,0.229
45700,0.688,0.091,0.221
45800,0.689,0.094,0.217
45900,0.694,0.101,0.205
46000,0.706,0.092,0.202
46100,0.704,0.083,0.213
46200,0.713,0.082,0.205
46300,0.711,0.085,0.204
46400,0.721,0.078,0.201
46500,0.716,0.074,0.210
46600,0.719,0.076,0.205
46700,0.728,0.072,0.200
46800,0.737,0.066,0.197
46900,0.740,0.065,0.195
47000,0.756,0.061,0.183
47100,0.750,0.056,0.194
47200,0.752,0.048,0.200
47300,0.759,0.050,0.191
47400,0.760,0.056,0.184
47500,0.766,0.048,0.186
47600,0.780,0.042,0.178
47700,0.769,0.052,0.179
47800,0.756,0.056,0.188
47900,0.767,0.046,0.187
48000,0.760,0.053,0.187
48100,0.765,0.054,0.181
48200,0.771,0.056,0.173
48300,0.765,0.048,0.187
48400,0.775,0.036,0.189
48500,0.779,0.033,0.188
48600,0.775,0.039,0.186
48700,0.783,0.036,0.181
48800,0.787,0.032,0.181
48900,0.796,0.030,0.174
49000,0.817,0.027,0.156
49100,0.820,0.024,0.156
49200,0.827,0.021,0.152
49300,0.843,0.017,0.140
49400,0.857,0.016,0.127
49500,0.863,0.015,0.122
49600,0.868,0.015,0.117
49700,0.872,0.015,0.113
49800,0.869,0.015,0.116
49900,0.859,0.017,0.124
50000,0.862,0.013,0.125
50100,0.857,0.018,0.125
50200,0.859,0.017,0.124
50300,0.876,0.017,0.107
50400,0.892,0.013,0.095
50500,0.897,0.013,0.090
50600,0.900,0.019,0.081
50700,0.896,0.017,0.087
50800,0.903,0.015,0.082
50900,0.906,0.014,0.080
51000,0.908,0.013,0.079
51100,0.909,0.012,0.079
51200,0.914,0.012,0.074
51300,0.911,0.016,0.073
51400,0.916,0.017,0.067
51500,0.911,0.016,0.073
51600,0.923,0.019,0.058
51700,0.916,0.019,0.065
51800,0.918,0.017,0.065
51900,0.916,0.015,0.069
52000,0.916,0.013,0.071
52100,0.925,0.011,0.064
52200,0.931,0.007,0.062
52300,0.936,0.008,0.056
52400,0.934,0.012,0.054
52500,0.943,0.010,0.047
52600,0.938,0.008,0.054
52700,0.940,0.009,0.051
52800,0.941,0.008,0.051
52900,0.951,0.009,0.040
53000,0.950,0.007,0.043
53100,0.955,0.007,0.038
53200,0.952,0.007,0.041
53300,0.959,0.005,0.036
53400,0.961,0.005,0.034
53500,0.959,0.005,0.036
53600,0.959,0.004,0.037
53700,0.959,0.003,0.038
53800,0.959,0.002,0.039
53900,0.958,0.002,0.040
54000,0.963,0.002,0.035
54100,0.962,0.005,0.033
54200,0.963,0.005,0.032
54300,0.968,0.005,0.027
54400,0.965,0.003,0.032
54500,0.967,0.003,0.030
54600,0.971,0.003,0.026
54700,0.969,0.003,0.028
54800,0.969,0.003,0.028
54900,0.971,0.002,0.027
55000,0.973,0.001,0.026
55100,0.974,0.001,0.025
55200,0.980,0.001,0.019
55300,0.978,0.000,0.022
55400,0.982,0.000,0.018
55500,0.978,0.000,0.022
55600,0.980,0.000,0.020
55700,0.981,0.000,0.019
55800,0.982,0.000,0.018
55900,0.981,0.000,0.019
56000,0.983,0.000,0.017
56100,0.984,0.000,0.016
56200,0.983,0.000,0.017
56300,0.985,0.000,0.015
56400,0.988,0.000,0.012
56500,0.989,0.000,0.011
56600,0.990,0.000,0.010
56700,0.990,0.000,0.010
56800,0.986,0.000,0.014
56900,0.988,0.000,0.012
57000,0.990,0.000,0.010
57100,0.993,0.000,0.007
57200,0.993,0.000,0.007
57300,0.992,0.000,0.008
57400,0.990,0.000,0.010
57500,0.991,0.000,0.009
57600,0.992,0.000,0.008
57700,0.991,0.000,0.009
57800,0.992,0.000,0.008
57900,0.993,0.000,0.007
58000,0.993,0.000,0.007
58100,0.994,0.000,0.006
58200,0.995,0.000,0.005
58300,0.995,0.000,0.005
58400,0.995,0.000,0.005
58500,0.996,0.000,0.004
58600,0.994,0.000,0.006
58700,0.995,0.000,0.005
58800,0.995,0.000,0.005
58900,0.996,0.000,0.004
59000,0.995,0.000,0.005
59100,0.996,0.000,0.004
59200,0.996,0.000,0.004
59300,0.997,0.000,0.003
59400,0.996,0.000,0.004
59500,0.996,0.000,0.004
59600,0.997,0.000,0.003
59700,0.997,0.000,0.003
59800,0.997,0.000,0.003
59900,0.997,0.000,0.003
60000,0.997,0.000,0.003
60100,0.997,0.000,0.003
60200,0.997,0.000,0.003
60300,0.998,0.000,0.002
60400,0.998,0.000,0.002
60500,0.998,0.000,0.002
60600,0.998,0.000,0.002
60700,0.998,0.000,0.002
60800,0.998,0.000,0.002
60900,0.999,0.000,0.001
61000,0.999,0.000,0.001
61100,0.999,0.000,0.001
61200,0.999,0.000,0.001
61300,0.999,0.000,0.001
61400,0.999,0.000,0.001
61500,1.000,0.000,0.000
