time,n_A+p,n_B,n_AB
100,0.445,0.512,0.043
200,0.430,0.503,0.067
300,0.416,0.499,0.085
400,0.395,0.482,0.123
500,0.389,0.479,0.132
600,0.379,0.468,0.153
700,0.375,0.465,0.160
800,0.376,0.450,0.174
900,0.390,0.441,0.169
1000,0.385,0.427,0.188
1100,0.371,0.427,0.202
1200,0.368,0.424,0.208
1300,0.359,0.432,0.209
1400,0.366,0.432,0.202
1500,0.365,0.415,0.221
1600,0.363,0.412,0.226
1700,0.352,0.420,0.228
1800,0.345,0.420,0.235
1900,0.352,0.418,0.230
2000,0.351,0.421,0.228
2100,0.347,0.429,0.224
2200,0.344,0.440,0.216
2300,0.338,0.443,0.219
2400,0.339,0.451,0.209
2500,0.332,0.445,0.223
2600,0.335,0.443,0.222
2700,0.321,0.448,0.231
2800,0.330,0.443,0.227
2900,0.325,0.447,0.228
3000,0.330,0.445,0.225
3100,0.330,0.449,0.221
3200,0.339,0.441,0.220
3300,0.345,0.428,0.227
3400,0.345,0.431,0.224
3500,0.341,0.424,0.235
3600,0.349,0.426,0.225
3700,0.328,0.412,0.260
3800,0.337,0.407,0.256
3900,0.336,0.400,0.264
4000,0.351,0.414,0.235
4100,0.356,0.421,0.223
4200,0.362,0.413,0.226
4300,0.381,0.400,0.219
4400,0.376,0.396,0.228
4500,0.372,0.400,0.228
4600,0.376,0.399,0.225
4700,0.371,0.397,0.232
4800,0.372,0.385,0.243
4900,0.365,0.385,0.250
5000,0.373,0.387,0.240
5100,0.359,0.374,0.268
5200,0.345,0.401,0.253
5300,0.345,0.407,0.248
5400,0.366,0.400,0.234
5500,0.353,0.411,0.236
5600,0.354,0.401,0.244
5700,0.369,0.401,0.230
5800,0.380,0.390,0.230
5900,0.404,0.372,0.224
6000,0.399,0.370,0.231
6100,0.408,0.366,0.227
6200,0.396,0.376,0.228
6300,0.383,0.372,0.245
6400,0.401,0.367,0.232
6500,0.401,0.343,0.255
6600,0.406,0.342,0.252
6700,0.391,0.359,0.250
6800,0.399,0.362,0.239
6900,0.416,0.339,0.245
7000,0.420,0.342,0.238
7100,0.427,0.337,0.236
7200,0.421,0.327,0.252
7300,0.415,0.332,0.253
7400,0.422,0.330,0.248
7500,0.430,0.321,0.249
7600,0.437,0.318,0.245
7700,0.423,0.320,0.257
7800,0.413,0.323,0.265
7900,0.408,0.345,0.247
8000,0.425,0.331,0.244
8100,0.422,0.322,0.256
8200,0.427,0.312,0.261
8300,0.434,0.292,0.274
8400,0.442,0.296,0.261
8500,0.445,0.306,0.248
8600,0.454,0.307,0.239
8700,0.458,0.298,0.244
8800,0.475,0.290,0.235
8900,0.468,0.297,0.235
9000,0.460,0.303,0.237
9100,0.459,0.299,0.242
9200,0.464,0.296,0.240
9300,0.443,0.300,0.256
9400,0.450,0.295,0.254
9500,0.459,0.290,0.251
9600,0.455,0.296,0.249
9700,0.448,0.289,0.263
9800,0.439,0.291,0.270
9900,0.447,0.293,0.259
10000,0.455,0.283,0.263
10100,0.457,0.287,0.256
10200,0.484,0.285,0.231
10300,0.483,0.279,0.238
10400,0.492,0.274,0.234
10500,0.473,0.280,0.247
10600,0.468,0.272,0.260
10700,0.481,0.268,0.251
10800,0.486,0.267,0.247
10900,0.478,0.259,0.263
11000,0.477,0.256,0.267
11100,0.482,0.256,0.261
11200,0.504,0.252,0.244
11300,0.505,0.247,0.248
11400,0.511,0.243,0.246
11500,0.519,0.249,0.232
11600,0.519,0.256,0.225
11700,0.517,0.251,0.232
11800,0.508,0.259,0.233
11900,0.503,0.257,0.240
12000,0.504,0.249,0.247
12100,0.505,0.253,0.242
12200,0.505,0.253,0.242
12300,0.506,0.251,0.243
12400,0.505,0.258,0.237
12500,0.501,0.271,0.229
12600,0.509,0.269,0.223
12700,0.512,0.258,0.230
12800,0.504,0.255,0.241
12900,0.513,0.253,0.234
13000,0.509,0.247,0.244
13100,0.506,0.244,0.250
13200,0.505,0.235,0.260
13300,0.501,0.239,0.260
13400,0.512,0.245,0.243
13500,0.520,0.241,0.239
13600,0.515,0.244,0.241
13700,0.516,0.242,0.242
13800,0.519,0.234,0.247
13900,0.515,0.245,0.240
14000,0.538,0.244,0.218
14100,0.545,0.237,0.218
14200,0.553,0.230,0.218
14300,0.561,0.228,0.211
14400,0.570,0.225,0.205
14500,0.577,0.220,0.203
14600,0.587,0.218,0.195
14700,0.581,0.220,0.199
14800,0.581,0.220,0.199
14900,0.568,0.236,0.196
15000,0.553,0.243,0.204
15100,0.557,0.238,0.205
15200,0.563,0.231,0.206
15300,0.562,0.233,0.205
15400,0.561,0.236,0.203
15500,0.556,0.228,0.217
15600,0.562,0.232,0.206
15700,0.542,0.241,0.217
15800,0.551,0.232,0.218
15900,0.544,0.240,0.216
16000,0.551,0.248,0.201
16100,0.555,0.236,0.209
16200,0.544,0.235,0.221
16300,0.541,0.234,0.225
16400,0.530,0.233,0.237
16500,0.538,0.234,0.228
16600,0.530,0.234,0.236
16700,0.523,0.231,0.246
16800,0.523,0.225,0.252
16900,0.526,0.223,0.251
17000,0.528,0.233,0.239
17100,0.529,0.228,0.243
17200,0.538,0.221,0.241
17300,0.537,0.217,0.246
17400,0.552,0.212,0.236
17500,0.543,0.229,0.228
17600,0.534,0.221,0.245
17700,0.537,0.218,0.245
17800,0.539,0.213,0.247
17900,0.554,0.209,0.237
18000,0.565,0.201,0.234
18100,0.572,0.199,0.229
18200,0.574,0.199,0.227
18300,0.596,0.195,0.209
18400,0.585,0.188,0.227
18500,0.583,0.188,0.229
18600,0.581,0.191,0.228
18700,0.587,0.190,0.223
18800,0.589,0.189,0.222
18900,0.585,0.187,0.228
19000,0.593,0.189,0.218
19100,0.602,0.185,0.213
19200,0.603,0.180,0.218
19300,0.602,0.178,0.221
19400,0.604,0.172,0.225
19500,0.601,0.175,0.225
19600,0.606,0.178,0.217
19700,0.603,0.184,0.213
19800,0.606,0.179,0.216
19900,0.613,0.179,0.208
20000,0.626,0.172,0.202
20100,0.621,0.177,0.202
20200,0.619,0.179,0.202
20300,0.617,0.174,0.209
20400,0.622,0.170,0.208
20500,0.627,0.168,0.205
20600,0.626,0.168,0.206
20700,0.627,0.172,0.201
20800,0.628,0.171,0.201
20900,0.635,0.164,0.200
21000,0.638,0.161,0.200
21100,0.640,0.162,0.197
21200,0.641,0.164,0.194
21300,0.640,0.170,0.190
21400,0.635,0.172,0.193
21500,0.640,0.166,0.193
21600,0.639,0.176,0.185
21700,0.637,0.179,0.184
21800,0.626,0.181,0.193
21900,0.621,0.183,0.196
22000,0.616,0.175,0.209
22100,0.624,0.175,0.201
22200,0.621,0.173,0.206
22300,0.622,0.176,0.202
22400,0.625,0.180,0.195
22500,0.633,0.172,0.195
22600,0.619,0.176,0.205
22700,0.625,0.170,0.205
22800,0.622,0.168,0.210
22900,0.627,0.165,0.207
23000,0.625,0.171,0.204
23100,0.627,0.168,0.205
23200,0.631,0.160,0.208
23300,0.638,0.163,0.198
23400,0.637,0.157,0.205
23500,0.637,0.154,0.208
23600,0.635,0.153,0.211
23700,0.629,0.155,0.216
23800,0.633,0.159,0.207
23900,0.620,0.159,0.221
24000,0.607,0.164,0.229
24100,0.619,0.162,0.219
24200,0.625,0.161,0.213
24300,0.619,0.168,0.213
24400,0.624,0.166,0.209
24500,0.625,0.161,0.213
24600,0.630,0.157,0.212
24700,0.631,0.154,0.215
24800,0.625,0.147,0.228
24900,0.622,0.147,0.231
25000,0.622,0.146,0.232
25100,0.626,0.143,0.231
25200,0.614,0.149,0.237
25300,0.603,0.150,0.247
25400,0.604,0.156,0.240
25500,0.611,0.152,0.237
25600,0.601,0.160,0.239
25700,0.608,0.161,0.231
25800,0.607,0.155,0.238
25900,0.609,0.162,0.229
26000,0.599,0.159,0.242
26100,0.592,0.155,0.252
26200,0.589,0.161,0.249
26300,0.586,0.159,0.254
26400,0.583,0.156,0.260
26500,0.582,0.155,0.263
26600,0.584,0.153,0.263
26700,0.584,0.155,0.260
26800,0.579,0.145,0.276
26900,0.589,0.145,0.266
27000,0.594,0.147,0.258
27100,0.598,0.145,0.257
27200,0.631,0.138,0.231
27300,0.626,0.143,0.231
27400,0.630,0.141,0.229
27500,0.622,0.145,0.233
27600,0.629,0.144,0.227
27700,0.635,0.141,0.224
27800,0.646,0.143,0.211
27900,0.626,0.147,0.227
28000,0.606,0.148,0.246
28100,0.604,0.150,0.246
28200,0.613,0.150,0.237
28300,0.616,0.151,0.233
28400,0.618,0.164,0.218
28500,0.620,0.163,0.217
28600,0.613,0.162,0.225
28700,0.625,0.155,0.220
28800,0.623,0.150,0.227
28900,0.622,0.146,0.232
29000,0.606,0.160,0.234
29100,0.601,0.159,0.240
29200,0.614,0.162,0.224
29300,0.616,0.158,0.226
29400,0.623,0.156,0.221
29500,0.631,0.156,0.212
29600,0.621,0.162,0.217
29700,0.633,0.156,0.210
29800,0.630,0.148,0.222
29900,0.647,0.143,0.210
30000,0.654,0.140,0.206
30100,0.656,0.139,0.205
30200,0.664,0.133,0.203
30300,0.665,0.132,0.203
30400,0.671,0.135,0.194
30500,0.668,0.134,0.198
30600,0.671,0.134,0.195
30700,0.669,0.133,0.198
30800,0.677,0.130,0.193
30900,0.681,0.132,0.187
31000,0.677,0.131,0.192
31100,0.678,0.129,0.193
31200,0.678,0.139,0.183
31300,0.678,0.135,0.187
31400,0.680,0.128,0.192
31500,0.681,0.128,0.191
31600,0.681,0.137,0.182
31700,0.678,0.134,0.188
31800,0.683,0.131,0.186
31900,0.692,0.128,0.181
32000,0.692,0.126,0.183
32100,0.689,0.125,0.186
32200,0.694,0.123,0.184
32300,0.694,0.124,0.183
32400,0.689,0.123,0.188
32500,0.678,0.135,0.187
32600,0.677,0.127,0.196
32700,0.664,0.123,0.213
32800,0.655,0.130,0.216
32900,0.674,0.128,0.198
33000,0.674,0.125,0.201
33100,0.681,0.124,0.195
33200,0.691,0.123,0.187
33300,0.695,0.120,0.186
33400,0.702,0.115,0.183
33500,0.706,0.116,0.178
33600,0.709,0.115,0.176
33700,0.714,0.114,0.172
33800,0.712,0.114,0.174
33900,0.724,0.111,0.164
34000,0.728,0.110,0.161
34100,0.733,0.106,0.160
34200,0.740,0.105,0.155
34300,0.737,0.108,0.154
34400,0.730,0.110,0.159
34500,0.731,0.113,0.155
34600,0.729,0.113,0.157
34700,0.739,0.115,0.146
34800,0.744,0.112,0.144
34900,0.747,0.114,0.139
35000,0.748,0.113,0.139
35100,0.754,0.109,0.137
35200,0.765,0.111,0.124
35300,0.764,0.109,0.127
35400,0.762,0.113,0.125
35500,0.763,0.114,0.123
35600,0.760,0.111,0.129
35700,0.759,0.116,0.125
35800,0.759,0.118,0.123
35900,0.763,0.114,0.123
36000,0.765,0.114,0.121
36100,0.766,0.114,0.120
36200,0.771,0.111,0.117
36300,0.773,0.109,0.117
36400,0.778,0.106,0.115
36500,0.773,0.109,0.117
36600,0.779,0.108,0.112
36700,0.779,0.106,0.114
36800,0.779,0.106,0.114
36900,0.774,0.106,0.120
37000,0.778,0.107,0.114
37100,0.781,0.106,0.112
37200,0.784,0.103,0.112
37300,0.787,0.105,0.108
37400,0.790,0.105,0.105
37500,0.789,0.104,0.107
37600,0.789,0.102,0.109
37700,0.783,0.104,0.112
37800,0.781,0.103,0.115
37900,0.774,0.102,0.124
38000,0.785,0.103,0.111
38100,0.783,0.103,0.113
38200,0.776,0.102,0.122
38300,0.780,0.102,0.117
38400,0.779,0.101,0.120
38500,0.775,0.101,0.124
38600,0.776,0.100,0.124
38700,0.779,0.101,0.120
38800,0.779,0.103,0.117
38900,0.787,0.100,0.113
39000,0.759,0.101,0.140
39100,0.753,0.101,0.146
39200,0.758,0.100,0.142
39300,0.762,0.101,0.137
39400,0.769,0.101,0.130
39500,0.769,0.103,0.128
39600,0.776,0.103,0.121
39700,0.775,0.103,0.122
39800,0.778,0.102,0.120
39900,0.779,0.103,0.117
40000,0.781,0.102,0.116
40100,0.776,0.101,0.123
40200,0.780,0.100,0.120
40300,0.783,0.102,0.114
40400,0.785,0.102,0.112
40500,0.788,0.102,0.110
40600,0.783,0.102,0.114
40700,0.790,0.098,0.112
40800,0.795,0.098,0.107
40900,0.793,0.096,0.111
41000,0.788,0.097,0.115
41100,0.783,0.098,0.118
41200,0.768,0.098,0.134
41300,0.765,0.097,0.138
41400,0.766,0.097,0.137
41500,0.771,0.095,0.134
41600,0.772,0.094,0.134
41700,0.765,0.100,0.135
41800,0.764,0.100,0.136
41900,0.767,0.103,0.130
42000,0.766,0.100,0.134
42100,0.757,0.102,0.141
42200,0.761,0.098,0.141
42300,0.764,0.096,0.140
42400,0.716,0.116,0.168
42500,0.704,0.114,0.182
42600,0.707,0.114,0.179
42700,0.706,0.124,0.171
42800,0.709,0.116,0.175
42900,0.714,0.116,0.170
43000,0.711,0.122,0.168
43100,0.696,0.117,0.187
43200,0.704,0.113,0.183
43300,0.699,0.113,0.188
43400,0.709,0.113,0.178
43500,0.713,0.110,0.177
43600,0.713,0.112,0.175
43700,0.704,0.113,0.183
43800,0.703,0.113,0.184
43900,0.699,0.115,0.186
44000,0.708,0.110,0.182
44100,0.707,0.109,0.184
44200,0.710,0.110,0.180
44300,0.713,0.109,0.178
44400,0.722,0.104,0.174
44500,0.729,0.102,0.169
44600,0.727,0.101,0.172
44700,0.736,0.104,0.159
44800,0.740,0.104,0.156
44900,0.746,0.108,0.146
45000,0.740,0.107,0.153
45100,0.737,0.111,0.151
45200,0.727,0.124,0.149
45300,0.730,0.123,0.147
45400,0.736,0.120,0.144
45500,0.732,0.112,0.155
45600,0.734,0.113,0.152
45700,0.739,0.109,0.152
45800,0.735,0.114,0.150
45900,0.742,0.109,0.149
46000,0.743,0.106,0.151
46100,0.740,0.108,0.152
46200,0.735,0.107,0.157
46300,0.743,0.105,0.152
46400,0.744,0.107,0.149
46500,0.734,0.105,0.160
46600,0.739,0.109,0.152
46700,0.746,0.109,0.145
46800,0.735,0.108,0.156
46900,0.721,0.117,0.161
47000,0.718,0.115,0.166
47100,0.715,0.114,0.171
47200,0.707,0.120,0.174
47300,0.712,0.116,0.172
47400,0.708,0.117,0.175
47500,0.716,0.114,0.170
47600,0.719,0.114,0.166
47700,0.718,0.117,0.164
47800,0.720,0.120,0.160
47900,0.720,0.122,0.158
48000,0.732,0.117,0.150
48100,0.725,0.116,0.158
48200,0.731,0.107,0.161
48300,0.728,0.111,0.160
48400,0.720,0.117,0.162
48500,0.711,0.127,0.162
48600,0.713,0.127,0.160
48700,0.708,0.129,0.163
48800,0.709,0.129,0.162
48900,0.692,0.145,0.163
49000,0.700,0.138,0.162
49100,0.688,0.139,0.173
49200,0.685,0.135,0.180
49300,0.694,0.131,0.176
49400,0.695,0.128,0.178
49500,0.707,0.128,0.165
49600,0.709,0.130,0.161
49700,0.702,0.133,0.165
49800,0.705,0.127,0.169
49900,0.703,0.129,0.169
50000,0.711,0.122,0.168
50100,0.711,0.123,0.166
50200,0.715,0.122,0.163
50300,0.713,0.121,0.166
50400,0.710,0.122,0.169
50500,0.704,0.122,0.175
50600,0.699,0.124,0.178
50700,0.698,0.126,0.177
50800,0.686,0.129,0.185
50900,0.685,0.128,0.187
51000,0.689,0.128,0.183
51100,0.683,0.126,0.191
51200,0.683,0.131,0.186
51300,0.691,0.126,0.184
51400,0.694,0.131,0.176
51500,0.691,0.123,0.187
51600,0.681,0.127,0.192
51700,0.681,0.131,0.188
51800,0.691,0.135,0.175
51900,0.659,0.166,0.175
52000,0.646,0.168,0.187
52100,0.639,0.165,0.195
52200,0.632,0.164,0.203
52300,0.637,0.158,0.204
52400,0.632,0.161,0.206
52500,0.634,0.156,0.209
52600,0.631,0.161,0.207
52700,0.612,0.162,0.226
52800,0.618,0.159,0.223
52900,0.616,0.152,0.232
53000,0.608,0.164,0.228
53100,0.609,0.171,0.221
53200,0.608,0.173,0.220
53300,0.590,0.180,0.230
53400,0.577,0.191,0.232
53500,0.588,0.185,0.227
53600,0.589,0.182,0.229
53700,0.592,0.183,0.225
53800,0.599,0.175,0.227
53900,0.594,0.169,0.237
54000,0.617,0.169,0.215
54100,0.620,0.159,0.221
54200,0.617,0.153,0.230
54300,0.606,0.157,0.237
54400,0.592,0.158,0.249
54500,0.577,0.163,0.259
54600,0.575,0.157,0.268
54700,0.584,0.150,0.266
54800,0.587,0.169,0.244
54900,0.578,0.165,0.256
55000,0.586,0.161,0.252
55100,0.590,0.168,0.242
55200,0.583,0.168,0.249
55300,0.591,0.165,0.243
55400,0.586,0.171,0.243
55500,0.585,0.168,0.247
55600,0.587,0.169,0.244
55700,0.581,0.174,0.245
55800,0.585,0.177,0.238
55900,0.583,0.172,0.245
56000,0.606,0.166,0.228
56100,0.609,0.165,0.226
56200,0.590,0.176,0.234
56300,0.597,0.165,0.238
56400,0.603,0.155,0.242
56500,0.606,0.152,0.242
56600,0.598,0.172,0.231
56700,0.599,0.178,0.224
56800,0.579,0.194,0.227
56900,0.580,0.191,0.229
57000,0.584,0.186,0.230
57100,0.583,0.188,0.229
57200,0.589,0.186,0.225
57300,0.577,0.189,0.234
57400,0.576,0.191,0.233
57500,0.562,0.205,0.233
57600,0.543,0.202,0.254
57700,0.549,0.196,0.255
57800,0.551,0.195,0.254
57900,0.550,0.190,0.260
58000,0.575,0.176,0.249
58100,0.560,0.177,0.264
58200,0.565,0.165,0.270
58300,0.573,0.166,0.260
58400,0.593,0.161,0.245
58500,0.604,0.156,0.240
58600,0.607,0.154,0.239
58700,0.604,0.152,0.244
58800,0.604,0.143,0.253
58900,0.615,0.145,0.240
59000,0.610,0.145,0.245
59100,0.613,0.147,0.240
59200,0.611,0.154,0.235
59300,0.624,0.139,0.237
59400,0.644,0.135,0.222
59500,0.657,0.131,0.212
59600,0.657,0.132,0.211
59700,0.657,0.126,0.218
59800,0.656,0.128,0.217
59900,0.651,0.131,0.219
60000,0.638,0.145,0.217
60100,0.644,0.141,0.216
60200,0.644,0.143,0.213
60300,0.648,0.145,0.207
60400,0.650,0.138,0.212
60500,0.647,0.125,0.229
60600,0.648,0.146,0.206
60700,0.645,0.138,0.218
60800,0.663,0.132,0.205
60900,0.667,0.129,0.204
61000,0.664,0.124,0.212
61100,0.667,0.120,0.213
61200,0.665,0.118,0.217
61300,0.658,0.130,0.212
61400,0.661,0.127,0.212
61500,0.642,0.156,0.201
61600,0.633,0.151,0.216
61700,0.639,0.151,0.209
61800,0.649,0.151,0.200
61900,0.659,0.147,0.194
62000,0.644,0.141,0.216
62100,0.633,0.159,0.207
62200,0.646,0.154,0.200
62300,0.627,0.150,0.223
62400,0.651,0.145,0.204
62500,0.628,0.158,0.213
62600,0.641,0.156,0.202
62700,0.628,0.176,0.196
62800,0.634,0.179,0.187
62900,0.632,0.174,0.194
63000,0.633,0.175,0.192
63100,0.612,0.174,0.215
63200,0.625,0.165,0.209
63300,0.608,0.176,0.217
63400,0.606,0.170,0.225
63500,0.601,0.184,0.216
63600,0.608,0.187,0.205
63700,0.598,0.182,0.221
63800,0.585,0.182,0.233
63900,0.573,0.181,0.246
64000,0.577,0.187,0.236
64100,0.573,0.194,0.233
64200,0.568,0.200,0.232
64300,0.570,0.201,0.229
64400,0.557,0.195,0.248
64500,0.552,0.194,0.254
64600,0.540,0.211,0.248
64700,0.531,0.209,0.259
64800,0.524,0.224,0.252
64900,0.537,0.220,0.243
65000,0.529,0.213,0.257
65100,0.540,0.212,0.247
65200,0.545,0.201,0.253
65300,0.549,0.202,0.249
65400,0.557,0.205,0.238
65500,0.542,0.201,0.256
65600,0.530,0.200,0.270
65700,0.544,0.205,0.250
65800,0.547,0.207,0.245
65900,0.554,0.203,0.243
66000,0.538,0.201,0.260
66100,0.535,0.198,0.267
66200,0.530,0.193,0.277
66300,0.529,0.192,0.279
66400,0.525,0.191,0.284
66500,0.529,0.198,0.273
66600,0.531,0.193,0.276
66700,0.532,0.189,0.279
66800,0.536,0.180,0.284
66900,0.543,0.180,0.277
67000,0.564,0.163,0.273
67100,0.599,0.163,0.238
67200,0.586,0.169,0.245
67300,0.585,0.176,0.239
67400,0.577,0.171,0.252
67500,0.575,0.170,0.255
67600,0.587,0.166,0.246
67700,0.588,0.171,0.241
67800,0.599,0.162,0.239
67900,0.600,0.172,0.229
68000,0.600,0.164,0.236
68100,0.604,0.168,0.229
68200,0.581,0.161,0.257
68300,0.584,0.161,0.254
68400,0.586,0.165,0.248
68500,0.588,0.174,0.238
68600,0.581,0.172,0.247
68700,0.611,0.169,0.221
68800,0.609,0.172,0.220
68900,0.609,0.176,0.216
69000,0.603,0.170,0.228
69100,0.604,0.165,0.231
69200,0.597,0.170,0.234
69300,0.574,0.177,0.249
69400,0.576,0.171,0.253
69500,0.573,0.172,0.255
69600,0.566,0.175,0.259
69700,0.578,0.175,0.247
69800,0.570,0.171,0.259
69900,0.573,0.179,0.248
70000,0.567,0.193,0.240
70100,0.568,0.193,0.239
70200,0.574,0.189,0.237
70300,0.568,0.187,0.245
70400,0.564,0.185,0.251
70500,0.574,0.179,0.247
70600,0.561,0.178,0.261
70700,0.566,0.190,0.244
70800,0.562,0.196,0.242
70900,0.565,0.196,0.239
71000,0.571,0.187,0.242
71100,0.571,0.187,0.242
71200,0.580,0.178,0.242
71300,0.578,0.182,0.240
71400,0.576,0.181,0.243
71500,0.585,0.179,0.236
71600,0.587,0.183,0.230
71700,0.578,0.181,0.241
71800,0.577,0.183,0.240
71900,0.584,0.178,0.238
72000,0.587,0.175,0.238
72100,0.590,0.176,0.234
72200,0.576,0.184,0.240
72300,0.560,0.193,0.247
72400,0.571,0.182,0.247
72500,0.561,0.181,0.258
72600,0.552,0.183,0.266
72700,0.539,0.192,0.269
72800,0.541,0.198,0.260
72900,0.535,0.192,0.273
73000,0.530,0.189,0.281
73100,0.543,0.183,0.274
73200,0.552,0.174,0.275
73300,0.562,0.172,0.267
73400,0.561,0.173,0.267
73500,0.565,0.170,0.266
73600,0.572,0.159,0.269
73700,0.578,0.164,0.257
73800,0.583,0.153,0.264
73900,0.582,0.156,0.261
74000,0.585,0.166,0.248
74100,0.584,0.171,0.245
74200,0.564,0.186,0.250
74300,0.552,0.190,0.258
74400,0.571,0.198,0.231
74500,0.570,0.195,0.235
74600,0.554,0.193,0.253
74700,0.551,0.199,0.250
74800,0.555,0.183,0.263
74900,0.556,0.192,0.252
75000,0.554,0.200,0.246
75100,0.569,0.197,0.234
75200,0.570,0.192,0.238
75300,0.560,0.176,0.265
75400,0.561,0.174,0.266
75500,0.562,0.175,0.264
75600,0.552,0.176,0.273
75700,0.557,0.174,0.270
75800,0.553,0.185,0.263
75900,0.536,0.199,0.265
76000,0.541,0.189,0.270
76100,0.541,0.182,0.277
76200,0.533,0.187,0.280
76300,0.533,0.193,0.274
76400,0.549,0.179,0.273
76500,0.541,0.179,0.280
76600,0.554,0.185,0.261
76700,0.567,0.176,0.257
76800,0.565,0.171,0.265
76900,0.553,0.182,0.266
77000,0.540,0.184,0.276
77100,0.532,0.191,0.277
77200,0.532,0.195,0.273
77300,0.537,0.195,0.268
77400,0.532,0.195,0.273
77500,0.528,0.203,0.269
77600,0.542,0.195,0.263
77700,0.530,0.198,0.272
77800,0.531,0.198,0.271
77900,0.538,0.208,0.253
78000,0.542,0.197,0.260
78100,0.542,0.210,0.247
78200,0.543,0.211,0.245
78300,0.533,0.218,0.249
78400,0.511,0.235,0.254
78500,0.505,0.236,0.259
78600,0.495,0.239,0.266
78700,0.491,0.234,0.275
78800,0.495,0.227,0.278
78900,0.497,0.224,0.279
79000,0.505,0.223,0.273
79100,0.514,0.215,0.272
79200,0.501,0.201,0.298
79300,0.502,0.207,0.291
79400,0.501,0.215,0.285
79500,0.490,0.216,0.294
79600,0.497,0.245,0.257
79700,0.516,0.233,0.251
79800,0.517,0.233,0.250
79900,0.504,0.241,0.255
80000,0.507,0.227,0.267
80100,0.503,0.224,0.274
80200,0.501,0.226,0.274
80300,0.493,0.220,0.287
80400,0.511,0.216,0.274
80500,0.514,0.209,0.277
80600,0.509,0.213,0.278
80700,0.507,0.213,0.280
80800,0.511,0.220,0.270
80900,0.515,0.223,0.263
81000,0.522,0.219,0.259
81100,0.524,0.224,0.252
81200,0.530,0.211,0.258
81300,0.529,0.209,0.261
81400,0.526,0.212,0.261
81500,0.519,0.213,0.268
81600,0.531,0.211,0.257
81700,0.536,0.223,0.241
81800,0.535,0.234,0.231
81900,0.537,0.228,0.235
82000,0.523,0.227,0.250
82100,0.522,0.232,0.246
82200,0.524,0.230,0.246
82300,0.529,0.226,0.245
82400,0.519,0.225,0.256
82500,0.534,0.213,0.252
82600,0.507,0.235,0.258
82700,0.502,0.234,0.265
82800,0.490,0.228,0.282
82900,0.490,0.225,0.285
83000,0.501,0.232,0.268
83100,0.492,0.242,0.266
83200,0.494,0.234,0.272
83300,0.489,0.231,0.280
83400,0.484,0.232,0.284
83500,0.474,0.231,0.295
83600,0.470,0.238,0.292
83700,0.468,0.237,0.295
83800,0.463,0.259,0.278
83900,0.445,0.268,0.287
84000,0.438,0.269,0.293
84100,0.457,0.267,0.277
84200,0.461,0.250,0.289
84300,0.443,0.250,0.306
84400,0.430,0.280,0.290
84500,0.414,0.270,0.317
84600,0.404,0.272,0.324
84700,0.395,0.265,0.340
84800,0.404,0.265,0.331
84900,0.396,0.273,0.331
85000,0.396,0.282,0.322
85100,0.407,0.283,0.311
85200,0.409,0.278,0.314
85300,0.407,0.275,0.319
85400,0.410,0.267,0.324
85500,0.444,0.259,0.296
85600,0.438,0.255,0.306
85700,0.436,0.254,0.309
85800,0.421,0.268,0.312
85900,0.417,0.279,0.304
86000,0.418,0.291,0.291
86100,0.426,0.289,0.285
86200,0.430,0.291,0.279
86300,0.420,0.287,0.293
86400,0.418,0.292,0.290
86500,0.432,0.290,0.278
86600,0.439,0.286,0.275
86700,0.448,0.278,0.274
86800,0.437,0.268,0.295
86900,0.443,0.272,0.285
87000,0.453,0.265,0.283
87100,0.458,0.263,0.280
87200,0.464,0.249,0.287
87300,0.469,0.240,0.291
87400,0.465,0.239,0.296
87500,0.464,0.249,0.287
87600,0.492,0.238,0.270
87700,0.493,0.229,0.278
87800,0.509,0.223,0.269
87900,0.509,0.221,0.271
88000,0.512,0.218,0.271
88100,0.510,0.218,0.273
88200,0.508,0.212,0.280
88300,0.512,0.213,0.275
88400,0.488,0.210,0.301
88500,0.482,0.203,0.315
88600,0.491,0.204,0.304
88700,0.467,0.225,0.308
88800,0.462,0.216,0.323
88900,0.458,0.223,0.320
89000,0.471,0.241,0.288
89100,0.456,0.244,0.300
89200,0.469,0.243,0.288
89300,0.465,0.235,0.300
89400,0.465,0.233,0.302
89500,0.469,0.238,0.293
89600,0.459,0.253,0.288
89700,0.458,0.250,0.292
89800,0.460,0.242,0.298
89900,0.469,0.242,0.289
90000,0.459,0.239,0.302
90100,0.456,0.238,0.306
90200,0.451,0.246,0.302
90300,0.471,0.230,0.299
90400,0.471,0.227,0.302
90500,0.479,0.231,0.290
90600,0.466,0.229,0.305
90700,0.481,0.228,0.291
90800,0.487,0.213,0.299
90900,0.497,0.222,0.281
91000,0.510,0.211,0.279
91100,0.515,0.209,0.276
91200,0.533,0.208,0.258
91300,0.539,0.213,0.247
91400,0.543,0.202,0.254
91500,0.546,0.199,0.254
91600,0.542,0.208,0.249
91700,0.546,0.201,0.252
91800,0.535,0.210,0.254
91900,0.537,0.212,0.250
92000,0.532,0.222,0.246
92100,0.521,0.227,0.252
92200,0.532,0.220,0.248
92300,0.535,0.217,0.248
92400,0.537,0.212,0.250
92500,0.533,0.210,0.256
92600,0.539,0.197,0.264
92700,0.529,0.189,0.282
92800,0.502,0.196,0.302
92900,0.508,0.194,0.298
93000,0.501,0.191,0.308
93100,0.505,0.189,0.306
93200,0.501,0.189,0.311
93300,0.501,0.194,0.305
93400,0.495,0.190,0.315
93500,0.485,0.201,0.314
93600,0.483,0.197,0.320
93700,0.482,0.208,0.309
93800,0.503,0.193,0.304
93900,0.502,0.210,0.288
94000,0.498,0.207,0.294
94100,0.489,0.208,0.302
94200,0.499,0.207,0.293
94300,0.502,0.202,0.296
94400,0.503,0.199,0.298
94500,0.503,0.196,0.301
94600,0.512,0.196,0.292
94700,0.510,0.193,0.297
94800,0.518,0.190,0.292
94900,0.517,0.198,0.285
95000,0.522,0.195,0.283
95100,0.501,0.199,0.300
95200,0.506,0.199,0.295
95300,0.501,0.204,0.295
95400,0.518,0.206,0.276
95500,0.531,0.201,0.268
95600,0.525,0.195,0.280
95700,0.528,0.202,0.270
95800,0.530,0.203,0.267
95900,0.529,0.204,0.267
96000,0.529,0.198,0.273
96100,0.540,0.192,0.268
96200,0.547,0.200,0.252
96300,0.555,0.195,0.250
96400,0.553,0.189,0.258
96500,0.547,0.192,0.260
96600,0.555,0.193,0.252
96700,0.563,0.191,0.246
96800,0.558,0.194,0.248
96900,0.563,0.190,0.247
97000,0.564,0.188,0.248
97100,0.563,0.189,0.248
97200,0.563,0.190,0.247
97300,0.551,0.199,0.250
97400,0.563,0.199,0.238
97500,0.547,0.205,0.247
97600,0.551,0.203,0.246
97700,0.559,0.191,0.250
97800,0.552,0.197,0.251
97900,0.522,0.205,0.273
98000,0.510,0.210,0.280
98100,0.525,0.207,0.268
98200,0.554,0.194,0.252
98300,0.560,0.189,0.251
98400,0.568,0.185,0.247
98500,0.562,0.187,0.251
98600,0.542,0.194,0.264
98700,0.541,0.188,0.271
98800,0.560,0.185,0.255
98900,0.553,0.188,0.259
99000,0.554,0.191,0.255
99100,0.558,0.186,0.256
99200,0.568,0.181,0.251
99300,0.563,0.177,0.260
99400,0.573,0.169,0.258
99500,0.571,0.164,0.265
99600,0.542,0.185,0.273
99700,0.544,0.182,0.274
99800,0.542,0.181,0.277
99900,0.545,0.177,0.278
100000,0.544,0.180,0.276
