time,n_A+p,n_B,n_AB
500,0.050,0.775,0.174
1000,0.050,0.571,0.379
1500,0.050,0.469,0.480
2000,0.054,0.433,0.512
2500,0.051,0.357,0.592
3000,0.050,0.362,0.588
3500,0.051,0.315,0.634
4000,0.050,0.335,0.615
4500,0.052,0.357,0.591
5000,0.051,0.359,0.589
5500,0.050,0.338,0.612
6000,0.053,0.309,0.637
6500,0.059,0.300,0.640
7000,0.061,0.246,0.692
7500,0.053,0.257,0.690
8000,0.063,0.301,0.636
8500,0.056,0.277,0.667
9000,0.054,0.248,0.698
9500,0.073,0.201,0.726
10000,0.071,0.187,0.742
10500,0.057,0.294,0.649
11000,0.050,0.291,0.658
11500,0.053,0.297,0.649
12000,0.054,0.230,0.716
12500,0.067,0.258,0.676
13000,0.067,0.239,0.695
13500,0.064,0.213,0.723
14000,0.066,0.252,0.682
14500,0.074,0.245,0.681
15000,0.068,0.215,0.717
15500,0.083,0.202,0.716
16000,0.091,0.169,0.740
16500,0.151,0.099,0.750
17000,0.369,0.025,0.607
17500,0.579,0.001,0.420
18000,0.663,0.000,0.337
18500,0.779,0.000,0.221
19000,0.776,0.000,0.224
19500,0.838,0.000,0.162
20000,0.805,0.000,0.195
20500,0.856,0.000,0.144
21000,0.891,0.000,0.109
21500,0.868,0.000,0.132
22000,0.909,0.000,0.091
22500,0.939,0.000,0.061
23000,0.968,0.000,0.032
23500,0.958,0.000,0.042
24000,0.932,0.000,0.068
24500,0.933,0.000,0.067
25000,0.963,0.000,0.037
25500,0.968,0.000,0.032
26000,0.973,0.000,0.027
26500,0.992,0.000,0.008
27000,0.997,0.000,0.003
27500,0.999,0.000,0.001
28000,1.000,0.000,0.000
