time,n_A+p,n_B,n_AB
500,0.050,0.594,0.356
1000,0.050,0.511,0.439
1500,0.050,0.406,0.544
2000,0.055,0.316,0.629
2500,0.050,0.404,0.546
3000,0.054,0.357,0.589
3500,0.050,0.412,0.538
4000,0.050,0.393,0.557
4500,0.050,0.346,0.604
5000,0.050,0.345,0.605
5500,0.050,0.369,0.581
6000,0.050,0.486,0.464
6500,0.050,0.531,0.419
7000,0.050,0.445,0.505
7500,0.050,0.451,0.499
8000,0.050,0.443,0.507
8500,0.050,0.322,0.628
9000,0.050,0.323,0.627
9500,0.050,0.405,0.545
10000,0.050,0.553,0.397
10500,0.050,0.459,0.491
11000,0.050,0.434,0.516
11500,0.050,0.469,0.481
12000,0.050,0.445,0.505
12500,0.050,0.471,0.479
13000,0.050,0.475,0.475
13500,0.050,0.443,0.507
14000,0.050,0.490,0.460
14500,0.050,0.402,0.548
15000,0.050,0.449,0.501
15500,0.050,0.445,0.505
16000,0.050,0.513,0.437
16500,0.050,0.469,0.481
17000,0.050,0.390,0.560
17500,0.050,0.416,0.534
18000,0.050,0.369,0.581
18500,0.050,0.469,0.481
19000,0.050,0.467,0.483
19500,0.050,0.530,0.420
20000,0.050,0.374,0.576
20500,0.059,0.371,0.570
21000,0.050,0.382,0.568
21500,0.054,0.437,0.509
22000,0.050,0.416,0.534
22500,0.050,0.420,0.530
23000,0.050,0.354,0.596
23500,0.050,0.468,0.482
24000,0.050,0.458,0.492
24500,0.050,0.414,0.536
25000,0.050,0.461,0.489
25500,0.050,0.395,0.555
26000,0.052,0.333,0.615
26500,0.051,0.452,0.497
27000,0.050,0.464,0.486
27500,0.050,0.490,0.460
28000,0.050,0.413,0.537
28500,0.050,0.404,0.546
29000,0.050,0.367,0.583
29500,0.050,0.495,0.455
30000,0.050,0.413,0.537
30500,0.060,0.417,0.523
31000,0.050,0.535,0.415
31500,0.050,0.318,0.632
32000,0.050,0.312,0.638
32500,0.061,0.370,0.569
33000,0.050,0.416,0.534
33500,0.050,0.330,0.620
34000,0.057,0.359,0.584
34500,0.050,0.398,0.552
35000,0.050,0.370,0.580
35500,0.050,0.453,0.497
36000,0.050,0.394,0.556
36500,0.050,0.372,0.578
37000,0.050,0.295,0.655
37500,0.050,0.387,0.563
38000,0.062,0.340,0.598
38500,0.050,0.508,0.442
39000,0.050,0.372,0.578
39500,0.050,0.448,0.502
40000,0.050,0.474,0.476
40500,0.050,0.499,0.451
41000,0.050,0.405,0.545
41500,0.050,0.472,0.478
42000,0.050,0.398,0.552
42500,0.050,0.514,0.436
43000,0.050,0.331,0.619
43500,0.050,0.330,0.620
44000,0.050,0.315,0.635
44500,0.054,0.326,0.620
45000,0.050,0.381,0.569
45500,0.063,0.284,0.653
46000,0.051,0.369,0.580
46500,0.083,0.170,0.747
47000,0.082,0.187,0.731
47500,0.089,0.162,0.749
48000,0.134,0.113,0.753
48500,0.698,0.001,0.301
49000,0.941,0.000,0.059
49500,1.000,0.000,0.000
