time,n_A+p,n_B,n_AB
100,0.250,0.370,0.380
200,0.185,0.370,0.446
300,0.283,0.370,0.348
400,0.293,0.359,0.348
500,0.337,0.348,0.315
600,0.272,0.326,0.402
700,0.185,0.435,0.380
800,0.141,0.391,0.467
900,0.207,0.359,0.435
1000,0.261,0.370,0.370
1100,0.293,0.250,0.457
1200,0.348,0.228,0.424
1300,0.326,0.250,0.424
1400,0.293,0.217,0.489
1500,0.337,0.217,0.446
1600,0.283,0.207,0.511
1700,0.304,0.141,0.554
1800,0.402,0.130,0.467
1900,0.424,0.120,0.457
2000,0.370,0.109,0.522
2100,0.283,0.228,0.489
2200,0.304,0.272,0.424
2300,0.207,0.380,0.413
2400,0.207,0.326,0.467
2500,0.185,0.370,0.446
2600,0.185,0.413,0.402
2700,0.250,0.391,0.359
2800,0.239,0.304,0.457
2900,0.207,0.435,0.359
3000,0.141,0.489,0.370
3100,0.120,0.522,0.359
3200,0.065,0.587,0.348
3300,0.087,0.620,0.293
3400,0.098,0.609,0.293
3500,0.076,0.576,0.348
3600,0.054,0.522,0.424
3700,0.109,0.489,0.402
3800,0.109,0.446,0.446
3900,0.130,0.413,0.457
4000,0.130,0.467,0.402
4100,0.174,0.424,0.402
4200,0.109,0.500,0.391
4300,0.228,0.489,0.283
4400,0.185,0.554,0.261
4500,0.141,0.543,0.315
4600,0.109,0.554,0.337
4700,0.087,0.478,0.435
4800,0.087,0.587,0.326
4900,0.152,0.489,0.359
5000,0.185,0.380,0.435
5100,0.207,0.413,0.380
5200,0.272,0.359,0.370
5300,0.326,0.348,0.326
5400,0.337,0.315,0.348
5500,0.315,0.293,0.391
5600,0.359,0.250,0.391
5700,0.250,0.315,0.435
5800,0.228,0.315,0.457
5900,0.283,0.315,0.402
6000,0.228,0.402,0.370
6100,0.207,0.402,0.391
6200,0.130,0.467,0.402
6300,0.163,0.413,0.424
6400,0.196,0.446,0.359
6500,0.141,0.446,0.413
6600,0.163,0.457,0.380
6700,0.185,0.446,0.370
6800,0.228,0.413,0.359
6900,0.239,0.467,0.293
7000,0.228,0.446,0.326
7100,0.163,0.380,0.457
7200,0.174,0.413,0.413
7300,0.185,0.435,0.380
7400,0.185,0.402,0.413
7500,0.283,0.293,0.424
7600,0.272,0.359,0.370
7700,0.272,0.348,0.380
7800,0.272,0.283,0.446
7900,0.239,0.413,0.348
8000,0.261,0.370,0.370
8100,0.250,0.391,0.359
8200,0.293,0.359,0.348
8300,0.337,0.337,0.326
8400,0.304,0.293,0.402
8500,0.337,0.326,0.337
8600,0.272,0.304,0.424
8700,0.250,0.293,0.457
8800,0.228,0.326,0.446
8900,0.196,0.326,0.478
9000,0.261,0.359,0.380
9100,0.207,0.435,0.359
9200,0.174,0.424,0.402
9300,0.174,0.500,0.326
9400,0.152,0.380,0.467
9500,0.207,0.337,0.457
9600,0.304,0.283,0.413
9700,0.304,0.272,0.424
9800,0.293,0.283,0.424
9900,0.304,0.261,0.435
10000,0.283,0.272,0.446
10100,0.239,0.250,0.511
10200,0.207,0.304,0.489
10300,0.228,0.326,0.446
10400,0.239,0.228,0.533
10500,0.185,0.304,0.511
10600,0.207,0.304,0.489
10700,0.217,0.348,0.435
10800,0.163,0.424,0.413
10900,0.163,0.457,0.380
11000,0.120,0.467,0.413
11100,0.120,0.424,0.457
11200,0.130,0.533,0.337
11300,0.130,0.598,0.272
11400,0.098,0.576,0.326
11500,0.087,0.609,0.304
11600,0.065,0.620,0.315
11700,0.087,0.652,0.261
11800,0.054,0.630,0.315
11900,0.087,0.587,0.326
12000,0.065,0.685,0.250
12100,0.065,0.641,0.293
12200,0.065,0.674,0.261
12300,0.054,0.750,0.196
12400,0.098,0.652,0.250
12500,0.130,0.533,0.337
12600,0.130,0.565,0.304
12700,0.098,0.609,0.293
12800,0.098,0.652,0.250
12900,0.098,0.707,0.196
13000,0.033,0.685,0.283
13100,0.098,0.609,0.293
13200,0.043,0.609,0.348
13300,0.054,0.576,0.370
13400,0.087,0.598,0.315
13500,0.076,0.663,0.261
13600,0.065,0.620,0.315
13700,0.098,0.620,0.283
13800,0.087,0.663,0.250
13900,0.033,0.728,0.239
14000,0.043,0.641,0.315
14100,0.054,0.641,0.304
14200,0.087,0.620,0.293
14300,0.098,0.641,0.261
14400,0.098,0.641,0.261
14500,0.076,0.554,0.370
14600,0.109,0.565,0.326
14700,0.087,0.641,0.272
14800,0.054,0.587,0.359
14900,0.065,0.543,0.391
15000,0.087,0.522,0.391
15100,0.065,0.587,0.348
15200,0.054,0.620,0.326
15300,0.054,0.728,0.217
15400,0.120,0.663,0.217
15500,0.163,0.543,0.293
15600,0.207,0.457,0.337
15700,0.174,0.402,0.424
15800,0.217,0.326,0.457
15900,0.293,0.250,0.457
16000,0.326,0.217,0.457
16100,0.359,0.217,0.424
16200,0.250,0.293,0.457
16300,0.217,0.315,0.467
16400,0.152,0.359,0.489
16500,0.174,0.337,0.489
16600,0.228,0.304,0.467
16700,0.174,0.293,0.533
16800,0.196,0.337,0.467
16900,0.174,0.250,0.576
17000,0.228,0.359,0.413
17100,0.239,0.359,0.402
17200,0.217,0.370,0.413
17300,0.217,0.304,0.478
17400,0.315,0.272,0.413
17500,0.359,0.185,0.457
17600,0.359,0.196,0.446
17700,0.293,0.228,0.478
17800,0.326,0.196,0.478
17900,0.293,0.228,0.478
18000,0.370,0.261,0.370
18100,0.402,0.163,0.435
18200,0.326,0.130,0.543
18300,0.293,0.196,0.511
18400,0.359,0.163,0.478
18500,0.424,0.120,0.457
18600,0.402,0.152,0.446
18700,0.457,0.185,0.359
18800,0.576,0.098,0.326
18900,0.511,0.098,0.391
19000,0.707,0.022,0.272
19100,0.750,0.000,0.250
19200,0.739,0.000,0.261
19300,0.663,0.022,0.315
19400,0.641,0.022,0.337
19500,0.576,0.033,0.391
19600,0.609,0.054,0.337
19700,0.554,0.098,0.348
19800,0.598,0.043,0.359
19900,0.543,0.054,0.402
20000,0.543,0.120,0.337
20100,0.587,0.087,0.326
20200,0.696,0.065,0.239
20300,0.783,0.022,0.196
20400,0.728,0.033,0.239
20500,0.696,0.054,0.250
20600,0.750,0.033,0.217
20700,0.848,0.011,0.141
20800,0.804,0.022,0.174
20900,0.837,0.043,0.120
21000,0.870,0.000,0.130
21100,0.880,0.000,0.120
21200,0.913,0.000,0.087
21300,0.935,0.000,0.065
21400,0.967,0.000,0.033
21500,0.946,0.000,0.054
21600,0.978,0.000,0.022
21700,1.000,0.000,0.000
