time,n_A+p,n_B,n_AB
500,0.080,0.905,0.015
1000,0.080,0.882,0.038
1500,0.080,0.870,0.050
2000,0.081,0.861,0.058
2500,0.081,0.844,0.075
3000,0.084,0.830,0.087
3500,0.085,0.816,0.100
4000,0.086,0.803,0.111
4500,0.086,0.782,0.132
5000,0.089,0.772,0.139
5500,0.090,0.765,0.144
6000,0.091,0.757,0.151
6500,0.094,0.744,0.162
7000,0.096,0.721,0.183
7500,0.100,0.710,0.191
8000,0.102,0.699,0.200
8500,0.104,0.685,0.211
9000,0.106,0.676,0.218
9500,0.106,0.666,0.227
10000,0.108,0.652,0.240
10500,0.112,0.643,0.245
11000,0.117,0.628,0.255
11500,0.120,0.620,0.260
12000,0.128,0.604,0.268
12500,0.129,0.587,0.284
13000,0.132,0.588,0.280
13500,0.136,0.569,0.296
14000,0.139,0.570,0.291
14500,0.145,0.547,0.308
15000,0.149,0.543,0.308
15500,0.158,0.535,0.307
16000,0.168,0.526,0.305
16500,0.176,0.517,0.307
17000,0.183,0.500,0.316
17500,0.186,0.475,0.339
18000,0.185,0.465,0.350
18500,0.180,0.452,0.367
19000,0.181,0.455,0.364
19500,0.191,0.442,0.367
20000,0.193,0.440,0.367
20500,0.193,0.434,0.373
21000,0.198,0.417,0.385
21500,0.210,0.417,0.372
22000,0.220,0.415,0.365
22500,0.224,0.410,0.366
23000,0.219,0.401,0.380
23500,0.226,0.398,0.376
24000,0.227,0.391,0.383
24500,0.226,0.389,0.385
25000,0.227,0.378,0.396
25500,0.226,0.366,0.408
26000,0.237,0.366,0.397
26500,0.246,0.358,0.396
27000,0.261,0.346,0.393
27500,0.261,0.350,0.390
28000,0.272,0.346,0.382
28500,0.279,0.327,0.395
29000,0.282,0.321,0.397
29500,0.295,0.319,0.387
30000,0.301,0.314,0.386
30500,0.295,0.318,0.387
31000,0.303,0.317,0.380
31500,0.309,0.312,0.378
32000,0.319,0.305,0.377
32500,0.324,0.292,0.385
33000,0.332,0.292,0.376
33500,0.324,0.287,0.389
34000,0.335,0.275,0.391
34500,0.342,0.273,0.385
35000,0.348,0.270,0.383
35500,0.349,0.260,0.392
36000,0.356,0.258,0.386
36500,0.359,0.254,0.387
37000,0.357,0.249,0.394
37500,0.364,0.253,0.382
38000,0.376,0.247,0.378
38500,0.392,0.233,0.376
39000,0.399,0.219,0.382
39500,0.406,0.211,0.383
40000,0.407,0.210,0.383
40500,0.414,0.203,0.383
41000,0.422,0.195,0.383
41500,0.430,0.199,0.372
42000,0.440,0.184,0.377
42500,0.451,0.184,0.365
43000,0.455,0.178,0.366
43500,0.458,0.182,0.360
44000,0.458,0.182,0.360
44500,0.467,0.168,0.365
45000,0.470,0.163,0.367
45500,0.469,0.164,0.367
46000,0.474,0.160,0.367
46500,0.489,0.154,0.356
47000,0.493,0.148,0.359
47500,0.506,0.141,0.353
48000,0.519,0.134,0.347
48500,0.534,0.128,0.338
49000,0.541,0.116,0.343
49500,0.540,0.111,0.349
50000,0.550,0.109,0.341
50500,0.550,0.107,0.342
51000,0.553,0.107,0.339
51500,0.553,0.099,0.348
52000,0.562,0.100,0.338
52500,0.576,0.096,0.329
53000,0.568,0.101,0.332
53500,0.572,0.104,0.324
54000,0.583,0.099,0.319
54500,0.585,0.096,0.320
55000,0.589,0.092,0.319
55500,0.602,0.088,0.309
56000,0.606,0.091,0.303
56500,0.600,0.089,0.311
57000,0.610,0.088,0.302
57500,0.622,0.086,0.293
58000,0.623,0.089,0.288
58500,0.622,0.085,0.293
59000,0.627,0.079,0.294
59500,0.632,0.081,0.287
60000,0.635,0.079,0.286
60500,0.642,0.072,0.286
61000,0.644,0.068,0.288
61500,0.648,0.065,0.287
62000,0.653,0.067,0.280
62500,0.655,0.060,0.284
63000,0.656,0.068,0.276
63500,0.655,0.060,0.284
64000,0.670,0.060,0.269
64500,0.673,0.056,0.271
65000,0.672,0.054,0.273
65500,0.681,0.053,0.266
66000,0.688,0.051,0.262
66500,0.688,0.051,0.262
67000,0.693,0.052,0.255
67500,0.697,0.051,0.253
68000,0.705,0.047,0.248
68500,0.710,0.043,0.248
69000,0.715,0.040,0.246
69500,0.727,0.036,0.237
70000,0.726,0.036,0.238
70500,0.731,0.040,0.230
71000,0.728,0.044,0.228
71500,0.729,0.044,0.227
72000,0.730,0.043,0.228
72500,0.736,0.041,0.223
73000,0.740,0.035,0.225
73500,0.745,0.035,0.220
74000,0.750,0.036,0.214
74500,0.751,0.034,0.215
75000,0.759,0.030,0.210
75500,0.761,0.031,0.208
76000,0.756,0.024,0.220
76500,0.755,0.024,0.221
77000,0.768,0.025,0.207
77500,0.773,0.025,0.202
78000,0.771,0.022,0.206
78500,0.777,0.023,0.200
79000,0.781,0.028,0.191
79500,0.782,0.030,0.188
80000,0.784,0.029,0.187
80500,0.777,0.024,0.199
81000,0.774,0.024,0.202
81500,0.781,0.024,0.195
82000,0.790,0.030,0.179
82500,0.784,0.028,0.188
83000,0.791,0.026,0.183
83500,0.798,0.021,0.180
84000,0.801,0.021,0.178
84500,0.801,0.021,0.177
85000,0.806,0.021,0.172
85500,0.809,0.021,0.170
86000,0.811,0.021,0.168
86500,0.819,0.019,0.163
87000,0.816,0.017,0.168
87500,0.816,0.015,0.169
88000,0.816,0.011,0.173
88500,0.829,0.013,0.159
89000,0.843,0.011,0.146
89500,0.843,0.013,0.144
90000,0.835,0.013,0.152
90500,0.837,0.015,0.149
91000,0.840,0.008,0.152
91500,0.840,0.013,0.148
92000,0.839,0.011,0.150
92500,0.836,0.011,0.153
93000,0.836,0.011,0.153
93500,0.844,0.015,0.142
94000,0.846,0.012,0.142
94500,0.838,0.008,0.154
95000,0.847,0.005,0.148
95500,0.853,0.005,0.142
96000,0.857,0.005,0.138
96500,0.861,0.005,0.134
97000,0.868,0.007,0.125
97500,0.870,0.006,0.124
98000,0.875,0.006,0.119
98500,0.878,0.006,0.116
99000,0.890,0.003,0.107
99500,0.897,0.002,0.101
100000,0.894,0.003,0.103
100500,0.894,0.004,0.101
101000,0.906,0.004,0.089
101500,0.904,0.006,0.090
102000,0.907,0.004,0.088
102500,0.907,0.003,0.090
103000,0.911,0.002,0.087
103500,0.913,0.002,0.085
104000,0.917,0.001,0.082
104500,0.921,0.003,0.076
105000,0.924,0.003,0.073
105500,0.931,0.004,0.065
106000,0.928,0.003,0.069
106500,0.929,0.004,0.067
107000,0.936,0.003,0.061
107500,0.938,0.003,0.059
108000,0.938,0.002,0.060
108500,0.943,0.002,0.056
109000,0.944,0.002,0.055
109500,0.950,0.002,0.049
110000,0.950,0.002,0.049
110500,0.951,0.001,0.049
111000,0.953,0.001,0.047
111500,0.951,0.001,0.048
112000,0.954,0.000,0.046
112500,0.951,0.000,0.049
113000,0.952,0.000,0.048
113500,0.953,0.000,0.047
114000,0.958,0.001,0.041
114500,0.959,0.001,0.040
115000,0.959,0.001,0.040
115500,0.962,0.001,0.038
116000,0.964,0.000,0.036
116500,0.962,0.000,0.038
117000,0.963,0.000,0.037
117500,0.967,0.000,0.033
118000,0.971,0.000,0.029
118500,0.974,0.000,0.026
119000,0.977,0.001,0.022
119500,0.975,0.001,0.024
120000,0.974,0.001,0.026
120500,0.976,0.001,0.024
121000,0.974,0.001,0.026
121500,0.972,0.001,0.027
122000,0.970,0.001,0.029
122500,0.968,0.002,0.031
123000,0.965,0.002,0.034
123500,0.967,0.001,0.032
124000,0.969,0.001,0.031
124500,0.968,0.001,0.032
125000,0.972,0.000,0.028
125500,0.974,0.000,0.026
126000,0.977,0.000,0.023
126500,0.978,0.000,0.022
127000,0.979,0.000,0.021
127500,0.980,0.000,0.020
128000,0.980,0.000,0.020
128500,0.982,0.000,0.018
129000,0.983,0.000,0.017
129500,0.985,0.000,0.015
130000,0.985,0.000,0.015
130500,0.986,0.000,0.014
131000,0.989,0.000,0.011
131500,0.988,0.000,0.012
132000,0.988,0.000,0.012
132500,0.989,0.000,0.011
133000,0.988,0.000,0.012
133500,0.987,0.000,0.013
134000,0.988,0.000,0.012
134500,0.989,0.000,0.011
135000,0.990,0.000,0.010
135500,0.989,0.000,0.011
136000,0.989,0.000,0.011
136500,0.990,0.000,0.010
137000,0.991,0.000,0.009
137500,0.992,0.000,0.008
138000,0.992,0.000,0.008
138500,0.992,0.000,0.008
139000,0.993,0.000,0.007
139500,0.994,0.000,0.006
140000,0.996,0.000,0.004
140500,0.996,0.000,0.004
141000,0.997,0.000,0.003
141500,0.998,0.000,0.002
142000,0.997,0.000,0.003
142500,0.998,0.000,0.002
143000,0.998,0.000,0.002
143500,0.998,0.000,0.002
144000,0.998,0.000,0.002
144500,0.998,0.000,0.002
145000,0.998,0.000,0.002
145500,0.999,0.000,0.001
146000,0.999,0.000,0.001
146500,0.999,0.000,0.001
147000,0.999,0.000,0.001
147500,1.000,0.000,0.000
148000,1.000,0.000,0.000
148500,0.999,0.000,0.001
149000,0.999,0.000,0.001
149500,1.000,0.000,0.000
150000,1.000,0.000,0.000
150500,1.000,0.000,0.000
151000,1.000,0.000,0.000
