time,n_A+p,n_B,n_AB
500,0.050,0.517,0.433
1000,0.050,0.430,0.520
1500,0.050,0.260,0.690
2000,0.050,0.327,0.623
2500,0.050,0.301,0.649
3000,0.050,0.367,0.583
3500,0.060,0.241,0.699
4000,0.062,0.217,0.721
4500,0.051,0.256,0.693
5000,0.050,0.257,0.693
5500,0.050,0.208,0.742
6000,0.050,0.340,0.610
6500,0.330,0.026,0.644
7000,0.888,0.000,0.112
7500,0.997,0.000,0.003
8000,1.000,0.000,0.000
