time,n_A+p,n_B,n_AB
100,0.355,0.475,0.169
200,0.277,0.483,0.240
300,0.273,0.459,0.269
400,0.281,0.463,0.256
500,0.248,0.467,0.285
600,0.277,0.413,0.310
700,0.252,0.388,0.360
800,0.223,0.434,0.343
900,0.202,0.467,0.331
1000,0.165,0.504,0.331
1100,0.194,0.508,0.298
1200,0.223,0.483,0.293
1300,0.227,0.467,0.306
1400,0.264,0.397,0.339
1500,0.310,0.318,0.372
1600,0.306,0.335,0.360
1700,0.293,0.405,0.302
1800,0.298,0.376,0.326
1900,0.285,0.360,0.355
2000,0.293,0.405,0.302
2100,0.289,0.393,0.318
2200,0.322,0.405,0.273
2300,0.331,0.364,0.306
2400,0.260,0.426,0.314
2500,0.256,0.442,0.302
2600,0.198,0.475,0.326
2700,0.202,0.471,0.326
2800,0.236,0.512,0.252
2900,0.174,0.492,0.335
3000,0.165,0.541,0.293
3100,0.165,0.603,0.231
3200,0.161,0.595,0.244
3300,0.145,0.649,0.207
3400,0.128,0.682,0.190
3500,0.107,0.719,0.174
3600,0.103,0.682,0.215
3700,0.099,0.694,0.207
3800,0.103,0.686,0.211
3900,0.099,0.727,0.174
4000,0.070,0.736,0.194
4100,0.074,0.756,0.169
4200,0.050,0.744,0.207
4300,0.054,0.748,0.198
4400,0.029,0.831,0.140
4500,0.017,0.839,0.145
4600,0.025,0.839,0.136
4700,0.017,0.872,0.112
4800,0.012,0.897,0.091
4900,0.004,0.905,0.091
5000,0.004,0.926,0.070
5100,0.000,0.934,0.066
5200,0.017,0.921,0.062
5300,0.004,0.917,0.079
5400,0.000,0.950,0.050
5500,0.000,0.967,0.033
5600,0.000,0.975,0.025
5700,0.000,0.975,0.025
5800,0.000,0.979,0.021
5900,0.000,0.979,0.021
6000,0.000,0.971,0.029
6100,0.000,0.979,0.021
6200,0.000,0.988,0.012
6300,0.000,0.992,0.008
6400,0.000,0.992,0.008
6500,0.000,0.992,0.008
6600,0.000,0.996,0.004
6700,0.000,0.996,0.004
6800,0.000,0.996,0.004
6900,0.000,0.996,0.004
7000,0.000,0.996,0.004
7100,0.000,0.996,0.004
7200,0.000,1.000,0.000
