time,n_A+p,n_B,n_AB
100,0.030,0.964,0.006
200,0.030,0.962,0.008
300,0.030,0.955,0.015
400,0.030,0.955,0.015
500,0.030,0.950,0.020
600,0.030,0.943,0.027
700,0.030,0.929,0.041
800,0.030,0.925,0.045
900,0.030,0.917,0.053
1000,0.030,0.909,0.061
1100,0.030,0.904,0.066
1200,0.030,0.902,0.068
1300,0.030,0.901,0.069
1400,0.030,0.895,0.075
1500,0.030,0.889,0.081
1600,0.030,0.884,0.086
1700,0.033,0.881,0.086
1800,0.033,0.872,0.095
1900,0.032,0.870,0.098
2000,0.032,0.867,0.101
2100,0.033,0.860,0.107
2200,0.032,0.847,0.121
2300,0.031,0.843,0.126
2400,0.031,0.838,0.131
2500,0.031,0.836,0.133
2600,0.031,0.829,0.140
2700,0.031,0.822,0.147
2800,0.031,0.819,0.150
2900,0.032,0.817,0.151
3000,0.032,0.808,0.160
3100,0.031,0.805,0.164
3200,0.031,0.807,0.162
3300,0.031,0.802,0.167
3400,0.032,0.795,0.173
3500,0.035,0.784,0.181
3600,0.034,0.778,0.188
3700,0.035,0.768,0.197
3800,0.037,0.765,0.198
3900,0.036,0.752,0.212
4000,0.041,0.748,0.211
4100,0.044,0.735,0.221
4200,0.044,0.731,0.225
4300,0.044,0.726,0.230
4400,0.044,0.712,0.244
4500,0.044,0.710,0.246
4600,0.042,0.704,0.254
4700,0.041,0.693,0.266
4800,0.041,0.687,0.272
4900,0.041,0.685,0.274
5000,0.042,0.689,0.269
5100,0.040,0.685,0.275
5200,0.041,0.686,0.273
5300,0.040,0.682,0.278
5400,0.042,0.675,0.283
5500,0.044,0.660,0.296
5600,0.051,0.655,0.294
5700,0.052,0.649,0.299
5800,0.052,0.640,0.308
5900,0.049,0.641,0.310
6000,0.049,0.641,0.310
6100,0.048,0.632,0.320
6200,0.048,0.628,0.324
6300,0.052,0.629,0.319
6400,0.051,0.620,0.329
6500,0.053,0.609,0.338
6600,0.056,0.605,0.339
6700,0.058,0.596,0.346
6800,0.062,0.592,0.346
6900,0.065,0.589,0.346
7000,0.061,0.587,0.352
7100,0.061,0.586,0.353
7200,0.065,0.578,0.357
7300,0.059,0.570,0.371
7400,0.058,0.559,0.383
7500,0.057,0.559,0.384
7600,0.065,0.550,0.385
7700,0.072,0.554,0.374
7800,0.070,0.547,0.383
7900,0.066,0.537,0.397
8000,0.068,0.525,0.407
8100,0.067,0.522,0.411
8200,0.073,0.507,0.420
8300,0.078,0.504,0.418
8400,0.078,0.491,0.431
8500,0.077,0.478,0.445
8600,0.079,0.478,0.443
8700,0.087,0.464,0.449
8800,0.082,0.458,0.460
8900,0.080,0.449,0.471
9000,0.078,0.441,0.481
9100,0.083,0.438,0.479
9200,0.076,0.435,0.489
9300,0.082,0.425,0.493
9400,0.085,0.426,0.489
9500,0.084,0.427,0.489
9600,0.086,0.417,0.497
9700,0.084,0.420,0.496
9800,0.087,0.421,0.492
9900,0.088,0.420,0.492
10000,0.092,0.415,0.493
10100,0.096,0.405,0.499
10200,0.098,0.393,0.509
10300,0.106,0.389,0.505
10400,0.108,0.384,0.508
10500,0.105,0.388,0.507
10600,0.109,0.382,0.509
10700,0.116,0.371,0.513
10800,0.114,0.369,0.517
10900,0.123,0.362,0.515
11000,0.129,0.355,0.516
11100,0.143,0.345,0.512
11200,0.140,0.334,0.526
11300,0.129,0.324,0.547
11400,0.138,0.326,0.536
11500,0.134,0.318,0.548
11600,0.140,0.308,0.552
11700,0.137,0.308,0.555
11800,0.139,0.317,0.544
11900,0.143,0.306,0.551
12000,0.146,0.304,0.550
12100,0.143,0.292,0.565
12200,0.150,0.286,0.564
12300,0.151,0.285,0.564
12400,0.142,0.271,0.587
12500,0.143,0.257,0.600
12600,0.143,0.259,0.598
12700,0.150,0.256,0.594
12800,0.153,0.259,0.588
12900,0.151,0.253,0.596
13000,0.154,0.250,0.596
13100,0.156,0.250,0.594
13200,0.164,0.251,0.585
13300,0.165,0.257,0.578
13400,0.166,0.256,0.578
13500,0.160,0.246,0.594
13600,0.157,0.246,0.597
13700,0.161,0.248,0.591
13800,0.165,0.243,0.592
13900,0.171,0.242,0.587
14000,0.181,0.250,0.569
14100,0.183,0.243,0.574
14200,0.185,0.244,0.571
14300,0.187,0.248,0.565
14400,0.188,0.243,0.569
14500,0.189,0.236,0.575
14600,0.186,0.231,0.583
14700,0.191,0.224,0.585
14800,0.191,0.224,0.585
14900,0.193,0.225,0.582
15000,0.193,0.214,0.593
15100,0.191,0.210,0.599
15200,0.198,0.212,0.590
15300,0.189,0.214,0.597
15400,0.189,0.208,0.603
15500,0.186,0.205,0.609
15600,0.192,0.201,0.607
15700,0.193,0.203,0.604
15800,0.190,0.208,0.602
15900,0.189,0.198,0.613
16000,0.193,0.200,0.607
16100,0.208,0.204,0.588
16200,0.198,0.197,0.605
16300,0.191,0.190,0.619
16400,0.192,0.192,0.616
16500,0.193,0.199,0.608
16600,0.203,0.195,0.602
16700,0.208,0.205,0.587
16800,0.210,0.203,0.587
16900,0.213,0.203,0.584
17000,0.220,0.203,0.577
17100,0.221,0.206,0.573
17200,0.224,0.198,0.578
17300,0.220,0.203,0.577
17400,0.225,0.207,0.568
17500,0.234,0.212,0.554
17600,0.239,0.201,0.560
17700,0.240,0.201,0.559
17800,0.237,0.202,0.561
17900,0.236,0.194,0.570
18000,0.243,0.194,0.563
18100,0.246,0.189,0.565
18200,0.241,0.183,0.576
18300,0.244,0.177,0.579
18400,0.243,0.179,0.578
18500,0.243,0.168,0.589
18600,0.232,0.169,0.599
18700,0.236,0.170,0.594
18800,0.230,0.166,0.604
18900,0.230,0.167,0.603
19000,0.241,0.161,0.598
19100,0.243,0.158,0.599
19200,0.251,0.159,0.590
19300,0.254,0.166,0.580
19400,0.247,0.169,0.584
19500,0.242,0.161,0.597
19600,0.245,0.164,0.591
19700,0.254,0.177,0.569
19800,0.247,0.186,0.567
19900,0.245,0.186,0.569
20000,0.249,0.184,0.567
20100,0.240,0.175,0.585
20200,0.243,0.177,0.580
20300,0.242,0.188,0.570
20400,0.233,0.179,0.588
20500,0.231,0.192,0.577
20600,0.224,0.195,0.581
20700,0.235,0.200,0.565
20800,0.231,0.195,0.574
20900,0.233,0.200,0.567
21000,0.241,0.190,0.569
21100,0.245,0.196,0.559
21200,0.253,0.196,0.551
21300,0.262,0.203,0.535
21400,0.266,0.201,0.533
21500,0.269,0.189,0.542
21600,0.268,0.188,0.544
21700,0.267,0.183,0.550
21800,0.256,0.179,0.565
21900,0.262,0.175,0.563
22000,0.260,0.180,0.560
22100,0.258,0.174,0.568
22200,0.241,0.181,0.578
22300,0.240,0.192,0.568
22400,0.241,0.184,0.575
22500,0.235,0.190,0.575
22600,0.233,0.198,0.569
22700,0.241,0.188,0.571
22800,0.241,0.197,0.562
22900,0.248,0.196,0.556
23000,0.253,0.203,0.544
23100,0.253,0.202,0.545
23200,0.247,0.204,0.549
23300,0.236,0.194,0.570
23400,0.237,0.186,0.577
23500,0.238,0.186,0.576
23600,0.240,0.181,0.579
23700,0.239,0.178,0.583
23800,0.236,0.181,0.583
23900,0.235,0.178,0.587
24000,0.221,0.174,0.605
24100,0.220,0.179,0.601
24200,0.225,0.177,0.598
24300,0.218,0.172,0.610
24400,0.228,0.165,0.607
24500,0.236,0.162,0.602
24600,0.237,0.155,0.608
24700,0.238,0.150,0.612
24800,0.237,0.147,0.616
24900,0.231,0.148,0.621
25000,0.226,0.151,0.623
25100,0.240,0.154,0.606
25200,0.238,0.156,0.606
25300,0.233,0.163,0.604
25400,0.242,0.165,0.593
25500,0.237,0.165,0.598
25600,0.236,0.161,0.603
25700,0.236,0.164,0.600
25800,0.228,0.163,0.609
25900,0.230,0.157,0.613
26000,0.238,0.152,0.610
26100,0.245,0.153,0.602
26200,0.247,0.161,0.592
26300,0.252,0.164,0.584
26400,0.238,0.159,0.603
26500,0.238,0.165,0.597
26600,0.235,0.170,0.595
26700,0.245,0.160,0.595
26800,0.239,0.147,0.614
26900,0.251,0.148,0.601
27000,0.247,0.155,0.598
27100,0.238,0.152,0.610
27200,0.240,0.146,0.614
27300,0.233,0.145,0.622
27400,0.246,0.151,0.603
27500,0.242,0.154,0.604
27600,0.245,0.157,0.598
27700,0.255,0.153,0.592
27800,0.258,0.156,0.586
27900,0.250,0.161,0.589
28000,0.246,0.160,0.594
28100,0.254,0.152,0.594
28200,0.263,0.155,0.582
28300,0.257,0.163,0.580
28400,0.257,0.167,0.576
28500,0.253,0.159,0.588
28600,0.250,0.155,0.595
28700,0.241,0.156,0.603
28800,0.242,0.152,0.606
28900,0.248,0.149,0.603
29000,0.259,0.152,0.589
29100,0.263,0.153,0.584
29200,0.254,0.153,0.593
29300,0.252,0.153,0.595
29400,0.249,0.157,0.594
29500,0.242,0.160,0.598
29600,0.236,0.154,0.610
29700,0.233,0.150,0.617
29800,0.230,0.156,0.614
29900,0.223,0.159,0.618
30000,0.227,0.171,0.602
30100,0.229,0.177,0.594
30200,0.232,0.172,0.596
30300,0.232,0.177,0.591
30400,0.238,0.179,0.583
30500,0.233,0.175,0.592
30600,0.231,0.179,0.590
30700,0.228,0.178,0.594
30800,0.226,0.178,0.596
30900,0.230,0.169,0.601
31000,0.224,0.161,0.615
31100,0.234,0.161,0.605
31200,0.238,0.152,0.610
31300,0.243,0.150,0.607
31400,0.250,0.152,0.598
31500,0.241,0.150,0.609
31600,0.236,0.151,0.613
31700,0.236,0.150,0.614
31800,0.236,0.149,0.615
31900,0.238,0.155,0.607
32000,0.242,0.158,0.600
32100,0.240,0.158,0.602
32200,0.237,0.159,0.604
32300,0.221,0.159,0.620
32400,0.224,0.158,0.618
32500,0.229,0.162,0.609
32600,0.221,0.159,0.620
32700,0.226,0.153,0.621
32800,0.234,0.147,0.619
32900,0.233,0.146,0.621
33000,0.228,0.153,0.619
33100,0.233,0.160,0.607
33200,0.232,0.160,0.608
33300,0.236,0.162,0.602
33400,0.244,0.167,0.589
33500,0.241,0.167,0.592
33600,0.237,0.165,0.598
33700,0.238,0.165,0.597
33800,0.237,0.170,0.593
33900,0.223,0.178,0.599
34000,0.223,0.179,0.598
34100,0.216,0.177,0.607
34200,0.216,0.178,0.606
34300,0.217,0.179,0.604
34400,0.223,0.189,0.588
34500,0.217,0.180,0.603
34600,0.227,0.177,0.596
34700,0.229,0.172,0.599
34800,0.232,0.185,0.583
34900,0.224,0.192,0.584
35000,0.226,0.184,0.590
35100,0.230,0.185,0.585
35200,0.232,0.195,0.573
35300,0.234,0.196,0.570
35400,0.232,0.187,0.581
35500,0.231,0.178,0.591
35600,0.223,0.172,0.605
35700,0.218,0.188,0.594
35800,0.211,0.189,0.600
35900,0.209,0.192,0.599
36000,0.217,0.191,0.592
36100,0.229,0.187,0.584
36200,0.229,0.172,0.599
36300,0.227,0.169,0.604
36400,0.226,0.164,0.610
36500,0.227,0.170,0.603
36600,0.233,0.185,0.582
36700,0.238,0.180,0.582
36800,0.233,0.166,0.601
36900,0.223,0.168,0.609
37000,0.230,0.167,0.603
37100,0.230,0.166,0.604
37200,0.238,0.159,0.603
37300,0.247,0.166,0.587
37400,0.243,0.160,0.597
37500,0.243,0.165,0.592
37600,0.251,0.158,0.591
37700,0.251,0.174,0.575
37800,0.253,0.166,0.581
37900,0.263,0.174,0.563
38000,0.254,0.179,0.567
38100,0.245,0.175,0.580
38200,0.241,0.171,0.588
38300,0.243,0.172,0.585
38400,0.247,0.168,0.585
38500,0.254,0.169,0.577
38600,0.251,0.160,0.589
38700,0.246,0.162,0.592
38800,0.256,0.159,0.585
38900,0.251,0.161,0.588
39000,0.262,0.168,0.570
39100,0.273,0.163,0.564
39200,0.273,0.159,0.568
39300,0.277,0.152,0.571
39400,0.273,0.150,0.577
39500,0.267,0.157,0.576
39600,0.266,0.148,0.586
39700,0.270,0.141,0.589
39800,0.268,0.132,0.600
39900,0.264,0.127,0.609
40000,0.257,0.126,0.617
40100,0.249,0.125,0.626
40200,0.256,0.126,0.618
40300,0.257,0.120,0.623
40400,0.263,0.127,0.610
40500,0.269,0.131,0.600
40600,0.265,0.135,0.600
40700,0.263,0.133,0.604
40800,0.256,0.141,0.603
40900,0.256,0.148,0.596
41000,0.259,0.144,0.597
41100,0.252,0.153,0.595
41200,0.249,0.159,0.592
41300,0.241,0.154,0.605
41400,0.244,0.151,0.605
41500,0.241,0.149,0.610
41600,0.234,0.144,0.622
41700,0.229,0.147,0.624
41800,0.233,0.152,0.615
41900,0.232,0.148,0.620
42000,0.227,0.159,0.614
42100,0.233,0.152,0.615
42200,0.223,0.147,0.630
42300,0.223,0.140,0.637
42400,0.229,0.142,0.629
42500,0.231,0.142,0.627
42600,0.236,0.138,0.626
42700,0.230,0.145,0.625
42800,0.229,0.151,0.620
42900,0.227,0.151,0.622
43000,0.223,0.154,0.623
43100,0.222,0.154,0.624
43200,0.220,0.156,0.624
43300,0.224,0.147,0.629
43400,0.226,0.156,0.618
43500,0.223,0.155,0.622
43600,0.231,0.156,0.613
43700,0.234,0.161,0.605
43800,0.226,0.165,0.609
43900,0.226,0.157,0.617
44000,0.220,0.153,0.627
44100,0.212,0.148,0.640
44200,0.221,0.143,0.636
44300,0.220,0.138,0.642
44400,0.223,0.138,0.639
44500,0.233,0.134,0.633
44600,0.229,0.137,0.634
44700,0.234,0.139,0.627
44800,0.234,0.145,0.621
44900,0.231,0.152,0.617
45000,0.231,0.154,0.615
45100,0.238,0.156,0.606
45200,0.242,0.147,0.611
45300,0.235,0.149,0.616
45400,0.226,0.150,0.624
45500,0.226,0.154,0.620
45600,0.225,0.154,0.621
45700,0.222,0.159,0.619
45800,0.227,0.162,0.611
45900,0.230,0.157,0.613
46000,0.237,0.160,0.603
46100,0.233,0.166,0.601
46200,0.241,0.167,0.592
46300,0.233,0.175,0.592
46400,0.239,0.168,0.593
46500,0.241,0.174,0.585
46600,0.248,0.166,0.586
46700,0.256,0.162,0.582
46800,0.259,0.161,0.580
46900,0.254,0.167,0.579
47000,0.255,0.173,0.572
47100,0.268,0.167,0.565
47200,0.269,0.165,0.566
47300,0.260,0.167,0.573
47400,0.250,0.180,0.570
47500,0.244,0.184,0.572
47600,0.248,0.184,0.568
47700,0.246,0.187,0.567
47800,0.257,0.190,0.553
47900,0.258,0.178,0.564
48000,0.261,0.176,0.563
48100,0.274,0.178,0.548
48200,0.272,0.176,0.552
48300,0.267,0.179,0.554
48400,0.262,0.177,0.561
48500,0.262,0.186,0.552
48600,0.273,0.180,0.547
48700,0.265,0.173,0.562
48800,0.265,0.174,0.561
48900,0.269,0.175,0.556
49000,0.276,0.167,0.557
49100,0.272,0.171,0.557
49200,0.269,0.170,0.561
49300,0.262,0.159,0.579
49400,0.256,0.167,0.577
49500,0.251,0.163,0.586
49600,0.249,0.159,0.592
49700,0.243,0.171,0.586
49800,0.243,0.173,0.584
49900,0.243,0.166,0.591
50000,0.250,0.162,0.588
50100,0.249,0.164,0.587
50200,0.254,0.173,0.573
50300,0.255,0.169,0.576
50400,0.255,0.164,0.581
50500,0.258,0.167,0.575
50600,0.262,0.167,0.571
50700,0.257,0.158,0.585
50800,0.253,0.152,0.595
50900,0.250,0.154,0.596
51000,0.243,0.156,0.601
51100,0.237,0.156,0.607
51200,0.248,0.164,0.588
51300,0.253,0.165,0.582
51400,0.256,0.156,0.588
51500,0.260,0.159,0.581
51600,0.270,0.156,0.574
51700,0.265,0.160,0.575
51800,0.265,0.160,0.575
51900,0.262,0.155,0.583
52000,0.267,0.156,0.577
52100,0.270,0.158,0.572
52200,0.268,0.155,0.577
52300,0.273,0.155,0.572
52400,0.267,0.152,0.581
52500,0.268,0.151,0.581
52600,0.274,0.150,0.576
52700,0.273,0.149,0.578
52800,0.280,0.143,0.577
52900,0.271,0.147,0.582
53000,0.262,0.151,0.587
53100,0.262,0.152,0.586
53200,0.255,0.149,0.596
53300,0.245,0.152,0.603
53400,0.244,0.151,0.605
53500,0.250,0.142,0.608
53600,0.249,0.139,0.612
53700,0.253,0.147,0.600
53800,0.272,0.145,0.583
53900,0.268,0.142,0.590
54000,0.262,0.141,0.597
54100,0.270,0.134,0.596
54200,0.265,0.139,0.596
54300,0.267,0.137,0.596
54400,0.264,0.138,0.598
54500,0.266,0.134,0.600
54600,0.266,0.138,0.596
54700,0.274,0.145,0.581
54800,0.261,0.135,0.604
54900,0.267,0.141,0.592
55000,0.273,0.147,0.580
55100,0.283,0.156,0.561
55200,0.272,0.158,0.570
55300,0.274,0.168,0.558
55400,0.278,0.171,0.551
55500,0.278,0.170,0.552
55600,0.266,0.174,0.560
55700,0.268,0.177,0.555
55800,0.268,0.177,0.555
55900,0.254,0.174,0.572
56000,0.259,0.172,0.569
56100,0.256,0.167,0.577
56200,0.256,0.159,0.585
56300,0.266,0.152,0.582
56400,0.277,0.155,0.568
56500,0.273,0.159,0.568
56600,0.273,0.156,0.571
56700,0.271,0.153,0.576
56800,0.273,0.153,0.574
56900,0.275,0.155,0.570
57000,0.264,0.161,0.575
57100,0.264,0.166,0.570
57200,0.263,0.166,0.571
57300,0.265,0.185,0.550
57400,0.268,0.194,0.538
57500,0.266,0.195,0.539
57600,0.262,0.189,0.549
57700,0.257,0.184,0.559
57800,0.258,0.186,0.556
57900,0.265,0.190,0.545
58000,0.270,0.186,0.544
58100,0.282,0.186,0.532
58200,0.276,0.182,0.542
58300,0.279,0.182,0.539
58400,0.277,0.179,0.544
58500,0.275,0.182,0.543
58600,0.262,0.185,0.553
58700,0.257,0.184,0.559
58800,0.259,0.179,0.562
58900,0.263,0.174,0.563
59000,0.262,0.167,0.571
59100,0.262,0.159,0.579
59200,0.258,0.166,0.576
59300,0.263,0.167,0.570
59400,0.258,0.156,0.586
59500,0.266,0.163,0.571
59600,0.268,0.160,0.572
59700,0.265,0.155,0.580
59800,0.257,0.148,0.595
59900,0.264,0.149,0.587
60000,0.257,0.149,0.594
60100,0.263,0.145,0.592
60200,0.265,0.153,0.582
60300,0.268,0.148,0.584
60400,0.263,0.143,0.594
60500,0.266,0.148,0.586
60600,0.278,0.155,0.567
60700,0.273,0.153,0.574
60800,0.273,0.148,0.579
60900,0.277,0.157,0.566
61000,0.272,0.161,0.567
61100,0.264,0.161,0.575
61200,0.264,0.167,0.569
61300,0.249,0.163,0.588
61400,0.244,0.159,0.597
61500,0.239,0.155,0.606
61600,0.237,0.158,0.605
61700,0.235,0.157,0.608
61800,0.234,0.154,0.612
61900,0.235,0.164,0.601
62000,0.238,0.163,0.599
62100,0.239,0.168,0.593
62200,0.232,0.165,0.603
62300,0.241,0.169,0.590
62400,0.233,0.175,0.592
62500,0.239,0.176,0.585
62600,0.259,0.168,0.573
62700,0.256,0.155,0.589
62800,0.255,0.165,0.580
62900,0.247,0.162,0.591
63000,0.247,0.160,0.593
63100,0.248,0.149,0.603
63200,0.251,0.148,0.601
63300,0.260,0.136,0.604
63400,0.260,0.140,0.600
63500,0.262,0.135,0.603
63600,0.268,0.127,0.605
63700,0.271,0.121,0.608
63800,0.266,0.123,0.611
63900,0.266,0.124,0.610
64000,0.259,0.130,0.611
64100,0.258,0.137,0.605
64200,0.251,0.136,0.613
64300,0.256,0.134,0.610
64400,0.256,0.129,0.615
64500,0.249,0.138,0.613
64600,0.252,0.141,0.607
64700,0.247,0.146,0.607
64800,0.243,0.144,0.613
64900,0.245,0.143,0.612
65000,0.252,0.140,0.608
65100,0.253,0.142,0.605
65200,0.258,0.138,0.604
65300,0.261,0.139,0.600
65400,0.263,0.140,0.597
65500,0.263,0.148,0.589
65600,0.256,0.144,0.600
65700,0.273,0.148,0.579
65800,0.269,0.150,0.581
65900,0.274,0.145,0.581
66000,0.284,0.147,0.569
66100,0.279,0.140,0.581
66200,0.272,0.142,0.586
66300,0.276,0.147,0.577
66400,0.273,0.138,0.589
66500,0.281,0.137,0.582
66600,0.284,0.130,0.586
66700,0.286,0.135,0.579
66800,0.293,0.134,0.573
66900,0.294,0.135,0.571
67000,0.293,0.135,0.572
67100,0.290,0.128,0.582
67200,0.279,0.125,0.596
67300,0.287,0.130,0.583
67400,0.288,0.131,0.581
67500,0.287,0.129,0.584
67600,0.290,0.129,0.581
67700,0.284,0.124,0.592
67800,0.283,0.122,0.595
67900,0.288,0.124,0.588
68000,0.282,0.113,0.605
68100,0.284,0.110,0.606
68200,0.288,0.107,0.605
68300,0.293,0.105,0.602
68400,0.292,0.110,0.598
68500,0.292,0.114,0.594
68600,0.291,0.120,0.589
68700,0.295,0.122,0.583
68800,0.304,0.123,0.573
68900,0.302,0.116,0.582
69000,0.299,0.114,0.587
69100,0.300,0.110,0.590
69200,0.306,0.115,0.579
69300,0.302,0.120,0.578
69400,0.303,0.115,0.582
69500,0.312,0.129,0.559
69600,0.307,0.125,0.568
69700,0.304,0.127,0.569
69800,0.313,0.117,0.570
69900,0.312,0.121,0.567
70000,0.318,0.125,0.557
70100,0.320,0.126,0.554
70200,0.315,0.126,0.559
70300,0.317,0.116,0.567
70400,0.320,0.120,0.560
70500,0.318,0.120,0.562
70600,0.313,0.125,0.562
70700,0.317,0.124,0.559
70800,0.315,0.131,0.554
70900,0.309,0.139,0.552
71000,0.303,0.136,0.561
71100,0.300,0.132,0.568
71200,0.297,0.133,0.570
71300,0.292,0.129,0.579
71400,0.293,0.127,0.580
71500,0.296,0.133,0.571
71600,0.294,0.129,0.577
71700,0.291,0.126,0.583
71800,0.289,0.117,0.594
71900,0.287,0.114,0.599
72000,0.300,0.117,0.583
72100,0.301,0.121,0.578
72200,0.313,0.112,0.575
72300,0.323,0.112,0.565
72400,0.327,0.104,0.569
72500,0.325,0.102,0.573
72600,0.320,0.103,0.577
72700,0.326,0.095,0.579
72800,0.316,0.103,0.581
72900,0.316,0.105,0.579
73000,0.317,0.105,0.578
73100,0.307,0.111,0.582
73200,0.304,0.115,0.581
73300,0.307,0.125,0.568
73400,0.302,0.134,0.564
73500,0.299,0.138,0.563
73600,0.310,0.135,0.555
73700,0.304,0.142,0.554
73800,0.300,0.135,0.565
73900,0.299,0.133,0.568
74000,0.310,0.131,0.559
74100,0.306,0.122,0.572
74200,0.311,0.117,0.572
74300,0.310,0.108,0.582
74400,0.306,0.109,0.585
74500,0.318,0.105,0.577
74600,0.315,0.113,0.572
74700,0.310,0.108,0.582
74800,0.305,0.107,0.588
74900,0.308,0.112,0.580
75000,0.321,0.110,0.569
75100,0.310,0.105,0.585
75200,0.307,0.109,0.584
75300,0.302,0.120,0.578
75400,0.313,0.127,0.560
75500,0.322,0.134,0.544
75600,0.320,0.131,0.549
75700,0.321,0.125,0.554
75800,0.327,0.122,0.551
75900,0.324,0.118,0.558
76000,0.330,0.122,0.548
76100,0.326,0.123,0.551
76200,0.326,0.129,0.545
76300,0.318,0.129,0.553
76400,0.314,0.132,0.554
76500,0.308,0.137,0.555
76600,0.313,0.132,0.555
76700,0.303,0.141,0.556
76800,0.299,0.134,0.567
76900,0.306,0.138,0.556
77000,0.302,0.146,0.552
77100,0.304,0.143,0.553
77200,0.300,0.147,0.553
77300,0.296,0.157,0.547
77400,0.295,0.153,0.552
77500,0.295,0.151,0.554
77600,0.296,0.142,0.562
77700,0.299,0.135,0.566
77800,0.303,0.140,0.557
77900,0.284,0.138,0.578
78000,0.277,0.137,0.586
78100,0.281,0.142,0.577
78200,0.280,0.138,0.582
78300,0.288,0.134,0.578
78400,0.292,0.128,0.580
78500,0.294,0.131,0.575
78600,0.299,0.135,0.566
78700,0.295,0.130,0.575
78800,0.295,0.134,0.571
78900,0.295,0.138,0.567
79000,0.293,0.144,0.563
79100,0.291,0.142,0.567
79200,0.294,0.143,0.563
79300,0.292,0.148,0.560
79400,0.293,0.148,0.559
79500,0.279,0.149,0.572
79600,0.280,0.143,0.577
79700,0.282,0.145,0.573
79800,0.279,0.147,0.574
79900,0.278,0.138,0.584
80000,0.279,0.142,0.579
80100,0.275,0.143,0.582
80200,0.275,0.138,0.587
80300,0.278,0.138,0.584
80400,0.282,0.137,0.581
80500,0.278,0.140,0.582
80600,0.277,0.138,0.585
80700,0.261,0.135,0.604
80800,0.257,0.135,0.608
80900,0.254,0.135,0.611
81000,0.252,0.137,0.611
81100,0.244,0.145,0.611
81200,0.251,0.146,0.603
81300,0.255,0.156,0.589
81400,0.256,0.156,0.588
81500,0.261,0.157,0.582
81600,0.257,0.156,0.587
81700,0.256,0.153,0.591
81800,0.257,0.149,0.594
81900,0.257,0.157,0.586
82000,0.261,0.154,0.585
82100,0.264,0.149,0.587
82200,0.266,0.147,0.587
82300,0.254,0.143,0.603
82400,0.257,0.137,0.606
82500,0.260,0.124,0.616
82600,0.261,0.119,0.620
82700,0.271,0.118,0.611
82800,0.272,0.122,0.606
82900,0.278,0.119,0.603
83000,0.272,0.126,0.602
83100,0.279,0.122,0.599
83200,0.274,0.121,0.605
83300,0.281,0.115,0.604
83400,0.273,0.115,0.612
83500,0.278,0.133,0.589
83600,0.286,0.130,0.584
83700,0.290,0.129,0.581
83800,0.293,0.135,0.572
83900,0.289,0.134,0.577
84000,0.279,0.137,0.584
84100,0.288,0.132,0.580
84200,0.288,0.130,0.582
84300,0.289,0.123,0.588
84400,0.284,0.123,0.593
84500,0.294,0.127,0.579
84600,0.303,0.125,0.572
84700,0.310,0.124,0.566
84800,0.315,0.114,0.571
84900,0.325,0.120,0.555
85000,0.322,0.127,0.551
85100,0.318,0.130,0.552
85200,0.319,0.129,0.552
85300,0.325,0.130,0.545
85400,0.322,0.126,0.552
85500,0.316,0.130,0.554
85600,0.320,0.129,0.551
85700,0.312,0.123,0.565
85800,0.312,0.120,0.568
85900,0.322,0.115,0.563
86000,0.322,0.108,0.570
86100,0.315,0.106,0.579
86200,0.311,0.102,0.587
86300,0.319,0.102,0.579
86400,0.314,0.099,0.587
86500,0.304,0.102,0.594
86600,0.301,0.097,0.602
86700,0.298,0.096,0.606
86800,0.298,0.098,0.604
86900,0.294,0.097,0.609
87000,0.308,0.106,0.586
87100,0.301,0.107,0.592
87200,0.307,0.118,0.575
87300,0.313,0.119,0.568
87400,0.316,0.128,0.556
87500,0.311,0.124,0.565
87600,0.311,0.122,0.567
87700,0.308,0.126,0.566
87800,0.300,0.116,0.584
87900,0.291,0.116,0.593
88000,0.291,0.118,0.591
88100,0.300,0.117,0.583
88200,0.309,0.109,0.582
88300,0.313,0.101,0.586
88400,0.309,0.106,0.585
88500,0.309,0.109,0.582
88600,0.316,0.098,0.586
88700,0.326,0.098,0.576
88800,0.320,0.097,0.583
88900,0.319,0.096,0.585
89000,0.314,0.099,0.587
89100,0.311,0.100,0.589
89200,0.313,0.099,0.588
89300,0.315,0.100,0.585
89400,0.320,0.092,0.588
89500,0.321,0.092,0.587
89600,0.318,0.095,0.587
89700,0.314,0.090,0.596
89800,0.313,0.087,0.600
89900,0.316,0.086,0.598
90000,0.303,0.084,0.613
90100,0.309,0.083,0.608
90200,0.308,0.082,0.610
90300,0.308,0.084,0.608
90400,0.310,0.083,0.607
90500,0.304,0.088,0.608
90600,0.300,0.093,0.607
90700,0.294,0.083,0.623
90800,0.295,0.100,0.605
90900,0.299,0.108,0.593
91000,0.296,0.111,0.593
91100,0.286,0.115,0.599
91200,0.298,0.122,0.580
91300,0.295,0.125,0.580
91400,0.302,0.129,0.569
91500,0.306,0.127,0.567
91600,0.307,0.139,0.554
91700,0.299,0.139,0.562
91800,0.306,0.147,0.547
91900,0.312,0.142,0.546
92000,0.302,0.135,0.563
92100,0.291,0.129,0.580
92200,0.301,0.130,0.569
92300,0.303,0.130,0.567
92400,0.301,0.123,0.576
92500,0.309,0.115,0.576
92600,0.317,0.116,0.567
92700,0.304,0.113,0.583
92800,0.304,0.114,0.582
92900,0.300,0.118,0.582
93000,0.302,0.114,0.584
93100,0.301,0.114,0.585
93200,0.292,0.113,0.595
93300,0.294,0.111,0.595
93400,0.290,0.112,0.598
93500,0.288,0.118,0.594
93600,0.294,0.121,0.585
93700,0.293,0.120,0.587
93800,0.292,0.119,0.589
93900,0.296,0.118,0.586
94000,0.294,0.123,0.583
94100,0.297,0.123,0.580
94200,0.306,0.127,0.567
94300,0.288,0.127,0.585
94400,0.287,0.137,0.576
94500,0.289,0.139,0.572
94600,0.295,0.143,0.562
94700,0.300,0.143,0.557
94800,0.301,0.143,0.556
94900,0.305,0.145,0.550
95000,0.308,0.132,0.560
95100,0.311,0.131,0.558
95200,0.319,0.122,0.559
95300,0.316,0.125,0.559
95400,0.300,0.129,0.571
95500,0.300,0.128,0.572
95600,0.300,0.130,0.570
95700,0.301,0.133,0.566
95800,0.298,0.132,0.570
95900,0.304,0.132,0.564
96000,0.306,0.127,0.567
96100,0.300,0.120,0.580
96200,0.308,0.122,0.570
96300,0.311,0.125,0.564
96400,0.310,0.123,0.567
96500,0.318,0.133,0.549
96600,0.317,0.135,0.548
96700,0.321,0.135,0.544
96800,0.316,0.137,0.547
96900,0.313,0.129,0.558
97000,0.311,0.126,0.563
97100,0.313,0.129,0.558
97200,0.315,0.130,0.555
97300,0.313,0.136,0.551
97400,0.312,0.129,0.559
97500,0.314,0.129,0.557
97600,0.305,0.133,0.562
97700,0.305,0.135,0.560
97800,0.295,0.135,0.570
97900,0.304,0.137,0.559
98000,0.320,0.141,0.539
98100,0.310,0.138,0.552
98200,0.316,0.137,0.547
98300,0.307,0.128,0.565
98400,0.317,0.126,0.557
98500,0.319,0.120,0.561
98600,0.313,0.119,0.568
98700,0.318,0.110,0.572
98800,0.320,0.108,0.572
98900,0.327,0.113,0.560
99000,0.332,0.108,0.560
99100,0.330,0.112,0.558
99200,0.328,0.116,0.556
99300,0.325,0.120,0.555
99400,0.328,0.122,0.550
99500,0.328,0.128,0.544
99600,0.329,0.135,0.536
99700,0.328,0.135,0.537
99800,0.323,0.132,0.545
99900,0.326,0.130,0.544
100000,0.326,0.127,0.547
