time,n_A+p,n_B,n_AB
0,0.009,0.991,0.000
500,0.009,0.991,0.000
1000,0.009,0.991,0.000
1500,0.009,0.954,0.037
2000,0.009,0.894,0.097
2500,0.014,0.903,0.083
3000,0.009,0.866,0.124
3500,0.009,0.811,0.180
4000,0.037,0.714,0.249
4500,0.037,0.604,0.359
5000,0.051,0.571,0.378
5500,0.041,0.618,0.341
6000,0.051,0.594,0.355
6500,0.041,0.608,0.350
7000,0.060,0.544,0.396
7500,0.074,0.562,0.364
8000,0.074,0.553,0.373
8500,0.078,0.535,0.387
9000,0.078,0.438,0.484
9500,0.115,0.516,0.369
10000,0.120,0.456,0.424
10500,0.138,0.465,0.396
11000,0.111,0.479,0.410
11500,0.115,0.452,0.433
12000,0.171,0.392,0.438
12500,0.129,0.438,0.433
13000,0.120,0.498,0.382
13500,0.189,0.406,0.406
14000,0.217,0.318,0.465
14500,0.207,0.300,0.493
15000,0.286,0.244,0.470
15500,0.392,0.157,0.452
16000,0.258,0.217,0.525
16500,0.184,0.332,0.484
17000,0.161,0.359,0.479
17500,0.166,0.336,0.498
18000,0.189,0.286,0.525
18500,0.184,0.281,0.535
19000,0.235,0.286,0.479
19500,0.267,0.212,0.521
20000,0.382,0.157,0.461
20500,0.355,0.189,0.456
21000,0.336,0.180,0.484
21500,0.249,0.253,0.498
22000,0.304,0.267,0.429
22500,0.249,0.194,0.558
23000,0.295,0.235,0.470
23500,0.369,0.171,0.461
24000,0.217,0.272,0.512
24500,0.221,0.267,0.512
25000,0.249,0.240,0.512
25500,0.212,0.226,0.562
26000,0.272,0.221,0.507
26500,0.309,0.184,0.507
27000,0.318,0.180,0.502
27500,0.369,0.157,0.475
28000,0.332,0.189,0.479
28500,0.300,0.226,0.475
29000,0.304,0.198,0.498
29500,0.350,0.138,0.512
30000,0.336,0.180,0.484
30500,0.350,0.212,0.438
31000,0.323,0.180,0.498
31500,0.258,0.184,0.558
32000,0.276,0.221,0.502
32500,0.336,0.175,0.488
33000,0.392,0.198,0.410
33500,0.373,0.180,0.447
34000,0.332,0.166,0.502
34500,0.295,0.226,0.479
35000,0.281,0.175,0.544
35500,0.309,0.194,0.498
36000,0.313,0.226,0.461
36500,0.300,0.212,0.488
37000,0.281,0.235,0.484
37500,0.304,0.235,0.461
38000,0.332,0.263,0.406
38500,0.396,0.147,0.456
39000,0.327,0.217,0.456
39500,0.313,0.203,0.484
40000,0.350,0.147,0.502
40500,0.401,0.161,0.438
41000,0.433,0.088,0.479
41500,0.456,0.092,0.452
42000,0.392,0.157,0.452
42500,0.300,0.189,0.512
43000,0.346,0.171,0.484
43500,0.406,0.235,0.359
44000,0.346,0.171,0.484
44500,0.382,0.171,0.447
45000,0.364,0.175,0.461
45500,0.369,0.138,0.493
46000,0.433,0.106,0.461
46500,0.456,0.097,0.447
47000,0.484,0.060,0.456
47500,0.465,0.106,0.429
48000,0.433,0.097,0.470
48500,0.525,0.078,0.396
49000,0.484,0.120,0.396
49500,0.429,0.147,0.424
50000,0.452,0.115,0.433
50500,0.461,0.111,0.429
51000,0.369,0.198,0.433
51500,0.313,0.240,0.447
52000,0.309,0.235,0.456
52500,0.267,0.249,0.484
53000,0.235,0.304,0.461
53500,0.226,0.304,0.470
54000,0.359,0.161,0.479
54500,0.447,0.115,0.438
55000,0.341,0.106,0.553
55500,0.392,0.120,0.488
56000,0.346,0.157,0.498
56500,0.355,0.180,0.465
57000,0.442,0.074,0.484
57500,0.433,0.106,0.461
58000,0.346,0.143,0.512
58500,0.327,0.194,0.479
59000,0.406,0.147,0.447
59500,0.346,0.143,0.512
60000,0.346,0.166,0.488
60500,0.387,0.111,0.502
61000,0.470,0.088,0.442
61500,0.452,0.106,0.442
62000,0.447,0.055,0.498
62500,0.525,0.074,0.401
63000,0.562,0.097,0.341
63500,0.618,0.060,0.323
64000,0.576,0.051,0.373
64500,0.502,0.115,0.382
65000,0.479,0.097,0.424
65500,0.479,0.120,0.401
66000,0.608,0.055,0.336
66500,0.594,0.051,0.355
67000,0.599,0.055,0.346
67500,0.668,0.032,0.300
68000,0.742,0.041,0.217
68500,0.733,0.018,0.249
69000,0.751,0.014,0.235
69500,0.802,0.023,0.175
70000,0.783,0.009,0.207
70500,0.843,0.005,0.152
71000,0.797,0.014,0.189
71500,0.779,0.023,0.198
72000,0.714,0.032,0.253
72500,0.659,0.023,0.318
73000,0.705,0.014,0.281
73500,0.668,0.028,0.304
74000,0.636,0.055,0.309
74500,0.512,0.069,0.419
75000,0.608,0.032,0.359
75500,0.558,0.101,0.341
76000,0.535,0.065,0.401
76500,0.484,0.055,0.461
77000,0.544,0.069,0.387
77500,0.521,0.074,0.406
78000,0.631,0.060,0.309
78500,0.728,0.009,0.263
79000,0.719,0.009,0.272
79500,0.825,0.005,0.171
80000,0.783,0.005,0.212
80500,0.765,0.018,0.217
81000,0.770,0.018,0.212
81500,0.724,0.032,0.244
82000,0.650,0.051,0.300
82500,0.424,0.101,0.475
83000,0.378,0.129,0.493
83500,0.359,0.198,0.442
84000,0.309,0.198,0.493
84500,0.323,0.198,0.479
85000,0.295,0.171,0.535
85500,0.281,0.134,0.585
86000,0.369,0.101,0.530
86500,0.318,0.147,0.535
87000,0.300,0.171,0.530
87500,0.387,0.115,0.498
88000,0.507,0.083,0.410
88500,0.470,0.097,0.433
89000,0.452,0.092,0.456
89500,0.410,0.088,0.502
90000,0.433,0.161,0.406
90500,0.406,0.124,0.470
91000,0.475,0.083,0.442
91500,0.424,0.129,0.447
92000,0.429,0.101,0.470
92500,0.442,0.097,0.461
93000,0.332,0.152,0.516
93500,0.318,0.217,0.465
94000,0.341,0.175,0.484
94500,0.332,0.212,0.456
95000,0.295,0.198,0.507
95500,0.267,0.226,0.507
96000,0.382,0.106,0.512
96500,0.539,0.088,0.373
97000,0.535,0.078,0.387
97500,0.512,0.083,0.406
98000,0.479,0.083,0.438
98500,0.461,0.124,0.415
99000,0.488,0.092,0.419
99500,0.535,0.092,0.373
100000,0.415,0.111,0.475
100500,0.341,0.147,0.512
101000,0.419,0.111,0.470
101500,0.392,0.147,0.461
102000,0.346,0.171,0.484
102500,0.286,0.171,0.544
103000,0.336,0.184,0.479
103500,0.341,0.184,0.475
104000,0.327,0.171,0.502
104500,0.327,0.194,0.479
105000,0.281,0.230,0.488
105500,0.295,0.207,0.498
106000,0.332,0.194,0.475
106500,0.309,0.194,0.498
107000,0.318,0.180,0.502
107500,0.359,0.166,0.475
108000,0.369,0.138,0.493
108500,0.396,0.120,0.484
109000,0.382,0.152,0.465
109500,0.433,0.120,0.447
110000,0.424,0.134,0.442
110500,0.429,0.115,0.456
111000,0.392,0.198,0.410
111500,0.332,0.212,0.456
112000,0.373,0.152,0.475
112500,0.336,0.143,0.521
113000,0.295,0.189,0.516
113500,0.235,0.295,0.470
114000,0.244,0.221,0.535
114500,0.240,0.309,0.452
115000,0.295,0.189,0.516
115500,0.244,0.249,0.507
116000,0.226,0.226,0.548
116500,0.203,0.286,0.512
117000,0.304,0.180,0.516
117500,0.410,0.138,0.452
118000,0.318,0.184,0.498
118500,0.276,0.184,0.539
119000,0.346,0.198,0.456
119500,0.341,0.194,0.465
120000,0.267,0.184,0.548
120500,0.327,0.198,0.475
121000,0.286,0.217,0.498
121500,0.300,0.143,0.558
122000,0.318,0.129,0.553
122500,0.327,0.184,0.488
123000,0.332,0.161,0.507
123500,0.341,0.157,0.502
124000,0.359,0.166,0.475
124500,0.396,0.175,0.429
125000,0.373,0.157,0.470
125500,0.424,0.147,0.429
126000,0.378,0.147,0.475
126500,0.369,0.138,0.493
127000,0.258,0.194,0.548
127500,0.359,0.171,0.470
128000,0.313,0.207,0.479
128500,0.300,0.207,0.493
129000,0.304,0.230,0.465
129500,0.341,0.184,0.475
130000,0.369,0.166,0.465
130500,0.313,0.221,0.465
131000,0.369,0.161,0.470
131500,0.336,0.143,0.521
132000,0.396,0.147,0.456
132500,0.350,0.129,0.521
133000,0.355,0.171,0.475
133500,0.401,0.120,0.479
134000,0.429,0.092,0.479
134500,0.438,0.143,0.419
135000,0.378,0.111,0.512
135500,0.415,0.124,0.461
136000,0.429,0.115,0.456
136500,0.465,0.129,0.406
137000,0.382,0.134,0.484
137500,0.392,0.161,0.447
138000,0.507,0.074,0.419
138500,0.553,0.065,0.382
139000,0.548,0.046,0.406
139500,0.539,0.060,0.401
140000,0.539,0.069,0.392
140500,0.530,0.060,0.410
141000,0.571,0.065,0.364
141500,0.512,0.051,0.438
142000,0.488,0.078,0.433
142500,0.493,0.106,0.401
143000,0.369,0.124,0.507
143500,0.419,0.120,0.461
144000,0.378,0.124,0.498
144500,0.382,0.129,0.488
145000,0.456,0.092,0.452
145500,0.355,0.134,0.512
146000,0.276,0.180,0.544
146500,0.373,0.124,0.502
147000,0.364,0.184,0.452
147500,0.359,0.166,0.475
148000,0.341,0.175,0.484
148500,0.382,0.207,0.410
149000,0.309,0.157,0.535
149500,0.392,0.111,0.498
150000,0.332,0.111,0.558
150500,0.419,0.074,0.507
151000,0.525,0.051,0.424
151500,0.396,0.083,0.521
152000,0.470,0.092,0.438
152500,0.498,0.060,0.442
153000,0.521,0.101,0.378
153500,0.585,0.051,0.364
154000,0.571,0.055,0.373
154500,0.673,0.018,0.309
155000,0.631,0.032,0.336
155500,0.539,0.074,0.387
156000,0.530,0.074,0.396
156500,0.544,0.088,0.369
157000,0.507,0.074,0.419
157500,0.682,0.018,0.300
158000,0.594,0.041,0.364
158500,0.581,0.023,0.396
159000,0.585,0.046,0.369
159500,0.585,0.051,0.364
160000,0.558,0.074,0.369
160500,0.498,0.092,0.410
161000,0.433,0.060,0.507
161500,0.525,0.092,0.382
162000,0.387,0.138,0.475
162500,0.406,0.092,0.502
163000,0.373,0.143,0.484
163500,0.429,0.184,0.387
164000,0.410,0.143,0.447
164500,0.382,0.180,0.438
165000,0.336,0.166,0.498
165500,0.323,0.171,0.507
166000,0.263,0.226,0.512
166500,0.267,0.217,0.516
167000,0.350,0.194,0.456
167500,0.447,0.166,0.387
168000,0.452,0.129,0.419
168500,0.355,0.161,0.484
169000,0.309,0.184,0.507
169500,0.332,0.161,0.507
170000,0.355,0.189,0.456
170500,0.309,0.240,0.452
171000,0.295,0.189,0.516
171500,0.253,0.226,0.521
172000,0.180,0.276,0.544
172500,0.161,0.267,0.571
173000,0.235,0.263,0.502
173500,0.290,0.207,0.502
174000,0.198,0.304,0.498
174500,0.198,0.290,0.512
175000,0.263,0.290,0.447
175500,0.189,0.304,0.507
176000,0.203,0.300,0.498
176500,0.267,0.263,0.470
177000,0.309,0.166,0.525
177500,0.267,0.258,0.475
178000,0.240,0.272,0.488
178500,0.207,0.244,0.548
179000,0.244,0.244,0.512
179500,0.364,0.244,0.392
180000,0.378,0.157,0.465
180500,0.378,0.161,0.461
181000,0.382,0.171,0.447
181500,0.406,0.120,0.475
182000,0.323,0.147,0.530
182500,0.295,0.221,0.484
183000,0.286,0.217,0.498
183500,0.359,0.212,0.429
184000,0.327,0.184,0.488
184500,0.396,0.152,0.452
185000,0.442,0.143,0.415
185500,0.382,0.203,0.415
186000,0.304,0.157,0.539
186500,0.290,0.226,0.484
187000,0.249,0.212,0.539
187500,0.249,0.217,0.535
188000,0.359,0.189,0.452
188500,0.387,0.143,0.470
189000,0.392,0.171,0.438
189500,0.327,0.226,0.447
190000,0.323,0.194,0.484
190500,0.304,0.226,0.470
191000,0.212,0.240,0.548
191500,0.290,0.180,0.530
192000,0.327,0.221,0.452
192500,0.240,0.235,0.525
193000,0.212,0.318,0.470
193500,0.143,0.318,0.539
194000,0.138,0.346,0.516
194500,0.175,0.313,0.512
195000,0.138,0.364,0.498
195500,0.138,0.465,0.396
196000,0.088,0.461,0.452
196500,0.018,0.696,0.286
197000,0.065,0.636,0.300
197500,0.055,0.562,0.382
198000,0.051,0.613,0.336
198500,0.101,0.484,0.415
199000,0.065,0.507,0.429
199500,0.055,0.594,0.350
200000,0.037,0.645,0.318
200500,0.051,0.636,0.313
201000,0.065,0.553,0.382
201500,0.041,0.553,0.406
202000,0.074,0.558,0.369
202500,0.046,0.571,0.382
203000,0.138,0.438,0.424
203500,0.101,0.442,0.456
204000,0.111,0.415,0.475
204500,0.147,0.406,0.447
205000,0.101,0.516,0.382
205500,0.088,0.502,0.410
206000,0.074,0.521,0.406
206500,0.069,0.521,0.410
207000,0.097,0.535,0.369
207500,0.065,0.438,0.498
208000,0.088,0.525,0.387
208500,0.083,0.530,0.387
209000,0.097,0.475,0.429
209500,0.078,0.475,0.447
210000,0.088,0.452,0.461
210500,0.143,0.382,0.475
211000,0.198,0.396,0.406
211500,0.212,0.323,0.465
212000,0.189,0.304,0.507
212500,0.161,0.410,0.429
213000,0.240,0.295,0.465
213500,0.171,0.373,0.456
214000,0.138,0.341,0.521
214500,0.152,0.355,0.493
215000,0.207,0.300,0.493
215500,0.221,0.221,0.558
216000,0.323,0.244,0.433
216500,0.263,0.272,0.465
217000,0.217,0.364,0.419
217500,0.138,0.346,0.516
218000,0.074,0.429,0.498
218500,0.097,0.447,0.456
219000,0.106,0.581,0.313
219500,0.037,0.502,0.461
220000,0.069,0.438,0.493
220500,0.078,0.525,0.396
221000,0.124,0.470,0.406
221500,0.097,0.364,0.539
222000,0.097,0.424,0.479
222500,0.175,0.373,0.452
223000,0.147,0.309,0.544
223500,0.129,0.401,0.470
224000,0.152,0.364,0.484
224500,0.221,0.235,0.544
225000,0.175,0.318,0.507
225500,0.157,0.304,0.539
226000,0.203,0.323,0.475
226500,0.203,0.323,0.475
227000,0.336,0.244,0.419
227500,0.364,0.194,0.442
228000,0.332,0.184,0.484
228500,0.290,0.226,0.484
229000,0.332,0.226,0.442
229500,0.364,0.157,0.479
230000,0.341,0.217,0.442
230500,0.267,0.194,0.539
231000,0.281,0.194,0.525
231500,0.253,0.175,0.571
232000,0.313,0.175,0.512
232500,0.309,0.124,0.567
233000,0.442,0.124,0.433
233500,0.373,0.161,0.465
234000,0.309,0.171,0.521
234500,0.309,0.249,0.442
235000,0.309,0.230,0.461
235500,0.318,0.244,0.438
236000,0.286,0.221,0.493
236500,0.258,0.230,0.512
237000,0.272,0.253,0.475
237500,0.244,0.221,0.535
238000,0.286,0.212,0.502
238500,0.295,0.263,0.442
239000,0.212,0.300,0.488
239500,0.207,0.336,0.456
240000,0.147,0.373,0.479
240500,0.152,0.392,0.456
241000,0.106,0.429,0.465
241500,0.166,0.332,0.502
242000,0.152,0.364,0.484
242500,0.152,0.429,0.419
243000,0.074,0.475,0.452
243500,0.088,0.419,0.493
244000,0.092,0.470,0.438
244500,0.143,0.442,0.415
245000,0.143,0.396,0.461
245500,0.143,0.369,0.488
246000,0.184,0.249,0.567
246500,0.318,0.267,0.415
247000,0.300,0.244,0.456
247500,0.194,0.300,0.507
248000,0.106,0.470,0.424
248500,0.111,0.438,0.452
249000,0.060,0.585,0.355
249500,0.097,0.631,0.272
250000,0.074,0.631,0.295
250500,0.055,0.641,0.304
251000,0.069,0.613,0.318
251500,0.046,0.581,0.373
252000,0.101,0.498,0.401
252500,0.078,0.470,0.452
253000,0.157,0.369,0.475
253500,0.189,0.336,0.475
254000,0.184,0.355,0.461
254500,0.300,0.281,0.419
255000,0.309,0.304,0.387
255500,0.313,0.189,0.498
256000,0.327,0.180,0.493
256500,0.295,0.207,0.498
257000,0.323,0.194,0.484
257500,0.244,0.258,0.498
258000,0.290,0.272,0.438
258500,0.323,0.253,0.424
259000,0.295,0.253,0.452
259500,0.235,0.304,0.461
260000,0.240,0.300,0.461
260500,0.198,0.235,0.567
261000,0.217,0.249,0.535
261500,0.235,0.300,0.465
262000,0.226,0.327,0.447
262500,0.203,0.332,0.465
263000,0.161,0.355,0.484
263500,0.115,0.341,0.544
264000,0.152,0.346,0.502
264500,0.263,0.272,0.465
265000,0.318,0.258,0.424
265500,0.332,0.166,0.502
266000,0.295,0.253,0.452
266500,0.244,0.290,0.465
267000,0.207,0.309,0.484
267500,0.161,0.359,0.479
268000,0.175,0.355,0.470
268500,0.092,0.406,0.502
269000,0.120,0.396,0.484
269500,0.161,0.442,0.396
270000,0.194,0.341,0.465
270500,0.207,0.276,0.516
271000,0.180,0.327,0.493
271500,0.175,0.304,0.521
272000,0.230,0.309,0.461
272500,0.235,0.263,0.502
273000,0.217,0.341,0.442
273500,0.180,0.318,0.502
274000,0.166,0.332,0.502
274500,0.207,0.318,0.475
275000,0.221,0.258,0.521
275500,0.235,0.249,0.516
276000,0.286,0.253,0.461
276500,0.286,0.263,0.452
277000,0.323,0.226,0.452
277500,0.327,0.240,0.433
278000,0.336,0.161,0.502
278500,0.373,0.115,0.512
279000,0.401,0.134,0.465
279500,0.419,0.115,0.465
280000,0.442,0.115,0.442
280500,0.378,0.147,0.475
281000,0.415,0.106,0.479
281500,0.433,0.115,0.452
282000,0.424,0.097,0.479
282500,0.461,0.083,0.456
283000,0.470,0.078,0.452
283500,0.539,0.069,0.392
284000,0.452,0.101,0.447
284500,0.406,0.124,0.470
285000,0.429,0.115,0.456
285500,0.493,0.074,0.433
286000,0.581,0.101,0.318
286500,0.562,0.060,0.378
287000,0.392,0.124,0.484
287500,0.525,0.088,0.387
288000,0.502,0.078,0.419
288500,0.406,0.147,0.447
289000,0.350,0.120,0.530
289500,0.359,0.152,0.488
290000,0.341,0.180,0.479
290500,0.336,0.175,0.488
291000,0.355,0.180,0.465
291500,0.382,0.184,0.433
292000,0.378,0.152,0.470
292500,0.355,0.120,0.525
293000,0.415,0.129,0.456
293500,0.378,0.134,0.488
294000,0.382,0.101,0.516
294500,0.452,0.097,0.452
295000,0.387,0.134,0.479
295500,0.392,0.138,0.470
296000,0.318,0.258,0.424
296500,0.276,0.226,0.498
297000,0.304,0.171,0.525
297500,0.396,0.152,0.452
298000,0.336,0.175,0.488
298500,0.382,0.175,0.442
299000,0.401,0.152,0.447
299500,0.401,0.161,0.438
300000,0.332,0.152,0.516
300500,0.309,0.129,0.562
301000,0.429,0.138,0.433
301500,0.327,0.138,0.535
302000,0.382,0.166,0.452
302500,0.281,0.203,0.516
303000,0.313,0.240,0.447
303500,0.369,0.194,0.438
304000,0.369,0.184,0.447
304500,0.309,0.198,0.493
305000,0.281,0.253,0.465
305500,0.290,0.221,0.488
306000,0.194,0.350,0.456
306500,0.189,0.323,0.488
307000,0.198,0.359,0.442
307500,0.235,0.318,0.447
308000,0.276,0.244,0.479
308500,0.318,0.240,0.442
309000,0.373,0.221,0.406
309500,0.406,0.124,0.470
310000,0.433,0.111,0.456
310500,0.433,0.124,0.442
311000,0.424,0.120,0.456
311500,0.355,0.217,0.429
312000,0.281,0.244,0.475
312500,0.318,0.129,0.553
313000,0.327,0.194,0.479
313500,0.323,0.184,0.493
314000,0.244,0.171,0.585
314500,0.346,0.157,0.498
315000,0.433,0.124,0.442
315500,0.323,0.143,0.535
316000,0.433,0.115,0.452
316500,0.369,0.138,0.493
317000,0.415,0.166,0.419
317500,0.369,0.083,0.548
318000,0.332,0.157,0.512
318500,0.406,0.111,0.484
319000,0.396,0.138,0.465
319500,0.300,0.217,0.484
320000,0.313,0.180,0.507
320500,0.369,0.161,0.470
321000,0.378,0.198,0.424
321500,0.263,0.203,0.535
322000,0.249,0.313,0.438
322500,0.189,0.290,0.521
323000,0.240,0.221,0.539
323500,0.226,0.221,0.553
324000,0.263,0.258,0.479
324500,0.286,0.207,0.507
325000,0.263,0.230,0.507
325500,0.249,0.272,0.479
326000,0.184,0.341,0.475
326500,0.198,0.364,0.438
327000,0.221,0.281,0.498
327500,0.240,0.309,0.452
328000,0.244,0.304,0.452
328500,0.230,0.217,0.553
329000,0.226,0.212,0.562
329500,0.309,0.203,0.488
330000,0.410,0.152,0.438
330500,0.447,0.115,0.438
331000,0.410,0.138,0.452
331500,0.327,0.175,0.498
332000,0.336,0.189,0.475
332500,0.369,0.166,0.465
333000,0.419,0.124,0.456
333500,0.424,0.138,0.438
334000,0.313,0.152,0.535
334500,0.244,0.203,0.553
335000,0.332,0.281,0.387
335500,0.327,0.221,0.452
336000,0.295,0.244,0.461
336500,0.207,0.295,0.498
337000,0.175,0.217,0.608
337500,0.198,0.327,0.475
338000,0.175,0.355,0.470
338500,0.194,0.286,0.521
339000,0.336,0.194,0.470
339500,0.309,0.166,0.525
340000,0.382,0.166,0.452
340500,0.359,0.175,0.465
341000,0.350,0.189,0.461
341500,0.387,0.180,0.433
342000,0.419,0.101,0.479
342500,0.433,0.120,0.447
343000,0.433,0.134,0.433
343500,0.442,0.111,0.447
344000,0.507,0.069,0.424
344500,0.530,0.088,0.382
345000,0.604,0.051,0.346
345500,0.535,0.069,0.396
346000,0.447,0.124,0.429
346500,0.392,0.157,0.452
347000,0.442,0.157,0.401
347500,0.429,0.157,0.415
348000,0.313,0.180,0.507
348500,0.359,0.166,0.475
349000,0.295,0.189,0.516
349500,0.272,0.198,0.530
350000,0.341,0.180,0.479
350500,0.355,0.134,0.512
351000,0.433,0.083,0.484
351500,0.392,0.129,0.479
352000,0.336,0.088,0.576
352500,0.406,0.092,0.502
353000,0.387,0.120,0.493
353500,0.488,0.074,0.438
354000,0.548,0.037,0.415
354500,0.475,0.097,0.429
355000,0.332,0.092,0.576
355500,0.373,0.157,0.470
356000,0.336,0.171,0.493
356500,0.281,0.171,0.548
357000,0.263,0.221,0.516
357500,0.203,0.295,0.502
358000,0.152,0.341,0.507
358500,0.207,0.332,0.461
359000,0.230,0.235,0.535
359500,0.175,0.295,0.530
360000,0.267,0.249,0.484
360500,0.346,0.207,0.447
361000,0.263,0.235,0.502
361500,0.281,0.244,0.475
362000,0.456,0.124,0.419
362500,0.479,0.101,0.419
363000,0.456,0.106,0.438
363500,0.493,0.083,0.424
364000,0.493,0.037,0.470
364500,0.544,0.078,0.378
365000,0.687,0.032,0.281
365500,0.631,0.041,0.327
366000,0.691,0.041,0.267
366500,0.636,0.041,0.323
367000,0.576,0.065,0.359
367500,0.539,0.069,0.392
368000,0.539,0.037,0.424
368500,0.461,0.115,0.424
369000,0.378,0.161,0.461
369500,0.382,0.166,0.452
370000,0.396,0.129,0.475
370500,0.498,0.074,0.429
371000,0.410,0.111,0.479
371500,0.359,0.115,0.525
372000,0.558,0.051,0.392
372500,0.581,0.051,0.369
373000,0.576,0.060,0.364
373500,0.576,0.041,0.382
374000,0.645,0.023,0.332
374500,0.636,0.041,0.323
375000,0.696,0.032,0.272
375500,0.594,0.046,0.359
376000,0.710,0.037,0.253
376500,0.710,0.037,0.253
377000,0.668,0.032,0.300
377500,0.696,0.046,0.258
378000,0.664,0.023,0.313
378500,0.719,0.028,0.253
379000,0.756,0.037,0.207
379500,0.811,0.009,0.180
380000,0.885,0.009,0.106
380500,0.894,0.005,0.101
381000,0.926,0.000,0.074
381500,0.945,0.000,0.055
382000,0.931,0.000,0.069
382500,0.949,0.000,0.051
383000,0.912,0.009,0.078
383500,0.922,0.005,0.074
384000,0.889,0.009,0.101
384500,0.848,0.009,0.143
385000,0.820,0.009,0.171
385500,0.806,0.023,0.171
386000,0.742,0.014,0.244
386500,0.737,0.018,0.244
387000,0.682,0.028,0.290
387500,0.700,0.018,0.281
388000,0.594,0.060,0.346
388500,0.599,0.069,0.332
389000,0.641,0.041,0.318
389500,0.645,0.065,0.290
390000,0.659,0.023,0.318
390500,0.654,0.046,0.300
391000,0.700,0.028,0.272
391500,0.636,0.046,0.318
392000,0.590,0.028,0.382
392500,0.585,0.055,0.359
393000,0.576,0.060,0.364
393500,0.650,0.041,0.309
394000,0.719,0.051,0.230
394500,0.654,0.041,0.304
395000,0.645,0.060,0.295
395500,0.613,0.055,0.332
396000,0.627,0.060,0.313
396500,0.751,0.023,0.226
397000,0.705,0.060,0.235
397500,0.645,0.065,0.290
398000,0.581,0.069,0.350
398500,0.622,0.037,0.341
399000,0.521,0.051,0.429
399500,0.567,0.046,0.387
400000,0.553,0.051,0.396
400500,0.682,0.028,0.290
401000,0.627,0.037,0.336
401500,0.687,0.032,0.281
402000,0.696,0.032,0.272
402500,0.691,0.023,0.286
403000,0.714,0.028,0.258
403500,0.774,0.009,0.217
404000,0.691,0.009,0.300
404500,0.622,0.018,0.359
405000,0.687,0.028,0.286
405500,0.724,0.032,0.244
406000,0.728,0.014,0.258
406500,0.728,0.032,0.240
407000,0.719,0.037,0.244
407500,0.664,0.018,0.318
408000,0.581,0.051,0.369
408500,0.613,0.046,0.341
409000,0.599,0.028,0.373
409500,0.664,0.018,0.318
410000,0.664,0.009,0.327
410500,0.613,0.069,0.318
411000,0.479,0.046,0.475
411500,0.502,0.106,0.392
412000,0.465,0.088,0.447
412500,0.387,0.161,0.452
413000,0.350,0.161,0.488
413500,0.355,0.175,0.470
414000,0.415,0.069,0.516
414500,0.382,0.092,0.525
415000,0.355,0.143,0.502
415500,0.359,0.166,0.475
416000,0.309,0.230,0.461
416500,0.212,0.263,0.525
417000,0.189,0.323,0.488
417500,0.203,0.286,0.512
418000,0.203,0.332,0.465
418500,0.258,0.263,0.479
419000,0.272,0.221,0.507
419500,0.272,0.138,0.590
420000,0.392,0.157,0.452
420500,0.309,0.184,0.507
421000,0.286,0.244,0.470
421500,0.230,0.281,0.488
422000,0.194,0.318,0.488
422500,0.276,0.244,0.479
423000,0.276,0.207,0.516
423500,0.406,0.152,0.442
424000,0.456,0.129,0.415
424500,0.359,0.124,0.516
425000,0.355,0.152,0.493
425500,0.406,0.111,0.484
426000,0.475,0.101,0.424
426500,0.465,0.111,0.424
427000,0.599,0.037,0.364
427500,0.452,0.097,0.452
428000,0.475,0.046,0.479
428500,0.461,0.078,0.461
429000,0.447,0.120,0.433
429500,0.392,0.157,0.452
430000,0.419,0.097,0.484
430500,0.419,0.166,0.415
431000,0.456,0.138,0.406
431500,0.424,0.161,0.415
432000,0.452,0.124,0.424
432500,0.396,0.111,0.493
433000,0.488,0.078,0.433
433500,0.429,0.088,0.484
434000,0.364,0.124,0.512
434500,0.309,0.161,0.530
435000,0.327,0.157,0.516
435500,0.429,0.138,0.433
436000,0.406,0.152,0.442
436500,0.392,0.166,0.442
437000,0.456,0.120,0.424
437500,0.424,0.115,0.461
438000,0.406,0.120,0.475
438500,0.442,0.115,0.442
439000,0.355,0.143,0.502
439500,0.359,0.171,0.470
440000,0.378,0.120,0.502
440500,0.355,0.175,0.470
441000,0.378,0.147,0.475
441500,0.336,0.207,0.456
442000,0.346,0.194,0.461
442500,0.290,0.281,0.429
443000,0.300,0.143,0.558
443500,0.300,0.189,0.512
444000,0.253,0.212,0.535
444500,0.323,0.207,0.470
445000,0.267,0.207,0.525
445500,0.332,0.189,0.479
446000,0.346,0.147,0.507
446500,0.378,0.152,0.470
447000,0.456,0.147,0.396
447500,0.442,0.106,0.452
448000,0.452,0.101,0.447
448500,0.521,0.101,0.378
449000,0.567,0.097,0.336
449500,0.525,0.078,0.396
450000,0.498,0.097,0.406
450500,0.516,0.083,0.401
451000,0.516,0.037,0.447
451500,0.470,0.074,0.456
452000,0.447,0.115,0.438
452500,0.327,0.203,0.470
453000,0.286,0.207,0.507
453500,0.327,0.194,0.479
454000,0.419,0.124,0.456
454500,0.401,0.120,0.479
455000,0.378,0.106,0.516
455500,0.438,0.134,0.429
456000,0.419,0.161,0.419
456500,0.452,0.129,0.419
457000,0.447,0.143,0.410
457500,0.364,0.111,0.525
458000,0.396,0.124,0.479
458500,0.336,0.152,0.512
459000,0.359,0.157,0.484
459500,0.382,0.129,0.488
460000,0.396,0.171,0.433
460500,0.327,0.152,0.521
461000,0.300,0.212,0.488
461500,0.189,0.253,0.558
462000,0.198,0.230,0.571
462500,0.230,0.189,0.581
463000,0.336,0.143,0.521
463500,0.415,0.083,0.502
464000,0.415,0.111,0.475
464500,0.373,0.143,0.484
465000,0.406,0.092,0.502
465500,0.447,0.134,0.419
466000,0.516,0.088,0.396
466500,0.479,0.074,0.447
467000,0.558,0.032,0.410
467500,0.548,0.069,0.382
468000,0.645,0.037,0.318
468500,0.687,0.009,0.304
469000,0.668,0.041,0.290
469500,0.571,0.041,0.387
470000,0.691,0.018,0.290
470500,0.682,0.041,0.276
471000,0.677,0.018,0.304
471500,0.742,0.018,0.240
472000,0.751,0.037,0.212
472500,0.751,0.032,0.217
473000,0.728,0.009,0.263
473500,0.710,0.023,0.267
474000,0.664,0.014,0.323
474500,0.562,0.069,0.369
475000,0.608,0.060,0.332
475500,0.594,0.051,0.355
476000,0.562,0.065,0.373
476500,0.585,0.046,0.369
477000,0.618,0.037,0.346
477500,0.567,0.028,0.406
478000,0.558,0.041,0.401
478500,0.553,0.074,0.373
479000,0.507,0.051,0.442
479500,0.512,0.111,0.378
480000,0.571,0.097,0.332
480500,0.502,0.055,0.442
481000,0.516,0.092,0.392
481500,0.539,0.088,0.373
482000,0.539,0.078,0.382
482500,0.433,0.106,0.461
483000,0.433,0.088,0.479
483500,0.493,0.078,0.429
484000,0.488,0.101,0.410
484500,0.525,0.069,0.406
485000,0.521,0.088,0.392
485500,0.493,0.078,0.429
486000,0.576,0.078,0.346
486500,0.585,0.055,0.359
487000,0.558,0.051,0.392
487500,0.452,0.055,0.493
488000,0.447,0.124,0.429
488500,0.484,0.106,0.410
489000,0.535,0.074,0.392
489500,0.461,0.134,0.406
490000,0.346,0.175,0.479
490500,0.272,0.180,0.548
491000,0.332,0.194,0.475
491500,0.253,0.249,0.498
492000,0.217,0.304,0.479
492500,0.244,0.290,0.465
493000,0.244,0.300,0.456
493500,0.171,0.263,0.567
494000,0.175,0.272,0.553
494500,0.244,0.203,0.553
495000,0.263,0.295,0.442
495500,0.240,0.286,0.475
496000,0.267,0.217,0.516
496500,0.341,0.194,0.465
497000,0.392,0.194,0.415
497500,0.396,0.166,0.438
498000,0.470,0.143,0.387
498500,0.442,0.083,0.475
499000,0.498,0.101,0.401
499500,0.475,0.106,0.419
500000,0.507,0.106,0.387
500500,0.544,0.078,0.378
501000,0.590,0.060,0.350
501500,0.622,0.032,0.346
502000,0.548,0.065,0.387
502500,0.636,0.032,0.332
503000,0.604,0.041,0.355
503500,0.613,0.037,0.350
504000,0.650,0.014,0.336
504500,0.558,0.046,0.396
505000,0.507,0.060,0.433
505500,0.539,0.055,0.406
506000,0.571,0.069,0.359
506500,0.571,0.060,0.369
507000,0.631,0.041,0.327
507500,0.567,0.051,0.382
508000,0.594,0.055,0.350
508500,0.608,0.046,0.346
509000,0.594,0.069,0.336
509500,0.567,0.055,0.378
510000,0.535,0.078,0.387
510500,0.562,0.083,0.355
511000,0.553,0.092,0.355
511500,0.512,0.106,0.382
512000,0.479,0.065,0.456
512500,0.493,0.083,0.424
513000,0.479,0.074,0.447
513500,0.539,0.078,0.382
514000,0.521,0.069,0.410
514500,0.442,0.134,0.424
515000,0.373,0.161,0.465
515500,0.378,0.180,0.442
516000,0.318,0.171,0.512
516500,0.355,0.143,0.502
517000,0.336,0.152,0.512
517500,0.424,0.147,0.429
518000,0.484,0.115,0.401
518500,0.438,0.138,0.424
519000,0.442,0.111,0.447
519500,0.479,0.124,0.396
520000,0.415,0.106,0.479
520500,0.350,0.175,0.475
521000,0.378,0.152,0.470
521500,0.406,0.101,0.493
522000,0.415,0.152,0.433
522500,0.415,0.134,0.452
523000,0.488,0.097,0.415
523500,0.424,0.166,0.410
524000,0.424,0.124,0.452
524500,0.438,0.065,0.498
525000,0.553,0.046,0.401
525500,0.558,0.032,0.410
526000,0.521,0.065,0.415
526500,0.452,0.069,0.479
527000,0.484,0.097,0.419
527500,0.465,0.115,0.419
528000,0.452,0.115,0.433
528500,0.479,0.120,0.401
529000,0.502,0.124,0.373
529500,0.382,0.147,0.470
530000,0.295,0.166,0.539
530500,0.304,0.161,0.535
531000,0.300,0.171,0.530
531500,0.189,0.290,0.521
532000,0.189,0.300,0.512
532500,0.318,0.207,0.475
533000,0.281,0.272,0.447
533500,0.286,0.286,0.429
534000,0.276,0.217,0.507
534500,0.217,0.258,0.525
535000,0.226,0.258,0.516
535500,0.244,0.267,0.488
536000,0.221,0.258,0.521
536500,0.203,0.318,0.479
537000,0.226,0.276,0.498
537500,0.290,0.272,0.438
538000,0.281,0.240,0.479
538500,0.286,0.189,0.525
539000,0.355,0.161,0.484
539500,0.392,0.152,0.456
540000,0.346,0.138,0.516
540500,0.438,0.092,0.470
541000,0.438,0.120,0.442
541500,0.479,0.097,0.424
542000,0.493,0.120,0.387
542500,0.590,0.115,0.295
543000,0.452,0.124,0.424
543500,0.447,0.111,0.442
544000,0.442,0.115,0.442
544500,0.424,0.106,0.470
545000,0.373,0.184,0.442
545500,0.286,0.221,0.493
546000,0.313,0.249,0.438
546500,0.267,0.267,0.465
547000,0.295,0.203,0.502
547500,0.359,0.171,0.470
548000,0.401,0.134,0.465
548500,0.336,0.198,0.465
549000,0.258,0.235,0.507
549500,0.281,0.212,0.507
550000,0.253,0.244,0.502
550500,0.346,0.235,0.419
551000,0.309,0.235,0.456
551500,0.406,0.147,0.447
552000,0.382,0.203,0.415
552500,0.378,0.189,0.433
553000,0.286,0.203,0.512
553500,0.286,0.189,0.525
554000,0.249,0.226,0.525
554500,0.341,0.147,0.512
555000,0.336,0.184,0.479
555500,0.249,0.258,0.493
556000,0.161,0.332,0.507
556500,0.194,0.341,0.465
557000,0.198,0.212,0.590
557500,0.276,0.207,0.516
558000,0.355,0.152,0.493
558500,0.364,0.203,0.433
559000,0.364,0.143,0.493
559500,0.364,0.134,0.502
560000,0.410,0.166,0.424
560500,0.465,0.111,0.424
561000,0.456,0.147,0.396
561500,0.392,0.120,0.488
562000,0.488,0.092,0.419
562500,0.535,0.051,0.415
563000,0.567,0.051,0.382
563500,0.558,0.069,0.373
564000,0.691,0.028,0.281
564500,0.714,0.028,0.258
565000,0.737,0.023,0.240
565500,0.733,0.009,0.258
566000,0.737,0.000,0.263
566500,0.756,0.014,0.230
567000,0.710,0.032,0.258
567500,0.677,0.060,0.263
568000,0.604,0.041,0.355
568500,0.558,0.051,0.392
569000,0.475,0.078,0.447
569500,0.502,0.088,0.410
570000,0.512,0.092,0.396
570500,0.521,0.078,0.401
571000,0.544,0.069,0.387
571500,0.567,0.046,0.387
572000,0.627,0.037,0.336
572500,0.664,0.032,0.304
573000,0.558,0.060,0.382
573500,0.548,0.088,0.364
574000,0.525,0.055,0.419
574500,0.553,0.074,0.373
575000,0.594,0.069,0.336
575500,0.571,0.037,0.392
576000,0.664,0.046,0.290
576500,0.747,0.018,0.235
577000,0.783,0.028,0.189
577500,0.710,0.023,0.267
578000,0.641,0.041,0.318
578500,0.590,0.037,0.373
579000,0.581,0.069,0.350
579500,0.521,0.111,0.369
580000,0.516,0.055,0.429
580500,0.525,0.088,0.387
581000,0.539,0.055,0.406
581500,0.558,0.092,0.350
582000,0.553,0.037,0.410
582500,0.498,0.074,0.429
583000,0.558,0.032,0.410
583500,0.525,0.078,0.396
584000,0.512,0.046,0.442
584500,0.498,0.037,0.465
585000,0.498,0.074,0.429
585500,0.535,0.083,0.382
586000,0.433,0.092,0.475
586500,0.415,0.120,0.465
587000,0.447,0.078,0.475
587500,0.484,0.060,0.456
588000,0.558,0.060,0.382
588500,0.502,0.092,0.406
589000,0.618,0.069,0.313
589500,0.673,0.046,0.281
590000,0.696,0.032,0.272
590500,0.650,0.018,0.332
591000,0.645,0.037,0.318
591500,0.608,0.041,0.350
592000,0.714,0.032,0.253
592500,0.765,0.023,0.212
593000,0.714,0.060,0.226
593500,0.751,0.005,0.244
594000,0.765,0.009,0.226
594500,0.770,0.005,0.226
595000,0.820,0.009,0.171
595500,0.866,0.005,0.129
596000,0.783,0.005,0.212
596500,0.742,0.014,0.244
597000,0.756,0.009,0.235
597500,0.710,0.055,0.235
598000,0.756,0.018,0.226
598500,0.691,0.023,0.286
599000,0.631,0.028,0.341
599500,0.567,0.041,0.392
600000,0.659,0.032,0.309
600500,0.691,0.041,0.267
601000,0.636,0.046,0.318
601500,0.590,0.083,0.327
602000,0.553,0.065,0.382
602500,0.590,0.060,0.350
603000,0.604,0.023,0.373
603500,0.594,0.032,0.373
604000,0.502,0.083,0.415
604500,0.553,0.078,0.369
605000,0.613,0.046,0.341
605500,0.622,0.069,0.309
606000,0.571,0.055,0.373
606500,0.585,0.083,0.332
607000,0.479,0.065,0.456
607500,0.373,0.138,0.488
608000,0.300,0.194,0.507
608500,0.309,0.221,0.470
609000,0.221,0.253,0.525
609500,0.240,0.276,0.484
610000,0.207,0.318,0.475
610500,0.147,0.364,0.488
611000,0.157,0.341,0.502
611500,0.143,0.350,0.507
612000,0.111,0.419,0.470
612500,0.143,0.369,0.488
613000,0.253,0.318,0.429
613500,0.313,0.253,0.433
614000,0.290,0.189,0.521
614500,0.272,0.198,0.530
615000,0.350,0.198,0.452
615500,0.355,0.166,0.479
616000,0.249,0.230,0.521
616500,0.309,0.180,0.512
617000,0.240,0.240,0.521
617500,0.350,0.143,0.507
618000,0.355,0.180,0.465
618500,0.327,0.198,0.475
619000,0.332,0.240,0.429
619500,0.240,0.309,0.452
620000,0.217,0.341,0.442
620500,0.198,0.295,0.507
621000,0.180,0.364,0.456
621500,0.184,0.369,0.447
622000,0.129,0.438,0.433
622500,0.092,0.493,0.415
623000,0.069,0.475,0.456
623500,0.124,0.392,0.484
624000,0.120,0.442,0.438
624500,0.069,0.530,0.401
625000,0.074,0.429,0.498
625500,0.069,0.507,0.424
626000,0.060,0.502,0.438
626500,0.060,0.590,0.350
627000,0.055,0.507,0.438
627500,0.092,0.544,0.364
628000,0.041,0.608,0.350
628500,0.101,0.599,0.300
629000,0.088,0.539,0.373
629500,0.111,0.406,0.484
630000,0.152,0.387,0.461
630500,0.111,0.447,0.442
631000,0.175,0.309,0.516
631500,0.101,0.355,0.544
632000,0.161,0.382,0.456
632500,0.161,0.350,0.488
633000,0.171,0.323,0.507
633500,0.267,0.235,0.498
634000,0.295,0.235,0.470
634500,0.401,0.194,0.406
635000,0.369,0.161,0.470
635500,0.438,0.157,0.406
636000,0.396,0.147,0.456
636500,0.410,0.152,0.438
637000,0.452,0.138,0.410
637500,0.507,0.092,0.401
638000,0.567,0.097,0.336
638500,0.544,0.065,0.392
639000,0.571,0.046,0.382
639500,0.558,0.065,0.378
640000,0.544,0.078,0.378
640500,0.461,0.111,0.429
641000,0.475,0.092,0.433
641500,0.535,0.115,0.350
642000,0.585,0.069,0.346
642500,0.484,0.078,0.438
643000,0.378,0.180,0.442
643500,0.249,0.184,0.567
644000,0.438,0.157,0.406
644500,0.516,0.092,0.392
645000,0.512,0.060,0.429
645500,0.521,0.083,0.396
646000,0.498,0.115,0.387
646500,0.382,0.115,0.502
647000,0.364,0.198,0.438
647500,0.318,0.120,0.562
648000,0.382,0.157,0.461
648500,0.392,0.147,0.461
649000,0.433,0.083,0.484
649500,0.502,0.083,0.415
650000,0.475,0.115,0.410
650500,0.567,0.097,0.336
651000,0.608,0.032,0.359
651500,0.608,0.009,0.382
652000,0.608,0.037,0.355
652500,0.636,0.041,0.323
653000,0.521,0.060,0.419
653500,0.525,0.092,0.382
654000,0.452,0.101,0.447
654500,0.498,0.074,0.429
655000,0.530,0.078,0.392
655500,0.521,0.069,0.410
656000,0.544,0.069,0.387
656500,0.576,0.069,0.355
657000,0.664,0.046,0.290
657500,0.581,0.037,0.382
658000,0.599,0.046,0.355
658500,0.654,0.009,0.336
659000,0.705,0.009,0.286
659500,0.788,0.009,0.203
660000,0.802,0.014,0.184
660500,0.793,0.018,0.189
661000,0.751,0.000,0.249
661500,0.737,0.005,0.258
662000,0.760,0.014,0.226
662500,0.751,0.028,0.221
663000,0.747,0.037,0.217
663500,0.783,0.014,0.203
664000,0.742,0.009,0.249
664500,0.829,0.009,0.161
665000,0.770,0.000,0.230
665500,0.788,0.005,0.207
666000,0.829,0.005,0.166
666500,0.793,0.000,0.207
667000,0.793,0.005,0.203
667500,0.710,0.046,0.244
668000,0.696,0.037,0.267
668500,0.654,0.060,0.286
669000,0.687,0.037,0.276
669500,0.691,0.032,0.276
670000,0.747,0.028,0.226
670500,0.806,0.005,0.189
671000,0.770,0.009,0.221
671500,0.728,0.046,0.226
672000,0.700,0.014,0.286
672500,0.710,0.014,0.276
673000,0.641,0.018,0.341
673500,0.604,0.060,0.336
674000,0.604,0.078,0.318
674500,0.461,0.120,0.419
675000,0.378,0.120,0.502
675500,0.433,0.115,0.452
676000,0.369,0.111,0.521
676500,0.452,0.101,0.447
677000,0.438,0.124,0.438
677500,0.442,0.143,0.415
678000,0.336,0.194,0.470
678500,0.341,0.152,0.507
679000,0.350,0.171,0.479
679500,0.286,0.221,0.493
680000,0.295,0.221,0.484
680500,0.281,0.240,0.479
681000,0.290,0.258,0.452
681500,0.267,0.189,0.544
682000,0.258,0.171,0.571
682500,0.249,0.240,0.512
683000,0.295,0.240,0.465
683500,0.253,0.180,0.567
684000,0.276,0.267,0.456
684500,0.336,0.235,0.429
685000,0.263,0.194,0.544
685500,0.253,0.249,0.498
686000,0.258,0.286,0.456
686500,0.203,0.323,0.475
687000,0.217,0.313,0.470
687500,0.235,0.300,0.465
688000,0.226,0.323,0.452
688500,0.263,0.336,0.401
689000,0.203,0.336,0.461
689500,0.286,0.235,0.479
690000,0.212,0.221,0.567
690500,0.221,0.304,0.475
691000,0.304,0.180,0.516
691500,0.350,0.138,0.512
692000,0.332,0.157,0.512
692500,0.281,0.230,0.488
693000,0.313,0.175,0.512
693500,0.359,0.138,0.502
694000,0.346,0.143,0.512
694500,0.401,0.175,0.424
695000,0.406,0.180,0.415
695500,0.369,0.194,0.438
696000,0.369,0.194,0.438
696500,0.309,0.203,0.488
697000,0.332,0.212,0.456
697500,0.336,0.189,0.475
698000,0.332,0.253,0.415
698500,0.300,0.235,0.465
699000,0.249,0.230,0.521
699500,0.281,0.240,0.479
700000,0.258,0.253,0.488
700500,0.253,0.309,0.438
701000,0.253,0.272,0.475
701500,0.207,0.295,0.498
702000,0.180,0.290,0.530
702500,0.253,0.235,0.512
703000,0.253,0.263,0.484
703500,0.300,0.276,0.424
704000,0.332,0.217,0.452
704500,0.396,0.143,0.461
705000,0.401,0.115,0.484
705500,0.424,0.106,0.470
706000,0.406,0.097,0.498
706500,0.456,0.097,0.447
707000,0.438,0.055,0.507
707500,0.452,0.083,0.465
708000,0.359,0.129,0.512
708500,0.364,0.138,0.498
709000,0.392,0.138,0.470
709500,0.318,0.175,0.507
710000,0.309,0.152,0.539
710500,0.392,0.143,0.465
711000,0.392,0.134,0.475
711500,0.336,0.143,0.521
712000,0.387,0.138,0.475
712500,0.378,0.106,0.516
713000,0.438,0.138,0.424
713500,0.392,0.184,0.424
714000,0.373,0.147,0.479
714500,0.346,0.124,0.530
715000,0.323,0.194,0.484
715500,0.309,0.221,0.470
716000,0.336,0.175,0.488
716500,0.341,0.171,0.488
717000,0.281,0.221,0.498
717500,0.244,0.217,0.539
718000,0.230,0.272,0.498
718500,0.244,0.272,0.484
719000,0.207,0.355,0.438
719500,0.244,0.235,0.521
720000,0.276,0.217,0.507
720500,0.313,0.194,0.493
721000,0.304,0.189,0.507
721500,0.212,0.263,0.525
722000,0.180,0.290,0.530
722500,0.207,0.313,0.479
723000,0.290,0.336,0.373
723500,0.290,0.267,0.442
724000,0.226,0.258,0.516
724500,0.244,0.263,0.493
725000,0.230,0.249,0.521
725500,0.304,0.207,0.488
726000,0.300,0.198,0.502
726500,0.332,0.143,0.525
727000,0.295,0.175,0.530
727500,0.189,0.309,0.502
728000,0.212,0.300,0.488
728500,0.249,0.281,0.470
729000,0.267,0.263,0.470
729500,0.272,0.240,0.488
730000,0.300,0.198,0.502
730500,0.346,0.152,0.502
731000,0.313,0.240,0.447
731500,0.341,0.203,0.456
732000,0.355,0.138,0.507
732500,0.327,0.171,0.502
733000,0.382,0.212,0.406
733500,0.359,0.198,0.442
734000,0.281,0.217,0.502
734500,0.341,0.226,0.433
735000,0.373,0.175,0.452
735500,0.429,0.134,0.438
736000,0.392,0.074,0.535
736500,0.406,0.111,0.484
737000,0.327,0.189,0.484
737500,0.286,0.180,0.535
738000,0.327,0.221,0.452
738500,0.286,0.281,0.433
739000,0.267,0.212,0.521
739500,0.309,0.194,0.498
740000,0.419,0.092,0.488
740500,0.327,0.184,0.488
741000,0.189,0.249,0.562
741500,0.300,0.226,0.475
742000,0.240,0.253,0.507
742500,0.203,0.244,0.553
743000,0.161,0.290,0.548
743500,0.226,0.350,0.424
744000,0.226,0.323,0.452
744500,0.157,0.350,0.493
745000,0.258,0.332,0.410
745500,0.304,0.244,0.452
746000,0.295,0.230,0.475
746500,0.244,0.309,0.447
747000,0.175,0.267,0.558
747500,0.175,0.378,0.447
748000,0.138,0.373,0.488
748500,0.180,0.281,0.539
749000,0.203,0.346,0.452
749500,0.286,0.235,0.479
750000,0.240,0.235,0.525
750500,0.263,0.230,0.507
751000,0.346,0.198,0.456
751500,0.438,0.157,0.406
752000,0.502,0.097,0.401
752500,0.544,0.069,0.387
753000,0.502,0.106,0.392
753500,0.447,0.111,0.442
754000,0.350,0.166,0.484
754500,0.378,0.134,0.488
755000,0.341,0.161,0.498
755500,0.281,0.161,0.558
756000,0.276,0.184,0.539
756500,0.304,0.226,0.470
757000,0.323,0.230,0.447
757500,0.267,0.258,0.475
758000,0.221,0.244,0.535
758500,0.221,0.286,0.493
759000,0.221,0.286,0.493
759500,0.295,0.198,0.507
760000,0.300,0.184,0.516
760500,0.290,0.189,0.521
761000,0.304,0.175,0.521
761500,0.346,0.217,0.438
762000,0.429,0.157,0.415
762500,0.429,0.115,0.456
763000,0.341,0.134,0.525
763500,0.332,0.106,0.562
764000,0.433,0.106,0.461
764500,0.447,0.092,0.461
765000,0.516,0.060,0.424
765500,0.470,0.069,0.461
766000,0.571,0.041,0.387
766500,0.535,0.069,0.396
767000,0.585,0.032,0.382
767500,0.654,0.028,0.318
768000,0.576,0.078,0.346
768500,0.507,0.023,0.470
769000,0.521,0.074,0.406
769500,0.539,0.078,0.382
770000,0.479,0.106,0.415
770500,0.493,0.106,0.401
771000,0.484,0.083,0.433
771500,0.488,0.111,0.401
772000,0.401,0.088,0.512
772500,0.433,0.097,0.470
773000,0.493,0.065,0.442
773500,0.493,0.078,0.429
774000,0.525,0.120,0.355
774500,0.516,0.069,0.415
775000,0.567,0.046,0.387
775500,0.562,0.041,0.396
776000,0.622,0.037,0.341
776500,0.622,0.032,0.346
777000,0.631,0.037,0.332
777500,0.567,0.060,0.373
778000,0.562,0.037,0.401
778500,0.535,0.065,0.401
779000,0.645,0.055,0.300
779500,0.641,0.046,0.313
780000,0.604,0.037,0.359
780500,0.539,0.060,0.401
781000,0.502,0.055,0.442
781500,0.452,0.083,0.465
782000,0.502,0.088,0.410
782500,0.516,0.074,0.410
783000,0.512,0.138,0.350
783500,0.419,0.157,0.424
784000,0.461,0.129,0.410
784500,0.433,0.078,0.488
785000,0.516,0.055,0.429
785500,0.562,0.065,0.373
786000,0.521,0.097,0.382
786500,0.502,0.078,0.419
787000,0.544,0.083,0.373
787500,0.465,0.092,0.442
788000,0.475,0.092,0.433
788500,0.548,0.051,0.401
789000,0.645,0.018,0.336
789500,0.636,0.018,0.346
790000,0.645,0.032,0.323
790500,0.608,0.018,0.373
791000,0.581,0.055,0.364
791500,0.525,0.083,0.392
792000,0.442,0.134,0.424
792500,0.475,0.106,0.419
793000,0.502,0.115,0.382
793500,0.433,0.088,0.479
794000,0.461,0.134,0.406
794500,0.493,0.120,0.387
795000,0.479,0.101,0.419
795500,0.530,0.083,0.387
796000,0.590,0.060,0.350
796500,0.548,0.069,0.382
797000,0.475,0.078,0.447
797500,0.502,0.060,0.438
798000,0.410,0.074,0.516
798500,0.424,0.106,0.470
799000,0.410,0.120,0.470
799500,0.525,0.069,0.406
800000,0.576,0.032,0.392
800500,0.618,0.046,0.336
801000,0.558,0.041,0.401
801500,0.604,0.037,0.359
802000,0.645,0.032,0.323
802500,0.700,0.046,0.253
803000,0.664,0.032,0.304
803500,0.682,0.046,0.272
804000,0.664,0.046,0.290
804500,0.641,0.055,0.304
805000,0.622,0.023,0.355
805500,0.664,0.028,0.309
806000,0.765,0.028,0.207
806500,0.664,0.074,0.263
807000,0.691,0.032,0.276
807500,0.774,0.032,0.194
808000,0.622,0.032,0.346
808500,0.530,0.065,0.406
809000,0.512,0.088,0.401
809500,0.456,0.106,0.438
810000,0.516,0.078,0.406
810500,0.475,0.065,0.461
811000,0.479,0.069,0.452
811500,0.493,0.060,0.447
812000,0.479,0.088,0.433
812500,0.502,0.097,0.401
813000,0.387,0.124,0.488
813500,0.341,0.147,0.512
814000,0.364,0.138,0.498
814500,0.461,0.175,0.364
815000,0.410,0.157,0.433
815500,0.382,0.221,0.396
816000,0.300,0.166,0.535
816500,0.313,0.175,0.512
817000,0.276,0.212,0.512
817500,0.341,0.180,0.479
818000,0.318,0.198,0.484
818500,0.327,0.207,0.465
819000,0.373,0.161,0.465
819500,0.396,0.083,0.521
820000,0.475,0.120,0.406
820500,0.562,0.046,0.392
821000,0.682,0.018,0.300
821500,0.654,0.028,0.318
822000,0.594,0.023,0.382
822500,0.650,0.041,0.309
823000,0.613,0.028,0.359
823500,0.627,0.041,0.332
824000,0.604,0.055,0.341
824500,0.558,0.060,0.382
825000,0.562,0.046,0.392
825500,0.488,0.101,0.410
826000,0.461,0.129,0.410
826500,0.429,0.143,0.429
827000,0.378,0.152,0.470
827500,0.276,0.194,0.530
828000,0.290,0.230,0.479
828500,0.355,0.180,0.465
829000,0.355,0.171,0.475
829500,0.295,0.189,0.516
830000,0.249,0.253,0.498
830500,0.369,0.157,0.475
831000,0.429,0.124,0.447
831500,0.567,0.078,0.355
832000,0.604,0.074,0.323
832500,0.516,0.065,0.419
833000,0.507,0.101,0.392
833500,0.419,0.157,0.424
834000,0.392,0.171,0.438
834500,0.452,0.115,0.433
835000,0.470,0.152,0.378
835500,0.438,0.097,0.465
836000,0.452,0.088,0.461
836500,0.484,0.092,0.424
837000,0.465,0.088,0.447
837500,0.539,0.106,0.355
838000,0.558,0.088,0.355
838500,0.433,0.120,0.447
839000,0.465,0.097,0.438
839500,0.488,0.083,0.429
840000,0.507,0.051,0.442
840500,0.548,0.060,0.392
841000,0.594,0.065,0.341
841500,0.608,0.046,0.346
842000,0.516,0.046,0.438
842500,0.456,0.074,0.470
843000,0.488,0.083,0.429
843500,0.544,0.069,0.387
844000,0.594,0.055,0.350
844500,0.581,0.055,0.364
845000,0.594,0.037,0.369
845500,0.664,0.037,0.300
846000,0.599,0.055,0.346
846500,0.507,0.078,0.415
847000,0.521,0.078,0.401
847500,0.558,0.078,0.364
848000,0.442,0.101,0.456
848500,0.608,0.046,0.346
849000,0.691,0.046,0.263
849500,0.733,0.009,0.258
850000,0.802,0.014,0.184
850500,0.668,0.028,0.304
851000,0.696,0.009,0.295
851500,0.645,0.037,0.318
852000,0.654,0.065,0.281
852500,0.539,0.055,0.406
853000,0.433,0.083,0.484
853500,0.447,0.060,0.493
854000,0.535,0.055,0.410
854500,0.627,0.041,0.332
855000,0.664,0.032,0.304
855500,0.512,0.074,0.415
856000,0.525,0.032,0.442
856500,0.479,0.078,0.442
857000,0.512,0.037,0.452
857500,0.544,0.046,0.410
858000,0.530,0.051,0.419
858500,0.456,0.060,0.484
859000,0.438,0.120,0.442
859500,0.401,0.129,0.470
860000,0.323,0.147,0.530
860500,0.309,0.175,0.516
861000,0.382,0.124,0.493
861500,0.369,0.157,0.475
862000,0.438,0.129,0.433
862500,0.323,0.198,0.479
863000,0.313,0.184,0.502
863500,0.350,0.207,0.442
864000,0.336,0.175,0.488
864500,0.419,0.134,0.447
865000,0.433,0.129,0.438
865500,0.493,0.106,0.401
866000,0.429,0.124,0.447
866500,0.382,0.189,0.429
867000,0.447,0.180,0.373
867500,0.304,0.281,0.415
868000,0.281,0.244,0.475
868500,0.373,0.203,0.424
869000,0.332,0.189,0.479
869500,0.359,0.166,0.475
870000,0.396,0.166,0.438
870500,0.369,0.134,0.498
871000,0.387,0.115,0.498
871500,0.341,0.180,0.479
872000,0.281,0.221,0.498
872500,0.341,0.217,0.442
873000,0.281,0.235,0.484
873500,0.300,0.212,0.488
874000,0.396,0.101,0.502
874500,0.438,0.124,0.438
875000,0.415,0.111,0.475
875500,0.433,0.083,0.484
876000,0.433,0.069,0.498
876500,0.493,0.078,0.429
877000,0.475,0.092,0.433
877500,0.512,0.111,0.378
878000,0.461,0.101,0.438
878500,0.429,0.097,0.475
879000,0.479,0.088,0.433
879500,0.484,0.088,0.429
880000,0.594,0.051,0.355
880500,0.641,0.041,0.318
881000,0.599,0.051,0.350
881500,0.521,0.083,0.396
882000,0.387,0.115,0.498
882500,0.419,0.120,0.461
883000,0.341,0.166,0.493
883500,0.433,0.115,0.452
884000,0.406,0.134,0.461
884500,0.419,0.101,0.479
885000,0.502,0.097,0.401
885500,0.419,0.134,0.447
886000,0.382,0.124,0.493
886500,0.442,0.097,0.461
887000,0.581,0.055,0.364
887500,0.604,0.055,0.341
888000,0.581,0.051,0.369
888500,0.585,0.083,0.332
889000,0.567,0.106,0.327
889500,0.581,0.065,0.355
890000,0.705,0.037,0.258
890500,0.756,0.023,0.221
891000,0.765,0.028,0.207
891500,0.811,0.018,0.171
892000,0.843,0.018,0.138
892500,0.825,0.014,0.161
893000,0.788,0.037,0.175
893500,0.880,0.009,0.111
894000,0.885,0.018,0.097
894500,0.862,0.009,0.129
895000,0.866,0.005,0.129
895500,0.802,0.005,0.194
896000,0.742,0.028,0.230
896500,0.756,0.005,0.240
897000,0.705,0.009,0.286
897500,0.728,0.018,0.253
898000,0.691,0.018,0.290
898500,0.719,0.023,0.258
899000,0.714,0.028,0.258
899500,0.737,0.014,0.249
900000,0.710,0.028,0.263
900500,0.747,0.032,0.221
901000,0.719,0.018,0.263
901500,0.737,0.028,0.235
902000,0.696,0.037,0.267
902500,0.636,0.023,0.341
903000,0.687,0.074,0.240
903500,0.691,0.041,0.267
904000,0.668,0.028,0.304
904500,0.627,0.041,0.332
905000,0.594,0.055,0.350
905500,0.544,0.060,0.396
906000,0.493,0.115,0.392
906500,0.530,0.078,0.392
907000,0.484,0.083,0.433
907500,0.442,0.106,0.452
908000,0.456,0.083,0.461
908500,0.502,0.097,0.401
909000,0.594,0.083,0.323
909500,0.558,0.055,0.387
910000,0.585,0.074,0.341
910500,0.590,0.069,0.341
911000,0.613,0.041,0.346
911500,0.608,0.060,0.332
912000,0.622,0.051,0.327
912500,0.613,0.055,0.332
913000,0.599,0.032,0.369
913500,0.594,0.041,0.364
914000,0.475,0.101,0.424
914500,0.406,0.120,0.475
915000,0.369,0.138,0.493
915500,0.382,0.166,0.452
916000,0.406,0.129,0.465
916500,0.378,0.189,0.433
917000,0.507,0.101,0.392
917500,0.438,0.129,0.433
918000,0.387,0.138,0.475
918500,0.359,0.189,0.452
919000,0.258,0.226,0.516
919500,0.304,0.249,0.447
920000,0.258,0.230,0.512
920500,0.258,0.286,0.456
921000,0.281,0.267,0.452
921500,0.267,0.300,0.433
922000,0.212,0.267,0.521
922500,0.286,0.313,0.401
923000,0.171,0.304,0.525
923500,0.258,0.290,0.452
924000,0.207,0.235,0.558
924500,0.281,0.226,0.493
925000,0.281,0.198,0.521
925500,0.281,0.258,0.461
926000,0.276,0.226,0.498
926500,0.249,0.207,0.544
927000,0.369,0.189,0.442
927500,0.258,0.226,0.516
928000,0.276,0.226,0.498
928500,0.212,0.184,0.604
929000,0.369,0.161,0.470
929500,0.410,0.157,0.433
930000,0.359,0.134,0.507
930500,0.433,0.124,0.442
931000,0.401,0.157,0.442
931500,0.387,0.184,0.429
932000,0.396,0.143,0.461
932500,0.355,0.189,0.456
933000,0.253,0.221,0.525
933500,0.323,0.161,0.516
934000,0.447,0.115,0.438
934500,0.479,0.078,0.442
935000,0.498,0.074,0.429
935500,0.590,0.023,0.387
936000,0.553,0.041,0.406
936500,0.608,0.060,0.332
937000,0.664,0.037,0.300
937500,0.719,0.028,0.253
938000,0.719,0.028,0.253
938500,0.728,0.018,0.253
939000,0.668,0.018,0.313
939500,0.724,0.023,0.253
940000,0.696,0.023,0.281
940500,0.691,0.055,0.253
941000,0.714,0.028,0.258
941500,0.724,0.009,0.267
942000,0.691,0.009,0.300
942500,0.581,0.069,0.350
943000,0.438,0.069,0.493
943500,0.461,0.074,0.465
944000,0.512,0.069,0.419
944500,0.484,0.060,0.456
945000,0.576,0.069,0.355
945500,0.604,0.041,0.355
946000,0.627,0.032,0.341
946500,0.696,0.009,0.295
947000,0.668,0.032,0.300
947500,0.747,0.014,0.240
948000,0.756,0.005,0.240
948500,0.788,0.028,0.184
949000,0.843,0.014,0.143
949500,0.783,0.005,0.212
950000,0.783,0.018,0.198
950500,0.714,0.014,0.272
951000,0.756,0.009,0.235
951500,0.862,0.000,0.138
952000,0.866,0.000,0.134
952500,0.834,0.000,0.166
953000,0.770,0.018,0.212
953500,0.862,0.009,0.129
954000,0.843,0.000,0.157
954500,0.829,0.000,0.171
955000,0.829,0.005,0.166
955500,0.876,0.000,0.124
956000,0.889,0.005,0.106
956500,0.839,0.018,0.143
957000,0.719,0.037,0.244
957500,0.710,0.055,0.235
958000,0.710,0.032,0.258
958500,0.747,0.028,0.226
959000,0.756,0.009,0.235
959500,0.770,0.014,0.217
960000,0.811,0.005,0.184
960500,0.779,0.014,0.207
961000,0.760,0.005,0.235
961500,0.760,0.032,0.207
962000,0.724,0.014,0.263
962500,0.774,0.037,0.189
963000,0.751,0.009,0.240
963500,0.728,0.028,0.244
964000,0.700,0.023,0.276
964500,0.631,0.023,0.346
965000,0.650,0.037,0.313
965500,0.636,0.041,0.323
966000,0.668,0.028,0.304
966500,0.631,0.074,0.295
967000,0.645,0.051,0.304
967500,0.650,0.023,0.327
968000,0.673,0.037,0.290
968500,0.654,0.032,0.313
969000,0.673,0.051,0.276
969500,0.696,0.028,0.276
970000,0.650,0.037,0.313
970500,0.691,0.028,0.281
971000,0.737,0.014,0.249
971500,0.733,0.014,0.253
972000,0.760,0.023,0.217
972500,0.797,0.018,0.184
973000,0.747,0.032,0.221
973500,0.668,0.046,0.286
974000,0.724,0.046,0.230
974500,0.664,0.028,0.309
975000,0.696,0.018,0.286
975500,0.682,0.018,0.300
976000,0.682,0.023,0.295
976500,0.608,0.037,0.355
977000,0.650,0.005,0.346
977500,0.696,0.009,0.295
978000,0.641,0.051,0.309
978500,0.631,0.037,0.332
979000,0.539,0.037,0.424
979500,0.599,0.046,0.355
980000,0.608,0.032,0.359
980500,0.535,0.083,0.382
981000,0.475,0.106,0.419
981500,0.382,0.152,0.465
982000,0.401,0.147,0.452
982500,0.392,0.124,0.484
983000,0.438,0.106,0.456
983500,0.373,0.106,0.521
984000,0.364,0.134,0.502
984500,0.406,0.124,0.470
985000,0.410,0.129,0.461
985500,0.378,0.134,0.488
986000,0.369,0.147,0.484
986500,0.359,0.115,0.525
987000,0.286,0.184,0.530
987500,0.346,0.092,0.562
988000,0.452,0.115,0.433
988500,0.442,0.115,0.442
989000,0.373,0.184,0.442
989500,0.387,0.152,0.461
990000,0.465,0.138,0.396
990500,0.581,0.055,0.364
991000,0.530,0.088,0.382
991500,0.521,0.083,0.396
992000,0.475,0.078,0.447
992500,0.530,0.041,0.429
993000,0.599,0.051,0.350
993500,0.465,0.083,0.452
994000,0.521,0.115,0.364
994500,0.442,0.111,0.447
995000,0.401,0.124,0.475
995500,0.410,0.101,0.488
996000,0.318,0.161,0.521
996500,0.452,0.106,0.442
997000,0.507,0.088,0.406
997500,0.590,0.032,0.378
998000,0.590,0.046,0.364
998500,0.521,0.037,0.442
999000,0.525,0.041,0.433
999500,0.548,0.083,0.369
1000000,0.470,0.097,0.433
