time,n_A+p,n_B,n_AB
500,0.080,0.569,0.351
1000,0.080,0.412,0.508
1500,0.080,0.309,0.611
2000,0.090,0.298,0.612
2500,0.080,0.289,0.631
3000,0.089,0.230,0.681
3500,0.081,0.319,0.600
4000,0.095,0.182,0.723
4500,0.093,0.280,0.627
5000,0.089,0.219,0.692
5500,0.080,0.358,0.562
6000,0.080,0.327,0.593
6500,0.092,0.248,0.660
7000,0.153,0.142,0.705
7500,0.733,0.004,0.263
8000,0.968,0.000,0.032
8500,0.994,0.000,0.006
9000,1.000,0.000,0.000
