time,n_A+p,n_B,n_AB
500,0.080,0.799,0.121
1000,0.080,0.713,0.208
1500,0.080,0.674,0.246
2000,0.080,0.649,0.271
2500,0.080,0.585,0.336
3000,0.084,0.554,0.362
3500,0.081,0.552,0.367
4000,0.082,0.569,0.349
4500,0.081,0.534,0.385
5000,0.082,0.600,0.318
5500,0.081,0.553,0.366
6000,0.081,0.545,0.374
6500,0.081,0.538,0.381
7000,0.081,0.549,0.370
7500,0.080,0.550,0.370
8000,0.081,0.532,0.387
8500,0.081,0.492,0.427
9000,0.080,0.543,0.377
9500,0.082,0.539,0.379
10000,0.081,0.492,0.427
10500,0.083,0.500,0.417
11000,0.083,0.533,0.384
11500,0.083,0.534,0.383
12000,0.082,0.530,0.388
12500,0.080,0.547,0.373
13000,0.080,0.529,0.391
13500,0.085,0.480,0.435
14000,0.081,0.487,0.432
14500,0.084,0.483,0.433
15000,0.082,0.479,0.439
15500,0.088,0.512,0.400
16000,0.084,0.500,0.416
16500,0.083,0.498,0.419
17000,0.085,0.517,0.398
17500,0.082,0.513,0.405
18000,0.084,0.554,0.362
18500,0.082,0.553,0.365
19000,0.080,0.528,0.392
19500,0.084,0.539,0.377
20000,0.082,0.518,0.400
20500,0.082,0.508,0.410
21000,0.083,0.480,0.437
21500,0.082,0.487,0.431
22000,0.081,0.534,0.385
22500,0.082,0.536,0.382
23000,0.080,0.580,0.340
23500,0.082,0.530,0.388
24000,0.082,0.515,0.403
24500,0.081,0.534,0.385
25000,0.080,0.500,0.420
25500,0.085,0.482,0.433
26000,0.086,0.492,0.422
26500,0.081,0.503,0.416
27000,0.081,0.553,0.366
27500,0.080,0.608,0.312
28000,0.080,0.573,0.348
28500,0.080,0.559,0.361
29000,0.081,0.495,0.424
29500,0.083,0.507,0.410
30000,0.080,0.487,0.433
30500,0.083,0.501,0.416
31000,0.082,0.482,0.436
31500,0.083,0.516,0.401
32000,0.084,0.548,0.368
32500,0.081,0.510,0.409
33000,0.083,0.480,0.437
33500,0.082,0.527,0.391
34000,0.084,0.507,0.409
34500,0.087,0.513,0.400
35000,0.083,0.505,0.412
35500,0.083,0.507,0.410
36000,0.081,0.518,0.401
36500,0.080,0.493,0.427
37000,0.082,0.498,0.420
37500,0.082,0.507,0.411
38000,0.082,0.525,0.393
38500,0.082,0.533,0.385
39000,0.083,0.535,0.382
39500,0.082,0.558,0.360
40000,0.082,0.501,0.417
40500,0.081,0.456,0.464
41000,0.082,0.510,0.408
41500,0.081,0.564,0.356
42000,0.080,0.550,0.370
42500,0.082,0.509,0.409
43000,0.081,0.511,0.408
43500,0.082,0.512,0.406
44000,0.082,0.537,0.381
44500,0.083,0.506,0.411
45000,0.081,0.531,0.388
45500,0.083,0.550,0.367
46000,0.083,0.553,0.364
46500,0.081,0.558,0.361
47000,0.080,0.521,0.399
47500,0.084,0.520,0.396
48000,0.083,0.493,0.424
48500,0.081,0.512,0.407
49000,0.080,0.536,0.384
49500,0.080,0.584,0.337
50000,0.080,0.561,0.359
50500,0.083,0.521,0.396
51000,0.082,0.561,0.357
51500,0.081,0.575,0.345
52000,0.080,0.565,0.356
52500,0.081,0.563,0.356
53000,0.082,0.569,0.350
53500,0.081,0.562,0.357
54000,0.081,0.564,0.356
54500,0.080,0.513,0.407
55000,0.080,0.519,0.401
55500,0.085,0.520,0.395
56000,0.080,0.478,0.442
56500,0.080,0.451,0.470
57000,0.080,0.496,0.424
57500,0.083,0.446,0.472
58000,0.083,0.485,0.432
58500,0.081,0.532,0.387
59000,0.081,0.574,0.346
59500,0.081,0.586,0.334
60000,0.080,0.531,0.389
60500,0.082,0.558,0.360
61000,0.080,0.540,0.380
61500,0.080,0.562,0.358
62000,0.080,0.571,0.350
62500,0.080,0.517,0.403
63000,0.080,0.546,0.374
63500,0.080,0.523,0.397
64000,0.080,0.540,0.380
64500,0.080,0.560,0.360
65000,0.080,0.550,0.370
65500,0.080,0.585,0.336
66000,0.080,0.582,0.339
66500,0.080,0.580,0.340
67000,0.080,0.585,0.335
67500,0.080,0.559,0.361
68000,0.080,0.591,0.329
68500,0.080,0.550,0.370
69000,0.083,0.515,0.402
69500,0.082,0.509,0.409
70000,0.084,0.503,0.413
70500,0.082,0.481,0.438
71000,0.082,0.537,0.381
71500,0.080,0.555,0.365
72000,0.080,0.539,0.381
72500,0.080,0.547,0.373
73000,0.080,0.571,0.349
73500,0.080,0.532,0.388
74000,0.082,0.554,0.364
74500,0.084,0.515,0.401
75000,0.084,0.521,0.395
75500,0.083,0.542,0.375
76000,0.081,0.514,0.405
76500,0.082,0.533,0.385
77000,0.081,0.564,0.356
77500,0.081,0.513,0.406
78000,0.080,0.493,0.427
78500,0.080,0.547,0.373
79000,0.081,0.540,0.379
79500,0.081,0.546,0.373
80000,0.080,0.573,0.347
80500,0.083,0.563,0.354
81000,0.081,0.605,0.315
81500,0.081,0.573,0.347
82000,0.080,0.551,0.369
82500,0.085,0.510,0.405
83000,0.083,0.536,0.381
83500,0.083,0.537,0.380
84000,0.082,0.512,0.406
84500,0.084,0.497,0.419
85000,0.082,0.523,0.395
85500,0.080,0.510,0.410
86000,0.080,0.469,0.451
86500,0.080,0.490,0.430
87000,0.080,0.562,0.358
87500,0.080,0.565,0.356
88000,0.080,0.548,0.372
88500,0.082,0.523,0.395
89000,0.084,0.506,0.410
89500,0.083,0.481,0.436
90000,0.081,0.531,0.388
90500,0.080,0.542,0.378
91000,0.080,0.525,0.395
91500,0.080,0.551,0.369
92000,0.080,0.554,0.366
92500,0.080,0.552,0.368
93000,0.080,0.489,0.431
93500,0.081,0.526,0.393
94000,0.080,0.610,0.310
94500,0.080,0.578,0.342
95000,0.081,0.552,0.367
95500,0.081,0.560,0.359
96000,0.080,0.542,0.378
96500,0.080,0.551,0.369
97000,0.080,0.562,0.358
97500,0.080,0.549,0.371
98000,0.080,0.554,0.366
98500,0.080,0.540,0.380
99000,0.080,0.539,0.381
99500,0.080,0.528,0.392
100000,0.080,0.567,0.354
100500,0.080,0.578,0.342
101000,0.082,0.580,0.339
101500,0.082,0.510,0.408
102000,0.084,0.514,0.402
102500,0.085,0.506,0.409
103000,0.082,0.468,0.450
103500,0.081,0.490,0.429
104000,0.080,0.512,0.408
104500,0.080,0.504,0.416
105000,0.088,0.540,0.371
105500,0.084,0.566,0.351
106000,0.081,0.522,0.397
106500,0.080,0.549,0.371
107000,0.083,0.534,0.383
107500,0.083,0.522,0.395
108000,0.083,0.477,0.440
108500,0.086,0.484,0.430
109000,0.086,0.521,0.393
109500,0.084,0.513,0.403
110000,0.082,0.516,0.402
110500,0.081,0.529,0.390
111000,0.080,0.532,0.388
111500,0.082,0.512,0.406
112000,0.081,0.480,0.440
112500,0.080,0.511,0.409
113000,0.080,0.543,0.377
113500,0.080,0.495,0.425
114000,0.089,0.499,0.412
114500,0.082,0.490,0.428
115000,0.082,0.528,0.390
115500,0.081,0.494,0.425
116000,0.082,0.542,0.376
116500,0.081,0.514,0.405
117000,0.080,0.495,0.425
117500,0.080,0.534,0.386
118000,0.080,0.519,0.401
118500,0.080,0.496,0.424
119000,0.085,0.549,0.366
119500,0.083,0.528,0.389
120000,0.081,0.553,0.366
120500,0.081,0.540,0.379
121000,0.080,0.577,0.343
121500,0.080,0.552,0.368
122000,0.080,0.584,0.337
122500,0.083,0.601,0.316
123000,0.081,0.566,0.353
123500,0.080,0.545,0.375
124000,0.080,0.564,0.357
124500,0.082,0.555,0.363
125000,0.084,0.545,0.371
125500,0.082,0.555,0.363
126000,0.082,0.516,0.402
126500,0.085,0.484,0.431
127000,0.082,0.507,0.411
127500,0.084,0.513,0.403
128000,0.082,0.535,0.383
128500,0.081,0.537,0.382
129000,0.080,0.533,0.387
129500,0.083,0.512,0.405
130000,0.085,0.487,0.428
130500,0.088,0.493,0.419
131000,0.081,0.496,0.423
131500,0.081,0.502,0.417
132000,0.081,0.530,0.389
132500,0.080,0.498,0.422
133000,0.080,0.511,0.409
133500,0.082,0.536,0.382
134000,0.080,0.538,0.382
134500,0.080,0.563,0.357
135000,0.084,0.554,0.362
135500,0.083,0.546,0.371
136000,0.084,0.482,0.434
136500,0.085,0.490,0.425
137000,0.083,0.465,0.452
137500,0.086,0.472,0.442
138000,0.081,0.486,0.433
138500,0.081,0.541,0.378
139000,0.080,0.549,0.371
139500,0.081,0.531,0.388
140000,0.086,0.497,0.417
140500,0.090,0.521,0.388
141000,0.084,0.535,0.381
141500,0.081,0.532,0.387
142000,0.081,0.512,0.407
142500,0.085,0.436,0.479
143000,0.083,0.488,0.429
143500,0.084,0.498,0.418
144000,0.082,0.509,0.409
144500,0.083,0.502,0.415
145000,0.081,0.550,0.369
145500,0.081,0.567,0.353
146000,0.081,0.597,0.323
146500,0.080,0.597,0.324
147000,0.084,0.577,0.340
147500,0.081,0.555,0.364
148000,0.080,0.569,0.351
148500,0.085,0.557,0.358
149000,0.082,0.562,0.356
149500,0.082,0.552,0.366
150000,0.081,0.508,0.411
150500,0.081,0.508,0.411
151000,0.080,0.560,0.360
151500,0.082,0.530,0.388
152000,0.081,0.517,0.402
152500,0.080,0.519,0.401
153000,0.080,0.531,0.389
153500,0.080,0.542,0.378
154000,0.082,0.521,0.397
154500,0.081,0.536,0.383
155000,0.080,0.529,0.391
155500,0.086,0.494,0.420
156000,0.086,0.502,0.411
156500,0.088,0.486,0.425
157000,0.088,0.484,0.427
157500,0.088,0.422,0.490
158000,0.085,0.463,0.453
158500,0.090,0.475,0.435
159000,0.085,0.514,0.401
159500,0.084,0.456,0.461
160000,0.087,0.432,0.480
160500,0.089,0.451,0.460
161000,0.086,0.496,0.418
161500,0.083,0.495,0.422
162000,0.084,0.485,0.431
162500,0.083,0.471,0.447
163000,0.083,0.517,0.400
163500,0.082,0.504,0.414
164000,0.080,0.505,0.415
164500,0.083,0.478,0.439
165000,0.082,0.468,0.450
165500,0.081,0.569,0.351
166000,0.082,0.512,0.406
166500,0.082,0.514,0.404
167000,0.081,0.530,0.389
167500,0.081,0.518,0.401
168000,0.080,0.500,0.420
168500,0.082,0.514,0.404
169000,0.080,0.550,0.370
169500,0.080,0.520,0.400
170000,0.080,0.558,0.362
170500,0.080,0.585,0.336
171000,0.080,0.550,0.370
171500,0.080,0.552,0.368
172000,0.080,0.557,0.363
172500,0.080,0.576,0.344
173000,0.080,0.584,0.336
173500,0.081,0.577,0.342
174000,0.080,0.535,0.385
174500,0.081,0.516,0.403
175000,0.080,0.565,0.355
175500,0.080,0.626,0.294
176000,0.082,0.568,0.350
176500,0.081,0.564,0.356
177000,0.080,0.562,0.358
177500,0.081,0.580,0.340
178000,0.080,0.573,0.347
178500,0.082,0.550,0.368
179000,0.081,0.566,0.353
179500,0.083,0.528,0.389
180000,0.081,0.569,0.351
180500,0.080,0.521,0.399
181000,0.083,0.563,0.355
181500,0.084,0.576,0.341
182000,0.081,0.564,0.356
182500,0.084,0.560,0.356
183000,0.081,0.539,0.380
183500,0.081,0.576,0.344
184000,0.085,0.548,0.367
184500,0.083,0.554,0.363
185000,0.082,0.500,0.418
185500,0.081,0.534,0.385
186000,0.081,0.510,0.409
186500,0.080,0.514,0.406
187000,0.080,0.512,0.408
187500,0.080,0.527,0.393
188000,0.080,0.521,0.399
188500,0.082,0.526,0.392
189000,0.081,0.562,0.357
189500,0.080,0.575,0.346
190000,0.083,0.564,0.353
190500,0.080,0.548,0.372
191000,0.083,0.547,0.370
191500,0.080,0.529,0.391
192000,0.080,0.559,0.361
192500,0.080,0.543,0.377
193000,0.080,0.514,0.406
193500,0.084,0.531,0.385
194000,0.085,0.534,0.381
194500,0.083,0.489,0.428
195000,0.084,0.547,0.369
195500,0.083,0.565,0.353
196000,0.083,0.485,0.432
196500,0.088,0.520,0.391
197000,0.084,0.486,0.430
197500,0.081,0.516,0.403
198000,0.084,0.535,0.381
198500,0.082,0.506,0.412
199000,0.086,0.476,0.439
199500,0.083,0.496,0.421
200000,0.081,0.542,0.377
200500,0.080,0.526,0.394
201000,0.081,0.537,0.382
201500,0.080,0.509,0.411
202000,0.080,0.515,0.405
202500,0.084,0.495,0.421
203000,0.081,0.496,0.423
203500,0.082,0.508,0.410
204000,0.080,0.496,0.424
204500,0.084,0.536,0.380
205000,0.082,0.515,0.403
205500,0.080,0.535,0.385
206000,0.080,0.544,0.376
206500,0.080,0.550,0.370
207000,0.081,0.527,0.392
207500,0.080,0.527,0.393
208000,0.080,0.556,0.364
208500,0.082,0.540,0.378
209000,0.081,0.579,0.341
209500,0.081,0.520,0.399
210000,0.080,0.548,0.372
210500,0.080,0.565,0.356
211000,0.080,0.560,0.360
211500,0.080,0.554,0.366
212000,0.080,0.547,0.373
212500,0.080,0.538,0.382
213000,0.083,0.535,0.382
213500,0.081,0.558,0.361
214000,0.080,0.520,0.400
214500,0.080,0.549,0.371
215000,0.080,0.550,0.370
215500,0.082,0.537,0.381
216000,0.080,0.534,0.386
216500,0.080,0.566,0.354
217000,0.080,0.553,0.367
217500,0.080,0.558,0.362
218000,0.082,0.588,0.331
218500,0.080,0.587,0.334
219000,0.080,0.551,0.369
219500,0.080,0.535,0.385
220000,0.080,0.515,0.405
220500,0.080,0.473,0.447
221000,0.082,0.530,0.388
221500,0.081,0.549,0.370
222000,0.084,0.507,0.409
222500,0.081,0.503,0.416
223000,0.086,0.511,0.403
223500,0.085,0.521,0.394
224000,0.084,0.578,0.339
224500,0.083,0.555,0.362
225000,0.081,0.554,0.365
225500,0.080,0.575,0.346
226000,0.082,0.585,0.333
226500,0.082,0.547,0.371
227000,0.083,0.585,0.333
227500,0.081,0.568,0.352
228000,0.080,0.549,0.371
228500,0.080,0.531,0.389
229000,0.080,0.569,0.351
229500,0.083,0.548,0.369
230000,0.083,0.540,0.377
230500,0.083,0.564,0.353
231000,0.081,0.548,0.371
231500,0.081,0.556,0.363
232000,0.080,0.551,0.369
232500,0.080,0.606,0.314
233000,0.080,0.551,0.369
233500,0.082,0.552,0.366
234000,0.081,0.523,0.396
234500,0.081,0.525,0.394
235000,0.082,0.502,0.416
235500,0.081,0.525,0.394
236000,0.084,0.489,0.427
236500,0.087,0.458,0.455
237000,0.083,0.533,0.384
237500,0.082,0.563,0.356
238000,0.080,0.569,0.351
238500,0.081,0.604,0.316
239000,0.080,0.568,0.353
239500,0.080,0.608,0.312
240000,0.080,0.536,0.384
240500,0.080,0.527,0.393
241000,0.080,0.539,0.381
241500,0.080,0.599,0.321
242000,0.084,0.588,0.329
242500,0.081,0.598,0.322
243000,0.080,0.549,0.371
243500,0.080,0.546,0.374
244000,0.082,0.534,0.384
244500,0.082,0.520,0.398
245000,0.081,0.519,0.400
245500,0.083,0.555,0.362
246000,0.081,0.564,0.356
246500,0.080,0.589,0.332
247000,0.080,0.531,0.389
247500,0.084,0.548,0.368
248000,0.080,0.534,0.386
248500,0.080,0.553,0.367
249000,0.080,0.588,0.333
249500,0.080,0.553,0.367
250000,0.080,0.612,0.308
250500,0.082,0.596,0.322
251000,0.081,0.555,0.364
251500,0.084,0.554,0.362
252000,0.081,0.506,0.413
252500,0.085,0.504,0.411
253000,0.082,0.476,0.442
253500,0.082,0.483,0.435
254000,0.084,0.460,0.457
254500,0.081,0.449,0.470
255000,0.081,0.492,0.427
255500,0.084,0.519,0.397
256000,0.086,0.519,0.395
256500,0.084,0.531,0.385
257000,0.084,0.488,0.428
257500,0.087,0.494,0.419
258000,0.083,0.487,0.430
258500,0.092,0.420,0.487
259000,0.095,0.452,0.454
259500,0.086,0.486,0.428
260000,0.088,0.462,0.450
260500,0.089,0.424,0.487
261000,0.087,0.475,0.438
261500,0.082,0.473,0.445
262000,0.082,0.457,0.461
262500,0.081,0.474,0.445
263000,0.080,0.471,0.449
263500,0.084,0.495,0.421
264000,0.082,0.494,0.424
264500,0.082,0.489,0.429
265000,0.083,0.485,0.432
265500,0.083,0.461,0.456
266000,0.083,0.482,0.435
266500,0.083,0.519,0.398
267000,0.084,0.514,0.402
267500,0.082,0.570,0.349
268000,0.082,0.554,0.364
268500,0.082,0.562,0.356
269000,0.081,0.564,0.356
269500,0.080,0.521,0.399
270000,0.080,0.566,0.354
270500,0.080,0.596,0.325
271000,0.080,0.546,0.374
271500,0.080,0.573,0.347
272000,0.083,0.544,0.373
272500,0.082,0.582,0.336
273000,0.081,0.555,0.364
273500,0.086,0.528,0.385
274000,0.085,0.535,0.380
274500,0.083,0.548,0.369
275000,0.083,0.541,0.376
275500,0.081,0.529,0.390
276000,0.080,0.573,0.347
276500,0.080,0.557,0.363
277000,0.080,0.554,0.366
277500,0.083,0.556,0.361
278000,0.084,0.525,0.391
278500,0.082,0.516,0.402
279000,0.080,0.546,0.374
279500,0.080,0.529,0.391
280000,0.083,0.516,0.401
280500,0.084,0.498,0.418
281000,0.081,0.481,0.439
281500,0.081,0.523,0.396
282000,0.082,0.546,0.372
282500,0.081,0.534,0.385
283000,0.082,0.578,0.341
283500,0.081,0.609,0.311
284000,0.081,0.566,0.354
284500,0.080,0.593,0.328
285000,0.080,0.582,0.339
285500,0.080,0.581,0.340
286000,0.080,0.553,0.367
286500,0.082,0.551,0.367
287000,0.080,0.546,0.374
287500,0.082,0.534,0.384
288000,0.080,0.493,0.427
288500,0.084,0.484,0.432
289000,0.086,0.507,0.406
289500,0.082,0.497,0.421
290000,0.084,0.552,0.364
290500,0.082,0.541,0.377
291000,0.082,0.475,0.443
291500,0.081,0.488,0.431
292000,0.080,0.537,0.383
292500,0.080,0.559,0.361
293000,0.080,0.516,0.404
293500,0.080,0.511,0.409
294000,0.080,0.519,0.401
294500,0.080,0.531,0.389
295000,0.082,0.510,0.408
295500,0.081,0.525,0.394
296000,0.081,0.500,0.419
296500,0.083,0.525,0.392
297000,0.081,0.508,0.411
297500,0.081,0.546,0.373
298000,0.082,0.575,0.344
298500,0.085,0.500,0.415
299000,0.084,0.543,0.373
299500,0.082,0.561,0.357
300000,0.080,0.524,0.396
300500,0.080,0.505,0.415
301000,0.080,0.565,0.355
301500,0.080,0.541,0.379
302000,0.081,0.488,0.431
302500,0.084,0.485,0.431
303000,0.084,0.506,0.410
303500,0.083,0.502,0.415
304000,0.088,0.470,0.442
304500,0.085,0.486,0.429
305000,0.083,0.514,0.403
305500,0.085,0.505,0.410
306000,0.081,0.528,0.391
306500,0.080,0.588,0.333
307000,0.080,0.643,0.277
307500,0.080,0.630,0.290
308000,0.080,0.560,0.360
308500,0.083,0.553,0.364
309000,0.081,0.533,0.386
309500,0.081,0.529,0.390
310000,0.082,0.547,0.371
310500,0.081,0.564,0.356
311000,0.081,0.553,0.366
311500,0.081,0.534,0.385
312000,0.084,0.543,0.373
312500,0.082,0.538,0.380
313000,0.081,0.527,0.392
313500,0.083,0.513,0.404
314000,0.081,0.516,0.403
314500,0.082,0.517,0.401
315000,0.081,0.520,0.399
315500,0.082,0.566,0.353
316000,0.080,0.541,0.379
316500,0.080,0.574,0.347
317000,0.080,0.528,0.392
317500,0.080,0.569,0.351
318000,0.080,0.581,0.340
318500,0.080,0.539,0.381
319000,0.082,0.465,0.453
319500,0.085,0.455,0.460
320000,0.081,0.474,0.445
320500,0.083,0.434,0.483
321000,0.086,0.428,0.486
321500,0.085,0.473,0.443
322000,0.084,0.475,0.441
322500,0.080,0.522,0.398
323000,0.080,0.524,0.396
323500,0.080,0.541,0.379
324000,0.080,0.496,0.424
324500,0.080,0.548,0.372
325000,0.082,0.557,0.361
325500,0.081,0.595,0.325
326000,0.080,0.536,0.384
326500,0.083,0.539,0.378
327000,0.081,0.537,0.382
327500,0.081,0.526,0.393
328000,0.082,0.538,0.380
328500,0.081,0.547,0.372
329000,0.081,0.562,0.357
329500,0.082,0.533,0.385
330000,0.083,0.501,0.416
330500,0.081,0.522,0.397
331000,0.080,0.510,0.410
331500,0.080,0.542,0.378
332000,0.083,0.545,0.372
332500,0.081,0.491,0.428
333000,0.086,0.481,0.433
333500,0.086,0.469,0.445
334000,0.083,0.503,0.414
334500,0.081,0.523,0.396
335000,0.086,0.527,0.387
335500,0.083,0.489,0.428
336000,0.085,0.516,0.399
336500,0.086,0.515,0.399
337000,0.084,0.508,0.408
337500,0.084,0.498,0.418
338000,0.082,0.520,0.398
338500,0.084,0.504,0.412
339000,0.081,0.484,0.435
339500,0.081,0.512,0.407
340000,0.080,0.522,0.398
340500,0.085,0.489,0.426
341000,0.082,0.497,0.421
341500,0.081,0.540,0.379
342000,0.081,0.483,0.436
342500,0.080,0.560,0.360
343000,0.080,0.525,0.395
343500,0.080,0.558,0.362
344000,0.080,0.568,0.352
344500,0.080,0.504,0.416
345000,0.080,0.475,0.445
345500,0.080,0.497,0.423
346000,0.083,0.506,0.411
346500,0.081,0.498,0.421
347000,0.081,0.522,0.397
347500,0.082,0.515,0.403
348000,0.081,0.509,0.410
348500,0.083,0.564,0.354
349000,0.085,0.515,0.400
349500,0.085,0.519,0.396
350000,0.080,0.503,0.417
350500,0.082,0.531,0.387
351000,0.081,0.516,0.403
351500,0.082,0.537,0.381
352000,0.086,0.494,0.420
352500,0.083,0.486,0.431
353000,0.082,0.513,0.405
353500,0.081,0.515,0.404
354000,0.086,0.544,0.370
354500,0.082,0.524,0.394
355000,0.081,0.529,0.390
355500,0.083,0.519,0.398
356000,0.081,0.529,0.390
356500,0.080,0.544,0.376
357000,0.080,0.561,0.359
357500,0.080,0.557,0.363
358000,0.081,0.521,0.398
358500,0.085,0.503,0.412
359000,0.081,0.537,0.382
359500,0.081,0.525,0.394
360000,0.080,0.520,0.400
360500,0.080,0.557,0.363
361000,0.080,0.600,0.320
361500,0.080,0.578,0.342
362000,0.080,0.555,0.365
362500,0.080,0.583,0.337
363000,0.080,0.521,0.399
363500,0.080,0.540,0.380
364000,0.083,0.568,0.350
364500,0.082,0.478,0.440
365000,0.081,0.497,0.422
365500,0.084,0.510,0.406
366000,0.085,0.469,0.447
366500,0.082,0.455,0.464
367000,0.083,0.496,0.421
367500,0.081,0.526,0.393
368000,0.082,0.491,0.427
368500,0.081,0.494,0.425
369000,0.081,0.515,0.404
369500,0.080,0.536,0.384
370000,0.082,0.528,0.390
370500,0.082,0.528,0.390
371000,0.082,0.475,0.443
371500,0.085,0.469,0.447
372000,0.081,0.499,0.420
372500,0.083,0.493,0.424
373000,0.086,0.453,0.460
373500,0.086,0.491,0.423
374000,0.093,0.484,0.422
374500,0.086,0.513,0.401
375000,0.083,0.508,0.409
375500,0.081,0.523,0.396
376000,0.080,0.535,0.385
376500,0.083,0.523,0.394
377000,0.081,0.512,0.407
377500,0.085,0.508,0.407
378000,0.084,0.468,0.448
378500,0.085,0.466,0.449
379000,0.085,0.501,0.414
379500,0.081,0.551,0.368
380000,0.081,0.516,0.403
380500,0.084,0.531,0.385
381000,0.081,0.552,0.367
381500,0.080,0.519,0.401
382000,0.086,0.485,0.429
382500,0.083,0.528,0.389
383000,0.081,0.539,0.380
383500,0.080,0.568,0.353
384000,0.082,0.561,0.357
384500,0.081,0.595,0.325
385000,0.080,0.565,0.355
385500,0.083,0.533,0.384
386000,0.082,0.527,0.391
386500,0.081,0.520,0.399
387000,0.080,0.510,0.410
387500,0.080,0.536,0.384
388000,0.080,0.541,0.379
388500,0.080,0.540,0.380
389000,0.080,0.587,0.333
389500,0.082,0.564,0.354
390000,0.080,0.558,0.362
390500,0.083,0.530,0.387
391000,0.081,0.530,0.389
391500,0.080,0.565,0.356
392000,0.080,0.530,0.390
392500,0.080,0.529,0.391
393000,0.082,0.506,0.412
393500,0.081,0.544,0.375
394000,0.083,0.545,0.372
394500,0.084,0.539,0.377
395000,0.081,0.570,0.349
395500,0.084,0.531,0.385
396000,0.082,0.564,0.355
396500,0.082,0.593,0.326
397000,0.081,0.567,0.353
397500,0.080,0.548,0.372
398000,0.080,0.547,0.373
398500,0.080,0.570,0.351
399000,0.081,0.565,0.354
399500,0.080,0.566,0.355
400000,0.080,0.526,0.394
400500,0.080,0.527,0.393
401000,0.080,0.551,0.369
401500,0.080,0.527,0.393
402000,0.080,0.552,0.368
402500,0.080,0.536,0.384
403000,0.080,0.523,0.397
403500,0.080,0.473,0.447
404000,0.080,0.492,0.428
404500,0.084,0.509,0.407
405000,0.082,0.557,0.361
405500,0.081,0.526,0.393
406000,0.083,0.557,0.360
406500,0.083,0.520,0.397
407000,0.083,0.469,0.449
407500,0.088,0.471,0.441
408000,0.083,0.504,0.413
408500,0.083,0.498,0.419
409000,0.085,0.469,0.447
409500,0.085,0.512,0.403
410000,0.083,0.515,0.402
410500,0.081,0.556,0.363
411000,0.080,0.580,0.341
411500,0.080,0.531,0.389
412000,0.080,0.541,0.379
412500,0.083,0.513,0.404
413000,0.081,0.509,0.410
413500,0.083,0.499,0.418
414000,0.082,0.502,0.416
414500,0.080,0.492,0.428
415000,0.087,0.489,0.423
415500,0.083,0.450,0.467
416000,0.083,0.465,0.453
416500,0.081,0.516,0.403
417000,0.081,0.495,0.424
417500,0.086,0.506,0.408
418000,0.086,0.512,0.402
418500,0.082,0.559,0.359
419000,0.081,0.519,0.400
419500,0.080,0.488,0.432
420000,0.081,0.466,0.454
420500,0.080,0.496,0.424
421000,0.083,0.492,0.425
421500,0.086,0.468,0.446
422000,0.081,0.487,0.432
422500,0.081,0.565,0.355
423000,0.080,0.563,0.357
423500,0.080,0.542,0.378
424000,0.080,0.561,0.359
424500,0.080,0.546,0.374
425000,0.080,0.539,0.381
425500,0.081,0.505,0.414
426000,0.081,0.504,0.415
426500,0.080,0.520,0.400
427000,0.081,0.538,0.381
427500,0.080,0.552,0.368
428000,0.080,0.515,0.405
428500,0.083,0.511,0.406
429000,0.082,0.500,0.418
429500,0.085,0.500,0.415
430000,0.087,0.480,0.433
430500,0.087,0.477,0.435
431000,0.082,0.476,0.443
431500,0.080,0.467,0.454
432000,0.080,0.481,0.439
432500,0.085,0.470,0.445
433000,0.091,0.476,0.433
433500,0.088,0.469,0.443
434000,0.084,0.480,0.436
434500,0.085,0.460,0.456
435000,0.095,0.435,0.470
435500,0.087,0.462,0.452
436000,0.083,0.457,0.460
436500,0.083,0.480,0.438
437000,0.081,0.458,0.462
437500,0.086,0.514,0.400
438000,0.081,0.502,0.417
438500,0.081,0.543,0.376
439000,0.081,0.496,0.423
439500,0.084,0.526,0.390
440000,0.082,0.533,0.385
440500,0.082,0.553,0.365
441000,0.081,0.566,0.353
441500,0.081,0.534,0.385
442000,0.080,0.523,0.397
442500,0.085,0.558,0.357
443000,0.081,0.559,0.360
443500,0.083,0.545,0.372
444000,0.082,0.527,0.391
444500,0.082,0.511,0.407
445000,0.083,0.483,0.434
445500,0.082,0.476,0.443
446000,0.082,0.475,0.443
446500,0.084,0.504,0.412
447000,0.083,0.499,0.418
447500,0.087,0.506,0.407
448000,0.083,0.533,0.384
448500,0.081,0.539,0.380
449000,0.080,0.507,0.413
449500,0.080,0.540,0.380
450000,0.080,0.568,0.352
450500,0.082,0.549,0.369
451000,0.081,0.494,0.425
451500,0.081,0.507,0.412
452000,0.082,0.519,0.399
452500,0.081,0.540,0.379
453000,0.080,0.532,0.388
453500,0.080,0.549,0.371
454000,0.080,0.536,0.384
454500,0.080,0.501,0.419
455000,0.083,0.551,0.366
455500,0.082,0.527,0.391
456000,0.084,0.490,0.426
456500,0.081,0.552,0.367
457000,0.080,0.494,0.426
457500,0.080,0.475,0.445
458000,0.080,0.535,0.385
458500,0.082,0.505,0.413
459000,0.085,0.509,0.406
459500,0.082,0.532,0.386
460000,0.082,0.526,0.392
460500,0.081,0.509,0.410
461000,0.082,0.541,0.377
461500,0.085,0.539,0.376
462000,0.081,0.510,0.409
462500,0.082,0.511,0.407
463000,0.082,0.500,0.418
463500,0.081,0.552,0.367
464000,0.084,0.556,0.360
464500,0.081,0.548,0.371
465000,0.080,0.519,0.401
465500,0.080,0.547,0.373
466000,0.082,0.568,0.351
466500,0.080,0.529,0.391
467000,0.083,0.575,0.343
467500,0.084,0.555,0.361
468000,0.082,0.576,0.343
468500,0.081,0.558,0.361
469000,0.080,0.512,0.408
469500,0.083,0.513,0.404
470000,0.080,0.550,0.370
470500,0.080,0.499,0.421
471000,0.080,0.517,0.403
471500,0.084,0.541,0.375
472000,0.081,0.540,0.379
472500,0.080,0.557,0.363
473000,0.082,0.501,0.417
473500,0.081,0.498,0.421
474000,0.085,0.485,0.430
474500,0.086,0.478,0.436
475000,0.082,0.464,0.455
475500,0.081,0.503,0.416
476000,0.081,0.502,0.417
476500,0.080,0.510,0.410
477000,0.080,0.544,0.376
477500,0.080,0.540,0.380
478000,0.080,0.514,0.406
478500,0.080,0.549,0.371
479000,0.080,0.558,0.362
479500,0.080,0.544,0.376
480000,0.080,0.553,0.367
480500,0.080,0.568,0.352
481000,0.080,0.546,0.374
481500,0.080,0.561,0.359
482000,0.080,0.572,0.348
482500,0.080,0.593,0.328
483000,0.080,0.605,0.315
483500,0.080,0.576,0.345
484000,0.080,0.570,0.350
484500,0.080,0.601,0.320
485000,0.080,0.550,0.370
485500,0.082,0.518,0.400
486000,0.081,0.539,0.380
486500,0.080,0.528,0.392
487000,0.080,0.579,0.342
487500,0.081,0.557,0.362
488000,0.080,0.596,0.324
488500,0.080,0.575,0.345
489000,0.080,0.586,0.334
489500,0.083,0.523,0.394
490000,0.082,0.568,0.350
490500,0.080,0.566,0.355
491000,0.080,0.530,0.390
491500,0.082,0.570,0.349
492000,0.081,0.553,0.366
492500,0.084,0.553,0.363
493000,0.082,0.537,0.381
493500,0.084,0.524,0.392
494000,0.081,0.510,0.409
494500,0.081,0.542,0.377
495000,0.083,0.531,0.386
495500,0.081,0.524,0.395
496000,0.080,0.525,0.395
496500,0.081,0.539,0.380
497000,0.080,0.573,0.348
497500,0.080,0.559,0.361
498000,0.080,0.525,0.395
498500,0.084,0.533,0.383
499000,0.081,0.514,0.405
499500,0.080,0.529,0.391
500000,0.089,0.499,0.412
500500,0.086,0.505,0.409
501000,0.084,0.490,0.426
501500,0.085,0.529,0.386
502000,0.081,0.557,0.362
502500,0.080,0.563,0.357
503000,0.085,0.549,0.366
503500,0.082,0.520,0.398
504000,0.082,0.504,0.414
504500,0.082,0.522,0.396
505000,0.086,0.463,0.452
505500,0.083,0.503,0.414
506000,0.086,0.502,0.412
506500,0.086,0.529,0.385
507000,0.087,0.535,0.378
507500,0.082,0.509,0.409
508000,0.081,0.540,0.379
508500,0.080,0.550,0.370
509000,0.083,0.526,0.391
509500,0.081,0.553,0.366
510000,0.084,0.532,0.384
510500,0.087,0.537,0.376
511000,0.084,0.558,0.358
511500,0.081,0.541,0.378
512000,0.081,0.586,0.334
512500,0.081,0.564,0.356
513000,0.080,0.548,0.372
513500,0.082,0.577,0.342
514000,0.080,0.576,0.345
514500,0.080,0.589,0.332
515000,0.080,0.531,0.389
515500,0.084,0.494,0.422
516000,0.083,0.519,0.398
516500,0.084,0.526,0.390
517000,0.083,0.509,0.408
517500,0.085,0.484,0.431
518000,0.084,0.497,0.419
518500,0.082,0.520,0.398
519000,0.084,0.504,0.412
519500,0.081,0.511,0.408
520000,0.080,0.503,0.417
520500,0.080,0.521,0.399
521000,0.080,0.521,0.399
521500,0.083,0.542,0.375
522000,0.081,0.544,0.375
522500,0.084,0.510,0.406
523000,0.081,0.523,0.396
523500,0.081,0.558,0.361
524000,0.084,0.509,0.407
524500,0.084,0.503,0.413
525000,0.083,0.490,0.427
525500,0.085,0.506,0.409
526000,0.086,0.518,0.396
526500,0.081,0.530,0.389
527000,0.086,0.499,0.414
527500,0.084,0.462,0.455
528000,0.081,0.518,0.401
528500,0.081,0.497,0.422
529000,0.086,0.468,0.446
529500,0.084,0.502,0.414
530000,0.081,0.538,0.381
530500,0.081,0.498,0.421
531000,0.084,0.546,0.370
531500,0.081,0.591,0.328
532000,0.081,0.559,0.360
532500,0.081,0.533,0.386
533000,0.083,0.538,0.379
533500,0.086,0.502,0.411
534000,0.082,0.557,0.361
534500,0.083,0.563,0.355
535000,0.083,0.539,0.378
535500,0.081,0.579,0.340
536000,0.080,0.541,0.379
536500,0.080,0.508,0.412
537000,0.080,0.514,0.406
537500,0.080,0.521,0.399
538000,0.081,0.514,0.405
538500,0.082,0.496,0.422
539000,0.083,0.463,0.454
539500,0.084,0.541,0.375
540000,0.084,0.503,0.413
540500,0.083,0.493,0.424
541000,0.081,0.523,0.396
541500,0.085,0.487,0.428
542000,0.088,0.450,0.461
542500,0.084,0.440,0.476
543000,0.081,0.487,0.432
543500,0.081,0.543,0.376
544000,0.080,0.547,0.373
544500,0.080,0.566,0.355
545000,0.081,0.511,0.408
545500,0.081,0.545,0.374
546000,0.081,0.568,0.352
546500,0.081,0.567,0.353
547000,0.084,0.565,0.352
547500,0.081,0.515,0.404
548000,0.082,0.493,0.425
548500,0.081,0.478,0.442
549000,0.081,0.513,0.406
549500,0.081,0.504,0.415
550000,0.080,0.540,0.380
550500,0.081,0.519,0.400
551000,0.080,0.557,0.363
551500,0.086,0.572,0.342
552000,0.082,0.500,0.418
552500,0.083,0.494,0.423
553000,0.081,0.508,0.411
553500,0.080,0.554,0.366
554000,0.082,0.536,0.382
554500,0.084,0.544,0.372
555000,0.081,0.573,0.347
555500,0.082,0.535,0.383
556000,0.081,0.512,0.407
556500,0.081,0.484,0.435
557000,0.083,0.481,0.436
557500,0.082,0.540,0.378
558000,0.080,0.535,0.385
558500,0.080,0.564,0.357
559000,0.082,0.544,0.374
559500,0.085,0.537,0.378
560000,0.083,0.562,0.355
560500,0.081,0.561,0.358
561000,0.080,0.551,0.369
561500,0.083,0.535,0.382
562000,0.081,0.544,0.375
562500,0.081,0.542,0.377
563000,0.080,0.582,0.338
563500,0.080,0.580,0.341
564000,0.086,0.570,0.344
564500,0.086,0.548,0.365
565000,0.081,0.514,0.405
565500,0.080,0.540,0.380
566000,0.080,0.565,0.355
566500,0.080,0.502,0.418
567000,0.082,0.520,0.398
567500,0.080,0.527,0.393
568000,0.082,0.513,0.405
568500,0.080,0.531,0.389
569000,0.080,0.532,0.388
569500,0.082,0.516,0.402
570000,0.083,0.518,0.399
570500,0.085,0.501,0.414
571000,0.086,0.497,0.416
571500,0.084,0.485,0.431
572000,0.081,0.514,0.405
572500,0.080,0.519,0.401
573000,0.080,0.501,0.419
573500,0.080,0.530,0.390
574000,0.084,0.520,0.396
574500,0.084,0.514,0.402
575000,0.082,0.519,0.399
575500,0.083,0.518,0.399
576000,0.084,0.519,0.397
576500,0.082,0.571,0.348
577000,0.082,0.558,0.360
577500,0.083,0.582,0.335
578000,0.081,0.573,0.347
578500,0.080,0.535,0.385
579000,0.080,0.562,0.358
579500,0.080,0.566,0.354
580000,0.080,0.570,0.350
580500,0.080,0.546,0.374
581000,0.082,0.503,0.415
581500,0.085,0.532,0.383
582000,0.083,0.573,0.344
582500,0.081,0.560,0.359
583000,0.081,0.510,0.409
583500,0.080,0.498,0.422
584000,0.080,0.478,0.442
584500,0.080,0.525,0.395
585000,0.080,0.513,0.407
585500,0.083,0.573,0.345
586000,0.081,0.525,0.394
586500,0.083,0.584,0.334
587000,0.081,0.556,0.363
587500,0.081,0.514,0.405
588000,0.087,0.487,0.426
588500,0.084,0.497,0.419
589000,0.083,0.496,0.421
589500,0.083,0.480,0.437
590000,0.082,0.473,0.446
590500,0.084,0.506,0.410
591000,0.083,0.556,0.361
591500,0.082,0.541,0.377
592000,0.082,0.496,0.422
592500,0.081,0.541,0.378
593000,0.082,0.533,0.385
593500,0.082,0.517,0.401
594000,0.082,0.551,0.367
594500,0.080,0.567,0.354
595000,0.080,0.546,0.374
595500,0.083,0.575,0.342
596000,0.081,0.552,0.367
596500,0.080,0.518,0.402
597000,0.080,0.522,0.398
597500,0.080,0.541,0.379
598000,0.085,0.542,0.373
598500,0.082,0.517,0.401
599000,0.084,0.495,0.421
599500,0.082,0.523,0.395
600000,0.081,0.503,0.416
600500,0.080,0.510,0.410
601000,0.082,0.549,0.369
601500,0.086,0.518,0.396
602000,0.084,0.539,0.377
602500,0.082,0.515,0.403
603000,0.082,0.491,0.427
603500,0.081,0.523,0.396
604000,0.083,0.507,0.410
604500,0.081,0.504,0.415
605000,0.082,0.518,0.400
605500,0.086,0.529,0.385
606000,0.083,0.526,0.391
606500,0.082,0.562,0.356
607000,0.081,0.568,0.352
607500,0.083,0.556,0.361
608000,0.082,0.575,0.344
608500,0.082,0.562,0.356
609000,0.081,0.604,0.316
609500,0.080,0.561,0.359
610000,0.080,0.523,0.397
610500,0.084,0.503,0.413
611000,0.088,0.532,0.380
611500,0.083,0.542,0.375
612000,0.081,0.534,0.385
612500,0.086,0.505,0.409
613000,0.086,0.539,0.374
613500,0.081,0.506,0.413
614000,0.081,0.568,0.352
614500,0.080,0.551,0.369
615000,0.080,0.557,0.363
615500,0.080,0.551,0.369
616000,0.081,0.549,0.370
616500,0.080,0.573,0.347
617000,0.080,0.537,0.383
617500,0.080,0.555,0.365
618000,0.080,0.542,0.378
618500,0.080,0.510,0.410
619000,0.082,0.516,0.402
619500,0.081,0.550,0.369
620000,0.081,0.544,0.375
620500,0.083,0.550,0.367
621000,0.081,0.559,0.360
621500,0.081,0.554,0.365
622000,0.081,0.561,0.358
622500,0.083,0.604,0.314
623000,0.082,0.587,0.332
623500,0.083,0.533,0.384
624000,0.083,0.552,0.365
624500,0.081,0.553,0.366
625000,0.080,0.546,0.374
625500,0.080,0.527,0.393
626000,0.085,0.497,0.418
626500,0.087,0.465,0.449
627000,0.085,0.477,0.438
627500,0.087,0.480,0.432
628000,0.085,0.478,0.438
628500,0.081,0.528,0.391
629000,0.080,0.556,0.364
629500,0.082,0.551,0.367
630000,0.081,0.559,0.360
630500,0.081,0.577,0.343
631000,0.081,0.610,0.310
631500,0.080,0.597,0.324
632000,0.080,0.528,0.392
632500,0.083,0.547,0.370
633000,0.081,0.528,0.391
633500,0.081,0.532,0.387
634000,0.081,0.559,0.360
634500,0.080,0.529,0.391
635000,0.082,0.511,0.407
635500,0.081,0.557,0.362
636000,0.081,0.572,0.348
636500,0.082,0.572,0.347
637000,0.084,0.507,0.409
637500,0.082,0.464,0.455
638000,0.084,0.510,0.406
638500,0.086,0.479,0.435
639000,0.082,0.531,0.387
639500,0.081,0.545,0.374
640000,0.080,0.527,0.393
640500,0.080,0.535,0.385
641000,0.080,0.530,0.390
641500,0.082,0.513,0.405
642000,0.081,0.512,0.407
642500,0.082,0.481,0.437
643000,0.081,0.517,0.402
643500,0.083,0.512,0.405
644000,0.086,0.502,0.412
644500,0.083,0.519,0.398
645000,0.080,0.527,0.393
645500,0.080,0.589,0.332
646000,0.080,0.572,0.349
646500,0.080,0.508,0.412
647000,0.082,0.468,0.451
647500,0.085,0.480,0.435
648000,0.081,0.547,0.372
648500,0.080,0.543,0.377
649000,0.083,0.554,0.363
649500,0.081,0.544,0.375
650000,0.080,0.574,0.347
650500,0.080,0.525,0.395
651000,0.080,0.548,0.372
651500,0.080,0.575,0.345
652000,0.080,0.626,0.294
652500,0.080,0.616,0.304
653000,0.080,0.619,0.301
653500,0.080,0.609,0.311
654000,0.080,0.547,0.373
654500,0.080,0.508,0.412
655000,0.082,0.537,0.381
655500,0.081,0.544,0.375
656000,0.081,0.548,0.371
656500,0.080,0.533,0.387
657000,0.080,0.528,0.392
657500,0.080,0.526,0.394
658000,0.082,0.560,0.358
658500,0.084,0.510,0.406
659000,0.081,0.507,0.412
659500,0.083,0.512,0.405
660000,0.082,0.522,0.396
660500,0.081,0.518,0.401
661000,0.082,0.523,0.395
661500,0.083,0.523,0.394
662000,0.081,0.485,0.434
662500,0.083,0.509,0.408
663000,0.082,0.501,0.417
663500,0.081,0.543,0.376
664000,0.080,0.527,0.393
664500,0.080,0.499,0.421
665000,0.080,0.569,0.352
665500,0.080,0.592,0.329
666000,0.080,0.614,0.306
666500,0.080,0.549,0.371
667000,0.080,0.561,0.359
667500,0.080,0.583,0.337
668000,0.080,0.550,0.370
668500,0.080,0.530,0.390
669000,0.083,0.517,0.400
669500,0.081,0.475,0.444
670000,0.081,0.496,0.423
670500,0.081,0.525,0.394
671000,0.087,0.489,0.424
671500,0.085,0.502,0.413
672000,0.082,0.502,0.416
672500,0.082,0.517,0.401
673000,0.084,0.470,0.447
673500,0.087,0.476,0.437
674000,0.082,0.513,0.405
674500,0.081,0.510,0.409
675000,0.081,0.530,0.389
675500,0.080,0.492,0.428
676000,0.083,0.507,0.410
676500,0.081,0.570,0.349
677000,0.081,0.554,0.365
677500,0.080,0.513,0.407
678000,0.083,0.497,0.420
678500,0.082,0.517,0.401
679000,0.086,0.481,0.433
679500,0.086,0.490,0.424
680000,0.081,0.494,0.425
680500,0.084,0.509,0.407
681000,0.081,0.551,0.368
681500,0.083,0.515,0.402
682000,0.082,0.506,0.412
682500,0.081,0.532,0.387
683000,0.080,0.504,0.416
683500,0.082,0.547,0.371
684000,0.080,0.560,0.360
684500,0.080,0.532,0.388
685000,0.082,0.524,0.394
685500,0.084,0.511,0.405
686000,0.081,0.523,0.396
686500,0.084,0.490,0.426
687000,0.082,0.512,0.406
687500,0.086,0.492,0.421
688000,0.082,0.554,0.364
688500,0.080,0.537,0.383
689000,0.080,0.558,0.362
689500,0.080,0.566,0.354
690000,0.080,0.539,0.381
690500,0.080,0.471,0.449
691000,0.082,0.493,0.425
691500,0.083,0.476,0.441
692000,0.081,0.502,0.417
692500,0.080,0.494,0.426
693000,0.080,0.548,0.372
693500,0.080,0.574,0.347
694000,0.080,0.516,0.404
694500,0.082,0.531,0.387
695000,0.081,0.520,0.399
695500,0.095,0.542,0.363
696000,0.087,0.523,0.389
696500,0.083,0.530,0.387
697000,0.080,0.574,0.347
697500,0.080,0.573,0.347
698000,0.080,0.580,0.341
698500,0.080,0.619,0.301
699000,0.080,0.610,0.310
699500,0.080,0.628,0.292
700000,0.080,0.623,0.297
700500,0.080,0.575,0.345
701000,0.080,0.587,0.334
701500,0.080,0.583,0.337
702000,0.080,0.559,0.361
702500,0.080,0.575,0.345
703000,0.080,0.534,0.386
703500,0.082,0.553,0.365
704000,0.082,0.550,0.368
704500,0.080,0.530,0.390
705000,0.080,0.524,0.396
705500,0.082,0.487,0.431
706000,0.081,0.499,0.420
706500,0.081,0.539,0.380
707000,0.080,0.520,0.400
707500,0.085,0.489,0.426
708000,0.084,0.501,0.415
708500,0.083,0.520,0.397
709000,0.081,0.501,0.418
709500,0.080,0.556,0.364
710000,0.080,0.549,0.371
710500,0.083,0.533,0.384
711000,0.081,0.532,0.387
711500,0.083,0.518,0.399
712000,0.081,0.538,0.381
712500,0.080,0.520,0.400
713000,0.080,0.537,0.383
713500,0.080,0.524,0.396
714000,0.081,0.511,0.408
714500,0.083,0.538,0.379
715000,0.081,0.523,0.396
715500,0.082,0.508,0.410
716000,0.085,0.496,0.419
716500,0.085,0.503,0.412
717000,0.082,0.537,0.381
717500,0.081,0.578,0.342
718000,0.080,0.509,0.411
718500,0.087,0.475,0.438
719000,0.084,0.469,0.447
719500,0.082,0.469,0.450
720000,0.080,0.467,0.453
720500,0.083,0.472,0.446
721000,0.081,0.476,0.443
721500,0.081,0.514,0.405
722000,0.083,0.508,0.409
722500,0.081,0.546,0.373
723000,0.080,0.511,0.409
723500,0.087,0.486,0.427
724000,0.085,0.513,0.402
724500,0.084,0.525,0.391
725000,0.082,0.519,0.399
725500,0.080,0.540,0.380
726000,0.081,0.516,0.403
726500,0.085,0.473,0.442
727000,0.081,0.521,0.398
727500,0.082,0.559,0.359
728000,0.081,0.602,0.317
728500,0.081,0.588,0.331
729000,0.082,0.581,0.338
729500,0.080,0.570,0.351
730000,0.084,0.559,0.357
730500,0.082,0.575,0.344
731000,0.081,0.571,0.349
731500,0.080,0.519,0.401
732000,0.084,0.490,0.426
732500,0.080,0.504,0.416
733000,0.086,0.516,0.398
733500,0.082,0.509,0.409
734000,0.085,0.488,0.427
734500,0.082,0.530,0.388
735000,0.082,0.547,0.371
735500,0.081,0.546,0.373
736000,0.080,0.549,0.371
736500,0.082,0.511,0.407
737000,0.081,0.528,0.391
737500,0.083,0.498,0.419
738000,0.081,0.518,0.401
738500,0.081,0.550,0.369
739000,0.081,0.558,0.361
739500,0.082,0.538,0.380
740000,0.081,0.539,0.380
740500,0.080,0.539,0.381
741000,0.080,0.555,0.365
741500,0.080,0.547,0.373
742000,0.080,0.586,0.334
742500,0.081,0.544,0.375
743000,0.080,0.567,0.353
743500,0.080,0.561,0.359
744000,0.080,0.537,0.383
744500,0.080,0.486,0.434
745000,0.083,0.509,0.408
745500,0.081,0.556,0.363
746000,0.081,0.577,0.343
746500,0.081,0.567,0.353
747000,0.082,0.551,0.367
747500,0.081,0.516,0.403
748000,0.083,0.520,0.397
748500,0.081,0.491,0.428
749000,0.083,0.483,0.434
749500,0.081,0.501,0.418
750000,0.081,0.489,0.430
750500,0.082,0.511,0.407
751000,0.083,0.527,0.390
751500,0.083,0.518,0.399
752000,0.081,0.513,0.406
752500,0.080,0.493,0.427
753000,0.083,0.528,0.389
753500,0.083,0.530,0.387
754000,0.083,0.567,0.351
754500,0.083,0.493,0.424
755000,0.082,0.480,0.438
755500,0.080,0.543,0.377
756000,0.080,0.546,0.374
756500,0.080,0.550,0.370
757000,0.080,0.542,0.378
757500,0.080,0.535,0.385
758000,0.083,0.535,0.382
758500,0.086,0.513,0.401
759000,0.087,0.515,0.398
759500,0.084,0.492,0.424
760000,0.082,0.506,0.412
760500,0.081,0.525,0.394
761000,0.083,0.527,0.390
761500,0.081,0.564,0.356
762000,0.080,0.555,0.365
762500,0.080,0.568,0.352
763000,0.080,0.570,0.351
763500,0.080,0.530,0.390
764000,0.083,0.553,0.364
764500,0.081,0.552,0.367
765000,0.081,0.526,0.393
765500,0.080,0.555,0.365
766000,0.080,0.515,0.405
766500,0.083,0.508,0.409
767000,0.080,0.518,0.402
767500,0.080,0.516,0.404
768000,0.082,0.542,0.376
768500,0.081,0.535,0.384
769000,0.082,0.537,0.381
769500,0.083,0.529,0.388
770000,0.081,0.527,0.392
770500,0.083,0.518,0.399
771000,0.081,0.552,0.367
771500,0.080,0.568,0.353
772000,0.080,0.538,0.382
772500,0.080,0.562,0.358
773000,0.080,0.556,0.364
773500,0.080,0.543,0.377
774000,0.080,0.544,0.376
774500,0.082,0.568,0.351
775000,0.081,0.590,0.330
775500,0.080,0.553,0.367
776000,0.080,0.578,0.343
776500,0.081,0.570,0.349
777000,0.081,0.557,0.362
777500,0.080,0.590,0.331
778000,0.080,0.575,0.345
778500,0.080,0.555,0.365
779000,0.080,0.579,0.342
779500,0.080,0.599,0.321
780000,0.080,0.569,0.351
780500,0.080,0.556,0.364
781000,0.083,0.558,0.359
781500,0.081,0.541,0.378
782000,0.081,0.537,0.382
782500,0.080,0.549,0.371
783000,0.080,0.572,0.349
783500,0.080,0.548,0.372
784000,0.080,0.514,0.406
784500,0.083,0.491,0.426
785000,0.084,0.509,0.407
785500,0.083,0.474,0.443
786000,0.082,0.469,0.450
786500,0.083,0.478,0.439
787000,0.081,0.500,0.419
787500,0.085,0.539,0.376
788000,0.080,0.542,0.378
788500,0.082,0.535,0.383
789000,0.081,0.554,0.365
789500,0.082,0.515,0.403
790000,0.081,0.552,0.367
790500,0.080,0.588,0.332
791000,0.080,0.581,0.340
791500,0.080,0.603,0.318
792000,0.080,0.570,0.351
792500,0.080,0.569,0.351
793000,0.080,0.543,0.377
793500,0.080,0.535,0.385
794000,0.080,0.528,0.392
794500,0.081,0.552,0.367
795000,0.083,0.555,0.362
795500,0.081,0.550,0.369
796000,0.082,0.549,0.369
796500,0.081,0.555,0.364
797000,0.080,0.543,0.377
797500,0.080,0.500,0.420
798000,0.080,0.517,0.403
798500,0.083,0.503,0.414
799000,0.081,0.513,0.406
799500,0.080,0.540,0.380
800000,0.086,0.571,0.344
800500,0.086,0.518,0.396
801000,0.085,0.463,0.453
801500,0.086,0.528,0.386
802000,0.084,0.520,0.396
802500,0.081,0.536,0.383
803000,0.081,0.521,0.398
803500,0.081,0.516,0.403
804000,0.082,0.515,0.403
804500,0.082,0.527,0.391
805000,0.083,0.528,0.389
805500,0.080,0.514,0.406
806000,0.080,0.512,0.408
806500,0.080,0.527,0.393
807000,0.083,0.521,0.396
807500,0.081,0.543,0.376
808000,0.080,0.538,0.382
808500,0.081,0.549,0.370
809000,0.080,0.529,0.391
809500,0.080,0.588,0.333
810000,0.080,0.558,0.362
810500,0.080,0.562,0.358
811000,0.080,0.544,0.376
811500,0.080,0.554,0.366
812000,0.080,0.517,0.403
812500,0.080,0.502,0.418
813000,0.084,0.525,0.391
813500,0.085,0.484,0.431
814000,0.096,0.478,0.426
814500,0.090,0.497,0.413
815000,0.086,0.501,0.412
815500,0.084,0.513,0.403
816000,0.081,0.550,0.369
816500,0.081,0.584,0.336
817000,0.081,0.526,0.393
817500,0.081,0.582,0.338
818000,0.080,0.573,0.347
818500,0.083,0.552,0.365
819000,0.081,0.576,0.344
819500,0.080,0.574,0.347
820000,0.082,0.557,0.361
820500,0.081,0.557,0.362
821000,0.080,0.553,0.367
821500,0.080,0.552,0.368
822000,0.080,0.558,0.362
822500,0.080,0.545,0.375
823000,0.082,0.591,0.328
823500,0.081,0.585,0.335
824000,0.081,0.573,0.347
824500,0.081,0.585,0.335
825000,0.080,0.592,0.328
825500,0.080,0.604,0.316
826000,0.080,0.590,0.331
826500,0.080,0.543,0.377
827000,0.080,0.534,0.386
827500,0.084,0.553,0.363
828000,0.083,0.534,0.383
828500,0.081,0.523,0.396
829000,0.080,0.512,0.408
829500,0.080,0.512,0.408
830000,0.082,0.545,0.373
830500,0.080,0.548,0.372
831000,0.080,0.571,0.350
831500,0.080,0.548,0.372
832000,0.080,0.576,0.345
832500,0.080,0.560,0.360
833000,0.080,0.503,0.417
833500,0.081,0.526,0.393
834000,0.085,0.504,0.411
834500,0.083,0.485,0.432
835000,0.082,0.481,0.437
835500,0.082,0.519,0.399
836000,0.081,0.511,0.408
836500,0.086,0.494,0.420
837000,0.083,0.512,0.405
837500,0.082,0.529,0.389
838000,0.082,0.497,0.421
838500,0.081,0.548,0.371
839000,0.081,0.535,0.384
839500,0.080,0.535,0.385
840000,0.083,0.511,0.406
840500,0.083,0.485,0.432
841000,0.080,0.508,0.412
841500,0.080,0.512,0.408
842000,0.081,0.543,0.376
842500,0.080,0.520,0.400
843000,0.080,0.479,0.441
843500,0.082,0.446,0.473
844000,0.087,0.456,0.457
844500,0.083,0.496,0.421
845000,0.081,0.526,0.393
845500,0.083,0.510,0.407
846000,0.081,0.538,0.381
846500,0.081,0.564,0.356
847000,0.081,0.533,0.386
847500,0.080,0.533,0.387
848000,0.080,0.516,0.404
848500,0.083,0.501,0.416
849000,0.082,0.480,0.438
849500,0.081,0.500,0.419
850000,0.081,0.533,0.386
850500,0.080,0.522,0.398
851000,0.080,0.545,0.375
851500,0.080,0.566,0.354
852000,0.080,0.549,0.371
852500,0.080,0.533,0.387
853000,0.082,0.527,0.391
853500,0.080,0.513,0.407
854000,0.082,0.516,0.402
854500,0.081,0.536,0.383
855000,0.080,0.549,0.371
855500,0.080,0.523,0.397
856000,0.080,0.547,0.373
856500,0.082,0.533,0.385
857000,0.083,0.513,0.404
857500,0.081,0.542,0.377
858000,0.085,0.512,0.403
858500,0.081,0.518,0.401
859000,0.083,0.522,0.395
859500,0.081,0.482,0.437
860000,0.081,0.510,0.409
860500,0.081,0.452,0.468
861000,0.080,0.487,0.433
861500,0.084,0.509,0.407
862000,0.085,0.514,0.401
862500,0.083,0.512,0.405
863000,0.085,0.472,0.444
863500,0.083,0.483,0.434
864000,0.087,0.503,0.409
864500,0.083,0.511,0.406
865000,0.082,0.501,0.417
865500,0.080,0.507,0.413
866000,0.080,0.519,0.401
866500,0.080,0.526,0.394
867000,0.080,0.555,0.365
867500,0.080,0.551,0.369
868000,0.081,0.529,0.390
868500,0.084,0.510,0.406
869000,0.080,0.522,0.398
869500,0.080,0.553,0.367
870000,0.080,0.574,0.346
870500,0.080,0.544,0.376
871000,0.082,0.522,0.396
871500,0.081,0.548,0.371
872000,0.086,0.498,0.415
872500,0.084,0.494,0.422
873000,0.083,0.491,0.426
873500,0.083,0.500,0.417
874000,0.081,0.479,0.441
874500,0.080,0.490,0.430
875000,0.080,0.525,0.395
875500,0.085,0.478,0.438
876000,0.082,0.477,0.441
876500,0.084,0.491,0.425
877000,0.085,0.538,0.377
877500,0.082,0.535,0.383
878000,0.080,0.562,0.358
878500,0.081,0.515,0.404
879000,0.081,0.522,0.397
879500,0.083,0.552,0.365
880000,0.081,0.586,0.334
880500,0.083,0.594,0.323
881000,0.081,0.556,0.363
881500,0.081,0.534,0.385
882000,0.081,0.519,0.400
882500,0.081,0.511,0.408
883000,0.084,0.511,0.405
883500,0.083,0.517,0.400
884000,0.082,0.480,0.438
884500,0.082,0.506,0.412
885000,0.083,0.524,0.393
885500,0.082,0.542,0.376
886000,0.081,0.555,0.364
886500,0.080,0.535,0.385
887000,0.082,0.542,0.376
887500,0.080,0.532,0.388
888000,0.080,0.552,0.368
888500,0.080,0.583,0.338
889000,0.080,0.588,0.332
889500,0.080,0.568,0.353
890000,0.080,0.583,0.337
890500,0.080,0.523,0.397
891000,0.080,0.534,0.386
891500,0.081,0.532,0.387
892000,0.081,0.536,0.383
892500,0.081,0.547,0.372
893000,0.083,0.581,0.337
893500,0.080,0.569,0.351
894000,0.083,0.533,0.384
894500,0.081,0.550,0.369
895000,0.083,0.543,0.374
895500,0.081,0.524,0.395
896000,0.080,0.561,0.359
896500,0.080,0.543,0.377
897000,0.082,0.572,0.346
897500,0.083,0.575,0.343
898000,0.081,0.559,0.360
898500,0.081,0.548,0.371
899000,0.081,0.580,0.340
899500,0.085,0.577,0.339
900000,0.082,0.552,0.366
900500,0.080,0.539,0.381
901000,0.080,0.516,0.404
901500,0.080,0.488,0.432
902000,0.080,0.518,0.402
902500,0.080,0.558,0.362
903000,0.080,0.543,0.377
903500,0.080,0.531,0.389
904000,0.080,0.533,0.387
904500,0.083,0.533,0.384
905000,0.082,0.531,0.387
905500,0.081,0.508,0.411
906000,0.082,0.516,0.402
906500,0.081,0.571,0.349
907000,0.080,0.559,0.361
907500,0.080,0.551,0.369
908000,0.084,0.541,0.375
908500,0.082,0.535,0.383
909000,0.081,0.506,0.413
909500,0.082,0.498,0.420
910000,0.092,0.485,0.423
910500,0.085,0.489,0.426
911000,0.085,0.510,0.405
911500,0.087,0.531,0.381
912000,0.083,0.548,0.369
912500,0.083,0.496,0.421
913000,0.084,0.516,0.400
913500,0.081,0.546,0.373
914000,0.081,0.610,0.309
914500,0.084,0.568,0.349
915000,0.082,0.556,0.362
915500,0.080,0.581,0.339
916000,0.080,0.519,0.401
916500,0.082,0.511,0.407
917000,0.081,0.494,0.425
917500,0.084,0.487,0.429
918000,0.081,0.520,0.399
918500,0.080,0.532,0.388
919000,0.083,0.554,0.363
919500,0.082,0.559,0.359
920000,0.081,0.547,0.372
920500,0.083,0.599,0.319
921000,0.080,0.592,0.329
921500,0.080,0.565,0.355
922000,0.080,0.552,0.368
922500,0.083,0.536,0.381
923000,0.081,0.548,0.371
923500,0.082,0.579,0.340
924000,0.081,0.587,0.333
924500,0.081,0.573,0.347
925000,0.083,0.525,0.392
925500,0.081,0.539,0.380
926000,0.082,0.523,0.395
926500,0.082,0.521,0.397
927000,0.082,0.494,0.424
927500,0.083,0.512,0.405
928000,0.085,0.542,0.373
928500,0.081,0.556,0.363
929000,0.082,0.509,0.409
929500,0.084,0.558,0.358
930000,0.082,0.568,0.351
930500,0.080,0.583,0.337
931000,0.081,0.550,0.369
931500,0.080,0.556,0.364
932000,0.080,0.605,0.315
932500,0.082,0.502,0.416
933000,0.084,0.507,0.409
933500,0.082,0.507,0.411
934000,0.084,0.505,0.411
934500,0.083,0.489,0.428
935000,0.081,0.487,0.432
935500,0.083,0.463,0.455
936000,0.084,0.481,0.435
936500,0.083,0.420,0.497
937000,0.086,0.429,0.485
937500,0.081,0.440,0.479
938000,0.084,0.486,0.430
938500,0.081,0.500,0.419
939000,0.087,0.504,0.408
939500,0.083,0.538,0.379
940000,0.081,0.542,0.377
940500,0.082,0.560,0.358
941000,0.081,0.572,0.348
941500,0.080,0.556,0.364
942000,0.084,0.496,0.420
942500,0.084,0.455,0.461
943000,0.089,0.454,0.456
943500,0.083,0.479,0.439
944000,0.081,0.501,0.418
944500,0.087,0.469,0.445
945000,0.085,0.490,0.425
945500,0.082,0.533,0.385
946000,0.080,0.538,0.382
946500,0.080,0.555,0.365
947000,0.080,0.531,0.389
947500,0.083,0.507,0.410
948000,0.082,0.504,0.414
948500,0.081,0.521,0.398
949000,0.081,0.521,0.398
949500,0.080,0.498,0.422
950000,0.080,0.506,0.414
950500,0.081,0.520,0.399
951000,0.081,0.513,0.406
951500,0.084,0.480,0.436
952000,0.084,0.506,0.410
952500,0.080,0.484,0.436
953000,0.080,0.503,0.417
953500,0.081,0.519,0.400
954000,0.080,0.543,0.377
954500,0.082,0.509,0.409
955000,0.083,0.523,0.394
955500,0.082,0.545,0.373
956000,0.082,0.596,0.323
956500,0.080,0.567,0.354
957000,0.080,0.523,0.397
957500,0.080,0.562,0.358
958000,0.086,0.528,0.386
958500,0.082,0.531,0.387
959000,0.086,0.549,0.364
959500,0.084,0.549,0.367
960000,0.081,0.494,0.425
960500,0.080,0.518,0.402
961000,0.083,0.508,0.409
961500,0.086,0.502,0.412
962000,0.086,0.528,0.386
962500,0.082,0.523,0.395
963000,0.081,0.484,0.435
963500,0.084,0.491,0.425
964000,0.084,0.540,0.376
964500,0.081,0.564,0.355
965000,0.080,0.560,0.360
965500,0.080,0.531,0.389
966000,0.086,0.457,0.457
966500,0.084,0.531,0.385
967000,0.082,0.554,0.364
967500,0.080,0.550,0.370
968000,0.080,0.533,0.387
968500,0.080,0.540,0.380
969000,0.080,0.516,0.404
969500,0.084,0.494,0.422
970000,0.081,0.523,0.396
970500,0.080,0.555,0.365
971000,0.080,0.524,0.396
971500,0.081,0.509,0.410
972000,0.081,0.531,0.388
972500,0.080,0.562,0.358
973000,0.082,0.566,0.352
973500,0.081,0.564,0.356
974000,0.081,0.520,0.399
974500,0.081,0.496,0.423
975000,0.080,0.514,0.406
975500,0.080,0.545,0.375
976000,0.080,0.552,0.368
976500,0.080,0.565,0.356
977000,0.083,0.561,0.356
977500,0.082,0.559,0.359
978000,0.081,0.527,0.392
978500,0.081,0.530,0.389
979000,0.082,0.524,0.394
979500,0.080,0.524,0.396
980000,0.081,0.500,0.419
980500,0.081,0.510,0.409
981000,0.081,0.468,0.451
981500,0.080,0.498,0.422
982000,0.083,0.495,0.422
982500,0.081,0.485,0.434
983000,0.082,0.528,0.390
983500,0.081,0.522,0.397
984000,0.082,0.549,0.369
984500,0.082,0.565,0.354
985000,0.083,0.514,0.403
985500,0.081,0.513,0.406
986000,0.081,0.552,0.367
986500,0.081,0.571,0.349
987000,0.082,0.574,0.345
987500,0.081,0.590,0.329
988000,0.082,0.577,0.342
988500,0.083,0.554,0.363
989000,0.081,0.544,0.375
989500,0.080,0.554,0.366
990000,0.080,0.591,0.329
990500,0.080,0.557,0.363
991000,0.080,0.567,0.353
991500,0.080,0.569,0.352
992000,0.080,0.577,0.343
992500,0.080,0.578,0.342
993000,0.080,0.570,0.351
993500,0.080,0.515,0.405
994000,0.087,0.465,0.447
994500,0.083,0.495,0.422
995000,0.081,0.521,0.398
995500,0.083,0.545,0.372
996000,0.084,0.558,0.358
996500,0.082,0.538,0.380
997000,0.082,0.532,0.386
997500,0.081,0.520,0.399
998000,0.082,0.524,0.394
998500,0.084,0.499,0.417
999000,0.085,0.498,0.417
999500,0.086,0.519,0.395
1000000,0.084,0.542,0.374
