time,n_A+p,n_B,n_AB
500,0.050,0.833,0.117
1000,0.050,0.602,0.348
1500,0.050,0.453,0.497
2000,0.050,0.370,0.580
2500,0.050,0.339,0.611
3000,0.050,0.398,0.552
3500,0.050,0.383,0.567
4000,0.059,0.307,0.634
4500,0.059,0.324,0.618
5000,0.052,0.323,0.625
5500,0.051,0.349,0.600
6000,0.053,0.374,0.573
6500,0.056,0.374,0.570
7000,0.057,0.356,0.587
7500,0.051,0.335,0.614
8000,0.051,0.398,0.551
8500,0.051,0.414,0.534
9000,0.051,0.406,0.543
9500,0.050,0.432,0.517
10000,0.050,0.328,0.622
10500,0.051,0.330,0.619
11000,0.052,0.324,0.624
11500,0.052,0.310,0.637
12000,0.069,0.284,0.647
12500,0.059,0.294,0.647
13000,0.062,0.278,0.660
13500,0.057,0.290,0.652
14000,0.055,0.332,0.613
14500,0.059,0.293,0.649
15000,0.054,0.251,0.695
15500,0.059,0.293,0.648
16000,0.053,0.360,0.587
16500,0.051,0.402,0.547
17000,0.053,0.367,0.580
17500,0.051,0.350,0.599
18000,0.050,0.349,0.601
18500,0.054,0.303,0.642
19000,0.054,0.296,0.649
19500,0.053,0.284,0.663
20000,0.059,0.240,0.700
20500,0.059,0.289,0.651
21000,0.053,0.301,0.645
21500,0.055,0.323,0.622
22000,0.057,0.287,0.656
22500,0.059,0.250,0.692
23000,0.064,0.299,0.637
23500,0.066,0.258,0.676
24000,0.055,0.286,0.658
24500,0.058,0.349,0.594
25000,0.051,0.342,0.607
25500,0.053,0.285,0.661
26000,0.054,0.307,0.639
26500,0.059,0.256,0.685
27000,0.052,0.325,0.623
27500,0.052,0.350,0.598
28000,0.057,0.307,0.636
28500,0.055,0.280,0.665
29000,0.051,0.295,0.654
29500,0.057,0.306,0.637
30000,0.055,0.316,0.629
30500,0.051,0.364,0.585
31000,0.058,0.307,0.635
31500,0.066,0.253,0.681
32000,0.055,0.284,0.660
32500,0.052,0.266,0.682
33000,0.057,0.245,0.698
33500,0.056,0.273,0.671
34000,0.054,0.260,0.686
34500,0.053,0.309,0.637
35000,0.051,0.338,0.611
35500,0.050,0.345,0.605
36000,0.050,0.333,0.617
36500,0.053,0.345,0.601
37000,0.051,0.336,0.613
37500,0.050,0.370,0.579
38000,0.055,0.349,0.595
38500,0.052,0.375,0.573
39000,0.051,0.373,0.577
39500,0.050,0.384,0.566
40000,0.050,0.414,0.535
40500,0.057,0.343,0.600
41000,0.059,0.244,0.697
41500,0.052,0.304,0.643
42000,0.058,0.228,0.715
42500,0.069,0.219,0.712
43000,0.067,0.265,0.668
43500,0.062,0.297,0.640
44000,0.054,0.307,0.639
44500,0.056,0.368,0.575
45000,0.051,0.369,0.580
45500,0.050,0.339,0.611
46000,0.051,0.317,0.632
46500,0.050,0.365,0.585
47000,0.054,0.323,0.623
47500,0.052,0.418,0.530
48000,0.054,0.355,0.591
48500,0.053,0.326,0.621
49000,0.053,0.351,0.596
49500,0.050,0.372,0.577
50000,0.057,0.327,0.617
50500,0.055,0.281,0.664
51000,0.053,0.318,0.629
51500,0.051,0.337,0.613
52000,0.050,0.369,0.581
52500,0.050,0.342,0.608
53000,0.050,0.353,0.597
53500,0.051,0.344,0.605
54000,0.051,0.301,0.649
54500,0.050,0.371,0.579
55000,0.051,0.321,0.627
55500,0.056,0.317,0.628
56000,0.053,0.353,0.593
56500,0.054,0.365,0.580
57000,0.050,0.308,0.642
57500,0.054,0.321,0.625
58000,0.050,0.318,0.632
58500,0.050,0.322,0.628
59000,0.056,0.317,0.627
59500,0.059,0.307,0.633
60000,0.052,0.286,0.661
60500,0.053,0.300,0.647
61000,0.050,0.324,0.626
61500,0.067,0.290,0.643
62000,0.068,0.330,0.603
62500,0.052,0.350,0.597
63000,0.050,0.347,0.603
63500,0.058,0.344,0.599
64000,0.051,0.371,0.577
64500,0.050,0.367,0.583
65000,0.051,0.346,0.602
65500,0.054,0.315,0.631
66000,0.054,0.325,0.621
66500,0.060,0.313,0.627
67000,0.051,0.351,0.598
67500,0.051,0.357,0.593
68000,0.055,0.310,0.634
68500,0.055,0.365,0.579
69000,0.051,0.328,0.621
69500,0.054,0.299,0.646
70000,0.052,0.298,0.649
70500,0.057,0.315,0.628
71000,0.051,0.292,0.657
71500,0.050,0.370,0.579
72000,0.050,0.379,0.571
72500,0.050,0.369,0.581
73000,0.052,0.307,0.640
73500,0.052,0.310,0.637
74000,0.056,0.297,0.647
74500,0.059,0.272,0.669
75000,0.069,0.225,0.707
75500,0.073,0.214,0.713
76000,0.066,0.278,0.657
76500,0.055,0.277,0.668
77000,0.051,0.304,0.644
77500,0.058,0.320,0.623
78000,0.053,0.303,0.643
78500,0.062,0.275,0.663
79000,0.059,0.313,0.629
79500,0.054,0.308,0.637
80000,0.056,0.323,0.621
80500,0.052,0.285,0.663
81000,0.059,0.275,0.666
81500,0.059,0.307,0.633
82000,0.052,0.390,0.557
82500,0.050,0.348,0.601
83000,0.056,0.356,0.588
83500,0.051,0.311,0.639
84000,0.063,0.236,0.701
84500,0.054,0.254,0.692
85000,0.069,0.265,0.666
85500,0.059,0.263,0.679
86000,0.059,0.324,0.617
86500,0.052,0.347,0.601
87000,0.051,0.354,0.595
87500,0.056,0.320,0.624
88000,0.061,0.287,0.651
88500,0.053,0.354,0.592
89000,0.057,0.307,0.635
89500,0.056,0.336,0.608
90000,0.065,0.321,0.615
90500,0.054,0.309,0.636
91000,0.057,0.290,0.653
91500,0.057,0.330,0.613
92000,0.057,0.338,0.605
92500,0.057,0.329,0.615
93000,0.051,0.340,0.609
93500,0.051,0.368,0.582
94000,0.050,0.363,0.587
94500,0.050,0.336,0.614
95000,0.062,0.300,0.637
95500,0.054,0.302,0.643
96000,0.056,0.265,0.679
96500,0.052,0.301,0.646
97000,0.061,0.332,0.607
97500,0.052,0.380,0.568
98000,0.051,0.363,0.586
98500,0.052,0.353,0.594
99000,0.056,0.309,0.635
99500,0.050,0.335,0.615
100000,0.054,0.333,0.613
100500,0.054,0.320,0.626
101000,0.059,0.308,0.633
101500,0.052,0.314,0.634
102000,0.051,0.391,0.558
102500,0.051,0.340,0.610
103000,0.050,0.348,0.601
103500,0.051,0.348,0.601
104000,0.051,0.384,0.566
104500,0.050,0.406,0.544
105000,0.054,0.307,0.639
105500,0.051,0.321,0.628
106000,0.058,0.308,0.634
106500,0.054,0.240,0.705
107000,0.057,0.246,0.698
107500,0.064,0.285,0.651
108000,0.061,0.282,0.657
108500,0.052,0.337,0.611
109000,0.051,0.322,0.627
109500,0.053,0.326,0.621
110000,0.055,0.338,0.607
110500,0.051,0.352,0.597
111000,0.064,0.307,0.628
111500,0.060,0.264,0.675
112000,0.069,0.239,0.692
112500,0.061,0.300,0.639
113000,0.069,0.237,0.694
113500,0.060,0.302,0.637
114000,0.059,0.260,0.681
114500,0.066,0.223,0.711
115000,0.073,0.260,0.666
115500,0.068,0.264,0.668
116000,0.064,0.289,0.647
116500,0.056,0.298,0.645
117000,0.050,0.339,0.611
117500,0.050,0.289,0.661
118000,0.050,0.290,0.660
118500,0.051,0.307,0.642
119000,0.068,0.269,0.664
119500,0.051,0.319,0.629
120000,0.050,0.326,0.624
120500,0.050,0.358,0.591
121000,0.065,0.355,0.580
121500,0.051,0.309,0.639
122000,0.058,0.315,0.628
122500,0.052,0.319,0.629
123000,0.057,0.234,0.709
123500,0.065,0.265,0.671
124000,0.061,0.257,0.682
124500,0.056,0.317,0.627
125000,0.052,0.355,0.593
125500,0.052,0.413,0.534
126000,0.050,0.392,0.558
126500,0.050,0.422,0.528
127000,0.050,0.384,0.567
127500,0.055,0.342,0.603
128000,0.055,0.281,0.664
128500,0.051,0.288,0.660
129000,0.050,0.280,0.670
129500,0.051,0.273,0.676
130000,0.052,0.336,0.612
130500,0.050,0.374,0.576
131000,0.050,0.393,0.557
131500,0.053,0.347,0.599
132000,0.062,0.307,0.631
132500,0.059,0.344,0.598
133000,0.053,0.307,0.639
133500,0.057,0.352,0.591
134000,0.051,0.343,0.607
134500,0.051,0.348,0.601
135000,0.053,0.344,0.603
135500,0.051,0.325,0.624
136000,0.054,0.323,0.623
136500,0.059,0.318,0.623
137000,0.056,0.285,0.658
137500,0.066,0.217,0.718
138000,0.058,0.243,0.699
138500,0.063,0.267,0.671
139000,0.058,0.292,0.650
139500,0.052,0.301,0.647
140000,0.052,0.376,0.572
140500,0.050,0.360,0.590
141000,0.053,0.379,0.568
141500,0.055,0.344,0.601
142000,0.057,0.318,0.625
142500,0.054,0.315,0.631
143000,0.067,0.327,0.607
143500,0.060,0.328,0.611
144000,0.059,0.348,0.593
144500,0.052,0.338,0.610
145000,0.051,0.283,0.666
145500,0.050,0.365,0.585
146000,0.057,0.287,0.655
146500,0.061,0.344,0.595
147000,0.058,0.269,0.673
147500,0.060,0.292,0.647
148000,0.065,0.254,0.682
148500,0.076,0.277,0.646
149000,0.057,0.316,0.627
149500,0.053,0.272,0.675
150000,0.080,0.209,0.712
150500,0.132,0.133,0.735
151000,0.172,0.092,0.736
151500,0.340,0.021,0.638
152000,0.537,0.004,0.459
152500,0.684,0.002,0.314
153000,0.759,0.000,0.241
153500,0.834,0.000,0.166
154000,0.842,0.000,0.158
154500,0.856,0.000,0.144
155000,0.904,0.000,0.096
155500,0.945,0.000,0.055
156000,0.940,0.000,0.060
156500,0.967,0.000,0.033
157000,0.969,0.000,0.031
157500,0.973,0.000,0.027
158000,0.959,0.000,0.041
158500,0.960,0.000,0.040
159000,0.949,0.000,0.051
159500,0.940,0.000,0.060
160000,0.911,0.000,0.089
160500,0.931,0.000,0.069
161000,0.930,0.000,0.070
161500,0.939,0.000,0.061
162000,0.932,0.000,0.068
162500,0.964,0.000,0.036
163000,0.939,0.000,0.061
163500,0.958,0.000,0.042
164000,0.985,0.000,0.015
164500,0.997,0.000,0.003
165000,1.000,0.000,0.000
