time,n_A+p,n_B,n_AB
500,0.030,0.108,0.862
1000,0.030,0.247,0.723
1500,0.030,0.162,0.808
2000,0.030,0.138,0.832
2500,0.450,0.000,0.550
3000,0.646,0.000,0.354
3500,0.499,0.000,0.501
4000,0.550,0.000,0.450
4500,0.594,0.000,0.406
5000,0.717,0.000,0.283
5500,0.549,0.000,0.451
6000,0.792,0.000,0.208
6500,0.561,0.000,0.439
7000,0.834,0.000,0.166
7500,0.809,0.000,0.191
8000,0.647,0.000,0.353
8500,0.645,0.000,0.355
9000,0.948,0.000,0.052
9500,0.874,0.000,0.126
10000,0.998,0.000,0.002
10500,1.000,0.000,0.000
