time,n_A+p,n_B,n_AB
100,0.030,0.964,0.006
200,0.030,0.945,0.026
300,0.030,0.943,0.028
400,0.030,0.940,0.031
500,0.031,0.935,0.035
600,0.030,0.932,0.039
700,0.030,0.924,0.046
800,0.031,0.924,0.045
900,0.030,0.924,0.046
1000,0.030,0.917,0.053
1100,0.030,0.908,0.062
1200,0.030,0.904,0.066
1300,0.030,0.910,0.060
1400,0.030,0.899,0.072
1500,0.038,0.895,0.067
1600,0.038,0.879,0.083
1700,0.037,0.867,0.096
1800,0.038,0.861,0.101
1900,0.037,0.857,0.106
2000,0.038,0.857,0.105
2100,0.038,0.853,0.109
2200,0.035,0.834,0.132
2300,0.034,0.834,0.133
2400,0.034,0.827,0.139
2500,0.033,0.816,0.151
2600,0.031,0.820,0.149
2700,0.033,0.797,0.171
2800,0.032,0.795,0.174
2900,0.038,0.791,0.172
3000,0.038,0.793,0.170
3100,0.039,0.784,0.177
3200,0.039,0.779,0.182
3300,0.039,0.768,0.193
3400,0.044,0.756,0.200
3500,0.046,0.745,0.209
3600,0.045,0.734,0.221
3700,0.045,0.717,0.238
3800,0.046,0.713,0.241
3900,0.053,0.701,0.246
4000,0.054,0.691,0.255
4100,0.050,0.688,0.261
4200,0.043,0.698,0.259
4300,0.046,0.696,0.258
4400,0.045,0.694,0.261
4500,0.049,0.696,0.255
4600,0.048,0.687,0.265
4700,0.049,0.672,0.279
4800,0.048,0.669,0.283
4900,0.044,0.665,0.291
5000,0.050,0.663,0.287
5100,0.052,0.680,0.268
5200,0.058,0.680,0.261
5300,0.059,0.685,0.255
5400,0.052,0.670,0.278
5500,0.061,0.659,0.280
5600,0.056,0.653,0.291
5700,0.056,0.637,0.306
5800,0.060,0.634,0.305
5900,0.061,0.632,0.306
6000,0.073,0.638,0.289
6100,0.067,0.621,0.312
6200,0.067,0.621,0.312
6300,0.067,0.608,0.325
6400,0.065,0.611,0.324
6500,0.064,0.606,0.330
6600,0.063,0.603,0.334
6700,0.063,0.596,0.341
6800,0.068,0.586,0.345
6900,0.067,0.578,0.354
7000,0.067,0.572,0.361
7100,0.063,0.574,0.363
7200,0.062,0.578,0.360
7300,0.060,0.581,0.359
7400,0.058,0.586,0.355
7500,0.057,0.570,0.373
7600,0.074,0.565,0.362
7700,0.060,0.554,0.386
7800,0.061,0.553,0.386
7900,0.062,0.565,0.373
8000,0.063,0.562,0.375
8100,0.063,0.564,0.373
8200,0.076,0.549,0.376
8300,0.068,0.545,0.386
8400,0.082,0.547,0.371
8500,0.077,0.533,0.390
8600,0.076,0.535,0.389
8700,0.073,0.529,0.398
8800,0.070,0.525,0.404
8900,0.069,0.521,0.410
9000,0.069,0.520,0.411
9100,0.073,0.513,0.415
9200,0.076,0.508,0.417
9300,0.087,0.515,0.398
9400,0.085,0.522,0.393
9500,0.089,0.505,0.407
9600,0.090,0.505,0.406
9700,0.087,0.510,0.403
9800,0.086,0.504,0.411
9900,0.080,0.501,0.420
10000,0.081,0.490,0.429
10100,0.074,0.494,0.432
10200,0.081,0.491,0.428
10300,0.086,0.502,0.413
10400,0.101,0.480,0.419
10500,0.106,0.470,0.424
10600,0.096,0.470,0.434
10700,0.094,0.471,0.435
10800,0.088,0.471,0.441
10900,0.087,0.469,0.444
11000,0.085,0.467,0.448
11100,0.089,0.467,0.444
11200,0.096,0.458,0.446
11300,0.097,0.454,0.449
11400,0.095,0.457,0.448
11500,0.094,0.461,0.445
11600,0.095,0.458,0.447
11700,0.097,0.458,0.445
11800,0.101,0.463,0.436
11900,0.095,0.457,0.448
12000,0.103,0.462,0.435
12100,0.099,0.465,0.436
12200,0.102,0.464,0.434
12300,0.104,0.459,0.437
12400,0.107,0.465,0.428
12500,0.107,0.468,0.425
12600,0.099,0.468,0.433
12700,0.099,0.465,0.436
12800,0.101,0.464,0.435
12900,0.107,0.465,0.428
13000,0.108,0.459,0.433
13100,0.112,0.461,0.427
13200,0.111,0.448,0.440
13300,0.108,0.442,0.449
13400,0.107,0.445,0.447
13500,0.100,0.449,0.450
13600,0.112,0.443,0.444
13700,0.115,0.464,0.421
13800,0.108,0.468,0.424
13900,0.103,0.461,0.436
14000,0.108,0.456,0.436
14100,0.111,0.449,0.439
14200,0.113,0.445,0.441
14300,0.116,0.436,0.447
14400,0.120,0.440,0.440
14500,0.120,0.440,0.440
14600,0.131,0.448,0.421
14700,0.133,0.437,0.430
14800,0.132,0.424,0.444
14900,0.131,0.424,0.445
15000,0.123,0.415,0.463
15100,0.126,0.426,0.448
15200,0.135,0.438,0.427
15300,0.131,0.430,0.439
15400,0.127,0.430,0.443
15500,0.133,0.428,0.439
15600,0.139,0.432,0.429
15700,0.142,0.420,0.438
15800,0.138,0.420,0.442
15900,0.137,0.412,0.451
16000,0.137,0.406,0.458
16100,0.133,0.404,0.463
16200,0.124,0.403,0.473
16300,0.127,0.404,0.469
16400,0.114,0.398,0.487
16500,0.111,0.402,0.486
16600,0.110,0.402,0.487
16700,0.102,0.404,0.493
16800,0.098,0.403,0.498
16900,0.098,0.394,0.508
17000,0.101,0.389,0.510
17100,0.101,0.399,0.499
17200,0.108,0.397,0.494
17300,0.105,0.395,0.499
17400,0.102,0.391,0.507
17500,0.106,0.384,0.510
17600,0.104,0.385,0.511
17700,0.097,0.382,0.521
17800,0.100,0.385,0.515
17900,0.103,0.383,0.514
18000,0.097,0.392,0.511
18100,0.105,0.393,0.502
18200,0.104,0.397,0.498
18300,0.101,0.393,0.506
18400,0.102,0.388,0.510
18500,0.103,0.382,0.515
18600,0.099,0.380,0.521
18700,0.103,0.381,0.516
18800,0.104,0.381,0.515
18900,0.099,0.377,0.524
19000,0.097,0.371,0.532
19100,0.099,0.371,0.530
19200,0.102,0.372,0.526
19300,0.107,0.376,0.517
19400,0.105,0.372,0.523
19500,0.126,0.366,0.509
19600,0.115,0.370,0.515
19700,0.113,0.367,0.520
19800,0.107,0.363,0.530
19900,0.118,0.356,0.525
20000,0.121,0.355,0.524
20100,0.134,0.356,0.510
20200,0.137,0.358,0.506
20300,0.131,0.359,0.511
20400,0.129,0.359,0.513
20500,0.132,0.359,0.510
20600,0.143,0.355,0.502
20700,0.149,0.343,0.508
20800,0.148,0.344,0.508
20900,0.151,0.343,0.506
21000,0.162,0.345,0.492
21100,0.170,0.344,0.486
21200,0.159,0.341,0.499
21300,0.152,0.349,0.498
21400,0.142,0.346,0.512
21500,0.146,0.346,0.508
21600,0.148,0.354,0.497
21700,0.147,0.354,0.498
21800,0.140,0.350,0.510
21900,0.135,0.346,0.519
22000,0.152,0.341,0.507
22100,0.146,0.339,0.515
22200,0.154,0.333,0.513
22300,0.153,0.338,0.509
22400,0.154,0.346,0.499
22500,0.152,0.345,0.503
22600,0.155,0.339,0.506
22700,0.148,0.334,0.518
22800,0.151,0.332,0.517
22900,0.154,0.328,0.518
23000,0.140,0.335,0.525
23100,0.134,0.334,0.532
23200,0.132,0.328,0.540
23300,0.134,0.330,0.536
23400,0.143,0.332,0.525
23500,0.142,0.344,0.514
23600,0.147,0.340,0.513
23700,0.138,0.340,0.522
23800,0.133,0.348,0.519
23900,0.122,0.347,0.531
24000,0.123,0.351,0.526
24100,0.128,0.347,0.525
24200,0.125,0.349,0.526
24300,0.121,0.347,0.532
24400,0.127,0.342,0.531
24500,0.132,0.328,0.540
24600,0.124,0.340,0.536
24700,0.130,0.339,0.531
24800,0.137,0.329,0.534
24900,0.138,0.329,0.533
25000,0.138,0.334,0.528
25100,0.142,0.339,0.519
25200,0.150,0.347,0.503
25300,0.149,0.342,0.509
25400,0.151,0.339,0.510
25500,0.144,0.345,0.511
25600,0.137,0.343,0.520
25700,0.138,0.343,0.519
25800,0.134,0.345,0.521
25900,0.150,0.335,0.515
26000,0.148,0.341,0.511
26100,0.148,0.339,0.513
26200,0.152,0.336,0.512
26300,0.155,0.333,0.512
26400,0.160,0.333,0.507
26500,0.154,0.333,0.513
26600,0.157,0.333,0.510
26700,0.156,0.333,0.511
26800,0.160,0.332,0.508
26900,0.153,0.326,0.521
27000,0.147,0.331,0.522
27100,0.146,0.332,0.522
27200,0.153,0.329,0.518
27300,0.155,0.326,0.519
27400,0.160,0.326,0.514
27500,0.165,0.317,0.518
27600,0.162,0.311,0.527
27700,0.158,0.312,0.530
27800,0.143,0.309,0.547
27900,0.140,0.316,0.544
28000,0.147,0.322,0.531
28100,0.149,0.308,0.542
28200,0.150,0.312,0.538
28300,0.147,0.314,0.539
28400,0.158,0.313,0.529
28500,0.157,0.322,0.521
28600,0.159,0.319,0.522
28700,0.181,0.315,0.505
28800,0.175,0.306,0.519
28900,0.179,0.315,0.507
29000,0.174,0.319,0.508
29100,0.170,0.320,0.511
29200,0.172,0.314,0.515
29300,0.160,0.318,0.522
29400,0.155,0.317,0.528
29500,0.159,0.328,0.513
29600,0.160,0.323,0.517
29700,0.158,0.319,0.523
29800,0.165,0.332,0.503
29900,0.158,0.327,0.515
30000,0.155,0.322,0.523
30100,0.157,0.313,0.530
30200,0.153,0.318,0.529
30300,0.153,0.337,0.510
30400,0.146,0.334,0.520
30500,0.151,0.330,0.519
30600,0.138,0.327,0.535
30700,0.141,0.332,0.527
30800,0.147,0.327,0.526
30900,0.148,0.319,0.533
31000,0.147,0.316,0.537
31100,0.142,0.320,0.538
31200,0.145,0.320,0.535
31300,0.149,0.319,0.532
31400,0.147,0.316,0.537
31500,0.143,0.327,0.530
31600,0.145,0.327,0.528
31700,0.139,0.325,0.536
31800,0.140,0.332,0.528
31900,0.154,0.326,0.520
32000,0.156,0.317,0.527
32100,0.152,0.319,0.529
32200,0.146,0.322,0.532
32300,0.154,0.317,0.529
32400,0.153,0.330,0.517
32500,0.150,0.325,0.525
32600,0.155,0.321,0.524
32700,0.148,0.318,0.534
32800,0.147,0.317,0.536
32900,0.138,0.309,0.553
33000,0.137,0.301,0.562
33100,0.142,0.304,0.554
33200,0.158,0.304,0.537
33300,0.161,0.298,0.540
33400,0.156,0.292,0.552
33500,0.153,0.307,0.539
33600,0.149,0.308,0.542
33700,0.135,0.307,0.558
33800,0.134,0.314,0.553
33900,0.133,0.321,0.546
34000,0.136,0.319,0.545
34100,0.139,0.316,0.545
34200,0.135,0.328,0.537
34300,0.136,0.331,0.533
34400,0.135,0.331,0.534
34500,0.133,0.327,0.540
34600,0.147,0.324,0.529
34700,0.149,0.306,0.544
34800,0.152,0.300,0.547
34900,0.151,0.293,0.556
35000,0.146,0.301,0.553
35100,0.148,0.302,0.550
35200,0.151,0.296,0.553
35300,0.155,0.294,0.551
35400,0.164,0.286,0.550
35500,0.172,0.289,0.539
35600,0.159,0.277,0.564
35700,0.156,0.281,0.563
35800,0.155,0.284,0.561
35900,0.153,0.281,0.566
36000,0.148,0.288,0.564
36100,0.151,0.292,0.557
36200,0.144,0.300,0.556
36300,0.142,0.289,0.569
36400,0.138,0.286,0.576
36500,0.154,0.284,0.562
36600,0.165,0.280,0.555
36700,0.165,0.277,0.558
36800,0.160,0.281,0.559
36900,0.154,0.279,0.567
37000,0.165,0.284,0.551
37100,0.180,0.281,0.539
37200,0.171,0.272,0.558
37300,0.154,0.268,0.578
37400,0.161,0.268,0.571
37500,0.184,0.274,0.542
37600,0.175,0.265,0.561
37700,0.175,0.265,0.561
37800,0.169,0.277,0.555
37900,0.162,0.274,0.564
38000,0.161,0.271,0.568
38100,0.164,0.268,0.568
38200,0.165,0.274,0.561
38300,0.172,0.274,0.555
38400,0.173,0.274,0.554
38500,0.171,0.270,0.560
38600,0.160,0.264,0.576
38700,0.161,0.265,0.574
38800,0.158,0.265,0.577
38900,0.141,0.269,0.590
39000,0.148,0.273,0.579
39100,0.138,0.266,0.597
39200,0.144,0.273,0.583
39300,0.147,0.274,0.579
39400,0.153,0.276,0.571
39500,0.162,0.271,0.567
39600,0.164,0.272,0.564
39700,0.168,0.279,0.554
39800,0.180,0.277,0.543
39900,0.184,0.267,0.550
40000,0.188,0.258,0.554
40100,0.192,0.263,0.545
40200,0.197,0.264,0.539
40300,0.201,0.274,0.525
40400,0.205,0.269,0.526
40500,0.188,0.274,0.538
40600,0.185,0.269,0.546
40700,0.178,0.273,0.550
40800,0.175,0.270,0.556
40900,0.179,0.269,0.553
41000,0.174,0.264,0.563
41100,0.165,0.261,0.573
41200,0.163,0.264,0.573
41300,0.162,0.269,0.569
41400,0.161,0.271,0.568
41500,0.165,0.271,0.564
41600,0.163,0.270,0.567
41700,0.156,0.276,0.568
41800,0.161,0.264,0.575
41900,0.165,0.267,0.568
42000,0.171,0.272,0.558
42100,0.157,0.278,0.565
42200,0.166,0.268,0.566
42300,0.172,0.269,0.560
42400,0.172,0.289,0.539
42500,0.166,0.286,0.547
42600,0.161,0.283,0.556
42700,0.147,0.298,0.555
42800,0.149,0.293,0.558
42900,0.145,0.288,0.567
43000,0.149,0.308,0.542
43100,0.147,0.318,0.535
43200,0.147,0.302,0.551
43300,0.136,0.314,0.551
43400,0.147,0.318,0.535
43500,0.147,0.316,0.537
43600,0.146,0.311,0.543
43700,0.139,0.296,0.565
43800,0.137,0.291,0.572
43900,0.142,0.285,0.573
44000,0.147,0.289,0.564
44100,0.153,0.285,0.562
44200,0.152,0.278,0.570
44300,0.151,0.274,0.575
44400,0.144,0.276,0.580
44500,0.145,0.283,0.572
44600,0.147,0.289,0.564
44700,0.151,0.291,0.558
44800,0.141,0.287,0.572
44900,0.133,0.294,0.573
45000,0.134,0.291,0.575
45100,0.136,0.298,0.566
45200,0.137,0.300,0.563
45300,0.135,0.290,0.575
45400,0.135,0.284,0.581
45500,0.139,0.291,0.570
45600,0.135,0.283,0.582
45700,0.137,0.288,0.575
45800,0.134,0.293,0.573
45900,0.137,0.292,0.571
46000,0.129,0.289,0.582
46100,0.126,0.296,0.578
46200,0.136,0.281,0.583
46300,0.138,0.279,0.583
46400,0.137,0.279,0.584
46500,0.130,0.282,0.588
46600,0.134,0.283,0.583
46700,0.136,0.285,0.579
46800,0.135,0.285,0.580
46900,0.124,0.276,0.601
47000,0.128,0.278,0.594
47100,0.125,0.280,0.596
47200,0.127,0.273,0.601
47300,0.129,0.282,0.589
47400,0.124,0.283,0.593
47500,0.120,0.282,0.599
47600,0.113,0.282,0.605
47700,0.122,0.287,0.591
47800,0.123,0.284,0.593
47900,0.122,0.289,0.589
48000,0.121,0.288,0.591
48100,0.123,0.286,0.591
48200,0.116,0.279,0.605
48300,0.115,0.288,0.597
48400,0.120,0.283,0.598
48500,0.118,0.286,0.596
48600,0.118,0.286,0.596
48700,0.117,0.289,0.593
48800,0.128,0.282,0.590
48900,0.137,0.280,0.583
49000,0.138,0.274,0.588
49100,0.137,0.278,0.585
49200,0.144,0.270,0.586
49300,0.162,0.273,0.565
49400,0.160,0.272,0.568
49500,0.154,0.281,0.565
49600,0.150,0.283,0.567
49700,0.147,0.281,0.572
49800,0.157,0.279,0.564
49900,0.161,0.276,0.563
50000,0.158,0.286,0.556
50100,0.154,0.288,0.558
50200,0.142,0.287,0.571
50300,0.145,0.291,0.564
50400,0.139,0.293,0.568
50500,0.139,0.292,0.569
50600,0.139,0.282,0.579
50700,0.142,0.286,0.572
50800,0.144,0.283,0.573
50900,0.143,0.282,0.575
51000,0.137,0.278,0.585
51100,0.137,0.282,0.581
51200,0.140,0.276,0.584
51300,0.143,0.273,0.584
51400,0.144,0.269,0.587
51500,0.148,0.264,0.588
51600,0.154,0.270,0.576
51700,0.164,0.256,0.579
51800,0.157,0.257,0.585
51900,0.182,0.271,0.547
52000,0.189,0.273,0.538
52100,0.181,0.272,0.547
52200,0.177,0.265,0.559
52300,0.171,0.264,0.566
52400,0.161,0.259,0.579
52500,0.156,0.255,0.588
52600,0.163,0.251,0.585
52700,0.164,0.247,0.588
52800,0.166,0.249,0.584
52900,0.166,0.245,0.588
53000,0.172,0.248,0.580
53100,0.170,0.241,0.589
53200,0.160,0.246,0.593
53300,0.160,0.246,0.593
53400,0.155,0.252,0.592
53500,0.155,0.268,0.577
53600,0.165,0.274,0.561
53700,0.157,0.266,0.577
53800,0.155,0.268,0.577
53900,0.150,0.275,0.575
54000,0.157,0.270,0.573
54100,0.161,0.273,0.566
54200,0.160,0.278,0.562
54300,0.155,0.274,0.571
54400,0.153,0.280,0.567
54500,0.145,0.275,0.580
54600,0.141,0.268,0.591
54700,0.135,0.266,0.600
54800,0.135,0.268,0.598
54900,0.137,0.278,0.585
55000,0.138,0.276,0.586
55100,0.136,0.276,0.588
55200,0.131,0.279,0.590
55300,0.132,0.270,0.599
55400,0.140,0.266,0.594
55500,0.142,0.277,0.581
55600,0.145,0.275,0.580
55700,0.132,0.284,0.584
55800,0.141,0.280,0.579
55900,0.139,0.282,0.579
56000,0.141,0.284,0.575
56100,0.142,0.288,0.570
56200,0.149,0.291,0.560
56300,0.141,0.293,0.566
56400,0.137,0.293,0.570
56500,0.132,0.295,0.573
56600,0.129,0.300,0.571
56700,0.126,0.295,0.579
56800,0.127,0.299,0.574
56900,0.130,0.295,0.575
57000,0.124,0.305,0.571
57100,0.109,0.308,0.582
57200,0.108,0.303,0.588
57300,0.106,0.304,0.589
57400,0.105,0.303,0.591
57500,0.104,0.298,0.598
57600,0.112,0.302,0.585
57700,0.117,0.291,0.591
57800,0.139,0.286,0.575
57900,0.142,0.312,0.546
58000,0.148,0.308,0.543
58100,0.140,0.307,0.553
58200,0.149,0.304,0.546
58300,0.148,0.294,0.558
58400,0.145,0.291,0.564
58500,0.141,0.290,0.569
58600,0.140,0.288,0.572
58700,0.146,0.295,0.559
58800,0.150,0.290,0.560
58900,0.144,0.290,0.566
59000,0.141,0.287,0.572
59100,0.144,0.293,0.563
59200,0.147,0.295,0.558
59300,0.141,0.294,0.565
59400,0.149,0.288,0.563
59500,0.151,0.285,0.564
59600,0.150,0.290,0.560
59700,0.155,0.284,0.561
59800,0.153,0.278,0.569
59900,0.152,0.271,0.577
60000,0.157,0.280,0.563
60100,0.164,0.278,0.558
60200,0.152,0.280,0.568
60300,0.146,0.280,0.574
60400,0.150,0.287,0.563
60500,0.152,0.289,0.559
60600,0.146,0.291,0.563
60700,0.134,0.300,0.566
60800,0.124,0.306,0.570
60900,0.134,0.300,0.566
61000,0.139,0.297,0.564
61100,0.137,0.298,0.565
61200,0.133,0.290,0.577
61300,0.135,0.286,0.579
61400,0.143,0.279,0.578
61500,0.138,0.277,0.585
61600,0.132,0.282,0.586
61700,0.142,0.274,0.584
61800,0.146,0.272,0.582
61900,0.140,0.271,0.589
62000,0.130,0.274,0.597
62100,0.131,0.280,0.589
62200,0.129,0.281,0.590
62300,0.128,0.279,0.593
62400,0.129,0.289,0.582
62500,0.124,0.282,0.594
62600,0.122,0.283,0.596
62700,0.141,0.278,0.581
62800,0.140,0.275,0.585
62900,0.143,0.277,0.580
63000,0.156,0.271,0.573
63100,0.148,0.267,0.585
63200,0.149,0.264,0.587
63300,0.157,0.264,0.579
63400,0.153,0.264,0.583
63500,0.155,0.269,0.576
63600,0.156,0.270,0.574
63700,0.150,0.266,0.584
63800,0.145,0.268,0.587
63900,0.149,0.271,0.580
64000,0.145,0.278,0.577
64100,0.146,0.282,0.572
64200,0.142,0.283,0.575
64300,0.145,0.281,0.574
64400,0.145,0.280,0.575
64500,0.145,0.283,0.572
64600,0.139,0.289,0.572
64700,0.144,0.285,0.571
64800,0.147,0.295,0.558
64900,0.133,0.297,0.570
65000,0.140,0.294,0.566
65100,0.142,0.285,0.573
65200,0.138,0.289,0.573
65300,0.139,0.288,0.573
65400,0.134,0.287,0.579
65500,0.126,0.287,0.587
65600,0.129,0.283,0.588
65700,0.135,0.283,0.582
65800,0.131,0.289,0.580
65900,0.128,0.277,0.596
66000,0.128,0.282,0.590
66100,0.140,0.278,0.582
66200,0.133,0.271,0.597
66300,0.133,0.267,0.601
66400,0.131,0.260,0.609
66500,0.140,0.264,0.597
66600,0.140,0.259,0.601
66700,0.141,0.261,0.598
66800,0.138,0.263,0.600
66900,0.136,0.251,0.613
67000,0.135,0.252,0.613
67100,0.143,0.254,0.603
67200,0.139,0.263,0.599
67300,0.134,0.252,0.614
67400,0.135,0.245,0.620
67500,0.138,0.240,0.622
67600,0.136,0.242,0.622
67700,0.129,0.245,0.626
67800,0.136,0.253,0.611
67900,0.139,0.254,0.607
68000,0.134,0.261,0.605
68100,0.132,0.263,0.606
68200,0.129,0.265,0.607
68300,0.144,0.255,0.601
68400,0.143,0.259,0.598
68500,0.137,0.249,0.614
68600,0.138,0.244,0.618
68700,0.137,0.252,0.611
68800,0.134,0.249,0.617
68900,0.151,0.258,0.590
69000,0.156,0.250,0.593
69100,0.152,0.247,0.601
69200,0.157,0.255,0.587
69300,0.157,0.250,0.592
69400,0.148,0.260,0.591
69500,0.134,0.265,0.602
69600,0.132,0.265,0.604
69700,0.127,0.267,0.607
69800,0.130,0.266,0.605
69900,0.125,0.270,0.606
70000,0.125,0.264,0.612
70100,0.125,0.253,0.622
70200,0.124,0.254,0.622
70300,0.120,0.261,0.619
70400,0.129,0.273,0.599
70500,0.120,0.267,0.614
70600,0.123,0.265,0.613
70700,0.116,0.264,0.620
70800,0.116,0.269,0.615
70900,0.135,0.272,0.593
71000,0.136,0.274,0.590
71100,0.133,0.268,0.600
71200,0.124,0.277,0.600
71300,0.126,0.275,0.600
71400,0.127,0.259,0.614
71500,0.123,0.255,0.622
71600,0.127,0.253,0.620
71700,0.142,0.257,0.601
71800,0.135,0.251,0.614
71900,0.137,0.252,0.611
72000,0.137,0.247,0.616
72100,0.142,0.249,0.609
72200,0.147,0.247,0.606
72300,0.145,0.247,0.608
72400,0.141,0.245,0.614
72500,0.143,0.245,0.612
72600,0.139,0.247,0.614
72700,0.132,0.237,0.631
72800,0.126,0.242,0.632
72900,0.122,0.244,0.634
73000,0.124,0.244,0.632
73100,0.127,0.234,0.639
73200,0.132,0.238,0.630
73300,0.139,0.234,0.627
73400,0.139,0.232,0.629
73500,0.139,0.241,0.620
73600,0.139,0.259,0.602
73700,0.142,0.257,0.601
73800,0.139,0.256,0.605
73900,0.151,0.255,0.593
74000,0.159,0.246,0.594
74100,0.159,0.229,0.612
74200,0.164,0.232,0.604
74300,0.166,0.241,0.592
74400,0.165,0.239,0.596
74500,0.163,0.237,0.600
74600,0.174,0.240,0.586
74700,0.175,0.241,0.584
74800,0.166,0.244,0.589
74900,0.170,0.240,0.590
75000,0.165,0.250,0.584
75100,0.163,0.249,0.587
75200,0.158,0.248,0.593
75300,0.169,0.247,0.584
75400,0.181,0.241,0.578
75500,0.178,0.241,0.581
75600,0.170,0.250,0.580
75700,0.169,0.247,0.584
75800,0.174,0.250,0.576
75900,0.171,0.258,0.571
76000,0.168,0.253,0.579
76100,0.160,0.252,0.587
76200,0.160,0.254,0.585
76300,0.159,0.253,0.587
76400,0.154,0.255,0.590
76500,0.164,0.238,0.598
76600,0.163,0.238,0.599
76700,0.158,0.233,0.609
76800,0.163,0.251,0.585
76900,0.163,0.256,0.580
77000,0.159,0.269,0.572
77100,0.161,0.261,0.577
77200,0.157,0.258,0.584
77300,0.161,0.260,0.578
77400,0.160,0.254,0.585
77500,0.157,0.254,0.588
77600,0.162,0.263,0.575
77700,0.160,0.254,0.585
77800,0.149,0.260,0.590
77900,0.147,0.260,0.592
78000,0.153,0.259,0.587
78100,0.155,0.265,0.580
78200,0.159,0.263,0.578
78300,0.161,0.261,0.577
78400,0.156,0.259,0.584
78500,0.152,0.253,0.594
78600,0.149,0.253,0.598
78700,0.150,0.255,0.594
78800,0.160,0.254,0.585
78900,0.176,0.248,0.576
79000,0.182,0.252,0.566
79100,0.166,0.252,0.581
79200,0.165,0.257,0.577
79300,0.164,0.256,0.579
79400,0.164,0.249,0.586
79500,0.161,0.244,0.594
79600,0.160,0.241,0.599
79700,0.155,0.248,0.597
79800,0.157,0.246,0.597
79900,0.154,0.245,0.601
80000,0.156,0.240,0.604
80100,0.153,0.246,0.601
80200,0.157,0.248,0.594
80300,0.162,0.251,0.586
80400,0.164,0.253,0.582
80500,0.154,0.253,0.592
80600,0.164,0.250,0.585
80700,0.174,0.237,0.589
80800,0.165,0.235,0.600
80900,0.156,0.238,0.606
81000,0.166,0.239,0.594
81100,0.170,0.245,0.585
81200,0.175,0.264,0.562
81300,0.169,0.257,0.574
81400,0.157,0.260,0.582
81500,0.157,0.261,0.581
81600,0.157,0.260,0.582
81700,0.161,0.265,0.574
81800,0.160,0.263,0.577
81900,0.165,0.263,0.572
82000,0.166,0.256,0.577
82100,0.164,0.261,0.574
82200,0.150,0.261,0.588
82300,0.155,0.261,0.583
82400,0.160,0.253,0.586
82500,0.159,0.259,0.581
82600,0.157,0.258,0.584
82700,0.162,0.250,0.587
82800,0.156,0.252,0.591
82900,0.165,0.251,0.583
83000,0.163,0.246,0.590
83100,0.169,0.252,0.579
83200,0.163,0.254,0.582
83300,0.171,0.254,0.575
83400,0.172,0.246,0.582
83500,0.165,0.244,0.590
83600,0.164,0.239,0.597
83700,0.156,0.238,0.606
83800,0.174,0.232,0.594
83900,0.172,0.233,0.596
84000,0.173,0.233,0.594
84100,0.178,0.233,0.589
84200,0.186,0.232,0.582
84300,0.183,0.236,0.581
84400,0.183,0.233,0.584
84500,0.178,0.241,0.581
84600,0.180,0.237,0.583
84700,0.178,0.235,0.587
84800,0.169,0.235,0.597
84900,0.171,0.239,0.590
85000,0.166,0.240,0.593
85100,0.161,0.245,0.593
85200,0.159,0.238,0.603
85300,0.163,0.246,0.590
85400,0.160,0.242,0.598
85500,0.161,0.245,0.593
85600,0.158,0.247,0.594
85700,0.185,0.252,0.563
85800,0.186,0.248,0.566
85900,0.180,0.239,0.581
86000,0.182,0.239,0.579
86100,0.175,0.233,0.592
86200,0.189,0.227,0.584
86300,0.186,0.230,0.584
86400,0.189,0.231,0.580
86500,0.181,0.231,0.588
86600,0.184,0.232,0.584
86700,0.180,0.237,0.583
86800,0.172,0.232,0.597
86900,0.176,0.231,0.593
87000,0.177,0.240,0.583
87100,0.180,0.236,0.584
87200,0.181,0.230,0.589
87300,0.178,0.230,0.592
87400,0.182,0.223,0.596
87500,0.180,0.228,0.592
87600,0.179,0.227,0.594
87700,0.186,0.226,0.588
87800,0.184,0.222,0.594
87900,0.184,0.222,0.594
88000,0.182,0.219,0.600
88100,0.182,0.222,0.597
88200,0.180,0.221,0.600
88300,0.177,0.221,0.603
88400,0.180,0.225,0.596
88500,0.175,0.217,0.609
88600,0.173,0.233,0.594
88700,0.182,0.231,0.587
88800,0.181,0.241,0.578
88900,0.180,0.242,0.578
89000,0.182,0.239,0.579
89100,0.183,0.233,0.584
89200,0.190,0.235,0.575
89300,0.187,0.234,0.579
89400,0.187,0.240,0.573
89500,0.187,0.247,0.566
89600,0.187,0.252,0.561
89700,0.187,0.240,0.573
89800,0.186,0.251,0.563
89900,0.184,0.255,0.561
90000,0.180,0.247,0.573
90100,0.173,0.251,0.576
90200,0.181,0.248,0.571
90300,0.185,0.247,0.568
90400,0.168,0.243,0.589
90500,0.162,0.241,0.597
90600,0.154,0.242,0.604
90700,0.151,0.238,0.611
90800,0.155,0.239,0.606
90900,0.161,0.237,0.602
91000,0.162,0.236,0.602
91100,0.169,0.238,0.593
91200,0.176,0.245,0.579
91300,0.180,0.249,0.571
91400,0.174,0.241,0.585
91500,0.169,0.239,0.592
91600,0.166,0.235,0.599
91700,0.156,0.237,0.607
91800,0.147,0.238,0.615
91900,0.149,0.245,0.606
92000,0.146,0.240,0.614
92100,0.146,0.238,0.616
92200,0.151,0.243,0.606
92300,0.151,0.248,0.601
92400,0.145,0.253,0.602
92500,0.145,0.259,0.596
92600,0.138,0.271,0.591
92700,0.141,0.267,0.592
92800,0.135,0.260,0.605
92900,0.142,0.267,0.591
93000,0.141,0.260,0.599
93100,0.148,0.255,0.597
93200,0.148,0.248,0.604
93300,0.148,0.252,0.600
93400,0.159,0.236,0.605
93500,0.164,0.243,0.592
93600,0.157,0.245,0.598
93700,0.158,0.248,0.593
93800,0.149,0.246,0.605
93900,0.151,0.258,0.590
94000,0.151,0.268,0.581
94100,0.156,0.276,0.568
94200,0.161,0.273,0.566
94300,0.159,0.265,0.576
94400,0.161,0.269,0.570
94500,0.157,0.263,0.580
94600,0.169,0.258,0.573
94700,0.162,0.263,0.575
94800,0.163,0.259,0.577
94900,0.157,0.244,0.599
95000,0.157,0.241,0.602
95100,0.162,0.237,0.601
95200,0.158,0.236,0.606
95300,0.156,0.235,0.609
95400,0.153,0.236,0.611
95500,0.154,0.231,0.615
95600,0.150,0.236,0.614
95700,0.151,0.232,0.617
95800,0.160,0.242,0.598
95900,0.165,0.246,0.588
96000,0.168,0.241,0.591
96100,0.164,0.242,0.593
96200,0.173,0.239,0.588
96300,0.178,0.236,0.586
96400,0.181,0.234,0.585
96500,0.180,0.228,0.592
96600,0.179,0.230,0.591
96700,0.171,0.225,0.605
96800,0.177,0.224,0.600
96900,0.173,0.231,0.597
97000,0.183,0.230,0.587
97100,0.172,0.241,0.587
97200,0.173,0.254,0.573
97300,0.171,0.249,0.580
97400,0.170,0.252,0.578
97500,0.161,0.247,0.591
97600,0.163,0.254,0.582
97700,0.164,0.260,0.575
97800,0.159,0.256,0.584
97900,0.159,0.253,0.587
98000,0.160,0.251,0.588
98100,0.162,0.257,0.580
98200,0.154,0.251,0.594
98300,0.155,0.257,0.587
98400,0.152,0.253,0.594
98500,0.155,0.250,0.594
98600,0.148,0.259,0.592
98700,0.152,0.258,0.589
98800,0.148,0.256,0.596
98900,0.143,0.256,0.601
99000,0.146,0.257,0.597
99100,0.156,0.260,0.583
99200,0.149,0.257,0.593
99300,0.153,0.251,0.596
99400,0.154,0.252,0.593
99500,0.153,0.259,0.587
99600,0.152,0.260,0.587
99700,0.147,0.258,0.594
99800,0.146,0.258,0.596
99900,0.144,0.256,0.600
100000,0.141,0.256,0.603
