time,n_A+p,n_B,n_AB
200,0.030,0.968,0.002
400,0.030,0.965,0.005
600,0.030,0.964,0.006
800,0.030,0.963,0.007
1000,0.030,0.947,0.023
1200,0.030,0.933,0.038
1400,0.031,0.877,0.092
1600,0.030,0.866,0.104
1800,0.031,0.851,0.118
2000,0.032,0.831,0.137
2200,0.032,0.821,0.147
2400,0.031,0.800,0.170
2600,0.033,0.789,0.179
2800,0.032,0.768,0.200
3000,0.035,0.750,0.216
3200,0.034,0.742,0.225
3400,0.038,0.727,0.235
3600,0.046,0.703,0.251
3800,0.039,0.682,0.279
4000,0.038,0.669,0.293
4200,0.039,0.646,0.316
4400,0.040,0.638,0.322
4600,0.041,0.637,0.322
4800,0.046,0.626,0.328
5000,0.042,0.614,0.344
5200,0.046,0.599,0.355
5400,0.045,0.583,0.372
5600,0.050,0.585,0.365
5800,0.045,0.571,0.384
6000,0.044,0.565,0.391
6200,0.046,0.550,0.404
6400,0.044,0.538,0.418
6600,0.045,0.531,0.424
6800,0.051,0.531,0.418
7000,0.045,0.530,0.425
7200,0.052,0.532,0.416
7400,0.056,0.526,0.418
7600,0.066,0.523,0.411
7800,0.059,0.517,0.424
8000,0.060,0.513,0.427
8200,0.068,0.502,0.430
8400,0.063,0.502,0.435
8600,0.063,0.479,0.458
8800,0.063,0.471,0.466
9000,0.060,0.475,0.465
9200,0.058,0.464,0.478
9400,0.061,0.458,0.481
9600,0.057,0.447,0.495
9800,0.068,0.438,0.493
10000,0.062,0.435,0.503
10200,0.062,0.431,0.507
10400,0.068,0.431,0.501
10600,0.068,0.429,0.503
10800,0.065,0.427,0.508
11000,0.069,0.421,0.510
11200,0.076,0.411,0.514
11400,0.076,0.398,0.526
11600,0.070,0.385,0.544
11800,0.074,0.386,0.540
12000,0.084,0.377,0.539
12200,0.080,0.378,0.542
12400,0.080,0.379,0.541
12600,0.074,0.373,0.554
12800,0.074,0.368,0.559
13000,0.073,0.377,0.551
13200,0.082,0.374,0.544
13400,0.076,0.374,0.551
13600,0.077,0.377,0.546
13800,0.073,0.371,0.557
14000,0.073,0.351,0.576
14200,0.070,0.353,0.576
14400,0.079,0.349,0.572
14600,0.079,0.346,0.575
14800,0.078,0.349,0.573
15000,0.077,0.336,0.587
15200,0.075,0.341,0.584
15400,0.075,0.351,0.574
15600,0.084,0.347,0.569
15800,0.086,0.342,0.572
16000,0.085,0.336,0.579
16200,0.077,0.328,0.596
16400,0.075,0.334,0.591
16600,0.076,0.336,0.588
16800,0.076,0.338,0.586
17000,0.082,0.343,0.575
17200,0.085,0.339,0.576
17400,0.088,0.335,0.577
17600,0.086,0.328,0.586
17800,0.082,0.325,0.593
18000,0.084,0.327,0.589
18200,0.090,0.327,0.583
18400,0.097,0.329,0.574
18600,0.099,0.331,0.570
18800,0.089,0.331,0.580
19000,0.086,0.333,0.581
19200,0.075,0.323,0.603
19400,0.080,0.324,0.597
19600,0.078,0.329,0.593
19800,0.069,0.325,0.606
20000,0.070,0.321,0.609
20200,0.075,0.311,0.615
20400,0.077,0.306,0.617
20600,0.075,0.302,0.623
20800,0.077,0.300,0.623
21000,0.093,0.298,0.609
21200,0.086,0.303,0.611
21400,0.081,0.299,0.620
21600,0.072,0.298,0.630
21800,0.072,0.295,0.633
22000,0.076,0.302,0.622
22200,0.080,0.307,0.613
22400,0.094,0.296,0.610
22600,0.094,0.288,0.618
22800,0.098,0.290,0.612
23000,0.101,0.284,0.615
23200,0.107,0.279,0.614
23400,0.107,0.274,0.619
23600,0.104,0.268,0.628
23800,0.089,0.268,0.644
24000,0.083,0.273,0.645
24200,0.098,0.278,0.624
24400,0.092,0.286,0.622
24600,0.097,0.282,0.621
24800,0.088,0.284,0.628
25000,0.093,0.285,0.622
25200,0.104,0.285,0.611
25400,0.099,0.292,0.609
25600,0.104,0.291,0.605
25800,0.095,0.292,0.613
26000,0.091,0.286,0.623
26200,0.091,0.282,0.627
26400,0.096,0.282,0.622
26600,0.103,0.277,0.620
26800,0.100,0.277,0.623
27000,0.096,0.282,0.622
27200,0.099,0.283,0.618
27400,0.089,0.278,0.633
27600,0.093,0.283,0.624
27800,0.089,0.287,0.624
28000,0.088,0.291,0.621
28200,0.088,0.291,0.621
28400,0.091,0.290,0.619
28600,0.093,0.285,0.622
28800,0.087,0.277,0.636
29000,0.085,0.285,0.630
29200,0.098,0.287,0.615
29400,0.093,0.285,0.622
29600,0.099,0.286,0.615
29800,0.091,0.285,0.624
30000,0.092,0.279,0.629
30200,0.083,0.287,0.630
30400,0.075,0.296,0.629
30600,0.079,0.289,0.632
30800,0.084,0.286,0.630
31000,0.087,0.280,0.633
31200,0.088,0.284,0.628
31400,0.081,0.277,0.642
31600,0.072,0.283,0.646
31800,0.072,0.290,0.638
32000,0.075,0.283,0.642
32200,0.075,0.290,0.635
32400,0.072,0.288,0.640
32600,0.075,0.291,0.634
32800,0.077,0.287,0.636
33000,0.081,0.297,0.622
33200,0.089,0.283,0.628
33400,0.078,0.286,0.636
33600,0.091,0.296,0.613
33800,0.096,0.290,0.614
34000,0.098,0.286,0.616
34200,0.110,0.283,0.607
34400,0.102,0.282,0.616
34600,0.110,0.291,0.599
34800,0.101,0.298,0.601
35000,0.095,0.296,0.609
35200,0.089,0.287,0.624
35400,0.088,0.280,0.632
35600,0.094,0.283,0.623
35800,0.089,0.273,0.638
36000,0.083,0.277,0.640
36200,0.084,0.272,0.645
36400,0.094,0.266,0.640
36600,0.100,0.266,0.634
36800,0.088,0.259,0.653
37000,0.082,0.258,0.660
37200,0.074,0.259,0.667
37400,0.070,0.260,0.669
37600,0.072,0.263,0.666
37800,0.080,0.263,0.658
38000,0.082,0.271,0.648
38200,0.080,0.268,0.653
38400,0.082,0.260,0.658
38600,0.084,0.261,0.655
38800,0.088,0.256,0.656
39000,0.083,0.255,0.662
39200,0.077,0.256,0.667
39400,0.094,0.254,0.652
39600,0.087,0.261,0.652
39800,0.091,0.270,0.639
40000,0.090,0.260,0.650
40200,0.086,0.257,0.657
40400,0.083,0.281,0.636
40600,0.078,0.282,0.640
40800,0.079,0.288,0.633
41000,0.073,0.284,0.644
41200,0.076,0.274,0.651
41400,0.092,0.267,0.641
41600,0.085,0.265,0.651
41800,0.089,0.273,0.638
42000,0.089,0.261,0.650
42200,0.090,0.254,0.656
42400,0.093,0.250,0.657
42600,0.097,0.254,0.649
42800,0.090,0.268,0.642
43000,0.082,0.261,0.657
43200,0.089,0.251,0.660
43400,0.085,0.253,0.662
43600,0.083,0.241,0.676
43800,0.089,0.245,0.666
44000,0.090,0.240,0.670
44200,0.089,0.242,0.669
44400,0.090,0.248,0.662
44600,0.091,0.269,0.640
44800,0.090,0.270,0.640
45000,0.086,0.266,0.649
45200,0.088,0.266,0.647
45400,0.084,0.248,0.668
45600,0.088,0.253,0.659
45800,0.086,0.261,0.653
46000,0.084,0.257,0.659
46200,0.084,0.257,0.659
46400,0.088,0.257,0.655
46600,0.086,0.248,0.666
46800,0.084,0.247,0.669
47000,0.095,0.250,0.655
47200,0.091,0.256,0.653
47400,0.099,0.246,0.655
47600,0.096,0.261,0.642
47800,0.091,0.259,0.650
48000,0.098,0.280,0.622
48200,0.092,0.271,0.637
48400,0.086,0.261,0.653
48600,0.083,0.263,0.655
48800,0.086,0.258,0.656
49000,0.103,0.251,0.646
49200,0.097,0.248,0.655
49400,0.103,0.244,0.653
49600,0.100,0.233,0.667
49800,0.099,0.249,0.652
50000,0.101,0.259,0.639
50200,0.096,0.263,0.641
50400,0.095,0.247,0.658
50600,0.092,0.230,0.678
50800,0.090,0.237,0.673
51000,0.088,0.234,0.678
51200,0.090,0.233,0.677
51400,0.096,0.230,0.674
51600,0.096,0.231,0.673
51800,0.096,0.231,0.673
52000,0.102,0.230,0.668
52200,0.117,0.231,0.652
52400,0.103,0.236,0.661
52600,0.107,0.234,0.659
52800,0.105,0.231,0.664
53000,0.111,0.231,0.658
53200,0.115,0.234,0.651
53400,0.099,0.232,0.669
53600,0.101,0.231,0.668
53800,0.100,0.228,0.672
54000,0.102,0.233,0.665
54200,0.093,0.229,0.678
54400,0.091,0.235,0.674
54600,0.087,0.251,0.662
54800,0.085,0.246,0.669
55000,0.073,0.245,0.682
55200,0.078,0.242,0.680
55400,0.080,0.240,0.680
55600,0.081,0.248,0.671
55800,0.081,0.252,0.667
56000,0.081,0.249,0.670
56200,0.081,0.234,0.685
56400,0.078,0.240,0.682
56600,0.078,0.239,0.683
56800,0.088,0.241,0.671
57000,0.084,0.239,0.677
57200,0.082,0.232,0.686
57400,0.092,0.232,0.676
57600,0.100,0.232,0.668
57800,0.094,0.225,0.681
58000,0.097,0.226,0.677
58200,0.100,0.228,0.672
58400,0.095,0.230,0.675
58600,0.097,0.225,0.678
58800,0.095,0.234,0.671
59000,0.089,0.227,0.684
59200,0.105,0.225,0.670
59400,0.102,0.231,0.667
59600,0.096,0.225,0.679
59800,0.097,0.215,0.688
60000,0.096,0.220,0.684
60200,0.092,0.223,0.685
60400,0.088,0.218,0.695
60600,0.085,0.223,0.693
60800,0.083,0.220,0.698
61000,0.085,0.219,0.697
61200,0.089,0.230,0.681
61400,0.097,0.227,0.676
61600,0.100,0.223,0.677
61800,0.087,0.226,0.687
62000,0.094,0.216,0.691
62200,0.104,0.223,0.673
62400,0.099,0.233,0.668
62600,0.098,0.223,0.679
62800,0.113,0.219,0.668
63000,0.109,0.216,0.675
63200,0.106,0.208,0.685
63400,0.116,0.213,0.670
63600,0.115,0.220,0.665
63800,0.112,0.220,0.668
64000,0.107,0.215,0.678
64200,0.088,0.216,0.697
64400,0.091,0.222,0.687
64600,0.083,0.216,0.702
64800,0.087,0.210,0.703
65000,0.091,0.207,0.702
65200,0.092,0.209,0.699
65400,0.093,0.204,0.703
65600,0.094,0.200,0.706
65800,0.094,0.204,0.702
66000,0.086,0.206,0.708
66200,0.087,0.217,0.697
66400,0.089,0.209,0.702
66600,0.094,0.209,0.697
66800,0.097,0.212,0.691
67000,0.092,0.210,0.698
67200,0.102,0.212,0.685
67400,0.103,0.211,0.685
67600,0.099,0.211,0.689
67800,0.091,0.212,0.697
68000,0.090,0.212,0.698
68200,0.089,0.207,0.704
68400,0.084,0.202,0.714
68600,0.085,0.201,0.714
68800,0.086,0.196,0.718
69000,0.094,0.208,0.698
69200,0.102,0.202,0.696
69400,0.108,0.200,0.692
69600,0.093,0.198,0.709
69800,0.092,0.191,0.717
70000,0.092,0.184,0.724
70200,0.101,0.188,0.711
70400,0.097,0.188,0.715
70600,0.099,0.195,0.706
70800,0.108,0.196,0.696
71000,0.128,0.197,0.675
71200,0.118,0.206,0.675
71400,0.126,0.204,0.670
71600,0.137,0.221,0.642
71800,0.134,0.232,0.634
72000,0.121,0.224,0.656
72200,0.108,0.212,0.679
72400,0.108,0.223,0.669
72600,0.105,0.218,0.677
72800,0.107,0.213,0.679
73000,0.109,0.209,0.681
73200,0.095,0.209,0.696
73400,0.096,0.203,0.701
73600,0.109,0.200,0.691
73800,0.098,0.199,0.703
74000,0.096,0.194,0.710
74200,0.099,0.191,0.710
74400,0.106,0.193,0.701
74600,0.103,0.186,0.711
74800,0.103,0.191,0.706
75000,0.111,0.193,0.696
75200,0.107,0.191,0.702
75400,0.101,0.191,0.708
75600,0.098,0.200,0.702
75800,0.112,0.201,0.686
76000,0.103,0.194,0.703
76200,0.102,0.191,0.707
76400,0.110,0.205,0.684
76600,0.105,0.209,0.685
76800,0.102,0.210,0.687
77000,0.109,0.200,0.691
77200,0.110,0.197,0.693
77400,0.113,0.196,0.691
77600,0.112,0.200,0.687
77800,0.107,0.207,0.685
78000,0.110,0.213,0.676
78200,0.105,0.209,0.685
78400,0.099,0.204,0.697
78600,0.101,0.197,0.702
78800,0.100,0.196,0.704
79000,0.104,0.195,0.701
79200,0.111,0.192,0.697
79400,0.106,0.185,0.709
79600,0.111,0.186,0.703
79800,0.099,0.194,0.707
80000,0.103,0.201,0.696
80200,0.104,0.198,0.698
80400,0.107,0.197,0.696
80600,0.105,0.194,0.701
80800,0.105,0.197,0.698
81000,0.109,0.196,0.695
81200,0.116,0.192,0.692
81400,0.112,0.194,0.694
81600,0.110,0.205,0.684
81800,0.106,0.198,0.696
82000,0.097,0.199,0.704
82200,0.112,0.198,0.689
82400,0.110,0.200,0.689
82600,0.101,0.195,0.704
82800,0.104,0.201,0.695
83000,0.108,0.202,0.689
83200,0.102,0.198,0.700
83400,0.109,0.195,0.696
83600,0.115,0.200,0.684
83800,0.116,0.195,0.688
84000,0.115,0.199,0.685
84200,0.109,0.188,0.703
84400,0.111,0.207,0.681
84600,0.109,0.209,0.681
84800,0.102,0.207,0.691
85000,0.091,0.199,0.710
85200,0.096,0.204,0.700
85400,0.108,0.201,0.691
85600,0.107,0.193,0.700
85800,0.106,0.193,0.701
86000,0.108,0.191,0.701
86200,0.100,0.197,0.703
86400,0.101,0.200,0.699
86600,0.099,0.192,0.709
86800,0.107,0.193,0.700
87000,0.108,0.189,0.703
87200,0.114,0.188,0.698
87400,0.107,0.197,0.696
87600,0.108,0.194,0.698
87800,0.102,0.186,0.712
88000,0.092,0.195,0.713
88200,0.109,0.192,0.699
88400,0.108,0.203,0.688
88600,0.109,0.200,0.691
88800,0.105,0.204,0.691
89000,0.106,0.204,0.689
89200,0.105,0.197,0.698
89400,0.111,0.197,0.692
89600,0.107,0.190,0.703
89800,0.104,0.191,0.705
90000,0.103,0.194,0.703
90200,0.107,0.199,0.694
90400,0.117,0.192,0.691
90600,0.107,0.195,0.698
90800,0.109,0.196,0.695
91000,0.116,0.188,0.696
91200,0.131,0.186,0.683
91400,0.130,0.189,0.681
91600,0.129,0.187,0.684
91800,0.111,0.187,0.702
92000,0.112,0.193,0.695
92200,0.115,0.201,0.683
92400,0.112,0.203,0.684
92600,0.118,0.195,0.686
92800,0.140,0.185,0.675
93000,0.140,0.190,0.670
93200,0.129,0.185,0.686
93400,0.130,0.181,0.689
93600,0.136,0.177,0.687
93800,0.135,0.177,0.688
94000,0.139,0.172,0.689
94200,0.140,0.183,0.677
94400,0.135,0.177,0.688
94600,0.136,0.182,0.682
94800,0.134,0.191,0.675
95000,0.124,0.183,0.694
95200,0.121,0.186,0.694
95400,0.121,0.185,0.695
95600,0.128,0.180,0.693
95800,0.130,0.172,0.699
96000,0.135,0.180,0.685
96200,0.139,0.182,0.679
96400,0.134,0.190,0.676
96600,0.128,0.181,0.692
96800,0.125,0.173,0.703
97000,0.118,0.168,0.714
97200,0.114,0.174,0.712
97400,0.115,0.177,0.708
97600,0.111,0.180,0.709
97800,0.110,0.203,0.686
98000,0.116,0.187,0.697
98200,0.142,0.185,0.673
98400,0.145,0.179,0.676
98600,0.138,0.180,0.682
98800,0.128,0.174,0.699
99000,0.152,0.178,0.670
99200,0.147,0.179,0.674
99400,0.152,0.184,0.664
99600,0.149,0.188,0.663
99800,0.136,0.181,0.683
100000,0.126,0.186,0.688
100200,0.123,0.177,0.701
100400,0.132,0.173,0.696
100600,0.125,0.174,0.702
100800,0.115,0.170,0.715
101000,0.118,0.182,0.700
101200,0.124,0.190,0.686
101400,0.122,0.185,0.694
101600,0.114,0.191,0.695
101800,0.118,0.199,0.682
102000,0.121,0.197,0.682
102200,0.116,0.192,0.692
102400,0.114,0.195,0.691
102600,0.106,0.192,0.702
102800,0.101,0.183,0.716
103000,0.092,0.191,0.717
103200,0.098,0.192,0.710
103400,0.103,0.192,0.705
103600,0.096,0.198,0.706
103800,0.093,0.196,0.711
104000,0.097,0.187,0.716
104200,0.105,0.192,0.703
104400,0.100,0.194,0.706
104600,0.097,0.193,0.710
104800,0.093,0.182,0.725
105000,0.093,0.190,0.717
105200,0.091,0.179,0.730
105400,0.103,0.190,0.707
105600,0.099,0.187,0.714
105800,0.103,0.168,0.729
106000,0.109,0.179,0.712
106200,0.105,0.179,0.716
106400,0.093,0.174,0.733
106600,0.085,0.173,0.743
106800,0.096,0.182,0.722
107000,0.086,0.185,0.729
107200,0.085,0.175,0.741
107400,0.086,0.186,0.728
107600,0.087,0.180,0.733
107800,0.084,0.179,0.737
108000,0.088,0.179,0.733
108200,0.086,0.178,0.736
108400,0.092,0.178,0.730
108600,0.088,0.175,0.737
108800,0.089,0.180,0.731
109000,0.096,0.180,0.724
109200,0.096,0.183,0.721
109400,0.113,0.175,0.712
109600,0.104,0.172,0.724
109800,0.103,0.176,0.721
110000,0.100,0.169,0.731
110200,0.102,0.181,0.717
110400,0.106,0.177,0.717
110600,0.097,0.170,0.733
110800,0.092,0.165,0.743
111000,0.102,0.156,0.742
111200,0.103,0.156,0.741
111400,0.113,0.162,0.724
111600,0.102,0.163,0.734
111800,0.104,0.163,0.732
112000,0.094,0.160,0.746
112200,0.092,0.159,0.749
112400,0.095,0.163,0.742
112600,0.094,0.156,0.750
112800,0.112,0.159,0.728
113000,0.112,0.163,0.724
113200,0.107,0.166,0.726
113400,0.107,0.163,0.729
113600,0.114,0.153,0.732
113800,0.112,0.155,0.732
114000,0.109,0.158,0.732
114200,0.115,0.155,0.729
114400,0.105,0.156,0.739
114600,0.097,0.151,0.752
114800,0.103,0.155,0.742
115000,0.108,0.155,0.736
115200,0.097,0.154,0.749
115400,0.101,0.168,0.731
115600,0.118,0.171,0.711
115800,0.108,0.166,0.725
116000,0.110,0.169,0.721
116200,0.107,0.165,0.727
116400,0.124,0.161,0.715
116600,0.121,0.155,0.724
116800,0.122,0.153,0.725
117000,0.112,0.158,0.729
117200,0.097,0.162,0.741
117400,0.103,0.154,0.743
117600,0.103,0.153,0.744
117800,0.100,0.152,0.748
118000,0.100,0.150,0.750
118200,0.107,0.153,0.740
118400,0.096,0.157,0.747
118600,0.103,0.163,0.733
118800,0.103,0.163,0.733
119000,0.099,0.163,0.737
119200,0.104,0.171,0.725
119400,0.105,0.172,0.723
119600,0.116,0.170,0.714
119800,0.098,0.173,0.729
120000,0.094,0.180,0.726
120200,0.087,0.187,0.726
120400,0.092,0.178,0.730
120600,0.097,0.178,0.725
120800,0.098,0.172,0.730
121000,0.109,0.176,0.715
121200,0.103,0.169,0.728
121400,0.096,0.181,0.723
121600,0.099,0.175,0.726
121800,0.107,0.171,0.722
122000,0.120,0.162,0.718
122200,0.115,0.159,0.725
122400,0.112,0.166,0.721
122600,0.101,0.163,0.735
122800,0.105,0.156,0.739
123000,0.092,0.163,0.745
123200,0.096,0.175,0.729
123400,0.097,0.168,0.735
123600,0.089,0.170,0.742
123800,0.099,0.172,0.729
124000,0.102,0.165,0.732
124200,0.094,0.164,0.742
124400,0.096,0.176,0.728
124600,0.105,0.160,0.734
124800,0.099,0.161,0.740
125000,0.097,0.163,0.740
125200,0.090,0.159,0.751
125400,0.089,0.158,0.753
125600,0.110,0.157,0.732
125800,0.114,0.159,0.726
126000,0.110,0.161,0.728
126200,0.106,0.164,0.729
126400,0.105,0.166,0.728
126600,0.110,0.175,0.715
126800,0.109,0.163,0.727
127000,0.127,0.166,0.707
127200,0.130,0.166,0.704
127400,0.135,0.163,0.702
127600,0.131,0.160,0.709
127800,0.116,0.171,0.713
128000,0.105,0.166,0.728
128200,0.109,0.163,0.727
128400,0.104,0.164,0.731
128600,0.101,0.171,0.728
128800,0.098,0.164,0.737
129000,0.101,0.186,0.713
129200,0.106,0.195,0.699
129400,0.095,0.201,0.704
129600,0.093,0.203,0.704
129800,0.093,0.191,0.716
130000,0.091,0.181,0.728
130200,0.108,0.172,0.720
130400,0.096,0.174,0.730
130600,0.101,0.172,0.727
130800,0.107,0.186,0.707
131000,0.108,0.180,0.712
131200,0.108,0.170,0.722
131400,0.103,0.174,0.723
131600,0.098,0.171,0.731
131800,0.110,0.170,0.720
132000,0.114,0.176,0.710
132200,0.104,0.176,0.720
132400,0.104,0.171,0.725
132600,0.109,0.163,0.727
132800,0.101,0.159,0.740
133000,0.104,0.162,0.733
133200,0.100,0.164,0.735
133400,0.097,0.171,0.732
133600,0.098,0.176,0.726
133800,0.097,0.184,0.719
134000,0.091,0.180,0.729
134200,0.099,0.174,0.727
134400,0.106,0.175,0.719
134600,0.101,0.169,0.730
134800,0.099,0.165,0.735
135000,0.107,0.163,0.729
135200,0.106,0.165,0.728
135400,0.112,0.159,0.728
135600,0.105,0.162,0.732
135800,0.110,0.168,0.722
136000,0.095,0.179,0.726
136200,0.091,0.174,0.735
136400,0.087,0.166,0.747
136600,0.091,0.175,0.734
136800,0.093,0.173,0.734
137000,0.088,0.175,0.737
137200,0.092,0.174,0.734
137400,0.084,0.169,0.748
137600,0.089,0.177,0.734
137800,0.089,0.175,0.736
138000,0.087,0.171,0.743
138200,0.092,0.177,0.731
138400,0.093,0.181,0.726
138600,0.086,0.177,0.737
138800,0.089,0.176,0.735
139000,0.096,0.171,0.733
139200,0.096,0.168,0.736
139400,0.097,0.169,0.734
139600,0.099,0.168,0.733
139800,0.106,0.168,0.726
140000,0.114,0.169,0.717
140200,0.106,0.173,0.721
140400,0.098,0.189,0.713
140600,0.092,0.178,0.730
140800,0.092,0.190,0.718
141000,0.092,0.184,0.724
141200,0.089,0.174,0.737
141400,0.090,0.177,0.733
141600,0.088,0.182,0.730
141800,0.098,0.181,0.721
142000,0.097,0.177,0.726
142200,0.104,0.179,0.717
142400,0.099,0.163,0.737
142600,0.096,0.162,0.742
142800,0.100,0.172,0.728
143000,0.102,0.160,0.737
143200,0.102,0.158,0.740
143400,0.098,0.159,0.743
143600,0.090,0.164,0.746
143800,0.088,0.162,0.750
144000,0.092,0.158,0.750
144200,0.095,0.155,0.750
144400,0.096,0.153,0.751
144600,0.102,0.150,0.748
144800,0.102,0.153,0.745
145000,0.108,0.160,0.731
145200,0.102,0.158,0.740
145400,0.103,0.170,0.727
145600,0.096,0.170,0.734
145800,0.090,0.169,0.742
146000,0.094,0.169,0.737
146200,0.090,0.169,0.742
146400,0.092,0.176,0.732
146600,0.096,0.166,0.737
146800,0.098,0.168,0.734
147000,0.099,0.152,0.749
147200,0.096,0.159,0.745
147400,0.090,0.158,0.752
147600,0.095,0.166,0.739
147800,0.093,0.164,0.743
148000,0.095,0.168,0.737
148200,0.099,0.161,0.740
148400,0.095,0.157,0.748
148600,0.090,0.155,0.755
148800,0.091,0.149,0.760
149000,0.095,0.145,0.760
149200,0.091,0.144,0.765
149400,0.089,0.147,0.764
149600,0.107,0.157,0.735
149800,0.106,0.155,0.739
150000,0.098,0.152,0.750
150200,0.099,0.147,0.754
150400,0.097,0.141,0.762
150600,0.104,0.150,0.746
150800,0.107,0.153,0.740
151000,0.104,0.174,0.722
151200,0.106,0.187,0.707
151400,0.108,0.179,0.713
151600,0.103,0.174,0.723
151800,0.104,0.163,0.732
152000,0.096,0.160,0.744
152200,0.105,0.159,0.735
152400,0.100,0.166,0.733
152600,0.094,0.165,0.741
152800,0.103,0.165,0.731
153000,0.106,0.172,0.722
153200,0.109,0.175,0.716
153400,0.106,0.171,0.723
153600,0.094,0.160,0.746
153800,0.094,0.175,0.731
154000,0.093,0.171,0.736
154200,0.098,0.172,0.730
154400,0.097,0.166,0.736
154600,0.097,0.171,0.732
154800,0.093,0.177,0.730
155000,0.084,0.172,0.745
155200,0.088,0.175,0.737
155400,0.102,0.170,0.728
155600,0.101,0.173,0.726
155800,0.103,0.177,0.720
156000,0.100,0.177,0.723
156200,0.100,0.173,0.727
156400,0.096,0.178,0.726
156600,0.091,0.177,0.732
156800,0.094,0.171,0.735
157000,0.107,0.169,0.724
157200,0.111,0.176,0.713
157400,0.106,0.168,0.726
157600,0.100,0.171,0.729
157800,0.105,0.168,0.727
158000,0.124,0.175,0.702
158200,0.118,0.163,0.718
158400,0.115,0.165,0.719
158600,0.115,0.161,0.723
158800,0.118,0.165,0.716
159000,0.121,0.178,0.702
159200,0.122,0.164,0.714
159400,0.123,0.165,0.712
159600,0.118,0.159,0.722
159800,0.118,0.161,0.720
160000,0.118,0.169,0.713
160200,0.126,0.155,0.719
160400,0.116,0.156,0.727
160600,0.107,0.173,0.720
160800,0.113,0.173,0.714
161000,0.123,0.169,0.709
161200,0.126,0.165,0.709
161400,0.133,0.155,0.712
161600,0.134,0.165,0.701
161800,0.124,0.164,0.712
162000,0.120,0.164,0.716
162200,0.117,0.173,0.710
162400,0.120,0.165,0.715
162600,0.130,0.172,0.699
162800,0.142,0.169,0.689
163000,0.134,0.177,0.689
163200,0.134,0.162,0.704
163400,0.127,0.159,0.714
163600,0.127,0.159,0.714
163800,0.114,0.161,0.724
164000,0.117,0.165,0.717
164200,0.109,0.169,0.722
164400,0.113,0.160,0.726
164600,0.103,0.160,0.736
164800,0.098,0.152,0.750
165000,0.107,0.157,0.735
165200,0.115,0.148,0.736
165400,0.112,0.144,0.744
165600,0.118,0.144,0.737
165800,0.124,0.135,0.742
166000,0.126,0.136,0.739
166200,0.123,0.139,0.739
166400,0.131,0.139,0.730
166600,0.132,0.138,0.730
166800,0.121,0.134,0.746
167000,0.113,0.150,0.736
167200,0.123,0.150,0.727
167400,0.132,0.152,0.716
167600,0.133,0.148,0.719
167800,0.128,0.155,0.717
168000,0.125,0.154,0.721
168200,0.116,0.158,0.725
168400,0.113,0.162,0.724
168600,0.115,0.164,0.720
168800,0.122,0.161,0.717
169000,0.113,0.157,0.729
169200,0.107,0.164,0.728
169400,0.107,0.170,0.723
169600,0.104,0.169,0.727
169800,0.102,0.173,0.725
170000,0.091,0.178,0.731
170200,0.090,0.170,0.741
170400,0.115,0.160,0.724
170600,0.118,0.170,0.712
170800,0.117,0.165,0.717
171000,0.143,0.157,0.700
171200,0.141,0.166,0.693
171400,0.141,0.166,0.693
171600,0.140,0.174,0.686
171800,0.140,0.168,0.693
172000,0.140,0.169,0.692
172200,0.123,0.168,0.710
172400,0.126,0.169,0.706
172600,0.123,0.170,0.708
172800,0.125,0.171,0.705
173000,0.123,0.161,0.716
173200,0.114,0.156,0.729
173400,0.107,0.158,0.734
173600,0.111,0.160,0.728
173800,0.105,0.155,0.740
174000,0.105,0.157,0.737
174200,0.103,0.158,0.739
174400,0.106,0.157,0.736
174600,0.126,0.158,0.716
174800,0.121,0.159,0.720
175000,0.117,0.152,0.730
175200,0.114,0.163,0.722
175400,0.120,0.179,0.702
175600,0.115,0.169,0.716
175800,0.131,0.171,0.699
176000,0.128,0.180,0.693
176200,0.129,0.176,0.696
176400,0.132,0.164,0.704
176600,0.117,0.163,0.719
176800,0.129,0.160,0.711
177000,0.127,0.154,0.719
177200,0.121,0.153,0.726
177400,0.130,0.158,0.712
177600,0.131,0.174,0.696
177800,0.123,0.170,0.708
178000,0.132,0.162,0.706
178200,0.128,0.155,0.717
178400,0.125,0.152,0.723
178600,0.123,0.163,0.714
178800,0.116,0.184,0.700
179000,0.137,0.169,0.695
179200,0.144,0.174,0.682
179400,0.141,0.166,0.693
179600,0.136,0.164,0.700
179800,0.131,0.154,0.715
180000,0.131,0.160,0.709
180200,0.130,0.159,0.711
180400,0.135,0.150,0.715
180600,0.123,0.152,0.725
180800,0.132,0.147,0.721
181000,0.121,0.156,0.723
181200,0.126,0.163,0.711
181400,0.108,0.157,0.734
181600,0.106,0.153,0.741
181800,0.098,0.152,0.750
182000,0.103,0.153,0.744
182200,0.112,0.155,0.732
182400,0.102,0.163,0.734
182600,0.096,0.161,0.743
182800,0.098,0.162,0.740
183000,0.095,0.163,0.742
183200,0.110,0.161,0.728
183400,0.103,0.173,0.724
183600,0.108,0.181,0.711
183800,0.107,0.172,0.721
184000,0.105,0.173,0.722
184200,0.106,0.164,0.729
184400,0.108,0.177,0.715
184600,0.116,0.168,0.716
184800,0.123,0.174,0.704
185000,0.123,0.161,0.716
185200,0.123,0.151,0.726
185400,0.130,0.146,0.724
185600,0.140,0.145,0.715
185800,0.123,0.159,0.718
186000,0.136,0.151,0.713
186200,0.135,0.152,0.713
186400,0.142,0.149,0.709
186600,0.135,0.154,0.711
186800,0.125,0.163,0.712
187000,0.127,0.159,0.714
187200,0.117,0.152,0.730
187400,0.125,0.158,0.717
187600,0.132,0.148,0.720
187800,0.133,0.147,0.720
188000,0.127,0.144,0.729
188200,0.127,0.153,0.720
188400,0.120,0.150,0.730
188600,0.124,0.143,0.733
188800,0.129,0.145,0.726
189000,0.121,0.140,0.740
189200,0.137,0.141,0.722
189400,0.122,0.141,0.737
189600,0.114,0.144,0.742
189800,0.111,0.165,0.723
190000,0.109,0.159,0.731
190200,0.106,0.155,0.739
190400,0.098,0.161,0.741
190600,0.098,0.176,0.726
190800,0.106,0.170,0.724
191000,0.109,0.165,0.725
191200,0.116,0.165,0.718
191400,0.118,0.166,0.715
191600,0.113,0.168,0.719
191800,0.105,0.171,0.724
192000,0.107,0.164,0.728
192200,0.104,0.164,0.731
192400,0.102,0.162,0.735
192600,0.102,0.162,0.735
192800,0.125,0.159,0.716
193000,0.127,0.169,0.705
193200,0.132,0.161,0.707
193400,0.122,0.160,0.718
193600,0.116,0.162,0.721
193800,0.115,0.169,0.716
194000,0.110,0.159,0.730
194200,0.124,0.155,0.721
194400,0.120,0.175,0.706
194600,0.118,0.166,0.715
194800,0.121,0.176,0.704
195000,0.115,0.177,0.708
195200,0.103,0.185,0.712
195400,0.100,0.183,0.717
195600,0.108,0.178,0.714
195800,0.107,0.183,0.710
196000,0.112,0.175,0.713
196200,0.120,0.170,0.711
196400,0.115,0.173,0.712
196600,0.106,0.171,0.723
196800,0.097,0.175,0.728
197000,0.103,0.174,0.723
197200,0.099,0.162,0.739
197400,0.104,0.157,0.739
197600,0.107,0.157,0.735
197800,0.104,0.157,0.739
198000,0.105,0.154,0.741
198200,0.094,0.156,0.750
198400,0.101,0.163,0.735
198600,0.097,0.161,0.742
198800,0.101,0.156,0.743
199000,0.098,0.160,0.742
199200,0.095,0.163,0.742
199400,0.091,0.172,0.737
199600,0.093,0.164,0.743
199800,0.094,0.166,0.740
200000,0.101,0.165,0.733
200200,0.102,0.178,0.720
200400,0.090,0.174,0.736
200600,0.091,0.180,0.729
200800,0.104,0.183,0.713
201000,0.090,0.188,0.722
201200,0.088,0.181,0.731
201400,0.085,0.179,0.736
201600,0.090,0.175,0.735
201800,0.083,0.180,0.737
202000,0.094,0.172,0.734
202200,0.092,0.169,0.740
202400,0.095,0.163,0.742
202600,0.101,0.162,0.736
202800,0.089,0.162,0.749
203000,0.094,0.163,0.743
203200,0.096,0.156,0.748
203400,0.101,0.148,0.751
203600,0.092,0.151,0.757
203800,0.108,0.150,0.742
204000,0.107,0.146,0.747
204200,0.115,0.141,0.744
204400,0.126,0.142,0.732
204600,0.134,0.145,0.721
204800,0.127,0.146,0.727
205000,0.120,0.161,0.719
205200,0.115,0.158,0.726
205400,0.114,0.166,0.719
205600,0.113,0.171,0.716
205800,0.115,0.166,0.718
206000,0.120,0.162,0.718
206200,0.133,0.160,0.707
206400,0.124,0.150,0.726
206600,0.128,0.151,0.721
206800,0.151,0.149,0.700
207000,0.150,0.156,0.694
207200,0.138,0.159,0.703
207400,0.138,0.161,0.701
207600,0.130,0.157,0.713
207800,0.121,0.152,0.727
208000,0.114,0.151,0.734
208200,0.115,0.154,0.730
208400,0.117,0.162,0.720
208600,0.111,0.182,0.707
208800,0.124,0.179,0.698
209000,0.118,0.175,0.707
209200,0.113,0.174,0.713
209400,0.114,0.170,0.716
209600,0.115,0.163,0.721
209800,0.110,0.159,0.730
210000,0.112,0.156,0.731
210200,0.114,0.156,0.729
210400,0.109,0.160,0.730
210600,0.105,0.162,0.732
210800,0.105,0.165,0.729
211000,0.101,0.163,0.735
211200,0.113,0.159,0.727
211400,0.110,0.159,0.730
211600,0.108,0.161,0.730
211800,0.106,0.159,0.734
212000,0.117,0.155,0.727
212200,0.115,0.159,0.725
212400,0.112,0.157,0.730
212600,0.105,0.160,0.734
212800,0.102,0.163,0.734
213000,0.101,0.168,0.731
213200,0.096,0.157,0.747
213400,0.097,0.146,0.757
213600,0.108,0.146,0.746
213800,0.098,0.148,0.754
214000,0.106,0.142,0.752
214200,0.115,0.141,0.744
214400,0.115,0.143,0.742
214600,0.111,0.144,0.745
214800,0.121,0.148,0.731
215000,0.126,0.153,0.721
215200,0.124,0.152,0.724
215400,0.126,0.151,0.723
215600,0.121,0.149,0.730
215800,0.116,0.140,0.744
216000,0.116,0.143,0.741
216200,0.108,0.145,0.747
216400,0.110,0.137,0.753
216600,0.106,0.143,0.751
216800,0.111,0.141,0.748
217000,0.111,0.139,0.750
217200,0.109,0.142,0.749
217400,0.101,0.145,0.754
217600,0.107,0.144,0.749
217800,0.107,0.148,0.745
218000,0.122,0.151,0.727
218200,0.115,0.144,0.741
218400,0.124,0.151,0.725
218600,0.124,0.142,0.734
218800,0.118,0.150,0.731
219000,0.112,0.155,0.732
219200,0.132,0.150,0.718
219400,0.126,0.156,0.718
219600,0.117,0.159,0.723
219800,0.132,0.160,0.708
220000,0.121,0.152,0.727
220200,0.118,0.154,0.727
220400,0.118,0.161,0.720
220600,0.113,0.158,0.728
220800,0.110,0.156,0.733
221000,0.111,0.156,0.732
221200,0.104,0.145,0.751
221400,0.121,0.149,0.730
221600,0.118,0.148,0.733
221800,0.124,0.151,0.725
222000,0.141,0.152,0.707
222200,0.141,0.155,0.704
222400,0.128,0.149,0.723
222600,0.125,0.149,0.726
222800,0.121,0.153,0.726
223000,0.122,0.160,0.718
223200,0.137,0.168,0.696
223400,0.117,0.161,0.721
223600,0.118,0.157,0.724
223800,0.116,0.158,0.725
224000,0.125,0.159,0.716
224200,0.123,0.152,0.725
224400,0.129,0.162,0.709
224600,0.121,0.158,0.721
224800,0.125,0.161,0.714
225000,0.122,0.162,0.716
225200,0.124,0.178,0.699
225400,0.121,0.180,0.700
225600,0.118,0.169,0.713
225800,0.116,0.161,0.722
226000,0.113,0.176,0.711
226200,0.107,0.166,0.726
226400,0.111,0.162,0.726
226600,0.103,0.162,0.734
226800,0.108,0.164,0.727
227000,0.102,0.173,0.725
227200,0.110,0.171,0.719
227400,0.112,0.169,0.719
227600,0.109,0.162,0.728
227800,0.108,0.150,0.742
228000,0.113,0.152,0.734
228200,0.111,0.142,0.747
228400,0.111,0.142,0.747
228600,0.110,0.138,0.752
228800,0.109,0.138,0.753
229000,0.104,0.152,0.744
229200,0.124,0.143,0.733
229400,0.135,0.147,0.718
229600,0.123,0.137,0.741
229800,0.123,0.141,0.736
230000,0.125,0.136,0.740
230200,0.118,0.137,0.745
230400,0.113,0.134,0.753
230600,0.109,0.138,0.753
230800,0.099,0.145,0.756
231000,0.100,0.152,0.748
231200,0.101,0.152,0.747
231400,0.100,0.150,0.750
231600,0.099,0.150,0.751
231800,0.095,0.145,0.760
232000,0.099,0.141,0.760
232200,0.106,0.142,0.752
232400,0.101,0.136,0.763
232600,0.098,0.159,0.743
232800,0.098,0.155,0.747
233000,0.106,0.156,0.737
233200,0.105,0.142,0.753
233400,0.110,0.135,0.755
233600,0.115,0.138,0.747
233800,0.110,0.132,0.758
234000,0.127,0.128,0.746
234200,0.120,0.124,0.757
234400,0.115,0.124,0.761
234600,0.111,0.128,0.761
234800,0.105,0.129,0.766
235000,0.103,0.127,0.770
235200,0.102,0.136,0.762
235400,0.106,0.137,0.757
235600,0.109,0.140,0.751
235800,0.111,0.133,0.756
236000,0.114,0.139,0.747
236200,0.111,0.142,0.747
236400,0.097,0.138,0.765
236600,0.094,0.133,0.773
236800,0.098,0.141,0.761
237000,0.097,0.142,0.761
237200,0.094,0.139,0.767
237400,0.101,0.141,0.758
237600,0.102,0.144,0.754
237800,0.110,0.138,0.752
238000,0.106,0.141,0.753
238200,0.101,0.134,0.765
238400,0.095,0.142,0.763
238600,0.096,0.137,0.767
238800,0.097,0.140,0.763
239000,0.090,0.138,0.772
239200,0.086,0.125,0.790
239400,0.088,0.133,0.779
239600,0.094,0.130,0.776
239800,0.088,0.134,0.778
240000,0.091,0.143,0.766
240200,0.090,0.152,0.758
240400,0.096,0.155,0.749
240600,0.100,0.142,0.758
240800,0.096,0.143,0.761
241000,0.095,0.141,0.764
241200,0.102,0.140,0.758
241400,0.111,0.145,0.744
241600,0.105,0.140,0.755
241800,0.105,0.134,0.761
242000,0.098,0.135,0.767
242200,0.091,0.136,0.773
242400,0.093,0.134,0.773
242600,0.091,0.137,0.772
242800,0.089,0.136,0.775
243000,0.083,0.149,0.768
243200,0.087,0.148,0.765
243400,0.089,0.155,0.756
243600,0.091,0.151,0.758
243800,0.102,0.147,0.751
244000,0.121,0.142,0.737
244200,0.115,0.145,0.740
244400,0.111,0.138,0.751
244600,0.102,0.140,0.758
244800,0.099,0.136,0.765
245000,0.099,0.144,0.757
245200,0.108,0.139,0.753
245400,0.107,0.133,0.760
245600,0.117,0.138,0.745
245800,0.108,0.125,0.767
246000,0.100,0.133,0.767
246200,0.098,0.127,0.775
246400,0.105,0.128,0.767
246600,0.109,0.141,0.750
246800,0.109,0.140,0.751
247000,0.105,0.133,0.762
247200,0.111,0.139,0.750
247400,0.100,0.143,0.757
247600,0.102,0.141,0.757
247800,0.105,0.136,0.759
248000,0.103,0.137,0.760
248200,0.108,0.136,0.756
248400,0.108,0.142,0.750
248600,0.102,0.134,0.764
248800,0.101,0.132,0.767
249000,0.108,0.131,0.761
249200,0.109,0.135,0.756
249400,0.111,0.142,0.747
249600,0.118,0.136,0.746
249800,0.123,0.139,0.739
250000,0.108,0.138,0.754
250200,0.111,0.135,0.754
250400,0.109,0.129,0.762
250600,0.116,0.122,0.762
250800,0.108,0.118,0.773
251000,0.120,0.126,0.755
251200,0.114,0.132,0.754
251400,0.110,0.138,0.752
251600,0.101,0.151,0.748
251800,0.101,0.147,0.752
252000,0.100,0.151,0.749
252200,0.097,0.151,0.752
252400,0.105,0.148,0.747
252600,0.124,0.136,0.741
252800,0.128,0.136,0.736
253000,0.129,0.135,0.736
253200,0.132,0.136,0.732
253400,0.145,0.139,0.716
253600,0.129,0.134,0.737
253800,0.125,0.129,0.747
254000,0.133,0.135,0.732
254200,0.124,0.132,0.745
254400,0.109,0.123,0.768
254600,0.114,0.123,0.763
254800,0.112,0.114,0.773
255000,0.109,0.120,0.771
255200,0.110,0.117,0.772
255400,0.113,0.121,0.766
255600,0.121,0.117,0.762
255800,0.110,0.116,0.773
256000,0.105,0.132,0.763
256200,0.108,0.129,0.763
256400,0.120,0.138,0.743
256600,0.105,0.139,0.756
256800,0.117,0.140,0.743
257000,0.118,0.133,0.749
257200,0.121,0.134,0.746
257400,0.118,0.130,0.752
257600,0.111,0.132,0.757
257800,0.121,0.130,0.750
258000,0.120,0.127,0.754
258200,0.110,0.138,0.752
258400,0.127,0.122,0.752
258600,0.121,0.123,0.757
258800,0.112,0.124,0.764
259000,0.107,0.123,0.770
259200,0.109,0.121,0.770
259400,0.121,0.115,0.764
259600,0.120,0.120,0.761
259800,0.114,0.113,0.772
260000,0.108,0.123,0.769
260200,0.110,0.116,0.773
260400,0.129,0.116,0.755
260600,0.120,0.114,0.766
260800,0.123,0.118,0.759
261000,0.113,0.118,0.768
261200,0.120,0.124,0.757
261400,0.112,0.128,0.760
261600,0.112,0.115,0.772
261800,0.104,0.118,0.777
262000,0.101,0.127,0.772
262200,0.093,0.135,0.772
262400,0.098,0.133,0.769
262600,0.106,0.128,0.766
262800,0.131,0.131,0.739
263000,0.118,0.133,0.749
263200,0.121,0.128,0.752
263400,0.121,0.126,0.754
263600,0.124,0.120,0.757
263800,0.125,0.122,0.754
264000,0.122,0.131,0.748
264200,0.124,0.128,0.749
264400,0.113,0.130,0.757
264600,0.114,0.133,0.753
264800,0.114,0.132,0.754
265000,0.124,0.130,0.747
265200,0.123,0.124,0.754
265400,0.129,0.125,0.747
265600,0.131,0.127,0.743
265800,0.130,0.132,0.739
266000,0.120,0.130,0.751
266200,0.126,0.127,0.748
266400,0.128,0.143,0.729
266600,0.128,0.139,0.733
266800,0.132,0.131,0.737
267000,0.126,0.127,0.748
267200,0.127,0.125,0.749
267400,0.126,0.129,0.746
267600,0.127,0.139,0.734
267800,0.130,0.114,0.756
268000,0.138,0.116,0.746
268200,0.117,0.127,0.756
268400,0.108,0.126,0.766
268600,0.106,0.142,0.752
268800,0.100,0.144,0.756
269000,0.113,0.147,0.740
269200,0.125,0.145,0.730
269400,0.123,0.140,0.737
269600,0.131,0.139,0.730
269800,0.124,0.140,0.736
270000,0.122,0.134,0.745
270200,0.112,0.128,0.760
270400,0.116,0.126,0.758
270600,0.123,0.129,0.749
270800,0.116,0.133,0.751
271000,0.124,0.129,0.748
271200,0.123,0.124,0.754
271400,0.123,0.133,0.745
271600,0.110,0.125,0.765
271800,0.116,0.124,0.760
272000,0.125,0.116,0.759
272200,0.135,0.116,0.749
272400,0.132,0.107,0.761
272600,0.134,0.102,0.764
272800,0.135,0.105,0.760
273000,0.133,0.111,0.756
273200,0.123,0.115,0.762
273400,0.124,0.123,0.754
273600,0.118,0.130,0.752
273800,0.116,0.118,0.765
274000,0.109,0.124,0.767
274200,0.103,0.124,0.773
274400,0.111,0.120,0.769
274600,0.111,0.121,0.768
274800,0.101,0.126,0.773
275000,0.108,0.121,0.771
275200,0.106,0.124,0.770
275400,0.105,0.124,0.771
275600,0.105,0.135,0.760
275800,0.109,0.131,0.760
276000,0.105,0.133,0.762
276200,0.113,0.128,0.759
276400,0.103,0.127,0.770
276600,0.105,0.125,0.770
276800,0.113,0.125,0.762
277000,0.128,0.132,0.741
277200,0.117,0.125,0.758
277400,0.109,0.123,0.768
277600,0.115,0.127,0.758
277800,0.118,0.117,0.764
278000,0.126,0.107,0.767
278200,0.132,0.112,0.756
278400,0.125,0.108,0.767
278600,0.132,0.112,0.756
278800,0.136,0.111,0.753
279000,0.133,0.129,0.739
279200,0.136,0.143,0.721
279400,0.132,0.143,0.725
279600,0.132,0.137,0.731
279800,0.128,0.139,0.733
280000,0.120,0.142,0.739
280200,0.111,0.155,0.733
280400,0.112,0.157,0.730
280600,0.117,0.146,0.736
280800,0.128,0.147,0.725
281000,0.124,0.145,0.731
281200,0.127,0.146,0.727
281400,0.112,0.138,0.750
281600,0.115,0.135,0.750
281800,0.124,0.134,0.743
282000,0.116,0.121,0.763
282200,0.122,0.129,0.750
282400,0.126,0.129,0.746
282600,0.123,0.130,0.748
282800,0.127,0.125,0.749
283000,0.143,0.124,0.733
283200,0.139,0.121,0.741
283400,0.135,0.131,0.734
283600,0.136,0.129,0.735
283800,0.133,0.124,0.744
284000,0.135,0.124,0.742
284200,0.125,0.128,0.748
284400,0.121,0.128,0.752
284600,0.113,0.125,0.762
284800,0.116,0.125,0.759
285000,0.133,0.131,0.736
285200,0.121,0.136,0.744
285400,0.126,0.125,0.750
285600,0.127,0.124,0.750
285800,0.118,0.122,0.760
286000,0.115,0.124,0.761
286200,0.108,0.122,0.770
286400,0.114,0.118,0.767
286600,0.109,0.115,0.775
286800,0.117,0.118,0.764
287000,0.123,0.111,0.766
287200,0.116,0.113,0.770
287400,0.115,0.115,0.769
287600,0.108,0.124,0.768
287800,0.109,0.121,0.770
288000,0.102,0.130,0.768
288200,0.106,0.137,0.757
288400,0.105,0.134,0.761
288600,0.107,0.132,0.761
288800,0.115,0.121,0.764
289000,0.105,0.132,0.763
289200,0.104,0.131,0.765
289400,0.107,0.135,0.758
289600,0.113,0.136,0.751
289800,0.113,0.133,0.754
290000,0.108,0.131,0.761
290200,0.113,0.115,0.771
290400,0.120,0.114,0.766
290600,0.122,0.117,0.761
290800,0.137,0.123,0.741
291000,0.132,0.116,0.752
291200,0.135,0.122,0.744
291400,0.128,0.124,0.749
291600,0.130,0.122,0.749
291800,0.122,0.122,0.757
292000,0.138,0.129,0.733
292200,0.125,0.134,0.742
292400,0.114,0.122,0.764
292600,0.133,0.120,0.748
292800,0.132,0.126,0.743
293000,0.130,0.114,0.756
293200,0.135,0.121,0.745
293400,0.140,0.120,0.741
293600,0.145,0.122,0.733
293800,0.135,0.117,0.748
294000,0.133,0.122,0.746
294200,0.139,0.120,0.742
294400,0.136,0.121,0.744
294600,0.133,0.128,0.740
294800,0.126,0.133,0.742
295000,0.124,0.138,0.739
295200,0.128,0.134,0.739
295400,0.131,0.130,0.740
295600,0.129,0.128,0.744
295800,0.123,0.138,0.740
296000,0.113,0.131,0.756
296200,0.108,0.129,0.763
296400,0.103,0.124,0.773
296600,0.108,0.120,0.772
296800,0.113,0.112,0.774
297000,0.104,0.111,0.784
297200,0.112,0.123,0.765
297400,0.107,0.128,0.765
297600,0.098,0.122,0.780
297800,0.101,0.128,0.771
298000,0.101,0.135,0.764
298200,0.100,0.126,0.774
298400,0.102,0.126,0.772
298600,0.103,0.129,0.768
298800,0.109,0.115,0.775
299000,0.103,0.123,0.774
299200,0.100,0.128,0.772
299400,0.101,0.120,0.779
299600,0.109,0.123,0.768
299800,0.106,0.126,0.768
300000,0.101,0.122,0.777
300200,0.101,0.127,0.772
300400,0.112,0.122,0.766
300600,0.107,0.118,0.774
300800,0.104,0.117,0.778
301000,0.113,0.113,0.773
301200,0.110,0.108,0.781
301400,0.116,0.114,0.769
301600,0.116,0.113,0.770
301800,0.115,0.114,0.770
302000,0.111,0.125,0.764
302200,0.109,0.120,0.771
302400,0.108,0.127,0.765
302600,0.113,0.125,0.762
302800,0.112,0.120,0.768
303000,0.109,0.129,0.762
303200,0.122,0.121,0.758
303400,0.110,0.120,0.770
303600,0.110,0.122,0.768
303800,0.112,0.125,0.763
304000,0.098,0.128,0.774
304200,0.095,0.125,0.780
304400,0.098,0.130,0.772
304600,0.103,0.133,0.764
304800,0.098,0.131,0.771
305000,0.099,0.122,0.779
305200,0.110,0.131,0.759
305400,0.112,0.131,0.757
305600,0.111,0.129,0.760
305800,0.111,0.132,0.757
306000,0.110,0.131,0.759
306200,0.100,0.126,0.774
306400,0.102,0.129,0.769
306600,0.099,0.136,0.765
306800,0.095,0.140,0.765
307000,0.106,0.128,0.766
307200,0.105,0.126,0.769
307400,0.117,0.123,0.760
307600,0.125,0.129,0.747
307800,0.132,0.153,0.715
308000,0.110,0.146,0.744
308200,0.112,0.143,0.745
308400,0.108,0.141,0.751
308600,0.115,0.123,0.762
308800,0.112,0.122,0.766
309000,0.105,0.115,0.779
309200,0.111,0.110,0.778
309400,0.125,0.099,0.776
309600,0.123,0.100,0.777
309800,0.117,0.108,0.774
310000,0.121,0.110,0.769
310200,0.118,0.108,0.773
310400,0.121,0.113,0.766
310600,0.142,0.107,0.751
310800,0.134,0.106,0.760
311000,0.138,0.111,0.751
311200,0.131,0.112,0.757
311400,0.135,0.118,0.747
311600,0.127,0.113,0.760
311800,0.127,0.110,0.763
312000,0.126,0.110,0.764
312200,0.127,0.108,0.765
312400,0.120,0.108,0.772
312600,0.149,0.102,0.749
312800,0.137,0.101,0.762
313000,0.137,0.100,0.763
313200,0.141,0.103,0.756
313400,0.123,0.103,0.774
313600,0.125,0.109,0.766
313800,0.127,0.109,0.764
314000,0.131,0.103,0.766
314200,0.128,0.113,0.759
314400,0.129,0.118,0.753
314600,0.133,0.118,0.749
314800,0.129,0.126,0.746
315000,0.138,0.130,0.732
315200,0.131,0.128,0.742
315400,0.129,0.128,0.744
315600,0.130,0.122,0.749
315800,0.126,0.131,0.744
316000,0.113,0.127,0.760
316200,0.130,0.128,0.743
316400,0.127,0.118,0.755
316600,0.120,0.109,0.771
316800,0.129,0.113,0.758
317000,0.138,0.110,0.752
317200,0.148,0.117,0.734
317400,0.147,0.118,0.734
317600,0.134,0.117,0.749
317800,0.127,0.126,0.748
318000,0.126,0.127,0.748
318200,0.125,0.117,0.758
318400,0.112,0.116,0.771
318600,0.114,0.123,0.763
318800,0.117,0.117,0.765
319000,0.115,0.118,0.766
319200,0.114,0.121,0.765
319400,0.112,0.125,0.763
319600,0.127,0.121,0.753
319800,0.133,0.116,0.751
320000,0.129,0.132,0.740
320200,0.137,0.137,0.726
320400,0.123,0.147,0.730
320600,0.132,0.150,0.718
320800,0.120,0.150,0.730
321000,0.112,0.139,0.749
321200,0.115,0.141,0.744
321400,0.112,0.133,0.755
321600,0.107,0.136,0.757
321800,0.109,0.133,0.758
322000,0.103,0.128,0.769
322200,0.106,0.136,0.758
322400,0.097,0.139,0.764
322600,0.100,0.145,0.755
322800,0.099,0.141,0.760
323000,0.108,0.130,0.762
323200,0.106,0.137,0.757
323400,0.101,0.135,0.764
323600,0.100,0.141,0.759
323800,0.094,0.147,0.759
324000,0.097,0.148,0.755
324200,0.093,0.133,0.774
