time,n_A+p,n_B,n_AB
500,0.010,0.808,0.182
1000,0.010,0.410,0.580
1500,0.010,0.169,0.821
2000,0.010,0.281,0.709
2500,0.010,0.247,0.743
3000,0.010,0.268,0.722
3500,0.010,0.233,0.757
4000,0.041,0.163,0.796
4500,0.017,0.120,0.863
5000,0.010,0.248,0.742
5500,0.015,0.247,0.738
6000,0.010,0.275,0.715
6500,0.010,0.321,0.669
7000,0.014,0.273,0.713
7500,0.012,0.135,0.853
8000,0.010,0.217,0.773
8500,0.010,0.230,0.760
9000,0.010,0.321,0.669
9500,0.010,0.236,0.754
10000,0.010,0.154,0.836
10500,0.011,0.207,0.782
11000,0.031,0.147,0.822
11500,0.010,0.221,0.769
12000,0.010,0.278,0.712
12500,0.011,0.226,0.763
13000,0.010,0.277,0.713
13500,0.010,0.223,0.767
14000,0.010,0.303,0.687
14500,0.010,0.186,0.804
15000,0.010,0.265,0.725
15500,0.010,0.277,0.713
16000,0.010,0.238,0.752
16500,0.010,0.187,0.803
17000,0.010,0.227,0.763
17500,0.010,0.287,0.703
18000,0.010,0.286,0.704
18500,0.019,0.235,0.746
19000,0.010,0.356,0.634
19500,0.010,0.235,0.755
20000,0.010,0.286,0.704
20500,0.020,0.241,0.739
21000,0.010,0.336,0.654
21500,0.010,0.259,0.731
22000,0.010,0.297,0.693
22500,0.010,0.316,0.674
23000,0.010,0.264,0.726
23500,0.010,0.294,0.696
24000,0.010,0.225,0.765
24500,0.011,0.184,0.805
25000,0.010,0.252,0.738
25500,0.016,0.272,0.712
26000,0.010,0.270,0.720
26500,0.010,0.230,0.760
27000,0.011,0.235,0.754
27500,0.010,0.226,0.764
28000,0.010,0.303,0.687
28500,0.010,0.163,0.827
29000,0.010,0.281,0.709
29500,0.010,0.323,0.667
30000,0.010,0.274,0.716
30500,0.013,0.179,0.808
31000,0.010,0.264,0.726
31500,0.010,0.300,0.690
32000,0.010,0.167,0.823
32500,0.010,0.225,0.765
33000,0.013,0.203,0.784
33500,0.010,0.225,0.765
34000,0.010,0.339,0.651
34500,0.029,0.120,0.851
35000,0.147,0.021,0.832
35500,0.338,0.000,0.662
36000,0.321,0.000,0.679
36500,0.331,0.000,0.669
37000,0.344,0.000,0.656
37500,0.370,0.000,0.630
38000,0.412,0.000,0.588
38500,0.189,0.000,0.811
39000,0.322,0.000,0.678
39500,0.450,0.000,0.550
40000,0.328,0.000,0.672
40500,0.373,0.000,0.627
41000,0.273,0.000,0.727
41500,0.285,0.000,0.715
42000,0.439,0.000,0.561
42500,0.374,0.000,0.626
43000,0.321,0.000,0.679
43500,0.378,0.000,0.622
44000,0.220,0.000,0.780
44500,0.273,0.000,0.727
45000,0.224,0.000,0.776
45500,0.488,0.000,0.512
46000,0.355,0.000,0.645
46500,0.439,0.000,0.561
47000,0.339,0.000,0.661
47500,0.416,0.000,0.584
48000,0.326,0.000,0.674
48500,0.303,0.000,0.697
49000,0.400,0.000,0.600
49500,0.437,0.000,0.563
50000,0.342,0.000,0.658
50500,0.355,0.000,0.645
51000,0.166,0.005,0.829
51500,0.340,0.003,0.657
52000,0.322,0.000,0.678
52500,0.286,0.000,0.714
53000,0.280,0.000,0.720
53500,0.296,0.000,0.704
54000,0.392,0.000,0.608
54500,0.425,0.000,0.575
55000,0.450,0.000,0.550
55500,0.372,0.000,0.628
56000,0.372,0.000,0.628
56500,0.310,0.000,0.690
57000,0.422,0.000,0.578
57500,0.302,0.000,0.698
58000,0.308,0.000,0.692
58500,0.239,0.000,0.761
59000,0.256,0.000,0.744
59500,0.355,0.000,0.645
60000,0.404,0.000,0.596
60500,0.407,0.000,0.593
61000,0.426,0.000,0.574
61500,0.422,0.000,0.578
62000,0.289,0.000,0.711
62500,0.310,0.000,0.690
63000,0.452,0.000,0.548
63500,0.356,0.000,0.644
64000,0.521,0.000,0.479
64500,0.357,0.000,0.643
65000,0.234,0.000,0.766
65500,0.295,0.000,0.705
66000,0.347,0.000,0.653
66500,0.443,0.000,0.557
67000,0.341,0.000,0.659
67500,0.186,0.000,0.814
68000,0.352,0.000,0.648
68500,0.388,0.000,0.612
69000,0.366,0.000,0.634
69500,0.280,0.000,0.720
70000,0.356,0.000,0.644
70500,0.333,0.000,0.667
71000,0.390,0.000,0.610
71500,0.315,0.000,0.685
72000,0.400,0.000,0.600
72500,0.359,0.000,0.641
73000,0.411,0.000,0.589
73500,0.363,0.000,0.637
74000,0.337,0.000,0.663
74500,0.374,0.000,0.626
75000,0.373,0.000,0.627
75500,0.318,0.000,0.682
76000,0.347,0.000,0.653
76500,0.445,0.000,0.555
77000,0.241,0.000,0.759
77500,0.455,0.000,0.545
78000,0.432,0.000,0.568
78500,0.448,0.000,0.552
79000,0.335,0.000,0.665
79500,0.276,0.000,0.724
80000,0.249,0.000,0.751
80500,0.279,0.000,0.721
81000,0.328,0.000,0.672
81500,0.342,0.000,0.658
82000,0.314,0.000,0.686
82500,0.343,0.000,0.657
83000,0.305,0.000,0.695
83500,0.196,0.000,0.804
84000,0.379,0.000,0.621
84500,0.391,0.000,0.609
85000,0.247,0.000,0.753
85500,0.261,0.000,0.739
86000,0.360,0.000,0.640
86500,0.461,0.000,0.539
87000,0.295,0.000,0.705
87500,0.355,0.000,0.645
88000,0.383,0.000,0.617
88500,0.438,0.000,0.562
89000,0.368,0.000,0.632
89500,0.314,0.000,0.686
90000,0.336,0.000,0.664
90500,0.362,0.000,0.638
91000,0.423,0.000,0.577
91500,0.328,0.000,0.672
92000,0.296,0.000,0.704
92500,0.281,0.000,0.719
93000,0.255,0.000,0.745
93500,0.478,0.000,0.522
94000,0.427,0.000,0.573
94500,0.244,0.000,0.756
95000,0.451,0.000,0.549
95500,0.355,0.000,0.645
96000,0.350,0.000,0.650
96500,0.330,0.000,0.670
97000,0.322,0.000,0.678
97500,0.304,0.000,0.696
98000,0.402,0.000,0.598
98500,0.380,0.000,0.620
99000,0.310,0.000,0.690
99500,0.448,0.000,0.552
100000,0.317,0.000,0.683
100500,0.338,0.000,0.662
101000,0.253,0.000,0.747
101500,0.324,0.000,0.676
102000,0.262,0.000,0.738
102500,0.334,0.000,0.666
103000,0.342,0.000,0.658
103500,0.381,0.000,0.619
104000,0.232,0.004,0.764
104500,0.485,0.000,0.515
105000,0.359,0.000,0.641
105500,0.390,0.000,0.610
106000,0.358,0.000,0.642
106500,0.386,0.000,0.614
107000,0.394,0.000,0.606
107500,0.281,0.000,0.719
108000,0.247,0.000,0.753
108500,0.489,0.000,0.511
109000,0.335,0.000,0.665
109500,0.203,0.000,0.797
110000,0.247,0.000,0.753
110500,0.278,0.000,0.722
111000,0.320,0.000,0.680
111500,0.431,0.000,0.569
112000,0.331,0.000,0.669
112500,0.300,0.000,0.700
113000,0.411,0.000,0.589
113500,0.362,0.000,0.638
114000,0.402,0.000,0.598
114500,0.392,0.000,0.608
115000,0.294,0.000,0.706
115500,0.171,0.000,0.829
116000,0.304,0.000,0.696
116500,0.361,0.000,0.639
117000,0.402,0.000,0.598
117500,0.279,0.000,0.721
118000,0.456,0.000,0.544
118500,0.465,0.000,0.535
119000,0.410,0.000,0.590
119500,0.312,0.000,0.688
120000,0.353,0.000,0.647
120500,0.250,0.015,0.735
121000,0.278,0.000,0.722
121500,0.314,0.000,0.686
122000,0.386,0.000,0.614
122500,0.283,0.000,0.717
123000,0.347,0.000,0.653
123500,0.293,0.000,0.707
124000,0.338,0.000,0.662
124500,0.400,0.000,0.600
125000,0.346,0.000,0.654
125500,0.290,0.000,0.710
126000,0.329,0.000,0.671
126500,0.344,0.000,0.656
127000,0.362,0.000,0.638
127500,0.419,0.000,0.581
128000,0.343,0.000,0.657
128500,0.372,0.000,0.628
129000,0.280,0.000,0.720
129500,0.422,0.000,0.578
130000,0.456,0.000,0.544
130500,0.376,0.000,0.624
131000,0.408,0.000,0.592
131500,0.444,0.000,0.556
132000,0.291,0.000,0.709
132500,0.322,0.000,0.678
133000,0.271,0.000,0.729
133500,0.355,0.000,0.645
134000,0.396,0.000,0.604
134500,0.367,0.000,0.633
135000,0.375,0.000,0.625
135500,0.424,0.000,0.576
136000,0.328,0.000,0.672
136500,0.348,0.000,0.652
137000,0.401,0.000,0.599
137500,0.270,0.000,0.730
138000,0.193,0.000,0.807
138500,0.377,0.000,0.623
139000,0.331,0.000,0.669
139500,0.318,0.000,0.682
140000,0.304,0.000,0.696
140500,0.333,0.000,0.667
141000,0.379,0.000,0.621
141500,0.425,0.000,0.575
142000,0.309,0.000,0.691
142500,0.389,0.000,0.611
143000,0.384,0.000,0.616
143500,0.336,0.000,0.664
144000,0.372,0.000,0.628
144500,0.319,0.000,0.681
145000,0.473,0.000,0.527
145500,0.313,0.000,0.687
146000,0.351,0.000,0.649
146500,0.364,0.000,0.636
147000,0.366,0.000,0.634
147500,0.368,0.000,0.632
148000,0.373,0.000,0.627
148500,0.320,0.000,0.680
149000,0.254,0.000,0.746
149500,0.313,0.000,0.687
150000,0.338,0.000,0.662
150500,0.420,0.000,0.580
151000,0.419,0.000,0.581
151500,0.408,0.000,0.592
152000,0.318,0.000,0.682
152500,0.283,0.000,0.717
153000,0.481,0.000,0.519
153500,0.306,0.000,0.694
154000,0.379,0.000,0.621
154500,0.229,0.000,0.771
155000,0.280,0.000,0.720
155500,0.254,0.000,0.746
156000,0.184,0.000,0.816
156500,0.431,0.000,0.569
157000,0.323,0.000,0.677
157500,0.264,0.000,0.736
158000,0.362,0.000,0.638
158500,0.277,0.000,0.723
159000,0.339,0.000,0.661
159500,0.363,0.000,0.637
160000,0.538,0.000,0.462
160500,0.424,0.000,0.576
161000,0.376,0.000,0.624
161500,0.339,0.000,0.661
162000,0.372,0.000,0.628
162500,0.237,0.000,0.763
163000,0.308,0.000,0.692
163500,0.370,0.000,0.630
164000,0.353,0.000,0.647
164500,0.338,0.000,0.662
165000,0.427,0.000,0.573
165500,0.321,0.000,0.679
166000,0.411,0.000,0.589
166500,0.302,0.000,0.698
167000,0.365,0.000,0.635
167500,0.391,0.000,0.609
168000,0.404,0.000,0.596
168500,0.286,0.000,0.714
169000,0.318,0.000,0.682
169500,0.432,0.000,0.568
170000,0.421,0.000,0.579
170500,0.430,0.000,0.570
171000,0.340,0.000,0.660
171500,0.265,0.000,0.735
172000,0.353,0.000,0.647
172500,0.285,0.000,0.715
173000,0.322,0.000,0.678
173500,0.243,0.000,0.757
174000,0.196,0.000,0.804
174500,0.361,0.000,0.639
175000,0.298,0.000,0.702
175500,0.330,0.000,0.670
176000,0.217,0.000,0.783
176500,0.360,0.000,0.640
177000,0.389,0.000,0.611
177500,0.345,0.000,0.655
178000,0.391,0.000,0.609
178500,0.338,0.000,0.662
179000,0.277,0.000,0.723
179500,0.269,0.000,0.731
180000,0.422,0.000,0.578
180500,0.305,0.000,0.695
181000,0.307,0.000,0.693
181500,0.362,0.000,0.638
182000,0.381,0.000,0.619
182500,0.523,0.000,0.477
183000,0.349,0.000,0.651
183500,0.329,0.000,0.671
184000,0.356,0.000,0.644
184500,0.326,0.000,0.674
185000,0.369,0.000,0.631
185500,0.350,0.000,0.650
186000,0.434,0.000,0.566
186500,0.398,0.000,0.602
187000,0.177,0.000,0.823
187500,0.370,0.000,0.630
188000,0.257,0.000,0.743
188500,0.367,0.000,0.633
189000,0.331,0.000,0.669
189500,0.332,0.000,0.668
190000,0.370,0.000,0.630
190500,0.355,0.000,0.645
191000,0.254,0.000,0.746
191500,0.326,0.000,0.674
192000,0.241,0.005,0.754
192500,0.307,0.000,0.693
193000,0.319,0.000,0.681
193500,0.379,0.000,0.621
194000,0.287,0.000,0.713
194500,0.290,0.000,0.710
195000,0.282,0.000,0.718
195500,0.420,0.000,0.580
196000,0.441,0.000,0.559
196500,0.247,0.000,0.753
197000,0.465,0.000,0.535
197500,0.343,0.000,0.657
198000,0.372,0.000,0.628
198500,0.333,0.000,0.667
199000,0.291,0.000,0.709
199500,0.287,0.000,0.713
200000,0.264,0.000,0.736
200500,0.359,0.000,0.641
201000,0.348,0.000,0.652
201500,0.426,0.000,0.574
202000,0.299,0.000,0.701
202500,0.406,0.000,0.594
203000,0.362,0.000,0.638
203500,0.457,0.000,0.543
204000,0.255,0.000,0.745
204500,0.366,0.000,0.634
205000,0.269,0.000,0.731
205500,0.442,0.000,0.558
206000,0.364,0.000,0.636
206500,0.271,0.000,0.729
207000,0.387,0.000,0.613
207500,0.318,0.000,0.682
208000,0.251,0.000,0.749
208500,0.342,0.000,0.658
209000,0.332,0.000,0.668
209500,0.383,0.000,0.617
210000,0.297,0.000,0.703
210500,0.315,0.000,0.685
211000,0.482,0.000,0.518
211500,0.344,0.000,0.656
212000,0.315,0.000,0.685
212500,0.318,0.000,0.682
213000,0.348,0.000,0.652
213500,0.357,0.000,0.643
214000,0.347,0.000,0.653
214500,0.473,0.000,0.527
215000,0.385,0.000,0.615
215500,0.454,0.000,0.546
216000,0.295,0.000,0.705
216500,0.326,0.000,0.674
217000,0.357,0.000,0.643
217500,0.288,0.000,0.712
218000,0.338,0.000,0.662
218500,0.279,0.000,0.721
219000,0.415,0.001,0.584
219500,0.306,0.000,0.694
220000,0.398,0.000,0.602
220500,0.345,0.000,0.655
221000,0.271,0.000,0.729
221500,0.319,0.000,0.681
222000,0.352,0.000,0.648
222500,0.512,0.000,0.488
223000,0.320,0.000,0.680
223500,0.206,0.000,0.794
224000,0.317,0.000,0.683
224500,0.253,0.000,0.747
225000,0.351,0.000,0.649
225500,0.353,0.000,0.647
226000,0.291,0.000,0.709
226500,0.316,0.000,0.684
227000,0.306,0.000,0.694
227500,0.303,0.000,0.697
228000,0.335,0.000,0.665
228500,0.391,0.000,0.609
229000,0.349,0.000,0.651
229500,0.240,0.000,0.760
230000,0.340,0.000,0.660
230500,0.303,0.000,0.697
231000,0.440,0.000,0.560
231500,0.456,0.000,0.544
232000,0.331,0.000,0.669
232500,0.269,0.000,0.731
233000,0.307,0.000,0.693
233500,0.330,0.000,0.670
234000,0.410,0.000,0.590
234500,0.426,0.000,0.574
235000,0.426,0.000,0.574
235500,0.401,0.000,0.599
236000,0.374,0.000,0.626
236500,0.316,0.000,0.684
237000,0.321,0.000,0.679
237500,0.315,0.000,0.685
238000,0.403,0.000,0.597
238500,0.358,0.000,0.642
239000,0.302,0.000,0.698
239500,0.468,0.000,0.532
240000,0.432,0.000,0.568
240500,0.305,0.000,0.695
241000,0.346,0.000,0.654
241500,0.321,0.000,0.679
242000,0.335,0.000,0.665
242500,0.409,0.000,0.591
243000,0.375,0.000,0.625
243500,0.337,0.000,0.663
244000,0.456,0.000,0.544
244500,0.335,0.000,0.665
245000,0.207,0.000,0.793
245500,0.325,0.000,0.675
246000,0.288,0.000,0.712
246500,0.466,0.000,0.534
247000,0.396,0.000,0.604
247500,0.477,0.000,0.523
248000,0.468,0.000,0.532
248500,0.348,0.000,0.652
249000,0.439,0.000,0.561
249500,0.476,0.000,0.524
250000,0.441,0.000,0.559
250500,0.373,0.000,0.627
251000,0.351,0.000,0.649
251500,0.281,0.000,0.719
252000,0.462,0.000,0.538
252500,0.362,0.000,0.638
253000,0.210,0.000,0.790
253500,0.367,0.000,0.633
254000,0.381,0.000,0.619
254500,0.312,0.000,0.688
255000,0.294,0.000,0.706
255500,0.457,0.000,0.543
256000,0.343,0.000,0.657
256500,0.455,0.000,0.545
257000,0.398,0.000,0.602
257500,0.305,0.000,0.695
258000,0.404,0.000,0.596
258500,0.223,0.000,0.777
259000,0.224,0.000,0.776
259500,0.228,0.000,0.772
260000,0.361,0.000,0.639
260500,0.380,0.000,0.620
261000,0.381,0.000,0.619
261500,0.289,0.000,0.711
262000,0.299,0.000,0.701
262500,0.263,0.000,0.737
263000,0.315,0.000,0.685
263500,0.190,0.000,0.810
264000,0.368,0.000,0.632
264500,0.399,0.000,0.601
265000,0.321,0.000,0.679
265500,0.498,0.000,0.502
266000,0.358,0.000,0.642
266500,0.368,0.000,0.632
267000,0.285,0.000,0.715
267500,0.427,0.000,0.573
268000,0.306,0.000,0.694
268500,0.394,0.000,0.606
269000,0.275,0.000,0.725
269500,0.225,0.000,0.775
270000,0.487,0.000,0.513
270500,0.346,0.000,0.654
271000,0.254,0.000,0.746
271500,0.321,0.000,0.679
272000,0.356,0.000,0.644
272500,0.304,0.000,0.696
273000,0.358,0.000,0.642
273500,0.382,0.000,0.618
274000,0.510,0.000,0.490
274500,0.302,0.000,0.698
275000,0.445,0.000,0.555
275500,0.279,0.000,0.721
276000,0.306,0.000,0.694
276500,0.282,0.000,0.718
277000,0.428,0.000,0.572
277500,0.403,0.000,0.597
278000,0.407,0.000,0.593
278500,0.421,0.000,0.579
279000,0.187,0.011,0.802
279500,0.336,0.000,0.664
280000,0.442,0.000,0.558
280500,0.402,0.000,0.598
281000,0.278,0.000,0.722
281500,0.237,0.000,0.763
282000,0.312,0.000,0.688
282500,0.227,0.000,0.773
283000,0.234,0.000,0.766
283500,0.315,0.000,0.685
284000,0.279,0.000,0.721
284500,0.385,0.000,0.615
285000,0.246,0.000,0.754
285500,0.372,0.000,0.628
286000,0.336,0.000,0.664
286500,0.424,0.000,0.576
287000,0.383,0.000,0.617
287500,0.340,0.000,0.660
288000,0.279,0.000,0.721
288500,0.345,0.000,0.655
289000,0.466,0.000,0.534
289500,0.212,0.015,0.773
290000,0.427,0.000,0.573
290500,0.376,0.000,0.624
291000,0.316,0.000,0.684
291500,0.357,0.000,0.643
292000,0.462,0.000,0.538
292500,0.238,0.000,0.762
293000,0.233,0.000,0.767
293500,0.390,0.000,0.610
294000,0.353,0.000,0.647
294500,0.333,0.000,0.667
295000,0.400,0.000,0.600
295500,0.532,0.000,0.468
296000,0.382,0.000,0.618
296500,0.474,0.000,0.526
297000,0.323,0.000,0.677
297500,0.474,0.000,0.526
298000,0.321,0.000,0.679
298500,0.362,0.000,0.638
299000,0.324,0.000,0.676
299500,0.251,0.000,0.749
300000,0.198,0.000,0.802
300500,0.314,0.000,0.686
301000,0.313,0.000,0.687
301500,0.381,0.000,0.619
302000,0.355,0.000,0.645
302500,0.285,0.000,0.715
303000,0.332,0.000,0.668
303500,0.249,0.000,0.751
304000,0.309,0.004,0.687
304500,0.483,0.000,0.517
305000,0.304,0.000,0.696
305500,0.315,0.000,0.685
306000,0.217,0.000,0.783
306500,0.280,0.000,0.720
307000,0.470,0.000,0.530
307500,0.520,0.000,0.480
308000,0.386,0.000,0.614
308500,0.378,0.000,0.622
309000,0.319,0.000,0.681
309500,0.376,0.000,0.624
310000,0.265,0.000,0.735
310500,0.376,0.000,0.624
311000,0.370,0.000,0.630
311500,0.306,0.000,0.694
312000,0.432,0.000,0.568
312500,0.355,0.000,0.645
313000,0.274,0.000,0.726
313500,0.223,0.000,0.777
314000,0.289,0.000,0.711
314500,0.386,0.000,0.614
315000,0.398,0.000,0.602
315500,0.372,0.000,0.628
316000,0.464,0.000,0.536
316500,0.345,0.000,0.655
317000,0.329,0.000,0.671
317500,0.243,0.012,0.745
318000,0.316,0.000,0.684
318500,0.277,0.000,0.723
319000,0.226,0.000,0.774
319500,0.500,0.000,0.500
320000,0.443,0.000,0.557
320500,0.343,0.000,0.657
321000,0.362,0.000,0.638
321500,0.326,0.000,0.674
322000,0.289,0.000,0.711
322500,0.415,0.000,0.585
323000,0.437,0.000,0.563
323500,0.391,0.000,0.609
324000,0.401,0.000,0.599
324500,0.296,0.000,0.704
325000,0.226,0.000,0.774
325500,0.251,0.000,0.749
326000,0.217,0.000,0.783
326500,0.387,0.000,0.613
327000,0.315,0.000,0.685
327500,0.403,0.000,0.597
328000,0.429,0.000,0.571
328500,0.307,0.000,0.693
329000,0.392,0.000,0.608
329500,0.418,0.000,0.582
330000,0.432,0.000,0.568
330500,0.371,0.000,0.629
331000,0.418,0.000,0.582
331500,0.532,0.000,0.468
332000,0.336,0.000,0.664
332500,0.197,0.000,0.803
333000,0.382,0.000,0.618
333500,0.345,0.000,0.655
334000,0.275,0.000,0.725
334500,0.385,0.000,0.615
335000,0.280,0.000,0.720
335500,0.345,0.000,0.655
336000,0.305,0.000,0.695
336500,0.343,0.000,0.657
337000,0.327,0.000,0.673
337500,0.303,0.000,0.697
338000,0.318,0.000,0.682
338500,0.315,0.000,0.685
339000,0.351,0.000,0.649
339500,0.272,0.000,0.728
340000,0.360,0.000,0.640
340500,0.259,0.000,0.741
341000,0.388,0.000,0.612
341500,0.324,0.000,0.676
342000,0.445,0.000,0.555
342500,0.466,0.000,0.534
343000,0.394,0.000,0.606
343500,0.349,0.000,0.651
344000,0.382,0.000,0.618
344500,0.302,0.000,0.698
345000,0.211,0.001,0.788
345500,0.340,0.000,0.660
346000,0.317,0.000,0.683
346500,0.300,0.000,0.700
347000,0.422,0.000,0.578
347500,0.343,0.000,0.657
348000,0.412,0.000,0.588
348500,0.419,0.000,0.581
349000,0.310,0.000,0.690
349500,0.249,0.000,0.751
350000,0.327,0.000,0.673
350500,0.363,0.000,0.637
351000,0.313,0.000,0.687
351500,0.273,0.000,0.727
352000,0.372,0.000,0.628
352500,0.292,0.000,0.708
353000,0.397,0.000,0.603
353500,0.392,0.000,0.608
354000,0.424,0.000,0.576
354500,0.471,0.000,0.529
355000,0.216,0.008,0.776
355500,0.312,0.000,0.688
356000,0.345,0.000,0.655
356500,0.178,0.000,0.822
357000,0.433,0.000,0.567
357500,0.296,0.000,0.704
358000,0.353,0.000,0.647
358500,0.309,0.000,0.691
359000,0.386,0.000,0.614
359500,0.314,0.000,0.686
360000,0.454,0.000,0.546
360500,0.373,0.000,0.627
361000,0.426,0.000,0.574
361500,0.241,0.000,0.759
362000,0.297,0.000,0.703
362500,0.307,0.000,0.693
363000,0.290,0.000,0.710
363500,0.311,0.000,0.689
364000,0.333,0.000,0.667
364500,0.333,0.000,0.667
365000,0.358,0.000,0.642
365500,0.345,0.000,0.655
366000,0.359,0.000,0.641
366500,0.373,0.000,0.627
367000,0.354,0.000,0.646
367500,0.374,0.000,0.626
368000,0.422,0.000,0.578
368500,0.324,0.000,0.676
369000,0.344,0.000,0.656
369500,0.386,0.000,0.614
370000,0.265,0.000,0.735
370500,0.308,0.000,0.692
371000,0.401,0.000,0.599
371500,0.256,0.000,0.744
372000,0.358,0.000,0.642
372500,0.276,0.004,0.720
373000,0.191,0.000,0.809
373500,0.282,0.000,0.718
374000,0.357,0.000,0.643
374500,0.379,0.000,0.621
375000,0.380,0.000,0.620
375500,0.364,0.000,0.636
376000,0.360,0.000,0.640
376500,0.409,0.000,0.591
377000,0.421,0.000,0.579
377500,0.278,0.000,0.722
378000,0.409,0.000,0.591
378500,0.285,0.000,0.715
379000,0.400,0.000,0.600
379500,0.438,0.000,0.562
380000,0.272,0.000,0.728
380500,0.260,0.000,0.740
381000,0.305,0.000,0.695
381500,0.371,0.000,0.629
382000,0.462,0.000,0.538
382500,0.505,0.000,0.495
383000,0.355,0.000,0.645
383500,0.310,0.000,0.690
384000,0.297,0.000,0.703
384500,0.330,0.000,0.670
385000,0.382,0.000,0.618
385500,0.419,0.000,0.581
386000,0.355,0.000,0.645
386500,0.281,0.000,0.719
387000,0.417,0.000,0.583
387500,0.359,0.000,0.641
388000,0.448,0.000,0.552
388500,0.374,0.000,0.626
389000,0.373,0.000,0.627
389500,0.523,0.000,0.477
390000,0.623,0.000,0.377
390500,0.358,0.000,0.642
391000,0.397,0.000,0.603
391500,0.395,0.000,0.605
392000,0.337,0.000,0.663
392500,0.375,0.000,0.625
393000,0.230,0.000,0.770
393500,0.319,0.000,0.681
394000,0.243,0.000,0.757
394500,0.390,0.000,0.610
395000,0.494,0.000,0.506
395500,0.541,0.000,0.459
396000,0.376,0.000,0.624
396500,0.464,0.000,0.536
397000,0.416,0.000,0.584
397500,0.368,0.000,0.632
398000,0.315,0.000,0.685
398500,0.422,0.000,0.578
399000,0.337,0.000,0.663
399500,0.320,0.000,0.680
400000,0.298,0.000,0.702
400500,0.482,0.000,0.518
401000,0.400,0.000,0.600
401500,0.387,0.000,0.613
402000,0.321,0.000,0.679
402500,0.339,0.000,0.661
403000,0.362,0.000,0.638
403500,0.321,0.000,0.679
404000,0.303,0.000,0.697
404500,0.281,0.000,0.719
405000,0.328,0.000,0.672
405500,0.416,0.000,0.584
406000,0.332,0.000,0.668
406500,0.323,0.000,0.677
407000,0.436,0.000,0.564
407500,0.322,0.000,0.678
408000,0.371,0.000,0.629
408500,0.375,0.000,0.625
409000,0.454,0.000,0.546
409500,0.448,0.000,0.552
410000,0.432,0.000,0.568
410500,0.309,0.000,0.691
411000,0.356,0.000,0.644
411500,0.313,0.000,0.687
412000,0.508,0.000,0.492
412500,0.357,0.000,0.643
413000,0.370,0.000,0.630
413500,0.310,0.000,0.690
414000,0.328,0.000,0.672
414500,0.500,0.000,0.500
415000,0.479,0.000,0.521
415500,0.404,0.000,0.596
416000,0.298,0.000,0.702
416500,0.336,0.000,0.664
417000,0.373,0.000,0.627
417500,0.353,0.000,0.647
418000,0.340,0.000,0.660
418500,0.307,0.000,0.693
419000,0.318,0.000,0.682
419500,0.362,0.000,0.638
420000,0.375,0.000,0.625
420500,0.393,0.000,0.607
421000,0.394,0.000,0.606
421500,0.330,0.000,0.670
422000,0.427,0.000,0.573
422500,0.324,0.000,0.676
423000,0.538,0.000,0.462
423500,0.327,0.000,0.673
424000,0.378,0.000,0.622
424500,0.454,0.000,0.546
425000,0.400,0.000,0.600
425500,0.449,0.000,0.551
426000,0.276,0.000,0.724
426500,0.365,0.000,0.635
427000,0.281,0.000,0.719
427500,0.384,0.000,0.616
428000,0.357,0.000,0.643
428500,0.302,0.000,0.698
429000,0.366,0.000,0.634
429500,0.283,0.000,0.717
430000,0.429,0.000,0.571
430500,0.409,0.000,0.591
431000,0.409,0.000,0.591
431500,0.280,0.000,0.720
432000,0.245,0.000,0.755
432500,0.401,0.000,0.599
433000,0.310,0.000,0.690
433500,0.298,0.000,0.702
434000,0.309,0.000,0.691
434500,0.334,0.000,0.666
435000,0.364,0.000,0.636
435500,0.315,0.000,0.685
436000,0.453,0.000,0.547
436500,0.315,0.000,0.685
437000,0.372,0.000,0.628
437500,0.288,0.000,0.712
438000,0.305,0.000,0.695
438500,0.318,0.000,0.682
439000,0.200,0.000,0.800
439500,0.403,0.000,0.597
440000,0.330,0.000,0.670
440500,0.290,0.000,0.710
441000,0.429,0.000,0.571
441500,0.336,0.000,0.664
442000,0.329,0.000,0.671
442500,0.390,0.000,0.610
443000,0.332,0.000,0.668
443500,0.394,0.000,0.606
444000,0.330,0.000,0.670
444500,0.381,0.000,0.619
445000,0.306,0.000,0.694
445500,0.237,0.000,0.763
446000,0.277,0.000,0.723
446500,0.355,0.000,0.645
447000,0.288,0.000,0.712
447500,0.401,0.000,0.599
448000,0.428,0.000,0.572
448500,0.410,0.000,0.590
449000,0.398,0.000,0.602
449500,0.400,0.000,0.600
450000,0.310,0.000,0.690
450500,0.286,0.000,0.714
451000,0.427,0.000,0.573
451500,0.290,0.000,0.710
452000,0.310,0.000,0.690
452500,0.368,0.000,0.632
453000,0.366,0.000,0.634
453500,0.422,0.000,0.578
454000,0.343,0.000,0.657
454500,0.260,0.000,0.740
455000,0.411,0.000,0.589
455500,0.283,0.000,0.717
456000,0.291,0.000,0.709
456500,0.291,0.000,0.709
457000,0.299,0.000,0.701
457500,0.390,0.000,0.610
458000,0.391,0.000,0.609
458500,0.289,0.000,0.711
459000,0.546,0.000,0.454
459500,0.382,0.000,0.618
460000,0.268,0.000,0.732
460500,0.446,0.000,0.554
461000,0.425,0.000,0.575
461500,0.401,0.000,0.599
462000,0.372,0.000,0.628
462500,0.404,0.000,0.596
463000,0.372,0.000,0.628
463500,0.359,0.000,0.641
464000,0.430,0.000,0.570
464500,0.377,0.000,0.623
465000,0.553,0.000,0.447
465500,0.234,0.000,0.766
466000,0.269,0.001,0.730
466500,0.345,0.000,0.655
467000,0.314,0.000,0.686
467500,0.402,0.000,0.598
468000,0.230,0.000,0.770
468500,0.462,0.000,0.538
469000,0.237,0.000,0.763
469500,0.338,0.000,0.662
470000,0.381,0.000,0.619
470500,0.359,0.000,0.641
471000,0.402,0.000,0.598
471500,0.453,0.000,0.547
472000,0.361,0.000,0.639
472500,0.295,0.000,0.705
473000,0.438,0.000,0.562
473500,0.318,0.000,0.682
474000,0.490,0.000,0.510
474500,0.263,0.000,0.737
475000,0.234,0.002,0.764
475500,0.365,0.000,0.635
476000,0.333,0.000,0.667
476500,0.258,0.000,0.742
477000,0.335,0.000,0.665
477500,0.377,0.000,0.623
478000,0.398,0.000,0.602
478500,0.263,0.000,0.737
479000,0.286,0.000,0.714
479500,0.437,0.000,0.563
480000,0.311,0.000,0.689
480500,0.343,0.000,0.657
481000,0.293,0.000,0.707
481500,0.322,0.000,0.678
482000,0.297,0.000,0.703
482500,0.320,0.000,0.680
483000,0.326,0.000,0.674
483500,0.309,0.000,0.691
484000,0.296,0.000,0.704
484500,0.437,0.000,0.563
485000,0.212,0.020,0.768
485500,0.297,0.000,0.703
486000,0.505,0.000,0.495
486500,0.307,0.000,0.693
487000,0.314,0.000,0.686
487500,0.304,0.000,0.696
488000,0.264,0.000,0.736
488500,0.287,0.000,0.713
489000,0.412,0.000,0.588
489500,0.349,0.000,0.651
490000,0.381,0.000,0.619
490500,0.436,0.000,0.564
491000,0.241,0.000,0.759
491500,0.303,0.000,0.697
492000,0.341,0.000,0.659
492500,0.356,0.000,0.644
493000,0.356,0.000,0.644
493500,0.412,0.000,0.588
494000,0.368,0.000,0.632
494500,0.331,0.000,0.669
495000,0.353,0.000,0.647
495500,0.380,0.000,0.620
496000,0.388,0.000,0.612
496500,0.318,0.000,0.682
497000,0.357,0.000,0.643
497500,0.281,0.000,0.719
498000,0.289,0.000,0.711
498500,0.435,0.000,0.565
499000,0.402,0.000,0.598
499500,0.320,0.000,0.680
500000,0.317,0.000,0.683
500500,0.297,0.008,0.695
501000,0.247,0.000,0.753
501500,0.275,0.000,0.725
502000,0.266,0.000,0.734
502500,0.348,0.000,0.652
503000,0.377,0.000,0.623
503500,0.362,0.000,0.638
504000,0.299,0.000,0.701
504500,0.332,0.000,0.668
505000,0.380,0.000,0.620
505500,0.504,0.000,0.496
506000,0.569,0.000,0.431
506500,0.455,0.000,0.545
507000,0.291,0.000,0.709
507500,0.314,0.000,0.686
508000,0.321,0.000,0.679
508500,0.234,0.000,0.766
509000,0.441,0.000,0.559
509500,0.329,0.000,0.671
510000,0.324,0.000,0.676
510500,0.258,0.000,0.742
511000,0.349,0.000,0.651
511500,0.480,0.000,0.520
512000,0.391,0.000,0.609
512500,0.387,0.000,0.613
513000,0.310,0.000,0.690
513500,0.450,0.000,0.550
514000,0.456,0.000,0.544
514500,0.319,0.000,0.681
515000,0.349,0.000,0.651
515500,0.276,0.000,0.724
516000,0.319,0.000,0.681
516500,0.386,0.000,0.614
517000,0.455,0.000,0.545
517500,0.346,0.000,0.654
518000,0.414,0.000,0.586
518500,0.391,0.000,0.609
519000,0.432,0.000,0.568
519500,0.435,0.000,0.565
520000,0.327,0.000,0.673
520500,0.433,0.000,0.567
521000,0.296,0.000,0.704
521500,0.208,0.000,0.792
522000,0.211,0.000,0.789
522500,0.313,0.000,0.687
523000,0.288,0.000,0.712
523500,0.368,0.000,0.632
524000,0.305,0.000,0.695
524500,0.201,0.000,0.799
525000,0.172,0.020,0.808
525500,0.343,0.001,0.656
526000,0.342,0.000,0.658
526500,0.390,0.000,0.610
527000,0.323,0.000,0.677
527500,0.324,0.000,0.676
528000,0.311,0.000,0.689
528500,0.358,0.000,0.642
529000,0.328,0.000,0.672
529500,0.370,0.000,0.630
530000,0.360,0.000,0.640
530500,0.341,0.000,0.659
531000,0.395,0.000,0.605
531500,0.407,0.000,0.593
532000,0.284,0.000,0.716
532500,0.299,0.000,0.701
533000,0.327,0.000,0.673
533500,0.377,0.000,0.623
534000,0.266,0.000,0.734
534500,0.265,0.000,0.735
535000,0.330,0.000,0.670
535500,0.358,0.000,0.642
536000,0.314,0.000,0.686
536500,0.353,0.001,0.646
537000,0.365,0.000,0.635
537500,0.302,0.000,0.698
538000,0.359,0.000,0.641
538500,0.334,0.000,0.666
539000,0.364,0.000,0.636
539500,0.382,0.000,0.618
540000,0.265,0.000,0.735
540500,0.247,0.000,0.753
541000,0.397,0.000,0.603
541500,0.433,0.000,0.567
542000,0.282,0.000,0.718
542500,0.403,0.000,0.597
543000,0.365,0.000,0.635
543500,0.311,0.000,0.689
544000,0.317,0.000,0.683
544500,0.399,0.000,0.601
545000,0.287,0.000,0.713
545500,0.338,0.000,0.662
546000,0.198,0.000,0.802
546500,0.346,0.000,0.654
547000,0.460,0.000,0.540
547500,0.313,0.000,0.687
548000,0.268,0.000,0.732
548500,0.365,0.000,0.635
549000,0.337,0.000,0.663
549500,0.236,0.000,0.764
550000,0.302,0.000,0.698
550500,0.423,0.000,0.577
551000,0.293,0.000,0.707
551500,0.374,0.000,0.626
552000,0.408,0.000,0.592
552500,0.361,0.000,0.639
553000,0.195,0.000,0.805
553500,0.293,0.000,0.707
554000,0.500,0.000,0.500
554500,0.303,0.000,0.697
555000,0.267,0.000,0.733
555500,0.286,0.000,0.714
556000,0.448,0.000,0.552
556500,0.370,0.000,0.630
557000,0.349,0.000,0.651
557500,0.281,0.005,0.714
558000,0.153,0.000,0.847
558500,0.409,0.000,0.591
559000,0.361,0.000,0.639
559500,0.312,0.016,0.672
560000,0.377,0.000,0.623
560500,0.420,0.000,0.580
561000,0.477,0.000,0.523
561500,0.273,0.000,0.727
562000,0.319,0.000,0.681
562500,0.328,0.000,0.672
563000,0.389,0.000,0.611
563500,0.457,0.000,0.543
564000,0.512,0.000,0.488
564500,0.441,0.000,0.559
565000,0.370,0.000,0.630
565500,0.463,0.000,0.537
566000,0.287,0.000,0.713
566500,0.357,0.000,0.643
567000,0.502,0.000,0.498
567500,0.566,0.000,0.434
568000,0.388,0.000,0.612
568500,0.233,0.000,0.767
569000,0.409,0.000,0.591
569500,0.279,0.000,0.721
570000,0.297,0.000,0.703
570500,0.352,0.000,0.648
571000,0.372,0.000,0.628
571500,0.320,0.000,0.680
572000,0.327,0.000,0.673
572500,0.338,0.000,0.662
573000,0.476,0.000,0.524
573500,0.303,0.000,0.697
574000,0.263,0.000,0.737
574500,0.277,0.000,0.723
575000,0.364,0.000,0.636
575500,0.329,0.000,0.671
576000,0.311,0.000,0.689
576500,0.357,0.000,0.643
577000,0.481,0.000,0.519
577500,0.311,0.000,0.689
578000,0.341,0.000,0.659
578500,0.459,0.000,0.541
579000,0.354,0.000,0.646
579500,0.389,0.000,0.611
580000,0.311,0.000,0.689
580500,0.339,0.000,0.661
581000,0.397,0.000,0.603
581500,0.314,0.000,0.686
582000,0.319,0.000,0.681
582500,0.357,0.000,0.643
583000,0.321,0.000,0.679
583500,0.325,0.000,0.675
584000,0.292,0.000,0.708
584500,0.237,0.000,0.763
585000,0.342,0.000,0.658
585500,0.331,0.000,0.669
586000,0.249,0.000,0.751
586500,0.278,0.000,0.722
587000,0.368,0.000,0.632
587500,0.443,0.000,0.557
588000,0.395,0.000,0.605
588500,0.356,0.000,0.644
589000,0.347,0.000,0.653
589500,0.376,0.000,0.624
590000,0.419,0.000,0.581
590500,0.353,0.000,0.647
591000,0.320,0.000,0.680
591500,0.427,0.000,0.573
592000,0.326,0.000,0.674
592500,0.298,0.000,0.702
593000,0.461,0.000,0.539
593500,0.379,0.000,0.621
594000,0.329,0.000,0.671
594500,0.283,0.000,0.717
595000,0.296,0.000,0.704
595500,0.302,0.000,0.698
596000,0.298,0.001,0.701
596500,0.329,0.000,0.671
597000,0.260,0.000,0.740
597500,0.408,0.000,0.592
598000,0.435,0.000,0.565
598500,0.260,0.000,0.740
599000,0.292,0.000,0.708
599500,0.456,0.000,0.544
600000,0.485,0.000,0.515
600500,0.420,0.000,0.580
601000,0.399,0.000,0.601
601500,0.376,0.000,0.624
602000,0.423,0.000,0.577
602500,0.347,0.000,0.653
603000,0.305,0.000,0.695
603500,0.381,0.000,0.619
604000,0.380,0.000,0.620
604500,0.253,0.000,0.747
605000,0.436,0.000,0.564
605500,0.362,0.000,0.638
606000,0.423,0.000,0.577
606500,0.505,0.000,0.495
607000,0.476,0.000,0.524
607500,0.403,0.000,0.597
608000,0.293,0.000,0.707
608500,0.221,0.000,0.779
609000,0.290,0.000,0.710
609500,0.362,0.000,0.638
610000,0.351,0.000,0.649
610500,0.357,0.000,0.643
611000,0.305,0.000,0.695
611500,0.360,0.000,0.640
612000,0.302,0.000,0.698
612500,0.384,0.000,0.616
613000,0.302,0.000,0.698
613500,0.380,0.000,0.620
614000,0.266,0.000,0.734
614500,0.356,0.000,0.644
615000,0.414,0.000,0.586
615500,0.417,0.000,0.583
616000,0.333,0.000,0.667
616500,0.265,0.000,0.735
617000,0.431,0.000,0.569
617500,0.330,0.000,0.670
618000,0.263,0.003,0.734
618500,0.425,0.000,0.575
619000,0.335,0.000,0.665
619500,0.249,0.013,0.738
620000,0.351,0.000,0.649
620500,0.271,0.000,0.729
621000,0.356,0.000,0.644
621500,0.308,0.000,0.692
622000,0.287,0.000,0.713
622500,0.272,0.000,0.728
623000,0.175,0.000,0.825
623500,0.278,0.000,0.722
624000,0.264,0.000,0.736
624500,0.381,0.000,0.619
625000,0.413,0.000,0.587
625500,0.351,0.000,0.649
626000,0.331,0.000,0.669
626500,0.385,0.000,0.615
627000,0.468,0.000,0.532
627500,0.270,0.000,0.730
628000,0.214,0.000,0.786
628500,0.336,0.000,0.664
629000,0.314,0.000,0.686
629500,0.261,0.000,0.739
630000,0.497,0.000,0.503
630500,0.379,0.000,0.621
631000,0.366,0.000,0.634
631500,0.284,0.000,0.716
632000,0.497,0.000,0.503
632500,0.446,0.000,0.554
633000,0.197,0.000,0.803
633500,0.266,0.000,0.734
634000,0.276,0.000,0.724
634500,0.264,0.000,0.736
635000,0.243,0.000,0.757
635500,0.322,0.000,0.678
636000,0.321,0.000,0.679
636500,0.257,0.000,0.743
637000,0.338,0.001,0.661
637500,0.297,0.000,0.703
638000,0.326,0.000,0.674
638500,0.346,0.000,0.654
639000,0.326,0.000,0.674
639500,0.267,0.000,0.733
640000,0.314,0.000,0.686
640500,0.363,0.000,0.637
641000,0.296,0.002,0.702
641500,0.371,0.000,0.629
642000,0.261,0.000,0.739
642500,0.404,0.000,0.596
643000,0.337,0.000,0.663
643500,0.168,0.000,0.832
644000,0.246,0.000,0.754
644500,0.302,0.000,0.698
645000,0.282,0.000,0.718
645500,0.370,0.000,0.630
646000,0.220,0.000,0.780
646500,0.243,0.000,0.757
647000,0.239,0.000,0.761
647500,0.327,0.000,0.673
648000,0.304,0.000,0.696
648500,0.346,0.000,0.654
649000,0.347,0.000,0.653
649500,0.449,0.000,0.551
650000,0.264,0.017,0.719
650500,0.269,0.000,0.731
651000,0.397,0.000,0.603
651500,0.269,0.000,0.731
652000,0.324,0.000,0.676
652500,0.338,0.000,0.662
653000,0.374,0.000,0.626
653500,0.439,0.000,0.561
654000,0.347,0.000,0.653
654500,0.393,0.000,0.607
655000,0.302,0.000,0.698
655500,0.292,0.000,0.708
656000,0.274,0.000,0.726
656500,0.408,0.000,0.592
657000,0.260,0.000,0.740
657500,0.312,0.000,0.688
658000,0.338,0.000,0.662
658500,0.242,0.000,0.758
659000,0.309,0.000,0.691
659500,0.358,0.000,0.642
660000,0.371,0.000,0.629
660500,0.340,0.000,0.660
661000,0.440,0.000,0.560
661500,0.348,0.000,0.652
662000,0.367,0.000,0.633
662500,0.263,0.000,0.737
663000,0.306,0.000,0.694
663500,0.244,0.000,0.756
664000,0.296,0.000,0.704
664500,0.351,0.000,0.649
665000,0.358,0.000,0.642
665500,0.342,0.000,0.658
666000,0.418,0.000,0.582
666500,0.421,0.000,0.579
667000,0.265,0.000,0.735
667500,0.383,0.000,0.617
668000,0.291,0.000,0.709
668500,0.231,0.000,0.769
669000,0.223,0.000,0.777
669500,0.324,0.000,0.676
670000,0.510,0.000,0.490
670500,0.389,0.000,0.611
671000,0.434,0.000,0.566
671500,0.426,0.000,0.574
672000,0.266,0.000,0.734
672500,0.372,0.000,0.628
673000,0.319,0.000,0.681
673500,0.440,0.000,0.560
674000,0.379,0.000,0.621
674500,0.344,0.000,0.656
675000,0.511,0.000,0.489
675500,0.308,0.000,0.692
676000,0.468,0.000,0.532
676500,0.334,0.000,0.666
677000,0.332,0.000,0.668
677500,0.368,0.000,0.632
678000,0.264,0.000,0.736
678500,0.392,0.000,0.608
679000,0.282,0.000,0.718
679500,0.436,0.000,0.564
680000,0.431,0.000,0.569
680500,0.349,0.000,0.651
681000,0.376,0.000,0.624
681500,0.460,0.000,0.540
682000,0.427,0.000,0.573
682500,0.302,0.000,0.698
683000,0.411,0.000,0.589
683500,0.328,0.000,0.672
684000,0.346,0.000,0.654
684500,0.380,0.000,0.620
685000,0.294,0.000,0.706
685500,0.359,0.000,0.641
686000,0.372,0.000,0.628
686500,0.389,0.000,0.611
687000,0.358,0.000,0.642
687500,0.331,0.000,0.669
688000,0.258,0.002,0.740
688500,0.178,0.017,0.805
689000,0.331,0.001,0.668
689500,0.222,0.000,0.778
690000,0.259,0.000,0.741
690500,0.410,0.000,0.590
691000,0.398,0.000,0.602
691500,0.223,0.000,0.777
692000,0.393,0.000,0.607
692500,0.255,0.000,0.745
693000,0.356,0.000,0.644
693500,0.378,0.000,0.622
694000,0.169,0.000,0.831
694500,0.335,0.000,0.665
695000,0.345,0.000,0.655
695500,0.437,0.000,0.563
696000,0.465,0.000,0.535
696500,0.326,0.000,0.674
697000,0.281,0.000,0.719
697500,0.479,0.000,0.521
698000,0.255,0.000,0.745
698500,0.256,0.000,0.744
699000,0.377,0.000,0.623
699500,0.387,0.000,0.613
700000,0.209,0.000,0.791
700500,0.325,0.000,0.675
701000,0.346,0.000,0.654
701500,0.386,0.000,0.614
702000,0.361,0.000,0.639
702500,0.290,0.000,0.710
703000,0.331,0.000,0.669
703500,0.361,0.000,0.639
704000,0.330,0.000,0.670
704500,0.425,0.000,0.575
705000,0.418,0.000,0.582
705500,0.333,0.000,0.667
706000,0.303,0.000,0.697
706500,0.479,0.000,0.521
707000,0.404,0.000,0.596
707500,0.436,0.000,0.564
708000,0.412,0.000,0.588
708500,0.395,0.000,0.605
709000,0.338,0.000,0.662
709500,0.361,0.000,0.639
710000,0.422,0.000,0.578
710500,0.263,0.000,0.737
711000,0.343,0.000,0.657
711500,0.352,0.000,0.648
712000,0.318,0.000,0.682
712500,0.459,0.000,0.541
713000,0.202,0.000,0.798
713500,0.347,0.000,0.653
714000,0.445,0.000,0.555
714500,0.342,0.000,0.658
715000,0.394,0.000,0.606
715500,0.316,0.000,0.684
716000,0.469,0.000,0.531
716500,0.405,0.000,0.595
717000,0.338,0.000,0.662
717500,0.358,0.000,0.642
718000,0.370,0.000,0.630
718500,0.337,0.000,0.663
719000,0.267,0.000,0.733
719500,0.333,0.000,0.667
720000,0.325,0.000,0.675
720500,0.431,0.000,0.569
721000,0.396,0.000,0.604
721500,0.258,0.000,0.742
722000,0.227,0.000,0.773
722500,0.287,0.000,0.713
723000,0.282,0.000,0.718
723500,0.436,0.000,0.564
724000,0.334,0.000,0.666
724500,0.395,0.000,0.605
725000,0.319,0.000,0.681
725500,0.375,0.000,0.625
726000,0.295,0.000,0.705
726500,0.344,0.000,0.656
727000,0.288,0.000,0.712
727500,0.373,0.000,0.627
728000,0.421,0.000,0.579
728500,0.278,0.000,0.722
729000,0.248,0.000,0.752
729500,0.348,0.000,0.652
730000,0.295,0.000,0.705
730500,0.332,0.000,0.668
731000,0.364,0.000,0.636
731500,0.322,0.000,0.678
732000,0.365,0.000,0.635
732500,0.411,0.000,0.589
733000,0.266,0.000,0.734
733500,0.339,0.000,0.661
734000,0.271,0.000,0.729
734500,0.298,0.000,0.702
735000,0.313,0.000,0.687
735500,0.264,0.000,0.736
736000,0.368,0.000,0.632
736500,0.415,0.000,0.585
737000,0.420,0.000,0.580
737500,0.323,0.000,0.677
738000,0.239,0.000,0.761
738500,0.313,0.000,0.687
739000,0.387,0.000,0.613
739500,0.532,0.000,0.468
740000,0.401,0.000,0.599
740500,0.323,0.000,0.677
741000,0.370,0.000,0.630
741500,0.348,0.000,0.652
742000,0.478,0.000,0.522
742500,0.293,0.000,0.707
743000,0.484,0.000,0.516
743500,0.391,0.000,0.609
744000,0.436,0.000,0.564
744500,0.434,0.000,0.566
745000,0.290,0.000,0.710
745500,0.261,0.000,0.739
746000,0.315,0.000,0.685
746500,0.285,0.000,0.715
747000,0.355,0.000,0.645
747500,0.225,0.000,0.775
748000,0.285,0.000,0.715
748500,0.277,0.000,0.723
749000,0.354,0.000,0.646
749500,0.349,0.000,0.651
750000,0.282,0.000,0.718
750500,0.372,0.000,0.628
751000,0.281,0.000,0.719
751500,0.309,0.000,0.691
752000,0.346,0.000,0.654
752500,0.541,0.000,0.459
753000,0.490,0.000,0.510
753500,0.551,0.000,0.449
754000,0.346,0.000,0.654
754500,0.299,0.000,0.701
755000,0.386,0.000,0.614
755500,0.334,0.000,0.666
756000,0.454,0.000,0.546
756500,0.251,0.000,0.749
757000,0.356,0.000,0.644
757500,0.300,0.000,0.700
758000,0.477,0.000,0.523
758500,0.421,0.000,0.579
759000,0.334,0.000,0.666
759500,0.396,0.000,0.604
760000,0.346,0.000,0.654
760500,0.402,0.000,0.598
761000,0.351,0.000,0.649
761500,0.340,0.000,0.660
762000,0.403,0.000,0.597
762500,0.341,0.000,0.659
763000,0.396,0.000,0.604
763500,0.296,0.000,0.704
764000,0.452,0.000,0.548
764500,0.385,0.000,0.615
765000,0.367,0.000,0.633
765500,0.393,0.000,0.607
766000,0.329,0.000,0.671
766500,0.353,0.000,0.647
767000,0.311,0.000,0.689
767500,0.382,0.000,0.618
768000,0.269,0.000,0.731
768500,0.459,0.000,0.541
769000,0.275,0.000,0.725
769500,0.290,0.005,0.705
770000,0.335,0.000,0.665
770500,0.424,0.000,0.576
771000,0.539,0.000,0.461
771500,0.429,0.000,0.571
772000,0.287,0.000,0.713
772500,0.333,0.000,0.667
773000,0.256,0.000,0.744
773500,0.374,0.000,0.626
774000,0.276,0.000,0.724
774500,0.288,0.000,0.712
775000,0.362,0.000,0.638
775500,0.275,0.000,0.725
776000,0.321,0.000,0.679
776500,0.343,0.000,0.657
777000,0.385,0.000,0.615
777500,0.295,0.000,0.705
778000,0.494,0.000,0.506
778500,0.370,0.000,0.630
779000,0.449,0.000,0.551
779500,0.433,0.000,0.567
780000,0.301,0.000,0.699
780500,0.248,0.000,0.752
781000,0.290,0.000,0.710
781500,0.364,0.000,0.636
782000,0.300,0.000,0.700
782500,0.343,0.000,0.657
783000,0.401,0.000,0.599
783500,0.371,0.000,0.629
784000,0.277,0.000,0.723
784500,0.398,0.000,0.602
785000,0.436,0.000,0.564
785500,0.344,0.000,0.656
786000,0.320,0.000,0.680
786500,0.436,0.000,0.564
787000,0.320,0.000,0.680
787500,0.294,0.000,0.706
788000,0.410,0.000,0.590
788500,0.326,0.000,0.674
789000,0.322,0.000,0.678
789500,0.280,0.000,0.720
790000,0.329,0.000,0.671
790500,0.381,0.000,0.619
791000,0.630,0.000,0.370
791500,0.349,0.000,0.651
792000,0.341,0.000,0.659
792500,0.477,0.000,0.523
793000,0.441,0.000,0.559
793500,0.343,0.000,0.657
794000,0.374,0.000,0.626
794500,0.319,0.000,0.681
795000,0.482,0.000,0.518
795500,0.332,0.000,0.668
796000,0.283,0.000,0.717
796500,0.291,0.000,0.709
797000,0.373,0.000,0.627
797500,0.321,0.000,0.679
798000,0.369,0.000,0.631
798500,0.233,0.000,0.767
799000,0.270,0.000,0.730
799500,0.269,0.001,0.730
800000,0.368,0.000,0.632
800500,0.345,0.000,0.655
801000,0.278,0.000,0.722
801500,0.352,0.000,0.648
802000,0.489,0.000,0.511
802500,0.311,0.000,0.689
803000,0.368,0.000,0.632
803500,0.316,0.000,0.684
804000,0.385,0.000,0.615
804500,0.414,0.000,0.586
805000,0.312,0.000,0.688
805500,0.394,0.000,0.606
806000,0.266,0.000,0.734
806500,0.254,0.000,0.746
807000,0.305,0.000,0.695
807500,0.286,0.000,0.714
808000,0.345,0.000,0.655
808500,0.337,0.000,0.663
809000,0.320,0.000,0.680
809500,0.352,0.000,0.648
810000,0.272,0.000,0.728
810500,0.388,0.000,0.612
811000,0.480,0.000,0.520
811500,0.265,0.000,0.735
812000,0.402,0.000,0.598
812500,0.425,0.000,0.575
813000,0.382,0.000,0.618
813500,0.407,0.000,0.593
814000,0.234,0.004,0.762
814500,0.256,0.000,0.744
815000,0.410,0.000,0.590
815500,0.247,0.000,0.753
816000,0.351,0.000,0.649
816500,0.263,0.000,0.737
817000,0.376,0.000,0.624
817500,0.523,0.000,0.477
818000,0.499,0.000,0.501
818500,0.412,0.000,0.588
819000,0.237,0.000,0.763
819500,0.344,0.000,0.656
820000,0.527,0.000,0.473
820500,0.262,0.000,0.738
821000,0.472,0.000,0.528
821500,0.375,0.000,0.625
822000,0.314,0.000,0.686
822500,0.372,0.000,0.628
823000,0.397,0.000,0.603
823500,0.352,0.000,0.648
824000,0.481,0.000,0.519
824500,0.249,0.000,0.751
825000,0.249,0.000,0.751
825500,0.387,0.000,0.613
826000,0.289,0.013,0.698
826500,0.312,0.000,0.688
827000,0.302,0.000,0.698
827500,0.360,0.000,0.640
828000,0.274,0.000,0.726
828500,0.354,0.000,0.646
829000,0.377,0.000,0.623
829500,0.369,0.000,0.631
830000,0.367,0.000,0.633
830500,0.300,0.000,0.700
831000,0.384,0.000,0.616
831500,0.360,0.000,0.640
832000,0.378,0.000,0.622
832500,0.275,0.000,0.725
833000,0.368,0.000,0.632
833500,0.351,0.000,0.649
834000,0.301,0.007,0.692
834500,0.273,0.000,0.727
835000,0.354,0.000,0.646
835500,0.364,0.000,0.636
836000,0.448,0.000,0.552
836500,0.455,0.000,0.545
837000,0.346,0.000,0.654
837500,0.360,0.000,0.640
838000,0.313,0.000,0.687
838500,0.251,0.000,0.749
839000,0.434,0.000,0.566
839500,0.447,0.000,0.553
840000,0.313,0.000,0.687
840500,0.233,0.000,0.767
841000,0.380,0.000,0.620
841500,0.289,0.000,0.711
842000,0.278,0.000,0.722
842500,0.270,0.000,0.730
843000,0.266,0.000,0.734
843500,0.419,0.000,0.581
844000,0.413,0.000,0.587
844500,0.354,0.000,0.646
845000,0.392,0.000,0.608
845500,0.257,0.000,0.743
846000,0.287,0.000,0.713
846500,0.312,0.000,0.688
847000,0.440,0.000,0.560
847500,0.364,0.000,0.636
848000,0.398,0.000,0.602
848500,0.371,0.000,0.629
849000,0.431,0.000,0.569
849500,0.445,0.000,0.555
850000,0.410,0.000,0.590
850500,0.390,0.000,0.610
851000,0.345,0.000,0.655
851500,0.233,0.000,0.767
852000,0.279,0.000,0.721
852500,0.323,0.000,0.677
853000,0.349,0.000,0.651
853500,0.359,0.000,0.641
854000,0.271,0.000,0.729
854500,0.281,0.000,0.719
855000,0.300,0.014,0.686
855500,0.440,0.000,0.560
856000,0.429,0.000,0.571
856500,0.379,0.000,0.621
857000,0.576,0.000,0.424
857500,0.389,0.000,0.611
858000,0.398,0.000,0.602
858500,0.301,0.000,0.699
859000,0.277,0.000,0.723
859500,0.332,0.000,0.668
860000,0.365,0.000,0.635
860500,0.287,0.000,0.713
861000,0.301,0.000,0.699
861500,0.313,0.000,0.687
862000,0.182,0.000,0.818
862500,0.335,0.000,0.665
863000,0.441,0.000,0.559
863500,0.398,0.000,0.602
864000,0.253,0.000,0.747
864500,0.315,0.000,0.685
865000,0.401,0.000,0.599
865500,0.388,0.000,0.612
866000,0.304,0.000,0.696
866500,0.382,0.000,0.618
867000,0.357,0.000,0.643
867500,0.444,0.000,0.556
868000,0.418,0.000,0.582
868500,0.352,0.000,0.648
869000,0.276,0.001,0.723
869500,0.374,0.000,0.626
870000,0.340,0.000,0.660
870500,0.445,0.000,0.555
871000,0.431,0.000,0.569
871500,0.417,0.000,0.583
872000,0.286,0.000,0.714
872500,0.306,0.000,0.694
873000,0.370,0.000,0.630
873500,0.327,0.000,0.673
874000,0.258,0.005,0.737
874500,0.322,0.000,0.678
875000,0.405,0.000,0.595
875500,0.324,0.000,0.676
876000,0.368,0.000,0.632
876500,0.442,0.000,0.558
877000,0.387,0.000,0.613
877500,0.361,0.000,0.639
878000,0.271,0.000,0.729
878500,0.353,0.000,0.647
879000,0.265,0.000,0.735
879500,0.271,0.000,0.729
880000,0.381,0.000,0.619
880500,0.239,0.000,0.761
881000,0.288,0.000,0.712
881500,0.275,0.000,0.725
882000,0.250,0.000,0.750
882500,0.236,0.000,0.764
883000,0.364,0.001,0.635
883500,0.380,0.000,0.620
884000,0.271,0.000,0.729
884500,0.299,0.000,0.701
885000,0.416,0.000,0.584
885500,0.281,0.000,0.719
886000,0.337,0.000,0.663
886500,0.378,0.000,0.622
887000,0.336,0.000,0.664
887500,0.418,0.000,0.582
888000,0.517,0.000,0.483
888500,0.277,0.000,0.723
889000,0.317,0.000,0.683
889500,0.380,0.000,0.620
890000,0.354,0.000,0.646
890500,0.369,0.000,0.631
891000,0.325,0.000,0.675
891500,0.431,0.000,0.569
892000,0.349,0.000,0.651
892500,0.316,0.000,0.684
893000,0.177,0.000,0.823
893500,0.390,0.000,0.610
894000,0.337,0.000,0.663
894500,0.333,0.000,0.667
895000,0.307,0.000,0.693
895500,0.308,0.000,0.692
896000,0.343,0.000,0.657
896500,0.389,0.000,0.611
897000,0.309,0.000,0.691
897500,0.422,0.000,0.578
898000,0.262,0.000,0.738
898500,0.523,0.000,0.477
899000,0.265,0.000,0.735
899500,0.387,0.000,0.613
900000,0.320,0.000,0.680
900500,0.261,0.000,0.739
901000,0.295,0.000,0.705
901500,0.317,0.000,0.683
902000,0.320,0.000,0.680
902500,0.330,0.000,0.670
903000,0.368,0.000,0.632
903500,0.264,0.000,0.736
904000,0.386,0.000,0.614
904500,0.316,0.000,0.684
905000,0.325,0.000,0.675
905500,0.196,0.000,0.804
906000,0.332,0.000,0.668
906500,0.224,0.000,0.776
907000,0.346,0.000,0.654
907500,0.329,0.000,0.671
908000,0.347,0.000,0.653
908500,0.344,0.000,0.656
909000,0.320,0.000,0.680
909500,0.208,0.000,0.792
910000,0.335,0.000,0.665
910500,0.479,0.000,0.521
911000,0.343,0.000,0.657
911500,0.331,0.000,0.669
912000,0.378,0.000,0.622
912500,0.422,0.000,0.578
913000,0.324,0.000,0.676
913500,0.212,0.000,0.788
914000,0.401,0.000,0.599
914500,0.528,0.000,0.472
915000,0.319,0.000,0.681
915500,0.301,0.000,0.699
916000,0.348,0.000,0.652
916500,0.296,0.000,0.704
917000,0.272,0.000,0.728
917500,0.329,0.000,0.671
918000,0.348,0.000,0.652
918500,0.358,0.000,0.642
919000,0.301,0.000,0.699
919500,0.258,0.000,0.742
920000,0.246,0.000,0.754
920500,0.367,0.000,0.633
921000,0.331,0.000,0.669
921500,0.314,0.000,0.686
922000,0.210,0.024,0.766
922500,0.228,0.000,0.772
923000,0.478,0.000,0.522
923500,0.419,0.000,0.581
924000,0.365,0.000,0.635
924500,0.343,0.000,0.657
925000,0.469,0.000,0.531
925500,0.307,0.000,0.693
926000,0.421,0.000,0.579
926500,0.349,0.000,0.651
927000,0.367,0.000,0.633
927500,0.365,0.000,0.635
928000,0.397,0.000,0.603
928500,0.358,0.000,0.642
929000,0.370,0.000,0.630
929500,0.375,0.000,0.625
930000,0.264,0.000,0.736
930500,0.262,0.000,0.738
931000,0.367,0.000,0.633
931500,0.328,0.000,0.672
932000,0.420,0.000,0.580
932500,0.288,0.000,0.712
933000,0.356,0.000,0.644
933500,0.271,0.000,0.729
934000,0.332,0.000,0.668
934500,0.321,0.000,0.679
935000,0.278,0.000,0.722
935500,0.341,0.000,0.659
936000,0.317,0.000,0.683
936500,0.343,0.000,0.657
937000,0.379,0.000,0.621
937500,0.235,0.000,0.765
938000,0.341,0.000,0.659
938500,0.305,0.000,0.695
939000,0.392,0.000,0.608
939500,0.411,0.000,0.589
940000,0.356,0.000,0.644
940500,0.245,0.000,0.755
941000,0.331,0.000,0.669
941500,0.347,0.000,0.653
942000,0.379,0.000,0.621
942500,0.313,0.000,0.687
943000,0.224,0.001,0.775
943500,0.328,0.000,0.672
944000,0.391,0.000,0.609
944500,0.424,0.000,0.576
945000,0.263,0.000,0.737
945500,0.301,0.000,0.699
946000,0.511,0.000,0.489
946500,0.425,0.000,0.575
947000,0.296,0.000,0.704
947500,0.527,0.000,0.473
948000,0.359,0.000,0.641
948500,0.293,0.000,0.707
949000,0.265,0.000,0.735
949500,0.351,0.000,0.649
950000,0.428,0.000,0.572
950500,0.398,0.000,0.602
951000,0.286,0.000,0.714
951500,0.301,0.000,0.699
952000,0.345,0.000,0.655
952500,0.305,0.000,0.695
953000,0.307,0.000,0.693
953500,0.478,0.000,0.522
954000,0.300,0.000,0.700
954500,0.537,0.000,0.463
955000,0.352,0.000,0.648
955500,0.227,0.000,0.773
956000,0.311,0.000,0.689
956500,0.366,0.000,0.634
957000,0.407,0.000,0.593
957500,0.393,0.000,0.607
958000,0.481,0.000,0.519
958500,0.383,0.000,0.617
959000,0.332,0.000,0.668
959500,0.220,0.000,0.780
960000,0.300,0.002,0.698
960500,0.394,0.000,0.606
961000,0.361,0.000,0.639
961500,0.414,0.000,0.586
962000,0.292,0.000,0.708
962500,0.237,0.000,0.763
963000,0.402,0.000,0.598
963500,0.465,0.000,0.535
964000,0.364,0.000,0.636
964500,0.304,0.000,0.696
965000,0.323,0.000,0.677
965500,0.286,0.000,0.714
966000,0.306,0.000,0.694
966500,0.303,0.000,0.697
967000,0.330,0.000,0.670
967500,0.470,0.000,0.530
968000,0.511,0.000,0.489
968500,0.333,0.000,0.667
969000,0.307,0.000,0.693
969500,0.280,0.000,0.720
970000,0.172,0.000,0.828
970500,0.403,0.000,0.597
971000,0.379,0.000,0.621
971500,0.377,0.000,0.623
972000,0.412,0.000,0.588
972500,0.351,0.000,0.649
973000,0.431,0.000,0.569
973500,0.367,0.000,0.633
974000,0.403,0.000,0.597
974500,0.222,0.000,0.778
975000,0.476,0.000,0.524
975500,0.406,0.000,0.594
976000,0.315,0.000,0.685
976500,0.289,0.000,0.711
977000,0.355,0.000,0.645
977500,0.299,0.000,0.701
978000,0.259,0.000,0.741
978500,0.354,0.000,0.646
979000,0.515,0.000,0.485
979500,0.377,0.000,0.623
980000,0.362,0.000,0.638
980500,0.400,0.000,0.600
981000,0.418,0.000,0.582
981500,0.333,0.000,0.667
982000,0.376,0.000,0.624
982500,0.399,0.000,0.601
983000,0.367,0.000,0.633
983500,0.311,0.000,0.689
984000,0.374,0.000,0.626
984500,0.375,0.000,0.625
985000,0.364,0.000,0.636
985500,0.276,0.000,0.724
986000,0.285,0.000,0.715
986500,0.317,0.000,0.683
987000,0.367,0.000,0.633
987500,0.402,0.000,0.598
988000,0.354,0.000,0.646
988500,0.410,0.000,0.590
989000,0.382,0.000,0.618
989500,0.318,0.000,0.682
990000,0.359,0.000,0.641
990500,0.280,0.000,0.720
991000,0.433,0.000,0.567
991500,0.364,0.000,0.636
992000,0.317,0.000,0.683
992500,0.383,0.000,0.617
993000,0.254,0.000,0.746
993500,0.393,0.000,0.607
994000,0.355,0.000,0.645
994500,0.364,0.000,0.636
995000,0.239,0.000,0.761
995500,0.296,0.000,0.704
996000,0.316,0.000,0.684
996500,0.320,0.000,0.680
997000,0.260,0.000,0.740
997500,0.204,0.012,0.784
998000,0.383,0.000,0.617
998500,0.419,0.000,0.581
999000,0.303,0.000,0.697
999500,0.247,0.000,0.753
1000000,0.337,0.000,0.663
