time,n_A+p,n_B,n_AB
100,0.382,0.447,0.171
200,0.421,0.316,0.263
300,0.487,0.211,0.303
400,0.724,0.118,0.158
500,0.645,0.092,0.263
600,0.803,0.039,0.158
700,0.908,0.039,0.053
800,0.921,0.039,0.039
900,0.921,0.026,0.053
1000,0.947,0.013,0.039
1100,0.961,0.013,0.026
1200,0.987,0.013,0.000
1300,0.987,0.000,0.013
1400,0.987,0.000,0.013
1500,1.000,0.000,0.000
