time,n_A+p,n_B,n_AB
500,0.080,0.737,0.183
1000,0.080,0.644,0.276
1500,0.080,0.538,0.382
2000,0.080,0.404,0.516
2500,0.082,0.378,0.540
3000,0.087,0.326,0.587
3500,0.089,0.306,0.604
4000,0.117,0.264,0.619
4500,0.123,0.217,0.660
5000,0.112,0.235,0.653
5500,0.128,0.208,0.663
6000,0.142,0.194,0.664
6500,0.199,0.135,0.666
7000,0.298,0.076,0.625
7500,0.449,0.032,0.519
8000,0.724,0.005,0.271
8500,0.814,0.000,0.186
9000,0.886,0.000,0.114
9500,0.901,0.000,0.099
10000,0.948,0.000,0.052
10500,0.973,0.000,0.027
11000,0.989,0.000,0.011
11500,0.996,0.000,0.004
12000,0.999,0.000,0.001
12500,1.000,0.000,0.000
