time,n_A+p,n_B,n_AB
100,0.391,0.494,0.115
200,0.331,0.473,0.196
300,0.308,0.426,0.265
400,0.308,0.401,0.290
500,0.282,0.373,0.346
600,0.268,0.351,0.381
700,0.234,0.342,0.424
800,0.212,0.334,0.455
900,0.204,0.336,0.460
1000,0.207,0.335,0.458
1100,0.206,0.339,0.455
1200,0.194,0.306,0.501
1300,0.229,0.290,0.480
1400,0.184,0.283,0.533
1500,0.197,0.254,0.549
1600,0.198,0.256,0.546
1700,0.216,0.251,0.533
1800,0.214,0.237,0.548
1900,0.210,0.214,0.576
2000,0.212,0.207,0.581
2100,0.198,0.207,0.595
2200,0.192,0.203,0.605
2300,0.192,0.202,0.607
2400,0.179,0.230,0.591
2500,0.186,0.210,0.605
2600,0.185,0.201,0.614
2700,0.208,0.185,0.608
2800,0.219,0.190,0.591
2900,0.211,0.178,0.611
3000,0.196,0.168,0.636
3100,0.180,0.190,0.630
3200,0.172,0.185,0.643
3300,0.175,0.182,0.643
3400,0.170,0.187,0.643
3500,0.158,0.187,0.655
3600,0.141,0.183,0.675
3700,0.154,0.173,0.673
3800,0.169,0.175,0.657
3900,0.162,0.185,0.653
4000,0.173,0.194,0.633
4100,0.159,0.194,0.646
4200,0.152,0.175,0.673
4300,0.172,0.163,0.665
4400,0.182,0.168,0.650
4500,0.168,0.168,0.664
4600,0.167,0.167,0.666
4700,0.165,0.173,0.662
4800,0.152,0.193,0.655
4900,0.135,0.186,0.679
5000,0.133,0.195,0.672
5100,0.139,0.175,0.686
5200,0.140,0.182,0.678
5300,0.127,0.205,0.668
5400,0.131,0.183,0.686
5500,0.118,0.166,0.717
5600,0.114,0.169,0.717
5700,0.114,0.166,0.720
5800,0.141,0.161,0.697
5900,0.146,0.153,0.702
6000,0.144,0.176,0.680
6100,0.148,0.164,0.688
6200,0.164,0.163,0.673
6300,0.161,0.159,0.679
6400,0.156,0.144,0.700
6500,0.150,0.154,0.696
6600,0.150,0.169,0.681
6700,0.141,0.171,0.689
6800,0.130,0.165,0.705
6900,0.144,0.152,0.704
7000,0.151,0.151,0.698
7100,0.133,0.171,0.697
7200,0.169,0.143,0.689
7300,0.171,0.133,0.697
7400,0.154,0.148,0.698
7500,0.126,0.167,0.707
7600,0.127,0.161,0.712
7700,0.136,0.151,0.713
7800,0.120,0.138,0.742
7900,0.123,0.132,0.746
8000,0.125,0.141,0.734
8100,0.129,0.144,0.726
8200,0.123,0.143,0.734
8300,0.137,0.133,0.731
8400,0.136,0.141,0.723
8500,0.128,0.156,0.716
8600,0.119,0.155,0.725
8700,0.122,0.185,0.693
8800,0.126,0.187,0.687
8900,0.120,0.179,0.701
9000,0.113,0.202,0.685
9100,0.108,0.215,0.678
9200,0.115,0.190,0.696
9300,0.124,0.190,0.686
9400,0.123,0.204,0.673
9500,0.121,0.206,0.673
9600,0.108,0.187,0.704
9700,0.134,0.179,0.687
9800,0.147,0.186,0.668
9900,0.141,0.174,0.685
10000,0.134,0.171,0.694
10100,0.121,0.176,0.703
10200,0.105,0.193,0.702
10300,0.109,0.185,0.705
10400,0.115,0.192,0.693
10500,0.125,0.193,0.682
10600,0.119,0.172,0.709
10700,0.129,0.166,0.704
10800,0.126,0.178,0.696
10900,0.100,0.182,0.719
11000,0.104,0.187,0.709
11100,0.115,0.177,0.708
11200,0.115,0.172,0.712
11300,0.120,0.162,0.717
11400,0.137,0.148,0.714
11500,0.155,0.139,0.705
11600,0.157,0.140,0.703
11700,0.140,0.176,0.685
11800,0.164,0.162,0.673
11900,0.153,0.156,0.692
12000,0.145,0.163,0.692
12100,0.141,0.192,0.667
12200,0.137,0.185,0.678
12300,0.129,0.189,0.682
12400,0.149,0.175,0.676
12500,0.151,0.197,0.653
12600,0.132,0.169,0.699
12700,0.154,0.167,0.679
12800,0.141,0.161,0.698
12900,0.129,0.182,0.690
13000,0.124,0.183,0.693
13100,0.122,0.172,0.705
13200,0.110,0.183,0.707
13300,0.128,0.188,0.684
13400,0.123,0.174,0.703
13500,0.126,0.181,0.693
13600,0.119,0.161,0.719
13700,0.125,0.168,0.707
13800,0.118,0.174,0.708
13900,0.123,0.150,0.727
14000,0.141,0.139,0.719
14100,0.125,0.139,0.737
14200,0.127,0.130,0.743
14300,0.141,0.132,0.726
14400,0.139,0.156,0.705
14500,0.132,0.159,0.708
14600,0.134,0.191,0.675
14700,0.120,0.183,0.696
14800,0.119,0.181,0.700
14900,0.117,0.184,0.699
15000,0.144,0.168,0.688
15100,0.142,0.166,0.692
15200,0.149,0.164,0.687
15300,0.122,0.165,0.714
15400,0.127,0.159,0.714
15500,0.128,0.162,0.710
15600,0.126,0.185,0.690
15700,0.138,0.189,0.673
15800,0.146,0.178,0.677
15900,0.139,0.166,0.695
16000,0.148,0.161,0.691
16100,0.127,0.150,0.722
16200,0.117,0.159,0.724
16300,0.108,0.158,0.734
16400,0.120,0.159,0.721
16500,0.141,0.147,0.711
16600,0.125,0.175,0.700
16700,0.123,0.188,0.689
16800,0.101,0.211,0.687
16900,0.098,0.207,0.694
17000,0.101,0.194,0.705
17100,0.094,0.208,0.698
17200,0.106,0.197,0.697
17300,0.089,0.210,0.701
17400,0.098,0.218,0.684
17500,0.095,0.200,0.705
17600,0.102,0.173,0.725
17700,0.120,0.165,0.715
17800,0.108,0.171,0.721
17900,0.105,0.166,0.729
18000,0.102,0.182,0.717
18100,0.099,0.182,0.719
18200,0.120,0.171,0.710
18300,0.113,0.154,0.733
18400,0.172,0.169,0.659
18500,0.182,0.159,0.659
18600,0.171,0.196,0.633
18700,0.165,0.205,0.629
18800,0.156,0.188,0.656
18900,0.161,0.187,0.652
19000,0.141,0.194,0.665
19100,0.139,0.198,0.664
19200,0.171,0.181,0.648
19300,0.175,0.157,0.668
19400,0.192,0.146,0.662
19500,0.198,0.138,0.664
19600,0.182,0.140,0.679
19700,0.140,0.153,0.707
19800,0.150,0.151,0.699
19900,0.147,0.140,0.712
20000,0.167,0.133,0.700
20100,0.163,0.143,0.694
20200,0.196,0.126,0.679
20300,0.187,0.125,0.689
20400,0.153,0.129,0.718
20500,0.148,0.136,0.716
20600,0.144,0.140,0.716
20700,0.159,0.155,0.686
20800,0.155,0.159,0.685
20900,0.144,0.168,0.688
21000,0.158,0.175,0.666
21100,0.150,0.165,0.685
21200,0.144,0.164,0.692
21300,0.120,0.182,0.698
21400,0.139,0.172,0.689
21500,0.137,0.159,0.704
21600,0.163,0.168,0.669
21700,0.183,0.144,0.673
21800,0.169,0.157,0.675
21900,0.162,0.151,0.687
22000,0.152,0.153,0.696
22100,0.155,0.162,0.683
22200,0.144,0.165,0.690
22300,0.143,0.158,0.700
22400,0.151,0.143,0.706
22500,0.146,0.153,0.701
22600,0.141,0.179,0.680
22700,0.146,0.175,0.679
22800,0.130,0.148,0.722
22900,0.115,0.172,0.714
23000,0.112,0.179,0.709
23100,0.130,0.169,0.701
23200,0.122,0.171,0.707
23300,0.125,0.148,0.726
23400,0.120,0.161,0.719
23500,0.144,0.168,0.688
23600,0.119,0.166,0.715
23700,0.138,0.176,0.686
23800,0.122,0.180,0.697
23900,0.111,0.195,0.694
24000,0.141,0.162,0.697
24100,0.122,0.166,0.712
24200,0.114,0.172,0.714
24300,0.108,0.196,0.696
24400,0.104,0.193,0.703
24500,0.109,0.201,0.690
24600,0.104,0.196,0.700
24700,0.097,0.190,0.714
24800,0.118,0.165,0.718
24900,0.116,0.181,0.703
25000,0.107,0.178,0.716
25100,0.096,0.161,0.743
25200,0.099,0.150,0.751
25300,0.099,0.129,0.772
25400,0.111,0.138,0.751
25500,0.115,0.187,0.697
25600,0.091,0.171,0.739
25700,0.083,0.159,0.758
25800,0.121,0.137,0.742
25900,0.119,0.159,0.722
26000,0.115,0.153,0.732
26100,0.125,0.149,0.726
26200,0.140,0.147,0.714
26300,0.147,0.159,0.694
26400,0.143,0.153,0.704
26500,0.148,0.136,0.717
26600,0.155,0.138,0.707
26700,0.164,0.138,0.698
26800,0.181,0.130,0.689
26900,0.190,0.150,0.659
27000,0.207,0.137,0.657
27100,0.194,0.120,0.685
27200,0.171,0.152,0.677
27300,0.176,0.137,0.687
27400,0.158,0.141,0.701
27500,0.133,0.158,0.710
27600,0.130,0.151,0.719
27700,0.125,0.166,0.710
27800,0.125,0.160,0.715
27900,0.120,0.145,0.735
28000,0.145,0.146,0.709
28100,0.145,0.165,0.690
28200,0.145,0.147,0.708
28300,0.155,0.129,0.715
28400,0.153,0.124,0.723
28500,0.153,0.115,0.733
28600,0.146,0.129,0.725
28700,0.146,0.122,0.732
28800,0.143,0.130,0.727
28900,0.121,0.134,0.745
29000,0.119,0.140,0.741
29100,0.108,0.154,0.738
29200,0.127,0.153,0.720
29300,0.127,0.141,0.731
29400,0.146,0.161,0.694
29500,0.158,0.154,0.688
29600,0.127,0.171,0.702
29700,0.107,0.168,0.725
29800,0.117,0.186,0.697
29900,0.122,0.173,0.705
30000,0.139,0.153,0.709
30100,0.112,0.144,0.744
30200,0.125,0.152,0.723
30300,0.114,0.147,0.739
30400,0.116,0.155,0.729
30500,0.133,0.160,0.707
30600,0.129,0.146,0.725
30700,0.125,0.150,0.725
30800,0.139,0.148,0.714
30900,0.140,0.148,0.712
31000,0.153,0.133,0.715
31100,0.182,0.107,0.711
31200,0.173,0.134,0.693
31300,0.157,0.162,0.681
31400,0.142,0.169,0.689
31500,0.172,0.162,0.665
31600,0.175,0.144,0.681
31700,0.197,0.149,0.654
31800,0.194,0.133,0.673
31900,0.180,0.125,0.695
32000,0.178,0.130,0.692
32100,0.177,0.130,0.693
32200,0.175,0.122,0.703
32300,0.160,0.145,0.695
32400,0.133,0.196,0.671
32500,0.140,0.158,0.702
32600,0.139,0.167,0.694
32700,0.136,0.156,0.708
32800,0.159,0.164,0.678
32900,0.165,0.180,0.655
33000,0.150,0.187,0.662
33100,0.171,0.164,0.666
33200,0.176,0.166,0.658
33300,0.182,0.167,0.651
33400,0.166,0.163,0.671
33500,0.147,0.166,0.687
33600,0.143,0.144,0.712
33700,0.158,0.152,0.690
33800,0.180,0.131,0.689
33900,0.190,0.122,0.688
34000,0.185,0.130,0.685
34100,0.171,0.129,0.701
34200,0.155,0.120,0.725
34300,0.168,0.110,0.722
34400,0.159,0.125,0.716
34500,0.161,0.122,0.718
34600,0.155,0.106,0.739
34700,0.166,0.108,0.725
34800,0.160,0.119,0.721
34900,0.163,0.124,0.713
35000,0.160,0.118,0.722
35100,0.171,0.113,0.717
35200,0.154,0.160,0.686
35300,0.176,0.132,0.693
35400,0.172,0.127,0.701
35500,0.172,0.112,0.715
35600,0.192,0.112,0.697
35700,0.182,0.118,0.700
35800,0.177,0.108,0.715
35900,0.171,0.118,0.711
36000,0.173,0.120,0.707
36100,0.157,0.154,0.690
36200,0.135,0.150,0.715
36300,0.141,0.141,0.718
36400,0.139,0.155,0.705
36500,0.122,0.164,0.715
36600,0.116,0.174,0.710
36700,0.115,0.186,0.698
36800,0.116,0.201,0.683
36900,0.120,0.190,0.690
37000,0.132,0.223,0.646
37100,0.120,0.212,0.668
37200,0.133,0.224,0.643
37300,0.119,0.198,0.683
37400,0.145,0.183,0.672
37500,0.122,0.184,0.694
37600,0.125,0.180,0.694
37700,0.162,0.175,0.663
37800,0.151,0.163,0.686
37900,0.151,0.175,0.675
38000,0.143,0.161,0.696
38100,0.130,0.163,0.707
38200,0.129,0.210,0.661
38300,0.122,0.197,0.682
38400,0.127,0.184,0.689
38500,0.132,0.169,0.699
38600,0.139,0.163,0.698
38700,0.158,0.173,0.669
38800,0.150,0.169,0.682
38900,0.146,0.187,0.668
39000,0.148,0.171,0.681
39100,0.150,0.185,0.666
39200,0.134,0.192,0.674
39300,0.136,0.186,0.678
39400,0.144,0.175,0.681
39500,0.135,0.158,0.707
39600,0.130,0.166,0.704
39700,0.134,0.145,0.721
39800,0.136,0.128,0.736
39900,0.138,0.114,0.749
40000,0.126,0.139,0.735
40100,0.133,0.131,0.736
40200,0.146,0.134,0.720
40300,0.136,0.147,0.717
40400,0.129,0.126,0.744
40500,0.140,0.110,0.750
40600,0.137,0.129,0.734
40700,0.148,0.166,0.685
40800,0.144,0.153,0.703
40900,0.148,0.125,0.726
41000,0.142,0.148,0.710
41100,0.138,0.139,0.724
41200,0.148,0.132,0.720
41300,0.158,0.131,0.711
41400,0.163,0.109,0.728
41500,0.150,0.114,0.737
41600,0.131,0.137,0.732
41700,0.129,0.132,0.739
41800,0.145,0.111,0.744
41900,0.167,0.111,0.722
42000,0.167,0.104,0.729
42100,0.166,0.115,0.719
42200,0.176,0.099,0.725
42300,0.175,0.112,0.712
42400,0.175,0.111,0.714
42500,0.156,0.125,0.719
42600,0.154,0.110,0.736
42700,0.147,0.112,0.740
42800,0.154,0.109,0.737
42900,0.165,0.102,0.733
43000,0.200,0.122,0.679
43100,0.179,0.144,0.677
43200,0.180,0.162,0.658
43300,0.157,0.136,0.707
43400,0.165,0.140,0.695
43500,0.158,0.157,0.686
43600,0.164,0.141,0.694
43700,0.164,0.139,0.697
43800,0.151,0.144,0.705
43900,0.141,0.155,0.704
44000,0.134,0.136,0.730
44100,0.129,0.123,0.749
44200,0.131,0.116,0.753
44300,0.123,0.120,0.757
44400,0.114,0.134,0.753
44500,0.106,0.125,0.769
44600,0.111,0.123,0.766
44700,0.106,0.132,0.762
44800,0.111,0.143,0.747
44900,0.108,0.163,0.729
45000,0.132,0.151,0.717
45100,0.132,0.191,0.677
45200,0.127,0.178,0.696
45300,0.122,0.165,0.712
45400,0.118,0.225,0.657
45500,0.129,0.232,0.640
45600,0.131,0.218,0.651
45700,0.148,0.190,0.662
45800,0.152,0.170,0.678
45900,0.144,0.158,0.697
46000,0.136,0.143,0.721
46100,0.105,0.171,0.724
46200,0.119,0.159,0.722
46300,0.116,0.165,0.718
46400,0.128,0.168,0.704
46500,0.158,0.151,0.692
46600,0.139,0.151,0.711
46700,0.137,0.154,0.709
46800,0.135,0.157,0.708
46900,0.123,0.143,0.734
47000,0.115,0.140,0.744
47100,0.141,0.150,0.710
47200,0.142,0.148,0.710
47300,0.132,0.143,0.725
47400,0.132,0.173,0.695
47500,0.115,0.183,0.702
47600,0.127,0.201,0.671
47700,0.130,0.193,0.678
47800,0.114,0.179,0.708
47900,0.104,0.201,0.694
48000,0.105,0.215,0.680
48100,0.114,0.196,0.690
48200,0.126,0.178,0.696
48300,0.119,0.193,0.689
48400,0.149,0.172,0.679
48500,0.147,0.166,0.686
48600,0.136,0.150,0.715
48700,0.142,0.157,0.701
48800,0.136,0.147,0.717
48900,0.151,0.144,0.705
49000,0.161,0.133,0.706
49100,0.178,0.140,0.682
49200,0.178,0.151,0.672
49300,0.184,0.145,0.671
49400,0.175,0.134,0.691
49500,0.182,0.115,0.703
49600,0.167,0.113,0.720
49700,0.155,0.129,0.717
49800,0.140,0.133,0.727
49900,0.139,0.123,0.738
50000,0.152,0.130,0.718
50100,0.156,0.116,0.728
50200,0.149,0.136,0.715
50300,0.162,0.125,0.714
50400,0.158,0.114,0.728
50500,0.132,0.131,0.737
50600,0.127,0.147,0.726
50700,0.134,0.157,0.710
50800,0.130,0.148,0.722
50900,0.132,0.138,0.731
51000,0.140,0.134,0.726
51100,0.148,0.116,0.736
51200,0.157,0.111,0.732
51300,0.144,0.120,0.736
51400,0.142,0.132,0.726
51500,0.129,0.137,0.735
51600,0.131,0.127,0.742
51700,0.115,0.151,0.735
51800,0.116,0.132,0.751
51900,0.169,0.115,0.715
52000,0.164,0.135,0.701
52100,0.147,0.141,0.712
52200,0.130,0.165,0.705
52300,0.168,0.158,0.673
52400,0.171,0.137,0.692
52500,0.163,0.138,0.699
52600,0.155,0.123,0.722
52700,0.158,0.106,0.736
52800,0.168,0.102,0.731
52900,0.173,0.094,0.733
53000,0.176,0.086,0.738
53100,0.151,0.131,0.718
53200,0.161,0.108,0.731
53300,0.173,0.091,0.735
53400,0.178,0.098,0.725
53500,0.169,0.114,0.718
53600,0.174,0.108,0.718
53700,0.176,0.113,0.711
53800,0.189,0.112,0.699
53900,0.186,0.131,0.683
54000,0.182,0.107,0.711
54100,0.187,0.102,0.711
54200,0.172,0.091,0.737
54300,0.162,0.111,0.727
54400,0.138,0.123,0.739
54500,0.131,0.158,0.711
54600,0.171,0.140,0.689
54700,0.161,0.148,0.691
54800,0.146,0.146,0.708
54900,0.144,0.136,0.721
55000,0.137,0.118,0.745
55100,0.141,0.106,0.753
55200,0.134,0.100,0.767
55300,0.126,0.113,0.761
55400,0.113,0.146,0.741
55500,0.128,0.147,0.725
55600,0.135,0.147,0.718
55700,0.128,0.144,0.728
55800,0.133,0.135,0.732
55900,0.146,0.117,0.737
56000,0.142,0.111,0.747
56100,0.135,0.105,0.760
56200,0.151,0.090,0.759
56300,0.141,0.076,0.783
56400,0.177,0.102,0.721
56500,0.162,0.102,0.736
56600,0.147,0.111,0.742
56700,0.169,0.112,0.718
56800,0.167,0.107,0.726
56900,0.182,0.122,0.697
57000,0.180,0.124,0.696
57100,0.193,0.120,0.686
57200,0.187,0.137,0.676
57300,0.188,0.109,0.703
57400,0.177,0.104,0.719
57500,0.175,0.107,0.718
57600,0.158,0.107,0.735
57700,0.184,0.108,0.708
57800,0.158,0.110,0.732
57900,0.164,0.110,0.726
58000,0.180,0.102,0.718
58100,0.164,0.100,0.736
58200,0.168,0.133,0.699
58300,0.154,0.123,0.724
58400,0.145,0.118,0.737
58500,0.141,0.126,0.733
58600,0.147,0.135,0.718
58700,0.146,0.122,0.732
58800,0.132,0.126,0.742
58900,0.141,0.136,0.723
59000,0.133,0.154,0.714
59100,0.151,0.152,0.697
59200,0.139,0.142,0.719
59300,0.140,0.144,0.716
59400,0.129,0.172,0.698
59500,0.120,0.158,0.722
59600,0.128,0.139,0.733
59700,0.153,0.124,0.723
59800,0.144,0.141,0.715
59900,0.123,0.153,0.724
60000,0.126,0.154,0.719
60100,0.142,0.132,0.726
60200,0.149,0.140,0.711
60300,0.158,0.139,0.703
60400,0.147,0.153,0.700
60500,0.141,0.156,0.703
60600,0.157,0.177,0.666
60700,0.156,0.158,0.686
60800,0.164,0.166,0.670
60900,0.171,0.147,0.682
61000,0.173,0.163,0.664
61100,0.166,0.149,0.685
61200,0.185,0.130,0.685
61300,0.159,0.141,0.700
61400,0.141,0.155,0.704
61500,0.144,0.162,0.693
61600,0.148,0.169,0.683
61700,0.126,0.189,0.685
61800,0.116,0.184,0.700
61900,0.123,0.183,0.693
62000,0.117,0.186,0.697
62100,0.116,0.206,0.678
62200,0.131,0.201,0.668
62300,0.107,0.198,0.696
62400,0.100,0.190,0.710
62500,0.088,0.202,0.710
62600,0.093,0.166,0.742
62700,0.091,0.206,0.703
62800,0.090,0.193,0.717
62900,0.101,0.203,0.696
63000,0.091,0.190,0.719
63100,0.093,0.183,0.725
63200,0.087,0.172,0.741
63300,0.087,0.181,0.732
63400,0.084,0.172,0.744
63500,0.082,0.172,0.746
63600,0.084,0.161,0.755
63700,0.088,0.187,0.724
63800,0.098,0.193,0.709
63900,0.086,0.188,0.726
64000,0.088,0.199,0.713
64100,0.111,0.176,0.714
64200,0.109,0.184,0.707
64300,0.138,0.182,0.680
64400,0.122,0.167,0.711
64500,0.118,0.143,0.739
64600,0.106,0.145,0.749
64700,0.117,0.134,0.749
64800,0.123,0.127,0.750
64900,0.127,0.144,0.729
65000,0.119,0.146,0.736
65100,0.119,0.157,0.725
65200,0.112,0.159,0.729
65300,0.104,0.169,0.727
65400,0.110,0.159,0.731
65500,0.125,0.165,0.711
65600,0.103,0.165,0.732
65700,0.132,0.169,0.699
65800,0.141,0.155,0.704
65900,0.130,0.144,0.726
66000,0.132,0.134,0.735
66100,0.125,0.134,0.741
66200,0.107,0.136,0.757
66300,0.124,0.147,0.729
66400,0.142,0.139,0.719
66500,0.142,0.152,0.706
66600,0.129,0.178,0.693
66700,0.126,0.188,0.686
66800,0.139,0.161,0.701
66900,0.140,0.142,0.718
67000,0.139,0.141,0.720
67100,0.142,0.150,0.708
67200,0.141,0.166,0.693
67300,0.143,0.190,0.668
67400,0.142,0.179,0.679
67500,0.146,0.163,0.691
67600,0.159,0.160,0.680
67700,0.183,0.146,0.672
67800,0.175,0.140,0.685
67900,0.184,0.130,0.686
68000,0.152,0.148,0.700
68100,0.136,0.147,0.717
68200,0.146,0.142,0.712
68300,0.134,0.134,0.731
68400,0.154,0.130,0.716
68500,0.161,0.139,0.700
68600,0.156,0.136,0.708
68700,0.149,0.140,0.711
68800,0.143,0.140,0.717
68900,0.159,0.134,0.707
69000,0.168,0.129,0.703
69100,0.175,0.132,0.693
69200,0.168,0.129,0.703
69300,0.164,0.109,0.727
69400,0.129,0.123,0.747
69500,0.131,0.129,0.740
69600,0.138,0.139,0.723
69700,0.139,0.116,0.746
69800,0.114,0.133,0.754
69900,0.112,0.176,0.711
70000,0.126,0.158,0.717
70100,0.120,0.161,0.719
70200,0.126,0.151,0.722
70300,0.117,0.168,0.715
70400,0.109,0.180,0.711
70500,0.110,0.182,0.708
70600,0.120,0.181,0.699
70700,0.122,0.169,0.709
70800,0.124,0.176,0.700
70900,0.134,0.150,0.715
71000,0.116,0.150,0.733
71100,0.112,0.131,0.757
71200,0.115,0.150,0.735
71300,0.123,0.179,0.698
71400,0.122,0.164,0.715
71500,0.134,0.153,0.713
71600,0.136,0.166,0.697
71700,0.136,0.168,0.696
71800,0.178,0.144,0.678
71900,0.158,0.137,0.705
72000,0.159,0.161,0.680
72100,0.174,0.142,0.684
72200,0.158,0.150,0.693
72300,0.141,0.165,0.694
72400,0.140,0.172,0.688
72500,0.121,0.173,0.705
72600,0.113,0.186,0.701
72700,0.137,0.176,0.686
72800,0.115,0.168,0.717
72900,0.109,0.171,0.719
73000,0.136,0.158,0.707
73100,0.145,0.144,0.711
73200,0.159,0.126,0.715
73300,0.166,0.107,0.726
73400,0.141,0.126,0.732
73500,0.143,0.115,0.742
73600,0.136,0.103,0.761
73700,0.141,0.093,0.766
73800,0.155,0.091,0.754
73900,0.144,0.112,0.744
74000,0.143,0.122,0.735
74100,0.150,0.126,0.724
74200,0.158,0.100,0.742
74300,0.164,0.083,0.753
74400,0.177,0.111,0.712
74500,0.197,0.108,0.696
74600,0.185,0.114,0.702
74700,0.178,0.090,0.732
74800,0.172,0.115,0.714
74900,0.165,0.129,0.705
75000,0.151,0.158,0.691
75100,0.136,0.153,0.712
75200,0.159,0.152,0.689
75300,0.151,0.151,0.697
75400,0.143,0.145,0.712
75500,0.152,0.141,0.707
75600,0.143,0.130,0.727
75700,0.183,0.111,0.706
75800,0.161,0.158,0.682
75900,0.168,0.153,0.680
76000,0.148,0.172,0.680
76100,0.155,0.169,0.675
76200,0.159,0.147,0.694
76300,0.166,0.138,0.696
76400,0.154,0.122,0.724
76500,0.153,0.111,0.737
76600,0.143,0.121,0.736
76700,0.146,0.126,0.728
76800,0.148,0.133,0.719
76900,0.142,0.141,0.717
77000,0.141,0.127,0.732
77100,0.147,0.143,0.711
77200,0.153,0.130,0.717
77300,0.153,0.128,0.719
77400,0.168,0.116,0.715
77500,0.144,0.115,0.741
77600,0.126,0.114,0.760
77700,0.126,0.143,0.732
77800,0.122,0.146,0.732
77900,0.125,0.133,0.742
78000,0.137,0.126,0.737
78100,0.148,0.130,0.722
78200,0.168,0.122,0.711
78300,0.178,0.122,0.700
78400,0.197,0.125,0.679
78500,0.189,0.127,0.684
78600,0.182,0.139,0.679
78700,0.173,0.141,0.686
78800,0.144,0.126,0.730
78900,0.180,0.126,0.693
79000,0.178,0.116,0.707
79100,0.169,0.119,0.711
79200,0.172,0.147,0.680
79300,0.150,0.148,0.701
79400,0.158,0.152,0.690
79500,0.151,0.153,0.697
79600,0.153,0.148,0.699
79700,0.125,0.146,0.729
79800,0.109,0.162,0.729
79900,0.120,0.137,0.742
80000,0.157,0.165,0.678
80100,0.161,0.137,0.702
80200,0.208,0.120,0.672
80300,0.205,0.130,0.665
80400,0.179,0.121,0.700
80500,0.161,0.112,0.727
80600,0.171,0.110,0.719
80700,0.180,0.118,0.703
80800,0.153,0.108,0.739
80900,0.151,0.109,0.739
81000,0.143,0.127,0.731
81100,0.147,0.137,0.715
81200,0.130,0.134,0.735
81300,0.150,0.134,0.717
81400,0.146,0.141,0.713
81500,0.163,0.129,0.708
81600,0.172,0.113,0.715
81700,0.178,0.102,0.719
81800,0.176,0.103,0.721
81900,0.153,0.115,0.733
82000,0.153,0.145,0.702
82100,0.159,0.156,0.685
82200,0.156,0.140,0.704
82300,0.163,0.127,0.710
82400,0.158,0.118,0.725
82500,0.154,0.118,0.728
82600,0.150,0.130,0.721
82700,0.204,0.136,0.661
82800,0.185,0.126,0.689
82900,0.166,0.140,0.693
83000,0.150,0.145,0.705
83100,0.167,0.158,0.675
83200,0.161,0.144,0.695
83300,0.157,0.137,0.706
83400,0.159,0.150,0.692
83500,0.154,0.151,0.695
83600,0.150,0.142,0.708
83700,0.137,0.154,0.709
83800,0.140,0.137,0.723
83900,0.139,0.132,0.729
84000,0.151,0.127,0.722
84100,0.148,0.132,0.719
84200,0.146,0.126,0.728
84300,0.150,0.126,0.724
84400,0.144,0.109,0.747
84500,0.148,0.121,0.731
84600,0.167,0.109,0.724
84700,0.153,0.113,0.735
84800,0.152,0.115,0.733
84900,0.168,0.133,0.699
85000,0.173,0.129,0.697
85100,0.159,0.126,0.714
85200,0.136,0.121,0.743
85300,0.157,0.109,0.735
85400,0.140,0.110,0.750
85500,0.159,0.125,0.716
85600,0.155,0.106,0.739
85700,0.165,0.116,0.719
85800,0.161,0.119,0.719
85900,0.160,0.114,0.726
86000,0.146,0.147,0.708
86100,0.141,0.148,0.711
86200,0.135,0.139,0.726
86300,0.136,0.154,0.711
86400,0.130,0.141,0.729
86500,0.140,0.129,0.731
86600,0.133,0.148,0.719
86700,0.134,0.146,0.719
86800,0.130,0.147,0.723
86900,0.130,0.172,0.698
87000,0.144,0.164,0.692
87100,0.136,0.164,0.700
87200,0.123,0.170,0.707
87300,0.120,0.172,0.708
87400,0.133,0.179,0.688
87500,0.112,0.167,0.721
87600,0.105,0.196,0.700
87700,0.097,0.189,0.714
87800,0.106,0.185,0.710
87900,0.095,0.196,0.709
88000,0.114,0.197,0.689
88100,0.138,0.187,0.675
88200,0.151,0.202,0.647
88300,0.134,0.171,0.694
88400,0.142,0.174,0.684
88500,0.133,0.172,0.695
88600,0.118,0.158,0.725
88700,0.135,0.143,0.722
88800,0.134,0.150,0.716
88900,0.137,0.144,0.719
89000,0.122,0.136,0.742
89100,0.116,0.134,0.749
89200,0.130,0.127,0.743
89300,0.154,0.126,0.721
89400,0.125,0.150,0.725
89500,0.119,0.150,0.731
89600,0.122,0.139,0.739
89700,0.115,0.161,0.724
89800,0.126,0.157,0.718
89900,0.122,0.153,0.725
90000,0.120,0.149,0.731
90100,0.120,0.140,0.740
90200,0.153,0.146,0.701
90300,0.147,0.154,0.700
90400,0.138,0.135,0.727
90500,0.144,0.142,0.714
90600,0.124,0.140,0.736
90700,0.122,0.141,0.737
90800,0.115,0.161,0.724
90900,0.104,0.168,0.728
91000,0.096,0.173,0.731
91100,0.107,0.154,0.739
91200,0.111,0.165,0.724
91300,0.130,0.162,0.707
91400,0.123,0.148,0.728
91500,0.135,0.146,0.719
91600,0.147,0.134,0.719
91700,0.157,0.120,0.722
91800,0.183,0.110,0.707
91900,0.176,0.130,0.693
92000,0.176,0.119,0.705
92100,0.162,0.139,0.700
92200,0.165,0.128,0.707
92300,0.164,0.140,0.696
92400,0.145,0.137,0.718
92500,0.143,0.131,0.726
92600,0.176,0.123,0.700
92700,0.164,0.153,0.683
92800,0.161,0.167,0.672
92900,0.166,0.164,0.671
93000,0.155,0.171,0.673
93100,0.156,0.178,0.666
93200,0.154,0.181,0.665
93300,0.144,0.208,0.647
93400,0.196,0.178,0.626
93500,0.193,0.178,0.629
93600,0.182,0.164,0.654
93700,0.201,0.151,0.648
93800,0.234,0.146,0.620
93900,0.211,0.141,0.647
94000,0.209,0.139,0.652
94100,0.184,0.126,0.690
94200,0.171,0.139,0.691
94300,0.161,0.169,0.670
94400,0.147,0.159,0.694
94500,0.148,0.156,0.696
94600,0.140,0.160,0.700
94700,0.144,0.158,0.697
94800,0.132,0.155,0.713
94900,0.126,0.162,0.712
95000,0.131,0.157,0.712
95100,0.136,0.156,0.708
95200,0.144,0.155,0.701
95300,0.146,0.138,0.716
95400,0.132,0.144,0.724
95500,0.147,0.125,0.729
95600,0.152,0.117,0.731
95700,0.150,0.139,0.712
95800,0.142,0.135,0.723
95900,0.139,0.141,0.721
96000,0.164,0.129,0.707
96100,0.158,0.134,0.708
96200,0.168,0.144,0.689
96300,0.148,0.164,0.688
96400,0.150,0.142,0.708
96500,0.132,0.143,0.725
96600,0.127,0.155,0.717
96700,0.114,0.183,0.703
96800,0.114,0.168,0.718
96900,0.116,0.184,0.700
97000,0.120,0.171,0.710
97100,0.136,0.152,0.712
97200,0.162,0.150,0.689
97300,0.150,0.145,0.705
97400,0.162,0.147,0.691
97500,0.163,0.139,0.698
97600,0.148,0.123,0.728
97700,0.172,0.108,0.720
97800,0.184,0.106,0.710
97900,0.185,0.132,0.683
98000,0.174,0.118,0.708
98100,0.186,0.106,0.708
98200,0.178,0.122,0.700
98300,0.154,0.123,0.723
98400,0.150,0.116,0.733
98500,0.132,0.151,0.717
98600,0.140,0.147,0.713
98700,0.132,0.149,0.719
98800,0.127,0.144,0.728
98900,0.138,0.137,0.725
99000,0.178,0.154,0.668
99100,0.171,0.148,0.681
99200,0.152,0.142,0.706
99300,0.156,0.148,0.696
99400,0.148,0.178,0.673
99500,0.181,0.165,0.654
99600,0.204,0.166,0.630
99700,0.193,0.152,0.655
99800,0.194,0.148,0.658
99900,0.180,0.128,0.692
100000,0.194,0.129,0.678
