time,n_A+p,n_B,n_AB
500,0.030,0.407,0.563
1000,0.030,0.296,0.674
1500,0.030,0.388,0.582
2000,0.030,0.414,0.556
2500,0.030,0.257,0.713
3000,0.030,0.386,0.584
3500,0.030,0.293,0.677
4000,0.030,0.300,0.670
4500,0.030,0.347,0.623
5000,0.030,0.381,0.589
5500,0.030,0.393,0.577
6000,0.030,0.358,0.612
6500,0.030,0.351,0.619
7000,0.030,0.296,0.674
7500,0.030,0.340,0.630
8000,0.030,0.436,0.534
8500,0.030,0.266,0.704
9000,0.030,0.375,0.595
9500,0.030,0.321,0.649
10000,0.030,0.398,0.572
10500,0.030,0.325,0.645
11000,0.030,0.452,0.518
11500,0.030,0.439,0.531
12000,0.030,0.555,0.415
12500,0.030,0.258,0.712
13000,0.030,0.352,0.618
13500,0.030,0.341,0.629
14000,0.030,0.355,0.615
14500,0.030,0.289,0.681
15000,0.030,0.334,0.636
15500,0.030,0.374,0.596
16000,0.030,0.293,0.677
16500,0.030,0.350,0.620
17000,0.030,0.307,0.663
17500,0.032,0.232,0.736
18000,0.030,0.280,0.690
18500,0.030,0.406,0.564
19000,0.030,0.288,0.682
19500,0.030,0.274,0.696
20000,0.030,0.253,0.717
20500,0.030,0.350,0.620
21000,0.030,0.224,0.746
21500,0.040,0.178,0.782
22000,0.030,0.377,0.593
22500,0.030,0.174,0.796
23000,0.030,0.259,0.711
23500,0.030,0.321,0.649
24000,0.030,0.308,0.662
24500,0.030,0.353,0.617
25000,0.030,0.246,0.724
25500,0.030,0.331,0.639
26000,0.030,0.323,0.647
26500,0.030,0.300,0.670
27000,0.030,0.211,0.759
27500,0.030,0.408,0.562
28000,0.030,0.371,0.599
28500,0.030,0.341,0.629
29000,0.030,0.417,0.553
29500,0.030,0.330,0.640
30000,0.030,0.341,0.629
30500,0.030,0.328,0.642
31000,0.030,0.339,0.631
31500,0.030,0.306,0.664
32000,0.030,0.283,0.687
32500,0.030,0.286,0.684
33000,0.030,0.347,0.623
33500,0.030,0.172,0.798
34000,0.030,0.384,0.586
34500,0.030,0.295,0.675
35000,0.030,0.350,0.620
35500,0.030,0.368,0.602
36000,0.030,0.289,0.681
36500,0.030,0.314,0.656
37000,0.030,0.317,0.653
37500,0.030,0.371,0.599
38000,0.030,0.298,0.672
38500,0.030,0.302,0.668
39000,0.030,0.492,0.478
39500,0.030,0.219,0.751
40000,0.030,0.425,0.545
40500,0.030,0.289,0.681
41000,0.030,0.391,0.579
41500,0.030,0.215,0.755
42000,0.030,0.297,0.673
42500,0.030,0.369,0.601
43000,0.030,0.302,0.668
43500,0.030,0.200,0.770
44000,0.030,0.340,0.630
44500,0.030,0.183,0.787
45000,0.030,0.222,0.748
45500,0.030,0.317,0.653
46000,0.030,0.352,0.618
46500,0.030,0.324,0.646
47000,0.030,0.359,0.611
47500,0.030,0.287,0.683
48000,0.030,0.362,0.608
48500,0.030,0.376,0.594
49000,0.030,0.334,0.636
49500,0.030,0.244,0.726
50000,0.030,0.222,0.748
50500,0.030,0.372,0.598
51000,0.030,0.347,0.623
51500,0.030,0.320,0.650
52000,0.030,0.309,0.661
52500,0.030,0.294,0.676
53000,0.030,0.270,0.700
53500,0.030,0.275,0.695
54000,0.030,0.374,0.596
54500,0.054,0.324,0.622
55000,0.030,0.294,0.676
55500,0.030,0.329,0.641
56000,0.030,0.334,0.636
56500,0.030,0.411,0.559
57000,0.030,0.296,0.674
57500,0.030,0.439,0.531
58000,0.030,0.364,0.606
58500,0.030,0.275,0.695
59000,0.030,0.408,0.562
59500,0.030,0.361,0.609
60000,0.030,0.435,0.535
60500,0.030,0.287,0.683
61000,0.030,0.276,0.694
61500,0.030,0.316,0.654
62000,0.030,0.206,0.764
62500,0.030,0.274,0.696
63000,0.030,0.273,0.697
63500,0.030,0.296,0.674
64000,0.030,0.303,0.667
64500,0.030,0.249,0.721
65000,0.030,0.319,0.651
65500,0.030,0.236,0.734
66000,0.030,0.290,0.680
66500,0.030,0.347,0.623
67000,0.030,0.254,0.716
67500,0.030,0.253,0.717
68000,0.030,0.237,0.733
68500,0.030,0.390,0.580
69000,0.030,0.438,0.532
69500,0.031,0.188,0.781
70000,0.030,0.432,0.538
70500,0.030,0.230,0.740
71000,0.030,0.277,0.693
71500,0.030,0.326,0.644
72000,0.030,0.317,0.653
72500,0.030,0.209,0.761
73000,0.030,0.341,0.629
73500,0.030,0.355,0.615
74000,0.030,0.244,0.726
74500,0.030,0.380,0.590
75000,0.030,0.249,0.721
75500,0.484,0.005,0.511
76000,0.972,0.000,0.028
76500,0.960,0.000,0.040
77000,0.855,0.000,0.145
77500,1.000,0.000,0.000
