time,n_A+p,n_B,n_AB
500,0.080,0.200,0.720
1000,0.268,0.027,0.705
1500,0.601,0.000,0.399
2000,0.614,0.000,0.386
2500,0.732,0.000,0.268
3000,0.886,0.000,0.114
3500,0.792,0.000,0.208
4000,0.760,0.000,0.240
4500,0.866,0.000,0.134
5000,0.860,0.000,0.140
5500,0.904,0.000,0.096
6000,0.943,0.000,0.057
6500,0.927,0.000,0.073
7000,0.920,0.000,0.080
7500,0.962,0.000,0.038
8000,0.990,0.000,0.010
8500,0.951,0.000,0.049
9000,0.969,0.000,0.031
9500,0.954,0.000,0.046
10000,0.952,0.000,0.048
10500,0.996,0.000,0.004
11000,0.968,0.000,0.032
11500,0.971,0.000,0.029
12000,0.961,0.000,0.039
12500,0.999,0.000,0.001
13000,1.000,0.000,0.000
