time,n_A+p,n_B,n_AB
500,0.093,0.183,0.724
1000,0.422,0.007,0.571
1500,0.714,0.000,0.286
2000,0.879,0.000,0.121
2500,0.964,0.000,0.036
3000,0.819,0.000,0.181
3500,0.898,0.000,0.102
4000,0.929,0.000,0.071
4500,0.936,0.000,0.064
5000,0.936,0.000,0.064
5500,0.942,0.000,0.058
6000,0.945,0.000,0.055
6500,0.916,0.000,0.084
7000,0.947,0.000,0.053
7500,0.983,0.000,0.017
8000,0.996,0.000,0.004
8500,1.000,0.000,0.000
