time,n_A+p,n_B,n_AB
500,0.010,0.871,0.119
1000,0.010,0.874,0.116
1500,0.010,0.854,0.136
2000,0.010,0.932,0.058
2500,0.010,0.917,0.073
3000,0.010,0.985,0.005
3500,0.010,0.934,0.056
4000,0.010,0.885,0.105
4500,0.010,0.830,0.160
5000,0.010,0.794,0.196
5500,0.010,0.969,0.021
6000,0.010,0.960,0.030
6500,0.010,0.903,0.087
7000,0.010,0.984,0.006
7500,0.010,0.975,0.015
8000,0.010,0.845,0.145
8500,0.010,0.784,0.206
9000,0.010,0.724,0.266
9500,0.010,0.810,0.180
10000,0.010,0.978,0.012
10500,0.010,0.881,0.109
11000,0.010,0.820,0.170
11500,0.010,0.951,0.039
12000,0.010,0.949,0.041
12500,0.010,0.960,0.030
13000,0.010,0.907,0.083
13500,0.010,0.928,0.062
14000,0.010,0.913,0.077
14500,0.010,0.920,0.070
15000,0.010,0.811,0.179
15500,0.010,0.803,0.187
16000,0.010,0.819,0.171
16500,0.010,0.946,0.044
17000,0.010,0.984,0.006
17500,0.010,0.869,0.121
18000,0.010,0.903,0.087
18500,0.010,0.898,0.092
19000,0.010,0.892,0.098
19500,0.010,0.960,0.030
20000,0.010,0.919,0.071
20500,0.010,0.970,0.020
21000,0.010,0.958,0.032
21500,0.010,0.986,0.004
22000,0.010,0.929,0.061
22500,0.010,0.906,0.084
23000,0.010,0.889,0.101
23500,0.010,0.782,0.208
24000,0.010,0.818,0.172
24500,0.010,0.872,0.118
25000,0.010,0.922,0.068
25500,0.010,0.805,0.185
26000,0.010,0.724,0.266
26500,0.010,0.787,0.203
27000,0.010,0.975,0.015
27500,0.010,0.775,0.215
28000,0.010,0.947,0.043
28500,0.010,0.966,0.024
29000,0.010,0.906,0.084
29500,0.010,0.909,0.081
30000,0.010,0.928,0.062
30500,0.010,0.801,0.189
31000,0.010,0.843,0.147
31500,0.010,0.960,0.030
32000,0.010,0.908,0.082
32500,0.010,0.863,0.127
33000,0.010,0.915,0.075
33500,0.010,0.834,0.156
34000,0.010,0.876,0.114
34500,0.010,0.960,0.030
35000,0.010,0.943,0.047
35500,0.010,0.983,0.007
36000,0.010,0.813,0.177
36500,0.010,0.816,0.174
37000,0.010,0.770,0.220
37500,0.010,0.829,0.161
38000,0.010,0.899,0.091
38500,0.010,0.912,0.078
39000,0.010,0.959,0.031
39500,0.010,0.937,0.053
40000,0.010,0.792,0.198
40500,0.010,0.860,0.130
41000,0.010,0.923,0.067
41500,0.010,0.933,0.057
42000,0.010,0.880,0.110
42500,0.010,0.832,0.158
43000,0.010,0.939,0.051
43500,0.010,0.978,0.012
44000,0.010,0.946,0.044
44500,0.010,0.958,0.032
45000,0.010,0.956,0.034
45500,0.010,0.923,0.067
46000,0.010,0.838,0.152
46500,0.010,0.946,0.044
47000,0.010,0.900,0.090
47500,0.010,0.925,0.065
48000,0.010,0.915,0.075
48500,0.010,0.948,0.042
49000,0.010,0.915,0.075
49500,0.010,0.980,0.010
50000,0.010,0.972,0.018
50500,0.010,0.978,0.012
51000,0.010,0.806,0.184
51500,0.010,0.845,0.145
52000,0.010,0.948,0.042
52500,0.010,0.920,0.070
53000,0.010,0.982,0.008
53500,0.010,0.790,0.200
54000,0.010,0.897,0.093
54500,0.010,0.891,0.099
55000,0.010,0.810,0.180
55500,0.010,0.906,0.084
56000,0.010,0.932,0.058
56500,0.010,0.806,0.184
57000,0.010,0.866,0.124
57500,0.010,0.895,0.095
58000,0.010,0.777,0.213
58500,0.010,0.810,0.180
59000,0.010,0.949,0.041
59500,0.010,0.913,0.077
60000,0.010,0.936,0.054
60500,0.010,0.987,0.003
61000,0.010,0.933,0.057
61500,0.010,0.867,0.123
62000,0.010,0.898,0.092
62500,0.010,0.967,0.023
63000,0.010,0.812,0.178
63500,0.010,0.922,0.068
64000,0.010,0.922,0.068
64500,0.010,0.852,0.138
65000,0.010,0.752,0.238
65500,0.010,0.852,0.138
66000,0.010,0.915,0.075
66500,0.010,0.840,0.150
67000,0.010,0.898,0.092
67500,0.010,0.967,0.023
68000,0.010,0.988,0.002
68500,0.010,0.980,0.010
69000,0.010,0.957,0.033
69500,0.010,0.909,0.081
70000,0.010,0.830,0.160
70500,0.010,0.887,0.103
71000,0.010,0.765,0.225
71500,0.010,0.891,0.099
72000,0.010,0.939,0.051
72500,0.010,0.918,0.072
73000,0.010,0.839,0.151
73500,0.010,0.776,0.214
74000,0.010,0.862,0.128
74500,0.010,0.765,0.225
75000,0.010,0.942,0.048
75500,0.010,0.920,0.070
76000,0.010,0.864,0.126
76500,0.010,0.908,0.082
77000,0.010,0.942,0.048
77500,0.010,0.834,0.156
78000,0.010,0.898,0.092
78500,0.010,0.849,0.141
79000,0.010,0.827,0.163
79500,0.010,0.760,0.230
80000,0.010,0.912,0.078
80500,0.010,0.894,0.096
81000,0.010,0.760,0.230
81500,0.010,0.866,0.124
82000,0.010,0.756,0.234
82500,0.010,0.852,0.138
83000,0.010,0.938,0.052
83500,0.010,0.903,0.087
84000,0.010,0.925,0.065
84500,0.010,0.980,0.010
85000,0.010,0.967,0.023
85500,0.010,0.795,0.195
86000,0.010,0.868,0.122
86500,0.010,0.755,0.235
87000,0.010,0.769,0.221
87500,0.010,0.894,0.096
88000,0.010,0.959,0.031
88500,0.010,0.976,0.014
89000,0.010,0.827,0.163
89500,0.010,0.873,0.117
90000,0.010,0.947,0.043
90500,0.010,0.988,0.002
91000,0.010,0.923,0.067
91500,0.010,0.971,0.019
92000,0.010,0.988,0.002
92500,0.010,0.907,0.083
93000,0.010,0.938,0.052
93500,0.010,0.867,0.123
94000,0.010,0.900,0.090
94500,0.010,0.899,0.091
95000,0.010,0.989,0.001
95500,0.010,0.938,0.052
96000,0.010,0.897,0.093
96500,0.010,0.952,0.038
97000,0.010,0.954,0.036
97500,0.010,0.914,0.076
98000,0.010,0.835,0.155
98500,0.010,0.913,0.077
99000,0.010,0.715,0.275
99500,0.010,0.901,0.089
100000,0.010,0.916,0.074
100500,0.010,0.760,0.230
101000,0.010,0.884,0.106
101500,0.010,0.981,0.009
102000,0.010,0.984,0.006
102500,0.010,0.929,0.061
103000,0.010,0.958,0.032
103500,0.010,0.963,0.027
104000,0.010,0.941,0.049
104500,0.010,0.969,0.021
105000,0.010,0.943,0.047
105500,0.010,0.957,0.033
106000,0.010,0.927,0.063
106500,0.010,0.882,0.108
107000,0.010,0.824,0.166
107500,0.010,0.919,0.071
108000,0.010,0.782,0.208
108500,0.010,0.982,0.008
109000,0.010,0.915,0.075
109500,0.010,0.966,0.024
110000,0.010,0.960,0.030
110500,0.010,0.821,0.169
111000,0.010,0.970,0.020
111500,0.010,0.816,0.174
112000,0.010,0.900,0.090
112500,0.010,0.807,0.183
113000,0.010,0.838,0.152
113500,0.010,0.872,0.118
114000,0.010,0.977,0.013
114500,0.010,0.947,0.043
115000,0.010,0.869,0.121
115500,0.010,0.988,0.002
116000,0.010,0.917,0.073
116500,0.010,0.982,0.008
117000,0.010,0.903,0.087
117500,0.010,0.778,0.212
118000,0.010,0.855,0.135
118500,0.010,0.845,0.145
119000,0.010,0.953,0.037
119500,0.010,0.957,0.033
120000,0.010,0.933,0.057
120500,0.010,0.846,0.144
121000,0.010,0.919,0.071
121500,0.010,0.854,0.136
122000,0.010,0.917,0.073
122500,0.010,0.898,0.092
123000,0.010,0.927,0.063
123500,0.010,0.837,0.153
124000,0.010,0.873,0.117
124500,0.010,0.838,0.152
125000,0.010,0.855,0.135
125500,0.010,0.949,0.041
126000,0.010,0.962,0.028
126500,0.010,0.983,0.007
127000,0.010,0.972,0.018
127500,0.010,0.842,0.148
128000,0.010,0.855,0.135
128500,0.010,0.902,0.088
129000,0.010,0.890,0.100
129500,0.010,0.771,0.219
130000,0.010,0.823,0.167
130500,0.010,0.915,0.075
131000,0.010,0.863,0.127
131500,0.010,0.898,0.092
132000,0.010,0.939,0.051
132500,0.010,0.901,0.089
133000,0.010,0.875,0.115
133500,0.010,0.965,0.025
134000,0.010,0.957,0.033
134500,0.010,0.926,0.064
135000,0.010,0.784,0.206
135500,0.010,0.892,0.098
136000,0.010,0.878,0.112
136500,0.010,0.871,0.119
137000,0.010,0.923,0.067
137500,0.010,0.907,0.083
138000,0.010,0.963,0.027
138500,0.010,0.905,0.085
139000,0.010,0.917,0.073
139500,0.010,0.932,0.058
140000,0.010,0.920,0.070
140500,0.010,0.889,0.101
141000,0.010,0.939,0.051
141500,0.010,0.950,0.040
142000,0.010,0.984,0.006
142500,0.010,0.798,0.192
143000,0.010,0.818,0.172
143500,0.010,0.816,0.174
144000,0.010,0.826,0.164
144500,0.010,0.818,0.172
145000,0.010,0.934,0.056
145500,0.010,0.778,0.212
146000,0.010,0.885,0.105
146500,0.010,0.891,0.099
147000,0.010,0.777,0.213
147500,0.010,0.901,0.089
148000,0.010,0.972,0.018
148500,0.010,0.938,0.052
149000,0.010,0.865,0.125
149500,0.010,0.764,0.226
150000,0.010,0.944,0.046
150500,0.010,0.972,0.018
151000,0.010,0.960,0.030
151500,0.010,0.977,0.013
152000,0.010,0.874,0.116
152500,0.010,0.918,0.072
153000,0.010,0.893,0.097
153500,0.010,0.798,0.192
154000,0.010,0.896,0.094
154500,0.010,0.839,0.151
155000,0.010,0.950,0.040
155500,0.010,0.969,0.021
156000,0.010,0.852,0.138
156500,0.010,0.931,0.059
157000,0.010,0.964,0.026
157500,0.010,0.891,0.099
158000,0.010,0.984,0.006
158500,0.010,0.886,0.104
159000,0.010,0.787,0.203
159500,0.010,0.836,0.154
160000,0.010,0.837,0.153
160500,0.010,0.888,0.102
161000,0.010,0.913,0.077
161500,0.010,0.885,0.105
162000,0.010,0.724,0.266
162500,0.010,0.971,0.019
163000,0.010,0.932,0.058
163500,0.010,0.833,0.157
164000,0.010,0.883,0.107
164500,0.010,0.924,0.066
165000,0.010,0.962,0.028
165500,0.010,0.956,0.034
166000,0.010,0.891,0.099
166500,0.010,0.910,0.080
167000,0.010,0.952,0.038
167500,0.010,0.909,0.081
168000,0.010,0.970,0.020
168500,0.010,0.925,0.065
169000,0.010,0.921,0.069
169500,0.010,0.755,0.235
170000,0.010,0.877,0.113
170500,0.010,0.952,0.038
171000,0.010,0.988,0.002
171500,0.010,0.904,0.086
172000,0.010,0.943,0.047
172500,0.010,0.833,0.157
173000,0.010,0.930,0.060
173500,0.010,0.930,0.060
174000,0.010,0.953,0.037
174500,0.010,0.985,0.005
175000,0.010,0.938,0.052
175500,0.010,0.816,0.174
176000,0.010,0.817,0.173
176500,0.010,0.890,0.100
177000,0.010,0.791,0.199
177500,0.010,0.968,0.022
178000,0.010,0.899,0.091
178500,0.010,0.897,0.093
179000,0.010,0.899,0.091
179500,0.010,0.936,0.054
180000,0.010,0.812,0.178
180500,0.010,0.857,0.133
181000,0.010,0.868,0.122
181500,0.010,0.792,0.198
182000,0.010,0.964,0.026
182500,0.010,0.853,0.137
183000,0.010,0.928,0.062
183500,0.010,0.985,0.005
184000,0.010,0.824,0.166
184500,0.010,0.871,0.119
185000,0.010,0.969,0.021
185500,0.010,0.941,0.049
186000,0.010,0.958,0.032
186500,0.010,0.949,0.041
187000,0.010,0.928,0.062
187500,0.010,0.961,0.029
188000,0.010,0.815,0.175
188500,0.010,0.799,0.191
189000,0.010,0.956,0.034
189500,0.010,0.942,0.048
190000,0.010,0.977,0.013
190500,0.010,0.963,0.027
191000,0.010,0.926,0.064
191500,0.010,0.940,0.050
192000,0.010,0.942,0.048
192500,0.010,0.982,0.008
193000,0.010,0.855,0.135
193500,0.010,0.947,0.043
194000,0.010,0.938,0.052
194500,0.010,0.908,0.082
195000,0.010,0.875,0.115
195500,0.010,0.879,0.111
196000,0.010,0.795,0.195
196500,0.010,0.954,0.036
197000,0.010,0.924,0.066
197500,0.010,0.832,0.158
198000,0.010,0.939,0.051
198500,0.010,0.931,0.059
199000,0.010,0.967,0.023
199500,0.010,0.898,0.092
200000,0.010,0.918,0.072
200500,0.010,0.754,0.236
201000,0.010,0.952,0.038
201500,0.010,0.938,0.052
202000,0.010,0.937,0.053
202500,0.010,0.938,0.052
203000,0.010,0.956,0.034
203500,0.010,0.916,0.074
204000,0.010,0.912,0.078
204500,0.010,0.917,0.073
205000,0.010,0.881,0.109
205500,0.010,0.798,0.192
206000,0.010,0.914,0.076
206500,0.010,0.879,0.111
207000,0.010,0.826,0.164
207500,0.010,0.876,0.114
208000,0.010,0.906,0.084
208500,0.010,0.938,0.052
209000,0.010,0.930,0.060
209500,0.010,0.908,0.082
210000,0.010,0.857,0.133
210500,0.010,0.725,0.265
211000,0.010,0.943,0.047
211500,0.010,0.908,0.082
212000,0.010,0.952,0.038
212500,0.010,0.978,0.012
213000,0.010,0.939,0.051
213500,0.010,0.957,0.033
214000,0.010,0.835,0.155
214500,0.010,0.915,0.075
215000,0.010,0.908,0.082
215500,0.010,0.921,0.069
216000,0.010,0.957,0.033
216500,0.010,0.850,0.140
217000,0.010,0.975,0.015
217500,0.010,0.891,0.099
218000,0.010,0.866,0.124
218500,0.010,0.902,0.088
219000,0.010,0.776,0.214
219500,0.010,0.982,0.008
220000,0.010,0.969,0.021
220500,0.010,0.976,0.014
221000,0.010,0.966,0.024
221500,0.010,0.796,0.194
222000,0.010,0.677,0.313
222500,0.010,0.738,0.252
223000,0.010,0.965,0.025
223500,0.010,0.968,0.022
224000,0.010,0.987,0.003
224500,0.010,0.829,0.161
225000,0.010,0.934,0.056
225500,0.010,0.833,0.157
226000,0.010,0.912,0.078
226500,0.010,0.822,0.168
227000,0.010,0.913,0.077
227500,0.010,0.879,0.111
228000,0.010,0.930,0.060
228500,0.010,0.928,0.062
229000,0.010,0.952,0.038
229500,0.010,0.811,0.179
230000,0.010,0.903,0.087
230500,0.010,0.972,0.018
231000,0.010,0.921,0.069
231500,0.010,0.836,0.154
232000,0.010,0.854,0.136
232500,0.010,0.803,0.187
233000,0.010,0.704,0.286
233500,0.010,0.876,0.114
234000,0.010,0.793,0.197
234500,0.010,0.796,0.194
235000,0.010,0.819,0.171
235500,0.010,0.763,0.227
236000,0.010,0.917,0.073
236500,0.010,0.968,0.022
237000,0.010,0.959,0.031
237500,0.010,0.971,0.019
238000,0.010,0.900,0.090
238500,0.010,0.852,0.138
239000,0.010,0.901,0.089
239500,0.010,0.887,0.103
240000,0.010,0.767,0.223
240500,0.010,0.849,0.141
241000,0.010,0.966,0.024
241500,0.010,0.899,0.091
242000,0.010,0.974,0.016
242500,0.010,0.953,0.037
243000,0.010,0.976,0.014
243500,0.010,0.903,0.087
244000,0.010,0.954,0.036
244500,0.010,0.864,0.126
245000,0.010,0.880,0.110
245500,0.010,0.957,0.033
246000,0.010,0.778,0.212
246500,0.010,0.858,0.132
247000,0.010,0.802,0.188
247500,0.010,0.863,0.127
248000,0.010,0.861,0.129
248500,0.010,0.685,0.305
249000,0.010,0.756,0.234
249500,0.010,0.797,0.193
250000,0.010,0.903,0.087
250500,0.010,0.908,0.082
251000,0.010,0.852,0.138
251500,0.010,0.882,0.108
252000,0.010,0.955,0.035
252500,0.010,0.839,0.151
253000,0.010,0.922,0.068
253500,0.010,0.860,0.130
254000,0.010,0.935,0.055
254500,0.010,0.925,0.065
255000,0.010,0.870,0.120
255500,0.010,0.838,0.152
256000,0.010,0.905,0.085
256500,0.010,0.902,0.088
257000,0.010,0.893,0.097
257500,0.010,0.914,0.076
258000,0.010,0.833,0.157
258500,0.010,0.985,0.005
259000,0.010,0.950,0.040
259500,0.010,0.976,0.014
260000,0.010,0.880,0.110
260500,0.010,0.951,0.039
261000,0.010,0.813,0.177
261500,0.010,0.903,0.087
262000,0.010,0.951,0.039
262500,0.010,0.943,0.047
263000,0.010,0.793,0.197
263500,0.010,0.899,0.091
264000,0.010,0.860,0.130
264500,0.010,0.730,0.260
265000,0.010,0.936,0.054
265500,0.010,0.918,0.072
266000,0.010,0.886,0.104
266500,0.010,0.912,0.078
267000,0.010,0.906,0.084
267500,0.010,0.979,0.011
268000,0.010,0.798,0.192
268500,0.010,0.885,0.105
269000,0.010,0.907,0.083
269500,0.010,0.946,0.044
270000,0.010,0.963,0.027
270500,0.010,0.970,0.020
271000,0.010,0.980,0.010
271500,0.010,0.979,0.011
272000,0.010,0.953,0.037
272500,0.010,0.855,0.135
273000,0.010,0.864,0.126
273500,0.010,0.950,0.040
274000,0.010,0.965,0.025
274500,0.010,0.940,0.050
275000,0.010,0.882,0.108
275500,0.010,0.981,0.009
276000,0.010,0.845,0.145
276500,0.010,0.839,0.151
277000,0.010,0.839,0.151
277500,0.010,0.828,0.162
278000,0.010,0.901,0.089
278500,0.010,0.816,0.174
279000,0.010,0.927,0.063
279500,0.010,0.934,0.056
280000,0.010,0.873,0.117
280500,0.010,0.965,0.025
281000,0.010,0.940,0.050
281500,0.010,0.791,0.199
282000,0.010,0.804,0.186
282500,0.010,0.686,0.304
283000,0.010,0.834,0.156
283500,0.010,0.863,0.127
284000,0.010,0.904,0.086
284500,0.010,0.949,0.041
285000,0.010,0.925,0.065
285500,0.010,0.782,0.208
286000,0.010,0.896,0.094
286500,0.010,0.899,0.091
287000,0.010,0.921,0.069
287500,0.010,0.867,0.123
288000,0.010,0.813,0.177
288500,0.010,0.778,0.212
289000,0.010,0.863,0.127
289500,0.010,0.734,0.256
290000,0.010,0.930,0.060
290500,0.010,0.924,0.066
291000,0.010,0.904,0.086
291500,0.010,0.785,0.205
292000,0.010,0.855,0.135
292500,0.010,0.962,0.028
293000,0.010,0.953,0.037
293500,0.010,0.958,0.032
294000,0.010,0.802,0.188
294500,0.010,0.918,0.072
295000,0.010,0.829,0.161
295500,0.010,0.967,0.023
296000,0.010,0.899,0.091
296500,0.010,0.891,0.099
297000,0.010,0.920,0.070
297500,0.010,0.909,0.081
298000,0.010,0.826,0.164
298500,0.010,0.773,0.217
299000,0.010,0.797,0.193
299500,0.010,0.797,0.193
300000,0.010,0.911,0.079
300500,0.010,0.872,0.118
301000,0.010,0.873,0.117
301500,0.010,0.979,0.011
302000,0.010,0.856,0.134
302500,0.010,0.881,0.109
303000,0.010,0.634,0.356
303500,0.010,0.705,0.285
304000,0.010,0.764,0.226
304500,0.010,0.886,0.104
305000,0.010,0.889,0.101
305500,0.010,0.795,0.195
306000,0.010,0.866,0.124
306500,0.010,0.761,0.229
307000,0.010,0.838,0.152
307500,0.010,0.852,0.138
308000,0.010,0.900,0.090
308500,0.010,0.852,0.138
309000,0.010,0.840,0.150
309500,0.010,0.918,0.072
310000,0.010,0.980,0.010
310500,0.010,0.887,0.103
311000,0.010,0.827,0.163
311500,0.010,0.826,0.164
312000,0.010,0.710,0.280
312500,0.010,0.936,0.054
313000,0.010,0.981,0.009
313500,0.010,0.904,0.086
314000,0.010,0.967,0.023
314500,0.010,0.871,0.119
315000,0.010,0.896,0.094
315500,0.010,0.838,0.152
316000,0.010,0.813,0.177
316500,0.010,0.874,0.116
317000,0.010,0.949,0.041
317500,0.010,0.867,0.123
318000,0.010,0.968,0.022
318500,0.010,0.934,0.056
319000,0.010,0.965,0.025
319500,0.010,0.906,0.084
320000,0.010,0.950,0.040
320500,0.010,0.928,0.062
321000,0.010,0.833,0.157
321500,0.010,0.725,0.265
322000,0.010,0.926,0.064
322500,0.010,0.839,0.151
323000,0.010,0.882,0.108
323500,0.010,0.914,0.076
324000,0.010,0.851,0.139
324500,0.010,0.915,0.075
325000,0.010,0.905,0.085
325500,0.010,0.936,0.054
326000,0.010,0.921,0.069
326500,0.010,0.979,0.011
327000,0.010,0.968,0.022
327500,0.010,0.901,0.089
328000,0.010,0.883,0.107
328500,0.010,0.972,0.018
329000,0.010,0.893,0.097
329500,0.010,0.842,0.148
330000,0.010,0.869,0.121
330500,0.010,0.983,0.007
331000,0.010,0.984,0.006
331500,0.010,0.820,0.170
332000,0.010,0.811,0.179
332500,0.010,0.803,0.187
333000,0.010,0.957,0.033
333500,0.010,0.890,0.100
334000,0.010,0.780,0.210
334500,0.010,0.829,0.161
335000,0.010,0.780,0.210
335500,0.010,0.943,0.047
336000,0.010,0.882,0.108
336500,0.010,0.930,0.060
337000,0.010,0.945,0.045
337500,0.010,0.761,0.229
338000,0.010,0.940,0.050
338500,0.010,0.918,0.072
339000,0.010,0.956,0.034
339500,0.010,0.956,0.034
340000,0.010,0.942,0.048
340500,0.010,0.943,0.047
341000,0.010,0.985,0.005
341500,0.010,0.929,0.061
342000,0.010,0.935,0.055
342500,0.010,0.889,0.101
343000,0.010,0.896,0.094
343500,0.010,0.975,0.015
344000,0.010,0.979,0.011
344500,0.010,0.950,0.040
345000,0.010,0.898,0.092
345500,0.010,0.898,0.092
346000,0.010,0.970,0.020
346500,0.010,0.923,0.067
347000,0.010,0.829,0.161
347500,0.010,0.882,0.108
348000,0.010,0.834,0.156
348500,0.010,0.905,0.085
349000,0.010,0.885,0.105
349500,0.010,0.836,0.154
350000,0.010,0.720,0.270
350500,0.010,0.936,0.054
351000,0.010,0.701,0.289
351500,0.010,0.905,0.085
352000,0.010,0.980,0.010
352500,0.010,0.954,0.036
353000,0.010,0.979,0.011
353500,0.010,0.748,0.242
354000,0.010,0.925,0.065
354500,0.010,0.893,0.097
355000,0.010,0.852,0.138
355500,0.010,0.878,0.112
356000,0.010,0.972,0.018
356500,0.010,0.943,0.047
357000,0.010,0.971,0.019
357500,0.010,0.990,0.000
358000,0.010,0.935,0.055
358500,0.010,0.854,0.136
359000,0.010,0.793,0.197
359500,0.010,0.962,0.028
360000,0.010,0.869,0.121
360500,0.010,0.734,0.256
361000,0.010,0.764,0.226
361500,0.010,0.816,0.174
362000,0.010,0.947,0.043
362500,0.010,0.828,0.162
363000,0.010,0.867,0.123
363500,0.010,0.956,0.034
364000,0.010,0.912,0.078
364500,0.010,0.972,0.018
365000,0.010,0.862,0.128
365500,0.010,0.880,0.110
366000,0.010,0.909,0.081
366500,0.010,0.863,0.127
367000,0.010,0.784,0.206
367500,0.010,0.843,0.147
368000,0.010,0.984,0.006
368500,0.010,0.943,0.047
369000,0.010,0.911,0.079
369500,0.010,0.899,0.091
370000,0.010,0.974,0.016
370500,0.010,0.986,0.004
371000,0.010,0.941,0.049
371500,0.010,0.956,0.034
372000,0.010,0.956,0.034
372500,0.010,0.836,0.154
373000,0.010,0.896,0.094
373500,0.010,0.870,0.120
374000,0.010,0.899,0.091
374500,0.010,0.909,0.081
375000,0.010,0.884,0.106
375500,0.010,0.962,0.028
376000,0.010,0.943,0.047
376500,0.010,0.962,0.028
377000,0.010,0.927,0.063
377500,0.010,0.841,0.149
378000,0.010,0.766,0.224
378500,0.010,0.892,0.098
379000,0.010,0.967,0.023
379500,0.010,0.789,0.201
380000,0.010,0.828,0.162
380500,0.010,0.959,0.031
381000,0.010,0.936,0.054
381500,0.010,0.901,0.089
382000,0.010,0.923,0.067
382500,0.010,0.944,0.046
383000,0.010,0.734,0.256
383500,0.010,0.779,0.211
384000,0.010,0.795,0.195
384500,0.010,0.871,0.119
385000,0.010,0.837,0.153
385500,0.010,0.916,0.074
386000,0.010,0.947,0.043
386500,0.010,0.927,0.063
387000,0.010,0.943,0.047
387500,0.010,0.902,0.088
388000,0.010,0.971,0.019
388500,0.010,0.815,0.175
389000,0.010,0.827,0.163
389500,0.010,0.806,0.184
390000,0.010,0.965,0.025
390500,0.010,0.981,0.009
391000,0.010,0.820,0.170
391500,0.010,0.969,0.021
392000,0.010,0.944,0.046
392500,0.010,0.894,0.096
393000,0.010,0.879,0.111
393500,0.010,0.981,0.009
394000,0.010,0.867,0.123
394500,0.010,0.969,0.021
395000,0.010,0.972,0.018
395500,0.010,0.927,0.063
396000,0.010,0.916,0.074
396500,0.010,0.841,0.149
397000,0.010,0.807,0.183
397500,0.010,0.985,0.005
398000,0.010,0.907,0.083
398500,0.010,0.924,0.066
399000,0.010,0.886,0.104
399500,0.010,0.882,0.108
400000,0.010,0.895,0.095
400500,0.010,0.844,0.146
401000,0.010,0.981,0.009
401500,0.010,0.941,0.049
402000,0.010,0.929,0.061
402500,0.010,0.947,0.043
403000,0.010,0.839,0.151
403500,0.010,0.895,0.095
404000,0.010,0.969,0.021
404500,0.010,0.951,0.039
405000,0.010,0.967,0.023
405500,0.010,0.911,0.079
406000,0.010,0.960,0.030
406500,0.010,0.943,0.047
407000,0.010,0.901,0.089
407500,0.010,0.941,0.049
408000,0.010,0.942,0.048
408500,0.010,0.794,0.196
409000,0.010,0.824,0.166
409500,0.010,0.773,0.217
410000,0.010,0.877,0.113
410500,0.010,0.941,0.049
411000,0.010,0.954,0.036
411500,0.010,0.942,0.048
412000,0.010,0.868,0.122
412500,0.010,0.939,0.051
413000,0.010,0.929,0.061
413500,0.010,0.945,0.045
414000,0.010,0.933,0.057
414500,0.010,0.908,0.082
415000,0.010,0.947,0.043
415500,0.010,0.869,0.121
416000,0.010,0.898,0.092
416500,0.010,0.925,0.065
417000,0.010,0.932,0.058
417500,0.010,0.935,0.055
418000,0.010,0.974,0.016
418500,0.010,0.941,0.049
419000,0.010,0.948,0.042
419500,0.010,0.884,0.106
420000,0.010,0.878,0.112
420500,0.010,0.873,0.117
421000,0.010,0.905,0.085
421500,0.010,0.868,0.122
422000,0.010,0.921,0.069
422500,0.010,0.894,0.096
423000,0.010,0.967,0.023
423500,0.010,0.845,0.145
424000,0.010,0.932,0.058
424500,0.010,0.815,0.175
425000,0.010,0.843,0.147
425500,0.010,0.831,0.159
426000,0.010,0.936,0.054
426500,0.010,0.887,0.103
427000,0.010,0.859,0.131
427500,0.010,0.907,0.083
428000,0.010,0.896,0.094
428500,0.010,0.829,0.161
429000,0.010,0.736,0.254
429500,0.010,0.768,0.222
430000,0.010,0.889,0.101
430500,0.010,0.819,0.171
431000,0.010,0.885,0.105
431500,0.010,0.852,0.138
432000,0.010,0.814,0.176
432500,0.010,0.800,0.190
433000,0.010,0.887,0.103
433500,0.010,0.940,0.050
434000,0.010,0.878,0.112
434500,0.010,0.946,0.044
435000,0.010,0.962,0.028
435500,0.010,0.804,0.186
436000,0.010,0.931,0.059
436500,0.010,0.976,0.014
437000,0.010,0.892,0.098
437500,0.010,0.850,0.140
438000,0.010,0.875,0.115
438500,0.010,0.964,0.026
439000,0.010,0.875,0.115
439500,0.010,0.783,0.207
440000,0.010,0.833,0.157
440500,0.010,0.915,0.075
441000,0.010,0.929,0.061
441500,0.010,0.895,0.095
442000,0.010,0.941,0.049
442500,0.010,0.914,0.076
443000,0.010,0.874,0.116
443500,0.010,0.926,0.064
444000,0.010,0.938,0.052
444500,0.010,0.959,0.031
445000,0.010,0.927,0.063
445500,0.010,0.911,0.079
446000,0.010,0.901,0.089
446500,0.010,0.636,0.354
447000,0.010,0.728,0.262
447500,0.010,0.771,0.219
448000,0.010,0.684,0.306
448500,0.010,0.868,0.122
449000,0.010,0.904,0.086
449500,0.010,0.920,0.070
450000,0.010,0.939,0.051
450500,0.010,0.804,0.186
451000,0.010,0.680,0.310
451500,0.010,0.822,0.168
452000,0.010,0.861,0.129
452500,0.010,0.990,0.000
453000,0.010,0.947,0.043
453500,0.010,0.902,0.088
454000,0.010,0.909,0.081
454500,0.010,0.844,0.146
455000,0.010,0.860,0.130
455500,0.010,0.754,0.236
456000,0.010,0.949,0.041
456500,0.010,0.866,0.124
457000,0.010,0.823,0.167
457500,0.010,0.937,0.053
458000,0.010,0.971,0.019
458500,0.010,0.976,0.014
459000,0.010,0.935,0.055
459500,0.010,0.943,0.047
460000,0.010,0.849,0.141
460500,0.010,0.889,0.101
461000,0.010,0.696,0.294
461500,0.010,0.947,0.043
462000,0.010,0.926,0.064
462500,0.010,0.961,0.029
463000,0.010,0.859,0.131
463500,0.010,0.709,0.281
464000,0.010,0.714,0.276
464500,0.010,0.822,0.168
465000,0.010,0.690,0.300
465500,0.010,0.935,0.055
466000,0.010,0.917,0.073
466500,0.010,0.912,0.078
467000,0.010,0.949,0.041
467500,0.010,0.862,0.128
468000,0.010,0.868,0.122
468500,0.010,0.635,0.355
469000,0.010,0.909,0.081
469500,0.010,0.961,0.029
470000,0.010,0.873,0.117
470500,0.010,0.888,0.102
471000,0.010,0.855,0.135
471500,0.010,0.811,0.179
472000,0.010,0.765,0.225
472500,0.010,0.804,0.186
473000,0.010,0.782,0.208
473500,0.010,0.979,0.011
474000,0.010,0.831,0.159
474500,0.010,0.771,0.219
475000,0.010,0.805,0.185
475500,0.010,0.877,0.113
476000,0.010,0.972,0.018
476500,0.010,0.904,0.086
477000,0.010,0.776,0.214
477500,0.010,0.858,0.132
478000,0.010,0.921,0.069
478500,0.010,0.860,0.130
479000,0.010,0.934,0.056
479500,0.010,0.837,0.153
480000,0.010,0.837,0.153
480500,0.010,0.901,0.089
481000,0.010,0.891,0.099
481500,0.010,0.922,0.068
482000,0.010,0.788,0.202
482500,0.010,0.863,0.127
483000,0.010,0.812,0.178
483500,0.010,0.938,0.052
484000,0.010,0.912,0.078
484500,0.010,0.931,0.059
485000,0.010,0.932,0.058
485500,0.010,0.916,0.074
486000,0.010,0.780,0.210
486500,0.010,0.910,0.080
487000,0.010,0.921,0.069
487500,0.010,0.897,0.093
488000,0.010,0.884,0.106
488500,0.010,0.931,0.059
489000,0.010,0.907,0.083
489500,0.010,0.942,0.048
490000,0.010,0.939,0.051
490500,0.010,0.881,0.109
491000,0.010,0.921,0.069
491500,0.010,0.945,0.045
492000,0.010,0.958,0.032
492500,0.010,0.953,0.037
493000,0.010,0.984,0.006
493500,0.010,0.890,0.100
494000,0.010,0.718,0.272
494500,0.010,0.921,0.069
495000,0.010,0.890,0.100
495500,0.010,0.877,0.113
496000,0.010,0.877,0.113
496500,0.010,0.946,0.044
497000,0.010,0.973,0.017
497500,0.010,0.918,0.072
498000,0.010,0.876,0.114
498500,0.010,0.847,0.143
499000,0.010,0.966,0.024
499500,0.010,0.896,0.094
500000,0.010,0.865,0.125
500500,0.010,0.933,0.057
501000,0.010,0.772,0.218
501500,0.010,0.893,0.097
502000,0.010,0.888,0.102
502500,0.010,0.949,0.041
503000,0.010,0.849,0.141
503500,0.010,0.909,0.081
504000,0.010,0.838,0.152
504500,0.010,0.904,0.086
505000,0.010,0.939,0.051
505500,0.010,0.925,0.065
506000,0.010,0.845,0.145
506500,0.010,0.861,0.129
507000,0.010,0.900,0.090
507500,0.010,0.967,0.023
508000,0.010,0.947,0.043
508500,0.010,0.964,0.026
509000,0.010,0.983,0.007
509500,0.010,0.936,0.054
510000,0.010,0.926,0.064
510500,0.010,0.958,0.032
511000,0.010,0.849,0.141
511500,0.010,0.868,0.122
512000,0.010,0.990,0.000
512500,0.010,0.943,0.047
513000,0.010,0.967,0.023
513500,0.010,0.888,0.102
514000,0.010,0.941,0.049
514500,0.010,0.965,0.025
515000,0.010,0.930,0.060
515500,0.010,0.940,0.050
516000,0.010,0.937,0.053
516500,0.010,0.970,0.020
517000,0.010,0.950,0.040
517500,0.010,0.924,0.066
518000,0.010,0.876,0.114
518500,0.010,0.889,0.101
519000,0.010,0.950,0.040
519500,0.010,0.862,0.128
520000,0.010,0.860,0.130
520500,0.010,0.730,0.260
521000,0.010,0.889,0.101
521500,0.010,0.853,0.137
522000,0.010,0.837,0.153
522500,0.010,0.834,0.156
523000,0.010,0.861,0.129
523500,0.010,0.855,0.135
524000,0.010,0.972,0.018
524500,0.010,0.789,0.201
525000,0.010,0.912,0.078
525500,0.010,0.774,0.216
526000,0.010,0.948,0.042
526500,0.010,0.819,0.171
527000,0.010,0.840,0.150
527500,0.010,0.828,0.162
528000,0.010,0.879,0.111
528500,0.010,0.862,0.128
529000,0.010,0.869,0.121
529500,0.010,0.930,0.060
530000,0.010,0.830,0.160
530500,0.010,0.855,0.135
531000,0.010,0.827,0.163
531500,0.010,0.796,0.194
532000,0.010,0.936,0.054
532500,0.010,0.941,0.049
533000,0.010,0.963,0.027
533500,0.010,0.840,0.150
534000,0.010,0.989,0.001
534500,0.010,0.959,0.031
535000,0.010,0.988,0.002
535500,0.010,0.933,0.057
536000,0.010,0.950,0.040
536500,0.010,0.890,0.100
537000,0.010,0.985,0.005
537500,0.010,0.868,0.122
538000,0.010,0.924,0.066
538500,0.010,0.945,0.045
539000,0.010,0.849,0.141
539500,0.010,0.895,0.095
540000,0.010,0.857,0.133
540500,0.010,0.831,0.159
541000,0.010,0.905,0.085
541500,0.010,0.907,0.083
542000,0.010,0.755,0.235
542500,0.010,0.934,0.056
543000,0.010,0.827,0.163
543500,0.010,0.890,0.100
544000,0.010,0.946,0.044
544500,0.010,0.908,0.082
545000,0.010,0.923,0.067
545500,0.010,0.847,0.143
546000,0.010,0.962,0.028
546500,0.010,0.966,0.024
547000,0.010,0.935,0.055
547500,0.010,0.775,0.215
548000,0.010,0.840,0.150
548500,0.010,0.948,0.042
549000,0.010,0.957,0.033
549500,0.010,0.870,0.120
550000,0.010,0.866,0.124
550500,0.010,0.958,0.032
551000,0.010,0.978,0.012
551500,0.010,0.936,0.054
552000,0.010,0.989,0.001
552500,0.010,0.812,0.178
553000,0.010,0.891,0.099
553500,0.010,0.903,0.087
554000,0.010,0.833,0.157
554500,0.010,0.732,0.258
555000,0.010,0.828,0.162
555500,0.010,0.894,0.096
556000,0.010,0.785,0.205
556500,0.010,0.859,0.131
557000,0.010,0.892,0.098
557500,0.010,0.955,0.035
558000,0.010,0.921,0.069
558500,0.010,0.912,0.078
559000,0.010,0.922,0.068
559500,0.010,0.895,0.095
560000,0.010,0.938,0.052
560500,0.010,0.943,0.047
561000,0.010,0.889,0.101
561500,0.010,0.894,0.096
562000,0.010,0.919,0.071
562500,0.010,0.899,0.091
563000,0.010,0.936,0.054
563500,0.010,0.960,0.030
564000,0.010,0.863,0.127
564500,0.010,0.965,0.025
565000,0.010,0.983,0.007
565500,0.010,0.944,0.046
566000,0.010,0.915,0.075
566500,0.010,0.844,0.146
567000,0.010,0.761,0.229
567500,0.010,0.855,0.135
568000,0.010,0.959,0.031
568500,0.010,0.866,0.124
569000,0.010,0.688,0.302
569500,0.010,0.750,0.240
570000,0.010,0.856,0.134
570500,0.010,0.984,0.006
571000,0.010,0.990,0.000
571500,0.010,0.868,0.122
572000,0.010,0.936,0.054
572500,0.010,0.934,0.056
573000,0.010,0.970,0.020
573500,0.010,0.886,0.104
574000,0.010,0.909,0.081
574500,0.010,0.974,0.016
575000,0.010,0.935,0.055
575500,0.010,0.943,0.047
576000,0.010,0.856,0.134
576500,0.010,0.877,0.113
577000,0.010,0.948,0.042
577500,0.010,0.781,0.209
578000,0.010,0.742,0.248
578500,0.010,0.744,0.246
579000,0.010,0.779,0.211
579500,0.010,0.896,0.094
580000,0.010,0.937,0.053
580500,0.010,0.957,0.033
581000,0.010,0.769,0.221
581500,0.010,0.950,0.040
582000,0.010,0.939,0.051
582500,0.010,0.891,0.099
583000,0.010,0.887,0.103
583500,0.010,0.799,0.191
584000,0.010,0.769,0.221
584500,0.010,0.839,0.151
585000,0.010,0.926,0.064
585500,0.010,0.956,0.034
586000,0.010,0.989,0.001
586500,0.010,0.873,0.117
587000,0.010,0.808,0.182
587500,0.010,0.963,0.027
588000,0.010,0.930,0.060
588500,0.010,0.896,0.094
589000,0.010,0.885,0.105
589500,0.010,0.939,0.051
590000,0.010,0.982,0.008
590500,0.010,0.988,0.002
591000,0.010,0.929,0.061
591500,0.010,0.969,0.021
592000,0.010,0.811,0.179
592500,0.010,0.973,0.017
593000,0.010,0.798,0.192
593500,0.010,0.887,0.103
594000,0.010,0.851,0.139
594500,0.010,0.828,0.162
595000,0.010,0.934,0.056
595500,0.010,0.980,0.010
596000,0.010,0.972,0.018
596500,0.010,0.922,0.068
597000,0.010,0.893,0.097
597500,0.010,0.925,0.065
598000,0.010,0.982,0.008
598500,0.010,0.823,0.167
599000,0.010,0.869,0.121
599500,0.010,0.959,0.031
600000,0.010,0.951,0.039
600500,0.010,0.912,0.078
601000,0.010,0.958,0.032
601500,0.010,0.799,0.191
602000,0.010,0.675,0.315
602500,0.010,0.898,0.092
603000,0.010,0.946,0.044
603500,0.010,0.876,0.114
604000,0.010,0.860,0.130
604500,0.010,0.919,0.071
605000,0.010,0.851,0.139
605500,0.010,0.907,0.083
606000,0.010,0.927,0.063
606500,0.010,0.895,0.095
607000,0.010,0.948,0.042
607500,0.010,0.934,0.056
608000,0.010,0.878,0.112
608500,0.010,0.886,0.104
609000,0.010,0.817,0.173
609500,0.010,0.951,0.039
610000,0.010,0.926,0.064
610500,0.010,0.870,0.120
611000,0.010,0.910,0.080
611500,0.010,0.859,0.131
612000,0.010,0.893,0.097
612500,0.010,0.882,0.108
613000,0.010,0.859,0.131
613500,0.010,0.895,0.095
614000,0.010,0.863,0.127
614500,0.010,0.938,0.052
615000,0.010,0.915,0.075
615500,0.010,0.849,0.141
616000,0.010,0.874,0.116
616500,0.010,0.869,0.121
617000,0.010,0.928,0.062
617500,0.010,0.905,0.085
618000,0.010,0.979,0.011
618500,0.010,0.795,0.195
619000,0.010,0.860,0.130
619500,0.010,0.785,0.205
620000,0.010,0.868,0.122
620500,0.010,0.962,0.028
621000,0.010,0.878,0.112
621500,0.010,0.874,0.116
622000,0.010,0.944,0.046
622500,0.010,0.963,0.027
623000,0.010,0.896,0.094
623500,0.010,0.874,0.116
624000,0.010,0.957,0.033
624500,0.010,0.902,0.088
625000,0.010,0.965,0.025
625500,0.010,0.950,0.040
626000,0.010,0.962,0.028
626500,0.010,0.989,0.001
627000,0.010,0.983,0.007
627500,0.010,0.889,0.101
628000,0.010,0.945,0.045
628500,0.010,0.786,0.204
629000,0.010,0.884,0.106
629500,0.010,0.819,0.171
630000,0.010,0.861,0.129
630500,0.010,0.896,0.094
631000,0.010,0.986,0.004
631500,0.010,0.917,0.073
632000,0.010,0.869,0.121
632500,0.010,0.951,0.039
633000,0.010,0.907,0.083
633500,0.010,0.989,0.001
634000,0.010,0.935,0.055
634500,0.010,0.966,0.024
635000,0.010,0.922,0.068
635500,0.010,0.959,0.031
636000,0.010,0.990,0.000
636500,0.010,0.816,0.174
637000,0.010,0.965,0.025
637500,0.010,0.928,0.062
638000,0.010,0.897,0.093
638500,0.010,0.906,0.084
639000,0.010,0.877,0.113
639500,0.010,0.930,0.060
640000,0.010,0.822,0.168
640500,0.010,0.847,0.143
641000,0.010,0.916,0.074
641500,0.010,0.745,0.245
642000,0.010,0.668,0.322
642500,0.010,0.879,0.111
643000,0.010,0.948,0.042
643500,0.010,0.898,0.092
644000,0.010,0.908,0.082
644500,0.010,0.978,0.012
645000,0.010,0.987,0.003
645500,0.010,0.981,0.009
646000,0.010,0.985,0.005
646500,0.010,0.903,0.087
647000,0.010,0.945,0.045
647500,0.010,0.984,0.006
648000,0.010,0.875,0.115
648500,0.010,0.917,0.073
649000,0.010,0.914,0.076
649500,0.010,0.864,0.126
650000,0.010,0.729,0.261
650500,0.010,0.865,0.125
651000,0.010,0.737,0.253
651500,0.010,0.833,0.157
652000,0.010,0.935,0.055
652500,0.010,0.912,0.078
653000,0.010,0.886,0.104
653500,0.010,0.918,0.072
654000,0.010,0.915,0.075
654500,0.010,0.947,0.043
655000,0.010,0.861,0.129
655500,0.010,0.968,0.022
656000,0.010,0.963,0.027
656500,0.010,0.959,0.031
657000,0.010,0.963,0.027
657500,0.010,0.903,0.087
658000,0.010,0.971,0.019
658500,0.010,0.903,0.087
659000,0.010,0.937,0.053
659500,0.010,0.937,0.053
660000,0.010,0.888,0.102
660500,0.010,0.850,0.140
661000,0.010,0.757,0.233
661500,0.010,0.707,0.283
662000,0.010,0.926,0.064
662500,0.010,0.967,0.023
663000,0.010,0.956,0.034
663500,0.010,0.967,0.023
664000,0.010,0.802,0.188
664500,0.010,0.851,0.139
665000,0.010,0.763,0.227
665500,0.010,0.887,0.103
666000,0.010,0.859,0.131
666500,0.010,0.935,0.055
667000,0.010,0.907,0.083
667500,0.010,0.802,0.188
668000,0.010,0.892,0.098
668500,0.010,0.876,0.114
669000,0.010,0.732,0.258
669500,0.010,0.746,0.244
670000,0.010,0.928,0.062
670500,0.010,0.983,0.007
671000,0.010,0.932,0.058
671500,0.010,0.927,0.063
672000,0.010,0.881,0.109
672500,0.010,0.964,0.026
673000,0.010,0.845,0.145
673500,0.010,0.863,0.127
674000,0.010,0.884,0.106
674500,0.010,0.918,0.072
675000,0.010,0.866,0.124
675500,0.010,0.978,0.012
676000,0.010,0.877,0.113
676500,0.010,0.911,0.079
677000,0.010,0.795,0.195
677500,0.010,0.955,0.035
678000,0.010,0.931,0.059
678500,0.010,0.947,0.043
679000,0.010,0.949,0.041
679500,0.010,0.990,0.000
680000,0.010,0.931,0.059
680500,0.010,0.897,0.093
681000,0.010,0.850,0.140
681500,0.010,0.897,0.093
682000,0.010,0.911,0.079
682500,0.010,0.941,0.049
683000,0.010,0.948,0.042
683500,0.010,0.973,0.017
684000,0.010,0.807,0.183
684500,0.010,0.900,0.090
685000,0.010,0.866,0.124
685500,0.010,0.915,0.075
686000,0.010,0.913,0.077
686500,0.010,0.835,0.155
687000,0.010,0.952,0.038
687500,0.010,0.841,0.149
688000,0.010,0.882,0.108
688500,0.010,0.902,0.088
689000,0.010,0.926,0.064
689500,0.010,0.858,0.132
690000,0.010,0.789,0.201
690500,0.010,0.906,0.084
691000,0.010,0.897,0.093
691500,0.010,0.933,0.057
692000,0.010,0.883,0.107
692500,0.010,0.898,0.092
693000,0.010,0.928,0.062
693500,0.010,0.881,0.109
694000,0.010,0.835,0.155
694500,0.010,0.792,0.198
695000,0.010,0.933,0.057
695500,0.010,0.957,0.033
696000,0.010,0.937,0.053
696500,0.010,0.969,0.021
697000,0.010,0.823,0.167
697500,0.010,0.798,0.192
698000,0.010,0.927,0.063
698500,0.010,0.950,0.040
699000,0.010,0.906,0.084
699500,0.010,0.817,0.173
700000,0.010,0.864,0.126
700500,0.010,0.989,0.001
701000,0.010,0.884,0.106
701500,0.010,0.899,0.091
702000,0.010,0.904,0.086
702500,0.010,0.880,0.110
703000,0.010,0.875,0.115
703500,0.010,0.630,0.360
704000,0.010,0.739,0.251
704500,0.010,0.754,0.236
705000,0.010,0.913,0.077
705500,0.010,0.910,0.080
706000,0.010,0.950,0.040
706500,0.010,0.893,0.097
707000,0.010,0.970,0.020
707500,0.010,0.924,0.066
708000,0.010,0.791,0.199
708500,0.010,0.923,0.067
709000,0.010,0.880,0.110
709500,0.010,0.783,0.207
710000,0.010,0.911,0.079
710500,0.010,0.946,0.044
711000,0.010,0.862,0.128
711500,0.010,0.791,0.199
712000,0.010,0.787,0.203
712500,0.010,0.761,0.229
713000,0.010,0.824,0.166
713500,0.010,0.913,0.077
714000,0.010,0.900,0.090
714500,0.010,0.965,0.025
715000,0.010,0.798,0.192
715500,0.010,0.918,0.072
716000,0.010,0.819,0.171
716500,0.010,0.959,0.031
717000,0.010,0.922,0.068
717500,0.010,0.893,0.097
718000,0.010,0.887,0.103
718500,0.010,0.785,0.205
719000,0.010,0.846,0.144
719500,0.010,0.843,0.147
720000,0.010,0.934,0.056
720500,0.010,0.960,0.030
721000,0.010,0.982,0.008
721500,0.010,0.914,0.076
722000,0.010,0.962,0.028
722500,0.010,0.863,0.127
723000,0.010,0.700,0.290
723500,0.010,0.882,0.108
724000,0.010,0.883,0.107
724500,0.010,0.947,0.043
725000,0.010,0.860,0.130
725500,0.010,0.947,0.043
726000,0.010,0.928,0.062
726500,0.010,0.927,0.063
727000,0.010,0.719,0.271
727500,0.010,0.862,0.128
728000,0.010,0.810,0.180
728500,0.010,0.913,0.077
729000,0.010,0.930,0.060
729500,0.010,0.950,0.040
730000,0.010,0.820,0.170
730500,0.010,0.937,0.053
731000,0.010,0.887,0.103
731500,0.010,0.864,0.126
732000,0.010,0.969,0.021
732500,0.010,0.947,0.043
733000,0.010,0.914,0.076
733500,0.010,0.901,0.089
734000,0.010,0.879,0.111
734500,0.010,0.801,0.189
735000,0.010,0.920,0.070
735500,0.010,0.953,0.037
736000,0.010,0.798,0.192
736500,0.010,0.959,0.031
737000,0.010,0.706,0.284
737500,0.010,0.790,0.200
738000,0.010,0.900,0.090
738500,0.010,0.969,0.021
739000,0.010,0.878,0.112
739500,0.010,0.896,0.094
740000,0.010,0.794,0.196
740500,0.010,0.840,0.150
741000,0.010,0.819,0.171
741500,0.010,0.898,0.092
742000,0.010,0.970,0.020
742500,0.010,0.988,0.002
743000,0.010,0.976,0.014
743500,0.010,0.919,0.071
744000,0.010,0.916,0.074
744500,0.010,0.928,0.062
745000,0.010,0.935,0.055
745500,0.010,0.898,0.092
746000,0.010,0.903,0.087
746500,0.010,0.877,0.113
747000,0.010,0.989,0.001
747500,0.010,0.929,0.061
748000,0.010,0.827,0.163
748500,0.010,0.852,0.138
749000,0.010,0.930,0.060
749500,0.010,0.903,0.087
750000,0.010,0.799,0.191
750500,0.010,0.784,0.206
751000,0.010,0.849,0.141
751500,0.010,0.750,0.240
752000,0.010,0.897,0.093
752500,0.010,0.866,0.124
753000,0.010,0.957,0.033
753500,0.010,0.843,0.147
754000,0.010,0.856,0.134
754500,0.010,0.835,0.155
755000,0.010,0.871,0.119
755500,0.010,0.939,0.051
756000,0.010,0.930,0.060
756500,0.010,0.911,0.079
757000,0.010,0.974,0.016
757500,0.010,0.809,0.181
758000,0.010,0.751,0.239
758500,0.010,0.867,0.123
759000,0.010,0.896,0.094
759500,0.010,0.868,0.122
760000,0.010,0.795,0.195
760500,0.010,0.871,0.119
761000,0.010,0.852,0.138
761500,0.010,0.908,0.082
762000,0.010,0.952,0.038
762500,0.010,0.913,0.077
763000,0.010,0.949,0.041
763500,0.010,0.837,0.153
764000,0.010,0.840,0.150
764500,0.010,0.898,0.092
765000,0.010,0.886,0.104
765500,0.010,0.912,0.078
766000,0.010,0.937,0.053
766500,0.010,0.938,0.052
767000,0.010,0.960,0.030
767500,0.010,0.898,0.092
768000,0.010,0.829,0.161
768500,0.010,0.903,0.087
769000,0.010,0.821,0.169
769500,0.010,0.882,0.108
770000,0.010,0.908,0.082
770500,0.010,0.917,0.073
771000,0.010,0.906,0.084
771500,0.010,0.977,0.013
772000,0.010,0.978,0.012
772500,0.010,0.975,0.015
773000,0.010,0.965,0.025
773500,0.010,0.834,0.156
774000,0.010,0.914,0.076
774500,0.010,0.767,0.223
775000,0.010,0.886,0.104
775500,0.010,0.914,0.076
776000,0.010,0.931,0.059
776500,0.010,0.960,0.030
777000,0.010,0.947,0.043
777500,0.010,0.850,0.140
778000,0.010,0.830,0.160
778500,0.010,0.967,0.023
779000,0.010,0.988,0.002
779500,0.010,0.860,0.130
780000,0.010,0.866,0.124
780500,0.010,0.821,0.169
781000,0.010,0.914,0.076
781500,0.010,0.974,0.016
782000,0.010,0.931,0.059
782500,0.010,0.886,0.104
783000,0.010,0.883,0.107
783500,0.010,0.792,0.198
784000,0.010,0.903,0.087
784500,0.010,0.925,0.065
785000,0.010,0.945,0.045
785500,0.010,0.975,0.015
786000,0.010,0.862,0.128
786500,0.010,0.785,0.205
787000,0.010,0.956,0.034
787500,0.010,0.933,0.057
788000,0.010,0.940,0.050
788500,0.010,0.895,0.095
789000,0.010,0.914,0.076
789500,0.010,0.872,0.118
790000,0.010,0.942,0.048
790500,0.010,0.771,0.219
791000,0.010,0.843,0.147
791500,0.010,0.872,0.118
792000,0.010,0.920,0.070
792500,0.010,0.929,0.061
793000,0.010,0.918,0.072
793500,0.010,0.889,0.101
794000,0.010,0.952,0.038
794500,0.010,0.957,0.033
795000,0.010,0.940,0.050
795500,0.010,0.928,0.062
796000,0.010,0.942,0.048
796500,0.010,0.957,0.033
797000,0.010,0.836,0.154
797500,0.010,0.951,0.039
798000,0.010,0.850,0.140
798500,0.010,0.916,0.074
799000,0.010,0.824,0.166
799500,0.010,0.969,0.021
800000,0.010,0.981,0.009
800500,0.010,0.964,0.026
801000,0.010,0.938,0.052
801500,0.010,0.934,0.056
802000,0.010,0.936,0.054
802500,0.010,0.990,0.000
803000,0.010,0.945,0.045
803500,0.010,0.824,0.166
804000,0.010,0.954,0.036
804500,0.010,0.945,0.045
805000,0.010,0.962,0.028
805500,0.010,0.823,0.167
806000,0.010,0.885,0.105
806500,0.010,0.880,0.110
807000,0.010,0.901,0.089
807500,0.010,0.893,0.097
808000,0.010,0.836,0.154
808500,0.010,0.922,0.068
809000,0.010,0.962,0.028
809500,0.010,0.884,0.106
810000,0.010,0.813,0.177
810500,0.010,0.967,0.023
811000,0.010,0.863,0.127
811500,0.010,0.904,0.086
812000,0.010,0.912,0.078
812500,0.010,0.896,0.094
813000,0.010,0.881,0.109
813500,0.010,0.965,0.025
814000,0.010,0.912,0.078
814500,0.010,0.967,0.023
815000,0.010,0.910,0.080
815500,0.010,0.805,0.185
816000,0.010,0.955,0.035
816500,0.010,0.862,0.128
817000,0.010,0.922,0.068
817500,0.010,0.958,0.032
818000,0.010,0.945,0.045
818500,0.010,0.971,0.019
819000,0.010,0.969,0.021
819500,0.010,0.870,0.120
820000,0.010,0.703,0.287
820500,0.010,0.882,0.108
821000,0.010,0.886,0.104
821500,0.010,0.888,0.102
822000,0.010,0.875,0.115
822500,0.010,0.941,0.049
823000,0.010,0.914,0.076
823500,0.010,0.983,0.007
824000,0.010,0.964,0.026
824500,0.010,0.925,0.065
825000,0.010,0.917,0.073
825500,0.010,0.877,0.113
826000,0.010,0.826,0.164
826500,0.010,0.816,0.174
827000,0.010,0.837,0.153
827500,0.010,0.936,0.054
828000,0.010,0.956,0.034
828500,0.010,0.925,0.065
829000,0.010,0.904,0.086
829500,0.010,0.944,0.046
830000,0.010,0.936,0.054
830500,0.010,0.921,0.069
831000,0.010,0.922,0.068
831500,0.010,0.887,0.103
832000,0.010,0.893,0.097
832500,0.010,0.820,0.170
833000,0.010,0.843,0.147
833500,0.010,0.865,0.125
834000,0.010,0.900,0.090
834500,0.010,0.835,0.155
835000,0.010,0.893,0.097
835500,0.010,0.937,0.053
836000,0.010,0.963,0.027
836500,0.010,0.884,0.106
837000,0.010,0.877,0.113
837500,0.010,0.923,0.067
838000,0.010,0.929,0.061
838500,0.010,0.936,0.054
839000,0.010,0.784,0.206
839500,0.010,0.731,0.259
840000,0.010,0.962,0.028
840500,0.010,0.962,0.028
841000,0.010,0.969,0.021
841500,0.010,0.923,0.067
842000,0.010,0.915,0.075
842500,0.010,0.902,0.088
843000,0.010,0.931,0.059
843500,0.010,0.757,0.233
844000,0.010,0.936,0.054
844500,0.010,0.954,0.036
845000,0.010,0.863,0.127
845500,0.010,0.791,0.199
846000,0.010,0.927,0.063
846500,0.010,0.964,0.026
847000,0.010,0.863,0.127
847500,0.010,0.935,0.055
848000,0.010,0.959,0.031
848500,0.010,0.945,0.045
849000,0.010,0.901,0.089
849500,0.010,0.891,0.099
850000,0.010,0.787,0.203
850500,0.010,0.887,0.103
851000,0.010,0.876,0.114
851500,0.010,0.854,0.136
852000,0.010,0.877,0.113
852500,0.010,0.912,0.078
853000,0.010,0.875,0.115
853500,0.010,0.936,0.054
854000,0.010,0.961,0.029
854500,0.010,0.948,0.042
855000,0.010,0.924,0.066
855500,0.010,0.917,0.073
856000,0.010,0.803,0.187
856500,0.010,0.890,0.100
857000,0.010,0.780,0.210
857500,0.010,0.669,0.321
858000,0.010,0.939,0.051
858500,0.010,0.924,0.066
859000,0.010,0.903,0.087
859500,0.010,0.842,0.148
860000,0.010,0.944,0.046
860500,0.010,0.934,0.056
861000,0.010,0.838,0.152
861500,0.010,0.856,0.134
862000,0.010,0.811,0.179
862500,0.010,0.895,0.095
863000,0.010,0.963,0.027
863500,0.010,0.857,0.133
864000,0.010,0.950,0.040
864500,0.010,0.900,0.090
865000,0.010,0.909,0.081
865500,0.010,0.942,0.048
866000,0.010,0.800,0.190
866500,0.010,0.956,0.034
867000,0.010,0.969,0.021
867500,0.010,0.940,0.050
868000,0.010,0.939,0.051
868500,0.010,0.952,0.038
869000,0.010,0.956,0.034
869500,0.010,0.963,0.027
870000,0.010,0.966,0.024
870500,0.010,0.929,0.061
871000,0.010,0.778,0.212
871500,0.010,0.761,0.229
872000,0.010,0.818,0.172
872500,0.010,0.860,0.130
873000,0.010,0.873,0.117
873500,0.010,0.873,0.117
874000,0.010,0.966,0.024
874500,0.010,0.937,0.053
875000,0.010,0.890,0.100
875500,0.010,0.832,0.158
876000,0.010,0.860,0.130
876500,0.010,0.877,0.113
877000,0.010,0.881,0.109
877500,0.010,0.956,0.034
878000,0.010,0.891,0.099
878500,0.010,0.904,0.086
879000,0.010,0.965,0.025
879500,0.010,0.968,0.022
880000,0.010,0.888,0.102
880500,0.010,0.893,0.097
881000,0.010,0.883,0.107
881500,0.010,0.819,0.171
882000,0.010,0.772,0.218
882500,0.010,0.867,0.123
883000,0.010,0.853,0.137
883500,0.010,0.968,0.022
884000,0.010,0.971,0.019
884500,0.010,0.946,0.044
885000,0.010,0.893,0.097
885500,0.010,0.911,0.079
886000,0.010,0.950,0.040
886500,0.010,0.924,0.066
887000,0.010,0.889,0.101
887500,0.010,0.921,0.069
888000,0.010,0.845,0.145
888500,0.010,0.731,0.259
889000,0.010,0.844,0.146
889500,0.010,0.894,0.096
890000,0.010,0.949,0.041
890500,0.010,0.821,0.169
891000,0.010,0.753,0.237
891500,0.010,0.904,0.086
892000,0.010,0.915,0.075
892500,0.010,0.945,0.045
893000,0.010,0.884,0.106
893500,0.010,0.978,0.012
894000,0.010,0.961,0.029
894500,0.010,0.961,0.029
895000,0.010,0.900,0.090
895500,0.010,0.813,0.177
896000,0.010,0.848,0.142
896500,0.010,0.935,0.055
897000,0.010,0.956,0.034
897500,0.010,0.972,0.018
898000,0.010,0.902,0.088
898500,0.010,0.907,0.083
899000,0.010,0.968,0.022
899500,0.010,0.918,0.072
900000,0.010,0.943,0.047
900500,0.010,0.921,0.069
901000,0.010,0.970,0.020
901500,0.010,0.933,0.057
902000,0.010,0.920,0.070
902500,0.010,0.935,0.055
903000,0.010,0.962,0.028
903500,0.010,0.985,0.005
904000,0.010,0.936,0.054
904500,0.010,0.860,0.130
905000,0.010,0.767,0.223
905500,0.010,0.682,0.308
906000,0.010,0.957,0.033
906500,0.010,0.987,0.003
907000,0.010,0.990,0.000
907500,0.010,0.930,0.060
908000,0.010,0.989,0.001
908500,0.010,0.990,0.000
909000,0.010,0.783,0.207
909500,0.010,0.885,0.105
910000,0.010,0.866,0.124
910500,0.010,0.928,0.062
911000,0.010,0.857,0.133
911500,0.010,0.850,0.140
912000,0.010,0.862,0.128
912500,0.010,0.719,0.271
913000,0.010,0.817,0.173
913500,0.010,0.892,0.098
914000,0.010,0.968,0.022
914500,0.010,0.881,0.109
915000,0.010,0.854,0.136
915500,0.010,0.760,0.230
916000,0.010,0.882,0.108
916500,0.010,0.925,0.065
917000,0.010,0.926,0.064
917500,0.010,0.918,0.072
918000,0.010,0.872,0.118
918500,0.010,0.851,0.139
919000,0.010,0.834,0.156
919500,0.010,0.841,0.149
920000,0.010,0.862,0.128
920500,0.010,0.895,0.095
921000,0.010,0.947,0.043
921500,0.010,0.895,0.095
922000,0.010,0.824,0.166
922500,0.010,0.920,0.070
923000,0.010,0.977,0.013
923500,0.010,0.898,0.092
924000,0.010,0.966,0.024
924500,0.010,0.963,0.027
925000,0.010,0.867,0.123
925500,0.010,0.875,0.115
926000,0.010,0.929,0.061
926500,0.010,0.928,0.062
927000,0.010,0.800,0.190
927500,0.010,0.889,0.101
928000,0.010,0.938,0.052
928500,0.010,0.773,0.217
929000,0.010,0.938,0.052
929500,0.010,0.820,0.170
930000,0.010,0.892,0.098
930500,0.010,0.835,0.155
931000,0.010,0.761,0.229
931500,0.010,0.892,0.098
932000,0.010,0.929,0.061
932500,0.010,0.955,0.035
933000,0.010,0.908,0.082
933500,0.010,0.989,0.001
934000,0.010,0.885,0.105
934500,0.010,0.781,0.209
935000,0.010,0.905,0.085
935500,0.010,0.837,0.153
936000,0.010,0.943,0.047
936500,0.010,0.903,0.087
937000,0.010,0.923,0.067
937500,0.010,0.946,0.044
938000,0.010,0.946,0.044
938500,0.010,0.949,0.041
939000,0.010,0.948,0.042
939500,0.010,0.969,0.021
940000,0.010,0.940,0.050
940500,0.010,0.965,0.025
941000,0.010,0.977,0.013
941500,0.010,0.783,0.207
942000,0.010,0.764,0.226
942500,0.010,0.770,0.220
943000,0.010,0.870,0.120
943500,0.010,0.874,0.116
944000,0.010,0.864,0.126
944500,0.010,0.977,0.013
945000,0.010,0.940,0.050
945500,0.010,0.876,0.114
946000,0.010,0.943,0.047
946500,0.010,0.937,0.053
947000,0.010,0.919,0.071
947500,0.010,0.941,0.049
948000,0.010,0.908,0.082
948500,0.010,0.967,0.023
949000,0.010,0.906,0.084
949500,0.010,0.897,0.093
950000,0.010,0.777,0.213
950500,0.010,0.833,0.157
951000,0.010,0.735,0.255
951500,0.010,0.879,0.111
952000,0.010,0.911,0.079
952500,0.010,0.754,0.236
953000,0.010,0.881,0.109
953500,0.010,0.869,0.121
954000,0.010,0.845,0.145
954500,0.010,0.866,0.124
955000,0.010,0.915,0.075
955500,0.010,0.920,0.070
956000,0.010,0.837,0.153
956500,0.010,0.911,0.079
957000,0.010,0.929,0.061
957500,0.010,0.817,0.173
958000,0.010,0.928,0.062
958500,0.010,0.826,0.164
959000,0.010,0.837,0.153
959500,0.010,0.933,0.057
960000,0.010,0.970,0.020
960500,0.010,0.849,0.141
961000,0.010,0.732,0.258
961500,0.010,0.810,0.180
962000,0.010,0.945,0.045
962500,0.010,0.868,0.122
963000,0.010,0.932,0.058
963500,0.010,0.883,0.107
964000,0.010,0.944,0.046
964500,0.010,0.916,0.074
965000,0.010,0.953,0.037
965500,0.010,0.908,0.082
966000,0.010,0.905,0.085
966500,0.010,0.888,0.102
967000,0.010,0.900,0.090
967500,0.010,0.920,0.070
968000,0.010,0.813,0.177
968500,0.010,0.756,0.234
969000,0.010,0.857,0.133
969500,0.010,0.910,0.080
970000,0.010,0.986,0.004
970500,0.010,0.933,0.057
971000,0.010,0.892,0.098
971500,0.010,0.930,0.060
972000,0.010,0.821,0.169
972500,0.010,0.800,0.190
973000,0.010,0.841,0.149
973500,0.010,0.785,0.205
974000,0.010,0.834,0.156
974500,0.010,0.835,0.155
975000,0.010,0.878,0.112
975500,0.010,0.678,0.312
976000,0.010,0.878,0.112
976500,0.010,0.942,0.048
977000,0.010,0.898,0.092
977500,0.010,0.808,0.182
978000,0.010,0.943,0.047
978500,0.010,0.861,0.129
979000,0.010,0.836,0.154
979500,0.010,0.921,0.069
980000,0.010,0.719,0.271
980500,0.010,0.884,0.106
981000,0.010,0.979,0.011
981500,0.010,0.926,0.064
982000,0.010,0.933,0.057
982500,0.010,0.794,0.196
983000,0.010,0.862,0.128
983500,0.010,0.848,0.142
984000,0.010,0.782,0.208
984500,0.010,0.945,0.045
985000,0.010,0.844,0.146
985500,0.010,0.903,0.087
986000,0.010,0.897,0.093
986500,0.010,0.838,0.152
987000,0.010,0.790,0.200
987500,0.010,0.916,0.074
988000,0.010,0.910,0.080
988500,0.010,0.912,0.078
989000,0.010,0.943,0.047
989500,0.010,0.937,0.053
990000,0.010,0.844,0.146
990500,0.010,0.864,0.126
991000,0.010,0.856,0.134
991500,0.010,0.939,0.051
992000,0.010,0.829,0.161
992500,0.010,0.951,0.039
993000,0.010,0.983,0.007
993500,0.010,0.748,0.242
994000,0.010,0.916,0.074
994500,0.010,0.933,0.057
995000,0.010,0.947,0.043
995500,0.010,0.916,0.074
996000,0.010,0.965,0.025
996500,0.010,0.923,0.067
997000,0.010,0.859,0.131
997500,0.010,0.887,0.103
998000,0.010,0.905,0.085
998500,0.010,0.885,0.105
999000,0.010,0.893,0.097
999500,0.010,0.951,0.039
1000000,0.010,0.837,0.153
