time,n_A+p,n_B,n_AB
500,0.050,0.902,0.048
1000,0.050,0.873,0.077
1500,0.050,0.810,0.140
2000,0.050,0.780,0.170
2500,0.054,0.738,0.208
3000,0.053,0.690,0.257
3500,0.062,0.644,0.294
4000,0.066,0.582,0.352
4500,0.063,0.572,0.365
5000,0.064,0.514,0.422
5500,0.068,0.493,0.439
6000,0.078,0.477,0.445
6500,0.101,0.437,0.462
7000,0.110,0.434,0.456
7500,0.113,0.415,0.472
8000,0.121,0.386,0.493
8500,0.113,0.339,0.548
9000,0.111,0.322,0.567
9500,0.119,0.324,0.557
10000,0.142,0.313,0.545
10500,0.136,0.299,0.565
11000,0.170,0.307,0.523
11500,0.170,0.321,0.509
12000,0.152,0.307,0.541
12500,0.156,0.293,0.551
13000,0.159,0.270,0.571
13500,0.148,0.266,0.586
14000,0.169,0.274,0.557
14500,0.182,0.227,0.591
15000,0.224,0.206,0.570
15500,0.246,0.207,0.547
16000,0.218,0.218,0.564
16500,0.226,0.214,0.560
17000,0.251,0.191,0.558
17500,0.260,0.195,0.545
18000,0.269,0.203,0.528
18500,0.261,0.149,0.590
19000,0.292,0.159,0.549
19500,0.316,0.144,0.540
20000,0.313,0.154,0.533
20500,0.319,0.150,0.531
21000,0.315,0.139,0.546
21500,0.341,0.120,0.539
22000,0.345,0.088,0.567
22500,0.335,0.106,0.559
23000,0.354,0.086,0.560
23500,0.368,0.078,0.554
24000,0.368,0.084,0.548
24500,0.371,0.080,0.549
25000,0.378,0.092,0.530
25500,0.397,0.077,0.526
26000,0.388,0.072,0.540
26500,0.398,0.062,0.540
27000,0.431,0.070,0.499
27500,0.442,0.066,0.492
28000,0.458,0.085,0.457
28500,0.456,0.078,0.466
29000,0.480,0.055,0.465
29500,0.489,0.063,0.448
30000,0.493,0.046,0.461
30500,0.494,0.026,0.480
31000,0.497,0.032,0.471
31500,0.528,0.025,0.447
32000,0.545,0.015,0.440
32500,0.567,0.024,0.409
33000,0.543,0.027,0.430
33500,0.539,0.046,0.415
34000,0.529,0.041,0.430
34500,0.566,0.033,0.401
35000,0.532,0.033,0.435
35500,0.545,0.021,0.434
36000,0.546,0.023,0.431
36500,0.554,0.026,0.420
37000,0.546,0.032,0.422
37500,0.520,0.037,0.443
38000,0.519,0.024,0.457
38500,0.534,0.023,0.443
39000,0.539,0.016,0.445
39500,0.561,0.023,0.416
40000,0.580,0.033,0.387
40500,0.587,0.039,0.374
41000,0.575,0.037,0.388
41500,0.546,0.041,0.413
42000,0.562,0.035,0.403
42500,0.575,0.028,0.397
43000,0.573,0.028,0.399
43500,0.585,0.031,0.384
44000,0.609,0.028,0.363
44500,0.573,0.033,0.394
45000,0.547,0.023,0.430
45500,0.548,0.016,0.436
46000,0.584,0.018,0.398
46500,0.635,0.019,0.346
47000,0.641,0.015,0.344
47500,0.663,0.020,0.317
48000,0.679,0.012,0.309
48500,0.652,0.010,0.338
49000,0.632,0.014,0.354
49500,0.615,0.018,0.367
50000,0.614,0.011,0.375
50500,0.623,0.012,0.365
51000,0.647,0.016,0.337
51500,0.686,0.009,0.305
52000,0.693,0.011,0.296
52500,0.658,0.008,0.334
53000,0.682,0.009,0.309
53500,0.702,0.006,0.292
54000,0.696,0.005,0.299
54500,0.695,0.008,0.297
55000,0.693,0.006,0.301
55500,0.693,0.003,0.304
56000,0.695,0.011,0.294
56500,0.681,0.011,0.308
57000,0.684,0.015,0.301
57500,0.693,0.009,0.298
58000,0.680,0.006,0.314
58500,0.684,0.008,0.308
59000,0.688,0.005,0.307
59500,0.693,0.010,0.297
60000,0.704,0.015,0.281
60500,0.746,0.006,0.248
61000,0.717,0.012,0.271
61500,0.697,0.006,0.297
62000,0.693,0.019,0.288
62500,0.696,0.013,0.291
63000,0.681,0.007,0.312
63500,0.704,0.007,0.289
64000,0.715,0.001,0.284
64500,0.722,0.003,0.275
65000,0.706,0.003,0.291
65500,0.718,0.006,0.276
66000,0.691,0.010,0.299
66500,0.710,0.008,0.282
67000,0.709,0.007,0.284
67500,0.673,0.009,0.318
68000,0.688,0.012,0.300
68500,0.680,0.006,0.314
69000,0.715,0.012,0.273
69500,0.713,0.009,0.278
70000,0.699,0.005,0.296
70500,0.691,0.007,0.302
71000,0.688,0.010,0.302
71500,0.657,0.011,0.332
72000,0.655,0.015,0.330
72500,0.637,0.009,0.354
73000,0.632,0.014,0.354
73500,0.626,0.012,0.362
74000,0.632,0.004,0.364
74500,0.632,0.012,0.356
75000,0.663,0.011,0.326
75500,0.652,0.015,0.333
76000,0.637,0.008,0.355
76500,0.626,0.009,0.365
77000,0.621,0.011,0.368
77500,0.601,0.008,0.391
78000,0.654,0.015,0.331
78500,0.633,0.010,0.357
79000,0.668,0.019,0.313
79500,0.626,0.018,0.356
80000,0.610,0.014,0.376
80500,0.587,0.024,0.389
81000,0.581,0.023,0.396
81500,0.580,0.015,0.405
82000,0.566,0.015,0.419
82500,0.599,0.023,0.378
83000,0.609,0.016,0.375
83500,0.602,0.022,0.376
84000,0.583,0.028,0.389
84500,0.562,0.031,0.407
85000,0.531,0.032,0.437
85500,0.586,0.022,0.392
86000,0.590,0.017,0.393
86500,0.577,0.021,0.402
87000,0.575,0.024,0.401
87500,0.579,0.026,0.395
88000,0.571,0.035,0.394
88500,0.552,0.033,0.415
89000,0.595,0.031,0.374
89500,0.601,0.032,0.367
90000,0.601,0.026,0.373
90500,0.612,0.007,0.381
91000,0.640,0.024,0.336
91500,0.651,0.021,0.328
92000,0.625,0.019,0.356
92500,0.612,0.016,0.372
93000,0.613,0.017,0.370
93500,0.620,0.009,0.371
94000,0.622,0.011,0.367
94500,0.637,0.008,0.355
95000,0.658,0.009,0.333
95500,0.669,0.011,0.320
96000,0.674,0.004,0.322
96500,0.676,0.005,0.319
97000,0.671,0.009,0.320
97500,0.667,0.007,0.326
98000,0.651,0.007,0.342
98500,0.678,0.014,0.308
99000,0.664,0.008,0.328
99500,0.664,0.004,0.332
100000,0.647,0.012,0.341
100500,0.619,0.017,0.364
101000,0.639,0.009,0.352
101500,0.640,0.010,0.350
102000,0.630,0.014,0.356
102500,0.658,0.009,0.333
103000,0.663,0.008,0.329
103500,0.671,0.006,0.323
104000,0.620,0.014,0.366
104500,0.645,0.020,0.335
105000,0.603,0.026,0.371
105500,0.543,0.022,0.435
106000,0.548,0.022,0.430
106500,0.553,0.022,0.425
107000,0.575,0.016,0.409
107500,0.565,0.014,0.421
108000,0.573,0.022,0.405
108500,0.607,0.025,0.368
109000,0.617,0.020,0.363
109500,0.623,0.015,0.362
110000,0.631,0.017,0.352
110500,0.647,0.015,0.338
111000,0.635,0.015,0.350
111500,0.643,0.017,0.340
112000,0.650,0.016,0.334
112500,0.704,0.006,0.290
113000,0.701,0.010,0.289
113500,0.734,0.006,0.260
114000,0.724,0.003,0.273
114500,0.721,0.008,0.271
115000,0.715,0.002,0.283
115500,0.678,0.005,0.317
116000,0.662,0.009,0.329
116500,0.678,0.018,0.304
117000,0.685,0.011,0.304
117500,0.721,0.010,0.269
118000,0.729,0.015,0.256
118500,0.731,0.010,0.259
119000,0.722,0.006,0.272
119500,0.749,0.007,0.244
120000,0.741,0.005,0.254
120500,0.737,0.002,0.261
121000,0.723,0.004,0.273
121500,0.714,0.005,0.281
122000,0.702,0.006,0.292
122500,0.683,0.009,0.308
123000,0.698,0.011,0.291
123500,0.707,0.010,0.283
124000,0.722,0.005,0.273
124500,0.703,0.013,0.284
125000,0.685,0.005,0.310
125500,0.700,0.011,0.289
126000,0.729,0.004,0.267
126500,0.747,0.007,0.246
127000,0.724,0.006,0.270
127500,0.735,0.003,0.262
128000,0.712,0.003,0.285
128500,0.687,0.008,0.305
129000,0.703,0.007,0.290
129500,0.714,0.009,0.277
130000,0.722,0.007,0.271
130500,0.734,0.006,0.260
131000,0.702,0.004,0.294
131500,0.715,0.002,0.283
132000,0.719,0.008,0.273
132500,0.740,0.004,0.256
133000,0.769,0.004,0.227
133500,0.727,0.007,0.266
134000,0.738,0.007,0.255
134500,0.741,0.007,0.252
135000,0.746,0.009,0.245
135500,0.741,0.006,0.253
136000,0.731,0.001,0.268
136500,0.724,0.000,0.276
137000,0.704,0.002,0.294
137500,0.707,0.002,0.291
138000,0.689,0.007,0.304
138500,0.694,0.006,0.300
139000,0.685,0.001,0.314
139500,0.705,0.009,0.286
140000,0.704,0.007,0.289
140500,0.707,0.009,0.284
141000,0.706,0.021,0.273
141500,0.699,0.009,0.292
142000,0.730,0.006,0.264
142500,0.717,0.003,0.280
143000,0.701,0.005,0.294
143500,0.719,0.004,0.277
144000,0.697,0.009,0.294
144500,0.702,0.002,0.296
145000,0.670,0.006,0.324
145500,0.666,0.005,0.329
146000,0.654,0.005,0.341
146500,0.660,0.001,0.339
147000,0.660,0.016,0.324
147500,0.653,0.011,0.336
148000,0.660,0.012,0.328
148500,0.671,0.013,0.316
149000,0.692,0.005,0.303
149500,0.674,0.007,0.319
150000,0.666,0.007,0.327
150500,0.663,0.002,0.335
151000,0.684,0.004,0.312
151500,0.693,0.014,0.293
152000,0.699,0.017,0.284
152500,0.696,0.009,0.295
153000,0.698,0.010,0.292
153500,0.705,0.008,0.287
154000,0.681,0.005,0.314
154500,0.686,0.005,0.309
155000,0.723,0.003,0.274
155500,0.725,0.007,0.268
156000,0.698,0.007,0.295
156500,0.696,0.010,0.294
157000,0.672,0.010,0.318
157500,0.660,0.010,0.330
158000,0.697,0.008,0.295
158500,0.675,0.014,0.311
159000,0.690,0.013,0.297
159500,0.657,0.009,0.334
160000,0.650,0.015,0.335
160500,0.650,0.015,0.335
161000,0.641,0.016,0.343
161500,0.600,0.013,0.387
162000,0.616,0.014,0.370
162500,0.611,0.010,0.379
163000,0.578,0.019,0.403
163500,0.589,0.021,0.390
164000,0.597,0.020,0.383
164500,0.609,0.021,0.370
165000,0.599,0.022,0.379
165500,0.611,0.023,0.366
166000,0.625,0.021,0.354
166500,0.634,0.018,0.348
167000,0.619,0.012,0.369
167500,0.638,0.010,0.352
168000,0.621,0.013,0.366
168500,0.626,0.013,0.361
169000,0.618,0.021,0.361
169500,0.593,0.019,0.388
170000,0.574,0.015,0.411
170500,0.599,0.012,0.389
171000,0.622,0.022,0.356
171500,0.605,0.015,0.380
172000,0.598,0.023,0.379
172500,0.583,0.022,0.395
173000,0.564,0.024,0.412
173500,0.576,0.014,0.410
174000,0.608,0.015,0.377
174500,0.613,0.024,0.363
175000,0.633,0.020,0.347
175500,0.632,0.020,0.348
176000,0.615,0.015,0.370
176500,0.606,0.020,0.374
177000,0.608,0.014,0.378
177500,0.619,0.020,0.361
178000,0.644,0.024,0.332
178500,0.650,0.021,0.329
179000,0.666,0.017,0.317
179500,0.640,0.013,0.347
180000,0.616,0.012,0.372
180500,0.596,0.020,0.384
181000,0.599,0.016,0.385
181500,0.581,0.023,0.396
182000,0.572,0.025,0.403
182500,0.581,0.032,0.387
183000,0.590,0.019,0.391
183500,0.574,0.020,0.406
184000,0.603,0.018,0.379
184500,0.646,0.018,0.336
185000,0.615,0.014,0.371
185500,0.643,0.013,0.344
186000,0.644,0.015,0.341
186500,0.659,0.008,0.333
187000,0.658,0.009,0.333
187500,0.670,0.014,0.316
188000,0.659,0.008,0.333
188500,0.653,0.007,0.340
189000,0.660,0.010,0.330
189500,0.652,0.007,0.341
190000,0.663,0.018,0.319
190500,0.669,0.011,0.320
191000,0.666,0.008,0.326
191500,0.675,0.011,0.314
192000,0.665,0.012,0.323
192500,0.658,0.013,0.329
193000,0.662,0.018,0.320
193500,0.636,0.015,0.349
194000,0.668,0.013,0.319
194500,0.665,0.008,0.327
195000,0.652,0.016,0.332
195500,0.659,0.018,0.323
196000,0.659,0.016,0.325
196500,0.655,0.012,0.333
197000,0.629,0.013,0.358
197500,0.667,0.013,0.320
198000,0.674,0.022,0.304
198500,0.684,0.016,0.300
199000,0.695,0.009,0.296
199500,0.680,0.010,0.310
200000,0.659,0.011,0.330
200500,0.663,0.013,0.324
201000,0.663,0.006,0.331
201500,0.692,0.009,0.299
202000,0.666,0.011,0.323
202500,0.692,0.015,0.293
203000,0.698,0.011,0.291
203500,0.694,0.009,0.297
204000,0.697,0.007,0.296
204500,0.705,0.004,0.291
205000,0.717,0.008,0.275
205500,0.734,0.017,0.249
206000,0.729,0.012,0.259
206500,0.728,0.005,0.267
207000,0.737,0.005,0.258
207500,0.746,0.003,0.251
208000,0.725,0.002,0.273
208500,0.714,0.001,0.285
209000,0.704,0.001,0.295
209500,0.705,0.006,0.289
210000,0.722,0.008,0.270
210500,0.735,0.003,0.262
211000,0.713,0.006,0.281
211500,0.731,0.005,0.264
212000,0.716,0.001,0.283
212500,0.704,0.003,0.293
213000,0.710,0.004,0.286
213500,0.696,0.008,0.296
214000,0.695,0.006,0.299
214500,0.674,0.003,0.323
215000,0.707,0.003,0.290
215500,0.701,0.006,0.293
216000,0.697,0.006,0.297
216500,0.702,0.005,0.293
217000,0.709,0.012,0.279
217500,0.686,0.008,0.306
218000,0.687,0.004,0.309
218500,0.717,0.001,0.282
219000,0.708,0.007,0.285
219500,0.686,0.014,0.300
220000,0.683,0.017,0.300
220500,0.671,0.004,0.325
221000,0.705,0.007,0.288
221500,0.700,0.009,0.291
222000,0.704,0.005,0.291
222500,0.704,0.006,0.290
223000,0.724,0.005,0.271
223500,0.719,0.010,0.271
224000,0.702,0.005,0.293
224500,0.688,0.008,0.304
225000,0.708,0.006,0.286
225500,0.729,0.003,0.268
226000,0.731,0.007,0.262
226500,0.698,0.010,0.292
227000,0.689,0.003,0.308
227500,0.677,0.010,0.313
228000,0.700,0.004,0.296
228500,0.689,0.010,0.301
229000,0.724,0.009,0.267
229500,0.703,0.005,0.292
230000,0.690,0.009,0.301
230500,0.689,0.014,0.297
231000,0.692,0.009,0.299
231500,0.697,0.005,0.298
232000,0.690,0.003,0.307
232500,0.691,0.005,0.304
233000,0.657,0.004,0.339
233500,0.671,0.013,0.316
234000,0.664,0.007,0.329
234500,0.684,0.010,0.306
235000,0.698,0.011,0.291
235500,0.660,0.001,0.339
236000,0.639,0.000,0.361
236500,0.667,0.012,0.321
237000,0.686,0.010,0.304
237500,0.673,0.007,0.320
238000,0.676,0.016,0.308
238500,0.679,0.015,0.306
239000,0.681,0.016,0.303
239500,0.695,0.006,0.299
240000,0.704,0.004,0.292
240500,0.684,0.011,0.305
241000,0.715,0.012,0.273
241500,0.713,0.007,0.280
242000,0.688,0.003,0.309
242500,0.665,0.009,0.326
243000,0.655,0.003,0.342
243500,0.638,0.009,0.353
244000,0.648,0.011,0.341
244500,0.663,0.006,0.331
245000,0.680,0.007,0.313
245500,0.649,0.009,0.342
246000,0.671,0.008,0.321
246500,0.690,0.007,0.303
247000,0.690,0.004,0.306
247500,0.702,0.002,0.296
248000,0.705,0.002,0.293
248500,0.730,0.006,0.264
249000,0.714,0.008,0.278
249500,0.719,0.008,0.273
250000,0.741,0.005,0.254
250500,0.715,0.008,0.277
251000,0.707,0.004,0.289
251500,0.677,0.005,0.318
252000,0.687,0.001,0.312
252500,0.667,0.005,0.328
253000,0.692,0.001,0.307
253500,0.705,0.004,0.291
254000,0.716,0.008,0.276
254500,0.703,0.007,0.290
255000,0.662,0.011,0.327
255500,0.685,0.007,0.308
256000,0.700,0.009,0.291
256500,0.734,0.010,0.256
257000,0.705,0.005,0.290
257500,0.719,0.009,0.272
258000,0.743,0.002,0.255
258500,0.740,0.005,0.255
259000,0.715,0.008,0.277
259500,0.682,0.003,0.315
260000,0.687,0.005,0.308
260500,0.685,0.005,0.310
261000,0.673,0.007,0.320
261500,0.665,0.006,0.329
262000,0.673,0.001,0.326
262500,0.676,0.003,0.321
263000,0.661,0.004,0.335
263500,0.642,0.018,0.340
264000,0.621,0.019,0.360
264500,0.623,0.019,0.358
265000,0.632,0.009,0.359
265500,0.600,0.015,0.385
266000,0.616,0.019,0.365
266500,0.645,0.013,0.342
267000,0.647,0.014,0.339
267500,0.668,0.020,0.312
268000,0.693,0.011,0.296
268500,0.681,0.009,0.310
269000,0.662,0.021,0.317
269500,0.644,0.021,0.335
270000,0.654,0.015,0.331
270500,0.617,0.026,0.357
271000,0.629,0.022,0.349
271500,0.638,0.025,0.337
272000,0.623,0.022,0.355
272500,0.591,0.012,0.397
273000,0.591,0.011,0.398
273500,0.589,0.017,0.394
274000,0.619,0.014,0.367
274500,0.609,0.013,0.378
275000,0.634,0.010,0.356
275500,0.669,0.010,0.321
276000,0.697,0.004,0.299
276500,0.705,0.004,0.291
277000,0.709,0.007,0.284
277500,0.696,0.006,0.298
278000,0.690,0.004,0.306
278500,0.666,0.007,0.327
279000,0.685,0.008,0.307
279500,0.679,0.005,0.316
280000,0.672,0.007,0.321
280500,0.648,0.011,0.341
281000,0.640,0.009,0.351
281500,0.637,0.006,0.357
282000,0.668,0.010,0.322
282500,0.662,0.016,0.322
283000,0.659,0.012,0.329
283500,0.640,0.010,0.350
284000,0.618,0.012,0.370
284500,0.614,0.017,0.369
285000,0.633,0.013,0.354
285500,0.646,0.012,0.342
286000,0.640,0.010,0.350
286500,0.651,0.008,0.341
287000,0.649,0.012,0.339
287500,0.652,0.010,0.338
288000,0.693,0.010,0.297
288500,0.698,0.010,0.292
289000,0.717,0.009,0.274
289500,0.694,0.007,0.299
290000,0.708,0.012,0.280
290500,0.698,0.011,0.291
291000,0.680,0.010,0.310
291500,0.696,0.010,0.294
292000,0.695,0.006,0.299
292500,0.701,0.004,0.295
293000,0.683,0.008,0.309
293500,0.685,0.012,0.303
294000,0.677,0.009,0.314
294500,0.637,0.010,0.353
295000,0.649,0.008,0.343
295500,0.651,0.007,0.342
296000,0.679,0.005,0.316
296500,0.708,0.007,0.285
297000,0.722,0.001,0.277
297500,0.717,0.001,0.282
298000,0.726,0.007,0.267
298500,0.737,0.004,0.259
299000,0.744,0.002,0.254
299500,0.753,0.002,0.245
300000,0.727,0.005,0.268
300500,0.714,0.005,0.281
301000,0.734,0.010,0.256
301500,0.723,0.014,0.263
302000,0.732,0.009,0.259
302500,0.727,0.006,0.267
303000,0.716,0.003,0.281
303500,0.692,0.006,0.302
304000,0.697,0.008,0.295
304500,0.699,0.021,0.280
305000,0.706,0.016,0.278
305500,0.700,0.013,0.287
306000,0.688,0.005,0.307
306500,0.669,0.011,0.320
307000,0.662,0.013,0.325
307500,0.659,0.007,0.334
308000,0.670,0.013,0.317
308500,0.683,0.015,0.302
309000,0.682,0.006,0.312
309500,0.677,0.004,0.319
310000,0.672,0.004,0.324
310500,0.688,0.005,0.307
311000,0.710,0.003,0.287
311500,0.715,0.001,0.284
312000,0.705,0.001,0.294
312500,0.719,0.004,0.277
313000,0.715,0.008,0.277
313500,0.700,0.004,0.296
314000,0.715,0.007,0.278
314500,0.730,0.013,0.257
315000,0.758,0.013,0.229
315500,0.767,0.014,0.219
316000,0.742,0.006,0.252
316500,0.728,0.004,0.268
317000,0.721,0.006,0.273
317500,0.737,0.004,0.259
318000,0.708,0.007,0.285
318500,0.683,0.007,0.310
319000,0.689,0.006,0.305
319500,0.688,0.006,0.306
320000,0.703,0.010,0.287
320500,0.658,0.009,0.333
321000,0.678,0.007,0.315
321500,0.671,0.004,0.325
322000,0.676,0.008,0.316
322500,0.659,0.008,0.333
323000,0.664,0.008,0.328
323500,0.676,0.010,0.314
324000,0.655,0.005,0.340
324500,0.655,0.010,0.335
325000,0.656,0.007,0.337
325500,0.638,0.009,0.353
326000,0.623,0.008,0.369
326500,0.610,0.010,0.380
327000,0.592,0.018,0.390
327500,0.596,0.015,0.389
328000,0.608,0.009,0.383
328500,0.619,0.014,0.367
329000,0.628,0.017,0.355
329500,0.655,0.009,0.336
330000,0.641,0.007,0.352
330500,0.658,0.007,0.335
331000,0.676,0.010,0.314
331500,0.645,0.014,0.341
332000,0.625,0.009,0.366
332500,0.629,0.013,0.358
333000,0.631,0.005,0.364
333500,0.639,0.018,0.343
334000,0.661,0.010,0.329
334500,0.671,0.007,0.322
335000,0.653,0.007,0.340
335500,0.632,0.014,0.354
336000,0.630,0.004,0.366
336500,0.656,0.013,0.331
337000,0.645,0.014,0.341
337500,0.648,0.011,0.341
338000,0.655,0.008,0.337
338500,0.660,0.006,0.334
339000,0.648,0.016,0.336
339500,0.650,0.008,0.342
340000,0.638,0.009,0.353
340500,0.635,0.015,0.350
341000,0.645,0.012,0.343
341500,0.638,0.012,0.350
342000,0.654,0.012,0.334
342500,0.657,0.022,0.321
343000,0.654,0.013,0.333
343500,0.669,0.008,0.323
344000,0.685,0.008,0.307
344500,0.691,0.011,0.298
345000,0.690,0.005,0.305
345500,0.681,0.003,0.316
346000,0.691,0.003,0.306
346500,0.696,0.002,0.302
347000,0.709,0.011,0.280
347500,0.684,0.014,0.302
348000,0.674,0.014,0.312
348500,0.688,0.006,0.306
349000,0.711,0.004,0.285
349500,0.709,0.006,0.285
350000,0.743,0.004,0.253
350500,0.727,0.011,0.262
351000,0.720,0.013,0.267
351500,0.729,0.010,0.261
352000,0.714,0.007,0.279
352500,0.737,0.008,0.255
353000,0.710,0.004,0.286
353500,0.704,0.004,0.292
354000,0.711,0.001,0.288
354500,0.721,0.004,0.275
355000,0.746,0.003,0.251
355500,0.735,0.004,0.261
356000,0.697,0.002,0.301
356500,0.706,0.006,0.288
357000,0.710,0.012,0.278
357500,0.715,0.004,0.281
358000,0.722,0.002,0.276
358500,0.701,0.002,0.297
359000,0.676,0.008,0.316
359500,0.690,0.010,0.300
360000,0.655,0.010,0.335
360500,0.634,0.007,0.359
361000,0.636,0.005,0.359
361500,0.634,0.010,0.356
362000,0.624,0.013,0.363
362500,0.644,0.012,0.344
363000,0.658,0.015,0.327
363500,0.696,0.007,0.297
364000,0.698,0.008,0.294
364500,0.699,0.012,0.289
365000,0.724,0.008,0.268
365500,0.739,0.002,0.259
366000,0.731,0.001,0.268
366500,0.726,0.007,0.267
367000,0.702,0.010,0.288
367500,0.691,0.012,0.297
368000,0.721,0.009,0.270
368500,0.737,0.005,0.258
369000,0.739,0.015,0.246
369500,0.705,0.007,0.288
370000,0.708,0.008,0.284
370500,0.719,0.004,0.277
371000,0.710,0.004,0.286
371500,0.715,0.006,0.279
372000,0.728,0.007,0.265
372500,0.713,0.010,0.277
373000,0.699,0.014,0.287
373500,0.686,0.012,0.302
374000,0.708,0.012,0.280
374500,0.697,0.012,0.291
375000,0.652,0.011,0.337
375500,0.663,0.009,0.328
376000,0.682,0.004,0.314
376500,0.705,0.009,0.286
377000,0.720,0.010,0.270
377500,0.739,0.003,0.258
378000,0.731,0.009,0.260
378500,0.719,0.008,0.273
379000,0.702,0.007,0.291
379500,0.695,0.012,0.293
380000,0.684,0.015,0.301
380500,0.688,0.022,0.290
381000,0.648,0.009,0.343
381500,0.660,0.009,0.331
382000,0.692,0.009,0.299
382500,0.699,0.007,0.294
383000,0.695,0.005,0.300
383500,0.708,0.011,0.281
384000,0.684,0.014,0.302
384500,0.684,0.008,0.308
385000,0.671,0.004,0.325
385500,0.675,0.008,0.317
386000,0.658,0.004,0.338
386500,0.672,0.000,0.328
387000,0.653,0.013,0.334
387500,0.668,0.010,0.322
388000,0.682,0.002,0.316
388500,0.658,0.005,0.337
389000,0.681,0.006,0.313
389500,0.680,0.005,0.315
390000,0.677,0.002,0.321
390500,0.674,0.003,0.323
391000,0.672,0.002,0.326
391500,0.651,0.005,0.344
392000,0.637,0.017,0.346
392500,0.652,0.010,0.338
393000,0.656,0.011,0.333
393500,0.642,0.010,0.348
394000,0.631,0.024,0.345
394500,0.614,0.018,0.368
395000,0.638,0.017,0.345
395500,0.623,0.012,0.365
396000,0.656,0.009,0.335
396500,0.662,0.015,0.323
397000,0.666,0.009,0.325
397500,0.656,0.012,0.332
398000,0.650,0.015,0.335
398500,0.665,0.005,0.330
399000,0.651,0.016,0.333
399500,0.646,0.016,0.338
400000,0.616,0.011,0.373
400500,0.629,0.018,0.353
401000,0.639,0.022,0.339
401500,0.631,0.016,0.353
402000,0.593,0.008,0.399
402500,0.597,0.014,0.389
403000,0.584,0.012,0.404
403500,0.574,0.021,0.405
404000,0.588,0.015,0.397
404500,0.593,0.020,0.387
405000,0.586,0.022,0.392
405500,0.557,0.028,0.415
406000,0.539,0.037,0.424
406500,0.498,0.040,0.462
407000,0.481,0.038,0.481
407500,0.481,0.048,0.471
408000,0.488,0.042,0.470
408500,0.498,0.037,0.465
409000,0.505,0.046,0.449
409500,0.554,0.041,0.405
410000,0.572,0.027,0.401
410500,0.565,0.036,0.399
411000,0.567,0.038,0.395
411500,0.598,0.029,0.373
412000,0.597,0.028,0.375
412500,0.566,0.018,0.416
413000,0.541,0.025,0.434
413500,0.551,0.019,0.430
414000,0.588,0.021,0.391
414500,0.573,0.019,0.408
415000,0.574,0.017,0.409
415500,0.572,0.014,0.414
416000,0.576,0.012,0.412
416500,0.602,0.024,0.374
417000,0.587,0.015,0.398
417500,0.596,0.009,0.395
418000,0.598,0.005,0.397
418500,0.619,0.009,0.372
419000,0.650,0.018,0.332
419500,0.655,0.009,0.336
420000,0.659,0.008,0.333
420500,0.660,0.003,0.337
421000,0.682,0.007,0.311
421500,0.638,0.015,0.347
422000,0.673,0.010,0.317
422500,0.652,0.006,0.342
423000,0.662,0.012,0.326
423500,0.676,0.014,0.310
424000,0.670,0.015,0.315
424500,0.672,0.013,0.315
425000,0.666,0.020,0.314
425500,0.684,0.012,0.304
426000,0.673,0.015,0.312
426500,0.632,0.016,0.352
427000,0.657,0.008,0.335
427500,0.663,0.009,0.328
428000,0.663,0.014,0.323
428500,0.674,0.012,0.314
429000,0.660,0.011,0.329
429500,0.654,0.012,0.334
430000,0.670,0.012,0.318
430500,0.679,0.022,0.299
431000,0.692,0.018,0.290
431500,0.707,0.002,0.291
432000,0.712,0.002,0.286
432500,0.732,0.005,0.263
433000,0.757,0.002,0.241
433500,0.737,0.000,0.263
434000,0.721,0.005,0.274
434500,0.727,0.004,0.269
435000,0.729,0.003,0.268
435500,0.725,0.004,0.271
436000,0.748,0.002,0.250
436500,0.737,0.001,0.262
437000,0.733,0.007,0.260
437500,0.730,0.002,0.268
438000,0.738,0.000,0.262
438500,0.743,0.000,0.257
439000,0.730,0.003,0.267
439500,0.722,0.001,0.277
440000,0.739,0.003,0.258
440500,0.740,0.004,0.256
441000,0.779,0.007,0.214
441500,0.759,0.003,0.238
442000,0.768,0.004,0.228
442500,0.760,0.003,0.237
443000,0.766,0.004,0.230
443500,0.784,0.004,0.212
444000,0.784,0.000,0.216
444500,0.783,0.001,0.216
445000,0.781,0.006,0.213
445500,0.765,0.005,0.230
446000,0.779,0.004,0.217
446500,0.770,0.004,0.226
447000,0.740,0.005,0.255
447500,0.735,0.001,0.264
448000,0.715,0.006,0.279
448500,0.721,0.002,0.277
449000,0.744,0.000,0.256
449500,0.774,0.002,0.224
450000,0.765,0.007,0.228
450500,0.777,0.006,0.217
451000,0.764,0.002,0.234
451500,0.766,0.000,0.234
452000,0.752,0.004,0.244
452500,0.743,0.003,0.254
453000,0.764,0.003,0.233
453500,0.754,0.004,0.242
454000,0.732,0.002,0.266
454500,0.717,0.002,0.281
455000,0.727,0.006,0.267
455500,0.729,0.005,0.266
456000,0.712,0.006,0.282
456500,0.703,0.009,0.288
457000,0.698,0.003,0.299
457500,0.708,0.005,0.287
458000,0.713,0.007,0.280
458500,0.721,0.006,0.273
459000,0.707,0.006,0.287
459500,0.691,0.002,0.307
460000,0.689,0.007,0.304
460500,0.716,0.007,0.277
461000,0.693,0.005,0.302
461500,0.702,0.006,0.292
462000,0.730,0.006,0.264
462500,0.714,0.004,0.282
463000,0.696,0.011,0.293
463500,0.676,0.011,0.313
464000,0.657,0.007,0.336
464500,0.642,0.007,0.351
465000,0.661,0.007,0.332
465500,0.710,0.018,0.272
466000,0.688,0.014,0.298
466500,0.665,0.007,0.328
467000,0.677,0.007,0.316
467500,0.678,0.005,0.317
468000,0.683,0.011,0.306
468500,0.666,0.006,0.328
469000,0.622,0.010,0.368
469500,0.644,0.009,0.347
470000,0.637,0.011,0.352
470500,0.646,0.012,0.342
471000,0.661,0.016,0.323
471500,0.661,0.013,0.326
472000,0.651,0.015,0.334
472500,0.705,0.012,0.283
473000,0.693,0.009,0.298
473500,0.674,0.008,0.318
474000,0.650,0.005,0.345
474500,0.662,0.005,0.333
475000,0.650,0.008,0.342
475500,0.643,0.005,0.352
476000,0.668,0.004,0.328
476500,0.701,0.013,0.286
477000,0.691,0.010,0.299
477500,0.708,0.008,0.284
478000,0.713,0.003,0.284
478500,0.721,0.004,0.275
479000,0.722,0.012,0.266
479500,0.723,0.009,0.268
480000,0.669,0.007,0.324
480500,0.676,0.003,0.321
481000,0.662,0.003,0.335
481500,0.666,0.006,0.328
482000,0.651,0.000,0.349
482500,0.643,0.002,0.355
483000,0.650,0.008,0.342
483500,0.627,0.015,0.358
484000,0.633,0.015,0.352
484500,0.609,0.020,0.371
485000,0.611,0.014,0.375
485500,0.624,0.011,0.365
486000,0.623,0.010,0.367
486500,0.629,0.023,0.348
487000,0.587,0.026,0.387
487500,0.571,0.036,0.393
488000,0.596,0.017,0.387
488500,0.598,0.024,0.378
489000,0.589,0.029,0.382
489500,0.610,0.017,0.373
490000,0.618,0.008,0.374
490500,0.642,0.010,0.348
491000,0.626,0.002,0.372
491500,0.647,0.012,0.341
492000,0.677,0.013,0.310
492500,0.684,0.011,0.305
493000,0.690,0.004,0.306
493500,0.672,0.008,0.320
494000,0.639,0.010,0.351
494500,0.631,0.008,0.361
495000,0.611,0.013,0.376
495500,0.615,0.012,0.373
496000,0.595,0.019,0.386
496500,0.590,0.012,0.398
497000,0.586,0.022,0.392
497500,0.580,0.028,0.392
498000,0.563,0.034,0.403
498500,0.602,0.019,0.379
499000,0.621,0.014,0.365
499500,0.638,0.013,0.349
500000,0.638,0.010,0.352
500500,0.632,0.017,0.351
501000,0.662,0.012,0.326
501500,0.690,0.012,0.298
502000,0.712,0.005,0.283
502500,0.715,0.009,0.276
503000,0.705,0.010,0.285
503500,0.691,0.008,0.301
504000,0.696,0.010,0.294
504500,0.692,0.006,0.302
505000,0.680,0.005,0.315
505500,0.688,0.002,0.310
506000,0.710,0.000,0.290
506500,0.714,0.002,0.284
507000,0.702,0.009,0.289
507500,0.688,0.012,0.300
508000,0.678,0.011,0.311
508500,0.628,0.011,0.361
509000,0.634,0.022,0.344
509500,0.656,0.017,0.327
510000,0.664,0.013,0.323
510500,0.652,0.013,0.335
511000,0.667,0.014,0.319
511500,0.677,0.009,0.314
512000,0.672,0.016,0.312
512500,0.643,0.010,0.347
513000,0.672,0.008,0.320
513500,0.658,0.010,0.332
514000,0.669,0.009,0.322
514500,0.688,0.005,0.307
515000,0.712,0.006,0.282
515500,0.720,0.002,0.278
516000,0.706,0.003,0.291
516500,0.683,0.002,0.315
517000,0.722,0.001,0.277
517500,0.734,0.001,0.265
518000,0.732,0.003,0.265
518500,0.672,0.004,0.324
519000,0.659,0.011,0.330
519500,0.688,0.014,0.298
520000,0.702,0.019,0.279
520500,0.703,0.008,0.289
521000,0.670,0.014,0.316
521500,0.683,0.016,0.301
522000,0.702,0.014,0.284
522500,0.708,0.010,0.282
523000,0.707,0.004,0.289
523500,0.704,0.004,0.292
524000,0.723,0.004,0.273
524500,0.706,0.007,0.287
525000,0.697,0.007,0.296
525500,0.699,0.004,0.297
526000,0.694,0.007,0.299
526500,0.717,0.008,0.275
527000,0.702,0.006,0.292
527500,0.696,0.011,0.293
528000,0.681,0.015,0.304
528500,0.638,0.010,0.352
529000,0.633,0.009,0.358
529500,0.647,0.009,0.344
530000,0.637,0.009,0.354
530500,0.618,0.007,0.375
531000,0.634,0.007,0.359
531500,0.645,0.006,0.349
532000,0.663,0.012,0.325
532500,0.654,0.010,0.336
533000,0.659,0.011,0.330
533500,0.676,0.010,0.314
534000,0.685,0.007,0.308
534500,0.679,0.020,0.301
535000,0.688,0.014,0.298
535500,0.714,0.008,0.278
536000,0.717,0.005,0.278
536500,0.735,0.004,0.261
537000,0.735,0.004,0.261
537500,0.762,0.004,0.234
538000,0.741,0.002,0.257
538500,0.736,0.001,0.263
539000,0.728,0.000,0.272
539500,0.713,0.005,0.282
540000,0.718,0.004,0.278
540500,0.735,0.007,0.258
541000,0.713,0.006,0.281
541500,0.755,0.005,0.240
542000,0.769,0.001,0.230
542500,0.782,0.005,0.213
543000,0.771,0.002,0.227
543500,0.759,0.006,0.235
544000,0.733,0.004,0.263
544500,0.724,0.001,0.275
545000,0.707,0.003,0.290
545500,0.700,0.007,0.293
546000,0.695,0.007,0.298
546500,0.689,0.006,0.305
547000,0.693,0.005,0.302
547500,0.718,0.004,0.278
548000,0.745,0.012,0.243
548500,0.749,0.012,0.239
549000,0.753,0.006,0.241
549500,0.768,0.004,0.228
550000,0.757,0.003,0.240
550500,0.755,0.002,0.243
551000,0.712,0.003,0.285
551500,0.723,0.009,0.268
552000,0.736,0.012,0.252
552500,0.704,0.007,0.289
553000,0.716,0.009,0.275
553500,0.705,0.004,0.291
554000,0.716,0.017,0.267
554500,0.711,0.014,0.275
555000,0.706,0.013,0.281
555500,0.705,0.008,0.287
556000,0.714,0.009,0.277
556500,0.709,0.009,0.282
557000,0.719,0.005,0.276
557500,0.704,0.006,0.290
558000,0.689,0.012,0.299
558500,0.681,0.005,0.314
559000,0.661,0.007,0.332
559500,0.668,0.007,0.325
560000,0.663,0.008,0.329
560500,0.682,0.005,0.313
561000,0.683,0.008,0.309
561500,0.671,0.007,0.322
562000,0.676,0.003,0.321
562500,0.706,0.006,0.288
563000,0.704,0.009,0.287
563500,0.716,0.010,0.274
564000,0.703,0.014,0.283
564500,0.680,0.007,0.313
565000,0.705,0.015,0.280
565500,0.702,0.009,0.289
566000,0.719,0.007,0.274
566500,0.722,0.006,0.272
567000,0.737,0.001,0.262
567500,0.741,0.002,0.257
568000,0.748,0.003,0.249
568500,0.730,0.004,0.266
569000,0.691,0.007,0.302
569500,0.665,0.006,0.329
570000,0.624,0.014,0.362
570500,0.621,0.004,0.375
571000,0.603,0.004,0.393
571500,0.599,0.016,0.385
572000,0.616,0.009,0.375
572500,0.631,0.011,0.358
573000,0.678,0.007,0.315
573500,0.685,0.007,0.308
574000,0.689,0.004,0.307
574500,0.688,0.005,0.307
575000,0.700,0.007,0.293
575500,0.744,0.001,0.255
576000,0.756,0.006,0.238
576500,0.766,0.003,0.231
577000,0.768,0.007,0.225
577500,0.766,0.006,0.228
578000,0.756,0.005,0.239
578500,0.731,0.011,0.258
579000,0.707,0.014,0.279
579500,0.707,0.010,0.283
580000,0.661,0.011,0.328
580500,0.665,0.011,0.324
581000,0.650,0.013,0.337
581500,0.670,0.011,0.319
582000,0.651,0.013,0.336
582500,0.648,0.008,0.344
583000,0.679,0.009,0.312
583500,0.693,0.016,0.291
584000,0.710,0.003,0.287
584500,0.714,0.002,0.284
585000,0.729,0.008,0.263
585500,0.734,0.002,0.264
586000,0.730,0.003,0.267
586500,0.705,0.011,0.284
587000,0.710,0.007,0.283
587500,0.702,0.006,0.292
588000,0.681,0.006,0.313
588500,0.688,0.005,0.307
589000,0.700,0.010,0.290
589500,0.682,0.010,0.308
590000,0.688,0.013,0.299
590500,0.688,0.012,0.300
591000,0.702,0.005,0.293
591500,0.709,0.009,0.282
592000,0.709,0.008,0.283
592500,0.694,0.005,0.301
593000,0.687,0.005,0.308
593500,0.668,0.006,0.326
594000,0.660,0.010,0.330
594500,0.658,0.010,0.332
595000,0.670,0.004,0.326
595500,0.696,0.004,0.300
596000,0.701,0.003,0.296
596500,0.741,0.014,0.245
597000,0.728,0.009,0.263
597500,0.728,0.007,0.265
598000,0.724,0.003,0.273
598500,0.710,0.006,0.284
599000,0.716,0.004,0.280
599500,0.696,0.005,0.299
600000,0.708,0.000,0.292
600500,0.698,0.004,0.298
601000,0.716,0.003,0.281
601500,0.705,0.009,0.286
602000,0.725,0.017,0.258
602500,0.715,0.013,0.272
603000,0.726,0.009,0.265
603500,0.713,0.005,0.282
604000,0.704,0.005,0.291
604500,0.681,0.000,0.319
605000,0.717,0.003,0.280
605500,0.730,0.006,0.264
606000,0.726,0.003,0.271
606500,0.709,0.004,0.287
607000,0.686,0.011,0.303
607500,0.677,0.007,0.316
608000,0.704,0.004,0.292
608500,0.682,0.002,0.316
609000,0.677,0.004,0.319
609500,0.683,0.017,0.300
610000,0.692,0.012,0.296
610500,0.691,0.009,0.300
611000,0.674,0.004,0.322
611500,0.645,0.009,0.346
612000,0.635,0.013,0.352
612500,0.642,0.013,0.345
613000,0.657,0.019,0.324
613500,0.664,0.030,0.306
614000,0.668,0.016,0.316
614500,0.684,0.014,0.302
615000,0.675,0.007,0.318
615500,0.700,0.007,0.293
616000,0.715,0.003,0.282
616500,0.715,0.005,0.280
617000,0.712,0.008,0.280
617500,0.682,0.004,0.314
618000,0.675,0.009,0.316
618500,0.694,0.002,0.304
619000,0.703,0.004,0.293
619500,0.704,0.007,0.289
620000,0.652,0.010,0.338
620500,0.662,0.014,0.324
621000,0.607,0.013,0.380
621500,0.594,0.012,0.394
622000,0.590,0.014,0.396
622500,0.583,0.031,0.386
623000,0.590,0.027,0.383
623500,0.581,0.039,0.380
624000,0.596,0.030,0.374
624500,0.591,0.019,0.390
625000,0.586,0.010,0.404
625500,0.603,0.015,0.382
626000,0.600,0.015,0.385
626500,0.594,0.016,0.390
627000,0.600,0.019,0.381
627500,0.614,0.017,0.369
628000,0.644,0.018,0.338
628500,0.654,0.017,0.329
629000,0.651,0.010,0.339
629500,0.641,0.015,0.344
630000,0.656,0.016,0.328
630500,0.656,0.014,0.330
631000,0.628,0.006,0.366
631500,0.630,0.007,0.363
632000,0.662,0.003,0.335
632500,0.677,0.006,0.317
633000,0.669,0.010,0.321
633500,0.667,0.008,0.325
634000,0.657,0.011,0.332
634500,0.681,0.011,0.308
635000,0.672,0.009,0.319
635500,0.677,0.010,0.313
636000,0.670,0.011,0.319
636500,0.689,0.013,0.298
637000,0.668,0.010,0.322
637500,0.643,0.010,0.347
638000,0.650,0.014,0.336
638500,0.679,0.007,0.314
639000,0.685,0.011,0.304
639500,0.687,0.011,0.302
640000,0.699,0.006,0.295
640500,0.666,0.005,0.329
641000,0.680,0.004,0.316
641500,0.669,0.010,0.321
642000,0.693,0.005,0.302
642500,0.646,0.009,0.345
643000,0.648,0.008,0.344
643500,0.663,0.013,0.324
644000,0.689,0.011,0.300
644500,0.662,0.013,0.325
645000,0.636,0.021,0.343
645500,0.656,0.015,0.329
646000,0.659,0.014,0.327
646500,0.633,0.014,0.353
647000,0.625,0.012,0.363
647500,0.656,0.013,0.331
648000,0.650,0.012,0.338
648500,0.649,0.008,0.343
649000,0.662,0.004,0.334
649500,0.678,0.006,0.316
650000,0.692,0.004,0.304
650500,0.689,0.010,0.301
651000,0.664,0.014,0.322
651500,0.649,0.015,0.336
652000,0.652,0.012,0.336
652500,0.693,0.009,0.298
653000,0.686,0.018,0.296
653500,0.682,0.009,0.309
654000,0.698,0.012,0.290
654500,0.696,0.014,0.290
655000,0.694,0.010,0.296
655500,0.675,0.012,0.313
656000,0.699,0.009,0.292
656500,0.688,0.015,0.297
657000,0.693,0.012,0.295
657500,0.700,0.011,0.289
658000,0.703,0.012,0.285
658500,0.655,0.008,0.337
659000,0.676,0.006,0.318
659500,0.667,0.007,0.326
660000,0.683,0.012,0.305
660500,0.667,0.011,0.322
661000,0.659,0.012,0.329
661500,0.661,0.011,0.328
662000,0.660,0.010,0.330
662500,0.664,0.009,0.327
663000,0.655,0.006,0.339
663500,0.672,0.002,0.326
664000,0.664,0.005,0.331
664500,0.632,0.002,0.366
665000,0.656,0.007,0.337
665500,0.678,0.010,0.312
666000,0.681,0.012,0.307
666500,0.676,0.005,0.319
667000,0.699,0.005,0.296
667500,0.726,0.002,0.272
668000,0.720,0.001,0.279
668500,0.721,0.003,0.276
669000,0.726,0.008,0.266
669500,0.723,0.009,0.268
670000,0.710,0.006,0.284
670500,0.718,0.005,0.277
671000,0.712,0.012,0.276
671500,0.684,0.012,0.304
672000,0.689,0.007,0.304
672500,0.708,0.008,0.284
673000,0.689,0.008,0.303
673500,0.669,0.005,0.326
674000,0.636,0.003,0.361
674500,0.647,0.006,0.347
675000,0.664,0.011,0.325
675500,0.658,0.013,0.329
676000,0.652,0.019,0.329
676500,0.651,0.016,0.333
677000,0.672,0.014,0.314
677500,0.672,0.010,0.318
678000,0.696,0.005,0.299
678500,0.681,0.011,0.308
679000,0.694,0.018,0.288
679500,0.690,0.014,0.296
680000,0.647,0.014,0.339
680500,0.652,0.013,0.335
681000,0.675,0.011,0.314
681500,0.663,0.015,0.322
682000,0.667,0.010,0.323
682500,0.678,0.005,0.317
683000,0.672,0.001,0.327
683500,0.678,0.009,0.313
684000,0.679,0.008,0.313
684500,0.692,0.007,0.301
685000,0.694,0.013,0.293
685500,0.659,0.013,0.328
686000,0.681,0.013,0.306
686500,0.670,0.014,0.316
687000,0.689,0.004,0.307
687500,0.708,0.001,0.291
688000,0.722,0.006,0.272
688500,0.694,0.006,0.300
689000,0.694,0.005,0.301
689500,0.688,0.010,0.302
690000,0.709,0.010,0.281
690500,0.696,0.012,0.292
691000,0.676,0.006,0.318
691500,0.672,0.009,0.319
692000,0.674,0.011,0.315
692500,0.684,0.007,0.309
693000,0.664,0.005,0.331
693500,0.664,0.006,0.330
694000,0.709,0.009,0.282
694500,0.726,0.010,0.264
695000,0.721,0.008,0.271
695500,0.708,0.008,0.284
696000,0.708,0.009,0.283
696500,0.712,0.015,0.273
697000,0.706,0.007,0.287
697500,0.708,0.002,0.290
698000,0.698,0.007,0.295
698500,0.717,0.010,0.273
699000,0.696,0.010,0.294
699500,0.708,0.005,0.287
700000,0.680,0.015,0.305
700500,0.636,0.017,0.347
701000,0.614,0.011,0.375
701500,0.628,0.015,0.357
702000,0.625,0.013,0.362
702500,0.642,0.023,0.335
703000,0.640,0.014,0.346
703500,0.662,0.010,0.328
704000,0.672,0.009,0.319
704500,0.668,0.005,0.327
705000,0.660,0.014,0.326
705500,0.677,0.012,0.311
706000,0.664,0.012,0.324
706500,0.639,0.015,0.346
707000,0.633,0.011,0.356
707500,0.628,0.020,0.352
708000,0.629,0.019,0.352
708500,0.616,0.023,0.361
709000,0.628,0.020,0.352
709500,0.617,0.022,0.361
710000,0.610,0.016,0.374
710500,0.622,0.013,0.365
711000,0.620,0.022,0.358
711500,0.611,0.020,0.369
712000,0.621,0.017,0.362
712500,0.608,0.023,0.369
713000,0.595,0.016,0.389
713500,0.595,0.016,0.389
714000,0.618,0.019,0.363
714500,0.584,0.018,0.398
715000,0.570,0.020,0.410
715500,0.614,0.012,0.374
716000,0.624,0.007,0.369
716500,0.615,0.014,0.371
717000,0.636,0.011,0.353
717500,0.631,0.012,0.357
718000,0.643,0.016,0.341
718500,0.644,0.016,0.340
719000,0.644,0.014,0.342
719500,0.638,0.019,0.343
720000,0.618,0.010,0.372
720500,0.642,0.016,0.342
721000,0.610,0.019,0.371
721500,0.634,0.011,0.355
722000,0.633,0.021,0.346
722500,0.632,0.018,0.350
723000,0.621,0.016,0.363
723500,0.639,0.017,0.344
724000,0.657,0.021,0.322
724500,0.672,0.017,0.311
725000,0.642,0.015,0.343
725500,0.628,0.019,0.353
726000,0.645,0.007,0.348
726500,0.657,0.006,0.337
727000,0.655,0.005,0.340
727500,0.665,0.005,0.330
728000,0.665,0.004,0.331
728500,0.704,0.003,0.293
729000,0.718,0.006,0.276
729500,0.740,0.003,0.257
730000,0.724,0.006,0.270
730500,0.722,0.005,0.273
731000,0.721,0.005,0.274
731500,0.706,0.006,0.288
732000,0.701,0.010,0.289
732500,0.677,0.008,0.315
733000,0.700,0.006,0.294
733500,0.693,0.004,0.303
734000,0.690,0.002,0.308
734500,0.695,0.003,0.302
735000,0.715,0.007,0.278
735500,0.750,0.002,0.248
736000,0.783,0.001,0.216
736500,0.797,0.000,0.203
737000,0.803,0.001,0.196
737500,0.816,0.001,0.183
738000,0.816,0.001,0.183
738500,0.831,0.000,0.169
739000,0.835,0.001,0.164
739500,0.828,0.000,0.172
740000,0.839,0.000,0.161
740500,0.845,0.002,0.153
741000,0.850,0.000,0.150
741500,0.830,0.000,0.170
742000,0.828,0.000,0.172
742500,0.811,0.000,0.189
743000,0.822,0.000,0.178
743500,0.822,0.000,0.178
744000,0.783,0.002,0.215
744500,0.737,0.004,0.259
745000,0.730,0.002,0.268
745500,0.718,0.001,0.281
746000,0.726,0.002,0.272
746500,0.701,0.008,0.291
747000,0.705,0.006,0.289
747500,0.701,0.003,0.296
748000,0.707,0.001,0.292
748500,0.745,0.004,0.251
749000,0.745,0.002,0.253
749500,0.746,0.007,0.247
750000,0.768,0.004,0.228
750500,0.773,0.001,0.226
751000,0.777,0.001,0.222
751500,0.753,0.004,0.243
752000,0.770,0.003,0.227
752500,0.742,0.004,0.254
753000,0.757,0.003,0.240
753500,0.736,0.005,0.259
754000,0.740,0.001,0.259
754500,0.740,0.006,0.254
755000,0.722,0.008,0.270
755500,0.711,0.008,0.281
756000,0.686,0.004,0.310
756500,0.660,0.002,0.338
757000,0.663,0.010,0.327
757500,0.652,0.016,0.332
758000,0.656,0.010,0.334
758500,0.640,0.011,0.349
759000,0.650,0.006,0.344
759500,0.669,0.010,0.321
760000,0.661,0.004,0.335
760500,0.663,0.003,0.334
761000,0.673,0.004,0.323
761500,0.674,0.007,0.319
762000,0.661,0.007,0.332
762500,0.674,0.003,0.323
763000,0.682,0.005,0.313
763500,0.686,0.002,0.312
764000,0.679,0.006,0.315
764500,0.703,0.010,0.287
765000,0.681,0.019,0.300
765500,0.675,0.019,0.306
766000,0.671,0.013,0.316
766500,0.658,0.010,0.332
767000,0.671,0.021,0.308
767500,0.639,0.014,0.347
768000,0.669,0.009,0.322
768500,0.662,0.011,0.327
769000,0.677,0.009,0.314
769500,0.678,0.011,0.311
770000,0.655,0.013,0.332
770500,0.649,0.010,0.341
771000,0.634,0.012,0.354
771500,0.634,0.017,0.349
772000,0.593,0.026,0.381
772500,0.581,0.024,0.395
773000,0.591,0.028,0.381
773500,0.588,0.026,0.386
774000,0.559,0.026,0.415
774500,0.562,0.026,0.412
775000,0.585,0.023,0.392
775500,0.606,0.023,0.371
776000,0.603,0.027,0.370
776500,0.592,0.029,0.379
777000,0.572,0.030,0.398
777500,0.565,0.023,0.412
778000,0.551,0.028,0.421
778500,0.531,0.033,0.436
779000,0.519,0.034,0.447
779500,0.519,0.046,0.435
780000,0.497,0.042,0.461
780500,0.548,0.028,0.424
781000,0.557,0.034,0.409
781500,0.582,0.032,0.386
782000,0.570,0.029,0.401
782500,0.573,0.029,0.398
783000,0.593,0.019,0.388
783500,0.618,0.019,0.363
784000,0.575,0.029,0.396
784500,0.593,0.018,0.389
785000,0.607,0.022,0.371
785500,0.596,0.025,0.379
786000,0.597,0.021,0.382
786500,0.599,0.014,0.387
787000,0.621,0.018,0.361
787500,0.616,0.024,0.360
788000,0.632,0.016,0.352
788500,0.606,0.016,0.378
789000,0.611,0.011,0.378
789500,0.639,0.015,0.346
790000,0.641,0.005,0.354
790500,0.644,0.011,0.345
791000,0.674,0.008,0.318
791500,0.674,0.011,0.315
792000,0.674,0.011,0.315
792500,0.662,0.013,0.325
793000,0.642,0.016,0.342
793500,0.587,0.022,0.391
794000,0.596,0.017,0.387
794500,0.601,0.010,0.389
795000,0.615,0.016,0.369
795500,0.601,0.012,0.387
796000,0.604,0.014,0.382
796500,0.604,0.012,0.384
797000,0.605,0.021,0.374
797500,0.622,0.014,0.364
798000,0.654,0.009,0.337
798500,0.662,0.010,0.328
799000,0.671,0.009,0.320
799500,0.674,0.008,0.318
800000,0.677,0.010,0.313
800500,0.680,0.009,0.311
801000,0.688,0.010,0.302
801500,0.674,0.006,0.320
802000,0.664,0.012,0.324
802500,0.668,0.006,0.326
803000,0.671,0.011,0.318
803500,0.645,0.012,0.343
