time,n_A+p,n_B,n_AB
100,0.030,0.947,0.023
200,0.030,0.931,0.039
300,0.030,0.898,0.072
400,0.030,0.849,0.121
500,0.030,0.800,0.170
600,0.030,0.714,0.256
700,0.031,0.654,0.315
800,0.031,0.578,0.391
900,0.031,0.503,0.466
1000,0.031,0.464,0.505
1100,0.031,0.391,0.578
1200,0.037,0.329,0.634
1300,0.038,0.284,0.678
1400,0.046,0.230,0.724
1500,0.053,0.207,0.740
1600,0.051,0.175,0.774
1700,0.051,0.133,0.816
1800,0.065,0.122,0.813
1900,0.065,0.147,0.788
2000,0.059,0.101,0.840
2100,0.086,0.087,0.827
2200,0.087,0.062,0.851
2300,0.075,0.047,0.878
2400,0.080,0.036,0.884
2500,0.111,0.050,0.839
2600,0.114,0.049,0.837
2700,0.121,0.053,0.826
2800,0.115,0.049,0.836
2900,0.092,0.055,0.853
3000,0.089,0.047,0.864
3100,0.087,0.043,0.870
3200,0.081,0.046,0.873
3300,0.078,0.064,0.858
3400,0.092,0.062,0.846
3500,0.156,0.049,0.795
3600,0.162,0.060,0.778
3700,0.128,0.048,0.824
3800,0.120,0.056,0.824
3900,0.116,0.053,0.831
4000,0.108,0.043,0.849
4100,0.096,0.061,0.843
4200,0.117,0.065,0.818
4300,0.097,0.069,0.834
4400,0.117,0.077,0.806
4500,0.090,0.041,0.869
4600,0.107,0.044,0.849
4700,0.117,0.038,0.845
4800,0.116,0.030,0.854
4900,0.103,0.036,0.861
5000,0.123,0.026,0.851
5100,0.118,0.040,0.842
5200,0.133,0.046,0.821
5300,0.113,0.042,0.845
5400,0.103,0.048,0.849
5500,0.108,0.049,0.843
5600,0.107,0.032,0.861
5700,0.106,0.022,0.872
5800,0.102,0.038,0.860
5900,0.115,0.040,0.845
6000,0.141,0.026,0.833
6100,0.158,0.024,0.818
6200,0.144,0.042,0.814
6300,0.177,0.040,0.783
6400,0.161,0.029,0.810
6500,0.150,0.029,0.821
6600,0.137,0.028,0.835
6700,0.147,0.022,0.831
6800,0.146,0.023,0.831
6900,0.127,0.042,0.831
7000,0.173,0.032,0.795
7100,0.170,0.026,0.804
7200,0.168,0.021,0.811
7300,0.148,0.020,0.832
7400,0.141,0.045,0.814
7500,0.148,0.043,0.809
7600,0.173,0.041,0.786
7700,0.155,0.036,0.809
7800,0.131,0.050,0.819
7900,0.110,0.055,0.835
8000,0.108,0.052,0.840
8100,0.114,0.037,0.849
8200,0.166,0.029,0.805
8300,0.167,0.024,0.809
8400,0.157,0.025,0.818
8500,0.158,0.020,0.822
8600,0.176,0.017,0.807
8700,0.166,0.014,0.820
8800,0.167,0.008,0.825
8900,0.152,0.015,0.833
9000,0.181,0.016,0.803
9100,0.185,0.020,0.795
9200,0.215,0.018,0.767
9300,0.245,0.020,0.735
9400,0.226,0.025,0.749
9500,0.175,0.018,0.807
9600,0.167,0.014,0.819
9700,0.202,0.010,0.788
9800,0.192,0.010,0.798
9900,0.187,0.015,0.798
10000,0.222,0.012,0.766
10100,0.216,0.018,0.766
10200,0.179,0.014,0.807
10300,0.173,0.015,0.812
10400,0.204,0.014,0.782
10500,0.200,0.024,0.776
10600,0.207,0.021,0.772
10700,0.183,0.025,0.792
10800,0.168,0.028,0.804
10900,0.178,0.019,0.803
11000,0.180,0.024,0.796
11100,0.169,0.029,0.802
11200,0.169,0.022,0.809
11300,0.189,0.024,0.787
11400,0.199,0.025,0.776
11500,0.191,0.026,0.783
11600,0.174,0.015,0.811
11700,0.156,0.028,0.816
11800,0.198,0.020,0.782
11900,0.208,0.024,0.768
12000,0.167,0.019,0.814
12100,0.193,0.026,0.781
12200,0.185,0.044,0.771
12300,0.193,0.039,0.768
12400,0.178,0.037,0.785
12500,0.178,0.039,0.783
12600,0.165,0.027,0.808
12700,0.198,0.033,0.769
12800,0.170,0.032,0.798
12900,0.174,0.030,0.796
13000,0.138,0.032,0.830
13100,0.131,0.042,0.827
13200,0.127,0.046,0.827
13300,0.113,0.041,0.846
13400,0.094,0.034,0.872
13500,0.116,0.035,0.849
13600,0.129,0.032,0.839
13700,0.165,0.021,0.814
13800,0.161,0.037,0.802
13900,0.151,0.021,0.828
14000,0.144,0.020,0.836
14100,0.147,0.027,0.826
14200,0.160,0.023,0.817
14300,0.153,0.025,0.822
14400,0.129,0.023,0.848
14500,0.139,0.030,0.831
14600,0.118,0.031,0.851
14700,0.130,0.032,0.838
14800,0.144,0.032,0.824
14900,0.121,0.040,0.839
15000,0.121,0.047,0.832
15100,0.106,0.035,0.859
15200,0.097,0.046,0.857
15300,0.115,0.050,0.835
15400,0.145,0.034,0.821
15500,0.169,0.024,0.807
15600,0.141,0.027,0.832
15700,0.111,0.031,0.858
15800,0.104,0.046,0.850
15900,0.111,0.043,0.846
16000,0.126,0.048,0.826
16100,0.120,0.062,0.818
16200,0.132,0.080,0.788
16300,0.120,0.077,0.803
16400,0.130,0.055,0.815
16500,0.137,0.056,0.807
16600,0.109,0.074,0.817
16700,0.116,0.058,0.826
16800,0.107,0.073,0.820
16900,0.106,0.071,0.823
17000,0.106,0.053,0.841
17100,0.101,0.073,0.826
17200,0.096,0.073,0.831
17300,0.076,0.074,0.850
17400,0.101,0.068,0.831
17500,0.086,0.083,0.831
17600,0.096,0.053,0.851
17700,0.087,0.045,0.868
17800,0.127,0.046,0.827
17900,0.117,0.045,0.838
18000,0.113,0.048,0.839
18100,0.127,0.064,0.809
18200,0.121,0.061,0.818
18300,0.116,0.043,0.841
18400,0.109,0.055,0.836
18500,0.128,0.034,0.838
18600,0.105,0.031,0.864
18700,0.094,0.029,0.877
18800,0.095,0.024,0.881
18900,0.108,0.036,0.856
19000,0.110,0.050,0.840
19100,0.101,0.043,0.856
19200,0.135,0.032,0.833
19300,0.099,0.043,0.858
19400,0.091,0.052,0.857
19500,0.085,0.047,0.868
19600,0.071,0.061,0.868
19700,0.069,0.093,0.838
19800,0.064,0.093,0.843
19900,0.069,0.132,0.799
20000,0.067,0.112,0.821
20100,0.075,0.106,0.819
20200,0.082,0.091,0.827
20300,0.069,0.077,0.854
20400,0.093,0.067,0.840
20500,0.096,0.069,0.835
20600,0.110,0.073,0.817
20700,0.123,0.066,0.811
20800,0.123,0.050,0.827
20900,0.124,0.052,0.824
21000,0.151,0.037,0.812
21100,0.136,0.041,0.823
21200,0.141,0.035,0.824
21300,0.132,0.030,0.838
21400,0.145,0.032,0.823
21500,0.138,0.033,0.829
21600,0.121,0.027,0.852
21700,0.109,0.033,0.858
21800,0.150,0.031,0.819
21900,0.135,0.023,0.842
22000,0.156,0.028,0.816
22100,0.144,0.042,0.814
22200,0.127,0.053,0.820
22300,0.120,0.043,0.837
22400,0.109,0.049,0.842
22500,0.116,0.029,0.855
22600,0.138,0.024,0.838
22700,0.140,0.023,0.837
22800,0.136,0.027,0.837
22900,0.128,0.018,0.854
23000,0.127,0.025,0.848
23100,0.116,0.024,0.860
23200,0.121,0.024,0.855
23300,0.117,0.025,0.858
23400,0.144,0.023,0.833
23500,0.142,0.020,0.838
23600,0.118,0.017,0.865
23700,0.111,0.019,0.870
23800,0.153,0.013,0.834
23900,0.128,0.013,0.859
24000,0.136,0.019,0.845
24100,0.128,0.020,0.852
24200,0.140,0.020,0.840
24300,0.148,0.024,0.828
24400,0.157,0.023,0.820
24500,0.153,0.026,0.821
24600,0.133,0.036,0.831
24700,0.137,0.026,0.837
24800,0.151,0.023,0.826
24900,0.131,0.025,0.844
25000,0.124,0.029,0.847
25100,0.134,0.029,0.837
25200,0.164,0.029,0.807
25300,0.205,0.033,0.762
25400,0.204,0.028,0.768
25500,0.182,0.035,0.783
25600,0.198,0.033,0.769
25700,0.191,0.028,0.781
25800,0.180,0.026,0.794
25900,0.166,0.034,0.800
26000,0.129,0.032,0.839
26100,0.138,0.022,0.840
26200,0.121,0.033,0.846
26300,0.134,0.022,0.844
26400,0.163,0.016,0.821
26500,0.159,0.008,0.833
26600,0.134,0.010,0.856
26700,0.179,0.012,0.809
26800,0.225,0.009,0.766
26900,0.199,0.013,0.788
27000,0.185,0.012,0.803
27100,0.161,0.012,0.827
27200,0.160,0.020,0.820
27300,0.165,0.023,0.812
27400,0.177,0.038,0.785
27500,0.158,0.036,0.806
27600,0.179,0.035,0.786
27700,0.158,0.029,0.813
27800,0.166,0.028,0.806
27900,0.158,0.045,0.797
28000,0.161,0.032,0.807
28100,0.146,0.029,0.825
28200,0.136,0.025,0.839
28300,0.180,0.021,0.799
28400,0.152,0.024,0.824
28500,0.158,0.019,0.823
28600,0.158,0.022,0.820
28700,0.157,0.027,0.816
28800,0.118,0.024,0.858
28900,0.113,0.027,0.860
29000,0.108,0.033,0.859
29100,0.108,0.049,0.843
29200,0.115,0.032,0.853
29300,0.110,0.033,0.857
29400,0.119,0.023,0.858
29500,0.107,0.016,0.877
29600,0.099,0.021,0.880
29700,0.085,0.022,0.893
29800,0.087,0.028,0.885
29900,0.115,0.020,0.865
30000,0.102,0.032,0.866
30100,0.109,0.045,0.846
30200,0.148,0.052,0.800
30300,0.144,0.039,0.817
30400,0.144,0.046,0.810
30500,0.128,0.037,0.835
30600,0.146,0.045,0.809
30700,0.131,0.048,0.821
30800,0.106,0.054,0.840
30900,0.139,0.065,0.796
31000,0.135,0.064,0.801
31100,0.125,0.060,0.815
31200,0.117,0.055,0.828
31300,0.116,0.055,0.829
31400,0.109,0.069,0.822
31500,0.097,0.049,0.854
31600,0.081,0.076,0.843
31700,0.092,0.079,0.829
31800,0.088,0.065,0.847
31900,0.094,0.055,0.851
32000,0.109,0.045,0.846
32100,0.090,0.039,0.871
32200,0.086,0.040,0.874
32300,0.084,0.031,0.885
32400,0.111,0.020,0.869
32500,0.145,0.025,0.830
32600,0.135,0.034,0.831
32700,0.121,0.034,0.845
32800,0.129,0.031,0.840
32900,0.138,0.029,0.833
33000,0.154,0.022,0.824
33100,0.151,0.019,0.830
33200,0.143,0.013,0.844
33300,0.131,0.012,0.857
33400,0.133,0.031,0.836
33500,0.124,0.043,0.833
33600,0.128,0.040,0.832
33700,0.114,0.046,0.840
33800,0.115,0.042,0.843
33900,0.101,0.039,0.860
34000,0.106,0.039,0.855
34100,0.117,0.024,0.859
34200,0.110,0.030,0.860
34300,0.133,0.032,0.835
34400,0.111,0.036,0.853
34500,0.111,0.054,0.835
34600,0.129,0.039,0.832
34700,0.153,0.022,0.825
34800,0.122,0.031,0.847
34900,0.128,0.039,0.833
35000,0.133,0.044,0.823
35100,0.118,0.041,0.841
35200,0.120,0.042,0.838
35300,0.121,0.056,0.823
35400,0.117,0.075,0.808
35500,0.114,0.062,0.824
35600,0.120,0.044,0.836
35700,0.103,0.038,0.859
35800,0.122,0.039,0.839
35900,0.126,0.032,0.842
36000,0.124,0.030,0.846
36100,0.108,0.025,0.867
36200,0.134,0.026,0.840
36300,0.147,0.027,0.826
36400,0.163,0.023,0.814
36500,0.178,0.018,0.804
36600,0.159,0.018,0.823
36700,0.183,0.027,0.790
36800,0.177,0.034,0.789
36900,0.172,0.036,0.792
37000,0.168,0.048,0.784
37100,0.135,0.045,0.820
37200,0.116,0.035,0.849
37300,0.111,0.047,0.842
37400,0.092,0.042,0.866
37500,0.096,0.031,0.873
37600,0.099,0.036,0.865
37700,0.147,0.032,0.821
37800,0.166,0.023,0.811
37900,0.212,0.038,0.750
38000,0.172,0.025,0.803
38100,0.150,0.017,0.833
38200,0.151,0.021,0.828
38300,0.189,0.016,0.795
38400,0.167,0.008,0.825
38500,0.194,0.008,0.798
38600,0.224,0.014,0.762
38700,0.230,0.018,0.752
38800,0.238,0.021,0.741
38900,0.252,0.018,0.730
39000,0.239,0.019,0.742
39100,0.247,0.017,0.736
39200,0.201,0.016,0.783
39300,0.206,0.017,0.777
39400,0.212,0.019,0.769
39500,0.247,0.024,0.729
39600,0.205,0.018,0.777
39700,0.185,0.025,0.790
39800,0.139,0.021,0.840
39900,0.149,0.015,0.836
40000,0.123,0.030,0.847
40100,0.101,0.032,0.867
40200,0.106,0.026,0.868
40300,0.107,0.024,0.869
40400,0.115,0.026,0.859
40500,0.126,0.017,0.857
40600,0.116,0.029,0.855
40700,0.146,0.028,0.826
40800,0.151,0.026,0.823
40900,0.166,0.021,0.813
41000,0.140,0.032,0.828
41100,0.111,0.028,0.861
41200,0.112,0.032,0.856
41300,0.132,0.033,0.835
41400,0.135,0.035,0.830
41500,0.142,0.065,0.793
41600,0.151,0.048,0.801
41700,0.143,0.047,0.810
41800,0.131,0.042,0.827
41900,0.127,0.030,0.843
42000,0.117,0.029,0.854
42100,0.130,0.025,0.845
42200,0.099,0.054,0.847
42300,0.132,0.038,0.830
42400,0.127,0.026,0.847
42500,0.136,0.045,0.819
42600,0.143,0.049,0.808
42700,0.146,0.047,0.807
42800,0.170,0.066,0.764
42900,0.142,0.064,0.794
43000,0.104,0.059,0.837
43100,0.104,0.045,0.851
43200,0.100,0.082,0.818
43300,0.123,0.063,0.814
43400,0.108,0.060,0.832
43500,0.126,0.050,0.824
43600,0.118,0.051,0.831
43700,0.109,0.060,0.831
43800,0.115,0.049,0.836
43900,0.100,0.043,0.857
44000,0.097,0.054,0.849
44100,0.103,0.049,0.848
44200,0.106,0.033,0.861
44300,0.091,0.023,0.886
44400,0.110,0.032,0.858
44500,0.106,0.025,0.869
44600,0.104,0.018,0.878
44700,0.119,0.023,0.858
44800,0.121,0.035,0.844
44900,0.172,0.020,0.808
45000,0.190,0.014,0.796
45100,0.181,0.019,0.800
45200,0.216,0.016,0.768
45300,0.204,0.010,0.786
45400,0.225,0.022,0.753
45500,0.195,0.026,0.779
45600,0.250,0.016,0.734
45700,0.226,0.019,0.755
45800,0.207,0.022,0.771
45900,0.173,0.018,0.809
46000,0.226,0.023,0.751
46100,0.220,0.020,0.760
46200,0.188,0.025,0.787
46300,0.189,0.019,0.792
46400,0.155,0.023,0.822
46500,0.188,0.024,0.788
46600,0.187,0.031,0.782
46700,0.217,0.027,0.756
46800,0.208,0.025,0.767
46900,0.189,0.016,0.795
47000,0.186,0.015,0.799
47100,0.183,0.012,0.805
47200,0.164,0.019,0.817
47300,0.158,0.017,0.825
47400,0.206,0.017,0.777
47500,0.199,0.027,0.774
47600,0.201,0.022,0.777
47700,0.190,0.018,0.792
47800,0.162,0.044,0.794
47900,0.168,0.030,0.802
48000,0.144,0.031,0.825
48100,0.126,0.017,0.857
48200,0.110,0.030,0.860
48300,0.118,0.038,0.844
48400,0.107,0.035,0.858
48500,0.095,0.036,0.869
48600,0.101,0.047,0.852
48700,0.116,0.042,0.842
48800,0.134,0.031,0.835
48900,0.152,0.026,0.822
49000,0.205,0.024,0.771
49100,0.206,0.025,0.769
49200,0.191,0.029,0.780
49300,0.196,0.036,0.768
49400,0.167,0.034,0.799
49500,0.150,0.022,0.828
49600,0.158,0.024,0.818
49700,0.128,0.034,0.838
49800,0.156,0.041,0.803
49900,0.160,0.042,0.798
50000,0.175,0.038,0.787
50100,0.144,0.030,0.826
50200,0.137,0.034,0.829
50300,0.110,0.031,0.859
50400,0.117,0.046,0.837
50500,0.103,0.032,0.865
50600,0.099,0.031,0.870
50700,0.151,0.052,0.797
50800,0.125,0.046,0.829
50900,0.135,0.038,0.827
51000,0.129,0.041,0.830
51100,0.130,0.054,0.816
51200,0.118,0.041,0.841
51300,0.141,0.026,0.833
51400,0.163,0.040,0.797
51500,0.144,0.040,0.816
51600,0.145,0.054,0.801
51700,0.163,0.045,0.792
51800,0.146,0.047,0.807
51900,0.163,0.043,0.794
52000,0.148,0.038,0.814
52100,0.171,0.052,0.777
52200,0.157,0.049,0.794
52300,0.134,0.040,0.826
52400,0.132,0.040,0.828
52500,0.143,0.043,0.814
52600,0.146,0.045,0.809
52700,0.156,0.042,0.802
52800,0.154,0.029,0.817
52900,0.161,0.022,0.817
53000,0.175,0.018,0.807
53100,0.225,0.017,0.758
53200,0.229,0.014,0.757
53300,0.223,0.021,0.756
53400,0.195,0.026,0.779
53500,0.185,0.024,0.791
53600,0.192,0.024,0.784
53700,0.185,0.035,0.780
53800,0.174,0.036,0.790
53900,0.165,0.029,0.806
54000,0.178,0.028,0.794
54100,0.166,0.027,0.807
54200,0.178,0.025,0.797
54300,0.170,0.042,0.788
54400,0.145,0.029,0.826
54500,0.152,0.025,0.823
54600,0.124,0.033,0.843
54700,0.116,0.035,0.849
54800,0.133,0.041,0.826
54900,0.143,0.035,0.822
55000,0.177,0.032,0.791
55100,0.171,0.025,0.804
55200,0.235,0.028,0.737
55300,0.181,0.037,0.782
55400,0.146,0.048,0.806
55500,0.147,0.045,0.808
55600,0.185,0.036,0.779
55700,0.176,0.034,0.790
55800,0.154,0.028,0.818
55900,0.156,0.030,0.814
56000,0.143,0.031,0.826
56100,0.148,0.019,0.833
56200,0.118,0.032,0.850
56300,0.103,0.032,0.865
56400,0.130,0.034,0.836
56500,0.146,0.029,0.825
56600,0.132,0.027,0.841
56700,0.127,0.038,0.835
56800,0.116,0.038,0.846
56900,0.107,0.034,0.859
57000,0.108,0.031,0.861
57100,0.133,0.031,0.836
57200,0.123,0.032,0.845
57300,0.105,0.027,0.868
57400,0.145,0.026,0.829
57500,0.152,0.019,0.829
57600,0.169,0.032,0.799
57700,0.141,0.038,0.821
57800,0.120,0.032,0.848
57900,0.124,0.038,0.838
58000,0.170,0.023,0.807
58100,0.173,0.020,0.807
58200,0.199,0.016,0.785
58300,0.163,0.041,0.796
58400,0.137,0.036,0.827
58500,0.149,0.030,0.821
58600,0.200,0.033,0.767
58700,0.184,0.030,0.786
58800,0.179,0.018,0.803
58900,0.183,0.013,0.804
59000,0.166,0.012,0.822
59100,0.173,0.010,0.817
59200,0.218,0.011,0.771
59300,0.209,0.014,0.777
59400,0.193,0.012,0.795
59500,0.200,0.012,0.788
59600,0.168,0.009,0.823
59700,0.153,0.016,0.831
59800,0.137,0.024,0.839
59900,0.136,0.020,0.844
60000,0.147,0.014,0.839
60100,0.177,0.014,0.809
60200,0.166,0.021,0.813
60300,0.184,0.022,0.794
60400,0.221,0.019,0.760
60500,0.246,0.009,0.745
60600,0.206,0.009,0.785
60700,0.211,0.024,0.765
60800,0.231,0.022,0.747
60900,0.210,0.010,0.780
61000,0.182,0.009,0.809
61100,0.173,0.006,0.821
61200,0.183,0.009,0.808
61300,0.150,0.007,0.843
61400,0.167,0.013,0.820
61500,0.139,0.030,0.831
61600,0.129,0.023,0.848
61700,0.123,0.021,0.856
61800,0.114,0.025,0.861
61900,0.133,0.050,0.817
62000,0.123,0.062,0.815
62100,0.114,0.067,0.819
62200,0.107,0.064,0.829
62300,0.114,0.050,0.836
62400,0.116,0.051,0.833
62500,0.131,0.039,0.830
62600,0.136,0.031,0.833
62700,0.154,0.024,0.822
62800,0.154,0.028,0.818
62900,0.158,0.025,0.817
63000,0.141,0.030,0.829
63100,0.161,0.022,0.817
63200,0.164,0.019,0.817
63300,0.182,0.020,0.798
63400,0.169,0.035,0.796
63500,0.172,0.034,0.794
63600,0.200,0.037,0.763
63700,0.182,0.036,0.782
63800,0.151,0.035,0.814
63900,0.164,0.023,0.813
64000,0.155,0.030,0.815
64100,0.157,0.022,0.821
64200,0.156,0.023,0.821
64300,0.161,0.030,0.809
64400,0.170,0.026,0.804
64500,0.136,0.032,0.832
64600,0.107,0.046,0.847
64700,0.104,0.055,0.841
64800,0.101,0.040,0.859
64900,0.148,0.039,0.813
65000,0.173,0.024,0.803
65100,0.165,0.033,0.802
65200,0.149,0.027,0.824
65300,0.163,0.030,0.807
65400,0.193,0.027,0.780
65500,0.169,0.019,0.812
65600,0.162,0.024,0.814
65700,0.164,0.017,0.819
65800,0.146,0.023,0.831
65900,0.143,0.036,0.821
66000,0.157,0.035,0.808
66100,0.148,0.036,0.816
66200,0.163,0.031,0.806
66300,0.183,0.031,0.786
66400,0.155,0.040,0.805
66500,0.122,0.038,0.840
66600,0.123,0.049,0.828
66700,0.104,0.045,0.851
66800,0.086,0.046,0.868
66900,0.119,0.068,0.813
67000,0.135,0.040,0.825
67100,0.161,0.041,0.798
67200,0.142,0.030,0.828
67300,0.130,0.027,0.843
67400,0.104,0.025,0.871
67500,0.111,0.029,0.860
67600,0.136,0.021,0.843
67700,0.103,0.021,0.876
67800,0.088,0.029,0.883
67900,0.078,0.048,0.874
68000,0.091,0.049,0.860
68100,0.101,0.048,0.851
68200,0.089,0.047,0.864
68300,0.113,0.039,0.848
68400,0.095,0.041,0.864
68500,0.083,0.049,0.868
68600,0.104,0.047,0.849
68700,0.089,0.045,0.866
68800,0.107,0.047,0.846
68900,0.101,0.041,0.858
69000,0.099,0.055,0.846
69100,0.111,0.041,0.848
69200,0.134,0.037,0.829
69300,0.125,0.035,0.840
69400,0.134,0.027,0.839
69500,0.112,0.055,0.833
69600,0.094,0.051,0.855
69700,0.089,0.056,0.855
69800,0.105,0.058,0.837
69900,0.088,0.059,0.853
70000,0.106,0.043,0.851
70100,0.127,0.044,0.829
70200,0.144,0.067,0.789
70300,0.121,0.066,0.813
70400,0.107,0.057,0.836
70500,0.105,0.043,0.852
70600,0.128,0.036,0.836
70700,0.143,0.029,0.828
70800,0.127,0.033,0.840
70900,0.124,0.034,0.842
71000,0.138,0.031,0.831
71100,0.151,0.050,0.799
71200,0.140,0.037,0.823
71300,0.130,0.041,0.829
71400,0.121,0.044,0.835
71500,0.133,0.035,0.832
71600,0.119,0.029,0.852
71700,0.117,0.036,0.847
71800,0.116,0.038,0.846
71900,0.109,0.043,0.848
72000,0.102,0.035,0.863
72100,0.124,0.069,0.807
72200,0.116,0.077,0.807
72300,0.101,0.075,0.824
72400,0.106,0.053,0.841
72500,0.108,0.041,0.851
72600,0.129,0.037,0.834
72700,0.175,0.038,0.787
72800,0.167,0.037,0.796
72900,0.180,0.036,0.784
73000,0.174,0.036,0.790
73100,0.147,0.029,0.824
73200,0.145,0.019,0.836
73300,0.145,0.015,0.840
73400,0.147,0.017,0.836
73500,0.150,0.032,0.818
73600,0.128,0.057,0.815
73700,0.122,0.043,0.835
73800,0.127,0.040,0.833
73900,0.149,0.028,0.823
74000,0.157,0.032,0.811
74100,0.142,0.026,0.832
74200,0.108,0.033,0.859
74300,0.131,0.032,0.837
74400,0.149,0.031,0.820
74500,0.142,0.027,0.831
74600,0.186,0.034,0.780
74700,0.165,0.035,0.800
74800,0.150,0.028,0.822
74900,0.127,0.023,0.850
75000,0.131,0.021,0.848
75100,0.147,0.021,0.832
75200,0.136,0.015,0.849
75300,0.152,0.013,0.835
75400,0.192,0.012,0.796
75500,0.202,0.014,0.784
75600,0.234,0.015,0.751
75700,0.245,0.011,0.744
75800,0.248,0.009,0.743
75900,0.227,0.009,0.764
76000,0.209,0.010,0.781
76100,0.200,0.007,0.793
76200,0.221,0.011,0.768
76300,0.188,0.013,0.799
76400,0.227,0.013,0.760
76500,0.235,0.011,0.754
76600,0.243,0.012,0.745
76700,0.259,0.018,0.723
76800,0.245,0.012,0.743
76900,0.234,0.035,0.731
77000,0.215,0.051,0.734
77100,0.180,0.033,0.787
77200,0.175,0.028,0.797
77300,0.175,0.030,0.795
77400,0.167,0.025,0.808
77500,0.146,0.028,0.826
77600,0.161,0.031,0.808
77700,0.160,0.024,0.816
77800,0.119,0.026,0.855
77900,0.130,0.020,0.850
78000,0.124,0.040,0.836
78100,0.140,0.040,0.820
78200,0.117,0.039,0.844
78300,0.119,0.040,0.841
78400,0.101,0.051,0.848
78500,0.106,0.065,0.829
78600,0.093,0.073,0.834
78700,0.090,0.113,0.797
78800,0.087,0.093,0.820
78900,0.078,0.079,0.843
79000,0.074,0.082,0.844
79100,0.080,0.091,0.829
79200,0.065,0.097,0.838
79300,0.066,0.115,0.819
79400,0.075,0.104,0.821
79500,0.077,0.093,0.830
79600,0.085,0.080,0.835
79700,0.068,0.077,0.855
79800,0.098,0.076,0.826
79900,0.101,0.055,0.844
80000,0.103,0.046,0.851
80100,0.101,0.048,0.851
80200,0.118,0.036,0.846
80300,0.124,0.031,0.845
80400,0.127,0.022,0.851
80500,0.157,0.020,0.823
80600,0.134,0.025,0.841
80700,0.135,0.024,0.841
80800,0.130,0.045,0.825
80900,0.130,0.043,0.827
81000,0.126,0.048,0.826
81100,0.143,0.042,0.815
81200,0.145,0.032,0.823
81300,0.169,0.019,0.812
81400,0.198,0.014,0.788
81500,0.189,0.012,0.799
81600,0.201,0.014,0.785
81700,0.225,0.018,0.757
81800,0.221,0.014,0.765
81900,0.221,0.009,0.770
82000,0.216,0.013,0.771
82100,0.259,0.013,0.728
82200,0.215,0.019,0.766
82300,0.178,0.022,0.800
82400,0.185,0.034,0.781
82500,0.144,0.028,0.828
82600,0.121,0.028,0.851
82700,0.145,0.022,0.833
82800,0.133,0.020,0.847
82900,0.120,0.017,0.863
83000,0.126,0.018,0.856
83100,0.117,0.012,0.871
83200,0.125,0.025,0.850
83300,0.112,0.022,0.866
83400,0.123,0.017,0.860
83500,0.117,0.019,0.864
83600,0.128,0.016,0.856
83700,0.125,0.024,0.851
83800,0.130,0.019,0.851
83900,0.111,0.029,0.860
84000,0.138,0.028,0.834
84100,0.106,0.019,0.875
84200,0.095,0.014,0.891
84300,0.150,0.015,0.835
84400,0.136,0.024,0.840
84500,0.142,0.024,0.834
84600,0.139,0.038,0.823
84700,0.131,0.029,0.840
84800,0.102,0.040,0.858
84900,0.090,0.053,0.857
85000,0.122,0.063,0.815
85100,0.137,0.045,0.818
85200,0.152,0.046,0.802
85300,0.155,0.032,0.813
85400,0.118,0.037,0.845
85500,0.106,0.044,0.850
85600,0.141,0.039,0.820
85700,0.141,0.045,0.814
85800,0.130,0.042,0.828
85900,0.160,0.032,0.808
86000,0.184,0.036,0.780
86100,0.153,0.031,0.816
86200,0.159,0.033,0.808
86300,0.151,0.033,0.816
86400,0.128,0.030,0.842
86500,0.103,0.063,0.834
86600,0.110,0.067,0.823
86700,0.099,0.048,0.853
86800,0.123,0.042,0.835
86900,0.116,0.045,0.839
87000,0.124,0.071,0.805
87100,0.153,0.047,0.800
87200,0.167,0.047,0.786
87300,0.155,0.047,0.798
87400,0.141,0.044,0.815
87500,0.122,0.043,0.835
87600,0.118,0.077,0.805
87700,0.141,0.064,0.795
87800,0.120,0.052,0.828
87900,0.105,0.060,0.835
88000,0.098,0.057,0.845
88100,0.093,0.043,0.864
88200,0.108,0.034,0.858
88300,0.110,0.034,0.856
88400,0.129,0.020,0.851
88500,0.148,0.029,0.823
88600,0.152,0.046,0.802
88700,0.146,0.044,0.810
88800,0.156,0.045,0.799
88900,0.201,0.031,0.768
89000,0.178,0.033,0.789
89100,0.166,0.044,0.790
89200,0.189,0.042,0.769
89300,0.159,0.039,0.802
89400,0.148,0.040,0.812
89500,0.129,0.039,0.832
89600,0.149,0.034,0.817
89700,0.153,0.036,0.811
89800,0.162,0.035,0.803
89900,0.138,0.027,0.835
90000,0.125,0.027,0.848
90100,0.139,0.030,0.831
90200,0.131,0.041,0.828
90300,0.122,0.031,0.847
90400,0.139,0.032,0.829
90500,0.130,0.041,0.829
90600,0.141,0.042,0.817
90700,0.123,0.032,0.845
90800,0.169,0.045,0.786
90900,0.154,0.033,0.813
91000,0.161,0.034,0.805
91100,0.219,0.027,0.754
91200,0.175,0.029,0.796
91300,0.133,0.038,0.829
91400,0.156,0.031,0.813
91500,0.129,0.037,0.834
91600,0.134,0.046,0.820
91700,0.150,0.041,0.809
91800,0.140,0.044,0.816
91900,0.130,0.039,0.831
92000,0.163,0.035,0.802
92100,0.151,0.043,0.806
92200,0.171,0.031,0.798
92300,0.152,0.032,0.816
92400,0.166,0.030,0.804
92500,0.148,0.027,0.825
92600,0.134,0.019,0.847
92700,0.116,0.035,0.849
92800,0.139,0.048,0.813
92900,0.141,0.039,0.820
93000,0.146,0.038,0.816
93100,0.131,0.038,0.831
93200,0.113,0.038,0.849
93300,0.109,0.037,0.854
93400,0.100,0.028,0.872
93500,0.134,0.029,0.837
93600,0.123,0.046,0.831
93700,0.125,0.044,0.831
93800,0.136,0.058,0.806
93900,0.139,0.044,0.817
94000,0.122,0.038,0.840
94100,0.135,0.046,0.819
94200,0.151,0.037,0.812
94300,0.146,0.037,0.817
94400,0.161,0.023,0.816
94500,0.164,0.021,0.815
94600,0.149,0.031,0.820
94700,0.148,0.023,0.829
94800,0.124,0.030,0.846
94900,0.144,0.038,0.818
95000,0.158,0.033,0.809
95100,0.134,0.027,0.839
95200,0.158,0.029,0.813
95300,0.130,0.037,0.833
95400,0.126,0.027,0.847
95500,0.112,0.023,0.865
95600,0.107,0.049,0.844
95700,0.111,0.043,0.846
95800,0.123,0.028,0.849
95900,0.117,0.052,0.831
96000,0.120,0.041,0.839
96100,0.121,0.033,0.846
96200,0.114,0.024,0.862
96300,0.118,0.020,0.862
96400,0.115,0.026,0.859
96500,0.169,0.028,0.803
96600,0.148,0.022,0.830
96700,0.188,0.018,0.794
96800,0.169,0.019,0.812
96900,0.176,0.017,0.807
97000,0.187,0.029,0.784
97100,0.185,0.022,0.793
97200,0.226,0.022,0.752
97300,0.222,0.024,0.754
97400,0.218,0.023,0.759
97500,0.204,0.022,0.774
97600,0.179,0.021,0.800
97700,0.139,0.024,0.837
97800,0.149,0.019,0.832
97900,0.158,0.043,0.799
98000,0.152,0.045,0.803
98100,0.181,0.036,0.783
98200,0.161,0.035,0.804
98300,0.194,0.021,0.785
98400,0.152,0.017,0.831
98500,0.160,0.020,0.820
98600,0.133,0.021,0.846
98700,0.128,0.011,0.861
98800,0.168,0.014,0.818
98900,0.163,0.021,0.816
99000,0.177,0.017,0.806
99100,0.162,0.021,0.817
99200,0.119,0.032,0.849
99300,0.102,0.027,0.871
99400,0.095,0.038,0.867
99500,0.077,0.035,0.888
99600,0.088,0.049,0.863
99700,0.079,0.043,0.878
99800,0.090,0.034,0.876
99900,0.100,0.026,0.874
100000,0.098,0.018,0.884
