time,n_A+p,n_B,n_AB
100,0.335,0.442,0.223
200,0.281,0.376,0.343
300,0.264,0.430,0.306
400,0.252,0.343,0.405
500,0.248,0.302,0.450
600,0.240,0.331,0.430
700,0.202,0.397,0.401
800,0.240,0.417,0.343
900,0.260,0.442,0.298
1000,0.211,0.397,0.393
1100,0.202,0.467,0.331
1200,0.182,0.488,0.331
1300,0.174,0.533,0.293
1400,0.186,0.488,0.326
1500,0.207,0.508,0.285
1600,0.128,0.508,0.364
1700,0.120,0.537,0.343
1800,0.124,0.566,0.310
1900,0.149,0.554,0.298
2000,0.153,0.603,0.244
2100,0.107,0.616,0.277
2200,0.074,0.624,0.302
2300,0.079,0.616,0.306
2400,0.083,0.649,0.269
2500,0.070,0.682,0.248
2600,0.062,0.640,0.298
2700,0.050,0.690,0.260
2800,0.037,0.740,0.223
2900,0.025,0.773,0.202
3000,0.025,0.769,0.207
3100,0.017,0.769,0.215
3200,0.021,0.810,0.169
3300,0.021,0.843,0.136
3400,0.021,0.884,0.095
3500,0.021,0.909,0.070
3600,0.012,0.893,0.095
3700,0.008,0.917,0.074
3800,0.008,0.934,0.058
3900,0.004,0.934,0.062
4000,0.000,0.946,0.054
4100,0.000,0.959,0.041
4200,0.000,0.967,0.033
4300,0.000,0.975,0.025
4400,0.000,0.983,0.017
4500,0.000,0.967,0.033
4600,0.004,0.959,0.037
4700,0.004,0.979,0.017
4800,0.000,0.988,0.012
4900,0.000,0.992,0.008
5000,0.000,0.996,0.004
5100,0.000,0.996,0.004
5200,0.000,0.996,0.004
5300,0.000,0.988,0.012
5400,0.000,0.996,0.004
5500,0.000,0.988,0.012
5600,0.000,0.992,0.008
5700,0.000,0.988,0.012
5800,0.000,0.992,0.008
5900,0.000,0.992,0.008
6000,0.000,0.992,0.008
6100,0.000,0.992,0.008
6200,0.000,0.992,0.008
6300,0.000,1.000,0.000
