time,n_A+p,n_B,n_AB
500,0.080,0.729,0.192
1000,0.080,0.567,0.354
1500,0.086,0.467,0.446
2000,0.084,0.400,0.516
2500,0.081,0.356,0.563
3000,0.087,0.346,0.567
3500,0.090,0.314,0.596
4000,0.093,0.297,0.610
4500,0.088,0.263,0.649
5000,0.118,0.236,0.645
5500,0.126,0.184,0.690
6000,0.168,0.128,0.704
6500,0.272,0.065,0.663
7000,0.472,0.017,0.511
7500,0.686,0.003,0.311
8000,0.795,0.000,0.205
8500,0.903,0.000,0.097
9000,0.892,0.000,0.108
9500,0.917,0.000,0.083
10000,0.944,0.000,0.056
10500,0.971,0.000,0.029
11000,0.972,0.000,0.028
11500,0.975,0.000,0.025
12000,0.981,0.000,0.019
12500,0.990,0.000,0.010
13000,0.997,0.000,0.003
13500,0.994,0.000,0.006
14000,1.000,0.000,0.000
14500,1.000,0.000,0.000
