time,n_A+p,n_B,n_AB
500,0.080,0.601,0.319
1000,0.080,0.423,0.497
1500,0.089,0.505,0.406
2000,0.080,0.452,0.468
2500,0.084,0.385,0.531
3000,0.090,0.374,0.536
3500,0.081,0.374,0.545
4000,0.094,0.327,0.579
4500,0.115,0.323,0.562
5000,0.084,0.416,0.500
5500,0.085,0.335,0.580
6000,0.088,0.333,0.579
6500,0.099,0.346,0.555
7000,0.110,0.229,0.661
7500,0.277,0.090,0.633
8000,0.702,0.005,0.293
8500,0.904,0.000,0.096
9000,0.988,0.000,0.012
9500,1.000,0.000,0.000
