time,n_A+p,n_B,n_AB
100,0.346,0.512,0.143
200,0.267,0.475,0.258
300,0.226,0.424,0.350
400,0.203,0.438,0.359
500,0.207,0.429,0.364
600,0.203,0.424,0.373
700,0.235,0.406,0.359
800,0.194,0.364,0.442
900,0.180,0.396,0.424
1000,0.203,0.382,0.415
1100,0.203,0.447,0.350
1200,0.194,0.475,0.332
1300,0.198,0.470,0.332
1400,0.166,0.498,0.336
1500,0.189,0.475,0.336
1600,0.161,0.442,0.396
1700,0.152,0.429,0.419
1800,0.134,0.447,0.419
1900,0.120,0.456,0.424
2000,0.111,0.470,0.419
2100,0.111,0.442,0.447
2200,0.115,0.470,0.415
2300,0.134,0.512,0.355
2400,0.120,0.539,0.341
2500,0.143,0.507,0.350
2600,0.171,0.447,0.382
2700,0.143,0.484,0.373
2800,0.161,0.475,0.364
2900,0.143,0.465,0.392
3000,0.161,0.470,0.369
3100,0.152,0.493,0.355
3200,0.147,0.470,0.382
3300,0.124,0.479,0.396
3400,0.115,0.512,0.373
3500,0.143,0.530,0.327
3600,0.157,0.516,0.327
3700,0.120,0.516,0.364
3800,0.124,0.512,0.364
3900,0.180,0.507,0.313
4000,0.161,0.479,0.359
4100,0.175,0.493,0.332
4200,0.180,0.447,0.373
4300,0.194,0.465,0.341
4400,0.212,0.433,0.355
4500,0.226,0.442,0.332
4600,0.235,0.424,0.341
4700,0.207,0.461,0.332
4800,0.180,0.429,0.392
4900,0.207,0.452,0.341
5000,0.194,0.433,0.373
5100,0.189,0.373,0.438
5200,0.272,0.359,0.369
5300,0.263,0.323,0.415
5400,0.267,0.318,0.415
5500,0.230,0.336,0.433
5600,0.235,0.350,0.415
5700,0.253,0.336,0.410
5800,0.276,0.313,0.410
5900,0.295,0.341,0.364
6000,0.272,0.336,0.392
6100,0.253,0.346,0.401
6200,0.263,0.318,0.419
6300,0.272,0.332,0.396
6400,0.286,0.336,0.378
6500,0.249,0.290,0.461
6600,0.226,0.272,0.502
6700,0.253,0.281,0.465
6800,0.263,0.276,0.461
6900,0.226,0.304,0.470
7000,0.244,0.336,0.419
7100,0.281,0.378,0.341
7200,0.276,0.350,0.373
7300,0.263,0.396,0.341
7400,0.221,0.387,0.392
7500,0.253,0.359,0.387
7600,0.295,0.359,0.346
7700,0.272,0.323,0.406
7800,0.281,0.290,0.429
7900,0.295,0.300,0.406
8000,0.323,0.267,0.410
8100,0.300,0.240,0.461
8200,0.230,0.300,0.470
8300,0.253,0.295,0.452
8400,0.253,0.286,0.461
8500,0.221,0.327,0.452
8600,0.249,0.300,0.452
8700,0.276,0.281,0.442
8800,0.286,0.281,0.433
8900,0.300,0.309,0.392
9000,0.323,0.276,0.401
9100,0.304,0.276,0.419
9200,0.295,0.286,0.419
9300,0.295,0.286,0.419
9400,0.304,0.313,0.382
9500,0.313,0.309,0.378
9600,0.323,0.276,0.401
9700,0.341,0.355,0.304
9800,0.313,0.332,0.355
9900,0.336,0.332,0.332
10000,0.290,0.341,0.369
10100,0.281,0.364,0.355
10200,0.267,0.392,0.341
10300,0.217,0.419,0.364
10400,0.240,0.410,0.350
10500,0.184,0.410,0.406
10600,0.180,0.470,0.350
10700,0.171,0.470,0.359
10800,0.161,0.512,0.327
10900,0.157,0.535,0.309
11000,0.124,0.530,0.346
11100,0.101,0.553,0.346
11200,0.106,0.548,0.346
11300,0.111,0.539,0.350
11400,0.138,0.525,0.336
11500,0.147,0.498,0.355
11600,0.134,0.502,0.364
11700,0.120,0.502,0.378
11800,0.106,0.516,0.378
11900,0.115,0.493,0.392
12000,0.124,0.544,0.332
12100,0.088,0.571,0.341
12200,0.120,0.562,0.318
12300,0.111,0.530,0.359
12400,0.083,0.530,0.387
12500,0.106,0.539,0.355
12600,0.092,0.548,0.359
12700,0.138,0.530,0.332
12800,0.138,0.525,0.336
12900,0.083,0.585,0.332
13000,0.037,0.613,0.350
13100,0.060,0.608,0.332
13200,0.041,0.618,0.341
13300,0.065,0.622,0.313
13400,0.060,0.636,0.304
13500,0.055,0.650,0.295
13600,0.051,0.673,0.276
13700,0.037,0.673,0.290
13800,0.051,0.687,0.263
13900,0.092,0.687,0.221
14000,0.088,0.627,0.286
14100,0.088,0.590,0.323
14200,0.065,0.608,0.327
14300,0.055,0.581,0.364
14400,0.069,0.618,0.313
14500,0.078,0.613,0.309
14600,0.046,0.622,0.332
14700,0.041,0.585,0.373
14800,0.041,0.585,0.373
14900,0.060,0.613,0.327
15000,0.088,0.594,0.318
15100,0.092,0.594,0.313
15200,0.069,0.650,0.281
15300,0.041,0.650,0.309
15400,0.028,0.696,0.276
15500,0.046,0.691,0.263
15600,0.065,0.659,0.276
15700,0.051,0.650,0.300
15800,0.037,0.677,0.286
15900,0.051,0.659,0.290
16000,0.037,0.641,0.323
16100,0.023,0.668,0.309
16200,0.037,0.677,0.286
16300,0.055,0.719,0.226
16400,0.041,0.687,0.272
16500,0.051,0.719,0.230
16600,0.055,0.728,0.217
16700,0.046,0.687,0.267
16800,0.046,0.696,0.258
16900,0.051,0.650,0.300
17000,0.032,0.631,0.336
17100,0.055,0.668,0.276
17200,0.046,0.696,0.258
17300,0.041,0.710,0.249
17400,0.046,0.700,0.253
17500,0.055,0.737,0.207
17600,0.046,0.700,0.253
17700,0.037,0.691,0.272
17800,0.046,0.705,0.249
17900,0.037,0.710,0.253
18000,0.041,0.700,0.258
18100,0.032,0.705,0.263
18200,0.018,0.696,0.286
18300,0.028,0.747,0.226
18400,0.032,0.793,0.175
18500,0.028,0.770,0.203
18600,0.028,0.774,0.198
18700,0.051,0.747,0.203
18800,0.055,0.737,0.207
18900,0.078,0.700,0.221
19000,0.083,0.659,0.258
19100,0.055,0.691,0.253
19200,0.041,0.714,0.244
19300,0.041,0.719,0.240
19400,0.037,0.714,0.249
19500,0.046,0.668,0.286
19600,0.032,0.691,0.276
19700,0.037,0.696,0.267
19800,0.028,0.687,0.286
19900,0.018,0.645,0.336
20000,0.065,0.654,0.281
20100,0.060,0.668,0.272
20200,0.051,0.700,0.249
20300,0.051,0.733,0.217
20400,0.037,0.733,0.230
20500,0.023,0.756,0.221
20600,0.041,0.724,0.235
20700,0.037,0.696,0.267
20800,0.037,0.682,0.281
20900,0.041,0.714,0.244
21000,0.037,0.714,0.249
21100,0.037,0.756,0.207
21200,0.037,0.747,0.217
21300,0.037,0.742,0.221
21400,0.028,0.714,0.258
21500,0.023,0.751,0.226
21600,0.014,0.788,0.198
21700,0.028,0.756,0.217
21800,0.014,0.783,0.203
21900,0.023,0.783,0.194
22000,0.032,0.719,0.249
22100,0.028,0.714,0.258
22200,0.009,0.719,0.272
22300,0.018,0.668,0.313
22400,0.005,0.673,0.323
22500,0.018,0.677,0.304
22600,0.060,0.687,0.253
22700,0.055,0.682,0.263
22800,0.023,0.733,0.244
22900,0.037,0.760,0.203
23000,0.028,0.760,0.212
23100,0.018,0.797,0.184
23200,0.018,0.834,0.147
23300,0.005,0.862,0.134
23400,0.018,0.857,0.124
23500,0.009,0.820,0.171
23600,0.005,0.825,0.171
23700,0.009,0.866,0.124
23800,0.023,0.834,0.143
23900,0.018,0.797,0.184
24000,0.014,0.843,0.143
24100,0.023,0.862,0.115
24200,0.018,0.834,0.147
24300,0.009,0.839,0.152
24400,0.009,0.820,0.171
24500,0.009,0.843,0.147
24600,0.005,0.857,0.138
24700,0.005,0.880,0.115
24800,0.005,0.848,0.147
24900,0.005,0.857,0.138
25000,0.005,0.862,0.134
25100,0.014,0.853,0.134
25200,0.023,0.843,0.134
25300,0.032,0.811,0.157
25400,0.051,0.770,0.180
25500,0.041,0.783,0.175
25600,0.032,0.806,0.161
25700,0.032,0.839,0.129
25800,0.018,0.839,0.143
25900,0.005,0.829,0.166
26000,0.005,0.848,0.147
26100,0.009,0.811,0.180
26200,0.028,0.802,0.171
26300,0.014,0.829,0.157
26400,0.009,0.829,0.161
26500,0.005,0.866,0.129
26600,0.005,0.885,0.111
26700,0.000,0.894,0.106
26800,0.000,0.880,0.120
26900,0.000,0.903,0.097
27000,0.000,0.912,0.088
27100,0.000,0.908,0.092
27200,0.005,0.885,0.111
27300,0.000,0.917,0.083
27400,0.000,0.922,0.078
27500,0.009,0.912,0.078
27600,0.009,0.894,0.097
27700,0.005,0.912,0.083
27800,0.009,0.889,0.101
27900,0.009,0.862,0.129
28000,0.009,0.857,0.134
28100,0.009,0.866,0.124
28200,0.009,0.880,0.111
28300,0.018,0.862,0.120
28400,0.014,0.825,0.161
28500,0.009,0.802,0.189
28600,0.014,0.829,0.157
28700,0.005,0.876,0.120
28800,0.005,0.871,0.124
28900,0.005,0.889,0.106
29000,0.005,0.903,0.092
29100,0.000,0.880,0.120
29200,0.014,0.880,0.106
29300,0.009,0.834,0.157
29400,0.009,0.848,0.143
29500,0.000,0.839,0.161
29600,0.000,0.848,0.152
29700,0.000,0.793,0.207
29800,0.018,0.793,0.189
29900,0.018,0.788,0.194
30000,0.037,0.779,0.184
30100,0.018,0.788,0.194
30200,0.041,0.793,0.166
30300,0.032,0.783,0.184
30400,0.023,0.806,0.171
30500,0.023,0.825,0.152
30600,0.014,0.820,0.166
30700,0.014,0.834,0.152
30800,0.023,0.816,0.161
30900,0.023,0.783,0.194
31000,0.032,0.793,0.175
31100,0.023,0.825,0.152
31200,0.028,0.839,0.134
31300,0.028,0.862,0.111
31400,0.018,0.825,0.157
31500,0.023,0.834,0.143
31600,0.046,0.820,0.134
31700,0.041,0.829,0.129
31800,0.028,0.797,0.175
31900,0.032,0.816,0.152
32000,0.032,0.848,0.120
32100,0.023,0.839,0.138
32200,0.018,0.811,0.171
32300,0.014,0.820,0.166
32400,0.014,0.834,0.152
32500,0.023,0.788,0.189
32600,0.014,0.788,0.198
32700,0.000,0.806,0.194
32800,0.000,0.843,0.157
32900,0.000,0.880,0.120
33000,0.000,0.894,0.106
33100,0.000,0.912,0.088
33200,0.000,0.912,0.088
33300,0.000,0.922,0.078
33400,0.000,0.926,0.074
33500,0.009,0.899,0.092
33600,0.018,0.885,0.097
33700,0.009,0.889,0.101
33800,0.005,0.889,0.106
33900,0.005,0.903,0.092
34000,0.000,0.880,0.120
34100,0.000,0.876,0.124
34200,0.000,0.853,0.147
34300,0.014,0.820,0.166
34400,0.005,0.853,0.143
34500,0.005,0.885,0.111
34600,0.018,0.866,0.115
34700,0.018,0.825,0.157
34800,0.023,0.820,0.157
34900,0.023,0.816,0.161
35000,0.014,0.834,0.152
35100,0.009,0.816,0.175
35200,0.014,0.797,0.189
35300,0.009,0.788,0.203
35400,0.005,0.820,0.175
35500,0.018,0.825,0.157
35600,0.009,0.816,0.175
35700,0.000,0.793,0.207
35800,0.000,0.774,0.226
35900,0.014,0.788,0.198
36000,0.000,0.760,0.240
36100,0.000,0.756,0.244
36200,0.014,0.774,0.212
36300,0.037,0.747,0.217
36400,0.037,0.770,0.194
36500,0.028,0.779,0.194
36600,0.018,0.770,0.212
36700,0.014,0.797,0.189
36800,0.023,0.797,0.180
36900,0.009,0.770,0.221
37000,0.009,0.779,0.212
37100,0.009,0.783,0.207
37200,0.023,0.793,0.184
37300,0.018,0.802,0.180
37400,0.005,0.783,0.212
37500,0.000,0.825,0.175
37600,0.000,0.820,0.180
37700,0.000,0.848,0.152
37800,0.000,0.839,0.161
37900,0.018,0.839,0.143
38000,0.018,0.839,0.143
38100,0.023,0.853,0.124
38200,0.005,0.871,0.124
38300,0.000,0.839,0.161
38400,0.005,0.899,0.097
38500,0.005,0.903,0.092
38600,0.000,0.912,0.088
38700,0.000,0.912,0.088
38800,0.005,0.926,0.069
38900,0.000,0.926,0.074
39000,0.000,0.922,0.078
39100,0.000,0.940,0.060
39200,0.000,0.940,0.060
39300,0.000,0.945,0.055
39400,0.000,0.949,0.051
39500,0.000,0.963,0.037
39600,0.000,0.977,0.023
39700,0.000,0.982,0.018
39800,0.000,0.982,0.018
39900,0.000,0.982,0.018
40000,0.000,0.972,0.028
40100,0.000,0.982,0.018
40200,0.000,0.986,0.014
40300,0.000,0.986,0.014
40400,0.000,0.995,0.005
40500,0.000,0.991,0.009
40600,0.000,0.991,0.009
40700,0.000,0.995,0.005
40800,0.000,0.995,0.005
40900,0.000,0.995,0.005
41000,0.000,0.991,0.009
41100,0.000,0.991,0.009
41200,0.000,0.995,0.005
41300,0.000,0.995,0.005
41400,0.000,0.995,0.005
41500,0.000,0.995,0.005
41600,0.000,0.995,0.005
41700,0.000,1.000,0.000
