time,n_A+p,n_B,n_AB
1000,0.030,0.891,0.079
2000,0.030,0.801,0.169
3000,0.030,0.694,0.276
4000,0.030,0.615,0.355
5000,0.030,0.640,0.330
6000,0.030,0.605,0.365
7000,0.033,0.589,0.378
8000,0.033,0.632,0.335
9000,0.033,0.532,0.435
10000,0.036,0.582,0.382
11000,0.030,0.587,0.383
12000,0.038,0.578,0.384
13000,0.030,0.562,0.408
14000,0.037,0.467,0.496
15000,0.037,0.524,0.439
16000,0.036,0.586,0.378
17000,0.034,0.542,0.424
18000,0.048,0.442,0.510
19000,0.051,0.428,0.521
20000,0.031,0.498,0.471
21000,0.034,0.522,0.444
22000,0.033,0.611,0.356
23000,0.041,0.535,0.424
24000,0.039,0.564,0.397
25000,0.038,0.539,0.423
26000,0.036,0.553,0.411
27000,0.033,0.584,0.383
28000,0.035,0.584,0.381
29000,0.032,0.532,0.436
30000,0.035,0.494,0.471
31000,0.033,0.538,0.429
32000,0.033,0.588,0.379
33000,0.030,0.637,0.333
34000,0.032,0.633,0.335
35000,0.031,0.550,0.419
36000,0.047,0.524,0.429
37000,0.037,0.519,0.444
38000,0.031,0.541,0.428
39000,0.035,0.616,0.349
40000,0.037,0.586,0.377
41000,0.037,0.570,0.393
42000,0.033,0.566,0.401
43000,0.031,0.576,0.393
44000,0.036,0.564,0.400
45000,0.044,0.444,0.512
46000,0.052,0.516,0.432
47000,0.040,0.498,0.462
48000,0.051,0.484,0.465
49000,0.033,0.538,0.429
50000,0.040,0.543,0.417
51000,0.034,0.556,0.410
52000,0.043,0.525,0.432
53000,0.041,0.492,0.467
54000,0.054,0.455,0.491
55000,0.035,0.504,0.461
56000,0.039,0.569,0.392
57000,0.042,0.499,0.459
58000,0.034,0.549,0.417
59000,0.049,0.553,0.398
60000,0.034,0.616,0.350
61000,0.037,0.555,0.408
62000,0.030,0.647,0.323
63000,0.046,0.595,0.359
64000,0.030,0.546,0.424
65000,0.038,0.551,0.411
66000,0.052,0.483,0.465
67000,0.039,0.526,0.435
68000,0.044,0.481,0.475
69000,0.049,0.512,0.439
70000,0.038,0.502,0.460
71000,0.038,0.496,0.466
72000,0.043,0.522,0.435
73000,0.041,0.515,0.444
74000,0.032,0.563,0.405
75000,0.032,0.561,0.407
76000,0.033,0.616,0.351
77000,0.031,0.600,0.369
78000,0.031,0.566,0.403
79000,0.031,0.615,0.354
80000,0.032,0.618,0.350
81000,0.034,0.623,0.343
82000,0.030,0.625,0.345
83000,0.030,0.563,0.407
84000,0.032,0.588,0.380
85000,0.031,0.593,0.376
86000,0.033,0.584,0.383
87000,0.032,0.530,0.438
88000,0.041,0.586,0.373
89000,0.031,0.585,0.384
90000,0.043,0.579,0.378
91000,0.034,0.489,0.477
92000,0.040,0.572,0.388
93000,0.032,0.556,0.412
94000,0.030,0.503,0.467
95000,0.043,0.577,0.380
96000,0.043,0.504,0.453
97000,0.031,0.539,0.430
98000,0.043,0.479,0.478
99000,0.045,0.481,0.474
100000,0.039,0.479,0.482
101000,0.035,0.509,0.456
102000,0.032,0.506,0.462
103000,0.033,0.500,0.467
104000,0.045,0.542,0.413
105000,0.033,0.558,0.409
106000,0.031,0.592,0.377
107000,0.033,0.585,0.382
108000,0.042,0.551,0.407
109000,0.033,0.555,0.412
110000,0.030,0.586,0.384
111000,0.034,0.566,0.400
112000,0.040,0.554,0.406
113000,0.034,0.544,0.422
114000,0.042,0.507,0.451
115000,0.040,0.477,0.483
116000,0.045,0.503,0.452
117000,0.038,0.509,0.453
118000,0.034,0.473,0.493
119000,0.036,0.535,0.429
120000,0.045,0.495,0.460
121000,0.040,0.517,0.443
122000,0.038,0.549,0.413
123000,0.036,0.520,0.444
124000,0.034,0.522,0.444
125000,0.039,0.525,0.436
126000,0.048,0.528,0.424
127000,0.031,0.569,0.400
128000,0.034,0.564,0.402
129000,0.035,0.521,0.444
130000,0.032,0.629,0.339
131000,0.032,0.614,0.354
132000,0.035,0.531,0.434
133000,0.039,0.575,0.386
134000,0.038,0.537,0.425
135000,0.047,0.495,0.458
136000,0.040,0.559,0.401
137000,0.032,0.585,0.383
138000,0.032,0.607,0.361
139000,0.043,0.585,0.372
140000,0.045,0.522,0.433
141000,0.037,0.597,0.366
142000,0.035,0.641,0.324
143000,0.030,0.639,0.331
144000,0.033,0.569,0.398
145000,0.033,0.530,0.437
146000,0.033,0.552,0.415
147000,0.044,0.524,0.432
148000,0.033,0.561,0.406
149000,0.040,0.513,0.447
150000,0.043,0.596,0.361
151000,0.032,0.604,0.364
152000,0.031,0.536,0.433
153000,0.032,0.597,0.371
154000,0.041,0.494,0.465
155000,0.031,0.528,0.441
156000,0.033,0.555,0.412
157000,0.047,0.499,0.454
158000,0.039,0.540,0.421
159000,0.034,0.498,0.468
160000,0.048,0.550,0.402
161000,0.039,0.628,0.333
162000,0.035,0.636,0.329
163000,0.032,0.655,0.313
164000,0.032,0.674,0.294
165000,0.031,0.625,0.344
166000,0.043,0.535,0.422
167000,0.035,0.551,0.414
168000,0.040,0.555,0.405
169000,0.039,0.524,0.437
170000,0.041,0.525,0.434
171000,0.035,0.548,0.417
172000,0.034,0.605,0.361
173000,0.031,0.602,0.367
174000,0.030,0.556,0.414
175000,0.042,0.526,0.432
176000,0.037,0.504,0.459
177000,0.031,0.597,0.372
178000,0.030,0.646,0.324
179000,0.030,0.607,0.363
180000,0.032,0.589,0.379
181000,0.034,0.576,0.390
182000,0.030,0.615,0.355
183000,0.036,0.612,0.352
184000,0.033,0.609,0.358
185000,0.039,0.549,0.412
186000,0.037,0.611,0.352
187000,0.032,0.618,0.350
188000,0.034,0.551,0.415
189000,0.032,0.576,0.392
190000,0.036,0.611,0.353
191000,0.036,0.600,0.364
192000,0.034,0.542,0.424
193000,0.040,0.472,0.488
194000,0.043,0.518,0.439
195000,0.046,0.521,0.433
196000,0.054,0.469,0.477
197000,0.065,0.419,0.516
198000,0.039,0.440,0.521
199000,0.042,0.488,0.470
200000,0.038,0.538,0.424
201000,0.039,0.567,0.394
202000,0.038,0.534,0.428
203000,0.040,0.553,0.407
204000,0.032,0.544,0.424
205000,0.031,0.585,0.384
206000,0.039,0.626,0.335
207000,0.033,0.524,0.443
208000,0.035,0.563,0.402
209000,0.032,0.526,0.442
210000,0.030,0.615,0.355
211000,0.030,0.647,0.323
212000,0.030,0.631,0.339
213000,0.032,0.647,0.321
214000,0.030,0.647,0.323
215000,0.030,0.573,0.397
216000,0.034,0.527,0.439
217000,0.035,0.594,0.371
218000,0.035,0.605,0.360
219000,0.035,0.621,0.344
220000,0.041,0.556,0.403
221000,0.038,0.531,0.431
222000,0.037,0.587,0.376
223000,0.036,0.547,0.417
224000,0.038,0.520,0.442
225000,0.036,0.516,0.448
226000,0.042,0.517,0.441
227000,0.042,0.554,0.404
228000,0.039,0.534,0.427
229000,0.043,0.567,0.390
230000,0.032,0.606,0.362
231000,0.037,0.584,0.379
232000,0.030,0.603,0.367
233000,0.030,0.620,0.350
234000,0.031,0.650,0.319
235000,0.035,0.583,0.382
236000,0.040,0.568,0.392
237000,0.035,0.554,0.411
238000,0.047,0.534,0.419
239000,0.033,0.521,0.446
240000,0.035,0.538,0.427
241000,0.037,0.541,0.422
242000,0.042,0.545,0.413
243000,0.033,0.564,0.403
244000,0.040,0.528,0.432
245000,0.043,0.531,0.426
246000,0.033,0.555,0.412
247000,0.041,0.552,0.407
248000,0.049,0.535,0.416
249000,0.046,0.524,0.430
250000,0.035,0.448,0.517
251000,0.039,0.519,0.442
252000,0.033,0.524,0.443
253000,0.031,0.552,0.417
254000,0.041,0.507,0.452
255000,0.035,0.497,0.468
256000,0.041,0.499,0.460
257000,0.052,0.500,0.448
258000,0.041,0.487,0.472
259000,0.044,0.504,0.452
260000,0.046,0.441,0.513
261000,0.040,0.514,0.446
262000,0.037,0.561,0.402
263000,0.041,0.554,0.405
264000,0.035,0.600,0.365
265000,0.034,0.574,0.392
266000,0.037,0.556,0.407
267000,0.033,0.602,0.365
268000,0.037,0.589,0.374
269000,0.030,0.595,0.375
270000,0.031,0.550,0.419
271000,0.042,0.523,0.435
272000,0.030,0.586,0.384
273000,0.039,0.586,0.375
274000,0.031,0.593,0.376
275000,0.030,0.600,0.370
276000,0.033,0.582,0.385
277000,0.030,0.537,0.433
278000,0.045,0.469,0.486
279000,0.036,0.521,0.443
280000,0.036,0.470,0.494
281000,0.031,0.558,0.411
282000,0.031,0.550,0.419
283000,0.036,0.601,0.363
284000,0.042,0.556,0.402
285000,0.041,0.501,0.458
286000,0.033,0.602,0.365
287000,0.031,0.546,0.423
288000,0.030,0.608,0.362
289000,0.030,0.601,0.369
290000,0.032,0.653,0.315
291000,0.031,0.628,0.341
292000,0.030,0.598,0.372
293000,0.034,0.635,0.331
294000,0.032,0.585,0.383
295000,0.038,0.589,0.373
296000,0.030,0.551,0.419
297000,0.040,0.530,0.430
298000,0.045,0.572,0.383
299000,0.033,0.566,0.401
300000,0.044,0.569,0.387
301000,0.040,0.517,0.443
302000,0.045,0.512,0.443
303000,0.033,0.514,0.453
304000,0.050,0.503,0.447
305000,0.036,0.460,0.504
306000,0.052,0.459,0.489
307000,0.032,0.507,0.461
308000,0.039,0.600,0.361
309000,0.033,0.548,0.419
310000,0.044,0.577,0.379
311000,0.038,0.543,0.419
312000,0.047,0.508,0.445
313000,0.043,0.528,0.429
314000,0.044,0.472,0.484
315000,0.041,0.532,0.427
316000,0.040,0.555,0.405
317000,0.031,0.573,0.396
318000,0.037,0.566,0.397
319000,0.036,0.544,0.420
320000,0.034,0.514,0.452
321000,0.039,0.578,0.383
322000,0.031,0.597,0.372
323000,0.033,0.657,0.310
324000,0.031,0.609,0.360
325000,0.030,0.619,0.351
326000,0.039,0.555,0.406
327000,0.038,0.565,0.397
328000,0.040,0.519,0.441
329000,0.035,0.533,0.432
330000,0.052,0.530,0.418
331000,0.054,0.447,0.499
332000,0.048,0.372,0.580
333000,0.052,0.503,0.445
334000,0.055,0.501,0.444
335000,0.044,0.467,0.489
336000,0.050,0.487,0.463
337000,0.046,0.514,0.440
338000,0.051,0.534,0.415
339000,0.046,0.446,0.508
340000,0.048,0.454,0.498
341000,0.047,0.434,0.519
342000,0.064,0.427,0.509
343000,0.041,0.478,0.481
344000,0.035,0.474,0.491
345000,0.036,0.519,0.445
346000,0.034,0.523,0.443
347000,0.036,0.555,0.409
348000,0.035,0.435,0.530
349000,0.033,0.515,0.452
350000,0.037,0.558,0.405
351000,0.033,0.572,0.395
352000,0.034,0.564,0.402
353000,0.038,0.589,0.373
354000,0.034,0.584,0.382
355000,0.033,0.610,0.357
356000,0.030,0.656,0.314
357000,0.030,0.594,0.376
358000,0.033,0.598,0.369
359000,0.042,0.575,0.383
360000,0.033,0.579,0.388
361000,0.038,0.586,0.376
362000,0.042,0.556,0.402
363000,0.034,0.535,0.431
364000,0.040,0.547,0.413
365000,0.037,0.590,0.373
366000,0.033,0.585,0.382
367000,0.030,0.607,0.363
368000,0.037,0.576,0.387
369000,0.032,0.608,0.360
370000,0.031,0.593,0.376
371000,0.034,0.550,0.416
372000,0.031,0.579,0.390
373000,0.033,0.511,0.456
374000,0.041,0.466,0.493
375000,0.049,0.467,0.484
376000,0.033,0.521,0.446
377000,0.034,0.537,0.429
378000,0.033,0.533,0.434
379000,0.039,0.531,0.430
380000,0.039,0.512,0.449
381000,0.037,0.548,0.415
382000,0.034,0.532,0.434
383000,0.042,0.482,0.476
384000,0.048,0.489,0.463
385000,0.031,0.555,0.414
386000,0.050,0.455,0.495
387000,0.053,0.485,0.462
388000,0.041,0.536,0.423
389000,0.034,0.571,0.395
390000,0.033,0.587,0.380
391000,0.033,0.584,0.383
392000,0.033,0.590,0.377
393000,0.034,0.563,0.403
394000,0.033,0.576,0.391
395000,0.030,0.594,0.376
396000,0.036,0.550,0.414
397000,0.032,0.594,0.374
398000,0.037,0.527,0.436
399000,0.037,0.582,0.381
400000,0.033,0.633,0.334
401000,0.031,0.612,0.357
402000,0.038,0.599,0.363
403000,0.036,0.582,0.382
404000,0.034,0.583,0.383
405000,0.033,0.587,0.380
406000,0.036,0.571,0.393
407000,0.035,0.524,0.441
408000,0.036,0.559,0.405
409000,0.040,0.490,0.470
410000,0.046,0.472,0.482
411000,0.039,0.517,0.444
412000,0.043,0.520,0.437
413000,0.042,0.593,0.365
414000,0.030,0.595,0.375
415000,0.032,0.617,0.351
416000,0.037,0.597,0.366
417000,0.032,0.592,0.376
418000,0.035,0.587,0.378
419000,0.034,0.651,0.315
420000,0.038,0.519,0.443
421000,0.047,0.460,0.493
422000,0.039,0.474,0.487
423000,0.045,0.494,0.461
424000,0.041,0.537,0.422
425000,0.045,0.482,0.473
426000,0.035,0.532,0.433
427000,0.031,0.525,0.444
428000,0.033,0.591,0.376
429000,0.037,0.589,0.374
430000,0.032,0.561,0.407
431000,0.045,0.537,0.418
432000,0.032,0.561,0.407
433000,0.034,0.560,0.406
434000,0.034,0.582,0.384
435000,0.033,0.533,0.434
436000,0.043,0.609,0.348
437000,0.030,0.625,0.345
438000,0.032,0.612,0.356
439000,0.036,0.526,0.438
440000,0.033,0.528,0.439
441000,0.043,0.566,0.391
442000,0.037,0.594,0.369
443000,0.034,0.555,0.411
444000,0.044,0.533,0.423
445000,0.038,0.500,0.462
446000,0.040,0.558,0.402
447000,0.046,0.583,0.371
448000,0.030,0.560,0.410
449000,0.034,0.530,0.436
450000,0.038,0.530,0.432
451000,0.042,0.539,0.419
452000,0.037,0.512,0.451
453000,0.033,0.561,0.406
454000,0.035,0.541,0.424
455000,0.032,0.557,0.411
456000,0.034,0.611,0.355
457000,0.037,0.536,0.427
458000,0.031,0.542,0.427
459000,0.042,0.512,0.446
460000,0.044,0.514,0.442
461000,0.037,0.540,0.423
462000,0.031,0.618,0.351
463000,0.030,0.576,0.394
464000,0.034,0.574,0.392
465000,0.040,0.540,0.420
466000,0.044,0.517,0.439
467000,0.041,0.521,0.438
468000,0.030,0.577,0.393
469000,0.031,0.562,0.407
470000,0.040,0.504,0.456
471000,0.043,0.473,0.484
472000,0.039,0.539,0.422
473000,0.040,0.497,0.463
474000,0.040,0.462,0.498
475000,0.035,0.518,0.447
476000,0.041,0.573,0.386
477000,0.031,0.678,0.291
478000,0.030,0.636,0.334
479000,0.031,0.650,0.319
480000,0.035,0.562,0.403
481000,0.032,0.598,0.370
482000,0.046,0.563,0.391
483000,0.036,0.587,0.377
484000,0.033,0.518,0.449
485000,0.040,0.554,0.406
486000,0.038,0.529,0.433
487000,0.037,0.537,0.426
488000,0.032,0.542,0.426
489000,0.037,0.529,0.434
490000,0.038,0.504,0.458
491000,0.042,0.491,0.467
492000,0.045,0.538,0.417
493000,0.041,0.486,0.473
494000,0.039,0.517,0.444
495000,0.046,0.517,0.437
496000,0.038,0.501,0.461
497000,0.042,0.488,0.470
498000,0.048,0.502,0.450
499000,0.034,0.516,0.450
500000,0.031,0.669,0.300
501000,0.032,0.613,0.355
502000,0.037,0.570,0.393
503000,0.033,0.592,0.375
504000,0.037,0.511,0.452
505000,0.045,0.510,0.445
506000,0.043,0.503,0.454
507000,0.044,0.569,0.387
508000,0.043,0.521,0.436
509000,0.033,0.573,0.394
510000,0.031,0.590,0.379
511000,0.030,0.555,0.415
512000,0.037,0.554,0.409
513000,0.032,0.571,0.397
514000,0.036,0.544,0.420
515000,0.032,0.613,0.355
516000,0.030,0.582,0.388
517000,0.032,0.600,0.368
518000,0.047,0.464,0.489
519000,0.047,0.437,0.516
520000,0.047,0.419,0.534
521000,0.043,0.490,0.467
522000,0.041,0.503,0.456
523000,0.030,0.571,0.399
524000,0.030,0.577,0.393
525000,0.034,0.610,0.356
526000,0.032,0.644,0.324
527000,0.041,0.567,0.392
528000,0.040,0.537,0.423
529000,0.035,0.589,0.376
530000,0.038,0.569,0.393
531000,0.040,0.536,0.424
532000,0.044,0.489,0.467
533000,0.049,0.467,0.484
534000,0.054,0.451,0.495
535000,0.042,0.501,0.457
536000,0.050,0.463,0.487
537000,0.045,0.470,0.485
538000,0.038,0.567,0.395
539000,0.036,0.559,0.405
540000,0.041,0.486,0.473
541000,0.038,0.509,0.453
542000,0.034,0.567,0.399
543000,0.036,0.555,0.409
544000,0.034,0.495,0.471
545000,0.050,0.448,0.502
546000,0.039,0.568,0.393
547000,0.030,0.630,0.340
548000,0.034,0.571,0.395
549000,0.037,0.575,0.388
550000,0.037,0.583,0.380
551000,0.035,0.640,0.325
552000,0.035,0.554,0.411
553000,0.042,0.522,0.436
554000,0.047,0.562,0.391
555000,0.034,0.573,0.393
556000,0.037,0.512,0.451
557000,0.043,0.538,0.419
558000,0.036,0.470,0.494
559000,0.039,0.509,0.452
560000,0.034,0.556,0.410
561000,0.031,0.567,0.402
562000,0.031,0.630,0.339
563000,0.034,0.628,0.338
564000,0.030,0.622,0.348
565000,0.034,0.604,0.362
566000,0.030,0.603,0.367
567000,0.030,0.635,0.335
568000,0.032,0.550,0.418
569000,0.046,0.506,0.448
570000,0.036,0.488,0.476
571000,0.038,0.503,0.459
572000,0.039,0.517,0.444
573000,0.031,0.491,0.478
574000,0.030,0.574,0.396
575000,0.038,0.563,0.399
576000,0.031,0.585,0.384
577000,0.030,0.579,0.391
578000,0.032,0.544,0.424
579000,0.040,0.546,0.414
580000,0.031,0.564,0.405
581000,0.030,0.585,0.385
582000,0.031,0.579,0.390
583000,0.035,0.556,0.409
584000,0.037,0.573,0.390
585000,0.031,0.568,0.401
586000,0.032,0.681,0.287
587000,0.039,0.661,0.300
588000,0.030,0.627,0.343
589000,0.030,0.595,0.375
590000,0.031,0.603,0.366
591000,0.037,0.519,0.444
592000,0.037,0.556,0.407
593000,0.041,0.552,0.407
594000,0.040,0.575,0.385
595000,0.031,0.560,0.409
596000,0.039,0.550,0.411
597000,0.039,0.533,0.428
598000,0.031,0.575,0.394
599000,0.037,0.594,0.369
600000,0.032,0.491,0.477
601000,0.037,0.535,0.428
602000,0.039,0.588,0.373
603000,0.031,0.569,0.400
604000,0.030,0.571,0.399
605000,0.030,0.574,0.396
606000,0.034,0.554,0.412
607000,0.030,0.613,0.357
608000,0.044,0.570,0.386
609000,0.033,0.589,0.378
610000,0.031,0.601,0.368
611000,0.035,0.645,0.320
612000,0.032,0.652,0.316
613000,0.035,0.587,0.378
614000,0.035,0.527,0.438
615000,0.032,0.568,0.400
616000,0.032,0.600,0.368
617000,0.038,0.567,0.395
618000,0.038,0.563,0.399
619000,0.042,0.538,0.420
620000,0.035,0.536,0.429
621000,0.050,0.471,0.479
622000,0.061,0.439,0.500
623000,0.039,0.457,0.504
624000,0.042,0.562,0.396
625000,0.039,0.546,0.415
626000,0.043,0.490,0.467
627000,0.043,0.543,0.414
628000,0.045,0.523,0.432
629000,0.035,0.485,0.480
630000,0.035,0.539,0.426
631000,0.038,0.519,0.443
632000,0.035,0.567,0.398
633000,0.030,0.622,0.348
634000,0.033,0.600,0.367
635000,0.033,0.558,0.409
636000,0.030,0.620,0.350
637000,0.030,0.574,0.396
638000,0.030,0.614,0.356
639000,0.041,0.513,0.446
640000,0.037,0.530,0.433
641000,0.043,0.508,0.449
642000,0.035,0.492,0.473
643000,0.033,0.545,0.422
644000,0.037,0.529,0.434
645000,0.038,0.567,0.395
646000,0.040,0.536,0.424
647000,0.031,0.534,0.435
648000,0.040,0.547,0.413
649000,0.030,0.571,0.399
650000,0.046,0.530,0.424
651000,0.040,0.588,0.372
652000,0.032,0.630,0.338
653000,0.031,0.682,0.287
654000,0.033,0.616,0.351
655000,0.031,0.615,0.354
656000,0.030,0.639,0.331
657000,0.034,0.630,0.336
658000,0.031,0.571,0.398
659000,0.035,0.543,0.422
660000,0.037,0.572,0.391
661000,0.031,0.524,0.445
662000,0.038,0.536,0.426
663000,0.039,0.507,0.454
664000,0.034,0.517,0.449
665000,0.031,0.572,0.397
666000,0.031,0.555,0.414
667000,0.034,0.555,0.411
668000,0.034,0.503,0.463
669000,0.037,0.563,0.400
670000,0.031,0.634,0.335
671000,0.032,0.626,0.342
672000,0.034,0.585,0.381
673000,0.034,0.605,0.361
674000,0.030,0.604,0.366
675000,0.032,0.602,0.366
676000,0.039,0.546,0.415
677000,0.034,0.602,0.364
678000,0.030,0.647,0.323
679000,0.030,0.623,0.347
680000,0.031,0.588,0.381
681000,0.034,0.604,0.362
682000,0.037,0.639,0.324
683000,0.030,0.613,0.357
684000,0.032,0.655,0.313
685000,0.030,0.616,0.354
686000,0.034,0.515,0.451
687000,0.036,0.527,0.437
688000,0.034,0.557,0.409
689000,0.036,0.545,0.419
690000,0.042,0.499,0.459
691000,0.033,0.575,0.392
692000,0.042,0.538,0.420
693000,0.034,0.549,0.417
694000,0.036,0.520,0.444
695000,0.035,0.576,0.389
696000,0.031,0.634,0.335
697000,0.032,0.602,0.366
698000,0.033,0.568,0.399
699000,0.050,0.528,0.422
700000,0.041,0.529,0.430
701000,0.040,0.510,0.450
702000,0.043,0.454,0.503
703000,0.046,0.549,0.405
704000,0.031,0.599,0.370
705000,0.035,0.584,0.381
706000,0.030,0.607,0.363
707000,0.035,0.582,0.383
708000,0.032,0.626,0.342
709000,0.034,0.615,0.351
710000,0.032,0.648,0.320
711000,0.032,0.712,0.256
712000,0.033,0.651,0.316
713000,0.032,0.567,0.401
714000,0.032,0.568,0.400
715000,0.044,0.544,0.412
716000,0.038,0.573,0.389
717000,0.035,0.564,0.401
718000,0.030,0.538,0.432
719000,0.033,0.599,0.368
720000,0.048,0.543,0.409
721000,0.041,0.470,0.489
722000,0.033,0.532,0.435
723000,0.036,0.564,0.400
724000,0.048,0.529,0.423
725000,0.042,0.535,0.423
726000,0.034,0.537,0.429
727000,0.039,0.558,0.403
728000,0.038,0.488,0.474
729000,0.037,0.510,0.453
730000,0.034,0.533,0.433
731000,0.038,0.489,0.473
732000,0.042,0.520,0.438
733000,0.034,0.551,0.415
734000,0.039,0.558,0.403
735000,0.043,0.544,0.413
736000,0.035,0.575,0.390
737000,0.031,0.599,0.370
738000,0.034,0.604,0.362
739000,0.042,0.560,0.398
740000,0.031,0.567,0.402
741000,0.037,0.605,0.358
742000,0.037,0.598,0.365
743000,0.033,0.578,0.389
744000,0.036,0.605,0.359
745000,0.031,0.607,0.362
746000,0.032,0.616,0.352
747000,0.031,0.628,0.341
748000,0.041,0.572,0.387
749000,0.036,0.566,0.398
750000,0.039,0.564,0.397
751000,0.031,0.528,0.441
752000,0.053,0.477,0.470
753000,0.038,0.553,0.409
754000,0.041,0.438,0.521
755000,0.045,0.464,0.491
756000,0.038,0.455,0.507
757000,0.042,0.522,0.436
758000,0.035,0.555,0.410
759000,0.046,0.527,0.427
760000,0.042,0.508,0.450
761000,0.042,0.513,0.445
762000,0.035,0.520,0.445
763000,0.035,0.556,0.409
764000,0.031,0.579,0.390
765000,0.033,0.567,0.400
766000,0.030,0.591,0.379
767000,0.031,0.493,0.476
768000,0.032,0.532,0.436
769000,0.033,0.612,0.355
770000,0.030,0.539,0.431
771000,0.037,0.492,0.471
772000,0.035,0.537,0.428
773000,0.043,0.531,0.426
774000,0.037,0.583,0.380
775000,0.036,0.554,0.410
776000,0.039,0.509,0.452
777000,0.052,0.464,0.484
778000,0.041,0.480,0.479
779000,0.041,0.507,0.452
780000,0.038,0.527,0.435
781000,0.037,0.510,0.453
782000,0.042,0.508,0.450
783000,0.036,0.558,0.406
784000,0.044,0.503,0.453
785000,0.045,0.451,0.504
786000,0.068,0.415,0.517
787000,0.050,0.378,0.572
788000,0.060,0.421,0.519
789000,0.045,0.465,0.490
790000,0.033,0.537,0.430
791000,0.031,0.623,0.346
792000,0.031,0.592,0.377
793000,0.040,0.552,0.408
794000,0.034,0.530,0.436
795000,0.030,0.599,0.371
796000,0.035,0.609,0.356
797000,0.032,0.569,0.399
798000,0.031,0.641,0.328
799000,0.037,0.562,0.401
800000,0.032,0.548,0.420
801000,0.036,0.557,0.407
802000,0.035,0.652,0.313
803000,0.030,0.615,0.355
804000,0.030,0.578,0.392
805000,0.041,0.474,0.485
806000,0.038,0.494,0.468
807000,0.036,0.544,0.420
808000,0.032,0.595,0.373
809000,0.030,0.628,0.342
810000,0.035,0.612,0.353
811000,0.030,0.538,0.432
812000,0.031,0.517,0.452
813000,0.042,0.543,0.415
814000,0.038,0.576,0.386
815000,0.034,0.551,0.415
816000,0.034,0.570,0.396
817000,0.030,0.594,0.376
818000,0.034,0.616,0.350
819000,0.030,0.602,0.368
820000,0.036,0.571,0.393
821000,0.035,0.626,0.339
822000,0.033,0.613,0.354
823000,0.031,0.547,0.422
824000,0.034,0.537,0.429
825000,0.031,0.586,0.383
826000,0.033,0.565,0.402
827000,0.035,0.630,0.335
828000,0.035,0.596,0.369
829000,0.030,0.590,0.380
830000,0.031,0.588,0.381
831000,0.034,0.508,0.458
832000,0.038,0.487,0.475
833000,0.045,0.542,0.413
834000,0.035,0.505,0.460
835000,0.047,0.452,0.501
836000,0.044,0.456,0.500
837000,0.035,0.513,0.452
838000,0.039,0.511,0.450
839000,0.030,0.575,0.395
840000,0.034,0.547,0.419
841000,0.036,0.502,0.462
842000,0.045,0.503,0.452
843000,0.052,0.482,0.466
844000,0.037,0.516,0.447
845000,0.038,0.531,0.431
846000,0.038,0.570,0.392
847000,0.043,0.537,0.420
848000,0.032,0.649,0.319
849000,0.035,0.672,0.293
850000,0.040,0.541,0.419
851000,0.036,0.611,0.353
852000,0.032,0.605,0.363
853000,0.030,0.596,0.374
854000,0.038,0.561,0.401
855000,0.041,0.499,0.460
856000,0.045,0.502,0.453
857000,0.041,0.519,0.440
858000,0.034,0.565,0.401
859000,0.034,0.552,0.414
860000,0.037,0.593,0.370
861000,0.032,0.545,0.423
862000,0.035,0.480,0.485
863000,0.035,0.569,0.396
864000,0.044,0.541,0.415
865000,0.035,0.573,0.392
866000,0.037,0.552,0.411
867000,0.030,0.612,0.358
868000,0.030,0.601,0.369
869000,0.030,0.621,0.349
870000,0.033,0.569,0.398
871000,0.032,0.563,0.405
872000,0.036,0.584,0.380
873000,0.040,0.531,0.429
874000,0.042,0.512,0.446
875000,0.033,0.490,0.477
876000,0.043,0.570,0.387
877000,0.045,0.553,0.402
878000,0.037,0.536,0.427
879000,0.041,0.553,0.406
880000,0.038,0.496,0.466
881000,0.031,0.546,0.423
882000,0.033,0.545,0.422
883000,0.048,0.542,0.410
884000,0.041,0.557,0.402
885000,0.038,0.527,0.435
886000,0.033,0.550,0.417
887000,0.042,0.555,0.403
888000,0.047,0.527,0.426
889000,0.036,0.501,0.463
890000,0.033,0.576,0.391
891000,0.034,0.583,0.383
892000,0.035,0.545,0.420
893000,0.039,0.507,0.454
894000,0.042,0.602,0.356
895000,0.037,0.499,0.464
896000,0.038,0.545,0.417
897000,0.034,0.633,0.333
898000,0.050,0.529,0.421
899000,0.041,0.507,0.452
900000,0.039,0.502,0.459
901000,0.038,0.553,0.409
902000,0.034,0.571,0.395
903000,0.041,0.500,0.459
904000,0.040,0.560,0.400
905000,0.043,0.509,0.448
906000,0.055,0.503,0.442
907000,0.042,0.533,0.425
908000,0.034,0.553,0.413
909000,0.037,0.596,0.367
910000,0.034,0.602,0.364
911000,0.035,0.620,0.345
912000,0.038,0.579,0.383
913000,0.040,0.494,0.466
914000,0.037,0.485,0.478
915000,0.034,0.539,0.427
916000,0.032,0.544,0.424
917000,0.030,0.568,0.402
918000,0.037,0.575,0.388
919000,0.038,0.529,0.433
920000,0.043,0.498,0.459
921000,0.046,0.451,0.503
922000,0.054,0.422,0.524
923000,0.055,0.420,0.525
924000,0.055,0.467,0.478
925000,0.040,0.475,0.485
926000,0.034,0.521,0.445
927000,0.034,0.519,0.447
928000,0.042,0.528,0.430
929000,0.030,0.541,0.429
930000,0.037,0.576,0.387
931000,0.035,0.571,0.394
932000,0.037,0.490,0.473
933000,0.036,0.565,0.399
934000,0.037,0.543,0.420
935000,0.030,0.554,0.416
936000,0.035,0.546,0.419
937000,0.036,0.567,0.397
938000,0.031,0.655,0.314
939000,0.030,0.619,0.351
940000,0.030,0.608,0.362
941000,0.033,0.579,0.388
942000,0.033,0.606,0.361
943000,0.032,0.621,0.347
944000,0.035,0.611,0.354
945000,0.036,0.607,0.357
946000,0.042,0.505,0.453
947000,0.045,0.514,0.441
948000,0.043,0.491,0.466
949000,0.041,0.535,0.424
950000,0.035,0.503,0.462
951000,0.034,0.556,0.410
952000,0.030,0.604,0.366
953000,0.030,0.582,0.388
954000,0.030,0.604,0.366
955000,0.037,0.535,0.428
956000,0.037,0.568,0.395
957000,0.030,0.492,0.478
958000,0.047,0.480,0.473
959000,0.050,0.494,0.456
960000,0.043,0.533,0.424
961000,0.034,0.496,0.470
962000,0.034,0.564,0.402
963000,0.036,0.510,0.454
964000,0.036,0.551,0.413
965000,0.039,0.573,0.388
966000,0.035,0.548,0.417
967000,0.043,0.475,0.482
968000,0.041,0.549,0.410
969000,0.038,0.490,0.472
970000,0.040,0.530,0.430
971000,0.032,0.608,0.360
972000,0.045,0.555,0.400
973000,0.033,0.561,0.406
974000,0.039,0.535,0.426
975000,0.042,0.516,0.442
976000,0.045,0.510,0.445
977000,0.041,0.492,0.467
978000,0.041,0.469,0.490
979000,0.032,0.581,0.387
980000,0.034,0.561,0.405
981000,0.037,0.563,0.400
982000,0.047,0.568,0.385
983000,0.031,0.511,0.458
984000,0.042,0.541,0.417
985000,0.036,0.537,0.427
986000,0.032,0.522,0.446
987000,0.035,0.529,0.436
988000,0.036,0.548,0.416
989000,0.032,0.564,0.404
990000,0.032,0.575,0.393
991000,0.033,0.596,0.371
992000,0.031,0.623,0.346
993000,0.034,0.575,0.391
994000,0.034,0.559,0.407
995000,0.030,0.598,0.372
996000,0.030,0.600,0.370
997000,0.032,0.633,0.335
998000,0.031,0.652,0.317
999000,0.033,0.695,0.272
1000000,0.030,0.569,0.401
