time,n_A+p,n_B,n_AB
100,0.355,0.368,0.276
200,0.447,0.303,0.250
300,0.526,0.197,0.276
400,0.829,0.066,0.105
500,0.882,0.039,0.079
600,0.961,0.039,0.000
700,0.961,0.039,0.000
800,0.961,0.039,0.000
900,0.934,0.026,0.039
1000,0.934,0.026,0.039
1100,0.974,0.013,0.013
1200,0.974,0.000,0.026
1300,1.000,0.000,0.000
