time,n_A+p,n_B,n_AB
100,0.379,0.483,0.138
200,0.300,0.474,0.226
300,0.306,0.486,0.208
400,0.275,0.468,0.257
500,0.269,0.489,0.242
600,0.248,0.514,0.239
700,0.242,0.514,0.245
800,0.235,0.520,0.245
900,0.208,0.569,0.223
1000,0.214,0.535,0.251
1100,0.180,0.581,0.239
1200,0.196,0.593,0.211
1300,0.183,0.630,0.187
1400,0.156,0.676,0.168
1500,0.135,0.688,0.177
1600,0.116,0.706,0.177
1700,0.098,0.734,0.168
1800,0.101,0.761,0.138
1900,0.086,0.783,0.131
2000,0.073,0.832,0.095
2100,0.052,0.844,0.104
2200,0.043,0.878,0.080
2300,0.043,0.893,0.064
2400,0.043,0.878,0.080
2500,0.037,0.899,0.064
2600,0.037,0.908,0.055
2700,0.031,0.927,0.043
2800,0.034,0.936,0.031
2900,0.021,0.948,0.031
3000,0.018,0.957,0.024
3100,0.009,0.960,0.031
3200,0.009,0.960,0.031
3300,0.006,0.957,0.037
3400,0.003,0.966,0.031
3500,0.003,0.972,0.024
3600,0.003,0.979,0.018
3700,0.003,0.988,0.009
3800,0.003,0.985,0.012
3900,0.003,0.988,0.009
4000,0.009,0.991,0.000
4100,0.009,0.985,0.006
4200,0.006,0.988,0.006
4300,0.006,0.991,0.003
4400,0.003,0.991,0.006
4500,0.003,0.985,0.012
4600,0.003,0.976,0.021
4700,0.003,0.982,0.015
4800,0.003,0.991,0.006
4900,0.003,0.991,0.006
5000,0.000,0.988,0.012
5100,0.000,0.994,0.006
5200,0.000,0.997,0.003
5300,0.000,0.997,0.003
5400,0.000,1.000,0.000
