time,n_A+p,n_B,n_AB
500,0.030,0.722,0.248
1000,0.030,0.466,0.504
1500,0.030,0.283,0.686
2000,0.030,0.177,0.792
2500,0.057,0.139,0.804
3000,0.054,0.181,0.764
3500,0.041,0.125,0.835
4000,0.036,0.208,0.756
4500,0.032,0.225,0.743
5000,0.046,0.174,0.779
5500,0.040,0.243,0.718
6000,0.032,0.246,0.723
6500,0.038,0.235,0.726
7000,0.030,0.282,0.688
7500,0.030,0.251,0.719
8000,0.033,0.211,0.756
8500,0.030,0.245,0.724
9000,0.032,0.245,0.722
9500,0.046,0.220,0.734
10000,0.030,0.220,0.750
10500,0.040,0.180,0.780
11000,0.031,0.245,0.724
11500,0.030,0.258,0.712
12000,0.030,0.171,0.799
12500,0.032,0.218,0.750
13000,0.050,0.103,0.848
13500,0.088,0.082,0.830
14000,0.104,0.061,0.835
14500,0.293,0.014,0.693
15000,0.484,0.000,0.516
15500,0.528,0.000,0.472
16000,0.603,0.000,0.397
16500,0.676,0.000,0.324
17000,0.686,0.000,0.314
17500,0.560,0.000,0.440
18000,0.640,0.000,0.360
18500,0.681,0.000,0.319
19000,0.702,0.000,0.298
19500,0.671,0.000,0.329
20000,0.647,0.000,0.353
20500,0.599,0.000,0.401
21000,0.643,0.000,0.357
21500,0.727,0.000,0.273
22000,0.640,0.000,0.360
22500,0.560,0.000,0.440
23000,0.626,0.000,0.374
23500,0.585,0.000,0.415
24000,0.544,0.000,0.456
24500,0.518,0.000,0.482
25000,0.500,0.000,0.500
25500,0.422,0.000,0.578
26000,0.587,0.000,0.413
26500,0.482,0.000,0.518
27000,0.520,0.000,0.480
27500,0.636,0.000,0.364
28000,0.642,0.000,0.358
28500,0.582,0.000,0.418
29000,0.564,0.000,0.436
29500,0.625,0.000,0.375
30000,0.528,0.000,0.472
30500,0.619,0.000,0.381
31000,0.523,0.000,0.477
31500,0.477,0.000,0.523
32000,0.582,0.000,0.418
32500,0.597,0.000,0.403
33000,0.633,0.000,0.367
33500,0.611,0.000,0.389
34000,0.670,0.000,0.330
34500,0.676,0.000,0.324
35000,0.666,0.000,0.334
35500,0.633,0.000,0.367
36000,0.627,0.000,0.373
36500,0.583,0.000,0.417
37000,0.557,0.000,0.443
37500,0.483,0.000,0.517
38000,0.441,0.000,0.559
38500,0.433,0.000,0.567
39000,0.492,0.000,0.508
39500,0.564,0.000,0.436
40000,0.704,0.000,0.296
40500,0.693,0.000,0.307
41000,0.722,0.000,0.278
41500,0.684,0.000,0.316
42000,0.701,0.000,0.299
42500,0.648,0.000,0.352
43000,0.604,0.000,0.396
43500,0.569,0.000,0.431
44000,0.556,0.000,0.444
44500,0.516,0.000,0.484
45000,0.508,0.000,0.492
45500,0.478,0.000,0.522
46000,0.513,0.000,0.487
46500,0.612,0.000,0.388
47000,0.696,0.000,0.304
47500,0.656,0.000,0.344
48000,0.588,0.000,0.412
48500,0.686,0.000,0.314
49000,0.659,0.000,0.341
49500,0.582,0.000,0.418
50000,0.618,0.000,0.382
50500,0.559,0.000,0.441
51000,0.639,0.000,0.361
51500,0.568,0.000,0.432
52000,0.656,0.000,0.344
52500,0.742,0.000,0.258
53000,0.693,0.000,0.307
53500,0.684,0.000,0.316
54000,0.709,0.000,0.291
54500,0.734,0.000,0.266
55000,0.684,0.000,0.316
55500,0.671,0.000,0.329
56000,0.633,0.000,0.367
56500,0.590,0.000,0.410
57000,0.533,0.000,0.467
57500,0.493,0.000,0.507
58000,0.555,0.000,0.445
58500,0.534,0.000,0.466
59000,0.500,0.000,0.500
59500,0.566,0.000,0.434
60000,0.606,0.000,0.394
60500,0.638,0.000,0.362
61000,0.748,0.000,0.252
61500,0.710,0.000,0.290
62000,0.655,0.000,0.345
62500,0.626,0.000,0.374
63000,0.669,0.000,0.331
63500,0.622,0.000,0.378
64000,0.563,0.000,0.437
64500,0.613,0.000,0.387
65000,0.472,0.000,0.528
65500,0.491,0.000,0.509
66000,0.556,0.000,0.444
66500,0.589,0.000,0.411
67000,0.566,0.000,0.434
67500,0.575,0.000,0.425
68000,0.507,0.000,0.493
68500,0.486,0.000,0.514
69000,0.548,0.000,0.452
69500,0.426,0.000,0.574
70000,0.489,0.000,0.511
70500,0.614,0.000,0.386
71000,0.506,0.000,0.494
71500,0.529,0.000,0.471
72000,0.521,0.000,0.479
72500,0.559,0.000,0.441
73000,0.678,0.000,0.322
73500,0.682,0.000,0.318
74000,0.603,0.000,0.397
74500,0.497,0.000,0.502
75000,0.595,0.000,0.405
75500,0.590,0.000,0.410
76000,0.582,0.000,0.418
76500,0.515,0.000,0.485
77000,0.576,0.000,0.424
77500,0.604,0.000,0.396
78000,0.565,0.000,0.435
78500,0.527,0.000,0.473
79000,0.582,0.000,0.418
79500,0.584,0.000,0.416
80000,0.724,0.000,0.276
80500,0.689,0.000,0.311
81000,0.621,0.000,0.379
81500,0.597,0.000,0.403
82000,0.689,0.000,0.311
82500,0.639,0.000,0.361
83000,0.616,0.000,0.384
83500,0.624,0.000,0.376
84000,0.637,0.000,0.363
84500,0.545,0.000,0.455
85000,0.618,0.000,0.382
85500,0.645,0.000,0.355
86000,0.535,0.000,0.465
86500,0.622,0.000,0.378
87000,0.607,0.000,0.393
87500,0.625,0.000,0.375
88000,0.605,0.000,0.395
88500,0.523,0.000,0.477
89000,0.619,0.000,0.381
89500,0.575,0.000,0.425
90000,0.550,0.000,0.450
90500,0.679,0.000,0.321
91000,0.634,0.000,0.366
91500,0.680,0.000,0.320
92000,0.636,0.000,0.364
92500,0.608,0.000,0.392
93000,0.604,0.000,0.396
93500,0.556,0.000,0.444
94000,0.599,0.000,0.401
94500,0.654,0.000,0.346
95000,0.564,0.000,0.436
95500,0.494,0.000,0.506
96000,0.570,0.000,0.430
96500,0.587,0.000,0.413
97000,0.495,0.000,0.504
97500,0.476,0.000,0.524
98000,0.446,0.000,0.554
98500,0.548,0.000,0.452
99000,0.599,0.000,0.401
99500,0.587,0.000,0.413
100000,0.639,0.000,0.361
100500,0.680,0.000,0.320
101000,0.600,0.000,0.400
101500,0.548,0.000,0.452
102000,0.560,0.000,0.440
102500,0.647,0.000,0.353
103000,0.604,0.000,0.396
103500,0.503,0.000,0.497
104000,0.471,0.000,0.529
104500,0.544,0.000,0.456
105000,0.452,0.000,0.548
105500,0.544,0.000,0.456
106000,0.665,0.000,0.335
106500,0.648,0.000,0.352
107000,0.606,0.000,0.394
107500,0.671,0.000,0.329
108000,0.575,0.000,0.425
108500,0.716,0.000,0.284
109000,0.658,0.000,0.342
109500,0.717,0.000,0.283
110000,0.747,0.000,0.253
110500,0.741,0.000,0.259
111000,0.784,0.000,0.216
111500,0.723,0.000,0.277
112000,0.618,0.000,0.382
112500,0.598,0.000,0.402
113000,0.666,0.000,0.334
113500,0.617,0.000,0.383
114000,0.604,0.000,0.396
114500,0.661,0.000,0.339
115000,0.745,0.000,0.255
115500,0.556,0.000,0.444
116000,0.531,0.000,0.469
116500,0.514,0.000,0.486
117000,0.573,0.000,0.427
117500,0.618,0.000,0.382
118000,0.643,0.000,0.357
118500,0.706,0.000,0.294
119000,0.726,0.000,0.274
119500,0.738,0.000,0.262
120000,0.651,0.000,0.349
120500,0.713,0.000,0.287
121000,0.661,0.000,0.339
121500,0.558,0.000,0.442
122000,0.530,0.000,0.470
122500,0.510,0.000,0.490
123000,0.646,0.000,0.354
123500,0.704,0.000,0.296
124000,0.676,0.000,0.324
124500,0.718,0.000,0.282
125000,0.599,0.000,0.401
125500,0.529,0.000,0.471
126000,0.669,0.000,0.331
126500,0.656,0.000,0.344
127000,0.706,0.000,0.294
127500,0.658,0.000,0.342
128000,0.661,0.000,0.339
128500,0.693,0.000,0.307
129000,0.717,0.000,0.283
129500,0.723,0.000,0.277
130000,0.611,0.000,0.389
130500,0.635,0.000,0.365
131000,0.635,0.000,0.365
131500,0.571,0.000,0.429
132000,0.586,0.000,0.414
132500,0.621,0.000,0.379
133000,0.572,0.000,0.428
133500,0.570,0.000,0.430
134000,0.590,0.000,0.410
134500,0.546,0.000,0.454
135000,0.481,0.000,0.518
135500,0.556,0.000,0.444
136000,0.648,0.000,0.352
136500,0.511,0.000,0.489
137000,0.480,0.000,0.520
137500,0.452,0.000,0.548
138000,0.653,0.000,0.347
138500,0.594,0.000,0.406
139000,0.488,0.000,0.512
139500,0.591,0.000,0.409
140000,0.555,0.000,0.445
140500,0.472,0.000,0.528
141000,0.565,0.000,0.435
141500,0.547,0.000,0.453
142000,0.569,0.000,0.431
142500,0.643,0.000,0.357
143000,0.657,0.000,0.343
143500,0.644,0.000,0.356
144000,0.561,0.000,0.439
144500,0.611,0.000,0.389
145000,0.556,0.000,0.444
145500,0.637,0.000,0.363
146000,0.656,0.000,0.344
146500,0.633,0.000,0.367
147000,0.567,0.000,0.433
147500,0.582,0.000,0.418
148000,0.658,0.000,0.342
148500,0.696,0.000,0.304
149000,0.623,0.000,0.377
149500,0.455,0.000,0.545
150000,0.613,0.000,0.387
150500,0.681,0.000,0.319
151000,0.743,0.000,0.257
151500,0.692,0.000,0.308
152000,0.664,0.000,0.336
152500,0.682,0.000,0.318
153000,0.720,0.000,0.280
153500,0.689,0.000,0.311
154000,0.722,0.000,0.278
154500,0.559,0.000,0.441
155000,0.617,0.000,0.383
155500,0.597,0.000,0.403
156000,0.651,0.000,0.349
156500,0.569,0.000,0.431
157000,0.533,0.000,0.467
157500,0.657,0.000,0.343
158000,0.710,0.000,0.290
158500,0.588,0.000,0.412
159000,0.536,0.000,0.464
159500,0.596,0.000,0.404
160000,0.617,0.000,0.383
160500,0.644,0.000,0.356
161000,0.573,0.000,0.427
161500,0.548,0.000,0.452
162000,0.640,0.000,0.360
162500,0.681,0.000,0.319
163000,0.593,0.000,0.407
163500,0.652,0.000,0.348
164000,0.626,0.000,0.374
164500,0.663,0.000,0.337
165000,0.609,0.000,0.391
165500,0.548,0.000,0.452
166000,0.509,0.000,0.491
166500,0.521,0.000,0.479
167000,0.600,0.000,0.400
167500,0.643,0.000,0.357
168000,0.647,0.000,0.353
168500,0.625,0.000,0.375
169000,0.586,0.000,0.414
169500,0.595,0.000,0.405
170000,0.561,0.000,0.439
170500,0.599,0.000,0.401
171000,0.583,0.000,0.417
171500,0.642,0.000,0.358
172000,0.570,0.000,0.430
172500,0.447,0.000,0.553
173000,0.533,0.000,0.467
173500,0.606,0.000,0.394
174000,0.518,0.000,0.482
174500,0.485,0.000,0.514
175000,0.547,0.000,0.453
175500,0.611,0.000,0.389
176000,0.607,0.000,0.393
176500,0.557,0.000,0.443
177000,0.624,0.000,0.376
177500,0.675,0.000,0.325
178000,0.577,0.000,0.423
178500,0.719,0.000,0.281
179000,0.639,0.000,0.361
179500,0.603,0.000,0.397
180000,0.696,0.000,0.304
180500,0.578,0.000,0.422
181000,0.523,0.000,0.477
181500,0.651,0.000,0.349
182000,0.548,0.000,0.452
182500,0.640,0.000,0.360
183000,0.670,0.000,0.330
183500,0.766,0.000,0.234
184000,0.730,0.000,0.270
184500,0.592,0.000,0.408
185000,0.544,0.000,0.456
185500,0.632,0.000,0.368
186000,0.580,0.000,0.420
186500,0.544,0.000,0.456
187000,0.478,0.000,0.522
187500,0.462,0.000,0.538
188000,0.639,0.000,0.361
188500,0.661,0.000,0.339
189000,0.632,0.000,0.368
189500,0.470,0.000,0.530
190000,0.495,0.000,0.504
190500,0.534,0.000,0.466
191000,0.550,0.000,0.450
191500,0.583,0.000,0.417
192000,0.507,0.000,0.493
192500,0.607,0.000,0.393
193000,0.512,0.000,0.488
193500,0.406,0.000,0.594
194000,0.497,0.000,0.503
194500,0.525,0.000,0.475
195000,0.615,0.000,0.385
195500,0.524,0.000,0.476
196000,0.573,0.000,0.427
196500,0.637,0.000,0.363
197000,0.573,0.000,0.427
197500,0.544,0.000,0.456
198000,0.596,0.000,0.404
198500,0.540,0.000,0.460
199000,0.507,0.000,0.493
199500,0.603,0.000,0.397
200000,0.683,0.000,0.317
200500,0.649,0.000,0.351
201000,0.535,0.000,0.465
201500,0.553,0.000,0.447
202000,0.640,0.000,0.360
202500,0.682,0.000,0.318
203000,0.704,0.000,0.296
203500,0.586,0.000,0.414
204000,0.576,0.000,0.424
204500,0.609,0.000,0.391
205000,0.616,0.000,0.384
205500,0.606,0.000,0.394
206000,0.692,0.000,0.308
206500,0.649,0.000,0.351
207000,0.551,0.000,0.449
207500,0.604,0.000,0.396
208000,0.620,0.000,0.380
208500,0.556,0.000,0.444
209000,0.592,0.000,0.408
209500,0.588,0.000,0.412
210000,0.546,0.000,0.454
210500,0.613,0.000,0.387
211000,0.590,0.000,0.410
211500,0.565,0.000,0.435
212000,0.600,0.000,0.400
212500,0.611,0.000,0.389
213000,0.690,0.000,0.310
213500,0.733,0.000,0.267
214000,0.755,0.000,0.245
214500,0.734,0.000,0.266
215000,0.758,0.000,0.242
215500,0.777,0.000,0.223
216000,0.681,0.000,0.319
216500,0.700,0.000,0.300
217000,0.600,0.000,0.400
217500,0.576,0.000,0.424
218000,0.578,0.000,0.422
218500,0.650,0.000,0.350
219000,0.612,0.000,0.388
219500,0.606,0.000,0.394
220000,0.594,0.000,0.406
220500,0.518,0.000,0.482
221000,0.541,0.000,0.459
221500,0.550,0.000,0.450
222000,0.540,0.000,0.460
222500,0.517,0.000,0.483
223000,0.626,0.000,0.374
223500,0.536,0.000,0.464
224000,0.627,0.000,0.373
224500,0.635,0.000,0.365
225000,0.644,0.000,0.356
225500,0.548,0.000,0.452
226000,0.498,0.000,0.502
226500,0.558,0.000,0.442
227000,0.616,0.000,0.384
227500,0.659,0.000,0.341
228000,0.728,0.000,0.272
228500,0.699,0.000,0.301
229000,0.667,0.000,0.333
229500,0.678,0.000,0.322
230000,0.639,0.000,0.361
230500,0.625,0.000,0.375
231000,0.617,0.000,0.383
231500,0.649,0.000,0.351
232000,0.524,0.000,0.476
232500,0.581,0.000,0.419
233000,0.622,0.000,0.378
233500,0.648,0.000,0.352
234000,0.656,0.000,0.344
234500,0.643,0.000,0.357
235000,0.567,0.000,0.433
235500,0.521,0.000,0.479
236000,0.632,0.000,0.368
236500,0.572,0.000,0.428
237000,0.584,0.000,0.416
237500,0.542,0.000,0.458
238000,0.575,0.000,0.425
238500,0.625,0.000,0.375
239000,0.579,0.000,0.421
239500,0.547,0.000,0.453
240000,0.616,0.000,0.384
240500,0.579,0.000,0.421
241000,0.629,0.000,0.371
241500,0.609,0.000,0.391
242000,0.644,0.000,0.356
242500,0.564,0.000,0.436
243000,0.596,0.000,0.404
243500,0.497,0.000,0.503
244000,0.539,0.000,0.461
244500,0.665,0.000,0.335
245000,0.693,0.000,0.307
245500,0.590,0.000,0.410
246000,0.566,0.000,0.434
246500,0.526,0.000,0.474
247000,0.546,0.000,0.454
247500,0.547,0.000,0.453
248000,0.545,0.000,0.455
248500,0.578,0.000,0.422
249000,0.592,0.000,0.408
249500,0.518,0.000,0.482
250000,0.630,0.000,0.370
250500,0.681,0.000,0.319
251000,0.622,0.000,0.378
251500,0.685,0.000,0.315
252000,0.659,0.000,0.341
252500,0.740,0.000,0.260
253000,0.804,0.000,0.196
253500,0.597,0.000,0.403
254000,0.660,0.000,0.340
254500,0.660,0.000,0.340
255000,0.666,0.000,0.334
255500,0.548,0.000,0.452
256000,0.454,0.000,0.546
256500,0.624,0.000,0.376
257000,0.522,0.000,0.478
257500,0.553,0.000,0.447
258000,0.646,0.000,0.354
258500,0.597,0.000,0.403
259000,0.616,0.000,0.384
259500,0.615,0.000,0.385
260000,0.544,0.000,0.456
260500,0.538,0.000,0.462
261000,0.573,0.000,0.427
261500,0.621,0.000,0.379
262000,0.492,0.000,0.508
262500,0.480,0.000,0.520
263000,0.595,0.000,0.405
263500,0.598,0.000,0.402
264000,0.570,0.000,0.430
264500,0.690,0.000,0.310
265000,0.634,0.000,0.366
265500,0.658,0.000,0.342
266000,0.546,0.000,0.454
266500,0.497,0.000,0.502
267000,0.550,0.000,0.450
267500,0.635,0.000,0.365
268000,0.551,0.000,0.449
268500,0.455,0.000,0.545
269000,0.545,0.000,0.455
269500,0.531,0.000,0.469
270000,0.528,0.000,0.472
270500,0.476,0.000,0.524
271000,0.595,0.000,0.405
271500,0.570,0.000,0.430
272000,0.517,0.000,0.483
272500,0.473,0.000,0.527
273000,0.435,0.000,0.565
273500,0.514,0.000,0.486
274000,0.605,0.000,0.395
274500,0.622,0.000,0.378
275000,0.492,0.000,0.508
275500,0.601,0.000,0.399
276000,0.552,0.000,0.448
276500,0.588,0.000,0.412
277000,0.498,0.000,0.502
277500,0.547,0.000,0.453
278000,0.622,0.000,0.378
278500,0.672,0.000,0.328
279000,0.583,0.000,0.417
279500,0.564,0.000,0.436
280000,0.546,0.000,0.454
280500,0.509,0.000,0.491
281000,0.628,0.000,0.372
281500,0.604,0.000,0.396
282000,0.625,0.000,0.375
282500,0.635,0.000,0.365
283000,0.625,0.000,0.375
283500,0.701,0.000,0.299
284000,0.743,0.000,0.257
284500,0.650,0.000,0.350
285000,0.720,0.000,0.280
285500,0.690,0.000,0.310
286000,0.748,0.000,0.252
286500,0.661,0.000,0.339
287000,0.748,0.000,0.252
287500,0.676,0.000,0.324
288000,0.710,0.000,0.290
288500,0.696,0.000,0.304
289000,0.676,0.000,0.324
289500,0.656,0.000,0.344
290000,0.602,0.000,0.398
290500,0.697,0.000,0.303
291000,0.700,0.000,0.300
291500,0.570,0.000,0.430
292000,0.606,0.000,0.394
292500,0.559,0.000,0.441
293000,0.666,0.000,0.334
293500,0.579,0.000,0.421
294000,0.636,0.000,0.364
294500,0.612,0.000,0.388
295000,0.585,0.000,0.415
295500,0.603,0.000,0.397
296000,0.623,0.000,0.377
296500,0.620,0.000,0.380
297000,0.620,0.000,0.380
297500,0.556,0.000,0.444
298000,0.595,0.000,0.405
298500,0.578,0.000,0.422
299000,0.609,0.000,0.391
299500,0.667,0.000,0.333
300000,0.669,0.000,0.331
300500,0.557,0.000,0.443
301000,0.744,0.000,0.256
301500,0.758,0.000,0.242
302000,0.621,0.000,0.379
302500,0.581,0.000,0.419
303000,0.570,0.000,0.430
303500,0.547,0.000,0.453
304000,0.635,0.000,0.365
304500,0.559,0.000,0.441
305000,0.582,0.000,0.418
305500,0.547,0.000,0.453
306000,0.533,0.000,0.467
306500,0.572,0.000,0.428
307000,0.600,0.000,0.400
307500,0.590,0.000,0.410
308000,0.568,0.000,0.432
308500,0.569,0.000,0.431
309000,0.645,0.000,0.355
309500,0.621,0.000,0.379
310000,0.554,0.000,0.446
310500,0.570,0.000,0.430
311000,0.569,0.000,0.431
311500,0.660,0.000,0.340
312000,0.700,0.000,0.300
312500,0.563,0.000,0.437
313000,0.455,0.000,0.545
313500,0.540,0.000,0.460
314000,0.515,0.000,0.485
314500,0.520,0.000,0.480
315000,0.547,0.000,0.453
315500,0.566,0.000,0.434
316000,0.550,0.000,0.450
316500,0.675,0.000,0.325
317000,0.692,0.000,0.308
317500,0.550,0.000,0.450
318000,0.497,0.000,0.503
318500,0.531,0.000,0.469
319000,0.492,0.000,0.508
319500,0.535,0.000,0.465
320000,0.571,0.000,0.429
320500,0.530,0.000,0.470
321000,0.613,0.000,0.387
321500,0.556,0.000,0.444
322000,0.540,0.000,0.460
322500,0.644,0.000,0.356
323000,0.576,0.000,0.424
323500,0.722,0.000,0.278
324000,0.677,0.000,0.323
324500,0.660,0.000,0.340
325000,0.602,0.000,0.398
325500,0.490,0.000,0.510
326000,0.506,0.000,0.494
326500,0.596,0.000,0.404
327000,0.561,0.000,0.439
327500,0.625,0.000,0.375
328000,0.677,0.000,0.323
328500,0.594,0.000,0.406
329000,0.672,0.000,0.328
329500,0.678,0.000,0.322
330000,0.717,0.000,0.283
330500,0.722,0.000,0.278
331000,0.706,0.000,0.294
331500,0.707,0.000,0.293
332000,0.641,0.000,0.359
332500,0.649,0.000,0.351
333000,0.615,0.000,0.385
333500,0.666,0.000,0.334
334000,0.579,0.000,0.421
334500,0.582,0.000,0.418
335000,0.624,0.000,0.376
335500,0.624,0.000,0.376
336000,0.572,0.000,0.428
336500,0.563,0.000,0.437
337000,0.654,0.000,0.346
337500,0.740,0.000,0.260
338000,0.564,0.000,0.436
338500,0.477,0.000,0.523
339000,0.597,0.000,0.403
339500,0.579,0.000,0.421
340000,0.553,0.000,0.447
340500,0.581,0.000,0.419
341000,0.576,0.000,0.424
341500,0.516,0.000,0.484
342000,0.589,0.000,0.411
342500,0.477,0.000,0.522
343000,0.516,0.000,0.484
343500,0.452,0.000,0.548
344000,0.556,0.000,0.444
344500,0.569,0.000,0.431
345000,0.662,0.000,0.338
345500,0.624,0.000,0.376
346000,0.635,0.000,0.365
346500,0.701,0.000,0.299
347000,0.596,0.000,0.404
347500,0.585,0.000,0.415
348000,0.550,0.000,0.450
348500,0.725,0.000,0.275
349000,0.654,0.000,0.346
349500,0.563,0.000,0.437
350000,0.592,0.000,0.408
350500,0.570,0.000,0.430
351000,0.567,0.000,0.433
351500,0.569,0.000,0.431
352000,0.610,0.000,0.390
352500,0.566,0.000,0.434
353000,0.492,0.000,0.508
353500,0.624,0.000,0.376
354000,0.513,0.000,0.487
354500,0.519,0.000,0.481
355000,0.579,0.000,0.421
355500,0.528,0.000,0.472
356000,0.572,0.000,0.428
356500,0.542,0.000,0.458
357000,0.499,0.000,0.501
357500,0.588,0.000,0.412
358000,0.489,0.000,0.511
358500,0.556,0.000,0.444
359000,0.574,0.000,0.426
359500,0.545,0.000,0.455
360000,0.597,0.000,0.403
360500,0.550,0.000,0.450
361000,0.547,0.000,0.453
361500,0.542,0.000,0.458
362000,0.600,0.000,0.400
362500,0.634,0.000,0.366
363000,0.534,0.000,0.466
363500,0.571,0.000,0.429
364000,0.550,0.000,0.450
364500,0.611,0.000,0.389
365000,0.652,0.000,0.348
365500,0.761,0.000,0.239
366000,0.631,0.000,0.369
366500,0.592,0.000,0.408
367000,0.669,0.000,0.331
367500,0.684,0.000,0.316
368000,0.603,0.000,0.397
368500,0.626,0.000,0.374
369000,0.605,0.000,0.395
369500,0.377,0.000,0.623
370000,0.492,0.000,0.508
370500,0.576,0.000,0.424
371000,0.528,0.000,0.472
371500,0.454,0.000,0.546
372000,0.584,0.000,0.416
372500,0.668,0.000,0.332
373000,0.702,0.000,0.298
373500,0.701,0.000,0.299
374000,0.665,0.000,0.335
374500,0.661,0.000,0.339
375000,0.626,0.000,0.374
375500,0.524,0.000,0.476
376000,0.556,0.000,0.444
376500,0.623,0.000,0.377
377000,0.622,0.000,0.378
377500,0.553,0.000,0.447
378000,0.612,0.000,0.388
378500,0.605,0.000,0.395
379000,0.649,0.000,0.351
379500,0.641,0.000,0.359
380000,0.542,0.000,0.458
380500,0.501,0.000,0.499
381000,0.522,0.000,0.478
381500,0.555,0.000,0.445
382000,0.588,0.000,0.412
382500,0.513,0.000,0.487
383000,0.570,0.000,0.430
383500,0.552,0.000,0.448
384000,0.649,0.000,0.351
384500,0.566,0.000,0.434
385000,0.531,0.000,0.469
385500,0.541,0.000,0.459
386000,0.648,0.000,0.352
386500,0.690,0.000,0.310
387000,0.659,0.000,0.341
387500,0.610,0.000,0.390
388000,0.540,0.000,0.460
388500,0.671,0.000,0.329
389000,0.560,0.000,0.440
389500,0.571,0.000,0.429
390000,0.593,0.000,0.407
390500,0.596,0.000,0.404
391000,0.507,0.000,0.493
391500,0.593,0.000,0.407
392000,0.704,0.000,0.296
392500,0.696,0.000,0.304
393000,0.668,0.000,0.332
393500,0.783,0.000,0.217
394000,0.810,0.000,0.190
394500,0.738,0.000,0.262
395000,0.669,0.000,0.331
395500,0.523,0.000,0.477
396000,0.563,0.000,0.437
396500,0.681,0.000,0.319
397000,0.668,0.000,0.332
397500,0.611,0.000,0.389
398000,0.736,0.000,0.264
398500,0.613,0.000,0.387
399000,0.654,0.000,0.346
399500,0.590,0.000,0.410
400000,0.559,0.000,0.441
400500,0.580,0.000,0.420
401000,0.627,0.000,0.373
401500,0.581,0.000,0.419
402000,0.524,0.000,0.476
402500,0.597,0.000,0.403
403000,0.521,0.000,0.479
403500,0.526,0.000,0.474
404000,0.493,0.000,0.507
404500,0.518,0.000,0.482
405000,0.638,0.000,0.362
405500,0.626,0.000,0.374
406000,0.552,0.000,0.448
406500,0.592,0.000,0.408
407000,0.648,0.000,0.352
407500,0.591,0.000,0.409
408000,0.516,0.000,0.484
408500,0.602,0.000,0.398
409000,0.560,0.000,0.440
409500,0.696,0.000,0.304
410000,0.671,0.000,0.329
410500,0.553,0.000,0.447
411000,0.567,0.000,0.433
411500,0.672,0.000,0.328
412000,0.574,0.000,0.426
412500,0.587,0.000,0.413
413000,0.627,0.000,0.373
413500,0.643,0.000,0.357
414000,0.579,0.000,0.421
414500,0.534,0.000,0.466
415000,0.625,0.000,0.375
415500,0.644,0.000,0.356
416000,0.697,0.000,0.303
416500,0.559,0.000,0.441
417000,0.477,0.000,0.522
417500,0.498,0.000,0.502
418000,0.503,0.000,0.497
418500,0.494,0.000,0.506
419000,0.472,0.000,0.528
419500,0.525,0.000,0.475
420000,0.532,0.000,0.468
420500,0.581,0.000,0.419
421000,0.568,0.000,0.432
421500,0.567,0.000,0.433
422000,0.460,0.000,0.540
422500,0.421,0.000,0.579
423000,0.470,0.000,0.530
423500,0.622,0.000,0.378
424000,0.549,0.000,0.451
424500,0.691,0.000,0.309
425000,0.572,0.000,0.428
425500,0.655,0.000,0.345
426000,0.675,0.000,0.325
426500,0.546,0.000,0.454
427000,0.524,0.000,0.476
427500,0.551,0.000,0.449
428000,0.574,0.000,0.426
428500,0.664,0.000,0.336
429000,0.677,0.000,0.323
429500,0.552,0.000,0.448
430000,0.445,0.000,0.555
430500,0.439,0.000,0.561
431000,0.600,0.000,0.400
431500,0.550,0.000,0.450
432000,0.481,0.000,0.519
432500,0.582,0.000,0.418
433000,0.618,0.000,0.382
433500,0.681,0.000,0.319
434000,0.716,0.000,0.284
434500,0.710,0.000,0.290
435000,0.728,0.000,0.272
435500,0.702,0.000,0.298
436000,0.673,0.000,0.327
436500,0.666,0.000,0.334
437000,0.592,0.000,0.408
437500,0.649,0.000,0.351
438000,0.682,0.000,0.318
438500,0.632,0.000,0.368
439000,0.604,0.000,0.396
439500,0.625,0.000,0.375
440000,0.653,0.000,0.347
440500,0.670,0.000,0.330
441000,0.583,0.000,0.417
441500,0.581,0.000,0.419
442000,0.520,0.000,0.480
442500,0.581,0.000,0.419
443000,0.534,0.000,0.466
443500,0.546,0.000,0.454
444000,0.628,0.000,0.372
444500,0.698,0.000,0.302
445000,0.782,0.000,0.218
445500,0.756,0.000,0.244
446000,0.742,0.000,0.258
446500,0.540,0.000,0.460
447000,0.532,0.000,0.468
447500,0.516,0.000,0.484
448000,0.536,0.000,0.464
448500,0.576,0.000,0.424
449000,0.544,0.000,0.456
449500,0.605,0.000,0.395
450000,0.559,0.000,0.441
450500,0.630,0.000,0.370
451000,0.644,0.000,0.356
451500,0.663,0.000,0.337
452000,0.600,0.000,0.400
452500,0.683,0.000,0.317
453000,0.727,0.000,0.273
453500,0.694,0.000,0.306
454000,0.654,0.000,0.346
454500,0.652,0.000,0.348
455000,0.677,0.000,0.323
455500,0.551,0.000,0.449
456000,0.552,0.000,0.448
456500,0.529,0.000,0.471
457000,0.566,0.000,0.434
457500,0.633,0.000,0.367
458000,0.755,0.000,0.245
458500,0.730,0.000,0.270
459000,0.745,0.000,0.255
459500,0.667,0.000,0.333
460000,0.486,0.000,0.514
460500,0.511,0.000,0.489
461000,0.512,0.000,0.488
461500,0.600,0.000,0.400
462000,0.533,0.000,0.467
462500,0.548,0.000,0.452
463000,0.533,0.000,0.467
463500,0.534,0.000,0.466
464000,0.522,0.000,0.478
464500,0.465,0.000,0.535
465000,0.646,0.000,0.354
465500,0.650,0.000,0.350
466000,0.612,0.000,0.388
466500,0.627,0.000,0.373
467000,0.552,0.000,0.448
467500,0.662,0.000,0.338
468000,0.603,0.000,0.397
468500,0.596,0.000,0.404
469000,0.547,0.000,0.453
469500,0.581,0.000,0.419
470000,0.630,0.000,0.370
470500,0.480,0.000,0.520
471000,0.486,0.000,0.514
471500,0.519,0.000,0.481
472000,0.526,0.000,0.474
472500,0.586,0.000,0.414
473000,0.519,0.000,0.481
473500,0.497,0.000,0.503
474000,0.557,0.000,0.443
474500,0.633,0.000,0.367
475000,0.570,0.000,0.430
475500,0.593,0.000,0.407
476000,0.628,0.000,0.372
476500,0.680,0.000,0.320
477000,0.684,0.000,0.316
477500,0.645,0.000,0.355
478000,0.630,0.000,0.370
478500,0.570,0.000,0.430
479000,0.616,0.000,0.384
479500,0.581,0.000,0.419
480000,0.620,0.000,0.380
480500,0.525,0.000,0.475
481000,0.617,0.000,0.383
481500,0.620,0.000,0.380
482000,0.566,0.000,0.434
482500,0.605,0.000,0.395
483000,0.594,0.000,0.406
483500,0.599,0.000,0.401
484000,0.529,0.000,0.471
484500,0.557,0.000,0.443
485000,0.630,0.000,0.370
485500,0.635,0.000,0.365
486000,0.649,0.000,0.351
486500,0.565,0.000,0.435
487000,0.657,0.000,0.343
487500,0.644,0.000,0.356
488000,0.563,0.000,0.437
488500,0.534,0.000,0.466
489000,0.607,0.000,0.393
489500,0.607,0.000,0.393
490000,0.588,0.000,0.412
490500,0.597,0.000,0.403
491000,0.630,0.000,0.370
491500,0.569,0.000,0.431
492000,0.565,0.000,0.435
492500,0.604,0.000,0.396
493000,0.628,0.000,0.372
493500,0.653,0.000,0.347
494000,0.605,0.000,0.395
494500,0.477,0.000,0.523
495000,0.560,0.000,0.440
495500,0.536,0.000,0.464
496000,0.566,0.000,0.434
496500,0.579,0.000,0.421
497000,0.575,0.000,0.425
497500,0.566,0.000,0.434
498000,0.676,0.000,0.324
498500,0.648,0.000,0.352
499000,0.667,0.000,0.333
499500,0.646,0.000,0.354
500000,0.607,0.000,0.393
500500,0.664,0.000,0.336
501000,0.603,0.000,0.397
501500,0.705,0.000,0.295
502000,0.576,0.000,0.424
502500,0.570,0.000,0.430
503000,0.634,0.000,0.366
503500,0.633,0.000,0.367
504000,0.695,0.000,0.305
504500,0.748,0.000,0.252
505000,0.685,0.000,0.315
505500,0.673,0.000,0.327
506000,0.668,0.000,0.332
506500,0.645,0.000,0.355
507000,0.585,0.000,0.415
507500,0.569,0.000,0.431
508000,0.597,0.000,0.403
508500,0.630,0.000,0.370
509000,0.564,0.000,0.436
509500,0.604,0.000,0.396
510000,0.598,0.000,0.402
510500,0.663,0.000,0.337
511000,0.631,0.000,0.369
511500,0.609,0.000,0.391
512000,0.471,0.000,0.528
512500,0.612,0.000,0.388
513000,0.700,0.000,0.300
513500,0.741,0.000,0.259
514000,0.704,0.000,0.296
514500,0.614,0.000,0.386
515000,0.677,0.000,0.323
515500,0.665,0.000,0.335
516000,0.629,0.000,0.371
516500,0.591,0.000,0.409
517000,0.569,0.000,0.431
517500,0.549,0.000,0.451
518000,0.566,0.000,0.434
518500,0.642,0.000,0.358
519000,0.639,0.000,0.361
519500,0.603,0.000,0.397
520000,0.707,0.000,0.293
520500,0.657,0.000,0.343
521000,0.546,0.000,0.454
521500,0.570,0.000,0.430
522000,0.662,0.000,0.338
522500,0.594,0.000,0.406
523000,0.509,0.000,0.491
523500,0.602,0.000,0.398
524000,0.626,0.000,0.374
524500,0.657,0.000,0.343
525000,0.719,0.000,0.281
525500,0.667,0.000,0.333
526000,0.506,0.000,0.494
526500,0.465,0.000,0.535
527000,0.511,0.000,0.489
527500,0.507,0.000,0.493
528000,0.580,0.000,0.420
528500,0.554,0.000,0.446
529000,0.583,0.000,0.417
529500,0.618,0.000,0.382
530000,0.611,0.000,0.389
530500,0.659,0.000,0.341
531000,0.677,0.000,0.323
531500,0.675,0.000,0.325
532000,0.622,0.000,0.378
532500,0.680,0.000,0.320
533000,0.626,0.000,0.374
533500,0.760,0.000,0.240
534000,0.741,0.000,0.259
534500,0.651,0.000,0.349
535000,0.708,0.000,0.292
535500,0.635,0.000,0.365
536000,0.605,0.000,0.395
536500,0.488,0.000,0.512
537000,0.510,0.000,0.490
537500,0.512,0.000,0.488
538000,0.544,0.000,0.456
538500,0.594,0.000,0.406
539000,0.504,0.000,0.496
539500,0.497,0.000,0.503
540000,0.601,0.000,0.399
540500,0.568,0.000,0.432
541000,0.523,0.000,0.477
541500,0.483,0.000,0.517
542000,0.581,0.000,0.419
542500,0.507,0.000,0.493
543000,0.652,0.000,0.348
543500,0.600,0.000,0.400
544000,0.576,0.000,0.424
544500,0.648,0.000,0.352
545000,0.571,0.000,0.429
545500,0.614,0.000,0.386
546000,0.706,0.000,0.294
546500,0.736,0.000,0.264
547000,0.773,0.000,0.227
547500,0.727,0.000,0.273
548000,0.638,0.000,0.362
548500,0.726,0.000,0.274
549000,0.677,0.000,0.323
549500,0.668,0.000,0.332
550000,0.593,0.000,0.407
550500,0.560,0.000,0.440
551000,0.514,0.000,0.486
551500,0.568,0.000,0.432
552000,0.630,0.000,0.370
552500,0.650,0.000,0.350
553000,0.709,0.000,0.291
553500,0.620,0.000,0.380
554000,0.626,0.000,0.374
554500,0.638,0.000,0.362
555000,0.744,0.000,0.256
555500,0.667,0.000,0.333
556000,0.618,0.000,0.382
556500,0.734,0.000,0.266
557000,0.699,0.000,0.301
557500,0.779,0.000,0.221
558000,0.808,0.000,0.192
558500,0.782,0.000,0.218
559000,0.550,0.000,0.450
559500,0.568,0.000,0.432
560000,0.656,0.000,0.344
560500,0.602,0.000,0.398
561000,0.599,0.000,0.401
561500,0.662,0.000,0.338
562000,0.672,0.000,0.328
562500,0.669,0.000,0.331
563000,0.680,0.000,0.320
563500,0.629,0.000,0.371
564000,0.613,0.000,0.387
564500,0.587,0.000,0.413
565000,0.449,0.000,0.551
565500,0.559,0.000,0.441
566000,0.621,0.000,0.379
566500,0.531,0.000,0.469
567000,0.568,0.000,0.432
567500,0.585,0.000,0.415
568000,0.502,0.000,0.498
568500,0.510,0.000,0.490
569000,0.564,0.000,0.436
569500,0.508,0.000,0.492
570000,0.470,0.000,0.530
570500,0.546,0.000,0.454
571000,0.440,0.000,0.560
571500,0.523,0.000,0.477
572000,0.603,0.000,0.397
572500,0.595,0.000,0.405
573000,0.560,0.000,0.440
573500,0.472,0.000,0.528
574000,0.577,0.000,0.423
574500,0.496,0.000,0.504
575000,0.636,0.000,0.364
575500,0.573,0.000,0.427
576000,0.610,0.000,0.390
576500,0.688,0.000,0.312
577000,0.610,0.000,0.390
577500,0.688,0.000,0.312
578000,0.577,0.000,0.423
578500,0.636,0.000,0.364
579000,0.623,0.000,0.377
579500,0.657,0.000,0.343
580000,0.618,0.000,0.382
580500,0.662,0.000,0.338
581000,0.659,0.000,0.341
581500,0.522,0.000,0.478
582000,0.518,0.000,0.482
582500,0.563,0.000,0.437
583000,0.508,0.000,0.492
583500,0.453,0.000,0.547
584000,0.689,0.000,0.311
584500,0.682,0.000,0.318
585000,0.655,0.000,0.345
585500,0.691,0.000,0.309
586000,0.580,0.000,0.420
586500,0.564,0.000,0.436
587000,0.536,0.000,0.464
587500,0.624,0.000,0.376
588000,0.615,0.000,0.385
588500,0.608,0.000,0.392
589000,0.523,0.000,0.477
589500,0.527,0.000,0.473
590000,0.569,0.000,0.431
590500,0.541,0.000,0.459
591000,0.654,0.000,0.346
591500,0.649,0.000,0.351
592000,0.646,0.000,0.354
592500,0.550,0.000,0.450
593000,0.574,0.000,0.426
593500,0.474,0.000,0.526
594000,0.489,0.000,0.510
594500,0.601,0.000,0.399
595000,0.622,0.000,0.378
595500,0.577,0.000,0.423
596000,0.569,0.000,0.431
596500,0.520,0.000,0.480
597000,0.597,0.000,0.403
597500,0.638,0.000,0.362
598000,0.720,0.000,0.280
598500,0.729,0.000,0.271
599000,0.715,0.000,0.285
599500,0.657,0.000,0.343
600000,0.575,0.000,0.425
600500,0.432,0.000,0.568
601000,0.671,0.000,0.329
601500,0.623,0.000,0.377
602000,0.564,0.000,0.436
602500,0.713,0.000,0.287
603000,0.602,0.000,0.398
603500,0.578,0.000,0.422
604000,0.696,0.000,0.304
604500,0.664,0.000,0.336
605000,0.609,0.000,0.391
605500,0.522,0.000,0.478
606000,0.548,0.000,0.452
606500,0.564,0.000,0.436
607000,0.612,0.000,0.388
607500,0.598,0.000,0.402
608000,0.700,0.000,0.300
608500,0.581,0.000,0.419
609000,0.597,0.000,0.403
609500,0.615,0.000,0.385
610000,0.620,0.000,0.380
610500,0.562,0.000,0.438
611000,0.572,0.000,0.428
611500,0.600,0.000,0.400
612000,0.671,0.000,0.329
612500,0.570,0.000,0.430
613000,0.608,0.000,0.392
613500,0.628,0.000,0.372
614000,0.649,0.000,0.351
614500,0.641,0.000,0.359
615000,0.596,0.000,0.404
615500,0.515,0.000,0.485
616000,0.586,0.000,0.414
616500,0.684,0.000,0.316
617000,0.510,0.000,0.490
617500,0.719,0.000,0.281
618000,0.670,0.000,0.330
618500,0.583,0.000,0.417
619000,0.540,0.000,0.460
619500,0.589,0.000,0.411
620000,0.706,0.000,0.294
620500,0.627,0.000,0.373
621000,0.576,0.000,0.424
621500,0.610,0.000,0.390
622000,0.614,0.000,0.386
622500,0.586,0.000,0.414
623000,0.585,0.000,0.415
623500,0.568,0.000,0.432
624000,0.666,0.000,0.334
624500,0.600,0.000,0.400
625000,0.664,0.000,0.336
625500,0.602,0.000,0.398
626000,0.628,0.000,0.372
626500,0.628,0.000,0.372
627000,0.502,0.000,0.498
627500,0.515,0.000,0.485
628000,0.483,0.000,0.516
628500,0.480,0.000,0.520
629000,0.474,0.000,0.526
629500,0.598,0.000,0.402
630000,0.584,0.000,0.416
630500,0.598,0.000,0.402
631000,0.585,0.000,0.415
631500,0.559,0.000,0.441
632000,0.536,0.000,0.464
632500,0.655,0.000,0.345
633000,0.660,0.000,0.340
633500,0.602,0.000,0.398
634000,0.587,0.000,0.413
634500,0.558,0.000,0.442
635000,0.613,0.000,0.387
635500,0.628,0.000,0.372
636000,0.568,0.000,0.432
636500,0.553,0.000,0.447
637000,0.568,0.000,0.432
637500,0.529,0.000,0.471
638000,0.459,0.000,0.541
638500,0.491,0.000,0.509
639000,0.473,0.000,0.526
639500,0.498,0.000,0.502
640000,0.562,0.000,0.438
640500,0.523,0.000,0.477
641000,0.496,0.000,0.504
641500,0.622,0.000,0.378
642000,0.622,0.000,0.378
642500,0.539,0.000,0.461
643000,0.548,0.000,0.452
643500,0.500,0.000,0.500
644000,0.530,0.000,0.470
644500,0.461,0.000,0.539
645000,0.510,0.000,0.490
645500,0.517,0.000,0.483
646000,0.431,0.000,0.569
646500,0.451,0.000,0.549
647000,0.460,0.000,0.540
647500,0.593,0.000,0.407
648000,0.540,0.000,0.460
648500,0.561,0.000,0.439
649000,0.598,0.000,0.402
649500,0.609,0.000,0.391
650000,0.558,0.000,0.442
650500,0.617,0.000,0.383
651000,0.573,0.000,0.427
651500,0.615,0.000,0.385
652000,0.584,0.000,0.416
652500,0.641,0.000,0.359
653000,0.591,0.000,0.409
653500,0.596,0.000,0.404
654000,0.563,0.000,0.437
654500,0.398,0.000,0.602
655000,0.519,0.000,0.481
655500,0.530,0.000,0.470
656000,0.566,0.000,0.434
656500,0.678,0.000,0.322
657000,0.657,0.000,0.343
657500,0.706,0.000,0.294
658000,0.669,0.000,0.331
658500,0.532,0.000,0.468
659000,0.576,0.000,0.424
659500,0.545,0.000,0.455
660000,0.506,0.000,0.494
660500,0.592,0.000,0.408
661000,0.551,0.000,0.449
661500,0.512,0.000,0.488
662000,0.583,0.000,0.417
662500,0.612,0.000,0.388
663000,0.574,0.000,0.426
663500,0.580,0.000,0.420
664000,0.709,0.000,0.291
664500,0.675,0.000,0.325
665000,0.751,0.000,0.249
665500,0.627,0.000,0.373
666000,0.498,0.000,0.502
666500,0.490,0.000,0.510
667000,0.642,0.000,0.358
667500,0.607,0.000,0.393
668000,0.538,0.000,0.462
668500,0.640,0.000,0.360
669000,0.692,0.000,0.308
669500,0.690,0.000,0.310
670000,0.643,0.000,0.357
670500,0.624,0.000,0.376
671000,0.660,0.000,0.340
671500,0.604,0.000,0.396
672000,0.548,0.000,0.452
672500,0.535,0.000,0.465
673000,0.534,0.000,0.466
673500,0.596,0.000,0.404
674000,0.689,0.000,0.311
674500,0.632,0.000,0.368
675000,0.661,0.000,0.339
675500,0.719,0.000,0.281
676000,0.691,0.000,0.309
676500,0.695,0.000,0.305
677000,0.685,0.000,0.315
677500,0.715,0.000,0.285
678000,0.723,0.000,0.277
678500,0.566,0.000,0.434
679000,0.602,0.000,0.398
679500,0.560,0.000,0.440
680000,0.627,0.000,0.373
680500,0.617,0.000,0.383
681000,0.576,0.000,0.424
681500,0.544,0.000,0.456
682000,0.577,0.000,0.423
682500,0.550,0.000,0.450
683000,0.502,0.000,0.498
683500,0.577,0.000,0.423
684000,0.588,0.000,0.412
684500,0.481,0.000,0.518
685000,0.571,0.000,0.429
685500,0.587,0.000,0.413
686000,0.564,0.000,0.436
686500,0.506,0.000,0.494
687000,0.473,0.000,0.527
687500,0.516,0.000,0.484
688000,0.574,0.000,0.426
688500,0.574,0.000,0.426
689000,0.611,0.000,0.389
689500,0.501,0.000,0.499
690000,0.537,0.000,0.463
690500,0.604,0.000,0.396
691000,0.605,0.000,0.395
691500,0.648,0.000,0.352
692000,0.613,0.000,0.387
692500,0.608,0.000,0.392
693000,0.604,0.000,0.396
693500,0.571,0.000,0.429
694000,0.720,0.000,0.280
694500,0.679,0.000,0.321
695000,0.595,0.000,0.405
695500,0.600,0.000,0.400
696000,0.591,0.000,0.409
696500,0.677,0.000,0.323
697000,0.616,0.000,0.384
697500,0.624,0.000,0.376
698000,0.681,0.000,0.319
698500,0.638,0.000,0.362
699000,0.562,0.000,0.438
699500,0.656,0.000,0.344
700000,0.554,0.000,0.446
700500,0.645,0.000,0.355
701000,0.641,0.000,0.359
701500,0.677,0.000,0.323
702000,0.671,0.000,0.329
702500,0.635,0.000,0.365
703000,0.525,0.000,0.475
703500,0.533,0.000,0.467
704000,0.569,0.000,0.431
704500,0.612,0.000,0.388
705000,0.655,0.000,0.345
705500,0.681,0.000,0.319
706000,0.662,0.000,0.338
706500,0.617,0.000,0.383
707000,0.495,0.000,0.504
707500,0.541,0.000,0.459
708000,0.455,0.000,0.545
708500,0.509,0.000,0.491
709000,0.522,0.000,0.478
709500,0.502,0.000,0.498
710000,0.433,0.000,0.567
710500,0.477,0.000,0.522
711000,0.596,0.000,0.404
711500,0.558,0.000,0.442
712000,0.531,0.000,0.469
712500,0.576,0.000,0.424
713000,0.583,0.000,0.417
713500,0.578,0.000,0.422
714000,0.599,0.000,0.401
714500,0.618,0.000,0.382
715000,0.632,0.000,0.368
715500,0.593,0.000,0.407
716000,0.555,0.000,0.445
716500,0.598,0.000,0.402
717000,0.618,0.000,0.382
717500,0.609,0.000,0.391
718000,0.665,0.000,0.335
718500,0.621,0.000,0.379
719000,0.557,0.000,0.443
719500,0.584,0.000,0.416
720000,0.615,0.000,0.385
720500,0.648,0.000,0.352
721000,0.631,0.000,0.369
721500,0.526,0.000,0.474
722000,0.571,0.000,0.429
722500,0.559,0.000,0.441
723000,0.626,0.000,0.374
723500,0.614,0.000,0.386
724000,0.649,0.000,0.351
724500,0.583,0.000,0.417
725000,0.534,0.000,0.466
725500,0.515,0.000,0.485
726000,0.537,0.000,0.463
726500,0.593,0.000,0.407
727000,0.620,0.000,0.380
727500,0.598,0.000,0.402
728000,0.582,0.000,0.418
728500,0.605,0.000,0.395
729000,0.620,0.000,0.380
729500,0.570,0.000,0.430
730000,0.587,0.000,0.413
730500,0.600,0.000,0.400
731000,0.521,0.000,0.479
731500,0.600,0.000,0.400
732000,0.722,0.000,0.278
732500,0.720,0.000,0.280
733000,0.738,0.000,0.262
733500,0.721,0.000,0.279
734000,0.619,0.000,0.381
734500,0.556,0.000,0.444
735000,0.500,0.000,0.500
735500,0.537,0.000,0.463
736000,0.535,0.000,0.465
736500,0.602,0.000,0.398
737000,0.625,0.000,0.375
737500,0.614,0.000,0.386
738000,0.678,0.000,0.322
738500,0.708,0.000,0.292
739000,0.676,0.000,0.324
739500,0.664,0.000,0.336
740000,0.625,0.000,0.375
740500,0.587,0.000,0.413
741000,0.663,0.000,0.337
741500,0.539,0.000,0.461
742000,0.591,0.000,0.409
742500,0.581,0.000,0.419
743000,0.470,0.000,0.530
743500,0.460,0.000,0.540
744000,0.546,0.000,0.454
744500,0.592,0.000,0.408
745000,0.581,0.000,0.419
745500,0.566,0.000,0.434
746000,0.612,0.000,0.388
746500,0.568,0.000,0.432
747000,0.539,0.000,0.461
747500,0.550,0.000,0.450
748000,0.539,0.000,0.461
748500,0.579,0.000,0.421
749000,0.542,0.000,0.458
749500,0.533,0.000,0.467
750000,0.472,0.000,0.528
750500,0.546,0.000,0.454
751000,0.641,0.000,0.359
751500,0.626,0.000,0.374
752000,0.583,0.000,0.417
752500,0.566,0.000,0.434
753000,0.528,0.000,0.472
753500,0.643,0.000,0.357
754000,0.555,0.000,0.445
754500,0.526,0.000,0.474
755000,0.455,0.000,0.545
755500,0.494,0.000,0.506
756000,0.567,0.000,0.433
756500,0.510,0.000,0.490
757000,0.550,0.000,0.450
757500,0.629,0.000,0.371
758000,0.565,0.000,0.435
758500,0.656,0.000,0.344
759000,0.605,0.000,0.395
759500,0.587,0.000,0.413
760000,0.566,0.000,0.434
760500,0.540,0.000,0.460
761000,0.586,0.000,0.414
761500,0.558,0.000,0.442
762000,0.656,0.000,0.344
762500,0.689,0.000,0.311
763000,0.683,0.000,0.317
763500,0.652,0.000,0.348
764000,0.509,0.000,0.491
764500,0.543,0.000,0.457
765000,0.483,0.000,0.517
765500,0.582,0.000,0.418
766000,0.722,0.000,0.278
766500,0.626,0.000,0.374
767000,0.688,0.000,0.312
767500,0.687,0.000,0.313
768000,0.628,0.000,0.372
768500,0.708,0.000,0.292
769000,0.635,0.000,0.365
769500,0.556,0.000,0.444
770000,0.649,0.000,0.351
770500,0.632,0.000,0.368
771000,0.658,0.000,0.342
771500,0.634,0.000,0.366
772000,0.585,0.000,0.415
772500,0.593,0.000,0.407
773000,0.696,0.000,0.304
773500,0.766,0.000,0.234
774000,0.785,0.000,0.215
774500,0.808,0.000,0.192
775000,0.708,0.000,0.292
775500,0.630,0.000,0.370
776000,0.661,0.000,0.339
776500,0.612,0.000,0.388
777000,0.623,0.000,0.377
777500,0.610,0.000,0.390
778000,0.593,0.000,0.407
778500,0.582,0.000,0.418
779000,0.521,0.000,0.479
779500,0.474,0.000,0.526
780000,0.623,0.000,0.377
780500,0.517,0.000,0.483
781000,0.495,0.000,0.505
781500,0.612,0.000,0.388
782000,0.564,0.000,0.436
782500,0.513,0.000,0.487
783000,0.543,0.000,0.457
783500,0.604,0.000,0.396
784000,0.659,0.000,0.341
784500,0.624,0.000,0.376
785000,0.628,0.000,0.372
785500,0.578,0.000,0.422
786000,0.623,0.000,0.377
786500,0.471,0.000,0.528
787000,0.525,0.000,0.475
787500,0.532,0.000,0.468
788000,0.625,0.000,0.375
788500,0.576,0.000,0.424
789000,0.599,0.000,0.401
789500,0.638,0.000,0.362
790000,0.572,0.000,0.428
790500,0.641,0.000,0.359
791000,0.551,0.000,0.449
791500,0.584,0.000,0.416
792000,0.600,0.000,0.400
792500,0.656,0.000,0.344
793000,0.655,0.000,0.345
793500,0.572,0.000,0.428
794000,0.473,0.000,0.526
794500,0.640,0.000,0.360
795000,0.568,0.000,0.432
795500,0.662,0.000,0.338
796000,0.578,0.000,0.422
796500,0.507,0.000,0.493
797000,0.551,0.000,0.449
797500,0.523,0.000,0.477
798000,0.616,0.000,0.384
798500,0.670,0.000,0.330
799000,0.655,0.000,0.345
799500,0.634,0.000,0.366
800000,0.608,0.000,0.392
800500,0.632,0.000,0.368
801000,0.613,0.000,0.387
801500,0.523,0.000,0.477
802000,0.582,0.000,0.418
802500,0.648,0.000,0.352
803000,0.603,0.000,0.397
803500,0.559,0.000,0.441
804000,0.613,0.000,0.387
804500,0.661,0.000,0.339
805000,0.549,0.000,0.451
805500,0.562,0.000,0.438
806000,0.578,0.000,0.422
806500,0.561,0.000,0.439
807000,0.650,0.000,0.350
807500,0.631,0.000,0.369
808000,0.721,0.000,0.279
808500,0.655,0.000,0.345
809000,0.657,0.000,0.343
809500,0.578,0.000,0.422
810000,0.582,0.000,0.418
810500,0.533,0.000,0.467
811000,0.619,0.000,0.381
811500,0.555,0.000,0.445
812000,0.706,0.000,0.294
812500,0.719,0.000,0.281
813000,0.678,0.000,0.322
813500,0.578,0.000,0.422
814000,0.659,0.000,0.341
814500,0.628,0.000,0.372
815000,0.657,0.000,0.343
815500,0.644,0.000,0.356
816000,0.639,0.000,0.361
816500,0.630,0.000,0.370
817000,0.663,0.000,0.337
817500,0.635,0.000,0.365
818000,0.639,0.000,0.361
818500,0.608,0.000,0.392
819000,0.617,0.000,0.383
819500,0.606,0.000,0.394
820000,0.643,0.000,0.357
820500,0.717,0.000,0.283
821000,0.739,0.000,0.261
821500,0.667,0.000,0.333
822000,0.647,0.000,0.353
822500,0.567,0.000,0.433
823000,0.663,0.000,0.337
823500,0.565,0.000,0.435
824000,0.597,0.000,0.403
824500,0.614,0.000,0.386
825000,0.574,0.000,0.426
825500,0.618,0.000,0.382
826000,0.630,0.000,0.370
826500,0.613,0.000,0.387
827000,0.615,0.000,0.385
827500,0.613,0.000,0.387
828000,0.632,0.000,0.368
828500,0.594,0.000,0.406
829000,0.546,0.000,0.454
829500,0.607,0.000,0.393
830000,0.581,0.000,0.419
830500,0.522,0.000,0.478
831000,0.392,0.000,0.608
831500,0.534,0.000,0.466
832000,0.623,0.000,0.377
832500,0.627,0.000,0.373
833000,0.635,0.000,0.365
833500,0.622,0.000,0.378
834000,0.562,0.000,0.438
834500,0.529,0.000,0.471
835000,0.489,0.000,0.511
835500,0.541,0.000,0.459
836000,0.629,0.000,0.371
836500,0.712,0.000,0.288
837000,0.580,0.000,0.420
837500,0.602,0.000,0.398
838000,0.568,0.000,0.432
838500,0.647,0.000,0.353
839000,0.567,0.000,0.433
839500,0.562,0.000,0.438
840000,0.629,0.000,0.371
840500,0.577,0.000,0.423
841000,0.544,0.000,0.456
841500,0.576,0.000,0.424
842000,0.403,0.000,0.597
842500,0.560,0.000,0.440
843000,0.549,0.000,0.451
843500,0.557,0.000,0.443
844000,0.590,0.000,0.410
844500,0.599,0.000,0.401
845000,0.647,0.000,0.353
845500,0.658,0.000,0.342
846000,0.660,0.000,0.340
846500,0.707,0.000,0.293
847000,0.648,0.000,0.352
847500,0.589,0.000,0.411
848000,0.540,0.000,0.460
848500,0.472,0.000,0.528
849000,0.567,0.000,0.433
849500,0.660,0.000,0.340
850000,0.677,0.000,0.323
850500,0.599,0.000,0.401
851000,0.600,0.000,0.400
851500,0.631,0.000,0.369
852000,0.631,0.000,0.369
852500,0.614,0.000,0.386
853000,0.599,0.000,0.401
853500,0.559,0.000,0.441
854000,0.632,0.000,0.368
854500,0.636,0.000,0.364
855000,0.531,0.000,0.469
855500,0.580,0.000,0.420
856000,0.556,0.000,0.444
856500,0.617,0.000,0.383
857000,0.605,0.000,0.395
857500,0.549,0.000,0.451
858000,0.507,0.000,0.493
858500,0.541,0.000,0.459
859000,0.553,0.000,0.447
859500,0.629,0.000,0.371
860000,0.723,0.000,0.277
860500,0.595,0.000,0.405
861000,0.612,0.000,0.388
861500,0.588,0.000,0.412
862000,0.506,0.000,0.494
862500,0.563,0.000,0.437
863000,0.580,0.000,0.420
863500,0.534,0.000,0.466
864000,0.542,0.000,0.458
864500,0.635,0.000,0.365
865000,0.684,0.000,0.316
865500,0.666,0.000,0.334
866000,0.663,0.000,0.337
866500,0.669,0.000,0.331
867000,0.562,0.000,0.438
867500,0.600,0.000,0.400
868000,0.566,0.000,0.434
868500,0.539,0.000,0.461
869000,0.552,0.000,0.448
869500,0.642,0.000,0.358
870000,0.634,0.000,0.366
870500,0.630,0.000,0.370
871000,0.582,0.000,0.418
871500,0.626,0.000,0.374
872000,0.608,0.000,0.392
872500,0.547,0.000,0.453
873000,0.528,0.000,0.472
873500,0.637,0.000,0.363
874000,0.534,0.000,0.466
874500,0.580,0.000,0.420
875000,0.675,0.000,0.325
875500,0.543,0.000,0.457
876000,0.477,0.000,0.522
876500,0.544,0.000,0.456
877000,0.560,0.000,0.440
877500,0.655,0.000,0.345
878000,0.584,0.000,0.416
878500,0.586,0.000,0.414
879000,0.566,0.000,0.434
879500,0.563,0.000,0.437
880000,0.690,0.000,0.310
880500,0.593,0.000,0.407
881000,0.563,0.000,0.437
881500,0.632,0.000,0.368
882000,0.658,0.000,0.342
882500,0.689,0.000,0.311
883000,0.640,0.000,0.360
883500,0.613,0.000,0.387
884000,0.586,0.000,0.414
884500,0.627,0.000,0.373
885000,0.566,0.000,0.434
885500,0.706,0.000,0.294
886000,0.655,0.000,0.345
886500,0.673,0.000,0.327
887000,0.687,0.000,0.313
887500,0.590,0.000,0.410
888000,0.595,0.000,0.405
888500,0.712,0.000,0.288
889000,0.721,0.000,0.279
889500,0.694,0.000,0.306
890000,0.829,0.000,0.171
890500,0.822,0.000,0.178
891000,0.748,0.000,0.252
891500,0.639,0.000,0.361
892000,0.651,0.000,0.349
892500,0.621,0.000,0.379
893000,0.488,0.000,0.512
893500,0.622,0.000,0.378
894000,0.676,0.000,0.324
894500,0.622,0.000,0.378
895000,0.480,0.000,0.520
895500,0.432,0.000,0.568
896000,0.511,0.000,0.489
896500,0.584,0.000,0.416
897000,0.556,0.000,0.444
897500,0.606,0.000,0.394
898000,0.634,0.000,0.366
898500,0.546,0.000,0.454
899000,0.605,0.000,0.395
899500,0.624,0.000,0.376
900000,0.553,0.000,0.447
900500,0.474,0.000,0.526
901000,0.640,0.000,0.360
901500,0.529,0.000,0.471
902000,0.573,0.000,0.427
902500,0.563,0.000,0.437
903000,0.609,0.000,0.391
903500,0.631,0.000,0.369
904000,0.586,0.000,0.414
904500,0.565,0.000,0.435
905000,0.441,0.000,0.559
905500,0.520,0.000,0.480
906000,0.448,0.000,0.552
906500,0.498,0.000,0.502
907000,0.597,0.000,0.403
907500,0.572,0.000,0.428
908000,0.543,0.000,0.457
908500,0.591,0.000,0.409
909000,0.588,0.000,0.412
909500,0.581,0.000,0.419
910000,0.621,0.000,0.379
910500,0.618,0.000,0.382
911000,0.613,0.000,0.387
911500,0.521,0.000,0.479
912000,0.483,0.000,0.517
912500,0.528,0.000,0.472
913000,0.557,0.000,0.443
913500,0.598,0.000,0.402
914000,0.522,0.000,0.478
914500,0.515,0.000,0.485
915000,0.447,0.000,0.553
915500,0.532,0.000,0.468
916000,0.567,0.000,0.433
916500,0.626,0.000,0.374
917000,0.635,0.000,0.365
917500,0.620,0.000,0.380
918000,0.657,0.000,0.343
918500,0.606,0.000,0.394
919000,0.625,0.000,0.375
919500,0.592,0.000,0.408
920000,0.561,0.000,0.439
920500,0.445,0.000,0.555
921000,0.507,0.000,0.493
921500,0.491,0.000,0.508
922000,0.597,0.000,0.403
922500,0.601,0.000,0.399
923000,0.623,0.000,0.377
923500,0.597,0.000,0.403
924000,0.615,0.000,0.385
924500,0.604,0.000,0.396
925000,0.570,0.000,0.430
925500,0.589,0.000,0.411
926000,0.560,0.000,0.440
926500,0.540,0.000,0.460
927000,0.551,0.000,0.449
927500,0.634,0.000,0.366
928000,0.610,0.000,0.390
928500,0.550,0.000,0.450
929000,0.518,0.000,0.482
929500,0.667,0.000,0.333
930000,0.624,0.000,0.376
930500,0.586,0.000,0.414
931000,0.560,0.000,0.440
931500,0.552,0.000,0.448
932000,0.660,0.000,0.340
932500,0.681,0.000,0.319
933000,0.672,0.000,0.328
933500,0.653,0.000,0.347
934000,0.592,0.000,0.408
934500,0.625,0.000,0.375
935000,0.582,0.000,0.418
935500,0.588,0.000,0.412
936000,0.619,0.000,0.381
936500,0.706,0.000,0.294
937000,0.700,0.000,0.300
937500,0.685,0.000,0.315
938000,0.581,0.000,0.419
938500,0.635,0.000,0.365
939000,0.735,0.000,0.265
939500,0.632,0.000,0.368
940000,0.669,0.000,0.331
940500,0.643,0.000,0.357
941000,0.481,0.000,0.519
941500,0.398,0.000,0.602
942000,0.521,0.000,0.479
942500,0.579,0.000,0.421
943000,0.575,0.000,0.425
943500,0.544,0.000,0.456
944000,0.578,0.000,0.422
944500,0.565,0.000,0.435
945000,0.649,0.000,0.351
945500,0.594,0.000,0.406
946000,0.631,0.000,0.369
946500,0.658,0.000,0.342
947000,0.641,0.000,0.359
947500,0.668,0.000,0.332
948000,0.672,0.000,0.328
948500,0.602,0.000,0.398
949000,0.629,0.000,0.371
949500,0.530,0.000,0.470
950000,0.517,0.000,0.483
950500,0.565,0.000,0.435
951000,0.595,0.000,0.405
951500,0.631,0.000,0.369
952000,0.644,0.000,0.356
952500,0.621,0.000,0.379
953000,0.714,0.000,0.286
953500,0.660,0.000,0.340
954000,0.731,0.000,0.269
954500,0.745,0.000,0.255
955000,0.745,0.000,0.255
955500,0.636,0.000,0.364
956000,0.622,0.000,0.378
956500,0.655,0.000,0.345
957000,0.635,0.000,0.365
957500,0.568,0.000,0.432
958000,0.538,0.000,0.462
958500,0.589,0.000,0.411
959000,0.630,0.000,0.370
959500,0.707,0.000,0.293
960000,0.701,0.000,0.299
960500,0.687,0.000,0.313
961000,0.652,0.000,0.348
961500,0.690,0.000,0.310
962000,0.673,0.000,0.327
962500,0.688,0.000,0.312
963000,0.707,0.000,0.293
963500,0.708,0.000,0.292
964000,0.765,0.000,0.235
964500,0.731,0.000,0.269
965000,0.651,0.000,0.349
965500,0.664,0.000,0.336
966000,0.623,0.000,0.377
966500,0.616,0.000,0.384
967000,0.567,0.000,0.433
967500,0.524,0.000,0.476
968000,0.505,0.000,0.495
968500,0.619,0.000,0.381
969000,0.629,0.000,0.371
969500,0.607,0.000,0.393
970000,0.618,0.000,0.382
970500,0.536,0.000,0.464
971000,0.557,0.000,0.443
971500,0.517,0.000,0.483
972000,0.582,0.000,0.418
972500,0.588,0.000,0.412
973000,0.546,0.000,0.454
973500,0.544,0.000,0.456
974000,0.542,0.000,0.458
974500,0.636,0.000,0.364
975000,0.548,0.000,0.452
975500,0.493,0.000,0.507
976000,0.532,0.000,0.468
976500,0.563,0.000,0.437
977000,0.464,0.000,0.536
977500,0.462,0.000,0.538
978000,0.590,0.000,0.410
978500,0.652,0.000,0.348
979000,0.719,0.000,0.281
979500,0.765,0.000,0.235
980000,0.677,0.000,0.323
980500,0.519,0.000,0.481
981000,0.525,0.000,0.475
981500,0.700,0.000,0.300
982000,0.761,0.000,0.239
982500,0.778,0.000,0.222
983000,0.762,0.000,0.238
983500,0.727,0.000,0.273
984000,0.722,0.000,0.278
984500,0.614,0.000,0.386
985000,0.603,0.000,0.397
985500,0.641,0.000,0.359
986000,0.578,0.000,0.422
986500,0.525,0.000,0.475
987000,0.530,0.000,0.470
987500,0.562,0.000,0.438
988000,0.518,0.000,0.482
988500,0.537,0.000,0.463
989000,0.540,0.000,0.460
989500,0.525,0.000,0.475
990000,0.563,0.000,0.437
990500,0.563,0.000,0.437
991000,0.536,0.000,0.464
991500,0.537,0.000,0.463
992000,0.574,0.000,0.426
992500,0.507,0.000,0.493
993000,0.599,0.000,0.401
993500,0.587,0.000,0.413
994000,0.640,0.000,0.360
994500,0.629,0.000,0.371
995000,0.534,0.000,0.466
995500,0.638,0.000,0.362
996000,0.583,0.000,0.417
996500,0.576,0.000,0.424
997000,0.595,0.000,0.405
997500,0.605,0.000,0.395
998000,0.568,0.000,0.432
998500,0.565,0.000,0.435
999000,0.524,0.000,0.476
999500,0.616,0.000,0.384
1000000,0.650,0.000,0.350
