time,n_A+p,n_B,n_AB,avg_entropy_simp
500,0.029,0.897,0.074,0.161675
1000,0.029,0.876,0.095,0.198199
1500,0.029,0.942,0.029,0.099171
2000,0.029,0.938,0.033,0.099928
2500,0.029,0.926,0.045,0.121711
3000,0.029,0.921,0.050,0.136810
3500,0.029,0.913,0.058,0.153873
4000,0.029,0.950,0.021,0.086092
4500,0.029,0.938,0.033,0.100691
5000,0.029,0.942,0.029,0.109433
5500,0.037,0.938,0.025,0.099362
6000,0.029,0.946,0.025,0.086221
6500,0.037,0.855,0.107,0.227859
7000,0.033,0.851,0.116,0.256227
7500,0.033,0.893,0.074,0.169916
8000,0.033,0.909,0.058,0.150818
8500,0.033,0.893,0.074,0.174584
9000,0.033,0.897,0.070,0.178250
9500,0.037,0.938,0.025,0.108320
10000,0.029,0.934,0.037,0.121274
10500,0.029,0.934,0.037,0.129806
11000,0.041,0.847,0.112,0.232431
11500,0.033,0.905,0.062,0.144054
12000,0.033,0.888,0.079,0.167515
12500,0.029,0.880,0.091,0.182585
13000,0.045,0.810,0.145,0.300446
13500,0.037,0.872,0.091,0.190123
14000,0.029,0.901,0.070,0.161775
14500,0.029,0.934,0.037,0.112787
15000,0.033,0.946,0.021,0.090700
15500,0.033,0.880,0.087,0.169432
16000,0.037,0.905,0.058,0.160337
16500,0.033,0.921,0.045,0.125225
17000,0.029,0.901,0.070,0.167342
17500,0.029,0.897,0.074,0.160788
18000,0.029,0.893,0.079,0.154226
18500,0.029,0.938,0.033,0.101694
19000,0.029,0.938,0.033,0.098976
19500,0.029,0.868,0.103,0.216693
20000,0.033,0.897,0.070,0.167406
20500,0.029,0.930,0.041,0.121711
21000,0.029,0.926,0.045,0.125421
21500,0.029,0.942,0.029,0.096816
22000,0.029,0.959,0.012,0.066764
22500,0.029,0.901,0.070,0.169615
23000,0.029,0.930,0.041,0.116559
23500,0.033,0.888,0.079,0.173792
24000,0.037,0.872,0.091,0.207619
24500,0.033,0.909,0.058,0.148135
25000,0.050,0.814,0.136,0.275394
25500,0.054,0.789,0.157,0.289265
26000,0.037,0.884,0.079,0.175682
26500,0.041,0.835,0.124,0.256720
27000,0.033,0.913,0.054,0.139501
27500,0.029,0.938,0.033,0.098010
28000,0.029,0.901,0.070,0.157021
28500,0.033,0.868,0.099,0.190123
29000,0.033,0.917,0.050,0.141432
29500,0.029,0.864,0.107,0.233173
30000,0.029,0.934,0.037,0.115681
30500,0.029,0.938,0.033,0.100022
31000,0.029,0.888,0.083,0.160954
31500,0.029,0.946,0.025,0.080948
32000,0.037,0.913,0.050,0.152789
32500,0.033,0.938,0.029,0.108697
33000,0.029,0.930,0.041,0.111034
33500,0.029,0.942,0.029,0.095421
34000,0.033,0.884,0.083,0.164938
34500,0.033,0.917,0.050,0.128711
35000,0.037,0.876,0.087,0.202598
35500,0.029,0.897,0.074,0.163004
36000,0.029,0.934,0.037,0.105193
36500,0.029,0.901,0.070,0.147940
37000,0.033,0.921,0.045,0.128835
37500,0.033,0.893,0.074,0.169068
38000,0.033,0.926,0.041,0.115462
38500,0.037,0.909,0.054,0.135089
39000,0.033,0.864,0.103,0.191909
39500,0.045,0.843,0.112,0.215821
40000,0.037,0.921,0.041,0.121473
40500,0.033,0.872,0.095,0.212194
41000,0.033,0.901,0.066,0.170334
41500,0.050,0.884,0.066,0.185400
42000,0.033,0.905,0.062,0.157950
42500,0.033,0.901,0.066,0.154589
43000,0.037,0.934,0.029,0.100898
43500,0.037,0.868,0.095,0.203539
44000,0.041,0.864,0.095,0.219475
44500,0.033,0.926,0.041,0.114503
45000,0.029,0.917,0.054,0.127954
45500,0.029,0.913,0.058,0.140590
46000,0.033,0.888,0.079,0.188272
46500,0.029,0.897,0.074,0.150263
47000,0.029,0.926,0.045,0.127732
47500,0.045,0.884,0.070,0.181828
48000,0.033,0.905,0.062,0.157152
48500,0.033,0.909,0.058,0.147933
49000,0.033,0.909,0.058,0.139320
49500,0.029,0.950,0.021,0.079261
50000,0.033,0.905,0.062,0.159928
50500,0.029,0.950,0.021,0.088722
51000,0.029,0.913,0.058,0.133490
51500,0.029,0.913,0.058,0.163736
52000,0.029,0.930,0.041,0.125394
52500,0.029,0.897,0.074,0.162716
53000,0.037,0.884,0.079,0.186902
53500,0.050,0.855,0.095,0.216942
54000,0.045,0.913,0.041,0.127097
54500,0.045,0.876,0.079,0.162763
55000,0.033,0.921,0.045,0.124330
55500,0.029,0.905,0.066,0.165042
56000,0.029,0.917,0.054,0.149296
56500,0.033,0.880,0.087,0.187954
57000,0.033,0.880,0.087,0.203770
57500,0.029,0.938,0.033,0.118690
58000,0.029,0.963,0.008,0.068330
58500,0.029,0.946,0.025,0.088689
59000,0.029,0.897,0.074,0.157233
59500,0.029,0.942,0.029,0.094583
60000,0.029,0.909,0.062,0.148168
60500,0.033,0.847,0.120,0.230928
61000,0.029,0.905,0.066,0.146497
61500,0.029,0.930,0.041,0.128061
62000,0.033,0.926,0.041,0.121476
62500,0.029,0.897,0.074,0.152314
63000,0.029,0.938,0.033,0.094531
63500,0.033,0.901,0.066,0.183812
64000,0.033,0.897,0.070,0.187208
64500,0.033,0.909,0.058,0.166986
65000,0.029,0.917,0.054,0.133113
65500,0.041,0.860,0.099,0.204781
66000,0.033,0.893,0.074,0.166361
66500,0.029,0.913,0.058,0.134746
67000,0.029,0.930,0.041,0.133486
67500,0.037,0.905,0.058,0.160384
68000,0.029,0.917,0.054,0.134760
68500,0.037,0.930,0.033,0.126322
69000,0.029,0.913,0.058,0.151627
69500,0.029,0.930,0.041,0.114087
70000,0.041,0.876,0.083,0.205009
70500,0.033,0.880,0.087,0.191243
71000,0.029,0.934,0.037,0.107646
71500,0.029,0.913,0.058,0.133936
72000,0.033,0.893,0.074,0.169253
72500,0.029,0.938,0.033,0.107874
73000,0.029,0.926,0.045,0.132203
73500,0.033,0.876,0.091,0.186298
74000,0.029,0.905,0.066,0.133457
74500,0.029,0.913,0.058,0.136056
75000,0.029,0.930,0.041,0.107416
75500,0.029,0.942,0.029,0.095632
76000,0.033,0.950,0.017,0.079599
76500,0.029,0.909,0.062,0.155057
77000,0.029,0.942,0.029,0.113195
77500,0.037,0.917,0.045,0.137862
78000,0.037,0.897,0.066,0.177591
78500,0.033,0.913,0.054,0.156475
79000,0.029,0.930,0.041,0.121768
79500,0.033,0.934,0.033,0.106462
80000,0.045,0.826,0.128,0.273333
80500,0.033,0.901,0.066,0.171762
81000,0.037,0.884,0.079,0.213378
81500,0.033,0.905,0.062,0.141092
82000,0.033,0.880,0.087,0.197125
82500,0.033,0.880,0.087,0.193613
83000,0.033,0.913,0.054,0.146241
83500,0.029,0.938,0.033,0.106902
84000,0.029,0.921,0.050,0.140684
84500,0.029,0.930,0.041,0.129496
85000,0.029,0.909,0.062,0.148250
85500,0.033,0.917,0.050,0.134758
86000,0.029,0.950,0.021,0.091707
86500,0.045,0.921,0.033,0.132570
87000,0.050,0.888,0.062,0.171710
87500,0.037,0.913,0.050,0.137939
88000,0.033,0.921,0.045,0.121102
88500,0.041,0.905,0.054,0.162010
89000,0.029,0.913,0.058,0.149303
89500,0.037,0.917,0.045,0.121821
90000,0.029,0.938,0.033,0.107182
90500,0.029,0.884,0.087,0.179448
91000,0.033,0.884,0.083,0.184163
91500,0.033,0.884,0.083,0.199552
92000,0.029,0.847,0.124,0.234476
92500,0.029,0.938,0.033,0.112758
93000,0.029,0.913,0.058,0.154661
93500,0.029,0.917,0.054,0.147205
94000,0.029,0.921,0.050,0.142377
94500,0.029,0.913,0.058,0.151980
95000,0.037,0.860,0.103,0.200895
95500,0.050,0.905,0.045,0.146314
96000,0.029,0.934,0.037,0.119477
96500,0.033,0.905,0.062,0.167755
97000,0.033,0.938,0.029,0.117210
97500,0.041,0.884,0.074,0.183646
98000,0.037,0.851,0.112,0.226527
98500,0.029,0.921,0.050,0.139088
99000,0.029,0.880,0.091,0.207390
99500,0.037,0.864,0.099,0.201230
100000,0.037,0.938,0.025,0.106442
