time,n_A+p,n_B,n_AB
0,0.450,0.550,0.000
500,0.275,0.491,0.234
1000,0.260,0.438,0.302
1500,0.195,0.489,0.316
2000,0.224,0.439,0.336
2500,0.254,0.324,0.422
3000,0.306,0.333,0.361
3500,0.302,0.302,0.396
4000,0.302,0.280,0.418
4500,0.344,0.281,0.375
5000,0.354,0.240,0.406
5500,0.349,0.205,0.446
6000,0.351,0.211,0.438
6500,0.353,0.240,0.407
7000,0.322,0.258,0.420
7500,0.276,0.281,0.443
8000,0.360,0.194,0.445
8500,0.356,0.204,0.440
9000,0.342,0.228,0.430
9500,0.340,0.185,0.475
10000,0.350,0.219,0.431
10500,0.375,0.194,0.431
11000,0.307,0.255,0.438
11500,0.289,0.279,0.431
12000,0.232,0.328,0.440
12500,0.244,0.348,0.408
13000,0.227,0.371,0.402
13500,0.186,0.400,0.414
14000,0.242,0.367,0.391
14500,0.312,0.276,0.412
15000,0.332,0.251,0.417
15500,0.338,0.225,0.437
16000,0.337,0.230,0.433
16500,0.351,0.208,0.441
17000,0.288,0.302,0.411
17500,0.318,0.251,0.431
18000,0.317,0.263,0.421
18500,0.347,0.263,0.390
19000,0.325,0.228,0.447
19500,0.316,0.266,0.418
20000,0.293,0.285,0.423
20500,0.284,0.252,0.464
21000,0.225,0.324,0.452
21500,0.240,0.335,0.424
22000,0.219,0.331,0.449
22500,0.232,0.345,0.423
23000,0.190,0.414,0.396
23500,0.211,0.372,0.417
24000,0.218,0.375,0.406
24500,0.254,0.317,0.429
25000,0.279,0.281,0.440
25500,0.293,0.284,0.423
26000,0.327,0.298,0.375
26500,0.323,0.271,0.406
27000,0.289,0.314,0.398
27500,0.264,0.279,0.458
28000,0.323,0.274,0.403
28500,0.337,0.214,0.449
29000,0.297,0.281,0.422
29500,0.306,0.246,0.448
30000,0.299,0.256,0.445
30500,0.274,0.247,0.480
31000,0.283,0.233,0.483
31500,0.292,0.257,0.452
32000,0.288,0.269,0.443
32500,0.310,0.243,0.448
33000,0.363,0.209,0.428
33500,0.321,0.220,0.459
34000,0.389,0.211,0.400
34500,0.351,0.198,0.451
35000,0.349,0.256,0.395
35500,0.323,0.269,0.408
36000,0.300,0.281,0.420
36500,0.268,0.253,0.480
37000,0.280,0.268,0.452
37500,0.207,0.333,0.460
38000,0.225,0.345,0.431
38500,0.257,0.285,0.458
39000,0.228,0.316,0.456
39500,0.244,0.274,0.483
40000,0.286,0.295,0.420
40500,0.300,0.302,0.399
41000,0.283,0.293,0.424
41500,0.239,0.327,0.434
42000,0.264,0.334,0.402
42500,0.271,0.326,0.403
43000,0.233,0.355,0.412
43500,0.274,0.300,0.426
44000,0.212,0.358,0.430
44500,0.198,0.332,0.470
45000,0.271,0.301,0.428
45500,0.271,0.268,0.461
46000,0.269,0.244,0.487
46500,0.332,0.217,0.451
47000,0.306,0.266,0.428
47500,0.250,0.299,0.451
48000,0.228,0.313,0.459
48500,0.243,0.322,0.435
49000,0.269,0.304,0.426
49500,0.281,0.264,0.455
50000,0.361,0.203,0.436
50500,0.325,0.190,0.485
51000,0.294,0.295,0.411
51500,0.297,0.260,0.442
52000,0.280,0.288,0.432
52500,0.244,0.279,0.476
53000,0.222,0.335,0.443
53500,0.229,0.335,0.435
54000,0.274,0.282,0.444
54500,0.259,0.328,0.413
55000,0.272,0.338,0.390
55500,0.320,0.286,0.394
56000,0.288,0.307,0.405
56500,0.238,0.310,0.452
57000,0.291,0.306,0.403
57500,0.246,0.328,0.427
58000,0.226,0.317,0.457
58500,0.232,0.304,0.464
59000,0.274,0.269,0.457
59500,0.302,0.232,0.466
60000,0.346,0.186,0.467
60500,0.283,0.250,0.467
61000,0.295,0.295,0.410
61500,0.332,0.256,0.412
62000,0.342,0.242,0.416
62500,0.335,0.230,0.435
63000,0.339,0.267,0.395
63500,0.325,0.228,0.448
64000,0.295,0.265,0.439
64500,0.283,0.243,0.474
65000,0.239,0.261,0.499
65500,0.320,0.270,0.410
66000,0.328,0.243,0.430
66500,0.284,0.286,0.430
67000,0.306,0.239,0.455
67500,0.211,0.342,0.447
68000,0.251,0.323,0.426
68500,0.272,0.286,0.442
69000,0.304,0.273,0.423
69500,0.324,0.246,0.430
70000,0.253,0.339,0.407
70500,0.265,0.327,0.408
71000,0.266,0.269,0.464
71500,0.296,0.297,0.406
72000,0.302,0.257,0.441
72500,0.293,0.258,0.449
73000,0.300,0.278,0.423
73500,0.325,0.250,0.425
74000,0.288,0.259,0.453
74500,0.267,0.288,0.445
75000,0.278,0.256,0.467
75500,0.210,0.335,0.455
76000,0.224,0.295,0.482
76500,0.258,0.271,0.471
77000,0.225,0.331,0.444
77500,0.271,0.286,0.443
78000,0.304,0.219,0.477
78500,0.334,0.232,0.434
79000,0.285,0.265,0.451
79500,0.285,0.331,0.384
80000,0.196,0.381,0.423
80500,0.201,0.370,0.428
81000,0.233,0.343,0.424
81500,0.276,0.297,0.426
82000,0.262,0.313,0.425
82500,0.278,0.300,0.421
83000,0.322,0.274,0.404
83500,0.231,0.295,0.474
84000,0.229,0.356,0.416
84500,0.251,0.341,0.408
85000,0.287,0.266,0.447
85500,0.285,0.285,0.430
86000,0.242,0.322,0.437
86500,0.253,0.334,0.413
87000,0.249,0.313,0.438
87500,0.232,0.360,0.408
88000,0.246,0.308,0.445
88500,0.252,0.299,0.449
89000,0.254,0.292,0.453
89500,0.290,0.273,0.437
90000,0.255,0.311,0.434
90500,0.211,0.345,0.444
91000,0.215,0.370,0.416
91500,0.261,0.312,0.427
92000,0.288,0.331,0.382
92500,0.220,0.362,0.418
93000,0.263,0.318,0.419
93500,0.264,0.311,0.425
94000,0.209,0.376,0.415
94500,0.224,0.430,0.346
95000,0.229,0.328,0.444
95500,0.260,0.307,0.433
96000,0.302,0.301,0.397
96500,0.246,0.307,0.447
97000,0.324,0.249,0.427
97500,0.247,0.262,0.491
98000,0.262,0.291,0.447
98500,0.210,0.359,0.431
99000,0.217,0.305,0.478
99500,0.203,0.337,0.460
100000,0.229,0.349,0.422
100500,0.193,0.352,0.455
101000,0.213,0.329,0.458
101500,0.202,0.357,0.441
102000,0.237,0.314,0.449
102500,0.254,0.287,0.459
103000,0.345,0.232,0.424
103500,0.277,0.292,0.431
104000,0.286,0.281,0.434
104500,0.274,0.307,0.419
105000,0.256,0.339,0.405
105500,0.301,0.251,0.448
106000,0.374,0.224,0.402
106500,0.407,0.197,0.396
107000,0.435,0.180,0.384
107500,0.439,0.142,0.419
108000,0.416,0.147,0.437
108500,0.396,0.211,0.393
109000,0.449,0.179,0.373
109500,0.371,0.194,0.435
110000,0.357,0.227,0.416
110500,0.339,0.222,0.438
111000,0.423,0.169,0.408
111500,0.371,0.216,0.413
112000,0.442,0.175,0.384
112500,0.392,0.192,0.417
113000,0.349,0.213,0.438
113500,0.334,0.164,0.502
114000,0.334,0.181,0.485
114500,0.293,0.275,0.431
115000,0.299,0.262,0.439
115500,0.313,0.237,0.451
116000,0.267,0.283,0.450
116500,0.292,0.302,0.406
117000,0.319,0.201,0.480
117500,0.281,0.274,0.445
118000,0.293,0.249,0.458
118500,0.342,0.238,0.420
119000,0.353,0.240,0.407
119500,0.386,0.184,0.430
120000,0.354,0.213,0.432
120500,0.386,0.183,0.430
121000,0.324,0.223,0.453
121500,0.331,0.243,0.427
122000,0.278,0.235,0.487
122500,0.253,0.316,0.431
123000,0.267,0.291,0.442
123500,0.339,0.254,0.407
124000,0.315,0.274,0.410
124500,0.339,0.210,0.451
125000,0.296,0.294,0.410
125500,0.253,0.318,0.428
126000,0.281,0.286,0.433
126500,0.357,0.220,0.423
127000,0.343,0.214,0.442
127500,0.374,0.208,0.417
128000,0.352,0.236,0.412
128500,0.417,0.175,0.409
129000,0.414,0.185,0.401
129500,0.457,0.166,0.377
130000,0.386,0.214,0.400
130500,0.371,0.244,0.384
131000,0.377,0.199,0.424
131500,0.342,0.214,0.445
132000,0.315,0.187,0.497
132500,0.303,0.256,0.442
133000,0.321,0.241,0.438
133500,0.311,0.207,0.482
134000,0.334,0.212,0.453
134500,0.318,0.296,0.386
135000,0.267,0.314,0.419
135500,0.251,0.290,0.459
136000,0.220,0.331,0.449
136500,0.233,0.337,0.430
137000,0.190,0.328,0.483
137500,0.200,0.366,0.434
138000,0.184,0.344,0.472
138500,0.262,0.284,0.454
139000,0.205,0.386,0.409
139500,0.205,0.367,0.427
140000,0.243,0.317,0.439
140500,0.227,0.285,0.488
141000,0.225,0.274,0.501
141500,0.278,0.280,0.442
142000,0.290,0.257,0.453
142500,0.292,0.247,0.461
143000,0.292,0.270,0.438
143500,0.345,0.234,0.421
144000,0.311,0.272,0.417
144500,0.307,0.246,0.446
145000,0.319,0.228,0.453
145500,0.302,0.238,0.460
146000,0.293,0.263,0.445
146500,0.306,0.217,0.478
147000,0.306,0.244,0.449
147500,0.345,0.231,0.425
148000,0.361,0.231,0.408
148500,0.290,0.249,0.460
149000,0.260,0.303,0.437
149500,0.292,0.243,0.465
150000,0.336,0.215,0.448
150500,0.261,0.257,0.483
151000,0.292,0.239,0.469
151500,0.389,0.168,0.443
152000,0.315,0.215,0.470
152500,0.324,0.238,0.438
153000,0.242,0.354,0.404
153500,0.245,0.361,0.393
154000,0.241,0.353,0.406
154500,0.242,0.336,0.423
155000,0.246,0.354,0.400
155500,0.285,0.279,0.435
156000,0.345,0.209,0.446
156500,0.307,0.232,0.461
157000,0.321,0.229,0.451
157500,0.321,0.233,0.446
158000,0.347,0.188,0.464
158500,0.265,0.254,0.480
159000,0.272,0.270,0.458
159500,0.190,0.364,0.446
160000,0.232,0.279,0.490
160500,0.282,0.248,0.470
161000,0.222,0.314,0.464
161500,0.280,0.273,0.447
162000,0.311,0.241,0.448
162500,0.304,0.227,0.469
163000,0.292,0.277,0.431
163500,0.332,0.208,0.460
164000,0.402,0.183,0.414
164500,0.447,0.148,0.405
165000,0.469,0.155,0.376
165500,0.425,0.161,0.413
166000,0.413,0.153,0.434
166500,0.366,0.171,0.463
167000,0.361,0.231,0.407
167500,0.367,0.231,0.402
168000,0.342,0.213,0.445
168500,0.281,0.258,0.460
169000,0.270,0.235,0.495
169500,0.226,0.289,0.484
170000,0.190,0.350,0.460
170500,0.198,0.348,0.453
171000,0.197,0.314,0.488
171500,0.185,0.393,0.421
172000,0.221,0.338,0.442
172500,0.234,0.329,0.437
173000,0.300,0.245,0.455
173500,0.261,0.314,0.425
174000,0.272,0.302,0.427
174500,0.274,0.299,0.427
175000,0.322,0.256,0.422
175500,0.306,0.265,0.428
176000,0.243,0.336,0.421
176500,0.193,0.365,0.442
177000,0.252,0.329,0.419
177500,0.221,0.314,0.465
178000,0.183,0.370,0.447
178500,0.237,0.317,0.446
179000,0.326,0.273,0.401
179500,0.345,0.231,0.424
180000,0.350,0.227,0.423
180500,0.350,0.190,0.460
181000,0.264,0.297,0.439
181500,0.319,0.203,0.478
182000,0.271,0.274,0.456
182500,0.311,0.249,0.440
183000,0.280,0.252,0.468
183500,0.289,0.231,0.480
184000,0.372,0.198,0.430
184500,0.358,0.190,0.452
185000,0.416,0.171,0.414
185500,0.417,0.159,0.424
186000,0.380,0.192,0.428
186500,0.299,0.233,0.468
187000,0.343,0.208,0.449
187500,0.371,0.213,0.416
188000,0.270,0.258,0.471
188500,0.331,0.199,0.470
189000,0.331,0.233,0.436
189500,0.332,0.237,0.430
190000,0.262,0.294,0.444
190500,0.309,0.260,0.431
191000,0.315,0.266,0.419
191500,0.260,0.296,0.444
192000,0.286,0.260,0.453
192500,0.359,0.222,0.419
193000,0.336,0.186,0.478
193500,0.305,0.223,0.472
194000,0.368,0.225,0.407
194500,0.332,0.236,0.432
195000,0.314,0.192,0.495
195500,0.378,0.212,0.410
196000,0.359,0.208,0.433
196500,0.333,0.226,0.441
197000,0.367,0.210,0.423
197500,0.337,0.214,0.449
198000,0.341,0.247,0.412
198500,0.305,0.263,0.432
199000,0.307,0.267,0.426
199500,0.295,0.243,0.462
200000,0.309,0.237,0.453
200500,0.295,0.265,0.441
201000,0.269,0.308,0.423
201500,0.251,0.365,0.384
202000,0.186,0.347,0.467
202500,0.168,0.441,0.391
203000,0.191,0.385,0.424
203500,0.182,0.380,0.439
204000,0.198,0.419,0.384
204500,0.207,0.347,0.446
205000,0.278,0.284,0.438
205500,0.331,0.251,0.418
206000,0.324,0.274,0.402
206500,0.342,0.283,0.375
207000,0.314,0.309,0.377
207500,0.302,0.284,0.414
208000,0.308,0.236,0.456
208500,0.300,0.250,0.451
209000,0.290,0.244,0.466
209500,0.330,0.197,0.473
210000,0.322,0.238,0.440
210500,0.309,0.304,0.387
211000,0.298,0.334,0.368
211500,0.237,0.346,0.417
212000,0.247,0.341,0.412
212500,0.226,0.320,0.455
213000,0.225,0.317,0.458
213500,0.245,0.347,0.407
214000,0.228,0.330,0.442
214500,0.294,0.299,0.407
215000,0.334,0.216,0.450
215500,0.283,0.272,0.445
216000,0.315,0.232,0.452
216500,0.341,0.226,0.433
217000,0.327,0.233,0.440
217500,0.284,0.270,0.446
218000,0.287,0.233,0.480
218500,0.283,0.269,0.448
219000,0.264,0.253,0.483
219500,0.268,0.257,0.475
220000,0.290,0.235,0.475
220500,0.286,0.283,0.431
221000,0.260,0.276,0.464
221500,0.348,0.217,0.435
222000,0.282,0.268,0.449
222500,0.266,0.300,0.434
223000,0.251,0.288,0.462
223500,0.244,0.290,0.466
224000,0.226,0.346,0.428
224500,0.196,0.378,0.426
225000,0.219,0.344,0.437
225500,0.214,0.314,0.472
226000,0.202,0.369,0.429
226500,0.194,0.388,0.419
227000,0.205,0.391,0.405
227500,0.218,0.391,0.391
228000,0.198,0.364,0.438
228500,0.144,0.441,0.415
229000,0.187,0.358,0.455
229500,0.215,0.335,0.451
230000,0.205,0.346,0.449
230500,0.218,0.315,0.467
231000,0.243,0.283,0.474
231500,0.307,0.269,0.424
232000,0.267,0.261,0.473
232500,0.249,0.298,0.453
233000,0.211,0.315,0.474
233500,0.189,0.392,0.419
234000,0.182,0.365,0.453
234500,0.244,0.343,0.412
235000,0.231,0.330,0.439
235500,0.294,0.277,0.429
236000,0.274,0.277,0.449
236500,0.241,0.311,0.448
237000,0.277,0.256,0.467
237500,0.304,0.228,0.467
238000,0.331,0.226,0.443
238500,0.296,0.246,0.458
239000,0.276,0.253,0.470
239500,0.275,0.261,0.464
240000,0.240,0.289,0.470
240500,0.237,0.296,0.466
241000,0.257,0.293,0.450
241500,0.246,0.308,0.446
242000,0.305,0.260,0.435
242500,0.347,0.219,0.434
243000,0.382,0.176,0.442
243500,0.366,0.192,0.442
244000,0.386,0.185,0.429
244500,0.370,0.195,0.435
245000,0.324,0.279,0.396
245500,0.299,0.262,0.439
246000,0.279,0.281,0.439
246500,0.305,0.272,0.423
247000,0.333,0.268,0.399
247500,0.253,0.277,0.470
248000,0.285,0.283,0.432
248500,0.296,0.278,0.427
249000,0.260,0.282,0.458
249500,0.305,0.251,0.444
250000,0.274,0.352,0.374
250500,0.274,0.354,0.373
251000,0.277,0.281,0.442
251500,0.267,0.308,0.425
252000,0.265,0.293,0.441
252500,0.260,0.286,0.455
253000,0.247,0.337,0.416
253500,0.228,0.288,0.484
254000,0.303,0.261,0.436
254500,0.229,0.311,0.460
255000,0.293,0.279,0.427
255500,0.354,0.253,0.393
256000,0.327,0.223,0.451
256500,0.326,0.247,0.427
257000,0.303,0.288,0.409
257500,0.275,0.325,0.399
258000,0.201,0.356,0.442
258500,0.199,0.403,0.398
259000,0.270,0.306,0.424
259500,0.243,0.329,0.428
260000,0.223,0.352,0.425
260500,0.239,0.294,0.467
261000,0.189,0.359,0.453
261500,0.182,0.356,0.462
262000,0.199,0.375,0.426
262500,0.225,0.350,0.425
263000,0.262,0.355,0.383
263500,0.264,0.338,0.398
264000,0.236,0.356,0.408
264500,0.250,0.268,0.483
265000,0.284,0.279,0.437
265500,0.229,0.330,0.441
266000,0.194,0.411,0.395
266500,0.214,0.338,0.448
267000,0.218,0.398,0.384
267500,0.192,0.384,0.424
268000,0.174,0.444,0.382
268500,0.251,0.331,0.418
269000,0.299,0.288,0.413
269500,0.224,0.354,0.422
270000,0.238,0.345,0.417
270500,0.297,0.308,0.394
271000,0.279,0.271,0.450
271500,0.320,0.259,0.421
272000,0.314,0.256,0.431
272500,0.290,0.257,0.452
273000,0.295,0.286,0.419
273500,0.299,0.266,0.435
274000,0.274,0.268,0.459
274500,0.298,0.267,0.435
275000,0.297,0.254,0.449
275500,0.407,0.190,0.403
276000,0.411,0.190,0.399
276500,0.338,0.203,0.460
277000,0.365,0.172,0.463
277500,0.371,0.194,0.435
278000,0.372,0.182,0.446
278500,0.343,0.242,0.415
279000,0.353,0.246,0.401
279500,0.342,0.251,0.406
280000,0.349,0.242,0.409
280500,0.269,0.264,0.467
281000,0.272,0.288,0.439
281500,0.241,0.296,0.463
282000,0.250,0.278,0.472
282500,0.210,0.294,0.496
283000,0.321,0.249,0.430
283500,0.292,0.255,0.453
284000,0.271,0.278,0.451
284500,0.282,0.282,0.435
285000,0.251,0.310,0.438
285500,0.218,0.334,0.448
286000,0.249,0.308,0.444
286500,0.285,0.294,0.421
287000,0.251,0.267,0.483
287500,0.253,0.302,0.445
288000,0.251,0.291,0.458
288500,0.219,0.313,0.467
289000,0.289,0.267,0.444
289500,0.278,0.278,0.444
290000,0.240,0.331,0.429
290500,0.301,0.293,0.406
291000,0.321,0.268,0.410
291500,0.326,0.265,0.409
292000,0.309,0.256,0.435
292500,0.364,0.215,0.420
293000,0.369,0.202,0.429
293500,0.362,0.229,0.409
294000,0.263,0.280,0.457
294500,0.261,0.271,0.468
295000,0.289,0.288,0.423
295500,0.283,0.274,0.442
296000,0.278,0.299,0.424
296500,0.246,0.286,0.469
297000,0.283,0.298,0.419
297500,0.279,0.253,0.467
298000,0.285,0.283,0.431
298500,0.288,0.283,0.430
299000,0.352,0.237,0.411
299500,0.400,0.203,0.398
300000,0.403,0.170,0.427
300500,0.352,0.242,0.406
301000,0.249,0.295,0.456
301500,0.219,0.357,0.423
302000,0.282,0.251,0.467
302500,0.225,0.277,0.498
303000,0.269,0.289,0.442
303500,0.258,0.337,0.405
304000,0.220,0.342,0.438
304500,0.242,0.300,0.459
305000,0.247,0.329,0.424
305500,0.260,0.308,0.432
306000,0.271,0.269,0.460
306500,0.254,0.286,0.460
307000,0.311,0.258,0.431
307500,0.287,0.230,0.483
308000,0.304,0.272,0.424
308500,0.261,0.275,0.463
309000,0.272,0.270,0.458
309500,0.275,0.261,0.463
310000,0.247,0.276,0.476
310500,0.313,0.276,0.412
311000,0.349,0.240,0.411
311500,0.286,0.237,0.477
312000,0.334,0.231,0.435
312500,0.332,0.227,0.441
313000,0.254,0.310,0.436
313500,0.257,0.329,0.413
314000,0.269,0.322,0.409
314500,0.247,0.328,0.425
315000,0.204,0.365,0.431
315500,0.192,0.355,0.453
316000,0.211,0.350,0.438
316500,0.286,0.289,0.425
317000,0.381,0.228,0.391
317500,0.308,0.206,0.486
318000,0.285,0.269,0.446
318500,0.309,0.252,0.439
319000,0.313,0.221,0.466
319500,0.318,0.205,0.477
320000,0.260,0.308,0.432
320500,0.293,0.286,0.420
321000,0.271,0.293,0.436
321500,0.256,0.304,0.439
322000,0.271,0.287,0.442
322500,0.312,0.275,0.413
323000,0.335,0.255,0.410
323500,0.304,0.266,0.430
324000,0.346,0.240,0.414
324500,0.325,0.260,0.416
325000,0.320,0.208,0.472
325500,0.252,0.264,0.484
326000,0.249,0.332,0.420
326500,0.234,0.324,0.442
327000,0.239,0.342,0.420
327500,0.221,0.329,0.450
328000,0.226,0.340,0.434
328500,0.232,0.310,0.458
329000,0.209,0.361,0.430
329500,0.212,0.337,0.451
330000,0.289,0.311,0.400
330500,0.321,0.263,0.416
331000,0.281,0.310,0.409
331500,0.240,0.313,0.448
332000,0.288,0.260,0.452
332500,0.311,0.249,0.441
333000,0.341,0.222,0.437
333500,0.296,0.263,0.441
334000,0.259,0.294,0.447
334500,0.220,0.309,0.471
335000,0.289,0.249,0.462
335500,0.336,0.222,0.442
336000,0.384,0.212,0.405
336500,0.366,0.225,0.410
337000,0.307,0.260,0.433
337500,0.269,0.288,0.443
338000,0.289,0.287,0.424
338500,0.239,0.306,0.455
339000,0.233,0.296,0.471
339500,0.265,0.320,0.416
340000,0.269,0.285,0.446
340500,0.291,0.257,0.452
341000,0.325,0.216,0.459
341500,0.271,0.255,0.474
342000,0.305,0.192,0.503
342500,0.370,0.207,0.423
343000,0.304,0.216,0.480
343500,0.359,0.174,0.467
344000,0.345,0.230,0.425
344500,0.346,0.203,0.451
345000,0.331,0.205,0.464
345500,0.328,0.211,0.462
346000,0.347,0.202,0.451
346500,0.265,0.279,0.456
347000,0.279,0.259,0.462
347500,0.285,0.263,0.452
348000,0.219,0.337,0.444
348500,0.253,0.345,0.402
349000,0.237,0.297,0.466
349500,0.300,0.269,0.431
350000,0.398,0.226,0.376
350500,0.246,0.289,0.466
351000,0.249,0.313,0.438
351500,0.227,0.314,0.459
352000,0.296,0.221,0.484
352500,0.307,0.232,0.460
353000,0.278,0.241,0.481
353500,0.368,0.220,0.412
354000,0.412,0.172,0.416
354500,0.459,0.156,0.385
355000,0.471,0.143,0.386
355500,0.414,0.176,0.410
356000,0.466,0.177,0.357
356500,0.442,0.205,0.353
357000,0.405,0.192,0.403
357500,0.306,0.274,0.420
358000,0.268,0.273,0.459
358500,0.220,0.341,0.439
359000,0.229,0.345,0.426
359500,0.226,0.335,0.438
360000,0.247,0.343,0.410
360500,0.237,0.408,0.354
361000,0.167,0.371,0.462
361500,0.204,0.324,0.472
362000,0.208,0.344,0.448
362500,0.201,0.385,0.414
363000,0.199,0.359,0.442
363500,0.175,0.382,0.443
364000,0.200,0.347,0.452
364500,0.175,0.342,0.483
365000,0.178,0.368,0.454
365500,0.250,0.302,0.448
366000,0.271,0.267,0.462
366500,0.258,0.292,0.450
367000,0.251,0.283,0.466
367500,0.293,0.281,0.426
368000,0.321,0.242,0.438
368500,0.352,0.226,0.422
369000,0.313,0.272,0.416
369500,0.350,0.243,0.406
370000,0.435,0.166,0.398
370500,0.424,0.172,0.404
371000,0.399,0.173,0.428
371500,0.292,0.257,0.451
372000,0.246,0.291,0.463
372500,0.269,0.284,0.446
373000,0.310,0.276,0.414
373500,0.282,0.278,0.439
374000,0.304,0.265,0.431
374500,0.281,0.299,0.420
375000,0.271,0.306,0.423
375500,0.297,0.285,0.417
376000,0.334,0.242,0.424
376500,0.290,0.297,0.412
377000,0.338,0.269,0.392
377500,0.376,0.215,0.409
378000,0.426,0.167,0.407
378500,0.423,0.168,0.410
379000,0.380,0.215,0.406
379500,0.385,0.217,0.398
380000,0.413,0.187,0.400
380500,0.420,0.154,0.426
381000,0.372,0.194,0.434
381500,0.420,0.161,0.420
382000,0.382,0.218,0.400
382500,0.338,0.229,0.433
383000,0.432,0.161,0.407
383500,0.375,0.205,0.420
384000,0.321,0.246,0.434
384500,0.311,0.197,0.492
385000,0.409,0.162,0.428
385500,0.406,0.194,0.400
386000,0.401,0.203,0.396
386500,0.396,0.186,0.419
387000,0.323,0.232,0.445
387500,0.306,0.256,0.438
388000,0.293,0.252,0.455
388500,0.257,0.283,0.459
389000,0.346,0.224,0.430
389500,0.370,0.205,0.425
390000,0.424,0.179,0.397
390500,0.341,0.237,0.422
391000,0.381,0.196,0.424
391500,0.366,0.193,0.441
392000,0.388,0.177,0.435
392500,0.349,0.221,0.430
393000,0.329,0.267,0.405
393500,0.307,0.264,0.429
394000,0.246,0.274,0.480
394500,0.302,0.308,0.389
395000,0.327,0.268,0.405
395500,0.339,0.226,0.435
396000,0.316,0.214,0.470
396500,0.347,0.210,0.444
397000,0.361,0.190,0.449
397500,0.332,0.250,0.419
398000,0.241,0.266,0.493
398500,0.287,0.275,0.438
399000,0.366,0.204,0.431
399500,0.348,0.256,0.396
400000,0.267,0.285,0.449
400500,0.270,0.311,0.419
401000,0.259,0.317,0.424
401500,0.247,0.302,0.451
402000,0.289,0.271,0.440
402500,0.246,0.314,0.440
403000,0.228,0.304,0.468
403500,0.276,0.311,0.413
404000,0.243,0.341,0.416
404500,0.260,0.294,0.446
405000,0.276,0.281,0.442
405500,0.272,0.307,0.421
406000,0.380,0.251,0.369
406500,0.332,0.249,0.419
407000,0.312,0.221,0.467
407500,0.319,0.226,0.455
408000,0.274,0.253,0.473
408500,0.227,0.324,0.449
409000,0.226,0.293,0.481
409500,0.251,0.282,0.466
410000,0.289,0.268,0.443
410500,0.263,0.302,0.435
411000,0.260,0.296,0.445
411500,0.289,0.331,0.380
412000,0.231,0.346,0.423
412500,0.236,0.307,0.456
413000,0.261,0.264,0.476
413500,0.261,0.281,0.458
414000,0.283,0.274,0.443
414500,0.308,0.291,0.401
415000,0.265,0.309,0.425
415500,0.266,0.295,0.439
416000,0.292,0.225,0.483
416500,0.293,0.228,0.479
417000,0.273,0.239,0.488
417500,0.273,0.268,0.459
418000,0.261,0.269,0.470
418500,0.328,0.211,0.461
419000,0.357,0.211,0.431
419500,0.367,0.196,0.437
420000,0.332,0.227,0.441
420500,0.326,0.215,0.459
421000,0.264,0.306,0.430
421500,0.284,0.253,0.463
422000,0.283,0.288,0.430
422500,0.307,0.266,0.427
423000,0.242,0.296,0.463
423500,0.243,0.332,0.424
424000,0.222,0.381,0.397
424500,0.241,0.375,0.384
425000,0.217,0.339,0.445
425500,0.255,0.306,0.439
426000,0.221,0.360,0.420
426500,0.228,0.314,0.458
427000,0.272,0.314,0.414
427500,0.278,0.307,0.416
428000,0.300,0.285,0.415
428500,0.354,0.215,0.430
429000,0.375,0.189,0.436
429500,0.336,0.259,0.405
430000,0.317,0.306,0.377
430500,0.252,0.303,0.445
431000,0.244,0.297,0.459
431500,0.222,0.361,0.417
432000,0.299,0.274,0.427
432500,0.233,0.344,0.423
433000,0.236,0.326,0.438
433500,0.250,0.307,0.442
434000,0.237,0.300,0.463
434500,0.229,0.315,0.456
435000,0.340,0.252,0.408
435500,0.431,0.192,0.378
436000,0.328,0.228,0.444
436500,0.361,0.235,0.404
437000,0.367,0.200,0.432
437500,0.281,0.297,0.422
438000,0.319,0.253,0.428
438500,0.276,0.265,0.459
439000,0.307,0.242,0.452
439500,0.345,0.192,0.463
440000,0.246,0.318,0.436
440500,0.251,0.289,0.460
441000,0.229,0.290,0.480
441500,0.215,0.316,0.469
442000,0.251,0.325,0.424
442500,0.226,0.319,0.455
443000,0.171,0.331,0.498
443500,0.208,0.350,0.442
444000,0.264,0.265,0.470
444500,0.266,0.265,0.469
445000,0.295,0.263,0.442
445500,0.246,0.278,0.476
446000,0.256,0.317,0.428
446500,0.215,0.340,0.445
447000,0.237,0.303,0.460
447500,0.191,0.319,0.490
448000,0.177,0.356,0.467
448500,0.200,0.373,0.427
449000,0.262,0.285,0.453
449500,0.291,0.282,0.427
450000,0.297,0.269,0.434
450500,0.276,0.240,0.484
451000,0.264,0.283,0.453
451500,0.249,0.306,0.446
452000,0.217,0.350,0.433
452500,0.184,0.400,0.416
453000,0.163,0.398,0.439
453500,0.217,0.348,0.435
454000,0.276,0.290,0.434
454500,0.302,0.263,0.435
455000,0.282,0.253,0.465
455500,0.290,0.275,0.434
456000,0.317,0.255,0.428
456500,0.345,0.240,0.415
457000,0.329,0.242,0.429
457500,0.288,0.311,0.401
458000,0.284,0.276,0.439
458500,0.254,0.318,0.428
459000,0.289,0.286,0.424
459500,0.244,0.285,0.471
460000,0.249,0.287,0.464
460500,0.275,0.255,0.470
461000,0.239,0.277,0.484
461500,0.256,0.307,0.438
462000,0.236,0.345,0.419
462500,0.235,0.341,0.424
463000,0.236,0.346,0.419
463500,0.216,0.323,0.461
464000,0.231,0.354,0.415
464500,0.235,0.306,0.460
465000,0.211,0.322,0.467
465500,0.231,0.341,0.428
466000,0.253,0.304,0.442
466500,0.250,0.324,0.425
467000,0.244,0.286,0.470
467500,0.247,0.327,0.427
468000,0.231,0.327,0.442
468500,0.269,0.309,0.421
469000,0.276,0.322,0.402
469500,0.324,0.283,0.393
470000,0.232,0.332,0.436
470500,0.260,0.311,0.430
471000,0.243,0.346,0.411
471500,0.194,0.336,0.469
472000,0.322,0.278,0.400
472500,0.315,0.268,0.417
473000,0.299,0.295,0.406
473500,0.284,0.300,0.416
474000,0.263,0.326,0.411
474500,0.261,0.335,0.403
475000,0.343,0.263,0.394
475500,0.292,0.292,0.416
476000,0.326,0.296,0.378
476500,0.267,0.306,0.427
477000,0.219,0.343,0.437
477500,0.289,0.292,0.419
478000,0.319,0.253,0.428
478500,0.264,0.310,0.426
479000,0.283,0.296,0.420
479500,0.310,0.280,0.410
480000,0.353,0.209,0.438
480500,0.273,0.300,0.427
481000,0.260,0.308,0.432
481500,0.269,0.294,0.437
482000,0.261,0.327,0.413
482500,0.262,0.347,0.391
483000,0.223,0.350,0.427
483500,0.201,0.345,0.454
484000,0.197,0.362,0.441
484500,0.194,0.384,0.422
485000,0.148,0.447,0.405
485500,0.220,0.327,0.453
486000,0.283,0.276,0.440
486500,0.316,0.245,0.439
487000,0.309,0.257,0.434
487500,0.360,0.225,0.414
488000,0.296,0.307,0.398
488500,0.216,0.380,0.405
489000,0.218,0.379,0.403
489500,0.214,0.392,0.394
490000,0.264,0.336,0.400
490500,0.303,0.267,0.430
491000,0.305,0.272,0.423
491500,0.291,0.301,0.408
492000,0.247,0.341,0.412
492500,0.321,0.291,0.388
493000,0.298,0.315,0.386
493500,0.260,0.320,0.421
494000,0.256,0.336,0.408
494500,0.284,0.303,0.413
495000,0.292,0.237,0.471
495500,0.275,0.276,0.449
496000,0.351,0.218,0.431
496500,0.347,0.215,0.438
497000,0.290,0.258,0.451
497500,0.331,0.228,0.442
498000,0.261,0.284,0.455
498500,0.307,0.269,0.423
499000,0.317,0.251,0.432
499500,0.272,0.295,0.432
500000,0.265,0.328,0.407
500500,0.267,0.286,0.447
501000,0.285,0.307,0.408
501500,0.268,0.276,0.456
502000,0.229,0.340,0.431
502500,0.269,0.286,0.445
503000,0.253,0.268,0.479
503500,0.276,0.279,0.445
504000,0.288,0.279,0.432
504500,0.269,0.264,0.467
505000,0.256,0.287,0.458
505500,0.274,0.295,0.431
506000,0.263,0.320,0.417
506500,0.238,0.350,0.412
507000,0.244,0.282,0.473
507500,0.254,0.294,0.452
508000,0.244,0.310,0.446
508500,0.246,0.317,0.438
509000,0.267,0.264,0.469
509500,0.246,0.306,0.449
510000,0.250,0.323,0.427
510500,0.221,0.356,0.423
511000,0.213,0.343,0.444
511500,0.261,0.327,0.413
512000,0.185,0.378,0.437
512500,0.243,0.341,0.417
513000,0.286,0.296,0.419
513500,0.219,0.350,0.431
514000,0.184,0.402,0.414
514500,0.186,0.406,0.408
515000,0.205,0.328,0.467
515500,0.281,0.275,0.444
516000,0.298,0.290,0.412
516500,0.261,0.282,0.457
517000,0.212,0.325,0.463
517500,0.249,0.324,0.427
518000,0.264,0.281,0.455
518500,0.321,0.247,0.432
519000,0.283,0.235,0.481
519500,0.321,0.218,0.461
520000,0.317,0.244,0.439
520500,0.342,0.253,0.406
521000,0.251,0.293,0.456
521500,0.257,0.317,0.426
522000,0.238,0.335,0.427
522500,0.236,0.318,0.446
523000,0.175,0.398,0.427
523500,0.186,0.392,0.423
524000,0.243,0.319,0.438
524500,0.274,0.306,0.420
525000,0.275,0.303,0.422
525500,0.292,0.289,0.419
526000,0.345,0.236,0.419
526500,0.362,0.211,0.427
527000,0.386,0.181,0.433
527500,0.450,0.166,0.384
528000,0.397,0.193,0.410
528500,0.317,0.240,0.444
529000,0.324,0.254,0.423
529500,0.321,0.286,0.393
530000,0.280,0.296,0.424
530500,0.253,0.325,0.422
531000,0.268,0.288,0.445
531500,0.240,0.331,0.429
532000,0.215,0.329,0.455
532500,0.250,0.275,0.475
533000,0.240,0.277,0.483
533500,0.250,0.314,0.437
534000,0.283,0.279,0.438
534500,0.306,0.269,0.425
535000,0.298,0.320,0.382
535500,0.313,0.265,0.422
536000,0.268,0.263,0.470
536500,0.310,0.272,0.418
537000,0.317,0.261,0.421
537500,0.316,0.309,0.375
538000,0.300,0.350,0.350
538500,0.299,0.326,0.375
539000,0.316,0.291,0.393
539500,0.333,0.272,0.395
540000,0.309,0.310,0.381
540500,0.275,0.334,0.392
541000,0.295,0.282,0.424
541500,0.230,0.288,0.482
542000,0.287,0.304,0.409
542500,0.208,0.335,0.457
543000,0.219,0.287,0.494
543500,0.254,0.339,0.407
544000,0.205,0.335,0.460
544500,0.186,0.357,0.457
545000,0.201,0.301,0.498
545500,0.196,0.332,0.471
546000,0.234,0.356,0.410
546500,0.190,0.338,0.471
547000,0.203,0.366,0.432
547500,0.182,0.341,0.478
548000,0.235,0.277,0.488
548500,0.301,0.274,0.425
549000,0.306,0.267,0.427
549500,0.281,0.268,0.451
550000,0.261,0.284,0.455
550500,0.260,0.231,0.509
551000,0.316,0.212,0.472
551500,0.335,0.196,0.469
552000,0.328,0.246,0.426
552500,0.278,0.260,0.462
553000,0.333,0.221,0.446
553500,0.393,0.230,0.377
554000,0.292,0.287,0.421
554500,0.260,0.302,0.439
555000,0.201,0.359,0.441
555500,0.256,0.311,0.432
556000,0.258,0.291,0.451
556500,0.279,0.263,0.459
557000,0.245,0.336,0.419
557500,0.254,0.310,0.436
558000,0.315,0.224,0.462
558500,0.277,0.295,0.428
559000,0.313,0.253,0.434
559500,0.290,0.256,0.454
560000,0.364,0.217,0.419
560500,0.303,0.231,0.466
561000,0.355,0.203,0.442
561500,0.292,0.264,0.444
562000,0.280,0.254,0.466
562500,0.254,0.307,0.439
563000,0.256,0.304,0.439
563500,0.214,0.311,0.475
564000,0.253,0.307,0.440
564500,0.267,0.264,0.469
565000,0.285,0.245,0.470
565500,0.345,0.226,0.430
566000,0.275,0.290,0.435
566500,0.236,0.307,0.457
567000,0.173,0.341,0.485
567500,0.242,0.287,0.471
568000,0.304,0.249,0.448
568500,0.254,0.289,0.456
569000,0.250,0.329,0.421
569500,0.231,0.342,0.428
570000,0.222,0.365,0.413
570500,0.193,0.420,0.386
571000,0.205,0.376,0.419
571500,0.194,0.403,0.403
572000,0.242,0.318,0.440
572500,0.278,0.288,0.435
573000,0.281,0.296,0.424
573500,0.298,0.302,0.400
574000,0.282,0.296,0.423
574500,0.326,0.272,0.402
575000,0.332,0.258,0.410
575500,0.308,0.251,0.441
576000,0.325,0.227,0.448
576500,0.375,0.187,0.438
577000,0.353,0.206,0.441
577500,0.289,0.240,0.471
578000,0.290,0.260,0.449
578500,0.357,0.221,0.421
579000,0.318,0.217,0.464
579500,0.316,0.226,0.458
580000,0.283,0.270,0.447
580500,0.294,0.267,0.439
581000,0.272,0.298,0.430
581500,0.226,0.374,0.399
582000,0.261,0.324,0.414
582500,0.258,0.302,0.440
583000,0.347,0.261,0.392
583500,0.309,0.277,0.414
584000,0.304,0.291,0.405
584500,0.293,0.269,0.438
585000,0.288,0.310,0.402
585500,0.244,0.323,0.432
586000,0.231,0.346,0.423
586500,0.237,0.345,0.419
587000,0.229,0.371,0.400
587500,0.254,0.367,0.379
588000,0.283,0.338,0.379
588500,0.236,0.356,0.409
589000,0.233,0.346,0.420
589500,0.176,0.392,0.432
590000,0.150,0.430,0.420
590500,0.194,0.392,0.414
591000,0.236,0.356,0.408
591500,0.204,0.359,0.437
592000,0.221,0.338,0.442
592500,0.206,0.392,0.402
593000,0.211,0.334,0.455
593500,0.256,0.310,0.434
594000,0.205,0.380,0.415
594500,0.256,0.324,0.420
595000,0.200,0.359,0.441
595500,0.219,0.350,0.431
596000,0.164,0.388,0.449
596500,0.265,0.288,0.447
597000,0.307,0.243,0.451
597500,0.325,0.237,0.438
598000,0.295,0.254,0.451
598500,0.284,0.302,0.414
599000,0.287,0.225,0.488
599500,0.297,0.240,0.463
600000,0.239,0.295,0.466
600500,0.331,0.264,0.406
601000,0.293,0.283,0.423
601500,0.251,0.303,0.446
602000,0.251,0.324,0.425
602500,0.239,0.318,0.443
603000,0.193,0.357,0.449
603500,0.173,0.375,0.452
604000,0.221,0.342,0.437
604500,0.186,0.339,0.475
605000,0.211,0.317,0.473
605500,0.239,0.308,0.453
606000,0.193,0.334,0.473
606500,0.211,0.317,0.472
607000,0.242,0.286,0.472
607500,0.240,0.304,0.455
608000,0.244,0.300,0.456
608500,0.253,0.272,0.476
609000,0.344,0.197,0.459
609500,0.285,0.254,0.462
610000,0.217,0.300,0.483
610500,0.201,0.362,0.437
611000,0.207,0.304,0.489
611500,0.232,0.286,0.483
612000,0.205,0.329,0.466
612500,0.180,0.335,0.485
613000,0.218,0.292,0.491
613500,0.215,0.299,0.485
614000,0.278,0.256,0.466
614500,0.186,0.350,0.464
615000,0.261,0.302,0.438
615500,0.275,0.272,0.453
616000,0.351,0.218,0.431
616500,0.332,0.248,0.420
617000,0.347,0.214,0.438
617500,0.380,0.182,0.439
618000,0.360,0.175,0.465
618500,0.356,0.191,0.453
619000,0.359,0.180,0.461
619500,0.346,0.191,0.463
620000,0.357,0.180,0.463
620500,0.320,0.244,0.435
621000,0.260,0.323,0.417
621500,0.247,0.327,0.426
622000,0.219,0.331,0.451
622500,0.210,0.377,0.413
623000,0.214,0.384,0.403
623500,0.196,0.412,0.393
624000,0.243,0.307,0.450
624500,0.278,0.289,0.433
625000,0.354,0.223,0.423
625500,0.279,0.264,0.457
626000,0.286,0.253,0.461
626500,0.204,0.372,0.424
627000,0.245,0.316,0.439
627500,0.261,0.309,0.430
628000,0.260,0.295,0.445
628500,0.240,0.306,0.455
629000,0.286,0.273,0.441
629500,0.267,0.318,0.415
630000,0.252,0.299,0.449
630500,0.234,0.311,0.455
631000,0.207,0.354,0.439
631500,0.240,0.315,0.444
632000,0.276,0.306,0.419
632500,0.232,0.343,0.425
633000,0.256,0.317,0.428
633500,0.241,0.368,0.391
634000,0.258,0.336,0.406
634500,0.263,0.338,0.399
635000,0.278,0.313,0.409
635500,0.399,0.221,0.380
636000,0.337,0.233,0.430
636500,0.360,0.232,0.409
637000,0.302,0.256,0.442
637500,0.302,0.254,0.444
638000,0.267,0.295,0.438
638500,0.267,0.240,0.492
639000,0.374,0.174,0.452
639500,0.377,0.207,0.416
640000,0.413,0.189,0.398
640500,0.427,0.178,0.395
641000,0.452,0.150,0.399
641500,0.361,0.205,0.434
642000,0.351,0.217,0.432
642500,0.326,0.207,0.467
643000,0.347,0.205,0.448
643500,0.290,0.240,0.469
644000,0.265,0.258,0.477
644500,0.261,0.274,0.465
645000,0.317,0.264,0.419
645500,0.319,0.237,0.444
646000,0.367,0.185,0.448
646500,0.325,0.255,0.420
647000,0.305,0.249,0.446
647500,0.270,0.237,0.493
648000,0.269,0.285,0.446
648500,0.275,0.282,0.442
649000,0.217,0.339,0.444
649500,0.194,0.393,0.413
650000,0.221,0.314,0.465
650500,0.287,0.229,0.484
651000,0.236,0.276,0.487
651500,0.245,0.306,0.449
652000,0.322,0.269,0.408
652500,0.315,0.278,0.407
653000,0.353,0.236,0.412
653500,0.346,0.240,0.414
654000,0.329,0.229,0.441
654500,0.421,0.162,0.417
655000,0.418,0.172,0.410
655500,0.487,0.148,0.366
656000,0.404,0.160,0.436
656500,0.409,0.147,0.445
657000,0.327,0.236,0.437
657500,0.345,0.206,0.449
658000,0.345,0.197,0.458
658500,0.332,0.218,0.451
659000,0.249,0.279,0.472
659500,0.345,0.221,0.434
660000,0.324,0.233,0.443
660500,0.285,0.204,0.511
661000,0.300,0.226,0.474
661500,0.313,0.235,0.453
662000,0.345,0.223,0.432
662500,0.386,0.157,0.457
663000,0.327,0.198,0.475
663500,0.342,0.247,0.410
664000,0.308,0.254,0.438
664500,0.254,0.267,0.479
665000,0.242,0.306,0.452
665500,0.283,0.269,0.448
666000,0.311,0.279,0.410
666500,0.356,0.232,0.412
667000,0.349,0.268,0.384
667500,0.257,0.298,0.445
668000,0.337,0.229,0.434
668500,0.293,0.258,0.449
669000,0.367,0.217,0.417
669500,0.297,0.274,0.428
670000,0.269,0.293,0.438
670500,0.278,0.267,0.455
671000,0.308,0.255,0.437
671500,0.244,0.334,0.423
672000,0.250,0.296,0.454
672500,0.331,0.225,0.444
673000,0.293,0.252,0.455
673500,0.297,0.241,0.462
674000,0.300,0.244,0.455
674500,0.297,0.239,0.464
675000,0.275,0.292,0.433
675500,0.289,0.268,0.443
676000,0.279,0.261,0.459
676500,0.240,0.302,0.459
677000,0.249,0.299,0.452
677500,0.288,0.306,0.406
678000,0.304,0.282,0.414
678500,0.321,0.267,0.412
679000,0.264,0.296,0.440
679500,0.282,0.304,0.414
680000,0.307,0.258,0.435
680500,0.294,0.238,0.468
681000,0.290,0.256,0.453
681500,0.342,0.237,0.421
682000,0.327,0.227,0.446
682500,0.378,0.205,0.416
683000,0.373,0.197,0.430
683500,0.314,0.240,0.446
684000,0.269,0.266,0.465
684500,0.342,0.218,0.441
685000,0.312,0.268,0.420
685500,0.359,0.237,0.405
686000,0.446,0.151,0.403
686500,0.461,0.145,0.394
687000,0.496,0.138,0.366
687500,0.515,0.145,0.340
688000,0.466,0.179,0.354
688500,0.379,0.211,0.410
689000,0.309,0.261,0.430
689500,0.303,0.240,0.456
690000,0.318,0.258,0.424
690500,0.267,0.289,0.444
691000,0.258,0.303,0.439
691500,0.308,0.237,0.455
692000,0.284,0.246,0.470
692500,0.284,0.260,0.456
693000,0.265,0.300,0.435
693500,0.235,0.314,0.452
694000,0.296,0.247,0.457
694500,0.374,0.189,0.437
695000,0.300,0.242,0.458
695500,0.274,0.279,0.447
696000,0.283,0.282,0.435
696500,0.310,0.287,0.403
697000,0.276,0.258,0.466
697500,0.257,0.317,0.426
698000,0.215,0.364,0.421
698500,0.215,0.416,0.369
699000,0.229,0.375,0.396
699500,0.212,0.375,0.413
700000,0.226,0.360,0.414
700500,0.284,0.329,0.386
701000,0.298,0.309,0.393
701500,0.320,0.275,0.405
702000,0.306,0.235,0.459
702500,0.303,0.257,0.440
703000,0.271,0.289,0.439
703500,0.272,0.288,0.440
704000,0.234,0.250,0.516
704500,0.256,0.284,0.460
705000,0.246,0.304,0.450
705500,0.239,0.285,0.477
706000,0.262,0.258,0.480
706500,0.261,0.267,0.472
707000,0.341,0.186,0.474
707500,0.350,0.174,0.476
708000,0.385,0.167,0.448
708500,0.357,0.168,0.474
709000,0.251,0.291,0.458
709500,0.232,0.295,0.473
710000,0.260,0.302,0.438
710500,0.296,0.281,0.423
711000,0.291,0.253,0.456
711500,0.306,0.248,0.446
712000,0.315,0.253,0.431
712500,0.369,0.193,0.438
713000,0.303,0.257,0.440
713500,0.313,0.260,0.427
714000,0.288,0.293,0.419
714500,0.289,0.294,0.417
715000,0.335,0.250,0.416
715500,0.330,0.214,0.456
716000,0.368,0.200,0.432
716500,0.432,0.151,0.416
717000,0.361,0.191,0.448
717500,0.377,0.202,0.421
718000,0.357,0.225,0.419
718500,0.327,0.220,0.453
719000,0.309,0.242,0.449
719500,0.287,0.275,0.438
720000,0.233,0.313,0.455
720500,0.249,0.308,0.443
721000,0.295,0.286,0.419
721500,0.267,0.294,0.439
722000,0.303,0.269,0.428
722500,0.325,0.249,0.427
723000,0.344,0.222,0.434
723500,0.269,0.275,0.456
724000,0.272,0.257,0.471
724500,0.282,0.276,0.441
725000,0.285,0.276,0.439
725500,0.238,0.270,0.492
726000,0.224,0.299,0.477
726500,0.229,0.313,0.458
727000,0.243,0.286,0.470
727500,0.250,0.265,0.485
728000,0.288,0.283,0.430
728500,0.299,0.235,0.466
729000,0.263,0.278,0.459
729500,0.353,0.224,0.423
730000,0.339,0.229,0.432
730500,0.318,0.261,0.421
731000,0.236,0.316,0.448
731500,0.309,0.254,0.437
732000,0.210,0.351,0.439
732500,0.221,0.359,0.420
733000,0.184,0.403,0.413
733500,0.177,0.423,0.400
734000,0.218,0.362,0.420
734500,0.243,0.324,0.434
735000,0.232,0.261,0.507
735500,0.217,0.297,0.486
736000,0.213,0.305,0.482
736500,0.186,0.361,0.453
737000,0.207,0.329,0.464
737500,0.254,0.302,0.444
738000,0.247,0.318,0.434
738500,0.217,0.342,0.441
739000,0.214,0.322,0.464
739500,0.281,0.297,0.422
740000,0.203,0.413,0.384
740500,0.241,0.325,0.434
741000,0.269,0.324,0.407
741500,0.280,0.313,0.407
742000,0.253,0.334,0.413
742500,0.287,0.276,0.437
743000,0.259,0.309,0.432
743500,0.276,0.273,0.451
744000,0.257,0.285,0.458
744500,0.299,0.257,0.444
745000,0.312,0.247,0.441
745500,0.246,0.278,0.476
746000,0.264,0.336,0.400
746500,0.266,0.296,0.438
747000,0.226,0.335,0.439
747500,0.231,0.341,0.428
748000,0.229,0.354,0.417
748500,0.242,0.346,0.412
749000,0.261,0.300,0.439
749500,0.285,0.278,0.438
750000,0.212,0.359,0.429
750500,0.219,0.318,0.462
751000,0.245,0.275,0.480
751500,0.244,0.288,0.468
752000,0.251,0.266,0.483
752500,0.251,0.313,0.436
753000,0.255,0.303,0.442
753500,0.305,0.274,0.421
754000,0.288,0.276,0.435
754500,0.274,0.311,0.416
755000,0.337,0.261,0.402
755500,0.311,0.279,0.410
756000,0.303,0.305,0.392
756500,0.315,0.277,0.407
757000,0.295,0.267,0.438
757500,0.256,0.282,0.462
758000,0.314,0.249,0.437
758500,0.354,0.229,0.417
759000,0.324,0.221,0.455
759500,0.286,0.236,0.478
760000,0.340,0.217,0.443
760500,0.270,0.285,0.445
761000,0.331,0.253,0.416
761500,0.305,0.245,0.450
762000,0.271,0.307,0.422
762500,0.305,0.300,0.395
763000,0.269,0.304,0.427
763500,0.263,0.307,0.431
764000,0.269,0.325,0.406
764500,0.253,0.299,0.448
765000,0.260,0.295,0.445
765500,0.318,0.252,0.430
766000,0.390,0.201,0.409
766500,0.311,0.230,0.459
767000,0.275,0.250,0.475
767500,0.253,0.296,0.452
768000,0.229,0.310,0.461
768500,0.211,0.316,0.473
769000,0.247,0.285,0.469
769500,0.259,0.325,0.416
770000,0.244,0.284,0.471
770500,0.216,0.282,0.502
771000,0.300,0.238,0.462
771500,0.264,0.307,0.430
772000,0.260,0.273,0.467
772500,0.299,0.261,0.439
773000,0.318,0.239,0.443
773500,0.371,0.226,0.403
774000,0.342,0.265,0.393
774500,0.342,0.229,0.429
775000,0.314,0.247,0.439
775500,0.298,0.260,0.442
776000,0.235,0.294,0.471
776500,0.236,0.356,0.408
777000,0.232,0.345,0.423
777500,0.295,0.293,0.413
778000,0.307,0.255,0.438
778500,0.319,0.246,0.435
779000,0.339,0.237,0.424
779500,0.319,0.215,0.466
780000,0.321,0.262,0.417
780500,0.228,0.331,0.441
781000,0.231,0.393,0.376
781500,0.173,0.452,0.375
782000,0.242,0.362,0.396
782500,0.269,0.359,0.372
783000,0.245,0.328,0.427
783500,0.214,0.318,0.468
784000,0.218,0.329,0.453
784500,0.217,0.373,0.410
785000,0.245,0.308,0.446
785500,0.210,0.313,0.477
786000,0.182,0.363,0.455
786500,0.178,0.400,0.423
787000,0.207,0.381,0.412
787500,0.200,0.379,0.421
788000,0.228,0.337,0.435
788500,0.266,0.291,0.443
789000,0.240,0.264,0.496
789500,0.302,0.229,0.469
790000,0.230,0.283,0.487
790500,0.264,0.318,0.419
791000,0.246,0.338,0.416
791500,0.232,0.328,0.439
792000,0.321,0.240,0.438
792500,0.336,0.198,0.466
793000,0.330,0.244,0.426
793500,0.342,0.229,0.430
794000,0.304,0.263,0.434
794500,0.289,0.283,0.428
795000,0.276,0.293,0.431
795500,0.270,0.288,0.442
796000,0.279,0.290,0.431
796500,0.270,0.265,0.464
797000,0.217,0.307,0.477
797500,0.223,0.340,0.437
798000,0.316,0.254,0.430
798500,0.278,0.299,0.423
799000,0.231,0.343,0.426
799500,0.267,0.302,0.431
800000,0.215,0.402,0.384
800500,0.270,0.341,0.389
801000,0.331,0.250,0.419
801500,0.317,0.277,0.406
802000,0.338,0.286,0.376
802500,0.335,0.248,0.417
803000,0.311,0.286,0.403
803500,0.341,0.255,0.405
804000,0.346,0.233,0.420
804500,0.299,0.280,0.421
805000,0.271,0.300,0.429
805500,0.288,0.338,0.375
806000,0.286,0.307,0.406
806500,0.276,0.327,0.396
807000,0.268,0.303,0.428
807500,0.207,0.379,0.414
808000,0.210,0.339,0.451
808500,0.215,0.356,0.429
809000,0.178,0.347,0.475
809500,0.175,0.357,0.469
810000,0.243,0.324,0.432
810500,0.231,0.289,0.480
811000,0.298,0.249,0.453
811500,0.302,0.254,0.444
812000,0.310,0.260,0.430
812500,0.307,0.247,0.446
813000,0.275,0.317,0.408
813500,0.254,0.298,0.448
814000,0.312,0.277,0.411
814500,0.220,0.363,0.417
815000,0.274,0.299,0.427
815500,0.217,0.303,0.480
816000,0.228,0.287,0.485
816500,0.193,0.404,0.403
817000,0.191,0.377,0.432
817500,0.218,0.354,0.428
818000,0.217,0.342,0.442
818500,0.239,0.343,0.418
819000,0.205,0.392,0.403
819500,0.179,0.380,0.441
820000,0.173,0.430,0.398
820500,0.164,0.412,0.424
821000,0.165,0.440,0.395
821500,0.185,0.371,0.444
822000,0.178,0.393,0.429
822500,0.171,0.397,0.432
823000,0.225,0.361,0.413
823500,0.237,0.306,0.456
824000,0.256,0.310,0.434
824500,0.270,0.302,0.428
825000,0.290,0.292,0.418
825500,0.201,0.392,0.407
826000,0.232,0.339,0.429
826500,0.183,0.375,0.442
827000,0.206,0.369,0.425
827500,0.239,0.340,0.421
828000,0.221,0.339,0.440
828500,0.197,0.331,0.471
829000,0.228,0.338,0.434
829500,0.183,0.400,0.417
830000,0.170,0.414,0.416
830500,0.185,0.417,0.398
831000,0.211,0.321,0.468
831500,0.293,0.262,0.445
832000,0.338,0.247,0.414
832500,0.326,0.247,0.427
833000,0.315,0.276,0.409
833500,0.310,0.271,0.419
834000,0.310,0.278,0.412
834500,0.340,0.226,0.434
835000,0.367,0.214,0.419
835500,0.346,0.203,0.451
836000,0.342,0.208,0.451
836500,0.315,0.233,0.451
837000,0.283,0.252,0.464
837500,0.331,0.244,0.425
838000,0.276,0.244,0.480
838500,0.245,0.310,0.445
839000,0.299,0.274,0.427
839500,0.285,0.296,0.419
840000,0.232,0.358,0.410
840500,0.188,0.366,0.446
841000,0.211,0.334,0.455
841500,0.197,0.317,0.486
842000,0.220,0.324,0.456
842500,0.251,0.290,0.459
843000,0.247,0.311,0.442
843500,0.229,0.300,0.471
844000,0.180,0.347,0.473
844500,0.217,0.340,0.444
845000,0.256,0.299,0.445
845500,0.189,0.338,0.474
846000,0.197,0.329,0.474
846500,0.217,0.293,0.490
847000,0.239,0.303,0.458
847500,0.207,0.396,0.398
848000,0.200,0.352,0.448
848500,0.225,0.312,0.463
849000,0.192,0.387,0.421
849500,0.221,0.370,0.409
850000,0.246,0.300,0.454
850500,0.233,0.329,0.438
851000,0.226,0.371,0.403
851500,0.227,0.304,0.469
852000,0.221,0.267,0.512
852500,0.264,0.279,0.456
853000,0.240,0.289,0.471
853500,0.250,0.253,0.497
854000,0.297,0.249,0.453
854500,0.247,0.279,0.474
855000,0.273,0.261,0.466
855500,0.288,0.269,0.443
856000,0.243,0.275,0.483
856500,0.249,0.278,0.474
857000,0.210,0.364,0.426
857500,0.190,0.347,0.462
858000,0.308,0.289,0.403
858500,0.326,0.286,0.388
859000,0.279,0.280,0.441
859500,0.273,0.260,0.467
860000,0.218,0.332,0.451
860500,0.196,0.338,0.466
861000,0.209,0.311,0.480
861500,0.239,0.327,0.434
862000,0.169,0.403,0.428
862500,0.196,0.382,0.423
863000,0.254,0.327,0.419
863500,0.273,0.331,0.396
864000,0.280,0.274,0.446
864500,0.291,0.276,0.432
865000,0.345,0.229,0.427
865500,0.320,0.224,0.456
866000,0.268,0.265,0.467
866500,0.256,0.278,0.467
867000,0.313,0.225,0.462
867500,0.339,0.189,0.472
868000,0.391,0.186,0.423
868500,0.388,0.169,0.443
869000,0.323,0.287,0.390
869500,0.349,0.217,0.434
870000,0.375,0.189,0.436
870500,0.318,0.274,0.407
871000,0.308,0.240,0.452
871500,0.303,0.283,0.413
872000,0.310,0.260,0.431
872500,0.249,0.288,0.463
873000,0.233,0.326,0.441
873500,0.208,0.345,0.446
874000,0.250,0.324,0.426
874500,0.328,0.292,0.380
875000,0.335,0.212,0.453
875500,0.328,0.247,0.424
876000,0.335,0.274,0.392
876500,0.360,0.236,0.405
877000,0.269,0.339,0.391
877500,0.269,0.307,0.424
878000,0.290,0.288,0.422
878500,0.318,0.232,0.450
879000,0.269,0.281,0.451
879500,0.256,0.318,0.426
880000,0.302,0.260,0.438
880500,0.327,0.244,0.428
881000,0.314,0.211,0.475
881500,0.309,0.248,0.443
882000,0.365,0.212,0.423
882500,0.399,0.187,0.414
883000,0.325,0.213,0.462
883500,0.359,0.221,0.420
884000,0.350,0.204,0.445
884500,0.350,0.224,0.425
885000,0.363,0.174,0.463
885500,0.361,0.197,0.441
886000,0.354,0.200,0.446
886500,0.321,0.231,0.449
887000,0.342,0.237,0.421
887500,0.329,0.231,0.439
888000,0.332,0.201,0.467
888500,0.313,0.251,0.435
889000,0.328,0.215,0.457
889500,0.341,0.200,0.459
890000,0.329,0.239,0.432
890500,0.279,0.284,0.437
891000,0.310,0.295,0.395
891500,0.325,0.255,0.420
892000,0.268,0.273,0.459
892500,0.311,0.262,0.427
893000,0.377,0.239,0.384
893500,0.272,0.296,0.432
894000,0.288,0.263,0.449
894500,0.292,0.265,0.442
895000,0.268,0.305,0.427
895500,0.262,0.312,0.426
896000,0.329,0.235,0.435
896500,0.292,0.249,0.459
897000,0.259,0.279,0.462
897500,0.246,0.317,0.437
898000,0.217,0.357,0.426
898500,0.236,0.321,0.443
899000,0.220,0.370,0.410
899500,0.312,0.276,0.412
900000,0.311,0.247,0.441
900500,0.327,0.248,0.425
901000,0.288,0.227,0.485
901500,0.350,0.194,0.456
902000,0.314,0.232,0.454
902500,0.307,0.258,0.434
903000,0.329,0.276,0.395
903500,0.303,0.297,0.400
904000,0.276,0.315,0.409
904500,0.256,0.286,0.458
905000,0.326,0.216,0.458
905500,0.343,0.211,0.445
906000,0.356,0.175,0.469
906500,0.359,0.233,0.408
907000,0.299,0.263,0.438
907500,0.372,0.207,0.421
908000,0.339,0.217,0.445
908500,0.412,0.196,0.392
909000,0.379,0.203,0.418
909500,0.369,0.195,0.436
910000,0.414,0.178,0.407
910500,0.386,0.172,0.442
911000,0.385,0.181,0.434
911500,0.384,0.189,0.427
912000,0.368,0.204,0.428
912500,0.331,0.207,0.462
913000,0.304,0.239,0.458
913500,0.311,0.190,0.499
914000,0.339,0.214,0.448
914500,0.318,0.210,0.473
915000,0.398,0.193,0.409
915500,0.414,0.148,0.438
916000,0.328,0.225,0.447
916500,0.343,0.226,0.431
917000,0.355,0.184,0.461
917500,0.290,0.250,0.459
918000,0.280,0.247,0.473
918500,0.307,0.300,0.393
919000,0.324,0.281,0.395
919500,0.347,0.246,0.406
920000,0.306,0.308,0.386
920500,0.286,0.293,0.421
921000,0.276,0.275,0.449
921500,0.272,0.267,0.461
922000,0.321,0.276,0.403
922500,0.255,0.267,0.478
923000,0.274,0.300,0.425
923500,0.264,0.324,0.412
924000,0.184,0.386,0.430
924500,0.147,0.435,0.418
925000,0.192,0.375,0.433
925500,0.236,0.353,0.412
926000,0.250,0.299,0.451
926500,0.261,0.276,0.463
927000,0.245,0.318,0.437
927500,0.243,0.313,0.444
928000,0.234,0.328,0.438
928500,0.260,0.321,0.420
929000,0.269,0.284,0.446
929500,0.283,0.259,0.458
930000,0.267,0.291,0.442
930500,0.292,0.242,0.466
931000,0.240,0.288,0.471
931500,0.249,0.276,0.475
932000,0.275,0.240,0.485
932500,0.249,0.282,0.469
933000,0.291,0.258,0.451
933500,0.246,0.307,0.446
934000,0.234,0.313,0.453
934500,0.231,0.341,0.429
935000,0.219,0.370,0.411
935500,0.313,0.254,0.433
936000,0.282,0.259,0.459
936500,0.260,0.301,0.439
937000,0.244,0.276,0.480
937500,0.260,0.264,0.476
938000,0.232,0.305,0.463
938500,0.214,0.332,0.454
939000,0.237,0.289,0.474
939500,0.217,0.304,0.480
940000,0.194,0.295,0.512
940500,0.236,0.317,0.447
941000,0.244,0.251,0.505
941500,0.271,0.298,0.431
942000,0.245,0.347,0.408
942500,0.222,0.340,0.438
943000,0.209,0.341,0.451
943500,0.216,0.318,0.466
944000,0.184,0.347,0.469
944500,0.240,0.293,0.466
945000,0.230,0.280,0.490
945500,0.239,0.272,0.489
946000,0.300,0.270,0.430
946500,0.321,0.232,0.446
947000,0.286,0.219,0.494
947500,0.341,0.207,0.452
948000,0.291,0.268,0.441
948500,0.260,0.290,0.451
949000,0.264,0.265,0.471
949500,0.334,0.223,0.443
950000,0.286,0.191,0.523
950500,0.306,0.240,0.454
951000,0.292,0.272,0.435
951500,0.297,0.262,0.441
952000,0.273,0.266,0.461
952500,0.328,0.275,0.396
953000,0.265,0.323,0.412
953500,0.254,0.259,0.487
954000,0.285,0.250,0.465
954500,0.247,0.306,0.447
955000,0.274,0.274,0.452
955500,0.258,0.307,0.435
956000,0.250,0.262,0.488
956500,0.250,0.334,0.417
957000,0.215,0.326,0.459
957500,0.216,0.313,0.471
958000,0.221,0.331,0.449
958500,0.187,0.332,0.480
959000,0.187,0.350,0.462
959500,0.224,0.286,0.490
960000,0.298,0.253,0.449
960500,0.266,0.276,0.458
961000,0.257,0.311,0.432
961500,0.337,0.267,0.396
962000,0.384,0.193,0.423
962500,0.342,0.211,0.446
963000,0.263,0.231,0.507
963500,0.319,0.190,0.491
964000,0.327,0.204,0.469
964500,0.297,0.243,0.459
965000,0.311,0.197,0.492
965500,0.375,0.158,0.467
966000,0.336,0.194,0.470
966500,0.337,0.205,0.458
967000,0.337,0.208,0.455
967500,0.377,0.214,0.410
968000,0.321,0.210,0.469
968500,0.274,0.272,0.455
969000,0.266,0.310,0.424
969500,0.295,0.303,0.403
970000,0.239,0.314,0.447
970500,0.258,0.299,0.442
971000,0.297,0.272,0.431
971500,0.216,0.295,0.489
972000,0.263,0.322,0.415
972500,0.243,0.342,0.415
973000,0.257,0.292,0.451
973500,0.295,0.263,0.443
974000,0.259,0.253,0.488
974500,0.210,0.304,0.485
975000,0.220,0.276,0.504
975500,0.235,0.313,0.452
976000,0.223,0.328,0.449
976500,0.237,0.360,0.403
977000,0.235,0.318,0.447
977500,0.292,0.228,0.480
978000,0.294,0.250,0.456
978500,0.279,0.290,0.431
979000,0.243,0.304,0.453
979500,0.284,0.284,0.432
980000,0.323,0.249,0.428
980500,0.314,0.238,0.448
981000,0.358,0.238,0.404
981500,0.317,0.214,0.470
982000,0.339,0.229,0.431
982500,0.408,0.178,0.414
983000,0.343,0.218,0.439
983500,0.314,0.263,0.423
984000,0.345,0.244,0.411
984500,0.367,0.217,0.416
985000,0.371,0.249,0.380
985500,0.395,0.253,0.352
986000,0.404,0.222,0.374
986500,0.344,0.244,0.412
987000,0.382,0.209,0.409
987500,0.360,0.205,0.435
988000,0.332,0.244,0.424
988500,0.327,0.276,0.398
989000,0.290,0.293,0.416
989500,0.267,0.285,0.449
990000,0.344,0.239,0.417
990500,0.299,0.282,0.420
991000,0.266,0.244,0.490
991500,0.246,0.265,0.489
992000,0.264,0.296,0.441
992500,0.261,0.293,0.445
993000,0.301,0.268,0.431
993500,0.335,0.253,0.413
994000,0.275,0.237,0.488
994500,0.267,0.271,0.463
995000,0.244,0.325,0.431
995500,0.259,0.285,0.456
996000,0.379,0.212,0.409
996500,0.320,0.257,0.423
997000,0.308,0.269,0.422
997500,0.368,0.226,0.406
998000,0.303,0.278,0.419
998500,0.360,0.223,0.417
999000,0.396,0.208,0.396
999500,0.351,0.226,0.423
1000000,0.293,0.251,0.456
