time,n_A+p,n_B,n_AB
0,0.030,0.970,0.000
500,0.030,0.958,0.012
1000,0.030,0.928,0.042
1500,0.035,0.931,0.035
2000,0.030,0.921,0.050
2500,0.037,0.883,0.079
3000,0.040,0.876,0.084
3500,0.035,0.856,0.109
4000,0.040,0.868,0.092
4500,0.042,0.864,0.094
5000,0.040,0.856,0.104
5500,0.037,0.871,0.092
6000,0.050,0.816,0.134
6500,0.067,0.792,0.141
7000,0.067,0.774,0.159
7500,0.055,0.789,0.156
8000,0.050,0.809,0.141
8500,0.065,0.794,0.141
9000,0.067,0.739,0.194
9500,0.082,0.774,0.144
10000,0.062,0.762,0.176
10500,0.057,0.737,0.206
11000,0.050,0.772,0.179
11500,0.050,0.757,0.194
12000,0.047,0.787,0.166
12500,0.045,0.834,0.122
13000,0.050,0.794,0.156
13500,0.069,0.782,0.149
14000,0.074,0.789,0.136
14500,0.062,0.739,0.199
15000,0.077,0.739,0.184
15500,0.055,0.769,0.176
16000,0.065,0.777,0.159
16500,0.062,0.762,0.176
17000,0.065,0.754,0.181
17500,0.060,0.782,0.159
18000,0.074,0.744,0.181
18500,0.062,0.725,0.213
19000,0.062,0.744,0.194
19500,0.065,0.767,0.169
20000,0.074,0.762,0.164
20500,0.099,0.727,0.174
21000,0.114,0.682,0.203
21500,0.149,0.603,0.248
22000,0.117,0.638,0.246
22500,0.114,0.677,0.208
23000,0.097,0.710,0.194
23500,0.109,0.672,0.218
24000,0.119,0.630,0.251
24500,0.112,0.692,0.196
25000,0.109,0.710,0.181
25500,0.097,0.732,0.171
26000,0.082,0.774,0.144
26500,0.082,0.722,0.196
27000,0.092,0.685,0.223
27500,0.094,0.722,0.184
28000,0.109,0.672,0.218
28500,0.099,0.739,0.161
29000,0.079,0.725,0.196
29500,0.087,0.737,0.176
30000,0.099,0.710,0.191
30500,0.122,0.695,0.184
31000,0.104,0.667,0.228
31500,0.097,0.687,0.216
32000,0.107,0.672,0.221
32500,0.119,0.672,0.208
33000,0.097,0.685,0.218
33500,0.087,0.722,0.191
34000,0.089,0.697,0.213
34500,0.112,0.685,0.203
35000,0.089,0.690,0.221
35500,0.092,0.710,0.199
36000,0.099,0.680,0.221
36500,0.097,0.702,0.201
37000,0.067,0.769,0.164
37500,0.062,0.764,0.174
38000,0.050,0.782,0.169
38500,0.102,0.700,0.199
39000,0.092,0.692,0.216
39500,0.099,0.687,0.213
40000,0.107,0.640,0.253
40500,0.117,0.667,0.216
41000,0.094,0.727,0.179
41500,0.067,0.707,0.226
42000,0.104,0.700,0.196
42500,0.092,0.687,0.221
43000,0.089,0.697,0.213
43500,0.102,0.648,0.251
44000,0.092,0.670,0.238
44500,0.107,0.687,0.206
45000,0.124,0.645,0.231
45500,0.127,0.635,0.238
46000,0.112,0.645,0.243
46500,0.117,0.677,0.206
47000,0.104,0.690,0.206
47500,0.127,0.665,0.208
48000,0.104,0.667,0.228
48500,0.102,0.692,0.206
49000,0.119,0.695,0.186
49500,0.117,0.648,0.236
50000,0.119,0.658,0.223
50500,0.114,0.665,0.221
51000,0.092,0.682,0.226
51500,0.065,0.727,0.208
52000,0.074,0.774,0.151
52500,0.112,0.705,0.184
53000,0.102,0.658,0.241
53500,0.117,0.633,0.251
54000,0.139,0.658,0.203
54500,0.127,0.660,0.213
55000,0.136,0.655,0.208
55500,0.102,0.702,0.196
56000,0.099,0.695,0.206
56500,0.107,0.655,0.238
57000,0.141,0.620,0.238
57500,0.134,0.596,0.270
58000,0.127,0.571,0.303
58500,0.141,0.578,0.280
59000,0.127,0.670,0.203
59500,0.144,0.630,0.226
60000,0.127,0.605,0.268
60500,0.097,0.640,0.263
61000,0.119,0.583,0.298
61500,0.124,0.608,0.268
62000,0.114,0.623,0.263
62500,0.102,0.687,0.211
63000,0.129,0.635,0.236
63500,0.156,0.586,0.258
64000,0.166,0.576,0.258
64500,0.151,0.586,0.263
65000,0.144,0.591,0.266
65500,0.161,0.571,0.268
66000,0.132,0.635,0.233
66500,0.112,0.687,0.201
67000,0.092,0.658,0.251
67500,0.055,0.727,0.218
68000,0.069,0.727,0.203
68500,0.052,0.757,0.191
69000,0.069,0.769,0.161
69500,0.077,0.787,0.136
70000,0.082,0.762,0.156
70500,0.067,0.806,0.127
71000,0.072,0.792,0.136
71500,0.050,0.762,0.189
72000,0.079,0.730,0.191
72500,0.077,0.757,0.166
73000,0.089,0.702,0.208
73500,0.077,0.732,0.191
74000,0.065,0.744,0.191
74500,0.060,0.757,0.184
75000,0.057,0.799,0.144
75500,0.047,0.846,0.107
76000,0.042,0.864,0.094
76500,0.047,0.876,0.077
77000,0.074,0.792,0.134
77500,0.047,0.836,0.117
78000,0.050,0.839,0.112
78500,0.050,0.811,0.139
79000,0.052,0.782,0.166
79500,0.072,0.804,0.124
80000,0.067,0.762,0.171
80500,0.084,0.749,0.166
81000,0.094,0.742,0.164
81500,0.072,0.754,0.174
82000,0.069,0.762,0.169
82500,0.074,0.744,0.181
83000,0.082,0.730,0.189
83500,0.079,0.794,0.127
84000,0.069,0.764,0.166
84500,0.067,0.754,0.179
85000,0.089,0.757,0.154
85500,0.087,0.767,0.146
86000,0.089,0.769,0.141
86500,0.079,0.749,0.171
87000,0.072,0.739,0.189
87500,0.055,0.804,0.141
88000,0.074,0.779,0.146
88500,0.062,0.759,0.179
89000,0.104,0.734,0.161
89500,0.109,0.672,0.218
90000,0.151,0.650,0.199
90500,0.124,0.663,0.213
91000,0.132,0.596,0.273
91500,0.136,0.613,0.251
92000,0.181,0.568,0.251
92500,0.154,0.558,0.288
93000,0.109,0.603,0.288
93500,0.097,0.675,0.228
94000,0.127,0.670,0.203
94500,0.117,0.655,0.228
95000,0.107,0.648,0.246
95500,0.127,0.645,0.228
96000,0.117,0.638,0.246
96500,0.102,0.655,0.243
97000,0.114,0.613,0.273
97500,0.112,0.645,0.243
98000,0.087,0.697,0.216
98500,0.102,0.705,0.194
99000,0.084,0.732,0.184
99500,0.117,0.672,0.211
100000,0.089,0.675,0.236
100500,0.107,0.700,0.194
101000,0.099,0.734,0.166
101500,0.082,0.744,0.174
102000,0.094,0.739,0.166
102500,0.104,0.620,0.275
103000,0.127,0.603,0.270
103500,0.154,0.558,0.288
104000,0.169,0.563,0.268
104500,0.134,0.573,0.293
105000,0.132,0.603,0.266
105500,0.169,0.524,0.308
106000,0.196,0.533,0.270
106500,0.196,0.519,0.285
107000,0.191,0.536,0.273
107500,0.151,0.543,0.305
108000,0.166,0.551,0.283
108500,0.166,0.563,0.270
109000,0.174,0.546,0.280
109500,0.194,0.538,0.268
110000,0.161,0.573,0.266
110500,0.119,0.618,0.263
111000,0.139,0.603,0.258
111500,0.122,0.645,0.233
112000,0.149,0.603,0.248
112500,0.134,0.613,0.253
113000,0.149,0.608,0.243
113500,0.139,0.603,0.258
114000,0.139,0.583,0.278
114500,0.132,0.605,0.263
115000,0.151,0.628,0.221
115500,0.129,0.615,0.256
116000,0.136,0.573,0.290
116500,0.141,0.648,0.211
117000,0.082,0.665,0.253
117500,0.069,0.697,0.233
118000,0.074,0.737,0.189
118500,0.087,0.720,0.194
119000,0.077,0.655,0.268
119500,0.072,0.747,0.181
120000,0.089,0.712,0.199
120500,0.097,0.705,0.199
121000,0.077,0.705,0.218
121500,0.057,0.774,0.169
122000,0.050,0.757,0.194
122500,0.094,0.734,0.171
123000,0.114,0.672,0.213
123500,0.092,0.722,0.186
124000,0.057,0.784,0.159
124500,0.052,0.804,0.144
125000,0.062,0.782,0.156
125500,0.067,0.814,0.119
126000,0.069,0.809,0.122
126500,0.047,0.819,0.134
127000,0.060,0.809,0.132
127500,0.052,0.787,0.161
128000,0.079,0.759,0.161
128500,0.067,0.749,0.184
129000,0.074,0.759,0.166
129500,0.050,0.759,0.191
130000,0.062,0.799,0.139
130500,0.069,0.784,0.146
131000,0.055,0.799,0.146
131500,0.065,0.769,0.166
132000,0.069,0.779,0.151
132500,0.060,0.774,0.166
133000,0.065,0.742,0.194
133500,0.040,0.804,0.156
134000,0.050,0.824,0.127
134500,0.072,0.787,0.141
135000,0.062,0.799,0.139
135500,0.060,0.804,0.136
136000,0.072,0.779,0.149
136500,0.057,0.754,0.189
137000,0.042,0.804,0.154
137500,0.040,0.829,0.132
138000,0.052,0.809,0.139
138500,0.052,0.777,0.171
139000,0.069,0.782,0.149
139500,0.067,0.851,0.082
140000,0.082,0.797,0.122
140500,0.119,0.690,0.191
141000,0.141,0.620,0.238
141500,0.151,0.588,0.261
142000,0.132,0.628,0.241
142500,0.109,0.645,0.246
143000,0.092,0.667,0.241
143500,0.114,0.638,0.248
144000,0.124,0.600,0.275
144500,0.149,0.576,0.275
145000,0.154,0.586,0.261
145500,0.136,0.630,0.233
146000,0.117,0.603,0.280
146500,0.129,0.623,0.248
147000,0.136,0.608,0.256
147500,0.129,0.598,0.273
148000,0.097,0.665,0.238
148500,0.087,0.658,0.256
149000,0.099,0.700,0.201
149500,0.087,0.772,0.141
150000,0.055,0.777,0.169
150500,0.069,0.772,0.159
151000,0.065,0.784,0.151
151500,0.082,0.777,0.141
152000,0.074,0.772,0.154
152500,0.067,0.806,0.127
153000,0.060,0.809,0.132
153500,0.062,0.794,0.144
154000,0.092,0.732,0.176
154500,0.079,0.700,0.221
155000,0.089,0.700,0.211
155500,0.092,0.717,0.191
156000,0.072,0.687,0.241
156500,0.092,0.710,0.199
157000,0.077,0.695,0.228
157500,0.107,0.695,0.199
158000,0.082,0.715,0.203
158500,0.104,0.705,0.191
159000,0.087,0.712,0.201
159500,0.092,0.712,0.196
160000,0.094,0.742,0.164
160500,0.097,0.710,0.194
161000,0.060,0.725,0.216
161500,0.074,0.717,0.208
162000,0.094,0.672,0.233
162500,0.077,0.702,0.221
163000,0.067,0.720,0.213
163500,0.079,0.692,0.228
164000,0.107,0.705,0.189
164500,0.094,0.675,0.231
165000,0.119,0.635,0.246
165500,0.139,0.581,0.280
166000,0.151,0.563,0.285
166500,0.184,0.566,0.251
167000,0.201,0.501,0.298
167500,0.218,0.481,0.300
168000,0.191,0.519,0.290
168500,0.211,0.484,0.305
169000,0.213,0.529,0.258
169500,0.203,0.449,0.347
170000,0.263,0.432,0.305
170500,0.236,0.457,0.308
171000,0.223,0.439,0.337
171500,0.221,0.469,0.310
172000,0.238,0.467,0.295
172500,0.295,0.397,0.308
173000,0.273,0.387,0.340
173500,0.288,0.417,0.295
174000,0.315,0.377,0.308
174500,0.273,0.385,0.342
175000,0.278,0.397,0.325
175500,0.278,0.380,0.342
176000,0.266,0.345,0.390
176500,0.261,0.380,0.360
177000,0.273,0.367,0.360
177500,0.295,0.380,0.325
178000,0.280,0.429,0.290
178500,0.270,0.427,0.303
179000,0.310,0.380,0.310
179500,0.275,0.392,0.333
180000,0.288,0.402,0.310
180500,0.280,0.397,0.323
181000,0.382,0.288,0.330
181500,0.481,0.228,0.290
182000,0.462,0.221,0.318
182500,0.459,0.256,0.285
183000,0.538,0.184,0.278
183500,0.566,0.117,0.318
184000,0.672,0.097,0.231
184500,0.695,0.077,0.228
185000,0.749,0.069,0.181
185500,0.732,0.052,0.216
186000,0.804,0.057,0.139
186500,0.809,0.042,0.149
187000,0.839,0.037,0.124
187500,0.861,0.030,0.109
188000,0.859,0.027,0.114
188500,0.878,0.012,0.109
189000,0.896,0.012,0.092
189500,0.913,0.015,0.072
190000,0.921,0.010,0.069
190500,0.911,0.010,0.079
191000,0.926,0.007,0.067
191500,0.933,0.010,0.057
192000,0.933,0.007,0.060
192500,0.973,0.002,0.025
193000,0.978,0.002,0.020
193500,0.980,0.002,0.017
194000,0.980,0.002,0.017
194500,0.980,0.002,0.017
195000,0.985,0.002,0.012
195500,0.988,0.002,0.010
196000,0.990,0.002,0.007
196500,0.980,0.002,0.017
197000,0.978,0.002,0.020
197500,0.990,0.002,0.007
198000,0.995,0.002,0.002
198500,0.995,0.002,0.002
199000,0.995,0.002,0.002
199500,0.993,0.002,0.005
200000,0.995,0.002,0.002
200500,0.995,0.002,0.002
201000,0.995,0.002,0.002
201500,0.995,0.002,0.002
202000,0.995,0.000,0.005
202500,0.995,0.000,0.005
203000,0.995,0.000,0.005
203500,0.995,0.000,0.005
204000,0.993,0.000,0.007
204500,0.990,0.000,0.010
205000,0.993,0.000,0.007
205500,0.995,0.000,0.005
206000,0.995,0.000,0.005
206500,0.995,0.000,0.005
207000,0.995,0.000,0.005
207500,0.995,0.000,0.005
208000,0.995,0.000,0.005
208500,0.995,0.000,0.005
209000,0.998,0.000,0.002
209500,1.000,0.000,0.000
