time,n_A+p,n_B,n_AB
500,0.050,0.882,0.068
1000,0.050,0.776,0.174
1500,0.053,0.680,0.267
2000,0.052,0.602,0.346
2500,0.061,0.573,0.366
3000,0.064,0.487,0.449
3500,0.065,0.463,0.472
4000,0.061,0.473,0.466
4500,0.073,0.393,0.534
5000,0.054,0.472,0.474
5500,0.066,0.490,0.444
6000,0.066,0.480,0.454
6500,0.067,0.510,0.423
7000,0.074,0.517,0.409
7500,0.065,0.519,0.416
8000,0.061,0.476,0.463
8500,0.070,0.439,0.491
9000,0.062,0.458,0.480
9500,0.075,0.435,0.490
10000,0.094,0.350,0.556
10500,0.087,0.343,0.570
11000,0.096,0.341,0.563
11500,0.108,0.307,0.585
12000,0.106,0.346,0.548
12500,0.109,0.309,0.582
13000,0.101,0.336,0.563
13500,0.094,0.349,0.557
14000,0.082,0.334,0.584
14500,0.084,0.339,0.577
15000,0.097,0.318,0.585
15500,0.097,0.334,0.569
16000,0.091,0.344,0.565
16500,0.109,0.304,0.587
17000,0.128,0.337,0.535
17500,0.116,0.316,0.568
18000,0.110,0.331,0.559
18500,0.107,0.362,0.531
19000,0.114,0.348,0.538
19500,0.130,0.332,0.538
20000,0.122,0.294,0.584
20500,0.119,0.301,0.580
21000,0.121,0.292,0.587
21500,0.127,0.274,0.599
22000,0.127,0.305,0.568
22500,0.127,0.295,0.578
23000,0.096,0.327,0.577
23500,0.119,0.285,0.596
24000,0.098,0.323,0.579
24500,0.136,0.349,0.515
25000,0.116,0.349,0.535
25500,0.116,0.317,0.567
26000,0.118,0.321,0.561
26500,0.086,0.337,0.577
27000,0.116,0.335,0.549
27500,0.147,0.260,0.593
28000,0.177,0.255,0.568
28500,0.190,0.165,0.645
29000,0.270,0.152,0.578
29500,0.318,0.121,0.561
30000,0.394,0.066,0.540
30500,0.485,0.019,0.496
31000,0.596,0.011,0.393
31500,0.640,0.011,0.349
32000,0.710,0.002,0.288
32500,0.785,0.000,0.215
33000,0.802,0.000,0.198
33500,0.816,0.000,0.184
34000,0.805,0.000,0.195
34500,0.871,0.000,0.129
35000,0.878,0.000,0.122
35500,0.882,0.000,0.118
36000,0.861,0.000,0.139
36500,0.874,0.000,0.126
37000,0.920,0.000,0.080
37500,0.941,0.000,0.059
38000,0.951,0.000,0.049
38500,0.951,0.000,0.049
39000,0.922,0.000,0.078
39500,0.930,0.000,0.070
40000,0.949,0.000,0.051
40500,0.964,0.000,0.036
41000,0.957,0.000,0.043
41500,0.955,0.000,0.045
42000,0.968,0.000,0.032
42500,0.976,0.000,0.024
43000,0.974,0.000,0.026
43500,0.972,0.000,0.028
44000,0.963,0.000,0.037
44500,0.973,0.000,0.027
45000,0.972,0.000,0.028
45500,0.961,0.000,0.039
46000,0.987,0.000,0.013
46500,0.988,0.000,0.012
47000,0.991,0.000,0.009
47500,0.994,0.000,0.006
48000,0.987,0.000,0.013
48500,0.993,0.000,0.007
49000,0.997,0.000,0.003
49500,1.000,0.000,0.000
