time,n_A+p,n_B,n_AB
200,0.029,0.930,0.041
400,0.037,0.888,0.074
600,0.041,0.847,0.112
800,0.037,0.831,0.132
1000,0.050,0.727,0.223
1200,0.041,0.682,0.277
1400,0.083,0.665,0.252
1600,0.054,0.632,0.314
1800,0.070,0.649,0.281
2000,0.041,0.649,0.310
2200,0.041,0.723,0.236
2400,0.041,0.715,0.244
2600,0.045,0.764,0.190
2800,0.041,0.769,0.190
3000,0.033,0.773,0.194
3200,0.054,0.764,0.182
3400,0.033,0.723,0.244
3600,0.070,0.715,0.215
3800,0.062,0.727,0.211
4000,0.054,0.723,0.223
4200,0.054,0.702,0.244
4400,0.045,0.781,0.174
4600,0.050,0.764,0.186
4800,0.058,0.698,0.244
5000,0.074,0.686,0.240
5200,0.079,0.640,0.281
5400,0.083,0.640,0.277
5600,0.083,0.579,0.339
5800,0.066,0.607,0.326
6000,0.058,0.674,0.269
6200,0.062,0.711,0.227
6400,0.045,0.661,0.293
6600,0.045,0.686,0.269
6800,0.033,0.731,0.236
7000,0.033,0.723,0.244
7200,0.045,0.727,0.227
7400,0.066,0.731,0.202
7600,0.041,0.707,0.252
7800,0.041,0.686,0.273
8000,0.045,0.727,0.227
8200,0.037,0.736,0.227
8400,0.037,0.719,0.244
8600,0.037,0.785,0.178
8800,0.050,0.760,0.190
9000,0.041,0.798,0.161
9200,0.033,0.789,0.178
9400,0.029,0.806,0.165
9600,0.037,0.764,0.198
9800,0.041,0.731,0.227
10000,0.045,0.764,0.190
10200,0.033,0.798,0.169
10400,0.041,0.777,0.182
10600,0.054,0.711,0.236
10800,0.066,0.694,0.240
11000,0.041,0.649,0.310
11200,0.050,0.723,0.227
11400,0.062,0.740,0.198
11600,0.041,0.760,0.198
11800,0.045,0.690,0.264
12000,0.037,0.744,0.219
12200,0.041,0.789,0.169
12400,0.037,0.760,0.202
12600,0.033,0.760,0.207
12800,0.037,0.831,0.132
13000,0.037,0.814,0.149
13200,0.041,0.818,0.140
13400,0.041,0.843,0.116
13600,0.050,0.826,0.124
13800,0.054,0.719,0.227
14000,0.058,0.690,0.252
14200,0.045,0.777,0.178
14400,0.037,0.785,0.178
14600,0.033,0.798,0.169
14800,0.029,0.831,0.140
15000,0.029,0.868,0.103
15200,0.029,0.872,0.099
15400,0.029,0.888,0.083
15600,0.029,0.851,0.120
15800,0.029,0.860,0.112
16000,0.033,0.810,0.157
16200,0.033,0.806,0.161
16400,0.045,0.781,0.174
16600,0.041,0.802,0.157
16800,0.037,0.814,0.149
17000,0.033,0.781,0.186
17200,0.029,0.818,0.153
17400,0.029,0.806,0.165
17600,0.045,0.756,0.198
17800,0.045,0.793,0.161
18000,0.037,0.810,0.153
18200,0.041,0.752,0.207
18400,0.045,0.760,0.194
18600,0.054,0.773,0.174
18800,0.045,0.719,0.236
19000,0.041,0.727,0.231
19200,0.054,0.694,0.252
19400,0.041,0.764,0.194
19600,0.029,0.798,0.174
19800,0.037,0.818,0.145
20000,0.054,0.785,0.161
20200,0.037,0.781,0.182
20400,0.041,0.835,0.124
20600,0.037,0.835,0.128
20800,0.033,0.847,0.120
21000,0.029,0.868,0.103
21200,0.029,0.847,0.124
21400,0.029,0.876,0.095
21600,0.033,0.835,0.132
21800,0.029,0.826,0.145
22000,0.037,0.802,0.161
22200,0.037,0.802,0.161
22400,0.033,0.773,0.194
22600,0.033,0.773,0.194
22800,0.029,0.781,0.190
23000,0.041,0.785,0.174
23200,0.033,0.798,0.169
23400,0.033,0.798,0.169
23600,0.029,0.818,0.153
23800,0.029,0.781,0.190
24000,0.037,0.752,0.211
24200,0.029,0.764,0.207
24400,0.033,0.781,0.186
24600,0.029,0.769,0.202
24800,0.037,0.694,0.269
25000,0.041,0.752,0.207
25200,0.033,0.731,0.236
25400,0.029,0.793,0.178
25600,0.033,0.769,0.198
25800,0.050,0.744,0.207
26000,0.054,0.806,0.140
26200,0.045,0.789,0.165
26400,0.050,0.769,0.182
26600,0.050,0.802,0.149
26800,0.037,0.810,0.153
27000,0.041,0.802,0.157
27200,0.037,0.806,0.157
27400,0.058,0.756,0.186
27600,0.050,0.723,0.227
27800,0.045,0.744,0.211
28000,0.045,0.806,0.149
28200,0.041,0.769,0.190
28400,0.033,0.748,0.219
28600,0.029,0.826,0.145
28800,0.029,0.839,0.132
29000,0.029,0.839,0.132
29200,0.029,0.831,0.140
29400,0.041,0.802,0.157
29600,0.041,0.773,0.186
29800,0.062,0.756,0.182
30000,0.045,0.793,0.161
30200,0.070,0.756,0.174
30400,0.033,0.781,0.186
30600,0.050,0.831,0.120
30800,0.058,0.798,0.145
31000,0.054,0.777,0.169
31200,0.041,0.793,0.165
31400,0.037,0.789,0.174
31600,0.054,0.764,0.182
31800,0.054,0.752,0.194
32000,0.058,0.781,0.161
32200,0.054,0.707,0.240
32400,0.050,0.723,0.227
32600,0.041,0.781,0.178
32800,0.050,0.781,0.169
33000,0.050,0.702,0.248
33200,0.037,0.674,0.289
33400,0.054,0.690,0.256
33600,0.062,0.694,0.244
33800,0.054,0.702,0.244
34000,0.066,0.632,0.302
34200,0.050,0.657,0.293
34400,0.066,0.636,0.298
34600,0.054,0.624,0.322
34800,0.062,0.620,0.318
35000,0.070,0.665,0.264
35200,0.074,0.616,0.310
35400,0.054,0.674,0.273
35600,0.050,0.727,0.223
35800,0.058,0.715,0.227
36000,0.058,0.702,0.240
36200,0.050,0.711,0.240
36400,0.062,0.736,0.202
36600,0.062,0.740,0.198
36800,0.054,0.711,0.236
37000,0.079,0.674,0.248
37200,0.083,0.678,0.240
37400,0.050,0.702,0.248
37600,0.045,0.657,0.298
37800,0.050,0.707,0.244
38000,0.054,0.715,0.231
38200,0.041,0.727,0.231
38400,0.107,0.661,0.231
38600,0.066,0.707,0.227
38800,0.066,0.694,0.240
39000,0.050,0.740,0.211
39200,0.045,0.777,0.178
39400,0.058,0.810,0.132
39600,0.045,0.822,0.132
39800,0.041,0.876,0.083
40000,0.033,0.884,0.083
40200,0.033,0.847,0.120
40400,0.041,0.847,0.112
40600,0.041,0.843,0.116
40800,0.033,0.835,0.132
41000,0.033,0.860,0.107
41200,0.037,0.835,0.128
41400,0.037,0.793,0.169
41600,0.050,0.769,0.182
41800,0.045,0.744,0.211
42000,0.037,0.777,0.186
42200,0.029,0.798,0.174
42400,0.029,0.818,0.153
42600,0.041,0.822,0.136
42800,0.041,0.860,0.099
43000,0.037,0.806,0.157
43200,0.037,0.839,0.124
43400,0.033,0.847,0.120
43600,0.029,0.864,0.107
43800,0.037,0.843,0.120
44000,0.037,0.814,0.149
44200,0.033,0.839,0.128
44400,0.029,0.839,0.132
44600,0.033,0.826,0.140
44800,0.050,0.748,0.202
45000,0.033,0.785,0.182
45200,0.033,0.789,0.178
45400,0.033,0.777,0.190
45600,0.045,0.777,0.178
45800,0.050,0.769,0.182
46000,0.033,0.760,0.207
46200,0.029,0.810,0.161
46400,0.029,0.810,0.161
46600,0.029,0.748,0.223
46800,0.062,0.744,0.194
47000,0.037,0.736,0.227
47200,0.050,0.777,0.174
47400,0.029,0.793,0.178
47600,0.041,0.789,0.169
47800,0.041,0.806,0.153
48000,0.037,0.864,0.099
48200,0.037,0.860,0.103
48400,0.041,0.810,0.149
48600,0.037,0.756,0.207
48800,0.041,0.781,0.178
49000,0.045,0.756,0.198
49200,0.058,0.707,0.236
49400,0.054,0.736,0.211
49600,0.054,0.686,0.260
49800,0.066,0.748,0.186
50000,0.045,0.731,0.223
50200,0.037,0.723,0.240
50400,0.041,0.657,0.302
50600,0.058,0.707,0.236
50800,0.062,0.727,0.211
51000,0.058,0.690,0.252
51200,0.074,0.661,0.264
51400,0.091,0.607,0.302
51600,0.103,0.570,0.326
51800,0.124,0.512,0.364
52000,0.128,0.488,0.384
52200,0.120,0.521,0.360
52400,0.083,0.525,0.393
52600,0.103,0.550,0.347
52800,0.070,0.550,0.380
53000,0.083,0.579,0.339
53200,0.087,0.591,0.322
53400,0.087,0.558,0.355
53600,0.062,0.620,0.318
53800,0.083,0.599,0.318
54000,0.107,0.616,0.277
54200,0.107,0.587,0.306
54400,0.132,0.587,0.281
54600,0.128,0.591,0.281
54800,0.083,0.587,0.331
55000,0.112,0.504,0.384
55200,0.095,0.512,0.393
55400,0.095,0.533,0.372
55600,0.091,0.529,0.380
55800,0.074,0.632,0.293
56000,0.062,0.645,0.293
56200,0.062,0.678,0.260
56400,0.066,0.727,0.207
56600,0.062,0.674,0.264
56800,0.095,0.603,0.302
57000,0.087,0.591,0.322
57200,0.066,0.707,0.227
57400,0.062,0.727,0.211
57600,0.054,0.744,0.202
57800,0.054,0.731,0.215
58000,0.037,0.760,0.202
58200,0.062,0.715,0.223
58400,0.058,0.674,0.269
58600,0.054,0.583,0.364
58800,0.079,0.579,0.343
59000,0.066,0.612,0.322
59200,0.058,0.640,0.302
59400,0.058,0.657,0.285
59600,0.062,0.690,0.248
59800,0.066,0.711,0.223
60000,0.033,0.752,0.215
60200,0.037,0.802,0.161
60400,0.041,0.781,0.178
60600,0.037,0.773,0.190
60800,0.037,0.764,0.198
61000,0.029,0.785,0.186
61200,0.029,0.810,0.161
61400,0.041,0.764,0.194
61600,0.037,0.756,0.207
61800,0.037,0.769,0.194
62000,0.033,0.781,0.186
62200,0.033,0.818,0.149
62400,0.041,0.839,0.120
62600,0.041,0.835,0.124
62800,0.029,0.810,0.161
63000,0.029,0.806,0.165
63200,0.033,0.748,0.219
63400,0.033,0.810,0.157
63600,0.033,0.818,0.149
63800,0.033,0.806,0.161
64000,0.029,0.789,0.182
64200,0.050,0.806,0.145
64400,0.050,0.727,0.223
64600,0.041,0.756,0.202
64800,0.041,0.748,0.211
65000,0.033,0.777,0.190
65200,0.045,0.719,0.236
65400,0.045,0.748,0.207
65600,0.058,0.727,0.215
65800,0.054,0.682,0.264
66000,0.062,0.612,0.326
66200,0.062,0.574,0.364
66400,0.074,0.645,0.281
66600,0.079,0.595,0.326
66800,0.083,0.562,0.355
67000,0.099,0.550,0.351
67200,0.116,0.504,0.380
67400,0.107,0.521,0.372
67600,0.116,0.521,0.364
67800,0.116,0.463,0.421
68000,0.095,0.446,0.459
68200,0.153,0.455,0.393
68400,0.128,0.467,0.405
68600,0.124,0.459,0.417
68800,0.128,0.442,0.430
69000,0.099,0.488,0.413
69200,0.107,0.525,0.368
69400,0.128,0.525,0.347
69600,0.128,0.587,0.285
69800,0.116,0.562,0.322
70000,0.087,0.554,0.360
70200,0.095,0.628,0.277
70400,0.066,0.669,0.264
70600,0.054,0.669,0.277
70800,0.079,0.624,0.298
71000,0.083,0.595,0.322
71200,0.091,0.587,0.322
71400,0.079,0.570,0.351
71600,0.099,0.587,0.314
71800,0.058,0.591,0.351
72000,0.095,0.612,0.293
72200,0.107,0.488,0.405
72400,0.095,0.521,0.384
72600,0.074,0.562,0.364
72800,0.095,0.500,0.405
73000,0.124,0.496,0.380
73200,0.149,0.496,0.355
73400,0.182,0.434,0.384
73600,0.194,0.405,0.401
73800,0.153,0.380,0.467
74000,0.140,0.322,0.537
74200,0.198,0.372,0.430
74400,0.149,0.376,0.475
74600,0.145,0.339,0.517
74800,0.194,0.326,0.479
75000,0.264,0.240,0.496
75200,0.277,0.256,0.467
75400,0.293,0.248,0.459
75600,0.231,0.227,0.541
75800,0.240,0.219,0.541
76000,0.310,0.174,0.517
76200,0.306,0.207,0.488
76400,0.318,0.248,0.434
76600,0.322,0.211,0.467
76800,0.343,0.215,0.442
77000,0.343,0.178,0.479
77200,0.347,0.194,0.459
77400,0.339,0.236,0.426
77600,0.372,0.231,0.397
77800,0.405,0.178,0.417
78000,0.343,0.211,0.446
78200,0.306,0.190,0.504
78400,0.368,0.202,0.430
78600,0.360,0.149,0.492
78800,0.388,0.178,0.434
79000,0.388,0.157,0.455
79200,0.409,0.128,0.463
79400,0.446,0.107,0.446
79600,0.508,0.153,0.339
79800,0.579,0.099,0.322
80000,0.550,0.070,0.380
80200,0.636,0.062,0.302
80400,0.756,0.041,0.202
80600,0.760,0.025,0.215
80800,0.806,0.021,0.174
81000,0.835,0.008,0.157
81200,0.740,0.021,0.240
81400,0.760,0.008,0.231
81600,0.781,0.004,0.215
81800,0.802,0.004,0.194
82000,0.835,0.012,0.153
82200,0.884,0.000,0.116
82400,0.909,0.004,0.087
82600,0.893,0.004,0.103
82800,0.905,0.000,0.095
83000,0.921,0.000,0.079
83200,0.938,0.000,0.062
83400,0.971,0.000,0.029
83600,0.988,0.000,0.012
83800,0.992,0.000,0.008
84000,0.992,0.000,0.008
84200,1.000,0.000,0.000
