time,n_A+p,n_B,n_AB
500,0.080,0.904,0.016
1000,0.080,0.894,0.026
1500,0.080,0.878,0.042
2000,0.084,0.861,0.056
2500,0.085,0.851,0.065
3000,0.084,0.842,0.075
3500,0.086,0.833,0.082
4000,0.086,0.823,0.092
4500,0.088,0.814,0.098
5000,0.089,0.802,0.108
5500,0.092,0.788,0.120
6000,0.089,0.790,0.121
6500,0.092,0.782,0.125
7000,0.092,0.778,0.129
7500,0.091,0.769,0.140
8000,0.090,0.757,0.153
8500,0.094,0.760,0.146
9000,0.093,0.758,0.148
9500,0.095,0.752,0.153
10000,0.096,0.750,0.154
10500,0.102,0.753,0.145
11000,0.104,0.741,0.155
11500,0.112,0.732,0.157
12000,0.111,0.729,0.160
12500,0.113,0.731,0.157
13000,0.113,0.717,0.170
13500,0.116,0.713,0.171
14000,0.120,0.706,0.174
14500,0.121,0.701,0.178
15000,0.118,0.703,0.179
15500,0.122,0.688,0.190
16000,0.126,0.687,0.188
16500,0.127,0.677,0.196
17000,0.130,0.662,0.209
17500,0.132,0.660,0.208
18000,0.132,0.651,0.218
18500,0.132,0.646,0.222
19000,0.129,0.653,0.218
19500,0.134,0.658,0.209
20000,0.138,0.653,0.210
20500,0.140,0.648,0.212
21000,0.144,0.651,0.205
21500,0.146,0.646,0.208
22000,0.138,0.649,0.213
22500,0.136,0.638,0.226
23000,0.140,0.638,0.223
23500,0.140,0.639,0.221
24000,0.141,0.640,0.219
24500,0.143,0.630,0.227
25000,0.146,0.619,0.235
25500,0.150,0.616,0.234
26000,0.147,0.611,0.242
26500,0.154,0.610,0.236
27000,0.153,0.611,0.236
27500,0.154,0.607,0.239
28000,0.161,0.603,0.236
28500,0.158,0.609,0.234
29000,0.157,0.610,0.233
29500,0.158,0.613,0.230
30000,0.153,0.615,0.232
30500,0.156,0.609,0.235
31000,0.154,0.609,0.237
31500,0.148,0.625,0.227
32000,0.153,0.621,0.226
32500,0.152,0.619,0.229
33000,0.158,0.616,0.227
33500,0.160,0.608,0.232
34000,0.163,0.601,0.236
34500,0.160,0.606,0.235
35000,0.164,0.600,0.236
35500,0.169,0.599,0.232
36000,0.164,0.581,0.256
36500,0.169,0.570,0.261
37000,0.176,0.557,0.267
37500,0.184,0.551,0.265
38000,0.185,0.549,0.265
38500,0.193,0.545,0.262
39000,0.193,0.543,0.264
39500,0.193,0.551,0.256
40000,0.191,0.549,0.260
40500,0.197,0.541,0.262
41000,0.196,0.542,0.262
41500,0.198,0.544,0.258
42000,0.190,0.545,0.265
42500,0.187,0.530,0.282
43000,0.184,0.542,0.274
43500,0.188,0.543,0.269
44000,0.197,0.541,0.262
44500,0.198,0.544,0.258
45000,0.190,0.546,0.264
45500,0.188,0.535,0.277
46000,0.185,0.540,0.275
46500,0.179,0.544,0.276
47000,0.183,0.549,0.268
47500,0.189,0.550,0.260
48000,0.192,0.542,0.266
48500,0.198,0.538,0.264
49000,0.201,0.532,0.267
49500,0.194,0.537,0.269
50000,0.193,0.540,0.267
50500,0.199,0.536,0.265
51000,0.200,0.539,0.261
51500,0.196,0.526,0.278
52000,0.203,0.526,0.270
52500,0.202,0.523,0.275
53000,0.199,0.524,0.277
53500,0.198,0.514,0.288
54000,0.201,0.515,0.284
54500,0.207,0.518,0.275
55000,0.213,0.514,0.272
55500,0.215,0.501,0.283
56000,0.221,0.505,0.274
56500,0.209,0.517,0.273
57000,0.209,0.507,0.283
57500,0.214,0.503,0.283
58000,0.218,0.505,0.276
58500,0.217,0.502,0.281
59000,0.218,0.493,0.289
59500,0.223,0.499,0.278
60000,0.219,0.486,0.295
60500,0.220,0.470,0.310
61000,0.241,0.457,0.302
61500,0.243,0.452,0.305
62000,0.243,0.446,0.310
62500,0.246,0.436,0.318
63000,0.262,0.426,0.312
63500,0.267,0.421,0.312
64000,0.271,0.414,0.315
64500,0.279,0.412,0.309
65000,0.275,0.401,0.324
65500,0.299,0.390,0.310
66000,0.293,0.388,0.319
66500,0.296,0.384,0.320
67000,0.311,0.384,0.305
67500,0.306,0.377,0.317
68000,0.306,0.363,0.330
68500,0.315,0.361,0.325
69000,0.320,0.356,0.324
69500,0.328,0.351,0.321
70000,0.325,0.342,0.333
70500,0.330,0.340,0.330
71000,0.336,0.331,0.333
71500,0.348,0.320,0.333
72000,0.360,0.313,0.327
72500,0.366,0.304,0.330
73000,0.364,0.304,0.332
73500,0.366,0.294,0.339
74000,0.376,0.296,0.328
74500,0.388,0.280,0.332
75000,0.393,0.281,0.326
75500,0.399,0.267,0.334
76000,0.411,0.262,0.327
76500,0.427,0.245,0.328
77000,0.424,0.243,0.333
77500,0.431,0.231,0.338
78000,0.445,0.225,0.330
78500,0.459,0.222,0.320
79000,0.477,0.219,0.304
79500,0.489,0.226,0.285
80000,0.497,0.215,0.287
80500,0.505,0.208,0.286
81000,0.519,0.200,0.281
81500,0.521,0.198,0.281
82000,0.519,0.185,0.295
82500,0.533,0.170,0.297
83000,0.535,0.167,0.298
83500,0.543,0.155,0.301
84000,0.552,0.146,0.301
84500,0.575,0.136,0.289
85000,0.598,0.124,0.278
85500,0.615,0.118,0.267
86000,0.631,0.116,0.254
86500,0.639,0.106,0.255
87000,0.645,0.104,0.251
87500,0.658,0.099,0.243
88000,0.670,0.090,0.239
88500,0.684,0.080,0.236
89000,0.692,0.079,0.230
89500,0.698,0.082,0.221
90000,0.713,0.075,0.212
90500,0.723,0.068,0.209
91000,0.735,0.065,0.201
91500,0.740,0.059,0.201
92000,0.753,0.053,0.194
92500,0.765,0.050,0.185
93000,0.775,0.043,0.182
93500,0.786,0.036,0.177
94000,0.796,0.035,0.168
94500,0.805,0.033,0.162
95000,0.819,0.035,0.146
95500,0.820,0.032,0.148
96000,0.830,0.026,0.144
96500,0.839,0.023,0.138
97000,0.849,0.022,0.129
97500,0.851,0.023,0.126
98000,0.855,0.020,0.125
98500,0.864,0.018,0.118
99000,0.865,0.015,0.120
99500,0.879,0.014,0.107
100000,0.881,0.012,0.107
100500,0.895,0.009,0.095
101000,0.906,0.009,0.085
101500,0.916,0.007,0.076
102000,0.916,0.006,0.078
102500,0.916,0.004,0.079
103000,0.928,0.004,0.068
103500,0.933,0.005,0.062
104000,0.942,0.005,0.053
104500,0.943,0.004,0.054
105000,0.950,0.003,0.048
105500,0.953,0.002,0.045
106000,0.955,0.002,0.044
106500,0.960,0.001,0.040
107000,0.962,0.001,0.038
107500,0.964,0.001,0.036
108000,0.967,0.001,0.033
108500,0.973,0.000,0.027
109000,0.974,0.001,0.025
109500,0.977,0.001,0.022
110000,0.977,0.001,0.022
110500,0.980,0.001,0.020
111000,0.981,0.001,0.019
111500,0.980,0.001,0.020
112000,0.982,0.000,0.018
112500,0.985,0.000,0.015
113000,0.984,0.000,0.016
113500,0.988,0.000,0.012
114000,0.988,0.001,0.011
114500,0.988,0.001,0.012
115000,0.988,0.001,0.012
115500,0.988,0.001,0.012
116000,0.990,0.001,0.010
116500,0.990,0.001,0.010
117000,0.992,0.001,0.008
117500,0.993,0.001,0.007
118000,0.994,0.001,0.006
118500,0.995,0.001,0.005
119000,0.996,0.001,0.004
119500,0.995,0.001,0.005
120000,0.996,0.001,0.004
120500,0.999,0.001,0.001
121000,0.999,0.000,0.001
121500,0.999,0.000,0.001
122000,1.000,0.000,0.000
122500,1.000,0.000,0.000
123000,1.000,0.000,0.000
123500,1.000,0.000,0.000
124000,1.000,0.000,0.000
124500,0.999,0.000,0.001
125000,0.999,0.000,0.001
125500,0.998,0.000,0.002
126000,0.999,0.000,0.001
126500,0.999,0.000,0.001
127000,0.999,0.000,0.001
127500,0.999,0.000,0.001
128000,0.999,0.000,0.001
128500,0.999,0.000,0.001
129000,0.999,0.000,0.001
129500,0.999,0.000,0.001
130000,0.999,0.000,0.001
130500,0.999,0.000,0.001
131000,0.999,0.000,0.001
131500,1.000,0.000,0.000
132000,1.000,0.000,0.000
132500,1.000,0.000,0.000
133000,1.000,0.000,0.000
