time,n_A+p,n_B,n_AB
500,0.080,0.899,0.021
1000,0.083,0.882,0.035
1500,0.084,0.868,0.049
2000,0.085,0.859,0.056
2500,0.085,0.851,0.065
3000,0.086,0.828,0.087
3500,0.085,0.818,0.098
4000,0.086,0.810,0.104
4500,0.089,0.791,0.120
5000,0.093,0.782,0.125
5500,0.091,0.776,0.133
6000,0.097,0.770,0.133
6500,0.101,0.758,0.141
7000,0.101,0.752,0.147
7500,0.101,0.740,0.160
8000,0.100,0.734,0.167
8500,0.103,0.728,0.169
9000,0.106,0.719,0.174
9500,0.109,0.701,0.191
10000,0.110,0.703,0.187
10500,0.109,0.693,0.199
11000,0.118,0.687,0.195
11500,0.120,0.672,0.207
12000,0.126,0.668,0.207
12500,0.128,0.662,0.211
13000,0.122,0.649,0.228
13500,0.127,0.643,0.230
14000,0.124,0.631,0.244
14500,0.124,0.619,0.257
15000,0.133,0.616,0.251
15500,0.142,0.605,0.253
16000,0.141,0.611,0.248
16500,0.142,0.607,0.251
17000,0.148,0.603,0.249
17500,0.154,0.593,0.253
18000,0.153,0.593,0.254
18500,0.159,0.594,0.247
19000,0.159,0.592,0.249
19500,0.159,0.596,0.245
20000,0.154,0.601,0.245
20500,0.153,0.599,0.248
21000,0.156,0.607,0.237
21500,0.158,0.605,0.238
22000,0.164,0.591,0.246
22500,0.165,0.590,0.245
23000,0.164,0.582,0.254
23500,0.157,0.577,0.266
24000,0.163,0.573,0.265
24500,0.161,0.570,0.269
25000,0.158,0.566,0.276
25500,0.157,0.560,0.283
26000,0.168,0.563,0.270
26500,0.173,0.570,0.257
27000,0.177,0.566,0.257
27500,0.182,0.559,0.259
28000,0.186,0.549,0.264
28500,0.188,0.528,0.284
29000,0.185,0.529,0.285
29500,0.182,0.527,0.291
30000,0.189,0.526,0.285
30500,0.192,0.532,0.276
31000,0.182,0.521,0.296
31500,0.187,0.530,0.283
32000,0.192,0.525,0.283
32500,0.196,0.519,0.285
33000,0.194,0.517,0.289
33500,0.195,0.514,0.291
34000,0.199,0.505,0.296
34500,0.203,0.505,0.292
35000,0.210,0.501,0.288
35500,0.217,0.502,0.281
36000,0.215,0.496,0.288
36500,0.221,0.489,0.290
37000,0.221,0.488,0.291
37500,0.208,0.473,0.319
38000,0.210,0.463,0.327
38500,0.204,0.459,0.336
39000,0.207,0.461,0.333
39500,0.204,0.467,0.330
40000,0.210,0.456,0.334
40500,0.220,0.460,0.320
41000,0.231,0.459,0.311
41500,0.234,0.461,0.306
42000,0.233,0.467,0.300
42500,0.230,0.457,0.314
43000,0.230,0.454,0.316
43500,0.234,0.441,0.325
44000,0.245,0.440,0.315
44500,0.249,0.445,0.306
45000,0.259,0.453,0.288
45500,0.253,0.444,0.303
46000,0.250,0.434,0.316
46500,0.255,0.426,0.319
47000,0.258,0.425,0.317
47500,0.260,0.420,0.320
48000,0.268,0.409,0.323
48500,0.268,0.399,0.333
49000,0.276,0.393,0.331
49500,0.286,0.392,0.322
50000,0.293,0.388,0.320
50500,0.293,0.377,0.330
51000,0.296,0.375,0.329
51500,0.300,0.371,0.329
52000,0.290,0.384,0.326
52500,0.295,0.374,0.331
53000,0.299,0.365,0.336
53500,0.314,0.358,0.328
54000,0.316,0.348,0.335
54500,0.324,0.344,0.332
55000,0.326,0.331,0.343
55500,0.340,0.328,0.332
56000,0.337,0.320,0.343
56500,0.349,0.310,0.341
57000,0.358,0.314,0.328
57500,0.359,0.302,0.339
58000,0.361,0.299,0.339
58500,0.380,0.292,0.329
59000,0.382,0.283,0.335
59500,0.388,0.291,0.322
60000,0.384,0.277,0.339
60500,0.387,0.270,0.344
61000,0.386,0.268,0.347
61500,0.404,0.258,0.338
62000,0.406,0.253,0.342
62500,0.401,0.240,0.359
63000,0.405,0.239,0.356
63500,0.409,0.240,0.350
64000,0.419,0.234,0.346
64500,0.425,0.238,0.337
65000,0.426,0.225,0.350
65500,0.444,0.215,0.342
66000,0.449,0.211,0.339
66500,0.463,0.206,0.331
67000,0.469,0.212,0.319
67500,0.476,0.195,0.329
68000,0.481,0.183,0.336
68500,0.499,0.174,0.326
69000,0.499,0.174,0.326
69500,0.509,0.174,0.317
70000,0.519,0.166,0.315
70500,0.531,0.160,0.309
71000,0.546,0.163,0.291
71500,0.550,0.159,0.291
72000,0.546,0.140,0.314
72500,0.554,0.141,0.305
73000,0.565,0.141,0.294
73500,0.583,0.139,0.278
74000,0.584,0.134,0.283
74500,0.584,0.138,0.278
75000,0.590,0.130,0.281
75500,0.599,0.123,0.278
76000,0.606,0.116,0.279
76500,0.613,0.105,0.282
77000,0.619,0.096,0.285
77500,0.638,0.091,0.270
78000,0.640,0.082,0.278
78500,0.659,0.079,0.262
79000,0.675,0.077,0.247
79500,0.672,0.072,0.255
80000,0.683,0.071,0.245
80500,0.694,0.070,0.237
81000,0.709,0.061,0.230
81500,0.726,0.057,0.217
82000,0.733,0.053,0.214
82500,0.740,0.046,0.214
83000,0.748,0.040,0.213
83500,0.756,0.035,0.209
84000,0.765,0.034,0.201
84500,0.781,0.033,0.186
85000,0.784,0.033,0.183
85500,0.791,0.033,0.176
86000,0.794,0.030,0.176
86500,0.808,0.025,0.167
87000,0.815,0.024,0.162
87500,0.821,0.024,0.155
88000,0.827,0.021,0.152
88500,0.834,0.020,0.146
89000,0.845,0.020,0.135
89500,0.856,0.016,0.128
90000,0.864,0.015,0.122
90500,0.880,0.011,0.110
91000,0.886,0.010,0.104
91500,0.893,0.009,0.098
92000,0.900,0.007,0.093
92500,0.910,0.007,0.082
93000,0.919,0.007,0.073
93500,0.925,0.007,0.068
94000,0.934,0.005,0.060
94500,0.933,0.004,0.062
95000,0.936,0.004,0.060
95500,0.941,0.004,0.056
96000,0.947,0.002,0.051
96500,0.950,0.002,0.049
97000,0.952,0.002,0.047
97500,0.955,0.002,0.044
98000,0.959,0.001,0.041
98500,0.966,0.001,0.034
99000,0.970,0.001,0.030
99500,0.970,0.001,0.030
100000,0.969,0.001,0.031
100500,0.970,0.001,0.030
101000,0.969,0.001,0.031
101500,0.972,0.001,0.028
102000,0.974,0.002,0.025
102500,0.980,0.002,0.019
103000,0.982,0.001,0.017
103500,0.982,0.001,0.017
104000,0.981,0.000,0.019
104500,0.984,0.000,0.016
105000,0.983,0.000,0.017
105500,0.984,0.000,0.016
106000,0.984,0.000,0.016
106500,0.985,0.000,0.015
107000,0.988,0.000,0.012
107500,0.990,0.000,0.010
108000,0.991,0.000,0.009
108500,0.992,0.000,0.008
109000,0.994,0.000,0.006
109500,0.994,0.000,0.006
110000,0.995,0.000,0.005
110500,0.996,0.000,0.004
111000,0.997,0.000,0.003
111500,0.998,0.000,0.002
112000,0.997,0.000,0.003
112500,0.998,0.000,0.002
113000,0.997,0.000,0.003
113500,0.996,0.000,0.004
114000,0.996,0.000,0.004
114500,0.996,0.000,0.004
115000,0.997,0.000,0.003
115500,0.998,0.000,0.002
116000,0.997,0.000,0.003
116500,0.997,0.000,0.003
117000,0.998,0.000,0.002
117500,0.998,0.000,0.002
118000,0.999,0.000,0.001
118500,0.999,0.000,0.001
119000,1.000,0.000,0.000
119500,1.000,0.000,0.000
