time,n_A+p,n_B,n_AB
500,0.030,0.142,0.828
1000,0.585,0.000,0.415
1500,0.702,0.000,0.298
2000,0.727,0.000,0.273
2500,0.574,0.000,0.426
3000,0.721,0.000,0.279
3500,0.515,0.000,0.485
4000,0.484,0.000,0.516
4500,0.863,0.000,0.137
5000,0.711,0.000,0.289
5500,0.665,0.000,0.335
6000,0.415,0.000,0.585
6500,0.669,0.000,0.331
7000,0.726,0.000,0.274
7500,0.715,0.000,0.285
8000,0.736,0.000,0.264
8500,0.596,0.000,0.404
9000,0.650,0.000,0.350
9500,0.707,0.000,0.293
10000,0.481,0.000,0.519
10500,0.630,0.000,0.370
11000,0.498,0.000,0.502
11500,0.606,0.000,0.394
12000,0.681,0.000,0.319
12500,0.566,0.000,0.434
13000,0.586,0.000,0.414
13500,0.478,0.000,0.522
14000,0.651,0.000,0.349
14500,0.633,0.000,0.367
15000,0.542,0.000,0.458
15500,0.671,0.000,0.329
16000,0.523,0.000,0.477
16500,0.537,0.000,0.463
17000,0.675,0.000,0.325
17500,0.653,0.000,0.347
18000,0.348,0.000,0.652
18500,0.403,0.000,0.597
19000,0.751,0.000,0.249
19500,0.771,0.000,0.229
20000,0.681,0.000,0.319
20500,0.577,0.000,0.423
21000,0.598,0.000,0.402
21500,0.762,0.000,0.238
22000,0.539,0.000,0.461
22500,0.607,0.000,0.393
23000,0.554,0.000,0.446
23500,0.501,0.000,0.499
24000,0.685,0.000,0.315
24500,0.568,0.000,0.432
25000,0.500,0.000,0.500
25500,0.456,0.000,0.544
26000,0.630,0.000,0.370
26500,0.551,0.000,0.449
27000,0.660,0.000,0.340
27500,0.686,0.000,0.314
28000,0.710,0.000,0.290
28500,0.682,0.000,0.318
29000,0.726,0.000,0.274
29500,0.707,0.000,0.293
30000,0.560,0.000,0.440
30500,0.485,0.000,0.515
31000,0.551,0.000,0.449
31500,0.615,0.000,0.385
32000,0.596,0.000,0.404
32500,0.761,0.000,0.239
33000,0.528,0.000,0.472
33500,0.517,0.000,0.483
34000,0.598,0.000,0.402
34500,0.745,0.000,0.255
35000,0.727,0.000,0.273
35500,0.444,0.000,0.556
36000,0.511,0.000,0.489
36500,0.727,0.000,0.273
37000,0.713,0.000,0.287
37500,0.657,0.000,0.343
38000,0.796,0.000,0.204
38500,0.572,0.000,0.428
39000,0.813,0.000,0.187
39500,0.515,0.000,0.485
40000,0.419,0.000,0.581
40500,0.811,0.000,0.189
41000,0.831,0.000,0.169
41500,0.751,0.000,0.249
42000,0.786,0.000,0.214
42500,0.492,0.000,0.508
43000,0.509,0.000,0.491
43500,0.478,0.000,0.522
44000,0.634,0.000,0.366
44500,0.722,0.000,0.278
45000,0.674,0.000,0.326
45500,0.549,0.000,0.451
46000,0.524,0.000,0.476
46500,0.634,0.000,0.366
47000,0.669,0.000,0.331
47500,0.635,0.000,0.365
48000,0.799,0.000,0.201
48500,0.510,0.000,0.490
49000,0.350,0.000,0.650
49500,0.541,0.000,0.459
50000,0.592,0.000,0.408
50500,0.705,0.000,0.295
51000,0.877,0.000,0.123
51500,0.882,0.000,0.118
52000,0.591,0.000,0.409
52500,0.660,0.000,0.340
53000,0.452,0.000,0.548
53500,0.604,0.000,0.396
54000,0.505,0.000,0.495
54500,0.687,0.000,0.313
55000,0.539,0.000,0.461
55500,0.817,0.000,0.183
56000,0.948,0.000,0.052
56500,0.997,0.000,0.003
57000,1.000,0.000,0.000
