time,n_A+p,n_B,n_AB
500,0.050,0.736,0.214
1000,0.050,0.576,0.374
1500,0.050,0.480,0.470
2000,0.050,0.455,0.495
2500,0.050,0.494,0.456
3000,0.050,0.566,0.384
3500,0.050,0.434,0.516
4000,0.051,0.479,0.470
4500,0.050,0.453,0.497
5000,0.052,0.395,0.553
5500,0.055,0.326,0.619
6000,0.066,0.319,0.615
6500,0.065,0.338,0.597
7000,0.053,0.450,0.497
7500,0.050,0.430,0.520
8000,0.058,0.374,0.568
8500,0.058,0.374,0.568
9000,0.051,0.445,0.504
9500,0.051,0.475,0.474
10000,0.058,0.457,0.485
10500,0.052,0.392,0.556
11000,0.051,0.387,0.562
11500,0.051,0.488,0.461
12000,0.050,0.483,0.467
12500,0.053,0.506,0.441
13000,0.052,0.493,0.455
13500,0.050,0.430,0.520
14000,0.050,0.477,0.473
14500,0.050,0.490,0.460
15000,0.059,0.410,0.531
15500,0.052,0.367,0.581
16000,0.055,0.343,0.602
16500,0.060,0.382,0.558
17000,0.054,0.423,0.523
17500,0.053,0.422,0.525
18000,0.051,0.436,0.513
18500,0.050,0.416,0.534
19000,0.058,0.403,0.539
19500,0.051,0.422,0.527
20000,0.050,0.471,0.479
20500,0.050,0.391,0.559
21000,0.050,0.393,0.557
21500,0.050,0.410,0.540
22000,0.058,0.393,0.549
22500,0.057,0.424,0.519
23000,0.055,0.408,0.537
23500,0.052,0.436,0.512
24000,0.050,0.396,0.554
24500,0.050,0.469,0.481
25000,0.055,0.431,0.514
25500,0.056,0.384,0.560
26000,0.053,0.348,0.599
26500,0.052,0.434,0.514
27000,0.050,0.440,0.510
27500,0.056,0.342,0.602
28000,0.054,0.482,0.464
28500,0.050,0.428,0.522
29000,0.050,0.564,0.386
29500,0.050,0.525,0.425
30000,0.050,0.473,0.477
30500,0.050,0.477,0.473
31000,0.063,0.368,0.569
31500,0.052,0.475,0.473
32000,0.051,0.449,0.500
32500,0.059,0.407,0.534
33000,0.051,0.480,0.469
33500,0.050,0.506,0.444
34000,0.050,0.434,0.516
34500,0.052,0.410,0.538
35000,0.050,0.461,0.489
35500,0.050,0.428,0.522
36000,0.050,0.456,0.494
36500,0.053,0.435,0.512
37000,0.054,0.416,0.530
37500,0.050,0.452,0.498
38000,0.053,0.366,0.581
38500,0.050,0.417,0.533
39000,0.050,0.474,0.476
39500,0.050,0.482,0.468
40000,0.050,0.467,0.483
40500,0.050,0.470,0.480
41000,0.050,0.485,0.465
41500,0.050,0.541,0.409
42000,0.053,0.472,0.475
42500,0.050,0.526,0.424
43000,0.050,0.469,0.481
43500,0.050,0.522,0.428
44000,0.050,0.531,0.419
44500,0.050,0.559,0.391
45000,0.050,0.497,0.453
45500,0.050,0.393,0.557
46000,0.051,0.454,0.495
46500,0.059,0.420,0.521
47000,0.067,0.334,0.599
47500,0.051,0.351,0.598
48000,0.050,0.399,0.551
48500,0.057,0.448,0.495
49000,0.061,0.403,0.536
49500,0.050,0.468,0.482
50000,0.056,0.501,0.443
50500,0.052,0.508,0.440
51000,0.050,0.457,0.493
51500,0.050,0.511,0.439
52000,0.050,0.478,0.472
52500,0.050,0.504,0.446
53000,0.052,0.412,0.536
53500,0.050,0.451,0.499
54000,0.050,0.425,0.525
54500,0.050,0.392,0.558
55000,0.050,0.466,0.484
55500,0.050,0.493,0.457
56000,0.056,0.504,0.440
56500,0.050,0.473,0.477
57000,0.050,0.459,0.491
57500,0.050,0.442,0.508
58000,0.050,0.500,0.450
58500,0.050,0.400,0.550
59000,0.050,0.472,0.478
59500,0.050,0.402,0.548
60000,0.088,0.317,0.595
60500,0.070,0.331,0.599
61000,0.063,0.313,0.624
61500,0.059,0.379,0.562
62000,0.058,0.452,0.490
62500,0.050,0.390,0.560
63000,0.053,0.442,0.505
63500,0.051,0.456,0.493
64000,0.057,0.431,0.512
64500,0.052,0.487,0.461
65000,0.050,0.459,0.491
65500,0.052,0.457,0.491
66000,0.057,0.418,0.525
66500,0.051,0.409,0.540
67000,0.054,0.334,0.612
67500,0.063,0.406,0.531
68000,0.058,0.354,0.588
68500,0.063,0.315,0.622
69000,0.054,0.377,0.569
69500,0.057,0.374,0.569
70000,0.050,0.385,0.565
70500,0.053,0.459,0.488
71000,0.062,0.389,0.549
71500,0.051,0.433,0.516
72000,0.050,0.469,0.481
72500,0.050,0.483,0.467
73000,0.050,0.515,0.435
73500,0.050,0.542,0.408
74000,0.054,0.463,0.483
74500,0.053,0.445,0.502
75000,0.050,0.486,0.464
75500,0.050,0.526,0.424
76000,0.050,0.443,0.507
76500,0.054,0.377,0.569
77000,0.057,0.440,0.503
77500,0.050,0.399,0.551
78000,0.057,0.418,0.525
78500,0.054,0.432,0.514
79000,0.051,0.415,0.534
79500,0.051,0.434,0.515
80000,0.055,0.403,0.542
80500,0.061,0.381,0.558
81000,0.064,0.354,0.582
81500,0.070,0.321,0.609
82000,0.051,0.423,0.526
82500,0.050,0.528,0.422
83000,0.050,0.485,0.465
83500,0.050,0.480,0.470
84000,0.053,0.421,0.526
84500,0.081,0.290,0.629
85000,0.080,0.271,0.649
85500,0.096,0.210,0.694
86000,0.091,0.224,0.685
86500,0.148,0.191,0.661
87000,0.124,0.162,0.714
87500,0.108,0.166,0.726
88000,0.078,0.206,0.716
88500,0.134,0.197,0.669
89000,0.199,0.143,0.658
89500,0.364,0.029,0.607
90000,0.678,0.001,0.321
90500,0.820,0.000,0.180
91000,0.841,0.000,0.159
91500,0.887,0.000,0.113
92000,0.902,0.000,0.098
92500,0.959,0.000,0.041
93000,0.993,0.000,0.007
93500,0.999,0.000,0.001
94000,1.000,0.000,0.000
