time,n_A+p,n_B,n_AB
500,0.030,0.705,0.265
1000,0.030,0.278,0.692
1500,0.030,0.351,0.619
2000,0.030,0.231,0.739
2500,0.030,0.309,0.661
3000,0.030,0.202,0.768
3500,0.030,0.196,0.774
4000,0.030,0.244,0.726
4500,0.030,0.402,0.568
5000,0.030,0.153,0.817
5500,0.030,0.311,0.659
6000,0.030,0.394,0.576
6500,0.030,0.318,0.652
7000,0.030,0.319,0.651
7500,0.030,0.241,0.729
8000,0.030,0.340,0.630
8500,0.030,0.476,0.494
9000,0.030,0.297,0.673
9500,0.030,0.198,0.772
10000,0.030,0.134,0.836
10500,0.030,0.157,0.813
11000,0.030,0.321,0.649
11500,0.030,0.235,0.735
12000,0.030,0.349,0.621
12500,0.030,0.190,0.780
13000,0.030,0.343,0.627
13500,0.030,0.316,0.654
14000,0.030,0.426,0.544
14500,0.030,0.282,0.688
15000,0.030,0.342,0.628
15500,0.030,0.302,0.668
16000,0.030,0.069,0.901
16500,0.916,0.000,0.084
17000,1.000,0.000,0.000
