time,n_A+p,n_B,n_AB
500,0.080,0.539,0.381
1000,0.080,0.279,0.641
1500,0.095,0.117,0.788
2000,0.154,0.059,0.787
2500,0.294,0.011,0.695
3000,0.491,0.002,0.507
3500,0.620,0.000,0.380
4000,0.671,0.000,0.329
4500,0.662,0.000,0.338
5000,0.633,0.000,0.367
5500,0.705,0.000,0.295
6000,0.693,0.000,0.307
6500,0.668,0.000,0.332
7000,0.712,0.000,0.288
7500,0.733,0.000,0.267
8000,0.745,0.000,0.255
8500,0.755,0.000,0.245
9000,0.772,0.000,0.228
9500,0.783,0.000,0.217
10000,0.780,0.000,0.220
10500,0.731,0.000,0.269
11000,0.751,0.000,0.249
11500,0.762,0.000,0.238
12000,0.706,0.000,0.294
12500,0.760,0.000,0.240
13000,0.757,0.000,0.243
13500,0.715,0.000,0.285
14000,0.614,0.000,0.386
14500,0.577,0.000,0.423
15000,0.588,0.000,0.412
15500,0.658,0.000,0.342
16000,0.669,0.000,0.331
16500,0.637,0.000,0.363
17000,0.657,0.000,0.343
17500,0.713,0.000,0.287
18000,0.659,0.000,0.341
18500,0.649,0.000,0.351
19000,0.582,0.000,0.418
19500,0.667,0.000,0.333
20000,0.709,0.000,0.291
20500,0.786,0.000,0.214
21000,0.800,0.000,0.200
21500,0.780,0.000,0.220
22000,0.693,0.000,0.307
22500,0.661,0.000,0.339
23000,0.585,0.000,0.415
23500,0.565,0.000,0.435
24000,0.626,0.000,0.374
24500,0.584,0.000,0.416
25000,0.632,0.000,0.368
25500,0.642,0.000,0.358
26000,0.666,0.000,0.334
26500,0.717,0.000,0.283
27000,0.668,0.000,0.332
27500,0.635,0.000,0.365
28000,0.686,0.000,0.314
28500,0.632,0.000,0.368
29000,0.590,0.000,0.410
29500,0.664,0.000,0.336
30000,0.707,0.000,0.293
30500,0.727,0.000,0.273
31000,0.713,0.000,0.287
31500,0.771,0.000,0.229
32000,0.728,0.000,0.272
32500,0.764,0.000,0.236
33000,0.744,0.000,0.256
33500,0.744,0.000,0.256
34000,0.788,0.000,0.212
34500,0.732,0.000,0.268
35000,0.711,0.000,0.289
35500,0.672,0.000,0.328
36000,0.711,0.000,0.289
36500,0.757,0.000,0.243
37000,0.745,0.000,0.255
37500,0.716,0.000,0.284
38000,0.743,0.000,0.257
38500,0.781,0.000,0.219
39000,0.704,0.000,0.296
39500,0.726,0.000,0.274
40000,0.684,0.000,0.316
40500,0.709,0.000,0.291
41000,0.684,0.000,0.316
41500,0.702,0.000,0.298
42000,0.738,0.000,0.262
42500,0.687,0.000,0.313
43000,0.723,0.000,0.277
43500,0.758,0.000,0.242
44000,0.831,0.000,0.169
44500,0.794,0.000,0.206
45000,0.755,0.000,0.245
45500,0.728,0.000,0.272
46000,0.739,0.000,0.261
46500,0.693,0.000,0.307
47000,0.651,0.000,0.349
47500,0.613,0.000,0.387
48000,0.578,0.000,0.422
48500,0.639,0.000,0.361
49000,0.669,0.000,0.331
49500,0.702,0.000,0.298
50000,0.711,0.000,0.289
50500,0.667,0.000,0.333
51000,0.622,0.000,0.378
51500,0.641,0.000,0.359
52000,0.618,0.000,0.382
52500,0.649,0.000,0.351
53000,0.701,0.000,0.299
53500,0.678,0.000,0.322
54000,0.640,0.000,0.360
54500,0.598,0.000,0.402
55000,0.610,0.000,0.390
55500,0.631,0.000,0.369
56000,0.593,0.000,0.407
56500,0.645,0.000,0.355
57000,0.666,0.000,0.334
57500,0.640,0.000,0.360
58000,0.653,0.000,0.347
58500,0.682,0.000,0.318
59000,0.615,0.000,0.385
59500,0.648,0.000,0.352
60000,0.625,0.000,0.375
60500,0.629,0.000,0.371
61000,0.666,0.000,0.334
61500,0.638,0.000,0.362
62000,0.607,0.000,0.393
62500,0.655,0.000,0.345
63000,0.684,0.000,0.316
63500,0.684,0.000,0.316
64000,0.728,0.000,0.272
64500,0.735,0.000,0.265
65000,0.702,0.000,0.298
65500,0.603,0.000,0.397
66000,0.625,0.000,0.375
66500,0.644,0.000,0.356
67000,0.590,0.000,0.410
67500,0.572,0.000,0.428
68000,0.642,0.000,0.358
68500,0.687,0.000,0.313
69000,0.665,0.000,0.335
69500,0.722,0.000,0.278
70000,0.735,0.000,0.265
70500,0.739,0.000,0.261
71000,0.744,0.000,0.256
71500,0.733,0.000,0.267
72000,0.764,0.000,0.236
72500,0.709,0.000,0.291
73000,0.727,0.000,0.273
73500,0.758,0.000,0.242
74000,0.753,0.000,0.247
74500,0.794,0.000,0.206
75000,0.803,0.000,0.197
75500,0.739,0.000,0.261
76000,0.626,0.000,0.374
76500,0.615,0.000,0.385
77000,0.685,0.000,0.315
77500,0.663,0.000,0.337
78000,0.698,0.000,0.302
78500,0.710,0.000,0.290
79000,0.671,0.000,0.329
79500,0.688,0.000,0.312
80000,0.641,0.000,0.359
80500,0.702,0.000,0.298
81000,0.685,0.000,0.315
81500,0.685,0.000,0.315
82000,0.742,0.000,0.258
82500,0.754,0.000,0.246
83000,0.783,0.000,0.217
83500,0.704,0.000,0.296
84000,0.704,0.000,0.296
84500,0.639,0.000,0.361
85000,0.632,0.000,0.368
85500,0.610,0.000,0.390
86000,0.625,0.000,0.375
86500,0.684,0.000,0.316
87000,0.750,0.000,0.250
87500,0.796,0.000,0.204
88000,0.704,0.000,0.296
88500,0.707,0.000,0.293
89000,0.680,0.000,0.320
89500,0.755,0.000,0.245
90000,0.774,0.000,0.226
90500,0.743,0.000,0.257
91000,0.757,0.000,0.243
91500,0.726,0.000,0.274
92000,0.687,0.000,0.313
92500,0.668,0.000,0.332
93000,0.694,0.000,0.306
93500,0.640,0.000,0.360
94000,0.691,0.000,0.309
94500,0.700,0.000,0.300
95000,0.691,0.000,0.309
95500,0.682,0.000,0.318
96000,0.674,0.000,0.326
96500,0.663,0.000,0.337
97000,0.757,0.000,0.243
97500,0.633,0.000,0.367
98000,0.642,0.000,0.358
98500,0.674,0.000,0.326
99000,0.690,0.000,0.310
99500,0.667,0.000,0.333
100000,0.684,0.000,0.316
100500,0.665,0.000,0.335
101000,0.660,0.000,0.340
101500,0.644,0.000,0.356
102000,0.636,0.000,0.364
102500,0.638,0.000,0.362
103000,0.657,0.000,0.343
103500,0.600,0.000,0.400
104000,0.539,0.000,0.461
104500,0.566,0.000,0.434
105000,0.625,0.000,0.375
105500,0.699,0.000,0.301
106000,0.741,0.000,0.259
106500,0.754,0.000,0.246
107000,0.715,0.000,0.285
107500,0.690,0.000,0.310
108000,0.656,0.000,0.344
108500,0.629,0.000,0.371
109000,0.655,0.000,0.345
109500,0.687,0.000,0.313
110000,0.672,0.000,0.328
110500,0.670,0.000,0.330
111000,0.606,0.000,0.394
111500,0.666,0.000,0.334
112000,0.613,0.000,0.387
112500,0.640,0.000,0.360
113000,0.676,0.000,0.324
113500,0.731,0.000,0.269
114000,0.745,0.000,0.255
114500,0.671,0.000,0.329
115000,0.655,0.000,0.345
115500,0.675,0.000,0.325
116000,0.732,0.000,0.268
116500,0.735,0.000,0.265
117000,0.671,0.000,0.329
117500,0.703,0.000,0.297
118000,0.695,0.000,0.305
118500,0.645,0.000,0.355
119000,0.594,0.000,0.406
119500,0.577,0.000,0.423
120000,0.584,0.000,0.416
120500,0.577,0.000,0.423
121000,0.566,0.000,0.434
121500,0.624,0.000,0.376
122000,0.697,0.000,0.303
122500,0.695,0.000,0.305
123000,0.680,0.000,0.320
123500,0.676,0.000,0.324
124000,0.708,0.000,0.292
124500,0.658,0.000,0.342
125000,0.606,0.000,0.394
125500,0.556,0.000,0.444
126000,0.636,0.000,0.364
126500,0.643,0.000,0.357
127000,0.636,0.000,0.364
127500,0.605,0.000,0.395
128000,0.746,0.000,0.254
128500,0.624,0.000,0.376
129000,0.656,0.000,0.344
129500,0.579,0.000,0.421
130000,0.647,0.000,0.353
130500,0.660,0.000,0.340
131000,0.650,0.000,0.350
131500,0.661,0.000,0.339
132000,0.682,0.000,0.318
132500,0.726,0.000,0.274
133000,0.716,0.000,0.284
133500,0.706,0.000,0.294
134000,0.688,0.000,0.312
134500,0.720,0.000,0.280
135000,0.688,0.000,0.312
135500,0.665,0.000,0.335
136000,0.685,0.000,0.315
136500,0.723,0.000,0.277
137000,0.693,0.000,0.307
137500,0.689,0.000,0.311
138000,0.686,0.000,0.314
138500,0.721,0.000,0.279
139000,0.630,0.000,0.370
139500,0.619,0.000,0.381
140000,0.670,0.000,0.330
140500,0.669,0.000,0.331
141000,0.661,0.000,0.339
141500,0.730,0.000,0.270
142000,0.652,0.000,0.348
142500,0.637,0.000,0.363
143000,0.657,0.000,0.343
143500,0.627,0.000,0.373
144000,0.628,0.000,0.372
144500,0.625,0.000,0.375
145000,0.637,0.000,0.363
145500,0.629,0.000,0.371
146000,0.616,0.000,0.384
146500,0.560,0.000,0.440
147000,0.623,0.000,0.377
147500,0.618,0.000,0.382
148000,0.612,0.000,0.388
148500,0.586,0.000,0.414
149000,0.604,0.000,0.396
149500,0.591,0.000,0.409
150000,0.558,0.000,0.442
150500,0.655,0.000,0.345
151000,0.681,0.000,0.319
151500,0.688,0.000,0.312
152000,0.698,0.000,0.302
152500,0.711,0.000,0.289
153000,0.723,0.000,0.277
153500,0.773,0.000,0.227
154000,0.740,0.000,0.260
154500,0.735,0.000,0.265
155000,0.715,0.000,0.285
155500,0.705,0.000,0.295
156000,0.714,0.000,0.286
156500,0.750,0.000,0.250
157000,0.739,0.000,0.261
157500,0.704,0.000,0.296
158000,0.661,0.000,0.339
158500,0.649,0.000,0.351
159000,0.645,0.000,0.355
159500,0.627,0.000,0.373
160000,0.698,0.000,0.302
160500,0.666,0.000,0.334
161000,0.714,0.000,0.286
161500,0.720,0.000,0.280
162000,0.780,0.000,0.220
162500,0.768,0.000,0.232
163000,0.734,0.000,0.266
163500,0.666,0.000,0.334
164000,0.632,0.000,0.368
164500,0.660,0.000,0.340
165000,0.625,0.000,0.375
165500,0.667,0.000,0.333
166000,0.600,0.000,0.400
166500,0.682,0.000,0.318
167000,0.735,0.000,0.265
167500,0.734,0.000,0.266
168000,0.721,0.000,0.279
168500,0.697,0.000,0.303
169000,0.713,0.000,0.287
169500,0.733,0.000,0.267
170000,0.725,0.000,0.275
170500,0.723,0.000,0.277
171000,0.666,0.000,0.334
171500,0.631,0.000,0.369
172000,0.667,0.000,0.333
172500,0.681,0.000,0.319
173000,0.697,0.000,0.303
173500,0.658,0.000,0.342
174000,0.599,0.000,0.401
174500,0.622,0.000,0.378
175000,0.656,0.000,0.344
175500,0.715,0.000,0.285
176000,0.709,0.000,0.291
176500,0.675,0.000,0.325
177000,0.676,0.000,0.324
177500,0.623,0.000,0.377
178000,0.670,0.000,0.330
178500,0.708,0.000,0.292
179000,0.653,0.000,0.347
179500,0.699,0.000,0.301
180000,0.624,0.000,0.376
180500,0.619,0.000,0.381
181000,0.681,0.000,0.319
181500,0.676,0.000,0.324
182000,0.701,0.000,0.299
182500,0.690,0.000,0.310
183000,0.650,0.000,0.350
183500,0.589,0.000,0.411
184000,0.623,0.000,0.377
184500,0.622,0.000,0.378
185000,0.703,0.000,0.297
185500,0.690,0.000,0.310
186000,0.613,0.000,0.387
186500,0.602,0.000,0.398
187000,0.657,0.000,0.343
187500,0.711,0.000,0.289
188000,0.771,0.000,0.229
188500,0.722,0.000,0.278
189000,0.748,0.000,0.252
189500,0.714,0.000,0.286
190000,0.751,0.000,0.249
190500,0.767,0.000,0.233
191000,0.725,0.000,0.275
191500,0.683,0.000,0.317
192000,0.691,0.000,0.309
192500,0.670,0.000,0.330
193000,0.686,0.000,0.314
193500,0.703,0.000,0.297
194000,0.659,0.000,0.341
194500,0.705,0.000,0.295
195000,0.645,0.000,0.355
195500,0.552,0.000,0.448
196000,0.593,0.000,0.407
196500,0.615,0.000,0.385
197000,0.625,0.000,0.375
197500,0.632,0.000,0.368
198000,0.632,0.000,0.368
198500,0.733,0.000,0.267
199000,0.672,0.000,0.328
199500,0.689,0.000,0.311
200000,0.637,0.000,0.363
200500,0.690,0.000,0.310
201000,0.777,0.000,0.223
201500,0.772,0.000,0.228
202000,0.725,0.000,0.275
202500,0.701,0.000,0.299
203000,0.674,0.000,0.326
203500,0.606,0.000,0.394
204000,0.576,0.000,0.424
204500,0.635,0.000,0.365
205000,0.644,0.000,0.356
205500,0.695,0.000,0.305
206000,0.663,0.000,0.337
206500,0.591,0.000,0.409
207000,0.633,0.000,0.367
207500,0.646,0.000,0.354
208000,0.637,0.000,0.363
208500,0.702,0.000,0.298
209000,0.669,0.000,0.331
209500,0.669,0.000,0.331
210000,0.708,0.000,0.292
210500,0.627,0.000,0.373
211000,0.668,0.000,0.332
211500,0.692,0.000,0.308
212000,0.671,0.000,0.329
212500,0.632,0.000,0.368
213000,0.627,0.000,0.373
213500,0.570,0.000,0.430
214000,0.583,0.000,0.417
214500,0.635,0.000,0.365
215000,0.667,0.000,0.333
215500,0.715,0.000,0.285
216000,0.731,0.000,0.269
216500,0.787,0.000,0.213
217000,0.756,0.000,0.244
217500,0.706,0.000,0.294
218000,0.578,0.000,0.422
218500,0.630,0.000,0.370
219000,0.612,0.000,0.388
219500,0.639,0.000,0.361
220000,0.644,0.000,0.356
220500,0.662,0.000,0.338
221000,0.693,0.000,0.307
221500,0.603,0.000,0.397
222000,0.605,0.000,0.395
222500,0.565,0.000,0.435
223000,0.520,0.000,0.480
223500,0.629,0.000,0.371
224000,0.630,0.000,0.370
224500,0.628,0.000,0.372
225000,0.681,0.000,0.319
225500,0.645,0.000,0.355
226000,0.663,0.000,0.337
226500,0.644,0.000,0.356
227000,0.546,0.000,0.454
227500,0.596,0.000,0.404
228000,0.628,0.000,0.372
228500,0.647,0.000,0.353
229000,0.663,0.000,0.337
229500,0.703,0.000,0.297
230000,0.735,0.000,0.265
230500,0.766,0.000,0.234
231000,0.786,0.000,0.214
231500,0.796,0.000,0.204
232000,0.785,0.000,0.215
232500,0.727,0.000,0.273
233000,0.692,0.000,0.308
233500,0.774,0.000,0.226
234000,0.734,0.000,0.266
234500,0.712,0.000,0.288
235000,0.713,0.000,0.287
235500,0.740,0.000,0.260
236000,0.747,0.000,0.253
236500,0.728,0.000,0.272
237000,0.722,0.000,0.278
237500,0.647,0.000,0.353
238000,0.699,0.000,0.301
238500,0.620,0.000,0.380
239000,0.627,0.000,0.373
239500,0.680,0.000,0.320
240000,0.708,0.000,0.292
240500,0.670,0.000,0.330
241000,0.656,0.000,0.344
241500,0.635,0.000,0.365
242000,0.570,0.000,0.430
242500,0.591,0.000,0.409
243000,0.614,0.000,0.386
243500,0.627,0.000,0.373
244000,0.669,0.000,0.331
244500,0.675,0.000,0.325
245000,0.696,0.000,0.304
245500,0.658,0.000,0.342
246000,0.725,0.000,0.275
246500,0.632,0.000,0.368
247000,0.645,0.000,0.355
247500,0.737,0.000,0.263
248000,0.702,0.000,0.298
248500,0.701,0.000,0.299
249000,0.681,0.000,0.319
249500,0.673,0.000,0.327
250000,0.730,0.000,0.270
250500,0.632,0.000,0.368
251000,0.658,0.000,0.342
251500,0.725,0.000,0.275
252000,0.724,0.000,0.276
252500,0.683,0.000,0.317
253000,0.630,0.000,0.370
253500,0.635,0.000,0.365
254000,0.631,0.000,0.369
254500,0.660,0.000,0.340
255000,0.706,0.000,0.294
255500,0.624,0.000,0.376
256000,0.629,0.000,0.371
256500,0.613,0.000,0.387
257000,0.593,0.000,0.407
257500,0.629,0.000,0.371
258000,0.667,0.000,0.333
258500,0.712,0.000,0.288
259000,0.660,0.000,0.340
259500,0.637,0.000,0.363
260000,0.680,0.000,0.320
260500,0.685,0.000,0.315
261000,0.709,0.000,0.291
261500,0.731,0.000,0.269
262000,0.685,0.000,0.315
262500,0.619,0.000,0.381
263000,0.647,0.000,0.353
263500,0.697,0.000,0.303
264000,0.648,0.000,0.352
264500,0.630,0.000,0.370
265000,0.674,0.000,0.326
265500,0.653,0.000,0.347
266000,0.667,0.000,0.333
266500,0.697,0.000,0.303
267000,0.691,0.000,0.309
267500,0.648,0.000,0.352
268000,0.659,0.000,0.341
268500,0.697,0.000,0.303
269000,0.787,0.000,0.213
269500,0.757,0.000,0.243
270000,0.749,0.000,0.251
270500,0.797,0.000,0.203
271000,0.825,0.000,0.175
271500,0.842,0.000,0.158
272000,0.812,0.000,0.188
272500,0.851,0.000,0.149
273000,0.824,0.000,0.176
273500,0.807,0.000,0.193
274000,0.777,0.000,0.223
274500,0.780,0.000,0.220
275000,0.816,0.000,0.184
275500,0.851,0.000,0.149
276000,0.747,0.000,0.253
276500,0.718,0.000,0.282
277000,0.734,0.000,0.266
277500,0.752,0.000,0.248
278000,0.709,0.000,0.291
278500,0.688,0.000,0.312
279000,0.749,0.000,0.251
279500,0.732,0.000,0.268
280000,0.696,0.000,0.304
280500,0.714,0.000,0.286
281000,0.738,0.000,0.262
281500,0.757,0.000,0.243
282000,0.701,0.000,0.299
282500,0.683,0.000,0.317
283000,0.675,0.000,0.325
283500,0.669,0.000,0.331
284000,0.734,0.000,0.266
284500,0.705,0.000,0.295
285000,0.694,0.000,0.306
285500,0.671,0.000,0.329
286000,0.612,0.000,0.388
286500,0.625,0.000,0.375
287000,0.696,0.000,0.304
287500,0.672,0.000,0.328
288000,0.704,0.000,0.296
288500,0.686,0.000,0.314
289000,0.588,0.000,0.412
289500,0.635,0.000,0.365
290000,0.696,0.000,0.304
290500,0.722,0.000,0.278
291000,0.743,0.000,0.257
291500,0.715,0.000,0.285
292000,0.719,0.000,0.281
292500,0.745,0.000,0.255
293000,0.722,0.000,0.278
293500,0.665,0.000,0.335
294000,0.659,0.000,0.341
294500,0.749,0.000,0.251
295000,0.709,0.000,0.291
295500,0.758,0.000,0.242
296000,0.700,0.000,0.300
296500,0.645,0.000,0.355
297000,0.670,0.000,0.330
297500,0.576,0.000,0.424
298000,0.612,0.000,0.388
298500,0.585,0.000,0.415
299000,0.641,0.000,0.359
299500,0.682,0.000,0.318
300000,0.726,0.000,0.274
300500,0.737,0.000,0.263
301000,0.754,0.000,0.246
301500,0.744,0.000,0.256
302000,0.726,0.000,0.274
302500,0.748,0.000,0.252
303000,0.768,0.000,0.232
303500,0.744,0.000,0.256
304000,0.739,0.000,0.261
304500,0.683,0.000,0.317
305000,0.681,0.000,0.319
305500,0.788,0.000,0.212
306000,0.746,0.000,0.254
306500,0.823,0.000,0.177
307000,0.775,0.000,0.225
307500,0.775,0.000,0.225
308000,0.796,0.000,0.204
308500,0.795,0.000,0.205
309000,0.767,0.000,0.233
309500,0.790,0.000,0.210
310000,0.797,0.000,0.203
310500,0.797,0.000,0.203
311000,0.803,0.000,0.197
311500,0.800,0.000,0.200
312000,0.781,0.000,0.219
312500,0.699,0.000,0.301
313000,0.715,0.000,0.285
313500,0.655,0.000,0.345
314000,0.625,0.000,0.375
314500,0.743,0.000,0.257
315000,0.749,0.000,0.251
315500,0.657,0.000,0.343
316000,0.675,0.000,0.325
316500,0.695,0.000,0.305
317000,0.702,0.000,0.298
317500,0.698,0.000,0.302
318000,0.720,0.000,0.280
318500,0.734,0.000,0.266
319000,0.710,0.000,0.290
319500,0.727,0.000,0.273
320000,0.753,0.000,0.247
320500,0.692,0.000,0.308
321000,0.685,0.000,0.315
321500,0.730,0.000,0.270
322000,0.688,0.000,0.312
322500,0.632,0.000,0.368
323000,0.639,0.000,0.361
323500,0.641,0.000,0.359
324000,0.617,0.000,0.383
324500,0.655,0.000,0.345
325000,0.647,0.000,0.353
325500,0.626,0.000,0.374
326000,0.634,0.000,0.366
326500,0.667,0.000,0.333
327000,0.658,0.000,0.342
327500,0.722,0.000,0.278
328000,0.677,0.000,0.323
328500,0.702,0.000,0.298
329000,0.666,0.000,0.334
329500,0.607,0.000,0.393
330000,0.587,0.000,0.413
330500,0.631,0.000,0.369
331000,0.601,0.000,0.399
331500,0.673,0.000,0.327
332000,0.601,0.000,0.399
332500,0.721,0.000,0.279
333000,0.692,0.000,0.308
333500,0.735,0.000,0.265
334000,0.699,0.000,0.301
334500,0.681,0.000,0.319
335000,0.659,0.000,0.341
335500,0.660,0.000,0.340
336000,0.662,0.000,0.338
336500,0.644,0.000,0.356
337000,0.632,0.000,0.368
337500,0.667,0.000,0.333
338000,0.696,0.000,0.304
338500,0.701,0.000,0.299
339000,0.661,0.000,0.339
339500,0.716,0.000,0.284
340000,0.808,0.000,0.192
340500,0.788,0.000,0.212
341000,0.761,0.000,0.239
341500,0.721,0.000,0.279
342000,0.713,0.000,0.287
342500,0.686,0.000,0.314
343000,0.656,0.000,0.344
343500,0.685,0.000,0.315
344000,0.671,0.000,0.329
344500,0.696,0.000,0.304
345000,0.731,0.000,0.269
345500,0.746,0.000,0.254
346000,0.749,0.000,0.251
346500,0.708,0.000,0.292
347000,0.778,0.000,0.222
347500,0.725,0.000,0.275
348000,0.661,0.000,0.339
348500,0.551,0.000,0.449
349000,0.541,0.000,0.459
349500,0.599,0.000,0.401
350000,0.690,0.000,0.310
350500,0.613,0.000,0.387
351000,0.665,0.000,0.335
351500,0.693,0.000,0.307
352000,0.683,0.000,0.317
352500,0.674,0.000,0.326
353000,0.699,0.000,0.301
353500,0.624,0.000,0.376
354000,0.615,0.000,0.385
354500,0.642,0.000,0.358
355000,0.673,0.000,0.327
355500,0.784,0.000,0.216
356000,0.754,0.000,0.246
356500,0.798,0.000,0.202
357000,0.778,0.000,0.222
357500,0.714,0.000,0.286
358000,0.703,0.000,0.297
358500,0.702,0.000,0.298
359000,0.745,0.000,0.255
359500,0.723,0.000,0.277
360000,0.764,0.000,0.236
360500,0.749,0.000,0.251
361000,0.739,0.000,0.261
361500,0.741,0.000,0.259
362000,0.669,0.000,0.331
362500,0.700,0.000,0.300
363000,0.750,0.000,0.250
363500,0.709,0.000,0.291
364000,0.783,0.000,0.217
364500,0.695,0.000,0.305
365000,0.778,0.000,0.222
365500,0.784,0.000,0.216
366000,0.743,0.000,0.257
366500,0.745,0.000,0.255
367000,0.737,0.000,0.263
367500,0.783,0.000,0.217
368000,0.699,0.000,0.301
368500,0.719,0.000,0.281
369000,0.668,0.000,0.332
369500,0.650,0.000,0.350
370000,0.647,0.000,0.353
370500,0.697,0.000,0.303
371000,0.709,0.000,0.291
371500,0.685,0.000,0.315
372000,0.648,0.000,0.352
372500,0.611,0.000,0.389
373000,0.657,0.000,0.343
373500,0.573,0.000,0.427
374000,0.656,0.000,0.344
374500,0.656,0.000,0.344
375000,0.670,0.000,0.330
375500,0.663,0.000,0.337
376000,0.714,0.000,0.286
376500,0.741,0.000,0.259
377000,0.707,0.000,0.293
377500,0.669,0.000,0.331
378000,0.659,0.000,0.341
378500,0.688,0.000,0.312
379000,0.671,0.000,0.329
379500,0.685,0.000,0.315
380000,0.668,0.000,0.332
380500,0.663,0.000,0.337
381000,0.603,0.000,0.397
381500,0.621,0.000,0.379
382000,0.641,0.000,0.359
382500,0.658,0.000,0.342
383000,0.630,0.000,0.370
383500,0.698,0.000,0.302
384000,0.724,0.000,0.276
384500,0.734,0.000,0.266
385000,0.703,0.000,0.297
385500,0.621,0.000,0.379
386000,0.609,0.000,0.391
386500,0.646,0.000,0.354
387000,0.655,0.000,0.345
387500,0.614,0.000,0.386
388000,0.657,0.000,0.343
388500,0.632,0.000,0.368
389000,0.617,0.000,0.383
389500,0.668,0.000,0.332
390000,0.693,0.000,0.307
390500,0.661,0.000,0.339
391000,0.699,0.000,0.301
391500,0.689,0.000,0.311
392000,0.657,0.000,0.343
392500,0.643,0.000,0.357
393000,0.680,0.000,0.320
393500,0.666,0.000,0.334
394000,0.753,0.000,0.247
394500,0.706,0.000,0.294
395000,0.644,0.000,0.356
395500,0.676,0.000,0.324
396000,0.640,0.000,0.360
396500,0.643,0.000,0.357
397000,0.621,0.000,0.379
397500,0.628,0.000,0.372
398000,0.638,0.000,0.362
398500,0.663,0.000,0.337
399000,0.639,0.000,0.361
399500,0.638,0.000,0.362
400000,0.677,0.000,0.323
400500,0.737,0.000,0.263
401000,0.740,0.000,0.260
401500,0.722,0.000,0.278
402000,0.754,0.000,0.246
402500,0.725,0.000,0.275
403000,0.654,0.000,0.346
403500,0.617,0.000,0.383
404000,0.620,0.000,0.380
404500,0.674,0.000,0.326
405000,0.666,0.000,0.334
405500,0.732,0.000,0.268
406000,0.760,0.000,0.240
406500,0.741,0.000,0.259
407000,0.645,0.000,0.355
407500,0.636,0.000,0.364
408000,0.652,0.000,0.348
408500,0.718,0.000,0.282
409000,0.691,0.000,0.309
409500,0.657,0.000,0.343
410000,0.672,0.000,0.328
410500,0.629,0.000,0.371
411000,0.550,0.000,0.450
411500,0.598,0.000,0.402
412000,0.614,0.000,0.386
412500,0.669,0.000,0.331
413000,0.717,0.000,0.283
413500,0.741,0.000,0.259
414000,0.747,0.000,0.253
414500,0.706,0.000,0.294
415000,0.671,0.000,0.329
415500,0.659,0.000,0.341
416000,0.677,0.000,0.323
416500,0.650,0.000,0.350
417000,0.670,0.000,0.330
417500,0.697,0.000,0.303
418000,0.684,0.000,0.316
418500,0.705,0.000,0.295
419000,0.770,0.000,0.230
419500,0.719,0.000,0.281
420000,0.757,0.000,0.243
420500,0.753,0.000,0.247
421000,0.775,0.000,0.225
421500,0.727,0.000,0.273
422000,0.742,0.000,0.258
422500,0.704,0.000,0.296
423000,0.673,0.000,0.327
423500,0.709,0.000,0.291
424000,0.742,0.000,0.258
424500,0.825,0.000,0.175
425000,0.840,0.000,0.160
425500,0.827,0.000,0.173
426000,0.752,0.000,0.248
426500,0.754,0.000,0.246
427000,0.734,0.000,0.266
427500,0.728,0.000,0.272
428000,0.645,0.000,0.355
428500,0.647,0.000,0.353
429000,0.657,0.000,0.343
429500,0.652,0.000,0.348
430000,0.688,0.000,0.312
430500,0.739,0.000,0.261
431000,0.691,0.000,0.309
431500,0.664,0.000,0.336
432000,0.715,0.000,0.285
432500,0.656,0.000,0.344
433000,0.691,0.000,0.309
433500,0.676,0.000,0.324
434000,0.689,0.000,0.311
434500,0.666,0.000,0.334
435000,0.679,0.000,0.321
435500,0.683,0.000,0.317
436000,0.722,0.000,0.278
436500,0.738,0.000,0.262
437000,0.740,0.000,0.260
437500,0.674,0.000,0.326
438000,0.703,0.000,0.297
438500,0.713,0.000,0.287
439000,0.665,0.000,0.335
439500,0.735,0.000,0.265
440000,0.675,0.000,0.325
440500,0.651,0.000,0.349
441000,0.665,0.000,0.335
441500,0.636,0.000,0.364
442000,0.652,0.000,0.348
442500,0.617,0.000,0.383
443000,0.613,0.000,0.387
443500,0.674,0.000,0.326
444000,0.626,0.000,0.374
444500,0.574,0.000,0.426
445000,0.625,0.000,0.375
445500,0.697,0.000,0.303
446000,0.690,0.000,0.310
446500,0.708,0.000,0.292
447000,0.712,0.000,0.288
447500,0.690,0.000,0.310
448000,0.663,0.000,0.337
448500,0.723,0.000,0.277
449000,0.684,0.000,0.316
449500,0.689,0.000,0.311
450000,0.660,0.000,0.340
450500,0.666,0.000,0.334
451000,0.657,0.000,0.343
451500,0.644,0.000,0.356
452000,0.707,0.000,0.293
452500,0.609,0.000,0.391
453000,0.707,0.000,0.293
453500,0.739,0.000,0.261
454000,0.714,0.000,0.286
454500,0.694,0.000,0.306
455000,0.623,0.000,0.377
455500,0.671,0.000,0.329
456000,0.663,0.000,0.337
456500,0.618,0.000,0.382
457000,0.657,0.000,0.343
457500,0.639,0.000,0.361
458000,0.710,0.000,0.290
458500,0.691,0.000,0.309
459000,0.732,0.000,0.268
459500,0.660,0.000,0.340
460000,0.550,0.000,0.450
460500,0.638,0.000,0.362
461000,0.721,0.000,0.279
461500,0.672,0.000,0.328
462000,0.601,0.000,0.399
462500,0.603,0.000,0.397
463000,0.643,0.000,0.357
463500,0.652,0.000,0.348
464000,0.651,0.000,0.349
464500,0.661,0.000,0.339
465000,0.629,0.000,0.371
465500,0.573,0.000,0.427
466000,0.604,0.000,0.396
466500,0.654,0.000,0.346
467000,0.621,0.000,0.379
467500,0.770,0.000,0.230
468000,0.758,0.000,0.242
468500,0.682,0.000,0.318
469000,0.609,0.000,0.391
469500,0.544,0.000,0.456
470000,0.546,0.000,0.454
470500,0.520,0.000,0.480
471000,0.614,0.000,0.386
471500,0.647,0.000,0.353
472000,0.625,0.000,0.375
472500,0.634,0.000,0.366
473000,0.629,0.000,0.371
473500,0.672,0.000,0.328
474000,0.701,0.000,0.299
474500,0.739,0.000,0.261
475000,0.726,0.000,0.274
475500,0.755,0.000,0.245
476000,0.716,0.000,0.284
476500,0.748,0.000,0.252
477000,0.737,0.000,0.263
477500,0.746,0.000,0.254
478000,0.704,0.000,0.296
478500,0.704,0.000,0.296
479000,0.637,0.000,0.363
479500,0.665,0.000,0.335
480000,0.671,0.000,0.329
480500,0.719,0.000,0.281
481000,0.717,0.000,0.283
481500,0.712,0.000,0.288
482000,0.686,0.000,0.314
482500,0.652,0.000,0.348
483000,0.626,0.000,0.374
483500,0.660,0.000,0.340
484000,0.645,0.000,0.355
484500,0.616,0.000,0.384
485000,0.586,0.000,0.414
485500,0.724,0.000,0.276
486000,0.739,0.000,0.261
486500,0.721,0.000,0.279
487000,0.597,0.000,0.403
487500,0.664,0.000,0.336
488000,0.665,0.000,0.335
488500,0.632,0.000,0.368
489000,0.621,0.000,0.379
489500,0.659,0.000,0.341
490000,0.659,0.000,0.341
490500,0.657,0.000,0.343
491000,0.635,0.000,0.365
491500,0.629,0.000,0.371
492000,0.642,0.000,0.358
492500,0.636,0.000,0.364
493000,0.635,0.000,0.365
493500,0.667,0.000,0.333
494000,0.657,0.000,0.343
494500,0.708,0.000,0.292
495000,0.679,0.000,0.321
495500,0.688,0.000,0.312
496000,0.638,0.000,0.362
496500,0.605,0.000,0.395
497000,0.625,0.000,0.375
497500,0.581,0.000,0.419
498000,0.620,0.000,0.380
498500,0.635,0.000,0.365
499000,0.628,0.000,0.372
499500,0.613,0.000,0.387
500000,0.636,0.000,0.364
500500,0.654,0.000,0.346
501000,0.654,0.000,0.346
501500,0.627,0.000,0.373
502000,0.695,0.000,0.305
502500,0.724,0.000,0.276
503000,0.730,0.000,0.270
503500,0.686,0.000,0.314
504000,0.605,0.000,0.395
504500,0.535,0.000,0.465
505000,0.623,0.000,0.377
505500,0.566,0.000,0.434
506000,0.600,0.000,0.400
506500,0.543,0.000,0.457
507000,0.546,0.000,0.454
507500,0.558,0.000,0.442
508000,0.663,0.000,0.337
508500,0.672,0.000,0.328
509000,0.680,0.000,0.320
509500,0.696,0.000,0.304
510000,0.645,0.000,0.355
510500,0.699,0.000,0.301
511000,0.771,0.000,0.229
511500,0.813,0.000,0.187
512000,0.802,0.000,0.198
512500,0.778,0.000,0.222
513000,0.806,0.000,0.194
513500,0.720,0.000,0.280
514000,0.660,0.000,0.340
514500,0.624,0.000,0.376
515000,0.586,0.000,0.414
515500,0.666,0.000,0.334
516000,0.696,0.000,0.304
516500,0.660,0.000,0.340
517000,0.596,0.000,0.404
517500,0.653,0.000,0.347
518000,0.576,0.000,0.424
518500,0.557,0.000,0.443
519000,0.558,0.000,0.442
519500,0.605,0.000,0.395
520000,0.622,0.000,0.378
520500,0.672,0.000,0.328
521000,0.653,0.000,0.347
521500,0.701,0.000,0.299
522000,0.746,0.000,0.254
522500,0.769,0.000,0.231
523000,0.766,0.000,0.234
523500,0.698,0.000,0.302
524000,0.671,0.000,0.329
524500,0.629,0.000,0.371
525000,0.669,0.000,0.331
525500,0.627,0.000,0.373
526000,0.634,0.000,0.366
526500,0.625,0.000,0.375
527000,0.598,0.000,0.402
527500,0.648,0.000,0.352
528000,0.709,0.000,0.291
528500,0.649,0.000,0.351
529000,0.537,0.000,0.463
529500,0.588,0.000,0.412
530000,0.668,0.000,0.332
530500,0.705,0.000,0.295
531000,0.669,0.000,0.331
531500,0.627,0.000,0.373
532000,0.601,0.000,0.399
532500,0.666,0.000,0.334
533000,0.705,0.000,0.295
533500,0.685,0.000,0.315
534000,0.676,0.000,0.324
534500,0.726,0.000,0.274
535000,0.721,0.000,0.279
535500,0.678,0.000,0.322
536000,0.702,0.000,0.298
536500,0.648,0.000,0.352
537000,0.685,0.000,0.315
537500,0.750,0.000,0.250
538000,0.730,0.000,0.270
538500,0.762,0.000,0.238
539000,0.776,0.000,0.224
539500,0.803,0.000,0.197
540000,0.836,0.000,0.164
540500,0.837,0.000,0.163
541000,0.863,0.000,0.137
541500,0.863,0.000,0.137
542000,0.821,0.000,0.179
542500,0.775,0.000,0.225
543000,0.792,0.000,0.208
543500,0.744,0.000,0.256
544000,0.701,0.000,0.299
544500,0.620,0.000,0.380
545000,0.653,0.000,0.347
545500,0.704,0.000,0.296
546000,0.693,0.000,0.307
546500,0.691,0.000,0.309
547000,0.624,0.000,0.376
547500,0.666,0.000,0.334
548000,0.662,0.000,0.338
548500,0.668,0.000,0.332
549000,0.701,0.000,0.299
549500,0.654,0.000,0.346
550000,0.675,0.000,0.325
550500,0.694,0.000,0.306
551000,0.688,0.000,0.312
551500,0.679,0.000,0.321
552000,0.675,0.000,0.325
552500,0.633,0.000,0.367
553000,0.599,0.000,0.401
553500,0.628,0.000,0.372
554000,0.688,0.000,0.312
554500,0.701,0.000,0.299
555000,0.676,0.000,0.324
555500,0.665,0.000,0.335
556000,0.705,0.000,0.295
556500,0.743,0.000,0.257
557000,0.729,0.000,0.271
557500,0.648,0.000,0.352
558000,0.576,0.000,0.424
558500,0.684,0.000,0.316
559000,0.702,0.000,0.298
559500,0.770,0.000,0.230
560000,0.745,0.000,0.255
560500,0.789,0.000,0.211
561000,0.793,0.000,0.207
561500,0.717,0.000,0.283
562000,0.707,0.000,0.293
562500,0.709,0.000,0.291
563000,0.670,0.000,0.330
563500,0.677,0.000,0.323
564000,0.693,0.000,0.307
564500,0.708,0.000,0.292
565000,0.682,0.000,0.318
565500,0.698,0.000,0.302
566000,0.611,0.000,0.389
566500,0.610,0.000,0.390
567000,0.635,0.000,0.365
567500,0.627,0.000,0.373
568000,0.673,0.000,0.327
568500,0.600,0.000,0.400
569000,0.528,0.000,0.472
569500,0.558,0.000,0.442
570000,0.623,0.000,0.377
570500,0.674,0.000,0.326
571000,0.738,0.000,0.262
571500,0.703,0.000,0.297
572000,0.749,0.000,0.251
572500,0.715,0.000,0.285
573000,0.718,0.000,0.282
573500,0.660,0.000,0.340
574000,0.654,0.000,0.346
574500,0.697,0.000,0.303
575000,0.762,0.000,0.238
575500,0.751,0.000,0.249
576000,0.752,0.000,0.248
576500,0.701,0.000,0.299
577000,0.678,0.000,0.322
577500,0.671,0.000,0.329
578000,0.634,0.000,0.366
578500,0.625,0.000,0.375
579000,0.676,0.000,0.324
579500,0.700,0.000,0.300
580000,0.686,0.000,0.314
580500,0.669,0.000,0.331
581000,0.644,0.000,0.356
581500,0.680,0.000,0.320
582000,0.682,0.000,0.318
582500,0.649,0.000,0.351
583000,0.668,0.000,0.332
583500,0.592,0.000,0.408
584000,0.644,0.000,0.356
584500,0.634,0.000,0.366
585000,0.692,0.000,0.308
585500,0.680,0.000,0.320
586000,0.663,0.000,0.337
586500,0.672,0.000,0.328
587000,0.685,0.000,0.315
587500,0.685,0.000,0.315
588000,0.732,0.000,0.268
588500,0.674,0.000,0.326
589000,0.673,0.000,0.327
589500,0.632,0.000,0.368
590000,0.603,0.000,0.397
590500,0.584,0.000,0.416
591000,0.623,0.000,0.377
591500,0.649,0.000,0.351
592000,0.611,0.000,0.389
592500,0.677,0.000,0.323
593000,0.662,0.000,0.338
593500,0.681,0.000,0.319
594000,0.664,0.000,0.336
594500,0.638,0.000,0.362
595000,0.663,0.000,0.337
595500,0.728,0.000,0.272
596000,0.639,0.000,0.361
596500,0.750,0.000,0.250
597000,0.771,0.000,0.229
597500,0.764,0.000,0.236
598000,0.734,0.000,0.266
598500,0.681,0.000,0.319
599000,0.631,0.000,0.369
599500,0.604,0.000,0.396
600000,0.650,0.000,0.350
600500,0.627,0.000,0.373
601000,0.585,0.000,0.415
601500,0.589,0.000,0.411
602000,0.649,0.000,0.351
602500,0.725,0.000,0.275
603000,0.744,0.000,0.256
603500,0.771,0.000,0.229
604000,0.765,0.000,0.235
604500,0.729,0.000,0.271
605000,0.743,0.000,0.257
605500,0.800,0.000,0.200
606000,0.762,0.000,0.238
606500,0.684,0.000,0.316
607000,0.729,0.000,0.271
607500,0.685,0.000,0.315
608000,0.659,0.000,0.341
608500,0.639,0.000,0.361
609000,0.653,0.000,0.347
609500,0.695,0.000,0.305
610000,0.691,0.000,0.309
610500,0.746,0.000,0.254
611000,0.755,0.000,0.245
611500,0.786,0.000,0.214
612000,0.761,0.000,0.239
612500,0.742,0.000,0.258
613000,0.751,0.000,0.249
613500,0.713,0.000,0.287
614000,0.624,0.000,0.376
614500,0.600,0.000,0.400
615000,0.568,0.000,0.432
615500,0.523,0.000,0.477
616000,0.618,0.000,0.382
616500,0.623,0.000,0.377
617000,0.664,0.000,0.336
617500,0.646,0.000,0.354
618000,0.684,0.000,0.316
618500,0.693,0.000,0.307
619000,0.740,0.000,0.260
619500,0.710,0.000,0.290
620000,0.676,0.000,0.324
620500,0.718,0.000,0.282
621000,0.805,0.000,0.195
621500,0.777,0.000,0.223
622000,0.734,0.000,0.266
622500,0.684,0.000,0.316
623000,0.661,0.000,0.339
623500,0.655,0.000,0.345
624000,0.567,0.000,0.433
624500,0.555,0.000,0.445
625000,0.670,0.000,0.330
625500,0.691,0.000,0.309
626000,0.659,0.000,0.341
626500,0.718,0.000,0.282
627000,0.665,0.000,0.335
627500,0.760,0.000,0.240
628000,0.718,0.000,0.282
628500,0.720,0.000,0.280
629000,0.726,0.000,0.274
629500,0.692,0.000,0.308
630000,0.713,0.000,0.287
630500,0.711,0.000,0.289
631000,0.765,0.000,0.235
631500,0.775,0.000,0.225
632000,0.721,0.000,0.279
632500,0.692,0.000,0.308
633000,0.697,0.000,0.303
633500,0.761,0.000,0.239
634000,0.728,0.000,0.272
634500,0.711,0.000,0.289
635000,0.690,0.000,0.310
635500,0.617,0.000,0.383
636000,0.736,0.000,0.264
636500,0.690,0.000,0.310
637000,0.718,0.000,0.282
637500,0.712,0.000,0.288
638000,0.771,0.000,0.229
638500,0.783,0.000,0.217
639000,0.767,0.000,0.233
639500,0.739,0.000,0.261
640000,0.674,0.000,0.326
640500,0.636,0.000,0.364
641000,0.652,0.000,0.348
641500,0.703,0.000,0.297
642000,0.790,0.000,0.210
642500,0.743,0.000,0.257
643000,0.756,0.000,0.244
643500,0.790,0.000,0.210
644000,0.824,0.000,0.176
644500,0.778,0.000,0.222
645000,0.761,0.000,0.239
645500,0.719,0.000,0.281
646000,0.686,0.000,0.314
646500,0.595,0.000,0.405
647000,0.625,0.000,0.375
647500,0.644,0.000,0.356
648000,0.625,0.000,0.375
648500,0.664,0.000,0.336
649000,0.632,0.000,0.368
649500,0.603,0.000,0.397
650000,0.599,0.000,0.401
650500,0.625,0.000,0.375
651000,0.626,0.000,0.374
651500,0.605,0.000,0.395
652000,0.643,0.000,0.357
652500,0.725,0.000,0.275
653000,0.709,0.000,0.291
653500,0.744,0.000,0.256
654000,0.739,0.000,0.261
654500,0.650,0.000,0.350
655000,0.648,0.000,0.352
655500,0.679,0.000,0.321
656000,0.645,0.000,0.355
656500,0.660,0.000,0.340
657000,0.604,0.000,0.396
657500,0.615,0.000,0.385
658000,0.631,0.000,0.369
658500,0.661,0.000,0.339
659000,0.708,0.000,0.292
659500,0.709,0.000,0.291
660000,0.685,0.000,0.315
660500,0.708,0.000,0.292
661000,0.744,0.000,0.256
661500,0.740,0.000,0.260
662000,0.771,0.000,0.229
662500,0.779,0.000,0.221
663000,0.836,0.000,0.164
663500,0.742,0.000,0.258
664000,0.757,0.000,0.243
664500,0.767,0.000,0.233
665000,0.759,0.000,0.241
665500,0.774,0.000,0.226
666000,0.771,0.000,0.229
666500,0.753,0.000,0.247
667000,0.679,0.000,0.321
667500,0.695,0.000,0.305
668000,0.667,0.000,0.333
668500,0.655,0.000,0.345
669000,0.603,0.000,0.397
669500,0.619,0.000,0.381
670000,0.601,0.000,0.399
670500,0.602,0.000,0.398
671000,0.544,0.000,0.456
671500,0.573,0.000,0.427
672000,0.637,0.000,0.363
672500,0.754,0.000,0.246
673000,0.757,0.000,0.243
673500,0.779,0.000,0.221
674000,0.736,0.000,0.264
674500,0.683,0.000,0.317
675000,0.692,0.000,0.308
675500,0.624,0.000,0.376
676000,0.614,0.000,0.386
676500,0.631,0.000,0.369
677000,0.670,0.000,0.330
677500,0.669,0.000,0.331
678000,0.649,0.000,0.351
678500,0.658,0.000,0.342
679000,0.665,0.000,0.335
679500,0.660,0.000,0.340
680000,0.699,0.000,0.301
680500,0.605,0.000,0.395
681000,0.707,0.000,0.293
681500,0.738,0.000,0.262
682000,0.722,0.000,0.278
682500,0.742,0.000,0.258
683000,0.663,0.000,0.337
683500,0.720,0.000,0.280
684000,0.672,0.000,0.328
684500,0.614,0.000,0.386
685000,0.678,0.000,0.322
685500,0.667,0.000,0.333
686000,0.603,0.000,0.397
686500,0.529,0.000,0.471
687000,0.656,0.000,0.344
687500,0.616,0.000,0.384
688000,0.644,0.000,0.356
688500,0.676,0.000,0.324
689000,0.734,0.000,0.266
689500,0.751,0.000,0.249
690000,0.764,0.000,0.236
690500,0.731,0.000,0.269
691000,0.767,0.000,0.233
691500,0.741,0.000,0.259
692000,0.714,0.000,0.286
692500,0.682,0.000,0.318
693000,0.693,0.000,0.307
693500,0.612,0.000,0.388
694000,0.622,0.000,0.378
694500,0.648,0.000,0.352
695000,0.633,0.000,0.367
695500,0.719,0.000,0.281
696000,0.669,0.000,0.331
696500,0.642,0.000,0.358
697000,0.676,0.000,0.324
697500,0.667,0.000,0.333
698000,0.608,0.000,0.392
698500,0.711,0.000,0.289
699000,0.654,0.000,0.346
699500,0.615,0.000,0.385
700000,0.614,0.000,0.386
700500,0.627,0.000,0.373
701000,0.649,0.000,0.351
701500,0.624,0.000,0.376
702000,0.689,0.000,0.311
702500,0.665,0.000,0.335
703000,0.684,0.000,0.316
703500,0.726,0.000,0.274
704000,0.663,0.000,0.337
704500,0.652,0.000,0.348
705000,0.664,0.000,0.336
705500,0.666,0.000,0.334
706000,0.636,0.000,0.364
706500,0.724,0.000,0.276
707000,0.674,0.000,0.326
707500,0.703,0.000,0.297
708000,0.708,0.000,0.292
708500,0.643,0.000,0.357
709000,0.630,0.000,0.370
709500,0.664,0.000,0.336
710000,0.692,0.000,0.308
710500,0.639,0.000,0.361
711000,0.646,0.000,0.354
711500,0.593,0.000,0.407
712000,0.631,0.000,0.369
712500,0.643,0.000,0.357
713000,0.614,0.000,0.386
713500,0.598,0.000,0.402
714000,0.662,0.000,0.338
714500,0.673,0.000,0.327
715000,0.735,0.000,0.265
715500,0.761,0.000,0.239
716000,0.743,0.000,0.257
716500,0.736,0.000,0.264
717000,0.754,0.000,0.246
717500,0.771,0.000,0.229
718000,0.760,0.000,0.240
718500,0.815,0.000,0.185
719000,0.791,0.000,0.209
719500,0.718,0.000,0.282
720000,0.707,0.000,0.293
720500,0.734,0.000,0.266
721000,0.655,0.000,0.345
721500,0.673,0.000,0.327
722000,0.656,0.000,0.344
722500,0.627,0.000,0.373
723000,0.704,0.000,0.296
723500,0.673,0.000,0.327
724000,0.722,0.000,0.278
724500,0.688,0.000,0.312
725000,0.677,0.000,0.323
725500,0.650,0.000,0.350
726000,0.700,0.000,0.300
726500,0.624,0.000,0.376
727000,0.655,0.000,0.345
727500,0.703,0.000,0.297
728000,0.676,0.000,0.324
728500,0.641,0.000,0.359
729000,0.748,0.000,0.252
729500,0.764,0.000,0.236
730000,0.715,0.000,0.285
730500,0.708,0.000,0.292
731000,0.648,0.000,0.352
731500,0.671,0.000,0.329
732000,0.632,0.000,0.368
732500,0.576,0.000,0.424
733000,0.670,0.000,0.330
733500,0.661,0.000,0.339
734000,0.635,0.000,0.365
734500,0.641,0.000,0.359
735000,0.590,0.000,0.410
735500,0.684,0.000,0.316
736000,0.683,0.000,0.317
736500,0.675,0.000,0.325
737000,0.673,0.000,0.327
737500,0.714,0.000,0.286
738000,0.742,0.000,0.258
738500,0.834,0.000,0.166
739000,0.848,0.000,0.152
739500,0.841,0.000,0.159
740000,0.766,0.000,0.234
740500,0.703,0.000,0.297
741000,0.698,0.000,0.302
741500,0.697,0.000,0.303
742000,0.631,0.000,0.369
742500,0.651,0.000,0.349
743000,0.698,0.000,0.302
743500,0.635,0.000,0.365
744000,0.732,0.000,0.268
744500,0.755,0.000,0.245
745000,0.772,0.000,0.228
745500,0.727,0.000,0.273
746000,0.728,0.000,0.272
746500,0.709,0.000,0.291
747000,0.667,0.000,0.333
747500,0.581,0.000,0.419
748000,0.602,0.000,0.398
748500,0.517,0.000,0.483
749000,0.559,0.000,0.441
749500,0.597,0.000,0.403
750000,0.613,0.000,0.387
750500,0.550,0.000,0.450
751000,0.570,0.000,0.430
751500,0.681,0.000,0.319
752000,0.712,0.000,0.288
752500,0.694,0.000,0.306
753000,0.700,0.000,0.300
753500,0.676,0.000,0.324
754000,0.703,0.000,0.297
754500,0.705,0.000,0.295
755000,0.730,0.000,0.270
755500,0.713,0.000,0.287
756000,0.731,0.000,0.269
756500,0.778,0.000,0.222
757000,0.762,0.000,0.238
757500,0.723,0.000,0.277
758000,0.690,0.000,0.310
758500,0.683,0.000,0.317
759000,0.762,0.000,0.238
759500,0.756,0.000,0.244
760000,0.792,0.000,0.208
760500,0.816,0.000,0.184
761000,0.812,0.000,0.188
761500,0.826,0.000,0.174
762000,0.834,0.000,0.166
762500,0.810,0.000,0.190
763000,0.743,0.000,0.257
763500,0.729,0.000,0.271
764000,0.729,0.000,0.271
764500,0.814,0.000,0.186
765000,0.796,0.000,0.204
765500,0.797,0.000,0.203
766000,0.724,0.000,0.276
766500,0.704,0.000,0.296
767000,0.752,0.000,0.248
767500,0.689,0.000,0.311
768000,0.619,0.000,0.381
768500,0.602,0.000,0.398
769000,0.624,0.000,0.376
769500,0.632,0.000,0.368
770000,0.686,0.000,0.314
770500,0.769,0.000,0.231
771000,0.796,0.000,0.204
771500,0.782,0.000,0.218
772000,0.723,0.000,0.277
772500,0.658,0.000,0.342
773000,0.685,0.000,0.315
773500,0.690,0.000,0.310
774000,0.644,0.000,0.356
774500,0.661,0.000,0.339
775000,0.603,0.000,0.397
775500,0.598,0.000,0.402
776000,0.641,0.000,0.359
776500,0.582,0.000,0.418
777000,0.552,0.000,0.448
777500,0.602,0.000,0.398
778000,0.597,0.000,0.403
778500,0.702,0.000,0.298
779000,0.678,0.000,0.322
779500,0.690,0.000,0.310
780000,0.662,0.000,0.338
780500,0.645,0.000,0.355
781000,0.641,0.000,0.359
781500,0.656,0.000,0.344
782000,0.662,0.000,0.338
782500,0.639,0.000,0.361
783000,0.608,0.000,0.392
783500,0.608,0.000,0.392
784000,0.617,0.000,0.383
784500,0.693,0.000,0.307
785000,0.673,0.000,0.327
785500,0.659,0.000,0.341
786000,0.639,0.000,0.361
786500,0.597,0.000,0.403
787000,0.685,0.000,0.315
787500,0.689,0.000,0.311
788000,0.746,0.000,0.254
788500,0.709,0.000,0.291
789000,0.751,0.000,0.249
789500,0.676,0.000,0.324
790000,0.702,0.000,0.298
790500,0.654,0.000,0.346
791000,0.678,0.000,0.322
791500,0.662,0.000,0.338
792000,0.655,0.000,0.345
792500,0.684,0.000,0.316
793000,0.759,0.000,0.241
793500,0.717,0.000,0.283
794000,0.730,0.000,0.270
794500,0.704,0.000,0.296
795000,0.672,0.000,0.328
795500,0.727,0.000,0.273
796000,0.708,0.000,0.292
796500,0.752,0.000,0.248
797000,0.763,0.000,0.237
797500,0.739,0.000,0.261
798000,0.737,0.000,0.263
798500,0.756,0.000,0.244
799000,0.736,0.000,0.264
799500,0.730,0.000,0.270
800000,0.735,0.000,0.265
800500,0.769,0.000,0.231
801000,0.697,0.000,0.303
801500,0.678,0.000,0.322
802000,0.674,0.000,0.326
802500,0.689,0.000,0.311
803000,0.771,0.000,0.229
803500,0.784,0.000,0.216
804000,0.776,0.000,0.224
804500,0.772,0.000,0.228
805000,0.665,0.000,0.335
805500,0.678,0.000,0.322
806000,0.708,0.000,0.292
806500,0.723,0.000,0.277
807000,0.750,0.000,0.250
807500,0.758,0.000,0.242
808000,0.823,0.000,0.177
808500,0.714,0.000,0.286
809000,0.666,0.000,0.334
809500,0.602,0.000,0.398
810000,0.621,0.000,0.379
810500,0.619,0.000,0.381
811000,0.586,0.000,0.414
811500,0.590,0.000,0.410
812000,0.598,0.000,0.402
812500,0.666,0.000,0.334
813000,0.670,0.000,0.330
813500,0.695,0.000,0.305
814000,0.739,0.000,0.261
814500,0.767,0.000,0.233
815000,0.651,0.000,0.349
815500,0.678,0.000,0.322
816000,0.671,0.000,0.329
816500,0.747,0.000,0.253
817000,0.727,0.000,0.273
817500,0.757,0.000,0.243
818000,0.808,0.000,0.192
818500,0.728,0.000,0.272
819000,0.736,0.000,0.264
819500,0.759,0.000,0.241
820000,0.708,0.000,0.292
820500,0.655,0.000,0.345
821000,0.698,0.000,0.302
821500,0.675,0.000,0.325
822000,0.708,0.000,0.292
822500,0.727,0.000,0.273
823000,0.711,0.000,0.289
823500,0.693,0.000,0.307
824000,0.675,0.000,0.325
824500,0.638,0.000,0.362
825000,0.605,0.000,0.395
825500,0.613,0.000,0.387
826000,0.614,0.000,0.386
826500,0.597,0.000,0.403
827000,0.648,0.000,0.352
827500,0.636,0.000,0.364
828000,0.600,0.000,0.400
828500,0.651,0.000,0.349
829000,0.595,0.000,0.405
829500,0.643,0.000,0.357
830000,0.613,0.000,0.387
830500,0.650,0.000,0.350
831000,0.617,0.000,0.383
831500,0.663,0.000,0.337
832000,0.678,0.000,0.322
832500,0.703,0.000,0.297
833000,0.699,0.000,0.301
833500,0.659,0.000,0.341
834000,0.676,0.000,0.324
834500,0.738,0.000,0.262
835000,0.677,0.000,0.323
835500,0.642,0.000,0.358
836000,0.654,0.000,0.346
836500,0.629,0.000,0.371
837000,0.594,0.000,0.406
837500,0.606,0.000,0.394
838000,0.591,0.000,0.409
838500,0.613,0.000,0.387
839000,0.629,0.000,0.371
839500,0.561,0.000,0.439
840000,0.585,0.000,0.415
840500,0.604,0.000,0.396
841000,0.572,0.000,0.428
841500,0.593,0.000,0.407
842000,0.579,0.000,0.421
842500,0.583,0.000,0.417
843000,0.610,0.000,0.390
843500,0.675,0.000,0.325
844000,0.669,0.000,0.331
844500,0.635,0.000,0.365
845000,0.686,0.000,0.314
845500,0.698,0.000,0.302
846000,0.731,0.000,0.269
846500,0.725,0.000,0.275
847000,0.697,0.000,0.303
847500,0.726,0.000,0.274
848000,0.657,0.000,0.343
848500,0.636,0.000,0.364
849000,0.647,0.000,0.353
849500,0.598,0.000,0.402
850000,0.578,0.000,0.422
850500,0.635,0.000,0.365
851000,0.729,0.000,0.271
851500,0.730,0.000,0.270
852000,0.668,0.000,0.332
852500,0.706,0.000,0.294
853000,0.723,0.000,0.277
853500,0.677,0.000,0.323
854000,0.669,0.000,0.331
854500,0.696,0.000,0.304
855000,0.756,0.000,0.244
855500,0.734,0.000,0.266
856000,0.742,0.000,0.258
856500,0.793,0.000,0.207
857000,0.849,0.000,0.151
857500,0.818,0.000,0.182
858000,0.719,0.000,0.281
858500,0.734,0.000,0.266
859000,0.702,0.000,0.298
859500,0.715,0.000,0.285
860000,0.747,0.000,0.253
860500,0.732,0.000,0.268
861000,0.720,0.000,0.280
861500,0.702,0.000,0.298
862000,0.661,0.000,0.339
862500,0.667,0.000,0.333
863000,0.664,0.000,0.336
863500,0.620,0.000,0.380
864000,0.591,0.000,0.409
864500,0.562,0.000,0.438
865000,0.659,0.000,0.341
865500,0.755,0.000,0.245
866000,0.711,0.000,0.289
866500,0.664,0.000,0.336
867000,0.681,0.000,0.319
867500,0.688,0.000,0.312
868000,0.709,0.000,0.291
868500,0.683,0.000,0.317
869000,0.718,0.000,0.282
869500,0.724,0.000,0.276
870000,0.693,0.000,0.307
870500,0.740,0.000,0.260
871000,0.697,0.000,0.303
871500,0.639,0.000,0.361
872000,0.697,0.000,0.303
872500,0.701,0.000,0.299
873000,0.729,0.000,0.271
873500,0.659,0.000,0.341
874000,0.639,0.000,0.361
874500,0.723,0.000,0.277
875000,0.764,0.000,0.236
875500,0.730,0.000,0.270
876000,0.673,0.000,0.327
876500,0.767,0.000,0.233
877000,0.732,0.000,0.268
877500,0.705,0.000,0.295
878000,0.694,0.000,0.306
878500,0.642,0.000,0.358
879000,0.722,0.000,0.278
879500,0.725,0.000,0.275
880000,0.717,0.000,0.283
880500,0.749,0.000,0.251
881000,0.680,0.000,0.320
881500,0.638,0.000,0.362
882000,0.672,0.000,0.328
882500,0.660,0.000,0.340
883000,0.666,0.000,0.334
883500,0.702,0.000,0.298
884000,0.754,0.000,0.246
884500,0.751,0.000,0.249
885000,0.699,0.000,0.301
885500,0.722,0.000,0.278
886000,0.676,0.000,0.324
886500,0.651,0.000,0.349
887000,0.636,0.000,0.364
887500,0.660,0.000,0.340
888000,0.646,0.000,0.354
888500,0.748,0.000,0.252
889000,0.745,0.000,0.255
889500,0.790,0.000,0.210
890000,0.772,0.000,0.228
890500,0.725,0.000,0.275
891000,0.735,0.000,0.265
891500,0.721,0.000,0.279
892000,0.673,0.000,0.327
892500,0.630,0.000,0.370
893000,0.676,0.000,0.324
893500,0.612,0.000,0.388
894000,0.699,0.000,0.301
894500,0.676,0.000,0.324
895000,0.692,0.000,0.308
895500,0.675,0.000,0.325
896000,0.642,0.000,0.358
896500,0.558,0.000,0.442
897000,0.706,0.000,0.294
897500,0.640,0.000,0.360
898000,0.691,0.000,0.309
898500,0.648,0.000,0.352
899000,0.671,0.000,0.329
899500,0.656,0.000,0.344
900000,0.595,0.000,0.405
900500,0.538,0.000,0.462
901000,0.607,0.000,0.393
901500,0.575,0.000,0.425
902000,0.620,0.000,0.380
902500,0.592,0.000,0.408
903000,0.664,0.000,0.336
903500,0.665,0.000,0.335
904000,0.653,0.000,0.347
904500,0.648,0.000,0.352
905000,0.662,0.000,0.338
905500,0.663,0.000,0.337
906000,0.674,0.000,0.326
906500,0.635,0.000,0.365
907000,0.670,0.000,0.330
907500,0.678,0.000,0.322
908000,0.579,0.000,0.421
908500,0.655,0.000,0.345
909000,0.659,0.000,0.341
909500,0.730,0.000,0.270
910000,0.660,0.000,0.340
910500,0.707,0.000,0.293
911000,0.708,0.000,0.292
911500,0.698,0.000,0.302
912000,0.689,0.000,0.311
912500,0.650,0.000,0.350
913000,0.644,0.000,0.356
913500,0.676,0.000,0.324
914000,0.598,0.000,0.402
914500,0.650,0.000,0.350
915000,0.676,0.000,0.324
915500,0.656,0.000,0.344
916000,0.649,0.000,0.351
916500,0.649,0.000,0.351
917000,0.754,0.000,0.246
917500,0.682,0.000,0.318
918000,0.685,0.000,0.315
918500,0.757,0.000,0.243
919000,0.739,0.000,0.261
919500,0.720,0.000,0.280
920000,0.664,0.000,0.336
920500,0.576,0.000,0.424
921000,0.559,0.000,0.441
921500,0.614,0.000,0.386
922000,0.586,0.000,0.414
922500,0.608,0.000,0.392
923000,0.643,0.000,0.357
923500,0.605,0.000,0.395
924000,0.701,0.000,0.299
924500,0.710,0.000,0.290
925000,0.761,0.000,0.239
925500,0.738,0.000,0.262
926000,0.783,0.000,0.217
926500,0.779,0.000,0.221
927000,0.820,0.000,0.180
927500,0.728,0.000,0.272
928000,0.746,0.000,0.254
928500,0.666,0.000,0.334
929000,0.644,0.000,0.356
929500,0.613,0.000,0.387
930000,0.614,0.000,0.386
930500,0.658,0.000,0.342
931000,0.648,0.000,0.352
931500,0.679,0.000,0.321
932000,0.700,0.000,0.300
932500,0.679,0.000,0.321
933000,0.654,0.000,0.346
933500,0.648,0.000,0.352
934000,0.670,0.000,0.330
934500,0.667,0.000,0.333
935000,0.687,0.000,0.313
935500,0.637,0.000,0.363
936000,0.589,0.000,0.411
936500,0.620,0.000,0.380
937000,0.697,0.000,0.303
937500,0.719,0.000,0.281
938000,0.648,0.000,0.352
938500,0.645,0.000,0.355
939000,0.697,0.000,0.303
939500,0.732,0.000,0.268
940000,0.702,0.000,0.298
940500,0.744,0.000,0.256
941000,0.685,0.000,0.315
941500,0.654,0.000,0.346
942000,0.610,0.000,0.390
942500,0.705,0.000,0.295
943000,0.676,0.000,0.324
943500,0.676,0.000,0.324
944000,0.614,0.000,0.386
944500,0.643,0.000,0.357
945000,0.623,0.000,0.377
945500,0.655,0.000,0.345
946000,0.685,0.000,0.315
946500,0.650,0.000,0.350
947000,0.699,0.000,0.301
947500,0.733,0.000,0.267
948000,0.689,0.000,0.311
948500,0.679,0.000,0.321
949000,0.710,0.000,0.290
949500,0.701,0.000,0.299
950000,0.757,0.000,0.243
950500,0.647,0.000,0.353
951000,0.610,0.000,0.390
951500,0.591,0.000,0.409
952000,0.604,0.000,0.396
952500,0.640,0.000,0.360
953000,0.666,0.000,0.334
953500,0.731,0.000,0.269
954000,0.729,0.000,0.271
954500,0.642,0.000,0.358
955000,0.639,0.000,0.361
955500,0.635,0.000,0.365
956000,0.693,0.000,0.307
956500,0.685,0.000,0.315
957000,0.582,0.000,0.418
957500,0.552,0.000,0.448
958000,0.585,0.000,0.415
958500,0.650,0.000,0.350
959000,0.650,0.000,0.350
959500,0.644,0.000,0.356
960000,0.700,0.000,0.300
960500,0.651,0.000,0.349
961000,0.648,0.000,0.352
961500,0.694,0.000,0.306
962000,0.773,0.000,0.227
962500,0.763,0.000,0.237
963000,0.684,0.000,0.316
963500,0.736,0.000,0.264
964000,0.772,0.000,0.228
964500,0.744,0.000,0.256
965000,0.707,0.000,0.293
965500,0.717,0.000,0.283
966000,0.735,0.000,0.265
966500,0.644,0.000,0.356
967000,0.674,0.000,0.326
967500,0.631,0.000,0.369
968000,0.583,0.000,0.417
968500,0.621,0.000,0.379
969000,0.608,0.000,0.392
969500,0.594,0.000,0.406
970000,0.598,0.000,0.402
970500,0.524,0.000,0.476
971000,0.699,0.000,0.301
971500,0.673,0.000,0.327
972000,0.653,0.000,0.347
972500,0.685,0.000,0.315
973000,0.682,0.000,0.318
973500,0.634,0.000,0.366
974000,0.616,0.000,0.384
974500,0.612,0.000,0.388
975000,0.590,0.000,0.410
975500,0.658,0.000,0.342
976000,0.607,0.000,0.393
976500,0.569,0.000,0.431
977000,0.577,0.000,0.423
977500,0.609,0.000,0.391
978000,0.612,0.000,0.388
978500,0.625,0.000,0.375
979000,0.560,0.000,0.440
979500,0.680,0.000,0.320
980000,0.740,0.000,0.260
980500,0.811,0.000,0.189
981000,0.744,0.000,0.256
981500,0.722,0.000,0.278
982000,0.764,0.000,0.236
982500,0.717,0.000,0.283
983000,0.691,0.000,0.309
983500,0.649,0.000,0.351
984000,0.615,0.000,0.385
984500,0.646,0.000,0.354
985000,0.663,0.000,0.337
985500,0.697,0.000,0.303
986000,0.722,0.000,0.278
986500,0.730,0.000,0.270
987000,0.721,0.000,0.279
987500,0.680,0.000,0.320
988000,0.699,0.000,0.301
988500,0.631,0.000,0.369
989000,0.645,0.000,0.355
989500,0.612,0.000,0.388
990000,0.640,0.000,0.360
990500,0.705,0.000,0.295
991000,0.692,0.000,0.308
991500,0.594,0.000,0.406
992000,0.622,0.000,0.378
992500,0.703,0.000,0.297
993000,0.653,0.000,0.347
993500,0.681,0.000,0.319
994000,0.634,0.000,0.366
994500,0.609,0.000,0.391
995000,0.658,0.000,0.342
995500,0.647,0.000,0.353
996000,0.737,0.000,0.263
996500,0.675,0.000,0.325
997000,0.709,0.000,0.291
997500,0.758,0.000,0.242
998000,0.790,0.000,0.210
998500,0.836,0.000,0.164
999000,0.839,0.000,0.161
999500,0.815,0.000,0.185
1000000,0.807,0.000,0.193
