time,n_A+p,n_B,n_AB
500,0.030,0.676,0.294
1000,0.030,0.648,0.322
1500,0.030,0.505,0.465
2000,0.030,0.650,0.320
2500,0.030,0.527,0.443
3000,0.030,0.625,0.345
3500,0.030,0.589,0.381
4000,0.030,0.483,0.487
4500,0.030,0.731,0.239
5000,0.030,0.578,0.392
5500,0.030,0.526,0.444
6000,0.030,0.612,0.358
6500,0.030,0.623,0.347
7000,0.030,0.563,0.407
7500,0.030,0.635,0.335
8000,0.030,0.610,0.360
8500,0.030,0.450,0.520
9000,0.030,0.693,0.277
9500,0.030,0.379,0.591
10000,0.030,0.572,0.398
10500,0.030,0.389,0.581
11000,0.030,0.600,0.370
11500,0.030,0.553,0.417
12000,0.030,0.449,0.521
12500,0.030,0.624,0.346
13000,0.030,0.739,0.231
13500,0.030,0.804,0.166
14000,0.030,0.651,0.319
14500,0.030,0.543,0.427
15000,0.030,0.422,0.548
15500,0.030,0.797,0.173
16000,0.030,0.556,0.414
16500,0.030,0.752,0.218
17000,0.030,0.781,0.189
17500,0.030,0.595,0.375
18000,0.030,0.523,0.447
18500,0.030,0.690,0.280
19000,0.030,0.565,0.405
19500,0.030,0.334,0.636
20000,0.030,0.469,0.501
20500,0.030,0.437,0.533
21000,0.030,0.482,0.488
21500,0.030,0.467,0.503
22000,0.030,0.411,0.559
22500,0.030,0.587,0.383
23000,0.030,0.442,0.528
23500,0.030,0.513,0.457
24000,0.030,0.431,0.539
24500,0.030,0.748,0.222
25000,0.030,0.676,0.294
25500,0.030,0.623,0.347
26000,0.030,0.501,0.469
26500,0.030,0.533,0.437
27000,0.030,0.698,0.272
27500,0.030,0.549,0.421
28000,0.030,0.597,0.373
28500,0.030,0.566,0.404
29000,0.030,0.678,0.292
29500,0.030,0.525,0.445
30000,0.030,0.476,0.494
30500,0.030,0.577,0.393
31000,0.030,0.633,0.337
31500,0.030,0.618,0.352
32000,0.030,0.444,0.526
32500,0.030,0.449,0.521
33000,0.030,0.677,0.293
33500,0.030,0.595,0.375
34000,0.030,0.456,0.514
34500,0.030,0.733,0.237
35000,0.030,0.692,0.278
35500,0.030,0.665,0.305
36000,0.030,0.665,0.305
36500,0.030,0.599,0.371
37000,0.030,0.407,0.563
37500,0.030,0.491,0.479
38000,0.030,0.662,0.308
38500,0.030,0.699,0.271
39000,0.030,0.499,0.471
39500,0.030,0.604,0.366
40000,0.030,0.529,0.441
40500,0.030,0.578,0.392
41000,0.030,0.638,0.332
41500,0.030,0.487,0.483
42000,0.030,0.392,0.578
42500,0.030,0.552,0.418
43000,0.030,0.639,0.331
43500,0.030,0.645,0.325
44000,0.030,0.763,0.207
44500,0.030,0.701,0.269
45000,0.030,0.548,0.422
45500,0.030,0.600,0.370
46000,0.030,0.477,0.493
46500,0.030,0.485,0.485
47000,0.030,0.484,0.486
47500,0.030,0.691,0.279
48000,0.030,0.441,0.529
48500,0.030,0.610,0.360
49000,0.030,0.534,0.436
49500,0.030,0.391,0.579
50000,0.030,0.520,0.450
50500,0.030,0.555,0.415
51000,0.030,0.724,0.246
51500,0.030,0.616,0.354
52000,0.030,0.522,0.448
52500,0.030,0.421,0.549
53000,0.030,0.564,0.406
53500,0.030,0.521,0.449
54000,0.030,0.487,0.483
54500,0.030,0.539,0.431
55000,0.030,0.452,0.518
55500,0.030,0.321,0.649
56000,0.030,0.368,0.602
56500,0.030,0.603,0.367
57000,0.030,0.569,0.401
57500,0.030,0.658,0.312
58000,0.030,0.575,0.395
58500,0.030,0.586,0.384
59000,0.030,0.557,0.413
59500,0.030,0.587,0.383
60000,0.030,0.622,0.348
60500,0.030,0.666,0.304
61000,0.030,0.664,0.306
61500,0.030,0.489,0.481
62000,0.030,0.572,0.398
62500,0.030,0.555,0.415
63000,0.030,0.831,0.139
63500,0.030,0.618,0.352
64000,0.030,0.637,0.333
64500,0.030,0.709,0.261
65000,0.030,0.682,0.288
65500,0.030,0.718,0.252
66000,0.030,0.526,0.444
66500,0.030,0.571,0.399
67000,0.030,0.670,0.300
67500,0.030,0.579,0.391
68000,0.030,0.768,0.202
68500,0.030,0.651,0.319
69000,0.030,0.667,0.303
69500,0.030,0.744,0.226
70000,0.030,0.640,0.330
70500,0.030,0.655,0.315
71000,0.030,0.616,0.354
71500,0.030,0.611,0.359
72000,0.030,0.487,0.483
72500,0.030,0.541,0.429
73000,0.030,0.547,0.423
73500,0.030,0.578,0.392
74000,0.030,0.527,0.443
74500,0.030,0.590,0.380
75000,0.030,0.535,0.435
75500,0.030,0.605,0.365
76000,0.030,0.725,0.245
76500,0.030,0.772,0.198
77000,0.030,0.683,0.287
77500,0.030,0.555,0.415
78000,0.030,0.591,0.379
78500,0.030,0.631,0.339
79000,0.030,0.600,0.370
79500,0.030,0.589,0.381
80000,0.030,0.547,0.423
80500,0.030,0.526,0.444
81000,0.030,0.603,0.367
81500,0.030,0.594,0.376
82000,0.030,0.604,0.366
82500,0.030,0.619,0.351
83000,0.030,0.647,0.323
83500,0.030,0.625,0.345
84000,0.030,0.594,0.376
84500,0.030,0.659,0.311
85000,0.030,0.490,0.480
85500,0.030,0.556,0.414
86000,0.030,0.498,0.472
86500,0.030,0.695,0.275
87000,0.030,0.627,0.343
87500,0.030,0.600,0.370
88000,0.030,0.635,0.335
88500,0.030,0.520,0.450
89000,0.030,0.561,0.409
89500,0.030,0.604,0.366
90000,0.030,0.714,0.256
90500,0.030,0.498,0.472
91000,0.030,0.621,0.349
91500,0.030,0.681,0.289
92000,0.030,0.461,0.509
92500,0.030,0.693,0.277
93000,0.030,0.611,0.359
93500,0.030,0.680,0.290
94000,0.030,0.579,0.391
94500,0.030,0.524,0.446
95000,0.030,0.736,0.234
95500,0.030,0.636,0.334
96000,0.030,0.499,0.471
96500,0.030,0.566,0.404
97000,0.030,0.785,0.185
97500,0.030,0.483,0.487
98000,0.030,0.502,0.468
98500,0.030,0.594,0.376
99000,0.030,0.588,0.382
99500,0.030,0.478,0.492
100000,0.030,0.716,0.254
100500,0.030,0.593,0.377
101000,0.030,0.691,0.279
101500,0.030,0.541,0.429
102000,0.030,0.576,0.394
102500,0.030,0.551,0.419
103000,0.030,0.622,0.348
103500,0.030,0.540,0.430
104000,0.030,0.515,0.455
104500,0.030,0.504,0.466
105000,0.030,0.511,0.459
105500,0.030,0.663,0.307
106000,0.030,0.686,0.284
106500,0.030,0.853,0.117
107000,0.030,0.484,0.486
107500,0.030,0.540,0.430
108000,0.030,0.606,0.364
108500,0.030,0.421,0.549
109000,0.030,0.660,0.310
109500,0.030,0.621,0.349
110000,0.030,0.718,0.252
110500,0.030,0.624,0.346
111000,0.030,0.661,0.309
111500,0.030,0.579,0.391
112000,0.030,0.746,0.224
112500,0.030,0.662,0.308
113000,0.030,0.651,0.319
113500,0.030,0.528,0.442
114000,0.030,0.514,0.456
114500,0.030,0.515,0.455
115000,0.030,0.565,0.405
115500,0.030,0.510,0.460
116000,0.030,0.576,0.394
116500,0.030,0.546,0.424
117000,0.030,0.685,0.285
117500,0.030,0.592,0.378
118000,0.030,0.706,0.264
118500,0.030,0.614,0.356
119000,0.030,0.766,0.204
119500,0.030,0.767,0.203
120000,0.030,0.516,0.454
120500,0.030,0.522,0.448
121000,0.030,0.512,0.458
121500,0.030,0.727,0.243
122000,0.030,0.532,0.438
122500,0.030,0.659,0.311
123000,0.030,0.619,0.351
123500,0.030,0.565,0.405
124000,0.030,0.752,0.218
124500,0.030,0.744,0.226
125000,0.030,0.710,0.260
125500,0.030,0.642,0.328
126000,0.030,0.518,0.452
126500,0.030,0.570,0.400
127000,0.030,0.563,0.407
127500,0.030,0.764,0.206
128000,0.030,0.618,0.352
128500,0.030,0.597,0.373
129000,0.030,0.593,0.377
129500,0.030,0.517,0.453
130000,0.030,0.584,0.386
130500,0.030,0.494,0.476
131000,0.030,0.500,0.470
131500,0.030,0.524,0.446
132000,0.030,0.559,0.411
132500,0.030,0.566,0.404
133000,0.030,0.678,0.292
133500,0.030,0.682,0.288
134000,0.030,0.775,0.195
134500,0.030,0.563,0.407
135000,0.030,0.466,0.504
135500,0.030,0.465,0.505
136000,0.030,0.592,0.378
136500,0.030,0.544,0.426
137000,0.030,0.641,0.329
137500,0.030,0.471,0.499
138000,0.030,0.444,0.526
138500,0.030,0.526,0.444
139000,0.030,0.585,0.385
139500,0.030,0.465,0.505
140000,0.030,0.492,0.478
140500,0.030,0.447,0.523
141000,0.030,0.539,0.431
141500,0.030,0.615,0.355
142000,0.030,0.598,0.372
142500,0.030,0.606,0.364
143000,0.030,0.409,0.561
143500,0.030,0.535,0.435
144000,0.030,0.557,0.413
144500,0.030,0.735,0.235
145000,0.030,0.419,0.551
145500,0.030,0.604,0.366
146000,0.030,0.476,0.494
146500,0.030,0.552,0.418
147000,0.030,0.511,0.459
147500,0.030,0.666,0.304
148000,0.030,0.628,0.342
148500,0.030,0.704,0.266
149000,0.030,0.577,0.393
149500,0.030,0.724,0.246
150000,0.030,0.493,0.477
150500,0.030,0.532,0.438
151000,0.030,0.644,0.326
151500,0.030,0.788,0.182
152000,0.030,0.648,0.322
152500,0.030,0.584,0.386
153000,0.030,0.619,0.351
153500,0.030,0.621,0.349
154000,0.030,0.566,0.404
154500,0.030,0.413,0.557
155000,0.030,0.595,0.375
155500,0.030,0.660,0.310
156000,0.030,0.593,0.377
156500,0.030,0.621,0.349
157000,0.030,0.610,0.360
157500,0.030,0.660,0.310
158000,0.030,0.652,0.318
158500,0.030,0.668,0.302
159000,0.030,0.773,0.197
159500,0.030,0.742,0.228
160000,0.030,0.709,0.261
160500,0.030,0.637,0.333
161000,0.030,0.693,0.277
161500,0.030,0.494,0.476
162000,0.030,0.522,0.448
162500,0.030,0.746,0.224
163000,0.030,0.660,0.310
163500,0.030,0.712,0.258
164000,0.030,0.668,0.302
164500,0.030,0.434,0.536
165000,0.030,0.637,0.333
165500,0.030,0.593,0.377
166000,0.030,0.618,0.352
166500,0.030,0.680,0.290
167000,0.030,0.651,0.319
167500,0.030,0.523,0.447
168000,0.030,0.614,0.356
168500,0.030,0.448,0.522
169000,0.030,0.639,0.331
169500,0.030,0.649,0.321
170000,0.030,0.494,0.476
170500,0.030,0.494,0.476
171000,0.030,0.529,0.441
171500,0.030,0.540,0.430
172000,0.030,0.638,0.332
172500,0.030,0.659,0.311
173000,0.030,0.572,0.398
173500,0.030,0.422,0.548
174000,0.030,0.668,0.302
174500,0.030,0.619,0.351
175000,0.030,0.587,0.383
175500,0.030,0.666,0.304
176000,0.030,0.523,0.447
176500,0.030,0.592,0.378
177000,0.030,0.524,0.446
177500,0.030,0.538,0.432
178000,0.030,0.569,0.401
178500,0.030,0.670,0.300
179000,0.030,0.768,0.202
179500,0.030,0.519,0.451
180000,0.030,0.559,0.411
180500,0.030,0.559,0.411
181000,0.030,0.621,0.349
181500,0.030,0.651,0.319
182000,0.030,0.540,0.430
182500,0.030,0.582,0.388
183000,0.030,0.544,0.426
183500,0.030,0.515,0.455
184000,0.030,0.587,0.383
184500,0.030,0.671,0.299
185000,0.030,0.598,0.372
185500,0.030,0.487,0.483
186000,0.030,0.619,0.351
186500,0.030,0.544,0.426
187000,0.030,0.604,0.366
187500,0.030,0.783,0.187
188000,0.030,0.547,0.423
188500,0.030,0.634,0.336
189000,0.030,0.661,0.309
189500,0.030,0.636,0.334
190000,0.030,0.702,0.268
190500,0.030,0.696,0.274
191000,0.030,0.644,0.326
191500,0.030,0.642,0.328
192000,0.030,0.455,0.515
192500,0.030,0.603,0.367
193000,0.030,0.766,0.204
193500,0.030,0.629,0.341
194000,0.030,0.594,0.376
194500,0.030,0.652,0.318
195000,0.030,0.544,0.426
195500,0.030,0.628,0.342
196000,0.030,0.608,0.362
196500,0.030,0.607,0.363
197000,0.030,0.775,0.195
197500,0.030,0.713,0.257
198000,0.030,0.603,0.367
198500,0.030,0.710,0.260
199000,0.030,0.678,0.292
199500,0.030,0.595,0.375
200000,0.030,0.748,0.222
200500,0.030,0.531,0.439
201000,0.030,0.509,0.461
201500,0.030,0.277,0.693
202000,0.030,0.316,0.654
202500,0.030,0.738,0.232
203000,0.030,0.575,0.395
203500,0.030,0.510,0.460
204000,0.030,0.668,0.302
204500,0.030,0.480,0.490
205000,0.030,0.541,0.429
205500,0.030,0.686,0.284
206000,0.030,0.598,0.372
206500,0.030,0.722,0.248
207000,0.030,0.636,0.334
207500,0.030,0.493,0.477
208000,0.030,0.643,0.327
208500,0.030,0.588,0.382
209000,0.030,0.612,0.358
209500,0.030,0.450,0.520
210000,0.030,0.653,0.317
210500,0.030,0.642,0.328
211000,0.030,0.666,0.304
211500,0.030,0.744,0.226
212000,0.030,0.651,0.319
212500,0.030,0.596,0.374
213000,0.030,0.727,0.243
213500,0.030,0.708,0.262
214000,0.030,0.390,0.580
214500,0.030,0.694,0.276
215000,0.030,0.384,0.586
215500,0.030,0.650,0.320
216000,0.030,0.547,0.423
216500,0.030,0.593,0.377
217000,0.030,0.658,0.312
217500,0.030,0.604,0.366
218000,0.030,0.524,0.446
218500,0.030,0.591,0.379
219000,0.030,0.485,0.485
219500,0.030,0.627,0.343
220000,0.030,0.571,0.399
220500,0.030,0.487,0.483
221000,0.030,0.651,0.319
221500,0.030,0.771,0.199
222000,0.030,0.474,0.496
222500,0.030,0.564,0.406
223000,0.030,0.685,0.285
223500,0.030,0.725,0.245
224000,0.030,0.625,0.345
224500,0.030,0.435,0.535
225000,0.030,0.731,0.239
225500,0.030,0.527,0.443
226000,0.030,0.538,0.432
226500,0.030,0.417,0.553
227000,0.030,0.531,0.439
227500,0.030,0.650,0.320
228000,0.030,0.634,0.336
228500,0.030,0.604,0.366
229000,0.030,0.409,0.561
229500,0.030,0.652,0.318
230000,0.030,0.514,0.456
230500,0.030,0.706,0.264
231000,0.030,0.602,0.368
231500,0.030,0.720,0.250
232000,0.030,0.590,0.380
232500,0.030,0.400,0.570
233000,0.030,0.748,0.222
233500,0.030,0.668,0.302
234000,0.030,0.638,0.332
234500,0.030,0.584,0.386
235000,0.030,0.591,0.379
235500,0.030,0.479,0.491
236000,0.030,0.742,0.228
236500,0.030,0.721,0.249
237000,0.030,0.610,0.360
237500,0.030,0.479,0.491
238000,0.030,0.593,0.377
238500,0.030,0.520,0.450
239000,0.030,0.530,0.440
239500,0.030,0.626,0.344
240000,0.030,0.508,0.462
240500,0.030,0.580,0.390
241000,0.030,0.526,0.444
241500,0.030,0.684,0.286
242000,0.030,0.449,0.521
242500,0.030,0.541,0.429
243000,0.030,0.395,0.575
243500,0.030,0.662,0.308
244000,0.030,0.779,0.191
244500,0.030,0.692,0.278
245000,0.030,0.426,0.544
245500,0.030,0.544,0.426
246000,0.030,0.511,0.459
246500,0.030,0.496,0.474
247000,0.030,0.568,0.402
247500,0.030,0.611,0.359
248000,0.030,0.647,0.323
248500,0.030,0.691,0.279
249000,0.030,0.418,0.552
249500,0.030,0.475,0.495
250000,0.030,0.523,0.447
250500,0.030,0.510,0.460
251000,0.030,0.590,0.380
251500,0.030,0.605,0.365
252000,0.030,0.756,0.214
252500,0.030,0.567,0.403
253000,0.030,0.747,0.223
253500,0.030,0.533,0.437
254000,0.030,0.839,0.131
254500,0.030,0.638,0.332
255000,0.030,0.429,0.541
255500,0.030,0.579,0.391
256000,0.030,0.513,0.457
256500,0.030,0.513,0.457
257000,0.030,0.534,0.436
257500,0.030,0.555,0.415
258000,0.030,0.568,0.402
258500,0.030,0.627,0.343
259000,0.030,0.654,0.316
259500,0.030,0.597,0.373
260000,0.030,0.564,0.406
260500,0.030,0.731,0.239
261000,0.030,0.542,0.428
261500,0.030,0.604,0.366
262000,0.030,0.695,0.275
262500,0.030,0.584,0.386
263000,0.030,0.493,0.477
263500,0.030,0.692,0.278
264000,0.030,0.474,0.496
264500,0.030,0.466,0.504
265000,0.030,0.560,0.410
265500,0.030,0.660,0.310
266000,0.030,0.498,0.472
266500,0.030,0.585,0.385
267000,0.030,0.451,0.519
267500,0.030,0.564,0.406
268000,0.030,0.520,0.450
268500,0.030,0.553,0.417
269000,0.030,0.585,0.385
269500,0.030,0.649,0.321
270000,0.030,0.491,0.479
270500,0.030,0.615,0.355
271000,0.030,0.550,0.420
271500,0.030,0.469,0.501
272000,0.030,0.684,0.286
272500,0.030,0.615,0.355
273000,0.030,0.571,0.399
273500,0.030,0.553,0.417
274000,0.030,0.483,0.487
274500,0.030,0.611,0.359
275000,0.030,0.490,0.480
275500,0.030,0.590,0.380
276000,0.030,0.527,0.443
276500,0.030,0.688,0.282
277000,0.030,0.652,0.318
277500,0.030,0.555,0.415
278000,0.030,0.687,0.283
278500,0.030,0.558,0.412
279000,0.030,0.607,0.363
279500,0.030,0.516,0.454
280000,0.030,0.440,0.530
280500,0.030,0.697,0.273
281000,0.030,0.473,0.497
281500,0.030,0.765,0.205
282000,0.030,0.530,0.440
282500,0.030,0.470,0.500
283000,0.030,0.757,0.213
283500,0.030,0.495,0.475
284000,0.030,0.617,0.353
284500,0.030,0.577,0.393
285000,0.030,0.488,0.482
285500,0.030,0.527,0.443
286000,0.030,0.658,0.312
286500,0.030,0.727,0.243
287000,0.030,0.708,0.262
287500,0.030,0.722,0.248
288000,0.030,0.592,0.378
288500,0.030,0.605,0.365
289000,0.030,0.450,0.520
289500,0.030,0.454,0.516
290000,0.030,0.609,0.361
290500,0.030,0.673,0.297
291000,0.030,0.641,0.329
291500,0.030,0.629,0.341
292000,0.030,0.663,0.307
292500,0.030,0.482,0.488
293000,0.030,0.645,0.325
293500,0.030,0.728,0.242
294000,0.030,0.545,0.425
294500,0.030,0.599,0.371
295000,0.030,0.601,0.369
295500,0.030,0.741,0.229
296000,0.030,0.656,0.314
296500,0.030,0.686,0.284
297000,0.030,0.717,0.253
297500,0.030,0.529,0.441
298000,0.030,0.317,0.653
298500,0.030,0.632,0.338
299000,0.030,0.640,0.330
299500,0.030,0.537,0.433
300000,0.030,0.594,0.376
300500,0.030,0.641,0.329
301000,0.030,0.599,0.371
301500,0.030,0.415,0.555
302000,0.030,0.542,0.428
302500,0.030,0.563,0.407
303000,0.030,0.626,0.344
303500,0.030,0.593,0.377
304000,0.030,0.540,0.430
304500,0.030,0.562,0.408
305000,0.030,0.606,0.364
305500,0.030,0.681,0.289
306000,0.030,0.684,0.286
306500,0.030,0.444,0.526
307000,0.030,0.669,0.301
307500,0.030,0.465,0.505
308000,0.030,0.506,0.464
308500,0.030,0.611,0.359
309000,0.030,0.712,0.258
309500,0.030,0.596,0.374
310000,0.030,0.576,0.394
310500,0.030,0.746,0.224
311000,0.030,0.597,0.373
311500,0.030,0.539,0.431
312000,0.030,0.424,0.546
312500,0.030,0.784,0.186
313000,0.030,0.565,0.405
313500,0.030,0.600,0.370
314000,0.030,0.675,0.295
314500,0.030,0.677,0.293
315000,0.030,0.627,0.343
315500,0.030,0.562,0.408
316000,0.030,0.434,0.536
316500,0.030,0.632,0.338
317000,0.030,0.575,0.395
317500,0.030,0.541,0.429
318000,0.030,0.538,0.432
318500,0.030,0.515,0.455
319000,0.030,0.516,0.454
319500,0.030,0.653,0.317
320000,0.030,0.599,0.371
320500,0.030,0.572,0.398
321000,0.030,0.791,0.179
321500,0.030,0.505,0.465
322000,0.030,0.737,0.233
322500,0.030,0.560,0.410
323000,0.030,0.765,0.205
323500,0.030,0.708,0.262
324000,0.030,0.676,0.294
324500,0.030,0.495,0.475
325000,0.030,0.817,0.153
325500,0.030,0.685,0.285
326000,0.030,0.512,0.458
326500,0.030,0.518,0.452
327000,0.030,0.574,0.396
327500,0.030,0.451,0.519
328000,0.030,0.546,0.424
328500,0.030,0.649,0.321
329000,0.030,0.725,0.245
329500,0.030,0.382,0.588
330000,0.030,0.463,0.507
330500,0.030,0.822,0.148
331000,0.030,0.808,0.162
331500,0.030,0.491,0.479
332000,0.030,0.690,0.280
332500,0.030,0.577,0.393
333000,0.030,0.534,0.436
333500,0.030,0.467,0.503
334000,0.030,0.574,0.396
334500,0.030,0.428,0.542
335000,0.030,0.695,0.275
335500,0.030,0.663,0.307
336000,0.030,0.643,0.327
336500,0.030,0.511,0.459
337000,0.030,0.383,0.587
337500,0.030,0.643,0.327
338000,0.030,0.494,0.476
338500,0.030,0.599,0.371
339000,0.030,0.658,0.312
339500,0.030,0.493,0.477
340000,0.030,0.607,0.363
340500,0.030,0.561,0.409
341000,0.030,0.568,0.402
341500,0.030,0.765,0.205
342000,0.030,0.628,0.342
342500,0.030,0.708,0.262
343000,0.030,0.572,0.398
343500,0.030,0.700,0.270
344000,0.030,0.551,0.419
344500,0.030,0.641,0.329
345000,0.030,0.589,0.381
345500,0.030,0.475,0.495
346000,0.030,0.654,0.316
346500,0.030,0.540,0.430
347000,0.030,0.523,0.447
347500,0.030,0.369,0.601
348000,0.030,0.662,0.308
348500,0.030,0.497,0.473
349000,0.030,0.564,0.406
349500,0.030,0.776,0.194
350000,0.030,0.516,0.454
350500,0.030,0.626,0.344
351000,0.030,0.653,0.317
351500,0.030,0.613,0.357
352000,0.030,0.545,0.425
352500,0.030,0.495,0.475
353000,0.030,0.566,0.404
353500,0.030,0.470,0.500
354000,0.030,0.658,0.312
354500,0.030,0.343,0.627
355000,0.030,0.651,0.319
355500,0.030,0.586,0.384
356000,0.030,0.619,0.351
356500,0.030,0.665,0.305
357000,0.030,0.517,0.453
357500,0.030,0.510,0.460
358000,0.030,0.729,0.241
358500,0.030,0.515,0.455
359000,0.030,0.699,0.271
359500,0.030,0.526,0.444
360000,0.030,0.634,0.336
360500,0.030,0.659,0.311
361000,0.030,0.507,0.463
361500,0.030,0.687,0.283
362000,0.030,0.664,0.306
362500,0.030,0.869,0.101
363000,0.030,0.560,0.410
363500,0.030,0.672,0.298
364000,0.030,0.694,0.276
364500,0.030,0.443,0.527
365000,0.030,0.572,0.398
365500,0.030,0.429,0.541
366000,0.030,0.534,0.436
366500,0.030,0.669,0.301
367000,0.030,0.496,0.474
367500,0.030,0.593,0.377
368000,0.030,0.579,0.391
368500,0.030,0.647,0.323
369000,0.030,0.632,0.338
369500,0.030,0.639,0.331
370000,0.030,0.535,0.435
370500,0.030,0.565,0.405
371000,0.030,0.499,0.471
371500,0.030,0.489,0.481
372000,0.030,0.566,0.404
372500,0.030,0.489,0.481
373000,0.030,0.572,0.398
373500,0.030,0.588,0.382
374000,0.030,0.493,0.477
374500,0.030,0.521,0.449
375000,0.030,0.440,0.530
375500,0.030,0.570,0.400
376000,0.030,0.638,0.332
376500,0.030,0.579,0.391
377000,0.030,0.562,0.408
377500,0.030,0.477,0.493
378000,0.030,0.736,0.234
378500,0.030,0.706,0.264
379000,0.030,0.458,0.512
379500,0.030,0.640,0.330
380000,0.030,0.727,0.243
380500,0.030,0.642,0.328
381000,0.030,0.392,0.578
381500,0.030,0.711,0.259
382000,0.030,0.508,0.462
382500,0.030,0.735,0.235
383000,0.030,0.499,0.471
383500,0.030,0.634,0.336
384000,0.030,0.541,0.429
384500,0.030,0.379,0.591
385000,0.030,0.386,0.584
385500,0.030,0.548,0.422
386000,0.030,0.630,0.340
386500,0.030,0.655,0.315
387000,0.030,0.598,0.372
387500,0.030,0.606,0.364
388000,0.030,0.535,0.435
388500,0.030,0.732,0.238
389000,0.030,0.592,0.378
389500,0.030,0.636,0.334
390000,0.030,0.657,0.313
390500,0.030,0.743,0.227
391000,0.030,0.735,0.235
391500,0.030,0.498,0.472
392000,0.030,0.518,0.452
392500,0.030,0.663,0.307
393000,0.030,0.681,0.289
393500,0.030,0.743,0.227
394000,0.030,0.575,0.395
394500,0.030,0.484,0.486
395000,0.030,0.542,0.428
395500,0.030,0.509,0.461
396000,0.030,0.673,0.297
396500,0.030,0.565,0.405
397000,0.030,0.614,0.356
397500,0.030,0.650,0.320
398000,0.030,0.570,0.400
398500,0.030,0.501,0.469
399000,0.030,0.763,0.207
399500,0.030,0.798,0.172
400000,0.030,0.582,0.388
400500,0.030,0.670,0.300
401000,0.030,0.538,0.432
401500,0.030,0.586,0.384
402000,0.030,0.366,0.604
402500,0.030,0.537,0.433
403000,0.030,0.535,0.435
403500,0.030,0.478,0.492
404000,0.030,0.502,0.468
404500,0.030,0.694,0.276
405000,0.030,0.584,0.386
405500,0.030,0.504,0.466
406000,0.030,0.656,0.314
406500,0.030,0.648,0.322
407000,0.030,0.646,0.324
407500,0.030,0.470,0.500
408000,0.030,0.516,0.454
408500,0.030,0.542,0.428
409000,0.030,0.517,0.453
409500,0.030,0.736,0.234
410000,0.030,0.575,0.395
410500,0.030,0.650,0.320
411000,0.030,0.553,0.417
411500,0.030,0.668,0.302
412000,0.030,0.575,0.395
412500,0.030,0.512,0.458
413000,0.030,0.554,0.416
413500,0.030,0.420,0.550
414000,0.030,0.568,0.402
414500,0.030,0.587,0.383
415000,0.030,0.598,0.372
415500,0.030,0.574,0.396
416000,0.030,0.506,0.464
416500,0.030,0.416,0.554
417000,0.030,0.709,0.261
417500,0.030,0.663,0.307
418000,0.030,0.714,0.256
418500,0.030,0.659,0.311
419000,0.030,0.556,0.414
419500,0.030,0.619,0.351
420000,0.030,0.692,0.278
420500,0.030,0.697,0.273
421000,0.030,0.608,0.362
421500,0.030,0.482,0.488
422000,0.030,0.586,0.384
422500,0.030,0.630,0.340
423000,0.030,0.577,0.393
423500,0.030,0.459,0.511
424000,0.030,0.626,0.344
424500,0.030,0.699,0.271
425000,0.030,0.614,0.356
425500,0.030,0.572,0.398
426000,0.030,0.556,0.414
426500,0.030,0.522,0.448
427000,0.030,0.368,0.602
427500,0.030,0.586,0.384
428000,0.030,0.541,0.429
428500,0.030,0.473,0.497
429000,0.030,0.458,0.512
429500,0.030,0.508,0.462
430000,0.030,0.694,0.276
430500,0.030,0.667,0.303
431000,0.030,0.648,0.322
431500,0.030,0.756,0.214
432000,0.030,0.740,0.230
432500,0.030,0.570,0.400
433000,0.030,0.403,0.567
433500,0.030,0.393,0.577
434000,0.030,0.665,0.305
434500,0.030,0.563,0.407
435000,0.030,0.638,0.332
435500,0.030,0.665,0.305
436000,0.030,0.623,0.347
436500,0.030,0.620,0.350
437000,0.030,0.532,0.438
437500,0.030,0.456,0.514
438000,0.030,0.556,0.414
438500,0.030,0.547,0.423
439000,0.030,0.505,0.465
439500,0.030,0.648,0.322
440000,0.030,0.571,0.399
440500,0.030,0.457,0.513
441000,0.030,0.662,0.308
441500,0.030,0.518,0.452
442000,0.030,0.503,0.467
442500,0.030,0.556,0.414
443000,0.030,0.399,0.571
443500,0.030,0.497,0.473
444000,0.030,0.544,0.426
444500,0.030,0.433,0.537
445000,0.030,0.610,0.360
445500,0.030,0.728,0.242
446000,0.030,0.629,0.341
446500,0.030,0.572,0.398
447000,0.030,0.666,0.304
447500,0.030,0.566,0.404
448000,0.030,0.432,0.538
448500,0.030,0.428,0.542
449000,0.030,0.609,0.361
449500,0.030,0.510,0.460
450000,0.030,0.714,0.256
450500,0.030,0.835,0.135
451000,0.030,0.619,0.351
451500,0.030,0.831,0.139
452000,0.030,0.483,0.487
452500,0.030,0.627,0.343
453000,0.030,0.546,0.424
453500,0.030,0.812,0.158
454000,0.030,0.606,0.364
454500,0.030,0.525,0.445
455000,0.030,0.613,0.357
455500,0.030,0.619,0.351
456000,0.030,0.667,0.303
456500,0.030,0.580,0.390
457000,0.030,0.464,0.506
457500,0.030,0.371,0.599
458000,0.030,0.471,0.499
458500,0.030,0.631,0.339
459000,0.030,0.628,0.342
459500,0.030,0.657,0.313
460000,0.030,0.569,0.401
460500,0.030,0.679,0.291
461000,0.030,0.546,0.424
461500,0.030,0.565,0.405
462000,0.030,0.534,0.436
462500,0.030,0.658,0.312
463000,0.030,0.616,0.354
463500,0.030,0.532,0.438
464000,0.030,0.478,0.492
464500,0.030,0.594,0.376
465000,0.030,0.594,0.376
465500,0.030,0.688,0.282
466000,0.030,0.599,0.371
466500,0.030,0.478,0.492
467000,0.030,0.570,0.400
467500,0.030,0.762,0.208
468000,0.030,0.643,0.327
468500,0.030,0.431,0.539
469000,0.030,0.481,0.489
469500,0.030,0.510,0.460
470000,0.030,0.720,0.250
470500,0.030,0.505,0.465
471000,0.030,0.493,0.477
471500,0.030,0.625,0.345
472000,0.030,0.665,0.305
472500,0.030,0.523,0.447
473000,0.030,0.522,0.448
473500,0.030,0.566,0.404
474000,0.030,0.599,0.371
474500,0.030,0.565,0.405
475000,0.030,0.651,0.319
475500,0.030,0.502,0.468
476000,0.030,0.583,0.387
476500,0.030,0.802,0.168
477000,0.030,0.605,0.365
477500,0.030,0.646,0.324
478000,0.030,0.517,0.453
478500,0.030,0.571,0.399
479000,0.030,0.757,0.213
479500,0.030,0.550,0.420
480000,0.030,0.684,0.286
480500,0.030,0.806,0.164
481000,0.030,0.631,0.339
481500,0.030,0.558,0.412
482000,0.030,0.526,0.444
482500,0.030,0.440,0.530
483000,0.030,0.580,0.390
483500,0.030,0.527,0.443
484000,0.030,0.672,0.298
484500,0.030,0.594,0.376
485000,0.030,0.538,0.432
485500,0.030,0.602,0.368
486000,0.030,0.571,0.399
486500,0.030,0.576,0.394
487000,0.030,0.646,0.324
487500,0.030,0.679,0.291
488000,0.030,0.604,0.366
488500,0.030,0.605,0.365
489000,0.030,0.601,0.369
489500,0.030,0.570,0.400
490000,0.030,0.502,0.468
490500,0.030,0.611,0.359
491000,0.030,0.565,0.405
491500,0.030,0.502,0.468
492000,0.030,0.562,0.408
492500,0.030,0.517,0.453
493000,0.030,0.526,0.444
493500,0.030,0.555,0.415
494000,0.030,0.617,0.353
494500,0.030,0.416,0.554
495000,0.030,0.631,0.339
495500,0.030,0.413,0.557
496000,0.030,0.791,0.179
496500,0.030,0.524,0.446
497000,0.030,0.559,0.411
497500,0.030,0.615,0.355
498000,0.030,0.674,0.296
498500,0.030,0.560,0.410
499000,0.030,0.618,0.352
499500,0.030,0.471,0.499
500000,0.030,0.541,0.429
500500,0.030,0.493,0.477
501000,0.030,0.567,0.403
501500,0.030,0.470,0.500
502000,0.030,0.574,0.396
502500,0.030,0.860,0.110
503000,0.030,0.657,0.313
503500,0.030,0.619,0.351
504000,0.030,0.555,0.415
504500,0.030,0.549,0.421
505000,0.030,0.646,0.324
505500,0.030,0.700,0.270
506000,0.030,0.578,0.392
506500,0.030,0.572,0.398
507000,0.030,0.594,0.376
507500,0.030,0.414,0.556
508000,0.030,0.524,0.446
508500,0.030,0.550,0.420
509000,0.030,0.669,0.301
509500,0.030,0.660,0.310
510000,0.030,0.580,0.390
510500,0.030,0.494,0.476
511000,0.030,0.662,0.308
511500,0.030,0.504,0.466
512000,0.030,0.668,0.302
512500,0.030,0.749,0.221
513000,0.030,0.694,0.276
513500,0.030,0.588,0.382
514000,0.030,0.534,0.436
514500,0.030,0.556,0.414
515000,0.030,0.552,0.418
515500,0.030,0.521,0.449
516000,0.030,0.695,0.275
516500,0.030,0.592,0.378
517000,0.030,0.584,0.386
517500,0.030,0.443,0.527
518000,0.030,0.544,0.426
518500,0.030,0.714,0.256
519000,0.030,0.545,0.425
519500,0.030,0.508,0.462
520000,0.030,0.594,0.376
520500,0.030,0.429,0.541
521000,0.030,0.552,0.418
521500,0.030,0.641,0.329
522000,0.030,0.436,0.534
522500,0.030,0.749,0.221
523000,0.030,0.462,0.508
523500,0.030,0.439,0.531
524000,0.030,0.438,0.532
524500,0.030,0.540,0.430
525000,0.030,0.601,0.369
525500,0.030,0.660,0.310
526000,0.030,0.542,0.428
526500,0.030,0.575,0.395
527000,0.030,0.551,0.419
527500,0.030,0.725,0.245
528000,0.030,0.599,0.371
528500,0.030,0.531,0.439
529000,0.030,0.579,0.391
529500,0.030,0.467,0.503
530000,0.030,0.744,0.226
530500,0.030,0.615,0.355
531000,0.030,0.455,0.515
531500,0.030,0.705,0.265
532000,0.030,0.466,0.504
532500,0.030,0.492,0.478
533000,0.030,0.576,0.394
533500,0.030,0.708,0.262
534000,0.030,0.628,0.342
534500,0.030,0.521,0.449
535000,0.030,0.527,0.443
535500,0.030,0.617,0.353
536000,0.030,0.596,0.374
536500,0.030,0.654,0.316
537000,0.030,0.542,0.428
537500,0.030,0.599,0.371
538000,0.030,0.760,0.210
538500,0.030,0.758,0.212
539000,0.030,0.623,0.347
539500,0.030,0.570,0.400
540000,0.030,0.450,0.520
540500,0.030,0.675,0.295
541000,0.030,0.508,0.462
541500,0.030,0.574,0.396
542000,0.030,0.621,0.349
542500,0.030,0.472,0.498
543000,0.030,0.583,0.387
543500,0.030,0.708,0.262
544000,0.030,0.489,0.481
544500,0.030,0.484,0.486
545000,0.030,0.535,0.435
545500,0.030,0.634,0.336
546000,0.030,0.695,0.275
546500,0.030,0.605,0.365
547000,0.030,0.586,0.384
547500,0.030,0.553,0.417
548000,0.030,0.497,0.473
548500,0.030,0.658,0.312
549000,0.030,0.782,0.188
549500,0.030,0.617,0.353
550000,0.030,0.588,0.382
550500,0.030,0.587,0.383
551000,0.030,0.610,0.360
551500,0.030,0.660,0.310
552000,0.030,0.452,0.518
552500,0.030,0.596,0.374
553000,0.030,0.778,0.192
553500,0.030,0.732,0.238
554000,0.030,0.429,0.541
554500,0.030,0.452,0.518
555000,0.030,0.512,0.458
555500,0.030,0.794,0.176
556000,0.030,0.663,0.307
556500,0.030,0.507,0.463
557000,0.030,0.544,0.426
557500,0.030,0.637,0.333
558000,0.030,0.652,0.318
558500,0.030,0.547,0.423
559000,0.030,0.682,0.288
559500,0.030,0.528,0.442
560000,0.030,0.525,0.445
560500,0.030,0.486,0.484
561000,0.030,0.624,0.346
561500,0.030,0.469,0.501
562000,0.030,0.743,0.227
562500,0.030,0.523,0.447
563000,0.030,0.538,0.432
563500,0.030,0.552,0.418
564000,0.030,0.559,0.411
564500,0.030,0.407,0.563
565000,0.030,0.453,0.517
565500,0.030,0.631,0.339
566000,0.030,0.683,0.287
566500,0.030,0.688,0.282
567000,0.030,0.601,0.369
567500,0.030,0.689,0.281
568000,0.030,0.499,0.471
568500,0.030,0.525,0.445
569000,0.030,0.534,0.436
569500,0.030,0.339,0.631
570000,0.030,0.371,0.599
570500,0.030,0.737,0.233
571000,0.030,0.594,0.376
571500,0.030,0.553,0.417
572000,0.030,0.465,0.505
572500,0.030,0.702,0.268
573000,0.030,0.339,0.631
573500,0.030,0.626,0.344
574000,0.030,0.629,0.341
574500,0.030,0.704,0.266
575000,0.030,0.609,0.361
575500,0.030,0.578,0.392
576000,0.030,0.696,0.274
576500,0.030,0.493,0.477
577000,0.030,0.372,0.598
577500,0.030,0.659,0.311
578000,0.030,0.544,0.426
578500,0.030,0.575,0.395
579000,0.030,0.470,0.500
579500,0.030,0.648,0.322
580000,0.030,0.513,0.457
580500,0.030,0.444,0.526
581000,0.030,0.402,0.568
581500,0.030,0.475,0.495
582000,0.030,0.617,0.353
582500,0.030,0.530,0.440
583000,0.030,0.535,0.435
583500,0.030,0.525,0.445
584000,0.030,0.498,0.472
584500,0.030,0.678,0.292
585000,0.030,0.630,0.340
585500,0.030,0.673,0.297
586000,0.030,0.417,0.553
586500,0.030,0.576,0.394
587000,0.030,0.730,0.240
587500,0.030,0.584,0.386
588000,0.030,0.553,0.417
588500,0.030,0.602,0.368
589000,0.030,0.497,0.473
589500,0.030,0.567,0.403
590000,0.030,0.653,0.317
590500,0.030,0.662,0.308
591000,0.030,0.582,0.388
591500,0.030,0.480,0.490
592000,0.030,0.546,0.424
592500,0.030,0.423,0.547
593000,0.030,0.549,0.421
593500,0.030,0.704,0.266
594000,0.030,0.506,0.464
594500,0.030,0.514,0.456
595000,0.030,0.443,0.527
595500,0.030,0.481,0.489
596000,0.030,0.452,0.518
596500,0.030,0.512,0.458
597000,0.030,0.717,0.253
597500,0.030,0.708,0.262
598000,0.030,0.525,0.445
598500,0.030,0.585,0.385
599000,0.030,0.534,0.436
599500,0.030,0.456,0.514
600000,0.030,0.532,0.438
600500,0.030,0.766,0.204
601000,0.030,0.531,0.439
601500,0.030,0.638,0.332
602000,0.030,0.770,0.200
602500,0.030,0.488,0.482
603000,0.030,0.538,0.432
603500,0.030,0.662,0.308
604000,0.030,0.407,0.563
604500,0.030,0.596,0.374
605000,0.030,0.629,0.341
605500,0.030,0.473,0.497
606000,0.030,0.728,0.242
606500,0.030,0.545,0.425
607000,0.030,0.442,0.528
607500,0.030,0.423,0.547
608000,0.030,0.516,0.454
608500,0.030,0.286,0.684
609000,0.030,0.510,0.460
609500,0.030,0.539,0.431
610000,0.030,0.464,0.506
610500,0.030,0.474,0.496
611000,0.030,0.436,0.534
611500,0.030,0.740,0.230
612000,0.030,0.685,0.285
612500,0.030,0.584,0.386
613000,0.030,0.462,0.508
613500,0.030,0.500,0.470
614000,0.030,0.484,0.486
614500,0.030,0.395,0.575
615000,0.030,0.633,0.337
615500,0.030,0.513,0.457
616000,0.030,0.565,0.405
616500,0.030,0.378,0.592
617000,0.030,0.423,0.547
617500,0.030,0.741,0.229
618000,0.030,0.520,0.450
618500,0.030,0.523,0.447
619000,0.030,0.503,0.467
619500,0.030,0.572,0.398
620000,0.030,0.613,0.357
620500,0.030,0.628,0.342
621000,0.030,0.547,0.423
621500,0.030,0.434,0.536
622000,0.030,0.651,0.319
622500,0.030,0.704,0.266
623000,0.030,0.388,0.582
623500,0.030,0.371,0.599
624000,0.030,0.607,0.363
624500,0.030,0.711,0.259
625000,0.030,0.624,0.346
625500,0.030,0.592,0.378
626000,0.030,0.523,0.447
626500,0.030,0.462,0.508
627000,0.030,0.544,0.426
627500,0.030,0.523,0.447
628000,0.030,0.545,0.425
628500,0.030,0.535,0.435
629000,0.030,0.583,0.387
629500,0.030,0.539,0.431
630000,0.030,0.502,0.468
630500,0.030,0.542,0.428
631000,0.030,0.540,0.430
631500,0.030,0.606,0.364
632000,0.030,0.531,0.439
632500,0.030,0.739,0.231
633000,0.030,0.782,0.188
633500,0.030,0.541,0.429
634000,0.030,0.366,0.604
634500,0.030,0.729,0.241
635000,0.030,0.492,0.478
635500,0.030,0.516,0.454
636000,0.030,0.581,0.389
636500,0.030,0.437,0.533
637000,0.030,0.686,0.284
637500,0.030,0.663,0.307
638000,0.030,0.652,0.318
638500,0.030,0.585,0.385
639000,0.030,0.641,0.329
639500,0.030,0.585,0.385
640000,0.030,0.573,0.397
640500,0.030,0.570,0.400
641000,0.030,0.681,0.289
641500,0.030,0.635,0.335
642000,0.030,0.574,0.396
642500,0.030,0.591,0.379
643000,0.030,0.640,0.330
643500,0.030,0.512,0.458
644000,0.030,0.491,0.479
644500,0.030,0.595,0.375
645000,0.030,0.569,0.401
645500,0.030,0.628,0.342
646000,0.030,0.534,0.436
646500,0.030,0.620,0.350
647000,0.030,0.775,0.195
647500,0.030,0.731,0.239
648000,0.030,0.532,0.438
648500,0.030,0.321,0.649
649000,0.030,0.494,0.476
649500,0.030,0.442,0.528
650000,0.030,0.597,0.373
650500,0.030,0.585,0.385
651000,0.030,0.584,0.386
651500,0.030,0.482,0.488
652000,0.030,0.510,0.460
652500,0.030,0.363,0.607
653000,0.030,0.619,0.351
653500,0.030,0.691,0.279
654000,0.030,0.317,0.653
654500,0.030,0.435,0.535
655000,0.030,0.700,0.270
655500,0.030,0.542,0.428
656000,0.030,0.587,0.383
656500,0.030,0.547,0.423
657000,0.030,0.758,0.212
657500,0.030,0.580,0.390
658000,0.030,0.556,0.414
658500,0.030,0.751,0.219
659000,0.030,0.603,0.367
659500,0.030,0.482,0.488
660000,0.030,0.675,0.295
660500,0.030,0.655,0.315
661000,0.030,0.694,0.276
661500,0.030,0.385,0.585
662000,0.030,0.432,0.538
662500,0.030,0.470,0.500
663000,0.030,0.534,0.436
663500,0.030,0.685,0.285
664000,0.030,0.609,0.361
664500,0.030,0.582,0.388
665000,0.030,0.565,0.405
665500,0.030,0.611,0.359
666000,0.030,0.770,0.200
666500,0.030,0.616,0.354
667000,0.030,0.565,0.405
667500,0.030,0.647,0.323
668000,0.030,0.688,0.282
668500,0.030,0.389,0.581
669000,0.030,0.682,0.288
669500,0.030,0.731,0.239
670000,0.030,0.557,0.413
670500,0.030,0.564,0.406
671000,0.030,0.521,0.449
671500,0.030,0.504,0.466
672000,0.030,0.620,0.350
672500,0.030,0.634,0.336
673000,0.030,0.561,0.409
673500,0.030,0.454,0.516
674000,0.030,0.509,0.461
674500,0.030,0.643,0.327
675000,0.030,0.768,0.202
675500,0.030,0.620,0.350
676000,0.030,0.508,0.462
676500,0.030,0.375,0.595
677000,0.030,0.510,0.460
677500,0.030,0.660,0.310
678000,0.030,0.507,0.463
678500,0.030,0.403,0.567
679000,0.030,0.440,0.530
679500,0.030,0.553,0.417
680000,0.030,0.659,0.311
680500,0.030,0.690,0.280
681000,0.030,0.581,0.389
681500,0.030,0.559,0.411
682000,0.030,0.417,0.553
682500,0.030,0.506,0.464
683000,0.030,0.558,0.412
683500,0.030,0.454,0.516
684000,0.030,0.722,0.248
684500,0.030,0.501,0.469
685000,0.030,0.533,0.437
685500,0.030,0.617,0.353
686000,0.030,0.645,0.325
686500,0.030,0.387,0.583
687000,0.030,0.412,0.558
687500,0.030,0.482,0.488
688000,0.030,0.570,0.400
688500,0.030,0.579,0.391
689000,0.030,0.772,0.198
689500,0.030,0.443,0.527
690000,0.030,0.510,0.460
690500,0.030,0.643,0.327
691000,0.030,0.678,0.292
691500,0.030,0.683,0.287
692000,0.030,0.537,0.433
692500,0.030,0.472,0.498
693000,0.030,0.676,0.294
693500,0.030,0.522,0.448
694000,0.030,0.649,0.321
694500,0.030,0.607,0.363
695000,0.030,0.733,0.237
695500,0.030,0.659,0.311
696000,0.030,0.421,0.549
696500,0.030,0.497,0.473
697000,0.030,0.594,0.376
697500,0.030,0.620,0.350
698000,0.030,0.637,0.333
698500,0.030,0.496,0.474
699000,0.030,0.448,0.522
699500,0.030,0.763,0.207
700000,0.030,0.617,0.353
700500,0.030,0.584,0.386
701000,0.030,0.291,0.679
701500,0.030,0.580,0.390
702000,0.030,0.731,0.239
702500,0.030,0.699,0.271
703000,0.030,0.612,0.358
703500,0.030,0.496,0.474
704000,0.030,0.495,0.475
704500,0.030,0.566,0.404
705000,0.030,0.569,0.401
705500,0.030,0.582,0.388
706000,0.030,0.432,0.538
706500,0.030,0.428,0.542
707000,0.030,0.565,0.405
707500,0.030,0.679,0.291
708000,0.030,0.511,0.459
708500,0.030,0.508,0.462
709000,0.030,0.613,0.357
709500,0.030,0.631,0.339
710000,0.030,0.547,0.423
710500,0.030,0.364,0.606
711000,0.030,0.539,0.431
711500,0.030,0.659,0.311
712000,0.030,0.711,0.259
712500,0.030,0.381,0.589
713000,0.030,0.458,0.512
713500,0.030,0.551,0.419
714000,0.030,0.499,0.471
714500,0.030,0.519,0.451
715000,0.030,0.398,0.572
715500,0.030,0.377,0.593
716000,0.030,0.535,0.435
716500,0.030,0.556,0.414
717000,0.030,0.449,0.521
717500,0.030,0.790,0.180
718000,0.030,0.560,0.410
718500,0.030,0.679,0.291
719000,0.030,0.554,0.416
719500,0.030,0.540,0.430
720000,0.030,0.571,0.399
720500,0.030,0.500,0.470
721000,0.030,0.730,0.240
721500,0.030,0.663,0.307
722000,0.030,0.589,0.381
722500,0.030,0.775,0.195
723000,0.030,0.624,0.346
723500,0.030,0.469,0.501
724000,0.030,0.402,0.568
724500,0.030,0.595,0.375
725000,0.030,0.702,0.268
725500,0.030,0.628,0.342
726000,0.030,0.499,0.471
726500,0.030,0.637,0.333
727000,0.030,0.755,0.215
727500,0.030,0.716,0.254
728000,0.030,0.534,0.436
728500,0.030,0.438,0.532
729000,0.030,0.582,0.388
729500,0.030,0.516,0.454
730000,0.030,0.548,0.422
730500,0.030,0.577,0.393
731000,0.030,0.545,0.425
731500,0.030,0.663,0.307
732000,0.030,0.565,0.405
732500,0.030,0.503,0.467
733000,0.030,0.650,0.320
733500,0.030,0.471,0.499
734000,0.030,0.823,0.147
734500,0.030,0.611,0.359
735000,0.030,0.467,0.503
735500,0.030,0.698,0.272
736000,0.030,0.555,0.415
736500,0.030,0.674,0.296
737000,0.030,0.668,0.302
737500,0.030,0.549,0.421
738000,0.030,0.651,0.319
738500,0.030,0.648,0.322
739000,0.030,0.531,0.439
739500,0.030,0.632,0.338
740000,0.030,0.537,0.433
740500,0.030,0.533,0.437
741000,0.030,0.442,0.528
741500,0.030,0.412,0.558
742000,0.030,0.490,0.480
742500,0.030,0.566,0.404
743000,0.030,0.626,0.344
743500,0.030,0.396,0.574
744000,0.030,0.583,0.387
744500,0.030,0.501,0.469
745000,0.030,0.545,0.425
745500,0.030,0.492,0.478
746000,0.030,0.646,0.324
746500,0.030,0.472,0.498
747000,0.030,0.532,0.438
747500,0.030,0.554,0.416
748000,0.030,0.511,0.459
748500,0.030,0.527,0.443
749000,0.030,0.587,0.383
749500,0.030,0.459,0.511
750000,0.030,0.625,0.345
750500,0.030,0.655,0.315
751000,0.030,0.734,0.236
751500,0.030,0.848,0.122
752000,0.030,0.583,0.387
752500,0.030,0.495,0.475
753000,0.030,0.565,0.405
753500,0.030,0.536,0.434
754000,0.030,0.636,0.334
754500,0.030,0.561,0.409
755000,0.030,0.683,0.287
755500,0.030,0.624,0.346
756000,0.030,0.466,0.504
756500,0.030,0.714,0.256
757000,0.030,0.658,0.312
757500,0.030,0.550,0.420
758000,0.030,0.670,0.300
758500,0.030,0.530,0.440
759000,0.030,0.616,0.354
759500,0.030,0.650,0.320
760000,0.030,0.782,0.188
760500,0.030,0.731,0.239
761000,0.030,0.528,0.442
761500,0.030,0.450,0.520
762000,0.030,0.570,0.400
762500,0.030,0.775,0.195
763000,0.030,0.640,0.330
763500,0.030,0.602,0.368
764000,0.030,0.649,0.321
764500,0.030,0.769,0.201
765000,0.030,0.556,0.414
765500,0.030,0.442,0.528
766000,0.030,0.363,0.607
766500,0.030,0.712,0.258
767000,0.030,0.846,0.124
767500,0.030,0.658,0.312
768000,0.030,0.578,0.392
768500,0.030,0.277,0.693
769000,0.030,0.587,0.383
769500,0.030,0.493,0.477
770000,0.030,0.648,0.322
770500,0.030,0.776,0.194
771000,0.030,0.571,0.399
771500,0.030,0.490,0.480
772000,0.030,0.516,0.454
772500,0.030,0.442,0.528
773000,0.030,0.527,0.443
773500,0.030,0.555,0.415
774000,0.030,0.690,0.280
774500,0.030,0.602,0.368
775000,0.030,0.592,0.378
775500,0.030,0.599,0.371
776000,0.030,0.570,0.400
776500,0.030,0.716,0.254
777000,0.030,0.509,0.461
777500,0.030,0.690,0.280
778000,0.030,0.597,0.373
778500,0.030,0.499,0.471
779000,0.030,0.553,0.417
779500,0.030,0.694,0.276
780000,0.030,0.676,0.294
780500,0.030,0.487,0.483
781000,0.030,0.505,0.465
781500,0.030,0.549,0.421
782000,0.030,0.585,0.385
782500,0.030,0.438,0.532
783000,0.030,0.593,0.377
783500,0.030,0.686,0.284
784000,0.030,0.454,0.516
784500,0.030,0.634,0.336
785000,0.030,0.588,0.382
785500,0.030,0.808,0.162
786000,0.030,0.538,0.432
786500,0.030,0.759,0.211
787000,0.030,0.807,0.163
787500,0.030,0.679,0.291
788000,0.030,0.446,0.524
788500,0.030,0.461,0.509
789000,0.030,0.610,0.360
789500,0.030,0.635,0.335
790000,0.030,0.567,0.403
790500,0.030,0.648,0.322
791000,0.030,0.596,0.374
791500,0.030,0.527,0.443
792000,0.030,0.752,0.218
792500,0.030,0.700,0.270
793000,0.030,0.541,0.429
793500,0.030,0.561,0.409
794000,0.030,0.586,0.384
794500,0.030,0.443,0.527
795000,0.030,0.350,0.620
795500,0.030,0.657,0.313
796000,0.030,0.510,0.460
796500,0.030,0.572,0.398
797000,0.030,0.692,0.278
797500,0.030,0.585,0.385
798000,0.030,0.510,0.460
798500,0.030,0.580,0.390
799000,0.030,0.578,0.392
799500,0.030,0.723,0.247
800000,0.030,0.576,0.394
800500,0.030,0.529,0.441
801000,0.030,0.501,0.469
801500,0.030,0.566,0.404
802000,0.030,0.418,0.552
802500,0.030,0.602,0.368
803000,0.030,0.598,0.372
803500,0.030,0.634,0.336
804000,0.030,0.572,0.398
804500,0.030,0.510,0.460
805000,0.030,0.454,0.516
805500,0.030,0.557,0.413
806000,0.030,0.429,0.541
806500,0.030,0.492,0.478
807000,0.030,0.394,0.576
807500,0.030,0.670,0.300
808000,0.030,0.702,0.268
808500,0.030,0.530,0.440
809000,0.030,0.592,0.378
809500,0.030,0.538,0.432
810000,0.030,0.600,0.370
810500,0.030,0.545,0.425
811000,0.030,0.642,0.328
811500,0.030,0.757,0.213
812000,0.030,0.663,0.307
812500,0.030,0.546,0.424
813000,0.030,0.531,0.439
813500,0.030,0.417,0.553
814000,0.030,0.548,0.422
814500,0.030,0.554,0.416
815000,0.030,0.634,0.336
815500,0.030,0.529,0.441
816000,0.030,0.656,0.314
816500,0.030,0.562,0.408
817000,0.030,0.611,0.359
817500,0.030,0.445,0.525
818000,0.030,0.453,0.517
818500,0.030,0.446,0.524
819000,0.030,0.391,0.579
819500,0.030,0.567,0.403
820000,0.030,0.592,0.378
820500,0.030,0.661,0.309
821000,0.030,0.624,0.346
821500,0.030,0.567,0.403
822000,0.030,0.587,0.383
822500,0.030,0.678,0.292
823000,0.030,0.422,0.548
823500,0.030,0.791,0.179
824000,0.030,0.652,0.318
824500,0.030,0.413,0.557
825000,0.030,0.544,0.426
825500,0.030,0.614,0.356
826000,0.030,0.678,0.292
826500,0.030,0.538,0.432
827000,0.030,0.493,0.477
827500,0.030,0.583,0.387
828000,0.030,0.771,0.199
828500,0.030,0.598,0.372
829000,0.030,0.377,0.593
829500,0.030,0.587,0.383
830000,0.030,0.603,0.367
830500,0.030,0.496,0.474
831000,0.030,0.594,0.376
831500,0.030,0.615,0.355
832000,0.030,0.665,0.305
832500,0.030,0.576,0.394
833000,0.030,0.560,0.410
833500,0.030,0.413,0.557
834000,0.030,0.573,0.397
834500,0.030,0.492,0.478
835000,0.030,0.816,0.154
835500,0.030,0.666,0.304
836000,0.030,0.524,0.446
836500,0.030,0.572,0.398
837000,0.030,0.568,0.402
837500,0.030,0.611,0.359
838000,0.030,0.533,0.437
838500,0.030,0.702,0.268
839000,0.030,0.644,0.326
839500,0.030,0.564,0.406
840000,0.030,0.578,0.392
840500,0.030,0.683,0.287
841000,0.030,0.678,0.292
841500,0.030,0.771,0.199
842000,0.030,0.563,0.407
842500,0.030,0.486,0.484
843000,0.030,0.793,0.177
843500,0.030,0.641,0.329
844000,0.030,0.769,0.201
844500,0.030,0.489,0.481
845000,0.030,0.618,0.352
845500,0.030,0.681,0.289
846000,0.030,0.650,0.320
846500,0.030,0.504,0.466
847000,0.030,0.466,0.504
847500,0.030,0.510,0.460
848000,0.030,0.340,0.630
848500,0.030,0.386,0.584
849000,0.030,0.470,0.500
849500,0.030,0.524,0.446
850000,0.030,0.558,0.412
850500,0.030,0.540,0.430
851000,0.030,0.739,0.231
851500,0.030,0.607,0.363
852000,0.030,0.561,0.409
852500,0.030,0.706,0.264
853000,0.030,0.667,0.303
853500,0.030,0.616,0.354
854000,0.030,0.424,0.546
854500,0.030,0.732,0.238
855000,0.030,0.542,0.428
855500,0.030,0.613,0.357
856000,0.030,0.763,0.207
856500,0.030,0.664,0.306
857000,0.030,0.545,0.425
857500,0.030,0.585,0.385
858000,0.030,0.736,0.234
858500,0.030,0.651,0.319
859000,0.030,0.697,0.273
859500,0.030,0.672,0.298
860000,0.030,0.762,0.208
860500,0.030,0.635,0.335
861000,0.030,0.710,0.260
861500,0.030,0.721,0.249
862000,0.030,0.532,0.438
862500,0.030,0.847,0.123
863000,0.030,0.553,0.417
863500,0.030,0.590,0.380
864000,0.030,0.701,0.269
864500,0.030,0.421,0.549
865000,0.030,0.632,0.338
865500,0.030,0.567,0.403
866000,0.030,0.536,0.434
866500,0.030,0.501,0.469
867000,0.030,0.595,0.375
867500,0.030,0.606,0.364
868000,0.030,0.723,0.247
868500,0.030,0.585,0.385
869000,0.030,0.702,0.268
869500,0.030,0.556,0.414
870000,0.030,0.664,0.306
870500,0.030,0.690,0.280
871000,0.030,0.579,0.391
871500,0.030,0.642,0.328
872000,0.030,0.581,0.389
872500,0.030,0.502,0.468
873000,0.030,0.701,0.269
873500,0.030,0.561,0.409
874000,0.030,0.468,0.502
874500,0.030,0.667,0.303
875000,0.030,0.565,0.405
875500,0.030,0.775,0.195
876000,0.030,0.675,0.295
876500,0.030,0.564,0.406
877000,0.030,0.686,0.284
877500,0.030,0.671,0.299
878000,0.030,0.689,0.281
878500,0.030,0.515,0.455
879000,0.030,0.638,0.332
879500,0.030,0.455,0.515
880000,0.030,0.586,0.384
880500,0.030,0.636,0.334
881000,0.030,0.545,0.425
881500,0.030,0.449,0.521
882000,0.030,0.715,0.255
882500,0.030,0.697,0.273
883000,0.030,0.431,0.539
883500,0.030,0.511,0.459
884000,0.030,0.490,0.480
884500,0.030,0.422,0.548
885000,0.030,0.690,0.280
885500,0.030,0.622,0.348
886000,0.030,0.429,0.541
886500,0.030,0.623,0.347
887000,0.030,0.601,0.369
887500,0.030,0.475,0.495
888000,0.030,0.519,0.451
888500,0.030,0.637,0.333
889000,0.030,0.784,0.186
889500,0.030,0.664,0.306
890000,0.030,0.560,0.410
890500,0.030,0.605,0.365
891000,0.030,0.796,0.174
891500,0.030,0.496,0.474
892000,0.030,0.629,0.341
892500,0.030,0.587,0.383
893000,0.030,0.427,0.543
893500,0.030,0.567,0.403
894000,0.030,0.718,0.252
894500,0.030,0.651,0.319
895000,0.030,0.671,0.299
895500,0.030,0.691,0.279
896000,0.030,0.580,0.390
896500,0.030,0.394,0.576
897000,0.030,0.694,0.276
897500,0.030,0.715,0.255
898000,0.030,0.653,0.317
898500,0.030,0.669,0.301
899000,0.030,0.751,0.219
899500,0.030,0.551,0.419
900000,0.030,0.715,0.255
900500,0.030,0.558,0.412
901000,0.030,0.602,0.368
901500,0.030,0.643,0.327
902000,0.030,0.450,0.520
902500,0.030,0.536,0.434
903000,0.030,0.666,0.304
903500,0.030,0.584,0.386
904000,0.030,0.522,0.448
904500,0.030,0.601,0.369
905000,0.030,0.740,0.230
905500,0.030,0.587,0.383
906000,0.030,0.663,0.307
906500,0.030,0.469,0.501
907000,0.030,0.581,0.389
907500,0.030,0.579,0.391
908000,0.030,0.405,0.565
908500,0.030,0.583,0.387
909000,0.030,0.613,0.357
909500,0.030,0.447,0.523
910000,0.030,0.568,0.402
910500,0.030,0.515,0.455
911000,0.030,0.599,0.371
911500,0.030,0.655,0.315
912000,0.030,0.647,0.323
912500,0.030,0.710,0.260
913000,0.030,0.661,0.309
913500,0.030,0.426,0.544
914000,0.030,0.520,0.450
914500,0.030,0.604,0.366
915000,0.030,0.518,0.452
915500,0.030,0.531,0.439
916000,0.030,0.570,0.400
916500,0.030,0.559,0.411
917000,0.030,0.628,0.342
917500,0.030,0.617,0.353
918000,0.030,0.682,0.288
918500,0.030,0.512,0.458
919000,0.030,0.549,0.421
919500,0.030,0.663,0.307
920000,0.030,0.773,0.197
920500,0.030,0.494,0.476
921000,0.030,0.580,0.390
921500,0.030,0.765,0.205
922000,0.030,0.510,0.460
922500,0.030,0.582,0.388
923000,0.030,0.634,0.336
923500,0.030,0.578,0.392
924000,0.030,0.719,0.251
924500,0.030,0.697,0.273
925000,0.030,0.493,0.477
925500,0.030,0.677,0.293
926000,0.030,0.705,0.265
926500,0.030,0.605,0.365
927000,0.030,0.461,0.509
927500,0.030,0.498,0.472
928000,0.030,0.554,0.416
928500,0.030,0.636,0.334
929000,0.030,0.525,0.445
929500,0.030,0.612,0.358
930000,0.030,0.511,0.459
930500,0.030,0.616,0.354
931000,0.030,0.446,0.524
931500,0.030,0.588,0.382
932000,0.030,0.607,0.363
932500,0.030,0.504,0.466
933000,0.030,0.665,0.305
933500,0.030,0.698,0.272
934000,0.030,0.587,0.383
934500,0.030,0.549,0.421
935000,0.030,0.538,0.432
935500,0.030,0.505,0.465
936000,0.030,0.392,0.578
936500,0.030,0.627,0.343
937000,0.030,0.743,0.227
937500,0.030,0.548,0.422
938000,0.030,0.658,0.312
938500,0.030,0.622,0.348
939000,0.030,0.578,0.392
939500,0.030,0.546,0.424
940000,0.030,0.548,0.422
940500,0.030,0.591,0.379
941000,0.030,0.469,0.501
941500,0.030,0.587,0.383
942000,0.030,0.670,0.300
942500,0.030,0.462,0.508
943000,0.030,0.563,0.407
943500,0.030,0.516,0.454
944000,0.030,0.526,0.444
944500,0.030,0.713,0.257
945000,0.030,0.563,0.407
945500,0.030,0.432,0.538
946000,0.030,0.677,0.293
946500,0.030,0.446,0.524
947000,0.030,0.599,0.371
947500,0.030,0.488,0.482
948000,0.030,0.596,0.374
948500,0.030,0.834,0.136
949000,0.030,0.585,0.385
949500,0.030,0.658,0.312
950000,0.030,0.583,0.387
950500,0.030,0.601,0.369
951000,0.030,0.528,0.442
951500,0.030,0.491,0.479
952000,0.030,0.481,0.489
952500,0.030,0.546,0.424
953000,0.030,0.613,0.357
953500,0.030,0.421,0.549
954000,0.030,0.675,0.295
954500,0.030,0.766,0.204
955000,0.030,0.630,0.340
955500,0.030,0.405,0.565
956000,0.030,0.477,0.493
956500,0.030,0.406,0.564
957000,0.030,0.607,0.363
957500,0.030,0.545,0.425
958000,0.030,0.553,0.417
958500,0.030,0.614,0.356
959000,0.030,0.461,0.509
959500,0.030,0.688,0.282
960000,0.030,0.635,0.335
960500,0.030,0.479,0.491
961000,0.030,0.614,0.356
961500,0.030,0.546,0.424
962000,0.030,0.556,0.414
962500,0.030,0.540,0.430
963000,0.030,0.559,0.411
963500,0.030,0.642,0.328
964000,0.030,0.570,0.400
964500,0.030,0.584,0.386
965000,0.030,0.500,0.470
965500,0.030,0.543,0.427
966000,0.030,0.825,0.145
966500,0.030,0.529,0.441
967000,0.030,0.727,0.243
967500,0.030,0.648,0.322
968000,0.030,0.599,0.371
968500,0.030,0.554,0.416
969000,0.030,0.571,0.399
969500,0.030,0.632,0.338
970000,0.030,0.544,0.426
970500,0.030,0.402,0.568
971000,0.030,0.470,0.500
971500,0.030,0.660,0.310
972000,0.030,0.650,0.320
972500,0.030,0.507,0.463
973000,0.030,0.487,0.483
973500,0.030,0.464,0.506
974000,0.030,0.669,0.301
974500,0.030,0.562,0.408
975000,0.030,0.579,0.391
975500,0.030,0.514,0.456
976000,0.030,0.465,0.505
976500,0.030,0.526,0.444
977000,0.030,0.594,0.376
977500,0.030,0.702,0.268
978000,0.030,0.473,0.497
978500,0.030,0.602,0.368
979000,0.030,0.583,0.387
979500,0.030,0.510,0.460
980000,0.030,0.545,0.425
980500,0.030,0.545,0.425
981000,0.030,0.610,0.360
981500,0.030,0.602,0.368
982000,0.030,0.432,0.538
982500,0.030,0.725,0.245
983000,0.030,0.495,0.475
983500,0.030,0.460,0.510
984000,0.030,0.698,0.272
984500,0.030,0.748,0.222
985000,0.030,0.482,0.488
985500,0.030,0.553,0.417
986000,0.030,0.570,0.400
986500,0.030,0.642,0.328
987000,0.030,0.590,0.380
987500,0.030,0.597,0.373
988000,0.030,0.661,0.309
988500,0.030,0.654,0.316
989000,0.030,0.574,0.396
989500,0.030,0.661,0.309
990000,0.030,0.593,0.377
990500,0.030,0.596,0.374
991000,0.030,0.564,0.406
991500,0.030,0.691,0.279
992000,0.030,0.512,0.458
992500,0.030,0.467,0.503
993000,0.030,0.674,0.296
993500,0.030,0.506,0.464
994000,0.030,0.626,0.344
994500,0.030,0.605,0.365
995000,0.030,0.641,0.329
995500,0.030,0.706,0.264
996000,0.030,0.476,0.494
996500,0.030,0.482,0.488
997000,0.030,0.462,0.508
997500,0.030,0.340,0.630
998000,0.030,0.739,0.231
998500,0.030,0.492,0.478
999000,0.030,0.751,0.219
999500,0.030,0.508,0.462
1000000,0.030,0.537,0.433
