time,n_A+p,n_B,n_AB,avg_entropy_simp
500,0.037,0.777,0.186,0.309225
1000,0.062,0.603,0.335,0.453794
1500,0.058,0.438,0.504,0.473452
2000,0.091,0.364,0.545,0.475431
2500,0.128,0.285,0.587,0.435778
3000,0.264,0.169,0.566,0.482257
3500,0.306,0.116,0.579,0.466096
4000,0.384,0.099,0.517,0.474322
4500,0.388,0.079,0.533,0.461662
5000,0.380,0.083,0.537,0.470803
5500,0.430,0.037,0.533,0.428864
6000,0.393,0.066,0.541,0.449146
6500,0.364,0.083,0.554,0.453754
7000,0.430,0.087,0.483,0.481352
7500,0.393,0.091,0.517,0.483174
8000,0.355,0.116,0.529,0.482396
8500,0.293,0.149,0.558,0.467417
9000,0.289,0.153,0.558,0.480517
9500,0.306,0.136,0.558,0.477792
10000,0.314,0.091,0.595,0.432252
10500,0.256,0.132,0.612,0.456378
11000,0.231,0.165,0.603,0.481010
11500,0.335,0.095,0.570,0.472063
12000,0.331,0.116,0.554,0.482486
12500,0.417,0.079,0.504,0.469066
13000,0.393,0.083,0.525,0.445632
13500,0.360,0.083,0.558,0.461390
14000,0.322,0.149,0.529,0.496233
14500,0.368,0.074,0.558,0.445271
15000,0.339,0.112,0.550,0.468806
15500,0.351,0.107,0.541,0.463045
16000,0.372,0.099,0.529,0.477420
16500,0.417,0.041,0.541,0.449988
17000,0.471,0.041,0.488,0.437691
17500,0.368,0.074,0.558,0.455622
18000,0.360,0.112,0.529,0.503168
18500,0.310,0.087,0.603,0.460500
19000,0.335,0.132,0.533,0.511086
19500,0.293,0.132,0.574,0.488225
20000,0.281,0.198,0.521,0.526471
20500,0.273,0.112,0.616,0.437402
21000,0.252,0.165,0.583,0.490069
21500,0.207,0.178,0.616,0.454629
22000,0.186,0.174,0.640,0.442368
22500,0.343,0.153,0.504,0.496013
23000,0.310,0.120,0.570,0.470509
23500,0.302,0.107,0.591,0.466437
24000,0.339,0.095,0.566,0.472299
24500,0.331,0.083,0.587,0.432962
25000,0.347,0.120,0.533,0.495710
25500,0.302,0.140,0.558,0.497588
26000,0.248,0.202,0.550,0.503607
26500,0.227,0.153,0.620,0.459282
27000,0.240,0.132,0.628,0.437904
27500,0.273,0.136,0.591,0.489064
28000,0.285,0.169,0.545,0.491238
28500,0.314,0.107,0.579,0.465313
29000,0.343,0.095,0.562,0.472787
29500,0.364,0.095,0.541,0.465983
30000,0.364,0.079,0.558,0.449995
30500,0.388,0.145,0.467,0.520234
31000,0.302,0.103,0.595,0.453552
31500,0.302,0.095,0.603,0.450156
32000,0.298,0.124,0.579,0.485006
32500,0.326,0.095,0.579,0.477296
33000,0.236,0.136,0.628,0.447755
33500,0.227,0.161,0.612,0.477155
34000,0.347,0.103,0.550,0.486289
34500,0.318,0.079,0.603,0.423802
35000,0.335,0.066,0.599,0.456085
35500,0.364,0.103,0.533,0.477345
36000,0.450,0.029,0.521,0.422983
36500,0.413,0.066,0.521,0.435377
37000,0.463,0.050,0.488,0.431524
37500,0.475,0.099,0.426,0.485294
38000,0.467,0.045,0.488,0.438787
38500,0.512,0.062,0.426,0.432603
39000,0.442,0.062,0.496,0.455074
39500,0.438,0.074,0.488,0.470759
40000,0.471,0.079,0.450,0.459444
40500,0.384,0.095,0.521,0.476350
41000,0.380,0.124,0.496,0.497245
41500,0.298,0.099,0.603,0.449719
42000,0.326,0.099,0.574,0.467941
42500,0.318,0.112,0.570,0.500478
43000,0.314,0.124,0.562,0.491874
43500,0.372,0.083,0.545,0.466538
44000,0.302,0.112,0.587,0.458294
44500,0.388,0.070,0.541,0.446776
45000,0.455,0.079,0.467,0.456889
45500,0.508,0.041,0.450,0.439289
46000,0.421,0.058,0.521,0.451188
46500,0.298,0.157,0.545,0.487065
47000,0.393,0.083,0.525,0.463932
47500,0.455,0.058,0.488,0.434258
48000,0.488,0.066,0.446,0.459577
48500,0.467,0.083,0.450,0.468338
49000,0.434,0.070,0.496,0.454954
49500,0.455,0.079,0.467,0.457099
50000,0.372,0.120,0.508,0.507824
50500,0.409,0.120,0.471,0.489302
51000,0.339,0.124,0.537,0.470461
51500,0.326,0.128,0.545,0.493100
52000,0.401,0.070,0.529,0.462417
52500,0.413,0.157,0.430,0.509150
53000,0.314,0.140,0.545,0.463306
53500,0.360,0.099,0.541,0.463117
54000,0.236,0.190,0.574,0.486655
54500,0.335,0.128,0.537,0.495819
55000,0.322,0.103,0.574,0.457457
55500,0.360,0.132,0.508,0.506184
56000,0.360,0.091,0.550,0.464499
56500,0.372,0.070,0.558,0.447877
57000,0.355,0.079,0.566,0.451673
57500,0.405,0.070,0.525,0.482584
58000,0.483,0.054,0.463,0.442323
58500,0.438,0.124,0.438,0.497646
59000,0.413,0.087,0.500,0.470093
59500,0.314,0.128,0.558,0.467587
60000,0.475,0.033,0.492,0.426085
60500,0.446,0.058,0.496,0.444770
61000,0.417,0.058,0.525,0.442603
61500,0.442,0.083,0.475,0.464122
62000,0.318,0.083,0.599,0.455177
62500,0.393,0.087,0.521,0.480891
63000,0.421,0.087,0.492,0.466952
63500,0.285,0.132,0.583,0.445459
64000,0.277,0.182,0.541,0.518710
64500,0.269,0.157,0.574,0.497508
65000,0.285,0.132,0.583,0.479289
65500,0.306,0.103,0.591,0.452633
66000,0.360,0.149,0.492,0.506197
66500,0.393,0.099,0.508,0.461859
67000,0.376,0.120,0.504,0.487739
67500,0.426,0.087,0.488,0.486513
68000,0.368,0.037,0.595,0.417334
68500,0.430,0.062,0.508,0.463655
69000,0.430,0.070,0.500,0.460116
69500,0.360,0.099,0.541,0.486857
70000,0.310,0.116,0.574,0.469275
70500,0.306,0.132,0.562,0.474304
71000,0.260,0.128,0.612,0.467041
71500,0.244,0.174,0.583,0.497173
72000,0.318,0.128,0.554,0.477061
72500,0.331,0.103,0.566,0.463881
73000,0.293,0.149,0.558,0.492977
73500,0.339,0.120,0.541,0.492751
74000,0.273,0.145,0.583,0.469474
74500,0.244,0.202,0.554,0.507333
75000,0.198,0.207,0.595,0.459420
75500,0.252,0.157,0.591,0.477603
76000,0.302,0.107,0.591,0.456414
76500,0.388,0.120,0.492,0.497526
77000,0.413,0.095,0.492,0.485305
77500,0.347,0.054,0.599,0.439579
78000,0.314,0.112,0.574,0.469838
78500,0.306,0.107,0.587,0.453636
79000,0.223,0.169,0.607,0.464982
79500,0.223,0.252,0.525,0.526940
80000,0.293,0.182,0.525,0.513131
80500,0.322,0.120,0.558,0.472773
81000,0.277,0.091,0.632,0.422587
81500,0.306,0.157,0.537,0.495531
82000,0.310,0.120,0.570,0.473525
82500,0.310,0.087,0.603,0.436892
83000,0.318,0.116,0.566,0.478460
83500,0.355,0.120,0.525,0.488017
84000,0.368,0.103,0.529,0.470721
84500,0.281,0.103,0.616,0.448606
85000,0.335,0.087,0.579,0.469460
85500,0.351,0.124,0.525,0.497485
86000,0.430,0.079,0.492,0.479936
86500,0.380,0.091,0.529,0.469365
87000,0.289,0.107,0.603,0.456717
87500,0.277,0.161,0.562,0.464129
88000,0.306,0.132,0.562,0.461169
88500,0.293,0.165,0.541,0.489072
89000,0.281,0.165,0.554,0.498454
89500,0.298,0.124,0.579,0.472112
90000,0.318,0.161,0.521,0.494952
90500,0.318,0.103,0.579,0.426746
91000,0.372,0.116,0.512,0.477287
91500,0.364,0.079,0.558,0.456246
92000,0.438,0.091,0.471,0.482634
92500,0.409,0.107,0.483,0.469415
93000,0.376,0.099,0.525,0.468456
93500,0.455,0.045,0.500,0.433314
94000,0.397,0.083,0.521,0.456076
94500,0.380,0.062,0.558,0.446896
95000,0.483,0.091,0.426,0.473429
95500,0.360,0.083,0.558,0.467537
96000,0.413,0.091,0.496,0.500106
96500,0.355,0.087,0.558,0.448323
97000,0.360,0.091,0.550,0.474030
97500,0.322,0.087,0.591,0.438766
98000,0.413,0.062,0.525,0.474037
98500,0.430,0.066,0.504,0.450371
99000,0.413,0.050,0.537,0.440809
99500,0.434,0.054,0.512,0.454923
100000,0.434,0.083,0.483,0.436488
