time,n_A+p,n_B,n_AB
500,0.050,0.452,0.498
1000,0.058,0.249,0.693
1500,0.050,0.262,0.688
2000,0.050,0.444,0.506
2500,0.050,0.326,0.624
3000,0.050,0.305,0.645
3500,0.050,0.279,0.671
4000,0.050,0.409,0.541
4500,0.050,0.194,0.756
5000,0.050,0.353,0.597
5500,0.050,0.295,0.655
6000,0.050,0.389,0.561
6500,0.050,0.344,0.606
7000,0.050,0.287,0.663
7500,0.064,0.180,0.756
8000,0.426,0.011,0.563
8500,0.983,0.000,0.017
9000,1.000,0.000,0.000
