time,n_A+p,n_B,n_AB
100,0.030,0.968,0.002
200,0.030,0.968,0.002
300,0.030,0.964,0.006
400,0.030,0.962,0.008
500,0.032,0.942,0.027
600,0.031,0.937,0.033
700,0.034,0.935,0.032
800,0.034,0.934,0.033
900,0.033,0.923,0.044
1000,0.031,0.917,0.052
1100,0.032,0.913,0.055
1200,0.032,0.913,0.055
1300,0.032,0.904,0.064
1400,0.032,0.900,0.068
1500,0.030,0.889,0.082
1600,0.030,0.882,0.089
1700,0.032,0.877,0.091
1800,0.032,0.876,0.092
1900,0.033,0.870,0.097
2000,0.036,0.850,0.114
2100,0.036,0.854,0.110
2200,0.038,0.854,0.108
2300,0.035,0.852,0.113
2400,0.036,0.852,0.112
2500,0.040,0.846,0.114
2600,0.040,0.841,0.120
2700,0.042,0.847,0.111
2800,0.044,0.822,0.134
2900,0.042,0.816,0.142
3000,0.038,0.814,0.148
3100,0.040,0.802,0.158
3200,0.043,0.797,0.160
3300,0.043,0.798,0.159
3400,0.043,0.787,0.171
3500,0.046,0.777,0.177
3600,0.046,0.773,0.181
3700,0.050,0.747,0.203
3800,0.056,0.748,0.196
3900,0.053,0.737,0.209
4000,0.053,0.730,0.217
4100,0.055,0.719,0.226
4200,0.055,0.695,0.250
4300,0.054,0.685,0.260
4400,0.057,0.684,0.258
4500,0.053,0.678,0.269
4600,0.057,0.660,0.283
4700,0.060,0.660,0.280
4800,0.061,0.660,0.279
4900,0.070,0.640,0.289
5000,0.074,0.639,0.287
5100,0.076,0.631,0.293
5200,0.080,0.625,0.295
5300,0.072,0.623,0.305
5400,0.073,0.624,0.303
5500,0.085,0.621,0.294
5600,0.092,0.616,0.292
5700,0.096,0.611,0.293
5800,0.092,0.609,0.299
5900,0.088,0.596,0.317
6000,0.091,0.575,0.334
6100,0.101,0.562,0.337
6200,0.099,0.555,0.346
6300,0.099,0.547,0.353
6400,0.100,0.541,0.359
6500,0.100,0.550,0.350
6600,0.106,0.547,0.346
6700,0.105,0.543,0.351
6800,0.104,0.545,0.350
6900,0.105,0.536,0.359
7000,0.101,0.539,0.360
7100,0.095,0.539,0.366
7200,0.094,0.534,0.372
7300,0.081,0.531,0.388
7400,0.073,0.528,0.399
7500,0.085,0.520,0.395
7600,0.095,0.512,0.393
7700,0.096,0.510,0.394
7800,0.099,0.508,0.393
7900,0.106,0.518,0.376
8000,0.111,0.524,0.365
8100,0.108,0.518,0.374
8200,0.111,0.518,0.371
8300,0.110,0.505,0.385
8400,0.105,0.492,0.402
8500,0.106,0.495,0.398
8600,0.102,0.507,0.391
8700,0.103,0.502,0.395
8800,0.096,0.495,0.409
8900,0.097,0.495,0.408
9000,0.107,0.491,0.401
9100,0.102,0.483,0.415
9200,0.102,0.478,0.420
9300,0.097,0.467,0.436
9400,0.091,0.464,0.445
9500,0.098,0.464,0.438
9600,0.103,0.470,0.427
9700,0.101,0.463,0.436
9800,0.097,0.468,0.435
9900,0.098,0.469,0.433
10000,0.104,0.463,0.433
10100,0.104,0.463,0.433
10200,0.105,0.455,0.440
10300,0.105,0.449,0.445
10400,0.106,0.448,0.445
10500,0.108,0.438,0.454
10600,0.114,0.443,0.442
10700,0.113,0.443,0.443
10800,0.105,0.439,0.456
10900,0.112,0.447,0.440
11000,0.114,0.442,0.443
11100,0.117,0.440,0.442
11200,0.116,0.437,0.446
11300,0.128,0.431,0.441
11400,0.126,0.432,0.442
11500,0.116,0.429,0.455
11600,0.118,0.425,0.457
11700,0.131,0.425,0.444
11800,0.140,0.422,0.438
11900,0.127,0.411,0.463
12000,0.137,0.413,0.450
12100,0.135,0.417,0.448
12200,0.133,0.413,0.455
12300,0.135,0.420,0.445
12400,0.137,0.411,0.453
12500,0.131,0.414,0.456
12600,0.137,0.408,0.456
12700,0.135,0.407,0.459
12800,0.144,0.410,0.446
12900,0.146,0.425,0.429
13000,0.138,0.421,0.441
13100,0.133,0.441,0.426
13200,0.124,0.438,0.438
13300,0.125,0.439,0.436
13400,0.123,0.430,0.447
13500,0.118,0.424,0.458
13600,0.124,0.419,0.458
13700,0.140,0.415,0.445
13800,0.131,0.416,0.454
13900,0.125,0.409,0.467
14000,0.118,0.404,0.477
14100,0.113,0.402,0.484
14200,0.113,0.403,0.483
14300,0.110,0.407,0.483
14400,0.120,0.416,0.465
14500,0.107,0.419,0.474
14600,0.112,0.431,0.457
14700,0.110,0.436,0.454
14800,0.101,0.442,0.457
14900,0.102,0.437,0.461
15000,0.107,0.443,0.449
15100,0.112,0.430,0.458
15200,0.109,0.425,0.466
15300,0.108,0.427,0.465
15400,0.127,0.430,0.443
15500,0.118,0.438,0.443
15600,0.123,0.414,0.464
15700,0.124,0.406,0.471
15800,0.118,0.408,0.474
15900,0.123,0.409,0.469
16000,0.124,0.421,0.456
16100,0.128,0.413,0.460
16200,0.130,0.418,0.453
16300,0.138,0.420,0.442
16400,0.134,0.423,0.443
16500,0.133,0.423,0.444
16600,0.136,0.416,0.448
16700,0.131,0.410,0.460
16800,0.116,0.406,0.478
16900,0.127,0.403,0.470
17000,0.127,0.406,0.468
17100,0.124,0.419,0.458
17200,0.120,0.420,0.461
17300,0.118,0.414,0.468
17400,0.124,0.404,0.472
17500,0.123,0.397,0.480
17600,0.122,0.408,0.471
17700,0.126,0.398,0.476
17800,0.142,0.390,0.468
17900,0.143,0.387,0.470
18000,0.147,0.382,0.471
18100,0.145,0.386,0.469
18200,0.136,0.387,0.477
18300,0.140,0.383,0.477
18400,0.148,0.389,0.463
18500,0.153,0.394,0.453
18600,0.161,0.389,0.449
18700,0.173,0.387,0.440
18800,0.168,0.381,0.451
18900,0.168,0.386,0.446
19000,0.172,0.386,0.442
19100,0.165,0.396,0.438
19200,0.161,0.389,0.449
19300,0.158,0.385,0.457
19400,0.157,0.380,0.463
19500,0.146,0.386,0.468
19600,0.143,0.386,0.471
19700,0.149,0.384,0.467
19800,0.149,0.378,0.473
19900,0.145,0.372,0.483
20000,0.147,0.367,0.486
20100,0.161,0.369,0.470
20200,0.152,0.371,0.477
20300,0.150,0.363,0.487
20400,0.141,0.383,0.476
20500,0.140,0.383,0.477
20600,0.134,0.382,0.484
20700,0.135,0.385,0.480
20800,0.126,0.387,0.487
20900,0.142,0.392,0.466
21000,0.136,0.391,0.473
21100,0.133,0.396,0.471
21200,0.124,0.390,0.486
21300,0.133,0.388,0.479
21400,0.135,0.381,0.484
21500,0.135,0.371,0.494
21600,0.134,0.372,0.494
21700,0.130,0.369,0.502
21800,0.133,0.362,0.506
21900,0.138,0.367,0.495
22000,0.135,0.365,0.501
22100,0.136,0.365,0.499
22200,0.148,0.365,0.487
22300,0.150,0.361,0.489
22400,0.149,0.359,0.492
22500,0.148,0.359,0.493
22600,0.144,0.372,0.484
22700,0.147,0.381,0.472
22800,0.148,0.390,0.462
22900,0.144,0.375,0.481
23000,0.144,0.374,0.482
23100,0.144,0.374,0.482
23200,0.150,0.375,0.475
23300,0.160,0.369,0.471
23400,0.159,0.362,0.479
23500,0.170,0.360,0.471
23600,0.170,0.366,0.465
23700,0.166,0.365,0.469
23800,0.155,0.365,0.480
23900,0.146,0.362,0.492
24000,0.150,0.355,0.494
24100,0.154,0.345,0.501
24200,0.159,0.346,0.494
24300,0.159,0.345,0.495
24400,0.161,0.346,0.492
24500,0.165,0.347,0.487
24600,0.166,0.338,0.495
24700,0.161,0.334,0.505
24800,0.156,0.341,0.503
24900,0.152,0.341,0.507
25000,0.153,0.344,0.503
25100,0.150,0.358,0.492
25200,0.145,0.353,0.502
25300,0.158,0.356,0.485
25400,0.156,0.352,0.491
25500,0.157,0.339,0.504
25600,0.161,0.340,0.498
25700,0.162,0.339,0.498
25800,0.171,0.330,0.499
25900,0.180,0.320,0.501
26000,0.178,0.322,0.501
26100,0.179,0.325,0.496
26200,0.172,0.321,0.508
26300,0.181,0.325,0.494
26400,0.175,0.323,0.503
26500,0.171,0.327,0.503
26600,0.171,0.324,0.506
26700,0.169,0.316,0.516
26800,0.168,0.318,0.515
26900,0.172,0.315,0.514
27000,0.163,0.306,0.530
27100,0.165,0.302,0.532
27200,0.174,0.302,0.524
27300,0.178,0.305,0.517
27400,0.177,0.308,0.515
27500,0.184,0.302,0.514
27600,0.183,0.304,0.513
27700,0.193,0.312,0.495
27800,0.191,0.305,0.504
27900,0.194,0.301,0.505
28000,0.192,0.297,0.511
28100,0.196,0.292,0.512
28200,0.191,0.293,0.516
28300,0.187,0.291,0.522
28400,0.202,0.300,0.497
28500,0.206,0.303,0.490
28600,0.198,0.303,0.498
28700,0.187,0.313,0.501
28800,0.188,0.313,0.499
28900,0.187,0.313,0.501
29000,0.185,0.320,0.495
29100,0.178,0.315,0.508
29200,0.176,0.317,0.508
29300,0.156,0.321,0.523
29400,0.143,0.332,0.525
29500,0.141,0.341,0.518
29600,0.139,0.341,0.520
29700,0.139,0.329,0.532
29800,0.139,0.331,0.530
29900,0.141,0.328,0.531
30000,0.147,0.329,0.524
30100,0.144,0.332,0.524
30200,0.133,0.331,0.536
30300,0.127,0.333,0.540
30400,0.127,0.341,0.532
30500,0.134,0.341,0.525
30600,0.134,0.335,0.531
30700,0.139,0.325,0.536
30800,0.127,0.332,0.541
30900,0.131,0.326,0.543
31000,0.142,0.325,0.533
31100,0.148,0.323,0.529
31200,0.157,0.320,0.523
31300,0.155,0.329,0.516
31400,0.152,0.323,0.525
31500,0.149,0.319,0.532
31600,0.142,0.327,0.531
31700,0.144,0.328,0.528
31800,0.143,0.325,0.532
31900,0.144,0.321,0.535
32000,0.151,0.324,0.525
32100,0.148,0.320,0.532
32200,0.152,0.321,0.527
32300,0.147,0.318,0.535
32400,0.157,0.319,0.524
32500,0.156,0.324,0.520
32600,0.142,0.331,0.527
32700,0.146,0.324,0.530
32800,0.156,0.312,0.532
32900,0.157,0.309,0.533
33000,0.161,0.312,0.527
33100,0.170,0.304,0.526
33200,0.175,0.307,0.518
33300,0.164,0.313,0.523
33400,0.165,0.318,0.517
33500,0.162,0.311,0.527
33600,0.163,0.316,0.521
33700,0.168,0.313,0.520
33800,0.169,0.306,0.525
33900,0.169,0.292,0.539
34000,0.166,0.294,0.539
34100,0.156,0.290,0.554
34200,0.159,0.298,0.542
34300,0.160,0.298,0.541
34400,0.144,0.305,0.551
34500,0.160,0.307,0.532
34600,0.153,0.308,0.538
34700,0.158,0.308,0.533
34800,0.159,0.301,0.539
34900,0.162,0.296,0.541
35000,0.169,0.287,0.544
35100,0.176,0.285,0.539
35200,0.174,0.291,0.535
35300,0.172,0.288,0.540
35400,0.164,0.289,0.546
35500,0.159,0.294,0.546
35600,0.171,0.301,0.528
35700,0.148,0.307,0.544
35800,0.154,0.312,0.534
35900,0.159,0.320,0.521
36000,0.157,0.315,0.528
36100,0.149,0.318,0.533
36200,0.148,0.332,0.520
36300,0.140,0.327,0.533
36400,0.141,0.308,0.551
36500,0.148,0.313,0.539
36600,0.144,0.319,0.537
36700,0.138,0.325,0.537
36800,0.134,0.324,0.542
36900,0.142,0.322,0.536
37000,0.147,0.311,0.542
37100,0.140,0.304,0.556
37200,0.142,0.308,0.550
37300,0.163,0.313,0.524
37400,0.161,0.308,0.530
37500,0.159,0.300,0.540
37600,0.151,0.297,0.552
37700,0.151,0.306,0.542
37800,0.144,0.305,0.551
37900,0.147,0.309,0.543
38000,0.151,0.321,0.528
38100,0.154,0.317,0.529
38200,0.149,0.318,0.533
38300,0.151,0.315,0.534
38400,0.150,0.318,0.532
38500,0.144,0.321,0.535
38600,0.145,0.318,0.537
38700,0.150,0.316,0.534
38800,0.152,0.306,0.541
38900,0.168,0.302,0.530
39000,0.168,0.307,0.525
39100,0.164,0.302,0.533
39200,0.171,0.315,0.515
39300,0.159,0.309,0.531
39400,0.169,0.307,0.524
39500,0.166,0.304,0.529
39600,0.166,0.305,0.528
39700,0.160,0.304,0.535
39800,0.164,0.306,0.529
39900,0.170,0.305,0.525
40000,0.170,0.299,0.531
40100,0.169,0.305,0.526
40200,0.163,0.298,0.538
40300,0.151,0.293,0.556
40400,0.162,0.292,0.545
40500,0.170,0.291,0.539
40600,0.195,0.284,0.521
40700,0.193,0.282,0.525
40800,0.191,0.279,0.530
40900,0.191,0.275,0.534
41000,0.211,0.279,0.510
41100,0.201,0.284,0.515
41200,0.196,0.276,0.528
41300,0.192,0.276,0.532
41400,0.181,0.283,0.536
41500,0.186,0.280,0.534
41600,0.181,0.281,0.538
41700,0.185,0.289,0.526
41800,0.195,0.290,0.515
41900,0.199,0.302,0.498
42000,0.199,0.303,0.497
42100,0.181,0.295,0.524
42200,0.188,0.300,0.512
42300,0.179,0.306,0.515
42400,0.180,0.305,0.515
42500,0.166,0.306,0.527
42600,0.163,0.306,0.530
42700,0.157,0.303,0.539
42800,0.159,0.303,0.537
42900,0.157,0.311,0.532
43000,0.157,0.306,0.536
43100,0.154,0.295,0.551
43200,0.162,0.297,0.540
43300,0.158,0.298,0.543
43400,0.156,0.306,0.537
43500,0.156,0.305,0.538
43600,0.154,0.297,0.549
43700,0.153,0.305,0.541
43800,0.164,0.297,0.538
43900,0.164,0.289,0.546
44000,0.156,0.297,0.546
44100,0.163,0.302,0.534
44200,0.162,0.289,0.549
44300,0.159,0.283,0.558
44400,0.155,0.294,0.551
44500,0.149,0.295,0.556
44600,0.146,0.292,0.562
44700,0.176,0.290,0.534
44800,0.171,0.287,0.542
44900,0.172,0.296,0.532
45000,0.182,0.302,0.516
45100,0.165,0.296,0.538
45200,0.168,0.298,0.534
45300,0.171,0.307,0.522
45400,0.163,0.296,0.540
45500,0.166,0.300,0.533
45600,0.161,0.298,0.540
45700,0.152,0.302,0.545
45800,0.156,0.291,0.553
45900,0.169,0.292,0.539
46000,0.162,0.287,0.551
46100,0.166,0.284,0.550
46200,0.169,0.293,0.538
46300,0.168,0.293,0.539
46400,0.162,0.293,0.544
46500,0.158,0.291,0.551
46600,0.165,0.298,0.536
46700,0.177,0.304,0.519
46800,0.170,0.311,0.520
46900,0.174,0.304,0.522
47000,0.165,0.296,0.538
47100,0.165,0.302,0.532
47200,0.166,0.294,0.539
47300,0.170,0.295,0.535
47400,0.176,0.293,0.531
47500,0.181,0.296,0.523
47600,0.186,0.297,0.517
47700,0.177,0.294,0.529
47800,0.174,0.300,0.526
47900,0.171,0.309,0.520
48000,0.168,0.309,0.523
48100,0.166,0.305,0.528
48200,0.172,0.306,0.522
48300,0.172,0.304,0.524
48400,0.171,0.303,0.526
48500,0.176,0.288,0.536
48600,0.165,0.281,0.554
48700,0.170,0.286,0.544
48800,0.181,0.279,0.540
48900,0.184,0.287,0.529
49000,0.175,0.292,0.533
49100,0.173,0.297,0.530
49200,0.166,0.308,0.525
49300,0.160,0.297,0.542
49400,0.159,0.300,0.540
49500,0.164,0.288,0.547
49600,0.163,0.289,0.547
49700,0.171,0.298,0.531
49800,0.176,0.294,0.530
49900,0.180,0.283,0.537
50000,0.186,0.288,0.526
50100,0.190,0.278,0.532
50200,0.191,0.276,0.533
50300,0.190,0.278,0.532
50400,0.193,0.276,0.531
50500,0.192,0.275,0.533
50600,0.185,0.290,0.525
50700,0.194,0.285,0.521
50800,0.190,0.290,0.520
50900,0.198,0.281,0.521
51000,0.209,0.281,0.510
51100,0.207,0.277,0.516
51200,0.198,0.277,0.525
51300,0.202,0.271,0.527
51400,0.201,0.273,0.526
51500,0.211,0.281,0.508
51600,0.213,0.278,0.509
51700,0.196,0.274,0.530
51800,0.192,0.273,0.535
51900,0.183,0.267,0.551
52000,0.186,0.269,0.545
52100,0.188,0.271,0.541
52200,0.198,0.264,0.538
52300,0.197,0.266,0.537
52400,0.194,0.267,0.539
52500,0.204,0.268,0.528
52600,0.197,0.271,0.532
52700,0.199,0.271,0.530
52800,0.194,0.269,0.537
52900,0.191,0.279,0.530
53000,0.200,0.284,0.516
53100,0.196,0.277,0.527
53200,0.203,0.272,0.525
53300,0.211,0.271,0.518
53400,0.203,0.276,0.521
53500,0.202,0.274,0.524
53600,0.206,0.273,0.521
53700,0.204,0.269,0.527
53800,0.203,0.270,0.527
53900,0.205,0.267,0.528
54000,0.209,0.265,0.526
54100,0.209,0.275,0.516
54200,0.205,0.278,0.517
54300,0.201,0.284,0.515
54400,0.199,0.286,0.515
54500,0.192,0.281,0.527
54600,0.188,0.286,0.526
54700,0.189,0.290,0.521
54800,0.193,0.294,0.513
54900,0.190,0.290,0.520
55000,0.178,0.284,0.538
55100,0.178,0.286,0.536
55200,0.180,0.275,0.545
55300,0.169,0.277,0.555
55400,0.163,0.271,0.566
55500,0.168,0.275,0.558
55600,0.170,0.283,0.547
55700,0.176,0.282,0.542
55800,0.193,0.282,0.525
55900,0.194,0.278,0.528
56000,0.192,0.278,0.530
56100,0.195,0.279,0.526
56200,0.190,0.291,0.519
56300,0.183,0.288,0.529
56400,0.184,0.296,0.520
56500,0.189,0.292,0.519
56600,0.188,0.300,0.512
56700,0.188,0.291,0.521
56800,0.191,0.291,0.518
56900,0.186,0.291,0.523
57000,0.185,0.290,0.525
57100,0.181,0.295,0.524
57200,0.184,0.291,0.525
57300,0.170,0.288,0.542
57400,0.172,0.307,0.521
57500,0.183,0.297,0.520
57600,0.177,0.294,0.529
57700,0.173,0.296,0.531
57800,0.177,0.288,0.535
57900,0.178,0.289,0.533
58000,0.175,0.287,0.538
58100,0.163,0.286,0.551
58200,0.175,0.291,0.534
58300,0.176,0.287,0.537
58400,0.175,0.289,0.536
58500,0.184,0.282,0.534
58600,0.184,0.275,0.541
58700,0.178,0.272,0.551
58800,0.175,0.283,0.542
58900,0.164,0.283,0.553
59000,0.156,0.293,0.551
59100,0.161,0.288,0.551
59200,0.166,0.292,0.541
59300,0.166,0.277,0.557
59400,0.178,0.270,0.553
59500,0.180,0.276,0.544
59600,0.181,0.276,0.543
59700,0.181,0.286,0.533
59800,0.185,0.287,0.528
59900,0.182,0.288,0.530
60000,0.179,0.295,0.526
60100,0.172,0.279,0.550
60200,0.176,0.275,0.550
60300,0.180,0.265,0.556
60400,0.191,0.266,0.543
60500,0.190,0.266,0.544
60600,0.192,0.259,0.549
60700,0.188,0.259,0.553
60800,0.189,0.264,0.547
60900,0.192,0.272,0.536
61000,0.186,0.272,0.542
61100,0.180,0.269,0.552
61200,0.185,0.274,0.541
61300,0.189,0.280,0.531
61400,0.194,0.277,0.529
61500,0.192,0.283,0.525
61600,0.189,0.280,0.531
61700,0.182,0.284,0.534
61800,0.190,0.275,0.535
61900,0.182,0.270,0.549
62000,0.189,0.269,0.542
62100,0.195,0.267,0.538
62200,0.191,0.259,0.550
62300,0.192,0.263,0.545
62400,0.190,0.263,0.547
62500,0.186,0.250,0.564
62600,0.184,0.263,0.554
62700,0.182,0.265,0.554
62800,0.186,0.271,0.543
62900,0.182,0.274,0.544
63000,0.184,0.279,0.537
63100,0.190,0.278,0.532
63200,0.194,0.278,0.528
63300,0.186,0.280,0.534
63400,0.185,0.279,0.536
63500,0.179,0.277,0.544
63600,0.173,0.273,0.555
63700,0.174,0.267,0.560
63800,0.177,0.268,0.556
63900,0.180,0.263,0.558
64000,0.169,0.264,0.568
64100,0.175,0.272,0.554
64200,0.179,0.267,0.555
64300,0.182,0.251,0.567
64400,0.182,0.245,0.573
64500,0.186,0.245,0.569
64600,0.181,0.253,0.566
64700,0.179,0.252,0.569
64800,0.179,0.261,0.560
64900,0.179,0.264,0.558
65000,0.181,0.267,0.553
65100,0.184,0.268,0.549
65200,0.183,0.254,0.563
65300,0.192,0.255,0.553
65400,0.215,0.256,0.529
65500,0.219,0.260,0.521
65600,0.222,0.263,0.516
65700,0.226,0.265,0.510
65800,0.238,0.263,0.499
65900,0.239,0.259,0.502
66000,0.236,0.252,0.512
66100,0.233,0.257,0.510
66200,0.227,0.275,0.498
66300,0.222,0.284,0.494
66400,0.222,0.275,0.504
66500,0.217,0.272,0.512
66600,0.217,0.275,0.509
66700,0.216,0.281,0.504
66800,0.213,0.294,0.492
66900,0.220,0.278,0.503
67000,0.216,0.278,0.507
67100,0.215,0.284,0.502
67200,0.208,0.278,0.514
67300,0.199,0.270,0.531
67400,0.197,0.276,0.527
67500,0.193,0.280,0.527
67600,0.201,0.279,0.520
67700,0.199,0.282,0.519
67800,0.196,0.286,0.518
67900,0.201,0.287,0.512
68000,0.197,0.287,0.516
68100,0.191,0.289,0.520
68200,0.194,0.291,0.515
68300,0.188,0.281,0.531
68400,0.182,0.277,0.541
68500,0.179,0.281,0.540
68600,0.180,0.280,0.540
68700,0.180,0.282,0.538
68800,0.177,0.284,0.539
68900,0.176,0.293,0.531
69000,0.172,0.292,0.536
69100,0.175,0.291,0.534
69200,0.174,0.289,0.537
69300,0.170,0.291,0.539
69400,0.173,0.288,0.539
69500,0.191,0.275,0.534
69600,0.194,0.271,0.535
69700,0.196,0.269,0.535
69800,0.191,0.269,0.540
69900,0.213,0.270,0.517
70000,0.197,0.260,0.542
70100,0.191,0.261,0.547
70200,0.191,0.260,0.549
70300,0.192,0.264,0.544
70400,0.199,0.265,0.536
70500,0.202,0.260,0.537
70600,0.199,0.252,0.549
70700,0.194,0.252,0.554
70800,0.191,0.263,0.546
70900,0.187,0.268,0.545
71000,0.193,0.269,0.538
71100,0.202,0.271,0.527
71200,0.196,0.267,0.537
71300,0.196,0.266,0.538
71400,0.194,0.263,0.543
71500,0.193,0.261,0.545
71600,0.192,0.269,0.539
71700,0.191,0.269,0.540
71800,0.196,0.281,0.523
71900,0.183,0.276,0.541
72000,0.183,0.274,0.543
72100,0.185,0.279,0.536
72200,0.185,0.274,0.541
72300,0.179,0.274,0.547
72400,0.178,0.274,0.549
72500,0.181,0.263,0.557
72600,0.187,0.264,0.550
72700,0.186,0.263,0.552
72800,0.178,0.274,0.549
72900,0.178,0.275,0.547
73000,0.181,0.267,0.553
73100,0.183,0.267,0.551
73200,0.187,0.275,0.538
73300,0.181,0.271,0.549
73400,0.176,0.276,0.549
73500,0.175,0.268,0.558
73600,0.181,0.270,0.550
73700,0.187,0.269,0.544
73800,0.183,0.266,0.552
73900,0.190,0.269,0.541
74000,0.186,0.269,0.545
74100,0.179,0.267,0.555
74200,0.169,0.272,0.560
74300,0.164,0.282,0.554
74400,0.164,0.268,0.568
74500,0.178,0.261,0.561
74600,0.176,0.256,0.568
74700,0.180,0.272,0.549
74800,0.184,0.270,0.546
74900,0.182,0.269,0.550
75000,0.186,0.268,0.546
75100,0.191,0.272,0.537
75200,0.182,0.263,0.556
75300,0.176,0.259,0.565
75400,0.171,0.259,0.570
75500,0.159,0.269,0.572
75600,0.156,0.270,0.574
75700,0.151,0.278,0.571
75800,0.143,0.275,0.582
75900,0.141,0.274,0.585
76000,0.150,0.278,0.572
76100,0.147,0.271,0.582
76200,0.152,0.271,0.577
76300,0.154,0.260,0.585
76400,0.154,0.260,0.585
76500,0.158,0.260,0.581
76600,0.159,0.266,0.575
76700,0.161,0.265,0.574
76800,0.154,0.259,0.586
76900,0.157,0.258,0.584
77000,0.156,0.268,0.576
77100,0.161,0.273,0.566
77200,0.170,0.273,0.558
77300,0.178,0.270,0.553
77400,0.188,0.269,0.543
77500,0.191,0.264,0.545
77600,0.183,0.266,0.552
77700,0.186,0.261,0.553
77800,0.198,0.267,0.535
77900,0.197,0.258,0.544
78000,0.199,0.257,0.543
78100,0.198,0.250,0.552
78200,0.194,0.247,0.559
78300,0.203,0.253,0.543
78400,0.198,0.244,0.558
78500,0.198,0.248,0.554
78600,0.202,0.245,0.553
78700,0.203,0.241,0.556
78800,0.206,0.245,0.549
78900,0.210,0.241,0.549
79000,0.208,0.240,0.552
79100,0.212,0.238,0.550
79200,0.199,0.244,0.557
79300,0.184,0.245,0.571
79400,0.192,0.248,0.560
79500,0.190,0.244,0.566
79600,0.188,0.251,0.561
79700,0.184,0.247,0.569
79800,0.187,0.247,0.566
79900,0.185,0.255,0.560
80000,0.186,0.260,0.554
80100,0.193,0.256,0.551
80200,0.180,0.257,0.563
80300,0.183,0.259,0.558
80400,0.190,0.260,0.550
80500,0.197,0.260,0.542
80600,0.202,0.261,0.536
80700,0.194,0.257,0.549
80800,0.193,0.255,0.552
80900,0.191,0.245,0.564
81000,0.187,0.249,0.564
81100,0.195,0.241,0.564
81200,0.193,0.248,0.559
81300,0.189,0.239,0.572
81400,0.202,0.243,0.555
81500,0.204,0.245,0.551
81600,0.208,0.252,0.539
81700,0.211,0.257,0.531
81800,0.208,0.255,0.536
81900,0.203,0.255,0.541
82000,0.210,0.249,0.540
82100,0.220,0.246,0.534
82200,0.222,0.246,0.532
82300,0.216,0.237,0.547
82400,0.218,0.237,0.545
82500,0.216,0.234,0.551
82600,0.216,0.235,0.550
82700,0.211,0.232,0.557
82800,0.206,0.236,0.558
82900,0.211,0.239,0.550
83000,0.202,0.238,0.560
83100,0.197,0.253,0.550
83200,0.191,0.258,0.551
83300,0.182,0.259,0.559
83400,0.181,0.266,0.554
83500,0.181,0.272,0.547
83600,0.173,0.271,0.557
83700,0.178,0.264,0.559
83800,0.161,0.259,0.579
83900,0.158,0.257,0.584
84000,0.168,0.257,0.575
84100,0.164,0.263,0.573
84200,0.165,0.257,0.577
84300,0.176,0.246,0.578
84400,0.179,0.252,0.569
84500,0.192,0.246,0.562
84600,0.189,0.246,0.565
84700,0.193,0.247,0.560
84800,0.189,0.264,0.547
84900,0.194,0.258,0.547
85000,0.196,0.256,0.547
85100,0.193,0.258,0.549
85200,0.195,0.255,0.550
85300,0.193,0.255,0.552
85400,0.183,0.254,0.563
85500,0.189,0.243,0.568
85600,0.189,0.251,0.560
85700,0.190,0.254,0.556
85800,0.182,0.259,0.559
85900,0.179,0.255,0.566
86000,0.185,0.244,0.571
86100,0.193,0.250,0.557
86200,0.191,0.252,0.557
86300,0.179,0.258,0.563
86400,0.184,0.259,0.557
86500,0.181,0.247,0.572
86600,0.196,0.236,0.568
86700,0.223,0.234,0.543
86800,0.213,0.237,0.550
86900,0.213,0.239,0.547
87000,0.204,0.243,0.553
87100,0.200,0.242,0.558
87200,0.208,0.234,0.558
87300,0.199,0.239,0.562
87400,0.196,0.240,0.564
87500,0.205,0.239,0.556
87600,0.199,0.233,0.568
87700,0.200,0.235,0.565
87800,0.183,0.235,0.582
87900,0.182,0.234,0.584
88000,0.182,0.229,0.589
88100,0.188,0.235,0.577
88200,0.191,0.238,0.571
88300,0.191,0.234,0.575
88400,0.188,0.235,0.577
88500,0.184,0.244,0.572
88600,0.183,0.242,0.575
88700,0.179,0.240,0.581
88800,0.197,0.237,0.566
88900,0.192,0.242,0.566
89000,0.204,0.249,0.546
89100,0.202,0.243,0.555
89200,0.189,0.234,0.577
89300,0.180,0.238,0.582
89400,0.188,0.237,0.575
89500,0.180,0.239,0.581
89600,0.191,0.231,0.578
89700,0.195,0.230,0.575
89800,0.196,0.236,0.568
89900,0.196,0.239,0.565
90000,0.196,0.239,0.565
90100,0.196,0.230,0.574
90200,0.181,0.229,0.590
90300,0.171,0.236,0.593
90400,0.176,0.234,0.590
90500,0.161,0.236,0.603
90600,0.155,0.242,0.603
90700,0.149,0.240,0.611
90800,0.137,0.238,0.625
90900,0.143,0.236,0.621
91000,0.146,0.236,0.618
91100,0.140,0.247,0.613
91200,0.137,0.245,0.618
91300,0.145,0.248,0.607
91400,0.147,0.255,0.598
91500,0.158,0.248,0.593
91600,0.165,0.244,0.590
91700,0.180,0.248,0.572
91800,0.183,0.242,0.575
91900,0.185,0.244,0.571
92000,0.194,0.245,0.561
92100,0.196,0.246,0.558
92200,0.193,0.244,0.563
92300,0.186,0.257,0.557
92400,0.185,0.255,0.560
92500,0.174,0.254,0.572
92600,0.168,0.267,0.566
92700,0.162,0.269,0.569
92800,0.166,0.269,0.565
92900,0.178,0.256,0.566
93000,0.170,0.247,0.583
93100,0.169,0.242,0.589
93200,0.162,0.251,0.586
93300,0.168,0.255,0.577
93400,0.170,0.251,0.579
93500,0.182,0.245,0.573
93600,0.187,0.253,0.560
93700,0.184,0.259,0.557
93800,0.180,0.251,0.569
93900,0.186,0.255,0.559
94000,0.185,0.246,0.569
94100,0.176,0.253,0.571
94200,0.176,0.254,0.570
94300,0.177,0.251,0.572
94400,0.172,0.241,0.587
94500,0.164,0.247,0.588
94600,0.172,0.247,0.581
94700,0.177,0.247,0.576
94800,0.177,0.277,0.546
94900,0.179,0.267,0.555
95000,0.176,0.258,0.566
95100,0.177,0.250,0.573
95200,0.179,0.263,0.559
95300,0.183,0.261,0.556
95400,0.192,0.269,0.539
95500,0.190,0.273,0.537
95600,0.187,0.263,0.551
95700,0.171,0.263,0.567
95800,0.172,0.257,0.571
95900,0.175,0.258,0.567
96000,0.178,0.248,0.574
96100,0.173,0.252,0.575
96200,0.181,0.256,0.563
96300,0.189,0.255,0.556
96400,0.191,0.256,0.553
96500,0.190,0.253,0.557
96600,0.188,0.249,0.563
96700,0.197,0.244,0.559
96800,0.203,0.243,0.554
96900,0.206,0.242,0.552
97000,0.218,0.246,0.536
97100,0.206,0.243,0.551
97200,0.203,0.231,0.566
97300,0.221,0.230,0.550
97400,0.228,0.250,0.522
97500,0.219,0.247,0.534
97600,0.212,0.249,0.538
97700,0.223,0.241,0.536
97800,0.220,0.245,0.535
97900,0.215,0.244,0.541
98000,0.209,0.246,0.544
98100,0.196,0.243,0.561
98200,0.198,0.236,0.566
98300,0.201,0.232,0.567
98400,0.196,0.245,0.559
98500,0.198,0.255,0.546
98600,0.195,0.265,0.540
98700,0.191,0.256,0.553
98800,0.184,0.251,0.565
98900,0.195,0.239,0.566
99000,0.199,0.245,0.556
99100,0.201,0.247,0.552
99200,0.200,0.255,0.544
99300,0.193,0.253,0.554
99400,0.187,0.253,0.560
99500,0.194,0.253,0.553
99600,0.193,0.247,0.560
99700,0.198,0.251,0.551
99800,0.201,0.250,0.549
99900,0.200,0.254,0.545
100000,0.199,0.249,0.552
100100,0.189,0.244,0.567
100200,0.189,0.249,0.562
100300,0.192,0.236,0.572
100400,0.194,0.238,0.568
100500,0.192,0.239,0.569
100600,0.196,0.245,0.559
100700,0.189,0.240,0.571
100800,0.189,0.235,0.576
100900,0.189,0.244,0.567
101000,0.196,0.247,0.557
101100,0.195,0.241,0.564
101200,0.190,0.242,0.568
101300,0.193,0.245,0.562
101400,0.193,0.239,0.568
101500,0.190,0.247,0.563
101600,0.193,0.247,0.560
101700,0.190,0.248,0.562
101800,0.186,0.255,0.559
101900,0.186,0.256,0.558
102000,0.187,0.246,0.567
102100,0.189,0.257,0.554
102200,0.209,0.256,0.534
102300,0.208,0.257,0.534
102400,0.206,0.268,0.526
102500,0.203,0.259,0.537
102600,0.201,0.259,0.539
102700,0.200,0.261,0.538
102800,0.199,0.261,0.539
102900,0.204,0.265,0.531
103000,0.201,0.260,0.538
103100,0.195,0.249,0.556
103200,0.194,0.242,0.564
103300,0.189,0.247,0.564
103400,0.194,0.245,0.561
103500,0.197,0.246,0.557
103600,0.198,0.252,0.550
103700,0.201,0.244,0.555
103800,0.197,0.248,0.555
103900,0.202,0.251,0.546
104000,0.190,0.243,0.567
104100,0.193,0.236,0.571
104200,0.190,0.242,0.568
104300,0.194,0.246,0.560
104400,0.194,0.244,0.562
104500,0.186,0.247,0.567
104600,0.181,0.244,0.575
104700,0.181,0.245,0.574
104800,0.187,0.239,0.574
104900,0.176,0.240,0.584
105000,0.172,0.242,0.586
105100,0.171,0.244,0.585
105200,0.161,0.250,0.588
105300,0.162,0.247,0.590
105400,0.177,0.247,0.576
105500,0.169,0.245,0.586
105600,0.174,0.245,0.581
105700,0.169,0.244,0.587
105800,0.173,0.243,0.584
105900,0.160,0.250,0.589
106000,0.163,0.244,0.592
106100,0.166,0.240,0.593
106200,0.162,0.249,0.588
106300,0.170,0.245,0.585
106400,0.163,0.241,0.596
106500,0.156,0.236,0.608
106600,0.164,0.230,0.606
106700,0.173,0.225,0.603
106800,0.179,0.235,0.586
106900,0.177,0.232,0.591
107000,0.176,0.229,0.596
107100,0.168,0.232,0.601
107200,0.171,0.237,0.592
107300,0.174,0.232,0.594
107400,0.183,0.233,0.584
107500,0.176,0.229,0.596
107600,0.183,0.228,0.589
107700,0.189,0.229,0.582
107800,0.180,0.220,0.601
107900,0.169,0.222,0.610
108000,0.166,0.221,0.613
108100,0.182,0.220,0.599
108200,0.170,0.223,0.608
108300,0.171,0.223,0.607
108400,0.163,0.228,0.609
108500,0.162,0.227,0.611
108600,0.154,0.234,0.612
108700,0.153,0.245,0.602
108800,0.156,0.252,0.591
108900,0.154,0.256,0.589
109000,0.158,0.257,0.584
109100,0.159,0.265,0.576
109200,0.168,0.255,0.577
109300,0.161,0.259,0.579
109400,0.156,0.257,0.586
109500,0.152,0.258,0.589
109600,0.155,0.258,0.586
109700,0.152,0.268,0.580
109800,0.152,0.268,0.580
109900,0.152,0.261,0.586
110000,0.154,0.252,0.593
110100,0.155,0.254,0.590
110200,0.158,0.256,0.585
110300,0.156,0.255,0.588
110400,0.157,0.259,0.583
110500,0.161,0.263,0.576
110600,0.165,0.264,0.571
110700,0.160,0.269,0.571
110800,0.156,0.256,0.587
110900,0.149,0.252,0.599
111000,0.145,0.252,0.603
111100,0.145,0.248,0.607
111200,0.152,0.255,0.592
111300,0.151,0.252,0.597
111400,0.152,0.252,0.596
111500,0.164,0.253,0.582
111600,0.179,0.255,0.566
111700,0.181,0.249,0.570
111800,0.173,0.253,0.574
111900,0.173,0.249,0.578
112000,0.166,0.245,0.588
112100,0.156,0.253,0.590
112200,0.150,0.252,0.598
112300,0.157,0.241,0.602
112400,0.156,0.242,0.602
112500,0.155,0.241,0.604
112600,0.157,0.248,0.594
112700,0.162,0.247,0.590
112800,0.164,0.236,0.600
112900,0.177,0.226,0.598
113000,0.172,0.220,0.609
113100,0.173,0.213,0.614
113200,0.173,0.213,0.614
113300,0.169,0.219,0.613
113400,0.180,0.215,0.606
113500,0.177,0.211,0.612
113600,0.178,0.206,0.616
113700,0.177,0.209,0.614
113800,0.181,0.209,0.610
113900,0.182,0.209,0.609
114000,0.176,0.210,0.614
114100,0.186,0.210,0.604
114200,0.186,0.218,0.597
114300,0.185,0.219,0.597
114400,0.193,0.216,0.591
114500,0.194,0.212,0.593
114600,0.200,0.211,0.588
114700,0.193,0.223,0.584
114800,0.186,0.233,0.581
114900,0.187,0.229,0.584
115000,0.189,0.238,0.573
115100,0.180,0.228,0.592
115200,0.183,0.229,0.588
115300,0.183,0.232,0.585
115400,0.181,0.234,0.585
115500,0.182,0.216,0.603
115600,0.183,0.225,0.592
115700,0.187,0.227,0.586
115800,0.182,0.225,0.593
115900,0.175,0.215,0.611
116000,0.174,0.203,0.623
116100,0.173,0.199,0.628
116200,0.166,0.200,0.633
116300,0.165,0.199,0.635
116400,0.165,0.209,0.625
116500,0.174,0.211,0.615
116600,0.181,0.208,0.611
116700,0.176,0.209,0.615
116800,0.171,0.219,0.611
116900,0.177,0.216,0.608
117000,0.165,0.219,0.616
117100,0.157,0.220,0.623
117200,0.156,0.217,0.627
117300,0.152,0.222,0.626
117400,0.159,0.220,0.621
117500,0.177,0.218,0.606
117600,0.171,0.227,0.603
117700,0.168,0.221,0.612
117800,0.182,0.219,0.600
117900,0.176,0.219,0.606
118000,0.182,0.233,0.585
118100,0.188,0.227,0.585
118200,0.180,0.226,0.594
118300,0.189,0.217,0.594
118400,0.191,0.215,0.594
118500,0.196,0.207,0.597
118600,0.184,0.209,0.607
118700,0.185,0.207,0.608
118800,0.189,0.218,0.593
118900,0.210,0.219,0.571
119000,0.202,0.212,0.585
119100,0.205,0.210,0.584
119200,0.206,0.220,0.574
119300,0.206,0.215,0.579
119400,0.210,0.216,0.574
119500,0.212,0.216,0.572
119600,0.217,0.210,0.573
119700,0.219,0.212,0.569
119800,0.207,0.212,0.580
119900,0.210,0.216,0.574
120000,0.207,0.212,0.580
120100,0.203,0.212,0.584
120200,0.203,0.216,0.581
120300,0.192,0.211,0.597
120400,0.190,0.211,0.599
120500,0.189,0.215,0.597
120600,0.186,0.221,0.593
120700,0.187,0.224,0.589
120800,0.191,0.221,0.588
120900,0.203,0.217,0.580
121000,0.195,0.225,0.580
121100,0.198,0.219,0.583
121200,0.200,0.221,0.579
121300,0.206,0.218,0.576
121400,0.199,0.218,0.583
121500,0.195,0.216,0.589
121600,0.192,0.209,0.599
121700,0.202,0.204,0.593
121800,0.181,0.203,0.616
121900,0.174,0.204,0.622
122000,0.165,0.207,0.627
122100,0.176,0.211,0.613
122200,0.182,0.226,0.592
122300,0.183,0.220,0.598
122400,0.182,0.213,0.605
122500,0.190,0.221,0.589
122600,0.194,0.221,0.585
122700,0.187,0.221,0.592
122800,0.180,0.224,0.597
122900,0.172,0.225,0.604
123000,0.175,0.228,0.598
123100,0.172,0.225,0.604
123200,0.170,0.224,0.607
123300,0.180,0.216,0.605
123400,0.179,0.210,0.611
123500,0.175,0.223,0.603
123600,0.179,0.229,0.592
123700,0.177,0.230,0.593
123800,0.182,0.222,0.597
123900,0.182,0.230,0.588
124000,0.186,0.229,0.585
124100,0.172,0.228,0.601
124200,0.183,0.229,0.588
124300,0.173,0.230,0.598
124400,0.175,0.233,0.592
124500,0.181,0.237,0.582
124600,0.179,0.233,0.588
124700,0.175,0.242,0.583
124800,0.173,0.239,0.588
124900,0.169,0.232,0.600
125000,0.175,0.237,0.588
125100,0.170,0.246,0.584
125200,0.173,0.250,0.577
125300,0.183,0.249,0.568
125400,0.182,0.245,0.573
125500,0.192,0.249,0.559
125600,0.181,0.257,0.562
125700,0.177,0.250,0.573
125800,0.183,0.248,0.569
125900,0.179,0.243,0.578
126000,0.168,0.247,0.585
126100,0.180,0.243,0.577
126200,0.190,0.246,0.564
126300,0.196,0.248,0.556
126400,0.193,0.240,0.567
126500,0.190,0.230,0.580
126600,0.200,0.228,0.572
126700,0.193,0.233,0.574
126800,0.190,0.237,0.573
126900,0.190,0.239,0.571
127000,0.187,0.233,0.580
127100,0.183,0.234,0.583
127200,0.179,0.236,0.585
127300,0.175,0.234,0.591
127400,0.182,0.241,0.577
127500,0.185,0.234,0.581
127600,0.192,0.226,0.582
127700,0.190,0.226,0.584
127800,0.196,0.231,0.573
127900,0.186,0.230,0.584
128000,0.208,0.235,0.557
128100,0.213,0.229,0.558
128200,0.212,0.233,0.555
128300,0.212,0.231,0.557
128400,0.209,0.230,0.561
128500,0.211,0.230,0.559
128600,0.211,0.228,0.561
128700,0.199,0.231,0.570
128800,0.201,0.225,0.574
128900,0.204,0.223,0.573
129000,0.212,0.223,0.565
129100,0.207,0.224,0.569
129200,0.213,0.225,0.562
129300,0.209,0.222,0.569
129400,0.209,0.211,0.579
129500,0.216,0.210,0.574
129600,0.229,0.212,0.559
129700,0.234,0.209,0.557
129800,0.229,0.208,0.563
129900,0.222,0.206,0.572
130000,0.229,0.204,0.567
130100,0.220,0.203,0.577
130200,0.222,0.205,0.573
130300,0.223,0.217,0.561
130400,0.210,0.218,0.572
130500,0.216,0.224,0.561
130600,0.217,0.222,0.562
130700,0.223,0.220,0.558
130800,0.215,0.221,0.565
130900,0.209,0.222,0.569
131000,0.199,0.223,0.578
131100,0.211,0.219,0.570
131200,0.209,0.215,0.576
131300,0.208,0.204,0.587
131400,0.199,0.198,0.603
131500,0.198,0.198,0.604
131600,0.202,0.198,0.600
131700,0.212,0.202,0.585
131800,0.204,0.206,0.589
131900,0.200,0.198,0.602
132000,0.196,0.209,0.594
132100,0.192,0.210,0.598
132200,0.188,0.212,0.600
132300,0.169,0.220,0.612
132400,0.169,0.235,0.597
132500,0.163,0.233,0.604
132600,0.168,0.235,0.598
132700,0.166,0.234,0.600
132800,0.165,0.233,0.602
132900,0.170,0.235,0.596
133000,0.164,0.223,0.613
133100,0.178,0.216,0.607
133200,0.166,0.220,0.614
133300,0.164,0.226,0.610
133400,0.162,0.219,0.619
133500,0.157,0.213,0.629
133600,0.156,0.229,0.615
133700,0.163,0.235,0.602
133800,0.160,0.227,0.613
133900,0.154,0.238,0.608
134000,0.160,0.237,0.603
134100,0.163,0.241,0.596
134200,0.166,0.241,0.592
134300,0.160,0.253,0.586
134400,0.161,0.257,0.581
134500,0.171,0.250,0.579
134600,0.171,0.244,0.585
134700,0.175,0.231,0.594
134800,0.178,0.234,0.588
134900,0.178,0.230,0.592
135000,0.164,0.233,0.603
135100,0.180,0.235,0.585
135200,0.188,0.231,0.581
135300,0.194,0.234,0.572
135400,0.200,0.243,0.557
135500,0.200,0.241,0.559
135600,0.199,0.242,0.559
135700,0.191,0.237,0.572
135800,0.199,0.229,0.572
135900,0.202,0.236,0.562
136000,0.200,0.238,0.562
136100,0.201,0.232,0.567
136200,0.202,0.230,0.568
136300,0.210,0.234,0.556
136400,0.204,0.234,0.562
136500,0.195,0.240,0.565
136600,0.193,0.240,0.567
136700,0.185,0.237,0.578
136800,0.190,0.239,0.571
136900,0.192,0.248,0.560
137000,0.187,0.243,0.570
137100,0.191,0.238,0.571
137200,0.186,0.238,0.576
137300,0.189,0.239,0.572
137400,0.185,0.235,0.580
137500,0.187,0.241,0.572
137600,0.196,0.237,0.567
137700,0.190,0.242,0.568
137800,0.192,0.240,0.568
137900,0.188,0.232,0.580
138000,0.196,0.237,0.567
138100,0.194,0.231,0.575
138200,0.188,0.220,0.592
138300,0.190,0.208,0.602
138400,0.201,0.211,0.587
138500,0.207,0.215,0.578
138600,0.207,0.216,0.577
138700,0.202,0.225,0.573
138800,0.202,0.226,0.572
138900,0.196,0.228,0.576
139000,0.195,0.228,0.577
139100,0.196,0.223,0.581
139200,0.197,0.220,0.583
139300,0.209,0.223,0.568
139400,0.212,0.220,0.568
139500,0.209,0.224,0.567
139600,0.218,0.222,0.561
139700,0.220,0.206,0.574
139800,0.210,0.209,0.580
139900,0.207,0.209,0.583
140000,0.205,0.212,0.582
140100,0.196,0.210,0.593
140200,0.204,0.213,0.582
140300,0.212,0.213,0.574
140400,0.223,0.211,0.566
140500,0.216,0.209,0.575
140600,0.215,0.218,0.568
140700,0.210,0.222,0.568
140800,0.217,0.225,0.559
140900,0.217,0.226,0.558
141000,0.209,0.221,0.570
141100,0.221,0.229,0.551
141200,0.213,0.223,0.564
141300,0.213,0.223,0.564
141400,0.217,0.218,0.566
141500,0.219,0.215,0.567
141600,0.219,0.212,0.569
141700,0.211,0.221,0.568
141800,0.216,0.213,0.571
141900,0.210,0.215,0.575
142000,0.204,0.215,0.581
142100,0.204,0.204,0.591
142200,0.202,0.210,0.587
142300,0.196,0.211,0.592
142400,0.207,0.217,0.576
142500,0.206,0.219,0.575
142600,0.201,0.213,0.585
142700,0.197,0.217,0.586
142800,0.208,0.215,0.577
142900,0.201,0.217,0.582
143000,0.199,0.220,0.581
143100,0.206,0.208,0.585
143200,0.211,0.207,0.581
143300,0.212,0.204,0.583
143400,0.212,0.215,0.573
143500,0.198,0.216,0.586
143600,0.200,0.210,0.589
143700,0.200,0.205,0.594
143800,0.206,0.208,0.585
143900,0.211,0.206,0.582
144000,0.202,0.201,0.597
144100,0.205,0.196,0.599
144200,0.200,0.211,0.588
144300,0.213,0.208,0.578
144400,0.218,0.204,0.578
144500,0.212,0.199,0.588
144600,0.217,0.197,0.586
144700,0.213,0.195,0.591
144800,0.217,0.201,0.582
144900,0.223,0.189,0.588
145000,0.225,0.180,0.596
145100,0.238,0.184,0.578
145200,0.247,0.182,0.571
145300,0.242,0.186,0.572
145400,0.226,0.191,0.583
145500,0.209,0.194,0.597
145600,0.212,0.196,0.591
145700,0.213,0.209,0.577
145800,0.199,0.201,0.600
145900,0.196,0.203,0.601
146000,0.204,0.198,0.598
146100,0.205,0.195,0.600
146200,0.206,0.196,0.598
146300,0.209,0.199,0.591
146400,0.217,0.203,0.580
146500,0.204,0.202,0.593
146600,0.194,0.199,0.607
146700,0.193,0.200,0.607
146800,0.211,0.196,0.592
146900,0.212,0.200,0.587
147000,0.208,0.197,0.594
147100,0.201,0.193,0.606
147200,0.208,0.186,0.606
147300,0.205,0.195,0.600
147400,0.212,0.182,0.606
147500,0.222,0.181,0.598
147600,0.224,0.180,0.597
147700,0.230,0.183,0.587
147800,0.227,0.190,0.583
147900,0.226,0.190,0.584
148000,0.215,0.203,0.582
148100,0.216,0.195,0.589
148200,0.218,0.195,0.587
148300,0.220,0.194,0.586
148400,0.220,0.198,0.582
148500,0.232,0.197,0.571
148600,0.220,0.203,0.577
148700,0.226,0.201,0.573
148800,0.226,0.198,0.576
148900,0.230,0.196,0.574
149000,0.227,0.203,0.570
149100,0.211,0.205,0.583
149200,0.215,0.209,0.576
149300,0.217,0.200,0.583
149400,0.210,0.199,0.590
149500,0.212,0.193,0.594
149600,0.230,0.189,0.581
149700,0.225,0.185,0.590
149800,0.225,0.184,0.591
149900,0.224,0.189,0.587
150000,0.227,0.204,0.569
150100,0.217,0.189,0.594
150200,0.209,0.187,0.604
150300,0.210,0.191,0.599
150400,0.208,0.192,0.600
150500,0.216,0.199,0.585
150600,0.223,0.199,0.578
150700,0.224,0.193,0.583
150800,0.220,0.191,0.589
150900,0.217,0.200,0.583
151000,0.208,0.197,0.594
151100,0.225,0.183,0.592
151200,0.227,0.179,0.594
151300,0.213,0.187,0.600
151400,0.217,0.185,0.599
151500,0.212,0.193,0.594
151600,0.220,0.192,0.588
151700,0.215,0.195,0.590
151800,0.203,0.199,0.598
151900,0.200,0.201,0.599
152000,0.197,0.200,0.603
152100,0.186,0.199,0.615
152200,0.189,0.195,0.616
152300,0.188,0.197,0.615
152400,0.204,0.196,0.600
152500,0.212,0.207,0.580
152600,0.208,0.213,0.578
152700,0.208,0.204,0.587
152800,0.217,0.197,0.586
152900,0.209,0.195,0.596
153000,0.219,0.189,0.592
153100,0.204,0.181,0.615
153200,0.213,0.186,0.601
153300,0.203,0.182,0.615
153400,0.227,0.182,0.591
153500,0.215,0.186,0.600
153600,0.223,0.188,0.589
153700,0.218,0.187,0.596
153800,0.217,0.188,0.596
153900,0.223,0.186,0.591
154000,0.228,0.189,0.583
154100,0.226,0.187,0.587
154200,0.220,0.190,0.590
154300,0.217,0.187,0.597
154400,0.221,0.188,0.591
154500,0.220,0.186,0.594
154600,0.220,0.190,0.590
154700,0.230,0.197,0.573
154800,0.232,0.199,0.569
154900,0.228,0.194,0.578
155000,0.229,0.201,0.570
155100,0.223,0.208,0.569
155200,0.228,0.203,0.569
155300,0.209,0.199,0.591
155400,0.201,0.207,0.591
155500,0.208,0.207,0.584
155600,0.213,0.201,0.585
155700,0.207,0.204,0.588
155800,0.209,0.201,0.589
155900,0.215,0.198,0.587
156000,0.231,0.201,0.568
156100,0.226,0.194,0.580
156200,0.218,0.196,0.586
156300,0.223,0.191,0.586
156400,0.212,0.186,0.602
156500,0.219,0.187,0.594
156600,0.219,0.191,0.590
156700,0.218,0.199,0.583
156800,0.221,0.198,0.581
156900,0.223,0.197,0.580
157000,0.216,0.197,0.587
157100,0.211,0.204,0.584
157200,0.224,0.202,0.574
157300,0.233,0.193,0.574
157400,0.240,0.193,0.567
157500,0.236,0.185,0.579
157600,0.235,0.181,0.584
157700,0.229,0.173,0.599
157800,0.227,0.172,0.602
157900,0.243,0.181,0.576
158000,0.249,0.180,0.571
158100,0.250,0.173,0.577
158200,0.248,0.172,0.580
158300,0.245,0.177,0.578
158400,0.245,0.181,0.574
158500,0.243,0.175,0.582
158600,0.239,0.181,0.580
158700,0.239,0.185,0.576
158800,0.233,0.184,0.583
158900,0.226,0.184,0.590
159000,0.237,0.179,0.584
159100,0.256,0.181,0.563
159200,0.252,0.182,0.566
159300,0.249,0.178,0.573
159400,0.240,0.181,0.579
159500,0.231,0.189,0.580
159600,0.252,0.181,0.567
159700,0.248,0.179,0.573
159800,0.242,0.171,0.587
159900,0.236,0.170,0.594
160000,0.240,0.177,0.583
160100,0.233,0.183,0.584
160200,0.215,0.179,0.607
160300,0.219,0.177,0.605
160400,0.218,0.173,0.610
160500,0.215,0.191,0.594
160600,0.220,0.182,0.599
160700,0.218,0.181,0.602
160800,0.219,0.181,0.601
160900,0.218,0.178,0.605
161000,0.208,0.179,0.613
161100,0.215,0.184,0.602
161200,0.217,0.182,0.602
161300,0.207,0.179,0.614
161400,0.216,0.182,0.603
161500,0.220,0.178,0.603
161600,0.225,0.187,0.588
161700,0.224,0.199,0.577
161800,0.227,0.196,0.577
161900,0.226,0.197,0.577
162000,0.218,0.197,0.585
162100,0.218,0.197,0.585
162200,0.219,0.197,0.584
162300,0.219,0.200,0.581
162400,0.216,0.203,0.581
162500,0.215,0.201,0.584
162600,0.219,0.192,0.589
162700,0.222,0.185,0.593
162800,0.224,0.193,0.583
162900,0.232,0.180,0.588
163000,0.242,0.184,0.574
163100,0.250,0.181,0.569
163200,0.254,0.186,0.560
163300,0.243,0.190,0.567
163400,0.243,0.184,0.573
163500,0.242,0.180,0.578
163600,0.248,0.186,0.566
163700,0.238,0.190,0.572
163800,0.236,0.191,0.573
163900,0.228,0.188,0.584
164000,0.223,0.191,0.586
164100,0.236,0.190,0.574
164200,0.232,0.190,0.578
164300,0.235,0.188,0.577
