time,n_A+p,n_B,n_AB
100,0.022,0.935,0.043
200,0.022,0.870,0.109
300,0.065,0.804,0.130
400,0.054,0.783,0.163
500,0.065,0.707,0.228
600,0.054,0.717,0.228
700,0.022,0.739,0.239
800,0.043,0.783,0.174
900,0.043,0.717,0.239
1000,0.054,0.728,0.217
1100,0.065,0.641,0.293
1200,0.054,0.707,0.239
1300,0.033,0.707,0.261
1400,0.043,0.772,0.185
1500,0.033,0.750,0.217
1600,0.065,0.783,0.152
1700,0.076,0.859,0.065
1800,0.054,0.880,0.065
1900,0.043,0.880,0.076
2000,0.054,0.848,0.098
2100,0.054,0.815,0.130
2200,0.033,0.793,0.174
2300,0.109,0.739,0.152
2400,0.109,0.696,0.196
2500,0.109,0.641,0.250
2600,0.120,0.565,0.315
2700,0.130,0.543,0.326
2800,0.109,0.576,0.315
2900,0.076,0.630,0.293
3000,0.087,0.587,0.326
3100,0.076,0.641,0.283
3200,0.065,0.685,0.250
3300,0.054,0.576,0.370
3400,0.033,0.641,0.326
3500,0.022,0.543,0.435
3600,0.065,0.587,0.348
3700,0.087,0.500,0.413
3800,0.065,0.511,0.424
3900,0.109,0.533,0.359
4000,0.141,0.457,0.402
4100,0.141,0.478,0.380
4200,0.141,0.467,0.391
4300,0.130,0.435,0.435
4400,0.141,0.424,0.435
4500,0.217,0.359,0.424
4600,0.250,0.283,0.467
4700,0.326,0.293,0.380
4800,0.359,0.337,0.304
4900,0.435,0.196,0.370
5000,0.413,0.185,0.402
5100,0.402,0.120,0.478
5200,0.467,0.109,0.424
5300,0.478,0.087,0.435
5400,0.511,0.087,0.402
5500,0.522,0.065,0.413
5600,0.554,0.087,0.359
5700,0.641,0.043,0.315
5800,0.696,0.043,0.261
5900,0.707,0.054,0.239
6000,0.674,0.033,0.293
6100,0.630,0.054,0.315
6200,0.630,0.043,0.326
6300,0.630,0.065,0.304
6400,0.598,0.065,0.337
6500,0.696,0.033,0.272
6600,0.696,0.065,0.239
6700,0.707,0.011,0.283
6800,0.739,0.000,0.261
6900,0.739,0.022,0.239
7000,0.696,0.011,0.293
7100,0.717,0.033,0.250
7200,0.783,0.022,0.196
7300,0.859,0.022,0.120
7400,0.902,0.022,0.076
7500,0.891,0.022,0.087
7600,0.913,0.011,0.076
7700,0.870,0.011,0.120
7800,0.946,0.011,0.043
7900,0.924,0.011,0.065
8000,0.935,0.011,0.054
8100,0.935,0.011,0.054
8200,0.967,0.011,0.022
8300,0.967,0.011,0.022
8400,0.967,0.011,0.022
8500,0.978,0.011,0.011
8600,0.978,0.011,0.011
8700,0.967,0.011,0.022
8800,0.978,0.000,0.022
8900,0.978,0.000,0.022
9000,0.989,0.000,0.011
9100,0.978,0.000,0.022
9200,0.967,0.000,0.033
9300,0.967,0.000,0.033
9400,0.978,0.000,0.022
9500,0.924,0.000,0.076
9600,0.935,0.000,0.065
9700,0.891,0.000,0.109
9800,0.837,0.011,0.152
9900,0.859,0.011,0.130
10000,0.815,0.011,0.174
10100,0.804,0.000,0.196
10200,0.848,0.000,0.152
10300,0.913,0.000,0.087
10400,0.891,0.000,0.109
10500,0.891,0.000,0.109
10600,0.859,0.022,0.120
10700,0.826,0.000,0.174
10800,0.826,0.011,0.163
10900,0.804,0.033,0.163
11000,0.859,0.000,0.141
11100,0.870,0.022,0.109
11200,0.870,0.011,0.120
11300,0.859,0.000,0.141
11400,0.870,0.000,0.130
11500,0.891,0.000,0.109
11600,0.880,0.011,0.109
11700,0.946,0.011,0.043
11800,0.946,0.022,0.033
11900,0.935,0.022,0.043
12000,0.924,0.011,0.065
12100,0.891,0.000,0.109
12200,0.870,0.000,0.130
12300,0.870,0.000,0.130
12400,0.891,0.000,0.109
12500,0.946,0.000,0.054
12600,0.967,0.000,0.033
12700,0.989,0.000,0.011
12800,0.989,0.000,0.011
12900,0.989,0.000,0.011
13000,0.989,0.000,0.011
13100,0.989,0.000,0.011
13200,1.000,0.000,0.000
