time,n_A+p,n_B,n_AB
500,0.080,0.841,0.079
1000,0.083,0.766,0.151
1500,0.083,0.724,0.193
2000,0.085,0.677,0.238
2500,0.085,0.635,0.280
3000,0.095,0.579,0.326
3500,0.095,0.572,0.333
4000,0.102,0.529,0.369
4500,0.115,0.494,0.391
5000,0.131,0.458,0.411
5500,0.132,0.423,0.445
6000,0.133,0.408,0.459
6500,0.145,0.399,0.456
7000,0.159,0.360,0.481
7500,0.164,0.330,0.506
8000,0.191,0.278,0.531
8500,0.236,0.268,0.496
9000,0.244,0.226,0.530
9500,0.242,0.187,0.571
10000,0.265,0.191,0.544
10500,0.303,0.180,0.517
11000,0.327,0.149,0.524
11500,0.333,0.133,0.534
12000,0.382,0.125,0.493
12500,0.373,0.121,0.506
13000,0.393,0.106,0.501
13500,0.429,0.093,0.478
14000,0.449,0.096,0.455
14500,0.482,0.072,0.446
15000,0.491,0.051,0.458
15500,0.530,0.039,0.431
16000,0.529,0.030,0.441
16500,0.532,0.029,0.439
17000,0.566,0.037,0.397
17500,0.598,0.030,0.372
18000,0.608,0.033,0.359
18500,0.653,0.026,0.321
19000,0.640,0.019,0.341
19500,0.645,0.013,0.342
20000,0.654,0.013,0.333
20500,0.704,0.007,0.289
21000,0.709,0.015,0.276
21500,0.688,0.008,0.304
22000,0.700,0.011,0.289
22500,0.732,0.009,0.259
23000,0.752,0.005,0.243
23500,0.769,0.006,0.225
24000,0.747,0.008,0.245
24500,0.748,0.008,0.244
25000,0.775,0.009,0.216
25500,0.782,0.005,0.213
26000,0.775,0.004,0.221
26500,0.790,0.011,0.199
27000,0.782,0.004,0.214
27500,0.807,0.003,0.190
28000,0.807,0.000,0.193
28500,0.815,0.007,0.178
29000,0.814,0.004,0.182
29500,0.791,0.001,0.208
30000,0.822,0.000,0.178
30500,0.840,0.000,0.160
31000,0.855,0.000,0.145
31500,0.852,0.000,0.148
32000,0.883,0.000,0.117
32500,0.876,0.000,0.124
33000,0.863,0.000,0.137
33500,0.875,0.000,0.125
34000,0.878,0.000,0.122
34500,0.883,0.003,0.114
35000,0.880,0.001,0.119
35500,0.879,0.001,0.120
36000,0.871,0.001,0.128
36500,0.872,0.000,0.128
37000,0.883,0.000,0.117
37500,0.864,0.000,0.136
38000,0.865,0.000,0.135
38500,0.879,0.000,0.121
39000,0.872,0.000,0.128
39500,0.877,0.000,0.123
40000,0.871,0.000,0.129
40500,0.886,0.000,0.114
41000,0.899,0.000,0.101
41500,0.902,0.000,0.098
42000,0.892,0.000,0.108
42500,0.883,0.000,0.117
43000,0.880,0.000,0.120
43500,0.866,0.003,0.131
44000,0.875,0.001,0.124
44500,0.886,0.001,0.113
45000,0.884,0.000,0.116
45500,0.900,0.001,0.099
46000,0.883,0.001,0.116
46500,0.887,0.001,0.112
47000,0.893,0.000,0.107
47500,0.914,0.000,0.086
48000,0.914,0.001,0.085
48500,0.929,0.000,0.071
49000,0.931,0.000,0.069
49500,0.937,0.000,0.063
50000,0.945,0.000,0.055
50500,0.946,0.000,0.054
51000,0.948,0.000,0.052
51500,0.960,0.000,0.040
52000,0.960,0.000,0.040
52500,0.959,0.000,0.041
53000,0.966,0.000,0.034
53500,0.975,0.000,0.025
54000,0.978,0.000,0.022
54500,0.989,0.000,0.011
55000,0.994,0.000,0.006
55500,0.995,0.000,0.005
56000,0.988,0.000,0.012
56500,0.992,0.000,0.008
57000,0.989,0.000,0.011
57500,0.987,0.000,0.013
58000,0.986,0.000,0.014
58500,0.985,0.000,0.015
59000,0.988,0.000,0.012
59500,0.990,0.000,0.010
60000,0.984,0.000,0.016
60500,0.990,0.000,0.010
61000,0.985,0.000,0.015
61500,0.984,0.000,0.016
62000,0.979,0.000,0.021
62500,0.983,0.000,0.017
63000,0.980,0.000,0.020
63500,0.982,0.000,0.018
64000,0.986,0.000,0.014
64500,0.981,0.000,0.019
65000,0.970,0.000,0.030
65500,0.979,0.000,0.021
66000,0.978,0.000,0.022
66500,0.983,0.000,0.017
67000,0.984,0.000,0.016
67500,0.987,0.000,0.013
68000,0.988,0.000,0.012
68500,0.989,0.000,0.011
69000,0.993,0.000,0.007
69500,0.995,0.000,0.005
70000,0.995,0.000,0.005
70500,0.994,0.000,0.006
71000,0.994,0.000,0.006
71500,0.994,0.000,0.006
72000,0.996,0.000,0.004
72500,0.996,0.000,0.004
73000,0.997,0.000,0.003
73500,1.000,0.000,0.000
