time,n_A+p,n_B,n_AB
100,0.030,0.967,0.003
200,0.030,0.964,0.006
300,0.031,0.963,0.006
400,0.031,0.958,0.011
500,0.031,0.957,0.012
600,0.031,0.952,0.017
700,0.031,0.947,0.022
800,0.031,0.948,0.021
900,0.031,0.944,0.026
1000,0.035,0.938,0.028
1100,0.034,0.935,0.032
1200,0.034,0.930,0.037
1300,0.034,0.919,0.047
1400,0.034,0.919,0.047
1500,0.032,0.916,0.052
1600,0.032,0.913,0.055
1700,0.035,0.912,0.053
1800,0.034,0.901,0.065
1900,0.033,0.904,0.063
2000,0.033,0.895,0.073
2100,0.032,0.890,0.079
2200,0.032,0.878,0.090
2300,0.032,0.879,0.089
2400,0.034,0.882,0.085
2500,0.033,0.878,0.089
2600,0.034,0.868,0.098
2700,0.037,0.864,0.099
2800,0.035,0.856,0.109
2900,0.035,0.859,0.106
3000,0.041,0.850,0.109
3100,0.039,0.847,0.114
3200,0.038,0.845,0.117
3300,0.039,0.843,0.118
3400,0.039,0.839,0.123
3500,0.043,0.836,0.122
3600,0.044,0.831,0.125
3700,0.043,0.820,0.137
3800,0.042,0.816,0.142
3900,0.049,0.805,0.146
4000,0.049,0.796,0.155
4100,0.046,0.793,0.161
4200,0.044,0.783,0.173
4300,0.042,0.782,0.176
4400,0.041,0.780,0.179
4500,0.040,0.780,0.180
4600,0.043,0.784,0.173
4700,0.045,0.780,0.175
4800,0.042,0.778,0.180
4900,0.042,0.773,0.185
5000,0.054,0.783,0.162
5100,0.057,0.782,0.160
5200,0.056,0.769,0.175
5300,0.059,0.765,0.176
5400,0.055,0.764,0.181
5500,0.054,0.754,0.192
5600,0.054,0.729,0.217
5700,0.058,0.728,0.213
5800,0.061,0.730,0.208
5900,0.060,0.722,0.218
6000,0.057,0.713,0.230
6100,0.059,0.716,0.225
6200,0.061,0.706,0.233
6300,0.062,0.701,0.237
6400,0.062,0.703,0.235
6500,0.056,0.685,0.258
6600,0.058,0.669,0.273
6700,0.064,0.659,0.277
6800,0.063,0.659,0.278
6900,0.063,0.664,0.273
7000,0.070,0.670,0.259
7100,0.072,0.670,0.258
7200,0.072,0.653,0.276
7300,0.066,0.649,0.285
7400,0.062,0.642,0.295
7500,0.058,0.645,0.297
7600,0.059,0.639,0.301
7700,0.068,0.639,0.292
7800,0.064,0.645,0.291
7900,0.065,0.631,0.303
8000,0.063,0.629,0.307
8100,0.067,0.611,0.322
8200,0.082,0.627,0.291
8300,0.084,0.611,0.305
8400,0.087,0.593,0.320
8500,0.087,0.582,0.331
8600,0.090,0.574,0.336
8700,0.084,0.580,0.336
8800,0.080,0.580,0.340
8900,0.082,0.584,0.334
9000,0.088,0.570,0.342
9100,0.091,0.571,0.338
9200,0.084,0.574,0.342
9300,0.083,0.573,0.344
9400,0.089,0.573,0.338
9500,0.089,0.579,0.332
9600,0.091,0.575,0.334
9700,0.092,0.579,0.329
9800,0.093,0.583,0.324
9900,0.097,0.572,0.331
10000,0.096,0.569,0.335
10100,0.094,0.577,0.329
10200,0.085,0.565,0.350
10300,0.083,0.582,0.335
10400,0.092,0.591,0.317
10500,0.092,0.581,0.327
10600,0.090,0.580,0.330
10700,0.091,0.580,0.329
10800,0.096,0.585,0.319
10900,0.102,0.573,0.325
11000,0.099,0.574,0.327
11100,0.084,0.574,0.342
11200,0.085,0.569,0.346
11300,0.088,0.566,0.346
11400,0.083,0.567,0.350
11500,0.075,0.561,0.365
11600,0.072,0.562,0.367
11700,0.082,0.556,0.363
11800,0.087,0.559,0.354
11900,0.097,0.553,0.350
12000,0.094,0.546,0.360
12100,0.090,0.568,0.342
12200,0.095,0.565,0.340
12300,0.096,0.565,0.339
12400,0.093,0.555,0.352
12500,0.094,0.550,0.356
12600,0.092,0.547,0.361
12700,0.090,0.550,0.361
12800,0.097,0.556,0.347
12900,0.102,0.540,0.358
13000,0.101,0.537,0.362
13100,0.101,0.529,0.370
13200,0.103,0.520,0.377
13300,0.106,0.523,0.371
13400,0.105,0.527,0.368
13500,0.107,0.524,0.369
13600,0.098,0.515,0.387
13700,0.090,0.517,0.393
13800,0.087,0.516,0.397
13900,0.083,0.499,0.418
14000,0.085,0.498,0.417
14100,0.084,0.505,0.412
14200,0.089,0.486,0.425
14300,0.098,0.486,0.416
14400,0.100,0.488,0.412
14500,0.099,0.484,0.417
14600,0.095,0.490,0.415
14700,0.100,0.494,0.406
14800,0.106,0.491,0.402
14900,0.102,0.495,0.402
15000,0.099,0.484,0.417
15100,0.100,0.486,0.414
15200,0.108,0.481,0.411
15300,0.103,0.471,0.426
15400,0.101,0.463,0.436
15500,0.100,0.467,0.433
15600,0.096,0.460,0.444
15700,0.099,0.462,0.439
15800,0.099,0.458,0.443
15900,0.095,0.459,0.446
16000,0.100,0.462,0.438
16100,0.097,0.459,0.444
16200,0.097,0.455,0.448
16300,0.097,0.456,0.447
16400,0.110,0.458,0.432
16500,0.103,0.447,0.449
16600,0.099,0.445,0.456
16700,0.095,0.440,0.465
16800,0.101,0.439,0.460
16900,0.103,0.437,0.460
17000,0.106,0.439,0.455
17100,0.118,0.443,0.438
17200,0.118,0.453,0.429
17300,0.113,0.446,0.440
17400,0.115,0.451,0.433
17500,0.112,0.451,0.436
17600,0.123,0.449,0.428
17700,0.117,0.458,0.425
17800,0.114,0.460,0.426
17900,0.118,0.461,0.421
18000,0.118,0.456,0.426
18100,0.117,0.457,0.426
18200,0.112,0.439,0.448
18300,0.136,0.436,0.428
18400,0.138,0.429,0.433
18500,0.134,0.424,0.442
18600,0.130,0.413,0.458
18700,0.138,0.406,0.457
18800,0.143,0.411,0.446
18900,0.129,0.402,0.469
19000,0.121,0.414,0.466
19100,0.125,0.421,0.455
19200,0.126,0.423,0.451
19300,0.126,0.427,0.447
19400,0.115,0.412,0.473
19500,0.118,0.414,0.468
19600,0.120,0.419,0.462
19700,0.129,0.423,0.448
19800,0.120,0.425,0.456
19900,0.135,0.424,0.441
20000,0.135,0.430,0.435
20100,0.139,0.414,0.447
20200,0.142,0.407,0.451
20300,0.142,0.406,0.453
20400,0.136,0.401,0.463
20500,0.148,0.406,0.446
20600,0.150,0.400,0.449
20700,0.145,0.392,0.463
20800,0.134,0.394,0.472
20900,0.126,0.391,0.483
21000,0.122,0.391,0.487
21100,0.120,0.401,0.479
21200,0.122,0.400,0.478
21300,0.112,0.383,0.505
21400,0.134,0.384,0.482
21500,0.129,0.388,0.483
21600,0.135,0.386,0.479
21700,0.137,0.379,0.484
21800,0.131,0.373,0.496
21900,0.140,0.373,0.487
22000,0.135,0.370,0.495
22100,0.132,0.360,0.509
22200,0.133,0.349,0.518
22300,0.150,0.354,0.495
22400,0.150,0.356,0.493
22500,0.150,0.350,0.499
22600,0.149,0.346,0.505
22700,0.147,0.351,0.502
22800,0.144,0.349,0.507
22900,0.135,0.350,0.515
23000,0.146,0.358,0.496
23100,0.150,0.366,0.484
23200,0.140,0.359,0.502
23300,0.133,0.363,0.505
23400,0.134,0.362,0.505
23500,0.144,0.371,0.485
23600,0.141,0.367,0.492
23700,0.132,0.362,0.507
23800,0.132,0.364,0.505
23900,0.134,0.362,0.505
24000,0.133,0.372,0.495
24100,0.130,0.381,0.489
24200,0.131,0.368,0.502
24300,0.135,0.367,0.498
24400,0.132,0.364,0.505
24500,0.131,0.366,0.504
24600,0.129,0.367,0.505
24700,0.133,0.363,0.505
24800,0.140,0.353,0.507
24900,0.141,0.356,0.503
25000,0.135,0.358,0.508
25100,0.142,0.361,0.497
25200,0.131,0.371,0.498
25300,0.142,0.370,0.488
25400,0.141,0.380,0.479
25500,0.146,0.373,0.481
25600,0.153,0.365,0.482
25700,0.138,0.362,0.501
25800,0.151,0.367,0.482
25900,0.147,0.377,0.476
26000,0.163,0.383,0.454
26100,0.153,0.383,0.464
26200,0.143,0.376,0.481
26300,0.135,0.376,0.489
26400,0.135,0.369,0.496
26500,0.127,0.374,0.499
26600,0.132,0.371,0.497
26700,0.132,0.370,0.498
26800,0.127,0.369,0.505
26900,0.127,0.364,0.510
27000,0.138,0.362,0.501
27100,0.137,0.365,0.498
27200,0.145,0.363,0.492
27300,0.150,0.355,0.494
27400,0.145,0.353,0.502
27500,0.142,0.358,0.501
27600,0.146,0.362,0.492
27700,0.135,0.361,0.505
27800,0.143,0.363,0.494
27900,0.140,0.362,0.498
28000,0.132,0.361,0.508
28100,0.137,0.365,0.498
28200,0.131,0.356,0.513
28300,0.130,0.356,0.514
28400,0.131,0.354,0.515
28500,0.141,0.367,0.492
28600,0.147,0.352,0.501
28700,0.142,0.345,0.513
28800,0.143,0.347,0.510
28900,0.137,0.345,0.518
29000,0.153,0.345,0.502
29100,0.162,0.347,0.490
29200,0.152,0.351,0.496
29300,0.153,0.349,0.497
29400,0.160,0.355,0.484
29500,0.157,0.349,0.493
29600,0.161,0.348,0.490
29700,0.159,0.342,0.498
29800,0.160,0.345,0.494
29900,0.160,0.359,0.481
30000,0.157,0.347,0.495
30100,0.149,0.351,0.499
30200,0.154,0.362,0.484
30300,0.155,0.366,0.479
30400,0.148,0.369,0.483
30500,0.142,0.365,0.493
30600,0.140,0.361,0.499
30700,0.149,0.351,0.499
30800,0.148,0.348,0.504
30900,0.145,0.346,0.509
31000,0.156,0.336,0.508
31100,0.163,0.345,0.491
31200,0.157,0.334,0.509
31300,0.162,0.333,0.505
31400,0.160,0.334,0.506
31500,0.170,0.336,0.494
31600,0.168,0.332,0.501
31700,0.165,0.348,0.486
31800,0.170,0.342,0.488
31900,0.184,0.336,0.480
32000,0.185,0.342,0.473
32100,0.190,0.338,0.472
32200,0.186,0.335,0.479
32300,0.183,0.327,0.490
32400,0.187,0.330,0.483
32500,0.185,0.325,0.490
32600,0.178,0.318,0.505
32700,0.174,0.321,0.506
32800,0.168,0.321,0.512
32900,0.165,0.323,0.512
33000,0.174,0.324,0.503
33100,0.170,0.337,0.493
33200,0.164,0.336,0.499
33300,0.159,0.329,0.512
33400,0.164,0.319,0.517
33500,0.164,0.316,0.520
33600,0.180,0.312,0.509
33700,0.189,0.316,0.495
33800,0.187,0.318,0.495
33900,0.177,0.320,0.504
34000,0.182,0.320,0.498
34100,0.185,0.315,0.501
34200,0.181,0.319,0.501
34300,0.174,0.327,0.499
34400,0.183,0.338,0.479
34500,0.180,0.337,0.483
34600,0.178,0.338,0.484
34700,0.181,0.332,0.487
34800,0.179,0.328,0.493
34900,0.175,0.334,0.491
35000,0.165,0.332,0.503
35100,0.154,0.329,0.517
35200,0.151,0.334,0.515
35300,0.159,0.324,0.517
35400,0.153,0.315,0.532
35500,0.144,0.320,0.536
35600,0.145,0.324,0.531
35700,0.136,0.321,0.543
35800,0.142,0.330,0.528
35900,0.149,0.333,0.518
36000,0.145,0.326,0.529
36100,0.144,0.320,0.536
36200,0.149,0.318,0.533
36300,0.152,0.321,0.527
36400,0.161,0.311,0.528
36500,0.160,0.308,0.531
36600,0.147,0.315,0.538
36700,0.143,0.319,0.538
36800,0.142,0.321,0.537
36900,0.143,0.324,0.533
37000,0.147,0.308,0.544
37100,0.157,0.309,0.533
37200,0.153,0.301,0.545
37300,0.160,0.302,0.537
37400,0.153,0.297,0.550
37500,0.162,0.311,0.527
37600,0.157,0.317,0.526
37700,0.154,0.315,0.531
37800,0.156,0.317,0.527
37900,0.162,0.315,0.523
38000,0.161,0.323,0.516
38100,0.154,0.318,0.528
38200,0.157,0.316,0.527
38300,0.170,0.308,0.522
38400,0.173,0.299,0.528
38500,0.166,0.300,0.533
38600,0.168,0.295,0.537
38700,0.160,0.282,0.558
38800,0.157,0.281,0.562
38900,0.157,0.285,0.558
39000,0.160,0.285,0.555
39100,0.153,0.281,0.566
39200,0.155,0.282,0.563
39300,0.160,0.296,0.543
39400,0.155,0.285,0.560
39500,0.165,0.287,0.547
39600,0.159,0.288,0.553
39700,0.160,0.290,0.550
39800,0.160,0.287,0.553
39900,0.160,0.284,0.556
40000,0.168,0.287,0.545
40100,0.158,0.283,0.559
40200,0.157,0.290,0.553
40300,0.177,0.290,0.533
40400,0.176,0.282,0.542
40500,0.173,0.279,0.549
40600,0.175,0.286,0.539
40700,0.171,0.281,0.549
40800,0.178,0.279,0.543
40900,0.174,0.272,0.555
41000,0.182,0.283,0.535
41100,0.187,0.277,0.536
41200,0.182,0.278,0.540
41300,0.172,0.279,0.550
41400,0.177,0.276,0.547
41500,0.172,0.271,0.558
41600,0.173,0.278,0.550
41700,0.185,0.278,0.537
41800,0.185,0.283,0.532
41900,0.175,0.283,0.542
42000,0.176,0.283,0.541
42100,0.177,0.291,0.532
42200,0.179,0.288,0.533
42300,0.181,0.285,0.534
42400,0.184,0.279,0.537
42500,0.181,0.281,0.538
42600,0.176,0.279,0.545
42700,0.182,0.286,0.532
42800,0.192,0.282,0.526
42900,0.188,0.274,0.538
43000,0.198,0.279,0.523
43100,0.201,0.272,0.527
43200,0.187,0.274,0.539
43300,0.180,0.264,0.557
43400,0.184,0.268,0.549
43500,0.178,0.271,0.552
43600,0.196,0.267,0.537
43700,0.200,0.260,0.539
43800,0.200,0.263,0.537
43900,0.198,0.265,0.537
44000,0.205,0.270,0.525
44100,0.213,0.268,0.519
44200,0.205,0.267,0.528
44300,0.194,0.279,0.527
44400,0.198,0.275,0.527
44500,0.206,0.284,0.510
44600,0.202,0.283,0.515
44700,0.200,0.288,0.512
44800,0.199,0.287,0.514
44900,0.200,0.295,0.505
45000,0.202,0.283,0.515
45100,0.193,0.279,0.528
45200,0.204,0.280,0.516
45300,0.209,0.275,0.516
45400,0.210,0.279,0.511
45500,0.203,0.283,0.514
45600,0.203,0.288,0.509
45700,0.180,0.286,0.534
45800,0.186,0.280,0.534
45900,0.181,0.274,0.545
46000,0.185,0.270,0.545
46100,0.191,0.266,0.543
46200,0.190,0.275,0.535
46300,0.186,0.274,0.540
46400,0.193,0.270,0.537
46500,0.185,0.268,0.547
46600,0.189,0.270,0.541
46700,0.186,0.269,0.545
46800,0.186,0.268,0.546
46900,0.189,0.276,0.535
47000,0.200,0.278,0.522
47100,0.196,0.270,0.534
47200,0.204,0.267,0.529
47300,0.217,0.263,0.521
47400,0.217,0.260,0.523
47500,0.209,0.261,0.529
47600,0.206,0.263,0.531
47700,0.208,0.261,0.530
47800,0.202,0.260,0.537
47900,0.196,0.268,0.536
48000,0.200,0.258,0.541
48100,0.196,0.254,0.550
48200,0.213,0.251,0.535
48300,0.208,0.256,0.535
48400,0.231,0.250,0.519
48500,0.233,0.252,0.515
48600,0.232,0.258,0.510
48700,0.231,0.257,0.512
48800,0.236,0.247,0.517
48900,0.226,0.249,0.525
49000,0.222,0.245,0.533
49100,0.223,0.254,0.523
49200,0.231,0.258,0.511
49300,0.233,0.257,0.510
49400,0.222,0.248,0.530
49500,0.208,0.250,0.541
49600,0.200,0.247,0.553
49700,0.186,0.250,0.564
49800,0.182,0.260,0.558
49900,0.177,0.261,0.562
50000,0.172,0.266,0.563
50100,0.176,0.264,0.561
50200,0.173,0.253,0.574
50300,0.182,0.261,0.557
50400,0.180,0.261,0.559
50500,0.188,0.265,0.547
50600,0.189,0.265,0.546
50700,0.191,0.267,0.542
50800,0.188,0.273,0.539
50900,0.201,0.273,0.526
51000,0.194,0.275,0.531
51100,0.213,0.269,0.518
51200,0.205,0.273,0.522
51300,0.204,0.273,0.523
51400,0.219,0.275,0.507
51500,0.218,0.278,0.505
51600,0.222,0.269,0.510
51700,0.217,0.266,0.518
51800,0.234,0.261,0.505
51900,0.231,0.261,0.508
52000,0.225,0.259,0.516
52100,0.212,0.255,0.532
52200,0.210,0.263,0.527
52300,0.223,0.259,0.518
52400,0.209,0.263,0.528
52500,0.211,0.259,0.529
52600,0.204,0.259,0.536
52700,0.207,0.255,0.537
52800,0.202,0.260,0.537
52900,0.197,0.267,0.536
53000,0.201,0.273,0.526
53100,0.212,0.270,0.518
53200,0.197,0.260,0.542
53300,0.201,0.269,0.530
53400,0.207,0.267,0.526
53500,0.211,0.272,0.517
53600,0.220,0.272,0.509
53700,0.217,0.274,0.510
53800,0.210,0.278,0.512
53900,0.218,0.276,0.507
54000,0.210,0.281,0.509
54100,0.200,0.282,0.518
54200,0.197,0.279,0.524
54300,0.187,0.278,0.535
54400,0.185,0.275,0.540
54500,0.189,0.289,0.522
54600,0.183,0.281,0.536
54700,0.176,0.289,0.535
54800,0.170,0.290,0.540
54900,0.172,0.288,0.540
55000,0.158,0.296,0.545
55100,0.160,0.292,0.547
55200,0.157,0.294,0.549
55300,0.157,0.290,0.553
55400,0.153,0.293,0.554
55500,0.152,0.290,0.558
55600,0.162,0.294,0.543
55700,0.166,0.302,0.531
55800,0.170,0.299,0.531
55900,0.169,0.304,0.527
56000,0.172,0.302,0.526
56100,0.160,0.290,0.550
56200,0.158,0.298,0.543
56300,0.154,0.292,0.554
56400,0.154,0.284,0.562
56500,0.148,0.285,0.567
56600,0.162,0.284,0.554
56700,0.164,0.284,0.552
56800,0.161,0.289,0.550
56900,0.173,0.283,0.544
57000,0.173,0.284,0.543
57100,0.164,0.288,0.547
57200,0.166,0.283,0.551
57300,0.170,0.283,0.547
57400,0.182,0.278,0.540
57500,0.179,0.276,0.545
57600,0.170,0.275,0.556
57700,0.173,0.277,0.551
57800,0.181,0.275,0.544
57900,0.172,0.272,0.557
58000,0.193,0.278,0.529
58100,0.186,0.284,0.530
58200,0.171,0.284,0.545
58300,0.172,0.282,0.546
58400,0.171,0.269,0.561
58500,0.176,0.267,0.558
58600,0.185,0.270,0.545
58700,0.188,0.269,0.543
58800,0.191,0.268,0.541
58900,0.181,0.266,0.554
59000,0.182,0.268,0.551
59100,0.178,0.269,0.554
59200,0.190,0.275,0.535
59300,0.191,0.278,0.531
59400,0.180,0.288,0.532
59500,0.170,0.286,0.544
59600,0.158,0.283,0.559
59700,0.156,0.287,0.557
59800,0.170,0.281,0.550
59900,0.172,0.268,0.561
60000,0.183,0.265,0.553
60100,0.183,0.264,0.554
60200,0.189,0.259,0.552
60300,0.189,0.265,0.546
60400,0.200,0.265,0.535
60500,0.196,0.260,0.543
60600,0.186,0.269,0.545
60700,0.191,0.267,0.542
60800,0.201,0.270,0.529
60900,0.193,0.271,0.536
61000,0.198,0.265,0.537
61100,0.199,0.256,0.544
61200,0.200,0.257,0.542
61300,0.196,0.256,0.547
61400,0.186,0.252,0.562
61500,0.189,0.254,0.557
61600,0.192,0.261,0.546
61700,0.187,0.267,0.546
61800,0.181,0.271,0.549
61900,0.176,0.279,0.545
62000,0.177,0.280,0.543
62100,0.180,0.275,0.545
62200,0.182,0.267,0.552
62300,0.179,0.260,0.561
62400,0.179,0.253,0.568
62500,0.182,0.254,0.564
62600,0.186,0.260,0.554
62700,0.176,0.256,0.568
62800,0.181,0.253,0.566
62900,0.171,0.256,0.573
63000,0.174,0.267,0.560
63100,0.170,0.264,0.567
63200,0.172,0.272,0.557
63300,0.177,0.278,0.545
63400,0.171,0.276,0.554
63500,0.171,0.279,0.551
63600,0.180,0.287,0.533
63700,0.178,0.286,0.536
63800,0.176,0.283,0.541
63900,0.169,0.283,0.549
64000,0.168,0.282,0.551
64100,0.164,0.288,0.547
64200,0.165,0.288,0.546
64300,0.166,0.279,0.555
64400,0.178,0.276,0.546
64500,0.177,0.276,0.547
64600,0.180,0.278,0.542
64700,0.179,0.277,0.544
64800,0.180,0.295,0.525
64900,0.176,0.290,0.534
65000,0.180,0.291,0.529
65100,0.171,0.286,0.543
65200,0.182,0.281,0.537
65300,0.179,0.278,0.543
65400,0.178,0.284,0.538
65500,0.180,0.278,0.542
65600,0.177,0.279,0.544
65700,0.179,0.271,0.551
65800,0.179,0.271,0.551
65900,0.178,0.277,0.545
66000,0.190,0.278,0.532
66100,0.186,0.280,0.534
66200,0.189,0.271,0.540
66300,0.184,0.264,0.553
66400,0.186,0.259,0.555
66500,0.193,0.261,0.545
66600,0.193,0.267,0.540
66700,0.194,0.259,0.546
66800,0.190,0.250,0.560
66900,0.190,0.248,0.562
67000,0.193,0.246,0.561
67100,0.198,0.241,0.561
67200,0.210,0.244,0.545
67300,0.223,0.249,0.528
67400,0.221,0.250,0.529
67500,0.225,0.248,0.527
67600,0.236,0.241,0.523
67700,0.232,0.236,0.532
67800,0.231,0.231,0.538
67900,0.230,0.234,0.536
68000,0.228,0.238,0.534
68100,0.228,0.247,0.525
68200,0.222,0.249,0.529
68300,0.211,0.252,0.536
68400,0.215,0.252,0.533
68500,0.205,0.249,0.545
68600,0.199,0.249,0.552
68700,0.208,0.249,0.542
68800,0.205,0.263,0.532
68900,0.198,0.263,0.539
69000,0.202,0.263,0.535
69100,0.213,0.263,0.524
69200,0.210,0.269,0.521
69300,0.200,0.270,0.530
69400,0.201,0.270,0.529
69500,0.205,0.267,0.528
69600,0.199,0.264,0.537
69700,0.199,0.257,0.543
69800,0.189,0.264,0.547
69900,0.176,0.270,0.555
70000,0.177,0.270,0.554
70100,0.183,0.268,0.550
70200,0.183,0.258,0.559
70300,0.186,0.261,0.553
70400,0.186,0.261,0.553
70500,0.194,0.261,0.544
70600,0.192,0.264,0.544
70700,0.184,0.266,0.551
70800,0.188,0.260,0.552
70900,0.185,0.258,0.557
71000,0.186,0.266,0.549
71100,0.189,0.272,0.539
71200,0.191,0.269,0.540
71300,0.192,0.257,0.551
71400,0.190,0.248,0.562
71500,0.197,0.255,0.547
71600,0.195,0.232,0.573
71700,0.207,0.230,0.563
71800,0.211,0.226,0.563
71900,0.211,0.226,0.563
72000,0.206,0.225,0.569
72100,0.212,0.234,0.554
72200,0.216,0.240,0.544
72300,0.212,0.243,0.544
72400,0.202,0.255,0.542
72500,0.195,0.248,0.557
72600,0.203,0.251,0.545
72700,0.211,0.253,0.535
72800,0.218,0.250,0.532
72900,0.216,0.248,0.536
73000,0.210,0.253,0.536
73100,0.213,0.254,0.532
73200,0.213,0.261,0.525
73300,0.207,0.263,0.530
73400,0.199,0.269,0.532
73500,0.196,0.268,0.536
73600,0.197,0.274,0.529
73700,0.197,0.269,0.534
73800,0.209,0.272,0.519
73900,0.212,0.277,0.511
74000,0.196,0.277,0.527
74100,0.200,0.277,0.523
74200,0.196,0.286,0.518
74300,0.209,0.281,0.510
74400,0.213,0.280,0.507
74500,0.220,0.277,0.504
74600,0.220,0.269,0.512
74700,0.217,0.267,0.517
74800,0.210,0.266,0.524
74900,0.211,0.263,0.526
75000,0.203,0.261,0.535
75100,0.202,0.263,0.535
75200,0.207,0.253,0.539
75300,0.205,0.247,0.547
75400,0.205,0.252,0.542
75500,0.202,0.258,0.539
75600,0.198,0.256,0.545
75700,0.197,0.263,0.540
75800,0.197,0.251,0.552
75900,0.216,0.267,0.518
76000,0.217,0.269,0.515
76100,0.217,0.273,0.511
76200,0.216,0.272,0.513
76300,0.219,0.266,0.516
76400,0.215,0.275,0.511
76500,0.211,0.277,0.512
76600,0.211,0.278,0.511
76700,0.205,0.280,0.515
76800,0.207,0.283,0.510
76900,0.190,0.274,0.536
77000,0.192,0.276,0.532
77100,0.184,0.260,0.556
77200,0.187,0.266,0.547
77300,0.187,0.264,0.550
77400,0.180,0.269,0.552
77500,0.190,0.271,0.539
77600,0.193,0.271,0.536
77700,0.188,0.267,0.545
77800,0.202,0.252,0.545
77900,0.200,0.253,0.546
78000,0.199,0.255,0.545
78100,0.208,0.260,0.531
78200,0.204,0.261,0.534
78300,0.200,0.261,0.538
78400,0.200,0.264,0.536
78500,0.200,0.275,0.525
78600,0.211,0.269,0.520
78700,0.204,0.265,0.531
78800,0.207,0.266,0.527
78900,0.203,0.263,0.534
79000,0.197,0.252,0.551
79100,0.202,0.261,0.536
79200,0.202,0.255,0.542
79300,0.204,0.247,0.549
79400,0.202,0.250,0.547
79500,0.199,0.247,0.554
79600,0.205,0.243,0.552
79700,0.204,0.238,0.558
79800,0.202,0.233,0.565
79900,0.194,0.231,0.575
80000,0.196,0.245,0.559
80100,0.198,0.249,0.553
80200,0.201,0.248,0.551
80300,0.204,0.243,0.553
80400,0.217,0.242,0.541
80500,0.223,0.248,0.529
80600,0.215,0.250,0.535
80700,0.215,0.252,0.533
80800,0.206,0.254,0.539
80900,0.216,0.251,0.533
81000,0.213,0.258,0.528
81100,0.218,0.266,0.517
81200,0.206,0.269,0.525
81300,0.198,0.265,0.537
81400,0.194,0.258,0.547
81500,0.211,0.254,0.534
81600,0.217,0.245,0.538
81700,0.207,0.244,0.549
81800,0.198,0.239,0.563
81900,0.195,0.235,0.570
82000,0.193,0.240,0.567
82100,0.202,0.238,0.560
82200,0.201,0.244,0.555
82300,0.203,0.240,0.557
82400,0.211,0.240,0.549
82500,0.204,0.237,0.559
82600,0.198,0.229,0.573
82700,0.191,0.233,0.576
82800,0.186,0.238,0.576
82900,0.185,0.241,0.574
83000,0.187,0.246,0.567
83100,0.185,0.246,0.569
83200,0.192,0.246,0.562
83300,0.189,0.250,0.561
83400,0.193,0.257,0.550
83500,0.195,0.257,0.547
83600,0.204,0.248,0.547
83700,0.199,0.242,0.559
83800,0.192,0.253,0.555
83900,0.185,0.248,0.567
84000,0.192,0.253,0.555
84100,0.194,0.242,0.564
84200,0.190,0.239,0.571
84300,0.189,0.234,0.577
84400,0.197,0.237,0.566
84500,0.192,0.241,0.567
84600,0.197,0.243,0.560
84700,0.189,0.240,0.571
84800,0.197,0.242,0.561
84900,0.191,0.251,0.558
85000,0.185,0.259,0.556
85100,0.186,0.261,0.553
85200,0.180,0.259,0.561
85300,0.184,0.261,0.555
85400,0.194,0.260,0.545
85500,0.202,0.251,0.546
85600,0.210,0.243,0.546
85700,0.202,0.241,0.557
85800,0.195,0.243,0.562
85900,0.204,0.245,0.551
86000,0.207,0.248,0.544
86100,0.208,0.245,0.546
86200,0.207,0.241,0.552
86300,0.205,0.236,0.559
86400,0.203,0.239,0.558
86500,0.198,0.236,0.566
86600,0.192,0.238,0.570
86700,0.190,0.235,0.575
86800,0.197,0.237,0.566
86900,0.193,0.235,0.572
87000,0.204,0.242,0.554
87100,0.199,0.245,0.556
87200,0.187,0.248,0.565
87300,0.189,0.245,0.566
87400,0.193,0.240,0.567
87500,0.189,0.240,0.571
87600,0.194,0.236,0.570
87700,0.211,0.239,0.550
87800,0.207,0.238,0.555
87900,0.200,0.248,0.552
88000,0.194,0.242,0.564
88100,0.193,0.230,0.577
88200,0.193,0.236,0.571
88300,0.194,0.241,0.565
88400,0.204,0.237,0.559
88500,0.205,0.233,0.562
88600,0.204,0.232,0.564
88700,0.205,0.222,0.573
88800,0.217,0.233,0.551
88900,0.220,0.228,0.553
89000,0.225,0.227,0.549
89100,0.221,0.227,0.553
89200,0.246,0.224,0.530
89300,0.243,0.227,0.530
89400,0.240,0.222,0.538
89500,0.234,0.227,0.539
89600,0.233,0.230,0.537
89700,0.228,0.229,0.543
89800,0.227,0.228,0.545
89900,0.224,0.224,0.553
90000,0.236,0.224,0.540
90100,0.238,0.221,0.541
90200,0.237,0.218,0.545
90300,0.244,0.226,0.530
90400,0.241,0.225,0.534
90500,0.242,0.225,0.533
90600,0.228,0.222,0.551
90700,0.238,0.219,0.543
90800,0.230,0.225,0.545
90900,0.230,0.233,0.537
91000,0.216,0.232,0.553
91100,0.206,0.232,0.562
91200,0.211,0.234,0.555
91300,0.209,0.236,0.555
91400,0.212,0.233,0.555
91500,0.213,0.233,0.554
91600,0.208,0.236,0.556
91700,0.204,0.237,0.559
91800,0.200,0.236,0.564
91900,0.207,0.231,0.562
92000,0.204,0.240,0.556
92100,0.201,0.250,0.549
92200,0.204,0.245,0.551
92300,0.204,0.236,0.560
92400,0.192,0.237,0.571
92500,0.195,0.234,0.571
92600,0.203,0.238,0.559
92700,0.195,0.239,0.566
92800,0.199,0.242,0.559
92900,0.193,0.245,0.562
93000,0.185,0.240,0.575
93100,0.187,0.234,0.579
93200,0.194,0.227,0.579
93300,0.194,0.223,0.583
93400,0.178,0.232,0.590
93500,0.175,0.232,0.593
93600,0.180,0.238,0.582
93700,0.178,0.245,0.577
93800,0.180,0.240,0.580
93900,0.173,0.237,0.590
94000,0.180,0.226,0.594
94100,0.178,0.223,0.600
94200,0.180,0.235,0.585
94300,0.165,0.231,0.604
94400,0.162,0.235,0.603
94500,0.160,0.245,0.594
94600,0.164,0.239,0.597
94700,0.158,0.241,0.601
94800,0.163,0.238,0.599
94900,0.154,0.240,0.606
95000,0.148,0.253,0.599
95100,0.146,0.254,0.600
95200,0.159,0.251,0.589
95300,0.157,0.250,0.592
95400,0.160,0.253,0.586
95500,0.166,0.254,0.579
95600,0.165,0.245,0.589
95700,0.158,0.249,0.592
95800,0.154,0.254,0.591
95900,0.158,0.261,0.580
96000,0.188,0.246,0.566
96100,0.185,0.249,0.566
96200,0.185,0.251,0.564
96300,0.186,0.250,0.564
96400,0.188,0.258,0.554
96500,0.189,0.254,0.557
96600,0.195,0.252,0.553
96700,0.202,0.244,0.554
96800,0.193,0.241,0.566
96900,0.193,0.242,0.565
97000,0.193,0.236,0.571
97100,0.189,0.233,0.578
97200,0.187,0.231,0.582
97300,0.190,0.231,0.579
97400,0.195,0.230,0.575
97500,0.223,0.230,0.547
97600,0.232,0.229,0.539
97700,0.224,0.234,0.542
97800,0.225,0.237,0.538
97900,0.224,0.233,0.543
98000,0.230,0.236,0.534
98100,0.213,0.233,0.554
98200,0.217,0.230,0.554
98300,0.216,0.234,0.551
98400,0.213,0.232,0.555
98500,0.201,0.239,0.560
98600,0.207,0.243,0.550
98700,0.219,0.248,0.533
98800,0.225,0.252,0.523
98900,0.221,0.249,0.530
99000,0.202,0.248,0.550
99100,0.197,0.242,0.561
99200,0.194,0.250,0.556
99300,0.191,0.250,0.559
99400,0.198,0.251,0.551
99500,0.199,0.247,0.554
99600,0.204,0.248,0.547
99700,0.192,0.247,0.561
99800,0.205,0.244,0.551
99900,0.200,0.259,0.540
100000,0.189,0.249,0.562
