time,n_A+p,n_B,n_AB
500,0.010,0.989,0.001
1000,0.010,0.986,0.004
1500,0.010,0.982,0.008
2000,0.010,0.981,0.009
2500,0.011,0.975,0.015
3000,0.011,0.976,0.014
3500,0.011,0.972,0.018
4000,0.011,0.970,0.020
4500,0.011,0.965,0.025
5000,0.011,0.961,0.029
5500,0.011,0.958,0.032
6000,0.011,0.956,0.033
6500,0.011,0.953,0.036
7000,0.011,0.955,0.034
7500,0.011,0.950,0.040
8000,0.011,0.947,0.042
8500,0.011,0.948,0.041
9000,0.011,0.948,0.041
9500,0.011,0.947,0.042
10000,0.011,0.941,0.049
10500,0.011,0.941,0.049
11000,0.011,0.938,0.052
11500,0.011,0.941,0.049
12000,0.011,0.935,0.054
12500,0.011,0.926,0.062
13000,0.012,0.922,0.066
13500,0.011,0.913,0.077
14000,0.011,0.908,0.081
14500,0.012,0.906,0.082
15000,0.013,0.899,0.088
15500,0.014,0.895,0.091
16000,0.013,0.886,0.100
16500,0.014,0.872,0.114
17000,0.018,0.861,0.122
17500,0.017,0.859,0.124
18000,0.016,0.849,0.135
18500,0.017,0.844,0.140
19000,0.016,0.838,0.146
19500,0.015,0.831,0.155
20000,0.014,0.829,0.157
20500,0.015,0.829,0.156
21000,0.015,0.824,0.162
21500,0.018,0.812,0.169
22000,0.020,0.804,0.175
22500,0.020,0.796,0.183
23000,0.018,0.790,0.191
23500,0.019,0.775,0.205
24000,0.018,0.771,0.210
24500,0.018,0.764,0.217
25000,0.018,0.757,0.225
25500,0.022,0.743,0.235
26000,0.021,0.740,0.240
26500,0.020,0.736,0.244
27000,0.022,0.733,0.245
27500,0.022,0.722,0.256
28000,0.022,0.720,0.258
28500,0.031,0.702,0.267
29000,0.033,0.694,0.274
29500,0.032,0.674,0.294
30000,0.041,0.664,0.295
30500,0.045,0.655,0.299
31000,0.051,0.647,0.301
31500,0.046,0.636,0.317
32000,0.048,0.633,0.319
32500,0.043,0.629,0.328
33000,0.043,0.628,0.330
33500,0.040,0.617,0.343
34000,0.041,0.615,0.344
34500,0.040,0.613,0.348
35000,0.040,0.610,0.350
35500,0.043,0.600,0.358
36000,0.049,0.606,0.345
36500,0.049,0.600,0.351
37000,0.053,0.585,0.362
37500,0.051,0.570,0.379
38000,0.054,0.554,0.391
38500,0.057,0.546,0.396
39000,0.058,0.541,0.401
39500,0.057,0.536,0.407
40000,0.056,0.538,0.406
40500,0.053,0.527,0.419
41000,0.060,0.517,0.423
41500,0.064,0.514,0.422
42000,0.070,0.506,0.423
42500,0.069,0.505,0.426
43000,0.078,0.493,0.429
43500,0.077,0.492,0.430
44000,0.074,0.475,0.451
44500,0.074,0.478,0.448
45000,0.076,0.480,0.444
45500,0.078,0.474,0.448
46000,0.080,0.472,0.448
46500,0.081,0.482,0.437
47000,0.081,0.480,0.439
47500,0.083,0.471,0.446
48000,0.089,0.465,0.447
48500,0.092,0.453,0.454
49000,0.099,0.450,0.452
49500,0.105,0.448,0.446
50000,0.102,0.441,0.456
50500,0.103,0.446,0.451
51000,0.104,0.441,0.456
51500,0.113,0.427,0.460
52000,0.105,0.421,0.474
52500,0.103,0.412,0.484
53000,0.105,0.418,0.476
53500,0.112,0.423,0.465
54000,0.110,0.422,0.468
54500,0.110,0.417,0.473
55000,0.116,0.413,0.471
55500,0.120,0.416,0.463
56000,0.126,0.411,0.464
56500,0.128,0.402,0.470
57000,0.124,0.396,0.480
57500,0.123,0.399,0.478
58000,0.120,0.394,0.486
58500,0.124,0.392,0.483
59000,0.118,0.385,0.497
59500,0.116,0.388,0.496
60000,0.122,0.394,0.483
60500,0.127,0.394,0.479
61000,0.136,0.373,0.490
61500,0.141,0.372,0.486
62000,0.129,0.377,0.494
62500,0.127,0.372,0.501
63000,0.127,0.373,0.499
63500,0.128,0.363,0.510
64000,0.124,0.364,0.512
64500,0.124,0.365,0.511
65000,0.131,0.371,0.498
65500,0.133,0.359,0.508
66000,0.140,0.347,0.512
66500,0.139,0.351,0.510
67000,0.132,0.350,0.518
67500,0.135,0.343,0.522
68000,0.142,0.349,0.509
68500,0.145,0.351,0.503
69000,0.146,0.343,0.510
69500,0.149,0.344,0.507
70000,0.158,0.336,0.506
70500,0.162,0.331,0.508
71000,0.162,0.330,0.508
71500,0.161,0.330,0.509
72000,0.160,0.326,0.514
72500,0.158,0.317,0.526
73000,0.153,0.303,0.543
73500,0.160,0.297,0.542
74000,0.162,0.293,0.545
74500,0.160,0.297,0.543
75000,0.158,0.301,0.540
75500,0.162,0.304,0.534
76000,0.158,0.300,0.541
76500,0.176,0.295,0.528
77000,0.176,0.290,0.533
77500,0.178,0.294,0.528
78000,0.181,0.294,0.524
78500,0.179,0.295,0.526
79000,0.178,0.287,0.535
79500,0.180,0.289,0.531
80000,0.172,0.289,0.539
80500,0.172,0.290,0.538
81000,0.166,0.293,0.540
81500,0.173,0.285,0.542
82000,0.185,0.280,0.535
82500,0.185,0.274,0.541
83000,0.191,0.277,0.532
83500,0.191,0.274,0.535
84000,0.201,0.270,0.529
84500,0.199,0.272,0.529
85000,0.202,0.266,0.532
85500,0.203,0.262,0.535
86000,0.204,0.261,0.536
86500,0.195,0.255,0.551
87000,0.200,0.240,0.560
87500,0.205,0.248,0.547
88000,0.203,0.251,0.547
88500,0.206,0.254,0.540
89000,0.206,0.256,0.538
89500,0.208,0.255,0.536
90000,0.201,0.257,0.542
90500,0.205,0.254,0.541
91000,0.209,0.235,0.555
91500,0.210,0.241,0.548
92000,0.213,0.245,0.542
92500,0.206,0.240,0.554
93000,0.206,0.237,0.557
93500,0.211,0.239,0.550
94000,0.216,0.230,0.553
94500,0.219,0.230,0.551
95000,0.225,0.233,0.542
95500,0.225,0.235,0.540
96000,0.231,0.234,0.535
96500,0.238,0.224,0.538
97000,0.245,0.221,0.533
97500,0.252,0.216,0.531
98000,0.256,0.213,0.531
98500,0.249,0.197,0.554
99000,0.261,0.200,0.539
99500,0.268,0.196,0.536
100000,0.268,0.193,0.539
100500,0.270,0.196,0.534
101000,0.277,0.201,0.522
101500,0.278,0.206,0.516
102000,0.273,0.199,0.528
102500,0.270,0.214,0.516
103000,0.261,0.224,0.515
103500,0.252,0.223,0.525
104000,0.246,0.221,0.533
104500,0.244,0.221,0.535
105000,0.238,0.219,0.543
105500,0.240,0.221,0.539
106000,0.245,0.219,0.536
106500,0.246,0.214,0.540
107000,0.241,0.225,0.534
107500,0.236,0.223,0.541
108000,0.244,0.228,0.528
108500,0.252,0.221,0.527
109000,0.248,0.221,0.531
109500,0.244,0.205,0.551
110000,0.233,0.203,0.565
110500,0.235,0.201,0.565
111000,0.241,0.204,0.554
111500,0.239,0.210,0.550
112000,0.240,0.208,0.552
112500,0.245,0.215,0.539
113000,0.249,0.209,0.542
113500,0.253,0.206,0.540
114000,0.256,0.202,0.542
114500,0.261,0.193,0.547
115000,0.264,0.190,0.546
115500,0.254,0.193,0.553
116000,0.251,0.193,0.557
116500,0.256,0.196,0.548
117000,0.257,0.196,0.548
117500,0.259,0.192,0.549
118000,0.274,0.190,0.536
118500,0.270,0.195,0.535
119000,0.266,0.198,0.536
119500,0.263,0.199,0.538
120000,0.257,0.196,0.547
120500,0.255,0.193,0.552
121000,0.256,0.197,0.547
121500,0.265,0.195,0.541
122000,0.270,0.185,0.544
122500,0.269,0.173,0.558
123000,0.280,0.183,0.537
123500,0.294,0.179,0.526
124000,0.294,0.178,0.528
124500,0.292,0.175,0.532
125000,0.302,0.172,0.526
125500,0.293,0.162,0.544
126000,0.292,0.166,0.542
126500,0.292,0.169,0.539
127000,0.290,0.171,0.539
127500,0.277,0.172,0.551
128000,0.274,0.177,0.548
128500,0.272,0.186,0.542
129000,0.275,0.185,0.540
129500,0.274,0.177,0.549
130000,0.275,0.174,0.550
130500,0.278,0.180,0.542
131000,0.279,0.169,0.553
131500,0.274,0.166,0.560
132000,0.270,0.175,0.554
132500,0.285,0.176,0.539
133000,0.285,0.183,0.532
133500,0.270,0.179,0.551
134000,0.274,0.184,0.542
134500,0.266,0.193,0.541
135000,0.269,0.203,0.528
135500,0.274,0.195,0.532
136000,0.287,0.189,0.524
136500,0.294,0.202,0.504
137000,0.307,0.199,0.495
137500,0.304,0.204,0.491
138000,0.296,0.201,0.503
138500,0.288,0.194,0.518
139000,0.281,0.181,0.537
139500,0.280,0.180,0.540
140000,0.280,0.188,0.532
140500,0.272,0.182,0.546
141000,0.276,0.182,0.542
141500,0.271,0.178,0.551
142000,0.280,0.184,0.536
142500,0.281,0.175,0.543
143000,0.283,0.177,0.540
143500,0.286,0.171,0.543
144000,0.292,0.180,0.527
144500,0.281,0.179,0.540
145000,0.274,0.173,0.553
145500,0.291,0.172,0.536
146000,0.293,0.172,0.535
146500,0.296,0.168,0.536
147000,0.297,0.165,0.538
147500,0.300,0.172,0.528
148000,0.304,0.176,0.520
148500,0.307,0.168,0.524
149000,0.308,0.173,0.518
149500,0.307,0.169,0.524
150000,0.314,0.167,0.520
150500,0.318,0.157,0.525
151000,0.310,0.165,0.525
151500,0.297,0.164,0.539
152000,0.305,0.172,0.524
152500,0.305,0.168,0.527
153000,0.305,0.159,0.537
153500,0.303,0.169,0.528
154000,0.319,0.168,0.514
154500,0.310,0.171,0.518
155000,0.307,0.175,0.517
155500,0.305,0.182,0.513
156000,0.300,0.178,0.522
156500,0.290,0.174,0.535
157000,0.289,0.167,0.544
157500,0.291,0.167,0.543
158000,0.295,0.174,0.531
158500,0.296,0.175,0.529
159000,0.291,0.182,0.526
159500,0.292,0.181,0.526
160000,0.282,0.180,0.537
160500,0.289,0.174,0.536
161000,0.286,0.172,0.542
161500,0.281,0.170,0.550
162000,0.277,0.175,0.548
162500,0.270,0.173,0.556
163000,0.271,0.176,0.552
163500,0.270,0.176,0.554
164000,0.268,0.175,0.557
164500,0.274,0.183,0.542
165000,0.280,0.174,0.546
165500,0.287,0.182,0.531
166000,0.285,0.177,0.538
166500,0.293,0.177,0.529
167000,0.291,0.172,0.536
167500,0.292,0.171,0.537
168000,0.284,0.168,0.548
168500,0.294,0.173,0.533
169000,0.305,0.177,0.518
169500,0.299,0.175,0.526
170000,0.293,0.178,0.528
170500,0.289,0.176,0.535
171000,0.287,0.175,0.538
171500,0.279,0.181,0.540
172000,0.278,0.177,0.545
172500,0.281,0.175,0.544
173000,0.282,0.184,0.534
173500,0.282,0.177,0.540
174000,0.286,0.180,0.534
174500,0.274,0.174,0.552
175000,0.283,0.175,0.542
175500,0.289,0.173,0.538
176000,0.285,0.172,0.542
176500,0.283,0.188,0.530
177000,0.282,0.175,0.542
177500,0.279,0.178,0.543
178000,0.284,0.177,0.538
178500,0.275,0.180,0.545
179000,0.290,0.186,0.524
179500,0.284,0.179,0.536
180000,0.289,0.194,0.518
180500,0.280,0.196,0.524
181000,0.272,0.184,0.544
181500,0.272,0.176,0.552
182000,0.280,0.178,0.541
182500,0.277,0.178,0.545
183000,0.278,0.175,0.547
183500,0.278,0.172,0.551
184000,0.284,0.169,0.547
184500,0.282,0.173,0.544
185000,0.280,0.180,0.540
185500,0.284,0.178,0.538
186000,0.277,0.179,0.544
186500,0.272,0.187,0.541
187000,0.277,0.178,0.545
187500,0.281,0.172,0.547
188000,0.284,0.175,0.540
188500,0.273,0.180,0.548
189000,0.268,0.185,0.546
189500,0.268,0.184,0.547
190000,0.263,0.191,0.546
190500,0.261,0.200,0.539
191000,0.257,0.208,0.534
191500,0.257,0.204,0.539
192000,0.263,0.207,0.529
192500,0.265,0.193,0.542
193000,0.264,0.200,0.536
193500,0.270,0.192,0.539
194000,0.261,0.193,0.546
194500,0.260,0.180,0.559
195000,0.259,0.188,0.553
195500,0.262,0.192,0.546
196000,0.257,0.202,0.541
196500,0.250,0.203,0.547
197000,0.244,0.205,0.551
197500,0.242,0.203,0.554
198000,0.251,0.194,0.556
198500,0.259,0.196,0.546
199000,0.267,0.193,0.541
199500,0.271,0.185,0.544
200000,0.277,0.196,0.527
200500,0.273,0.202,0.525
201000,0.272,0.198,0.530
201500,0.281,0.195,0.524
202000,0.279,0.195,0.526
202500,0.281,0.180,0.538
203000,0.286,0.184,0.530
203500,0.276,0.184,0.539
204000,0.288,0.181,0.530
204500,0.294,0.179,0.527
205000,0.290,0.179,0.530
205500,0.284,0.186,0.529
206000,0.280,0.192,0.528
206500,0.270,0.191,0.539
207000,0.269,0.197,0.534
207500,0.275,0.208,0.518
208000,0.278,0.212,0.509
208500,0.276,0.209,0.515
209000,0.269,0.207,0.525
209500,0.267,0.196,0.537
210000,0.275,0.196,0.530
210500,0.268,0.196,0.536
211000,0.272,0.192,0.536
211500,0.271,0.194,0.535
212000,0.267,0.204,0.529
212500,0.272,0.209,0.518
213000,0.281,0.203,0.515
213500,0.277,0.204,0.520
214000,0.278,0.203,0.519
214500,0.274,0.198,0.528
215000,0.280,0.202,0.518
215500,0.270,0.207,0.523
216000,0.263,0.199,0.538
216500,0.265,0.195,0.540
217000,0.257,0.183,0.560
217500,0.269,0.180,0.550
218000,0.275,0.192,0.533
218500,0.277,0.186,0.538
219000,0.272,0.193,0.535
219500,0.265,0.189,0.546
220000,0.256,0.185,0.558
220500,0.251,0.191,0.558
221000,0.264,0.202,0.534
221500,0.262,0.201,0.538
222000,0.267,0.203,0.530
222500,0.261,0.198,0.542
223000,0.263,0.201,0.536
223500,0.277,0.205,0.518
224000,0.276,0.209,0.515
224500,0.262,0.206,0.531
225000,0.267,0.205,0.527
225500,0.265,0.197,0.539
226000,0.275,0.189,0.536
226500,0.272,0.184,0.544
227000,0.264,0.182,0.554
227500,0.256,0.180,0.564
228000,0.261,0.184,0.555
228500,0.258,0.191,0.552
229000,0.261,0.193,0.547
229500,0.259,0.192,0.550
230000,0.267,0.199,0.534
230500,0.272,0.201,0.527
231000,0.271,0.205,0.524
231500,0.266,0.202,0.532
232000,0.265,0.203,0.532
232500,0.263,0.198,0.540
233000,0.259,0.201,0.540
233500,0.253,0.202,0.546
234000,0.256,0.202,0.542
234500,0.254,0.197,0.549
235000,0.261,0.199,0.540
235500,0.255,0.204,0.541
236000,0.265,0.204,0.531
236500,0.258,0.208,0.533
237000,0.268,0.213,0.519
237500,0.267,0.215,0.518
238000,0.276,0.220,0.505
238500,0.266,0.218,0.516
239000,0.273,0.213,0.514
239500,0.272,0.211,0.517
240000,0.272,0.205,0.523
240500,0.274,0.193,0.533
241000,0.280,0.195,0.525
241500,0.284,0.179,0.536
242000,0.288,0.178,0.533
242500,0.280,0.172,0.548
243000,0.279,0.174,0.546
243500,0.288,0.169,0.543
244000,0.292,0.172,0.536
244500,0.298,0.172,0.530
245000,0.295,0.170,0.534
245500,0.294,0.166,0.540
246000,0.297,0.176,0.527
246500,0.295,0.184,0.521
247000,0.292,0.195,0.513
247500,0.283,0.197,0.520
248000,0.281,0.193,0.526
248500,0.274,0.192,0.535
249000,0.261,0.194,0.546
249500,0.271,0.188,0.541
250000,0.275,0.179,0.546
250500,0.279,0.182,0.539
251000,0.277,0.185,0.538
251500,0.275,0.194,0.532
252000,0.269,0.190,0.542
252500,0.257,0.192,0.552
253000,0.262,0.189,0.549
253500,0.265,0.194,0.541
254000,0.273,0.181,0.546
254500,0.266,0.184,0.549
255000,0.255,0.186,0.560
255500,0.260,0.186,0.554
256000,0.267,0.194,0.539
256500,0.264,0.197,0.540
257000,0.263,0.198,0.540
257500,0.266,0.194,0.541
258000,0.268,0.192,0.541
258500,0.263,0.183,0.554
259000,0.264,0.193,0.544
259500,0.274,0.191,0.536
260000,0.271,0.186,0.543
260500,0.280,0.185,0.534
261000,0.287,0.178,0.534
261500,0.286,0.180,0.534
262000,0.296,0.174,0.530
262500,0.303,0.167,0.530
263000,0.299,0.163,0.538
263500,0.299,0.162,0.539
264000,0.302,0.164,0.534
264500,0.299,0.156,0.545
265000,0.302,0.164,0.533
265500,0.304,0.168,0.528
266000,0.300,0.170,0.530
266500,0.301,0.173,0.526
267000,0.303,0.173,0.524
267500,0.319,0.166,0.515
268000,0.308,0.169,0.523
268500,0.310,0.166,0.523
269000,0.299,0.170,0.531
269500,0.306,0.171,0.523
270000,0.304,0.182,0.513
270500,0.306,0.194,0.499
271000,0.301,0.181,0.518
271500,0.305,0.174,0.520
272000,0.304,0.185,0.510
272500,0.308,0.182,0.509
273000,0.310,0.182,0.507
273500,0.312,0.178,0.510
274000,0.306,0.184,0.509
274500,0.304,0.185,0.511
275000,0.309,0.187,0.504
275500,0.302,0.183,0.514
276000,0.306,0.190,0.504
276500,0.299,0.196,0.505
277000,0.284,0.198,0.518
277500,0.276,0.192,0.532
278000,0.271,0.189,0.540
278500,0.271,0.186,0.543
279000,0.269,0.189,0.543
279500,0.252,0.192,0.557
280000,0.249,0.198,0.553
280500,0.249,0.202,0.548
281000,0.246,0.203,0.550
281500,0.248,0.202,0.550
282000,0.243,0.207,0.549
282500,0.246,0.208,0.545
283000,0.250,0.202,0.548
283500,0.247,0.202,0.551
284000,0.247,0.199,0.553
284500,0.254,0.193,0.553
285000,0.253,0.204,0.544
285500,0.243,0.207,0.549
286000,0.248,0.204,0.547
286500,0.252,0.199,0.549
287000,0.246,0.193,0.560
287500,0.255,0.190,0.556
288000,0.264,0.189,0.547
288500,0.260,0.190,0.550
289000,0.255,0.192,0.553
289500,0.248,0.190,0.562
290000,0.253,0.181,0.566
290500,0.262,0.192,0.546
291000,0.267,0.188,0.546
291500,0.267,0.185,0.548
292000,0.264,0.189,0.547
292500,0.256,0.194,0.551
293000,0.252,0.205,0.543
293500,0.256,0.210,0.534
294000,0.258,0.209,0.532
294500,0.264,0.207,0.529
295000,0.268,0.198,0.534
295500,0.271,0.197,0.532
296000,0.270,0.196,0.534
296500,0.264,0.191,0.545
297000,0.270,0.185,0.544
297500,0.275,0.183,0.542
298000,0.271,0.177,0.552
298500,0.270,0.189,0.542
299000,0.274,0.189,0.537
299500,0.272,0.188,0.540
300000,0.275,0.190,0.535
300500,0.264,0.186,0.550
301000,0.267,0.188,0.545
301500,0.257,0.187,0.556
302000,0.262,0.192,0.546
302500,0.249,0.198,0.553
303000,0.243,0.202,0.554
303500,0.244,0.197,0.558
304000,0.244,0.209,0.546
304500,0.246,0.214,0.540
305000,0.255,0.220,0.526
305500,0.252,0.214,0.534
306000,0.258,0.224,0.518
306500,0.251,0.223,0.526
307000,0.240,0.224,0.536
307500,0.242,0.222,0.536
308000,0.246,0.222,0.532
308500,0.248,0.224,0.528
309000,0.245,0.223,0.532
309500,0.247,0.218,0.534
310000,0.248,0.211,0.540
310500,0.257,0.207,0.536
311000,0.265,0.200,0.536
311500,0.273,0.196,0.532
312000,0.289,0.203,0.508
312500,0.295,0.199,0.506
313000,0.297,0.190,0.513
313500,0.305,0.189,0.506
314000,0.296,0.191,0.513
314500,0.283,0.204,0.513
315000,0.288,0.195,0.517
315500,0.277,0.195,0.528
316000,0.269,0.200,0.532
316500,0.273,0.193,0.535
317000,0.279,0.202,0.519
317500,0.280,0.202,0.518
318000,0.269,0.196,0.536
318500,0.269,0.194,0.538
319000,0.265,0.198,0.537
319500,0.267,0.202,0.532
320000,0.267,0.203,0.530
320500,0.257,0.212,0.532
321000,0.245,0.210,0.544
321500,0.238,0.207,0.555
322000,0.231,0.216,0.552
322500,0.232,0.216,0.552
323000,0.230,0.210,0.560
323500,0.222,0.212,0.566
324000,0.230,0.216,0.554
324500,0.225,0.221,0.554
325000,0.217,0.225,0.557
325500,0.216,0.226,0.557
326000,0.225,0.223,0.552
326500,0.220,0.216,0.564
327000,0.217,0.208,0.575
327500,0.230,0.211,0.559
328000,0.234,0.213,0.553
328500,0.237,0.215,0.547
329000,0.238,0.220,0.542
329500,0.248,0.209,0.543
330000,0.251,0.213,0.536
330500,0.257,0.207,0.536
331000,0.253,0.213,0.534
331500,0.254,0.211,0.535
332000,0.255,0.212,0.533
332500,0.252,0.210,0.538
333000,0.244,0.214,0.542
333500,0.241,0.214,0.544
334000,0.232,0.216,0.551
334500,0.231,0.222,0.548
335000,0.233,0.219,0.548
335500,0.244,0.212,0.544
336000,0.253,0.213,0.534
336500,0.241,0.209,0.549
337000,0.243,0.202,0.555
337500,0.239,0.205,0.555
338000,0.237,0.211,0.551
338500,0.227,0.208,0.565
339000,0.229,0.202,0.570
339500,0.235,0.208,0.556
340000,0.229,0.209,0.562
340500,0.222,0.214,0.564
341000,0.233,0.220,0.547
341500,0.236,0.227,0.537
342000,0.237,0.222,0.541
342500,0.240,0.221,0.539
343000,0.246,0.211,0.542
343500,0.241,0.208,0.550
344000,0.245,0.202,0.552
344500,0.262,0.209,0.529
345000,0.255,0.213,0.532
345500,0.256,0.214,0.529
346000,0.254,0.213,0.532
346500,0.248,0.208,0.543
347000,0.247,0.213,0.539
347500,0.245,0.205,0.549
348000,0.251,0.215,0.535
348500,0.256,0.215,0.529
349000,0.257,0.214,0.529
349500,0.266,0.212,0.521
350000,0.269,0.216,0.514
350500,0.269,0.207,0.525
351000,0.270,0.206,0.524
351500,0.268,0.207,0.525
352000,0.265,0.213,0.521
352500,0.261,0.214,0.526
353000,0.257,0.207,0.536
353500,0.264,0.201,0.535
354000,0.259,0.201,0.540
354500,0.262,0.199,0.540
355000,0.263,0.192,0.545
355500,0.275,0.189,0.537
356000,0.276,0.178,0.545
356500,0.273,0.181,0.545
357000,0.278,0.188,0.535
357500,0.277,0.180,0.542
358000,0.276,0.184,0.540
358500,0.285,0.199,0.516
359000,0.283,0.194,0.523
359500,0.279,0.193,0.529
360000,0.281,0.196,0.523
360500,0.293,0.196,0.510
361000,0.292,0.193,0.515
361500,0.292,0.194,0.514
362000,0.281,0.196,0.523
362500,0.275,0.192,0.534
363000,0.271,0.183,0.546
363500,0.273,0.192,0.535
364000,0.269,0.190,0.541
364500,0.263,0.186,0.551
365000,0.261,0.189,0.550
365500,0.258,0.207,0.535
366000,0.256,0.203,0.541
366500,0.260,0.207,0.532
367000,0.262,0.202,0.536
367500,0.258,0.209,0.533
368000,0.252,0.209,0.539
368500,0.254,0.215,0.530
369000,0.250,0.225,0.525
369500,0.234,0.228,0.539
370000,0.241,0.230,0.529
370500,0.248,0.227,0.525
371000,0.242,0.226,0.532
371500,0.234,0.233,0.533
372000,0.231,0.226,0.544
372500,0.238,0.227,0.535
373000,0.232,0.228,0.541
373500,0.236,0.223,0.541
374000,0.234,0.211,0.554
374500,0.241,0.222,0.537
375000,0.258,0.220,0.522
375500,0.266,0.220,0.514
376000,0.264,0.218,0.517
376500,0.264,0.222,0.514
377000,0.260,0.217,0.523
377500,0.264,0.198,0.538
378000,0.269,0.198,0.534
378500,0.268,0.198,0.535
379000,0.268,0.201,0.531
379500,0.268,0.191,0.541
380000,0.261,0.194,0.545
380500,0.260,0.198,0.542
381000,0.270,0.202,0.528
381500,0.269,0.200,0.531
382000,0.272,0.199,0.530
382500,0.270,0.203,0.527
383000,0.269,0.195,0.536
383500,0.277,0.197,0.527
384000,0.278,0.183,0.539
384500,0.263,0.179,0.558
385000,0.266,0.175,0.559
385500,0.269,0.187,0.544
386000,0.266,0.188,0.546
386500,0.276,0.191,0.533
387000,0.276,0.189,0.535
387500,0.272,0.197,0.531
388000,0.268,0.198,0.534
388500,0.272,0.199,0.529
389000,0.273,0.202,0.525
389500,0.279,0.202,0.520
390000,0.276,0.197,0.528
390500,0.281,0.188,0.532
391000,0.272,0.182,0.546
391500,0.271,0.182,0.547
392000,0.272,0.189,0.539
392500,0.275,0.183,0.541
393000,0.286,0.199,0.515
393500,0.293,0.197,0.510
394000,0.292,0.199,0.509
394500,0.289,0.204,0.507
395000,0.287,0.198,0.516
395500,0.301,0.189,0.510
396000,0.301,0.185,0.514
396500,0.298,0.189,0.512
397000,0.293,0.188,0.519
397500,0.297,0.175,0.527
398000,0.291,0.182,0.527
398500,0.281,0.173,0.546
399000,0.286,0.177,0.537
399500,0.284,0.190,0.526
400000,0.282,0.200,0.518
400500,0.286,0.197,0.517
401000,0.289,0.197,0.514
401500,0.293,0.197,0.511
402000,0.291,0.192,0.517
402500,0.287,0.186,0.526
403000,0.282,0.182,0.536
403500,0.280,0.180,0.539
404000,0.276,0.194,0.530
404500,0.274,0.188,0.538
405000,0.272,0.183,0.545
405500,0.281,0.192,0.527
406000,0.280,0.192,0.528
406500,0.282,0.185,0.532
407000,0.270,0.185,0.545
407500,0.268,0.182,0.549
408000,0.267,0.182,0.551
408500,0.268,0.178,0.554
409000,0.265,0.195,0.540
409500,0.264,0.192,0.544
410000,0.267,0.191,0.542
410500,0.265,0.194,0.541
411000,0.273,0.192,0.536
411500,0.265,0.196,0.540
412000,0.251,0.195,0.555
412500,0.255,0.200,0.545
413000,0.242,0.212,0.545
413500,0.255,0.212,0.533
414000,0.247,0.213,0.539
414500,0.249,0.209,0.541
415000,0.243,0.212,0.545
415500,0.242,0.205,0.552
416000,0.244,0.208,0.548
416500,0.244,0.216,0.540
417000,0.236,0.225,0.539
417500,0.240,0.226,0.534
418000,0.251,0.226,0.524
418500,0.246,0.227,0.527
419000,0.257,0.222,0.522
419500,0.263,0.211,0.525
420000,0.275,0.212,0.514
420500,0.275,0.204,0.520
421000,0.275,0.207,0.519
421500,0.280,0.209,0.511
422000,0.271,0.205,0.523
422500,0.265,0.210,0.526
423000,0.266,0.210,0.524
423500,0.263,0.211,0.526
424000,0.254,0.216,0.530
424500,0.266,0.217,0.516
425000,0.263,0.217,0.519
425500,0.266,0.206,0.528
426000,0.268,0.207,0.525
426500,0.271,0.199,0.530
427000,0.272,0.202,0.526
427500,0.278,0.200,0.522
428000,0.270,0.203,0.527
428500,0.266,0.204,0.530
429000,0.277,0.201,0.523
429500,0.275,0.199,0.526
430000,0.277,0.196,0.527
430500,0.286,0.192,0.522
431000,0.285,0.189,0.526
431500,0.277,0.189,0.534
432000,0.274,0.188,0.539
432500,0.277,0.194,0.530
433000,0.290,0.186,0.524
433500,0.284,0.199,0.517
434000,0.299,0.186,0.514
434500,0.296,0.182,0.521
435000,0.300,0.177,0.522
435500,0.294,0.178,0.527
436000,0.285,0.175,0.540
436500,0.291,0.175,0.534
437000,0.284,0.178,0.538
437500,0.278,0.182,0.540
438000,0.280,0.179,0.540
438500,0.280,0.188,0.532
439000,0.278,0.193,0.530
439500,0.274,0.196,0.530
440000,0.279,0.189,0.533
440500,0.281,0.184,0.534
441000,0.285,0.194,0.521
441500,0.289,0.179,0.532
442000,0.288,0.176,0.535
442500,0.282,0.174,0.544
443000,0.281,0.163,0.556
443500,0.283,0.165,0.553
444000,0.276,0.160,0.565
444500,0.277,0.160,0.564
445000,0.281,0.168,0.551
445500,0.282,0.178,0.540
446000,0.275,0.178,0.547
446500,0.282,0.171,0.547
447000,0.276,0.175,0.549
447500,0.287,0.178,0.534
448000,0.294,0.176,0.530
448500,0.292,0.174,0.533
449000,0.291,0.175,0.534
449500,0.291,0.178,0.530
450000,0.300,0.178,0.521
450500,0.294,0.185,0.521
451000,0.292,0.184,0.523
451500,0.290,0.177,0.533
452000,0.295,0.178,0.527
452500,0.288,0.175,0.536
453000,0.290,0.175,0.534
453500,0.284,0.182,0.533
454000,0.283,0.183,0.533
454500,0.291,0.193,0.516
455000,0.279,0.202,0.520
455500,0.277,0.194,0.530
456000,0.275,0.199,0.526
456500,0.286,0.205,0.509
457000,0.289,0.204,0.506
457500,0.289,0.192,0.519
458000,0.283,0.196,0.520
458500,0.274,0.186,0.540
459000,0.272,0.185,0.542
459500,0.273,0.186,0.541
460000,0.272,0.189,0.540
460500,0.267,0.180,0.552
461000,0.285,0.172,0.543
461500,0.288,0.180,0.531
462000,0.275,0.174,0.550
462500,0.273,0.170,0.557
463000,0.272,0.177,0.550
463500,0.272,0.183,0.545
464000,0.272,0.190,0.538
464500,0.268,0.182,0.550
465000,0.270,0.174,0.555
465500,0.279,0.168,0.553
466000,0.280,0.173,0.547
466500,0.279,0.169,0.552
467000,0.285,0.168,0.547
467500,0.283,0.172,0.545
468000,0.290,0.177,0.532
468500,0.283,0.178,0.538
469000,0.288,0.180,0.532
469500,0.287,0.174,0.538
470000,0.283,0.184,0.532
470500,0.282,0.182,0.535
471000,0.285,0.190,0.525
471500,0.285,0.189,0.526
472000,0.290,0.187,0.522
472500,0.281,0.180,0.539
473000,0.281,0.181,0.538
473500,0.284,0.177,0.538
474000,0.273,0.181,0.546
474500,0.285,0.184,0.530
475000,0.285,0.183,0.532
475500,0.288,0.189,0.523
476000,0.292,0.184,0.523
476500,0.293,0.195,0.512
477000,0.284,0.194,0.522
477500,0.277,0.190,0.533
478000,0.277,0.194,0.529
478500,0.276,0.198,0.527
479000,0.268,0.188,0.544
479500,0.270,0.187,0.543
480000,0.272,0.183,0.545
480500,0.278,0.183,0.539
481000,0.282,0.175,0.542
481500,0.281,0.181,0.538
482000,0.288,0.179,0.532
482500,0.290,0.171,0.539
483000,0.294,0.168,0.538
483500,0.290,0.171,0.539
484000,0.298,0.174,0.527
484500,0.299,0.176,0.524
485000,0.299,0.183,0.518
485500,0.285,0.180,0.534
486000,0.272,0.178,0.550
486500,0.275,0.181,0.543
487000,0.268,0.189,0.543
487500,0.259,0.188,0.553
488000,0.265,0.188,0.547
488500,0.254,0.184,0.562
489000,0.255,0.185,0.560
489500,0.258,0.188,0.554
490000,0.249,0.200,0.550
490500,0.243,0.207,0.549
491000,0.244,0.210,0.546
491500,0.246,0.208,0.545
492000,0.244,0.210,0.545
492500,0.242,0.211,0.546
493000,0.247,0.216,0.537
493500,0.239,0.205,0.556
494000,0.238,0.201,0.561
494500,0.238,0.202,0.560
495000,0.239,0.203,0.557
495500,0.238,0.207,0.554
496000,0.243,0.201,0.555
496500,0.247,0.209,0.544
497000,0.246,0.207,0.547
497500,0.242,0.208,0.549
498000,0.243,0.212,0.545
498500,0.251,0.219,0.530
499000,0.254,0.219,0.527
499500,0.249,0.218,0.532
500000,0.254,0.201,0.545
500500,0.252,0.208,0.540
501000,0.256,0.203,0.541
501500,0.264,0.201,0.536
502000,0.260,0.200,0.541
502500,0.260,0.196,0.544
503000,0.260,0.185,0.555
503500,0.269,0.186,0.545
504000,0.271,0.188,0.542
504500,0.262,0.190,0.549
505000,0.265,0.187,0.548
505500,0.264,0.180,0.555
506000,0.269,0.183,0.548
506500,0.273,0.190,0.538
507000,0.267,0.194,0.539
507500,0.257,0.181,0.561
508000,0.272,0.173,0.555
508500,0.276,0.184,0.540
509000,0.279,0.184,0.538
509500,0.278,0.189,0.533
510000,0.287,0.191,0.523
510500,0.301,0.190,0.510
511000,0.305,0.182,0.512
511500,0.303,0.179,0.517
512000,0.295,0.184,0.521
512500,0.301,0.182,0.517
513000,0.302,0.182,0.515
513500,0.303,0.184,0.512
514000,0.311,0.182,0.507
514500,0.318,0.174,0.508
515000,0.311,0.182,0.507
515500,0.310,0.175,0.515
516000,0.296,0.169,0.535
516500,0.298,0.171,0.530
517000,0.304,0.175,0.520
517500,0.303,0.185,0.511
518000,0.307,0.197,0.496
518500,0.302,0.189,0.509
519000,0.289,0.184,0.527
519500,0.299,0.174,0.527
520000,0.297,0.182,0.521
520500,0.299,0.194,0.508
521000,0.290,0.189,0.521
521500,0.291,0.182,0.526
522000,0.297,0.177,0.525
522500,0.292,0.165,0.543
523000,0.295,0.168,0.537
523500,0.292,0.159,0.549
524000,0.294,0.164,0.542
524500,0.295,0.164,0.540
525000,0.300,0.160,0.540
525500,0.304,0.173,0.522
526000,0.299,0.184,0.517
526500,0.297,0.180,0.523
527000,0.289,0.177,0.534
527500,0.291,0.175,0.534
528000,0.297,0.165,0.538
528500,0.301,0.166,0.533
529000,0.309,0.164,0.527
529500,0.309,0.163,0.528
530000,0.312,0.170,0.517
530500,0.306,0.178,0.515
531000,0.302,0.173,0.525
531500,0.301,0.174,0.525
532000,0.297,0.176,0.527
532500,0.294,0.177,0.529
533000,0.286,0.174,0.540
533500,0.285,0.176,0.539
534000,0.290,0.175,0.534
534500,0.276,0.179,0.545
535000,0.284,0.179,0.537
535500,0.282,0.172,0.546
536000,0.284,0.179,0.536
536500,0.275,0.177,0.548
537000,0.269,0.188,0.543
537500,0.267,0.175,0.558
538000,0.280,0.175,0.544
538500,0.283,0.179,0.538
539000,0.281,0.188,0.532
539500,0.274,0.191,0.535
540000,0.263,0.197,0.540
540500,0.263,0.209,0.529
541000,0.265,0.213,0.522
541500,0.268,0.201,0.531
542000,0.264,0.202,0.534
542500,0.264,0.203,0.533
543000,0.258,0.216,0.525
543500,0.260,0.214,0.526
544000,0.266,0.207,0.527
544500,0.263,0.210,0.528
545000,0.259,0.201,0.540
545500,0.249,0.201,0.550
546000,0.247,0.213,0.540
546500,0.244,0.215,0.541
547000,0.244,0.223,0.533
547500,0.251,0.214,0.535
548000,0.251,0.222,0.528
548500,0.252,0.224,0.524
549000,0.259,0.223,0.518
549500,0.267,0.218,0.514
550000,0.260,0.221,0.519
550500,0.258,0.220,0.522
551000,0.248,0.222,0.530
551500,0.261,0.217,0.522
552000,0.264,0.212,0.524
552500,0.265,0.213,0.522
553000,0.259,0.209,0.532
553500,0.259,0.215,0.527
554000,0.254,0.226,0.520
554500,0.248,0.224,0.528
555000,0.243,0.222,0.535
555500,0.253,0.216,0.532
556000,0.264,0.210,0.525
556500,0.253,0.208,0.538
557000,0.244,0.202,0.554
557500,0.246,0.195,0.559
558000,0.247,0.201,0.552
558500,0.247,0.207,0.545
559000,0.253,0.209,0.537
559500,0.264,0.207,0.529
560000,0.262,0.194,0.544
560500,0.260,0.208,0.532
561000,0.260,0.208,0.532
561500,0.261,0.205,0.533
562000,0.253,0.205,0.541
562500,0.252,0.207,0.541
563000,0.258,0.203,0.539
563500,0.262,0.205,0.533
564000,0.255,0.205,0.539
564500,0.255,0.206,0.539
565000,0.247,0.202,0.551
565500,0.255,0.208,0.537
566000,0.260,0.213,0.527
566500,0.254,0.224,0.522
567000,0.258,0.221,0.521
567500,0.258,0.215,0.527
568000,0.248,0.213,0.538
568500,0.251,0.214,0.536
569000,0.252,0.210,0.538
569500,0.250,0.206,0.544
570000,0.254,0.209,0.536
570500,0.257,0.209,0.534
571000,0.249,0.204,0.546
571500,0.252,0.211,0.537
572000,0.262,0.204,0.534
572500,0.264,0.203,0.533
573000,0.269,0.197,0.534
573500,0.270,0.206,0.523
574000,0.273,0.205,0.523
574500,0.268,0.204,0.528
575000,0.265,0.207,0.528
575500,0.263,0.211,0.527
576000,0.256,0.217,0.527
576500,0.260,0.218,0.522
577000,0.257,0.217,0.527
577500,0.249,0.198,0.552
578000,0.255,0.201,0.544
578500,0.251,0.207,0.543
579000,0.244,0.200,0.556
579500,0.252,0.210,0.538
580000,0.253,0.217,0.531
580500,0.251,0.219,0.530
581000,0.250,0.223,0.527
581500,0.251,0.211,0.539
582000,0.245,0.212,0.543
582500,0.237,0.216,0.546
583000,0.237,0.213,0.549
583500,0.240,0.205,0.555
584000,0.237,0.204,0.558
584500,0.244,0.211,0.544
585000,0.235,0.212,0.552
585500,0.234,0.213,0.552
586000,0.229,0.215,0.556
586500,0.235,0.209,0.555
587000,0.243,0.212,0.544
587500,0.257,0.212,0.531
588000,0.266,0.212,0.522
588500,0.267,0.205,0.529
589000,0.268,0.207,0.525
589500,0.268,0.209,0.523
590000,0.270,0.194,0.536
590500,0.258,0.201,0.541
591000,0.257,0.204,0.539
591500,0.253,0.204,0.543
592000,0.246,0.209,0.545
592500,0.254,0.200,0.546
593000,0.256,0.207,0.537
593500,0.256,0.210,0.533
594000,0.252,0.207,0.540
594500,0.244,0.206,0.550
595000,0.248,0.214,0.537
595500,0.249,0.210,0.541
596000,0.259,0.216,0.525
596500,0.258,0.216,0.526
597000,0.259,0.206,0.535
597500,0.266,0.214,0.520
598000,0.254,0.214,0.532
598500,0.245,0.213,0.541
599000,0.244,0.211,0.544
599500,0.248,0.222,0.530
600000,0.251,0.213,0.537
600500,0.249,0.209,0.542
601000,0.247,0.207,0.545
601500,0.246,0.210,0.543
602000,0.243,0.210,0.547
602500,0.251,0.217,0.532
603000,0.253,0.220,0.528
603500,0.259,0.213,0.527
604000,0.258,0.204,0.538
604500,0.260,0.196,0.544
605000,0.254,0.205,0.541
605500,0.257,0.204,0.539
606000,0.263,0.194,0.544
606500,0.269,0.190,0.542
607000,0.269,0.176,0.555
607500,0.276,0.183,0.541
608000,0.281,0.183,0.536
608500,0.281,0.178,0.540
609000,0.287,0.172,0.541
609500,0.286,0.179,0.534
610000,0.289,0.178,0.533
610500,0.284,0.171,0.545
611000,0.280,0.165,0.555
611500,0.279,0.168,0.553
612000,0.277,0.176,0.546
612500,0.271,0.171,0.558
613000,0.266,0.176,0.557
613500,0.260,0.175,0.565
614000,0.271,0.191,0.538
614500,0.274,0.195,0.531
615000,0.274,0.192,0.534
615500,0.272,0.186,0.542
616000,0.273,0.180,0.546
616500,0.279,0.188,0.533
617000,0.275,0.197,0.528
617500,0.274,0.194,0.533
618000,0.270,0.197,0.533
618500,0.266,0.212,0.522
619000,0.259,0.222,0.520
619500,0.252,0.214,0.534
620000,0.247,0.206,0.546
620500,0.247,0.215,0.537
621000,0.237,0.224,0.539
621500,0.245,0.216,0.538
622000,0.243,0.213,0.544
622500,0.249,0.215,0.535
623000,0.255,0.221,0.524
623500,0.260,0.230,0.511
624000,0.255,0.222,0.523
624500,0.247,0.218,0.534
625000,0.248,0.226,0.526
625500,0.250,0.220,0.530
626000,0.254,0.225,0.521
626500,0.249,0.216,0.534
627000,0.243,0.211,0.546
627500,0.245,0.203,0.551
628000,0.248,0.204,0.548
628500,0.245,0.196,0.559
629000,0.239,0.194,0.567
629500,0.234,0.206,0.559
630000,0.230,0.225,0.545
630500,0.235,0.211,0.554
631000,0.244,0.207,0.549
631500,0.247,0.218,0.534
632000,0.256,0.215,0.529
632500,0.248,0.217,0.535
633000,0.255,0.224,0.522
633500,0.249,0.228,0.523
634000,0.234,0.223,0.543
634500,0.240,0.222,0.538
635000,0.248,0.230,0.522
635500,0.240,0.237,0.523
636000,0.241,0.236,0.522
636500,0.240,0.234,0.526
637000,0.237,0.240,0.523
637500,0.224,0.244,0.532
638000,0.211,0.249,0.539
638500,0.210,0.257,0.533
639000,0.207,0.253,0.540
639500,0.212,0.246,0.541
640000,0.208,0.251,0.542
640500,0.205,0.258,0.536
641000,0.198,0.253,0.549
641500,0.194,0.259,0.547
642000,0.202,0.261,0.538
642500,0.208,0.257,0.536
643000,0.209,0.257,0.534
643500,0.210,0.260,0.529
644000,0.208,0.262,0.529
644500,0.210,0.260,0.530
645000,0.208,0.257,0.535
645500,0.212,0.259,0.529
646000,0.209,0.261,0.530
646500,0.199,0.266,0.535
647000,0.203,0.268,0.528
647500,0.204,0.267,0.530
648000,0.200,0.258,0.542
648500,0.194,0.250,0.556
649000,0.194,0.258,0.548
649500,0.197,0.256,0.547
650000,0.199,0.248,0.552
650500,0.197,0.246,0.557
651000,0.203,0.245,0.552
651500,0.203,0.242,0.555
652000,0.208,0.251,0.541
652500,0.206,0.254,0.539
653000,0.211,0.255,0.534
653500,0.212,0.260,0.528
654000,0.204,0.257,0.539
654500,0.203,0.255,0.542
655000,0.208,0.243,0.548
655500,0.213,0.252,0.535
656000,0.210,0.245,0.545
656500,0.217,0.244,0.538
657000,0.220,0.239,0.541
657500,0.215,0.244,0.541
658000,0.217,0.257,0.525
658500,0.219,0.254,0.528
659000,0.214,0.252,0.533
659500,0.217,0.251,0.532
660000,0.220,0.251,0.529
660500,0.221,0.249,0.530
661000,0.228,0.249,0.523
661500,0.227,0.246,0.527
662000,0.226,0.244,0.530
662500,0.224,0.235,0.541
663000,0.223,0.229,0.548
663500,0.233,0.226,0.542
664000,0.226,0.232,0.542
664500,0.232,0.229,0.540
665000,0.221,0.224,0.555
665500,0.230,0.217,0.552
666000,0.229,0.222,0.549
666500,0.235,0.220,0.545
667000,0.239,0.225,0.536
667500,0.240,0.213,0.546
668000,0.247,0.208,0.544
668500,0.247,0.220,0.533
669000,0.248,0.217,0.535
669500,0.254,0.218,0.528
670000,0.252,0.228,0.520
670500,0.257,0.228,0.515
671000,0.269,0.220,0.511
671500,0.264,0.216,0.519
672000,0.262,0.207,0.530
672500,0.265,0.209,0.525
673000,0.272,0.200,0.529
673500,0.275,0.213,0.512
674000,0.281,0.209,0.510
674500,0.278,0.197,0.525
675000,0.277,0.193,0.531
675500,0.265,0.197,0.538
676000,0.253,0.195,0.552
676500,0.256,0.188,0.556
677000,0.265,0.188,0.547
677500,0.277,0.189,0.534
678000,0.281,0.176,0.542
678500,0.284,0.177,0.539
679000,0.284,0.175,0.540
679500,0.285,0.178,0.536
680000,0.290,0.176,0.534
680500,0.287,0.186,0.526
681000,0.290,0.180,0.529
681500,0.292,0.179,0.529
682000,0.302,0.175,0.522
682500,0.305,0.176,0.518
683000,0.310,0.168,0.522
683500,0.305,0.169,0.527
684000,0.303,0.171,0.527
684500,0.294,0.171,0.535
685000,0.292,0.171,0.537
685500,0.292,0.172,0.536
686000,0.299,0.171,0.530
686500,0.288,0.172,0.540
687000,0.276,0.180,0.544
687500,0.272,0.181,0.546
688000,0.271,0.182,0.547
688500,0.274,0.182,0.544
689000,0.271,0.181,0.548
689500,0.271,0.182,0.548
690000,0.276,0.187,0.537
690500,0.278,0.183,0.539
691000,0.268,0.189,0.543
691500,0.260,0.194,0.547
692000,0.271,0.194,0.535
692500,0.278,0.193,0.530
693000,0.268,0.188,0.545
693500,0.267,0.195,0.539
694000,0.269,0.193,0.538
694500,0.276,0.189,0.535
695000,0.277,0.185,0.538
695500,0.279,0.179,0.542
696000,0.273,0.176,0.550
696500,0.267,0.173,0.560
697000,0.274,0.164,0.562
697500,0.277,0.177,0.545
698000,0.290,0.183,0.526
698500,0.285,0.185,0.530
699000,0.293,0.192,0.515
699500,0.288,0.189,0.523
700000,0.286,0.198,0.516
700500,0.281,0.199,0.520
701000,0.284,0.198,0.518
701500,0.291,0.187,0.522
702000,0.296,0.190,0.514
702500,0.289,0.183,0.528
703000,0.282,0.185,0.532
703500,0.280,0.183,0.536
704000,0.288,0.188,0.524
704500,0.286,0.190,0.524
705000,0.283,0.176,0.541
705500,0.271,0.184,0.546
706000,0.271,0.190,0.540
706500,0.265,0.181,0.554
707000,0.268,0.190,0.542
707500,0.266,0.191,0.543
708000,0.265,0.192,0.544
708500,0.262,0.194,0.545
709000,0.273,0.185,0.542
709500,0.278,0.190,0.532
710000,0.286,0.192,0.522
710500,0.292,0.185,0.522
711000,0.288,0.181,0.530
711500,0.291,0.170,0.539
712000,0.289,0.177,0.534
712500,0.287,0.175,0.538
713000,0.285,0.179,0.535
713500,0.293,0.172,0.535
714000,0.291,0.182,0.527
714500,0.286,0.190,0.524
715000,0.287,0.184,0.529
715500,0.286,0.181,0.533
716000,0.284,0.180,0.536
716500,0.288,0.183,0.529
717000,0.289,0.184,0.526
717500,0.289,0.180,0.530
718000,0.288,0.179,0.532
718500,0.294,0.174,0.531
719000,0.292,0.170,0.537
719500,0.289,0.172,0.539
720000,0.300,0.167,0.533
720500,0.304,0.173,0.523
721000,0.299,0.170,0.531
721500,0.291,0.163,0.546
722000,0.287,0.155,0.557
722500,0.282,0.159,0.559
723000,0.281,0.160,0.559
723500,0.276,0.160,0.565
724000,0.282,0.174,0.543
724500,0.285,0.183,0.532
725000,0.285,0.177,0.538
725500,0.281,0.186,0.533
726000,0.268,0.190,0.542
726500,0.272,0.185,0.543
727000,0.272,0.183,0.545
727500,0.268,0.176,0.556
728000,0.273,0.170,0.557
728500,0.282,0.178,0.540
729000,0.277,0.176,0.546
729500,0.276,0.177,0.547
730000,0.274,0.178,0.548
730500,0.272,0.174,0.554
731000,0.277,0.178,0.544
731500,0.278,0.192,0.531
732000,0.270,0.196,0.535
732500,0.277,0.196,0.528
733000,0.280,0.203,0.516
733500,0.294,0.200,0.506
734000,0.285,0.194,0.522
734500,0.294,0.188,0.518
735000,0.289,0.189,0.522
735500,0.292,0.189,0.519
736000,0.292,0.195,0.513
736500,0.289,0.196,0.514
737000,0.282,0.205,0.513
737500,0.281,0.214,0.505
738000,0.278,0.214,0.507
738500,0.264,0.209,0.527
739000,0.254,0.211,0.535
739500,0.257,0.215,0.528
740000,0.256,0.212,0.532
740500,0.261,0.211,0.528
741000,0.252,0.209,0.539
741500,0.256,0.220,0.524
742000,0.260,0.219,0.521
742500,0.258,0.233,0.509
743000,0.248,0.232,0.520
743500,0.244,0.226,0.530
744000,0.245,0.227,0.528
744500,0.253,0.226,0.521
745000,0.248,0.223,0.529
745500,0.249,0.226,0.524
746000,0.256,0.223,0.521
746500,0.248,0.208,0.544
747000,0.242,0.214,0.543
747500,0.251,0.216,0.534
748000,0.248,0.213,0.539
748500,0.252,0.212,0.536
749000,0.247,0.220,0.533
749500,0.253,0.226,0.522
750000,0.254,0.220,0.527
750500,0.254,0.216,0.530
751000,0.271,0.212,0.518
751500,0.262,0.199,0.539
752000,0.271,0.195,0.534
752500,0.259,0.203,0.538
753000,0.269,0.194,0.537
753500,0.259,0.193,0.549
754000,0.270,0.196,0.534
754500,0.277,0.197,0.526
755000,0.270,0.196,0.534
755500,0.263,0.198,0.539
756000,0.261,0.191,0.548
756500,0.270,0.191,0.539
757000,0.273,0.203,0.524
757500,0.268,0.194,0.538
758000,0.269,0.198,0.534
758500,0.274,0.195,0.531
759000,0.267,0.198,0.536
759500,0.267,0.202,0.531
760000,0.267,0.208,0.525
760500,0.259,0.197,0.544
761000,0.259,0.196,0.545
761500,0.264,0.200,0.537
762000,0.272,0.201,0.527
762500,0.275,0.202,0.524
763000,0.273,0.200,0.528
763500,0.279,0.196,0.526
764000,0.277,0.185,0.538
764500,0.283,0.193,0.525
765000,0.286,0.189,0.525
765500,0.289,0.197,0.514
766000,0.287,0.191,0.523
766500,0.282,0.187,0.531
767000,0.281,0.195,0.524
767500,0.275,0.199,0.526
768000,0.273,0.201,0.526
768500,0.273,0.202,0.525
769000,0.272,0.203,0.526
769500,0.271,0.197,0.532
770000,0.266,0.193,0.541
770500,0.272,0.188,0.540
771000,0.274,0.183,0.542
771500,0.268,0.178,0.554
772000,0.270,0.171,0.559
772500,0.277,0.171,0.552
773000,0.280,0.163,0.557
773500,0.285,0.168,0.547
774000,0.287,0.172,0.542
774500,0.292,0.178,0.530
775000,0.291,0.175,0.534
775500,0.283,0.183,0.534
776000,0.291,0.171,0.539
776500,0.291,0.173,0.536
777000,0.292,0.172,0.535
777500,0.292,0.173,0.534
778000,0.291,0.172,0.538
778500,0.297,0.170,0.533
779000,0.300,0.172,0.527
779500,0.302,0.166,0.531
780000,0.299,0.164,0.538
780500,0.294,0.168,0.538
781000,0.299,0.166,0.536
781500,0.308,0.174,0.518
782000,0.304,0.168,0.528
782500,0.302,0.175,0.523
783000,0.302,0.178,0.520
783500,0.295,0.180,0.525
784000,0.298,0.170,0.532
784500,0.309,0.172,0.519
785000,0.294,0.168,0.538
785500,0.294,0.176,0.530
786000,0.288,0.186,0.525
786500,0.295,0.185,0.519
787000,0.302,0.179,0.519
787500,0.292,0.182,0.526
788000,0.289,0.175,0.535
788500,0.282,0.176,0.541
789000,0.283,0.182,0.534
789500,0.280,0.183,0.537
790000,0.281,0.181,0.538
790500,0.277,0.183,0.540
791000,0.284,0.182,0.533
791500,0.287,0.179,0.533
792000,0.284,0.172,0.543
792500,0.285,0.167,0.548
793000,0.293,0.171,0.537
793500,0.283,0.170,0.546
794000,0.282,0.172,0.546
794500,0.284,0.179,0.537
795000,0.276,0.179,0.545
795500,0.287,0.174,0.538
796000,0.291,0.180,0.529
796500,0.293,0.179,0.528
797000,0.288,0.188,0.524
797500,0.299,0.197,0.504
798000,0.299,0.196,0.505
798500,0.305,0.184,0.510
799000,0.302,0.180,0.518
799500,0.306,0.173,0.520
800000,0.308,0.176,0.516
800500,0.314,0.174,0.512
801000,0.318,0.172,0.510
801500,0.304,0.183,0.512
802000,0.317,0.180,0.504
802500,0.309,0.183,0.508
803000,0.302,0.189,0.509
803500,0.309,0.190,0.502
804000,0.298,0.185,0.516
804500,0.291,0.190,0.518
805000,0.294,0.185,0.520
805500,0.288,0.181,0.530
806000,0.292,0.183,0.524
806500,0.290,0.182,0.528
807000,0.296,0.185,0.519
807500,0.288,0.186,0.526
808000,0.282,0.195,0.523
808500,0.285,0.196,0.518
809000,0.290,0.190,0.520
809500,0.293,0.182,0.525
810000,0.285,0.191,0.525
810500,0.291,0.192,0.518
811000,0.289,0.194,0.516
811500,0.294,0.185,0.520
812000,0.302,0.169,0.529
812500,0.303,0.177,0.519
813000,0.304,0.179,0.516
813500,0.297,0.188,0.515
814000,0.279,0.186,0.536
814500,0.285,0.182,0.533
815000,0.284,0.187,0.529
815500,0.287,0.184,0.528
816000,0.284,0.190,0.526
816500,0.286,0.185,0.528
817000,0.295,0.181,0.524
817500,0.287,0.184,0.528
818000,0.286,0.190,0.524
818500,0.282,0.191,0.527
819000,0.282,0.195,0.523
819500,0.279,0.194,0.528
820000,0.289,0.190,0.522
820500,0.283,0.191,0.526
821000,0.280,0.184,0.536
821500,0.281,0.177,0.541
822000,0.276,0.181,0.543
822500,0.272,0.180,0.547
823000,0.273,0.185,0.542
823500,0.268,0.189,0.544
824000,0.273,0.192,0.535
824500,0.269,0.203,0.528
825000,0.267,0.200,0.533
825500,0.283,0.202,0.516
826000,0.288,0.195,0.517
826500,0.295,0.183,0.522
827000,0.302,0.177,0.521
827500,0.312,0.176,0.511
828000,0.304,0.171,0.524
828500,0.304,0.167,0.528
829000,0.306,0.164,0.530
829500,0.294,0.170,0.536
830000,0.294,0.170,0.535
830500,0.301,0.180,0.518
831000,0.306,0.187,0.507
831500,0.303,0.175,0.522
832000,0.299,0.174,0.527
832500,0.294,0.171,0.535
833000,0.287,0.172,0.540
833500,0.285,0.167,0.548
834000,0.280,0.166,0.554
834500,0.283,0.174,0.543
835000,0.289,0.162,0.549
835500,0.279,0.172,0.549
836000,0.281,0.173,0.545
836500,0.280,0.179,0.541
837000,0.270,0.184,0.546
837500,0.281,0.175,0.543
838000,0.288,0.186,0.525
838500,0.279,0.189,0.532
839000,0.274,0.190,0.536
839500,0.276,0.210,0.513
840000,0.276,0.206,0.518
840500,0.270,0.209,0.521
841000,0.266,0.211,0.522
841500,0.273,0.214,0.513
842000,0.268,0.203,0.530
842500,0.260,0.194,0.547
843000,0.253,0.196,0.551
843500,0.254,0.198,0.548
844000,0.252,0.205,0.543
844500,0.244,0.206,0.549
845000,0.234,0.205,0.561
845500,0.239,0.207,0.554
846000,0.249,0.210,0.540
846500,0.253,0.216,0.531
847000,0.251,0.215,0.534
847500,0.251,0.214,0.535
848000,0.245,0.216,0.538
848500,0.249,0.215,0.536
849000,0.258,0.209,0.533
849500,0.251,0.211,0.538
850000,0.253,0.208,0.540
850500,0.246,0.207,0.547
851000,0.240,0.199,0.561
851500,0.248,0.197,0.554
852000,0.265,0.195,0.540
852500,0.260,0.191,0.549
853000,0.270,0.192,0.538
853500,0.264,0.192,0.544
854000,0.265,0.197,0.538
854500,0.263,0.203,0.534
855000,0.258,0.213,0.529
855500,0.254,0.209,0.537
856000,0.254,0.212,0.533
856500,0.255,0.217,0.528
857000,0.254,0.210,0.536
857500,0.256,0.212,0.532
858000,0.266,0.208,0.526
858500,0.273,0.208,0.519
859000,0.281,0.210,0.508
859500,0.282,0.203,0.514
860000,0.283,0.204,0.512
860500,0.274,0.193,0.533
861000,0.272,0.183,0.545
861500,0.266,0.184,0.550
862000,0.266,0.194,0.541
862500,0.264,0.202,0.534
863000,0.266,0.193,0.541
863500,0.272,0.189,0.539
864000,0.268,0.197,0.535
864500,0.267,0.201,0.532
865000,0.273,0.212,0.516
865500,0.267,0.217,0.516
866000,0.270,0.216,0.513
866500,0.266,0.203,0.532
867000,0.271,0.199,0.531
867500,0.265,0.196,0.540
868000,0.270,0.193,0.537
868500,0.271,0.192,0.537
869000,0.277,0.190,0.533
869500,0.271,0.194,0.535
870000,0.273,0.202,0.526
870500,0.278,0.194,0.528
871000,0.268,0.196,0.537
871500,0.274,0.189,0.538
872000,0.281,0.191,0.528
872500,0.278,0.194,0.529
873000,0.275,0.198,0.528
873500,0.273,0.199,0.528
874000,0.267,0.203,0.530
874500,0.263,0.196,0.542
875000,0.263,0.200,0.537
875500,0.264,0.204,0.531
876000,0.270,0.206,0.524
876500,0.265,0.197,0.538
877000,0.273,0.188,0.539
877500,0.271,0.190,0.540
878000,0.267,0.179,0.554
878500,0.270,0.185,0.545
879000,0.274,0.182,0.544
879500,0.277,0.186,0.536
880000,0.271,0.183,0.546
880500,0.271,0.183,0.545
881000,0.274,0.190,0.536
881500,0.269,0.192,0.539
882000,0.273,0.197,0.530
882500,0.265,0.196,0.540
883000,0.270,0.194,0.536
883500,0.272,0.198,0.530
884000,0.252,0.197,0.551
884500,0.259,0.202,0.540
885000,0.257,0.202,0.541
885500,0.252,0.201,0.547
886000,0.253,0.203,0.544
886500,0.249,0.219,0.532
887000,0.251,0.220,0.529
887500,0.241,0.215,0.543
888000,0.244,0.218,0.537
888500,0.237,0.222,0.541
889000,0.240,0.219,0.541
889500,0.234,0.213,0.553
890000,0.235,0.211,0.553
890500,0.236,0.208,0.556
891000,0.245,0.204,0.551
891500,0.257,0.205,0.538
892000,0.256,0.204,0.540
892500,0.252,0.207,0.540
893000,0.244,0.203,0.552
893500,0.249,0.202,0.548
894000,0.257,0.195,0.548
894500,0.264,0.191,0.546
895000,0.271,0.194,0.535
895500,0.268,0.192,0.541
896000,0.270,0.196,0.534
896500,0.277,0.208,0.515
897000,0.274,0.199,0.527
897500,0.262,0.204,0.534
898000,0.261,0.207,0.533
898500,0.255,0.205,0.539
899000,0.244,0.197,0.559
899500,0.249,0.197,0.554
900000,0.257,0.197,0.546
900500,0.252,0.195,0.554
901000,0.263,0.204,0.532
901500,0.270,0.205,0.525
902000,0.280,0.201,0.520
902500,0.276,0.202,0.522
903000,0.274,0.198,0.528
903500,0.277,0.205,0.518
904000,0.279,0.199,0.523
904500,0.276,0.187,0.537
905000,0.280,0.192,0.528
905500,0.274,0.193,0.533
906000,0.276,0.188,0.536
906500,0.270,0.181,0.549
907000,0.262,0.174,0.565
907500,0.271,0.181,0.547
908000,0.266,0.190,0.544
908500,0.272,0.180,0.548
909000,0.273,0.169,0.559
909500,0.273,0.177,0.549
910000,0.277,0.181,0.542
910500,0.286,0.180,0.533
911000,0.288,0.174,0.537
911500,0.287,0.171,0.541
912000,0.287,0.172,0.540
912500,0.278,0.175,0.547
913000,0.285,0.173,0.542
913500,0.286,0.168,0.546
914000,0.283,0.175,0.542
914500,0.278,0.174,0.547
915000,0.275,0.174,0.551
915500,0.271,0.186,0.542
916000,0.268,0.185,0.547
916500,0.273,0.188,0.539
917000,0.269,0.200,0.531
917500,0.264,0.196,0.541
918000,0.265,0.186,0.550
918500,0.276,0.190,0.534
919000,0.283,0.181,0.536
919500,0.284,0.182,0.534
920000,0.290,0.190,0.520
920500,0.287,0.186,0.526
921000,0.285,0.185,0.530
921500,0.292,0.173,0.534
922000,0.297,0.176,0.527
922500,0.290,0.175,0.535
923000,0.285,0.173,0.542
923500,0.286,0.178,0.536
924000,0.282,0.185,0.532
924500,0.282,0.178,0.539
925000,0.288,0.172,0.540
925500,0.285,0.171,0.544
926000,0.294,0.168,0.537
926500,0.294,0.168,0.538
927000,0.299,0.155,0.545
927500,0.292,0.163,0.545
928000,0.278,0.162,0.561
928500,0.271,0.170,0.559
929000,0.262,0.167,0.571
929500,0.270,0.169,0.561
930000,0.271,0.166,0.564
930500,0.278,0.169,0.553
931000,0.278,0.169,0.554
931500,0.281,0.168,0.551
932000,0.281,0.174,0.544
932500,0.268,0.175,0.557
933000,0.269,0.173,0.558
933500,0.268,0.170,0.563
934000,0.270,0.162,0.568
934500,0.277,0.166,0.557
935000,0.271,0.169,0.561
935500,0.275,0.191,0.534
936000,0.273,0.195,0.532
936500,0.275,0.197,0.528
937000,0.275,0.193,0.532
937500,0.267,0.189,0.544
938000,0.260,0.192,0.548
938500,0.266,0.183,0.551
939000,0.266,0.182,0.552
939500,0.269,0.200,0.532
940000,0.266,0.200,0.534
940500,0.267,0.212,0.521
941000,0.270,0.206,0.524
941500,0.268,0.198,0.534
942000,0.269,0.199,0.532
942500,0.265,0.195,0.540
943000,0.261,0.199,0.541
943500,0.253,0.192,0.555
944000,0.257,0.194,0.549
944500,0.260,0.198,0.542
945000,0.266,0.196,0.538
945500,0.259,0.195,0.546
946000,0.268,0.202,0.530
946500,0.268,0.195,0.537
947000,0.266,0.193,0.541
947500,0.272,0.193,0.535
948000,0.276,0.196,0.528
948500,0.270,0.190,0.540
949000,0.262,0.184,0.554
949500,0.258,0.184,0.558
950000,0.263,0.190,0.547
950500,0.267,0.201,0.532
951000,0.259,0.198,0.544
951500,0.256,0.194,0.551
952000,0.252,0.193,0.555
952500,0.252,0.194,0.554
953000,0.247,0.198,0.555
953500,0.253,0.189,0.559
954000,0.254,0.194,0.552
954500,0.248,0.203,0.549
955000,0.251,0.200,0.549
955500,0.260,0.201,0.539
956000,0.271,0.212,0.517
956500,0.270,0.208,0.522
957000,0.274,0.213,0.513
957500,0.279,0.208,0.512
958000,0.276,0.206,0.517
958500,0.267,0.205,0.528
959000,0.255,0.206,0.539
959500,0.252,0.211,0.537
960000,0.248,0.208,0.544
960500,0.257,0.212,0.530
961000,0.260,0.211,0.529
961500,0.259,0.214,0.528
962000,0.249,0.205,0.545
962500,0.250,0.206,0.544
963000,0.251,0.202,0.547
963500,0.256,0.204,0.540
964000,0.253,0.210,0.538
964500,0.267,0.214,0.518
965000,0.258,0.209,0.533
965500,0.246,0.207,0.546
966000,0.256,0.206,0.538
966500,0.263,0.211,0.526
967000,0.266,0.204,0.530
967500,0.267,0.195,0.538
968000,0.275,0.197,0.528
968500,0.279,0.198,0.523
969000,0.277,0.190,0.533
969500,0.270,0.184,0.545
970000,0.275,0.188,0.538
970500,0.271,0.185,0.544
971000,0.274,0.195,0.531
971500,0.280,0.191,0.529
972000,0.282,0.200,0.518
972500,0.286,0.203,0.510
973000,0.285,0.204,0.511
973500,0.279,0.197,0.524
974000,0.277,0.189,0.535
974500,0.271,0.186,0.542
975000,0.273,0.185,0.542
975500,0.273,0.186,0.541
976000,0.272,0.182,0.546
976500,0.268,0.191,0.541
977000,0.277,0.191,0.533
977500,0.273,0.196,0.531
978000,0.273,0.198,0.529
978500,0.277,0.200,0.524
979000,0.278,0.197,0.525
979500,0.276,0.188,0.537
980000,0.276,0.194,0.530
980500,0.274,0.197,0.529
981000,0.272,0.199,0.530
981500,0.282,0.197,0.521
982000,0.287,0.191,0.522
982500,0.282,0.178,0.539
983000,0.272,0.179,0.548
983500,0.271,0.174,0.556
984000,0.269,0.182,0.549
984500,0.267,0.177,0.556
985000,0.264,0.184,0.552
985500,0.272,0.168,0.560
986000,0.273,0.165,0.562
986500,0.280,0.165,0.555
987000,0.280,0.171,0.549
987500,0.287,0.168,0.545
988000,0.284,0.172,0.544
988500,0.278,0.173,0.549
989000,0.280,0.173,0.546
989500,0.280,0.181,0.539
990000,0.289,0.181,0.530
990500,0.289,0.180,0.530
991000,0.291,0.186,0.522
991500,0.291,0.185,0.524
992000,0.288,0.188,0.524
992500,0.278,0.201,0.521
993000,0.284,0.188,0.528
993500,0.278,0.182,0.540
994000,0.282,0.186,0.532
994500,0.289,0.188,0.522
995000,0.287,0.172,0.541
995500,0.275,0.180,0.546
996000,0.278,0.181,0.540
996500,0.279,0.186,0.534
997000,0.279,0.182,0.538
997500,0.275,0.186,0.539
998000,0.273,0.188,0.539
998500,0.281,0.190,0.529
999000,0.296,0.191,0.513
999500,0.296,0.188,0.516
1000000,0.293,0.191,0.516
