time,n_A+p,n_B,n_AB
100,0.030,0.966,0.004
200,0.030,0.965,0.005
300,0.030,0.959,0.011
400,0.030,0.949,0.021
500,0.030,0.940,0.030
600,0.030,0.938,0.032
700,0.030,0.934,0.036
800,0.030,0.930,0.040
900,0.030,0.929,0.041
1000,0.030,0.917,0.053
1100,0.030,0.913,0.057
1200,0.030,0.902,0.068
1300,0.030,0.889,0.081
1400,0.030,0.878,0.092
1500,0.030,0.871,0.099
1600,0.030,0.867,0.103
1700,0.030,0.865,0.105
1800,0.030,0.859,0.111
1900,0.030,0.854,0.116
2000,0.030,0.839,0.131
2100,0.030,0.825,0.145
2200,0.030,0.813,0.157
2300,0.030,0.802,0.168
2400,0.032,0.785,0.183
2500,0.032,0.770,0.198
2600,0.032,0.759,0.209
2700,0.032,0.750,0.218
2800,0.034,0.740,0.226
2900,0.033,0.722,0.245
3000,0.032,0.703,0.265
3100,0.032,0.688,0.280
3200,0.033,0.677,0.290
3300,0.036,0.663,0.301
3400,0.037,0.644,0.319
3500,0.037,0.633,0.330
3600,0.037,0.622,0.341
3700,0.037,0.606,0.357
3800,0.037,0.595,0.368
3900,0.039,0.579,0.382
4000,0.042,0.558,0.400
4100,0.043,0.549,0.408
4200,0.045,0.533,0.422
4300,0.044,0.520,0.436
4400,0.040,0.508,0.452
4500,0.039,0.495,0.466
4600,0.038,0.488,0.474
4700,0.038,0.480,0.482
4800,0.040,0.461,0.499
4900,0.044,0.446,0.510
5000,0.042,0.426,0.532
5100,0.041,0.415,0.544
5200,0.041,0.391,0.568
5300,0.043,0.375,0.582
5400,0.042,0.355,0.603
5500,0.042,0.348,0.610
5600,0.040,0.329,0.631
5700,0.038,0.315,0.647
5800,0.035,0.301,0.664
5900,0.038,0.285,0.677
6000,0.043,0.275,0.682
6100,0.047,0.262,0.691
6200,0.046,0.255,0.699
6300,0.047,0.249,0.704
6400,0.048,0.242,0.710
6500,0.047,0.232,0.721
6600,0.052,0.225,0.723
6700,0.050,0.214,0.736
6800,0.052,0.206,0.742
6900,0.052,0.198,0.750
7000,0.052,0.178,0.770
7100,0.053,0.168,0.779
7200,0.053,0.163,0.784
7300,0.057,0.157,0.786
7400,0.058,0.149,0.793
7500,0.058,0.139,0.803
7600,0.062,0.137,0.801
7700,0.063,0.140,0.797
7800,0.064,0.135,0.801
7900,0.065,0.129,0.806
8000,0.067,0.126,0.807
8100,0.075,0.121,0.804
8200,0.071,0.115,0.814
8300,0.064,0.107,0.829
8400,0.067,0.102,0.831
8500,0.064,0.096,0.840
8600,0.068,0.092,0.840
8700,0.068,0.091,0.841
8800,0.070,0.094,0.836
8900,0.072,0.085,0.843
9000,0.073,0.085,0.842
9100,0.070,0.081,0.849
9200,0.068,0.080,0.852
9300,0.065,0.088,0.847
9400,0.068,0.091,0.841
9500,0.066,0.089,0.845
9600,0.064,0.083,0.853
9700,0.063,0.082,0.855
9800,0.062,0.079,0.859
9900,0.061,0.074,0.865
10000,0.065,0.070,0.865
10100,0.063,0.071,0.866
10200,0.061,0.071,0.868
10300,0.058,0.071,0.871
10400,0.063,0.075,0.862
10500,0.065,0.069,0.866
10600,0.062,0.067,0.871
10700,0.058,0.061,0.881
10800,0.057,0.059,0.884
10900,0.058,0.063,0.879
11000,0.061,0.060,0.879
11100,0.062,0.062,0.876
11200,0.067,0.059,0.874
11300,0.066,0.055,0.879
11400,0.067,0.053,0.880
11500,0.066,0.054,0.880
11600,0.067,0.051,0.882
11700,0.065,0.047,0.888
11800,0.068,0.044,0.888
11900,0.068,0.046,0.886
12000,0.067,0.049,0.884
12100,0.065,0.055,0.880
12200,0.070,0.056,0.874
12300,0.069,0.056,0.875
12400,0.068,0.054,0.878
12500,0.063,0.054,0.883
12600,0.063,0.052,0.885
12700,0.066,0.053,0.881
12800,0.068,0.050,0.882
12900,0.071,0.050,0.879
13000,0.070,0.049,0.881
13100,0.079,0.045,0.876
13200,0.079,0.047,0.874
13300,0.074,0.054,0.872
13400,0.078,0.052,0.870
13500,0.080,0.054,0.866
13600,0.078,0.055,0.867
13700,0.083,0.057,0.860
13800,0.082,0.052,0.866
13900,0.087,0.052,0.861
14000,0.093,0.052,0.855
14100,0.089,0.051,0.860
14200,0.087,0.047,0.866
14300,0.091,0.055,0.854
14400,0.090,0.057,0.853
14500,0.088,0.053,0.859
14600,0.085,0.063,0.852
14700,0.084,0.064,0.852
14800,0.083,0.066,0.851
14900,0.082,0.062,0.856
15000,0.078,0.065,0.857
15100,0.080,0.059,0.861
15200,0.084,0.056,0.860
15300,0.084,0.060,0.856
15400,0.084,0.057,0.859
15500,0.082,0.055,0.863
15600,0.078,0.059,0.863
15700,0.079,0.054,0.867
15800,0.077,0.056,0.867
15900,0.074,0.053,0.873
16000,0.075,0.053,0.872
16100,0.070,0.055,0.875
16200,0.067,0.050,0.883
16300,0.070,0.045,0.885
16400,0.072,0.046,0.882
16500,0.076,0.047,0.877
16600,0.073,0.045,0.882
16700,0.077,0.039,0.884
16800,0.080,0.039,0.881
16900,0.078,0.038,0.884
17000,0.078,0.033,0.889
17100,0.080,0.030,0.890
17200,0.075,0.030,0.895
17300,0.071,0.030,0.899
17400,0.069,0.027,0.904
17500,0.068,0.022,0.910
17600,0.068,0.021,0.911
17700,0.066,0.026,0.908
17800,0.065,0.030,0.905
17900,0.070,0.039,0.891
18000,0.073,0.035,0.892
18100,0.070,0.040,0.890
18200,0.071,0.040,0.889
18300,0.074,0.042,0.884
18400,0.080,0.040,0.880
18500,0.080,0.038,0.882
18600,0.084,0.044,0.872
18700,0.081,0.047,0.872
18800,0.082,0.047,0.871
18900,0.081,0.046,0.873
19000,0.082,0.042,0.876
19100,0.083,0.041,0.876
19200,0.085,0.038,0.877
19300,0.080,0.042,0.878
19400,0.077,0.047,0.876
19500,0.077,0.044,0.879
19600,0.083,0.044,0.873
19700,0.079,0.044,0.877
19800,0.078,0.045,0.877
19900,0.081,0.044,0.875
20000,0.080,0.047,0.873
20100,0.078,0.050,0.872
20200,0.077,0.048,0.875
20300,0.081,0.043,0.876
20400,0.088,0.045,0.867
20500,0.090,0.041,0.869
20600,0.089,0.044,0.867
20700,0.090,0.047,0.863
20800,0.087,0.046,0.867
20900,0.088,0.052,0.860
21000,0.084,0.050,0.866
21100,0.088,0.051,0.861
21200,0.087,0.048,0.865
21300,0.085,0.046,0.869
21400,0.086,0.050,0.864
21500,0.085,0.051,0.864
21600,0.083,0.051,0.866
21700,0.084,0.047,0.869
21800,0.083,0.042,0.875
21900,0.090,0.044,0.866
22000,0.087,0.048,0.865
22100,0.086,0.057,0.857
22200,0.086,0.057,0.857
22300,0.085,0.056,0.859
22400,0.083,0.052,0.865
22500,0.087,0.052,0.861
22600,0.091,0.047,0.862
22700,0.088,0.045,0.867
22800,0.088,0.046,0.866
22900,0.090,0.046,0.864
23000,0.084,0.045,0.871
23100,0.083,0.046,0.871
23200,0.080,0.042,0.878
23300,0.077,0.045,0.878
23400,0.073,0.046,0.881
23500,0.077,0.041,0.882
23600,0.073,0.041,0.886
23700,0.069,0.038,0.893
23800,0.070,0.043,0.887
23900,0.072,0.041,0.887
24000,0.070,0.046,0.884
24100,0.072,0.044,0.884
24200,0.075,0.042,0.883
24300,0.078,0.040,0.882
24400,0.077,0.036,0.887
24500,0.083,0.045,0.872
24600,0.082,0.042,0.876
24700,0.086,0.038,0.876
24800,0.088,0.040,0.872
24900,0.082,0.040,0.878
25000,0.084,0.044,0.872
25100,0.081,0.044,0.875
25200,0.082,0.047,0.871
25300,0.081,0.051,0.868
25400,0.080,0.055,0.865
25500,0.079,0.062,0.859
25600,0.082,0.066,0.852
25700,0.086,0.071,0.843
25800,0.094,0.068,0.838
25900,0.098,0.068,0.834
26000,0.099,0.070,0.831
26100,0.093,0.070,0.837
26200,0.096,0.067,0.837
26300,0.094,0.065,0.841
26400,0.088,0.065,0.847
26500,0.088,0.067,0.845
26600,0.082,0.070,0.848
26700,0.084,0.066,0.850
26800,0.083,0.062,0.855
26900,0.087,0.063,0.850
27000,0.088,0.058,0.854
27100,0.085,0.056,0.859
27200,0.084,0.057,0.859
27300,0.084,0.058,0.858
27400,0.084,0.058,0.858
27500,0.082,0.054,0.864
27600,0.089,0.057,0.854
27700,0.086,0.058,0.856
27800,0.084,0.060,0.856
27900,0.088,0.057,0.855
28000,0.093,0.053,0.854
28100,0.089,0.055,0.856
28200,0.090,0.062,0.848
28300,0.091,0.058,0.851
28400,0.085,0.054,0.861
28500,0.084,0.048,0.868
28600,0.080,0.046,0.874
28700,0.083,0.045,0.872
28800,0.081,0.047,0.872
28900,0.083,0.049,0.868
29000,0.082,0.052,0.866
29100,0.076,0.049,0.875
29200,0.076,0.044,0.880
29300,0.075,0.044,0.881
29400,0.071,0.044,0.885
29500,0.076,0.050,0.874
29600,0.071,0.046,0.883
29700,0.073,0.045,0.882
29800,0.074,0.042,0.884
29900,0.073,0.038,0.889
30000,0.074,0.039,0.887
30100,0.068,0.039,0.893
30200,0.072,0.038,0.890
30300,0.073,0.035,0.892
30400,0.071,0.034,0.895
30500,0.069,0.035,0.896
30600,0.068,0.040,0.892
30700,0.067,0.037,0.896
30800,0.069,0.033,0.898
30900,0.068,0.031,0.901
31000,0.066,0.036,0.898
31100,0.067,0.041,0.892
31200,0.068,0.041,0.891
31300,0.069,0.042,0.889
31400,0.071,0.040,0.889
31500,0.072,0.045,0.883
31600,0.074,0.045,0.881
31700,0.074,0.048,0.878
31800,0.072,0.050,0.878
31900,0.076,0.049,0.875
32000,0.073,0.053,0.874
32100,0.071,0.053,0.876
32200,0.075,0.051,0.874
32300,0.077,0.047,0.876
32400,0.076,0.051,0.873
32500,0.088,0.050,0.862
32600,0.091,0.045,0.864
32700,0.093,0.042,0.865
32800,0.092,0.047,0.861
32900,0.091,0.049,0.860
33000,0.091,0.051,0.858
33100,0.092,0.050,0.858
33200,0.087,0.049,0.864
33300,0.086,0.048,0.866
33400,0.088,0.049,0.863
33500,0.089,0.049,0.862
33600,0.094,0.051,0.855
33700,0.100,0.047,0.853
33800,0.101,0.048,0.851
33900,0.095,0.043,0.862
34000,0.094,0.044,0.862
34100,0.094,0.044,0.862
34200,0.094,0.042,0.864
34300,0.094,0.048,0.858
34400,0.087,0.047,0.866
34500,0.082,0.046,0.872
34600,0.083,0.050,0.867
34700,0.083,0.045,0.872
34800,0.087,0.046,0.867
34900,0.088,0.048,0.864
35000,0.086,0.054,0.860
35100,0.086,0.055,0.859
35200,0.092,0.056,0.852
35300,0.096,0.057,0.847
35400,0.101,0.059,0.840
35500,0.094,0.056,0.850
35600,0.092,0.055,0.853
35700,0.094,0.055,0.851
35800,0.095,0.056,0.849
35900,0.094,0.056,0.850
36000,0.091,0.055,0.854
36100,0.090,0.058,0.852
36200,0.089,0.058,0.853
36300,0.090,0.061,0.849
36400,0.087,0.059,0.854
36500,0.088,0.055,0.857
36600,0.091,0.056,0.853
36700,0.090,0.052,0.858
36800,0.087,0.055,0.858
36900,0.085,0.054,0.861
37000,0.084,0.056,0.860
37100,0.085,0.053,0.862
37200,0.086,0.052,0.862
37300,0.089,0.047,0.864
37400,0.091,0.047,0.862
37500,0.091,0.045,0.864
37600,0.091,0.044,0.865
37700,0.087,0.040,0.873
37800,0.085,0.045,0.870
37900,0.092,0.044,0.864
38000,0.091,0.051,0.858
38100,0.087,0.052,0.861
38200,0.082,0.052,0.866
38300,0.081,0.051,0.868
38400,0.086,0.055,0.859
38500,0.093,0.058,0.849
38600,0.095,0.059,0.846
38700,0.088,0.053,0.859
38800,0.084,0.057,0.859
38900,0.083,0.062,0.855
39000,0.080,0.062,0.858
39100,0.079,0.063,0.858
39200,0.079,0.060,0.861
39300,0.078,0.056,0.866
39400,0.074,0.061,0.865
39500,0.080,0.059,0.861
39600,0.078,0.058,0.864
39700,0.076,0.057,0.867
39800,0.075,0.053,0.872
39900,0.085,0.053,0.862
40000,0.087,0.054,0.859
40100,0.088,0.052,0.860
40200,0.084,0.053,0.863
40300,0.082,0.052,0.866
40400,0.081,0.054,0.865
40500,0.084,0.057,0.859
40600,0.093,0.058,0.849
40700,0.093,0.063,0.844
40800,0.093,0.063,0.844
40900,0.089,0.064,0.847
41000,0.090,0.060,0.850
41100,0.091,0.060,0.849
41200,0.090,0.062,0.848
41300,0.086,0.064,0.850
41400,0.084,0.058,0.858
41500,0.083,0.060,0.857
41600,0.087,0.061,0.852
41700,0.084,0.061,0.855
41800,0.084,0.058,0.858
41900,0.081,0.053,0.866
42000,0.084,0.054,0.862
42100,0.083,0.057,0.860
42200,0.082,0.060,0.858
42300,0.083,0.058,0.859
42400,0.082,0.066,0.852
42500,0.081,0.067,0.852
42600,0.078,0.060,0.862
42700,0.076,0.057,0.867
42800,0.078,0.051,0.871
42900,0.075,0.049,0.876
43000,0.074,0.050,0.876
43100,0.071,0.052,0.877
43200,0.070,0.053,0.877
43300,0.064,0.053,0.883
43400,0.067,0.051,0.882
43500,0.070,0.051,0.879
43600,0.070,0.051,0.879
43700,0.074,0.048,0.878
43800,0.073,0.046,0.881
43900,0.070,0.046,0.884
44000,0.068,0.051,0.881
44100,0.072,0.050,0.878
44200,0.070,0.047,0.883
44300,0.067,0.052,0.881
44400,0.066,0.054,0.880
44500,0.070,0.055,0.875
44600,0.072,0.053,0.875
44700,0.075,0.052,0.873
44800,0.073,0.052,0.875
44900,0.077,0.054,0.869
45000,0.077,0.057,0.866
45100,0.080,0.057,0.863
45200,0.075,0.056,0.869
45300,0.077,0.055,0.868
45400,0.074,0.054,0.872
45500,0.072,0.052,0.876
45600,0.073,0.047,0.880
45700,0.075,0.046,0.879
45800,0.075,0.049,0.876
45900,0.076,0.047,0.877
46000,0.080,0.046,0.874
46100,0.080,0.044,0.876
46200,0.079,0.043,0.878
46300,0.078,0.045,0.877
46400,0.078,0.048,0.874
46500,0.078,0.043,0.879
46600,0.087,0.045,0.868
46700,0.086,0.044,0.870
46800,0.087,0.049,0.864
46900,0.085,0.049,0.866
47000,0.084,0.046,0.870
47100,0.085,0.047,0.868
47200,0.080,0.049,0.871
47300,0.080,0.064,0.856
47400,0.079,0.066,0.855
47500,0.078,0.063,0.859
47600,0.082,0.060,0.858
47700,0.081,0.061,0.858
47800,0.076,0.057,0.867
47900,0.077,0.057,0.866
48000,0.085,0.056,0.859
48100,0.083,0.052,0.865
48200,0.082,0.055,0.863
48300,0.078,0.056,0.866
48400,0.074,0.053,0.873
48500,0.071,0.059,0.870
48600,0.070,0.055,0.875
48700,0.067,0.053,0.880
48800,0.071,0.049,0.880
48900,0.076,0.053,0.871
49000,0.074,0.050,0.876
49100,0.072,0.053,0.875
49200,0.069,0.048,0.883
49300,0.065,0.051,0.884
49400,0.071,0.049,0.880
49500,0.070,0.047,0.883
49600,0.070,0.049,0.881
49700,0.074,0.050,0.876
49800,0.076,0.045,0.879
49900,0.078,0.041,0.881
50000,0.082,0.043,0.875
50100,0.083,0.042,0.875
50200,0.082,0.037,0.881
50300,0.087,0.037,0.876
50400,0.087,0.039,0.874
50500,0.083,0.040,0.877
50600,0.081,0.034,0.885
50700,0.080,0.033,0.887
50800,0.080,0.036,0.884
50900,0.077,0.034,0.889
51000,0.076,0.033,0.891
51100,0.074,0.039,0.887
51200,0.073,0.044,0.883
51300,0.075,0.048,0.877
51400,0.079,0.047,0.874
51500,0.070,0.045,0.885
51600,0.072,0.041,0.887
51700,0.070,0.041,0.889
51800,0.076,0.040,0.884
51900,0.077,0.040,0.883
52000,0.076,0.042,0.882
52100,0.079,0.043,0.878
52200,0.078,0.040,0.882
52300,0.079,0.036,0.885
52400,0.087,0.036,0.877
52500,0.087,0.034,0.879
52600,0.093,0.034,0.873
52700,0.091,0.032,0.877
52800,0.088,0.035,0.877
52900,0.088,0.038,0.874
53000,0.085,0.039,0.876
53100,0.082,0.036,0.882
53200,0.083,0.041,0.876
53300,0.083,0.041,0.876
53400,0.090,0.044,0.866
53500,0.090,0.046,0.864
53600,0.087,0.040,0.873
53700,0.084,0.037,0.879
53800,0.084,0.036,0.880
53900,0.082,0.036,0.882
54000,0.086,0.032,0.882
54100,0.081,0.032,0.887
54200,0.077,0.034,0.889
54300,0.075,0.032,0.893
54400,0.076,0.037,0.887
54500,0.078,0.036,0.886
54600,0.074,0.038,0.888
54700,0.076,0.035,0.889
54800,0.076,0.041,0.883
54900,0.076,0.038,0.886
55000,0.074,0.041,0.885
55100,0.072,0.049,0.879
55200,0.078,0.051,0.871
55300,0.078,0.055,0.867
55400,0.086,0.056,0.858
55500,0.089,0.059,0.852
55600,0.092,0.059,0.849
55700,0.088,0.060,0.852
55800,0.084,0.063,0.853
55900,0.083,0.070,0.847
56000,0.082,0.066,0.852
56100,0.086,0.064,0.850
56200,0.082,0.060,0.858
56300,0.084,0.061,0.855
56400,0.088,0.065,0.847
56500,0.090,0.063,0.847
56600,0.088,0.069,0.843
56700,0.094,0.070,0.836
56800,0.090,0.065,0.845
56900,0.089,0.067,0.844
57000,0.087,0.069,0.844
57100,0.090,0.071,0.839
57200,0.086,0.069,0.845
57300,0.085,0.065,0.850
57400,0.088,0.061,0.851
57500,0.086,0.068,0.846
57600,0.090,0.067,0.843
57700,0.091,0.063,0.846
57800,0.094,0.063,0.843
57900,0.092,0.066,0.842
58000,0.094,0.063,0.843
58100,0.091,0.061,0.848
58200,0.091,0.060,0.849
58300,0.097,0.062,0.841
58400,0.100,0.067,0.833
58500,0.095,0.065,0.840
58600,0.096,0.060,0.844
58700,0.095,0.058,0.847
58800,0.095,0.060,0.845
58900,0.093,0.056,0.851
59000,0.097,0.050,0.853
59100,0.097,0.044,0.859
59200,0.095,0.049,0.856
59300,0.094,0.054,0.852
59400,0.095,0.055,0.850
59500,0.093,0.053,0.854
59600,0.095,0.052,0.853
59700,0.100,0.047,0.853
59800,0.097,0.048,0.855
59900,0.094,0.049,0.857
60000,0.097,0.047,0.856
60100,0.102,0.047,0.851
60200,0.099,0.041,0.860
60300,0.103,0.040,0.857
60400,0.096,0.043,0.861
60500,0.092,0.039,0.869
60600,0.092,0.041,0.867
60700,0.091,0.046,0.863
60800,0.096,0.044,0.860
60900,0.096,0.046,0.858
61000,0.097,0.044,0.859
61100,0.101,0.043,0.856
61200,0.104,0.045,0.851
61300,0.097,0.050,0.853
61400,0.095,0.050,0.855
61500,0.092,0.047,0.861
61600,0.091,0.043,0.866
61700,0.093,0.042,0.865
61800,0.094,0.045,0.861
61900,0.085,0.044,0.871
62000,0.089,0.043,0.868
62100,0.085,0.042,0.873
62200,0.086,0.042,0.872
62300,0.089,0.038,0.873
62400,0.089,0.034,0.877
62500,0.087,0.044,0.869
62600,0.086,0.044,0.870
62700,0.089,0.042,0.869
62800,0.086,0.042,0.872
62900,0.089,0.045,0.866
63000,0.087,0.054,0.859
63100,0.084,0.058,0.858
63200,0.086,0.060,0.854
63300,0.083,0.058,0.859
63400,0.091,0.056,0.853
63500,0.095,0.055,0.850
63600,0.094,0.050,0.856
63700,0.094,0.053,0.853
63800,0.093,0.059,0.848
63900,0.089,0.060,0.851
64000,0.085,0.056,0.859
64100,0.088,0.058,0.854
64200,0.089,0.059,0.852
64300,0.088,0.060,0.852
64400,0.090,0.058,0.852
64500,0.086,0.059,0.855
64600,0.090,0.059,0.851
64700,0.084,0.055,0.861
64800,0.083,0.055,0.862
64900,0.079,0.055,0.866
65000,0.080,0.059,0.861
65100,0.082,0.060,0.858
65200,0.087,0.059,0.854
65300,0.090,0.056,0.854
65400,0.094,0.051,0.855
65500,0.093,0.050,0.857
65600,0.090,0.051,0.859
65700,0.087,0.054,0.859
65800,0.084,0.051,0.865
65900,0.084,0.048,0.868
66000,0.081,0.044,0.875
66100,0.083,0.042,0.875
66200,0.084,0.040,0.876
66300,0.083,0.038,0.879
66400,0.079,0.040,0.881
66500,0.078,0.040,0.882
66600,0.077,0.042,0.881
66700,0.073,0.042,0.885
66800,0.072,0.042,0.886
66900,0.070,0.039,0.891
67000,0.070,0.038,0.892
67100,0.072,0.040,0.888
67200,0.071,0.040,0.889
67300,0.069,0.041,0.890
67400,0.067,0.039,0.894
67500,0.066,0.038,0.896
67600,0.064,0.039,0.897
67700,0.066,0.040,0.894
67800,0.067,0.040,0.893
67900,0.069,0.042,0.889
68000,0.066,0.042,0.892
68100,0.065,0.048,0.887
68200,0.068,0.043,0.889
68300,0.068,0.045,0.887
68400,0.071,0.047,0.882
68500,0.072,0.049,0.879
68600,0.076,0.053,0.871
68700,0.076,0.052,0.872
68800,0.074,0.053,0.873
68900,0.082,0.050,0.868
69000,0.077,0.051,0.872
69100,0.075,0.052,0.873
69200,0.074,0.051,0.875
69300,0.071,0.057,0.872
69400,0.067,0.058,0.875
69500,0.070,0.054,0.876
69600,0.071,0.050,0.879
69700,0.071,0.055,0.874
69800,0.072,0.054,0.874
69900,0.073,0.058,0.869
70000,0.078,0.055,0.867
70100,0.084,0.051,0.865
70200,0.081,0.057,0.862
70300,0.086,0.053,0.861
70400,0.087,0.051,0.862
70500,0.090,0.054,0.856
70600,0.088,0.050,0.862
70700,0.083,0.051,0.866
70800,0.091,0.054,0.855
70900,0.092,0.055,0.853
71000,0.091,0.059,0.850
71100,0.095,0.058,0.847
71200,0.094,0.052,0.854
71300,0.094,0.050,0.856
71400,0.092,0.047,0.861
71500,0.090,0.045,0.865
71600,0.089,0.045,0.866
71700,0.091,0.046,0.863
71800,0.084,0.043,0.873
71900,0.079,0.051,0.870
72000,0.086,0.049,0.865
72100,0.087,0.053,0.860
72200,0.088,0.051,0.861
72300,0.088,0.046,0.866
72400,0.087,0.049,0.864
72500,0.089,0.044,0.867
72600,0.092,0.040,0.868
72700,0.100,0.043,0.857
72800,0.096,0.046,0.858
72900,0.098,0.045,0.857
73000,0.098,0.047,0.855
73100,0.098,0.045,0.857
73200,0.100,0.050,0.850
73300,0.097,0.046,0.857
73400,0.095,0.043,0.862
73500,0.098,0.039,0.863
73600,0.096,0.042,0.862
73700,0.095,0.044,0.861
73800,0.093,0.043,0.864
73900,0.094,0.042,0.864
74000,0.091,0.040,0.869
74100,0.090,0.041,0.869
74200,0.093,0.043,0.864
74300,0.101,0.043,0.856
74400,0.097,0.041,0.862
74500,0.102,0.038,0.860
74600,0.100,0.040,0.860
74700,0.103,0.041,0.856
74800,0.100,0.043,0.857
74900,0.103,0.042,0.855
75000,0.101,0.040,0.859
75100,0.099,0.042,0.859
75200,0.099,0.044,0.857
75300,0.095,0.051,0.854
75400,0.087,0.046,0.867
75500,0.087,0.040,0.873
75600,0.090,0.038,0.872
75700,0.092,0.040,0.868
75800,0.094,0.039,0.867
75900,0.092,0.040,0.868
76000,0.085,0.042,0.873
76100,0.089,0.040,0.871
76200,0.084,0.039,0.877
76300,0.082,0.037,0.881
76400,0.082,0.034,0.884
76500,0.084,0.036,0.880
76600,0.083,0.033,0.884
76700,0.081,0.032,0.887
76800,0.081,0.035,0.884
76900,0.081,0.035,0.884
77000,0.075,0.032,0.893
77100,0.079,0.036,0.885
77200,0.081,0.040,0.879
77300,0.080,0.038,0.882
77400,0.078,0.042,0.880
77500,0.077,0.040,0.883
77600,0.079,0.037,0.884
77700,0.079,0.041,0.880
77800,0.084,0.038,0.878
77900,0.089,0.038,0.873
78000,0.097,0.037,0.866
78100,0.096,0.039,0.865
78200,0.097,0.041,0.862
78300,0.093,0.039,0.868
78400,0.091,0.041,0.868
78500,0.090,0.040,0.870
78600,0.089,0.042,0.869
78700,0.089,0.046,0.865
78800,0.088,0.043,0.869
78900,0.092,0.043,0.865
79000,0.091,0.044,0.865
79100,0.093,0.046,0.861
79200,0.092,0.042,0.866
79300,0.093,0.042,0.865
79400,0.096,0.044,0.860
79500,0.099,0.044,0.857
79600,0.099,0.050,0.851
79700,0.095,0.052,0.853
79800,0.095,0.055,0.850
79900,0.095,0.048,0.857
80000,0.093,0.046,0.861
80100,0.094,0.048,0.858
80200,0.090,0.047,0.863
80300,0.086,0.048,0.866
80400,0.087,0.050,0.863
80500,0.089,0.053,0.858
80600,0.092,0.055,0.853
80700,0.093,0.052,0.855
80800,0.090,0.050,0.860
80900,0.091,0.046,0.863
81000,0.089,0.048,0.863
81100,0.093,0.052,0.855
81200,0.090,0.051,0.859
81300,0.097,0.047,0.856
81400,0.094,0.052,0.854
81500,0.098,0.055,0.847
81600,0.098,0.055,0.847
81700,0.090,0.051,0.859
81800,0.091,0.056,0.853
81900,0.093,0.056,0.851
82000,0.093,0.051,0.856
82100,0.097,0.047,0.856
82200,0.099,0.048,0.853
82300,0.097,0.041,0.862
82400,0.101,0.039,0.860
82500,0.098,0.039,0.863
82600,0.098,0.044,0.858
82700,0.100,0.042,0.858
82800,0.097,0.040,0.863
82900,0.097,0.039,0.864
83000,0.093,0.042,0.865
83100,0.093,0.041,0.866
83200,0.089,0.043,0.868
83300,0.082,0.043,0.875
83400,0.084,0.043,0.873
83500,0.088,0.042,0.870
83600,0.084,0.042,0.874
83700,0.086,0.038,0.876
83800,0.083,0.039,0.878
83900,0.082,0.035,0.883
84000,0.087,0.037,0.876
84100,0.084,0.038,0.878
84200,0.082,0.039,0.879
84300,0.079,0.037,0.884
84400,0.083,0.032,0.885
84500,0.081,0.037,0.882
84600,0.080,0.041,0.879
84700,0.080,0.040,0.880
84800,0.081,0.040,0.879
84900,0.076,0.050,0.874
85000,0.075,0.056,0.869
85100,0.074,0.058,0.868
85200,0.074,0.064,0.862
85300,0.079,0.066,0.855
85400,0.075,0.064,0.861
85500,0.072,0.065,0.863
85600,0.071,0.065,0.864
85700,0.067,0.075,0.858
85800,0.069,0.069,0.862
85900,0.072,0.062,0.866
86000,0.070,0.065,0.865
86100,0.070,0.070,0.860
86200,0.071,0.069,0.860
86300,0.069,0.065,0.866
86400,0.073,0.063,0.864
86500,0.069,0.057,0.874
86600,0.071,0.050,0.879
86700,0.074,0.052,0.874
86800,0.075,0.049,0.876
86900,0.075,0.054,0.871
87000,0.074,0.055,0.871
87100,0.075,0.057,0.868
87200,0.073,0.058,0.869
87300,0.074,0.056,0.870
87400,0.072,0.063,0.865
87500,0.070,0.062,0.868
87600,0.075,0.062,0.863
87700,0.074,0.063,0.863
87800,0.075,0.065,0.860
87900,0.078,0.063,0.859
88000,0.078,0.061,0.861
88100,0.085,0.060,0.855
88200,0.086,0.063,0.851
88300,0.085,0.063,0.852
88400,0.084,0.065,0.851
88500,0.088,0.063,0.849
88600,0.085,0.065,0.850
88700,0.087,0.062,0.851
88800,0.082,0.059,0.859
88900,0.080,0.063,0.857
89000,0.079,0.060,0.861
89100,0.082,0.063,0.855
89200,0.080,0.057,0.863
89300,0.080,0.055,0.865
89400,0.088,0.060,0.852
89500,0.091,0.054,0.855
89600,0.091,0.053,0.856
89700,0.093,0.050,0.857
89800,0.091,0.057,0.852
89900,0.091,0.061,0.848
90000,0.088,0.059,0.853
90100,0.089,0.064,0.847
90200,0.091,0.069,0.840
90300,0.086,0.068,0.846
90400,0.093,0.067,0.840
90500,0.091,0.071,0.838
90600,0.093,0.066,0.841
90700,0.090,0.070,0.840
90800,0.088,0.067,0.845
90900,0.081,0.063,0.856
91000,0.077,0.059,0.864
91100,0.077,0.062,0.861
91200,0.075,0.056,0.869
91300,0.074,0.055,0.871
91400,0.071,0.053,0.876
91500,0.074,0.052,0.874
91600,0.074,0.051,0.875
91700,0.077,0.048,0.875
91800,0.078,0.051,0.871
91900,0.074,0.057,0.869
92000,0.072,0.062,0.866
92100,0.072,0.061,0.867
92200,0.069,0.067,0.864
92300,0.067,0.062,0.871
92400,0.068,0.067,0.865
92500,0.069,0.071,0.860
92600,0.078,0.069,0.853
92700,0.076,0.073,0.851
92800,0.074,0.072,0.854
92900,0.073,0.070,0.857
93000,0.070,0.074,0.856
93100,0.071,0.070,0.859
93200,0.066,0.077,0.857
93300,0.068,0.075,0.857
93400,0.066,0.069,0.865
93500,0.064,0.065,0.871
93600,0.069,0.065,0.866
93700,0.071,0.070,0.859
93800,0.079,0.071,0.850
93900,0.077,0.074,0.849
94000,0.073,0.070,0.857
94100,0.078,0.071,0.851
94200,0.077,0.074,0.849
94300,0.076,0.072,0.852
94400,0.074,0.071,0.855
94500,0.072,0.068,0.860
94600,0.067,0.064,0.869
94700,0.069,0.069,0.862
94800,0.069,0.071,0.860
94900,0.071,0.071,0.858
95000,0.075,0.069,0.856
95100,0.081,0.068,0.851
95200,0.080,0.065,0.855
95300,0.084,0.066,0.850
95400,0.087,0.065,0.848
95500,0.080,0.063,0.857
95600,0.077,0.063,0.860
95700,0.077,0.066,0.857
95800,0.075,0.061,0.864
95900,0.082,0.063,0.855
96000,0.085,0.060,0.855
96100,0.082,0.055,0.863
96200,0.084,0.049,0.867
96300,0.081,0.048,0.871
96400,0.083,0.050,0.867
96500,0.082,0.048,0.870
96600,0.079,0.052,0.869
96700,0.079,0.052,0.869
96800,0.074,0.050,0.876
96900,0.073,0.047,0.880
97000,0.071,0.042,0.887
97100,0.068,0.047,0.885
97200,0.073,0.046,0.881
97300,0.072,0.048,0.880
97400,0.071,0.049,0.880
97500,0.074,0.052,0.874
97600,0.074,0.052,0.874
97700,0.078,0.056,0.866
97800,0.082,0.055,0.863
97900,0.091,0.056,0.853
98000,0.090,0.055,0.855
98100,0.083,0.054,0.863
98200,0.083,0.050,0.867
98300,0.083,0.047,0.870
98400,0.080,0.049,0.871
98500,0.079,0.045,0.876
98600,0.079,0.043,0.878
98700,0.085,0.043,0.872
98800,0.087,0.038,0.875
98900,0.090,0.043,0.867
99000,0.092,0.049,0.859
99100,0.093,0.053,0.854
99200,0.091,0.056,0.853
99300,0.086,0.054,0.860
99400,0.089,0.054,0.857
99500,0.087,0.057,0.856
99600,0.083,0.055,0.862
99700,0.087,0.051,0.862
99800,0.087,0.054,0.859
99900,0.084,0.055,0.861
100000,0.086,0.054,0.860
