time,n_A+p,n_B,n_AB,avg_entropy_simp
500,0.030,0.961,0.009,0.071862
1000,0.033,0.951,0.016,0.086986
1500,0.033,0.928,0.039,0.123685
2000,0.032,0.920,0.048,0.116118
2500,0.034,0.896,0.070,0.145362
3000,0.035,0.896,0.069,0.162762
3500,0.038,0.882,0.081,0.181019
4000,0.047,0.847,0.106,0.232713
4500,0.049,0.815,0.136,0.279848
5000,0.040,0.819,0.141,0.288004
5500,0.042,0.802,0.156,0.285233
6000,0.051,0.765,0.184,0.318776
6500,0.062,0.727,0.210,0.343973
7000,0.051,0.732,0.217,0.332366
7500,0.057,0.711,0.232,0.364969
8000,0.063,0.613,0.324,0.330783
8500,0.077,0.602,0.322,0.389510
9000,0.068,0.593,0.338,0.403308
9500,0.072,0.589,0.339,0.398142
10000,0.089,0.566,0.345,0.394382
10500,0.095,0.537,0.368,0.351388
11000,0.110,0.528,0.362,0.399235
11500,0.103,0.510,0.387,0.335829
12000,0.107,0.513,0.380,0.391640
12500,0.110,0.503,0.387,0.379884
13000,0.117,0.486,0.396,0.375716
13500,0.106,0.463,0.431,0.391855
14000,0.101,0.454,0.445,0.294506
14500,0.112,0.476,0.412,0.414295
15000,0.100,0.496,0.403,0.402445
15500,0.113,0.486,0.400,0.369821
16000,0.115,0.459,0.426,0.355801
16500,0.115,0.454,0.431,0.384722
17000,0.139,0.441,0.420,0.407659
17500,0.143,0.430,0.427,0.420073
18000,0.142,0.412,0.446,0.357588
18500,0.161,0.402,0.436,0.376506
19000,0.163,0.398,0.438,0.393632
19500,0.186,0.375,0.439,0.379308
20000,0.160,0.380,0.460,0.382909
20500,0.172,0.383,0.445,0.395108
21000,0.185,0.382,0.433,0.398952
21500,0.185,0.375,0.440,0.354189
22000,0.175,0.379,0.446,0.400833
22500,0.197,0.378,0.425,0.397169
23000,0.186,0.381,0.433,0.438773
23500,0.177,0.371,0.453,0.394556
24000,0.187,0.368,0.445,0.369200
24500,0.175,0.369,0.457,0.406225
25000,0.188,0.358,0.455,0.399152
25500,0.192,0.353,0.455,0.387001
26000,0.186,0.373,0.441,0.410632
26500,0.215,0.355,0.430,0.410539
27000,0.194,0.353,0.453,0.373721
27500,0.193,0.351,0.456,0.391533
28000,0.174,0.344,0.482,0.376830
28500,0.170,0.327,0.504,0.346326
29000,0.166,0.331,0.503,0.363131
29500,0.178,0.323,0.499,0.360676
30000,0.189,0.330,0.481,0.355383
30500,0.192,0.342,0.466,0.392156
31000,0.195,0.326,0.479,0.325071
31500,0.209,0.319,0.472,0.382704
32000,0.195,0.327,0.478,0.367139
32500,0.205,0.331,0.464,0.377004
33000,0.211,0.339,0.449,0.407952
33500,0.191,0.327,0.482,0.350959
34000,0.201,0.328,0.471,0.387391
34500,0.221,0.315,0.465,0.384251
35000,0.221,0.306,0.473,0.367921
35500,0.232,0.304,0.464,0.410093
36000,0.236,0.299,0.465,0.396798
36500,0.231,0.308,0.461,0.408358
37000,0.198,0.323,0.479,0.367208
37500,0.209,0.331,0.460,0.405875
38000,0.226,0.308,0.466,0.366211
38500,0.231,0.299,0.470,0.367916
39000,0.233,0.305,0.462,0.384665
39500,0.247,0.290,0.463,0.384213
40000,0.247,0.281,0.472,0.360121
40500,0.264,0.268,0.469,0.371457
41000,0.257,0.265,0.478,0.372086
41500,0.263,0.249,0.488,0.357005
42000,0.273,0.274,0.454,0.366180
42500,0.292,0.266,0.442,0.351589
43000,0.301,0.254,0.444,0.368328
43500,0.269,0.264,0.468,0.361527
44000,0.238,0.272,0.490,0.394106
44500,0.228,0.266,0.507,0.374679
45000,0.250,0.272,0.478,0.396963
45500,0.245,0.253,0.502,0.390081
46000,0.249,0.244,0.507,0.365203
46500,0.253,0.244,0.503,0.371972
47000,0.243,0.240,0.517,0.354097
47500,0.260,0.240,0.499,0.351485
48000,0.264,0.249,0.487,0.379357
48500,0.251,0.258,0.490,0.396752
49000,0.221,0.257,0.522,0.378284
49500,0.225,0.275,0.501,0.374871
50000,0.223,0.284,0.493,0.374298
50500,0.191,0.297,0.512,0.405712
51000,0.200,0.278,0.522,0.384811
51500,0.201,0.271,0.528,0.391504
52000,0.205,0.267,0.528,0.395844
52500,0.195,0.257,0.547,0.366763
53000,0.211,0.257,0.531,0.370719
53500,0.243,0.258,0.498,0.373430
54000,0.234,0.253,0.513,0.366101
54500,0.215,0.247,0.538,0.359948
55000,0.208,0.255,0.536,0.380891
55500,0.200,0.259,0.540,0.356786
56000,0.197,0.267,0.536,0.375939
56500,0.200,0.255,0.544,0.410315
57000,0.218,0.255,0.527,0.406905
57500,0.221,0.250,0.529,0.383078
58000,0.222,0.249,0.529,0.380812
58500,0.222,0.253,0.525,0.381582
59000,0.220,0.247,0.533,0.368419
59500,0.227,0.256,0.517,0.371337
60000,0.226,0.249,0.525,0.348472
60500,0.237,0.234,0.529,0.368570
61000,0.220,0.249,0.531,0.377775
61500,0.231,0.260,0.509,0.403775
62000,0.233,0.258,0.509,0.376771
62500,0.223,0.267,0.511,0.382532
63000,0.253,0.246,0.501,0.383136
63500,0.232,0.249,0.519,0.366953
64000,0.229,0.244,0.527,0.365952
64500,0.231,0.236,0.533,0.352469
65000,0.234,0.247,0.519,0.375837
65500,0.237,0.251,0.512,0.393919
66000,0.243,0.237,0.520,0.352697
66500,0.258,0.247,0.494,0.407520
67000,0.258,0.246,0.495,0.377367
67500,0.241,0.233,0.526,0.380151
68000,0.242,0.236,0.522,0.353353
68500,0.209,0.234,0.557,0.340906
69000,0.239,0.249,0.512,0.403285
69500,0.240,0.260,0.499,0.398364
70000,0.213,0.245,0.541,0.353676
70500,0.219,0.260,0.521,0.390091
71000,0.229,0.245,0.526,0.399294
71500,0.234,0.239,0.527,0.395918
72000,0.188,0.237,0.575,0.353383
72500,0.203,0.258,0.538,0.402893
73000,0.181,0.271,0.549,0.356067
73500,0.193,0.281,0.526,0.367036
74000,0.197,0.290,0.513,0.391278
74500,0.177,0.301,0.522,0.372039
75000,0.181,0.308,0.511,0.389409
75500,0.170,0.294,0.536,0.398948
76000,0.172,0.267,0.562,0.329054
76500,0.185,0.281,0.534,0.382679
77000,0.199,0.259,0.541,0.392696
77500,0.204,0.259,0.536,0.388046
78000,0.217,0.274,0.510,0.408801
78500,0.228,0.250,0.522,0.438776
79000,0.222,0.243,0.535,0.402844
79500,0.227,0.247,0.526,0.395635
80000,0.249,0.259,0.491,0.419449
80500,0.250,0.245,0.505,0.376775
81000,0.219,0.239,0.542,0.339095
81500,0.237,0.251,0.512,0.408028
82000,0.218,0.252,0.530,0.379543
82500,0.217,0.250,0.533,0.405615
83000,0.216,0.237,0.547,0.381595
83500,0.229,0.233,0.538,0.386469
84000,0.222,0.239,0.539,0.386286
84500,0.233,0.236,0.531,0.390069
85000,0.218,0.239,0.543,0.398999
85500,0.219,0.230,0.552,0.393138
86000,0.209,0.238,0.553,0.387179
86500,0.208,0.227,0.565,0.373876
87000,0.213,0.213,0.573,0.359519
87500,0.222,0.216,0.563,0.375441
88000,0.242,0.217,0.541,0.378388
88500,0.247,0.241,0.512,0.409227
89000,0.259,0.232,0.509,0.380992
89500,0.265,0.240,0.495,0.413402
90000,0.250,0.230,0.520,0.355359
90500,0.240,0.236,0.524,0.393899
91000,0.233,0.253,0.514,0.388471
91500,0.239,0.253,0.508,0.411484
92000,0.246,0.245,0.509,0.414208
92500,0.245,0.235,0.520,0.395922
93000,0.239,0.232,0.529,0.406603
93500,0.232,0.241,0.527,0.371527
94000,0.230,0.228,0.542,0.340535
94500,0.235,0.218,0.547,0.374488
95000,0.251,0.207,0.541,0.379701
95500,0.251,0.210,0.538,0.401073
96000,0.235,0.213,0.552,0.346763
96500,0.212,0.235,0.553,0.367138
97000,0.215,0.239,0.546,0.374780
97500,0.210,0.228,0.562,0.349241
98000,0.223,0.260,0.517,0.391231
98500,0.222,0.240,0.538,0.391773
99000,0.217,0.232,0.552,0.393824
99500,0.218,0.245,0.537,0.388199
100000,0.202,0.248,0.550,0.375089
