time,n_A+p,n_B,n_AB
500,0.010,0.949,0.041
1000,0.010,0.865,0.125
1500,0.010,0.767,0.223
2000,0.010,0.844,0.146
2500,0.010,0.931,0.059
3000,0.010,0.914,0.076
3500,0.010,0.911,0.079
4000,0.010,0.783,0.207
4500,0.010,0.839,0.151
5000,0.010,0.913,0.077
5500,0.010,0.818,0.172
6000,0.010,0.776,0.214
6500,0.010,0.800,0.190
7000,0.010,0.975,0.015
7500,0.010,0.921,0.069
8000,0.010,0.720,0.270
8500,0.010,0.930,0.060
9000,0.010,0.968,0.022
9500,0.010,0.977,0.013
10000,0.010,0.959,0.031
10500,0.010,0.745,0.245
11000,0.010,0.949,0.041
11500,0.010,0.898,0.092
12000,0.010,0.834,0.156
12500,0.010,0.985,0.005
13000,0.010,0.892,0.098
13500,0.010,0.907,0.083
14000,0.010,0.916,0.074
14500,0.010,0.849,0.141
15000,0.010,0.935,0.055
15500,0.010,0.831,0.159
16000,0.010,0.962,0.028
16500,0.010,0.735,0.255
17000,0.010,0.909,0.081
17500,0.010,0.899,0.091
18000,0.010,0.944,0.046
18500,0.010,0.957,0.033
19000,0.010,0.948,0.042
19500,0.010,0.847,0.143
20000,0.010,0.858,0.132
20500,0.010,0.989,0.001
21000,0.010,0.890,0.100
21500,0.010,0.803,0.187
22000,0.010,0.976,0.014
22500,0.010,0.887,0.103
23000,0.010,0.944,0.046
23500,0.010,0.849,0.141
24000,0.010,0.924,0.066
24500,0.010,0.987,0.003
25000,0.010,0.746,0.244
25500,0.010,0.935,0.055
26000,0.010,0.942,0.048
26500,0.010,0.924,0.066
27000,0.010,0.976,0.014
27500,0.010,0.901,0.089
28000,0.010,0.911,0.079
28500,0.010,0.954,0.036
29000,0.010,0.766,0.224
29500,0.010,0.871,0.119
30000,0.010,0.984,0.006
30500,0.010,0.890,0.100
31000,0.010,0.938,0.052
31500,0.010,0.688,0.302
32000,0.010,0.836,0.154
32500,0.010,0.773,0.217
33000,0.010,0.984,0.006
33500,0.010,0.902,0.088
34000,0.010,0.925,0.065
34500,0.010,0.915,0.075
35000,0.010,0.913,0.077
35500,0.010,0.844,0.146
36000,0.010,0.850,0.140
36500,0.010,0.946,0.044
37000,0.010,0.977,0.013
37500,0.010,0.705,0.285
38000,0.010,0.963,0.027
38500,0.010,0.981,0.009
39000,0.010,0.944,0.046
39500,0.010,0.818,0.172
40000,0.010,0.912,0.078
40500,0.010,0.971,0.019
41000,0.010,0.949,0.041
41500,0.010,0.969,0.021
42000,0.010,0.981,0.009
42500,0.010,0.976,0.014
43000,0.010,0.988,0.002
43500,0.010,0.940,0.050
44000,0.010,0.757,0.233
44500,0.010,0.881,0.109
45000,0.010,0.728,0.262
45500,0.010,0.811,0.179
46000,0.010,0.868,0.122
46500,0.010,0.898,0.092
47000,0.010,0.842,0.148
47500,0.010,0.953,0.037
48000,0.010,0.818,0.172
48500,0.010,0.918,0.072
49000,0.010,0.656,0.334
49500,0.010,0.870,0.120
50000,0.010,0.960,0.030
50500,0.010,0.828,0.162
51000,0.010,0.836,0.154
51500,0.010,0.763,0.227
52000,0.010,0.917,0.073
52500,0.010,0.911,0.079
53000,0.010,0.767,0.223
53500,0.010,0.884,0.106
54000,0.010,0.824,0.166
54500,0.010,0.864,0.126
55000,0.010,0.755,0.235
55500,0.010,0.747,0.243
56000,0.010,0.888,0.102
56500,0.010,0.759,0.231
57000,0.010,0.911,0.079
57500,0.010,0.962,0.028
58000,0.010,0.874,0.116
58500,0.010,0.957,0.033
59000,0.010,0.963,0.027
59500,0.010,0.803,0.187
60000,0.010,0.736,0.254
60500,0.010,0.883,0.107
61000,0.010,0.844,0.146
61500,0.010,0.878,0.112
62000,0.010,0.857,0.133
62500,0.010,0.989,0.001
63000,0.010,0.783,0.207
63500,0.010,0.878,0.112
64000,0.010,0.874,0.116
64500,0.010,0.866,0.124
65000,0.010,0.814,0.176
65500,0.010,0.789,0.201
66000,0.010,0.900,0.090
66500,0.010,0.774,0.216
67000,0.010,0.847,0.143
67500,0.010,0.953,0.037
68000,0.010,0.811,0.179
68500,0.010,0.747,0.243
69000,0.010,0.858,0.132
69500,0.010,0.839,0.151
70000,0.010,0.862,0.128
70500,0.010,0.855,0.135
71000,0.010,0.942,0.048
71500,0.010,0.981,0.009
72000,0.010,0.835,0.155
72500,0.010,0.973,0.017
73000,0.010,0.980,0.010
73500,0.010,0.906,0.084
74000,0.010,0.927,0.063
74500,0.010,0.814,0.176
75000,0.010,0.919,0.071
75500,0.010,0.942,0.048
76000,0.010,0.863,0.127
76500,0.010,0.925,0.065
77000,0.010,0.973,0.017
77500,0.010,0.874,0.116
78000,0.010,0.983,0.007
78500,0.010,0.746,0.244
79000,0.010,0.948,0.042
79500,0.010,0.929,0.061
80000,0.010,0.915,0.075
80500,0.010,0.816,0.174
81000,0.010,0.849,0.141
81500,0.010,0.963,0.027
82000,0.010,0.974,0.016
82500,0.010,0.877,0.113
83000,0.010,0.951,0.039
83500,0.010,0.793,0.197
84000,0.010,0.619,0.371
84500,0.010,0.896,0.094
85000,0.010,0.972,0.018
85500,0.010,0.918,0.072
86000,0.010,0.936,0.054
86500,0.010,0.913,0.077
87000,0.010,0.863,0.127
87500,0.010,0.771,0.219
88000,0.010,0.960,0.030
88500,0.010,0.885,0.105
89000,0.010,0.964,0.026
89500,0.010,0.824,0.166
90000,0.010,0.814,0.176
90500,0.010,0.848,0.142
91000,0.010,0.750,0.240
91500,0.010,0.790,0.200
92000,0.010,0.751,0.239
92500,0.010,0.847,0.143
93000,0.010,0.972,0.018
93500,0.010,0.942,0.048
94000,0.010,0.948,0.042
94500,0.010,0.806,0.184
95000,0.010,0.741,0.249
95500,0.010,0.867,0.123
96000,0.010,0.874,0.116
96500,0.010,0.872,0.118
97000,0.010,0.729,0.261
97500,0.010,0.740,0.250
98000,0.010,0.891,0.099
98500,0.010,0.889,0.101
99000,0.010,0.899,0.091
99500,0.010,0.800,0.190
100000,0.010,0.763,0.227
100500,0.010,0.887,0.103
101000,0.010,0.969,0.021
101500,0.010,0.918,0.072
102000,0.010,0.963,0.027
102500,0.010,0.933,0.057
103000,0.010,0.872,0.118
103500,0.010,0.985,0.005
104000,0.010,0.940,0.050
104500,0.010,0.911,0.079
105000,0.010,0.933,0.057
105500,0.010,0.920,0.070
106000,0.010,0.847,0.143
106500,0.010,0.739,0.251
107000,0.010,0.807,0.183
107500,0.010,0.933,0.057
108000,0.010,0.990,0.000
108500,0.010,0.895,0.095
109000,0.010,0.893,0.097
109500,0.010,0.976,0.014
110000,0.010,0.931,0.059
110500,0.010,0.947,0.043
111000,0.010,0.967,0.023
111500,0.010,0.841,0.149
112000,0.010,0.868,0.122
112500,0.010,0.870,0.120
113000,0.010,0.957,0.033
113500,0.010,0.841,0.149
114000,0.010,0.816,0.174
114500,0.010,0.834,0.156
115000,0.010,0.949,0.041
115500,0.010,0.853,0.137
116000,0.010,0.938,0.052
116500,0.010,0.804,0.186
117000,0.010,0.976,0.014
117500,0.010,0.983,0.007
118000,0.010,0.843,0.147
118500,0.010,0.961,0.029
119000,0.010,0.956,0.034
119500,0.010,0.863,0.127
120000,0.010,0.891,0.099
120500,0.010,0.961,0.029
121000,0.010,0.955,0.035
121500,0.010,0.903,0.087
122000,0.010,0.826,0.164
122500,0.010,0.876,0.114
123000,0.010,0.832,0.158
123500,0.010,0.659,0.331
124000,0.010,0.839,0.151
124500,0.010,0.957,0.033
125000,0.010,0.944,0.046
125500,0.010,0.954,0.036
126000,0.010,0.970,0.020
126500,0.010,0.926,0.064
127000,0.010,0.819,0.171
127500,0.010,0.893,0.097
128000,0.010,0.850,0.140
128500,0.010,0.900,0.090
129000,0.010,0.864,0.126
129500,0.010,0.879,0.111
130000,0.010,0.832,0.158
130500,0.010,0.876,0.114
131000,0.010,0.949,0.041
131500,0.010,0.883,0.107
132000,0.010,0.881,0.109
132500,0.010,0.823,0.167
133000,0.010,0.889,0.101
133500,0.010,0.823,0.167
134000,0.010,0.798,0.192
134500,0.010,0.823,0.167
135000,0.010,0.693,0.297
135500,0.010,0.910,0.080
136000,0.010,0.884,0.106
136500,0.010,0.942,0.048
137000,0.010,0.795,0.195
137500,0.010,0.812,0.178
138000,0.010,0.760,0.230
138500,0.010,0.919,0.071
139000,0.010,0.865,0.125
139500,0.010,0.880,0.110
140000,0.010,0.969,0.021
140500,0.010,0.919,0.071
141000,0.010,0.946,0.044
141500,0.010,0.951,0.039
142000,0.010,0.914,0.076
142500,0.010,0.863,0.127
143000,0.010,0.930,0.060
143500,0.010,0.918,0.072
144000,0.010,0.737,0.253
144500,0.010,0.671,0.319
145000,0.010,0.797,0.193
145500,0.010,0.763,0.227
146000,0.010,0.951,0.039
146500,0.010,0.929,0.061
147000,0.010,0.954,0.036
147500,0.010,0.895,0.095
148000,0.010,0.907,0.083
148500,0.010,0.922,0.068
149000,0.010,0.876,0.114
149500,0.010,0.885,0.105
150000,0.010,0.907,0.083
150500,0.010,0.951,0.039
151000,0.010,0.926,0.064
151500,0.010,0.924,0.066
152000,0.010,0.943,0.047
152500,0.010,0.978,0.012
153000,0.010,0.935,0.055
153500,0.010,0.925,0.065
154000,0.010,0.970,0.020
154500,0.010,0.961,0.029
155000,0.010,0.936,0.054
155500,0.010,0.932,0.058
156000,0.010,0.940,0.050
156500,0.010,0.791,0.199
157000,0.010,0.885,0.105
157500,0.010,0.828,0.162
158000,0.010,0.979,0.011
158500,0.010,0.956,0.034
159000,0.010,0.913,0.077
159500,0.010,0.886,0.104
160000,0.010,0.896,0.094
160500,0.010,0.837,0.153
161000,0.010,0.792,0.198
161500,0.010,0.751,0.239
162000,0.010,0.897,0.093
162500,0.010,0.865,0.125
163000,0.010,0.933,0.057
163500,0.010,0.935,0.055
164000,0.010,0.938,0.052
164500,0.010,0.977,0.013
165000,0.010,0.917,0.073
165500,0.010,0.748,0.242
166000,0.010,0.766,0.224
166500,0.010,0.804,0.186
167000,0.010,0.842,0.148
167500,0.010,0.899,0.091
168000,0.010,0.883,0.107
168500,0.010,0.934,0.056
169000,0.010,0.859,0.131
169500,0.010,0.930,0.060
170000,0.010,0.884,0.106
170500,0.010,0.919,0.071
171000,0.010,0.927,0.063
171500,0.010,0.854,0.136
172000,0.010,0.892,0.098
172500,0.010,0.918,0.072
173000,0.010,0.889,0.101
173500,0.010,0.917,0.073
174000,0.010,0.860,0.130
174500,0.010,0.958,0.032
175000,0.010,0.711,0.279
175500,0.010,0.927,0.063
176000,0.010,0.891,0.099
176500,0.010,0.969,0.021
177000,0.010,0.962,0.028
177500,0.010,0.965,0.025
178000,0.010,0.910,0.080
178500,0.010,0.961,0.029
179000,0.010,0.914,0.076
179500,0.010,0.746,0.244
180000,0.010,0.852,0.138
180500,0.010,0.805,0.185
181000,0.010,0.816,0.174
181500,0.010,0.755,0.235
182000,0.010,0.884,0.106
182500,0.010,0.939,0.051
183000,0.010,0.930,0.060
183500,0.010,0.889,0.101
184000,0.010,0.883,0.107
184500,0.010,0.772,0.218
185000,0.010,0.821,0.169
185500,0.010,0.929,0.061
186000,0.010,0.938,0.052
186500,0.010,0.898,0.092
187000,0.010,0.875,0.115
187500,0.010,0.850,0.140
188000,0.010,0.945,0.045
188500,0.010,0.880,0.110
189000,0.010,0.988,0.002
189500,0.010,0.937,0.053
190000,0.010,0.869,0.121
190500,0.010,0.832,0.158
191000,0.010,0.961,0.029
191500,0.010,0.864,0.126
192000,0.010,0.734,0.256
192500,0.010,0.759,0.231
193000,0.010,0.750,0.240
193500,0.010,0.971,0.019
194000,0.010,0.973,0.017
194500,0.010,0.957,0.033
195000,0.010,0.792,0.198
195500,0.010,0.779,0.211
196000,0.010,0.920,0.070
196500,0.010,0.926,0.064
197000,0.010,0.965,0.025
197500,0.010,0.885,0.105
198000,0.010,0.836,0.154
198500,0.010,0.868,0.122
199000,0.010,0.851,0.139
199500,0.010,0.962,0.028
200000,0.010,0.845,0.145
200500,0.010,0.911,0.079
201000,0.010,0.965,0.025
201500,0.010,0.978,0.012
202000,0.010,0.867,0.123
202500,0.010,0.843,0.147
203000,0.010,0.865,0.125
203500,0.010,0.883,0.107
204000,0.010,0.905,0.085
204500,0.010,0.981,0.009
205000,0.010,0.869,0.121
205500,0.010,0.967,0.023
206000,0.010,0.956,0.034
206500,0.010,0.701,0.289
207000,0.010,0.977,0.013
207500,0.010,0.820,0.170
208000,0.010,0.865,0.125
208500,0.010,0.804,0.186
209000,0.010,0.809,0.181
209500,0.010,0.932,0.058
210000,0.010,0.903,0.087
210500,0.010,0.910,0.080
211000,0.010,0.942,0.048
211500,0.010,0.924,0.066
212000,0.010,0.936,0.054
212500,0.010,0.908,0.082
213000,0.010,0.762,0.228
213500,0.010,0.962,0.028
214000,0.010,0.767,0.223
214500,0.010,0.920,0.070
215000,0.010,0.963,0.027
215500,0.010,0.910,0.080
216000,0.010,0.885,0.105
216500,0.010,0.978,0.012
217000,0.010,0.848,0.142
217500,0.010,0.890,0.100
218000,0.010,0.874,0.116
218500,0.010,0.972,0.018
219000,0.010,0.945,0.045
219500,0.010,0.903,0.087
220000,0.010,0.734,0.256
220500,0.010,0.549,0.441
221000,0.010,0.849,0.141
221500,0.010,0.956,0.034
222000,0.010,0.965,0.025
222500,0.010,0.882,0.108
223000,0.010,0.920,0.070
223500,0.010,0.904,0.086
224000,0.010,0.847,0.143
224500,0.010,0.946,0.044
225000,0.010,0.977,0.013
225500,0.010,0.729,0.261
226000,0.010,0.786,0.204
226500,0.010,0.935,0.055
227000,0.010,0.844,0.146
227500,0.010,0.820,0.170
228000,0.010,0.778,0.212
228500,0.010,0.984,0.006
229000,0.010,0.912,0.078
229500,0.010,0.990,0.000
230000,0.010,0.713,0.277
230500,0.010,0.904,0.086
231000,0.010,0.904,0.086
231500,0.010,0.810,0.180
232000,0.010,0.882,0.108
232500,0.010,0.908,0.082
233000,0.010,0.978,0.012
233500,0.010,0.923,0.067
234000,0.010,0.713,0.277
234500,0.010,0.778,0.212
235000,0.010,0.857,0.133
235500,0.010,0.940,0.050
236000,0.010,0.899,0.091
236500,0.010,0.901,0.089
237000,0.010,0.874,0.116
237500,0.010,0.970,0.020
238000,0.010,0.962,0.028
238500,0.010,0.898,0.092
239000,0.010,0.984,0.006
239500,0.010,0.871,0.119
240000,0.010,0.810,0.180
240500,0.010,0.894,0.096
241000,0.010,0.886,0.104
241500,0.010,0.905,0.085
242000,0.010,0.693,0.297
242500,0.010,0.799,0.191
243000,0.010,0.617,0.373
243500,0.010,0.910,0.080
244000,0.010,0.809,0.181
244500,0.010,0.893,0.097
245000,0.010,0.860,0.130
245500,0.010,0.847,0.143
246000,0.010,0.948,0.042
246500,0.010,0.697,0.293
247000,0.010,0.773,0.217
247500,0.010,0.945,0.045
248000,0.010,0.964,0.026
248500,0.010,0.905,0.085
249000,0.010,0.934,0.056
249500,0.010,0.965,0.025
250000,0.010,0.973,0.017
250500,0.010,0.946,0.044
251000,0.010,0.939,0.051
251500,0.010,0.904,0.086
252000,0.010,0.979,0.011
252500,0.010,0.945,0.045
253000,0.010,0.942,0.048
253500,0.010,0.939,0.051
254000,0.010,0.878,0.112
254500,0.010,0.840,0.150
255000,0.010,0.726,0.264
255500,0.010,0.861,0.129
256000,0.010,0.926,0.064
256500,0.010,0.949,0.041
257000,0.010,0.949,0.041
257500,0.010,0.927,0.063
258000,0.010,0.822,0.168
258500,0.010,0.885,0.105
259000,0.010,0.835,0.155
259500,0.010,0.948,0.042
260000,0.010,0.912,0.078
260500,0.010,0.860,0.130
261000,0.010,0.952,0.038
261500,0.010,0.804,0.186
262000,0.010,0.894,0.096
262500,0.010,0.920,0.070
263000,0.010,0.953,0.037
263500,0.010,0.877,0.113
264000,0.010,0.949,0.041
264500,0.010,0.839,0.151
265000,0.010,0.860,0.130
265500,0.010,0.878,0.112
266000,0.010,0.888,0.102
266500,0.010,0.963,0.027
267000,0.010,0.987,0.003
267500,0.010,0.953,0.037
268000,0.010,0.964,0.026
268500,0.010,0.973,0.017
269000,0.010,0.950,0.040
269500,0.010,0.970,0.020
270000,0.010,0.943,0.047
270500,0.010,0.984,0.006
271000,0.010,0.827,0.163
271500,0.010,0.970,0.020
272000,0.010,0.797,0.193
272500,0.010,0.781,0.209
273000,0.010,0.854,0.136
273500,0.010,0.868,0.122
274000,0.010,0.969,0.021
274500,0.010,0.895,0.095
275000,0.010,0.666,0.324
275500,0.010,0.722,0.268
276000,0.010,0.807,0.183
276500,0.010,0.968,0.022
277000,0.010,0.912,0.078
277500,0.010,0.987,0.003
278000,0.010,0.913,0.077
278500,0.010,0.932,0.058
279000,0.010,0.957,0.033
279500,0.010,0.891,0.099
280000,0.010,0.968,0.022
280500,0.010,0.853,0.137
281000,0.010,0.918,0.072
281500,0.010,0.889,0.101
282000,0.010,0.678,0.312
282500,0.010,0.829,0.161
283000,0.010,0.944,0.046
283500,0.010,0.847,0.143
284000,0.010,0.904,0.086
284500,0.010,0.979,0.011
285000,0.010,0.911,0.079
285500,0.010,0.970,0.020
286000,0.010,0.883,0.107
286500,0.010,0.840,0.150
287000,0.010,0.883,0.107
287500,0.010,0.928,0.062
288000,0.010,0.766,0.224
288500,0.010,0.791,0.199
289000,0.010,0.982,0.008
289500,0.010,0.853,0.137
290000,0.010,0.879,0.111
290500,0.010,0.919,0.071
291000,0.010,0.990,0.000
291500,0.010,0.868,0.122
292000,0.010,0.948,0.042
292500,0.010,0.766,0.224
293000,0.010,0.847,0.143
293500,0.010,0.941,0.049
294000,0.010,0.927,0.063
294500,0.010,0.926,0.064
295000,0.010,0.958,0.032
295500,0.010,0.909,0.081
296000,0.010,0.915,0.075
296500,0.010,0.918,0.072
297000,0.010,0.791,0.199
297500,0.010,0.902,0.088
298000,0.010,0.786,0.204
298500,0.010,0.837,0.153
299000,0.010,0.864,0.126
299500,0.010,0.762,0.228
300000,0.010,0.850,0.140
300500,0.010,0.802,0.188
301000,0.010,0.834,0.156
301500,0.010,0.895,0.095
302000,0.010,0.909,0.081
302500,0.010,0.866,0.124
303000,0.010,0.744,0.246
303500,0.010,0.794,0.196
304000,0.010,0.926,0.064
304500,0.010,0.766,0.224
305000,0.010,0.839,0.151
305500,0.010,0.826,0.164
306000,0.010,0.976,0.014
306500,0.010,0.922,0.068
307000,0.010,0.925,0.065
307500,0.010,0.906,0.084
308000,0.010,0.909,0.081
308500,0.010,0.872,0.118
309000,0.010,0.920,0.070
309500,0.010,0.923,0.067
310000,0.010,0.873,0.117
310500,0.010,0.854,0.136
311000,0.010,0.956,0.034
311500,0.010,0.988,0.002
312000,0.010,0.944,0.046
312500,0.010,0.879,0.111
313000,0.010,0.951,0.039
313500,0.010,0.780,0.210
314000,0.010,0.789,0.201
314500,0.010,0.806,0.184
315000,0.010,0.837,0.153
315500,0.010,0.887,0.103
316000,0.010,0.935,0.055
316500,0.010,0.956,0.034
317000,0.010,0.753,0.237
317500,0.010,0.935,0.055
318000,0.010,0.644,0.346
318500,0.010,0.935,0.055
319000,0.010,0.926,0.064
319500,0.010,0.990,0.000
320000,0.010,0.814,0.176
320500,0.010,0.937,0.053
321000,0.010,0.867,0.123
321500,0.010,0.798,0.192
322000,0.010,0.877,0.113
322500,0.010,0.897,0.093
323000,0.010,0.825,0.165
323500,0.010,0.720,0.270
324000,0.010,0.897,0.093
324500,0.010,0.953,0.037
325000,0.010,0.903,0.087
325500,0.010,0.940,0.050
326000,0.010,0.850,0.140
326500,0.010,0.815,0.175
327000,0.010,0.780,0.210
327500,0.010,0.744,0.246
328000,0.010,0.976,0.014
328500,0.010,0.961,0.029
329000,0.010,0.963,0.027
329500,0.010,0.937,0.053
330000,0.010,0.858,0.132
330500,0.010,0.833,0.157
331000,0.010,0.758,0.232
331500,0.010,0.916,0.074
332000,0.010,0.889,0.101
332500,0.010,0.905,0.085
333000,0.010,0.990,0.000
333500,0.010,0.927,0.063
334000,0.010,0.854,0.136
334500,0.010,0.910,0.080
335000,0.010,0.949,0.041
335500,0.010,0.898,0.092
336000,0.010,0.820,0.170
336500,0.010,0.811,0.179
337000,0.010,0.764,0.226
337500,0.010,0.920,0.070
338000,0.010,0.942,0.048
338500,0.010,0.921,0.069
339000,0.010,0.814,0.176
339500,0.010,0.776,0.214
340000,0.010,0.806,0.184
340500,0.010,0.811,0.179
341000,0.010,0.702,0.288
341500,0.010,0.860,0.130
342000,0.010,0.707,0.283
342500,0.010,0.907,0.083
343000,0.010,0.933,0.057
343500,0.010,0.914,0.076
344000,0.010,0.990,0.000
344500,0.010,0.940,0.050
345000,0.010,0.955,0.035
345500,0.010,0.930,0.060
346000,0.010,0.918,0.072
346500,0.010,0.967,0.023
347000,0.010,0.972,0.018
347500,0.010,0.935,0.055
348000,0.010,0.933,0.057
348500,0.010,0.967,0.023
349000,0.010,0.937,0.053
349500,0.010,0.938,0.052
350000,0.010,0.892,0.098
350500,0.010,0.775,0.215
351000,0.010,0.732,0.258
351500,0.010,0.795,0.195
352000,0.010,0.706,0.284
352500,0.010,0.910,0.080
353000,0.010,0.874,0.116
353500,0.010,0.944,0.046
354000,0.010,0.953,0.037
354500,0.010,0.989,0.001
355000,0.010,0.911,0.079
355500,0.010,0.956,0.034
356000,0.010,0.988,0.002
356500,0.010,0.693,0.297
357000,0.010,0.818,0.172
357500,0.010,0.839,0.151
358000,0.010,0.902,0.088
358500,0.010,0.770,0.220
359000,0.010,0.756,0.234
359500,0.010,0.740,0.250
360000,0.010,0.929,0.061
360500,0.010,0.859,0.131
361000,0.010,0.745,0.245
361500,0.010,0.831,0.159
362000,0.010,0.864,0.126
362500,0.010,0.802,0.188
363000,0.010,0.684,0.306
363500,0.010,0.977,0.013
364000,0.010,0.788,0.202
364500,0.010,0.919,0.071
365000,0.010,0.832,0.158
365500,0.010,0.810,0.180
366000,0.010,0.969,0.021
366500,0.010,0.953,0.037
367000,0.010,0.924,0.066
367500,0.010,0.922,0.068
368000,0.010,0.886,0.104
368500,0.010,0.968,0.022
369000,0.010,0.923,0.067
369500,0.010,0.785,0.205
370000,0.010,0.868,0.122
370500,0.010,0.752,0.238
371000,0.010,0.981,0.009
371500,0.010,0.962,0.028
372000,0.010,0.888,0.102
372500,0.010,0.824,0.166
373000,0.010,0.894,0.096
373500,0.010,0.825,0.165
374000,0.010,0.962,0.028
374500,0.010,0.940,0.050
375000,0.010,0.777,0.213
375500,0.010,0.827,0.163
376000,0.010,0.767,0.223
376500,0.010,0.895,0.095
377000,0.010,0.863,0.127
377500,0.010,0.979,0.011
378000,0.010,0.897,0.093
378500,0.010,0.886,0.104
379000,0.010,0.700,0.290
379500,0.010,0.882,0.108
380000,0.010,0.932,0.058
380500,0.010,0.970,0.020
381000,0.010,0.949,0.041
381500,0.010,0.945,0.045
382000,0.010,0.940,0.050
382500,0.010,0.988,0.002
383000,0.010,0.912,0.078
383500,0.010,0.987,0.003
384000,0.010,0.911,0.079
384500,0.010,0.839,0.151
385000,0.010,0.845,0.145
385500,0.010,0.847,0.143
386000,0.010,0.915,0.075
386500,0.010,0.861,0.129
387000,0.010,0.849,0.141
387500,0.010,0.889,0.101
388000,0.010,0.990,0.000
388500,0.010,0.863,0.127
389000,0.010,0.786,0.204
389500,0.010,0.939,0.051
390000,0.010,0.927,0.063
390500,0.010,0.884,0.106
391000,0.010,0.815,0.175
391500,0.010,0.822,0.168
392000,0.010,0.888,0.102
392500,0.010,0.871,0.119
393000,0.010,0.916,0.074
393500,0.010,0.855,0.135
394000,0.010,0.987,0.003
394500,0.010,0.859,0.131
395000,0.010,0.930,0.060
395500,0.010,0.890,0.100
396000,0.010,0.928,0.062
396500,0.010,0.774,0.216
397000,0.010,0.892,0.098
397500,0.010,0.802,0.188
398000,0.010,0.922,0.068
398500,0.010,0.979,0.011
399000,0.010,0.854,0.136
399500,0.010,0.874,0.116
400000,0.010,0.982,0.008
400500,0.010,0.896,0.094
401000,0.010,0.989,0.001
401500,0.010,0.879,0.111
402000,0.010,0.766,0.224
402500,0.010,0.782,0.208
403000,0.010,0.862,0.128
403500,0.010,0.955,0.035
404000,0.010,0.911,0.079
404500,0.010,0.851,0.139
405000,0.010,0.985,0.005
405500,0.010,0.962,0.028
406000,0.010,0.840,0.150
406500,0.010,0.834,0.156
407000,0.010,0.963,0.027
407500,0.010,0.817,0.173
408000,0.010,0.793,0.197
408500,0.010,0.895,0.095
409000,0.010,0.985,0.005
409500,0.010,0.933,0.057
410000,0.010,0.770,0.220
410500,0.010,0.897,0.093
411000,0.010,0.914,0.076
411500,0.010,0.833,0.157
412000,0.010,0.863,0.127
412500,0.010,0.900,0.090
413000,0.010,0.968,0.022
413500,0.010,0.935,0.055
414000,0.010,0.771,0.219
414500,0.010,0.893,0.097
415000,0.010,0.902,0.088
415500,0.010,0.940,0.050
416000,0.010,0.932,0.058
416500,0.010,0.817,0.173
417000,0.010,0.863,0.127
417500,0.010,0.870,0.120
418000,0.010,0.923,0.067
418500,0.010,0.847,0.143
419000,0.010,0.922,0.068
419500,0.010,0.901,0.089
420000,0.010,0.953,0.037
420500,0.010,0.816,0.174
421000,0.010,0.779,0.211
421500,0.010,0.757,0.233
422000,0.010,0.621,0.369
422500,0.010,0.701,0.289
423000,0.010,0.923,0.067
423500,0.010,0.951,0.039
424000,0.010,0.965,0.025
424500,0.010,0.828,0.162
425000,0.010,0.723,0.267
425500,0.010,0.952,0.038
426000,0.010,0.952,0.038
426500,0.010,0.960,0.030
427000,0.010,0.960,0.030
427500,0.010,0.850,0.140
428000,0.010,0.983,0.007
428500,0.010,0.867,0.123
429000,0.010,0.832,0.158
429500,0.010,0.855,0.135
430000,0.010,0.844,0.146
430500,0.010,0.812,0.178
431000,0.010,0.822,0.168
431500,0.010,0.937,0.053
432000,0.010,0.866,0.124
432500,0.010,0.708,0.282
433000,0.010,0.800,0.190
433500,0.010,0.908,0.082
434000,0.010,0.863,0.127
434500,0.010,0.775,0.215
435000,0.010,0.903,0.087
435500,0.010,0.971,0.019
436000,0.010,0.976,0.014
436500,0.010,0.713,0.277
437000,0.010,0.978,0.012
437500,0.010,0.961,0.029
438000,0.010,0.896,0.094
438500,0.010,0.704,0.286
439000,0.010,0.768,0.222
439500,0.010,0.939,0.051
440000,0.010,0.894,0.096
440500,0.010,0.738,0.252
441000,0.010,0.667,0.323
441500,0.010,0.825,0.165
442000,0.010,0.922,0.068
442500,0.010,0.878,0.112
443000,0.010,0.957,0.033
443500,0.010,0.897,0.093
444000,0.010,0.915,0.075
444500,0.010,0.923,0.067
445000,0.010,0.850,0.140
445500,0.010,0.954,0.036
446000,0.010,0.917,0.073
446500,0.010,0.928,0.062
447000,0.010,0.899,0.091
447500,0.010,0.860,0.130
448000,0.010,0.814,0.176
448500,0.010,0.770,0.220
449000,0.010,0.845,0.145
449500,0.010,0.885,0.105
450000,0.010,0.945,0.045
450500,0.010,0.868,0.122
451000,0.010,0.975,0.015
451500,0.010,0.931,0.059
452000,0.010,0.977,0.013
452500,0.010,0.959,0.031
453000,0.010,0.830,0.160
453500,0.010,0.832,0.158
454000,0.010,0.844,0.146
454500,0.010,0.830,0.160
455000,0.010,0.980,0.010
455500,0.010,0.933,0.057
456000,0.010,0.825,0.165
456500,0.010,0.970,0.020
457000,0.010,0.917,0.073
457500,0.010,0.884,0.106
458000,0.010,0.873,0.117
458500,0.010,0.894,0.096
459000,0.010,0.924,0.066
459500,0.010,0.798,0.192
460000,0.010,0.889,0.101
460500,0.010,0.964,0.026
461000,0.010,0.820,0.170
461500,0.010,0.914,0.076
462000,0.010,0.867,0.123
462500,0.010,0.871,0.119
463000,0.010,0.943,0.047
463500,0.010,0.885,0.105
464000,0.010,0.898,0.092
464500,0.010,0.920,0.070
465000,0.010,0.899,0.091
465500,0.010,0.957,0.033
466000,0.010,0.856,0.134
466500,0.010,0.880,0.110
467000,0.010,0.984,0.006
467500,0.010,0.955,0.035
468000,0.010,0.829,0.161
468500,0.010,0.815,0.175
469000,0.010,0.917,0.073
469500,0.010,0.974,0.016
470000,0.010,0.851,0.139
470500,0.010,0.885,0.105
471000,0.010,0.788,0.202
471500,0.010,0.825,0.165
472000,0.010,0.745,0.245
472500,0.010,0.960,0.030
473000,0.010,0.893,0.097
473500,0.010,0.680,0.310
474000,0.010,0.959,0.031
474500,0.010,0.833,0.157
475000,0.010,0.808,0.182
475500,0.010,0.727,0.263
476000,0.010,0.878,0.112
476500,0.010,0.825,0.165
477000,0.010,0.915,0.075
477500,0.010,0.909,0.081
478000,0.010,0.867,0.123
478500,0.010,0.801,0.189
479000,0.010,0.865,0.125
479500,0.010,0.871,0.119
480000,0.010,0.952,0.038
480500,0.010,0.948,0.042
481000,0.010,0.816,0.174
481500,0.010,0.885,0.105
482000,0.010,0.734,0.256
482500,0.010,0.888,0.102
483000,0.010,0.965,0.025
483500,0.010,0.898,0.092
484000,0.010,0.907,0.083
484500,0.010,0.819,0.171
485000,0.010,0.781,0.209
485500,0.010,0.780,0.210
486000,0.010,0.813,0.177
486500,0.010,0.720,0.270
487000,0.010,0.954,0.036
487500,0.010,0.811,0.179
488000,0.010,0.936,0.054
488500,0.010,0.822,0.168
489000,0.010,0.901,0.089
489500,0.010,0.796,0.194
490000,0.010,0.786,0.204
490500,0.010,0.911,0.079
491000,0.010,0.944,0.046
491500,0.010,0.954,0.036
492000,0.010,0.923,0.067
492500,0.010,0.976,0.014
493000,0.010,0.928,0.062
493500,0.010,0.889,0.101
494000,0.010,0.932,0.058
494500,0.010,0.933,0.057
495000,0.010,0.940,0.050
495500,0.010,0.721,0.269
496000,0.010,0.881,0.109
496500,0.010,0.957,0.033
497000,0.010,0.983,0.007
497500,0.010,0.880,0.110
498000,0.010,0.842,0.148
498500,0.010,0.890,0.100
499000,0.010,0.736,0.254
499500,0.010,0.967,0.023
500000,0.010,0.900,0.090
500500,0.010,0.931,0.059
501000,0.010,0.909,0.081
501500,0.010,0.887,0.103
502000,0.010,0.639,0.351
502500,0.010,0.759,0.231
503000,0.010,0.937,0.053
503500,0.010,0.921,0.069
504000,0.010,0.888,0.102
504500,0.010,0.955,0.035
505000,0.010,0.935,0.055
505500,0.010,0.990,0.000
506000,0.010,0.893,0.097
506500,0.010,0.888,0.102
507000,0.010,0.824,0.166
507500,0.010,0.976,0.014
508000,0.010,0.962,0.028
508500,0.010,0.903,0.087
509000,0.010,0.788,0.202
509500,0.010,0.902,0.088
510000,0.010,0.907,0.083
510500,0.010,0.798,0.192
511000,0.010,0.965,0.025
511500,0.010,0.962,0.028
512000,0.010,0.944,0.046
512500,0.010,0.919,0.071
513000,0.010,0.989,0.001
513500,0.010,0.849,0.141
514000,0.010,0.976,0.014
514500,0.010,0.829,0.161
515000,0.010,0.836,0.154
515500,0.010,0.826,0.164
516000,0.010,0.878,0.112
516500,0.010,0.937,0.053
517000,0.010,0.774,0.216
517500,0.010,0.842,0.148
518000,0.010,0.795,0.195
518500,0.010,0.952,0.038
519000,0.010,0.934,0.056
519500,0.010,0.975,0.015
520000,0.010,0.843,0.147
520500,0.010,0.797,0.193
521000,0.010,0.733,0.257
521500,0.010,0.772,0.218
522000,0.010,0.827,0.163
522500,0.010,0.744,0.246
523000,0.010,0.887,0.103
523500,0.010,0.878,0.112
524000,0.010,0.907,0.083
524500,0.010,0.921,0.069
525000,0.010,0.920,0.070
525500,0.010,0.888,0.102
526000,0.010,0.803,0.187
526500,0.010,0.922,0.068
527000,0.010,0.911,0.079
527500,0.010,0.961,0.029
528000,0.010,0.815,0.175
528500,0.010,0.833,0.157
529000,0.010,0.988,0.002
529500,0.010,0.929,0.061
530000,0.010,0.853,0.137
530500,0.010,0.935,0.055
531000,0.010,0.880,0.110
531500,0.010,0.928,0.062
532000,0.010,0.774,0.216
532500,0.010,0.804,0.186
533000,0.010,0.812,0.178
533500,0.010,0.848,0.142
534000,0.010,0.944,0.046
534500,0.010,0.954,0.036
535000,0.010,0.915,0.075
535500,0.010,0.990,0.000
536000,0.010,0.848,0.142
536500,0.010,0.800,0.190
537000,0.010,0.911,0.079
537500,0.010,0.944,0.046
538000,0.010,0.962,0.028
538500,0.010,0.900,0.090
539000,0.010,0.814,0.176
539500,0.010,0.951,0.039
540000,0.010,0.827,0.163
540500,0.010,0.728,0.262
541000,0.010,0.841,0.149
541500,0.010,0.978,0.012
542000,0.010,0.870,0.120
542500,0.010,0.851,0.139
543000,0.010,0.936,0.054
543500,0.010,0.936,0.054
544000,0.010,0.720,0.270
544500,0.010,0.748,0.242
545000,0.010,0.757,0.233
545500,0.010,0.794,0.196
546000,0.010,0.761,0.229
546500,0.010,0.641,0.349
547000,0.010,0.924,0.066
547500,0.010,0.755,0.235
548000,0.010,0.834,0.156
548500,0.010,0.915,0.075
549000,0.010,0.797,0.193
549500,0.010,0.944,0.046
550000,0.010,0.848,0.142
550500,0.010,0.937,0.053
551000,0.010,0.962,0.028
551500,0.010,0.967,0.023
552000,0.010,0.799,0.191
552500,0.010,0.940,0.050
553000,0.010,0.756,0.234
553500,0.010,0.935,0.055
554000,0.010,0.881,0.109
554500,0.010,0.935,0.055
555000,0.010,0.896,0.094
555500,0.010,0.919,0.071
556000,0.010,0.929,0.061
556500,0.010,0.876,0.114
557000,0.010,0.712,0.278
557500,0.010,0.930,0.060
558000,0.010,0.847,0.143
558500,0.010,0.832,0.158
559000,0.010,0.847,0.143
559500,0.010,0.845,0.145
560000,0.010,0.988,0.002
560500,0.010,0.965,0.025
561000,0.010,0.966,0.024
561500,0.010,0.952,0.038
562000,0.010,0.878,0.112
562500,0.010,0.884,0.106
563000,0.010,0.976,0.014
563500,0.010,0.927,0.063
564000,0.010,0.871,0.119
564500,0.010,0.893,0.097
565000,0.010,0.985,0.005
565500,0.010,0.988,0.002
566000,0.010,0.939,0.051
566500,0.010,0.808,0.182
567000,0.010,0.811,0.179
567500,0.010,0.929,0.061
568000,0.010,0.983,0.007
568500,0.010,0.958,0.032
569000,0.010,0.883,0.107
569500,0.010,0.845,0.145
570000,0.010,0.863,0.127
570500,0.010,0.877,0.113
571000,0.010,0.899,0.091
571500,0.010,0.947,0.043
572000,0.010,0.973,0.017
572500,0.010,0.837,0.153
573000,0.010,0.823,0.167
573500,0.010,0.865,0.125
574000,0.010,0.821,0.169
574500,0.010,0.926,0.064
575000,0.010,0.696,0.294
575500,0.010,0.935,0.055
576000,0.010,0.808,0.182
576500,0.010,0.936,0.054
577000,0.010,0.975,0.015
577500,0.010,0.868,0.122
578000,0.010,0.979,0.011
578500,0.010,0.987,0.003
579000,0.010,0.960,0.030
579500,0.010,0.881,0.109
580000,0.010,0.906,0.084
580500,0.010,0.974,0.016
581000,0.010,0.955,0.035
581500,0.010,0.866,0.124
582000,0.010,0.889,0.101
582500,0.010,0.930,0.060
583000,0.010,0.805,0.185
583500,0.010,0.847,0.143
584000,0.010,0.926,0.064
584500,0.010,0.833,0.157
585000,0.010,0.985,0.005
585500,0.010,0.959,0.031
586000,0.010,0.923,0.067
586500,0.010,0.848,0.142
587000,0.010,0.734,0.256
587500,0.010,0.719,0.271
588000,0.010,0.910,0.080
588500,0.010,0.942,0.048
589000,0.010,0.887,0.103
589500,0.010,0.927,0.063
590000,0.010,0.851,0.139
590500,0.010,0.948,0.042
591000,0.010,0.968,0.022
591500,0.010,0.932,0.058
592000,0.010,0.864,0.126
592500,0.010,0.837,0.153
593000,0.010,0.705,0.285
593500,0.010,0.900,0.090
594000,0.010,0.829,0.161
594500,0.010,0.895,0.095
595000,0.010,0.696,0.294
595500,0.010,0.848,0.142
596000,0.010,0.885,0.105
596500,0.010,0.915,0.075
597000,0.010,0.928,0.062
597500,0.010,0.838,0.152
598000,0.010,0.929,0.061
598500,0.010,0.795,0.195
599000,0.010,0.903,0.087
599500,0.010,0.752,0.238
600000,0.010,0.746,0.244
600500,0.010,0.907,0.083
601000,0.010,0.952,0.038
601500,0.010,0.811,0.179
602000,0.010,0.876,0.114
602500,0.010,0.985,0.005
603000,0.010,0.942,0.048
603500,0.010,0.980,0.010
604000,0.010,0.947,0.043
604500,0.010,0.936,0.054
605000,0.010,0.867,0.123
605500,0.010,0.774,0.216
606000,0.010,0.847,0.143
606500,0.010,0.948,0.042
607000,0.010,0.985,0.005
607500,0.010,0.951,0.039
608000,0.010,0.822,0.168
608500,0.010,0.920,0.070
609000,0.010,0.883,0.107
609500,0.010,0.727,0.263
610000,0.010,0.895,0.095
610500,0.010,0.692,0.298
611000,0.010,0.834,0.156
611500,0.010,0.857,0.133
612000,0.010,0.940,0.050
612500,0.010,0.801,0.189
613000,0.010,0.792,0.198
613500,0.010,0.885,0.105
614000,0.010,0.968,0.022
614500,0.010,0.815,0.175
615000,0.010,0.829,0.161
615500,0.010,0.887,0.103
616000,0.010,0.713,0.277
616500,0.010,0.886,0.104
617000,0.010,0.734,0.256
617500,0.010,0.903,0.087
618000,0.010,0.806,0.184
618500,0.010,0.961,0.029
619000,0.010,0.940,0.050
619500,0.010,0.984,0.006
620000,0.010,0.915,0.075
620500,0.010,0.827,0.163
621000,0.010,0.898,0.092
621500,0.010,0.765,0.225
622000,0.010,0.909,0.081
622500,0.010,0.922,0.068
623000,0.010,0.941,0.049
623500,0.010,0.965,0.025
624000,0.010,0.912,0.078
624500,0.010,0.885,0.105
625000,0.010,0.969,0.021
625500,0.010,0.898,0.092
626000,0.010,0.798,0.192
626500,0.010,0.905,0.085
627000,0.010,0.860,0.130
627500,0.010,0.740,0.250
628000,0.010,0.942,0.048
628500,0.010,0.860,0.130
629000,0.010,0.896,0.094
629500,0.010,0.930,0.060
630000,0.010,0.943,0.047
630500,0.010,0.971,0.019
631000,0.010,0.756,0.234
631500,0.010,0.890,0.100
632000,0.010,0.927,0.063
632500,0.010,0.950,0.040
633000,0.010,0.979,0.011
633500,0.010,0.990,0.000
634000,0.010,0.919,0.071
634500,0.010,0.729,0.261
635000,0.010,0.979,0.011
635500,0.010,0.871,0.119
636000,0.010,0.968,0.022
636500,0.010,0.934,0.056
637000,0.010,0.980,0.010
637500,0.010,0.946,0.044
638000,0.010,0.975,0.015
638500,0.010,0.814,0.176
639000,0.010,0.965,0.025
639500,0.010,0.769,0.221
640000,0.010,0.849,0.141
640500,0.010,0.881,0.109
641000,0.010,0.846,0.144
641500,0.010,0.920,0.070
642000,0.010,0.877,0.113
642500,0.010,0.940,0.050
643000,0.010,0.923,0.067
643500,0.010,0.969,0.021
644000,0.010,0.933,0.057
644500,0.010,0.965,0.025
645000,0.010,0.906,0.084
645500,0.010,0.913,0.077
646000,0.010,0.810,0.180
646500,0.010,0.831,0.159
647000,0.010,0.931,0.059
647500,0.010,0.953,0.037
648000,0.010,0.809,0.181
648500,0.010,0.767,0.223
649000,0.010,0.734,0.256
649500,0.010,0.955,0.035
650000,0.010,0.653,0.337
650500,0.010,0.887,0.103
651000,0.010,0.732,0.258
651500,0.010,0.929,0.061
652000,0.010,0.965,0.025
652500,0.010,0.985,0.005
653000,0.010,0.831,0.159
653500,0.010,0.786,0.204
654000,0.010,0.938,0.052
654500,0.010,0.767,0.223
655000,0.010,0.919,0.071
655500,0.010,0.932,0.058
656000,0.010,0.947,0.043
656500,0.010,0.984,0.006
657000,0.010,0.972,0.018
657500,0.010,0.938,0.052
658000,0.010,0.846,0.144
658500,0.010,0.928,0.062
659000,0.010,0.969,0.021
659500,0.010,0.875,0.115
660000,0.010,0.972,0.018
660500,0.010,0.865,0.125
661000,0.010,0.950,0.040
661500,0.010,0.986,0.004
662000,0.010,0.905,0.085
662500,0.010,0.718,0.272
663000,0.010,0.891,0.099
663500,0.010,0.946,0.044
664000,0.010,0.726,0.264
664500,0.010,0.758,0.232
665000,0.010,0.680,0.310
665500,0.010,0.943,0.047
666000,0.010,0.963,0.027
666500,0.010,0.944,0.046
667000,0.010,0.866,0.124
667500,0.010,0.981,0.009
668000,0.010,0.923,0.067
668500,0.010,0.977,0.013
669000,0.010,0.904,0.086
669500,0.010,0.890,0.100
670000,0.010,0.946,0.044
670500,0.010,0.859,0.131
671000,0.010,0.770,0.220
671500,0.010,0.918,0.072
672000,0.010,0.937,0.053
672500,0.010,0.990,0.000
673000,0.010,0.829,0.161
673500,0.010,0.677,0.313
674000,0.010,0.961,0.029
674500,0.010,0.964,0.026
675000,0.010,0.887,0.103
675500,0.010,0.885,0.105
676000,0.010,0.774,0.216
676500,0.010,0.807,0.183
677000,0.010,0.761,0.229
677500,0.010,0.686,0.304
678000,0.010,0.941,0.049
678500,0.010,0.921,0.069
679000,0.010,0.840,0.150
679500,0.010,0.977,0.013
680000,0.010,0.927,0.063
680500,0.010,0.941,0.049
681000,0.010,0.929,0.061
681500,0.010,0.795,0.195
682000,0.010,0.883,0.107
682500,0.010,0.929,0.061
683000,0.010,0.896,0.094
683500,0.010,0.932,0.058
684000,0.010,0.857,0.133
684500,0.010,0.906,0.084
685000,0.010,0.985,0.005
685500,0.010,0.964,0.026
686000,0.010,0.985,0.005
686500,0.010,0.990,0.000
687000,0.010,0.964,0.026
687500,0.010,0.684,0.306
688000,0.010,0.893,0.097
688500,0.010,0.947,0.043
689000,0.010,0.981,0.009
689500,0.010,0.936,0.054
690000,0.010,0.939,0.051
690500,0.010,0.875,0.115
691000,0.010,0.882,0.108
691500,0.010,0.801,0.189
692000,0.010,0.819,0.171
692500,0.010,0.975,0.015
693000,0.010,0.737,0.253
693500,0.010,0.863,0.127
694000,0.010,0.919,0.071
694500,0.010,0.984,0.006
695000,0.010,0.973,0.017
695500,0.010,0.965,0.025
696000,0.010,0.927,0.063
696500,0.010,0.922,0.068
697000,0.010,0.930,0.060
697500,0.010,0.823,0.167
698000,0.010,0.839,0.151
698500,0.010,0.816,0.174
699000,0.010,0.938,0.052
699500,0.010,0.886,0.104
700000,0.010,0.734,0.256
700500,0.010,0.962,0.028
701000,0.010,0.792,0.198
701500,0.010,0.881,0.109
702000,0.010,0.898,0.092
702500,0.010,0.944,0.046
703000,0.010,0.970,0.020
703500,0.010,0.985,0.005
704000,0.010,0.947,0.043
704500,0.010,0.856,0.134
705000,0.010,0.884,0.106
705500,0.010,0.762,0.228
706000,0.010,0.767,0.223
706500,0.010,0.689,0.301
707000,0.010,0.617,0.373
707500,0.010,0.749,0.241
708000,0.010,0.517,0.473
708500,0.010,0.898,0.092
709000,0.010,0.864,0.126
709500,0.010,0.899,0.091
710000,0.010,0.914,0.076
710500,0.010,0.792,0.198
711000,0.010,0.843,0.147
711500,0.010,0.827,0.163
712000,0.010,0.954,0.036
712500,0.010,0.925,0.065
713000,0.010,0.836,0.154
713500,0.010,0.918,0.072
714000,0.010,0.870,0.120
714500,0.010,0.983,0.007
715000,0.010,0.874,0.116
715500,0.010,0.796,0.194
716000,0.010,0.976,0.014
716500,0.010,0.860,0.130
717000,0.010,0.950,0.040
717500,0.010,0.956,0.034
718000,0.010,0.848,0.142
718500,0.010,0.979,0.011
719000,0.010,0.983,0.007
719500,0.010,0.956,0.034
720000,0.010,0.972,0.018
720500,0.010,0.936,0.054
721000,0.010,0.952,0.038
721500,0.010,0.839,0.151
722000,0.010,0.971,0.019
722500,0.010,0.929,0.061
723000,0.010,0.827,0.163
723500,0.010,0.955,0.035
724000,0.010,0.953,0.037
724500,0.010,0.833,0.157
725000,0.010,0.954,0.036
725500,0.010,0.942,0.048
726000,0.010,0.964,0.026
726500,0.010,0.783,0.207
727000,0.010,0.917,0.073
727500,0.010,0.869,0.121
728000,0.010,0.846,0.144
728500,0.010,0.718,0.272
729000,0.010,0.891,0.099
729500,0.010,0.967,0.023
730000,0.010,0.924,0.066
730500,0.010,0.960,0.030
731000,0.010,0.938,0.052
731500,0.010,0.880,0.110
732000,0.010,0.740,0.250
732500,0.010,0.777,0.213
733000,0.010,0.894,0.096
733500,0.010,0.730,0.260
734000,0.010,0.919,0.071
734500,0.010,0.922,0.068
735000,0.010,0.926,0.064
735500,0.010,0.837,0.153
736000,0.010,0.933,0.057
736500,0.010,0.855,0.135
737000,0.010,0.847,0.143
737500,0.010,0.808,0.182
738000,0.010,0.854,0.136
738500,0.010,0.819,0.171
739000,0.010,0.967,0.023
739500,0.010,0.915,0.075
740000,0.010,0.871,0.119
740500,0.010,0.759,0.231
741000,0.010,0.775,0.215
741500,0.010,0.872,0.118
742000,0.010,0.804,0.186
742500,0.010,0.791,0.199
743000,0.010,0.843,0.147
743500,0.010,0.891,0.099
744000,0.010,0.850,0.140
744500,0.010,0.831,0.159
745000,0.010,0.881,0.109
745500,0.010,0.855,0.135
746000,0.010,0.959,0.031
746500,0.010,0.894,0.096
747000,0.010,0.930,0.060
747500,0.010,0.885,0.105
748000,0.010,0.793,0.197
748500,0.010,0.969,0.021
749000,0.010,0.807,0.183
749500,0.010,0.874,0.116
750000,0.010,0.966,0.024
750500,0.010,0.972,0.018
751000,0.010,0.903,0.087
751500,0.010,0.953,0.037
752000,0.010,0.821,0.169
752500,0.010,0.849,0.141
753000,0.010,0.842,0.148
753500,0.010,0.826,0.164
754000,0.010,0.933,0.057
754500,0.010,0.934,0.056
755000,0.010,0.976,0.014
755500,0.010,0.975,0.015
756000,0.010,0.942,0.048
756500,0.010,0.933,0.057
757000,0.010,0.929,0.061
757500,0.010,0.932,0.058
758000,0.010,0.943,0.047
758500,0.010,0.973,0.017
759000,0.010,0.903,0.087
759500,0.010,0.871,0.119
760000,0.010,0.953,0.037
760500,0.010,0.907,0.083
761000,0.010,0.859,0.131
761500,0.010,0.884,0.106
762000,0.010,0.861,0.129
762500,0.010,0.963,0.027
763000,0.010,0.932,0.058
763500,0.010,0.975,0.015
764000,0.010,0.821,0.169
764500,0.010,0.789,0.201
765000,0.010,0.921,0.069
765500,0.010,0.769,0.221
766000,0.010,0.947,0.043
766500,0.010,0.974,0.016
767000,0.010,0.934,0.056
767500,0.010,0.946,0.044
768000,0.010,0.973,0.017
768500,0.010,0.958,0.032
769000,0.010,0.922,0.068
769500,0.010,0.853,0.137
770000,0.010,0.936,0.054
770500,0.010,0.866,0.124
771000,0.010,0.980,0.010
771500,0.010,0.813,0.177
772000,0.010,0.892,0.098
772500,0.010,0.771,0.219
773000,0.010,0.974,0.016
773500,0.010,0.930,0.060
774000,0.010,0.983,0.007
774500,0.010,0.841,0.149
775000,0.010,0.868,0.122
775500,0.010,0.788,0.202
776000,0.010,0.842,0.148
776500,0.010,0.986,0.004
777000,0.010,0.890,0.100
777500,0.010,0.960,0.030
778000,0.010,0.984,0.006
778500,0.010,0.802,0.188
779000,0.010,0.863,0.127
779500,0.010,0.843,0.147
780000,0.010,0.863,0.127
780500,0.010,0.860,0.130
781000,0.010,0.841,0.149
781500,0.010,0.786,0.204
782000,0.010,0.922,0.068
782500,0.010,0.933,0.057
783000,0.010,0.920,0.070
783500,0.010,0.772,0.218
784000,0.010,0.870,0.120
784500,0.010,0.881,0.109
785000,0.010,0.734,0.256
785500,0.010,0.973,0.017
786000,0.010,0.772,0.218
786500,0.010,0.777,0.213
787000,0.010,0.835,0.155
787500,0.010,0.734,0.256
788000,0.010,0.750,0.240
788500,0.010,0.965,0.025
789000,0.010,0.876,0.114
789500,0.010,0.939,0.051
790000,0.010,0.951,0.039
790500,0.010,0.955,0.035
791000,0.010,0.761,0.229
791500,0.010,0.838,0.152
792000,0.010,0.856,0.134
792500,0.010,0.579,0.411
793000,0.010,0.771,0.219
793500,0.010,0.921,0.069
794000,0.010,0.713,0.277
794500,0.010,0.737,0.253
795000,0.010,0.965,0.025
795500,0.010,0.912,0.078
796000,0.010,0.940,0.050
796500,0.010,0.941,0.049
797000,0.010,0.900,0.090
797500,0.010,0.941,0.049
798000,0.010,0.892,0.098
798500,0.010,0.886,0.104
799000,0.010,0.806,0.184
799500,0.010,0.872,0.118
800000,0.010,0.607,0.383
800500,0.010,0.827,0.163
801000,0.010,0.843,0.147
801500,0.010,0.786,0.204
802000,0.010,0.913,0.077
802500,0.010,0.896,0.094
803000,0.010,0.964,0.026
803500,0.010,0.901,0.089
804000,0.010,0.887,0.103
804500,0.010,0.852,0.138
805000,0.010,0.876,0.114
805500,0.010,0.801,0.189
806000,0.010,0.942,0.048
806500,0.010,0.964,0.026
807000,0.010,0.927,0.063
807500,0.010,0.893,0.097
808000,0.010,0.895,0.095
808500,0.010,0.774,0.216
809000,0.010,0.908,0.082
809500,0.010,0.895,0.095
810000,0.010,0.722,0.268
810500,0.010,0.827,0.163
811000,0.010,0.858,0.132
811500,0.010,0.926,0.064
812000,0.010,0.683,0.307
812500,0.010,0.846,0.144
813000,0.010,0.898,0.092
813500,0.010,0.886,0.104
814000,0.010,0.958,0.032
814500,0.010,0.785,0.205
815000,0.010,0.938,0.052
815500,0.010,0.914,0.076
816000,0.010,0.694,0.296
816500,0.010,0.885,0.105
817000,0.010,0.632,0.358
817500,0.010,0.760,0.230
818000,0.010,0.849,0.141
818500,0.010,0.789,0.201
819000,0.010,0.922,0.068
819500,0.010,0.859,0.131
820000,0.010,0.892,0.098
820500,0.010,0.921,0.069
821000,0.010,0.943,0.047
821500,0.010,0.976,0.014
822000,0.010,0.880,0.110
822500,0.010,0.788,0.202
823000,0.010,0.826,0.164
823500,0.010,0.939,0.051
824000,0.010,0.915,0.075
824500,0.010,0.850,0.140
825000,0.010,0.956,0.034
825500,0.010,0.888,0.102
826000,0.010,0.759,0.231
826500,0.010,0.864,0.126
827000,0.010,0.947,0.043
827500,0.010,0.880,0.110
828000,0.010,0.963,0.027
828500,0.010,0.757,0.233
829000,0.010,0.859,0.131
829500,0.010,0.967,0.023
830000,0.010,0.840,0.150
830500,0.010,0.866,0.124
831000,0.010,0.914,0.076
831500,0.010,0.803,0.187
832000,0.010,0.865,0.125
832500,0.010,0.815,0.175
833000,0.010,0.953,0.037
833500,0.010,0.964,0.026
834000,0.010,0.832,0.158
834500,0.010,0.795,0.195
835000,0.010,0.865,0.125
835500,0.010,0.788,0.202
836000,0.010,0.780,0.210
836500,0.010,0.899,0.091
837000,0.010,0.913,0.077
837500,0.010,0.874,0.116
838000,0.010,0.959,0.031
838500,0.010,0.837,0.153
839000,0.010,0.929,0.061
839500,0.010,0.921,0.069
840000,0.010,0.913,0.077
840500,0.010,0.982,0.008
841000,0.010,0.932,0.058
841500,0.010,0.918,0.072
842000,0.010,0.958,0.032
842500,0.010,0.881,0.109
843000,0.010,0.791,0.199
843500,0.010,0.808,0.182
844000,0.010,0.765,0.225
844500,0.010,0.861,0.129
845000,0.010,0.885,0.105
845500,0.010,0.893,0.097
846000,0.010,0.798,0.192
846500,0.010,0.963,0.027
847000,0.010,0.769,0.221
847500,0.010,0.933,0.057
848000,0.010,0.938,0.052
848500,0.010,0.979,0.011
849000,0.010,0.922,0.068
849500,0.010,0.910,0.080
850000,0.010,0.680,0.310
850500,0.010,0.939,0.051
851000,0.010,0.938,0.052
851500,0.010,0.752,0.238
852000,0.010,0.842,0.148
852500,0.010,0.880,0.110
853000,0.010,0.973,0.017
853500,0.010,0.963,0.027
854000,0.010,0.953,0.037
854500,0.010,0.870,0.120
855000,0.010,0.888,0.102
855500,0.010,0.880,0.110
856000,0.010,0.879,0.111
856500,0.010,0.764,0.226
857000,0.010,0.840,0.150
857500,0.010,0.784,0.206
858000,0.010,0.825,0.165
858500,0.010,0.935,0.055
859000,0.010,0.910,0.080
859500,0.010,0.922,0.068
860000,0.010,0.929,0.061
860500,0.010,0.844,0.146
861000,0.010,0.691,0.299
861500,0.010,0.871,0.119
862000,0.010,0.869,0.121
862500,0.010,0.729,0.261
863000,0.010,0.939,0.051
863500,0.010,0.881,0.109
864000,0.010,0.947,0.043
864500,0.010,0.925,0.065
865000,0.010,0.874,0.116
865500,0.010,0.990,0.000
866000,0.010,0.968,0.022
866500,0.010,0.955,0.035
867000,0.010,0.966,0.024
867500,0.010,0.990,0.000
868000,0.010,0.898,0.092
868500,0.010,0.916,0.074
869000,0.010,0.921,0.069
869500,0.010,0.895,0.095
870000,0.010,0.853,0.137
870500,0.010,0.761,0.229
871000,0.010,0.942,0.048
871500,0.010,0.904,0.086
872000,0.010,0.961,0.029
872500,0.010,0.820,0.170
873000,0.010,0.755,0.235
873500,0.010,0.890,0.100
874000,0.010,0.834,0.156
874500,0.010,0.879,0.111
875000,0.010,0.886,0.104
875500,0.010,0.917,0.073
876000,0.010,0.900,0.090
876500,0.010,0.952,0.038
877000,0.010,0.978,0.012
877500,0.010,0.938,0.052
878000,0.010,0.990,0.000
878500,0.010,0.943,0.047
879000,0.010,0.823,0.167
879500,0.010,0.908,0.082
880000,0.010,0.969,0.021
880500,0.010,0.967,0.023
881000,0.010,0.926,0.064
881500,0.010,0.870,0.120
882000,0.010,0.914,0.076
882500,0.010,0.972,0.018
883000,0.010,0.975,0.015
883500,0.010,0.738,0.252
884000,0.010,0.764,0.226
884500,0.010,0.758,0.232
885000,0.010,0.767,0.223
885500,0.010,0.916,0.074
886000,0.010,0.885,0.105
886500,0.010,0.901,0.089
887000,0.010,0.847,0.143
887500,0.010,0.913,0.077
888000,0.010,0.973,0.017
888500,0.010,0.855,0.135
889000,0.010,0.951,0.039
889500,0.010,0.933,0.057
890000,0.010,0.922,0.068
890500,0.010,0.989,0.001
891000,0.010,0.880,0.110
891500,0.010,0.942,0.048
892000,0.010,0.983,0.007
892500,0.010,0.899,0.091
893000,0.010,0.817,0.173
893500,0.010,0.909,0.081
894000,0.010,0.986,0.004
894500,0.010,0.949,0.041
895000,0.010,0.880,0.110
895500,0.010,0.935,0.055
896000,0.010,0.805,0.185
896500,0.010,0.943,0.047
897000,0.010,0.959,0.031
897500,0.010,0.935,0.055
898000,0.010,0.909,0.081
898500,0.010,0.988,0.002
899000,0.010,0.988,0.002
899500,0.010,0.928,0.062
900000,0.010,0.981,0.009
900500,0.010,0.860,0.130
901000,0.010,0.881,0.109
901500,0.010,0.906,0.084
902000,0.010,0.959,0.031
902500,0.010,0.830,0.160
903000,0.010,0.825,0.165
903500,0.010,0.842,0.148
904000,0.010,0.928,0.062
904500,0.010,0.846,0.144
905000,0.010,0.898,0.092
905500,0.010,0.933,0.057
906000,0.010,0.964,0.026
906500,0.010,0.947,0.043
907000,0.010,0.981,0.009
907500,0.010,0.966,0.024
908000,0.010,0.804,0.186
908500,0.010,0.893,0.097
909000,0.010,0.960,0.030
909500,0.010,0.917,0.073
910000,0.010,0.972,0.018
910500,0.010,0.911,0.079
911000,0.010,0.703,0.287
911500,0.010,0.933,0.057
912000,0.010,0.948,0.042
912500,0.010,0.918,0.072
913000,0.010,0.930,0.060
913500,0.010,0.933,0.057
914000,0.010,0.941,0.049
914500,0.010,0.965,0.025
915000,0.010,0.875,0.115
915500,0.010,0.979,0.011
916000,0.010,0.875,0.115
916500,0.010,0.911,0.079
917000,0.010,0.947,0.043
917500,0.010,0.881,0.109
918000,0.010,0.827,0.163
918500,0.010,0.857,0.133
919000,0.010,0.929,0.061
919500,0.010,0.965,0.025
920000,0.010,0.841,0.149
920500,0.010,0.854,0.136
921000,0.010,0.803,0.187
921500,0.010,0.930,0.060
922000,0.010,0.864,0.126
922500,0.010,0.891,0.099
923000,0.010,0.969,0.021
923500,0.010,0.933,0.057
924000,0.010,0.807,0.183
924500,0.010,0.951,0.039
925000,0.010,0.909,0.081
925500,0.010,0.948,0.042
926000,0.010,0.793,0.197
926500,0.010,0.810,0.180
927000,0.010,0.889,0.101
927500,0.010,0.860,0.130
928000,0.010,0.862,0.128
928500,0.010,0.890,0.100
929000,0.010,0.850,0.140
929500,0.010,0.984,0.006
930000,0.010,0.895,0.095
930500,0.010,0.856,0.134
931000,0.010,0.774,0.216
931500,0.010,0.873,0.117
932000,0.010,0.983,0.007
932500,0.010,0.922,0.068
933000,0.010,0.830,0.160
933500,0.010,0.807,0.183
934000,0.010,0.982,0.008
934500,0.010,0.962,0.028
935000,0.010,0.940,0.050
935500,0.010,0.870,0.120
936000,0.010,0.981,0.009
936500,0.010,0.744,0.246
937000,0.010,0.854,0.136
937500,0.010,0.914,0.076
938000,0.010,0.938,0.052
938500,0.010,0.937,0.053
939000,0.010,0.897,0.093
939500,0.010,0.835,0.155
940000,0.010,0.943,0.047
940500,0.010,0.734,0.256
941000,0.010,0.867,0.123
941500,0.010,0.841,0.149
942000,0.010,0.838,0.152
942500,0.010,0.877,0.113
943000,0.010,0.699,0.291
943500,0.010,0.820,0.170
944000,0.010,0.899,0.091
944500,0.010,0.958,0.032
945000,0.010,0.944,0.046
945500,0.010,0.894,0.096
946000,0.010,0.943,0.047
946500,0.010,0.824,0.166
947000,0.010,0.986,0.004
947500,0.010,0.950,0.040
948000,0.010,0.948,0.042
948500,0.010,0.886,0.104
949000,0.010,0.879,0.111
949500,0.010,0.935,0.055
950000,0.010,0.965,0.025
950500,0.010,0.892,0.098
951000,0.010,0.913,0.077
951500,0.010,0.674,0.316
952000,0.010,0.800,0.190
952500,0.010,0.860,0.130
953000,0.010,0.934,0.056
953500,0.010,0.911,0.079
954000,0.010,0.964,0.026
954500,0.010,0.942,0.048
955000,0.010,0.839,0.151
955500,0.010,0.908,0.082
956000,0.010,0.928,0.062
956500,0.010,0.928,0.062
957000,0.010,0.933,0.057
957500,0.010,0.801,0.189
958000,0.010,0.935,0.055
958500,0.010,0.862,0.128
959000,0.010,0.910,0.080
959500,0.010,0.937,0.053
960000,0.010,0.856,0.134
960500,0.010,0.878,0.112
961000,0.010,0.939,0.051
961500,0.010,0.912,0.078
962000,0.010,0.905,0.085
962500,0.010,0.729,0.261
963000,0.010,0.937,0.053
963500,0.010,0.899,0.091
964000,0.010,0.958,0.032
964500,0.010,0.938,0.052
965000,0.010,0.820,0.170
965500,0.010,0.865,0.125
966000,0.010,0.927,0.063
966500,0.010,0.990,0.000
967000,0.010,0.900,0.090
967500,0.010,0.945,0.045
968000,0.010,0.870,0.120
968500,0.010,0.956,0.034
969000,0.010,0.841,0.149
969500,0.010,0.929,0.061
970000,0.010,0.859,0.131
970500,0.010,0.936,0.054
971000,0.010,0.754,0.236
971500,0.010,0.856,0.134
972000,0.010,0.920,0.070
972500,0.010,0.912,0.078
973000,0.010,0.938,0.052
973500,0.010,0.828,0.162
974000,0.010,0.823,0.167
974500,0.010,0.954,0.036
975000,0.010,0.984,0.006
975500,0.010,0.940,0.050
976000,0.010,0.938,0.052
976500,0.010,0.990,0.000
977000,0.010,0.965,0.025
977500,0.010,0.963,0.027
978000,0.010,0.842,0.148
978500,0.010,0.897,0.093
979000,0.010,0.866,0.124
979500,0.010,0.922,0.068
980000,0.010,0.957,0.033
980500,0.010,0.599,0.391
981000,0.010,0.847,0.143
981500,0.010,0.909,0.081
982000,0.010,0.928,0.062
982500,0.010,0.911,0.079
983000,0.010,0.966,0.024
983500,0.010,0.976,0.014
984000,0.010,0.922,0.068
984500,0.010,0.904,0.086
985000,0.010,0.832,0.158
985500,0.010,0.828,0.162
986000,0.010,0.928,0.062
986500,0.010,0.833,0.157
987000,0.010,0.880,0.110
987500,0.010,0.916,0.074
988000,0.010,0.873,0.117
988500,0.010,0.894,0.096
989000,0.010,0.928,0.062
989500,0.010,0.827,0.163
990000,0.010,0.915,0.075
990500,0.010,0.985,0.005
991000,0.010,0.941,0.049
991500,0.010,0.691,0.299
992000,0.010,0.933,0.057
992500,0.010,0.856,0.134
993000,0.010,0.961,0.029
993500,0.010,0.971,0.019
994000,0.010,0.933,0.057
994500,0.010,0.768,0.222
995000,0.010,0.878,0.112
995500,0.010,0.812,0.178
996000,0.010,0.885,0.105
996500,0.010,0.896,0.094
997000,0.010,0.885,0.105
997500,0.010,0.926,0.064
998000,0.010,0.793,0.197
998500,0.010,0.811,0.179
999000,0.010,0.685,0.305
999500,0.010,0.951,0.039
1000000,0.010,0.920,0.070
