time,n_A+p,n_B,n_AB
500,0.050,0.888,0.062
1000,0.050,0.860,0.090
1500,0.050,0.836,0.114
2000,0.054,0.792,0.154
2500,0.056,0.742,0.202
3000,0.053,0.721,0.226
3500,0.053,0.709,0.238
4000,0.056,0.693,0.251
4500,0.064,0.695,0.241
5000,0.060,0.642,0.298
5500,0.063,0.605,0.332
6000,0.071,0.573,0.356
6500,0.081,0.574,0.345
7000,0.082,0.576,0.342
7500,0.085,0.571,0.344
8000,0.080,0.551,0.369
8500,0.085,0.522,0.393
9000,0.074,0.532,0.394
9500,0.074,0.535,0.391
10000,0.075,0.522,0.403
10500,0.090,0.525,0.385
11000,0.088,0.498,0.414
11500,0.089,0.474,0.437
12000,0.104,0.477,0.419
12500,0.110,0.440,0.450
13000,0.117,0.421,0.462
13500,0.119,0.414,0.467
14000,0.117,0.412,0.471
14500,0.124,0.381,0.495
15000,0.129,0.404,0.467
15500,0.130,0.359,0.511
16000,0.143,0.328,0.529
16500,0.163,0.336,0.501
17000,0.159,0.357,0.484
17500,0.147,0.317,0.536
18000,0.146,0.344,0.510
18500,0.141,0.359,0.500
19000,0.148,0.375,0.477
19500,0.143,0.369,0.488
20000,0.161,0.379,0.460
20500,0.165,0.351,0.484
21000,0.151,0.352,0.497
21500,0.151,0.338,0.511
22000,0.191,0.329,0.480
22500,0.168,0.350,0.482
23000,0.175,0.341,0.484
23500,0.176,0.331,0.493
24000,0.150,0.331,0.519
24500,0.150,0.328,0.522
25000,0.147,0.295,0.558
25500,0.173,0.280,0.547
26000,0.178,0.291,0.531
26500,0.204,0.280,0.516
27000,0.189,0.275,0.536
27500,0.196,0.280,0.524
28000,0.212,0.271,0.517
28500,0.255,0.253,0.492
29000,0.251,0.236,0.513
29500,0.292,0.221,0.487
30000,0.272,0.204,0.524
30500,0.296,0.168,0.536
31000,0.325,0.172,0.503
31500,0.342,0.163,0.495
32000,0.314,0.164,0.522
32500,0.310,0.166,0.524
33000,0.308,0.165,0.527
33500,0.324,0.146,0.530
34000,0.327,0.122,0.551
34500,0.379,0.108,0.513
35000,0.376,0.124,0.500
35500,0.358,0.123,0.519
36000,0.370,0.123,0.507
36500,0.402,0.121,0.477
37000,0.415,0.101,0.484
37500,0.426,0.091,0.483
38000,0.476,0.075,0.449
38500,0.476,0.077,0.447
39000,0.522,0.049,0.429
39500,0.573,0.040,0.387
40000,0.574,0.035,0.391
40500,0.609,0.028,0.363
41000,0.655,0.028,0.317
41500,0.658,0.024,0.318
42000,0.689,0.018,0.293
42500,0.685,0.021,0.294
43000,0.697,0.013,0.290
43500,0.730,0.003,0.267
44000,0.748,0.003,0.249
44500,0.797,0.000,0.203
45000,0.789,0.003,0.208
45500,0.792,0.000,0.208
46000,0.806,0.003,0.191
46500,0.791,0.002,0.207
47000,0.790,0.001,0.209
47500,0.805,0.003,0.192
48000,0.812,0.000,0.188
48500,0.814,0.001,0.185
49000,0.829,0.000,0.171
49500,0.849,0.000,0.151
50000,0.854,0.000,0.146
50500,0.843,0.000,0.157
51000,0.846,0.000,0.154
51500,0.842,0.000,0.158
52000,0.854,0.000,0.146
52500,0.877,0.002,0.121
53000,0.877,0.000,0.123
53500,0.888,0.002,0.110
54000,0.880,0.000,0.120
54500,0.881,0.000,0.119
55000,0.903,0.000,0.097
55500,0.924,0.000,0.076
56000,0.926,0.000,0.074
56500,0.928,0.000,0.072
57000,0.919,0.000,0.081
57500,0.934,0.000,0.066
58000,0.929,0.000,0.071
58500,0.916,0.000,0.084
59000,0.926,0.000,0.074
59500,0.931,0.000,0.069
60000,0.945,0.000,0.055
60500,0.931,0.000,0.069
61000,0.933,0.000,0.067
61500,0.928,0.000,0.072
62000,0.939,0.000,0.061
62500,0.945,0.000,0.055
63000,0.962,0.000,0.038
63500,0.967,0.000,0.033
64000,0.966,0.000,0.034
64500,0.971,0.000,0.029
65000,0.974,0.000,0.026
65500,0.978,0.000,0.022
66000,0.984,0.000,0.016
66500,0.981,0.000,0.019
67000,0.985,0.000,0.015
67500,0.986,0.000,0.014
68000,0.990,0.000,0.010
68500,0.987,0.000,0.013
69000,0.983,0.000,0.017
69500,0.990,0.000,0.010
70000,0.997,0.000,0.003
70500,0.999,0.000,0.001
71000,0.999,0.000,0.001
71500,1.000,0.000,0.000
