time,n_A+p,n_B,n_AB
500,0.080,0.907,0.013
1000,0.080,0.899,0.021
1500,0.080,0.878,0.042
2000,0.083,0.865,0.052
2500,0.086,0.850,0.064
3000,0.087,0.841,0.073
3500,0.086,0.840,0.074
4000,0.089,0.829,0.082
4500,0.089,0.829,0.082
5000,0.088,0.830,0.082
5500,0.091,0.827,0.082
6000,0.090,0.826,0.085
6500,0.091,0.814,0.096
7000,0.090,0.815,0.095
7500,0.092,0.812,0.095
8000,0.094,0.805,0.101
8500,0.097,0.801,0.102
9000,0.100,0.797,0.103
9500,0.104,0.797,0.098
10000,0.103,0.793,0.104
10500,0.100,0.788,0.112
11000,0.097,0.780,0.123
11500,0.098,0.778,0.124
12000,0.098,0.787,0.115
12500,0.102,0.779,0.119
13000,0.108,0.763,0.129
13500,0.108,0.757,0.134
14000,0.111,0.755,0.134
14500,0.115,0.751,0.134
15000,0.114,0.749,0.137
15500,0.118,0.735,0.147
16000,0.113,0.734,0.153
16500,0.119,0.732,0.149
17000,0.120,0.730,0.150
17500,0.122,0.725,0.153
18000,0.122,0.718,0.160
18500,0.125,0.713,0.162
19000,0.123,0.721,0.156
19500,0.122,0.717,0.161
20000,0.119,0.722,0.159
20500,0.121,0.728,0.151
21000,0.123,0.725,0.152
21500,0.124,0.716,0.159
22000,0.131,0.706,0.163
22500,0.133,0.712,0.155
23000,0.134,0.710,0.157
23500,0.132,0.715,0.154
24000,0.135,0.711,0.155
24500,0.135,0.700,0.165
25000,0.135,0.701,0.164
25500,0.138,0.696,0.167
26000,0.141,0.693,0.166
26500,0.143,0.692,0.165
27000,0.141,0.698,0.161
27500,0.135,0.705,0.160
28000,0.138,0.706,0.157
28500,0.135,0.702,0.163
29000,0.140,0.697,0.163
29500,0.139,0.693,0.169
30000,0.135,0.693,0.172
30500,0.138,0.694,0.169
31000,0.141,0.685,0.173
31500,0.135,0.691,0.175
32000,0.136,0.688,0.176
32500,0.135,0.688,0.178
33000,0.137,0.685,0.178
33500,0.143,0.683,0.173
34000,0.140,0.693,0.168
34500,0.134,0.689,0.178
35000,0.132,0.690,0.179
35500,0.135,0.694,0.171
36000,0.133,0.698,0.170
36500,0.135,0.698,0.167
37000,0.133,0.698,0.169
37500,0.136,0.687,0.177
38000,0.137,0.682,0.181
38500,0.135,0.684,0.181
39000,0.130,0.687,0.183
39500,0.134,0.689,0.178
40000,0.133,0.682,0.184
40500,0.135,0.679,0.186
41000,0.139,0.683,0.178
41500,0.141,0.675,0.183
42000,0.144,0.678,0.177
42500,0.145,0.690,0.165
43000,0.141,0.696,0.163
43500,0.142,0.703,0.155
44000,0.136,0.694,0.171
44500,0.134,0.691,0.176
45000,0.136,0.681,0.182
45500,0.138,0.680,0.182
46000,0.140,0.681,0.179
46500,0.143,0.675,0.181
47000,0.142,0.672,0.185
47500,0.141,0.676,0.182
48000,0.137,0.663,0.200
48500,0.135,0.667,0.198
49000,0.139,0.673,0.188
49500,0.143,0.679,0.177
50000,0.148,0.674,0.178
50500,0.145,0.679,0.176
51000,0.143,0.684,0.172
51500,0.143,0.681,0.175
52000,0.141,0.685,0.174
52500,0.140,0.676,0.183
53000,0.143,0.674,0.183
53500,0.146,0.669,0.185
54000,0.149,0.670,0.180
54500,0.143,0.661,0.195
55000,0.147,0.658,0.195
55500,0.148,0.666,0.186
56000,0.149,0.666,0.184
56500,0.152,0.680,0.167
57000,0.153,0.673,0.173
57500,0.154,0.664,0.181
58000,0.156,0.665,0.179
58500,0.157,0.653,0.190
59000,0.161,0.652,0.187
59500,0.154,0.656,0.190
60000,0.159,0.645,0.196
60500,0.161,0.644,0.196
61000,0.157,0.647,0.197
61500,0.156,0.641,0.203
62000,0.152,0.653,0.194
62500,0.160,0.648,0.192
63000,0.159,0.651,0.190
63500,0.153,0.646,0.201
64000,0.154,0.648,0.198
64500,0.161,0.650,0.190
65000,0.160,0.651,0.189
65500,0.159,0.654,0.187
66000,0.158,0.657,0.184
66500,0.158,0.651,0.191
67000,0.159,0.649,0.192
67500,0.155,0.652,0.193
68000,0.156,0.644,0.200
68500,0.158,0.636,0.206
69000,0.160,0.632,0.208
69500,0.159,0.631,0.210
70000,0.157,0.639,0.204
70500,0.159,0.634,0.207
71000,0.154,0.634,0.211
71500,0.162,0.632,0.206
72000,0.158,0.645,0.198
72500,0.161,0.643,0.196
73000,0.158,0.639,0.203
73500,0.155,0.636,0.208
74000,0.159,0.642,0.199
74500,0.163,0.641,0.196
75000,0.162,0.643,0.195
75500,0.162,0.646,0.193
76000,0.165,0.641,0.194
76500,0.159,0.649,0.192
77000,0.167,0.640,0.193
77500,0.169,0.640,0.191
78000,0.165,0.641,0.194
78500,0.165,0.635,0.200
79000,0.162,0.640,0.199
79500,0.159,0.645,0.196
80000,0.159,0.650,0.191
80500,0.155,0.651,0.194
81000,0.158,0.644,0.199
81500,0.156,0.637,0.207
82000,0.159,0.635,0.207
82500,0.164,0.629,0.208
83000,0.164,0.627,0.210
83500,0.166,0.627,0.208
84000,0.164,0.632,0.205
84500,0.169,0.632,0.199
85000,0.175,0.625,0.200
85500,0.179,0.614,0.207
86000,0.181,0.614,0.205
86500,0.179,0.620,0.201
87000,0.185,0.606,0.209
87500,0.189,0.608,0.203
88000,0.191,0.607,0.203
88500,0.195,0.601,0.204
89000,0.187,0.607,0.206
89500,0.192,0.603,0.206
90000,0.194,0.600,0.207
90500,0.191,0.595,0.214
91000,0.194,0.590,0.217
91500,0.193,0.592,0.216
92000,0.190,0.597,0.214
92500,0.192,0.580,0.229
93000,0.197,0.590,0.214
93500,0.190,0.594,0.217
94000,0.190,0.600,0.211
94500,0.189,0.603,0.208
95000,0.185,0.598,0.217
95500,0.184,0.601,0.216
96000,0.190,0.608,0.203
96500,0.190,0.607,0.204
97000,0.196,0.597,0.208
97500,0.195,0.600,0.206
98000,0.194,0.592,0.215
98500,0.196,0.589,0.216
99000,0.202,0.584,0.214
99500,0.201,0.570,0.230
100000,0.221,0.566,0.214
100500,0.217,0.551,0.232
101000,0.215,0.547,0.237
101500,0.224,0.553,0.223
102000,0.219,0.551,0.230
102500,0.211,0.552,0.236
103000,0.208,0.544,0.247
103500,0.209,0.548,0.243
104000,0.214,0.550,0.235
104500,0.215,0.546,0.238
105000,0.221,0.543,0.236
105500,0.225,0.532,0.243
106000,0.230,0.534,0.236
106500,0.227,0.538,0.235
107000,0.218,0.545,0.237
107500,0.222,0.538,0.240
108000,0.220,0.535,0.245
108500,0.216,0.533,0.251
109000,0.222,0.536,0.242
109500,0.215,0.539,0.245
110000,0.216,0.539,0.245
110500,0.222,0.531,0.247
111000,0.223,0.533,0.244
111500,0.224,0.540,0.236
112000,0.226,0.553,0.221
112500,0.225,0.542,0.233
113000,0.233,0.542,0.225
113500,0.226,0.540,0.234
114000,0.226,0.553,0.221
114500,0.227,0.551,0.222
115000,0.230,0.553,0.217
115500,0.222,0.552,0.226
116000,0.224,0.543,0.233
116500,0.220,0.542,0.238
117000,0.218,0.543,0.239
117500,0.207,0.551,0.241
118000,0.212,0.560,0.228
118500,0.215,0.553,0.232
119000,0.208,0.547,0.245
119500,0.210,0.546,0.244
120000,0.215,0.554,0.231
120500,0.221,0.561,0.218
121000,0.214,0.547,0.239
121500,0.213,0.545,0.242
122000,0.212,0.550,0.237
122500,0.218,0.551,0.231
123000,0.221,0.539,0.240
123500,0.218,0.539,0.242
124000,0.228,0.532,0.240
124500,0.230,0.530,0.240
125000,0.232,0.517,0.251
125500,0.238,0.507,0.255
126000,0.242,0.507,0.251
126500,0.248,0.511,0.241
127000,0.253,0.507,0.240
127500,0.257,0.490,0.254
128000,0.251,0.488,0.261
128500,0.255,0.479,0.266
129000,0.257,0.477,0.266
129500,0.264,0.486,0.250
130000,0.265,0.489,0.246
130500,0.257,0.495,0.248
131000,0.259,0.484,0.258
131500,0.260,0.472,0.268
132000,0.262,0.464,0.274
132500,0.265,0.459,0.277
133000,0.278,0.453,0.269
133500,0.280,0.465,0.255
134000,0.276,0.463,0.261
134500,0.275,0.451,0.275
135000,0.287,0.442,0.271
135500,0.281,0.430,0.289
136000,0.282,0.433,0.285
136500,0.290,0.436,0.274
137000,0.291,0.427,0.282
137500,0.296,0.420,0.283
138000,0.303,0.427,0.270
138500,0.301,0.417,0.282
139000,0.300,0.417,0.282
139500,0.301,0.403,0.295
140000,0.307,0.407,0.285
140500,0.312,0.400,0.288
141000,0.313,0.410,0.277
141500,0.318,0.400,0.282
142000,0.322,0.402,0.276
142500,0.332,0.388,0.280
143000,0.339,0.383,0.279
143500,0.355,0.372,0.272
144000,0.368,0.362,0.269
144500,0.381,0.354,0.265
145000,0.375,0.346,0.279
145500,0.376,0.328,0.297
146000,0.385,0.323,0.292
146500,0.392,0.327,0.281
147000,0.399,0.321,0.280
147500,0.404,0.306,0.290
148000,0.411,0.301,0.287
148500,0.424,0.305,0.271
149000,0.425,0.286,0.289
149500,0.447,0.282,0.271
150000,0.448,0.272,0.281
150500,0.457,0.265,0.278
151000,0.473,0.248,0.278
151500,0.476,0.245,0.278
152000,0.475,0.240,0.285
152500,0.492,0.239,0.269
153000,0.504,0.221,0.275
153500,0.516,0.218,0.266
154000,0.526,0.210,0.263
154500,0.529,0.216,0.254
155000,0.542,0.217,0.240
155500,0.548,0.205,0.246
156000,0.568,0.195,0.237
156500,0.586,0.180,0.234
157000,0.586,0.160,0.254
157500,0.603,0.151,0.246
158000,0.624,0.138,0.238
158500,0.631,0.134,0.235
159000,0.654,0.126,0.220
159500,0.670,0.115,0.215
160000,0.684,0.106,0.210
160500,0.696,0.098,0.207
161000,0.709,0.095,0.196
161500,0.721,0.090,0.189
162000,0.730,0.085,0.185
162500,0.750,0.073,0.176
163000,0.762,0.070,0.167
163500,0.782,0.061,0.157
164000,0.800,0.049,0.151
164500,0.805,0.045,0.149
165000,0.816,0.040,0.144
165500,0.835,0.035,0.130
166000,0.852,0.028,0.120
166500,0.866,0.026,0.108
167000,0.878,0.021,0.101
167500,0.884,0.018,0.098
168000,0.891,0.021,0.088
168500,0.905,0.018,0.076
169000,0.918,0.014,0.068
169500,0.924,0.009,0.066
170000,0.935,0.009,0.056
170500,0.944,0.006,0.050
171000,0.949,0.007,0.044
171500,0.956,0.006,0.038
172000,0.956,0.006,0.038
172500,0.957,0.006,0.037
173000,0.960,0.006,0.034
173500,0.966,0.006,0.028
174000,0.971,0.006,0.023
174500,0.974,0.005,0.021
175000,0.976,0.005,0.019
175500,0.977,0.004,0.019
176000,0.981,0.003,0.017
176500,0.982,0.003,0.016
177000,0.981,0.003,0.017
177500,0.983,0.002,0.016
178000,0.986,0.002,0.013
178500,0.987,0.002,0.012
179000,0.987,0.002,0.012
179500,0.988,0.001,0.011
180000,0.990,0.001,0.009
180500,0.991,0.001,0.008
181000,0.991,0.001,0.009
181500,0.992,0.000,0.008
182000,0.993,0.000,0.007
182500,0.997,0.000,0.003
183000,0.998,0.000,0.002
183500,0.999,0.000,0.001
184000,1.000,0.000,0.000
184500,1.000,0.000,0.000
