time,n_A+p,n_B,n_AB
500,0.030,0.292,0.678
1000,0.030,0.254,0.716
1500,0.030,0.203,0.767
2000,0.030,0.315,0.655
2500,0.030,0.260,0.710
3000,0.030,0.373,0.597
3500,0.030,0.363,0.607
4000,0.030,0.353,0.617
4500,0.030,0.368,0.602
5000,0.030,0.467,0.503
5500,0.030,0.349,0.621
6000,0.030,0.445,0.525
6500,0.030,0.524,0.446
7000,0.030,0.367,0.603
7500,0.030,0.574,0.396
8000,0.030,0.278,0.692
8500,0.030,0.473,0.497
9000,0.030,0.309,0.661
9500,0.030,0.258,0.712
10000,0.030,0.276,0.694
10500,0.030,0.313,0.657
11000,0.030,0.340,0.630
11500,0.030,0.328,0.642
12000,0.030,0.213,0.757
12500,0.030,0.466,0.504
13000,0.030,0.333,0.637
13500,0.030,0.329,0.641
14000,0.030,0.312,0.658
14500,0.030,0.324,0.646
15000,0.030,0.376,0.594
15500,0.030,0.295,0.675
16000,0.030,0.425,0.545
16500,0.030,0.358,0.612
17000,0.030,0.380,0.590
17500,0.030,0.437,0.533
18000,0.030,0.338,0.632
18500,0.030,0.343,0.627
19000,0.030,0.490,0.480
19500,0.030,0.213,0.757
20000,0.030,0.353,0.617
20500,0.030,0.307,0.663
21000,0.030,0.256,0.714
21500,0.033,0.232,0.735
22000,0.030,0.292,0.678
22500,0.030,0.373,0.597
23000,0.030,0.381,0.589
23500,0.030,0.305,0.665
24000,0.030,0.294,0.676
24500,0.030,0.306,0.664
25000,0.030,0.246,0.724
25500,0.030,0.440,0.530
26000,0.030,0.391,0.579
26500,0.030,0.336,0.634
27000,0.030,0.293,0.677
27500,0.030,0.341,0.629
28000,0.030,0.405,0.565
28500,0.030,0.421,0.549
29000,0.030,0.474,0.496
29500,0.030,0.387,0.583
30000,0.030,0.416,0.554
30500,0.030,0.309,0.661
31000,0.030,0.292,0.678
31500,0.030,0.274,0.696
32000,0.030,0.318,0.652
32500,0.030,0.366,0.604
33000,0.030,0.233,0.737
33500,0.030,0.304,0.666
34000,0.030,0.452,0.518
34500,0.030,0.505,0.465
35000,0.030,0.416,0.554
35500,0.030,0.307,0.663
36000,0.030,0.317,0.653
36500,0.030,0.354,0.616
37000,0.030,0.274,0.696
37500,0.030,0.364,0.606
38000,0.030,0.432,0.538
38500,0.030,0.345,0.625
39000,0.030,0.386,0.584
39500,0.030,0.327,0.643
40000,0.030,0.331,0.639
40500,0.030,0.400,0.570
41000,0.030,0.366,0.604
41500,0.030,0.326,0.644
42000,0.030,0.463,0.507
42500,0.030,0.399,0.571
43000,0.030,0.307,0.663
43500,0.030,0.306,0.664
44000,0.030,0.220,0.750
44500,0.030,0.253,0.717
45000,0.030,0.274,0.696
45500,0.030,0.306,0.664
46000,0.030,0.397,0.573
46500,0.030,0.368,0.602
47000,0.030,0.164,0.806
47500,0.030,0.445,0.525
48000,0.030,0.293,0.677
48500,0.030,0.411,0.559
49000,0.030,0.318,0.652
49500,0.030,0.271,0.699
50000,0.030,0.337,0.633
50500,0.030,0.276,0.694
51000,0.030,0.220,0.750
51500,0.030,0.231,0.739
52000,0.030,0.344,0.626
52500,0.030,0.305,0.665
53000,0.030,0.424,0.546
53500,0.030,0.384,0.586
54000,0.030,0.389,0.581
54500,0.030,0.445,0.525
55000,0.030,0.337,0.633
55500,0.030,0.373,0.597
56000,0.030,0.335,0.635
56500,0.030,0.314,0.656
57000,0.030,0.356,0.614
57500,0.030,0.193,0.777
58000,0.030,0.436,0.534
58500,0.030,0.318,0.652
59000,0.030,0.183,0.787
59500,0.030,0.456,0.514
60000,0.030,0.228,0.742
60500,0.030,0.339,0.631
61000,0.030,0.414,0.556
61500,0.030,0.411,0.559
62000,0.030,0.303,0.667
62500,0.030,0.197,0.773
63000,0.436,0.004,0.560
63500,1.000,0.000,0.000
