time,n_A+p,n_B,n_AB
500,0.050,0.775,0.175
1000,0.050,0.413,0.537
1500,0.050,0.376,0.574
2000,0.060,0.329,0.611
2500,0.059,0.329,0.612
3000,0.055,0.328,0.617
3500,0.050,0.337,0.613
4000,0.055,0.277,0.668
4500,0.063,0.227,0.710
5000,0.075,0.197,0.728
5500,0.187,0.078,0.735
6000,0.478,0.004,0.518
6500,0.661,0.000,0.339
7000,0.757,0.000,0.243
7500,0.842,0.000,0.158
8000,0.819,0.000,0.181
8500,0.808,0.000,0.192
9000,0.822,0.000,0.178
9500,0.826,0.000,0.174
10000,0.872,0.000,0.128
10500,0.924,0.000,0.076
11000,0.962,0.000,0.038
11500,0.977,0.000,0.023
12000,0.997,0.000,0.003
12500,1.000,0.000,0.000
