time,n_A+p,n_B,n_AB
100,0.326,0.483,0.190
200,0.264,0.471,0.264
300,0.219,0.463,0.318
400,0.211,0.459,0.331
500,0.219,0.413,0.368
600,0.202,0.421,0.376
700,0.227,0.421,0.351
800,0.190,0.475,0.335
900,0.182,0.471,0.347
1000,0.194,0.545,0.260
1100,0.149,0.562,0.289
1200,0.120,0.616,0.264
1300,0.128,0.645,0.227
1400,0.095,0.665,0.240
1500,0.099,0.661,0.240
1600,0.091,0.678,0.231
1700,0.062,0.719,0.219
1800,0.045,0.777,0.178
1900,0.041,0.769,0.190
2000,0.050,0.781,0.169
2100,0.041,0.843,0.116
2200,0.041,0.843,0.116
2300,0.033,0.847,0.120
2400,0.017,0.851,0.132
2500,0.025,0.860,0.116
2600,0.017,0.884,0.099
2700,0.008,0.905,0.087
2800,0.008,0.909,0.083
2900,0.004,0.901,0.095
3000,0.000,0.905,0.095
3100,0.000,0.921,0.079
3200,0.000,0.934,0.066
3300,0.000,0.946,0.054
3400,0.000,0.967,0.033
3500,0.000,0.979,0.021
3600,0.000,0.971,0.029
3700,0.000,0.963,0.037
3800,0.000,0.979,0.021
3900,0.000,0.983,0.017
4000,0.000,0.979,0.021
4100,0.000,0.983,0.017
4200,0.000,0.983,0.017
4300,0.000,0.983,0.017
4400,0.000,0.988,0.012
4500,0.000,0.996,0.004
4600,0.000,0.996,0.004
4700,0.000,0.992,0.008
4800,0.000,0.992,0.008
4900,0.000,0.996,0.004
5000,0.000,0.996,0.004
5100,0.000,0.996,0.004
5200,0.000,0.996,0.004
5300,0.000,1.000,0.000
