time,n_A+p,n_B,n_AB
500,0.080,0.572,0.348
1000,0.083,0.226,0.692
1500,0.135,0.095,0.771
2000,0.244,0.026,0.730
2500,0.461,0.004,0.535
3000,0.641,0.000,0.359
3500,0.734,0.000,0.266
4000,0.764,0.000,0.236
4500,0.817,0.000,0.183
5000,0.847,0.000,0.153
5500,0.864,0.000,0.136
6000,0.850,0.000,0.150
6500,0.759,0.000,0.241
7000,0.799,0.000,0.201
7500,0.746,0.000,0.254
8000,0.824,0.000,0.176
8500,0.828,0.000,0.172
9000,0.888,0.000,0.112
9500,0.839,0.000,0.161
10000,0.832,0.000,0.168
10500,0.762,0.000,0.238
11000,0.755,0.000,0.245
11500,0.808,0.000,0.192
12000,0.885,0.000,0.115
12500,0.856,0.000,0.144
13000,0.837,0.000,0.163
13500,0.848,0.000,0.152
14000,0.845,0.000,0.155
14500,0.836,0.000,0.164
15000,0.757,0.000,0.243
15500,0.784,0.000,0.216
16000,0.799,0.000,0.201
16500,0.858,0.000,0.142
17000,0.812,0.000,0.188
17500,0.803,0.000,0.197
18000,0.820,0.000,0.180
18500,0.851,0.000,0.149
19000,0.877,0.000,0.123
19500,0.920,0.000,0.080
20000,0.915,0.000,0.085
20500,0.914,0.000,0.086
21000,0.948,0.000,0.052
21500,0.896,0.000,0.104
22000,0.863,0.000,0.137
22500,0.879,0.000,0.121
23000,0.880,0.000,0.120
23500,0.922,0.000,0.078
24000,0.911,0.000,0.089
24500,0.954,0.000,0.046
25000,0.937,0.000,0.063
25500,0.919,0.000,0.081
26000,0.925,0.000,0.075
26500,0.953,0.000,0.047
27000,0.943,0.000,0.057
27500,0.964,0.000,0.036
28000,0.953,0.000,0.047
28500,0.953,0.000,0.047
29000,0.936,0.000,0.064
29500,0.954,0.000,0.046
30000,0.925,0.000,0.075
30500,0.958,0.000,0.042
31000,0.981,0.000,0.019
31500,0.964,0.000,0.036
32000,0.945,0.000,0.055
32500,0.923,0.000,0.077
33000,0.911,0.000,0.089
33500,0.899,0.000,0.101
34000,0.878,0.000,0.122
34500,0.870,0.000,0.130
35000,0.907,0.000,0.093
35500,0.938,0.000,0.062
36000,0.905,0.000,0.095
36500,0.931,0.000,0.069
37000,0.930,0.000,0.070
37500,0.946,0.000,0.054
38000,0.948,0.000,0.052
38500,0.940,0.000,0.060
39000,0.944,0.000,0.056
39500,0.943,0.000,0.057
40000,0.924,0.000,0.076
40500,0.918,0.000,0.082
41000,0.918,0.000,0.082
41500,0.945,0.000,0.055
42000,0.946,0.000,0.054
42500,0.957,0.000,0.043
43000,0.962,0.000,0.038
43500,0.986,0.000,0.014
44000,0.994,0.000,0.006
44500,0.999,0.000,0.001
45000,1.000,0.000,0.000
