time,n_A+p,n_B,n_AB
500,0.030,0.295,0.675
1000,0.030,0.176,0.794
1500,0.030,0.230,0.740
2000,0.030,0.415,0.555
2500,0.030,0.288,0.682
3000,0.030,0.223,0.747
3500,0.030,0.245,0.725
4000,0.030,0.338,0.632
4500,0.030,0.290,0.680
5000,0.030,0.241,0.729
5500,0.030,0.307,0.663
6000,0.030,0.456,0.514
6500,0.030,0.348,0.622
7000,0.030,0.468,0.502
7500,0.030,0.567,0.403
8000,0.030,0.301,0.669
8500,0.030,0.407,0.563
9000,0.030,0.226,0.744
9500,0.030,0.297,0.673
10000,0.980,0.000,0.020
10500,1.000,0.000,0.000
