time,n_A+p,n_B,n_AB
500,0.031,0.884,0.085
1000,0.030,0.762,0.208
1500,0.030,0.649,0.321
2000,0.031,0.524,0.445
2500,0.030,0.434,0.536
3000,0.039,0.415,0.546
3500,0.050,0.317,0.633
4000,0.068,0.289,0.643
4500,0.065,0.244,0.691
5000,0.090,0.224,0.686
5500,0.101,0.215,0.684
6000,0.098,0.247,0.655
6500,0.103,0.254,0.643
7000,0.099,0.236,0.665
7500,0.102,0.253,0.645
8000,0.094,0.187,0.719
8500,0.116,0.144,0.740
9000,0.121,0.137,0.742
9500,0.216,0.098,0.686
10000,0.250,0.081,0.669
10500,0.219,0.071,0.710
11000,0.278,0.064,0.658
11500,0.274,0.040,0.686
12000,0.288,0.035,0.677
12500,0.324,0.040,0.636
13000,0.315,0.024,0.661
13500,0.387,0.027,0.586
14000,0.395,0.014,0.591
14500,0.399,0.033,0.568
15000,0.352,0.014,0.634
15500,0.408,0.012,0.580
16000,0.489,0.009,0.502
16500,0.514,0.011,0.475
17000,0.541,0.007,0.452
17500,0.516,0.005,0.479
18000,0.504,0.012,0.484
18500,0.472,0.006,0.522
19000,0.527,0.005,0.468
19500,0.526,0.004,0.470
20000,0.518,0.009,0.473
20500,0.477,0.007,0.516
21000,0.411,0.005,0.584
21500,0.463,0.006,0.531
22000,0.511,0.005,0.484
22500,0.549,0.009,0.442
23000,0.585,0.006,0.409
23500,0.544,0.007,0.449
24000,0.524,0.014,0.462
24500,0.467,0.012,0.521
25000,0.417,0.004,0.579
25500,0.472,0.006,0.522
26000,0.430,0.009,0.561
26500,0.405,0.022,0.573
27000,0.440,0.017,0.543
27500,0.436,0.018,0.546
28000,0.492,0.015,0.493
28500,0.512,0.004,0.484
29000,0.530,0.003,0.467
29500,0.544,0.002,0.454
30000,0.552,0.006,0.442
30500,0.568,0.005,0.427
31000,0.558,0.003,0.439
31500,0.526,0.000,0.474
32000,0.566,0.001,0.433
32500,0.580,0.001,0.419
33000,0.523,0.017,0.460
33500,0.501,0.008,0.491
34000,0.536,0.014,0.450
34500,0.507,0.012,0.481
35000,0.527,0.003,0.470
35500,0.505,0.005,0.490
36000,0.583,0.005,0.412
36500,0.527,0.006,0.467
37000,0.562,0.003,0.435
37500,0.584,0.002,0.414
38000,0.574,0.013,0.413
38500,0.570,0.004,0.426
39000,0.646,0.011,0.343
39500,0.637,0.006,0.357
40000,0.570,0.005,0.425
40500,0.573,0.005,0.422
41000,0.523,0.006,0.471
41500,0.462,0.005,0.533
42000,0.513,0.007,0.480
42500,0.497,0.012,0.491
43000,0.504,0.011,0.485
43500,0.497,0.007,0.496
44000,0.541,0.001,0.458
44500,0.548,0.002,0.450
45000,0.552,0.007,0.441
45500,0.506,0.003,0.491
46000,0.538,0.006,0.456
46500,0.576,0.007,0.417
47000,0.592,0.000,0.408
47500,0.567,0.000,0.433
48000,0.526,0.017,0.457
48500,0.456,0.011,0.533
49000,0.517,0.001,0.482
49500,0.560,0.003,0.437
50000,0.560,0.004,0.436
50500,0.532,0.002,0.466
51000,0.560,0.004,0.436
51500,0.509,0.016,0.475
52000,0.475,0.007,0.518
52500,0.449,0.011,0.540
53000,0.470,0.024,0.506
53500,0.390,0.021,0.589
54000,0.504,0.011,0.485
54500,0.489,0.009,0.502
55000,0.471,0.015,0.514
55500,0.422,0.005,0.573
56000,0.473,0.007,0.520
56500,0.482,0.008,0.510
57000,0.506,0.006,0.488
57500,0.545,0.002,0.453
58000,0.596,0.005,0.399
58500,0.600,0.002,0.398
59000,0.647,0.003,0.350
59500,0.622,0.003,0.375
60000,0.601,0.004,0.395
60500,0.646,0.004,0.350
61000,0.582,0.001,0.417
61500,0.532,0.001,0.467
62000,0.606,0.000,0.394
62500,0.573,0.004,0.423
63000,0.588,0.002,0.410
63500,0.599,0.001,0.400
64000,0.607,0.003,0.390
64500,0.605,0.005,0.390
65000,0.558,0.000,0.442
65500,0.549,0.006,0.445
66000,0.574,0.008,0.418
66500,0.580,0.004,0.416
67000,0.544,0.007,0.449
67500,0.520,0.003,0.477
68000,0.495,0.006,0.499
68500,0.533,0.010,0.457
69000,0.526,0.006,0.468
69500,0.568,0.002,0.430
70000,0.490,0.004,0.506
70500,0.501,0.018,0.481
71000,0.436,0.026,0.538
71500,0.456,0.014,0.530
72000,0.508,0.006,0.486
72500,0.594,0.003,0.403
73000,0.579,0.003,0.418
73500,0.559,0.004,0.437
74000,0.559,0.005,0.436
74500,0.593,0.005,0.402
75000,0.642,0.004,0.354
75500,0.629,0.001,0.370
76000,0.660,0.000,0.340
76500,0.655,0.000,0.345
77000,0.640,0.004,0.356
77500,0.620,0.003,0.377
78000,0.560,0.007,0.433
78500,0.556,0.001,0.443
79000,0.549,0.004,0.447
79500,0.564,0.006,0.430
80000,0.601,0.004,0.395
80500,0.560,0.010,0.430
81000,0.509,0.008,0.483
81500,0.587,0.002,0.411
82000,0.562,0.003,0.435
82500,0.641,0.002,0.357
83000,0.610,0.001,0.389
83500,0.577,0.000,0.423
84000,0.607,0.006,0.387
84500,0.529,0.003,0.468
85000,0.499,0.002,0.499
85500,0.484,0.001,0.515
86000,0.537,0.002,0.461
86500,0.577,0.004,0.419
87000,0.618,0.003,0.379
87500,0.620,0.012,0.368
88000,0.580,0.002,0.418
88500,0.630,0.006,0.364
89000,0.626,0.000,0.374
89500,0.496,0.002,0.502
90000,0.475,0.014,0.511
90500,0.505,0.003,0.492
91000,0.540,0.005,0.455
91500,0.525,0.003,0.472
92000,0.509,0.003,0.488
92500,0.541,0.008,0.451
93000,0.482,0.007,0.511
93500,0.531,0.009,0.460
94000,0.539,0.001,0.460
94500,0.552,0.007,0.441
95000,0.500,0.004,0.496
95500,0.449,0.010,0.541
96000,0.412,0.013,0.575
96500,0.450,0.007,0.543
97000,0.517,0.007,0.476
97500,0.493,0.008,0.499
98000,0.508,0.001,0.491
98500,0.458,0.001,0.541
99000,0.559,0.002,0.439
99500,0.501,0.006,0.493
100000,0.598,0.005,0.397
100500,0.693,0.000,0.307
101000,0.683,0.001,0.316
101500,0.684,0.002,0.314
102000,0.674,0.005,0.321
102500,0.641,0.004,0.355
103000,0.649,0.003,0.348
103500,0.718,0.000,0.282
104000,0.674,0.001,0.325
104500,0.654,0.003,0.343
105000,0.673,0.000,0.327
105500,0.637,0.002,0.361
106000,0.643,0.003,0.354
106500,0.651,0.000,0.349
107000,0.516,0.004,0.480
107500,0.507,0.002,0.491
108000,0.505,0.005,0.490
108500,0.543,0.009,0.448
109000,0.465,0.009,0.526
109500,0.429,0.008,0.563
110000,0.472,0.021,0.507
110500,0.539,0.012,0.449
111000,0.535,0.006,0.459
111500,0.513,0.004,0.483
112000,0.486,0.013,0.501
112500,0.483,0.006,0.511
113000,0.463,0.009,0.528
113500,0.516,0.003,0.481
114000,0.661,0.001,0.338
114500,0.652,0.004,0.344
115000,0.601,0.001,0.398
115500,0.573,0.001,0.426
116000,0.593,0.007,0.400
116500,0.573,0.003,0.424
117000,0.496,0.010,0.494
117500,0.502,0.007,0.491
118000,0.459,0.002,0.539
118500,0.542,0.003,0.455
119000,0.560,0.000,0.440
119500,0.504,0.003,0.493
120000,0.590,0.000,0.410
120500,0.532,0.004,0.464
121000,0.546,0.008,0.446
121500,0.449,0.009,0.542
122000,0.392,0.009,0.599
122500,0.445,0.019,0.536
123000,0.455,0.009,0.536
123500,0.497,0.006,0.497
124000,0.537,0.004,0.459
124500,0.582,0.001,0.417
125000,0.596,0.000,0.404
125500,0.588,0.000,0.412
126000,0.613,0.002,0.385
126500,0.560,0.003,0.437
127000,0.606,0.005,0.389
127500,0.643,0.000,0.357
128000,0.598,0.004,0.398
128500,0.497,0.012,0.491
129000,0.562,0.013,0.425
129500,0.542,0.008,0.450
130000,0.569,0.004,0.427
130500,0.575,0.002,0.423
131000,0.559,0.003,0.438
131500,0.630,0.000,0.370
132000,0.639,0.004,0.357
132500,0.601,0.000,0.399
133000,0.574,0.001,0.425
133500,0.534,0.003,0.463
134000,0.499,0.002,0.499
134500,0.526,0.003,0.471
135000,0.547,0.000,0.453
135500,0.561,0.003,0.436
136000,0.583,0.000,0.417
136500,0.570,0.006,0.424
137000,0.524,0.003,0.473
137500,0.522,0.011,0.467
138000,0.567,0.007,0.426
138500,0.642,0.003,0.355
139000,0.640,0.003,0.357
139500,0.619,0.003,0.378
140000,0.596,0.002,0.402
140500,0.630,0.001,0.369
141000,0.594,0.002,0.404
141500,0.519,0.003,0.478
142000,0.522,0.000,0.478
142500,0.489,0.004,0.507
143000,0.508,0.005,0.487
143500,0.603,0.004,0.393
144000,0.627,0.003,0.370
144500,0.660,0.003,0.337
145000,0.635,0.000,0.365
145500,0.641,0.000,0.359
146000,0.565,0.007,0.428
146500,0.577,0.001,0.422
147000,0.560,0.000,0.440
147500,0.512,0.005,0.483
148000,0.504,0.002,0.494
148500,0.536,0.003,0.461
149000,0.508,0.008,0.484
149500,0.485,0.014,0.501
150000,0.498,0.004,0.498
150500,0.491,0.007,0.502
151000,0.595,0.002,0.403
151500,0.506,0.007,0.487
152000,0.518,0.011,0.471
152500,0.533,0.010,0.457
153000,0.519,0.004,0.477
153500,0.547,0.007,0.446
154000,0.501,0.002,0.497
154500,0.508,0.004,0.488
155000,0.485,0.008,0.507
155500,0.522,0.006,0.472
156000,0.592,0.002,0.406
156500,0.592,0.003,0.405
157000,0.612,0.002,0.386
157500,0.593,0.002,0.405
158000,0.581,0.006,0.413
158500,0.665,0.001,0.334
159000,0.597,0.001,0.402
159500,0.587,0.003,0.410
160000,0.652,0.005,0.343
160500,0.587,0.002,0.411
161000,0.514,0.007,0.479
161500,0.463,0.004,0.533
162000,0.468,0.005,0.527
162500,0.466,0.010,0.524
163000,0.527,0.000,0.473
163500,0.562,0.009,0.429
164000,0.548,0.013,0.439
164500,0.584,0.003,0.413
165000,0.571,0.011,0.418
165500,0.572,0.004,0.424
166000,0.627,0.009,0.364
166500,0.594,0.003,0.403
167000,0.595,0.003,0.402
167500,0.568,0.002,0.430
168000,0.595,0.005,0.400
168500,0.610,0.003,0.387
169000,0.656,0.000,0.344
169500,0.662,0.002,0.336
170000,0.651,0.001,0.348
170500,0.599,0.005,0.396
171000,0.577,0.006,0.417
171500,0.606,0.008,0.386
172000,0.583,0.001,0.416
172500,0.594,0.008,0.398
173000,0.551,0.004,0.445
173500,0.593,0.003,0.404
174000,0.629,0.002,0.369
174500,0.619,0.003,0.378
175000,0.562,0.004,0.434
175500,0.595,0.003,0.402
176000,0.560,0.001,0.439
176500,0.572,0.002,0.426
177000,0.494,0.010,0.496
177500,0.490,0.010,0.500
178000,0.473,0.011,0.516
178500,0.477,0.004,0.519
179000,0.564,0.008,0.428
179500,0.574,0.005,0.421
180000,0.557,0.007,0.436
180500,0.515,0.002,0.483
181000,0.575,0.000,0.425
181500,0.563,0.004,0.433
182000,0.505,0.002,0.493
182500,0.534,0.003,0.463
183000,0.563,0.004,0.433
183500,0.558,0.004,0.438
184000,0.582,0.001,0.417
184500,0.574,0.005,0.421
185000,0.564,0.003,0.433
185500,0.530,0.008,0.462
186000,0.514,0.001,0.485
186500,0.474,0.018,0.508
187000,0.398,0.016,0.586
187500,0.486,0.014,0.500
188000,0.525,0.001,0.474
188500,0.581,0.000,0.419
189000,0.584,0.006,0.410
189500,0.505,0.003,0.492
190000,0.496,0.007,0.497
190500,0.447,0.001,0.552
191000,0.407,0.013,0.580
191500,0.453,0.007,0.540
192000,0.501,0.011,0.488
192500,0.454,0.009,0.537
193000,0.501,0.005,0.494
193500,0.535,0.001,0.464
194000,0.446,0.016,0.538
194500,0.496,0.011,0.493
195000,0.525,0.007,0.468
195500,0.524,0.005,0.471
196000,0.471,0.012,0.517
196500,0.488,0.006,0.506
197000,0.542,0.006,0.452
197500,0.538,0.003,0.459
198000,0.543,0.006,0.451
198500,0.545,0.007,0.448
199000,0.640,0.007,0.353
199500,0.654,0.001,0.345
200000,0.640,0.002,0.358
200500,0.575,0.001,0.424
201000,0.570,0.005,0.425
201500,0.564,0.010,0.426
202000,0.535,0.002,0.463
202500,0.544,0.005,0.451
203000,0.539,0.008,0.453
203500,0.559,0.005,0.436
204000,0.588,0.009,0.403
204500,0.616,0.007,0.377
205000,0.679,0.000,0.321
205500,0.715,0.000,0.285
206000,0.660,0.001,0.339
206500,0.689,0.002,0.309
207000,0.647,0.002,0.351
207500,0.596,0.003,0.401
208000,0.615,0.005,0.380
208500,0.606,0.012,0.382
209000,0.548,0.003,0.449
209500,0.652,0.002,0.346
210000,0.615,0.000,0.385
210500,0.589,0.000,0.411
211000,0.552,0.002,0.446
211500,0.543,0.009,0.448
212000,0.544,0.009,0.447
212500,0.573,0.005,0.422
213000,0.441,0.015,0.544
213500,0.448,0.012,0.540
214000,0.520,0.004,0.476
214500,0.534,0.005,0.461
215000,0.520,0.012,0.468
215500,0.539,0.012,0.449
216000,0.581,0.012,0.407
216500,0.589,0.004,0.407
217000,0.577,0.005,0.418
217500,0.512,0.002,0.486
218000,0.539,0.009,0.452
218500,0.591,0.001,0.408
219000,0.642,0.003,0.355
219500,0.611,0.001,0.388
220000,0.621,0.001,0.378
220500,0.576,0.002,0.422
221000,0.562,0.001,0.437
221500,0.535,0.006,0.459
222000,0.505,0.003,0.492
222500,0.519,0.008,0.473
223000,0.554,0.006,0.440
223500,0.532,0.003,0.465
224000,0.496,0.006,0.498
224500,0.493,0.007,0.500
225000,0.495,0.007,0.498
225500,0.522,0.003,0.475
226000,0.595,0.004,0.401
226500,0.583,0.010,0.407
227000,0.581,0.004,0.415
227500,0.564,0.000,0.436
228000,0.599,0.000,0.401
228500,0.617,0.000,0.383
229000,0.572,0.001,0.427
229500,0.622,0.004,0.374
230000,0.611,0.003,0.386
230500,0.544,0.002,0.454
231000,0.503,0.000,0.497
231500,0.441,0.009,0.550
232000,0.398,0.010,0.592
232500,0.456,0.002,0.542
233000,0.394,0.011,0.595
233500,0.442,0.011,0.547
234000,0.485,0.009,0.506
234500,0.476,0.008,0.516
235000,0.544,0.007,0.449
235500,0.530,0.000,0.470
236000,0.549,0.003,0.448
236500,0.514,0.009,0.477
237000,0.503,0.006,0.491
237500,0.495,0.012,0.493
238000,0.545,0.004,0.451
238500,0.601,0.002,0.397
239000,0.549,0.003,0.448
239500,0.579,0.003,0.418
240000,0.563,0.006,0.431
240500,0.528,0.002,0.470
241000,0.471,0.001,0.528
241500,0.442,0.009,0.549
242000,0.451,0.006,0.543
242500,0.508,0.012,0.480
243000,0.521,0.007,0.472
243500,0.422,0.013,0.565
244000,0.442,0.010,0.548
244500,0.474,0.005,0.521
245000,0.521,0.006,0.473
245500,0.502,0.005,0.493
246000,0.539,0.000,0.461
246500,0.509,0.007,0.484
247000,0.540,0.007,0.453
247500,0.503,0.007,0.490
248000,0.440,0.004,0.556
248500,0.506,0.008,0.486
249000,0.581,0.004,0.415
249500,0.549,0.009,0.442
250000,0.585,0.005,0.410
250500,0.580,0.004,0.416
251000,0.542,0.001,0.457
251500,0.563,0.006,0.431
252000,0.541,0.007,0.452
252500,0.524,0.005,0.471
253000,0.509,0.004,0.487
253500,0.464,0.007,0.529
254000,0.466,0.006,0.528
254500,0.462,0.008,0.530
255000,0.507,0.005,0.488
255500,0.508,0.011,0.481
256000,0.503,0.013,0.484
256500,0.500,0.005,0.495
257000,0.527,0.001,0.472
257500,0.595,0.001,0.404
258000,0.504,0.009,0.487
258500,0.444,0.007,0.549
259000,0.450,0.020,0.530
259500,0.450,0.010,0.540
260000,0.394,0.018,0.588
260500,0.483,0.016,0.501
261000,0.513,0.008,0.479
261500,0.504,0.010,0.486
262000,0.533,0.002,0.465
262500,0.535,0.006,0.459
263000,0.565,0.004,0.431
263500,0.511,0.002,0.487
264000,0.523,0.010,0.467
264500,0.537,0.010,0.453
265000,0.584,0.002,0.414
265500,0.618,0.001,0.381
266000,0.577,0.000,0.423
266500,0.509,0.001,0.490
267000,0.592,0.002,0.406
267500,0.510,0.004,0.486
268000,0.504,0.007,0.489
268500,0.484,0.004,0.512
269000,0.568,0.005,0.427
269500,0.510,0.005,0.485
270000,0.491,0.003,0.506
270500,0.486,0.009,0.505
271000,0.483,0.012,0.505
271500,0.546,0.010,0.444
272000,0.516,0.004,0.480
272500,0.568,0.000,0.432
273000,0.600,0.005,0.395
273500,0.596,0.002,0.402
274000,0.608,0.005,0.387
274500,0.566,0.004,0.430
275000,0.569,0.003,0.428
275500,0.572,0.010,0.418
276000,0.574,0.009,0.417
276500,0.582,0.006,0.412
277000,0.544,0.001,0.455
277500,0.533,0.000,0.467
278000,0.588,0.007,0.405
278500,0.551,0.002,0.447
279000,0.599,0.002,0.399
279500,0.611,0.003,0.386
280000,0.579,0.009,0.412
280500,0.537,0.005,0.458
281000,0.579,0.002,0.419
281500,0.620,0.000,0.380
282000,0.565,0.001,0.434
282500,0.528,0.005,0.467
283000,0.525,0.000,0.475
283500,0.496,0.004,0.500
284000,0.543,0.001,0.456
284500,0.581,0.004,0.415
285000,0.543,0.002,0.455
285500,0.599,0.011,0.390
286000,0.561,0.008,0.431
286500,0.583,0.002,0.415
287000,0.551,0.007,0.442
287500,0.627,0.005,0.368
288000,0.651,0.000,0.349
288500,0.633,0.000,0.367
289000,0.632,0.000,0.368
289500,0.615,0.004,0.381
290000,0.635,0.005,0.360
290500,0.654,0.001,0.345
291000,0.609,0.000,0.391
291500,0.565,0.003,0.432
292000,0.625,0.003,0.372
292500,0.611,0.006,0.383
293000,0.636,0.001,0.363
293500,0.631,0.003,0.366
294000,0.580,0.001,0.419
294500,0.513,0.005,0.482
295000,0.532,0.003,0.465
295500,0.532,0.001,0.467
296000,0.487,0.005,0.508
296500,0.560,0.005,0.435
297000,0.538,0.003,0.459
297500,0.540,0.001,0.459
298000,0.589,0.006,0.405
298500,0.541,0.004,0.455
299000,0.480,0.008,0.512
299500,0.516,0.004,0.480
300000,0.571,0.002,0.427
300500,0.540,0.009,0.451
301000,0.541,0.006,0.453
301500,0.539,0.003,0.458
302000,0.610,0.002,0.388
302500,0.561,0.000,0.439
303000,0.513,0.003,0.484
303500,0.454,0.005,0.541
304000,0.481,0.010,0.509
304500,0.403,0.011,0.586
305000,0.483,0.006,0.511
305500,0.477,0.013,0.510
306000,0.456,0.006,0.538
306500,0.485,0.013,0.502
307000,0.478,0.010,0.512
307500,0.584,0.011,0.405
308000,0.526,0.003,0.471
308500,0.550,0.006,0.444
309000,0.628,0.004,0.368
309500,0.620,0.010,0.370
310000,0.573,0.005,0.422
310500,0.516,0.001,0.483
311000,0.519,0.004,0.477
311500,0.416,0.004,0.580
312000,0.544,0.004,0.452
312500,0.507,0.004,0.489
313000,0.559,0.008,0.433
313500,0.559,0.005,0.436
314000,0.581,0.011,0.408
314500,0.568,0.005,0.427
315000,0.589,0.003,0.408
315500,0.524,0.003,0.473
316000,0.506,0.007,0.487
316500,0.534,0.012,0.454
317000,0.531,0.005,0.464
317500,0.548,0.008,0.444
318000,0.516,0.006,0.478
318500,0.469,0.020,0.511
319000,0.491,0.015,0.494
319500,0.495,0.008,0.497
320000,0.595,0.001,0.404
320500,0.576,0.014,0.410
321000,0.558,0.008,0.434
321500,0.553,0.007,0.440
322000,0.611,0.000,0.389
322500,0.588,0.001,0.411
323000,0.547,0.001,0.452
323500,0.512,0.005,0.483
324000,0.512,0.006,0.482
324500,0.488,0.008,0.504
325000,0.475,0.007,0.518
325500,0.469,0.004,0.527
326000,0.513,0.005,0.482
326500,0.518,0.002,0.480
327000,0.553,0.000,0.447
327500,0.625,0.004,0.371
328000,0.650,0.000,0.350
328500,0.581,0.001,0.418
329000,0.544,0.002,0.454
329500,0.501,0.003,0.496
330000,0.542,0.006,0.452
330500,0.522,0.002,0.476
331000,0.496,0.005,0.499
331500,0.427,0.008,0.565
332000,0.481,0.011,0.508
332500,0.589,0.009,0.402
333000,0.540,0.003,0.457
333500,0.530,0.009,0.461
334000,0.580,0.006,0.414
334500,0.492,0.005,0.503
335000,0.512,0.002,0.486
335500,0.510,0.005,0.485
336000,0.542,0.002,0.456
336500,0.581,0.002,0.417
337000,0.587,0.003,0.410
337500,0.568,0.003,0.429
338000,0.563,0.007,0.430
338500,0.503,0.013,0.484
339000,0.528,0.005,0.467
339500,0.556,0.007,0.437
340000,0.491,0.005,0.504
340500,0.554,0.006,0.440
341000,0.495,0.003,0.502
341500,0.526,0.005,0.469
342000,0.531,0.006,0.463
342500,0.569,0.000,0.431
343000,0.560,0.001,0.439
343500,0.560,0.002,0.438
344000,0.535,0.002,0.463
344500,0.573,0.003,0.424
345000,0.574,0.004,0.422
345500,0.613,0.001,0.386
346000,0.629,0.005,0.366
346500,0.638,0.002,0.360
347000,0.645,0.002,0.353
347500,0.661,0.004,0.335
348000,0.714,0.001,0.285
348500,0.717,0.000,0.283
349000,0.784,0.000,0.216
349500,0.745,0.003,0.252
350000,0.721,0.000,0.279
350500,0.685,0.002,0.313
351000,0.702,0.002,0.296
351500,0.641,0.000,0.359
352000,0.674,0.003,0.323
352500,0.634,0.001,0.365
353000,0.645,0.000,0.355
353500,0.648,0.004,0.348
354000,0.634,0.000,0.366
354500,0.637,0.009,0.354
355000,0.655,0.001,0.344
355500,0.589,0.003,0.408
356000,0.511,0.004,0.485
356500,0.485,0.004,0.511
357000,0.490,0.010,0.500
357500,0.555,0.002,0.443
358000,0.576,0.001,0.423
358500,0.529,0.003,0.468
359000,0.564,0.003,0.433
359500,0.557,0.011,0.432
360000,0.515,0.005,0.480
360500,0.541,0.003,0.456
361000,0.553,0.003,0.444
361500,0.555,0.002,0.443
362000,0.520,0.004,0.476
362500,0.578,0.004,0.418
363000,0.573,0.007,0.420
363500,0.581,0.005,0.414
364000,0.618,0.004,0.378
364500,0.668,0.006,0.326
365000,0.608,0.000,0.392
365500,0.591,0.002,0.407
366000,0.513,0.002,0.485
366500,0.516,0.005,0.479
367000,0.532,0.003,0.465
367500,0.520,0.008,0.472
368000,0.532,0.006,0.462
368500,0.568,0.004,0.428
369000,0.516,0.007,0.477
369500,0.531,0.008,0.461
370000,0.563,0.005,0.432
370500,0.621,0.002,0.377
371000,0.625,0.002,0.373
371500,0.646,0.004,0.350
372000,0.648,0.001,0.351
372500,0.576,0.000,0.424
373000,0.530,0.009,0.461
373500,0.524,0.017,0.459
374000,0.449,0.023,0.528
374500,0.462,0.017,0.521
375000,0.510,0.019,0.471
375500,0.487,0.016,0.497
376000,0.489,0.008,0.503
376500,0.489,0.001,0.510
377000,0.542,0.005,0.453
377500,0.578,0.001,0.421
378000,0.580,0.003,0.417
378500,0.606,0.000,0.394
379000,0.597,0.002,0.401
379500,0.622,0.000,0.378
380000,0.540,0.009,0.451
380500,0.568,0.001,0.431
381000,0.505,0.006,0.489
381500,0.495,0.001,0.504
382000,0.502,0.001,0.497
382500,0.484,0.003,0.513
383000,0.484,0.009,0.507
383500,0.496,0.008,0.496
384000,0.513,0.004,0.483
384500,0.597,0.002,0.401
385000,0.564,0.004,0.432
385500,0.607,0.004,0.389
386000,0.599,0.002,0.399
386500,0.613,0.002,0.385
387000,0.576,0.007,0.417
387500,0.543,0.005,0.452
388000,0.515,0.003,0.482
388500,0.453,0.004,0.543
389000,0.472,0.013,0.515
389500,0.460,0.008,0.532
390000,0.409,0.006,0.585
390500,0.575,0.006,0.419
391000,0.593,0.003,0.404
391500,0.591,0.001,0.408
392000,0.530,0.004,0.466
392500,0.511,0.002,0.487
393000,0.548,0.005,0.447
393500,0.542,0.006,0.452
394000,0.534,0.002,0.464
394500,0.566,0.006,0.428
395000,0.616,0.006,0.378
395500,0.615,0.000,0.385
396000,0.575,0.003,0.422
396500,0.545,0.003,0.452
397000,0.515,0.006,0.479
397500,0.505,0.007,0.488
398000,0.489,0.009,0.502
398500,0.524,0.009,0.467
399000,0.524,0.007,0.469
399500,0.575,0.000,0.425
400000,0.587,0.005,0.408
400500,0.638,0.002,0.360
401000,0.689,0.002,0.309
401500,0.635,0.002,0.363
402000,0.609,0.002,0.389
402500,0.571,0.001,0.428
403000,0.596,0.001,0.403
403500,0.602,0.003,0.395
404000,0.644,0.002,0.354
404500,0.595,0.009,0.396
405000,0.632,0.003,0.365
405500,0.586,0.003,0.411
406000,0.633,0.006,0.361
406500,0.634,0.002,0.364
407000,0.639,0.003,0.358
407500,0.579,0.002,0.419
408000,0.656,0.006,0.338
408500,0.685,0.002,0.313
409000,0.603,0.001,0.396
409500,0.670,0.000,0.330
410000,0.693,0.003,0.304
410500,0.647,0.002,0.351
411000,0.609,0.001,0.390
411500,0.561,0.000,0.439
412000,0.618,0.003,0.379
412500,0.655,0.000,0.345
413000,0.623,0.002,0.375
413500,0.700,0.003,0.297
414000,0.708,0.004,0.288
414500,0.632,0.001,0.367
415000,0.587,0.001,0.412
415500,0.599,0.002,0.399
416000,0.581,0.002,0.417
416500,0.532,0.005,0.463
417000,0.606,0.003,0.391
417500,0.620,0.004,0.376
418000,0.567,0.001,0.432
418500,0.515,0.002,0.483
419000,0.548,0.006,0.446
419500,0.637,0.001,0.362
420000,0.594,0.001,0.405
420500,0.552,0.002,0.446
421000,0.575,0.002,0.423
421500,0.628,0.002,0.370
422000,0.578,0.002,0.420
422500,0.554,0.012,0.434
423000,0.550,0.003,0.447
423500,0.552,0.003,0.445
424000,0.531,0.005,0.464
424500,0.581,0.004,0.415
425000,0.542,0.007,0.451
425500,0.610,0.004,0.386
426000,0.641,0.004,0.355
426500,0.640,0.000,0.360
427000,0.632,0.003,0.365
427500,0.662,0.002,0.336
428000,0.703,0.002,0.295
428500,0.680,0.000,0.320
429000,0.633,0.003,0.364
429500,0.546,0.002,0.452
430000,0.574,0.000,0.426
430500,0.649,0.007,0.344
431000,0.633,0.003,0.364
431500,0.633,0.003,0.364
432000,0.595,0.004,0.401
432500,0.529,0.014,0.457
433000,0.516,0.008,0.476
433500,0.477,0.005,0.518
434000,0.458,0.007,0.535
434500,0.504,0.007,0.489
435000,0.495,0.003,0.502
435500,0.498,0.005,0.497
436000,0.612,0.000,0.388
436500,0.580,0.000,0.420
437000,0.613,0.003,0.384
437500,0.571,0.003,0.426
438000,0.569,0.006,0.425
438500,0.527,0.004,0.469
439000,0.581,0.005,0.414
439500,0.580,0.003,0.417
440000,0.492,0.007,0.501
440500,0.555,0.008,0.437
441000,0.535,0.004,0.461
441500,0.509,0.005,0.486
442000,0.556,0.003,0.441
442500,0.583,0.002,0.415
443000,0.579,0.000,0.421
443500,0.590,0.002,0.408
444000,0.572,0.001,0.427
444500,0.593,0.005,0.402
445000,0.610,0.005,0.385
445500,0.560,0.003,0.437
446000,0.575,0.000,0.425
446500,0.605,0.003,0.392
447000,0.603,0.003,0.394
447500,0.630,0.001,0.369
448000,0.617,0.000,0.383
448500,0.566,0.004,0.430
449000,0.575,0.002,0.423
449500,0.555,0.001,0.444
450000,0.593,0.001,0.406
450500,0.619,0.001,0.380
451000,0.606,0.003,0.391
451500,0.604,0.009,0.387
452000,0.583,0.003,0.414
452500,0.628,0.006,0.366
453000,0.599,0.005,0.396
453500,0.632,0.004,0.364
454000,0.558,0.001,0.441
454500,0.548,0.003,0.449
455000,0.597,0.004,0.399
455500,0.574,0.002,0.424
456000,0.575,0.002,0.423
456500,0.594,0.001,0.405
457000,0.593,0.000,0.407
457500,0.533,0.004,0.463
458000,0.537,0.003,0.460
458500,0.539,0.000,0.461
459000,0.535,0.003,0.462
459500,0.589,0.003,0.408
460000,0.632,0.002,0.366
460500,0.663,0.001,0.336
461000,0.641,0.003,0.356
461500,0.657,0.001,0.342
462000,0.622,0.000,0.378
462500,0.585,0.002,0.413
463000,0.524,0.011,0.465
463500,0.515,0.005,0.480
464000,0.500,0.002,0.498
464500,0.514,0.004,0.482
465000,0.539,0.008,0.453
465500,0.512,0.008,0.480
466000,0.512,0.004,0.484
466500,0.514,0.006,0.480
467000,0.482,0.005,0.513
467500,0.530,0.002,0.468
468000,0.580,0.005,0.415
468500,0.530,0.001,0.469
469000,0.531,0.001,0.468
469500,0.562,0.002,0.436
470000,0.565,0.005,0.430
470500,0.624,0.003,0.373
471000,0.601,0.002,0.397
471500,0.524,0.002,0.474
472000,0.485,0.002,0.513
472500,0.560,0.008,0.432
473000,0.569,0.003,0.428
473500,0.535,0.004,0.461
474000,0.509,0.009,0.482
474500,0.516,0.011,0.473
475000,0.544,0.002,0.454
475500,0.496,0.002,0.502
476000,0.512,0.006,0.482
476500,0.521,0.014,0.465
477000,0.473,0.011,0.516
477500,0.531,0.008,0.461
478000,0.528,0.007,0.465
478500,0.584,0.002,0.414
479000,0.569,0.002,0.429
479500,0.620,0.001,0.379
480000,0.632,0.001,0.367
480500,0.670,0.000,0.330
481000,0.632,0.002,0.366
481500,0.580,0.000,0.420
482000,0.624,0.000,0.376
482500,0.591,0.001,0.408
483000,0.547,0.008,0.445
483500,0.527,0.013,0.460
484000,0.518,0.006,0.476
484500,0.437,0.010,0.553
485000,0.366,0.021,0.613
485500,0.395,0.020,0.585
486000,0.484,0.012,0.504
486500,0.477,0.014,0.509
487000,0.432,0.021,0.547
487500,0.467,0.009,0.524
488000,0.461,0.008,0.531
488500,0.472,0.008,0.520
489000,0.515,0.003,0.482
489500,0.508,0.001,0.491
490000,0.504,0.002,0.494
490500,0.599,0.005,0.396
491000,0.602,0.002,0.396
491500,0.597,0.008,0.395
492000,0.639,0.003,0.358
492500,0.597,0.003,0.400
493000,0.507,0.005,0.488
493500,0.494,0.012,0.494
494000,0.530,0.009,0.461
494500,0.596,0.007,0.397
495000,0.503,0.005,0.492
495500,0.468,0.013,0.519
496000,0.452,0.008,0.540
496500,0.513,0.005,0.482
497000,0.618,0.003,0.379
497500,0.596,0.000,0.404
498000,0.585,0.001,0.414
498500,0.611,0.002,0.387
499000,0.565,0.003,0.432
499500,0.563,0.011,0.426
500000,0.560,0.001,0.439
500500,0.544,0.001,0.455
501000,0.590,0.001,0.409
501500,0.545,0.001,0.454
502000,0.566,0.003,0.431
502500,0.597,0.003,0.400
503000,0.559,0.009,0.432
503500,0.590,0.003,0.407
504000,0.637,0.000,0.363
504500,0.656,0.001,0.343
505000,0.590,0.001,0.409
505500,0.646,0.000,0.354
506000,0.603,0.001,0.396
506500,0.571,0.000,0.429
507000,0.520,0.005,0.475
507500,0.557,0.006,0.437
508000,0.508,0.009,0.483
508500,0.409,0.006,0.585
509000,0.510,0.007,0.483
509500,0.530,0.008,0.462
510000,0.496,0.012,0.492
510500,0.435,0.007,0.558
511000,0.552,0.008,0.440
511500,0.587,0.003,0.410
512000,0.596,0.002,0.402
512500,0.637,0.004,0.359
513000,0.600,0.002,0.398
513500,0.579,0.003,0.418
514000,0.598,0.002,0.400
514500,0.549,0.004,0.447
515000,0.501,0.000,0.499
515500,0.439,0.009,0.552
516000,0.515,0.008,0.477
516500,0.525,0.004,0.471
517000,0.559,0.008,0.433
517500,0.553,0.001,0.446
518000,0.571,0.005,0.424
518500,0.568,0.003,0.429
519000,0.586,0.001,0.413
519500,0.622,0.003,0.375
520000,0.639,0.007,0.354
520500,0.566,0.004,0.430
521000,0.575,0.004,0.421
521500,0.510,0.000,0.490
522000,0.525,0.005,0.470
522500,0.475,0.008,0.517
523000,0.489,0.005,0.506
523500,0.506,0.004,0.490
524000,0.490,0.006,0.504
524500,0.437,0.005,0.558
525000,0.510,0.005,0.485
525500,0.593,0.005,0.402
526000,0.516,0.001,0.483
526500,0.551,0.010,0.439
527000,0.520,0.003,0.477
527500,0.526,0.001,0.473
528000,0.521,0.007,0.472
528500,0.589,0.001,0.410
529000,0.556,0.006,0.438
529500,0.559,0.004,0.437
530000,0.554,0.000,0.446
530500,0.517,0.017,0.466
531000,0.505,0.004,0.491
531500,0.494,0.001,0.505
532000,0.552,0.006,0.442
532500,0.512,0.013,0.475
533000,0.516,0.009,0.475
533500,0.534,0.005,0.461
534000,0.542,0.009,0.449
534500,0.512,0.009,0.479
535000,0.442,0.005,0.553
535500,0.486,0.005,0.509
536000,0.462,0.006,0.532
536500,0.432,0.009,0.559
537000,0.498,0.013,0.489
537500,0.520,0.003,0.477
538000,0.502,0.004,0.494
538500,0.465,0.001,0.534
539000,0.493,0.009,0.498
539500,0.565,0.007,0.428
540000,0.589,0.003,0.408
540500,0.504,0.003,0.493
541000,0.535,0.001,0.464
541500,0.489,0.006,0.505
542000,0.560,0.000,0.440
542500,0.573,0.004,0.423
543000,0.546,0.002,0.452
543500,0.522,0.003,0.475
544000,0.508,0.010,0.482
544500,0.458,0.011,0.531
545000,0.536,0.004,0.460
545500,0.516,0.007,0.477
546000,0.509,0.003,0.488
546500,0.587,0.002,0.411
547000,0.603,0.001,0.396
547500,0.604,0.002,0.394
548000,0.539,0.010,0.451
548500,0.534,0.003,0.463
549000,0.511,0.002,0.487
549500,0.458,0.011,0.531
550000,0.492,0.010,0.498
550500,0.522,0.006,0.472
551000,0.489,0.004,0.507
551500,0.489,0.002,0.509
552000,0.561,0.002,0.437
552500,0.508,0.006,0.486
553000,0.496,0.014,0.490
553500,0.445,0.022,0.533
554000,0.471,0.010,0.519
554500,0.508,0.011,0.481
555000,0.568,0.009,0.423
555500,0.526,0.020,0.454
556000,0.549,0.002,0.449
556500,0.519,0.000,0.481
557000,0.511,0.008,0.481
557500,0.524,0.006,0.470
558000,0.515,0.004,0.481
558500,0.568,0.000,0.432
559000,0.611,0.002,0.387
559500,0.537,0.009,0.454
560000,0.534,0.003,0.463
560500,0.548,0.000,0.452
561000,0.543,0.002,0.455
561500,0.548,0.010,0.442
562000,0.520,0.007,0.473
562500,0.535,0.004,0.461
563000,0.572,0.000,0.428
563500,0.580,0.005,0.415
564000,0.549,0.005,0.446
564500,0.636,0.005,0.359
565000,0.631,0.005,0.364
565500,0.604,0.003,0.393
566000,0.523,0.002,0.475
566500,0.510,0.005,0.485
567000,0.514,0.005,0.481
567500,0.553,0.014,0.433
568000,0.511,0.007,0.482
568500,0.530,0.004,0.466
569000,0.528,0.008,0.464
569500,0.499,0.003,0.498
570000,0.539,0.002,0.459
570500,0.532,0.014,0.454
571000,0.468,0.010,0.522
571500,0.546,0.005,0.449
572000,0.560,0.001,0.439
572500,0.589,0.000,0.411
573000,0.643,0.000,0.357
573500,0.589,0.003,0.408
574000,0.576,0.009,0.415
574500,0.525,0.007,0.468
575000,0.453,0.010,0.537
575500,0.463,0.003,0.534
576000,0.476,0.004,0.520
576500,0.510,0.006,0.484
577000,0.512,0.006,0.482
577500,0.530,0.014,0.456
578000,0.528,0.012,0.460
578500,0.513,0.012,0.475
579000,0.443,0.009,0.548
579500,0.452,0.006,0.542
580000,0.481,0.012,0.507
580500,0.482,0.007,0.511
581000,0.472,0.020,0.508
581500,0.415,0.009,0.576
582000,0.566,0.009,0.425
582500,0.516,0.008,0.476
583000,0.516,0.004,0.480
583500,0.522,0.016,0.462
584000,0.592,0.002,0.406
584500,0.612,0.000,0.388
585000,0.611,0.001,0.388
585500,0.558,0.002,0.440
586000,0.602,0.003,0.395
586500,0.581,0.002,0.417
587000,0.622,0.003,0.375
587500,0.607,0.005,0.388
588000,0.624,0.002,0.374
588500,0.650,0.000,0.350
589000,0.602,0.009,0.389
589500,0.550,0.008,0.442
590000,0.600,0.004,0.396
590500,0.603,0.004,0.393
591000,0.562,0.004,0.434
591500,0.561,0.003,0.436
592000,0.595,0.002,0.403
592500,0.530,0.003,0.467
593000,0.589,0.004,0.407
593500,0.597,0.004,0.399
594000,0.579,0.002,0.419
594500,0.556,0.002,0.442
595000,0.553,0.004,0.443
595500,0.541,0.006,0.453
596000,0.505,0.001,0.494
596500,0.505,0.000,0.495
597000,0.540,0.005,0.455
597500,0.492,0.011,0.497
598000,0.497,0.010,0.493
598500,0.489,0.009,0.502
599000,0.478,0.009,0.513
599500,0.556,0.004,0.440
600000,0.564,0.000,0.436
600500,0.564,0.002,0.434
601000,0.573,0.004,0.423
601500,0.608,0.008,0.384
602000,0.572,0.002,0.426
602500,0.537,0.002,0.461
603000,0.632,0.008,0.360
603500,0.736,0.000,0.264
604000,0.653,0.001,0.346
604500,0.699,0.000,0.301
605000,0.663,0.002,0.335
605500,0.648,0.000,0.352
606000,0.683,0.002,0.315
606500,0.664,0.000,0.336
607000,0.629,0.000,0.371
607500,0.580,0.003,0.417
608000,0.578,0.003,0.419
608500,0.565,0.002,0.433
609000,0.616,0.000,0.384
609500,0.631,0.002,0.367
610000,0.636,0.000,0.364
610500,0.638,0.000,0.362
611000,0.646,0.000,0.354
611500,0.580,0.000,0.420
612000,0.560,0.000,0.440
612500,0.549,0.002,0.449
613000,0.528,0.003,0.469
613500,0.500,0.013,0.487
614000,0.557,0.003,0.440
614500,0.548,0.003,0.449
615000,0.570,0.003,0.427
615500,0.500,0.013,0.487
616000,0.516,0.003,0.481
616500,0.478,0.007,0.515
617000,0.492,0.008,0.500
617500,0.518,0.004,0.478
618000,0.634,0.003,0.363
618500,0.583,0.019,0.398
619000,0.674,0.006,0.320
619500,0.629,0.001,0.370
620000,0.516,0.010,0.474
620500,0.539,0.006,0.455
621000,0.481,0.013,0.506
621500,0.471,0.006,0.523
622000,0.503,0.003,0.494
622500,0.492,0.003,0.505
623000,0.483,0.002,0.515
623500,0.412,0.005,0.583
624000,0.421,0.012,0.567
624500,0.413,0.012,0.575
625000,0.464,0.018,0.518
625500,0.422,0.007,0.571
626000,0.472,0.011,0.517
626500,0.421,0.005,0.574
627000,0.486,0.011,0.503
627500,0.500,0.007,0.493
628000,0.520,0.004,0.476
628500,0.516,0.007,0.477
629000,0.577,0.002,0.421
629500,0.557,0.007,0.436
630000,0.550,0.004,0.446
630500,0.505,0.005,0.490
631000,0.514,0.002,0.484
631500,0.554,0.001,0.445
632000,0.505,0.007,0.488
632500,0.526,0.002,0.472
633000,0.553,0.003,0.444
633500,0.485,0.006,0.509
634000,0.499,0.003,0.498
634500,0.520,0.012,0.468
635000,0.537,0.002,0.461
635500,0.521,0.007,0.472
636000,0.601,0.007,0.392
636500,0.530,0.002,0.468
637000,0.546,0.005,0.449
637500,0.571,0.004,0.425
638000,0.515,0.008,0.477
638500,0.483,0.007,0.510
639000,0.531,0.004,0.465
639500,0.493,0.007,0.500
640000,0.564,0.000,0.436
640500,0.544,0.001,0.455
641000,0.542,0.005,0.453
641500,0.585,0.002,0.413
642000,0.604,0.009,0.387
642500,0.633,0.002,0.365
643000,0.666,0.002,0.332
643500,0.627,0.004,0.369
644000,0.607,0.002,0.391
644500,0.627,0.003,0.370
645000,0.631,0.001,0.368
645500,0.593,0.002,0.405
646000,0.608,0.004,0.388
646500,0.523,0.008,0.469
647000,0.546,0.019,0.435
647500,0.553,0.009,0.438
648000,0.532,0.003,0.465
648500,0.540,0.005,0.455
649000,0.576,0.003,0.421
649500,0.606,0.001,0.393
650000,0.610,0.004,0.386
650500,0.584,0.004,0.412
651000,0.581,0.000,0.419
651500,0.619,0.002,0.379
652000,0.531,0.002,0.467
652500,0.483,0.011,0.506
653000,0.483,0.010,0.507
653500,0.503,0.004,0.493
654000,0.488,0.005,0.507
654500,0.489,0.007,0.504
655000,0.491,0.010,0.499
655500,0.508,0.007,0.485
656000,0.528,0.004,0.468
656500,0.579,0.008,0.413
657000,0.507,0.010,0.483
657500,0.591,0.004,0.405
658000,0.610,0.007,0.383
658500,0.552,0.003,0.445
659000,0.564,0.003,0.433
659500,0.608,0.001,0.391
660000,0.611,0.007,0.382
660500,0.536,0.014,0.450
661000,0.547,0.003,0.450
661500,0.476,0.011,0.513
662000,0.489,0.007,0.504
662500,0.485,0.008,0.507
663000,0.503,0.002,0.495
663500,0.553,0.007,0.440
664000,0.610,0.000,0.390
664500,0.599,0.000,0.401
665000,0.565,0.009,0.426
665500,0.548,0.003,0.449
666000,0.607,0.003,0.390
666500,0.550,0.000,0.450
667000,0.496,0.003,0.501
667500,0.473,0.004,0.523
668000,0.491,0.011,0.498
668500,0.469,0.014,0.517
669000,0.426,0.002,0.572
669500,0.428,0.012,0.560
670000,0.422,0.014,0.564
670500,0.432,0.004,0.564
671000,0.456,0.008,0.536
671500,0.498,0.005,0.497
672000,0.504,0.005,0.491
672500,0.462,0.009,0.529
673000,0.430,0.014,0.556
673500,0.439,0.010,0.551
674000,0.467,0.009,0.524
674500,0.535,0.004,0.461
675000,0.576,0.007,0.417
675500,0.589,0.001,0.410
676000,0.625,0.001,0.374
676500,0.577,0.002,0.421
677000,0.523,0.005,0.472
677500,0.556,0.005,0.439
678000,0.501,0.006,0.493
678500,0.485,0.008,0.507
679000,0.494,0.011,0.495
679500,0.457,0.010,0.533
680000,0.429,0.010,0.561
680500,0.464,0.011,0.525
681000,0.400,0.019,0.581
681500,0.436,0.008,0.556
682000,0.580,0.007,0.413
682500,0.574,0.001,0.425
683000,0.531,0.004,0.465
683500,0.560,0.007,0.433
684000,0.544,0.006,0.450
684500,0.550,0.006,0.444
685000,0.600,0.004,0.396
685500,0.624,0.004,0.372
686000,0.591,0.006,0.403
686500,0.541,0.008,0.451
687000,0.586,0.007,0.407
687500,0.570,0.003,0.427
688000,0.608,0.005,0.387
688500,0.577,0.001,0.422
689000,0.537,0.004,0.459
689500,0.577,0.004,0.419
690000,0.540,0.001,0.459
690500,0.568,0.003,0.429
691000,0.606,0.005,0.389
691500,0.664,0.006,0.330
692000,0.631,0.002,0.367
692500,0.631,0.000,0.369
693000,0.662,0.000,0.338
693500,0.674,0.001,0.325
694000,0.675,0.000,0.325
694500,0.667,0.001,0.332
695000,0.595,0.002,0.403
695500,0.612,0.001,0.387
696000,0.631,0.003,0.366
696500,0.628,0.000,0.372
697000,0.583,0.001,0.416
697500,0.589,0.001,0.410
698000,0.582,0.005,0.413
698500,0.552,0.002,0.446
699000,0.579,0.002,0.419
699500,0.616,0.002,0.382
700000,0.555,0.002,0.443
700500,0.490,0.001,0.509
701000,0.491,0.002,0.507
701500,0.468,0.003,0.529
702000,0.553,0.007,0.440
702500,0.572,0.002,0.426
703000,0.579,0.002,0.419
703500,0.598,0.007,0.395
704000,0.561,0.006,0.433
704500,0.539,0.002,0.459
705000,0.491,0.006,0.503
705500,0.431,0.007,0.562
706000,0.430,0.010,0.560
706500,0.428,0.012,0.560
707000,0.486,0.008,0.506
707500,0.530,0.004,0.466
708000,0.498,0.002,0.500
708500,0.520,0.005,0.475
709000,0.521,0.009,0.470
709500,0.521,0.006,0.473
710000,0.572,0.009,0.419
710500,0.501,0.008,0.491
711000,0.457,0.007,0.536
711500,0.444,0.010,0.546
712000,0.437,0.008,0.555
712500,0.489,0.005,0.506
713000,0.519,0.005,0.476
713500,0.534,0.000,0.466
714000,0.581,0.001,0.418
714500,0.623,0.009,0.368
715000,0.628,0.000,0.372
715500,0.583,0.002,0.415
716000,0.569,0.003,0.428
716500,0.592,0.007,0.401
717000,0.572,0.007,0.421
717500,0.618,0.000,0.382
718000,0.641,0.000,0.359
718500,0.579,0.007,0.414
719000,0.571,0.001,0.428
719500,0.585,0.003,0.412
720000,0.621,0.001,0.378
720500,0.601,0.002,0.397
721000,0.613,0.000,0.387
721500,0.653,0.000,0.347
722000,0.640,0.001,0.359
722500,0.571,0.003,0.426
723000,0.582,0.003,0.415
723500,0.563,0.004,0.433
724000,0.569,0.002,0.429
724500,0.600,0.001,0.399
725000,0.625,0.002,0.373
725500,0.547,0.002,0.451
726000,0.554,0.004,0.442
726500,0.595,0.008,0.397
727000,0.596,0.000,0.404
727500,0.610,0.002,0.388
728000,0.580,0.004,0.416
728500,0.605,0.004,0.391
729000,0.724,0.000,0.276
729500,0.668,0.001,0.331
730000,0.687,0.000,0.313
730500,0.727,0.002,0.271
731000,0.711,0.000,0.289
731500,0.640,0.000,0.360
732000,0.612,0.003,0.385
732500,0.586,0.008,0.406
733000,0.614,0.003,0.383
733500,0.613,0.001,0.386
734000,0.567,0.007,0.426
734500,0.614,0.000,0.386
735000,0.613,0.000,0.387
735500,0.673,0.000,0.327
736000,0.614,0.002,0.384
736500,0.629,0.000,0.371
737000,0.629,0.002,0.369
737500,0.664,0.000,0.336
738000,0.636,0.001,0.363
738500,0.635,0.000,0.365
739000,0.564,0.003,0.433
739500,0.566,0.005,0.429
740000,0.542,0.007,0.451
740500,0.476,0.002,0.522
741000,0.470,0.003,0.527
741500,0.517,0.005,0.478
742000,0.479,0.009,0.512
742500,0.514,0.008,0.478
743000,0.586,0.001,0.413
743500,0.549,0.000,0.451
744000,0.595,0.001,0.404
744500,0.693,0.003,0.304
745000,0.713,0.000,0.287
745500,0.648,0.003,0.349
746000,0.647,0.000,0.353
746500,0.657,0.000,0.343
747000,0.610,0.003,0.387
747500,0.598,0.002,0.400
748000,0.598,0.003,0.399
748500,0.603,0.002,0.395
749000,0.603,0.002,0.395
749500,0.603,0.003,0.394
750000,0.606,0.003,0.391
750500,0.590,0.000,0.410
751000,0.555,0.010,0.435
751500,0.538,0.002,0.460
752000,0.461,0.016,0.523
752500,0.523,0.006,0.471
753000,0.611,0.007,0.382
753500,0.598,0.002,0.400
754000,0.685,0.005,0.310
754500,0.669,0.000,0.331
755000,0.629,0.002,0.369
755500,0.574,0.014,0.412
756000,0.519,0.013,0.468
756500,0.471,0.007,0.522
757000,0.416,0.016,0.568
757500,0.504,0.014,0.482
758000,0.556,0.004,0.440
758500,0.591,0.006,0.403
759000,0.607,0.006,0.387
759500,0.560,0.005,0.435
760000,0.522,0.009,0.469
760500,0.548,0.005,0.447
761000,0.510,0.011,0.479
761500,0.537,0.005,0.458
762000,0.522,0.010,0.468
762500,0.548,0.005,0.447
763000,0.503,0.006,0.491
763500,0.542,0.005,0.453
764000,0.555,0.000,0.445
764500,0.542,0.005,0.453
765000,0.507,0.003,0.490
765500,0.549,0.003,0.448
766000,0.515,0.005,0.480
766500,0.462,0.007,0.531
767000,0.519,0.007,0.474
767500,0.536,0.005,0.459
768000,0.604,0.000,0.396
768500,0.612,0.001,0.387
769000,0.553,0.002,0.445
769500,0.495,0.003,0.502
770000,0.424,0.008,0.568
770500,0.550,0.009,0.441
771000,0.612,0.008,0.380
771500,0.551,0.005,0.444
772000,0.608,0.002,0.390
772500,0.630,0.002,0.368
773000,0.636,0.002,0.362
773500,0.593,0.000,0.407
774000,0.571,0.005,0.424
774500,0.535,0.004,0.461
775000,0.560,0.004,0.436
775500,0.620,0.001,0.379
776000,0.638,0.002,0.360
776500,0.663,0.004,0.333
777000,0.617,0.005,0.378
777500,0.527,0.008,0.465
778000,0.455,0.010,0.535
778500,0.513,0.006,0.481
779000,0.504,0.008,0.488
779500,0.504,0.012,0.484
780000,0.542,0.012,0.446
780500,0.593,0.001,0.406
781000,0.645,0.001,0.354
781500,0.610,0.000,0.390
782000,0.605,0.007,0.388
782500,0.597,0.001,0.402
783000,0.663,0.004,0.333
783500,0.585,0.001,0.414
784000,0.590,0.002,0.408
784500,0.636,0.003,0.361
785000,0.563,0.006,0.431
785500,0.554,0.005,0.441
786000,0.551,0.011,0.438
786500,0.535,0.005,0.460
787000,0.517,0.004,0.479
787500,0.530,0.002,0.468
788000,0.609,0.004,0.387
788500,0.577,0.003,0.420
789000,0.630,0.000,0.370
789500,0.599,0.001,0.400
790000,0.680,0.001,0.319
790500,0.703,0.002,0.295
791000,0.648,0.003,0.349
791500,0.558,0.003,0.439
792000,0.564,0.003,0.433
792500,0.572,0.005,0.423
793000,0.595,0.006,0.399
793500,0.584,0.010,0.406
794000,0.512,0.004,0.484
794500,0.534,0.006,0.460
795000,0.579,0.003,0.418
795500,0.597,0.004,0.399
796000,0.614,0.006,0.380
796500,0.590,0.004,0.406
797000,0.591,0.007,0.402
797500,0.520,0.006,0.474
798000,0.602,0.002,0.396
798500,0.620,0.000,0.380
799000,0.595,0.003,0.402
799500,0.597,0.004,0.399
800000,0.589,0.002,0.409
800500,0.493,0.002,0.505
801000,0.578,0.001,0.421
801500,0.578,0.000,0.422
802000,0.606,0.001,0.393
802500,0.610,0.002,0.388
803000,0.672,0.002,0.326
803500,0.601,0.001,0.398
