time,n_A+p,n_B,n_AB
100,0.404,0.525,0.070
200,0.382,0.516,0.102
300,0.369,0.494,0.137
400,0.360,0.483,0.157
500,0.345,0.481,0.174
600,0.326,0.491,0.183
700,0.328,0.472,0.200
800,0.324,0.462,0.215
900,0.319,0.459,0.223
1000,0.309,0.441,0.249
1100,0.312,0.444,0.244
1200,0.319,0.437,0.244
1300,0.323,0.427,0.250
1400,0.327,0.425,0.248
1500,0.316,0.410,0.275
1600,0.315,0.408,0.278
1700,0.312,0.417,0.272
1800,0.309,0.421,0.270
1900,0.302,0.414,0.284
2000,0.309,0.420,0.271
2100,0.308,0.408,0.284
2200,0.316,0.407,0.278
2300,0.309,0.423,0.268
2400,0.303,0.407,0.290
2500,0.291,0.403,0.305
2600,0.281,0.397,0.322
2700,0.277,0.395,0.328
2800,0.275,0.393,0.332
2900,0.276,0.394,0.330
3000,0.280,0.396,0.324
3100,0.280,0.375,0.345
3200,0.279,0.378,0.343
3300,0.289,0.376,0.335
3400,0.275,0.361,0.365
3500,0.282,0.359,0.360
3600,0.281,0.360,0.360
3700,0.272,0.358,0.371
3800,0.269,0.350,0.381
3900,0.275,0.343,0.382
4000,0.263,0.348,0.389
4100,0.250,0.345,0.404
4200,0.256,0.350,0.393
4300,0.277,0.349,0.374
4400,0.269,0.346,0.385
4500,0.261,0.343,0.395
4600,0.257,0.345,0.397
4700,0.266,0.338,0.396
4800,0.271,0.341,0.388
4900,0.263,0.337,0.400
5000,0.259,0.341,0.399
5100,0.263,0.332,0.406
5200,0.263,0.326,0.412
5300,0.261,0.326,0.413
5400,0.254,0.330,0.416
5500,0.258,0.342,0.399
5600,0.250,0.331,0.419
5700,0.282,0.338,0.380
5800,0.279,0.326,0.395
5900,0.273,0.327,0.400
6000,0.267,0.345,0.388
6100,0.254,0.348,0.397
6200,0.256,0.353,0.390
6300,0.253,0.369,0.378
6400,0.243,0.358,0.399
6500,0.245,0.358,0.397
6600,0.237,0.359,0.404
6700,0.242,0.355,0.402
6800,0.232,0.359,0.410
6900,0.234,0.352,0.414
7000,0.236,0.347,0.417
7100,0.246,0.341,0.413
7200,0.245,0.329,0.426
7300,0.243,0.341,0.416
7400,0.242,0.336,0.422
7500,0.252,0.331,0.417
7600,0.259,0.328,0.413
7700,0.261,0.335,0.403
7800,0.261,0.350,0.388
7900,0.261,0.346,0.392
8000,0.252,0.337,0.411
8100,0.247,0.349,0.403
8200,0.246,0.352,0.401
8300,0.243,0.341,0.416
8400,0.254,0.337,0.409
8500,0.265,0.334,0.401
8600,0.252,0.329,0.419
8700,0.256,0.336,0.408
8800,0.248,0.334,0.418
8900,0.246,0.328,0.426
9000,0.252,0.319,0.429
9100,0.250,0.311,0.439
9200,0.249,0.304,0.446
9300,0.246,0.299,0.455
9400,0.242,0.300,0.458
9500,0.249,0.308,0.442
9600,0.252,0.311,0.437
9700,0.248,0.312,0.440
9800,0.252,0.309,0.438
9900,0.265,0.297,0.438
10000,0.264,0.297,0.439
10100,0.266,0.289,0.445
10200,0.261,0.290,0.448
10300,0.259,0.303,0.437
10400,0.251,0.296,0.453
10500,0.246,0.296,0.458
10600,0.251,0.292,0.457
10700,0.252,0.285,0.463
10800,0.250,0.283,0.467
10900,0.263,0.278,0.460
11000,0.261,0.277,0.462
11100,0.274,0.284,0.442
11200,0.270,0.283,0.447
11300,0.268,0.292,0.440
11400,0.255,0.289,0.456
11500,0.254,0.304,0.441
11600,0.247,0.321,0.432
11700,0.256,0.321,0.423
11800,0.256,0.312,0.432
11900,0.252,0.313,0.435
12000,0.244,0.307,0.448
12100,0.237,0.303,0.460
12200,0.243,0.302,0.455
12300,0.238,0.300,0.462
12400,0.228,0.309,0.463
12500,0.231,0.308,0.461
12600,0.246,0.298,0.456
12700,0.253,0.301,0.445
12800,0.247,0.312,0.441
12900,0.241,0.317,0.442
13000,0.241,0.331,0.428
13100,0.257,0.322,0.421
13200,0.259,0.323,0.418
13300,0.271,0.315,0.415
13400,0.265,0.316,0.420
13500,0.261,0.318,0.421
13600,0.256,0.313,0.431
13700,0.257,0.311,0.432
13800,0.246,0.314,0.440
13900,0.242,0.315,0.443
14000,0.246,0.320,0.434
14100,0.236,0.349,0.415
14200,0.245,0.346,0.409
14300,0.242,0.333,0.425
14400,0.242,0.321,0.437
14500,0.240,0.319,0.441
14600,0.256,0.309,0.434
14700,0.255,0.312,0.433
14800,0.247,0.308,0.444
14900,0.245,0.312,0.443
15000,0.247,0.306,0.446
15100,0.241,0.332,0.427
15200,0.235,0.340,0.425
15300,0.234,0.336,0.430
15400,0.231,0.327,0.442
15500,0.227,0.327,0.446
15600,0.226,0.317,0.458
15700,0.236,0.316,0.448
15800,0.232,0.305,0.463
15900,0.233,0.302,0.465
16000,0.234,0.314,0.453
16100,0.229,0.319,0.453
16200,0.233,0.322,0.445
16300,0.227,0.326,0.447
16400,0.225,0.311,0.465
16500,0.222,0.309,0.469
16600,0.221,0.311,0.469
16700,0.221,0.307,0.472
16800,0.224,0.311,0.466
16900,0.221,0.315,0.465
17000,0.220,0.312,0.469
17100,0.220,0.307,0.473
17200,0.215,0.304,0.481
17300,0.222,0.298,0.480
17400,0.224,0.298,0.478
17500,0.223,0.306,0.471
17600,0.229,0.309,0.462
17700,0.223,0.305,0.472
17800,0.223,0.300,0.477
17900,0.233,0.302,0.465
18000,0.233,0.299,0.468
18100,0.227,0.303,0.470
18200,0.227,0.324,0.449
18300,0.225,0.313,0.463
18400,0.231,0.292,0.477
18500,0.227,0.292,0.481
18600,0.244,0.272,0.484
18700,0.241,0.270,0.489
18800,0.249,0.269,0.482
18900,0.244,0.277,0.479
19000,0.244,0.280,0.476
19100,0.244,0.273,0.483
19200,0.243,0.261,0.495
19300,0.248,0.256,0.495
19400,0.241,0.259,0.499
19500,0.255,0.248,0.496
19600,0.228,0.245,0.527
19700,0.224,0.250,0.526
19800,0.225,0.250,0.525
19900,0.225,0.257,0.518
20000,0.216,0.265,0.520
20100,0.212,0.264,0.524
20200,0.223,0.265,0.513
20300,0.224,0.266,0.511
20400,0.226,0.269,0.506
20500,0.224,0.268,0.509
20600,0.221,0.259,0.520
20700,0.220,0.272,0.509
20800,0.216,0.273,0.512
20900,0.217,0.261,0.522
21000,0.219,0.258,0.523
21100,0.223,0.253,0.524
21200,0.227,0.252,0.521
21300,0.220,0.264,0.517
21400,0.225,0.267,0.509
21500,0.226,0.281,0.493
21600,0.225,0.283,0.492
21700,0.219,0.277,0.505
21800,0.213,0.276,0.511
21900,0.200,0.298,0.502
22000,0.210,0.292,0.497
22100,0.210,0.282,0.508
22200,0.207,0.292,0.501
22300,0.212,0.293,0.494
22400,0.215,0.286,0.499
22500,0.207,0.292,0.501
22600,0.197,0.300,0.503
22700,0.191,0.319,0.490
22800,0.191,0.318,0.491
22900,0.191,0.316,0.493
23000,0.198,0.314,0.488
23100,0.190,0.318,0.492
23200,0.204,0.308,0.487
23300,0.200,0.302,0.497
23400,0.204,0.294,0.502
23500,0.201,0.279,0.520
23600,0.200,0.277,0.523
23700,0.205,0.285,0.510
23800,0.229,0.283,0.488
23900,0.218,0.290,0.492
24000,0.219,0.276,0.506
24100,0.209,0.275,0.516
24200,0.206,0.280,0.514
24300,0.211,0.296,0.492
24400,0.210,0.304,0.485
24500,0.205,0.301,0.493
24600,0.203,0.305,0.491
24700,0.192,0.302,0.506
24800,0.204,0.302,0.493
24900,0.193,0.308,0.498
25000,0.205,0.319,0.476
25100,0.198,0.314,0.488
25200,0.203,0.308,0.488
25300,0.194,0.307,0.498
25400,0.196,0.301,0.503
25500,0.187,0.305,0.508
25600,0.181,0.305,0.514
25700,0.182,0.304,0.514
25800,0.178,0.317,0.506
25900,0.181,0.294,0.525
26000,0.179,0.295,0.526
26100,0.176,0.288,0.536
26200,0.183,0.284,0.533
26300,0.184,0.270,0.546
26400,0.200,0.266,0.534
26500,0.199,0.278,0.523
26600,0.200,0.287,0.513
26700,0.194,0.287,0.519
26800,0.200,0.284,0.516
26900,0.202,0.283,0.515
27000,0.197,0.292,0.511
27100,0.202,0.289,0.509
27200,0.198,0.293,0.509
27300,0.193,0.305,0.502
27400,0.191,0.318,0.491
27500,0.199,0.302,0.498
27600,0.203,0.298,0.498
27700,0.226,0.288,0.486
27800,0.229,0.289,0.482
27900,0.223,0.281,0.496
28000,0.238,0.301,0.461
28100,0.240,0.305,0.455
28200,0.238,0.306,0.456
28300,0.236,0.298,0.466
28400,0.243,0.291,0.466
28500,0.237,0.296,0.467
28600,0.230,0.292,0.478
28700,0.222,0.285,0.493
28800,0.238,0.278,0.484
28900,0.225,0.291,0.484
29000,0.222,0.289,0.489
29100,0.222,0.296,0.482
29200,0.227,0.283,0.490
29300,0.223,0.285,0.492
29400,0.228,0.280,0.492
29500,0.237,0.279,0.484
29600,0.225,0.289,0.486
29700,0.225,0.289,0.486
29800,0.227,0.282,0.491
29900,0.237,0.291,0.472
30000,0.234,0.288,0.478
30100,0.239,0.284,0.477
30200,0.236,0.273,0.491
30300,0.237,0.279,0.484
30400,0.228,0.286,0.486
30500,0.242,0.287,0.471
30600,0.247,0.280,0.473
30700,0.250,0.283,0.467
30800,0.256,0.259,0.484
30900,0.253,0.267,0.480
31000,0.257,0.260,0.482
31100,0.257,0.255,0.487
31200,0.260,0.245,0.494
31300,0.235,0.270,0.495
31400,0.240,0.266,0.494
31500,0.239,0.267,0.494
31600,0.241,0.269,0.490
31700,0.237,0.274,0.489
31800,0.235,0.264,0.502
31900,0.234,0.269,0.497
32000,0.230,0.278,0.492
32100,0.226,0.279,0.495
32200,0.239,0.270,0.491
32300,0.251,0.261,0.487
32400,0.248,0.274,0.478
32500,0.240,0.268,0.492
32600,0.244,0.260,0.495
32700,0.242,0.268,0.490
32800,0.232,0.260,0.508
32900,0.227,0.261,0.512
33000,0.228,0.272,0.501
33100,0.220,0.257,0.523
33200,0.222,0.255,0.523
33300,0.211,0.265,0.524
33400,0.208,0.265,0.527
33500,0.210,0.270,0.520
33600,0.209,0.275,0.516
33700,0.218,0.266,0.517
33800,0.221,0.258,0.521
33900,0.216,0.270,0.515
34000,0.204,0.271,0.525
34100,0.202,0.276,0.522
34200,0.198,0.277,0.525
34300,0.202,0.282,0.516
34400,0.201,0.277,0.522
34500,0.213,0.268,0.519
34600,0.206,0.275,0.519
34700,0.199,0.263,0.538
34800,0.197,0.277,0.526
34900,0.196,0.284,0.520
35000,0.198,0.291,0.511
35100,0.202,0.293,0.505
35200,0.197,0.302,0.501
35300,0.203,0.306,0.490
35400,0.198,0.300,0.502
35500,0.190,0.296,0.514
35600,0.196,0.293,0.511
35700,0.184,0.286,0.530
35800,0.187,0.291,0.522
35900,0.188,0.279,0.533
36000,0.211,0.275,0.514
36100,0.217,0.277,0.507
36200,0.219,0.275,0.507
36300,0.200,0.274,0.526
36400,0.200,0.272,0.528
36500,0.201,0.284,0.515
36600,0.197,0.282,0.521
36700,0.199,0.282,0.519
36800,0.183,0.282,0.535
36900,0.177,0.299,0.524
37000,0.172,0.305,0.523
37100,0.174,0.311,0.516
37200,0.186,0.300,0.514
37300,0.182,0.314,0.505
37400,0.177,0.313,0.511
37500,0.176,0.308,0.516
37600,0.170,0.317,0.514
37700,0.181,0.317,0.503
37800,0.183,0.317,0.501
37900,0.173,0.351,0.476
38000,0.181,0.353,0.466
38100,0.178,0.355,0.467
38200,0.177,0.343,0.480
38300,0.187,0.341,0.472
38400,0.189,0.338,0.473
38500,0.187,0.337,0.476
38600,0.176,0.336,0.488
38700,0.171,0.335,0.494
38800,0.170,0.350,0.480
38900,0.163,0.339,0.497
39000,0.173,0.337,0.490
39100,0.172,0.333,0.495
39200,0.171,0.336,0.493
39300,0.168,0.344,0.488
39400,0.162,0.346,0.491
39500,0.166,0.342,0.491
39600,0.180,0.354,0.466
39700,0.187,0.342,0.471
39800,0.176,0.342,0.482
39900,0.169,0.347,0.484
40000,0.169,0.335,0.496
40100,0.181,0.323,0.496
40200,0.183,0.316,0.502
40300,0.185,0.317,0.498
40400,0.188,0.317,0.495
40500,0.188,0.316,0.496
40600,0.174,0.338,0.488
40700,0.161,0.348,0.490
40800,0.161,0.358,0.481
40900,0.165,0.359,0.476
41000,0.161,0.348,0.490
41100,0.169,0.350,0.481
41200,0.188,0.344,0.468
41300,0.176,0.361,0.464
41400,0.165,0.354,0.480
41500,0.197,0.345,0.458
41600,0.202,0.346,0.451
41700,0.203,0.343,0.454
41800,0.205,0.343,0.451
41900,0.197,0.352,0.450
42000,0.194,0.352,0.454
42100,0.190,0.341,0.469
42200,0.188,0.337,0.475
42300,0.210,0.329,0.461
42400,0.210,0.317,0.473
42500,0.212,0.305,0.482
42600,0.226,0.304,0.470
42700,0.218,0.335,0.447
42800,0.223,0.329,0.448
42900,0.216,0.323,0.462
43000,0.203,0.330,0.467
43100,0.195,0.330,0.475
43200,0.196,0.328,0.476
43300,0.197,0.323,0.480
43400,0.190,0.330,0.480
43500,0.183,0.322,0.495
43600,0.192,0.326,0.482
43700,0.196,0.324,0.480
43800,0.193,0.321,0.486
43900,0.192,0.323,0.485
44000,0.188,0.325,0.487
44100,0.191,0.319,0.490
44200,0.199,0.316,0.485
44300,0.199,0.320,0.481
44400,0.193,0.318,0.489
44500,0.192,0.331,0.477
44600,0.191,0.322,0.487
44700,0.182,0.327,0.491
44800,0.169,0.335,0.496
44900,0.174,0.342,0.484
45000,0.164,0.332,0.504
45100,0.166,0.332,0.502
45200,0.169,0.331,0.501
45300,0.164,0.321,0.515
45400,0.169,0.320,0.512
45500,0.165,0.337,0.497
45600,0.185,0.329,0.486
45700,0.176,0.329,0.495
45800,0.178,0.340,0.482
45900,0.169,0.337,0.494
46000,0.169,0.338,0.493
46100,0.162,0.340,0.497
46200,0.163,0.343,0.493
46300,0.161,0.337,0.502
46400,0.149,0.338,0.513
46500,0.159,0.341,0.499
46600,0.157,0.338,0.505
46700,0.148,0.343,0.509
46800,0.151,0.332,0.517
46900,0.157,0.333,0.510
47000,0.152,0.328,0.520
47100,0.149,0.328,0.523
47200,0.156,0.335,0.509
47300,0.153,0.335,0.512
47400,0.155,0.327,0.518
47500,0.164,0.326,0.510
47600,0.169,0.320,0.512
47700,0.163,0.321,0.516
47800,0.162,0.320,0.518
47900,0.154,0.312,0.534
48000,0.158,0.312,0.530
48100,0.154,0.305,0.540
48200,0.164,0.313,0.523
48300,0.169,0.305,0.526
48400,0.164,0.320,0.516
48500,0.161,0.325,0.514
48600,0.162,0.324,0.514
48700,0.168,0.335,0.497
48800,0.166,0.328,0.506
48900,0.169,0.328,0.504
49000,0.165,0.323,0.512
49100,0.153,0.326,0.521
49200,0.168,0.327,0.506
49300,0.181,0.314,0.506
49400,0.180,0.318,0.503
49500,0.180,0.324,0.496
49600,0.174,0.324,0.503
49700,0.170,0.317,0.514
49800,0.171,0.312,0.518
49900,0.166,0.322,0.512
50000,0.168,0.336,0.496
50100,0.173,0.322,0.506
50200,0.201,0.318,0.481
50300,0.191,0.318,0.491
50400,0.186,0.322,0.492
50500,0.190,0.325,0.485
50600,0.186,0.324,0.490
50700,0.180,0.322,0.498
50800,0.181,0.314,0.506
50900,0.182,0.332,0.486
51000,0.179,0.322,0.499
51100,0.169,0.322,0.510
51200,0.174,0.322,0.505
51300,0.171,0.320,0.510
51400,0.175,0.318,0.508
51500,0.168,0.320,0.513
51600,0.171,0.313,0.517
51700,0.175,0.312,0.514
51800,0.176,0.304,0.520
51900,0.168,0.316,0.517
52000,0.164,0.315,0.521
52100,0.165,0.305,0.529
52200,0.161,0.278,0.561
52300,0.169,0.280,0.552
52400,0.174,0.278,0.549
52500,0.173,0.271,0.557
52600,0.182,0.273,0.545
52700,0.184,0.273,0.543
52800,0.181,0.276,0.543
52900,0.177,0.272,0.552
53000,0.165,0.280,0.555
53100,0.187,0.277,0.536
53200,0.187,0.281,0.532
53300,0.183,0.283,0.534
53400,0.184,0.288,0.528
53500,0.183,0.279,0.538
53600,0.178,0.283,0.539
53700,0.170,0.287,0.543
53800,0.173,0.283,0.544
53900,0.168,0.283,0.550
54000,0.168,0.285,0.547
54100,0.185,0.289,0.526
54200,0.186,0.283,0.531
54300,0.175,0.278,0.547
54400,0.179,0.265,0.557
54500,0.183,0.273,0.544
54600,0.187,0.272,0.541
54700,0.181,0.276,0.543
54800,0.176,0.265,0.560
54900,0.185,0.263,0.553
55000,0.197,0.258,0.544
55100,0.194,0.266,0.540
55200,0.193,0.277,0.530
55300,0.212,0.288,0.499
55400,0.205,0.298,0.496
55500,0.209,0.288,0.503
55600,0.220,0.271,0.510
55700,0.209,0.275,0.516
55800,0.205,0.276,0.519
55900,0.197,0.276,0.527
56000,0.208,0.272,0.520
56100,0.203,0.282,0.515
56200,0.192,0.269,0.539
56300,0.198,0.259,0.542
56400,0.202,0.259,0.538
56500,0.204,0.268,0.528
56600,0.208,0.268,0.524
56700,0.231,0.275,0.494
56800,0.222,0.282,0.496
56900,0.206,0.269,0.525
57000,0.206,0.275,0.519
57100,0.202,0.287,0.511
57200,0.198,0.288,0.514
57300,0.197,0.271,0.532
57400,0.199,0.267,0.534
57500,0.211,0.269,0.520
57600,0.206,0.258,0.535
57700,0.210,0.267,0.523
57800,0.208,0.276,0.516
57900,0.203,0.273,0.524
58000,0.204,0.290,0.506
58100,0.202,0.288,0.510
58200,0.198,0.282,0.520
58300,0.196,0.275,0.529
58400,0.190,0.281,0.529
58500,0.198,0.271,0.531
58600,0.208,0.270,0.522
58700,0.205,0.269,0.526
58800,0.197,0.272,0.531
58900,0.195,0.274,0.531
59000,0.222,0.266,0.513
59100,0.219,0.268,0.514
59200,0.220,0.270,0.511
59300,0.230,0.274,0.496
59400,0.219,0.269,0.513
59500,0.223,0.270,0.508
59600,0.216,0.259,0.525
59700,0.212,0.256,0.531
59800,0.212,0.257,0.530
59900,0.217,0.274,0.510
60000,0.210,0.269,0.521
60100,0.207,0.271,0.522
60200,0.212,0.275,0.513
60300,0.213,0.270,0.517
60400,0.233,0.260,0.507
60500,0.226,0.266,0.509
60600,0.216,0.259,0.525
60700,0.217,0.255,0.528
60800,0.215,0.267,0.519
60900,0.208,0.270,0.522
61000,0.209,0.274,0.517
61100,0.206,0.276,0.518
61200,0.194,0.268,0.538
61300,0.190,0.272,0.538
61400,0.212,0.263,0.525
61500,0.215,0.274,0.512
61600,0.203,0.283,0.514
61700,0.208,0.271,0.521
61800,0.207,0.284,0.509
61900,0.200,0.283,0.517
62000,0.204,0.285,0.511
62100,0.184,0.285,0.531
62200,0.218,0.274,0.509
62300,0.247,0.267,0.486
62400,0.234,0.258,0.508
62500,0.231,0.268,0.502
62600,0.238,0.266,0.496
62700,0.225,0.277,0.498
62800,0.242,0.282,0.476
62900,0.249,0.278,0.473
63000,0.259,0.270,0.471
63100,0.258,0.274,0.468
63200,0.245,0.272,0.483
63300,0.248,0.271,0.481
63400,0.246,0.269,0.485
63500,0.241,0.255,0.504
63600,0.228,0.263,0.510
63700,0.243,0.245,0.512
63800,0.249,0.248,0.503
63900,0.260,0.254,0.485
64000,0.250,0.259,0.490
64100,0.238,0.272,0.490
64200,0.244,0.271,0.485
64300,0.240,0.266,0.494
64400,0.236,0.264,0.501
64500,0.236,0.253,0.511
64600,0.241,0.253,0.506
64700,0.242,0.256,0.502
64800,0.256,0.247,0.496
64900,0.244,0.249,0.507
65000,0.245,0.250,0.505
65100,0.240,0.250,0.510
65200,0.241,0.242,0.517
65300,0.247,0.243,0.510
65400,0.236,0.238,0.526
65500,0.231,0.236,0.533
65600,0.255,0.240,0.505
65700,0.255,0.247,0.497
65800,0.246,0.246,0.508
65900,0.236,0.265,0.499
66000,0.237,0.267,0.496
66100,0.236,0.269,0.495
66200,0.230,0.261,0.509
66300,0.226,0.252,0.522
66400,0.231,0.261,0.508
66500,0.231,0.258,0.511
66600,0.236,0.249,0.515
66700,0.241,0.242,0.517
66800,0.235,0.241,0.524
66900,0.238,0.235,0.527
67000,0.232,0.244,0.524
67100,0.240,0.241,0.519
67200,0.247,0.240,0.513
67300,0.245,0.242,0.513
67400,0.239,0.244,0.517
67500,0.240,0.236,0.524
67600,0.246,0.245,0.509
67700,0.246,0.248,0.506
67800,0.247,0.247,0.506
67900,0.243,0.252,0.505
68000,0.254,0.237,0.509
68100,0.244,0.248,0.508
68200,0.246,0.257,0.496
68300,0.230,0.257,0.513
68400,0.236,0.248,0.516
68500,0.243,0.245,0.512
68600,0.230,0.234,0.536
68700,0.232,0.231,0.537
68800,0.230,0.231,0.539
68900,0.222,0.225,0.554
69000,0.226,0.217,0.558
69100,0.221,0.217,0.563
69200,0.223,0.221,0.557
69300,0.212,0.216,0.572
69400,0.218,0.225,0.558
69500,0.218,0.230,0.553
69600,0.217,0.224,0.560
69700,0.218,0.236,0.546
69800,0.210,0.233,0.557
69900,0.240,0.238,0.522
70000,0.237,0.237,0.526
70100,0.232,0.228,0.540
70200,0.221,0.234,0.545
70300,0.212,0.240,0.547
70400,0.221,0.236,0.543
70500,0.226,0.239,0.535
70600,0.231,0.230,0.539
70700,0.235,0.225,0.540
70800,0.230,0.219,0.552
70900,0.223,0.223,0.555
71000,0.217,0.240,0.543
71100,0.216,0.240,0.544
71200,0.218,0.235,0.547
71300,0.219,0.255,0.526
71400,0.211,0.263,0.526
71500,0.205,0.270,0.525
71600,0.199,0.266,0.535
71700,0.203,0.273,0.524
71800,0.200,0.250,0.550
71900,0.205,0.258,0.536
72000,0.201,0.255,0.543
72100,0.190,0.271,0.539
72200,0.185,0.265,0.551
72300,0.188,0.267,0.545
72400,0.200,0.263,0.537
72500,0.202,0.264,0.534
72600,0.211,0.257,0.531
72700,0.209,0.247,0.543
72800,0.210,0.251,0.538
72900,0.211,0.241,0.547
73000,0.206,0.258,0.535
73100,0.204,0.261,0.534
73200,0.223,0.255,0.522
73300,0.220,0.248,0.532
73400,0.229,0.247,0.524
73500,0.233,0.249,0.518
73600,0.221,0.264,0.516
73700,0.223,0.253,0.524
73800,0.225,0.277,0.498
73900,0.230,0.289,0.481
74000,0.228,0.289,0.483
74100,0.217,0.286,0.497
74200,0.215,0.281,0.505
74300,0.221,0.266,0.514
74400,0.218,0.260,0.522
74500,0.210,0.266,0.524
74600,0.219,0.250,0.531
74700,0.211,0.259,0.529
74800,0.204,0.264,0.532
74900,0.210,0.250,0.539
75000,0.230,0.240,0.530
75100,0.225,0.243,0.532
75200,0.223,0.238,0.539
75300,0.228,0.242,0.530
75400,0.224,0.238,0.538
75500,0.233,0.242,0.525
75600,0.231,0.241,0.528
75700,0.223,0.238,0.539
75800,0.217,0.235,0.549
75900,0.216,0.232,0.553
76000,0.220,0.231,0.550
76100,0.219,0.232,0.550
76200,0.221,0.232,0.547
76300,0.231,0.229,0.540
76400,0.243,0.224,0.533
76500,0.235,0.256,0.509
76600,0.235,0.249,0.516
76700,0.236,0.255,0.509
76800,0.233,0.267,0.501
76900,0.230,0.266,0.505
77000,0.231,0.273,0.496
77100,0.226,0.272,0.503
77200,0.218,0.273,0.510
77300,0.226,0.264,0.511
77400,0.224,0.283,0.493
77500,0.233,0.273,0.494
77600,0.217,0.270,0.514
77700,0.216,0.274,0.511
77800,0.224,0.276,0.501
77900,0.228,0.276,0.496
78000,0.230,0.274,0.496
78100,0.219,0.266,0.516
78200,0.216,0.266,0.519
78300,0.221,0.277,0.503
78400,0.218,0.273,0.510
78500,0.218,0.268,0.515
78600,0.207,0.261,0.531
78700,0.202,0.264,0.534
78800,0.201,0.255,0.543
78900,0.197,0.261,0.541
79000,0.193,0.260,0.546
79100,0.189,0.261,0.550
79200,0.185,0.263,0.553
79300,0.180,0.255,0.565
79400,0.197,0.252,0.551
79500,0.209,0.257,0.533
79600,0.210,0.251,0.538
79700,0.205,0.248,0.546
79800,0.198,0.242,0.560
79900,0.220,0.237,0.543
80000,0.206,0.235,0.559
80100,0.221,0.234,0.545
80200,0.217,0.236,0.547
80300,0.216,0.233,0.552
80400,0.208,0.226,0.566
80500,0.220,0.229,0.552
80600,0.226,0.233,0.541
80700,0.222,0.231,0.547
80800,0.223,0.226,0.552
80900,0.220,0.222,0.559
81000,0.221,0.229,0.551
81100,0.223,0.233,0.544
81200,0.221,0.242,0.537
81300,0.220,0.236,0.544
81400,0.221,0.220,0.560
81500,0.230,0.216,0.555
81600,0.235,0.223,0.542
81700,0.240,0.221,0.539
81800,0.234,0.219,0.547
81900,0.240,0.215,0.545
82000,0.229,0.226,0.545
82100,0.227,0.224,0.550
82200,0.222,0.217,0.562
82300,0.230,0.217,0.554
82400,0.236,0.211,0.553
82500,0.245,0.201,0.554
82600,0.238,0.221,0.541
82700,0.256,0.211,0.532
82800,0.252,0.212,0.535
82900,0.248,0.205,0.546
83000,0.239,0.205,0.556
83100,0.237,0.217,0.546
83200,0.254,0.219,0.527
83300,0.269,0.222,0.510
83400,0.263,0.217,0.521
83500,0.257,0.210,0.532
83600,0.253,0.200,0.546
83700,0.244,0.199,0.557
83800,0.236,0.201,0.563
83900,0.230,0.219,0.552
84000,0.221,0.229,0.551
84100,0.239,0.205,0.556
84200,0.248,0.204,0.547
84300,0.231,0.206,0.563
84400,0.232,0.203,0.565
84500,0.251,0.209,0.539
84600,0.248,0.217,0.535
84700,0.240,0.226,0.534
84800,0.229,0.224,0.547
84900,0.229,0.239,0.532
85000,0.219,0.238,0.543
85100,0.220,0.236,0.544
85200,0.227,0.240,0.533
85300,0.227,0.234,0.539
85400,0.227,0.229,0.544
85500,0.235,0.218,0.547
85600,0.240,0.225,0.535
85700,0.238,0.218,0.544
85800,0.243,0.216,0.541
85900,0.233,0.215,0.553
86000,0.237,0.213,0.550
86100,0.239,0.219,0.542
86200,0.250,0.218,0.532
86300,0.243,0.211,0.545
86400,0.241,0.222,0.537
86500,0.230,0.224,0.546
86600,0.235,0.216,0.550
86700,0.233,0.231,0.536
86800,0.226,0.226,0.549
86900,0.223,0.228,0.550
87000,0.238,0.216,0.546
87100,0.227,0.217,0.557
87200,0.227,0.228,0.545
87300,0.239,0.227,0.534
87400,0.231,0.215,0.555
87500,0.243,0.222,0.535
87600,0.244,0.235,0.521
87700,0.229,0.239,0.532
87800,0.225,0.234,0.541
87900,0.209,0.234,0.557
88000,0.216,0.230,0.555
88100,0.213,0.238,0.549
88200,0.221,0.226,0.554
88300,0.223,0.229,0.549
88400,0.226,0.233,0.541
88500,0.221,0.232,0.547
88600,0.222,0.230,0.549
88700,0.228,0.226,0.546
88800,0.210,0.212,0.577
88900,0.205,0.220,0.575
89000,0.187,0.226,0.587
89100,0.194,0.223,0.583
89200,0.197,0.222,0.581
89300,0.202,0.223,0.575
89400,0.213,0.221,0.566
89500,0.210,0.221,0.569
89600,0.217,0.218,0.566
89700,0.204,0.237,0.559
89800,0.222,0.212,0.566
89900,0.219,0.220,0.562
90000,0.208,0.227,0.565
90100,0.212,0.234,0.554
90200,0.204,0.250,0.545
90300,0.196,0.255,0.549
90400,0.193,0.257,0.550
90500,0.183,0.255,0.562
90600,0.182,0.253,0.565
90700,0.186,0.259,0.555
90800,0.185,0.250,0.565
90900,0.175,0.270,0.556
91000,0.180,0.264,0.557
91100,0.184,0.253,0.563
91200,0.189,0.248,0.563
91300,0.184,0.256,0.560
91400,0.181,0.266,0.554
91500,0.184,0.268,0.549
91600,0.176,0.267,0.558
91700,0.177,0.263,0.561
91800,0.181,0.269,0.551
91900,0.179,0.268,0.554
92000,0.172,0.287,0.541
92100,0.173,0.283,0.544
92200,0.159,0.289,0.552
92300,0.166,0.274,0.560
92400,0.174,0.266,0.561
92500,0.171,0.269,0.561
92600,0.166,0.267,0.567
92700,0.168,0.263,0.570
92800,0.175,0.274,0.552
92900,0.182,0.282,0.536
93000,0.171,0.297,0.532
93100,0.174,0.296,0.530
93200,0.166,0.301,0.532
93300,0.168,0.294,0.538
93400,0.171,0.298,0.531
93500,0.169,0.306,0.525
93600,0.168,0.300,0.532
93700,0.174,0.293,0.533
93800,0.175,0.293,0.532
93900,0.180,0.286,0.534
94000,0.178,0.280,0.542
94100,0.185,0.276,0.539
94200,0.182,0.282,0.536
94300,0.184,0.291,0.525
94400,0.196,0.283,0.521
94500,0.212,0.271,0.517
94600,0.206,0.265,0.529
94700,0.211,0.248,0.540
94800,0.209,0.245,0.545
94900,0.213,0.250,0.536
95000,0.209,0.255,0.535
95100,0.205,0.260,0.534
95200,0.198,0.255,0.546
95300,0.206,0.257,0.536
95400,0.195,0.257,0.547
95500,0.192,0.248,0.560
95600,0.194,0.252,0.554
95700,0.183,0.254,0.563
95800,0.180,0.255,0.565
95900,0.174,0.271,0.556
96000,0.174,0.275,0.552
96100,0.180,0.265,0.556
96200,0.176,0.256,0.568
96300,0.181,0.256,0.563
96400,0.173,0.271,0.557
96500,0.174,0.265,0.562
96600,0.175,0.272,0.554
96700,0.199,0.272,0.529
96800,0.201,0.272,0.527
96900,0.197,0.275,0.528
97000,0.174,0.269,0.558
97100,0.178,0.276,0.546
97200,0.183,0.274,0.543
97300,0.170,0.272,0.559
97400,0.177,0.264,0.560
97500,0.182,0.257,0.561
97600,0.173,0.258,0.569
97700,0.184,0.261,0.555
97800,0.182,0.256,0.562
97900,0.185,0.255,0.560
98000,0.195,0.259,0.545
98100,0.194,0.260,0.545
98200,0.205,0.255,0.539
98300,0.196,0.261,0.542
98400,0.202,0.257,0.540
98500,0.199,0.256,0.544
98600,0.208,0.251,0.540
98700,0.215,0.255,0.530
98800,0.220,0.258,0.522
98900,0.216,0.260,0.524
99000,0.221,0.263,0.517
99100,0.213,0.260,0.526
99200,0.221,0.260,0.519
99300,0.221,0.255,0.524
99400,0.220,0.258,0.522
99500,0.225,0.261,0.514
99600,0.236,0.251,0.513
99700,0.238,0.244,0.518
99800,0.236,0.248,0.516
99900,0.226,0.240,0.534
100000,0.222,0.244,0.534
100100,0.213,0.242,0.544
100200,0.219,0.239,0.542
100300,0.233,0.249,0.518
100400,0.235,0.248,0.517
100500,0.234,0.266,0.501
100600,0.226,0.267,0.508
100700,0.228,0.246,0.526
100800,0.239,0.245,0.516
100900,0.250,0.249,0.501
101000,0.251,0.243,0.506
101100,0.246,0.240,0.514
101200,0.240,0.233,0.527
101300,0.229,0.235,0.536
101400,0.231,0.235,0.534
101500,0.198,0.242,0.560
101600,0.197,0.246,0.557
101700,0.194,0.239,0.567
101800,0.196,0.244,0.560
101900,0.200,0.248,0.552
102000,0.188,0.239,0.573
102100,0.191,0.238,0.571
102200,0.186,0.234,0.580
102300,0.188,0.235,0.577
102400,0.191,0.234,0.575
102500,0.183,0.233,0.584
102600,0.200,0.229,0.571
102700,0.200,0.226,0.574
102800,0.191,0.228,0.581
102900,0.194,0.242,0.564
103000,0.194,0.247,0.559
103100,0.188,0.253,0.559
103200,0.190,0.246,0.564
103300,0.199,0.249,0.552
103400,0.196,0.244,0.560
103500,0.206,0.238,0.556
103600,0.203,0.233,0.564
103700,0.221,0.226,0.554
103800,0.227,0.226,0.547
103900,0.232,0.221,0.547
104000,0.236,0.218,0.546
104100,0.224,0.223,0.554
104200,0.219,0.226,0.556
104300,0.213,0.234,0.553
104400,0.220,0.226,0.555
104500,0.223,0.226,0.552
104600,0.221,0.222,0.558
104700,0.205,0.224,0.571
104800,0.205,0.218,0.577
104900,0.197,0.227,0.576
105000,0.202,0.233,0.565
105100,0.216,0.228,0.557
105200,0.202,0.250,0.547
105300,0.207,0.250,0.542
105400,0.197,0.250,0.553
105500,0.191,0.245,0.564
105600,0.193,0.252,0.555
105700,0.199,0.254,0.546
105800,0.206,0.260,0.533
105900,0.201,0.249,0.550
106000,0.201,0.259,0.539
106100,0.198,0.267,0.535
106200,0.193,0.258,0.549
106300,0.186,0.268,0.546
106400,0.190,0.258,0.552
106500,0.192,0.259,0.549
106600,0.191,0.264,0.545
106700,0.188,0.280,0.532
106800,0.177,0.264,0.560
106900,0.181,0.268,0.552
107000,0.184,0.280,0.536
107100,0.180,0.279,0.541
107200,0.181,0.282,0.537
107300,0.175,0.281,0.544
107400,0.179,0.285,0.536
107500,0.176,0.279,0.545
107600,0.177,0.263,0.561
107700,0.179,0.269,0.553
107800,0.185,0.258,0.557
107900,0.202,0.245,0.553
108000,0.200,0.256,0.543
108100,0.202,0.258,0.539
108200,0.201,0.265,0.534
108300,0.201,0.251,0.547
108400,0.201,0.249,0.550
108500,0.201,0.255,0.543
108600,0.188,0.250,0.562
108700,0.182,0.251,0.567
108800,0.185,0.246,0.569
108900,0.185,0.252,0.563
109000,0.186,0.254,0.560
109100,0.184,0.265,0.552
109200,0.184,0.252,0.564
109300,0.180,0.261,0.559
109400,0.176,0.264,0.561
109500,0.172,0.252,0.576
109600,0.181,0.252,0.567
109700,0.180,0.252,0.568
109800,0.184,0.260,0.556
109900,0.183,0.255,0.562
110000,0.186,0.255,0.559
110100,0.189,0.250,0.561
110200,0.180,0.254,0.566
110300,0.202,0.247,0.551
110400,0.187,0.252,0.561
110500,0.211,0.244,0.544
110600,0.222,0.245,0.533
110700,0.232,0.242,0.526
110800,0.231,0.242,0.527
110900,0.224,0.252,0.524
111000,0.210,0.263,0.527
111100,0.226,0.260,0.514
111200,0.229,0.250,0.521
111300,0.235,0.255,0.510
111400,0.224,0.254,0.522
111500,0.222,0.252,0.526
111600,0.233,0.250,0.517
111700,0.235,0.259,0.506
111800,0.238,0.247,0.515
111900,0.243,0.249,0.508
112000,0.240,0.246,0.514
112100,0.228,0.272,0.501
112200,0.231,0.272,0.497
112300,0.231,0.269,0.501
112400,0.228,0.267,0.506
112500,0.236,0.277,0.487
112600,0.232,0.275,0.493
112700,0.209,0.273,0.518
112800,0.211,0.271,0.518
112900,0.204,0.276,0.520
113000,0.199,0.285,0.516
113100,0.200,0.261,0.538
113200,0.204,0.258,0.537
113300,0.202,0.260,0.537
113400,0.223,0.263,0.515
113500,0.221,0.265,0.515
113600,0.224,0.255,0.521
113700,0.233,0.251,0.516
113800,0.254,0.240,0.506
113900,0.249,0.246,0.505
114000,0.255,0.237,0.508
114100,0.264,0.242,0.494
114200,0.254,0.242,0.504
114300,0.251,0.237,0.512
114400,0.251,0.226,0.523
114500,0.244,0.226,0.530
114600,0.246,0.219,0.535
114700,0.233,0.230,0.537
114800,0.248,0.233,0.519
114900,0.258,0.255,0.486
115000,0.251,0.247,0.502
115100,0.237,0.256,0.507
115200,0.244,0.257,0.498
115300,0.232,0.277,0.491
115400,0.225,0.270,0.506
115500,0.234,0.272,0.494
115600,0.239,0.260,0.501
115700,0.235,0.274,0.491
115800,0.236,0.268,0.496
115900,0.235,0.271,0.494
116000,0.233,0.271,0.496
116100,0.235,0.267,0.498
116200,0.228,0.259,0.513
116300,0.222,0.251,0.527
116400,0.231,0.266,0.504
116500,0.222,0.263,0.516
116600,0.229,0.251,0.520
116700,0.239,0.243,0.518
116800,0.241,0.240,0.519
116900,0.244,0.238,0.518
117000,0.250,0.231,0.519
117100,0.253,0.230,0.517
117200,0.254,0.242,0.504
117300,0.260,0.234,0.506
117400,0.254,0.225,0.521
117500,0.248,0.228,0.524
117600,0.238,0.222,0.540
117700,0.236,0.223,0.541
117800,0.243,0.221,0.536
117900,0.236,0.234,0.530
118000,0.231,0.234,0.535
118100,0.222,0.230,0.549
118200,0.226,0.233,0.541
118300,0.218,0.235,0.547
118400,0.210,0.228,0.562
118500,0.205,0.228,0.567
118600,0.206,0.228,0.566
118700,0.210,0.222,0.568
118800,0.221,0.219,0.561
118900,0.226,0.220,0.555
119000,0.236,0.230,0.534
119100,0.236,0.233,0.531
119200,0.241,0.232,0.527
119300,0.230,0.223,0.547
119400,0.222,0.218,0.561
119500,0.217,0.237,0.546
119600,0.228,0.236,0.536
119700,0.229,0.240,0.531
119800,0.221,0.256,0.523
119900,0.223,0.255,0.522
120000,0.221,0.250,0.529
120100,0.215,0.254,0.531
120200,0.213,0.252,0.534
120300,0.212,0.247,0.540
120400,0.218,0.241,0.541
120500,0.227,0.237,0.536
120600,0.228,0.236,0.536
120700,0.224,0.240,0.536
120800,0.217,0.227,0.557
120900,0.213,0.235,0.552
121000,0.209,0.224,0.567
121100,0.209,0.223,0.568
121200,0.215,0.223,0.563
121300,0.219,0.235,0.546
121400,0.203,0.230,0.567
121500,0.202,0.250,0.547
121600,0.198,0.250,0.552
121700,0.195,0.254,0.551
121800,0.192,0.245,0.563
121900,0.200,0.244,0.556
122000,0.197,0.238,0.565
122100,0.198,0.235,0.567
122200,0.204,0.239,0.557
122300,0.204,0.235,0.561
122400,0.219,0.239,0.542
122500,0.218,0.241,0.541
122600,0.204,0.242,0.554
122700,0.213,0.243,0.543
122800,0.211,0.241,0.547
122900,0.211,0.241,0.547
123000,0.198,0.242,0.560
123100,0.194,0.238,0.568
123200,0.195,0.232,0.573
123300,0.211,0.228,0.561
123400,0.215,0.227,0.559
123500,0.228,0.220,0.553
123600,0.221,0.215,0.565
123700,0.236,0.215,0.550
123800,0.230,0.213,0.557
123900,0.245,0.206,0.549
124000,0.238,0.210,0.552
124100,0.242,0.206,0.552
124200,0.247,0.202,0.551
124300,0.234,0.197,0.569
124400,0.217,0.187,0.597
124500,0.217,0.197,0.586
124600,0.209,0.203,0.587
124700,0.207,0.202,0.590
124800,0.208,0.208,0.583
124900,0.211,0.209,0.579
125000,0.202,0.220,0.578
125100,0.223,0.228,0.550
125200,0.231,0.219,0.551
125300,0.229,0.213,0.558
125400,0.242,0.213,0.544
125500,0.237,0.213,0.550
125600,0.239,0.203,0.558
125700,0.236,0.201,0.563
125800,0.242,0.208,0.550
125900,0.241,0.207,0.552
126000,0.239,0.206,0.555
126100,0.235,0.204,0.561
126200,0.228,0.205,0.567
126300,0.219,0.207,0.574
126400,0.215,0.203,0.582
126500,0.219,0.222,0.560
126600,0.240,0.215,0.545
126700,0.242,0.218,0.540
126800,0.234,0.220,0.546
126900,0.230,0.224,0.546
127000,0.227,0.234,0.539
127100,0.210,0.242,0.547
127200,0.209,0.229,0.562
127300,0.200,0.225,0.575
127400,0.199,0.228,0.573
127500,0.209,0.225,0.566
127600,0.211,0.219,0.570
127700,0.209,0.221,0.570
127800,0.199,0.224,0.577
127900,0.201,0.233,0.566
128000,0.191,0.235,0.574
128100,0.189,0.229,0.582
128200,0.191,0.233,0.576
128300,0.201,0.239,0.560
128400,0.200,0.240,0.560
128500,0.195,0.234,0.571
128600,0.206,0.215,0.579
128700,0.200,0.224,0.576
128800,0.210,0.232,0.558
128900,0.211,0.240,0.549
129000,0.203,0.239,0.558
129100,0.210,0.228,0.562
129200,0.212,0.250,0.537
129300,0.224,0.247,0.529
129400,0.225,0.247,0.528
129500,0.230,0.246,0.524
129600,0.228,0.251,0.521
129700,0.224,0.244,0.532
129800,0.206,0.246,0.547
129900,0.233,0.253,0.514
130000,0.224,0.254,0.522
130100,0.218,0.259,0.523
130200,0.207,0.256,0.536
130300,0.220,0.252,0.528
130400,0.225,0.251,0.524
130500,0.232,0.261,0.507
130600,0.230,0.252,0.518
130700,0.226,0.259,0.515
130800,0.230,0.249,0.521
130900,0.231,0.254,0.515
131000,0.229,0.260,0.511
131100,0.217,0.264,0.520
131200,0.209,0.263,0.528
131300,0.204,0.247,0.549
131400,0.199,0.234,0.567
131500,0.202,0.232,0.566
131600,0.207,0.238,0.555
131700,0.209,0.237,0.554
131800,0.203,0.237,0.560
131900,0.200,0.240,0.560
132000,0.193,0.240,0.567
132100,0.198,0.238,0.564
132200,0.199,0.241,0.560
132300,0.199,0.242,0.559
132400,0.199,0.239,0.562
132500,0.196,0.247,0.557
132600,0.193,0.255,0.552
132700,0.192,0.252,0.556
132800,0.198,0.246,0.556
132900,0.200,0.245,0.555
133000,0.190,0.245,0.565
133100,0.192,0.244,0.564
133200,0.196,0.252,0.552
133300,0.194,0.267,0.539
133400,0.201,0.261,0.537
133500,0.204,0.257,0.538
133600,0.206,0.252,0.541
133700,0.211,0.250,0.538
133800,0.201,0.249,0.550
133900,0.199,0.248,0.553
134000,0.198,0.246,0.556
134100,0.184,0.255,0.561
134200,0.198,0.257,0.544
134300,0.197,0.266,0.537
134400,0.200,0.254,0.545
134500,0.202,0.234,0.564
134600,0.207,0.238,0.555
134700,0.215,0.244,0.541
134800,0.219,0.247,0.534
134900,0.209,0.248,0.542
135000,0.213,0.240,0.546
135100,0.209,0.250,0.540
135200,0.212,0.250,0.537
135300,0.203,0.250,0.546
135400,0.225,0.232,0.543
135500,0.220,0.234,0.546
135600,0.226,0.225,0.550
135700,0.222,0.218,0.561
135800,0.208,0.216,0.576
135900,0.206,0.219,0.575
136000,0.206,0.215,0.579
136100,0.200,0.215,0.585
136200,0.190,0.229,0.581
136300,0.191,0.233,0.576
136400,0.199,0.233,0.568
136500,0.196,0.236,0.568
136600,0.193,0.242,0.565
136700,0.197,0.241,0.562
136800,0.198,0.245,0.557
136900,0.201,0.243,0.556
137000,0.198,0.248,0.554
137100,0.195,0.243,0.562
137200,0.190,0.252,0.558
137300,0.187,0.258,0.555
137400,0.186,0.252,0.562
137500,0.173,0.271,0.557
137600,0.161,0.269,0.570
137700,0.182,0.272,0.546
137800,0.181,0.261,0.558
137900,0.186,0.250,0.564
138000,0.183,0.243,0.574
138100,0.185,0.240,0.575
138200,0.180,0.233,0.587
138300,0.181,0.231,0.588
138400,0.187,0.231,0.582
138500,0.196,0.228,0.576
138600,0.189,0.248,0.563
138700,0.185,0.255,0.560
138800,0.183,0.252,0.565
138900,0.187,0.242,0.571
139000,0.186,0.246,0.568
139100,0.193,0.242,0.565
139200,0.180,0.251,0.569
139300,0.184,0.254,0.562
139400,0.180,0.257,0.563
139500,0.181,0.249,0.570
139600,0.186,0.249,0.565
139700,0.204,0.233,0.563
139800,0.197,0.231,0.572
139900,0.200,0.235,0.565
140000,0.212,0.237,0.551
140100,0.222,0.245,0.533
140200,0.216,0.252,0.532
140300,0.215,0.260,0.525
140400,0.208,0.271,0.521
140500,0.210,0.252,0.537
140600,0.242,0.244,0.514
140700,0.242,0.239,0.519
140800,0.245,0.236,0.519
140900,0.241,0.223,0.536
141000,0.243,0.224,0.533
141100,0.235,0.227,0.538
141200,0.233,0.215,0.553
141300,0.242,0.215,0.543
141400,0.245,0.211,0.543
141500,0.247,0.215,0.538
141600,0.242,0.213,0.544
141700,0.253,0.199,0.547
141800,0.252,0.197,0.551
141900,0.267,0.189,0.544
142000,0.265,0.186,0.550
142100,0.261,0.190,0.549
142200,0.255,0.188,0.557
142300,0.240,0.200,0.560
142400,0.237,0.204,0.559
142500,0.236,0.209,0.555
142600,0.235,0.215,0.551
142700,0.234,0.213,0.553
142800,0.225,0.220,0.556
142900,0.222,0.226,0.553
143000,0.226,0.227,0.547
143100,0.236,0.228,0.536
143200,0.234,0.243,0.523
143300,0.230,0.240,0.530
143400,0.238,0.239,0.523
143500,0.244,0.228,0.528
143600,0.243,0.231,0.526
143700,0.245,0.226,0.529
143800,0.239,0.223,0.538
143900,0.232,0.227,0.541
144000,0.227,0.225,0.549
144100,0.231,0.228,0.541
144200,0.225,0.222,0.554
144300,0.215,0.250,0.535
144400,0.209,0.256,0.534
144500,0.208,0.245,0.546
144600,0.229,0.241,0.530
144700,0.231,0.249,0.520
144800,0.232,0.248,0.520
144900,0.233,0.237,0.530
145000,0.217,0.241,0.542
145100,0.221,0.234,0.545
145200,0.219,0.238,0.543
145300,0.215,0.237,0.549
145400,0.205,0.238,0.557
145500,0.213,0.244,0.542
145600,0.193,0.242,0.565
145700,0.206,0.229,0.565
145800,0.204,0.219,0.577
145900,0.198,0.221,0.581
146000,0.200,0.216,0.584
146100,0.198,0.218,0.584
146200,0.208,0.215,0.577
146300,0.197,0.207,0.596
146400,0.198,0.200,0.602
146500,0.196,0.201,0.603
146600,0.198,0.201,0.601
146700,0.216,0.205,0.579
146800,0.206,0.213,0.580
146900,0.211,0.209,0.579
147000,0.218,0.212,0.570
147100,0.246,0.202,0.552
147200,0.247,0.200,0.553
147300,0.235,0.196,0.569
147400,0.230,0.190,0.580
147500,0.234,0.194,0.572
147600,0.226,0.198,0.576
147700,0.224,0.202,0.574
147800,0.211,0.201,0.587
147900,0.212,0.209,0.578
148000,0.213,0.216,0.571
148100,0.205,0.219,0.576
148200,0.202,0.250,0.547
148300,0.187,0.246,0.567
148400,0.192,0.254,0.554
148500,0.190,0.260,0.550
148600,0.199,0.251,0.550
148700,0.199,0.260,0.540
148800,0.204,0.252,0.543
148900,0.206,0.247,0.546
149000,0.199,0.232,0.569
149100,0.187,0.216,0.598
149200,0.189,0.221,0.590
149300,0.192,0.217,0.591
149400,0.183,0.222,0.596
149500,0.191,0.222,0.587
149600,0.187,0.234,0.579
149700,0.189,0.222,0.589
149800,0.190,0.219,0.591
149900,0.184,0.220,0.597
150000,0.185,0.220,0.596
150100,0.178,0.233,0.589
150200,0.184,0.233,0.583
150300,0.177,0.241,0.582
150400,0.189,0.236,0.575
150500,0.204,0.222,0.574
150600,0.211,0.225,0.564
150700,0.211,0.216,0.573
150800,0.206,0.215,0.579
150900,0.206,0.200,0.593
151000,0.215,0.203,0.582
151100,0.213,0.205,0.581
151200,0.211,0.199,0.589
151300,0.211,0.199,0.589
151400,0.213,0.199,0.587
151500,0.212,0.193,0.594
151600,0.217,0.195,0.588
151700,0.219,0.196,0.585
151800,0.206,0.227,0.567
151900,0.208,0.226,0.566
152000,0.207,0.226,0.567
152100,0.204,0.224,0.572
152200,0.208,0.230,0.562
152300,0.196,0.222,0.582
152400,0.194,0.221,0.585
152500,0.186,0.237,0.577
152600,0.174,0.235,0.591
152700,0.188,0.231,0.581
152800,0.186,0.237,0.577
152900,0.206,0.227,0.567
153000,0.207,0.218,0.575
153100,0.208,0.221,0.571
153200,0.191,0.217,0.592
153300,0.182,0.224,0.594
153400,0.190,0.220,0.590
153500,0.213,0.217,0.570
153600,0.206,0.221,0.573
153700,0.191,0.229,0.580
153800,0.192,0.237,0.571
153900,0.196,0.237,0.567
154000,0.192,0.243,0.565
154100,0.193,0.237,0.570
154200,0.192,0.240,0.568
154300,0.198,0.248,0.554
154400,0.209,0.242,0.549
154500,0.215,0.232,0.554
154600,0.223,0.228,0.550
154700,0.221,0.226,0.554
154800,0.218,0.228,0.555
154900,0.225,0.226,0.550
155000,0.220,0.228,0.553
155100,0.223,0.220,0.558
155200,0.222,0.227,0.552
155300,0.219,0.229,0.553
155400,0.216,0.227,0.558
155500,0.221,0.232,0.547
155600,0.219,0.224,0.558
155700,0.209,0.221,0.570
155800,0.212,0.218,0.570
155900,0.226,0.217,0.558
156000,0.219,0.224,0.558
156100,0.226,0.221,0.554
156200,0.222,0.228,0.551
156300,0.222,0.230,0.549
156400,0.219,0.220,0.562
156500,0.224,0.215,0.562
156600,0.211,0.206,0.582
156700,0.200,0.220,0.580
156800,0.199,0.226,0.575
156900,0.198,0.228,0.574
157000,0.196,0.236,0.568
157100,0.192,0.228,0.580
157200,0.196,0.226,0.578
157300,0.200,0.235,0.565
157400,0.213,0.240,0.546
157500,0.208,0.232,0.560
157600,0.201,0.240,0.559
157700,0.198,0.244,0.558
157800,0.202,0.242,0.556
157900,0.199,0.255,0.545
158000,0.198,0.250,0.552
158100,0.188,0.253,0.559
158200,0.210,0.248,0.541
158300,0.206,0.231,0.563
158400,0.206,0.229,0.565
158500,0.207,0.230,0.563
158600,0.204,0.229,0.567
158700,0.207,0.229,0.564
158800,0.200,0.243,0.557
158900,0.197,0.268,0.535
159000,0.191,0.280,0.529
159100,0.186,0.292,0.522
159200,0.180,0.309,0.511
159300,0.178,0.306,0.516
159400,0.179,0.306,0.515
159500,0.181,0.308,0.511
159600,0.182,0.278,0.540
159700,0.186,0.270,0.544
159800,0.179,0.270,0.552
159900,0.187,0.269,0.544
160000,0.192,0.271,0.537
160100,0.187,0.275,0.538
160200,0.199,0.275,0.526
160300,0.194,0.272,0.534
160400,0.192,0.278,0.530
160500,0.193,0.273,0.534
160600,0.194,0.263,0.543
160700,0.188,0.255,0.557
160800,0.185,0.254,0.561
160900,0.175,0.256,0.569
161000,0.172,0.259,0.569
161100,0.170,0.258,0.572
161200,0.175,0.257,0.568
161300,0.176,0.266,0.559
161400,0.170,0.281,0.550
161500,0.163,0.292,0.544
161600,0.156,0.291,0.553
161700,0.162,0.285,0.553
161800,0.154,0.286,0.560
161900,0.150,0.278,0.572
162000,0.148,0.282,0.570
162100,0.148,0.289,0.563
162200,0.151,0.282,0.567
162300,0.153,0.283,0.564
162400,0.159,0.282,0.559
162500,0.165,0.290,0.544
162600,0.168,0.292,0.540
162700,0.160,0.283,0.557
162800,0.174,0.278,0.549
162900,0.174,0.288,0.538
163000,0.180,0.289,0.531
163100,0.182,0.294,0.524
163200,0.184,0.287,0.529
163300,0.180,0.283,0.537
163400,0.189,0.272,0.539
163500,0.188,0.256,0.556
163600,0.186,0.263,0.552
163700,0.194,0.249,0.557
163800,0.198,0.245,0.557
163900,0.198,0.237,0.565
164000,0.187,0.242,0.571
164100,0.179,0.248,0.573
164200,0.192,0.243,0.565
164300,0.198,0.249,0.553
