time,n_A+p,n_B,n_AB
100,0.030,0.962,0.008
200,0.030,0.961,0.009
300,0.030,0.956,0.014
400,0.030,0.954,0.016
500,0.030,0.946,0.024
600,0.030,0.941,0.029
700,0.030,0.935,0.035
800,0.030,0.931,0.039
900,0.030,0.926,0.044
1000,0.030,0.919,0.051
1100,0.030,0.916,0.054
1200,0.030,0.910,0.060
1300,0.030,0.910,0.060
1400,0.030,0.907,0.063
1500,0.030,0.898,0.072
1600,0.030,0.892,0.078
1700,0.030,0.889,0.081
1800,0.030,0.887,0.083
1900,0.030,0.875,0.095
2000,0.030,0.869,0.101
2100,0.030,0.860,0.110
2200,0.030,0.839,0.131
2300,0.030,0.840,0.130
2400,0.030,0.834,0.136
2500,0.030,0.821,0.149
2600,0.030,0.806,0.164
2700,0.030,0.793,0.177
2800,0.030,0.788,0.182
2900,0.030,0.781,0.189
3000,0.030,0.769,0.201
3100,0.031,0.768,0.201
3200,0.031,0.754,0.215
3300,0.031,0.756,0.213
3400,0.031,0.746,0.223
3500,0.031,0.739,0.230
3600,0.031,0.732,0.237
3700,0.031,0.730,0.239
3800,0.031,0.718,0.251
3900,0.031,0.718,0.251
4000,0.031,0.712,0.257
4100,0.031,0.702,0.267
4200,0.031,0.692,0.277
4300,0.032,0.679,0.289
4400,0.033,0.675,0.292
4500,0.033,0.680,0.287
4600,0.033,0.675,0.292
4700,0.035,0.661,0.304
4800,0.038,0.645,0.317
4900,0.037,0.633,0.330
5000,0.038,0.634,0.328
5100,0.040,0.624,0.336
5200,0.039,0.617,0.344
5300,0.040,0.611,0.349
5400,0.045,0.601,0.354
5500,0.043,0.603,0.354
5600,0.046,0.586,0.368
5700,0.048,0.570,0.382
5800,0.049,0.564,0.387
5900,0.045,0.558,0.397
6000,0.045,0.556,0.399
6100,0.045,0.552,0.403
6200,0.042,0.550,0.408
6300,0.046,0.543,0.411
6400,0.049,0.544,0.407
6500,0.047,0.537,0.416
6600,0.047,0.539,0.414
6700,0.059,0.530,0.411
6800,0.062,0.526,0.412
6900,0.064,0.514,0.422
7000,0.067,0.503,0.430
7100,0.068,0.481,0.451
7200,0.068,0.477,0.455
7300,0.068,0.471,0.461
7400,0.069,0.468,0.463
7500,0.075,0.469,0.456
7600,0.073,0.467,0.460
7700,0.070,0.463,0.467
7800,0.064,0.453,0.483
7900,0.066,0.457,0.477
8000,0.066,0.449,0.485
8100,0.068,0.441,0.491
8200,0.074,0.438,0.488
8300,0.072,0.436,0.492
8400,0.073,0.428,0.499
8500,0.070,0.415,0.515
8600,0.067,0.412,0.521
8700,0.069,0.406,0.525
8800,0.072,0.403,0.525
8900,0.070,0.391,0.539
9000,0.072,0.392,0.536
9100,0.076,0.396,0.528
9200,0.074,0.394,0.532
9300,0.071,0.397,0.532
9400,0.076,0.390,0.534
9500,0.078,0.383,0.539
9600,0.078,0.384,0.538
9700,0.080,0.383,0.537
9800,0.075,0.376,0.549
9900,0.079,0.375,0.546
10000,0.078,0.367,0.555
10100,0.077,0.366,0.557
10200,0.073,0.364,0.563
10300,0.071,0.363,0.566
10400,0.073,0.362,0.565
10500,0.075,0.362,0.563
10600,0.080,0.353,0.567
10700,0.077,0.350,0.573
10800,0.076,0.360,0.564
10900,0.079,0.368,0.553
11000,0.083,0.362,0.555
11100,0.085,0.354,0.561
11200,0.087,0.352,0.561
11300,0.090,0.353,0.557
11400,0.087,0.354,0.559
11500,0.089,0.342,0.569
11600,0.095,0.340,0.565
11700,0.102,0.338,0.560
11800,0.100,0.333,0.567
11900,0.101,0.339,0.560
12000,0.099,0.342,0.559
12100,0.096,0.330,0.574
12200,0.095,0.327,0.578
12300,0.105,0.333,0.562
12400,0.108,0.334,0.558
12500,0.103,0.324,0.573
12600,0.099,0.325,0.576
12700,0.107,0.341,0.552
12800,0.107,0.336,0.557
12900,0.102,0.319,0.579
13000,0.113,0.316,0.571
13100,0.112,0.305,0.583
13200,0.118,0.297,0.585
13300,0.118,0.284,0.598
13400,0.118,0.279,0.603
13500,0.118,0.274,0.608
13600,0.114,0.275,0.611
13700,0.115,0.280,0.605
13800,0.111,0.281,0.608
13900,0.109,0.281,0.610
14000,0.108,0.282,0.610
14100,0.115,0.282,0.603
14200,0.120,0.283,0.597
14300,0.121,0.274,0.605
14400,0.120,0.275,0.605
14500,0.129,0.266,0.605
14600,0.135,0.258,0.607
14700,0.141,0.254,0.605
14800,0.156,0.243,0.601
14900,0.150,0.240,0.610
15000,0.158,0.241,0.601
15100,0.150,0.234,0.616
15200,0.164,0.228,0.608
15300,0.161,0.224,0.615
15400,0.158,0.214,0.628
15500,0.152,0.211,0.637
15600,0.145,0.211,0.644
15700,0.146,0.213,0.641
15800,0.150,0.207,0.643
15900,0.148,0.203,0.649
16000,0.150,0.216,0.634
16100,0.158,0.213,0.629
16200,0.156,0.217,0.627
16300,0.160,0.213,0.627
16400,0.162,0.216,0.622
16500,0.168,0.207,0.625
16600,0.162,0.202,0.636
16700,0.165,0.209,0.626
16800,0.160,0.209,0.631
16900,0.175,0.202,0.623
17000,0.178,0.199,0.623
17100,0.177,0.193,0.630
17200,0.173,0.193,0.634
17300,0.173,0.188,0.639
17400,0.180,0.193,0.627
17500,0.182,0.198,0.620
17600,0.179,0.209,0.612
17700,0.175,0.206,0.619
17800,0.176,0.198,0.626
17900,0.183,0.200,0.617
18000,0.185,0.200,0.615
18100,0.187,0.205,0.608
18200,0.190,0.203,0.607
18300,0.186,0.197,0.617
18400,0.179,0.189,0.632
18500,0.174,0.186,0.640
18600,0.184,0.180,0.636
18700,0.188,0.178,0.634
18800,0.188,0.180,0.632
18900,0.194,0.175,0.631
19000,0.191,0.178,0.631
19100,0.190,0.180,0.630
19200,0.187,0.184,0.629
19300,0.185,0.191,0.624
19400,0.185,0.188,0.627
19500,0.190,0.174,0.636
19600,0.187,0.176,0.637
19700,0.184,0.172,0.644
19800,0.183,0.173,0.644
19900,0.178,0.176,0.646
20000,0.179,0.175,0.646
20100,0.181,0.171,0.648
20200,0.177,0.168,0.655
20300,0.181,0.162,0.657
20400,0.182,0.170,0.648
20500,0.175,0.163,0.662
20600,0.172,0.160,0.668
20700,0.174,0.165,0.661
20800,0.174,0.163,0.663
20900,0.172,0.176,0.652
21000,0.177,0.179,0.644
21100,0.180,0.176,0.644
21200,0.179,0.171,0.650
21300,0.182,0.165,0.653
21400,0.196,0.164,0.640
21500,0.196,0.163,0.641
21600,0.195,0.166,0.639
21700,0.210,0.166,0.624
21800,0.206,0.156,0.638
21900,0.198,0.162,0.640
22000,0.202,0.170,0.628
22100,0.193,0.171,0.636
22200,0.194,0.169,0.637
22300,0.192,0.161,0.647
22400,0.186,0.166,0.648
22500,0.184,0.159,0.657
22600,0.181,0.155,0.664
22700,0.189,0.151,0.660
22800,0.195,0.149,0.656
22900,0.202,0.143,0.655
23000,0.193,0.149,0.658
23100,0.201,0.143,0.656
23200,0.204,0.146,0.650
23300,0.209,0.139,0.652
23400,0.213,0.138,0.649
23500,0.204,0.146,0.650
23600,0.204,0.153,0.643
23700,0.208,0.154,0.638
23800,0.205,0.147,0.648
23900,0.205,0.148,0.647
24000,0.202,0.157,0.641
24100,0.194,0.155,0.651
24200,0.202,0.170,0.628
24300,0.201,0.177,0.622
24400,0.201,0.173,0.626
24500,0.195,0.166,0.639
24600,0.197,0.173,0.630
24700,0.195,0.167,0.638
24800,0.196,0.166,0.638
24900,0.200,0.171,0.629
25000,0.212,0.169,0.619
25100,0.218,0.156,0.626
25200,0.221,0.152,0.627
25300,0.229,0.153,0.618
25400,0.232,0.147,0.621
25500,0.237,0.160,0.603
25600,0.237,0.153,0.610
25700,0.247,0.152,0.601
25800,0.254,0.155,0.591
25900,0.244,0.142,0.614
26000,0.251,0.153,0.596
26100,0.249,0.148,0.603
26200,0.250,0.147,0.603
26300,0.243,0.145,0.612
26400,0.244,0.138,0.618
26500,0.241,0.131,0.628
26600,0.238,0.134,0.628
26700,0.240,0.127,0.633
26800,0.242,0.125,0.633
26900,0.237,0.131,0.632
27000,0.238,0.134,0.628
27100,0.242,0.137,0.621
27200,0.242,0.137,0.621
27300,0.236,0.138,0.626
27400,0.233,0.133,0.634
27500,0.225,0.137,0.638
27600,0.225,0.128,0.647
27700,0.223,0.137,0.640
27800,0.221,0.137,0.642
27900,0.230,0.140,0.630
28000,0.227,0.142,0.631
28100,0.225,0.143,0.632
28200,0.219,0.151,0.630
28300,0.219,0.149,0.632
28400,0.221,0.154,0.625
28500,0.226,0.152,0.622
28600,0.239,0.152,0.609
28700,0.233,0.153,0.614
28800,0.239,0.150,0.611
28900,0.239,0.150,0.611
29000,0.248,0.142,0.610
29100,0.244,0.153,0.603
29200,0.237,0.157,0.606
29300,0.239,0.157,0.604
29400,0.232,0.151,0.617
29500,0.237,0.153,0.610
29600,0.237,0.154,0.609
29700,0.245,0.146,0.609
29800,0.241,0.152,0.607
29900,0.242,0.150,0.608
30000,0.240,0.155,0.605
30100,0.229,0.156,0.615
30200,0.243,0.151,0.606
30300,0.246,0.152,0.602
30400,0.248,0.148,0.604
30500,0.253,0.152,0.595
30600,0.243,0.149,0.608
30700,0.251,0.151,0.598
30800,0.248,0.154,0.598
30900,0.243,0.164,0.593
31000,0.248,0.155,0.597
31100,0.247,0.146,0.607
31200,0.235,0.142,0.623
31300,0.242,0.141,0.617
31400,0.232,0.140,0.628
31500,0.229,0.138,0.633
31600,0.242,0.134,0.624
31700,0.245,0.134,0.621
31800,0.247,0.135,0.618
31900,0.242,0.137,0.621
32000,0.244,0.148,0.608
32100,0.250,0.146,0.604
32200,0.254,0.138,0.608
32300,0.256,0.133,0.611
32400,0.255,0.138,0.607
32500,0.251,0.138,0.611
32600,0.257,0.132,0.611
32700,0.247,0.132,0.621
32800,0.243,0.125,0.632
32900,0.242,0.125,0.633
33000,0.252,0.130,0.618
33100,0.244,0.128,0.628
33200,0.241,0.128,0.631
33300,0.239,0.131,0.630
33400,0.244,0.138,0.618
33500,0.257,0.133,0.610
33600,0.254,0.137,0.609
33700,0.255,0.140,0.605
33800,0.256,0.143,0.601
33900,0.251,0.136,0.613
34000,0.254,0.132,0.614
34100,0.256,0.126,0.618
34200,0.257,0.133,0.610
34300,0.257,0.126,0.617
34400,0.248,0.124,0.628
34500,0.245,0.118,0.637
34600,0.240,0.123,0.637
34700,0.238,0.138,0.624
34800,0.239,0.133,0.628
34900,0.237,0.144,0.619
35000,0.241,0.144,0.615
35100,0.235,0.150,0.615
35200,0.244,0.151,0.605
35300,0.241,0.156,0.603
35400,0.241,0.156,0.603
35500,0.236,0.149,0.615
35600,0.237,0.147,0.616
35700,0.231,0.146,0.623
35800,0.232,0.163,0.605
35900,0.239,0.164,0.597
36000,0.233,0.168,0.599
36100,0.226,0.168,0.606
36200,0.229,0.175,0.596
36300,0.234,0.177,0.589
36400,0.231,0.182,0.587
36500,0.234,0.185,0.581
36600,0.237,0.181,0.582
36700,0.241,0.176,0.583
36800,0.234,0.180,0.586
36900,0.224,0.181,0.595
37000,0.217,0.175,0.608
37100,0.218,0.175,0.607
37200,0.224,0.178,0.598
37300,0.222,0.183,0.595
37400,0.219,0.179,0.602
37500,0.214,0.176,0.610
37600,0.219,0.176,0.605
37700,0.212,0.173,0.615
37800,0.210,0.176,0.614
37900,0.216,0.178,0.606
38000,0.214,0.177,0.609
38100,0.214,0.174,0.612
38200,0.200,0.176,0.624
38300,0.200,0.187,0.613
38400,0.195,0.193,0.612
38500,0.190,0.185,0.625
38600,0.197,0.182,0.621
38700,0.187,0.187,0.626
38800,0.187,0.183,0.630
38900,0.193,0.180,0.627
39000,0.198,0.176,0.626
39100,0.194,0.163,0.643
39200,0.191,0.162,0.647
39300,0.191,0.164,0.645
39400,0.189,0.162,0.649
39500,0.196,0.158,0.646
39600,0.190,0.164,0.646
39700,0.187,0.164,0.649
39800,0.186,0.166,0.648
39900,0.189,0.170,0.641
40000,0.189,0.174,0.637
40100,0.187,0.187,0.626
40200,0.186,0.188,0.626
40300,0.190,0.186,0.624
40400,0.181,0.186,0.633
40500,0.174,0.187,0.639
40600,0.170,0.190,0.640
40700,0.175,0.198,0.627
40800,0.176,0.189,0.635
40900,0.172,0.199,0.629
41000,0.172,0.191,0.637
41100,0.170,0.192,0.638
41200,0.170,0.187,0.643
41300,0.176,0.191,0.633
41400,0.182,0.180,0.638
41500,0.185,0.181,0.634
41600,0.178,0.183,0.639
41700,0.184,0.184,0.632
41800,0.188,0.185,0.627
41900,0.186,0.173,0.641
42000,0.183,0.167,0.650
42100,0.184,0.171,0.645
42200,0.192,0.167,0.641
42300,0.204,0.174,0.622
42400,0.196,0.170,0.634
42500,0.198,0.158,0.644
42600,0.199,0.154,0.647
42700,0.198,0.149,0.653
42800,0.197,0.144,0.659
42900,0.200,0.142,0.658
43000,0.205,0.138,0.657
43100,0.205,0.141,0.654
43200,0.215,0.140,0.645
43300,0.217,0.142,0.641
43400,0.210,0.138,0.652
43500,0.209,0.143,0.648
43600,0.210,0.144,0.646
43700,0.213,0.143,0.644
43800,0.211,0.142,0.647
43900,0.220,0.145,0.635
44000,0.215,0.144,0.641
44100,0.221,0.141,0.638
44200,0.222,0.147,0.631
44300,0.227,0.145,0.628
44400,0.222,0.140,0.638
44500,0.217,0.130,0.653
44600,0.214,0.127,0.659
44700,0.206,0.140,0.654
44800,0.206,0.150,0.644
44900,0.206,0.143,0.651
45000,0.215,0.143,0.642
45100,0.214,0.141,0.645
45200,0.208,0.144,0.648
45300,0.210,0.141,0.649
45400,0.206,0.152,0.642
45500,0.209,0.150,0.641
45600,0.206,0.147,0.647
45700,0.206,0.142,0.652
45800,0.210,0.136,0.654
45900,0.201,0.130,0.669
46000,0.205,0.132,0.663
46100,0.199,0.131,0.670
46200,0.205,0.142,0.653
46300,0.209,0.149,0.642
46400,0.210,0.150,0.640
46500,0.213,0.150,0.637
46600,0.218,0.155,0.627
46700,0.223,0.150,0.627
46800,0.222,0.147,0.631
46900,0.223,0.145,0.632
47000,0.228,0.141,0.631
47100,0.231,0.144,0.625
47200,0.234,0.141,0.625
47300,0.244,0.135,0.621
47400,0.235,0.133,0.632
47500,0.235,0.132,0.633
47600,0.250,0.131,0.619
47700,0.246,0.135,0.619
47800,0.246,0.132,0.622
47900,0.246,0.140,0.614
48000,0.244,0.131,0.625
48100,0.243,0.135,0.622
48200,0.238,0.136,0.626
48300,0.242,0.130,0.628
48400,0.239,0.127,0.634
48500,0.237,0.122,0.641
48600,0.233,0.123,0.644
48700,0.234,0.124,0.642
48800,0.230,0.121,0.649
48900,0.231,0.119,0.650
49000,0.233,0.121,0.646
49100,0.230,0.136,0.634
49200,0.230,0.134,0.636
49300,0.239,0.142,0.619
49400,0.235,0.154,0.611
49500,0.227,0.162,0.611
49600,0.223,0.164,0.613
49700,0.221,0.167,0.612
49800,0.220,0.158,0.622
49900,0.222,0.162,0.616
50000,0.223,0.171,0.606
50100,0.231,0.171,0.598
50200,0.229,0.171,0.600
50300,0.236,0.177,0.587
50400,0.238,0.181,0.581
50500,0.238,0.174,0.588
50600,0.240,0.169,0.591
50700,0.242,0.172,0.586
50800,0.233,0.172,0.595
50900,0.230,0.168,0.602
51000,0.218,0.162,0.620
51100,0.211,0.161,0.628
51200,0.213,0.170,0.617
51300,0.208,0.164,0.628
51400,0.205,0.166,0.629
51500,0.216,0.174,0.610
51600,0.214,0.171,0.615
51700,0.213,0.170,0.617
51800,0.208,0.171,0.621
51900,0.210,0.169,0.621
52000,0.214,0.163,0.623
52100,0.211,0.162,0.627
52200,0.207,0.157,0.636
52300,0.205,0.155,0.640
52400,0.197,0.151,0.652
52500,0.192,0.157,0.651
52600,0.194,0.157,0.649
52700,0.190,0.155,0.655
52800,0.192,0.146,0.662
52900,0.189,0.149,0.662
53000,0.185,0.154,0.661
53100,0.184,0.153,0.663
53200,0.191,0.151,0.658
53300,0.189,0.143,0.668
53400,0.205,0.143,0.652
53500,0.192,0.141,0.667
53600,0.190,0.143,0.667
53700,0.198,0.134,0.668
53800,0.201,0.134,0.665
53900,0.201,0.136,0.663
54000,0.195,0.132,0.673
54100,0.198,0.143,0.659
54200,0.213,0.138,0.649
54300,0.209,0.132,0.659
54400,0.205,0.137,0.658
54500,0.217,0.138,0.645
54600,0.215,0.143,0.642
54700,0.216,0.145,0.639
54800,0.206,0.143,0.651
54900,0.204,0.146,0.650
55000,0.195,0.157,0.648
55100,0.188,0.153,0.659
55200,0.188,0.157,0.655
55300,0.192,0.158,0.650
55400,0.195,0.162,0.643
55500,0.206,0.169,0.625
55600,0.202,0.177,0.621
55700,0.205,0.179,0.616
55800,0.206,0.183,0.611
55900,0.210,0.183,0.607
56000,0.206,0.181,0.613
56100,0.205,0.177,0.618
56200,0.202,0.172,0.626
56300,0.207,0.163,0.630
56400,0.216,0.160,0.624
56500,0.216,0.156,0.628
56600,0.218,0.165,0.617
56700,0.223,0.158,0.619
56800,0.221,0.153,0.626
56900,0.210,0.147,0.643
57000,0.213,0.158,0.629
57100,0.221,0.158,0.621
57200,0.223,0.158,0.619
57300,0.215,0.156,0.629
57400,0.213,0.161,0.626
57500,0.221,0.164,0.615
57600,0.217,0.161,0.622
57700,0.207,0.165,0.628
57800,0.216,0.169,0.615
57900,0.213,0.170,0.617
58000,0.210,0.165,0.625
58100,0.214,0.157,0.629
58200,0.218,0.156,0.626
58300,0.222,0.155,0.623
58400,0.227,0.151,0.622
58500,0.227,0.144,0.629
58600,0.243,0.153,0.604
58700,0.243,0.151,0.606
58800,0.251,0.160,0.589
58900,0.251,0.164,0.585
59000,0.260,0.159,0.581
59100,0.264,0.155,0.581
59200,0.262,0.158,0.580
59300,0.268,0.156,0.576
59400,0.273,0.160,0.567
59500,0.274,0.160,0.566
59600,0.274,0.157,0.569
59700,0.269,0.160,0.571
59800,0.268,0.158,0.574
59900,0.273,0.159,0.568
60000,0.258,0.164,0.578
60100,0.260,0.168,0.572
60200,0.263,0.166,0.571
60300,0.268,0.158,0.574
60400,0.268,0.156,0.576
60500,0.269,0.152,0.579
60600,0.274,0.149,0.577
60700,0.260,0.153,0.587
60800,0.255,0.150,0.595
60900,0.258,0.156,0.586
61000,0.269,0.149,0.582
61100,0.269,0.151,0.580
61200,0.267,0.149,0.584
61300,0.264,0.158,0.578
61400,0.265,0.158,0.577
61500,0.264,0.147,0.589
61600,0.266,0.152,0.582
61700,0.266,0.151,0.583
61800,0.265,0.143,0.592
61900,0.267,0.143,0.590
62000,0.278,0.140,0.582
62100,0.281,0.138,0.581
62200,0.274,0.133,0.593
62300,0.273,0.125,0.602
62400,0.275,0.123,0.602
62500,0.279,0.112,0.609
62600,0.275,0.108,0.617
62700,0.281,0.105,0.614
62800,0.279,0.098,0.623
62900,0.282,0.096,0.622
63000,0.281,0.104,0.615
63100,0.280,0.116,0.604
63200,0.289,0.115,0.596
63300,0.296,0.109,0.595
63400,0.307,0.108,0.585
63500,0.302,0.103,0.595
63600,0.306,0.109,0.585
63700,0.309,0.105,0.586
63800,0.305,0.103,0.592
63900,0.303,0.104,0.593
64000,0.309,0.104,0.587
64100,0.309,0.105,0.586
64200,0.301,0.103,0.596
64300,0.307,0.105,0.588
64400,0.307,0.102,0.591
64500,0.305,0.102,0.593
64600,0.308,0.113,0.579
64700,0.296,0.110,0.594
64800,0.292,0.114,0.594
64900,0.297,0.112,0.591
65000,0.289,0.109,0.602
65100,0.290,0.108,0.602
65200,0.295,0.107,0.598
65300,0.293,0.101,0.606
65400,0.296,0.103,0.601
65500,0.313,0.106,0.581
65600,0.309,0.109,0.582
65700,0.308,0.107,0.585
65800,0.308,0.103,0.589
65900,0.303,0.095,0.602
66000,0.297,0.102,0.601
66100,0.296,0.100,0.604
66200,0.301,0.097,0.602
66300,0.305,0.097,0.598
66400,0.294,0.092,0.614
66500,0.301,0.089,0.610
66600,0.294,0.092,0.614
66700,0.296,0.100,0.604
66800,0.296,0.103,0.601
66900,0.289,0.106,0.605
67000,0.284,0.103,0.613
67100,0.274,0.097,0.629
67200,0.281,0.104,0.615
67300,0.270,0.100,0.630
67400,0.260,0.100,0.640
67500,0.266,0.102,0.632
67600,0.260,0.099,0.641
67700,0.275,0.115,0.610
67800,0.275,0.113,0.612
67900,0.267,0.109,0.624
68000,0.277,0.109,0.614
68100,0.268,0.112,0.620
68200,0.278,0.116,0.606
68300,0.264,0.117,0.619
68400,0.265,0.113,0.622
68500,0.262,0.110,0.628
68600,0.256,0.104,0.640
68700,0.258,0.099,0.643
68800,0.248,0.102,0.650
68900,0.238,0.104,0.658
69000,0.240,0.094,0.666
69100,0.239,0.096,0.665
69200,0.237,0.098,0.665
69300,0.235,0.106,0.659
69400,0.228,0.108,0.664
69500,0.229,0.126,0.645
69600,0.235,0.130,0.635
69700,0.231,0.128,0.641
69800,0.230,0.130,0.640
69900,0.223,0.134,0.643
70000,0.234,0.144,0.622
70100,0.237,0.149,0.614
70200,0.233,0.144,0.623
70300,0.242,0.149,0.609
70400,0.232,0.145,0.623
70500,0.231,0.149,0.620
70600,0.227,0.151,0.622
70700,0.222,0.155,0.623
70800,0.230,0.158,0.612
70900,0.238,0.161,0.601
71000,0.240,0.154,0.606
71100,0.242,0.149,0.609
71200,0.240,0.148,0.612
71300,0.237,0.147,0.616
71400,0.239,0.141,0.620
71500,0.235,0.147,0.618
71600,0.231,0.146,0.623
71700,0.238,0.138,0.624
71800,0.235,0.138,0.627
71900,0.239,0.141,0.620
72000,0.229,0.137,0.634
72100,0.218,0.131,0.651
72200,0.220,0.125,0.655
72300,0.215,0.131,0.654
72400,0.218,0.143,0.639
72500,0.212,0.140,0.648
72600,0.204,0.139,0.657
72700,0.192,0.136,0.672
72800,0.190,0.137,0.673
72900,0.192,0.139,0.669
73000,0.192,0.144,0.664
73100,0.197,0.146,0.657
73200,0.190,0.144,0.666
73300,0.195,0.146,0.659
73400,0.195,0.153,0.652
73500,0.197,0.149,0.654
73600,0.202,0.139,0.659
73700,0.199,0.135,0.666
73800,0.199,0.136,0.665
73900,0.196,0.139,0.665
74000,0.192,0.139,0.669
74100,0.197,0.134,0.669
74200,0.196,0.137,0.667
74300,0.203,0.138,0.659
74400,0.200,0.133,0.667
74500,0.194,0.133,0.673
74600,0.185,0.132,0.683
74700,0.187,0.139,0.674
74800,0.190,0.138,0.672
74900,0.207,0.132,0.661
75000,0.209,0.127,0.664
75100,0.213,0.126,0.661
75200,0.213,0.134,0.653
75300,0.208,0.137,0.655
75400,0.200,0.133,0.667
75500,0.201,0.131,0.668
75600,0.205,0.131,0.664
75700,0.213,0.126,0.661
75800,0.221,0.137,0.642
75900,0.226,0.144,0.630
76000,0.217,0.142,0.641
76100,0.223,0.145,0.632
76200,0.208,0.147,0.645
76300,0.214,0.141,0.645
76400,0.216,0.139,0.645
76500,0.220,0.137,0.643
76600,0.219,0.141,0.640
76700,0.224,0.136,0.640
76800,0.238,0.140,0.622
76900,0.242,0.135,0.623
77000,0.239,0.140,0.621
77100,0.242,0.141,0.617
77200,0.234,0.131,0.635
77300,0.239,0.126,0.635
77400,0.239,0.127,0.634
77500,0.242,0.126,0.632
77600,0.235,0.129,0.636
77700,0.243,0.125,0.632
77800,0.241,0.128,0.631
77900,0.235,0.118,0.647
78000,0.240,0.109,0.651
78100,0.235,0.101,0.664
78200,0.231,0.103,0.666
78300,0.241,0.109,0.650
78400,0.247,0.109,0.644
78500,0.254,0.111,0.635
78600,0.252,0.111,0.637
78700,0.250,0.111,0.639
78800,0.258,0.112,0.630
78900,0.261,0.115,0.624
79000,0.271,0.117,0.612
79100,0.284,0.121,0.595
79200,0.286,0.120,0.594
79300,0.282,0.111,0.607
79400,0.283,0.105,0.612
79500,0.290,0.104,0.606
79600,0.292,0.106,0.602
79700,0.285,0.102,0.613
79800,0.295,0.098,0.607
79900,0.293,0.098,0.609
80000,0.289,0.092,0.619
80100,0.292,0.094,0.614
80200,0.293,0.095,0.612
80300,0.282,0.103,0.615
80400,0.292,0.100,0.608
80500,0.283,0.102,0.615
80600,0.276,0.099,0.625
80700,0.288,0.097,0.615
80800,0.272,0.094,0.634
80900,0.281,0.094,0.625
81000,0.280,0.097,0.623
81100,0.277,0.099,0.624
81200,0.282,0.104,0.614
81300,0.279,0.100,0.621
81400,0.288,0.097,0.615
81500,0.293,0.103,0.604
81600,0.289,0.109,0.602
81700,0.283,0.103,0.614
81800,0.278,0.099,0.623
81900,0.281,0.093,0.626
82000,0.278,0.085,0.637
82100,0.281,0.088,0.631
82200,0.276,0.094,0.630
82300,0.284,0.097,0.619
82400,0.277,0.089,0.634
82500,0.281,0.098,0.621
82600,0.278,0.099,0.623
82700,0.266,0.094,0.640
82800,0.266,0.091,0.643
82900,0.271,0.092,0.637
83000,0.271,0.094,0.635
83100,0.264,0.093,0.643
83200,0.260,0.104,0.636
83300,0.251,0.115,0.634
83400,0.248,0.120,0.632
83500,0.253,0.123,0.624
83600,0.252,0.123,0.625
83700,0.251,0.111,0.638
83800,0.258,0.105,0.637
83900,0.262,0.104,0.634
84000,0.253,0.107,0.640
84100,0.268,0.109,0.623
84200,0.279,0.099,0.622
84300,0.279,0.097,0.624
84400,0.276,0.097,0.627
84500,0.272,0.094,0.634
84600,0.265,0.091,0.644
84700,0.268,0.098,0.634
84800,0.271,0.118,0.611
84900,0.261,0.116,0.623
85000,0.263,0.110,0.627
85100,0.266,0.110,0.624
85200,0.262,0.113,0.625
85300,0.260,0.114,0.626
85400,0.257,0.119,0.624
85500,0.264,0.119,0.617
85600,0.257,0.117,0.626
85700,0.247,0.115,0.638
85800,0.251,0.113,0.636
85900,0.252,0.109,0.639
86000,0.262,0.114,0.624
86100,0.249,0.104,0.647
86200,0.248,0.096,0.656
86300,0.247,0.103,0.650
86400,0.247,0.096,0.657
86500,0.245,0.104,0.651
86600,0.251,0.111,0.638
86700,0.252,0.111,0.637
86800,0.257,0.113,0.630
86900,0.257,0.106,0.637
87000,0.247,0.111,0.642
87100,0.245,0.112,0.643
87200,0.244,0.109,0.647
87300,0.240,0.122,0.638
87400,0.235,0.119,0.646
87500,0.228,0.118,0.654
87600,0.233,0.109,0.658
87700,0.248,0.115,0.637
87800,0.247,0.111,0.642
87900,0.249,0.111,0.640
88000,0.249,0.111,0.640
88100,0.252,0.117,0.631
88200,0.261,0.111,0.628
88300,0.258,0.112,0.630
88400,0.252,0.110,0.638
88500,0.262,0.118,0.620
88600,0.266,0.118,0.616
88700,0.261,0.115,0.624
88800,0.266,0.119,0.615
88900,0.280,0.119,0.601
89000,0.274,0.123,0.603
89100,0.275,0.119,0.606
89200,0.270,0.122,0.608
89300,0.261,0.136,0.603
89400,0.254,0.129,0.617
89500,0.254,0.122,0.624
89600,0.258,0.116,0.626
89700,0.251,0.111,0.638
89800,0.255,0.112,0.633
89900,0.255,0.123,0.622
90000,0.251,0.120,0.629
90100,0.251,0.125,0.624
90200,0.262,0.121,0.617
90300,0.255,0.118,0.627
90400,0.249,0.119,0.632
90500,0.250,0.119,0.631
90600,0.259,0.123,0.618
90700,0.254,0.124,0.622
90800,0.247,0.126,0.627
90900,0.244,0.127,0.629
91000,0.246,0.127,0.627
91100,0.242,0.135,0.623
91200,0.236,0.134,0.630
91300,0.239,0.135,0.626
91400,0.239,0.144,0.617
91500,0.242,0.146,0.612
91600,0.242,0.140,0.618
91700,0.252,0.135,0.613
91800,0.257,0.134,0.609
91900,0.252,0.128,0.620
92000,0.257,0.123,0.620
92100,0.257,0.121,0.622
92200,0.249,0.128,0.623
92300,0.235,0.124,0.641
92400,0.250,0.124,0.626
92500,0.251,0.121,0.628
92600,0.237,0.112,0.651
92700,0.243,0.117,0.640
92800,0.253,0.118,0.629
92900,0.253,0.122,0.625
93000,0.248,0.128,0.624
93100,0.243,0.124,0.633
93200,0.239,0.131,0.630
93300,0.226,0.130,0.644
93400,0.225,0.135,0.640
93500,0.227,0.142,0.631
93600,0.228,0.145,0.627
93700,0.229,0.147,0.624
93800,0.245,0.140,0.615
93900,0.254,0.134,0.612
94000,0.247,0.138,0.615
94100,0.248,0.124,0.628
94200,0.253,0.120,0.627
94300,0.252,0.125,0.623
94400,0.260,0.126,0.614
94500,0.270,0.124,0.606
94600,0.265,0.123,0.612
94700,0.274,0.122,0.604
94800,0.270,0.120,0.610
94900,0.271,0.117,0.612
95000,0.266,0.115,0.619
95100,0.263,0.114,0.623
95200,0.258,0.116,0.626
95300,0.262,0.114,0.624
95400,0.262,0.112,0.626
95500,0.260,0.116,0.624
95600,0.251,0.120,0.629
95700,0.244,0.127,0.629
95800,0.244,0.130,0.626
95900,0.239,0.129,0.632
96000,0.228,0.129,0.643
96100,0.234,0.126,0.640
96200,0.236,0.119,0.645
96300,0.231,0.119,0.650
96400,0.233,0.125,0.642
96500,0.236,0.127,0.637
96600,0.240,0.125,0.635
96700,0.253,0.137,0.610
96800,0.250,0.133,0.617
96900,0.239,0.135,0.626
97000,0.241,0.135,0.624
97100,0.249,0.131,0.620
97200,0.254,0.133,0.613
97300,0.252,0.127,0.621
97400,0.248,0.131,0.621
97500,0.249,0.135,0.616
97600,0.246,0.133,0.621
97700,0.236,0.132,0.632
97800,0.238,0.142,0.620
97900,0.236,0.136,0.628
98000,0.231,0.139,0.630
98100,0.234,0.131,0.635
98200,0.245,0.141,0.614
98300,0.250,0.139,0.611
98400,0.248,0.138,0.614
98500,0.242,0.138,0.620
98600,0.238,0.149,0.613
98700,0.239,0.161,0.600
98800,0.249,0.156,0.595
98900,0.247,0.148,0.605
99000,0.243,0.150,0.607
99100,0.236,0.140,0.624
99200,0.231,0.138,0.631
99300,0.233,0.141,0.626
99400,0.237,0.135,0.628
99500,0.239,0.139,0.622
99600,0.232,0.129,0.639
99700,0.218,0.128,0.654
99800,0.208,0.131,0.661
99900,0.198,0.132,0.670
100000,0.214,0.134,0.652
