time,n_A+p,n_B,n_AB
100,0.030,0.963,0.007
200,0.030,0.957,0.013
300,0.030,0.954,0.016
400,0.030,0.949,0.021
500,0.030,0.951,0.019
600,0.030,0.949,0.021
700,0.030,0.943,0.027
800,0.030,0.938,0.032
900,0.030,0.933,0.037
1000,0.030,0.925,0.045
1100,0.030,0.918,0.052
1200,0.030,0.914,0.056
1300,0.030,0.906,0.064
1400,0.030,0.907,0.063
1500,0.030,0.895,0.075
1600,0.030,0.891,0.079
1700,0.030,0.880,0.090
1800,0.030,0.867,0.103
1900,0.030,0.865,0.105
2000,0.030,0.862,0.108
2100,0.030,0.858,0.112
2200,0.030,0.850,0.120
2300,0.030,0.849,0.121
2400,0.031,0.844,0.125
2500,0.032,0.842,0.126
2600,0.032,0.839,0.129
2700,0.034,0.830,0.136
2800,0.035,0.828,0.137
2900,0.035,0.824,0.141
3000,0.034,0.818,0.148
3100,0.034,0.814,0.152
3200,0.034,0.809,0.157
3300,0.032,0.807,0.161
3400,0.032,0.805,0.163
3500,0.032,0.790,0.178
3600,0.032,0.788,0.180
3700,0.030,0.773,0.197
3800,0.030,0.766,0.204
3900,0.035,0.753,0.212
4000,0.035,0.754,0.211
4100,0.035,0.756,0.209
4200,0.038,0.750,0.212
4300,0.042,0.752,0.206
4400,0.047,0.738,0.215
4500,0.048,0.736,0.216
4600,0.051,0.730,0.219
4700,0.050,0.729,0.221
4800,0.050,0.727,0.223
4900,0.052,0.715,0.233
5000,0.054,0.708,0.238
5100,0.052,0.712,0.236
5200,0.047,0.712,0.241
5300,0.048,0.701,0.251
5400,0.046,0.689,0.265
5500,0.044,0.689,0.267
5600,0.047,0.683,0.270
5700,0.046,0.683,0.271
5800,0.046,0.683,0.271
5900,0.046,0.678,0.276
6000,0.048,0.671,0.281
6100,0.043,0.666,0.291
6200,0.044,0.666,0.290
6300,0.041,0.661,0.298
6400,0.046,0.639,0.315
6500,0.044,0.637,0.319
6600,0.043,0.629,0.328
6700,0.050,0.627,0.323
6800,0.051,0.630,0.319
6900,0.047,0.616,0.337
7000,0.047,0.613,0.340
7100,0.045,0.604,0.351
7200,0.050,0.607,0.343
7300,0.049,0.595,0.356
7400,0.054,0.589,0.357
7500,0.055,0.580,0.365
7600,0.056,0.570,0.374
7700,0.060,0.566,0.374
7800,0.064,0.576,0.360
7900,0.066,0.568,0.366
8000,0.066,0.575,0.359
8100,0.072,0.576,0.352
8200,0.069,0.568,0.363
8300,0.072,0.556,0.372
8400,0.066,0.558,0.376
8500,0.064,0.555,0.381
8600,0.060,0.557,0.383
8700,0.057,0.553,0.390
8800,0.058,0.547,0.395
8900,0.058,0.534,0.408
9000,0.061,0.539,0.400
9100,0.057,0.545,0.398
9200,0.060,0.529,0.411
9300,0.060,0.526,0.414
9400,0.063,0.518,0.419
9500,0.063,0.517,0.420
9600,0.064,0.505,0.431
9700,0.062,0.505,0.433
9800,0.059,0.504,0.437
9900,0.063,0.498,0.439
10000,0.068,0.502,0.430
10100,0.064,0.503,0.433
10200,0.061,0.502,0.437
10300,0.062,0.512,0.426
10400,0.062,0.506,0.432
10500,0.061,0.520,0.419
10600,0.065,0.505,0.430
10700,0.072,0.514,0.414
10800,0.072,0.511,0.417
10900,0.078,0.514,0.408
11000,0.075,0.507,0.418
11100,0.077,0.496,0.427
11200,0.077,0.488,0.435
11300,0.075,0.472,0.453
11400,0.081,0.469,0.450
11500,0.082,0.467,0.451
11600,0.087,0.456,0.457
11700,0.091,0.447,0.462
11800,0.090,0.456,0.454
11900,0.091,0.456,0.453
12000,0.091,0.451,0.458
12100,0.096,0.438,0.466
12200,0.099,0.435,0.466
12300,0.096,0.445,0.459
12400,0.096,0.448,0.456
12500,0.097,0.459,0.444
12600,0.110,0.459,0.431
12700,0.112,0.452,0.436
12800,0.110,0.443,0.447
12900,0.119,0.444,0.437
13000,0.118,0.442,0.440
13100,0.119,0.437,0.444
13200,0.109,0.440,0.451
13300,0.113,0.449,0.438
13400,0.108,0.444,0.448
13500,0.110,0.420,0.470
13600,0.116,0.432,0.452
13700,0.123,0.427,0.450
13800,0.124,0.420,0.456
13900,0.123,0.421,0.456
14000,0.115,0.409,0.476
14100,0.114,0.397,0.489
14200,0.112,0.389,0.499
14300,0.111,0.386,0.503
14400,0.105,0.381,0.514
14500,0.103,0.380,0.517
14600,0.112,0.375,0.513
14700,0.108,0.376,0.516
14800,0.119,0.362,0.519
14900,0.127,0.365,0.508
15000,0.130,0.370,0.500
15100,0.123,0.370,0.507
15200,0.128,0.364,0.508
15300,0.137,0.351,0.512
15400,0.133,0.356,0.511
15500,0.150,0.351,0.499
15600,0.151,0.357,0.492
15700,0.143,0.350,0.507
15800,0.141,0.349,0.510
15900,0.153,0.340,0.507
16000,0.150,0.336,0.514
16100,0.149,0.321,0.530
16200,0.166,0.323,0.511
16300,0.166,0.332,0.502
16400,0.166,0.326,0.508
16500,0.161,0.319,0.520
16600,0.166,0.313,0.521
16700,0.171,0.308,0.521
16800,0.166,0.303,0.531
16900,0.167,0.297,0.536
17000,0.168,0.294,0.538
17100,0.173,0.290,0.537
17200,0.149,0.294,0.557
17300,0.148,0.296,0.556
17400,0.168,0.295,0.537
17500,0.181,0.303,0.516
17600,0.174,0.294,0.532
17700,0.179,0.294,0.527
17800,0.179,0.313,0.508
17900,0.182,0.309,0.509
18000,0.181,0.302,0.517
18100,0.175,0.302,0.523
18200,0.175,0.292,0.533
18300,0.188,0.295,0.517
18400,0.194,0.283,0.523
18500,0.191,0.282,0.527
18600,0.196,0.264,0.540
18700,0.204,0.256,0.540
18800,0.206,0.262,0.532
18900,0.201,0.254,0.545
19000,0.202,0.257,0.541
19100,0.202,0.254,0.544
19200,0.208,0.258,0.534
19300,0.210,0.249,0.541
19400,0.198,0.244,0.558
19500,0.205,0.253,0.542
19600,0.200,0.242,0.558
19700,0.196,0.227,0.577
19800,0.211,0.221,0.568
19900,0.211,0.223,0.566
20000,0.213,0.219,0.568
20100,0.221,0.212,0.567
20200,0.230,0.210,0.560
20300,0.230,0.223,0.547
20400,0.233,0.226,0.541
20500,0.238,0.227,0.535
20600,0.237,0.222,0.541
20700,0.247,0.216,0.537
20800,0.244,0.212,0.544
20900,0.245,0.213,0.542
21000,0.247,0.205,0.548
21100,0.244,0.206,0.550
21200,0.258,0.214,0.528
21300,0.246,0.214,0.540
21400,0.252,0.199,0.549
21500,0.267,0.189,0.544
21600,0.268,0.175,0.557
21700,0.266,0.186,0.548
21800,0.275,0.204,0.521
21900,0.266,0.204,0.530
22000,0.267,0.204,0.529
22100,0.274,0.209,0.517
22200,0.277,0.201,0.522
22300,0.290,0.195,0.515
22400,0.298,0.202,0.500
22500,0.288,0.188,0.524
22600,0.283,0.194,0.523
22700,0.284,0.195,0.521
22800,0.295,0.191,0.514
22900,0.293,0.182,0.525
23000,0.292,0.183,0.525
23100,0.295,0.185,0.520
23200,0.298,0.187,0.515
23300,0.327,0.174,0.499
23400,0.324,0.168,0.508
23500,0.317,0.166,0.517
23600,0.318,0.167,0.515
23700,0.300,0.175,0.525
23800,0.301,0.167,0.532
23900,0.302,0.175,0.523
24000,0.301,0.172,0.527
24100,0.298,0.162,0.540
24200,0.299,0.154,0.547
24300,0.291,0.161,0.548
24400,0.285,0.163,0.552
24500,0.283,0.167,0.550
24600,0.288,0.167,0.545
24700,0.285,0.169,0.546
24800,0.288,0.163,0.549
24900,0.287,0.170,0.543
25000,0.280,0.165,0.555
25100,0.281,0.161,0.558
25200,0.283,0.154,0.563
25300,0.286,0.149,0.565
25400,0.287,0.151,0.562
25500,0.293,0.150,0.557
25600,0.289,0.163,0.548
25700,0.290,0.163,0.547
25800,0.289,0.158,0.553
25900,0.298,0.154,0.548
26000,0.303,0.160,0.537
26100,0.303,0.151,0.546
26200,0.305,0.145,0.550
26300,0.311,0.140,0.549
26400,0.311,0.142,0.547
26500,0.314,0.142,0.544
26600,0.313,0.135,0.552
26700,0.328,0.143,0.529
26800,0.331,0.136,0.533
26900,0.326,0.129,0.545
27000,0.328,0.128,0.544
27100,0.334,0.132,0.534
27200,0.341,0.128,0.531
27300,0.351,0.126,0.523
27400,0.353,0.127,0.520
27500,0.349,0.125,0.526
27600,0.354,0.128,0.518
27700,0.336,0.126,0.538
27800,0.347,0.128,0.525
27900,0.344,0.125,0.531
28000,0.336,0.125,0.539
28100,0.346,0.123,0.531
28200,0.357,0.123,0.520
28300,0.357,0.121,0.522
28400,0.350,0.120,0.530
28500,0.360,0.115,0.525
28600,0.373,0.108,0.519
28700,0.387,0.101,0.512
28800,0.375,0.092,0.533
28900,0.369,0.099,0.532
29000,0.372,0.108,0.520
29100,0.376,0.101,0.523
29200,0.384,0.102,0.514
29300,0.380,0.103,0.517
29400,0.381,0.103,0.516
29500,0.385,0.104,0.511
29600,0.381,0.111,0.508
29700,0.388,0.113,0.499
29800,0.395,0.104,0.501
29900,0.397,0.098,0.505
30000,0.404,0.097,0.499
30100,0.406,0.094,0.500
30200,0.411,0.089,0.500
30300,0.423,0.085,0.492
30400,0.426,0.078,0.496
30500,0.426,0.068,0.506
30600,0.431,0.068,0.501
30700,0.430,0.069,0.501
30800,0.442,0.065,0.493
30900,0.444,0.066,0.490
31000,0.455,0.075,0.470
31100,0.449,0.077,0.474
31200,0.441,0.076,0.483
31300,0.441,0.072,0.487
31400,0.446,0.066,0.488
31500,0.450,0.066,0.484
31600,0.459,0.065,0.476
31700,0.450,0.063,0.487
31800,0.449,0.065,0.486
31900,0.448,0.059,0.493
32000,0.448,0.051,0.501
32100,0.454,0.051,0.495
32200,0.454,0.055,0.491
32300,0.461,0.055,0.484
32400,0.462,0.054,0.484
32500,0.459,0.060,0.481
32600,0.456,0.069,0.475
32700,0.451,0.071,0.478
32800,0.446,0.073,0.481
32900,0.456,0.077,0.467
33000,0.446,0.068,0.486
33100,0.442,0.067,0.491
33200,0.447,0.067,0.486
33300,0.446,0.075,0.479
33400,0.437,0.089,0.474
33500,0.439,0.094,0.467
33600,0.444,0.090,0.466
33700,0.430,0.098,0.472
33800,0.423,0.101,0.476
33900,0.432,0.102,0.466
34000,0.422,0.100,0.478
34100,0.416,0.105,0.479
34200,0.404,0.099,0.497
34300,0.395,0.096,0.509
34400,0.409,0.096,0.495
34500,0.407,0.094,0.499
34600,0.410,0.096,0.494
34700,0.421,0.098,0.481
34800,0.422,0.099,0.479
34900,0.422,0.100,0.478
35000,0.427,0.100,0.473
35100,0.433,0.097,0.470
35200,0.427,0.095,0.478
35300,0.423,0.089,0.488
35400,0.425,0.082,0.493
35500,0.428,0.083,0.489
35600,0.430,0.070,0.500
35700,0.429,0.065,0.506
35800,0.436,0.064,0.500
35900,0.435,0.069,0.496
36000,0.428,0.077,0.495
36100,0.428,0.078,0.494
36200,0.422,0.077,0.501
36300,0.431,0.081,0.488
36400,0.442,0.078,0.480
36500,0.450,0.079,0.471
36600,0.461,0.077,0.462
36700,0.458,0.072,0.470
36800,0.455,0.068,0.477
36900,0.456,0.069,0.475
37000,0.468,0.069,0.463
37100,0.475,0.068,0.457
37200,0.480,0.068,0.452
37300,0.475,0.067,0.458
37400,0.467,0.067,0.466
37500,0.464,0.063,0.473
37600,0.482,0.061,0.457
37700,0.468,0.065,0.467
37800,0.471,0.064,0.465
37900,0.465,0.067,0.468
38000,0.469,0.064,0.467
38100,0.471,0.061,0.468
38200,0.464,0.063,0.473
38300,0.456,0.066,0.478
38400,0.460,0.056,0.484
38500,0.466,0.062,0.472
38600,0.460,0.077,0.463
38700,0.465,0.075,0.460
38800,0.460,0.070,0.470
38900,0.452,0.069,0.479
39000,0.461,0.058,0.481
39100,0.472,0.066,0.462
39200,0.482,0.062,0.456
39300,0.485,0.063,0.452
39400,0.474,0.065,0.461
39500,0.476,0.065,0.459
39600,0.464,0.067,0.469
39700,0.460,0.066,0.474
39800,0.466,0.061,0.473
39900,0.453,0.062,0.485
40000,0.471,0.066,0.463
40100,0.471,0.060,0.469
40200,0.472,0.061,0.467
40300,0.473,0.064,0.463
40400,0.476,0.069,0.455
40500,0.480,0.073,0.447
40600,0.489,0.081,0.430
40700,0.487,0.070,0.443
40800,0.487,0.065,0.448
40900,0.490,0.067,0.443
41000,0.480,0.067,0.453
41100,0.479,0.069,0.452
41200,0.477,0.062,0.461
41300,0.485,0.056,0.459
41400,0.485,0.055,0.460
41500,0.495,0.052,0.453
41600,0.509,0.047,0.444
41700,0.515,0.052,0.433
41800,0.517,0.062,0.421
41900,0.516,0.056,0.428
42000,0.522,0.053,0.425
42100,0.527,0.045,0.428
42200,0.518,0.046,0.436
42300,0.517,0.046,0.437
42400,0.515,0.049,0.436
42500,0.507,0.047,0.446
42600,0.511,0.048,0.441
42700,0.536,0.050,0.414
42800,0.545,0.055,0.400
42900,0.545,0.047,0.408
43000,0.538,0.044,0.418
43100,0.542,0.044,0.414
43200,0.542,0.041,0.417
43300,0.552,0.036,0.412
43400,0.548,0.036,0.416
43500,0.558,0.034,0.408
43600,0.565,0.032,0.403
43700,0.566,0.034,0.400
43800,0.570,0.040,0.390
43900,0.574,0.039,0.387
44000,0.572,0.034,0.394
44100,0.573,0.036,0.391
44200,0.577,0.030,0.393
44300,0.585,0.024,0.391
44400,0.593,0.026,0.381
44500,0.585,0.022,0.393
44600,0.592,0.024,0.384
44700,0.598,0.023,0.379
44800,0.599,0.026,0.375
44900,0.579,0.035,0.386
45000,0.572,0.036,0.392
45100,0.590,0.035,0.375
45200,0.603,0.033,0.364
45300,0.607,0.031,0.362
45400,0.600,0.032,0.368
45500,0.595,0.034,0.371
45600,0.601,0.037,0.362
45700,0.601,0.041,0.358
45800,0.593,0.045,0.362
45900,0.576,0.049,0.375
46000,0.575,0.048,0.377
46100,0.573,0.053,0.374
46200,0.558,0.051,0.391
46300,0.545,0.052,0.403
46400,0.541,0.050,0.409
46500,0.535,0.053,0.412
46600,0.542,0.047,0.411
46700,0.539,0.056,0.405
46800,0.544,0.056,0.400
46900,0.547,0.056,0.397
47000,0.546,0.058,0.396
47100,0.535,0.053,0.412
47200,0.524,0.049,0.427
47300,0.515,0.049,0.436
47400,0.528,0.044,0.428
47500,0.522,0.038,0.440
47600,0.522,0.039,0.439
47700,0.508,0.039,0.453
47800,0.514,0.034,0.452
47900,0.514,0.037,0.449
48000,0.518,0.029,0.453
48100,0.515,0.033,0.452
48200,0.508,0.035,0.457
48300,0.504,0.035,0.461
48400,0.510,0.038,0.452
48500,0.517,0.042,0.441
48600,0.508,0.040,0.452
48700,0.517,0.036,0.447
48800,0.531,0.032,0.437
48900,0.516,0.040,0.444
49000,0.524,0.041,0.435
49100,0.529,0.049,0.422
49200,0.542,0.046,0.412
49300,0.532,0.048,0.420
49400,0.535,0.044,0.421
49500,0.528,0.044,0.428
49600,0.533,0.042,0.425
49700,0.530,0.046,0.424
49800,0.538,0.047,0.415
49900,0.545,0.040,0.415
50000,0.539,0.040,0.421
50100,0.540,0.044,0.416
50200,0.534,0.051,0.415
50300,0.528,0.048,0.424
50400,0.525,0.046,0.429
50500,0.517,0.044,0.439
50600,0.506,0.050,0.444
50700,0.499,0.046,0.455
50800,0.513,0.044,0.443
50900,0.508,0.047,0.445
51000,0.508,0.048,0.444
51100,0.505,0.052,0.443
51200,0.507,0.054,0.439
51300,0.518,0.053,0.429
51400,0.530,0.052,0.418
51500,0.524,0.050,0.426
51600,0.529,0.048,0.423
51700,0.542,0.050,0.408
51800,0.547,0.048,0.405
51900,0.551,0.048,0.401
52000,0.551,0.047,0.402
52100,0.556,0.044,0.400
52200,0.562,0.044,0.394
52300,0.562,0.046,0.392
52400,0.561,0.047,0.392
52500,0.566,0.044,0.390
52600,0.554,0.043,0.403
52700,0.553,0.043,0.404
52800,0.564,0.047,0.389
52900,0.567,0.046,0.387
53000,0.558,0.045,0.397
53100,0.551,0.045,0.404
53200,0.558,0.046,0.396
53300,0.560,0.044,0.396
53400,0.565,0.040,0.395
53500,0.559,0.044,0.397
53600,0.562,0.045,0.393
53700,0.547,0.044,0.409
53800,0.545,0.042,0.413
53900,0.540,0.043,0.417
54000,0.552,0.049,0.399
54100,0.545,0.046,0.409
54200,0.544,0.045,0.411
54300,0.540,0.047,0.413
54400,0.526,0.047,0.427
54500,0.524,0.044,0.432
54600,0.526,0.048,0.426
54700,0.519,0.050,0.431
54800,0.515,0.045,0.440
54900,0.526,0.056,0.418
55000,0.519,0.055,0.426
55100,0.526,0.051,0.423
55200,0.511,0.044,0.445
55300,0.497,0.052,0.451
55400,0.507,0.045,0.448
55500,0.501,0.043,0.456
55600,0.505,0.042,0.453
55700,0.523,0.038,0.439
55800,0.521,0.042,0.437
55900,0.529,0.039,0.432
56000,0.529,0.039,0.432
56100,0.525,0.039,0.436
56200,0.530,0.041,0.429
56300,0.530,0.039,0.431
56400,0.534,0.040,0.426
56500,0.535,0.042,0.423
56600,0.546,0.038,0.416
56700,0.542,0.038,0.420
56800,0.546,0.031,0.423
56900,0.540,0.029,0.431
57000,0.557,0.027,0.416
57100,0.563,0.027,0.410
57200,0.552,0.028,0.420
57300,0.557,0.028,0.415
57400,0.546,0.028,0.426
57500,0.526,0.028,0.446
57600,0.544,0.033,0.423
57700,0.558,0.030,0.412
57800,0.557,0.030,0.413
57900,0.563,0.028,0.409
58000,0.566,0.024,0.410
58100,0.569,0.027,0.404
58200,0.576,0.030,0.394
58300,0.570,0.032,0.398
58400,0.572,0.034,0.394
58500,0.574,0.028,0.398
58600,0.578,0.027,0.395
58700,0.576,0.029,0.395
58800,0.579,0.034,0.387
58900,0.567,0.032,0.401
59000,0.570,0.034,0.396
59100,0.570,0.038,0.392
59200,0.572,0.037,0.391
59300,0.571,0.035,0.394
59400,0.575,0.030,0.395
59500,0.573,0.027,0.400
59600,0.578,0.028,0.394
59700,0.584,0.027,0.389
59800,0.580,0.032,0.388
59900,0.579,0.030,0.391
60000,0.588,0.031,0.381
60100,0.598,0.027,0.375
60200,0.596,0.029,0.375
60300,0.593,0.032,0.375
60400,0.588,0.028,0.384
60500,0.580,0.031,0.389
60600,0.571,0.027,0.402
60700,0.564,0.028,0.408
60800,0.574,0.027,0.399
60900,0.572,0.024,0.404
61000,0.573,0.021,0.406
61100,0.572,0.021,0.407
61200,0.572,0.030,0.398
61300,0.565,0.035,0.400
61400,0.563,0.037,0.400
61500,0.566,0.041,0.393
61600,0.571,0.040,0.389
61700,0.570,0.041,0.389
61800,0.576,0.036,0.388
61900,0.555,0.040,0.405
62000,0.554,0.041,0.405
62100,0.562,0.043,0.395
62200,0.575,0.042,0.383
62300,0.577,0.041,0.382
62400,0.585,0.036,0.379
62500,0.586,0.031,0.383
62600,0.588,0.027,0.385
62700,0.596,0.025,0.379
62800,0.598,0.024,0.378
62900,0.596,0.018,0.386
63000,0.615,0.016,0.369
63100,0.608,0.015,0.377
63200,0.609,0.015,0.376
63300,0.606,0.014,0.380
63400,0.620,0.013,0.367
63500,0.622,0.012,0.366
63600,0.623,0.016,0.361
63700,0.619,0.018,0.363
63800,0.636,0.015,0.349
63900,0.621,0.015,0.364
64000,0.623,0.022,0.355
64100,0.627,0.018,0.355
64200,0.630,0.018,0.352
64300,0.636,0.022,0.342
64400,0.628,0.027,0.345
64500,0.641,0.022,0.337
64600,0.645,0.022,0.333
64700,0.642,0.018,0.340
64800,0.649,0.017,0.334
64900,0.652,0.014,0.334
65000,0.653,0.014,0.333
65100,0.655,0.013,0.332
65200,0.661,0.014,0.325
65300,0.665,0.012,0.323
65400,0.667,0.009,0.324
65500,0.667,0.012,0.321
65600,0.672,0.011,0.317
65700,0.668,0.010,0.322
65800,0.662,0.014,0.324
65900,0.666,0.013,0.321
66000,0.656,0.014,0.330
66100,0.653,0.017,0.330
66200,0.654,0.018,0.328
66300,0.655,0.018,0.327
66400,0.657,0.015,0.328
66500,0.648,0.018,0.334
66600,0.633,0.017,0.350
66700,0.642,0.015,0.343
66800,0.639,0.014,0.347
66900,0.636,0.020,0.344
67000,0.640,0.019,0.341
67100,0.638,0.017,0.345
67200,0.635,0.020,0.345
67300,0.644,0.019,0.337
67400,0.647,0.019,0.334
67500,0.653,0.019,0.328
67600,0.646,0.020,0.334
67700,0.643,0.020,0.337
67800,0.645,0.016,0.339
67900,0.641,0.018,0.341
68000,0.645,0.016,0.339
68100,0.643,0.016,0.341
68200,0.641,0.019,0.340
68300,0.645,0.018,0.337
68400,0.662,0.019,0.319
68500,0.660,0.022,0.318
68600,0.662,0.024,0.314
68700,0.660,0.026,0.314
68800,0.661,0.029,0.310
68900,0.669,0.027,0.304
69000,0.654,0.027,0.319
69100,0.653,0.028,0.319
69200,0.649,0.026,0.325
69300,0.648,0.031,0.321
69400,0.654,0.033,0.313
69500,0.666,0.034,0.300
69600,0.665,0.028,0.307
69700,0.661,0.027,0.312
69800,0.673,0.025,0.302
69900,0.671,0.023,0.306
70000,0.668,0.026,0.306
70100,0.665,0.028,0.307
70200,0.659,0.022,0.319
70300,0.666,0.023,0.311
70400,0.656,0.022,0.322
70500,0.649,0.018,0.333
70600,0.650,0.017,0.333
70700,0.651,0.019,0.330
70800,0.644,0.023,0.333
70900,0.641,0.019,0.340
71000,0.645,0.016,0.339
71100,0.638,0.014,0.348
71200,0.642,0.021,0.337
71300,0.640,0.019,0.341
71400,0.633,0.018,0.349
71500,0.625,0.023,0.352
71600,0.622,0.027,0.351
71700,0.619,0.033,0.348
71800,0.625,0.034,0.341
71900,0.612,0.031,0.357
72000,0.614,0.038,0.348
72100,0.626,0.034,0.340
72200,0.627,0.033,0.340
72300,0.622,0.031,0.347
72400,0.622,0.030,0.348
72500,0.626,0.033,0.341
72600,0.623,0.035,0.342
72700,0.611,0.035,0.354
72800,0.604,0.038,0.358
72900,0.590,0.042,0.368
73000,0.590,0.040,0.370
73100,0.595,0.043,0.362
73200,0.599,0.042,0.359
73300,0.598,0.048,0.354
73400,0.602,0.044,0.354
73500,0.609,0.045,0.346
73600,0.606,0.039,0.355
73700,0.617,0.036,0.347
73800,0.617,0.036,0.347
73900,0.619,0.033,0.348
74000,0.612,0.035,0.353
74100,0.610,0.040,0.350
74200,0.611,0.042,0.347
74300,0.604,0.040,0.356
74400,0.603,0.042,0.355
74500,0.605,0.040,0.355
74600,0.606,0.040,0.354
74700,0.581,0.043,0.376
74800,0.568,0.038,0.394
74900,0.570,0.040,0.390
75000,0.569,0.042,0.389
75100,0.561,0.045,0.394
75200,0.556,0.041,0.403
75300,0.552,0.041,0.407
75400,0.554,0.044,0.402
75500,0.555,0.042,0.403
75600,0.560,0.045,0.395
75700,0.556,0.050,0.394
75800,0.543,0.051,0.406
75900,0.541,0.054,0.405
76000,0.537,0.049,0.414
76100,0.536,0.051,0.413
76200,0.524,0.053,0.423
76300,0.521,0.056,0.423
76400,0.519,0.053,0.428
76500,0.530,0.051,0.419
76600,0.515,0.055,0.430
76700,0.511,0.054,0.435
76800,0.517,0.051,0.432
76900,0.519,0.047,0.434
77000,0.510,0.044,0.446
77100,0.510,0.047,0.443
77200,0.524,0.047,0.429
77300,0.546,0.043,0.411
77400,0.541,0.041,0.418
77500,0.544,0.036,0.420
77600,0.541,0.039,0.420
77700,0.548,0.032,0.420
77800,0.550,0.035,0.415
77900,0.556,0.041,0.403
78000,0.567,0.045,0.388
78100,0.580,0.045,0.375
78200,0.579,0.043,0.378
78300,0.573,0.038,0.389
78400,0.579,0.041,0.380
78500,0.578,0.043,0.379
78600,0.578,0.037,0.385
78700,0.575,0.039,0.386
78800,0.557,0.045,0.398
78900,0.551,0.048,0.401
79000,0.553,0.047,0.400
79100,0.551,0.052,0.397
79200,0.542,0.054,0.404
79300,0.550,0.051,0.399
79400,0.550,0.052,0.398
79500,0.536,0.059,0.405
79600,0.523,0.056,0.421
79700,0.510,0.059,0.431
79800,0.504,0.070,0.426
79900,0.512,0.067,0.421
80000,0.508,0.059,0.433
80100,0.506,0.060,0.434
80200,0.498,0.056,0.446
80300,0.490,0.050,0.460
80400,0.494,0.048,0.458
80500,0.499,0.053,0.448
80600,0.499,0.054,0.447
80700,0.504,0.057,0.439
80800,0.499,0.052,0.449
80900,0.507,0.053,0.440
81000,0.501,0.053,0.446
81100,0.500,0.053,0.447
81200,0.499,0.053,0.448
81300,0.487,0.053,0.460
81400,0.509,0.050,0.441
81500,0.502,0.054,0.444
81600,0.509,0.055,0.436
81700,0.495,0.058,0.447
81800,0.497,0.055,0.448
81900,0.485,0.062,0.453
82000,0.494,0.066,0.440
82100,0.490,0.056,0.454
82200,0.478,0.053,0.469
82300,0.470,0.052,0.478
82400,0.463,0.055,0.482
82500,0.470,0.056,0.474
82600,0.461,0.059,0.480
82700,0.474,0.060,0.466
82800,0.473,0.056,0.471
82900,0.482,0.057,0.461
83000,0.501,0.058,0.441
83100,0.500,0.054,0.446
83200,0.494,0.047,0.459
83300,0.504,0.045,0.451
83400,0.501,0.044,0.455
83500,0.507,0.049,0.444
83600,0.529,0.047,0.424
83700,0.522,0.042,0.436
83800,0.523,0.037,0.440
83900,0.528,0.038,0.434
84000,0.519,0.043,0.438
84100,0.520,0.045,0.435
84200,0.530,0.047,0.423
84300,0.538,0.048,0.414
84400,0.519,0.047,0.434
84500,0.517,0.047,0.436
84600,0.514,0.049,0.437
84700,0.508,0.044,0.448
84800,0.510,0.043,0.447
84900,0.516,0.045,0.439
85000,0.515,0.051,0.434
85100,0.519,0.055,0.426
85200,0.530,0.053,0.417
85300,0.541,0.053,0.406
85400,0.537,0.050,0.413
85500,0.553,0.050,0.397
85600,0.545,0.047,0.408
85700,0.553,0.046,0.401
85800,0.540,0.050,0.410
85900,0.529,0.050,0.421
86000,0.541,0.048,0.411
86100,0.548,0.044,0.408
86200,0.550,0.046,0.404
86300,0.559,0.046,0.395
86400,0.551,0.047,0.402
86500,0.546,0.041,0.413
86600,0.545,0.039,0.416
86700,0.550,0.041,0.409
86800,0.553,0.047,0.400
86900,0.550,0.054,0.396
87000,0.545,0.049,0.406
87100,0.546,0.043,0.411
87200,0.545,0.041,0.414
87300,0.534,0.051,0.415
87400,0.533,0.048,0.419
87500,0.536,0.043,0.421
87600,0.542,0.043,0.415
87700,0.528,0.039,0.433
87800,0.536,0.039,0.425
87900,0.529,0.036,0.435
88000,0.532,0.037,0.431
88100,0.533,0.042,0.425
88200,0.554,0.039,0.407
88300,0.548,0.038,0.414
88400,0.572,0.036,0.392
88500,0.567,0.031,0.402
88600,0.570,0.030,0.400
88700,0.561,0.035,0.404
88800,0.577,0.029,0.394
88900,0.577,0.026,0.397
89000,0.582,0.022,0.396
89100,0.592,0.021,0.387
89200,0.593,0.019,0.388
89300,0.601,0.020,0.379
89400,0.610,0.023,0.367
89500,0.618,0.021,0.361
89600,0.618,0.025,0.357
89700,0.595,0.022,0.383
89800,0.587,0.023,0.390
89900,0.586,0.022,0.392
90000,0.582,0.022,0.396
90100,0.592,0.030,0.378
90200,0.599,0.034,0.367
90300,0.601,0.036,0.363
90400,0.603,0.032,0.365
90500,0.612,0.029,0.359
90600,0.617,0.033,0.350
90700,0.607,0.034,0.359
90800,0.603,0.028,0.369
90900,0.588,0.026,0.386
91000,0.602,0.030,0.368
91100,0.602,0.030,0.368
91200,0.595,0.030,0.375
91300,0.598,0.032,0.370
91400,0.579,0.034,0.387
91500,0.567,0.035,0.398
91600,0.566,0.037,0.397
91700,0.565,0.039,0.396
91800,0.565,0.042,0.393
91900,0.577,0.037,0.386
92000,0.577,0.030,0.393
92100,0.570,0.025,0.405
92200,0.567,0.022,0.411
92300,0.564,0.023,0.413
92400,0.579,0.020,0.401
92500,0.578,0.030,0.392
92600,0.579,0.036,0.385
92700,0.590,0.044,0.366
92800,0.588,0.043,0.369
92900,0.585,0.046,0.369
93000,0.580,0.065,0.355
93100,0.583,0.068,0.349
93200,0.578,0.068,0.354
93300,0.570,0.065,0.365
93400,0.567,0.057,0.376
93500,0.566,0.058,0.376
93600,0.560,0.057,0.383
93700,0.557,0.052,0.391
93800,0.556,0.052,0.392
93900,0.544,0.047,0.409
94000,0.548,0.050,0.402
94100,0.538,0.057,0.405
94200,0.544,0.052,0.404
94300,0.542,0.049,0.409
94400,0.543,0.047,0.410
94500,0.556,0.052,0.392
94600,0.556,0.057,0.387
94700,0.560,0.051,0.389
94800,0.542,0.049,0.409
94900,0.540,0.047,0.413
95000,0.550,0.046,0.404
95100,0.555,0.051,0.394
95200,0.556,0.051,0.393
95300,0.555,0.051,0.394
95400,0.552,0.054,0.394
95500,0.556,0.051,0.393
95600,0.547,0.047,0.406
95700,0.535,0.046,0.419
95800,0.536,0.050,0.414
95900,0.553,0.054,0.393
96000,0.539,0.056,0.405
96100,0.525,0.049,0.426
96200,0.522,0.051,0.427
96300,0.520,0.056,0.424
96400,0.517,0.055,0.428
96500,0.517,0.049,0.434
96600,0.501,0.050,0.449
96700,0.512,0.051,0.437
96800,0.507,0.048,0.445
96900,0.498,0.051,0.451
97000,0.505,0.049,0.446
97100,0.524,0.053,0.423
97200,0.528,0.052,0.420
97300,0.535,0.048,0.417
97400,0.544,0.046,0.410
97500,0.556,0.046,0.398
97600,0.570,0.047,0.383
97700,0.562,0.051,0.387
97800,0.550,0.057,0.393
97900,0.541,0.056,0.403
98000,0.528,0.055,0.417
98100,0.537,0.050,0.413
98200,0.541,0.051,0.408
98300,0.526,0.045,0.429
98400,0.531,0.042,0.427
98500,0.522,0.044,0.434
98600,0.529,0.047,0.424
98700,0.522,0.046,0.432
98800,0.520,0.046,0.434
98900,0.524,0.049,0.427
99000,0.532,0.039,0.429
99100,0.542,0.038,0.420
99200,0.537,0.045,0.418
99300,0.542,0.045,0.413
99400,0.547,0.045,0.408
99500,0.537,0.048,0.415
99600,0.534,0.046,0.420
99700,0.550,0.048,0.402
99800,0.560,0.040,0.400
99900,0.555,0.039,0.406
100000,0.557,0.038,0.405
