time,n_A+p,n_B,n_AB
100,0.030,0.966,0.004
200,0.030,0.966,0.004
300,0.030,0.963,0.007
400,0.030,0.962,0.008
500,0.030,0.961,0.009
600,0.030,0.957,0.013
700,0.030,0.957,0.013
800,0.030,0.954,0.016
900,0.030,0.951,0.019
1000,0.030,0.951,0.019
1100,0.030,0.951,0.019
1200,0.030,0.947,0.023
1300,0.030,0.943,0.027
1400,0.030,0.944,0.026
1500,0.030,0.942,0.028
1600,0.030,0.937,0.033
1700,0.030,0.930,0.040
1800,0.030,0.920,0.050
1900,0.030,0.918,0.052
2000,0.031,0.927,0.042
2100,0.032,0.925,0.043
2200,0.032,0.926,0.042
2300,0.032,0.925,0.043
2400,0.032,0.923,0.045
2500,0.032,0.924,0.044
2600,0.031,0.925,0.044
2700,0.031,0.923,0.046
2800,0.031,0.919,0.050
2900,0.035,0.918,0.047
3000,0.034,0.914,0.052
3100,0.033,0.910,0.057
3200,0.033,0.912,0.055
3300,0.031,0.905,0.064
3400,0.031,0.910,0.059
3500,0.031,0.914,0.055
3600,0.031,0.914,0.055
3700,0.031,0.915,0.054
3800,0.031,0.916,0.053
3900,0.031,0.920,0.049
4000,0.031,0.917,0.052
4100,0.031,0.910,0.059
4200,0.031,0.908,0.061
4300,0.031,0.904,0.065
4400,0.031,0.912,0.057
4500,0.031,0.909,0.060
4600,0.031,0.907,0.062
4700,0.031,0.904,0.065
4800,0.031,0.906,0.063
4900,0.031,0.907,0.062
5000,0.031,0.906,0.063
5100,0.031,0.907,0.062
5200,0.031,0.912,0.057
5300,0.031,0.907,0.062
5400,0.031,0.909,0.060
5500,0.034,0.905,0.061
5600,0.034,0.905,0.061
5700,0.034,0.905,0.061
5800,0.034,0.906,0.060
5900,0.035,0.899,0.066
6000,0.035,0.896,0.069
6100,0.035,0.889,0.076
6200,0.034,0.891,0.075
6300,0.033,0.895,0.072
6400,0.033,0.892,0.075
6500,0.033,0.893,0.074
6600,0.032,0.888,0.080
6700,0.033,0.900,0.067
6800,0.032,0.895,0.073
6900,0.032,0.890,0.078
7000,0.032,0.889,0.079
7100,0.032,0.890,0.078
7200,0.032,0.894,0.074
7300,0.033,0.899,0.068
7400,0.033,0.895,0.072
7500,0.033,0.894,0.073
7600,0.035,0.892,0.073
7700,0.035,0.896,0.069
7800,0.034,0.894,0.072
7900,0.032,0.893,0.075
8000,0.032,0.891,0.077
8100,0.032,0.889,0.079
8200,0.033,0.892,0.075
8300,0.031,0.892,0.077
8400,0.034,0.890,0.076
8500,0.034,0.884,0.082
8600,0.035,0.885,0.080
8700,0.034,0.883,0.083
8800,0.035,0.887,0.078
8900,0.034,0.890,0.076
9000,0.034,0.881,0.085
9100,0.034,0.882,0.084
9200,0.034,0.889,0.077
9300,0.034,0.890,0.076
9400,0.034,0.889,0.077
9500,0.034,0.884,0.082
9600,0.034,0.888,0.078
9700,0.035,0.880,0.085
9800,0.034,0.879,0.087
9900,0.036,0.876,0.088
10000,0.036,0.877,0.087
10100,0.036,0.871,0.093
10200,0.036,0.874,0.090
10300,0.037,0.877,0.086
10400,0.036,0.873,0.091
10500,0.035,0.869,0.096
10600,0.035,0.869,0.096
10700,0.035,0.864,0.101
10800,0.036,0.873,0.091
10900,0.036,0.872,0.092
11000,0.035,0.878,0.087
11100,0.034,0.881,0.085
11200,0.035,0.887,0.078
11300,0.033,0.880,0.087
11400,0.033,0.874,0.093
11500,0.034,0.875,0.091
11600,0.035,0.883,0.082
11700,0.035,0.882,0.083
11800,0.035,0.876,0.089
11900,0.034,0.873,0.093
12000,0.034,0.865,0.101
12100,0.036,0.865,0.099
12200,0.036,0.865,0.099
12300,0.033,0.869,0.098
12400,0.033,0.867,0.100
12500,0.033,0.863,0.104
12600,0.033,0.857,0.110
12700,0.035,0.857,0.108
12800,0.035,0.855,0.110
12900,0.035,0.845,0.120
13000,0.035,0.844,0.121
13100,0.036,0.846,0.118
13200,0.037,0.848,0.115
13300,0.037,0.850,0.113
13400,0.039,0.843,0.118
13500,0.038,0.849,0.113
13600,0.037,0.851,0.112
13700,0.037,0.849,0.114
13800,0.036,0.850,0.114
13900,0.037,0.857,0.106
14000,0.035,0.862,0.103
14100,0.035,0.858,0.107
14200,0.036,0.848,0.116
14300,0.036,0.856,0.108
14400,0.038,0.870,0.092
14500,0.036,0.868,0.096
14600,0.036,0.866,0.098
14700,0.038,0.863,0.099
14800,0.039,0.851,0.110
14900,0.037,0.854,0.109
15000,0.037,0.855,0.108
15100,0.037,0.856,0.107
15200,0.035,0.857,0.108
15300,0.034,0.864,0.102
15400,0.034,0.864,0.102
15500,0.036,0.862,0.102
15600,0.033,0.864,0.103
15700,0.033,0.867,0.100
15800,0.035,0.876,0.089
15900,0.035,0.871,0.094
16000,0.034,0.873,0.093
16100,0.036,0.874,0.090
16200,0.036,0.868,0.096
16300,0.037,0.865,0.098
16400,0.039,0.869,0.092
16500,0.040,0.869,0.091
16600,0.039,0.866,0.095
16700,0.039,0.871,0.090
16800,0.036,0.876,0.088
16900,0.037,0.873,0.090
17000,0.037,0.863,0.100
17100,0.037,0.869,0.094
17200,0.037,0.867,0.096
17300,0.038,0.865,0.097
17400,0.036,0.862,0.102
17500,0.036,0.867,0.097
17600,0.037,0.870,0.093
17700,0.039,0.874,0.087
17800,0.039,0.873,0.088
17900,0.038,0.859,0.103
18000,0.036,0.856,0.108
18100,0.036,0.860,0.104
18200,0.038,0.863,0.099
18300,0.038,0.855,0.107
18400,0.038,0.848,0.114
18500,0.036,0.843,0.121
18600,0.034,0.850,0.116
18700,0.033,0.852,0.115
18800,0.032,0.855,0.113
18900,0.031,0.859,0.110
19000,0.031,0.863,0.106
19100,0.031,0.862,0.107
19200,0.031,0.866,0.103
19300,0.033,0.863,0.104
19400,0.033,0.872,0.095
19500,0.033,0.872,0.095
19600,0.034,0.875,0.091
19700,0.034,0.881,0.085
19800,0.034,0.885,0.081
19900,0.033,0.889,0.078
20000,0.033,0.888,0.079
20100,0.033,0.889,0.078
20200,0.032,0.892,0.076
20300,0.032,0.886,0.082
20400,0.032,0.880,0.088
20500,0.035,0.876,0.089
20600,0.035,0.878,0.087
20700,0.036,0.881,0.083
20800,0.034,0.885,0.081
20900,0.034,0.884,0.082
21000,0.035,0.884,0.081
21100,0.034,0.881,0.085
21200,0.033,0.879,0.088
21300,0.033,0.878,0.089
21400,0.033,0.878,0.089
21500,0.033,0.871,0.096
21600,0.034,0.870,0.096
21700,0.034,0.866,0.100
21800,0.036,0.865,0.099
21900,0.035,0.866,0.099
22000,0.034,0.869,0.097
22100,0.033,0.870,0.097
22200,0.032,0.864,0.104
22300,0.032,0.869,0.099
22400,0.031,0.862,0.107
22500,0.031,0.870,0.099
22600,0.031,0.868,0.101
22700,0.031,0.871,0.098
22800,0.033,0.878,0.089
22900,0.035,0.868,0.097
23000,0.035,0.866,0.099
23100,0.035,0.875,0.090
23200,0.033,0.876,0.091
23300,0.033,0.870,0.097
23400,0.033,0.869,0.098
23500,0.033,0.868,0.099
23600,0.034,0.865,0.101
23700,0.034,0.861,0.105
23800,0.034,0.860,0.106
23900,0.034,0.859,0.107
24000,0.033,0.864,0.103
24100,0.032,0.869,0.099
24200,0.031,0.876,0.093
24300,0.031,0.870,0.099
24400,0.031,0.871,0.098
24500,0.031,0.869,0.100
24600,0.031,0.869,0.100
24700,0.030,0.868,0.102
24800,0.030,0.863,0.107
24900,0.030,0.862,0.108
25000,0.031,0.865,0.104
25100,0.031,0.864,0.105
25200,0.031,0.856,0.113
25300,0.031,0.861,0.108
25400,0.031,0.867,0.102
25500,0.031,0.868,0.101
25600,0.031,0.871,0.098
25700,0.034,0.869,0.097
25800,0.034,0.866,0.100
25900,0.035,0.869,0.096
26000,0.036,0.862,0.102
26100,0.036,0.855,0.109
26200,0.037,0.853,0.110
26300,0.037,0.861,0.102
26400,0.035,0.858,0.107
26500,0.035,0.859,0.106
26600,0.034,0.860,0.106
26700,0.035,0.855,0.110
26800,0.034,0.856,0.110
26900,0.034,0.852,0.114
27000,0.031,0.857,0.112
27100,0.033,0.857,0.110
27200,0.033,0.859,0.108
27300,0.035,0.861,0.104
27400,0.035,0.861,0.104
27500,0.037,0.860,0.103
27600,0.037,0.856,0.107
27700,0.037,0.857,0.106
27800,0.039,0.853,0.108
27900,0.040,0.849,0.111
28000,0.041,0.846,0.113
28100,0.041,0.845,0.114
28200,0.041,0.854,0.105
28300,0.040,0.850,0.110
28400,0.039,0.848,0.113
28500,0.039,0.844,0.117
28600,0.038,0.845,0.117
28700,0.038,0.847,0.115
28800,0.038,0.844,0.118
28900,0.038,0.848,0.114
29000,0.038,0.847,0.115
29100,0.037,0.842,0.121
29200,0.038,0.849,0.113
29300,0.037,0.845,0.118
29400,0.036,0.856,0.108
29500,0.038,0.858,0.104
29600,0.039,0.849,0.112
29700,0.039,0.845,0.116
29800,0.039,0.854,0.107
29900,0.039,0.849,0.112
30000,0.039,0.846,0.115
30100,0.038,0.841,0.121
30200,0.037,0.837,0.126
30300,0.037,0.834,0.129
30400,0.037,0.832,0.131
30500,0.040,0.836,0.124
30600,0.040,0.834,0.126
30700,0.040,0.837,0.123
30800,0.040,0.834,0.126
30900,0.039,0.825,0.136
31000,0.040,0.822,0.138
31100,0.039,0.828,0.133
31200,0.038,0.826,0.136
31300,0.036,0.832,0.132
31400,0.036,0.847,0.117
31500,0.034,0.844,0.122
31600,0.034,0.846,0.120
31700,0.038,0.845,0.117
31800,0.039,0.841,0.120
31900,0.039,0.837,0.124
32000,0.039,0.839,0.122
32100,0.040,0.834,0.126
32200,0.039,0.831,0.130
32300,0.038,0.828,0.134
32400,0.037,0.829,0.134
32500,0.039,0.821,0.140
32600,0.040,0.812,0.148
32700,0.039,0.812,0.149
32800,0.036,0.809,0.155
32900,0.035,0.804,0.161
33000,0.039,0.808,0.153
33100,0.041,0.814,0.145
33200,0.043,0.826,0.131
33300,0.042,0.819,0.139
33400,0.044,0.822,0.134
33500,0.046,0.826,0.128
33600,0.047,0.830,0.123
33700,0.045,0.826,0.129
33800,0.043,0.824,0.133
33900,0.043,0.821,0.136
34000,0.042,0.830,0.128
34100,0.044,0.822,0.134
34200,0.045,0.821,0.134
34300,0.048,0.820,0.132
34400,0.052,0.812,0.136
34500,0.050,0.815,0.135
34600,0.050,0.819,0.131
34700,0.048,0.819,0.133
34800,0.046,0.825,0.129
34900,0.043,0.821,0.136
35000,0.045,0.821,0.134
35100,0.043,0.822,0.135
35200,0.044,0.819,0.137
35300,0.044,0.819,0.137
35400,0.045,0.817,0.138
35500,0.046,0.818,0.136
35600,0.044,0.820,0.136
35700,0.044,0.821,0.135
35800,0.044,0.816,0.140
35900,0.045,0.819,0.136
36000,0.046,0.818,0.136
36100,0.045,0.829,0.126
36200,0.048,0.820,0.132
36300,0.049,0.822,0.129
36400,0.048,0.819,0.133
36500,0.048,0.827,0.125
36600,0.044,0.828,0.128
36700,0.042,0.831,0.127
36800,0.041,0.828,0.131
36900,0.041,0.824,0.135
37000,0.039,0.829,0.132
37100,0.039,0.835,0.126
37200,0.039,0.833,0.128
37300,0.038,0.829,0.133
37400,0.037,0.827,0.136
37500,0.037,0.836,0.127
37600,0.037,0.835,0.128
37700,0.036,0.838,0.126
37800,0.036,0.838,0.126
37900,0.036,0.842,0.122
38000,0.038,0.845,0.117
38100,0.039,0.847,0.114
38200,0.037,0.846,0.117
38300,0.037,0.848,0.115
38400,0.036,0.849,0.115
38500,0.035,0.849,0.116
38600,0.039,0.855,0.106
38700,0.038,0.856,0.106
38800,0.038,0.857,0.105
38900,0.035,0.857,0.108
39000,0.038,0.860,0.102
39100,0.038,0.865,0.097
39200,0.035,0.868,0.097
39300,0.038,0.867,0.095
39400,0.036,0.869,0.095
39500,0.036,0.867,0.097
39600,0.034,0.872,0.094
39700,0.034,0.879,0.087
39800,0.034,0.878,0.088
39900,0.034,0.876,0.090
40000,0.034,0.876,0.090
40100,0.038,0.869,0.093
40200,0.037,0.858,0.105
40300,0.037,0.858,0.105
40400,0.036,0.855,0.109
40500,0.036,0.860,0.104
40600,0.035,0.862,0.103
40700,0.035,0.861,0.104
40800,0.035,0.864,0.101
40900,0.034,0.856,0.110
41000,0.034,0.855,0.111
41100,0.036,0.862,0.102
41200,0.034,0.857,0.109
41300,0.033,0.863,0.104
41400,0.034,0.866,0.100
41500,0.033,0.868,0.099
41600,0.033,0.871,0.096
41700,0.033,0.872,0.095
41800,0.033,0.870,0.097
41900,0.033,0.871,0.096
42000,0.032,0.876,0.092
42100,0.032,0.882,0.086
42200,0.034,0.884,0.082
42300,0.035,0.883,0.082
42400,0.035,0.882,0.083
42500,0.035,0.882,0.083
42600,0.034,0.880,0.086
42700,0.035,0.879,0.086
42800,0.034,0.871,0.095
42900,0.034,0.878,0.088
43000,0.034,0.878,0.088
43100,0.034,0.879,0.087
43200,0.035,0.874,0.091
43300,0.034,0.875,0.091
43400,0.034,0.874,0.092
43500,0.035,0.875,0.090
43600,0.035,0.874,0.091
43700,0.035,0.876,0.089
43800,0.034,0.876,0.090
43900,0.034,0.880,0.086
44000,0.034,0.880,0.086
44100,0.034,0.877,0.089
44200,0.032,0.871,0.097
44300,0.032,0.871,0.097
44400,0.032,0.865,0.103
44500,0.033,0.860,0.107
44600,0.033,0.859,0.108
44700,0.034,0.859,0.107
44800,0.034,0.847,0.119
44900,0.036,0.851,0.113
45000,0.037,0.852,0.111
45100,0.038,0.855,0.107
45200,0.037,0.854,0.109
45300,0.039,0.852,0.109
45400,0.037,0.860,0.103
45500,0.038,0.847,0.115
45600,0.039,0.853,0.108
45700,0.038,0.844,0.118
45800,0.037,0.836,0.127
45900,0.037,0.832,0.131
46000,0.037,0.844,0.119
46100,0.039,0.845,0.116
46200,0.037,0.853,0.110
46300,0.038,0.852,0.110
46400,0.042,0.853,0.105
46500,0.045,0.844,0.111
46600,0.043,0.846,0.111
46700,0.044,0.851,0.105
46800,0.042,0.850,0.108
46900,0.044,0.849,0.107
47000,0.046,0.854,0.100
47100,0.044,0.853,0.103
47200,0.041,0.856,0.103
47300,0.041,0.853,0.106
47400,0.040,0.849,0.111
47500,0.038,0.852,0.110
47600,0.038,0.845,0.117
47700,0.037,0.840,0.123
47800,0.037,0.846,0.117
47900,0.037,0.850,0.113
48000,0.038,0.843,0.119
48100,0.037,0.841,0.122
48200,0.036,0.844,0.120
48300,0.035,0.841,0.124
48400,0.035,0.842,0.123
48500,0.036,0.850,0.114
48600,0.038,0.856,0.106
48700,0.037,0.857,0.106
48800,0.037,0.861,0.102
48900,0.036,0.866,0.098
49000,0.035,0.868,0.097
49100,0.035,0.861,0.104
49200,0.034,0.863,0.103
49300,0.033,0.865,0.102
49400,0.033,0.867,0.100
49500,0.034,0.868,0.098
49600,0.033,0.870,0.097
49700,0.033,0.865,0.102
49800,0.037,0.867,0.096
49900,0.037,0.854,0.109
50000,0.036,0.855,0.109
50100,0.037,0.848,0.115
50200,0.035,0.853,0.112
50300,0.037,0.848,0.115
50400,0.036,0.843,0.121
50500,0.038,0.836,0.126
50600,0.038,0.830,0.132
50700,0.037,0.831,0.132
50800,0.035,0.824,0.141
50900,0.035,0.830,0.135
51000,0.034,0.834,0.132
51100,0.035,0.836,0.129
51200,0.036,0.821,0.143
51300,0.036,0.817,0.147
51400,0.039,0.820,0.141
51500,0.038,0.821,0.141
51600,0.039,0.811,0.150
51700,0.039,0.816,0.145
51800,0.037,0.814,0.149
51900,0.036,0.815,0.149
52000,0.039,0.827,0.134
52100,0.038,0.831,0.131
52200,0.036,0.833,0.131
52300,0.035,0.837,0.128
52400,0.035,0.843,0.122
52500,0.034,0.849,0.117
52600,0.034,0.855,0.111
52700,0.033,0.841,0.126
52800,0.034,0.834,0.132
52900,0.034,0.840,0.126
53000,0.034,0.843,0.123
53100,0.036,0.847,0.117
53200,0.038,0.850,0.112
53300,0.038,0.854,0.108
53400,0.040,0.857,0.103
53500,0.039,0.857,0.104
53600,0.039,0.863,0.098
53700,0.037,0.859,0.104
53800,0.037,0.855,0.108
53900,0.037,0.852,0.111
54000,0.035,0.850,0.115
54100,0.036,0.861,0.103
54200,0.036,0.857,0.107
54300,0.035,0.861,0.104
54400,0.035,0.870,0.095
54500,0.036,0.870,0.094
54600,0.036,0.863,0.101
54700,0.036,0.860,0.104
54800,0.036,0.863,0.101
54900,0.035,0.868,0.097
55000,0.035,0.868,0.097
55100,0.035,0.878,0.087
55200,0.035,0.882,0.083
55300,0.035,0.885,0.080
55400,0.035,0.881,0.084
55500,0.035,0.876,0.089
55600,0.036,0.878,0.086
55700,0.037,0.885,0.078
55800,0.035,0.881,0.084
55900,0.036,0.879,0.085
56000,0.035,0.874,0.091
56100,0.036,0.873,0.091
56200,0.037,0.873,0.090
56300,0.036,0.870,0.094
56400,0.036,0.870,0.094
56500,0.035,0.871,0.094
56600,0.035,0.868,0.097
56700,0.037,0.872,0.091
56800,0.037,0.878,0.085
56900,0.039,0.875,0.086
57000,0.040,0.870,0.090
57100,0.042,0.868,0.090
57200,0.041,0.862,0.097
57300,0.039,0.867,0.094
57400,0.038,0.865,0.097
57500,0.041,0.868,0.091
57600,0.042,0.865,0.093
57700,0.039,0.864,0.097
57800,0.039,0.859,0.102
57900,0.038,0.861,0.101
58000,0.040,0.867,0.093
58100,0.037,0.869,0.094
58200,0.038,0.875,0.087
58300,0.040,0.876,0.084
58400,0.041,0.875,0.084
58500,0.040,0.876,0.084
58600,0.038,0.876,0.086
58700,0.037,0.877,0.086
58800,0.036,0.871,0.093
58900,0.035,0.868,0.097
59000,0.035,0.857,0.108
59100,0.035,0.867,0.098
59200,0.035,0.853,0.112
59300,0.035,0.852,0.113
59400,0.035,0.853,0.112
59500,0.035,0.847,0.118
59600,0.036,0.833,0.131
59700,0.035,0.832,0.133
59800,0.037,0.824,0.139
59900,0.035,0.826,0.139
60000,0.036,0.832,0.132
60100,0.036,0.837,0.127
60200,0.038,0.834,0.128
60300,0.037,0.836,0.127
60400,0.039,0.840,0.121
60500,0.038,0.842,0.120
60600,0.037,0.847,0.116
60700,0.036,0.843,0.121
60800,0.036,0.838,0.126
60900,0.035,0.841,0.124
61000,0.034,0.843,0.123
61100,0.034,0.850,0.116
61200,0.032,0.861,0.107
61300,0.036,0.855,0.109
61400,0.035,0.855,0.110
61500,0.037,0.848,0.115
61600,0.038,0.844,0.118
61700,0.038,0.839,0.123
61800,0.041,0.843,0.116
61900,0.042,0.849,0.109
62000,0.041,0.856,0.103
62100,0.039,0.854,0.107
62200,0.041,0.847,0.112
62300,0.040,0.851,0.109
62400,0.040,0.850,0.110
62500,0.041,0.841,0.118
62600,0.043,0.834,0.123
62700,0.043,0.829,0.128
62800,0.045,0.833,0.122
62900,0.046,0.834,0.120
63000,0.042,0.831,0.127
63100,0.044,0.829,0.127
63200,0.045,0.835,0.120
63300,0.045,0.837,0.118
63400,0.044,0.831,0.125
63500,0.044,0.834,0.122
63600,0.040,0.830,0.130
63700,0.039,0.832,0.129
63800,0.038,0.834,0.128
63900,0.039,0.842,0.119
64000,0.038,0.850,0.112
64100,0.037,0.854,0.109
64200,0.038,0.856,0.106
64300,0.041,0.849,0.110
64400,0.039,0.851,0.110
64500,0.039,0.856,0.105
64600,0.040,0.857,0.103
64700,0.043,0.857,0.100
64800,0.043,0.862,0.095
64900,0.039,0.868,0.093
65000,0.039,0.863,0.098
65100,0.041,0.867,0.092
65200,0.038,0.862,0.100
65300,0.037,0.863,0.100
65400,0.040,0.863,0.097
65500,0.040,0.857,0.103
65600,0.039,0.859,0.102
65700,0.038,0.853,0.109
65800,0.036,0.855,0.109
65900,0.036,0.859,0.105
66000,0.035,0.865,0.100
66100,0.034,0.856,0.110
66200,0.035,0.853,0.112
66300,0.034,0.848,0.118
66400,0.034,0.848,0.118
66500,0.033,0.846,0.121
66600,0.033,0.844,0.123
66700,0.036,0.842,0.122
66800,0.040,0.840,0.120
66900,0.041,0.841,0.118
67000,0.041,0.844,0.115
67100,0.039,0.842,0.119
67200,0.039,0.849,0.112
67300,0.037,0.849,0.114
67400,0.036,0.850,0.114
67500,0.037,0.851,0.112
67600,0.035,0.848,0.117
67700,0.035,0.848,0.117
67800,0.035,0.847,0.118
67900,0.033,0.850,0.117
68000,0.033,0.854,0.113
68100,0.033,0.855,0.112
68200,0.034,0.849,0.117
68300,0.034,0.849,0.117
68400,0.034,0.850,0.116
68500,0.034,0.854,0.112
68600,0.033,0.851,0.116
68700,0.034,0.853,0.113
68800,0.033,0.849,0.118
68900,0.035,0.844,0.121
69000,0.037,0.849,0.114
69100,0.037,0.837,0.126
69200,0.037,0.832,0.131
69300,0.036,0.835,0.129
69400,0.035,0.845,0.120
69500,0.035,0.845,0.120
69600,0.034,0.847,0.119
69700,0.034,0.850,0.116
69800,0.033,0.854,0.113
69900,0.033,0.850,0.117
70000,0.032,0.849,0.119
70100,0.032,0.856,0.112
70200,0.031,0.857,0.112
70300,0.033,0.850,0.117
70400,0.034,0.853,0.113
70500,0.034,0.858,0.108
70600,0.036,0.858,0.106
70700,0.033,0.870,0.097
70800,0.034,0.871,0.095
70900,0.034,0.870,0.096
71000,0.034,0.868,0.098
71100,0.033,0.864,0.103
71200,0.034,0.868,0.098
71300,0.034,0.862,0.104
71400,0.034,0.851,0.115
71500,0.037,0.855,0.108
71600,0.036,0.846,0.118
71700,0.036,0.834,0.130
71800,0.038,0.841,0.121
71900,0.037,0.835,0.128
72000,0.037,0.845,0.118
72100,0.037,0.848,0.115
72200,0.037,0.844,0.119
72300,0.039,0.849,0.112
72400,0.038,0.856,0.106
72500,0.038,0.861,0.101
72600,0.036,0.863,0.101
72700,0.034,0.871,0.095
72800,0.031,0.860,0.109
72900,0.031,0.859,0.110
73000,0.031,0.850,0.119
73100,0.031,0.848,0.121
73200,0.032,0.843,0.125
73300,0.032,0.845,0.123
73400,0.034,0.842,0.124
73500,0.036,0.845,0.119
73600,0.036,0.827,0.137
73700,0.035,0.826,0.139
73800,0.035,0.825,0.140
73900,0.035,0.830,0.135
74000,0.034,0.830,0.136
74100,0.037,0.830,0.133
74200,0.035,0.831,0.134
74300,0.036,0.827,0.137
74400,0.035,0.825,0.140
74500,0.034,0.822,0.144
74600,0.035,0.828,0.137
74700,0.033,0.834,0.133
74800,0.034,0.829,0.137
74900,0.034,0.834,0.132
75000,0.035,0.828,0.137
75100,0.038,0.839,0.123
75200,0.037,0.837,0.126
75300,0.037,0.835,0.128
75400,0.037,0.839,0.124
75500,0.036,0.840,0.124
75600,0.036,0.837,0.127
75700,0.033,0.838,0.129
75800,0.036,0.842,0.122
75900,0.036,0.847,0.117
76000,0.037,0.845,0.118
76100,0.037,0.849,0.114
76200,0.038,0.844,0.118
76300,0.037,0.843,0.120
76400,0.037,0.847,0.116
76500,0.036,0.849,0.115
76600,0.034,0.852,0.114
76700,0.035,0.855,0.110
76800,0.033,0.856,0.111
76900,0.035,0.863,0.102
77000,0.037,0.863,0.100
77100,0.036,0.869,0.095
77200,0.037,0.873,0.090
77300,0.037,0.877,0.086
77400,0.039,0.874,0.087
77500,0.039,0.866,0.095
77600,0.038,0.866,0.096
77700,0.037,0.863,0.100
77800,0.036,0.861,0.103
77900,0.037,0.865,0.098
78000,0.037,0.857,0.106
78100,0.033,0.858,0.109
78200,0.035,0.862,0.103
78300,0.034,0.864,0.102
78400,0.034,0.862,0.104
78500,0.033,0.863,0.104
78600,0.036,0.854,0.110
78700,0.035,0.853,0.112
78800,0.033,0.852,0.115
78900,0.033,0.856,0.111
79000,0.032,0.855,0.113
79100,0.032,0.858,0.110
79200,0.034,0.856,0.110
79300,0.033,0.862,0.105
79400,0.033,0.865,0.102
79500,0.033,0.868,0.099
79600,0.033,0.869,0.098
79700,0.033,0.871,0.096
79800,0.033,0.868,0.099
79900,0.037,0.862,0.101
80000,0.035,0.863,0.102
80100,0.037,0.861,0.102
80200,0.037,0.857,0.106
80300,0.036,0.858,0.106
80400,0.036,0.860,0.104
80500,0.036,0.859,0.105
80600,0.035,0.863,0.102
80700,0.036,0.862,0.102
80800,0.035,0.865,0.100
80900,0.035,0.866,0.099
81000,0.035,0.872,0.093
81100,0.035,0.877,0.088
81200,0.037,0.876,0.087
81300,0.037,0.872,0.091
81400,0.038,0.872,0.090
81500,0.037,0.860,0.103
81600,0.036,0.862,0.102
81700,0.036,0.854,0.110
81800,0.033,0.859,0.108
81900,0.034,0.861,0.105
82000,0.033,0.854,0.113
82100,0.033,0.850,0.117
82200,0.033,0.846,0.121
82300,0.033,0.851,0.116
82400,0.033,0.847,0.120
82500,0.035,0.838,0.127
82600,0.035,0.840,0.125
82700,0.034,0.836,0.130
82800,0.036,0.835,0.129
82900,0.038,0.842,0.120
83000,0.038,0.847,0.115
83100,0.038,0.837,0.125
83200,0.038,0.834,0.128
83300,0.038,0.833,0.129
83400,0.039,0.841,0.120
83500,0.039,0.839,0.122
83600,0.041,0.840,0.119
83700,0.039,0.836,0.125
83800,0.039,0.830,0.131
83900,0.041,0.831,0.128
84000,0.044,0.828,0.128
84100,0.047,0.822,0.131
84200,0.046,0.816,0.138
84300,0.045,0.814,0.141
84400,0.046,0.818,0.136
84500,0.046,0.819,0.135
84600,0.041,0.817,0.142
84700,0.042,0.819,0.139
84800,0.042,0.819,0.139
84900,0.042,0.819,0.139
85000,0.043,0.826,0.131
85100,0.041,0.838,0.121
85200,0.040,0.843,0.117
85300,0.038,0.852,0.110
85400,0.037,0.850,0.113
85500,0.035,0.856,0.109
85600,0.039,0.849,0.112
85700,0.038,0.855,0.107
85800,0.038,0.846,0.116
85900,0.036,0.850,0.114
86000,0.035,0.857,0.108
86100,0.037,0.851,0.112
86200,0.039,0.851,0.110
86300,0.037,0.846,0.117
86400,0.037,0.855,0.108
86500,0.037,0.859,0.104
86600,0.036,0.851,0.113
86700,0.035,0.854,0.111
86800,0.035,0.861,0.104
86900,0.034,0.856,0.110
87000,0.035,0.862,0.103
87100,0.036,0.865,0.099
87200,0.037,0.868,0.095
87300,0.036,0.866,0.098
87400,0.037,0.868,0.095
87500,0.037,0.863,0.100
87600,0.037,0.853,0.110
87700,0.037,0.844,0.119
87800,0.037,0.842,0.121
87900,0.038,0.834,0.128
88000,0.036,0.835,0.129
88100,0.037,0.835,0.128
88200,0.037,0.839,0.124
88300,0.037,0.839,0.124
88400,0.039,0.843,0.118
88500,0.039,0.851,0.110
88600,0.036,0.848,0.116
88700,0.035,0.846,0.119
88800,0.035,0.848,0.117
88900,0.035,0.858,0.107
89000,0.035,0.854,0.111
89100,0.035,0.861,0.104
89200,0.036,0.852,0.112
89300,0.037,0.856,0.107
89400,0.037,0.863,0.100
89500,0.036,0.857,0.107
89600,0.036,0.861,0.103
89700,0.036,0.858,0.106
89800,0.037,0.846,0.117
89900,0.036,0.851,0.113
90000,0.036,0.854,0.110
90100,0.036,0.848,0.116
90200,0.034,0.857,0.109
90300,0.036,0.858,0.106
90400,0.034,0.867,0.099
90500,0.035,0.867,0.098
90600,0.034,0.872,0.094
90700,0.034,0.877,0.089
90800,0.033,0.881,0.086
90900,0.034,0.879,0.087
91000,0.033,0.877,0.090
91100,0.035,0.880,0.085
91200,0.034,0.878,0.088
91300,0.036,0.879,0.085
91400,0.037,0.868,0.095
91500,0.037,0.870,0.093
91600,0.040,0.869,0.091
91700,0.039,0.868,0.093
91800,0.040,0.861,0.099
91900,0.041,0.862,0.097
92000,0.040,0.857,0.103
92100,0.039,0.850,0.111
92200,0.039,0.846,0.115
92300,0.041,0.850,0.109
92400,0.041,0.852,0.107
92500,0.042,0.861,0.097
92600,0.041,0.864,0.095
92700,0.043,0.862,0.095
92800,0.041,0.864,0.095
92900,0.043,0.863,0.094
93000,0.042,0.861,0.097
93100,0.041,0.853,0.106
93200,0.041,0.853,0.106
93300,0.043,0.852,0.105
93400,0.044,0.843,0.113
93500,0.043,0.845,0.112
93600,0.043,0.844,0.113
93700,0.038,0.842,0.120
93800,0.038,0.844,0.118
93900,0.040,0.847,0.113
94000,0.040,0.849,0.111
94100,0.040,0.850,0.110
94200,0.041,0.852,0.107
94300,0.041,0.850,0.109
94400,0.043,0.851,0.106
94500,0.039,0.849,0.112
94600,0.039,0.853,0.108
94700,0.038,0.850,0.112
94800,0.038,0.855,0.107
94900,0.038,0.860,0.102
95000,0.037,0.848,0.115
95100,0.037,0.846,0.117
95200,0.038,0.846,0.116
95300,0.036,0.849,0.115
95400,0.035,0.853,0.112
95500,0.035,0.855,0.110
95600,0.038,0.848,0.114
95700,0.040,0.847,0.113
95800,0.039,0.835,0.126
95900,0.039,0.845,0.116
96000,0.041,0.838,0.121
96100,0.041,0.839,0.120
96200,0.040,0.837,0.123
96300,0.039,0.830,0.131
96400,0.041,0.828,0.131
96500,0.040,0.823,0.137
96600,0.038,0.830,0.132
96700,0.038,0.827,0.135
96800,0.039,0.826,0.135
96900,0.041,0.820,0.139
97000,0.044,0.826,0.130
97100,0.044,0.826,0.130
97200,0.045,0.829,0.126
97300,0.046,0.829,0.125
97400,0.044,0.825,0.131
97500,0.043,0.820,0.137
97600,0.042,0.819,0.139
97700,0.041,0.814,0.145
97800,0.045,0.815,0.140
97900,0.044,0.817,0.139
98000,0.044,0.826,0.130
98100,0.044,0.826,0.130
98200,0.042,0.815,0.143
98300,0.039,0.811,0.150
98400,0.037,0.811,0.152
98500,0.039,0.814,0.147
98600,0.038,0.820,0.142
98700,0.037,0.827,0.136
98800,0.038,0.826,0.136
98900,0.039,0.829,0.132
99000,0.041,0.831,0.128
99100,0.041,0.830,0.129
99200,0.043,0.835,0.122
99300,0.043,0.838,0.119
99400,0.039,0.840,0.121
99500,0.040,0.829,0.131
99600,0.044,0.814,0.142
99700,0.043,0.818,0.139
99800,0.042,0.822,0.136
99900,0.043,0.815,0.142
100000,0.043,0.819,0.138
