time,n_A+p,n_B,n_AB
500,0.080,0.811,0.109
1000,0.080,0.735,0.185
1500,0.080,0.663,0.257
2000,0.080,0.574,0.347
2500,0.080,0.533,0.387
3000,0.080,0.487,0.433
3500,0.087,0.442,0.470
4000,0.096,0.368,0.536
4500,0.105,0.351,0.544
5000,0.115,0.348,0.537
5500,0.118,0.282,0.600
6000,0.131,0.281,0.588
6500,0.146,0.273,0.581
7000,0.146,0.248,0.605
7500,0.138,0.222,0.640
8000,0.168,0.214,0.618
8500,0.183,0.200,0.617
9000,0.217,0.151,0.632
9500,0.270,0.140,0.590
10000,0.280,0.128,0.592
10500,0.290,0.117,0.593
11000,0.344,0.086,0.570
11500,0.383,0.041,0.576
12000,0.466,0.021,0.513
12500,0.511,0.022,0.467
13000,0.603,0.008,0.389
13500,0.674,0.002,0.324
14000,0.712,0.001,0.287
14500,0.753,0.000,0.247
15000,0.771,0.000,0.229
15500,0.824,0.000,0.176
16000,0.844,0.000,0.156
16500,0.858,0.000,0.142
17000,0.876,0.000,0.124
17500,0.889,0.000,0.111
18000,0.884,0.000,0.116
18500,0.898,0.000,0.102
19000,0.902,0.000,0.098
19500,0.927,0.000,0.073
20000,0.940,0.000,0.060
20500,0.945,0.000,0.055
21000,0.944,0.000,0.056
21500,0.945,0.000,0.055
22000,0.944,0.000,0.056
22500,0.949,0.000,0.051
23000,0.947,0.000,0.053
23500,0.950,0.000,0.050
24000,0.964,0.000,0.036
24500,0.963,0.000,0.037
25000,0.973,0.000,0.027
25500,0.986,0.000,0.014
26000,0.993,0.000,0.007
26500,0.994,0.000,0.006
27000,0.996,0.000,0.004
27500,0.998,0.000,0.002
28000,0.999,0.000,0.001
28500,1.000,0.000,0.000
29000,1.000,0.000,0.000
29500,1.000,0.000,0.000
