time,n_A+p,n_B,n_AB
100,0.326,0.471,0.202
200,0.281,0.421,0.298
300,0.231,0.393,0.376
400,0.178,0.355,0.467
500,0.207,0.339,0.455
600,0.186,0.293,0.521
700,0.227,0.331,0.442
800,0.202,0.343,0.455
900,0.169,0.347,0.483
1000,0.153,0.314,0.533
1100,0.186,0.360,0.455
1200,0.157,0.380,0.463
1300,0.120,0.347,0.533
1400,0.120,0.347,0.533
1500,0.190,0.347,0.463
1600,0.211,0.293,0.496
1700,0.169,0.302,0.529
1800,0.157,0.322,0.521
1900,0.169,0.355,0.475
2000,0.169,0.343,0.488
2100,0.165,0.306,0.529
2200,0.186,0.331,0.483
2300,0.207,0.314,0.479
2400,0.207,0.302,0.492
2500,0.264,0.285,0.450
2600,0.223,0.264,0.512
2700,0.219,0.223,0.558
2800,0.211,0.289,0.500
2900,0.215,0.293,0.492
3000,0.236,0.269,0.496
3100,0.264,0.248,0.488
3200,0.289,0.269,0.442
3300,0.269,0.244,0.488
3400,0.231,0.236,0.533
3500,0.219,0.269,0.512
3600,0.231,0.281,0.488
3700,0.190,0.343,0.467
3800,0.198,0.322,0.479
3900,0.215,0.314,0.471
4000,0.215,0.293,0.492
4100,0.248,0.273,0.479
4200,0.207,0.298,0.496
4300,0.202,0.343,0.455
4400,0.178,0.322,0.500
4500,0.194,0.314,0.492
4600,0.169,0.372,0.459
4700,0.161,0.393,0.446
4800,0.215,0.355,0.430
4900,0.198,0.318,0.483
5000,0.207,0.335,0.459
5100,0.219,0.302,0.479
5200,0.207,0.264,0.529
5300,0.256,0.273,0.471
5400,0.231,0.236,0.533
5500,0.264,0.244,0.492
5600,0.236,0.277,0.488
5700,0.231,0.252,0.517
5800,0.198,0.240,0.562
5900,0.248,0.273,0.479
6000,0.211,0.252,0.537
6100,0.194,0.260,0.545
6200,0.182,0.326,0.492
6300,0.149,0.318,0.533
6400,0.157,0.343,0.500
6500,0.132,0.347,0.521
6600,0.165,0.364,0.471
6700,0.190,0.331,0.479
6800,0.207,0.277,0.517
6900,0.194,0.269,0.537
7000,0.202,0.302,0.496
7100,0.198,0.310,0.492
7200,0.194,0.355,0.450
7300,0.211,0.405,0.384
7400,0.165,0.397,0.438
7500,0.153,0.335,0.512
7600,0.157,0.351,0.492
7700,0.120,0.384,0.496
7800,0.112,0.430,0.459
7900,0.132,0.421,0.446
8000,0.140,0.483,0.376
8100,0.161,0.463,0.376
8200,0.128,0.421,0.450
8300,0.128,0.475,0.397
8400,0.107,0.492,0.401
8500,0.103,0.446,0.450
8600,0.091,0.467,0.442
8700,0.099,0.479,0.421
8800,0.099,0.463,0.438
8900,0.120,0.488,0.393
9000,0.112,0.417,0.471
9100,0.103,0.442,0.455
9200,0.116,0.500,0.384
9300,0.099,0.459,0.442
9400,0.116,0.512,0.372
9500,0.099,0.512,0.388
9600,0.095,0.529,0.376
9700,0.074,0.529,0.397
9800,0.083,0.558,0.360
9900,0.074,0.541,0.384
10000,0.058,0.574,0.368
10100,0.066,0.603,0.331
10200,0.070,0.591,0.339
10300,0.066,0.554,0.380
10400,0.066,0.579,0.355
10500,0.054,0.587,0.360
10600,0.050,0.545,0.405
10700,0.050,0.628,0.322
10800,0.037,0.628,0.335
10900,0.062,0.624,0.314
11000,0.037,0.558,0.405
11100,0.033,0.566,0.401
11200,0.037,0.537,0.426
11300,0.033,0.562,0.405
11400,0.058,0.603,0.339
11500,0.062,0.603,0.335
11600,0.079,0.583,0.339
11700,0.054,0.616,0.331
11800,0.045,0.624,0.331
11900,0.062,0.665,0.273
12000,0.041,0.682,0.277
12100,0.037,0.711,0.252
12200,0.029,0.736,0.236
12300,0.025,0.715,0.260
12400,0.021,0.723,0.256
12500,0.012,0.752,0.236
12600,0.017,0.785,0.198
12700,0.017,0.826,0.157
12800,0.025,0.818,0.157
12900,0.012,0.843,0.145
13000,0.012,0.831,0.157
13100,0.012,0.831,0.157
13200,0.008,0.876,0.116
13300,0.008,0.868,0.124
13400,0.004,0.860,0.136
13500,0.004,0.868,0.128
13600,0.012,0.851,0.136
13700,0.021,0.851,0.128
13800,0.012,0.860,0.128
13900,0.008,0.847,0.145
14000,0.012,0.868,0.120
14100,0.004,0.884,0.112
14200,0.000,0.880,0.120
14300,0.000,0.888,0.112
14400,0.000,0.888,0.112
14500,0.000,0.888,0.112
14600,0.000,0.864,0.136
14700,0.004,0.868,0.128
14800,0.004,0.893,0.103
14900,0.004,0.884,0.112
15000,0.004,0.876,0.120
15100,0.000,0.880,0.120
15200,0.000,0.893,0.107
15300,0.000,0.855,0.145
15400,0.000,0.884,0.116
15500,0.004,0.905,0.091
15600,0.008,0.913,0.079
15700,0.004,0.913,0.083
15800,0.004,0.905,0.091
15900,0.000,0.917,0.083
16000,0.000,0.921,0.079
16100,0.000,0.905,0.095
16200,0.000,0.909,0.091
16300,0.000,0.921,0.079
16400,0.000,0.942,0.058
16500,0.000,0.938,0.062
16600,0.000,0.946,0.054
16700,0.000,0.955,0.045
16800,0.000,0.967,0.033
16900,0.000,0.983,0.017
17000,0.000,0.992,0.008
17100,0.000,0.992,0.008
17200,0.000,0.996,0.004
17300,0.000,0.996,0.004
17400,0.000,0.996,0.004
17500,0.000,0.996,0.004
17600,0.000,0.996,0.004
17700,0.000,0.996,0.004
17800,0.000,0.996,0.004
17900,0.000,1.000,0.000
