time,n_A+p,n_B,n_AB
100,0.030,0.960,0.010
200,0.030,0.950,0.020
300,0.030,0.950,0.020
400,0.030,0.947,0.023
500,0.030,0.947,0.023
600,0.030,0.935,0.035
700,0.030,0.928,0.042
800,0.030,0.932,0.038
900,0.030,0.925,0.045
1000,0.030,0.923,0.047
1100,0.030,0.915,0.055
1200,0.030,0.912,0.058
1300,0.030,0.903,0.067
1400,0.030,0.901,0.069
1500,0.030,0.896,0.074
1600,0.030,0.894,0.076
1700,0.030,0.894,0.076
1800,0.030,0.890,0.080
1900,0.030,0.890,0.080
2000,0.030,0.890,0.080
2100,0.031,0.887,0.082
2200,0.033,0.885,0.082
2300,0.032,0.890,0.078
2400,0.032,0.896,0.072
2500,0.032,0.898,0.070
2600,0.032,0.898,0.070
2700,0.031,0.888,0.081
2800,0.034,0.887,0.079
2900,0.035,0.884,0.081
3000,0.034,0.876,0.090
3100,0.034,0.871,0.095
3200,0.032,0.870,0.098
3300,0.032,0.868,0.100
3400,0.034,0.864,0.102
3500,0.034,0.860,0.106
3600,0.034,0.860,0.106
3700,0.033,0.863,0.104
3800,0.035,0.862,0.103
3900,0.035,0.876,0.089
4000,0.036,0.866,0.098
4100,0.036,0.869,0.095
4200,0.036,0.864,0.100
4300,0.034,0.856,0.110
4400,0.034,0.848,0.118
4500,0.033,0.836,0.131
4600,0.033,0.830,0.137
4700,0.035,0.826,0.139
4800,0.037,0.815,0.148
4900,0.037,0.810,0.153
5000,0.037,0.803,0.160
5100,0.036,0.799,0.165
5200,0.036,0.788,0.176
5300,0.034,0.786,0.180
5400,0.034,0.775,0.191
5500,0.035,0.769,0.196
5600,0.036,0.766,0.198
5700,0.034,0.761,0.205
5800,0.035,0.760,0.205
5900,0.034,0.764,0.202
6000,0.035,0.762,0.203
6100,0.035,0.758,0.207
6200,0.038,0.748,0.214
6300,0.045,0.749,0.206
6400,0.046,0.750,0.204
6500,0.045,0.745,0.210
6600,0.048,0.747,0.205
6700,0.049,0.742,0.209
6800,0.050,0.731,0.219
6900,0.050,0.732,0.218
7000,0.049,0.727,0.224
7100,0.048,0.733,0.219
7200,0.048,0.732,0.220
7300,0.050,0.728,0.222
7400,0.050,0.721,0.229
7500,0.045,0.722,0.233
7600,0.050,0.711,0.239
7700,0.050,0.707,0.243
7800,0.047,0.705,0.248
7900,0.048,0.711,0.241
8000,0.048,0.712,0.240
8100,0.047,0.707,0.246
8200,0.050,0.705,0.245
8300,0.049,0.707,0.244
8400,0.048,0.717,0.235
8500,0.050,0.722,0.228
8600,0.050,0.723,0.227
8700,0.049,0.728,0.223
8800,0.054,0.721,0.225
8900,0.054,0.722,0.224
9000,0.054,0.717,0.229
9100,0.053,0.718,0.229
9200,0.056,0.714,0.230
9300,0.057,0.713,0.230
9400,0.057,0.712,0.231
9500,0.056,0.712,0.232
9600,0.053,0.715,0.232
9700,0.051,0.722,0.227
9800,0.054,0.712,0.234
9900,0.053,0.716,0.231
10000,0.057,0.710,0.233
10100,0.055,0.703,0.242
10200,0.052,0.708,0.240
10300,0.051,0.698,0.251
10400,0.049,0.697,0.254
10500,0.049,0.691,0.260
10600,0.049,0.708,0.243
10700,0.050,0.694,0.256
10800,0.047,0.706,0.247
10900,0.050,0.707,0.243
11000,0.049,0.707,0.244
11100,0.049,0.711,0.240
11200,0.047,0.700,0.253
11300,0.048,0.686,0.266
11400,0.051,0.700,0.249
11500,0.053,0.699,0.248
11600,0.051,0.706,0.243
11700,0.056,0.703,0.241
11800,0.052,0.695,0.253
11900,0.050,0.693,0.257
12000,0.051,0.694,0.255
12100,0.046,0.681,0.273
12200,0.044,0.670,0.286
12300,0.051,0.661,0.288
12400,0.054,0.652,0.294
12500,0.056,0.662,0.282
12600,0.054,0.661,0.285
12700,0.057,0.661,0.282
12800,0.058,0.665,0.277
12900,0.056,0.672,0.272
13000,0.061,0.681,0.258
13100,0.064,0.676,0.260
13200,0.064,0.672,0.264
13300,0.067,0.674,0.259
13400,0.068,0.663,0.269
13500,0.074,0.655,0.271
13600,0.074,0.658,0.268
13700,0.071,0.643,0.286
13800,0.069,0.643,0.288
13900,0.068,0.652,0.280
14000,0.073,0.625,0.302
14100,0.070,0.628,0.302
14200,0.069,0.636,0.295
14300,0.068,0.627,0.305
14400,0.066,0.624,0.310
14500,0.065,0.622,0.313
14600,0.060,0.612,0.328
14700,0.059,0.611,0.330
14800,0.058,0.612,0.330
14900,0.050,0.607,0.343
15000,0.053,0.611,0.336
15100,0.056,0.607,0.337
15200,0.062,0.621,0.317
15300,0.064,0.610,0.326
15400,0.067,0.607,0.326
15500,0.064,0.604,0.332
15600,0.064,0.611,0.325
15700,0.062,0.617,0.321
15800,0.062,0.622,0.316
15900,0.059,0.622,0.319
16000,0.058,0.619,0.323
16100,0.057,0.624,0.319
16200,0.055,0.628,0.317
16300,0.057,0.634,0.309
16400,0.054,0.640,0.306
16500,0.051,0.638,0.311
16600,0.047,0.636,0.317
16700,0.047,0.644,0.309
16800,0.043,0.643,0.314
16900,0.044,0.649,0.307
17000,0.045,0.646,0.309
17100,0.047,0.651,0.302
17200,0.050,0.654,0.296
17300,0.055,0.665,0.280
17400,0.058,0.648,0.294
17500,0.058,0.647,0.295
17600,0.058,0.651,0.291
17700,0.058,0.649,0.293
17800,0.056,0.653,0.291
17900,0.061,0.652,0.287
18000,0.061,0.649,0.290
18100,0.054,0.649,0.297
18200,0.055,0.658,0.287
18300,0.057,0.668,0.275
18400,0.062,0.676,0.262
18500,0.059,0.671,0.270
18600,0.056,0.670,0.274
18700,0.056,0.670,0.274
18800,0.056,0.671,0.273
18900,0.062,0.674,0.264
19000,0.062,0.671,0.267
19100,0.056,0.675,0.269
19200,0.058,0.680,0.262
19300,0.062,0.670,0.268
19400,0.063,0.662,0.275
19500,0.066,0.661,0.273
19600,0.066,0.665,0.269
19700,0.063,0.661,0.276
19800,0.061,0.670,0.269
19900,0.066,0.662,0.272
20000,0.066,0.648,0.286
20100,0.064,0.641,0.295
20200,0.067,0.632,0.301
20300,0.063,0.635,0.302
20400,0.067,0.645,0.288
20500,0.064,0.648,0.288
20600,0.061,0.640,0.299
20700,0.056,0.643,0.301
20800,0.058,0.652,0.290
20900,0.057,0.651,0.292
21000,0.060,0.654,0.286
21100,0.067,0.650,0.283
21200,0.065,0.654,0.281
21300,0.066,0.651,0.283
21400,0.066,0.644,0.290
21500,0.069,0.648,0.283
21600,0.075,0.634,0.291
21700,0.072,0.636,0.292
21800,0.068,0.623,0.309
21900,0.064,0.619,0.317
22000,0.063,0.616,0.321
22100,0.063,0.606,0.331
22200,0.069,0.606,0.325
22300,0.068,0.610,0.322
22400,0.069,0.614,0.317
22500,0.074,0.609,0.317
22600,0.079,0.606,0.315
22700,0.079,0.618,0.303
22800,0.081,0.604,0.315
22900,0.077,0.609,0.314
23000,0.072,0.613,0.315
23100,0.071,0.619,0.310
23200,0.083,0.625,0.292
23300,0.087,0.631,0.282
23400,0.087,0.625,0.288
23500,0.084,0.629,0.287
23600,0.084,0.625,0.291
23700,0.088,0.627,0.285
23800,0.079,0.621,0.300
23900,0.086,0.622,0.292
24000,0.083,0.608,0.309
24100,0.083,0.603,0.314
24200,0.089,0.611,0.300
24300,0.083,0.612,0.305
24400,0.083,0.599,0.318
24500,0.082,0.608,0.310
24600,0.081,0.601,0.318
24700,0.077,0.608,0.315
24800,0.077,0.612,0.311
24900,0.078,0.616,0.306
25000,0.079,0.604,0.317
25100,0.074,0.613,0.313
25200,0.071,0.628,0.301
25300,0.071,0.631,0.298
25400,0.078,0.612,0.310
25500,0.074,0.611,0.315
25600,0.071,0.610,0.319
25700,0.075,0.625,0.300
25800,0.071,0.618,0.311
25900,0.072,0.616,0.312
26000,0.070,0.620,0.310
26100,0.065,0.626,0.309
26200,0.067,0.626,0.307
26300,0.064,0.625,0.311
26400,0.061,0.623,0.316
26500,0.062,0.620,0.318
26600,0.063,0.621,0.316
26700,0.065,0.630,0.305
26800,0.068,0.636,0.296
26900,0.065,0.640,0.295
27000,0.066,0.646,0.288
27100,0.069,0.655,0.276
27200,0.077,0.658,0.265
27300,0.073,0.652,0.275
27400,0.068,0.659,0.273
27500,0.071,0.658,0.271
27600,0.072,0.650,0.278
27700,0.075,0.642,0.283
27800,0.074,0.633,0.293
27900,0.067,0.640,0.293
28000,0.065,0.644,0.291
28100,0.062,0.637,0.301
28200,0.060,0.611,0.329
28300,0.062,0.617,0.321
28400,0.061,0.618,0.321
28500,0.063,0.611,0.326
28600,0.061,0.607,0.332
28700,0.063,0.598,0.339
28800,0.065,0.604,0.331
28900,0.060,0.616,0.324
29000,0.068,0.626,0.306
29100,0.067,0.628,0.305
29200,0.072,0.618,0.310
29300,0.074,0.625,0.301
29400,0.073,0.628,0.299
29500,0.076,0.627,0.297
29600,0.070,0.633,0.297
29700,0.070,0.645,0.285
29800,0.070,0.645,0.285
29900,0.067,0.649,0.284
30000,0.069,0.651,0.280
30100,0.074,0.644,0.282
30200,0.067,0.647,0.286
30300,0.066,0.649,0.285
30400,0.062,0.637,0.301
30500,0.058,0.639,0.303
30600,0.057,0.645,0.298
30700,0.054,0.657,0.289
30800,0.054,0.667,0.279
30900,0.052,0.663,0.285
31000,0.052,0.661,0.287
31100,0.049,0.670,0.281
31200,0.052,0.677,0.271
31300,0.053,0.693,0.254
31400,0.051,0.703,0.246
31500,0.051,0.700,0.249
31600,0.050,0.704,0.246
31700,0.053,0.708,0.239
31800,0.050,0.714,0.236
31900,0.049,0.710,0.241
32000,0.052,0.715,0.233
32100,0.057,0.718,0.225
32200,0.052,0.710,0.238
32300,0.052,0.700,0.248
32400,0.054,0.700,0.246
32500,0.047,0.703,0.250
32600,0.044,0.700,0.256
32700,0.046,0.691,0.263
32800,0.046,0.687,0.267
32900,0.045,0.690,0.265
33000,0.046,0.692,0.262
33100,0.041,0.705,0.254
33200,0.040,0.705,0.255
33300,0.041,0.705,0.254
33400,0.042,0.712,0.246
33500,0.042,0.709,0.249
33600,0.044,0.715,0.241
33700,0.046,0.720,0.234
33800,0.051,0.709,0.240
33900,0.049,0.707,0.244
34000,0.053,0.715,0.232
34100,0.055,0.716,0.229
34200,0.056,0.720,0.224
34300,0.058,0.713,0.229
34400,0.056,0.706,0.238
34500,0.056,0.698,0.246
34600,0.056,0.710,0.234
34700,0.059,0.705,0.236
34800,0.063,0.698,0.239
34900,0.057,0.699,0.244
35000,0.060,0.694,0.246
35100,0.059,0.686,0.255
35200,0.058,0.674,0.268
35300,0.064,0.669,0.267
35400,0.066,0.663,0.271
35500,0.064,0.651,0.285
35600,0.063,0.640,0.297
35700,0.064,0.639,0.297
35800,0.062,0.630,0.308
35900,0.061,0.618,0.321
36000,0.063,0.621,0.316
36100,0.064,0.629,0.307
36200,0.062,0.631,0.307
36300,0.058,0.638,0.304
36400,0.059,0.644,0.297
36500,0.055,0.647,0.298
36600,0.052,0.659,0.289
36700,0.051,0.645,0.304
36800,0.050,0.635,0.315
36900,0.051,0.628,0.321
37000,0.051,0.625,0.324
37100,0.055,0.620,0.325
37200,0.060,0.624,0.316
37300,0.064,0.619,0.317
37400,0.069,0.605,0.326
37500,0.065,0.611,0.324
37600,0.073,0.613,0.314
37700,0.072,0.623,0.305
37800,0.066,0.615,0.319
37900,0.067,0.629,0.304
38000,0.068,0.624,0.308
38100,0.070,0.629,0.301
38200,0.066,0.635,0.299
38300,0.062,0.647,0.291
38400,0.062,0.643,0.295
38500,0.065,0.639,0.296
38600,0.065,0.640,0.295
38700,0.065,0.633,0.302
38800,0.064,0.633,0.303
38900,0.060,0.641,0.299
39000,0.061,0.653,0.286
39100,0.067,0.646,0.287
39200,0.069,0.646,0.285
39300,0.067,0.636,0.297
39400,0.070,0.639,0.291
39500,0.066,0.649,0.285
39600,0.071,0.648,0.281
39700,0.077,0.645,0.278
39800,0.079,0.643,0.278
39900,0.078,0.651,0.271
40000,0.078,0.649,0.273
40100,0.078,0.647,0.275
40200,0.080,0.637,0.283
40300,0.077,0.626,0.297
40400,0.069,0.622,0.309
40500,0.076,0.622,0.302
40600,0.075,0.622,0.303
40700,0.072,0.623,0.305
40800,0.076,0.615,0.309
40900,0.073,0.628,0.299
41000,0.073,0.624,0.303
41100,0.073,0.616,0.311
41200,0.074,0.619,0.307
41300,0.079,0.624,0.297
41400,0.079,0.628,0.293
41500,0.081,0.626,0.293
41600,0.078,0.627,0.295
41700,0.075,0.632,0.293
41800,0.075,0.627,0.298
41900,0.069,0.615,0.316
42000,0.072,0.623,0.305
42100,0.074,0.622,0.304
42200,0.071,0.635,0.294
42300,0.067,0.628,0.305
42400,0.078,0.632,0.290
42500,0.076,0.630,0.294
42600,0.069,0.630,0.301
42700,0.068,0.613,0.319
42800,0.073,0.611,0.316
42900,0.067,0.608,0.325
43000,0.067,0.622,0.311
43100,0.065,0.618,0.317
43200,0.068,0.615,0.317
43300,0.067,0.612,0.321
43400,0.068,0.606,0.326
43500,0.071,0.601,0.328
43600,0.075,0.601,0.324
43700,0.074,0.603,0.323
43800,0.070,0.606,0.324
43900,0.080,0.609,0.311
44000,0.076,0.606,0.318
44100,0.073,0.606,0.321
44200,0.075,0.598,0.327
44300,0.077,0.601,0.322
44400,0.081,0.603,0.316
44500,0.081,0.591,0.328
44600,0.083,0.593,0.324
44700,0.080,0.596,0.324
44800,0.081,0.591,0.328
44900,0.079,0.589,0.332
45000,0.073,0.594,0.333
45100,0.077,0.593,0.330
45200,0.085,0.601,0.314
45300,0.085,0.604,0.311
45400,0.083,0.601,0.316
45500,0.080,0.593,0.327
45600,0.082,0.602,0.316
45700,0.082,0.608,0.310
45800,0.078,0.591,0.331
45900,0.067,0.591,0.342
46000,0.064,0.583,0.353
46100,0.070,0.587,0.343
46200,0.072,0.584,0.344
46300,0.076,0.576,0.348
46400,0.076,0.587,0.337
46500,0.081,0.588,0.331
46600,0.077,0.598,0.325
46700,0.075,0.618,0.307
46800,0.080,0.622,0.298
46900,0.077,0.625,0.298
47000,0.077,0.628,0.295
47100,0.081,0.630,0.289
47200,0.080,0.622,0.298
47300,0.085,0.635,0.280
47400,0.083,0.637,0.280
47500,0.082,0.640,0.278
47600,0.082,0.627,0.291
47700,0.084,0.627,0.289
47800,0.081,0.619,0.300
47900,0.077,0.621,0.302
48000,0.082,0.615,0.303
48100,0.074,0.617,0.309
48200,0.070,0.608,0.322
48300,0.067,0.607,0.326
48400,0.068,0.619,0.313
48500,0.063,0.619,0.318
48600,0.065,0.615,0.320
48700,0.063,0.619,0.318
48800,0.062,0.621,0.317
48900,0.061,0.622,0.317
49000,0.061,0.623,0.316
49100,0.058,0.614,0.328
49200,0.073,0.624,0.303
49300,0.071,0.620,0.309
49400,0.079,0.625,0.296
49500,0.075,0.621,0.304
49600,0.071,0.621,0.308
49700,0.069,0.612,0.319
49800,0.068,0.609,0.323
49900,0.075,0.603,0.322
50000,0.073,0.601,0.326
50100,0.074,0.595,0.331
50200,0.078,0.594,0.328
50300,0.079,0.585,0.336
50400,0.078,0.581,0.341
50500,0.080,0.581,0.339
50600,0.080,0.583,0.337
50700,0.080,0.587,0.333
50800,0.085,0.581,0.334
50900,0.081,0.576,0.343
51000,0.084,0.582,0.334
51100,0.084,0.583,0.333
51200,0.083,0.581,0.336
51300,0.083,0.580,0.337
51400,0.090,0.576,0.334
51500,0.096,0.561,0.343
51600,0.091,0.569,0.340
51700,0.089,0.572,0.339
51800,0.091,0.559,0.350
51900,0.099,0.558,0.343
52000,0.097,0.561,0.342
52100,0.098,0.564,0.338
52200,0.091,0.574,0.335
52300,0.088,0.583,0.329
52400,0.089,0.571,0.340
52500,0.085,0.573,0.342
52600,0.090,0.567,0.343
52700,0.087,0.565,0.348
52800,0.085,0.554,0.361
52900,0.083,0.569,0.348
53000,0.078,0.585,0.337
53100,0.073,0.586,0.341
53200,0.074,0.592,0.334
53300,0.077,0.589,0.334
53400,0.074,0.592,0.334
53500,0.069,0.601,0.330
53600,0.071,0.596,0.333
53700,0.071,0.601,0.328
53800,0.072,0.615,0.313
53900,0.072,0.624,0.304
54000,0.071,0.620,0.309
54100,0.068,0.620,0.312
54200,0.072,0.615,0.313
54300,0.074,0.609,0.317
54400,0.078,0.599,0.323
54500,0.076,0.597,0.327
54600,0.074,0.607,0.319
54700,0.075,0.605,0.320
54800,0.070,0.611,0.319
54900,0.068,0.610,0.322
55000,0.072,0.617,0.311
55100,0.076,0.616,0.308
55200,0.081,0.621,0.298
55300,0.078,0.617,0.305
55400,0.077,0.611,0.312
55500,0.072,0.623,0.305
55600,0.068,0.621,0.311
55700,0.072,0.632,0.296
55800,0.070,0.634,0.296
55900,0.066,0.626,0.308
56000,0.059,0.626,0.315
56100,0.063,0.634,0.303
56200,0.064,0.635,0.301
56300,0.059,0.625,0.316
56400,0.058,0.623,0.319
56500,0.061,0.613,0.326
56600,0.061,0.605,0.334
56700,0.066,0.616,0.318
56800,0.063,0.614,0.323
56900,0.062,0.612,0.326
57000,0.061,0.606,0.333
57100,0.062,0.612,0.326
57200,0.062,0.619,0.319
57300,0.064,0.611,0.325
57400,0.072,0.623,0.305
57500,0.079,0.622,0.299
57600,0.077,0.611,0.312
57700,0.080,0.605,0.315
57800,0.081,0.596,0.323
57900,0.085,0.602,0.313
58000,0.088,0.605,0.307
58100,0.087,0.618,0.295
58200,0.079,0.618,0.303
58300,0.079,0.614,0.307
58400,0.078,0.611,0.311
58500,0.073,0.602,0.325
58600,0.075,0.592,0.333
58700,0.076,0.599,0.325
58800,0.079,0.611,0.310
58900,0.072,0.604,0.324
59000,0.074,0.593,0.333
59100,0.078,0.590,0.332
59200,0.071,0.599,0.330
59300,0.071,0.598,0.331
59400,0.070,0.596,0.334
59500,0.073,0.598,0.329
59600,0.074,0.593,0.333
59700,0.090,0.584,0.326
59800,0.087,0.585,0.328
59900,0.083,0.578,0.339
60000,0.085,0.565,0.350
60100,0.085,0.558,0.357
60200,0.085,0.557,0.358
60300,0.082,0.550,0.368
60400,0.072,0.540,0.388
60500,0.068,0.541,0.391
60600,0.070,0.550,0.380
60700,0.074,0.551,0.375
60800,0.074,0.536,0.390
60900,0.074,0.557,0.369
61000,0.079,0.567,0.354
61100,0.075,0.557,0.368
61200,0.076,0.563,0.361
61300,0.076,0.572,0.352
61400,0.083,0.582,0.335
61500,0.085,0.595,0.320
61600,0.084,0.590,0.326
61700,0.081,0.597,0.322
61800,0.081,0.595,0.324
61900,0.086,0.600,0.314
62000,0.082,0.592,0.326
62100,0.082,0.585,0.333
62200,0.085,0.592,0.323
62300,0.085,0.595,0.320
62400,0.085,0.592,0.323
62500,0.084,0.588,0.328
62600,0.081,0.593,0.326
62700,0.081,0.590,0.329
62800,0.086,0.588,0.326
62900,0.084,0.586,0.330
63000,0.084,0.583,0.333
63100,0.090,0.584,0.326
63200,0.091,0.587,0.322
63300,0.086,0.588,0.326
63400,0.086,0.578,0.336
63500,0.082,0.590,0.328
63600,0.088,0.604,0.308
63700,0.090,0.597,0.313
63800,0.092,0.600,0.308
63900,0.089,0.602,0.309
64000,0.089,0.598,0.313
64100,0.091,0.586,0.323
64200,0.091,0.578,0.331
64300,0.089,0.575,0.336
64400,0.081,0.575,0.344
64500,0.082,0.578,0.340
64600,0.082,0.577,0.341
64700,0.083,0.576,0.341
64800,0.081,0.578,0.341
64900,0.078,0.582,0.340
65000,0.080,0.586,0.334
65100,0.087,0.580,0.333
65200,0.079,0.582,0.339
65300,0.081,0.582,0.337
65400,0.080,0.593,0.327
65500,0.073,0.599,0.328
65600,0.069,0.593,0.338
65700,0.068,0.601,0.331
65800,0.065,0.615,0.320
65900,0.069,0.613,0.318
66000,0.073,0.603,0.324
66100,0.074,0.607,0.319
66200,0.072,0.607,0.321
66300,0.074,0.602,0.324
66400,0.078,0.597,0.325
66500,0.082,0.617,0.301
66600,0.083,0.612,0.305
66700,0.080,0.612,0.308
66800,0.076,0.619,0.305
66900,0.071,0.614,0.315
67000,0.069,0.620,0.311
67100,0.066,0.611,0.323
67200,0.069,0.608,0.323
67300,0.076,0.595,0.329
67400,0.076,0.597,0.327
67500,0.079,0.607,0.314
67600,0.081,0.604,0.315
67700,0.082,0.589,0.329
67800,0.081,0.585,0.334
67900,0.080,0.583,0.337
68000,0.080,0.593,0.327
68100,0.083,0.597,0.320
68200,0.077,0.599,0.324
68300,0.081,0.607,0.312
68400,0.085,0.603,0.312
68500,0.084,0.596,0.320
68600,0.087,0.589,0.324
68700,0.082,0.592,0.326
68800,0.080,0.592,0.328
68900,0.086,0.580,0.334
69000,0.086,0.571,0.343
69100,0.087,0.570,0.343
69200,0.081,0.559,0.360
69300,0.086,0.548,0.366
69400,0.093,0.546,0.361
69500,0.106,0.537,0.357
69600,0.099,0.547,0.354
69700,0.101,0.529,0.370
69800,0.101,0.540,0.359
69900,0.093,0.547,0.360
70000,0.090,0.542,0.368
70100,0.095,0.550,0.355
70200,0.090,0.541,0.369
70300,0.093,0.539,0.368
70400,0.093,0.541,0.366
70500,0.096,0.536,0.368
70600,0.092,0.531,0.377
70700,0.094,0.538,0.368
70800,0.089,0.546,0.365
70900,0.095,0.551,0.354
71000,0.097,0.550,0.353
71100,0.091,0.546,0.363
71200,0.091,0.556,0.353
71300,0.090,0.552,0.358
71400,0.094,0.547,0.359
71500,0.095,0.558,0.347
71600,0.096,0.558,0.346
71700,0.099,0.557,0.344
71800,0.095,0.564,0.341
71900,0.094,0.566,0.340
72000,0.090,0.559,0.351
72100,0.089,0.545,0.366
72200,0.095,0.539,0.366
72300,0.095,0.531,0.374
72400,0.091,0.535,0.374
72500,0.094,0.525,0.381
72600,0.091,0.533,0.376
72700,0.087,0.532,0.381
72800,0.083,0.519,0.398
72900,0.090,0.535,0.375
73000,0.098,0.537,0.365
73100,0.095,0.544,0.361
73200,0.096,0.541,0.363
73300,0.095,0.548,0.357
73400,0.087,0.549,0.364
73500,0.089,0.531,0.380
73600,0.092,0.541,0.367
73700,0.090,0.537,0.373
73800,0.091,0.536,0.373
73900,0.093,0.539,0.368
74000,0.095,0.544,0.361
74100,0.094,0.530,0.376
74200,0.101,0.541,0.358
74300,0.097,0.546,0.357
74400,0.095,0.538,0.367
74500,0.093,0.540,0.367
74600,0.092,0.548,0.360
74700,0.089,0.548,0.363
74800,0.088,0.554,0.358
74900,0.087,0.558,0.355
75000,0.090,0.571,0.339
75100,0.091,0.560,0.349
75200,0.093,0.549,0.358
75300,0.092,0.540,0.368
75400,0.093,0.552,0.355
75500,0.096,0.539,0.365
75600,0.100,0.535,0.365
75700,0.101,0.509,0.390
75800,0.103,0.516,0.381
75900,0.108,0.501,0.391
76000,0.107,0.504,0.389
76100,0.103,0.508,0.389
76200,0.106,0.506,0.388
76300,0.108,0.507,0.385
76400,0.106,0.504,0.390
76500,0.100,0.502,0.398
76600,0.108,0.512,0.380
76700,0.109,0.513,0.378
76800,0.107,0.519,0.374
76900,0.105,0.510,0.385
77000,0.104,0.520,0.376
77100,0.100,0.521,0.379
77200,0.096,0.523,0.381
77300,0.093,0.520,0.387
77400,0.091,0.509,0.400
77500,0.099,0.505,0.396
77600,0.096,0.510,0.394
77700,0.100,0.519,0.381
77800,0.092,0.503,0.405
77900,0.096,0.498,0.406
78000,0.097,0.495,0.408
78100,0.110,0.496,0.394
78200,0.116,0.492,0.392
78300,0.115,0.500,0.385
78400,0.115,0.500,0.385
78500,0.111,0.497,0.392
78600,0.112,0.501,0.387
78700,0.118,0.495,0.387
78800,0.105,0.482,0.413
78900,0.112,0.476,0.412
79000,0.113,0.478,0.409
79100,0.112,0.463,0.425
79200,0.110,0.460,0.430
79300,0.111,0.448,0.441
79400,0.115,0.455,0.430
79500,0.115,0.463,0.422
79600,0.117,0.476,0.407
79700,0.121,0.469,0.410
79800,0.116,0.465,0.419
79900,0.121,0.476,0.403
80000,0.121,0.471,0.408
80100,0.125,0.480,0.395
80200,0.127,0.488,0.385
80300,0.138,0.486,0.376
80400,0.135,0.486,0.379
80500,0.127,0.470,0.403
80600,0.125,0.457,0.418
80700,0.132,0.452,0.416
80800,0.137,0.450,0.413
80900,0.138,0.446,0.416
81000,0.144,0.437,0.419
81100,0.142,0.437,0.421
81200,0.145,0.442,0.413
81300,0.141,0.431,0.428
81400,0.141,0.442,0.417
81500,0.147,0.459,0.394
81600,0.140,0.476,0.384
81700,0.143,0.485,0.372
81800,0.139,0.478,0.383
81900,0.143,0.465,0.392
82000,0.137,0.472,0.391
82100,0.135,0.478,0.387
82200,0.133,0.479,0.388
82300,0.128,0.468,0.404
82400,0.132,0.452,0.416
82500,0.134,0.455,0.411
82600,0.135,0.441,0.424
82700,0.130,0.440,0.430
82800,0.127,0.445,0.428
82900,0.133,0.442,0.425
83000,0.146,0.446,0.408
83100,0.138,0.450,0.412
83200,0.145,0.449,0.406
83300,0.140,0.442,0.418
83400,0.129,0.448,0.423
83500,0.134,0.450,0.416
83600,0.137,0.451,0.412
83700,0.134,0.465,0.401
83800,0.132,0.475,0.393
83900,0.131,0.487,0.382
84000,0.124,0.487,0.389
84100,0.122,0.493,0.385
84200,0.117,0.480,0.403
84300,0.118,0.477,0.405
84400,0.113,0.489,0.398
84500,0.107,0.480,0.413
84600,0.122,0.471,0.407
84700,0.122,0.469,0.409
84800,0.119,0.467,0.414
84900,0.118,0.454,0.428
85000,0.121,0.457,0.422
85100,0.115,0.468,0.417
85200,0.115,0.470,0.415
85300,0.117,0.473,0.410
85400,0.120,0.469,0.411
85500,0.123,0.470,0.407
85600,0.122,0.478,0.400
85700,0.116,0.471,0.413
85800,0.107,0.481,0.412
85900,0.110,0.492,0.398
86000,0.118,0.485,0.397
86100,0.117,0.487,0.396
86200,0.115,0.473,0.412
86300,0.115,0.485,0.400
86400,0.110,0.498,0.392
86500,0.105,0.497,0.398
86600,0.112,0.485,0.403
86700,0.113,0.489,0.398
86800,0.115,0.480,0.405
86900,0.110,0.478,0.412
87000,0.105,0.476,0.419
87100,0.114,0.487,0.399
87200,0.115,0.490,0.395
87300,0.117,0.484,0.399
87400,0.111,0.489,0.400
87500,0.111,0.484,0.405
87600,0.112,0.495,0.393
87700,0.119,0.492,0.389
87800,0.114,0.497,0.389
87900,0.113,0.489,0.398
88000,0.114,0.486,0.400
88100,0.112,0.492,0.396
88200,0.115,0.503,0.382
88300,0.113,0.497,0.390
88400,0.116,0.493,0.391
88500,0.115,0.496,0.389
88600,0.109,0.494,0.397
88700,0.110,0.501,0.389
88800,0.108,0.506,0.386
88900,0.106,0.493,0.401
89000,0.104,0.507,0.389
89100,0.104,0.511,0.385
89200,0.099,0.497,0.404
89300,0.099,0.494,0.407
89400,0.106,0.486,0.408
89500,0.102,0.491,0.407
89600,0.099,0.489,0.412
89700,0.103,0.493,0.404
89800,0.109,0.485,0.406
89900,0.105,0.486,0.409
90000,0.107,0.489,0.404
90100,0.106,0.496,0.398
90200,0.108,0.499,0.393
90300,0.108,0.505,0.387
90400,0.100,0.510,0.390
90500,0.101,0.523,0.376
90600,0.104,0.543,0.353
90700,0.110,0.523,0.367
90800,0.107,0.527,0.366
90900,0.101,0.534,0.365
91000,0.110,0.545,0.345
91100,0.115,0.547,0.338
91200,0.114,0.552,0.334
91300,0.112,0.546,0.342
91400,0.095,0.546,0.359
91500,0.095,0.553,0.352
91600,0.102,0.553,0.345
91700,0.102,0.545,0.353
91800,0.101,0.548,0.351
91900,0.098,0.544,0.358
92000,0.099,0.539,0.362
92100,0.097,0.530,0.373
92200,0.097,0.537,0.366
92300,0.100,0.552,0.348
92400,0.100,0.555,0.345
92500,0.093,0.563,0.344
92600,0.091,0.562,0.347
92700,0.093,0.575,0.332
92800,0.094,0.565,0.341
92900,0.093,0.562,0.345
93000,0.091,0.570,0.339
93100,0.091,0.581,0.328
93200,0.090,0.576,0.334
93300,0.085,0.567,0.348
93400,0.081,0.572,0.347
93500,0.079,0.578,0.343
93600,0.078,0.570,0.352
93700,0.076,0.575,0.349
93800,0.081,0.582,0.337
93900,0.086,0.582,0.332
94000,0.086,0.588,0.326
94100,0.088,0.603,0.309
94200,0.081,0.602,0.317
94300,0.081,0.612,0.307
94400,0.080,0.607,0.313
94500,0.076,0.600,0.324
94600,0.076,0.593,0.331
94700,0.082,0.589,0.329
94800,0.082,0.595,0.323
94900,0.080,0.595,0.325
95000,0.078,0.586,0.336
95100,0.075,0.585,0.340
95200,0.077,0.593,0.330
95300,0.084,0.587,0.329
95400,0.085,0.578,0.337
95500,0.086,0.571,0.343
95600,0.081,0.563,0.356
95700,0.081,0.552,0.367
95800,0.091,0.540,0.369
95900,0.096,0.539,0.365
96000,0.094,0.532,0.374
96100,0.090,0.535,0.375
96200,0.100,0.525,0.375
96300,0.104,0.522,0.374
96400,0.101,0.523,0.376
96500,0.103,0.526,0.371
96600,0.100,0.535,0.365
96700,0.107,0.535,0.358
96800,0.107,0.532,0.361
96900,0.109,0.512,0.379
97000,0.116,0.515,0.369
97100,0.121,0.513,0.366
97200,0.119,0.507,0.374
97300,0.122,0.500,0.378
97400,0.115,0.504,0.381
97500,0.118,0.504,0.378
97600,0.123,0.499,0.378
97700,0.120,0.502,0.378
97800,0.116,0.515,0.369
97900,0.117,0.517,0.366
98000,0.115,0.514,0.371
98100,0.122,0.515,0.363
98200,0.119,0.515,0.366
98300,0.114,0.516,0.370
98400,0.105,0.514,0.381
98500,0.105,0.517,0.378
98600,0.112,0.522,0.366
98700,0.115,0.512,0.373
98800,0.120,0.515,0.365
98900,0.121,0.522,0.357
99000,0.111,0.511,0.378
99100,0.108,0.499,0.393
99200,0.110,0.484,0.406
99300,0.115,0.481,0.404
99400,0.109,0.486,0.405
99500,0.111,0.481,0.408
99600,0.117,0.477,0.406
99700,0.122,0.473,0.405
99800,0.115,0.490,0.395
99900,0.110,0.484,0.406
100000,0.114,0.495,0.391
