time,n_A+p,n_B,n_AB
100,0.250,0.424,0.326
200,0.250,0.402,0.348
300,0.196,0.402,0.402
400,0.261,0.315,0.424
500,0.272,0.380,0.348
600,0.293,0.326,0.380
700,0.283,0.293,0.424
800,0.293,0.217,0.489
900,0.272,0.293,0.435
1000,0.217,0.380,0.402
1100,0.250,0.424,0.326
1200,0.185,0.370,0.446
1300,0.272,0.380,0.348
1400,0.272,0.283,0.446
1500,0.228,0.348,0.424
1600,0.348,0.283,0.370
1700,0.326,0.283,0.391
1800,0.239,0.326,0.435
1900,0.272,0.272,0.457
2000,0.239,0.272,0.489
2100,0.293,0.326,0.380
2200,0.217,0.348,0.435
2300,0.217,0.315,0.467
2400,0.228,0.337,0.435
2500,0.250,0.402,0.348
2600,0.217,0.370,0.413
2700,0.196,0.402,0.402
2800,0.152,0.391,0.457
2900,0.196,0.391,0.413
3000,0.152,0.402,0.446
3100,0.217,0.478,0.304
3200,0.293,0.359,0.348
3300,0.272,0.207,0.522
3400,0.228,0.359,0.413
3500,0.185,0.391,0.424
3600,0.228,0.370,0.402
3700,0.163,0.424,0.413
3800,0.130,0.478,0.391
3900,0.141,0.489,0.370
4000,0.098,0.522,0.380
4100,0.076,0.620,0.304
4200,0.076,0.652,0.272
4300,0.054,0.609,0.337
4400,0.065,0.587,0.348
4500,0.087,0.609,0.304
4600,0.054,0.565,0.380
4700,0.076,0.620,0.304
4800,0.098,0.620,0.283
4900,0.087,0.609,0.304
5000,0.120,0.685,0.196
5100,0.054,0.674,0.272
5200,0.065,0.674,0.261
5300,0.098,0.598,0.304
5400,0.076,0.511,0.413
5500,0.109,0.478,0.413
5600,0.141,0.457,0.402
5700,0.185,0.435,0.380
5800,0.163,0.413,0.424
5900,0.217,0.337,0.446
6000,0.152,0.380,0.467
6100,0.185,0.283,0.533
6200,0.228,0.304,0.467
6300,0.217,0.391,0.391
6400,0.217,0.370,0.413
6500,0.250,0.391,0.359
6600,0.185,0.424,0.391
6700,0.120,0.489,0.391
6800,0.065,0.489,0.446
6900,0.130,0.630,0.239
7000,0.065,0.728,0.207
7100,0.065,0.663,0.272
7200,0.109,0.609,0.283
7300,0.054,0.630,0.315
7400,0.065,0.652,0.283
7500,0.054,0.685,0.261
7600,0.022,0.804,0.174
7700,0.000,0.870,0.130
7800,0.000,0.924,0.076
7900,0.000,0.913,0.087
8000,0.000,0.902,0.098
8100,0.000,0.946,0.054
8200,0.000,1.000,0.000
