time,n_A+p,n_B,n_AB
500,0.050,0.813,0.137
1000,0.050,0.710,0.240
1500,0.050,0.694,0.256
2000,0.050,0.598,0.352
2500,0.050,0.529,0.421
3000,0.056,0.408,0.536
3500,0.059,0.395,0.546
4000,0.061,0.418,0.521
4500,0.054,0.469,0.477
5000,0.058,0.505,0.437
5500,0.056,0.467,0.477
6000,0.051,0.498,0.451
6500,0.052,0.458,0.490
7000,0.050,0.459,0.491
7500,0.050,0.504,0.446
8000,0.050,0.507,0.443
8500,0.051,0.516,0.433
9000,0.050,0.468,0.482
9500,0.052,0.475,0.473
10000,0.051,0.503,0.446
10500,0.058,0.364,0.578
11000,0.076,0.308,0.616
11500,0.077,0.326,0.597
12000,0.092,0.304,0.604
12500,0.112,0.239,0.649
13000,0.103,0.279,0.618
13500,0.126,0.249,0.625
14000,0.096,0.301,0.603
14500,0.095,0.274,0.631
15000,0.093,0.289,0.618
15500,0.082,0.279,0.639
16000,0.074,0.327,0.599
16500,0.087,0.315,0.598
17000,0.091,0.290,0.619
17500,0.093,0.270,0.637
18000,0.071,0.327,0.602
18500,0.080,0.364,0.556
19000,0.063,0.371,0.566
19500,0.068,0.371,0.561
20000,0.059,0.400,0.541
20500,0.058,0.445,0.497
21000,0.050,0.493,0.457
21500,0.052,0.485,0.463
22000,0.055,0.458,0.487
22500,0.055,0.388,0.557
23000,0.054,0.383,0.563
23500,0.067,0.401,0.532
24000,0.060,0.407,0.533
24500,0.059,0.409,0.532
25000,0.065,0.383,0.552
25500,0.059,0.447,0.494
26000,0.061,0.427,0.512
26500,0.056,0.447,0.497
27000,0.063,0.410,0.527
27500,0.052,0.360,0.588
28000,0.067,0.393,0.540
28500,0.064,0.390,0.546
29000,0.080,0.272,0.648
29500,0.091,0.247,0.662
30000,0.074,0.347,0.579
30500,0.073,0.378,0.549
31000,0.054,0.470,0.476
31500,0.050,0.486,0.464
32000,0.054,0.451,0.495
32500,0.050,0.493,0.457
33000,0.057,0.440,0.503
33500,0.052,0.471,0.477
34000,0.054,0.494,0.452
34500,0.053,0.454,0.493
35000,0.055,0.422,0.523
35500,0.050,0.529,0.421
36000,0.050,0.520,0.430
36500,0.054,0.421,0.525
37000,0.057,0.408,0.535
37500,0.055,0.454,0.491
38000,0.056,0.436,0.508
38500,0.051,0.392,0.557
39000,0.055,0.357,0.588
39500,0.067,0.396,0.537
40000,0.064,0.360,0.576
40500,0.071,0.326,0.603
41000,0.056,0.416,0.528
41500,0.073,0.442,0.485
42000,0.073,0.357,0.570
42500,0.073,0.332,0.595
43000,0.055,0.392,0.553
43500,0.054,0.419,0.527
44000,0.065,0.485,0.450
44500,0.062,0.465,0.473
45000,0.053,0.366,0.581
45500,0.054,0.403,0.543
46000,0.055,0.425,0.520
46500,0.068,0.371,0.561
47000,0.078,0.312,0.610
47500,0.074,0.342,0.584
48000,0.064,0.322,0.614
48500,0.050,0.426,0.524
49000,0.057,0.409,0.534
49500,0.058,0.416,0.526
50000,0.053,0.402,0.545
50500,0.062,0.359,0.579
51000,0.062,0.400,0.538
51500,0.071,0.346,0.583
52000,0.074,0.361,0.565
52500,0.094,0.333,0.573
53000,0.077,0.357,0.566
53500,0.069,0.393,0.538
54000,0.065,0.333,0.602
54500,0.058,0.356,0.586
55000,0.065,0.414,0.521
55500,0.055,0.371,0.574
56000,0.051,0.427,0.522
56500,0.057,0.435,0.508
57000,0.059,0.480,0.461
57500,0.057,0.437,0.506
58000,0.056,0.416,0.528
58500,0.052,0.452,0.496
59000,0.073,0.361,0.566
59500,0.064,0.395,0.541
60000,0.057,0.418,0.525
60500,0.074,0.387,0.539
61000,0.071,0.354,0.575
61500,0.069,0.356,0.575
62000,0.062,0.366,0.572
62500,0.079,0.334,0.587
63000,0.090,0.310,0.600
63500,0.072,0.353,0.575
64000,0.085,0.346,0.569
64500,0.068,0.366,0.566
65000,0.072,0.349,0.579
65500,0.086,0.328,0.586
66000,0.063,0.294,0.643
66500,0.079,0.322,0.599
67000,0.083,0.330,0.587
67500,0.066,0.329,0.605
68000,0.069,0.343,0.588
68500,0.067,0.333,0.600
69000,0.082,0.351,0.567
69500,0.059,0.359,0.582
70000,0.068,0.380,0.552
70500,0.063,0.390,0.547
71000,0.062,0.447,0.491
71500,0.062,0.368,0.570
72000,0.060,0.396,0.544
72500,0.076,0.354,0.570
73000,0.092,0.332,0.576
73500,0.093,0.286,0.621
74000,0.066,0.294,0.640
74500,0.067,0.287,0.646
75000,0.109,0.241,0.650
75500,0.089,0.277,0.634
76000,0.069,0.367,0.564
76500,0.061,0.404,0.535
77000,0.065,0.319,0.616
77500,0.073,0.359,0.568
78000,0.072,0.345,0.583
78500,0.057,0.415,0.528
79000,0.056,0.382,0.562
79500,0.056,0.491,0.453
80000,0.057,0.428,0.515
80500,0.053,0.463,0.484
81000,0.058,0.438,0.504
81500,0.053,0.422,0.525
82000,0.053,0.447,0.500
82500,0.064,0.411,0.525
83000,0.062,0.379,0.559
83500,0.059,0.395,0.546
84000,0.061,0.411,0.528
84500,0.062,0.342,0.596
85000,0.081,0.312,0.607
85500,0.085,0.374,0.541
86000,0.056,0.451,0.493
86500,0.058,0.446,0.496
87000,0.051,0.447,0.502
87500,0.050,0.503,0.447
88000,0.060,0.467,0.473
88500,0.052,0.413,0.535
89000,0.059,0.382,0.559
89500,0.059,0.350,0.591
90000,0.061,0.401,0.538
90500,0.061,0.431,0.508
91000,0.058,0.454,0.488
91500,0.064,0.436,0.500
92000,0.052,0.458,0.490
92500,0.077,0.322,0.601
93000,0.066,0.343,0.591
93500,0.087,0.348,0.565
94000,0.073,0.315,0.612
94500,0.079,0.351,0.570
95000,0.063,0.402,0.535
95500,0.055,0.481,0.464
96000,0.054,0.448,0.498
96500,0.063,0.437,0.500
97000,0.060,0.444,0.496
97500,0.055,0.445,0.500
98000,0.056,0.410,0.534
98500,0.055,0.427,0.518
99000,0.050,0.442,0.508
99500,0.057,0.427,0.516
100000,0.051,0.432,0.517
100500,0.059,0.418,0.523
101000,0.062,0.418,0.520
101500,0.058,0.443,0.499
102000,0.056,0.411,0.533
102500,0.053,0.522,0.425
103000,0.072,0.442,0.486
103500,0.057,0.457,0.486
104000,0.067,0.421,0.512
104500,0.062,0.416,0.522
105000,0.055,0.403,0.542
105500,0.059,0.411,0.530
106000,0.061,0.422,0.517
106500,0.061,0.369,0.570
107000,0.053,0.444,0.503
107500,0.052,0.451,0.497
108000,0.056,0.427,0.517
108500,0.058,0.345,0.597
109000,0.067,0.406,0.527
109500,0.056,0.493,0.451
110000,0.051,0.498,0.451
110500,0.050,0.503,0.447
111000,0.055,0.462,0.483
111500,0.056,0.393,0.551
112000,0.052,0.433,0.515
112500,0.050,0.438,0.512
113000,0.055,0.415,0.530
113500,0.062,0.429,0.509
114000,0.063,0.430,0.507
114500,0.062,0.401,0.537
115000,0.062,0.384,0.554
115500,0.059,0.454,0.487
116000,0.051,0.436,0.513
116500,0.050,0.419,0.531
117000,0.053,0.400,0.547
117500,0.059,0.469,0.472
118000,0.052,0.569,0.379
118500,0.050,0.507,0.443
119000,0.052,0.453,0.495
119500,0.056,0.443,0.501
120000,0.050,0.415,0.535
120500,0.059,0.446,0.495
121000,0.051,0.502,0.447
121500,0.050,0.458,0.492
122000,0.055,0.412,0.533
122500,0.056,0.447,0.497
123000,0.063,0.379,0.558
123500,0.055,0.444,0.501
124000,0.067,0.365,0.568
124500,0.086,0.323,0.591
125000,0.070,0.350,0.580
125500,0.071,0.413,0.516
126000,0.055,0.430,0.515
126500,0.055,0.447,0.498
127000,0.060,0.462,0.478
127500,0.053,0.428,0.519
128000,0.067,0.471,0.462
128500,0.054,0.448,0.498
129000,0.054,0.505,0.441
129500,0.055,0.483,0.462
130000,0.052,0.431,0.517
130500,0.056,0.465,0.479
131000,0.050,0.499,0.451
131500,0.050,0.476,0.474
132000,0.057,0.416,0.527
132500,0.059,0.441,0.500
133000,0.070,0.375,0.555
133500,0.073,0.404,0.523
134000,0.088,0.338,0.574
134500,0.073,0.390,0.537
135000,0.067,0.387,0.546
135500,0.072,0.356,0.572
136000,0.067,0.380,0.553
136500,0.067,0.406,0.527
137000,0.058,0.417,0.525
137500,0.069,0.330,0.601
138000,0.071,0.324,0.605
138500,0.085,0.328,0.587
139000,0.063,0.349,0.588
139500,0.057,0.415,0.528
140000,0.061,0.393,0.546
140500,0.070,0.448,0.482
141000,0.059,0.513,0.428
141500,0.057,0.470,0.473
142000,0.055,0.477,0.468
142500,0.050,0.464,0.486
143000,0.052,0.541,0.407
143500,0.052,0.479,0.469
144000,0.059,0.432,0.509
144500,0.052,0.487,0.461
145000,0.054,0.423,0.523
145500,0.051,0.449,0.500
146000,0.053,0.473,0.474
146500,0.071,0.408,0.521
147000,0.077,0.304,0.619
147500,0.064,0.358,0.578
148000,0.062,0.342,0.596
148500,0.071,0.371,0.558
149000,0.074,0.353,0.573
149500,0.080,0.284,0.636
150000,0.069,0.351,0.580
150500,0.066,0.356,0.578
151000,0.063,0.370,0.567
151500,0.067,0.424,0.509
152000,0.064,0.412,0.524
152500,0.059,0.366,0.575
153000,0.053,0.402,0.545
153500,0.056,0.460,0.484
154000,0.054,0.431,0.515
154500,0.060,0.457,0.483
155000,0.058,0.464,0.478
155500,0.064,0.407,0.529
156000,0.067,0.377,0.556
156500,0.070,0.373,0.557
157000,0.078,0.360,0.562
157500,0.084,0.299,0.617
158000,0.074,0.341,0.585
158500,0.070,0.310,0.620
159000,0.074,0.407,0.519
159500,0.060,0.384,0.556
160000,0.056,0.373,0.571
160500,0.065,0.384,0.551
161000,0.061,0.354,0.585
161500,0.069,0.342,0.589
162000,0.086,0.250,0.664
162500,0.144,0.245,0.611
163000,0.147,0.205,0.648
163500,0.133,0.220,0.647
164000,0.130,0.223,0.647
164500,0.155,0.211,0.634
165000,0.153,0.162,0.685
165500,0.230,0.092,0.678
166000,0.394,0.040,0.566
166500,0.552,0.002,0.446
167000,0.736,0.000,0.264
167500,0.867,0.000,0.133
168000,0.865,0.000,0.135
168500,0.895,0.000,0.105
169000,0.930,0.000,0.070
169500,0.907,0.000,0.093
170000,0.922,0.000,0.078
170500,0.958,0.000,0.042
171000,0.981,0.000,0.019
171500,0.996,0.000,0.004
172000,0.999,0.000,0.001
172500,0.999,0.000,0.001
173000,1.000,0.000,0.000
