time,n_A+p,n_B,n_AB
100,0.395,0.468,0.137
200,0.351,0.425,0.224
300,0.315,0.393,0.292
400,0.274,0.371,0.354
500,0.257,0.342,0.401
600,0.250,0.315,0.435
700,0.251,0.292,0.457
800,0.239,0.284,0.477
900,0.229,0.265,0.506
1000,0.226,0.246,0.528
1100,0.218,0.239,0.543
1200,0.237,0.239,0.524
1300,0.224,0.241,0.536
1400,0.197,0.235,0.568
1500,0.187,0.229,0.584
1600,0.180,0.216,0.604
1700,0.176,0.198,0.626
1800,0.159,0.196,0.645
1900,0.179,0.191,0.630
2000,0.178,0.204,0.618
2100,0.178,0.196,0.627
2200,0.189,0.183,0.629
2300,0.185,0.189,0.626
2400,0.179,0.194,0.627
2500,0.162,0.201,0.637
2600,0.151,0.226,0.622
2700,0.147,0.231,0.622
2800,0.139,0.231,0.630
2900,0.149,0.224,0.627
3000,0.145,0.215,0.640
3100,0.148,0.218,0.634
3200,0.136,0.212,0.652
3300,0.148,0.212,0.640
3400,0.153,0.207,0.640
3500,0.151,0.194,0.655
3600,0.172,0.180,0.648
3700,0.177,0.159,0.664
3800,0.159,0.179,0.662
3900,0.158,0.195,0.647
4000,0.140,0.197,0.664
4100,0.134,0.214,0.653
4200,0.136,0.209,0.655
4300,0.138,0.204,0.658
4400,0.137,0.192,0.671
4500,0.153,0.207,0.641
4600,0.138,0.194,0.668
4700,0.141,0.187,0.671
4800,0.132,0.197,0.671
4900,0.146,0.193,0.661
5000,0.137,0.185,0.678
5100,0.138,0.183,0.679
5200,0.119,0.177,0.704
5300,0.122,0.176,0.701
5400,0.115,0.189,0.696
5500,0.103,0.176,0.721
5600,0.133,0.161,0.707
5700,0.131,0.158,0.711
5800,0.129,0.147,0.724
5900,0.127,0.142,0.731
6000,0.133,0.146,0.721
6100,0.137,0.153,0.710
6200,0.138,0.161,0.701
6300,0.158,0.158,0.685
6400,0.161,0.152,0.687
6500,0.155,0.159,0.686
6600,0.188,0.155,0.657
6700,0.182,0.146,0.673
6800,0.197,0.151,0.653
6900,0.190,0.157,0.653
7000,0.206,0.145,0.649
7100,0.193,0.162,0.645
7200,0.206,0.139,0.655
7300,0.194,0.154,0.652
7400,0.191,0.165,0.644
7500,0.171,0.169,0.660
7600,0.152,0.195,0.653
7700,0.144,0.175,0.681
7800,0.155,0.179,0.666
7900,0.171,0.153,0.676
8000,0.186,0.136,0.678
8100,0.184,0.154,0.662
8200,0.162,0.143,0.695
8300,0.189,0.146,0.666
8400,0.171,0.142,0.687
8500,0.184,0.136,0.680
8600,0.168,0.136,0.697
8700,0.157,0.143,0.700
8800,0.180,0.139,0.681
8900,0.176,0.122,0.701
9000,0.187,0.132,0.681
9100,0.184,0.127,0.689
9200,0.169,0.147,0.684
9300,0.157,0.140,0.703
9400,0.141,0.143,0.715
9500,0.162,0.153,0.685
9600,0.147,0.162,0.691
9700,0.161,0.140,0.700
9800,0.169,0.122,0.710
9900,0.172,0.118,0.711
10000,0.158,0.119,0.724
10100,0.165,0.125,0.710
10200,0.140,0.148,0.712
10300,0.152,0.141,0.707
10400,0.131,0.132,0.737
10500,0.127,0.157,0.717
10600,0.131,0.155,0.714
10700,0.139,0.155,0.707
10800,0.153,0.151,0.696
10900,0.150,0.141,0.709
11000,0.154,0.129,0.717
11100,0.151,0.178,0.671
11200,0.145,0.179,0.676
11300,0.142,0.155,0.703
11400,0.155,0.155,0.690
11500,0.154,0.153,0.693
11600,0.155,0.141,0.704
11700,0.182,0.122,0.696
11800,0.194,0.128,0.678
11900,0.178,0.129,0.693
12000,0.175,0.136,0.690
12100,0.153,0.147,0.700
12200,0.168,0.134,0.697
12300,0.154,0.123,0.722
12400,0.184,0.112,0.704
12500,0.179,0.130,0.690
12600,0.167,0.132,0.701
12700,0.166,0.140,0.694
12800,0.174,0.121,0.705
12900,0.187,0.122,0.690
13000,0.172,0.130,0.698
13100,0.192,0.129,0.679
13200,0.174,0.128,0.698
13300,0.165,0.108,0.726
13400,0.175,0.122,0.703
13500,0.163,0.124,0.713
13600,0.130,0.151,0.718
13700,0.123,0.176,0.701
13800,0.126,0.161,0.712
13900,0.141,0.169,0.690
14000,0.121,0.169,0.710
14100,0.125,0.150,0.725
14200,0.105,0.144,0.750
14300,0.104,0.146,0.750
14400,0.102,0.166,0.732
14500,0.114,0.159,0.728
14600,0.143,0.140,0.717
14700,0.137,0.130,0.733
14800,0.135,0.125,0.740
14900,0.130,0.171,0.698
15000,0.137,0.179,0.684
15100,0.135,0.198,0.667
15200,0.171,0.178,0.651
15300,0.183,0.148,0.669
15400,0.191,0.145,0.664
15500,0.184,0.130,0.686
15600,0.192,0.118,0.690
15700,0.189,0.114,0.697
15800,0.173,0.116,0.710
15900,0.176,0.124,0.700
16000,0.188,0.132,0.680
16100,0.176,0.134,0.689
16200,0.158,0.136,0.706
16300,0.167,0.115,0.718
16400,0.142,0.111,0.747
16500,0.148,0.108,0.744
16600,0.145,0.119,0.736
16700,0.151,0.114,0.735
16800,0.151,0.120,0.729
16900,0.162,0.129,0.708
17000,0.148,0.135,0.717
17100,0.129,0.165,0.706
17200,0.122,0.151,0.727
17300,0.120,0.165,0.714
17400,0.108,0.184,0.708
17500,0.100,0.186,0.715
17600,0.119,0.172,0.709
17700,0.121,0.179,0.700
17800,0.110,0.198,0.692
17900,0.101,0.184,0.715
18000,0.109,0.176,0.714
18100,0.126,0.192,0.682
18200,0.114,0.200,0.686
18300,0.134,0.198,0.668
18400,0.118,0.186,0.696
18500,0.122,0.164,0.715
18600,0.137,0.159,0.704
18700,0.143,0.153,0.704
18800,0.143,0.150,0.707
18900,0.149,0.150,0.701
19000,0.146,0.154,0.700
19100,0.153,0.133,0.714
19200,0.165,0.129,0.706
19300,0.140,0.122,0.738
19400,0.134,0.129,0.737
19500,0.137,0.130,0.733
19600,0.135,0.123,0.742
19700,0.131,0.140,0.729
19800,0.130,0.145,0.725
19900,0.129,0.141,0.729
20000,0.125,0.146,0.729
20100,0.109,0.126,0.764
20200,0.134,0.145,0.721
20300,0.139,0.132,0.730
20400,0.160,0.128,0.712
20500,0.155,0.118,0.727
20600,0.144,0.125,0.732
20700,0.147,0.139,0.714
20800,0.150,0.134,0.717
20900,0.174,0.124,0.702
21000,0.148,0.121,0.731
21100,0.178,0.134,0.688
21200,0.166,0.142,0.692
21300,0.159,0.137,0.703
21400,0.150,0.134,0.717
21500,0.134,0.163,0.703
21600,0.145,0.160,0.695
21700,0.148,0.129,0.722
21800,0.159,0.132,0.709
21900,0.170,0.171,0.659
22000,0.174,0.166,0.659
22100,0.167,0.161,0.672
22200,0.180,0.152,0.668
22300,0.180,0.135,0.685
22400,0.178,0.146,0.676
22500,0.198,0.134,0.667
22600,0.206,0.131,0.663
22700,0.194,0.134,0.672
22800,0.167,0.148,0.685
22900,0.176,0.176,0.647
23000,0.157,0.148,0.696
23100,0.165,0.141,0.693
23200,0.187,0.118,0.695
23300,0.194,0.128,0.678
23400,0.180,0.134,0.685
23500,0.155,0.158,0.687
23600,0.124,0.149,0.727
23700,0.122,0.156,0.722
23800,0.146,0.153,0.701
23900,0.151,0.118,0.731
24000,0.154,0.113,0.733
24100,0.150,0.125,0.725
24200,0.140,0.123,0.736
24300,0.141,0.128,0.731
24400,0.116,0.165,0.719
24500,0.128,0.198,0.674
24600,0.120,0.201,0.678
24700,0.139,0.187,0.674
24800,0.127,0.194,0.679
24900,0.129,0.176,0.695
25000,0.116,0.176,0.707
25100,0.127,0.169,0.704
25200,0.118,0.167,0.715
25300,0.122,0.184,0.694
25400,0.102,0.182,0.715
25500,0.105,0.168,0.726
25600,0.101,0.152,0.747
25700,0.096,0.161,0.743
25800,0.101,0.171,0.728
25900,0.112,0.167,0.721
26000,0.122,0.155,0.724
26100,0.121,0.159,0.720
26200,0.132,0.158,0.710
26300,0.132,0.135,0.733
26400,0.125,0.125,0.750
26500,0.121,0.126,0.753
26600,0.121,0.135,0.744
26700,0.111,0.115,0.774
26800,0.109,0.127,0.764
26900,0.114,0.128,0.758
27000,0.128,0.119,0.753
27100,0.125,0.109,0.767
27200,0.119,0.120,0.761
27300,0.103,0.117,0.780
27400,0.089,0.159,0.752
27500,0.094,0.151,0.754
27600,0.081,0.151,0.767
27700,0.092,0.173,0.735
27800,0.101,0.149,0.750
27900,0.101,0.140,0.759
28000,0.094,0.147,0.759
28100,0.107,0.145,0.748
28200,0.109,0.141,0.750
28300,0.104,0.164,0.733
28400,0.124,0.177,0.699
28500,0.124,0.175,0.701
28600,0.164,0.148,0.688
28700,0.148,0.156,0.696
28800,0.177,0.146,0.677
28900,0.165,0.142,0.693
29000,0.170,0.143,0.687
29100,0.169,0.137,0.694
29200,0.141,0.134,0.725
29300,0.136,0.132,0.732
29400,0.153,0.132,0.716
29500,0.142,0.134,0.724
29600,0.151,0.120,0.729
29700,0.151,0.120,0.729
29800,0.161,0.126,0.712
29900,0.176,0.114,0.710
30000,0.178,0.109,0.713
30100,0.180,0.130,0.690
30200,0.174,0.156,0.670
30300,0.174,0.169,0.657
30400,0.163,0.169,0.668
30500,0.164,0.153,0.683
30600,0.176,0.150,0.674
30700,0.176,0.152,0.672
30800,0.160,0.126,0.714
30900,0.152,0.144,0.704
31000,0.143,0.134,0.723
31100,0.154,0.120,0.725
31200,0.141,0.129,0.730
31300,0.137,0.129,0.734
31400,0.140,0.144,0.716
31500,0.122,0.141,0.736
31600,0.111,0.194,0.696
31700,0.109,0.200,0.691
31800,0.103,0.195,0.702
31900,0.105,0.192,0.703
32000,0.117,0.176,0.707
32100,0.122,0.176,0.703
32200,0.112,0.182,0.706
32300,0.106,0.197,0.697
32400,0.102,0.194,0.704
32500,0.105,0.188,0.707
32600,0.086,0.225,0.689
32700,0.094,0.204,0.702
32800,0.108,0.201,0.691
32900,0.106,0.219,0.675
33000,0.101,0.193,0.706
33100,0.106,0.196,0.698
33200,0.099,0.195,0.706
33300,0.125,0.200,0.675
33400,0.120,0.200,0.680
33500,0.102,0.200,0.698
33600,0.098,0.207,0.695
33700,0.085,0.225,0.690
33800,0.095,0.229,0.676
33900,0.107,0.218,0.676
34000,0.138,0.200,0.662
34100,0.139,0.194,0.667
34200,0.133,0.180,0.687
34300,0.116,0.179,0.704
34400,0.113,0.189,0.698
34500,0.114,0.196,0.690
34600,0.108,0.200,0.693
34700,0.109,0.193,0.698
34800,0.094,0.180,0.726
34900,0.085,0.180,0.735
35000,0.109,0.164,0.728
35100,0.116,0.169,0.715
35200,0.121,0.157,0.722
35300,0.137,0.137,0.726
35400,0.136,0.136,0.728
35500,0.139,0.140,0.721
35600,0.134,0.150,0.716
35700,0.143,0.153,0.704
35800,0.136,0.159,0.705
35900,0.143,0.152,0.705
36000,0.126,0.151,0.723
36100,0.115,0.151,0.734
36200,0.148,0.139,0.713
36300,0.117,0.157,0.726
36400,0.121,0.141,0.738
36500,0.115,0.128,0.757
36600,0.103,0.154,0.743
36700,0.102,0.169,0.729
36800,0.112,0.171,0.717
36900,0.097,0.200,0.703
37000,0.110,0.186,0.704
37100,0.117,0.178,0.705
37200,0.104,0.176,0.719
37300,0.111,0.205,0.683
37400,0.099,0.225,0.676
37500,0.086,0.212,0.701
37600,0.111,0.187,0.702
37700,0.113,0.171,0.717
37800,0.106,0.164,0.731
37900,0.109,0.196,0.695
38000,0.112,0.203,0.685
38100,0.131,0.196,0.673
38200,0.126,0.171,0.703
38300,0.111,0.167,0.722
38400,0.123,0.151,0.725
38500,0.122,0.148,0.731
38600,0.117,0.146,0.737
38700,0.127,0.151,0.722
38800,0.140,0.150,0.710
38900,0.148,0.137,0.715
39000,0.138,0.148,0.714
39100,0.154,0.144,0.701
39200,0.155,0.150,0.695
39300,0.165,0.149,0.686
39400,0.158,0.140,0.701
39500,0.165,0.133,0.703
39600,0.176,0.133,0.692
39700,0.182,0.130,0.688
39800,0.183,0.148,0.668
39900,0.180,0.168,0.653
40000,0.187,0.154,0.659
40100,0.164,0.148,0.687
40200,0.175,0.141,0.683
40300,0.169,0.133,0.697
40400,0.190,0.125,0.686
40500,0.183,0.140,0.678
40600,0.179,0.139,0.682
40700,0.211,0.132,0.657
40800,0.205,0.132,0.662
40900,0.211,0.121,0.668
41000,0.194,0.123,0.683
41100,0.185,0.146,0.669
41200,0.169,0.171,0.660
41300,0.166,0.156,0.678
41400,0.165,0.134,0.700
41500,0.189,0.142,0.669
41600,0.190,0.154,0.657
41700,0.168,0.171,0.661
41800,0.179,0.146,0.675
41900,0.175,0.136,0.689
42000,0.170,0.134,0.696
42100,0.162,0.147,0.691
42200,0.150,0.146,0.704
42300,0.176,0.125,0.699
42400,0.188,0.133,0.679
42500,0.164,0.137,0.699
42600,0.190,0.120,0.690
42700,0.179,0.129,0.693
42800,0.154,0.137,0.708
42900,0.154,0.151,0.694
43000,0.148,0.161,0.691
43100,0.169,0.157,0.673
43200,0.151,0.165,0.685
43300,0.150,0.170,0.680
43400,0.144,0.169,0.687
43500,0.141,0.193,0.665
43600,0.143,0.215,0.642
43700,0.151,0.180,0.669
43800,0.175,0.173,0.652
43900,0.161,0.165,0.674
44000,0.155,0.154,0.692
44100,0.169,0.140,0.691
44200,0.151,0.180,0.669
44300,0.162,0.176,0.662
44400,0.168,0.164,0.668
44500,0.163,0.152,0.685
44600,0.170,0.130,0.700
44700,0.177,0.129,0.694
44800,0.183,0.124,0.693
44900,0.187,0.122,0.691
45000,0.182,0.140,0.678
45100,0.178,0.160,0.662
45200,0.189,0.133,0.678
45300,0.172,0.126,0.703
45400,0.172,0.121,0.707
45500,0.173,0.135,0.692
45600,0.160,0.132,0.708
45700,0.156,0.143,0.701
45800,0.138,0.121,0.741
45900,0.136,0.123,0.740
46000,0.125,0.115,0.760
46100,0.122,0.115,0.764
46200,0.137,0.113,0.750
46300,0.127,0.117,0.756
46400,0.147,0.111,0.743
46500,0.131,0.112,0.757
46600,0.134,0.129,0.737
46700,0.145,0.132,0.723
46800,0.147,0.119,0.735
46900,0.150,0.113,0.737
47000,0.142,0.112,0.746
47100,0.139,0.116,0.746
47200,0.134,0.129,0.737
47300,0.130,0.131,0.739
47400,0.123,0.113,0.764
47500,0.109,0.118,0.772
47600,0.114,0.123,0.764
47700,0.106,0.122,0.772
47800,0.088,0.128,0.784
47900,0.109,0.145,0.746
48000,0.112,0.134,0.754
48100,0.104,0.134,0.762
48200,0.104,0.126,0.770
48300,0.132,0.158,0.711
48400,0.116,0.164,0.720
48500,0.114,0.185,0.701
48600,0.095,0.183,0.721
48700,0.104,0.179,0.717
48800,0.102,0.170,0.728
48900,0.115,0.170,0.715
49000,0.112,0.166,0.722
49100,0.108,0.148,0.744
49200,0.119,0.157,0.725
49300,0.095,0.186,0.719
49400,0.124,0.171,0.705
49500,0.137,0.180,0.683
49600,0.139,0.165,0.696
49700,0.145,0.156,0.699
49800,0.172,0.132,0.697
49900,0.168,0.136,0.696
50000,0.156,0.132,0.712
50100,0.159,0.116,0.725
50200,0.183,0.109,0.707
50300,0.168,0.114,0.718
50400,0.147,0.143,0.710
50500,0.133,0.148,0.719
50600,0.140,0.144,0.716
50700,0.141,0.154,0.705
50800,0.155,0.137,0.708
50900,0.136,0.151,0.714
51000,0.110,0.150,0.740
51100,0.108,0.140,0.753
51200,0.121,0.125,0.754
51300,0.112,0.161,0.728
51400,0.108,0.155,0.736
51500,0.122,0.141,0.737
51600,0.146,0.156,0.698
51700,0.157,0.156,0.687
51800,0.134,0.175,0.691
51900,0.146,0.152,0.702
52000,0.131,0.159,0.710
52100,0.139,0.143,0.719
52200,0.137,0.151,0.712
52300,0.133,0.154,0.714
52400,0.127,0.166,0.707
52500,0.125,0.166,0.709
52600,0.129,0.155,0.715
52700,0.143,0.140,0.717
52800,0.183,0.123,0.694
52900,0.181,0.138,0.681
53000,0.154,0.146,0.700
53100,0.164,0.139,0.697
53200,0.154,0.141,0.705
53300,0.183,0.139,0.679
53400,0.154,0.133,0.713
53500,0.177,0.132,0.692
53600,0.202,0.149,0.649
53700,0.193,0.159,0.648
53800,0.178,0.154,0.668
53900,0.171,0.148,0.682
54000,0.167,0.132,0.701
54100,0.175,0.134,0.691
54200,0.162,0.144,0.693
54300,0.163,0.143,0.694
54400,0.157,0.153,0.690
54500,0.172,0.155,0.673
54600,0.161,0.167,0.672
54700,0.151,0.157,0.693
54800,0.162,0.148,0.689
54900,0.178,0.132,0.690
55000,0.162,0.165,0.673
55100,0.167,0.161,0.672
55200,0.164,0.169,0.668
55300,0.146,0.169,0.685
55400,0.134,0.180,0.685
55500,0.148,0.172,0.680
55600,0.129,0.171,0.700
55700,0.126,0.165,0.708
55800,0.118,0.181,0.701
55900,0.124,0.168,0.708
56000,0.126,0.150,0.724
56100,0.111,0.161,0.728
56200,0.113,0.160,0.727
56300,0.143,0.136,0.721
56400,0.118,0.139,0.743
56500,0.124,0.132,0.744
56600,0.131,0.137,0.732
56700,0.107,0.154,0.739
56800,0.140,0.151,0.708
56900,0.130,0.150,0.719
57000,0.124,0.156,0.720
57100,0.132,0.153,0.715
57200,0.150,0.162,0.689
57300,0.147,0.155,0.698
57400,0.153,0.147,0.700
57500,0.137,0.147,0.717
57600,0.148,0.135,0.717
57700,0.132,0.129,0.739
57800,0.130,0.145,0.725
57900,0.122,0.149,0.729
58000,0.125,0.152,0.723
58100,0.137,0.144,0.719
58200,0.118,0.165,0.717
58300,0.121,0.152,0.727
58400,0.118,0.163,0.719
58500,0.112,0.155,0.733
58600,0.116,0.139,0.745
58700,0.155,0.126,0.719
58800,0.157,0.118,0.725
58900,0.158,0.101,0.741
59000,0.146,0.112,0.742
59100,0.139,0.120,0.741
59200,0.154,0.112,0.733
59300,0.147,0.120,0.733
59400,0.141,0.124,0.735
59500,0.149,0.169,0.682
59600,0.126,0.162,0.712
59700,0.112,0.169,0.718
59800,0.112,0.186,0.703
59900,0.115,0.159,0.726
60000,0.154,0.148,0.697
60100,0.181,0.138,0.681
60200,0.189,0.137,0.674
60300,0.171,0.138,0.691
60400,0.173,0.141,0.686
60500,0.150,0.133,0.718
60600,0.155,0.114,0.731
60700,0.159,0.130,0.711
60800,0.147,0.148,0.705
60900,0.142,0.139,0.719
61000,0.140,0.128,0.732
61100,0.130,0.119,0.751
61200,0.127,0.122,0.751
61300,0.117,0.129,0.754
61400,0.108,0.143,0.749
61500,0.126,0.126,0.749
61600,0.122,0.123,0.755
61700,0.136,0.103,0.761
61800,0.138,0.112,0.750
61900,0.131,0.123,0.746
62000,0.146,0.123,0.731
62100,0.151,0.115,0.734
62200,0.150,0.107,0.743
62300,0.129,0.112,0.760
62400,0.125,0.144,0.731
62500,0.127,0.152,0.721
62600,0.127,0.145,0.728
62700,0.128,0.140,0.732
62800,0.123,0.143,0.734
62900,0.156,0.156,0.688
63000,0.148,0.137,0.715
63100,0.146,0.128,0.726
63200,0.155,0.117,0.728
63300,0.151,0.123,0.726
63400,0.147,0.105,0.748
63500,0.136,0.104,0.760
63600,0.128,0.126,0.746
63700,0.137,0.114,0.750
63800,0.159,0.136,0.704
63900,0.172,0.150,0.678
64000,0.182,0.157,0.662
64100,0.162,0.174,0.664
64200,0.147,0.152,0.701
64300,0.138,0.147,0.715
64400,0.144,0.127,0.728
64500,0.132,0.140,0.728
64600,0.126,0.141,0.733
64700,0.154,0.133,0.712
64800,0.172,0.127,0.701
64900,0.185,0.124,0.692
65000,0.168,0.116,0.716
65100,0.169,0.105,0.726
65200,0.187,0.102,0.711
65300,0.174,0.118,0.708
65400,0.168,0.103,0.729
65500,0.175,0.097,0.729
65600,0.197,0.104,0.700
65700,0.182,0.123,0.695
65800,0.159,0.137,0.704
65900,0.165,0.112,0.722
66000,0.179,0.117,0.704
66100,0.187,0.117,0.696
66200,0.163,0.150,0.687
66300,0.147,0.147,0.705
66400,0.131,0.164,0.705
66500,0.144,0.142,0.714
66600,0.161,0.152,0.687
66700,0.165,0.120,0.715
66800,0.161,0.117,0.722
66900,0.164,0.114,0.723
67000,0.185,0.105,0.710
67100,0.173,0.120,0.706
67200,0.148,0.145,0.707
67300,0.151,0.138,0.711
67400,0.138,0.136,0.726
67500,0.139,0.153,0.708
67600,0.121,0.170,0.709
67700,0.125,0.164,0.711
67800,0.117,0.168,0.715
67900,0.122,0.171,0.707
68000,0.120,0.180,0.700
68100,0.122,0.188,0.690
68200,0.137,0.180,0.683
68300,0.128,0.175,0.697
68400,0.133,0.175,0.692
68500,0.133,0.190,0.676
68600,0.146,0.175,0.680
68700,0.123,0.190,0.687
68800,0.112,0.192,0.696
68900,0.121,0.186,0.693
69000,0.111,0.197,0.692
69100,0.120,0.190,0.690
69200,0.116,0.198,0.686
69300,0.097,0.205,0.698
69400,0.090,0.217,0.694
69500,0.107,0.211,0.683
69600,0.111,0.219,0.670
69700,0.123,0.175,0.702
69800,0.114,0.189,0.697
69900,0.108,0.177,0.715
70000,0.118,0.166,0.715
70100,0.102,0.172,0.725
70200,0.116,0.169,0.715
70300,0.115,0.162,0.723
70400,0.114,0.157,0.729
70500,0.107,0.166,0.727
70600,0.115,0.148,0.737
70700,0.155,0.153,0.692
70800,0.158,0.161,0.680
70900,0.166,0.147,0.687
71000,0.164,0.146,0.690
71100,0.153,0.159,0.688
71200,0.143,0.181,0.676
71300,0.156,0.145,0.699
71400,0.159,0.168,0.673
71500,0.182,0.148,0.669
71600,0.189,0.132,0.679
71700,0.186,0.119,0.695
71800,0.191,0.127,0.682
71900,0.195,0.132,0.673
72000,0.172,0.144,0.684
72100,0.170,0.151,0.679
72200,0.168,0.162,0.671
72300,0.175,0.171,0.654
72400,0.164,0.151,0.685
72500,0.173,0.123,0.703
72600,0.184,0.111,0.705
72700,0.197,0.099,0.704
72800,0.179,0.123,0.698
72900,0.190,0.116,0.694
73000,0.156,0.146,0.698
73100,0.161,0.126,0.713
73200,0.189,0.112,0.699
73300,0.173,0.135,0.692
73400,0.168,0.126,0.705
73500,0.169,0.121,0.710
73600,0.192,0.123,0.686
73700,0.201,0.123,0.676
73800,0.201,0.115,0.683
73900,0.178,0.112,0.710
74000,0.190,0.120,0.689
74100,0.176,0.133,0.691
74200,0.174,0.144,0.682
74300,0.183,0.131,0.686
74400,0.182,0.121,0.697
74500,0.172,0.112,0.716
74600,0.176,0.106,0.718
74700,0.174,0.111,0.715
74800,0.176,0.120,0.703
74900,0.168,0.115,0.717
75000,0.175,0.121,0.704
75100,0.165,0.117,0.718
75200,0.145,0.121,0.734
75300,0.150,0.119,0.731
75400,0.169,0.112,0.719
75500,0.161,0.113,0.726
75600,0.155,0.109,0.736
75700,0.172,0.083,0.745
75800,0.168,0.104,0.729
75900,0.161,0.111,0.728
76000,0.175,0.100,0.725
76100,0.178,0.098,0.724
76200,0.169,0.129,0.702
76300,0.190,0.121,0.689
76400,0.170,0.109,0.721
76500,0.189,0.095,0.716
76600,0.189,0.102,0.708
76700,0.180,0.090,0.731
76800,0.197,0.095,0.707
76900,0.186,0.099,0.715
77000,0.179,0.130,0.690
77100,0.175,0.119,0.705
77200,0.171,0.116,0.713
77300,0.186,0.153,0.662
77400,0.177,0.149,0.674
77500,0.150,0.153,0.698
77600,0.161,0.161,0.678
77700,0.147,0.149,0.704
77800,0.144,0.150,0.706
77900,0.126,0.164,0.710
78000,0.127,0.163,0.710
78100,0.126,0.178,0.696
78200,0.126,0.165,0.708
78300,0.158,0.164,0.679
78400,0.136,0.169,0.696
78500,0.120,0.153,0.727
78600,0.127,0.155,0.718
78700,0.114,0.133,0.753
78800,0.114,0.122,0.764
78900,0.114,0.119,0.767
79000,0.159,0.111,0.731
79100,0.154,0.093,0.753
79200,0.161,0.135,0.704
79300,0.135,0.137,0.728
79400,0.128,0.114,0.758
79500,0.178,0.101,0.721
79600,0.168,0.117,0.715
79700,0.151,0.118,0.731
79800,0.138,0.115,0.747
79900,0.158,0.105,0.737
80000,0.159,0.114,0.726
80100,0.162,0.105,0.733
80200,0.164,0.112,0.725
80300,0.140,0.122,0.737
80400,0.136,0.119,0.744
80500,0.137,0.115,0.748
80600,0.117,0.148,0.735
80700,0.139,0.121,0.740
80800,0.167,0.118,0.715
80900,0.175,0.117,0.708
81000,0.145,0.106,0.749
81100,0.157,0.116,0.727
81200,0.167,0.116,0.717
81300,0.180,0.102,0.717
81400,0.172,0.118,0.710
81500,0.191,0.106,0.703
81600,0.183,0.106,0.711
81700,0.173,0.118,0.709
81800,0.185,0.117,0.698
81900,0.159,0.140,0.701
82000,0.168,0.129,0.703
82100,0.158,0.122,0.720
82200,0.160,0.123,0.717
82300,0.150,0.138,0.712
82400,0.151,0.133,0.715
82500,0.144,0.144,0.712
82600,0.164,0.134,0.702
82700,0.170,0.132,0.698
82800,0.148,0.131,0.721
82900,0.165,0.123,0.712
83000,0.161,0.130,0.710
83100,0.161,0.138,0.701
83200,0.153,0.137,0.711
83300,0.186,0.139,0.675
83400,0.169,0.154,0.676
83500,0.166,0.149,0.685
83600,0.156,0.139,0.705
83700,0.154,0.143,0.703
83800,0.137,0.145,0.718
83900,0.172,0.138,0.690
84000,0.173,0.135,0.692
84100,0.146,0.120,0.734
84200,0.146,0.115,0.739
84300,0.122,0.115,0.763
84400,0.151,0.108,0.741
84500,0.163,0.111,0.726
84600,0.196,0.122,0.682
84700,0.168,0.132,0.701
84800,0.180,0.157,0.663
84900,0.159,0.155,0.686
85000,0.153,0.140,0.707
85100,0.180,0.130,0.690
85200,0.191,0.127,0.682
85300,0.182,0.129,0.689
85400,0.182,0.129,0.689
85500,0.203,0.131,0.666
85600,0.169,0.144,0.687
85700,0.153,0.176,0.671
85800,0.141,0.156,0.703
85900,0.141,0.152,0.707
86000,0.149,0.134,0.717
86100,0.140,0.136,0.725
86200,0.136,0.138,0.726
86300,0.143,0.158,0.699
86400,0.178,0.137,0.685
86500,0.175,0.132,0.694
86600,0.166,0.172,0.662
86700,0.139,0.222,0.639
86800,0.126,0.246,0.629
86900,0.126,0.218,0.657
87000,0.149,0.212,0.639
87100,0.129,0.208,0.664
87200,0.151,0.205,0.644
87300,0.144,0.211,0.646
87400,0.157,0.193,0.651
87500,0.165,0.185,0.650
87600,0.177,0.149,0.674
87700,0.170,0.151,0.679
87800,0.157,0.159,0.684
87900,0.137,0.154,0.708
88000,0.134,0.148,0.717
88100,0.123,0.148,0.728
88200,0.107,0.172,0.721
88300,0.095,0.176,0.729
88400,0.084,0.169,0.747
88500,0.114,0.191,0.696
88600,0.128,0.155,0.717
88700,0.123,0.155,0.721
88800,0.140,0.144,0.716
88900,0.141,0.137,0.722
89000,0.154,0.131,0.715
89100,0.132,0.141,0.727
89200,0.127,0.148,0.725
89300,0.111,0.160,0.729
89400,0.118,0.153,0.730
89500,0.120,0.168,0.712
89600,0.108,0.182,0.710
89700,0.116,0.176,0.707
89800,0.112,0.175,0.713
89900,0.101,0.168,0.731
90000,0.107,0.145,0.748
90100,0.156,0.124,0.720
90200,0.147,0.130,0.723
90300,0.139,0.126,0.735
90400,0.129,0.136,0.736
90500,0.129,0.127,0.744
90600,0.142,0.105,0.753
90700,0.156,0.094,0.750
90800,0.147,0.110,0.743
90900,0.136,0.133,0.731
91000,0.121,0.136,0.743
91100,0.117,0.145,0.738
91200,0.112,0.150,0.739
91300,0.161,0.137,0.703
91400,0.164,0.136,0.701
91500,0.130,0.136,0.733
91600,0.138,0.127,0.735
91700,0.119,0.116,0.765
91800,0.143,0.126,0.731
91900,0.150,0.129,0.721
92000,0.145,0.132,0.724
92100,0.137,0.119,0.744
92200,0.169,0.121,0.710
92300,0.152,0.111,0.737
92400,0.157,0.123,0.721
92500,0.145,0.115,0.740
92600,0.136,0.122,0.742
92700,0.139,0.119,0.743
92800,0.143,0.123,0.734
92900,0.131,0.144,0.725
93000,0.155,0.125,0.720
93100,0.150,0.121,0.729
93200,0.137,0.117,0.746
93300,0.140,0.124,0.736
93400,0.141,0.112,0.747
93500,0.127,0.122,0.751
93600,0.125,0.126,0.749
93700,0.120,0.109,0.770
93800,0.109,0.118,0.774
93900,0.104,0.115,0.782
94000,0.124,0.115,0.761
94100,0.146,0.129,0.725
94200,0.151,0.122,0.727
94300,0.157,0.124,0.719
94400,0.181,0.126,0.693
94500,0.192,0.126,0.682
94600,0.183,0.109,0.708
94700,0.180,0.109,0.710
94800,0.180,0.091,0.729
94900,0.151,0.138,0.711
95000,0.159,0.145,0.696
95100,0.169,0.150,0.682
95200,0.183,0.152,0.665
95300,0.164,0.153,0.683
95400,0.159,0.171,0.670
95500,0.196,0.130,0.673
95600,0.166,0.130,0.704
95700,0.164,0.132,0.705
95800,0.166,0.148,0.686
95900,0.154,0.151,0.696
96000,0.141,0.137,0.722
96100,0.149,0.132,0.719
96200,0.156,0.108,0.736
96300,0.154,0.152,0.694
96400,0.161,0.147,0.692
96500,0.159,0.140,0.701
96600,0.163,0.130,0.707
96700,0.185,0.158,0.657
96800,0.176,0.149,0.675
96900,0.174,0.133,0.693
97000,0.173,0.122,0.705
97100,0.175,0.127,0.698
97200,0.187,0.133,0.680
97300,0.193,0.129,0.678
97400,0.169,0.136,0.695
97500,0.182,0.119,0.699
97600,0.185,0.116,0.700
97700,0.183,0.119,0.697
97800,0.175,0.112,0.714
97900,0.168,0.142,0.690
98000,0.198,0.122,0.679
98100,0.187,0.127,0.686
98200,0.194,0.137,0.669
98300,0.197,0.133,0.669
98400,0.200,0.132,0.668
98500,0.213,0.133,0.654
98600,0.193,0.129,0.678
98700,0.185,0.114,0.701
98800,0.181,0.112,0.707
98900,0.181,0.113,0.706
99000,0.190,0.122,0.689
99100,0.203,0.127,0.669
99200,0.174,0.182,0.644
99300,0.166,0.178,0.656
99400,0.168,0.154,0.678
99500,0.154,0.157,0.689
99600,0.183,0.138,0.679
99700,0.190,0.110,0.700
99800,0.168,0.111,0.721
99900,0.168,0.122,0.710
100000,0.165,0.149,0.686
