time,n_A+p,n_B,n_AB
500,0.105,0.010,0.885
1000,0.521,0.000,0.479
1500,0.774,0.000,0.226
2000,0.765,0.000,0.235
2500,0.811,0.000,0.189
3000,0.824,0.000,0.176
3500,0.953,0.000,0.047
4000,0.668,0.000,0.332
4500,0.669,0.000,0.331
5000,0.534,0.000,0.466
5500,0.750,0.000,0.250
6000,0.688,0.000,0.312
6500,0.696,0.000,0.304
7000,0.688,0.000,0.312
7500,0.565,0.000,0.435
8000,0.697,0.000,0.303
8500,0.592,0.000,0.408
9000,0.541,0.000,0.459
9500,0.818,0.000,0.182
10000,0.510,0.000,0.490
10500,0.617,0.000,0.383
11000,0.654,0.000,0.346
11500,0.753,0.000,0.247
12000,0.801,0.000,0.199
12500,0.720,0.000,0.280
13000,0.778,0.000,0.222
13500,0.684,0.000,0.316
14000,0.756,0.000,0.244
14500,0.638,0.000,0.362
15000,0.451,0.000,0.549
15500,0.542,0.000,0.458
16000,0.503,0.000,0.497
16500,0.534,0.000,0.466
17000,0.372,0.000,0.628
17500,0.828,0.000,0.172
18000,0.718,0.000,0.282
18500,0.939,0.000,0.061
19000,0.653,0.000,0.347
19500,0.467,0.000,0.533
20000,0.750,0.000,0.250
20500,0.801,0.000,0.199
21000,0.899,0.000,0.101
21500,1.000,0.000,0.000
