time,n_A+p,n_B,n_AB
500,0.080,0.500,0.420
1000,0.090,0.214,0.696
1500,0.132,0.096,0.772
2000,0.367,0.009,0.624
2500,0.639,0.001,0.360
3000,0.614,0.000,0.386
3500,0.756,0.000,0.244
4000,0.821,0.000,0.179
4500,0.900,0.000,0.100
5000,0.861,0.000,0.139
5500,0.855,0.000,0.145
6000,0.883,0.000,0.117
6500,0.935,0.000,0.065
7000,0.979,0.000,0.021
7500,0.958,0.000,0.042
8000,0.983,0.000,0.017
8500,0.954,0.000,0.046
9000,0.904,0.000,0.096
9500,0.959,0.000,0.041
10000,0.929,0.000,0.071
10500,0.894,0.000,0.106
11000,0.912,0.000,0.088
11500,0.913,0.000,0.087
12000,0.896,0.000,0.104
12500,0.889,0.000,0.111
13000,0.899,0.000,0.101
13500,0.885,0.000,0.115
14000,0.933,0.000,0.067
14500,0.949,0.000,0.051
15000,0.990,0.000,0.010
15500,0.997,0.000,0.003
16000,0.979,0.000,0.021
16500,0.983,0.000,0.017
17000,0.963,0.000,0.037
17500,0.959,0.000,0.041
18000,0.931,0.000,0.069
18500,0.960,0.000,0.040
19000,0.952,0.000,0.048
19500,0.955,0.000,0.045
20000,0.960,0.000,0.040
20500,0.954,0.000,0.046
21000,0.935,0.000,0.065
21500,0.935,0.000,0.065
22000,0.936,0.000,0.064
22500,0.933,0.000,0.067
23000,0.958,0.000,0.042
23500,0.954,0.000,0.046
24000,0.967,0.000,0.033
24500,0.979,0.000,0.021
25000,0.985,0.000,0.015
25500,0.981,0.000,0.019
26000,0.992,0.000,0.008
26500,0.986,0.000,0.014
27000,0.992,0.000,0.008
27500,0.998,0.000,0.002
28000,1.000,0.000,0.000
28500,1.000,0.000,0.000
