time,n_A+p,n_B,n_AB
500,0.080,0.701,0.219
1000,0.080,0.468,0.452
1500,0.085,0.343,0.573
2000,0.081,0.344,0.576
2500,0.085,0.244,0.671
3000,0.097,0.241,0.661
3500,0.086,0.218,0.695
4000,0.102,0.216,0.681
4500,0.124,0.174,0.701
5000,0.205,0.091,0.704
5500,0.621,0.009,0.370
6000,0.887,0.000,0.113
6500,0.972,0.000,0.028
7000,0.982,0.000,0.018
7500,0.997,0.000,0.003
8000,1.000,0.000,0.000
