time,n_A+p,n_B,n_AB
100,0.030,0.967,0.003
200,0.030,0.957,0.013
300,0.030,0.952,0.018
400,0.030,0.943,0.028
500,0.030,0.931,0.040
600,0.030,0.919,0.051
700,0.030,0.913,0.057
800,0.031,0.903,0.066
900,0.031,0.897,0.073
1000,0.031,0.891,0.079
1100,0.030,0.875,0.095
1200,0.031,0.858,0.111
1300,0.036,0.857,0.107
1400,0.038,0.845,0.117
1500,0.043,0.836,0.122
1600,0.039,0.827,0.134
1700,0.041,0.820,0.139
1800,0.041,0.792,0.168
1900,0.043,0.789,0.169
2000,0.047,0.780,0.173
2100,0.045,0.766,0.189
2200,0.044,0.764,0.192
2300,0.040,0.756,0.204
2400,0.044,0.750,0.206
2500,0.044,0.741,0.216
2600,0.046,0.730,0.224
2700,0.047,0.725,0.228
2800,0.049,0.728,0.223
2900,0.051,0.716,0.233
3000,0.055,0.699,0.246
3100,0.053,0.684,0.263
3200,0.055,0.671,0.274
3300,0.057,0.665,0.278
3400,0.058,0.650,0.292
3500,0.060,0.633,0.306
3600,0.056,0.628,0.316
3700,0.061,0.621,0.318
3800,0.062,0.613,0.325
3900,0.065,0.611,0.324
4000,0.065,0.589,0.345
4100,0.060,0.599,0.341
4200,0.062,0.590,0.347
4300,0.066,0.586,0.347
4400,0.066,0.591,0.342
4500,0.062,0.584,0.353
4600,0.065,0.579,0.355
4700,0.073,0.559,0.369
4800,0.070,0.542,0.387
4900,0.069,0.540,0.390
5000,0.073,0.543,0.384
5100,0.069,0.540,0.390
5200,0.074,0.533,0.393
5300,0.068,0.529,0.402
5400,0.075,0.525,0.400
5500,0.072,0.521,0.408
5600,0.066,0.514,0.420
5700,0.065,0.513,0.422
5800,0.074,0.501,0.426
5900,0.073,0.493,0.434
6000,0.069,0.493,0.437
6100,0.075,0.489,0.436
6200,0.075,0.490,0.435
6300,0.079,0.491,0.430
6400,0.079,0.484,0.437
6500,0.087,0.501,0.413
6600,0.088,0.489,0.423
6700,0.092,0.487,0.421
6800,0.101,0.484,0.415
6900,0.097,0.481,0.422
7000,0.106,0.482,0.412
7100,0.104,0.480,0.416
7200,0.101,0.473,0.426
7300,0.101,0.470,0.429
7400,0.101,0.459,0.440
7500,0.107,0.455,0.438
7600,0.099,0.445,0.456
7700,0.097,0.456,0.447
7800,0.092,0.456,0.453
7900,0.092,0.451,0.457
8000,0.091,0.444,0.465
8100,0.095,0.439,0.466
8200,0.097,0.429,0.474
8300,0.096,0.441,0.463
8400,0.097,0.435,0.468
8500,0.106,0.437,0.457
8600,0.102,0.438,0.460
8700,0.104,0.426,0.470
8800,0.103,0.426,0.471
8900,0.099,0.429,0.472
9000,0.097,0.425,0.478
9100,0.101,0.427,0.472
9200,0.106,0.432,0.462
9300,0.101,0.429,0.470
9400,0.096,0.433,0.471
9500,0.097,0.426,0.477
9600,0.103,0.421,0.476
9700,0.099,0.415,0.486
9800,0.098,0.404,0.497
9900,0.103,0.399,0.497
10000,0.111,0.398,0.490
10100,0.116,0.395,0.488
10200,0.108,0.393,0.498
10300,0.115,0.385,0.499
10400,0.125,0.377,0.498
10500,0.123,0.376,0.502
10600,0.118,0.383,0.498
10700,0.126,0.378,0.496
10800,0.129,0.377,0.494
10900,0.130,0.376,0.494
11000,0.128,0.376,0.496
11100,0.130,0.375,0.495
11200,0.131,0.381,0.488
11300,0.136,0.377,0.487
11400,0.132,0.373,0.495
11500,0.130,0.372,0.498
11600,0.125,0.372,0.504
11700,0.118,0.368,0.514
11800,0.116,0.373,0.511
11900,0.110,0.367,0.523
12000,0.104,0.368,0.528
12100,0.110,0.372,0.518
12200,0.108,0.364,0.528
12300,0.108,0.379,0.513
12400,0.106,0.371,0.523
12500,0.111,0.369,0.520
12600,0.110,0.364,0.526
12700,0.109,0.359,0.532
12800,0.121,0.366,0.514
12900,0.115,0.362,0.523
13000,0.118,0.368,0.514
13100,0.118,0.363,0.519
13200,0.124,0.360,0.517
13300,0.122,0.356,0.522
13400,0.116,0.361,0.523
13500,0.111,0.362,0.527
13600,0.116,0.364,0.520
13700,0.120,0.365,0.516
13800,0.114,0.375,0.511
13900,0.108,0.377,0.515
14000,0.104,0.373,0.523
14100,0.101,0.369,0.530
14200,0.102,0.372,0.526
14300,0.106,0.378,0.516
14400,0.110,0.366,0.524
14500,0.112,0.362,0.526
14600,0.109,0.356,0.534
14700,0.099,0.350,0.551
14800,0.101,0.358,0.541
14900,0.101,0.356,0.542
15000,0.111,0.361,0.528
15100,0.108,0.352,0.539
15200,0.108,0.343,0.549
15300,0.106,0.340,0.554
15400,0.107,0.333,0.560
15500,0.116,0.333,0.551
15600,0.123,0.334,0.543
15700,0.130,0.340,0.530
15800,0.120,0.338,0.542
15900,0.121,0.330,0.550
16000,0.131,0.330,0.539
16100,0.138,0.330,0.532
16200,0.142,0.333,0.525
16300,0.134,0.330,0.536
16400,0.138,0.326,0.536
16500,0.163,0.328,0.509
16600,0.148,0.334,0.518
16700,0.147,0.338,0.515
16800,0.136,0.334,0.530
16900,0.128,0.341,0.531
17000,0.124,0.344,0.532
17100,0.121,0.340,0.539
17200,0.115,0.335,0.550
17300,0.116,0.330,0.554
17400,0.134,0.329,0.537
17500,0.134,0.321,0.545
17600,0.143,0.319,0.538
17700,0.135,0.320,0.545
17800,0.131,0.319,0.551
17900,0.137,0.321,0.542
18000,0.130,0.324,0.546
18100,0.128,0.320,0.553
18200,0.130,0.314,0.557
18300,0.126,0.314,0.561
18400,0.126,0.312,0.563
18500,0.131,0.316,0.554
18600,0.131,0.321,0.549
18700,0.126,0.318,0.557
18800,0.123,0.317,0.561
18900,0.125,0.317,0.559
19000,0.126,0.320,0.555
19100,0.125,0.314,0.562
19200,0.117,0.316,0.567
19300,0.128,0.326,0.546
19400,0.132,0.326,0.542
19500,0.144,0.316,0.540
19600,0.149,0.314,0.537
19700,0.150,0.315,0.535
19800,0.140,0.319,0.541
19900,0.133,0.317,0.551
20000,0.134,0.315,0.552
20100,0.140,0.313,0.547
20200,0.140,0.307,0.553
20300,0.137,0.305,0.558
20400,0.147,0.305,0.547
20500,0.162,0.305,0.532
20600,0.164,0.299,0.536
20700,0.165,0.304,0.530
20800,0.164,0.313,0.523
20900,0.159,0.312,0.529
21000,0.160,0.309,0.530
21100,0.158,0.309,0.532
21200,0.152,0.306,0.541
21300,0.148,0.308,0.543
21400,0.143,0.309,0.547
21500,0.139,0.309,0.552
21600,0.129,0.311,0.561
21700,0.125,0.306,0.569
21800,0.120,0.309,0.571
21900,0.118,0.319,0.563
22000,0.117,0.324,0.559
22100,0.124,0.333,0.543
22200,0.123,0.327,0.551
22300,0.121,0.319,0.561
22400,0.122,0.319,0.560
22500,0.116,0.318,0.566
22600,0.116,0.315,0.569
22700,0.116,0.316,0.568
22800,0.114,0.315,0.571
22900,0.124,0.321,0.556
23000,0.121,0.319,0.561
23100,0.136,0.314,0.551
23200,0.135,0.309,0.556
23300,0.138,0.314,0.549
23400,0.138,0.312,0.551
23500,0.141,0.316,0.543
23600,0.138,0.321,0.541
23700,0.140,0.319,0.541
23800,0.147,0.314,0.539
23900,0.148,0.307,0.544
24000,0.139,0.304,0.557
24100,0.136,0.296,0.568
24200,0.140,0.297,0.563
24300,0.137,0.290,0.573
24400,0.135,0.288,0.577
24500,0.124,0.280,0.597
24600,0.120,0.291,0.589
24700,0.118,0.292,0.589
24800,0.122,0.295,0.583
24900,0.115,0.291,0.593
25000,0.113,0.290,0.597
25100,0.116,0.288,0.596
25200,0.134,0.289,0.577
25300,0.137,0.289,0.574
25400,0.144,0.292,0.564
25500,0.137,0.291,0.572
25600,0.137,0.291,0.572
25700,0.142,0.288,0.570
25800,0.139,0.291,0.570
25900,0.131,0.294,0.575
26000,0.134,0.296,0.570
26100,0.131,0.298,0.571
26200,0.125,0.297,0.578
26300,0.124,0.299,0.577
26400,0.124,0.293,0.583
26500,0.127,0.292,0.581
26600,0.131,0.300,0.569
26700,0.140,0.292,0.568
26800,0.142,0.292,0.566
26900,0.147,0.292,0.561
27000,0.150,0.294,0.556
27100,0.141,0.294,0.565
27200,0.133,0.295,0.572
27300,0.138,0.293,0.569
27400,0.137,0.293,0.570
27500,0.136,0.284,0.580
27600,0.139,0.280,0.581
27700,0.138,0.279,0.583
27800,0.139,0.288,0.573
27900,0.143,0.288,0.569
28000,0.143,0.287,0.570
28100,0.138,0.284,0.578
28200,0.135,0.283,0.582
28300,0.138,0.277,0.585
28400,0.136,0.277,0.587
28500,0.131,0.280,0.589
28600,0.125,0.284,0.591
28700,0.130,0.283,0.587
28800,0.135,0.286,0.579
28900,0.132,0.283,0.585
29000,0.131,0.275,0.594
29100,0.125,0.275,0.601
29200,0.131,0.275,0.594
29300,0.131,0.267,0.603
29400,0.117,0.264,0.619
29500,0.125,0.275,0.601
29600,0.118,0.275,0.607
29700,0.114,0.284,0.602
29800,0.116,0.279,0.605
29900,0.120,0.280,0.601
30000,0.115,0.276,0.609
30100,0.128,0.266,0.607
30200,0.137,0.260,0.603
30300,0.136,0.259,0.605
30400,0.129,0.266,0.606
30500,0.128,0.268,0.605
30600,0.125,0.275,0.601
30700,0.128,0.268,0.605
30800,0.131,0.268,0.602
30900,0.122,0.272,0.607
31000,0.114,0.267,0.619
31100,0.118,0.268,0.614
31200,0.121,0.270,0.610
31300,0.127,0.273,0.601
31400,0.131,0.271,0.599
31500,0.131,0.284,0.585
31600,0.130,0.284,0.586
31700,0.128,0.286,0.586
31800,0.124,0.281,0.596
31900,0.123,0.279,0.599
32000,0.124,0.266,0.611
32100,0.123,0.267,0.611
32200,0.137,0.265,0.599
32300,0.137,0.258,0.605
32400,0.136,0.256,0.608
32500,0.138,0.251,0.611
32600,0.147,0.248,0.605
32700,0.151,0.245,0.604
32800,0.150,0.242,0.608
32900,0.136,0.242,0.622
33000,0.141,0.242,0.617
33100,0.141,0.244,0.615
33200,0.130,0.250,0.620
33300,0.116,0.246,0.637
33400,0.113,0.250,0.636
33500,0.122,0.249,0.629
33600,0.121,0.251,0.628
33700,0.114,0.252,0.633
33800,0.117,0.254,0.628
33900,0.129,0.260,0.611
34000,0.135,0.258,0.607
34100,0.129,0.258,0.613
34200,0.125,0.261,0.614
34300,0.124,0.266,0.611
34400,0.138,0.263,0.600
34500,0.147,0.260,0.592
34600,0.138,0.250,0.612
34700,0.135,0.248,0.617
34800,0.144,0.251,0.605
34900,0.156,0.250,0.593
35000,0.150,0.248,0.602
35100,0.147,0.242,0.611
35200,0.144,0.240,0.616
35300,0.142,0.250,0.608
35400,0.135,0.255,0.610
35500,0.134,0.253,0.613
35600,0.135,0.255,0.610
35700,0.138,0.255,0.607
35800,0.134,0.245,0.621
35900,0.130,0.250,0.620
36000,0.135,0.248,0.617
36100,0.133,0.249,0.618
36200,0.127,0.250,0.623
36300,0.122,0.248,0.630
36400,0.125,0.247,0.628
36500,0.137,0.251,0.612
36600,0.129,0.244,0.627
36700,0.135,0.243,0.622
36800,0.140,0.244,0.616
36900,0.131,0.242,0.627
37000,0.133,0.252,0.615
37100,0.127,0.250,0.623
37200,0.129,0.247,0.624
37300,0.124,0.240,0.636
37400,0.122,0.240,0.638
37500,0.129,0.241,0.630
37600,0.120,0.235,0.646
37700,0.117,0.244,0.638
37800,0.117,0.249,0.633
37900,0.118,0.252,0.629
38000,0.104,0.252,0.644
38100,0.108,0.255,0.636
38200,0.115,0.254,0.630
38300,0.113,0.255,0.631
38400,0.110,0.251,0.638
38500,0.109,0.247,0.644
38600,0.106,0.254,0.639
38700,0.105,0.256,0.638
38800,0.099,0.260,0.640
38900,0.102,0.251,0.647
39000,0.102,0.254,0.644
39100,0.100,0.253,0.647
39200,0.101,0.261,0.637
39300,0.102,0.261,0.636
39400,0.104,0.263,0.633
39500,0.104,0.263,0.633
39600,0.107,0.263,0.630
39700,0.110,0.269,0.621
39800,0.107,0.270,0.623
39900,0.108,0.269,0.623
40000,0.102,0.264,0.634
40100,0.100,0.259,0.640
40200,0.102,0.259,0.638
40300,0.095,0.256,0.649
40400,0.095,0.259,0.646
40500,0.102,0.256,0.641
40600,0.110,0.260,0.629
40700,0.106,0.259,0.634
40800,0.116,0.257,0.626
40900,0.117,0.257,0.625
41000,0.114,0.255,0.630
41100,0.116,0.251,0.632
41200,0.117,0.252,0.630
41300,0.117,0.245,0.637
41400,0.116,0.243,0.640
41500,0.113,0.236,0.651
41600,0.117,0.240,0.642
41700,0.109,0.245,0.646
41800,0.109,0.245,0.646
41900,0.108,0.240,0.652
42000,0.126,0.237,0.637
42100,0.131,0.251,0.618
42200,0.129,0.249,0.622
42300,0.118,0.251,0.630
42400,0.115,0.248,0.636
42500,0.115,0.251,0.633
42600,0.111,0.251,0.637
42700,0.110,0.256,0.633
42800,0.114,0.250,0.635
42900,0.118,0.243,0.638
43000,0.127,0.237,0.636
43100,0.122,0.242,0.636
43200,0.132,0.233,0.635
43300,0.131,0.233,0.636
43400,0.130,0.233,0.637
43500,0.130,0.234,0.636
43600,0.121,0.229,0.651
43700,0.118,0.232,0.650
43800,0.124,0.225,0.652
43900,0.134,0.225,0.641
44000,0.133,0.226,0.641
44100,0.131,0.224,0.646
44200,0.127,0.221,0.653
44300,0.121,0.222,0.658
44400,0.129,0.219,0.653
44500,0.133,0.218,0.650
44600,0.126,0.215,0.660
44700,0.126,0.211,0.663
44800,0.126,0.213,0.661
44900,0.128,0.211,0.661
45000,0.121,0.211,0.668
45100,0.121,0.211,0.668
45200,0.116,0.213,0.670
45300,0.120,0.213,0.667
45400,0.116,0.217,0.667
45500,0.115,0.210,0.674
45600,0.111,0.208,0.680
45700,0.121,0.220,0.660
45800,0.124,0.228,0.649
45900,0.125,0.225,0.651
46000,0.127,0.226,0.648
46100,0.125,0.223,0.653
46200,0.128,0.224,0.649
46300,0.128,0.227,0.646
46400,0.132,0.228,0.640
46500,0.128,0.215,0.658
46600,0.124,0.217,0.660
46700,0.121,0.218,0.662
46800,0.123,0.217,0.661
46900,0.125,0.216,0.660
47000,0.128,0.212,0.660
47100,0.126,0.207,0.667
47200,0.136,0.211,0.653
47300,0.146,0.220,0.634
47400,0.161,0.210,0.628
47500,0.155,0.207,0.637
47600,0.162,0.207,0.630
47700,0.161,0.210,0.628
47800,0.161,0.209,0.629
47900,0.165,0.209,0.625
48000,0.163,0.210,0.626
48100,0.169,0.208,0.623
48200,0.172,0.212,0.616
48300,0.166,0.211,0.622
48400,0.165,0.220,0.615
48500,0.174,0.219,0.608
48600,0.163,0.218,0.619
48700,0.166,0.213,0.620
48800,0.160,0.221,0.619
48900,0.160,0.226,0.614
49000,0.165,0.223,0.612
49100,0.165,0.221,0.614
49200,0.164,0.223,0.613
49300,0.159,0.224,0.617
49400,0.170,0.225,0.606
49500,0.172,0.225,0.604
49600,0.166,0.226,0.608
49700,0.166,0.225,0.609
49800,0.166,0.220,0.614
49900,0.161,0.215,0.624
50000,0.159,0.212,0.628
50100,0.161,0.218,0.621
50200,0.165,0.218,0.617
50300,0.170,0.213,0.617
50400,0.161,0.221,0.618
50500,0.158,0.220,0.622
50600,0.158,0.223,0.619
50700,0.156,0.225,0.619
50800,0.158,0.225,0.617
50900,0.159,0.227,0.614
51000,0.159,0.225,0.616
51100,0.157,0.231,0.612
51200,0.161,0.231,0.608
51300,0.157,0.230,0.613
51400,0.151,0.232,0.617
51500,0.149,0.240,0.611
51600,0.146,0.237,0.617
51700,0.147,0.236,0.617
51800,0.144,0.229,0.627
51900,0.147,0.228,0.625
52000,0.145,0.226,0.629
52100,0.142,0.227,0.631
52200,0.147,0.225,0.628
52300,0.151,0.229,0.620
52400,0.144,0.225,0.631
52500,0.136,0.223,0.641
52600,0.133,0.226,0.641
52700,0.135,0.225,0.640
52800,0.135,0.226,0.639
52900,0.136,0.234,0.630
53000,0.130,0.230,0.640
53100,0.134,0.231,0.635
53200,0.132,0.222,0.647
53300,0.136,0.224,0.640
53400,0.136,0.221,0.644
53500,0.138,0.213,0.649
53600,0.140,0.212,0.648
53700,0.136,0.210,0.654
53800,0.137,0.215,0.649
53900,0.138,0.217,0.646
54000,0.136,0.220,0.645
54100,0.139,0.220,0.641
54200,0.138,0.223,0.639
54300,0.135,0.223,0.642
54400,0.129,0.228,0.644
54500,0.130,0.232,0.638
54600,0.131,0.229,0.640
54700,0.129,0.224,0.648
54800,0.147,0.219,0.634
54900,0.162,0.218,0.620
55000,0.166,0.220,0.614
55100,0.169,0.217,0.615
55200,0.171,0.220,0.610
55300,0.165,0.218,0.617
55400,0.163,0.219,0.618
55500,0.156,0.215,0.629
55600,0.148,0.215,0.637
55700,0.144,0.213,0.642
55800,0.151,0.221,0.628
55900,0.153,0.215,0.632
56000,0.143,0.213,0.644
56100,0.146,0.224,0.630
56200,0.148,0.225,0.627
56300,0.144,0.224,0.632
56400,0.136,0.225,0.639
56500,0.141,0.222,0.637
56600,0.144,0.218,0.638
56700,0.141,0.211,0.648
56800,0.142,0.210,0.648
56900,0.150,0.215,0.635
57000,0.150,0.220,0.630
57100,0.153,0.218,0.629
57200,0.155,0.209,0.635
57300,0.147,0.213,0.639
57400,0.153,0.209,0.637
57500,0.143,0.217,0.640
57600,0.147,0.220,0.633
57700,0.141,0.222,0.637
57800,0.147,0.221,0.632
57900,0.149,0.216,0.635
58000,0.145,0.209,0.646
58100,0.139,0.222,0.639
58200,0.147,0.218,0.635
58300,0.139,0.213,0.648
58400,0.137,0.211,0.652
58500,0.132,0.208,0.660
58600,0.156,0.211,0.632
58700,0.155,0.217,0.628
58800,0.151,0.210,0.638
58900,0.144,0.208,0.648
59000,0.137,0.210,0.653
59100,0.142,0.205,0.653
59200,0.141,0.207,0.652
59300,0.141,0.210,0.649
59400,0.144,0.205,0.651
59500,0.144,0.205,0.651
59600,0.149,0.204,0.647
59700,0.153,0.202,0.645
59800,0.152,0.204,0.644
59900,0.141,0.204,0.655
60000,0.140,0.197,0.663
60100,0.146,0.194,0.660
60200,0.148,0.191,0.661
60300,0.147,0.188,0.665
60400,0.142,0.179,0.679
60500,0.139,0.183,0.678
60600,0.145,0.185,0.670
60700,0.145,0.185,0.670
60800,0.143,0.188,0.669
60900,0.138,0.184,0.678
61000,0.140,0.186,0.674
61100,0.142,0.186,0.672
61200,0.147,0.184,0.669
61300,0.148,0.189,0.663
61400,0.141,0.190,0.669
61500,0.146,0.188,0.666
61600,0.150,0.194,0.656
61700,0.145,0.192,0.663
61800,0.151,0.198,0.651
61900,0.160,0.197,0.642
62000,0.151,0.192,0.657
62100,0.165,0.191,0.644
62200,0.168,0.192,0.640
62300,0.158,0.193,0.649
62400,0.154,0.201,0.645
62500,0.179,0.190,0.631
62600,0.170,0.200,0.630
62700,0.174,0.199,0.627
62800,0.173,0.210,0.617
62900,0.166,0.207,0.626
63000,0.170,0.205,0.625
63100,0.166,0.203,0.630
63200,0.168,0.204,0.628
63300,0.163,0.201,0.635
63400,0.172,0.203,0.625
63500,0.159,0.200,0.640
63600,0.159,0.198,0.642
63700,0.164,0.195,0.640
63800,0.159,0.199,0.641
63900,0.138,0.203,0.659
64000,0.132,0.202,0.666
64100,0.134,0.207,0.659
64200,0.131,0.205,0.664
64300,0.137,0.218,0.646
64400,0.136,0.219,0.646
64500,0.133,0.210,0.657
64600,0.132,0.211,0.657
64700,0.129,0.204,0.667
64800,0.128,0.209,0.663
64900,0.158,0.208,0.633
65000,0.154,0.210,0.635
65100,0.148,0.209,0.642
65200,0.151,0.204,0.645
65300,0.158,0.203,0.638
65400,0.157,0.199,0.644
65500,0.154,0.203,0.642
65600,0.153,0.201,0.646
65700,0.153,0.207,0.639
65800,0.156,0.207,0.636
65900,0.151,0.213,0.635
66000,0.142,0.213,0.645
66100,0.141,0.216,0.644
66200,0.140,0.217,0.644
66300,0.138,0.211,0.651
66400,0.137,0.208,0.655
66500,0.137,0.211,0.652
66600,0.131,0.220,0.650
66700,0.129,0.211,0.660
66800,0.126,0.204,0.670
66900,0.129,0.202,0.669
67000,0.130,0.205,0.665
67100,0.133,0.206,0.661
67200,0.139,0.209,0.652
67300,0.147,0.210,0.642
67400,0.142,0.218,0.640
67500,0.134,0.208,0.658
67600,0.138,0.209,0.653
67700,0.138,0.211,0.651
67800,0.138,0.210,0.652
67900,0.144,0.217,0.639
68000,0.142,0.222,0.636
68100,0.143,0.217,0.640
68200,0.143,0.218,0.639
68300,0.149,0.211,0.639
68400,0.152,0.206,0.641
68500,0.158,0.206,0.635
68600,0.149,0.213,0.637
68700,0.149,0.212,0.638
68800,0.158,0.212,0.629
68900,0.175,0.209,0.616
69000,0.166,0.219,0.615
69100,0.163,0.216,0.621
69200,0.158,0.218,0.624
69300,0.152,0.217,0.631
69400,0.154,0.215,0.631
69500,0.147,0.213,0.639
69600,0.147,0.213,0.639
69700,0.149,0.207,0.644
69800,0.145,0.199,0.656
69900,0.144,0.191,0.665
70000,0.149,0.196,0.655
70100,0.146,0.200,0.654
70200,0.150,0.199,0.651
70300,0.155,0.196,0.649
70400,0.159,0.191,0.650
70500,0.156,0.188,0.656
70600,0.163,0.187,0.650
70700,0.157,0.200,0.642
70800,0.161,0.199,0.639
70900,0.152,0.201,0.647
71000,0.153,0.201,0.646
71100,0.151,0.204,0.645
71200,0.149,0.210,0.640
71300,0.148,0.210,0.641
71400,0.161,0.216,0.623
71500,0.161,0.211,0.627
71600,0.175,0.207,0.618
71700,0.159,0.208,0.632
71800,0.162,0.202,0.635
71900,0.152,0.200,0.648
72000,0.149,0.199,0.652
72100,0.149,0.193,0.658
72200,0.149,0.195,0.656
72300,0.147,0.195,0.658
72400,0.146,0.193,0.661
72500,0.153,0.195,0.652
72600,0.146,0.190,0.664
72700,0.144,0.193,0.663
72800,0.149,0.190,0.661
72900,0.160,0.188,0.652
73000,0.153,0.194,0.653
73100,0.156,0.195,0.649
73200,0.154,0.200,0.646
73300,0.148,0.195,0.657
73400,0.148,0.208,0.644
73500,0.139,0.204,0.657
73600,0.131,0.199,0.670
73700,0.132,0.202,0.666
73800,0.134,0.202,0.664
73900,0.133,0.196,0.671
74000,0.141,0.197,0.662
74100,0.145,0.203,0.652
74200,0.141,0.208,0.651
74300,0.147,0.206,0.647
74400,0.146,0.204,0.650
74500,0.148,0.201,0.651
74600,0.146,0.200,0.654
74700,0.144,0.194,0.662
74800,0.147,0.193,0.660
74900,0.147,0.194,0.659
75000,0.144,0.198,0.658
75100,0.148,0.196,0.656
75200,0.148,0.199,0.653
75300,0.145,0.203,0.652
75400,0.136,0.206,0.658
75500,0.141,0.205,0.654
75600,0.146,0.200,0.654
75700,0.149,0.197,0.654
75800,0.155,0.200,0.645
75900,0.155,0.200,0.645
76000,0.152,0.206,0.641
76100,0.155,0.208,0.636
76200,0.153,0.211,0.635
76300,0.149,0.201,0.650
76400,0.140,0.197,0.663
76500,0.146,0.197,0.657
76600,0.143,0.195,0.662
76700,0.142,0.192,0.666
76800,0.145,0.196,0.659
76900,0.141,0.206,0.653
77000,0.148,0.203,0.649
77100,0.153,0.200,0.647
77200,0.154,0.198,0.648
77300,0.162,0.197,0.640
77400,0.160,0.192,0.648
77500,0.160,0.188,0.652
77600,0.153,0.200,0.647
77700,0.155,0.203,0.641
77800,0.152,0.198,0.650
77900,0.151,0.200,0.649
78000,0.151,0.199,0.650
78100,0.169,0.193,0.638
78200,0.166,0.200,0.633
78300,0.162,0.197,0.640
78400,0.163,0.200,0.636
78500,0.156,0.193,0.651
78600,0.151,0.188,0.661
78700,0.144,0.187,0.669
78800,0.148,0.194,0.658
78900,0.145,0.196,0.659
79000,0.143,0.203,0.654
79100,0.139,0.201,0.660
79200,0.134,0.198,0.668
79300,0.133,0.191,0.676
79400,0.133,0.199,0.668
79500,0.134,0.198,0.668
79600,0.131,0.198,0.671
79700,0.143,0.201,0.656
79800,0.148,0.194,0.658
79900,0.152,0.193,0.655
80000,0.160,0.193,0.647
80100,0.159,0.192,0.649
80200,0.157,0.191,0.652
80300,0.154,0.196,0.650
80400,0.148,0.193,0.659
80500,0.151,0.199,0.650
80600,0.145,0.195,0.660
80700,0.147,0.196,0.657
80800,0.148,0.199,0.653
80900,0.148,0.194,0.658
81000,0.159,0.198,0.642
81100,0.165,0.198,0.636
81200,0.158,0.194,0.648
81300,0.152,0.193,0.655
81400,0.145,0.195,0.660
81500,0.138,0.194,0.668
81600,0.149,0.190,0.661
81700,0.149,0.184,0.667
81800,0.145,0.176,0.679
81900,0.142,0.185,0.673
82000,0.149,0.190,0.661
82100,0.146,0.189,0.665
82200,0.144,0.190,0.666
82300,0.144,0.194,0.662
82400,0.148,0.194,0.658
82500,0.145,0.186,0.669
82600,0.149,0.185,0.666
82700,0.152,0.185,0.663
82800,0.155,0.184,0.661
82900,0.149,0.191,0.660
83000,0.147,0.187,0.666
83100,0.145,0.176,0.679
83200,0.150,0.177,0.673
83300,0.148,0.181,0.671
83400,0.146,0.189,0.665
83500,0.143,0.194,0.663
83600,0.150,0.198,0.652
83700,0.148,0.195,0.657
83800,0.147,0.199,0.654
83900,0.147,0.198,0.655
84000,0.141,0.202,0.657
84100,0.137,0.201,0.662
84200,0.137,0.209,0.654
84300,0.150,0.202,0.648
84400,0.140,0.196,0.664
84500,0.130,0.195,0.675
84600,0.127,0.189,0.684
84700,0.136,0.187,0.677
84800,0.132,0.193,0.675
84900,0.129,0.199,0.672
85000,0.134,0.204,0.662
85100,0.132,0.204,0.664
85200,0.138,0.198,0.664
85300,0.138,0.199,0.663
85400,0.130,0.203,0.667
85500,0.129,0.195,0.676
85600,0.132,0.201,0.667
85700,0.128,0.199,0.673
85800,0.130,0.198,0.672
85900,0.129,0.200,0.671
86000,0.125,0.206,0.669
86100,0.128,0.213,0.659
86200,0.136,0.209,0.655
86300,0.136,0.206,0.658
86400,0.134,0.207,0.659
86500,0.137,0.208,0.655
86600,0.140,0.202,0.658
86700,0.142,0.196,0.662
86800,0.138,0.195,0.667
86900,0.136,0.198,0.666
87000,0.135,0.194,0.671
87100,0.137,0.193,0.670
87200,0.137,0.187,0.676
87300,0.133,0.187,0.680
87400,0.137,0.189,0.674
87500,0.133,0.191,0.676
87600,0.144,0.195,0.661
87700,0.144,0.202,0.654
87800,0.140,0.197,0.663
87900,0.135,0.190,0.675
88000,0.138,0.186,0.676
88100,0.135,0.192,0.673
88200,0.138,0.185,0.677
88300,0.142,0.199,0.659
88400,0.143,0.198,0.659
88500,0.155,0.193,0.652
88600,0.157,0.192,0.651
88700,0.158,0.190,0.652
88800,0.155,0.190,0.655
88900,0.151,0.191,0.658
89000,0.156,0.187,0.657
89100,0.157,0.195,0.648
89200,0.156,0.206,0.637
89300,0.153,0.207,0.639
89400,0.159,0.200,0.640
89500,0.166,0.204,0.629
89600,0.176,0.197,0.627
89700,0.176,0.192,0.632
89800,0.169,0.189,0.642
89900,0.173,0.194,0.633
90000,0.170,0.193,0.637
90100,0.161,0.199,0.639
90200,0.158,0.203,0.638
90300,0.161,0.201,0.637
90400,0.150,0.203,0.647
90500,0.155,0.198,0.647
90600,0.154,0.202,0.644
90700,0.153,0.200,0.647
90800,0.158,0.198,0.644
90900,0.162,0.197,0.640
91000,0.159,0.198,0.642
91100,0.154,0.196,0.650
91200,0.153,0.197,0.650
91300,0.149,0.201,0.650
91400,0.147,0.205,0.648
91500,0.136,0.198,0.666
91600,0.143,0.191,0.666
91700,0.146,0.187,0.667
91800,0.143,0.186,0.671
91900,0.150,0.184,0.666
92000,0.156,0.187,0.657
92100,0.151,0.184,0.665
92200,0.158,0.185,0.657
92300,0.158,0.187,0.655
92400,0.156,0.187,0.657
92500,0.147,0.180,0.673
92600,0.151,0.184,0.665
92700,0.152,0.184,0.664
92800,0.155,0.190,0.655
92900,0.153,0.188,0.659
93000,0.147,0.185,0.668
93100,0.144,0.195,0.661
93200,0.147,0.192,0.661
93300,0.147,0.192,0.661
93400,0.141,0.195,0.664
93500,0.139,0.192,0.669
93600,0.142,0.190,0.668
93700,0.139,0.200,0.661
93800,0.137,0.196,0.667
93900,0.135,0.195,0.670
94000,0.161,0.192,0.647
94100,0.156,0.193,0.651
94200,0.162,0.195,0.642
94300,0.162,0.190,0.648
94400,0.160,0.187,0.653
94500,0.158,0.182,0.660
94600,0.150,0.183,0.667
94700,0.157,0.185,0.658
94800,0.161,0.183,0.656
94900,0.153,0.190,0.657
95000,0.150,0.194,0.656
95100,0.146,0.193,0.661
95200,0.146,0.192,0.662
95300,0.150,0.192,0.658
95400,0.151,0.195,0.654
95500,0.153,0.199,0.648
95600,0.156,0.202,0.641
95700,0.153,0.187,0.660
95800,0.151,0.186,0.663
95900,0.153,0.189,0.658
96000,0.151,0.194,0.655
96100,0.147,0.190,0.663
96200,0.151,0.191,0.658
96300,0.146,0.191,0.663
96400,0.141,0.188,0.671
96500,0.146,0.192,0.662
96600,0.139,0.186,0.675
96700,0.143,0.192,0.665
96800,0.136,0.191,0.673
96900,0.142,0.198,0.660
97000,0.133,0.193,0.674
97100,0.128,0.190,0.682
97200,0.136,0.188,0.676
97300,0.145,0.182,0.673
97400,0.151,0.181,0.668
97500,0.161,0.184,0.655
97600,0.156,0.183,0.661
97700,0.145,0.175,0.680
97800,0.137,0.183,0.680
97900,0.139,0.176,0.685
98000,0.147,0.182,0.671
98100,0.139,0.189,0.672
98200,0.161,0.187,0.652
98300,0.155,0.195,0.650
98400,0.147,0.191,0.662
98500,0.149,0.188,0.663
98600,0.153,0.193,0.654
98700,0.150,0.188,0.662
98800,0.150,0.193,0.657
98900,0.151,0.191,0.658
99000,0.146,0.197,0.657
99100,0.157,0.195,0.648
99200,0.159,0.189,0.652
99300,0.156,0.182,0.662
99400,0.161,0.183,0.656
99500,0.157,0.182,0.661
99600,0.138,0.180,0.682
99700,0.136,0.181,0.683
99800,0.143,0.180,0.677
99900,0.141,0.188,0.671
100000,0.142,0.186,0.672
