time,n_A+p,n_B,n_AB
500,0.050,0.892,0.058
1000,0.050,0.840,0.110
1500,0.050,0.771,0.178
2000,0.050,0.705,0.245
2500,0.051,0.644,0.304
3000,0.057,0.577,0.367
3500,0.056,0.549,0.395
4000,0.066,0.519,0.415
4500,0.064,0.474,0.461
5000,0.069,0.414,0.517
5500,0.075,0.377,0.547
6000,0.077,0.328,0.595
6500,0.077,0.305,0.618
7000,0.083,0.269,0.648
7500,0.095,0.255,0.650
8000,0.092,0.259,0.649
8500,0.104,0.243,0.652
9000,0.102,0.246,0.651
9500,0.108,0.221,0.671
10000,0.119,0.213,0.668
10500,0.115,0.208,0.676
11000,0.126,0.211,0.664
11500,0.137,0.198,0.665
12000,0.159,0.172,0.668
12500,0.174,0.169,0.658
13000,0.170,0.152,0.678
13500,0.169,0.156,0.675
14000,0.170,0.153,0.677
14500,0.177,0.143,0.679
15000,0.202,0.134,0.664
15500,0.215,0.118,0.666
16000,0.223,0.110,0.667
16500,0.231,0.103,0.666
17000,0.232,0.093,0.674
17500,0.227,0.098,0.676
18000,0.224,0.106,0.670
18500,0.225,0.096,0.680
19000,0.223,0.097,0.681
19500,0.221,0.094,0.685
20000,0.243,0.095,0.661
20500,0.259,0.111,0.631
21000,0.248,0.091,0.660
21500,0.267,0.085,0.648
22000,0.275,0.076,0.649
22500,0.266,0.069,0.665
23000,0.267,0.075,0.658
23500,0.283,0.066,0.651
24000,0.281,0.059,0.659
24500,0.286,0.071,0.642
25000,0.262,0.080,0.658
25500,0.258,0.071,0.671
26000,0.262,0.073,0.664
26500,0.295,0.061,0.643
27000,0.284,0.057,0.658
27500,0.289,0.065,0.646
28000,0.300,0.049,0.651
28500,0.306,0.051,0.642
29000,0.315,0.049,0.636
29500,0.290,0.052,0.658
30000,0.299,0.047,0.654
30500,0.312,0.038,0.649
31000,0.324,0.051,0.625
31500,0.327,0.043,0.630
32000,0.306,0.047,0.647
32500,0.325,0.045,0.630
33000,0.335,0.045,0.620
33500,0.329,0.041,0.631
34000,0.327,0.045,0.628
34500,0.318,0.048,0.634
35000,0.297,0.054,0.649
35500,0.315,0.046,0.639
36000,0.344,0.044,0.612
36500,0.333,0.052,0.615
37000,0.329,0.045,0.626
37500,0.337,0.042,0.622
38000,0.337,0.036,0.627
38500,0.331,0.041,0.629
39000,0.349,0.043,0.607
39500,0.352,0.041,0.607
40000,0.362,0.037,0.601
40500,0.358,0.042,0.600
41000,0.363,0.035,0.601
41500,0.387,0.042,0.572
42000,0.376,0.036,0.589
42500,0.359,0.042,0.600
43000,0.352,0.039,0.608
43500,0.351,0.037,0.612
44000,0.354,0.035,0.611
44500,0.362,0.031,0.606
45000,0.355,0.035,0.610
45500,0.339,0.041,0.621
46000,0.362,0.038,0.599
46500,0.384,0.033,0.584
47000,0.380,0.026,0.594
47500,0.368,0.038,0.593
48000,0.364,0.039,0.597
48500,0.348,0.036,0.616
49000,0.340,0.035,0.625
49500,0.355,0.030,0.615
50000,0.338,0.035,0.628
50500,0.340,0.035,0.625
51000,0.351,0.040,0.609
51500,0.357,0.030,0.613
52000,0.357,0.030,0.612
52500,0.366,0.033,0.600
53000,0.359,0.038,0.603
53500,0.335,0.042,0.624
54000,0.329,0.043,0.629
54500,0.334,0.041,0.625
55000,0.347,0.043,0.610
55500,0.353,0.037,0.610
56000,0.337,0.035,0.628
56500,0.335,0.038,0.627
57000,0.343,0.043,0.615
57500,0.340,0.033,0.628
58000,0.335,0.051,0.615
58500,0.342,0.052,0.606
59000,0.334,0.047,0.619
59500,0.332,0.044,0.624
60000,0.343,0.053,0.604
60500,0.348,0.043,0.609
61000,0.365,0.032,0.603
61500,0.373,0.024,0.603
62000,0.380,0.029,0.591
62500,0.369,0.040,0.591
63000,0.364,0.041,0.596
63500,0.372,0.033,0.595
64000,0.363,0.033,0.604
64500,0.359,0.032,0.609
65000,0.369,0.035,0.595
65500,0.368,0.038,0.593
66000,0.395,0.035,0.570
66500,0.390,0.024,0.587
67000,0.387,0.021,0.592
67500,0.396,0.026,0.579
68000,0.395,0.020,0.585
68500,0.402,0.026,0.572
69000,0.407,0.029,0.563
69500,0.399,0.031,0.570
70000,0.397,0.028,0.576
70500,0.408,0.030,0.561
71000,0.415,0.032,0.553
71500,0.428,0.038,0.534
72000,0.410,0.029,0.560
72500,0.372,0.032,0.595
73000,0.383,0.035,0.583
73500,0.369,0.038,0.592
74000,0.353,0.035,0.612
74500,0.356,0.048,0.596
75000,0.361,0.046,0.592
75500,0.355,0.043,0.603
76000,0.339,0.039,0.622
76500,0.331,0.038,0.631
77000,0.318,0.044,0.638
77500,0.321,0.045,0.634
78000,0.324,0.043,0.633
78500,0.336,0.045,0.618
79000,0.332,0.034,0.634
79500,0.347,0.032,0.621
80000,0.354,0.035,0.610
80500,0.365,0.037,0.598
81000,0.369,0.040,0.591
81500,0.364,0.038,0.598
82000,0.366,0.038,0.596
82500,0.349,0.033,0.619
83000,0.349,0.033,0.618
83500,0.362,0.029,0.609
84000,0.360,0.026,0.613
84500,0.391,0.030,0.579
85000,0.389,0.028,0.584
85500,0.394,0.024,0.582
86000,0.392,0.024,0.585
86500,0.367,0.030,0.603
87000,0.367,0.028,0.605
87500,0.349,0.034,0.617
88000,0.353,0.021,0.625
88500,0.374,0.031,0.595
89000,0.357,0.037,0.606
89500,0.371,0.033,0.596
90000,0.361,0.039,0.600
90500,0.365,0.037,0.598
91000,0.377,0.027,0.596
91500,0.384,0.023,0.593
92000,0.388,0.018,0.595
92500,0.388,0.026,0.587
93000,0.381,0.028,0.591
93500,0.377,0.030,0.593
94000,0.360,0.025,0.615
94500,0.361,0.026,0.613
95000,0.343,0.029,0.629
95500,0.358,0.027,0.615
96000,0.388,0.036,0.576
96500,0.399,0.028,0.573
97000,0.381,0.039,0.580
97500,0.379,0.041,0.581
98000,0.368,0.040,0.591
98500,0.355,0.042,0.603
99000,0.359,0.039,0.602
99500,0.354,0.038,0.608
100000,0.363,0.034,0.603
100500,0.343,0.041,0.617
101000,0.335,0.040,0.625
101500,0.344,0.048,0.609
102000,0.343,0.040,0.617
102500,0.324,0.038,0.638
103000,0.339,0.041,0.621
103500,0.344,0.038,0.618
104000,0.319,0.054,0.627
104500,0.329,0.052,0.619
105000,0.331,0.044,0.625
105500,0.321,0.043,0.636
106000,0.340,0.054,0.606
106500,0.355,0.051,0.594
107000,0.370,0.038,0.591
107500,0.361,0.035,0.604
108000,0.332,0.042,0.626
108500,0.341,0.043,0.617
109000,0.339,0.048,0.613
109500,0.342,0.049,0.609
110000,0.325,0.047,0.628
110500,0.329,0.035,0.636
111000,0.340,0.042,0.618
111500,0.338,0.043,0.619
112000,0.339,0.041,0.620
112500,0.348,0.045,0.607
113000,0.373,0.038,0.588
113500,0.377,0.030,0.593
114000,0.386,0.025,0.590
114500,0.378,0.025,0.598
115000,0.369,0.018,0.612
115500,0.367,0.017,0.616
116000,0.361,0.023,0.616
116500,0.365,0.032,0.603
117000,0.371,0.029,0.600
117500,0.370,0.033,0.596
118000,0.380,0.035,0.585
118500,0.376,0.041,0.584
119000,0.355,0.039,0.606
119500,0.356,0.029,0.614
120000,0.376,0.038,0.586
120500,0.347,0.043,0.610
121000,0.354,0.041,0.604
121500,0.356,0.043,0.601
122000,0.364,0.043,0.594
122500,0.359,0.034,0.608
123000,0.358,0.038,0.603
123500,0.360,0.036,0.604
124000,0.373,0.037,0.589
124500,0.374,0.033,0.593
125000,0.368,0.035,0.596
125500,0.372,0.030,0.598
126000,0.371,0.030,0.598
126500,0.366,0.026,0.607
127000,0.372,0.028,0.600
127500,0.363,0.025,0.612
128000,0.376,0.035,0.590
128500,0.370,0.027,0.602
129000,0.367,0.025,0.608
129500,0.352,0.025,0.622
130000,0.371,0.032,0.597
130500,0.376,0.038,0.587
131000,0.364,0.039,0.596
131500,0.347,0.040,0.614
132000,0.347,0.036,0.616
132500,0.351,0.028,0.621
133000,0.350,0.029,0.621
133500,0.350,0.030,0.619
134000,0.365,0.030,0.605
134500,0.387,0.030,0.583
135000,0.391,0.030,0.579
135500,0.385,0.025,0.590
136000,0.386,0.026,0.588
136500,0.357,0.024,0.620
137000,0.359,0.033,0.609
137500,0.350,0.035,0.614
138000,0.334,0.032,0.635
138500,0.359,0.038,0.602
139000,0.342,0.044,0.614
139500,0.332,0.044,0.623
140000,0.324,0.043,0.632
140500,0.331,0.040,0.629
141000,0.325,0.045,0.630
141500,0.348,0.051,0.601
142000,0.332,0.050,0.618
142500,0.329,0.054,0.617
143000,0.320,0.062,0.619
143500,0.320,0.059,0.622
144000,0.321,0.060,0.619
144500,0.325,0.048,0.628
145000,0.326,0.045,0.629
145500,0.321,0.052,0.627
146000,0.322,0.043,0.635
146500,0.321,0.043,0.636
147000,0.312,0.051,0.637
147500,0.305,0.055,0.639
148000,0.322,0.049,0.629
148500,0.318,0.050,0.632
149000,0.338,0.053,0.609
149500,0.338,0.049,0.614
150000,0.317,0.049,0.634
150500,0.331,0.044,0.625
151000,0.328,0.045,0.627
151500,0.331,0.045,0.624
152000,0.335,0.046,0.619
152500,0.324,0.039,0.637
153000,0.318,0.046,0.636
153500,0.312,0.037,0.650
154000,0.348,0.047,0.605
154500,0.338,0.053,0.609
155000,0.341,0.048,0.612
155500,0.348,0.055,0.597
156000,0.344,0.050,0.605
156500,0.346,0.040,0.615
157000,0.348,0.040,0.611
157500,0.368,0.043,0.590
158000,0.383,0.029,0.588
158500,0.364,0.030,0.605
159000,0.350,0.043,0.607
159500,0.358,0.031,0.610
160000,0.359,0.026,0.615
160500,0.341,0.021,0.639
161000,0.356,0.021,0.623
161500,0.364,0.026,0.609
162000,0.346,0.030,0.624
162500,0.339,0.035,0.627
163000,0.321,0.040,0.639
163500,0.323,0.043,0.634
164000,0.336,0.046,0.618
164500,0.336,0.043,0.621
165000,0.329,0.051,0.620
165500,0.330,0.050,0.620
166000,0.323,0.051,0.627
166500,0.338,0.056,0.606
167000,0.320,0.056,0.625
167500,0.309,0.051,0.641
168000,0.319,0.048,0.633
168500,0.316,0.056,0.628
169000,0.309,0.048,0.643
169500,0.306,0.043,0.650
170000,0.308,0.040,0.652
170500,0.322,0.048,0.630
171000,0.326,0.043,0.631
171500,0.344,0.042,0.614
172000,0.336,0.046,0.618
172500,0.335,0.051,0.614
173000,0.329,0.053,0.618
173500,0.306,0.059,0.634
174000,0.327,0.044,0.629
174500,0.328,0.043,0.629
175000,0.340,0.044,0.616
175500,0.331,0.050,0.620
176000,0.320,0.056,0.624
176500,0.319,0.055,0.626
177000,0.337,0.046,0.617
177500,0.331,0.040,0.630
178000,0.321,0.045,0.634
178500,0.329,0.043,0.628
179000,0.340,0.038,0.622
179500,0.337,0.034,0.629
180000,0.332,0.035,0.633
180500,0.317,0.043,0.640
181000,0.336,0.045,0.619
181500,0.347,0.052,0.601
182000,0.326,0.051,0.624
182500,0.317,0.043,0.641
183000,0.324,0.043,0.632
183500,0.327,0.037,0.636
184000,0.340,0.035,0.624
184500,0.338,0.038,0.623
185000,0.341,0.045,0.614
185500,0.322,0.038,0.640
186000,0.303,0.043,0.654
186500,0.310,0.043,0.646
187000,0.306,0.038,0.655
187500,0.323,0.054,0.623
188000,0.333,0.052,0.615
188500,0.327,0.064,0.610
189000,0.311,0.070,0.618
189500,0.314,0.060,0.626
190000,0.329,0.056,0.615
190500,0.311,0.047,0.641
191000,0.322,0.049,0.629
191500,0.288,0.050,0.661
192000,0.299,0.055,0.646
192500,0.289,0.062,0.649
193000,0.282,0.051,0.667
193500,0.299,0.054,0.646
194000,0.310,0.048,0.642
194500,0.317,0.045,0.638
195000,0.344,0.048,0.608
195500,0.323,0.054,0.623
196000,0.318,0.064,0.619
196500,0.320,0.058,0.622
197000,0.308,0.058,0.634
197500,0.311,0.066,0.623
198000,0.301,0.058,0.641
198500,0.311,0.068,0.621
199000,0.329,0.054,0.617
199500,0.316,0.045,0.638
200000,0.322,0.048,0.631
200500,0.317,0.043,0.641
201000,0.325,0.052,0.623
201500,0.329,0.054,0.617
202000,0.307,0.053,0.639
202500,0.298,0.054,0.647
203000,0.297,0.048,0.655
203500,0.281,0.054,0.665
204000,0.318,0.052,0.630
204500,0.308,0.065,0.627
205000,0.291,0.061,0.647
205500,0.296,0.057,0.646
206000,0.289,0.051,0.660
206500,0.286,0.062,0.651
207000,0.286,0.061,0.652
207500,0.291,0.065,0.645
208000,0.306,0.056,0.638
208500,0.315,0.053,0.632
209000,0.300,0.051,0.648
209500,0.312,0.058,0.630
210000,0.319,0.067,0.615
210500,0.303,0.066,0.632
211000,0.308,0.061,0.630
211500,0.292,0.055,0.653
212000,0.298,0.057,0.645
212500,0.304,0.061,0.635
213000,0.290,0.064,0.645
213500,0.293,0.057,0.649
214000,0.285,0.062,0.652
214500,0.288,0.056,0.656
215000,0.300,0.051,0.649
215500,0.307,0.045,0.647
216000,0.308,0.049,0.643
216500,0.306,0.049,0.645
217000,0.303,0.050,0.646
217500,0.321,0.051,0.628
218000,0.320,0.058,0.622
218500,0.311,0.056,0.633
219000,0.323,0.051,0.626
219500,0.319,0.060,0.621
220000,0.308,0.059,0.633
220500,0.305,0.059,0.637
221000,0.297,0.066,0.638
221500,0.292,0.060,0.647
222000,0.299,0.055,0.645
222500,0.300,0.056,0.644
223000,0.300,0.059,0.640
223500,0.286,0.054,0.659
224000,0.299,0.055,0.645
224500,0.299,0.044,0.657
225000,0.311,0.038,0.650
225500,0.303,0.040,0.657
226000,0.316,0.041,0.643
226500,0.324,0.036,0.639
227000,0.333,0.036,0.631
227500,0.329,0.048,0.623
228000,0.326,0.047,0.627
228500,0.333,0.036,0.631
229000,0.351,0.039,0.610
229500,0.353,0.037,0.609
230000,0.348,0.039,0.613
230500,0.358,0.047,0.594
231000,0.377,0.033,0.591
231500,0.354,0.040,0.606
232000,0.362,0.041,0.597
232500,0.347,0.037,0.616
233000,0.367,0.048,0.586
233500,0.364,0.040,0.595
234000,0.359,0.040,0.601
234500,0.364,0.041,0.595
235000,0.352,0.041,0.607
235500,0.378,0.046,0.577
236000,0.349,0.030,0.621
236500,0.347,0.033,0.620
237000,0.335,0.029,0.636
237500,0.334,0.026,0.639
238000,0.327,0.035,0.638
238500,0.327,0.042,0.631
239000,0.327,0.045,0.628
239500,0.307,0.043,0.650
240000,0.306,0.047,0.647
240500,0.317,0.043,0.641
241000,0.306,0.041,0.653
241500,0.329,0.044,0.627
242000,0.327,0.047,0.626
242500,0.327,0.043,0.630
243000,0.326,0.048,0.627
243500,0.326,0.062,0.612
244000,0.337,0.063,0.600
244500,0.317,0.063,0.620
245000,0.312,0.058,0.630
245500,0.316,0.056,0.628
246000,0.323,0.050,0.627
246500,0.324,0.043,0.632
247000,0.333,0.036,0.631
247500,0.332,0.053,0.615
248000,0.323,0.052,0.625
248500,0.309,0.054,0.636
249000,0.329,0.058,0.614
249500,0.312,0.064,0.624
250000,0.292,0.053,0.654
250500,0.303,0.057,0.641
251000,0.311,0.058,0.630
251500,0.322,0.051,0.626
252000,0.335,0.042,0.624
252500,0.330,0.045,0.624
253000,0.335,0.043,0.623
253500,0.321,0.045,0.634
254000,0.322,0.049,0.629
254500,0.326,0.044,0.630
255000,0.314,0.043,0.642
255500,0.323,0.051,0.626
256000,0.315,0.043,0.643
256500,0.324,0.041,0.635
257000,0.335,0.039,0.626
257500,0.356,0.037,0.606
258000,0.348,0.040,0.613
258500,0.355,0.042,0.603
259000,0.344,0.038,0.618
259500,0.338,0.041,0.622
260000,0.325,0.037,0.638
260500,0.337,0.037,0.626
261000,0.338,0.029,0.633
261500,0.346,0.029,0.624
262000,0.351,0.026,0.623
262500,0.344,0.034,0.621
263000,0.353,0.035,0.612
263500,0.349,0.037,0.613
264000,0.335,0.042,0.624
264500,0.339,0.043,0.619
265000,0.333,0.042,0.626
265500,0.334,0.036,0.630
266000,0.309,0.033,0.658
266500,0.323,0.030,0.647
267000,0.305,0.043,0.652
267500,0.316,0.038,0.646
268000,0.318,0.046,0.635
268500,0.326,0.051,0.623
269000,0.348,0.051,0.601
269500,0.337,0.051,0.612
270000,0.323,0.044,0.633
270500,0.337,0.038,0.625
271000,0.334,0.049,0.617
271500,0.331,0.046,0.623
272000,0.337,0.046,0.617
272500,0.352,0.045,0.602
273000,0.355,0.037,0.608
273500,0.361,0.042,0.598
274000,0.336,0.046,0.617
274500,0.323,0.053,0.624
275000,0.330,0.053,0.616
275500,0.324,0.048,0.628
276000,0.330,0.053,0.616
276500,0.343,0.052,0.605
277000,0.337,0.049,0.615
277500,0.337,0.045,0.618
278000,0.346,0.039,0.614
278500,0.340,0.048,0.613
279000,0.337,0.046,0.617
279500,0.338,0.052,0.610
280000,0.325,0.054,0.621
280500,0.316,0.043,0.641
281000,0.330,0.055,0.615
281500,0.317,0.046,0.637
282000,0.309,0.048,0.643
282500,0.311,0.044,0.644
283000,0.310,0.053,0.637
283500,0.300,0.068,0.632
284000,0.285,0.066,0.649
284500,0.288,0.058,0.654
285000,0.294,0.049,0.657
285500,0.301,0.062,0.637
286000,0.288,0.057,0.655
286500,0.295,0.040,0.665
287000,0.295,0.043,0.662
287500,0.291,0.056,0.653
288000,0.277,0.065,0.659
288500,0.280,0.064,0.657
289000,0.285,0.057,0.659
289500,0.311,0.051,0.637
290000,0.293,0.062,0.644
290500,0.301,0.061,0.638
291000,0.319,0.055,0.626
291500,0.278,0.052,0.670
292000,0.265,0.051,0.684
292500,0.294,0.056,0.650
293000,0.301,0.051,0.648
293500,0.306,0.046,0.647
294000,0.304,0.051,0.645
294500,0.302,0.043,0.655
295000,0.305,0.064,0.632
295500,0.333,0.058,0.609
296000,0.335,0.066,0.599
296500,0.345,0.063,0.592
297000,0.344,0.046,0.609
297500,0.355,0.041,0.604
298000,0.344,0.035,0.621
298500,0.356,0.037,0.606
299000,0.345,0.025,0.630
299500,0.334,0.029,0.637
300000,0.334,0.032,0.634
300500,0.352,0.028,0.620
301000,0.362,0.030,0.608
301500,0.349,0.035,0.616
302000,0.349,0.033,0.618
302500,0.342,0.029,0.628
303000,0.370,0.029,0.601
303500,0.352,0.028,0.620
304000,0.359,0.036,0.604
304500,0.341,0.037,0.622
305000,0.335,0.047,0.618
305500,0.341,0.051,0.608
306000,0.326,0.048,0.626
306500,0.332,0.043,0.625
307000,0.344,0.043,0.612
307500,0.341,0.036,0.623
308000,0.356,0.034,0.610
308500,0.356,0.032,0.613
309000,0.345,0.035,0.621
309500,0.333,0.049,0.618
310000,0.345,0.041,0.614
310500,0.355,0.037,0.607
311000,0.344,0.032,0.623
311500,0.334,0.039,0.627
312000,0.330,0.040,0.631
312500,0.339,0.042,0.619
313000,0.349,0.033,0.618
313500,0.348,0.038,0.613
314000,0.349,0.044,0.607
314500,0.370,0.037,0.592
315000,0.373,0.040,0.587
315500,0.398,0.035,0.567
316000,0.380,0.026,0.594
316500,0.375,0.021,0.604
317000,0.371,0.029,0.600
317500,0.363,0.033,0.605
318000,0.353,0.041,0.607
318500,0.370,0.038,0.591
319000,0.366,0.035,0.598
319500,0.354,0.028,0.617
320000,0.353,0.032,0.615
320500,0.337,0.049,0.615
321000,0.315,0.036,0.649
321500,0.313,0.044,0.643
322000,0.329,0.041,0.631
322500,0.348,0.037,0.614
323000,0.356,0.035,0.609
323500,0.347,0.037,0.616
324000,0.356,0.043,0.601
324500,0.328,0.043,0.629
325000,0.326,0.048,0.627
325500,0.328,0.038,0.634
326000,0.333,0.038,0.629
326500,0.330,0.040,0.630
327000,0.332,0.039,0.629
327500,0.320,0.060,0.620
328000,0.329,0.060,0.611
328500,0.310,0.061,0.628
329000,0.297,0.062,0.640
329500,0.299,0.064,0.637
330000,0.303,0.059,0.637
330500,0.325,0.055,0.620
331000,0.326,0.051,0.623
331500,0.325,0.051,0.624
332000,0.306,0.054,0.639
332500,0.323,0.045,0.632
333000,0.324,0.039,0.637
333500,0.322,0.038,0.639
334000,0.328,0.044,0.628
334500,0.323,0.043,0.634
335000,0.332,0.043,0.625
335500,0.340,0.042,0.618
336000,0.344,0.030,0.625
336500,0.332,0.042,0.627
337000,0.342,0.045,0.613
337500,0.339,0.035,0.627
338000,0.339,0.040,0.621
338500,0.339,0.032,0.629
339000,0.351,0.033,0.616
339500,0.332,0.029,0.639
340000,0.321,0.036,0.643
340500,0.315,0.035,0.651
341000,0.321,0.034,0.646
341500,0.313,0.052,0.635
342000,0.322,0.049,0.629
342500,0.323,0.046,0.631
343000,0.329,0.048,0.623
343500,0.354,0.040,0.606
344000,0.347,0.038,0.615
344500,0.338,0.040,0.622
345000,0.346,0.040,0.614
345500,0.359,0.037,0.604
346000,0.363,0.033,0.604
346500,0.358,0.032,0.609
347000,0.372,0.032,0.595
347500,0.359,0.035,0.607
348000,0.366,0.041,0.593
348500,0.370,0.035,0.595
349000,0.380,0.055,0.565
349500,0.377,0.045,0.578
350000,0.388,0.037,0.575
350500,0.399,0.034,0.567
351000,0.397,0.037,0.566
351500,0.412,0.043,0.545
352000,0.401,0.036,0.562
352500,0.408,0.035,0.557
353000,0.399,0.034,0.567
353500,0.368,0.043,0.589
354000,0.352,0.040,0.608
354500,0.366,0.042,0.593
355000,0.344,0.044,0.611
355500,0.353,0.043,0.604
356000,0.349,0.037,0.614
356500,0.331,0.041,0.629
357000,0.336,0.037,0.627
357500,0.332,0.046,0.622
358000,0.340,0.053,0.607
358500,0.327,0.048,0.626
359000,0.298,0.058,0.644
359500,0.306,0.058,0.636
360000,0.334,0.051,0.614
360500,0.338,0.055,0.607
361000,0.345,0.045,0.610
361500,0.349,0.034,0.618
362000,0.339,0.041,0.621
362500,0.340,0.033,0.627
363000,0.327,0.032,0.642
363500,0.320,0.036,0.644
364000,0.328,0.047,0.625
364500,0.325,0.057,0.618
365000,0.323,0.058,0.620
365500,0.312,0.046,0.642
366000,0.345,0.037,0.617
366500,0.355,0.036,0.609
367000,0.320,0.035,0.645
367500,0.337,0.045,0.618
368000,0.359,0.035,0.606
368500,0.367,0.033,0.600
369000,0.367,0.034,0.600
369500,0.365,0.031,0.604
370000,0.364,0.034,0.602
370500,0.356,0.033,0.610
371000,0.349,0.032,0.619
371500,0.369,0.037,0.594
372000,0.379,0.036,0.585
372500,0.367,0.037,0.596
373000,0.379,0.033,0.588
373500,0.382,0.033,0.585
374000,0.389,0.037,0.574
374500,0.368,0.033,0.599
375000,0.364,0.033,0.602
375500,0.357,0.037,0.606
376000,0.351,0.034,0.616
376500,0.345,0.040,0.616
377000,0.344,0.040,0.616
377500,0.370,0.029,0.601
378000,0.373,0.030,0.597
378500,0.371,0.032,0.598
379000,0.364,0.034,0.602
379500,0.362,0.029,0.609
380000,0.358,0.028,0.613
380500,0.355,0.038,0.607
381000,0.352,0.033,0.615
381500,0.355,0.029,0.616
382000,0.363,0.031,0.606
382500,0.353,0.034,0.613
383000,0.347,0.044,0.609
383500,0.358,0.036,0.606
384000,0.371,0.029,0.599
384500,0.380,0.026,0.595
385000,0.381,0.028,0.592
385500,0.386,0.033,0.582
386000,0.400,0.033,0.568
386500,0.369,0.032,0.600
387000,0.370,0.024,0.606
387500,0.384,0.025,0.592
388000,0.371,0.024,0.605
388500,0.375,0.026,0.599
389000,0.352,0.035,0.613
389500,0.344,0.036,0.620
390000,0.344,0.042,0.614
390500,0.344,0.037,0.619
391000,0.341,0.037,0.622
391500,0.345,0.036,0.619
392000,0.356,0.035,0.610
392500,0.346,0.041,0.614
393000,0.336,0.036,0.628
393500,0.327,0.036,0.637
394000,0.351,0.039,0.610
394500,0.344,0.049,0.607
395000,0.330,0.043,0.628
395500,0.342,0.035,0.623
396000,0.310,0.042,0.648
396500,0.306,0.041,0.652
397000,0.338,0.047,0.615
397500,0.351,0.040,0.609
398000,0.350,0.047,0.602
398500,0.365,0.048,0.587
399000,0.354,0.043,0.603
399500,0.357,0.032,0.611
400000,0.353,0.018,0.628
400500,0.358,0.020,0.622
401000,0.359,0.025,0.616
401500,0.379,0.033,0.588
402000,0.369,0.028,0.603
402500,0.362,0.026,0.612
403000,0.377,0.021,0.603
403500,0.390,0.029,0.582
404000,0.392,0.033,0.576
404500,0.388,0.025,0.588
405000,0.396,0.021,0.584
405500,0.402,0.021,0.578
406000,0.411,0.033,0.556
406500,0.390,0.038,0.572
407000,0.341,0.031,0.628
407500,0.314,0.045,0.641
408000,0.327,0.050,0.623
408500,0.340,0.035,0.625
409000,0.352,0.028,0.619
409500,0.342,0.036,0.621
410000,0.340,0.040,0.621
410500,0.353,0.029,0.618
411000,0.366,0.021,0.613
411500,0.370,0.030,0.600
412000,0.356,0.039,0.605
412500,0.376,0.035,0.590
413000,0.372,0.039,0.588
413500,0.371,0.036,0.592
414000,0.387,0.029,0.584
414500,0.385,0.030,0.585
415000,0.380,0.035,0.585
415500,0.379,0.037,0.584
416000,0.363,0.042,0.595
416500,0.351,0.038,0.611
417000,0.346,0.032,0.622
417500,0.341,0.028,0.632
418000,0.358,0.027,0.615
418500,0.380,0.029,0.592
419000,0.369,0.036,0.594
419500,0.352,0.034,0.613
420000,0.359,0.032,0.610
420500,0.378,0.029,0.594
421000,0.391,0.029,0.580
421500,0.374,0.031,0.595
422000,0.370,0.035,0.594
422500,0.359,0.037,0.604
423000,0.344,0.031,0.624
423500,0.327,0.036,0.637
424000,0.334,0.052,0.614
424500,0.336,0.044,0.620
425000,0.333,0.048,0.620
425500,0.315,0.048,0.638
426000,0.317,0.051,0.633
426500,0.309,0.059,0.633
427000,0.310,0.058,0.632
427500,0.312,0.073,0.614
428000,0.310,0.065,0.625
428500,0.309,0.058,0.634
429000,0.321,0.051,0.628
429500,0.292,0.053,0.654
430000,0.299,0.051,0.651
430500,0.288,0.043,0.668
431000,0.286,0.056,0.657
431500,0.280,0.047,0.673
432000,0.267,0.065,0.668
432500,0.280,0.080,0.640
433000,0.268,0.081,0.651
433500,0.277,0.068,0.655
434000,0.293,0.068,0.640
434500,0.300,0.052,0.647
435000,0.307,0.045,0.648
435500,0.316,0.043,0.641
436000,0.354,0.044,0.601
436500,0.340,0.050,0.610
437000,0.329,0.041,0.630
437500,0.334,0.043,0.623
438000,0.329,0.059,0.613
438500,0.325,0.052,0.623
439000,0.336,0.046,0.618
439500,0.346,0.035,0.618
440000,0.353,0.032,0.615
440500,0.345,0.033,0.622
441000,0.345,0.042,0.613
441500,0.316,0.040,0.644
442000,0.313,0.049,0.638
442500,0.301,0.054,0.645
443000,0.316,0.059,0.625
443500,0.300,0.048,0.652
444000,0.309,0.047,0.644
444500,0.306,0.061,0.633
445000,0.333,0.040,0.628
445500,0.345,0.054,0.601
446000,0.339,0.043,0.619
446500,0.347,0.037,0.616
447000,0.337,0.037,0.626
447500,0.333,0.040,0.627
448000,0.318,0.038,0.643
448500,0.314,0.043,0.643
449000,0.331,0.044,0.625
449500,0.358,0.046,0.595
450000,0.355,0.049,0.597
450500,0.342,0.050,0.608
451000,0.347,0.051,0.601
451500,0.338,0.044,0.618
452000,0.317,0.039,0.644
452500,0.299,0.053,0.648
453000,0.292,0.051,0.656
453500,0.295,0.059,0.646
454000,0.303,0.050,0.647
454500,0.292,0.066,0.642
455000,0.286,0.068,0.645
455500,0.285,0.066,0.649
456000,0.284,0.070,0.646
456500,0.293,0.063,0.644
457000,0.270,0.061,0.669
457500,0.261,0.066,0.674
458000,0.261,0.074,0.665
458500,0.256,0.081,0.663
459000,0.263,0.087,0.650
459500,0.263,0.076,0.662
460000,0.246,0.079,0.675
460500,0.247,0.066,0.688
461000,0.263,0.052,0.685
461500,0.269,0.066,0.665
462000,0.272,0.070,0.658
462500,0.291,0.054,0.654
463000,0.300,0.053,0.646
463500,0.287,0.043,0.670
464000,0.286,0.053,0.660
464500,0.312,0.060,0.628
465000,0.308,0.056,0.636
465500,0.292,0.058,0.650
466000,0.303,0.052,0.644
466500,0.290,0.041,0.669
467000,0.291,0.049,0.661
467500,0.303,0.060,0.637
468000,0.286,0.056,0.658
468500,0.288,0.050,0.662
469000,0.294,0.047,0.659
469500,0.284,0.066,0.650
470000,0.291,0.053,0.655
470500,0.283,0.046,0.670
471000,0.289,0.062,0.649
471500,0.286,0.064,0.649
472000,0.286,0.065,0.649
472500,0.288,0.057,0.654
473000,0.300,0.048,0.652
473500,0.305,0.063,0.631
474000,0.315,0.054,0.631
474500,0.309,0.058,0.633
475000,0.305,0.060,0.635
475500,0.322,0.056,0.622
476000,0.321,0.056,0.624
476500,0.318,0.052,0.630
477000,0.302,0.046,0.651
477500,0.303,0.055,0.642
478000,0.311,0.059,0.630
478500,0.289,0.068,0.644
479000,0.276,0.069,0.655
479500,0.291,0.059,0.649
480000,0.304,0.064,0.632
480500,0.298,0.076,0.625
481000,0.310,0.073,0.617
481500,0.300,0.063,0.637
482000,0.292,0.059,0.649
482500,0.292,0.052,0.656
483000,0.283,0.053,0.663
483500,0.267,0.051,0.682
484000,0.261,0.059,0.679
484500,0.268,0.064,0.668
485000,0.262,0.068,0.670
485500,0.255,0.085,0.660
486000,0.238,0.080,0.682
486500,0.259,0.074,0.667
487000,0.279,0.076,0.645
487500,0.290,0.066,0.643
488000,0.293,0.065,0.643
488500,0.301,0.053,0.645
489000,0.297,0.057,0.645
489500,0.276,0.073,0.650
490000,0.270,0.073,0.657
490500,0.295,0.071,0.634
491000,0.269,0.068,0.663
491500,0.281,0.060,0.659
492000,0.278,0.070,0.653
492500,0.283,0.070,0.646
493000,0.290,0.059,0.650
493500,0.290,0.059,0.651
494000,0.302,0.055,0.643
494500,0.314,0.059,0.627
495000,0.312,0.061,0.626
495500,0.319,0.056,0.626
496000,0.325,0.053,0.622
496500,0.333,0.055,0.612
497000,0.319,0.048,0.633
497500,0.333,0.050,0.617
498000,0.325,0.057,0.618
498500,0.325,0.054,0.621
499000,0.321,0.053,0.626
499500,0.304,0.048,0.647
500000,0.303,0.054,0.642
500500,0.309,0.046,0.644
501000,0.320,0.057,0.624
501500,0.319,0.051,0.630
502000,0.293,0.054,0.653
502500,0.290,0.045,0.664
503000,0.297,0.046,0.657
503500,0.306,0.057,0.637
504000,0.323,0.049,0.629
504500,0.343,0.037,0.620
505000,0.331,0.042,0.628
505500,0.314,0.051,0.635
506000,0.322,0.045,0.633
506500,0.324,0.056,0.620
507000,0.309,0.054,0.637
507500,0.309,0.046,0.644
508000,0.310,0.049,0.641
508500,0.306,0.044,0.649
509000,0.331,0.038,0.631
509500,0.329,0.036,0.635
510000,0.311,0.049,0.640
510500,0.326,0.045,0.629
511000,0.326,0.038,0.636
511500,0.343,0.036,0.621
512000,0.347,0.044,0.608
512500,0.358,0.054,0.588
513000,0.345,0.044,0.611
513500,0.342,0.045,0.612
514000,0.365,0.040,0.595
514500,0.377,0.035,0.588
515000,0.381,0.036,0.583
515500,0.379,0.032,0.589
516000,0.370,0.037,0.592
516500,0.376,0.030,0.594
517000,0.375,0.029,0.596
517500,0.368,0.032,0.601
518000,0.370,0.028,0.602
518500,0.360,0.036,0.604
519000,0.368,0.035,0.596
519500,0.380,0.034,0.587
520000,0.357,0.033,0.611
520500,0.343,0.021,0.636
521000,0.365,0.029,0.606
521500,0.366,0.040,0.594
522000,0.371,0.033,0.596
522500,0.373,0.023,0.604
523000,0.394,0.022,0.584
523500,0.395,0.032,0.573
524000,0.390,0.030,0.580
524500,0.393,0.030,0.577
525000,0.399,0.026,0.575
525500,0.393,0.025,0.582
526000,0.390,0.023,0.587
526500,0.382,0.028,0.591
527000,0.362,0.035,0.603
527500,0.369,0.037,0.594
528000,0.359,0.034,0.607
528500,0.346,0.034,0.619
529000,0.364,0.042,0.594
529500,0.337,0.035,0.628
530000,0.328,0.051,0.621
530500,0.323,0.052,0.625
531000,0.331,0.052,0.617
531500,0.337,0.054,0.609
532000,0.357,0.054,0.589
532500,0.353,0.047,0.600
533000,0.332,0.048,0.620
533500,0.326,0.051,0.623
534000,0.321,0.071,0.608
534500,0.303,0.071,0.626
535000,0.311,0.058,0.631
535500,0.302,0.046,0.652
536000,0.306,0.045,0.648
536500,0.302,0.048,0.650
537000,0.294,0.050,0.656
537500,0.310,0.053,0.636
538000,0.304,0.044,0.651
538500,0.330,0.050,0.620
539000,0.320,0.050,0.631
539500,0.341,0.058,0.601
540000,0.340,0.059,0.601
540500,0.330,0.059,0.611
541000,0.310,0.044,0.645
541500,0.297,0.050,0.654
542000,0.290,0.046,0.663
542500,0.277,0.051,0.672
543000,0.274,0.057,0.670
543500,0.274,0.062,0.664
544000,0.279,0.059,0.662
544500,0.304,0.064,0.632
545000,0.305,0.056,0.639
545500,0.314,0.057,0.630
546000,0.299,0.057,0.645
546500,0.285,0.050,0.665
547000,0.281,0.065,0.653
547500,0.289,0.059,0.651
548000,0.294,0.065,0.641
548500,0.287,0.073,0.639
549000,0.276,0.083,0.641
549500,0.298,0.075,0.626
550000,0.288,0.072,0.640
550500,0.286,0.070,0.644
551000,0.279,0.070,0.651
551500,0.317,0.056,0.628
552000,0.318,0.061,0.620
552500,0.297,0.056,0.647
553000,0.298,0.063,0.639
553500,0.282,0.071,0.646
554000,0.285,0.064,0.651
554500,0.292,0.061,0.646
555000,0.297,0.056,0.648
555500,0.314,0.064,0.623
556000,0.309,0.071,0.620
556500,0.297,0.068,0.636
557000,0.291,0.065,0.644
557500,0.285,0.066,0.649
558000,0.291,0.070,0.639
558500,0.308,0.061,0.630
559000,0.291,0.059,0.650
559500,0.297,0.058,0.646
560000,0.317,0.043,0.640
560500,0.311,0.046,0.643
561000,0.296,0.040,0.664
561500,0.320,0.040,0.640
562000,0.327,0.033,0.640
562500,0.335,0.036,0.629
563000,0.338,0.048,0.615
563500,0.331,0.051,0.619
564000,0.343,0.051,0.606
564500,0.345,0.050,0.605
565000,0.332,0.050,0.618
565500,0.333,0.048,0.619
566000,0.338,0.046,0.616
566500,0.324,0.039,0.637
567000,0.333,0.035,0.632
567500,0.327,0.049,0.624
568000,0.327,0.044,0.629
568500,0.330,0.062,0.608
569000,0.333,0.058,0.609
569500,0.327,0.042,0.631
570000,0.314,0.051,0.636
570500,0.319,0.058,0.624
571000,0.326,0.064,0.610
571500,0.320,0.062,0.618
572000,0.298,0.059,0.643
572500,0.294,0.048,0.658
573000,0.298,0.053,0.648
573500,0.318,0.050,0.632
574000,0.329,0.045,0.626
574500,0.319,0.048,0.633
575000,0.314,0.046,0.640
575500,0.318,0.045,0.637
576000,0.316,0.038,0.646
576500,0.324,0.042,0.634
577000,0.345,0.038,0.617
577500,0.334,0.043,0.623
578000,0.340,0.046,0.614
578500,0.362,0.037,0.601
579000,0.347,0.041,0.612
579500,0.340,0.031,0.629
580000,0.340,0.043,0.618
580500,0.365,0.035,0.601
581000,0.361,0.030,0.608
581500,0.357,0.043,0.600
582000,0.342,0.046,0.612
582500,0.354,0.040,0.606
583000,0.342,0.053,0.604
583500,0.338,0.046,0.616
584000,0.337,0.051,0.612
584500,0.333,0.050,0.617
585000,0.338,0.039,0.623
585500,0.339,0.043,0.619
586000,0.340,0.042,0.618
586500,0.344,0.043,0.613
587000,0.334,0.041,0.625
587500,0.324,0.039,0.637
588000,0.326,0.042,0.633
588500,0.317,0.046,0.637
589000,0.305,0.053,0.642
589500,0.312,0.048,0.640
590000,0.317,0.051,0.632
590500,0.303,0.053,0.644
591000,0.325,0.048,0.628
591500,0.311,0.044,0.644
592000,0.323,0.054,0.623
592500,0.324,0.045,0.631
593000,0.304,0.050,0.646
593500,0.304,0.051,0.644
594000,0.300,0.046,0.654
594500,0.321,0.051,0.628
595000,0.324,0.044,0.632
595500,0.321,0.047,0.632
596000,0.316,0.056,0.629
596500,0.330,0.056,0.614
597000,0.330,0.059,0.610
597500,0.315,0.051,0.634
598000,0.326,0.048,0.627
598500,0.342,0.038,0.620
599000,0.343,0.035,0.623
599500,0.338,0.044,0.617
600000,0.340,0.046,0.613
600500,0.352,0.037,0.610
601000,0.347,0.042,0.611
601500,0.339,0.043,0.619
602000,0.348,0.039,0.613
602500,0.353,0.037,0.610
603000,0.357,0.045,0.598
603500,0.345,0.044,0.611
604000,0.338,0.049,0.613
604500,0.336,0.053,0.611
605000,0.320,0.048,0.632
605500,0.309,0.058,0.633
606000,0.306,0.067,0.627
606500,0.330,0.063,0.607
607000,0.326,0.057,0.618
607500,0.310,0.054,0.635
608000,0.305,0.057,0.638
608500,0.310,0.046,0.643
609000,0.297,0.045,0.658
609500,0.302,0.047,0.651
610000,0.314,0.059,0.627
610500,0.317,0.062,0.621
611000,0.317,0.065,0.619
611500,0.331,0.065,0.605
612000,0.322,0.054,0.624
612500,0.333,0.048,0.620
613000,0.333,0.046,0.621
613500,0.336,0.054,0.610
614000,0.331,0.051,0.619
614500,0.310,0.050,0.640
615000,0.323,0.050,0.628
615500,0.330,0.049,0.621
616000,0.317,0.049,0.634
616500,0.329,0.051,0.620
617000,0.319,0.048,0.634
617500,0.334,0.048,0.619
618000,0.337,0.050,0.614
618500,0.342,0.038,0.620
619000,0.334,0.041,0.625
619500,0.344,0.052,0.603
620000,0.350,0.044,0.605
620500,0.361,0.048,0.592
621000,0.362,0.037,0.600
621500,0.368,0.035,0.597
622000,0.377,0.036,0.587
622500,0.378,0.025,0.597
623000,0.379,0.030,0.591
623500,0.366,0.035,0.600
624000,0.366,0.038,0.595
624500,0.373,0.039,0.588
625000,0.365,0.041,0.595
625500,0.362,0.035,0.603
626000,0.381,0.035,0.584
626500,0.358,0.023,0.619
627000,0.354,0.032,0.613
627500,0.347,0.030,0.622
628000,0.357,0.036,0.607
628500,0.357,0.043,0.600
629000,0.356,0.043,0.601
629500,0.339,0.051,0.610
630000,0.334,0.051,0.614
630500,0.317,0.054,0.629
631000,0.323,0.051,0.627
631500,0.341,0.060,0.599
632000,0.355,0.053,0.591
632500,0.364,0.049,0.587
633000,0.323,0.050,0.628
633500,0.321,0.056,0.623
634000,0.305,0.055,0.640
634500,0.311,0.059,0.629
635000,0.309,0.058,0.634
635500,0.302,0.059,0.639
636000,0.300,0.051,0.648
636500,0.292,0.053,0.654
637000,0.303,0.052,0.644
637500,0.306,0.053,0.640
638000,0.293,0.050,0.657
638500,0.293,0.067,0.640
639000,0.283,0.072,0.645
639500,0.285,0.071,0.644
640000,0.285,0.052,0.662
640500,0.319,0.057,0.625
641000,0.322,0.052,0.626
641500,0.316,0.044,0.640
642000,0.300,0.043,0.657
642500,0.296,0.057,0.647
643000,0.311,0.061,0.627
643500,0.290,0.053,0.656
644000,0.302,0.062,0.635
644500,0.314,0.059,0.627
645000,0.310,0.052,0.637
645500,0.306,0.054,0.639
646000,0.307,0.046,0.647
646500,0.301,0.057,0.641
647000,0.296,0.057,0.647
647500,0.279,0.053,0.667
648000,0.275,0.064,0.661
648500,0.278,0.063,0.659
649000,0.276,0.072,0.651
649500,0.281,0.063,0.655
650000,0.276,0.065,0.659
650500,0.287,0.055,0.657
651000,0.302,0.054,0.643
651500,0.309,0.065,0.627
652000,0.311,0.059,0.630
652500,0.307,0.052,0.640
653000,0.292,0.052,0.655
653500,0.315,0.062,0.623
654000,0.299,0.049,0.651
654500,0.285,0.059,0.656
655000,0.281,0.067,0.653
655500,0.295,0.067,0.637
656000,0.302,0.059,0.639
656500,0.301,0.059,0.639
657000,0.295,0.062,0.643
657500,0.304,0.078,0.618
658000,0.291,0.068,0.641
658500,0.279,0.058,0.664
659000,0.294,0.049,0.657
659500,0.309,0.060,0.631
660000,0.298,0.058,0.644
660500,0.301,0.046,0.652
661000,0.305,0.048,0.647
661500,0.299,0.062,0.639
662000,0.303,0.060,0.637
662500,0.302,0.062,0.635
663000,0.315,0.064,0.622
663500,0.307,0.059,0.634
664000,0.311,0.058,0.631
664500,0.311,0.054,0.635
665000,0.295,0.059,0.645
665500,0.305,0.056,0.639
666000,0.309,0.044,0.647
666500,0.294,0.050,0.656
667000,0.306,0.057,0.637
667500,0.298,0.058,0.644
668000,0.285,0.054,0.661
668500,0.281,0.064,0.655
669000,0.296,0.066,0.638
669500,0.305,0.050,0.645
670000,0.307,0.049,0.645
670500,0.311,0.049,0.640
671000,0.302,0.048,0.650
671500,0.302,0.051,0.647
672000,0.304,0.048,0.648
672500,0.320,0.053,0.627
673000,0.326,0.058,0.616
673500,0.316,0.058,0.627
674000,0.336,0.044,0.620
674500,0.347,0.036,0.616
675000,0.327,0.048,0.626
675500,0.347,0.054,0.599
676000,0.326,0.051,0.623
676500,0.299,0.062,0.638
677000,0.304,0.059,0.637
677500,0.285,0.052,0.662
678000,0.293,0.050,0.657
678500,0.320,0.036,0.644
679000,0.300,0.048,0.652
679500,0.320,0.051,0.629
680000,0.331,0.052,0.617
680500,0.294,0.059,0.647
681000,0.300,0.067,0.633
681500,0.298,0.070,0.632
682000,0.297,0.060,0.643
682500,0.276,0.065,0.660
683000,0.289,0.071,0.640
683500,0.286,0.056,0.658
684000,0.287,0.053,0.659
684500,0.268,0.055,0.677
685000,0.287,0.052,0.661
685500,0.278,0.043,0.679
686000,0.310,0.043,0.646
686500,0.307,0.045,0.647
687000,0.301,0.051,0.648
687500,0.326,0.046,0.628
688000,0.320,0.041,0.639
688500,0.332,0.050,0.619
689000,0.317,0.045,0.638
689500,0.328,0.051,0.622
690000,0.322,0.058,0.620
690500,0.334,0.051,0.615
691000,0.315,0.056,0.630
691500,0.311,0.049,0.640
692000,0.332,0.050,0.618
692500,0.361,0.036,0.603
693000,0.372,0.033,0.595
693500,0.380,0.029,0.592
694000,0.356,0.026,0.617
694500,0.367,0.040,0.594
695000,0.373,0.033,0.594
695500,0.370,0.028,0.602
696000,0.365,0.032,0.603
696500,0.329,0.033,0.639
697000,0.322,0.027,0.651
697500,0.332,0.037,0.631
698000,0.342,0.032,0.626
698500,0.359,0.035,0.606
699000,0.350,0.035,0.615
699500,0.339,0.034,0.628
700000,0.342,0.029,0.629
700500,0.357,0.035,0.608
701000,0.336,0.035,0.629
701500,0.359,0.035,0.606
702000,0.338,0.033,0.630
702500,0.326,0.028,0.647
703000,0.333,0.036,0.631
703500,0.338,0.041,0.621
704000,0.348,0.043,0.608
704500,0.350,0.043,0.608
705000,0.340,0.033,0.627
705500,0.368,0.035,0.598
706000,0.351,0.029,0.620
706500,0.339,0.036,0.625
707000,0.337,0.029,0.634
707500,0.345,0.039,0.616
708000,0.336,0.042,0.622
708500,0.335,0.038,0.627
709000,0.349,0.037,0.614
709500,0.363,0.040,0.597
710000,0.358,0.042,0.600
710500,0.370,0.024,0.606
711000,0.377,0.029,0.594
711500,0.380,0.030,0.590
712000,0.369,0.028,0.603
712500,0.357,0.031,0.612
713000,0.361,0.040,0.599
713500,0.353,0.039,0.608
714000,0.363,0.037,0.599
714500,0.358,0.035,0.607
715000,0.346,0.036,0.617
715500,0.340,0.035,0.624
716000,0.320,0.035,0.645
716500,0.320,0.049,0.632
717000,0.324,0.048,0.628
717500,0.314,0.048,0.638
718000,0.327,0.056,0.618
718500,0.312,0.060,0.628
719000,0.310,0.045,0.644
719500,0.332,0.042,0.627
720000,0.340,0.043,0.617
720500,0.328,0.040,0.632
721000,0.323,0.046,0.631
721500,0.332,0.055,0.613
722000,0.322,0.058,0.620
722500,0.318,0.052,0.630
723000,0.327,0.057,0.616
723500,0.314,0.045,0.641
724000,0.317,0.056,0.628
724500,0.320,0.044,0.636
725000,0.330,0.051,0.619
725500,0.336,0.045,0.618
726000,0.324,0.039,0.637
726500,0.316,0.049,0.635
727000,0.326,0.053,0.620
727500,0.311,0.054,0.634
728000,0.302,0.048,0.649
728500,0.307,0.052,0.641
729000,0.303,0.050,0.648
729500,0.304,0.054,0.641
730000,0.300,0.054,0.645
730500,0.303,0.056,0.641
731000,0.288,0.056,0.655
731500,0.285,0.064,0.651
732000,0.281,0.072,0.647
732500,0.278,0.072,0.650
733000,0.278,0.075,0.646
733500,0.282,0.061,0.656
734000,0.280,0.066,0.654
734500,0.277,0.059,0.663
735000,0.269,0.059,0.672
735500,0.253,0.068,0.680
736000,0.281,0.064,0.656
736500,0.294,0.065,0.641
737000,0.298,0.069,0.633
737500,0.305,0.076,0.619
738000,0.290,0.061,0.649
738500,0.315,0.059,0.627
739000,0.329,0.049,0.622
739500,0.331,0.047,0.622
740000,0.344,0.042,0.615
740500,0.344,0.037,0.618
741000,0.346,0.043,0.610
741500,0.348,0.043,0.608
742000,0.351,0.045,0.604
742500,0.341,0.042,0.617
743000,0.349,0.044,0.607
743500,0.348,0.029,0.623
744000,0.358,0.033,0.608
744500,0.360,0.042,0.599
745000,0.351,0.045,0.604
745500,0.349,0.043,0.607
746000,0.341,0.039,0.620
746500,0.327,0.045,0.628
747000,0.347,0.035,0.618
747500,0.370,0.030,0.599
748000,0.371,0.021,0.608
748500,0.356,0.032,0.612
749000,0.381,0.034,0.585
749500,0.377,0.030,0.593
750000,0.369,0.035,0.596
750500,0.334,0.046,0.620
751000,0.354,0.046,0.599
751500,0.354,0.043,0.603
752000,0.336,0.049,0.616
752500,0.336,0.055,0.609
753000,0.336,0.052,0.612
753500,0.366,0.043,0.591
754000,0.367,0.041,0.592
754500,0.371,0.048,0.581
755000,0.366,0.050,0.583
755500,0.357,0.048,0.595
756000,0.352,0.037,0.611
756500,0.352,0.033,0.616
757000,0.346,0.043,0.610
757500,0.335,0.043,0.622
758000,0.333,0.057,0.611
758500,0.326,0.054,0.619
759000,0.324,0.047,0.629
759500,0.329,0.044,0.627
760000,0.331,0.036,0.633
760500,0.341,0.029,0.631
761000,0.366,0.028,0.606
761500,0.366,0.046,0.587
762000,0.373,0.045,0.581
762500,0.360,0.048,0.592
763000,0.345,0.038,0.617
763500,0.357,0.043,0.600
764000,0.357,0.042,0.602
764500,0.368,0.043,0.588
765000,0.372,0.037,0.590
765500,0.352,0.029,0.619
766000,0.342,0.040,0.618
766500,0.346,0.044,0.609
767000,0.326,0.046,0.628
767500,0.331,0.043,0.626
768000,0.326,0.050,0.624
768500,0.331,0.046,0.623
769000,0.332,0.046,0.622
769500,0.340,0.036,0.623
770000,0.328,0.035,0.638
770500,0.325,0.044,0.631
771000,0.336,0.045,0.618
771500,0.320,0.037,0.642
772000,0.323,0.056,0.622
772500,0.323,0.047,0.630
773000,0.313,0.048,0.639
773500,0.322,0.033,0.645
774000,0.339,0.034,0.627
774500,0.333,0.029,0.638
775000,0.350,0.026,0.623
775500,0.353,0.035,0.612
776000,0.363,0.042,0.596
776500,0.371,0.035,0.595
777000,0.364,0.034,0.603
777500,0.384,0.035,0.582
778000,0.360,0.035,0.605
778500,0.366,0.035,0.600
779000,0.383,0.031,0.586
779500,0.385,0.029,0.586
780000,0.368,0.030,0.601
780500,0.378,0.029,0.594
781000,0.384,0.030,0.586
781500,0.368,0.041,0.590
782000,0.358,0.035,0.608
782500,0.373,0.035,0.592
783000,0.377,0.030,0.593
783500,0.368,0.018,0.614
784000,0.349,0.023,0.628
784500,0.354,0.036,0.609
785000,0.348,0.034,0.619
785500,0.343,0.038,0.619
786000,0.351,0.050,0.599
786500,0.343,0.041,0.616
787000,0.326,0.041,0.633
787500,0.317,0.043,0.641
788000,0.321,0.043,0.637
788500,0.338,0.040,0.622
789000,0.349,0.036,0.615
789500,0.354,0.046,0.599
790000,0.385,0.036,0.579
790500,0.378,0.040,0.583
791000,0.383,0.046,0.571
791500,0.370,0.043,0.587
792000,0.363,0.038,0.599
792500,0.375,0.037,0.588
793000,0.367,0.042,0.591
793500,0.350,0.039,0.611
794000,0.332,0.041,0.628
794500,0.325,0.052,0.623
795000,0.329,0.051,0.620
795500,0.330,0.047,0.623
796000,0.320,0.049,0.631
796500,0.289,0.048,0.663
797000,0.297,0.057,0.645
797500,0.294,0.057,0.649
798000,0.297,0.061,0.641
798500,0.303,0.067,0.630
799000,0.314,0.075,0.612
799500,0.323,0.064,0.613
800000,0.303,0.058,0.640
800500,0.300,0.057,0.643
801000,0.287,0.065,0.647
801500,0.282,0.057,0.661
802000,0.282,0.067,0.651
802500,0.311,0.060,0.628
803000,0.300,0.066,0.634
803500,0.294,0.054,0.652
804000,0.280,0.064,0.656
804500,0.299,0.069,0.633
805000,0.317,0.058,0.625
805500,0.327,0.052,0.621
806000,0.331,0.051,0.618
806500,0.333,0.040,0.628
807000,0.322,0.043,0.635
807500,0.332,0.040,0.628
808000,0.340,0.040,0.620
808500,0.345,0.037,0.618
809000,0.359,0.038,0.603
809500,0.365,0.042,0.593
810000,0.373,0.036,0.591
810500,0.381,0.036,0.583
811000,0.386,0.035,0.579
811500,0.377,0.042,0.582
812000,0.363,0.035,0.602
812500,0.356,0.041,0.603
813000,0.374,0.033,0.594
813500,0.373,0.035,0.591
814000,0.361,0.041,0.598
814500,0.344,0.030,0.626
815000,0.346,0.031,0.622
815500,0.353,0.036,0.611
816000,0.350,0.024,0.626
816500,0.332,0.034,0.634
817000,0.324,0.033,0.644
817500,0.341,0.031,0.628
818000,0.329,0.031,0.640
818500,0.330,0.033,0.637
819000,0.347,0.029,0.623
819500,0.355,0.036,0.608
820000,0.350,0.032,0.619
820500,0.341,0.035,0.625
821000,0.358,0.036,0.606
821500,0.332,0.040,0.628
822000,0.331,0.045,0.624
822500,0.335,0.044,0.621
823000,0.339,0.042,0.619
823500,0.325,0.043,0.632
824000,0.321,0.050,0.629
824500,0.298,0.052,0.650
825000,0.317,0.048,0.635
825500,0.320,0.052,0.628
826000,0.327,0.053,0.620
826500,0.314,0.047,0.639
827000,0.336,0.050,0.614
827500,0.323,0.041,0.637
828000,0.324,0.048,0.628
828500,0.320,0.042,0.639
829000,0.318,0.059,0.623
829500,0.333,0.053,0.614
830000,0.298,0.062,0.639
830500,0.290,0.065,0.645
831000,0.299,0.052,0.649
831500,0.303,0.063,0.633
832000,0.301,0.059,0.640
832500,0.294,0.059,0.647
833000,0.304,0.059,0.636
833500,0.320,0.044,0.636
834000,0.303,0.049,0.648
834500,0.309,0.055,0.635
835000,0.306,0.054,0.640
835500,0.304,0.059,0.636
836000,0.276,0.072,0.652
836500,0.274,0.065,0.661
837000,0.281,0.061,0.657
837500,0.272,0.067,0.661
838000,0.281,0.061,0.657
838500,0.274,0.067,0.659
839000,0.263,0.069,0.669
839500,0.284,0.069,0.647
840000,0.276,0.064,0.660
840500,0.278,0.074,0.648
841000,0.278,0.074,0.648
841500,0.277,0.070,0.654
842000,0.264,0.072,0.664
842500,0.264,0.068,0.669
843000,0.260,0.071,0.669
843500,0.284,0.076,0.640
844000,0.281,0.075,0.644
844500,0.279,0.079,0.643
845000,0.284,0.073,0.642
845500,0.276,0.073,0.651
846000,0.286,0.069,0.645
846500,0.271,0.061,0.667
847000,0.281,0.056,0.664
847500,0.293,0.043,0.663
848000,0.284,0.051,0.664
848500,0.303,0.052,0.645
849000,0.288,0.057,0.655
849500,0.287,0.068,0.645
850000,0.297,0.066,0.637
850500,0.296,0.063,0.641
851000,0.305,0.085,0.610
851500,0.288,0.075,0.636
852000,0.296,0.062,0.641
852500,0.290,0.069,0.641
853000,0.303,0.073,0.624
853500,0.307,0.060,0.633
854000,0.306,0.058,0.635
854500,0.279,0.050,0.672
855000,0.276,0.052,0.671
855500,0.304,0.054,0.641
856000,0.297,0.063,0.639
856500,0.300,0.071,0.629
857000,0.275,0.070,0.655
857500,0.261,0.065,0.674
858000,0.300,0.059,0.640
858500,0.310,0.051,0.638
859000,0.304,0.053,0.642
859500,0.296,0.051,0.652
860000,0.289,0.053,0.657
860500,0.287,0.063,0.650
861000,0.281,0.074,0.646
861500,0.268,0.069,0.663
862000,0.269,0.069,0.662
862500,0.262,0.066,0.672
863000,0.271,0.068,0.662
863500,0.273,0.058,0.669
864000,0.276,0.068,0.656
864500,0.288,0.056,0.656
865000,0.288,0.056,0.655
865500,0.299,0.052,0.649
866000,0.298,0.043,0.659
866500,0.312,0.048,0.640
867000,0.311,0.055,0.634
867500,0.317,0.057,0.627
868000,0.303,0.047,0.649
868500,0.300,0.038,0.662
869000,0.306,0.056,0.638
869500,0.304,0.061,0.634
870000,0.271,0.060,0.668
870500,0.285,0.073,0.641
871000,0.291,0.078,0.631
871500,0.282,0.072,0.645
872000,0.292,0.090,0.618
872500,0.276,0.089,0.634
873000,0.285,0.082,0.633
873500,0.284,0.080,0.636
874000,0.274,0.074,0.652
874500,0.291,0.073,0.636
875000,0.276,0.069,0.655
875500,0.251,0.073,0.676
876000,0.243,0.083,0.673
876500,0.266,0.085,0.650
877000,0.274,0.078,0.648
877500,0.263,0.059,0.678
878000,0.265,0.068,0.668
878500,0.246,0.067,0.687
879000,0.255,0.077,0.669
879500,0.269,0.071,0.660
880000,0.268,0.062,0.670
880500,0.285,0.066,0.650
881000,0.294,0.057,0.649
881500,0.315,0.046,0.639
882000,0.292,0.053,0.654
882500,0.279,0.055,0.666
883000,0.278,0.054,0.668
883500,0.289,0.046,0.665
884000,0.294,0.066,0.640
884500,0.293,0.061,0.645
885000,0.316,0.056,0.628
885500,0.299,0.059,0.642
886000,0.289,0.065,0.647
886500,0.288,0.057,0.655
887000,0.300,0.057,0.643
887500,0.307,0.057,0.637
888000,0.291,0.056,0.653
888500,0.287,0.062,0.651
889000,0.270,0.074,0.656
889500,0.263,0.080,0.657
890000,0.247,0.074,0.679
890500,0.249,0.078,0.672
891000,0.264,0.059,0.678
891500,0.251,0.080,0.670
892000,0.257,0.086,0.657
892500,0.260,0.080,0.660
893000,0.252,0.080,0.668
893500,0.244,0.070,0.686
894000,0.237,0.074,0.689
894500,0.245,0.101,0.654
895000,0.246,0.088,0.666
895500,0.233,0.089,0.677
896000,0.236,0.096,0.668
896500,0.253,0.092,0.654
897000,0.261,0.082,0.658
897500,0.258,0.080,0.663
898000,0.251,0.073,0.677
898500,0.238,0.083,0.679
899000,0.248,0.088,0.664
899500,0.249,0.090,0.661
900000,0.262,0.092,0.646
900500,0.248,0.072,0.680
901000,0.251,0.086,0.662
901500,0.271,0.073,0.656
902000,0.281,0.075,0.645
902500,0.270,0.069,0.661
903000,0.247,0.079,0.674
903500,0.248,0.085,0.667
904000,0.278,0.084,0.639
904500,0.264,0.077,0.659
905000,0.282,0.075,0.642
905500,0.303,0.064,0.633
906000,0.288,0.060,0.651
906500,0.299,0.053,0.648
907000,0.290,0.051,0.658
907500,0.286,0.059,0.654
908000,0.311,0.062,0.627
908500,0.322,0.068,0.611
909000,0.310,0.060,0.630
909500,0.288,0.050,0.662
910000,0.309,0.045,0.646
910500,0.297,0.043,0.660
911000,0.317,0.062,0.621
911500,0.319,0.059,0.622
912000,0.315,0.051,0.635
912500,0.318,0.049,0.634
913000,0.327,0.039,0.634
913500,0.353,0.040,0.607
914000,0.353,0.045,0.602
914500,0.353,0.043,0.604
915000,0.341,0.036,0.623
915500,0.347,0.040,0.613
916000,0.344,0.054,0.601
916500,0.357,0.049,0.594
917000,0.363,0.047,0.590
917500,0.356,0.040,0.604
918000,0.349,0.048,0.603
918500,0.361,0.036,0.603
919000,0.351,0.036,0.613
919500,0.350,0.045,0.604
920000,0.321,0.048,0.632
920500,0.309,0.037,0.653
921000,0.322,0.033,0.645
921500,0.346,0.033,0.621
922000,0.357,0.033,0.611
922500,0.341,0.028,0.631
923000,0.354,0.033,0.613
923500,0.360,0.042,0.598
924000,0.368,0.038,0.594
924500,0.336,0.052,0.612
925000,0.315,0.055,0.630
925500,0.308,0.056,0.636
926000,0.294,0.070,0.635
926500,0.281,0.071,0.647
927000,0.297,0.059,0.643
927500,0.298,0.066,0.636
928000,0.308,0.050,0.642
928500,0.335,0.053,0.612
929000,0.315,0.059,0.626
929500,0.324,0.053,0.622
930000,0.312,0.055,0.632
930500,0.313,0.056,0.631
931000,0.303,0.067,0.630
931500,0.304,0.064,0.632
932000,0.297,0.063,0.639
932500,0.298,0.071,0.631
933000,0.294,0.068,0.638
933500,0.296,0.067,0.637
934000,0.314,0.056,0.631
934500,0.308,0.054,0.637
935000,0.295,0.055,0.649
935500,0.292,0.068,0.640
936000,0.290,0.068,0.641
936500,0.291,0.065,0.645
937000,0.294,0.058,0.648
937500,0.287,0.054,0.658
938000,0.300,0.045,0.654
938500,0.297,0.051,0.651
939000,0.302,0.056,0.642
939500,0.327,0.054,0.619
940000,0.324,0.041,0.635
940500,0.307,0.042,0.652
941000,0.323,0.038,0.639
941500,0.327,0.056,0.618
942000,0.309,0.050,0.640
942500,0.300,0.048,0.652
943000,0.283,0.055,0.662
943500,0.290,0.051,0.659
944000,0.273,0.070,0.657
944500,0.297,0.067,0.636
945000,0.291,0.066,0.643
945500,0.297,0.058,0.645
946000,0.298,0.051,0.651
946500,0.289,0.066,0.645
947000,0.304,0.059,0.637
947500,0.325,0.048,0.628
948000,0.324,0.045,0.631
948500,0.326,0.046,0.628
949000,0.339,0.046,0.615
949500,0.352,0.039,0.608
950000,0.360,0.030,0.609
950500,0.350,0.031,0.618
951000,0.358,0.026,0.615
951500,0.349,0.034,0.618
952000,0.338,0.043,0.619
952500,0.344,0.034,0.622
953000,0.354,0.034,0.611
953500,0.377,0.029,0.594
954000,0.377,0.029,0.594
954500,0.386,0.030,0.584
955000,0.385,0.025,0.590
955500,0.372,0.021,0.608
956000,0.374,0.025,0.601
956500,0.389,0.017,0.594
957000,0.373,0.031,0.596
957500,0.372,0.036,0.592
958000,0.384,0.035,0.581
958500,0.362,0.048,0.590
959000,0.365,0.054,0.581
959500,0.370,0.049,0.581
960000,0.358,0.041,0.601
960500,0.361,0.045,0.593
961000,0.370,0.033,0.596
961500,0.355,0.035,0.610
962000,0.371,0.037,0.592
962500,0.374,0.037,0.589
963000,0.368,0.048,0.584
963500,0.358,0.048,0.595
964000,0.348,0.049,0.603
964500,0.350,0.044,0.605
965000,0.328,0.048,0.624
965500,0.333,0.048,0.619
966000,0.317,0.046,0.637
966500,0.315,0.064,0.622
967000,0.314,0.062,0.623
967500,0.323,0.058,0.620
968000,0.316,0.054,0.630
968500,0.310,0.051,0.639
969000,0.309,0.049,0.641
969500,0.324,0.044,0.631
970000,0.327,0.040,0.633
970500,0.320,0.054,0.626
971000,0.314,0.052,0.634
971500,0.315,0.049,0.636
972000,0.329,0.051,0.620
972500,0.335,0.051,0.614
973000,0.346,0.054,0.599
973500,0.332,0.038,0.630
974000,0.336,0.035,0.629
974500,0.343,0.038,0.619
975000,0.335,0.051,0.615
975500,0.340,0.042,0.618
976000,0.326,0.036,0.638
976500,0.316,0.028,0.657
977000,0.334,0.026,0.639
977500,0.331,0.033,0.636
978000,0.341,0.035,0.625
978500,0.327,0.043,0.631
979000,0.338,0.043,0.619
979500,0.331,0.054,0.615
980000,0.328,0.058,0.614
980500,0.329,0.049,0.622
981000,0.334,0.041,0.625
981500,0.338,0.038,0.624
982000,0.354,0.048,0.599
982500,0.361,0.044,0.595
983000,0.347,0.036,0.617
983500,0.340,0.034,0.626
984000,0.340,0.038,0.621
984500,0.326,0.036,0.638
985000,0.326,0.044,0.630
985500,0.334,0.046,0.620
986000,0.331,0.061,0.609
986500,0.332,0.055,0.613
987000,0.355,0.043,0.602
987500,0.345,0.043,0.612
988000,0.346,0.043,0.611
988500,0.340,0.049,0.611
989000,0.340,0.043,0.617
989500,0.339,0.046,0.615
990000,0.336,0.053,0.611
990500,0.333,0.059,0.609
991000,0.331,0.055,0.614
991500,0.332,0.048,0.620
992000,0.335,0.047,0.618
992500,0.331,0.056,0.614
993000,0.320,0.056,0.624
993500,0.306,0.054,0.640
994000,0.293,0.053,0.654
994500,0.291,0.053,0.656
995000,0.278,0.070,0.652
995500,0.290,0.064,0.645
996000,0.291,0.065,0.644
996500,0.307,0.057,0.636
997000,0.304,0.039,0.657
997500,0.308,0.039,0.653
998000,0.327,0.035,0.638
998500,0.331,0.040,0.629
999000,0.349,0.041,0.611
999500,0.335,0.038,0.627
1000000,0.324,0.041,0.635
