time,n_A+p,n_B,n_AB
500,0.050,0.394,0.556
1000,0.050,0.554,0.396
1500,0.050,0.390,0.560
2000,0.050,0.434,0.516
2500,0.050,0.356,0.594
3000,0.050,0.368,0.582
3500,0.050,0.337,0.613
4000,0.050,0.386,0.564
4500,0.050,0.249,0.701
5000,0.050,0.312,0.638
5500,0.050,0.433,0.517
6000,0.050,0.293,0.657
6500,0.050,0.343,0.607
7000,0.050,0.312,0.638
7500,0.050,0.175,0.775
8000,0.050,0.332,0.618
8500,0.050,0.288,0.662
9000,0.050,0.347,0.603
9500,0.050,0.438,0.512
10000,0.050,0.359,0.591
10500,0.050,0.423,0.527
11000,0.051,0.353,0.596
11500,0.050,0.317,0.633
12000,0.051,0.248,0.701
12500,0.050,0.313,0.637
13000,0.050,0.293,0.657
13500,0.050,0.446,0.504
14000,0.050,0.236,0.714
14500,0.050,0.325,0.625
15000,0.050,0.338,0.612
15500,0.050,0.256,0.694
16000,0.050,0.390,0.560
16500,0.050,0.432,0.518
17000,0.050,0.291,0.659
17500,0.055,0.282,0.663
18000,0.050,0.362,0.588
18500,0.050,0.302,0.648
19000,0.054,0.236,0.710
19500,0.050,0.301,0.649
20000,0.050,0.434,0.516
20500,0.050,0.316,0.634
21000,0.050,0.282,0.668
21500,0.050,0.270,0.680
22000,0.050,0.337,0.613
22500,0.050,0.285,0.665
23000,0.050,0.365,0.585
23500,0.050,0.359,0.591
24000,0.050,0.343,0.607
24500,0.050,0.339,0.611
25000,0.050,0.438,0.512
25500,0.050,0.508,0.442
26000,0.050,0.376,0.574
26500,0.050,0.234,0.716
27000,0.050,0.316,0.634
27500,0.050,0.466,0.484
28000,0.050,0.296,0.654
28500,0.050,0.406,0.544
29000,0.050,0.292,0.658
29500,0.050,0.283,0.667
30000,0.050,0.407,0.543
30500,0.050,0.320,0.630
31000,0.050,0.296,0.654
31500,0.050,0.287,0.663
32000,0.050,0.401,0.549
32500,0.050,0.287,0.663
33000,0.050,0.305,0.645
33500,0.050,0.311,0.639
34000,0.050,0.220,0.730
34500,0.050,0.261,0.689
35000,0.050,0.381,0.569
35500,0.050,0.389,0.561
36000,0.050,0.380,0.570
36500,0.050,0.364,0.586
37000,0.050,0.374,0.576
37500,0.050,0.278,0.672
38000,0.050,0.303,0.647
38500,0.050,0.402,0.548
39000,0.050,0.407,0.543
39500,0.466,0.009,0.525
40000,0.984,0.000,0.016
40500,1.000,0.000,0.000
