time,n_A+p,n_B,n_AB
500,0.081,0.880,0.039
1000,0.080,0.844,0.077
1500,0.081,0.806,0.113
2000,0.082,0.785,0.133
2500,0.082,0.773,0.145
3000,0.083,0.743,0.174
3500,0.083,0.722,0.196
4000,0.082,0.716,0.202
4500,0.084,0.711,0.206
5000,0.086,0.707,0.208
5500,0.086,0.692,0.222
6000,0.090,0.682,0.227
6500,0.092,0.693,0.215
7000,0.090,0.684,0.226
7500,0.091,0.701,0.209
8000,0.095,0.677,0.228
8500,0.096,0.666,0.238
9000,0.096,0.649,0.255
9500,0.100,0.617,0.284
10000,0.102,0.625,0.273
10500,0.105,0.606,0.289
11000,0.103,0.628,0.268
11500,0.102,0.609,0.289
12000,0.098,0.628,0.274
12500,0.107,0.632,0.260
13000,0.108,0.617,0.275
13500,0.103,0.624,0.273
14000,0.102,0.623,0.275
14500,0.105,0.627,0.268
15000,0.106,0.631,0.262
15500,0.109,0.632,0.259
16000,0.108,0.621,0.271
16500,0.117,0.611,0.273
17000,0.117,0.608,0.275
17500,0.113,0.601,0.286
18000,0.115,0.604,0.281
18500,0.111,0.589,0.300
19000,0.107,0.572,0.321
19500,0.109,0.577,0.315
20000,0.107,0.581,0.311
20500,0.108,0.580,0.312
21000,0.109,0.580,0.311
21500,0.114,0.585,0.301
22000,0.118,0.571,0.311
22500,0.120,0.561,0.318
23000,0.119,0.573,0.308
23500,0.120,0.560,0.319
24000,0.119,0.549,0.331
24500,0.123,0.572,0.305
25000,0.128,0.573,0.300
25500,0.123,0.562,0.315
26000,0.118,0.551,0.331
26500,0.126,0.546,0.328
27000,0.121,0.531,0.348
27500,0.120,0.519,0.360
28000,0.141,0.516,0.343
28500,0.149,0.511,0.340
29000,0.148,0.491,0.361
29500,0.149,0.473,0.378
30000,0.149,0.490,0.360
30500,0.144,0.495,0.360
31000,0.152,0.488,0.360
31500,0.155,0.475,0.369
32000,0.152,0.466,0.382
32500,0.158,0.464,0.378
33000,0.160,0.470,0.370
33500,0.162,0.472,0.367
34000,0.167,0.462,0.372
34500,0.163,0.452,0.385
35000,0.156,0.434,0.410
35500,0.166,0.447,0.387
36000,0.180,0.449,0.372
36500,0.184,0.440,0.377
37000,0.181,0.433,0.386
37500,0.186,0.429,0.385
38000,0.197,0.427,0.376
38500,0.197,0.422,0.382
39000,0.196,0.426,0.379
39500,0.193,0.415,0.391
40000,0.185,0.403,0.412
40500,0.193,0.396,0.411
41000,0.206,0.381,0.414
41500,0.211,0.379,0.409
42000,0.204,0.366,0.429
42500,0.210,0.372,0.417
43000,0.201,0.367,0.432
43500,0.227,0.360,0.413
44000,0.229,0.357,0.414
44500,0.227,0.346,0.427
45000,0.242,0.342,0.416
45500,0.262,0.323,0.416
46000,0.263,0.306,0.431
46500,0.270,0.301,0.428
47000,0.268,0.281,0.451
47500,0.282,0.273,0.445
48000,0.307,0.260,0.434
48500,0.345,0.239,0.416
49000,0.362,0.228,0.410
49500,0.361,0.204,0.435
50000,0.385,0.191,0.425
50500,0.405,0.185,0.410
51000,0.411,0.167,0.422
51500,0.419,0.159,0.421
52000,0.443,0.147,0.410
52500,0.479,0.135,0.386
53000,0.492,0.119,0.389
53500,0.507,0.105,0.388
54000,0.520,0.097,0.383
54500,0.548,0.086,0.365
55000,0.574,0.068,0.359
55500,0.610,0.064,0.327
56000,0.630,0.057,0.313
56500,0.647,0.048,0.305
57000,0.675,0.032,0.293
57500,0.710,0.025,0.266
58000,0.733,0.019,0.248
58500,0.776,0.015,0.209
59000,0.805,0.013,0.182
59500,0.821,0.010,0.169
60000,0.845,0.005,0.150
60500,0.862,0.003,0.136
61000,0.876,0.003,0.121
61500,0.896,0.003,0.101
62000,0.914,0.004,0.082
62500,0.914,0.003,0.083
63000,0.924,0.002,0.074
63500,0.927,0.001,0.072
64000,0.935,0.001,0.064
64500,0.939,0.001,0.061
65000,0.948,0.001,0.052
65500,0.953,0.000,0.047
66000,0.956,0.000,0.044
66500,0.959,0.000,0.041
67000,0.957,0.000,0.043
67500,0.956,0.000,0.044
68000,0.963,0.000,0.037
68500,0.969,0.000,0.031
69000,0.971,0.000,0.029
69500,0.974,0.000,0.026
70000,0.978,0.000,0.022
70500,0.984,0.000,0.016
71000,0.980,0.000,0.020
71500,0.983,0.000,0.017
72000,0.985,0.000,0.015
72500,0.986,0.000,0.014
73000,0.988,0.000,0.012
73500,0.993,0.000,0.007
74000,0.997,0.000,0.003
74500,0.997,0.000,0.003
75000,0.998,0.000,0.002
75500,0.999,0.000,0.001
76000,0.999,0.000,0.001
76500,1.000,0.000,0.000
77000,1.000,0.000,0.000
