time,n_A+p,n_B,n_AB
500,0.080,0.537,0.383
1000,0.080,0.260,0.660
1500,0.093,0.138,0.770
2000,0.227,0.027,0.746
2500,0.555,0.001,0.444
3000,0.666,0.001,0.333
3500,0.699,0.000,0.301
4000,0.858,0.000,0.142
4500,0.863,0.000,0.137
5000,0.889,0.000,0.111
5500,0.877,0.000,0.123
6000,0.909,0.000,0.091
6500,0.881,0.000,0.119
7000,0.830,0.000,0.170
7500,0.877,0.000,0.123
8000,0.915,0.000,0.085
8500,0.915,0.000,0.085
9000,0.920,0.000,0.080
9500,0.963,0.000,0.037
10000,0.921,0.000,0.079
10500,0.954,0.000,0.046
11000,0.952,0.000,0.048
11500,0.947,0.000,0.053
12000,0.965,0.000,0.035
12500,0.981,0.000,0.019
13000,0.976,0.000,0.024
13500,0.992,0.000,0.008
14000,0.997,0.000,0.003
14500,1.000,0.000,0.000
15000,1.000,0.000,0.000
