time,n_A+p,n_B,n_AB
500,0.050,0.650,0.300
1000,0.050,0.389,0.561
1500,0.052,0.295,0.653
2000,0.076,0.204,0.720
2500,0.105,0.123,0.772
3000,0.318,0.012,0.670
3500,0.614,0.001,0.385
4000,0.796,0.000,0.204
4500,0.884,0.000,0.116
5000,0.908,0.000,0.092
5500,0.915,0.000,0.085
6000,0.950,0.000,0.050
6500,0.845,0.000,0.155
7000,0.916,0.000,0.084
7500,0.859,0.000,0.141
8000,0.862,0.000,0.138
8500,0.926,0.000,0.074
9000,0.883,0.000,0.117
9500,0.880,0.000,0.120
10000,0.833,0.000,0.167
10500,0.901,0.000,0.099
11000,0.867,0.000,0.133
11500,0.813,0.000,0.187
12000,0.786,0.000,0.214
12500,0.677,0.000,0.323
13000,0.872,0.000,0.128
13500,0.899,0.000,0.101
14000,0.933,0.000,0.067
14500,0.992,0.000,0.008
15000,1.000,0.000,0.000
