time,n_A+p,n_B,n_AB
100,0.335,0.442,0.223
200,0.322,0.397,0.281
300,0.269,0.409,0.322
400,0.244,0.459,0.298
500,0.227,0.426,0.347
600,0.273,0.426,0.302
700,0.273,0.388,0.339
800,0.256,0.417,0.326
900,0.260,0.360,0.380
1000,0.227,0.401,0.372
1100,0.236,0.388,0.376
1200,0.198,0.421,0.380
1300,0.256,0.409,0.335
1400,0.202,0.417,0.380
1500,0.202,0.455,0.343
1600,0.260,0.401,0.339
1700,0.293,0.351,0.355
1800,0.298,0.335,0.368
1900,0.281,0.372,0.347
2000,0.248,0.393,0.360
2100,0.277,0.364,0.360
2200,0.302,0.322,0.376
2300,0.289,0.372,0.339
2400,0.293,0.335,0.372
2500,0.289,0.343,0.368
2600,0.326,0.326,0.347
2700,0.298,0.302,0.401
2800,0.289,0.335,0.376
2900,0.260,0.355,0.384
3000,0.289,0.289,0.421
3100,0.273,0.298,0.430
3200,0.285,0.376,0.339
3300,0.289,0.347,0.364
3400,0.318,0.318,0.364
3500,0.335,0.293,0.372
3600,0.339,0.252,0.409
3700,0.343,0.223,0.434
3800,0.326,0.256,0.417
3900,0.231,0.298,0.471
4000,0.240,0.372,0.388
4100,0.240,0.368,0.393
4200,0.293,0.397,0.310
4300,0.298,0.376,0.326
4400,0.289,0.322,0.388
4500,0.273,0.335,0.393
4600,0.322,0.339,0.339
4700,0.343,0.351,0.306
4800,0.384,0.281,0.335
4900,0.355,0.260,0.384
5000,0.393,0.298,0.310
5100,0.364,0.256,0.380
5200,0.322,0.273,0.405
5300,0.347,0.248,0.405
5400,0.318,0.273,0.409
5500,0.306,0.252,0.442
5600,0.318,0.227,0.455
5700,0.322,0.264,0.413
5800,0.298,0.339,0.364
5900,0.293,0.293,0.413
6000,0.227,0.364,0.409
6100,0.240,0.368,0.393
6200,0.219,0.360,0.421
6300,0.211,0.380,0.409
6400,0.236,0.450,0.314
6500,0.219,0.421,0.360
6600,0.227,0.442,0.331
6700,0.190,0.409,0.401
6800,0.198,0.442,0.360
6900,0.215,0.421,0.364
7000,0.240,0.409,0.351
7100,0.202,0.430,0.368
7200,0.169,0.417,0.413
7300,0.186,0.417,0.397
7400,0.190,0.430,0.380
7500,0.182,0.426,0.393
7600,0.223,0.417,0.360
7700,0.165,0.417,0.417
7800,0.169,0.459,0.372
7900,0.165,0.467,0.368
8000,0.198,0.430,0.372
8100,0.174,0.475,0.351
8200,0.140,0.475,0.384
8300,0.103,0.517,0.380
8400,0.136,0.492,0.372
8500,0.140,0.529,0.331
8600,0.124,0.558,0.318
8700,0.145,0.541,0.314
8800,0.107,0.591,0.302
8900,0.103,0.587,0.310
9000,0.099,0.566,0.335
9100,0.062,0.616,0.322
9200,0.091,0.636,0.273
9300,0.099,0.686,0.215
9400,0.066,0.731,0.202
9500,0.041,0.744,0.215
9600,0.033,0.793,0.174
9700,0.025,0.785,0.190
9800,0.012,0.818,0.169
9900,0.029,0.814,0.157
10000,0.025,0.764,0.211
10100,0.029,0.756,0.215
10200,0.033,0.773,0.194
10300,0.029,0.769,0.202
10400,0.025,0.764,0.211
10500,0.021,0.740,0.240
10600,0.012,0.769,0.219
10700,0.008,0.781,0.211
10800,0.008,0.814,0.178
10900,0.008,0.802,0.190
11000,0.008,0.843,0.149
11100,0.033,0.847,0.120
11200,0.033,0.843,0.124
11300,0.017,0.897,0.087
11400,0.004,0.888,0.107
11500,0.000,0.893,0.107
11600,0.000,0.876,0.124
11700,0.000,0.901,0.099
11800,0.000,0.909,0.091
11900,0.008,0.888,0.103
12000,0.012,0.893,0.095
12100,0.021,0.888,0.091
12200,0.017,0.897,0.087
12300,0.021,0.880,0.099
12400,0.008,0.909,0.083
12500,0.008,0.938,0.054
12600,0.000,0.926,0.074
12700,0.000,0.942,0.058
12800,0.008,0.938,0.054
12900,0.004,0.934,0.062
13000,0.000,0.921,0.079
13100,0.000,0.909,0.091
13200,0.000,0.893,0.107
13300,0.000,0.888,0.112
13400,0.012,0.888,0.099
13500,0.004,0.901,0.095
13600,0.000,0.913,0.087
13700,0.000,0.884,0.116
13800,0.012,0.872,0.116
13900,0.021,0.826,0.153
14000,0.004,0.822,0.174
14100,0.000,0.880,0.120
14200,0.000,0.905,0.095
14300,0.000,0.921,0.079
14400,0.000,0.930,0.070
14500,0.000,0.930,0.070
14600,0.000,0.959,0.041
14700,0.000,0.959,0.041
14800,0.000,0.950,0.050
14900,0.000,0.967,0.033
15000,0.000,0.963,0.037
15100,0.000,0.971,0.029
15200,0.000,0.979,0.021
15300,0.000,0.983,0.017
15400,0.000,0.983,0.017
15500,0.000,0.988,0.012
15600,0.000,0.988,0.012
15700,0.000,0.988,0.012
15800,0.000,0.992,0.008
15900,0.000,0.992,0.008
16000,0.000,0.996,0.004
16100,0.000,0.988,0.012
16200,0.000,0.992,0.008
16300,0.000,0.996,0.004
16400,0.000,1.000,0.000
