time,n_A+p,n_B,n_AB
100,0.030,0.925,0.045
200,0.030,0.911,0.059
300,0.030,0.885,0.086
400,0.030,0.862,0.108
500,0.031,0.840,0.129
600,0.031,0.811,0.158
700,0.031,0.784,0.185
800,0.032,0.751,0.217
900,0.034,0.727,0.239
1000,0.038,0.679,0.282
1100,0.040,0.649,0.311
1200,0.040,0.630,0.331
1300,0.051,0.642,0.307
1400,0.056,0.612,0.331
1500,0.051,0.601,0.348
1600,0.060,0.605,0.335
1700,0.054,0.576,0.370
1800,0.058,0.556,0.385
1900,0.051,0.536,0.413
2000,0.044,0.536,0.420
2100,0.045,0.515,0.441
2200,0.050,0.492,0.458
2300,0.063,0.466,0.471
2400,0.069,0.446,0.485
2500,0.080,0.419,0.501
2600,0.087,0.388,0.525
2700,0.083,0.390,0.527
2800,0.084,0.390,0.526
2900,0.087,0.406,0.506
3000,0.095,0.382,0.523
3100,0.089,0.357,0.554
3200,0.072,0.341,0.587
3300,0.070,0.336,0.594
3400,0.077,0.315,0.607
3500,0.073,0.325,0.601
3600,0.078,0.313,0.609
3700,0.072,0.295,0.633
3800,0.093,0.295,0.612
3900,0.097,0.264,0.639
4000,0.102,0.251,0.647
4100,0.102,0.260,0.638
4200,0.107,0.258,0.635
4300,0.101,0.228,0.672
4400,0.117,0.235,0.648
4500,0.106,0.237,0.657
4600,0.118,0.236,0.647
4700,0.108,0.237,0.655
4800,0.098,0.242,0.660
4900,0.105,0.241,0.654
5000,0.110,0.259,0.631
5100,0.102,0.254,0.644
5200,0.101,0.251,0.647
5300,0.094,0.235,0.671
5400,0.090,0.251,0.659
5500,0.087,0.250,0.663
5600,0.091,0.247,0.662
5700,0.082,0.257,0.661
5800,0.077,0.246,0.677
5900,0.079,0.225,0.697
6000,0.068,0.237,0.695
6100,0.068,0.240,0.692
6200,0.063,0.217,0.719
6300,0.061,0.224,0.715
6400,0.062,0.220,0.718
6500,0.066,0.217,0.718
6600,0.070,0.225,0.705
6700,0.069,0.253,0.679
6800,0.061,0.283,0.655
6900,0.063,0.264,0.673
7000,0.072,0.240,0.688
7100,0.070,0.243,0.686
7200,0.060,0.236,0.704
7300,0.072,0.221,0.707
7400,0.063,0.208,0.728
7500,0.065,0.188,0.747
7600,0.065,0.217,0.718
7700,0.069,0.216,0.715
7800,0.055,0.208,0.737
7900,0.061,0.251,0.688
8000,0.061,0.258,0.680
8100,0.062,0.253,0.685
8200,0.062,0.235,0.704
8300,0.064,0.239,0.697
8400,0.077,0.219,0.704
8500,0.077,0.221,0.702
8600,0.073,0.219,0.708
8700,0.075,0.232,0.693
8800,0.074,0.228,0.698
8900,0.081,0.231,0.687
9000,0.088,0.227,0.685
9100,0.088,0.204,0.708
9200,0.097,0.215,0.689
9300,0.098,0.201,0.701
9400,0.110,0.196,0.694
9500,0.107,0.184,0.710
9600,0.099,0.171,0.731
9700,0.104,0.161,0.735
9800,0.115,0.169,0.716
9900,0.129,0.148,0.723
10000,0.126,0.144,0.731
10100,0.117,0.161,0.722
10200,0.122,0.158,0.721
10300,0.118,0.156,0.726
10400,0.117,0.145,0.738
10500,0.111,0.155,0.734
10600,0.119,0.158,0.724
10700,0.134,0.148,0.718
10800,0.119,0.147,0.733
10900,0.105,0.147,0.749
11000,0.102,0.146,0.753
11100,0.116,0.166,0.718
11200,0.109,0.172,0.719
11300,0.111,0.151,0.738
11400,0.123,0.148,0.729
11500,0.114,0.148,0.738
11600,0.124,0.140,0.736
11700,0.129,0.136,0.735
11800,0.129,0.122,0.749
11900,0.128,0.130,0.742
12000,0.146,0.123,0.731
12100,0.133,0.123,0.743
12200,0.126,0.127,0.747
12300,0.137,0.117,0.746
12400,0.143,0.132,0.725
12500,0.146,0.127,0.726
12600,0.144,0.119,0.737
12700,0.141,0.126,0.733
12800,0.138,0.125,0.737
12900,0.135,0.125,0.740
13000,0.137,0.118,0.745
13100,0.141,0.123,0.736
13200,0.130,0.125,0.746
13300,0.130,0.124,0.746
13400,0.154,0.125,0.721
13500,0.153,0.115,0.732
13600,0.164,0.119,0.717
13700,0.176,0.111,0.714
13800,0.157,0.111,0.732
13900,0.153,0.112,0.735
14000,0.155,0.123,0.722
14100,0.144,0.113,0.743
14200,0.143,0.130,0.727
14300,0.148,0.126,0.725
14400,0.153,0.118,0.729
14500,0.144,0.112,0.744
14600,0.143,0.121,0.736
14700,0.155,0.109,0.736
14800,0.167,0.107,0.726
14900,0.171,0.100,0.730
15000,0.163,0.100,0.737
15100,0.156,0.112,0.732
15200,0.150,0.117,0.733
15300,0.149,0.119,0.732
15400,0.149,0.129,0.722
15500,0.144,0.138,0.718
15600,0.150,0.139,0.712
15700,0.138,0.143,0.719
15800,0.131,0.133,0.736
15900,0.134,0.127,0.738
16000,0.130,0.123,0.747
16100,0.151,0.120,0.729
16200,0.165,0.114,0.721
16300,0.159,0.110,0.731
16400,0.161,0.116,0.724
16500,0.169,0.102,0.728
16600,0.172,0.095,0.732
16700,0.178,0.094,0.728
16800,0.180,0.101,0.719
16900,0.190,0.097,0.714
17000,0.186,0.096,0.718
17100,0.228,0.082,0.690
17200,0.234,0.081,0.685
17300,0.221,0.081,0.697
17400,0.226,0.075,0.700
17500,0.256,0.075,0.669
17600,0.249,0.068,0.684
17700,0.233,0.064,0.703
17800,0.219,0.065,0.716
17900,0.222,0.059,0.719
18000,0.244,0.054,0.702
18100,0.249,0.052,0.700
18200,0.236,0.068,0.696
18300,0.243,0.063,0.694
18400,0.228,0.053,0.719
18500,0.284,0.052,0.664
18600,0.282,0.055,0.663
18700,0.302,0.047,0.651
18800,0.306,0.045,0.649
18900,0.274,0.042,0.684
19000,0.289,0.040,0.671
19100,0.306,0.042,0.652
19200,0.302,0.038,0.659
19300,0.282,0.036,0.682
19400,0.301,0.036,0.664
19500,0.338,0.038,0.623
19600,0.325,0.036,0.639
19700,0.338,0.037,0.625
19800,0.380,0.038,0.583
19900,0.375,0.042,0.583
20000,0.334,0.040,0.626
20100,0.328,0.039,0.633
20200,0.349,0.038,0.612
20300,0.357,0.040,0.603
20400,0.362,0.037,0.601
20500,0.374,0.036,0.591
20600,0.373,0.036,0.591
20700,0.394,0.033,0.573
20800,0.416,0.031,0.553
20900,0.395,0.031,0.574
21000,0.402,0.036,0.562
21100,0.415,0.031,0.554
21200,0.446,0.031,0.523
21300,0.451,0.033,0.517
21400,0.424,0.031,0.545
21500,0.430,0.029,0.541
21600,0.415,0.030,0.555
21700,0.456,0.030,0.513
21800,0.440,0.028,0.532
21900,0.459,0.029,0.512
22000,0.443,0.026,0.531
22100,0.452,0.023,0.524
22200,0.453,0.024,0.523
22300,0.463,0.022,0.516
22400,0.457,0.026,0.517
22500,0.445,0.020,0.536
22600,0.442,0.022,0.536
22700,0.456,0.023,0.521
22800,0.442,0.022,0.536
22900,0.420,0.025,0.555
23000,0.400,0.020,0.580
23100,0.387,0.020,0.593
23200,0.423,0.020,0.558
23300,0.459,0.020,0.520
23400,0.441,0.022,0.537
23500,0.479,0.020,0.501
23600,0.522,0.016,0.462
23700,0.528,0.016,0.456
23800,0.536,0.016,0.448
23900,0.552,0.017,0.431
24000,0.565,0.016,0.419
24100,0.565,0.017,0.418
24200,0.563,0.015,0.422
24300,0.555,0.017,0.428
24400,0.524,0.019,0.457
24500,0.548,0.020,0.432
24600,0.534,0.019,0.447
24700,0.540,0.017,0.442
24800,0.515,0.016,0.469
24900,0.534,0.016,0.451
25000,0.513,0.016,0.471
25100,0.534,0.015,0.451
25200,0.543,0.014,0.443
25300,0.513,0.016,0.471
25400,0.517,0.016,0.467
25500,0.495,0.015,0.490
25600,0.499,0.013,0.488
25700,0.517,0.011,0.471
25800,0.508,0.010,0.481
25900,0.526,0.010,0.463
26000,0.513,0.014,0.473
26100,0.487,0.015,0.498
26200,0.473,0.014,0.513
26300,0.471,0.014,0.515
26400,0.487,0.015,0.498
26500,0.453,0.017,0.529
26600,0.438,0.015,0.547
26700,0.442,0.012,0.546
26800,0.419,0.015,0.567
26900,0.441,0.013,0.545
27000,0.424,0.016,0.559
27100,0.428,0.014,0.558
27200,0.389,0.013,0.598
27300,0.424,0.017,0.559
27400,0.436,0.017,0.547
27500,0.435,0.013,0.552
27600,0.430,0.011,0.559
27700,0.478,0.010,0.511
27800,0.462,0.016,0.522
27900,0.469,0.018,0.513
28000,0.451,0.019,0.530
28100,0.463,0.017,0.519
28200,0.472,0.015,0.513
28300,0.490,0.018,0.492
28400,0.494,0.022,0.484
28500,0.504,0.019,0.477
28600,0.518,0.016,0.466
28700,0.498,0.015,0.487
28800,0.491,0.018,0.491
28900,0.488,0.020,0.492
29000,0.510,0.019,0.471
29100,0.502,0.019,0.478
29200,0.481,0.017,0.502
29300,0.467,0.016,0.517
29400,0.466,0.017,0.516
29500,0.468,0.017,0.515
29600,0.463,0.018,0.519
29700,0.477,0.017,0.506
29800,0.492,0.016,0.491
29900,0.503,0.015,0.483
30000,0.514,0.013,0.473
30100,0.530,0.013,0.456
30200,0.509,0.013,0.478
30300,0.518,0.013,0.469
30400,0.529,0.009,0.462
30500,0.536,0.012,0.453
30600,0.551,0.013,0.435
30700,0.517,0.011,0.472
30800,0.528,0.010,0.462
30900,0.522,0.010,0.469
31000,0.506,0.008,0.487
31100,0.547,0.008,0.445
31200,0.580,0.009,0.411
31300,0.586,0.007,0.407
31400,0.583,0.006,0.411
31500,0.609,0.006,0.385
31600,0.602,0.006,0.392
31700,0.627,0.006,0.367
31800,0.608,0.005,0.387
31900,0.581,0.007,0.412
32000,0.559,0.006,0.434
32100,0.574,0.007,0.419
32200,0.609,0.007,0.384
32300,0.619,0.006,0.374
32400,0.586,0.008,0.406
32500,0.540,0.007,0.453
32600,0.524,0.009,0.467
32700,0.498,0.006,0.495
32800,0.487,0.006,0.506
32900,0.521,0.006,0.473
33000,0.516,0.008,0.477
33100,0.495,0.009,0.496
33200,0.501,0.009,0.490
33300,0.512,0.010,0.478
33400,0.530,0.010,0.460
33500,0.536,0.012,0.452
33600,0.540,0.014,0.446
33700,0.512,0.010,0.477
33800,0.541,0.009,0.450
33900,0.566,0.008,0.426
34000,0.563,0.005,0.432
34100,0.576,0.005,0.419
34200,0.586,0.007,0.407
34300,0.579,0.007,0.414
34400,0.586,0.007,0.407
34500,0.615,0.005,0.380
34600,0.639,0.006,0.355
34700,0.624,0.006,0.370
34800,0.621,0.008,0.371
34900,0.591,0.006,0.402
35000,0.610,0.008,0.382
35100,0.618,0.008,0.374
35200,0.608,0.007,0.385
35300,0.610,0.006,0.384
35400,0.617,0.008,0.375
35500,0.602,0.006,0.392
35600,0.596,0.006,0.398
35700,0.624,0.004,0.372
35800,0.643,0.005,0.352
35900,0.630,0.005,0.365
36000,0.622,0.005,0.374
36100,0.619,0.005,0.376
36200,0.625,0.005,0.371
36300,0.649,0.004,0.347
36400,0.657,0.004,0.339
36500,0.662,0.004,0.334
36600,0.657,0.003,0.340
36700,0.641,0.005,0.354
36800,0.636,0.005,0.360
36900,0.589,0.006,0.405
37000,0.599,0.005,0.396
37100,0.589,0.005,0.406
37200,0.600,0.005,0.396
37300,0.590,0.005,0.406
37400,0.594,0.003,0.403
37500,0.619,0.003,0.378
37600,0.657,0.003,0.340
37700,0.633,0.003,0.364
37800,0.619,0.003,0.378
37900,0.602,0.003,0.395
38000,0.597,0.003,0.400
38100,0.639,0.003,0.359
38200,0.634,0.003,0.362
38300,0.639,0.005,0.356
38400,0.648,0.006,0.345
38500,0.668,0.006,0.327
38600,0.675,0.005,0.321
38700,0.690,0.006,0.304
38800,0.681,0.005,0.314
38900,0.692,0.006,0.302
39000,0.665,0.005,0.330
39100,0.659,0.010,0.331
39200,0.661,0.009,0.330
39300,0.657,0.008,0.336
39400,0.634,0.009,0.357
39500,0.614,0.006,0.380
39600,0.624,0.006,0.370
39700,0.607,0.005,0.388
39800,0.595,0.006,0.399
39900,0.591,0.005,0.404
40000,0.605,0.007,0.388
40100,0.600,0.006,0.394
40200,0.586,0.008,0.406
40300,0.616,0.006,0.378
40400,0.569,0.005,0.426
40500,0.597,0.005,0.398
40600,0.597,0.005,0.398
40700,0.612,0.006,0.382
40800,0.610,0.006,0.384
40900,0.607,0.008,0.386
41000,0.583,0.005,0.412
41100,0.593,0.004,0.403
41200,0.591,0.005,0.403
41300,0.591,0.005,0.403
41400,0.609,0.007,0.384
41500,0.604,0.007,0.389
41600,0.620,0.005,0.374
41700,0.610,0.008,0.382
41800,0.611,0.008,0.381
41900,0.633,0.006,0.361
42000,0.651,0.006,0.343
42100,0.636,0.005,0.359
42200,0.614,0.004,0.382
42300,0.626,0.004,0.370
42400,0.627,0.004,0.369
42500,0.606,0.004,0.390
42600,0.555,0.005,0.439
42700,0.521,0.005,0.474
42800,0.536,0.009,0.456
42900,0.545,0.010,0.445
43000,0.563,0.012,0.425
43100,0.569,0.010,0.420
43200,0.555,0.011,0.434
43300,0.551,0.012,0.437
43400,0.554,0.013,0.433
43500,0.570,0.009,0.421
43600,0.554,0.011,0.435
43700,0.536,0.009,0.455
43800,0.505,0.013,0.482
43900,0.509,0.022,0.469
44000,0.513,0.024,0.463
44100,0.504,0.022,0.474
44200,0.507,0.015,0.478
44300,0.467,0.017,0.516
44400,0.482,0.014,0.504
44500,0.491,0.010,0.499
44600,0.517,0.014,0.469
44700,0.531,0.018,0.451
44800,0.540,0.017,0.444
44900,0.551,0.015,0.434
45000,0.555,0.017,0.428
45100,0.587,0.015,0.398
45200,0.595,0.015,0.390
45300,0.604,0.015,0.381
45400,0.569,0.014,0.417
45500,0.563,0.017,0.420
45600,0.596,0.015,0.389
45700,0.588,0.015,0.396
45800,0.595,0.014,0.391
45900,0.556,0.013,0.431
46000,0.557,0.012,0.431
46100,0.540,0.010,0.450
46200,0.543,0.014,0.443
46300,0.524,0.015,0.461
46400,0.543,0.013,0.444
46500,0.536,0.016,0.448
46600,0.529,0.016,0.455
46700,0.537,0.014,0.449
46800,0.570,0.013,0.417
46900,0.570,0.010,0.420
47000,0.522,0.009,0.470
47100,0.491,0.013,0.495
47200,0.496,0.017,0.487
47300,0.536,0.012,0.453
47400,0.520,0.011,0.469
47500,0.509,0.010,0.481
47600,0.504,0.015,0.481
47700,0.477,0.014,0.509
47800,0.474,0.023,0.502
47900,0.483,0.022,0.495
48000,0.490,0.022,0.488
48100,0.495,0.020,0.484
48200,0.510,0.015,0.475
48300,0.518,0.013,0.469
48400,0.510,0.015,0.474
48500,0.515,0.012,0.474
48600,0.501,0.009,0.490
48700,0.519,0.009,0.472
48800,0.524,0.008,0.467
48900,0.491,0.010,0.499
49000,0.472,0.012,0.516
49100,0.501,0.010,0.490
49200,0.544,0.009,0.447
49300,0.538,0.010,0.452
49400,0.537,0.010,0.453
49500,0.529,0.006,0.464
49600,0.567,0.007,0.426
49700,0.570,0.007,0.423
49800,0.562,0.009,0.428
49900,0.576,0.009,0.415
50000,0.591,0.011,0.398
50100,0.576,0.011,0.413
50200,0.596,0.009,0.395
50300,0.634,0.010,0.355
50400,0.631,0.009,0.360
50500,0.643,0.009,0.348
50600,0.657,0.007,0.336
50700,0.640,0.008,0.353
50800,0.649,0.007,0.344
50900,0.654,0.008,0.338
51000,0.663,0.005,0.332
51100,0.653,0.006,0.341
51200,0.619,0.007,0.374
51300,0.590,0.009,0.402
51400,0.591,0.008,0.401
51500,0.587,0.007,0.406
51600,0.604,0.006,0.391
51700,0.597,0.005,0.398
51800,0.625,0.008,0.367
51900,0.609,0.012,0.380
52000,0.594,0.012,0.393
52100,0.606,0.010,0.384
52200,0.633,0.009,0.358
52300,0.637,0.009,0.354
52400,0.619,0.007,0.374
52500,0.623,0.006,0.371
52600,0.627,0.008,0.366
52700,0.634,0.005,0.361
52800,0.646,0.005,0.349
52900,0.675,0.006,0.320
53000,0.662,0.004,0.334
53100,0.659,0.003,0.337
53200,0.670,0.004,0.326
53300,0.671,0.005,0.325
53400,0.673,0.007,0.320
53500,0.682,0.004,0.314
53600,0.670,0.003,0.327
53700,0.654,0.003,0.342
53800,0.689,0.006,0.305
53900,0.687,0.006,0.307
54000,0.677,0.006,0.317
54100,0.683,0.006,0.311
54200,0.683,0.006,0.311
54300,0.694,0.005,0.301
54400,0.679,0.006,0.315
54500,0.634,0.006,0.360
54600,0.623,0.008,0.370
54700,0.610,0.008,0.382
54800,0.586,0.007,0.407
54900,0.591,0.006,0.403
55000,0.615,0.006,0.379
55100,0.614,0.010,0.377
55200,0.640,0.008,0.353
55300,0.623,0.007,0.370
55400,0.600,0.007,0.393
55500,0.556,0.009,0.435
55600,0.528,0.010,0.462
55700,0.561,0.008,0.431
55800,0.536,0.013,0.451
55900,0.513,0.012,0.475
56000,0.474,0.019,0.507
56100,0.466,0.015,0.520
56200,0.457,0.013,0.530
56300,0.428,0.013,0.558
56400,0.464,0.011,0.524
56500,0.495,0.011,0.494
56600,0.509,0.012,0.479
56700,0.527,0.011,0.462
56800,0.555,0.010,0.435
56900,0.565,0.012,0.423
57000,0.541,0.008,0.451
57100,0.507,0.009,0.484
57200,0.501,0.009,0.490
57300,0.505,0.006,0.489
57400,0.526,0.006,0.469
57500,0.545,0.012,0.444
57600,0.526,0.008,0.466
57700,0.523,0.010,0.467
57800,0.516,0.010,0.473
57900,0.500,0.012,0.488
58000,0.489,0.008,0.503
58100,0.513,0.009,0.478
58200,0.534,0.008,0.458
58300,0.502,0.009,0.490
58400,0.491,0.011,0.498
58500,0.511,0.013,0.476
58600,0.508,0.008,0.485
58700,0.474,0.008,0.517
58800,0.484,0.012,0.505
58900,0.478,0.010,0.512
59000,0.497,0.008,0.495
59100,0.491,0.015,0.495
59200,0.491,0.013,0.496
59300,0.489,0.012,0.499
59400,0.480,0.010,0.510
59500,0.476,0.009,0.515
59600,0.474,0.010,0.516
59700,0.491,0.009,0.500
59800,0.506,0.009,0.485
59900,0.511,0.012,0.477
60000,0.514,0.010,0.476
60100,0.505,0.013,0.482
60200,0.490,0.015,0.495
60300,0.501,0.012,0.487
60400,0.484,0.014,0.502
60500,0.494,0.020,0.487
60600,0.474,0.019,0.507
60700,0.463,0.023,0.513
60800,0.459,0.018,0.523
60900,0.473,0.015,0.512
61000,0.445,0.014,0.541
61100,0.463,0.009,0.529
61200,0.485,0.006,0.508
61300,0.487,0.010,0.503
61400,0.498,0.010,0.492
61500,0.512,0.012,0.477
61600,0.488,0.012,0.499
61700,0.503,0.009,0.488
61800,0.502,0.010,0.488
61900,0.497,0.010,0.493
62000,0.506,0.011,0.483
62100,0.544,0.010,0.446
62200,0.563,0.010,0.427
62300,0.573,0.010,0.417
62400,0.571,0.008,0.421
62500,0.582,0.008,0.410
62600,0.563,0.005,0.432
62700,0.562,0.008,0.430
62800,0.552,0.006,0.442
62900,0.544,0.009,0.447
63000,0.528,0.010,0.462
63100,0.531,0.007,0.462
63200,0.530,0.010,0.460
63300,0.572,0.015,0.413
63400,0.563,0.011,0.426
63500,0.578,0.009,0.413
63600,0.570,0.014,0.416
63700,0.591,0.014,0.395
63800,0.576,0.015,0.409
63900,0.593,0.010,0.397
64000,0.590,0.010,0.399
64100,0.581,0.013,0.406
64200,0.554,0.011,0.435
64300,0.593,0.009,0.398
64400,0.601,0.008,0.392
64500,0.626,0.008,0.367
64600,0.611,0.008,0.382
64700,0.596,0.008,0.396
64800,0.598,0.009,0.393
64900,0.579,0.010,0.412
65000,0.585,0.008,0.407
65100,0.580,0.009,0.411
65200,0.575,0.008,0.417
65300,0.571,0.008,0.421
65400,0.559,0.009,0.432
65500,0.551,0.009,0.439
65600,0.548,0.009,0.442
65700,0.583,0.010,0.407
65800,0.586,0.010,0.404
65900,0.600,0.008,0.392
66000,0.597,0.010,0.393
66100,0.606,0.008,0.386
66200,0.588,0.006,0.406
66300,0.595,0.006,0.399
66400,0.629,0.007,0.364
66500,0.630,0.006,0.363
66600,0.637,0.006,0.357
66700,0.618,0.008,0.375
66800,0.637,0.006,0.357
66900,0.630,0.005,0.366
67000,0.609,0.003,0.388
67100,0.609,0.004,0.387
67200,0.615,0.003,0.382
67300,0.614,0.003,0.383
67400,0.612,0.002,0.386
67500,0.569,0.007,0.424
67600,0.591,0.005,0.404
67700,0.581,0.007,0.412
67800,0.552,0.009,0.439
67900,0.550,0.007,0.443
68000,0.578,0.006,0.416
68100,0.603,0.005,0.392
68200,0.613,0.005,0.382
68300,0.611,0.005,0.384
68400,0.595,0.005,0.399
68500,0.591,0.005,0.404
68600,0.608,0.005,0.387
68700,0.586,0.005,0.410
68800,0.563,0.002,0.435
68900,0.572,0.003,0.424
69000,0.552,0.003,0.444
69100,0.590,0.005,0.405
69200,0.605,0.003,0.392
69300,0.598,0.004,0.398
69400,0.581,0.004,0.414
69500,0.612,0.003,0.384
69600,0.627,0.003,0.370
69700,0.623,0.002,0.375
69800,0.632,0.002,0.366
69900,0.627,0.002,0.371
70000,0.620,0.003,0.377
70100,0.665,0.003,0.332
70200,0.658,0.003,0.339
70300,0.655,0.005,0.340
70400,0.649,0.005,0.346
70500,0.646,0.005,0.349
70600,0.645,0.005,0.350
70700,0.634,0.006,0.360
70800,0.604,0.003,0.393
70900,0.633,0.005,0.363
71000,0.644,0.003,0.353
71100,0.666,0.002,0.331
71200,0.657,0.003,0.339
71300,0.678,0.003,0.318
71400,0.686,0.003,0.311
71500,0.697,0.004,0.299
71600,0.685,0.004,0.311
71700,0.706,0.004,0.290
71800,0.690,0.005,0.305
71900,0.666,0.005,0.328
72000,0.655,0.005,0.341
72100,0.631,0.003,0.366
72200,0.641,0.004,0.355
72300,0.680,0.003,0.317
72400,0.700,0.002,0.298
72500,0.701,0.002,0.297
72600,0.685,0.002,0.313
72700,0.697,0.004,0.299
72800,0.697,0.003,0.300
72900,0.697,0.004,0.299
73000,0.697,0.005,0.298
73100,0.674,0.007,0.319
73200,0.670,0.003,0.327
73300,0.667,0.004,0.329
73400,0.658,0.006,0.336
73500,0.673,0.005,0.321
73600,0.710,0.005,0.285
73700,0.690,0.004,0.306
73800,0.712,0.004,0.283
73900,0.677,0.003,0.320
74000,0.706,0.003,0.290
74100,0.693,0.003,0.304
74200,0.696,0.003,0.300
74300,0.728,0.002,0.270
74400,0.718,0.002,0.281
74500,0.728,0.002,0.271
74600,0.703,0.005,0.292
74700,0.695,0.005,0.300
74800,0.685,0.004,0.311
74900,0.685,0.004,0.311
75000,0.671,0.004,0.325
75100,0.697,0.004,0.299
75200,0.705,0.004,0.291
75300,0.700,0.003,0.296
75400,0.698,0.003,0.299
75500,0.728,0.002,0.270
75600,0.733,0.002,0.265
75700,0.731,0.002,0.267
75800,0.722,0.002,0.276
75900,0.663,0.002,0.335
76000,0.658,0.003,0.339
76100,0.641,0.003,0.355
76200,0.657,0.003,0.340
76300,0.625,0.005,0.371
76400,0.640,0.006,0.354
76500,0.662,0.008,0.331
76600,0.638,0.005,0.357
76700,0.627,0.005,0.367
76800,0.623,0.009,0.368
76900,0.658,0.006,0.335
77000,0.643,0.004,0.353
77100,0.661,0.005,0.335
77200,0.674,0.004,0.322
77300,0.694,0.003,0.302
77400,0.687,0.006,0.307
77500,0.694,0.005,0.301
77600,0.681,0.003,0.315
77700,0.678,0.003,0.318
77800,0.646,0.005,0.349
77900,0.662,0.004,0.334
78000,0.698,0.004,0.297
78100,0.692,0.005,0.303
78200,0.705,0.006,0.289
78300,0.692,0.006,0.302
78400,0.682,0.006,0.313
78500,0.651,0.003,0.346
78600,0.649,0.002,0.349
78700,0.672,0.002,0.325
78800,0.672,0.002,0.326
78900,0.663,0.002,0.335
79000,0.692,0.002,0.306
79100,0.681,0.003,0.315
79200,0.663,0.003,0.334
79300,0.664,0.002,0.334
79400,0.642,0.004,0.354
79500,0.661,0.006,0.333
79600,0.630,0.005,0.366
79700,0.658,0.003,0.339
79800,0.647,0.006,0.347
79900,0.658,0.006,0.335
80000,0.654,0.006,0.340
80100,0.639,0.006,0.355
80200,0.646,0.006,0.347
80300,0.662,0.005,0.333
80400,0.665,0.004,0.331
80500,0.672,0.002,0.326
80600,0.646,0.008,0.346
80700,0.678,0.005,0.318
80800,0.679,0.003,0.317
80900,0.699,0.003,0.298
81000,0.688,0.003,0.309
81100,0.700,0.003,0.297
81200,0.701,0.003,0.296
81300,0.704,0.003,0.292
81400,0.677,0.004,0.319
81500,0.663,0.004,0.333
81600,0.651,0.005,0.345
81700,0.655,0.005,0.339
81800,0.655,0.006,0.339
81900,0.622,0.008,0.371
82000,0.650,0.004,0.346
82100,0.634,0.005,0.361
82200,0.632,0.008,0.360
82300,0.606,0.006,0.388
82400,0.601,0.006,0.392
82500,0.584,0.008,0.408
82600,0.603,0.006,0.391
82700,0.614,0.005,0.381
82800,0.643,0.005,0.352
82900,0.644,0.005,0.352
83000,0.646,0.003,0.352
83100,0.645,0.004,0.351
83200,0.648,0.005,0.347
83300,0.669,0.003,0.328
83400,0.663,0.005,0.332
83500,0.658,0.005,0.336
83600,0.673,0.006,0.321
83700,0.646,0.004,0.350
83800,0.646,0.006,0.349
83900,0.605,0.004,0.391
84000,0.611,0.004,0.385
84100,0.630,0.005,0.366
84200,0.619,0.003,0.377
84300,0.601,0.005,0.395
84400,0.600,0.004,0.396
84500,0.601,0.004,0.395
84600,0.590,0.005,0.405
84700,0.581,0.004,0.414
84800,0.555,0.004,0.441
84900,0.571,0.009,0.420
85000,0.548,0.007,0.445
85100,0.538,0.007,0.455
85200,0.524,0.007,0.469
85300,0.499,0.007,0.494
85400,0.501,0.006,0.492
85500,0.516,0.006,0.478
85600,0.497,0.005,0.499
85700,0.519,0.006,0.474
85800,0.540,0.006,0.454
85900,0.563,0.009,0.428
86000,0.583,0.008,0.409
86100,0.576,0.007,0.417
86200,0.584,0.008,0.409
86300,0.595,0.006,0.398
86400,0.628,0.007,0.365
86500,0.646,0.009,0.345
86600,0.639,0.010,0.351
86700,0.647,0.009,0.344
86800,0.626,0.006,0.367
86900,0.653,0.006,0.341
87000,0.654,0.006,0.341
87100,0.673,0.006,0.321
87200,0.679,0.005,0.315
87300,0.673,0.006,0.320
87400,0.652,0.006,0.342
87500,0.657,0.008,0.335
87600,0.651,0.008,0.341
87700,0.630,0.007,0.363
87800,0.655,0.005,0.340
87900,0.668,0.005,0.327
88000,0.638,0.006,0.356
88100,0.661,0.006,0.334
88200,0.646,0.005,0.349
88300,0.655,0.007,0.338
88400,0.650,0.005,0.346
88500,0.659,0.005,0.336
88600,0.678,0.004,0.318
88700,0.694,0.004,0.302
88800,0.701,0.004,0.295
88900,0.680,0.003,0.316
89000,0.675,0.003,0.322
89100,0.677,0.003,0.320
89200,0.677,0.003,0.320
89300,0.687,0.003,0.309
89400,0.665,0.004,0.331
89500,0.696,0.002,0.302
89600,0.725,0.002,0.273
89700,0.727,0.002,0.271
89800,0.754,0.002,0.244
89900,0.736,0.002,0.263
90000,0.687,0.002,0.311
90100,0.677,0.002,0.321
90200,0.676,0.003,0.321
90300,0.683,0.002,0.315
90400,0.669,0.002,0.329
90500,0.671,0.003,0.326
90600,0.695,0.002,0.303
90700,0.687,0.002,0.311
90800,0.696,0.004,0.300
90900,0.696,0.002,0.302
91000,0.717,0.002,0.281
91100,0.727,0.004,0.269
91200,0.748,0.004,0.248
91300,0.764,0.004,0.232
91400,0.772,0.004,0.224
91500,0.764,0.003,0.232
91600,0.779,0.005,0.216
91700,0.781,0.004,0.215
91800,0.764,0.003,0.233
91900,0.772,0.005,0.224
92000,0.793,0.005,0.203
92100,0.810,0.003,0.186
92200,0.768,0.003,0.228
92300,0.783,0.005,0.212
92400,0.786,0.005,0.209
92500,0.783,0.005,0.212
92600,0.778,0.005,0.218
92700,0.783,0.005,0.212
92800,0.774,0.005,0.221
92900,0.777,0.004,0.219
93000,0.783,0.004,0.213
93100,0.791,0.003,0.205
93200,0.792,0.003,0.204
93300,0.788,0.003,0.209
93400,0.783,0.003,0.213
93500,0.788,0.003,0.209
93600,0.784,0.003,0.212
93700,0.769,0.003,0.227
93800,0.753,0.003,0.243
93900,0.774,0.003,0.222
94000,0.775,0.005,0.220
94100,0.795,0.003,0.202
94200,0.805,0.003,0.192
94300,0.793,0.003,0.204
94400,0.811,0.003,0.185
94500,0.803,0.003,0.194
94600,0.785,0.003,0.212
94700,0.806,0.003,0.192
94800,0.798,0.002,0.200
94900,0.768,0.003,0.228
95000,0.773,0.003,0.224
95100,0.757,0.003,0.240
95200,0.733,0.003,0.264
95300,0.749,0.005,0.246
95400,0.727,0.004,0.269
95500,0.679,0.005,0.316
95600,0.682,0.003,0.315
95700,0.671,0.003,0.327
95800,0.682,0.002,0.315
95900,0.665,0.005,0.331
96000,0.650,0.003,0.347
96100,0.632,0.003,0.365
96200,0.654,0.005,0.341
96300,0.683,0.003,0.314
96400,0.699,0.005,0.296
96500,0.696,0.006,0.297
96600,0.703,0.005,0.292
96700,0.712,0.005,0.283
96800,0.687,0.004,0.309
96900,0.689,0.005,0.306
97000,0.668,0.006,0.326
97100,0.669,0.006,0.325
97200,0.689,0.005,0.306
97300,0.669,0.005,0.325
97400,0.673,0.003,0.324
97500,0.639,0.005,0.356
97600,0.657,0.003,0.340
97700,0.678,0.004,0.318
97800,0.665,0.003,0.332
97900,0.668,0.002,0.330
98000,0.615,0.003,0.382
98100,0.600,0.003,0.398
98200,0.607,0.004,0.389
98300,0.577,0.003,0.419
98400,0.584,0.003,0.413
98500,0.599,0.008,0.393
98600,0.630,0.006,0.364
98700,0.637,0.005,0.358
98800,0.629,0.004,0.367
98900,0.619,0.009,0.373
99000,0.643,0.006,0.352
99100,0.618,0.005,0.377
99200,0.634,0.003,0.362
99300,0.598,0.002,0.399
99400,0.598,0.002,0.399
99500,0.619,0.003,0.378
99600,0.613,0.003,0.384
99700,0.614,0.003,0.383
99800,0.608,0.003,0.389
99900,0.612,0.002,0.385
100000,0.609,0.002,0.389
