time,n_A+p,n_B,n_AB
500,0.050,0.481,0.469
1000,0.050,0.294,0.656
1500,0.050,0.251,0.699
2000,0.053,0.234,0.713
2500,0.073,0.197,0.730
3000,0.067,0.224,0.709
3500,0.052,0.288,0.660
4000,0.050,0.274,0.676
4500,0.063,0.200,0.737
5000,0.050,0.246,0.704
5500,0.058,0.217,0.725
6000,0.051,0.237,0.712
6500,0.050,0.315,0.635
7000,0.054,0.196,0.750
7500,0.050,0.298,0.652
8000,0.050,0.250,0.700
8500,0.057,0.174,0.769
9000,0.576,0.005,0.419
9500,0.896,0.000,0.104
10000,0.973,0.000,0.027
10500,1.000,0.000,0.000
