time,n_A+p,n_B,n_AB
500,0.030,0.963,0.007
1000,0.030,0.957,0.013
1500,0.030,0.951,0.019
2000,0.031,0.944,0.025
2500,0.031,0.939,0.030
3000,0.032,0.935,0.033
3500,0.031,0.925,0.044
4000,0.030,0.920,0.049
4500,0.031,0.919,0.050
5000,0.031,0.915,0.054
5500,0.032,0.908,0.060
6000,0.032,0.898,0.070
6500,0.032,0.888,0.081
7000,0.033,0.890,0.078
7500,0.033,0.884,0.084
8000,0.032,0.883,0.086
8500,0.031,0.878,0.091
9000,0.033,0.878,0.090
9500,0.035,0.874,0.092
10000,0.037,0.865,0.098
10500,0.036,0.863,0.101
11000,0.036,0.859,0.105
11500,0.038,0.854,0.108
12000,0.037,0.847,0.116
12500,0.038,0.837,0.125
13000,0.040,0.835,0.125
13500,0.040,0.833,0.127
14000,0.043,0.834,0.123
14500,0.040,0.829,0.132
15000,0.043,0.823,0.134
15500,0.043,0.817,0.140
16000,0.040,0.815,0.145
16500,0.043,0.812,0.144
17000,0.043,0.807,0.150
17500,0.044,0.798,0.158
18000,0.046,0.803,0.150
18500,0.045,0.795,0.159
19000,0.044,0.795,0.160
19500,0.043,0.796,0.160
20000,0.044,0.800,0.155
20500,0.045,0.796,0.158
21000,0.045,0.793,0.161
21500,0.044,0.785,0.170
22000,0.041,0.787,0.172
22500,0.042,0.785,0.172
23000,0.044,0.781,0.174
23500,0.041,0.777,0.182
24000,0.044,0.773,0.183
24500,0.045,0.772,0.182
25000,0.046,0.763,0.191
25500,0.048,0.765,0.188
26000,0.046,0.765,0.189
26500,0.049,0.764,0.187
27000,0.058,0.766,0.176
27500,0.056,0.755,0.189
28000,0.056,0.762,0.182
28500,0.058,0.761,0.181
29000,0.057,0.752,0.192
29500,0.054,0.756,0.190
30000,0.058,0.753,0.190
30500,0.059,0.735,0.206
31000,0.059,0.725,0.216
31500,0.057,0.722,0.222
32000,0.059,0.726,0.215
32500,0.061,0.724,0.216
33000,0.065,0.724,0.212
33500,0.065,0.712,0.223
34000,0.067,0.708,0.226
34500,0.067,0.708,0.225
35000,0.067,0.715,0.218
35500,0.064,0.709,0.227
36000,0.066,0.707,0.228
36500,0.067,0.714,0.220
37000,0.066,0.706,0.229
37500,0.063,0.702,0.235
38000,0.060,0.697,0.243
38500,0.059,0.698,0.244
39000,0.058,0.709,0.233
39500,0.056,0.715,0.229
40000,0.057,0.721,0.223
40500,0.058,0.725,0.217
41000,0.059,0.727,0.215
41500,0.061,0.727,0.213
42000,0.062,0.732,0.206
42500,0.060,0.716,0.224
43000,0.062,0.714,0.224
43500,0.061,0.722,0.217
44000,0.058,0.719,0.224
44500,0.059,0.714,0.228
45000,0.061,0.715,0.224
45500,0.060,0.715,0.225
46000,0.066,0.706,0.229
46500,0.067,0.711,0.222
47000,0.069,0.710,0.222
47500,0.067,0.707,0.226
48000,0.071,0.715,0.214
48500,0.066,0.719,0.215
49000,0.067,0.717,0.217
49500,0.062,0.711,0.227
50000,0.071,0.701,0.228
50500,0.070,0.706,0.225
51000,0.070,0.701,0.229
51500,0.074,0.700,0.226
52000,0.067,0.692,0.242
52500,0.065,0.700,0.235
53000,0.067,0.696,0.237
53500,0.069,0.703,0.229
54000,0.067,0.695,0.239
54500,0.067,0.691,0.243
55000,0.064,0.685,0.251
55500,0.065,0.696,0.240
56000,0.071,0.688,0.241
56500,0.070,0.679,0.251
57000,0.075,0.673,0.252
57500,0.077,0.668,0.255
58000,0.080,0.660,0.260
58500,0.079,0.658,0.263
59000,0.075,0.648,0.276
59500,0.074,0.657,0.268
60000,0.081,0.650,0.269
60500,0.082,0.648,0.270
61000,0.089,0.642,0.269
61500,0.088,0.643,0.268
62000,0.089,0.636,0.274
62500,0.087,0.638,0.274
63000,0.085,0.628,0.287
63500,0.088,0.620,0.291
64000,0.088,0.624,0.288
64500,0.098,0.622,0.280
65000,0.095,0.630,0.275
65500,0.086,0.614,0.299
66000,0.097,0.611,0.292
66500,0.097,0.616,0.287
67000,0.091,0.614,0.295
67500,0.092,0.613,0.295
68000,0.101,0.608,0.291
68500,0.098,0.616,0.286
69000,0.092,0.617,0.290
69500,0.090,0.621,0.288
70000,0.086,0.608,0.305
70500,0.081,0.612,0.307
71000,0.086,0.612,0.302
71500,0.093,0.611,0.295
72000,0.094,0.618,0.288
72500,0.097,0.626,0.277
73000,0.100,0.619,0.281
73500,0.107,0.609,0.283
74000,0.112,0.613,0.275
74500,0.106,0.609,0.285
75000,0.113,0.604,0.284
75500,0.116,0.608,0.276
76000,0.122,0.607,0.270
76500,0.118,0.601,0.281
77000,0.114,0.579,0.307
77500,0.118,0.578,0.304
78000,0.120,0.577,0.303
78500,0.118,0.565,0.317
79000,0.115,0.562,0.323
79500,0.117,0.563,0.320
80000,0.118,0.566,0.316
80500,0.117,0.568,0.316
81000,0.117,0.566,0.318
81500,0.122,0.563,0.315
82000,0.117,0.567,0.316
82500,0.116,0.561,0.323
83000,0.118,0.554,0.327
83500,0.112,0.551,0.337
84000,0.114,0.556,0.330
84500,0.113,0.551,0.336
85000,0.117,0.568,0.316
85500,0.117,0.572,0.312
86000,0.114,0.561,0.325
86500,0.116,0.566,0.319
87000,0.110,0.571,0.320
87500,0.106,0.573,0.322
88000,0.108,0.569,0.323
88500,0.108,0.566,0.327
89000,0.115,0.575,0.311
89500,0.116,0.578,0.306
90000,0.122,0.578,0.300
90500,0.124,0.579,0.296
91000,0.118,0.573,0.309
91500,0.117,0.567,0.316
92000,0.114,0.576,0.310
92500,0.113,0.573,0.315
93000,0.112,0.567,0.322
93500,0.116,0.563,0.322
94000,0.111,0.568,0.322
94500,0.117,0.567,0.316
95000,0.117,0.575,0.308
95500,0.111,0.578,0.311
96000,0.112,0.582,0.307
96500,0.117,0.584,0.300
97000,0.113,0.580,0.307
97500,0.118,0.583,0.298
98000,0.121,0.575,0.304
98500,0.120,0.576,0.304
99000,0.118,0.582,0.300
99500,0.119,0.582,0.299
100000,0.117,0.594,0.290
100500,0.113,0.597,0.290
101000,0.107,0.581,0.311
101500,0.104,0.578,0.318
102000,0.106,0.572,0.322
102500,0.112,0.566,0.323
103000,0.119,0.560,0.321
103500,0.119,0.566,0.315
104000,0.123,0.570,0.307
104500,0.129,0.564,0.307
105000,0.126,0.564,0.311
105500,0.128,0.555,0.318
106000,0.122,0.560,0.317
106500,0.123,0.562,0.315
107000,0.126,0.555,0.319
107500,0.134,0.551,0.315
108000,0.129,0.547,0.324
108500,0.128,0.541,0.331
109000,0.128,0.545,0.327
109500,0.132,0.538,0.330
110000,0.135,0.524,0.341
110500,0.135,0.524,0.341
111000,0.133,0.524,0.343
111500,0.133,0.527,0.340
112000,0.123,0.535,0.342
112500,0.123,0.546,0.331
113000,0.138,0.548,0.314
113500,0.133,0.546,0.321
114000,0.141,0.543,0.316
114500,0.141,0.535,0.324
115000,0.141,0.534,0.325
115500,0.138,0.528,0.334
116000,0.145,0.528,0.326
116500,0.145,0.539,0.316
117000,0.142,0.537,0.321
117500,0.147,0.528,0.325
118000,0.151,0.529,0.320
118500,0.148,0.529,0.323
119000,0.141,0.527,0.332
119500,0.145,0.518,0.337
120000,0.133,0.532,0.335
120500,0.132,0.521,0.348
121000,0.134,0.515,0.351
121500,0.141,0.515,0.344
122000,0.139,0.513,0.348
122500,0.147,0.514,0.339
123000,0.148,0.516,0.336
123500,0.151,0.516,0.333
124000,0.150,0.517,0.333
124500,0.144,0.513,0.342
125000,0.148,0.517,0.335
125500,0.144,0.522,0.333
126000,0.140,0.519,0.341
126500,0.143,0.523,0.334
127000,0.139,0.522,0.339
127500,0.135,0.526,0.339
128000,0.134,0.523,0.343
128500,0.136,0.523,0.341
129000,0.136,0.527,0.337
129500,0.129,0.534,0.337
130000,0.133,0.532,0.335
130500,0.132,0.539,0.329
131000,0.127,0.539,0.334
131500,0.122,0.535,0.342
132000,0.128,0.532,0.340
132500,0.127,0.537,0.336
133000,0.133,0.532,0.335
133500,0.137,0.527,0.336
134000,0.135,0.526,0.339
134500,0.141,0.530,0.329
135000,0.128,0.530,0.342
135500,0.134,0.529,0.337
136000,0.129,0.521,0.350
136500,0.128,0.526,0.346
137000,0.127,0.523,0.350
137500,0.120,0.521,0.358
138000,0.123,0.522,0.355
138500,0.121,0.516,0.363
139000,0.122,0.518,0.360
139500,0.127,0.521,0.352
140000,0.119,0.516,0.364
140500,0.122,0.520,0.357
141000,0.120,0.522,0.358
141500,0.128,0.526,0.346
142000,0.136,0.530,0.334
142500,0.140,0.529,0.332
143000,0.137,0.537,0.326
143500,0.134,0.536,0.330
144000,0.138,0.541,0.321
144500,0.132,0.536,0.332
145000,0.126,0.535,0.339
145500,0.127,0.536,0.337
146000,0.135,0.525,0.340
146500,0.129,0.519,0.352
147000,0.139,0.524,0.337
147500,0.136,0.516,0.348
148000,0.136,0.516,0.349
148500,0.137,0.505,0.358
149000,0.141,0.500,0.359
149500,0.133,0.496,0.371
150000,0.134,0.495,0.371
150500,0.146,0.506,0.347
151000,0.148,0.509,0.342
151500,0.152,0.503,0.345
152000,0.154,0.496,0.350
152500,0.155,0.489,0.355
153000,0.160,0.491,0.349
153500,0.160,0.485,0.355
154000,0.161,0.479,0.361
154500,0.153,0.477,0.370
155000,0.152,0.479,0.368
155500,0.158,0.472,0.370
156000,0.158,0.464,0.378
156500,0.158,0.462,0.380
157000,0.160,0.456,0.385
157500,0.168,0.451,0.381
158000,0.164,0.459,0.377
158500,0.172,0.450,0.378
159000,0.183,0.443,0.374
159500,0.172,0.455,0.373
160000,0.170,0.460,0.370
160500,0.178,0.461,0.361
161000,0.175,0.467,0.358
161500,0.174,0.464,0.363
162000,0.169,0.470,0.362
162500,0.168,0.458,0.374
163000,0.166,0.455,0.380
163500,0.165,0.458,0.377
164000,0.167,0.451,0.383
164500,0.170,0.444,0.387
165000,0.170,0.443,0.388
165500,0.188,0.439,0.373
166000,0.181,0.444,0.375
166500,0.188,0.433,0.380
167000,0.181,0.428,0.391
167500,0.185,0.421,0.394
168000,0.181,0.410,0.409
168500,0.199,0.401,0.401
169000,0.201,0.400,0.400
169500,0.208,0.394,0.397
170000,0.227,0.394,0.380
170500,0.224,0.395,0.382
171000,0.229,0.390,0.381
171500,0.226,0.397,0.378
172000,0.229,0.395,0.376
172500,0.236,0.395,0.369
173000,0.241,0.398,0.360
173500,0.230,0.399,0.371
174000,0.224,0.382,0.394
174500,0.228,0.372,0.400
175000,0.223,0.373,0.404
175500,0.226,0.380,0.395
176000,0.217,0.387,0.395
176500,0.213,0.394,0.393
177000,0.215,0.393,0.393
177500,0.216,0.397,0.387
178000,0.213,0.395,0.392
178500,0.208,0.392,0.400
179000,0.223,0.391,0.386
179500,0.219,0.388,0.393
180000,0.215,0.382,0.403
180500,0.216,0.376,0.407
181000,0.218,0.378,0.403
181500,0.222,0.383,0.396
182000,0.234,0.377,0.390
182500,0.228,0.371,0.401
183000,0.235,0.372,0.392
183500,0.234,0.367,0.399
184000,0.234,0.367,0.399
184500,0.232,0.365,0.403
185000,0.233,0.369,0.398
185500,0.238,0.365,0.397
186000,0.237,0.372,0.390
186500,0.239,0.369,0.392
187000,0.239,0.374,0.387
187500,0.250,0.365,0.385
188000,0.253,0.373,0.374
188500,0.246,0.362,0.392
189000,0.248,0.372,0.379
189500,0.257,0.380,0.363
190000,0.251,0.373,0.376
190500,0.242,0.368,0.390
191000,0.238,0.355,0.407
191500,0.234,0.365,0.401
192000,0.237,0.358,0.405
192500,0.246,0.342,0.412
193000,0.242,0.338,0.420
193500,0.242,0.344,0.414
194000,0.256,0.348,0.396
194500,0.256,0.341,0.403
195000,0.254,0.344,0.403
195500,0.257,0.342,0.401
196000,0.258,0.341,0.401
196500,0.258,0.344,0.399
197000,0.261,0.350,0.390
197500,0.255,0.343,0.402
198000,0.250,0.352,0.398
198500,0.250,0.357,0.393
199000,0.259,0.359,0.382
199500,0.267,0.349,0.384
200000,0.263,0.347,0.390
200500,0.264,0.347,0.389
201000,0.272,0.335,0.394
201500,0.267,0.335,0.398
202000,0.275,0.338,0.387
202500,0.274,0.345,0.381
203000,0.269,0.341,0.391
203500,0.273,0.333,0.394
204000,0.275,0.333,0.393
204500,0.269,0.334,0.398
205000,0.275,0.323,0.403
205500,0.279,0.329,0.393
206000,0.284,0.318,0.398
206500,0.276,0.321,0.403
207000,0.284,0.316,0.400
207500,0.284,0.310,0.405
208000,0.281,0.302,0.418
208500,0.280,0.294,0.426
209000,0.275,0.297,0.428
209500,0.285,0.300,0.415
210000,0.298,0.297,0.404
210500,0.310,0.293,0.397
211000,0.312,0.287,0.401
211500,0.318,0.290,0.392
212000,0.305,0.288,0.406
212500,0.306,0.281,0.412
213000,0.308,0.281,0.411
213500,0.319,0.291,0.390
214000,0.322,0.280,0.398
214500,0.319,0.277,0.405
215000,0.331,0.264,0.406
215500,0.338,0.262,0.400
216000,0.346,0.261,0.392
216500,0.353,0.254,0.393
217000,0.350,0.257,0.393
217500,0.348,0.265,0.386
218000,0.348,0.253,0.399
218500,0.347,0.255,0.399
219000,0.348,0.240,0.411
219500,0.351,0.242,0.407
220000,0.341,0.234,0.425
220500,0.364,0.234,0.402
221000,0.368,0.241,0.391
221500,0.366,0.238,0.396
222000,0.382,0.223,0.396
222500,0.387,0.220,0.394
223000,0.380,0.219,0.401
223500,0.373,0.222,0.405
224000,0.377,0.224,0.400
224500,0.385,0.213,0.402
225000,0.389,0.199,0.413
225500,0.387,0.204,0.409
226000,0.400,0.202,0.399
226500,0.402,0.200,0.398
227000,0.401,0.195,0.405
227500,0.398,0.196,0.407
228000,0.408,0.192,0.400
228500,0.422,0.188,0.391
229000,0.422,0.179,0.398
229500,0.424,0.179,0.396
230000,0.426,0.189,0.385
230500,0.417,0.182,0.400
231000,0.435,0.189,0.376
231500,0.432,0.188,0.380
232000,0.436,0.185,0.378
232500,0.429,0.186,0.385
233000,0.433,0.187,0.380
233500,0.433,0.191,0.376
234000,0.432,0.179,0.389
234500,0.436,0.172,0.393
235000,0.446,0.167,0.387
235500,0.448,0.166,0.386
236000,0.450,0.174,0.376
236500,0.456,0.176,0.368
237000,0.455,0.173,0.372
237500,0.450,0.165,0.386
238000,0.460,0.167,0.373
238500,0.463,0.157,0.381
239000,0.471,0.151,0.378
239500,0.468,0.155,0.377
240000,0.471,0.163,0.367
240500,0.469,0.166,0.365
241000,0.463,0.165,0.372
241500,0.467,0.158,0.375
242000,0.476,0.154,0.370
242500,0.489,0.145,0.366
243000,0.490,0.152,0.357
243500,0.493,0.155,0.352
244000,0.490,0.146,0.364
244500,0.489,0.146,0.365
245000,0.499,0.141,0.360
245500,0.499,0.139,0.362
246000,0.510,0.137,0.353
246500,0.502,0.130,0.368
247000,0.502,0.121,0.377
247500,0.511,0.124,0.364
248000,0.523,0.120,0.357
248500,0.525,0.119,0.356
249000,0.521,0.121,0.358
249500,0.531,0.115,0.354
250000,0.556,0.108,0.335
250500,0.554,0.108,0.337
251000,0.561,0.102,0.336
251500,0.559,0.105,0.335
252000,0.561,0.103,0.335
252500,0.549,0.102,0.348
253000,0.562,0.100,0.338
253500,0.564,0.092,0.344
254000,0.562,0.097,0.341
254500,0.571,0.094,0.335
255000,0.579,0.091,0.330
255500,0.577,0.091,0.333
256000,0.586,0.095,0.320
256500,0.590,0.097,0.314
257000,0.594,0.091,0.315
257500,0.594,0.085,0.321
258000,0.599,0.086,0.315
258500,0.613,0.086,0.302
259000,0.621,0.085,0.295
259500,0.621,0.081,0.298
260000,0.623,0.074,0.303
260500,0.618,0.075,0.307
261000,0.624,0.069,0.307
261500,0.636,0.071,0.293
262000,0.646,0.072,0.281
262500,0.642,0.073,0.284
263000,0.651,0.072,0.277
263500,0.655,0.067,0.278
264000,0.657,0.061,0.281
264500,0.659,0.062,0.279
265000,0.658,0.059,0.283
265500,0.662,0.061,0.277
266000,0.659,0.057,0.284
266500,0.667,0.056,0.277
267000,0.671,0.056,0.273
267500,0.669,0.054,0.276
268000,0.675,0.046,0.278
268500,0.682,0.051,0.266
269000,0.693,0.051,0.256
269500,0.693,0.051,0.256
270000,0.692,0.049,0.260
270500,0.705,0.045,0.250
271000,0.709,0.043,0.249
271500,0.709,0.044,0.247
272000,0.702,0.040,0.259
272500,0.713,0.043,0.244
273000,0.720,0.038,0.242
273500,0.727,0.036,0.237
274000,0.726,0.032,0.242
274500,0.726,0.037,0.237
275000,0.728,0.039,0.233
275500,0.742,0.038,0.220
276000,0.749,0.036,0.215
276500,0.750,0.035,0.214
277000,0.760,0.034,0.206
277500,0.765,0.033,0.202
278000,0.766,0.033,0.201
278500,0.772,0.037,0.191
279000,0.771,0.035,0.194
279500,0.777,0.034,0.189
280000,0.782,0.029,0.189
280500,0.787,0.029,0.183
281000,0.788,0.028,0.184
281500,0.794,0.027,0.179
282000,0.791,0.027,0.182
282500,0.795,0.030,0.175
283000,0.799,0.030,0.171
283500,0.807,0.025,0.167
284000,0.810,0.026,0.163
284500,0.815,0.028,0.158
285000,0.821,0.022,0.158
285500,0.821,0.021,0.159
286000,0.831,0.015,0.154
286500,0.828,0.013,0.159
287000,0.835,0.009,0.156
287500,0.845,0.009,0.146
288000,0.850,0.009,0.141
288500,0.851,0.011,0.139
289000,0.850,0.010,0.140
289500,0.852,0.009,0.140
290000,0.859,0.009,0.132
290500,0.869,0.011,0.120
291000,0.873,0.009,0.118
291500,0.869,0.009,0.122
292000,0.863,0.007,0.130
292500,0.865,0.007,0.128
293000,0.868,0.009,0.124
293500,0.865,0.007,0.128
294000,0.872,0.007,0.120
294500,0.872,0.005,0.123
295000,0.874,0.004,0.122
295500,0.879,0.004,0.116
296000,0.882,0.005,0.113
296500,0.888,0.005,0.107
297000,0.890,0.005,0.105
297500,0.889,0.004,0.106
298000,0.898,0.004,0.098
298500,0.898,0.005,0.097
299000,0.894,0.004,0.102
299500,0.890,0.003,0.107
300000,0.888,0.002,0.110
300500,0.890,0.001,0.109
301000,0.894,0.002,0.104
301500,0.899,0.005,0.095
302000,0.897,0.006,0.097
302500,0.893,0.006,0.101
303000,0.903,0.005,0.092
303500,0.907,0.005,0.087
304000,0.905,0.006,0.089
304500,0.915,0.005,0.079
305000,0.914,0.005,0.081
305500,0.915,0.003,0.082
306000,0.920,0.002,0.078
306500,0.921,0.002,0.077
307000,0.923,0.001,0.076
307500,0.923,0.001,0.076
308000,0.921,0.001,0.078
308500,0.923,0.002,0.075
309000,0.925,0.001,0.074
309500,0.926,0.002,0.072
310000,0.927,0.001,0.072
310500,0.928,0.002,0.070
311000,0.925,0.002,0.073
311500,0.925,0.003,0.072
312000,0.922,0.002,0.076
312500,0.928,0.001,0.071
313000,0.932,0.001,0.067
313500,0.938,0.002,0.060
314000,0.942,0.003,0.055
314500,0.944,0.003,0.053
315000,0.946,0.003,0.052
315500,0.945,0.004,0.052
316000,0.946,0.004,0.051
316500,0.945,0.003,0.053
317000,0.951,0.003,0.047
317500,0.954,0.002,0.044
318000,0.958,0.002,0.041
318500,0.957,0.001,0.042
319000,0.957,0.001,0.042
319500,0.955,0.001,0.045
320000,0.962,0.002,0.037
320500,0.963,0.002,0.036
321000,0.967,0.001,0.032
321500,0.967,0.001,0.032
322000,0.965,0.001,0.035
322500,0.968,0.001,0.032
323000,0.967,0.001,0.033
323500,0.970,0.001,0.030
324000,0.973,0.000,0.027
324500,0.976,0.000,0.024
325000,0.978,0.000,0.022
325500,0.977,0.000,0.023
326000,0.977,0.000,0.023
326500,0.975,0.000,0.025
327000,0.974,0.000,0.026
327500,0.975,0.000,0.025
328000,0.972,0.000,0.028
328500,0.971,0.000,0.029
329000,0.971,0.001,0.029
329500,0.972,0.001,0.028
330000,0.973,0.000,0.027
330500,0.975,0.000,0.025
331000,0.978,0.000,0.022
331500,0.978,0.000,0.022
332000,0.977,0.000,0.023
332500,0.979,0.000,0.021
333000,0.978,0.000,0.022
333500,0.977,0.000,0.023
334000,0.978,0.000,0.022
334500,0.977,0.000,0.023
335000,0.981,0.000,0.019
335500,0.981,0.000,0.019
336000,0.982,0.000,0.018
336500,0.984,0.001,0.015
337000,0.984,0.001,0.015
337500,0.985,0.001,0.014
338000,0.984,0.001,0.015
338500,0.983,0.001,0.016
339000,0.981,0.001,0.018
339500,0.982,0.001,0.017
340000,0.983,0.001,0.016
340500,0.984,0.001,0.016
341000,0.984,0.001,0.016
341500,0.986,0.001,0.014
342000,0.985,0.001,0.015
342500,0.987,0.001,0.013
343000,0.988,0.001,0.012
343500,0.987,0.001,0.013
344000,0.987,0.001,0.013
344500,0.987,0.000,0.013
345000,0.987,0.000,0.013
345500,0.987,0.000,0.013
346000,0.987,0.000,0.013
346500,0.987,0.000,0.013
347000,0.986,0.000,0.014
347500,0.986,0.000,0.014
348000,0.988,0.000,0.012
348500,0.987,0.000,0.013
349000,0.988,0.000,0.012
349500,0.987,0.000,0.013
350000,0.986,0.000,0.014
350500,0.986,0.000,0.014
351000,0.986,0.000,0.014
351500,0.985,0.000,0.015
352000,0.986,0.000,0.014
352500,0.986,0.000,0.014
353000,0.986,0.001,0.013
353500,0.988,0.001,0.011
354000,0.986,0.001,0.013
354500,0.986,0.001,0.014
355000,0.986,0.001,0.014
355500,0.987,0.001,0.013
356000,0.988,0.001,0.012
356500,0.988,0.000,0.012
357000,0.987,0.000,0.013
357500,0.987,0.000,0.013
358000,0.987,0.000,0.013
358500,0.988,0.000,0.012
359000,0.989,0.000,0.011
359500,0.990,0.000,0.010
360000,0.989,0.000,0.011
360500,0.988,0.000,0.012
361000,0.988,0.000,0.012
361500,0.989,0.000,0.011
362000,0.987,0.000,0.013
362500,0.986,0.000,0.014
363000,0.986,0.000,0.014
363500,0.987,0.000,0.013
364000,0.985,0.000,0.015
364500,0.986,0.000,0.014
365000,0.987,0.000,0.013
365500,0.986,0.000,0.014
366000,0.984,0.000,0.016
366500,0.984,0.000,0.016
367000,0.985,0.000,0.015
367500,0.985,0.000,0.015
368000,0.986,0.000,0.014
368500,0.983,0.000,0.017
369000,0.982,0.000,0.018
369500,0.982,0.000,0.018
370000,0.984,0.000,0.016
370500,0.984,0.000,0.016
371000,0.986,0.000,0.014
371500,0.986,0.000,0.014
372000,0.987,0.001,0.013
372500,0.989,0.001,0.011
373000,0.990,0.001,0.010
373500,0.989,0.001,0.011
374000,0.989,0.000,0.011
374500,0.989,0.000,0.011
375000,0.991,0.000,0.009
375500,0.991,0.000,0.009
376000,0.990,0.000,0.010
376500,0.991,0.000,0.009
377000,0.990,0.000,0.010
377500,0.991,0.000,0.009
378000,0.993,0.000,0.007
378500,0.994,0.000,0.006
379000,0.995,0.000,0.005
379500,0.995,0.000,0.005
380000,0.995,0.000,0.005
380500,0.996,0.000,0.004
381000,0.996,0.000,0.004
381500,0.995,0.000,0.005
382000,0.994,0.000,0.006
382500,0.995,0.000,0.005
383000,0.993,0.000,0.007
383500,0.993,0.000,0.007
384000,0.993,0.000,0.007
384500,0.995,0.000,0.005
385000,0.995,0.000,0.005
385500,0.995,0.000,0.005
386000,0.995,0.000,0.005
386500,0.995,0.000,0.005
387000,0.995,0.000,0.005
387500,0.996,0.000,0.004
388000,0.995,0.000,0.005
388500,0.995,0.000,0.005
389000,0.995,0.000,0.005
389500,0.995,0.000,0.005
390000,0.995,0.000,0.005
390500,0.994,0.000,0.006
391000,0.995,0.000,0.005
391500,0.994,0.000,0.006
392000,0.992,0.000,0.008
392500,0.993,0.000,0.007
393000,0.993,0.000,0.007
393500,0.994,0.000,0.006
394000,0.994,0.000,0.006
394500,0.993,0.000,0.007
395000,0.994,0.000,0.006
395500,0.994,0.000,0.006
396000,0.993,0.000,0.007
396500,0.991,0.000,0.009
397000,0.992,0.000,0.008
397500,0.993,0.000,0.007
398000,0.993,0.000,0.007
398500,0.992,0.000,0.008
399000,0.993,0.000,0.007
399500,0.994,0.000,0.006
400000,0.992,0.000,0.008
400500,0.991,0.000,0.009
401000,0.991,0.000,0.009
401500,0.992,0.000,0.008
402000,0.993,0.000,0.007
402500,0.991,0.000,0.009
403000,0.992,0.000,0.008
403500,0.993,0.000,0.007
404000,0.993,0.000,0.007
404500,0.993,0.000,0.007
405000,0.994,0.000,0.006
405500,0.996,0.000,0.004
406000,0.997,0.000,0.003
406500,0.997,0.000,0.003
407000,0.996,0.000,0.004
407500,0.997,0.000,0.003
408000,0.997,0.000,0.003
408500,0.997,0.000,0.003
409000,0.998,0.000,0.002
409500,0.999,0.000,0.001
410000,0.999,0.000,0.001
410500,0.999,0.000,0.001
411000,0.999,0.000,0.001
411500,0.999,0.000,0.001
412000,0.999,0.000,0.001
412500,0.999,0.000,0.001
413000,0.999,0.000,0.001
413500,0.998,0.000,0.002
414000,0.998,0.000,0.002
414500,0.998,0.000,0.002
415000,0.998,0.000,0.002
415500,0.998,0.000,0.002
416000,0.998,0.000,0.002
416500,0.996,0.000,0.004
417000,0.997,0.000,0.003
417500,0.997,0.000,0.003
418000,0.997,0.000,0.003
418500,0.997,0.000,0.003
419000,0.997,0.000,0.003
419500,0.997,0.000,0.003
420000,0.997,0.000,0.003
420500,0.997,0.000,0.003
421000,0.996,0.000,0.004
421500,0.996,0.000,0.004
422000,0.996,0.000,0.004
422500,0.995,0.000,0.005
423000,0.996,0.000,0.004
423500,0.996,0.000,0.004
424000,0.996,0.000,0.004
424500,0.997,0.000,0.003
425000,0.997,0.000,0.003
425500,0.997,0.000,0.003
426000,0.996,0.000,0.004
426500,0.997,0.000,0.003
427000,0.996,0.000,0.004
427500,0.996,0.000,0.004
428000,0.996,0.000,0.004
428500,0.997,0.000,0.003
429000,0.997,0.000,0.003
429500,0.997,0.000,0.003
430000,0.996,0.000,0.004
430500,0.997,0.000,0.003
431000,0.997,0.000,0.003
431500,0.997,0.000,0.003
432000,0.997,0.000,0.003
432500,0.997,0.000,0.003
433000,0.996,0.000,0.004
433500,0.995,0.000,0.005
434000,0.995,0.000,0.005
434500,0.996,0.000,0.004
435000,0.995,0.000,0.005
435500,0.995,0.000,0.005
436000,0.996,0.000,0.004
436500,0.997,0.000,0.003
437000,0.996,0.000,0.004
437500,0.997,0.000,0.003
438000,0.998,0.000,0.002
438500,0.999,0.000,0.001
439000,0.999,0.000,0.001
439500,0.999,0.000,0.001
440000,0.999,0.000,0.001
440500,1.000,0.000,0.000
441000,1.000,0.000,0.000
441500,0.999,0.000,0.001
442000,0.999,0.000,0.001
442500,0.999,0.000,0.001
443000,0.998,0.000,0.002
443500,0.997,0.000,0.003
444000,0.998,0.000,0.002
444500,0.997,0.000,0.003
445000,0.997,0.000,0.003
445500,0.997,0.000,0.003
446000,0.998,0.000,0.002
446500,0.998,0.000,0.002
447000,0.998,0.000,0.002
447500,0.998,0.000,0.002
448000,0.998,0.000,0.002
448500,0.998,0.000,0.002
449000,0.998,0.000,0.002
449500,0.998,0.000,0.002
450000,0.998,0.000,0.002
450500,0.998,0.000,0.002
451000,0.998,0.000,0.002
451500,0.998,0.000,0.002
452000,0.999,0.000,0.001
452500,0.999,0.000,0.001
453000,0.999,0.000,0.001
453500,0.999,0.000,0.001
454000,0.999,0.000,0.001
454500,0.999,0.000,0.001
455000,0.999,0.000,0.001
455500,0.999,0.000,0.001
456000,1.000,0.000,0.000
456500,1.000,0.000,0.000
457000,1.000,0.000,0.000
457500,0.999,0.000,0.001
458000,1.000,0.000,0.000
458500,1.000,0.000,0.000
459000,1.000,0.000,0.000
459500,1.000,0.000,0.000
460000,1.000,0.000,0.000
460500,1.000,0.000,0.000
461000,1.000,0.000,0.000
461500,0.999,0.000,0.001
462000,0.999,0.000,0.001
462500,0.999,0.000,0.001
463000,0.999,0.000,0.001
463500,0.999,0.000,0.001
464000,0.999,0.000,0.001
464500,0.999,0.000,0.001
465000,0.999,0.000,0.001
465500,0.999,0.000,0.001
466000,0.999,0.000,0.001
466500,0.999,0.000,0.001
467000,0.999,0.000,0.001
467500,0.999,0.000,0.001
468000,0.999,0.000,0.001
468500,0.999,0.000,0.001
469000,0.999,0.000,0.001
469500,0.999,0.000,0.001
470000,0.999,0.000,0.001
470500,0.999,0.000,0.001
471000,0.998,0.000,0.002
471500,0.997,0.000,0.003
472000,0.998,0.000,0.002
472500,0.997,0.000,0.003
473000,0.998,0.000,0.002
473500,0.999,0.000,0.001
474000,0.999,0.000,0.001
474500,1.000,0.000,0.000
475000,1.000,0.000,0.000
