time,n_A+p,n_B,n_AB
500,0.030,0.857,0.113
1000,0.030,0.711,0.259
1500,0.030,0.643,0.327
2000,0.030,0.539,0.431
2500,0.034,0.436,0.530
3000,0.034,0.489,0.477
3500,0.030,0.452,0.518
4000,0.030,0.399,0.571
4500,0.034,0.427,0.539
5000,0.033,0.423,0.544
5500,0.034,0.463,0.503
6000,0.031,0.370,0.599
6500,0.037,0.391,0.572
7000,0.033,0.373,0.594
7500,0.033,0.376,0.591
8000,0.030,0.435,0.535
8500,0.030,0.427,0.543
9000,0.046,0.361,0.593
9500,0.055,0.280,0.665
10000,0.058,0.318,0.624
10500,0.049,0.338,0.613
11000,0.039,0.426,0.535
11500,0.033,0.426,0.541
12000,0.032,0.415,0.553
12500,0.031,0.397,0.572
13000,0.050,0.323,0.627
13500,0.034,0.381,0.585
14000,0.030,0.439,0.531
14500,0.030,0.424,0.546
15000,0.030,0.453,0.517
15500,0.030,0.432,0.538
16000,0.030,0.448,0.522
16500,0.033,0.375,0.592
17000,0.031,0.376,0.593
17500,0.034,0.432,0.534
18000,0.030,0.446,0.524
18500,0.030,0.443,0.527
19000,0.030,0.448,0.522
19500,0.030,0.436,0.534
20000,0.030,0.466,0.504
20500,0.030,0.527,0.443
21000,0.030,0.436,0.534
21500,0.030,0.449,0.521
22000,0.030,0.495,0.475
22500,0.030,0.453,0.517
23000,0.033,0.457,0.510
23500,0.030,0.389,0.581
24000,0.030,0.382,0.588
24500,0.030,0.402,0.568
25000,0.041,0.366,0.593
25500,0.030,0.487,0.483
26000,0.030,0.503,0.467
26500,0.030,0.513,0.457
27000,0.033,0.457,0.510
27500,0.031,0.395,0.574
28000,0.032,0.481,0.487
28500,0.030,0.445,0.525
29000,0.030,0.423,0.547
29500,0.030,0.399,0.571
30000,0.030,0.443,0.527
30500,0.045,0.348,0.607
31000,0.059,0.239,0.702
31500,0.084,0.241,0.675
32000,0.051,0.291,0.658
32500,0.033,0.340,0.627
33000,0.031,0.382,0.587
33500,0.030,0.454,0.516
34000,0.030,0.429,0.541
34500,0.030,0.397,0.573
35000,0.030,0.405,0.565
35500,0.030,0.430,0.540
36000,0.030,0.484,0.486
36500,0.038,0.364,0.598
37000,0.030,0.323,0.647
37500,0.030,0.397,0.573
38000,0.030,0.434,0.536
38500,0.030,0.446,0.524
39000,0.030,0.418,0.552
39500,0.030,0.455,0.515
40000,0.030,0.377,0.593
40500,0.037,0.470,0.493
41000,0.038,0.356,0.606
41500,0.035,0.416,0.549
42000,0.035,0.422,0.543
42500,0.030,0.394,0.576
43000,0.039,0.359,0.602
43500,0.040,0.338,0.622
44000,0.034,0.309,0.657
44500,0.060,0.276,0.664
45000,0.035,0.466,0.499
45500,0.030,0.461,0.509
46000,0.030,0.457,0.513
46500,0.030,0.460,0.510
47000,0.030,0.523,0.447
47500,0.030,0.464,0.506
48000,0.037,0.530,0.433
48500,0.030,0.509,0.461
49000,0.039,0.509,0.452
49500,0.030,0.558,0.412
50000,0.030,0.446,0.524
50500,0.030,0.402,0.568
51000,0.032,0.402,0.566
51500,0.037,0.383,0.580
52000,0.033,0.412,0.555
52500,0.030,0.364,0.606
53000,0.030,0.493,0.477
53500,0.048,0.350,0.602
54000,0.052,0.365,0.583
54500,0.040,0.444,0.516
55000,0.033,0.347,0.620
55500,0.037,0.369,0.594
56000,0.031,0.409,0.560
56500,0.030,0.386,0.584
57000,0.036,0.366,0.598
57500,0.042,0.358,0.600
58000,0.036,0.398,0.566
58500,0.030,0.487,0.483
59000,0.031,0.487,0.482
59500,0.039,0.294,0.667
60000,0.049,0.283,0.668
60500,0.048,0.288,0.664
61000,0.036,0.306,0.658
61500,0.094,0.209,0.697
62000,0.098,0.163,0.739
62500,0.098,0.191,0.711
63000,0.170,0.101,0.729
63500,0.255,0.066,0.679
64000,0.353,0.007,0.640
64500,0.582,0.003,0.415
65000,0.670,0.000,0.330
65500,0.746,0.000,0.254
66000,0.821,0.000,0.179
66500,0.825,0.000,0.175
67000,0.762,0.000,0.238
67500,0.794,0.000,0.206
68000,0.880,0.000,0.120
68500,0.880,0.000,0.120
69000,0.831,0.000,0.169
69500,0.740,0.000,0.260
70000,0.713,0.000,0.287
70500,0.687,0.000,0.313
71000,0.691,0.000,0.309
71500,0.812,0.000,0.188
72000,0.777,0.000,0.223
72500,0.810,0.000,0.190
73000,0.710,0.000,0.290
73500,0.640,0.000,0.360
74000,0.766,0.000,0.234
74500,0.810,0.000,0.190
75000,0.825,0.000,0.175
75500,0.727,0.000,0.273
76000,0.739,0.000,0.261
76500,0.800,0.000,0.200
77000,0.827,0.000,0.173
77500,0.854,0.000,0.146
78000,0.908,0.000,0.092
78500,0.923,0.000,0.077
79000,0.925,0.000,0.075
79500,0.862,0.000,0.138
80000,0.884,0.000,0.116
80500,0.844,0.000,0.156
81000,0.755,0.000,0.245
81500,0.751,0.000,0.249
82000,0.747,0.000,0.253
82500,0.810,0.000,0.190
83000,0.836,0.000,0.164
83500,0.846,0.000,0.154
84000,0.774,0.000,0.226
84500,0.758,0.000,0.242
85000,0.755,0.000,0.245
85500,0.858,0.000,0.142
86000,0.917,0.000,0.083
86500,0.960,0.000,0.040
87000,0.994,0.000,0.006
87500,0.998,0.000,0.002
88000,1.000,0.000,0.000
