time,n_A+p,n_B,n_AB
100,0.418,0.527,0.055
200,0.398,0.498,0.103
300,0.379,0.477,0.144
400,0.359,0.454,0.188
500,0.358,0.438,0.204
600,0.354,0.428,0.218
700,0.346,0.434,0.220
800,0.342,0.441,0.217
900,0.331,0.442,0.227
1000,0.318,0.434,0.248
1100,0.318,0.429,0.253
1200,0.324,0.422,0.254
1300,0.326,0.418,0.256
1400,0.326,0.417,0.257
1500,0.318,0.419,0.264
1600,0.320,0.423,0.257
1700,0.314,0.414,0.273
1800,0.312,0.417,0.272
1900,0.302,0.421,0.277
2000,0.285,0.427,0.288
2100,0.297,0.429,0.274
2200,0.292,0.434,0.274
2300,0.281,0.437,0.282
2400,0.278,0.427,0.295
2500,0.275,0.414,0.312
2600,0.276,0.408,0.317
2700,0.278,0.404,0.318
2800,0.273,0.404,0.323
2900,0.279,0.417,0.304
3000,0.273,0.413,0.315
3100,0.268,0.415,0.318
3200,0.259,0.414,0.327
3300,0.254,0.406,0.340
3400,0.263,0.406,0.332
3500,0.258,0.399,0.342
3600,0.260,0.406,0.334
3700,0.265,0.403,0.332
3800,0.268,0.411,0.322
3900,0.266,0.420,0.315
4000,0.259,0.429,0.312
4100,0.259,0.444,0.296
4200,0.259,0.436,0.304
4300,0.257,0.429,0.314
4400,0.256,0.413,0.331
4500,0.255,0.415,0.330
4600,0.257,0.412,0.331
4700,0.265,0.401,0.334
4800,0.259,0.394,0.346
4900,0.255,0.394,0.350
5000,0.230,0.422,0.348
5100,0.236,0.421,0.343
5200,0.240,0.424,0.336
5300,0.234,0.434,0.332
5400,0.235,0.429,0.336
5500,0.236,0.429,0.335
5600,0.232,0.431,0.337
5700,0.227,0.434,0.339
5800,0.216,0.422,0.363
5900,0.211,0.433,0.355
6000,0.211,0.432,0.356
6100,0.207,0.430,0.363
6200,0.204,0.438,0.358
6300,0.207,0.437,0.355
6400,0.216,0.435,0.349
6500,0.220,0.423,0.358
6600,0.216,0.437,0.347
6700,0.218,0.443,0.339
6800,0.220,0.451,0.329
6900,0.217,0.440,0.343
7000,0.217,0.432,0.351
7100,0.218,0.436,0.346
7200,0.217,0.432,0.351
7300,0.210,0.424,0.366
7400,0.210,0.426,0.364
7500,0.208,0.426,0.366
7600,0.209,0.434,0.356
7700,0.215,0.432,0.353
7800,0.213,0.422,0.365
7900,0.213,0.423,0.364
8000,0.215,0.421,0.365
8100,0.217,0.422,0.362
8200,0.221,0.426,0.353
8300,0.227,0.422,0.351
8400,0.230,0.418,0.352
8500,0.226,0.416,0.359
8600,0.225,0.424,0.351
8700,0.224,0.426,0.350
8800,0.217,0.425,0.359
8900,0.219,0.423,0.359
9000,0.223,0.421,0.356
9100,0.222,0.427,0.351
9200,0.234,0.410,0.356
9300,0.240,0.414,0.346
9400,0.251,0.416,0.333
9500,0.252,0.408,0.340
9600,0.254,0.409,0.337
9700,0.246,0.408,0.346
9800,0.240,0.407,0.353
9900,0.244,0.408,0.348
10000,0.235,0.416,0.349
10100,0.230,0.417,0.353
10200,0.224,0.418,0.359
10300,0.227,0.411,0.363
10400,0.230,0.407,0.364
10500,0.229,0.410,0.362
10600,0.236,0.409,0.355
10700,0.231,0.414,0.355
10800,0.228,0.411,0.362
10900,0.227,0.411,0.363
11000,0.217,0.397,0.386
11100,0.226,0.414,0.361
11200,0.229,0.420,0.351
11300,0.225,0.430,0.345
11400,0.233,0.429,0.338
11500,0.234,0.425,0.341
11600,0.227,0.433,0.340
11700,0.220,0.426,0.354
11800,0.227,0.420,0.353
11900,0.233,0.423,0.344
12000,0.229,0.426,0.345
12100,0.229,0.433,0.338
12200,0.229,0.431,0.340
12300,0.227,0.429,0.344
12400,0.227,0.415,0.359
12500,0.223,0.412,0.366
12600,0.222,0.423,0.355
12700,0.229,0.420,0.351
12800,0.230,0.401,0.369
12900,0.236,0.398,0.366
13000,0.236,0.395,0.369
13100,0.227,0.410,0.364
13200,0.242,0.401,0.356
13300,0.244,0.391,0.365
13400,0.248,0.393,0.359
13500,0.245,0.380,0.375
13600,0.250,0.380,0.370
13700,0.246,0.373,0.381
13800,0.239,0.393,0.368
13900,0.234,0.388,0.378
14000,0.240,0.384,0.376
14100,0.240,0.393,0.367
14200,0.243,0.400,0.356
14300,0.256,0.395,0.348
14400,0.258,0.375,0.367
14500,0.263,0.373,0.365
14600,0.263,0.365,0.373
14700,0.260,0.369,0.371
14800,0.267,0.363,0.371
14900,0.267,0.366,0.368
15000,0.254,0.362,0.384
15100,0.257,0.367,0.376
15200,0.246,0.363,0.391
15300,0.250,0.361,0.389
15400,0.242,0.344,0.414
15500,0.248,0.358,0.394
15600,0.248,0.364,0.388
15700,0.244,0.373,0.383
15800,0.239,0.376,0.385
15900,0.235,0.367,0.398
16000,0.236,0.375,0.389
16100,0.239,0.383,0.378
16200,0.242,0.373,0.385
16300,0.249,0.378,0.373
16400,0.244,0.382,0.374
16500,0.254,0.370,0.376
16600,0.249,0.373,0.378
16700,0.261,0.370,0.369
16800,0.257,0.358,0.385
16900,0.250,0.361,0.389
17000,0.252,0.359,0.389
17100,0.236,0.341,0.423
17200,0.239,0.339,0.422
17300,0.242,0.345,0.413
17400,0.257,0.344,0.398
17500,0.269,0.342,0.389
17600,0.275,0.333,0.392
17700,0.268,0.329,0.403
17800,0.268,0.331,0.401
17900,0.272,0.318,0.411
18000,0.266,0.329,0.406
18100,0.275,0.331,0.394
18200,0.282,0.334,0.384
18300,0.281,0.339,0.380
18400,0.286,0.341,0.373
18500,0.280,0.343,0.377
18600,0.282,0.338,0.380
18700,0.288,0.331,0.381
18800,0.296,0.347,0.356
18900,0.295,0.347,0.358
19000,0.273,0.365,0.363
19100,0.273,0.360,0.368
19200,0.272,0.344,0.384
19300,0.266,0.344,0.390
19400,0.272,0.358,0.371
19500,0.292,0.351,0.356
19600,0.287,0.347,0.366
19700,0.291,0.342,0.367
19800,0.295,0.322,0.383
19900,0.293,0.324,0.383
20000,0.285,0.332,0.383
20100,0.280,0.316,0.404
20200,0.284,0.322,0.394
20300,0.296,0.320,0.384
20400,0.300,0.308,0.391
20500,0.299,0.318,0.383
20600,0.293,0.333,0.374
20700,0.288,0.327,0.385
20800,0.287,0.330,0.383
20900,0.287,0.321,0.392
21000,0.286,0.314,0.400
21100,0.289,0.318,0.393
21200,0.284,0.321,0.395
21300,0.284,0.327,0.389
21400,0.280,0.344,0.376
21500,0.272,0.339,0.389
21600,0.258,0.329,0.413
21700,0.267,0.311,0.423
21800,0.268,0.319,0.414
21900,0.274,0.319,0.408
22000,0.261,0.312,0.427
22100,0.271,0.308,0.421
22200,0.272,0.309,0.419
22300,0.276,0.315,0.410
22400,0.272,0.308,0.420
22500,0.281,0.312,0.408
22600,0.284,0.312,0.404
22700,0.280,0.308,0.412
22800,0.281,0.314,0.406
22900,0.281,0.311,0.409
23000,0.294,0.313,0.393
23100,0.302,0.305,0.392
23200,0.297,0.301,0.401
23300,0.299,0.301,0.399
23400,0.297,0.294,0.409
23500,0.287,0.287,0.426
23600,0.299,0.281,0.420
23700,0.302,0.286,0.412
23800,0.299,0.301,0.399
23900,0.298,0.311,0.391
24000,0.290,0.315,0.395
24100,0.272,0.308,0.420
24200,0.265,0.305,0.430
24300,0.268,0.299,0.433
24400,0.279,0.303,0.418
24500,0.267,0.307,0.426
24600,0.267,0.304,0.429
24700,0.259,0.316,0.425
24800,0.257,0.304,0.438
24900,0.246,0.324,0.430
25000,0.259,0.315,0.426
25100,0.257,0.309,0.433
25200,0.271,0.306,0.423
25300,0.286,0.299,0.415
25400,0.281,0.293,0.426
25500,0.272,0.301,0.427
25600,0.279,0.303,0.418
25700,0.277,0.302,0.421
25800,0.284,0.306,0.410
25900,0.288,0.306,0.406
26000,0.286,0.317,0.397
26100,0.288,0.315,0.397
26200,0.300,0.325,0.375
26300,0.294,0.323,0.383
26400,0.289,0.320,0.391
26500,0.287,0.331,0.382
26600,0.273,0.326,0.401
26700,0.278,0.324,0.398
26800,0.284,0.322,0.394
26900,0.287,0.322,0.391
27000,0.281,0.334,0.385
27100,0.274,0.332,0.394
27200,0.277,0.323,0.400
27300,0.276,0.313,0.412
27400,0.272,0.326,0.402
27500,0.277,0.321,0.402
27600,0.270,0.311,0.420
27700,0.278,0.299,0.423
27800,0.284,0.290,0.426
27900,0.285,0.281,0.434
28000,0.287,0.288,0.425
28100,0.298,0.293,0.409
28200,0.289,0.298,0.413
28300,0.282,0.305,0.413
28400,0.284,0.312,0.404
28500,0.278,0.314,0.409
28600,0.290,0.311,0.399
28700,0.285,0.314,0.401
28800,0.298,0.320,0.382
28900,0.300,0.319,0.381
29000,0.292,0.318,0.390
29100,0.287,0.305,0.408
29200,0.290,0.312,0.398
29300,0.286,0.305,0.409
29400,0.279,0.312,0.410
29500,0.279,0.299,0.422
29600,0.291,0.302,0.407
29700,0.287,0.306,0.407
29800,0.288,0.306,0.406
29900,0.274,0.314,0.413
30000,0.269,0.321,0.411
30100,0.268,0.330,0.402
30200,0.268,0.320,0.413
30300,0.264,0.320,0.417
30400,0.258,0.327,0.415
30500,0.268,0.301,0.431
30600,0.273,0.299,0.428
30700,0.285,0.299,0.416
30800,0.281,0.299,0.420
30900,0.270,0.298,0.432
31000,0.272,0.296,0.432
31100,0.290,0.286,0.424
31200,0.287,0.281,0.432
31300,0.282,0.286,0.432
31400,0.290,0.273,0.437
31500,0.294,0.269,0.437
31600,0.285,0.274,0.441
31700,0.277,0.268,0.456
31800,0.274,0.260,0.466
31900,0.282,0.260,0.458
32000,0.289,0.277,0.434
32100,0.277,0.277,0.446
32200,0.283,0.286,0.431
32300,0.276,0.284,0.440
32400,0.292,0.300,0.408
32500,0.287,0.303,0.410
32600,0.291,0.299,0.410
32700,0.297,0.287,0.416
32800,0.309,0.280,0.411
32900,0.308,0.284,0.408
33000,0.315,0.284,0.401
33100,0.313,0.284,0.403
33200,0.322,0.279,0.399
33300,0.315,0.283,0.402
33400,0.315,0.282,0.403
33500,0.325,0.270,0.406
33600,0.307,0.277,0.416
33700,0.314,0.284,0.402
33800,0.318,0.294,0.388
33900,0.311,0.296,0.393
34000,0.299,0.314,0.387
34100,0.305,0.304,0.390
34200,0.301,0.303,0.395
34300,0.306,0.312,0.382
34400,0.317,0.311,0.373
34500,0.314,0.307,0.379
34600,0.294,0.307,0.398
34700,0.304,0.318,0.378
34800,0.308,0.307,0.384
34900,0.315,0.317,0.369
35000,0.323,0.289,0.388
35100,0.326,0.288,0.386
35200,0.314,0.283,0.403
35300,0.320,0.287,0.393
35400,0.309,0.295,0.395
35500,0.297,0.295,0.408
35600,0.279,0.288,0.433
35700,0.282,0.294,0.424
35800,0.279,0.294,0.427
35900,0.281,0.294,0.425
36000,0.287,0.291,0.422
36100,0.287,0.292,0.421
36200,0.288,0.295,0.417
36300,0.285,0.281,0.434
36400,0.279,0.282,0.439
36500,0.274,0.280,0.446
36600,0.264,0.288,0.448
36700,0.265,0.293,0.442
36800,0.274,0.289,0.437
36900,0.273,0.287,0.440
37000,0.284,0.283,0.433
37100,0.293,0.284,0.423
37200,0.295,0.293,0.412
37300,0.293,0.288,0.419
37400,0.301,0.297,0.401
37500,0.296,0.289,0.415
37600,0.305,0.291,0.403
37700,0.281,0.296,0.423
37800,0.301,0.291,0.408
37900,0.300,0.291,0.409
38000,0.288,0.285,0.427
38100,0.294,0.292,0.414
38200,0.291,0.296,0.413
38300,0.290,0.293,0.417
38400,0.293,0.293,0.414
38500,0.293,0.296,0.411
38600,0.288,0.295,0.417
38700,0.285,0.294,0.421
38800,0.291,0.290,0.419
38900,0.300,0.287,0.413
39000,0.308,0.274,0.418
39100,0.311,0.271,0.419
39200,0.309,0.280,0.411
39300,0.300,0.287,0.413
39400,0.316,0.287,0.397
39500,0.306,0.286,0.408
39600,0.304,0.287,0.409
39700,0.296,0.285,0.419
39800,0.298,0.276,0.426
39900,0.308,0.276,0.416
40000,0.306,0.286,0.408
40100,0.303,0.289,0.408
40200,0.305,0.277,0.418
40300,0.298,0.274,0.428
40400,0.286,0.275,0.439
40500,0.287,0.287,0.426
40600,0.287,0.288,0.425
40700,0.287,0.287,0.426
40800,0.295,0.288,0.417
40900,0.295,0.282,0.423
41000,0.302,0.280,0.418
41100,0.300,0.271,0.429
41200,0.299,0.278,0.423
41300,0.309,0.273,0.418
41400,0.302,0.274,0.424
41500,0.311,0.273,0.417
41600,0.308,0.282,0.410
41700,0.302,0.277,0.421
41800,0.300,0.282,0.418
41900,0.299,0.291,0.410
42000,0.299,0.283,0.418
42100,0.300,0.277,0.423
42200,0.297,0.274,0.429
42300,0.285,0.276,0.439
42400,0.293,0.272,0.435
42500,0.278,0.276,0.446
42600,0.278,0.279,0.443
42700,0.272,0.285,0.443
42800,0.267,0.275,0.459
42900,0.283,0.269,0.448
43000,0.290,0.277,0.433
43100,0.275,0.289,0.436
43200,0.276,0.283,0.441
43300,0.275,0.288,0.437
43400,0.273,0.291,0.436
43500,0.269,0.295,0.436
43600,0.275,0.299,0.426
43700,0.277,0.303,0.420
43800,0.275,0.299,0.426
43900,0.273,0.308,0.419
44000,0.274,0.303,0.423
44100,0.265,0.309,0.426
44200,0.282,0.317,0.401
44300,0.270,0.319,0.412
44400,0.274,0.320,0.407
44500,0.273,0.318,0.410
44600,0.266,0.316,0.419
44700,0.267,0.314,0.420
44800,0.269,0.316,0.416
44900,0.271,0.316,0.414
45000,0.276,0.320,0.404
45100,0.274,0.313,0.414
45200,0.275,0.317,0.409
45300,0.281,0.320,0.399
45400,0.278,0.329,0.393
45500,0.284,0.334,0.382
45600,0.280,0.324,0.396
45700,0.282,0.319,0.399
45800,0.257,0.314,0.429
45900,0.253,0.315,0.432
46000,0.245,0.322,0.433
46100,0.252,0.318,0.430
46200,0.242,0.327,0.431
46300,0.237,0.320,0.443
46400,0.234,0.317,0.449
46500,0.231,0.316,0.454
46600,0.235,0.320,0.445
46700,0.227,0.320,0.454
46800,0.220,0.329,0.451
46900,0.215,0.333,0.453
47000,0.215,0.337,0.448
47100,0.220,0.341,0.439
47200,0.234,0.336,0.430
47300,0.224,0.342,0.434
47400,0.217,0.344,0.439
47500,0.213,0.348,0.438
47600,0.216,0.349,0.435
47700,0.213,0.347,0.439
47800,0.216,0.360,0.425
47900,0.222,0.352,0.426
48000,0.217,0.355,0.428
48100,0.222,0.338,0.440
48200,0.226,0.335,0.439
48300,0.219,0.333,0.448
48400,0.224,0.330,0.446
48500,0.228,0.325,0.447
48600,0.234,0.313,0.454
48700,0.230,0.317,0.454
48800,0.234,0.320,0.446
48900,0.244,0.320,0.436
49000,0.248,0.314,0.438
49100,0.254,0.317,0.429
49200,0.255,0.321,0.424
49300,0.257,0.324,0.419
49400,0.259,0.335,0.406
49500,0.263,0.340,0.397
49600,0.251,0.324,0.425
49700,0.249,0.316,0.435
49800,0.251,0.316,0.433
49900,0.245,0.313,0.442
50000,0.247,0.312,0.441
50100,0.247,0.307,0.445
50200,0.264,0.307,0.429
50300,0.264,0.301,0.435
50400,0.270,0.299,0.431
50500,0.271,0.303,0.426
50600,0.261,0.305,0.433
50700,0.266,0.305,0.429
50800,0.270,0.299,0.431
50900,0.266,0.298,0.436
51000,0.261,0.307,0.431
51100,0.269,0.298,0.433
51200,0.275,0.301,0.424
51300,0.285,0.294,0.421
51400,0.279,0.302,0.419
51500,0.275,0.304,0.421
51600,0.274,0.317,0.410
51700,0.275,0.313,0.413
51800,0.264,0.316,0.421
51900,0.261,0.320,0.419
52000,0.266,0.316,0.419
52100,0.254,0.303,0.442
52200,0.254,0.306,0.439
52300,0.265,0.314,0.422
52400,0.266,0.308,0.426
52500,0.263,0.303,0.434
52600,0.252,0.317,0.431
52700,0.237,0.325,0.438
52800,0.236,0.326,0.438
52900,0.228,0.347,0.425
53000,0.234,0.342,0.424
53100,0.238,0.335,0.427
53200,0.245,0.333,0.422
53300,0.247,0.322,0.431
53400,0.245,0.327,0.428
53500,0.250,0.327,0.423
53600,0.247,0.322,0.431
53700,0.245,0.326,0.429
53800,0.240,0.316,0.444
53900,0.241,0.315,0.444
54000,0.246,0.324,0.430
54100,0.249,0.313,0.438
54200,0.241,0.319,0.440
54300,0.234,0.326,0.440
54400,0.234,0.325,0.441
54500,0.235,0.328,0.437
54600,0.237,0.324,0.439
54700,0.233,0.326,0.441
54800,0.232,0.318,0.450
54900,0.240,0.323,0.437
55000,0.240,0.324,0.436
55100,0.234,0.329,0.437
55200,0.230,0.325,0.445
55300,0.224,0.332,0.444
55400,0.230,0.331,0.439
55500,0.219,0.326,0.456
55600,0.217,0.334,0.449
55700,0.219,0.332,0.449
55800,0.213,0.330,0.457
55900,0.229,0.336,0.435
56000,0.220,0.335,0.445
56100,0.218,0.332,0.450
56200,0.226,0.331,0.443
56300,0.222,0.334,0.444
56400,0.209,0.338,0.453
56500,0.211,0.336,0.453
56600,0.210,0.328,0.462
56700,0.215,0.328,0.458
56800,0.205,0.320,0.475
56900,0.206,0.331,0.463
57000,0.206,0.328,0.466
57100,0.200,0.318,0.482
57200,0.190,0.318,0.492
57300,0.194,0.320,0.486
57400,0.194,0.318,0.488
57500,0.190,0.287,0.523
57600,0.204,0.290,0.506
57700,0.209,0.292,0.498
57800,0.204,0.287,0.509
57900,0.210,0.302,0.487
58000,0.213,0.312,0.475
58100,0.212,0.302,0.485
58200,0.209,0.299,0.491
58300,0.210,0.302,0.487
58400,0.218,0.306,0.476
58500,0.216,0.316,0.469
58600,0.211,0.323,0.466
58700,0.207,0.328,0.465
58800,0.204,0.323,0.473
58900,0.204,0.324,0.472
59000,0.201,0.321,0.478
59100,0.209,0.311,0.480
59200,0.210,0.331,0.459
59300,0.204,0.335,0.461
59400,0.205,0.330,0.465
59500,0.209,0.316,0.475
59600,0.212,0.320,0.468
59700,0.216,0.312,0.473
59800,0.209,0.313,0.478
59900,0.211,0.303,0.485
60000,0.215,0.298,0.487
60100,0.209,0.302,0.488
60200,0.213,0.305,0.481
60300,0.210,0.309,0.480
60400,0.215,0.304,0.481
60500,0.227,0.302,0.471
60600,0.222,0.306,0.472
60700,0.223,0.307,0.470
60800,0.227,0.316,0.458
60900,0.224,0.322,0.455
61000,0.222,0.315,0.464
61100,0.222,0.321,0.458
61200,0.222,0.323,0.456
61300,0.221,0.318,0.462
61400,0.215,0.317,0.469
61500,0.211,0.328,0.461
61600,0.209,0.329,0.462
61700,0.209,0.333,0.458
61800,0.210,0.340,0.449
61900,0.217,0.338,0.445
62000,0.219,0.336,0.445
62100,0.216,0.341,0.443
62200,0.215,0.340,0.445
62300,0.202,0.328,0.470
62400,0.205,0.346,0.448
62500,0.193,0.351,0.456
62600,0.196,0.353,0.450
62700,0.200,0.351,0.448
62800,0.202,0.353,0.444
62900,0.198,0.354,0.447
63000,0.208,0.352,0.439
63100,0.209,0.347,0.443
63200,0.200,0.330,0.470
63300,0.199,0.320,0.481
63400,0.204,0.329,0.467
63500,0.205,0.336,0.459
63600,0.209,0.339,0.451
63700,0.206,0.350,0.443
63800,0.199,0.354,0.446
63900,0.193,0.378,0.429
64000,0.191,0.358,0.451
64100,0.189,0.372,0.439
64200,0.191,0.373,0.436
64300,0.190,0.380,0.430
64400,0.188,0.376,0.436
64500,0.183,0.352,0.465
64600,0.187,0.355,0.458
64700,0.195,0.367,0.438
64800,0.193,0.356,0.450
64900,0.192,0.355,0.453
65000,0.204,0.347,0.448
65100,0.204,0.348,0.447
65200,0.199,0.359,0.442
65300,0.208,0.370,0.422
65400,0.209,0.362,0.429
65500,0.202,0.363,0.435
65600,0.208,0.371,0.421
65700,0.213,0.374,0.413
65800,0.213,0.383,0.403
65900,0.212,0.380,0.408
66000,0.221,0.385,0.394
66100,0.218,0.379,0.403
66200,0.205,0.380,0.415
66300,0.199,0.370,0.431
66400,0.198,0.376,0.426
66500,0.201,0.379,0.420
66600,0.204,0.368,0.428
66700,0.204,0.362,0.434
66800,0.196,0.378,0.426
66900,0.200,0.374,0.426
67000,0.197,0.382,0.421
67100,0.193,0.390,0.417
67200,0.193,0.389,0.418
67300,0.195,0.383,0.422
67400,0.207,0.378,0.415
67500,0.200,0.387,0.413
67600,0.199,0.378,0.423
67700,0.192,0.379,0.429
67800,0.193,0.376,0.431
67900,0.196,0.370,0.434
68000,0.194,0.375,0.431
68100,0.191,0.386,0.423
68200,0.194,0.390,0.416
68300,0.188,0.389,0.423
68400,0.178,0.381,0.441
68500,0.186,0.397,0.417
68600,0.190,0.394,0.416
68700,0.187,0.391,0.422
68800,0.188,0.397,0.415
68900,0.181,0.394,0.425
69000,0.183,0.390,0.427
69100,0.188,0.392,0.420
69200,0.193,0.391,0.416
69300,0.186,0.386,0.428
69400,0.191,0.386,0.423
69500,0.190,0.396,0.414
69600,0.195,0.391,0.414
69700,0.196,0.401,0.402
69800,0.199,0.406,0.395
69900,0.186,0.400,0.414
70000,0.190,0.400,0.410
70100,0.184,0.401,0.415
70200,0.182,0.398,0.420
70300,0.182,0.401,0.417
70400,0.178,0.407,0.416
70500,0.173,0.413,0.415
70600,0.170,0.399,0.431
70700,0.176,0.398,0.426
70800,0.180,0.407,0.414
70900,0.177,0.399,0.424
71000,0.178,0.409,0.414
71100,0.179,0.385,0.436
71200,0.173,0.380,0.447
71300,0.176,0.383,0.441
71400,0.182,0.376,0.442
71500,0.185,0.372,0.443
71600,0.190,0.382,0.428
71700,0.191,0.378,0.431
71800,0.189,0.386,0.425
71900,0.192,0.385,0.423
72000,0.191,0.383,0.426
72100,0.188,0.381,0.431
72200,0.184,0.387,0.429
72300,0.191,0.392,0.417
72400,0.190,0.389,0.421
72500,0.179,0.404,0.417
72600,0.181,0.400,0.419
72700,0.182,0.412,0.407
72800,0.182,0.411,0.408
72900,0.183,0.399,0.418
73000,0.194,0.385,0.421
73100,0.193,0.376,0.431
73200,0.200,0.365,0.435
73300,0.190,0.363,0.447
73400,0.189,0.350,0.461
73500,0.198,0.348,0.454
73600,0.206,0.356,0.437
73700,0.208,0.367,0.425
73800,0.199,0.363,0.438
73900,0.199,0.368,0.433
74000,0.202,0.371,0.427
74100,0.192,0.367,0.441
74200,0.190,0.386,0.424
74300,0.185,0.393,0.422
74400,0.183,0.374,0.443
74500,0.184,0.380,0.436
74600,0.197,0.365,0.438
74700,0.204,0.358,0.438
74800,0.198,0.359,0.443
74900,0.200,0.356,0.443
75000,0.191,0.356,0.453
75100,0.202,0.361,0.437
75200,0.210,0.364,0.426
75300,0.209,0.363,0.428
75400,0.200,0.359,0.441
75500,0.203,0.363,0.434
75600,0.206,0.372,0.422
75700,0.210,0.372,0.418
75800,0.216,0.368,0.417
75900,0.224,0.351,0.425
76000,0.239,0.340,0.421
76100,0.242,0.337,0.421
76200,0.247,0.341,0.412
76300,0.255,0.337,0.408
76400,0.258,0.342,0.399
76500,0.264,0.340,0.396
76600,0.279,0.338,0.383
76700,0.287,0.330,0.383
76800,0.280,0.318,0.402
76900,0.281,0.313,0.407
77000,0.276,0.313,0.412
77100,0.268,0.301,0.431
77200,0.269,0.300,0.431
77300,0.271,0.302,0.427
77400,0.275,0.313,0.413
77500,0.275,0.300,0.425
77600,0.268,0.312,0.421
77700,0.268,0.308,0.424
77800,0.266,0.297,0.437
77900,0.264,0.305,0.431
78000,0.256,0.305,0.438
78100,0.261,0.309,0.429
78200,0.268,0.313,0.420
78300,0.271,0.319,0.411
78400,0.265,0.316,0.420
78500,0.272,0.305,0.423
78600,0.273,0.307,0.420
78700,0.282,0.308,0.410
78800,0.282,0.307,0.411
78900,0.277,0.307,0.416
79000,0.282,0.315,0.403
79100,0.274,0.315,0.412
79200,0.266,0.317,0.418
79300,0.257,0.313,0.430
79400,0.257,0.315,0.428
79500,0.257,0.307,0.435
79600,0.251,0.319,0.430
79700,0.237,0.311,0.453
79800,0.244,0.314,0.442
79900,0.238,0.321,0.441
80000,0.243,0.313,0.444
80100,0.244,0.315,0.441
80200,0.240,0.317,0.443
80300,0.245,0.312,0.443
80400,0.243,0.303,0.454
80500,0.247,0.303,0.449
80600,0.242,0.300,0.458
80700,0.235,0.301,0.464
80800,0.225,0.292,0.483
80900,0.240,0.298,0.462
81000,0.239,0.299,0.462
81100,0.211,0.299,0.489
81200,0.211,0.307,0.481
81300,0.196,0.319,0.485
81400,0.194,0.324,0.482
81500,0.198,0.338,0.464
81600,0.194,0.333,0.473
81700,0.200,0.339,0.461
81800,0.201,0.332,0.467
81900,0.201,0.330,0.469
82000,0.200,0.336,0.464
82100,0.198,0.337,0.465
82200,0.201,0.333,0.466
82300,0.191,0.331,0.478
82400,0.186,0.344,0.470
82500,0.196,0.339,0.465
82600,0.202,0.341,0.457
82700,0.201,0.351,0.447
82800,0.191,0.363,0.446
82900,0.193,0.358,0.449
83000,0.184,0.361,0.456
83100,0.191,0.343,0.466
83200,0.183,0.337,0.480
83300,0.179,0.339,0.482
83400,0.189,0.338,0.473
83500,0.191,0.334,0.475
83600,0.193,0.331,0.476
83700,0.194,0.331,0.475
83800,0.191,0.333,0.476
83900,0.185,0.336,0.479
84000,0.190,0.331,0.479
84100,0.209,0.315,0.476
84200,0.208,0.306,0.485
84300,0.226,0.313,0.462
84400,0.217,0.323,0.461
84500,0.217,0.322,0.462
84600,0.212,0.333,0.455
84700,0.207,0.322,0.471
84800,0.210,0.326,0.464
84900,0.221,0.321,0.459
85000,0.220,0.324,0.457
85100,0.212,0.328,0.460
85200,0.213,0.325,0.462
85300,0.204,0.328,0.468
85400,0.201,0.333,0.466
85500,0.196,0.340,0.464
85600,0.192,0.342,0.466
85700,0.194,0.341,0.465
85800,0.200,0.326,0.474
85900,0.196,0.326,0.478
86000,0.202,0.328,0.470
86100,0.202,0.340,0.458
86200,0.213,0.339,0.447
86300,0.212,0.339,0.448
86400,0.201,0.331,0.468
86500,0.197,0.323,0.480
86600,0.201,0.331,0.468
86700,0.198,0.338,0.464
86800,0.192,0.344,0.464
86900,0.201,0.354,0.444
87000,0.194,0.353,0.453
87100,0.194,0.348,0.458
87200,0.199,0.337,0.464
87300,0.208,0.333,0.459
87400,0.204,0.311,0.485
87500,0.208,0.287,0.505
87600,0.208,0.297,0.494
87700,0.217,0.302,0.481
87800,0.231,0.301,0.468
87900,0.228,0.294,0.478
88000,0.233,0.296,0.471
88100,0.231,0.292,0.477
88200,0.228,0.296,0.476
88300,0.234,0.298,0.468
88400,0.243,0.298,0.459
88500,0.235,0.290,0.475
88600,0.233,0.290,0.477
88700,0.229,0.297,0.474
88800,0.209,0.308,0.482
88900,0.212,0.312,0.476
89000,0.213,0.324,0.463
89100,0.210,0.322,0.468
89200,0.225,0.318,0.458
89300,0.210,0.321,0.469
89400,0.204,0.326,0.470
89500,0.211,0.318,0.471
89600,0.212,0.323,0.465
89700,0.215,0.320,0.466
89800,0.220,0.329,0.451
89900,0.218,0.334,0.448
90000,0.225,0.326,0.449
90100,0.215,0.324,0.462
90200,0.212,0.340,0.447
90300,0.213,0.322,0.465
90400,0.228,0.315,0.458
90500,0.225,0.308,0.467
90600,0.232,0.309,0.459
90700,0.227,0.324,0.449
90800,0.223,0.319,0.459
90900,0.221,0.331,0.448
91000,0.219,0.327,0.455
91100,0.222,0.335,0.443
91200,0.226,0.334,0.440
91300,0.229,0.340,0.431
91400,0.229,0.332,0.439
91500,0.221,0.339,0.440
91600,0.219,0.340,0.441
91700,0.225,0.350,0.425
91800,0.207,0.349,0.443
91900,0.203,0.353,0.443
92000,0.187,0.350,0.463
92100,0.178,0.347,0.475
92200,0.177,0.337,0.486
92300,0.186,0.342,0.472
92400,0.190,0.335,0.475
92500,0.184,0.342,0.474
92600,0.182,0.350,0.468
92700,0.190,0.349,0.461
92800,0.187,0.345,0.468
92900,0.193,0.346,0.461
93000,0.201,0.333,0.466
93100,0.199,0.330,0.471
93200,0.200,0.329,0.471
93300,0.196,0.327,0.477
93400,0.205,0.324,0.471
93500,0.200,0.336,0.464
93600,0.188,0.334,0.478
93700,0.185,0.345,0.470
93800,0.190,0.346,0.464
93900,0.196,0.344,0.460
94000,0.199,0.339,0.462
94100,0.197,0.335,0.468
94200,0.196,0.326,0.478
94300,0.206,0.336,0.458
94400,0.199,0.334,0.467
94500,0.203,0.344,0.453
94600,0.198,0.355,0.446
94700,0.198,0.353,0.448
94800,0.191,0.354,0.455
94900,0.195,0.363,0.442
95000,0.187,0.359,0.455
95100,0.188,0.351,0.461
95200,0.179,0.362,0.460
95300,0.184,0.364,0.453
95400,0.184,0.362,0.455
95500,0.186,0.361,0.454
95600,0.187,0.379,0.434
95700,0.178,0.353,0.469
95800,0.173,0.343,0.484
95900,0.176,0.347,0.477
96000,0.178,0.351,0.471
96100,0.186,0.348,0.466
96200,0.201,0.349,0.449
96300,0.195,0.344,0.461
96400,0.186,0.345,0.469
96500,0.197,0.346,0.457
96600,0.198,0.343,0.459
96700,0.193,0.347,0.460
96800,0.201,0.344,0.455
96900,0.204,0.350,0.445
97000,0.193,0.351,0.456
97100,0.212,0.353,0.434
97200,0.205,0.340,0.455
97300,0.216,0.349,0.435
97400,0.224,0.355,0.421
97500,0.222,0.338,0.440
97600,0.220,0.344,0.436
97700,0.230,0.347,0.423
97800,0.220,0.352,0.428
97900,0.236,0.373,0.391
98000,0.224,0.362,0.415
98100,0.230,0.351,0.419
98200,0.232,0.351,0.417
98300,0.237,0.340,0.423
98400,0.235,0.338,0.427
98500,0.242,0.342,0.416
98600,0.256,0.336,0.408
98700,0.260,0.339,0.400
98800,0.260,0.336,0.403
98900,0.258,0.326,0.416
99000,0.241,0.318,0.441
99100,0.226,0.319,0.456
99200,0.232,0.318,0.450
99300,0.223,0.313,0.465
99400,0.234,0.319,0.447
99500,0.233,0.318,0.449
99600,0.233,0.331,0.436
99700,0.224,0.330,0.446
99800,0.222,0.333,0.445
99900,0.233,0.338,0.429
100000,0.232,0.345,0.423
