time,n_A+p,n_B,n_AB
500,0.030,0.964,0.006
1000,0.030,0.961,0.009
1500,0.030,0.956,0.014
2000,0.030,0.954,0.016
2500,0.030,0.952,0.018
3000,0.030,0.948,0.022
3500,0.031,0.946,0.023
4000,0.031,0.939,0.030
4500,0.031,0.943,0.026
5000,0.031,0.943,0.026
5500,0.032,0.945,0.023
6000,0.032,0.948,0.020
6500,0.032,0.944,0.025
7000,0.031,0.944,0.025
7500,0.031,0.944,0.025
8000,0.031,0.946,0.023
8500,0.031,0.942,0.027
9000,0.032,0.941,0.028
9500,0.030,0.944,0.026
10000,0.030,0.949,0.021
10500,0.032,0.945,0.023
11000,0.032,0.946,0.023
11500,0.031,0.939,0.030
12000,0.032,0.940,0.029
12500,0.032,0.940,0.028
13000,0.033,0.945,0.023
13500,0.032,0.945,0.023
14000,0.032,0.940,0.028
14500,0.032,0.942,0.026
15000,0.033,0.941,0.027
15500,0.032,0.940,0.028
16000,0.033,0.940,0.028
16500,0.033,0.940,0.028
17000,0.032,0.944,0.024
17500,0.032,0.944,0.024
18000,0.033,0.938,0.030
18500,0.033,0.935,0.031
19000,0.033,0.933,0.034
19500,0.035,0.933,0.032
20000,0.034,0.934,0.032
20500,0.034,0.931,0.034
21000,0.033,0.925,0.042
21500,0.035,0.926,0.038
22000,0.035,0.923,0.042
22500,0.035,0.921,0.044
23000,0.035,0.918,0.047
23500,0.036,0.925,0.038
24000,0.036,0.923,0.040
24500,0.034,0.924,0.041
25000,0.035,0.923,0.042
25500,0.035,0.923,0.041
26000,0.033,0.929,0.038
26500,0.032,0.927,0.041
27000,0.032,0.932,0.036
27500,0.032,0.931,0.037
28000,0.032,0.933,0.034
28500,0.032,0.939,0.030
29000,0.032,0.938,0.030
29500,0.033,0.938,0.029
30000,0.034,0.936,0.030
30500,0.034,0.937,0.029
31000,0.033,0.936,0.030
31500,0.034,0.931,0.035
32000,0.033,0.935,0.032
32500,0.033,0.933,0.034
33000,0.032,0.934,0.034
33500,0.033,0.931,0.036
34000,0.032,0.935,0.033
34500,0.032,0.938,0.030
35000,0.032,0.939,0.029
35500,0.032,0.940,0.029
36000,0.032,0.942,0.027
36500,0.031,0.939,0.030
37000,0.030,0.941,0.029
37500,0.030,0.940,0.030
38000,0.032,0.939,0.030
38500,0.032,0.938,0.030
39000,0.032,0.939,0.030
39500,0.032,0.942,0.027
40000,0.031,0.939,0.030
40500,0.032,0.939,0.030
41000,0.032,0.934,0.034
41500,0.033,0.935,0.032
42000,0.033,0.934,0.032
42500,0.033,0.935,0.032
43000,0.033,0.932,0.035
43500,0.033,0.935,0.032
44000,0.033,0.938,0.030
44500,0.033,0.936,0.030
45000,0.035,0.934,0.031
45500,0.035,0.938,0.027
46000,0.035,0.938,0.028
46500,0.034,0.942,0.025
47000,0.033,0.941,0.027
47500,0.032,0.935,0.032
48000,0.032,0.937,0.031
48500,0.032,0.931,0.037
49000,0.032,0.928,0.039
49500,0.033,0.935,0.032
50000,0.034,0.934,0.032
50500,0.033,0.937,0.030
51000,0.033,0.933,0.034
51500,0.033,0.934,0.033
52000,0.033,0.924,0.042
52500,0.033,0.927,0.040
53000,0.032,0.928,0.040
53500,0.032,0.934,0.033
54000,0.033,0.935,0.032
54500,0.033,0.940,0.028
55000,0.033,0.935,0.031
55500,0.032,0.929,0.039
56000,0.032,0.931,0.036
56500,0.032,0.932,0.035
57000,0.033,0.936,0.031
57500,0.033,0.940,0.027
58000,0.034,0.938,0.029
58500,0.033,0.939,0.029
59000,0.032,0.938,0.031
59500,0.032,0.933,0.035
60000,0.031,0.936,0.033
60500,0.032,0.935,0.033
61000,0.031,0.938,0.031
61500,0.032,0.938,0.030
62000,0.032,0.936,0.032
62500,0.032,0.939,0.030
63000,0.032,0.941,0.028
63500,0.033,0.941,0.026
64000,0.033,0.945,0.023
64500,0.033,0.946,0.022
65000,0.032,0.942,0.026
65500,0.032,0.939,0.029
66000,0.033,0.938,0.030
66500,0.034,0.940,0.027
67000,0.033,0.940,0.027
67500,0.033,0.943,0.025
68000,0.034,0.940,0.026
68500,0.034,0.936,0.029
69000,0.034,0.931,0.034
69500,0.035,0.933,0.032
70000,0.034,0.935,0.031
70500,0.034,0.933,0.033
71000,0.034,0.930,0.036
71500,0.034,0.932,0.034
72000,0.032,0.929,0.039
72500,0.034,0.925,0.041
73000,0.033,0.929,0.038
73500,0.034,0.929,0.037
74000,0.034,0.930,0.035
74500,0.034,0.924,0.042
75000,0.033,0.930,0.036
75500,0.034,0.930,0.036
76000,0.033,0.927,0.040
76500,0.034,0.931,0.035
77000,0.034,0.934,0.031
77500,0.033,0.935,0.032
78000,0.032,0.939,0.029
78500,0.032,0.944,0.025
79000,0.031,0.947,0.022
79500,0.032,0.948,0.021
80000,0.032,0.944,0.024
80500,0.032,0.942,0.026
81000,0.033,0.941,0.026
81500,0.034,0.943,0.023
82000,0.035,0.941,0.024
82500,0.035,0.943,0.023
83000,0.034,0.939,0.028
83500,0.034,0.935,0.031
84000,0.033,0.931,0.036
84500,0.033,0.929,0.038
85000,0.033,0.930,0.037
85500,0.032,0.932,0.036
86000,0.030,0.933,0.036
86500,0.030,0.939,0.031
87000,0.030,0.938,0.032
87500,0.030,0.939,0.031
88000,0.030,0.938,0.032
88500,0.031,0.939,0.030
89000,0.032,0.934,0.033
89500,0.033,0.940,0.028
90000,0.032,0.938,0.030
90500,0.032,0.935,0.033
91000,0.034,0.935,0.031
91500,0.034,0.933,0.032
92000,0.034,0.932,0.034
92500,0.033,0.929,0.037
93000,0.034,0.933,0.033
93500,0.033,0.930,0.036
94000,0.033,0.931,0.035
94500,0.033,0.932,0.035
95000,0.034,0.927,0.039
95500,0.034,0.927,0.038
96000,0.034,0.928,0.038
96500,0.034,0.928,0.038
97000,0.034,0.934,0.032
97500,0.035,0.937,0.028
98000,0.035,0.941,0.024
98500,0.035,0.938,0.027
99000,0.035,0.937,0.028
99500,0.033,0.933,0.034
100000,0.032,0.934,0.033
100500,0.032,0.941,0.028
101000,0.032,0.942,0.026
101500,0.032,0.936,0.032
102000,0.031,0.933,0.036
102500,0.031,0.938,0.031
103000,0.032,0.936,0.031
103500,0.033,0.936,0.031
104000,0.033,0.930,0.036
104500,0.033,0.926,0.040
105000,0.034,0.925,0.041
105500,0.034,0.921,0.045
106000,0.034,0.927,0.039
106500,0.035,0.931,0.034
107000,0.034,0.929,0.037
107500,0.034,0.932,0.033
108000,0.032,0.934,0.034
108500,0.032,0.935,0.032
109000,0.032,0.939,0.030
109500,0.033,0.934,0.033
110000,0.032,0.932,0.035
110500,0.034,0.931,0.035
111000,0.035,0.931,0.034
111500,0.034,0.931,0.035
112000,0.034,0.925,0.041
112500,0.034,0.930,0.036
113000,0.033,0.929,0.038
113500,0.033,0.928,0.039
114000,0.033,0.930,0.037
114500,0.033,0.925,0.042
115000,0.033,0.926,0.041
115500,0.034,0.923,0.043
116000,0.034,0.927,0.039
116500,0.034,0.931,0.035
117000,0.034,0.930,0.036
117500,0.033,0.933,0.033
118000,0.033,0.936,0.031
118500,0.033,0.939,0.028
119000,0.033,0.936,0.031
119500,0.035,0.933,0.032
120000,0.035,0.932,0.032
120500,0.035,0.931,0.034
121000,0.033,0.936,0.031
121500,0.033,0.940,0.028
122000,0.032,0.936,0.031
122500,0.034,0.940,0.027
123000,0.033,0.941,0.026
123500,0.032,0.940,0.028
124000,0.033,0.934,0.033
124500,0.033,0.939,0.029
125000,0.032,0.936,0.031
125500,0.032,0.939,0.030
126000,0.031,0.935,0.033
126500,0.032,0.937,0.031
127000,0.031,0.935,0.033
127500,0.032,0.936,0.032
128000,0.033,0.942,0.026
128500,0.032,0.942,0.026
129000,0.032,0.943,0.026
129500,0.033,0.934,0.033
130000,0.032,0.929,0.038
130500,0.033,0.934,0.032
131000,0.033,0.932,0.035
131500,0.034,0.940,0.027
132000,0.033,0.939,0.029
132500,0.034,0.938,0.029
133000,0.033,0.933,0.033
133500,0.033,0.936,0.031
134000,0.033,0.935,0.032
134500,0.033,0.935,0.031
135000,0.033,0.935,0.032
135500,0.033,0.935,0.031
136000,0.032,0.934,0.034
136500,0.032,0.936,0.032
137000,0.032,0.933,0.035
137500,0.034,0.933,0.033
138000,0.034,0.934,0.031
138500,0.033,0.930,0.036
139000,0.031,0.929,0.039
139500,0.032,0.933,0.035
140000,0.032,0.931,0.037
140500,0.032,0.934,0.034
141000,0.032,0.936,0.032
141500,0.034,0.936,0.030
142000,0.035,0.936,0.029
142500,0.033,0.932,0.035
143000,0.033,0.935,0.032
143500,0.034,0.933,0.033
144000,0.034,0.929,0.037
144500,0.033,0.933,0.033
145000,0.034,0.931,0.035
145500,0.033,0.932,0.035
146000,0.033,0.936,0.031
146500,0.033,0.943,0.024
147000,0.033,0.940,0.028
147500,0.033,0.941,0.027
148000,0.033,0.941,0.026
148500,0.033,0.936,0.031
149000,0.032,0.935,0.033
149500,0.033,0.929,0.037
150000,0.032,0.933,0.034
150500,0.033,0.935,0.032
151000,0.033,0.934,0.033
151500,0.032,0.938,0.030
152000,0.032,0.946,0.022
152500,0.033,0.943,0.025
153000,0.032,0.944,0.024
153500,0.033,0.941,0.027
154000,0.032,0.941,0.027
154500,0.034,0.940,0.026
155000,0.033,0.938,0.029
155500,0.034,0.934,0.032
156000,0.033,0.926,0.041
156500,0.033,0.933,0.034
157000,0.034,0.926,0.040
157500,0.034,0.929,0.037
158000,0.033,0.935,0.032
158500,0.035,0.938,0.028
159000,0.035,0.940,0.025
159500,0.034,0.939,0.028
160000,0.034,0.935,0.031
160500,0.034,0.942,0.025
161000,0.033,0.941,0.026
161500,0.032,0.940,0.028
162000,0.034,0.942,0.025
162500,0.034,0.937,0.029
163000,0.035,0.936,0.029
163500,0.034,0.934,0.031
164000,0.032,0.933,0.035
164500,0.033,0.932,0.034
165000,0.033,0.932,0.035
165500,0.035,0.931,0.034
166000,0.034,0.931,0.034
166500,0.033,0.934,0.032
167000,0.032,0.932,0.036
167500,0.032,0.935,0.033
168000,0.032,0.934,0.033
168500,0.033,0.935,0.032
169000,0.033,0.933,0.034
169500,0.033,0.935,0.032
170000,0.032,0.935,0.033
170500,0.030,0.935,0.034
171000,0.030,0.935,0.034
171500,0.030,0.933,0.036
172000,0.031,0.935,0.034
172500,0.031,0.939,0.030
173000,0.030,0.940,0.030
173500,0.032,0.940,0.029
174000,0.033,0.938,0.030
174500,0.033,0.939,0.029
175000,0.033,0.944,0.023
175500,0.032,0.939,0.029
176000,0.031,0.936,0.032
176500,0.032,0.938,0.031
177000,0.032,0.939,0.030
177500,0.033,0.940,0.028
178000,0.032,0.941,0.028
178500,0.031,0.944,0.025
179000,0.031,0.947,0.022
179500,0.032,0.945,0.024
180000,0.031,0.941,0.028
180500,0.031,0.936,0.032
181000,0.032,0.935,0.033
181500,0.033,0.938,0.030
182000,0.032,0.940,0.028
182500,0.032,0.939,0.029
183000,0.033,0.940,0.028
183500,0.032,0.939,0.030
184000,0.032,0.938,0.031
184500,0.032,0.937,0.031
185000,0.032,0.934,0.034
185500,0.033,0.937,0.030
186000,0.034,0.934,0.032
186500,0.033,0.933,0.034
187000,0.032,0.933,0.035
187500,0.034,0.931,0.035
188000,0.033,0.927,0.040
188500,0.034,0.922,0.044
189000,0.034,0.924,0.042
189500,0.033,0.929,0.038
190000,0.034,0.926,0.040
190500,0.033,0.927,0.039
191000,0.032,0.927,0.041
191500,0.032,0.932,0.036
192000,0.032,0.939,0.030
192500,0.030,0.944,0.026
193000,0.030,0.943,0.027
193500,0.031,0.945,0.024
194000,0.032,0.943,0.026
194500,0.032,0.940,0.029
195000,0.032,0.945,0.024
195500,0.032,0.945,0.023
196000,0.030,0.946,0.024
196500,0.030,0.943,0.027
197000,0.030,0.946,0.024
197500,0.030,0.945,0.025
198000,0.031,0.947,0.022
198500,0.030,0.939,0.031
199000,0.032,0.938,0.031
199500,0.032,0.936,0.032
200000,0.033,0.936,0.031
200500,0.033,0.931,0.036
201000,0.035,0.936,0.029
201500,0.034,0.938,0.029
202000,0.033,0.933,0.034
202500,0.034,0.934,0.032
203000,0.034,0.935,0.030
203500,0.034,0.932,0.033
204000,0.032,0.929,0.039
204500,0.033,0.929,0.038
205000,0.032,0.932,0.036
205500,0.032,0.932,0.036
206000,0.032,0.934,0.034
206500,0.032,0.935,0.033
207000,0.031,0.939,0.030
207500,0.031,0.938,0.031
208000,0.030,0.936,0.033
208500,0.031,0.938,0.031
209000,0.031,0.936,0.033
209500,0.030,0.941,0.029
210000,0.031,0.937,0.032
210500,0.031,0.942,0.027
211000,0.032,0.945,0.024
211500,0.032,0.946,0.023
212000,0.030,0.944,0.026
212500,0.030,0.943,0.027
213000,0.032,0.944,0.025
213500,0.032,0.944,0.025
214000,0.031,0.944,0.025
214500,0.032,0.939,0.030
215000,0.032,0.940,0.029
215500,0.032,0.946,0.022
216000,0.033,0.946,0.022
216500,0.032,0.944,0.024
217000,0.032,0.943,0.025
217500,0.032,0.944,0.024
218000,0.033,0.936,0.031
218500,0.033,0.935,0.032
219000,0.032,0.930,0.037
219500,0.032,0.930,0.038
220000,0.033,0.938,0.030
220500,0.032,0.941,0.028
221000,0.033,0.939,0.029
221500,0.032,0.932,0.036
222000,0.032,0.934,0.034
222500,0.032,0.932,0.035
223000,0.032,0.931,0.037
223500,0.033,0.932,0.035
224000,0.031,0.942,0.027
224500,0.032,0.939,0.030
225000,0.031,0.940,0.029
225500,0.032,0.935,0.032
226000,0.033,0.938,0.030
226500,0.034,0.936,0.029
227000,0.035,0.936,0.029
227500,0.034,0.938,0.029
228000,0.033,0.938,0.029
228500,0.033,0.940,0.028
229000,0.033,0.933,0.034
229500,0.033,0.932,0.035
230000,0.033,0.929,0.038
230500,0.034,0.930,0.036
231000,0.035,0.929,0.036
231500,0.033,0.926,0.040
232000,0.033,0.929,0.038
232500,0.034,0.932,0.033
233000,0.035,0.930,0.035
233500,0.035,0.925,0.039
234000,0.035,0.931,0.034
234500,0.035,0.931,0.033
235000,0.034,0.928,0.038
235500,0.033,0.926,0.041
236000,0.033,0.932,0.035
236500,0.033,0.934,0.032
237000,0.032,0.932,0.035
237500,0.033,0.936,0.031
238000,0.032,0.939,0.029
238500,0.032,0.933,0.034
239000,0.033,0.937,0.030
239500,0.034,0.929,0.036
240000,0.035,0.928,0.036
240500,0.034,0.933,0.033
241000,0.033,0.935,0.031
241500,0.032,0.931,0.037
242000,0.032,0.934,0.034
242500,0.032,0.938,0.030
243000,0.032,0.936,0.032
243500,0.032,0.935,0.033
244000,0.032,0.934,0.034
244500,0.033,0.932,0.035
245000,0.033,0.936,0.031
245500,0.033,0.932,0.035
246000,0.032,0.934,0.034
246500,0.032,0.940,0.028
247000,0.033,0.940,0.028
247500,0.033,0.939,0.028
248000,0.034,0.939,0.028
248500,0.033,0.939,0.029
249000,0.032,0.941,0.027
249500,0.032,0.946,0.022
250000,0.032,0.949,0.019
250500,0.032,0.946,0.022
251000,0.032,0.944,0.025
251500,0.032,0.946,0.022
252000,0.031,0.946,0.023
252500,0.030,0.944,0.026
253000,0.030,0.948,0.022
253500,0.030,0.950,0.020
254000,0.030,0.947,0.023
254500,0.030,0.950,0.020
255000,0.030,0.946,0.024
255500,0.031,0.945,0.024
256000,0.032,0.944,0.025
256500,0.030,0.939,0.031
257000,0.033,0.938,0.029
257500,0.033,0.935,0.032
258000,0.034,0.935,0.031
258500,0.033,0.940,0.027
259000,0.033,0.938,0.030
259500,0.034,0.934,0.032
260000,0.035,0.933,0.032
260500,0.034,0.936,0.030
261000,0.034,0.938,0.029
261500,0.034,0.941,0.026
262000,0.033,0.939,0.028
262500,0.033,0.933,0.033
263000,0.035,0.937,0.028
263500,0.033,0.935,0.032
264000,0.033,0.935,0.032
264500,0.033,0.934,0.033
265000,0.033,0.938,0.029
265500,0.034,0.939,0.028
266000,0.033,0.936,0.031
266500,0.033,0.935,0.031
267000,0.033,0.934,0.033
267500,0.033,0.938,0.029
268000,0.033,0.936,0.031
268500,0.032,0.937,0.031
269000,0.031,0.936,0.033
269500,0.030,0.941,0.029
270000,0.032,0.945,0.024
270500,0.033,0.939,0.029
271000,0.032,0.936,0.032
271500,0.032,0.939,0.030
272000,0.032,0.939,0.029
272500,0.031,0.935,0.034
273000,0.030,0.938,0.032
273500,0.030,0.942,0.028
274000,0.032,0.937,0.031
274500,0.032,0.936,0.031
275000,0.031,0.945,0.024
275500,0.032,0.944,0.025
276000,0.032,0.941,0.027
276500,0.032,0.939,0.030
277000,0.031,0.940,0.029
277500,0.030,0.942,0.028
278000,0.031,0.939,0.030
278500,0.032,0.940,0.029
279000,0.035,0.940,0.026
279500,0.035,0.941,0.025
280000,0.034,0.942,0.024
280500,0.034,0.938,0.029
281000,0.033,0.940,0.028
281500,0.033,0.935,0.032
282000,0.033,0.935,0.032
282500,0.034,0.931,0.034
283000,0.035,0.930,0.035
283500,0.035,0.931,0.033
284000,0.037,0.931,0.031
284500,0.037,0.928,0.034
285000,0.037,0.927,0.035
285500,0.037,0.931,0.032
286000,0.035,0.936,0.028
286500,0.036,0.933,0.031
287000,0.035,0.931,0.033
287500,0.036,0.925,0.038
288000,0.035,0.927,0.037
288500,0.035,0.928,0.037
289000,0.035,0.931,0.034
289500,0.034,0.932,0.034
290000,0.033,0.927,0.040
290500,0.033,0.928,0.038
291000,0.035,0.924,0.041
291500,0.035,0.923,0.041
292000,0.035,0.928,0.037
292500,0.036,0.930,0.034
293000,0.036,0.930,0.033
293500,0.035,0.926,0.038
294000,0.035,0.928,0.037
294500,0.035,0.929,0.036
295000,0.034,0.926,0.040
295500,0.034,0.921,0.045
296000,0.034,0.925,0.041
296500,0.034,0.925,0.040
297000,0.035,0.919,0.045
297500,0.035,0.920,0.044
298000,0.038,0.921,0.041
298500,0.037,0.920,0.043
299000,0.035,0.921,0.044
299500,0.035,0.924,0.040
300000,0.036,0.928,0.035
300500,0.034,0.932,0.034
301000,0.034,0.932,0.033
301500,0.034,0.933,0.033
302000,0.034,0.929,0.037
302500,0.035,0.927,0.038
303000,0.034,0.929,0.036
303500,0.035,0.924,0.040
304000,0.035,0.926,0.039
304500,0.035,0.926,0.038
305000,0.036,0.929,0.035
305500,0.036,0.934,0.029
306000,0.037,0.933,0.029
306500,0.036,0.932,0.031
307000,0.036,0.930,0.033
307500,0.036,0.932,0.031
308000,0.034,0.932,0.033
308500,0.034,0.935,0.030
309000,0.035,0.936,0.029
309500,0.035,0.931,0.033
310000,0.035,0.924,0.040
310500,0.035,0.923,0.041
311000,0.035,0.926,0.039
311500,0.034,0.928,0.037
312000,0.034,0.932,0.034
312500,0.034,0.934,0.032
313000,0.035,0.927,0.037
313500,0.036,0.923,0.040
314000,0.036,0.930,0.033
314500,0.036,0.925,0.039
315000,0.036,0.929,0.034
315500,0.035,0.928,0.036
316000,0.035,0.929,0.036
316500,0.035,0.927,0.038
317000,0.035,0.928,0.037
317500,0.035,0.927,0.038
318000,0.035,0.928,0.036
318500,0.035,0.935,0.030
319000,0.034,0.930,0.035
319500,0.035,0.933,0.031
320000,0.035,0.930,0.034
320500,0.033,0.930,0.037
321000,0.032,0.924,0.043
321500,0.032,0.927,0.040
322000,0.033,0.930,0.037
322500,0.034,0.928,0.038
323000,0.033,0.924,0.042
323500,0.034,0.924,0.042
324000,0.033,0.923,0.043
324500,0.033,0.926,0.041
325000,0.033,0.927,0.040
325500,0.033,0.928,0.038
326000,0.032,0.926,0.042
326500,0.032,0.929,0.039
327000,0.033,0.931,0.035
327500,0.032,0.930,0.038
328000,0.032,0.933,0.035
328500,0.030,0.938,0.032
329000,0.030,0.939,0.031
329500,0.030,0.939,0.031
330000,0.031,0.935,0.033
330500,0.032,0.937,0.031
331000,0.031,0.940,0.029
331500,0.032,0.934,0.034
332000,0.032,0.937,0.031
332500,0.032,0.940,0.029
333000,0.031,0.939,0.030
333500,0.033,0.942,0.026
334000,0.033,0.943,0.024
334500,0.033,0.944,0.024
335000,0.033,0.943,0.025
335500,0.035,0.945,0.021
336000,0.034,0.948,0.019
336500,0.034,0.947,0.020
337000,0.033,0.938,0.030
337500,0.032,0.938,0.031
338000,0.033,0.933,0.033
338500,0.033,0.927,0.039
339000,0.035,0.925,0.039
339500,0.035,0.930,0.034
340000,0.034,0.930,0.035
340500,0.034,0.927,0.039
341000,0.032,0.929,0.039
341500,0.032,0.931,0.036
342000,0.032,0.932,0.036
342500,0.032,0.928,0.040
343000,0.032,0.925,0.042
343500,0.032,0.930,0.037
344000,0.032,0.934,0.034
344500,0.032,0.931,0.036
345000,0.030,0.939,0.031
345500,0.032,0.938,0.030
346000,0.032,0.940,0.028
346500,0.034,0.935,0.031
347000,0.033,0.933,0.034
347500,0.035,0.930,0.035
348000,0.035,0.929,0.036
348500,0.035,0.933,0.032
349000,0.035,0.933,0.031
349500,0.038,0.934,0.028
350000,0.036,0.933,0.030
350500,0.036,0.934,0.029
351000,0.036,0.933,0.031
351500,0.034,0.935,0.030
352000,0.034,0.937,0.029
352500,0.034,0.936,0.030
353000,0.034,0.936,0.030
353500,0.034,0.938,0.029
354000,0.035,0.936,0.029
354500,0.035,0.935,0.029
355000,0.035,0.930,0.034
355500,0.035,0.932,0.032
356000,0.035,0.929,0.036
356500,0.035,0.931,0.034
357000,0.034,0.931,0.035
357500,0.033,0.930,0.037
358000,0.033,0.924,0.043
358500,0.032,0.924,0.044
359000,0.032,0.929,0.039
359500,0.032,0.925,0.042
360000,0.033,0.933,0.034
360500,0.034,0.935,0.031
361000,0.033,0.933,0.033
361500,0.033,0.940,0.028
362000,0.032,0.943,0.025
362500,0.033,0.941,0.027
363000,0.033,0.935,0.032
363500,0.034,0.928,0.038
364000,0.033,0.926,0.040
364500,0.033,0.930,0.037
365000,0.034,0.928,0.038
365500,0.033,0.926,0.041
366000,0.032,0.926,0.042
366500,0.032,0.930,0.038
367000,0.032,0.930,0.038
367500,0.032,0.934,0.034
368000,0.033,0.936,0.030
368500,0.034,0.939,0.028
369000,0.033,0.943,0.025
369500,0.033,0.942,0.026
370000,0.033,0.936,0.031
370500,0.032,0.938,0.031
371000,0.032,0.941,0.028
371500,0.032,0.940,0.028
372000,0.032,0.939,0.030
372500,0.032,0.936,0.032
373000,0.030,0.932,0.037
373500,0.032,0.932,0.036
374000,0.033,0.930,0.037
374500,0.031,0.930,0.039
375000,0.033,0.935,0.032
375500,0.033,0.938,0.029
376000,0.033,0.941,0.027
376500,0.032,0.940,0.028
377000,0.032,0.940,0.029
377500,0.032,0.943,0.026
378000,0.031,0.940,0.029
378500,0.032,0.943,0.025
379000,0.033,0.940,0.028
379500,0.031,0.943,0.026
380000,0.031,0.942,0.027
380500,0.030,0.944,0.026
381000,0.032,0.942,0.027
381500,0.031,0.944,0.025
382000,0.031,0.945,0.024
382500,0.031,0.945,0.024
383000,0.031,0.943,0.026
383500,0.032,0.943,0.025
384000,0.032,0.940,0.029
384500,0.031,0.938,0.031
385000,0.032,0.938,0.031
385500,0.032,0.934,0.034
386000,0.032,0.936,0.032
386500,0.033,0.940,0.028
387000,0.032,0.940,0.028
387500,0.032,0.938,0.030
388000,0.032,0.938,0.030
388500,0.032,0.938,0.031
389000,0.031,0.936,0.033
389500,0.032,0.933,0.035
390000,0.032,0.937,0.031
390500,0.033,0.936,0.031
391000,0.033,0.936,0.031
391500,0.032,0.934,0.034
392000,0.033,0.938,0.030
392500,0.033,0.933,0.034
393000,0.035,0.937,0.028
393500,0.035,0.932,0.032
394000,0.034,0.935,0.031
394500,0.033,0.936,0.031
395000,0.033,0.933,0.034
395500,0.032,0.933,0.034
396000,0.033,0.934,0.033
396500,0.033,0.935,0.032
397000,0.032,0.934,0.034
397500,0.033,0.934,0.033
398000,0.032,0.934,0.034
398500,0.032,0.932,0.036
399000,0.032,0.938,0.030
399500,0.032,0.939,0.029
400000,0.032,0.935,0.033
400500,0.032,0.931,0.036
401000,0.032,0.934,0.034
401500,0.033,0.932,0.035
402000,0.033,0.931,0.036
402500,0.033,0.931,0.036
403000,0.033,0.932,0.035
403500,0.032,0.930,0.038
404000,0.032,0.928,0.040
404500,0.032,0.928,0.040
405000,0.031,0.937,0.032
405500,0.031,0.938,0.031
406000,0.032,0.935,0.033
406500,0.032,0.931,0.036
407000,0.032,0.929,0.039
407500,0.034,0.928,0.038
408000,0.034,0.931,0.035
408500,0.035,0.930,0.035
409000,0.034,0.929,0.037
409500,0.034,0.933,0.033
410000,0.034,0.929,0.036
410500,0.034,0.933,0.033
411000,0.033,0.934,0.033
411500,0.033,0.933,0.034
412000,0.033,0.934,0.033
412500,0.032,0.932,0.036
413000,0.032,0.935,0.033
413500,0.033,0.937,0.030
414000,0.034,0.935,0.031
414500,0.035,0.931,0.033
415000,0.034,0.931,0.035
415500,0.034,0.931,0.035
416000,0.034,0.931,0.035
416500,0.035,0.925,0.040
417000,0.032,0.932,0.036
417500,0.032,0.931,0.036
418000,0.032,0.931,0.037
418500,0.033,0.930,0.037
419000,0.034,0.932,0.034
419500,0.035,0.932,0.033
420000,0.034,0.930,0.035
420500,0.033,0.929,0.038
421000,0.034,0.931,0.035
421500,0.033,0.929,0.037
422000,0.033,0.929,0.038
422500,0.032,0.935,0.032
423000,0.032,0.930,0.037
423500,0.035,0.928,0.037
424000,0.034,0.923,0.042
424500,0.033,0.925,0.042
425000,0.033,0.926,0.041
425500,0.032,0.930,0.038
426000,0.031,0.929,0.040
426500,0.030,0.938,0.032
427000,0.032,0.942,0.026
427500,0.031,0.943,0.026
428000,0.033,0.943,0.025
428500,0.033,0.944,0.024
429000,0.033,0.944,0.023
429500,0.034,0.942,0.025
430000,0.032,0.941,0.027
430500,0.030,0.942,0.028
431000,0.030,0.942,0.028
431500,0.030,0.944,0.026
432000,0.032,0.949,0.020
432500,0.031,0.945,0.024
433000,0.031,0.938,0.031
433500,0.032,0.936,0.032
434000,0.030,0.939,0.031
434500,0.031,0.935,0.033
435000,0.032,0.937,0.031
435500,0.032,0.933,0.035
436000,0.032,0.931,0.037
436500,0.032,0.928,0.040
437000,0.033,0.927,0.040
437500,0.032,0.925,0.043
438000,0.032,0.927,0.040
438500,0.032,0.928,0.039
439000,0.032,0.934,0.034
439500,0.032,0.931,0.037
440000,0.032,0.934,0.034
440500,0.033,0.934,0.032
441000,0.033,0.931,0.036
441500,0.033,0.939,0.029
442000,0.033,0.940,0.028
442500,0.032,0.940,0.028
443000,0.033,0.944,0.024
443500,0.033,0.938,0.029
444000,0.033,0.935,0.032
444500,0.033,0.934,0.033
445000,0.034,0.927,0.039
445500,0.034,0.936,0.030
446000,0.033,0.934,0.032
446500,0.034,0.931,0.035
447000,0.034,0.933,0.033
447500,0.034,0.933,0.032
448000,0.034,0.938,0.028
448500,0.034,0.939,0.027
449000,0.034,0.936,0.029
449500,0.034,0.943,0.024
450000,0.032,0.941,0.028
450500,0.032,0.942,0.027
451000,0.032,0.936,0.032
451500,0.031,0.935,0.033
452000,0.031,0.935,0.034
452500,0.032,0.933,0.035
453000,0.031,0.933,0.036
453500,0.032,0.929,0.038
454000,0.032,0.930,0.038
454500,0.032,0.935,0.033
455000,0.034,0.933,0.032
455500,0.034,0.930,0.036
456000,0.033,0.935,0.031
456500,0.033,0.933,0.034
457000,0.032,0.932,0.036
457500,0.032,0.938,0.030
458000,0.031,0.934,0.034
458500,0.032,0.932,0.036
459000,0.032,0.939,0.030
459500,0.032,0.944,0.025
460000,0.032,0.947,0.022
460500,0.031,0.943,0.026
461000,0.033,0.943,0.025
461500,0.033,0.941,0.026
462000,0.033,0.942,0.026
462500,0.032,0.941,0.028
463000,0.031,0.942,0.027
463500,0.031,0.941,0.028
464000,0.032,0.941,0.028
464500,0.031,0.939,0.030
465000,0.032,0.938,0.030
465500,0.034,0.932,0.034
466000,0.034,0.931,0.035
466500,0.034,0.928,0.037
467000,0.035,0.925,0.040
467500,0.035,0.923,0.041
468000,0.035,0.922,0.043
468500,0.034,0.925,0.041
469000,0.035,0.926,0.038
469500,0.034,0.925,0.041
470000,0.034,0.928,0.038
470500,0.034,0.934,0.032
471000,0.034,0.932,0.034
471500,0.034,0.932,0.033
472000,0.035,0.930,0.034
472500,0.035,0.930,0.035
473000,0.035,0.937,0.028
473500,0.034,0.938,0.029
474000,0.034,0.935,0.031
474500,0.034,0.935,0.030
475000,0.033,0.933,0.033
475500,0.032,0.936,0.032
476000,0.032,0.939,0.030
476500,0.032,0.939,0.029
477000,0.033,0.936,0.031
477500,0.033,0.938,0.029
478000,0.032,0.937,0.031
478500,0.032,0.940,0.029
479000,0.033,0.940,0.028
479500,0.033,0.940,0.027
480000,0.033,0.940,0.028
480500,0.033,0.938,0.030
481000,0.032,0.933,0.034
481500,0.032,0.934,0.034
482000,0.033,0.933,0.034
482500,0.034,0.937,0.029
483000,0.034,0.934,0.032
483500,0.034,0.933,0.033
484000,0.034,0.935,0.031
484500,0.033,0.936,0.030
485000,0.034,0.934,0.031
485500,0.032,0.930,0.037
486000,0.032,0.935,0.033
486500,0.032,0.938,0.030
487000,0.032,0.937,0.031
487500,0.034,0.932,0.034
488000,0.033,0.931,0.035
488500,0.033,0.929,0.038
489000,0.033,0.932,0.035
489500,0.033,0.935,0.032
490000,0.033,0.943,0.025
490500,0.032,0.944,0.024
491000,0.032,0.944,0.024
491500,0.032,0.945,0.024
492000,0.031,0.944,0.025
492500,0.033,0.943,0.025
493000,0.032,0.942,0.026
493500,0.032,0.941,0.028
494000,0.032,0.938,0.030
494500,0.032,0.937,0.031
495000,0.032,0.941,0.028
495500,0.032,0.945,0.024
496000,0.031,0.942,0.027
496500,0.031,0.944,0.025
497000,0.031,0.945,0.024
497500,0.031,0.942,0.027
498000,0.031,0.940,0.029
498500,0.031,0.941,0.028
499000,0.032,0.941,0.028
499500,0.032,0.940,0.028
500000,0.032,0.933,0.035
500500,0.034,0.928,0.037
501000,0.035,0.934,0.031
501500,0.034,0.926,0.040
502000,0.034,0.928,0.038
502500,0.034,0.932,0.034
503000,0.032,0.932,0.035
503500,0.032,0.935,0.033
504000,0.034,0.933,0.032
504500,0.033,0.925,0.042
505000,0.035,0.929,0.036
505500,0.034,0.927,0.038
506000,0.035,0.927,0.037
506500,0.035,0.926,0.039
507000,0.034,0.929,0.037
507500,0.033,0.934,0.033
508000,0.032,0.933,0.035
508500,0.032,0.931,0.037
509000,0.031,0.924,0.045
509500,0.033,0.924,0.043
510000,0.032,0.932,0.036
510500,0.033,0.930,0.037
511000,0.032,0.932,0.036
511500,0.033,0.933,0.034
512000,0.033,0.933,0.034
512500,0.033,0.935,0.031
513000,0.033,0.929,0.037
513500,0.032,0.932,0.035
514000,0.033,0.935,0.032
514500,0.033,0.934,0.033
515000,0.033,0.941,0.027
515500,0.033,0.941,0.026
516000,0.032,0.941,0.027
516500,0.032,0.945,0.024
517000,0.032,0.944,0.024
517500,0.033,0.944,0.024
518000,0.033,0.944,0.023
518500,0.032,0.944,0.024
519000,0.031,0.936,0.033
519500,0.032,0.935,0.033
520000,0.032,0.935,0.033
520500,0.032,0.931,0.036
521000,0.032,0.929,0.038
521500,0.032,0.931,0.037
522000,0.032,0.933,0.035
522500,0.032,0.936,0.032
523000,0.032,0.941,0.028
523500,0.032,0.933,0.035
524000,0.031,0.934,0.034
524500,0.030,0.935,0.034
525000,0.031,0.937,0.032
525500,0.031,0.933,0.036
526000,0.031,0.931,0.038
526500,0.033,0.930,0.037
527000,0.033,0.934,0.032
527500,0.034,0.935,0.031
528000,0.034,0.934,0.032
528500,0.034,0.940,0.027
529000,0.035,0.938,0.028
529500,0.034,0.940,0.027
530000,0.033,0.933,0.033
530500,0.034,0.931,0.035
531000,0.035,0.927,0.038
531500,0.034,0.931,0.035
532000,0.033,0.924,0.043
532500,0.033,0.931,0.036
533000,0.033,0.931,0.036
533500,0.034,0.933,0.033
534000,0.033,0.935,0.031
534500,0.032,0.934,0.034
535000,0.032,0.934,0.034
535500,0.033,0.940,0.028
536000,0.033,0.940,0.028
536500,0.034,0.938,0.028
537000,0.035,0.938,0.028
537500,0.033,0.940,0.027
538000,0.034,0.936,0.030
538500,0.034,0.930,0.036
539000,0.033,0.932,0.034
539500,0.032,0.936,0.031
540000,0.032,0.935,0.033
540500,0.032,0.936,0.032
541000,0.032,0.934,0.034
541500,0.033,0.934,0.033
542000,0.033,0.936,0.030
542500,0.033,0.941,0.027
543000,0.033,0.941,0.027
543500,0.033,0.941,0.027
544000,0.033,0.941,0.027
544500,0.033,0.942,0.026
545000,0.033,0.943,0.025
545500,0.033,0.947,0.021
546000,0.033,0.949,0.018
546500,0.033,0.947,0.020
547000,0.032,0.946,0.022
547500,0.033,0.940,0.027
548000,0.032,0.941,0.027
548500,0.032,0.940,0.029
549000,0.031,0.942,0.027
549500,0.030,0.936,0.033
550000,0.032,0.939,0.029
550500,0.032,0.940,0.028
551000,0.033,0.937,0.030
551500,0.032,0.938,0.030
552000,0.032,0.943,0.026
552500,0.032,0.939,0.029
553000,0.032,0.937,0.031
553500,0.032,0.938,0.030
554000,0.033,0.933,0.034
554500,0.032,0.934,0.034
555000,0.032,0.937,0.031
555500,0.033,0.936,0.031
556000,0.032,0.929,0.038
556500,0.033,0.929,0.038
557000,0.033,0.930,0.036
557500,0.033,0.931,0.036
558000,0.033,0.932,0.034
558500,0.032,0.936,0.032
559000,0.033,0.933,0.034
559500,0.034,0.929,0.037
560000,0.035,0.932,0.033
560500,0.034,0.930,0.036
561000,0.035,0.928,0.037
561500,0.034,0.926,0.039
562000,0.035,0.934,0.031
562500,0.033,0.933,0.034
563000,0.033,0.931,0.036
563500,0.032,0.930,0.038
564000,0.033,0.927,0.040
564500,0.034,0.924,0.042
565000,0.033,0.929,0.038
565500,0.033,0.931,0.035
566000,0.034,0.931,0.035
566500,0.034,0.925,0.041
567000,0.034,0.927,0.038
567500,0.035,0.927,0.037
568000,0.035,0.929,0.036
568500,0.035,0.932,0.033
569000,0.034,0.932,0.034
569500,0.035,0.933,0.032
570000,0.035,0.930,0.034
570500,0.034,0.930,0.035
571000,0.035,0.933,0.032
571500,0.034,0.935,0.031
572000,0.033,0.933,0.033
572500,0.032,0.931,0.036
573000,0.033,0.931,0.035
573500,0.033,0.933,0.034
574000,0.033,0.932,0.035
574500,0.032,0.935,0.033
575000,0.033,0.938,0.029
575500,0.033,0.939,0.029
576000,0.033,0.935,0.032
576500,0.033,0.929,0.038
577000,0.033,0.928,0.039
577500,0.032,0.929,0.039
578000,0.033,0.932,0.035
578500,0.033,0.927,0.039
579000,0.034,0.928,0.038
579500,0.034,0.924,0.042
580000,0.032,0.928,0.039
580500,0.032,0.932,0.036
581000,0.032,0.932,0.035
581500,0.031,0.937,0.032
582000,0.032,0.942,0.026
582500,0.033,0.941,0.026
583000,0.033,0.933,0.034
583500,0.034,0.935,0.031
584000,0.034,0.937,0.029
584500,0.035,0.936,0.029
585000,0.034,0.936,0.029
585500,0.033,0.932,0.034
586000,0.033,0.933,0.034
586500,0.034,0.933,0.033
587000,0.034,0.932,0.033
587500,0.033,0.929,0.037
588000,0.033,0.928,0.039
588500,0.033,0.926,0.041
589000,0.033,0.925,0.042
589500,0.032,0.927,0.041
590000,0.031,0.925,0.044
590500,0.033,0.925,0.041
591000,0.033,0.929,0.037
591500,0.032,0.931,0.037
592000,0.033,0.931,0.036
592500,0.034,0.927,0.039
593000,0.034,0.925,0.041
593500,0.033,0.932,0.035
594000,0.032,0.931,0.037
594500,0.032,0.928,0.040
595000,0.032,0.938,0.030
595500,0.033,0.938,0.029
596000,0.032,0.940,0.028
596500,0.034,0.935,0.031
597000,0.033,0.930,0.036
597500,0.033,0.932,0.035
598000,0.032,0.932,0.036
598500,0.034,0.930,0.035
599000,0.034,0.927,0.039
599500,0.034,0.928,0.038
600000,0.034,0.928,0.038
600500,0.034,0.931,0.035
601000,0.033,0.931,0.035
601500,0.033,0.932,0.035
602000,0.034,0.931,0.034
602500,0.034,0.933,0.033
603000,0.033,0.929,0.038
603500,0.033,0.939,0.029
604000,0.033,0.937,0.030
604500,0.034,0.940,0.027
605000,0.033,0.941,0.027
605500,0.033,0.940,0.027
606000,0.034,0.943,0.024
606500,0.033,0.944,0.023
607000,0.032,0.941,0.027
607500,0.032,0.939,0.029
608000,0.032,0.936,0.032
608500,0.032,0.935,0.033
609000,0.031,0.935,0.034
609500,0.032,0.935,0.033
610000,0.030,0.939,0.031
610500,0.031,0.938,0.031
611000,0.031,0.935,0.034
611500,0.032,0.933,0.035
612000,0.033,0.932,0.035
612500,0.032,0.934,0.034
613000,0.031,0.935,0.033
613500,0.032,0.937,0.031
614000,0.031,0.939,0.030
614500,0.032,0.944,0.024
615000,0.032,0.947,0.021
615500,0.032,0.946,0.023
616000,0.031,0.947,0.022
616500,0.032,0.945,0.023
617000,0.033,0.944,0.024
617500,0.034,0.946,0.020
618000,0.033,0.949,0.019
618500,0.032,0.942,0.026
619000,0.032,0.946,0.023
619500,0.032,0.942,0.026
620000,0.034,0.941,0.025
620500,0.032,0.937,0.031
621000,0.033,0.936,0.031
621500,0.033,0.936,0.030
622000,0.035,0.934,0.031
622500,0.035,0.939,0.027
623000,0.034,0.941,0.026
623500,0.034,0.941,0.026
624000,0.034,0.938,0.029
624500,0.032,0.939,0.029
625000,0.033,0.936,0.030
625500,0.033,0.934,0.033
626000,0.033,0.932,0.035
626500,0.033,0.935,0.031
627000,0.033,0.941,0.027
627500,0.032,0.943,0.025
628000,0.032,0.939,0.029
628500,0.035,0.937,0.028
629000,0.034,0.940,0.027
629500,0.033,0.937,0.030
630000,0.033,0.941,0.027
630500,0.032,0.938,0.030
631000,0.032,0.939,0.030
631500,0.032,0.937,0.031
632000,0.034,0.942,0.025
632500,0.033,0.938,0.029
633000,0.034,0.935,0.031
633500,0.033,0.937,0.030
634000,0.033,0.938,0.029
634500,0.033,0.939,0.029
635000,0.033,0.939,0.028
635500,0.034,0.935,0.030
636000,0.033,0.933,0.033
636500,0.034,0.930,0.036
637000,0.034,0.926,0.039
637500,0.033,0.929,0.038
638000,0.034,0.931,0.035
638500,0.034,0.933,0.033
639000,0.035,0.936,0.029
639500,0.034,0.936,0.030
640000,0.034,0.929,0.036
640500,0.035,0.934,0.031
641000,0.035,0.933,0.032
641500,0.035,0.935,0.030
642000,0.035,0.938,0.028
642500,0.033,0.939,0.029
643000,0.033,0.936,0.031
643500,0.033,0.937,0.030
644000,0.033,0.934,0.033
644500,0.032,0.935,0.032
645000,0.034,0.936,0.030
645500,0.034,0.933,0.033
646000,0.034,0.930,0.036
646500,0.034,0.936,0.029
647000,0.033,0.937,0.030
647500,0.033,0.944,0.023
648000,0.032,0.945,0.023
648500,0.031,0.945,0.024
649000,0.031,0.947,0.022
649500,0.032,0.948,0.020
650000,0.033,0.943,0.025
650500,0.033,0.938,0.030
651000,0.032,0.941,0.027
651500,0.032,0.942,0.026
652000,0.032,0.946,0.023
652500,0.032,0.942,0.027
653000,0.033,0.941,0.026
653500,0.033,0.938,0.030
654000,0.033,0.935,0.032
654500,0.035,0.932,0.033
655000,0.035,0.927,0.037
655500,0.036,0.928,0.035
656000,0.035,0.927,0.037
656500,0.035,0.928,0.036
657000,0.034,0.929,0.037
657500,0.034,0.930,0.036
658000,0.033,0.929,0.038
658500,0.033,0.929,0.038
659000,0.032,0.932,0.035
659500,0.033,0.932,0.035
660000,0.034,0.940,0.026
660500,0.033,0.939,0.028
661000,0.033,0.931,0.035
661500,0.032,0.931,0.037
662000,0.034,0.932,0.034
662500,0.034,0.929,0.036
663000,0.034,0.931,0.035
663500,0.033,0.929,0.038
664000,0.033,0.938,0.029
664500,0.034,0.943,0.024
665000,0.033,0.944,0.024
665500,0.032,0.943,0.025
666000,0.032,0.944,0.025
666500,0.032,0.940,0.029
667000,0.031,0.941,0.028
667500,0.031,0.943,0.026
668000,0.032,0.938,0.030
668500,0.033,0.937,0.030
669000,0.033,0.941,0.026
669500,0.034,0.940,0.026
670000,0.034,0.941,0.025
670500,0.033,0.942,0.026
671000,0.032,0.938,0.031
671500,0.032,0.939,0.030
672000,0.032,0.939,0.029
672500,0.032,0.939,0.029
673000,0.032,0.942,0.026
673500,0.032,0.943,0.026
674000,0.032,0.934,0.034
674500,0.033,0.934,0.033
675000,0.033,0.932,0.035
675500,0.033,0.932,0.035
676000,0.033,0.937,0.030
676500,0.033,0.935,0.032
677000,0.033,0.936,0.031
677500,0.033,0.933,0.034
678000,0.033,0.938,0.030
678500,0.032,0.941,0.028
679000,0.031,0.938,0.031
679500,0.031,0.939,0.030
680000,0.030,0.934,0.035
680500,0.032,0.936,0.032
681000,0.033,0.938,0.030
681500,0.033,0.936,0.031
682000,0.034,0.941,0.026
682500,0.033,0.940,0.027
683000,0.033,0.939,0.029
683500,0.033,0.938,0.029
684000,0.032,0.943,0.025
684500,0.032,0.939,0.029
685000,0.032,0.936,0.032
685500,0.030,0.941,0.029
686000,0.030,0.942,0.028
686500,0.030,0.942,0.028
687000,0.030,0.936,0.033
687500,0.032,0.932,0.036
688000,0.030,0.942,0.028
688500,0.030,0.940,0.030
689000,0.030,0.945,0.025
689500,0.030,0.943,0.027
690000,0.031,0.944,0.025
690500,0.030,0.945,0.025
691000,0.030,0.946,0.024
691500,0.030,0.943,0.027
692000,0.031,0.941,0.028
692500,0.031,0.942,0.027
693000,0.032,0.939,0.030
693500,0.030,0.941,0.029
694000,0.030,0.939,0.031
694500,0.030,0.939,0.031
695000,0.030,0.940,0.030
695500,0.032,0.938,0.031
696000,0.033,0.939,0.028
696500,0.035,0.940,0.026
697000,0.035,0.945,0.021
697500,0.035,0.940,0.025
698000,0.035,0.938,0.028
698500,0.035,0.935,0.030
699000,0.035,0.935,0.030
699500,0.035,0.931,0.033
700000,0.035,0.936,0.029
700500,0.035,0.932,0.033
701000,0.033,0.931,0.036
701500,0.033,0.931,0.036
702000,0.031,0.941,0.028
702500,0.031,0.942,0.027
703000,0.031,0.941,0.028
703500,0.031,0.938,0.031
704000,0.031,0.934,0.034
704500,0.032,0.939,0.029
705000,0.032,0.938,0.031
705500,0.033,0.940,0.028
706000,0.032,0.936,0.032
706500,0.032,0.936,0.031
707000,0.032,0.935,0.033
707500,0.032,0.936,0.031
708000,0.034,0.941,0.025
708500,0.034,0.939,0.027
709000,0.034,0.936,0.030
709500,0.034,0.932,0.034
710000,0.034,0.928,0.037
710500,0.034,0.927,0.039
711000,0.035,0.929,0.036
711500,0.036,0.930,0.034
712000,0.035,0.925,0.039
712500,0.035,0.930,0.035
713000,0.035,0.930,0.035
713500,0.035,0.932,0.033
714000,0.037,0.932,0.030
714500,0.037,0.930,0.032
715000,0.037,0.927,0.035
715500,0.037,0.929,0.034
716000,0.038,0.929,0.033
716500,0.036,0.930,0.033
717000,0.036,0.931,0.033
717500,0.035,0.933,0.032
718000,0.035,0.930,0.035
718500,0.034,0.935,0.031
719000,0.034,0.944,0.022
719500,0.033,0.941,0.026
720000,0.032,0.939,0.030
720500,0.034,0.940,0.026
721000,0.033,0.935,0.032
721500,0.034,0.935,0.031
722000,0.033,0.939,0.028
722500,0.034,0.936,0.030
723000,0.033,0.935,0.032
723500,0.034,0.936,0.030
724000,0.035,0.932,0.033
724500,0.035,0.928,0.037
725000,0.035,0.929,0.036
725500,0.034,0.929,0.037
726000,0.034,0.925,0.040
726500,0.034,0.928,0.037
727000,0.034,0.930,0.036
727500,0.032,0.931,0.036
728000,0.033,0.930,0.037
728500,0.033,0.930,0.037
729000,0.033,0.931,0.036
729500,0.033,0.930,0.037
730000,0.032,0.931,0.037
730500,0.032,0.935,0.033
731000,0.032,0.942,0.026
731500,0.032,0.944,0.025
732000,0.032,0.940,0.029
732500,0.033,0.938,0.030
733000,0.033,0.936,0.031
733500,0.034,0.933,0.033
734000,0.033,0.939,0.029
734500,0.033,0.936,0.031
735000,0.034,0.930,0.035
735500,0.035,0.939,0.026
736000,0.036,0.935,0.028
736500,0.035,0.930,0.034
737000,0.036,0.927,0.037
737500,0.035,0.932,0.033
738000,0.034,0.930,0.036
738500,0.033,0.933,0.034
739000,0.034,0.933,0.033
739500,0.033,0.932,0.035
740000,0.034,0.936,0.030
740500,0.033,0.943,0.025
741000,0.032,0.939,0.029
741500,0.034,0.937,0.029
742000,0.033,0.928,0.038
742500,0.034,0.927,0.038
743000,0.035,0.926,0.038
743500,0.035,0.933,0.032
744000,0.035,0.928,0.036
744500,0.034,0.933,0.033
745000,0.035,0.935,0.030
745500,0.034,0.933,0.033
746000,0.034,0.933,0.033
746500,0.034,0.929,0.037
747000,0.033,0.927,0.039
747500,0.035,0.925,0.040
748000,0.035,0.928,0.037
748500,0.035,0.931,0.034
749000,0.035,0.931,0.033
749500,0.034,0.933,0.032
750000,0.035,0.932,0.033
750500,0.035,0.932,0.033
751000,0.034,0.933,0.032
751500,0.035,0.937,0.027
752000,0.035,0.937,0.027
752500,0.035,0.935,0.029
753000,0.035,0.927,0.037
753500,0.036,0.925,0.038
754000,0.036,0.930,0.034
754500,0.035,0.932,0.033
755000,0.035,0.930,0.035
755500,0.034,0.931,0.035
756000,0.033,0.932,0.035
756500,0.033,0.936,0.031
757000,0.032,0.939,0.029
757500,0.032,0.939,0.029
758000,0.032,0.939,0.029
758500,0.034,0.942,0.025
759000,0.033,0.941,0.026
759500,0.033,0.939,0.028
760000,0.034,0.934,0.032
760500,0.034,0.935,0.031
761000,0.032,0.934,0.033
761500,0.032,0.936,0.032
762000,0.032,0.939,0.029
762500,0.033,0.940,0.028
763000,0.032,0.941,0.028
763500,0.032,0.941,0.027
764000,0.032,0.939,0.029
764500,0.032,0.939,0.029
765000,0.032,0.935,0.032
765500,0.034,0.932,0.034
766000,0.035,0.928,0.037
766500,0.035,0.932,0.032
767000,0.035,0.931,0.034
767500,0.034,0.933,0.032
768000,0.035,0.933,0.032
768500,0.035,0.935,0.030
769000,0.035,0.929,0.035
769500,0.035,0.927,0.038
770000,0.035,0.928,0.036
770500,0.034,0.932,0.034
771000,0.034,0.934,0.032
771500,0.034,0.940,0.027
772000,0.034,0.935,0.031
772500,0.033,0.940,0.028
773000,0.033,0.939,0.029
773500,0.033,0.940,0.028
774000,0.033,0.943,0.025
774500,0.033,0.942,0.026
775000,0.033,0.939,0.029
775500,0.032,0.934,0.033
776000,0.032,0.932,0.036
776500,0.034,0.932,0.034
777000,0.033,0.931,0.036
777500,0.033,0.932,0.035
778000,0.032,0.930,0.038
778500,0.034,0.928,0.038
779000,0.034,0.932,0.034
779500,0.035,0.933,0.032
780000,0.034,0.928,0.038
780500,0.034,0.926,0.039
781000,0.034,0.932,0.034
781500,0.034,0.924,0.042
782000,0.035,0.928,0.036
782500,0.035,0.930,0.034
783000,0.033,0.932,0.035
783500,0.033,0.937,0.030
784000,0.033,0.937,0.030
784500,0.033,0.935,0.032
785000,0.033,0.934,0.032
785500,0.033,0.936,0.031
786000,0.032,0.939,0.029
786500,0.032,0.941,0.027
787000,0.031,0.941,0.028
787500,0.031,0.943,0.026
788000,0.032,0.944,0.024
788500,0.032,0.940,0.029
789000,0.032,0.940,0.029
789500,0.032,0.940,0.028
790000,0.032,0.943,0.025
790500,0.032,0.940,0.028
791000,0.032,0.939,0.029
791500,0.033,0.938,0.030
792000,0.033,0.931,0.036
792500,0.034,0.938,0.029
793000,0.033,0.941,0.027
793500,0.032,0.939,0.029
794000,0.031,0.942,0.027
794500,0.031,0.943,0.026
795000,0.033,0.943,0.025
795500,0.031,0.943,0.026
796000,0.032,0.943,0.025
796500,0.032,0.940,0.029
797000,0.032,0.938,0.031
797500,0.032,0.942,0.027
798000,0.032,0.942,0.027
798500,0.033,0.944,0.023
799000,0.032,0.940,0.028
799500,0.033,0.942,0.025
800000,0.033,0.941,0.027
800500,0.031,0.943,0.026
801000,0.031,0.941,0.028
801500,0.030,0.945,0.025
802000,0.031,0.940,0.029
802500,0.032,0.942,0.027
803000,0.032,0.945,0.023
803500,0.032,0.943,0.026
804000,0.032,0.946,0.022
804500,0.032,0.944,0.025
805000,0.032,0.939,0.029
805500,0.033,0.940,0.027
806000,0.033,0.942,0.026
806500,0.032,0.938,0.030
807000,0.032,0.932,0.036
807500,0.032,0.933,0.035
808000,0.032,0.940,0.029
808500,0.032,0.944,0.025
809000,0.031,0.946,0.023
809500,0.031,0.944,0.025
810000,0.030,0.944,0.026
810500,0.030,0.941,0.029
811000,0.030,0.939,0.031
811500,0.030,0.940,0.030
812000,0.030,0.942,0.028
812500,0.030,0.944,0.026
813000,0.031,0.943,0.026
813500,0.030,0.942,0.028
814000,0.032,0.940,0.029
814500,0.031,0.935,0.034
815000,0.031,0.933,0.036
815500,0.033,0.933,0.034
816000,0.034,0.933,0.033
816500,0.033,0.930,0.037
817000,0.034,0.930,0.036
817500,0.033,0.933,0.034
818000,0.033,0.933,0.034
818500,0.032,0.934,0.033
819000,0.033,0.934,0.033
819500,0.034,0.928,0.038
820000,0.035,0.932,0.033
820500,0.035,0.935,0.030
821000,0.033,0.934,0.032
821500,0.034,0.935,0.031
822000,0.033,0.941,0.026
822500,0.033,0.943,0.024
823000,0.033,0.941,0.026
823500,0.033,0.941,0.027
824000,0.033,0.935,0.032
824500,0.032,0.933,0.034
825000,0.032,0.934,0.034
825500,0.030,0.935,0.034
826000,0.031,0.939,0.030
826500,0.031,0.933,0.035
827000,0.031,0.933,0.036
827500,0.033,0.932,0.035
828000,0.034,0.932,0.034
828500,0.033,0.934,0.033
829000,0.033,0.930,0.036
829500,0.033,0.934,0.033
830000,0.033,0.932,0.035
830500,0.032,0.931,0.036
831000,0.032,0.930,0.038
831500,0.031,0.938,0.031
832000,0.031,0.939,0.030
832500,0.030,0.941,0.029
833000,0.030,0.944,0.026
833500,0.030,0.939,0.031
834000,0.030,0.933,0.036
834500,0.030,0.939,0.031
835000,0.032,0.942,0.027
835500,0.032,0.941,0.028
836000,0.032,0.938,0.031
836500,0.032,0.936,0.032
837000,0.032,0.934,0.034
837500,0.031,0.937,0.032
838000,0.031,0.939,0.030
838500,0.032,0.934,0.034
839000,0.032,0.934,0.033
839500,0.033,0.933,0.034
840000,0.034,0.926,0.039
840500,0.034,0.926,0.040
841000,0.034,0.933,0.033
841500,0.034,0.940,0.026
842000,0.035,0.938,0.027
842500,0.035,0.936,0.028
843000,0.035,0.935,0.030
843500,0.035,0.935,0.030
844000,0.035,0.935,0.030
844500,0.036,0.928,0.035
845000,0.036,0.927,0.036
845500,0.037,0.929,0.034
846000,0.035,0.931,0.034
846500,0.035,0.933,0.032
847000,0.035,0.932,0.033
847500,0.034,0.933,0.032
848000,0.034,0.930,0.036
848500,0.034,0.927,0.039
849000,0.033,0.932,0.035
849500,0.034,0.936,0.030
850000,0.034,0.935,0.031
850500,0.033,0.935,0.032
851000,0.033,0.942,0.026
851500,0.032,0.941,0.027
852000,0.031,0.942,0.027
852500,0.031,0.941,0.028
853000,0.030,0.942,0.028
853500,0.032,0.939,0.030
854000,0.032,0.936,0.032
854500,0.032,0.932,0.036
855000,0.031,0.927,0.041
855500,0.032,0.932,0.036
856000,0.032,0.935,0.033
856500,0.032,0.936,0.031
857000,0.031,0.944,0.025
857500,0.030,0.942,0.028
858000,0.030,0.943,0.027
858500,0.030,0.944,0.026
859000,0.032,0.941,0.028
859500,0.031,0.942,0.027
860000,0.031,0.941,0.028
860500,0.031,0.940,0.029
861000,0.031,0.940,0.029
861500,0.031,0.939,0.030
862000,0.031,0.940,0.029
862500,0.032,0.938,0.030
863000,0.031,0.935,0.033
863500,0.030,0.939,0.031
864000,0.032,0.936,0.032
864500,0.032,0.935,0.032
865000,0.032,0.940,0.028
865500,0.032,0.944,0.024
866000,0.032,0.940,0.028
866500,0.032,0.937,0.031
867000,0.032,0.934,0.033
867500,0.032,0.937,0.031
868000,0.032,0.936,0.032
868500,0.032,0.939,0.030
869000,0.031,0.938,0.031
869500,0.032,0.929,0.039
870000,0.032,0.930,0.038
870500,0.032,0.934,0.034
871000,0.032,0.938,0.031
871500,0.032,0.935,0.032
872000,0.033,0.931,0.036
872500,0.031,0.934,0.035
873000,0.031,0.935,0.034
873500,0.032,0.932,0.035
874000,0.033,0.929,0.038
874500,0.035,0.931,0.033
875000,0.034,0.936,0.030
875500,0.033,0.936,0.030
876000,0.033,0.938,0.029
876500,0.034,0.935,0.031
877000,0.032,0.929,0.039
877500,0.032,0.928,0.039
878000,0.033,0.931,0.036
878500,0.033,0.930,0.036
879000,0.033,0.930,0.036
879500,0.033,0.928,0.038
880000,0.032,0.930,0.038
880500,0.033,0.935,0.032
881000,0.033,0.935,0.032
881500,0.034,0.934,0.032
882000,0.034,0.928,0.038
882500,0.034,0.929,0.036
883000,0.035,0.926,0.039
883500,0.034,0.932,0.034
884000,0.033,0.931,0.035
884500,0.034,0.935,0.031
885000,0.033,0.935,0.031
885500,0.034,0.929,0.036
886000,0.034,0.934,0.031
886500,0.034,0.932,0.034
887000,0.034,0.931,0.035
887500,0.033,0.931,0.035
888000,0.033,0.927,0.040
888500,0.033,0.922,0.045
889000,0.034,0.927,0.039
889500,0.034,0.927,0.039
890000,0.033,0.929,0.037
890500,0.033,0.928,0.039
891000,0.033,0.931,0.036
891500,0.033,0.932,0.035
892000,0.033,0.940,0.028
892500,0.033,0.937,0.030
893000,0.033,0.933,0.034
893500,0.034,0.929,0.036
894000,0.035,0.926,0.038
894500,0.036,0.923,0.040
895000,0.035,0.926,0.038
895500,0.035,0.930,0.035
896000,0.035,0.929,0.035
896500,0.036,0.927,0.037
897000,0.036,0.926,0.037
897500,0.035,0.925,0.040
898000,0.034,0.926,0.040
898500,0.035,0.926,0.038
899000,0.035,0.927,0.037
899500,0.034,0.925,0.040
900000,0.033,0.923,0.044
900500,0.032,0.929,0.038
901000,0.033,0.931,0.036
901500,0.032,0.931,0.037
902000,0.032,0.935,0.033
902500,0.032,0.941,0.028
903000,0.031,0.936,0.032
903500,0.032,0.934,0.033
904000,0.033,0.933,0.033
904500,0.032,0.937,0.031
905000,0.032,0.938,0.031
905500,0.032,0.935,0.033
906000,0.031,0.933,0.036
906500,0.034,0.934,0.032
907000,0.032,0.931,0.036
907500,0.033,0.932,0.035
908000,0.033,0.930,0.037
908500,0.032,0.932,0.036
909000,0.035,0.935,0.030
909500,0.034,0.939,0.028
910000,0.033,0.936,0.031
910500,0.033,0.941,0.026
911000,0.033,0.935,0.031
911500,0.034,0.930,0.036
912000,0.034,0.930,0.036
912500,0.034,0.930,0.036
913000,0.034,0.929,0.037
913500,0.034,0.929,0.037
914000,0.034,0.929,0.036
914500,0.033,0.933,0.033
915000,0.034,0.929,0.037
915500,0.033,0.921,0.046
916000,0.031,0.915,0.054
916500,0.033,0.922,0.045
917000,0.033,0.928,0.039
917500,0.032,0.930,0.038
918000,0.031,0.934,0.034
918500,0.032,0.939,0.030
919000,0.032,0.932,0.035
919500,0.032,0.932,0.036
920000,0.033,0.934,0.033
920500,0.033,0.936,0.030
921000,0.032,0.930,0.037
921500,0.032,0.926,0.042
922000,0.033,0.928,0.039
922500,0.033,0.930,0.037
923000,0.033,0.938,0.030
923500,0.033,0.931,0.036
924000,0.034,0.935,0.031
924500,0.033,0.934,0.033
925000,0.034,0.930,0.035
925500,0.033,0.930,0.037
926000,0.033,0.936,0.031
926500,0.035,0.937,0.028
927000,0.035,0.934,0.030
927500,0.034,0.935,0.031
928000,0.035,0.936,0.028
928500,0.034,0.935,0.030
929000,0.035,0.934,0.031
929500,0.034,0.934,0.032
930000,0.033,0.940,0.028
930500,0.032,0.944,0.024
931000,0.032,0.942,0.026
931500,0.032,0.946,0.022
932000,0.034,0.942,0.025
932500,0.033,0.939,0.029
933000,0.033,0.941,0.026
933500,0.033,0.941,0.026
934000,0.032,0.939,0.030
934500,0.031,0.938,0.031
935000,0.031,0.941,0.028
935500,0.032,0.941,0.027
936000,0.032,0.939,0.029
936500,0.032,0.941,0.027
937000,0.033,0.944,0.024
937500,0.032,0.946,0.022
938000,0.032,0.943,0.026
938500,0.032,0.941,0.028
939000,0.030,0.938,0.032
939500,0.032,0.940,0.029
940000,0.032,0.942,0.026
940500,0.033,0.943,0.025
941000,0.032,0.940,0.029
941500,0.031,0.947,0.022
942000,0.032,0.941,0.028
942500,0.033,0.931,0.036
943000,0.032,0.938,0.031
943500,0.032,0.938,0.030
944000,0.034,0.943,0.024
944500,0.033,0.941,0.026
945000,0.033,0.942,0.026
945500,0.032,0.940,0.029
946000,0.033,0.941,0.027
946500,0.032,0.938,0.031
947000,0.031,0.932,0.037
947500,0.032,0.930,0.037
948000,0.032,0.932,0.036
948500,0.032,0.928,0.039
949000,0.032,0.930,0.038
949500,0.033,0.929,0.038
950000,0.034,0.932,0.034
950500,0.033,0.934,0.033
951000,0.034,0.933,0.033
951500,0.034,0.938,0.029
952000,0.033,0.939,0.028
952500,0.033,0.944,0.023
953000,0.034,0.946,0.021
953500,0.032,0.944,0.025
954000,0.030,0.940,0.030
954500,0.031,0.943,0.026
955000,0.032,0.940,0.029
955500,0.030,0.943,0.027
956000,0.032,0.944,0.025
956500,0.033,0.942,0.026
957000,0.033,0.947,0.020
957500,0.032,0.947,0.022
958000,0.032,0.944,0.025
958500,0.032,0.945,0.023
959000,0.033,0.937,0.030
959500,0.034,0.939,0.028
960000,0.033,0.935,0.031
960500,0.034,0.931,0.035
961000,0.034,0.928,0.038
961500,0.035,0.932,0.033
962000,0.035,0.926,0.038
962500,0.035,0.930,0.035
963000,0.035,0.929,0.035
963500,0.035,0.928,0.036
964000,0.036,0.933,0.031
964500,0.035,0.933,0.031
965000,0.035,0.931,0.034
965500,0.035,0.933,0.031
966000,0.035,0.938,0.027
966500,0.035,0.936,0.028
967000,0.034,0.933,0.033
967500,0.033,0.935,0.032
968000,0.032,0.939,0.029
968500,0.033,0.938,0.029
969000,0.033,0.939,0.029
969500,0.032,0.938,0.030
970000,0.033,0.935,0.032
970500,0.033,0.934,0.032
971000,0.034,0.932,0.033
971500,0.034,0.930,0.036
972000,0.035,0.932,0.033
972500,0.035,0.929,0.035
973000,0.034,0.922,0.044
973500,0.031,0.931,0.038
974000,0.032,0.934,0.034
974500,0.032,0.931,0.036
975000,0.032,0.931,0.037
975500,0.032,0.930,0.037
976000,0.032,0.930,0.038
976500,0.032,0.925,0.043
977000,0.032,0.924,0.043
977500,0.033,0.925,0.042
978000,0.032,0.927,0.041
978500,0.031,0.929,0.039
979000,0.031,0.931,0.037
979500,0.030,0.927,0.043
980000,0.031,0.923,0.046
980500,0.031,0.926,0.043
981000,0.032,0.924,0.044
981500,0.033,0.930,0.037
982000,0.032,0.927,0.040
982500,0.034,0.932,0.034
983000,0.032,0.931,0.036
983500,0.033,0.932,0.034
984000,0.032,0.935,0.032
984500,0.033,0.936,0.031
985000,0.034,0.940,0.027
985500,0.034,0.939,0.027
986000,0.033,0.935,0.032
986500,0.033,0.934,0.033
987000,0.033,0.931,0.036
987500,0.034,0.930,0.036
988000,0.034,0.928,0.037
988500,0.034,0.922,0.044
989000,0.034,0.925,0.040
989500,0.035,0.920,0.045
990000,0.034,0.921,0.045
990500,0.035,0.919,0.045
991000,0.036,0.922,0.041
991500,0.036,0.927,0.036
992000,0.036,0.932,0.031
992500,0.035,0.935,0.030
993000,0.036,0.929,0.034
993500,0.035,0.927,0.037
994000,0.035,0.928,0.036
994500,0.034,0.927,0.039
995000,0.035,0.928,0.037
995500,0.033,0.931,0.035
996000,0.034,0.932,0.034
996500,0.034,0.935,0.031
997000,0.034,0.936,0.030
997500,0.033,0.941,0.027
998000,0.032,0.938,0.030
998500,0.032,0.936,0.032
999000,0.032,0.938,0.031
999500,0.032,0.942,0.027
1000000,0.032,0.941,0.028
