time,n_A+p,n_B,n_AB
100,0.415,0.527,0.058
200,0.390,0.515,0.095
300,0.381,0.497,0.122
400,0.370,0.480,0.150
500,0.358,0.475,0.168
600,0.360,0.463,0.178
700,0.359,0.447,0.194
800,0.361,0.449,0.190
900,0.362,0.445,0.193
1000,0.355,0.449,0.195
1100,0.354,0.440,0.205
1200,0.351,0.432,0.217
1300,0.346,0.427,0.227
1400,0.340,0.431,0.229
1500,0.360,0.413,0.228
1600,0.377,0.387,0.236
1700,0.376,0.379,0.245
1800,0.367,0.384,0.249
1900,0.364,0.396,0.240
2000,0.365,0.385,0.250
2100,0.362,0.393,0.245
2200,0.348,0.407,0.245
2300,0.344,0.398,0.257
2400,0.343,0.400,0.256
2500,0.341,0.403,0.255
2600,0.335,0.399,0.266
2700,0.332,0.407,0.261
2800,0.334,0.407,0.259
2900,0.339,0.400,0.260
3000,0.347,0.402,0.250
3100,0.334,0.395,0.271
3200,0.339,0.383,0.278
3300,0.332,0.385,0.283
3400,0.333,0.382,0.285
3500,0.332,0.383,0.285
3600,0.335,0.376,0.289
3700,0.350,0.374,0.276
3800,0.346,0.374,0.280
3900,0.329,0.358,0.314
4000,0.335,0.362,0.303
4100,0.336,0.361,0.303
4200,0.346,0.354,0.299
4300,0.332,0.360,0.308
4400,0.319,0.365,0.317
4500,0.317,0.355,0.328
4600,0.314,0.356,0.330
4700,0.311,0.356,0.333
4800,0.304,0.344,0.351
4900,0.320,0.347,0.333
5000,0.330,0.349,0.321
5100,0.323,0.358,0.320
5200,0.328,0.355,0.317
5300,0.325,0.365,0.311
5400,0.305,0.370,0.325
5500,0.307,0.373,0.320
5600,0.300,0.362,0.338
5700,0.291,0.362,0.347
5800,0.293,0.386,0.321
5900,0.289,0.388,0.323
6000,0.286,0.394,0.320
6100,0.284,0.392,0.324
6200,0.270,0.401,0.329
6300,0.278,0.407,0.316
6400,0.275,0.400,0.325
6500,0.280,0.388,0.332
6600,0.268,0.398,0.334
6700,0.260,0.401,0.338
6800,0.264,0.414,0.323
6900,0.270,0.421,0.309
7000,0.261,0.427,0.312
7100,0.256,0.428,0.316
7200,0.272,0.418,0.311
7300,0.280,0.418,0.302
7400,0.292,0.385,0.323
7500,0.279,0.391,0.330
7600,0.269,0.400,0.331
7700,0.269,0.402,0.329
7800,0.270,0.422,0.308
7900,0.279,0.422,0.299
8000,0.267,0.426,0.307
8100,0.264,0.439,0.297
8200,0.263,0.437,0.300
8300,0.261,0.430,0.308
8400,0.271,0.417,0.313
8500,0.261,0.421,0.318
8600,0.251,0.426,0.323
8700,0.241,0.448,0.311
8800,0.245,0.448,0.306
8900,0.256,0.449,0.294
9000,0.243,0.465,0.292
9100,0.239,0.469,0.292
9200,0.241,0.463,0.296
9300,0.233,0.474,0.293
9400,0.236,0.465,0.299
9500,0.239,0.463,0.298
9600,0.226,0.455,0.320
9700,0.217,0.474,0.309
9800,0.218,0.473,0.309
9900,0.225,0.472,0.303
10000,0.218,0.478,0.304
10100,0.221,0.477,0.302
10200,0.212,0.473,0.315
10300,0.207,0.470,0.323
10400,0.212,0.477,0.311
10500,0.208,0.499,0.292
10600,0.208,0.498,0.293
10700,0.210,0.497,0.292
10800,0.208,0.497,0.294
10900,0.216,0.490,0.294
11000,0.218,0.484,0.298
11100,0.225,0.477,0.298
11200,0.210,0.477,0.313
11300,0.205,0.481,0.314
11400,0.205,0.490,0.304
11500,0.210,0.483,0.306
11600,0.213,0.475,0.312
11700,0.226,0.459,0.316
11800,0.232,0.457,0.312
11900,0.251,0.433,0.316
12000,0.252,0.431,0.317
12100,0.251,0.433,0.316
12200,0.232,0.427,0.341
12300,0.226,0.429,0.345
12400,0.241,0.430,0.329
12500,0.239,0.420,0.341
12600,0.247,0.417,0.336
12700,0.240,0.410,0.350
12800,0.250,0.407,0.343
12900,0.248,0.412,0.340
13000,0.232,0.427,0.341
13100,0.245,0.407,0.348
13200,0.240,0.410,0.350
13300,0.260,0.413,0.327
13400,0.257,0.422,0.321
13500,0.249,0.424,0.327
13600,0.245,0.427,0.328
13700,0.251,0.427,0.322
13800,0.246,0.427,0.327
13900,0.253,0.424,0.323
14000,0.261,0.422,0.317
14100,0.269,0.425,0.306
14200,0.265,0.430,0.305
14300,0.264,0.427,0.309
14400,0.256,0.425,0.319
14500,0.265,0.422,0.314
14600,0.258,0.413,0.329
14700,0.270,0.415,0.316
14800,0.256,0.429,0.315
14900,0.265,0.421,0.315
15000,0.276,0.416,0.308
15100,0.269,0.417,0.315
15200,0.258,0.415,0.327
15300,0.251,0.422,0.327
15400,0.253,0.434,0.313
15500,0.254,0.416,0.330
15600,0.257,0.416,0.327
15700,0.260,0.415,0.325
15800,0.256,0.414,0.330
15900,0.261,0.407,0.332
16000,0.266,0.401,0.333
16100,0.266,0.402,0.332
16200,0.264,0.400,0.336
16300,0.271,0.403,0.326
16400,0.296,0.397,0.306
16500,0.297,0.382,0.321
16600,0.291,0.373,0.336
16700,0.288,0.377,0.335
16800,0.280,0.371,0.349
16900,0.275,0.371,0.354
17000,0.269,0.365,0.367
17100,0.290,0.365,0.345
17200,0.281,0.376,0.343
17300,0.277,0.376,0.347
17400,0.284,0.365,0.351
17500,0.288,0.365,0.347
17600,0.285,0.369,0.346
17700,0.297,0.369,0.334
17800,0.316,0.351,0.333
17900,0.308,0.372,0.320
18000,0.316,0.375,0.309
18100,0.303,0.389,0.307
18200,0.280,0.388,0.332
18300,0.274,0.386,0.340
18400,0.267,0.394,0.339
18500,0.267,0.393,0.340
18600,0.265,0.390,0.345
18700,0.268,0.398,0.334
18800,0.277,0.414,0.309
18900,0.272,0.404,0.324
19000,0.276,0.394,0.330
19100,0.271,0.396,0.333
19200,0.264,0.404,0.332
19300,0.285,0.403,0.312
19400,0.279,0.402,0.319
19500,0.261,0.387,0.351
19600,0.283,0.388,0.329
19700,0.277,0.390,0.333
19800,0.284,0.383,0.333
19900,0.282,0.386,0.332
20000,0.286,0.384,0.330
20100,0.290,0.381,0.329
20200,0.285,0.389,0.326
20300,0.287,0.379,0.334
20400,0.279,0.384,0.337
20500,0.287,0.384,0.329
20600,0.283,0.386,0.331
20700,0.284,0.384,0.332
20800,0.279,0.396,0.325
20900,0.282,0.402,0.316
21000,0.289,0.397,0.314
21100,0.290,0.396,0.314
21200,0.305,0.384,0.311
21300,0.295,0.384,0.321
21400,0.289,0.385,0.326
21500,0.289,0.386,0.325
21600,0.293,0.382,0.325
21700,0.288,0.379,0.333
21800,0.289,0.374,0.337
21900,0.283,0.374,0.343
22000,0.274,0.385,0.341
22100,0.282,0.399,0.319
22200,0.278,0.394,0.328
22300,0.282,0.402,0.316
22400,0.288,0.402,0.309
22500,0.288,0.399,0.313
22600,0.273,0.395,0.332
22700,0.275,0.400,0.325
22800,0.272,0.388,0.340
22900,0.272,0.391,0.337
23000,0.278,0.397,0.325
23100,0.283,0.386,0.331
23200,0.280,0.385,0.335
23300,0.274,0.382,0.344
23400,0.271,0.389,0.340
23500,0.265,0.391,0.344
23600,0.273,0.390,0.337
23700,0.274,0.392,0.334
23800,0.280,0.382,0.338
23900,0.275,0.396,0.329
24000,0.269,0.402,0.329
24100,0.272,0.407,0.322
24200,0.274,0.399,0.327
24300,0.269,0.394,0.337
24400,0.254,0.417,0.329
24500,0.256,0.419,0.325
24600,0.252,0.421,0.327
24700,0.257,0.430,0.313
24800,0.258,0.437,0.304
24900,0.259,0.432,0.308
25000,0.257,0.430,0.313
25100,0.260,0.416,0.324
25200,0.256,0.408,0.336
25300,0.257,0.413,0.330
25400,0.258,0.406,0.336
25500,0.265,0.407,0.329
25600,0.267,0.407,0.327
25700,0.267,0.386,0.347
25800,0.257,0.378,0.365
25900,0.259,0.387,0.353
26000,0.258,0.398,0.343
26100,0.256,0.404,0.339
26200,0.249,0.404,0.346
26300,0.233,0.401,0.366
26400,0.233,0.398,0.369
26500,0.238,0.391,0.371
26600,0.252,0.399,0.348
26700,0.254,0.392,0.353
26800,0.252,0.394,0.353
26900,0.269,0.401,0.330
27000,0.260,0.397,0.342
27100,0.279,0.393,0.328
27200,0.274,0.392,0.334
27300,0.269,0.398,0.333
27400,0.269,0.396,0.335
27500,0.264,0.392,0.344
27600,0.253,0.396,0.350
27700,0.255,0.402,0.342
27800,0.258,0.398,0.343
27900,0.261,0.394,0.344
28000,0.252,0.399,0.348
28100,0.247,0.404,0.348
28200,0.254,0.408,0.338
28300,0.252,0.406,0.342
28400,0.247,0.397,0.355
28500,0.248,0.399,0.352
28600,0.252,0.395,0.352
28700,0.255,0.395,0.349
28800,0.253,0.395,0.351
28900,0.247,0.403,0.349
29000,0.245,0.407,0.348
29100,0.250,0.400,0.349
29200,0.251,0.389,0.360
29300,0.264,0.396,0.340
29400,0.271,0.399,0.330
29500,0.266,0.412,0.323
29600,0.275,0.398,0.327
29700,0.266,0.398,0.336
29800,0.265,0.406,0.330
29900,0.264,0.410,0.327
30000,0.254,0.414,0.332
30100,0.246,0.411,0.343
30200,0.246,0.404,0.349
30300,0.243,0.411,0.346
30400,0.253,0.404,0.342
30500,0.245,0.411,0.344
30600,0.240,0.402,0.358
30700,0.234,0.402,0.364
30800,0.236,0.407,0.358
30900,0.246,0.407,0.347
31000,0.244,0.417,0.339
31100,0.258,0.411,0.331
31200,0.249,0.432,0.319
31300,0.248,0.428,0.324
31400,0.246,0.427,0.327
31500,0.240,0.427,0.333
31600,0.237,0.438,0.325
31700,0.235,0.433,0.332
31800,0.234,0.433,0.333
31900,0.229,0.420,0.351
32000,0.238,0.414,0.348
32100,0.239,0.420,0.341
32200,0.248,0.413,0.339
32300,0.237,0.414,0.349
32400,0.241,0.404,0.354
32500,0.239,0.408,0.353
32600,0.245,0.391,0.364
32700,0.232,0.400,0.368
32800,0.240,0.392,0.368
32900,0.250,0.396,0.353
33000,0.279,0.397,0.324
33100,0.286,0.384,0.330
33200,0.281,0.389,0.330
33300,0.274,0.396,0.330
33400,0.277,0.385,0.338
33500,0.274,0.381,0.345
33600,0.263,0.382,0.355
33700,0.274,0.385,0.341
33800,0.289,0.374,0.337
33900,0.293,0.373,0.334
34000,0.286,0.367,0.347
34100,0.289,0.351,0.360
34200,0.290,0.344,0.366
34300,0.286,0.346,0.368
34400,0.288,0.352,0.360
34500,0.289,0.348,0.363
34600,0.282,0.347,0.371
34700,0.267,0.353,0.380
34800,0.271,0.347,0.382
34900,0.261,0.371,0.368
35000,0.263,0.383,0.354
35100,0.261,0.384,0.354
35200,0.255,0.383,0.362
35300,0.260,0.387,0.352
35400,0.252,0.402,0.345
35500,0.264,0.401,0.335
35600,0.259,0.397,0.343
35700,0.269,0.386,0.345
35800,0.270,0.383,0.347
35900,0.283,0.382,0.335
36000,0.283,0.388,0.329
36100,0.276,0.391,0.333
36200,0.284,0.384,0.332
36300,0.286,0.395,0.319
36400,0.277,0.392,0.331
36500,0.287,0.378,0.335
36600,0.278,0.385,0.337
36700,0.285,0.389,0.326
36800,0.285,0.379,0.336
36900,0.280,0.375,0.345
37000,0.285,0.358,0.358
37100,0.301,0.350,0.348
37200,0.304,0.351,0.344
37300,0.301,0.358,0.341
37400,0.299,0.369,0.332
37500,0.285,0.355,0.360
37600,0.286,0.355,0.359
37700,0.275,0.346,0.379
37800,0.280,0.351,0.369
37900,0.284,0.354,0.362
38000,0.258,0.368,0.374
38100,0.254,0.365,0.381
38200,0.256,0.353,0.390
38300,0.263,0.366,0.372
38400,0.265,0.362,0.374
38500,0.256,0.368,0.376
38600,0.275,0.375,0.350
38700,0.257,0.392,0.350
38800,0.257,0.395,0.347
38900,0.265,0.394,0.341
39000,0.275,0.386,0.339
39100,0.281,0.375,0.344
39200,0.289,0.401,0.309
39300,0.286,0.392,0.322
39400,0.279,0.391,0.330
39500,0.272,0.387,0.341
39600,0.256,0.409,0.335
39700,0.260,0.410,0.330
39800,0.273,0.403,0.324
39900,0.279,0.397,0.324
40000,0.285,0.394,0.321
40100,0.277,0.408,0.316
40200,0.288,0.397,0.315
40300,0.263,0.398,0.339
40400,0.277,0.390,0.333
40500,0.284,0.386,0.330
40600,0.290,0.385,0.325
40700,0.319,0.365,0.317
40800,0.290,0.366,0.344
40900,0.282,0.360,0.359
41000,0.288,0.368,0.344
41100,0.303,0.358,0.339
41200,0.309,0.356,0.334
41300,0.323,0.347,0.330
41400,0.301,0.348,0.350
41500,0.302,0.340,0.358
41600,0.302,0.341,0.356
41700,0.312,0.334,0.354
41800,0.304,0.343,0.352
41900,0.288,0.352,0.360
42000,0.291,0.346,0.363
42100,0.290,0.345,0.365
42200,0.285,0.358,0.358
42300,0.287,0.348,0.365
42400,0.296,0.377,0.327
42500,0.302,0.377,0.321
42600,0.301,0.378,0.321
42700,0.314,0.372,0.315
42800,0.309,0.370,0.321
42900,0.312,0.360,0.329
43000,0.301,0.351,0.347
43100,0.279,0.356,0.365
43200,0.281,0.364,0.355
43300,0.282,0.366,0.352
43400,0.280,0.356,0.364
43500,0.294,0.359,0.347
43600,0.299,0.356,0.344
43700,0.302,0.338,0.360
43800,0.313,0.338,0.349
43900,0.291,0.371,0.338
44000,0.297,0.370,0.333
44100,0.300,0.389,0.311
44200,0.291,0.393,0.316
44300,0.302,0.389,0.308
44400,0.318,0.387,0.295
44500,0.331,0.388,0.281
44600,0.326,0.380,0.294
44700,0.332,0.365,0.303
44800,0.332,0.352,0.316
44900,0.327,0.355,0.318
45000,0.336,0.356,0.307
45100,0.336,0.346,0.318
45200,0.344,0.339,0.317
45300,0.334,0.337,0.329
45400,0.319,0.350,0.331
45500,0.314,0.362,0.325
45600,0.309,0.366,0.325
45700,0.318,0.370,0.313
45800,0.309,0.366,0.325
45900,0.312,0.359,0.330
46000,0.312,0.368,0.321
46100,0.306,0.359,0.335
46200,0.292,0.355,0.352
46300,0.283,0.345,0.372
46400,0.285,0.336,0.379
46500,0.290,0.338,0.372
46600,0.303,0.351,0.345
46700,0.308,0.353,0.338
46800,0.308,0.368,0.324
46900,0.314,0.361,0.326
47000,0.320,0.353,0.327
47100,0.312,0.352,0.336
47200,0.330,0.340,0.330
47300,0.334,0.338,0.328
47400,0.308,0.342,0.349
47500,0.294,0.345,0.361
47600,0.320,0.318,0.363
47700,0.315,0.311,0.375
47800,0.317,0.331,0.352
47900,0.300,0.348,0.351
48000,0.296,0.341,0.363
48100,0.284,0.338,0.378
48200,0.279,0.336,0.385
48300,0.289,0.342,0.369
48400,0.283,0.336,0.381
48500,0.286,0.350,0.364
48600,0.306,0.333,0.361
48700,0.301,0.337,0.362
48800,0.302,0.336,0.362
48900,0.305,0.329,0.366
49000,0.298,0.324,0.378
49100,0.286,0.329,0.385
49200,0.286,0.311,0.403
49300,0.285,0.308,0.407
49400,0.288,0.328,0.384
49500,0.294,0.321,0.385
49600,0.296,0.328,0.376
49700,0.301,0.355,0.343
49800,0.308,0.347,0.344
49900,0.307,0.346,0.346
50000,0.303,0.343,0.353
50100,0.304,0.334,0.362
50200,0.286,0.346,0.368
50300,0.279,0.348,0.373
50400,0.283,0.347,0.370
50500,0.271,0.354,0.375
50600,0.260,0.363,0.377
50700,0.274,0.363,0.364
50800,0.267,0.372,0.362
50900,0.270,0.372,0.359
51000,0.259,0.379,0.362
51100,0.244,0.388,0.368
51200,0.248,0.389,0.363
51300,0.250,0.394,0.355
51400,0.267,0.365,0.369
51500,0.266,0.361,0.374
51600,0.277,0.361,0.363
51700,0.278,0.363,0.360
51800,0.284,0.364,0.352
51900,0.287,0.350,0.363
52000,0.296,0.346,0.358
52100,0.289,0.358,0.353
52200,0.288,0.362,0.350
52300,0.279,0.358,0.364
52400,0.283,0.364,0.353
52500,0.272,0.351,0.377
52600,0.268,0.353,0.379
52700,0.272,0.359,0.370
52800,0.276,0.365,0.360
52900,0.298,0.352,0.349
53000,0.294,0.353,0.352
53100,0.300,0.349,0.350
53200,0.300,0.335,0.365
53300,0.304,0.336,0.360
53400,0.292,0.349,0.359
53500,0.285,0.354,0.361
53600,0.288,0.350,0.362
53700,0.283,0.343,0.374
53800,0.289,0.347,0.364
53900,0.278,0.344,0.378
54000,0.278,0.350,0.372
54100,0.273,0.349,0.378
54200,0.272,0.338,0.390
54300,0.267,0.359,0.375
54400,0.260,0.360,0.380
54500,0.264,0.362,0.375
54600,0.266,0.359,0.376
54700,0.254,0.368,0.378
54800,0.258,0.366,0.376
54900,0.243,0.368,0.389
55000,0.249,0.361,0.390
55100,0.242,0.350,0.408
55200,0.234,0.364,0.402
55300,0.238,0.350,0.412
55400,0.238,0.346,0.416
55500,0.252,0.351,0.396
55600,0.255,0.341,0.403
55700,0.259,0.338,0.402
55800,0.246,0.349,0.404
55900,0.239,0.365,0.396
56000,0.238,0.376,0.386
56100,0.233,0.382,0.385
56200,0.245,0.379,0.376
56300,0.236,0.377,0.387
56400,0.240,0.375,0.385
56500,0.237,0.399,0.364
56600,0.229,0.397,0.374
56700,0.240,0.400,0.360
56800,0.252,0.402,0.345
56900,0.242,0.400,0.358
57000,0.245,0.391,0.364
57100,0.244,0.412,0.344
57200,0.252,0.428,0.320
57300,0.251,0.414,0.335
57400,0.253,0.409,0.338
57500,0.258,0.403,0.338
57600,0.258,0.401,0.340
57700,0.267,0.409,0.325
57800,0.259,0.409,0.332
57900,0.258,0.409,0.333
58000,0.250,0.423,0.327
58100,0.243,0.424,0.333
58200,0.237,0.422,0.341
58300,0.224,0.426,0.350
58400,0.237,0.421,0.342
58500,0.229,0.422,0.349
58600,0.223,0.429,0.348
58700,0.224,0.420,0.356
58800,0.244,0.415,0.341
58900,0.241,0.413,0.346
59000,0.223,0.433,0.344
59100,0.217,0.434,0.349
59200,0.220,0.438,0.342
59300,0.222,0.449,0.329
59400,0.219,0.463,0.319
59500,0.211,0.457,0.332
59600,0.217,0.451,0.332
59700,0.228,0.443,0.329
59800,0.225,0.444,0.331
59900,0.230,0.436,0.334
60000,0.230,0.437,0.333
60100,0.226,0.428,0.346
60200,0.236,0.435,0.329
60300,0.236,0.428,0.336
60400,0.243,0.420,0.337
60500,0.237,0.410,0.353
60600,0.227,0.418,0.355
60700,0.240,0.417,0.343
60800,0.227,0.389,0.384
60900,0.225,0.391,0.384
61000,0.226,0.395,0.379
61100,0.238,0.384,0.378
61200,0.257,0.359,0.384
61300,0.261,0.356,0.382
61400,0.268,0.358,0.375
61500,0.284,0.364,0.352
61600,0.277,0.360,0.364
61700,0.275,0.349,0.376
61800,0.286,0.350,0.364
61900,0.270,0.362,0.369
62000,0.271,0.354,0.375
62100,0.277,0.356,0.367
62200,0.273,0.355,0.372
62300,0.263,0.363,0.375
62400,0.260,0.365,0.375
62500,0.254,0.364,0.382
62600,0.251,0.345,0.403
62700,0.250,0.356,0.393
62800,0.251,0.347,0.401
62900,0.258,0.340,0.401
63000,0.268,0.362,0.371
63100,0.263,0.354,0.383
63200,0.265,0.360,0.376
63300,0.258,0.378,0.364
63400,0.261,0.369,0.370
63500,0.251,0.376,0.373
63600,0.254,0.377,0.369
63700,0.252,0.375,0.373
63800,0.256,0.374,0.370
63900,0.249,0.381,0.370
64000,0.249,0.379,0.372
64100,0.249,0.383,0.368
64200,0.264,0.372,0.365
64300,0.259,0.373,0.368
64400,0.257,0.376,0.367
64500,0.260,0.377,0.363
64600,0.254,0.370,0.376
64700,0.274,0.355,0.371
64800,0.270,0.359,0.372
64900,0.256,0.359,0.385
65000,0.260,0.353,0.386
65100,0.266,0.345,0.389
65200,0.266,0.353,0.381
65300,0.271,0.354,0.375
65400,0.260,0.355,0.384
65500,0.258,0.360,0.382
65600,0.255,0.371,0.374
65700,0.269,0.372,0.360
65800,0.263,0.374,0.364
65900,0.260,0.378,0.362
66000,0.252,0.368,0.380
66100,0.255,0.366,0.379
66200,0.255,0.367,0.378
66300,0.272,0.368,0.361
66400,0.296,0.351,0.352
66500,0.286,0.350,0.364
66600,0.291,0.348,0.361
66700,0.286,0.352,0.362
66800,0.272,0.359,0.370
66900,0.275,0.351,0.374
67000,0.260,0.350,0.389
67100,0.263,0.349,0.388
67200,0.267,0.344,0.389
67300,0.268,0.334,0.398
67400,0.269,0.335,0.396
67500,0.269,0.349,0.382
67600,0.259,0.364,0.377
67700,0.251,0.363,0.386
67800,0.256,0.351,0.392
67900,0.273,0.345,0.382
68000,0.275,0.347,0.378
68100,0.281,0.353,0.366
68200,0.291,0.342,0.367
68300,0.285,0.333,0.382
68400,0.297,0.332,0.371
68500,0.293,0.342,0.365
68600,0.302,0.332,0.366
68700,0.305,0.335,0.360
68800,0.301,0.330,0.369
68900,0.296,0.320,0.384
69000,0.284,0.322,0.394
69100,0.282,0.329,0.389
69200,0.276,0.324,0.400
69300,0.276,0.323,0.401
69400,0.279,0.316,0.406
69500,0.270,0.307,0.423
69600,0.277,0.304,0.419
69700,0.275,0.302,0.423
69800,0.286,0.303,0.411
69900,0.299,0.301,0.399
70000,0.301,0.299,0.399
70100,0.304,0.301,0.394
70200,0.306,0.290,0.403
70300,0.314,0.298,0.388
70400,0.304,0.302,0.393
70500,0.302,0.298,0.399
70600,0.300,0.298,0.401
70700,0.302,0.296,0.401
70800,0.295,0.292,0.413
70900,0.303,0.295,0.401
71000,0.302,0.304,0.393
71100,0.302,0.312,0.386
71200,0.301,0.311,0.388
71300,0.290,0.312,0.398
71400,0.292,0.317,0.391
71500,0.289,0.307,0.403
71600,0.287,0.304,0.409
71700,0.282,0.306,0.412
71800,0.304,0.296,0.399
71900,0.312,0.289,0.399
72000,0.318,0.297,0.385
72100,0.324,0.296,0.380
72200,0.333,0.296,0.371
72300,0.334,0.294,0.372
72400,0.329,0.299,0.372
72500,0.337,0.295,0.368
72600,0.334,0.294,0.372
72700,0.344,0.294,0.362
72800,0.343,0.295,0.362
72900,0.334,0.292,0.374
73000,0.325,0.303,0.372
73100,0.314,0.309,0.377
73200,0.318,0.302,0.380
73300,0.324,0.300,0.376
73400,0.322,0.290,0.388
73500,0.328,0.290,0.382
73600,0.322,0.283,0.395
73700,0.327,0.275,0.398
73800,0.333,0.281,0.386
73900,0.324,0.286,0.390
74000,0.337,0.286,0.377
74100,0.335,0.285,0.380
74200,0.340,0.300,0.360
74300,0.335,0.286,0.379
74400,0.332,0.292,0.376
74500,0.316,0.303,0.381
74600,0.317,0.297,0.386
74700,0.320,0.295,0.385
74800,0.305,0.295,0.399
74900,0.324,0.300,0.376
75000,0.339,0.298,0.363
75100,0.339,0.293,0.368
75200,0.334,0.290,0.376
75300,0.339,0.288,0.373
75400,0.335,0.282,0.383
75500,0.333,0.287,0.380
75600,0.333,0.291,0.376
75700,0.332,0.286,0.382
75800,0.319,0.295,0.386
75900,0.322,0.292,0.386
76000,0.315,0.306,0.379
76100,0.320,0.300,0.380
76200,0.317,0.293,0.390
76300,0.329,0.300,0.371
76400,0.324,0.299,0.377
76500,0.321,0.303,0.376
76600,0.318,0.313,0.370
76700,0.322,0.300,0.378
76800,0.335,0.292,0.373
76900,0.332,0.278,0.390
77000,0.336,0.276,0.388
77100,0.349,0.270,0.381
77200,0.332,0.273,0.395
77300,0.332,0.266,0.402
77400,0.337,0.272,0.391
77500,0.327,0.265,0.409
77600,0.332,0.282,0.386
77700,0.327,0.283,0.390
77800,0.323,0.280,0.397
77900,0.332,0.273,0.395
78000,0.346,0.270,0.384
78100,0.343,0.266,0.391
78200,0.341,0.283,0.376
78300,0.352,0.290,0.358
78400,0.352,0.290,0.358
78500,0.349,0.303,0.347
78600,0.340,0.294,0.366
78700,0.344,0.294,0.362
78800,0.358,0.293,0.349
78900,0.352,0.291,0.356
79000,0.359,0.288,0.353
79100,0.348,0.292,0.360
79200,0.341,0.302,0.356
79300,0.340,0.307,0.352
79400,0.336,0.302,0.362
79500,0.336,0.307,0.356
79600,0.331,0.311,0.359
79700,0.321,0.314,0.366
79800,0.329,0.303,0.368
79900,0.339,0.314,0.347
80000,0.342,0.323,0.335
80100,0.340,0.311,0.349
80200,0.334,0.322,0.344
80300,0.333,0.323,0.344
80400,0.335,0.316,0.349
80500,0.338,0.328,0.334
80600,0.337,0.332,0.331
80700,0.330,0.324,0.346
80800,0.333,0.321,0.346
80900,0.327,0.311,0.363
81000,0.337,0.308,0.354
81100,0.334,0.312,0.354
81200,0.336,0.303,0.361
81300,0.349,0.297,0.353
81400,0.359,0.302,0.339
81500,0.351,0.302,0.346
81600,0.353,0.297,0.349
81700,0.362,0.294,0.344
81800,0.337,0.284,0.379
81900,0.341,0.285,0.374
82000,0.350,0.268,0.382
82100,0.355,0.257,0.387
82200,0.368,0.272,0.361
82300,0.362,0.298,0.340
82400,0.351,0.294,0.354
82500,0.340,0.285,0.375
82600,0.337,0.298,0.365
82700,0.343,0.307,0.349
82800,0.319,0.311,0.371
82900,0.334,0.305,0.361
83000,0.332,0.296,0.372
83100,0.335,0.302,0.363
83200,0.335,0.324,0.341
83300,0.331,0.319,0.350
83400,0.331,0.311,0.359
83500,0.318,0.319,0.364
83600,0.319,0.318,0.364
83700,0.332,0.315,0.353
83800,0.327,0.318,0.355
83900,0.338,0.305,0.356
84000,0.339,0.303,0.358
84100,0.341,0.301,0.358
84200,0.336,0.303,0.361
84300,0.336,0.303,0.361
84400,0.341,0.285,0.374
84500,0.339,0.287,0.374
84600,0.328,0.286,0.386
84700,0.333,0.277,0.390
84800,0.327,0.290,0.383
84900,0.333,0.298,0.369
85000,0.341,0.292,0.367
85100,0.341,0.296,0.363
85200,0.359,0.279,0.363
85300,0.350,0.288,0.362
85400,0.341,0.283,0.376
85500,0.344,0.288,0.368
85600,0.338,0.272,0.390
85700,0.337,0.275,0.388
85800,0.353,0.271,0.376
85900,0.360,0.272,0.369
86000,0.366,0.271,0.364
86100,0.358,0.265,0.378
86200,0.352,0.260,0.387
86300,0.366,0.254,0.380
86400,0.355,0.256,0.388
86500,0.351,0.261,0.387
86600,0.354,0.261,0.384
86700,0.350,0.264,0.386
86800,0.360,0.256,0.384
86900,0.368,0.257,0.375
87000,0.367,0.265,0.369
87100,0.377,0.269,0.354
87200,0.378,0.267,0.355
87300,0.368,0.271,0.362
87400,0.376,0.252,0.372
87500,0.361,0.261,0.378
87600,0.345,0.258,0.396
87700,0.350,0.266,0.384
87800,0.353,0.256,0.390
87900,0.349,0.259,0.391
88000,0.349,0.268,0.383
88100,0.342,0.270,0.388
88200,0.342,0.266,0.392
88300,0.340,0.257,0.402
88400,0.349,0.265,0.386
88500,0.353,0.266,0.381
88600,0.341,0.275,0.384
88700,0.329,0.277,0.394
88800,0.319,0.272,0.410
88900,0.327,0.265,0.409
89000,0.342,0.252,0.406
89100,0.352,0.249,0.398
89200,0.336,0.250,0.414
89300,0.333,0.268,0.399
89400,0.339,0.258,0.402
89500,0.340,0.258,0.401
89600,0.342,0.257,0.400
89700,0.351,0.259,0.389
89800,0.351,0.256,0.392
89900,0.334,0.247,0.419
90000,0.330,0.255,0.415
90100,0.329,0.256,0.415
90200,0.331,0.252,0.417
90300,0.327,0.253,0.420
90400,0.323,0.269,0.409
90500,0.326,0.269,0.406
90600,0.327,0.265,0.409
90700,0.327,0.277,0.396
90800,0.328,0.278,0.394
90900,0.319,0.286,0.395
91000,0.322,0.293,0.385
91100,0.318,0.288,0.394
91200,0.319,0.296,0.385
91300,0.327,0.298,0.375
91400,0.327,0.300,0.373
91500,0.320,0.292,0.388
91600,0.326,0.309,0.365
91700,0.316,0.311,0.374
91800,0.339,0.306,0.354
91900,0.339,0.313,0.348
92000,0.319,0.319,0.363
92100,0.307,0.324,0.369
92200,0.299,0.337,0.364
92300,0.302,0.332,0.366
92400,0.307,0.322,0.371
92500,0.328,0.314,0.359
92600,0.327,0.304,0.369
92700,0.335,0.306,0.359
92800,0.331,0.326,0.343
92900,0.337,0.321,0.342
93000,0.341,0.314,0.345
93100,0.352,0.306,0.341
93200,0.346,0.312,0.342
93300,0.318,0.304,0.378
93400,0.319,0.298,0.383
93500,0.335,0.288,0.377
93600,0.332,0.290,0.378
93700,0.322,0.297,0.381
93800,0.327,0.283,0.390
93900,0.332,0.270,0.398
94000,0.329,0.272,0.399
94100,0.324,0.280,0.396
94200,0.315,0.282,0.403
94300,0.323,0.289,0.388
94400,0.319,0.279,0.402
94500,0.328,0.288,0.384
94600,0.334,0.280,0.386
94700,0.342,0.286,0.372
94800,0.332,0.302,0.366
94900,0.330,0.289,0.381
95000,0.331,0.284,0.385
95100,0.334,0.270,0.396
95200,0.335,0.269,0.396
95300,0.345,0.275,0.380
95400,0.365,0.259,0.376
95500,0.355,0.275,0.370
95600,0.356,0.278,0.366
95700,0.355,0.267,0.378
95800,0.355,0.268,0.377
95900,0.348,0.268,0.384
96000,0.346,0.271,0.383
96100,0.362,0.258,0.380
96200,0.368,0.251,0.381
96300,0.369,0.248,0.383
96400,0.368,0.248,0.384
96500,0.372,0.238,0.390
96600,0.378,0.239,0.383
96700,0.384,0.233,0.383
96800,0.377,0.238,0.385
96900,0.364,0.246,0.390
97000,0.353,0.242,0.404
97100,0.352,0.245,0.402
97200,0.354,0.257,0.388
97300,0.361,0.260,0.379
97400,0.349,0.261,0.389
97500,0.346,0.257,0.396
97600,0.362,0.258,0.380
97700,0.353,0.267,0.380
97800,0.339,0.271,0.390
97900,0.344,0.264,0.392
98000,0.359,0.254,0.387
98100,0.350,0.260,0.389
98200,0.344,0.272,0.384
98300,0.332,0.297,0.371
98400,0.334,0.292,0.374
98500,0.342,0.299,0.359
98600,0.329,0.293,0.378
98700,0.336,0.290,0.374
98800,0.331,0.289,0.380
98900,0.340,0.283,0.377
99000,0.345,0.276,0.379
99100,0.373,0.267,0.361
99200,0.371,0.260,0.369
99300,0.361,0.259,0.380
99400,0.355,0.256,0.388
99500,0.359,0.259,0.382
99600,0.356,0.267,0.377
99700,0.344,0.292,0.364
99800,0.344,0.290,0.366
99900,0.341,0.292,0.367
100000,0.336,0.299,0.365
