time,n_A+p,n_B,n_AB
100,0.414,0.524,0.062
200,0.389,0.514,0.097
300,0.369,0.505,0.127
400,0.354,0.486,0.159
500,0.347,0.473,0.180
600,0.329,0.463,0.208
700,0.332,0.455,0.213
800,0.321,0.437,0.242
900,0.326,0.438,0.236
1000,0.322,0.432,0.246
1100,0.319,0.422,0.259
1200,0.323,0.419,0.258
1300,0.316,0.408,0.277
1400,0.318,0.416,0.267
1500,0.322,0.432,0.246
1600,0.317,0.439,0.244
1700,0.315,0.429,0.256
1800,0.311,0.422,0.268
1900,0.304,0.423,0.273
2000,0.304,0.408,0.288
2100,0.299,0.397,0.303
2200,0.294,0.398,0.307
2300,0.293,0.389,0.318
2400,0.290,0.391,0.319
2500,0.295,0.393,0.312
2600,0.299,0.392,0.308
2700,0.307,0.380,0.313
2800,0.304,0.385,0.311
2900,0.301,0.398,0.300
3000,0.301,0.401,0.297
3100,0.303,0.399,0.297
3200,0.308,0.392,0.299
3300,0.306,0.391,0.302
3400,0.303,0.390,0.306
3500,0.295,0.400,0.304
3600,0.281,0.399,0.320
3700,0.278,0.394,0.328
3800,0.273,0.392,0.335
3900,0.281,0.401,0.318
4000,0.275,0.390,0.335
4100,0.271,0.397,0.332
4200,0.263,0.391,0.346
4300,0.280,0.368,0.352
4400,0.280,0.368,0.352
4500,0.282,0.362,0.356
4600,0.279,0.353,0.368
4700,0.278,0.364,0.359
4800,0.294,0.345,0.361
4900,0.295,0.358,0.347
5000,0.294,0.358,0.348
5100,0.300,0.365,0.335
5200,0.289,0.354,0.356
5300,0.289,0.344,0.367
5400,0.287,0.353,0.360
5500,0.293,0.344,0.363
5600,0.297,0.344,0.359
5700,0.281,0.350,0.369
5800,0.285,0.353,0.362
5900,0.287,0.349,0.364
6000,0.304,0.348,0.347
6100,0.303,0.338,0.359
6200,0.293,0.337,0.370
6300,0.287,0.347,0.366
6400,0.285,0.358,0.358
6500,0.276,0.346,0.378
6600,0.268,0.345,0.387
6700,0.271,0.351,0.378
6800,0.266,0.356,0.378
6900,0.274,0.347,0.379
7000,0.289,0.335,0.376
7100,0.281,0.359,0.361
7200,0.284,0.360,0.356
7300,0.278,0.354,0.368
7400,0.290,0.356,0.353
7500,0.291,0.349,0.360
7600,0.302,0.349,0.348
7700,0.304,0.346,0.349
7800,0.297,0.346,0.356
7900,0.299,0.353,0.347
8000,0.303,0.347,0.349
8100,0.295,0.344,0.361
8200,0.303,0.343,0.353
8300,0.312,0.337,0.351
8400,0.302,0.331,0.367
8500,0.299,0.329,0.372
8600,0.290,0.329,0.381
8700,0.293,0.323,0.384
8800,0.304,0.325,0.371
8900,0.307,0.316,0.377
9000,0.319,0.315,0.367
9100,0.320,0.314,0.367
9200,0.331,0.304,0.365
9300,0.342,0.299,0.359
9400,0.334,0.301,0.365
9500,0.356,0.289,0.354
9600,0.351,0.278,0.371
9700,0.359,0.284,0.358
9800,0.378,0.272,0.350
9900,0.392,0.267,0.341
10000,0.369,0.263,0.369
10100,0.373,0.260,0.367
10200,0.370,0.255,0.375
10300,0.361,0.266,0.374
10400,0.365,0.305,0.330
10500,0.356,0.311,0.333
10600,0.349,0.302,0.348
10700,0.340,0.308,0.351
10800,0.336,0.283,0.381
10900,0.333,0.287,0.380
11000,0.324,0.284,0.392
11100,0.319,0.289,0.392
11200,0.327,0.296,0.377
11300,0.343,0.274,0.383
11400,0.340,0.272,0.388
11500,0.349,0.276,0.375
11600,0.345,0.272,0.383
11700,0.341,0.267,0.392
11800,0.344,0.279,0.377
11900,0.344,0.276,0.380
12000,0.336,0.280,0.384
12100,0.323,0.292,0.385
12200,0.320,0.292,0.388
12300,0.309,0.297,0.393
12400,0.314,0.300,0.386
12500,0.304,0.308,0.387
12600,0.303,0.304,0.392
12700,0.300,0.296,0.403
12800,0.298,0.302,0.399
12900,0.299,0.311,0.390
13000,0.291,0.301,0.408
13100,0.294,0.299,0.407
13200,0.307,0.296,0.396
13300,0.300,0.295,0.404
13400,0.299,0.300,0.400
13500,0.300,0.299,0.400
13600,0.292,0.297,0.411
13700,0.290,0.301,0.409
13800,0.294,0.300,0.406
13900,0.283,0.302,0.415
14000,0.282,0.316,0.402
14100,0.278,0.305,0.417
14200,0.261,0.319,0.420
14300,0.255,0.329,0.416
14400,0.263,0.334,0.403
14500,0.265,0.337,0.398
14600,0.264,0.351,0.385
14700,0.274,0.348,0.378
14800,0.278,0.346,0.376
14900,0.278,0.334,0.388
15000,0.274,0.329,0.397
15100,0.285,0.324,0.391
15200,0.285,0.329,0.386
15300,0.277,0.336,0.387
15400,0.277,0.336,0.387
15500,0.287,0.335,0.378
15600,0.303,0.325,0.372
15700,0.303,0.316,0.381
15800,0.302,0.315,0.383
15900,0.296,0.299,0.404
16000,0.290,0.294,0.416
16100,0.292,0.299,0.409
16200,0.291,0.313,0.396
16300,0.294,0.319,0.387
16400,0.311,0.308,0.381
16500,0.311,0.303,0.386
16600,0.323,0.296,0.381
16700,0.315,0.303,0.382
16800,0.320,0.302,0.378
16900,0.321,0.314,0.366
17000,0.319,0.304,0.377
17100,0.326,0.314,0.361
17200,0.309,0.314,0.377
17300,0.306,0.307,0.386
17400,0.325,0.303,0.372
17500,0.323,0.311,0.367
17600,0.327,0.307,0.366
17700,0.338,0.285,0.377
17800,0.339,0.271,0.390
17900,0.329,0.272,0.399
18000,0.358,0.264,0.379
18100,0.352,0.264,0.384
18200,0.361,0.253,0.386
18300,0.372,0.259,0.369
18400,0.374,0.254,0.372
18500,0.363,0.273,0.365
18600,0.358,0.275,0.368
18700,0.351,0.272,0.377
18800,0.342,0.271,0.387
18900,0.338,0.268,0.394
19000,0.349,0.265,0.386
19100,0.344,0.263,0.393
19200,0.333,0.285,0.382
19300,0.331,0.278,0.391
19400,0.342,0.272,0.386
19500,0.358,0.271,0.372
19600,0.363,0.279,0.359
19700,0.358,0.288,0.354
19800,0.360,0.274,0.367
19900,0.361,0.268,0.372
20000,0.363,0.266,0.372
20100,0.352,0.276,0.372
20200,0.343,0.275,0.382
20300,0.342,0.266,0.392
20400,0.342,0.273,0.385
20500,0.340,0.277,0.383
20600,0.347,0.276,0.377
20700,0.355,0.278,0.367
20800,0.354,0.282,0.364
20900,0.348,0.280,0.372
21000,0.347,0.281,0.372
21100,0.348,0.288,0.364
21200,0.366,0.277,0.358
21300,0.370,0.276,0.354
21400,0.351,0.282,0.367
21500,0.340,0.277,0.383
21600,0.332,0.277,0.391
21700,0.318,0.284,0.398
21800,0.328,0.278,0.394
21900,0.339,0.277,0.384
22000,0.321,0.273,0.407
22100,0.323,0.276,0.401
22200,0.325,0.279,0.396
22300,0.326,0.277,0.397
22400,0.326,0.272,0.402
22500,0.341,0.269,0.390
22600,0.343,0.266,0.391
22700,0.344,0.271,0.385
22800,0.347,0.259,0.393
22900,0.350,0.253,0.396
23000,0.351,0.247,0.401
23100,0.354,0.254,0.391
23200,0.363,0.244,0.393
23300,0.356,0.246,0.397
23400,0.351,0.239,0.410
23500,0.360,0.238,0.402
23600,0.365,0.237,0.398
23700,0.362,0.237,0.401
23800,0.369,0.236,0.395
23900,0.371,0.256,0.373
24000,0.366,0.253,0.381
24100,0.362,0.248,0.390
24200,0.347,0.247,0.406
24300,0.343,0.254,0.402
24400,0.329,0.254,0.417
24500,0.346,0.258,0.395
24600,0.355,0.242,0.402
24700,0.367,0.241,0.392
24800,0.367,0.248,0.385
24900,0.365,0.238,0.397
25000,0.365,0.241,0.394
25100,0.359,0.247,0.394
25200,0.359,0.254,0.387
25300,0.347,0.265,0.388
25400,0.350,0.264,0.386
25500,0.353,0.257,0.389
25600,0.361,0.247,0.392
25700,0.349,0.253,0.397
25800,0.356,0.249,0.394
25900,0.346,0.237,0.417
26000,0.350,0.232,0.418
26100,0.354,0.230,0.416
26200,0.358,0.217,0.426
26300,0.365,0.212,0.423
26400,0.369,0.206,0.425
26500,0.364,0.209,0.427
26600,0.360,0.207,0.433
26700,0.362,0.207,0.431
26800,0.351,0.227,0.422
26900,0.354,0.213,0.432
27000,0.381,0.216,0.403
27100,0.370,0.230,0.400
27200,0.368,0.227,0.406
27300,0.363,0.230,0.408
27400,0.352,0.232,0.416
27500,0.360,0.231,0.410
27600,0.351,0.233,0.416
27700,0.354,0.239,0.407
27800,0.346,0.237,0.417
27900,0.343,0.233,0.424
28000,0.348,0.227,0.425
28100,0.340,0.234,0.426
28200,0.343,0.233,0.424
28300,0.347,0.232,0.421
28400,0.345,0.233,0.422
28500,0.345,0.236,0.419
28600,0.339,0.252,0.409
28700,0.324,0.268,0.409
28800,0.319,0.263,0.419
28900,0.311,0.286,0.403
29000,0.315,0.281,0.404
29100,0.327,0.278,0.395
29200,0.329,0.287,0.384
29300,0.326,0.295,0.379
29400,0.315,0.294,0.391
29500,0.309,0.291,0.399
29600,0.305,0.304,0.390
29700,0.304,0.311,0.385
29800,0.303,0.302,0.394
29900,0.290,0.309,0.400
30000,0.289,0.309,0.401
30100,0.289,0.317,0.394
30200,0.287,0.311,0.402
30300,0.290,0.309,0.400
30400,0.287,0.306,0.407
30500,0.284,0.308,0.408
30600,0.286,0.308,0.406
30700,0.278,0.307,0.415
30800,0.277,0.309,0.414
30900,0.276,0.305,0.419
31000,0.290,0.300,0.410
31100,0.293,0.288,0.419
31200,0.299,0.281,0.420
31300,0.307,0.271,0.422
31400,0.317,0.291,0.392
31500,0.324,0.288,0.388
31600,0.319,0.283,0.398
31700,0.314,0.282,0.404
31800,0.313,0.275,0.413
31900,0.308,0.271,0.421
32000,0.322,0.264,0.415
32100,0.330,0.265,0.406
32200,0.325,0.270,0.406
32300,0.315,0.269,0.417
32400,0.315,0.259,0.426
32500,0.298,0.267,0.435
32600,0.283,0.290,0.427
32700,0.302,0.290,0.408
32800,0.294,0.298,0.408
32900,0.297,0.303,0.399
33000,0.299,0.291,0.410
33100,0.301,0.297,0.401
33200,0.298,0.294,0.408
33300,0.301,0.281,0.418
33400,0.305,0.292,0.402
33500,0.304,0.282,0.414
33600,0.306,0.290,0.403
33700,0.327,0.279,0.394
33800,0.326,0.294,0.380
33900,0.314,0.283,0.403
34000,0.313,0.279,0.409
34100,0.322,0.271,0.408
34200,0.319,0.269,0.413
34300,0.323,0.263,0.415
34400,0.324,0.254,0.422
34500,0.335,0.248,0.417
34600,0.324,0.254,0.422
34700,0.323,0.257,0.420
34800,0.314,0.263,0.424
34900,0.315,0.254,0.431
35000,0.325,0.253,0.422
35100,0.318,0.254,0.428
35200,0.316,0.263,0.422
35300,0.309,0.268,0.423
35400,0.307,0.269,0.424
35500,0.285,0.275,0.440
35600,0.288,0.292,0.420
35700,0.296,0.299,0.404
35800,0.285,0.306,0.409
35900,0.288,0.296,0.416
36000,0.283,0.292,0.425
36100,0.294,0.288,0.418
36200,0.284,0.305,0.411
36300,0.277,0.314,0.410
36400,0.275,0.296,0.429
36500,0.273,0.294,0.433
36600,0.285,0.279,0.436
36700,0.294,0.275,0.431
36800,0.287,0.281,0.432
36900,0.298,0.277,0.425
37000,0.299,0.283,0.418
37100,0.307,0.279,0.414
37200,0.311,0.268,0.422
37300,0.324,0.258,0.418
37400,0.337,0.267,0.396
37500,0.315,0.284,0.401
37600,0.315,0.282,0.403
37700,0.317,0.293,0.390
37800,0.315,0.288,0.397
37900,0.302,0.292,0.406
38000,0.296,0.315,0.389
38100,0.303,0.311,0.386
38200,0.300,0.312,0.388
38300,0.307,0.301,0.391
38400,0.308,0.302,0.389
38500,0.301,0.296,0.402
38600,0.296,0.296,0.408
38700,0.289,0.290,0.421
38800,0.300,0.290,0.410
38900,0.324,0.288,0.388
39000,0.317,0.288,0.395
39100,0.316,0.272,0.413
39200,0.313,0.274,0.414
39300,0.299,0.282,0.419
39400,0.294,0.281,0.425
39500,0.294,0.281,0.425
39600,0.290,0.282,0.428
39700,0.290,0.282,0.428
39800,0.277,0.289,0.434
39900,0.276,0.268,0.457
40000,0.280,0.271,0.449
40100,0.281,0.272,0.447
40200,0.270,0.263,0.468
40300,0.271,0.265,0.465
40400,0.282,0.256,0.462
40500,0.280,0.254,0.466
40600,0.283,0.257,0.460
40700,0.290,0.274,0.436
40800,0.287,0.275,0.438
40900,0.278,0.283,0.439
41000,0.278,0.277,0.445
41100,0.269,0.272,0.460
41200,0.271,0.268,0.462
41300,0.269,0.270,0.462
41400,0.278,0.275,0.447
41500,0.293,0.274,0.433
41600,0.297,0.264,0.439
41700,0.304,0.268,0.428
41800,0.319,0.253,0.428
41900,0.326,0.252,0.422
42000,0.299,0.264,0.437
42100,0.298,0.275,0.427
42200,0.291,0.273,0.436
42300,0.293,0.273,0.434
42400,0.311,0.270,0.420
42500,0.318,0.269,0.414
42600,0.316,0.263,0.422
42700,0.320,0.256,0.424
42800,0.324,0.254,0.422
42900,0.328,0.253,0.419
43000,0.325,0.239,0.436
43100,0.326,0.235,0.439
43200,0.326,0.232,0.442
43300,0.331,0.236,0.433
43400,0.325,0.237,0.438
43500,0.348,0.221,0.431
43600,0.354,0.241,0.404
43700,0.341,0.237,0.422
43800,0.340,0.234,0.426
43900,0.330,0.239,0.431
44000,0.336,0.234,0.430
44100,0.329,0.240,0.431
44200,0.320,0.251,0.429
44300,0.317,0.242,0.441
44400,0.329,0.242,0.429
44500,0.332,0.251,0.417
44600,0.331,0.263,0.407
44700,0.324,0.261,0.415
44800,0.335,0.255,0.410
44900,0.327,0.251,0.422
45000,0.320,0.253,0.427
45100,0.323,0.266,0.412
45200,0.316,0.263,0.422
45300,0.297,0.265,0.438
45400,0.298,0.258,0.443
45500,0.304,0.252,0.443
45600,0.313,0.242,0.445
45700,0.323,0.235,0.442
45800,0.323,0.240,0.437
45900,0.324,0.247,0.429
46000,0.305,0.242,0.453
46100,0.291,0.252,0.457
46200,0.279,0.253,0.468
46300,0.280,0.264,0.457
46400,0.285,0.253,0.462
46500,0.278,0.257,0.465
46600,0.279,0.264,0.458
46700,0.285,0.266,0.449
46800,0.284,0.285,0.431
46900,0.279,0.289,0.432
47000,0.268,0.286,0.446
47100,0.274,0.284,0.442
47200,0.271,0.298,0.431
47300,0.270,0.286,0.444
47400,0.273,0.281,0.446
47500,0.277,0.288,0.435
47600,0.280,0.291,0.429
47700,0.277,0.295,0.428
47800,0.264,0.281,0.456
47900,0.256,0.276,0.468
48000,0.249,0.281,0.470
48100,0.258,0.274,0.468
48200,0.257,0.283,0.460
48300,0.253,0.287,0.460
48400,0.265,0.287,0.448
48500,0.261,0.280,0.459
48600,0.247,0.285,0.468
48700,0.246,0.291,0.463
48800,0.250,0.290,0.460
48900,0.258,0.282,0.460
49000,0.248,0.283,0.469
49100,0.240,0.285,0.475
49200,0.242,0.274,0.484
49300,0.254,0.283,0.463
49400,0.245,0.277,0.478
49500,0.253,0.281,0.466
49600,0.249,0.278,0.473
49700,0.258,0.271,0.471
49800,0.260,0.267,0.473
49900,0.273,0.266,0.462
50000,0.275,0.259,0.466
50100,0.279,0.263,0.459
50200,0.294,0.266,0.440
50300,0.317,0.282,0.401
50400,0.321,0.273,0.407
50500,0.320,0.258,0.422
50600,0.327,0.260,0.413
50700,0.319,0.254,0.427
50800,0.307,0.260,0.432
50900,0.290,0.279,0.431
51000,0.291,0.279,0.430
51100,0.287,0.280,0.433
51200,0.290,0.283,0.427
51300,0.286,0.283,0.431
51400,0.282,0.289,0.429
51500,0.286,0.282,0.432
51600,0.289,0.287,0.424
51700,0.277,0.278,0.445
51800,0.270,0.272,0.459
51900,0.269,0.294,0.437
52000,0.264,0.301,0.435
52100,0.256,0.306,0.437
52200,0.261,0.299,0.439
52300,0.259,0.287,0.454
52400,0.267,0.281,0.453
52500,0.263,0.281,0.457
52600,0.264,0.278,0.459
52700,0.269,0.282,0.449
52800,0.277,0.265,0.459
52900,0.270,0.265,0.466
53000,0.287,0.269,0.444
53100,0.279,0.267,0.455
53200,0.267,0.265,0.469
53300,0.264,0.267,0.470
53400,0.266,0.267,0.468
53500,0.260,0.257,0.482
53600,0.246,0.268,0.486
53700,0.256,0.268,0.476
53800,0.257,0.275,0.468
53900,0.255,0.275,0.470
54000,0.261,0.268,0.471
54100,0.256,0.285,0.459
54200,0.252,0.291,0.457
54300,0.254,0.280,0.466
54400,0.274,0.283,0.443
54500,0.265,0.287,0.448
54600,0.260,0.278,0.462
54700,0.266,0.278,0.457
54800,0.270,0.285,0.445
54900,0.261,0.285,0.454
55000,0.269,0.288,0.443
55100,0.280,0.290,0.430
55200,0.278,0.284,0.438
55300,0.285,0.281,0.434
55400,0.276,0.271,0.454
55500,0.270,0.277,0.454
55600,0.275,0.272,0.454
55700,0.267,0.276,0.458
55800,0.274,0.279,0.447
55900,0.270,0.290,0.440
56000,0.268,0.285,0.447
56100,0.269,0.307,0.424
56200,0.265,0.303,0.432
56300,0.259,0.304,0.436
56400,0.247,0.304,0.448
56500,0.242,0.306,0.451
56600,0.238,0.309,0.453
56700,0.237,0.320,0.443
56800,0.256,0.307,0.436
56900,0.254,0.315,0.431
57000,0.259,0.303,0.437
57100,0.246,0.300,0.454
57200,0.239,0.295,0.466
57300,0.241,0.303,0.456
57400,0.238,0.311,0.451
57500,0.232,0.327,0.441
57600,0.233,0.329,0.438
57700,0.232,0.332,0.436
57800,0.225,0.347,0.428
57900,0.230,0.354,0.416
58000,0.226,0.352,0.422
58100,0.222,0.348,0.430
58200,0.215,0.328,0.458
58300,0.213,0.320,0.467
58400,0.210,0.315,0.475
58500,0.215,0.311,0.475
58600,0.220,0.314,0.467
58700,0.223,0.312,0.466
58800,0.231,0.322,0.447
58900,0.231,0.312,0.458
59000,0.233,0.316,0.451
59100,0.228,0.315,0.458
59200,0.235,0.313,0.453
59300,0.230,0.315,0.456
59400,0.239,0.313,0.448
59500,0.234,0.305,0.461
59600,0.233,0.308,0.459
59700,0.228,0.293,0.479
59800,0.227,0.294,0.479
59900,0.220,0.307,0.473
60000,0.225,0.308,0.467
60100,0.225,0.308,0.467
60200,0.223,0.299,0.478
60300,0.228,0.306,0.466
60400,0.239,0.306,0.455
60500,0.238,0.307,0.455
60600,0.243,0.307,0.449
60700,0.240,0.314,0.446
60800,0.267,0.309,0.424
60900,0.267,0.306,0.427
61000,0.269,0.301,0.430
61100,0.267,0.301,0.432
61200,0.282,0.291,0.427
61300,0.289,0.296,0.415
61400,0.292,0.294,0.414
61500,0.290,0.303,0.407
61600,0.287,0.294,0.419
61700,0.270,0.295,0.435
61800,0.261,0.293,0.445
61900,0.265,0.300,0.435
62000,0.264,0.298,0.438
62100,0.282,0.285,0.433
62200,0.296,0.277,0.427
62300,0.290,0.279,0.431
62400,0.278,0.276,0.446
62500,0.286,0.267,0.447
62600,0.279,0.286,0.435
62700,0.289,0.289,0.422
62800,0.278,0.286,0.436
62900,0.286,0.271,0.443
63000,0.287,0.275,0.438
63100,0.284,0.272,0.444
63200,0.286,0.278,0.436
63300,0.280,0.281,0.439
63400,0.282,0.278,0.440
63500,0.275,0.276,0.449
63600,0.298,0.275,0.427
63700,0.284,0.269,0.447
63800,0.287,0.269,0.444
63900,0.281,0.261,0.458
64000,0.284,0.272,0.444
64100,0.275,0.277,0.448
64200,0.277,0.285,0.438
64300,0.266,0.288,0.446
64400,0.256,0.287,0.457
64500,0.259,0.298,0.442
64600,0.253,0.290,0.457
64700,0.251,0.296,0.453
64800,0.266,0.309,0.425
64900,0.258,0.297,0.444
65000,0.269,0.307,0.424
65100,0.250,0.298,0.451
65200,0.242,0.288,0.470
65300,0.240,0.301,0.459
65400,0.255,0.293,0.451
65500,0.253,0.294,0.453
65600,0.248,0.297,0.455
65700,0.269,0.292,0.439
65800,0.267,0.288,0.445
65900,0.261,0.289,0.449
66000,0.258,0.289,0.453
66100,0.258,0.291,0.450
66200,0.260,0.292,0.447
66300,0.265,0.291,0.444
66400,0.274,0.286,0.440
66500,0.292,0.284,0.424
66600,0.293,0.282,0.425
66700,0.315,0.275,0.411
66800,0.313,0.275,0.413
66900,0.300,0.278,0.422
67000,0.290,0.273,0.437
67100,0.284,0.272,0.444
67200,0.281,0.263,0.457
67300,0.283,0.261,0.456
67400,0.283,0.261,0.456
67500,0.292,0.261,0.446
67600,0.284,0.256,0.460
67700,0.274,0.253,0.473
67800,0.271,0.260,0.469
67900,0.268,0.269,0.464
68000,0.258,0.270,0.472
68100,0.252,0.286,0.462
68200,0.246,0.290,0.464
68300,0.243,0.308,0.448
68400,0.257,0.307,0.435
68500,0.256,0.317,0.427
68600,0.256,0.315,0.429
68700,0.247,0.323,0.430
68800,0.255,0.303,0.441
68900,0.265,0.290,0.445
69000,0.253,0.291,0.456
69100,0.258,0.292,0.449
69200,0.257,0.293,0.449
69300,0.268,0.286,0.446
69400,0.269,0.279,0.453
69500,0.266,0.272,0.463
69600,0.264,0.282,0.455
69700,0.258,0.280,0.462
69800,0.261,0.289,0.449
69900,0.258,0.320,0.422
70000,0.247,0.324,0.429
70100,0.251,0.319,0.430
70200,0.261,0.308,0.430
70300,0.270,0.303,0.427
70400,0.265,0.302,0.433
70500,0.264,0.305,0.431
70600,0.261,0.307,0.431
70700,0.259,0.302,0.438
70800,0.250,0.318,0.432
70900,0.246,0.323,0.431
71000,0.238,0.320,0.442
71100,0.242,0.312,0.446
71200,0.242,0.320,0.438
71300,0.242,0.316,0.442
71400,0.245,0.305,0.449
71500,0.261,0.297,0.441
71600,0.261,0.290,0.448
71700,0.266,0.291,0.443
71800,0.270,0.285,0.445
71900,0.274,0.286,0.440
72000,0.267,0.296,0.437
72100,0.272,0.286,0.442
72200,0.267,0.300,0.433
72300,0.280,0.288,0.432
72400,0.284,0.287,0.429
72500,0.288,0.282,0.430
72600,0.293,0.275,0.432
72700,0.297,0.265,0.438
72800,0.315,0.264,0.422
72900,0.317,0.266,0.418
73000,0.312,0.273,0.416
73100,0.311,0.276,0.414
73200,0.314,0.257,0.429
73300,0.315,0.257,0.428
73400,0.315,0.257,0.428
73500,0.308,0.248,0.443
73600,0.318,0.237,0.445
73700,0.322,0.235,0.443
73800,0.320,0.240,0.440
73900,0.317,0.265,0.419
74000,0.298,0.255,0.446
74100,0.305,0.250,0.444
74200,0.299,0.239,0.462
74300,0.302,0.240,0.458
74400,0.298,0.241,0.461
74500,0.304,0.259,0.436
74600,0.289,0.265,0.446
74700,0.283,0.278,0.439
74800,0.292,0.270,0.438
74900,0.290,0.272,0.438
75000,0.273,0.287,0.440
75100,0.273,0.296,0.431
75200,0.271,0.294,0.435
75300,0.269,0.288,0.443
75400,0.267,0.279,0.455
75500,0.268,0.282,0.450
75600,0.279,0.275,0.446
75700,0.266,0.291,0.443
75800,0.266,0.289,0.445
75900,0.276,0.282,0.442
76000,0.277,0.273,0.450
76100,0.277,0.291,0.432
76200,0.276,0.291,0.433
76300,0.266,0.317,0.418
76400,0.258,0.323,0.419
76500,0.271,0.320,0.410
76600,0.257,0.334,0.409
76700,0.260,0.326,0.414
76800,0.258,0.321,0.421
76900,0.260,0.313,0.427
77000,0.250,0.326,0.424
77100,0.257,0.333,0.410
77200,0.267,0.323,0.411
77300,0.265,0.321,0.415
77400,0.278,0.296,0.426
77500,0.282,0.291,0.427
77600,0.284,0.290,0.426
77700,0.283,0.290,0.427
77800,0.283,0.295,0.422
77900,0.277,0.292,0.431
78000,0.277,0.297,0.426
78100,0.270,0.297,0.433
78200,0.272,0.295,0.433
78300,0.273,0.295,0.432
78400,0.269,0.299,0.432
78500,0.282,0.278,0.440
78600,0.283,0.278,0.439
78700,0.283,0.277,0.440
78800,0.278,0.297,0.425
78900,0.266,0.293,0.441
79000,0.253,0.288,0.459
79100,0.253,0.273,0.474
79200,0.248,0.284,0.468
79300,0.259,0.294,0.446
79400,0.261,0.282,0.457
79500,0.264,0.280,0.457
79600,0.260,0.288,0.451
79700,0.249,0.289,0.462
79800,0.247,0.286,0.467
79900,0.251,0.276,0.473
80000,0.267,0.268,0.466
80100,0.247,0.300,0.453
80200,0.242,0.296,0.462
80300,0.247,0.281,0.472
80400,0.247,0.295,0.458
80500,0.239,0.301,0.460
80600,0.229,0.312,0.460
80700,0.228,0.314,0.459
80800,0.225,0.303,0.472
80900,0.228,0.313,0.460
81000,0.210,0.314,0.476
81100,0.202,0.324,0.474
81200,0.212,0.312,0.476
81300,0.216,0.309,0.475
81400,0.224,0.320,0.457
81500,0.219,0.333,0.448
81600,0.213,0.340,0.446
81700,0.213,0.349,0.437
81800,0.203,0.343,0.454
81900,0.197,0.342,0.461
82000,0.225,0.332,0.443
82100,0.226,0.323,0.451
82200,0.230,0.326,0.444
82300,0.221,0.333,0.446
82400,0.222,0.332,0.446
82500,0.237,0.304,0.459
82600,0.247,0.306,0.446
82700,0.263,0.297,0.440
82800,0.268,0.288,0.444
82900,0.268,0.284,0.448
83000,0.263,0.289,0.448
83100,0.251,0.287,0.462
83200,0.248,0.298,0.454
83300,0.255,0.293,0.451
83400,0.244,0.301,0.455
83500,0.259,0.303,0.437
83600,0.267,0.295,0.438
83700,0.280,0.291,0.429
83800,0.284,0.284,0.432
83900,0.297,0.284,0.419
84000,0.292,0.275,0.433
84100,0.296,0.269,0.435
84200,0.278,0.290,0.432
84300,0.265,0.287,0.448
84400,0.265,0.279,0.457
84500,0.254,0.270,0.476
84600,0.272,0.279,0.449
84700,0.275,0.285,0.440
84800,0.268,0.274,0.459
84900,0.269,0.277,0.455
85000,0.271,0.288,0.441
85100,0.275,0.288,0.437
85200,0.291,0.293,0.416
85300,0.285,0.288,0.427
85400,0.283,0.289,0.428
85500,0.278,0.287,0.435
85600,0.278,0.295,0.427
85700,0.283,0.289,0.428
85800,0.281,0.287,0.432
85900,0.284,0.287,0.429
86000,0.268,0.291,0.441
86100,0.271,0.297,0.432
86200,0.272,0.293,0.435
86300,0.281,0.290,0.429
86400,0.287,0.283,0.430
86500,0.289,0.287,0.424
86600,0.271,0.299,0.430
86700,0.267,0.312,0.422
86800,0.276,0.313,0.412
86900,0.267,0.325,0.409
87000,0.249,0.346,0.404
87100,0.243,0.340,0.417
87200,0.239,0.350,0.411
87300,0.240,0.339,0.421
87400,0.246,0.333,0.421
87500,0.251,0.323,0.426
87600,0.249,0.335,0.416
87700,0.267,0.313,0.421
87800,0.237,0.334,0.429
87900,0.234,0.339,0.427
88000,0.233,0.341,0.426
88100,0.233,0.343,0.424
88200,0.229,0.356,0.415
88300,0.237,0.345,0.418
88400,0.230,0.337,0.433
88500,0.229,0.319,0.453
88600,0.226,0.306,0.468
88700,0.234,0.317,0.449
88800,0.216,0.321,0.464
88900,0.219,0.324,0.458
89000,0.216,0.319,0.466
89100,0.224,0.320,0.457
89200,0.228,0.324,0.448
89300,0.240,0.320,0.440
89400,0.228,0.326,0.446
89500,0.216,0.331,0.454
89600,0.211,0.329,0.460
89700,0.212,0.325,0.463
89800,0.213,0.335,0.451
89900,0.210,0.331,0.459
90000,0.218,0.328,0.455
90100,0.216,0.323,0.462
90200,0.223,0.327,0.450
90300,0.216,0.330,0.455
90400,0.215,0.326,0.460
90500,0.230,0.314,0.457
90600,0.232,0.304,0.464
90700,0.225,0.303,0.472
90800,0.206,0.311,0.483
90900,0.208,0.318,0.474
91000,0.237,0.316,0.447
91100,0.225,0.321,0.455
91200,0.223,0.327,0.450
91300,0.218,0.327,0.456
91400,0.217,0.326,0.458
91500,0.213,0.328,0.459
91600,0.209,0.329,0.462
91700,0.215,0.342,0.443
91800,0.215,0.341,0.444
91900,0.202,0.354,0.443
92000,0.213,0.349,0.437
92100,0.222,0.338,0.440
92200,0.224,0.338,0.438
92300,0.234,0.331,0.435
92400,0.213,0.355,0.431
92500,0.215,0.346,0.439
92600,0.211,0.335,0.454
92700,0.208,0.349,0.442
92800,0.199,0.351,0.449
92900,0.207,0.345,0.447
93000,0.204,0.347,0.448
93100,0.206,0.342,0.451
93200,0.219,0.341,0.440
93300,0.215,0.345,0.440
93400,0.218,0.352,0.430
93500,0.212,0.348,0.439
93600,0.201,0.345,0.454
93700,0.196,0.337,0.467
93800,0.197,0.323,0.480
93900,0.203,0.315,0.482
94000,0.201,0.316,0.483
94100,0.205,0.326,0.469
94200,0.207,0.321,0.472
94300,0.207,0.312,0.481
94400,0.216,0.309,0.475
94500,0.221,0.303,0.476
94600,0.213,0.314,0.473
94700,0.221,0.309,0.470
94800,0.213,0.319,0.468
94900,0.221,0.316,0.464
95000,0.218,0.319,0.464
95100,0.206,0.317,0.477
95200,0.200,0.322,0.478
95300,0.198,0.340,0.462
95400,0.195,0.350,0.455
95500,0.189,0.356,0.455
95600,0.179,0.359,0.463
95700,0.177,0.347,0.476
95800,0.183,0.336,0.481
95900,0.181,0.334,0.485
96000,0.187,0.343,0.470
96100,0.219,0.333,0.448
96200,0.217,0.336,0.447
96300,0.219,0.337,0.444
96400,0.211,0.340,0.448
96500,0.208,0.334,0.458
96600,0.216,0.338,0.446
96700,0.222,0.329,0.449
96800,0.229,0.333,0.438
96900,0.226,0.326,0.448
97000,0.223,0.326,0.451
97100,0.219,0.332,0.449
97200,0.215,0.328,0.458
97300,0.204,0.349,0.446
97400,0.199,0.335,0.466
97500,0.192,0.338,0.470
97600,0.197,0.335,0.468
97700,0.207,0.343,0.449
97800,0.209,0.346,0.444
97900,0.206,0.355,0.438
98000,0.206,0.362,0.432
98100,0.203,0.367,0.430
98200,0.202,0.354,0.443
98300,0.204,0.345,0.450
98400,0.212,0.342,0.445
98500,0.207,0.335,0.458
98600,0.193,0.327,0.480
98700,0.196,0.330,0.474
98800,0.190,0.324,0.486
98900,0.177,0.340,0.483
99000,0.169,0.345,0.486
99100,0.177,0.336,0.487
99200,0.184,0.331,0.485
99300,0.188,0.341,0.471
99400,0.198,0.337,0.465
99500,0.194,0.325,0.481
99600,0.204,0.325,0.471
99700,0.208,0.319,0.473
99800,0.220,0.308,0.472
99900,0.215,0.320,0.466
100000,0.206,0.320,0.474
