time,n_A+p,n_B,n_AB
200,0.028,0.957,0.015
400,0.028,0.936,0.037
600,0.028,0.920,0.052
800,0.028,0.887,0.086
1000,0.034,0.890,0.076
1200,0.034,0.890,0.076
1400,0.031,0.865,0.104
1600,0.031,0.869,0.101
1800,0.037,0.853,0.110
2000,0.037,0.832,0.131
2200,0.052,0.826,0.122
2400,0.046,0.758,0.196
2600,0.046,0.734,0.220
2800,0.040,0.768,0.193
3000,0.046,0.780,0.174
3200,0.058,0.798,0.144
3400,0.049,0.792,0.159
3600,0.043,0.774,0.183
3800,0.043,0.780,0.177
4000,0.046,0.783,0.171
4200,0.043,0.783,0.174
4400,0.043,0.774,0.183
4600,0.037,0.780,0.183
4800,0.040,0.755,0.205
5000,0.043,0.697,0.260
5200,0.040,0.703,0.257
5400,0.040,0.697,0.263
5600,0.049,0.746,0.205
5800,0.046,0.755,0.199
6000,0.049,0.761,0.190
6200,0.058,0.740,0.202
6400,0.046,0.768,0.187
6600,0.070,0.703,0.226
6800,0.086,0.679,0.235
7000,0.067,0.688,0.245
7200,0.067,0.670,0.263
7400,0.061,0.657,0.281
7600,0.073,0.667,0.260
7800,0.089,0.691,0.220
8000,0.083,0.679,0.239
8200,0.076,0.673,0.251
8400,0.070,0.673,0.257
8600,0.083,0.691,0.226
8800,0.080,0.664,0.257
9000,0.086,0.682,0.232
9200,0.080,0.654,0.266
9400,0.080,0.657,0.263
9600,0.083,0.636,0.281
9800,0.086,0.630,0.284
10000,0.076,0.618,0.306
10200,0.061,0.630,0.309
10400,0.064,0.618,0.318
10600,0.089,0.651,0.260
10800,0.067,0.633,0.300
11000,0.092,0.572,0.336
11200,0.104,0.602,0.294
11400,0.110,0.596,0.294
11600,0.113,0.557,0.330
11800,0.110,0.560,0.330
12000,0.144,0.544,0.312
12200,0.141,0.517,0.343
12400,0.138,0.486,0.376
12600,0.128,0.474,0.398
12800,0.159,0.459,0.382
13000,0.147,0.468,0.385
13200,0.165,0.492,0.343
13400,0.174,0.492,0.333
13600,0.141,0.425,0.434
13800,0.168,0.468,0.364
14000,0.180,0.489,0.330
14200,0.150,0.474,0.376
14400,0.196,0.407,0.398
14600,0.193,0.401,0.407
14800,0.171,0.361,0.468
15000,0.196,0.391,0.413
15200,0.193,0.416,0.391
15400,0.141,0.443,0.416
15600,0.159,0.511,0.330
15800,0.153,0.517,0.330
16000,0.144,0.535,0.321
16200,0.159,0.480,0.361
16400,0.208,0.514,0.278
16600,0.193,0.468,0.339
16800,0.199,0.440,0.361
17000,0.165,0.456,0.379
17200,0.144,0.471,0.385
17400,0.177,0.471,0.352
17600,0.190,0.453,0.358
17800,0.220,0.401,0.379
18000,0.266,0.367,0.367
18200,0.239,0.391,0.370
18400,0.220,0.416,0.364
18600,0.226,0.416,0.358
18800,0.205,0.446,0.349
19000,0.202,0.398,0.401
19200,0.202,0.431,0.367
19400,0.150,0.456,0.394
19600,0.113,0.520,0.367
19800,0.116,0.529,0.355
20000,0.141,0.514,0.346
20200,0.162,0.505,0.333
20400,0.162,0.498,0.339
20600,0.119,0.477,0.404
20800,0.119,0.523,0.358
21000,0.141,0.511,0.349
21200,0.174,0.483,0.343
21400,0.190,0.431,0.379
21600,0.208,0.394,0.398
21800,0.211,0.416,0.373
22000,0.235,0.401,0.364
22200,0.251,0.413,0.336
22400,0.245,0.379,0.376
22600,0.239,0.413,0.349
22800,0.242,0.364,0.394
23000,0.269,0.373,0.358
23200,0.251,0.379,0.370
23400,0.284,0.355,0.361
23600,0.275,0.333,0.391
23800,0.294,0.303,0.404
24000,0.303,0.281,0.416
24200,0.284,0.306,0.410
24400,0.263,0.333,0.404
24600,0.278,0.333,0.388
24800,0.257,0.358,0.385
25000,0.251,0.385,0.364
25200,0.257,0.367,0.376
25400,0.248,0.391,0.361
25600,0.248,0.410,0.343
25800,0.223,0.404,0.373
26000,0.199,0.401,0.401
26200,0.217,0.407,0.376
26400,0.202,0.410,0.388
26600,0.205,0.385,0.410
26800,0.205,0.373,0.422
27000,0.214,0.410,0.376
27200,0.217,0.352,0.431
27400,0.269,0.358,0.373
27600,0.287,0.324,0.388
27800,0.300,0.333,0.367
28000,0.260,0.358,0.382
28200,0.254,0.367,0.379
28400,0.239,0.343,0.419
28600,0.260,0.330,0.410
28800,0.272,0.297,0.431
29000,0.297,0.300,0.404
29200,0.287,0.284,0.428
29400,0.242,0.330,0.428
29600,0.260,0.382,0.358
29800,0.300,0.318,0.382
30000,0.284,0.346,0.370
30200,0.275,0.376,0.349
30400,0.327,0.327,0.346
30600,0.330,0.281,0.388
30800,0.297,0.309,0.394
31000,0.312,0.272,0.416
31200,0.336,0.269,0.394
31400,0.352,0.263,0.385
31600,0.315,0.248,0.437
31800,0.278,0.254,0.468
32000,0.303,0.208,0.489
32200,0.312,0.226,0.462
32400,0.336,0.257,0.407
32600,0.312,0.269,0.419
32800,0.278,0.294,0.428
33000,0.269,0.312,0.419
33200,0.254,0.291,0.456
33400,0.229,0.358,0.413
33600,0.229,0.361,0.410
33800,0.208,0.346,0.446
34000,0.208,0.367,0.425
34200,0.211,0.401,0.388
34400,0.208,0.440,0.352
34600,0.187,0.431,0.382
34800,0.196,0.446,0.358
35000,0.183,0.428,0.388
35200,0.235,0.422,0.343
35400,0.226,0.437,0.336
35600,0.239,0.404,0.358
35800,0.251,0.407,0.343
36000,0.251,0.388,0.361
36200,0.235,0.422,0.343
36400,0.251,0.413,0.336
36600,0.214,0.443,0.343
36800,0.211,0.450,0.339
37000,0.193,0.468,0.339
37200,0.190,0.495,0.315
37400,0.162,0.462,0.376
37600,0.150,0.502,0.349
37800,0.141,0.486,0.373
38000,0.174,0.450,0.376
38200,0.193,0.431,0.376
38400,0.196,0.459,0.346
38600,0.162,0.489,0.349
38800,0.144,0.450,0.407
39000,0.141,0.471,0.388
39200,0.147,0.532,0.321
39400,0.147,0.538,0.315
39600,0.119,0.563,0.318
39800,0.141,0.523,0.336
40000,0.131,0.480,0.388
40200,0.159,0.474,0.367
40400,0.162,0.425,0.413
40600,0.162,0.425,0.413
40800,0.162,0.428,0.410
41000,0.205,0.440,0.355
41200,0.159,0.456,0.385
41400,0.156,0.468,0.376
41600,0.171,0.431,0.398
41800,0.199,0.450,0.352
42000,0.199,0.465,0.336
42200,0.190,0.443,0.367
42400,0.177,0.419,0.404
42600,0.223,0.410,0.367
42800,0.242,0.398,0.361
43000,0.248,0.398,0.355
43200,0.303,0.401,0.297
43400,0.294,0.343,0.364
43600,0.324,0.349,0.327
43800,0.333,0.327,0.339
44000,0.336,0.291,0.373
44200,0.324,0.281,0.394
44400,0.336,0.251,0.413
44600,0.343,0.223,0.434
44800,0.343,0.226,0.431
45000,0.361,0.214,0.425
45200,0.391,0.177,0.431
45400,0.407,0.190,0.404
45600,0.443,0.165,0.391
45800,0.459,0.208,0.333
46000,0.453,0.190,0.358
46200,0.456,0.183,0.361
46400,0.456,0.159,0.385
46600,0.489,0.187,0.324
46800,0.502,0.177,0.321
47000,0.508,0.156,0.336
47200,0.526,0.128,0.346
47400,0.584,0.113,0.303
47600,0.657,0.104,0.239
47800,0.639,0.092,0.269
48000,0.694,0.089,0.217
48200,0.703,0.083,0.214
48400,0.737,0.064,0.199
48600,0.719,0.058,0.223
48800,0.734,0.043,0.223
49000,0.737,0.040,0.223
49200,0.777,0.046,0.177
49400,0.752,0.043,0.205
49600,0.789,0.043,0.168
49800,0.789,0.037,0.174
50000,0.807,0.040,0.153
50200,0.813,0.031,0.156
50400,0.844,0.012,0.144
50600,0.844,0.012,0.144
50800,0.850,0.006,0.144
51000,0.869,0.015,0.116
51200,0.878,0.012,0.110
51400,0.905,0.012,0.083
51600,0.890,0.009,0.101
51800,0.902,0.006,0.092
52000,0.924,0.006,0.070
52200,0.920,0.006,0.073
52400,0.948,0.003,0.049
52600,0.948,0.003,0.049
52800,0.942,0.003,0.055
53000,0.945,0.003,0.052
53200,0.963,0.003,0.034
53400,0.966,0.003,0.031
53600,0.979,0.003,0.018
53800,0.979,0.003,0.018
54000,0.979,0.003,0.018
54200,0.966,0.003,0.031
54400,0.976,0.003,0.021
54600,0.976,0.003,0.021
54800,0.976,0.003,0.021
55000,0.991,0.003,0.006
55200,0.988,0.003,0.009
55400,0.988,0.003,0.009
55600,0.982,0.003,0.015
55800,0.991,0.003,0.006
56000,0.997,0.003,0.000
56200,0.997,0.003,0.000
56400,0.997,0.003,0.000
56600,0.997,0.003,0.000
56800,0.997,0.003,0.000
57000,0.997,0.003,0.000
57200,0.997,0.003,0.000
57400,0.997,0.003,0.000
57600,0.997,0.003,0.000
57800,0.997,0.003,0.000
58000,0.997,0.003,0.000
58200,0.997,0.003,0.000
58400,0.997,0.003,0.000
58600,0.997,0.003,0.000
58800,0.997,0.003,0.000
59000,0.997,0.003,0.000
59200,0.997,0.003,0.000
59400,0.997,0.003,0.000
59600,0.997,0.003,0.000
59800,0.997,0.003,0.000
60000,0.997,0.003,0.000
60200,0.997,0.000,0.003
60400,0.997,0.000,0.003
60600,0.997,0.000,0.003
60800,0.997,0.000,0.003
61000,0.997,0.000,0.003
61200,0.997,0.000,0.003
61400,0.997,0.000,0.003
61600,0.997,0.000,0.003
61800,0.997,0.000,0.003
62000,0.997,0.000,0.003
62200,0.997,0.000,0.003
62400,0.997,0.000,0.003
62600,0.997,0.000,0.003
62800,0.997,0.000,0.003
63000,0.997,0.000,0.003
63200,0.997,0.000,0.003
63400,1.000,0.000,0.000
