time,n_A+p,n_B,n_AB
500,0.050,0.850,0.100
1000,0.050,0.763,0.186
1500,0.050,0.664,0.286
2000,0.050,0.572,0.378
2500,0.050,0.453,0.497
3000,0.050,0.444,0.506
3500,0.050,0.401,0.549
4000,0.054,0.369,0.576
4500,0.051,0.385,0.565
5000,0.054,0.373,0.573
5500,0.055,0.399,0.546
6000,0.051,0.405,0.544
6500,0.051,0.397,0.552
7000,0.051,0.382,0.568
7500,0.057,0.345,0.597
8000,0.057,0.356,0.587
8500,0.059,0.363,0.578
9000,0.057,0.361,0.582
9500,0.059,0.393,0.549
10000,0.051,0.400,0.549
10500,0.050,0.398,0.552
11000,0.051,0.428,0.520
11500,0.050,0.462,0.488
12000,0.050,0.454,0.496
12500,0.050,0.453,0.497
13000,0.053,0.435,0.511
13500,0.051,0.431,0.518
14000,0.050,0.416,0.533
14500,0.050,0.409,0.540
15000,0.050,0.418,0.531
15500,0.050,0.396,0.554
16000,0.050,0.366,0.583
16500,0.057,0.317,0.627
17000,0.051,0.425,0.523
17500,0.051,0.446,0.504
18000,0.054,0.410,0.536
18500,0.051,0.381,0.568
19000,0.051,0.360,0.589
19500,0.051,0.357,0.591
20000,0.050,0.411,0.538
20500,0.052,0.433,0.514
21000,0.050,0.410,0.539
21500,0.051,0.362,0.588
22000,0.050,0.360,0.589
22500,0.053,0.368,0.579
23000,0.050,0.405,0.545
23500,0.050,0.359,0.591
24000,0.051,0.413,0.536
24500,0.050,0.490,0.459
25000,0.050,0.414,0.535
25500,0.050,0.451,0.499
26000,0.055,0.435,0.509
26500,0.053,0.418,0.528
27000,0.050,0.410,0.540
27500,0.051,0.414,0.535
28000,0.050,0.412,0.538
28500,0.050,0.377,0.573
29000,0.050,0.353,0.597
29500,0.051,0.410,0.538
30000,0.050,0.430,0.519
30500,0.050,0.399,0.551
31000,0.053,0.373,0.574
31500,0.053,0.402,0.545
32000,0.051,0.380,0.569
32500,0.054,0.349,0.597
33000,0.058,0.336,0.606
33500,0.057,0.385,0.558
34000,0.054,0.388,0.558
34500,0.057,0.380,0.564
35000,0.057,0.355,0.588
35500,0.052,0.414,0.533
36000,0.051,0.417,0.531
36500,0.052,0.395,0.552
37000,0.054,0.369,0.577
37500,0.055,0.402,0.543
38000,0.057,0.360,0.583
38500,0.051,0.360,0.589
39000,0.050,0.344,0.606
39500,0.052,0.334,0.614
40000,0.051,0.363,0.585
40500,0.051,0.346,0.603
41000,0.050,0.415,0.534
41500,0.054,0.361,0.585
42000,0.060,0.328,0.612
42500,0.053,0.304,0.643
43000,0.060,0.341,0.599
43500,0.057,0.320,0.623
44000,0.051,0.374,0.575
44500,0.050,0.351,0.599
45000,0.050,0.375,0.575
45500,0.050,0.462,0.488
46000,0.054,0.380,0.566
46500,0.051,0.411,0.537
47000,0.051,0.427,0.522
47500,0.050,0.410,0.539
48000,0.050,0.445,0.505
48500,0.050,0.364,0.585
49000,0.050,0.420,0.529
49500,0.050,0.381,0.569
50000,0.055,0.347,0.597
50500,0.061,0.311,0.627
51000,0.056,0.377,0.568
51500,0.053,0.422,0.524
52000,0.051,0.444,0.506
52500,0.051,0.460,0.490
53000,0.050,0.416,0.534
53500,0.050,0.401,0.549
54000,0.050,0.397,0.553
54500,0.050,0.409,0.541
55000,0.050,0.419,0.530
55500,0.054,0.433,0.513
56000,0.051,0.463,0.487
56500,0.051,0.414,0.534
57000,0.052,0.340,0.607
57500,0.051,0.344,0.605
58000,0.050,0.440,0.510
58500,0.050,0.386,0.564
59000,0.050,0.360,0.590
59500,0.052,0.402,0.545
60000,0.051,0.403,0.546
60500,0.051,0.387,0.561
61000,0.050,0.433,0.517
61500,0.052,0.450,0.498
62000,0.050,0.464,0.486
62500,0.050,0.449,0.501
63000,0.050,0.398,0.552
63500,0.053,0.380,0.567
64000,0.050,0.403,0.547
64500,0.050,0.413,0.537
65000,0.050,0.444,0.506
65500,0.050,0.386,0.565
66000,0.050,0.373,0.577
66500,0.054,0.344,0.602
67000,0.060,0.314,0.626
67500,0.059,0.323,0.619
68000,0.052,0.307,0.640
68500,0.057,0.329,0.614
69000,0.055,0.367,0.577
69500,0.051,0.399,0.550
70000,0.050,0.395,0.555
70500,0.050,0.436,0.513
71000,0.050,0.447,0.503
71500,0.051,0.452,0.497
72000,0.051,0.427,0.521
72500,0.054,0.372,0.574
73000,0.051,0.374,0.575
73500,0.050,0.401,0.549
74000,0.050,0.404,0.546
74500,0.056,0.408,0.536
75000,0.051,0.400,0.549
75500,0.051,0.405,0.544
76000,0.050,0.406,0.544
76500,0.050,0.421,0.529
77000,0.054,0.406,0.539
77500,0.051,0.382,0.567
78000,0.050,0.344,0.606
78500,0.056,0.349,0.595
79000,0.054,0.387,0.559
79500,0.051,0.400,0.549
80000,0.050,0.428,0.521
80500,0.050,0.445,0.505
81000,0.050,0.436,0.514
81500,0.050,0.440,0.510
82000,0.050,0.434,0.516
82500,0.050,0.449,0.501
83000,0.051,0.456,0.493
83500,0.050,0.486,0.463
84000,0.050,0.478,0.472
84500,0.050,0.453,0.497
85000,0.050,0.431,0.518
85500,0.050,0.380,0.571
86000,0.054,0.370,0.575
86500,0.051,0.390,0.559
87000,0.051,0.435,0.514
87500,0.052,0.413,0.534
88000,0.051,0.416,0.534
88500,0.053,0.390,0.557
89000,0.051,0.371,0.579
89500,0.053,0.348,0.599
90000,0.054,0.387,0.559
90500,0.050,0.383,0.567
91000,0.050,0.384,0.566
91500,0.050,0.473,0.476
92000,0.050,0.421,0.528
92500,0.050,0.452,0.498
93000,0.050,0.427,0.522
93500,0.050,0.439,0.511
94000,0.050,0.431,0.518
94500,0.050,0.469,0.481
95000,0.050,0.497,0.453
95500,0.050,0.448,0.502
96000,0.050,0.483,0.467
96500,0.050,0.486,0.463
97000,0.050,0.430,0.520
97500,0.053,0.409,0.537
98000,0.051,0.423,0.526
98500,0.050,0.392,0.558
99000,0.055,0.318,0.627
99500,0.056,0.344,0.600
100000,0.051,0.395,0.554
100500,0.051,0.361,0.588
101000,0.051,0.415,0.534
101500,0.050,0.447,0.503
102000,0.050,0.445,0.505
102500,0.053,0.472,0.474
103000,0.053,0.477,0.469
103500,0.053,0.458,0.489
104000,0.051,0.441,0.508
104500,0.050,0.442,0.508
105000,0.050,0.350,0.600
105500,0.055,0.339,0.606
106000,0.057,0.358,0.586
106500,0.054,0.339,0.607
107000,0.051,0.381,0.568
107500,0.054,0.422,0.523
108000,0.050,0.412,0.538
108500,0.050,0.387,0.563
109000,0.050,0.435,0.515
109500,0.051,0.447,0.502
110000,0.050,0.383,0.567
110500,0.050,0.383,0.567
111000,0.051,0.417,0.532
111500,0.051,0.372,0.577
112000,0.050,0.394,0.556
112500,0.051,0.408,0.540
113000,0.050,0.384,0.567
113500,0.055,0.413,0.531
114000,0.057,0.402,0.541
114500,0.051,0.412,0.536
115000,0.050,0.428,0.522
115500,0.050,0.496,0.454
116000,0.050,0.438,0.512
116500,0.050,0.402,0.548
117000,0.056,0.395,0.549
117500,0.051,0.418,0.530
118000,0.051,0.459,0.490
118500,0.050,0.426,0.524
119000,0.050,0.444,0.506
119500,0.050,0.369,0.581
120000,0.051,0.374,0.575
120500,0.051,0.384,0.566
121000,0.050,0.409,0.540
121500,0.050,0.446,0.504
122000,0.050,0.397,0.553
122500,0.053,0.376,0.571
123000,0.052,0.364,0.584
123500,0.052,0.386,0.562
124000,0.051,0.402,0.546
124500,0.050,0.353,0.597
125000,0.051,0.353,0.596
125500,0.056,0.411,0.533
126000,0.051,0.430,0.518
126500,0.053,0.425,0.522
127000,0.059,0.399,0.542
127500,0.054,0.390,0.556
128000,0.051,0.391,0.559
128500,0.052,0.474,0.473
129000,0.051,0.492,0.457
129500,0.052,0.443,0.505
130000,0.054,0.384,0.562
130500,0.055,0.344,0.601
131000,0.057,0.357,0.585
131500,0.051,0.355,0.593
132000,0.053,0.354,0.593
132500,0.055,0.363,0.582
133000,0.052,0.377,0.571
133500,0.051,0.386,0.564
134000,0.052,0.382,0.567
134500,0.050,0.413,0.536
135000,0.050,0.410,0.539
135500,0.050,0.402,0.548
136000,0.052,0.419,0.528
136500,0.051,0.372,0.577
137000,0.051,0.404,0.545
137500,0.052,0.385,0.563
138000,0.051,0.404,0.544
138500,0.054,0.376,0.570
139000,0.051,0.414,0.534
139500,0.051,0.401,0.548
140000,0.050,0.408,0.541
140500,0.053,0.406,0.540
141000,0.056,0.358,0.585
141500,0.050,0.398,0.552
142000,0.050,0.357,0.593
142500,0.056,0.435,0.509
143000,0.052,0.429,0.518
143500,0.050,0.402,0.548
144000,0.050,0.402,0.548
144500,0.050,0.379,0.571
145000,0.050,0.369,0.581
145500,0.056,0.389,0.556
146000,0.051,0.380,0.569
146500,0.056,0.386,0.558
147000,0.052,0.408,0.540
147500,0.052,0.431,0.516
148000,0.051,0.422,0.526
148500,0.051,0.418,0.532
149000,0.054,0.362,0.583
149500,0.051,0.420,0.528
150000,0.050,0.472,0.478
150500,0.050,0.456,0.494
151000,0.050,0.439,0.511
151500,0.050,0.461,0.489
152000,0.050,0.458,0.492
152500,0.050,0.461,0.489
153000,0.050,0.490,0.459
153500,0.050,0.473,0.477
154000,0.050,0.471,0.478
154500,0.050,0.416,0.533
155000,0.050,0.436,0.514
155500,0.050,0.388,0.562
156000,0.054,0.394,0.552
156500,0.051,0.384,0.565
157000,0.053,0.383,0.564
157500,0.051,0.337,0.613
158000,0.060,0.334,0.606
158500,0.058,0.320,0.622
159000,0.059,0.344,0.597
159500,0.062,0.310,0.627
160000,0.051,0.324,0.625
160500,0.050,0.384,0.566
161000,0.050,0.392,0.558
161500,0.054,0.382,0.564
162000,0.052,0.412,0.536
162500,0.051,0.445,0.505
163000,0.051,0.385,0.565
163500,0.053,0.341,0.605
164000,0.053,0.332,0.615
164500,0.059,0.353,0.589
165000,0.053,0.352,0.595
165500,0.051,0.383,0.567
166000,0.054,0.387,0.559
166500,0.051,0.396,0.553
167000,0.052,0.358,0.590
167500,0.058,0.323,0.620
168000,0.051,0.328,0.621
168500,0.051,0.315,0.635
169000,0.051,0.353,0.596
169500,0.052,0.364,0.584
170000,0.051,0.337,0.611
170500,0.051,0.381,0.569
171000,0.051,0.388,0.561
171500,0.051,0.388,0.561
172000,0.051,0.427,0.522
172500,0.050,0.465,0.485
173000,0.050,0.444,0.506
173500,0.050,0.411,0.538
174000,0.050,0.388,0.562
174500,0.050,0.455,0.495
175000,0.050,0.450,0.500
175500,0.050,0.423,0.526
176000,0.050,0.391,0.559
176500,0.051,0.395,0.554
177000,0.050,0.389,0.561
177500,0.054,0.363,0.583
178000,0.058,0.364,0.577
178500,0.054,0.332,0.614
179000,0.057,0.343,0.601
179500,0.055,0.372,0.573
180000,0.059,0.369,0.572
180500,0.054,0.400,0.546
181000,0.051,0.389,0.560
181500,0.051,0.386,0.564
182000,0.053,0.326,0.621
182500,0.059,0.320,0.622
183000,0.059,0.358,0.584
183500,0.053,0.331,0.616
184000,0.056,0.319,0.625
184500,0.060,0.348,0.591
185000,0.066,0.307,0.627
185500,0.059,0.289,0.653
186000,0.053,0.356,0.591
186500,0.050,0.385,0.565
187000,0.050,0.417,0.533
187500,0.050,0.422,0.528
188000,0.051,0.435,0.514
188500,0.050,0.429,0.521
189000,0.050,0.448,0.502
189500,0.050,0.433,0.516
190000,0.050,0.426,0.524
190500,0.050,0.442,0.508
191000,0.050,0.395,0.555
191500,0.052,0.425,0.522
192000,0.050,0.363,0.587
192500,0.050,0.396,0.554
193000,0.050,0.360,0.590
193500,0.050,0.393,0.557
194000,0.050,0.390,0.560
194500,0.050,0.437,0.513
195000,0.050,0.476,0.474
195500,0.050,0.492,0.458
196000,0.050,0.515,0.434
196500,0.050,0.543,0.406
197000,0.050,0.420,0.529
197500,0.051,0.424,0.524
198000,0.050,0.390,0.560
198500,0.050,0.332,0.618
199000,0.060,0.341,0.599
199500,0.051,0.360,0.589
200000,0.051,0.359,0.591
200500,0.051,0.316,0.634
201000,0.054,0.320,0.625
201500,0.056,0.334,0.610
202000,0.056,0.388,0.556
202500,0.051,0.378,0.571
203000,0.050,0.399,0.551
203500,0.050,0.378,0.573
204000,0.051,0.393,0.556
204500,0.054,0.326,0.620
205000,0.056,0.359,0.585
205500,0.052,0.350,0.597
206000,0.051,0.329,0.620
206500,0.051,0.405,0.544
207000,0.051,0.408,0.541
207500,0.050,0.418,0.532
208000,0.050,0.445,0.505
208500,0.053,0.382,0.565
209000,0.051,0.369,0.581
209500,0.051,0.370,0.579
210000,0.051,0.400,0.549
210500,0.050,0.368,0.581
211000,0.054,0.428,0.518
211500,0.054,0.366,0.579
212000,0.053,0.321,0.626
212500,0.051,0.388,0.561
213000,0.058,0.350,0.592
213500,0.051,0.357,0.591
214000,0.053,0.362,0.585
214500,0.054,0.365,0.581
215000,0.051,0.377,0.572
215500,0.054,0.342,0.604
216000,0.051,0.368,0.581
216500,0.051,0.400,0.550
217000,0.051,0.397,0.552
217500,0.050,0.427,0.522
218000,0.050,0.401,0.549
218500,0.050,0.425,0.524
219000,0.050,0.438,0.512
219500,0.050,0.408,0.542
220000,0.050,0.378,0.573
220500,0.050,0.432,0.518
221000,0.050,0.448,0.502
221500,0.050,0.387,0.563
222000,0.053,0.324,0.623
222500,0.050,0.370,0.579
223000,0.050,0.390,0.560
223500,0.050,0.396,0.554
224000,0.060,0.397,0.542
224500,0.051,0.412,0.537
225000,0.054,0.369,0.577
225500,0.050,0.396,0.554
226000,0.054,0.363,0.583
226500,0.055,0.396,0.549
227000,0.052,0.364,0.584
227500,0.060,0.369,0.571
228000,0.052,0.344,0.604
228500,0.056,0.389,0.556
229000,0.056,0.383,0.561
229500,0.059,0.395,0.545
230000,0.051,0.413,0.536
230500,0.051,0.431,0.518
231000,0.050,0.431,0.519
231500,0.050,0.414,0.535
232000,0.051,0.372,0.577
232500,0.050,0.406,0.544
233000,0.050,0.424,0.526
233500,0.051,0.427,0.522
234000,0.050,0.443,0.507
234500,0.050,0.453,0.497
235000,0.054,0.380,0.566
235500,0.050,0.400,0.550
236000,0.050,0.411,0.539
236500,0.050,0.353,0.597
237000,0.050,0.357,0.593
237500,0.054,0.351,0.594
238000,0.051,0.365,0.584
238500,0.052,0.355,0.593
239000,0.051,0.394,0.556
239500,0.057,0.371,0.572
240000,0.051,0.436,0.513
240500,0.052,0.396,0.552
241000,0.050,0.385,0.565
241500,0.052,0.366,0.582
242000,0.052,0.362,0.586
242500,0.052,0.406,0.542
243000,0.052,0.403,0.545
243500,0.051,0.368,0.582
244000,0.050,0.390,0.560
244500,0.050,0.413,0.536
245000,0.050,0.444,0.506
245500,0.050,0.388,0.562
246000,0.050,0.416,0.534
246500,0.050,0.406,0.544
247000,0.051,0.400,0.549
247500,0.052,0.411,0.537
248000,0.050,0.377,0.573
248500,0.050,0.409,0.540
249000,0.050,0.433,0.517
249500,0.051,0.398,0.551
250000,0.051,0.405,0.545
250500,0.050,0.398,0.552
251000,0.050,0.379,0.571
251500,0.053,0.395,0.552
252000,0.052,0.433,0.515
252500,0.050,0.402,0.548
253000,0.051,0.362,0.587
253500,0.050,0.364,0.585
254000,0.050,0.403,0.547
254500,0.050,0.353,0.597
255000,0.050,0.351,0.599
255500,0.051,0.386,0.563
256000,0.050,0.404,0.546
256500,0.050,0.417,0.533
257000,0.050,0.410,0.540
257500,0.050,0.419,0.530
258000,0.051,0.357,0.592
258500,0.052,0.372,0.575
259000,0.055,0.392,0.553
259500,0.050,0.336,0.614
260000,0.050,0.366,0.584
260500,0.050,0.395,0.555
261000,0.051,0.452,0.497
261500,0.050,0.436,0.513
262000,0.050,0.434,0.515
262500,0.050,0.413,0.537
263000,0.056,0.384,0.561
263500,0.052,0.416,0.531
264000,0.050,0.394,0.556
264500,0.051,0.412,0.536
265000,0.051,0.385,0.565
265500,0.050,0.422,0.528
266000,0.050,0.403,0.547
266500,0.052,0.324,0.624
267000,0.056,0.346,0.598
267500,0.057,0.331,0.612
268000,0.050,0.405,0.545
268500,0.050,0.458,0.492
269000,0.050,0.452,0.498
269500,0.050,0.447,0.503
270000,0.051,0.428,0.520
270500,0.050,0.432,0.517
271000,0.050,0.392,0.558
271500,0.051,0.425,0.523
272000,0.054,0.455,0.491
272500,0.054,0.424,0.521
273000,0.051,0.397,0.552
273500,0.050,0.412,0.538
274000,0.057,0.382,0.561
274500,0.057,0.377,0.567
275000,0.051,0.373,0.575
275500,0.050,0.421,0.529
276000,0.050,0.428,0.522
276500,0.050,0.361,0.589
277000,0.053,0.344,0.602
277500,0.057,0.328,0.615
278000,0.054,0.387,0.559
278500,0.051,0.368,0.581
279000,0.050,0.362,0.587
279500,0.050,0.416,0.533
280000,0.053,0.348,0.599
280500,0.051,0.424,0.525
281000,0.050,0.468,0.482
281500,0.050,0.467,0.483
282000,0.050,0.427,0.522
282500,0.053,0.424,0.522
283000,0.051,0.363,0.587
283500,0.053,0.388,0.558
284000,0.052,0.362,0.586
284500,0.051,0.386,0.562
285000,0.051,0.347,0.603
285500,0.052,0.342,0.606
286000,0.050,0.423,0.526
286500,0.050,0.456,0.494
287000,0.050,0.428,0.522
287500,0.050,0.374,0.576
288000,0.053,0.384,0.563
288500,0.051,0.391,0.558
289000,0.053,0.388,0.559
289500,0.051,0.381,0.568
290000,0.050,0.370,0.580
290500,0.050,0.380,0.571
291000,0.050,0.348,0.601
291500,0.050,0.426,0.523
292000,0.050,0.433,0.516
292500,0.050,0.473,0.476
293000,0.050,0.498,0.452
293500,0.050,0.463,0.487
294000,0.050,0.440,0.510
294500,0.050,0.432,0.518
295000,0.050,0.498,0.451
295500,0.050,0.391,0.559
296000,0.050,0.410,0.540
296500,0.055,0.427,0.518
297000,0.051,0.427,0.521
297500,0.054,0.410,0.535
298000,0.051,0.427,0.522
298500,0.051,0.446,0.504
299000,0.056,0.373,0.572
299500,0.058,0.339,0.603
300000,0.053,0.310,0.636
300500,0.056,0.339,0.605
301000,0.050,0.384,0.567
301500,0.051,0.435,0.514
302000,0.051,0.454,0.495
302500,0.050,0.443,0.507
303000,0.050,0.395,0.555
303500,0.051,0.408,0.540
304000,0.057,0.392,0.551
304500,0.051,0.421,0.527
305000,0.053,0.371,0.576
305500,0.052,0.349,0.599
306000,0.054,0.379,0.567
306500,0.052,0.328,0.620
307000,0.052,0.348,0.600
307500,0.051,0.362,0.587
308000,0.050,0.338,0.612
308500,0.055,0.281,0.663
309000,0.058,0.314,0.628
309500,0.052,0.355,0.593
310000,0.057,0.327,0.617
310500,0.058,0.335,0.608
311000,0.051,0.335,0.614
311500,0.050,0.359,0.591
312000,0.050,0.409,0.540
312500,0.050,0.475,0.475
313000,0.050,0.478,0.472
313500,0.050,0.466,0.484
314000,0.050,0.439,0.511
314500,0.050,0.429,0.521
315000,0.050,0.425,0.525
315500,0.050,0.426,0.524
316000,0.050,0.424,0.526
316500,0.050,0.418,0.531
317000,0.051,0.426,0.522
317500,0.050,0.439,0.511
318000,0.050,0.420,0.530
318500,0.050,0.358,0.592
319000,0.052,0.385,0.562
319500,0.051,0.341,0.608
320000,0.050,0.353,0.597
320500,0.050,0.374,0.576
321000,0.050,0.412,0.538
321500,0.050,0.391,0.559
322000,0.050,0.406,0.544
322500,0.054,0.406,0.540
323000,0.050,0.408,0.541
323500,0.052,0.349,0.599
324000,0.055,0.414,0.531
324500,0.053,0.380,0.567
325000,0.059,0.405,0.536
325500,0.055,0.367,0.577
326000,0.051,0.443,0.506
326500,0.051,0.403,0.545
327000,0.051,0.408,0.542
327500,0.050,0.419,0.530
328000,0.054,0.423,0.522
328500,0.051,0.406,0.543
329000,0.050,0.384,0.566
329500,0.050,0.369,0.581
330000,0.052,0.376,0.572
330500,0.052,0.381,0.567
331000,0.051,0.384,0.565
331500,0.051,0.422,0.527
332000,0.050,0.418,0.532
332500,0.050,0.397,0.553
333000,0.050,0.449,0.501
333500,0.054,0.428,0.518
334000,0.050,0.448,0.502
334500,0.057,0.413,0.529
335000,0.052,0.456,0.491
335500,0.051,0.466,0.484
336000,0.050,0.410,0.540
336500,0.050,0.494,0.456
337000,0.054,0.406,0.540
337500,0.051,0.392,0.557
338000,0.053,0.344,0.603
338500,0.052,0.348,0.600
339000,0.052,0.407,0.541
339500,0.051,0.344,0.605
340000,0.050,0.378,0.573
340500,0.050,0.413,0.537
341000,0.050,0.434,0.515
341500,0.050,0.455,0.495
342000,0.050,0.437,0.513
342500,0.050,0.446,0.504
343000,0.050,0.518,0.432
343500,0.050,0.416,0.533
344000,0.050,0.400,0.550
344500,0.054,0.383,0.563
345000,0.052,0.439,0.509
345500,0.051,0.447,0.502
346000,0.050,0.477,0.473
346500,0.050,0.412,0.538
347000,0.050,0.448,0.502
347500,0.054,0.385,0.560
348000,0.058,0.334,0.609
348500,0.054,0.385,0.561
349000,0.054,0.391,0.554
349500,0.051,0.416,0.533
350000,0.050,0.429,0.521
350500,0.050,0.434,0.516
351000,0.050,0.405,0.545
351500,0.052,0.431,0.516
352000,0.053,0.352,0.595
352500,0.050,0.379,0.571
353000,0.060,0.368,0.572
353500,0.052,0.362,0.586
354000,0.050,0.368,0.581
354500,0.052,0.366,0.582
355000,0.051,0.388,0.561
355500,0.050,0.378,0.572
356000,0.053,0.397,0.550
356500,0.051,0.389,0.561
357000,0.060,0.358,0.581
357500,0.054,0.327,0.619
358000,0.051,0.360,0.589
358500,0.050,0.438,0.512
359000,0.050,0.427,0.522
359500,0.050,0.411,0.538
360000,0.055,0.397,0.548
360500,0.051,0.391,0.559
361000,0.050,0.392,0.558
361500,0.050,0.378,0.572
362000,0.050,0.402,0.548
362500,0.059,0.353,0.587
363000,0.054,0.379,0.567
363500,0.051,0.355,0.593
364000,0.057,0.345,0.598
364500,0.056,0.333,0.611
365000,0.051,0.329,0.620
365500,0.056,0.322,0.622
366000,0.050,0.390,0.560
366500,0.056,0.341,0.603
367000,0.051,0.357,0.592
367500,0.050,0.423,0.526
368000,0.050,0.409,0.541
368500,0.051,0.425,0.524
369000,0.050,0.458,0.492
369500,0.050,0.392,0.558
370000,0.052,0.383,0.565
370500,0.051,0.446,0.504
371000,0.050,0.411,0.538
371500,0.050,0.448,0.502
372000,0.050,0.411,0.538
372500,0.050,0.422,0.528
373000,0.050,0.390,0.560
373500,0.050,0.398,0.552
374000,0.056,0.376,0.569
374500,0.056,0.316,0.629
375000,0.051,0.348,0.601
375500,0.054,0.432,0.513
376000,0.051,0.450,0.499
376500,0.050,0.463,0.487
377000,0.050,0.487,0.462
377500,0.051,0.443,0.506
378000,0.050,0.392,0.558
378500,0.050,0.364,0.586
379000,0.050,0.396,0.554
379500,0.050,0.436,0.514
380000,0.050,0.474,0.475
380500,0.050,0.422,0.528
381000,0.050,0.404,0.546
381500,0.050,0.426,0.523
382000,0.050,0.437,0.513
382500,0.052,0.371,0.576
383000,0.056,0.383,0.561
383500,0.050,0.391,0.559
384000,0.054,0.369,0.576
384500,0.059,0.297,0.643
385000,0.051,0.314,0.635
385500,0.050,0.442,0.508
386000,0.050,0.421,0.528
386500,0.053,0.388,0.559
387000,0.051,0.400,0.549
387500,0.053,0.399,0.548
388000,0.051,0.389,0.559
388500,0.056,0.356,0.589
389000,0.051,0.365,0.585
389500,0.052,0.384,0.564
390000,0.053,0.351,0.595
390500,0.051,0.368,0.581
391000,0.050,0.407,0.542
391500,0.050,0.429,0.521
392000,0.050,0.484,0.466
392500,0.050,0.428,0.522
393000,0.050,0.389,0.561
393500,0.051,0.351,0.598
394000,0.051,0.368,0.581
394500,0.054,0.389,0.557
395000,0.051,0.409,0.540
395500,0.059,0.363,0.578
396000,0.052,0.364,0.584
396500,0.051,0.325,0.623
397000,0.054,0.385,0.561
397500,0.054,0.341,0.605
398000,0.054,0.399,0.546
398500,0.052,0.363,0.585
399000,0.058,0.349,0.593
399500,0.059,0.331,0.611
400000,0.059,0.314,0.628
400500,0.058,0.346,0.596
401000,0.054,0.335,0.611
401500,0.057,0.316,0.627
402000,0.057,0.303,0.640
402500,0.053,0.344,0.602
403000,0.053,0.427,0.520
403500,0.051,0.416,0.533
404000,0.050,0.406,0.544
404500,0.050,0.407,0.543
405000,0.050,0.405,0.545
405500,0.050,0.458,0.492
406000,0.050,0.447,0.503
406500,0.050,0.374,0.576
407000,0.051,0.358,0.592
407500,0.052,0.344,0.604
408000,0.054,0.362,0.584
408500,0.050,0.358,0.591
409000,0.053,0.309,0.637
409500,0.053,0.359,0.587
410000,0.054,0.348,0.598
410500,0.051,0.392,0.558
411000,0.058,0.386,0.556
411500,0.051,0.447,0.502
412000,0.051,0.402,0.547
412500,0.051,0.441,0.508
413000,0.050,0.392,0.558
413500,0.050,0.380,0.571
414000,0.052,0.342,0.605
414500,0.053,0.334,0.613
415000,0.051,0.373,0.576
415500,0.055,0.369,0.575
416000,0.058,0.383,0.559
416500,0.059,0.315,0.627
417000,0.059,0.363,0.578
417500,0.054,0.358,0.588
418000,0.051,0.355,0.594
418500,0.051,0.390,0.559
419000,0.053,0.359,0.587
419500,0.054,0.410,0.535
420000,0.052,0.399,0.549
420500,0.051,0.397,0.553
421000,0.050,0.336,0.614
421500,0.050,0.405,0.545
422000,0.054,0.376,0.571
422500,0.051,0.384,0.565
423000,0.050,0.414,0.536
423500,0.053,0.360,0.587
424000,0.051,0.358,0.591
424500,0.051,0.369,0.581
425000,0.054,0.341,0.605
425500,0.051,0.351,0.599
426000,0.050,0.388,0.562
426500,0.050,0.390,0.560
427000,0.051,0.419,0.530
427500,0.050,0.449,0.501
428000,0.050,0.468,0.482
428500,0.050,0.439,0.511
429000,0.050,0.464,0.486
429500,0.050,0.432,0.517
430000,0.050,0.439,0.511
430500,0.055,0.406,0.539
431000,0.051,0.396,0.552
431500,0.051,0.362,0.587
432000,0.053,0.361,0.586
432500,0.051,0.421,0.528
433000,0.053,0.405,0.542
433500,0.057,0.392,0.551
434000,0.060,0.302,0.637
434500,0.056,0.312,0.631
435000,0.059,0.334,0.608
435500,0.054,0.349,0.596
436000,0.058,0.357,0.585
436500,0.051,0.364,0.585
437000,0.050,0.441,0.509
437500,0.050,0.397,0.553
438000,0.050,0.348,0.601
438500,0.052,0.367,0.581
439000,0.051,0.412,0.537
439500,0.050,0.435,0.515
440000,0.053,0.384,0.562
440500,0.053,0.419,0.528
441000,0.051,0.367,0.581
441500,0.053,0.400,0.547
442000,0.050,0.425,0.524
442500,0.051,0.392,0.557
443000,0.059,0.276,0.664
443500,0.062,0.257,0.681
444000,0.062,0.338,0.599
444500,0.053,0.304,0.642
445000,0.051,0.378,0.571
445500,0.052,0.430,0.517
446000,0.050,0.413,0.537
446500,0.050,0.445,0.505
447000,0.052,0.414,0.533
447500,0.051,0.401,0.548
448000,0.050,0.419,0.531
448500,0.050,0.452,0.498
449000,0.052,0.418,0.530
449500,0.050,0.429,0.520
450000,0.055,0.411,0.533
450500,0.052,0.388,0.560
451000,0.050,0.391,0.559
451500,0.050,0.435,0.514
452000,0.050,0.353,0.597
452500,0.056,0.372,0.572
453000,0.064,0.350,0.586
453500,0.054,0.324,0.622
454000,0.059,0.299,0.642
454500,0.057,0.334,0.609
455000,0.053,0.341,0.606
455500,0.054,0.334,0.612
456000,0.051,0.345,0.604
456500,0.051,0.357,0.592
457000,0.055,0.388,0.557
457500,0.057,0.377,0.567
458000,0.055,0.385,0.560
458500,0.051,0.371,0.577
459000,0.053,0.366,0.581
459500,0.050,0.410,0.539
460000,0.051,0.404,0.545
460500,0.050,0.408,0.541
461000,0.050,0.417,0.533
461500,0.050,0.383,0.567
462000,0.050,0.437,0.513
462500,0.050,0.394,0.556
463000,0.054,0.358,0.588
463500,0.051,0.363,0.585
464000,0.051,0.459,0.490
464500,0.050,0.434,0.515
465000,0.050,0.401,0.549
465500,0.050,0.391,0.559
466000,0.050,0.432,0.517
466500,0.050,0.360,0.590
467000,0.050,0.390,0.560
467500,0.051,0.434,0.515
468000,0.059,0.358,0.584
468500,0.057,0.372,0.571
469000,0.054,0.321,0.625
469500,0.058,0.312,0.630
470000,0.051,0.406,0.544
470500,0.054,0.429,0.516
471000,0.051,0.408,0.542
471500,0.051,0.388,0.562
472000,0.052,0.399,0.548
472500,0.051,0.445,0.504
473000,0.050,0.448,0.502
473500,0.054,0.426,0.520
474000,0.054,0.372,0.574
474500,0.051,0.373,0.576
475000,0.050,0.366,0.584
475500,0.051,0.327,0.622
476000,0.055,0.325,0.620
476500,0.062,0.342,0.596
477000,0.053,0.320,0.627
477500,0.061,0.271,0.668
478000,0.057,0.358,0.585
478500,0.050,0.360,0.590
479000,0.053,0.346,0.601
479500,0.054,0.354,0.592
480000,0.052,0.357,0.591
480500,0.053,0.348,0.599
481000,0.051,0.373,0.576
481500,0.050,0.435,0.514
482000,0.050,0.386,0.565
482500,0.050,0.365,0.585
483000,0.050,0.449,0.501
483500,0.050,0.475,0.474
484000,0.052,0.448,0.499
484500,0.051,0.449,0.500
485000,0.051,0.379,0.571
485500,0.050,0.374,0.576
486000,0.050,0.413,0.536
486500,0.054,0.371,0.575
487000,0.051,0.412,0.536
487500,0.051,0.450,0.499
488000,0.050,0.429,0.521
488500,0.056,0.449,0.495
489000,0.056,0.373,0.572
489500,0.056,0.383,0.561
490000,0.050,0.383,0.567
490500,0.050,0.406,0.544
491000,0.050,0.393,0.557
491500,0.050,0.434,0.516
492000,0.051,0.371,0.577
492500,0.056,0.390,0.555
493000,0.051,0.345,0.604
493500,0.050,0.379,0.571
494000,0.051,0.420,0.528
494500,0.051,0.386,0.564
495000,0.050,0.452,0.498
495500,0.053,0.337,0.610
496000,0.054,0.324,0.622
496500,0.051,0.344,0.606
497000,0.056,0.334,0.610
497500,0.051,0.419,0.530
498000,0.050,0.442,0.508
498500,0.050,0.449,0.501
499000,0.050,0.484,0.466
499500,0.052,0.410,0.537
500000,0.053,0.359,0.587
500500,0.051,0.339,0.610
501000,0.050,0.366,0.584
501500,0.050,0.424,0.526
502000,0.052,0.400,0.548
502500,0.053,0.397,0.550
503000,0.050,0.439,0.511
503500,0.052,0.351,0.596
504000,0.052,0.355,0.592
504500,0.051,0.323,0.627
505000,0.055,0.365,0.579
505500,0.051,0.429,0.520
506000,0.051,0.463,0.486
506500,0.051,0.408,0.542
507000,0.052,0.368,0.580
507500,0.054,0.406,0.539
508000,0.051,0.418,0.532
508500,0.050,0.434,0.516
509000,0.051,0.459,0.490
509500,0.052,0.413,0.535
510000,0.050,0.406,0.544
510500,0.050,0.393,0.557
511000,0.050,0.373,0.577
511500,0.050,0.408,0.542
512000,0.050,0.381,0.569
512500,0.050,0.415,0.535
513000,0.052,0.369,0.579
513500,0.053,0.361,0.585
514000,0.057,0.311,0.632
514500,0.066,0.320,0.615
515000,0.058,0.335,0.608
515500,0.051,0.338,0.611
516000,0.054,0.413,0.532
516500,0.051,0.371,0.578
517000,0.050,0.404,0.546
517500,0.050,0.425,0.524
518000,0.050,0.427,0.522
518500,0.050,0.458,0.492
519000,0.050,0.409,0.541
519500,0.053,0.381,0.566
520000,0.051,0.344,0.605
520500,0.051,0.382,0.567
521000,0.051,0.357,0.591
521500,0.050,0.331,0.619
522000,0.061,0.361,0.578
522500,0.057,0.329,0.615
523000,0.054,0.331,0.615
523500,0.050,0.399,0.551
524000,0.050,0.455,0.495
524500,0.050,0.384,0.567
525000,0.050,0.348,0.601
525500,0.054,0.356,0.589
526000,0.054,0.407,0.538
526500,0.051,0.467,0.482
527000,0.050,0.458,0.492
527500,0.050,0.455,0.495
528000,0.050,0.402,0.548
528500,0.051,0.404,0.545
529000,0.053,0.322,0.625
529500,0.051,0.354,0.594
530000,0.051,0.371,0.578
530500,0.058,0.346,0.596
531000,0.059,0.338,0.604
531500,0.052,0.335,0.613
532000,0.056,0.316,0.628
532500,0.058,0.308,0.635
533000,0.052,0.341,0.607
533500,0.052,0.332,0.616
534000,0.051,0.334,0.616
534500,0.051,0.350,0.599
535000,0.056,0.385,0.559
535500,0.057,0.377,0.567
536000,0.060,0.338,0.602
536500,0.066,0.313,0.621
537000,0.062,0.349,0.589
537500,0.057,0.367,0.576
538000,0.053,0.404,0.543
538500,0.051,0.399,0.551
539000,0.052,0.354,0.594
539500,0.051,0.370,0.580
540000,0.051,0.452,0.498
540500,0.050,0.415,0.534
541000,0.050,0.384,0.566
541500,0.051,0.386,0.562
542000,0.053,0.413,0.533
542500,0.051,0.428,0.522
543000,0.050,0.399,0.551
543500,0.050,0.355,0.595
544000,0.050,0.391,0.559
544500,0.056,0.369,0.575
545000,0.052,0.385,0.563
545500,0.051,0.399,0.550
546000,0.051,0.390,0.559
546500,0.052,0.411,0.536
547000,0.051,0.415,0.534
547500,0.050,0.396,0.554
548000,0.050,0.403,0.547
548500,0.065,0.398,0.537
549000,0.057,0.422,0.520
549500,0.051,0.432,0.516
550000,0.054,0.426,0.519
550500,0.050,0.392,0.558
551000,0.059,0.393,0.548
551500,0.055,0.394,0.551
552000,0.053,0.410,0.537
552500,0.050,0.455,0.495
553000,0.056,0.461,0.484
553500,0.051,0.384,0.565
554000,0.055,0.408,0.536
554500,0.051,0.389,0.560
555000,0.050,0.373,0.577
555500,0.050,0.391,0.559
556000,0.053,0.381,0.566
556500,0.054,0.371,0.575
557000,0.056,0.376,0.569
557500,0.051,0.367,0.581
558000,0.050,0.368,0.582
558500,0.050,0.351,0.599
559000,0.052,0.414,0.534
559500,0.052,0.383,0.565
560000,0.050,0.414,0.535
560500,0.050,0.495,0.455
561000,0.050,0.446,0.504
561500,0.050,0.415,0.535
562000,0.050,0.449,0.501
562500,0.050,0.421,0.529
563000,0.050,0.411,0.539
563500,0.051,0.390,0.558
564000,0.051,0.382,0.567
564500,0.051,0.432,0.518
565000,0.056,0.382,0.563
565500,0.051,0.396,0.553
566000,0.054,0.371,0.575
566500,0.051,0.349,0.599
567000,0.051,0.382,0.568
567500,0.053,0.392,0.555
568000,0.053,0.427,0.519
568500,0.053,0.467,0.480
569000,0.053,0.430,0.517
569500,0.051,0.334,0.616
570000,0.050,0.398,0.552
570500,0.056,0.433,0.511
571000,0.062,0.400,0.537
571500,0.054,0.386,0.560
572000,0.054,0.375,0.571
572500,0.052,0.382,0.567
573000,0.051,0.406,0.543
573500,0.051,0.427,0.522
574000,0.056,0.406,0.538
574500,0.051,0.393,0.556
575000,0.050,0.408,0.541
575500,0.050,0.432,0.518
576000,0.050,0.403,0.547
576500,0.050,0.440,0.510
577000,0.051,0.409,0.540
577500,0.050,0.415,0.534
578000,0.051,0.395,0.553
578500,0.051,0.394,0.555
579000,0.050,0.383,0.567
579500,0.052,0.423,0.525
580000,0.050,0.388,0.562
580500,0.051,0.400,0.549
581000,0.050,0.371,0.579
581500,0.050,0.373,0.577
582000,0.050,0.308,0.642
582500,0.050,0.374,0.576
583000,0.059,0.370,0.571
583500,0.055,0.391,0.554
584000,0.052,0.406,0.541
584500,0.051,0.370,0.578
585000,0.053,0.388,0.559
585500,0.050,0.381,0.569
586000,0.050,0.407,0.543
586500,0.050,0.440,0.510
587000,0.050,0.377,0.573
587500,0.050,0.426,0.524
588000,0.054,0.390,0.556
588500,0.053,0.379,0.569
589000,0.051,0.376,0.573
589500,0.050,0.430,0.519
590000,0.050,0.413,0.536
590500,0.053,0.417,0.530
591000,0.051,0.383,0.567
591500,0.050,0.408,0.541
592000,0.056,0.366,0.577
592500,0.052,0.444,0.504
593000,0.050,0.416,0.533
593500,0.051,0.376,0.573
594000,0.052,0.381,0.567
594500,0.051,0.373,0.576
595000,0.053,0.409,0.537
595500,0.052,0.414,0.534
596000,0.053,0.371,0.576
596500,0.051,0.419,0.530
597000,0.050,0.425,0.524
597500,0.050,0.434,0.516
598000,0.050,0.414,0.535
598500,0.050,0.376,0.575
599000,0.050,0.369,0.581
599500,0.055,0.388,0.557
600000,0.051,0.422,0.526
600500,0.051,0.445,0.505
601000,0.053,0.425,0.522
601500,0.052,0.404,0.544
602000,0.051,0.382,0.567
602500,0.051,0.385,0.565
603000,0.052,0.403,0.545
603500,0.052,0.390,0.557
604000,0.051,0.421,0.528
604500,0.055,0.397,0.548
605000,0.059,0.332,0.609
605500,0.064,0.301,0.635
606000,0.054,0.347,0.599
606500,0.057,0.356,0.587
607000,0.051,0.371,0.578
607500,0.054,0.382,0.564
608000,0.052,0.387,0.560
608500,0.050,0.418,0.531
609000,0.050,0.386,0.564
609500,0.050,0.439,0.511
610000,0.054,0.352,0.593
610500,0.055,0.386,0.559
611000,0.050,0.411,0.538
611500,0.050,0.350,0.600
612000,0.053,0.374,0.573
612500,0.051,0.381,0.569
613000,0.059,0.352,0.588
613500,0.057,0.362,0.582
614000,0.051,0.425,0.524
614500,0.053,0.394,0.552
615000,0.051,0.391,0.558
615500,0.053,0.415,0.531
616000,0.051,0.354,0.595
616500,0.054,0.357,0.589
617000,0.052,0.311,0.637
617500,0.058,0.355,0.587
618000,0.051,0.316,0.633
618500,0.053,0.392,0.555
619000,0.053,0.357,0.590
619500,0.051,0.370,0.578
620000,0.052,0.421,0.526
620500,0.050,0.389,0.561
621000,0.057,0.387,0.556
621500,0.051,0.426,0.524
622000,0.050,0.411,0.538
622500,0.052,0.421,0.526
623000,0.051,0.438,0.511
623500,0.050,0.414,0.536
624000,0.050,0.358,0.592
624500,0.051,0.354,0.596
625000,0.050,0.396,0.554
625500,0.051,0.419,0.530
626000,0.054,0.387,0.559
626500,0.051,0.419,0.530
627000,0.052,0.372,0.576
627500,0.051,0.372,0.578
628000,0.052,0.378,0.570
628500,0.051,0.395,0.555
629000,0.052,0.404,0.543
629500,0.051,0.410,0.539
630000,0.051,0.368,0.581
630500,0.050,0.437,0.513
631000,0.050,0.370,0.579
631500,0.050,0.385,0.565
632000,0.051,0.401,0.548
632500,0.051,0.423,0.526
633000,0.051,0.443,0.506
633500,0.051,0.421,0.528
634000,0.050,0.407,0.542
634500,0.053,0.391,0.555
635000,0.052,0.386,0.561
635500,0.055,0.399,0.546
636000,0.052,0.359,0.589
636500,0.053,0.422,0.525
637000,0.060,0.289,0.651
637500,0.050,0.361,0.589
638000,0.050,0.402,0.548
638500,0.050,0.425,0.525
639000,0.050,0.386,0.564
639500,0.050,0.344,0.606
640000,0.050,0.413,0.536
640500,0.050,0.385,0.565
641000,0.051,0.343,0.606
641500,0.050,0.398,0.552
642000,0.051,0.397,0.552
642500,0.052,0.373,0.575
643000,0.052,0.357,0.591
643500,0.057,0.351,0.592
644000,0.050,0.412,0.537
644500,0.050,0.380,0.570
645000,0.050,0.379,0.571
645500,0.054,0.362,0.584
646000,0.051,0.425,0.524
646500,0.053,0.365,0.582
647000,0.051,0.344,0.606
647500,0.066,0.357,0.577
648000,0.058,0.327,0.615
648500,0.059,0.299,0.642
649000,0.070,0.258,0.672
649500,0.055,0.309,0.635
650000,0.054,0.338,0.608
650500,0.057,0.350,0.593
651000,0.058,0.368,0.574
651500,0.052,0.351,0.597
652000,0.050,0.472,0.478
652500,0.050,0.382,0.568
653000,0.056,0.406,0.538
653500,0.051,0.405,0.545
654000,0.052,0.374,0.574
654500,0.050,0.413,0.537
655000,0.054,0.397,0.549
655500,0.056,0.343,0.601
656000,0.051,0.416,0.532
656500,0.050,0.434,0.516
657000,0.050,0.444,0.506
657500,0.050,0.418,0.532
658000,0.050,0.399,0.551
658500,0.050,0.411,0.538
659000,0.051,0.432,0.516
659500,0.051,0.428,0.521
660000,0.050,0.431,0.518
660500,0.053,0.372,0.575
661000,0.051,0.368,0.582
661500,0.050,0.430,0.520
662000,0.050,0.426,0.523
662500,0.050,0.436,0.513
663000,0.050,0.480,0.469
663500,0.052,0.413,0.534
664000,0.054,0.373,0.573
664500,0.063,0.352,0.585
665000,0.069,0.289,0.642
665500,0.066,0.306,0.628
666000,0.059,0.311,0.630
666500,0.053,0.357,0.589
667000,0.061,0.381,0.557
667500,0.052,0.407,0.540
668000,0.050,0.400,0.550
668500,0.051,0.360,0.588
669000,0.051,0.412,0.536
669500,0.051,0.388,0.562
670000,0.050,0.360,0.589
670500,0.052,0.382,0.566
671000,0.051,0.422,0.526
671500,0.051,0.345,0.603
672000,0.054,0.387,0.559
672500,0.051,0.415,0.533
673000,0.050,0.439,0.511
673500,0.050,0.392,0.558
674000,0.050,0.399,0.551
674500,0.059,0.396,0.545
675000,0.051,0.411,0.537
675500,0.050,0.375,0.575
676000,0.055,0.397,0.548
676500,0.051,0.372,0.577
677000,0.050,0.410,0.539
677500,0.050,0.379,0.571
678000,0.056,0.323,0.621
678500,0.052,0.400,0.548
679000,0.050,0.356,0.594
679500,0.051,0.394,0.555
680000,0.050,0.420,0.529
680500,0.050,0.393,0.557
681000,0.050,0.385,0.565
681500,0.050,0.402,0.548
682000,0.050,0.364,0.585
682500,0.053,0.333,0.613
683000,0.055,0.360,0.585
683500,0.053,0.361,0.586
684000,0.051,0.422,0.527
684500,0.053,0.353,0.594
685000,0.050,0.377,0.573
685500,0.050,0.426,0.523
686000,0.050,0.436,0.514
686500,0.050,0.448,0.502
687000,0.050,0.438,0.512
687500,0.050,0.382,0.568
688000,0.050,0.399,0.551
688500,0.050,0.407,0.543
689000,0.050,0.436,0.514
689500,0.050,0.392,0.558
690000,0.050,0.415,0.535
690500,0.050,0.410,0.539
691000,0.050,0.380,0.570
691500,0.050,0.460,0.490
692000,0.052,0.431,0.516
692500,0.051,0.407,0.542
693000,0.055,0.429,0.516
693500,0.051,0.376,0.574
694000,0.052,0.371,0.577
694500,0.055,0.349,0.596
695000,0.051,0.426,0.524
695500,0.050,0.428,0.521
696000,0.052,0.406,0.541
696500,0.051,0.413,0.536
697000,0.050,0.323,0.627
697500,0.051,0.382,0.568
698000,0.050,0.384,0.567
698500,0.050,0.361,0.589
699000,0.050,0.366,0.583
699500,0.052,0.382,0.567
700000,0.055,0.355,0.590
700500,0.051,0.437,0.512
701000,0.052,0.466,0.482
701500,0.054,0.465,0.481
702000,0.055,0.434,0.511
702500,0.052,0.404,0.544
703000,0.051,0.377,0.572
703500,0.051,0.334,0.615
704000,0.056,0.341,0.604
704500,0.051,0.346,0.603
705000,0.051,0.404,0.546
705500,0.057,0.332,0.611
706000,0.056,0.391,0.553
706500,0.051,0.359,0.591
707000,0.052,0.407,0.540
707500,0.051,0.381,0.569
708000,0.050,0.399,0.551
708500,0.052,0.379,0.569
709000,0.052,0.403,0.545
709500,0.053,0.371,0.575
710000,0.050,0.420,0.529
710500,0.050,0.374,0.576
711000,0.053,0.379,0.568
711500,0.050,0.419,0.531
712000,0.052,0.358,0.590
712500,0.051,0.341,0.609
713000,0.050,0.384,0.566
713500,0.050,0.428,0.522
714000,0.051,0.420,0.528
714500,0.050,0.442,0.508
715000,0.050,0.472,0.478
715500,0.050,0.396,0.554
716000,0.050,0.420,0.530
716500,0.050,0.396,0.554
717000,0.051,0.399,0.549
717500,0.050,0.371,0.579
718000,0.051,0.361,0.587
718500,0.050,0.388,0.562
719000,0.053,0.397,0.550
719500,0.052,0.408,0.540
720000,0.056,0.373,0.571
720500,0.052,0.342,0.605
721000,0.059,0.343,0.597
721500,0.051,0.402,0.548
722000,0.050,0.410,0.540
722500,0.050,0.444,0.506
723000,0.050,0.363,0.587
723500,0.052,0.399,0.549
724000,0.052,0.350,0.597
724500,0.051,0.427,0.522
725000,0.053,0.443,0.504
725500,0.051,0.356,0.593
726000,0.054,0.347,0.599
726500,0.057,0.353,0.589
727000,0.052,0.367,0.581
727500,0.051,0.461,0.488
728000,0.050,0.510,0.440
728500,0.050,0.466,0.484
729000,0.050,0.414,0.535
729500,0.050,0.405,0.545
730000,0.050,0.353,0.597
730500,0.053,0.396,0.551
731000,0.055,0.328,0.617
731500,0.053,0.387,0.560
732000,0.051,0.360,0.590
732500,0.050,0.430,0.520
733000,0.051,0.376,0.573
733500,0.055,0.417,0.528
734000,0.052,0.426,0.522
734500,0.051,0.391,0.559
735000,0.056,0.387,0.557
735500,0.052,0.364,0.583
736000,0.052,0.401,0.547
736500,0.052,0.361,0.587
737000,0.050,0.393,0.557
737500,0.051,0.406,0.543
738000,0.051,0.420,0.528
738500,0.050,0.471,0.479
739000,0.050,0.436,0.513
739500,0.051,0.366,0.583
740000,0.051,0.440,0.510
740500,0.050,0.428,0.521
741000,0.050,0.426,0.523
741500,0.050,0.452,0.498
742000,0.050,0.446,0.504
742500,0.052,0.374,0.573
743000,0.050,0.402,0.548
743500,0.051,0.390,0.558
744000,0.060,0.335,0.605
744500,0.056,0.326,0.619
745000,0.057,0.287,0.656
745500,0.051,0.290,0.659
746000,0.052,0.349,0.599
746500,0.052,0.338,0.609
747000,0.053,0.336,0.611
747500,0.054,0.362,0.584
748000,0.051,0.389,0.561
748500,0.050,0.340,0.610
749000,0.051,0.324,0.625
749500,0.054,0.330,0.615
750000,0.056,0.430,0.514
750500,0.051,0.448,0.500
751000,0.050,0.489,0.461
751500,0.050,0.426,0.523
752000,0.050,0.428,0.521
752500,0.050,0.466,0.484
753000,0.051,0.433,0.515
753500,0.050,0.478,0.471
754000,0.050,0.493,0.457
754500,0.050,0.442,0.508
755000,0.050,0.418,0.532
755500,0.050,0.398,0.552
756000,0.050,0.425,0.525
756500,0.055,0.432,0.512
757000,0.051,0.445,0.504
757500,0.050,0.460,0.490
758000,0.052,0.446,0.502
758500,0.051,0.366,0.582
759000,0.051,0.377,0.572
759500,0.051,0.440,0.509
760000,0.050,0.442,0.508
760500,0.050,0.439,0.511
761000,0.050,0.397,0.553
761500,0.052,0.408,0.540
762000,0.066,0.318,0.616
762500,0.056,0.346,0.597
763000,0.052,0.417,0.530
763500,0.056,0.373,0.572
764000,0.051,0.358,0.591
764500,0.054,0.344,0.601
765000,0.056,0.404,0.541
765500,0.052,0.410,0.537
766000,0.051,0.408,0.541
766500,0.050,0.451,0.499
767000,0.059,0.399,0.542
767500,0.053,0.368,0.579
768000,0.051,0.360,0.590
768500,0.050,0.402,0.548
769000,0.050,0.444,0.506
769500,0.050,0.486,0.463
770000,0.050,0.498,0.451
770500,0.050,0.453,0.497
771000,0.050,0.429,0.521
771500,0.050,0.430,0.520
772000,0.050,0.384,0.566
772500,0.050,0.346,0.603
773000,0.051,0.343,0.607
773500,0.051,0.344,0.604
774000,0.051,0.409,0.539
774500,0.050,0.440,0.510
775000,0.050,0.393,0.557
775500,0.051,0.381,0.569
776000,0.050,0.386,0.564
776500,0.054,0.409,0.536
777000,0.053,0.413,0.533
777500,0.051,0.436,0.513
778000,0.051,0.436,0.514
778500,0.051,0.398,0.551
779000,0.050,0.352,0.598
779500,0.052,0.358,0.590
780000,0.054,0.393,0.553
780500,0.050,0.342,0.608
781000,0.050,0.362,0.587
781500,0.053,0.355,0.592
782000,0.054,0.384,0.562
782500,0.052,0.354,0.593
783000,0.050,0.382,0.569
783500,0.052,0.386,0.562
784000,0.051,0.369,0.580
784500,0.053,0.410,0.536
785000,0.051,0.408,0.540
785500,0.050,0.419,0.531
786000,0.050,0.369,0.581
786500,0.050,0.389,0.561
787000,0.050,0.377,0.573
787500,0.053,0.324,0.623
788000,0.052,0.350,0.597
788500,0.051,0.353,0.597
789000,0.050,0.379,0.571
789500,0.051,0.363,0.586
790000,0.057,0.345,0.599
790500,0.053,0.354,0.592
791000,0.051,0.377,0.573
791500,0.050,0.419,0.530
792000,0.050,0.385,0.565
792500,0.050,0.383,0.567
793000,0.052,0.428,0.519
793500,0.051,0.444,0.506
794000,0.051,0.463,0.487
794500,0.050,0.443,0.507
795000,0.050,0.468,0.482
795500,0.050,0.426,0.524
796000,0.050,0.447,0.503
796500,0.050,0.493,0.456
797000,0.050,0.496,0.454
797500,0.051,0.473,0.475
798000,0.051,0.465,0.483
798500,0.050,0.450,0.500
799000,0.050,0.434,0.515
799500,0.050,0.488,0.461
800000,0.050,0.440,0.510
800500,0.050,0.389,0.561
801000,0.050,0.395,0.555
801500,0.050,0.434,0.515
802000,0.050,0.406,0.544
802500,0.050,0.401,0.549
803000,0.050,0.392,0.558
803500,0.050,0.425,0.524
804000,0.050,0.388,0.562
804500,0.051,0.434,0.515
805000,0.050,0.435,0.515
805500,0.056,0.444,0.501
806000,0.051,0.386,0.563
806500,0.051,0.393,0.555
807000,0.051,0.372,0.577
807500,0.050,0.392,0.558
808000,0.050,0.400,0.550
808500,0.050,0.440,0.510
809000,0.050,0.384,0.567
809500,0.050,0.386,0.565
810000,0.051,0.342,0.607
810500,0.058,0.296,0.646
811000,0.059,0.316,0.626
811500,0.059,0.340,0.601
812000,0.053,0.340,0.607
812500,0.055,0.396,0.549
813000,0.051,0.402,0.547
813500,0.060,0.335,0.605
814000,0.062,0.347,0.591
814500,0.053,0.426,0.520
815000,0.051,0.394,0.556
815500,0.050,0.351,0.599
816000,0.053,0.366,0.580
816500,0.052,0.431,0.516
817000,0.055,0.455,0.490
817500,0.051,0.470,0.479
818000,0.050,0.509,0.441
818500,0.050,0.450,0.500
819000,0.054,0.437,0.509
819500,0.051,0.395,0.554
820000,0.052,0.383,0.565
820500,0.051,0.417,0.532
821000,0.050,0.351,0.599
821500,0.050,0.330,0.620
822000,0.051,0.296,0.653
822500,0.052,0.314,0.634
823000,0.054,0.359,0.587
823500,0.052,0.364,0.584
824000,0.054,0.351,0.595
824500,0.051,0.372,0.576
825000,0.053,0.373,0.573
825500,0.050,0.383,0.567
826000,0.055,0.393,0.552
826500,0.051,0.425,0.524
827000,0.050,0.448,0.502
827500,0.050,0.414,0.535
828000,0.054,0.356,0.590
828500,0.056,0.313,0.631
829000,0.052,0.329,0.619
829500,0.050,0.387,0.563
830000,0.050,0.435,0.514
830500,0.051,0.464,0.485
831000,0.050,0.467,0.483
831500,0.050,0.411,0.538
832000,0.053,0.413,0.534
832500,0.053,0.363,0.584
833000,0.050,0.349,0.601
833500,0.050,0.345,0.605
834000,0.054,0.341,0.605
834500,0.053,0.318,0.629
835000,0.051,0.396,0.553
835500,0.052,0.435,0.513
836000,0.051,0.429,0.520
836500,0.051,0.453,0.496
837000,0.050,0.415,0.535
837500,0.050,0.361,0.589
838000,0.051,0.375,0.574
838500,0.051,0.475,0.475
839000,0.052,0.466,0.482
839500,0.051,0.468,0.481
840000,0.051,0.396,0.554
840500,0.054,0.335,0.611
841000,0.053,0.380,0.567
841500,0.054,0.358,0.587
842000,0.055,0.395,0.550
842500,0.051,0.409,0.539
843000,0.051,0.473,0.476
843500,0.052,0.494,0.454
844000,0.051,0.466,0.483
844500,0.051,0.501,0.449
845000,0.050,0.453,0.497
845500,0.050,0.400,0.550
846000,0.050,0.399,0.551
846500,0.050,0.413,0.536
847000,0.052,0.371,0.577
847500,0.055,0.359,0.585
848000,0.055,0.372,0.573
848500,0.051,0.400,0.550
849000,0.051,0.416,0.533
849500,0.050,0.462,0.488
850000,0.050,0.426,0.523
850500,0.050,0.403,0.547
851000,0.051,0.364,0.585
851500,0.053,0.353,0.593
852000,0.053,0.356,0.591
852500,0.055,0.339,0.606
853000,0.051,0.378,0.572
853500,0.050,0.399,0.551
854000,0.052,0.344,0.604
854500,0.057,0.348,0.595
855000,0.055,0.393,0.552
855500,0.051,0.391,0.557
856000,0.051,0.381,0.568
856500,0.051,0.434,0.514
857000,0.050,0.440,0.510
857500,0.050,0.453,0.497
858000,0.050,0.417,0.533
858500,0.050,0.428,0.521
859000,0.059,0.407,0.534
859500,0.056,0.338,0.606
860000,0.051,0.322,0.627
860500,0.053,0.348,0.599
861000,0.052,0.372,0.576
861500,0.051,0.362,0.587
862000,0.054,0.389,0.557
862500,0.056,0.373,0.571
863000,0.051,0.432,0.516
863500,0.050,0.412,0.538
864000,0.050,0.425,0.525
864500,0.055,0.424,0.520
865000,0.053,0.378,0.569
865500,0.051,0.420,0.529
866000,0.050,0.356,0.594
866500,0.052,0.344,0.604
867000,0.067,0.314,0.619
867500,0.056,0.314,0.630
868000,0.053,0.342,0.605
868500,0.050,0.400,0.550
869000,0.050,0.390,0.560
869500,0.050,0.394,0.556
870000,0.060,0.353,0.587
870500,0.055,0.342,0.603
871000,0.054,0.324,0.621
871500,0.052,0.366,0.581
872000,0.051,0.363,0.586
872500,0.053,0.327,0.619
873000,0.053,0.383,0.565
873500,0.062,0.364,0.573
874000,0.053,0.402,0.544
874500,0.051,0.344,0.606
875000,0.054,0.380,0.566
875500,0.051,0.327,0.622
876000,0.050,0.379,0.571
876500,0.050,0.433,0.516
877000,0.052,0.431,0.516
877500,0.052,0.392,0.555
878000,0.051,0.388,0.561
878500,0.050,0.376,0.574
879000,0.050,0.390,0.560
879500,0.053,0.390,0.557
880000,0.051,0.423,0.526
880500,0.050,0.393,0.557
881000,0.054,0.349,0.597
881500,0.054,0.367,0.579
882000,0.050,0.401,0.549
882500,0.050,0.453,0.497
883000,0.050,0.444,0.506
883500,0.051,0.404,0.546
884000,0.053,0.385,0.562
884500,0.052,0.426,0.522
885000,0.050,0.487,0.463
885500,0.050,0.449,0.501
886000,0.050,0.458,0.492
886500,0.050,0.475,0.474
887000,0.050,0.494,0.455
887500,0.050,0.409,0.541
888000,0.051,0.407,0.541
888500,0.051,0.428,0.520
889000,0.050,0.467,0.483
889500,0.050,0.454,0.496
890000,0.050,0.413,0.536
890500,0.050,0.366,0.584
891000,0.052,0.384,0.565
891500,0.051,0.414,0.534
892000,0.056,0.423,0.522
892500,0.051,0.396,0.553
893000,0.051,0.451,0.499
893500,0.050,0.408,0.541
894000,0.053,0.381,0.566
894500,0.053,0.379,0.568
895000,0.054,0.330,0.616
895500,0.053,0.373,0.573
896000,0.051,0.402,0.547
896500,0.051,0.392,0.557
897000,0.050,0.405,0.545
897500,0.050,0.371,0.579
898000,0.050,0.384,0.567
898500,0.050,0.389,0.561
899000,0.050,0.418,0.532
899500,0.054,0.427,0.519
900000,0.051,0.447,0.502
900500,0.051,0.388,0.561
901000,0.050,0.460,0.490
901500,0.058,0.370,0.572
902000,0.053,0.346,0.600
902500,0.059,0.317,0.625
903000,0.054,0.299,0.646
903500,0.051,0.364,0.585
904000,0.057,0.375,0.569
904500,0.059,0.366,0.576
905000,0.052,0.399,0.549
905500,0.051,0.400,0.549
906000,0.050,0.420,0.529
906500,0.050,0.441,0.509
907000,0.053,0.330,0.617
907500,0.053,0.379,0.568
908000,0.054,0.344,0.602
908500,0.051,0.380,0.570
909000,0.050,0.399,0.551
909500,0.058,0.401,0.542
910000,0.052,0.395,0.553
910500,0.054,0.409,0.536
911000,0.051,0.397,0.553
911500,0.051,0.432,0.517
912000,0.050,0.461,0.489
912500,0.052,0.478,0.469
913000,0.050,0.408,0.541
913500,0.052,0.328,0.620
914000,0.059,0.371,0.571
914500,0.051,0.395,0.554
915000,0.050,0.460,0.490
915500,0.050,0.481,0.468
916000,0.050,0.438,0.512
916500,0.050,0.394,0.556
917000,0.050,0.449,0.501
917500,0.050,0.500,0.450
918000,0.050,0.472,0.478
918500,0.050,0.412,0.537
919000,0.055,0.391,0.554
919500,0.052,0.362,0.586
920000,0.051,0.363,0.586
920500,0.050,0.366,0.583
921000,0.059,0.368,0.573
921500,0.056,0.434,0.509
922000,0.054,0.388,0.558
922500,0.051,0.376,0.573
923000,0.051,0.395,0.554
923500,0.056,0.361,0.583
924000,0.057,0.399,0.544
924500,0.051,0.408,0.540
925000,0.051,0.348,0.601
925500,0.050,0.383,0.567
926000,0.056,0.352,0.592
926500,0.054,0.348,0.597
927000,0.051,0.347,0.601
927500,0.051,0.404,0.545
928000,0.055,0.400,0.545
928500,0.051,0.385,0.565
929000,0.059,0.334,0.607
929500,0.054,0.345,0.601
930000,0.051,0.401,0.548
930500,0.051,0.416,0.533
931000,0.054,0.358,0.588
931500,0.052,0.351,0.597
932000,0.051,0.328,0.621
932500,0.050,0.344,0.605
933000,0.065,0.311,0.624
933500,0.055,0.344,0.601
934000,0.052,0.371,0.576
934500,0.051,0.447,0.503
935000,0.050,0.465,0.485
935500,0.050,0.438,0.512
936000,0.050,0.449,0.501
936500,0.051,0.393,0.555
937000,0.050,0.330,0.620
937500,0.052,0.367,0.581
938000,0.054,0.362,0.583
938500,0.056,0.385,0.560
939000,0.052,0.400,0.548
939500,0.051,0.408,0.542
940000,0.050,0.393,0.557
940500,0.050,0.428,0.522
941000,0.050,0.458,0.492
941500,0.050,0.421,0.528
942000,0.050,0.402,0.548
942500,0.052,0.374,0.574
943000,0.050,0.399,0.551
943500,0.051,0.344,0.606
944000,0.050,0.385,0.565
944500,0.059,0.352,0.590
945000,0.052,0.377,0.571
945500,0.050,0.346,0.603
946000,0.050,0.410,0.540
946500,0.050,0.445,0.505
947000,0.050,0.383,0.567
947500,0.054,0.364,0.581
948000,0.051,0.409,0.540
948500,0.050,0.477,0.473
949000,0.050,0.387,0.563
949500,0.050,0.429,0.520
950000,0.050,0.463,0.487
950500,0.050,0.394,0.556
951000,0.054,0.362,0.584
951500,0.052,0.388,0.560
952000,0.051,0.439,0.510
952500,0.050,0.401,0.549
953000,0.050,0.346,0.603
953500,0.053,0.374,0.573
954000,0.051,0.445,0.504
954500,0.050,0.440,0.510
955000,0.050,0.395,0.555
955500,0.050,0.404,0.546
956000,0.050,0.478,0.471
956500,0.050,0.412,0.538
957000,0.050,0.431,0.518
957500,0.050,0.419,0.530
958000,0.052,0.388,0.559
958500,0.051,0.356,0.594
959000,0.051,0.396,0.552
959500,0.052,0.382,0.566
960000,0.057,0.335,0.608
960500,0.065,0.329,0.607
961000,0.057,0.309,0.635
961500,0.061,0.294,0.645
962000,0.059,0.295,0.646
962500,0.058,0.307,0.634
963000,0.052,0.401,0.547
963500,0.057,0.385,0.559
964000,0.054,0.399,0.546
964500,0.051,0.418,0.530
965000,0.050,0.446,0.504
965500,0.050,0.396,0.554
966000,0.052,0.394,0.554
966500,0.051,0.433,0.516
967000,0.050,0.465,0.485
967500,0.050,0.411,0.539
968000,0.050,0.427,0.522
968500,0.053,0.378,0.569
969000,0.051,0.404,0.546
969500,0.050,0.423,0.526
970000,0.050,0.398,0.552
970500,0.050,0.432,0.518
971000,0.054,0.398,0.548
971500,0.051,0.397,0.552
972000,0.054,0.366,0.579
972500,0.051,0.408,0.540
973000,0.051,0.414,0.534
973500,0.050,0.391,0.559
974000,0.050,0.386,0.564
974500,0.051,0.417,0.531
975000,0.050,0.420,0.530
975500,0.052,0.388,0.560
976000,0.050,0.406,0.543
976500,0.060,0.328,0.611
977000,0.052,0.344,0.604
977500,0.054,0.352,0.594
978000,0.051,0.362,0.587
978500,0.051,0.377,0.573
979000,0.051,0.384,0.565
979500,0.050,0.463,0.487
980000,0.050,0.442,0.508
980500,0.052,0.453,0.495
981000,0.051,0.468,0.481
981500,0.050,0.441,0.509
982000,0.050,0.469,0.481
982500,0.050,0.510,0.440
983000,0.050,0.455,0.495
983500,0.050,0.487,0.462
984000,0.054,0.368,0.577
984500,0.051,0.355,0.594
985000,0.058,0.348,0.594
985500,0.054,0.336,0.610
986000,0.051,0.372,0.577
986500,0.051,0.400,0.549
987000,0.061,0.349,0.590
987500,0.066,0.309,0.625
988000,0.058,0.361,0.581
988500,0.051,0.366,0.583
989000,0.050,0.432,0.517
989500,0.050,0.413,0.536
990000,0.052,0.363,0.585
990500,0.051,0.384,0.566
991000,0.060,0.346,0.593
991500,0.053,0.358,0.589
992000,0.051,0.347,0.602
992500,0.050,0.411,0.539
993000,0.052,0.413,0.534
993500,0.051,0.483,0.466
994000,0.052,0.466,0.482
994500,0.050,0.474,0.476
995000,0.050,0.430,0.519
995500,0.050,0.425,0.525
996000,0.056,0.418,0.526
996500,0.058,0.409,0.533
997000,0.052,0.410,0.537
997500,0.051,0.396,0.554
998000,0.052,0.452,0.495
998500,0.050,0.447,0.503
999000,0.050,0.417,0.533
999500,0.050,0.370,0.580
1000000,0.051,0.404,0.545
