time,n_A+p,n_B,n_AB
1000,0.307,0.386,0.307
2000,0.269,0.353,0.378
3000,0.255,0.319,0.426
4000,0.240,0.334,0.426
5000,0.232,0.354,0.414
6000,0.212,0.365,0.423
7000,0.226,0.363,0.411
8000,0.214,0.373,0.413
9000,0.227,0.364,0.409
10000,0.224,0.372,0.404
11000,0.225,0.359,0.416
12000,0.202,0.368,0.430
13000,0.216,0.380,0.404
14000,0.224,0.379,0.397
15000,0.192,0.403,0.405
16000,0.171,0.400,0.429
17000,0.215,0.423,0.362
18000,0.200,0.424,0.376
19000,0.188,0.433,0.379
20000,0.186,0.425,0.389
21000,0.169,0.452,0.379
22000,0.171,0.415,0.414
23000,0.153,0.422,0.425
24000,0.150,0.441,0.409
25000,0.144,0.465,0.391
26000,0.130,0.480,0.390
27000,0.117,0.497,0.386
28000,0.112,0.517,0.371
29000,0.113,0.535,0.352
30000,0.108,0.526,0.366
31000,0.102,0.512,0.386
32000,0.110,0.517,0.373
33000,0.117,0.549,0.334
34000,0.115,0.542,0.343
35000,0.109,0.554,0.337
36000,0.100,0.569,0.331
37000,0.071,0.583,0.346
38000,0.088,0.595,0.317
39000,0.076,0.608,0.316
40000,0.067,0.624,0.309
41000,0.059,0.635,0.306
42000,0.053,0.631,0.316
43000,0.049,0.648,0.303
44000,0.061,0.662,0.277
45000,0.043,0.689,0.268
46000,0.047,0.692,0.261
47000,0.046,0.696,0.258
48000,0.033,0.689,0.278
49000,0.030,0.726,0.244
50000,0.024,0.745,0.231
51000,0.024,0.755,0.221
52000,0.023,0.776,0.201
53000,0.022,0.793,0.185
54000,0.017,0.778,0.205
55000,0.022,0.767,0.211
56000,0.023,0.781,0.196
57000,0.021,0.796,0.183
58000,0.016,0.812,0.172
59000,0.018,0.798,0.184
60000,0.011,0.826,0.163
61000,0.013,0.824,0.163
62000,0.017,0.833,0.150
63000,0.016,0.849,0.135
64000,0.012,0.868,0.120
65000,0.005,0.896,0.099
66000,0.003,0.877,0.120
67000,0.007,0.885,0.108
68000,0.002,0.899,0.099
69000,0.005,0.894,0.101
70000,0.005,0.906,0.089
71000,0.000,0.917,0.083
72000,0.000,0.929,0.071
73000,0.000,0.942,0.058
74000,0.000,0.965,0.035
75000,0.000,0.969,0.031
76000,0.000,0.970,0.030
77000,0.000,0.974,0.026
78000,0.001,0.979,0.020
79000,0.000,0.975,0.025
80000,0.000,0.979,0.021
81000,0.000,0.979,0.021
82000,0.000,0.978,0.022
83000,0.000,0.977,0.023
84000,0.000,0.976,0.024
85000,0.000,0.974,0.026
86000,0.000,0.965,0.035
87000,0.000,0.970,0.030
88000,0.000,0.969,0.031
89000,0.000,0.978,0.022
90000,0.000,0.981,0.019
91000,0.000,0.986,0.014
92000,0.000,0.994,0.006
93000,0.000,0.999,0.001
94000,0.000,0.999,0.001
95000,0.000,0.997,0.003
96000,0.000,0.996,0.004
97000,0.000,0.997,0.003
98000,0.000,0.996,0.004
99000,0.000,0.998,0.002
100000,0.000,0.997,0.003
101000,0.000,0.995,0.005
102000,0.000,0.994,0.006
103000,0.000,0.995,0.005
104000,0.000,0.998,0.002
105000,0.000,0.997,0.003
106000,0.000,0.996,0.004
107000,0.000,0.999,0.001
108000,0.000,0.999,0.001
109000,0.000,0.999,0.001
110000,0.000,0.999,0.001
111000,0.000,0.999,0.001
112000,0.000,1.000,0.000
