time,n_A+p,n_B,n_AB
100,0.030,0.961,0.009
200,0.030,0.956,0.014
300,0.030,0.953,0.017
400,0.031,0.945,0.025
500,0.031,0.936,0.034
600,0.032,0.933,0.036
700,0.032,0.926,0.042
800,0.032,0.918,0.050
900,0.032,0.919,0.049
1000,0.033,0.909,0.058
1100,0.035,0.900,0.065
1200,0.034,0.871,0.095
1300,0.034,0.856,0.110
1400,0.033,0.847,0.121
1500,0.033,0.828,0.139
1600,0.033,0.816,0.151
1700,0.036,0.808,0.156
1800,0.038,0.800,0.162
1900,0.045,0.790,0.165
2000,0.050,0.773,0.177
2100,0.054,0.757,0.189
2200,0.054,0.741,0.205
2300,0.057,0.731,0.211
2400,0.057,0.722,0.221
2500,0.046,0.694,0.260
2600,0.047,0.686,0.267
2700,0.046,0.688,0.266
2800,0.046,0.697,0.257
2900,0.041,0.686,0.273
3000,0.046,0.659,0.295
3100,0.045,0.653,0.302
3200,0.055,0.637,0.307
3300,0.060,0.637,0.302
3400,0.055,0.633,0.312
3500,0.065,0.629,0.305
3600,0.066,0.625,0.308
3700,0.069,0.614,0.317
3800,0.076,0.601,0.324
3900,0.072,0.592,0.336
4000,0.079,0.585,0.336
4100,0.092,0.585,0.323
4200,0.084,0.581,0.335
4300,0.085,0.565,0.350
4400,0.099,0.555,0.346
4500,0.086,0.553,0.362
4600,0.090,0.551,0.360
4700,0.080,0.546,0.374
4800,0.083,0.536,0.381
4900,0.073,0.541,0.386
5000,0.075,0.544,0.381
5100,0.082,0.537,0.381
5200,0.085,0.529,0.386
5300,0.082,0.519,0.399
5400,0.082,0.510,0.409
5500,0.081,0.512,0.408
5600,0.081,0.508,0.412
5700,0.086,0.507,0.408
5800,0.080,0.523,0.397
5900,0.075,0.509,0.417
6000,0.087,0.498,0.415
6100,0.089,0.496,0.415
6200,0.088,0.486,0.426
6300,0.086,0.487,0.427
6400,0.087,0.493,0.420
6500,0.086,0.488,0.426
6600,0.088,0.489,0.423
6700,0.081,0.484,0.435
6800,0.086,0.486,0.428
6900,0.086,0.481,0.433
7000,0.089,0.471,0.440
7100,0.094,0.460,0.446
7200,0.100,0.463,0.437
7300,0.104,0.466,0.430
7400,0.099,0.460,0.441
7500,0.106,0.447,0.446
7600,0.106,0.442,0.451
7700,0.116,0.437,0.446
7800,0.108,0.437,0.455
7900,0.101,0.440,0.459
8000,0.095,0.435,0.470
8100,0.098,0.447,0.455
8200,0.097,0.444,0.459
8300,0.086,0.444,0.470
8400,0.088,0.439,0.473
8500,0.083,0.436,0.481
8600,0.082,0.439,0.479
8700,0.095,0.436,0.469
8800,0.101,0.423,0.476
8900,0.108,0.421,0.471
9000,0.117,0.415,0.468
9100,0.114,0.426,0.460
9200,0.105,0.429,0.466
9300,0.111,0.421,0.468
9400,0.113,0.443,0.443
9500,0.123,0.442,0.435
9600,0.125,0.440,0.435
9700,0.120,0.446,0.434
9800,0.123,0.445,0.432
9900,0.116,0.439,0.444
10000,0.121,0.447,0.432
10100,0.117,0.431,0.451
10200,0.113,0.432,0.455
10300,0.113,0.430,0.457
10400,0.114,0.430,0.456
10500,0.113,0.427,0.460
10600,0.133,0.423,0.444
10700,0.128,0.424,0.448
10800,0.128,0.428,0.444
10900,0.126,0.419,0.456
11000,0.128,0.415,0.458
11100,0.125,0.408,0.468
11200,0.125,0.401,0.474
11300,0.129,0.408,0.464
11400,0.128,0.415,0.458
11500,0.127,0.412,0.462
11600,0.123,0.408,0.470
11700,0.120,0.404,0.476
11800,0.133,0.387,0.480
11900,0.126,0.388,0.486
12000,0.122,0.385,0.493
12100,0.123,0.383,0.494
12200,0.125,0.376,0.499
12300,0.115,0.370,0.515
12400,0.121,0.370,0.510
12500,0.124,0.370,0.507
12600,0.123,0.364,0.514
12700,0.122,0.358,0.521
12800,0.127,0.367,0.507
12900,0.125,0.369,0.507
13000,0.120,0.373,0.508
13100,0.120,0.367,0.514
13200,0.114,0.373,0.513
13300,0.104,0.365,0.531
13400,0.114,0.360,0.526
13500,0.116,0.359,0.525
13600,0.121,0.367,0.513
13700,0.125,0.374,0.502
13800,0.129,0.375,0.496
13900,0.124,0.367,0.510
14000,0.121,0.371,0.509
14100,0.123,0.373,0.505
14200,0.120,0.377,0.504
14300,0.124,0.370,0.507
14400,0.122,0.366,0.513
14500,0.112,0.373,0.515
14600,0.118,0.377,0.505
14700,0.112,0.389,0.498
14800,0.113,0.383,0.504
14900,0.113,0.383,0.504
15000,0.116,0.374,0.510
15100,0.128,0.366,0.507
15200,0.120,0.364,0.517
15300,0.120,0.360,0.521
15400,0.111,0.361,0.528
15500,0.111,0.369,0.520
15600,0.103,0.368,0.529
15700,0.114,0.368,0.518
15800,0.124,0.365,0.512
15900,0.126,0.368,0.507
16000,0.131,0.365,0.505
16100,0.132,0.364,0.505
16200,0.125,0.371,0.505
16300,0.130,0.369,0.502
16400,0.117,0.365,0.518
16500,0.136,0.372,0.492
16600,0.137,0.372,0.491
16700,0.139,0.373,0.488
16800,0.140,0.365,0.495
16900,0.142,0.374,0.484
17000,0.136,0.381,0.483
17100,0.124,0.370,0.507
17200,0.128,0.366,0.507
17300,0.127,0.374,0.499
17400,0.132,0.370,0.498
17500,0.132,0.368,0.501
17600,0.135,0.364,0.502
17700,0.126,0.362,0.513
17800,0.127,0.362,0.512
17900,0.129,0.349,0.522
18000,0.128,0.358,0.515
18100,0.125,0.356,0.519
18200,0.126,0.368,0.507
18300,0.110,0.382,0.508
18400,0.112,0.379,0.509
18500,0.111,0.380,0.509
18600,0.108,0.384,0.508
18700,0.113,0.383,0.504
18800,0.112,0.373,0.515
18900,0.099,0.372,0.529
19000,0.106,0.366,0.528
19100,0.116,0.375,0.509
19200,0.115,0.371,0.514
19300,0.115,0.376,0.509
19400,0.124,0.373,0.504
19500,0.123,0.370,0.508
19600,0.131,0.360,0.510
19700,0.136,0.360,0.505
19800,0.142,0.353,0.505
19900,0.149,0.359,0.492
20000,0.142,0.351,0.507
20100,0.150,0.355,0.494
20200,0.148,0.353,0.498
20300,0.140,0.356,0.504
20400,0.139,0.347,0.514
20500,0.138,0.351,0.511
20600,0.139,0.351,0.510
20700,0.131,0.346,0.523
20800,0.117,0.348,0.534
20900,0.116,0.339,0.544
21000,0.112,0.356,0.531
21100,0.109,0.366,0.525
21200,0.108,0.346,0.545
21300,0.109,0.351,0.539
21400,0.106,0.351,0.542
21500,0.103,0.362,0.535
21600,0.105,0.365,0.530
21700,0.098,0.366,0.536
21800,0.099,0.368,0.533
21900,0.098,0.368,0.534
22000,0.102,0.372,0.526
22100,0.110,0.373,0.517
22200,0.109,0.376,0.515
22300,0.117,0.368,0.515
22400,0.120,0.363,0.518
22500,0.120,0.368,0.513
22600,0.120,0.369,0.512
22700,0.113,0.370,0.517
22800,0.130,0.375,0.495
22900,0.128,0.372,0.501
23000,0.131,0.371,0.498
23100,0.143,0.367,0.490
23200,0.138,0.369,0.493
23300,0.131,0.372,0.497
23400,0.129,0.373,0.498
23500,0.129,0.375,0.496
23600,0.135,0.381,0.484
23700,0.132,0.374,0.494
23800,0.139,0.374,0.487
23900,0.143,0.363,0.494
24000,0.140,0.363,0.497
24100,0.139,0.353,0.508
24200,0.136,0.366,0.498
24300,0.134,0.364,0.503
24400,0.133,0.361,0.507
24500,0.132,0.361,0.508
24600,0.127,0.371,0.503
24700,0.133,0.366,0.502
24800,0.130,0.361,0.510
24900,0.133,0.359,0.509
25000,0.137,0.353,0.510
25100,0.126,0.363,0.512
25200,0.125,0.360,0.516
25300,0.120,0.361,0.520
25400,0.121,0.365,0.515
25500,0.140,0.359,0.502
25600,0.138,0.343,0.519
25700,0.134,0.348,0.518
25800,0.134,0.344,0.522
25900,0.128,0.343,0.529
26000,0.136,0.345,0.519
26100,0.133,0.346,0.521
26200,0.125,0.353,0.522
26300,0.123,0.367,0.511
26400,0.127,0.368,0.506
26500,0.124,0.365,0.512
26600,0.130,0.367,0.504
26700,0.125,0.375,0.501
26800,0.127,0.369,0.505
26900,0.115,0.368,0.517
27000,0.113,0.364,0.523
27100,0.110,0.365,0.525
27200,0.112,0.368,0.520
27300,0.120,0.347,0.533
27400,0.121,0.344,0.535
27500,0.127,0.354,0.519
27600,0.124,0.354,0.522
27700,0.118,0.348,0.533
27800,0.124,0.340,0.536
27900,0.123,0.338,0.539
28000,0.117,0.340,0.542
28100,0.114,0.339,0.546
28200,0.114,0.334,0.552
28300,0.115,0.333,0.552
28400,0.118,0.325,0.557
28500,0.116,0.316,0.568
28600,0.124,0.317,0.560
28700,0.131,0.314,0.556
28800,0.132,0.318,0.551
28900,0.134,0.319,0.547
29000,0.129,0.326,0.545
29100,0.120,0.336,0.544
29200,0.117,0.328,0.555
29300,0.128,0.331,0.541
29400,0.115,0.331,0.554
29500,0.118,0.325,0.557
29600,0.123,0.325,0.553
29700,0.121,0.319,0.561
29800,0.127,0.326,0.547
29900,0.126,0.320,0.555
30000,0.129,0.324,0.547
30100,0.142,0.325,0.533
30200,0.145,0.327,0.528
30300,0.161,0.317,0.522
30400,0.153,0.314,0.533
30500,0.148,0.306,0.545
30600,0.142,0.315,0.543
30700,0.140,0.312,0.549
30800,0.143,0.312,0.545
30900,0.139,0.312,0.550
31000,0.136,0.304,0.560
31100,0.142,0.302,0.556
31200,0.132,0.316,0.553
31300,0.114,0.316,0.570
31400,0.118,0.311,0.571
31500,0.121,0.303,0.576
31600,0.115,0.301,0.583
31700,0.118,0.297,0.584
31800,0.121,0.295,0.584
31900,0.115,0.287,0.598
32000,0.132,0.283,0.585
32100,0.137,0.276,0.587
32200,0.143,0.273,0.584
32300,0.145,0.264,0.591
32400,0.149,0.270,0.581
32500,0.156,0.273,0.571
32600,0.139,0.273,0.588
32700,0.143,0.273,0.584
32800,0.154,0.272,0.574
32900,0.163,0.270,0.567
33000,0.156,0.283,0.561
33100,0.158,0.291,0.551
33200,0.151,0.289,0.560
33300,0.148,0.292,0.560
33400,0.149,0.299,0.552
33500,0.146,0.305,0.549
33600,0.147,0.304,0.549
33700,0.153,0.296,0.551
33800,0.152,0.297,0.551
33900,0.163,0.303,0.533
34000,0.160,0.300,0.539
34100,0.154,0.291,0.555
34200,0.149,0.293,0.558
34300,0.158,0.297,0.544
34400,0.146,0.288,0.566
34500,0.139,0.281,0.580
34600,0.145,0.290,0.565
34700,0.128,0.290,0.582
34800,0.124,0.289,0.587
34900,0.126,0.290,0.584
35000,0.117,0.287,0.596
35100,0.113,0.277,0.610
35200,0.115,0.276,0.609
35300,0.113,0.305,0.581
35400,0.120,0.299,0.581
35500,0.130,0.300,0.570
35600,0.131,0.297,0.572
35700,0.117,0.292,0.590
35800,0.109,0.303,0.587
35900,0.110,0.295,0.594
36000,0.118,0.294,0.587
36100,0.124,0.293,0.583
36200,0.148,0.283,0.569
36300,0.144,0.282,0.574
36400,0.145,0.289,0.566
36500,0.128,0.286,0.586
36600,0.113,0.289,0.598
36700,0.110,0.296,0.593
36800,0.104,0.293,0.603
36900,0.099,0.292,0.609
37000,0.102,0.293,0.605
37100,0.138,0.285,0.577
37200,0.156,0.284,0.560
37300,0.166,0.281,0.553
37400,0.157,0.280,0.563
37500,0.161,0.279,0.560
37600,0.159,0.281,0.560
37700,0.158,0.278,0.564
37800,0.155,0.281,0.564
37900,0.150,0.280,0.570
38000,0.155,0.280,0.565
38100,0.164,0.276,0.560
38200,0.164,0.266,0.570
38300,0.170,0.266,0.565
38400,0.165,0.269,0.566
38500,0.162,0.264,0.574
38600,0.169,0.265,0.567
38700,0.154,0.269,0.577
38800,0.148,0.270,0.582
38900,0.144,0.268,0.588
39000,0.143,0.261,0.596
39100,0.148,0.268,0.584
39200,0.150,0.267,0.583
39300,0.146,0.259,0.594
39400,0.159,0.256,0.584
39500,0.163,0.254,0.582
39600,0.163,0.259,0.577
39700,0.160,0.256,0.583
39800,0.159,0.263,0.578
39900,0.164,0.264,0.572
40000,0.156,0.269,0.575
40100,0.156,0.270,0.574
40200,0.156,0.274,0.570
40300,0.157,0.280,0.563
40400,0.164,0.283,0.553
40500,0.159,0.289,0.552
40600,0.149,0.284,0.567
40700,0.148,0.276,0.576
40800,0.145,0.267,0.588
40900,0.147,0.275,0.578
41000,0.143,0.274,0.583
41100,0.140,0.273,0.587
41200,0.139,0.282,0.579
41300,0.135,0.276,0.589
41400,0.134,0.283,0.583
41500,0.134,0.283,0.583
41600,0.137,0.284,0.579
41700,0.141,0.290,0.569
41800,0.139,0.301,0.560
41900,0.149,0.291,0.560
42000,0.154,0.286,0.560
42100,0.159,0.276,0.565
42200,0.158,0.274,0.568
42300,0.163,0.273,0.564
42400,0.149,0.286,0.565
42500,0.154,0.281,0.565
42600,0.155,0.291,0.554
42700,0.153,0.292,0.555
42800,0.146,0.289,0.565
42900,0.148,0.291,0.561
43000,0.130,0.289,0.581
43100,0.125,0.300,0.575
43200,0.127,0.303,0.570
43300,0.127,0.303,0.570
43400,0.131,0.293,0.576
43500,0.139,0.297,0.564
43600,0.141,0.292,0.567
43700,0.143,0.293,0.564
43800,0.139,0.293,0.568
43900,0.141,0.302,0.557
44000,0.140,0.298,0.562
44100,0.141,0.299,0.560
44200,0.146,0.296,0.558
44300,0.144,0.286,0.570
44400,0.157,0.281,0.562
44500,0.168,0.281,0.552
44600,0.152,0.276,0.572
44700,0.141,0.278,0.581
44800,0.142,0.284,0.574
44900,0.137,0.281,0.582
45000,0.135,0.279,0.586
45100,0.139,0.281,0.580
45200,0.145,0.276,0.579
45300,0.139,0.281,0.580
45400,0.131,0.293,0.576
45500,0.128,0.311,0.562
45600,0.128,0.307,0.565
45700,0.117,0.315,0.568
45800,0.113,0.330,0.557
45900,0.110,0.326,0.564
46000,0.123,0.321,0.557
46100,0.127,0.311,0.563
46200,0.134,0.302,0.564
46300,0.129,0.301,0.570
46400,0.130,0.297,0.573
46500,0.126,0.292,0.582
46600,0.131,0.287,0.582
46700,0.126,0.286,0.588
46800,0.125,0.286,0.589
46900,0.123,0.283,0.594
47000,0.118,0.290,0.591
47100,0.118,0.288,0.593
47200,0.130,0.276,0.594
47300,0.135,0.279,0.586
47400,0.134,0.278,0.588
47500,0.130,0.277,0.593
47600,0.126,0.282,0.592
47700,0.131,0.282,0.587
47800,0.130,0.278,0.592
47900,0.131,0.276,0.593
48000,0.127,0.279,0.594
48100,0.115,0.277,0.608
48200,0.115,0.286,0.599
48300,0.137,0.291,0.572
48400,0.135,0.288,0.577
48500,0.132,0.294,0.574
48600,0.129,0.288,0.583
48700,0.135,0.289,0.576
48800,0.140,0.279,0.581
48900,0.141,0.282,0.577
49000,0.147,0.281,0.572
49100,0.136,0.285,0.579
49200,0.132,0.286,0.582
49300,0.141,0.282,0.577
49400,0.142,0.278,0.580
49500,0.142,0.274,0.584
49600,0.142,0.274,0.584
49700,0.148,0.267,0.585
49800,0.153,0.256,0.590
49900,0.151,0.258,0.590
50000,0.149,0.260,0.590
50100,0.152,0.251,0.597
50200,0.147,0.254,0.599
50300,0.139,0.252,0.609
50400,0.149,0.253,0.598
50500,0.145,0.248,0.607
50600,0.140,0.245,0.615
50700,0.140,0.253,0.607
50800,0.148,0.255,0.597
50900,0.141,0.254,0.605
51000,0.141,0.252,0.607
51100,0.135,0.249,0.616
51200,0.138,0.255,0.607
51300,0.144,0.257,0.599
51400,0.138,0.259,0.603
51500,0.134,0.278,0.588
51600,0.138,0.281,0.581
51700,0.132,0.278,0.590
51800,0.141,0.282,0.577
51900,0.133,0.281,0.586
52000,0.138,0.296,0.566
52100,0.135,0.286,0.579
52200,0.130,0.281,0.589
52300,0.141,0.277,0.582
52400,0.149,0.278,0.573
52500,0.160,0.282,0.558
52600,0.153,0.279,0.568
52700,0.165,0.283,0.552
52800,0.168,0.286,0.546
52900,0.171,0.279,0.551
53000,0.165,0.273,0.562
53100,0.163,0.275,0.562
53200,0.162,0.281,0.557
53300,0.158,0.280,0.562
53400,0.157,0.272,0.571
53500,0.163,0.281,0.556
53600,0.158,0.280,0.562
53700,0.153,0.286,0.561
53800,0.153,0.280,0.567
53900,0.155,0.278,0.567
54000,0.158,0.278,0.564
54100,0.147,0.269,0.584
54200,0.156,0.274,0.570
54300,0.151,0.275,0.574
54400,0.146,0.277,0.577
54500,0.142,0.279,0.579
54600,0.144,0.273,0.583
54700,0.151,0.270,0.579
54800,0.145,0.265,0.590
54900,0.147,0.268,0.585
55000,0.146,0.263,0.591
55100,0.140,0.257,0.603
55200,0.137,0.252,0.611
55300,0.143,0.257,0.600
55400,0.146,0.254,0.600
55500,0.144,0.258,0.598
55600,0.145,0.259,0.596
55700,0.146,0.268,0.586
55800,0.149,0.269,0.582
55900,0.144,0.260,0.596
56000,0.161,0.248,0.590
56100,0.152,0.249,0.599
56200,0.148,0.245,0.607
56300,0.153,0.243,0.604
56400,0.153,0.242,0.605
56500,0.161,0.243,0.596
56600,0.166,0.237,0.597
56700,0.171,0.240,0.589
56800,0.163,0.239,0.598
56900,0.162,0.238,0.600
57000,0.155,0.247,0.598
57100,0.172,0.250,0.578
57200,0.168,0.245,0.587
57300,0.176,0.240,0.584
57400,0.169,0.234,0.598
57500,0.168,0.239,0.593
57600,0.166,0.236,0.598
57700,0.165,0.231,0.604
57800,0.158,0.234,0.608
57900,0.156,0.236,0.608
58000,0.158,0.240,0.602
58100,0.161,0.241,0.598
58200,0.163,0.243,0.593
58300,0.160,0.236,0.604
58400,0.157,0.236,0.607
58500,0.162,0.235,0.603
58600,0.158,0.235,0.607
58700,0.154,0.233,0.613
58800,0.153,0.238,0.609
58900,0.144,0.252,0.604
59000,0.140,0.250,0.610
59100,0.142,0.248,0.610
59200,0.165,0.252,0.582
59300,0.157,0.249,0.593
59400,0.162,0.253,0.584
59500,0.159,0.249,0.591
59600,0.154,0.253,0.592
59700,0.157,0.252,0.590
59800,0.165,0.255,0.579
59900,0.154,0.251,0.594
60000,0.148,0.239,0.613
60100,0.147,0.237,0.616
60200,0.140,0.237,0.623
60300,0.139,0.247,0.614
60400,0.141,0.249,0.610
60500,0.145,0.247,0.608
60600,0.140,0.251,0.609
60700,0.151,0.248,0.601
60800,0.160,0.254,0.585
60900,0.157,0.250,0.592
61000,0.145,0.249,0.606
61100,0.155,0.243,0.602
61200,0.161,0.247,0.591
61300,0.172,0.238,0.590
61400,0.164,0.236,0.600
61500,0.158,0.234,0.608
61600,0.153,0.227,0.620
61700,0.152,0.232,0.616
61800,0.146,0.241,0.613
61900,0.145,0.246,0.609
62000,0.151,0.257,0.591
62100,0.148,0.257,0.594
62200,0.144,0.256,0.600
62300,0.141,0.258,0.601
62400,0.151,0.268,0.581
62500,0.138,0.271,0.591
62600,0.137,0.270,0.593
62700,0.146,0.273,0.581
62800,0.157,0.264,0.579
62900,0.150,0.273,0.577
63000,0.145,0.272,0.583
63100,0.140,0.273,0.587
63200,0.143,0.274,0.583
63300,0.143,0.281,0.576
63400,0.151,0.287,0.562
63500,0.157,0.294,0.549
63600,0.156,0.294,0.550
63700,0.142,0.295,0.563
63800,0.145,0.313,0.542
63900,0.143,0.309,0.547
64000,0.131,0.308,0.561
64100,0.137,0.307,0.556
64200,0.143,0.301,0.556
64300,0.139,0.296,0.565
64400,0.141,0.291,0.568
64500,0.137,0.289,0.574
64600,0.135,0.290,0.575
64700,0.132,0.287,0.581
64800,0.126,0.291,0.583
64900,0.128,0.294,0.578
65000,0.129,0.307,0.564
65100,0.136,0.306,0.558
65200,0.135,0.309,0.556
65300,0.131,0.309,0.560
65400,0.127,0.298,0.575
65500,0.114,0.314,0.572
65600,0.115,0.306,0.578
65700,0.127,0.318,0.556
65800,0.125,0.322,0.554
65900,0.123,0.320,0.558
66000,0.112,0.317,0.571
66100,0.117,0.314,0.569
66200,0.126,0.308,0.566
66300,0.125,0.304,0.571
66400,0.133,0.307,0.560
66500,0.130,0.327,0.543
66600,0.131,0.335,0.534
66700,0.133,0.331,0.536
66800,0.127,0.329,0.544
66900,0.131,0.313,0.557
67000,0.134,0.311,0.556
67100,0.150,0.303,0.546
67200,0.151,0.298,0.551
67300,0.141,0.292,0.567
67400,0.146,0.298,0.556
67500,0.142,0.293,0.565
67600,0.153,0.284,0.563
67700,0.145,0.279,0.576
67800,0.144,0.283,0.573
67900,0.143,0.288,0.569
68000,0.139,0.279,0.582
68100,0.134,0.286,0.580
68200,0.146,0.276,0.578
68300,0.153,0.271,0.576
68400,0.143,0.275,0.582
68500,0.138,0.275,0.587
68600,0.139,0.279,0.582
68700,0.153,0.283,0.564
68800,0.142,0.280,0.578
68900,0.138,0.280,0.582
69000,0.140,0.283,0.577
69100,0.138,0.280,0.582
69200,0.139,0.294,0.567
69300,0.141,0.287,0.572
69400,0.144,0.288,0.568
69500,0.142,0.300,0.558
69600,0.142,0.295,0.563
69700,0.147,0.289,0.564
69800,0.146,0.281,0.573
69900,0.142,0.285,0.573
70000,0.154,0.281,0.565
70100,0.146,0.272,0.582
70200,0.139,0.274,0.587
70300,0.144,0.280,0.576
70400,0.144,0.274,0.582
70500,0.142,0.271,0.587
70600,0.144,0.280,0.576
70700,0.158,0.274,0.568
70800,0.153,0.275,0.572
70900,0.161,0.278,0.561
71000,0.163,0.277,0.560
71100,0.159,0.279,0.562
71200,0.156,0.272,0.572
71300,0.153,0.266,0.581
71400,0.150,0.260,0.589
71500,0.139,0.282,0.579
71600,0.138,0.274,0.588
71700,0.130,0.288,0.582
71800,0.145,0.285,0.570
71900,0.143,0.280,0.577
72000,0.140,0.286,0.574
72100,0.138,0.282,0.580
72200,0.132,0.284,0.584
72300,0.135,0.280,0.585
72400,0.135,0.272,0.593
72500,0.132,0.273,0.596
72600,0.137,0.263,0.601
72700,0.131,0.256,0.613
72800,0.134,0.257,0.609
72900,0.137,0.251,0.612
73000,0.133,0.233,0.634
73100,0.132,0.230,0.638
73200,0.137,0.228,0.635
73300,0.135,0.234,0.631
73400,0.145,0.231,0.624
73500,0.156,0.230,0.614
73600,0.145,0.228,0.627
73700,0.134,0.231,0.635
73800,0.134,0.227,0.639
73900,0.144,0.232,0.624
74000,0.140,0.240,0.620
74100,0.138,0.246,0.616
74200,0.138,0.247,0.615
74300,0.139,0.239,0.622
74400,0.135,0.246,0.619
74500,0.145,0.250,0.605
74600,0.147,0.244,0.609
74700,0.154,0.235,0.611
74800,0.145,0.241,0.614
74900,0.150,0.238,0.612
75000,0.150,0.231,0.619
75100,0.155,0.235,0.610
75200,0.179,0.233,0.588
75300,0.169,0.233,0.599
75400,0.169,0.226,0.606
75500,0.163,0.223,0.614
75600,0.156,0.229,0.615
75700,0.155,0.233,0.612
75800,0.160,0.233,0.607
75900,0.156,0.229,0.615
76000,0.146,0.241,0.613
76100,0.159,0.236,0.605
76200,0.149,0.233,0.618
76300,0.146,0.230,0.624
76400,0.151,0.225,0.624
76500,0.161,0.220,0.619
76600,0.171,0.226,0.604
76700,0.173,0.225,0.603
76800,0.168,0.229,0.604
76900,0.162,0.223,0.615
77000,0.161,0.233,0.606
77100,0.173,0.235,0.592
77200,0.176,0.232,0.592
77300,0.171,0.233,0.597
77400,0.162,0.233,0.605
77500,0.170,0.231,0.600
77600,0.169,0.243,0.588
77700,0.178,0.245,0.577
77800,0.185,0.240,0.575
77900,0.180,0.241,0.579
78000,0.173,0.242,0.585
78100,0.163,0.242,0.594
78200,0.166,0.239,0.594
78300,0.162,0.251,0.586
78400,0.155,0.250,0.594
78500,0.151,0.241,0.608
78600,0.142,0.236,0.622
78700,0.137,0.237,0.626
78800,0.130,0.242,0.628
78900,0.136,0.239,0.625
79000,0.147,0.243,0.610
79100,0.145,0.253,0.602
79200,0.138,0.249,0.613
79300,0.128,0.250,0.622
79400,0.125,0.244,0.631
79500,0.125,0.249,0.626
79600,0.127,0.248,0.625
79700,0.142,0.243,0.615
79800,0.141,0.241,0.618
79900,0.142,0.240,0.618
80000,0.137,0.263,0.601
80100,0.134,0.265,0.602
80200,0.146,0.257,0.597
80300,0.138,0.252,0.610
80400,0.146,0.256,0.598
80500,0.142,0.253,0.605
80600,0.140,0.257,0.603
80700,0.135,0.249,0.616
80800,0.132,0.261,0.607
80900,0.131,0.266,0.604
81000,0.132,0.264,0.605
81100,0.130,0.264,0.607
81200,0.127,0.255,0.618
81300,0.141,0.256,0.603
81400,0.139,0.243,0.618
81500,0.136,0.247,0.617
81600,0.135,0.247,0.618
81700,0.125,0.254,0.621
81800,0.126,0.252,0.622
81900,0.127,0.263,0.611
82000,0.123,0.260,0.617
82100,0.111,0.259,0.629
82200,0.118,0.261,0.620
82300,0.118,0.261,0.620
82400,0.116,0.271,0.613
82500,0.122,0.280,0.599
82600,0.129,0.271,0.601
82700,0.144,0.273,0.583
82800,0.149,0.268,0.583
82900,0.139,0.267,0.594
83000,0.130,0.256,0.614
83100,0.142,0.249,0.609
83200,0.142,0.248,0.610
83300,0.142,0.250,0.608
83400,0.142,0.250,0.608
83500,0.152,0.248,0.600
83600,0.145,0.239,0.616
83700,0.149,0.245,0.606
83800,0.151,0.246,0.603
83900,0.151,0.239,0.610
84000,0.143,0.240,0.617
84100,0.146,0.235,0.619
84200,0.140,0.234,0.626
84300,0.135,0.231,0.634
84400,0.137,0.249,0.614
84500,0.122,0.245,0.633
84600,0.122,0.245,0.633
84700,0.130,0.242,0.628
84800,0.127,0.245,0.628
84900,0.141,0.245,0.614
85000,0.132,0.258,0.610
85100,0.140,0.256,0.604
85200,0.146,0.255,0.599
85300,0.142,0.256,0.602
85400,0.151,0.258,0.590
85500,0.132,0.254,0.614
85600,0.127,0.250,0.623
85700,0.120,0.256,0.624
85800,0.117,0.253,0.629
85900,0.120,0.260,0.620
86000,0.121,0.270,0.610
86100,0.124,0.271,0.606
86200,0.129,0.275,0.597
86300,0.124,0.277,0.600
86400,0.124,0.275,0.602
86500,0.127,0.266,0.608
86600,0.130,0.261,0.609
86700,0.134,0.261,0.605
86800,0.160,0.257,0.582
86900,0.156,0.248,0.596
87000,0.155,0.250,0.594
87100,0.149,0.255,0.596
87200,0.155,0.256,0.588
87300,0.147,0.252,0.601
87400,0.159,0.251,0.589
87500,0.154,0.264,0.582
87600,0.144,0.260,0.596
87700,0.148,0.265,0.587
87800,0.142,0.260,0.598
87900,0.141,0.253,0.606
88000,0.153,0.245,0.602
88100,0.155,0.248,0.597
88200,0.151,0.250,0.599
88300,0.146,0.252,0.602
88400,0.147,0.251,0.602
88500,0.147,0.257,0.596
88600,0.161,0.249,0.589
88700,0.159,0.242,0.599
88800,0.162,0.243,0.594
88900,0.162,0.248,0.589
89000,0.159,0.238,0.603
89100,0.160,0.239,0.601
89200,0.160,0.241,0.599
89300,0.161,0.241,0.598
89400,0.162,0.240,0.598
89500,0.166,0.230,0.604
89600,0.160,0.232,0.608
89700,0.156,0.231,0.613
89800,0.163,0.236,0.601
89900,0.168,0.243,0.589
90000,0.184,0.229,0.587
90100,0.187,0.226,0.587
90200,0.193,0.222,0.585
90300,0.195,0.224,0.581
90400,0.192,0.221,0.587
90500,0.195,0.220,0.585
90600,0.192,0.212,0.596
90700,0.184,0.210,0.606
90800,0.184,0.211,0.605
90900,0.183,0.211,0.606
91000,0.188,0.230,0.582
91100,0.187,0.223,0.590
91200,0.189,0.239,0.572
91300,0.198,0.239,0.563
91400,0.204,0.235,0.561
91500,0.201,0.245,0.554
91600,0.199,0.242,0.559
91700,0.205,0.236,0.559
91800,0.211,0.238,0.551
91900,0.211,0.240,0.549
92000,0.209,0.245,0.545
92100,0.207,0.242,0.551
92200,0.203,0.239,0.558
92300,0.201,0.237,0.562
92400,0.202,0.234,0.564
92500,0.197,0.230,0.573
92600,0.196,0.215,0.589
92700,0.192,0.212,0.596
92800,0.201,0.210,0.588
92900,0.207,0.208,0.584
93000,0.218,0.203,0.579
93100,0.199,0.200,0.601
93200,0.202,0.201,0.597
93300,0.190,0.205,0.605
93400,0.192,0.199,0.609
93500,0.193,0.203,0.604
93600,0.202,0.200,0.598
93700,0.184,0.198,0.618
93800,0.185,0.201,0.614
93900,0.198,0.198,0.604
94000,0.213,0.198,0.588
94100,0.207,0.200,0.592
94200,0.206,0.202,0.591
94300,0.208,0.203,0.588
94400,0.215,0.203,0.582
94500,0.220,0.201,0.579
94600,0.217,0.211,0.572
94700,0.222,0.203,0.575
94800,0.221,0.201,0.578
94900,0.221,0.199,0.580
95000,0.210,0.194,0.596
95100,0.210,0.187,0.603
95200,0.198,0.191,0.611
95300,0.207,0.197,0.596
95400,0.205,0.192,0.603
95500,0.196,0.195,0.609
95600,0.199,0.196,0.605
95700,0.193,0.201,0.606
95800,0.182,0.211,0.607
95900,0.180,0.211,0.609
96000,0.182,0.216,0.603
96100,0.194,0.215,0.591
96200,0.196,0.220,0.584
96300,0.209,0.218,0.573
96400,0.198,0.218,0.584
96500,0.199,0.217,0.584
96600,0.215,0.217,0.569
96700,0.232,0.197,0.571
96800,0.228,0.201,0.571
96900,0.217,0.203,0.580
97000,0.223,0.195,0.582
97100,0.222,0.197,0.581
97200,0.218,0.199,0.583
97300,0.209,0.206,0.584
97400,0.213,0.200,0.586
97500,0.231,0.199,0.570
97600,0.216,0.205,0.579
97700,0.210,0.212,0.577
97800,0.200,0.234,0.566
97900,0.196,0.233,0.571
98000,0.190,0.240,0.570
98100,0.192,0.231,0.577
98200,0.187,0.231,0.582
98300,0.184,0.241,0.575
98400,0.176,0.237,0.587
98500,0.184,0.236,0.580
98600,0.180,0.237,0.583
98700,0.182,0.236,0.582
98800,0.180,0.228,0.592
98900,0.180,0.235,0.585
99000,0.171,0.235,0.594
99100,0.166,0.237,0.597
99200,0.166,0.240,0.593
99300,0.172,0.243,0.585
99400,0.157,0.245,0.598
99500,0.154,0.249,0.597
99600,0.148,0.251,0.601
99700,0.137,0.247,0.616
99800,0.141,0.244,0.615
99900,0.153,0.246,0.601
100000,0.152,0.245,0.603
