time,n_A+p,n_B,n_AB
500,0.010,0.976,0.014
1000,0.010,0.960,0.030
1500,0.010,0.930,0.059
2000,0.010,0.900,0.090
2500,0.010,0.875,0.115
3000,0.010,0.773,0.217
3500,0.010,0.693,0.297
4000,0.010,0.603,0.387
4500,0.010,0.510,0.480
5000,0.013,0.439,0.549
5500,0.011,0.423,0.565
6000,0.013,0.386,0.601
6500,0.024,0.307,0.668
7000,0.035,0.281,0.683
7500,0.041,0.227,0.733
8000,0.051,0.203,0.745
8500,0.049,0.192,0.759
9000,0.049,0.221,0.731
9500,0.070,0.200,0.730
10000,0.069,0.172,0.759
10500,0.072,0.170,0.758
11000,0.075,0.147,0.778
11500,0.083,0.159,0.758
12000,0.085,0.138,0.778
12500,0.091,0.128,0.781
13000,0.081,0.140,0.779
13500,0.061,0.132,0.807
14000,0.088,0.132,0.780
14500,0.105,0.121,0.774
15000,0.093,0.129,0.777
15500,0.099,0.119,0.782
16000,0.095,0.119,0.786
16500,0.084,0.119,0.797
17000,0.082,0.117,0.801
17500,0.088,0.122,0.790
18000,0.080,0.118,0.802
18500,0.085,0.115,0.800
19000,0.089,0.107,0.803
19500,0.110,0.116,0.774
20000,0.097,0.116,0.787
20500,0.110,0.129,0.761
21000,0.089,0.132,0.778
21500,0.084,0.127,0.789
22000,0.110,0.117,0.772
22500,0.115,0.108,0.777
23000,0.120,0.130,0.750
23500,0.119,0.120,0.760
24000,0.113,0.110,0.777
24500,0.111,0.102,0.788
25000,0.117,0.092,0.791
25500,0.097,0.109,0.794
26000,0.092,0.112,0.796
26500,0.110,0.105,0.785
27000,0.114,0.103,0.783
27500,0.100,0.114,0.786
28000,0.110,0.103,0.786
28500,0.116,0.083,0.801
29000,0.117,0.113,0.770
29500,0.114,0.106,0.779
30000,0.124,0.101,0.774
30500,0.123,0.075,0.801
31000,0.121,0.087,0.792
31500,0.118,0.086,0.796
32000,0.102,0.090,0.807
32500,0.120,0.102,0.777
33000,0.111,0.096,0.793
33500,0.124,0.091,0.784
34000,0.122,0.095,0.782
34500,0.110,0.103,0.787
35000,0.097,0.102,0.801
35500,0.101,0.106,0.793
36000,0.095,0.105,0.800
36500,0.083,0.127,0.791
37000,0.088,0.125,0.786
37500,0.105,0.104,0.790
38000,0.113,0.105,0.781
38500,0.127,0.087,0.785
39000,0.120,0.086,0.793
39500,0.126,0.086,0.787
40000,0.117,0.091,0.792
40500,0.132,0.109,0.759
41000,0.129,0.106,0.765
41500,0.133,0.099,0.769
42000,0.107,0.091,0.801
42500,0.118,0.085,0.797
43000,0.122,0.097,0.780
43500,0.128,0.089,0.782
44000,0.142,0.077,0.780
44500,0.143,0.064,0.793
45000,0.170,0.067,0.764
45500,0.171,0.054,0.775
46000,0.182,0.055,0.762
46500,0.164,0.051,0.785
47000,0.170,0.057,0.773
47500,0.175,0.051,0.774
48000,0.184,0.034,0.783
48500,0.197,0.070,0.733
49000,0.182,0.077,0.740
49500,0.191,0.058,0.751
50000,0.179,0.075,0.746
50500,0.174,0.070,0.756
51000,0.185,0.054,0.760
51500,0.172,0.053,0.774
52000,0.180,0.058,0.762
52500,0.184,0.063,0.753
53000,0.158,0.059,0.784
53500,0.135,0.065,0.800
54000,0.136,0.070,0.794
54500,0.141,0.081,0.778
55000,0.149,0.082,0.769
55500,0.138,0.095,0.768
56000,0.150,0.096,0.754
56500,0.125,0.095,0.780
57000,0.117,0.076,0.806
57500,0.101,0.090,0.808
58000,0.109,0.088,0.802
58500,0.108,0.090,0.801
59000,0.111,0.079,0.810
59500,0.104,0.086,0.810
60000,0.148,0.089,0.763
60500,0.145,0.072,0.783
61000,0.124,0.083,0.793
61500,0.106,0.084,0.810
62000,0.122,0.106,0.772
62500,0.101,0.117,0.782
63000,0.105,0.113,0.782
63500,0.099,0.128,0.774
64000,0.083,0.123,0.794
64500,0.097,0.119,0.784
65000,0.100,0.104,0.796
65500,0.081,0.111,0.808
66000,0.089,0.114,0.797
66500,0.096,0.094,0.810
67000,0.103,0.097,0.800
67500,0.104,0.108,0.787
68000,0.101,0.102,0.797
68500,0.115,0.089,0.796
69000,0.116,0.087,0.797
69500,0.112,0.084,0.804
70000,0.124,0.106,0.769
70500,0.129,0.114,0.757
71000,0.131,0.107,0.762
71500,0.131,0.089,0.780
72000,0.119,0.082,0.799
72500,0.118,0.079,0.803
73000,0.130,0.084,0.786
73500,0.100,0.097,0.803
74000,0.103,0.116,0.780
74500,0.116,0.090,0.794
75000,0.103,0.076,0.821
75500,0.131,0.089,0.779
76000,0.141,0.097,0.762
76500,0.119,0.110,0.771
77000,0.126,0.100,0.774
77500,0.108,0.096,0.796
78000,0.112,0.113,0.775
78500,0.099,0.112,0.789
79000,0.091,0.104,0.805
79500,0.078,0.118,0.804
80000,0.099,0.112,0.790
80500,0.095,0.146,0.759
81000,0.102,0.117,0.781
81500,0.108,0.122,0.770
82000,0.098,0.127,0.775
82500,0.086,0.135,0.779
83000,0.086,0.140,0.774
83500,0.083,0.130,0.788
84000,0.108,0.112,0.779
84500,0.088,0.095,0.818
85000,0.121,0.096,0.783
85500,0.122,0.104,0.773
86000,0.117,0.096,0.787
86500,0.117,0.089,0.794
87000,0.141,0.075,0.783
87500,0.143,0.087,0.769
88000,0.149,0.082,0.769
88500,0.140,0.084,0.776
89000,0.141,0.087,0.772
89500,0.136,0.091,0.773
90000,0.152,0.083,0.765
90500,0.120,0.100,0.780
91000,0.125,0.102,0.773
91500,0.140,0.085,0.775
92000,0.162,0.071,0.766
92500,0.173,0.054,0.772
93000,0.147,0.048,0.805
93500,0.148,0.058,0.794
94000,0.160,0.090,0.749
94500,0.185,0.076,0.738
95000,0.165,0.058,0.777
95500,0.143,0.064,0.793
96000,0.155,0.050,0.795
96500,0.156,0.060,0.783
97000,0.132,0.077,0.792
97500,0.123,0.086,0.791
98000,0.140,0.074,0.785
98500,0.138,0.061,0.800
99000,0.165,0.065,0.770
99500,0.150,0.069,0.780
100000,0.121,0.066,0.812
100500,0.127,0.082,0.791
101000,0.123,0.070,0.807
101500,0.129,0.079,0.792
102000,0.114,0.079,0.808
102500,0.128,0.076,0.796
103000,0.151,0.093,0.755
103500,0.138,0.070,0.792
104000,0.147,0.064,0.789
104500,0.159,0.070,0.771
105000,0.136,0.057,0.807
105500,0.143,0.079,0.778
106000,0.166,0.078,0.756
106500,0.172,0.065,0.763
107000,0.170,0.062,0.768
107500,0.204,0.054,0.741
108000,0.203,0.051,0.746
108500,0.169,0.055,0.776
109000,0.165,0.064,0.771
109500,0.154,0.065,0.781
110000,0.134,0.080,0.786
110500,0.119,0.098,0.783
111000,0.119,0.091,0.790
111500,0.130,0.074,0.796
112000,0.150,0.084,0.766
112500,0.154,0.079,0.767
113000,0.156,0.073,0.770
113500,0.133,0.075,0.792
114000,0.139,0.079,0.782
114500,0.147,0.059,0.794
115000,0.143,0.059,0.798
115500,0.162,0.050,0.789
116000,0.154,0.059,0.786
116500,0.136,0.081,0.784
117000,0.125,0.086,0.789
117500,0.114,0.087,0.799
118000,0.130,0.091,0.780
118500,0.136,0.086,0.777
119000,0.145,0.075,0.779
119500,0.135,0.075,0.789
120000,0.138,0.083,0.779
120500,0.146,0.079,0.775
121000,0.108,0.106,0.785
121500,0.091,0.129,0.779
122000,0.099,0.108,0.793
122500,0.101,0.123,0.776
123000,0.086,0.132,0.782
123500,0.101,0.127,0.772
124000,0.089,0.135,0.775
124500,0.072,0.152,0.775
125000,0.082,0.132,0.786
125500,0.093,0.134,0.774
126000,0.093,0.114,0.793
126500,0.093,0.117,0.790
127000,0.083,0.101,0.817
127500,0.090,0.112,0.798
128000,0.121,0.093,0.785
128500,0.101,0.088,0.811
129000,0.117,0.081,0.802
129500,0.118,0.111,0.771
130000,0.117,0.095,0.788
130500,0.128,0.104,0.767
131000,0.113,0.107,0.780
131500,0.106,0.097,0.797
132000,0.114,0.118,0.768
132500,0.099,0.121,0.780
133000,0.072,0.139,0.788
133500,0.078,0.146,0.776
134000,0.072,0.130,0.797
134500,0.087,0.110,0.802
135000,0.086,0.131,0.783
135500,0.086,0.121,0.793
136000,0.124,0.096,0.780
136500,0.116,0.107,0.776
137000,0.102,0.116,0.782
137500,0.093,0.112,0.795
138000,0.100,0.122,0.778
138500,0.081,0.127,0.793
139000,0.082,0.134,0.784
139500,0.074,0.159,0.767
140000,0.063,0.155,0.782
140500,0.092,0.122,0.785
141000,0.111,0.097,0.793
141500,0.114,0.099,0.788
142000,0.108,0.093,0.799
142500,0.084,0.106,0.810
143000,0.093,0.095,0.811
143500,0.103,0.085,0.812
144000,0.124,0.079,0.797
144500,0.099,0.085,0.817
145000,0.102,0.100,0.798
145500,0.105,0.104,0.790
146000,0.121,0.085,0.794
146500,0.101,0.101,0.798
147000,0.116,0.087,0.796
147500,0.123,0.079,0.798
148000,0.155,0.070,0.774
148500,0.148,0.077,0.775
149000,0.117,0.081,0.802
149500,0.126,0.080,0.795
150000,0.126,0.079,0.796
150500,0.117,0.086,0.797
151000,0.113,0.108,0.779
151500,0.117,0.106,0.777
152000,0.086,0.114,0.800
152500,0.091,0.126,0.783
153000,0.126,0.094,0.780
153500,0.129,0.087,0.784
154000,0.126,0.075,0.800
154500,0.124,0.103,0.772
155000,0.137,0.102,0.760
155500,0.124,0.102,0.773
156000,0.134,0.096,0.771
156500,0.139,0.074,0.787
157000,0.148,0.062,0.789
157500,0.183,0.060,0.757
158000,0.163,0.045,0.792
158500,0.169,0.051,0.780
159000,0.176,0.052,0.772
159500,0.165,0.036,0.799
160000,0.168,0.029,0.803
160500,0.169,0.052,0.779
161000,0.182,0.045,0.773
161500,0.185,0.053,0.761
162000,0.202,0.056,0.743
162500,0.209,0.048,0.742
163000,0.200,0.047,0.753
163500,0.187,0.049,0.764
164000,0.181,0.042,0.777
164500,0.195,0.049,0.756
165000,0.200,0.048,0.753
165500,0.191,0.048,0.762
166000,0.190,0.047,0.763
166500,0.167,0.064,0.770
167000,0.155,0.062,0.782
167500,0.163,0.060,0.777
168000,0.130,0.075,0.794
168500,0.116,0.093,0.791
169000,0.137,0.092,0.771
169500,0.118,0.112,0.770
170000,0.104,0.086,0.810
170500,0.116,0.084,0.800
171000,0.127,0.084,0.790
171500,0.123,0.075,0.802
172000,0.159,0.068,0.774
172500,0.136,0.069,0.796
173000,0.127,0.071,0.802
173500,0.135,0.097,0.768
174000,0.122,0.104,0.773
174500,0.115,0.104,0.781
175000,0.119,0.091,0.790
175500,0.151,0.080,0.769
176000,0.149,0.077,0.773
176500,0.149,0.093,0.758
177000,0.128,0.098,0.774
177500,0.133,0.088,0.779
178000,0.134,0.082,0.785
178500,0.117,0.091,0.792
179000,0.106,0.109,0.785
179500,0.116,0.088,0.796
180000,0.130,0.098,0.772
180500,0.142,0.099,0.759
181000,0.139,0.110,0.751
181500,0.130,0.107,0.764
182000,0.129,0.107,0.763
182500,0.124,0.090,0.786
183000,0.119,0.094,0.787
183500,0.115,0.095,0.790
184000,0.111,0.103,0.785
184500,0.131,0.089,0.779
185000,0.126,0.088,0.786
185500,0.116,0.106,0.778
186000,0.124,0.105,0.770
186500,0.098,0.074,0.828
187000,0.108,0.089,0.802
187500,0.123,0.082,0.795
188000,0.139,0.104,0.757
188500,0.124,0.096,0.780
189000,0.137,0.092,0.770
189500,0.134,0.095,0.771
190000,0.155,0.080,0.765
190500,0.141,0.083,0.777
191000,0.155,0.072,0.773
191500,0.147,0.070,0.782
192000,0.165,0.056,0.779
192500,0.170,0.060,0.769
193000,0.146,0.071,0.783
193500,0.121,0.073,0.806
194000,0.153,0.072,0.775
194500,0.147,0.087,0.765
195000,0.141,0.087,0.772
195500,0.150,0.079,0.771
196000,0.131,0.066,0.803
196500,0.130,0.065,0.805
197000,0.121,0.070,0.808
197500,0.143,0.077,0.779
198000,0.121,0.101,0.778
198500,0.107,0.104,0.788
199000,0.106,0.109,0.784
199500,0.113,0.115,0.772
200000,0.109,0.113,0.778
200500,0.101,0.097,0.802
201000,0.117,0.090,0.793
201500,0.103,0.103,0.793
202000,0.089,0.097,0.814
202500,0.086,0.107,0.806
203000,0.100,0.133,0.768
203500,0.099,0.120,0.781
204000,0.097,0.099,0.804
204500,0.092,0.107,0.801
205000,0.107,0.082,0.811
205500,0.095,0.096,0.809
206000,0.100,0.091,0.809
206500,0.116,0.110,0.774
207000,0.123,0.093,0.784
207500,0.122,0.094,0.783
208000,0.102,0.117,0.782
208500,0.087,0.122,0.790
209000,0.086,0.120,0.794
209500,0.100,0.099,0.801
210000,0.106,0.088,0.805
210500,0.116,0.073,0.810
211000,0.127,0.077,0.796
211500,0.137,0.069,0.794
212000,0.141,0.068,0.791
212500,0.141,0.070,0.789
213000,0.142,0.065,0.793
213500,0.154,0.045,0.800
214000,0.143,0.060,0.796
214500,0.143,0.075,0.782
215000,0.143,0.076,0.780
215500,0.142,0.079,0.779
216000,0.133,0.084,0.784
216500,0.121,0.082,0.797
217000,0.107,0.093,0.799
217500,0.113,0.100,0.787
218000,0.108,0.111,0.780
218500,0.104,0.098,0.797
219000,0.104,0.114,0.782
219500,0.100,0.113,0.787
220000,0.089,0.117,0.794
220500,0.089,0.114,0.796
221000,0.100,0.102,0.799
221500,0.133,0.098,0.769
222000,0.144,0.071,0.785
222500,0.148,0.070,0.782
223000,0.145,0.080,0.775
223500,0.144,0.076,0.780
224000,0.147,0.067,0.786
224500,0.161,0.074,0.766
225000,0.135,0.082,0.783
225500,0.141,0.082,0.777
226000,0.132,0.079,0.789
226500,0.130,0.074,0.795
227000,0.135,0.066,0.799
227500,0.154,0.051,0.794
228000,0.140,0.056,0.804
228500,0.137,0.061,0.802
229000,0.149,0.064,0.787
229500,0.163,0.080,0.758
230000,0.170,0.070,0.760
230500,0.171,0.073,0.756
231000,0.171,0.067,0.762
231500,0.142,0.087,0.770
232000,0.132,0.084,0.784
232500,0.143,0.082,0.775
233000,0.156,0.070,0.774
233500,0.137,0.070,0.793
234000,0.120,0.086,0.794
234500,0.146,0.072,0.782
235000,0.141,0.065,0.794
235500,0.119,0.082,0.799
236000,0.126,0.080,0.794
236500,0.127,0.076,0.797
237000,0.158,0.068,0.774
237500,0.134,0.080,0.787
238000,0.149,0.084,0.767
238500,0.153,0.091,0.755
239000,0.135,0.079,0.786
239500,0.139,0.083,0.778
240000,0.158,0.072,0.770
240500,0.154,0.075,0.770
241000,0.143,0.070,0.787
241500,0.128,0.060,0.812
242000,0.146,0.069,0.784
242500,0.127,0.080,0.793
243000,0.127,0.086,0.786
243500,0.106,0.069,0.825
244000,0.128,0.081,0.791
244500,0.126,0.083,0.791
245000,0.133,0.083,0.784
245500,0.114,0.092,0.793
246000,0.141,0.078,0.781
246500,0.145,0.080,0.775
247000,0.145,0.086,0.769
247500,0.148,0.075,0.776
248000,0.142,0.069,0.789
248500,0.154,0.060,0.786
249000,0.144,0.067,0.789
249500,0.160,0.066,0.774
250000,0.149,0.074,0.776
250500,0.154,0.063,0.783
251000,0.142,0.070,0.788
251500,0.168,0.061,0.772
252000,0.165,0.064,0.771
252500,0.141,0.053,0.806
253000,0.178,0.046,0.776
253500,0.146,0.056,0.798
254000,0.142,0.048,0.810
254500,0.146,0.066,0.788
255000,0.152,0.072,0.775
255500,0.145,0.069,0.786
256000,0.157,0.066,0.778
256500,0.138,0.054,0.808
257000,0.134,0.063,0.804
257500,0.124,0.083,0.792
258000,0.109,0.073,0.818
258500,0.117,0.081,0.802
259000,0.136,0.086,0.778
259500,0.148,0.057,0.795
260000,0.150,0.058,0.791
260500,0.135,0.061,0.804
261000,0.142,0.089,0.769
261500,0.145,0.073,0.782
262000,0.147,0.058,0.795
262500,0.160,0.056,0.785
263000,0.148,0.061,0.790
263500,0.129,0.060,0.811
264000,0.121,0.067,0.812
264500,0.110,0.074,0.817
265000,0.118,0.102,0.780
265500,0.117,0.108,0.774
266000,0.123,0.100,0.777
266500,0.136,0.096,0.768
267000,0.115,0.083,0.802
267500,0.137,0.100,0.764
268000,0.137,0.089,0.774
268500,0.143,0.085,0.772
269000,0.145,0.088,0.767
269500,0.131,0.091,0.778
270000,0.121,0.085,0.794
270500,0.136,0.091,0.773
271000,0.125,0.098,0.777
271500,0.118,0.086,0.796
272000,0.122,0.087,0.790
272500,0.106,0.090,0.803
273000,0.108,0.103,0.788
273500,0.112,0.105,0.782
274000,0.114,0.116,0.770
274500,0.138,0.093,0.769
275000,0.155,0.064,0.781
275500,0.140,0.086,0.774
276000,0.141,0.065,0.794
276500,0.162,0.069,0.770
277000,0.199,0.060,0.741
277500,0.197,0.049,0.755
278000,0.171,0.042,0.787
278500,0.169,0.051,0.780
279000,0.191,0.042,0.768
279500,0.176,0.053,0.771
280000,0.190,0.048,0.763
280500,0.167,0.049,0.784
281000,0.157,0.049,0.795
281500,0.178,0.059,0.762
282000,0.189,0.053,0.758
282500,0.189,0.050,0.762
283000,0.181,0.046,0.773
283500,0.170,0.050,0.780
284000,0.167,0.046,0.787
284500,0.175,0.045,0.779
285000,0.187,0.049,0.764
285500,0.146,0.081,0.773
286000,0.147,0.066,0.787
286500,0.157,0.062,0.781
287000,0.148,0.058,0.794
287500,0.131,0.068,0.801
288000,0.129,0.069,0.802
288500,0.152,0.077,0.770
289000,0.167,0.059,0.774
289500,0.163,0.068,0.770
290000,0.165,0.056,0.780
290500,0.159,0.074,0.767
291000,0.126,0.090,0.784
291500,0.125,0.085,0.790
292000,0.146,0.087,0.766
292500,0.133,0.091,0.775
293000,0.132,0.092,0.776
293500,0.123,0.088,0.789
294000,0.106,0.102,0.792
294500,0.118,0.110,0.772
295000,0.116,0.110,0.774
295500,0.117,0.104,0.779
296000,0.114,0.091,0.795
296500,0.124,0.094,0.781
297000,0.116,0.079,0.805
297500,0.124,0.089,0.786
298000,0.129,0.081,0.790
298500,0.119,0.081,0.800
299000,0.116,0.077,0.807
299500,0.130,0.085,0.786
300000,0.113,0.080,0.807
300500,0.130,0.071,0.799
301000,0.124,0.087,0.789
301500,0.118,0.089,0.792
302000,0.103,0.103,0.793
302500,0.110,0.094,0.796
303000,0.076,0.126,0.798
303500,0.083,0.130,0.788
304000,0.091,0.110,0.799
304500,0.106,0.107,0.786
305000,0.108,0.108,0.783
305500,0.103,0.113,0.783
306000,0.117,0.099,0.784
306500,0.106,0.106,0.787
307000,0.114,0.100,0.786
307500,0.138,0.072,0.789
308000,0.119,0.081,0.800
308500,0.139,0.083,0.778
309000,0.121,0.070,0.808
309500,0.126,0.067,0.807
310000,0.130,0.070,0.800
310500,0.129,0.075,0.795
311000,0.104,0.079,0.817
311500,0.124,0.080,0.796
312000,0.152,0.071,0.777
312500,0.165,0.067,0.768
313000,0.139,0.064,0.798
313500,0.128,0.072,0.800
314000,0.150,0.072,0.778
314500,0.136,0.092,0.772
315000,0.098,0.083,0.820
315500,0.106,0.087,0.807
316000,0.108,0.082,0.810
316500,0.102,0.087,0.810
317000,0.111,0.102,0.787
317500,0.105,0.112,0.783
318000,0.111,0.104,0.785
318500,0.128,0.103,0.770
319000,0.099,0.112,0.789
319500,0.115,0.118,0.767
320000,0.109,0.112,0.779
320500,0.100,0.106,0.794
321000,0.098,0.119,0.783
321500,0.123,0.134,0.744
322000,0.113,0.099,0.788
322500,0.127,0.081,0.792
323000,0.141,0.058,0.802
323500,0.134,0.054,0.812
324000,0.148,0.062,0.790
324500,0.147,0.072,0.781
325000,0.174,0.061,0.764
325500,0.157,0.061,0.782
326000,0.157,0.062,0.782
326500,0.163,0.082,0.755
327000,0.163,0.066,0.772
327500,0.162,0.079,0.760
328000,0.166,0.067,0.768
328500,0.148,0.060,0.791
329000,0.146,0.066,0.788
329500,0.159,0.074,0.767
330000,0.166,0.063,0.771
330500,0.186,0.059,0.756
331000,0.182,0.062,0.756
331500,0.171,0.050,0.779
332000,0.189,0.043,0.768
332500,0.193,0.053,0.754
333000,0.170,0.053,0.776
333500,0.167,0.059,0.774
334000,0.150,0.076,0.773
334500,0.158,0.075,0.766
335000,0.133,0.061,0.806
335500,0.160,0.056,0.784
336000,0.180,0.057,0.764
336500,0.170,0.054,0.776
337000,0.155,0.059,0.786
337500,0.147,0.055,0.797
338000,0.172,0.057,0.772
338500,0.173,0.062,0.764
339000,0.173,0.053,0.774
339500,0.145,0.067,0.788
340000,0.152,0.065,0.783
340500,0.165,0.054,0.781
341000,0.168,0.047,0.785
341500,0.154,0.058,0.788
342000,0.143,0.080,0.777
342500,0.151,0.068,0.780
343000,0.147,0.085,0.768
343500,0.155,0.084,0.761
344000,0.140,0.083,0.777
344500,0.121,0.072,0.806
345000,0.146,0.070,0.783
345500,0.141,0.071,0.788
346000,0.138,0.074,0.788
346500,0.140,0.080,0.780
347000,0.119,0.093,0.787
347500,0.138,0.091,0.771
348000,0.139,0.072,0.789
348500,0.127,0.077,0.795
349000,0.136,0.087,0.777
349500,0.144,0.086,0.769
350000,0.153,0.074,0.772
350500,0.140,0.065,0.796
351000,0.151,0.063,0.786
351500,0.159,0.070,0.771
352000,0.151,0.090,0.758
352500,0.152,0.085,0.763
353000,0.147,0.070,0.783
353500,0.133,0.051,0.816
354000,0.130,0.068,0.802
354500,0.145,0.070,0.784
355000,0.150,0.065,0.784
355500,0.151,0.056,0.793
356000,0.152,0.062,0.786
356500,0.165,0.071,0.763
357000,0.176,0.067,0.756
357500,0.174,0.061,0.764
358000,0.129,0.074,0.796
358500,0.138,0.087,0.774
359000,0.133,0.084,0.783
359500,0.128,0.087,0.785
360000,0.144,0.073,0.783
360500,0.102,0.087,0.810
361000,0.137,0.071,0.792
361500,0.133,0.072,0.794
362000,0.133,0.073,0.793
362500,0.158,0.086,0.756
363000,0.176,0.067,0.758
363500,0.163,0.064,0.774
364000,0.166,0.062,0.772
364500,0.179,0.052,0.769
365000,0.186,0.049,0.765
365500,0.169,0.051,0.780
366000,0.157,0.061,0.781
366500,0.154,0.070,0.776
367000,0.163,0.065,0.772
367500,0.158,0.070,0.772
368000,0.151,0.068,0.780
368500,0.172,0.060,0.768
369000,0.153,0.058,0.789
369500,0.171,0.058,0.772
370000,0.153,0.050,0.796
370500,0.143,0.057,0.800
371000,0.134,0.068,0.799
371500,0.155,0.064,0.781
372000,0.144,0.071,0.785
372500,0.143,0.078,0.779
373000,0.137,0.074,0.789
373500,0.167,0.056,0.777
374000,0.165,0.059,0.777
374500,0.165,0.060,0.775
375000,0.148,0.052,0.799
375500,0.136,0.059,0.804
376000,0.138,0.079,0.783
376500,0.132,0.089,0.779
377000,0.152,0.085,0.763
377500,0.155,0.079,0.766
378000,0.148,0.074,0.777
378500,0.141,0.090,0.769
379000,0.144,0.083,0.773
379500,0.150,0.101,0.749
380000,0.130,0.111,0.759
380500,0.100,0.106,0.794
381000,0.115,0.101,0.785
381500,0.140,0.101,0.760
382000,0.124,0.066,0.810
382500,0.129,0.070,0.801
383000,0.149,0.099,0.752
383500,0.154,0.078,0.768
384000,0.134,0.098,0.769
384500,0.123,0.082,0.795
385000,0.129,0.078,0.793
385500,0.114,0.086,0.800
386000,0.118,0.091,0.790
386500,0.123,0.091,0.785
387000,0.090,0.124,0.785
387500,0.110,0.109,0.781
388000,0.107,0.114,0.779
388500,0.103,0.116,0.781
389000,0.106,0.099,0.795
389500,0.124,0.090,0.785
390000,0.107,0.093,0.799
390500,0.110,0.092,0.798
391000,0.094,0.094,0.812
391500,0.107,0.109,0.784
392000,0.104,0.103,0.792
392500,0.111,0.110,0.779
393000,0.124,0.094,0.781
393500,0.093,0.086,0.820
394000,0.119,0.082,0.799
394500,0.121,0.086,0.793
395000,0.118,0.080,0.802
395500,0.110,0.095,0.796
396000,0.115,0.090,0.795
396500,0.123,0.082,0.795
397000,0.096,0.096,0.808
397500,0.116,0.073,0.811
398000,0.118,0.081,0.801
398500,0.147,0.073,0.780
399000,0.135,0.080,0.785
399500,0.122,0.071,0.806
400000,0.141,0.070,0.788
400500,0.144,0.056,0.799
401000,0.175,0.057,0.768
401500,0.155,0.055,0.789
402000,0.168,0.057,0.775
402500,0.184,0.059,0.757
403000,0.180,0.072,0.748
403500,0.168,0.068,0.764
404000,0.168,0.064,0.768
404500,0.168,0.062,0.769
405000,0.161,0.044,0.795
405500,0.169,0.041,0.791
406000,0.166,0.051,0.782
406500,0.175,0.053,0.771
407000,0.159,0.053,0.788
407500,0.153,0.067,0.780
408000,0.142,0.077,0.780
408500,0.138,0.077,0.786
409000,0.129,0.073,0.798
409500,0.152,0.076,0.772
410000,0.144,0.069,0.786
410500,0.147,0.062,0.790
411000,0.173,0.056,0.771
411500,0.170,0.045,0.785
412000,0.175,0.053,0.771
412500,0.163,0.062,0.774
413000,0.168,0.062,0.770
413500,0.162,0.069,0.770
414000,0.155,0.081,0.764
414500,0.139,0.072,0.789
415000,0.169,0.049,0.782
415500,0.159,0.059,0.782
416000,0.154,0.062,0.783
416500,0.133,0.085,0.782
417000,0.128,0.094,0.778
417500,0.135,0.072,0.792
418000,0.139,0.081,0.780
418500,0.141,0.090,0.768
419000,0.134,0.072,0.794
419500,0.133,0.084,0.783
420000,0.128,0.096,0.777
420500,0.125,0.083,0.792
421000,0.163,0.078,0.760
421500,0.149,0.080,0.771
422000,0.131,0.076,0.793
422500,0.126,0.085,0.789
423000,0.130,0.071,0.799
423500,0.143,0.082,0.775
424000,0.138,0.083,0.780
424500,0.151,0.070,0.778
425000,0.170,0.059,0.772
425500,0.171,0.056,0.773
426000,0.151,0.048,0.801
426500,0.186,0.051,0.763
427000,0.185,0.059,0.755
427500,0.160,0.077,0.763
428000,0.143,0.071,0.786
428500,0.139,0.056,0.805
429000,0.138,0.072,0.789
429500,0.141,0.060,0.799
430000,0.142,0.062,0.795
430500,0.160,0.066,0.775
431000,0.152,0.059,0.789
431500,0.152,0.057,0.791
432000,0.173,0.059,0.767
432500,0.165,0.067,0.768
433000,0.151,0.070,0.779
433500,0.153,0.074,0.773
434000,0.136,0.074,0.789
434500,0.117,0.087,0.795
435000,0.113,0.087,0.800
435500,0.133,0.073,0.794
436000,0.137,0.081,0.782
436500,0.123,0.084,0.793
437000,0.111,0.088,0.800
437500,0.115,0.087,0.798
438000,0.118,0.089,0.792
438500,0.140,0.076,0.784
439000,0.146,0.068,0.786
439500,0.165,0.064,0.771
440000,0.168,0.056,0.776
440500,0.158,0.056,0.786
441000,0.171,0.059,0.769
441500,0.173,0.058,0.769
442000,0.177,0.076,0.747
442500,0.174,0.068,0.758
443000,0.161,0.068,0.771
443500,0.158,0.067,0.776
444000,0.146,0.068,0.786
444500,0.146,0.079,0.775
445000,0.143,0.092,0.765
445500,0.138,0.080,0.782
446000,0.145,0.080,0.775
446500,0.146,0.068,0.786
447000,0.153,0.060,0.786
447500,0.162,0.052,0.786
448000,0.137,0.069,0.795
448500,0.163,0.056,0.781
449000,0.166,0.068,0.766
449500,0.160,0.061,0.779
450000,0.150,0.064,0.786
450500,0.163,0.063,0.774
451000,0.157,0.045,0.797
451500,0.155,0.043,0.801
452000,0.153,0.066,0.780
452500,0.157,0.055,0.788
453000,0.172,0.051,0.776
453500,0.162,0.058,0.780
454000,0.138,0.077,0.785
454500,0.136,0.086,0.778
455000,0.150,0.073,0.776
455500,0.146,0.068,0.786
456000,0.159,0.055,0.786
456500,0.147,0.064,0.788
457000,0.132,0.069,0.800
457500,0.145,0.068,0.787
458000,0.146,0.068,0.786
458500,0.141,0.070,0.789
459000,0.136,0.077,0.788
459500,0.124,0.064,0.812
460000,0.130,0.082,0.788
460500,0.125,0.079,0.796
461000,0.127,0.074,0.799
461500,0.137,0.070,0.794
462000,0.119,0.083,0.798
462500,0.122,0.093,0.784
463000,0.128,0.089,0.783
463500,0.115,0.090,0.795
464000,0.115,0.107,0.778
464500,0.131,0.103,0.766
465000,0.115,0.085,0.800
465500,0.142,0.083,0.775
466000,0.160,0.086,0.754
466500,0.156,0.071,0.772
467000,0.154,0.081,0.765
467500,0.165,0.070,0.765
468000,0.142,0.079,0.779
468500,0.140,0.071,0.789
469000,0.154,0.065,0.780
469500,0.155,0.075,0.770
470000,0.164,0.065,0.771
470500,0.149,0.070,0.781
471000,0.140,0.074,0.786
471500,0.137,0.080,0.783
472000,0.149,0.081,0.770
472500,0.140,0.087,0.774
473000,0.145,0.097,0.758
473500,0.128,0.084,0.788
474000,0.150,0.074,0.776
474500,0.173,0.070,0.756
475000,0.159,0.060,0.781
475500,0.148,0.075,0.776
476000,0.123,0.056,0.821
476500,0.134,0.067,0.800
477000,0.134,0.094,0.773
477500,0.126,0.099,0.775
478000,0.114,0.097,0.789
478500,0.118,0.113,0.769
479000,0.120,0.111,0.768
479500,0.111,0.093,0.795
480000,0.093,0.106,0.800
480500,0.091,0.118,0.790
481000,0.099,0.111,0.790
481500,0.099,0.115,0.786
482000,0.105,0.095,0.799
482500,0.115,0.104,0.780
483000,0.114,0.113,0.773
483500,0.109,0.104,0.786
484000,0.119,0.095,0.786
484500,0.122,0.126,0.752
485000,0.101,0.120,0.779
485500,0.077,0.127,0.795
486000,0.084,0.123,0.793
486500,0.096,0.148,0.756
487000,0.083,0.130,0.788
487500,0.074,0.133,0.793
488000,0.094,0.138,0.768
488500,0.084,0.135,0.781
489000,0.093,0.143,0.763
489500,0.083,0.120,0.796
490000,0.088,0.123,0.789
490500,0.099,0.111,0.791
491000,0.100,0.128,0.772
491500,0.084,0.138,0.778
492000,0.065,0.123,0.812
492500,0.068,0.145,0.786
493000,0.069,0.138,0.793
493500,0.074,0.128,0.798
494000,0.077,0.136,0.787
494500,0.095,0.119,0.786
495000,0.091,0.144,0.765
495500,0.101,0.132,0.768
496000,0.089,0.107,0.803
496500,0.098,0.120,0.782
497000,0.112,0.117,0.770
497500,0.108,0.124,0.767
498000,0.119,0.103,0.778
498500,0.140,0.074,0.787
499000,0.155,0.073,0.771
499500,0.158,0.059,0.784
500000,0.168,0.054,0.777
500500,0.163,0.051,0.786
501000,0.135,0.064,0.802
501500,0.160,0.066,0.774
502000,0.156,0.055,0.789
502500,0.172,0.057,0.770
503000,0.176,0.054,0.770
503500,0.165,0.071,0.764
504000,0.153,0.062,0.784
504500,0.151,0.070,0.779
505000,0.162,0.069,0.770
505500,0.148,0.079,0.773
506000,0.110,0.100,0.790
506500,0.120,0.095,0.785
507000,0.108,0.102,0.789
507500,0.103,0.099,0.797
508000,0.108,0.091,0.801
508500,0.120,0.100,0.780
509000,0.095,0.100,0.806
509500,0.102,0.098,0.800
510000,0.113,0.087,0.800
510500,0.123,0.078,0.799
511000,0.138,0.082,0.781
511500,0.123,0.061,0.816
512000,0.144,0.071,0.785
512500,0.138,0.076,0.787
513000,0.126,0.090,0.785
513500,0.137,0.096,0.767
514000,0.118,0.082,0.799
514500,0.134,0.091,0.776
515000,0.118,0.094,0.787
515500,0.120,0.074,0.805
516000,0.135,0.093,0.771
516500,0.141,0.088,0.770
517000,0.122,0.099,0.779
517500,0.139,0.089,0.772
518000,0.127,0.093,0.780
518500,0.113,0.100,0.787
519000,0.119,0.113,0.768
519500,0.118,0.101,0.781
520000,0.145,0.091,0.764
520500,0.138,0.081,0.782
521000,0.133,0.070,0.797
521500,0.156,0.078,0.766
522000,0.146,0.076,0.777
522500,0.132,0.083,0.785
523000,0.122,0.095,0.783
523500,0.111,0.094,0.795
524000,0.111,0.103,0.785
524500,0.109,0.101,0.790
525000,0.134,0.095,0.772
525500,0.137,0.094,0.769
526000,0.145,0.061,0.794
526500,0.165,0.065,0.771
527000,0.174,0.059,0.768
527500,0.179,0.064,0.757
528000,0.154,0.059,0.787
528500,0.151,0.065,0.784
529000,0.168,0.075,0.756
529500,0.142,0.066,0.792
530000,0.135,0.083,0.783
530500,0.117,0.098,0.785
531000,0.126,0.100,0.775
531500,0.103,0.086,0.810
532000,0.117,0.105,0.777
532500,0.116,0.098,0.787
533000,0.094,0.118,0.788
533500,0.102,0.113,0.785
534000,0.102,0.098,0.800
534500,0.116,0.102,0.782
535000,0.117,0.087,0.796
535500,0.136,0.082,0.782
536000,0.123,0.079,0.798
536500,0.131,0.101,0.768
537000,0.116,0.094,0.790
537500,0.123,0.082,0.795
538000,0.125,0.092,0.782
538500,0.123,0.108,0.769
539000,0.142,0.105,0.752
539500,0.127,0.095,0.778
540000,0.122,0.092,0.785
540500,0.113,0.103,0.784
541000,0.125,0.118,0.756
541500,0.104,0.113,0.783
542000,0.095,0.141,0.764
542500,0.086,0.117,0.796
543000,0.107,0.129,0.764
543500,0.104,0.102,0.793
544000,0.128,0.100,0.773
544500,0.113,0.098,0.789
545000,0.117,0.102,0.781
545500,0.135,0.093,0.772
546000,0.118,0.109,0.772
546500,0.122,0.084,0.794
547000,0.123,0.096,0.781
547500,0.126,0.075,0.799
548000,0.112,0.071,0.817
548500,0.128,0.083,0.789
549000,0.148,0.097,0.755
549500,0.160,0.076,0.765
550000,0.138,0.089,0.773
550500,0.146,0.070,0.783
551000,0.133,0.077,0.790
551500,0.123,0.073,0.804
552000,0.153,0.068,0.779
552500,0.167,0.062,0.771
553000,0.186,0.053,0.760
553500,0.170,0.064,0.766
554000,0.181,0.059,0.759
554500,0.177,0.068,0.754
555000,0.157,0.064,0.780
555500,0.147,0.085,0.768
556000,0.153,0.080,0.767
556500,0.154,0.070,0.776
557000,0.130,0.070,0.800
557500,0.130,0.076,0.794
558000,0.143,0.077,0.780
558500,0.127,0.083,0.790
559000,0.128,0.079,0.793
559500,0.120,0.088,0.792
560000,0.123,0.103,0.773
560500,0.108,0.113,0.778
561000,0.112,0.094,0.794
561500,0.113,0.108,0.779
562000,0.158,0.083,0.759
562500,0.123,0.077,0.799
563000,0.148,0.073,0.778
563500,0.123,0.068,0.808
564000,0.132,0.072,0.796
564500,0.134,0.073,0.794
565000,0.137,0.079,0.785
565500,0.142,0.068,0.790
566000,0.167,0.076,0.758
566500,0.151,0.072,0.776
567000,0.172,0.065,0.763
567500,0.172,0.059,0.768
568000,0.174,0.071,0.755
568500,0.168,0.065,0.767
569000,0.153,0.073,0.774
569500,0.117,0.070,0.813
570000,0.147,0.051,0.801
570500,0.151,0.048,0.800
571000,0.145,0.062,0.792
571500,0.145,0.060,0.794
572000,0.133,0.083,0.784
572500,0.135,0.074,0.791
573000,0.138,0.091,0.770
573500,0.146,0.085,0.769
574000,0.162,0.073,0.765
574500,0.153,0.079,0.768
575000,0.156,0.071,0.773
575500,0.161,0.100,0.740
576000,0.137,0.095,0.769
576500,0.123,0.110,0.767
577000,0.145,0.096,0.759
577500,0.143,0.099,0.758
578000,0.128,0.096,0.776
578500,0.135,0.081,0.785
579000,0.149,0.067,0.784
579500,0.138,0.083,0.779
580000,0.129,0.079,0.792
580500,0.135,0.074,0.791
581000,0.147,0.069,0.784
581500,0.172,0.064,0.764
582000,0.171,0.084,0.746
582500,0.152,0.067,0.780
583000,0.158,0.059,0.783
583500,0.187,0.057,0.756
584000,0.183,0.056,0.761
584500,0.168,0.052,0.779
585000,0.169,0.053,0.778
585500,0.169,0.049,0.782
586000,0.174,0.053,0.772
586500,0.169,0.052,0.779
587000,0.162,0.048,0.791
587500,0.166,0.063,0.771
588000,0.147,0.070,0.782
588500,0.152,0.077,0.771
589000,0.157,0.095,0.748
589500,0.123,0.097,0.780
590000,0.116,0.099,0.785
590500,0.126,0.089,0.785
591000,0.129,0.090,0.781
591500,0.117,0.068,0.815
592000,0.131,0.081,0.788
592500,0.114,0.086,0.800
593000,0.106,0.101,0.792
593500,0.101,0.108,0.791
594000,0.097,0.103,0.800
594500,0.112,0.102,0.785
595000,0.124,0.112,0.764
595500,0.103,0.119,0.777
596000,0.108,0.133,0.759
596500,0.136,0.095,0.770
597000,0.128,0.089,0.783
597500,0.119,0.079,0.802
598000,0.136,0.087,0.776
598500,0.140,0.083,0.777
599000,0.139,0.095,0.766
599500,0.135,0.082,0.784
600000,0.108,0.099,0.793
600500,0.114,0.086,0.800
601000,0.104,0.081,0.815
601500,0.121,0.069,0.810
602000,0.110,0.072,0.819
602500,0.127,0.082,0.792
603000,0.125,0.086,0.789
603500,0.130,0.086,0.785
604000,0.139,0.081,0.781
604500,0.144,0.075,0.780
605000,0.150,0.068,0.782
605500,0.134,0.070,0.796
606000,0.136,0.063,0.801
606500,0.160,0.069,0.772
607000,0.144,0.051,0.804
607500,0.136,0.070,0.794
608000,0.150,0.071,0.778
608500,0.161,0.064,0.775
609000,0.176,0.051,0.772
609500,0.175,0.071,0.753
610000,0.145,0.085,0.770
610500,0.143,0.069,0.788
611000,0.131,0.093,0.776
611500,0.133,0.093,0.774
612000,0.172,0.079,0.749
612500,0.152,0.066,0.782
613000,0.172,0.063,0.766
613500,0.163,0.071,0.766
614000,0.163,0.059,0.778
614500,0.170,0.048,0.782
615000,0.171,0.049,0.780
615500,0.184,0.053,0.763
616000,0.169,0.059,0.772
616500,0.168,0.059,0.773
617000,0.143,0.059,0.798
617500,0.140,0.063,0.798
618000,0.122,0.059,0.819
618500,0.130,0.060,0.810
619000,0.135,0.070,0.795
619500,0.158,0.069,0.773
620000,0.152,0.058,0.789
620500,0.169,0.049,0.783
621000,0.183,0.038,0.779
621500,0.172,0.043,0.784
622000,0.148,0.060,0.792
622500,0.155,0.057,0.788
623000,0.147,0.072,0.780
623500,0.162,0.070,0.768
624000,0.159,0.052,0.789
624500,0.159,0.070,0.770
625000,0.160,0.061,0.778
625500,0.173,0.057,0.770
626000,0.161,0.053,0.785
626500,0.150,0.059,0.790
627000,0.157,0.053,0.790
627500,0.157,0.051,0.792
628000,0.160,0.048,0.792
628500,0.160,0.056,0.784
629000,0.163,0.062,0.774
629500,0.154,0.058,0.788
630000,0.153,0.068,0.779
630500,0.159,0.070,0.770
631000,0.144,0.068,0.788
631500,0.141,0.074,0.785
632000,0.154,0.070,0.776
632500,0.167,0.082,0.751
633000,0.183,0.071,0.746
633500,0.177,0.059,0.764
634000,0.164,0.051,0.785
634500,0.170,0.051,0.779
635000,0.175,0.067,0.758
635500,0.195,0.059,0.745
636000,0.168,0.073,0.758
636500,0.174,0.069,0.757
637000,0.148,0.076,0.775
637500,0.135,0.074,0.791
638000,0.130,0.083,0.787
638500,0.149,0.072,0.778
639000,0.142,0.061,0.796
639500,0.157,0.066,0.778
640000,0.147,0.052,0.800
640500,0.158,0.056,0.786
641000,0.170,0.050,0.780
641500,0.154,0.046,0.799
642000,0.160,0.070,0.770
642500,0.130,0.070,0.800
643000,0.148,0.052,0.800
643500,0.169,0.056,0.776
644000,0.177,0.044,0.778
644500,0.185,0.058,0.756
645000,0.182,0.052,0.765
645500,0.173,0.050,0.777
646000,0.196,0.059,0.746
646500,0.174,0.063,0.763
647000,0.163,0.069,0.768
647500,0.166,0.065,0.770
648000,0.167,0.059,0.775
648500,0.163,0.055,0.782
649000,0.172,0.050,0.778
649500,0.179,0.040,0.780
650000,0.199,0.037,0.764
650500,0.179,0.036,0.785
651000,0.173,0.058,0.769
651500,0.169,0.043,0.788
652000,0.160,0.039,0.801
652500,0.163,0.050,0.787
653000,0.168,0.062,0.770
653500,0.168,0.045,0.786
654000,0.195,0.053,0.751
654500,0.176,0.058,0.766
655000,0.168,0.049,0.783
655500,0.185,0.053,0.762
656000,0.153,0.067,0.780
656500,0.154,0.075,0.770
657000,0.152,0.057,0.791
657500,0.163,0.057,0.780
658000,0.161,0.062,0.777
658500,0.146,0.067,0.786
659000,0.147,0.060,0.792
659500,0.139,0.090,0.771
660000,0.127,0.090,0.783
660500,0.096,0.085,0.820
661000,0.081,0.117,0.802
661500,0.090,0.111,0.799
662000,0.109,0.116,0.775
662500,0.105,0.102,0.792
663000,0.121,0.100,0.779
663500,0.118,0.075,0.806
664000,0.122,0.075,0.802
664500,0.114,0.073,0.814
665000,0.137,0.061,0.802
665500,0.149,0.066,0.784
666000,0.144,0.075,0.781
666500,0.155,0.072,0.773
667000,0.179,0.073,0.747
667500,0.146,0.070,0.784
668000,0.150,0.081,0.769
668500,0.166,0.054,0.780
669000,0.148,0.067,0.785
669500,0.131,0.061,0.807
670000,0.127,0.075,0.797
670500,0.132,0.080,0.788
671000,0.130,0.076,0.793
671500,0.133,0.084,0.783
672000,0.131,0.083,0.786
672500,0.126,0.090,0.785
673000,0.107,0.095,0.798
673500,0.107,0.100,0.793
674000,0.118,0.113,0.769
674500,0.106,0.089,0.804
675000,0.112,0.094,0.794
675500,0.137,0.090,0.773
676000,0.125,0.096,0.779
676500,0.117,0.113,0.770
677000,0.118,0.090,0.791
677500,0.097,0.105,0.798
678000,0.112,0.110,0.779
678500,0.102,0.086,0.812
679000,0.115,0.098,0.787
679500,0.119,0.090,0.790
680000,0.112,0.072,0.816
680500,0.111,0.098,0.791
681000,0.122,0.090,0.788
681500,0.104,0.090,0.805
682000,0.087,0.114,0.799
682500,0.093,0.107,0.799
683000,0.099,0.095,0.806
683500,0.117,0.095,0.788
684000,0.122,0.120,0.758
684500,0.105,0.114,0.781
685000,0.096,0.120,0.784
685500,0.084,0.121,0.795
686000,0.100,0.113,0.787
686500,0.103,0.115,0.782
687000,0.093,0.113,0.793
687500,0.078,0.151,0.771
688000,0.087,0.147,0.766
688500,0.091,0.145,0.763
689000,0.080,0.145,0.775
689500,0.080,0.122,0.798
690000,0.094,0.117,0.788
690500,0.105,0.130,0.764
691000,0.090,0.123,0.787
691500,0.091,0.119,0.789
692000,0.096,0.134,0.770
692500,0.086,0.123,0.790
693000,0.096,0.113,0.791
693500,0.080,0.127,0.793
694000,0.085,0.117,0.798
694500,0.105,0.103,0.792
695000,0.087,0.129,0.783
695500,0.101,0.147,0.752
696000,0.102,0.137,0.762
696500,0.108,0.133,0.760
697000,0.095,0.111,0.795
697500,0.096,0.088,0.817
698000,0.115,0.083,0.803
698500,0.119,0.067,0.814
699000,0.119,0.092,0.789
699500,0.127,0.098,0.775
700000,0.119,0.098,0.783
700500,0.125,0.093,0.781
701000,0.102,0.100,0.797
701500,0.095,0.106,0.798
702000,0.106,0.093,0.800
702500,0.114,0.086,0.800
703000,0.113,0.091,0.796
703500,0.117,0.093,0.789
704000,0.119,0.097,0.784
704500,0.095,0.123,0.782
705000,0.098,0.117,0.785
705500,0.097,0.120,0.782
706000,0.089,0.127,0.784
706500,0.093,0.109,0.797
707000,0.101,0.118,0.781
707500,0.099,0.116,0.785
708000,0.076,0.121,0.802
708500,0.089,0.118,0.792
709000,0.087,0.111,0.802
709500,0.101,0.122,0.777
710000,0.098,0.129,0.773
710500,0.080,0.124,0.796
711000,0.096,0.122,0.782
711500,0.086,0.133,0.782
712000,0.090,0.141,0.768
712500,0.097,0.155,0.748
713000,0.083,0.128,0.789
713500,0.084,0.126,0.790
714000,0.093,0.097,0.810
714500,0.106,0.100,0.794
715000,0.086,0.107,0.807
715500,0.104,0.098,0.798
716000,0.102,0.102,0.796
716500,0.091,0.132,0.778
717000,0.082,0.133,0.785
717500,0.082,0.126,0.792
718000,0.091,0.128,0.780
718500,0.081,0.108,0.810
719000,0.092,0.123,0.785
719500,0.097,0.117,0.787
720000,0.101,0.139,0.760
720500,0.123,0.141,0.736
721000,0.101,0.134,0.766
721500,0.114,0.108,0.778
722000,0.102,0.096,0.802
722500,0.117,0.107,0.776
723000,0.117,0.117,0.766
723500,0.102,0.101,0.797
724000,0.081,0.109,0.810
724500,0.099,0.099,0.802
725000,0.097,0.109,0.794
725500,0.106,0.085,0.808
726000,0.117,0.099,0.784
726500,0.094,0.127,0.779
727000,0.105,0.118,0.776
727500,0.092,0.110,0.797
728000,0.085,0.126,0.790
728500,0.094,0.118,0.788
729000,0.098,0.132,0.770
729500,0.100,0.113,0.787
730000,0.094,0.099,0.807
730500,0.114,0.090,0.796
731000,0.103,0.103,0.793
731500,0.095,0.112,0.794
732000,0.083,0.125,0.792
732500,0.090,0.142,0.768
733000,0.086,0.127,0.787
733500,0.084,0.121,0.795
734000,0.086,0.113,0.801
734500,0.089,0.109,0.801
735000,0.087,0.108,0.804
735500,0.088,0.138,0.773
736000,0.101,0.119,0.780
736500,0.110,0.106,0.783
737000,0.130,0.098,0.773
737500,0.111,0.094,0.795
738000,0.089,0.112,0.799
738500,0.089,0.132,0.778
739000,0.076,0.114,0.809
739500,0.107,0.113,0.779
740000,0.092,0.116,0.792
740500,0.084,0.122,0.794
741000,0.084,0.135,0.781
741500,0.089,0.125,0.785
742000,0.102,0.124,0.774
742500,0.090,0.137,0.773
743000,0.086,0.151,0.762
743500,0.085,0.129,0.787
744000,0.105,0.126,0.768
744500,0.102,0.124,0.773
745000,0.092,0.116,0.792
745500,0.093,0.109,0.797
746000,0.094,0.115,0.791
746500,0.107,0.120,0.772
747000,0.101,0.111,0.788
747500,0.098,0.124,0.778
748000,0.095,0.119,0.786
748500,0.101,0.124,0.775
749000,0.103,0.113,0.784
749500,0.125,0.103,0.771
750000,0.121,0.093,0.785
750500,0.135,0.094,0.771
751000,0.126,0.098,0.777
751500,0.134,0.101,0.766
752000,0.136,0.088,0.776
752500,0.114,0.087,0.799
753000,0.121,0.082,0.797
753500,0.144,0.089,0.766
754000,0.136,0.074,0.790
754500,0.137,0.065,0.798
755000,0.117,0.079,0.804
755500,0.103,0.089,0.807
756000,0.101,0.091,0.808
756500,0.127,0.091,0.782
757000,0.136,0.091,0.773
757500,0.133,0.097,0.771
758000,0.160,0.081,0.760
758500,0.160,0.070,0.770
759000,0.171,0.062,0.767
759500,0.188,0.050,0.763
760000,0.201,0.057,0.742
760500,0.176,0.057,0.768
761000,0.155,0.077,0.767
761500,0.169,0.070,0.761
762000,0.174,0.072,0.754
762500,0.140,0.070,0.790
763000,0.146,0.074,0.780
763500,0.141,0.071,0.788
764000,0.148,0.071,0.781
764500,0.139,0.087,0.774
765000,0.143,0.085,0.772
765500,0.129,0.068,0.803
766000,0.158,0.057,0.785
766500,0.138,0.061,0.801
767000,0.142,0.070,0.788
767500,0.128,0.070,0.802
768000,0.137,0.073,0.790
768500,0.145,0.069,0.786
769000,0.143,0.076,0.780
769500,0.142,0.075,0.783
770000,0.139,0.084,0.777
770500,0.143,0.088,0.768
771000,0.132,0.084,0.785
771500,0.113,0.071,0.816
772000,0.128,0.076,0.797
772500,0.163,0.064,0.773
773000,0.138,0.067,0.795
773500,0.124,0.066,0.810
774000,0.171,0.061,0.768
774500,0.155,0.068,0.777
775000,0.152,0.079,0.769
775500,0.137,0.090,0.773
776000,0.135,0.106,0.758
776500,0.137,0.088,0.775
777000,0.117,0.087,0.795
777500,0.134,0.072,0.795
778000,0.122,0.076,0.801
778500,0.113,0.079,0.808
779000,0.132,0.100,0.768
779500,0.123,0.097,0.780
780000,0.134,0.102,0.765
780500,0.131,0.118,0.751
781000,0.114,0.101,0.785
781500,0.122,0.104,0.774
782000,0.104,0.108,0.787
782500,0.097,0.095,0.809
783000,0.107,0.100,0.793
783500,0.113,0.111,0.776
784000,0.098,0.100,0.802
784500,0.120,0.093,0.786
785000,0.150,0.077,0.773
785500,0.152,0.072,0.775
786000,0.135,0.086,0.779
786500,0.136,0.077,0.787
787000,0.130,0.090,0.779
787500,0.127,0.086,0.786
788000,0.156,0.068,0.776
788500,0.149,0.061,0.790
789000,0.123,0.074,0.803
789500,0.124,0.081,0.795
790000,0.127,0.096,0.778
790500,0.113,0.092,0.795
791000,0.137,0.082,0.782
791500,0.133,0.082,0.785
792000,0.134,0.084,0.783
792500,0.110,0.098,0.792
793000,0.098,0.112,0.790
793500,0.090,0.115,0.795
794000,0.093,0.115,0.792
794500,0.118,0.096,0.786
795000,0.108,0.102,0.789
795500,0.134,0.111,0.756
796000,0.157,0.067,0.776
796500,0.158,0.065,0.777
797000,0.158,0.052,0.790
797500,0.138,0.055,0.807
798000,0.141,0.061,0.797
798500,0.164,0.068,0.769
799000,0.176,0.062,0.762
799500,0.182,0.046,0.772
800000,0.171,0.054,0.774
800500,0.154,0.074,0.771
801000,0.153,0.073,0.774
801500,0.140,0.068,0.792
802000,0.129,0.059,0.812
802500,0.148,0.061,0.790
803000,0.163,0.064,0.774
803500,0.160,0.071,0.770
804000,0.157,0.071,0.772
804500,0.133,0.091,0.776
805000,0.124,0.085,0.791
805500,0.117,0.108,0.775
806000,0.128,0.105,0.768
806500,0.114,0.088,0.798
807000,0.124,0.079,0.797
807500,0.120,0.083,0.797
808000,0.125,0.085,0.790
808500,0.114,0.085,0.801
809000,0.116,0.121,0.763
809500,0.091,0.130,0.779
810000,0.073,0.123,0.803
810500,0.108,0.130,0.762
811000,0.099,0.114,0.787
811500,0.080,0.128,0.793
812000,0.098,0.119,0.783
812500,0.122,0.107,0.770
813000,0.131,0.095,0.774
813500,0.130,0.092,0.778
814000,0.136,0.093,0.772
814500,0.131,0.070,0.800
815000,0.142,0.065,0.793
815500,0.182,0.065,0.754
816000,0.180,0.060,0.760
816500,0.155,0.054,0.790
817000,0.136,0.078,0.786
817500,0.124,0.072,0.803
818000,0.131,0.070,0.798
818500,0.123,0.088,0.788
819000,0.130,0.111,0.759
819500,0.127,0.101,0.772
820000,0.141,0.086,0.774
820500,0.128,0.070,0.802
821000,0.140,0.074,0.786
821500,0.143,0.081,0.776
822000,0.141,0.069,0.790
822500,0.142,0.055,0.803
823000,0.138,0.044,0.818
823500,0.152,0.063,0.784
824000,0.164,0.081,0.755
824500,0.167,0.072,0.762
825000,0.152,0.083,0.765
825500,0.142,0.061,0.796
826000,0.150,0.058,0.792
826500,0.145,0.053,0.801
827000,0.145,0.059,0.796
827500,0.142,0.079,0.779
828000,0.141,0.086,0.773
828500,0.166,0.069,0.765
829000,0.167,0.077,0.755
829500,0.183,0.055,0.762
830000,0.152,0.059,0.789
830500,0.163,0.050,0.788
831000,0.167,0.050,0.783
831500,0.179,0.068,0.753
832000,0.193,0.052,0.755
832500,0.163,0.059,0.778
833000,0.160,0.065,0.776
833500,0.169,0.062,0.768
834000,0.143,0.065,0.792
834500,0.139,0.064,0.798
835000,0.155,0.065,0.780
835500,0.123,0.076,0.801
836000,0.122,0.081,0.797
836500,0.139,0.086,0.776
837000,0.146,0.068,0.786
837500,0.152,0.072,0.776
838000,0.145,0.067,0.788
838500,0.160,0.077,0.763
839000,0.167,0.080,0.753
839500,0.146,0.074,0.780
840000,0.158,0.076,0.766
840500,0.168,0.061,0.771
841000,0.176,0.077,0.747
841500,0.155,0.083,0.762
842000,0.132,0.081,0.788
842500,0.149,0.082,0.769
843000,0.157,0.064,0.780
843500,0.181,0.065,0.754
844000,0.166,0.070,0.764
844500,0.155,0.081,0.764
845000,0.166,0.063,0.772
845500,0.157,0.060,0.783
846000,0.173,0.052,0.774
846500,0.181,0.061,0.758
847000,0.173,0.071,0.755
847500,0.161,0.045,0.793
848000,0.157,0.069,0.774
848500,0.165,0.070,0.764
849000,0.155,0.070,0.775
849500,0.139,0.068,0.794
850000,0.164,0.065,0.771
850500,0.181,0.060,0.759
851000,0.164,0.071,0.764
851500,0.160,0.068,0.772
852000,0.161,0.075,0.765
852500,0.158,0.082,0.761
853000,0.155,0.078,0.767
853500,0.142,0.084,0.774
854000,0.146,0.071,0.782
854500,0.145,0.064,0.791
855000,0.149,0.069,0.782
855500,0.139,0.073,0.788
856000,0.142,0.065,0.793
856500,0.143,0.059,0.798
857000,0.131,0.079,0.791
857500,0.149,0.072,0.779
858000,0.163,0.074,0.764
858500,0.134,0.077,0.790
859000,0.141,0.064,0.795
859500,0.149,0.073,0.777
860000,0.138,0.089,0.774
860500,0.141,0.075,0.784
861000,0.161,0.064,0.775
861500,0.172,0.054,0.774
862000,0.184,0.053,0.763
862500,0.189,0.054,0.757
863000,0.178,0.057,0.765
863500,0.202,0.057,0.742
864000,0.192,0.053,0.755
864500,0.197,0.057,0.746
865000,0.167,0.040,0.794
865500,0.147,0.047,0.806
866000,0.167,0.046,0.787
866500,0.198,0.059,0.744
867000,0.170,0.067,0.763
867500,0.170,0.048,0.782
868000,0.187,0.050,0.763
868500,0.188,0.058,0.755
869000,0.187,0.050,0.763
869500,0.176,0.054,0.769
870000,0.173,0.065,0.762
870500,0.170,0.065,0.765
871000,0.169,0.061,0.770
871500,0.181,0.058,0.761
872000,0.177,0.053,0.769
872500,0.172,0.065,0.764
873000,0.163,0.070,0.766
873500,0.156,0.068,0.776
874000,0.143,0.067,0.790
874500,0.146,0.074,0.779
875000,0.144,0.073,0.782
875500,0.145,0.070,0.784
876000,0.131,0.058,0.811
876500,0.126,0.067,0.807
877000,0.137,0.071,0.792
877500,0.144,0.062,0.793
878000,0.151,0.067,0.782
878500,0.123,0.056,0.821
879000,0.135,0.058,0.807
879500,0.163,0.071,0.765
880000,0.175,0.073,0.752
880500,0.164,0.058,0.778
881000,0.159,0.045,0.796
881500,0.160,0.064,0.777
882000,0.169,0.070,0.761
882500,0.153,0.082,0.765
883000,0.159,0.066,0.776
883500,0.137,0.062,0.800
884000,0.126,0.087,0.787
884500,0.147,0.076,0.777
885000,0.143,0.075,0.781
885500,0.141,0.069,0.790
886000,0.160,0.057,0.783
886500,0.159,0.062,0.779
887000,0.161,0.084,0.755
887500,0.138,0.081,0.782
888000,0.128,0.086,0.786
888500,0.155,0.064,0.781
889000,0.153,0.076,0.771
889500,0.162,0.071,0.768
890000,0.153,0.085,0.762
890500,0.142,0.085,0.773
891000,0.158,0.080,0.762
891500,0.132,0.069,0.799
892000,0.119,0.072,0.809
892500,0.123,0.076,0.800
893000,0.118,0.076,0.805
893500,0.135,0.076,0.789
894000,0.168,0.071,0.762
894500,0.146,0.060,0.794
895000,0.152,0.057,0.790
895500,0.145,0.049,0.806
896000,0.153,0.054,0.792
896500,0.140,0.066,0.794
897000,0.148,0.064,0.788
897500,0.163,0.090,0.747
898000,0.141,0.082,0.777
898500,0.151,0.072,0.777
899000,0.133,0.077,0.790
899500,0.123,0.066,0.811
900000,0.118,0.076,0.805
900500,0.130,0.102,0.769
901000,0.124,0.096,0.780
901500,0.112,0.087,0.801
902000,0.102,0.070,0.827
902500,0.112,0.080,0.809
903000,0.123,0.082,0.795
903500,0.117,0.090,0.793
904000,0.136,0.076,0.788
904500,0.145,0.064,0.791
905000,0.161,0.057,0.783
905500,0.144,0.064,0.792
906000,0.140,0.092,0.767
906500,0.123,0.083,0.794
907000,0.124,0.093,0.782
907500,0.143,0.074,0.783
908000,0.143,0.101,0.756
908500,0.117,0.085,0.798
909000,0.122,0.107,0.771
909500,0.122,0.102,0.776
910000,0.129,0.105,0.766
910500,0.110,0.106,0.784
911000,0.119,0.078,0.803
911500,0.143,0.055,0.802
912000,0.160,0.067,0.774
912500,0.140,0.072,0.787
913000,0.128,0.088,0.785
913500,0.126,0.103,0.771
914000,0.123,0.084,0.793
914500,0.126,0.090,0.783
915000,0.111,0.079,0.810
915500,0.123,0.094,0.783
916000,0.121,0.083,0.796
916500,0.128,0.086,0.786
917000,0.119,0.097,0.784
917500,0.133,0.094,0.773
918000,0.137,0.093,0.770
918500,0.124,0.088,0.787
919000,0.139,0.073,0.787
919500,0.145,0.079,0.776
920000,0.126,0.079,0.796
920500,0.130,0.059,0.810
921000,0.126,0.078,0.796
921500,0.136,0.088,0.777
922000,0.152,0.066,0.782
922500,0.142,0.065,0.792
923000,0.119,0.090,0.791
923500,0.107,0.075,0.817
924000,0.136,0.073,0.791
924500,0.129,0.078,0.793
925000,0.142,0.072,0.786
925500,0.148,0.061,0.790
926000,0.155,0.069,0.776
926500,0.145,0.052,0.802
927000,0.140,0.067,0.794
927500,0.134,0.050,0.817
928000,0.153,0.058,0.789
928500,0.163,0.059,0.777
929000,0.172,0.061,0.767
929500,0.180,0.051,0.770
930000,0.157,0.065,0.778
930500,0.172,0.064,0.764
931000,0.147,0.056,0.796
931500,0.133,0.078,0.789
932000,0.144,0.072,0.784
932500,0.125,0.070,0.804
933000,0.140,0.067,0.793
933500,0.118,0.063,0.819
934000,0.131,0.066,0.803
934500,0.134,0.067,0.800
935000,0.141,0.086,0.773
935500,0.148,0.087,0.764
936000,0.139,0.071,0.789
936500,0.139,0.060,0.801
937000,0.132,0.067,0.801
937500,0.132,0.072,0.797
938000,0.132,0.075,0.793
938500,0.122,0.091,0.787
939000,0.141,0.057,0.802
939500,0.148,0.070,0.782
940000,0.131,0.072,0.797
940500,0.130,0.076,0.794
941000,0.132,0.088,0.779
941500,0.112,0.074,0.814
942000,0.126,0.078,0.796
942500,0.138,0.072,0.790
943000,0.145,0.069,0.786
943500,0.144,0.068,0.788
944000,0.134,0.079,0.788
944500,0.165,0.056,0.779
945000,0.158,0.059,0.784
945500,0.155,0.064,0.781
946000,0.138,0.088,0.775
946500,0.128,0.090,0.781
947000,0.128,0.086,0.787
947500,0.113,0.092,0.795
948000,0.118,0.086,0.796
948500,0.141,0.091,0.768
949000,0.154,0.063,0.783
949500,0.160,0.066,0.774
950000,0.175,0.068,0.757
950500,0.147,0.065,0.788
951000,0.148,0.070,0.781
951500,0.130,0.077,0.793
952000,0.121,0.076,0.803
952500,0.139,0.102,0.759
953000,0.119,0.086,0.795
953500,0.096,0.098,0.806
954000,0.130,0.105,0.766
954500,0.123,0.079,0.798
955000,0.138,0.078,0.784
955500,0.138,0.068,0.794
956000,0.130,0.070,0.800
956500,0.164,0.062,0.774
957000,0.174,0.064,0.762
957500,0.184,0.058,0.758
958000,0.155,0.059,0.786
958500,0.146,0.067,0.786
959000,0.131,0.079,0.790
959500,0.151,0.079,0.770
960000,0.159,0.076,0.766
960500,0.142,0.061,0.796
961000,0.143,0.058,0.799
961500,0.139,0.073,0.788
962000,0.142,0.060,0.798
962500,0.143,0.074,0.782
963000,0.147,0.088,0.765
963500,0.133,0.079,0.788
964000,0.153,0.075,0.772
964500,0.157,0.067,0.776
965000,0.146,0.068,0.786
965500,0.141,0.080,0.780
966000,0.144,0.080,0.776
966500,0.159,0.069,0.772
967000,0.134,0.073,0.793
967500,0.141,0.091,0.768
968000,0.148,0.081,0.771
968500,0.139,0.090,0.770
969000,0.148,0.076,0.776
969500,0.147,0.083,0.770
970000,0.166,0.067,0.768
970500,0.158,0.067,0.776
971000,0.151,0.064,0.785
971500,0.152,0.070,0.777
972000,0.131,0.083,0.786
972500,0.140,0.089,0.771
973000,0.138,0.077,0.784
973500,0.130,0.077,0.793
974000,0.112,0.081,0.807
974500,0.141,0.072,0.787
975000,0.147,0.076,0.776
975500,0.129,0.070,0.801
976000,0.129,0.067,0.805
976500,0.131,0.062,0.807
977000,0.117,0.081,0.802
977500,0.130,0.096,0.775
978000,0.124,0.104,0.771
978500,0.116,0.094,0.790
979000,0.108,0.093,0.799
979500,0.122,0.087,0.791
980000,0.129,0.077,0.793
980500,0.128,0.088,0.785
981000,0.159,0.073,0.768
981500,0.156,0.070,0.773
982000,0.137,0.075,0.788
982500,0.141,0.079,0.780
983000,0.111,0.096,0.793
983500,0.124,0.085,0.791
984000,0.127,0.095,0.779
984500,0.132,0.085,0.784
985000,0.133,0.091,0.776
985500,0.137,0.081,0.783
986000,0.136,0.103,0.762
986500,0.146,0.079,0.775
987000,0.146,0.066,0.788
987500,0.155,0.071,0.773
988000,0.157,0.061,0.781
988500,0.155,0.082,0.763
989000,0.173,0.062,0.765
989500,0.174,0.076,0.749
990000,0.148,0.066,0.786
990500,0.133,0.062,0.805
991000,0.140,0.070,0.790
991500,0.184,0.066,0.751
992000,0.171,0.058,0.771
992500,0.158,0.047,0.795
993000,0.207,0.051,0.742
993500,0.202,0.050,0.748
994000,0.187,0.055,0.758
994500,0.183,0.058,0.759
995000,0.169,0.069,0.762
995500,0.160,0.058,0.783
996000,0.161,0.053,0.786
996500,0.160,0.059,0.781
997000,0.193,0.057,0.750
997500,0.192,0.051,0.758
998000,0.179,0.046,0.774
998500,0.172,0.053,0.775
999000,0.190,0.051,0.760
999500,0.169,0.046,0.785
1000000,0.177,0.043,0.780
