time,n_A+p,n_B,n_AB
100,0.030,0.962,0.008
200,0.030,0.958,0.012
300,0.030,0.956,0.014
400,0.030,0.951,0.019
500,0.030,0.947,0.023
600,0.030,0.934,0.036
700,0.030,0.933,0.037
800,0.030,0.926,0.044
900,0.030,0.915,0.055
1000,0.030,0.907,0.063
1100,0.030,0.899,0.071
1200,0.030,0.887,0.083
1300,0.030,0.885,0.085
1400,0.030,0.874,0.096
1500,0.030,0.868,0.102
1600,0.030,0.868,0.102
1700,0.030,0.866,0.104
1800,0.030,0.853,0.117
1900,0.030,0.839,0.131
2000,0.030,0.832,0.138
2100,0.030,0.832,0.138
2200,0.032,0.823,0.145
2300,0.031,0.816,0.153
2400,0.031,0.809,0.160
2500,0.031,0.812,0.157
2600,0.031,0.802,0.167
2700,0.030,0.794,0.176
2800,0.030,0.789,0.181
2900,0.030,0.776,0.194
3000,0.030,0.768,0.202
3100,0.030,0.757,0.213
3200,0.030,0.746,0.224
3300,0.034,0.729,0.237
3400,0.035,0.710,0.255
3500,0.040,0.708,0.252
3600,0.038,0.696,0.266
3700,0.037,0.691,0.272
3800,0.036,0.687,0.277
3900,0.036,0.688,0.276
4000,0.035,0.670,0.295
4100,0.038,0.657,0.305
4200,0.040,0.643,0.317
4300,0.040,0.619,0.341
4400,0.041,0.599,0.360
4500,0.044,0.590,0.366
4600,0.045,0.575,0.380
4700,0.044,0.546,0.410
4800,0.045,0.552,0.403
4900,0.041,0.543,0.416
5000,0.038,0.530,0.432
5100,0.039,0.513,0.448
5200,0.043,0.500,0.457
5300,0.042,0.489,0.469
5400,0.046,0.476,0.478
5500,0.045,0.469,0.486
5600,0.044,0.465,0.491
5700,0.042,0.464,0.494
5800,0.044,0.455,0.501
5900,0.043,0.447,0.510
6000,0.041,0.446,0.513
6100,0.044,0.450,0.506
6200,0.048,0.428,0.524
6300,0.048,0.417,0.535
6400,0.049,0.421,0.530
6500,0.051,0.412,0.537
6600,0.057,0.411,0.532
6700,0.058,0.399,0.543
6800,0.062,0.389,0.549
6900,0.062,0.386,0.552
7000,0.068,0.375,0.557
7100,0.070,0.362,0.568
7200,0.073,0.365,0.562
7300,0.076,0.349,0.575
7400,0.077,0.347,0.576
7500,0.085,0.340,0.575
7600,0.083,0.328,0.589
7700,0.089,0.320,0.591
7800,0.090,0.315,0.595
7900,0.097,0.301,0.602
8000,0.099,0.303,0.598
8100,0.101,0.307,0.592
8200,0.103,0.296,0.601
8300,0.101,0.294,0.605
8400,0.097,0.294,0.609
8500,0.088,0.288,0.624
8600,0.085,0.275,0.640
8700,0.091,0.265,0.644
8800,0.089,0.256,0.655
8900,0.095,0.251,0.654
9000,0.097,0.252,0.651
9100,0.106,0.252,0.642
9200,0.108,0.247,0.645
9300,0.110,0.247,0.643
9400,0.108,0.239,0.653
9500,0.103,0.246,0.651
9600,0.105,0.243,0.652
9700,0.105,0.250,0.645
9800,0.112,0.249,0.639
9900,0.120,0.246,0.634
10000,0.123,0.244,0.633
10100,0.116,0.243,0.641
10200,0.115,0.250,0.635
10300,0.113,0.241,0.646
10400,0.113,0.231,0.656
10500,0.120,0.230,0.650
10600,0.121,0.227,0.652
10700,0.127,0.215,0.658
10800,0.125,0.210,0.665
10900,0.128,0.217,0.655
11000,0.131,0.209,0.660
11100,0.128,0.213,0.659
11200,0.127,0.205,0.668
11300,0.131,0.202,0.667
11400,0.131,0.199,0.670
11500,0.129,0.204,0.667
11600,0.133,0.199,0.668
11700,0.141,0.200,0.659
11800,0.138,0.194,0.668
11900,0.132,0.193,0.675
12000,0.143,0.182,0.675
12100,0.146,0.180,0.674
12200,0.147,0.179,0.674
12300,0.152,0.178,0.670
12400,0.158,0.177,0.665
12500,0.151,0.179,0.670
12600,0.150,0.182,0.668
12700,0.146,0.189,0.665
12800,0.152,0.185,0.663
12900,0.155,0.192,0.653
13000,0.161,0.202,0.637
13100,0.155,0.202,0.643
13200,0.151,0.206,0.643
13300,0.148,0.207,0.645
13400,0.156,0.199,0.645
13500,0.160,0.195,0.645
13600,0.161,0.195,0.644
13700,0.154,0.199,0.647
13800,0.140,0.201,0.659
13900,0.145,0.188,0.667
14000,0.139,0.192,0.669
14100,0.145,0.184,0.671
14200,0.145,0.180,0.675
14300,0.143,0.175,0.682
14400,0.146,0.186,0.668
14500,0.150,0.184,0.666
14600,0.150,0.176,0.674
14700,0.151,0.178,0.671
14800,0.156,0.182,0.662
14900,0.163,0.172,0.665
15000,0.164,0.164,0.672
15100,0.162,0.161,0.677
15200,0.156,0.174,0.670
15300,0.157,0.169,0.674
15400,0.155,0.163,0.682
15500,0.163,0.172,0.665
15600,0.165,0.160,0.675
15700,0.175,0.164,0.661
15800,0.176,0.164,0.660
15900,0.179,0.171,0.650
16000,0.176,0.166,0.658
16100,0.165,0.177,0.658
16200,0.168,0.182,0.650
16300,0.170,0.170,0.660
16400,0.179,0.165,0.656
16500,0.177,0.165,0.658
16600,0.168,0.163,0.669
16700,0.173,0.169,0.658
16800,0.174,0.179,0.647
16900,0.179,0.168,0.653
17000,0.181,0.163,0.656
17100,0.186,0.161,0.653
17200,0.183,0.156,0.661
17300,0.175,0.164,0.661
17400,0.172,0.167,0.661
17500,0.171,0.160,0.669
17600,0.163,0.151,0.686
17700,0.165,0.162,0.673
17800,0.152,0.161,0.687
17900,0.149,0.153,0.698
18000,0.147,0.151,0.702
18100,0.143,0.149,0.708
18200,0.145,0.135,0.720
18300,0.144,0.130,0.726
18400,0.151,0.129,0.720
18500,0.154,0.136,0.710
18600,0.155,0.136,0.709
18700,0.154,0.125,0.721
18800,0.160,0.122,0.718
18900,0.170,0.116,0.714
19000,0.182,0.114,0.704
19100,0.182,0.115,0.703
19200,0.183,0.111,0.706
19300,0.190,0.110,0.700
19400,0.190,0.116,0.694
19500,0.184,0.130,0.686
19600,0.193,0.122,0.685
19700,0.186,0.119,0.695
19800,0.191,0.117,0.692
19900,0.194,0.112,0.694
20000,0.195,0.121,0.684
20100,0.204,0.124,0.672
20200,0.212,0.115,0.673
20300,0.207,0.112,0.681
20400,0.207,0.116,0.677
20500,0.216,0.111,0.673
20600,0.212,0.116,0.672
20700,0.204,0.120,0.676
20800,0.203,0.125,0.672
20900,0.209,0.121,0.670
21000,0.213,0.127,0.660
21100,0.210,0.125,0.665
21200,0.191,0.127,0.682
21300,0.186,0.133,0.681
21400,0.187,0.127,0.686
21500,0.187,0.134,0.679
21600,0.187,0.139,0.674
21700,0.185,0.137,0.678
21800,0.187,0.131,0.682
21900,0.180,0.131,0.689
22000,0.194,0.128,0.678
22100,0.187,0.130,0.683
22200,0.188,0.138,0.674
22300,0.202,0.136,0.662
22400,0.197,0.142,0.661
22500,0.194,0.132,0.674
22600,0.194,0.134,0.672
22700,0.189,0.140,0.671
22800,0.195,0.135,0.670
22900,0.208,0.141,0.651
23000,0.206,0.131,0.663
23100,0.205,0.140,0.655
23200,0.207,0.142,0.651
23300,0.207,0.147,0.646
23400,0.213,0.148,0.639
23500,0.211,0.141,0.648
23600,0.210,0.139,0.651
23700,0.207,0.146,0.647
23800,0.210,0.157,0.633
23900,0.206,0.153,0.641
24000,0.203,0.146,0.651
24100,0.200,0.146,0.654
24200,0.192,0.144,0.664
24300,0.189,0.147,0.664
24400,0.198,0.153,0.649
24500,0.202,0.152,0.646
24600,0.187,0.149,0.664
24700,0.191,0.151,0.658
24800,0.185,0.151,0.664
24900,0.183,0.153,0.664
25000,0.192,0.145,0.663
25100,0.191,0.149,0.660
25200,0.176,0.154,0.670
25300,0.182,0.151,0.667
25400,0.181,0.147,0.672
25500,0.177,0.159,0.664
25600,0.178,0.156,0.666
25700,0.175,0.160,0.665
25800,0.181,0.153,0.666
25900,0.178,0.153,0.669
26000,0.178,0.162,0.660
26100,0.178,0.171,0.651
26200,0.187,0.168,0.645
26300,0.188,0.173,0.639
26400,0.185,0.166,0.649
26500,0.180,0.163,0.657
26600,0.181,0.160,0.659
26700,0.186,0.161,0.653
26800,0.189,0.176,0.635
26900,0.193,0.170,0.637
27000,0.202,0.168,0.630
27100,0.200,0.161,0.639
27200,0.205,0.161,0.634
27300,0.202,0.159,0.639
27400,0.199,0.158,0.643
27500,0.210,0.156,0.634
27600,0.211,0.155,0.634
27700,0.211,0.154,0.635
27800,0.215,0.157,0.628
27900,0.204,0.146,0.650
28000,0.205,0.141,0.654
28100,0.204,0.145,0.651
28200,0.197,0.147,0.656
28300,0.200,0.137,0.663
28400,0.199,0.132,0.669
28500,0.198,0.132,0.670
28600,0.201,0.139,0.660
28700,0.202,0.140,0.658
28800,0.205,0.129,0.666
28900,0.208,0.130,0.662
29000,0.201,0.131,0.668
29100,0.204,0.132,0.664
29200,0.199,0.145,0.656
29300,0.198,0.155,0.647
29400,0.195,0.157,0.648
29500,0.192,0.153,0.655
29600,0.194,0.151,0.655
29700,0.198,0.151,0.651
29800,0.203,0.139,0.658
29900,0.203,0.135,0.662
30000,0.217,0.126,0.657
30100,0.221,0.127,0.652
30200,0.213,0.128,0.659
30300,0.215,0.132,0.653
30400,0.211,0.126,0.663
30500,0.217,0.122,0.661
30600,0.216,0.114,0.670
30700,0.215,0.135,0.650
30800,0.206,0.141,0.653
30900,0.206,0.137,0.657
31000,0.212,0.139,0.649
31100,0.215,0.149,0.636
31200,0.212,0.138,0.650
31300,0.202,0.146,0.652
31400,0.205,0.151,0.644
31500,0.206,0.157,0.637
31600,0.205,0.162,0.633
31700,0.194,0.155,0.651
31800,0.192,0.143,0.665
31900,0.194,0.152,0.654
32000,0.185,0.144,0.671
32100,0.185,0.138,0.677
32200,0.179,0.141,0.680
32300,0.179,0.143,0.678
32400,0.173,0.144,0.683
32500,0.182,0.140,0.678
32600,0.178,0.135,0.687
32700,0.192,0.134,0.674
32800,0.196,0.137,0.667
32900,0.198,0.142,0.660
33000,0.194,0.137,0.669
33100,0.181,0.143,0.676
33200,0.173,0.150,0.677
33300,0.168,0.154,0.678
33400,0.177,0.162,0.661
33500,0.182,0.167,0.651
33600,0.178,0.169,0.653
33700,0.166,0.167,0.667
33800,0.178,0.183,0.639
33900,0.176,0.175,0.649
34000,0.176,0.167,0.657
34100,0.174,0.173,0.653
34200,0.178,0.161,0.661
34300,0.181,0.168,0.651
34400,0.186,0.161,0.653
34500,0.192,0.160,0.648
34600,0.180,0.170,0.650
34700,0.186,0.173,0.641
34800,0.181,0.175,0.644
34900,0.167,0.169,0.664
35000,0.168,0.165,0.667
35100,0.175,0.159,0.666
35200,0.174,0.157,0.669
35300,0.176,0.150,0.674
35400,0.179,0.149,0.672
35500,0.183,0.144,0.673
35600,0.175,0.139,0.686
35700,0.185,0.141,0.674
35800,0.185,0.145,0.670
35900,0.188,0.142,0.670
36000,0.185,0.139,0.676
36100,0.183,0.137,0.680
36200,0.188,0.134,0.678
36300,0.190,0.131,0.679
36400,0.191,0.134,0.675
36500,0.201,0.135,0.664
36600,0.202,0.133,0.665
36700,0.208,0.126,0.666
36800,0.222,0.116,0.662
36900,0.219,0.125,0.656
37000,0.228,0.128,0.644
37100,0.228,0.138,0.634
37200,0.234,0.135,0.631
37300,0.236,0.144,0.620
37400,0.239,0.150,0.611
37500,0.233,0.152,0.615
37600,0.234,0.145,0.621
37700,0.225,0.156,0.619
37800,0.224,0.150,0.626
37900,0.214,0.145,0.641
38000,0.203,0.145,0.652
38100,0.207,0.131,0.662
38200,0.211,0.138,0.651
38300,0.211,0.146,0.643
38400,0.211,0.144,0.645
38500,0.210,0.153,0.637
38600,0.207,0.156,0.637
38700,0.212,0.158,0.630
38800,0.210,0.152,0.638
38900,0.209,0.150,0.641
39000,0.216,0.138,0.646
39100,0.212,0.138,0.650
39200,0.211,0.132,0.657
39300,0.200,0.135,0.665
39400,0.192,0.131,0.677
39500,0.200,0.119,0.681
39600,0.209,0.113,0.678
39700,0.209,0.110,0.681
39800,0.211,0.111,0.678
39900,0.213,0.118,0.669
40000,0.217,0.126,0.657
40100,0.219,0.130,0.651
40200,0.231,0.128,0.641
40300,0.228,0.127,0.645
40400,0.222,0.124,0.654
40500,0.226,0.120,0.654
40600,0.237,0.112,0.651
40700,0.234,0.107,0.659
40800,0.239,0.093,0.668
40900,0.231,0.096,0.673
41000,0.227,0.090,0.683
41100,0.218,0.090,0.692
41200,0.225,0.091,0.684
41300,0.213,0.095,0.692
41400,0.222,0.092,0.686
41500,0.225,0.094,0.681
41600,0.222,0.096,0.682
41700,0.226,0.090,0.684
41800,0.217,0.084,0.699
41900,0.222,0.080,0.698
42000,0.211,0.084,0.705
42100,0.212,0.090,0.698
42200,0.219,0.101,0.680
42300,0.225,0.110,0.665
42400,0.216,0.118,0.666
42500,0.215,0.128,0.657
42600,0.211,0.123,0.666
42700,0.219,0.126,0.655
42800,0.226,0.120,0.654
42900,0.226,0.130,0.644
43000,0.221,0.135,0.644
43100,0.228,0.139,0.633
43200,0.224,0.140,0.636
43300,0.220,0.147,0.633
43400,0.212,0.142,0.646
43500,0.227,0.135,0.638
43600,0.222,0.130,0.648
43700,0.221,0.118,0.661
43800,0.218,0.113,0.669
43900,0.219,0.107,0.674
44000,0.225,0.102,0.673
44100,0.236,0.106,0.658
44200,0.248,0.106,0.646
44300,0.250,0.098,0.652
44400,0.253,0.101,0.646
44500,0.246,0.095,0.659
44600,0.238,0.092,0.670
44700,0.237,0.093,0.670
44800,0.226,0.092,0.682
44900,0.244,0.088,0.668
45000,0.244,0.090,0.666
45100,0.245,0.090,0.665
45200,0.243,0.091,0.666
45300,0.232,0.083,0.685
45400,0.237,0.085,0.678
45500,0.243,0.083,0.674
45600,0.238,0.084,0.678
45700,0.252,0.079,0.669
45800,0.259,0.085,0.656
45900,0.260,0.081,0.659
46000,0.257,0.085,0.658
46100,0.257,0.089,0.654
46200,0.252,0.098,0.650
46300,0.230,0.090,0.680
46400,0.226,0.106,0.668
46500,0.213,0.110,0.677
46600,0.208,0.104,0.688
46700,0.210,0.109,0.681
46800,0.208,0.105,0.687
46900,0.212,0.101,0.687
47000,0.224,0.093,0.683
47100,0.217,0.084,0.699
47200,0.219,0.087,0.694
47300,0.228,0.095,0.677
47400,0.230,0.091,0.679
47500,0.237,0.094,0.669
47600,0.245,0.102,0.653
47700,0.249,0.099,0.652
47800,0.240,0.102,0.658
47900,0.234,0.106,0.660
48000,0.226,0.104,0.670
48100,0.232,0.109,0.659
48200,0.221,0.104,0.675
48300,0.222,0.109,0.669
48400,0.217,0.106,0.677
48500,0.208,0.109,0.683
48600,0.205,0.108,0.687
48700,0.204,0.106,0.690
48800,0.206,0.102,0.692
48900,0.221,0.108,0.671
49000,0.221,0.114,0.665
49100,0.216,0.114,0.670
49200,0.206,0.117,0.677
49300,0.209,0.112,0.679
49400,0.214,0.109,0.677
49500,0.214,0.112,0.674
49600,0.215,0.107,0.678
49700,0.225,0.121,0.654
49800,0.229,0.120,0.651
49900,0.242,0.117,0.641
50000,0.237,0.110,0.653
50100,0.232,0.113,0.655
50200,0.227,0.115,0.658
50300,0.236,0.104,0.660
50400,0.233,0.108,0.659
50500,0.239,0.109,0.652
50600,0.247,0.103,0.650
50700,0.244,0.106,0.650
50800,0.248,0.097,0.655
50900,0.250,0.088,0.662
51000,0.245,0.087,0.668
51100,0.241,0.081,0.678
51200,0.237,0.085,0.678
51300,0.242,0.085,0.673
51400,0.245,0.087,0.668
51500,0.243,0.088,0.669
51600,0.234,0.094,0.672
51700,0.233,0.100,0.667
51800,0.234,0.097,0.669
51900,0.223,0.100,0.677
52000,0.218,0.099,0.683
52100,0.211,0.105,0.684
52200,0.225,0.098,0.677
52300,0.232,0.098,0.670
52400,0.237,0.094,0.669
52500,0.237,0.103,0.660
52600,0.236,0.107,0.657
52700,0.237,0.110,0.653
52800,0.224,0.108,0.668
52900,0.226,0.102,0.672
53000,0.226,0.113,0.661
53100,0.226,0.119,0.655
53200,0.222,0.123,0.655
53300,0.235,0.120,0.645
53400,0.241,0.112,0.647
53500,0.235,0.118,0.647
53600,0.235,0.119,0.646
53700,0.236,0.112,0.652
53800,0.238,0.105,0.657
53900,0.241,0.113,0.646
54000,0.241,0.115,0.644
54100,0.237,0.114,0.649
54200,0.242,0.106,0.652
54300,0.240,0.103,0.657
54400,0.248,0.101,0.651
54500,0.241,0.111,0.648
54600,0.246,0.109,0.645
54700,0.241,0.110,0.649
54800,0.233,0.103,0.664
54900,0.249,0.102,0.649
55000,0.243,0.099,0.658
55100,0.242,0.104,0.654
55200,0.233,0.112,0.655
55300,0.243,0.115,0.642
55400,0.250,0.110,0.640
55500,0.244,0.105,0.651
55600,0.256,0.110,0.634
55700,0.258,0.117,0.625
55800,0.259,0.116,0.625
55900,0.257,0.117,0.626
56000,0.261,0.110,0.629
56100,0.243,0.103,0.654
56200,0.246,0.102,0.652
56300,0.245,0.114,0.641
56400,0.239,0.122,0.639
56500,0.236,0.117,0.647
56600,0.236,0.118,0.646
56700,0.233,0.117,0.650
56800,0.235,0.120,0.645
56900,0.230,0.114,0.656
57000,0.227,0.110,0.663
57100,0.248,0.116,0.636
57200,0.249,0.116,0.635
57300,0.242,0.117,0.641
57400,0.246,0.127,0.627
57500,0.244,0.131,0.625
57600,0.238,0.128,0.634
57700,0.229,0.132,0.639
57800,0.240,0.127,0.633
57900,0.241,0.120,0.639
58000,0.238,0.119,0.643
58100,0.242,0.120,0.638
58200,0.233,0.113,0.654
58300,0.240,0.117,0.643
58400,0.236,0.113,0.651
58500,0.239,0.115,0.646
58600,0.235,0.108,0.657
58700,0.246,0.105,0.649
58800,0.247,0.111,0.642
58900,0.253,0.105,0.642
59000,0.249,0.100,0.651
59100,0.244,0.099,0.657
59200,0.247,0.103,0.650
59300,0.246,0.104,0.650
59400,0.233,0.105,0.662
59500,0.239,0.106,0.655
59600,0.250,0.110,0.640
59700,0.250,0.103,0.647
59800,0.243,0.108,0.649
59900,0.246,0.117,0.637
60000,0.260,0.121,0.619
60100,0.260,0.125,0.615
60200,0.261,0.132,0.607
60300,0.251,0.131,0.618
60400,0.254,0.133,0.613
60500,0.257,0.131,0.612
60600,0.245,0.126,0.629
60700,0.239,0.124,0.637
60800,0.244,0.114,0.642
60900,0.235,0.118,0.647
61000,0.233,0.126,0.641
61100,0.247,0.126,0.627
61200,0.247,0.117,0.636
61300,0.243,0.128,0.629
61400,0.235,0.128,0.637
61500,0.225,0.127,0.648
61600,0.218,0.116,0.666
61700,0.207,0.113,0.680
61800,0.216,0.115,0.669
61900,0.222,0.114,0.664
62000,0.217,0.113,0.670
62100,0.208,0.118,0.674
62200,0.208,0.120,0.672
62300,0.223,0.125,0.652
62400,0.217,0.124,0.659
62500,0.223,0.127,0.650
62600,0.222,0.123,0.655
62700,0.217,0.127,0.656
62800,0.207,0.125,0.668
62900,0.204,0.128,0.668
63000,0.215,0.130,0.655
63100,0.226,0.131,0.643
63200,0.224,0.141,0.635
63300,0.224,0.137,0.639
63400,0.234,0.136,0.630
63500,0.238,0.142,0.620
63600,0.238,0.138,0.624
63700,0.239,0.138,0.623
63800,0.246,0.137,0.617
63900,0.250,0.136,0.614
64000,0.228,0.131,0.641
64100,0.235,0.126,0.639
64200,0.235,0.123,0.642
64300,0.239,0.120,0.641
64400,0.224,0.122,0.654
64500,0.234,0.125,0.641
64600,0.233,0.135,0.632
64700,0.225,0.132,0.643
64800,0.220,0.129,0.651
64900,0.212,0.135,0.653
65000,0.212,0.136,0.652
65100,0.216,0.136,0.648
65200,0.215,0.149,0.636
65300,0.220,0.148,0.632
65400,0.226,0.135,0.639
65500,0.216,0.132,0.652
65600,0.210,0.125,0.665
65700,0.209,0.137,0.654
65800,0.202,0.129,0.669
65900,0.199,0.129,0.672
66000,0.196,0.136,0.668
66100,0.188,0.145,0.667
66200,0.195,0.141,0.664
66300,0.193,0.138,0.669
66400,0.196,0.139,0.665
66500,0.193,0.141,0.666
66600,0.191,0.131,0.678
66700,0.190,0.135,0.675
66800,0.205,0.126,0.669
66900,0.204,0.125,0.671
67000,0.200,0.124,0.676
67100,0.195,0.121,0.684
67200,0.205,0.118,0.677
67300,0.200,0.127,0.673
67400,0.187,0.120,0.693
67500,0.188,0.121,0.691
67600,0.185,0.119,0.696
67700,0.192,0.120,0.688
67800,0.195,0.129,0.676
67900,0.192,0.140,0.668
68000,0.198,0.141,0.661
68100,0.195,0.152,0.653
68200,0.193,0.157,0.650
68300,0.194,0.157,0.649
68400,0.203,0.153,0.644
68500,0.218,0.152,0.630
68600,0.217,0.149,0.634
68700,0.217,0.138,0.645
68800,0.209,0.129,0.662
68900,0.208,0.134,0.658
69000,0.212,0.133,0.655
69100,0.211,0.126,0.663
69200,0.203,0.124,0.673
69300,0.202,0.111,0.687
69400,0.203,0.111,0.686
69500,0.210,0.105,0.685
69600,0.201,0.101,0.698
69700,0.206,0.103,0.691
69800,0.211,0.108,0.681
69900,0.205,0.113,0.682
70000,0.207,0.123,0.670
70100,0.210,0.129,0.661
70200,0.224,0.130,0.646
70300,0.228,0.126,0.646
70400,0.236,0.131,0.633
70500,0.234,0.142,0.624
70600,0.232,0.141,0.627
70700,0.225,0.138,0.637
70800,0.220,0.136,0.644
70900,0.229,0.125,0.646
71000,0.229,0.115,0.656
71100,0.219,0.116,0.665
71200,0.221,0.115,0.664
71300,0.212,0.125,0.663
71400,0.216,0.134,0.650
71500,0.208,0.136,0.656
71600,0.213,0.134,0.653
71700,0.208,0.131,0.661
71800,0.218,0.129,0.653
71900,0.223,0.126,0.651
72000,0.232,0.117,0.651
72100,0.243,0.125,0.632
72200,0.235,0.130,0.635
72300,0.234,0.131,0.635
72400,0.232,0.123,0.645
72500,0.233,0.123,0.644
72600,0.240,0.127,0.633
72700,0.230,0.127,0.643
72800,0.224,0.130,0.646
72900,0.216,0.138,0.646
73000,0.213,0.135,0.652
73100,0.201,0.139,0.660
73200,0.199,0.134,0.667
73300,0.197,0.143,0.660
73400,0.194,0.126,0.680
73500,0.196,0.134,0.670
73600,0.196,0.137,0.667
73700,0.196,0.134,0.670
73800,0.198,0.133,0.669
73900,0.195,0.131,0.674
74000,0.188,0.129,0.683
74100,0.187,0.134,0.679
74200,0.185,0.137,0.678
74300,0.192,0.134,0.674
74400,0.197,0.139,0.664
74500,0.194,0.138,0.668
74600,0.194,0.140,0.666
74700,0.192,0.133,0.675
74800,0.199,0.129,0.672
74900,0.208,0.136,0.656
75000,0.207,0.138,0.655
75100,0.203,0.134,0.663
75200,0.193,0.125,0.682
75300,0.195,0.122,0.683
75400,0.206,0.128,0.666
75500,0.199,0.118,0.683
75600,0.203,0.123,0.674
75700,0.219,0.124,0.657
75800,0.226,0.123,0.651
75900,0.229,0.114,0.657
76000,0.233,0.108,0.659
76100,0.237,0.112,0.651
76200,0.239,0.113,0.648
76300,0.226,0.112,0.662
76400,0.214,0.111,0.675
76500,0.218,0.114,0.668
76600,0.222,0.115,0.663
76700,0.235,0.111,0.654
76800,0.246,0.115,0.639
76900,0.247,0.106,0.647
77000,0.254,0.105,0.641
77100,0.255,0.112,0.633
77200,0.247,0.112,0.641
77300,0.251,0.120,0.629
77400,0.242,0.130,0.628
77500,0.239,0.136,0.625
77600,0.241,0.123,0.636
77700,0.244,0.131,0.625
77800,0.246,0.129,0.625
77900,0.242,0.127,0.631
78000,0.235,0.124,0.641
78100,0.240,0.120,0.640
78200,0.236,0.125,0.639
78300,0.239,0.121,0.640
78400,0.236,0.112,0.652
78500,0.227,0.119,0.654
78600,0.218,0.117,0.665
78700,0.217,0.120,0.663
78800,0.215,0.120,0.665
78900,0.219,0.110,0.671
79000,0.231,0.111,0.658
79100,0.229,0.112,0.659
79200,0.220,0.119,0.661
79300,0.213,0.123,0.664
79400,0.214,0.134,0.652
79500,0.211,0.132,0.657
79600,0.221,0.131,0.648
79700,0.218,0.133,0.649
79800,0.210,0.130,0.660
79900,0.201,0.130,0.669
80000,0.202,0.122,0.676
80100,0.204,0.127,0.669
80200,0.207,0.130,0.663
80300,0.219,0.131,0.650
80400,0.212,0.133,0.655
80500,0.217,0.130,0.653
80600,0.215,0.122,0.663
80700,0.216,0.117,0.667
80800,0.202,0.118,0.680
80900,0.208,0.116,0.676
81000,0.211,0.116,0.673
81100,0.216,0.118,0.666
81200,0.217,0.112,0.671
81300,0.222,0.119,0.659
81400,0.217,0.120,0.663
81500,0.220,0.127,0.653
81600,0.218,0.120,0.662
81700,0.213,0.119,0.668
81800,0.210,0.124,0.666
81900,0.212,0.116,0.672
82000,0.216,0.118,0.666
82100,0.218,0.111,0.671
82200,0.225,0.122,0.653
82300,0.228,0.126,0.646
82400,0.223,0.125,0.652
82500,0.224,0.117,0.659
82600,0.232,0.117,0.651
82700,0.221,0.120,0.659
82800,0.220,0.114,0.666
82900,0.214,0.123,0.663
83000,0.208,0.126,0.666
83100,0.204,0.125,0.671
83200,0.210,0.135,0.655
83300,0.215,0.135,0.650
83400,0.207,0.133,0.660
83500,0.214,0.123,0.663
83600,0.202,0.116,0.682
83700,0.202,0.118,0.680
83800,0.203,0.118,0.679
83900,0.212,0.116,0.672
84000,0.210,0.121,0.669
84100,0.210,0.117,0.673
84200,0.200,0.112,0.688
84300,0.207,0.117,0.676
84400,0.206,0.122,0.672
84500,0.206,0.129,0.665
84600,0.213,0.123,0.664
84700,0.211,0.118,0.671
84800,0.223,0.122,0.655
84900,0.225,0.117,0.658
85000,0.231,0.122,0.647
85100,0.226,0.118,0.656
85200,0.218,0.119,0.663
85300,0.219,0.116,0.665
85400,0.228,0.122,0.650
85500,0.229,0.114,0.657
85600,0.222,0.119,0.659
85700,0.217,0.115,0.668
85800,0.218,0.112,0.670
85900,0.215,0.119,0.666
86000,0.221,0.115,0.664
86100,0.219,0.126,0.655
86200,0.226,0.131,0.643
86300,0.223,0.132,0.645
86400,0.220,0.129,0.651
86500,0.217,0.121,0.662
86600,0.223,0.115,0.662
86700,0.233,0.112,0.655
86800,0.238,0.111,0.651
86900,0.248,0.114,0.638
87000,0.257,0.124,0.619
87100,0.258,0.125,0.617
87200,0.260,0.131,0.609
87300,0.257,0.135,0.608
87400,0.250,0.133,0.617
87500,0.245,0.131,0.624
87600,0.246,0.149,0.605
87700,0.243,0.142,0.615
87800,0.241,0.142,0.617
87900,0.243,0.140,0.617
88000,0.236,0.141,0.623
88100,0.233,0.140,0.627
88200,0.222,0.140,0.638
88300,0.211,0.147,0.642
88400,0.207,0.136,0.657
88500,0.211,0.128,0.661
88600,0.208,0.134,0.658
88700,0.206,0.138,0.656
88800,0.204,0.141,0.655
88900,0.212,0.131,0.657
89000,0.222,0.124,0.654
89100,0.220,0.122,0.658
89200,0.225,0.119,0.656
89300,0.222,0.120,0.658
89400,0.226,0.129,0.645
89500,0.232,0.129,0.639
89600,0.229,0.123,0.648
89700,0.229,0.119,0.652
89800,0.216,0.112,0.672
89900,0.227,0.118,0.655
90000,0.235,0.120,0.645
90100,0.231,0.107,0.662
90200,0.229,0.104,0.667
90300,0.234,0.105,0.661
90400,0.231,0.108,0.661
90500,0.230,0.110,0.660
90600,0.240,0.112,0.648
90700,0.242,0.107,0.651
90800,0.244,0.105,0.651
90900,0.256,0.107,0.637
91000,0.259,0.105,0.636
91100,0.256,0.106,0.638
91200,0.254,0.113,0.633
91300,0.256,0.119,0.625
91400,0.253,0.117,0.630
91500,0.248,0.118,0.634
91600,0.242,0.115,0.643
91700,0.244,0.109,0.647
91800,0.238,0.109,0.653
91900,0.255,0.102,0.643
92000,0.251,0.108,0.641
92100,0.235,0.112,0.653
92200,0.239,0.125,0.636
92300,0.240,0.131,0.629
92400,0.244,0.131,0.625
92500,0.241,0.128,0.631
92600,0.238,0.134,0.628
92700,0.241,0.128,0.631
92800,0.239,0.119,0.642
92900,0.244,0.122,0.634
93000,0.242,0.125,0.633
93100,0.252,0.119,0.629
93200,0.254,0.112,0.634
93300,0.253,0.108,0.639
93400,0.256,0.112,0.632
93500,0.255,0.104,0.641
93600,0.262,0.107,0.631
93700,0.265,0.099,0.636
93800,0.259,0.099,0.642
93900,0.264,0.111,0.625
94000,0.265,0.111,0.624
94100,0.271,0.108,0.621
94200,0.280,0.109,0.611
94300,0.282,0.105,0.613
94400,0.274,0.110,0.616
94500,0.274,0.107,0.619
94600,0.275,0.109,0.616
94700,0.269,0.108,0.623
94800,0.275,0.108,0.617
94900,0.266,0.107,0.627
95000,0.267,0.110,0.623
95100,0.268,0.110,0.622
95200,0.255,0.100,0.645
95300,0.257,0.097,0.646
95400,0.253,0.097,0.650
95500,0.256,0.090,0.654
95600,0.268,0.085,0.647
95700,0.281,0.085,0.634
95800,0.273,0.095,0.632
95900,0.265,0.091,0.644
96000,0.273,0.093,0.634
96100,0.267,0.087,0.646
96200,0.261,0.081,0.658
96300,0.257,0.076,0.667
96400,0.247,0.068,0.685
96500,0.245,0.076,0.679
96600,0.249,0.076,0.675
96700,0.254,0.079,0.667
96800,0.261,0.078,0.661
96900,0.252,0.080,0.668
97000,0.252,0.077,0.671
97100,0.255,0.086,0.659
97200,0.258,0.085,0.657
97300,0.269,0.085,0.646
97400,0.276,0.090,0.634
97500,0.269,0.092,0.639
97600,0.257,0.100,0.643
97700,0.259,0.094,0.647
97800,0.258,0.095,0.647
97900,0.256,0.116,0.628
98000,0.251,0.114,0.635
98100,0.255,0.115,0.630
98200,0.250,0.113,0.637
98300,0.247,0.108,0.645
98400,0.242,0.104,0.654
98500,0.236,0.105,0.659
98600,0.235,0.108,0.657
98700,0.225,0.103,0.672
98800,0.229,0.111,0.660
98900,0.230,0.116,0.654
99000,0.214,0.119,0.667
99100,0.212,0.127,0.661
99200,0.229,0.129,0.642
99300,0.233,0.133,0.634
99400,0.223,0.127,0.650
99500,0.220,0.119,0.661
99600,0.213,0.119,0.668
99700,0.216,0.113,0.671
99800,0.210,0.113,0.677
99900,0.216,0.107,0.677
100000,0.220,0.104,0.676
