time,n_A+p,n_B,n_AB
0,0.009,0.991,0.000
500,0.009,0.990,0.001
1000,0.013,0.983,0.004
1500,0.010,0.982,0.008
2000,0.010,0.984,0.006
2500,0.009,0.985,0.006
3000,0.010,0.981,0.009
3500,0.010,0.977,0.013
4000,0.026,0.961,0.013
4500,0.023,0.953,0.023
5000,0.037,0.926,0.037
5500,0.041,0.923,0.036
6000,0.037,0.909,0.054
6500,0.051,0.909,0.040
7000,0.042,0.909,0.049
7500,0.039,0.926,0.035
8000,0.032,0.941,0.028
8500,0.026,0.945,0.030
9000,0.028,0.939,0.034
9500,0.029,0.928,0.043
10000,0.022,0.949,0.029
10500,0.025,0.943,0.033
11000,0.029,0.950,0.021
11500,0.028,0.934,0.039
12000,0.031,0.898,0.072
12500,0.041,0.895,0.064
13000,0.036,0.903,0.061
13500,0.036,0.901,0.063
14000,0.036,0.907,0.057
14500,0.033,0.906,0.061
15000,0.027,0.907,0.066
15500,0.018,0.936,0.046
16000,0.030,0.933,0.038
16500,0.036,0.925,0.039
17000,0.049,0.913,0.038
17500,0.048,0.906,0.046
18000,0.044,0.901,0.055
18500,0.047,0.913,0.040
19000,0.062,0.902,0.036
19500,0.058,0.892,0.050
20000,0.037,0.891,0.073
20500,0.026,0.910,0.064
21000,0.025,0.932,0.044
21500,0.023,0.937,0.040
22000,0.018,0.943,0.039
22500,0.031,0.935,0.035
23000,0.032,0.937,0.032
23500,0.021,0.942,0.037
24000,0.020,0.947,0.033
24500,0.020,0.955,0.025
25000,0.029,0.937,0.035
25500,0.018,0.955,0.027
26000,0.018,0.959,0.022
26500,0.020,0.963,0.016
27000,0.019,0.969,0.011
27500,0.028,0.957,0.015
28000,0.030,0.952,0.018
28500,0.049,0.905,0.046
29000,0.041,0.919,0.040
29500,0.039,0.904,0.057
30000,0.044,0.913,0.043
30500,0.027,0.934,0.040
31000,0.022,0.938,0.040
31500,0.018,0.942,0.040
32000,0.028,0.927,0.045
32500,0.018,0.945,0.037
33000,0.020,0.943,0.037
33500,0.019,0.949,0.032
34000,0.022,0.947,0.031
34500,0.023,0.957,0.019
35000,0.019,0.956,0.025
35500,0.018,0.955,0.027
36000,0.016,0.954,0.030
36500,0.026,0.934,0.041
37000,0.029,0.939,0.033
37500,0.026,0.941,0.034
38000,0.032,0.939,0.030
38500,0.028,0.933,0.040
39000,0.019,0.940,0.041
39500,0.019,0.956,0.025
40000,0.017,0.956,0.027
40500,0.020,0.956,0.023
41000,0.042,0.912,0.046
41500,0.031,0.916,0.053
42000,0.026,0.923,0.051
42500,0.044,0.909,0.047
43000,0.035,0.913,0.052
43500,0.022,0.930,0.048
44000,0.027,0.934,0.040
44500,0.019,0.935,0.046
45000,0.021,0.951,0.028
45500,0.020,0.953,0.027
46000,0.018,0.947,0.035
46500,0.034,0.931,0.036
47000,0.032,0.935,0.034
47500,0.028,0.934,0.039
48000,0.025,0.933,0.043
48500,0.035,0.920,0.045
49000,0.020,0.935,0.045
49500,0.027,0.936,0.038
50000,0.028,0.930,0.043
50500,0.026,0.938,0.037
51000,0.033,0.923,0.044
51500,0.027,0.917,0.056
52000,0.021,0.926,0.052
52500,0.022,0.935,0.043
53000,0.023,0.930,0.047
53500,0.028,0.931,0.042
54000,0.017,0.942,0.041
54500,0.019,0.947,0.034
55000,0.014,0.953,0.033
55500,0.020,0.954,0.026
56000,0.013,0.960,0.027
56500,0.015,0.944,0.041
57000,0.012,0.952,0.036
57500,0.018,0.935,0.047
58000,0.032,0.910,0.058
58500,0.044,0.902,0.054
59000,0.053,0.898,0.049
59500,0.062,0.889,0.049
60000,0.054,0.871,0.075
60500,0.058,0.884,0.058
61000,0.056,0.876,0.067
61500,0.055,0.874,0.070
62000,0.057,0.869,0.074
62500,0.067,0.864,0.068
63000,0.061,0.854,0.085
63500,0.047,0.868,0.085
64000,0.038,0.863,0.099
64500,0.039,0.876,0.085
65000,0.041,0.888,0.072
65500,0.041,0.891,0.068
66000,0.038,0.891,0.072
66500,0.059,0.861,0.080
67000,0.052,0.873,0.075
67500,0.044,0.870,0.086
68000,0.045,0.880,0.075
68500,0.052,0.888,0.060
69000,0.051,0.878,0.070
69500,0.054,0.880,0.065
70000,0.058,0.888,0.054
70500,0.047,0.898,0.055
71000,0.041,0.896,0.063
71500,0.043,0.886,0.072
72000,0.048,0.865,0.087
72500,0.057,0.860,0.083
73000,0.057,0.869,0.074
73500,0.045,0.879,0.076
74000,0.052,0.861,0.087
74500,0.075,0.837,0.089
75000,0.064,0.832,0.103
75500,0.058,0.859,0.083
76000,0.055,0.873,0.072
76500,0.057,0.872,0.070
77000,0.058,0.874,0.067
77500,0.070,0.865,0.064
78000,0.065,0.863,0.072
78500,0.062,0.861,0.077
79000,0.065,0.843,0.092
79500,0.063,0.867,0.069
80000,0.060,0.867,0.073
80500,0.060,0.872,0.067
81000,0.050,0.884,0.066
81500,0.049,0.879,0.072
82000,0.054,0.872,0.074
82500,0.042,0.896,0.062
83000,0.038,0.887,0.076
83500,0.040,0.877,0.083
84000,0.077,0.845,0.079
84500,0.065,0.855,0.080
85000,0.059,0.853,0.088
85500,0.049,0.854,0.097
86000,0.072,0.861,0.067
86500,0.065,0.863,0.072
87000,0.075,0.856,0.069
87500,0.073,0.850,0.078
88000,0.081,0.841,0.079
88500,0.083,0.843,0.075
89000,0.091,0.821,0.088
89500,0.089,0.820,0.091
90000,0.070,0.838,0.092
90500,0.077,0.838,0.086
91000,0.059,0.840,0.101
91500,0.082,0.830,0.088
92000,0.056,0.871,0.073
92500,0.048,0.888,0.064
93000,0.049,0.893,0.058
93500,0.042,0.902,0.056
94000,0.035,0.901,0.064
94500,0.036,0.908,0.056
95000,0.030,0.912,0.058
95500,0.033,0.904,0.063
96000,0.037,0.906,0.057
96500,0.035,0.907,0.058
97000,0.029,0.921,0.050
97500,0.030,0.920,0.050
98000,0.029,0.914,0.057
98500,0.031,0.925,0.044
99000,0.039,0.906,0.055
99500,0.032,0.915,0.053
100000,0.029,0.916,0.055
100500,0.034,0.898,0.068
101000,0.046,0.884,0.070
101500,0.052,0.889,0.059
102000,0.078,0.845,0.078
102500,0.079,0.813,0.108
103000,0.086,0.805,0.109
103500,0.082,0.809,0.109
104000,0.067,0.829,0.103
104500,0.059,0.842,0.099
105000,0.039,0.866,0.095
105500,0.036,0.872,0.092
106000,0.046,0.860,0.094
106500,0.088,0.830,0.082
107000,0.064,0.847,0.089
107500,0.067,0.846,0.087
108000,0.046,0.857,0.097
108500,0.070,0.839,0.091
109000,0.074,0.827,0.099
109500,0.058,0.847,0.095
110000,0.049,0.868,0.083
110500,0.038,0.873,0.089
111000,0.067,0.858,0.075
111500,0.049,0.858,0.093
112000,0.073,0.848,0.080
112500,0.048,0.866,0.086
113000,0.064,0.854,0.082
113500,0.065,0.848,0.087
114000,0.076,0.831,0.093
114500,0.065,0.822,0.112
115000,0.060,0.831,0.108
115500,0.051,0.852,0.097
116000,0.039,0.861,0.100
116500,0.036,0.867,0.097
117000,0.042,0.858,0.100
117500,0.045,0.849,0.106
118000,0.035,0.868,0.097
118500,0.036,0.852,0.112
119000,0.049,0.830,0.121
119500,0.058,0.825,0.116
120000,0.053,0.828,0.118
120500,0.081,0.796,0.124
121000,0.077,0.758,0.165
121500,0.099,0.776,0.125
122000,0.079,0.807,0.114
122500,0.053,0.814,0.133
123000,0.059,0.826,0.114
123500,0.045,0.828,0.127
124000,0.074,0.795,0.132
124500,0.106,0.748,0.146
125000,0.092,0.765,0.143
125500,0.091,0.764,0.145
126000,0.104,0.763,0.133
126500,0.087,0.765,0.148
127000,0.099,0.764,0.137
127500,0.104,0.752,0.144
128000,0.112,0.756,0.132
128500,0.142,0.726,0.132
129000,0.135,0.710,0.155
129500,0.142,0.704,0.154
130000,0.153,0.680,0.166
130500,0.156,0.686,0.157
131000,0.140,0.698,0.162
131500,0.140,0.720,0.140
132000,0.146,0.719,0.135
132500,0.126,0.711,0.163
133000,0.133,0.696,0.172
133500,0.127,0.717,0.156
134000,0.120,0.707,0.174
134500,0.114,0.715,0.171
135000,0.135,0.700,0.165
135500,0.122,0.733,0.145
136000,0.127,0.727,0.146
136500,0.127,0.717,0.156
137000,0.156,0.685,0.158
137500,0.171,0.653,0.177
138000,0.143,0.679,0.178
138500,0.128,0.696,0.177
139000,0.106,0.737,0.156
139500,0.109,0.726,0.164
140000,0.107,0.721,0.172
140500,0.098,0.745,0.157
141000,0.075,0.774,0.151
141500,0.092,0.764,0.144
142000,0.075,0.801,0.125
142500,0.075,0.820,0.105
143000,0.069,0.815,0.115
143500,0.073,0.821,0.106
144000,0.075,0.816,0.109
144500,0.081,0.799,0.121
145000,0.083,0.807,0.110
145500,0.067,0.828,0.104
146000,0.069,0.815,0.115
146500,0.072,0.825,0.103
147000,0.099,0.814,0.087
147500,0.077,0.799,0.125
148000,0.074,0.801,0.126
148500,0.062,0.810,0.128
149000,0.055,0.827,0.117
149500,0.058,0.839,0.103
150000,0.052,0.832,0.115
150500,0.060,0.816,0.124
151000,0.065,0.805,0.130
151500,0.057,0.805,0.138
152000,0.063,0.811,0.126
152500,0.059,0.829,0.111
153000,0.049,0.838,0.113
153500,0.057,0.836,0.107
154000,0.049,0.839,0.112
154500,0.057,0.820,0.123
155000,0.063,0.811,0.126
155500,0.057,0.830,0.112
156000,0.080,0.787,0.134
156500,0.056,0.815,0.129
157000,0.055,0.815,0.130
157500,0.058,0.820,0.122
158000,0.068,0.812,0.120
158500,0.061,0.824,0.114
159000,0.059,0.823,0.117
159500,0.069,0.794,0.137
160000,0.075,0.787,0.139
160500,0.072,0.772,0.156
161000,0.065,0.782,0.152
161500,0.066,0.809,0.125
162000,0.047,0.827,0.126
162500,0.046,0.825,0.129
163000,0.050,0.836,0.114
163500,0.047,0.844,0.109
164000,0.048,0.858,0.094
164500,0.055,0.843,0.102
165000,0.043,0.858,0.099
165500,0.041,0.862,0.097
166000,0.046,0.885,0.069
166500,0.044,0.895,0.061
167000,0.061,0.872,0.066
167500,0.051,0.879,0.069
168000,0.048,0.873,0.079
168500,0.043,0.899,0.058
169000,0.034,0.906,0.060
169500,0.036,0.903,0.061
170000,0.034,0.910,0.056
170500,0.034,0.914,0.052
171000,0.031,0.922,0.047
171500,0.028,0.925,0.047
172000,0.028,0.911,0.061
172500,0.026,0.916,0.058
173000,0.033,0.909,0.058
173500,0.036,0.913,0.051
174000,0.039,0.909,0.052
174500,0.035,0.921,0.044
175000,0.028,0.922,0.050
175500,0.023,0.924,0.052
176000,0.067,0.883,0.050
176500,0.049,0.886,0.065
177000,0.044,0.885,0.072
177500,0.050,0.875,0.075
178000,0.042,0.893,0.065
178500,0.037,0.892,0.072
179000,0.040,0.885,0.076
179500,0.049,0.873,0.078
180000,0.062,0.867,0.070
180500,0.051,0.869,0.080
181000,0.042,0.886,0.073
181500,0.056,0.846,0.098
182000,0.046,0.852,0.102
182500,0.038,0.868,0.094
183000,0.033,0.882,0.086
183500,0.028,0.898,0.075
184000,0.022,0.899,0.079
184500,0.020,0.907,0.073
185000,0.026,0.884,0.091
185500,0.039,0.875,0.086
186000,0.037,0.868,0.095
186500,0.042,0.857,0.101
187000,0.030,0.875,0.095
187500,0.023,0.909,0.067
188000,0.022,0.919,0.058
188500,0.023,0.909,0.067
189000,0.028,0.923,0.049
189500,0.023,0.919,0.057
190000,0.030,0.912,0.058
190500,0.030,0.916,0.054
191000,0.037,0.915,0.048
191500,0.035,0.915,0.050
192000,0.036,0.910,0.054
192500,0.023,0.912,0.064
193000,0.032,0.901,0.067
193500,0.019,0.916,0.064
194000,0.041,0.894,0.065
194500,0.041,0.876,0.083
195000,0.032,0.897,0.072
195500,0.022,0.911,0.066
196000,0.025,0.913,0.062
196500,0.025,0.919,0.056
197000,0.044,0.870,0.086
197500,0.050,0.872,0.078
198000,0.046,0.858,0.096
198500,0.044,0.849,0.107
199000,0.057,0.837,0.106
199500,0.061,0.808,0.131
200000,0.067,0.816,0.116
200500,0.043,0.846,0.111
201000,0.053,0.848,0.099
201500,0.038,0.865,0.097
202000,0.047,0.863,0.090
202500,0.035,0.875,0.090
203000,0.033,0.886,0.082
203500,0.034,0.885,0.082
204000,0.043,0.879,0.078
204500,0.056,0.857,0.087
205000,0.039,0.853,0.108
205500,0.046,0.841,0.113
206000,0.039,0.808,0.153
206500,0.054,0.815,0.131
207000,0.056,0.820,0.124
207500,0.059,0.804,0.137
208000,0.081,0.787,0.133
208500,0.083,0.782,0.135
209000,0.088,0.761,0.151
209500,0.089,0.769,0.142
210000,0.075,0.799,0.127
210500,0.067,0.800,0.133
211000,0.074,0.811,0.115
211500,0.070,0.798,0.132
212000,0.068,0.811,0.121
212500,0.073,0.816,0.111
213000,0.062,0.829,0.108
213500,0.070,0.823,0.106
214000,0.069,0.817,0.113
214500,0.074,0.819,0.107
215000,0.063,0.826,0.110
215500,0.055,0.846,0.099
216000,0.064,0.840,0.096
216500,0.068,0.835,0.097
217000,0.072,0.835,0.094
217500,0.047,0.868,0.085
218000,0.045,0.865,0.090
218500,0.070,0.821,0.108
219000,0.070,0.802,0.128
219500,0.075,0.810,0.115
220000,0.076,0.813,0.111
220500,0.058,0.829,0.112
221000,0.076,0.819,0.105
221500,0.099,0.790,0.111
222000,0.115,0.776,0.108
222500,0.113,0.771,0.115
223000,0.113,0.760,0.127
223500,0.107,0.762,0.131
224000,0.116,0.763,0.121
224500,0.113,0.764,0.123
225000,0.144,0.713,0.143
225500,0.154,0.687,0.158
226000,0.145,0.684,0.171
226500,0.145,0.687,0.168
227000,0.122,0.717,0.161
227500,0.132,0.713,0.155
228000,0.123,0.715,0.162
228500,0.123,0.724,0.153
229000,0.121,0.719,0.160
229500,0.147,0.697,0.156
230000,0.168,0.663,0.170
230500,0.152,0.655,0.193
231000,0.183,0.647,0.171
231500,0.143,0.681,0.176
232000,0.145,0.651,0.204
232500,0.153,0.659,0.188
233000,0.156,0.653,0.191
233500,0.153,0.661,0.186
234000,0.145,0.679,0.176
234500,0.156,0.682,0.161
235000,0.154,0.678,0.168
235500,0.148,0.664,0.188
236000,0.143,0.645,0.212
236500,0.125,0.671,0.204
237000,0.134,0.669,0.197
237500,0.126,0.674,0.200
238000,0.109,0.697,0.194
238500,0.118,0.684,0.197
239000,0.131,0.668,0.201
239500,0.140,0.675,0.185
240000,0.148,0.646,0.206
240500,0.164,0.630,0.205
241000,0.141,0.656,0.203
241500,0.096,0.721,0.183
242000,0.083,0.726,0.191
242500,0.100,0.727,0.173
243000,0.092,0.769,0.139
243500,0.101,0.758,0.141
244000,0.084,0.772,0.144
244500,0.081,0.791,0.129
245000,0.082,0.775,0.143
245500,0.096,0.759,0.145
246000,0.076,0.782,0.142
246500,0.068,0.787,0.145
247000,0.077,0.789,0.135
247500,0.069,0.791,0.140
248000,0.075,0.802,0.124
248500,0.069,0.811,0.120
249000,0.089,0.804,0.107
249500,0.096,0.795,0.109
250000,0.108,0.774,0.117
250500,0.098,0.766,0.136
251000,0.110,0.752,0.138
251500,0.123,0.739,0.139
252000,0.126,0.712,0.162
252500,0.139,0.703,0.158
253000,0.137,0.719,0.144
253500,0.122,0.725,0.153
254000,0.126,0.719,0.155
254500,0.121,0.720,0.159
255000,0.145,0.706,0.149
255500,0.133,0.697,0.171
256000,0.122,0.709,0.170
256500,0.114,0.702,0.184
257000,0.111,0.703,0.186
257500,0.111,0.713,0.176
258000,0.147,0.664,0.189
258500,0.160,0.638,0.201
259000,0.172,0.615,0.213
259500,0.183,0.613,0.204
260000,0.181,0.638,0.181
260500,0.164,0.662,0.174
261000,0.169,0.650,0.182
261500,0.199,0.614,0.187
262000,0.174,0.627,0.199
262500,0.155,0.640,0.204
263000,0.171,0.623,0.206
263500,0.163,0.614,0.223
264000,0.176,0.625,0.199
264500,0.210,0.600,0.190
265000,0.206,0.577,0.217
265500,0.189,0.577,0.234
266000,0.222,0.563,0.216
266500,0.213,0.589,0.197
267000,0.209,0.580,0.210
267500,0.213,0.586,0.200
268000,0.230,0.579,0.191
268500,0.202,0.598,0.200
269000,0.220,0.563,0.218
269500,0.218,0.557,0.226
270000,0.200,0.556,0.244
270500,0.204,0.556,0.240
271000,0.205,0.567,0.228
271500,0.201,0.591,0.207
272000,0.219,0.569,0.212
272500,0.213,0.541,0.245
273000,0.229,0.561,0.210
273500,0.229,0.576,0.195
274000,0.211,0.605,0.184
274500,0.208,0.585,0.206
275000,0.195,0.587,0.218
275500,0.210,0.574,0.216
276000,0.195,0.567,0.238
276500,0.192,0.567,0.241
277000,0.174,0.605,0.222
277500,0.160,0.616,0.224
278000,0.163,0.617,0.220
278500,0.163,0.651,0.186
279000,0.142,0.662,0.196
279500,0.141,0.675,0.184
280000,0.132,0.680,0.188
280500,0.114,0.686,0.199
281000,0.128,0.685,0.187
281500,0.133,0.669,0.198
282000,0.117,0.699,0.184
282500,0.125,0.698,0.178
283000,0.108,0.703,0.189
283500,0.102,0.722,0.176
284000,0.102,0.729,0.169
284500,0.107,0.712,0.181
285000,0.091,0.740,0.170
285500,0.086,0.749,0.165
286000,0.089,0.726,0.185
286500,0.095,0.733,0.172
287000,0.106,0.732,0.161
287500,0.108,0.744,0.148
288000,0.101,0.750,0.149
288500,0.088,0.737,0.175
289000,0.102,0.722,0.176
289500,0.116,0.705,0.179
290000,0.122,0.684,0.194
290500,0.105,0.715,0.180
291000,0.102,0.728,0.170
291500,0.120,0.719,0.161
292000,0.121,0.703,0.177
292500,0.127,0.684,0.189
293000,0.140,0.689,0.171
293500,0.132,0.679,0.189
294000,0.120,0.694,0.187
294500,0.140,0.678,0.182
295000,0.135,0.666,0.199
295500,0.157,0.655,0.188
296000,0.139,0.697,0.164
296500,0.149,0.678,0.173
297000,0.131,0.704,0.165
297500,0.118,0.698,0.184
298000,0.111,0.692,0.197
298500,0.112,0.698,0.190
299000,0.132,0.668,0.200
299500,0.109,0.710,0.181
300000,0.094,0.728,0.178
300500,0.087,0.736,0.177
301000,0.083,0.745,0.173
301500,0.098,0.721,0.181
302000,0.106,0.726,0.168
302500,0.114,0.733,0.152
303000,0.108,0.736,0.155
303500,0.094,0.732,0.174
304000,0.075,0.775,0.150
304500,0.072,0.787,0.142
305000,0.064,0.778,0.157
305500,0.070,0.781,0.148
306000,0.082,0.781,0.137
306500,0.088,0.756,0.156
307000,0.085,0.739,0.177
307500,0.090,0.750,0.160
308000,0.090,0.760,0.150
308500,0.083,0.773,0.144
309000,0.068,0.766,0.165
309500,0.077,0.768,0.155
310000,0.097,0.740,0.163
310500,0.112,0.721,0.166
311000,0.078,0.733,0.189
311500,0.090,0.752,0.158
312000,0.082,0.754,0.164
312500,0.099,0.742,0.159
313000,0.082,0.776,0.142
313500,0.068,0.792,0.140
314000,0.064,0.797,0.139
314500,0.067,0.776,0.156
315000,0.101,0.737,0.161
315500,0.102,0.747,0.151
316000,0.100,0.756,0.144
316500,0.107,0.750,0.143
317000,0.096,0.748,0.156
317500,0.116,0.748,0.136
318000,0.120,0.719,0.161
318500,0.078,0.760,0.162
319000,0.082,0.773,0.145
319500,0.089,0.748,0.163
320000,0.089,0.753,0.158
320500,0.116,0.730,0.153
321000,0.108,0.745,0.147
321500,0.087,0.762,0.151
322000,0.078,0.766,0.156
322500,0.090,0.779,0.131
323000,0.078,0.779,0.143
323500,0.087,0.767,0.146
324000,0.125,0.726,0.149
324500,0.121,0.719,0.160
325000,0.118,0.711,0.171
325500,0.116,0.733,0.150
326000,0.141,0.708,0.151
326500,0.141,0.676,0.183
327000,0.151,0.665,0.184
327500,0.170,0.654,0.177
328000,0.177,0.616,0.207
328500,0.185,0.605,0.210
329000,0.194,0.582,0.224
329500,0.183,0.593,0.224
330000,0.175,0.611,0.215
330500,0.173,0.629,0.198
331000,0.150,0.634,0.216
331500,0.166,0.636,0.197
332000,0.176,0.628,0.196
332500,0.156,0.622,0.222
333000,0.141,0.638,0.221
333500,0.160,0.656,0.184
334000,0.168,0.629,0.203
334500,0.157,0.657,0.186
335000,0.142,0.676,0.182
335500,0.158,0.659,0.183
336000,0.144,0.675,0.181
336500,0.129,0.669,0.202
337000,0.138,0.656,0.206
337500,0.117,0.680,0.202
338000,0.101,0.704,0.195
338500,0.088,0.748,0.164
339000,0.086,0.732,0.182
339500,0.089,0.734,0.177
340000,0.078,0.730,0.192
340500,0.089,0.733,0.178
341000,0.107,0.703,0.190
341500,0.103,0.712,0.185
342000,0.096,0.713,0.191
342500,0.086,0.739,0.176
343000,0.104,0.709,0.187
343500,0.089,0.735,0.176
344000,0.106,0.745,0.149
344500,0.085,0.729,0.186
345000,0.070,0.758,0.172
345500,0.075,0.765,0.160
346000,0.067,0.775,0.157
346500,0.063,0.798,0.139
347000,0.074,0.798,0.129
347500,0.073,0.799,0.129
348000,0.062,0.807,0.131
348500,0.063,0.837,0.100
349000,0.077,0.801,0.123
349500,0.082,0.781,0.137
350000,0.068,0.781,0.150
350500,0.073,0.792,0.136
351000,0.087,0.783,0.130
351500,0.091,0.777,0.132
352000,0.085,0.799,0.116
352500,0.082,0.782,0.136
353000,0.077,0.778,0.145
353500,0.079,0.788,0.134
354000,0.101,0.770,0.129
354500,0.079,0.783,0.138
355000,0.104,0.745,0.151
355500,0.102,0.769,0.129
356000,0.114,0.752,0.134
356500,0.112,0.736,0.151
357000,0.120,0.719,0.161
357500,0.107,0.764,0.129
358000,0.121,0.766,0.113
358500,0.118,0.748,0.134
359000,0.096,0.761,0.143
359500,0.105,0.755,0.140
360000,0.089,0.767,0.144
360500,0.088,0.769,0.143
361000,0.109,0.748,0.143
361500,0.118,0.741,0.141
362000,0.112,0.733,0.154
362500,0.099,0.767,0.134
363000,0.106,0.767,0.127
363500,0.085,0.793,0.123
364000,0.078,0.814,0.108
364500,0.072,0.812,0.116
365000,0.077,0.802,0.122
365500,0.057,0.824,0.118
366000,0.056,0.834,0.110
366500,0.058,0.840,0.102
367000,0.065,0.842,0.093
367500,0.054,0.863,0.083
368000,0.063,0.818,0.118
368500,0.056,0.835,0.109
369000,0.058,0.807,0.135
369500,0.054,0.827,0.118
370000,0.068,0.818,0.113
370500,0.065,0.813,0.122
371000,0.082,0.799,0.120
371500,0.077,0.805,0.118
372000,0.081,0.795,0.125
372500,0.081,0.801,0.118
373000,0.074,0.796,0.131
373500,0.066,0.807,0.127
374000,0.065,0.799,0.136
374500,0.070,0.805,0.125
375000,0.085,0.799,0.116
375500,0.083,0.795,0.123
376000,0.084,0.764,0.152
376500,0.103,0.744,0.153
377000,0.091,0.771,0.138
377500,0.099,0.736,0.164
378000,0.109,0.728,0.162
378500,0.109,0.730,0.160
379000,0.120,0.730,0.150
379500,0.118,0.732,0.149
380000,0.118,0.755,0.127
380500,0.104,0.751,0.145
381000,0.102,0.732,0.165
381500,0.097,0.747,0.156
382000,0.097,0.741,0.162
382500,0.103,0.733,0.163
383000,0.103,0.722,0.175
383500,0.112,0.717,0.171
384000,0.099,0.731,0.170
384500,0.105,0.728,0.166
385000,0.124,0.721,0.155
385500,0.132,0.707,0.161
386000,0.116,0.714,0.170
386500,0.132,0.697,0.172
387000,0.107,0.750,0.143
387500,0.087,0.771,0.142
388000,0.096,0.761,0.143
388500,0.094,0.767,0.139
389000,0.100,0.769,0.131
389500,0.122,0.739,0.140
390000,0.134,0.722,0.144
390500,0.122,0.729,0.149
391000,0.113,0.736,0.150
391500,0.106,0.743,0.151
392000,0.093,0.752,0.155
392500,0.085,0.776,0.139
393000,0.074,0.771,0.155
393500,0.062,0.810,0.128
394000,0.051,0.806,0.143
394500,0.063,0.793,0.144
395000,0.066,0.805,0.129
395500,0.063,0.806,0.131
396000,0.053,0.825,0.122
396500,0.077,0.802,0.122
397000,0.080,0.767,0.153
397500,0.081,0.790,0.130
398000,0.083,0.776,0.141
398500,0.063,0.802,0.135
399000,0.051,0.824,0.125
399500,0.054,0.842,0.104
400000,0.045,0.847,0.108
400500,0.043,0.855,0.102
401000,0.050,0.858,0.092
401500,0.052,0.856,0.092
402000,0.049,0.849,0.102
402500,0.050,0.849,0.101
403000,0.047,0.850,0.103
403500,0.047,0.846,0.107
404000,0.050,0.846,0.104
404500,0.047,0.826,0.127
405000,0.044,0.827,0.129
405500,0.047,0.837,0.116
406000,0.062,0.818,0.120
406500,0.061,0.825,0.113
407000,0.064,0.826,0.109
407500,0.059,0.825,0.115
408000,0.052,0.848,0.100
408500,0.048,0.837,0.115
409000,0.048,0.845,0.107
409500,0.049,0.850,0.101
410000,0.040,0.863,0.097
410500,0.032,0.883,0.086
411000,0.042,0.855,0.103
411500,0.051,0.838,0.111
412000,0.038,0.851,0.111
412500,0.046,0.858,0.096
413000,0.067,0.848,0.085
413500,0.050,0.870,0.080
414000,0.042,0.870,0.088
414500,0.036,0.882,0.083
415000,0.036,0.877,0.087
415500,0.035,0.870,0.095
416000,0.038,0.884,0.079
416500,0.035,0.888,0.078
417000,0.031,0.897,0.073
417500,0.033,0.899,0.068
418000,0.055,0.861,0.084
418500,0.050,0.854,0.096
419000,0.044,0.866,0.090
419500,0.039,0.857,0.104
420000,0.043,0.863,0.094
420500,0.038,0.874,0.088
421000,0.031,0.863,0.106
421500,0.044,0.857,0.099
422000,0.042,0.872,0.086
422500,0.041,0.857,0.102
423000,0.042,0.851,0.107
423500,0.050,0.851,0.099
424000,0.044,0.846,0.110
424500,0.056,0.831,0.112
425000,0.052,0.821,0.127
425500,0.069,0.822,0.108
426000,0.061,0.837,0.102
426500,0.056,0.824,0.120
427000,0.052,0.840,0.108
427500,0.044,0.828,0.128
428000,0.054,0.815,0.131
428500,0.049,0.824,0.127
429000,0.042,0.831,0.127
429500,0.044,0.836,0.121
430000,0.048,0.836,0.116
430500,0.050,0.823,0.127
431000,0.056,0.839,0.105
431500,0.051,0.851,0.098
432000,0.078,0.804,0.118
432500,0.097,0.794,0.109
433000,0.093,0.792,0.115
433500,0.104,0.774,0.122
434000,0.099,0.793,0.108
434500,0.122,0.760,0.118
435000,0.128,0.741,0.132
435500,0.110,0.736,0.153
436000,0.118,0.712,0.170
436500,0.111,0.752,0.137
437000,0.106,0.766,0.128
437500,0.093,0.757,0.150
438000,0.107,0.741,0.152
438500,0.105,0.729,0.165
439000,0.089,0.771,0.140
439500,0.098,0.776,0.126
440000,0.096,0.768,0.136
440500,0.082,0.768,0.150
441000,0.073,0.776,0.151
441500,0.062,0.799,0.139
442000,0.062,0.801,0.137
442500,0.075,0.813,0.112
443000,0.084,0.805,0.111
443500,0.098,0.777,0.125
444000,0.086,0.773,0.141
444500,0.075,0.807,0.118
445000,0.068,0.805,0.127
445500,0.064,0.811,0.125
446000,0.065,0.829,0.105
446500,0.063,0.820,0.116
447000,0.091,0.805,0.104
447500,0.092,0.766,0.142
448000,0.080,0.780,0.140
448500,0.065,0.780,0.154
449000,0.090,0.778,0.132
449500,0.088,0.794,0.118
450000,0.085,0.811,0.104
450500,0.113,0.781,0.105
451000,0.107,0.766,0.127
451500,0.145,0.706,0.149
452000,0.154,0.679,0.166
452500,0.170,0.678,0.152
453000,0.160,0.681,0.158
453500,0.148,0.666,0.186
454000,0.136,0.661,0.203
454500,0.139,0.678,0.183
455000,0.128,0.687,0.185
455500,0.110,0.707,0.183
456000,0.125,0.678,0.197
456500,0.117,0.704,0.179
457000,0.115,0.707,0.178
457500,0.121,0.712,0.168
458000,0.116,0.718,0.165
458500,0.126,0.706,0.169
459000,0.129,0.678,0.193
459500,0.141,0.676,0.183
460000,0.140,0.693,0.168
460500,0.173,0.660,0.168
461000,0.164,0.660,0.176
461500,0.165,0.669,0.165
462000,0.176,0.641,0.183
462500,0.183,0.642,0.175
463000,0.194,0.620,0.186
463500,0.202,0.608,0.190
464000,0.181,0.639,0.180
464500,0.178,0.633,0.189
465000,0.172,0.613,0.216
465500,0.165,0.615,0.220
466000,0.154,0.622,0.224
466500,0.159,0.621,0.220
467000,0.120,0.675,0.205
467500,0.132,0.666,0.202
468000,0.112,0.684,0.203
468500,0.114,0.689,0.196
469000,0.142,0.678,0.180
469500,0.127,0.673,0.200
470000,0.111,0.685,0.203
470500,0.099,0.716,0.185
471000,0.101,0.724,0.175
471500,0.087,0.749,0.164
472000,0.091,0.749,0.160
472500,0.094,0.731,0.175
473000,0.087,0.754,0.159
473500,0.087,0.752,0.161
474000,0.108,0.737,0.154
474500,0.095,0.753,0.152
475000,0.113,0.718,0.169
475500,0.124,0.705,0.172
476000,0.140,0.685,0.175
476500,0.134,0.689,0.177
477000,0.129,0.684,0.187
477500,0.138,0.681,0.181
478000,0.163,0.638,0.198
478500,0.185,0.616,0.199
479000,0.180,0.634,0.186
479500,0.176,0.644,0.181
480000,0.176,0.634,0.190
480500,0.183,0.608,0.209
481000,0.207,0.593,0.199
481500,0.188,0.614,0.198
482000,0.181,0.603,0.217
482500,0.189,0.592,0.219
483000,0.166,0.628,0.205
483500,0.162,0.631,0.206
484000,0.169,0.631,0.200
484500,0.147,0.629,0.224
485000,0.194,0.617,0.189
485500,0.182,0.608,0.210
486000,0.187,0.594,0.219
486500,0.204,0.594,0.201
487000,0.196,0.606,0.198
487500,0.159,0.626,0.215
488000,0.168,0.623,0.209
488500,0.152,0.641,0.206
489000,0.175,0.630,0.195
489500,0.198,0.608,0.194
490000,0.191,0.624,0.185
490500,0.220,0.596,0.185
491000,0.223,0.582,0.195
491500,0.222,0.590,0.188
492000,0.234,0.566,0.200
492500,0.220,0.559,0.222
493000,0.230,0.545,0.225
493500,0.263,0.510,0.228
494000,0.244,0.535,0.221
494500,0.226,0.556,0.219
495000,0.263,0.536,0.201
495500,0.257,0.517,0.226
496000,0.263,0.524,0.213
496500,0.240,0.537,0.223
497000,0.221,0.541,0.238
497500,0.199,0.565,0.236
498000,0.229,0.542,0.229
498500,0.221,0.546,0.233
499000,0.222,0.528,0.250
499500,0.251,0.510,0.239
500000,0.284,0.497,0.219
500500,0.257,0.524,0.219
501000,0.222,0.545,0.233
501500,0.219,0.531,0.250
502000,0.198,0.582,0.220
502500,0.215,0.576,0.209
503000,0.229,0.538,0.233
503500,0.198,0.581,0.221
504000,0.161,0.635,0.203
504500,0.176,0.635,0.189
505000,0.169,0.639,0.192
505500,0.171,0.630,0.199
506000,0.171,0.617,0.212
506500,0.157,0.620,0.223
507000,0.157,0.618,0.225
507500,0.160,0.626,0.213
508000,0.146,0.628,0.226
508500,0.166,0.615,0.219
509000,0.185,0.591,0.224
509500,0.208,0.564,0.228
510000,0.239,0.562,0.199
510500,0.263,0.530,0.207
511000,0.269,0.536,0.195
511500,0.220,0.557,0.224
512000,0.194,0.572,0.234
512500,0.220,0.560,0.221
513000,0.222,0.560,0.219
513500,0.239,0.529,0.232
514000,0.240,0.525,0.235
514500,0.241,0.528,0.231
515000,0.248,0.518,0.234
515500,0.240,0.531,0.229
516000,0.218,0.536,0.246
516500,0.212,0.554,0.234
517000,0.194,0.582,0.224
517500,0.199,0.564,0.237
518000,0.172,0.592,0.236
518500,0.170,0.598,0.233
519000,0.183,0.612,0.205
519500,0.171,0.606,0.224
520000,0.178,0.592,0.230
520500,0.183,0.599,0.219
521000,0.179,0.575,0.246
521500,0.158,0.636,0.205
522000,0.155,0.618,0.227
522500,0.171,0.621,0.208
523000,0.171,0.592,0.237
523500,0.171,0.614,0.216
524000,0.140,0.635,0.225
524500,0.139,0.656,0.205
525000,0.143,0.661,0.196
525500,0.130,0.651,0.220
526000,0.129,0.661,0.210
526500,0.128,0.631,0.241
527000,0.129,0.658,0.213
527500,0.116,0.682,0.201
528000,0.112,0.687,0.200
528500,0.104,0.708,0.188
529000,0.103,0.704,0.193
529500,0.097,0.696,0.207
530000,0.097,0.712,0.191
530500,0.095,0.711,0.194
531000,0.100,0.725,0.175
531500,0.113,0.716,0.171
532000,0.100,0.731,0.169
532500,0.088,0.749,0.163
533000,0.079,0.772,0.149
533500,0.084,0.777,0.139
534000,0.073,0.785,0.142
534500,0.068,0.794,0.138
535000,0.064,0.801,0.135
535500,0.061,0.817,0.122
536000,0.068,0.804,0.128
536500,0.074,0.788,0.139
537000,0.069,0.794,0.137
537500,0.091,0.753,0.156
538000,0.086,0.782,0.132
538500,0.076,0.789,0.136
539000,0.061,0.809,0.130
539500,0.052,0.823,0.125
540000,0.046,0.832,0.122
540500,0.040,0.842,0.118
541000,0.046,0.844,0.110
541500,0.045,0.856,0.099
542000,0.046,0.856,0.098
542500,0.041,0.864,0.095
543000,0.059,0.842,0.099
543500,0.060,0.822,0.117
544000,0.058,0.827,0.114
544500,0.060,0.821,0.118
545000,0.066,0.816,0.117
545500,0.084,0.780,0.136
546000,0.100,0.770,0.130
546500,0.089,0.767,0.144
547000,0.106,0.743,0.151
547500,0.091,0.736,0.173
548000,0.094,0.711,0.195
548500,0.101,0.722,0.177
549000,0.099,0.752,0.149
549500,0.104,0.760,0.136
550000,0.079,0.783,0.138
550500,0.070,0.787,0.143
551000,0.079,0.761,0.160
551500,0.094,0.756,0.150
552000,0.086,0.760,0.154
552500,0.080,0.784,0.136
553000,0.066,0.792,0.142
553500,0.073,0.790,0.138
554000,0.061,0.769,0.170
554500,0.058,0.798,0.144
555000,0.047,0.827,0.126
555500,0.049,0.823,0.128
556000,0.045,0.834,0.122
556500,0.045,0.823,0.132
557000,0.047,0.842,0.111
557500,0.056,0.826,0.117
558000,0.069,0.801,0.130
558500,0.057,0.809,0.134
559000,0.063,0.805,0.132
559500,0.075,0.790,0.136
560000,0.062,0.823,0.114
560500,0.052,0.836,0.112
561000,0.048,0.838,0.114
561500,0.068,0.823,0.108
562000,0.091,0.791,0.118
562500,0.099,0.758,0.143
563000,0.101,0.772,0.127
563500,0.090,0.774,0.136
564000,0.108,0.759,0.133
564500,0.097,0.773,0.130
565000,0.113,0.763,0.124
565500,0.112,0.763,0.125
566000,0.108,0.764,0.128
566500,0.080,0.787,0.134
567000,0.060,0.804,0.136
567500,0.060,0.806,0.134
568000,0.077,0.803,0.121
568500,0.080,0.795,0.126
569000,0.065,0.823,0.111
569500,0.051,0.837,0.112
570000,0.068,0.812,0.120
570500,0.072,0.809,0.120
571000,0.072,0.806,0.123
571500,0.072,0.812,0.116
572000,0.048,0.827,0.125
572500,0.042,0.839,0.120
573000,0.060,0.806,0.134
573500,0.051,0.841,0.108
574000,0.053,0.824,0.123
574500,0.040,0.852,0.108
575000,0.046,0.857,0.097
575500,0.041,0.863,0.096
576000,0.046,0.864,0.090
576500,0.046,0.868,0.086
577000,0.044,0.871,0.085
577500,0.044,0.853,0.103
578000,0.055,0.856,0.089
578500,0.055,0.853,0.092
579000,0.059,0.826,0.114
579500,0.048,0.826,0.126
580000,0.057,0.828,0.114
580500,0.060,0.818,0.122
581000,0.045,0.842,0.113
581500,0.052,0.816,0.132
582000,0.041,0.835,0.125
582500,0.055,0.826,0.118
583000,0.043,0.849,0.108
583500,0.063,0.797,0.140
584000,0.049,0.819,0.132
584500,0.078,0.755,0.168
585000,0.078,0.758,0.164
585500,0.069,0.751,0.180
586000,0.083,0.734,0.183
586500,0.102,0.733,0.164
587000,0.095,0.733,0.172
587500,0.088,0.742,0.171
588000,0.081,0.760,0.159
588500,0.082,0.763,0.155
589000,0.079,0.755,0.166
589500,0.077,0.754,0.170
590000,0.086,0.737,0.177
590500,0.111,0.727,0.161
591000,0.144,0.675,0.181
591500,0.148,0.648,0.204
592000,0.154,0.667,0.179
592500,0.140,0.658,0.202
593000,0.174,0.623,0.203
593500,0.179,0.630,0.191
594000,0.146,0.629,0.225
594500,0.172,0.607,0.222
595000,0.178,0.617,0.205
595500,0.176,0.601,0.224
596000,0.134,0.659,0.207
596500,0.131,0.666,0.203
597000,0.128,0.682,0.190
597500,0.095,0.683,0.222
598000,0.111,0.655,0.234
598500,0.137,0.644,0.220
599000,0.114,0.664,0.222
599500,0.130,0.636,0.234
600000,0.115,0.665,0.220
600500,0.112,0.669,0.219
601000,0.089,0.702,0.209
601500,0.077,0.753,0.171
602000,0.070,0.783,0.146
602500,0.062,0.780,0.157
603000,0.065,0.794,0.141
603500,0.056,0.793,0.151
604000,0.064,0.800,0.136
604500,0.070,0.789,0.141
605000,0.062,0.785,0.152
605500,0.069,0.790,0.141
606000,0.086,0.762,0.152
606500,0.092,0.770,0.138
607000,0.083,0.771,0.146
607500,0.067,0.802,0.131
608000,0.065,0.802,0.133
608500,0.068,0.807,0.125
609000,0.063,0.816,0.121
609500,0.068,0.813,0.118
610000,0.072,0.775,0.153
610500,0.058,0.765,0.177
611000,0.056,0.795,0.149
611500,0.062,0.796,0.142
612000,0.086,0.755,0.159
612500,0.094,0.756,0.150
613000,0.086,0.739,0.176
613500,0.092,0.744,0.164
614000,0.077,0.767,0.156
614500,0.053,0.808,0.139
615000,0.056,0.804,0.140
615500,0.038,0.841,0.122
616000,0.045,0.843,0.112
616500,0.053,0.837,0.110
617000,0.051,0.855,0.094
617500,0.045,0.861,0.094
618000,0.042,0.860,0.098
618500,0.038,0.859,0.103
619000,0.042,0.868,0.090
619500,0.041,0.870,0.089
620000,0.044,0.870,0.086
620500,0.039,0.887,0.075
621000,0.036,0.884,0.081
621500,0.031,0.891,0.079
622000,0.033,0.887,0.081
622500,0.036,0.869,0.095
623000,0.032,0.870,0.098
623500,0.047,0.863,0.090
624000,0.051,0.854,0.095
624500,0.050,0.851,0.099
625000,0.040,0.843,0.117
625500,0.026,0.868,0.106
626000,0.034,0.874,0.092
626500,0.036,0.878,0.086
627000,0.049,0.869,0.082
627500,0.084,0.815,0.101
628000,0.067,0.806,0.127
628500,0.068,0.808,0.124
629000,0.055,0.827,0.117
629500,0.077,0.816,0.107
630000,0.081,0.811,0.108
630500,0.085,0.801,0.114
631000,0.087,0.795,0.118
631500,0.055,0.810,0.135
632000,0.057,0.815,0.128
632500,0.060,0.806,0.134
633000,0.044,0.816,0.140
633500,0.040,0.837,0.124
634000,0.056,0.830,0.113
634500,0.045,0.842,0.113
635000,0.070,0.799,0.131
635500,0.080,0.792,0.129
636000,0.095,0.746,0.159
636500,0.089,0.760,0.151
637000,0.091,0.774,0.135
637500,0.081,0.758,0.161
638000,0.058,0.792,0.150
638500,0.066,0.790,0.144
639000,0.069,0.790,0.141
639500,0.068,0.817,0.114
640000,0.059,0.818,0.123
640500,0.055,0.808,0.137
641000,0.044,0.842,0.114
641500,0.042,0.825,0.133
642000,0.043,0.838,0.120
642500,0.048,0.828,0.124
643000,0.046,0.820,0.134
643500,0.059,0.825,0.115
644000,0.051,0.817,0.132
644500,0.066,0.798,0.136
645000,0.105,0.767,0.128
645500,0.098,0.761,0.141
646000,0.096,0.726,0.178
646500,0.093,0.741,0.166
647000,0.138,0.693,0.170
647500,0.138,0.685,0.177
648000,0.141,0.675,0.184
648500,0.136,0.654,0.210
649000,0.143,0.686,0.171
649500,0.151,0.653,0.196
650000,0.147,0.683,0.170
650500,0.135,0.692,0.174
651000,0.151,0.681,0.168
651500,0.186,0.618,0.196
652000,0.228,0.621,0.151
652500,0.220,0.592,0.188
653000,0.244,0.574,0.182
653500,0.224,0.557,0.220
654000,0.221,0.566,0.213
654500,0.231,0.579,0.190
655000,0.185,0.591,0.224
655500,0.179,0.610,0.211
656000,0.162,0.628,0.209
656500,0.179,0.626,0.195
657000,0.193,0.630,0.177
657500,0.163,0.644,0.193
658000,0.166,0.620,0.213
658500,0.161,0.644,0.195
659000,0.186,0.626,0.188
659500,0.154,0.626,0.220
660000,0.176,0.622,0.202
660500,0.162,0.620,0.218
661000,0.151,0.652,0.197
661500,0.172,0.627,0.201
662000,0.168,0.636,0.196
662500,0.155,0.628,0.217
663000,0.153,0.631,0.216
663500,0.161,0.620,0.219
664000,0.188,0.597,0.216
664500,0.219,0.572,0.209
665000,0.218,0.567,0.216
665500,0.243,0.551,0.206
666000,0.244,0.545,0.210
666500,0.222,0.579,0.199
667000,0.222,0.576,0.202
667500,0.216,0.582,0.202
668000,0.204,0.581,0.215
668500,0.202,0.601,0.197
669000,0.218,0.574,0.208
669500,0.218,0.563,0.220
670000,0.212,0.578,0.209
670500,0.209,0.587,0.203
671000,0.210,0.561,0.229
671500,0.221,0.565,0.215
672000,0.232,0.553,0.216
672500,0.207,0.570,0.223
673000,0.219,0.543,0.238
673500,0.200,0.577,0.223
674000,0.212,0.573,0.215
674500,0.186,0.590,0.224
675000,0.204,0.598,0.198
675500,0.207,0.587,0.205
676000,0.199,0.600,0.201
676500,0.182,0.584,0.234
677000,0.226,0.558,0.217
677500,0.233,0.547,0.220
678000,0.217,0.539,0.244
678500,0.227,0.556,0.218
679000,0.207,0.577,0.216
679500,0.201,0.580,0.219
680000,0.212,0.568,0.220
680500,0.206,0.567,0.227
681000,0.206,0.560,0.234
681500,0.210,0.545,0.244
682000,0.234,0.551,0.216
682500,0.255,0.515,0.230
683000,0.263,0.522,0.216
683500,0.261,0.520,0.219
684000,0.251,0.509,0.240
684500,0.285,0.482,0.233
685000,0.293,0.482,0.225
685500,0.293,0.494,0.212
686000,0.294,0.496,0.209
686500,0.275,0.490,0.235
687000,0.265,0.499,0.236
687500,0.233,0.535,0.232
688000,0.246,0.547,0.206
688500,0.222,0.586,0.192
689000,0.226,0.571,0.203
689500,0.243,0.557,0.200
690000,0.288,0.512,0.200
690500,0.291,0.497,0.211
691000,0.282,0.480,0.238
691500,0.312,0.462,0.227
692000,0.329,0.459,0.212
692500,0.281,0.481,0.238
693000,0.287,0.481,0.232
693500,0.281,0.484,0.235
694000,0.286,0.469,0.245
694500,0.288,0.479,0.233
695000,0.260,0.455,0.285
695500,0.277,0.447,0.276
696000,0.298,0.455,0.247
696500,0.300,0.423,0.277
697000,0.307,0.445,0.247
697500,0.267,0.444,0.289
698000,0.270,0.462,0.269
698500,0.275,0.438,0.287
699000,0.303,0.429,0.268
699500,0.282,0.454,0.265
700000,0.298,0.434,0.268
700500,0.265,0.484,0.251
701000,0.298,0.447,0.254
701500,0.326,0.417,0.257
702000,0.306,0.444,0.249
702500,0.337,0.409,0.254
703000,0.371,0.377,0.252
703500,0.387,0.359,0.254
704000,0.392,0.346,0.261
704500,0.434,0.308,0.257
705000,0.454,0.300,0.246
705500,0.458,0.291,0.251
706000,0.491,0.268,0.241
706500,0.497,0.275,0.228
707000,0.530,0.251,0.219
707500,0.492,0.277,0.231
708000,0.505,0.269,0.227
708500,0.464,0.277,0.259
709000,0.455,0.295,0.250
709500,0.449,0.312,0.239
710000,0.435,0.313,0.252
710500,0.420,0.329,0.251
711000,0.422,0.341,0.237
711500,0.443,0.327,0.230
712000,0.446,0.319,0.235
712500,0.471,0.312,0.218
713000,0.438,0.311,0.251
713500,0.434,0.308,0.257
714000,0.454,0.282,0.265
714500,0.445,0.273,0.282
715000,0.480,0.288,0.232
715500,0.458,0.307,0.235
716000,0.459,0.309,0.232
716500,0.468,0.281,0.251
717000,0.497,0.271,0.232
717500,0.505,0.277,0.219
718000,0.494,0.263,0.243
718500,0.488,0.268,0.244
719000,0.486,0.278,0.236
719500,0.476,0.266,0.258
720000,0.503,0.261,0.236
720500,0.502,0.266,0.233
721000,0.493,0.273,0.234
721500,0.502,0.261,0.237
722000,0.507,0.268,0.226
722500,0.497,0.271,0.232
723000,0.509,0.268,0.224
723500,0.508,0.259,0.233
724000,0.530,0.255,0.215
724500,0.537,0.238,0.225
725000,0.552,0.239,0.209
725500,0.560,0.235,0.205
726000,0.567,0.236,0.197
726500,0.601,0.212,0.187
727000,0.639,0.194,0.166
727500,0.649,0.183,0.169
728000,0.640,0.183,0.177
728500,0.636,0.184,0.180
729000,0.650,0.174,0.177
729500,0.646,0.175,0.180
730000,0.669,0.175,0.156
730500,0.674,0.165,0.160
731000,0.684,0.165,0.150
731500,0.694,0.154,0.152
732000,0.676,0.157,0.166
732500,0.687,0.168,0.145
733000,0.679,0.162,0.158
733500,0.676,0.161,0.162
734000,0.679,0.163,0.157
734500,0.696,0.156,0.148
735000,0.710,0.152,0.138
735500,0.702,0.148,0.150
736000,0.718,0.139,0.143
736500,0.730,0.138,0.132
737000,0.733,0.138,0.129
737500,0.733,0.137,0.130
738000,0.746,0.134,0.121
738500,0.745,0.144,0.111
739000,0.748,0.135,0.117
739500,0.762,0.136,0.102
740000,0.769,0.133,0.098
740500,0.769,0.134,0.097
741000,0.773,0.129,0.098
741500,0.779,0.126,0.095
742000,0.783,0.125,0.092
742500,0.781,0.124,0.095
743000,0.788,0.124,0.089
743500,0.785,0.123,0.092
744000,0.773,0.123,0.104
744500,0.776,0.123,0.101
745000,0.767,0.139,0.094
745500,0.756,0.136,0.108
746000,0.756,0.132,0.112
746500,0.763,0.133,0.104
747000,0.759,0.140,0.101
747500,0.769,0.130,0.101
748000,0.777,0.128,0.095
748500,0.769,0.124,0.107
749000,0.778,0.118,0.103
749500,0.781,0.117,0.101
750000,0.790,0.116,0.094
750500,0.781,0.113,0.105
751000,0.782,0.111,0.106
751500,0.787,0.111,0.102
752000,0.793,0.110,0.097
752500,0.798,0.110,0.092
753000,0.801,0.110,0.089
753500,0.807,0.109,0.084
754000,0.809,0.108,0.083
754500,0.810,0.106,0.084
755000,0.813,0.104,0.083
755500,0.811,0.104,0.085
756000,0.805,0.104,0.091
756500,0.816,0.101,0.083
757000,0.819,0.100,0.081
757500,0.818,0.101,0.081
758000,0.819,0.099,0.082
758500,0.820,0.099,0.081
759000,0.820,0.101,0.079
759500,0.820,0.100,0.080
760000,0.821,0.097,0.082
760500,0.823,0.097,0.080
761000,0.824,0.098,0.078
761500,0.825,0.096,0.079
762000,0.827,0.096,0.077
762500,0.831,0.094,0.075
763000,0.830,0.093,0.077
763500,0.831,0.095,0.074
764000,0.830,0.093,0.077
764500,0.826,0.093,0.081
765000,0.832,0.092,0.076
765500,0.838,0.091,0.072
766000,0.834,0.090,0.077
766500,0.835,0.090,0.076
767000,0.832,0.090,0.078
767500,0.832,0.091,0.077
768000,0.839,0.091,0.070
768500,0.841,0.090,0.069
769000,0.843,0.089,0.068
769500,0.846,0.089,0.065
770000,0.844,0.089,0.067
770500,0.847,0.089,0.064
771000,0.847,0.089,0.064
771500,0.848,0.088,0.064
772000,0.848,0.088,0.064
772500,0.850,0.087,0.063
773000,0.850,0.086,0.064
773500,0.850,0.086,0.064
774000,0.848,0.085,0.067
774500,0.849,0.084,0.067
775000,0.847,0.083,0.070
775500,0.848,0.083,0.069
776000,0.849,0.083,0.068
776500,0.848,0.082,0.070
777000,0.848,0.082,0.070
777500,0.849,0.081,0.070
778000,0.849,0.081,0.070
778500,0.850,0.081,0.069
779000,0.851,0.081,0.068
779500,0.850,0.081,0.069
780000,0.855,0.081,0.064
780500,0.855,0.081,0.064
781000,0.857,0.081,0.062
781500,0.857,0.079,0.064
782000,0.856,0.079,0.065
782500,0.856,0.078,0.066
783000,0.857,0.078,0.065
783500,0.857,0.077,0.066
784000,0.858,0.076,0.066
784500,0.860,0.075,0.065
785000,0.859,0.075,0.066
785500,0.859,0.075,0.066
786000,0.861,0.075,0.064
786500,0.859,0.075,0.066
787000,0.862,0.074,0.064
787500,0.862,0.073,0.065
788000,0.863,0.073,0.064
788500,0.862,0.073,0.065
789000,0.865,0.072,0.063
789500,0.865,0.072,0.063
790000,0.865,0.072,0.063
790500,0.866,0.070,0.063
791000,0.866,0.070,0.063
791500,0.866,0.070,0.063
792000,0.866,0.070,0.063
792500,0.866,0.070,0.063
793000,0.866,0.070,0.063
793500,0.864,0.073,0.063
794000,0.866,0.070,0.063
794500,0.866,0.070,0.063
795000,0.865,0.070,0.064
795500,0.866,0.069,0.064
796000,0.866,0.069,0.064
796500,0.868,0.069,0.062
797000,0.868,0.072,0.060
797500,0.870,0.072,0.058
798000,0.870,0.072,0.058
798500,0.866,0.072,0.062
799000,0.870,0.072,0.058
799500,0.871,0.072,0.057
800000,0.870,0.072,0.058
800500,0.867,0.072,0.061
801000,0.870,0.072,0.058
801500,0.871,0.072,0.057
802000,0.872,0.072,0.056
802500,0.872,0.072,0.056
803000,0.872,0.072,0.056
803500,0.872,0.072,0.056
