time,n_A+p,n_B,n_AB
100,0.381,0.473,0.146
200,0.339,0.402,0.259
300,0.309,0.347,0.344
400,0.268,0.328,0.404
500,0.241,0.304,0.455
600,0.227,0.298,0.475
700,0.221,0.282,0.497
800,0.212,0.275,0.513
900,0.208,0.239,0.552
1000,0.201,0.221,0.577
1100,0.209,0.210,0.581
1200,0.215,0.202,0.583
1300,0.213,0.186,0.601
1400,0.197,0.190,0.613
1500,0.207,0.169,0.624
1600,0.193,0.168,0.639
1700,0.179,0.162,0.659
1800,0.175,0.163,0.662
1900,0.176,0.161,0.663
2000,0.176,0.165,0.659
2100,0.177,0.160,0.663
2200,0.178,0.152,0.670
2300,0.174,0.141,0.685
2400,0.172,0.146,0.682
2500,0.178,0.154,0.668
2600,0.182,0.161,0.657
2700,0.176,0.172,0.651
2800,0.163,0.162,0.675
2900,0.154,0.145,0.701
3000,0.180,0.134,0.685
3100,0.176,0.135,0.689
3200,0.202,0.123,0.675
3300,0.211,0.115,0.674
3400,0.204,0.111,0.686
3500,0.190,0.100,0.710
3600,0.190,0.096,0.714
3700,0.175,0.102,0.724
3800,0.171,0.104,0.726
3900,0.166,0.118,0.716
4000,0.150,0.125,0.725
4100,0.143,0.123,0.733
4200,0.140,0.124,0.736
4300,0.139,0.118,0.743
4400,0.148,0.120,0.732
4500,0.146,0.127,0.727
4600,0.147,0.125,0.728
4700,0.154,0.121,0.725
4800,0.149,0.114,0.737
4900,0.145,0.117,0.738
5000,0.144,0.111,0.744
5100,0.159,0.106,0.735
5200,0.166,0.110,0.724
5300,0.159,0.097,0.743
5400,0.144,0.109,0.747
5500,0.144,0.109,0.746
5600,0.135,0.115,0.750
5700,0.132,0.128,0.740
5800,0.126,0.118,0.756
5900,0.121,0.104,0.775
6000,0.120,0.098,0.782
6100,0.116,0.104,0.780
6200,0.114,0.101,0.785
6300,0.107,0.101,0.793
6400,0.122,0.106,0.772
6500,0.113,0.104,0.783
6600,0.114,0.104,0.783
6700,0.111,0.109,0.780
6800,0.130,0.124,0.746
6900,0.166,0.106,0.728
7000,0.140,0.101,0.760
7100,0.135,0.108,0.757
7200,0.141,0.124,0.735
7300,0.136,0.122,0.742
7400,0.135,0.107,0.758
7500,0.133,0.103,0.764
7600,0.123,0.109,0.768
7700,0.129,0.107,0.764
7800,0.142,0.108,0.750
7900,0.150,0.086,0.765
8000,0.175,0.074,0.751
8100,0.188,0.065,0.747
8200,0.246,0.060,0.694
8300,0.250,0.058,0.692
8400,0.241,0.061,0.698
8500,0.225,0.056,0.718
8600,0.235,0.063,0.703
8700,0.233,0.054,0.713
8800,0.238,0.051,0.711
8900,0.246,0.053,0.701
9000,0.242,0.056,0.703
9100,0.247,0.047,0.706
9200,0.233,0.042,0.725
9300,0.250,0.042,0.708
9400,0.256,0.047,0.697
9500,0.265,0.050,0.685
9600,0.262,0.050,0.688
9700,0.261,0.048,0.691
9800,0.225,0.048,0.728
9900,0.230,0.051,0.719
10000,0.240,0.049,0.711
10100,0.246,0.049,0.705
10200,0.215,0.048,0.737
10300,0.247,0.047,0.707
10400,0.237,0.047,0.716
10500,0.253,0.045,0.702
10600,0.234,0.049,0.717
10700,0.220,0.047,0.733
10800,0.251,0.048,0.701
10900,0.239,0.066,0.696
11000,0.239,0.061,0.700
11100,0.229,0.051,0.720
11200,0.238,0.058,0.704
11300,0.223,0.065,0.712
11400,0.214,0.076,0.710
11500,0.193,0.063,0.744
11600,0.197,0.059,0.743
11700,0.193,0.075,0.732
11800,0.187,0.073,0.740
11900,0.169,0.074,0.757
12000,0.176,0.077,0.747
12100,0.164,0.072,0.765
12200,0.176,0.068,0.756
12300,0.174,0.071,0.755
12400,0.175,0.065,0.760
12500,0.178,0.067,0.755
12600,0.173,0.067,0.760
12700,0.169,0.067,0.764
12800,0.171,0.069,0.760
12900,0.175,0.061,0.764
13000,0.173,0.061,0.766
13100,0.174,0.066,0.760
13200,0.155,0.061,0.784
13300,0.164,0.064,0.772
13400,0.162,0.065,0.772
13500,0.148,0.061,0.790
13600,0.156,0.055,0.789
13700,0.133,0.064,0.803
13800,0.140,0.068,0.792
13900,0.115,0.072,0.814
14000,0.115,0.086,0.799
14100,0.118,0.095,0.787
14200,0.114,0.088,0.797
14300,0.127,0.074,0.799
14400,0.109,0.080,0.810
14500,0.107,0.088,0.805
14600,0.100,0.092,0.808
14700,0.105,0.072,0.824
14800,0.129,0.087,0.784
14900,0.112,0.081,0.806
15000,0.109,0.081,0.809
15100,0.115,0.076,0.810
15200,0.133,0.070,0.797
15300,0.148,0.068,0.783
15400,0.155,0.067,0.778
15500,0.134,0.069,0.797
15600,0.130,0.076,0.793
15700,0.123,0.090,0.788
15800,0.109,0.093,0.798
15900,0.120,0.086,0.793
16000,0.119,0.092,0.789
16100,0.122,0.101,0.777
16200,0.097,0.108,0.796
16300,0.115,0.111,0.774
16400,0.104,0.115,0.781
16500,0.095,0.115,0.790
16600,0.095,0.120,0.784
16700,0.108,0.122,0.771
16800,0.118,0.111,0.772
16900,0.116,0.112,0.772
17000,0.111,0.098,0.792
17100,0.122,0.107,0.771
17200,0.133,0.092,0.775
17300,0.129,0.091,0.780
17400,0.135,0.083,0.782
17500,0.150,0.075,0.776
17600,0.151,0.071,0.778
17700,0.164,0.077,0.759
17800,0.204,0.069,0.727
17900,0.192,0.080,0.728
18000,0.182,0.070,0.747
18100,0.172,0.076,0.751
18200,0.181,0.073,0.746
18300,0.171,0.073,0.757
18400,0.177,0.077,0.746
18500,0.176,0.071,0.753
18600,0.191,0.075,0.734
18700,0.183,0.083,0.733
18800,0.172,0.075,0.754
18900,0.184,0.073,0.743
19000,0.193,0.064,0.743
19100,0.180,0.067,0.753
19200,0.171,0.065,0.764
19300,0.194,0.065,0.742
19400,0.205,0.062,0.733
19500,0.215,0.064,0.721
19600,0.194,0.066,0.740
19700,0.187,0.062,0.750
19800,0.186,0.062,0.752
19900,0.196,0.059,0.746
20000,0.204,0.056,0.739
20100,0.168,0.057,0.775
20200,0.184,0.054,0.763
20300,0.173,0.069,0.758
20400,0.173,0.070,0.756
20500,0.185,0.065,0.750
20600,0.181,0.055,0.764
20700,0.193,0.055,0.751
20800,0.179,0.063,0.757
20900,0.193,0.058,0.749
21000,0.189,0.055,0.756
21100,0.211,0.049,0.740
21200,0.229,0.054,0.717
21300,0.221,0.049,0.730
21400,0.232,0.054,0.715
21500,0.235,0.049,0.716
21600,0.253,0.054,0.693
21700,0.235,0.053,0.712
21800,0.225,0.047,0.728
21900,0.235,0.047,0.718
22000,0.235,0.052,0.714
22100,0.230,0.053,0.717
22200,0.224,0.053,0.723
22300,0.235,0.044,0.721
22400,0.260,0.036,0.704
22500,0.258,0.036,0.706
22600,0.263,0.033,0.704
22700,0.280,0.038,0.682
22800,0.282,0.036,0.683
22900,0.296,0.033,0.671
23000,0.311,0.034,0.654
23100,0.283,0.029,0.688
23200,0.306,0.027,0.667
23300,0.302,0.027,0.672
23400,0.294,0.034,0.672
23500,0.289,0.030,0.682
23600,0.296,0.032,0.672
23700,0.303,0.032,0.665
23800,0.289,0.031,0.679
23900,0.263,0.032,0.705
24000,0.260,0.036,0.704
24100,0.263,0.037,0.701
24200,0.306,0.029,0.665
24300,0.324,0.026,0.650
24400,0.311,0.024,0.665
24500,0.312,0.028,0.660
24600,0.300,0.029,0.672
24700,0.290,0.025,0.685
24800,0.310,0.022,0.668
24900,0.327,0.019,0.654
25000,0.355,0.019,0.626
25100,0.348,0.020,0.632
25200,0.336,0.022,0.642
25300,0.325,0.023,0.652
25400,0.319,0.024,0.657
25500,0.306,0.025,0.669
25600,0.299,0.022,0.679
25700,0.313,0.025,0.662
25800,0.309,0.023,0.668
25900,0.291,0.026,0.683
26000,0.319,0.022,0.659
26100,0.335,0.023,0.643
26200,0.327,0.026,0.647
26300,0.324,0.024,0.653
26400,0.306,0.027,0.667
26500,0.313,0.023,0.664
26600,0.300,0.026,0.675
26700,0.310,0.026,0.665
26800,0.353,0.027,0.619
26900,0.365,0.026,0.609
27000,0.367,0.024,0.609
27100,0.350,0.023,0.626
27200,0.347,0.019,0.634
27300,0.357,0.019,0.623
27400,0.371,0.017,0.612
27500,0.378,0.019,0.603
27600,0.380,0.017,0.603
27700,0.366,0.018,0.616
27800,0.364,0.018,0.618
27900,0.378,0.017,0.605
28000,0.367,0.012,0.620
28100,0.391,0.015,0.595
28200,0.397,0.012,0.591
28300,0.396,0.010,0.594
28400,0.375,0.011,0.614
28500,0.382,0.010,0.608
28600,0.355,0.012,0.633
28700,0.355,0.011,0.634
28800,0.364,0.015,0.621
28900,0.349,0.013,0.637
29000,0.322,0.016,0.662
29100,0.332,0.019,0.649
29200,0.339,0.020,0.640
29300,0.346,0.022,0.632
29400,0.346,0.020,0.634
29500,0.314,0.020,0.666
29600,0.291,0.019,0.690
29700,0.287,0.016,0.697
29800,0.299,0.023,0.678
29900,0.286,0.023,0.691
30000,0.286,0.023,0.691
30100,0.303,0.015,0.682
30200,0.320,0.019,0.661
30300,0.289,0.018,0.693
30400,0.293,0.016,0.691
30500,0.280,0.023,0.697
30600,0.335,0.022,0.643
30700,0.339,0.017,0.644
30800,0.304,0.016,0.679
30900,0.317,0.018,0.665
31000,0.306,0.017,0.677
31100,0.311,0.019,0.671
31200,0.293,0.022,0.685
31300,0.302,0.018,0.680
31400,0.296,0.026,0.678
31500,0.300,0.027,0.673
31600,0.286,0.030,0.685
31700,0.272,0.036,0.692
31800,0.263,0.034,0.703
31900,0.264,0.031,0.705
32000,0.296,0.027,0.677
32100,0.274,0.026,0.700
32200,0.264,0.029,0.708
32300,0.268,0.029,0.704
32400,0.272,0.030,0.698
32500,0.228,0.038,0.735
32600,0.242,0.031,0.727
32700,0.260,0.035,0.705
32800,0.279,0.031,0.689
32900,0.283,0.027,0.690
33000,0.265,0.027,0.708
33100,0.258,0.027,0.715
33200,0.267,0.022,0.711
33300,0.298,0.018,0.684
33400,0.327,0.023,0.650
33500,0.313,0.020,0.668
33600,0.312,0.019,0.669
33700,0.294,0.019,0.687
33800,0.307,0.017,0.676
33900,0.354,0.020,0.626
34000,0.354,0.019,0.626
34100,0.347,0.019,0.633
34200,0.341,0.020,0.639
34300,0.328,0.017,0.655
34400,0.298,0.023,0.679
34500,0.302,0.027,0.671
34600,0.297,0.026,0.676
34700,0.296,0.026,0.678
34800,0.288,0.026,0.686
34900,0.267,0.027,0.706
35000,0.251,0.042,0.707
35100,0.265,0.040,0.695
35200,0.243,0.044,0.714
35300,0.245,0.052,0.703
35400,0.242,0.060,0.698
35500,0.233,0.066,0.701
35600,0.262,0.066,0.672
35700,0.263,0.056,0.681
35800,0.257,0.049,0.694
35900,0.239,0.066,0.695
36000,0.251,0.049,0.700
36100,0.241,0.041,0.718
36200,0.237,0.035,0.728
36300,0.230,0.031,0.739
36400,0.259,0.034,0.707
36500,0.275,0.028,0.697
36600,0.278,0.024,0.697
36700,0.281,0.035,0.684
36800,0.289,0.027,0.683
36900,0.309,0.028,0.663
37000,0.306,0.026,0.669
37100,0.311,0.026,0.663
37200,0.320,0.026,0.654
37300,0.335,0.028,0.637
37400,0.316,0.029,0.655
37500,0.316,0.031,0.653
37600,0.332,0.036,0.632
37700,0.347,0.036,0.616
37800,0.327,0.037,0.636
37900,0.311,0.030,0.658
38000,0.327,0.027,0.647
38100,0.325,0.030,0.644
38200,0.340,0.032,0.628
38300,0.346,0.030,0.625
38400,0.333,0.033,0.634
38500,0.358,0.029,0.614
38600,0.347,0.029,0.624
38700,0.343,0.022,0.635
38800,0.354,0.025,0.620
38900,0.360,0.017,0.623
39000,0.339,0.023,0.639
39100,0.370,0.020,0.610
39200,0.361,0.019,0.620
39300,0.341,0.025,0.634
39400,0.335,0.020,0.644
39500,0.340,0.020,0.640
39600,0.347,0.020,0.633
39700,0.316,0.023,0.661
39800,0.287,0.034,0.679
39900,0.312,0.029,0.659
40000,0.310,0.029,0.661
40100,0.331,0.024,0.646
40200,0.332,0.030,0.639
40300,0.333,0.029,0.638
40400,0.354,0.027,0.619
40500,0.375,0.034,0.591
40600,0.388,0.021,0.591
40700,0.380,0.024,0.597
40800,0.407,0.017,0.576
40900,0.413,0.016,0.570
41000,0.412,0.016,0.572
41100,0.424,0.016,0.560
41200,0.391,0.016,0.594
41300,0.406,0.015,0.579
41400,0.432,0.016,0.552
41500,0.424,0.015,0.562
41600,0.410,0.013,0.577
41700,0.412,0.014,0.575
41800,0.429,0.013,0.558
41900,0.415,0.013,0.572
42000,0.384,0.014,0.602
42100,0.359,0.015,0.626
42200,0.377,0.015,0.608
42300,0.407,0.016,0.577
42400,0.388,0.015,0.598
42500,0.395,0.016,0.589
42600,0.393,0.015,0.593
42700,0.394,0.013,0.593
42800,0.373,0.013,0.614
42900,0.368,0.013,0.619
43000,0.378,0.017,0.605
43100,0.381,0.018,0.601
43200,0.376,0.017,0.607
43300,0.369,0.017,0.614
43400,0.339,0.017,0.643
43500,0.340,0.016,0.644
43600,0.345,0.022,0.633
43700,0.311,0.020,0.669
43800,0.319,0.017,0.664
43900,0.322,0.024,0.654
44000,0.327,0.022,0.651
44100,0.305,0.017,0.678
44200,0.335,0.017,0.648
44300,0.316,0.020,0.664
44400,0.327,0.021,0.652
44500,0.303,0.016,0.682
44600,0.315,0.013,0.671
44700,0.349,0.009,0.643
44800,0.334,0.010,0.656
44900,0.361,0.009,0.629
45000,0.377,0.006,0.616
45100,0.387,0.008,0.605
45200,0.432,0.006,0.561
45300,0.403,0.006,0.591
45400,0.403,0.006,0.591
45500,0.450,0.008,0.542
45600,0.439,0.008,0.553
45700,0.407,0.008,0.586
45800,0.396,0.009,0.595
45900,0.402,0.008,0.591
46000,0.437,0.010,0.553
46100,0.457,0.010,0.533
46200,0.442,0.008,0.549
46300,0.441,0.008,0.551
46400,0.405,0.009,0.586
46500,0.377,0.011,0.612
46600,0.371,0.014,0.615
46700,0.354,0.013,0.633
46800,0.353,0.015,0.632
46900,0.324,0.020,0.656
47000,0.350,0.020,0.630
47100,0.339,0.012,0.649
47200,0.350,0.015,0.636
47300,0.331,0.018,0.651
47400,0.352,0.013,0.636
47500,0.352,0.011,0.637
47600,0.397,0.010,0.593
47700,0.407,0.015,0.578
47800,0.402,0.013,0.586
47900,0.398,0.012,0.591
48000,0.375,0.013,0.612
48100,0.364,0.013,0.623
48200,0.368,0.014,0.618
48300,0.371,0.015,0.614
48400,0.366,0.013,0.621
48500,0.393,0.013,0.593
48600,0.386,0.013,0.601
48700,0.391,0.016,0.593
48800,0.399,0.017,0.584
48900,0.392,0.017,0.591
49000,0.402,0.021,0.577
49100,0.368,0.021,0.611
49200,0.397,0.019,0.584
49300,0.424,0.015,0.562
49400,0.401,0.013,0.586
49500,0.413,0.013,0.574
49600,0.422,0.013,0.565
49700,0.414,0.017,0.568
49800,0.414,0.016,0.569
49900,0.397,0.018,0.585
50000,0.423,0.018,0.559
50100,0.410,0.019,0.571
50200,0.414,0.019,0.567
50300,0.416,0.013,0.570
50400,0.464,0.012,0.524
50500,0.452,0.016,0.531
50600,0.441,0.013,0.546
50700,0.433,0.012,0.555
50800,0.431,0.012,0.557
50900,0.429,0.011,0.560
51000,0.449,0.010,0.541
51100,0.445,0.012,0.544
51200,0.437,0.010,0.553
51300,0.400,0.013,0.587
51400,0.357,0.016,0.627
51500,0.354,0.011,0.635
51600,0.351,0.012,0.637
51700,0.332,0.016,0.653
51800,0.334,0.016,0.650
51900,0.322,0.023,0.654
52000,0.336,0.023,0.641
52100,0.349,0.027,0.624
52200,0.342,0.025,0.633
52300,0.359,0.021,0.620
52400,0.364,0.026,0.611
52500,0.363,0.031,0.606
52600,0.374,0.029,0.597
52700,0.357,0.024,0.619
52800,0.350,0.020,0.630
52900,0.367,0.019,0.615
53000,0.373,0.019,0.608
53100,0.364,0.017,0.619
53200,0.384,0.016,0.601
53300,0.378,0.016,0.607
53400,0.371,0.012,0.618
53500,0.377,0.015,0.608
53600,0.353,0.015,0.633
53700,0.341,0.017,0.641
53800,0.320,0.020,0.659
53900,0.314,0.032,0.654
54000,0.312,0.023,0.665
54100,0.304,0.021,0.675
54200,0.335,0.015,0.650
54300,0.324,0.014,0.662
54400,0.345,0.013,0.641
54500,0.335,0.016,0.649
54600,0.352,0.017,0.631
54700,0.351,0.020,0.629
54800,0.348,0.016,0.636
54900,0.360,0.016,0.625
55000,0.367,0.015,0.618
55100,0.361,0.013,0.626
55200,0.356,0.015,0.629
55300,0.345,0.019,0.636
55400,0.371,0.019,0.609
55500,0.395,0.024,0.581
55600,0.399,0.017,0.584
55700,0.385,0.018,0.597
55800,0.387,0.015,0.598
55900,0.366,0.017,0.617
56000,0.389,0.012,0.599
56100,0.383,0.011,0.606
56200,0.405,0.011,0.584
56300,0.421,0.011,0.568
56400,0.418,0.012,0.570
56500,0.416,0.012,0.572
56600,0.437,0.009,0.555
56700,0.406,0.006,0.588
56800,0.414,0.012,0.573
56900,0.401,0.010,0.589
57000,0.403,0.008,0.589
57100,0.395,0.008,0.597
57200,0.375,0.008,0.616
57300,0.386,0.013,0.601
57400,0.385,0.011,0.604
57500,0.402,0.019,0.579
57600,0.389,0.016,0.595
57700,0.361,0.017,0.622
57800,0.381,0.026,0.593
57900,0.378,0.028,0.594
58000,0.370,0.017,0.613
58100,0.391,0.019,0.590
58200,0.384,0.011,0.605
58300,0.396,0.016,0.587
58400,0.381,0.013,0.605
58500,0.367,0.012,0.621
58600,0.365,0.018,0.617
58700,0.347,0.015,0.638
58800,0.330,0.014,0.656
58900,0.363,0.014,0.623
59000,0.369,0.017,0.614
59100,0.363,0.023,0.614
59200,0.367,0.010,0.623
59300,0.346,0.009,0.646
59400,0.370,0.013,0.617
59500,0.371,0.022,0.608
59600,0.350,0.020,0.629
59700,0.359,0.023,0.618
59800,0.366,0.016,0.618
59900,0.378,0.019,0.603
60000,0.403,0.021,0.576
60100,0.360,0.018,0.622
60200,0.402,0.019,0.580
60300,0.405,0.016,0.579
60400,0.389,0.013,0.597
60500,0.395,0.016,0.590
60600,0.368,0.015,0.617
60700,0.392,0.015,0.593
60800,0.387,0.015,0.598
60900,0.384,0.012,0.604
61000,0.380,0.017,0.603
61100,0.396,0.019,0.584
61200,0.371,0.019,0.610
61300,0.349,0.017,0.633
61400,0.343,0.016,0.641
61500,0.348,0.016,0.636
61600,0.376,0.015,0.609
61700,0.375,0.016,0.608
61800,0.359,0.020,0.620
61900,0.336,0.024,0.639
62000,0.352,0.017,0.632
62100,0.350,0.023,0.627
62200,0.361,0.019,0.620
62300,0.353,0.013,0.633
62400,0.372,0.014,0.614
62500,0.355,0.013,0.632
62600,0.363,0.014,0.623
62700,0.389,0.011,0.600
62800,0.378,0.009,0.612
62900,0.388,0.010,0.601
63000,0.388,0.009,0.603
63100,0.409,0.010,0.581
63200,0.389,0.010,0.600
63300,0.407,0.013,0.580
63400,0.385,0.012,0.602
63500,0.388,0.011,0.601
63600,0.387,0.009,0.604
63700,0.382,0.017,0.600
63800,0.392,0.020,0.588
63900,0.386,0.018,0.595
64000,0.370,0.016,0.614
64100,0.377,0.016,0.607
64200,0.392,0.016,0.592
64300,0.407,0.020,0.573
64400,0.385,0.021,0.594
64500,0.402,0.027,0.572
64600,0.406,0.025,0.569
64700,0.394,0.022,0.584
64800,0.403,0.024,0.573
64900,0.412,0.020,0.569
65000,0.405,0.020,0.575
65100,0.371,0.018,0.611
65200,0.378,0.019,0.603
65300,0.376,0.018,0.606
65400,0.357,0.016,0.627
65500,0.361,0.015,0.624
65600,0.381,0.012,0.608
65700,0.380,0.012,0.608
65800,0.380,0.013,0.608
65900,0.352,0.016,0.633
66000,0.364,0.014,0.622
66100,0.331,0.017,0.652
66200,0.348,0.013,0.639
66300,0.343,0.015,0.642
66400,0.342,0.012,0.647
66500,0.325,0.014,0.661
66600,0.322,0.022,0.657
66700,0.328,0.017,0.655
66800,0.339,0.014,0.647
66900,0.299,0.013,0.688
67000,0.307,0.015,0.678
67100,0.281,0.016,0.703
67200,0.268,0.019,0.714
67300,0.266,0.025,0.709
67400,0.289,0.022,0.690
67500,0.331,0.018,0.651
67600,0.339,0.015,0.646
67700,0.364,0.017,0.619
67800,0.363,0.024,0.612
67900,0.359,0.026,0.615
68000,0.335,0.023,0.641
68100,0.312,0.023,0.665
68200,0.312,0.023,0.665
68300,0.343,0.020,0.636
68400,0.344,0.025,0.631
68500,0.338,0.024,0.638
68600,0.314,0.022,0.665
68700,0.288,0.027,0.685
68800,0.277,0.026,0.697
68900,0.293,0.024,0.683
69000,0.279,0.026,0.695
69100,0.281,0.023,0.697
69200,0.295,0.031,0.675
69300,0.309,0.035,0.656
69400,0.297,0.040,0.662
69500,0.288,0.047,0.665
69600,0.276,0.054,0.671
69700,0.311,0.045,0.644
69800,0.303,0.038,0.659
69900,0.294,0.038,0.668
70000,0.296,0.030,0.674
70100,0.306,0.027,0.666
70200,0.303,0.027,0.670
70300,0.312,0.024,0.664
70400,0.318,0.022,0.659
70500,0.311,0.022,0.667
70600,0.306,0.024,0.670
70700,0.289,0.024,0.687
70800,0.292,0.024,0.684
70900,0.294,0.021,0.685
71000,0.330,0.018,0.652
71100,0.339,0.016,0.644
71200,0.328,0.016,0.656
71300,0.330,0.018,0.652
71400,0.363,0.015,0.622
71500,0.332,0.017,0.651
71600,0.348,0.014,0.638
71700,0.350,0.016,0.634
71800,0.323,0.015,0.662
71900,0.328,0.017,0.655
72000,0.335,0.020,0.645
72100,0.338,0.017,0.645
72200,0.331,0.023,0.647
72300,0.342,0.020,0.637
72400,0.324,0.020,0.656
72500,0.321,0.017,0.661
72600,0.341,0.024,0.634
72700,0.345,0.029,0.626
72800,0.325,0.025,0.650
72900,0.333,0.023,0.644
73000,0.330,0.018,0.652
73100,0.318,0.017,0.664
73200,0.297,0.022,0.680
73300,0.311,0.017,0.672
73400,0.290,0.020,0.690
73500,0.279,0.022,0.698
73600,0.276,0.018,0.705
73700,0.262,0.019,0.719
73800,0.282,0.019,0.700
73900,0.267,0.023,0.710
74000,0.249,0.023,0.728
74100,0.254,0.019,0.726
74200,0.257,0.021,0.722
74300,0.264,0.023,0.713
74400,0.276,0.030,0.693
74500,0.282,0.030,0.687
74600,0.279,0.026,0.695
74700,0.290,0.027,0.683
74800,0.341,0.034,0.626
74900,0.353,0.022,0.625
75000,0.360,0.022,0.619
75100,0.302,0.027,0.671
75200,0.286,0.026,0.687
75300,0.272,0.026,0.702
75400,0.297,0.019,0.685
75500,0.292,0.024,0.684
75600,0.303,0.019,0.678
75700,0.325,0.018,0.657
75800,0.306,0.022,0.672
75900,0.314,0.017,0.669
76000,0.335,0.019,0.646
76100,0.325,0.022,0.653
76200,0.323,0.023,0.654
76300,0.364,0.025,0.611
76400,0.349,0.026,0.625
76500,0.339,0.027,0.634
76600,0.325,0.023,0.652
76700,0.330,0.015,0.655
76800,0.318,0.013,0.669
76900,0.338,0.015,0.648
77000,0.303,0.019,0.679
77100,0.291,0.019,0.690
77200,0.281,0.021,0.698
77300,0.270,0.017,0.712
77400,0.297,0.019,0.685
77500,0.296,0.014,0.690
77600,0.304,0.016,0.680
77700,0.299,0.016,0.685
77800,0.304,0.013,0.682
77900,0.309,0.016,0.675
78000,0.311,0.017,0.672
78100,0.322,0.014,0.664
78200,0.340,0.015,0.646
78300,0.342,0.016,0.642
78400,0.305,0.017,0.678
78500,0.304,0.016,0.680
78600,0.319,0.017,0.664
78700,0.314,0.016,0.669
78800,0.300,0.019,0.682
78900,0.322,0.016,0.662
79000,0.322,0.022,0.657
79100,0.313,0.020,0.667
79200,0.311,0.020,0.668
79300,0.338,0.023,0.639
79400,0.318,0.024,0.657
79500,0.316,0.019,0.665
79600,0.325,0.017,0.657
79700,0.325,0.019,0.655
79800,0.348,0.017,0.634
79900,0.373,0.018,0.609
80000,0.345,0.017,0.637
80100,0.331,0.017,0.651
80200,0.312,0.020,0.668
80300,0.287,0.020,0.693
80400,0.265,0.024,0.710
80500,0.246,0.027,0.726
80600,0.268,0.030,0.701
80700,0.295,0.022,0.683
80800,0.292,0.029,0.679
80900,0.264,0.030,0.706
81000,0.254,0.029,0.717
81100,0.263,0.027,0.710
81200,0.275,0.040,0.685
81300,0.249,0.041,0.710
81400,0.231,0.040,0.730
81500,0.231,0.045,0.724
81600,0.236,0.043,0.721
81700,0.269,0.049,0.682
81800,0.254,0.036,0.710
81900,0.269,0.036,0.694
82000,0.265,0.034,0.701
82100,0.261,0.045,0.694
82200,0.286,0.037,0.677
82300,0.268,0.038,0.694
82400,0.259,0.034,0.707
82500,0.254,0.047,0.699
82600,0.252,0.050,0.698
82700,0.235,0.044,0.722
82800,0.272,0.037,0.692
82900,0.282,0.031,0.687
83000,0.302,0.027,0.671
83100,0.296,0.028,0.676
83200,0.302,0.036,0.663
83300,0.327,0.030,0.644
83400,0.334,0.024,0.643
83500,0.331,0.027,0.641
83600,0.303,0.034,0.662
83700,0.312,0.034,0.654
83800,0.303,0.041,0.656
83900,0.317,0.038,0.645
84000,0.329,0.040,0.631
84100,0.317,0.038,0.645
84200,0.305,0.040,0.655
84300,0.302,0.037,0.662
84400,0.304,0.030,0.666
84500,0.300,0.025,0.675
84600,0.328,0.022,0.650
84700,0.325,0.024,0.651
84800,0.293,0.026,0.682
84900,0.314,0.023,0.664
85000,0.325,0.019,0.656
85100,0.325,0.015,0.659
85200,0.354,0.015,0.631
85300,0.385,0.020,0.595
85400,0.373,0.017,0.609
85500,0.364,0.016,0.620
85600,0.371,0.017,0.611
85700,0.370,0.019,0.612
85800,0.377,0.017,0.606
85900,0.371,0.015,0.614
86000,0.346,0.018,0.636
86100,0.362,0.021,0.617
86200,0.352,0.021,0.627
86300,0.342,0.016,0.642
86400,0.360,0.015,0.625
86500,0.361,0.017,0.622
86600,0.350,0.014,0.636
86700,0.374,0.017,0.609
86800,0.374,0.016,0.610
86900,0.380,0.015,0.605
87000,0.358,0.013,0.629
87100,0.352,0.016,0.633
87200,0.358,0.015,0.627
87300,0.364,0.017,0.619
87400,0.368,0.015,0.618
87500,0.360,0.016,0.624
87600,0.357,0.018,0.625
87700,0.347,0.018,0.634
87800,0.341,0.022,0.637
87900,0.342,0.019,0.639
88000,0.355,0.016,0.629
88100,0.360,0.017,0.623
88200,0.359,0.012,0.629
88300,0.371,0.013,0.616
88400,0.375,0.013,0.612
88500,0.364,0.014,0.622
88600,0.329,0.013,0.658
88700,0.321,0.018,0.661
88800,0.311,0.026,0.664
88900,0.313,0.031,0.656
89000,0.318,0.028,0.654
89100,0.303,0.033,0.664
89200,0.335,0.030,0.636
89300,0.337,0.027,0.636
89400,0.320,0.030,0.650
89500,0.339,0.024,0.636
89600,0.336,0.020,0.644
89700,0.332,0.022,0.646
89800,0.339,0.017,0.644
89900,0.341,0.019,0.641
90000,0.314,0.014,0.672
90100,0.343,0.013,0.643
90200,0.360,0.014,0.626
90300,0.338,0.015,0.647
90400,0.339,0.018,0.643
90500,0.353,0.019,0.628
90600,0.352,0.023,0.625
90700,0.376,0.020,0.604
90800,0.394,0.017,0.589
90900,0.374,0.016,0.609
91000,0.355,0.015,0.630
91100,0.369,0.016,0.615
91200,0.375,0.016,0.609
91300,0.410,0.017,0.573
91400,0.368,0.018,0.614
91500,0.379,0.023,0.598
91600,0.370,0.019,0.611
91700,0.375,0.018,0.607
91800,0.381,0.015,0.604
91900,0.362,0.020,0.618
92000,0.365,0.017,0.618
92100,0.361,0.025,0.614
92200,0.354,0.024,0.622
92300,0.329,0.022,0.648
92400,0.334,0.022,0.644
92500,0.317,0.020,0.664
92600,0.315,0.020,0.665
92700,0.323,0.027,0.650
92800,0.345,0.024,0.630
92900,0.335,0.022,0.644
93000,0.355,0.015,0.630
93100,0.355,0.013,0.632
93200,0.359,0.016,0.626
93300,0.329,0.014,0.657
93400,0.355,0.009,0.636
93500,0.364,0.016,0.620
93600,0.354,0.012,0.634
93700,0.356,0.012,0.632
93800,0.360,0.013,0.627
93900,0.367,0.017,0.616
94000,0.366,0.017,0.616
94100,0.378,0.010,0.612
94200,0.363,0.008,0.629
94300,0.388,0.011,0.601
94400,0.364,0.012,0.623
94500,0.410,0.010,0.580
94600,0.396,0.014,0.590
94700,0.411,0.011,0.578
94800,0.400,0.010,0.590
94900,0.417,0.009,0.573
95000,0.412,0.009,0.579
95100,0.383,0.013,0.604
95200,0.400,0.010,0.590
95300,0.396,0.011,0.593
95400,0.399,0.011,0.590
95500,0.386,0.015,0.600
95600,0.364,0.016,0.619
95700,0.350,0.013,0.637
95800,0.350,0.013,0.637
95900,0.328,0.019,0.653
96000,0.336,0.019,0.644
96100,0.356,0.019,0.625
96200,0.392,0.016,0.592
96300,0.384,0.014,0.602
96400,0.384,0.013,0.604
96500,0.392,0.015,0.593
96600,0.389,0.017,0.594
96700,0.396,0.018,0.586
96800,0.398,0.016,0.586
96900,0.403,0.015,0.582
97000,0.375,0.016,0.609
97100,0.407,0.011,0.582
97200,0.409,0.009,0.582
97300,0.373,0.015,0.612
97400,0.391,0.016,0.593
97500,0.370,0.020,0.611
97600,0.359,0.016,0.625
97700,0.374,0.013,0.612
97800,0.372,0.018,0.610
97900,0.369,0.013,0.618
98000,0.379,0.013,0.608
98100,0.354,0.016,0.630
98200,0.341,0.031,0.627
98300,0.330,0.020,0.650
98400,0.350,0.030,0.620
98500,0.349,0.031,0.619
98600,0.380,0.024,0.596
98700,0.390,0.017,0.593
98800,0.382,0.016,0.602
98900,0.377,0.015,0.608
99000,0.341,0.011,0.648
99100,0.345,0.013,0.642
99200,0.370,0.013,0.617
99300,0.333,0.015,0.653
99400,0.331,0.020,0.650
99500,0.338,0.020,0.641
99600,0.324,0.024,0.653
99700,0.335,0.016,0.649
99800,0.331,0.019,0.650
99900,0.307,0.027,0.666
100000,0.292,0.033,0.675
