time,n_A+p,n_B,n_AB
100,0.389,0.446,0.165
200,0.331,0.384,0.285
300,0.318,0.343,0.339
400,0.282,0.324,0.393
500,0.252,0.311,0.437
600,0.229,0.283,0.488
700,0.214,0.264,0.522
800,0.187,0.251,0.562
900,0.176,0.249,0.575
1000,0.173,0.243,0.584
1100,0.170,0.214,0.616
1200,0.168,0.200,0.632
1300,0.162,0.183,0.655
1400,0.151,0.175,0.675
1500,0.143,0.178,0.679
1600,0.129,0.166,0.704
1700,0.139,0.170,0.692
1800,0.136,0.161,0.704
1900,0.122,0.151,0.726
2000,0.125,0.158,0.717
2100,0.122,0.134,0.744
2200,0.144,0.132,0.724
2300,0.144,0.122,0.734
2400,0.148,0.123,0.728
2500,0.155,0.120,0.725
2600,0.144,0.121,0.735
2700,0.150,0.118,0.733
2800,0.151,0.108,0.742
2900,0.152,0.107,0.741
3000,0.132,0.104,0.764
3100,0.134,0.108,0.758
3200,0.130,0.126,0.743
3300,0.126,0.136,0.738
3400,0.114,0.133,0.753
3500,0.119,0.120,0.760
3600,0.112,0.127,0.760
3700,0.112,0.159,0.729
3800,0.098,0.157,0.746
3900,0.097,0.179,0.724
4000,0.092,0.168,0.740
4100,0.087,0.171,0.743
4200,0.082,0.178,0.740
4300,0.070,0.153,0.776
4400,0.066,0.171,0.763
4500,0.064,0.194,0.742
4600,0.064,0.218,0.718
4700,0.061,0.199,0.740
4800,0.068,0.189,0.743
4900,0.064,0.190,0.746
5000,0.060,0.176,0.764
5100,0.059,0.196,0.745
5200,0.056,0.200,0.743
5300,0.055,0.176,0.769
5400,0.060,0.144,0.796
5500,0.066,0.146,0.788
5600,0.062,0.168,0.769
5700,0.061,0.168,0.771
5800,0.060,0.162,0.778
5900,0.056,0.180,0.764
6000,0.062,0.172,0.767
6100,0.069,0.180,0.751
6200,0.076,0.167,0.757
6300,0.069,0.170,0.761
6400,0.077,0.187,0.736
6500,0.068,0.193,0.739
6600,0.069,0.192,0.739
6700,0.068,0.184,0.749
6800,0.072,0.172,0.756
6900,0.059,0.175,0.765
7000,0.069,0.179,0.752
7100,0.071,0.200,0.729
7200,0.072,0.226,0.703
7300,0.070,0.218,0.711
7400,0.068,0.217,0.715
7500,0.061,0.205,0.734
7600,0.053,0.200,0.747
7700,0.046,0.194,0.760
7800,0.045,0.183,0.771
7900,0.047,0.201,0.753
8000,0.049,0.201,0.749
8100,0.049,0.186,0.764
8200,0.049,0.194,0.757
8300,0.047,0.167,0.786
8400,0.047,0.172,0.781
8500,0.044,0.180,0.776
8600,0.055,0.170,0.775
8700,0.063,0.146,0.792
8800,0.065,0.145,0.790
8900,0.070,0.140,0.789
9000,0.065,0.154,0.781
9100,0.062,0.148,0.790
9200,0.060,0.153,0.787
9300,0.073,0.153,0.774
9400,0.065,0.148,0.788
9500,0.065,0.168,0.767
9600,0.062,0.157,0.781
9700,0.062,0.161,0.777
9800,0.055,0.164,0.781
9900,0.058,0.173,0.769
10000,0.052,0.150,0.798
10100,0.055,0.141,0.804
10200,0.057,0.143,0.800
10300,0.051,0.144,0.804
10400,0.045,0.158,0.797
10500,0.046,0.178,0.776
10600,0.054,0.169,0.777
10700,0.051,0.170,0.779
10800,0.051,0.157,0.792
10900,0.050,0.162,0.788
11000,0.053,0.168,0.779
11100,0.062,0.159,0.778
11200,0.054,0.158,0.788
11300,0.056,0.153,0.791
11400,0.055,0.146,0.799
11500,0.065,0.147,0.789
11600,0.061,0.144,0.795
11700,0.065,0.151,0.784
11800,0.082,0.143,0.775
11900,0.076,0.143,0.781
12000,0.084,0.132,0.784
12100,0.073,0.130,0.797
12200,0.079,0.141,0.780
12300,0.079,0.140,0.782
12400,0.093,0.134,0.772
12500,0.094,0.130,0.776
12600,0.083,0.120,0.797
12700,0.070,0.125,0.805
12800,0.069,0.132,0.799
12900,0.066,0.141,0.793
13000,0.075,0.138,0.788
13100,0.083,0.138,0.779
13200,0.085,0.132,0.783
13300,0.090,0.140,0.769
13400,0.093,0.127,0.780
13500,0.079,0.125,0.796
13600,0.090,0.123,0.788
13700,0.076,0.118,0.806
13800,0.094,0.130,0.775
13900,0.100,0.134,0.767
14000,0.085,0.139,0.776
14100,0.074,0.133,0.793
14200,0.069,0.124,0.807
14300,0.075,0.121,0.804
14400,0.081,0.123,0.796
14500,0.082,0.116,0.802
14600,0.074,0.136,0.790
14700,0.072,0.165,0.764
14800,0.071,0.153,0.776
14900,0.071,0.139,0.790
15000,0.075,0.140,0.785
15100,0.064,0.130,0.806
15200,0.065,0.125,0.811
15300,0.075,0.139,0.787
15400,0.070,0.142,0.788
15500,0.067,0.137,0.796
15600,0.067,0.118,0.815
15700,0.081,0.107,0.813
15800,0.079,0.114,0.807
15900,0.072,0.111,0.817
16000,0.059,0.141,0.800
16100,0.070,0.150,0.779
16200,0.079,0.146,0.776
16300,0.070,0.175,0.754
16400,0.065,0.158,0.776
16500,0.056,0.175,0.769
16600,0.053,0.167,0.780
16700,0.052,0.161,0.787
16800,0.055,0.150,0.796
16900,0.047,0.149,0.804
17000,0.049,0.133,0.818
17100,0.066,0.120,0.814
17200,0.059,0.138,0.803
17300,0.058,0.143,0.800
17400,0.052,0.168,0.780
17500,0.051,0.154,0.795
17600,0.050,0.174,0.776
17700,0.044,0.165,0.791
17800,0.045,0.151,0.804
17900,0.047,0.153,0.801
18000,0.049,0.140,0.811
18100,0.045,0.134,0.821
18200,0.046,0.120,0.834
18300,0.040,0.115,0.846
18400,0.047,0.120,0.833
18500,0.068,0.130,0.802
18600,0.063,0.146,0.792
18700,0.059,0.158,0.783
18800,0.054,0.183,0.763
18900,0.053,0.173,0.774
19000,0.059,0.182,0.759
19100,0.062,0.181,0.757
19200,0.060,0.177,0.763
19300,0.061,0.189,0.750
19400,0.054,0.187,0.759
19500,0.051,0.196,0.754
19600,0.052,0.180,0.767
19700,0.048,0.200,0.752
19800,0.047,0.194,0.758
19900,0.048,0.190,0.762
20000,0.047,0.194,0.759
20100,0.054,0.210,0.736
20200,0.056,0.192,0.752
20300,0.051,0.183,0.765
20400,0.065,0.181,0.754
20500,0.054,0.166,0.781
20600,0.052,0.154,0.795
20700,0.048,0.163,0.789
20800,0.048,0.159,0.792
20900,0.063,0.182,0.756
21000,0.057,0.186,0.757
21100,0.068,0.180,0.753
21200,0.056,0.167,0.776
21300,0.050,0.157,0.793
21400,0.051,0.161,0.788
21500,0.057,0.162,0.781
21600,0.059,0.160,0.781
21700,0.052,0.149,0.799
21800,0.054,0.156,0.790
21900,0.054,0.155,0.791
22000,0.054,0.139,0.807
22100,0.049,0.147,0.803
22200,0.044,0.141,0.815
22300,0.044,0.176,0.780
22400,0.038,0.201,0.761
22500,0.036,0.189,0.775
22600,0.028,0.206,0.766
22700,0.034,0.219,0.747
22800,0.035,0.200,0.765
22900,0.034,0.196,0.770
23000,0.031,0.199,0.770
23100,0.034,0.197,0.769
23200,0.031,0.222,0.746
23300,0.027,0.222,0.751
23400,0.024,0.237,0.739
23500,0.026,0.242,0.733
23600,0.024,0.253,0.723
23700,0.024,0.235,0.740
23800,0.031,0.232,0.736
23900,0.031,0.208,0.761
24000,0.036,0.186,0.778
24100,0.040,0.169,0.791
24200,0.056,0.169,0.775
24300,0.045,0.180,0.775
24400,0.054,0.166,0.781
24500,0.049,0.162,0.788
24600,0.044,0.147,0.810
24700,0.068,0.143,0.789
24800,0.058,0.136,0.806
24900,0.056,0.140,0.803
25000,0.051,0.151,0.798
25100,0.064,0.175,0.761
25200,0.050,0.183,0.767
25300,0.062,0.165,0.773
25400,0.066,0.153,0.782
25500,0.067,0.166,0.767
25600,0.069,0.149,0.782
25700,0.064,0.149,0.787
25800,0.054,0.166,0.780
25900,0.056,0.157,0.787
26000,0.063,0.141,0.795
26100,0.084,0.155,0.761
26200,0.077,0.142,0.781
26300,0.073,0.142,0.785
26400,0.081,0.140,0.779
26500,0.081,0.136,0.782
26600,0.095,0.130,0.775
26700,0.099,0.115,0.786
26800,0.101,0.110,0.789
26900,0.104,0.111,0.785
27000,0.090,0.115,0.795
27100,0.083,0.116,0.801
27200,0.077,0.116,0.807
27300,0.075,0.126,0.800
27400,0.080,0.124,0.796
27500,0.089,0.128,0.783
27600,0.085,0.136,0.779
27700,0.083,0.144,0.773
27800,0.072,0.127,0.802
27900,0.095,0.120,0.785
28000,0.105,0.134,0.761
28100,0.100,0.126,0.775
28200,0.090,0.115,0.795
28300,0.095,0.114,0.791
28400,0.101,0.109,0.790
28500,0.094,0.118,0.788
28600,0.104,0.109,0.787
28700,0.092,0.108,0.800
28800,0.084,0.116,0.800
28900,0.071,0.116,0.813
29000,0.062,0.123,0.815
29100,0.086,0.136,0.778
29200,0.080,0.128,0.792
29300,0.091,0.123,0.785
29400,0.090,0.119,0.790
29500,0.118,0.113,0.769
29600,0.115,0.127,0.757
29700,0.115,0.114,0.771
29800,0.112,0.111,0.777
29900,0.107,0.118,0.775
30000,0.114,0.121,0.765
30100,0.119,0.120,0.761
30200,0.104,0.109,0.788
30300,0.115,0.104,0.781
30400,0.105,0.096,0.799
30500,0.104,0.087,0.809
30600,0.113,0.091,0.796
30700,0.099,0.086,0.815
30800,0.101,0.094,0.804
30900,0.114,0.105,0.781
31000,0.101,0.097,0.802
31100,0.116,0.095,0.789
31200,0.120,0.103,0.776
31300,0.116,0.097,0.787
31400,0.136,0.089,0.775
31500,0.132,0.085,0.783
31600,0.151,0.084,0.765
31700,0.136,0.092,0.772
31800,0.133,0.086,0.781
31900,0.129,0.082,0.789
32000,0.123,0.096,0.781
32100,0.105,0.093,0.803
32200,0.095,0.076,0.829
32300,0.098,0.070,0.832
32400,0.086,0.077,0.837
32500,0.087,0.073,0.839
32600,0.093,0.068,0.839
32700,0.093,0.085,0.822
32800,0.087,0.090,0.824
32900,0.092,0.104,0.804
33000,0.088,0.100,0.811
33100,0.083,0.102,0.815
33200,0.086,0.104,0.810
33300,0.081,0.110,0.808
33400,0.080,0.104,0.816
33500,0.080,0.115,0.805
33600,0.074,0.106,0.820
33700,0.076,0.116,0.808
33800,0.073,0.105,0.821
33900,0.066,0.111,0.822
34000,0.065,0.119,0.816
34100,0.057,0.117,0.826
34200,0.064,0.118,0.818
34300,0.061,0.143,0.796
34400,0.055,0.133,0.811
34500,0.061,0.147,0.792
34600,0.066,0.164,0.770
34700,0.065,0.140,0.795
34800,0.052,0.138,0.810
34900,0.049,0.127,0.824
35000,0.049,0.146,0.805
35100,0.041,0.148,0.810
35200,0.037,0.150,0.813
35300,0.034,0.150,0.817
35400,0.042,0.182,0.776
35500,0.048,0.171,0.781
35600,0.050,0.169,0.781
35700,0.040,0.150,0.811
35800,0.038,0.173,0.789
35900,0.036,0.173,0.791
36000,0.033,0.176,0.791
36100,0.042,0.164,0.794
36200,0.054,0.183,0.763
36300,0.048,0.177,0.775
36400,0.051,0.179,0.769
36500,0.046,0.180,0.774
36600,0.056,0.174,0.770
36700,0.062,0.194,0.744
36800,0.068,0.193,0.740
36900,0.073,0.186,0.741
37000,0.063,0.162,0.775
37100,0.053,0.159,0.788
37200,0.064,0.134,0.802
37300,0.068,0.130,0.802
37400,0.069,0.133,0.798
37500,0.060,0.154,0.786
37600,0.069,0.147,0.785
37700,0.066,0.132,0.803
37800,0.070,0.120,0.810
37900,0.063,0.143,0.793
38000,0.064,0.146,0.790
38100,0.061,0.143,0.797
38200,0.060,0.142,0.798
38300,0.062,0.154,0.785
38400,0.073,0.159,0.768
38500,0.075,0.148,0.778
38600,0.080,0.147,0.773
38700,0.073,0.149,0.778
38800,0.079,0.158,0.764
38900,0.068,0.145,0.787
39000,0.076,0.145,0.779
39100,0.083,0.136,0.782
39200,0.083,0.152,0.765
39300,0.084,0.146,0.771
39400,0.080,0.135,0.785
39500,0.073,0.133,0.794
39600,0.068,0.152,0.780
39700,0.063,0.140,0.797
39800,0.047,0.169,0.785
39900,0.042,0.169,0.788
40000,0.040,0.173,0.787
40100,0.045,0.161,0.794
40200,0.053,0.153,0.794
40300,0.057,0.136,0.807
40400,0.059,0.134,0.807
40500,0.058,0.112,0.830
40600,0.061,0.102,0.838
40700,0.062,0.118,0.821
40800,0.076,0.109,0.814
40900,0.072,0.098,0.830
41000,0.074,0.102,0.824
41100,0.081,0.090,0.828
41200,0.075,0.094,0.831
41300,0.066,0.093,0.841
41400,0.070,0.090,0.841
41500,0.068,0.093,0.839
41600,0.068,0.083,0.849
41700,0.073,0.074,0.853
41800,0.062,0.093,0.845
41900,0.062,0.088,0.850
42000,0.068,0.093,0.839
42100,0.066,0.092,0.842
42200,0.076,0.086,0.838
42300,0.073,0.086,0.841
42400,0.069,0.094,0.837
42500,0.066,0.077,0.857
42600,0.058,0.079,0.863
42700,0.060,0.079,0.861
42800,0.066,0.099,0.835
42900,0.062,0.097,0.841
43000,0.065,0.123,0.812
43100,0.070,0.127,0.803
43200,0.071,0.116,0.813
43300,0.065,0.107,0.828
43400,0.064,0.122,0.814
43500,0.063,0.146,0.792
43600,0.059,0.153,0.788
43700,0.061,0.143,0.796
43800,0.062,0.140,0.798
43900,0.061,0.140,0.799
44000,0.073,0.122,0.804
44100,0.091,0.108,0.802
44200,0.092,0.100,0.808
44300,0.094,0.105,0.800
44400,0.083,0.093,0.825
44500,0.076,0.079,0.845
44600,0.088,0.085,0.827
44700,0.095,0.094,0.811
44800,0.086,0.090,0.825
44900,0.093,0.086,0.822
45000,0.095,0.097,0.808
45100,0.103,0.086,0.811
45200,0.108,0.102,0.790
45300,0.116,0.095,0.788
45400,0.095,0.107,0.797
45500,0.109,0.104,0.787
45600,0.118,0.091,0.791
45700,0.119,0.099,0.782
45800,0.117,0.081,0.802
45900,0.105,0.074,0.821
46000,0.092,0.097,0.811
46100,0.091,0.113,0.796
46200,0.093,0.107,0.800
46300,0.088,0.107,0.804
46400,0.095,0.093,0.811
46500,0.101,0.087,0.811
46600,0.088,0.114,0.798
46700,0.088,0.098,0.813
46800,0.083,0.097,0.821
46900,0.094,0.097,0.810
47000,0.093,0.090,0.817
47100,0.076,0.079,0.845
47200,0.083,0.080,0.837
47300,0.094,0.074,0.832
47400,0.087,0.077,0.836
47500,0.098,0.077,0.824
47600,0.092,0.078,0.830
47700,0.090,0.073,0.837
47800,0.079,0.079,0.843
47900,0.075,0.103,0.822
48000,0.069,0.094,0.838
48100,0.064,0.093,0.843
48200,0.075,0.096,0.829
48300,0.079,0.106,0.815
48400,0.066,0.098,0.836
48500,0.072,0.098,0.830
48600,0.079,0.100,0.821
48700,0.106,0.094,0.800
48800,0.109,0.087,0.804
48900,0.110,0.089,0.801
49000,0.101,0.085,0.814
49100,0.098,0.098,0.804
49200,0.076,0.105,0.819
49300,0.070,0.103,0.827
49400,0.065,0.101,0.834
49500,0.072,0.143,0.785
49600,0.059,0.153,0.788
49700,0.049,0.169,0.781
49800,0.048,0.168,0.784
49900,0.052,0.184,0.764
50000,0.046,0.164,0.790
50100,0.043,0.160,0.797
50200,0.044,0.156,0.800
50300,0.040,0.171,0.789
50400,0.036,0.182,0.782
50500,0.051,0.160,0.789
50600,0.049,0.158,0.792
50700,0.036,0.151,0.813
50800,0.038,0.143,0.819
50900,0.036,0.147,0.818
51000,0.039,0.150,0.811
51100,0.036,0.157,0.807
51200,0.040,0.143,0.817
51300,0.040,0.147,0.813
51400,0.034,0.144,0.821
51500,0.065,0.155,0.781
51600,0.060,0.147,0.793
51700,0.076,0.157,0.767
51800,0.075,0.157,0.768
51900,0.084,0.153,0.764
52000,0.066,0.154,0.780
52100,0.073,0.179,0.747
52200,0.066,0.172,0.763
52300,0.087,0.158,0.754
52400,0.081,0.139,0.779
52500,0.079,0.158,0.764
52600,0.061,0.150,0.789
52700,0.065,0.168,0.768
52800,0.063,0.166,0.771
52900,0.052,0.158,0.789
53000,0.048,0.155,0.796
53100,0.069,0.155,0.776
53200,0.072,0.147,0.782
53300,0.073,0.133,0.793
53400,0.051,0.146,0.803
53500,0.059,0.153,0.789
53600,0.060,0.141,0.799
53700,0.059,0.161,0.781
53800,0.055,0.153,0.792
53900,0.056,0.146,0.797
54000,0.066,0.139,0.795
54100,0.065,0.162,0.773
54200,0.055,0.147,0.798
54300,0.053,0.148,0.799
54400,0.061,0.141,0.798
54500,0.069,0.154,0.776
54600,0.057,0.164,0.779
54700,0.069,0.164,0.767
54800,0.063,0.149,0.788
54900,0.062,0.140,0.797
55000,0.055,0.163,0.782
55100,0.062,0.137,0.801
55200,0.056,0.136,0.807
55300,0.058,0.148,0.795
55400,0.051,0.147,0.802
55500,0.048,0.165,0.787
55600,0.049,0.173,0.778
55700,0.045,0.172,0.783
55800,0.061,0.151,0.789
55900,0.059,0.156,0.785
56000,0.062,0.157,0.781
56100,0.064,0.147,0.789
56200,0.055,0.148,0.797
56300,0.052,0.145,0.803
56400,0.055,0.130,0.814
56500,0.048,0.143,0.809
56600,0.047,0.152,0.801
56700,0.047,0.169,0.784
56800,0.048,0.160,0.792
56900,0.048,0.159,0.793
57000,0.049,0.166,0.784
57100,0.052,0.201,0.747
57200,0.048,0.197,0.756
57300,0.051,0.163,0.786
57400,0.048,0.182,0.771
57500,0.052,0.177,0.771
57600,0.054,0.169,0.777
57700,0.052,0.169,0.779
57800,0.048,0.158,0.795
57900,0.044,0.169,0.787
58000,0.044,0.162,0.794
58100,0.049,0.178,0.773
58200,0.047,0.190,0.764
58300,0.039,0.178,0.783
58400,0.043,0.169,0.788
58500,0.041,0.160,0.799
58600,0.036,0.161,0.803
58700,0.049,0.170,0.781
58800,0.049,0.157,0.795
58900,0.053,0.141,0.806
59000,0.049,0.137,0.814
59100,0.047,0.151,0.802
59200,0.046,0.178,0.776
59300,0.047,0.158,0.796
59400,0.041,0.172,0.788
59500,0.045,0.168,0.786
59600,0.042,0.147,0.811
59700,0.038,0.146,0.816
59800,0.031,0.151,0.818
59900,0.033,0.158,0.809
60000,0.042,0.148,0.809
60100,0.041,0.155,0.804
60200,0.044,0.146,0.810
60300,0.044,0.148,0.808
60400,0.045,0.157,0.798
60500,0.054,0.140,0.807
60600,0.054,0.123,0.822
60700,0.059,0.109,0.832
60800,0.056,0.113,0.831
60900,0.058,0.132,0.811
61000,0.056,0.152,0.792
61100,0.047,0.172,0.781
61200,0.047,0.179,0.774
61300,0.043,0.189,0.768
61400,0.035,0.201,0.764
61500,0.033,0.197,0.769
61600,0.032,0.215,0.753
61700,0.034,0.206,0.760
61800,0.037,0.197,0.766
61900,0.034,0.194,0.772
62000,0.035,0.195,0.770
62100,0.042,0.194,0.763
62200,0.044,0.192,0.764
62300,0.038,0.189,0.772
62400,0.043,0.161,0.796
62500,0.041,0.159,0.800
62600,0.038,0.173,0.789
62700,0.034,0.202,0.764
62800,0.033,0.227,0.740
62900,0.031,0.193,0.776
63000,0.045,0.201,0.754
63100,0.045,0.200,0.754
63200,0.047,0.191,0.763
63300,0.038,0.179,0.783
63400,0.038,0.176,0.785
63500,0.031,0.182,0.786
63600,0.043,0.188,0.769
63700,0.052,0.178,0.770
63800,0.044,0.172,0.784
63900,0.040,0.153,0.807
64000,0.040,0.168,0.792
64100,0.037,0.191,0.772
64200,0.040,0.164,0.796
64300,0.047,0.165,0.789
64400,0.044,0.165,0.790
64500,0.045,0.165,0.789
64600,0.042,0.169,0.789
64700,0.045,0.174,0.781
64800,0.052,0.150,0.798
64900,0.041,0.144,0.815
65000,0.048,0.135,0.817
65100,0.042,0.142,0.815
65200,0.059,0.140,0.801
65300,0.060,0.160,0.780
65400,0.059,0.147,0.794
65500,0.059,0.154,0.786
65600,0.058,0.157,0.786
65700,0.059,0.137,0.804
65800,0.052,0.134,0.814
65900,0.044,0.121,0.835
66000,0.049,0.131,0.820
66100,0.060,0.124,0.816
66200,0.059,0.125,0.816
66300,0.060,0.117,0.823
66400,0.058,0.122,0.820
66500,0.068,0.124,0.808
66600,0.070,0.119,0.811
66700,0.074,0.118,0.808
66800,0.070,0.132,0.797
66900,0.073,0.104,0.823
67000,0.070,0.100,0.830
67100,0.095,0.096,0.808
67200,0.084,0.093,0.822
67300,0.093,0.088,0.819
67400,0.097,0.093,0.810
67500,0.091,0.102,0.807
67600,0.081,0.108,0.810
67700,0.100,0.095,0.804
67800,0.104,0.090,0.807
67900,0.104,0.095,0.800
68000,0.126,0.092,0.782
68100,0.137,0.086,0.777
68200,0.142,0.081,0.777
68300,0.136,0.094,0.770
68400,0.129,0.098,0.773
68500,0.122,0.096,0.782
68600,0.136,0.093,0.771
68700,0.124,0.090,0.786
68800,0.110,0.095,0.795
68900,0.124,0.102,0.774
69000,0.129,0.098,0.772
69100,0.116,0.086,0.798
69200,0.119,0.088,0.793
69300,0.120,0.084,0.796
69400,0.122,0.087,0.791
69500,0.122,0.080,0.797
69600,0.136,0.076,0.789
69700,0.116,0.082,0.802
69800,0.091,0.091,0.818
69900,0.105,0.091,0.804
70000,0.098,0.100,0.803
70100,0.094,0.079,0.827
70200,0.108,0.077,0.815
70300,0.105,0.072,0.822
70400,0.106,0.086,0.808
70500,0.107,0.084,0.809
70600,0.131,0.092,0.777
70700,0.115,0.088,0.797
70800,0.101,0.079,0.821
70900,0.109,0.075,0.815
71000,0.126,0.073,0.801
71100,0.123,0.065,0.812
71200,0.115,0.058,0.827
71300,0.124,0.067,0.809
71400,0.136,0.068,0.796
71500,0.129,0.067,0.804
71600,0.115,0.071,0.814
71700,0.122,0.075,0.804
71800,0.116,0.075,0.809
71900,0.123,0.066,0.811
72000,0.114,0.076,0.810
72100,0.093,0.076,0.831
72200,0.087,0.084,0.829
72300,0.086,0.081,0.833
72400,0.107,0.072,0.821
72500,0.093,0.075,0.832
72600,0.086,0.073,0.841
72700,0.091,0.080,0.829
72800,0.079,0.079,0.843
72900,0.076,0.094,0.831
73000,0.077,0.081,0.842
73100,0.074,0.078,0.848
73200,0.065,0.083,0.852
73300,0.062,0.094,0.843
73400,0.070,0.100,0.830
73500,0.071,0.110,0.819
73600,0.077,0.107,0.817
73700,0.072,0.097,0.831
73800,0.079,0.095,0.825
73900,0.070,0.097,0.833
74000,0.063,0.102,0.835
74100,0.076,0.104,0.820
74200,0.076,0.113,0.811
74300,0.080,0.118,0.802
74400,0.072,0.122,0.807
74500,0.069,0.119,0.812
74600,0.077,0.111,0.813
74700,0.088,0.114,0.797
74800,0.086,0.115,0.799
74900,0.079,0.114,0.807
75000,0.068,0.109,0.823
75100,0.062,0.100,0.838
75200,0.060,0.100,0.840
75300,0.062,0.097,0.842
75400,0.084,0.087,0.829
75500,0.080,0.080,0.840
75600,0.081,0.085,0.834
75700,0.090,0.095,0.815
75800,0.087,0.087,0.826
75900,0.119,0.091,0.790
76000,0.140,0.093,0.767
76100,0.123,0.091,0.786
76200,0.123,0.079,0.799
76300,0.104,0.074,0.822
76400,0.118,0.071,0.811
76500,0.136,0.071,0.793
76600,0.125,0.068,0.807
76700,0.111,0.065,0.824
76800,0.124,0.081,0.795
76900,0.104,0.076,0.821
77000,0.103,0.068,0.829
77100,0.115,0.069,0.816
77200,0.097,0.065,0.838
77300,0.090,0.101,0.809
77400,0.095,0.094,0.811
77500,0.097,0.092,0.811
77600,0.100,0.101,0.799
77700,0.096,0.101,0.803
77800,0.094,0.099,0.807
77900,0.090,0.094,0.816
78000,0.088,0.095,0.817
78100,0.080,0.105,0.815
78200,0.069,0.120,0.810
78300,0.079,0.104,0.818
78400,0.066,0.104,0.829
78500,0.065,0.098,0.837
78600,0.052,0.114,0.835
78700,0.048,0.115,0.838
78800,0.058,0.119,0.824
78900,0.072,0.106,0.822
79000,0.068,0.093,0.839
79100,0.087,0.116,0.797
79200,0.084,0.113,0.803
79300,0.090,0.115,0.795
79400,0.074,0.104,0.822
79500,0.082,0.113,0.805
79600,0.084,0.108,0.808
79700,0.082,0.115,0.803
79800,0.080,0.106,0.814
79900,0.084,0.108,0.808
80000,0.075,0.105,0.820
80100,0.069,0.101,0.831
80200,0.074,0.105,0.821
80300,0.074,0.102,0.824
80400,0.073,0.103,0.824
80500,0.083,0.099,0.818
80600,0.096,0.095,0.809
80700,0.091,0.120,0.788
80800,0.095,0.133,0.772
80900,0.102,0.122,0.775
81000,0.116,0.117,0.767
81100,0.104,0.112,0.783
81200,0.107,0.109,0.784
81300,0.083,0.113,0.804
81400,0.098,0.118,0.784
81500,0.100,0.114,0.786
81600,0.083,0.095,0.821
81700,0.086,0.108,0.807
81800,0.073,0.122,0.805
81900,0.073,0.123,0.803
82000,0.092,0.107,0.801
82100,0.080,0.105,0.814
82200,0.077,0.125,0.798
82300,0.069,0.125,0.806
82400,0.074,0.120,0.806
82500,0.070,0.123,0.806
82600,0.072,0.114,0.814
82700,0.054,0.105,0.842
82800,0.051,0.118,0.831
82900,0.043,0.133,0.824
83000,0.041,0.144,0.815
83100,0.047,0.104,0.849
83200,0.066,0.101,0.832
83300,0.066,0.107,0.827
83400,0.066,0.115,0.819
83500,0.070,0.111,0.818
83600,0.062,0.114,0.824
83700,0.060,0.119,0.821
83800,0.077,0.117,0.806
83900,0.077,0.106,0.817
84000,0.086,0.094,0.820
84100,0.080,0.104,0.815
84200,0.080,0.104,0.816
84300,0.100,0.099,0.801
84400,0.093,0.087,0.820
84500,0.104,0.087,0.809
84600,0.091,0.091,0.818
84700,0.095,0.073,0.831
84800,0.103,0.094,0.803
84900,0.102,0.082,0.816
85000,0.101,0.101,0.798
85100,0.099,0.091,0.810
85200,0.086,0.087,0.828
85300,0.084,0.098,0.818
85400,0.096,0.093,0.811
85500,0.089,0.096,0.815
85600,0.081,0.091,0.828
85700,0.095,0.100,0.806
85800,0.092,0.107,0.801
85900,0.084,0.104,0.811
86000,0.071,0.088,0.841
86100,0.071,0.095,0.834
86200,0.059,0.101,0.841
86300,0.059,0.122,0.820
86400,0.062,0.118,0.820
86500,0.062,0.128,0.810
86600,0.066,0.136,0.798
86700,0.068,0.160,0.772
86800,0.076,0.147,0.777
86900,0.066,0.159,0.774
87000,0.058,0.137,0.805
87100,0.061,0.141,0.798
87200,0.068,0.148,0.783
87300,0.064,0.142,0.794
87400,0.069,0.127,0.803
87500,0.057,0.147,0.796
87600,0.052,0.172,0.776
87700,0.047,0.160,0.793
87800,0.053,0.159,0.788
87900,0.045,0.175,0.780
88000,0.042,0.196,0.762
88100,0.038,0.197,0.765
88200,0.055,0.169,0.776
88300,0.066,0.160,0.774
88400,0.059,0.188,0.753
88500,0.068,0.179,0.753
88600,0.070,0.176,0.753
88700,0.065,0.173,0.763
88800,0.068,0.189,0.743
88900,0.061,0.217,0.722
89000,0.052,0.222,0.726
89100,0.051,0.221,0.729
89200,0.045,0.217,0.739
89300,0.040,0.219,0.741
89400,0.031,0.200,0.769
89500,0.041,0.198,0.761
89600,0.036,0.189,0.776
89700,0.056,0.209,0.735
89800,0.051,0.202,0.747
89900,0.045,0.194,0.761
90000,0.041,0.186,0.773
90100,0.031,0.194,0.774
90200,0.046,0.201,0.753
90300,0.044,0.192,0.764
90400,0.040,0.198,0.763
90500,0.044,0.193,0.763
90600,0.051,0.194,0.755
90700,0.034,0.184,0.782
90800,0.037,0.168,0.795
90900,0.038,0.187,0.774
91000,0.034,0.165,0.801
91100,0.038,0.193,0.769
91200,0.037,0.210,0.753
91300,0.035,0.180,0.785
91400,0.041,0.171,0.789
91500,0.038,0.164,0.799
91600,0.039,0.153,0.808
91700,0.054,0.143,0.803
91800,0.049,0.132,0.818
91900,0.064,0.133,0.803
92000,0.056,0.123,0.821
92100,0.061,0.130,0.810
92200,0.054,0.126,0.820
92300,0.056,0.138,0.806
92400,0.066,0.131,0.803
92500,0.071,0.132,0.797
92600,0.071,0.139,0.790
92700,0.073,0.129,0.798
92800,0.081,0.133,0.786
92900,0.073,0.126,0.800
93000,0.079,0.126,0.795
93100,0.086,0.108,0.806
93200,0.086,0.116,0.798
93300,0.084,0.120,0.796
93400,0.077,0.125,0.799
93500,0.066,0.125,0.808
93600,0.061,0.126,0.813
93700,0.077,0.112,0.811
93800,0.069,0.126,0.806
93900,0.063,0.122,0.815
94000,0.066,0.129,0.806
94100,0.056,0.140,0.804
94200,0.068,0.129,0.803
94300,0.061,0.142,0.797
94400,0.052,0.140,0.808
94500,0.056,0.141,0.803
94600,0.070,0.125,0.806
94700,0.063,0.131,0.806
94800,0.064,0.126,0.810
94900,0.062,0.140,0.798
95000,0.051,0.148,0.802
95100,0.048,0.153,0.799
95200,0.054,0.157,0.789
95300,0.052,0.143,0.806
95400,0.051,0.152,0.797
95500,0.046,0.145,0.809
95600,0.041,0.127,0.832
95700,0.038,0.125,0.837
95800,0.056,0.124,0.820
95900,0.052,0.151,0.797
96000,0.055,0.146,0.799
96100,0.050,0.193,0.757
96200,0.044,0.193,0.763
96300,0.040,0.203,0.757
96400,0.030,0.218,0.752
96500,0.025,0.203,0.772
96600,0.027,0.219,0.754
96700,0.022,0.236,0.742
96800,0.023,0.224,0.753
96900,0.037,0.215,0.747
97000,0.035,0.226,0.739
97100,0.031,0.221,0.748
97200,0.027,0.239,0.734
97300,0.027,0.243,0.730
97400,0.023,0.232,0.746
97500,0.024,0.239,0.737
97600,0.024,0.250,0.726
97700,0.023,0.251,0.726
97800,0.020,0.247,0.733
97900,0.027,0.240,0.732
98000,0.027,0.221,0.753
98100,0.024,0.223,0.753
98200,0.023,0.224,0.753
98300,0.023,0.248,0.729
98400,0.028,0.256,0.716
98500,0.030,0.247,0.724
98600,0.031,0.233,0.736
98700,0.030,0.237,0.733
98800,0.044,0.204,0.753
98900,0.046,0.203,0.751
99000,0.038,0.205,0.757
99100,0.041,0.207,0.753
99200,0.041,0.226,0.733
99300,0.047,0.216,0.737
99400,0.051,0.201,0.748
99500,0.057,0.187,0.756
99600,0.056,0.178,0.765
99700,0.044,0.153,0.803
99800,0.044,0.160,0.796
99900,0.049,0.169,0.782
100000,0.047,0.170,0.783
