time,n_A+p,n_B,n_AB
500,0.050,0.712,0.238
1000,0.050,0.567,0.383
1500,0.050,0.532,0.417
2000,0.050,0.484,0.465
2500,0.050,0.439,0.511
3000,0.050,0.404,0.546
3500,0.050,0.459,0.491
4000,0.050,0.547,0.403
4500,0.050,0.577,0.373
5000,0.050,0.540,0.410
5500,0.050,0.497,0.453
6000,0.050,0.530,0.419
6500,0.050,0.470,0.480
7000,0.050,0.436,0.514
7500,0.050,0.510,0.440
8000,0.050,0.465,0.485
8500,0.050,0.474,0.475
9000,0.050,0.462,0.488
9500,0.050,0.390,0.560
10000,0.050,0.435,0.514
10500,0.050,0.433,0.516
11000,0.050,0.442,0.508
11500,0.050,0.338,0.612
12000,0.050,0.402,0.548
12500,0.050,0.454,0.496
13000,0.050,0.457,0.493
13500,0.050,0.424,0.525
14000,0.050,0.480,0.469
14500,0.050,0.436,0.514
15000,0.052,0.418,0.529
15500,0.053,0.418,0.528
16000,0.051,0.405,0.544
16500,0.050,0.544,0.406
17000,0.050,0.539,0.410
17500,0.050,0.574,0.376
18000,0.050,0.453,0.497
18500,0.050,0.392,0.558
19000,0.050,0.394,0.556
19500,0.050,0.438,0.512
20000,0.050,0.434,0.516
20500,0.050,0.478,0.472
21000,0.050,0.541,0.408
21500,0.050,0.432,0.518
22000,0.050,0.449,0.501
22500,0.050,0.466,0.484
23000,0.050,0.498,0.452
23500,0.050,0.455,0.495
24000,0.050,0.479,0.470
24500,0.050,0.450,0.500
25000,0.050,0.415,0.534
25500,0.050,0.405,0.545
26000,0.050,0.434,0.515
26500,0.050,0.394,0.556
27000,0.050,0.514,0.436
27500,0.050,0.499,0.450
28000,0.050,0.400,0.550
28500,0.050,0.391,0.559
29000,0.050,0.345,0.605
29500,0.050,0.373,0.577
30000,0.050,0.455,0.495
30500,0.050,0.526,0.424
31000,0.050,0.464,0.486
31500,0.050,0.453,0.497
32000,0.050,0.494,0.455
32500,0.050,0.438,0.512
33000,0.050,0.406,0.544
33500,0.050,0.442,0.508
34000,0.050,0.370,0.580
34500,0.050,0.443,0.507
35000,0.050,0.439,0.511
35500,0.050,0.410,0.539
36000,0.050,0.461,0.489
36500,0.050,0.487,0.462
37000,0.050,0.440,0.510
37500,0.050,0.391,0.559
38000,0.050,0.402,0.548
38500,0.050,0.479,0.471
39000,0.050,0.446,0.504
39500,0.050,0.407,0.543
40000,0.050,0.578,0.372
40500,0.050,0.501,0.449
41000,0.050,0.471,0.478
41500,0.050,0.469,0.481
42000,0.050,0.450,0.500
42500,0.050,0.452,0.498
43000,0.050,0.406,0.543
43500,0.050,0.425,0.525
44000,0.050,0.406,0.543
44500,0.050,0.436,0.514
45000,0.050,0.410,0.539
45500,0.050,0.532,0.417
46000,0.050,0.516,0.433
46500,0.050,0.552,0.397
47000,0.050,0.489,0.461
47500,0.050,0.453,0.497
48000,0.050,0.465,0.485
48500,0.050,0.519,0.431
49000,0.050,0.526,0.424
49500,0.050,0.436,0.514
50000,0.050,0.473,0.477
50500,0.050,0.419,0.531
51000,0.050,0.518,0.432
51500,0.050,0.522,0.427
52000,0.050,0.574,0.376
52500,0.050,0.429,0.521
53000,0.050,0.391,0.559
53500,0.050,0.421,0.529
54000,0.050,0.531,0.419
54500,0.050,0.459,0.491
55000,0.050,0.446,0.504
55500,0.050,0.395,0.555
56000,0.050,0.384,0.566
56500,0.050,0.421,0.528
57000,0.050,0.384,0.567
57500,0.050,0.478,0.472
58000,0.050,0.482,0.468
58500,0.050,0.550,0.400
59000,0.050,0.530,0.419
59500,0.050,0.514,0.435
60000,0.050,0.462,0.488
60500,0.050,0.475,0.474
61000,0.050,0.457,0.493
61500,0.050,0.513,0.436
62000,0.050,0.424,0.526
62500,0.050,0.449,0.501
63000,0.050,0.460,0.490
63500,0.050,0.427,0.523
64000,0.050,0.418,0.532
64500,0.050,0.486,0.464
65000,0.050,0.428,0.521
65500,0.050,0.474,0.475
66000,0.050,0.508,0.442
66500,0.050,0.490,0.460
67000,0.050,0.507,0.443
67500,0.050,0.388,0.562
68000,0.050,0.419,0.530
68500,0.051,0.295,0.654
69000,0.051,0.361,0.588
69500,0.051,0.342,0.607
70000,0.050,0.492,0.457
70500,0.050,0.599,0.351
71000,0.050,0.531,0.418
71500,0.050,0.460,0.490
72000,0.050,0.478,0.471
72500,0.050,0.500,0.450
73000,0.050,0.466,0.484
73500,0.050,0.467,0.483
74000,0.050,0.326,0.624
74500,0.050,0.351,0.599
75000,0.050,0.456,0.494
75500,0.050,0.454,0.496
76000,0.050,0.449,0.501
76500,0.050,0.436,0.514
77000,0.050,0.434,0.516
77500,0.050,0.458,0.492
78000,0.050,0.374,0.576
78500,0.050,0.371,0.579
79000,0.050,0.386,0.564
79500,0.050,0.452,0.498
80000,0.050,0.415,0.534
80500,0.050,0.416,0.534
81000,0.050,0.382,0.569
81500,0.050,0.471,0.478
82000,0.050,0.514,0.436
82500,0.050,0.389,0.561
83000,0.050,0.449,0.501
83500,0.050,0.395,0.555
84000,0.050,0.424,0.526
84500,0.050,0.357,0.593
85000,0.050,0.379,0.571
85500,0.050,0.509,0.441
86000,0.050,0.437,0.513
86500,0.050,0.452,0.498
87000,0.050,0.457,0.493
87500,0.050,0.467,0.483
88000,0.050,0.463,0.487
88500,0.050,0.477,0.472
89000,0.050,0.371,0.579
89500,0.050,0.411,0.538
90000,0.050,0.436,0.513
90500,0.050,0.481,0.468
91000,0.050,0.494,0.456
91500,0.050,0.422,0.527
92000,0.050,0.531,0.418
92500,0.050,0.508,0.442
93000,0.050,0.511,0.439
93500,0.050,0.451,0.499
94000,0.050,0.430,0.520
94500,0.050,0.500,0.450
95000,0.050,0.511,0.439
95500,0.050,0.489,0.461
96000,0.050,0.431,0.518
96500,0.050,0.436,0.513
97000,0.050,0.451,0.499
97500,0.050,0.413,0.536
98000,0.050,0.439,0.511
98500,0.050,0.380,0.571
99000,0.050,0.447,0.503
99500,0.050,0.494,0.455
100000,0.050,0.464,0.486
100500,0.050,0.468,0.482
101000,0.050,0.447,0.503
101500,0.050,0.462,0.488
102000,0.050,0.460,0.490
102500,0.050,0.438,0.512
103000,0.050,0.356,0.593
103500,0.050,0.417,0.532
104000,0.050,0.437,0.513
104500,0.050,0.431,0.518
105000,0.050,0.480,0.469
105500,0.050,0.500,0.450
106000,0.050,0.461,0.489
106500,0.050,0.421,0.528
107000,0.050,0.431,0.519
107500,0.050,0.458,0.492
108000,0.050,0.548,0.402
108500,0.050,0.553,0.397
109000,0.050,0.510,0.440
109500,0.050,0.425,0.524
110000,0.050,0.461,0.489
110500,0.050,0.524,0.425
111000,0.050,0.580,0.370
111500,0.050,0.540,0.410
112000,0.050,0.445,0.505
112500,0.050,0.454,0.496
113000,0.050,0.399,0.551
113500,0.050,0.435,0.515
114000,0.050,0.488,0.462
114500,0.050,0.499,0.451
115000,0.050,0.465,0.485
115500,0.050,0.457,0.493
116000,0.050,0.533,0.416
116500,0.050,0.481,0.468
117000,0.050,0.433,0.516
117500,0.050,0.432,0.518
118000,0.050,0.520,0.430
118500,0.050,0.486,0.463
119000,0.050,0.508,0.442
119500,0.050,0.476,0.474
120000,0.050,0.429,0.520
120500,0.050,0.508,0.442
121000,0.050,0.424,0.526
121500,0.050,0.510,0.440
122000,0.050,0.450,0.500
122500,0.050,0.450,0.500
123000,0.050,0.501,0.449
123500,0.050,0.459,0.491
124000,0.050,0.524,0.426
124500,0.050,0.532,0.417
125000,0.050,0.550,0.400
125500,0.050,0.582,0.368
126000,0.050,0.496,0.454
126500,0.050,0.477,0.472
127000,0.050,0.452,0.498
127500,0.050,0.367,0.583
128000,0.050,0.401,0.549
128500,0.050,0.448,0.502
129000,0.050,0.508,0.442
129500,0.050,0.465,0.485
130000,0.050,0.535,0.414
130500,0.050,0.513,0.436
131000,0.050,0.463,0.487
131500,0.050,0.459,0.491
132000,0.050,0.520,0.430
132500,0.050,0.529,0.420
133000,0.050,0.540,0.410
133500,0.050,0.458,0.492
134000,0.050,0.389,0.561
134500,0.050,0.457,0.493
135000,0.050,0.470,0.479
135500,0.050,0.460,0.490
136000,0.050,0.484,0.465
136500,0.050,0.489,0.461
137000,0.050,0.469,0.481
137500,0.050,0.570,0.380
138000,0.050,0.470,0.479
138500,0.050,0.410,0.540
139000,0.050,0.441,0.509
139500,0.050,0.500,0.450
140000,0.050,0.487,0.462
140500,0.050,0.519,0.431
141000,0.050,0.529,0.420
141500,0.050,0.529,0.420
142000,0.050,0.530,0.419
142500,0.050,0.502,0.448
143000,0.050,0.509,0.441
143500,0.050,0.452,0.498
144000,0.050,0.497,0.452
144500,0.050,0.471,0.479
145000,0.050,0.457,0.493
145500,0.050,0.376,0.574
146000,0.050,0.407,0.543
146500,0.050,0.408,0.542
147000,0.050,0.444,0.506
147500,0.050,0.521,0.429
148000,0.050,0.405,0.545
148500,0.050,0.515,0.434
149000,0.050,0.500,0.450
149500,0.050,0.457,0.493
150000,0.050,0.451,0.499
150500,0.050,0.397,0.553
151000,0.050,0.427,0.522
151500,0.050,0.421,0.529
152000,0.050,0.481,0.468
152500,0.050,0.416,0.533
153000,0.050,0.413,0.536
153500,0.050,0.466,0.484
154000,0.050,0.488,0.462
154500,0.050,0.530,0.420
155000,0.050,0.513,0.437
155500,0.050,0.540,0.409
156000,0.050,0.490,0.460
156500,0.050,0.439,0.511
157000,0.050,0.400,0.550
157500,0.050,0.427,0.523
158000,0.050,0.385,0.565
158500,0.050,0.332,0.618
159000,0.050,0.447,0.503
159500,0.050,0.399,0.551
160000,0.050,0.507,0.443
160500,0.050,0.471,0.479
161000,0.050,0.471,0.478
161500,0.050,0.467,0.483
162000,0.050,0.452,0.498
162500,0.050,0.410,0.539
163000,0.050,0.350,0.599
163500,0.050,0.399,0.551
164000,0.050,0.431,0.518
164500,0.050,0.357,0.593
165000,0.050,0.440,0.510
165500,0.050,0.482,0.467
166000,0.050,0.520,0.430
166500,0.050,0.463,0.487
167000,0.050,0.460,0.490
167500,0.050,0.384,0.566
168000,0.050,0.413,0.536
168500,0.050,0.373,0.577
169000,0.050,0.398,0.552
169500,0.050,0.442,0.508
170000,0.050,0.458,0.492
170500,0.050,0.500,0.450
171000,0.050,0.410,0.539
171500,0.050,0.456,0.494
172000,0.050,0.443,0.507
172500,0.050,0.472,0.477
173000,0.050,0.462,0.488
173500,0.050,0.483,0.466
174000,0.050,0.484,0.465
174500,0.050,0.539,0.410
175000,0.050,0.496,0.453
175500,0.050,0.503,0.447
176000,0.050,0.542,0.407
176500,0.050,0.498,0.451
177000,0.050,0.437,0.513
177500,0.050,0.452,0.498
178000,0.050,0.425,0.524
178500,0.050,0.469,0.481
179000,0.050,0.516,0.433
179500,0.050,0.509,0.441
180000,0.050,0.527,0.423
180500,0.050,0.538,0.411
181000,0.050,0.520,0.430
181500,0.050,0.409,0.541
182000,0.050,0.479,0.470
182500,0.050,0.496,0.453
183000,0.050,0.516,0.434
183500,0.050,0.478,0.472
184000,0.050,0.447,0.503
184500,0.050,0.447,0.503
185000,0.050,0.425,0.524
185500,0.050,0.470,0.479
186000,0.050,0.451,0.499
186500,0.050,0.476,0.473
187000,0.050,0.482,0.468
187500,0.050,0.544,0.405
188000,0.050,0.459,0.491
188500,0.050,0.466,0.484
189000,0.050,0.490,0.460
189500,0.050,0.406,0.543
190000,0.050,0.511,0.439
190500,0.050,0.406,0.544
191000,0.050,0.449,0.501
191500,0.050,0.500,0.450
192000,0.050,0.474,0.475
192500,0.050,0.512,0.438
193000,0.050,0.522,0.427
193500,0.050,0.456,0.494
194000,0.050,0.459,0.491
194500,0.050,0.363,0.587
195000,0.050,0.399,0.551
195500,0.050,0.422,0.527
196000,0.050,0.424,0.526
196500,0.050,0.416,0.534
197000,0.050,0.477,0.472
197500,0.050,0.586,0.364
198000,0.050,0.528,0.422
198500,0.050,0.518,0.432
199000,0.050,0.435,0.514
199500,0.050,0.451,0.499
200000,0.050,0.482,0.467
200500,0.050,0.515,0.435
201000,0.050,0.389,0.561
201500,0.050,0.364,0.585
202000,0.050,0.406,0.544
202500,0.050,0.453,0.497
203000,0.050,0.451,0.499
203500,0.050,0.404,0.546
204000,0.050,0.415,0.534
204500,0.050,0.454,0.496
205000,0.050,0.336,0.614
205500,0.050,0.379,0.571
206000,0.050,0.428,0.521
206500,0.050,0.480,0.470
207000,0.050,0.477,0.472
207500,0.050,0.489,0.461
208000,0.050,0.420,0.529
208500,0.050,0.443,0.507
209000,0.050,0.374,0.576
209500,0.050,0.329,0.621
210000,0.050,0.398,0.552
210500,0.050,0.459,0.491
211000,0.050,0.458,0.492
211500,0.050,0.377,0.573
212000,0.050,0.465,0.485
212500,0.050,0.467,0.483
213000,0.050,0.477,0.473
213500,0.050,0.467,0.483
214000,0.050,0.492,0.457
214500,0.050,0.410,0.539
215000,0.050,0.479,0.471
215500,0.050,0.466,0.484
216000,0.050,0.438,0.512
216500,0.050,0.438,0.512
217000,0.050,0.355,0.595
217500,0.050,0.491,0.459
218000,0.050,0.519,0.431
218500,0.050,0.404,0.546
219000,0.050,0.462,0.488
219500,0.050,0.493,0.456
220000,0.050,0.447,0.503
220500,0.050,0.421,0.528
221000,0.050,0.432,0.518
221500,0.050,0.542,0.408
222000,0.050,0.430,0.519
222500,0.050,0.471,0.478
223000,0.050,0.566,0.384
223500,0.050,0.508,0.442
224000,0.050,0.382,0.568
224500,0.051,0.387,0.562
225000,0.050,0.378,0.573
225500,0.050,0.462,0.488
226000,0.050,0.410,0.540
226500,0.050,0.396,0.554
227000,0.050,0.444,0.506
227500,0.050,0.498,0.451
228000,0.050,0.504,0.446
228500,0.050,0.483,0.467
229000,0.050,0.448,0.502
229500,0.050,0.438,0.512
230000,0.050,0.350,0.600
230500,0.050,0.417,0.533
231000,0.050,0.393,0.557
231500,0.050,0.453,0.497
232000,0.050,0.415,0.535
232500,0.050,0.473,0.476
233000,0.050,0.469,0.481
233500,0.050,0.513,0.436
234000,0.050,0.442,0.508
234500,0.050,0.497,0.453
235000,0.050,0.470,0.479
235500,0.050,0.403,0.547
236000,0.050,0.393,0.557
236500,0.050,0.450,0.500
237000,0.050,0.449,0.501
237500,0.050,0.548,0.401
238000,0.050,0.523,0.427
238500,0.050,0.538,0.411
239000,0.050,0.420,0.530
239500,0.050,0.475,0.474
240000,0.050,0.505,0.445
240500,0.050,0.426,0.523
241000,0.050,0.425,0.525
241500,0.050,0.439,0.511
242000,0.050,0.479,0.470
242500,0.050,0.478,0.472
243000,0.050,0.440,0.510
243500,0.050,0.562,0.387
244000,0.050,0.501,0.449
244500,0.050,0.538,0.412
245000,0.050,0.485,0.465
245500,0.050,0.448,0.502
246000,0.050,0.446,0.504
246500,0.050,0.506,0.444
247000,0.050,0.445,0.505
247500,0.050,0.499,0.451
248000,0.050,0.476,0.474
248500,0.050,0.509,0.441
249000,0.050,0.406,0.543
249500,0.050,0.461,0.489
250000,0.050,0.370,0.579
250500,0.050,0.448,0.502
251000,0.050,0.373,0.577
251500,0.050,0.436,0.514
252000,0.050,0.464,0.486
252500,0.050,0.455,0.495
253000,0.050,0.344,0.606
253500,0.050,0.418,0.531
254000,0.050,0.443,0.507
254500,0.050,0.484,0.465
255000,0.050,0.396,0.554
255500,0.050,0.389,0.561
256000,0.050,0.397,0.553
256500,0.050,0.351,0.599
257000,0.050,0.453,0.497
257500,0.050,0.467,0.483
258000,0.050,0.428,0.522
258500,0.050,0.524,0.426
259000,0.050,0.399,0.551
259500,0.050,0.432,0.518
260000,0.050,0.514,0.435
260500,0.050,0.464,0.486
261000,0.050,0.480,0.469
261500,0.050,0.522,0.427
262000,0.050,0.473,0.476
262500,0.050,0.439,0.511
263000,0.050,0.514,0.435
263500,0.050,0.442,0.508
264000,0.050,0.440,0.510
264500,0.050,0.469,0.481
265000,0.050,0.451,0.499
265500,0.050,0.473,0.476
266000,0.050,0.498,0.451
266500,0.050,0.509,0.441
267000,0.050,0.521,0.428
267500,0.050,0.426,0.523
268000,0.050,0.473,0.476
268500,0.050,0.423,0.526
269000,0.050,0.419,0.530
269500,0.050,0.421,0.528
270000,0.050,0.446,0.504
270500,0.050,0.444,0.506
271000,0.050,0.455,0.495
271500,0.050,0.451,0.499
272000,0.050,0.452,0.498
272500,0.050,0.557,0.392
273000,0.050,0.488,0.461
273500,0.050,0.483,0.466
274000,0.050,0.450,0.500
274500,0.050,0.463,0.487
275000,0.050,0.473,0.477
275500,0.050,0.402,0.548
276000,0.050,0.486,0.463
276500,0.050,0.514,0.436
277000,0.050,0.488,0.462
277500,0.050,0.483,0.467
278000,0.050,0.472,0.477
278500,0.050,0.430,0.520
279000,0.050,0.438,0.512
279500,0.050,0.424,0.526
280000,0.050,0.436,0.514
280500,0.050,0.500,0.450
281000,0.050,0.452,0.498
281500,0.050,0.456,0.494
282000,0.050,0.413,0.537
282500,0.050,0.415,0.535
283000,0.050,0.390,0.560
283500,0.050,0.384,0.566
284000,0.050,0.376,0.575
284500,0.050,0.426,0.523
285000,0.050,0.490,0.459
285500,0.050,0.487,0.463
286000,0.050,0.448,0.502
286500,0.050,0.500,0.450
287000,0.050,0.388,0.562
287500,0.050,0.461,0.489
288000,0.050,0.413,0.536
288500,0.050,0.443,0.507
289000,0.050,0.521,0.428
289500,0.050,0.532,0.417
290000,0.050,0.572,0.378
290500,0.050,0.426,0.524
291000,0.050,0.472,0.477
291500,0.050,0.474,0.475
292000,0.050,0.439,0.511
292500,0.050,0.486,0.464
293000,0.050,0.506,0.444
293500,0.050,0.452,0.498
294000,0.050,0.478,0.471
294500,0.050,0.449,0.501
295000,0.050,0.446,0.504
295500,0.050,0.452,0.498
296000,0.050,0.520,0.430
296500,0.050,0.423,0.526
297000,0.050,0.415,0.534
297500,0.050,0.538,0.411
298000,0.050,0.538,0.411
298500,0.050,0.480,0.469
299000,0.050,0.470,0.480
299500,0.050,0.467,0.483
300000,0.050,0.562,0.388
300500,0.050,0.557,0.393
301000,0.050,0.507,0.443
301500,0.050,0.412,0.538
302000,0.050,0.513,0.437
302500,0.050,0.507,0.443
303000,0.050,0.460,0.490
303500,0.050,0.471,0.478
304000,0.050,0.462,0.488
304500,0.050,0.414,0.535
305000,0.050,0.399,0.551
305500,0.050,0.461,0.489
306000,0.050,0.476,0.473
306500,0.050,0.500,0.450
307000,0.050,0.469,0.480
307500,0.050,0.455,0.495
308000,0.050,0.483,0.466
308500,0.050,0.431,0.518
309000,0.050,0.468,0.482
309500,0.050,0.517,0.432
310000,0.050,0.485,0.464
310500,0.050,0.418,0.532
311000,0.050,0.472,0.478
311500,0.050,0.523,0.426
312000,0.050,0.489,0.461
312500,0.050,0.430,0.520
313000,0.050,0.404,0.546
313500,0.050,0.371,0.579
314000,0.050,0.458,0.492
314500,0.050,0.468,0.482
315000,0.050,0.512,0.438
315500,0.050,0.436,0.513
316000,0.050,0.465,0.485
316500,0.050,0.483,0.467
317000,0.050,0.449,0.501
317500,0.050,0.467,0.483
318000,0.050,0.418,0.532
318500,0.050,0.486,0.464
319000,0.050,0.428,0.521
319500,0.050,0.424,0.526
320000,0.050,0.454,0.496
320500,0.050,0.471,0.478
321000,0.050,0.475,0.474
321500,0.050,0.462,0.488
322000,0.050,0.500,0.450
322500,0.050,0.506,0.444
323000,0.050,0.501,0.449
323500,0.050,0.461,0.489
324000,0.050,0.376,0.575
324500,0.050,0.467,0.483
325000,0.050,0.520,0.430
325500,0.050,0.555,0.394
326000,0.050,0.486,0.463
326500,0.050,0.476,0.474
327000,0.057,0.400,0.543
327500,0.051,0.405,0.545
328000,0.050,0.527,0.422
328500,0.050,0.543,0.407
329000,0.050,0.445,0.505
329500,0.050,0.403,0.547
330000,0.050,0.444,0.506
330500,0.050,0.439,0.511
331000,0.050,0.398,0.552
331500,0.050,0.364,0.585
332000,0.050,0.381,0.569
332500,0.050,0.463,0.487
333000,0.050,0.419,0.530
333500,0.050,0.381,0.569
334000,0.050,0.510,0.440
334500,0.050,0.347,0.603
335000,0.050,0.446,0.504
335500,0.050,0.452,0.498
336000,0.050,0.446,0.504
336500,0.050,0.434,0.516
337000,0.050,0.488,0.462
337500,0.050,0.511,0.439
338000,0.050,0.403,0.547
338500,0.050,0.467,0.483
339000,0.050,0.570,0.380
339500,0.050,0.466,0.484
340000,0.050,0.476,0.473
340500,0.050,0.459,0.491
341000,0.050,0.460,0.490
341500,0.050,0.457,0.493
342000,0.050,0.475,0.475
342500,0.050,0.369,0.581
343000,0.050,0.393,0.557
343500,0.050,0.454,0.496
344000,0.050,0.578,0.372
344500,0.050,0.530,0.420
345000,0.050,0.573,0.377
345500,0.050,0.440,0.510
346000,0.050,0.417,0.532
346500,0.050,0.374,0.576
347000,0.050,0.421,0.529
347500,0.050,0.410,0.540
348000,0.050,0.428,0.521
348500,0.050,0.465,0.485
349000,0.050,0.491,0.459
349500,0.050,0.453,0.497
350000,0.050,0.473,0.476
350500,0.050,0.510,0.440
351000,0.050,0.491,0.459
351500,0.050,0.515,0.435
352000,0.050,0.530,0.419
352500,0.050,0.518,0.432
353000,0.050,0.434,0.516
353500,0.050,0.483,0.467
354000,0.050,0.461,0.489
354500,0.050,0.485,0.464
355000,0.050,0.549,0.400
355500,0.050,0.466,0.484
356000,0.050,0.510,0.440
356500,0.050,0.444,0.506
357000,0.050,0.372,0.578
357500,0.050,0.422,0.528
358000,0.050,0.400,0.550
358500,0.050,0.459,0.491
359000,0.050,0.416,0.534
359500,0.050,0.445,0.505
360000,0.050,0.475,0.474
360500,0.050,0.502,0.448
361000,0.050,0.488,0.461
361500,0.050,0.451,0.499
362000,0.050,0.514,0.436
362500,0.050,0.494,0.456
363000,0.050,0.433,0.516
363500,0.050,0.379,0.571
364000,0.050,0.421,0.529
364500,0.050,0.453,0.497
365000,0.050,0.473,0.477
365500,0.050,0.492,0.457
366000,0.050,0.476,0.474
366500,0.050,0.513,0.436
367000,0.050,0.433,0.516
367500,0.050,0.377,0.573
368000,0.050,0.425,0.524
368500,0.050,0.412,0.537
369000,0.050,0.413,0.537
369500,0.050,0.395,0.555
370000,0.050,0.456,0.494
370500,0.050,0.574,0.376
371000,0.050,0.452,0.498
371500,0.050,0.331,0.619
372000,0.050,0.413,0.537
372500,0.050,0.460,0.490
373000,0.050,0.474,0.475
373500,0.050,0.512,0.438
374000,0.050,0.589,0.361
374500,0.050,0.508,0.442
375000,0.050,0.471,0.478
375500,0.050,0.457,0.493
376000,0.050,0.417,0.533
376500,0.050,0.454,0.496
377000,0.050,0.463,0.487
377500,0.050,0.492,0.457
378000,0.050,0.487,0.463
378500,0.050,0.548,0.401
379000,0.050,0.523,0.427
379500,0.050,0.533,0.417
380000,0.050,0.461,0.489
380500,0.050,0.516,0.433
381000,0.050,0.492,0.457
381500,0.050,0.353,0.597
382000,0.050,0.416,0.534
382500,0.050,0.457,0.493
383000,0.050,0.448,0.502
383500,0.050,0.466,0.484
384000,0.050,0.428,0.522
384500,0.050,0.418,0.531
385000,0.050,0.459,0.491
385500,0.050,0.473,0.476
386000,0.050,0.520,0.430
386500,0.050,0.476,0.473
387000,0.050,0.509,0.441
387500,0.050,0.434,0.516
388000,0.050,0.418,0.532
388500,0.050,0.445,0.505
389000,0.050,0.388,0.562
389500,0.050,0.497,0.452
390000,0.050,0.481,0.469
390500,0.050,0.532,0.418
391000,0.050,0.568,0.382
391500,0.050,0.526,0.424
392000,0.050,0.500,0.450
392500,0.050,0.384,0.566
393000,0.050,0.536,0.413
393500,0.050,0.446,0.504
394000,0.050,0.396,0.554
394500,0.050,0.445,0.505
395000,0.050,0.476,0.474
395500,0.050,0.506,0.444
396000,0.050,0.464,0.486
396500,0.050,0.496,0.454
397000,0.050,0.436,0.513
397500,0.050,0.435,0.515
398000,0.050,0.457,0.493
398500,0.050,0.441,0.509
399000,0.050,0.484,0.465
399500,0.050,0.451,0.499
400000,0.050,0.430,0.519
400500,0.050,0.494,0.455
401000,0.050,0.511,0.439
401500,0.050,0.498,0.452
402000,0.050,0.546,0.403
402500,0.050,0.515,0.434
403000,0.050,0.477,0.472
403500,0.050,0.506,0.444
404000,0.050,0.492,0.458
404500,0.050,0.486,0.464
405000,0.050,0.506,0.444
405500,0.050,0.511,0.439
406000,0.050,0.542,0.408
406500,0.050,0.455,0.495
407000,0.050,0.484,0.466
407500,0.050,0.432,0.517
408000,0.050,0.466,0.484
408500,0.050,0.452,0.498
409000,0.050,0.431,0.519
409500,0.050,0.485,0.464
410000,0.050,0.442,0.508
410500,0.050,0.435,0.515
411000,0.050,0.446,0.504
411500,0.050,0.517,0.432
412000,0.050,0.506,0.444
412500,0.050,0.478,0.472
413000,0.050,0.529,0.420
413500,0.050,0.480,0.470
414000,0.050,0.488,0.461
414500,0.050,0.475,0.475
415000,0.050,0.447,0.503
415500,0.050,0.443,0.507
416000,0.050,0.431,0.519
416500,0.050,0.490,0.459
417000,0.050,0.494,0.455
417500,0.050,0.543,0.407
418000,0.050,0.480,0.470
418500,0.050,0.512,0.438
419000,0.050,0.465,0.485
419500,0.050,0.406,0.543
420000,0.050,0.472,0.478
420500,0.050,0.464,0.486
421000,0.050,0.483,0.466
421500,0.050,0.427,0.522
422000,0.050,0.422,0.527
422500,0.050,0.446,0.504
423000,0.050,0.478,0.471
423500,0.050,0.461,0.489
424000,0.050,0.464,0.486
424500,0.050,0.370,0.580
425000,0.050,0.431,0.519
425500,0.050,0.395,0.555
426000,0.050,0.492,0.458
426500,0.050,0.410,0.539
427000,0.050,0.518,0.432
427500,0.050,0.494,0.456
428000,0.050,0.447,0.503
428500,0.050,0.432,0.518
429000,0.050,0.497,0.453
429500,0.050,0.498,0.452
430000,0.050,0.451,0.499
430500,0.050,0.462,0.488
431000,0.050,0.484,0.465
431500,0.050,0.445,0.505
432000,0.050,0.471,0.479
432500,0.050,0.477,0.472
433000,0.050,0.445,0.505
433500,0.050,0.522,0.428
434000,0.050,0.484,0.466
434500,0.050,0.517,0.432
435000,0.050,0.477,0.473
435500,0.050,0.430,0.519
436000,0.050,0.459,0.491
436500,0.050,0.571,0.379
437000,0.050,0.498,0.452
437500,0.050,0.544,0.406
438000,0.050,0.377,0.573
438500,0.050,0.380,0.571
439000,0.050,0.400,0.550
439500,0.050,0.453,0.497
440000,0.050,0.447,0.503
440500,0.050,0.401,0.549
441000,0.050,0.389,0.561
441500,0.050,0.408,0.542
442000,0.050,0.507,0.443
442500,0.050,0.479,0.471
443000,0.050,0.407,0.543
443500,0.050,0.511,0.439
444000,0.050,0.484,0.466
444500,0.050,0.502,0.448
445000,0.050,0.471,0.479
445500,0.050,0.434,0.516
446000,0.050,0.474,0.476
446500,0.050,0.425,0.525
447000,0.050,0.467,0.483
447500,0.050,0.483,0.466
448000,0.050,0.506,0.444
448500,0.050,0.483,0.466
449000,0.050,0.474,0.475
449500,0.050,0.468,0.482
450000,0.050,0.426,0.524
450500,0.050,0.494,0.455
451000,0.050,0.585,0.365
451500,0.050,0.469,0.481
452000,0.050,0.494,0.455
452500,0.050,0.464,0.486
453000,0.050,0.478,0.472
453500,0.050,0.396,0.554
454000,0.050,0.485,0.465
454500,0.050,0.527,0.422
455000,0.050,0.472,0.478
455500,0.050,0.469,0.480
456000,0.050,0.468,0.482
456500,0.050,0.483,0.466
457000,0.050,0.531,0.419
457500,0.050,0.475,0.475
458000,0.050,0.501,0.449
458500,0.050,0.438,0.512
459000,0.050,0.409,0.540
459500,0.050,0.398,0.552
460000,0.050,0.419,0.531
460500,0.050,0.401,0.549
461000,0.050,0.427,0.523
461500,0.050,0.501,0.449
462000,0.050,0.408,0.542
462500,0.050,0.439,0.511
463000,0.050,0.398,0.552
463500,0.050,0.364,0.586
464000,0.050,0.448,0.502
464500,0.050,0.402,0.548
465000,0.050,0.478,0.472
465500,0.050,0.441,0.509
466000,0.050,0.471,0.479
466500,0.050,0.490,0.460
467000,0.050,0.413,0.536
467500,0.050,0.403,0.547
468000,0.050,0.521,0.428
468500,0.050,0.409,0.541
469000,0.050,0.461,0.489
469500,0.050,0.405,0.545
470000,0.051,0.416,0.534
470500,0.050,0.382,0.568
471000,0.050,0.465,0.485
471500,0.050,0.431,0.518
472000,0.050,0.461,0.489
472500,0.050,0.385,0.565
473000,0.054,0.420,0.526
473500,0.051,0.472,0.477
474000,0.050,0.395,0.555
474500,0.050,0.477,0.472
475000,0.050,0.480,0.469
475500,0.050,0.481,0.469
476000,0.050,0.424,0.526
476500,0.050,0.425,0.524
477000,0.050,0.448,0.502
477500,0.050,0.525,0.424
478000,0.050,0.481,0.469
478500,0.050,0.436,0.513
479000,0.050,0.344,0.605
479500,0.050,0.426,0.523
480000,0.050,0.457,0.493
480500,0.050,0.513,0.436
481000,0.050,0.496,0.454
481500,0.050,0.463,0.487
482000,0.050,0.427,0.522
482500,0.050,0.407,0.542
483000,0.050,0.356,0.593
483500,0.050,0.494,0.456
484000,0.050,0.390,0.560
484500,0.050,0.447,0.503
485000,0.050,0.444,0.506
485500,0.050,0.458,0.492
486000,0.050,0.424,0.525
486500,0.050,0.477,0.473
487000,0.050,0.568,0.382
487500,0.050,0.412,0.537
488000,0.050,0.518,0.432
488500,0.050,0.491,0.458
489000,0.050,0.473,0.477
489500,0.050,0.483,0.467
490000,0.050,0.447,0.503
490500,0.050,0.398,0.552
491000,0.050,0.472,0.478
491500,0.050,0.588,0.362
492000,0.050,0.580,0.370
492500,0.050,0.444,0.506
493000,0.050,0.480,0.470
493500,0.050,0.424,0.525
494000,0.050,0.434,0.516
494500,0.050,0.457,0.493
495000,0.050,0.414,0.535
495500,0.050,0.532,0.418
496000,0.050,0.551,0.398
496500,0.050,0.512,0.438
497000,0.050,0.527,0.423
497500,0.050,0.431,0.518
498000,0.050,0.460,0.490
498500,0.050,0.519,0.431
499000,0.050,0.428,0.521
499500,0.050,0.433,0.517
500000,0.050,0.498,0.452
500500,0.050,0.469,0.481
501000,0.050,0.483,0.467
501500,0.050,0.482,0.467
502000,0.050,0.476,0.473
502500,0.050,0.460,0.490
503000,0.050,0.469,0.480
503500,0.050,0.529,0.421
504000,0.050,0.474,0.475
504500,0.050,0.483,0.467
505000,0.050,0.582,0.368
505500,0.050,0.462,0.488
506000,0.050,0.475,0.474
506500,0.050,0.482,0.467
507000,0.050,0.422,0.528
507500,0.052,0.401,0.546
508000,0.051,0.474,0.476
508500,0.050,0.442,0.508
509000,0.050,0.446,0.504
509500,0.050,0.430,0.520
510000,0.050,0.480,0.470
510500,0.050,0.552,0.398
511000,0.050,0.512,0.438
511500,0.050,0.458,0.492
512000,0.050,0.452,0.498
512500,0.050,0.453,0.497
513000,0.050,0.481,0.469
513500,0.050,0.464,0.486
514000,0.050,0.485,0.464
514500,0.050,0.517,0.432
515000,0.050,0.509,0.441
515500,0.050,0.449,0.501
516000,0.050,0.521,0.429
516500,0.050,0.542,0.407
517000,0.050,0.500,0.450
517500,0.050,0.525,0.424
518000,0.050,0.461,0.489
518500,0.050,0.442,0.508
519000,0.050,0.471,0.479
519500,0.050,0.506,0.444
520000,0.050,0.446,0.504
520500,0.050,0.446,0.504
521000,0.050,0.448,0.502
521500,0.050,0.466,0.484
522000,0.050,0.474,0.476
522500,0.050,0.496,0.454
523000,0.050,0.452,0.498
523500,0.050,0.528,0.422
524000,0.050,0.505,0.445
524500,0.050,0.498,0.452
525000,0.050,0.562,0.387
525500,0.050,0.515,0.434
526000,0.050,0.526,0.424
526500,0.050,0.385,0.565
527000,0.050,0.475,0.475
527500,0.050,0.511,0.439
528000,0.050,0.481,0.468
528500,0.050,0.422,0.527
529000,0.050,0.463,0.487
529500,0.050,0.408,0.542
530000,0.050,0.465,0.485
530500,0.050,0.440,0.510
531000,0.050,0.462,0.488
531500,0.050,0.391,0.559
532000,0.050,0.395,0.555
532500,0.051,0.469,0.479
533000,0.050,0.463,0.487
533500,0.050,0.544,0.406
534000,0.050,0.507,0.443
534500,0.050,0.503,0.447
535000,0.050,0.470,0.480
535500,0.050,0.560,0.390
536000,0.050,0.469,0.481
536500,0.050,0.441,0.509
537000,0.050,0.451,0.499
537500,0.050,0.438,0.512
538000,0.050,0.493,0.457
538500,0.050,0.488,0.462
539000,0.050,0.464,0.486
539500,0.050,0.464,0.486
540000,0.050,0.488,0.462
540500,0.050,0.486,0.464
541000,0.050,0.432,0.517
541500,0.050,0.441,0.509
542000,0.050,0.389,0.561
542500,0.050,0.467,0.483
543000,0.050,0.483,0.466
543500,0.050,0.463,0.487
544000,0.050,0.495,0.454
544500,0.050,0.439,0.511
545000,0.050,0.492,0.457
545500,0.050,0.469,0.480
546000,0.050,0.416,0.533
546500,0.050,0.344,0.606
547000,0.050,0.463,0.487
547500,0.050,0.447,0.503
548000,0.050,0.488,0.462
548500,0.050,0.561,0.388
549000,0.050,0.516,0.433
549500,0.050,0.466,0.484
550000,0.050,0.479,0.470
550500,0.050,0.495,0.455
551000,0.050,0.559,0.391
551500,0.050,0.479,0.470
552000,0.050,0.370,0.580
552500,0.050,0.449,0.501
553000,0.050,0.520,0.430
553500,0.050,0.498,0.451
554000,0.050,0.518,0.431
554500,0.050,0.533,0.417
555000,0.050,0.578,0.372
555500,0.050,0.517,0.433
556000,0.050,0.452,0.498
556500,0.050,0.416,0.534
557000,0.050,0.419,0.531
557500,0.050,0.462,0.488
558000,0.050,0.559,0.391
558500,0.050,0.440,0.510
559000,0.050,0.460,0.490
559500,0.050,0.500,0.450
560000,0.050,0.454,0.496
560500,0.050,0.420,0.529
561000,0.050,0.466,0.484
561500,0.050,0.435,0.514
562000,0.050,0.482,0.468
562500,0.050,0.451,0.499
563000,0.050,0.368,0.582
563500,0.050,0.434,0.515
564000,0.050,0.444,0.506
564500,0.050,0.474,0.476
565000,0.050,0.521,0.429
565500,0.050,0.482,0.468
566000,0.050,0.481,0.468
566500,0.050,0.464,0.486
567000,0.050,0.485,0.464
567500,0.050,0.453,0.497
568000,0.050,0.468,0.482
568500,0.050,0.448,0.502
569000,0.050,0.516,0.434
569500,0.050,0.499,0.451
570000,0.050,0.529,0.420
570500,0.050,0.469,0.481
571000,0.050,0.393,0.557
571500,0.050,0.460,0.490
572000,0.050,0.459,0.491
572500,0.050,0.434,0.515
573000,0.050,0.402,0.548
573500,0.050,0.494,0.456
574000,0.050,0.529,0.420
574500,0.050,0.421,0.528
575000,0.050,0.469,0.480
575500,0.050,0.501,0.449
576000,0.050,0.486,0.463
576500,0.050,0.427,0.523
577000,0.050,0.425,0.525
577500,0.050,0.375,0.575
578000,0.050,0.505,0.445
578500,0.050,0.456,0.494
579000,0.050,0.392,0.558
579500,0.050,0.395,0.555
580000,0.050,0.403,0.547
580500,0.050,0.439,0.511
581000,0.050,0.389,0.561
581500,0.050,0.529,0.420
582000,0.050,0.397,0.553
582500,0.050,0.421,0.529
583000,0.050,0.449,0.501
583500,0.050,0.526,0.424
584000,0.050,0.520,0.429
584500,0.050,0.433,0.517
585000,0.050,0.480,0.469
585500,0.050,0.436,0.514
586000,0.050,0.426,0.523
586500,0.050,0.360,0.590
587000,0.050,0.455,0.495
587500,0.050,0.504,0.446
588000,0.050,0.441,0.509
588500,0.050,0.394,0.556
589000,0.050,0.459,0.491
589500,0.050,0.486,0.464
590000,0.050,0.510,0.440
590500,0.050,0.322,0.628
591000,0.050,0.442,0.508
591500,0.050,0.446,0.504
592000,0.050,0.336,0.614
592500,0.050,0.429,0.520
593000,0.050,0.361,0.589
593500,0.050,0.469,0.480
594000,0.050,0.393,0.557
594500,0.050,0.412,0.538
595000,0.050,0.417,0.532
595500,0.050,0.416,0.533
596000,0.050,0.429,0.521
596500,0.050,0.470,0.480
597000,0.050,0.539,0.411
597500,0.050,0.407,0.542
598000,0.050,0.490,0.459
598500,0.050,0.395,0.555
599000,0.050,0.443,0.507
599500,0.050,0.518,0.432
600000,0.050,0.481,0.469
600500,0.050,0.527,0.422
601000,0.050,0.484,0.466
601500,0.050,0.496,0.454
602000,0.050,0.462,0.488
602500,0.050,0.543,0.407
603000,0.050,0.429,0.521
603500,0.050,0.412,0.538
604000,0.050,0.458,0.492
604500,0.050,0.360,0.590
605000,0.050,0.395,0.555
605500,0.050,0.532,0.417
606000,0.050,0.538,0.411
606500,0.050,0.499,0.450
607000,0.050,0.474,0.476
607500,0.050,0.373,0.577
608000,0.050,0.515,0.434
608500,0.050,0.498,0.451
609000,0.050,0.503,0.447
609500,0.050,0.410,0.540
610000,0.050,0.436,0.513
610500,0.050,0.490,0.460
611000,0.050,0.453,0.497
611500,0.050,0.370,0.579
612000,0.050,0.429,0.520
612500,0.050,0.417,0.532
613000,0.050,0.417,0.532
613500,0.050,0.401,0.549
614000,0.050,0.460,0.490
614500,0.050,0.490,0.459
615000,0.050,0.436,0.513
615500,0.050,0.417,0.533
616000,0.050,0.453,0.497
616500,0.050,0.417,0.532
617000,0.050,0.427,0.522
617500,0.050,0.490,0.459
618000,0.050,0.554,0.396
618500,0.050,0.490,0.459
619000,0.050,0.432,0.517
619500,0.050,0.486,0.463
620000,0.050,0.537,0.413
620500,0.050,0.524,0.425
621000,0.050,0.423,0.527
621500,0.050,0.480,0.470
622000,0.050,0.448,0.502
622500,0.050,0.500,0.450
623000,0.050,0.469,0.481
623500,0.050,0.488,0.462
624000,0.050,0.526,0.424
624500,0.050,0.508,0.442
625000,0.050,0.434,0.515
625500,0.050,0.468,0.482
626000,0.051,0.476,0.472
626500,0.050,0.501,0.449
627000,0.050,0.480,0.470
627500,0.050,0.446,0.504
628000,0.050,0.496,0.453
628500,0.050,0.343,0.607
629000,0.050,0.385,0.565
629500,0.052,0.454,0.493
630000,0.051,0.550,0.399
630500,0.050,0.527,0.422
631000,0.050,0.453,0.497
631500,0.050,0.532,0.417
632000,0.050,0.473,0.477
632500,0.050,0.429,0.521
633000,0.050,0.515,0.434
633500,0.050,0.482,0.468
634000,0.050,0.493,0.456
634500,0.050,0.483,0.467
635000,0.050,0.485,0.464
635500,0.050,0.424,0.525
636000,0.050,0.486,0.463
636500,0.050,0.567,0.383
637000,0.050,0.454,0.496
637500,0.050,0.408,0.542
638000,0.050,0.420,0.529
638500,0.050,0.575,0.375
639000,0.050,0.561,0.388
639500,0.050,0.494,0.455
640000,0.050,0.443,0.507
640500,0.050,0.517,0.432
641000,0.050,0.456,0.494
641500,0.050,0.461,0.489
642000,0.050,0.420,0.530
642500,0.050,0.475,0.475
643000,0.050,0.532,0.418
643500,0.050,0.523,0.427
644000,0.050,0.543,0.407
644500,0.050,0.552,0.397
645000,0.050,0.485,0.464
645500,0.050,0.498,0.452
646000,0.050,0.468,0.482
646500,0.050,0.497,0.452
647000,0.050,0.521,0.429
647500,0.050,0.464,0.486
648000,0.050,0.439,0.511
648500,0.050,0.443,0.507
649000,0.050,0.467,0.483
649500,0.050,0.439,0.511
650000,0.050,0.494,0.456
650500,0.050,0.444,0.506
651000,0.050,0.462,0.488
651500,0.050,0.505,0.445
652000,0.050,0.473,0.477
652500,0.050,0.450,0.500
653000,0.050,0.454,0.496
653500,0.050,0.454,0.496
654000,0.050,0.451,0.499
654500,0.050,0.454,0.496
655000,0.050,0.458,0.492
655500,0.050,0.402,0.548
656000,0.050,0.478,0.472
656500,0.050,0.413,0.537
657000,0.050,0.433,0.516
657500,0.050,0.368,0.581
658000,0.050,0.446,0.504
658500,0.050,0.493,0.456
659000,0.050,0.475,0.474
659500,0.050,0.504,0.446
660000,0.050,0.472,0.478
660500,0.050,0.481,0.468
661000,0.050,0.465,0.485
661500,0.050,0.506,0.444
662000,0.050,0.489,0.460
662500,0.050,0.565,0.385
663000,0.050,0.499,0.450
663500,0.050,0.535,0.415
664000,0.050,0.475,0.474
664500,0.050,0.495,0.455
665000,0.050,0.467,0.483
665500,0.050,0.477,0.473
666000,0.050,0.541,0.408
666500,0.050,0.517,0.433
667000,0.050,0.534,0.416
667500,0.050,0.466,0.484
668000,0.050,0.451,0.499
668500,0.050,0.520,0.429
669000,0.050,0.451,0.499
669500,0.050,0.482,0.468
670000,0.050,0.594,0.356
670500,0.050,0.553,0.397
671000,0.050,0.481,0.469
671500,0.050,0.537,0.412
672000,0.050,0.440,0.510
672500,0.050,0.444,0.506
673000,0.050,0.413,0.537
673500,0.050,0.395,0.555
674000,0.050,0.406,0.544
674500,0.050,0.392,0.558
675000,0.050,0.416,0.533
675500,0.050,0.517,0.433
676000,0.050,0.451,0.499
676500,0.050,0.483,0.467
677000,0.050,0.534,0.415
677500,0.050,0.424,0.525
678000,0.050,0.495,0.455
678500,0.050,0.418,0.531
679000,0.050,0.469,0.481
679500,0.050,0.493,0.456
680000,0.050,0.513,0.437
680500,0.050,0.448,0.502
681000,0.050,0.406,0.544
681500,0.050,0.483,0.467
682000,0.050,0.307,0.642
682500,0.051,0.429,0.520
683000,0.050,0.493,0.456
683500,0.050,0.464,0.486
684000,0.050,0.475,0.475
684500,0.050,0.412,0.538
685000,0.050,0.488,0.462
685500,0.050,0.524,0.426
686000,0.050,0.463,0.487
686500,0.050,0.467,0.483
687000,0.050,0.455,0.495
687500,0.050,0.501,0.449
688000,0.050,0.422,0.528
688500,0.050,0.487,0.462
689000,0.050,0.448,0.502
689500,0.050,0.511,0.439
690000,0.050,0.487,0.463
690500,0.050,0.467,0.483
691000,0.050,0.405,0.545
691500,0.050,0.552,0.397
692000,0.050,0.452,0.498
692500,0.050,0.438,0.512
693000,0.050,0.426,0.523
693500,0.050,0.473,0.476
694000,0.050,0.482,0.467
694500,0.050,0.516,0.433
695000,0.050,0.392,0.558
695500,0.050,0.485,0.465
696000,0.050,0.536,0.414
696500,0.050,0.464,0.486
697000,0.050,0.390,0.560
697500,0.050,0.416,0.533
698000,0.050,0.469,0.481
698500,0.050,0.448,0.502
699000,0.050,0.483,0.466
699500,0.050,0.465,0.485
700000,0.050,0.426,0.523
700500,0.050,0.374,0.575
701000,0.050,0.437,0.513
701500,0.050,0.443,0.507
702000,0.050,0.435,0.515
702500,0.050,0.444,0.506
703000,0.050,0.453,0.497
703500,0.050,0.504,0.446
704000,0.050,0.472,0.478
704500,0.050,0.461,0.489
705000,0.050,0.446,0.504
705500,0.050,0.487,0.463
706000,0.050,0.423,0.527
706500,0.050,0.552,0.398
707000,0.050,0.462,0.488
707500,0.050,0.348,0.602
708000,0.050,0.384,0.567
708500,0.050,0.487,0.462
709000,0.050,0.494,0.456
709500,0.050,0.424,0.526
710000,0.050,0.454,0.496
710500,0.050,0.479,0.471
711000,0.050,0.449,0.501
711500,0.050,0.524,0.426
712000,0.050,0.480,0.469
712500,0.050,0.464,0.486
713000,0.050,0.374,0.576
713500,0.050,0.430,0.519
714000,0.050,0.474,0.475
714500,0.050,0.439,0.511
715000,0.050,0.494,0.456
715500,0.050,0.427,0.522
716000,0.050,0.431,0.519
716500,0.050,0.457,0.493
717000,0.050,0.472,0.478
717500,0.050,0.482,0.467
718000,0.050,0.503,0.447
718500,0.050,0.507,0.443
719000,0.050,0.449,0.501
719500,0.050,0.489,0.460
720000,0.050,0.481,0.468
720500,0.050,0.514,0.435
721000,0.050,0.559,0.391
721500,0.050,0.555,0.394
722000,0.050,0.537,0.412
722500,0.050,0.494,0.456
723000,0.050,0.508,0.442
723500,0.050,0.486,0.463
724000,0.050,0.402,0.548
724500,0.050,0.351,0.599
725000,0.050,0.427,0.522
725500,0.050,0.400,0.550
726000,0.050,0.457,0.493
726500,0.050,0.365,0.585
727000,0.050,0.412,0.538
727500,0.050,0.427,0.523
728000,0.050,0.501,0.449
728500,0.050,0.538,0.412
729000,0.050,0.482,0.467
729500,0.050,0.505,0.445
730000,0.050,0.518,0.431
730500,0.050,0.500,0.450
731000,0.050,0.454,0.496
731500,0.050,0.463,0.487
732000,0.050,0.458,0.492
732500,0.050,0.434,0.516
733000,0.050,0.451,0.499
733500,0.050,0.467,0.483
734000,0.050,0.529,0.421
734500,0.050,0.458,0.492
735000,0.050,0.431,0.518
735500,0.050,0.418,0.532
736000,0.050,0.363,0.587
736500,0.050,0.357,0.593
737000,0.050,0.474,0.476
737500,0.050,0.479,0.471
738000,0.050,0.518,0.431
738500,0.050,0.487,0.462
739000,0.050,0.414,0.535
739500,0.050,0.483,0.466
740000,0.050,0.478,0.472
740500,0.050,0.526,0.423
741000,0.050,0.470,0.480
741500,0.050,0.420,0.529
742000,0.050,0.514,0.436
742500,0.050,0.569,0.381
743000,0.050,0.457,0.493
743500,0.050,0.443,0.507
744000,0.050,0.438,0.512
744500,0.050,0.436,0.514
745000,0.050,0.443,0.507
745500,0.050,0.470,0.479
746000,0.050,0.523,0.427
746500,0.050,0.469,0.480
747000,0.050,0.470,0.479
747500,0.050,0.452,0.498
748000,0.050,0.385,0.565
748500,0.050,0.410,0.539
749000,0.050,0.425,0.525
749500,0.050,0.457,0.493
750000,0.050,0.404,0.546
750500,0.050,0.413,0.537
751000,0.050,0.447,0.503
751500,0.050,0.448,0.502
752000,0.050,0.465,0.485
752500,0.050,0.421,0.529
753000,0.050,0.420,0.530
753500,0.050,0.546,0.404
754000,0.050,0.444,0.506
754500,0.050,0.511,0.439
755000,0.050,0.493,0.456
755500,0.050,0.524,0.426
756000,0.050,0.490,0.460
756500,0.050,0.504,0.446
757000,0.050,0.481,0.469
757500,0.050,0.428,0.521
758000,0.050,0.412,0.537
758500,0.050,0.401,0.549
759000,0.050,0.510,0.440
759500,0.050,0.447,0.503
760000,0.050,0.493,0.456
760500,0.050,0.528,0.421
761000,0.050,0.495,0.454
761500,0.050,0.476,0.473
762000,0.050,0.551,0.399
762500,0.050,0.460,0.490
763000,0.050,0.512,0.438
763500,0.050,0.414,0.535
764000,0.050,0.436,0.514
764500,0.050,0.482,0.467
765000,0.050,0.530,0.420
765500,0.050,0.536,0.413
766000,0.050,0.413,0.537
766500,0.050,0.456,0.494
767000,0.050,0.491,0.459
767500,0.050,0.406,0.543
768000,0.050,0.448,0.502
768500,0.050,0.428,0.521
769000,0.050,0.522,0.427
769500,0.050,0.377,0.573
770000,0.050,0.427,0.522
770500,0.050,0.391,0.559
771000,0.050,0.388,0.562
771500,0.050,0.479,0.471
772000,0.050,0.416,0.534
772500,0.050,0.389,0.561
773000,0.050,0.412,0.537
773500,0.050,0.532,0.417
774000,0.050,0.420,0.530
774500,0.050,0.508,0.442
775000,0.050,0.469,0.480
775500,0.050,0.410,0.540
776000,0.050,0.450,0.500
776500,0.050,0.516,0.433
777000,0.050,0.408,0.541
777500,0.050,0.516,0.433
778000,0.050,0.581,0.369
778500,0.050,0.581,0.369
779000,0.050,0.494,0.456
779500,0.050,0.570,0.380
780000,0.050,0.472,0.477
780500,0.050,0.440,0.510
781000,0.050,0.555,0.394
781500,0.050,0.539,0.410
782000,0.050,0.550,0.400
782500,0.050,0.479,0.470
783000,0.050,0.431,0.519
783500,0.050,0.459,0.491
784000,0.050,0.493,0.456
784500,0.050,0.485,0.464
785000,0.050,0.363,0.587
785500,0.050,0.384,0.567
786000,0.050,0.436,0.514
786500,0.050,0.510,0.440
787000,0.050,0.456,0.494
787500,0.050,0.486,0.463
788000,0.050,0.501,0.449
788500,0.050,0.503,0.447
789000,0.050,0.483,0.466
789500,0.050,0.499,0.451
790000,0.050,0.430,0.519
790500,0.050,0.503,0.447
791000,0.050,0.432,0.517
791500,0.050,0.405,0.545
792000,0.050,0.479,0.470
792500,0.050,0.525,0.425
793000,0.050,0.610,0.340
793500,0.050,0.540,0.409
794000,0.050,0.451,0.499
794500,0.050,0.564,0.386
795000,0.050,0.457,0.493
795500,0.050,0.424,0.526
796000,0.050,0.419,0.530
796500,0.050,0.426,0.524
797000,0.050,0.496,0.454
797500,0.050,0.457,0.493
798000,0.050,0.483,0.466
798500,0.050,0.484,0.465
799000,0.050,0.486,0.463
799500,0.050,0.445,0.505
800000,0.050,0.439,0.511
800500,0.050,0.504,0.446
801000,0.050,0.467,0.483
801500,0.050,0.474,0.476
802000,0.050,0.388,0.562
802500,0.050,0.506,0.444
803000,0.050,0.431,0.518
803500,0.050,0.369,0.581
804000,0.050,0.423,0.527
804500,0.050,0.435,0.514
805000,0.050,0.481,0.469
805500,0.050,0.500,0.450
806000,0.050,0.466,0.484
806500,0.050,0.484,0.466
807000,0.050,0.479,0.470
807500,0.050,0.484,0.466
808000,0.050,0.493,0.457
808500,0.050,0.520,0.429
809000,0.050,0.462,0.488
809500,0.050,0.475,0.475
810000,0.050,0.450,0.500
810500,0.050,0.441,0.509
811000,0.050,0.409,0.540
811500,0.050,0.487,0.462
812000,0.050,0.515,0.434
812500,0.050,0.585,0.365
813000,0.050,0.495,0.455
813500,0.050,0.447,0.503
814000,0.051,0.421,0.527
814500,0.050,0.387,0.563
815000,0.050,0.359,0.591
815500,0.050,0.421,0.528
816000,0.050,0.501,0.449
816500,0.050,0.445,0.505
817000,0.050,0.431,0.518
817500,0.050,0.490,0.459
818000,0.050,0.405,0.545
818500,0.050,0.510,0.440
819000,0.050,0.382,0.568
819500,0.050,0.510,0.440
820000,0.050,0.474,0.476
820500,0.050,0.411,0.538
821000,0.050,0.403,0.547
821500,0.050,0.517,0.433
822000,0.050,0.442,0.508
822500,0.050,0.518,0.432
823000,0.050,0.483,0.466
823500,0.050,0.493,0.456
824000,0.050,0.452,0.498
824500,0.050,0.400,0.550
825000,0.050,0.416,0.533
825500,0.050,0.516,0.433
826000,0.050,0.424,0.525
826500,0.050,0.402,0.548
827000,0.050,0.360,0.590
827500,0.050,0.323,0.627
828000,0.050,0.381,0.569
828500,0.050,0.443,0.507
829000,0.050,0.499,0.450
829500,0.050,0.595,0.355
830000,0.050,0.577,0.373
830500,0.050,0.557,0.392
831000,0.050,0.393,0.557
831500,0.050,0.512,0.438
832000,0.050,0.533,0.417
832500,0.050,0.508,0.442
833000,0.050,0.489,0.461
833500,0.050,0.451,0.499
834000,0.050,0.467,0.483
834500,0.050,0.378,0.573
835000,0.050,0.397,0.553
835500,0.050,0.361,0.589
836000,0.050,0.443,0.507
836500,0.050,0.403,0.547
837000,0.050,0.523,0.427
837500,0.050,0.401,0.549
838000,0.050,0.400,0.550
838500,0.050,0.434,0.516
839000,0.050,0.515,0.435
839500,0.050,0.506,0.444
840000,0.050,0.401,0.549
840500,0.050,0.395,0.555
841000,0.050,0.476,0.473
841500,0.050,0.540,0.410
842000,0.050,0.553,0.396
842500,0.050,0.460,0.490
843000,0.050,0.462,0.488
843500,0.050,0.389,0.561
844000,0.050,0.379,0.571
844500,0.050,0.478,0.472
845000,0.050,0.507,0.443
845500,0.050,0.566,0.384
846000,0.050,0.534,0.415
846500,0.050,0.508,0.442
847000,0.050,0.514,0.436
847500,0.050,0.486,0.464
848000,0.050,0.477,0.473
848500,0.050,0.473,0.476
849000,0.050,0.399,0.551
849500,0.050,0.476,0.473
850000,0.050,0.509,0.441
850500,0.050,0.519,0.431
851000,0.050,0.462,0.488
851500,0.050,0.472,0.477
852000,0.050,0.340,0.610
852500,0.050,0.407,0.543
853000,0.050,0.433,0.516
853500,0.050,0.360,0.590
854000,0.050,0.496,0.454
854500,0.050,0.397,0.553
855000,0.050,0.346,0.604
855500,0.050,0.519,0.431
856000,0.050,0.463,0.487
856500,0.050,0.476,0.474
857000,0.050,0.501,0.449
857500,0.050,0.579,0.371
858000,0.050,0.559,0.391
858500,0.050,0.546,0.403
859000,0.050,0.509,0.441
859500,0.050,0.519,0.430
860000,0.050,0.477,0.473
860500,0.050,0.560,0.389
861000,0.050,0.462,0.488
861500,0.050,0.426,0.523
862000,0.050,0.429,0.520
862500,0.050,0.431,0.519
863000,0.050,0.454,0.496
863500,0.050,0.448,0.502
864000,0.050,0.471,0.478
864500,0.050,0.499,0.451
865000,0.050,0.455,0.495
865500,0.050,0.342,0.608
866000,0.050,0.499,0.450
866500,0.050,0.477,0.473
867000,0.050,0.447,0.503
867500,0.050,0.446,0.504
868000,0.050,0.429,0.520
868500,0.050,0.464,0.486
869000,0.050,0.451,0.499
869500,0.050,0.572,0.378
870000,0.050,0.502,0.448
870500,0.050,0.449,0.501
871000,0.050,0.432,0.518
871500,0.050,0.439,0.511
872000,0.050,0.483,0.467
872500,0.050,0.475,0.474
873000,0.050,0.414,0.536
873500,0.050,0.434,0.516
874000,0.050,0.402,0.548
874500,0.050,0.391,0.559
875000,0.050,0.442,0.508
875500,0.050,0.435,0.514
876000,0.050,0.446,0.504
876500,0.050,0.386,0.564
877000,0.050,0.458,0.492
877500,0.050,0.486,0.463
878000,0.050,0.499,0.450
878500,0.050,0.521,0.428
879000,0.050,0.467,0.483
879500,0.050,0.490,0.459
880000,0.050,0.450,0.500
880500,0.050,0.481,0.468
881000,0.050,0.397,0.553
881500,0.050,0.499,0.450
882000,0.050,0.540,0.410
882500,0.050,0.449,0.501
883000,0.050,0.406,0.544
883500,0.050,0.458,0.492
884000,0.050,0.570,0.380
884500,0.050,0.445,0.505
885000,0.050,0.410,0.540
885500,0.050,0.375,0.575
886000,0.050,0.417,0.532
886500,0.050,0.378,0.572
887000,0.050,0.379,0.571
887500,0.050,0.445,0.505
888000,0.050,0.378,0.573
888500,0.050,0.536,0.413
889000,0.050,0.539,0.411
889500,0.050,0.518,0.432
890000,0.050,0.523,0.427
890500,0.050,0.497,0.453
891000,0.050,0.460,0.490
891500,0.050,0.464,0.486
892000,0.050,0.364,0.586
892500,0.050,0.352,0.598
893000,0.050,0.455,0.495
893500,0.050,0.447,0.503
894000,0.050,0.351,0.599
894500,0.050,0.368,0.582
895000,0.050,0.403,0.547
895500,0.050,0.534,0.415
896000,0.050,0.368,0.582
896500,0.050,0.357,0.593
897000,0.050,0.531,0.418
897500,0.050,0.546,0.403
898000,0.050,0.443,0.507
898500,0.050,0.509,0.441
899000,0.050,0.534,0.415
899500,0.050,0.420,0.529
900000,0.050,0.453,0.497
900500,0.050,0.385,0.565
901000,0.050,0.361,0.589
901500,0.050,0.515,0.434
902000,0.050,0.488,0.462
902500,0.050,0.451,0.499
903000,0.050,0.474,0.476
903500,0.050,0.458,0.492
904000,0.050,0.497,0.452
904500,0.050,0.474,0.476
905000,0.050,0.469,0.481
905500,0.050,0.391,0.559
906000,0.050,0.377,0.573
906500,0.050,0.388,0.562
907000,0.050,0.511,0.439
907500,0.050,0.463,0.487
908000,0.050,0.464,0.486
908500,0.050,0.448,0.502
909000,0.051,0.352,0.597
909500,0.050,0.341,0.609
910000,0.050,0.436,0.514
910500,0.050,0.507,0.443
911000,0.050,0.511,0.439
911500,0.050,0.528,0.422
912000,0.050,0.507,0.443
912500,0.050,0.522,0.427
913000,0.050,0.466,0.484
913500,0.050,0.436,0.514
914000,0.050,0.490,0.460
914500,0.050,0.471,0.479
915000,0.050,0.539,0.411
915500,0.050,0.466,0.484
916000,0.050,0.576,0.374
916500,0.050,0.496,0.454
917000,0.050,0.497,0.452
917500,0.050,0.447,0.503
918000,0.050,0.453,0.497
918500,0.050,0.457,0.493
919000,0.050,0.426,0.524
919500,0.050,0.459,0.491
920000,0.050,0.464,0.486
920500,0.050,0.447,0.503
921000,0.050,0.442,0.508
921500,0.050,0.516,0.433
922000,0.050,0.543,0.407
922500,0.050,0.555,0.394
923000,0.050,0.427,0.523
923500,0.050,0.514,0.435
924000,0.050,0.439,0.511
924500,0.050,0.457,0.493
925000,0.050,0.475,0.474
925500,0.050,0.432,0.518
926000,0.050,0.443,0.507
926500,0.050,0.408,0.542
927000,0.050,0.545,0.404
927500,0.050,0.525,0.424
928000,0.050,0.457,0.493
928500,0.050,0.452,0.498
929000,0.050,0.442,0.508
929500,0.050,0.487,0.462
930000,0.050,0.439,0.511
930500,0.050,0.532,0.417
931000,0.050,0.424,0.525
931500,0.050,0.553,0.397
932000,0.050,0.460,0.490
932500,0.050,0.454,0.496
933000,0.050,0.423,0.527
933500,0.050,0.499,0.451
934000,0.050,0.447,0.503
934500,0.050,0.382,0.568
935000,0.050,0.494,0.455
935500,0.050,0.532,0.417
936000,0.050,0.491,0.458
936500,0.050,0.444,0.506
937000,0.050,0.405,0.545
937500,0.050,0.416,0.534
938000,0.050,0.447,0.503
938500,0.050,0.495,0.454
939000,0.050,0.414,0.536
939500,0.050,0.509,0.441
940000,0.050,0.504,0.446
940500,0.050,0.614,0.336
941000,0.050,0.540,0.409
941500,0.050,0.475,0.474
942000,0.050,0.646,0.304
942500,0.050,0.564,0.386
943000,0.050,0.501,0.449
943500,0.050,0.521,0.429
944000,0.050,0.483,0.467
944500,0.050,0.531,0.418
945000,0.050,0.528,0.422
945500,0.050,0.505,0.445
946000,0.050,0.570,0.380
946500,0.050,0.465,0.485
947000,0.050,0.458,0.492
947500,0.050,0.474,0.476
948000,0.050,0.430,0.519
948500,0.050,0.482,0.467
949000,0.050,0.461,0.489
949500,0.050,0.412,0.538
950000,0.050,0.416,0.533
950500,0.050,0.447,0.503
951000,0.050,0.532,0.417
951500,0.050,0.463,0.487
952000,0.050,0.536,0.413
952500,0.050,0.397,0.553
953000,0.050,0.430,0.519
953500,0.050,0.424,0.526
954000,0.050,0.428,0.521
954500,0.050,0.469,0.480
955000,0.050,0.507,0.443
955500,0.050,0.543,0.406
956000,0.050,0.499,0.451
956500,0.050,0.510,0.440
957000,0.050,0.459,0.491
957500,0.050,0.505,0.445
958000,0.050,0.451,0.499
958500,0.050,0.452,0.498
959000,0.050,0.487,0.463
959500,0.050,0.469,0.480
960000,0.050,0.458,0.492
960500,0.050,0.502,0.448
961000,0.050,0.458,0.492
961500,0.050,0.412,0.538
962000,0.050,0.425,0.525
962500,0.050,0.391,0.559
963000,0.050,0.460,0.490
963500,0.050,0.385,0.565
964000,0.050,0.416,0.534
964500,0.050,0.446,0.504
965000,0.050,0.537,0.413
965500,0.050,0.533,0.417
966000,0.050,0.429,0.521
966500,0.050,0.471,0.478
967000,0.050,0.516,0.434
967500,0.050,0.443,0.507
968000,0.050,0.539,0.410
968500,0.050,0.457,0.493
969000,0.050,0.380,0.570
969500,0.050,0.385,0.565
970000,0.050,0.463,0.487
970500,0.050,0.487,0.462
971000,0.050,0.478,0.471
971500,0.050,0.417,0.533
972000,0.050,0.471,0.479
972500,0.050,0.411,0.538
973000,0.050,0.441,0.509
973500,0.050,0.429,0.521
974000,0.050,0.422,0.528
974500,0.050,0.491,0.458
975000,0.050,0.440,0.510
975500,0.050,0.390,0.560
976000,0.050,0.406,0.543
976500,0.050,0.488,0.461
977000,0.050,0.447,0.503
977500,0.050,0.474,0.476
978000,0.050,0.440,0.510
978500,0.050,0.425,0.525
979000,0.050,0.448,0.502
979500,0.050,0.461,0.489
980000,0.050,0.504,0.446
980500,0.050,0.501,0.449
981000,0.050,0.522,0.428
981500,0.050,0.469,0.481
982000,0.050,0.560,0.389
982500,0.050,0.528,0.421
983000,0.050,0.514,0.436
983500,0.050,0.465,0.485
984000,0.050,0.434,0.516
984500,0.050,0.449,0.501
985000,0.050,0.404,0.546
985500,0.050,0.466,0.484
986000,0.050,0.447,0.503
986500,0.050,0.507,0.443
987000,0.050,0.529,0.421
987500,0.050,0.518,0.432
988000,0.050,0.444,0.506
988500,0.050,0.471,0.479
989000,0.050,0.454,0.496
989500,0.050,0.417,0.532
990000,0.050,0.495,0.454
990500,0.050,0.411,0.538
991000,0.050,0.482,0.467
991500,0.050,0.552,0.398
992000,0.050,0.514,0.435
992500,0.050,0.509,0.441
993000,0.050,0.478,0.471
993500,0.050,0.470,0.480
994000,0.050,0.445,0.505
994500,0.050,0.498,0.451
995000,0.050,0.451,0.499
995500,0.050,0.532,0.418
996000,0.050,0.511,0.439
996500,0.050,0.524,0.426
997000,0.050,0.453,0.497
997500,0.050,0.461,0.489
998000,0.050,0.472,0.477
998500,0.050,0.392,0.558
999000,0.050,0.459,0.491
999500,0.050,0.417,0.533
1000000,0.050,0.516,0.433
