time,n_A+p,n_B,n_AB
100,0.431,0.437,0.131
200,0.388,0.419,0.193
300,0.346,0.391,0.263
400,0.343,0.388,0.269
500,0.303,0.401,0.297
600,0.303,0.419,0.278
700,0.300,0.440,0.260
800,0.312,0.407,0.281
900,0.303,0.373,0.324
1000,0.327,0.379,0.294
1100,0.287,0.431,0.281
1200,0.287,0.434,0.278
1300,0.297,0.404,0.300
1400,0.300,0.401,0.300
1500,0.294,0.434,0.272
1600,0.287,0.410,0.303
1700,0.278,0.428,0.294
1800,0.272,0.404,0.324
1900,0.294,0.425,0.281
2000,0.297,0.437,0.266
2100,0.315,0.416,0.269
2200,0.291,0.453,0.257
2300,0.294,0.428,0.278
2400,0.287,0.422,0.291
2500,0.297,0.428,0.275
2600,0.306,0.416,0.278
2700,0.303,0.425,0.272
2800,0.315,0.440,0.245
2900,0.318,0.416,0.266
3000,0.297,0.416,0.287
3100,0.303,0.407,0.291
3200,0.263,0.416,0.321
3300,0.260,0.413,0.327
3400,0.284,0.434,0.281
3500,0.272,0.428,0.300
3600,0.297,0.422,0.281
3700,0.315,0.413,0.272
3800,0.306,0.431,0.263
3900,0.294,0.443,0.263
4000,0.263,0.486,0.251
4100,0.235,0.495,0.269
4200,0.205,0.514,0.281
4300,0.183,0.541,0.275
4400,0.190,0.566,0.245
4500,0.180,0.563,0.257
4600,0.190,0.554,0.257
4700,0.193,0.560,0.248
4800,0.190,0.557,0.254
4900,0.205,0.547,0.248
5000,0.190,0.575,0.235
5100,0.187,0.578,0.235
5200,0.177,0.550,0.272
5300,0.187,0.569,0.245
5400,0.162,0.541,0.297
5500,0.177,0.560,0.263
5600,0.202,0.557,0.242
5700,0.202,0.569,0.229
5800,0.187,0.584,0.229
5900,0.180,0.596,0.223
6000,0.196,0.606,0.199
6100,0.208,0.578,0.214
6200,0.196,0.590,0.214
6300,0.190,0.563,0.248
6400,0.193,0.572,0.235
6500,0.199,0.575,0.226
6600,0.217,0.575,0.208
6700,0.205,0.590,0.205
6800,0.208,0.560,0.232
6900,0.214,0.526,0.260
7000,0.217,0.505,0.278
7100,0.229,0.471,0.300
7200,0.257,0.480,0.263
7300,0.263,0.450,0.287
7400,0.269,0.456,0.275
7500,0.263,0.456,0.281
7600,0.266,0.459,0.275
7700,0.278,0.471,0.251
7800,0.281,0.437,0.281
7900,0.263,0.419,0.318
8000,0.269,0.425,0.306
8100,0.266,0.428,0.306
8200,0.294,0.422,0.284
8300,0.287,0.416,0.297
8400,0.306,0.440,0.254
8500,0.309,0.434,0.257
8600,0.330,0.419,0.251
8700,0.327,0.416,0.257
8800,0.349,0.382,0.269
8900,0.349,0.349,0.303
9000,0.361,0.379,0.260
9100,0.376,0.394,0.229
9200,0.367,0.385,0.248
9300,0.343,0.398,0.260
9400,0.343,0.388,0.269
9500,0.343,0.398,0.260
9600,0.394,0.388,0.217
9700,0.407,0.394,0.199
9800,0.428,0.361,0.211
9900,0.446,0.336,0.217
10000,0.474,0.324,0.202
10100,0.480,0.284,0.235
10200,0.477,0.287,0.235
10300,0.477,0.269,0.254
10400,0.489,0.263,0.248
10500,0.517,0.260,0.223
10600,0.523,0.232,0.245
10700,0.538,0.190,0.272
10800,0.554,0.180,0.266
10900,0.581,0.208,0.211
11000,0.578,0.214,0.208
11100,0.618,0.205,0.177
11200,0.630,0.177,0.193
11300,0.639,0.174,0.187
11400,0.654,0.180,0.165
11500,0.654,0.171,0.174
11600,0.639,0.168,0.193
11700,0.667,0.144,0.190
11800,0.657,0.119,0.223
11900,0.670,0.147,0.183
12000,0.624,0.153,0.223
12100,0.624,0.156,0.220
12200,0.624,0.162,0.214
12300,0.651,0.165,0.183
12400,0.624,0.138,0.239
12500,0.621,0.131,0.248
12600,0.633,0.162,0.205
12700,0.636,0.153,0.211
12800,0.657,0.156,0.187
12900,0.654,0.150,0.196
13000,0.657,0.150,0.193
13100,0.670,0.119,0.211
13200,0.700,0.104,0.196
13300,0.691,0.073,0.235
13400,0.709,0.070,0.220
13500,0.740,0.089,0.171
13600,0.758,0.089,0.153
13700,0.774,0.064,0.162
13800,0.807,0.058,0.135
13900,0.807,0.052,0.141
14000,0.832,0.040,0.128
14100,0.820,0.031,0.150
14200,0.841,0.031,0.128
14300,0.859,0.021,0.119
14400,0.865,0.018,0.116
14500,0.884,0.028,0.089
14600,0.908,0.021,0.070
14700,0.927,0.012,0.061
14800,0.945,0.012,0.043
14900,0.939,0.006,0.055
15000,0.957,0.003,0.040
15100,0.963,0.003,0.034
15200,0.966,0.003,0.031
15300,0.966,0.003,0.031
15400,0.976,0.000,0.024
15500,0.979,0.000,0.021
15600,0.979,0.000,0.021
15700,0.979,0.000,0.021
15800,0.982,0.000,0.018
15900,0.982,0.000,0.018
16000,0.982,0.000,0.018
16100,0.982,0.000,0.018
16200,0.988,0.000,0.012
16300,0.988,0.000,0.012
16400,0.988,0.000,0.012
16500,0.988,0.000,0.012
16600,0.991,0.000,0.009
16700,0.991,0.000,0.009
16800,0.991,0.000,0.009
16900,0.994,0.000,0.006
17000,0.997,0.000,0.003
17100,0.997,0.000,0.003
17200,0.997,0.000,0.003
17300,0.997,0.000,0.003
17400,0.997,0.000,0.003
17500,0.997,0.000,0.003
17600,0.997,0.000,0.003
17700,1.000,0.000,0.000
