time,n_A+p,n_B,n_AB
100,0.376,0.442,0.182
200,0.302,0.426,0.273
300,0.289,0.421,0.289
400,0.318,0.430,0.252
500,0.285,0.409,0.306
600,0.236,0.417,0.347
700,0.269,0.413,0.318
800,0.252,0.434,0.314
900,0.240,0.463,0.298
1000,0.223,0.467,0.310
1100,0.198,0.471,0.331
1200,0.182,0.541,0.277
1300,0.194,0.512,0.293
1400,0.157,0.508,0.335
1500,0.182,0.517,0.302
1600,0.140,0.558,0.302
1700,0.120,0.550,0.331
1800,0.157,0.525,0.318
1900,0.140,0.545,0.314
2000,0.169,0.529,0.302
2100,0.128,0.537,0.335
2200,0.165,0.562,0.273
2300,0.149,0.636,0.215
2400,0.099,0.698,0.202
2500,0.112,0.665,0.223
2600,0.091,0.661,0.248
2700,0.070,0.690,0.240
2800,0.066,0.694,0.240
2900,0.095,0.674,0.231
3000,0.074,0.665,0.260
3100,0.083,0.723,0.194
3200,0.054,0.731,0.215
3300,0.054,0.756,0.190
3400,0.050,0.781,0.169
3500,0.037,0.810,0.153
3600,0.033,0.822,0.145
3700,0.025,0.855,0.120
3800,0.021,0.864,0.116
3900,0.025,0.864,0.112
4000,0.021,0.884,0.095
4100,0.017,0.905,0.079
4200,0.012,0.909,0.079
4300,0.012,0.930,0.058
4400,0.004,0.942,0.054
4500,0.000,0.955,0.045
4600,0.000,0.950,0.050
4700,0.000,0.950,0.050
4800,0.000,0.955,0.045
4900,0.000,0.950,0.050
5000,0.000,0.934,0.066
5100,0.000,0.946,0.054
5200,0.000,0.930,0.070
5300,0.000,0.921,0.079
5400,0.000,0.930,0.070
5500,0.000,0.946,0.054
5600,0.000,0.955,0.045
5700,0.000,0.955,0.045
5800,0.008,0.942,0.050
5900,0.000,0.967,0.033
6000,0.000,0.967,0.033
6100,0.000,0.963,0.037
6200,0.000,0.967,0.033
6300,0.000,0.955,0.045
6400,0.000,0.955,0.045
6500,0.000,0.971,0.029
6600,0.000,0.983,0.017
6700,0.000,0.983,0.017
6800,0.000,0.963,0.037
6900,0.000,0.955,0.045
7000,0.000,0.938,0.062
7100,0.000,0.938,0.062
7200,0.000,0.959,0.041
7300,0.000,0.946,0.054
7400,0.000,0.938,0.062
7500,0.000,0.967,0.033
7600,0.000,0.967,0.033
7700,0.000,0.967,0.033
7800,0.000,0.959,0.041
7900,0.000,0.963,0.037
8000,0.000,0.975,0.025
8100,0.000,0.988,0.012
8200,0.000,0.988,0.012
8300,0.000,0.996,0.004
8400,0.000,0.996,0.004
8500,0.000,1.000,0.000
