time,n_A+p,n_B,n_AB
500,0.080,0.654,0.266
1000,0.080,0.379,0.541
1500,0.098,0.208,0.694
2000,0.136,0.151,0.713
2500,0.204,0.071,0.725
3000,0.302,0.028,0.670
3500,0.315,0.007,0.678
4000,0.471,0.004,0.525
4500,0.510,0.007,0.483
5000,0.515,0.000,0.485
5500,0.573,0.000,0.427
6000,0.534,0.000,0.466
6500,0.483,0.005,0.512
7000,0.549,0.001,0.450
7500,0.569,0.000,0.431
8000,0.561,0.000,0.439
8500,0.482,0.002,0.516
9000,0.580,0.007,0.413
9500,0.558,0.000,0.442
10000,0.527,0.006,0.467
10500,0.536,0.003,0.461
11000,0.492,0.002,0.506
11500,0.466,0.001,0.533
12000,0.487,0.000,0.513
12500,0.520,0.000,0.480
13000,0.480,0.000,0.520
13500,0.478,0.004,0.518
14000,0.553,0.000,0.447
14500,0.524,0.000,0.476
15000,0.497,0.000,0.503
15500,0.496,0.000,0.504
16000,0.520,0.000,0.480
16500,0.551,0.000,0.449
17000,0.543,0.000,0.457
17500,0.543,0.000,0.457
18000,0.507,0.000,0.493
18500,0.502,0.000,0.498
19000,0.572,0.000,0.428
19500,0.585,0.000,0.415
20000,0.525,0.000,0.475
20500,0.583,0.000,0.417
21000,0.514,0.000,0.486
21500,0.483,0.000,0.517
22000,0.481,0.000,0.519
22500,0.462,0.006,0.532
23000,0.511,0.008,0.481
23500,0.496,0.004,0.500
24000,0.475,0.002,0.523
24500,0.532,0.000,0.468
25000,0.550,0.000,0.450
25500,0.503,0.006,0.491
26000,0.515,0.001,0.484
26500,0.515,0.004,0.481
27000,0.459,0.008,0.533
27500,0.508,0.001,0.491
28000,0.480,0.000,0.520
28500,0.476,0.003,0.521
29000,0.497,0.004,0.499
29500,0.487,0.000,0.513
30000,0.496,0.000,0.504
30500,0.553,0.004,0.443
31000,0.499,0.005,0.496
31500,0.488,0.011,0.501
32000,0.475,0.004,0.521
32500,0.493,0.003,0.504
33000,0.511,0.000,0.489
33500,0.510,0.000,0.490
34000,0.522,0.000,0.478
34500,0.495,0.012,0.493
35000,0.486,0.001,0.513
35500,0.519,0.000,0.481
36000,0.580,0.000,0.420
36500,0.542,0.000,0.458
37000,0.556,0.000,0.444
37500,0.571,0.000,0.429
38000,0.534,0.003,0.463
38500,0.546,0.000,0.454
39000,0.561,0.004,0.435
39500,0.590,0.001,0.409
40000,0.493,0.000,0.507
40500,0.515,0.007,0.478
41000,0.549,0.001,0.450
41500,0.541,0.000,0.459
42000,0.509,0.000,0.491
42500,0.455,0.004,0.541
43000,0.523,0.002,0.475
43500,0.478,0.001,0.521
44000,0.454,0.004,0.542
44500,0.492,0.002,0.506
45000,0.474,0.000,0.526
45500,0.563,0.000,0.437
46000,0.574,0.000,0.426
46500,0.525,0.000,0.475
47000,0.485,0.000,0.515
47500,0.493,0.000,0.507
48000,0.478,0.009,0.513
48500,0.507,0.006,0.487
49000,0.537,0.000,0.463
49500,0.591,0.000,0.409
50000,0.559,0.000,0.441
50500,0.539,0.000,0.461
51000,0.559,0.009,0.432
51500,0.527,0.001,0.472
52000,0.496,0.000,0.504
52500,0.535,0.000,0.465
53000,0.497,0.007,0.496
53500,0.547,0.002,0.451
54000,0.528,0.001,0.471
54500,0.555,0.000,0.445
55000,0.550,0.000,0.450
55500,0.536,0.000,0.464
56000,0.589,0.000,0.411
56500,0.500,0.000,0.500
57000,0.490,0.007,0.503
57500,0.519,0.001,0.480
58000,0.563,0.000,0.437
58500,0.513,0.000,0.487
59000,0.589,0.000,0.411
59500,0.576,0.000,0.424
60000,0.591,0.004,0.405
60500,0.536,0.000,0.464
61000,0.596,0.004,0.400
61500,0.554,0.000,0.446
62000,0.495,0.000,0.505
62500,0.527,0.000,0.473
63000,0.525,0.000,0.475
63500,0.569,0.002,0.429
64000,0.510,0.000,0.490
64500,0.527,0.000,0.473
65000,0.500,0.000,0.500
65500,0.505,0.001,0.494
66000,0.519,0.000,0.481
66500,0.523,0.004,0.473
67000,0.485,0.000,0.515
67500,0.473,0.001,0.526
68000,0.436,0.008,0.556
68500,0.442,0.002,0.556
69000,0.473,0.000,0.527
69500,0.532,0.002,0.466
70000,0.565,0.000,0.435
70500,0.578,0.000,0.422
71000,0.564,0.000,0.436
71500,0.547,0.000,0.453
72000,0.528,0.000,0.472
72500,0.503,0.000,0.497
73000,0.536,0.000,0.464
73500,0.631,0.000,0.369
74000,0.565,0.000,0.435
74500,0.574,0.000,0.426
75000,0.539,0.000,0.461
75500,0.520,0.000,0.480
76000,0.476,0.000,0.524
76500,0.518,0.000,0.482
77000,0.436,0.005,0.559
77500,0.439,0.000,0.561
78000,0.434,0.007,0.559
78500,0.463,0.000,0.537
79000,0.452,0.000,0.548
79500,0.443,0.000,0.557
80000,0.542,0.000,0.458
80500,0.533,0.000,0.467
81000,0.529,0.000,0.471
81500,0.467,0.000,0.533
82000,0.448,0.001,0.551
82500,0.528,0.000,0.472
83000,0.487,0.000,0.513
83500,0.478,0.006,0.516
84000,0.501,0.001,0.498
84500,0.492,0.008,0.500
85000,0.509,0.005,0.486
85500,0.555,0.003,0.442
86000,0.577,0.000,0.423
86500,0.494,0.000,0.506
87000,0.509,0.000,0.491
87500,0.470,0.010,0.520
88000,0.493,0.005,0.502
88500,0.532,0.000,0.468
89000,0.475,0.004,0.521
89500,0.484,0.002,0.514
90000,0.542,0.000,0.458
90500,0.593,0.000,0.407
91000,0.536,0.000,0.464
91500,0.487,0.000,0.513
92000,0.455,0.000,0.545
92500,0.514,0.000,0.486
93000,0.552,0.000,0.448
93500,0.551,0.002,0.447
94000,0.576,0.000,0.424
94500,0.522,0.000,0.478
95000,0.534,0.000,0.466
95500,0.535,0.003,0.462
96000,0.552,0.003,0.445
96500,0.505,0.001,0.494
97000,0.535,0.000,0.465
97500,0.486,0.000,0.514
98000,0.504,0.000,0.496
98500,0.488,0.000,0.512
99000,0.452,0.003,0.545
99500,0.488,0.000,0.512
100000,0.509,0.008,0.483
100500,0.517,0.001,0.482
101000,0.502,0.000,0.498
101500,0.499,0.004,0.497
102000,0.497,0.003,0.500
102500,0.546,0.000,0.454
103000,0.571,0.000,0.429
103500,0.595,0.000,0.405
104000,0.554,0.000,0.446
104500,0.507,0.000,0.493
105000,0.527,0.004,0.469
105500,0.516,0.006,0.478
106000,0.542,0.000,0.458
106500,0.502,0.000,0.498
107000,0.499,0.000,0.501
107500,0.487,0.002,0.511
108000,0.464,0.000,0.536
108500,0.465,0.006,0.529
109000,0.513,0.000,0.487
109500,0.513,0.000,0.487
110000,0.531,0.006,0.463
110500,0.528,0.000,0.472
111000,0.544,0.000,0.456
111500,0.531,0.000,0.469
112000,0.569,0.000,0.431
112500,0.578,0.001,0.421
113000,0.575,0.000,0.425
113500,0.592,0.000,0.408
114000,0.554,0.000,0.446
114500,0.567,0.000,0.433
115000,0.486,0.003,0.511
115500,0.460,0.000,0.540
116000,0.454,0.001,0.545
116500,0.470,0.001,0.529
117000,0.504,0.000,0.496
117500,0.524,0.001,0.475
118000,0.527,0.006,0.467
118500,0.530,0.000,0.470
119000,0.549,0.000,0.451
119500,0.573,0.000,0.427
120000,0.514,0.000,0.486
120500,0.530,0.000,0.470
121000,0.561,0.000,0.439
121500,0.595,0.000,0.405
122000,0.620,0.000,0.380
122500,0.588,0.000,0.412
123000,0.611,0.000,0.389
123500,0.617,0.000,0.383
124000,0.498,0.005,0.497
124500,0.508,0.002,0.490
125000,0.478,0.001,0.521
125500,0.557,0.001,0.442
126000,0.465,0.006,0.529
126500,0.457,0.006,0.537
127000,0.455,0.002,0.543
127500,0.466,0.000,0.534
128000,0.466,0.000,0.534
128500,0.481,0.000,0.519
129000,0.512,0.000,0.488
129500,0.493,0.000,0.507
130000,0.511,0.000,0.489
130500,0.471,0.004,0.525
131000,0.493,0.000,0.507
131500,0.471,0.000,0.529
132000,0.526,0.000,0.474
132500,0.493,0.000,0.507
133000,0.507,0.000,0.493
133500,0.549,0.000,0.451
134000,0.563,0.000,0.437
134500,0.560,0.003,0.437
135000,0.535,0.002,0.463
135500,0.519,0.003,0.478
136000,0.490,0.007,0.503
136500,0.564,0.004,0.432
137000,0.559,0.000,0.441
137500,0.573,0.000,0.427
138000,0.556,0.000,0.444
138500,0.506,0.000,0.494
139000,0.451,0.004,0.545
139500,0.475,0.001,0.524
140000,0.473,0.000,0.527
140500,0.457,0.008,0.535
141000,0.515,0.003,0.482
141500,0.581,0.003,0.416
142000,0.552,0.000,0.448
142500,0.616,0.000,0.384
143000,0.597,0.002,0.401
143500,0.607,0.000,0.393
144000,0.570,0.000,0.430
144500,0.524,0.000,0.476
145000,0.548,0.007,0.445
145500,0.512,0.001,0.487
146000,0.462,0.005,0.533
146500,0.514,0.000,0.486
147000,0.531,0.007,0.462
147500,0.574,0.000,0.426
148000,0.581,0.000,0.419
148500,0.567,0.001,0.432
149000,0.596,0.000,0.404
149500,0.620,0.003,0.377
150000,0.531,0.004,0.465
150500,0.541,0.001,0.458
151000,0.532,0.000,0.468
151500,0.569,0.000,0.431
152000,0.527,0.006,0.467
152500,0.547,0.002,0.451
153000,0.525,0.000,0.475
153500,0.565,0.000,0.435
154000,0.560,0.000,0.440
154500,0.531,0.000,0.469
155000,0.479,0.000,0.521
155500,0.538,0.000,0.462
156000,0.530,0.000,0.470
156500,0.515,0.000,0.485
157000,0.485,0.000,0.515
157500,0.525,0.000,0.475
158000,0.526,0.000,0.474
158500,0.474,0.003,0.523
159000,0.526,0.001,0.473
159500,0.542,0.000,0.458
160000,0.554,0.000,0.446
160500,0.547,0.002,0.451
161000,0.537,0.005,0.458
161500,0.439,0.000,0.561
162000,0.422,0.008,0.570
162500,0.469,0.008,0.523
163000,0.516,0.000,0.484
163500,0.460,0.006,0.534
164000,0.480,0.002,0.518
164500,0.509,0.000,0.491
165000,0.569,0.000,0.431
165500,0.517,0.000,0.483
166000,0.480,0.009,0.511
166500,0.494,0.005,0.501
167000,0.457,0.002,0.541
167500,0.491,0.006,0.503
168000,0.517,0.000,0.483
168500,0.553,0.000,0.447
169000,0.517,0.000,0.483
169500,0.547,0.000,0.453
170000,0.512,0.000,0.488
170500,0.538,0.000,0.462
171000,0.556,0.000,0.444
171500,0.588,0.000,0.412
172000,0.492,0.000,0.508
172500,0.548,0.000,0.452
173000,0.556,0.000,0.444
173500,0.591,0.000,0.409
174000,0.593,0.000,0.407
174500,0.535,0.000,0.465
175000,0.544,0.000,0.456
175500,0.519,0.000,0.481
176000,0.591,0.002,0.407
176500,0.534,0.001,0.465
177000,0.539,0.000,0.461
177500,0.530,0.000,0.470
178000,0.555,0.000,0.445
178500,0.578,0.000,0.422
179000,0.472,0.000,0.528
179500,0.472,0.006,0.522
180000,0.542,0.000,0.458
180500,0.501,0.000,0.499
181000,0.561,0.001,0.438
181500,0.528,0.001,0.471
182000,0.565,0.000,0.435
182500,0.574,0.000,0.426
183000,0.540,0.007,0.453
183500,0.541,0.002,0.457
184000,0.546,0.000,0.454
184500,0.561,0.004,0.435
185000,0.551,0.001,0.448
185500,0.572,0.000,0.428
186000,0.593,0.000,0.407
186500,0.567,0.000,0.433
187000,0.533,0.000,0.467
187500,0.502,0.001,0.497
188000,0.533,0.000,0.467
188500,0.545,0.000,0.455
189000,0.487,0.000,0.513
189500,0.493,0.000,0.507
190000,0.508,0.000,0.492
190500,0.491,0.000,0.509
191000,0.495,0.005,0.500
191500,0.479,0.009,0.512
192000,0.550,0.000,0.450
192500,0.501,0.000,0.499
193000,0.536,0.000,0.464
193500,0.550,0.004,0.446
194000,0.468,0.002,0.530
194500,0.508,0.006,0.486
195000,0.565,0.000,0.435
195500,0.563,0.000,0.437
196000,0.488,0.000,0.512
196500,0.482,0.000,0.518
197000,0.451,0.002,0.547
197500,0.440,0.004,0.556
198000,0.493,0.008,0.499
198500,0.539,0.003,0.458
199000,0.559,0.008,0.433
199500,0.476,0.002,0.522
200000,0.479,0.001,0.520
200500,0.435,0.005,0.560
201000,0.469,0.000,0.531
201500,0.475,0.000,0.525
202000,0.510,0.000,0.490
202500,0.577,0.000,0.423
203000,0.551,0.000,0.449
203500,0.528,0.000,0.472
204000,0.543,0.000,0.457
204500,0.585,0.000,0.415
205000,0.601,0.000,0.399
205500,0.623,0.000,0.377
206000,0.541,0.000,0.459
206500,0.477,0.000,0.523
207000,0.480,0.000,0.520
207500,0.462,0.000,0.538
208000,0.515,0.001,0.484
208500,0.528,0.004,0.468
209000,0.506,0.006,0.488
209500,0.527,0.000,0.473
210000,0.508,0.000,0.492
210500,0.492,0.002,0.506
211000,0.511,0.002,0.487
211500,0.565,0.000,0.435
212000,0.443,0.004,0.553
212500,0.513,0.002,0.485
213000,0.508,0.005,0.487
213500,0.491,0.003,0.506
214000,0.455,0.004,0.541
214500,0.508,0.003,0.489
215000,0.471,0.000,0.529
215500,0.503,0.004,0.493
216000,0.576,0.000,0.424
216500,0.577,0.005,0.418
217000,0.536,0.009,0.455
217500,0.508,0.004,0.488
218000,0.509,0.000,0.491
218500,0.500,0.000,0.500
219000,0.509,0.004,0.487
219500,0.486,0.000,0.514
220000,0.494,0.000,0.506
220500,0.524,0.000,0.476
221000,0.496,0.000,0.504
221500,0.498,0.000,0.502
222000,0.473,0.000,0.527
222500,0.500,0.002,0.498
223000,0.420,0.003,0.577
223500,0.421,0.002,0.577
224000,0.448,0.001,0.551
224500,0.473,0.001,0.526
225000,0.502,0.004,0.494
225500,0.572,0.000,0.428
226000,0.557,0.000,0.443
226500,0.497,0.000,0.503
227000,0.542,0.000,0.458
227500,0.516,0.000,0.484
228000,0.599,0.000,0.401
228500,0.594,0.000,0.406
229000,0.518,0.000,0.482
229500,0.553,0.000,0.447
230000,0.534,0.000,0.466
230500,0.512,0.000,0.488
231000,0.513,0.000,0.487
231500,0.492,0.000,0.508
232000,0.430,0.005,0.565
232500,0.446,0.004,0.550
233000,0.476,0.009,0.515
233500,0.426,0.000,0.574
234000,0.484,0.001,0.515
234500,0.480,0.005,0.515
235000,0.541,0.000,0.459
235500,0.542,0.000,0.458
236000,0.541,0.000,0.459
236500,0.526,0.000,0.474
237000,0.548,0.004,0.448
237500,0.565,0.000,0.435
238000,0.639,0.000,0.361
238500,0.597,0.000,0.403
239000,0.573,0.000,0.427
239500,0.595,0.000,0.405
240000,0.548,0.000,0.452
240500,0.529,0.000,0.471
241000,0.575,0.000,0.425
241500,0.587,0.000,0.413
242000,0.589,0.000,0.411
242500,0.472,0.007,0.521
243000,0.436,0.002,0.562
243500,0.448,0.000,0.552
244000,0.495,0.002,0.503
244500,0.451,0.007,0.542
245000,0.457,0.001,0.542
245500,0.484,0.000,0.516
246000,0.551,0.000,0.449
246500,0.479,0.004,0.517
247000,0.511,0.001,0.488
247500,0.534,0.000,0.466
248000,0.448,0.000,0.552
248500,0.413,0.016,0.571
249000,0.422,0.007,0.571
249500,0.487,0.000,0.513
250000,0.482,0.000,0.518
250500,0.484,0.001,0.515
251000,0.554,0.001,0.445
251500,0.582,0.001,0.417
252000,0.535,0.005,0.460
252500,0.489,0.002,0.509
253000,0.486,0.010,0.504
253500,0.504,0.003,0.493
254000,0.552,0.001,0.447
254500,0.470,0.005,0.525
255000,0.447,0.006,0.547
255500,0.437,0.013,0.550
256000,0.392,0.008,0.600
256500,0.405,0.006,0.589
257000,0.473,0.001,0.526
257500,0.502,0.002,0.496
258000,0.525,0.000,0.475
258500,0.430,0.002,0.568
259000,0.450,0.003,0.547
259500,0.510,0.013,0.477
260000,0.448,0.002,0.550
260500,0.545,0.000,0.455
261000,0.487,0.000,0.513
261500,0.520,0.000,0.480
262000,0.550,0.001,0.449
262500,0.537,0.000,0.463
263000,0.503,0.005,0.492
263500,0.526,0.000,0.474
264000,0.529,0.000,0.471
264500,0.599,0.000,0.401
265000,0.548,0.000,0.452
265500,0.593,0.000,0.407
266000,0.525,0.003,0.472
266500,0.478,0.000,0.522
267000,0.509,0.004,0.487
267500,0.490,0.000,0.510
268000,0.534,0.000,0.466
268500,0.501,0.008,0.491
269000,0.573,0.001,0.426
269500,0.595,0.000,0.405
270000,0.616,0.000,0.384
270500,0.578,0.000,0.422
271000,0.485,0.000,0.515
271500,0.487,0.011,0.502
272000,0.456,0.005,0.539
272500,0.491,0.000,0.509
273000,0.506,0.000,0.494
273500,0.530,0.001,0.469
274000,0.496,0.000,0.504
274500,0.513,0.001,0.486
275000,0.483,0.000,0.517
275500,0.500,0.000,0.500
276000,0.514,0.001,0.485
276500,0.530,0.004,0.466
277000,0.496,0.002,0.502
277500,0.486,0.000,0.514
278000,0.562,0.000,0.438
278500,0.555,0.000,0.445
279000,0.560,0.000,0.440
279500,0.540,0.000,0.460
280000,0.471,0.000,0.529
280500,0.428,0.007,0.565
281000,0.488,0.001,0.511
281500,0.532,0.000,0.468
282000,0.511,0.000,0.489
282500,0.491,0.000,0.509
283000,0.495,0.001,0.504
283500,0.490,0.000,0.510
284000,0.528,0.001,0.471
284500,0.503,0.000,0.497
285000,0.545,0.012,0.443
285500,0.532,0.000,0.468
286000,0.522,0.006,0.472
286500,0.602,0.001,0.397
287000,0.542,0.000,0.458
287500,0.494,0.000,0.506
288000,0.500,0.000,0.500
288500,0.517,0.000,0.483
289000,0.570,0.000,0.430
289500,0.611,0.000,0.389
290000,0.505,0.010,0.485
290500,0.515,0.001,0.484
291000,0.515,0.000,0.485
291500,0.559,0.004,0.437
292000,0.517,0.000,0.483
292500,0.522,0.000,0.478
293000,0.526,0.000,0.474
293500,0.503,0.000,0.497
294000,0.486,0.000,0.514
294500,0.466,0.003,0.531
295000,0.475,0.005,0.520
295500,0.487,0.000,0.513
296000,0.547,0.007,0.446
296500,0.538,0.002,0.460
297000,0.519,0.000,0.481
297500,0.535,0.000,0.465
298000,0.494,0.000,0.506
298500,0.508,0.000,0.492
299000,0.523,0.000,0.477
299500,0.508,0.000,0.492
300000,0.510,0.000,0.490
300500,0.519,0.000,0.481
301000,0.470,0.000,0.530
301500,0.516,0.000,0.484
302000,0.501,0.000,0.499
302500,0.555,0.002,0.443
303000,0.534,0.000,0.466
303500,0.514,0.000,0.486
304000,0.505,0.010,0.485
304500,0.524,0.001,0.475
305000,0.565,0.000,0.435
305500,0.548,0.007,0.445
306000,0.553,0.000,0.447
306500,0.556,0.007,0.437
307000,0.539,0.000,0.461
307500,0.528,0.000,0.472
308000,0.536,0.000,0.464
308500,0.521,0.000,0.479
309000,0.498,0.000,0.502
309500,0.519,0.000,0.481
310000,0.536,0.000,0.464
310500,0.527,0.000,0.473
311000,0.509,0.000,0.491
311500,0.515,0.000,0.485
312000,0.511,0.000,0.489
312500,0.520,0.000,0.480
313000,0.569,0.000,0.431
313500,0.496,0.000,0.504
314000,0.558,0.000,0.442
314500,0.540,0.000,0.460
315000,0.525,0.000,0.475
315500,0.445,0.004,0.551
316000,0.428,0.002,0.570
316500,0.426,0.006,0.568
317000,0.483,0.005,0.512
317500,0.585,0.001,0.414
318000,0.539,0.000,0.461
318500,0.544,0.000,0.456
319000,0.585,0.000,0.415
319500,0.553,0.000,0.447
320000,0.491,0.000,0.509
320500,0.489,0.000,0.511
321000,0.534,0.000,0.466
321500,0.553,0.004,0.443
322000,0.540,0.000,0.460
322500,0.522,0.000,0.478
323000,0.565,0.000,0.435
323500,0.497,0.000,0.503
324000,0.480,0.000,0.520
324500,0.440,0.001,0.559
325000,0.470,0.000,0.530
325500,0.490,0.000,0.510
326000,0.487,0.001,0.512
326500,0.604,0.000,0.396
327000,0.548,0.002,0.450
327500,0.553,0.000,0.447
328000,0.528,0.005,0.467
328500,0.499,0.002,0.499
329000,0.531,0.003,0.466
329500,0.543,0.006,0.451
330000,0.584,0.000,0.416
330500,0.523,0.000,0.477
331000,0.521,0.003,0.476
331500,0.549,0.000,0.451
332000,0.615,0.000,0.385
332500,0.626,0.000,0.374
333000,0.562,0.000,0.438
333500,0.555,0.000,0.445
334000,0.585,0.000,0.415
334500,0.577,0.000,0.423
335000,0.535,0.000,0.465
335500,0.496,0.005,0.499
336000,0.495,0.001,0.504
336500,0.549,0.000,0.451
337000,0.529,0.000,0.471
337500,0.523,0.000,0.477
338000,0.557,0.000,0.443
338500,0.606,0.000,0.394
339000,0.566,0.000,0.434
339500,0.487,0.000,0.513
340000,0.544,0.000,0.456
340500,0.493,0.000,0.507
341000,0.522,0.000,0.478
341500,0.559,0.000,0.441
342000,0.597,0.000,0.403
342500,0.582,0.000,0.418
343000,0.529,0.000,0.471
343500,0.546,0.002,0.452
344000,0.565,0.000,0.435
344500,0.522,0.000,0.478
345000,0.459,0.000,0.541
345500,0.469,0.000,0.531
346000,0.548,0.000,0.452
346500,0.545,0.000,0.455
347000,0.549,0.003,0.448
347500,0.605,0.000,0.395
348000,0.597,0.000,0.403
348500,0.575,0.002,0.423
349000,0.526,0.001,0.473
349500,0.566,0.000,0.434
350000,0.518,0.002,0.480
350500,0.580,0.000,0.420
351000,0.549,0.000,0.451
351500,0.504,0.000,0.496
352000,0.465,0.000,0.535
352500,0.470,0.000,0.530
353000,0.450,0.007,0.543
353500,0.470,0.001,0.529
354000,0.490,0.007,0.503
354500,0.541,0.002,0.457
355000,0.550,0.000,0.450
355500,0.570,0.000,0.430
356000,0.551,0.000,0.449
356500,0.526,0.007,0.467
357000,0.514,0.000,0.486
357500,0.483,0.002,0.515
358000,0.566,0.000,0.434
358500,0.592,0.000,0.408
359000,0.636,0.000,0.364
359500,0.585,0.000,0.415
360000,0.525,0.000,0.475
360500,0.459,0.007,0.534
361000,0.461,0.001,0.538
361500,0.526,0.000,0.474
362000,0.523,0.003,0.474
362500,0.561,0.000,0.439
363000,0.593,0.000,0.407
363500,0.567,0.000,0.433
364000,0.631,0.000,0.369
364500,0.581,0.000,0.419
365000,0.641,0.000,0.359
365500,0.581,0.000,0.419
366000,0.499,0.000,0.501
366500,0.520,0.002,0.478
367000,0.492,0.002,0.506
367500,0.520,0.007,0.473
368000,0.541,0.001,0.458
368500,0.592,0.001,0.407
369000,0.556,0.001,0.443
369500,0.547,0.000,0.453
370000,0.502,0.000,0.498
370500,0.529,0.000,0.471
371000,0.524,0.000,0.476
371500,0.521,0.000,0.479
372000,0.521,0.000,0.479
372500,0.604,0.000,0.396
373000,0.530,0.002,0.468
373500,0.456,0.000,0.544
374000,0.507,0.006,0.487
374500,0.508,0.000,0.492
375000,0.531,0.001,0.468
375500,0.472,0.000,0.528
376000,0.458,0.000,0.542
376500,0.457,0.000,0.543
377000,0.491,0.003,0.506
377500,0.498,0.003,0.499
378000,0.510,0.001,0.489
378500,0.455,0.013,0.532
379000,0.531,0.002,0.467
379500,0.518,0.000,0.482
380000,0.470,0.000,0.530
380500,0.482,0.003,0.515
381000,0.547,0.000,0.453
381500,0.495,0.000,0.505
382000,0.496,0.001,0.503
382500,0.508,0.004,0.488
383000,0.588,0.000,0.412
383500,0.623,0.000,0.377
384000,0.584,0.000,0.416
384500,0.599,0.000,0.401
385000,0.527,0.000,0.473
385500,0.537,0.000,0.463
386000,0.563,0.000,0.437
386500,0.593,0.000,0.407
387000,0.572,0.000,0.428
387500,0.526,0.000,0.474
388000,0.536,0.000,0.464
388500,0.563,0.000,0.437
389000,0.549,0.000,0.451
389500,0.524,0.000,0.476
390000,0.588,0.006,0.406
390500,0.528,0.007,0.465
391000,0.513,0.011,0.476
391500,0.616,0.002,0.382
392000,0.564,0.000,0.436
392500,0.512,0.000,0.488
393000,0.485,0.007,0.508
393500,0.484,0.002,0.514
394000,0.445,0.016,0.539
394500,0.412,0.002,0.586
395000,0.445,0.000,0.555
395500,0.494,0.000,0.506
396000,0.557,0.000,0.443
396500,0.548,0.000,0.452
397000,0.491,0.000,0.509
397500,0.512,0.006,0.482
398000,0.581,0.004,0.415
398500,0.480,0.000,0.520
399000,0.504,0.003,0.493
399500,0.520,0.000,0.480
400000,0.524,0.000,0.476
400500,0.492,0.000,0.508
401000,0.538,0.005,0.457
401500,0.525,0.000,0.475
402000,0.563,0.000,0.437
402500,0.544,0.000,0.456
403000,0.638,0.000,0.362
403500,0.601,0.000,0.399
404000,0.532,0.000,0.468
404500,0.512,0.004,0.484
405000,0.506,0.001,0.493
405500,0.578,0.001,0.421
406000,0.560,0.000,0.440
406500,0.580,0.000,0.420
407000,0.539,0.000,0.461
407500,0.553,0.000,0.447
408000,0.598,0.000,0.402
408500,0.522,0.000,0.478
409000,0.521,0.000,0.479
409500,0.394,0.019,0.587
410000,0.400,0.014,0.586
410500,0.470,0.006,0.524
411000,0.520,0.001,0.479
411500,0.490,0.000,0.510
412000,0.503,0.000,0.497
412500,0.485,0.000,0.515
413000,0.572,0.000,0.428
413500,0.585,0.000,0.415
414000,0.555,0.000,0.445
414500,0.550,0.000,0.450
415000,0.607,0.000,0.393
415500,0.598,0.000,0.402
416000,0.575,0.000,0.425
416500,0.586,0.002,0.412
417000,0.541,0.002,0.457
417500,0.492,0.000,0.508
418000,0.544,0.002,0.454
418500,0.561,0.000,0.439
419000,0.488,0.000,0.512
419500,0.532,0.000,0.468
420000,0.478,0.006,0.516
420500,0.460,0.008,0.532
421000,0.448,0.000,0.552
421500,0.525,0.000,0.475
422000,0.558,0.004,0.438
422500,0.511,0.000,0.489
423000,0.487,0.000,0.513
423500,0.550,0.000,0.450
424000,0.535,0.000,0.465
424500,0.532,0.000,0.468
425000,0.566,0.000,0.434
425500,0.515,0.000,0.485
426000,0.599,0.000,0.401
426500,0.625,0.000,0.375
427000,0.640,0.000,0.360
427500,0.590,0.000,0.410
428000,0.535,0.006,0.459
428500,0.509,0.001,0.490
429000,0.465,0.000,0.535
429500,0.496,0.000,0.504
430000,0.495,0.008,0.497
430500,0.558,0.000,0.442
431000,0.537,0.000,0.463
431500,0.575,0.000,0.425
432000,0.619,0.000,0.381
432500,0.651,0.000,0.349
433000,0.606,0.000,0.394
433500,0.567,0.006,0.427
434000,0.505,0.000,0.495
434500,0.553,0.000,0.447
435000,0.532,0.000,0.468
435500,0.461,0.000,0.539
436000,0.462,0.000,0.538
436500,0.480,0.000,0.520
437000,0.531,0.003,0.466
437500,0.531,0.000,0.469
438000,0.499,0.000,0.501
438500,0.518,0.000,0.482
439000,0.498,0.007,0.495
439500,0.572,0.000,0.428
440000,0.558,0.000,0.442
440500,0.550,0.000,0.450
441000,0.594,0.000,0.406
441500,0.539,0.004,0.457
442000,0.468,0.001,0.531
442500,0.463,0.010,0.527
443000,0.382,0.012,0.606
443500,0.416,0.017,0.567
444000,0.423,0.003,0.574
444500,0.439,0.000,0.561
445000,0.416,0.010,0.574
445500,0.504,0.002,0.494
446000,0.558,0.001,0.441
446500,0.510,0.000,0.490
447000,0.527,0.000,0.473
447500,0.493,0.000,0.507
448000,0.496,0.000,0.504
448500,0.495,0.000,0.505
449000,0.553,0.000,0.447
449500,0.537,0.001,0.462
450000,0.596,0.000,0.404
450500,0.566,0.000,0.434
451000,0.502,0.005,0.493
451500,0.522,0.002,0.476
452000,0.511,0.000,0.489
452500,0.521,0.000,0.479
453000,0.546,0.000,0.454
453500,0.561,0.000,0.439
454000,0.508,0.000,0.492
454500,0.565,0.000,0.435
455000,0.557,0.005,0.438
455500,0.559,0.002,0.439
456000,0.524,0.001,0.475
456500,0.548,0.001,0.451
457000,0.506,0.000,0.494
457500,0.480,0.002,0.518
458000,0.497,0.005,0.498
458500,0.469,0.000,0.531
459000,0.431,0.004,0.565
459500,0.461,0.004,0.535
460000,0.411,0.004,0.585
460500,0.466,0.004,0.530
461000,0.458,0.004,0.538
461500,0.442,0.000,0.558
462000,0.538,0.000,0.462
462500,0.542,0.001,0.457
463000,0.544,0.003,0.453
463500,0.508,0.001,0.491
464000,0.527,0.004,0.469
464500,0.511,0.001,0.488
465000,0.534,0.000,0.466
465500,0.521,0.004,0.475
466000,0.571,0.000,0.429
466500,0.571,0.000,0.429
467000,0.475,0.000,0.525
467500,0.496,0.000,0.504
468000,0.485,0.000,0.515
468500,0.577,0.000,0.423
469000,0.554,0.000,0.446
469500,0.582,0.000,0.418
470000,0.494,0.007,0.499
470500,0.493,0.002,0.505
471000,0.444,0.001,0.555
471500,0.484,0.000,0.516
472000,0.472,0.000,0.528
472500,0.517,0.000,0.483
473000,0.554,0.000,0.446
473500,0.495,0.000,0.505
474000,0.524,0.004,0.472
474500,0.494,0.000,0.506
475000,0.552,0.000,0.448
475500,0.604,0.000,0.396
476000,0.615,0.000,0.385
476500,0.608,0.000,0.392
477000,0.591,0.000,0.409
477500,0.553,0.006,0.441
478000,0.524,0.000,0.476
478500,0.517,0.000,0.483
479000,0.578,0.002,0.420
479500,0.524,0.000,0.476
480000,0.528,0.001,0.471
480500,0.462,0.000,0.538
481000,0.451,0.009,0.540
481500,0.470,0.006,0.524
482000,0.531,0.001,0.468
482500,0.569,0.000,0.431
483000,0.478,0.000,0.522
483500,0.519,0.001,0.480
484000,0.522,0.002,0.476
484500,0.496,0.000,0.504
485000,0.514,0.000,0.486
485500,0.544,0.000,0.456
486000,0.541,0.005,0.454
486500,0.584,0.000,0.416
487000,0.494,0.000,0.506
487500,0.533,0.002,0.465
488000,0.575,0.000,0.425
488500,0.563,0.000,0.437
489000,0.512,0.000,0.488
489500,0.554,0.000,0.446
490000,0.584,0.000,0.416
490500,0.614,0.000,0.386
491000,0.536,0.000,0.464
491500,0.572,0.000,0.428
492000,0.559,0.000,0.441
492500,0.572,0.000,0.428
493000,0.508,0.000,0.492
493500,0.509,0.000,0.491
494000,0.482,0.000,0.518
494500,0.436,0.014,0.550
495000,0.466,0.002,0.532
495500,0.466,0.003,0.531
496000,0.542,0.000,0.458
496500,0.588,0.000,0.412
497000,0.585,0.000,0.415
497500,0.538,0.000,0.462
498000,0.487,0.000,0.513
498500,0.492,0.000,0.508
499000,0.492,0.004,0.504
499500,0.559,0.001,0.440
500000,0.512,0.000,0.488
500500,0.547,0.000,0.453
501000,0.505,0.005,0.490
501500,0.517,0.002,0.481
502000,0.470,0.000,0.530
502500,0.493,0.002,0.505
503000,0.527,0.001,0.472
503500,0.503,0.000,0.497
504000,0.561,0.005,0.434
504500,0.505,0.001,0.494
505000,0.448,0.009,0.543
505500,0.440,0.002,0.558
506000,0.456,0.005,0.539
506500,0.471,0.000,0.529
507000,0.473,0.000,0.527
507500,0.462,0.001,0.537
508000,0.545,0.004,0.451
508500,0.521,0.001,0.478
509000,0.514,0.001,0.485
509500,0.510,0.001,0.489
510000,0.480,0.001,0.519
510500,0.506,0.000,0.494
511000,0.471,0.000,0.529
511500,0.468,0.000,0.532
512000,0.501,0.008,0.491
512500,0.530,0.003,0.467
513000,0.525,0.001,0.474
513500,0.588,0.000,0.412
514000,0.637,0.000,0.363
514500,0.618,0.000,0.382
515000,0.554,0.000,0.446
515500,0.547,0.000,0.453
516000,0.518,0.000,0.482
516500,0.527,0.002,0.471
517000,0.508,0.000,0.492
517500,0.547,0.000,0.453
518000,0.550,0.000,0.450
518500,0.567,0.000,0.433
519000,0.500,0.000,0.500
519500,0.541,0.004,0.455
520000,0.472,0.001,0.527
520500,0.476,0.001,0.523
521000,0.533,0.002,0.465
521500,0.551,0.000,0.449
522000,0.531,0.000,0.469
522500,0.430,0.000,0.570
523000,0.423,0.003,0.574
523500,0.432,0.002,0.566
524000,0.487,0.000,0.513
524500,0.561,0.000,0.439
525000,0.521,0.000,0.479
525500,0.506,0.007,0.487
526000,0.498,0.002,0.500
526500,0.515,0.000,0.485
527000,0.575,0.000,0.425
527500,0.549,0.000,0.451
528000,0.553,0.000,0.447
528500,0.538,0.005,0.457
529000,0.620,0.000,0.380
529500,0.626,0.000,0.374
530000,0.569,0.000,0.431
530500,0.561,0.000,0.439
531000,0.530,0.000,0.470
531500,0.576,0.000,0.424
532000,0.504,0.001,0.495
532500,0.469,0.000,0.531
533000,0.484,0.000,0.516
533500,0.511,0.006,0.483
534000,0.512,0.008,0.480
534500,0.582,0.003,0.415
535000,0.552,0.000,0.448
535500,0.515,0.000,0.485
536000,0.487,0.000,0.513
536500,0.538,0.000,0.462
537000,0.492,0.000,0.508
537500,0.474,0.006,0.520
538000,0.505,0.002,0.493
538500,0.511,0.001,0.488
539000,0.545,0.000,0.455
539500,0.570,0.000,0.430
540000,0.497,0.002,0.501
540500,0.479,0.000,0.521
541000,0.464,0.000,0.536
541500,0.457,0.000,0.543
542000,0.506,0.008,0.486
542500,0.496,0.003,0.501
543000,0.503,0.000,0.497
543500,0.511,0.000,0.489
544000,0.535,0.000,0.465
544500,0.502,0.000,0.498
545000,0.566,0.000,0.434
545500,0.571,0.000,0.429
546000,0.497,0.000,0.503
546500,0.502,0.000,0.498
547000,0.539,0.000,0.461
547500,0.532,0.000,0.468
548000,0.468,0.002,0.530
548500,0.523,0.005,0.472
549000,0.432,0.009,0.559
549500,0.477,0.000,0.523
550000,0.450,0.014,0.536
550500,0.526,0.006,0.468
551000,0.518,0.001,0.481
551500,0.523,0.000,0.477
552000,0.504,0.000,0.496
552500,0.520,0.001,0.479
553000,0.581,0.004,0.415
553500,0.563,0.000,0.437
554000,0.533,0.000,0.467
554500,0.530,0.006,0.464
555000,0.501,0.000,0.499
555500,0.487,0.003,0.510
556000,0.472,0.006,0.522
556500,0.429,0.005,0.566
557000,0.481,0.001,0.518
557500,0.515,0.000,0.485
558000,0.467,0.000,0.533
558500,0.518,0.000,0.482
559000,0.541,0.000,0.459
559500,0.546,0.000,0.454
560000,0.578,0.000,0.422
560500,0.555,0.000,0.445
561000,0.559,0.000,0.441
561500,0.600,0.000,0.400
562000,0.617,0.000,0.383
562500,0.606,0.004,0.390
563000,0.526,0.000,0.474
563500,0.484,0.002,0.514
564000,0.543,0.001,0.456
564500,0.539,0.005,0.456
565000,0.503,0.005,0.492
565500,0.490,0.000,0.510
566000,0.478,0.001,0.521
566500,0.504,0.002,0.494
567000,0.529,0.005,0.466
567500,0.561,0.002,0.437
568000,0.573,0.000,0.427
568500,0.486,0.000,0.514
569000,0.481,0.001,0.518
569500,0.466,0.000,0.534
570000,0.530,0.004,0.466
570500,0.510,0.002,0.488
571000,0.504,0.002,0.494
571500,0.521,0.000,0.479
572000,0.490,0.005,0.505
572500,0.442,0.001,0.557
573000,0.481,0.004,0.515
573500,0.418,0.000,0.582
574000,0.433,0.007,0.560
574500,0.534,0.004,0.462
575000,0.484,0.001,0.515
575500,0.505,0.004,0.491
576000,0.489,0.001,0.510
576500,0.467,0.000,0.533
577000,0.485,0.007,0.508
577500,0.503,0.002,0.495
578000,0.542,0.000,0.458
578500,0.553,0.000,0.447
579000,0.515,0.011,0.474
579500,0.569,0.002,0.429
580000,0.525,0.005,0.470
580500,0.481,0.002,0.517
581000,0.557,0.000,0.443
581500,0.513,0.000,0.487
582000,0.482,0.000,0.518
582500,0.519,0.000,0.481
583000,0.577,0.000,0.423
583500,0.572,0.001,0.427
584000,0.551,0.000,0.449
584500,0.545,0.000,0.455
585000,0.591,0.000,0.409
585500,0.570,0.000,0.430
586000,0.594,0.000,0.406
586500,0.554,0.000,0.446
587000,0.505,0.000,0.495
587500,0.565,0.000,0.435
588000,0.547,0.000,0.453
588500,0.589,0.001,0.410
589000,0.625,0.000,0.375
589500,0.631,0.000,0.369
590000,0.559,0.000,0.441
590500,0.586,0.000,0.414
591000,0.547,0.000,0.453
591500,0.572,0.000,0.428
592000,0.545,0.000,0.455
592500,0.585,0.000,0.415
593000,0.584,0.000,0.416
593500,0.595,0.001,0.404
594000,0.605,0.000,0.395
594500,0.522,0.000,0.478
595000,0.525,0.004,0.471
595500,0.471,0.002,0.527
596000,0.468,0.007,0.525
596500,0.479,0.005,0.516
597000,0.485,0.004,0.511
597500,0.486,0.002,0.512
598000,0.488,0.006,0.506
598500,0.468,0.001,0.531
599000,0.412,0.004,0.584
599500,0.476,0.002,0.522
600000,0.520,0.000,0.480
600500,0.496,0.002,0.502
601000,0.607,0.000,0.393
601500,0.616,0.000,0.384
602000,0.588,0.000,0.412
602500,0.553,0.000,0.447
603000,0.497,0.002,0.501
603500,0.450,0.007,0.543
604000,0.422,0.013,0.565
604500,0.470,0.001,0.529
605000,0.503,0.000,0.497
605500,0.442,0.003,0.555
606000,0.439,0.001,0.560
606500,0.415,0.004,0.581
607000,0.415,0.015,0.570
607500,0.413,0.007,0.580
608000,0.432,0.005,0.563
608500,0.454,0.000,0.546
609000,0.429,0.001,0.570
609500,0.475,0.001,0.524
610000,0.486,0.000,0.514
610500,0.577,0.000,0.423
611000,0.556,0.000,0.444
611500,0.497,0.002,0.501
612000,0.428,0.000,0.572
612500,0.427,0.008,0.565
613000,0.449,0.000,0.551
613500,0.404,0.007,0.589
614000,0.470,0.006,0.524
614500,0.468,0.001,0.531
615000,0.480,0.002,0.518
615500,0.532,0.000,0.468
616000,0.621,0.000,0.379
616500,0.585,0.000,0.415
617000,0.520,0.000,0.480
617500,0.535,0.002,0.463
618000,0.519,0.000,0.481
618500,0.542,0.000,0.458
619000,0.541,0.000,0.459
619500,0.591,0.000,0.409
620000,0.585,0.000,0.415
620500,0.522,0.008,0.470
621000,0.496,0.001,0.503
621500,0.574,0.000,0.426
622000,0.534,0.000,0.466
622500,0.429,0.006,0.565
623000,0.489,0.000,0.511
623500,0.546,0.000,0.454
624000,0.494,0.000,0.506
624500,0.492,0.000,0.508
625000,0.520,0.004,0.476
625500,0.525,0.001,0.474
626000,0.521,0.000,0.479
626500,0.541,0.000,0.459
627000,0.494,0.000,0.506
627500,0.561,0.000,0.439
628000,0.649,0.000,0.351
628500,0.581,0.000,0.419
629000,0.574,0.000,0.426
629500,0.549,0.000,0.451
630000,0.550,0.004,0.446
630500,0.501,0.005,0.494
631000,0.507,0.000,0.493
631500,0.544,0.000,0.456
632000,0.503,0.000,0.497
632500,0.482,0.000,0.518
633000,0.508,0.007,0.485
633500,0.519,0.001,0.480
634000,0.535,0.000,0.465
634500,0.474,0.000,0.526
635000,0.454,0.000,0.546
635500,0.496,0.001,0.503
636000,0.420,0.003,0.577
636500,0.530,0.003,0.467
637000,0.536,0.000,0.464
637500,0.572,0.000,0.428
638000,0.508,0.002,0.490
638500,0.451,0.000,0.549
639000,0.473,0.000,0.527
639500,0.454,0.001,0.545
640000,0.444,0.003,0.553
640500,0.489,0.010,0.501
641000,0.453,0.010,0.537
641500,0.478,0.001,0.521
642000,0.500,0.007,0.493
642500,0.514,0.000,0.486
643000,0.541,0.000,0.459
643500,0.480,0.006,0.514
644000,0.504,0.002,0.494
644500,0.530,0.000,0.470
645000,0.534,0.000,0.466
645500,0.517,0.000,0.483
646000,0.491,0.000,0.509
646500,0.460,0.002,0.538
647000,0.490,0.003,0.507
647500,0.499,0.000,0.501
648000,0.544,0.000,0.456
648500,0.473,0.000,0.527
649000,0.468,0.000,0.532
649500,0.495,0.005,0.500
650000,0.491,0.001,0.508
650500,0.488,0.007,0.505
651000,0.429,0.002,0.569
651500,0.519,0.000,0.481
652000,0.537,0.000,0.463
652500,0.529,0.000,0.471
653000,0.607,0.000,0.393
653500,0.609,0.002,0.389
654000,0.534,0.000,0.466
654500,0.519,0.002,0.479
655000,0.492,0.002,0.506
655500,0.572,0.000,0.428
656000,0.529,0.000,0.471
656500,0.555,0.001,0.444
657000,0.554,0.000,0.446
657500,0.495,0.000,0.505
658000,0.473,0.011,0.516
658500,0.454,0.000,0.546
659000,0.468,0.000,0.532
659500,0.494,0.000,0.506
660000,0.557,0.007,0.436
660500,0.536,0.002,0.462
661000,0.550,0.004,0.446
661500,0.575,0.000,0.425
662000,0.511,0.000,0.489
662500,0.535,0.000,0.465
663000,0.519,0.000,0.481
663500,0.542,0.004,0.454
664000,0.484,0.007,0.509
664500,0.380,0.007,0.613
665000,0.412,0.000,0.588
665500,0.517,0.000,0.483
666000,0.470,0.000,0.530
666500,0.440,0.007,0.553
667000,0.521,0.008,0.471
667500,0.517,0.001,0.482
668000,0.533,0.000,0.467
668500,0.521,0.000,0.479
669000,0.493,0.000,0.507
669500,0.488,0.006,0.506
670000,0.476,0.005,0.519
670500,0.452,0.000,0.548
671000,0.509,0.002,0.489
671500,0.559,0.002,0.439
672000,0.546,0.001,0.453
672500,0.567,0.000,0.433
673000,0.541,0.000,0.459
673500,0.580,0.000,0.420
674000,0.534,0.000,0.466
674500,0.510,0.000,0.490
675000,0.504,0.007,0.489
675500,0.466,0.005,0.529
676000,0.487,0.000,0.513
676500,0.476,0.000,0.524
677000,0.466,0.000,0.534
677500,0.501,0.000,0.499
678000,0.492,0.003,0.505
678500,0.446,0.009,0.545
679000,0.496,0.000,0.504
679500,0.482,0.000,0.518
680000,0.421,0.001,0.578
680500,0.457,0.000,0.543
681000,0.509,0.000,0.491
681500,0.518,0.001,0.481
682000,0.524,0.000,0.476
682500,0.475,0.002,0.523
683000,0.469,0.001,0.530
683500,0.547,0.000,0.453
684000,0.502,0.004,0.494
684500,0.536,0.007,0.457
685000,0.564,0.001,0.435
685500,0.564,0.000,0.436
686000,0.568,0.002,0.430
686500,0.550,0.010,0.440
687000,0.564,0.003,0.433
687500,0.553,0.000,0.447
688000,0.603,0.000,0.397
688500,0.639,0.000,0.361
689000,0.618,0.005,0.377
689500,0.555,0.000,0.445
690000,0.520,0.000,0.480
690500,0.577,0.000,0.423
691000,0.597,0.000,0.403
691500,0.482,0.000,0.518
692000,0.500,0.000,0.500
692500,0.425,0.000,0.575
693000,0.462,0.002,0.536
693500,0.514,0.000,0.486
694000,0.529,0.000,0.471
694500,0.566,0.000,0.434
695000,0.529,0.000,0.471
695500,0.536,0.000,0.464
696000,0.524,0.002,0.474
696500,0.516,0.000,0.484
697000,0.495,0.000,0.505
697500,0.475,0.007,0.518
698000,0.489,0.000,0.511
698500,0.453,0.001,0.546
699000,0.430,0.000,0.570
699500,0.472,0.004,0.524
700000,0.456,0.000,0.544
700500,0.567,0.000,0.433
701000,0.545,0.000,0.455
701500,0.558,0.000,0.442
702000,0.602,0.000,0.398
702500,0.665,0.000,0.335
703000,0.618,0.000,0.382
703500,0.575,0.000,0.425
704000,0.559,0.005,0.436
704500,0.606,0.001,0.393
705000,0.588,0.001,0.411
705500,0.596,0.002,0.402
706000,0.540,0.001,0.459
706500,0.525,0.000,0.475
707000,0.510,0.000,0.490
707500,0.539,0.000,0.461
708000,0.490,0.001,0.509
708500,0.558,0.004,0.438
709000,0.576,0.000,0.424
709500,0.480,0.000,0.520
710000,0.511,0.000,0.489
710500,0.563,0.000,0.437
711000,0.492,0.000,0.508
711500,0.533,0.000,0.467
712000,0.623,0.003,0.374
712500,0.603,0.000,0.397
713000,0.550,0.000,0.450
713500,0.516,0.000,0.484
714000,0.465,0.000,0.535
714500,0.498,0.008,0.494
715000,0.488,0.001,0.511
715500,0.474,0.001,0.525
716000,0.514,0.000,0.486
716500,0.462,0.000,0.538
717000,0.489,0.000,0.511
717500,0.458,0.000,0.542
718000,0.439,0.002,0.559
718500,0.453,0.001,0.546
719000,0.460,0.001,0.539
719500,0.452,0.003,0.545
720000,0.463,0.000,0.537
720500,0.524,0.000,0.476
721000,0.529,0.000,0.471
721500,0.492,0.000,0.508
722000,0.511,0.010,0.479
722500,0.500,0.004,0.496
723000,0.475,0.001,0.524
723500,0.470,0.000,0.530
724000,0.453,0.000,0.547
724500,0.464,0.010,0.526
725000,0.494,0.005,0.501
725500,0.457,0.007,0.536
726000,0.516,0.003,0.481
726500,0.532,0.000,0.468
727000,0.517,0.004,0.479
727500,0.569,0.000,0.431
728000,0.563,0.000,0.437
728500,0.522,0.000,0.478
729000,0.504,0.001,0.495
729500,0.524,0.000,0.476
730000,0.497,0.000,0.503
730500,0.565,0.000,0.435
731000,0.501,0.000,0.499
731500,0.501,0.000,0.499
732000,0.470,0.000,0.530
732500,0.457,0.007,0.536
733000,0.461,0.005,0.534
733500,0.423,0.000,0.577
734000,0.452,0.000,0.548
734500,0.504,0.000,0.496
735000,0.533,0.000,0.467
735500,0.491,0.001,0.508
736000,0.570,0.000,0.430
736500,0.554,0.000,0.446
737000,0.490,0.000,0.510
737500,0.476,0.002,0.522
738000,0.499,0.003,0.498
738500,0.504,0.000,0.496
739000,0.491,0.000,0.509
739500,0.520,0.004,0.476
740000,0.556,0.000,0.444
740500,0.548,0.000,0.452
741000,0.542,0.000,0.458
741500,0.525,0.006,0.469
742000,0.540,0.001,0.459
742500,0.555,0.005,0.440
743000,0.594,0.000,0.406
743500,0.548,0.000,0.452
744000,0.536,0.000,0.464
744500,0.552,0.003,0.445
745000,0.507,0.000,0.493
745500,0.525,0.000,0.475
746000,0.508,0.000,0.492
746500,0.485,0.003,0.512
747000,0.467,0.001,0.532
747500,0.518,0.000,0.482
748000,0.468,0.000,0.532
748500,0.521,0.000,0.479
749000,0.614,0.000,0.386
749500,0.638,0.000,0.362
750000,0.613,0.000,0.387
750500,0.627,0.000,0.373
751000,0.644,0.000,0.356
751500,0.613,0.000,0.387
752000,0.564,0.000,0.436
752500,0.533,0.000,0.467
753000,0.511,0.000,0.489
753500,0.525,0.000,0.475
754000,0.520,0.000,0.480
754500,0.616,0.000,0.384
755000,0.648,0.000,0.352
755500,0.617,0.000,0.383
756000,0.535,0.000,0.465
756500,0.545,0.002,0.453
757000,0.539,0.000,0.461
757500,0.549,0.002,0.449
758000,0.528,0.002,0.470
758500,0.550,0.000,0.450
759000,0.551,0.000,0.449
759500,0.504,0.000,0.496
760000,0.553,0.000,0.447
760500,0.496,0.000,0.504
761000,0.494,0.012,0.494
761500,0.514,0.004,0.482
762000,0.558,0.000,0.442
762500,0.574,0.000,0.426
763000,0.564,0.006,0.430
763500,0.514,0.001,0.485
764000,0.530,0.006,0.464
764500,0.576,0.001,0.423
765000,0.571,0.000,0.429
765500,0.389,0.012,0.599
766000,0.448,0.004,0.548
766500,0.441,0.010,0.549
767000,0.467,0.000,0.533
767500,0.456,0.000,0.544
768000,0.480,0.004,0.516
768500,0.480,0.003,0.517
769000,0.448,0.001,0.551
769500,0.434,0.014,0.552
770000,0.452,0.001,0.547
770500,0.551,0.000,0.449
771000,0.497,0.002,0.501
771500,0.563,0.000,0.437
772000,0.564,0.000,0.436
772500,0.563,0.003,0.434
773000,0.479,0.001,0.520
773500,0.460,0.000,0.540
774000,0.473,0.000,0.527
774500,0.492,0.000,0.508
775000,0.609,0.000,0.391
775500,0.640,0.000,0.360
776000,0.584,0.000,0.416
776500,0.505,0.000,0.495
777000,0.509,0.000,0.491
777500,0.470,0.000,0.530
778000,0.493,0.000,0.507
778500,0.450,0.006,0.544
779000,0.521,0.005,0.474
779500,0.524,0.000,0.476
780000,0.611,0.000,0.389
780500,0.593,0.000,0.407
781000,0.599,0.000,0.401
781500,0.549,0.000,0.451
782000,0.533,0.000,0.467
782500,0.474,0.000,0.526
783000,0.519,0.010,0.471
783500,0.491,0.000,0.509
784000,0.497,0.004,0.499
784500,0.431,0.007,0.562
785000,0.486,0.002,0.512
785500,0.510,0.000,0.490
786000,0.555,0.000,0.445
786500,0.589,0.000,0.411
787000,0.554,0.000,0.446
787500,0.568,0.004,0.428
788000,0.555,0.003,0.442
788500,0.530,0.000,0.470
789000,0.582,0.001,0.417
789500,0.554,0.000,0.446
790000,0.515,0.004,0.481
790500,0.468,0.004,0.528
791000,0.539,0.008,0.453
791500,0.549,0.001,0.450
792000,0.541,0.000,0.459
792500,0.609,0.001,0.390
793000,0.627,0.000,0.373
793500,0.557,0.000,0.443
794000,0.548,0.000,0.452
794500,0.506,0.007,0.487
795000,0.490,0.006,0.504
795500,0.502,0.005,0.493
796000,0.503,0.001,0.496
796500,0.619,0.000,0.381
797000,0.531,0.000,0.469
797500,0.553,0.000,0.447
798000,0.547,0.000,0.453
798500,0.530,0.007,0.463
799000,0.529,0.000,0.471
799500,0.451,0.007,0.542
800000,0.473,0.000,0.527
800500,0.483,0.000,0.517
801000,0.433,0.012,0.555
801500,0.454,0.003,0.543
802000,0.451,0.000,0.549
802500,0.520,0.000,0.480
803000,0.582,0.000,0.418
803500,0.569,0.000,0.431
804000,0.474,0.000,0.526
804500,0.513,0.000,0.487
805000,0.516,0.005,0.479
805500,0.530,0.004,0.466
806000,0.556,0.000,0.444
806500,0.596,0.000,0.404
807000,0.596,0.000,0.404
807500,0.608,0.000,0.392
808000,0.581,0.000,0.419
808500,0.591,0.000,0.409
809000,0.561,0.001,0.438
809500,0.511,0.006,0.483
810000,0.533,0.000,0.467
810500,0.542,0.000,0.458
811000,0.574,0.000,0.426
811500,0.563,0.000,0.437
812000,0.558,0.000,0.442
812500,0.594,0.000,0.406
813000,0.532,0.000,0.468
813500,0.529,0.014,0.457
814000,0.477,0.002,0.521
814500,0.546,0.000,0.454
815000,0.532,0.003,0.465
815500,0.496,0.000,0.504
816000,0.467,0.000,0.533
816500,0.464,0.007,0.529
817000,0.458,0.003,0.539
817500,0.462,0.005,0.533
818000,0.474,0.001,0.525
818500,0.524,0.000,0.476
819000,0.509,0.001,0.490
819500,0.531,0.000,0.469
820000,0.520,0.000,0.480
820500,0.540,0.000,0.460
821000,0.472,0.000,0.528
821500,0.517,0.000,0.483
822000,0.506,0.000,0.494
822500,0.489,0.000,0.511
823000,0.498,0.000,0.502
823500,0.530,0.000,0.470
824000,0.536,0.000,0.464
824500,0.571,0.000,0.429
825000,0.604,0.000,0.396
825500,0.583,0.000,0.417
826000,0.504,0.019,0.477
826500,0.451,0.010,0.539
827000,0.469,0.005,0.526
827500,0.505,0.000,0.495
828000,0.477,0.000,0.523
828500,0.548,0.004,0.448
829000,0.493,0.000,0.507
829500,0.574,0.005,0.421
830000,0.633,0.001,0.366
830500,0.594,0.000,0.406
831000,0.575,0.000,0.425
831500,0.565,0.000,0.435
832000,0.566,0.000,0.434
832500,0.545,0.000,0.455
833000,0.551,0.001,0.448
833500,0.538,0.000,0.462
834000,0.492,0.003,0.505
834500,0.536,0.000,0.464
835000,0.556,0.000,0.444
835500,0.526,0.000,0.474
836000,0.541,0.000,0.459
836500,0.495,0.000,0.505
837000,0.490,0.000,0.510
837500,0.529,0.000,0.471
838000,0.543,0.000,0.457
838500,0.525,0.002,0.473
839000,0.486,0.001,0.513
839500,0.492,0.000,0.508
840000,0.492,0.000,0.508
840500,0.527,0.004,0.469
841000,0.566,0.000,0.434
841500,0.537,0.000,0.463
842000,0.505,0.000,0.495
842500,0.472,0.001,0.527
843000,0.506,0.001,0.493
843500,0.551,0.002,0.447
844000,0.506,0.003,0.491
844500,0.475,0.001,0.524
845000,0.486,0.000,0.514
845500,0.442,0.007,0.551
846000,0.489,0.002,0.509
846500,0.526,0.000,0.474
847000,0.537,0.000,0.463
847500,0.532,0.000,0.468
848000,0.515,0.000,0.485
848500,0.525,0.000,0.475
849000,0.570,0.001,0.429
849500,0.583,0.000,0.417
850000,0.537,0.000,0.463
850500,0.558,0.000,0.442
851000,0.600,0.000,0.400
851500,0.506,0.008,0.486
852000,0.528,0.002,0.470
852500,0.460,0.000,0.540
853000,0.488,0.001,0.511
853500,0.486,0.000,0.514
854000,0.484,0.000,0.516
854500,0.495,0.000,0.505
855000,0.512,0.002,0.486
855500,0.519,0.000,0.481
856000,0.558,0.000,0.442
856500,0.586,0.000,0.414
857000,0.518,0.000,0.482
857500,0.504,0.000,0.496
858000,0.448,0.007,0.545
858500,0.427,0.004,0.569
859000,0.490,0.000,0.510
859500,0.567,0.000,0.433
860000,0.568,0.000,0.432
860500,0.513,0.000,0.487
861000,0.538,0.000,0.462
861500,0.479,0.002,0.519
862000,0.553,0.000,0.447
862500,0.524,0.001,0.475
863000,0.487,0.000,0.513
863500,0.502,0.000,0.498
864000,0.438,0.005,0.557
864500,0.460,0.000,0.540
865000,0.499,0.000,0.501
865500,0.544,0.000,0.456
866000,0.495,0.000,0.505
866500,0.517,0.000,0.483
867000,0.523,0.002,0.475
867500,0.544,0.000,0.456
868000,0.514,0.000,0.486
868500,0.596,0.001,0.403
869000,0.581,0.000,0.419
869500,0.542,0.007,0.451
870000,0.525,0.001,0.474
870500,0.502,0.000,0.498
871000,0.523,0.000,0.477
871500,0.501,0.000,0.499
872000,0.515,0.001,0.484
872500,0.550,0.002,0.448
873000,0.501,0.003,0.496
873500,0.436,0.003,0.561
874000,0.577,0.000,0.423
874500,0.508,0.000,0.492
875000,0.473,0.007,0.520
875500,0.492,0.003,0.505
876000,0.482,0.002,0.516
876500,0.517,0.006,0.477
877000,0.516,0.001,0.483
877500,0.444,0.005,0.551
878000,0.484,0.001,0.515
878500,0.489,0.000,0.511
879000,0.487,0.007,0.506
879500,0.534,0.005,0.461
880000,0.546,0.002,0.452
880500,0.531,0.001,0.468
881000,0.535,0.003,0.462
881500,0.482,0.002,0.516
882000,0.437,0.001,0.562
882500,0.481,0.000,0.519
883000,0.482,0.004,0.514
883500,0.472,0.002,0.526
884000,0.593,0.000,0.407
884500,0.551,0.000,0.449
885000,0.577,0.000,0.423
885500,0.538,0.000,0.462
886000,0.516,0.000,0.484
886500,0.462,0.000,0.538
887000,0.481,0.008,0.511
887500,0.496,0.000,0.504
888000,0.498,0.002,0.500
888500,0.542,0.000,0.458
889000,0.565,0.000,0.435
889500,0.499,0.003,0.498
890000,0.522,0.001,0.477
890500,0.506,0.000,0.494
891000,0.403,0.000,0.597
891500,0.451,0.000,0.549
892000,0.490,0.000,0.510
892500,0.462,0.000,0.538
893000,0.478,0.003,0.519
893500,0.437,0.005,0.558
894000,0.358,0.015,0.627
894500,0.382,0.019,0.599
895000,0.402,0.001,0.597
895500,0.448,0.000,0.552
896000,0.439,0.010,0.551
896500,0.438,0.007,0.555
897000,0.433,0.004,0.563
897500,0.455,0.000,0.545
898000,0.490,0.007,0.503
898500,0.514,0.001,0.485
899000,0.485,0.010,0.505
899500,0.517,0.003,0.480
900000,0.520,0.000,0.480
900500,0.503,0.000,0.497
901000,0.532,0.000,0.468
901500,0.503,0.003,0.494
902000,0.500,0.003,0.497
902500,0.524,0.001,0.475
903000,0.536,0.000,0.464
903500,0.533,0.003,0.464
904000,0.516,0.000,0.484
904500,0.487,0.004,0.509
905000,0.503,0.004,0.493
905500,0.474,0.007,0.519
906000,0.504,0.000,0.496
906500,0.481,0.000,0.519
907000,0.523,0.001,0.476
907500,0.499,0.000,0.501
908000,0.458,0.000,0.542
908500,0.469,0.000,0.531
909000,0.511,0.000,0.489
909500,0.452,0.000,0.548
910000,0.540,0.000,0.460
910500,0.542,0.001,0.457
911000,0.522,0.001,0.477
911500,0.490,0.000,0.510
912000,0.522,0.000,0.478
912500,0.539,0.000,0.461
913000,0.536,0.000,0.464
913500,0.514,0.000,0.486
914000,0.512,0.000,0.488
914500,0.518,0.000,0.482
915000,0.532,0.001,0.467
915500,0.509,0.000,0.491
916000,0.556,0.000,0.444
916500,0.520,0.002,0.478
917000,0.530,0.005,0.465
917500,0.505,0.005,0.490
918000,0.513,0.004,0.483
918500,0.537,0.000,0.463
919000,0.477,0.000,0.523
919500,0.486,0.000,0.514
920000,0.499,0.002,0.499
920500,0.520,0.005,0.475
921000,0.481,0.001,0.518
921500,0.389,0.009,0.602
922000,0.430,0.007,0.563
922500,0.469,0.008,0.523
923000,0.514,0.000,0.486
923500,0.550,0.000,0.450
924000,0.561,0.001,0.438
924500,0.541,0.001,0.458
925000,0.549,0.000,0.451
925500,0.561,0.000,0.439
926000,0.563,0.000,0.437
926500,0.607,0.000,0.393
927000,0.592,0.000,0.408
927500,0.517,0.000,0.483
928000,0.532,0.005,0.463
928500,0.534,0.000,0.466
929000,0.573,0.000,0.427
929500,0.539,0.000,0.461
930000,0.539,0.000,0.461
930500,0.534,0.000,0.466
931000,0.597,0.000,0.403
931500,0.588,0.000,0.412
932000,0.598,0.000,0.402
932500,0.579,0.000,0.421
933000,0.533,0.001,0.466
933500,0.542,0.001,0.457
934000,0.514,0.000,0.486
934500,0.560,0.000,0.440
935000,0.560,0.005,0.435
935500,0.503,0.000,0.497
936000,0.523,0.000,0.477
936500,0.575,0.000,0.425
937000,0.538,0.000,0.462
937500,0.542,0.003,0.455
938000,0.559,0.000,0.441
938500,0.564,0.000,0.436
939000,0.555,0.000,0.445
939500,0.538,0.000,0.462
940000,0.583,0.002,0.415
940500,0.545,0.000,0.455
941000,0.517,0.000,0.483
941500,0.491,0.002,0.507
942000,0.492,0.000,0.508
942500,0.440,0.000,0.560
943000,0.443,0.001,0.556
943500,0.460,0.006,0.534
944000,0.449,0.000,0.551
944500,0.430,0.005,0.565
945000,0.463,0.007,0.530
945500,0.505,0.009,0.486
946000,0.514,0.001,0.485
946500,0.485,0.001,0.514
947000,0.536,0.000,0.464
947500,0.507,0.000,0.493
948000,0.465,0.000,0.535
948500,0.520,0.001,0.479
949000,0.535,0.000,0.465
949500,0.528,0.000,0.472
950000,0.529,0.000,0.471
950500,0.513,0.005,0.482
951000,0.500,0.001,0.499
951500,0.497,0.000,0.503
952000,0.553,0.000,0.447
952500,0.539,0.000,0.461
953000,0.513,0.000,0.487
953500,0.479,0.000,0.521
954000,0.512,0.007,0.481
954500,0.483,0.003,0.514
955000,0.513,0.001,0.486
955500,0.527,0.001,0.472
956000,0.535,0.002,0.463
956500,0.585,0.000,0.415
957000,0.538,0.000,0.462
957500,0.478,0.006,0.516
958000,0.473,0.000,0.527
958500,0.459,0.003,0.538
959000,0.422,0.013,0.565
959500,0.469,0.004,0.527
960000,0.488,0.003,0.509
960500,0.510,0.000,0.490
961000,0.532,0.000,0.468
961500,0.479,0.004,0.517
962000,0.566,0.000,0.434
962500,0.498,0.006,0.496
963000,0.528,0.000,0.472
963500,0.545,0.000,0.455
964000,0.475,0.000,0.525
964500,0.520,0.000,0.480
965000,0.567,0.007,0.426
965500,0.497,0.001,0.502
966000,0.454,0.007,0.539
966500,0.481,0.002,0.517
967000,0.501,0.013,0.486
967500,0.553,0.002,0.445
968000,0.516,0.000,0.484
968500,0.462,0.000,0.538
969000,0.522,0.000,0.478
969500,0.516,0.000,0.484
970000,0.533,0.000,0.467
970500,0.569,0.000,0.431
971000,0.537,0.000,0.463
971500,0.558,0.000,0.442
972000,0.577,0.001,0.422
972500,0.608,0.000,0.392
973000,0.600,0.000,0.400
973500,0.551,0.000,0.449
974000,0.479,0.008,0.513
974500,0.463,0.003,0.534
975000,0.493,0.000,0.507
975500,0.510,0.000,0.490
976000,0.530,0.006,0.464
976500,0.501,0.005,0.494
977000,0.479,0.003,0.518
977500,0.518,0.006,0.476
978000,0.453,0.002,0.545
978500,0.529,0.000,0.471
979000,0.532,0.000,0.468
979500,0.523,0.000,0.477
980000,0.538,0.000,0.462
980500,0.534,0.000,0.466
981000,0.569,0.000,0.431
981500,0.505,0.000,0.495
982000,0.504,0.000,0.496
982500,0.518,0.003,0.479
983000,0.473,0.006,0.521
983500,0.501,0.000,0.499
984000,0.443,0.000,0.557
984500,0.465,0.006,0.529
985000,0.512,0.007,0.481
985500,0.443,0.004,0.553
986000,0.488,0.001,0.511
986500,0.455,0.007,0.538
987000,0.393,0.005,0.602
987500,0.430,0.003,0.567
988000,0.429,0.013,0.558
988500,0.428,0.002,0.570
989000,0.396,0.010,0.594
989500,0.460,0.006,0.534
990000,0.465,0.000,0.535
990500,0.484,0.002,0.514
991000,0.470,0.007,0.523
991500,0.500,0.001,0.499
992000,0.557,0.002,0.441
992500,0.529,0.000,0.471
993000,0.501,0.005,0.494
993500,0.545,0.002,0.453
994000,0.543,0.000,0.457
994500,0.456,0.000,0.544
995000,0.502,0.000,0.498
995500,0.434,0.010,0.556
996000,0.461,0.007,0.532
996500,0.496,0.000,0.504
997000,0.526,0.000,0.474
997500,0.580,0.000,0.420
998000,0.595,0.000,0.405
998500,0.601,0.000,0.399
999000,0.576,0.000,0.424
999500,0.552,0.000,0.448
1000000,0.589,0.000,0.411
