time,n_A+p,n_B,n_AB
100,0.407,0.437,0.156
200,0.401,0.379,0.220
300,0.416,0.343,0.242
400,0.376,0.391,0.232
500,0.376,0.376,0.248
600,0.339,0.388,0.272
700,0.352,0.398,0.251
800,0.352,0.410,0.239
900,0.388,0.391,0.220
1000,0.361,0.373,0.266
1100,0.333,0.370,0.297
1200,0.367,0.364,0.269
1300,0.352,0.388,0.260
1400,0.330,0.373,0.297
1500,0.398,0.346,0.257
1600,0.398,0.373,0.229
1700,0.410,0.352,0.239
1800,0.419,0.333,0.248
1900,0.401,0.355,0.245
2000,0.422,0.367,0.211
2100,0.416,0.364,0.220
2200,0.391,0.373,0.235
2300,0.398,0.385,0.217
2400,0.373,0.388,0.239
2500,0.391,0.370,0.239
2600,0.398,0.376,0.226
2700,0.394,0.358,0.248
2800,0.401,0.382,0.217
2900,0.367,0.404,0.229
3000,0.370,0.422,0.208
3100,0.339,0.434,0.226
3200,0.370,0.425,0.205
3300,0.327,0.425,0.248
3400,0.275,0.459,0.266
3500,0.251,0.511,0.239
3600,0.263,0.517,0.220
3700,0.269,0.529,0.202
3800,0.232,0.535,0.232
3900,0.235,0.566,0.199
4000,0.242,0.575,0.183
4100,0.257,0.526,0.217
4200,0.269,0.502,0.229
4300,0.272,0.517,0.211
4400,0.278,0.514,0.208
4500,0.257,0.483,0.260
4600,0.272,0.471,0.257
4700,0.254,0.489,0.257
4800,0.312,0.443,0.245
4900,0.306,0.462,0.232
5000,0.278,0.489,0.232
5100,0.287,0.514,0.199
5200,0.269,0.520,0.211
5300,0.269,0.547,0.183
5400,0.275,0.550,0.174
5500,0.257,0.554,0.190
5600,0.251,0.535,0.214
5700,0.251,0.538,0.211
5800,0.232,0.517,0.251
5900,0.272,0.535,0.193
6000,0.272,0.505,0.223
6100,0.284,0.474,0.242
6200,0.318,0.468,0.214
6300,0.343,0.492,0.165
6400,0.339,0.471,0.190
6500,0.343,0.474,0.183
6600,0.343,0.483,0.174
6700,0.306,0.459,0.235
6800,0.330,0.440,0.229
6900,0.321,0.443,0.235
7000,0.349,0.456,0.196
7100,0.327,0.483,0.190
7200,0.343,0.495,0.162
7300,0.333,0.456,0.211
7400,0.343,0.483,0.174
7500,0.361,0.468,0.171
7600,0.373,0.453,0.174
7700,0.376,0.462,0.162
7800,0.388,0.450,0.162
7900,0.385,0.431,0.183
8000,0.355,0.434,0.211
8100,0.358,0.413,0.229
8200,0.333,0.407,0.260
8300,0.358,0.376,0.266
8400,0.391,0.379,0.229
8500,0.382,0.391,0.226
8600,0.382,0.413,0.205
8700,0.373,0.416,0.211
8800,0.376,0.404,0.220
8900,0.382,0.425,0.193
9000,0.407,0.416,0.177
9100,0.410,0.391,0.199
9200,0.410,0.394,0.196
9300,0.425,0.404,0.171
9400,0.465,0.376,0.159
9500,0.425,0.394,0.180
9600,0.440,0.425,0.135
9700,0.437,0.416,0.147
9800,0.459,0.410,0.131
9900,0.456,0.407,0.138
10000,0.450,0.385,0.165
10100,0.437,0.401,0.162
10200,0.456,0.367,0.177
10300,0.416,0.370,0.214
10400,0.391,0.398,0.211
10500,0.358,0.391,0.251
10600,0.352,0.410,0.239
10700,0.407,0.391,0.202
10800,0.443,0.382,0.174
10900,0.446,0.352,0.202
11000,0.431,0.355,0.214
11100,0.434,0.385,0.180
11200,0.453,0.364,0.183
11300,0.468,0.324,0.208
11400,0.477,0.318,0.205
11500,0.489,0.330,0.180
11600,0.498,0.297,0.205
11700,0.480,0.294,0.226
11800,0.505,0.294,0.202
11900,0.538,0.275,0.187
12000,0.523,0.278,0.199
12100,0.532,0.272,0.196
12200,0.547,0.275,0.177
12300,0.557,0.300,0.144
12400,0.550,0.275,0.174
12500,0.569,0.272,0.159
12600,0.566,0.287,0.147
12700,0.566,0.284,0.150
12800,0.563,0.275,0.162
12900,0.572,0.251,0.177
13000,0.590,0.260,0.150
13100,0.618,0.239,0.144
13200,0.621,0.223,0.156
13300,0.627,0.239,0.135
13400,0.615,0.235,0.150
13500,0.639,0.226,0.135
13600,0.630,0.239,0.131
13700,0.630,0.242,0.128
13800,0.642,0.239,0.119
13900,0.654,0.217,0.128
14000,0.661,0.254,0.086
14100,0.667,0.229,0.104
14200,0.664,0.217,0.119
14300,0.667,0.205,0.128
14400,0.664,0.202,0.135
14500,0.654,0.226,0.119
14600,0.657,0.220,0.122
14700,0.661,0.211,0.128
14800,0.667,0.202,0.131
14900,0.636,0.208,0.156
15000,0.648,0.193,0.159
15100,0.676,0.180,0.144
15200,0.676,0.177,0.147
15300,0.664,0.177,0.159
15400,0.673,0.168,0.159
15500,0.706,0.144,0.150
15600,0.725,0.147,0.128
15700,0.740,0.131,0.128
15800,0.743,0.138,0.119
15900,0.737,0.135,0.128
16000,0.740,0.128,0.131
16100,0.746,0.138,0.116
16200,0.774,0.116,0.110
16300,0.792,0.113,0.095
16400,0.774,0.119,0.107
16500,0.774,0.104,0.122
16600,0.804,0.101,0.095
16700,0.807,0.083,0.110
16800,0.820,0.083,0.098
16900,0.844,0.073,0.083
17000,0.856,0.073,0.070
17100,0.850,0.076,0.073
17200,0.878,0.070,0.052
17300,0.875,0.064,0.061
17400,0.902,0.049,0.049
17500,0.920,0.034,0.046
17600,0.927,0.028,0.046
17700,0.948,0.024,0.028
17800,0.948,0.021,0.031
17900,0.945,0.018,0.037
18000,0.948,0.012,0.040
18100,0.933,0.012,0.055
18200,0.933,0.012,0.055
18300,0.930,0.012,0.058
18400,0.930,0.012,0.058
18500,0.939,0.021,0.040
18600,0.933,0.018,0.049
18700,0.936,0.015,0.049
18800,0.933,0.015,0.052
18900,0.945,0.015,0.040
19000,0.939,0.015,0.046
19100,0.948,0.015,0.037
19200,0.945,0.015,0.040
19300,0.954,0.015,0.031
19400,0.966,0.009,0.024
19500,0.960,0.009,0.031
19600,0.976,0.009,0.015
19700,0.966,0.009,0.024
19800,0.966,0.009,0.024
19900,0.957,0.009,0.034
20000,0.957,0.006,0.037
20100,0.960,0.006,0.034
20200,0.963,0.006,0.031
20300,0.966,0.006,0.028
20400,0.976,0.006,0.018
20500,0.979,0.003,0.018
20600,0.982,0.000,0.018
20700,0.985,0.000,0.015
20800,0.982,0.000,0.018
20900,0.988,0.000,0.012
21000,0.985,0.000,0.015
21100,0.988,0.000,0.012
21200,0.991,0.000,0.009
21300,0.994,0.000,0.006
21400,0.994,0.000,0.006
21500,0.991,0.000,0.009
21600,0.994,0.000,0.006
21700,0.997,0.000,0.003
21800,0.994,0.000,0.006
21900,0.997,0.000,0.003
22000,1.000,0.000,0.000
