time,n_A+p,n_B,n_AB
100,0.028,0.963,0.009
200,0.028,0.960,0.012
300,0.028,0.936,0.037
400,0.031,0.933,0.037
500,0.031,0.927,0.043
600,0.028,0.920,0.052
700,0.028,0.917,0.055
800,0.034,0.905,0.061
900,0.034,0.902,0.064
1000,0.031,0.896,0.073
1100,0.031,0.893,0.076
1200,0.031,0.896,0.073
1300,0.034,0.884,0.083
1400,0.031,0.893,0.076
1500,0.034,0.890,0.076
1600,0.037,0.872,0.092
1700,0.043,0.865,0.092
1800,0.046,0.859,0.095
1900,0.040,0.850,0.110
2000,0.046,0.847,0.107
2100,0.052,0.844,0.104
2200,0.043,0.820,0.138
2300,0.046,0.826,0.128
2400,0.058,0.829,0.113
2500,0.052,0.813,0.135
2600,0.052,0.801,0.147
2700,0.058,0.783,0.159
2800,0.067,0.810,0.122
2900,0.073,0.795,0.131
3000,0.070,0.798,0.131
3100,0.061,0.795,0.144
3200,0.064,0.789,0.147
3300,0.070,0.783,0.147
3400,0.070,0.777,0.153
3500,0.098,0.746,0.156
3600,0.107,0.728,0.165
3700,0.116,0.703,0.180
3800,0.104,0.713,0.183
3900,0.107,0.706,0.187
4000,0.138,0.694,0.168
4100,0.125,0.679,0.196
4200,0.128,0.654,0.217
4300,0.119,0.691,0.190
4400,0.125,0.676,0.199
4500,0.116,0.670,0.214
4600,0.122,0.645,0.232
4700,0.153,0.624,0.223
4800,0.150,0.590,0.260
4900,0.135,0.593,0.272
5000,0.138,0.609,0.254
5100,0.135,0.596,0.269
5200,0.156,0.609,0.235
5300,0.156,0.587,0.257
5400,0.156,0.547,0.297
5500,0.153,0.535,0.312
5600,0.165,0.544,0.291
5700,0.162,0.535,0.303
5800,0.153,0.563,0.284
5900,0.168,0.547,0.284
6000,0.196,0.569,0.235
6100,0.177,0.593,0.229
6200,0.180,0.599,0.220
6300,0.174,0.581,0.245
6400,0.174,0.572,0.254
6500,0.199,0.535,0.266
6600,0.214,0.508,0.278
6700,0.214,0.508,0.278
6800,0.202,0.511,0.287
6900,0.190,0.495,0.315
7000,0.190,0.505,0.306
7100,0.190,0.498,0.312
7200,0.220,0.468,0.312
7300,0.223,0.480,0.297
7400,0.226,0.489,0.284
7500,0.232,0.480,0.287
7600,0.205,0.483,0.312
7700,0.177,0.517,0.306
7800,0.199,0.505,0.297
7900,0.180,0.520,0.300
8000,0.187,0.520,0.294
8100,0.211,0.523,0.266
8200,0.211,0.544,0.245
8300,0.217,0.483,0.300
8400,0.254,0.465,0.281
8500,0.254,0.465,0.281
8600,0.226,0.477,0.297
8700,0.235,0.440,0.324
8800,0.245,0.468,0.287
8900,0.226,0.471,0.303
9000,0.257,0.471,0.272
9100,0.232,0.456,0.312
9200,0.229,0.502,0.269
9300,0.226,0.468,0.306
9400,0.226,0.495,0.278
9500,0.211,0.471,0.318
9600,0.220,0.431,0.349
9700,0.239,0.443,0.318
9800,0.248,0.443,0.309
9900,0.245,0.437,0.318
10000,0.229,0.446,0.324
10100,0.251,0.468,0.281
10200,0.251,0.486,0.263
10300,0.202,0.492,0.306
10400,0.208,0.459,0.333
10500,0.202,0.483,0.315
10600,0.205,0.477,0.318
10700,0.202,0.477,0.321
10800,0.223,0.468,0.309
10900,0.248,0.456,0.297
11000,0.217,0.508,0.275
11100,0.229,0.459,0.312
11200,0.232,0.456,0.312
11300,0.257,0.443,0.300
11400,0.266,0.453,0.281
11500,0.269,0.410,0.321
11600,0.300,0.376,0.324
11700,0.379,0.327,0.294
11800,0.404,0.306,0.291
11900,0.407,0.260,0.333
12000,0.419,0.281,0.300
12100,0.419,0.254,0.327
12200,0.419,0.248,0.333
12300,0.446,0.260,0.294
12400,0.440,0.278,0.281
12500,0.440,0.291,0.269
12600,0.456,0.300,0.245
12700,0.462,0.284,0.254
12800,0.492,0.242,0.266
12900,0.480,0.232,0.287
13000,0.453,0.220,0.327
13100,0.480,0.226,0.294
13200,0.495,0.202,0.303
13300,0.505,0.177,0.318
13400,0.523,0.168,0.309
13500,0.526,0.144,0.330
13600,0.480,0.193,0.327
13700,0.520,0.187,0.294
13800,0.547,0.174,0.278
13900,0.578,0.144,0.278
14000,0.587,0.113,0.300
14100,0.602,0.119,0.278
14200,0.609,0.098,0.294
14300,0.645,0.098,0.257
14400,0.642,0.113,0.245
14500,0.670,0.098,0.232
14600,0.664,0.089,0.248
14700,0.676,0.073,0.251
14800,0.697,0.073,0.229
14900,0.722,0.067,0.211
15000,0.706,0.073,0.220
15100,0.709,0.061,0.229
15200,0.758,0.055,0.187
15300,0.774,0.067,0.159
15400,0.789,0.064,0.147
15500,0.761,0.076,0.162
15600,0.755,0.061,0.183
15700,0.771,0.058,0.171
15800,0.752,0.076,0.171
15900,0.728,0.064,0.208
16000,0.722,0.070,0.208
16100,0.703,0.089,0.208
16200,0.713,0.083,0.205
16300,0.725,0.073,0.202
16400,0.731,0.076,0.193
16500,0.709,0.080,0.211
16600,0.737,0.073,0.190
16700,0.722,0.080,0.199
16800,0.725,0.080,0.196
16900,0.749,0.067,0.183
17000,0.755,0.049,0.196
17100,0.731,0.073,0.196
17200,0.737,0.055,0.208
17300,0.725,0.076,0.199
17400,0.740,0.080,0.180
17500,0.728,0.089,0.183
17600,0.722,0.076,0.202
17700,0.728,0.067,0.205
17800,0.716,0.089,0.196
17900,0.709,0.067,0.223
18000,0.731,0.058,0.211
18100,0.722,0.052,0.226
18200,0.694,0.052,0.254
18300,0.661,0.058,0.281
18400,0.654,0.061,0.284
18500,0.679,0.055,0.266
18600,0.682,0.064,0.254
18700,0.657,0.064,0.278
18800,0.630,0.076,0.294
18900,0.657,0.064,0.278
19000,0.667,0.061,0.272
19100,0.706,0.037,0.257
19200,0.685,0.055,0.260
19300,0.725,0.049,0.226
19400,0.731,0.052,0.217
19500,0.752,0.064,0.183
19600,0.768,0.043,0.190
19700,0.795,0.037,0.168
19800,0.792,0.043,0.165
19900,0.823,0.040,0.138
20000,0.820,0.024,0.156
20100,0.826,0.031,0.144
20200,0.826,0.028,0.147
20300,0.801,0.028,0.171
20400,0.804,0.052,0.144
20500,0.789,0.043,0.168
20600,0.786,0.052,0.162
20700,0.807,0.037,0.156
20800,0.826,0.031,0.144
20900,0.875,0.018,0.107
21000,0.893,0.021,0.086
21100,0.899,0.009,0.092
21200,0.914,0.003,0.083
21300,0.924,0.000,0.076
21400,0.930,0.003,0.067
21500,0.936,0.003,0.061
21600,0.936,0.003,0.061
21700,0.945,0.003,0.052
21800,0.945,0.003,0.052
21900,0.960,0.003,0.037
22000,0.960,0.000,0.040
22100,0.960,0.000,0.040
22200,0.969,0.000,0.031
22300,0.966,0.000,0.034
22400,0.966,0.000,0.034
22500,0.966,0.000,0.034
22600,0.960,0.000,0.040
22700,0.957,0.000,0.043
22800,0.966,0.000,0.034
22900,0.972,0.000,0.028
23000,0.979,0.000,0.021
23100,0.966,0.000,0.034
23200,0.963,0.006,0.031
23300,0.972,0.003,0.024
23400,0.969,0.000,0.031
23500,0.976,0.000,0.024
23600,0.976,0.000,0.024
23700,0.969,0.000,0.031
23800,0.969,0.000,0.031
23900,0.982,0.000,0.018
24000,0.991,0.000,0.009
24100,0.991,0.000,0.009
24200,0.991,0.000,0.009
24300,0.994,0.000,0.006
24400,0.994,0.000,0.006
24500,0.994,0.000,0.006
24600,0.991,0.000,0.009
24700,0.991,0.000,0.009
24800,0.991,0.000,0.009
24900,0.991,0.000,0.009
25000,0.991,0.000,0.009
25100,0.994,0.000,0.006
25200,0.994,0.000,0.006
25300,0.994,0.000,0.006
25400,1.000,0.000,0.000
