time,n_A+p,n_B,n_AB
500,0.050,0.807,0.143
1000,0.050,0.650,0.300
1500,0.050,0.624,0.326
2000,0.051,0.450,0.499
2500,0.062,0.348,0.590
3000,0.065,0.253,0.682
3500,0.074,0.281,0.645
4000,0.116,0.262,0.622
4500,0.092,0.242,0.666
5000,0.132,0.194,0.674
5500,0.183,0.108,0.709
6000,0.315,0.049,0.636
6500,0.445,0.014,0.541
7000,0.734,0.000,0.266
7500,0.789,0.000,0.211
8000,0.864,0.000,0.136
8500,0.886,0.000,0.114
9000,0.915,0.000,0.085
9500,0.917,0.000,0.083
10000,0.820,0.000,0.180
10500,0.858,0.000,0.142
11000,0.818,0.000,0.182
11500,0.839,0.000,0.161
12000,0.910,0.000,0.090
12500,0.968,0.000,0.032
13000,0.980,0.000,0.020
13500,0.991,0.000,0.009
14000,0.998,0.000,0.002
14500,1.000,0.000,0.000
