time,n_A+p,n_B,n_AB
100,0.430,0.526,0.044
200,0.421,0.471,0.108
300,0.412,0.437,0.152
400,0.396,0.431,0.173
500,0.399,0.392,0.208
600,0.385,0.386,0.229
700,0.367,0.382,0.251
800,0.382,0.354,0.264
900,0.370,0.374,0.257
1000,0.375,0.346,0.279
1100,0.378,0.347,0.275
1200,0.346,0.390,0.264
1300,0.338,0.405,0.257
1400,0.354,0.389,0.257
1500,0.344,0.361,0.295
1600,0.370,0.339,0.292
1700,0.385,0.350,0.265
1800,0.368,0.348,0.283
1900,0.380,0.332,0.288
2000,0.365,0.314,0.321
2100,0.332,0.332,0.336
2200,0.331,0.356,0.313
2300,0.345,0.342,0.313
2400,0.357,0.325,0.317
2500,0.357,0.329,0.314
2600,0.341,0.338,0.321
2700,0.366,0.317,0.317
2800,0.325,0.354,0.321
2900,0.324,0.375,0.302
3000,0.328,0.360,0.311
3100,0.315,0.357,0.327
3200,0.320,0.370,0.310
3300,0.323,0.370,0.307
3400,0.313,0.374,0.313
3500,0.300,0.372,0.328
3600,0.290,0.406,0.304
3700,0.279,0.399,0.322
3800,0.281,0.405,0.314
3900,0.270,0.412,0.318
4000,0.263,0.405,0.332
4100,0.280,0.386,0.334
4200,0.262,0.400,0.338
4300,0.288,0.407,0.305
4400,0.276,0.401,0.323
4500,0.279,0.417,0.304
4600,0.297,0.401,0.302
4700,0.276,0.414,0.310
4800,0.310,0.398,0.292
4900,0.293,0.417,0.289
5000,0.253,0.409,0.338
5100,0.274,0.416,0.310
5200,0.248,0.421,0.331
5300,0.275,0.396,0.329
5400,0.274,0.426,0.300
5500,0.261,0.406,0.334
5600,0.259,0.410,0.331
5700,0.226,0.435,0.339
5800,0.237,0.430,0.334
5900,0.206,0.484,0.310
6000,0.206,0.491,0.303
6100,0.226,0.474,0.300
6200,0.213,0.467,0.320
6300,0.211,0.456,0.333
6400,0.183,0.505,0.312
6500,0.183,0.509,0.308
6600,0.208,0.463,0.329
6700,0.247,0.435,0.317
6800,0.258,0.414,0.328
6900,0.308,0.368,0.324
7000,0.317,0.361,0.322
7100,0.317,0.362,0.321
7200,0.302,0.356,0.342
7300,0.297,0.368,0.334
7400,0.328,0.324,0.348
7500,0.317,0.333,0.350
7600,0.310,0.347,0.342
7700,0.288,0.409,0.303
7800,0.296,0.406,0.298
7900,0.311,0.389,0.300
8000,0.332,0.387,0.281
8100,0.302,0.397,0.302
8200,0.281,0.396,0.324
8300,0.290,0.388,0.321
8400,0.296,0.370,0.334
8500,0.290,0.361,0.348
8600,0.331,0.353,0.316
8700,0.315,0.342,0.343
8800,0.366,0.279,0.355
8900,0.366,0.286,0.347
9000,0.370,0.271,0.359
9100,0.342,0.271,0.387
9200,0.349,0.293,0.357
9300,0.361,0.294,0.345
9400,0.374,0.303,0.324
9500,0.400,0.259,0.341
9600,0.430,0.261,0.310
9700,0.446,0.255,0.299
9800,0.421,0.257,0.322
9900,0.439,0.251,0.309
10000,0.396,0.269,0.335
10100,0.432,0.233,0.334
10200,0.430,0.242,0.328
10300,0.427,0.252,0.321
10400,0.413,0.257,0.330
10500,0.420,0.233,0.347
10600,0.375,0.300,0.325
10700,0.345,0.320,0.336
10800,0.312,0.343,0.345
10900,0.330,0.309,0.361
11000,0.319,0.357,0.324
11100,0.338,0.332,0.330
11200,0.311,0.347,0.342
11300,0.324,0.329,0.347
11400,0.334,0.310,0.356
11500,0.327,0.328,0.345
11600,0.341,0.318,0.341
11700,0.352,0.310,0.339
11800,0.377,0.293,0.331
11900,0.382,0.321,0.297
12000,0.385,0.329,0.285
12100,0.360,0.333,0.307
12200,0.359,0.302,0.339
12300,0.364,0.298,0.338
12400,0.342,0.317,0.341
12500,0.352,0.310,0.338
12600,0.348,0.307,0.345
12700,0.368,0.300,0.332
12800,0.327,0.347,0.326
12900,0.327,0.330,0.343
13000,0.312,0.353,0.335
13100,0.331,0.328,0.342
13200,0.295,0.372,0.334
13300,0.278,0.374,0.348
13400,0.258,0.360,0.381
13500,0.256,0.378,0.367
13600,0.269,0.391,0.341
13700,0.264,0.396,0.340
13800,0.279,0.393,0.328
13900,0.286,0.369,0.345
14000,0.297,0.366,0.338
14100,0.249,0.423,0.328
14200,0.272,0.391,0.338
14300,0.242,0.409,0.349
14400,0.242,0.406,0.352
14500,0.236,0.445,0.319
14600,0.259,0.414,0.327
14700,0.247,0.437,0.316
14800,0.250,0.430,0.321
14900,0.226,0.439,0.335
15000,0.220,0.425,0.355
15100,0.231,0.413,0.356
15200,0.222,0.405,0.374
15300,0.251,0.389,0.360
15400,0.251,0.407,0.342
15500,0.251,0.414,0.334
15600,0.238,0.429,0.333
15700,0.269,0.409,0.322
15800,0.244,0.417,0.339
15900,0.239,0.424,0.338
16000,0.240,0.414,0.345
16100,0.234,0.402,0.364
16200,0.271,0.381,0.348
16300,0.264,0.407,0.328
16400,0.289,0.399,0.313
16500,0.295,0.379,0.327
16600,0.325,0.354,0.321
16700,0.289,0.395,0.316
16800,0.295,0.402,0.304
16900,0.293,0.410,0.297
17000,0.295,0.403,0.302
17100,0.308,0.371,0.321
17200,0.347,0.353,0.300
17300,0.350,0.360,0.290
17400,0.340,0.352,0.308
17500,0.374,0.323,0.303
17600,0.353,0.335,0.312
17700,0.327,0.352,0.321
17800,0.346,0.339,0.315
17900,0.364,0.322,0.313
18000,0.346,0.337,0.317
18100,0.343,0.346,0.310
18200,0.347,0.310,0.342
18300,0.347,0.317,0.336
18400,0.362,0.314,0.324
18500,0.349,0.328,0.322
18600,0.310,0.385,0.304
18700,0.295,0.377,0.328
18800,0.289,0.380,0.331
18900,0.263,0.384,0.353
19000,0.278,0.381,0.341
19100,0.259,0.397,0.344
19200,0.260,0.375,0.366
19300,0.282,0.392,0.326
19400,0.286,0.403,0.311
19500,0.259,0.410,0.331
19600,0.287,0.388,0.325
19700,0.284,0.399,0.317
19800,0.250,0.432,0.318
19900,0.264,0.429,0.307
20000,0.256,0.440,0.304
20100,0.242,0.481,0.277
20200,0.258,0.457,0.285
20300,0.290,0.407,0.303
20400,0.288,0.393,0.318
20500,0.267,0.407,0.326
20600,0.295,0.393,0.312
20700,0.321,0.356,0.323
20800,0.321,0.359,0.321
20900,0.331,0.326,0.343
21000,0.338,0.312,0.350
21100,0.340,0.304,0.356
21200,0.329,0.300,0.370
21300,0.353,0.287,0.360
21400,0.377,0.267,0.357
21500,0.393,0.250,0.357
21600,0.364,0.275,0.361
21700,0.375,0.265,0.360
21800,0.358,0.294,0.348
21900,0.362,0.287,0.351
22000,0.366,0.271,0.363
22100,0.373,0.280,0.347
22200,0.378,0.279,0.342
22300,0.376,0.298,0.326
22400,0.356,0.272,0.372
22500,0.340,0.288,0.372
22600,0.337,0.283,0.380
22700,0.328,0.282,0.390
22800,0.354,0.274,0.372
22900,0.334,0.324,0.342
23000,0.346,0.306,0.348
23100,0.350,0.293,0.357
23200,0.344,0.318,0.338
23300,0.359,0.296,0.345
23400,0.396,0.263,0.341
23500,0.361,0.297,0.342
23600,0.340,0.323,0.337
23700,0.300,0.350,0.349
23800,0.327,0.342,0.332
23900,0.332,0.311,0.357
24000,0.359,0.282,0.360
24100,0.409,0.272,0.319
24200,0.382,0.288,0.330
24300,0.386,0.258,0.355
24400,0.372,0.260,0.368
24500,0.368,0.246,0.386
24600,0.402,0.232,0.366
24700,0.419,0.231,0.350
24800,0.416,0.256,0.329
24900,0.411,0.273,0.316
25000,0.444,0.257,0.299
25100,0.454,0.220,0.326
25200,0.444,0.212,0.344
25300,0.408,0.251,0.341
25400,0.395,0.246,0.359
25500,0.399,0.238,0.363
25600,0.399,0.235,0.367
25700,0.404,0.203,0.393
25800,0.402,0.205,0.392
25900,0.421,0.203,0.377
26000,0.425,0.204,0.370
26100,0.453,0.190,0.357
26200,0.451,0.200,0.349
26300,0.451,0.203,0.346
26400,0.474,0.209,0.317
26500,0.474,0.197,0.329
26600,0.462,0.219,0.318
26700,0.446,0.247,0.307
26800,0.436,0.243,0.321
26900,0.430,0.242,0.328
27000,0.402,0.264,0.334
27100,0.395,0.279,0.326
27200,0.389,0.305,0.306
27300,0.391,0.298,0.311
27400,0.353,0.321,0.326
27500,0.352,0.317,0.331
27600,0.335,0.342,0.323
27700,0.354,0.331,0.315
27800,0.342,0.332,0.327
27900,0.316,0.350,0.334
28000,0.317,0.338,0.346
28100,0.319,0.331,0.350
28200,0.347,0.325,0.328
28300,0.327,0.356,0.318
28400,0.300,0.381,0.319
28500,0.317,0.361,0.322
28600,0.304,0.353,0.342
28700,0.275,0.368,0.357
28800,0.309,0.349,0.342
28900,0.325,0.327,0.348
29000,0.327,0.327,0.346
29100,0.360,0.304,0.336
29200,0.352,0.300,0.348
29300,0.373,0.302,0.325
29400,0.391,0.283,0.325
29500,0.391,0.278,0.331
29600,0.414,0.263,0.324
29700,0.437,0.258,0.306
29800,0.438,0.243,0.320
29900,0.434,0.231,0.335
30000,0.424,0.257,0.318
30100,0.428,0.265,0.307
30200,0.423,0.297,0.280
30300,0.425,0.281,0.295
30400,0.421,0.299,0.281
30500,0.404,0.332,0.264
30600,0.388,0.326,0.286
30700,0.392,0.318,0.289
30800,0.380,0.325,0.295
30900,0.364,0.336,0.300
31000,0.367,0.315,0.317
31100,0.405,0.306,0.289
31200,0.406,0.294,0.300
31300,0.406,0.285,0.308
31400,0.427,0.264,0.310
31500,0.435,0.249,0.316
31600,0.410,0.260,0.329
31700,0.434,0.237,0.328
31800,0.424,0.251,0.325
31900,0.380,0.259,0.361
32000,0.362,0.292,0.346
32100,0.369,0.302,0.329
32200,0.341,0.334,0.325
32300,0.341,0.353,0.306
32400,0.367,0.314,0.318
32500,0.431,0.275,0.295
32600,0.409,0.269,0.321
32700,0.398,0.288,0.314
32800,0.381,0.297,0.322
32900,0.391,0.304,0.305
33000,0.395,0.311,0.293
33100,0.398,0.289,0.313
33200,0.385,0.296,0.319
33300,0.376,0.301,0.323
33400,0.367,0.317,0.317
33500,0.360,0.309,0.331
33600,0.353,0.332,0.315
33700,0.371,0.323,0.306
33800,0.386,0.292,0.322
33900,0.399,0.281,0.320
34000,0.397,0.285,0.318
34100,0.384,0.276,0.341
34200,0.357,0.303,0.340
34300,0.351,0.296,0.353
34400,0.373,0.280,0.347
34500,0.402,0.265,0.332
34600,0.414,0.257,0.329
34700,0.427,0.242,0.332
34800,0.417,0.253,0.329
34900,0.390,0.261,0.349
35000,0.381,0.270,0.349
35100,0.367,0.265,0.367
35200,0.397,0.251,0.352
35300,0.459,0.224,0.317
35400,0.431,0.235,0.335
35500,0.402,0.278,0.320
35600,0.368,0.317,0.314
35700,0.370,0.302,0.328
35800,0.367,0.315,0.318
35900,0.343,0.310,0.347
36000,0.327,0.315,0.358
36100,0.332,0.308,0.359
36200,0.370,0.300,0.330
36300,0.338,0.296,0.366
36400,0.320,0.314,0.366
36500,0.300,0.324,0.376
36600,0.314,0.317,0.369
36700,0.317,0.325,0.358
36800,0.307,0.309,0.384
36900,0.313,0.304,0.382
37000,0.308,0.327,0.365
37100,0.304,0.343,0.353
37200,0.304,0.371,0.324
37300,0.327,0.338,0.335
37400,0.357,0.320,0.323
37500,0.368,0.319,0.313
37600,0.353,0.320,0.327
37700,0.320,0.350,0.329
37800,0.300,0.360,0.339
37900,0.324,0.343,0.332
38000,0.313,0.353,0.335
38100,0.322,0.353,0.325
38200,0.323,0.344,0.333
38300,0.313,0.349,0.338
38400,0.293,0.347,0.360
38500,0.308,0.341,0.351
38600,0.298,0.325,0.377
38700,0.293,0.333,0.374
38800,0.339,0.302,0.359
38900,0.314,0.322,0.364
39000,0.346,0.302,0.353
39100,0.376,0.286,0.338
39200,0.413,0.257,0.330
39300,0.385,0.258,0.357
39400,0.371,0.266,0.363
39500,0.384,0.253,0.363
39600,0.381,0.254,0.366
39700,0.371,0.271,0.359
39800,0.363,0.278,0.360
39900,0.392,0.251,0.357
40000,0.391,0.279,0.329
40100,0.345,0.330,0.325
40200,0.363,0.293,0.344
40300,0.374,0.301,0.325
40400,0.366,0.302,0.332
40500,0.363,0.298,0.339
40600,0.305,0.336,0.359
40700,0.311,0.339,0.350
40800,0.320,0.336,0.343
40900,0.310,0.344,0.346
41000,0.321,0.334,0.346
41100,0.310,0.338,0.352
41200,0.286,0.345,0.369
41300,0.297,0.331,0.371
41400,0.299,0.325,0.376
41500,0.284,0.332,0.384
41600,0.300,0.306,0.394
41700,0.323,0.304,0.373
41800,0.357,0.258,0.385
41900,0.358,0.278,0.364
42000,0.364,0.291,0.345
42100,0.326,0.317,0.357
42200,0.339,0.327,0.334
42300,0.372,0.288,0.341
42400,0.377,0.275,0.348
42500,0.367,0.309,0.324
42600,0.363,0.289,0.348
42700,0.360,0.300,0.340
42800,0.397,0.261,0.342
42900,0.403,0.268,0.329
43000,0.412,0.229,0.359
43100,0.441,0.222,0.338
43200,0.435,0.217,0.347
43300,0.421,0.198,0.380
43400,0.450,0.196,0.354
43500,0.481,0.190,0.329
43600,0.503,0.157,0.340
43700,0.499,0.165,0.336
43800,0.474,0.201,0.325
43900,0.474,0.189,0.337
44000,0.483,0.194,0.323
44100,0.488,0.173,0.338
44200,0.478,0.169,0.352
44300,0.502,0.190,0.308
44400,0.503,0.193,0.304
44500,0.519,0.197,0.283
44600,0.502,0.190,0.308
44700,0.512,0.178,0.310
44800,0.523,0.182,0.296
44900,0.490,0.178,0.332
45000,0.483,0.190,0.327
45100,0.437,0.200,0.363
45200,0.484,0.187,0.328
45300,0.467,0.193,0.339
45400,0.509,0.156,0.335
45500,0.473,0.192,0.335
45600,0.456,0.229,0.315
45700,0.426,0.231,0.343
45800,0.408,0.240,0.352
45900,0.391,0.269,0.339
46000,0.394,0.252,0.354
46100,0.393,0.240,0.367
46200,0.373,0.252,0.375
46300,0.400,0.239,0.361
46400,0.442,0.207,0.351
46500,0.461,0.198,0.341
46600,0.472,0.197,0.331
46700,0.448,0.202,0.350
46800,0.473,0.207,0.320
46900,0.520,0.192,0.288
47000,0.520,0.185,0.296
47100,0.534,0.172,0.294
47200,0.562,0.155,0.282
47300,0.576,0.140,0.284
47400,0.608,0.123,0.269
47500,0.620,0.122,0.258
47600,0.620,0.125,0.256
47700,0.628,0.123,0.249
47800,0.659,0.093,0.247
47900,0.669,0.085,0.246
48000,0.692,0.076,0.232
48100,0.686,0.075,0.239
48200,0.665,0.085,0.250
48300,0.668,0.084,0.247
48400,0.629,0.104,0.268
48500,0.609,0.127,0.264
48600,0.615,0.127,0.257
48700,0.624,0.121,0.255
48800,0.612,0.126,0.263
48900,0.575,0.120,0.305
49000,0.606,0.115,0.279
49100,0.592,0.125,0.283
49200,0.636,0.110,0.254
49300,0.628,0.122,0.250
49400,0.604,0.137,0.260
49500,0.568,0.144,0.289
49600,0.548,0.175,0.276
49700,0.556,0.165,0.279
49800,0.561,0.144,0.295
49900,0.552,0.139,0.309
50000,0.570,0.137,0.292
50100,0.559,0.126,0.315
50200,0.547,0.144,0.309
50300,0.575,0.120,0.305
50400,0.591,0.123,0.286
50500,0.587,0.117,0.296
50600,0.582,0.117,0.301
50700,0.580,0.145,0.275
50800,0.577,0.151,0.272
50900,0.565,0.169,0.266
51000,0.555,0.179,0.266
51100,0.540,0.171,0.290
51200,0.523,0.158,0.319
51300,0.470,0.203,0.327
51400,0.480,0.203,0.317
51500,0.463,0.215,0.322
51600,0.488,0.211,0.301
51700,0.497,0.178,0.326
51800,0.492,0.189,0.319
51900,0.467,0.212,0.321
52000,0.461,0.200,0.339
52100,0.451,0.208,0.342
52200,0.460,0.198,0.342
52300,0.445,0.226,0.328
52400,0.408,0.235,0.357
52500,0.446,0.239,0.314
52600,0.432,0.254,0.314
52700,0.470,0.214,0.315
52800,0.428,0.253,0.319
52900,0.448,0.242,0.310
53000,0.436,0.233,0.331
53100,0.447,0.218,0.335
53200,0.459,0.212,0.329
53300,0.458,0.200,0.342
53400,0.444,0.218,0.338
53500,0.399,0.257,0.344
53600,0.400,0.281,0.319
53700,0.388,0.274,0.339
53800,0.381,0.290,0.329
53900,0.327,0.315,0.358
54000,0.331,0.338,0.332
54100,0.317,0.348,0.335
54200,0.358,0.343,0.299
54300,0.360,0.295,0.345
54400,0.378,0.265,0.356
54500,0.362,0.284,0.354
54600,0.369,0.260,0.371
54700,0.375,0.265,0.360
54800,0.404,0.227,0.369
54900,0.413,0.225,0.362
55000,0.377,0.239,0.384
55100,0.392,0.218,0.391
55200,0.399,0.234,0.367
55300,0.418,0.207,0.375
55400,0.399,0.211,0.390
55500,0.390,0.247,0.363
55600,0.379,0.264,0.357
55700,0.388,0.251,0.360
55800,0.342,0.299,0.359
55900,0.375,0.285,0.339
56000,0.376,0.262,0.362
56100,0.386,0.278,0.336
56200,0.356,0.313,0.331
56300,0.357,0.299,0.344
56400,0.400,0.257,0.343
56500,0.384,0.300,0.316
56600,0.353,0.313,0.334
56700,0.315,0.336,0.348
56800,0.307,0.353,0.339
56900,0.327,0.338,0.335
57000,0.347,0.341,0.312
57100,0.378,0.326,0.296
57200,0.360,0.285,0.356
57300,0.338,0.307,0.356
57400,0.343,0.319,0.338
57500,0.348,0.306,0.346
57600,0.334,0.282,0.385
57700,0.360,0.272,0.368
57800,0.353,0.269,0.377
57900,0.365,0.270,0.365
58000,0.338,0.304,0.358
58100,0.366,0.297,0.336
58200,0.370,0.271,0.360
58300,0.371,0.283,0.346
58400,0.377,0.273,0.350
58500,0.404,0.265,0.331
58600,0.415,0.265,0.320
58700,0.375,0.293,0.332
58800,0.358,0.301,0.341
58900,0.381,0.296,0.322
59000,0.359,0.336,0.305
59100,0.363,0.320,0.317
59200,0.376,0.293,0.331
59300,0.420,0.264,0.316
59400,0.442,0.257,0.302
59500,0.415,0.258,0.327
59600,0.421,0.274,0.305
59700,0.435,0.251,0.314
59800,0.450,0.225,0.325
59900,0.451,0.237,0.311
60000,0.467,0.236,0.297
60100,0.449,0.246,0.305
60200,0.435,0.258,0.307
60300,0.472,0.214,0.314
60400,0.468,0.220,0.312
60500,0.472,0.214,0.314
60600,0.513,0.189,0.297
60700,0.494,0.208,0.298
60800,0.490,0.204,0.306
60900,0.469,0.219,0.312
61000,0.459,0.234,0.307
61100,0.469,0.215,0.316
61200,0.452,0.207,0.341
61300,0.467,0.217,0.316
61400,0.487,0.200,0.313
61500,0.506,0.194,0.300
61600,0.502,0.182,0.317
61700,0.516,0.202,0.282
61800,0.509,0.186,0.305
61900,0.484,0.218,0.298
62000,0.458,0.242,0.301
62100,0.404,0.257,0.339
62200,0.380,0.293,0.327
62300,0.423,0.260,0.318
62400,0.424,0.252,0.324
62500,0.416,0.272,0.312
62600,0.425,0.271,0.304
62700,0.407,0.268,0.324
62800,0.423,0.242,0.335
62900,0.402,0.235,0.363
63000,0.379,0.242,0.379
63100,0.356,0.253,0.392
63200,0.353,0.268,0.378
63300,0.368,0.275,0.356
63400,0.329,0.301,0.370
63500,0.366,0.301,0.334
63600,0.423,0.272,0.304
63700,0.413,0.289,0.298
63800,0.377,0.325,0.297
63900,0.392,0.283,0.325
64000,0.382,0.281,0.337
64100,0.384,0.276,0.341
64200,0.413,0.263,0.324
64300,0.415,0.227,0.358
64400,0.409,0.238,0.353
64500,0.374,0.300,0.327
64600,0.378,0.290,0.332
64700,0.388,0.297,0.315
64800,0.376,0.272,0.352
64900,0.382,0.269,0.349
65000,0.403,0.264,0.333
65100,0.425,0.249,0.326
65200,0.430,0.254,0.316
65300,0.425,0.264,0.311
65400,0.427,0.268,0.306
65500,0.457,0.243,0.300
65600,0.454,0.275,0.271
65700,0.444,0.272,0.284
65800,0.435,0.262,0.303
65900,0.423,0.275,0.302
66000,0.461,0.264,0.275
66100,0.455,0.277,0.268
66200,0.453,0.269,0.278
66300,0.458,0.258,0.284
66400,0.442,0.268,0.290
66500,0.405,0.282,0.313
66600,0.396,0.293,0.311
66700,0.401,0.294,0.305
66800,0.386,0.300,0.314
66900,0.361,0.306,0.334
67000,0.403,0.282,0.315
67100,0.397,0.290,0.313
67200,0.366,0.303,0.332
67300,0.349,0.319,0.332
67400,0.344,0.332,0.324
67500,0.322,0.366,0.311
67600,0.335,0.361,0.304
67700,0.310,0.366,0.325
67800,0.280,0.406,0.314
67900,0.271,0.393,0.335
68000,0.285,0.388,0.327
68100,0.304,0.362,0.334
68200,0.286,0.385,0.329
68300,0.307,0.364,0.328
68400,0.299,0.376,0.325
68500,0.297,0.382,0.321
68600,0.311,0.378,0.311
68700,0.303,0.382,0.315
68800,0.293,0.389,0.318
68900,0.337,0.353,0.310
69000,0.372,0.318,0.310
69100,0.363,0.340,0.297
69200,0.374,0.310,0.315
69300,0.386,0.290,0.324
69400,0.386,0.275,0.339
69500,0.370,0.297,0.333
69600,0.377,0.274,0.349
69700,0.396,0.254,0.350
69800,0.377,0.276,0.347
69900,0.354,0.279,0.367
70000,0.367,0.269,0.364
70100,0.368,0.250,0.381
70200,0.359,0.264,0.378
70300,0.331,0.304,0.364
70400,0.357,0.300,0.343
70500,0.355,0.285,0.360
70600,0.380,0.264,0.356
70700,0.351,0.292,0.357
70800,0.344,0.292,0.364
70900,0.350,0.287,0.363
71000,0.361,0.276,0.363
71100,0.341,0.274,0.386
71200,0.366,0.271,0.363
71300,0.364,0.284,0.352
71400,0.375,0.289,0.336
71500,0.365,0.272,0.363
71600,0.345,0.287,0.368
71700,0.340,0.293,0.367
71800,0.357,0.280,0.363
71900,0.386,0.269,0.345
72000,0.349,0.294,0.357
72100,0.328,0.313,0.359
72200,0.339,0.302,0.359
72300,0.346,0.310,0.345
72400,0.339,0.320,0.342
72500,0.349,0.314,0.337
72600,0.325,0.313,0.362
72700,0.324,0.307,0.368
72800,0.312,0.321,0.367
72900,0.314,0.342,0.344
73000,0.357,0.317,0.326
73100,0.413,0.279,0.307
73200,0.396,0.270,0.334
73300,0.410,0.268,0.321
73400,0.390,0.281,0.329
73500,0.376,0.288,0.336
73600,0.354,0.303,0.343
73700,0.334,0.314,0.353
73800,0.332,0.335,0.332
73900,0.324,0.330,0.346
74000,0.343,0.312,0.345
74100,0.396,0.276,0.328
74200,0.360,0.315,0.324
74300,0.385,0.293,0.322
74400,0.347,0.303,0.350
74500,0.384,0.273,0.343
74600,0.434,0.243,0.323
74700,0.424,0.247,0.329
74800,0.420,0.258,0.322
74900,0.435,0.254,0.311
75000,0.440,0.253,0.307
75100,0.452,0.235,0.313
75200,0.477,0.229,0.294
75300,0.524,0.212,0.264
75400,0.543,0.196,0.261
75500,0.501,0.209,0.290
75600,0.495,0.220,0.285
75700,0.482,0.233,0.285
75800,0.460,0.250,0.290
75900,0.440,0.240,0.320
76000,0.412,0.265,0.322
76100,0.399,0.282,0.319
76200,0.396,0.295,0.309
76300,0.374,0.268,0.358
76400,0.356,0.267,0.378
76500,0.380,0.260,0.360
76600,0.388,0.250,0.362
76700,0.358,0.290,0.352
76800,0.336,0.303,0.361
76900,0.336,0.299,0.365
77000,0.360,0.283,0.357
77100,0.379,0.266,0.355
77200,0.371,0.265,0.364
77300,0.395,0.261,0.345
77400,0.402,0.244,0.353
77500,0.395,0.269,0.336
77600,0.394,0.260,0.346
77700,0.376,0.253,0.371
77800,0.383,0.246,0.371
77900,0.416,0.218,0.366
78000,0.395,0.228,0.377
78100,0.381,0.237,0.381
78200,0.424,0.233,0.343
78300,0.395,0.264,0.341
78400,0.412,0.250,0.338
78500,0.416,0.253,0.331
78600,0.398,0.262,0.341
78700,0.423,0.247,0.331
78800,0.446,0.242,0.312
78900,0.436,0.254,0.310
79000,0.418,0.257,0.325
79100,0.386,0.244,0.370
79200,0.395,0.229,0.376
79300,0.380,0.237,0.383
79400,0.378,0.237,0.385
79500,0.378,0.250,0.372
79600,0.372,0.252,0.376
79700,0.360,0.260,0.380
79800,0.335,0.279,0.386
79900,0.359,0.271,0.371
80000,0.325,0.300,0.375
80100,0.354,0.290,0.356
80200,0.331,0.300,0.368
80300,0.334,0.281,0.386
80400,0.343,0.272,0.385
80500,0.339,0.282,0.378
80600,0.360,0.277,0.363
80700,0.352,0.279,0.369
80800,0.322,0.297,0.381
80900,0.332,0.297,0.371
81000,0.308,0.289,0.403
81100,0.329,0.270,0.401
81200,0.315,0.252,0.433
81300,0.330,0.278,0.392
81400,0.260,0.339,0.402
81500,0.282,0.303,0.414
81600,0.273,0.339,0.388
81700,0.249,0.360,0.391
81800,0.244,0.363,0.393
81900,0.247,0.368,0.385
82000,0.240,0.384,0.376
82100,0.242,0.394,0.364
82200,0.242,0.377,0.381
82300,0.237,0.391,0.371
82400,0.231,0.423,0.346
82500,0.212,0.423,0.364
82600,0.209,0.435,0.356
82700,0.197,0.455,0.347
82800,0.224,0.420,0.357
82900,0.185,0.480,0.335
83000,0.179,0.457,0.364
83100,0.180,0.469,0.350
83200,0.194,0.435,0.371
83300,0.181,0.456,0.363
83400,0.228,0.474,0.297
83500,0.220,0.483,0.297
83600,0.202,0.506,0.292
83700,0.177,0.503,0.320
83800,0.192,0.497,0.311
83900,0.200,0.485,0.315
84000,0.221,0.456,0.322
84100,0.220,0.463,0.317
84200,0.218,0.446,0.335
84300,0.228,0.452,0.320
84400,0.245,0.412,0.343
84500,0.245,0.437,0.318
84600,0.223,0.453,0.324
84700,0.215,0.457,0.328
84800,0.206,0.459,0.335
84900,0.185,0.470,0.345
85000,0.189,0.502,0.308
85100,0.178,0.515,0.307
85200,0.173,0.524,0.302
85300,0.169,0.513,0.318
85400,0.195,0.513,0.292
85500,0.177,0.534,0.289
85600,0.170,0.535,0.295
85700,0.164,0.531,0.305
85800,0.204,0.494,0.303
85900,0.195,0.480,0.325
86000,0.205,0.470,0.325
86100,0.203,0.498,0.300
86200,0.197,0.495,0.308
86300,0.194,0.516,0.289
86400,0.171,0.526,0.303
86500,0.172,0.488,0.339
86600,0.176,0.523,0.301
86700,0.169,0.503,0.328
86800,0.175,0.473,0.352
86900,0.185,0.441,0.374
87000,0.185,0.468,0.347
87100,0.197,0.459,0.344
87200,0.203,0.467,0.331
87300,0.174,0.499,0.327
87400,0.194,0.488,0.318
87500,0.221,0.445,0.335
87600,0.251,0.427,0.322
87700,0.234,0.431,0.335
87800,0.212,0.473,0.314
87900,0.187,0.503,0.310
88000,0.187,0.491,0.322
88100,0.237,0.451,0.313
88200,0.221,0.455,0.324
88300,0.220,0.423,0.357
88400,0.214,0.450,0.336
88500,0.255,0.422,0.323
88600,0.254,0.408,0.338
88700,0.267,0.402,0.331
88800,0.260,0.418,0.322
88900,0.264,0.439,0.296
89000,0.248,0.443,0.309
89100,0.228,0.412,0.360
89200,0.205,0.440,0.355
89300,0.257,0.425,0.317
89400,0.239,0.417,0.344
89500,0.232,0.429,0.339
89600,0.240,0.395,0.366
89700,0.242,0.408,0.350
89800,0.224,0.420,0.356
89900,0.265,0.392,0.343
90000,0.249,0.395,0.356
90100,0.243,0.373,0.384
90200,0.257,0.364,0.380
90300,0.290,0.360,0.350
90400,0.268,0.383,0.349
90500,0.287,0.351,0.362
90600,0.306,0.329,0.364
90700,0.324,0.334,0.342
90800,0.356,0.301,0.343
90900,0.345,0.292,0.364
91000,0.367,0.263,0.370
91100,0.350,0.281,0.370
91200,0.353,0.279,0.368
91300,0.366,0.261,0.373
91400,0.378,0.256,0.366
91500,0.360,0.290,0.349
91600,0.332,0.297,0.371
91700,0.331,0.317,0.352
91800,0.312,0.334,0.354
91900,0.311,0.328,0.361
92000,0.279,0.324,0.398
92100,0.287,0.327,0.386
92200,0.290,0.317,0.393
92300,0.297,0.336,0.367
92400,0.322,0.313,0.365
92500,0.337,0.300,0.363
92600,0.321,0.326,0.353
92700,0.286,0.372,0.342
92800,0.287,0.353,0.360
92900,0.299,0.334,0.367
93000,0.294,0.371,0.335
93100,0.280,0.380,0.340
93200,0.308,0.348,0.344
93300,0.311,0.349,0.340
93400,0.358,0.325,0.317
93500,0.339,0.339,0.321
93600,0.312,0.383,0.305
93700,0.334,0.371,0.295
93800,0.374,0.343,0.282
93900,0.357,0.355,0.288
94000,0.405,0.318,0.278
94100,0.393,0.309,0.298
94200,0.413,0.292,0.295
94300,0.414,0.285,0.302
94400,0.400,0.289,0.311
94500,0.425,0.262,0.313
94600,0.403,0.278,0.319
94700,0.403,0.268,0.329
94800,0.387,0.280,0.333
94900,0.381,0.285,0.334
95000,0.361,0.282,0.357
95100,0.349,0.302,0.349
95200,0.387,0.276,0.336
95300,0.424,0.251,0.325
95400,0.427,0.252,0.321
95500,0.443,0.241,0.316
95600,0.444,0.251,0.304
95700,0.442,0.269,0.289
95800,0.398,0.299,0.303
95900,0.369,0.307,0.324
96000,0.364,0.342,0.295
96100,0.363,0.326,0.311
96200,0.354,0.318,0.327
96300,0.353,0.323,0.324
96400,0.395,0.303,0.303
96500,0.352,0.315,0.332
96600,0.388,0.306,0.306
96700,0.345,0.356,0.300
96800,0.354,0.352,0.295
96900,0.354,0.342,0.304
97000,0.338,0.349,0.314
97100,0.345,0.320,0.336
97200,0.378,0.300,0.322
97300,0.369,0.300,0.331
97400,0.357,0.292,0.351
97500,0.350,0.299,0.351
97600,0.399,0.260,0.341
97700,0.379,0.271,0.350
97800,0.397,0.264,0.339
97900,0.398,0.281,0.322
98000,0.413,0.269,0.318
98100,0.378,0.273,0.349
98200,0.368,0.272,0.360
98300,0.359,0.267,0.374
98400,0.366,0.260,0.375
98500,0.364,0.265,0.371
98600,0.363,0.249,0.389
98700,0.373,0.264,0.363
98800,0.382,0.269,0.349
98900,0.350,0.302,0.348
99000,0.344,0.295,0.361
99100,0.352,0.317,0.331
99200,0.346,0.305,0.349
99300,0.321,0.329,0.350
99400,0.340,0.317,0.343
99500,0.343,0.315,0.342
99600,0.333,0.333,0.334
99700,0.317,0.355,0.328
99800,0.331,0.331,0.339
99900,0.303,0.358,0.339
100000,0.337,0.336,0.327
