time,n_A+p,n_B,n_AB
0,0.450,0.550,0.000
500,0.250,0.333,0.417
1000,0.246,0.272,0.482
1500,0.220,0.251,0.529
2000,0.283,0.169,0.548
2500,0.364,0.136,0.500
3000,0.456,0.100,0.444
3500,0.570,0.080,0.350
4000,0.650,0.064,0.286
4500,0.687,0.052,0.261
5000,0.700,0.040,0.260
5500,0.803,0.036,0.161
6000,0.831,0.030,0.139
6500,0.823,0.026,0.151
7000,0.851,0.023,0.126
7500,0.854,0.021,0.125
8000,0.893,0.019,0.088
8500,0.899,0.017,0.084
9000,0.912,0.016,0.072
9500,0.927,0.016,0.057
10000,0.931,0.015,0.054
10500,0.946,0.014,0.040
11000,0.951,0.013,0.036
11500,0.953,0.012,0.034
12000,0.944,0.012,0.045
12500,0.954,0.010,0.036
13000,0.963,0.010,0.026
13500,0.968,0.009,0.023
14000,0.974,0.009,0.017
14500,0.976,0.009,0.015
15000,0.976,0.009,0.015
15500,0.969,0.008,0.023
16000,0.975,0.008,0.017
16500,0.978,0.008,0.015
17000,0.970,0.006,0.023
17500,0.980,0.006,0.013
18000,0.982,0.006,0.012
18500,0.976,0.006,0.018
19000,0.957,0.005,0.038
19500,0.963,0.005,0.032
20000,0.973,0.005,0.022
20500,0.976,0.005,0.020
21000,0.982,0.004,0.014
21500,0.984,0.004,0.012
22000,0.985,0.003,0.012
22500,0.986,0.003,0.010
23000,0.987,0.003,0.010
23500,0.988,0.003,0.009
24000,0.988,0.003,0.008
24500,0.990,0.003,0.006
25000,0.991,0.003,0.006
25500,0.991,0.003,0.005
26000,0.991,0.003,0.005
26500,0.994,0.003,0.003
27000,0.994,0.003,0.002
27500,0.995,0.003,0.001
28000,0.995,0.003,0.001
28500,0.995,0.003,0.001
29000,0.995,0.003,0.001
29500,0.995,0.003,0.001
30000,0.996,0.003,0.001
30500,0.996,0.003,0.001
31000,0.996,0.002,0.002
31500,0.997,0.002,0.001
32000,0.997,0.002,0.001
32500,0.997,0.002,0.001
33000,0.997,0.002,0.001
33500,0.997,0.002,0.001
34000,0.997,0.002,0.001
34500,0.997,0.002,0.001
35000,0.997,0.002,0.001
35500,0.997,0.002,0.001
36000,0.997,0.002,0.001
36500,0.996,0.002,0.002
37000,0.996,0.002,0.002
37500,0.997,0.002,0.002
38000,0.997,0.002,0.002
38500,0.997,0.002,0.002
39000,0.997,0.002,0.002
39500,0.997,0.002,0.002
40000,0.997,0.002,0.002
40500,0.997,0.002,0.002
41000,0.997,0.002,0.002
41500,0.997,0.002,0.002
42000,0.997,0.002,0.001
42500,0.997,0.002,0.001
43000,0.997,0.002,0.001
43500,0.997,0.002,0.001
44000,0.997,0.002,0.001
44500,0.997,0.002,0.001
45000,0.997,0.002,0.001
45500,0.997,0.002,0.001
46000,0.998,0.002,0.001
46500,0.998,0.002,0.001
47000,0.998,0.002,0.001
47500,0.998,0.002,0.001
48000,0.998,0.002,0.001
48500,0.998,0.002,0.001
49000,0.998,0.002,0.001
49500,0.998,0.002,0.001
50000,0.998,0.002,0.001
50500,0.998,0.002,0.001
51000,0.998,0.002,0.001
51500,0.998,0.002,0.001
52000,0.998,0.002,0.001
52500,0.998,0.002,0.001
53000,0.998,0.002,0.001
53500,0.998,0.002,0.001
54000,0.998,0.002,0.001
54500,0.998,0.002,0.001
55000,0.998,0.002,0.001
55500,0.998,0.002,0.001
56000,0.998,0.002,0.001
56500,0.998,0.002,0.001
57000,0.998,0.002,0.001
57500,0.998,0.002,0.001
58000,0.998,0.002,0.001
58500,0.998,0.002,0.001
59000,0.998,0.002,0.001
59500,0.998,0.002,0.001
60000,0.998,0.002,0.001
60500,0.998,0.002,0.001
61000,0.998,0.002,0.001
61500,0.998,0.002,0.001
62000,0.998,0.002,0.001
62500,0.998,0.002,0.001
63000,0.998,0.002,0.001
63500,0.998,0.002,0.001
64000,0.998,0.002,0.000
64500,0.998,0.002,0.000
65000,0.998,0.002,0.000
65500,0.998,0.001,0.001
66000,0.999,0.001,0.000
66500,0.999,0.001,0.000
67000,0.999,0.001,0.000
67500,0.999,0.001,0.000
68000,0.999,0.001,0.000
68500,0.999,0.001,0.000
69000,0.999,0.001,0.000
69500,0.999,0.001,0.000
70000,0.999,0.001,0.000
70500,0.999,0.001,0.000
71000,0.999,0.001,0.000
71500,0.999,0.001,0.000
72000,0.999,0.001,0.000
72500,0.999,0.001,0.000
73000,0.999,0.001,0.000
73500,0.999,0.001,0.000
74000,0.999,0.001,0.000
74500,0.999,0.001,0.000
75000,0.999,0.001,0.000
75500,0.999,0.001,0.000
76000,0.999,0.001,0.000
76500,0.999,0.001,0.000
77000,0.999,0.001,0.000
77500,0.999,0.001,0.000
78000,0.999,0.001,0.000
78500,0.999,0.001,0.000
79000,0.999,0.001,0.000
79500,0.999,0.001,0.000
80000,0.999,0.001,0.000
80500,0.999,0.001,0.000
81000,0.999,0.001,0.000
81500,0.999,0.001,0.000
82000,0.999,0.001,0.000
82500,0.999,0.001,0.000
83000,0.999,0.001,0.000
83500,0.999,0.001,0.000
84000,0.999,0.001,0.000
84500,0.999,0.001,0.000
85000,0.999,0.001,0.000
85500,0.999,0.001,0.000
86000,0.999,0.001,0.000
86500,0.999,0.001,0.000
87000,0.999,0.001,0.000
87500,0.999,0.001,0.000
88000,0.999,0.001,0.000
88500,0.999,0.001,0.000
89000,0.999,0.001,0.000
89500,0.999,0.001,0.000
90000,0.999,0.001,0.000
90500,0.999,0.001,0.000
91000,0.999,0.001,0.000
91500,0.999,0.001,0.000
92000,0.999,0.001,0.000
92500,0.999,0.001,0.000
93000,0.999,0.001,0.000
93500,0.999,0.001,0.000
94000,0.999,0.001,0.000
94500,0.999,0.001,0.000
95000,0.999,0.001,0.000
95500,0.999,0.001,0.000
96000,0.999,0.001,0.000
96500,0.999,0.001,0.000
97000,0.999,0.001,0.000
97500,0.999,0.001,0.000
98000,0.999,0.001,0.000
98500,0.999,0.001,0.000
99000,0.999,0.001,0.000
99500,0.999,0.001,0.000
100000,0.999,0.001,0.000
100500,0.999,0.001,0.000
101000,0.999,0.001,0.000
101500,0.999,0.001,0.000
102000,0.999,0.001,0.000
102500,0.999,0.001,0.000
103000,0.999,0.001,0.000
103500,0.999,0.001,0.000
104000,0.999,0.001,0.000
104500,0.999,0.001,0.000
105000,0.999,0.001,0.000
105500,0.999,0.001,0.000
106000,0.999,0.001,0.000
106500,0.999,0.001,0.000
107000,0.999,0.001,0.000
107500,0.999,0.001,0.000
108000,0.999,0.001,0.000
108500,0.999,0.001,0.000
109000,0.999,0.001,0.000
109500,0.999,0.001,0.000
110000,0.999,0.001,0.000
110500,0.999,0.001,0.000
111000,0.999,0.001,0.000
111500,0.999,0.001,0.000
112000,0.999,0.001,0.000
112500,0.999,0.001,0.000
113000,0.999,0.001,0.000
113500,0.999,0.001,0.000
114000,0.999,0.001,0.000
114500,0.999,0.001,0.000
115000,0.999,0.001,0.000
115500,0.999,0.001,0.000
116000,0.999,0.001,0.000
116500,0.999,0.001,0.000
117000,0.999,0.001,0.000
117500,0.999,0.001,0.000
118000,0.999,0.001,0.000
118500,0.999,0.001,0.000
119000,0.999,0.001,0.000
119500,0.999,0.001,0.000
120000,0.999,0.001,0.000
120500,0.999,0.001,0.000
121000,0.999,0.001,0.000
121500,0.999,0.001,0.000
122000,0.999,0.001,0.000
122500,0.999,0.001,0.000
123000,0.999,0.001,0.000
123500,0.999,0.001,0.000
124000,0.999,0.001,0.000
124500,0.999,0.001,0.000
125000,0.999,0.001,0.000
125500,0.999,0.001,0.000
126000,0.999,0.001,0.000
126500,0.999,0.001,0.000
127000,0.999,0.001,0.000
127500,0.999,0.001,0.000
128000,0.999,0.001,0.000
128500,0.999,0.001,0.000
129000,0.999,0.001,0.000
129500,0.999,0.001,0.000
130000,0.999,0.001,0.000
130500,0.999,0.001,0.000
131000,0.999,0.001,0.000
131500,0.999,0.001,0.000
132000,0.999,0.001,0.000
132500,0.999,0.001,0.000
133000,0.999,0.001,0.000
133500,0.999,0.001,0.000
134000,0.999,0.001,0.000
134500,0.999,0.001,0.000
135000,0.999,0.001,0.000
135500,0.999,0.001,0.000
136000,0.999,0.001,0.000
136500,0.999,0.001,0.000
137000,0.999,0.001,0.000
137500,0.999,0.001,0.000
138000,0.999,0.001,0.000
138500,0.999,0.001,0.000
139000,0.999,0.001,0.000
139500,0.999,0.001,0.000
140000,0.999,0.001,0.000
140500,0.999,0.001,0.000
141000,0.999,0.001,0.000
141500,0.999,0.001,0.000
142000,0.999,0.001,0.000
142500,0.999,0.001,0.000
143000,0.999,0.001,0.000
143500,0.999,0.001,0.000
144000,0.999,0.001,0.000
144500,0.999,0.001,0.000
145000,0.999,0.001,0.000
145500,0.999,0.001,0.000
146000,0.999,0.001,0.000
146500,0.999,0.001,0.000
147000,0.999,0.001,0.000
147500,0.999,0.001,0.000
148000,0.999,0.001,0.000
148500,0.999,0.001,0.000
149000,0.999,0.001,0.000
149500,0.999,0.001,0.000
150000,0.999,0.001,0.000
150500,0.999,0.001,0.000
151000,0.999,0.001,0.000
151500,0.999,0.001,0.000
152000,0.999,0.001,0.000
152500,0.999,0.001,0.000
153000,0.999,0.001,0.000
153500,0.999,0.001,0.000
154000,0.999,0.001,0.000
154500,0.999,0.001,0.000
155000,0.999,0.001,0.000
155500,0.999,0.001,0.000
156000,0.999,0.001,0.000
156500,0.999,0.001,0.000
157000,0.999,0.001,0.000
157500,0.999,0.001,0.000
158000,0.999,0.001,0.000
158500,0.999,0.001,0.000
159000,0.999,0.001,0.000
159500,0.999,0.001,0.000
160000,0.999,0.001,0.000
160500,0.999,0.001,0.000
161000,0.999,0.001,0.000
161500,0.999,0.001,0.000
162000,0.999,0.001,0.001
162500,0.999,0.001,0.001
163000,0.999,0.001,0.001
163500,0.999,0.001,0.001
164000,0.999,0.001,0.001
164500,0.999,0.001,0.001
165000,0.999,0.001,0.001
165500,0.999,0.001,0.001
166000,0.999,0.001,0.001
166500,0.999,0.001,0.001
167000,0.999,0.001,0.001
167500,0.999,0.001,0.001
168000,0.999,0.001,0.001
168500,0.999,0.001,0.001
169000,0.999,0.001,0.001
169500,0.999,0.001,0.001
170000,0.999,0.001,0.001
170500,0.999,0.001,0.001
171000,0.999,0.001,0.001
171500,0.999,0.001,0.001
172000,0.999,0.001,0.001
172500,0.999,0.001,0.001
173000,0.999,0.001,0.001
173500,0.999,0.001,0.001
174000,0.999,0.001,0.001
174500,0.999,0.001,0.001
175000,0.999,0.001,0.001
175500,0.999,0.001,0.001
176000,0.999,0.001,0.001
176500,0.999,0.001,0.001
177000,0.999,0.001,0.001
177500,0.999,0.001,0.001
178000,0.999,0.001,0.001
178500,0.999,0.001,0.001
179000,0.999,0.001,0.001
179500,0.999,0.001,0.001
180000,0.999,0.001,0.001
180500,0.999,0.001,0.001
181000,0.999,0.001,0.001
181500,0.999,0.001,0.001
182000,0.999,0.001,0.001
182500,0.999,0.001,0.001
183000,0.999,0.001,0.001
183500,0.999,0.001,0.001
184000,0.999,0.001,0.001
184500,0.999,0.001,0.001
185000,0.999,0.001,0.001
185500,0.999,0.001,0.001
186000,0.999,0.001,0.001
186500,0.999,0.001,0.001
187000,0.999,0.001,0.001
187500,0.999,0.001,0.001
188000,0.999,0.001,0.001
188500,0.999,0.001,0.001
189000,0.999,0.001,0.001
189500,0.999,0.001,0.001
190000,0.999,0.001,0.001
190500,0.999,0.001,0.001
191000,0.999,0.001,0.001
191500,0.999,0.001,0.001
192000,0.999,0.001,0.001
192500,0.999,0.001,0.001
193000,0.999,0.001,0.001
193500,0.999,0.001,0.001
194000,0.999,0.001,0.001
194500,0.999,0.001,0.001
195000,0.999,0.001,0.001
195500,0.999,0.001,0.001
196000,0.999,0.001,0.001
196500,0.999,0.001,0.001
197000,0.999,0.001,0.001
197500,0.999,0.001,0.001
198000,0.999,0.001,0.001
198500,0.999,0.001,0.001
199000,0.999,0.001,0.001
199500,0.999,0.001,0.001
200000,0.999,0.001,0.001
200500,0.999,0.001,0.001
201000,0.999,0.001,0.001
201500,0.999,0.001,0.001
202000,0.999,0.001,0.001
202500,0.999,0.001,0.001
203000,0.999,0.001,0.001
203500,0.999,0.001,0.001
204000,0.999,0.001,0.001
204500,0.999,0.001,0.001
205000,0.999,0.001,0.001
205500,0.999,0.001,0.001
206000,0.999,0.001,0.001
206500,0.999,0.001,0.001
207000,0.999,0.001,0.001
207500,0.999,0.001,0.001
208000,0.999,0.001,0.001
208500,0.999,0.001,0.001
209000,0.999,0.001,0.001
209500,0.999,0.001,0.001
210000,0.999,0.001,0.001
210500,0.999,0.001,0.001
211000,0.999,0.001,0.001
211500,0.999,0.001,0.001
212000,0.999,0.001,0.001
212500,0.999,0.001,0.001
213000,0.999,0.001,0.001
213500,0.999,0.001,0.001
214000,0.999,0.001,0.001
214500,0.999,0.001,0.001
215000,0.999,0.001,0.001
215500,0.999,0.001,0.001
216000,0.999,0.001,0.001
216500,0.999,0.001,0.001
217000,0.999,0.001,0.001
217500,0.999,0.001,0.001
218000,0.999,0.001,0.001
218500,0.999,0.001,0.001
219000,0.999,0.001,0.001
219500,0.999,0.001,0.001
220000,0.999,0.001,0.001
220500,0.999,0.001,0.001
221000,0.999,0.001,0.001
221500,0.999,0.001,0.001
222000,0.999,0.001,0.001
222500,0.999,0.001,0.001
223000,0.999,0.001,0.001
223500,0.999,0.001,0.001
224000,0.999,0.001,0.001
224500,0.999,0.001,0.001
225000,0.999,0.001,0.001
225500,0.999,0.001,0.001
226000,0.999,0.001,0.001
226500,0.999,0.001,0.001
227000,0.999,0.001,0.001
227500,0.999,0.001,0.001
228000,0.999,0.001,0.001
228500,0.999,0.001,0.001
229000,0.999,0.001,0.001
229500,0.999,0.001,0.001
230000,0.999,0.001,0.001
230500,0.999,0.001,0.001
231000,0.999,0.001,0.001
231500,0.999,0.001,0.001
232000,0.999,0.001,0.001
232500,0.999,0.001,0.001
233000,0.999,0.001,0.001
233500,0.999,0.001,0.001
234000,0.999,0.001,0.001
234500,0.999,0.001,0.001
235000,0.999,0.001,0.001
235500,0.999,0.001,0.001
236000,0.999,0.001,0.001
236500,0.999,0.001,0.001
237000,0.999,0.001,0.001
237500,0.999,0.001,0.001
238000,0.999,0.001,0.001
238500,0.999,0.001,0.001
239000,0.999,0.001,0.001
239500,0.999,0.001,0.001
240000,0.999,0.001,0.001
240500,0.999,0.001,0.001
241000,0.999,0.001,0.001
241500,0.999,0.001,0.001
242000,0.999,0.001,0.001
242500,0.999,0.001,0.001
243000,0.999,0.001,0.001
243500,0.999,0.001,0.001
244000,0.999,0.001,0.001
244500,0.999,0.001,0.001
245000,0.999,0.001,0.001
245500,0.999,0.001,0.001
246000,0.999,0.001,0.001
246500,0.999,0.001,0.001
247000,0.999,0.001,0.001
247500,0.999,0.001,0.001
248000,0.999,0.001,0.001
248500,0.999,0.001,0.001
249000,0.999,0.001,0.001
249500,0.999,0.001,0.001
250000,0.999,0.001,0.001
250500,0.999,0.001,0.001
251000,0.999,0.001,0.001
251500,0.999,0.001,0.001
252000,0.999,0.001,0.001
252500,0.999,0.001,0.001
253000,0.999,0.001,0.001
253500,0.999,0.001,0.001
254000,0.999,0.001,0.001
254500,0.999,0.001,0.001
255000,0.999,0.001,0.001
255500,0.999,0.001,0.001
256000,0.999,0.001,0.001
256500,0.999,0.001,0.001
257000,0.999,0.001,0.001
257500,0.999,0.001,0.001
258000,0.999,0.001,0.001
258500,0.999,0.001,0.001
259000,0.999,0.001,0.001
259500,0.999,0.001,0.001
260000,0.999,0.001,0.001
260500,0.999,0.001,0.001
261000,0.999,0.001,0.001
261500,0.999,0.001,0.001
262000,0.999,0.001,0.001
262500,0.999,0.001,0.001
263000,0.999,0.001,0.001
263500,0.999,0.001,0.001
264000,0.999,0.001,0.001
264500,0.999,0.001,0.001
265000,0.999,0.001,0.001
265500,0.999,0.001,0.001
266000,0.999,0.001,0.001
266500,0.999,0.001,0.001
267000,0.999,0.001,0.001
267500,0.999,0.001,0.001
268000,0.999,0.001,0.001
268500,0.999,0.001,0.001
269000,0.999,0.001,0.001
269500,0.999,0.001,0.001
270000,0.999,0.001,0.001
270500,0.999,0.001,0.001
271000,0.999,0.001,0.001
271500,0.999,0.001,0.001
272000,0.999,0.001,0.001
272500,0.999,0.001,0.001
273000,0.999,0.001,0.001
273500,0.999,0.001,0.001
274000,0.999,0.001,0.001
274500,0.999,0.001,0.001
275000,0.999,0.001,0.001
275500,0.999,0.001,0.001
276000,0.999,0.001,0.001
276500,0.999,0.001,0.001
277000,0.999,0.001,0.001
277500,0.999,0.001,0.001
278000,0.999,0.001,0.001
278500,0.999,0.001,0.001
279000,0.999,0.001,0.001
279500,0.999,0.001,0.001
280000,0.999,0.001,0.001
280500,0.999,0.001,0.001
281000,0.999,0.001,0.001
281500,0.999,0.001,0.001
282000,0.999,0.001,0.001
282500,0.999,0.001,0.001
283000,0.999,0.001,0.001
283500,0.999,0.001,0.001
284000,0.999,0.001,0.001
284500,0.999,0.001,0.001
285000,0.999,0.001,0.001
285500,0.999,0.001,0.001
286000,0.999,0.001,0.001
286500,0.999,0.001,0.001
287000,0.999,0.001,0.001
287500,0.999,0.001,0.001
288000,0.999,0.001,0.001
288500,0.999,0.001,0.001
289000,0.999,0.001,0.001
289500,0.999,0.001,0.001
290000,0.999,0.001,0.001
290500,0.999,0.001,0.001
291000,0.999,0.001,0.001
291500,0.999,0.001,0.001
292000,0.999,0.001,0.001
292500,0.999,0.001,0.001
293000,0.999,0.001,0.001
293500,0.999,0.001,0.001
294000,0.999,0.001,0.001
294500,0.999,0.001,0.001
295000,0.999,0.001,0.001
295500,0.999,0.001,0.001
296000,0.999,0.001,0.001
296500,0.999,0.001,0.001
297000,0.999,0.001,0.001
297500,0.999,0.001,0.001
298000,0.999,0.001,0.001
298500,0.999,0.001,0.001
299000,0.999,0.001,0.001
299500,0.999,0.001,0.001
300000,0.999,0.001,0.001
300500,0.999,0.001,0.001
301000,0.999,0.001,0.001
301500,0.999,0.001,0.001
302000,0.999,0.001,0.001
302500,0.999,0.001,0.001
303000,0.999,0.001,0.001
303500,0.999,0.001,0.001
304000,0.999,0.001,0.001
304500,0.999,0.001,0.001
305000,0.999,0.001,0.001
305500,0.999,0.001,0.001
306000,0.999,0.001,0.001
306500,0.999,0.001,0.001
307000,0.999,0.001,0.001
307500,0.999,0.001,0.001
308000,0.999,0.001,0.001
308500,0.999,0.001,0.001
309000,0.999,0.001,0.001
309500,0.999,0.001,0.001
310000,0.999,0.001,0.001
310500,0.999,0.001,0.001
311000,0.999,0.001,0.001
311500,0.999,0.001,0.001
312000,0.999,0.001,0.001
312500,0.999,0.001,0.001
313000,0.999,0.001,0.001
313500,0.999,0.001,0.001
314000,0.999,0.001,0.001
314500,0.999,0.001,0.001
315000,0.999,0.001,0.001
315500,0.999,0.001,0.001
316000,0.999,0.001,0.001
316500,0.999,0.001,0.001
317000,0.999,0.001,0.001
317500,0.999,0.001,0.001
318000,0.999,0.001,0.001
318500,0.999,0.001,0.001
319000,0.999,0.001,0.001
319500,0.999,0.001,0.001
320000,0.999,0.001,0.001
320500,0.999,0.001,0.001
321000,0.999,0.001,0.001
321500,0.999,0.001,0.001
322000,0.999,0.001,0.001
322500,0.999,0.001,0.001
323000,0.999,0.001,0.001
323500,0.999,0.001,0.001
324000,0.999,0.001,0.001
324500,0.999,0.001,0.001
325000,0.999,0.001,0.001
325500,0.999,0.001,0.001
326000,0.999,0.001,0.001
326500,0.999,0.001,0.001
327000,0.999,0.001,0.001
327500,0.999,0.001,0.001
328000,0.999,0.001,0.001
328500,0.999,0.001,0.001
329000,0.999,0.001,0.001
329500,0.999,0.001,0.001
330000,0.999,0.001,0.001
330500,0.999,0.001,0.001
331000,0.999,0.001,0.001
331500,0.999,0.001,0.001
332000,0.999,0.001,0.001
332500,0.999,0.001,0.001
333000,0.999,0.001,0.001
333500,0.999,0.001,0.001
334000,0.999,0.001,0.001
334500,0.999,0.001,0.001
335000,0.999,0.001,0.001
335500,0.999,0.001,0.001
336000,0.999,0.001,0.001
336500,0.999,0.001,0.001
337000,0.999,0.001,0.001
337500,0.999,0.001,0.001
338000,0.999,0.001,0.001
338500,0.999,0.001,0.001
339000,0.999,0.001,0.001
339500,0.999,0.001,0.001
340000,0.999,0.001,0.001
340500,0.999,0.001,0.001
341000,0.999,0.001,0.001
341500,0.999,0.001,0.001
342000,0.999,0.001,0.001
342500,0.999,0.001,0.001
343000,0.999,0.001,0.001
343500,0.999,0.001,0.001
344000,0.999,0.001,0.001
344500,0.999,0.001,0.001
345000,0.999,0.001,0.001
345500,0.999,0.001,0.001
346000,0.999,0.001,0.001
346500,0.999,0.001,0.001
347000,0.999,0.001,0.001
347500,0.999,0.001,0.001
348000,0.999,0.001,0.001
348500,0.999,0.001,0.001
349000,0.999,0.001,0.001
349500,0.999,0.001,0.001
350000,0.999,0.001,0.001
350500,0.999,0.001,0.001
351000,0.999,0.001,0.001
351500,0.999,0.001,0.001
352000,0.999,0.001,0.001
352500,0.999,0.001,0.001
353000,0.999,0.001,0.001
353500,0.999,0.001,0.001
354000,0.999,0.001,0.001
354500,0.999,0.001,0.001
355000,0.999,0.001,0.001
355500,0.999,0.001,0.001
356000,0.999,0.001,0.001
356500,0.999,0.001,0.001
357000,0.999,0.001,0.001
357500,0.999,0.001,0.001
358000,0.999,0.001,0.001
358500,0.999,0.001,0.001
359000,0.999,0.001,0.001
359500,0.999,0.001,0.001
360000,0.999,0.001,0.001
360500,0.999,0.001,0.001
361000,0.999,0.001,0.001
361500,0.999,0.001,0.001
362000,0.999,0.001,0.001
362500,0.999,0.001,0.001
363000,0.999,0.001,0.001
363500,0.999,0.001,0.001
364000,0.999,0.001,0.001
364500,0.999,0.001,0.001
365000,0.999,0.001,0.000
365500,0.999,0.001,0.000
366000,0.999,0.001,0.000
366500,0.999,0.001,0.000
367000,0.999,0.001,0.000
367500,0.999,0.001,0.000
368000,0.999,0.001,0.000
368500,0.999,0.001,0.000
369000,0.999,0.001,0.000
369500,0.999,0.001,0.000
370000,0.999,0.001,0.000
370500,0.999,0.001,0.000
371000,0.999,0.001,0.000
371500,0.999,0.001,0.000
372000,0.999,0.001,0.000
372500,0.999,0.001,0.000
373000,0.999,0.001,0.000
373500,0.999,0.001,0.000
374000,0.999,0.001,0.000
374500,0.999,0.001,0.000
375000,0.999,0.001,0.000
375500,0.999,0.001,0.000
376000,0.999,0.001,0.000
376500,0.999,0.001,0.000
377000,0.999,0.001,0.000
377500,0.999,0.001,0.000
378000,0.999,0.001,0.000
378500,0.999,0.001,0.000
379000,0.999,0.001,0.000
379500,0.999,0.001,0.000
380000,0.999,0.001,0.000
380500,0.999,0.001,0.000
381000,0.999,0.001,0.000
381500,0.999,0.001,0.000
382000,0.999,0.001,0.000
382500,0.999,0.001,0.000
383000,0.999,0.001,0.000
383500,0.999,0.001,0.000
384000,0.999,0.001,0.000
384500,0.999,0.001,0.000
385000,0.999,0.001,0.000
385500,0.999,0.001,0.000
386000,0.999,0.001,0.000
386500,0.999,0.001,0.000
387000,0.999,0.001,0.000
387500,0.999,0.001,0.000
388000,0.999,0.001,0.000
388500,0.999,0.001,0.000
389000,0.999,0.001,0.000
389500,0.999,0.001,0.000
390000,0.999,0.001,0.000
390500,0.999,0.001,0.000
391000,0.999,0.001,0.000
391500,0.999,0.001,0.000
392000,0.999,0.001,0.000
392500,0.999,0.001,0.000
393000,0.999,0.001,0.000
393500,0.999,0.001,0.000
394000,0.999,0.001,0.000
394500,0.999,0.001,0.000
395000,0.999,0.001,0.000
395500,0.999,0.001,0.000
396000,0.999,0.001,0.000
396500,0.999,0.001,0.000
397000,0.999,0.001,0.000
397500,0.999,0.001,0.000
398000,0.999,0.001,0.000
398500,0.999,0.001,0.000
399000,0.999,0.001,0.000
399500,0.999,0.001,0.000
400000,0.999,0.001,0.000
400500,0.999,0.001,0.000
401000,0.999,0.001,0.000
401500,0.999,0.001,0.000
402000,0.999,0.001,0.000
402500,0.999,0.001,0.000
403000,0.999,0.001,0.000
403500,0.999,0.001,0.000
404000,0.999,0.001,0.000
404500,0.999,0.001,0.000
405000,0.999,0.001,0.000
405500,0.999,0.001,0.000
406000,0.999,0.001,0.000
406500,0.999,0.001,0.000
407000,0.999,0.001,0.000
407500,0.999,0.001,0.000
408000,0.999,0.001,0.000
408500,0.999,0.001,0.000
409000,0.999,0.001,0.000
409500,0.999,0.001,0.000
410000,0.999,0.001,0.000
410500,0.999,0.001,0.000
411000,0.999,0.001,0.000
411500,0.999,0.001,0.000
412000,0.999,0.001,0.000
412500,0.999,0.001,0.000
413000,0.999,0.001,0.000
413500,0.999,0.001,0.000
414000,0.999,0.001,0.000
414500,0.999,0.001,0.000
415000,0.999,0.001,0.000
415500,0.999,0.001,0.000
416000,0.999,0.001,0.000
416500,0.999,0.001,0.000
417000,0.999,0.001,0.000
417500,0.999,0.001,0.000
418000,0.999,0.001,0.000
418500,0.999,0.001,0.000
419000,0.999,0.001,0.000
419500,0.999,0.001,0.000
420000,0.999,0.001,0.000
420500,0.999,0.001,0.000
421000,0.999,0.001,0.000
421500,0.999,0.001,0.000
422000,0.999,0.001,0.000
422500,0.999,0.001,0.000
423000,0.999,0.001,0.000
423500,0.999,0.001,0.000
424000,0.999,0.001,0.000
424500,0.999,0.001,0.000
425000,0.999,0.001,0.000
425500,0.999,0.001,0.000
426000,0.999,0.001,0.000
426500,0.999,0.001,0.000
427000,0.999,0.001,0.000
427500,0.999,0.001,0.000
428000,0.999,0.001,0.000
428500,0.999,0.001,0.000
429000,0.999,0.001,0.000
429500,0.999,0.001,0.000
430000,0.999,0.001,0.000
430500,0.999,0.001,0.000
431000,0.999,0.001,0.000
431500,0.999,0.001,0.000
432000,0.999,0.001,0.000
432500,0.999,0.001,0.000
433000,0.999,0.001,0.000
433500,0.999,0.001,0.000
434000,0.999,0.001,0.000
434500,0.999,0.001,0.000
435000,0.999,0.001,0.000
435500,0.999,0.001,0.000
436000,0.999,0.001,0.000
436500,0.999,0.001,0.000
437000,0.999,0.001,0.000
437500,0.999,0.001,0.000
438000,0.999,0.001,0.000
438500,0.999,0.001,0.000
439000,0.999,0.001,0.000
439500,0.999,0.001,0.000
440000,0.999,0.001,0.000
440500,0.999,0.001,0.000
441000,0.999,0.001,0.000
441500,0.999,0.001,0.000
442000,0.999,0.001,0.000
442500,0.999,0.001,0.000
443000,0.999,0.001,0.000
443500,0.999,0.001,0.000
444000,0.999,0.001,0.000
444500,0.999,0.001,0.000
445000,0.999,0.001,0.000
445500,0.999,0.001,0.000
446000,0.999,0.001,0.000
446500,0.999,0.001,0.000
447000,0.999,0.001,0.000
447500,0.999,0.001,0.000
448000,0.999,0.001,0.000
448500,0.999,0.001,0.000
449000,0.999,0.001,0.000
449500,0.999,0.001,0.000
450000,0.999,0.001,0.000
450500,0.999,0.001,0.000
451000,0.999,0.001,0.000
451500,0.999,0.001,0.000
452000,0.999,0.001,0.000
452500,0.999,0.001,0.000
453000,0.999,0.001,0.000
453500,0.999,0.001,0.000
454000,0.999,0.001,0.000
454500,0.999,0.001,0.000
455000,0.999,0.001,0.000
455500,0.999,0.001,0.000
456000,0.999,0.001,0.000
456500,0.999,0.001,0.000
457000,0.999,0.001,0.000
457500,0.999,0.001,0.000
458000,0.999,0.001,0.000
458500,0.999,0.001,0.000
459000,0.999,0.001,0.000
459500,0.999,0.001,0.000
460000,0.999,0.001,0.000
460500,0.999,0.001,0.000
461000,0.999,0.001,0.000
461500,0.999,0.001,0.000
462000,0.999,0.001,0.000
462500,0.999,0.001,0.000
463000,0.999,0.001,0.000
463500,0.999,0.001,0.000
464000,0.999,0.001,0.000
464500,0.999,0.001,0.000
465000,0.999,0.001,0.000
465500,0.999,0.001,0.000
466000,0.999,0.001,0.000
466500,0.999,0.001,0.000
467000,0.999,0.001,0.000
467500,0.999,0.001,0.000
468000,0.999,0.001,0.000
468500,0.999,0.001,0.000
469000,0.999,0.001,0.000
469500,0.999,0.001,0.000
470000,0.999,0.001,0.000
470500,0.999,0.001,0.000
471000,0.999,0.001,0.000
471500,0.999,0.001,0.000
472000,0.999,0.001,0.000
472500,0.999,0.001,0.000
473000,0.999,0.001,0.000
473500,0.999,0.001,0.000
474000,0.999,0.001,0.000
474500,0.999,0.001,0.000
475000,0.999,0.001,0.000
475500,0.999,0.001,0.000
476000,0.999,0.001,0.000
476500,0.999,0.001,0.000
477000,0.999,0.001,0.000
477500,0.999,0.001,0.000
478000,0.999,0.001,0.000
478500,0.999,0.001,0.000
479000,0.999,0.001,0.000
479500,0.999,0.001,0.000
480000,0.999,0.001,0.000
480500,0.999,0.001,0.000
481000,0.999,0.001,0.000
481500,0.999,0.001,0.000
482000,0.999,0.001,0.000
482500,0.999,0.001,0.000
483000,0.999,0.001,0.000
483500,0.999,0.001,0.000
484000,0.999,0.001,0.000
484500,0.999,0.001,0.000
485000,0.999,0.001,0.000
485500,0.999,0.001,0.000
486000,0.999,0.001,0.000
486500,0.999,0.001,0.000
487000,0.999,0.001,0.000
487500,0.999,0.001,0.000
488000,0.999,0.001,0.000
488500,0.999,0.001,0.000
489000,0.999,0.001,0.000
489500,0.999,0.001,0.000
490000,0.999,0.001,0.000
490500,0.999,0.001,0.000
491000,0.999,0.001,0.000
491500,0.999,0.001,0.000
492000,0.999,0.001,0.000
492500,0.999,0.001,0.000
493000,0.999,0.001,0.000
493500,0.999,0.001,0.000
494000,0.999,0.001,0.000
494500,0.999,0.001,0.000
495000,0.999,0.001,0.000
495500,0.999,0.001,0.000
496000,0.999,0.001,0.000
496500,0.999,0.001,0.000
497000,0.999,0.001,0.000
497500,0.999,0.001,0.000
498000,0.999,0.001,0.000
498500,0.999,0.001,0.000
499000,0.999,0.001,0.000
499500,0.999,0.001,0.000
500000,0.999,0.001,0.000
500500,0.999,0.001,0.000
501000,0.999,0.001,0.000
501500,0.999,0.001,0.000
502000,0.999,0.001,0.000
502500,0.999,0.001,0.000
503000,0.999,0.001,0.000
503500,0.999,0.001,0.000
504000,0.999,0.001,0.000
504500,0.999,0.001,0.000
505000,0.999,0.001,0.000
505500,0.999,0.001,0.000
506000,0.999,0.001,0.000
506500,0.999,0.001,0.000
507000,0.999,0.001,0.000
507500,0.999,0.001,0.000
508000,0.999,0.001,0.000
508500,0.999,0.001,0.000
509000,0.999,0.001,0.000
509500,0.999,0.001,0.000
510000,0.999,0.001,0.000
510500,0.999,0.001,0.000
511000,0.999,0.001,0.000
511500,0.999,0.001,0.000
512000,0.999,0.001,0.000
512500,0.999,0.001,0.000
513000,0.999,0.001,0.000
513500,0.999,0.001,0.000
514000,0.999,0.001,0.000
514500,0.999,0.001,0.000
515000,0.999,0.001,0.000
515500,0.999,0.001,0.000
516000,0.999,0.001,0.000
516500,0.999,0.001,0.000
517000,0.999,0.001,0.000
517500,0.999,0.001,0.000
518000,0.999,0.001,0.000
518500,0.999,0.001,0.000
519000,0.999,0.001,0.000
519500,0.999,0.001,0.000
520000,0.999,0.001,0.000
520500,0.999,0.001,0.000
521000,0.999,0.001,0.000
521500,0.999,0.001,0.000
522000,0.999,0.001,0.000
522500,0.999,0.001,0.000
523000,0.999,0.001,0.000
523500,0.999,0.001,0.000
524000,0.999,0.001,0.000
524500,0.999,0.001,0.000
525000,0.999,0.001,0.000
525500,0.999,0.001,0.000
526000,0.999,0.001,0.000
526500,0.999,0.001,0.000
527000,0.999,0.001,0.000
527500,0.999,0.001,0.000
528000,0.999,0.001,0.000
528500,0.999,0.001,0.000
529000,0.999,0.001,0.000
529500,0.999,0.001,0.000
530000,0.999,0.001,0.000
530500,0.999,0.001,0.000
531000,0.999,0.001,0.000
531500,0.999,0.001,0.000
532000,0.999,0.001,0.000
532500,0.999,0.001,0.000
533000,0.999,0.001,0.000
533500,0.999,0.001,0.000
534000,0.999,0.001,0.000
534500,0.999,0.001,0.000
535000,0.999,0.001,0.000
535500,0.999,0.001,0.000
536000,0.999,0.001,0.000
536500,0.999,0.001,0.000
537000,0.999,0.001,0.000
537500,0.999,0.001,0.000
538000,0.999,0.001,0.000
538500,0.999,0.001,0.000
539000,0.999,0.001,0.000
539500,0.999,0.001,0.000
540000,0.999,0.001,0.000
540500,0.999,0.001,0.000
541000,0.999,0.001,0.000
541500,0.999,0.001,0.000
542000,0.999,0.001,0.000
542500,0.999,0.001,0.000
543000,0.999,0.001,0.000
543500,0.999,0.001,0.000
544000,0.999,0.001,0.000
544500,0.999,0.001,0.000
545000,0.999,0.001,0.000
545500,0.999,0.001,0.000
546000,0.999,0.001,0.000
546500,0.999,0.001,0.000
547000,0.999,0.001,0.000
547500,0.999,0.001,0.000
548000,0.999,0.001,0.000
548500,0.999,0.001,0.000
549000,0.999,0.001,0.000
549500,0.999,0.001,0.000
550000,0.999,0.001,0.000
550500,0.999,0.001,0.000
551000,0.999,0.001,0.000
551500,0.999,0.001,0.000
552000,0.999,0.001,0.000
552500,0.999,0.001,0.000
553000,0.999,0.001,0.000
553500,0.999,0.001,0.000
554000,0.999,0.001,0.000
554500,0.999,0.001,0.000
555000,0.999,0.001,0.000
555500,0.999,0.001,0.000
556000,0.999,0.001,0.000
556500,0.999,0.001,0.000
557000,0.999,0.001,0.000
557500,0.999,0.001,0.000
558000,0.999,0.001,0.000
558500,0.999,0.001,0.000
559000,0.999,0.001,0.000
559500,0.999,0.001,0.000
560000,0.999,0.001,0.000
560500,0.999,0.001,0.000
561000,0.999,0.001,0.000
561500,0.999,0.001,0.000
562000,0.999,0.001,0.000
562500,0.999,0.001,0.000
563000,0.999,0.001,0.000
563500,0.999,0.001,0.000
564000,0.999,0.001,0.000
564500,0.999,0.001,0.000
565000,0.999,0.001,0.000
565500,0.999,0.001,0.000
566000,0.999,0.001,0.000
566500,0.999,0.001,0.000
567000,0.999,0.001,0.000
567500,0.999,0.001,0.000
568000,0.999,0.001,0.000
568500,0.999,0.001,0.000
569000,0.999,0.001,0.000
569500,0.999,0.001,0.000
570000,0.999,0.001,0.000
570500,0.999,0.001,0.000
571000,0.999,0.001,0.000
571500,0.999,0.001,0.000
572000,0.999,0.001,0.000
572500,0.999,0.001,0.000
573000,0.999,0.001,0.000
573500,0.999,0.001,0.000
574000,0.999,0.001,0.000
574500,0.999,0.001,0.000
575000,0.999,0.001,0.000
575500,0.999,0.001,0.000
576000,0.999,0.001,0.000
576500,0.999,0.001,0.000
577000,0.999,0.001,0.000
577500,0.999,0.001,0.000
578000,0.999,0.001,0.000
578500,0.999,0.001,0.000
579000,0.999,0.001,0.000
579500,0.999,0.001,0.000
580000,0.999,0.001,0.000
580500,0.999,0.001,0.000
581000,0.999,0.001,0.000
581500,0.999,0.001,0.000
582000,0.999,0.001,0.000
582500,0.999,0.001,0.000
583000,0.999,0.001,0.000
583500,0.999,0.001,0.000
584000,0.999,0.001,0.000
584500,0.999,0.001,0.000
585000,0.999,0.001,0.000
585500,0.999,0.001,0.000
586000,0.999,0.001,0.000
586500,0.999,0.001,0.000
587000,0.999,0.001,0.000
587500,0.999,0.001,0.000
588000,0.999,0.001,0.000
588500,0.999,0.001,0.000
589000,0.999,0.001,0.000
589500,0.999,0.001,0.000
590000,0.999,0.001,0.000
590500,0.999,0.001,0.000
591000,0.999,0.001,0.000
591500,0.999,0.001,0.000
592000,0.999,0.001,0.000
592500,0.999,0.001,0.000
593000,0.999,0.001,0.000
593500,0.999,0.001,0.000
594000,0.999,0.001,0.000
594500,0.999,0.001,0.000
595000,0.999,0.001,0.000
595500,0.999,0.001,0.000
596000,0.999,0.001,0.000
596500,0.999,0.001,0.000
597000,0.999,0.001,0.000
597500,0.999,0.001,0.000
598000,0.999,0.001,0.000
598500,0.999,0.001,0.000
599000,0.999,0.001,0.000
599500,0.999,0.001,0.000
600000,0.999,0.001,0.000
600500,0.999,0.001,0.000
601000,0.999,0.001,0.000
601500,0.999,0.001,0.000
602000,0.999,0.001,0.000
602500,0.999,0.001,0.000
603000,0.999,0.001,0.000
603500,0.999,0.001,0.000
604000,0.999,0.001,0.000
604500,0.999,0.001,0.000
605000,0.999,0.001,0.000
605500,0.999,0.001,0.000
606000,0.999,0.001,0.000
606500,0.999,0.001,0.000
607000,0.999,0.001,0.000
607500,0.999,0.001,0.000
608000,0.999,0.001,0.000
608500,0.999,0.001,0.000
609000,0.999,0.001,0.000
609500,0.999,0.001,0.000
610000,0.999,0.001,0.000
610500,0.999,0.001,0.000
611000,0.999,0.001,0.000
611500,0.999,0.001,0.000
612000,0.999,0.001,0.000
612500,0.999,0.001,0.000
613000,0.999,0.001,0.000
613500,0.999,0.001,0.000
614000,0.999,0.001,0.000
614500,0.999,0.001,0.000
615000,0.999,0.001,0.000
615500,0.999,0.001,0.000
616000,0.999,0.001,0.000
616500,0.999,0.001,0.000
617000,0.999,0.001,0.000
617500,0.999,0.001,0.000
618000,0.999,0.001,0.000
618500,0.999,0.001,0.000
619000,0.999,0.001,0.000
619500,0.999,0.001,0.000
620000,0.999,0.001,0.000
620500,0.999,0.001,0.000
621000,0.999,0.001,0.000
621500,0.999,0.001,0.000
622000,0.999,0.001,0.000
622500,0.999,0.001,0.000
623000,0.999,0.001,0.000
623500,0.999,0.001,0.000
624000,0.999,0.001,0.000
624500,0.999,0.001,0.000
625000,0.999,0.001,0.000
625500,0.999,0.001,0.000
626000,0.999,0.001,0.000
626500,0.999,0.001,0.000
627000,0.999,0.001,0.000
627500,0.999,0.001,0.000
628000,0.999,0.001,0.000
628500,0.999,0.001,0.000
629000,0.999,0.001,0.000
629500,0.999,0.001,0.000
630000,0.999,0.001,0.000
630500,0.999,0.001,0.000
631000,0.999,0.001,0.000
631500,0.999,0.001,0.000
632000,0.999,0.001,0.000
632500,0.999,0.001,0.000
633000,0.999,0.001,0.000
633500,0.999,0.001,0.000
634000,0.999,0.001,0.000
634500,0.999,0.001,0.000
635000,0.999,0.001,0.000
635500,0.999,0.001,0.000
636000,0.999,0.001,0.000
636500,0.999,0.001,0.000
637000,0.999,0.001,0.000
637500,0.999,0.001,0.000
638000,0.999,0.001,0.000
638500,0.999,0.001,0.000
639000,0.999,0.001,0.000
639500,0.999,0.001,0.000
640000,0.999,0.001,0.000
640500,0.999,0.001,0.000
641000,0.999,0.001,0.000
641500,0.999,0.001,0.000
642000,0.999,0.001,0.000
642500,0.999,0.001,0.000
643000,0.999,0.001,0.000
643500,0.999,0.001,0.000
644000,0.999,0.001,0.000
644500,0.999,0.001,0.000
645000,0.999,0.001,0.000
645500,0.999,0.001,0.000
646000,0.999,0.001,0.000
646500,0.999,0.001,0.000
647000,0.999,0.001,0.000
647500,0.999,0.001,0.000
648000,0.999,0.001,0.000
648500,0.999,0.001,0.000
649000,0.999,0.001,0.000
649500,0.999,0.001,0.000
650000,0.999,0.001,0.000
650500,0.999,0.001,0.000
651000,0.999,0.001,0.000
651500,0.999,0.001,0.000
652000,0.999,0.001,0.000
652500,0.999,0.001,0.000
653000,0.999,0.001,0.000
653500,0.999,0.001,0.000
654000,0.999,0.001,0.000
654500,0.999,0.001,0.000
655000,0.999,0.001,0.000
655500,0.999,0.001,0.000
656000,0.999,0.001,0.000
656500,0.999,0.001,0.000
657000,0.999,0.001,0.000
657500,0.999,0.001,0.000
658000,0.999,0.001,0.000
658500,0.999,0.001,0.000
659000,0.999,0.001,0.000
659500,0.999,0.001,0.000
660000,0.999,0.001,0.000
660500,0.999,0.001,0.000
661000,0.999,0.001,0.000
661500,0.999,0.001,0.000
662000,0.999,0.001,0.000
662500,0.999,0.001,0.000
663000,0.999,0.001,0.000
663500,0.999,0.001,0.000
664000,0.999,0.001,0.000
664500,0.999,0.001,0.000
665000,0.999,0.001,0.000
665500,0.999,0.001,0.000
666000,0.999,0.001,0.000
666500,0.999,0.001,0.000
667000,0.999,0.000,0.001
667500,0.999,0.000,0.001
668000,0.999,0.000,0.001
668500,0.999,0.000,0.001
669000,0.999,0.000,0.001
669500,0.999,0.000,0.001
670000,0.999,0.000,0.001
670500,0.999,0.000,0.001
671000,0.999,0.000,0.001
671500,0.999,0.000,0.001
672000,0.999,0.000,0.001
672500,0.999,0.000,0.001
673000,0.999,0.000,0.001
673500,0.999,0.000,0.001
674000,0.999,0.000,0.001
674500,0.999,0.000,0.001
675000,0.999,0.000,0.001
675500,0.999,0.000,0.001
676000,0.999,0.000,0.001
676500,0.999,0.000,0.001
677000,0.999,0.000,0.001
677500,0.999,0.000,0.001
678000,0.999,0.000,0.001
678500,0.999,0.000,0.001
679000,0.999,0.000,0.001
679500,0.999,0.000,0.001
680000,0.999,0.000,0.001
680500,0.999,0.000,0.001
681000,0.999,0.000,0.001
681500,0.999,0.000,0.001
682000,0.999,0.000,0.001
682500,0.999,0.000,0.001
683000,0.999,0.000,0.001
683500,0.999,0.000,0.001
684000,0.999,0.000,0.001
684500,0.999,0.000,0.001
685000,0.999,0.000,0.001
685500,0.999,0.000,0.001
686000,0.999,0.000,0.001
686500,0.999,0.000,0.001
687000,0.999,0.000,0.001
687500,0.999,0.000,0.001
688000,0.999,0.000,0.001
688500,0.999,0.000,0.001
689000,0.999,0.000,0.001
689500,0.999,0.000,0.001
690000,0.999,0.000,0.001
690500,0.999,0.000,0.001
691000,0.999,0.000,0.001
691500,0.999,0.000,0.001
692000,0.999,0.000,0.001
692500,0.999,0.000,0.001
693000,0.999,0.000,0.001
693500,0.999,0.000,0.001
694000,0.999,0.000,0.001
694500,0.999,0.000,0.001
695000,0.999,0.000,0.001
695500,0.999,0.000,0.001
696000,0.999,0.000,0.001
696500,0.999,0.000,0.001
697000,0.999,0.000,0.001
697500,0.999,0.000,0.001
698000,0.999,0.000,0.001
698500,0.999,0.000,0.001
699000,0.999,0.000,0.001
699500,0.999,0.000,0.001
700000,0.999,0.000,0.001
700500,0.999,0.000,0.001
701000,0.999,0.000,0.001
701500,0.999,0.000,0.001
702000,0.999,0.000,0.001
702500,0.999,0.000,0.001
703000,0.999,0.000,0.001
703500,0.999,0.000,0.001
704000,0.999,0.000,0.001
704500,0.999,0.000,0.001
705000,0.999,0.000,0.001
705500,0.999,0.000,0.001
706000,0.999,0.000,0.001
706500,0.999,0.000,0.001
707000,0.999,0.000,0.001
707500,0.999,0.000,0.001
708000,0.999,0.000,0.001
708500,0.999,0.000,0.001
709000,0.999,0.000,0.001
709500,0.999,0.000,0.001
710000,0.999,0.000,0.001
710500,0.999,0.000,0.001
711000,0.999,0.000,0.001
711500,0.999,0.000,0.001
712000,0.999,0.000,0.001
712500,0.999,0.000,0.001
713000,0.999,0.000,0.001
713500,0.999,0.000,0.001
714000,0.999,0.000,0.001
714500,0.999,0.000,0.001
715000,0.999,0.000,0.001
715500,0.999,0.000,0.001
716000,0.999,0.000,0.001
716500,0.999,0.000,0.001
717000,0.999,0.000,0.001
717500,0.999,0.000,0.001
718000,0.999,0.000,0.001
718500,0.999,0.000,0.001
719000,0.999,0.000,0.001
719500,0.999,0.000,0.001
720000,0.999,0.000,0.001
720500,0.999,0.000,0.001
721000,0.999,0.000,0.001
721500,0.999,0.000,0.001
722000,0.999,0.000,0.001
722500,1.000,0.000,0.000
