time,n_A+p,n_B,n_AB
500,0.080,0.594,0.327
1000,0.080,0.303,0.617
1500,0.087,0.311,0.601
2000,0.087,0.237,0.675
2500,0.083,0.303,0.614
3000,0.084,0.246,0.670
3500,0.102,0.242,0.656
4000,0.086,0.251,0.663
4500,0.084,0.260,0.657
5000,0.083,0.315,0.603
5500,0.083,0.243,0.674
6000,0.096,0.210,0.695
6500,0.085,0.260,0.655
7000,0.086,0.259,0.655
7500,0.082,0.233,0.685
8000,0.110,0.164,0.726
8500,0.093,0.245,0.662
9000,0.082,0.244,0.673
9500,0.095,0.205,0.701
10000,0.195,0.069,0.736
10500,0.741,0.009,0.250
11000,0.976,0.000,0.024
11500,1.000,0.000,0.000
12000,0.999,0.000,0.001
12500,1.000,0.000,0.000
