time,n_A+p,n_B,n_AB
500,0.030,0.381,0.589
1000,0.030,0.222,0.748
1500,0.030,0.345,0.625
2000,0.030,0.258,0.712
2500,0.030,0.375,0.595
3000,0.030,0.344,0.626
3500,0.030,0.347,0.623
4000,0.030,0.244,0.726
4500,0.030,0.146,0.824
5000,0.030,0.341,0.629
5500,0.030,0.404,0.566
6000,0.030,0.316,0.654
6500,0.030,0.260,0.710
7000,0.030,0.325,0.645
7500,0.030,0.149,0.821
8000,0.030,0.406,0.564
8500,0.030,0.368,0.602
9000,0.030,0.378,0.592
9500,0.030,0.385,0.585
10000,0.030,0.210,0.760
10500,0.030,0.377,0.593
11000,0.030,0.378,0.592
11500,0.030,0.308,0.662
12000,0.030,0.434,0.536
12500,0.030,0.481,0.489
13000,0.030,0.162,0.808
13500,0.030,0.385,0.585
14000,0.030,0.477,0.493
14500,0.030,0.357,0.613
15000,0.030,0.304,0.666
15500,0.030,0.190,0.780
16000,0.030,0.283,0.687
16500,0.030,0.421,0.549
17000,0.030,0.297,0.673
17500,0.030,0.222,0.748
18000,0.040,0.174,0.786
18500,0.030,0.299,0.671
19000,0.030,0.361,0.609
19500,0.030,0.280,0.690
20000,0.030,0.309,0.661
20500,0.030,0.364,0.606
21000,0.030,0.404,0.566
21500,0.030,0.335,0.635
22000,0.030,0.418,0.552
22500,0.030,0.330,0.640
23000,0.030,0.268,0.702
23500,0.030,0.291,0.679
24000,0.030,0.218,0.752
24500,0.030,0.142,0.828
25000,0.030,0.363,0.607
25500,0.030,0.505,0.465
26000,0.030,0.361,0.609
26500,0.030,0.358,0.612
27000,0.030,0.400,0.570
27500,0.258,0.011,0.731
28000,0.998,0.000,0.002
28500,1.000,0.000,0.000
