time,n_A+p,n_B,n_AB
100,0.030,0.963,0.007
200,0.030,0.959,0.011
300,0.031,0.960,0.009
400,0.032,0.958,0.010
500,0.032,0.955,0.013
600,0.033,0.956,0.011
700,0.032,0.953,0.015
800,0.031,0.948,0.021
900,0.036,0.943,0.021
1000,0.037,0.942,0.021
1100,0.037,0.945,0.018
1200,0.037,0.945,0.018
1300,0.036,0.946,0.018
1400,0.036,0.939,0.026
1500,0.034,0.934,0.033
1600,0.039,0.935,0.027
1700,0.036,0.932,0.033
1800,0.036,0.931,0.034
1900,0.035,0.926,0.039
2000,0.038,0.928,0.034
2100,0.037,0.925,0.038
2200,0.035,0.928,0.037
2300,0.037,0.920,0.043
2400,0.038,0.913,0.049
2500,0.039,0.912,0.049
2600,0.039,0.900,0.061
2700,0.038,0.907,0.055
2800,0.039,0.913,0.048
2900,0.041,0.911,0.048
3000,0.044,0.906,0.050
3100,0.046,0.897,0.057
3200,0.046,0.888,0.066
3300,0.046,0.889,0.065
3400,0.044,0.886,0.070
3500,0.052,0.869,0.079
3600,0.054,0.876,0.069
3700,0.055,0.878,0.066
3800,0.052,0.883,0.065
3900,0.055,0.882,0.063
4000,0.054,0.879,0.066
4100,0.056,0.876,0.067
4200,0.055,0.878,0.066
4300,0.055,0.866,0.079
4400,0.055,0.864,0.081
4500,0.055,0.858,0.087
4600,0.054,0.855,0.091
4700,0.053,0.863,0.084
4800,0.055,0.861,0.084
4900,0.051,0.862,0.087
5000,0.049,0.858,0.093
5100,0.050,0.863,0.087
5200,0.056,0.870,0.074
5300,0.054,0.860,0.086
5400,0.057,0.855,0.088
5500,0.056,0.856,0.088
5600,0.054,0.864,0.082
5700,0.046,0.865,0.089
5800,0.064,0.873,0.062
5900,0.066,0.874,0.059
6000,0.066,0.861,0.073
6100,0.069,0.849,0.082
6200,0.066,0.850,0.084
6300,0.065,0.849,0.086
6400,0.061,0.847,0.092
6500,0.063,0.844,0.093
6600,0.063,0.846,0.091
6700,0.065,0.850,0.085
6800,0.059,0.856,0.085
6900,0.057,0.816,0.127
7000,0.057,0.825,0.117
7100,0.060,0.836,0.104
7200,0.067,0.821,0.111
7300,0.067,0.828,0.104
7400,0.068,0.830,0.101
7500,0.067,0.821,0.111
7600,0.064,0.816,0.120
7700,0.066,0.817,0.116
7800,0.065,0.810,0.125
7900,0.066,0.805,0.129
8000,0.065,0.812,0.123
8100,0.065,0.820,0.114
8200,0.059,0.823,0.117
8300,0.057,0.828,0.114
8400,0.059,0.824,0.116
8500,0.058,0.826,0.115
8600,0.059,0.820,0.121
8700,0.055,0.811,0.134
8800,0.051,0.811,0.138
8900,0.061,0.824,0.114
9000,0.067,0.816,0.116
9100,0.063,0.812,0.125
9200,0.066,0.816,0.117
9300,0.059,0.815,0.126
9400,0.064,0.818,0.117
9500,0.069,0.819,0.111
9600,0.072,0.824,0.104
9700,0.073,0.820,0.107
9800,0.072,0.826,0.102
9900,0.066,0.823,0.110
10000,0.063,0.839,0.098
10100,0.063,0.832,0.104
10200,0.064,0.840,0.096
10300,0.052,0.845,0.103
10400,0.066,0.829,0.104
10500,0.062,0.809,0.129
10600,0.061,0.814,0.125
10700,0.059,0.802,0.139
10800,0.060,0.806,0.134
10900,0.057,0.799,0.144
11000,0.058,0.799,0.143
11100,0.055,0.805,0.140
11200,0.055,0.814,0.131
11300,0.054,0.813,0.133
11400,0.050,0.820,0.130
11500,0.051,0.814,0.135
11600,0.049,0.812,0.139
11700,0.051,0.818,0.131
11800,0.054,0.822,0.124
11900,0.059,0.818,0.123
12000,0.064,0.802,0.134
12100,0.064,0.798,0.138
12200,0.066,0.795,0.139
12300,0.069,0.797,0.134
12400,0.073,0.798,0.130
12500,0.070,0.802,0.128
12600,0.067,0.799,0.134
12700,0.073,0.782,0.145
12800,0.075,0.787,0.139
12900,0.073,0.792,0.136
13000,0.068,0.792,0.140
13100,0.084,0.779,0.137
13200,0.085,0.774,0.141
13300,0.079,0.782,0.139
13400,0.086,0.774,0.140
13500,0.088,0.776,0.136
13600,0.086,0.770,0.144
13700,0.082,0.777,0.141
13800,0.081,0.782,0.137
13900,0.083,0.784,0.133
14000,0.084,0.782,0.134
14100,0.081,0.778,0.141
14200,0.085,0.785,0.130
14300,0.082,0.781,0.137
14400,0.085,0.775,0.140
14500,0.085,0.770,0.145
14600,0.081,0.773,0.146
14700,0.079,0.759,0.162
14800,0.075,0.748,0.178
14900,0.089,0.745,0.166
15000,0.088,0.754,0.158
15100,0.093,0.757,0.150
15200,0.094,0.761,0.145
15300,0.086,0.753,0.161
15400,0.086,0.757,0.157
15500,0.087,0.750,0.163
15600,0.086,0.751,0.163
15700,0.080,0.753,0.168
15800,0.086,0.758,0.156
15900,0.088,0.759,0.153
16000,0.081,0.767,0.152
16100,0.081,0.765,0.154
16200,0.083,0.749,0.169
16300,0.090,0.746,0.164
16400,0.106,0.757,0.137
16500,0.104,0.765,0.131
16600,0.100,0.767,0.133
16700,0.102,0.760,0.138
16800,0.105,0.766,0.129
16900,0.098,0.770,0.132
17000,0.098,0.758,0.144
17100,0.098,0.762,0.140
17200,0.105,0.762,0.133
17300,0.098,0.761,0.141
17400,0.099,0.762,0.139
17500,0.100,0.763,0.137
17600,0.094,0.763,0.143
17700,0.101,0.770,0.129
17800,0.099,0.765,0.136
17900,0.099,0.758,0.143
18000,0.100,0.760,0.140
18100,0.098,0.759,0.143
18200,0.093,0.756,0.151
18300,0.091,0.777,0.132
18400,0.088,0.776,0.136
18500,0.085,0.777,0.138
18600,0.081,0.778,0.141
18700,0.080,0.772,0.148
18800,0.077,0.772,0.151
18900,0.084,0.760,0.156
19000,0.084,0.769,0.147
19100,0.088,0.764,0.148
19200,0.089,0.754,0.157
19300,0.084,0.746,0.171
19400,0.081,0.746,0.174
19500,0.084,0.743,0.174
19600,0.083,0.747,0.171
19700,0.088,0.751,0.161
19800,0.089,0.757,0.154
19900,0.087,0.747,0.166
20000,0.085,0.748,0.168
20100,0.084,0.749,0.168
20200,0.079,0.757,0.164
20300,0.077,0.753,0.171
20400,0.076,0.759,0.165
20500,0.080,0.768,0.152
20600,0.078,0.753,0.170
20700,0.085,0.758,0.157
20800,0.092,0.750,0.158
20900,0.085,0.753,0.162
21000,0.087,0.756,0.157
21100,0.087,0.759,0.154
21200,0.102,0.760,0.138
21300,0.096,0.756,0.148
21400,0.099,0.749,0.152
21500,0.100,0.748,0.152
21600,0.099,0.721,0.180
21700,0.091,0.729,0.180
21800,0.088,0.744,0.169
21900,0.090,0.748,0.162
22000,0.088,0.753,0.159
22100,0.089,0.755,0.156
22200,0.093,0.745,0.162
22300,0.093,0.733,0.174
22400,0.095,0.724,0.181
22500,0.095,0.739,0.166
22600,0.100,0.740,0.160
22700,0.093,0.728,0.179
22800,0.096,0.719,0.185
22900,0.089,0.729,0.182
23000,0.088,0.740,0.173
23100,0.087,0.743,0.171
23200,0.089,0.756,0.155
23300,0.089,0.758,0.153
23400,0.092,0.755,0.153
23500,0.087,0.753,0.160
23600,0.085,0.752,0.163
23700,0.081,0.753,0.166
23800,0.081,0.759,0.160
23900,0.077,0.753,0.171
24000,0.073,0.760,0.168
24100,0.073,0.751,0.177
24200,0.078,0.759,0.163
24300,0.082,0.750,0.169
24400,0.088,0.752,0.160
24500,0.087,0.749,0.164
24600,0.089,0.739,0.173
24700,0.093,0.744,0.163
24800,0.095,0.752,0.153
24900,0.095,0.737,0.168
25000,0.090,0.745,0.165
25100,0.084,0.750,0.166
25200,0.080,0.755,0.165
25300,0.074,0.756,0.171
25400,0.075,0.754,0.172
25500,0.078,0.760,0.162
25600,0.072,0.754,0.175
25700,0.070,0.755,0.175
25800,0.073,0.764,0.163
25900,0.076,0.766,0.158
26000,0.077,0.763,0.160
26100,0.070,0.765,0.164
26200,0.069,0.774,0.156
26300,0.072,0.782,0.146
26400,0.069,0.783,0.147
26500,0.074,0.768,0.158
26600,0.073,0.764,0.163
26700,0.075,0.762,0.163
26800,0.089,0.769,0.142
26900,0.088,0.765,0.147
27000,0.091,0.770,0.139
27100,0.087,0.775,0.138
27200,0.085,0.788,0.128
27300,0.085,0.781,0.134
27400,0.077,0.778,0.145
27500,0.074,0.767,0.159
27600,0.078,0.766,0.156
27700,0.077,0.772,0.151
27800,0.080,0.784,0.136
27900,0.082,0.784,0.134
28000,0.077,0.780,0.143
28100,0.078,0.778,0.144
28200,0.077,0.773,0.150
28300,0.074,0.770,0.156
28400,0.070,0.783,0.146
28500,0.070,0.792,0.138
28600,0.070,0.793,0.137
28700,0.066,0.785,0.148
28800,0.072,0.780,0.148
28900,0.073,0.789,0.139
29000,0.074,0.788,0.139
29100,0.076,0.772,0.152
29200,0.075,0.769,0.156
29300,0.074,0.763,0.163
29400,0.070,0.765,0.164
29500,0.066,0.769,0.164
29600,0.061,0.773,0.165
29700,0.056,0.783,0.160
29800,0.057,0.781,0.161
29900,0.059,0.779,0.161
30000,0.058,0.792,0.150
30100,0.057,0.792,0.151
30200,0.058,0.798,0.144
30300,0.060,0.783,0.156
30400,0.068,0.783,0.148
30500,0.069,0.781,0.149
30600,0.070,0.781,0.148
30700,0.066,0.780,0.153
30800,0.072,0.787,0.142
30900,0.072,0.772,0.156
31000,0.070,0.776,0.153
31100,0.072,0.761,0.168
31200,0.068,0.774,0.157
31300,0.073,0.776,0.151
31400,0.073,0.776,0.151
31500,0.069,0.748,0.183
31600,0.078,0.745,0.178
31700,0.075,0.734,0.191
31800,0.080,0.742,0.179
31900,0.080,0.737,0.183
32000,0.088,0.732,0.180
32100,0.084,0.724,0.192
32200,0.092,0.717,0.191
32300,0.083,0.723,0.194
32400,0.089,0.726,0.185
32500,0.100,0.724,0.176
32600,0.100,0.728,0.172
32700,0.101,0.725,0.174
32800,0.103,0.723,0.174
32900,0.103,0.720,0.177
33000,0.097,0.721,0.182
33100,0.103,0.714,0.183
33200,0.109,0.702,0.189
33300,0.104,0.696,0.200
33400,0.099,0.693,0.208
33500,0.084,0.705,0.211
33600,0.089,0.697,0.215
33700,0.095,0.700,0.205
33800,0.120,0.703,0.178
33900,0.125,0.705,0.171
34000,0.130,0.705,0.165
34100,0.140,0.699,0.161
34200,0.135,0.689,0.176
34300,0.132,0.683,0.185
34400,0.131,0.680,0.189
34500,0.126,0.676,0.198
34600,0.126,0.679,0.195
34700,0.127,0.689,0.184
34800,0.125,0.672,0.203
34900,0.129,0.686,0.185
35000,0.131,0.681,0.188
35100,0.126,0.684,0.190
35200,0.133,0.684,0.183
35300,0.138,0.676,0.186
35400,0.144,0.666,0.190
35500,0.132,0.653,0.216
35600,0.138,0.661,0.201
35700,0.133,0.655,0.212
35800,0.129,0.641,0.230
35900,0.144,0.650,0.206
36000,0.146,0.642,0.211
36100,0.148,0.647,0.205
36200,0.142,0.657,0.201
36300,0.139,0.657,0.204
36400,0.139,0.632,0.229
36500,0.144,0.628,0.228
36600,0.142,0.625,0.233
36700,0.134,0.620,0.246
36800,0.138,0.623,0.239
36900,0.140,0.627,0.233
37000,0.139,0.636,0.225
37100,0.141,0.631,0.228
37200,0.138,0.637,0.225
37300,0.150,0.629,0.221
37400,0.153,0.631,0.216
37500,0.157,0.624,0.219
37600,0.155,0.609,0.236
37700,0.165,0.607,0.228
37800,0.166,0.599,0.235
37900,0.172,0.606,0.223
38000,0.180,0.585,0.235
38100,0.175,0.592,0.233
38200,0.170,0.589,0.241
38300,0.173,0.602,0.226
38400,0.172,0.608,0.221
38500,0.173,0.606,0.222
38600,0.178,0.608,0.215
38700,0.165,0.619,0.216
38800,0.169,0.619,0.212
38900,0.164,0.621,0.215
39000,0.166,0.614,0.220
39100,0.150,0.624,0.226
39200,0.153,0.621,0.226
39300,0.150,0.627,0.223
39400,0.149,0.630,0.221
39500,0.141,0.626,0.233
39600,0.134,0.623,0.243
39700,0.135,0.619,0.246
39800,0.137,0.621,0.242
39900,0.126,0.617,0.257
40000,0.128,0.624,0.248
40100,0.147,0.621,0.232
40200,0.146,0.627,0.227
40300,0.146,0.624,0.230
40400,0.153,0.618,0.229
40500,0.143,0.604,0.253
40600,0.128,0.612,0.260
40700,0.127,0.617,0.256
40800,0.130,0.626,0.244
40900,0.131,0.620,0.249
41000,0.116,0.625,0.258
41100,0.115,0.625,0.259
41200,0.120,0.617,0.264
41300,0.117,0.628,0.254
41400,0.127,0.628,0.245
41500,0.134,0.630,0.236
41600,0.130,0.633,0.237
41700,0.134,0.630,0.236
41800,0.138,0.637,0.225
41900,0.136,0.640,0.224
42000,0.138,0.647,0.216
42100,0.138,0.633,0.229
42200,0.138,0.633,0.229
42300,0.135,0.623,0.242
42400,0.132,0.624,0.244
42500,0.132,0.628,0.240
42600,0.130,0.611,0.259
42700,0.136,0.594,0.270
42800,0.149,0.598,0.253
42900,0.141,0.581,0.278
43000,0.150,0.599,0.251
43100,0.154,0.598,0.248
43200,0.151,0.598,0.251
43300,0.148,0.594,0.257
43400,0.147,0.597,0.256
43500,0.141,0.593,0.266
43600,0.141,0.590,0.269
43700,0.147,0.588,0.265
43800,0.145,0.591,0.264
43900,0.152,0.588,0.259
44000,0.156,0.583,0.260
44100,0.164,0.585,0.250
44200,0.157,0.588,0.254
44300,0.155,0.568,0.277
44400,0.164,0.575,0.260
44500,0.159,0.573,0.268
44600,0.158,0.572,0.270
44700,0.146,0.570,0.284
44800,0.170,0.575,0.255
44900,0.165,0.569,0.266
45000,0.165,0.570,0.265
45100,0.162,0.566,0.272
45200,0.154,0.572,0.274
45300,0.161,0.584,0.254
45400,0.146,0.572,0.282
45500,0.146,0.587,0.267
45600,0.145,0.597,0.258
45700,0.149,0.605,0.246
45800,0.144,0.606,0.250
45900,0.142,0.612,0.246
46000,0.150,0.618,0.232
46100,0.153,0.615,0.232
46200,0.148,0.617,0.235
46300,0.148,0.611,0.241
46400,0.151,0.610,0.239
46500,0.148,0.616,0.236
46600,0.151,0.614,0.235
46700,0.143,0.621,0.236
46800,0.142,0.618,0.240
46900,0.136,0.619,0.245
47000,0.137,0.624,0.239
47100,0.138,0.627,0.235
47200,0.132,0.630,0.238
47300,0.134,0.627,0.239
47400,0.135,0.627,0.238
47500,0.132,0.637,0.231
47600,0.134,0.632,0.234
47700,0.134,0.628,0.238
47800,0.132,0.632,0.236
47900,0.136,0.634,0.230
48000,0.134,0.638,0.228
48100,0.140,0.641,0.219
48200,0.145,0.629,0.226
48300,0.150,0.637,0.212
48400,0.148,0.634,0.218
48500,0.149,0.625,0.226
48600,0.154,0.613,0.233
48700,0.150,0.616,0.234
48800,0.159,0.616,0.225
48900,0.155,0.605,0.240
49000,0.160,0.610,0.230
49100,0.161,0.621,0.218
49200,0.157,0.621,0.222
49300,0.158,0.618,0.224
49400,0.155,0.618,0.227
49500,0.144,0.621,0.235
49600,0.158,0.629,0.212
49700,0.162,0.631,0.206
49800,0.164,0.623,0.212
49900,0.162,0.630,0.207
50000,0.156,0.635,0.208
50100,0.153,0.633,0.213
50200,0.152,0.631,0.217
50300,0.160,0.628,0.211
50400,0.154,0.624,0.222
50500,0.158,0.632,0.209
50600,0.159,0.642,0.198
50700,0.163,0.640,0.196
50800,0.162,0.634,0.203
50900,0.162,0.634,0.203
51000,0.160,0.624,0.216
51100,0.166,0.627,0.206
51200,0.178,0.637,0.185
51300,0.179,0.636,0.185
51400,0.178,0.634,0.188
51500,0.178,0.632,0.190
51600,0.178,0.639,0.183
51700,0.182,0.636,0.182
51800,0.183,0.623,0.194
51900,0.185,0.624,0.191
52000,0.179,0.631,0.190
52100,0.169,0.630,0.201
52200,0.173,0.625,0.202
52300,0.169,0.627,0.204
52400,0.160,0.631,0.208
52500,0.161,0.631,0.207
52600,0.162,0.624,0.213
52700,0.165,0.624,0.210
52800,0.154,0.606,0.240
52900,0.159,0.596,0.245
53000,0.157,0.600,0.243
53100,0.155,0.609,0.236
53200,0.149,0.605,0.246
53300,0.152,0.603,0.245
53400,0.159,0.596,0.245
53500,0.159,0.601,0.240
53600,0.163,0.588,0.248
53700,0.163,0.602,0.235
53800,0.160,0.609,0.231
53900,0.170,0.612,0.219
54000,0.165,0.607,0.228
54100,0.164,0.579,0.256
54200,0.163,0.575,0.261
54300,0.157,0.578,0.265
54400,0.161,0.587,0.251
54500,0.147,0.598,0.255
54600,0.144,0.599,0.257
54700,0.152,0.589,0.258
54800,0.159,0.589,0.251
54900,0.157,0.592,0.250
55000,0.154,0.586,0.259
55100,0.155,0.578,0.267
55200,0.162,0.584,0.253
55300,0.172,0.578,0.250
55400,0.176,0.575,0.249
55500,0.180,0.575,0.245
55600,0.173,0.587,0.240
55700,0.176,0.588,0.236
55800,0.180,0.588,0.232
55900,0.177,0.588,0.235
56000,0.181,0.582,0.237
56100,0.177,0.588,0.235
56200,0.174,0.585,0.241
56300,0.188,0.580,0.232
56400,0.193,0.572,0.235
56500,0.198,0.575,0.227
56600,0.195,0.572,0.233
56700,0.194,0.577,0.229
56800,0.195,0.571,0.234
56900,0.192,0.572,0.236
57000,0.188,0.571,0.241
57100,0.189,0.562,0.249
57200,0.193,0.574,0.233
57300,0.195,0.566,0.239
57400,0.199,0.570,0.231
57500,0.201,0.567,0.232
57600,0.199,0.551,0.250
57700,0.201,0.557,0.242
57800,0.196,0.551,0.253
57900,0.198,0.554,0.248
58000,0.201,0.554,0.245
58100,0.200,0.551,0.249
58200,0.206,0.557,0.237
58300,0.212,0.554,0.234
58400,0.220,0.553,0.228
58500,0.216,0.542,0.242
58600,0.220,0.532,0.248
58700,0.234,0.527,0.239
58800,0.233,0.541,0.226
58900,0.227,0.538,0.235
59000,0.223,0.543,0.234
59100,0.226,0.546,0.228
59200,0.219,0.539,0.242
59300,0.224,0.529,0.247
59400,0.223,0.547,0.230
59500,0.216,0.552,0.233
59600,0.199,0.560,0.241
59700,0.203,0.562,0.235
59800,0.200,0.564,0.236
59900,0.197,0.575,0.228
60000,0.203,0.569,0.228
60100,0.201,0.564,0.235
60200,0.184,0.573,0.243
60300,0.192,0.570,0.238
60400,0.194,0.567,0.239
60500,0.195,0.570,0.235
60600,0.198,0.561,0.241
60700,0.195,0.559,0.246
60800,0.195,0.569,0.236
60900,0.199,0.562,0.239
61000,0.209,0.549,0.242
61100,0.216,0.544,0.240
61200,0.215,0.551,0.235
61300,0.206,0.556,0.238
61400,0.213,0.546,0.240
61500,0.223,0.544,0.233
61600,0.202,0.544,0.253
61700,0.207,0.550,0.243
61800,0.208,0.551,0.241
61900,0.212,0.534,0.253
62000,0.210,0.528,0.261
62100,0.203,0.527,0.270
62200,0.207,0.531,0.261
62300,0.201,0.530,0.269
62400,0.206,0.521,0.273
62500,0.215,0.526,0.259
62600,0.218,0.526,0.256
62700,0.220,0.525,0.255
62800,0.215,0.509,0.277
62900,0.212,0.515,0.273
63000,0.208,0.508,0.284
63100,0.205,0.514,0.281
63200,0.209,0.513,0.278
63300,0.217,0.521,0.263
63400,0.220,0.515,0.266
63500,0.225,0.517,0.258
63600,0.224,0.516,0.260
63700,0.230,0.508,0.263
63800,0.233,0.508,0.259
63900,0.236,0.506,0.258
64000,0.238,0.499,0.263
64100,0.238,0.502,0.260
64200,0.236,0.506,0.258
64300,0.237,0.506,0.257
64400,0.234,0.510,0.256
64500,0.232,0.515,0.253
64600,0.235,0.503,0.263
64700,0.230,0.520,0.250
64800,0.225,0.503,0.273
64900,0.210,0.507,0.283
65000,0.210,0.512,0.278
65100,0.216,0.506,0.279
65200,0.223,0.493,0.284
65300,0.229,0.501,0.271
65400,0.240,0.508,0.252
65500,0.258,0.507,0.235
65600,0.253,0.499,0.247
65700,0.248,0.499,0.252
65800,0.240,0.503,0.257
65900,0.237,0.519,0.244
66000,0.246,0.518,0.236
66100,0.249,0.502,0.249
66200,0.247,0.509,0.244
66300,0.253,0.512,0.235
66400,0.248,0.511,0.241
66500,0.244,0.510,0.246
66600,0.249,0.512,0.239
66700,0.250,0.496,0.253
66800,0.240,0.509,0.251
66900,0.241,0.509,0.250
67000,0.243,0.507,0.250
67100,0.237,0.515,0.248
67200,0.232,0.524,0.244
67300,0.234,0.519,0.247
67400,0.233,0.505,0.263
67500,0.232,0.504,0.265
67600,0.240,0.492,0.268
67700,0.235,0.492,0.273
67800,0.243,0.493,0.264
67900,0.255,0.491,0.253
68000,0.247,0.503,0.250
68100,0.234,0.505,0.261
68200,0.237,0.507,0.256
68300,0.230,0.491,0.279
68400,0.232,0.493,0.275
68500,0.235,0.505,0.260
68600,0.228,0.499,0.273
68700,0.224,0.501,0.276
68800,0.203,0.503,0.294
68900,0.213,0.516,0.271
69000,0.218,0.512,0.271
69100,0.216,0.520,0.265
69200,0.219,0.520,0.261
69300,0.225,0.519,0.256
69400,0.228,0.511,0.261
69500,0.223,0.506,0.272
69600,0.219,0.512,0.270
69700,0.215,0.513,0.273
69800,0.207,0.528,0.265
69900,0.213,0.512,0.275
70000,0.212,0.506,0.282
70100,0.222,0.505,0.274
70200,0.228,0.509,0.264
70300,0.223,0.507,0.271
70400,0.208,0.502,0.290
70500,0.199,0.498,0.302
70600,0.202,0.496,0.301
70700,0.197,0.505,0.298
70800,0.203,0.515,0.282
70900,0.202,0.519,0.279
71000,0.203,0.529,0.268
71100,0.204,0.527,0.269
71200,0.206,0.513,0.281
71300,0.197,0.517,0.286
71400,0.202,0.518,0.280
71500,0.213,0.513,0.274
71600,0.211,0.517,0.272
71700,0.216,0.523,0.261
71800,0.219,0.522,0.259
71900,0.225,0.521,0.254
72000,0.228,0.514,0.258
72100,0.217,0.512,0.272
72200,0.224,0.509,0.268
72300,0.230,0.502,0.269
72400,0.231,0.505,0.265
72500,0.228,0.503,0.270
72600,0.238,0.508,0.254
72700,0.233,0.511,0.256
72800,0.224,0.506,0.271
72900,0.241,0.515,0.244
73000,0.226,0.510,0.265
73100,0.224,0.504,0.273
73200,0.228,0.506,0.267
73300,0.221,0.533,0.246
73400,0.227,0.519,0.254
73500,0.220,0.520,0.260
73600,0.219,0.518,0.264
73700,0.216,0.521,0.264
73800,0.219,0.527,0.254
73900,0.219,0.528,0.253
74000,0.210,0.540,0.249
74100,0.208,0.531,0.260
74200,0.205,0.533,0.261
74300,0.196,0.518,0.286
74400,0.185,0.529,0.286
74500,0.188,0.532,0.280
74600,0.184,0.536,0.280
74700,0.192,0.519,0.289
74800,0.186,0.516,0.298
74900,0.192,0.520,0.288
75000,0.200,0.513,0.287
75100,0.207,0.515,0.278
75200,0.213,0.517,0.270
75300,0.222,0.514,0.265
75400,0.219,0.512,0.270
75500,0.224,0.510,0.267
75600,0.223,0.503,0.275
75700,0.221,0.506,0.274
75800,0.223,0.513,0.265
75900,0.218,0.506,0.277
76000,0.218,0.504,0.279
76100,0.208,0.509,0.283
76200,0.213,0.513,0.274
76300,0.229,0.513,0.258
76400,0.235,0.520,0.245
76500,0.237,0.518,0.245
76600,0.237,0.509,0.254
76700,0.239,0.518,0.243
76800,0.248,0.509,0.243
76900,0.246,0.506,0.248
77000,0.245,0.511,0.244
77100,0.239,0.502,0.259
77200,0.249,0.490,0.260
77300,0.235,0.498,0.267
77400,0.225,0.483,0.292
77500,0.239,0.485,0.276
77600,0.236,0.487,0.277
77700,0.231,0.468,0.301
77800,0.242,0.460,0.298
77900,0.248,0.467,0.285
78000,0.257,0.475,0.268
78100,0.263,0.466,0.272
78200,0.257,0.475,0.268
78300,0.259,0.482,0.258
78400,0.259,0.478,0.263
78500,0.263,0.479,0.258
78600,0.265,0.465,0.271
78700,0.271,0.465,0.265
78800,0.276,0.462,0.263
78900,0.275,0.464,0.261
79000,0.276,0.468,0.256
79100,0.259,0.465,0.276
79200,0.263,0.464,0.274
79300,0.258,0.459,0.283
79400,0.263,0.442,0.295
79500,0.250,0.434,0.316
79600,0.255,0.430,0.315
79700,0.267,0.429,0.304
79800,0.285,0.427,0.288
79900,0.296,0.420,0.284
80000,0.306,0.419,0.275
80100,0.301,0.413,0.286
80200,0.298,0.397,0.304
80300,0.306,0.398,0.295
80400,0.305,0.395,0.299
80500,0.308,0.403,0.288
80600,0.312,0.397,0.291
80700,0.316,0.388,0.296
80800,0.326,0.392,0.282
80900,0.328,0.385,0.287
81000,0.329,0.386,0.285
81100,0.323,0.394,0.283
81200,0.323,0.391,0.286
81300,0.322,0.393,0.285
81400,0.314,0.391,0.295
81500,0.313,0.390,0.297
81600,0.316,0.401,0.283
81700,0.335,0.404,0.260
81800,0.338,0.395,0.267
81900,0.349,0.393,0.257
82000,0.360,0.387,0.253
82100,0.356,0.389,0.254
82200,0.358,0.380,0.263
82300,0.366,0.369,0.266
82400,0.378,0.371,0.251
82500,0.381,0.368,0.251
82600,0.381,0.364,0.255
82700,0.385,0.355,0.259
82800,0.391,0.349,0.259
82900,0.397,0.342,0.260
83000,0.402,0.339,0.258
83100,0.401,0.339,0.259
83200,0.406,0.333,0.261
83300,0.425,0.329,0.246
83400,0.420,0.326,0.254
83500,0.413,0.328,0.259
83600,0.421,0.332,0.247
83700,0.423,0.312,0.266
83800,0.436,0.313,0.251
83900,0.446,0.314,0.240
84000,0.450,0.317,0.233
84100,0.455,0.311,0.235
84200,0.461,0.306,0.233
84300,0.472,0.303,0.225
84400,0.469,0.303,0.228
84500,0.469,0.305,0.226
84600,0.474,0.306,0.220
84700,0.484,0.308,0.207
84800,0.485,0.302,0.212
84900,0.493,0.296,0.210
85000,0.496,0.298,0.205
85100,0.486,0.293,0.221
85200,0.494,0.292,0.213
85300,0.498,0.282,0.220
85400,0.507,0.278,0.216
85500,0.514,0.281,0.205
85600,0.511,0.278,0.211
85700,0.508,0.275,0.218
85800,0.512,0.280,0.208
85900,0.512,0.273,0.216
86000,0.521,0.268,0.211
86100,0.519,0.265,0.217
86200,0.526,0.265,0.209
86300,0.529,0.261,0.209
86400,0.535,0.259,0.205
86500,0.533,0.259,0.207
86600,0.545,0.258,0.196
86700,0.553,0.260,0.187
86800,0.554,0.258,0.188
86900,0.557,0.260,0.183
87000,0.555,0.257,0.188
87100,0.550,0.256,0.194
87200,0.549,0.259,0.192
87300,0.557,0.257,0.186
87400,0.564,0.259,0.177
87500,0.566,0.256,0.178
87600,0.572,0.251,0.177
87700,0.577,0.252,0.171
87800,0.580,0.254,0.165
87900,0.580,0.250,0.170
88000,0.573,0.248,0.179
88100,0.571,0.247,0.182
88200,0.571,0.247,0.182
88300,0.575,0.244,0.181
88400,0.579,0.242,0.179
88500,0.578,0.242,0.180
88600,0.585,0.242,0.173
88700,0.589,0.243,0.168
88800,0.589,0.241,0.170
88900,0.590,0.236,0.174
89000,0.598,0.234,0.169
89100,0.605,0.231,0.164
89200,0.609,0.231,0.160
89300,0.614,0.233,0.153
89400,0.613,0.226,0.161
89500,0.611,0.224,0.165
89600,0.622,0.221,0.157
89700,0.627,0.221,0.152
89800,0.625,0.217,0.158
89900,0.625,0.216,0.159
90000,0.627,0.215,0.158
90100,0.629,0.212,0.158
90200,0.634,0.213,0.152
90300,0.639,0.217,0.144
90400,0.631,0.216,0.153
90500,0.633,0.215,0.152
90600,0.637,0.216,0.147
90700,0.637,0.218,0.145
90800,0.641,0.216,0.143
90900,0.635,0.218,0.147
91000,0.636,0.211,0.152
91100,0.630,0.208,0.161
91200,0.631,0.207,0.161
91300,0.626,0.206,0.168
91400,0.623,0.204,0.173
91500,0.616,0.201,0.183
91600,0.625,0.200,0.175
91700,0.629,0.203,0.168
91800,0.628,0.202,0.170
91900,0.630,0.202,0.168
92000,0.633,0.200,0.166
92100,0.630,0.200,0.170
92200,0.635,0.197,0.168
92300,0.645,0.197,0.158
92400,0.650,0.195,0.155
92500,0.647,0.199,0.154
92600,0.657,0.197,0.146
92700,0.658,0.198,0.144
92800,0.653,0.193,0.154
92900,0.652,0.192,0.156
93000,0.657,0.192,0.151
93100,0.662,0.194,0.144
93200,0.665,0.195,0.140
93300,0.666,0.194,0.140
93400,0.665,0.192,0.143
93500,0.669,0.189,0.142
93600,0.671,0.189,0.140
93700,0.674,0.187,0.139
93800,0.680,0.186,0.134
93900,0.680,0.186,0.134
94000,0.683,0.186,0.131
94100,0.685,0.186,0.129
94200,0.686,0.186,0.128
94300,0.688,0.185,0.127
94400,0.684,0.184,0.132
94500,0.684,0.184,0.132
94600,0.687,0.184,0.129
94700,0.691,0.185,0.125
94800,0.691,0.186,0.124
94900,0.693,0.186,0.122
95000,0.694,0.185,0.122
95100,0.694,0.185,0.122
95200,0.700,0.185,0.115
95300,0.700,0.184,0.116
95400,0.701,0.184,0.115
95500,0.700,0.185,0.115
95600,0.698,0.187,0.115
95700,0.701,0.188,0.111
95800,0.702,0.187,0.111
95900,0.702,0.186,0.112
96000,0.705,0.186,0.109
96100,0.703,0.186,0.111
96200,0.700,0.183,0.117
96300,0.697,0.185,0.118
96400,0.694,0.183,0.124
96500,0.694,0.184,0.123
96600,0.695,0.181,0.125
96700,0.681,0.178,0.141
96800,0.685,0.176,0.139
96900,0.684,0.177,0.139
97000,0.686,0.176,0.138
97100,0.693,0.174,0.134
97200,0.693,0.174,0.134
97300,0.697,0.174,0.130
97400,0.703,0.173,0.125
97500,0.700,0.175,0.126
97600,0.704,0.176,0.121
97700,0.704,0.176,0.121
97800,0.707,0.175,0.118
97900,0.706,0.174,0.121
98000,0.709,0.173,0.118
98100,0.712,0.173,0.115
98200,0.716,0.172,0.112
98300,0.718,0.169,0.113
98400,0.718,0.166,0.115
98500,0.719,0.165,0.115
98600,0.721,0.165,0.113
98700,0.724,0.165,0.110
98800,0.725,0.165,0.109
98900,0.725,0.163,0.111
99000,0.723,0.165,0.111
99100,0.725,0.164,0.110
99200,0.729,0.164,0.106
99300,0.729,0.161,0.109
99400,0.728,0.161,0.110
99500,0.726,0.161,0.112
99600,0.729,0.160,0.110
99700,0.725,0.159,0.115
99800,0.731,0.159,0.109
99900,0.736,0.158,0.105
100000,0.739,0.158,0.103
