time,n_A+p,n_B,n_AB
100,0.030,0.969,0.001
200,0.030,0.968,0.002
300,0.030,0.967,0.003
400,0.030,0.966,0.004
500,0.030,0.967,0.003
600,0.030,0.962,0.008
700,0.030,0.960,0.010
800,0.030,0.958,0.012
900,0.030,0.957,0.013
1000,0.030,0.957,0.013
1100,0.030,0.957,0.013
1200,0.031,0.955,0.014
1300,0.030,0.941,0.030
1400,0.030,0.934,0.037
1500,0.030,0.930,0.041
1600,0.030,0.918,0.052
1700,0.032,0.911,0.057
1800,0.031,0.907,0.062
1900,0.031,0.900,0.069
2000,0.033,0.893,0.075
2100,0.034,0.887,0.080
2200,0.033,0.885,0.083
2300,0.032,0.884,0.085
2400,0.033,0.883,0.085
2500,0.032,0.875,0.093
2600,0.032,0.867,0.101
2700,0.032,0.859,0.109
2800,0.032,0.858,0.110
2900,0.030,0.842,0.129
3000,0.030,0.830,0.140
3100,0.032,0.826,0.142
3200,0.032,0.816,0.152
3300,0.032,0.801,0.168
3400,0.031,0.799,0.171
3500,0.030,0.790,0.181
3600,0.032,0.779,0.189
3700,0.031,0.784,0.185
3800,0.031,0.773,0.196
3900,0.031,0.761,0.208
4000,0.030,0.751,0.220
4100,0.032,0.744,0.225
4200,0.037,0.729,0.234
4300,0.034,0.715,0.251
4400,0.033,0.704,0.264
4500,0.033,0.707,0.260
4600,0.033,0.695,0.273
4700,0.033,0.693,0.275
4800,0.033,0.682,0.285
4900,0.035,0.674,0.291
5000,0.035,0.673,0.292
5100,0.035,0.662,0.303
5200,0.039,0.663,0.298
5300,0.051,0.642,0.306
5400,0.049,0.637,0.314
5500,0.048,0.647,0.305
5600,0.047,0.652,0.301
5700,0.048,0.638,0.314
5800,0.053,0.623,0.324
5900,0.053,0.616,0.331
6000,0.055,0.605,0.340
6100,0.059,0.599,0.342
6200,0.059,0.585,0.355
6300,0.057,0.588,0.354
6400,0.057,0.581,0.362
6500,0.061,0.583,0.355
6600,0.057,0.586,0.356
6700,0.056,0.579,0.365
6800,0.053,0.576,0.371
6900,0.052,0.568,0.380
7000,0.053,0.547,0.399
7100,0.054,0.538,0.408
7200,0.062,0.536,0.401
7300,0.060,0.535,0.404
7400,0.059,0.520,0.421
7500,0.063,0.511,0.426
7600,0.058,0.502,0.440
7700,0.056,0.498,0.445
7800,0.052,0.496,0.451
7900,0.052,0.506,0.442
8000,0.055,0.504,0.441
8100,0.055,0.505,0.440
8200,0.058,0.502,0.440
8300,0.058,0.496,0.445
8400,0.058,0.505,0.437
8500,0.057,0.495,0.447
8600,0.056,0.493,0.450
8700,0.057,0.495,0.447
8800,0.059,0.478,0.463
8900,0.058,0.473,0.469
9000,0.060,0.464,0.476
9100,0.057,0.451,0.491
9200,0.060,0.444,0.495
9300,0.062,0.445,0.492
9400,0.060,0.441,0.498
9500,0.062,0.437,0.501
9600,0.066,0.435,0.498
9700,0.068,0.428,0.504
9800,0.062,0.430,0.508
9900,0.061,0.430,0.509
10000,0.059,0.418,0.523
10100,0.055,0.415,0.530
10200,0.055,0.412,0.533
10300,0.058,0.406,0.536
10400,0.054,0.401,0.544
10500,0.059,0.410,0.531
10600,0.054,0.412,0.534
10700,0.056,0.410,0.534
10800,0.053,0.414,0.533
10900,0.056,0.406,0.538
11000,0.062,0.409,0.529
11100,0.060,0.408,0.532
11200,0.061,0.404,0.534
11300,0.067,0.409,0.524
11400,0.072,0.404,0.524
11500,0.083,0.400,0.517
11600,0.082,0.406,0.513
11700,0.090,0.402,0.508
11800,0.088,0.401,0.511
11900,0.088,0.391,0.521
12000,0.088,0.388,0.524
12100,0.078,0.383,0.539
12200,0.079,0.382,0.539
12300,0.073,0.380,0.547
12400,0.081,0.382,0.537
12500,0.078,0.377,0.545
12600,0.079,0.373,0.549
12700,0.081,0.379,0.540
12800,0.089,0.379,0.532
12900,0.090,0.377,0.533
13000,0.096,0.375,0.529
13100,0.092,0.362,0.546
13200,0.090,0.364,0.546
13300,0.101,0.360,0.539
13400,0.094,0.352,0.554
13500,0.092,0.349,0.559
13600,0.092,0.350,0.558
13700,0.089,0.360,0.552
13800,0.093,0.359,0.549
13900,0.091,0.353,0.556
14000,0.081,0.356,0.563
14100,0.085,0.348,0.567
14200,0.075,0.349,0.576
14300,0.077,0.353,0.570
14400,0.079,0.353,0.568
14500,0.075,0.354,0.571
14600,0.077,0.353,0.570
14700,0.079,0.365,0.557
14800,0.075,0.361,0.565
14900,0.080,0.353,0.567
15000,0.083,0.348,0.569
15100,0.079,0.340,0.581
15200,0.079,0.333,0.588
15300,0.079,0.328,0.593
15400,0.079,0.333,0.588
15500,0.070,0.331,0.599
15600,0.067,0.328,0.605
15700,0.073,0.331,0.597
15800,0.069,0.328,0.603
15900,0.072,0.325,0.604
16000,0.075,0.329,0.597
16100,0.076,0.330,0.594
16200,0.081,0.330,0.589
16300,0.082,0.326,0.592
16400,0.087,0.322,0.591
16500,0.081,0.326,0.593
16600,0.074,0.324,0.603
16700,0.074,0.322,0.605
16800,0.075,0.326,0.600
16900,0.075,0.321,0.605
17000,0.072,0.321,0.608
17100,0.070,0.341,0.588
17200,0.066,0.347,0.586
17300,0.067,0.341,0.591
17400,0.064,0.341,0.594
17500,0.064,0.336,0.600
17600,0.067,0.338,0.594
17700,0.066,0.342,0.591
17800,0.066,0.344,0.589
17900,0.058,0.342,0.600
18000,0.060,0.337,0.603
18100,0.058,0.337,0.605
18200,0.058,0.333,0.609
18300,0.060,0.330,0.610
18400,0.065,0.332,0.603
18500,0.067,0.329,0.604
18600,0.068,0.332,0.600
18700,0.073,0.326,0.602
18800,0.072,0.323,0.606
18900,0.069,0.325,0.606
19000,0.081,0.325,0.594
19100,0.082,0.320,0.599
19200,0.086,0.323,0.591
19300,0.079,0.328,0.593
19400,0.079,0.330,0.591
19500,0.075,0.326,0.600
19600,0.074,0.324,0.603
19700,0.078,0.320,0.603
19800,0.077,0.320,0.604
19900,0.080,0.318,0.603
20000,0.084,0.318,0.599
20100,0.085,0.317,0.599
20200,0.083,0.303,0.614
20300,0.089,0.303,0.608
20400,0.089,0.317,0.594
20500,0.084,0.319,0.598
20600,0.084,0.323,0.593
20700,0.085,0.320,0.596
20800,0.081,0.315,0.605
20900,0.080,0.318,0.603
21000,0.082,0.319,0.600
21100,0.086,0.320,0.594
21200,0.077,0.318,0.606
21300,0.081,0.318,0.602
21400,0.084,0.317,0.600
21500,0.083,0.315,0.603
21600,0.092,0.312,0.597
21700,0.088,0.307,0.605
21800,0.087,0.305,0.608
21900,0.088,0.311,0.602
22000,0.085,0.307,0.608
22100,0.085,0.306,0.609
22200,0.088,0.311,0.602
22300,0.093,0.314,0.593
22400,0.099,0.316,0.585
22500,0.096,0.312,0.592
22600,0.104,0.309,0.586
22700,0.104,0.314,0.582
22800,0.101,0.307,0.591
22900,0.098,0.303,0.599
23000,0.096,0.304,0.600
23100,0.098,0.311,0.591
23200,0.098,0.313,0.589
23300,0.101,0.307,0.591
23400,0.104,0.306,0.589
23500,0.099,0.309,0.591
23600,0.098,0.305,0.597
23700,0.097,0.308,0.594
23800,0.094,0.307,0.599
23900,0.091,0.302,0.607
24000,0.089,0.292,0.619
24100,0.088,0.295,0.617
24200,0.085,0.296,0.619
24300,0.092,0.304,0.604
24400,0.092,0.293,0.615
24500,0.090,0.290,0.620
24600,0.086,0.294,0.620
24700,0.089,0.294,0.617
24800,0.094,0.292,0.614
24900,0.097,0.288,0.615
25000,0.092,0.288,0.620
25100,0.099,0.287,0.614
25200,0.096,0.283,0.621
25300,0.106,0.285,0.609
25400,0.105,0.284,0.611
25500,0.109,0.280,0.611
25600,0.116,0.278,0.606
25700,0.115,0.276,0.609
25800,0.107,0.274,0.619
25900,0.106,0.272,0.622
26000,0.107,0.271,0.622
26100,0.118,0.265,0.617
26200,0.113,0.264,0.623
26300,0.111,0.261,0.627
26400,0.104,0.258,0.637
26500,0.103,0.264,0.633
26600,0.102,0.261,0.636
26700,0.104,0.263,0.633
26800,0.105,0.264,0.631
26900,0.111,0.266,0.623
27000,0.107,0.259,0.633
27100,0.097,0.261,0.641
27200,0.104,0.261,0.634
27300,0.113,0.259,0.627
27400,0.108,0.263,0.629
27500,0.106,0.257,0.636
27600,0.104,0.264,0.632
27700,0.100,0.263,0.637
27800,0.102,0.259,0.638
27900,0.109,0.260,0.630
28000,0.109,0.260,0.630
28100,0.107,0.258,0.634
28200,0.110,0.261,0.628
28300,0.112,0.266,0.622
28400,0.107,0.265,0.628
28500,0.114,0.257,0.628
28600,0.115,0.259,0.625
28700,0.111,0.257,0.631
28800,0.111,0.250,0.638
28900,0.110,0.255,0.634
29000,0.112,0.258,0.629
29100,0.110,0.261,0.628
29200,0.104,0.263,0.633
29300,0.102,0.264,0.634
29400,0.102,0.257,0.640
29500,0.106,0.259,0.634
29600,0.110,0.264,0.626
29700,0.112,0.261,0.626
29800,0.113,0.257,0.629
29900,0.113,0.255,0.631
30000,0.113,0.258,0.628
30100,0.115,0.260,0.624
30200,0.113,0.271,0.616
30300,0.111,0.266,0.623
30400,0.107,0.259,0.633
30500,0.097,0.261,0.641
30600,0.097,0.254,0.649
30700,0.101,0.260,0.638
30800,0.103,0.258,0.638
30900,0.103,0.258,0.638
31000,0.101,0.257,0.641
31100,0.112,0.257,0.630
31200,0.104,0.266,0.630
31300,0.100,0.267,0.633
31400,0.094,0.260,0.646
31500,0.093,0.263,0.645
31600,0.083,0.265,0.653
31700,0.088,0.264,0.649
31800,0.093,0.258,0.649
31900,0.099,0.256,0.645
32000,0.097,0.252,0.651
32100,0.095,0.252,0.653
32200,0.096,0.255,0.649
32300,0.110,0.265,0.625
32400,0.112,0.267,0.621
32500,0.109,0.259,0.631
32600,0.102,0.256,0.641
32700,0.096,0.260,0.644
32800,0.099,0.275,0.626
32900,0.099,0.268,0.633
33000,0.097,0.266,0.637
33100,0.101,0.261,0.637
33200,0.097,0.270,0.633
33300,0.104,0.253,0.642
33400,0.114,0.251,0.634
33500,0.111,0.251,0.637
33600,0.121,0.254,0.625
33700,0.108,0.249,0.642
33800,0.105,0.246,0.649
33900,0.100,0.250,0.650
34000,0.103,0.251,0.646
34100,0.101,0.251,0.648
34200,0.100,0.251,0.649
34300,0.099,0.256,0.645
34400,0.095,0.254,0.651
34500,0.090,0.251,0.659
34600,0.087,0.249,0.664
34700,0.084,0.260,0.656
34800,0.086,0.268,0.647
34900,0.088,0.261,0.651
35000,0.092,0.263,0.646
35100,0.091,0.258,0.651
35200,0.094,0.261,0.645
35300,0.091,0.267,0.642
35400,0.102,0.264,0.634
35500,0.099,0.261,0.639
35600,0.107,0.268,0.625
35700,0.108,0.267,0.625
35800,0.102,0.265,0.633
35900,0.098,0.264,0.638
36000,0.096,0.266,0.638
36100,0.095,0.256,0.649
36200,0.095,0.250,0.655
36300,0.099,0.256,0.645
36400,0.099,0.252,0.649
36500,0.103,0.253,0.644
36600,0.108,0.250,0.641
36700,0.113,0.246,0.640
36800,0.105,0.245,0.650
36900,0.106,0.238,0.656
37000,0.112,0.239,0.649
37100,0.109,0.238,0.653
37200,0.103,0.237,0.660
37300,0.098,0.245,0.657
37400,0.094,0.244,0.662
37500,0.091,0.244,0.665
37600,0.093,0.240,0.667
37700,0.095,0.239,0.666
37800,0.103,0.241,0.656
37900,0.110,0.242,0.648
38000,0.108,0.237,0.655
38100,0.107,0.244,0.649
38200,0.124,0.247,0.629
38300,0.127,0.248,0.625
38400,0.128,0.243,0.629
38500,0.128,0.239,0.633
38600,0.135,0.235,0.630
38700,0.132,0.239,0.629
38800,0.129,0.241,0.630
38900,0.128,0.239,0.633
39000,0.130,0.238,0.632
39100,0.122,0.234,0.645
39200,0.125,0.232,0.644
39300,0.124,0.231,0.646
39400,0.129,0.232,0.639
39500,0.127,0.233,0.640
39600,0.125,0.234,0.641
39700,0.128,0.230,0.642
39800,0.126,0.232,0.642
39900,0.124,0.239,0.637
40000,0.127,0.249,0.624
40100,0.131,0.246,0.623
40200,0.127,0.258,0.615
40300,0.123,0.253,0.624
40400,0.126,0.247,0.627
40500,0.115,0.246,0.638
40600,0.114,0.240,0.646
40700,0.107,0.246,0.647
40800,0.106,0.243,0.651
40900,0.103,0.245,0.652
41000,0.108,0.240,0.652
41100,0.109,0.237,0.654
41200,0.112,0.236,0.652
41300,0.118,0.236,0.646
41400,0.117,0.235,0.648
41500,0.114,0.236,0.650
41600,0.109,0.229,0.662
41700,0.112,0.232,0.656
41800,0.111,0.229,0.660
41900,0.106,0.234,0.660
42000,0.099,0.236,0.665
42100,0.102,0.239,0.659
42200,0.095,0.235,0.670
42300,0.093,0.235,0.672
42400,0.096,0.237,0.667
42500,0.095,0.234,0.671
42600,0.093,0.234,0.673
42700,0.097,0.235,0.668
42800,0.096,0.234,0.670
42900,0.093,0.236,0.671
43000,0.094,0.232,0.674
43100,0.112,0.237,0.651
43200,0.105,0.230,0.665
43300,0.107,0.229,0.664
43400,0.103,0.228,0.669
43500,0.100,0.222,0.678
43600,0.096,0.224,0.680
43700,0.099,0.222,0.679
43800,0.099,0.221,0.680
43900,0.108,0.217,0.675
44000,0.113,0.224,0.663
44100,0.114,0.221,0.665
44200,0.113,0.223,0.664
44300,0.123,0.217,0.661
44400,0.134,0.219,0.648
44500,0.141,0.219,0.640
44600,0.133,0.223,0.645
44700,0.136,0.222,0.642
44800,0.139,0.225,0.636
44900,0.137,0.224,0.639
45000,0.127,0.226,0.648
45100,0.122,0.231,0.648
45200,0.124,0.230,0.647
45300,0.118,0.237,0.645
45400,0.130,0.234,0.636
45500,0.128,0.232,0.640
45600,0.118,0.230,0.652
45700,0.116,0.237,0.647
45800,0.115,0.236,0.649
45900,0.110,0.230,0.660
46000,0.107,0.228,0.665
46100,0.107,0.236,0.657
46200,0.108,0.236,0.656
46300,0.100,0.231,0.669
46400,0.104,0.231,0.665
46500,0.110,0.240,0.650
46600,0.112,0.243,0.645
46700,0.108,0.243,0.649
46800,0.108,0.238,0.654
46900,0.101,0.235,0.664
47000,0.102,0.234,0.664
47100,0.101,0.239,0.660
47200,0.102,0.243,0.655
47300,0.104,0.238,0.658
47400,0.096,0.242,0.662
47500,0.103,0.244,0.653
47600,0.096,0.251,0.653
47700,0.099,0.249,0.652
47800,0.100,0.248,0.652
47900,0.102,0.244,0.654
48000,0.102,0.250,0.648
48100,0.112,0.245,0.642
48200,0.110,0.240,0.650
48300,0.112,0.241,0.647
48400,0.113,0.244,0.642
48500,0.112,0.243,0.645
48600,0.124,0.237,0.639
48700,0.113,0.237,0.650
48800,0.106,0.235,0.659
48900,0.101,0.228,0.671
49000,0.100,0.234,0.666
49100,0.091,0.240,0.669
49200,0.093,0.241,0.666
49300,0.094,0.241,0.665
49400,0.094,0.234,0.672
49500,0.093,0.237,0.670
49600,0.093,0.232,0.675
49700,0.100,0.233,0.667
49800,0.100,0.243,0.657
49900,0.096,0.237,0.667
50000,0.107,0.228,0.665
50100,0.108,0.224,0.668
50200,0.097,0.227,0.676
50300,0.098,0.229,0.673
50400,0.097,0.225,0.678
50500,0.102,0.226,0.672
50600,0.099,0.227,0.674
50700,0.100,0.231,0.669
50800,0.104,0.219,0.677
50900,0.099,0.224,0.677
51000,0.104,0.226,0.670
51100,0.104,0.228,0.668
51200,0.112,0.224,0.664
51300,0.110,0.219,0.671
51400,0.108,0.225,0.667
51500,0.109,0.229,0.662
51600,0.110,0.226,0.664
51700,0.107,0.225,0.668
51800,0.106,0.218,0.676
51900,0.107,0.225,0.668
52000,0.109,0.218,0.673
52100,0.107,0.216,0.677
52200,0.105,0.216,0.679
52300,0.098,0.213,0.688
52400,0.100,0.212,0.687
52500,0.097,0.217,0.686
52600,0.092,0.216,0.693
52700,0.099,0.216,0.685
52800,0.102,0.215,0.683
52900,0.097,0.216,0.687
53000,0.097,0.213,0.689
53100,0.095,0.208,0.697
53200,0.098,0.210,0.692
53300,0.099,0.212,0.688
53400,0.097,0.223,0.680
53500,0.106,0.226,0.668
53600,0.115,0.218,0.667
53700,0.123,0.222,0.656
53800,0.115,0.219,0.666
53900,0.110,0.216,0.674
54000,0.112,0.213,0.674
54100,0.118,0.216,0.666
54200,0.112,0.215,0.673
54300,0.104,0.215,0.681
54400,0.101,0.221,0.678
54500,0.107,0.215,0.678
54600,0.107,0.216,0.677
54700,0.102,0.218,0.680
54800,0.103,0.218,0.679
54900,0.098,0.209,0.693
55000,0.097,0.208,0.695
55100,0.093,0.210,0.697
55200,0.092,0.222,0.686
55300,0.089,0.230,0.681
55400,0.085,0.229,0.686
55500,0.083,0.229,0.688
55600,0.080,0.237,0.683
55700,0.076,0.230,0.695
55800,0.080,0.225,0.696
55900,0.079,0.221,0.701
56000,0.090,0.220,0.691
56100,0.091,0.212,0.697
56200,0.087,0.215,0.699
56300,0.103,0.217,0.680
56400,0.104,0.211,0.684
56500,0.104,0.206,0.689
56600,0.104,0.206,0.689
56700,0.104,0.210,0.685
56800,0.113,0.216,0.671
56900,0.115,0.221,0.664
57000,0.112,0.218,0.670
57100,0.103,0.211,0.685
57200,0.104,0.209,0.686
57300,0.104,0.207,0.688
57400,0.090,0.206,0.704
57500,0.086,0.213,0.701
57600,0.082,0.222,0.697
57700,0.085,0.228,0.687
57800,0.086,0.233,0.681
57900,0.090,0.230,0.680
58000,0.082,0.224,0.695
58100,0.075,0.219,0.707
58200,0.078,0.215,0.708
58300,0.080,0.219,0.702
58400,0.084,0.225,0.692
58500,0.084,0.221,0.696
58600,0.085,0.213,0.702
58700,0.083,0.206,0.711
58800,0.083,0.205,0.712
58900,0.081,0.206,0.713
59000,0.082,0.207,0.711
59100,0.080,0.211,0.709
59200,0.087,0.213,0.700
59300,0.086,0.211,0.703
59400,0.088,0.222,0.691
59500,0.089,0.226,0.685
59600,0.088,0.230,0.682
59700,0.078,0.224,0.699
59800,0.079,0.211,0.710
59900,0.081,0.211,0.708
60000,0.087,0.215,0.699
60100,0.085,0.213,0.702
60200,0.087,0.221,0.693
60300,0.087,0.217,0.697
60400,0.089,0.222,0.689
60500,0.099,0.225,0.676
60600,0.099,0.228,0.673
60700,0.100,0.224,0.676
60800,0.100,0.243,0.657
60900,0.096,0.215,0.689
61000,0.097,0.215,0.688
61100,0.099,0.225,0.676
61200,0.094,0.223,0.683
61300,0.089,0.218,0.694
61400,0.089,0.215,0.697
61500,0.087,0.215,0.699
61600,0.091,0.208,0.701
61700,0.095,0.210,0.695
61800,0.094,0.210,0.696
61900,0.098,0.218,0.684
62000,0.100,0.222,0.678
62100,0.099,0.234,0.667
62200,0.105,0.234,0.661
62300,0.102,0.230,0.668
62400,0.100,0.241,0.659
62500,0.100,0.244,0.656
62600,0.097,0.244,0.659
62700,0.102,0.239,0.659
62800,0.099,0.237,0.664
62900,0.113,0.225,0.662
63000,0.111,0.226,0.663
63100,0.106,0.223,0.671
63200,0.097,0.228,0.675
63300,0.101,0.228,0.671
63400,0.101,0.222,0.677
63500,0.103,0.218,0.679
63600,0.103,0.210,0.686
63700,0.107,0.217,0.676
63800,0.107,0.212,0.680
63900,0.108,0.212,0.679
64000,0.111,0.220,0.669
64100,0.110,0.216,0.674
64200,0.107,0.216,0.677
64300,0.117,0.207,0.675
64400,0.118,0.204,0.677
64500,0.117,0.205,0.677
64600,0.113,0.205,0.681
64700,0.113,0.209,0.677
64800,0.108,0.212,0.679
64900,0.107,0.207,0.685
65000,0.100,0.207,0.693
65100,0.094,0.209,0.697
65200,0.084,0.211,0.705
65300,0.087,0.213,0.700
65400,0.085,0.216,0.700
65500,0.068,0.215,0.717
65600,0.070,0.221,0.709
65700,0.077,0.213,0.710
65800,0.068,0.219,0.713
65900,0.090,0.215,0.696
66000,0.090,0.225,0.685
66100,0.085,0.225,0.691
66200,0.083,0.223,0.695
66300,0.094,0.219,0.687
66400,0.090,0.212,0.698
66500,0.089,0.207,0.704
66600,0.091,0.210,0.699
66700,0.088,0.212,0.700
66800,0.086,0.209,0.705
66900,0.082,0.219,0.700
67000,0.084,0.227,0.689
67100,0.084,0.233,0.683
67200,0.089,0.226,0.685
67300,0.088,0.227,0.685
67400,0.089,0.232,0.679
67500,0.090,0.241,0.669
67600,0.095,0.241,0.664
67700,0.089,0.241,0.670
67800,0.097,0.231,0.672
67900,0.096,0.226,0.678
68000,0.090,0.220,0.691
68100,0.091,0.219,0.691
68200,0.088,0.220,0.693
68300,0.084,0.218,0.699
68400,0.084,0.218,0.699
68500,0.091,0.223,0.686
68600,0.100,0.231,0.669
68700,0.108,0.226,0.666
68800,0.106,0.223,0.671
68900,0.109,0.224,0.667
69000,0.097,0.225,0.678
69100,0.097,0.232,0.671
69200,0.093,0.233,0.674
69300,0.094,0.233,0.673
69400,0.106,0.239,0.655
69500,0.107,0.233,0.660
69600,0.106,0.233,0.661
69700,0.117,0.225,0.658
69800,0.120,0.223,0.658
69900,0.120,0.219,0.662
70000,0.122,0.212,0.666
70100,0.117,0.211,0.671
70200,0.127,0.207,0.666
70300,0.130,0.210,0.660
70400,0.126,0.212,0.662
70500,0.128,0.218,0.655
70600,0.121,0.219,0.661
70700,0.116,0.215,0.669
70800,0.120,0.205,0.675
70900,0.112,0.208,0.679
71000,0.111,0.211,0.677
71100,0.105,0.212,0.682
71200,0.105,0.211,0.683
71300,0.102,0.213,0.684
71400,0.107,0.210,0.682
71500,0.104,0.209,0.686
71600,0.110,0.210,0.679
71700,0.108,0.206,0.685
71800,0.104,0.200,0.696
71900,0.106,0.195,0.699
72000,0.102,0.201,0.697
72100,0.104,0.200,0.696
72200,0.102,0.205,0.693
72300,0.107,0.200,0.693
72400,0.110,0.195,0.695
72500,0.106,0.194,0.700
72600,0.112,0.191,0.697
72700,0.110,0.200,0.689
72800,0.104,0.198,0.698
72900,0.104,0.203,0.693
73000,0.102,0.206,0.692
73100,0.097,0.206,0.697
73200,0.099,0.206,0.695
73300,0.093,0.212,0.695
73400,0.091,0.203,0.706
73500,0.105,0.202,0.693
73600,0.104,0.201,0.695
73700,0.105,0.210,0.684
73800,0.114,0.208,0.677
73900,0.121,0.207,0.672
74000,0.131,0.202,0.667
74100,0.126,0.203,0.671
74200,0.125,0.207,0.668
74300,0.122,0.204,0.674
74400,0.120,0.202,0.678
74500,0.124,0.199,0.677
74600,0.124,0.211,0.665
74700,0.118,0.205,0.676
74800,0.113,0.201,0.685
74900,0.112,0.202,0.685
75000,0.113,0.198,0.688
75100,0.113,0.204,0.682
75200,0.113,0.202,0.684
75300,0.104,0.204,0.692
75400,0.106,0.204,0.689
75500,0.109,0.211,0.679
75600,0.107,0.204,0.688
75700,0.112,0.196,0.692
75800,0.114,0.193,0.693
75900,0.104,0.188,0.708
76000,0.109,0.194,0.697
76100,0.104,0.199,0.697
76200,0.112,0.200,0.687
76300,0.112,0.200,0.687
76400,0.109,0.201,0.689
76500,0.115,0.200,0.684
76600,0.116,0.205,0.678
76700,0.113,0.206,0.680
76800,0.105,0.202,0.693
76900,0.106,0.198,0.696
77000,0.106,0.195,0.699
77100,0.103,0.197,0.700
77200,0.099,0.200,0.701
77300,0.097,0.201,0.702
77400,0.097,0.200,0.703
77500,0.101,0.194,0.705
77600,0.095,0.193,0.712
77700,0.092,0.200,0.708
77800,0.092,0.197,0.711
77900,0.085,0.207,0.708
78000,0.082,0.204,0.714
78100,0.085,0.200,0.715
78200,0.087,0.204,0.709
78300,0.092,0.203,0.705
78400,0.107,0.205,0.687
78500,0.108,0.210,0.681
78600,0.100,0.213,0.686
78700,0.092,0.221,0.687
78800,0.095,0.218,0.687
78900,0.100,0.213,0.686
79000,0.096,0.212,0.692
79100,0.097,0.211,0.692
79200,0.089,0.205,0.706
79300,0.101,0.203,0.696
79400,0.096,0.202,0.702
79500,0.092,0.203,0.705
79600,0.100,0.203,0.697
79700,0.100,0.205,0.695
79800,0.101,0.209,0.689
79900,0.102,0.204,0.694
80000,0.094,0.208,0.698
80100,0.092,0.207,0.701
80200,0.090,0.210,0.700
80300,0.087,0.201,0.712
80400,0.084,0.205,0.711
80500,0.086,0.201,0.713
80600,0.091,0.198,0.711
80700,0.087,0.197,0.716
80800,0.088,0.188,0.724
80900,0.092,0.190,0.718
81000,0.093,0.190,0.717
81100,0.100,0.195,0.705
81200,0.100,0.194,0.706
81300,0.109,0.192,0.699
81400,0.104,0.191,0.705
81500,0.102,0.191,0.707
81600,0.101,0.189,0.710
81700,0.099,0.198,0.703
81800,0.097,0.198,0.705
81900,0.099,0.203,0.698
82000,0.099,0.194,0.707
82100,0.095,0.191,0.714
82200,0.092,0.191,0.717
82300,0.092,0.191,0.717
82400,0.094,0.197,0.709
82500,0.088,0.194,0.718
82600,0.086,0.190,0.724
82700,0.088,0.189,0.723
82800,0.088,0.189,0.723
82900,0.093,0.192,0.715
83000,0.092,0.187,0.721
83100,0.094,0.186,0.720
83200,0.098,0.185,0.717
83300,0.102,0.182,0.716
83400,0.099,0.183,0.718
83500,0.096,0.183,0.721
83600,0.098,0.187,0.715
83700,0.110,0.190,0.700
83800,0.113,0.194,0.693
83900,0.105,0.192,0.703
84000,0.108,0.197,0.695
84100,0.108,0.193,0.699
84200,0.106,0.187,0.707
84300,0.109,0.182,0.709
84400,0.111,0.186,0.703
84500,0.115,0.186,0.699
84600,0.120,0.183,0.698
84700,0.116,0.182,0.702
84800,0.109,0.186,0.705
84900,0.105,0.180,0.715
85000,0.109,0.182,0.709
85100,0.108,0.184,0.708
85200,0.103,0.193,0.704
85300,0.102,0.190,0.708
85400,0.100,0.190,0.710
85500,0.104,0.191,0.705
85600,0.105,0.191,0.704
85700,0.103,0.190,0.707
85800,0.105,0.194,0.701
85900,0.106,0.186,0.708
86000,0.098,0.190,0.712
86100,0.101,0.189,0.710
86200,0.099,0.187,0.714
86300,0.110,0.198,0.692
86400,0.112,0.193,0.695
86500,0.108,0.193,0.699
86600,0.106,0.187,0.707
86700,0.106,0.184,0.710
86800,0.100,0.188,0.712
86900,0.096,0.185,0.719
87000,0.096,0.186,0.718
87100,0.100,0.188,0.712
87200,0.092,0.186,0.722
87300,0.092,0.188,0.720
87400,0.088,0.194,0.718
87500,0.092,0.188,0.720
87600,0.088,0.187,0.725
87700,0.088,0.189,0.723
87800,0.086,0.192,0.722
87900,0.083,0.190,0.727
88000,0.088,0.183,0.729
88100,0.083,0.177,0.741
88200,0.083,0.182,0.735
88300,0.084,0.189,0.727
88400,0.083,0.190,0.727
88500,0.085,0.184,0.731
88600,0.093,0.185,0.722
88700,0.093,0.187,0.720
88800,0.093,0.183,0.724
88900,0.098,0.189,0.713
89000,0.093,0.199,0.708
89100,0.092,0.202,0.706
89200,0.092,0.207,0.701
89300,0.098,0.211,0.691
89400,0.099,0.210,0.691
89500,0.116,0.217,0.667
89600,0.114,0.217,0.669
89700,0.106,0.212,0.681
89800,0.103,0.217,0.680
89900,0.107,0.215,0.678
90000,0.105,0.209,0.685
90100,0.105,0.211,0.683
90200,0.104,0.204,0.692
90300,0.103,0.206,0.691
90400,0.096,0.209,0.695
90500,0.098,0.202,0.700
90600,0.100,0.200,0.700
90700,0.099,0.195,0.706
90800,0.100,0.198,0.702
90900,0.098,0.192,0.710
91000,0.102,0.194,0.704
91100,0.101,0.195,0.704
91200,0.097,0.196,0.707
91300,0.095,0.191,0.714
91400,0.095,0.184,0.721
91500,0.097,0.188,0.715
91600,0.102,0.189,0.709
91700,0.102,0.191,0.707
91800,0.094,0.191,0.715
91900,0.086,0.192,0.722
92000,0.085,0.195,0.720
92100,0.085,0.195,0.720
92200,0.092,0.194,0.714
92300,0.087,0.202,0.711
92400,0.089,0.198,0.713
92500,0.088,0.195,0.717
92600,0.080,0.198,0.722
92700,0.079,0.199,0.722
92800,0.074,0.197,0.729
92900,0.082,0.196,0.722
93000,0.081,0.201,0.718
93100,0.083,0.201,0.716
93200,0.086,0.202,0.712
93300,0.094,0.202,0.704
93400,0.093,0.209,0.698
93500,0.098,0.203,0.699
93600,0.101,0.200,0.699
93700,0.111,0.200,0.688
93800,0.112,0.202,0.685
93900,0.110,0.199,0.691
94000,0.107,0.203,0.689
94100,0.107,0.202,0.691
94200,0.105,0.199,0.696
94300,0.120,0.199,0.681
94400,0.111,0.201,0.687
94500,0.111,0.200,0.688
94600,0.107,0.205,0.687
94700,0.104,0.199,0.697
94800,0.110,0.200,0.689
94900,0.112,0.202,0.685
95000,0.102,0.206,0.692
95100,0.101,0.198,0.701
95200,0.106,0.197,0.697
95300,0.108,0.204,0.687
95400,0.101,0.204,0.695
95500,0.105,0.208,0.686
95600,0.113,0.204,0.682
95700,0.109,0.205,0.685
95800,0.109,0.202,0.688
95900,0.117,0.208,0.674
96000,0.115,0.194,0.691
96100,0.109,0.192,0.699
96200,0.115,0.190,0.695
96300,0.113,0.189,0.698
96400,0.108,0.184,0.708
96500,0.110,0.192,0.698
96600,0.095,0.186,0.719
96700,0.100,0.179,0.721
96800,0.101,0.176,0.723
96900,0.104,0.182,0.714
97000,0.100,0.176,0.724
97100,0.100,0.172,0.728
97200,0.104,0.176,0.720
97300,0.108,0.179,0.713
97400,0.110,0.186,0.704
97500,0.107,0.184,0.709
97600,0.127,0.177,0.697
97700,0.127,0.174,0.700
97800,0.129,0.170,0.702
97900,0.130,0.170,0.701
98000,0.131,0.163,0.706
98100,0.133,0.165,0.702
98200,0.156,0.170,0.674
98300,0.148,0.175,0.677
98400,0.144,0.172,0.684
98500,0.146,0.174,0.680
98600,0.138,0.168,0.695
98700,0.141,0.174,0.685
98800,0.133,0.170,0.698
98900,0.131,0.168,0.702
99000,0.126,0.165,0.709
99100,0.128,0.165,0.707
99200,0.121,0.164,0.715
99300,0.131,0.163,0.706
99400,0.134,0.163,0.703
99500,0.125,0.166,0.709
99600,0.127,0.171,0.703
99700,0.122,0.168,0.711
99800,0.124,0.165,0.711
99900,0.117,0.176,0.707
100000,0.124,0.170,0.707
