time,n_A+p,n_B,n_AB
500,0.050,0.816,0.134
1000,0.050,0.689,0.261
1500,0.050,0.561,0.389
2000,0.057,0.540,0.403
2500,0.051,0.472,0.477
3000,0.051,0.394,0.555
3500,0.059,0.400,0.541
4000,0.050,0.407,0.543
4500,0.050,0.456,0.494
5000,0.065,0.419,0.516
5500,0.062,0.366,0.572
6000,0.056,0.479,0.465
6500,0.052,0.423,0.525
7000,0.054,0.494,0.452
7500,0.051,0.543,0.406
8000,0.054,0.489,0.457
8500,0.050,0.494,0.456
9000,0.050,0.576,0.374
9500,0.054,0.438,0.508
10000,0.054,0.482,0.464
10500,0.057,0.452,0.491
11000,0.051,0.462,0.487
11500,0.051,0.485,0.464
12000,0.050,0.546,0.404
12500,0.056,0.482,0.462
13000,0.059,0.423,0.518
13500,0.067,0.392,0.541
14000,0.051,0.459,0.490
14500,0.062,0.378,0.560
15000,0.057,0.352,0.591
15500,0.060,0.371,0.569
16000,0.060,0.365,0.575
16500,0.070,0.367,0.563
17000,0.070,0.341,0.589
17500,0.056,0.393,0.551
18000,0.058,0.379,0.563
18500,0.068,0.336,0.596
19000,0.082,0.307,0.611
19500,0.063,0.345,0.592
20000,0.056,0.419,0.525
20500,0.050,0.424,0.526
21000,0.061,0.363,0.576
21500,0.074,0.383,0.543
22000,0.063,0.374,0.563
22500,0.064,0.371,0.565
23000,0.062,0.453,0.485
23500,0.051,0.509,0.440
24000,0.050,0.496,0.454
24500,0.050,0.525,0.425
25000,0.052,0.471,0.477
25500,0.058,0.497,0.445
26000,0.054,0.476,0.470
26500,0.050,0.487,0.463
27000,0.052,0.479,0.469
27500,0.051,0.441,0.508
28000,0.059,0.327,0.614
28500,0.075,0.302,0.623
29000,0.074,0.323,0.603
29500,0.068,0.314,0.618
30000,0.111,0.248,0.641
30500,0.106,0.209,0.685
31000,0.090,0.265,0.645
31500,0.091,0.300,0.609
32000,0.095,0.336,0.569
32500,0.087,0.327,0.586
33000,0.084,0.311,0.605
33500,0.089,0.261,0.650
34000,0.086,0.278,0.636
34500,0.107,0.263,0.630
35000,0.104,0.248,0.648
35500,0.112,0.254,0.634
36000,0.110,0.254,0.636
36500,0.124,0.219,0.657
37000,0.099,0.277,0.624
37500,0.090,0.303,0.607
38000,0.084,0.340,0.576
38500,0.100,0.273,0.627
39000,0.082,0.329,0.589
39500,0.096,0.319,0.585
40000,0.071,0.343,0.586
40500,0.058,0.381,0.561
41000,0.061,0.429,0.510
41500,0.051,0.441,0.508
42000,0.053,0.456,0.491
42500,0.056,0.375,0.569
43000,0.059,0.396,0.545
43500,0.062,0.407,0.531
44000,0.050,0.469,0.481
44500,0.050,0.459,0.491
45000,0.050,0.427,0.523
45500,0.061,0.423,0.516
46000,0.050,0.533,0.417
46500,0.052,0.449,0.499
47000,0.062,0.423,0.515
47500,0.060,0.387,0.553
48000,0.057,0.387,0.556
48500,0.068,0.403,0.529
49000,0.063,0.349,0.588
49500,0.060,0.331,0.609
50000,0.060,0.465,0.475
50500,0.050,0.412,0.538
51000,0.050,0.503,0.447
51500,0.050,0.512,0.438
52000,0.050,0.520,0.430
52500,0.055,0.561,0.384
53000,0.058,0.481,0.461
53500,0.052,0.577,0.371
54000,0.050,0.573,0.377
54500,0.050,0.495,0.455
55000,0.054,0.494,0.452
55500,0.050,0.470,0.480
56000,0.050,0.465,0.485
56500,0.059,0.461,0.480
57000,0.050,0.439,0.511
57500,0.050,0.497,0.453
58000,0.051,0.414,0.535
58500,0.074,0.347,0.579
59000,0.071,0.384,0.545
59500,0.065,0.357,0.578
60000,0.075,0.420,0.505
60500,0.056,0.461,0.483
61000,0.057,0.415,0.528
61500,0.053,0.415,0.532
62000,0.057,0.459,0.484
62500,0.050,0.434,0.516
63000,0.076,0.380,0.544
63500,0.055,0.384,0.561
64000,0.059,0.442,0.499
64500,0.059,0.379,0.562
65000,0.065,0.395,0.540
65500,0.085,0.301,0.614
66000,0.098,0.318,0.584
66500,0.073,0.283,0.644
67000,0.071,0.309,0.620
67500,0.076,0.380,0.544
68000,0.055,0.386,0.559
68500,0.067,0.359,0.574
69000,0.054,0.386,0.560
69500,0.069,0.386,0.545
70000,0.054,0.462,0.484
70500,0.057,0.477,0.466
71000,0.056,0.442,0.502
71500,0.058,0.419,0.523
72000,0.054,0.439,0.507
72500,0.056,0.426,0.518
73000,0.068,0.446,0.486
73500,0.062,0.445,0.493
74000,0.059,0.414,0.527
74500,0.062,0.320,0.618
75000,0.068,0.322,0.610
75500,0.072,0.379,0.549
76000,0.063,0.363,0.574
76500,0.055,0.374,0.571
77000,0.062,0.392,0.546
77500,0.093,0.298,0.609
78000,0.066,0.327,0.607
78500,0.082,0.357,0.561
79000,0.073,0.374,0.553
79500,0.072,0.352,0.576
80000,0.063,0.338,0.599
80500,0.060,0.384,0.556
81000,0.053,0.510,0.437
81500,0.056,0.431,0.513
82000,0.051,0.422,0.527
82500,0.059,0.433,0.508
83000,0.057,0.394,0.549
83500,0.055,0.415,0.530
84000,0.054,0.371,0.575
84500,0.067,0.381,0.552
85000,0.071,0.373,0.556
85500,0.051,0.428,0.521
86000,0.056,0.430,0.514
86500,0.053,0.458,0.489
87000,0.054,0.465,0.481
87500,0.051,0.445,0.504
88000,0.050,0.426,0.524
88500,0.052,0.454,0.494
89000,0.055,0.446,0.499
89500,0.061,0.434,0.505
90000,0.057,0.425,0.518
90500,0.094,0.358,0.548
91000,0.063,0.369,0.568
91500,0.070,0.367,0.563
92000,0.094,0.319,0.587
92500,0.099,0.239,0.662
93000,0.073,0.349,0.578
93500,0.058,0.408,0.534
94000,0.062,0.402,0.536
94500,0.064,0.366,0.570
95000,0.059,0.369,0.572
95500,0.060,0.390,0.550
96000,0.054,0.369,0.577
96500,0.065,0.394,0.541
97000,0.053,0.429,0.518
97500,0.052,0.471,0.477
98000,0.055,0.441,0.504
98500,0.053,0.418,0.529
99000,0.056,0.483,0.461
99500,0.056,0.438,0.506
100000,0.057,0.454,0.489
100500,0.060,0.435,0.505
101000,0.060,0.436,0.504
101500,0.058,0.448,0.494
102000,0.050,0.492,0.458
102500,0.057,0.478,0.465
103000,0.053,0.373,0.574
103500,0.052,0.478,0.470
104000,0.052,0.489,0.459
104500,0.050,0.469,0.481
105000,0.061,0.445,0.494
105500,0.061,0.367,0.572
106000,0.055,0.449,0.496
106500,0.050,0.578,0.372
107000,0.061,0.485,0.454
107500,0.059,0.438,0.503
108000,0.062,0.470,0.468
108500,0.067,0.391,0.542
109000,0.068,0.469,0.463
109500,0.053,0.471,0.476
110000,0.053,0.450,0.497
110500,0.059,0.499,0.442
111000,0.052,0.531,0.417
111500,0.058,0.495,0.447
112000,0.050,0.475,0.475
112500,0.052,0.427,0.521
113000,0.051,0.461,0.488
113500,0.051,0.453,0.496
114000,0.057,0.470,0.473
114500,0.051,0.432,0.517
115000,0.067,0.382,0.551
115500,0.060,0.398,0.542
116000,0.068,0.376,0.556
116500,0.053,0.410,0.537
117000,0.053,0.442,0.505
117500,0.050,0.446,0.504
118000,0.062,0.501,0.437
118500,0.051,0.479,0.470
119000,0.050,0.527,0.423
119500,0.050,0.472,0.478
120000,0.057,0.465,0.478
120500,0.053,0.430,0.517
121000,0.056,0.451,0.493
121500,0.057,0.437,0.506
122000,0.054,0.501,0.445
122500,0.051,0.511,0.438
123000,0.050,0.452,0.498
123500,0.050,0.519,0.431
124000,0.050,0.462,0.488
124500,0.052,0.450,0.498
125000,0.051,0.517,0.432
125500,0.052,0.554,0.394
126000,0.053,0.521,0.426
126500,0.056,0.529,0.415
127000,0.050,0.501,0.449
127500,0.061,0.446,0.493
128000,0.068,0.380,0.552
128500,0.073,0.322,0.605
129000,0.067,0.424,0.509
129500,0.052,0.474,0.474
130000,0.060,0.403,0.537
130500,0.070,0.334,0.596
131000,0.085,0.320,0.595
131500,0.083,0.348,0.569
132000,0.055,0.375,0.570
132500,0.057,0.317,0.626
133000,0.057,0.386,0.557
133500,0.053,0.423,0.524
134000,0.050,0.414,0.536
134500,0.050,0.458,0.492
135000,0.059,0.403,0.538
135500,0.058,0.382,0.560
136000,0.061,0.424,0.515
136500,0.050,0.476,0.474
137000,0.058,0.423,0.519
137500,0.057,0.418,0.525
138000,0.054,0.501,0.445
138500,0.054,0.424,0.522
139000,0.054,0.501,0.445
139500,0.051,0.448,0.501
140000,0.056,0.438,0.506
140500,0.053,0.433,0.514
141000,0.058,0.410,0.532
141500,0.050,0.393,0.557
142000,0.081,0.344,0.575
142500,0.070,0.413,0.517
143000,0.068,0.394,0.538
143500,0.059,0.420,0.521
144000,0.053,0.394,0.553
144500,0.058,0.383,0.559
145000,0.056,0.445,0.499
145500,0.066,0.409,0.525
146000,0.055,0.375,0.570
146500,0.056,0.395,0.549
147000,0.071,0.461,0.468
147500,0.058,0.473,0.469
148000,0.050,0.506,0.444
148500,0.054,0.447,0.499
149000,0.050,0.403,0.547
149500,0.064,0.443,0.493
150000,0.069,0.400,0.531
150500,0.068,0.356,0.576
151000,0.085,0.303,0.612
151500,0.064,0.360,0.576
152000,0.070,0.315,0.615
152500,0.077,0.304,0.619
153000,0.096,0.304,0.600
153500,0.099,0.300,0.601
154000,0.071,0.377,0.552
154500,0.080,0.326,0.594
155000,0.080,0.303,0.617
155500,0.097,0.306,0.597
156000,0.086,0.319,0.595
156500,0.079,0.340,0.581
157000,0.068,0.348,0.584
157500,0.071,0.366,0.563
158000,0.068,0.397,0.535
158500,0.077,0.365,0.558
159000,0.073,0.378,0.549
159500,0.073,0.344,0.583
160000,0.063,0.340,0.597
160500,0.073,0.366,0.561
161000,0.067,0.314,0.619
161500,0.084,0.325,0.591
162000,0.067,0.374,0.559
162500,0.052,0.417,0.531
163000,0.052,0.466,0.482
163500,0.055,0.478,0.467
164000,0.062,0.462,0.476
164500,0.071,0.416,0.513
165000,0.062,0.415,0.523
165500,0.052,0.437,0.511
166000,0.056,0.354,0.590
166500,0.065,0.322,0.613
167000,0.070,0.321,0.609
167500,0.063,0.394,0.543
168000,0.076,0.425,0.499
168500,0.064,0.445,0.491
169000,0.077,0.414,0.509
169500,0.079,0.321,0.600
170000,0.114,0.275,0.611
170500,0.099,0.295,0.606
171000,0.096,0.297,0.607
171500,0.084,0.310,0.606
172000,0.070,0.346,0.584
172500,0.093,0.327,0.580
173000,0.086,0.340,0.574
173500,0.077,0.273,0.650
174000,0.098,0.267,0.635
174500,0.090,0.283,0.627
175000,0.086,0.269,0.645
175500,0.079,0.357,0.564
176000,0.064,0.350,0.586
176500,0.066,0.365,0.569
177000,0.059,0.339,0.602
177500,0.073,0.361,0.566
178000,0.052,0.476,0.472
178500,0.050,0.485,0.465
179000,0.050,0.578,0.372
179500,0.050,0.562,0.388
180000,0.056,0.559,0.385
180500,0.050,0.439,0.511
181000,0.062,0.386,0.552
181500,0.060,0.403,0.537
182000,0.050,0.483,0.467
182500,0.061,0.439,0.500
183000,0.053,0.458,0.489
183500,0.050,0.488,0.462
184000,0.054,0.496,0.450
184500,0.055,0.385,0.560
185000,0.077,0.288,0.635
185500,0.092,0.316,0.592
186000,0.073,0.416,0.511
186500,0.078,0.380,0.542
187000,0.065,0.395,0.540
187500,0.054,0.490,0.456
188000,0.066,0.385,0.549
188500,0.062,0.421,0.517
189000,0.056,0.384,0.560
189500,0.062,0.380,0.558
190000,0.062,0.416,0.522
190500,0.073,0.363,0.564
191000,0.067,0.333,0.600
191500,0.062,0.385,0.553
192000,0.069,0.348,0.583
192500,0.067,0.342,0.591
193000,0.061,0.359,0.580
193500,0.059,0.344,0.597
194000,0.062,0.406,0.532
194500,0.072,0.383,0.545
195000,0.083,0.317,0.600
195500,0.087,0.314,0.599
196000,0.076,0.260,0.664
196500,0.157,0.150,0.693
197000,0.290,0.084,0.626
197500,0.523,0.023,0.454
198000,0.734,0.001,0.265
198500,0.806,0.000,0.194
199000,0.868,0.000,0.132
199500,0.926,0.000,0.074
200000,0.963,0.000,0.037
200500,0.978,0.000,0.022
201000,0.990,0.000,0.010
201500,0.992,0.000,0.008
202000,1.000,0.000,0.000
