time,n_A+p,n_B,n_AB
100,0.030,0.963,0.007
200,0.030,0.956,0.014
300,0.030,0.957,0.013
400,0.030,0.951,0.019
500,0.030,0.947,0.023
600,0.030,0.942,0.028
700,0.030,0.940,0.030
800,0.031,0.937,0.032
900,0.031,0.930,0.039
1000,0.031,0.922,0.047
1100,0.032,0.921,0.047
1200,0.032,0.919,0.049
1300,0.032,0.920,0.048
1400,0.032,0.920,0.048
1500,0.032,0.922,0.046
1600,0.033,0.918,0.049
1700,0.032,0.914,0.054
1800,0.032,0.908,0.060
1900,0.032,0.906,0.062
2000,0.032,0.907,0.061
2100,0.032,0.909,0.059
2200,0.032,0.909,0.059
2300,0.033,0.910,0.057
2400,0.033,0.910,0.057
2500,0.033,0.912,0.055
2600,0.033,0.908,0.059
2700,0.032,0.906,0.062
2800,0.032,0.906,0.062
2900,0.032,0.901,0.067
3000,0.032,0.897,0.071
3100,0.032,0.894,0.074
3200,0.034,0.887,0.079
3300,0.034,0.890,0.076
3400,0.036,0.888,0.076
3500,0.035,0.886,0.079
3600,0.034,0.879,0.087
3700,0.033,0.877,0.090
3800,0.032,0.881,0.087
3900,0.032,0.878,0.090
4000,0.032,0.865,0.103
4100,0.032,0.861,0.107
4200,0.034,0.862,0.104
4300,0.034,0.871,0.095
4400,0.033,0.868,0.099
4500,0.033,0.865,0.102
4600,0.037,0.862,0.101
4700,0.036,0.856,0.108
4800,0.036,0.866,0.098
4900,0.038,0.868,0.094
5000,0.038,0.867,0.095
5100,0.038,0.851,0.111
5200,0.039,0.850,0.111
5300,0.040,0.851,0.109
5400,0.038,0.852,0.110
5500,0.038,0.846,0.116
5600,0.037,0.839,0.124
5700,0.038,0.829,0.133
5800,0.036,0.827,0.137
5900,0.036,0.820,0.144
6000,0.037,0.812,0.151
6100,0.037,0.808,0.155
6200,0.039,0.809,0.152
6300,0.038,0.808,0.154
6400,0.037,0.798,0.165
6500,0.036,0.796,0.168
6600,0.040,0.795,0.165
6700,0.041,0.802,0.157
6800,0.042,0.792,0.166
6900,0.039,0.794,0.167
7000,0.040,0.796,0.164
7100,0.042,0.792,0.166
7200,0.042,0.796,0.162
7300,0.042,0.802,0.156
7400,0.039,0.803,0.158
7500,0.036,0.805,0.159
7600,0.035,0.813,0.152
7700,0.035,0.813,0.152
7800,0.039,0.815,0.146
7900,0.043,0.815,0.142
8000,0.041,0.808,0.151
8100,0.045,0.802,0.153
8200,0.045,0.806,0.149
8300,0.048,0.799,0.153
8400,0.049,0.801,0.150
8500,0.048,0.798,0.154
8600,0.047,0.795,0.158
8700,0.046,0.800,0.154
8800,0.044,0.801,0.155
8900,0.045,0.798,0.157
9000,0.043,0.793,0.164
9100,0.041,0.783,0.176
9200,0.041,0.783,0.176
9300,0.042,0.781,0.177
9400,0.042,0.787,0.171
9500,0.042,0.783,0.175
9600,0.041,0.787,0.172
9700,0.041,0.784,0.175
9800,0.041,0.788,0.171
9900,0.040,0.785,0.175
10000,0.041,0.787,0.172
10100,0.041,0.787,0.172
10200,0.043,0.777,0.180
10300,0.043,0.773,0.184
10400,0.043,0.776,0.181
10500,0.046,0.771,0.183
10600,0.046,0.773,0.181
10700,0.046,0.773,0.181
10800,0.046,0.779,0.175
10900,0.044,0.775,0.181
11000,0.044,0.770,0.186
11100,0.045,0.772,0.183
11200,0.043,0.772,0.185
11300,0.042,0.772,0.186
11400,0.040,0.765,0.195
11500,0.041,0.767,0.192
11600,0.042,0.767,0.191
11700,0.042,0.763,0.195
11800,0.044,0.756,0.200
11900,0.045,0.753,0.202
12000,0.046,0.757,0.197
12100,0.046,0.760,0.194
12200,0.042,0.757,0.201
12300,0.043,0.756,0.201
12400,0.041,0.750,0.209
12500,0.040,0.741,0.219
12600,0.042,0.739,0.219
12700,0.042,0.742,0.216
12800,0.041,0.724,0.235
12900,0.040,0.728,0.232
13000,0.042,0.723,0.235
13100,0.040,0.724,0.236
13200,0.043,0.725,0.232
13300,0.050,0.726,0.224
13400,0.047,0.725,0.228
13500,0.046,0.722,0.232
13600,0.048,0.729,0.223
13700,0.048,0.735,0.217
13800,0.048,0.731,0.221
13900,0.046,0.730,0.224
14000,0.044,0.735,0.221
14100,0.046,0.732,0.222
14200,0.043,0.729,0.228
14300,0.042,0.736,0.222
14400,0.042,0.742,0.216
14500,0.043,0.741,0.216
14600,0.041,0.734,0.225
14700,0.046,0.729,0.225
14800,0.047,0.722,0.231
14900,0.048,0.723,0.229
15000,0.050,0.715,0.235
15100,0.050,0.714,0.236
15200,0.049,0.709,0.242
15300,0.045,0.713,0.242
15400,0.052,0.703,0.245
15500,0.056,0.708,0.236
15600,0.057,0.705,0.238
15700,0.055,0.707,0.238
15800,0.063,0.714,0.223
15900,0.059,0.711,0.230
16000,0.057,0.709,0.234
16100,0.058,0.702,0.240
16200,0.061,0.700,0.239
16300,0.066,0.695,0.239
16400,0.068,0.691,0.241
16500,0.072,0.695,0.233
16600,0.070,0.694,0.236
16700,0.069,0.694,0.237
16800,0.073,0.688,0.239
16900,0.070,0.682,0.248
17000,0.070,0.678,0.252
17100,0.072,0.670,0.258
17200,0.075,0.670,0.255
17300,0.075,0.668,0.257
17400,0.072,0.655,0.273
17500,0.069,0.648,0.283
17600,0.068,0.650,0.282
17700,0.067,0.657,0.276
17800,0.069,0.661,0.270
17900,0.067,0.665,0.268
18000,0.071,0.666,0.263
18100,0.071,0.678,0.251
18200,0.073,0.670,0.257
18300,0.074,0.666,0.260
18400,0.066,0.672,0.262
18500,0.067,0.670,0.263
18600,0.065,0.674,0.261
18700,0.063,0.678,0.259
18800,0.067,0.688,0.245
18900,0.065,0.694,0.241
19000,0.061,0.689,0.250
19100,0.061,0.676,0.263
19200,0.063,0.680,0.257
19300,0.060,0.682,0.258
19400,0.067,0.676,0.257
19500,0.064,0.670,0.266
19600,0.061,0.668,0.271
19700,0.060,0.671,0.269
19800,0.060,0.666,0.274
19900,0.057,0.662,0.281
20000,0.055,0.661,0.284
20100,0.053,0.654,0.293
20200,0.053,0.652,0.295
20300,0.051,0.659,0.290
20400,0.054,0.665,0.281
20500,0.056,0.657,0.287
20600,0.058,0.664,0.278
20700,0.064,0.667,0.269
20800,0.067,0.669,0.264
20900,0.062,0.670,0.268
21000,0.064,0.674,0.262
21100,0.064,0.669,0.267
21200,0.062,0.675,0.263
21300,0.066,0.671,0.263
21400,0.066,0.682,0.252
21500,0.066,0.679,0.255
21600,0.063,0.673,0.264
21700,0.064,0.683,0.253
21800,0.066,0.689,0.245
21900,0.067,0.690,0.243
22000,0.067,0.695,0.238
22100,0.067,0.698,0.235
22200,0.065,0.691,0.244
22300,0.062,0.687,0.251
22400,0.065,0.681,0.254
22500,0.061,0.687,0.252
22600,0.064,0.687,0.249
22700,0.067,0.699,0.234
22800,0.065,0.701,0.234
22900,0.064,0.700,0.236
23000,0.064,0.710,0.226
23100,0.063,0.715,0.222
23200,0.062,0.719,0.219
23300,0.059,0.710,0.231
23400,0.052,0.708,0.240
23500,0.057,0.711,0.232
23600,0.052,0.707,0.241
23700,0.051,0.707,0.242
23800,0.049,0.706,0.245
23900,0.049,0.706,0.245
24000,0.046,0.705,0.249
24100,0.044,0.709,0.247
24200,0.049,0.707,0.244
24300,0.050,0.706,0.244
24400,0.051,0.709,0.240
24500,0.051,0.710,0.239
24600,0.050,0.703,0.247
24700,0.049,0.699,0.252
24800,0.052,0.696,0.252
24900,0.049,0.693,0.258
25000,0.052,0.692,0.256
25100,0.054,0.683,0.263
25200,0.052,0.677,0.271
25300,0.052,0.668,0.280
25400,0.056,0.658,0.286
25500,0.057,0.651,0.292
25600,0.056,0.635,0.309
25700,0.053,0.640,0.307
25800,0.054,0.645,0.301
25900,0.055,0.637,0.308
26000,0.059,0.646,0.295
26100,0.060,0.646,0.294
26200,0.055,0.650,0.295
26300,0.056,0.657,0.287
26400,0.053,0.652,0.295
26500,0.053,0.645,0.302
26600,0.054,0.648,0.298
26700,0.052,0.644,0.304
26800,0.051,0.653,0.296
26900,0.055,0.650,0.295
27000,0.053,0.653,0.294
27100,0.054,0.651,0.295
27200,0.061,0.642,0.297
27300,0.065,0.631,0.304
27400,0.064,0.627,0.309
27500,0.065,0.640,0.295
27600,0.059,0.643,0.298
27700,0.062,0.639,0.299
27800,0.062,0.639,0.299
27900,0.062,0.633,0.305
28000,0.068,0.632,0.300
28100,0.062,0.637,0.301
28200,0.060,0.636,0.304
28300,0.060,0.640,0.300
28400,0.061,0.639,0.300
28500,0.058,0.649,0.293
28600,0.051,0.656,0.293
28700,0.053,0.670,0.277
28800,0.054,0.661,0.285
28900,0.054,0.645,0.301
29000,0.054,0.654,0.292
29100,0.055,0.652,0.293
29200,0.056,0.640,0.304
29300,0.057,0.642,0.301
29400,0.056,0.648,0.296
29500,0.062,0.636,0.302
29600,0.063,0.623,0.314
29700,0.063,0.624,0.313
29800,0.066,0.630,0.304
29900,0.060,0.636,0.304
30000,0.062,0.638,0.300
30100,0.065,0.645,0.290
30200,0.067,0.643,0.290
30300,0.069,0.645,0.286
30400,0.069,0.635,0.296
30500,0.069,0.640,0.291
30600,0.074,0.635,0.291
30700,0.069,0.634,0.297
30800,0.069,0.628,0.303
30900,0.067,0.632,0.301
31000,0.073,0.620,0.307
31100,0.073,0.619,0.308
31200,0.073,0.627,0.300
31300,0.075,0.619,0.306
31400,0.073,0.632,0.295
31500,0.073,0.633,0.294
31600,0.071,0.630,0.299
31700,0.075,0.619,0.306
31800,0.077,0.618,0.305
31900,0.082,0.614,0.304
32000,0.080,0.610,0.310
32100,0.082,0.614,0.304
32200,0.082,0.608,0.310
32300,0.084,0.605,0.311
32400,0.081,0.606,0.313
32500,0.080,0.602,0.318
32600,0.080,0.605,0.315
32700,0.079,0.609,0.312
32800,0.078,0.611,0.311
32900,0.082,0.609,0.309
33000,0.076,0.603,0.321
33100,0.079,0.599,0.322
33200,0.078,0.599,0.323
33300,0.082,0.591,0.327
33400,0.081,0.595,0.324
33500,0.082,0.603,0.315
33600,0.080,0.615,0.305
33700,0.074,0.624,0.302
33800,0.074,0.629,0.297
33900,0.077,0.638,0.285
34000,0.078,0.629,0.293
34100,0.076,0.621,0.303
34200,0.073,0.622,0.305
34300,0.073,0.611,0.316
34400,0.075,0.607,0.318
34500,0.076,0.601,0.323
34600,0.080,0.601,0.319
34700,0.081,0.605,0.314
34800,0.077,0.611,0.312
34900,0.073,0.598,0.329
35000,0.073,0.601,0.326
35100,0.080,0.598,0.322
35200,0.083,0.595,0.322
35300,0.083,0.603,0.314
35400,0.077,0.593,0.330
35500,0.074,0.588,0.338
35600,0.074,0.589,0.337
35700,0.077,0.596,0.327
35800,0.081,0.604,0.315
35900,0.081,0.618,0.301
36000,0.075,0.608,0.317
36100,0.081,0.603,0.316
36200,0.086,0.590,0.324
36300,0.086,0.594,0.320
36400,0.087,0.586,0.327
36500,0.086,0.569,0.345
36600,0.085,0.564,0.351
36700,0.095,0.569,0.336
36800,0.092,0.565,0.343
36900,0.089,0.575,0.336
37000,0.092,0.567,0.341
37100,0.092,0.578,0.330
37200,0.089,0.581,0.330
37300,0.087,0.581,0.332
37400,0.095,0.576,0.329
37500,0.095,0.578,0.327
37600,0.099,0.578,0.323
37700,0.096,0.573,0.331
37800,0.103,0.574,0.323
37900,0.104,0.567,0.329
38000,0.103,0.569,0.328
38100,0.111,0.571,0.318
38200,0.108,0.563,0.329
38300,0.109,0.537,0.354
38400,0.114,0.543,0.343
38500,0.110,0.536,0.354
38600,0.104,0.529,0.367
38700,0.108,0.521,0.371
38800,0.104,0.521,0.375
38900,0.111,0.533,0.356
39000,0.116,0.531,0.353
39100,0.108,0.529,0.363
39200,0.110,0.530,0.360
39300,0.108,0.532,0.360
39400,0.111,0.528,0.361
39500,0.109,0.524,0.367
39600,0.105,0.526,0.369
39700,0.106,0.520,0.374
39800,0.102,0.518,0.380
39900,0.101,0.511,0.388
40000,0.102,0.514,0.384
40100,0.103,0.504,0.393
40200,0.105,0.503,0.392
40300,0.110,0.509,0.381
40400,0.113,0.508,0.379
40500,0.112,0.508,0.380
40600,0.112,0.519,0.369
40700,0.110,0.527,0.363
40800,0.108,0.517,0.375
40900,0.110,0.515,0.375
41000,0.119,0.514,0.367
41100,0.111,0.515,0.374
41200,0.113,0.517,0.370
41300,0.108,0.513,0.379
41400,0.104,0.505,0.391
41500,0.115,0.506,0.379
41600,0.114,0.510,0.376
41700,0.117,0.510,0.373
41800,0.110,0.505,0.385
41900,0.101,0.510,0.389
42000,0.117,0.515,0.368
42100,0.113,0.514,0.373
42200,0.115,0.517,0.368
42300,0.113,0.516,0.371
42400,0.116,0.520,0.364
42500,0.119,0.515,0.366
42600,0.119,0.527,0.354
42700,0.127,0.523,0.350
42800,0.121,0.526,0.353
42900,0.119,0.519,0.362
43000,0.116,0.520,0.364
43100,0.120,0.509,0.371
43200,0.110,0.515,0.375
43300,0.104,0.515,0.381
43400,0.106,0.514,0.380
43500,0.107,0.512,0.381
43600,0.113,0.511,0.376
43700,0.110,0.506,0.384
43800,0.107,0.498,0.395
43900,0.111,0.493,0.396
44000,0.117,0.497,0.386
44100,0.109,0.490,0.401
44200,0.108,0.494,0.398
44300,0.115,0.500,0.385
44400,0.117,0.500,0.383
44500,0.111,0.500,0.389
44600,0.121,0.489,0.390
44700,0.125,0.496,0.379
44800,0.129,0.489,0.382
44900,0.129,0.493,0.378
45000,0.130,0.502,0.368
45100,0.127,0.505,0.368
45200,0.124,0.509,0.367
45300,0.117,0.513,0.370
45400,0.118,0.507,0.375
45500,0.124,0.502,0.374
45600,0.126,0.502,0.372
45700,0.117,0.504,0.379
45800,0.118,0.504,0.378
45900,0.120,0.503,0.377
46000,0.119,0.494,0.387
46100,0.113,0.487,0.400
46200,0.112,0.487,0.401
46300,0.111,0.506,0.383
46400,0.102,0.492,0.406
46500,0.103,0.498,0.399
46600,0.102,0.498,0.400
46700,0.100,0.494,0.406
46800,0.100,0.491,0.409
46900,0.098,0.498,0.404
47000,0.095,0.507,0.398
47100,0.094,0.508,0.398
47200,0.094,0.515,0.391
47300,0.099,0.517,0.384
47400,0.105,0.513,0.382
47500,0.100,0.512,0.388
47600,0.097,0.513,0.390
47700,0.103,0.508,0.389
47800,0.099,0.490,0.411
47900,0.099,0.503,0.398
48000,0.102,0.497,0.401
48100,0.101,0.502,0.397
48200,0.106,0.513,0.381
48300,0.107,0.501,0.392
48400,0.114,0.507,0.379
48500,0.114,0.506,0.380
48600,0.117,0.506,0.377
48700,0.117,0.510,0.373
48800,0.116,0.508,0.376
48900,0.112,0.502,0.386
49000,0.110,0.503,0.387
49100,0.110,0.507,0.383
49200,0.111,0.512,0.377
49300,0.110,0.508,0.382
49400,0.112,0.512,0.376
49500,0.112,0.512,0.376
49600,0.118,0.508,0.374
49700,0.122,0.509,0.369
49800,0.124,0.512,0.364
49900,0.121,0.524,0.355
50000,0.114,0.517,0.369
50100,0.108,0.511,0.381
50200,0.109,0.519,0.372
50300,0.112,0.523,0.365
50400,0.107,0.527,0.366
50500,0.108,0.522,0.370
50600,0.101,0.524,0.375
50700,0.098,0.537,0.365
50800,0.099,0.539,0.362
50900,0.110,0.542,0.348
51000,0.107,0.537,0.356
51100,0.105,0.541,0.354
51200,0.103,0.547,0.350
51300,0.105,0.549,0.346
51400,0.106,0.563,0.331
51500,0.107,0.557,0.336
51600,0.107,0.554,0.339
51700,0.107,0.563,0.330
51800,0.113,0.556,0.331
51900,0.107,0.554,0.339
52000,0.110,0.561,0.329
52100,0.118,0.567,0.315
52200,0.107,0.555,0.338
52300,0.112,0.560,0.328
52400,0.120,0.567,0.313
52500,0.124,0.562,0.314
52600,0.122,0.551,0.327
52700,0.118,0.554,0.328
52800,0.117,0.558,0.325
52900,0.119,0.555,0.326
53000,0.121,0.552,0.327
53100,0.113,0.544,0.343
53200,0.120,0.539,0.341
53300,0.117,0.537,0.346
53400,0.119,0.530,0.351
53500,0.122,0.528,0.350
53600,0.132,0.517,0.351
53700,0.132,0.513,0.355
53800,0.132,0.509,0.359
53900,0.132,0.502,0.366
54000,0.132,0.501,0.367
54100,0.128,0.500,0.372
54200,0.128,0.503,0.369
54300,0.127,0.506,0.367
54400,0.127,0.509,0.364
54500,0.125,0.523,0.352
54600,0.121,0.517,0.362
54700,0.117,0.514,0.369
54800,0.113,0.524,0.363
54900,0.107,0.523,0.370
55000,0.102,0.517,0.381
55100,0.107,0.515,0.378
55200,0.107,0.510,0.383
55300,0.111,0.517,0.372
55400,0.107,0.516,0.377
55500,0.102,0.526,0.372
55600,0.107,0.526,0.367
55700,0.105,0.530,0.365
55800,0.116,0.528,0.356
55900,0.115,0.532,0.353
56000,0.115,0.534,0.351
56100,0.118,0.540,0.342
56200,0.117,0.552,0.331
56300,0.113,0.542,0.345
56400,0.109,0.546,0.345
56500,0.099,0.536,0.365
56600,0.100,0.526,0.374
56700,0.101,0.532,0.367
56800,0.101,0.532,0.367
56900,0.103,0.530,0.367
57000,0.097,0.527,0.376
57100,0.097,0.535,0.368
57200,0.093,0.544,0.363
57300,0.091,0.538,0.371
57400,0.085,0.529,0.386
57500,0.089,0.532,0.379
57600,0.091,0.525,0.384
57700,0.088,0.537,0.375
57800,0.088,0.536,0.376
57900,0.100,0.537,0.363
58000,0.105,0.550,0.345
58100,0.105,0.543,0.352
58200,0.108,0.535,0.357
58300,0.108,0.539,0.353
58400,0.107,0.522,0.371
58500,0.110,0.513,0.377
58600,0.113,0.509,0.378
58700,0.111,0.514,0.375
58800,0.107,0.516,0.377
58900,0.109,0.521,0.370
59000,0.106,0.533,0.361
59100,0.108,0.535,0.357
59200,0.111,0.522,0.367
59300,0.115,0.519,0.366
59400,0.109,0.531,0.360
59500,0.099,0.528,0.373
59600,0.096,0.535,0.369
59700,0.100,0.541,0.359
59800,0.093,0.533,0.374
59900,0.095,0.534,0.371
60000,0.093,0.543,0.364
60100,0.096,0.524,0.380
60200,0.101,0.524,0.375
60300,0.103,0.535,0.362
60400,0.098,0.532,0.370
60500,0.095,0.538,0.367
60600,0.090,0.529,0.381
60700,0.090,0.518,0.392
60800,0.092,0.525,0.383
60900,0.101,0.518,0.381
61000,0.100,0.526,0.374
61100,0.102,0.534,0.364
61200,0.102,0.521,0.377
61300,0.098,0.516,0.386
61400,0.104,0.514,0.382
61500,0.113,0.518,0.369
61600,0.118,0.521,0.361
61700,0.118,0.524,0.358
61800,0.115,0.532,0.353
61900,0.113,0.527,0.360
62000,0.107,0.531,0.362
62100,0.110,0.526,0.364
62200,0.107,0.527,0.366
62300,0.101,0.526,0.373
62400,0.101,0.531,0.368
62500,0.105,0.535,0.360
62600,0.109,0.528,0.363
62700,0.108,0.527,0.365
62800,0.116,0.528,0.356
62900,0.124,0.529,0.347
63000,0.120,0.535,0.345
63100,0.116,0.528,0.356
63200,0.123,0.542,0.335
63300,0.118,0.536,0.346
63400,0.116,0.535,0.349
63500,0.114,0.535,0.351
63600,0.110,0.516,0.374
63700,0.117,0.515,0.368
63800,0.123,0.524,0.353
63900,0.117,0.525,0.358
64000,0.116,0.528,0.356
64100,0.109,0.526,0.365
64200,0.120,0.523,0.357
64300,0.114,0.523,0.363
64400,0.110,0.528,0.362
64500,0.103,0.530,0.367
64600,0.103,0.522,0.375
64700,0.106,0.528,0.366
64800,0.107,0.520,0.373
64900,0.101,0.526,0.373
65000,0.101,0.530,0.369
65100,0.104,0.538,0.358
65200,0.103,0.541,0.356
65300,0.110,0.528,0.362
65400,0.108,0.534,0.358
65500,0.108,0.535,0.357
65600,0.111,0.534,0.355
65700,0.120,0.534,0.346
65800,0.124,0.533,0.343
65900,0.120,0.531,0.349
66000,0.124,0.515,0.361
66100,0.118,0.513,0.369
66200,0.124,0.507,0.369
66300,0.124,0.501,0.375
66400,0.135,0.504,0.361
66500,0.139,0.497,0.364
66600,0.141,0.503,0.356
66700,0.143,0.488,0.369
66800,0.146,0.481,0.373
66900,0.153,0.477,0.370
67000,0.151,0.484,0.365
67100,0.156,0.472,0.372
67200,0.155,0.476,0.369
67300,0.162,0.474,0.364
67400,0.159,0.467,0.374
67500,0.167,0.468,0.365
67600,0.160,0.472,0.368
67700,0.160,0.462,0.378
67800,0.151,0.457,0.392
67900,0.147,0.456,0.397
68000,0.149,0.453,0.398
68100,0.153,0.453,0.394
68200,0.151,0.468,0.381
68300,0.142,0.470,0.388
68400,0.146,0.462,0.392
68500,0.146,0.464,0.390
68600,0.137,0.463,0.400
68700,0.139,0.464,0.397
68800,0.148,0.450,0.402
68900,0.151,0.452,0.397
69000,0.158,0.459,0.383
69100,0.159,0.465,0.376
69200,0.155,0.459,0.386
69300,0.166,0.441,0.393
69400,0.156,0.436,0.408
69500,0.169,0.439,0.392
69600,0.176,0.437,0.387
69700,0.171,0.423,0.406
69800,0.163,0.434,0.403
69900,0.161,0.437,0.402
70000,0.157,0.440,0.403
70100,0.157,0.439,0.404
70200,0.153,0.437,0.410
70300,0.149,0.448,0.403
70400,0.142,0.442,0.416
70500,0.137,0.438,0.425
70600,0.140,0.435,0.425
70700,0.135,0.428,0.437
70800,0.139,0.439,0.422
70900,0.136,0.442,0.422
71000,0.137,0.433,0.430
71100,0.143,0.440,0.417
71200,0.145,0.453,0.402
71300,0.140,0.452,0.408
71400,0.140,0.462,0.398
71500,0.139,0.451,0.410
71600,0.136,0.464,0.400
71700,0.147,0.468,0.385
71800,0.154,0.472,0.374
71900,0.142,0.472,0.386
72000,0.151,0.475,0.374
72100,0.149,0.475,0.376
72200,0.153,0.469,0.378
72300,0.151,0.473,0.376
72400,0.154,0.469,0.377
72500,0.155,0.460,0.385
72600,0.158,0.462,0.380
72700,0.161,0.446,0.393
72800,0.168,0.457,0.375
72900,0.167,0.464,0.369
73000,0.165,0.457,0.378
73100,0.165,0.456,0.379
73200,0.168,0.469,0.363
73300,0.149,0.466,0.385
73400,0.144,0.460,0.396
73500,0.151,0.463,0.386
73600,0.146,0.452,0.402
73700,0.142,0.458,0.400
73800,0.140,0.471,0.389
73900,0.136,0.469,0.395
74000,0.135,0.460,0.405
74100,0.133,0.475,0.392
74200,0.136,0.469,0.395
74300,0.134,0.478,0.388
74400,0.137,0.496,0.367
74500,0.138,0.492,0.370
74600,0.147,0.486,0.367
74700,0.151,0.482,0.367
74800,0.150,0.483,0.367
74900,0.147,0.485,0.368
75000,0.146,0.483,0.371
75100,0.144,0.475,0.381
75200,0.137,0.462,0.401
75300,0.132,0.469,0.399
75400,0.128,0.468,0.404
75500,0.126,0.469,0.405
75600,0.126,0.479,0.395
75700,0.116,0.487,0.397
75800,0.118,0.479,0.403
75900,0.117,0.478,0.405
76000,0.115,0.485,0.400
76100,0.118,0.486,0.396
76200,0.117,0.491,0.392
76300,0.118,0.494,0.388
76400,0.122,0.482,0.396
76500,0.130,0.481,0.389
76600,0.126,0.483,0.391
76700,0.136,0.480,0.384
76800,0.130,0.480,0.390
76900,0.127,0.480,0.393
77000,0.118,0.473,0.409
77100,0.122,0.461,0.417
77200,0.123,0.460,0.417
77300,0.129,0.471,0.400
77400,0.132,0.471,0.397
77500,0.135,0.470,0.395
77600,0.128,0.464,0.408
77700,0.133,0.460,0.407
77800,0.132,0.451,0.417
77900,0.127,0.452,0.421
78000,0.122,0.448,0.430
78100,0.120,0.449,0.431
78200,0.116,0.438,0.446
78300,0.116,0.427,0.457
78400,0.118,0.433,0.449
78500,0.124,0.434,0.442
78600,0.120,0.452,0.428
78700,0.119,0.457,0.424
78800,0.129,0.464,0.407
78900,0.129,0.464,0.407
79000,0.128,0.464,0.408
79100,0.126,0.462,0.412
79200,0.131,0.454,0.415
79300,0.130,0.465,0.405
79400,0.136,0.459,0.405
79500,0.136,0.468,0.396
79600,0.145,0.470,0.385
79700,0.141,0.468,0.391
79800,0.142,0.472,0.386
79900,0.134,0.472,0.394
80000,0.131,0.465,0.404
80100,0.133,0.463,0.404
80200,0.134,0.460,0.406
80300,0.137,0.475,0.388
80400,0.137,0.469,0.394
80500,0.133,0.475,0.392
80600,0.142,0.474,0.384
80700,0.143,0.480,0.377
80800,0.145,0.483,0.372
80900,0.136,0.483,0.381
81000,0.136,0.482,0.382
81100,0.130,0.484,0.386
81200,0.131,0.481,0.388
81300,0.142,0.486,0.372
81400,0.135,0.475,0.390
81500,0.137,0.469,0.394
81600,0.143,0.462,0.395
81700,0.142,0.457,0.401
81800,0.145,0.451,0.404
81900,0.134,0.472,0.394
82000,0.136,0.468,0.396
82100,0.140,0.467,0.393
82200,0.141,0.463,0.396
82300,0.148,0.450,0.402
82400,0.143,0.462,0.395
82500,0.145,0.468,0.387
82600,0.143,0.460,0.397
82700,0.144,0.461,0.395
82800,0.147,0.463,0.390
82900,0.145,0.475,0.380
83000,0.149,0.480,0.371
83100,0.154,0.477,0.369
83200,0.156,0.477,0.367
83300,0.149,0.471,0.380
83400,0.139,0.474,0.387
83500,0.133,0.475,0.392
83600,0.137,0.478,0.385
83700,0.143,0.471,0.386
83800,0.140,0.479,0.381
83900,0.138,0.489,0.373
84000,0.133,0.488,0.379
84100,0.134,0.478,0.388
84200,0.134,0.472,0.394
84300,0.128,0.479,0.393
84400,0.130,0.478,0.392
84500,0.123,0.480,0.397
84600,0.128,0.480,0.392
84700,0.128,0.476,0.396
84800,0.131,0.472,0.397
84900,0.132,0.465,0.403
85000,0.133,0.469,0.398
85100,0.139,0.469,0.392
85200,0.144,0.460,0.396
85300,0.149,0.461,0.390
85400,0.149,0.474,0.377
85500,0.145,0.466,0.389
85600,0.143,0.460,0.397
85700,0.136,0.448,0.416
85800,0.134,0.447,0.419
85900,0.130,0.454,0.416
86000,0.131,0.448,0.421
86100,0.126,0.451,0.423
86200,0.132,0.460,0.408
86300,0.140,0.460,0.400
86400,0.151,0.465,0.384
86500,0.154,0.468,0.378
86600,0.154,0.459,0.387
86700,0.147,0.471,0.382
86800,0.149,0.470,0.381
86900,0.145,0.462,0.393
87000,0.139,0.468,0.393
87100,0.145,0.472,0.383
87200,0.151,0.477,0.372
87300,0.154,0.473,0.373
87400,0.152,0.466,0.382
87500,0.161,0.469,0.370
87600,0.157,0.465,0.378
87700,0.157,0.462,0.381
87800,0.157,0.459,0.384
87900,0.147,0.461,0.392
88000,0.147,0.459,0.394
88100,0.151,0.445,0.404
88200,0.147,0.455,0.398
88300,0.148,0.460,0.392
88400,0.148,0.455,0.397
88500,0.161,0.460,0.379
88600,0.170,0.453,0.377
88700,0.164,0.441,0.395
88800,0.163,0.445,0.392
88900,0.158,0.458,0.384
89000,0.163,0.442,0.395
89100,0.160,0.459,0.381
89200,0.157,0.459,0.384
89300,0.147,0.458,0.395
89400,0.150,0.458,0.392
89500,0.151,0.464,0.385
89600,0.150,0.461,0.389
89700,0.146,0.461,0.393
89800,0.144,0.467,0.389
89900,0.137,0.459,0.404
90000,0.133,0.461,0.406
90100,0.131,0.469,0.400
90200,0.132,0.479,0.389
90300,0.121,0.482,0.397
90400,0.120,0.478,0.402
90500,0.127,0.486,0.387
90600,0.127,0.497,0.376
90700,0.124,0.489,0.387
90800,0.124,0.490,0.386
90900,0.129,0.497,0.374
91000,0.132,0.501,0.367
91100,0.130,0.500,0.370
91200,0.129,0.488,0.383
91300,0.120,0.482,0.398
91400,0.126,0.481,0.393
91500,0.133,0.480,0.387
91600,0.137,0.480,0.383
91700,0.136,0.476,0.388
91800,0.133,0.484,0.383
91900,0.134,0.488,0.378
92000,0.133,0.488,0.379
92100,0.137,0.483,0.380
92200,0.153,0.484,0.363
92300,0.154,0.486,0.360
92400,0.149,0.487,0.364
92500,0.142,0.482,0.376
92600,0.142,0.476,0.382
92700,0.152,0.478,0.370
92800,0.160,0.479,0.361
92900,0.159,0.477,0.364
93000,0.164,0.471,0.365
93100,0.163,0.465,0.372
93200,0.165,0.460,0.375
93300,0.165,0.460,0.375
93400,0.171,0.461,0.368
93500,0.161,0.457,0.382
93600,0.156,0.448,0.396
93700,0.140,0.454,0.406
93800,0.138,0.454,0.408
93900,0.146,0.453,0.401
94000,0.150,0.442,0.408
94100,0.154,0.438,0.408
94200,0.162,0.441,0.397
94300,0.160,0.437,0.403
94400,0.159,0.431,0.410
94500,0.159,0.446,0.395
94600,0.159,0.434,0.407
94700,0.164,0.440,0.396
94800,0.176,0.440,0.384
94900,0.186,0.431,0.383
95000,0.188,0.432,0.380
95100,0.177,0.420,0.403
95200,0.176,0.421,0.403
95300,0.173,0.416,0.411
95400,0.185,0.410,0.405
95500,0.180,0.410,0.410
95600,0.177,0.402,0.421
95700,0.180,0.407,0.413
95800,0.182,0.412,0.406
95900,0.175,0.410,0.415
96000,0.179,0.416,0.405
96100,0.182,0.418,0.400
96200,0.175,0.414,0.411
96300,0.165,0.416,0.419
96400,0.161,0.423,0.416
96500,0.162,0.422,0.416
96600,0.155,0.410,0.435
96700,0.158,0.414,0.428
96800,0.162,0.414,0.424
96900,0.161,0.402,0.437
97000,0.165,0.402,0.433
97100,0.161,0.398,0.441
97200,0.158,0.400,0.442
97300,0.167,0.397,0.436
97400,0.165,0.404,0.431
97500,0.168,0.407,0.425
97600,0.170,0.408,0.422
97700,0.173,0.403,0.424
97800,0.183,0.410,0.407
97900,0.182,0.412,0.406
98000,0.176,0.410,0.414
98100,0.191,0.408,0.401
98200,0.177,0.407,0.416
98300,0.186,0.403,0.411
98400,0.193,0.403,0.404
98500,0.188,0.395,0.417
98600,0.181,0.392,0.427
98700,0.180,0.398,0.422
98800,0.181,0.406,0.413
98900,0.179,0.411,0.410
99000,0.171,0.402,0.427
99100,0.177,0.394,0.429
99200,0.174,0.404,0.422
99300,0.172,0.403,0.425
99400,0.165,0.400,0.435
99500,0.170,0.408,0.422
99600,0.177,0.403,0.420
99700,0.177,0.400,0.423
99800,0.183,0.398,0.419
99900,0.179,0.408,0.413
100000,0.182,0.401,0.417
