time,n_A+p,n_B,n_AB
500,0.030,0.203,0.767
1000,0.030,0.331,0.639
1500,0.030,0.268,0.702
2000,0.030,0.185,0.785
2500,0.030,0.177,0.793
3000,0.031,0.206,0.763
3500,0.030,0.264,0.706
4000,0.030,0.221,0.749
4500,0.030,0.265,0.705
5000,0.030,0.417,0.553
5500,0.030,0.162,0.808
6000,0.737,0.000,0.263
6500,0.998,0.000,0.002
7000,1.000,0.000,0.000
