time,n_A+p,n_B,n_AB
500,0.080,0.902,0.018
1000,0.080,0.880,0.040
1500,0.082,0.861,0.057
2000,0.083,0.847,0.071
2500,0.086,0.831,0.084
3000,0.086,0.822,0.093
3500,0.089,0.811,0.100
4000,0.091,0.800,0.108
4500,0.092,0.788,0.119
5000,0.092,0.777,0.130
5500,0.094,0.778,0.128
6000,0.102,0.763,0.135
6500,0.107,0.752,0.140
7000,0.107,0.750,0.143
7500,0.106,0.737,0.156
8000,0.108,0.733,0.159
8500,0.111,0.721,0.169
9000,0.116,0.710,0.174
9500,0.116,0.711,0.174
10000,0.114,0.704,0.182
10500,0.114,0.706,0.181
11000,0.113,0.691,0.197
11500,0.117,0.698,0.185
12000,0.115,0.701,0.184
12500,0.119,0.697,0.184
13000,0.117,0.688,0.195
13500,0.117,0.692,0.191
14000,0.118,0.680,0.201
14500,0.117,0.679,0.203
15000,0.126,0.676,0.198
15500,0.128,0.677,0.195
16000,0.130,0.681,0.190
16500,0.133,0.678,0.189
17000,0.133,0.677,0.190
17500,0.131,0.671,0.198
18000,0.130,0.659,0.211
18500,0.130,0.665,0.205
19000,0.129,0.665,0.206
19500,0.124,0.667,0.209
20000,0.127,0.652,0.221
20500,0.133,0.647,0.220
21000,0.129,0.652,0.219
21500,0.132,0.645,0.223
22000,0.136,0.646,0.218
22500,0.134,0.640,0.226
23000,0.132,0.645,0.223
23500,0.135,0.634,0.231
24000,0.134,0.640,0.226
24500,0.135,0.648,0.217
25000,0.140,0.636,0.225
25500,0.149,0.633,0.218
26000,0.152,0.629,0.219
26500,0.155,0.623,0.222
27000,0.153,0.621,0.226
27500,0.150,0.613,0.237
28000,0.153,0.606,0.241
28500,0.158,0.601,0.242
29000,0.157,0.601,0.242
29500,0.158,0.594,0.248
30000,0.157,0.590,0.253
30500,0.163,0.588,0.250
31000,0.161,0.590,0.249
31500,0.160,0.582,0.258
32000,0.167,0.579,0.255
32500,0.166,0.584,0.250
33000,0.172,0.584,0.244
33500,0.173,0.586,0.241
34000,0.175,0.585,0.240
34500,0.181,0.586,0.233
35000,0.177,0.581,0.242
35500,0.176,0.582,0.242
36000,0.182,0.574,0.245
36500,0.186,0.575,0.239
37000,0.184,0.562,0.254
37500,0.198,0.560,0.242
38000,0.207,0.554,0.239
38500,0.204,0.554,0.241
39000,0.201,0.543,0.255
39500,0.209,0.535,0.256
40000,0.206,0.521,0.272
40500,0.216,0.508,0.276
41000,0.221,0.502,0.277
41500,0.223,0.497,0.280
42000,0.233,0.487,0.280
42500,0.234,0.467,0.299
43000,0.235,0.477,0.288
43500,0.238,0.483,0.279
44000,0.240,0.477,0.282
44500,0.245,0.482,0.273
45000,0.245,0.481,0.274
45500,0.246,0.471,0.283
46000,0.248,0.465,0.287
46500,0.244,0.474,0.282
47000,0.245,0.470,0.284
47500,0.252,0.468,0.280
48000,0.245,0.480,0.275
48500,0.245,0.476,0.279
49000,0.247,0.475,0.277
49500,0.257,0.471,0.272
50000,0.260,0.461,0.279
50500,0.247,0.458,0.295
51000,0.242,0.466,0.292
51500,0.245,0.465,0.290
52000,0.243,0.458,0.299
52500,0.240,0.459,0.301
53000,0.242,0.458,0.300
53500,0.246,0.452,0.302
54000,0.252,0.450,0.298
54500,0.258,0.446,0.296
55000,0.258,0.448,0.294
55500,0.270,0.442,0.288
56000,0.266,0.429,0.305
56500,0.274,0.434,0.291
57000,0.271,0.423,0.307
57500,0.265,0.431,0.305
58000,0.262,0.436,0.302
58500,0.276,0.432,0.291
59000,0.271,0.429,0.301
59500,0.280,0.426,0.294
60000,0.281,0.414,0.304
60500,0.287,0.412,0.301
61000,0.288,0.400,0.311
61500,0.286,0.399,0.315
62000,0.292,0.388,0.320
62500,0.297,0.380,0.323
63000,0.301,0.377,0.322
63500,0.301,0.377,0.322
64000,0.293,0.378,0.329
64500,0.296,0.391,0.313
65000,0.301,0.381,0.318
65500,0.303,0.372,0.325
66000,0.308,0.377,0.315
66500,0.317,0.381,0.302
67000,0.324,0.358,0.317
67500,0.324,0.348,0.328
68000,0.331,0.342,0.327
68500,0.341,0.340,0.319
69000,0.356,0.331,0.314
69500,0.372,0.330,0.298
70000,0.382,0.315,0.304
70500,0.391,0.300,0.309
71000,0.384,0.307,0.308
71500,0.396,0.305,0.300
72000,0.406,0.294,0.299
72500,0.403,0.294,0.303
73000,0.405,0.286,0.309
73500,0.412,0.283,0.305
74000,0.425,0.273,0.302
74500,0.440,0.262,0.298
75000,0.446,0.256,0.299
75500,0.447,0.245,0.307
76000,0.456,0.234,0.310
76500,0.473,0.221,0.306
77000,0.479,0.215,0.305
77500,0.484,0.206,0.310
78000,0.489,0.193,0.319
78500,0.500,0.182,0.318
79000,0.497,0.177,0.325
79500,0.510,0.166,0.324
80000,0.525,0.169,0.306
80500,0.536,0.163,0.301
81000,0.543,0.163,0.294
81500,0.554,0.161,0.285
82000,0.564,0.151,0.285
82500,0.573,0.140,0.288
83000,0.581,0.139,0.281
83500,0.597,0.129,0.275
84000,0.607,0.127,0.267
84500,0.614,0.119,0.267
85000,0.636,0.113,0.251
85500,0.646,0.111,0.243
86000,0.653,0.111,0.236
86500,0.662,0.102,0.235
87000,0.664,0.098,0.238
87500,0.672,0.098,0.230
88000,0.686,0.084,0.229
88500,0.696,0.085,0.220
89000,0.708,0.076,0.216
89500,0.723,0.072,0.205
90000,0.740,0.070,0.190
90500,0.748,0.060,0.192
91000,0.753,0.059,0.188
91500,0.763,0.056,0.181
92000,0.778,0.053,0.169
92500,0.789,0.043,0.167
93000,0.806,0.045,0.149
93500,0.818,0.036,0.146
94000,0.835,0.036,0.129
94500,0.838,0.029,0.133
95000,0.846,0.024,0.130
95500,0.850,0.021,0.129
96000,0.866,0.018,0.116
96500,0.874,0.018,0.109
97000,0.892,0.016,0.092
97500,0.896,0.015,0.089
98000,0.899,0.012,0.089
98500,0.915,0.011,0.073
99000,0.915,0.010,0.075
99500,0.917,0.009,0.074
100000,0.921,0.007,0.071
100500,0.925,0.006,0.068
101000,0.932,0.005,0.062
101500,0.939,0.006,0.055
102000,0.942,0.006,0.052
102500,0.945,0.004,0.051
103000,0.948,0.004,0.049
103500,0.949,0.003,0.048
104000,0.948,0.002,0.050
104500,0.955,0.002,0.044
105000,0.956,0.002,0.042
105500,0.965,0.002,0.033
106000,0.969,0.001,0.030
106500,0.971,0.001,0.029
107000,0.975,0.001,0.025
107500,0.977,0.001,0.023
108000,0.976,0.000,0.024
108500,0.980,0.000,0.020
109000,0.982,0.001,0.017
109500,0.983,0.001,0.017
110000,0.985,0.001,0.015
110500,0.987,0.001,0.013
111000,0.988,0.001,0.012
111500,0.988,0.001,0.012
112000,0.990,0.001,0.010
112500,0.991,0.001,0.009
113000,0.992,0.001,0.008
113500,0.991,0.001,0.009
114000,0.990,0.001,0.010
114500,0.991,0.001,0.009
115000,0.991,0.001,0.009
115500,0.992,0.001,0.008
116000,0.992,0.000,0.008
116500,0.991,0.000,0.009
117000,0.993,0.000,0.007
117500,0.994,0.000,0.006
118000,0.994,0.000,0.006
118500,0.995,0.000,0.005
119000,0.995,0.000,0.005
119500,0.996,0.000,0.004
120000,0.997,0.000,0.003
120500,0.997,0.000,0.003
121000,0.998,0.000,0.002
121500,0.998,0.000,0.002
122000,0.998,0.000,0.002
122500,0.999,0.000,0.001
123000,0.999,0.000,0.001
123500,0.999,0.000,0.001
124000,1.000,0.000,0.000
124500,1.000,0.000,0.000
125000,0.999,0.000,0.001
125500,0.999,0.000,0.001
126000,0.999,0.000,0.001
126500,1.000,0.000,0.000
127000,1.000,0.000,0.000
127500,1.000,0.000,0.000
128000,1.000,0.000,0.000
