time,n_A+p,n_B,n_AB
100,0.395,0.476,0.130
200,0.327,0.429,0.244
300,0.288,0.399,0.313
400,0.269,0.367,0.363
500,0.236,0.324,0.440
600,0.216,0.318,0.466
700,0.204,0.302,0.494
800,0.184,0.286,0.530
900,0.170,0.259,0.571
1000,0.155,0.263,0.583
1100,0.142,0.242,0.616
1200,0.136,0.253,0.611
1300,0.134,0.236,0.629
1400,0.123,0.219,0.658
1500,0.130,0.220,0.650
1600,0.132,0.201,0.667
1700,0.140,0.188,0.672
1800,0.134,0.197,0.669
1900,0.130,0.173,0.697
2000,0.134,0.189,0.677
2100,0.126,0.171,0.703
2200,0.131,0.167,0.702
2300,0.129,0.153,0.718
2400,0.125,0.159,0.716
2500,0.123,0.157,0.721
2600,0.127,0.164,0.709
2700,0.130,0.153,0.717
2800,0.133,0.146,0.721
2900,0.125,0.138,0.737
3000,0.118,0.122,0.760
3100,0.127,0.126,0.747
3200,0.134,0.133,0.732
3300,0.125,0.125,0.750
3400,0.154,0.119,0.726
3500,0.150,0.126,0.724
3600,0.144,0.133,0.722
3700,0.130,0.123,0.747
3800,0.124,0.127,0.749
3900,0.120,0.121,0.759
4000,0.118,0.125,0.758
4100,0.140,0.128,0.732
4200,0.137,0.119,0.744
4300,0.130,0.126,0.744
4400,0.130,0.111,0.760
4500,0.116,0.118,0.765
4600,0.108,0.127,0.764
4700,0.118,0.119,0.764
4800,0.126,0.103,0.771
4900,0.109,0.095,0.796
5000,0.115,0.087,0.797
5100,0.138,0.084,0.778
5200,0.172,0.082,0.746
5300,0.164,0.078,0.758
5400,0.187,0.076,0.737
5500,0.164,0.080,0.756
5600,0.189,0.075,0.736
5700,0.201,0.069,0.731
5800,0.194,0.063,0.743
5900,0.225,0.063,0.712
6000,0.214,0.069,0.717
6100,0.216,0.067,0.717
6200,0.205,0.066,0.729
6300,0.185,0.065,0.750
6400,0.174,0.100,0.726
6500,0.155,0.095,0.750
6600,0.150,0.083,0.767
6700,0.130,0.075,0.795
6800,0.125,0.071,0.804
6900,0.130,0.065,0.805
7000,0.136,0.062,0.803
7100,0.134,0.069,0.797
7200,0.120,0.102,0.778
7300,0.114,0.098,0.788
7400,0.133,0.085,0.782
7500,0.151,0.088,0.761
7600,0.164,0.081,0.755
7700,0.149,0.094,0.757
7800,0.142,0.093,0.765
7900,0.141,0.079,0.780
8000,0.133,0.079,0.788
8100,0.120,0.088,0.792
8200,0.125,0.083,0.792
8300,0.130,0.087,0.783
8400,0.126,0.079,0.795
8500,0.114,0.081,0.806
8600,0.118,0.081,0.800
8700,0.112,0.083,0.804
8800,0.109,0.098,0.793
8900,0.104,0.111,0.785
9000,0.093,0.105,0.802
9100,0.098,0.095,0.807
9200,0.107,0.087,0.806
9300,0.103,0.083,0.814
9400,0.095,0.085,0.820
9500,0.105,0.072,0.823
9600,0.118,0.069,0.813
9700,0.115,0.069,0.816
9800,0.129,0.065,0.806
9900,0.142,0.066,0.792
10000,0.157,0.065,0.778
10100,0.152,0.061,0.787
10200,0.137,0.071,0.792
10300,0.133,0.074,0.793
10400,0.116,0.078,0.806
10500,0.111,0.064,0.825
10600,0.110,0.065,0.825
10700,0.118,0.066,0.816
10800,0.137,0.064,0.799
10900,0.139,0.060,0.802
11000,0.136,0.068,0.796
11100,0.120,0.075,0.805
11200,0.141,0.077,0.782
11300,0.133,0.093,0.774
11400,0.122,0.110,0.768
11500,0.136,0.091,0.773
11600,0.116,0.090,0.794
11700,0.109,0.098,0.793
11800,0.110,0.093,0.797
11900,0.101,0.092,0.807
12000,0.115,0.093,0.792
12100,0.130,0.087,0.783
12200,0.144,0.079,0.776
12300,0.140,0.079,0.781
12400,0.128,0.079,0.793
12500,0.123,0.066,0.811
12600,0.119,0.065,0.816
12700,0.121,0.069,0.810
12800,0.130,0.061,0.809
12900,0.128,0.063,0.808
13000,0.122,0.072,0.807
13100,0.114,0.079,0.808
13200,0.113,0.073,0.814
13300,0.119,0.068,0.813
13400,0.109,0.076,0.814
13500,0.098,0.081,0.821
13600,0.101,0.102,0.797
13700,0.084,0.113,0.803
13800,0.084,0.114,0.803
13900,0.076,0.129,0.795
14000,0.071,0.104,0.825
14100,0.076,0.107,0.817
14200,0.114,0.101,0.785
14300,0.116,0.088,0.796
14400,0.136,0.073,0.792
14500,0.148,0.066,0.786
14600,0.157,0.073,0.770
14700,0.155,0.068,0.777
14800,0.145,0.075,0.781
14900,0.140,0.076,0.785
15000,0.129,0.088,0.783
15100,0.131,0.083,0.786
15200,0.168,0.064,0.768
15300,0.158,0.059,0.782
15400,0.157,0.054,0.790
15500,0.153,0.063,0.783
15600,0.166,0.058,0.775
15700,0.161,0.056,0.783
15800,0.156,0.052,0.792
15900,0.144,0.047,0.810
16000,0.148,0.044,0.807
16100,0.137,0.056,0.807
16200,0.120,0.052,0.828
16300,0.125,0.079,0.796
16400,0.131,0.065,0.804
16500,0.136,0.056,0.808
16600,0.130,0.052,0.818
16700,0.114,0.055,0.831
16800,0.114,0.057,0.829
16900,0.119,0.070,0.811
17000,0.114,0.059,0.827
17100,0.113,0.080,0.807
17200,0.106,0.087,0.807
17300,0.105,0.084,0.811
17400,0.116,0.071,0.813
17500,0.102,0.090,0.808
17600,0.094,0.104,0.802
17700,0.094,0.087,0.820
17800,0.097,0.083,0.821
17900,0.098,0.074,0.828
18000,0.091,0.088,0.821
18100,0.079,0.094,0.828
18200,0.081,0.090,0.828
18300,0.077,0.092,0.831
18400,0.079,0.094,0.827
18500,0.081,0.087,0.832
18600,0.076,0.108,0.817
18700,0.069,0.108,0.824
18800,0.061,0.124,0.815
18900,0.069,0.136,0.796
19000,0.065,0.142,0.793
19100,0.065,0.141,0.794
19200,0.062,0.138,0.800
19300,0.065,0.155,0.779
19400,0.056,0.169,0.774
19500,0.068,0.160,0.772
19600,0.061,0.143,0.797
19700,0.068,0.138,0.794
19800,0.061,0.131,0.808
19900,0.068,0.122,0.811
20000,0.062,0.131,0.807
20100,0.065,0.115,0.821
20200,0.075,0.116,0.810
20300,0.067,0.133,0.800
20400,0.059,0.123,0.817
20500,0.062,0.126,0.812
20600,0.063,0.135,0.802
20700,0.065,0.153,0.783
20800,0.061,0.183,0.756
20900,0.067,0.188,0.745
21000,0.058,0.186,0.756
21100,0.056,0.175,0.769
21200,0.063,0.179,0.758
21300,0.062,0.155,0.783
21400,0.055,0.147,0.798
21500,0.048,0.161,0.791
21600,0.047,0.170,0.783
21700,0.044,0.172,0.784
21800,0.041,0.159,0.800
21900,0.040,0.151,0.809
22000,0.041,0.146,0.814
22100,0.070,0.139,0.791
22200,0.067,0.136,0.797
22300,0.063,0.168,0.768
22400,0.069,0.140,0.792
22500,0.065,0.146,0.789
22600,0.062,0.148,0.790
22700,0.052,0.157,0.792
22800,0.048,0.142,0.810
22900,0.049,0.139,0.811
23000,0.048,0.117,0.835
23100,0.045,0.127,0.827
23200,0.047,0.131,0.822
23300,0.042,0.130,0.828
23400,0.041,0.147,0.813
23500,0.037,0.153,0.811
23600,0.034,0.148,0.818
23700,0.037,0.150,0.813
23800,0.045,0.146,0.809
23900,0.036,0.151,0.813
24000,0.061,0.165,0.774
24100,0.056,0.171,0.773
24200,0.048,0.166,0.785
24300,0.051,0.178,0.771
24400,0.049,0.166,0.784
24500,0.044,0.198,0.757
24600,0.038,0.192,0.771
24700,0.044,0.171,0.785
24800,0.049,0.197,0.754
24900,0.045,0.189,0.765
25000,0.041,0.173,0.786
25100,0.062,0.158,0.779
25200,0.056,0.153,0.792
25300,0.050,0.158,0.792
25400,0.048,0.171,0.781
25500,0.040,0.180,0.780
25600,0.042,0.158,0.800
25700,0.049,0.154,0.797
25800,0.059,0.173,0.768
25900,0.048,0.149,0.803
26000,0.068,0.147,0.786
26100,0.073,0.157,0.771
26200,0.087,0.149,0.764
26300,0.081,0.145,0.774
26400,0.075,0.134,0.791
26500,0.072,0.156,0.772
26600,0.076,0.172,0.752
26700,0.079,0.182,0.739
26800,0.073,0.178,0.749
26900,0.075,0.167,0.758
27000,0.066,0.159,0.774
27100,0.072,0.135,0.793
27200,0.066,0.163,0.771
27300,0.056,0.160,0.783
27400,0.046,0.165,0.789
27500,0.054,0.165,0.781
27600,0.045,0.175,0.780
27700,0.045,0.190,0.765
27800,0.043,0.176,0.781
27900,0.046,0.173,0.781
28000,0.045,0.174,0.781
28100,0.045,0.158,0.797
28200,0.051,0.155,0.794
28300,0.048,0.146,0.806
28400,0.056,0.139,0.805
28500,0.065,0.154,0.781
28600,0.063,0.165,0.771
28700,0.053,0.159,0.788
28800,0.061,0.155,0.784
28900,0.063,0.159,0.778
29000,0.074,0.145,0.781
29100,0.078,0.154,0.768
29200,0.068,0.157,0.775
29300,0.065,0.158,0.777
29400,0.075,0.150,0.775
29500,0.091,0.150,0.758
29600,0.082,0.158,0.760
29700,0.070,0.162,0.768
29800,0.068,0.161,0.771
29900,0.073,0.165,0.762
30000,0.068,0.165,0.767
30100,0.073,0.165,0.763
30200,0.073,0.155,0.772
30300,0.076,0.146,0.778
30400,0.069,0.141,0.790
30500,0.061,0.137,0.802
30600,0.059,0.133,0.808
30700,0.060,0.136,0.804
30800,0.074,0.127,0.799
30900,0.063,0.139,0.799
31000,0.053,0.145,0.802
31100,0.069,0.159,0.772
31200,0.062,0.154,0.784
31300,0.059,0.169,0.772
31400,0.059,0.152,0.789
31500,0.052,0.148,0.800
31600,0.063,0.181,0.756
31700,0.061,0.186,0.754
31800,0.065,0.176,0.760
31900,0.065,0.147,0.788
32000,0.053,0.165,0.782
32100,0.055,0.175,0.770
32200,0.046,0.187,0.767
32300,0.057,0.166,0.776
32400,0.060,0.147,0.793
32500,0.073,0.152,0.775
32600,0.074,0.143,0.783
32700,0.072,0.140,0.788
32800,0.073,0.132,0.795
32900,0.070,0.133,0.797
33000,0.066,0.154,0.780
33100,0.070,0.150,0.780
33200,0.068,0.152,0.780
33300,0.068,0.123,0.808
33400,0.090,0.112,0.798
33500,0.101,0.132,0.767
33600,0.087,0.137,0.775
33700,0.079,0.145,0.776
33800,0.076,0.151,0.772
33900,0.073,0.148,0.779
34000,0.069,0.165,0.765
34100,0.066,0.158,0.775
34200,0.065,0.150,0.785
34300,0.058,0.158,0.784
34400,0.065,0.149,0.786
34500,0.051,0.146,0.803
34600,0.048,0.165,0.786
34700,0.049,0.151,0.800
34800,0.046,0.139,0.815
34900,0.056,0.127,0.817
35000,0.054,0.138,0.808
35100,0.050,0.143,0.807
35200,0.051,0.166,0.783
35300,0.052,0.141,0.806
35400,0.052,0.132,0.816
35500,0.048,0.157,0.795
35600,0.043,0.177,0.780
35700,0.050,0.157,0.793
35800,0.048,0.152,0.800
35900,0.046,0.151,0.803
36000,0.041,0.171,0.788
36100,0.044,0.179,0.778
36200,0.047,0.173,0.780
36300,0.039,0.176,0.785
36400,0.042,0.176,0.782
36500,0.047,0.155,0.798
36600,0.041,0.151,0.807
36700,0.048,0.141,0.811
36800,0.046,0.133,0.821
36900,0.047,0.129,0.824
37000,0.065,0.136,0.799
37100,0.060,0.138,0.802
37200,0.049,0.140,0.811
37300,0.042,0.154,0.804
37400,0.045,0.143,0.811
37500,0.040,0.168,0.793
37600,0.040,0.174,0.786
37700,0.037,0.172,0.791
37800,0.033,0.159,0.808
37900,0.034,0.169,0.797
38000,0.031,0.162,0.807
38100,0.038,0.177,0.785
38200,0.038,0.189,0.773
38300,0.040,0.197,0.763
38400,0.045,0.189,0.767
38500,0.043,0.188,0.769
38600,0.041,0.171,0.788
38700,0.042,0.154,0.804
38800,0.043,0.147,0.810
38900,0.049,0.169,0.782
39000,0.056,0.181,0.763
39100,0.041,0.191,0.768
39200,0.038,0.182,0.780
39300,0.048,0.166,0.786
39400,0.042,0.172,0.786
39500,0.037,0.173,0.790
39600,0.037,0.164,0.799
39700,0.041,0.175,0.784
39800,0.033,0.180,0.787
39900,0.043,0.173,0.784
40000,0.052,0.165,0.783
40100,0.047,0.150,0.803
40200,0.042,0.161,0.797
40300,0.041,0.178,0.781
40400,0.036,0.172,0.792
40500,0.041,0.182,0.778
40600,0.035,0.169,0.796
40700,0.036,0.171,0.793
40800,0.037,0.185,0.778
40900,0.042,0.197,0.761
41000,0.034,0.183,0.782
41100,0.034,0.208,0.758
41200,0.042,0.177,0.781
41300,0.040,0.175,0.785
41400,0.038,0.180,0.781
41500,0.033,0.184,0.783
41600,0.031,0.172,0.797
41700,0.033,0.198,0.769
41800,0.031,0.178,0.791
41900,0.031,0.184,0.785
42000,0.031,0.167,0.802
42100,0.036,0.171,0.793
42200,0.030,0.159,0.810
42300,0.043,0.144,0.813
42400,0.051,0.147,0.802
42500,0.048,0.192,0.760
42600,0.040,0.185,0.775
42700,0.041,0.175,0.784
42800,0.040,0.186,0.774
42900,0.043,0.179,0.778
43000,0.044,0.171,0.785
43100,0.045,0.171,0.785
43200,0.063,0.165,0.772
43300,0.067,0.164,0.769
43400,0.060,0.164,0.776
43500,0.059,0.179,0.763
43600,0.056,0.171,0.774
43700,0.050,0.164,0.786
43800,0.048,0.159,0.793
43900,0.055,0.166,0.779
44000,0.052,0.164,0.785
44100,0.054,0.157,0.789
44200,0.044,0.143,0.814
44300,0.064,0.153,0.783
44400,0.090,0.152,0.758
44500,0.086,0.155,0.760
44600,0.079,0.139,0.782
44700,0.096,0.133,0.771
44800,0.087,0.136,0.777
44900,0.081,0.123,0.796
45000,0.077,0.118,0.805
45100,0.061,0.115,0.824
45200,0.061,0.125,0.815
45300,0.062,0.125,0.813
45400,0.069,0.121,0.810
45500,0.062,0.111,0.827
45600,0.058,0.109,0.834
45700,0.058,0.119,0.824
45800,0.053,0.109,0.838
45900,0.053,0.115,0.832
46000,0.058,0.120,0.821
46100,0.051,0.130,0.819
46200,0.057,0.116,0.827
46300,0.052,0.122,0.825
46400,0.055,0.127,0.818
46500,0.059,0.132,0.809
46600,0.060,0.140,0.800
46700,0.060,0.143,0.797
46800,0.052,0.137,0.811
46900,0.049,0.129,0.822
47000,0.049,0.123,0.828
47100,0.052,0.132,0.816
47200,0.054,0.142,0.804
47300,0.048,0.141,0.810
47400,0.045,0.144,0.811
47500,0.043,0.159,0.798
47600,0.041,0.155,0.803
47700,0.039,0.150,0.811
47800,0.038,0.149,0.813
47900,0.034,0.165,0.801
48000,0.033,0.164,0.804
48100,0.029,0.149,0.822
48200,0.033,0.166,0.802
48300,0.033,0.159,0.808
48400,0.033,0.154,0.813
48500,0.036,0.144,0.821
48600,0.034,0.161,0.806
48700,0.036,0.159,0.805
48800,0.038,0.139,0.823
48900,0.039,0.141,0.820
49000,0.039,0.151,0.810
49100,0.037,0.172,0.790
49200,0.042,0.175,0.783
49300,0.035,0.165,0.800
49400,0.027,0.180,0.793
49500,0.029,0.179,0.792
49600,0.022,0.185,0.794
49700,0.028,0.179,0.793
49800,0.030,0.195,0.775
49900,0.029,0.200,0.771
50000,0.029,0.203,0.768
50100,0.036,0.211,0.753
50200,0.027,0.201,0.771
50300,0.031,0.199,0.769
50400,0.027,0.216,0.757
50500,0.025,0.203,0.772
50600,0.031,0.198,0.771
50700,0.031,0.189,0.780
50800,0.034,0.173,0.793
50900,0.036,0.197,0.768
51000,0.032,0.193,0.775
51100,0.033,0.188,0.779
51200,0.029,0.186,0.786
51300,0.029,0.173,0.799
51400,0.027,0.157,0.815
51500,0.033,0.176,0.791
51600,0.031,0.180,0.789
51700,0.048,0.183,0.769
51800,0.042,0.194,0.763
51900,0.041,0.184,0.775
52000,0.045,0.196,0.758
52100,0.040,0.200,0.761
52200,0.040,0.205,0.754
52300,0.040,0.186,0.774
52400,0.038,0.183,0.779
52500,0.053,0.164,0.783
52600,0.059,0.155,0.785
52700,0.045,0.154,0.800
52800,0.055,0.141,0.804
52900,0.055,0.147,0.798
53000,0.061,0.143,0.796
53100,0.057,0.150,0.793
53200,0.060,0.149,0.791
53300,0.062,0.147,0.792
53400,0.054,0.137,0.809
53500,0.063,0.133,0.803
53600,0.056,0.153,0.790
53700,0.062,0.161,0.778
53800,0.056,0.138,0.806
53900,0.052,0.130,0.817
54000,0.054,0.119,0.827
54100,0.058,0.119,0.822
54200,0.058,0.127,0.814
54300,0.066,0.126,0.808
54400,0.059,0.122,0.820
54500,0.059,0.114,0.827
54600,0.062,0.116,0.822
54700,0.060,0.122,0.818
54800,0.066,0.120,0.814
54900,0.087,0.107,0.807
55000,0.090,0.124,0.786
55100,0.096,0.122,0.782
55200,0.083,0.115,0.802
55300,0.073,0.158,0.768
55400,0.069,0.171,0.761
55500,0.074,0.149,0.777
55600,0.081,0.139,0.781
55700,0.075,0.119,0.806
55800,0.106,0.119,0.775
55900,0.086,0.114,0.800
56000,0.080,0.100,0.820
56100,0.073,0.102,0.825
56200,0.067,0.100,0.833
56300,0.071,0.102,0.827
56400,0.063,0.116,0.821
56500,0.061,0.117,0.822
56600,0.064,0.143,0.793
56700,0.077,0.131,0.792
56800,0.069,0.137,0.794
56900,0.064,0.127,0.808
57000,0.059,0.119,0.822
57100,0.059,0.116,0.825
57200,0.056,0.125,0.818
57300,0.054,0.140,0.806
57400,0.051,0.169,0.781
57500,0.056,0.174,0.770
57600,0.055,0.164,0.782
57700,0.051,0.191,0.758
57800,0.051,0.189,0.760
57900,0.042,0.185,0.773
58000,0.044,0.175,0.781
58100,0.038,0.168,0.794
58200,0.044,0.159,0.797
58300,0.047,0.175,0.778
58400,0.044,0.148,0.808
58500,0.056,0.173,0.770
58600,0.050,0.161,0.789
58700,0.050,0.153,0.797
58800,0.054,0.157,0.789
58900,0.052,0.150,0.797
59000,0.046,0.173,0.781
59100,0.063,0.165,0.772
59200,0.062,0.147,0.791
59300,0.061,0.153,0.787
59400,0.068,0.146,0.786
59500,0.068,0.133,0.799
59600,0.073,0.130,0.796
59700,0.072,0.113,0.815
59800,0.066,0.109,0.825
59900,0.078,0.103,0.819
60000,0.078,0.100,0.822
60100,0.071,0.104,0.825
60200,0.076,0.098,0.826
60300,0.073,0.110,0.817
60400,0.071,0.111,0.818
60500,0.084,0.119,0.797
60600,0.103,0.105,0.792
60700,0.095,0.097,0.807
60800,0.102,0.084,0.814
60900,0.090,0.083,0.827
61000,0.102,0.105,0.792
61100,0.101,0.095,0.804
61200,0.092,0.098,0.810
61300,0.093,0.094,0.813
61400,0.098,0.087,0.815
61500,0.106,0.081,0.813
61600,0.109,0.071,0.820
61700,0.132,0.072,0.796
61800,0.149,0.070,0.781
61900,0.162,0.081,0.756
62000,0.148,0.083,0.769
62100,0.139,0.083,0.779
62200,0.148,0.087,0.765
62300,0.126,0.088,0.786
62400,0.127,0.080,0.793
62500,0.124,0.074,0.802
62600,0.129,0.071,0.800
62700,0.118,0.066,0.816
62800,0.124,0.065,0.811
62900,0.122,0.066,0.812
63000,0.124,0.059,0.817
63100,0.114,0.056,0.830
63200,0.111,0.060,0.829
63300,0.115,0.054,0.831
63400,0.130,0.051,0.820
63500,0.145,0.048,0.807
63600,0.177,0.058,0.765
63700,0.164,0.052,0.783
63800,0.164,0.050,0.786
63900,0.148,0.058,0.794
64000,0.141,0.059,0.800
64100,0.129,0.051,0.820
64200,0.132,0.061,0.807
64300,0.132,0.059,0.809
64400,0.132,0.069,0.799
64500,0.132,0.062,0.806
64600,0.116,0.052,0.831
64700,0.115,0.048,0.837
64800,0.125,0.045,0.831
64900,0.111,0.038,0.850
65000,0.116,0.049,0.835
65100,0.111,0.048,0.842
65200,0.118,0.052,0.830
65300,0.125,0.049,0.826
65400,0.118,0.045,0.837
65500,0.131,0.047,0.822
65600,0.124,0.044,0.832
65700,0.129,0.054,0.817
65800,0.125,0.054,0.821
65900,0.131,0.045,0.824
66000,0.146,0.041,0.813
66100,0.139,0.044,0.817
66200,0.151,0.061,0.788
66300,0.152,0.049,0.799
66400,0.150,0.054,0.796
66500,0.137,0.054,0.810
66600,0.132,0.069,0.799
66700,0.130,0.063,0.807
66800,0.138,0.066,0.796
66900,0.136,0.068,0.797
67000,0.135,0.068,0.797
67100,0.138,0.054,0.808
67200,0.133,0.061,0.806
67300,0.131,0.079,0.790
67400,0.115,0.084,0.801
67500,0.116,0.077,0.807
67600,0.102,0.085,0.813
67700,0.092,0.077,0.831
67800,0.083,0.098,0.819
67900,0.098,0.086,0.816
68000,0.100,0.079,0.822
68100,0.102,0.076,0.822
68200,0.093,0.086,0.821
68300,0.082,0.080,0.838
68400,0.072,0.072,0.856
68500,0.080,0.073,0.846
68600,0.079,0.081,0.839
68700,0.087,0.068,0.845
68800,0.109,0.061,0.830
68900,0.105,0.062,0.834
69000,0.123,0.059,0.818
69100,0.124,0.067,0.809
69200,0.111,0.078,0.811
69300,0.128,0.071,0.801
69400,0.113,0.087,0.800
69500,0.111,0.086,0.803
69600,0.102,0.087,0.811
69700,0.093,0.106,0.801
69800,0.086,0.119,0.795
69900,0.083,0.123,0.794
70000,0.077,0.116,0.807
70100,0.079,0.141,0.781
70200,0.084,0.117,0.799
70300,0.091,0.095,0.814
70400,0.108,0.087,0.804
70500,0.107,0.086,0.807
70600,0.105,0.083,0.812
70700,0.118,0.083,0.799
70800,0.120,0.080,0.800
70900,0.109,0.076,0.814
71000,0.109,0.069,0.822
71100,0.109,0.070,0.821
71200,0.087,0.073,0.840
71300,0.087,0.063,0.850
71400,0.085,0.069,0.846
71500,0.107,0.056,0.837
71600,0.104,0.054,0.843
71700,0.116,0.050,0.834
71800,0.122,0.051,0.827
71900,0.136,0.059,0.806
72000,0.121,0.051,0.828
72100,0.121,0.056,0.823
72200,0.123,0.063,0.814
72300,0.112,0.057,0.831
72400,0.130,0.065,0.806
72500,0.149,0.058,0.793
72600,0.145,0.054,0.802
72700,0.154,0.059,0.787
72800,0.139,0.055,0.806
72900,0.145,0.052,0.803
73000,0.190,0.052,0.758
73100,0.183,0.053,0.764
73200,0.178,0.052,0.770
73300,0.163,0.042,0.795
73400,0.152,0.038,0.810
73500,0.160,0.039,0.801
73600,0.166,0.042,0.792
73700,0.179,0.044,0.776
73800,0.190,0.045,0.764
73900,0.176,0.049,0.775
74000,0.187,0.044,0.769
74100,0.185,0.038,0.777
74200,0.187,0.044,0.768
74300,0.178,0.038,0.784
74400,0.176,0.039,0.785
74500,0.187,0.066,0.747
74600,0.178,0.058,0.764
74700,0.165,0.062,0.773
74800,0.177,0.068,0.755
74900,0.183,0.068,0.749
75000,0.155,0.081,0.764
75100,0.144,0.068,0.788
75200,0.143,0.076,0.781
75300,0.139,0.060,0.802
75400,0.171,0.054,0.776
75500,0.158,0.055,0.786
75600,0.151,0.054,0.796
75700,0.148,0.051,0.800
75800,0.157,0.061,0.782
75900,0.154,0.051,0.795
76000,0.183,0.056,0.761
76100,0.189,0.056,0.754
76200,0.182,0.050,0.768
76300,0.186,0.045,0.769
76400,0.181,0.040,0.779
76500,0.191,0.036,0.773
76600,0.197,0.031,0.772
76700,0.229,0.029,0.742
76800,0.229,0.032,0.739
76900,0.229,0.030,0.741
77000,0.248,0.030,0.722
77100,0.263,0.037,0.700
77200,0.242,0.031,0.728
77300,0.220,0.033,0.747
77400,0.217,0.029,0.755
77500,0.211,0.035,0.754
77600,0.244,0.026,0.730
77700,0.225,0.030,0.745
77800,0.224,0.034,0.742
77900,0.227,0.040,0.733
78000,0.207,0.037,0.756
78100,0.193,0.030,0.777
78200,0.169,0.033,0.798
78300,0.164,0.045,0.791
78400,0.185,0.050,0.765
78500,0.198,0.049,0.753
78600,0.195,0.056,0.749
78700,0.221,0.050,0.729
78800,0.197,0.049,0.754
78900,0.207,0.056,0.737
79000,0.204,0.050,0.746
79100,0.207,0.051,0.742
79200,0.215,0.042,0.743
79300,0.237,0.045,0.718
79400,0.232,0.046,0.722
79500,0.240,0.033,0.727
79600,0.259,0.031,0.710
79700,0.237,0.033,0.730
79800,0.245,0.034,0.721
79900,0.253,0.036,0.712
80000,0.232,0.031,0.737
80100,0.237,0.030,0.732
80200,0.211,0.029,0.761
80300,0.232,0.030,0.739
80400,0.249,0.027,0.725
80500,0.247,0.029,0.724
80600,0.256,0.027,0.717
80700,0.236,0.027,0.737
80800,0.229,0.027,0.743
80900,0.217,0.026,0.757
81000,0.218,0.026,0.756
81100,0.211,0.021,0.768
81200,0.237,0.023,0.739
81300,0.260,0.021,0.719
81400,0.257,0.023,0.720
81500,0.277,0.019,0.704
81600,0.280,0.015,0.705
81700,0.286,0.017,0.696
81800,0.257,0.016,0.727
81900,0.242,0.021,0.737
82000,0.219,0.017,0.764
82100,0.203,0.017,0.780
82200,0.204,0.017,0.778
82300,0.235,0.013,0.752
82400,0.220,0.024,0.756
82500,0.202,0.025,0.773
82600,0.189,0.024,0.786
82700,0.186,0.032,0.782
82800,0.172,0.047,0.781
82900,0.155,0.039,0.806
83000,0.146,0.041,0.813
83100,0.150,0.058,0.793
83200,0.143,0.052,0.804
83300,0.144,0.048,0.808
83400,0.131,0.047,0.822
83500,0.128,0.050,0.822
83600,0.121,0.050,0.829
83700,0.114,0.058,0.828
83800,0.140,0.052,0.808
83900,0.126,0.049,0.825
84000,0.138,0.048,0.814
84100,0.151,0.049,0.799
84200,0.133,0.042,0.824
84300,0.134,0.050,0.815
84400,0.171,0.047,0.782
84500,0.176,0.040,0.784
84600,0.172,0.045,0.783
84700,0.171,0.040,0.790
84800,0.165,0.042,0.793
84900,0.164,0.049,0.788
85000,0.170,0.048,0.782
85100,0.159,0.073,0.768
85200,0.150,0.066,0.783
85300,0.146,0.059,0.795
85400,0.146,0.059,0.795
85500,0.139,0.052,0.809
85600,0.139,0.053,0.808
85700,0.135,0.059,0.806
85800,0.149,0.062,0.789
85900,0.123,0.076,0.801
86000,0.140,0.070,0.790
86100,0.139,0.088,0.772
86200,0.131,0.081,0.788
86300,0.129,0.070,0.800
86400,0.116,0.108,0.775
86500,0.107,0.091,0.802
86600,0.135,0.081,0.784
86700,0.133,0.076,0.791
86800,0.127,0.069,0.803
86900,0.139,0.061,0.800
87000,0.134,0.066,0.799
87100,0.135,0.055,0.810
87200,0.148,0.064,0.788
87300,0.171,0.067,0.762
87400,0.178,0.057,0.765
87500,0.179,0.065,0.756
87600,0.175,0.058,0.768
87700,0.143,0.059,0.797
87800,0.120,0.063,0.817
87900,0.116,0.070,0.814
88000,0.111,0.086,0.804
88100,0.120,0.077,0.803
88200,0.108,0.085,0.807
88300,0.129,0.066,0.804
88400,0.133,0.063,0.804
88500,0.120,0.065,0.815
88600,0.115,0.058,0.827
88700,0.137,0.061,0.802
88800,0.127,0.053,0.820
88900,0.135,0.066,0.799
89000,0.126,0.063,0.811
89100,0.130,0.054,0.816
89200,0.122,0.055,0.823
89300,0.134,0.056,0.810
89400,0.125,0.050,0.825
89500,0.127,0.056,0.817
89600,0.129,0.060,0.811
89700,0.140,0.061,0.799
89800,0.146,0.065,0.789
89900,0.157,0.066,0.778
90000,0.141,0.062,0.797
90100,0.134,0.061,0.805
90200,0.131,0.075,0.795
90300,0.118,0.067,0.815
90400,0.111,0.075,0.814
90500,0.128,0.072,0.800
90600,0.136,0.067,0.797
90700,0.123,0.068,0.810
90800,0.108,0.088,0.804
90900,0.115,0.075,0.811
91000,0.118,0.070,0.813
91100,0.116,0.069,0.815
91200,0.126,0.070,0.804
91300,0.122,0.068,0.810
91400,0.121,0.069,0.810
91500,0.105,0.079,0.815
91600,0.114,0.065,0.822
91700,0.131,0.062,0.807
91800,0.141,0.054,0.806
91900,0.144,0.049,0.807
92000,0.154,0.061,0.786
92100,0.144,0.054,0.802
92200,0.157,0.056,0.787
92300,0.157,0.063,0.781
92400,0.142,0.057,0.801
92500,0.150,0.062,0.788
92600,0.159,0.054,0.786
92700,0.141,0.048,0.811
92800,0.132,0.058,0.810
92900,0.134,0.069,0.797
93000,0.127,0.068,0.804
93100,0.125,0.069,0.807
93200,0.127,0.075,0.799
93300,0.118,0.065,0.818
93400,0.123,0.072,0.805
93500,0.114,0.079,0.807
93600,0.105,0.088,0.807
93700,0.104,0.087,0.808
93800,0.112,0.082,0.806
93900,0.095,0.102,0.803
94000,0.090,0.110,0.800
94100,0.079,0.111,0.810
94200,0.076,0.110,0.814
94300,0.087,0.110,0.803
94400,0.079,0.098,0.824
94500,0.080,0.075,0.845
94600,0.095,0.074,0.831
94700,0.107,0.076,0.818
94800,0.108,0.071,0.821
94900,0.116,0.072,0.812
95000,0.141,0.072,0.787
95100,0.148,0.062,0.790
95200,0.142,0.053,0.805
95300,0.150,0.052,0.798
95400,0.143,0.058,0.799
95500,0.128,0.048,0.824
95600,0.134,0.049,0.817
95700,0.162,0.044,0.793
95800,0.171,0.043,0.786
95900,0.135,0.050,0.815
96000,0.126,0.049,0.825
96100,0.117,0.057,0.826
96200,0.116,0.065,0.819
96300,0.120,0.059,0.821
96400,0.118,0.068,0.814
96500,0.130,0.080,0.789
96600,0.131,0.095,0.774
96700,0.118,0.104,0.778
96800,0.108,0.093,0.800
96900,0.099,0.091,0.810
97000,0.093,0.086,0.821
97100,0.083,0.081,0.835
97200,0.082,0.088,0.829
97300,0.065,0.093,0.842
97400,0.065,0.078,0.857
97500,0.104,0.075,0.821
97600,0.101,0.089,0.810
97700,0.080,0.087,0.833
97800,0.096,0.090,0.814
97900,0.089,0.084,0.827
98000,0.086,0.083,0.831
98100,0.091,0.085,0.824
98200,0.104,0.106,0.790
98300,0.086,0.103,0.811
98400,0.084,0.100,0.817
98500,0.100,0.096,0.804
98600,0.094,0.098,0.808
98700,0.083,0.096,0.821
98800,0.088,0.096,0.816
98900,0.081,0.090,0.829
99000,0.084,0.090,0.825
99100,0.080,0.073,0.847
99200,0.095,0.064,0.841
99300,0.135,0.060,0.805
99400,0.127,0.062,0.811
99500,0.127,0.072,0.801
99600,0.112,0.079,0.808
99700,0.110,0.065,0.825
99800,0.091,0.072,0.837
99900,0.087,0.078,0.835
100000,0.102,0.087,0.811
