time,n_A+p,n_B,n_AB
100,0.382,0.450,0.168
200,0.358,0.391,0.251
300,0.312,0.385,0.303
400,0.300,0.404,0.297
500,0.269,0.385,0.346
600,0.242,0.434,0.324
700,0.232,0.425,0.343
800,0.220,0.416,0.364
900,0.229,0.422,0.349
1000,0.242,0.446,0.312
1100,0.272,0.437,0.291
1200,0.260,0.456,0.284
1300,0.235,0.459,0.306
1400,0.242,0.459,0.300
1500,0.205,0.483,0.312
1600,0.208,0.480,0.312
1700,0.171,0.486,0.343
1800,0.165,0.483,0.352
1900,0.177,0.508,0.315
2000,0.168,0.554,0.278
2100,0.138,0.575,0.287
2200,0.131,0.612,0.257
2300,0.135,0.630,0.235
2400,0.116,0.627,0.257
2500,0.092,0.633,0.275
2600,0.098,0.691,0.211
2700,0.092,0.694,0.214
2800,0.083,0.703,0.214
2900,0.070,0.728,0.202
3000,0.073,0.743,0.183
3100,0.058,0.768,0.174
3200,0.049,0.801,0.150
3300,0.034,0.817,0.150
3400,0.031,0.829,0.141
3500,0.034,0.813,0.153
3600,0.031,0.835,0.135
3700,0.034,0.850,0.116
3800,0.031,0.853,0.116
3900,0.034,0.856,0.110
4000,0.043,0.862,0.095
4100,0.037,0.872,0.092
4200,0.031,0.878,0.092
4300,0.024,0.875,0.101
4400,0.028,0.914,0.058
4500,0.021,0.905,0.073
4600,0.018,0.899,0.083
4700,0.018,0.908,0.073
4800,0.015,0.911,0.073
4900,0.012,0.914,0.073
5000,0.015,0.893,0.092
5100,0.015,0.887,0.098
5200,0.031,0.902,0.067
5300,0.021,0.914,0.064
5400,0.015,0.893,0.092
5500,0.021,0.908,0.070
5600,0.021,0.908,0.070
5700,0.018,0.899,0.083
5800,0.012,0.908,0.080
5900,0.012,0.908,0.080
6000,0.009,0.914,0.076
6100,0.012,0.914,0.073
6200,0.006,0.924,0.070
6300,0.015,0.917,0.067
6400,0.009,0.917,0.073
6500,0.006,0.936,0.058
6600,0.003,0.942,0.055
6700,0.000,0.957,0.043
6800,0.000,0.966,0.034
6900,0.003,0.954,0.043
7000,0.003,0.966,0.031
7100,0.003,0.979,0.018
7200,0.003,0.982,0.015
7300,0.003,0.982,0.015
7400,0.003,0.982,0.015
7500,0.003,0.988,0.009
7600,0.003,0.988,0.009
7700,0.003,0.991,0.006
7800,0.003,0.991,0.006
7900,0.003,0.991,0.006
8000,0.003,0.991,0.006
8100,0.003,0.991,0.006
8200,0.003,0.991,0.006
8300,0.003,0.991,0.006
8400,0.003,0.988,0.009
8500,0.000,0.991,0.009
8600,0.000,0.991,0.009
8700,0.000,0.994,0.006
8800,0.000,0.991,0.009
8900,0.000,0.982,0.018
9000,0.000,0.972,0.028
9100,0.000,0.972,0.028
9200,0.000,0.982,0.018
9300,0.000,0.988,0.012
9400,0.000,0.985,0.015
9500,0.000,0.985,0.015
9600,0.000,0.985,0.015
9700,0.000,0.985,0.015
9800,0.000,0.991,0.009
9900,0.000,0.997,0.003
10000,0.000,1.000,0.000
