time,n_A+p,n_B,n_AB
500,0.080,0.497,0.423
1000,0.080,0.219,0.701
1500,0.082,0.176,0.742
2000,0.182,0.050,0.768
2500,0.587,0.004,0.409
3000,0.768,0.000,0.232
3500,0.914,0.000,0.086
4000,0.950,0.000,0.050
4500,0.968,0.000,0.032
5000,0.969,0.000,0.031
5500,0.941,0.000,0.059
6000,0.971,0.000,0.029
6500,0.977,0.000,0.023
7000,0.967,0.000,0.033
7500,0.933,0.000,0.067
8000,0.928,0.000,0.072
8500,0.954,0.000,0.046
9000,0.994,0.000,0.006
9500,1.000,0.000,0.000
10000,1.000,0.000,0.000
