time,n_A+p,n_B,n_AB
500,0.030,0.260,0.710
1000,0.030,0.237,0.733
1500,0.030,0.271,0.699
2000,0.030,0.292,0.678
2500,0.030,0.294,0.676
3000,0.030,0.411,0.559
3500,0.030,0.403,0.567
4000,0.030,0.396,0.574
4500,0.030,0.162,0.808
5000,0.030,0.170,0.800
5500,0.030,0.255,0.715
6000,0.564,0.003,0.433
6500,0.989,0.000,0.011
7000,1.000,0.000,0.000
