time,n_A+p,n_B,n_AB
500,0.080,0.411,0.509
1000,0.094,0.117,0.788
1500,0.213,0.041,0.746
2000,0.533,0.001,0.466
2500,0.623,0.000,0.377
3000,0.760,0.000,0.240
3500,0.838,0.000,0.162
4000,0.863,0.000,0.137
4500,0.868,0.000,0.132
5000,0.873,0.000,0.127
5500,0.833,0.000,0.167
6000,0.869,0.000,0.131
6500,0.822,0.000,0.178
7000,0.830,0.000,0.170
7500,0.927,0.000,0.073
8000,0.926,0.000,0.074
8500,0.955,0.000,0.045
9000,0.923,0.000,0.077
9500,0.956,0.000,0.044
10000,0.970,0.000,0.030
10500,0.891,0.000,0.109
11000,0.931,0.000,0.069
11500,0.937,0.000,0.063
12000,0.910,0.000,0.090
12500,0.864,0.000,0.136
13000,0.936,0.000,0.064
13500,0.962,0.000,0.038
14000,0.984,0.000,0.016
14500,0.982,0.000,0.018
15000,0.958,0.000,0.042
15500,0.929,0.000,0.071
16000,0.929,0.000,0.071
16500,0.916,0.000,0.084
17000,0.898,0.000,0.102
17500,0.946,0.000,0.054
18000,0.992,0.000,0.008
18500,0.986,0.000,0.014
19000,0.989,0.000,0.011
19500,0.999,0.000,0.001
20000,1.000,0.000,0.000
