time,n_A+p,n_B,n_AB
500,0.050,0.905,0.045
1000,0.050,0.878,0.072
1500,0.053,0.830,0.117
2000,0.052,0.789,0.159
2500,0.050,0.806,0.144
3000,0.053,0.815,0.132
3500,0.050,0.808,0.142
4000,0.053,0.797,0.150
4500,0.056,0.771,0.173
5000,0.057,0.777,0.166
5500,0.055,0.750,0.195
6000,0.053,0.739,0.208
6500,0.055,0.706,0.239
7000,0.059,0.693,0.248
7500,0.065,0.714,0.221
8000,0.066,0.724,0.210
8500,0.062,0.714,0.224
9000,0.059,0.709,0.232
9500,0.064,0.695,0.241
10000,0.062,0.703,0.235
10500,0.058,0.718,0.224
11000,0.059,0.720,0.221
11500,0.062,0.695,0.243
12000,0.065,0.690,0.245
12500,0.069,0.652,0.279
13000,0.081,0.623,0.296
13500,0.087,0.595,0.318
14000,0.085,0.581,0.334
14500,0.084,0.592,0.324
15000,0.092,0.567,0.341
15500,0.093,0.569,0.338
16000,0.101,0.560,0.339
16500,0.096,0.586,0.318
17000,0.108,0.576,0.316
17500,0.086,0.591,0.323
18000,0.086,0.598,0.316
18500,0.081,0.602,0.317
19000,0.082,0.587,0.331
19500,0.086,0.586,0.328
20000,0.076,0.572,0.352
20500,0.079,0.564,0.357
21000,0.071,0.552,0.377
21500,0.071,0.575,0.354
22000,0.075,0.564,0.361
22500,0.076,0.616,0.308
23000,0.063,0.602,0.335
23500,0.070,0.628,0.302
24000,0.074,0.652,0.274
24500,0.072,0.646,0.282
25000,0.062,0.632,0.306
25500,0.072,0.635,0.293
26000,0.075,0.625,0.300
26500,0.074,0.627,0.299
27000,0.076,0.636,0.288
27500,0.073,0.665,0.262
28000,0.074,0.630,0.296
28500,0.075,0.623,0.302
29000,0.066,0.644,0.290
29500,0.067,0.646,0.287
30000,0.074,0.660,0.266
30500,0.073,0.662,0.265
31000,0.060,0.667,0.273
31500,0.063,0.628,0.309
32000,0.062,0.661,0.277
32500,0.066,0.659,0.275
33000,0.065,0.649,0.286
33500,0.064,0.646,0.290
34000,0.059,0.678,0.263
34500,0.061,0.664,0.275
35000,0.063,0.672,0.265
35500,0.060,0.671,0.269
36000,0.061,0.705,0.234
36500,0.064,0.692,0.244
37000,0.058,0.661,0.281
37500,0.062,0.632,0.306
38000,0.070,0.653,0.277
38500,0.064,0.670,0.266
39000,0.065,0.653,0.282
39500,0.060,0.651,0.289
40000,0.060,0.643,0.297
40500,0.068,0.648,0.284
41000,0.077,0.628,0.295
41500,0.071,0.632,0.297
42000,0.070,0.601,0.329
42500,0.077,0.606,0.317
43000,0.083,0.580,0.337
43500,0.084,0.579,0.337
44000,0.082,0.557,0.361
44500,0.098,0.549,0.353
45000,0.111,0.535,0.354
45500,0.099,0.538,0.363
46000,0.092,0.552,0.356
46500,0.108,0.540,0.352
47000,0.098,0.558,0.344
47500,0.102,0.567,0.331
48000,0.099,0.538,0.363
48500,0.103,0.509,0.388
49000,0.107,0.504,0.389
49500,0.117,0.492,0.391
50000,0.116,0.475,0.409
50500,0.111,0.473,0.416
51000,0.091,0.502,0.407
51500,0.106,0.507,0.387
52000,0.108,0.512,0.380
52500,0.100,0.515,0.385
53000,0.105,0.510,0.385
53500,0.103,0.487,0.410
54000,0.106,0.502,0.392
54500,0.127,0.519,0.354
55000,0.116,0.497,0.387
55500,0.115,0.509,0.376
56000,0.113,0.482,0.405
56500,0.112,0.478,0.410
57000,0.123,0.466,0.411
57500,0.115,0.487,0.398
58000,0.111,0.489,0.400
58500,0.105,0.490,0.405
59000,0.101,0.524,0.375
59500,0.091,0.512,0.397
60000,0.098,0.538,0.364
60500,0.105,0.508,0.387
61000,0.111,0.489,0.400
61500,0.112,0.507,0.381
62000,0.126,0.494,0.380
62500,0.115,0.514,0.371
63000,0.121,0.492,0.387
63500,0.131,0.472,0.397
64000,0.122,0.469,0.409
64500,0.123,0.458,0.419
65000,0.118,0.449,0.433
65500,0.110,0.490,0.400
66000,0.128,0.479,0.393
66500,0.137,0.454,0.409
67000,0.147,0.424,0.429
67500,0.182,0.393,0.425
68000,0.164,0.409,0.427
68500,0.177,0.362,0.461
69000,0.188,0.351,0.461
69500,0.179,0.342,0.479
70000,0.201,0.321,0.478
70500,0.198,0.334,0.468
71000,0.202,0.375,0.423
71500,0.192,0.381,0.427
72000,0.181,0.373,0.446
72500,0.173,0.374,0.453
73000,0.199,0.378,0.423
73500,0.174,0.370,0.456
74000,0.190,0.366,0.444
74500,0.174,0.400,0.426
75000,0.192,0.390,0.418
75500,0.168,0.382,0.450
76000,0.177,0.360,0.463
76500,0.194,0.367,0.439
77000,0.194,0.348,0.458
77500,0.189,0.341,0.470
78000,0.192,0.363,0.445
78500,0.186,0.355,0.459
79000,0.204,0.297,0.499
79500,0.238,0.289,0.473
80000,0.244,0.278,0.478
80500,0.260,0.268,0.472
81000,0.267,0.254,0.479
81500,0.287,0.218,0.495
82000,0.339,0.187,0.474
82500,0.384,0.155,0.461
83000,0.401,0.109,0.490
83500,0.472,0.103,0.425
84000,0.530,0.091,0.379
84500,0.552,0.060,0.388
85000,0.629,0.044,0.327
85500,0.676,0.028,0.296
86000,0.738,0.014,0.248
86500,0.771,0.015,0.214
87000,0.781,0.007,0.212
87500,0.795,0.009,0.196
88000,0.827,0.006,0.167
88500,0.837,0.004,0.159
89000,0.877,0.001,0.122
89500,0.897,0.001,0.102
90000,0.920,0.001,0.079
90500,0.929,0.000,0.071
91000,0.933,0.000,0.067
91500,0.948,0.000,0.052
92000,0.953,0.000,0.047
92500,0.954,0.000,0.046
93000,0.952,0.000,0.048
93500,0.964,0.000,0.036
94000,0.977,0.000,0.023
94500,0.986,0.000,0.014
95000,0.984,0.000,0.016
95500,0.988,0.000,0.012
96000,0.994,0.000,0.006
96500,0.999,0.000,0.001
97000,0.999,0.000,0.001
97500,1.000,0.000,0.000
