time,n_A+p,n_B,n_AB
500,0.030,0.428,0.542
1000,0.030,0.393,0.577
1500,0.030,0.392,0.578
2000,0.030,0.417,0.553
2500,0.030,0.250,0.720
3000,0.030,0.204,0.766
3500,0.030,0.479,0.491
4000,0.030,0.496,0.474
4500,0.030,0.509,0.461
5000,0.030,0.218,0.752
5500,0.030,0.295,0.675
6000,0.030,0.319,0.651
6500,0.030,0.345,0.625
7000,0.030,0.410,0.560
7500,0.030,0.208,0.762
8000,0.030,0.374,0.596
8500,0.030,0.360,0.610
9000,0.030,0.356,0.614
9500,0.030,0.343,0.627
10000,0.030,0.342,0.628
10500,0.030,0.521,0.449
11000,0.030,0.245,0.725
11500,0.030,0.393,0.577
12000,0.030,0.387,0.583
12500,0.030,0.310,0.660
13000,0.030,0.236,0.734
13500,0.030,0.391,0.579
14000,0.030,0.358,0.612
14500,0.030,0.333,0.637
15000,0.030,0.387,0.583
15500,0.030,0.384,0.586
16000,0.030,0.278,0.692
16500,0.030,0.490,0.480
17000,0.030,0.287,0.683
17500,0.030,0.349,0.621
18000,0.030,0.399,0.571
18500,0.030,0.332,0.638
19000,0.030,0.356,0.614
19500,0.030,0.384,0.586
20000,0.030,0.498,0.472
20500,0.030,0.367,0.603
21000,0.030,0.212,0.758
21500,0.030,0.347,0.623
22000,0.030,0.312,0.658
22500,0.030,0.330,0.640
23000,0.030,0.252,0.718
23500,0.030,0.286,0.684
24000,0.030,0.368,0.602
24500,0.030,0.444,0.526
25000,0.030,0.455,0.515
25500,0.030,0.390,0.580
26000,0.030,0.374,0.596
26500,0.030,0.339,0.631
27000,0.030,0.534,0.436
27500,0.030,0.296,0.674
28000,0.030,0.398,0.572
28500,0.030,0.311,0.659
29000,0.030,0.372,0.598
29500,0.030,0.378,0.592
30000,0.030,0.322,0.648
30500,0.030,0.385,0.585
31000,0.030,0.257,0.713
31500,0.030,0.467,0.503
32000,0.030,0.397,0.573
32500,0.030,0.638,0.332
33000,0.030,0.338,0.632
33500,0.030,0.218,0.752
34000,0.030,0.462,0.508
34500,0.030,0.395,0.575
35000,0.030,0.355,0.615
35500,0.030,0.352,0.618
36000,0.030,0.254,0.716
36500,0.030,0.363,0.607
37000,0.030,0.198,0.772
37500,0.030,0.432,0.538
38000,0.030,0.229,0.741
38500,0.030,0.405,0.565
39000,0.030,0.143,0.827
39500,0.030,0.477,0.493
40000,0.030,0.504,0.466
40500,0.030,0.345,0.625
41000,0.030,0.426,0.544
41500,0.030,0.437,0.533
42000,0.030,0.412,0.558
42500,0.033,0.202,0.765
43000,0.030,0.427,0.543
43500,0.030,0.440,0.530
44000,0.030,0.325,0.645
44500,0.030,0.410,0.560
45000,0.030,0.356,0.614
45500,0.030,0.505,0.465
46000,0.030,0.347,0.623
46500,0.030,0.414,0.556
47000,0.030,0.412,0.558
47500,0.030,0.397,0.573
48000,0.030,0.310,0.660
48500,0.030,0.400,0.570
49000,0.030,0.225,0.745
49500,0.030,0.412,0.558
50000,0.030,0.359,0.611
50500,0.030,0.312,0.658
51000,0.030,0.281,0.689
51500,0.030,0.300,0.670
52000,0.030,0.272,0.698
52500,0.030,0.367,0.603
53000,0.030,0.201,0.769
53500,0.030,0.426,0.544
54000,0.030,0.308,0.662
54500,0.030,0.335,0.635
55000,0.030,0.361,0.609
55500,0.030,0.296,0.674
56000,0.030,0.360,0.610
56500,0.030,0.403,0.567
57000,0.030,0.379,0.591
57500,0.030,0.311,0.659
58000,0.030,0.393,0.577
58500,0.030,0.209,0.761
59000,0.030,0.328,0.642
59500,0.030,0.257,0.713
60000,0.030,0.434,0.536
60500,0.030,0.616,0.354
61000,0.030,0.350,0.620
61500,0.030,0.220,0.750
62000,0.030,0.483,0.487
62500,0.030,0.468,0.502
63000,0.030,0.428,0.542
63500,0.030,0.329,0.641
64000,0.030,0.379,0.591
64500,0.030,0.304,0.666
65000,0.030,0.495,0.475
65500,0.030,0.348,0.622
66000,0.030,0.393,0.577
66500,0.030,0.365,0.605
67000,0.030,0.494,0.476
67500,0.030,0.326,0.644
68000,0.030,0.265,0.705
68500,0.030,0.242,0.728
69000,0.030,0.380,0.590
69500,0.030,0.283,0.687
70000,0.030,0.317,0.653
70500,0.030,0.373,0.597
71000,0.030,0.226,0.744
71500,0.030,0.396,0.574
72000,0.030,0.127,0.843
72500,0.030,0.317,0.653
73000,0.030,0.295,0.675
73500,0.030,0.384,0.586
74000,0.030,0.367,0.603
74500,0.030,0.461,0.509
75000,0.030,0.469,0.501
75500,0.030,0.315,0.655
76000,0.030,0.436,0.534
76500,0.030,0.283,0.687
77000,0.030,0.224,0.746
77500,0.030,0.357,0.613
78000,0.030,0.464,0.506
78500,0.030,0.377,0.593
79000,0.030,0.241,0.729
79500,0.030,0.277,0.693
80000,0.030,0.431,0.539
80500,0.030,0.330,0.640
81000,0.030,0.371,0.599
81500,0.030,0.358,0.612
82000,0.030,0.349,0.621
82500,0.030,0.246,0.724
83000,0.030,0.259,0.711
83500,0.030,0.526,0.444
84000,0.030,0.420,0.550
84500,0.030,0.514,0.456
85000,0.030,0.451,0.519
85500,0.030,0.385,0.585
86000,0.030,0.375,0.595
86500,0.030,0.366,0.604
87000,0.030,0.301,0.669
87500,0.992,0.000,0.008
88000,1.000,0.000,0.000
