time,n_A+p,n_B,n_AB
100,0.361,0.443,0.196
200,0.297,0.416,0.287
300,0.263,0.379,0.358
400,0.232,0.364,0.404
500,0.229,0.394,0.376
600,0.202,0.388,0.410
700,0.217,0.367,0.416
800,0.208,0.379,0.413
900,0.232,0.367,0.401
1000,0.220,0.336,0.443
1100,0.205,0.349,0.446
1200,0.187,0.364,0.450
1300,0.193,0.373,0.434
1400,0.190,0.391,0.419
1500,0.183,0.385,0.431
1600,0.180,0.382,0.437
1700,0.174,0.382,0.443
1800,0.193,0.428,0.379
1900,0.177,0.434,0.388
2000,0.190,0.450,0.361
2100,0.144,0.450,0.407
2200,0.141,0.431,0.428
2300,0.153,0.443,0.404
2400,0.153,0.434,0.413
2500,0.135,0.453,0.413
2600,0.125,0.456,0.419
2700,0.150,0.486,0.364
2800,0.144,0.495,0.361
2900,0.125,0.498,0.376
3000,0.107,0.505,0.388
3100,0.110,0.492,0.398
3200,0.110,0.502,0.388
3300,0.113,0.471,0.416
3400,0.116,0.437,0.446
3500,0.122,0.419,0.459
3600,0.135,0.410,0.456
3700,0.135,0.401,0.465
3800,0.135,0.428,0.437
3900,0.131,0.440,0.428
4000,0.098,0.477,0.425
4100,0.113,0.495,0.391
4200,0.150,0.450,0.401
4300,0.122,0.450,0.428
4400,0.116,0.456,0.428
4500,0.104,0.462,0.434
4600,0.122,0.450,0.428
4700,0.135,0.471,0.394
4800,0.138,0.511,0.352
4900,0.110,0.498,0.391
5000,0.098,0.498,0.404
5100,0.080,0.498,0.422
5200,0.104,0.505,0.391
5300,0.095,0.526,0.379
5400,0.098,0.465,0.437
5500,0.104,0.450,0.446
5600,0.101,0.489,0.410
5700,0.095,0.477,0.428
5800,0.064,0.508,0.428
5900,0.058,0.538,0.404
6000,0.064,0.563,0.373
6100,0.058,0.547,0.394
6200,0.055,0.526,0.419
6300,0.058,0.526,0.416
6400,0.061,0.544,0.394
6500,0.067,0.572,0.361
6600,0.073,0.587,0.339
6700,0.086,0.584,0.330
6800,0.067,0.602,0.330
6900,0.061,0.590,0.349
7000,0.061,0.602,0.336
7100,0.058,0.599,0.343
7200,0.052,0.618,0.330
7300,0.055,0.593,0.352
7400,0.055,0.587,0.358
7500,0.046,0.609,0.346
7600,0.037,0.624,0.339
7700,0.040,0.624,0.336
7800,0.055,0.621,0.324
7900,0.049,0.651,0.300
8000,0.049,0.667,0.284
8100,0.040,0.651,0.309
8200,0.052,0.667,0.281
8300,0.052,0.654,0.294
8400,0.067,0.651,0.281
8500,0.061,0.648,0.291
8600,0.061,0.642,0.297
8700,0.049,0.654,0.297
8800,0.040,0.706,0.254
8900,0.052,0.700,0.248
9000,0.049,0.697,0.254
9100,0.037,0.700,0.263
9200,0.055,0.676,0.269
9300,0.055,0.673,0.272
9400,0.043,0.700,0.257
9500,0.043,0.734,0.223
9600,0.037,0.758,0.205
9700,0.024,0.783,0.193
9800,0.037,0.774,0.190
9900,0.043,0.765,0.193
10000,0.024,0.765,0.211
10100,0.031,0.740,0.229
10200,0.031,0.734,0.235
10300,0.031,0.752,0.217
10400,0.028,0.728,0.245
10500,0.024,0.709,0.266
10600,0.021,0.755,0.223
10700,0.024,0.749,0.226
10800,0.021,0.737,0.242
10900,0.024,0.722,0.254
11000,0.018,0.722,0.260
11100,0.021,0.716,0.263
11200,0.040,0.725,0.235
11300,0.040,0.706,0.254
11400,0.049,0.709,0.242
11500,0.052,0.728,0.220
11600,0.046,0.740,0.214
11700,0.046,0.716,0.239
11800,0.049,0.688,0.263
11900,0.043,0.697,0.260
12000,0.046,0.719,0.235
12100,0.040,0.706,0.254
12200,0.040,0.713,0.248
12300,0.028,0.734,0.239
12400,0.037,0.722,0.242
12500,0.037,0.765,0.199
12600,0.034,0.768,0.199
12700,0.012,0.758,0.229
12800,0.018,0.755,0.226
12900,0.028,0.765,0.208
13000,0.018,0.786,0.196
13100,0.021,0.780,0.199
13200,0.015,0.792,0.193
13300,0.012,0.801,0.187
13400,0.009,0.798,0.193
13500,0.018,0.807,0.174
13600,0.015,0.801,0.183
13700,0.028,0.820,0.153
13800,0.021,0.829,0.150
13900,0.018,0.777,0.205
14000,0.018,0.761,0.220
14100,0.024,0.749,0.226
14200,0.021,0.765,0.214
14300,0.015,0.768,0.217
14400,0.015,0.746,0.239
14500,0.015,0.716,0.269
14600,0.012,0.749,0.239
14700,0.006,0.774,0.220
14800,0.028,0.749,0.223
14900,0.031,0.765,0.205
15000,0.018,0.780,0.202
15100,0.012,0.801,0.187
15200,0.015,0.795,0.190
15300,0.021,0.795,0.183
15400,0.034,0.798,0.168
15500,0.031,0.807,0.162
15600,0.028,0.807,0.165
15700,0.024,0.789,0.187
15800,0.037,0.768,0.196
15900,0.037,0.771,0.193
16000,0.024,0.765,0.211
16100,0.021,0.765,0.214
16200,0.024,0.758,0.217
16300,0.021,0.746,0.232
16400,0.018,0.755,0.226
16500,0.021,0.722,0.257
16600,0.037,0.734,0.229
16700,0.031,0.755,0.214
16800,0.024,0.768,0.208
16900,0.018,0.795,0.187
17000,0.018,0.826,0.156
17100,0.015,0.832,0.153
17200,0.012,0.844,0.144
17300,0.006,0.884,0.110
17400,0.006,0.908,0.086
17500,0.006,0.902,0.092
17600,0.006,0.908,0.086
17700,0.006,0.899,0.095
17800,0.006,0.893,0.101
17900,0.006,0.905,0.089
18000,0.006,0.924,0.070
18100,0.006,0.933,0.061
18200,0.006,0.911,0.083
18300,0.006,0.905,0.089
18400,0.006,0.899,0.095
18500,0.009,0.856,0.135
18600,0.015,0.878,0.107
18700,0.009,0.872,0.119
18800,0.009,0.865,0.125
18900,0.003,0.859,0.138
19000,0.015,0.844,0.141
19100,0.012,0.856,0.131
19200,0.012,0.853,0.135
19300,0.006,0.869,0.125
19400,0.015,0.881,0.104
19500,0.015,0.872,0.113
19600,0.012,0.893,0.095
19700,0.009,0.893,0.098
19800,0.006,0.902,0.092
19900,0.006,0.902,0.092
20000,0.003,0.899,0.098
20100,0.003,0.896,0.101
20200,0.006,0.914,0.080
20300,0.003,0.924,0.073
20400,0.003,0.927,0.070
20500,0.003,0.936,0.061
20600,0.003,0.930,0.067
20700,0.003,0.933,0.064
20800,0.003,0.945,0.052
20900,0.003,0.942,0.055
21000,0.000,0.948,0.052
21100,0.000,0.957,0.043
21200,0.006,0.948,0.046
21300,0.006,0.945,0.049
21400,0.006,0.951,0.043
21500,0.006,0.939,0.055
21600,0.006,0.942,0.052
21700,0.006,0.948,0.046
21800,0.006,0.933,0.061
21900,0.006,0.927,0.067
22000,0.003,0.924,0.073
22100,0.003,0.917,0.080
22200,0.003,0.917,0.080
22300,0.003,0.911,0.086
22400,0.009,0.911,0.080
22500,0.006,0.911,0.083
22600,0.003,0.927,0.070
22700,0.003,0.908,0.089
22800,0.003,0.924,0.073
22900,0.003,0.930,0.067
23000,0.003,0.930,0.067
23100,0.003,0.939,0.058
23200,0.003,0.948,0.049
23300,0.003,0.936,0.061
23400,0.003,0.936,0.061
23500,0.003,0.948,0.049
23600,0.003,0.936,0.061
23700,0.003,0.930,0.067
23800,0.003,0.945,0.052
23900,0.003,0.945,0.052
24000,0.003,0.945,0.052
24100,0.003,0.948,0.049
24200,0.003,0.945,0.052
24300,0.003,0.945,0.052
24400,0.003,0.960,0.037
24500,0.003,0.954,0.043
24600,0.003,0.960,0.037
24700,0.000,0.957,0.043
24800,0.000,0.957,0.043
24900,0.000,0.936,0.064
25000,0.000,0.942,0.058
25100,0.000,0.942,0.058
25200,0.000,0.942,0.058
25300,0.006,0.942,0.052
25400,0.003,0.930,0.067
25500,0.003,0.924,0.073
25600,0.000,0.920,0.080
25700,0.012,0.911,0.076
25800,0.009,0.905,0.086
25900,0.003,0.905,0.092
26000,0.006,0.908,0.086
26100,0.024,0.911,0.064
26200,0.018,0.920,0.061
26300,0.012,0.936,0.052
26400,0.015,0.939,0.046
26500,0.012,0.933,0.055
26600,0.018,0.939,0.043
26700,0.012,0.942,0.046
26800,0.009,0.917,0.073
26900,0.006,0.905,0.089
27000,0.009,0.899,0.092
27100,0.009,0.890,0.101
27200,0.009,0.902,0.089
27300,0.015,0.911,0.073
27400,0.015,0.917,0.067
27500,0.015,0.920,0.064
27600,0.015,0.924,0.061
27700,0.018,0.920,0.061
27800,0.018,0.914,0.067
27900,0.015,0.884,0.101
28000,0.018,0.878,0.104
28100,0.018,0.872,0.110
28200,0.024,0.881,0.095
28300,0.024,0.859,0.116
28400,0.021,0.878,0.101
28500,0.015,0.881,0.104
28600,0.034,0.869,0.098
28700,0.024,0.850,0.125
28800,0.028,0.832,0.141
28900,0.021,0.823,0.156
29000,0.028,0.826,0.147
29100,0.015,0.807,0.177
29200,0.009,0.817,0.174
29300,0.009,0.813,0.177
29400,0.006,0.817,0.177
29500,0.018,0.813,0.168
29600,0.009,0.801,0.190
29700,0.009,0.813,0.177
29800,0.009,0.810,0.180
29900,0.009,0.789,0.202
30000,0.003,0.807,0.190
30100,0.009,0.807,0.183
30200,0.018,0.792,0.190
30300,0.028,0.786,0.187
30400,0.015,0.783,0.202
30500,0.018,0.786,0.196
30600,0.031,0.783,0.187
30700,0.034,0.820,0.147
30800,0.024,0.841,0.135
30900,0.018,0.844,0.138
31000,0.012,0.856,0.131
31100,0.012,0.844,0.144
31200,0.015,0.865,0.119
31300,0.012,0.856,0.131
31400,0.009,0.835,0.156
31500,0.006,0.847,0.147
31600,0.006,0.835,0.159
31700,0.009,0.847,0.144
31800,0.009,0.862,0.128
31900,0.006,0.853,0.141
32000,0.006,0.856,0.138
32100,0.006,0.869,0.125
32200,0.003,0.881,0.116
32300,0.000,0.856,0.144
32400,0.000,0.841,0.159
32500,0.000,0.872,0.128
32600,0.000,0.896,0.104
32700,0.000,0.887,0.113
32800,0.000,0.899,0.101
32900,0.000,0.908,0.092
33000,0.000,0.917,0.083
33100,0.000,0.914,0.086
33200,0.000,0.920,0.080
33300,0.000,0.933,0.067
33400,0.000,0.933,0.067
33500,0.000,0.948,0.052
33600,0.000,0.945,0.055
33700,0.000,0.960,0.040
33800,0.000,0.960,0.040
33900,0.000,0.969,0.031
34000,0.000,0.972,0.028
34100,0.000,0.976,0.024
34200,0.000,0.979,0.021
34300,0.000,0.979,0.021
34400,0.000,0.979,0.021
34500,0.000,0.972,0.028
34600,0.000,0.969,0.031
34700,0.000,0.969,0.031
34800,0.000,0.969,0.031
34900,0.000,0.979,0.021
35000,0.000,0.982,0.018
35100,0.000,0.982,0.018
35200,0.000,0.988,0.012
35300,0.000,0.988,0.012
35400,0.000,0.991,0.009
35500,0.000,0.991,0.009
35600,0.000,0.991,0.009
35700,0.000,0.997,0.003
35800,0.000,0.997,0.003
35900,0.000,0.994,0.006
36000,0.000,0.997,0.003
36100,0.000,0.997,0.003
36200,0.000,0.997,0.003
36300,0.000,0.997,0.003
36400,0.000,0.997,0.003
36500,0.000,1.000,0.000
