time,n_A+p,n_B,n_AB
1000,0.306,0.387,0.307
2000,0.259,0.334,0.407
3000,0.259,0.303,0.438
4000,0.268,0.306,0.426
5000,0.245,0.318,0.437
6000,0.248,0.303,0.449
7000,0.258,0.274,0.468
8000,0.259,0.266,0.475
9000,0.255,0.294,0.451
10000,0.281,0.303,0.416
11000,0.271,0.281,0.448
12000,0.269,0.275,0.456
13000,0.255,0.284,0.461
14000,0.227,0.301,0.472
15000,0.212,0.338,0.450
16000,0.218,0.352,0.430
17000,0.230,0.338,0.432
18000,0.213,0.323,0.464
19000,0.213,0.312,0.475
20000,0.205,0.310,0.485
21000,0.205,0.340,0.455
22000,0.222,0.363,0.415
23000,0.206,0.345,0.449
24000,0.201,0.360,0.439
25000,0.191,0.365,0.444
26000,0.208,0.371,0.421
27000,0.198,0.373,0.429
28000,0.193,0.347,0.460
29000,0.175,0.377,0.448
30000,0.167,0.390,0.443
31000,0.173,0.393,0.434
32000,0.176,0.399,0.425
33000,0.205,0.378,0.417
34000,0.185,0.405,0.410
35000,0.153,0.429,0.418
36000,0.130,0.453,0.417
37000,0.155,0.396,0.449
38000,0.169,0.371,0.460
39000,0.170,0.395,0.435
40000,0.172,0.390,0.438
41000,0.171,0.415,0.414
42000,0.182,0.412,0.406
43000,0.163,0.421,0.416
44000,0.166,0.405,0.429
45000,0.154,0.402,0.444
46000,0.146,0.433,0.421
47000,0.157,0.437,0.406
48000,0.150,0.438,0.412
49000,0.155,0.427,0.418
50000,0.174,0.401,0.425
51000,0.183,0.403,0.414
52000,0.183,0.393,0.424
53000,0.181,0.381,0.438
54000,0.162,0.392,0.446
55000,0.154,0.425,0.421
56000,0.166,0.411,0.423
57000,0.176,0.418,0.406
58000,0.184,0.404,0.412
59000,0.186,0.382,0.432
60000,0.180,0.385,0.435
61000,0.191,0.386,0.423
62000,0.198,0.383,0.419
63000,0.178,0.371,0.451
64000,0.187,0.380,0.433
65000,0.188,0.394,0.418
66000,0.184,0.387,0.429
67000,0.198,0.379,0.423
68000,0.193,0.352,0.455
69000,0.179,0.379,0.442
70000,0.176,0.391,0.433
71000,0.162,0.420,0.418
72000,0.176,0.387,0.437
73000,0.171,0.391,0.438
74000,0.180,0.395,0.425
75000,0.171,0.397,0.432
76000,0.161,0.392,0.447
77000,0.163,0.407,0.430
78000,0.139,0.425,0.436
79000,0.146,0.439,0.415
80000,0.152,0.424,0.424
81000,0.139,0.442,0.419
82000,0.115,0.466,0.419
83000,0.114,0.467,0.419
84000,0.113,0.488,0.399
85000,0.132,0.474,0.394
86000,0.123,0.479,0.398
87000,0.136,0.464,0.400
88000,0.131,0.470,0.399
89000,0.127,0.471,0.402
90000,0.133,0.482,0.385
91000,0.138,0.438,0.424
92000,0.151,0.417,0.432
93000,0.164,0.415,0.421
94000,0.173,0.435,0.392
95000,0.149,0.445,0.406
96000,0.143,0.462,0.395
97000,0.140,0.470,0.390
98000,0.125,0.446,0.429
99000,0.131,0.441,0.428
100000,0.120,0.434,0.446
101000,0.130,0.461,0.409
102000,0.100,0.482,0.418
103000,0.082,0.521,0.397
104000,0.090,0.516,0.394
105000,0.077,0.543,0.380
106000,0.082,0.546,0.372
107000,0.081,0.544,0.375
108000,0.087,0.576,0.337
109000,0.099,0.546,0.355
110000,0.110,0.543,0.347
111000,0.103,0.536,0.361
112000,0.110,0.525,0.365
113000,0.094,0.526,0.380
114000,0.103,0.520,0.377
115000,0.099,0.527,0.374
116000,0.083,0.547,0.370
117000,0.079,0.562,0.359
118000,0.069,0.574,0.357
119000,0.056,0.593,0.351
120000,0.066,0.625,0.309
121000,0.045,0.621,0.334
122000,0.048,0.614,0.338
123000,0.058,0.636,0.306
124000,0.048,0.639,0.313
125000,0.056,0.630,0.314
126000,0.051,0.616,0.333
127000,0.053,0.621,0.326
128000,0.050,0.652,0.298
129000,0.045,0.648,0.307
130000,0.057,0.639,0.304
131000,0.065,0.628,0.307
132000,0.061,0.620,0.319
133000,0.053,0.641,0.306
134000,0.059,0.646,0.295
135000,0.050,0.671,0.279
136000,0.035,0.660,0.305
137000,0.051,0.653,0.296
138000,0.059,0.643,0.298
139000,0.063,0.637,0.300
140000,0.058,0.627,0.315
141000,0.043,0.641,0.316
142000,0.047,0.652,0.301
143000,0.055,0.670,0.275
144000,0.060,0.679,0.261
145000,0.037,0.677,0.286
146000,0.038,0.678,0.284
147000,0.035,0.693,0.272
148000,0.038,0.717,0.245
149000,0.035,0.694,0.271
150000,0.043,0.697,0.260
151000,0.033,0.697,0.270
152000,0.034,0.724,0.242
153000,0.027,0.726,0.247
154000,0.016,0.754,0.230
155000,0.018,0.772,0.210
156000,0.034,0.768,0.198
157000,0.025,0.771,0.204
158000,0.024,0.779,0.197
159000,0.016,0.786,0.198
160000,0.020,0.794,0.186
161000,0.017,0.818,0.165
162000,0.018,0.818,0.164
163000,0.019,0.816,0.165
164000,0.013,0.821,0.166
165000,0.013,0.838,0.149
166000,0.015,0.837,0.148
167000,0.013,0.827,0.160
168000,0.012,0.836,0.152
169000,0.011,0.841,0.148
170000,0.012,0.831,0.157
171000,0.014,0.852,0.134
172000,0.011,0.851,0.138
173000,0.006,0.854,0.140
174000,0.003,0.868,0.129
175000,0.005,0.866,0.129
176000,0.002,0.870,0.128
177000,0.002,0.863,0.135
178000,0.003,0.870,0.127
179000,0.004,0.872,0.124
180000,0.007,0.867,0.126
181000,0.004,0.870,0.126
182000,0.004,0.865,0.131
183000,0.006,0.862,0.132
184000,0.005,0.867,0.128
185000,0.004,0.864,0.132
186000,0.005,0.865,0.130
187000,0.007,0.875,0.118
188000,0.000,0.880,0.120
189000,0.001,0.891,0.108
190000,0.004,0.881,0.115
191000,0.006,0.869,0.125
192000,0.003,0.890,0.107
193000,0.004,0.902,0.094
194000,0.004,0.907,0.089
195000,0.002,0.914,0.084
196000,0.002,0.911,0.087
197000,0.003,0.901,0.096
198000,0.001,0.904,0.095
199000,0.000,0.911,0.089
200000,0.000,0.910,0.090
201000,0.000,0.913,0.087
202000,0.005,0.911,0.084
203000,0.003,0.906,0.091
204000,0.003,0.908,0.089
205000,0.007,0.905,0.088
206000,0.002,0.914,0.084
207000,0.003,0.899,0.098
208000,0.003,0.904,0.093
209000,0.002,0.911,0.087
210000,0.003,0.915,0.082
211000,0.003,0.930,0.067
212000,0.003,0.928,0.069
213000,0.001,0.926,0.073
214000,0.001,0.935,0.064
215000,0.000,0.940,0.060
216000,0.000,0.936,0.064
217000,0.000,0.927,0.073
218000,0.000,0.939,0.061
219000,0.001,0.949,0.050
220000,0.001,0.957,0.042
221000,0.001,0.964,0.035
222000,0.001,0.968,0.031
223000,0.000,0.965,0.035
224000,0.000,0.972,0.028
225000,0.000,0.970,0.030
226000,0.002,0.968,0.030
227000,0.001,0.969,0.030
228000,0.000,0.967,0.033
229000,0.000,0.973,0.027
230000,0.000,0.973,0.027
231000,0.000,0.976,0.024
232000,0.000,0.981,0.019
233000,0.000,0.984,0.016
234000,0.000,0.989,0.011
235000,0.000,0.988,0.012
236000,0.000,0.991,0.009
237000,0.000,0.990,0.010
238000,0.001,0.988,0.011
239000,0.001,0.986,0.013
240000,0.001,0.986,0.013
241000,0.000,0.988,0.012
242000,0.000,0.985,0.015
243000,0.000,0.987,0.013
244000,0.000,0.986,0.014
245000,0.000,0.985,0.015
246000,0.000,0.987,0.013
247000,0.000,0.986,0.014
248000,0.000,0.986,0.014
249000,0.000,0.991,0.009
250000,0.000,0.992,0.008
251000,0.000,0.991,0.009
252000,0.000,0.987,0.013
253000,0.000,0.986,0.014
254000,0.000,0.986,0.014
255000,0.000,0.987,0.013
256000,0.000,0.993,0.007
257000,0.002,0.992,0.006
258000,0.000,0.992,0.008
259000,0.000,0.990,0.010
260000,0.000,0.989,0.011
261000,0.000,0.996,0.004
262000,0.000,0.997,0.003
263000,0.000,0.995,0.005
264000,0.000,0.996,0.004
265000,0.000,0.996,0.004
266000,0.000,0.997,0.003
267000,0.000,0.997,0.003
268000,0.000,0.999,0.001
269000,0.000,1.000,0.000
