time,n_A+p,n_B,n_AB
500,0.080,0.710,0.210
1000,0.080,0.461,0.460
1500,0.087,0.305,0.608
2000,0.087,0.247,0.665
2500,0.108,0.220,0.672
3000,0.137,0.185,0.677
3500,0.152,0.140,0.708
4000,0.217,0.046,0.736
4500,0.504,0.006,0.489
5000,0.697,0.002,0.301
5500,0.764,0.000,0.236
6000,0.845,0.000,0.155
6500,0.870,0.000,0.130
7000,0.916,0.000,0.084
7500,0.923,0.000,0.077
8000,0.931,0.000,0.069
8500,0.933,0.000,0.067
9000,0.965,0.000,0.035
9500,0.978,0.000,0.022
10000,0.967,0.000,0.033
10500,0.984,0.000,0.016
11000,0.990,0.000,0.010
11500,0.982,0.000,0.018
12000,0.984,0.000,0.016
12500,0.978,0.000,0.022
13000,0.967,0.000,0.033
13500,0.989,0.000,0.011
14000,0.978,0.000,0.022
14500,0.994,0.000,0.006
15000,0.991,0.000,0.009
15500,0.988,0.000,0.012
16000,0.998,0.000,0.002
16500,1.000,0.000,0.000
