time,n_A+p,n_B,n_AB
500,0.010,0.987,0.003
1000,0.010,0.982,0.008
1500,0.010,0.976,0.014
2000,0.010,0.970,0.020
2500,0.010,0.959,0.031
3000,0.010,0.950,0.040
3500,0.010,0.940,0.050
4000,0.011,0.923,0.066
4500,0.011,0.908,0.081
5000,0.010,0.900,0.090
5500,0.010,0.896,0.094
6000,0.010,0.870,0.120
6500,0.010,0.855,0.135
7000,0.010,0.843,0.147
7500,0.010,0.830,0.160
8000,0.011,0.831,0.158
8500,0.011,0.809,0.179
9000,0.010,0.805,0.185
9500,0.010,0.784,0.206
10000,0.013,0.782,0.205
10500,0.011,0.770,0.218
11000,0.013,0.748,0.239
11500,0.013,0.747,0.240
12000,0.012,0.756,0.232
12500,0.012,0.751,0.237
13000,0.013,0.733,0.254
13500,0.018,0.724,0.259
14000,0.018,0.711,0.272
14500,0.017,0.694,0.289
15000,0.019,0.700,0.281
15500,0.023,0.686,0.290
16000,0.024,0.664,0.312
16500,0.027,0.645,0.328
17000,0.024,0.638,0.338
17500,0.025,0.606,0.370
18000,0.027,0.612,0.361
18500,0.024,0.616,0.361
19000,0.021,0.611,0.368
19500,0.019,0.618,0.363
20000,0.019,0.614,0.367
20500,0.020,0.601,0.379
21000,0.020,0.591,0.389
21500,0.022,0.591,0.387
22000,0.026,0.579,0.395
22500,0.028,0.571,0.401
23000,0.026,0.575,0.399
23500,0.026,0.571,0.403
24000,0.033,0.552,0.415
24500,0.034,0.548,0.418
25000,0.032,0.546,0.422
25500,0.034,0.540,0.426
26000,0.036,0.526,0.438
26500,0.033,0.508,0.459
27000,0.034,0.511,0.455
27500,0.035,0.511,0.454
28000,0.041,0.513,0.447
28500,0.034,0.515,0.452
29000,0.035,0.511,0.454
29500,0.034,0.510,0.457
30000,0.035,0.530,0.435
30500,0.040,0.514,0.447
31000,0.042,0.504,0.454
31500,0.047,0.490,0.462
32000,0.052,0.473,0.475
32500,0.053,0.459,0.488
33000,0.053,0.458,0.489
33500,0.057,0.469,0.475
34000,0.059,0.478,0.463
34500,0.060,0.471,0.468
35000,0.058,0.461,0.481
35500,0.062,0.467,0.471
36000,0.058,0.453,0.490
36500,0.052,0.448,0.500
37000,0.051,0.436,0.512
37500,0.060,0.439,0.501
38000,0.059,0.439,0.503
38500,0.067,0.412,0.522
39000,0.067,0.427,0.506
39500,0.071,0.415,0.514
40000,0.073,0.428,0.499
40500,0.074,0.417,0.508
41000,0.071,0.415,0.513
41500,0.070,0.407,0.522
42000,0.075,0.392,0.533
42500,0.072,0.395,0.533
43000,0.075,0.386,0.539
43500,0.074,0.403,0.522
44000,0.070,0.407,0.522
44500,0.077,0.391,0.531
45000,0.073,0.371,0.556
45500,0.079,0.372,0.549
46000,0.085,0.374,0.541
46500,0.078,0.374,0.548
47000,0.091,0.362,0.546
47500,0.092,0.356,0.552
48000,0.105,0.348,0.546
48500,0.107,0.341,0.551
49000,0.116,0.323,0.562
49500,0.105,0.322,0.573
50000,0.136,0.326,0.538
50500,0.128,0.317,0.555
51000,0.124,0.308,0.567
51500,0.119,0.304,0.576
52000,0.126,0.294,0.580
52500,0.120,0.316,0.564
53000,0.117,0.314,0.569
53500,0.119,0.310,0.571
54000,0.128,0.309,0.564
54500,0.135,0.310,0.555
55000,0.141,0.309,0.550
55500,0.130,0.299,0.572
56000,0.134,0.311,0.555
56500,0.136,0.317,0.547
57000,0.133,0.300,0.567
57500,0.139,0.305,0.556
58000,0.131,0.309,0.560
58500,0.130,0.304,0.566
59000,0.119,0.312,0.568
59500,0.123,0.294,0.582
60000,0.132,0.298,0.570
60500,0.135,0.297,0.568
61000,0.136,0.309,0.554
61500,0.136,0.321,0.544
62000,0.126,0.303,0.571
62500,0.122,0.291,0.587
63000,0.137,0.301,0.562
63500,0.132,0.300,0.568
64000,0.133,0.294,0.573
64500,0.139,0.303,0.558
65000,0.131,0.303,0.566
65500,0.132,0.291,0.578
66000,0.131,0.282,0.587
66500,0.139,0.294,0.567
67000,0.133,0.278,0.589
67500,0.139,0.284,0.577
68000,0.142,0.276,0.582
68500,0.141,0.265,0.595
69000,0.144,0.266,0.591
69500,0.153,0.272,0.575
70000,0.148,0.255,0.597
70500,0.142,0.249,0.609
71000,0.157,0.249,0.594
71500,0.153,0.248,0.599
72000,0.161,0.237,0.602
72500,0.168,0.233,0.600
73000,0.174,0.232,0.594
73500,0.174,0.233,0.593
74000,0.177,0.223,0.600
74500,0.189,0.214,0.598
75000,0.195,0.217,0.588
75500,0.179,0.223,0.598
76000,0.202,0.214,0.585
76500,0.189,0.203,0.609
77000,0.193,0.199,0.609
77500,0.204,0.193,0.603
78000,0.212,0.191,0.597
78500,0.213,0.194,0.594
79000,0.211,0.192,0.598
79500,0.219,0.199,0.583
80000,0.212,0.205,0.583
80500,0.225,0.192,0.583
81000,0.226,0.175,0.599
81500,0.220,0.182,0.598
82000,0.216,0.181,0.602
82500,0.221,0.190,0.589
83000,0.231,0.186,0.583
83500,0.221,0.198,0.582
84000,0.230,0.194,0.577
84500,0.221,0.181,0.599
85000,0.225,0.180,0.595
85500,0.235,0.168,0.598
86000,0.240,0.161,0.599
86500,0.246,0.174,0.580
87000,0.257,0.164,0.579
87500,0.260,0.154,0.586
88000,0.255,0.158,0.588
88500,0.260,0.159,0.582
89000,0.246,0.163,0.591
89500,0.252,0.171,0.578
90000,0.249,0.157,0.595
90500,0.254,0.169,0.578
91000,0.278,0.158,0.565
91500,0.274,0.161,0.566
92000,0.278,0.166,0.557
92500,0.285,0.141,0.575
93000,0.282,0.148,0.570
93500,0.270,0.149,0.581
94000,0.281,0.147,0.572
94500,0.283,0.141,0.576
95000,0.294,0.137,0.569
95500,0.296,0.145,0.558
96000,0.274,0.143,0.583
96500,0.259,0.147,0.594
97000,0.252,0.141,0.607
97500,0.248,0.139,0.613
98000,0.266,0.141,0.593
98500,0.264,0.138,0.599
99000,0.278,0.144,0.578
99500,0.279,0.145,0.576
100000,0.302,0.136,0.561
100500,0.292,0.141,0.567
101000,0.293,0.123,0.583
101500,0.311,0.110,0.579
102000,0.328,0.100,0.573
102500,0.335,0.093,0.572
103000,0.324,0.086,0.590
103500,0.330,0.086,0.584
104000,0.341,0.093,0.566
104500,0.354,0.103,0.542
105000,0.356,0.108,0.535
105500,0.363,0.091,0.545
106000,0.373,0.085,0.542
106500,0.379,0.077,0.544
107000,0.387,0.092,0.520
107500,0.391,0.090,0.518
108000,0.361,0.089,0.549
108500,0.393,0.077,0.530
109000,0.401,0.069,0.531
109500,0.386,0.066,0.548
110000,0.373,0.078,0.549
110500,0.356,0.084,0.559
111000,0.367,0.081,0.552
111500,0.365,0.081,0.554
112000,0.378,0.086,0.536
112500,0.364,0.074,0.561
113000,0.372,0.073,0.554
113500,0.372,0.071,0.556
114000,0.370,0.072,0.557
114500,0.373,0.072,0.555
115000,0.378,0.069,0.554
115500,0.409,0.071,0.519
116000,0.391,0.078,0.531
116500,0.403,0.075,0.521
117000,0.411,0.070,0.518
117500,0.405,0.064,0.532
118000,0.409,0.064,0.527
118500,0.412,0.060,0.528
119000,0.390,0.066,0.544
119500,0.398,0.068,0.534
120000,0.395,0.075,0.530
120500,0.399,0.069,0.532
121000,0.419,0.059,0.522
121500,0.419,0.065,0.516
122000,0.431,0.063,0.506
122500,0.424,0.062,0.514
123000,0.442,0.050,0.508
123500,0.441,0.053,0.506
124000,0.457,0.051,0.492
124500,0.455,0.041,0.504
125000,0.472,0.040,0.489
125500,0.489,0.037,0.474
126000,0.494,0.036,0.470
126500,0.506,0.038,0.456
127000,0.524,0.034,0.443
127500,0.532,0.035,0.432
128000,0.521,0.035,0.444
128500,0.521,0.038,0.441
129000,0.531,0.033,0.436
129500,0.515,0.035,0.449
130000,0.522,0.034,0.444
130500,0.516,0.030,0.454
131000,0.524,0.031,0.445
131500,0.533,0.030,0.436
132000,0.527,0.030,0.443
132500,0.543,0.030,0.426
133000,0.542,0.027,0.430
133500,0.534,0.029,0.436
134000,0.539,0.026,0.434
134500,0.539,0.031,0.429
135000,0.533,0.028,0.439
135500,0.523,0.034,0.443
136000,0.519,0.046,0.435
136500,0.524,0.045,0.431
137000,0.515,0.039,0.446
137500,0.526,0.030,0.444
138000,0.505,0.029,0.466
138500,0.510,0.026,0.464
139000,0.532,0.032,0.436
139500,0.541,0.032,0.426
140000,0.546,0.023,0.430
140500,0.552,0.022,0.426
141000,0.564,0.018,0.419
141500,0.566,0.019,0.415
142000,0.577,0.019,0.404
142500,0.570,0.020,0.410
143000,0.569,0.029,0.402
143500,0.571,0.029,0.400
144000,0.572,0.027,0.401
144500,0.570,0.032,0.399
145000,0.559,0.036,0.405
145500,0.548,0.032,0.420
146000,0.545,0.037,0.417
146500,0.551,0.030,0.418
147000,0.553,0.024,0.423
147500,0.560,0.022,0.417
148000,0.563,0.026,0.411
148500,0.569,0.029,0.403
149000,0.561,0.025,0.413
149500,0.568,0.023,0.409
150000,0.561,0.024,0.414
150500,0.573,0.029,0.398
151000,0.562,0.022,0.416
151500,0.546,0.025,0.429
152000,0.549,0.025,0.426
152500,0.552,0.029,0.418
153000,0.536,0.021,0.443
153500,0.533,0.025,0.442
154000,0.533,0.026,0.440
154500,0.527,0.026,0.447
155000,0.535,0.033,0.432
155500,0.534,0.033,0.432
156000,0.535,0.032,0.433
156500,0.536,0.035,0.428
157000,0.539,0.041,0.420
157500,0.528,0.035,0.436
158000,0.521,0.034,0.445
158500,0.510,0.031,0.459
159000,0.511,0.027,0.462
159500,0.522,0.029,0.449
160000,0.544,0.028,0.428
160500,0.550,0.023,0.427
161000,0.549,0.029,0.421
161500,0.541,0.032,0.427
162000,0.542,0.026,0.432
162500,0.535,0.025,0.440
163000,0.526,0.022,0.452
163500,0.526,0.026,0.448
164000,0.512,0.025,0.463
164500,0.514,0.032,0.455
165000,0.527,0.026,0.446
165500,0.526,0.028,0.446
166000,0.548,0.031,0.421
166500,0.548,0.029,0.422
167000,0.531,0.026,0.443
167500,0.540,0.021,0.439
168000,0.554,0.021,0.425
168500,0.558,0.018,0.424
169000,0.549,0.020,0.430
169500,0.552,0.032,0.416
170000,0.553,0.031,0.415
170500,0.552,0.032,0.416
171000,0.556,0.033,0.411
171500,0.554,0.028,0.418
172000,0.535,0.022,0.442
172500,0.545,0.035,0.420
173000,0.542,0.033,0.424
173500,0.533,0.029,0.438
174000,0.528,0.029,0.443
174500,0.523,0.032,0.445
175000,0.509,0.026,0.465
175500,0.512,0.023,0.465
176000,0.536,0.021,0.443
176500,0.538,0.023,0.439
177000,0.551,0.023,0.425
177500,0.570,0.025,0.405
178000,0.558,0.021,0.420
178500,0.523,0.024,0.453
179000,0.509,0.019,0.471
179500,0.526,0.032,0.443
180000,0.527,0.032,0.441
180500,0.521,0.030,0.448
181000,0.522,0.027,0.451
181500,0.515,0.022,0.462
182000,0.511,0.023,0.466
182500,0.514,0.030,0.456
183000,0.512,0.026,0.461
183500,0.521,0.026,0.453
184000,0.518,0.021,0.460
184500,0.512,0.023,0.465
185000,0.518,0.034,0.449
185500,0.524,0.032,0.444
186000,0.511,0.026,0.462
186500,0.514,0.032,0.454
187000,0.509,0.030,0.461
187500,0.509,0.027,0.464
188000,0.501,0.022,0.477
188500,0.510,0.028,0.462
189000,0.505,0.025,0.469
189500,0.506,0.025,0.468
190000,0.506,0.033,0.461
190500,0.529,0.035,0.436
191000,0.541,0.034,0.425
191500,0.522,0.028,0.450
192000,0.513,0.025,0.462
192500,0.528,0.031,0.441
193000,0.533,0.033,0.434
193500,0.529,0.025,0.446
194000,0.537,0.021,0.442
194500,0.543,0.034,0.423
195000,0.539,0.025,0.436
195500,0.543,0.026,0.430
196000,0.544,0.025,0.431
196500,0.535,0.028,0.436
197000,0.533,0.024,0.443
197500,0.528,0.036,0.435
198000,0.523,0.034,0.443
198500,0.512,0.035,0.453
199000,0.520,0.033,0.448
199500,0.513,0.030,0.457
200000,0.514,0.027,0.459
200500,0.513,0.029,0.458
201000,0.512,0.036,0.452
201500,0.508,0.043,0.448
202000,0.512,0.043,0.445
202500,0.511,0.037,0.452
203000,0.512,0.038,0.450
203500,0.510,0.035,0.454
204000,0.502,0.036,0.462
204500,0.512,0.037,0.451
205000,0.518,0.038,0.443
205500,0.510,0.043,0.447
206000,0.516,0.043,0.441
206500,0.515,0.037,0.448
207000,0.525,0.032,0.444
207500,0.516,0.035,0.449
208000,0.511,0.034,0.455
208500,0.524,0.033,0.443
209000,0.531,0.035,0.434
209500,0.527,0.029,0.444
210000,0.530,0.032,0.438
210500,0.516,0.025,0.458
211000,0.502,0.030,0.468
211500,0.510,0.032,0.458
212000,0.491,0.038,0.471
212500,0.499,0.037,0.463
213000,0.498,0.042,0.460
213500,0.484,0.043,0.473
214000,0.486,0.043,0.472
214500,0.481,0.042,0.478
215000,0.483,0.040,0.477
215500,0.485,0.036,0.479
216000,0.488,0.036,0.476
216500,0.491,0.034,0.476
217000,0.507,0.030,0.462
217500,0.510,0.030,0.460
218000,0.507,0.034,0.459
218500,0.507,0.034,0.459
219000,0.523,0.037,0.440
219500,0.533,0.043,0.424
220000,0.534,0.041,0.425
220500,0.533,0.041,0.426
221000,0.532,0.035,0.432
221500,0.529,0.035,0.435
222000,0.529,0.035,0.436
222500,0.546,0.029,0.425
223000,0.548,0.037,0.415
223500,0.556,0.033,0.411
224000,0.542,0.035,0.422
224500,0.549,0.032,0.419
225000,0.542,0.030,0.427
225500,0.534,0.035,0.430
226000,0.537,0.032,0.431
226500,0.529,0.037,0.434
227000,0.540,0.033,0.427
227500,0.539,0.034,0.426
228000,0.539,0.032,0.429
228500,0.525,0.032,0.443
229000,0.517,0.032,0.451
229500,0.525,0.028,0.447
230000,0.529,0.028,0.443
230500,0.518,0.027,0.455
231000,0.519,0.033,0.448
231500,0.523,0.032,0.445
232000,0.540,0.041,0.419
232500,0.515,0.043,0.442
233000,0.512,0.036,0.452
233500,0.501,0.039,0.460
234000,0.515,0.034,0.451
234500,0.509,0.032,0.459
235000,0.503,0.024,0.473
235500,0.512,0.037,0.450
236000,0.517,0.038,0.444
236500,0.501,0.041,0.458
237000,0.507,0.034,0.459
237500,0.509,0.027,0.464
238000,0.500,0.029,0.471
238500,0.533,0.026,0.440
239000,0.533,0.024,0.443
239500,0.532,0.029,0.439
240000,0.530,0.027,0.443
240500,0.521,0.035,0.443
241000,0.519,0.036,0.444
241500,0.519,0.032,0.449
242000,0.517,0.039,0.444
242500,0.513,0.047,0.440
243000,0.532,0.035,0.432
243500,0.537,0.026,0.436
244000,0.534,0.029,0.436
244500,0.543,0.034,0.423
245000,0.539,0.029,0.431
245500,0.536,0.035,0.429
246000,0.526,0.029,0.444
246500,0.535,0.034,0.430
247000,0.528,0.032,0.440
247500,0.523,0.033,0.444
248000,0.538,0.033,0.429
248500,0.537,0.033,0.430
249000,0.539,0.035,0.426
249500,0.518,0.037,0.445
250000,0.527,0.032,0.441
250500,0.527,0.035,0.438
251000,0.522,0.041,0.438
251500,0.505,0.033,0.463
252000,0.514,0.037,0.449
252500,0.518,0.034,0.448
253000,0.516,0.039,0.445
253500,0.529,0.030,0.441
254000,0.527,0.035,0.438
254500,0.529,0.035,0.436
255000,0.527,0.032,0.441
255500,0.538,0.029,0.432
256000,0.535,0.033,0.431
256500,0.553,0.031,0.416
257000,0.536,0.029,0.434
257500,0.523,0.026,0.450
258000,0.524,0.027,0.449
258500,0.543,0.024,0.432
259000,0.563,0.024,0.413
259500,0.565,0.024,0.412
260000,0.570,0.024,0.407
260500,0.586,0.026,0.388
261000,0.580,0.029,0.391
261500,0.561,0.024,0.415
262000,0.556,0.021,0.423
262500,0.553,0.019,0.427
263000,0.558,0.018,0.423
263500,0.563,0.017,0.420
264000,0.576,0.019,0.405
264500,0.595,0.021,0.384
265000,0.583,0.020,0.397
265500,0.583,0.021,0.397
266000,0.585,0.022,0.393
266500,0.561,0.016,0.423
267000,0.561,0.018,0.420
267500,0.565,0.022,0.413
268000,0.564,0.022,0.414
268500,0.564,0.026,0.410
269000,0.548,0.026,0.425
269500,0.561,0.033,0.405
270000,0.573,0.025,0.403
270500,0.573,0.018,0.409
271000,0.604,0.017,0.379
271500,0.608,0.017,0.375
272000,0.584,0.014,0.402
272500,0.583,0.018,0.400
273000,0.580,0.017,0.403
273500,0.568,0.015,0.417
274000,0.572,0.021,0.407
274500,0.573,0.021,0.407
275000,0.538,0.021,0.440
275500,0.546,0.027,0.426
276000,0.537,0.029,0.433
276500,0.542,0.034,0.424
277000,0.535,0.032,0.433
277500,0.511,0.034,0.455
278000,0.504,0.030,0.466
278500,0.507,0.034,0.459
279000,0.513,0.034,0.453
279500,0.516,0.032,0.453
280000,0.511,0.030,0.459
280500,0.506,0.032,0.462
281000,0.508,0.033,0.459
281500,0.525,0.028,0.447
282000,0.528,0.039,0.433
282500,0.526,0.033,0.441
283000,0.512,0.027,0.461
283500,0.514,0.025,0.461
284000,0.501,0.028,0.471
284500,0.515,0.025,0.459
285000,0.516,0.030,0.454
285500,0.516,0.032,0.452
286000,0.504,0.035,0.461
286500,0.504,0.034,0.462
287000,0.501,0.037,0.461
287500,0.484,0.041,0.475
288000,0.489,0.042,0.470
288500,0.499,0.035,0.465
289000,0.499,0.040,0.461
289500,0.509,0.037,0.454
290000,0.527,0.041,0.432
290500,0.519,0.040,0.441
291000,0.536,0.038,0.426
291500,0.518,0.035,0.446
292000,0.507,0.027,0.466
292500,0.517,0.037,0.446
293000,0.508,0.034,0.458
293500,0.491,0.039,0.470
294000,0.505,0.037,0.458
294500,0.490,0.035,0.475
295000,0.496,0.036,0.468
295500,0.500,0.036,0.464
296000,0.485,0.040,0.474
296500,0.484,0.035,0.481
297000,0.504,0.041,0.455
297500,0.492,0.044,0.464
298000,0.487,0.038,0.474
298500,0.472,0.047,0.481
299000,0.474,0.051,0.474
299500,0.481,0.045,0.473
300000,0.488,0.038,0.474
300500,0.480,0.046,0.474
301000,0.466,0.056,0.478
301500,0.455,0.049,0.496
302000,0.462,0.049,0.490
302500,0.459,0.050,0.491
303000,0.467,0.052,0.481
303500,0.466,0.042,0.493
304000,0.463,0.044,0.493
304500,0.469,0.045,0.486
305000,0.465,0.059,0.476
305500,0.462,0.050,0.488
306000,0.468,0.045,0.487
306500,0.472,0.043,0.485
307000,0.473,0.040,0.487
307500,0.466,0.033,0.502
308000,0.465,0.036,0.499
308500,0.480,0.035,0.484
309000,0.480,0.035,0.485
309500,0.470,0.039,0.491
310000,0.446,0.046,0.508
310500,0.437,0.041,0.522
311000,0.450,0.045,0.505
311500,0.464,0.041,0.495
312000,0.464,0.048,0.488
312500,0.462,0.040,0.499
313000,0.462,0.042,0.497
313500,0.469,0.043,0.487
314000,0.474,0.043,0.483
314500,0.481,0.039,0.480
315000,0.474,0.055,0.471
315500,0.467,0.053,0.480
316000,0.466,0.045,0.489
316500,0.457,0.052,0.491
317000,0.447,0.054,0.498
317500,0.438,0.058,0.504
318000,0.433,0.055,0.512
318500,0.455,0.050,0.495
319000,0.452,0.052,0.496
319500,0.458,0.053,0.489
320000,0.452,0.065,0.483
320500,0.429,0.067,0.504
321000,0.422,0.061,0.516
321500,0.425,0.071,0.504
322000,0.421,0.062,0.517
322500,0.429,0.068,0.503
323000,0.416,0.055,0.528
323500,0.415,0.054,0.531
324000,0.413,0.060,0.526
324500,0.422,0.059,0.519
325000,0.418,0.064,0.518
325500,0.412,0.068,0.520
326000,0.399,0.066,0.535
326500,0.390,0.070,0.541
327000,0.392,0.067,0.542
327500,0.392,0.071,0.537
328000,0.411,0.068,0.521
328500,0.417,0.065,0.518
329000,0.422,0.071,0.506
329500,0.418,0.078,0.504
330000,0.404,0.075,0.522
330500,0.402,0.071,0.526
331000,0.400,0.073,0.528
331500,0.394,0.072,0.534
332000,0.395,0.076,0.529
332500,0.395,0.079,0.526
333000,0.415,0.083,0.502
333500,0.411,0.082,0.507
334000,0.389,0.072,0.539
334500,0.402,0.081,0.518
335000,0.395,0.064,0.541
335500,0.380,0.075,0.544
336000,0.392,0.075,0.534
336500,0.391,0.073,0.536
337000,0.394,0.067,0.539
337500,0.407,0.066,0.527
338000,0.401,0.077,0.521
338500,0.385,0.070,0.545
339000,0.386,0.085,0.530
339500,0.364,0.088,0.547
340000,0.369,0.089,0.542
340500,0.365,0.085,0.550
341000,0.389,0.085,0.527
341500,0.370,0.083,0.547
342000,0.361,0.097,0.542
342500,0.357,0.088,0.555
343000,0.372,0.084,0.544
343500,0.362,0.091,0.546
344000,0.364,0.086,0.550
344500,0.367,0.089,0.544
345000,0.393,0.092,0.515
345500,0.390,0.090,0.519
346000,0.377,0.085,0.538
346500,0.381,0.077,0.542
347000,0.368,0.075,0.557
347500,0.371,0.076,0.553
348000,0.354,0.075,0.571
348500,0.363,0.092,0.545
349000,0.364,0.087,0.548
349500,0.372,0.079,0.549
350000,0.376,0.072,0.553
350500,0.380,0.080,0.540
351000,0.374,0.079,0.547
351500,0.369,0.086,0.544
352000,0.371,0.075,0.554
352500,0.370,0.079,0.551
353000,0.377,0.089,0.534
353500,0.384,0.091,0.526
354000,0.370,0.092,0.537
354500,0.374,0.090,0.535
355000,0.380,0.081,0.540
355500,0.376,0.077,0.547
356000,0.379,0.084,0.538
356500,0.401,0.081,0.518
357000,0.411,0.067,0.522
357500,0.418,0.070,0.512
358000,0.411,0.067,0.522
358500,0.428,0.060,0.512
359000,0.447,0.057,0.496
359500,0.452,0.050,0.498
360000,0.451,0.059,0.490
360500,0.455,0.059,0.485
361000,0.467,0.058,0.475
361500,0.474,0.057,0.469
362000,0.461,0.054,0.485
362500,0.446,0.056,0.499
363000,0.432,0.060,0.508
363500,0.436,0.054,0.509
364000,0.416,0.064,0.521
364500,0.419,0.067,0.514
365000,0.422,0.068,0.510
365500,0.426,0.057,0.517
366000,0.424,0.054,0.521
366500,0.423,0.058,0.519
367000,0.413,0.062,0.524
367500,0.422,0.061,0.516
368000,0.429,0.062,0.508
368500,0.407,0.068,0.525
369000,0.412,0.073,0.515
369500,0.414,0.076,0.510
370000,0.417,0.069,0.514
370500,0.403,0.060,0.537
371000,0.431,0.059,0.510
371500,0.451,0.060,0.489
372000,0.446,0.053,0.501
372500,0.446,0.056,0.499
373000,0.459,0.055,0.486
373500,0.451,0.048,0.501
374000,0.451,0.054,0.495
374500,0.449,0.048,0.504
375000,0.431,0.050,0.519
375500,0.428,0.052,0.519
376000,0.443,0.044,0.513
376500,0.443,0.037,0.520
377000,0.452,0.036,0.512
377500,0.450,0.043,0.507
378000,0.451,0.042,0.507
378500,0.463,0.044,0.493
379000,0.440,0.054,0.506
379500,0.445,0.053,0.502
380000,0.443,0.059,0.498
380500,0.436,0.060,0.504
381000,0.447,0.056,0.497
381500,0.435,0.052,0.513
382000,0.441,0.055,0.504
382500,0.419,0.065,0.516
383000,0.425,0.067,0.508
383500,0.425,0.077,0.497
384000,0.426,0.070,0.504
384500,0.424,0.067,0.510
385000,0.426,0.067,0.507
385500,0.415,0.069,0.516
386000,0.440,0.067,0.493
386500,0.447,0.068,0.486
387000,0.429,0.063,0.508
387500,0.428,0.069,0.504
388000,0.437,0.059,0.503
388500,0.448,0.056,0.497
389000,0.452,0.048,0.501
389500,0.446,0.049,0.506
390000,0.446,0.054,0.500
390500,0.431,0.047,0.521
391000,0.439,0.049,0.512
391500,0.455,0.048,0.497
392000,0.470,0.049,0.481
392500,0.473,0.053,0.474
393000,0.473,0.047,0.480
393500,0.469,0.043,0.488
394000,0.467,0.042,0.491
394500,0.461,0.051,0.489
395000,0.466,0.049,0.486
395500,0.475,0.040,0.486
396000,0.472,0.045,0.483
396500,0.452,0.047,0.501
397000,0.451,0.042,0.507
397500,0.440,0.045,0.515
398000,0.426,0.046,0.528
398500,0.436,0.051,0.513
399000,0.414,0.064,0.522
399500,0.423,0.061,0.516
400000,0.419,0.060,0.520
400500,0.414,0.048,0.538
401000,0.422,0.050,0.528
401500,0.421,0.049,0.530
402000,0.436,0.052,0.511
402500,0.455,0.051,0.493
403000,0.448,0.047,0.505
403500,0.452,0.041,0.508
404000,0.449,0.045,0.506
404500,0.454,0.049,0.497
405000,0.440,0.054,0.506
405500,0.440,0.068,0.492
406000,0.428,0.067,0.505
406500,0.423,0.074,0.503
407000,0.418,0.068,0.514
407500,0.422,0.070,0.507
408000,0.424,0.070,0.506
408500,0.429,0.065,0.506
409000,0.406,0.077,0.516
409500,0.397,0.071,0.532
410000,0.409,0.070,0.521
410500,0.409,0.079,0.512
411000,0.411,0.077,0.511
411500,0.400,0.073,0.527
412000,0.397,0.071,0.532
412500,0.394,0.079,0.528
413000,0.400,0.071,0.529
413500,0.409,0.068,0.523
414000,0.407,0.075,0.517
414500,0.405,0.082,0.513
415000,0.386,0.080,0.535
415500,0.403,0.081,0.516
416000,0.399,0.076,0.525
416500,0.431,0.064,0.505
417000,0.430,0.071,0.498
417500,0.427,0.070,0.502
418000,0.426,0.071,0.503
418500,0.425,0.070,0.505
419000,0.438,0.069,0.494
419500,0.421,0.074,0.504
420000,0.423,0.066,0.511
420500,0.417,0.057,0.526
421000,0.438,0.056,0.507
421500,0.446,0.046,0.508
422000,0.438,0.060,0.502
422500,0.430,0.060,0.509
423000,0.420,0.061,0.518
423500,0.422,0.049,0.530
424000,0.419,0.052,0.528
424500,0.411,0.062,0.526
425000,0.431,0.059,0.510
425500,0.429,0.050,0.521
426000,0.422,0.038,0.539
426500,0.443,0.048,0.510
427000,0.436,0.056,0.508
427500,0.448,0.056,0.496
428000,0.451,0.058,0.491
428500,0.450,0.062,0.488
429000,0.430,0.056,0.515
429500,0.418,0.065,0.518
430000,0.391,0.070,0.539
430500,0.404,0.073,0.523
431000,0.407,0.074,0.519
431500,0.409,0.065,0.526
432000,0.414,0.060,0.526
432500,0.410,0.064,0.526
433000,0.432,0.059,0.508
433500,0.457,0.056,0.487
434000,0.451,0.057,0.492
434500,0.439,0.065,0.496
435000,0.436,0.066,0.497
435500,0.447,0.062,0.490
436000,0.447,0.062,0.490
436500,0.442,0.067,0.492
437000,0.453,0.066,0.481
437500,0.467,0.065,0.469
438000,0.471,0.061,0.468
438500,0.458,0.051,0.491
439000,0.467,0.063,0.470
439500,0.462,0.053,0.485
440000,0.464,0.049,0.488
440500,0.451,0.042,0.507
441000,0.458,0.043,0.499
441500,0.468,0.044,0.488
442000,0.493,0.044,0.463
442500,0.486,0.045,0.468
443000,0.483,0.046,0.470
443500,0.503,0.040,0.458
444000,0.506,0.039,0.455
444500,0.525,0.044,0.430
445000,0.509,0.038,0.452
445500,0.526,0.037,0.436
446000,0.528,0.029,0.443
446500,0.534,0.025,0.441
447000,0.535,0.021,0.443
447500,0.538,0.022,0.439
448000,0.533,0.030,0.437
448500,0.522,0.023,0.455
449000,0.527,0.028,0.445
449500,0.532,0.028,0.440
450000,0.547,0.037,0.416
450500,0.544,0.026,0.430
451000,0.547,0.028,0.425
451500,0.549,0.034,0.417
452000,0.556,0.034,0.409
452500,0.552,0.033,0.415
453000,0.555,0.032,0.413
453500,0.549,0.039,0.412
454000,0.535,0.033,0.432
454500,0.532,0.035,0.432
455000,0.524,0.041,0.435
455500,0.512,0.036,0.452
456000,0.499,0.034,0.467
456500,0.492,0.031,0.477
457000,0.496,0.036,0.468
457500,0.504,0.037,0.459
458000,0.473,0.038,0.489
458500,0.469,0.036,0.495
459000,0.492,0.032,0.476
459500,0.488,0.039,0.473
460000,0.498,0.035,0.467
460500,0.490,0.033,0.477
461000,0.504,0.032,0.465
461500,0.504,0.027,0.469
462000,0.510,0.041,0.450
462500,0.514,0.037,0.449
463000,0.525,0.028,0.447
463500,0.528,0.029,0.443
464000,0.529,0.028,0.443
464500,0.527,0.026,0.447
465000,0.528,0.040,0.432
465500,0.530,0.036,0.433
466000,0.518,0.028,0.454
466500,0.534,0.026,0.439
467000,0.525,0.021,0.454
467500,0.514,0.021,0.465
468000,0.522,0.028,0.450
468500,0.517,0.024,0.459
469000,0.512,0.026,0.462
469500,0.515,0.031,0.454
470000,0.524,0.035,0.441
470500,0.511,0.033,0.456
471000,0.512,0.035,0.453
471500,0.513,0.029,0.458
472000,0.504,0.032,0.465
472500,0.504,0.030,0.466
473000,0.498,0.040,0.462
473500,0.499,0.043,0.457
474000,0.500,0.036,0.464
474500,0.482,0.033,0.485
475000,0.498,0.036,0.465
475500,0.486,0.031,0.483
476000,0.507,0.033,0.460
476500,0.498,0.030,0.471
477000,0.503,0.031,0.466
477500,0.493,0.035,0.471
478000,0.493,0.037,0.469
478500,0.496,0.034,0.470
479000,0.479,0.041,0.480
479500,0.488,0.040,0.472
480000,0.467,0.050,0.483
480500,0.469,0.045,0.486
481000,0.477,0.043,0.480
481500,0.475,0.035,0.490
482000,0.500,0.033,0.467
482500,0.508,0.034,0.458
483000,0.506,0.038,0.455
483500,0.498,0.038,0.464
484000,0.498,0.042,0.460
484500,0.494,0.039,0.467
485000,0.489,0.036,0.475
485500,0.485,0.041,0.474
486000,0.494,0.043,0.464
486500,0.478,0.040,0.482
487000,0.478,0.035,0.487
487500,0.489,0.039,0.472
488000,0.487,0.043,0.471
488500,0.485,0.041,0.475
489000,0.483,0.035,0.481
489500,0.484,0.040,0.476
490000,0.493,0.035,0.471
490500,0.488,0.033,0.479
491000,0.486,0.044,0.470
491500,0.489,0.039,0.471
492000,0.492,0.040,0.468
492500,0.497,0.042,0.461
493000,0.508,0.041,0.452
493500,0.488,0.033,0.479
494000,0.482,0.031,0.487
494500,0.479,0.038,0.483
495000,0.487,0.035,0.478
495500,0.480,0.034,0.486
496000,0.497,0.043,0.460
496500,0.495,0.041,0.464
497000,0.499,0.042,0.458
497500,0.491,0.047,0.462
498000,0.482,0.053,0.465
498500,0.478,0.059,0.462
499000,0.467,0.052,0.480
499500,0.464,0.051,0.486
500000,0.466,0.051,0.483
500500,0.473,0.050,0.477
501000,0.473,0.046,0.480
501500,0.472,0.047,0.481
502000,0.454,0.051,0.496
502500,0.468,0.050,0.482
503000,0.489,0.046,0.465
503500,0.492,0.043,0.465
504000,0.497,0.046,0.457
504500,0.475,0.043,0.481
505000,0.480,0.041,0.479
505500,0.478,0.040,0.482
506000,0.490,0.034,0.477
506500,0.489,0.038,0.472
507000,0.493,0.043,0.463
507500,0.510,0.034,0.456
508000,0.485,0.041,0.475
508500,0.496,0.042,0.463
509000,0.498,0.041,0.461
509500,0.482,0.044,0.473
510000,0.490,0.037,0.473
510500,0.495,0.034,0.471
511000,0.491,0.040,0.470
511500,0.491,0.041,0.468
512000,0.469,0.049,0.482
512500,0.488,0.045,0.467
513000,0.498,0.036,0.466
513500,0.506,0.035,0.460
514000,0.494,0.034,0.473
514500,0.516,0.032,0.452
515000,0.516,0.032,0.452
515500,0.523,0.036,0.440
516000,0.519,0.038,0.443
516500,0.539,0.035,0.426
517000,0.544,0.029,0.427
517500,0.528,0.028,0.444
518000,0.516,0.028,0.456
518500,0.502,0.037,0.461
519000,0.507,0.033,0.460
519500,0.505,0.026,0.469
520000,0.519,0.027,0.454
520500,0.503,0.027,0.470
521000,0.519,0.033,0.449
521500,0.512,0.032,0.456
522000,0.504,0.030,0.466
522500,0.516,0.033,0.451
523000,0.519,0.041,0.440
523500,0.525,0.041,0.434
524000,0.528,0.031,0.441
524500,0.517,0.033,0.450
525000,0.523,0.035,0.441
525500,0.520,0.030,0.450
526000,0.536,0.024,0.440
526500,0.535,0.021,0.444
527000,0.531,0.025,0.444
527500,0.542,0.027,0.430
528000,0.553,0.027,0.420
528500,0.547,0.029,0.423
529000,0.543,0.029,0.428
529500,0.555,0.029,0.416
530000,0.540,0.023,0.436
530500,0.527,0.021,0.452
531000,0.526,0.019,0.455
531500,0.541,0.017,0.442
532000,0.530,0.027,0.443
532500,0.524,0.028,0.448
533000,0.526,0.024,0.450
533500,0.515,0.029,0.456
534000,0.529,0.028,0.443
534500,0.536,0.028,0.436
535000,0.547,0.019,0.433
535500,0.539,0.022,0.438
536000,0.552,0.022,0.426
536500,0.554,0.028,0.418
537000,0.556,0.022,0.422
537500,0.559,0.022,0.418
538000,0.558,0.021,0.420
538500,0.567,0.015,0.418
539000,0.562,0.015,0.422
539500,0.565,0.012,0.423
540000,0.567,0.021,0.413
540500,0.547,0.021,0.432
541000,0.545,0.023,0.432
541500,0.539,0.029,0.432
542000,0.545,0.030,0.425
542500,0.539,0.032,0.429
543000,0.536,0.026,0.438
543500,0.544,0.028,0.428
544000,0.567,0.031,0.402
544500,0.572,0.031,0.397
545000,0.558,0.035,0.406
545500,0.558,0.030,0.411
546000,0.546,0.027,0.426
546500,0.548,0.032,0.420
547000,0.549,0.030,0.420
547500,0.556,0.028,0.416
548000,0.551,0.028,0.421
548500,0.546,0.026,0.428
549000,0.521,0.028,0.451
549500,0.525,0.029,0.446
550000,0.544,0.033,0.423
550500,0.535,0.035,0.430
551000,0.527,0.031,0.442
551500,0.519,0.038,0.443
552000,0.529,0.037,0.434
552500,0.526,0.041,0.433
553000,0.527,0.036,0.436
553500,0.515,0.029,0.456
554000,0.508,0.029,0.462
554500,0.510,0.032,0.458
555000,0.501,0.040,0.459
555500,0.496,0.034,0.470
556000,0.514,0.030,0.456
556500,0.520,0.026,0.454
557000,0.512,0.034,0.454
557500,0.510,0.028,0.462
558000,0.512,0.025,0.463
558500,0.521,0.032,0.447
559000,0.529,0.028,0.443
559500,0.535,0.029,0.435
560000,0.539,0.024,0.436
560500,0.538,0.030,0.431
561000,0.535,0.028,0.436
561500,0.543,0.031,0.426
562000,0.532,0.038,0.430
562500,0.547,0.045,0.407
563000,0.537,0.049,0.414
563500,0.531,0.044,0.424
564000,0.525,0.035,0.440
564500,0.523,0.035,0.441
565000,0.507,0.035,0.459
565500,0.512,0.033,0.456
566000,0.499,0.038,0.463
566500,0.488,0.040,0.472
567000,0.480,0.038,0.481
567500,0.492,0.040,0.468
568000,0.511,0.044,0.444
568500,0.518,0.047,0.435
569000,0.501,0.050,0.449
569500,0.499,0.043,0.457
570000,0.489,0.043,0.469
570500,0.486,0.043,0.471
571000,0.487,0.036,0.476
571500,0.482,0.037,0.481
572000,0.492,0.032,0.476
572500,0.517,0.029,0.454
573000,0.517,0.028,0.455
573500,0.504,0.029,0.467
574000,0.502,0.026,0.472
574500,0.487,0.033,0.480
575000,0.480,0.038,0.482
575500,0.492,0.040,0.468
576000,0.499,0.043,0.458
576500,0.475,0.040,0.486
577000,0.475,0.039,0.485
577500,0.480,0.033,0.487
578000,0.469,0.034,0.497
578500,0.460,0.041,0.499
579000,0.454,0.045,0.501
579500,0.476,0.038,0.486
580000,0.473,0.041,0.485
580500,0.464,0.039,0.497
581000,0.464,0.041,0.496
581500,0.494,0.041,0.465
582000,0.493,0.043,0.464
582500,0.490,0.037,0.473
583000,0.476,0.045,0.479
583500,0.484,0.053,0.463
584000,0.479,0.053,0.467
584500,0.473,0.058,0.470
585000,0.467,0.046,0.486
585500,0.460,0.044,0.496
586000,0.471,0.046,0.483
586500,0.454,0.049,0.497
587000,0.466,0.042,0.493
587500,0.479,0.034,0.487
588000,0.480,0.043,0.478
588500,0.462,0.058,0.480
589000,0.473,0.060,0.467
589500,0.489,0.053,0.457
590000,0.472,0.050,0.479
590500,0.473,0.035,0.491
591000,0.469,0.037,0.493
591500,0.457,0.035,0.508
592000,0.457,0.041,0.503
592500,0.455,0.044,0.501
593000,0.452,0.051,0.498
593500,0.436,0.055,0.508
594000,0.421,0.056,0.523
594500,0.424,0.051,0.525
595000,0.412,0.050,0.539
595500,0.418,0.053,0.528
596000,0.426,0.054,0.519
596500,0.433,0.046,0.520
597000,0.436,0.042,0.523
597500,0.441,0.044,0.514
598000,0.445,0.051,0.504
598500,0.455,0.055,0.490
599000,0.459,0.051,0.490
599500,0.452,0.059,0.490
600000,0.452,0.052,0.496
600500,0.476,0.044,0.480
601000,0.475,0.038,0.487
601500,0.478,0.043,0.480
602000,0.469,0.044,0.487
602500,0.486,0.038,0.476
603000,0.488,0.040,0.472
603500,0.485,0.043,0.471
604000,0.490,0.049,0.462
604500,0.486,0.045,0.469
605000,0.484,0.042,0.474
605500,0.473,0.041,0.486
606000,0.463,0.045,0.492
606500,0.464,0.042,0.494
607000,0.458,0.051,0.491
607500,0.451,0.055,0.494
608000,0.452,0.058,0.490
608500,0.456,0.057,0.487
609000,0.451,0.058,0.491
609500,0.454,0.058,0.489
610000,0.448,0.043,0.509
610500,0.446,0.043,0.511
611000,0.444,0.052,0.504
611500,0.442,0.051,0.508
612000,0.440,0.059,0.501
612500,0.458,0.062,0.480
613000,0.468,0.051,0.482
613500,0.461,0.056,0.483
614000,0.454,0.050,0.496
614500,0.446,0.051,0.503
615000,0.432,0.051,0.517
615500,0.416,0.058,0.526
616000,0.421,0.070,0.508
616500,0.430,0.069,0.501
617000,0.433,0.070,0.496
617500,0.426,0.075,0.498
618000,0.418,0.069,0.513
618500,0.409,0.065,0.526
619000,0.430,0.059,0.511
619500,0.421,0.056,0.523
620000,0.417,0.056,0.527
620500,0.407,0.058,0.535
621000,0.411,0.071,0.517
621500,0.412,0.069,0.519
622000,0.412,0.066,0.522
622500,0.422,0.059,0.519
623000,0.425,0.058,0.517
623500,0.431,0.071,0.497
624000,0.445,0.066,0.490
624500,0.437,0.066,0.497
625000,0.410,0.071,0.519
625500,0.414,0.071,0.515
626000,0.416,0.064,0.520
626500,0.413,0.061,0.525
627000,0.406,0.065,0.530
627500,0.415,0.067,0.518
628000,0.405,0.077,0.518
628500,0.406,0.070,0.524
629000,0.417,0.067,0.516
629500,0.421,0.053,0.525
630000,0.450,0.057,0.494
630500,0.451,0.060,0.489
631000,0.446,0.053,0.501
631500,0.447,0.060,0.492
632000,0.430,0.059,0.511
632500,0.423,0.064,0.513
633000,0.428,0.063,0.508
633500,0.442,0.067,0.491
634000,0.448,0.070,0.482
634500,0.436,0.062,0.502
635000,0.408,0.070,0.522
635500,0.410,0.067,0.523
636000,0.420,0.063,0.516
636500,0.419,0.066,0.515
637000,0.411,0.065,0.524
637500,0.418,0.056,0.526
638000,0.419,0.055,0.525
638500,0.426,0.053,0.521
639000,0.433,0.057,0.510
639500,0.456,0.058,0.487
640000,0.451,0.058,0.491
640500,0.466,0.059,0.475
641000,0.469,0.055,0.475
641500,0.480,0.042,0.478
642000,0.480,0.041,0.479
642500,0.454,0.046,0.500
643000,0.449,0.051,0.500
643500,0.445,0.060,0.495
644000,0.425,0.066,0.509
644500,0.411,0.061,0.528
645000,0.406,0.067,0.526
645500,0.411,0.065,0.524
646000,0.420,0.060,0.519
646500,0.413,0.054,0.532
647000,0.409,0.060,0.530
647500,0.410,0.059,0.530
648000,0.408,0.059,0.533
648500,0.432,0.060,0.508
649000,0.420,0.055,0.524
649500,0.415,0.058,0.526
650000,0.410,0.074,0.515
650500,0.423,0.065,0.512
651000,0.430,0.068,0.503
651500,0.429,0.060,0.510
652000,0.435,0.062,0.502
652500,0.441,0.067,0.492
653000,0.455,0.075,0.470
653500,0.440,0.071,0.489
654000,0.449,0.062,0.488
654500,0.446,0.051,0.503
655000,0.455,0.046,0.498
655500,0.463,0.051,0.487
656000,0.461,0.047,0.492
656500,0.474,0.048,0.478
657000,0.496,0.056,0.449
657500,0.506,0.062,0.432
658000,0.489,0.065,0.446
658500,0.489,0.052,0.459
659000,0.489,0.045,0.466
659500,0.495,0.041,0.464
660000,0.493,0.043,0.463
660500,0.492,0.043,0.465
661000,0.488,0.042,0.470
661500,0.482,0.042,0.476
662000,0.470,0.040,0.491
662500,0.459,0.049,0.492
663000,0.470,0.046,0.484
663500,0.467,0.052,0.480
664000,0.465,0.048,0.487
664500,0.453,0.044,0.503
665000,0.458,0.046,0.496
665500,0.461,0.043,0.495
666000,0.449,0.043,0.508
666500,0.458,0.038,0.504
667000,0.464,0.031,0.505
667500,0.463,0.036,0.501
668000,0.465,0.048,0.487
668500,0.462,0.043,0.496
669000,0.470,0.042,0.488
669500,0.478,0.042,0.480
670000,0.476,0.043,0.480
670500,0.490,0.041,0.469
671000,0.487,0.044,0.469
671500,0.482,0.040,0.479
672000,0.488,0.030,0.482
672500,0.498,0.036,0.466
673000,0.495,0.040,0.465
673500,0.487,0.036,0.477
674000,0.490,0.045,0.465
674500,0.487,0.049,0.464
675000,0.481,0.058,0.460
675500,0.490,0.050,0.460
676000,0.492,0.056,0.452
676500,0.480,0.051,0.469
677000,0.477,0.050,0.474
677500,0.467,0.044,0.489
678000,0.475,0.044,0.480
678500,0.465,0.044,0.490
679000,0.472,0.049,0.479
679500,0.475,0.049,0.477
680000,0.481,0.051,0.469
680500,0.456,0.047,0.497
681000,0.455,0.045,0.500
681500,0.473,0.038,0.489
682000,0.483,0.038,0.478
682500,0.501,0.043,0.456
683000,0.497,0.041,0.463
683500,0.507,0.038,0.455
684000,0.503,0.035,0.462
684500,0.511,0.036,0.453
685000,0.511,0.036,0.453
685500,0.514,0.029,0.456
686000,0.505,0.030,0.465
686500,0.497,0.038,0.464
687000,0.505,0.035,0.459
687500,0.505,0.035,0.460
688000,0.495,0.036,0.468
688500,0.482,0.044,0.474
689000,0.485,0.042,0.473
689500,0.466,0.048,0.487
690000,0.476,0.041,0.484
690500,0.478,0.044,0.478
691000,0.478,0.052,0.470
691500,0.469,0.034,0.497
692000,0.474,0.032,0.494
692500,0.490,0.034,0.476
693000,0.499,0.030,0.471
693500,0.512,0.037,0.451
694000,0.506,0.040,0.455
694500,0.513,0.051,0.436
695000,0.500,0.052,0.447
695500,0.490,0.050,0.460
696000,0.476,0.041,0.483
696500,0.488,0.041,0.471
697000,0.500,0.035,0.466
697500,0.507,0.034,0.459
698000,0.500,0.038,0.461
698500,0.522,0.039,0.439
699000,0.515,0.042,0.443
699500,0.515,0.041,0.445
700000,0.523,0.036,0.441
700500,0.527,0.036,0.437
701000,0.529,0.033,0.438
701500,0.539,0.031,0.430
702000,0.535,0.027,0.438
702500,0.546,0.034,0.420
703000,0.531,0.037,0.432
703500,0.532,0.030,0.438
704000,0.545,0.035,0.419
704500,0.537,0.035,0.427
705000,0.531,0.034,0.434
705500,0.537,0.035,0.428
706000,0.521,0.036,0.443
706500,0.536,0.035,0.429
707000,0.521,0.029,0.450
707500,0.508,0.032,0.460
708000,0.509,0.029,0.462
708500,0.505,0.030,0.465
709000,0.500,0.035,0.465
709500,0.511,0.033,0.456
710000,0.508,0.036,0.456
710500,0.502,0.041,0.458
711000,0.516,0.042,0.442
711500,0.504,0.033,0.463
712000,0.516,0.040,0.444
712500,0.517,0.046,0.437
713000,0.526,0.044,0.430
713500,0.523,0.043,0.434
714000,0.536,0.034,0.430
714500,0.525,0.036,0.438
715000,0.537,0.035,0.428
715500,0.544,0.034,0.422
716000,0.546,0.026,0.427
716500,0.535,0.028,0.437
717000,0.518,0.034,0.448
717500,0.494,0.034,0.472
718000,0.496,0.032,0.472
718500,0.486,0.033,0.482
719000,0.491,0.049,0.461
719500,0.487,0.045,0.468
720000,0.474,0.046,0.479
720500,0.480,0.051,0.470
721000,0.476,0.051,0.473
721500,0.467,0.042,0.491
722000,0.459,0.052,0.489
722500,0.465,0.049,0.486
723000,0.492,0.044,0.464
723500,0.489,0.043,0.468
724000,0.477,0.051,0.472
724500,0.480,0.046,0.474
725000,0.479,0.043,0.478
725500,0.480,0.043,0.477
726000,0.489,0.042,0.468
726500,0.490,0.041,0.469
727000,0.485,0.041,0.473
727500,0.494,0.049,0.457
728000,0.484,0.049,0.467
728500,0.499,0.055,0.446
729000,0.504,0.051,0.445
729500,0.495,0.043,0.463
730000,0.500,0.046,0.454
730500,0.522,0.046,0.432
731000,0.520,0.043,0.437
731500,0.534,0.039,0.427
732000,0.527,0.030,0.442
732500,0.531,0.033,0.436
733000,0.540,0.028,0.431
733500,0.532,0.022,0.445
734000,0.536,0.021,0.442
734500,0.532,0.025,0.443
735000,0.537,0.022,0.441
735500,0.523,0.026,0.451
736000,0.533,0.026,0.440
736500,0.551,0.025,0.424
737000,0.557,0.030,0.412
737500,0.546,0.030,0.423
738000,0.545,0.028,0.426
738500,0.548,0.026,0.425
739000,0.538,0.029,0.433
739500,0.553,0.024,0.423
740000,0.555,0.019,0.426
740500,0.547,0.021,0.431
741000,0.553,0.023,0.423
741500,0.548,0.029,0.422
742000,0.551,0.030,0.418
742500,0.544,0.029,0.426
743000,0.541,0.028,0.431
743500,0.540,0.029,0.431
744000,0.542,0.026,0.431
744500,0.544,0.027,0.428
745000,0.552,0.029,0.418
745500,0.545,0.027,0.427
746000,0.544,0.025,0.431
746500,0.539,0.028,0.433
747000,0.527,0.029,0.444
747500,0.543,0.020,0.437
748000,0.553,0.017,0.430
748500,0.557,0.015,0.427
749000,0.563,0.019,0.418
749500,0.564,0.015,0.421
750000,0.560,0.018,0.422
750500,0.570,0.017,0.413
751000,0.561,0.024,0.415
751500,0.568,0.026,0.406
752000,0.570,0.029,0.401
752500,0.561,0.025,0.413
753000,0.567,0.025,0.409
753500,0.557,0.025,0.417
754000,0.558,0.027,0.415
754500,0.572,0.029,0.400
755000,0.580,0.025,0.396
755500,0.587,0.019,0.394
756000,0.595,0.015,0.390
756500,0.584,0.013,0.403
757000,0.579,0.018,0.403
757500,0.590,0.017,0.393
758000,0.577,0.021,0.403
758500,0.584,0.019,0.397
759000,0.576,0.023,0.401
759500,0.577,0.025,0.399
760000,0.584,0.024,0.392
760500,0.566,0.028,0.407
761000,0.547,0.029,0.423
761500,0.559,0.030,0.410
762000,0.544,0.029,0.427
762500,0.529,0.033,0.438
763000,0.534,0.026,0.440
763500,0.547,0.023,0.430
764000,0.556,0.026,0.418
764500,0.540,0.032,0.427
765000,0.528,0.033,0.439
765500,0.513,0.036,0.451
766000,0.517,0.038,0.444
766500,0.502,0.037,0.461
767000,0.513,0.036,0.451
767500,0.502,0.029,0.469
768000,0.495,0.038,0.467
768500,0.484,0.043,0.473
769000,0.489,0.045,0.466
769500,0.490,0.043,0.468
770000,0.488,0.036,0.476
770500,0.483,0.047,0.469
771000,0.476,0.041,0.484
771500,0.475,0.038,0.486
772000,0.477,0.035,0.487
772500,0.475,0.034,0.492
773000,0.458,0.042,0.501
773500,0.476,0.036,0.488
774000,0.474,0.035,0.491
774500,0.480,0.038,0.482
775000,0.485,0.049,0.465
775500,0.488,0.051,0.461
776000,0.487,0.053,0.460
776500,0.492,0.051,0.457
777000,0.477,0.053,0.470
777500,0.464,0.046,0.490
778000,0.466,0.041,0.494
778500,0.467,0.049,0.484
779000,0.483,0.043,0.473
779500,0.477,0.050,0.473
780000,0.489,0.042,0.469
780500,0.516,0.043,0.441
781000,0.529,0.043,0.428
781500,0.523,0.038,0.438
782000,0.525,0.033,0.442
782500,0.526,0.037,0.437
783000,0.507,0.032,0.461
783500,0.513,0.035,0.452
784000,0.520,0.042,0.439
784500,0.518,0.037,0.444
785000,0.496,0.051,0.453
785500,0.500,0.045,0.455
786000,0.498,0.044,0.457
786500,0.487,0.043,0.470
787000,0.475,0.048,0.477
787500,0.462,0.045,0.493
788000,0.453,0.048,0.499
788500,0.440,0.049,0.511
789000,0.455,0.058,0.488
789500,0.430,0.056,0.514
790000,0.410,0.057,0.534
790500,0.399,0.061,0.540
791000,0.384,0.068,0.548
791500,0.382,0.065,0.554
792000,0.389,0.062,0.549
792500,0.392,0.063,0.545
793000,0.411,0.070,0.519
793500,0.409,0.069,0.522
794000,0.425,0.071,0.504
794500,0.425,0.066,0.509
795000,0.428,0.074,0.497
795500,0.418,0.071,0.510
796000,0.399,0.076,0.525
796500,0.408,0.062,0.530
797000,0.406,0.072,0.521
797500,0.425,0.064,0.510
798000,0.415,0.057,0.528
798500,0.397,0.068,0.535
799000,0.402,0.075,0.523
799500,0.403,0.080,0.517
800000,0.399,0.085,0.516
800500,0.412,0.074,0.514
801000,0.401,0.068,0.531
801500,0.400,0.064,0.537
802000,0.407,0.058,0.535
802500,0.410,0.062,0.528
803000,0.407,0.057,0.536
803500,0.419,0.067,0.514
