time,n_A+p,n_B,n_AB
500,0.080,0.457,0.463
1000,0.086,0.132,0.782
1500,0.253,0.034,0.714
2000,0.521,0.002,0.477
2500,0.672,0.000,0.328
3000,0.780,0.000,0.220
3500,0.880,0.000,0.120
4000,0.923,0.000,0.077
4500,0.932,0.000,0.068
5000,0.955,0.000,0.045
5500,0.952,0.000,0.048
6000,0.932,0.000,0.068
6500,0.884,0.000,0.116
7000,0.905,0.000,0.095
7500,0.945,0.000,0.055
8000,0.922,0.000,0.078
8500,0.909,0.000,0.091
9000,0.931,0.000,0.069
9500,0.830,0.000,0.170
10000,0.854,0.000,0.146
10500,0.808,0.000,0.192
11000,0.861,0.000,0.139
11500,0.848,0.000,0.152
12000,0.808,0.000,0.192
12500,0.893,0.000,0.107
13000,0.884,0.000,0.116
13500,0.880,0.000,0.120
14000,0.927,0.000,0.073
14500,0.963,0.000,0.037
15000,0.906,0.000,0.094
15500,0.951,0.000,0.049
16000,0.961,0.000,0.039
16500,0.984,0.000,0.016
17000,0.996,0.000,0.004
17500,0.987,0.000,0.013
18000,0.991,0.000,0.009
18500,1.000,0.000,0.000
19000,1.000,0.000,0.000
