time,n_A+p,n_B,n_AB
100,0.030,0.969,0.001
200,0.030,0.964,0.006
300,0.030,0.962,0.008
400,0.030,0.957,0.013
500,0.031,0.952,0.017
600,0.032,0.951,0.017
700,0.035,0.947,0.018
800,0.034,0.946,0.020
900,0.032,0.935,0.034
1000,0.033,0.923,0.044
1100,0.033,0.922,0.045
1200,0.036,0.920,0.044
1300,0.036,0.924,0.040
1400,0.034,0.921,0.045
1500,0.034,0.932,0.035
1600,0.032,0.934,0.035
1700,0.032,0.917,0.051
1800,0.033,0.917,0.050
1900,0.032,0.922,0.046
2000,0.031,0.930,0.040
2100,0.032,0.928,0.040
2200,0.032,0.925,0.043
2300,0.032,0.925,0.043
2400,0.032,0.926,0.042
2500,0.034,0.928,0.038
2600,0.035,0.933,0.033
2700,0.032,0.934,0.035
2800,0.033,0.930,0.038
2900,0.033,0.928,0.039
3000,0.032,0.922,0.046
3100,0.034,0.926,0.040
3200,0.034,0.931,0.036
3300,0.034,0.935,0.032
3400,0.035,0.936,0.030
3500,0.035,0.937,0.029
3600,0.035,0.937,0.029
3700,0.035,0.936,0.030
3800,0.037,0.928,0.035
3900,0.041,0.930,0.030
4000,0.043,0.925,0.032
4100,0.042,0.921,0.037
4200,0.039,0.925,0.036
4300,0.039,0.920,0.041
4400,0.039,0.907,0.054
4500,0.039,0.909,0.052
4600,0.040,0.910,0.050
4700,0.042,0.902,0.056
4800,0.044,0.905,0.051
4900,0.042,0.903,0.055
5000,0.041,0.897,0.062
5100,0.039,0.908,0.053
5200,0.043,0.910,0.047
5300,0.044,0.907,0.049
5400,0.040,0.906,0.054
5500,0.042,0.903,0.055
5600,0.042,0.909,0.049
5700,0.042,0.910,0.048
5800,0.039,0.903,0.058
5900,0.040,0.899,0.061
6000,0.039,0.899,0.062
6100,0.041,0.892,0.067
6200,0.040,0.892,0.068
6300,0.041,0.893,0.066
6400,0.038,0.890,0.073
6500,0.036,0.885,0.080
6600,0.036,0.888,0.077
6700,0.036,0.892,0.073
6800,0.036,0.903,0.061
6900,0.037,0.901,0.062
7000,0.035,0.909,0.056
7100,0.035,0.911,0.054
7200,0.035,0.919,0.046
7300,0.036,0.915,0.049
7400,0.037,0.921,0.042
7500,0.039,0.927,0.034
7600,0.039,0.930,0.032
7700,0.039,0.932,0.030
7800,0.039,0.934,0.028
7900,0.039,0.934,0.028
8000,0.038,0.934,0.029
8100,0.036,0.930,0.035
8200,0.036,0.927,0.037
8300,0.036,0.926,0.038
8400,0.036,0.926,0.038
8500,0.036,0.927,0.037
8600,0.036,0.926,0.038
8700,0.038,0.931,0.032
8800,0.038,0.925,0.037
8900,0.038,0.928,0.034
9000,0.037,0.936,0.028
9100,0.036,0.938,0.027
9200,0.036,0.934,0.031
9300,0.035,0.928,0.037
9400,0.036,0.921,0.043
9500,0.039,0.925,0.036
9600,0.039,0.914,0.047
9700,0.040,0.915,0.045
9800,0.041,0.917,0.042
9900,0.041,0.914,0.045
10000,0.040,0.906,0.054
10100,0.039,0.897,0.064
10200,0.042,0.895,0.063
10300,0.041,0.895,0.064
10400,0.038,0.896,0.066
10500,0.038,0.906,0.056
10600,0.037,0.909,0.054
10700,0.040,0.899,0.061
10800,0.040,0.900,0.060
10900,0.040,0.896,0.064
11000,0.038,0.898,0.064
11100,0.041,0.878,0.081
11200,0.041,0.884,0.076
11300,0.044,0.890,0.066
11400,0.042,0.892,0.066
11500,0.039,0.892,0.069
11600,0.038,0.896,0.066
11700,0.040,0.895,0.065
11800,0.043,0.872,0.085
11900,0.042,0.870,0.088
12000,0.039,0.871,0.090
12100,0.041,0.859,0.100
12200,0.046,0.866,0.088
12300,0.044,0.868,0.088
12400,0.041,0.871,0.088
12500,0.042,0.867,0.091
12600,0.043,0.867,0.090
12700,0.045,0.864,0.091
12800,0.047,0.854,0.099
12900,0.049,0.860,0.091
13000,0.045,0.852,0.103
13100,0.046,0.853,0.101
13200,0.044,0.867,0.089
13300,0.045,0.868,0.087
13400,0.046,0.870,0.084
13500,0.047,0.848,0.105
13600,0.045,0.848,0.107
13700,0.045,0.852,0.103
13800,0.047,0.848,0.105
13900,0.044,0.845,0.111
14000,0.041,0.840,0.120
14100,0.042,0.855,0.103
14200,0.043,0.849,0.108
14300,0.043,0.850,0.107
14400,0.044,0.853,0.103
14500,0.045,0.848,0.107
14600,0.049,0.846,0.105
14700,0.049,0.843,0.108
14800,0.050,0.846,0.104
14900,0.050,0.848,0.102
15000,0.048,0.856,0.096
15100,0.049,0.838,0.113
15200,0.055,0.837,0.108
15300,0.056,0.835,0.109
15400,0.055,0.835,0.110
15500,0.056,0.824,0.120
15600,0.053,0.832,0.114
15700,0.051,0.825,0.124
15800,0.054,0.820,0.126
15900,0.052,0.825,0.123
16000,0.056,0.826,0.117
16100,0.057,0.827,0.115
16200,0.055,0.818,0.127
16300,0.061,0.812,0.127
16400,0.061,0.805,0.134
16500,0.060,0.803,0.137
16600,0.067,0.807,0.126
16700,0.075,0.807,0.118
16800,0.070,0.802,0.128
16900,0.069,0.809,0.122
17000,0.065,0.804,0.131
17100,0.065,0.805,0.130
17200,0.065,0.803,0.132
17300,0.068,0.799,0.133
17400,0.063,0.804,0.133
17500,0.060,0.817,0.123
17600,0.052,0.824,0.124
17700,0.054,0.823,0.123
17800,0.056,0.817,0.127
17900,0.055,0.819,0.126
18000,0.056,0.817,0.127
18100,0.055,0.813,0.132
18200,0.055,0.820,0.125
18300,0.051,0.820,0.129
18400,0.050,0.818,0.132
18500,0.052,0.819,0.129
18600,0.055,0.802,0.143
18700,0.055,0.810,0.135
18800,0.057,0.819,0.124
18900,0.061,0.821,0.117
19000,0.058,0.816,0.126
19100,0.062,0.818,0.120
19200,0.060,0.815,0.125
19300,0.063,0.818,0.118
19400,0.064,0.818,0.117
19500,0.066,0.811,0.123
19600,0.060,0.812,0.128
19700,0.060,0.809,0.131
19800,0.063,0.818,0.118
19900,0.067,0.822,0.110
20000,0.066,0.825,0.108
20100,0.062,0.829,0.108
20200,0.059,0.817,0.124
20300,0.061,0.804,0.135
20400,0.058,0.810,0.132
20500,0.060,0.799,0.141
20600,0.059,0.801,0.140
20700,0.054,0.807,0.139
20800,0.054,0.813,0.133
20900,0.051,0.814,0.135
21000,0.055,0.812,0.133
21100,0.053,0.818,0.129
21200,0.055,0.815,0.130
21300,0.051,0.815,0.134
21400,0.057,0.818,0.125
21500,0.058,0.813,0.129
21600,0.059,0.803,0.138
21700,0.060,0.802,0.138
21800,0.056,0.798,0.146
21900,0.059,0.803,0.138
22000,0.060,0.796,0.144
22100,0.064,0.788,0.148
22200,0.062,0.790,0.148
22300,0.063,0.796,0.141
22400,0.063,0.790,0.147
22500,0.063,0.792,0.145
22600,0.061,0.778,0.160
22700,0.060,0.784,0.155
22800,0.058,0.783,0.158
22900,0.060,0.773,0.166
23000,0.063,0.776,0.160
23100,0.066,0.776,0.157
23200,0.059,0.769,0.172
23300,0.057,0.775,0.168
23400,0.055,0.767,0.178
23500,0.052,0.767,0.181
23600,0.049,0.769,0.182
23700,0.049,0.777,0.174
23800,0.048,0.791,0.161
23900,0.047,0.799,0.154
24000,0.052,0.813,0.135
24100,0.052,0.813,0.135
24200,0.055,0.808,0.137
24300,0.054,0.810,0.136
24400,0.052,0.820,0.128
24500,0.050,0.823,0.127
24600,0.051,0.822,0.127
24700,0.052,0.820,0.128
24800,0.056,0.814,0.130
24900,0.054,0.816,0.130
25000,0.055,0.812,0.133
25100,0.059,0.811,0.130
25200,0.060,0.802,0.138
25300,0.061,0.813,0.126
25400,0.052,0.819,0.129
25500,0.052,0.813,0.135
25600,0.056,0.824,0.120
25700,0.055,0.820,0.125
25800,0.054,0.822,0.124
25900,0.055,0.809,0.136
26000,0.053,0.817,0.130
26100,0.050,0.826,0.124
26200,0.053,0.837,0.110
26300,0.052,0.841,0.107
26400,0.055,0.840,0.105
26500,0.052,0.842,0.106
26600,0.051,0.842,0.107
26700,0.050,0.839,0.111
26800,0.049,0.841,0.110
26900,0.052,0.840,0.108
27000,0.049,0.842,0.109
27100,0.049,0.848,0.103
27200,0.047,0.852,0.101
27300,0.046,0.860,0.094
27400,0.045,0.854,0.101
27500,0.046,0.849,0.105
27600,0.048,0.847,0.105
27700,0.050,0.849,0.101
27800,0.051,0.848,0.101
27900,0.050,0.850,0.100
28000,0.049,0.832,0.118
28100,0.047,0.838,0.115
28200,0.050,0.824,0.126
28300,0.050,0.831,0.118
28400,0.047,0.843,0.110
28500,0.045,0.842,0.113
28600,0.047,0.844,0.109
28700,0.052,0.826,0.122
28800,0.055,0.825,0.120
28900,0.058,0.821,0.121
29000,0.061,0.814,0.125
29100,0.057,0.818,0.125
29200,0.064,0.812,0.124
29300,0.064,0.813,0.123
29400,0.064,0.811,0.125
29500,0.061,0.812,0.127
29600,0.058,0.811,0.131
29700,0.055,0.817,0.128
29800,0.057,0.811,0.132
29900,0.056,0.814,0.130
30000,0.053,0.817,0.130
30100,0.057,0.815,0.128
30200,0.054,0.809,0.137
30300,0.056,0.811,0.133
30400,0.057,0.809,0.134
30500,0.060,0.807,0.133
30600,0.056,0.798,0.146
30700,0.055,0.798,0.147
30800,0.063,0.796,0.141
30900,0.067,0.805,0.128
31000,0.069,0.801,0.130
31100,0.069,0.813,0.117
31200,0.068,0.813,0.118
31300,0.065,0.821,0.113
31400,0.064,0.821,0.114
31500,0.065,0.817,0.117
31600,0.065,0.809,0.126
31700,0.061,0.815,0.124
31800,0.057,0.815,0.128
31900,0.063,0.809,0.128
32000,0.069,0.806,0.125
32100,0.067,0.805,0.128
32200,0.061,0.809,0.130
32300,0.066,0.819,0.114
32400,0.060,0.817,0.123
32500,0.055,0.812,0.133
32600,0.060,0.803,0.137
32700,0.059,0.812,0.129
32800,0.058,0.814,0.128
32900,0.059,0.815,0.126
33000,0.058,0.819,0.123
33100,0.055,0.825,0.120
33200,0.055,0.827,0.117
33300,0.061,0.832,0.106
33400,0.057,0.827,0.115
33500,0.060,0.825,0.114
33600,0.056,0.824,0.120
33700,0.057,0.823,0.120
33800,0.051,0.829,0.120
33900,0.051,0.831,0.117
34000,0.057,0.817,0.126
34100,0.062,0.811,0.127
34200,0.055,0.807,0.138
34300,0.058,0.816,0.126
34400,0.059,0.820,0.121
34500,0.056,0.808,0.136
34600,0.058,0.826,0.115
34700,0.059,0.824,0.116
34800,0.060,0.823,0.116
34900,0.060,0.819,0.121
35000,0.058,0.818,0.124
35100,0.057,0.821,0.122
35200,0.056,0.831,0.112
35300,0.057,0.830,0.112
35400,0.056,0.810,0.134
35500,0.054,0.800,0.146
35600,0.046,0.804,0.150
35700,0.052,0.805,0.143
35800,0.050,0.807,0.143
35900,0.053,0.809,0.138
36000,0.066,0.791,0.143
36100,0.068,0.781,0.150
36200,0.066,0.785,0.148
36300,0.066,0.784,0.149
36400,0.062,0.782,0.155
36500,0.063,0.782,0.154
36600,0.065,0.785,0.149
36700,0.066,0.799,0.135
36800,0.064,0.800,0.136
36900,0.064,0.800,0.136
37000,0.068,0.795,0.137
37100,0.065,0.799,0.136
37200,0.066,0.801,0.133
37300,0.064,0.800,0.136
37400,0.063,0.807,0.130
37500,0.066,0.806,0.128
37600,0.073,0.797,0.131
37700,0.070,0.804,0.126
37800,0.074,0.811,0.115
37900,0.073,0.805,0.123
38000,0.068,0.804,0.128
38100,0.062,0.802,0.136
38200,0.062,0.809,0.129
38300,0.064,0.805,0.131
38400,0.063,0.806,0.131
38500,0.063,0.808,0.129
38600,0.061,0.808,0.131
38700,0.066,0.797,0.137
38800,0.066,0.799,0.135
38900,0.066,0.811,0.123
39000,0.065,0.813,0.122
39100,0.067,0.817,0.115
39200,0.068,0.823,0.108
39300,0.069,0.814,0.116
39400,0.066,0.826,0.107
39500,0.073,0.802,0.126
39600,0.069,0.792,0.139
39700,0.074,0.791,0.136
39800,0.067,0.791,0.142
39900,0.066,0.796,0.138
40000,0.066,0.801,0.133
40100,0.061,0.803,0.136
40200,0.065,0.803,0.132
40300,0.068,0.801,0.131
40400,0.063,0.804,0.133
40500,0.061,0.812,0.127
40600,0.056,0.818,0.126
40700,0.053,0.824,0.123
40800,0.055,0.820,0.125
40900,0.054,0.829,0.116
41000,0.052,0.820,0.128
41100,0.054,0.821,0.125
41200,0.056,0.820,0.124
41300,0.055,0.826,0.118
41400,0.056,0.824,0.120
41500,0.058,0.823,0.118
41600,0.059,0.826,0.114
41700,0.060,0.835,0.105
41800,0.059,0.828,0.112
41900,0.059,0.826,0.114
42000,0.059,0.811,0.130
42100,0.062,0.798,0.140
42200,0.061,0.790,0.149
42300,0.062,0.796,0.142
42400,0.057,0.800,0.143
42500,0.055,0.809,0.136
42600,0.055,0.820,0.125
42700,0.057,0.825,0.117
42800,0.060,0.819,0.121
42900,0.061,0.814,0.125
43000,0.057,0.807,0.136
43100,0.060,0.801,0.139
43200,0.059,0.807,0.134
43300,0.059,0.813,0.128
43400,0.058,0.817,0.125
43500,0.055,0.817,0.128
43600,0.053,0.819,0.128
43700,0.054,0.820,0.126
43800,0.054,0.826,0.120
43900,0.054,0.812,0.134
44000,0.059,0.812,0.129
44100,0.057,0.827,0.115
44200,0.049,0.835,0.116
44300,0.047,0.836,0.117
44400,0.050,0.835,0.115
44500,0.054,0.835,0.111
44600,0.054,0.841,0.105
44700,0.051,0.838,0.111
44800,0.050,0.851,0.099
44900,0.054,0.841,0.105
45000,0.053,0.843,0.104
45100,0.053,0.841,0.106
45200,0.054,0.847,0.099
45300,0.051,0.841,0.108
45400,0.049,0.849,0.102
45500,0.050,0.854,0.096
45600,0.051,0.850,0.099
45700,0.052,0.835,0.113
45800,0.056,0.836,0.108
45900,0.051,0.827,0.122
46000,0.050,0.837,0.113
46100,0.051,0.843,0.106
46200,0.045,0.843,0.112
46300,0.046,0.849,0.105
46400,0.050,0.844,0.106
46500,0.048,0.856,0.096
46600,0.046,0.852,0.102
46700,0.047,0.858,0.095
46800,0.046,0.861,0.093
46900,0.047,0.865,0.088
47000,0.048,0.867,0.085
47100,0.047,0.861,0.092
47200,0.048,0.843,0.109
47300,0.050,0.849,0.101
47400,0.050,0.843,0.107
47500,0.045,0.845,0.110
47600,0.045,0.841,0.114
47700,0.049,0.828,0.123
47800,0.050,0.822,0.128
47900,0.052,0.838,0.110
48000,0.054,0.832,0.113
48100,0.052,0.830,0.117
48200,0.052,0.831,0.116
48300,0.062,0.828,0.109
48400,0.058,0.826,0.115
48500,0.061,0.835,0.104
48600,0.060,0.837,0.103
48700,0.059,0.837,0.104
48800,0.052,0.842,0.106
48900,0.049,0.844,0.107
49000,0.048,0.848,0.104
49100,0.048,0.864,0.088
49200,0.048,0.868,0.084
49300,0.048,0.861,0.091
49400,0.048,0.867,0.085
49500,0.053,0.866,0.081
49600,0.049,0.867,0.084
49700,0.051,0.862,0.087
49800,0.055,0.861,0.084
49900,0.050,0.847,0.103
50000,0.056,0.843,0.101
50100,0.057,0.845,0.098
50200,0.059,0.845,0.096
50300,0.056,0.841,0.103
50400,0.053,0.844,0.103
50500,0.055,0.852,0.093
50600,0.050,0.846,0.104
50700,0.049,0.846,0.105
50800,0.049,0.849,0.102
50900,0.052,0.852,0.096
51000,0.054,0.838,0.108
51100,0.054,0.840,0.106
51200,0.059,0.831,0.109
51300,0.060,0.831,0.108
51400,0.058,0.834,0.108
51500,0.057,0.846,0.097
51600,0.055,0.843,0.102
51700,0.059,0.847,0.094
51800,0.063,0.839,0.098
51900,0.063,0.831,0.105
52000,0.062,0.838,0.100
52100,0.060,0.826,0.113
52200,0.067,0.815,0.117
52300,0.069,0.820,0.110
52400,0.067,0.840,0.093
52500,0.065,0.837,0.098
52600,0.069,0.838,0.093
52700,0.066,0.828,0.105
52800,0.065,0.828,0.106
52900,0.069,0.828,0.102
53000,0.068,0.826,0.105
53100,0.070,0.830,0.099
53200,0.068,0.819,0.112
53300,0.070,0.819,0.110
53400,0.068,0.812,0.120
53500,0.064,0.809,0.127
53600,0.061,0.812,0.127
53700,0.059,0.825,0.115
53800,0.056,0.822,0.122
53900,0.058,0.801,0.141
54000,0.057,0.814,0.129
54100,0.057,0.816,0.127
54200,0.058,0.816,0.126
54300,0.057,0.823,0.120
54400,0.060,0.818,0.122
54500,0.061,0.813,0.126
54600,0.059,0.814,0.127
54700,0.058,0.813,0.129
54800,0.058,0.813,0.129
54900,0.052,0.809,0.139
55000,0.049,0.820,0.131
55100,0.055,0.817,0.128
55200,0.053,0.821,0.126
55300,0.049,0.821,0.130
55400,0.051,0.826,0.123
55500,0.051,0.840,0.109
55600,0.053,0.848,0.099
55700,0.053,0.846,0.101
55800,0.052,0.855,0.093
55900,0.054,0.851,0.095
56000,0.052,0.857,0.091
56100,0.054,0.856,0.090
56200,0.053,0.848,0.099
56300,0.054,0.840,0.106
56400,0.053,0.838,0.109
56500,0.051,0.844,0.105
56600,0.053,0.832,0.114
56700,0.050,0.836,0.114
56800,0.048,0.838,0.114
56900,0.051,0.842,0.107
57000,0.053,0.837,0.110
57100,0.056,0.838,0.106
57200,0.052,0.838,0.110
57300,0.052,0.831,0.116
57400,0.056,0.836,0.108
57500,0.056,0.846,0.098
57600,0.060,0.836,0.104
57700,0.060,0.841,0.099
57800,0.060,0.851,0.089
57900,0.058,0.852,0.090
58000,0.053,0.837,0.110
58100,0.055,0.838,0.107
58200,0.056,0.844,0.100
58300,0.055,0.838,0.107
58400,0.053,0.835,0.112
58500,0.052,0.842,0.106
58600,0.052,0.830,0.117
58700,0.052,0.832,0.115
58800,0.054,0.836,0.110
58900,0.055,0.832,0.112
59000,0.056,0.834,0.110
59100,0.059,0.827,0.113
59200,0.062,0.827,0.110
59300,0.058,0.806,0.136
59400,0.065,0.807,0.128
59500,0.062,0.801,0.137
59600,0.063,0.807,0.130
59700,0.064,0.813,0.123
59800,0.067,0.814,0.118
59900,0.063,0.811,0.126
60000,0.060,0.814,0.126
60100,0.055,0.824,0.121
60200,0.054,0.823,0.123
60300,0.053,0.821,0.126
60400,0.057,0.821,0.122
60500,0.056,0.820,0.124
60600,0.054,0.822,0.124
60700,0.057,0.830,0.112
60800,0.059,0.829,0.111
60900,0.056,0.824,0.120
61000,0.060,0.835,0.105
61100,0.061,0.837,0.102
61200,0.066,0.816,0.117
61300,0.066,0.789,0.145
61400,0.062,0.797,0.141
61500,0.072,0.803,0.126
61600,0.065,0.794,0.141
61700,0.066,0.788,0.146
61800,0.061,0.795,0.144
61900,0.058,0.797,0.145
62000,0.061,0.800,0.139
62100,0.060,0.794,0.146
62200,0.060,0.796,0.144
62300,0.062,0.787,0.151
62400,0.064,0.793,0.143
62500,0.064,0.791,0.145
62600,0.061,0.797,0.142
62700,0.063,0.806,0.131
62800,0.066,0.797,0.137
62900,0.069,0.796,0.135
63000,0.061,0.789,0.150
63100,0.059,0.785,0.155
63200,0.062,0.789,0.149
63300,0.061,0.791,0.148
63400,0.069,0.788,0.143
63500,0.075,0.787,0.139
63600,0.073,0.782,0.145
63700,0.065,0.782,0.152
63800,0.065,0.782,0.152
63900,0.067,0.780,0.152
64000,0.064,0.787,0.149
64100,0.062,0.788,0.150
64200,0.061,0.783,0.155
64300,0.059,0.789,0.152
64400,0.055,0.791,0.154
64500,0.061,0.785,0.153
64600,0.054,0.789,0.157
64700,0.057,0.783,0.159
64800,0.056,0.793,0.151
64900,0.052,0.790,0.158
65000,0.055,0.774,0.171
65100,0.057,0.774,0.169
65200,0.058,0.761,0.181
65300,0.058,0.775,0.166
65400,0.060,0.782,0.157
65500,0.059,0.780,0.160
65600,0.055,0.777,0.168
65700,0.054,0.791,0.155
65800,0.056,0.766,0.178
65900,0.055,0.777,0.168
66000,0.053,0.773,0.174
66100,0.058,0.783,0.158
66200,0.061,0.790,0.149
66300,0.055,0.792,0.153
66400,0.054,0.799,0.147
66500,0.051,0.805,0.144
66600,0.052,0.789,0.159
66700,0.049,0.798,0.153
66800,0.057,0.802,0.141
66900,0.060,0.807,0.133
67000,0.056,0.810,0.134
67100,0.053,0.814,0.133
67200,0.047,0.814,0.139
67300,0.048,0.820,0.132
67400,0.050,0.828,0.122
67500,0.050,0.830,0.120
67600,0.053,0.839,0.108
67700,0.062,0.808,0.130
67800,0.060,0.808,0.132
67900,0.056,0.806,0.138
68000,0.056,0.797,0.147
68100,0.056,0.809,0.135
68200,0.056,0.810,0.134
68300,0.058,0.820,0.122
68400,0.060,0.815,0.125
68500,0.058,0.817,0.125
68600,0.054,0.818,0.128
68700,0.056,0.819,0.125
68800,0.051,0.830,0.118
68900,0.054,0.811,0.135
69000,0.061,0.813,0.126
69100,0.058,0.811,0.131
69200,0.061,0.812,0.127
69300,0.049,0.812,0.139
69400,0.055,0.795,0.150
69500,0.062,0.791,0.147
69600,0.066,0.794,0.140
69700,0.070,0.772,0.157
69800,0.070,0.781,0.148
69900,0.065,0.776,0.158
70000,0.068,0.774,0.157
70100,0.064,0.775,0.160
70200,0.060,0.778,0.161
70300,0.060,0.789,0.151
70400,0.066,0.794,0.140
70500,0.067,0.795,0.138
70600,0.068,0.789,0.143
70700,0.065,0.794,0.141
70800,0.063,0.774,0.162
70900,0.066,0.776,0.157
71000,0.063,0.770,0.166
71100,0.067,0.780,0.152
71200,0.069,0.788,0.143
71300,0.070,0.791,0.139
71400,0.070,0.784,0.145
71500,0.069,0.776,0.154
71600,0.075,0.766,0.159
71700,0.076,0.768,0.156
71800,0.074,0.768,0.158
71900,0.073,0.759,0.169
72000,0.081,0.758,0.161
72100,0.087,0.768,0.145
72200,0.086,0.760,0.154
72300,0.086,0.761,0.153
72400,0.088,0.764,0.148
72500,0.082,0.774,0.144
72600,0.080,0.766,0.154
72700,0.080,0.773,0.147
72800,0.078,0.778,0.144
72900,0.080,0.759,0.161
73000,0.099,0.755,0.146
73100,0.098,0.753,0.149
73200,0.097,0.757,0.146
73300,0.099,0.765,0.136
73400,0.092,0.752,0.156
73500,0.088,0.761,0.151
73600,0.086,0.764,0.150
73700,0.085,0.744,0.172
73800,0.087,0.748,0.165
73900,0.088,0.756,0.156
74000,0.087,0.766,0.147
74100,0.087,0.770,0.143
74200,0.085,0.771,0.144
74300,0.081,0.770,0.149
74400,0.075,0.771,0.154
74500,0.073,0.772,0.155
74600,0.075,0.762,0.163
74700,0.076,0.761,0.163
74800,0.076,0.763,0.161
74900,0.079,0.746,0.176
75000,0.082,0.733,0.185
75100,0.086,0.731,0.183
75200,0.099,0.726,0.175
75300,0.109,0.707,0.184
75400,0.105,0.695,0.200
75500,0.108,0.684,0.207
75600,0.112,0.675,0.212
75700,0.107,0.677,0.216
75800,0.111,0.688,0.200
75900,0.116,0.687,0.196
76000,0.114,0.684,0.201
76100,0.116,0.678,0.205
76200,0.115,0.663,0.222
76300,0.110,0.678,0.211
76400,0.113,0.677,0.209
76500,0.110,0.685,0.204
76600,0.116,0.688,0.195
76700,0.120,0.686,0.194
76800,0.122,0.695,0.184
76900,0.115,0.696,0.189
77000,0.121,0.692,0.188
77100,0.124,0.693,0.184
77200,0.123,0.680,0.197
77300,0.118,0.678,0.203
77400,0.123,0.678,0.199
77500,0.118,0.673,0.208
77600,0.104,0.691,0.205
77700,0.107,0.701,0.192
77800,0.109,0.697,0.194
77900,0.108,0.706,0.186
78000,0.104,0.712,0.184
78100,0.110,0.705,0.185
78200,0.114,0.687,0.198
78300,0.121,0.702,0.178
78400,0.117,0.702,0.181
78500,0.115,0.702,0.183
78600,0.125,0.698,0.178
78700,0.127,0.687,0.186
78800,0.132,0.691,0.178
78900,0.136,0.676,0.188
79000,0.137,0.678,0.185
79100,0.126,0.681,0.193
79200,0.138,0.672,0.190
79300,0.150,0.646,0.204
79400,0.160,0.650,0.190
79500,0.166,0.639,0.194
79600,0.175,0.644,0.182
79700,0.172,0.644,0.185
79800,0.173,0.646,0.182
79900,0.166,0.644,0.190
80000,0.168,0.638,0.194
80100,0.161,0.633,0.205
80200,0.150,0.629,0.221
80300,0.152,0.639,0.208
80400,0.145,0.644,0.211
80500,0.133,0.650,0.218
80600,0.146,0.650,0.204
80700,0.142,0.653,0.205
80800,0.148,0.659,0.193
80900,0.149,0.663,0.188
81000,0.155,0.657,0.188
81100,0.147,0.661,0.192
81200,0.147,0.668,0.185
81300,0.149,0.662,0.189
81400,0.149,0.659,0.192
81500,0.148,0.657,0.195
81600,0.145,0.658,0.197
81700,0.142,0.647,0.211
81800,0.142,0.648,0.210
81900,0.133,0.656,0.211
82000,0.130,0.657,0.213
82100,0.116,0.658,0.226
82200,0.117,0.659,0.224
82300,0.116,0.660,0.224
82400,0.123,0.646,0.232
82500,0.124,0.653,0.224
82600,0.130,0.666,0.204
82700,0.132,0.673,0.195
82800,0.126,0.658,0.217
82900,0.129,0.662,0.209
83000,0.123,0.660,0.218
83100,0.121,0.661,0.219
83200,0.116,0.668,0.216
83300,0.122,0.667,0.211
83400,0.130,0.665,0.205
83500,0.126,0.657,0.218
83600,0.125,0.659,0.217
83700,0.118,0.656,0.226
83800,0.114,0.668,0.218
83900,0.113,0.670,0.217
84000,0.106,0.675,0.219
84100,0.112,0.683,0.204
84200,0.113,0.680,0.206
84300,0.120,0.670,0.210
84400,0.114,0.663,0.223
84500,0.120,0.661,0.220
84600,0.128,0.652,0.221
84700,0.125,0.649,0.227
84800,0.123,0.659,0.219
84900,0.118,0.657,0.225
85000,0.112,0.667,0.221
85100,0.113,0.664,0.223
85200,0.121,0.658,0.222
85300,0.120,0.656,0.225
85400,0.127,0.653,0.221
85500,0.125,0.639,0.236
85600,0.122,0.636,0.242
85700,0.128,0.645,0.228
85800,0.122,0.639,0.239
85900,0.126,0.632,0.242
86000,0.140,0.634,0.226
86100,0.140,0.624,0.236
86200,0.142,0.625,0.233
86300,0.138,0.629,0.233
86400,0.136,0.618,0.246
86500,0.141,0.615,0.244
86600,0.150,0.609,0.241
86700,0.138,0.585,0.277
86800,0.138,0.590,0.272
86900,0.149,0.592,0.258
87000,0.155,0.590,0.254
87100,0.164,0.594,0.241
87200,0.155,0.596,0.249
87300,0.164,0.602,0.234
87400,0.175,0.593,0.232
87500,0.154,0.609,0.237
87600,0.130,0.612,0.258
87700,0.127,0.621,0.252
87800,0.132,0.624,0.244
87900,0.138,0.634,0.228
88000,0.135,0.633,0.232
88100,0.144,0.631,0.225
88200,0.143,0.623,0.234
88300,0.144,0.615,0.241
88400,0.140,0.615,0.245
88500,0.149,0.615,0.236
88600,0.148,0.605,0.247
88700,0.149,0.598,0.253
88800,0.155,0.594,0.250
88900,0.173,0.582,0.245
89000,0.156,0.588,0.255
89100,0.154,0.588,0.257
89200,0.143,0.588,0.269
89300,0.140,0.586,0.274
89400,0.141,0.576,0.283
89500,0.149,0.574,0.277
89600,0.147,0.566,0.287
89700,0.146,0.569,0.285
89800,0.142,0.572,0.286
89900,0.144,0.591,0.265
90000,0.143,0.588,0.269
90100,0.145,0.591,0.264
90200,0.147,0.587,0.266
90300,0.160,0.580,0.259
90400,0.165,0.580,0.254
90500,0.157,0.582,0.260
90600,0.157,0.571,0.272
90700,0.153,0.566,0.281
90800,0.154,0.553,0.293
90900,0.153,0.538,0.308
91000,0.152,0.544,0.303
91100,0.157,0.555,0.288
91200,0.149,0.559,0.292
91300,0.149,0.544,0.306
91400,0.157,0.542,0.300
91500,0.154,0.543,0.302
91600,0.162,0.553,0.285
91700,0.189,0.551,0.260
91800,0.175,0.554,0.272
91900,0.166,0.557,0.277
92000,0.172,0.540,0.288
92100,0.164,0.543,0.292
92200,0.164,0.541,0.294
92300,0.176,0.535,0.289
92400,0.196,0.544,0.259
92500,0.202,0.541,0.256
92600,0.207,0.537,0.255
92700,0.206,0.538,0.255
92800,0.216,0.534,0.250
92900,0.209,0.532,0.258
93000,0.212,0.541,0.246
93100,0.201,0.533,0.266
93200,0.194,0.532,0.274
93300,0.189,0.521,0.290
93400,0.186,0.524,0.290
93500,0.185,0.529,0.286
93600,0.186,0.539,0.275
93700,0.187,0.538,0.275
93800,0.183,0.535,0.282
93900,0.183,0.534,0.283
94000,0.186,0.537,0.277
94100,0.183,0.534,0.283
94200,0.178,0.533,0.289
94300,0.174,0.536,0.290
94400,0.179,0.542,0.279
94500,0.173,0.545,0.282
94600,0.175,0.535,0.290
94700,0.179,0.538,0.283
94800,0.182,0.543,0.275
94900,0.181,0.555,0.265
95000,0.177,0.557,0.267
95100,0.171,0.562,0.268
95200,0.179,0.559,0.263
95300,0.170,0.557,0.274
95400,0.177,0.560,0.264
95500,0.174,0.575,0.251
95600,0.168,0.576,0.256
95700,0.163,0.563,0.274
95800,0.161,0.551,0.288
95900,0.162,0.545,0.292
96000,0.155,0.547,0.297
96100,0.155,0.560,0.285
96200,0.159,0.569,0.272
96300,0.154,0.585,0.260
96400,0.154,0.587,0.258
96500,0.145,0.603,0.252
96600,0.144,0.598,0.258
96700,0.154,0.603,0.243
96800,0.151,0.601,0.248
96900,0.155,0.596,0.249
97000,0.156,0.587,0.256
97100,0.162,0.581,0.256
97200,0.157,0.583,0.259
97300,0.161,0.586,0.252
97400,0.150,0.571,0.279
97500,0.145,0.573,0.282
97600,0.153,0.579,0.268
97700,0.150,0.590,0.259
97800,0.151,0.605,0.244
97900,0.156,0.601,0.243
98000,0.156,0.609,0.235
98100,0.151,0.598,0.251
98200,0.148,0.596,0.256
98300,0.151,0.613,0.236
98400,0.148,0.604,0.248
98500,0.140,0.589,0.271
98600,0.139,0.596,0.266
98700,0.140,0.594,0.266
98800,0.142,0.584,0.274
98900,0.144,0.585,0.271
99000,0.150,0.592,0.257
99100,0.150,0.596,0.254
99200,0.144,0.596,0.260
99300,0.149,0.594,0.256
99400,0.145,0.610,0.245
99500,0.132,0.596,0.273
99600,0.127,0.591,0.282
99700,0.139,0.596,0.266
99800,0.134,0.594,0.272
99900,0.130,0.613,0.257
100000,0.129,0.615,0.256
100100,0.124,0.621,0.255
100200,0.115,0.623,0.261
100300,0.126,0.642,0.232
100400,0.121,0.644,0.236
100500,0.125,0.639,0.236
100600,0.125,0.646,0.230
100700,0.122,0.651,0.228
100800,0.117,0.649,0.234
100900,0.114,0.639,0.246
101000,0.118,0.638,0.243
101100,0.113,0.636,0.250
101200,0.118,0.633,0.248
101300,0.123,0.634,0.243
101400,0.118,0.632,0.249
101500,0.115,0.632,0.252
101600,0.122,0.630,0.248
101700,0.126,0.632,0.242
101800,0.116,0.629,0.254
101900,0.128,0.616,0.256
102000,0.125,0.610,0.266
102100,0.130,0.607,0.264
102200,0.127,0.604,0.270
102300,0.132,0.603,0.266
102400,0.129,0.604,0.268
102500,0.133,0.616,0.251
102600,0.134,0.611,0.255
102700,0.136,0.615,0.249
102800,0.129,0.614,0.257
102900,0.129,0.623,0.248
103000,0.130,0.603,0.268
103100,0.132,0.610,0.258
103200,0.130,0.612,0.258
103300,0.127,0.620,0.253
103400,0.126,0.633,0.241
103500,0.122,0.633,0.245
103600,0.118,0.641,0.240
103700,0.124,0.614,0.263
103800,0.117,0.616,0.267
103900,0.111,0.611,0.278
104000,0.112,0.616,0.272
104100,0.111,0.598,0.291
104200,0.117,0.612,0.271
104300,0.113,0.617,0.270
104400,0.128,0.615,0.257
104500,0.129,0.621,0.250
104600,0.137,0.609,0.254
104700,0.129,0.607,0.265
104800,0.133,0.612,0.255
104900,0.133,0.594,0.273
105000,0.127,0.602,0.272
105100,0.125,0.614,0.261
105200,0.122,0.609,0.270
105300,0.132,0.611,0.257
105400,0.128,0.624,0.248
105500,0.126,0.615,0.259
105600,0.134,0.621,0.245
105700,0.138,0.615,0.247
105800,0.128,0.620,0.252
105900,0.124,0.618,0.258
106000,0.125,0.625,0.250
106100,0.133,0.631,0.236
106200,0.130,0.629,0.241
106300,0.128,0.630,0.242
106400,0.130,0.631,0.239
106500,0.134,0.624,0.242
106600,0.137,0.613,0.250
106700,0.124,0.630,0.246
106800,0.118,0.624,0.257
106900,0.117,0.614,0.269
107000,0.117,0.611,0.272
107100,0.122,0.624,0.254
107200,0.132,0.625,0.243
107300,0.134,0.622,0.244
107400,0.131,0.622,0.247
107500,0.136,0.604,0.260
107600,0.140,0.596,0.265
107700,0.146,0.580,0.274
107800,0.145,0.590,0.265
107900,0.150,0.587,0.263
108000,0.149,0.567,0.284
108100,0.158,0.565,0.277
108200,0.155,0.565,0.280
108300,0.149,0.561,0.290
108400,0.152,0.536,0.312
108500,0.152,0.538,0.309
108600,0.155,0.536,0.308
108700,0.158,0.546,0.295
108800,0.154,0.560,0.286
108900,0.152,0.556,0.292
109000,0.144,0.557,0.299
109100,0.149,0.570,0.281
109200,0.143,0.566,0.291
109300,0.142,0.570,0.288
109400,0.144,0.571,0.285
109500,0.147,0.579,0.274
109600,0.157,0.589,0.253
109700,0.143,0.592,0.265
109800,0.139,0.597,0.265
109900,0.140,0.593,0.267
110000,0.143,0.598,0.259
110100,0.139,0.613,0.248
110200,0.134,0.609,0.257
110300,0.134,0.620,0.246
110400,0.126,0.628,0.246
110500,0.120,0.629,0.251
110600,0.117,0.621,0.261
110700,0.127,0.625,0.248
110800,0.123,0.627,0.250
110900,0.116,0.630,0.253
111000,0.120,0.627,0.253
111100,0.129,0.628,0.243
111200,0.136,0.629,0.235
111300,0.130,0.634,0.236
111400,0.132,0.636,0.232
111500,0.136,0.628,0.236
111600,0.139,0.629,0.232
111700,0.135,0.633,0.232
111800,0.140,0.641,0.219
111900,0.141,0.630,0.229
112000,0.151,0.622,0.227
112100,0.150,0.619,0.231
112200,0.151,0.620,0.229
112300,0.152,0.620,0.228
112400,0.153,0.609,0.238
112500,0.159,0.618,0.223
112600,0.152,0.618,0.230
112700,0.147,0.612,0.241
112800,0.148,0.599,0.253
112900,0.144,0.606,0.250
113000,0.149,0.609,0.242
113100,0.140,0.613,0.247
113200,0.150,0.605,0.245
113300,0.148,0.600,0.252
113400,0.148,0.608,0.244
113500,0.151,0.599,0.250
113600,0.162,0.601,0.237
113700,0.159,0.600,0.241
113800,0.157,0.600,0.243
113900,0.159,0.593,0.247
114000,0.175,0.597,0.229
114100,0.176,0.598,0.227
114200,0.177,0.596,0.228
114300,0.183,0.581,0.236
114400,0.191,0.578,0.231
114500,0.184,0.577,0.239
114600,0.189,0.573,0.238
114700,0.191,0.569,0.240
114800,0.184,0.577,0.239
114900,0.185,0.574,0.241
115000,0.191,0.576,0.233
115100,0.193,0.563,0.244
115200,0.197,0.552,0.251
115300,0.198,0.554,0.248
115400,0.206,0.555,0.239
115500,0.210,0.545,0.244
115600,0.212,0.552,0.236
115700,0.213,0.553,0.234
115800,0.200,0.549,0.251
115900,0.204,0.556,0.240
116000,0.209,0.549,0.242
116100,0.220,0.532,0.248
116200,0.217,0.531,0.252
116300,0.211,0.521,0.268
116400,0.236,0.516,0.248
116500,0.236,0.518,0.246
116600,0.236,0.508,0.256
116700,0.242,0.502,0.256
116800,0.237,0.507,0.256
116900,0.241,0.509,0.250
117000,0.240,0.505,0.255
117100,0.244,0.499,0.256
117200,0.245,0.501,0.254
117300,0.245,0.514,0.241
117400,0.244,0.524,0.232
117500,0.239,0.530,0.231
117600,0.236,0.530,0.234
117700,0.236,0.527,0.237
117800,0.244,0.528,0.228
117900,0.249,0.523,0.228
118000,0.249,0.516,0.235
118100,0.257,0.521,0.222
118200,0.254,0.521,0.225
118300,0.267,0.493,0.240
118400,0.263,0.488,0.249
118500,0.260,0.482,0.257
118600,0.264,0.476,0.260
118700,0.267,0.481,0.252
118800,0.272,0.482,0.246
118900,0.266,0.467,0.268
119000,0.272,0.467,0.261
119100,0.279,0.456,0.266
119200,0.284,0.455,0.261
119300,0.308,0.450,0.241
119400,0.306,0.442,0.251
119500,0.302,0.439,0.258
119600,0.311,0.435,0.254
119700,0.314,0.422,0.265
119800,0.329,0.418,0.253
119900,0.328,0.422,0.250
120000,0.322,0.430,0.248
120100,0.318,0.434,0.248
120200,0.318,0.431,0.251
120300,0.323,0.434,0.243
120400,0.319,0.427,0.254
120500,0.320,0.421,0.259
120600,0.314,0.424,0.263
120700,0.323,0.423,0.254
120800,0.322,0.422,0.256
120900,0.313,0.419,0.269
121000,0.318,0.420,0.263
121100,0.339,0.415,0.246
121200,0.348,0.411,0.241
121300,0.354,0.409,0.237
121400,0.354,0.399,0.246
121500,0.347,0.394,0.258
121600,0.350,0.395,0.254
121700,0.353,0.398,0.248
121800,0.351,0.393,0.255
121900,0.362,0.386,0.252
122000,0.373,0.383,0.244
122100,0.381,0.384,0.235
122200,0.383,0.384,0.233
122300,0.394,0.381,0.225
122400,0.404,0.375,0.221
122500,0.400,0.373,0.227
122600,0.396,0.374,0.230
122700,0.394,0.363,0.243
122800,0.404,0.359,0.237
122900,0.413,0.352,0.235
123000,0.413,0.352,0.235
123100,0.415,0.352,0.233
123200,0.424,0.347,0.229
123300,0.425,0.334,0.241
123400,0.434,0.338,0.228
123500,0.438,0.335,0.227
123600,0.435,0.340,0.225
123700,0.443,0.335,0.222
123800,0.441,0.337,0.222
123900,0.451,0.330,0.219
124000,0.453,0.329,0.219
124100,0.453,0.331,0.217
124200,0.447,0.327,0.226
124300,0.451,0.326,0.223
124400,0.460,0.325,0.216
124500,0.463,0.325,0.212
124600,0.468,0.322,0.210
124700,0.481,0.318,0.201
124800,0.482,0.320,0.198
124900,0.482,0.314,0.204
125000,0.492,0.313,0.195
125100,0.485,0.307,0.207
125200,0.484,0.302,0.213
125300,0.493,0.302,0.204
125400,0.493,0.302,0.204
125500,0.489,0.307,0.203
125600,0.498,0.304,0.197
125700,0.486,0.302,0.211
125800,0.481,0.302,0.217
125900,0.483,0.298,0.219
126000,0.487,0.299,0.213
126100,0.491,0.294,0.215
126200,0.486,0.294,0.220
126300,0.485,0.294,0.221
126400,0.490,0.293,0.217
126500,0.492,0.295,0.212
126600,0.492,0.293,0.215
126700,0.491,0.286,0.223
126800,0.494,0.286,0.220
126900,0.495,0.287,0.218
127000,0.505,0.286,0.209
127100,0.506,0.285,0.209
127200,0.499,0.286,0.215
127300,0.505,0.278,0.218
127400,0.508,0.279,0.213
127500,0.489,0.280,0.231
127600,0.484,0.278,0.238
127700,0.497,0.278,0.225
127800,0.502,0.276,0.223
127900,0.505,0.271,0.225
128000,0.497,0.271,0.232
128100,0.491,0.271,0.238
128200,0.498,0.277,0.225
128300,0.503,0.274,0.224
128400,0.506,0.270,0.225
128500,0.515,0.261,0.224
128600,0.516,0.263,0.222
128700,0.518,0.259,0.223
128800,0.521,0.257,0.222
128900,0.511,0.263,0.227
129000,0.508,0.268,0.225
129100,0.509,0.261,0.230
129200,0.511,0.257,0.232
129300,0.505,0.261,0.234
129400,0.506,0.259,0.235
129500,0.517,0.255,0.228
129600,0.522,0.255,0.223
129700,0.524,0.258,0.218
129800,0.533,0.252,0.215
129900,0.547,0.250,0.202
130000,0.544,0.249,0.206
130100,0.551,0.251,0.198
130200,0.550,0.235,0.216
130300,0.549,0.245,0.206
130400,0.556,0.240,0.204
130500,0.557,0.239,0.204
130600,0.556,0.233,0.211
130700,0.564,0.238,0.198
130800,0.578,0.238,0.184
130900,0.567,0.238,0.195
131000,0.561,0.252,0.187
131100,0.552,0.251,0.197
131200,0.558,0.247,0.195
131300,0.559,0.243,0.198
131400,0.573,0.237,0.190
131500,0.581,0.237,0.182
131600,0.583,0.237,0.180
131700,0.585,0.232,0.183
131800,0.592,0.232,0.176
131900,0.594,0.233,0.173
132000,0.597,0.231,0.173
132100,0.598,0.233,0.170
132200,0.600,0.232,0.169
132300,0.605,0.228,0.168
132400,0.600,0.228,0.173
132500,0.597,0.226,0.178
132600,0.594,0.226,0.180
132700,0.597,0.225,0.179
132800,0.600,0.220,0.181
132900,0.602,0.218,0.181
133000,0.604,0.219,0.178
133100,0.607,0.220,0.174
133200,0.608,0.217,0.176
133300,0.613,0.213,0.174
133400,0.615,0.210,0.175
133500,0.615,0.212,0.173
133600,0.624,0.213,0.162
133700,0.622,0.210,0.168
133800,0.627,0.210,0.162
133900,0.626,0.209,0.164
134000,0.637,0.208,0.154
134100,0.641,0.205,0.153
134200,0.647,0.205,0.148
134300,0.645,0.205,0.150
134400,0.645,0.202,0.153
134500,0.649,0.196,0.155
134600,0.645,0.193,0.162
134700,0.646,0.195,0.159
134800,0.647,0.195,0.158
134900,0.649,0.198,0.153
135000,0.652,0.198,0.150
135100,0.652,0.197,0.151
135200,0.646,0.198,0.156
135300,0.644,0.198,0.158
135400,0.648,0.199,0.153
135500,0.650,0.196,0.154
135600,0.656,0.195,0.149
135700,0.655,0.196,0.149
135800,0.657,0.196,0.147
135900,0.660,0.196,0.144
136000,0.661,0.196,0.143
136100,0.653,0.197,0.150
136200,0.655,0.195,0.150
136300,0.657,0.194,0.149
136400,0.660,0.194,0.146
136500,0.662,0.194,0.144
136600,0.662,0.194,0.144
136700,0.663,0.191,0.146
136800,0.664,0.193,0.143
136900,0.660,0.193,0.147
137000,0.661,0.194,0.145
137100,0.665,0.193,0.142
137200,0.668,0.194,0.138
137300,0.665,0.194,0.141
137400,0.666,0.196,0.138
137500,0.656,0.197,0.147
137600,0.665,0.196,0.139
137700,0.659,0.195,0.146
137800,0.659,0.197,0.144
137900,0.657,0.195,0.148
138000,0.656,0.194,0.150
138100,0.656,0.188,0.156
138200,0.655,0.186,0.159
138300,0.662,0.184,0.154
138400,0.667,0.187,0.146
138500,0.669,0.185,0.146
138600,0.662,0.185,0.153
138700,0.673,0.185,0.142
138800,0.672,0.187,0.141
138900,0.668,0.186,0.146
139000,0.668,0.188,0.144
139100,0.675,0.185,0.140
139200,0.674,0.183,0.143
139300,0.678,0.180,0.142
139400,0.678,0.182,0.140
139500,0.683,0.181,0.136
139600,0.687,0.181,0.132
139700,0.688,0.180,0.132
139800,0.688,0.179,0.133
139900,0.686,0.178,0.136
140000,0.693,0.178,0.130
140100,0.693,0.178,0.130
140200,0.694,0.178,0.129
140300,0.693,0.174,0.134
140400,0.693,0.175,0.133
140500,0.693,0.179,0.129
140600,0.689,0.180,0.131
140700,0.696,0.180,0.125
140800,0.700,0.180,0.121
140900,0.701,0.180,0.120
141000,0.702,0.181,0.117
141100,0.704,0.182,0.114
141200,0.704,0.186,0.110
141300,0.702,0.183,0.115
141400,0.702,0.183,0.115
141500,0.703,0.182,0.115
141600,0.705,0.182,0.113
141700,0.706,0.180,0.114
141800,0.706,0.180,0.114
141900,0.708,0.180,0.112
142000,0.708,0.180,0.112
142100,0.709,0.180,0.111
142200,0.691,0.179,0.131
142300,0.692,0.179,0.130
142400,0.686,0.176,0.138
142500,0.689,0.177,0.134
142600,0.689,0.177,0.134
142700,0.689,0.178,0.133
142800,0.695,0.177,0.129
142900,0.697,0.179,0.125
143000,0.697,0.179,0.125
143100,0.695,0.178,0.128
143200,0.697,0.177,0.127
143300,0.695,0.180,0.126
143400,0.693,0.180,0.128
143500,0.692,0.178,0.131
143600,0.695,0.180,0.126
143700,0.698,0.180,0.123
143800,0.692,0.181,0.128
143900,0.694,0.181,0.126
144000,0.697,0.180,0.124
144100,0.700,0.179,0.122
144200,0.702,0.178,0.121
144300,0.704,0.177,0.120
144400,0.703,0.177,0.121
144500,0.702,0.177,0.122
144600,0.700,0.176,0.125
144700,0.702,0.176,0.123
144800,0.701,0.176,0.124
144900,0.699,0.176,0.126
145000,0.700,0.176,0.125
145100,0.698,0.174,0.129
145200,0.695,0.173,0.133
145300,0.694,0.173,0.134
145400,0.691,0.171,0.139
145500,0.694,0.166,0.140
145600,0.694,0.165,0.141
145700,0.697,0.164,0.139
145800,0.692,0.166,0.142
145900,0.692,0.171,0.138
146000,0.687,0.173,0.140
146100,0.688,0.174,0.138
146200,0.692,0.173,0.136
146300,0.695,0.170,0.136
146400,0.692,0.171,0.138
146500,0.693,0.169,0.139
146600,0.695,0.172,0.134
146700,0.696,0.171,0.134
146800,0.696,0.169,0.136
146900,0.697,0.165,0.138
147000,0.700,0.166,0.134
147100,0.703,0.164,0.133
147200,0.705,0.164,0.131
147300,0.708,0.166,0.126
147400,0.707,0.165,0.128
147500,0.706,0.165,0.129
147600,0.707,0.168,0.126
147700,0.705,0.166,0.129
147800,0.703,0.163,0.134
147900,0.705,0.161,0.134
148000,0.707,0.162,0.131
148100,0.707,0.162,0.131
148200,0.706,0.161,0.133
148300,0.708,0.160,0.132
148400,0.709,0.158,0.133
148500,0.710,0.156,0.134
148600,0.710,0.157,0.133
148700,0.711,0.157,0.132
148800,0.712,0.157,0.131
148900,0.711,0.158,0.131
149000,0.713,0.159,0.128
149100,0.714,0.160,0.126
149200,0.716,0.159,0.125
149300,0.717,0.157,0.126
149400,0.720,0.157,0.123
149500,0.720,0.157,0.123
149600,0.716,0.158,0.126
149700,0.715,0.158,0.127
149800,0.715,0.158,0.127
149900,0.708,0.157,0.135
150000,0.707,0.157,0.136
150100,0.708,0.156,0.136
150200,0.711,0.156,0.133
150300,0.709,0.158,0.133
150400,0.708,0.158,0.134
150500,0.711,0.159,0.130
150600,0.710,0.159,0.131
150700,0.709,0.160,0.131
150800,0.704,0.160,0.136
150900,0.710,0.162,0.128
151000,0.712,0.160,0.128
151100,0.712,0.158,0.130
151200,0.713,0.159,0.128
151300,0.713,0.160,0.127
151400,0.714,0.160,0.126
151500,0.715,0.161,0.124
151600,0.717,0.161,0.122
151700,0.721,0.161,0.117
151800,0.721,0.161,0.117
151900,0.722,0.160,0.117
152000,0.717,0.160,0.123
152100,0.719,0.160,0.121
152200,0.718,0.162,0.120
152300,0.719,0.162,0.118
152400,0.719,0.161,0.120
152500,0.720,0.160,0.120
152600,0.719,0.160,0.121
152700,0.718,0.159,0.123
152800,0.718,0.158,0.124
152900,0.717,0.157,0.126
153000,0.718,0.158,0.124
153100,0.707,0.159,0.134
153200,0.698,0.159,0.143
153300,0.698,0.157,0.145
153400,0.703,0.161,0.136
153500,0.708,0.161,0.131
153600,0.712,0.162,0.126
153700,0.714,0.160,0.126
153800,0.716,0.160,0.124
153900,0.718,0.160,0.122
154000,0.717,0.158,0.125
154100,0.716,0.156,0.128
154200,0.724,0.155,0.121
154300,0.723,0.154,0.123
154400,0.719,0.154,0.127
154500,0.715,0.151,0.134
154600,0.713,0.152,0.135
154700,0.711,0.153,0.136
154800,0.717,0.154,0.129
154900,0.719,0.154,0.127
155000,0.712,0.157,0.131
155100,0.719,0.156,0.125
155200,0.725,0.153,0.122
155300,0.724,0.155,0.121
155400,0.725,0.153,0.122
155500,0.727,0.153,0.120
155600,0.728,0.155,0.116
155700,0.725,0.155,0.120
155800,0.726,0.154,0.120
155900,0.722,0.155,0.123
156000,0.731,0.153,0.115
156100,0.732,0.153,0.114
156200,0.739,0.152,0.109
156300,0.742,0.152,0.106
156400,0.743,0.151,0.106
156500,0.747,0.149,0.104
156600,0.746,0.148,0.106
156700,0.750,0.148,0.102
156800,0.750,0.148,0.102
156900,0.750,0.149,0.101
157000,0.752,0.147,0.101
157100,0.752,0.149,0.099
157200,0.747,0.145,0.108
157300,0.748,0.143,0.109
157400,0.750,0.144,0.106
157500,0.750,0.143,0.107
157600,0.754,0.141,0.105
157700,0.754,0.141,0.105
157800,0.752,0.139,0.109
157900,0.752,0.139,0.109
158000,0.753,0.140,0.107
158100,0.754,0.140,0.106
158200,0.754,0.140,0.106
158300,0.756,0.141,0.103
158400,0.758,0.141,0.101
158500,0.759,0.135,0.106
158600,0.762,0.135,0.103
158700,0.765,0.136,0.099
158800,0.764,0.136,0.100
158900,0.760,0.139,0.101
159000,0.763,0.139,0.098
159100,0.762,0.139,0.099
159200,0.759,0.137,0.104
159300,0.762,0.133,0.105
159400,0.760,0.133,0.107
159500,0.758,0.134,0.108
159600,0.761,0.134,0.105
159700,0.761,0.136,0.103
159800,0.760,0.135,0.105
159900,0.761,0.136,0.103
160000,0.760,0.136,0.104
160100,0.765,0.135,0.100
160200,0.766,0.137,0.097
160300,0.768,0.134,0.098
160400,0.766,0.131,0.103
160500,0.765,0.130,0.105
160600,0.767,0.132,0.101
160700,0.772,0.131,0.097
160800,0.777,0.131,0.092
160900,0.775,0.132,0.093
161000,0.776,0.130,0.094
161100,0.776,0.130,0.094
161200,0.776,0.129,0.095
161300,0.779,0.129,0.092
161400,0.780,0.129,0.091
161500,0.778,0.129,0.093
161600,0.778,0.131,0.091
161700,0.775,0.131,0.094
161800,0.762,0.134,0.104
161900,0.764,0.132,0.104
162000,0.763,0.131,0.106
162100,0.763,0.131,0.106
162200,0.764,0.130,0.106
162300,0.770,0.130,0.100
162400,0.774,0.129,0.097
162500,0.776,0.127,0.097
162600,0.774,0.126,0.100
162700,0.773,0.126,0.101
162800,0.777,0.126,0.097
162900,0.779,0.126,0.095
163000,0.779,0.127,0.094
163100,0.780,0.129,0.091
163200,0.782,0.129,0.089
163300,0.787,0.129,0.085
163400,0.788,0.128,0.085
163500,0.788,0.127,0.086
163600,0.785,0.127,0.088
163700,0.783,0.127,0.090
163800,0.785,0.127,0.088
163900,0.790,0.127,0.084
164000,0.791,0.126,0.084
164100,0.789,0.126,0.086
164200,0.790,0.125,0.086
164300,0.791,0.124,0.086
