time,n_A+p,n_B,n_AB
500,0.030,0.675,0.295
1000,0.030,0.491,0.479
1500,0.030,0.462,0.508
2000,0.030,0.486,0.484
2500,0.030,0.488,0.482
3000,0.030,0.370,0.600
3500,0.030,0.447,0.523
4000,0.030,0.421,0.549
4500,0.030,0.368,0.602
5000,0.030,0.506,0.464
5500,0.030,0.740,0.230
6000,0.030,0.476,0.494
6500,0.030,0.497,0.473
7000,0.030,0.468,0.502
7500,0.030,0.527,0.443
8000,0.030,0.470,0.500
8500,0.030,0.383,0.587
9000,0.030,0.420,0.550
9500,0.030,0.512,0.458
10000,0.030,0.517,0.453
10500,0.030,0.417,0.553
11000,0.030,0.459,0.511
11500,0.030,0.431,0.539
12000,0.030,0.587,0.383
12500,0.030,0.579,0.391
13000,0.030,0.460,0.510
13500,0.030,0.471,0.499
14000,0.030,0.500,0.470
14500,0.030,0.632,0.338
15000,0.030,0.539,0.431
15500,0.030,0.569,0.401
16000,0.030,0.396,0.574
16500,0.030,0.457,0.513
17000,0.030,0.511,0.459
17500,0.030,0.480,0.490
18000,0.030,0.549,0.421
18500,0.030,0.388,0.582
19000,0.030,0.522,0.448
19500,0.030,0.504,0.466
20000,0.030,0.504,0.466
20500,0.030,0.456,0.514
21000,0.030,0.468,0.502
21500,0.030,0.516,0.454
22000,0.030,0.462,0.508
22500,0.030,0.567,0.403
23000,0.030,0.541,0.429
23500,0.030,0.397,0.573
24000,0.030,0.508,0.462
24500,0.030,0.559,0.411
25000,0.030,0.525,0.445
25500,0.030,0.412,0.558
26000,0.030,0.339,0.631
26500,0.030,0.553,0.417
27000,0.030,0.404,0.566
27500,0.030,0.519,0.451
28000,0.030,0.483,0.487
28500,0.030,0.392,0.578
29000,0.030,0.321,0.649
29500,0.030,0.388,0.582
30000,0.030,0.481,0.489
30500,0.030,0.448,0.522
31000,0.030,0.510,0.460
31500,0.030,0.542,0.428
32000,0.030,0.442,0.528
32500,0.030,0.387,0.583
33000,0.030,0.336,0.634
33500,0.030,0.282,0.688
34000,0.030,0.456,0.514
34500,0.030,0.573,0.397
35000,0.030,0.571,0.399
35500,0.030,0.292,0.678
36000,0.030,0.414,0.556
36500,0.030,0.596,0.374
37000,0.030,0.453,0.517
37500,0.030,0.491,0.479
38000,0.030,0.489,0.481
38500,0.030,0.382,0.588
39000,0.030,0.515,0.455
39500,0.030,0.536,0.434
40000,0.030,0.428,0.542
40500,0.030,0.389,0.581
41000,0.030,0.413,0.557
41500,0.030,0.353,0.617
42000,0.030,0.377,0.593
42500,0.030,0.515,0.455
43000,0.030,0.529,0.441
43500,0.030,0.480,0.490
44000,0.030,0.504,0.466
44500,0.030,0.436,0.534
45000,0.030,0.543,0.427
45500,0.030,0.438,0.532
46000,0.030,0.488,0.482
46500,0.030,0.413,0.557
47000,0.030,0.532,0.438
47500,0.030,0.400,0.570
48000,0.030,0.432,0.538
48500,0.030,0.442,0.528
49000,0.030,0.586,0.384
49500,0.030,0.431,0.539
50000,0.030,0.467,0.503
50500,0.030,0.409,0.561
51000,0.030,0.400,0.570
51500,0.030,0.539,0.431
52000,0.030,0.537,0.433
52500,0.030,0.447,0.523
53000,0.030,0.401,0.569
53500,0.030,0.479,0.491
54000,0.030,0.528,0.442
54500,0.030,0.504,0.466
55000,0.030,0.579,0.391
55500,0.030,0.463,0.507
56000,0.030,0.425,0.545
56500,0.030,0.423,0.547
57000,0.030,0.527,0.443
57500,0.030,0.507,0.463
58000,0.030,0.440,0.530
58500,0.030,0.389,0.581
59000,0.030,0.343,0.627
59500,0.030,0.461,0.509
60000,0.030,0.653,0.317
60500,0.030,0.475,0.495
61000,0.030,0.385,0.585
61500,0.030,0.428,0.542
62000,0.030,0.464,0.506
62500,0.030,0.474,0.496
63000,0.030,0.430,0.540
63500,0.030,0.463,0.507
64000,0.030,0.539,0.431
64500,0.030,0.337,0.633
65000,0.030,0.535,0.435
65500,0.030,0.420,0.550
66000,0.030,0.463,0.507
66500,0.030,0.628,0.342
67000,0.030,0.517,0.453
67500,0.030,0.499,0.471
68000,0.030,0.546,0.424
68500,0.030,0.464,0.506
69000,0.030,0.399,0.571
69500,0.030,0.425,0.545
70000,0.030,0.480,0.490
70500,0.030,0.495,0.475
71000,0.030,0.306,0.664
71500,0.030,0.517,0.453
72000,0.030,0.565,0.405
72500,0.030,0.597,0.373
73000,0.030,0.375,0.595
73500,0.030,0.446,0.524
74000,0.030,0.532,0.438
74500,0.030,0.401,0.569
75000,0.030,0.393,0.577
75500,0.030,0.281,0.689
76000,0.030,0.414,0.556
76500,0.030,0.510,0.460
77000,0.030,0.395,0.575
77500,0.030,0.513,0.457
78000,0.030,0.579,0.391
78500,0.030,0.404,0.566
79000,0.030,0.503,0.467
79500,0.030,0.359,0.611
80000,0.030,0.498,0.472
80500,0.030,0.341,0.629
81000,0.030,0.469,0.501
81500,0.030,0.452,0.518
82000,0.030,0.465,0.505
82500,0.030,0.402,0.568
83000,0.030,0.481,0.489
83500,0.030,0.503,0.467
84000,0.030,0.446,0.524
84500,0.030,0.565,0.405
85000,0.030,0.407,0.563
85500,0.030,0.482,0.488
86000,0.030,0.494,0.476
86500,0.030,0.502,0.468
87000,0.030,0.405,0.565
87500,0.030,0.411,0.559
88000,0.030,0.651,0.319
88500,0.030,0.461,0.509
89000,0.030,0.476,0.494
89500,0.030,0.602,0.368
90000,0.030,0.485,0.485
90500,0.030,0.593,0.377
91000,0.030,0.403,0.567
91500,0.030,0.365,0.605
92000,0.030,0.378,0.592
92500,0.030,0.462,0.508
93000,0.030,0.427,0.543
93500,0.030,0.272,0.698
94000,0.030,0.498,0.472
94500,0.030,0.545,0.425
95000,0.030,0.474,0.496
95500,0.030,0.619,0.351
96000,0.030,0.430,0.540
96500,0.030,0.396,0.574
97000,0.030,0.474,0.496
97500,0.030,0.356,0.614
98000,0.030,0.605,0.365
98500,0.030,0.519,0.451
99000,0.030,0.629,0.341
99500,0.030,0.463,0.507
100000,0.030,0.388,0.582
100500,0.030,0.452,0.518
101000,0.030,0.465,0.505
101500,0.030,0.460,0.510
102000,0.030,0.425,0.545
102500,0.030,0.456,0.514
103000,0.030,0.464,0.506
103500,0.030,0.556,0.414
104000,0.030,0.397,0.573
104500,0.030,0.446,0.524
105000,0.030,0.438,0.532
105500,0.030,0.498,0.472
106000,0.030,0.652,0.318
106500,0.030,0.511,0.459
107000,0.030,0.454,0.516
107500,0.030,0.510,0.460
108000,0.030,0.670,0.300
108500,0.030,0.563,0.407
109000,0.030,0.622,0.348
109500,0.030,0.614,0.356
110000,0.030,0.598,0.372
110500,0.030,0.455,0.515
111000,0.030,0.401,0.569
111500,0.030,0.448,0.522
112000,0.030,0.557,0.413
112500,0.030,0.539,0.431
113000,0.030,0.447,0.523
113500,0.030,0.484,0.486
114000,0.030,0.451,0.519
114500,0.030,0.374,0.596
115000,0.030,0.541,0.429
115500,0.030,0.533,0.437
116000,0.030,0.457,0.513
116500,0.030,0.465,0.505
117000,0.030,0.460,0.510
117500,0.030,0.522,0.448
118000,0.030,0.545,0.425
118500,0.030,0.395,0.575
119000,0.030,0.302,0.668
119500,0.030,0.375,0.595
120000,0.030,0.498,0.472
120500,0.030,0.414,0.556
121000,0.030,0.580,0.390
121500,0.030,0.354,0.616
122000,0.030,0.406,0.564
122500,0.030,0.404,0.566
123000,0.030,0.390,0.580
123500,0.030,0.425,0.545
124000,0.030,0.494,0.476
124500,0.030,0.570,0.400
125000,0.030,0.414,0.556
125500,0.030,0.460,0.510
126000,0.030,0.466,0.504
126500,0.030,0.422,0.548
127000,0.030,0.420,0.550
127500,0.030,0.418,0.552
128000,0.030,0.399,0.571
128500,0.030,0.557,0.413
129000,0.030,0.402,0.568
129500,0.030,0.539,0.431
130000,0.030,0.395,0.575
130500,0.030,0.451,0.519
131000,0.030,0.573,0.397
131500,0.030,0.372,0.598
132000,0.030,0.294,0.676
132500,0.030,0.519,0.451
133000,0.030,0.630,0.340
133500,0.030,0.515,0.455
134000,0.030,0.414,0.556
134500,0.030,0.517,0.453
135000,0.030,0.405,0.565
135500,0.030,0.456,0.514
136000,0.030,0.290,0.680
136500,0.030,0.485,0.485
137000,0.030,0.485,0.485
137500,0.030,0.557,0.413
138000,0.030,0.495,0.475
138500,0.030,0.506,0.464
139000,0.030,0.538,0.432
139500,0.030,0.387,0.583
140000,0.030,0.510,0.460
140500,0.030,0.672,0.298
141000,0.030,0.490,0.480
141500,0.030,0.331,0.639
142000,0.030,0.439,0.531
142500,0.030,0.574,0.396
143000,0.030,0.410,0.560
143500,0.030,0.406,0.564
144000,0.030,0.390,0.580
144500,0.030,0.404,0.566
145000,0.030,0.349,0.621
145500,0.030,0.626,0.344
146000,0.030,0.498,0.472
146500,0.030,0.706,0.264
147000,0.030,0.770,0.200
147500,0.030,0.521,0.449
148000,0.030,0.460,0.510
148500,0.030,0.547,0.423
149000,0.030,0.332,0.638
149500,0.030,0.439,0.531
150000,0.030,0.440,0.530
150500,0.030,0.282,0.688
151000,0.030,0.393,0.577
151500,0.030,0.401,0.569
152000,0.030,0.438,0.532
152500,0.030,0.471,0.499
153000,0.030,0.436,0.534
153500,0.030,0.440,0.530
154000,0.030,0.327,0.643
154500,0.030,0.582,0.388
155000,0.030,0.434,0.536
155500,0.030,0.490,0.480
156000,0.030,0.433,0.537
156500,0.030,0.396,0.574
157000,0.030,0.532,0.438
157500,0.030,0.432,0.538
158000,0.030,0.393,0.577
158500,0.030,0.446,0.524
159000,0.030,0.401,0.569
159500,0.030,0.339,0.631
160000,0.030,0.576,0.394
160500,0.030,0.429,0.541
161000,0.030,0.552,0.418
161500,0.030,0.351,0.619
162000,0.030,0.483,0.487
162500,0.030,0.495,0.475
163000,0.030,0.449,0.521
163500,0.030,0.524,0.446
164000,0.030,0.601,0.369
164500,0.030,0.391,0.579
165000,0.030,0.428,0.542
165500,0.030,0.379,0.591
166000,0.030,0.402,0.568
166500,0.030,0.506,0.464
167000,0.030,0.438,0.532
167500,0.030,0.498,0.472
168000,0.030,0.440,0.530
168500,0.030,0.405,0.565
169000,0.030,0.586,0.384
169500,0.030,0.709,0.261
170000,0.030,0.552,0.418
170500,0.030,0.601,0.369
171000,0.030,0.429,0.541
171500,0.030,0.423,0.547
172000,0.030,0.581,0.389
172500,0.030,0.351,0.619
173000,0.030,0.410,0.560
173500,0.030,0.452,0.518
174000,0.030,0.527,0.443
174500,0.030,0.347,0.623
175000,0.030,0.430,0.540
175500,0.030,0.553,0.417
176000,0.030,0.490,0.480
176500,0.030,0.427,0.543
177000,0.030,0.546,0.424
177500,0.030,0.467,0.503
178000,0.030,0.387,0.583
178500,0.030,0.560,0.410
179000,0.030,0.513,0.457
179500,0.030,0.445,0.525
180000,0.030,0.573,0.397
180500,0.030,0.685,0.285
181000,0.030,0.599,0.371
181500,0.030,0.581,0.389
182000,0.030,0.558,0.412
182500,0.030,0.486,0.484
183000,0.030,0.589,0.381
183500,0.030,0.495,0.475
184000,0.030,0.569,0.401
184500,0.030,0.404,0.566
185000,0.030,0.592,0.378
185500,0.030,0.626,0.344
186000,0.030,0.582,0.388
186500,0.030,0.469,0.501
187000,0.030,0.585,0.385
187500,0.030,0.474,0.496
188000,0.030,0.517,0.453
188500,0.030,0.492,0.478
189000,0.030,0.618,0.352
189500,0.030,0.478,0.492
190000,0.030,0.464,0.506
190500,0.030,0.500,0.470
191000,0.030,0.533,0.437
191500,0.030,0.510,0.460
192000,0.030,0.434,0.536
192500,0.030,0.551,0.419
193000,0.030,0.440,0.530
193500,0.030,0.483,0.487
194000,0.030,0.417,0.553
194500,0.030,0.415,0.555
195000,0.030,0.471,0.499
195500,0.030,0.478,0.492
196000,0.030,0.543,0.427
196500,0.030,0.499,0.471
197000,0.030,0.635,0.335
197500,0.030,0.599,0.371
198000,0.030,0.420,0.550
198500,0.030,0.489,0.481
199000,0.030,0.426,0.544
199500,0.030,0.420,0.550
200000,0.030,0.644,0.326
200500,0.030,0.585,0.385
201000,0.030,0.471,0.499
201500,0.030,0.425,0.545
202000,0.030,0.383,0.587
202500,0.030,0.506,0.464
203000,0.030,0.552,0.418
203500,0.030,0.676,0.294
204000,0.030,0.636,0.334
204500,0.030,0.536,0.434
205000,0.030,0.509,0.461
205500,0.030,0.635,0.335
206000,0.030,0.468,0.502
206500,0.030,0.577,0.393
207000,0.030,0.327,0.643
207500,0.030,0.476,0.494
208000,0.030,0.522,0.448
208500,0.030,0.549,0.421
209000,0.030,0.540,0.430
209500,0.030,0.431,0.539
210000,0.030,0.422,0.548
210500,0.030,0.334,0.636
211000,0.030,0.424,0.546
211500,0.030,0.558,0.412
212000,0.030,0.417,0.553
212500,0.030,0.327,0.643
213000,0.030,0.622,0.348
213500,0.030,0.538,0.432
214000,0.030,0.437,0.533
214500,0.030,0.457,0.513
215000,0.030,0.449,0.521
215500,0.030,0.516,0.454
216000,0.030,0.568,0.402
216500,0.030,0.551,0.419
217000,0.030,0.493,0.477
217500,0.030,0.440,0.530
218000,0.030,0.530,0.440
218500,0.030,0.462,0.508
219000,0.030,0.385,0.585
219500,0.030,0.391,0.579
220000,0.030,0.593,0.377
220500,0.030,0.762,0.208
221000,0.030,0.509,0.461
221500,0.030,0.440,0.530
222000,0.030,0.480,0.490
222500,0.030,0.360,0.610
223000,0.030,0.406,0.564
223500,0.030,0.563,0.407
224000,0.030,0.636,0.334
224500,0.030,0.582,0.388
225000,0.030,0.403,0.567
225500,0.030,0.491,0.479
226000,0.030,0.535,0.435
226500,0.030,0.509,0.461
227000,0.030,0.452,0.518
227500,0.030,0.378,0.592
228000,0.030,0.594,0.376
228500,0.030,0.415,0.555
229000,0.030,0.649,0.321
229500,0.030,0.613,0.357
230000,0.030,0.440,0.530
230500,0.030,0.402,0.568
231000,0.030,0.440,0.530
231500,0.030,0.435,0.535
232000,0.030,0.409,0.561
232500,0.030,0.455,0.515
233000,0.030,0.416,0.554
233500,0.030,0.626,0.344
234000,0.030,0.478,0.492
234500,0.030,0.424,0.546
235000,0.030,0.557,0.413
235500,0.030,0.479,0.491
236000,0.030,0.467,0.503
236500,0.030,0.446,0.524
237000,0.030,0.444,0.526
237500,0.030,0.627,0.343
238000,0.030,0.404,0.566
238500,0.030,0.522,0.448
239000,0.030,0.414,0.556
239500,0.030,0.385,0.585
240000,0.030,0.476,0.494
240500,0.030,0.437,0.533
241000,0.030,0.528,0.442
241500,0.030,0.567,0.403
242000,0.030,0.509,0.461
242500,0.030,0.481,0.489
243000,0.030,0.575,0.395
243500,0.030,0.489,0.481
244000,0.030,0.566,0.404
244500,0.030,0.638,0.332
245000,0.030,0.504,0.466
245500,0.030,0.383,0.587
246000,0.030,0.398,0.572
246500,0.030,0.527,0.443
247000,0.030,0.442,0.528
247500,0.030,0.654,0.316
248000,0.030,0.526,0.444
248500,0.030,0.457,0.513
249000,0.030,0.495,0.475
249500,0.030,0.664,0.306
250000,0.030,0.430,0.540
250500,0.030,0.484,0.486
251000,0.030,0.454,0.516
251500,0.030,0.594,0.376
252000,0.030,0.510,0.460
252500,0.030,0.431,0.539
253000,0.030,0.648,0.322
253500,0.030,0.482,0.488
254000,0.030,0.449,0.521
254500,0.030,0.475,0.495
255000,0.030,0.543,0.427
255500,0.030,0.382,0.588
256000,0.030,0.375,0.595
256500,0.030,0.456,0.514
257000,0.030,0.379,0.591
257500,0.030,0.364,0.606
258000,0.030,0.457,0.513
258500,0.030,0.389,0.581
259000,0.030,0.418,0.552
259500,0.030,0.471,0.499
260000,0.030,0.394,0.576
260500,0.030,0.493,0.477
261000,0.030,0.605,0.365
261500,0.030,0.627,0.343
262000,0.030,0.532,0.438
262500,0.030,0.412,0.558
263000,0.030,0.428,0.542
263500,0.030,0.377,0.593
264000,0.030,0.272,0.698
264500,0.030,0.533,0.437
265000,0.030,0.532,0.438
265500,0.030,0.284,0.686
266000,0.030,0.413,0.557
266500,0.030,0.522,0.448
267000,0.030,0.578,0.392
267500,0.030,0.471,0.499
268000,0.030,0.517,0.453
268500,0.030,0.499,0.471
269000,0.030,0.419,0.551
269500,0.030,0.460,0.510
270000,0.030,0.601,0.369
270500,0.030,0.632,0.338
271000,0.030,0.514,0.456
271500,0.030,0.457,0.513
272000,0.030,0.368,0.602
272500,0.030,0.378,0.592
273000,0.030,0.412,0.558
273500,0.030,0.419,0.551
274000,0.030,0.461,0.509
274500,0.030,0.452,0.518
275000,0.030,0.390,0.580
275500,0.030,0.503,0.467
276000,0.030,0.466,0.504
276500,0.030,0.595,0.375
277000,0.030,0.422,0.548
277500,0.030,0.375,0.595
278000,0.030,0.542,0.428
278500,0.030,0.377,0.593
279000,0.030,0.289,0.681
279500,0.030,0.469,0.501
280000,0.030,0.440,0.530
280500,0.030,0.516,0.454
281000,0.030,0.312,0.658
281500,0.030,0.443,0.527
282000,0.030,0.395,0.575
282500,0.030,0.425,0.545
283000,0.030,0.468,0.502
283500,0.030,0.478,0.492
284000,0.030,0.451,0.519
284500,0.030,0.471,0.499
285000,0.030,0.469,0.501
285500,0.030,0.560,0.410
286000,0.030,0.360,0.610
286500,0.030,0.512,0.458
287000,0.030,0.521,0.449
287500,0.030,0.316,0.654
288000,0.030,0.444,0.526
288500,0.030,0.407,0.563
289000,0.030,0.412,0.558
289500,0.030,0.386,0.584
290000,0.030,0.625,0.345
290500,0.030,0.591,0.379
291000,0.030,0.614,0.356
291500,0.030,0.438,0.532
292000,0.030,0.561,0.409
292500,0.030,0.695,0.275
293000,0.030,0.486,0.484
293500,0.030,0.397,0.573
294000,0.030,0.389,0.581
294500,0.030,0.446,0.524
295000,0.030,0.410,0.560
295500,0.030,0.506,0.464
296000,0.030,0.444,0.526
296500,0.030,0.483,0.487
297000,0.030,0.516,0.454
297500,0.030,0.641,0.329
298000,0.030,0.450,0.520
298500,0.030,0.277,0.693
299000,0.030,0.591,0.379
299500,0.030,0.398,0.572
300000,0.030,0.675,0.295
300500,0.030,0.644,0.326
301000,0.030,0.327,0.643
301500,0.030,0.558,0.412
302000,0.030,0.505,0.465
302500,0.030,0.500,0.470
303000,0.030,0.493,0.477
303500,0.030,0.400,0.570
304000,0.030,0.466,0.504
304500,0.030,0.508,0.462
305000,0.030,0.417,0.553
305500,0.030,0.427,0.543
306000,0.030,0.518,0.452
306500,0.030,0.426,0.544
307000,0.030,0.471,0.499
307500,0.030,0.568,0.402
308000,0.030,0.577,0.393
308500,0.030,0.517,0.453
309000,0.030,0.449,0.521
309500,0.030,0.440,0.530
310000,0.030,0.380,0.590
310500,0.030,0.290,0.680
311000,0.030,0.330,0.640
311500,0.030,0.370,0.600
312000,0.030,0.347,0.623
312500,0.030,0.684,0.286
313000,0.030,0.502,0.468
313500,0.030,0.521,0.449
314000,0.030,0.577,0.393
314500,0.030,0.515,0.455
315000,0.030,0.314,0.656
315500,0.030,0.355,0.615
316000,0.030,0.431,0.539
316500,0.030,0.465,0.505
317000,0.030,0.511,0.459
317500,0.030,0.398,0.572
318000,0.030,0.602,0.368
318500,0.030,0.512,0.458
319000,0.030,0.482,0.488
319500,0.030,0.489,0.481
320000,0.030,0.489,0.481
320500,0.030,0.528,0.442
321000,0.030,0.558,0.412
321500,0.030,0.394,0.576
322000,0.030,0.455,0.515
322500,0.030,0.654,0.316
323000,0.030,0.614,0.356
323500,0.030,0.448,0.522
324000,0.030,0.547,0.423
324500,0.030,0.520,0.450
325000,0.030,0.459,0.511
325500,0.030,0.527,0.443
326000,0.030,0.655,0.315
326500,0.030,0.476,0.494
327000,0.030,0.595,0.375
327500,0.030,0.439,0.531
328000,0.030,0.405,0.565
328500,0.030,0.732,0.238
329000,0.030,0.636,0.334
329500,0.030,0.606,0.364
330000,0.030,0.375,0.595
330500,0.030,0.549,0.421
331000,0.030,0.419,0.551
331500,0.030,0.574,0.396
332000,0.030,0.519,0.451
332500,0.030,0.478,0.492
333000,0.030,0.475,0.495
333500,0.030,0.476,0.494
334000,0.030,0.490,0.480
334500,0.030,0.578,0.392
335000,0.030,0.364,0.606
335500,0.030,0.434,0.536
336000,0.030,0.281,0.689
336500,0.030,0.446,0.524
337000,0.030,0.363,0.607
337500,0.030,0.419,0.551
338000,0.030,0.544,0.426
338500,0.030,0.395,0.575
339000,0.030,0.500,0.470
339500,0.030,0.375,0.595
340000,0.030,0.541,0.429
340500,0.030,0.659,0.311
341000,0.030,0.577,0.393
341500,0.030,0.570,0.400
342000,0.030,0.591,0.379
342500,0.030,0.643,0.327
343000,0.030,0.458,0.512
343500,0.030,0.491,0.479
344000,0.030,0.498,0.472
344500,0.030,0.541,0.429
345000,0.030,0.770,0.200
345500,0.030,0.603,0.367
346000,0.030,0.547,0.423
346500,0.030,0.543,0.427
347000,0.030,0.534,0.436
347500,0.030,0.492,0.478
348000,0.030,0.431,0.539
348500,0.030,0.431,0.539
349000,0.030,0.486,0.484
349500,0.030,0.488,0.482
350000,0.030,0.416,0.554
350500,0.030,0.483,0.487
351000,0.030,0.473,0.497
351500,0.030,0.337,0.633
352000,0.030,0.421,0.549
352500,0.030,0.545,0.425
353000,0.030,0.429,0.541
353500,0.030,0.485,0.485
354000,0.030,0.622,0.348
354500,0.030,0.517,0.453
355000,0.030,0.549,0.421
355500,0.030,0.590,0.380
356000,0.030,0.616,0.354
356500,0.030,0.521,0.449
357000,0.030,0.595,0.375
357500,0.030,0.558,0.412
358000,0.030,0.460,0.510
358500,0.030,0.663,0.307
359000,0.030,0.584,0.386
359500,0.030,0.459,0.511
360000,0.030,0.400,0.570
360500,0.030,0.550,0.420
361000,0.030,0.583,0.387
361500,0.030,0.476,0.494
362000,0.030,0.442,0.528
362500,0.030,0.632,0.338
363000,0.030,0.576,0.394
363500,0.030,0.494,0.476
364000,0.030,0.486,0.484
364500,0.030,0.313,0.657
365000,0.030,0.557,0.413
365500,0.030,0.603,0.367
366000,0.030,0.358,0.612
366500,0.030,0.362,0.608
367000,0.030,0.385,0.585
367500,0.030,0.555,0.415
368000,0.030,0.455,0.515
368500,0.030,0.711,0.259
369000,0.030,0.394,0.576
369500,0.030,0.539,0.431
370000,0.030,0.598,0.372
370500,0.030,0.378,0.592
371000,0.030,0.358,0.612
371500,0.030,0.419,0.551
372000,0.030,0.432,0.538
372500,0.030,0.478,0.492
373000,0.030,0.573,0.397
373500,0.030,0.399,0.571
374000,0.030,0.535,0.435
374500,0.030,0.556,0.414
375000,0.030,0.451,0.519
375500,0.030,0.491,0.479
376000,0.030,0.546,0.424
376500,0.030,0.451,0.519
377000,0.030,0.529,0.441
377500,0.030,0.418,0.552
378000,0.030,0.475,0.495
378500,0.030,0.408,0.562
379000,0.030,0.459,0.511
379500,0.030,0.451,0.519
380000,0.030,0.496,0.474
380500,0.030,0.491,0.479
381000,0.030,0.452,0.518
381500,0.030,0.398,0.572
382000,0.030,0.539,0.431
382500,0.030,0.511,0.459
383000,0.030,0.393,0.577
383500,0.030,0.383,0.587
384000,0.030,0.505,0.465
384500,0.030,0.479,0.491
385000,0.030,0.450,0.520
385500,0.030,0.469,0.501
386000,0.030,0.482,0.488
386500,0.030,0.533,0.437
387000,0.030,0.557,0.413
387500,0.030,0.504,0.466
388000,0.030,0.436,0.534
388500,0.030,0.291,0.679
389000,0.030,0.428,0.542
389500,0.030,0.721,0.249
390000,0.030,0.531,0.439
390500,0.030,0.534,0.436
391000,0.030,0.474,0.496
391500,0.030,0.575,0.395
392000,0.030,0.665,0.305
392500,0.030,0.599,0.371
393000,0.030,0.465,0.505
393500,0.030,0.455,0.515
394000,0.030,0.508,0.462
394500,0.030,0.461,0.509
395000,0.030,0.573,0.397
395500,0.030,0.476,0.494
396000,0.030,0.581,0.389
396500,0.030,0.426,0.544
397000,0.030,0.456,0.514
397500,0.030,0.589,0.381
398000,0.030,0.618,0.352
398500,0.030,0.420,0.550
399000,0.030,0.409,0.561
399500,0.030,0.567,0.403
400000,0.030,0.527,0.443
400500,0.030,0.488,0.482
401000,0.030,0.395,0.575
401500,0.030,0.392,0.578
402000,0.030,0.456,0.514
402500,0.030,0.417,0.553
403000,0.030,0.471,0.499
403500,0.030,0.380,0.590
404000,0.030,0.486,0.484
404500,0.030,0.370,0.600
405000,0.030,0.566,0.404
405500,0.030,0.404,0.566
406000,0.030,0.462,0.508
406500,0.030,0.562,0.408
407000,0.030,0.468,0.502
407500,0.030,0.509,0.461
408000,0.030,0.574,0.396
408500,0.030,0.351,0.619
409000,0.030,0.443,0.527
409500,0.030,0.579,0.391
410000,0.030,0.498,0.472
410500,0.030,0.470,0.500
411000,0.030,0.515,0.455
411500,0.030,0.297,0.673
412000,0.030,0.561,0.409
412500,0.030,0.593,0.377
413000,0.030,0.475,0.495
413500,0.030,0.518,0.452
414000,0.030,0.435,0.535
414500,0.030,0.513,0.457
415000,0.030,0.562,0.408
415500,0.030,0.516,0.454
416000,0.030,0.395,0.575
416500,0.030,0.443,0.527
417000,0.030,0.553,0.417
417500,0.030,0.497,0.473
418000,0.030,0.520,0.450
418500,0.030,0.400,0.570
419000,0.030,0.518,0.452
419500,0.030,0.490,0.480
420000,0.030,0.510,0.460
420500,0.030,0.595,0.375
421000,0.030,0.566,0.404
421500,0.030,0.483,0.487
422000,0.030,0.542,0.428
422500,0.030,0.475,0.495
423000,0.030,0.430,0.540
423500,0.030,0.289,0.681
424000,0.030,0.487,0.483
424500,0.030,0.666,0.304
425000,0.030,0.441,0.529
425500,0.030,0.506,0.464
426000,0.030,0.565,0.405
426500,0.030,0.683,0.287
427000,0.030,0.537,0.433
427500,0.030,0.523,0.447
428000,0.030,0.462,0.508
428500,0.030,0.493,0.477
429000,0.030,0.515,0.455
429500,0.030,0.517,0.453
430000,0.030,0.460,0.510
430500,0.030,0.397,0.573
431000,0.030,0.453,0.517
431500,0.030,0.400,0.570
432000,0.030,0.345,0.625
432500,0.030,0.303,0.667
433000,0.030,0.520,0.450
433500,0.030,0.519,0.451
434000,0.030,0.491,0.479
434500,0.030,0.490,0.480
435000,0.030,0.528,0.442
435500,0.030,0.351,0.619
436000,0.030,0.592,0.378
436500,0.030,0.558,0.412
437000,0.030,0.353,0.617
437500,0.030,0.434,0.536
438000,0.030,0.520,0.450
438500,0.030,0.556,0.414
439000,0.030,0.457,0.513
439500,0.030,0.591,0.379
440000,0.030,0.461,0.509
440500,0.030,0.653,0.317
441000,0.030,0.376,0.594
441500,0.030,0.355,0.615
442000,0.030,0.430,0.540
442500,0.030,0.564,0.406
443000,0.030,0.586,0.384
443500,0.030,0.659,0.311
444000,0.030,0.532,0.438
444500,0.030,0.487,0.483
445000,0.030,0.560,0.410
445500,0.030,0.415,0.555
446000,0.030,0.493,0.477
446500,0.030,0.451,0.519
447000,0.030,0.365,0.605
447500,0.030,0.490,0.480
448000,0.030,0.471,0.499
448500,0.030,0.280,0.690
449000,0.030,0.451,0.519
449500,0.030,0.385,0.585
450000,0.030,0.597,0.373
450500,0.030,0.493,0.477
451000,0.030,0.330,0.640
451500,0.030,0.496,0.474
452000,0.030,0.378,0.592
452500,0.030,0.474,0.496
453000,0.030,0.553,0.417
453500,0.030,0.397,0.573
454000,0.030,0.619,0.351
454500,0.030,0.449,0.521
455000,0.030,0.492,0.478
455500,0.030,0.469,0.501
456000,0.030,0.530,0.440
456500,0.030,0.500,0.470
457000,0.030,0.599,0.371
457500,0.030,0.613,0.357
458000,0.030,0.481,0.489
458500,0.030,0.381,0.589
459000,0.030,0.497,0.473
459500,0.030,0.408,0.562
460000,0.030,0.486,0.484
460500,0.030,0.480,0.490
461000,0.030,0.427,0.543
461500,0.030,0.624,0.346
462000,0.030,0.394,0.576
462500,0.030,0.460,0.510
463000,0.030,0.499,0.471
463500,0.030,0.355,0.615
464000,0.030,0.478,0.492
464500,0.030,0.526,0.444
465000,0.030,0.433,0.537
465500,0.030,0.524,0.446
466000,0.030,0.470,0.500
466500,0.030,0.467,0.503
467000,0.030,0.436,0.534
467500,0.030,0.435,0.535
468000,0.030,0.591,0.379
468500,0.030,0.568,0.402
469000,0.030,0.515,0.455
469500,0.030,0.421,0.549
470000,0.030,0.595,0.375
470500,0.030,0.513,0.457
471000,0.030,0.579,0.391
471500,0.030,0.491,0.479
472000,0.030,0.424,0.546
472500,0.030,0.492,0.478
473000,0.030,0.492,0.478
473500,0.030,0.450,0.520
474000,0.030,0.412,0.558
474500,0.030,0.550,0.420
475000,0.030,0.531,0.439
475500,0.030,0.526,0.444
476000,0.030,0.509,0.461
476500,0.030,0.569,0.401
477000,0.030,0.496,0.474
477500,0.030,0.597,0.373
478000,0.030,0.525,0.445
478500,0.030,0.374,0.596
479000,0.030,0.517,0.453
479500,0.030,0.413,0.557
480000,0.030,0.418,0.552
480500,0.030,0.474,0.496
481000,0.030,0.541,0.429
481500,0.030,0.520,0.450
482000,0.030,0.438,0.532
482500,0.030,0.472,0.498
483000,0.030,0.480,0.490
483500,0.030,0.324,0.646
484000,0.030,0.560,0.410
484500,0.030,0.662,0.308
485000,0.030,0.423,0.547
485500,0.030,0.561,0.409
486000,0.030,0.536,0.434
486500,0.030,0.441,0.529
487000,0.030,0.414,0.556
487500,0.030,0.566,0.404
488000,0.030,0.584,0.386
488500,0.030,0.482,0.488
489000,0.030,0.441,0.529
489500,0.030,0.400,0.570
490000,0.030,0.498,0.472
490500,0.030,0.618,0.352
491000,0.030,0.624,0.346
491500,0.030,0.391,0.579
492000,0.030,0.646,0.324
492500,0.030,0.561,0.409
493000,0.030,0.514,0.456
493500,0.030,0.439,0.531
494000,0.030,0.401,0.569
494500,0.030,0.473,0.497
495000,0.030,0.644,0.326
495500,0.030,0.453,0.517
496000,0.030,0.493,0.477
496500,0.030,0.611,0.359
497000,0.030,0.351,0.619
497500,0.030,0.502,0.468
498000,0.030,0.351,0.619
498500,0.030,0.546,0.424
499000,0.030,0.432,0.538
499500,0.030,0.498,0.472
500000,0.030,0.427,0.543
500500,0.030,0.540,0.430
501000,0.030,0.568,0.402
501500,0.030,0.674,0.296
502000,0.030,0.486,0.484
502500,0.030,0.458,0.512
503000,0.030,0.523,0.447
503500,0.030,0.519,0.451
504000,0.030,0.469,0.501
504500,0.030,0.521,0.449
505000,0.030,0.573,0.397
505500,0.030,0.404,0.566
506000,0.030,0.424,0.546
506500,0.030,0.601,0.369
507000,0.030,0.474,0.496
507500,0.030,0.521,0.449
508000,0.030,0.418,0.552
508500,0.030,0.497,0.473
509000,0.030,0.594,0.376
509500,0.030,0.654,0.316
510000,0.030,0.677,0.293
510500,0.030,0.558,0.412
511000,0.030,0.487,0.483
511500,0.030,0.586,0.384
512000,0.030,0.467,0.503
512500,0.030,0.524,0.446
513000,0.030,0.476,0.494
513500,0.030,0.498,0.472
514000,0.030,0.502,0.468
514500,0.030,0.697,0.273
515000,0.030,0.575,0.395
515500,0.030,0.382,0.588
516000,0.030,0.550,0.420
516500,0.030,0.532,0.438
517000,0.030,0.440,0.530
517500,0.030,0.597,0.373
518000,0.030,0.470,0.500
518500,0.030,0.458,0.512
519000,0.030,0.417,0.553
519500,0.030,0.428,0.542
520000,0.030,0.593,0.377
520500,0.030,0.328,0.642
521000,0.030,0.354,0.616
521500,0.030,0.296,0.674
522000,0.030,0.473,0.497
522500,0.030,0.495,0.475
523000,0.030,0.487,0.483
523500,0.030,0.590,0.380
524000,0.030,0.536,0.434
524500,0.030,0.446,0.524
525000,0.030,0.554,0.416
525500,0.030,0.481,0.489
526000,0.030,0.548,0.422
526500,0.030,0.497,0.473
527000,0.030,0.497,0.473
527500,0.030,0.647,0.323
528000,0.030,0.572,0.398
528500,0.030,0.378,0.592
529000,0.030,0.303,0.667
529500,0.030,0.452,0.518
530000,0.030,0.414,0.556
530500,0.030,0.560,0.410
531000,0.030,0.526,0.444
531500,0.030,0.376,0.594
532000,0.030,0.375,0.595
532500,0.030,0.414,0.556
533000,0.030,0.532,0.438
533500,0.030,0.347,0.623
534000,0.030,0.501,0.469
534500,0.030,0.424,0.546
535000,0.030,0.391,0.579
535500,0.030,0.356,0.614
536000,0.030,0.367,0.603
536500,0.030,0.518,0.452
537000,0.030,0.411,0.559
537500,0.030,0.544,0.426
538000,0.030,0.517,0.453
538500,0.030,0.420,0.550
539000,0.030,0.349,0.621
539500,0.030,0.407,0.563
540000,0.030,0.658,0.312
540500,0.030,0.432,0.538
541000,0.030,0.441,0.529
541500,0.030,0.459,0.511
542000,0.030,0.650,0.320
542500,0.030,0.292,0.678
543000,0.030,0.403,0.567
543500,0.030,0.445,0.525
544000,0.030,0.520,0.450
544500,0.030,0.635,0.335
545000,0.030,0.407,0.563
545500,0.030,0.521,0.449
546000,0.030,0.267,0.703
546500,0.030,0.697,0.273
547000,0.030,0.514,0.456
547500,0.030,0.438,0.532
548000,0.030,0.450,0.520
548500,0.030,0.453,0.517
549000,0.030,0.593,0.377
549500,0.030,0.437,0.533
550000,0.030,0.541,0.429
550500,0.030,0.476,0.494
551000,0.030,0.483,0.487
551500,0.030,0.500,0.470
552000,0.030,0.471,0.499
552500,0.030,0.540,0.430
553000,0.030,0.593,0.377
553500,0.030,0.536,0.434
554000,0.030,0.419,0.551
554500,0.030,0.478,0.492
555000,0.030,0.388,0.582
555500,0.030,0.523,0.447
556000,0.030,0.434,0.536
556500,0.030,0.527,0.443
557000,0.030,0.452,0.518
557500,0.030,0.536,0.434
558000,0.030,0.517,0.453
558500,0.030,0.427,0.543
559000,0.030,0.619,0.351
559500,0.030,0.442,0.528
560000,0.030,0.442,0.528
560500,0.030,0.389,0.581
561000,0.030,0.439,0.531
561500,0.030,0.525,0.445
562000,0.030,0.531,0.439
562500,0.030,0.334,0.636
563000,0.030,0.425,0.545
563500,0.030,0.574,0.396
564000,0.030,0.568,0.402
564500,0.030,0.612,0.358
565000,0.030,0.457,0.513
565500,0.030,0.470,0.500
566000,0.030,0.532,0.438
566500,0.030,0.466,0.504
567000,0.030,0.442,0.528
567500,0.030,0.470,0.500
568000,0.030,0.265,0.705
568500,0.030,0.573,0.397
569000,0.030,0.532,0.438
569500,0.030,0.504,0.466
570000,0.030,0.365,0.605
570500,0.030,0.491,0.479
571000,0.030,0.484,0.486
571500,0.030,0.555,0.415
572000,0.030,0.374,0.596
572500,0.030,0.406,0.564
573000,0.030,0.603,0.367
573500,0.030,0.370,0.600
574000,0.030,0.459,0.511
574500,0.030,0.541,0.429
575000,0.030,0.445,0.525
575500,0.030,0.510,0.460
576000,0.030,0.477,0.493
576500,0.030,0.472,0.498
577000,0.030,0.424,0.546
577500,0.030,0.465,0.505
578000,0.030,0.390,0.580
578500,0.030,0.431,0.539
579000,0.030,0.523,0.447
579500,0.030,0.489,0.481
580000,0.030,0.458,0.512
580500,0.030,0.531,0.439
581000,0.030,0.499,0.471
581500,0.030,0.460,0.510
582000,0.030,0.519,0.451
582500,0.030,0.312,0.658
583000,0.030,0.610,0.360
583500,0.030,0.569,0.401
584000,0.030,0.568,0.402
584500,0.030,0.532,0.438
585000,0.030,0.588,0.382
585500,0.030,0.429,0.541
586000,0.030,0.597,0.373
586500,0.030,0.464,0.506
587000,0.030,0.458,0.512
587500,0.030,0.443,0.527
588000,0.030,0.742,0.228
588500,0.030,0.555,0.415
589000,0.030,0.676,0.294
589500,0.030,0.531,0.439
590000,0.030,0.493,0.477
590500,0.030,0.482,0.488
591000,0.030,0.519,0.451
591500,0.030,0.409,0.561
592000,0.030,0.506,0.464
592500,0.030,0.436,0.534
593000,0.030,0.536,0.434
593500,0.030,0.516,0.454
594000,0.030,0.498,0.472
594500,0.030,0.365,0.605
595000,0.030,0.520,0.450
595500,0.030,0.387,0.583
596000,0.030,0.478,0.492
596500,0.030,0.475,0.495
597000,0.030,0.423,0.547
597500,0.030,0.338,0.632
598000,0.030,0.573,0.397
598500,0.030,0.490,0.480
599000,0.030,0.441,0.529
599500,0.030,0.406,0.564
600000,0.030,0.450,0.520
600500,0.030,0.439,0.531
601000,0.030,0.629,0.341
601500,0.030,0.571,0.399
602000,0.030,0.581,0.389
602500,0.030,0.390,0.580
603000,0.030,0.412,0.558
603500,0.030,0.536,0.434
604000,0.030,0.432,0.538
604500,0.030,0.539,0.431
605000,0.030,0.421,0.549
605500,0.030,0.440,0.530
606000,0.030,0.379,0.591
606500,0.030,0.346,0.624
607000,0.030,0.334,0.636
607500,0.030,0.440,0.530
608000,0.030,0.257,0.713
608500,0.030,0.536,0.434
609000,0.030,0.515,0.455
609500,0.030,0.521,0.449
610000,0.030,0.448,0.522
610500,0.030,0.719,0.251
611000,0.030,0.564,0.406
611500,0.030,0.498,0.472
612000,0.030,0.429,0.541
612500,0.030,0.611,0.359
613000,0.030,0.384,0.586
613500,0.030,0.693,0.277
614000,0.030,0.459,0.511
614500,0.030,0.367,0.603
615000,0.030,0.510,0.460
615500,0.030,0.566,0.404
616000,0.030,0.329,0.641
616500,0.030,0.547,0.423
617000,0.030,0.366,0.604
617500,0.030,0.324,0.646
618000,0.030,0.456,0.514
618500,0.030,0.607,0.363
619000,0.030,0.481,0.489
619500,0.030,0.607,0.363
620000,0.030,0.463,0.507
620500,0.030,0.471,0.499
621000,0.030,0.627,0.343
621500,0.030,0.436,0.534
622000,0.030,0.317,0.653
622500,0.030,0.686,0.284
623000,0.030,0.537,0.433
623500,0.030,0.503,0.467
624000,0.030,0.502,0.468
624500,0.030,0.479,0.491
625000,0.030,0.599,0.371
625500,0.030,0.463,0.507
626000,0.030,0.512,0.458
626500,0.030,0.565,0.405
627000,0.030,0.605,0.365
627500,0.030,0.495,0.475
628000,0.030,0.601,0.369
628500,0.030,0.535,0.435
629000,0.030,0.436,0.534
629500,0.030,0.445,0.525
630000,0.030,0.519,0.451
630500,0.030,0.489,0.481
631000,0.030,0.436,0.534
631500,0.030,0.557,0.413
632000,0.030,0.482,0.488
632500,0.030,0.455,0.515
633000,0.030,0.378,0.592
633500,0.030,0.588,0.382
634000,0.030,0.395,0.575
634500,0.030,0.507,0.463
635000,0.030,0.479,0.491
635500,0.030,0.423,0.547
636000,0.030,0.494,0.476
636500,0.030,0.600,0.370
637000,0.030,0.483,0.487
637500,0.030,0.498,0.472
638000,0.030,0.532,0.438
638500,0.030,0.391,0.579
639000,0.030,0.485,0.485
639500,0.030,0.489,0.481
640000,0.030,0.305,0.665
640500,0.030,0.435,0.535
641000,0.030,0.493,0.477
641500,0.030,0.589,0.381
642000,0.030,0.466,0.504
642500,0.030,0.464,0.506
643000,0.030,0.571,0.399
643500,0.030,0.453,0.517
644000,0.030,0.482,0.488
644500,0.030,0.394,0.576
645000,0.030,0.523,0.447
645500,0.030,0.519,0.451
646000,0.030,0.323,0.647
646500,0.030,0.531,0.439
647000,0.030,0.460,0.510
647500,0.030,0.375,0.595
648000,0.030,0.514,0.456
648500,0.030,0.450,0.520
649000,0.030,0.390,0.580
649500,0.030,0.405,0.565
650000,0.030,0.406,0.564
650500,0.030,0.515,0.455
651000,0.030,0.352,0.618
651500,0.030,0.268,0.702
652000,0.030,0.429,0.541
652500,0.030,0.571,0.399
653000,0.030,0.589,0.381
653500,0.030,0.448,0.522
654000,0.030,0.514,0.456
654500,0.030,0.383,0.587
655000,0.030,0.439,0.531
655500,0.030,0.382,0.588
656000,0.030,0.485,0.485
656500,0.030,0.497,0.473
657000,0.030,0.536,0.434
657500,0.030,0.391,0.579
658000,0.030,0.402,0.568
658500,0.030,0.507,0.463
659000,0.030,0.500,0.470
659500,0.030,0.558,0.412
660000,0.030,0.579,0.391
660500,0.030,0.565,0.405
661000,0.030,0.515,0.455
661500,0.030,0.452,0.518
662000,0.030,0.545,0.425
662500,0.030,0.358,0.612
663000,0.030,0.388,0.582
663500,0.030,0.468,0.502
664000,0.030,0.374,0.596
664500,0.030,0.446,0.524
665000,0.030,0.405,0.565
665500,0.030,0.637,0.333
666000,0.030,0.409,0.561
666500,0.030,0.341,0.629
667000,0.030,0.490,0.480
667500,0.030,0.588,0.382
668000,0.030,0.481,0.489
668500,0.030,0.565,0.405
669000,0.030,0.425,0.545
669500,0.030,0.537,0.433
670000,0.030,0.673,0.297
670500,0.030,0.454,0.516
671000,0.030,0.462,0.508
671500,0.030,0.532,0.438
672000,0.030,0.422,0.548
672500,0.030,0.377,0.593
673000,0.030,0.564,0.406
673500,0.030,0.525,0.445
674000,0.030,0.498,0.472
674500,0.030,0.574,0.396
675000,0.030,0.446,0.524
675500,0.030,0.471,0.499
676000,0.030,0.477,0.493
676500,0.030,0.557,0.413
677000,0.030,0.607,0.363
677500,0.030,0.668,0.302
678000,0.030,0.375,0.595
678500,0.030,0.423,0.547
679000,0.030,0.372,0.598
679500,0.030,0.514,0.456
680000,0.030,0.482,0.488
680500,0.030,0.349,0.621
681000,0.030,0.446,0.524
681500,0.030,0.370,0.600
682000,0.030,0.603,0.367
682500,0.030,0.625,0.345
683000,0.030,0.469,0.501
683500,0.030,0.542,0.428
684000,0.030,0.508,0.462
684500,0.030,0.605,0.365
685000,0.030,0.489,0.481
685500,0.030,0.594,0.376
686000,0.030,0.652,0.318
686500,0.030,0.488,0.482
687000,0.030,0.518,0.452
687500,0.030,0.534,0.436
688000,0.030,0.471,0.499
688500,0.030,0.435,0.535
689000,0.030,0.421,0.549
689500,0.030,0.417,0.553
690000,0.030,0.304,0.666
690500,0.030,0.374,0.596
691000,0.030,0.496,0.474
691500,0.030,0.534,0.436
692000,0.030,0.608,0.362
692500,0.030,0.564,0.406
693000,0.030,0.356,0.614
693500,0.030,0.391,0.579
694000,0.030,0.574,0.396
694500,0.030,0.638,0.332
695000,0.030,0.644,0.326
695500,0.030,0.533,0.437
696000,0.030,0.476,0.494
696500,0.030,0.520,0.450
697000,0.030,0.627,0.343
697500,0.030,0.512,0.458
698000,0.030,0.733,0.237
698500,0.030,0.271,0.699
699000,0.030,0.451,0.519
699500,0.030,0.373,0.597
700000,0.030,0.446,0.524
700500,0.030,0.456,0.514
701000,0.030,0.513,0.457
701500,0.030,0.518,0.452
702000,0.030,0.451,0.519
702500,0.030,0.632,0.338
703000,0.030,0.602,0.368
703500,0.030,0.443,0.527
704000,0.030,0.435,0.535
704500,0.030,0.347,0.623
705000,0.030,0.484,0.486
705500,0.030,0.533,0.437
706000,0.030,0.395,0.575
706500,0.030,0.504,0.466
707000,0.030,0.476,0.494
707500,0.030,0.586,0.384
708000,0.030,0.468,0.502
708500,0.030,0.363,0.607
709000,0.030,0.406,0.564
709500,0.030,0.315,0.655
710000,0.030,0.523,0.447
710500,0.030,0.507,0.463
711000,0.030,0.667,0.303
711500,0.030,0.527,0.443
712000,0.030,0.503,0.467
712500,0.030,0.389,0.581
713000,0.030,0.503,0.467
713500,0.030,0.414,0.556
714000,0.030,0.469,0.501
714500,0.030,0.521,0.449
715000,0.030,0.618,0.352
715500,0.030,0.384,0.586
716000,0.030,0.477,0.493
716500,0.030,0.505,0.465
717000,0.030,0.492,0.478
717500,0.030,0.461,0.509
718000,0.030,0.345,0.625
718500,0.030,0.358,0.612
719000,0.030,0.537,0.433
719500,0.030,0.551,0.419
720000,0.030,0.504,0.466
720500,0.030,0.447,0.523
721000,0.030,0.481,0.489
721500,0.030,0.567,0.403
722000,0.030,0.436,0.534
722500,0.030,0.501,0.469
723000,0.030,0.445,0.525
723500,0.030,0.626,0.344
724000,0.030,0.417,0.553
724500,0.030,0.470,0.500
725000,0.030,0.376,0.594
725500,0.030,0.533,0.437
726000,0.030,0.443,0.527
726500,0.030,0.641,0.329
727000,0.030,0.450,0.520
727500,0.030,0.468,0.502
728000,0.030,0.476,0.494
728500,0.030,0.496,0.474
729000,0.030,0.576,0.394
729500,0.030,0.565,0.405
730000,0.030,0.418,0.552
730500,0.030,0.451,0.519
731000,0.030,0.421,0.549
731500,0.030,0.610,0.360
732000,0.030,0.467,0.503
732500,0.030,0.584,0.386
733000,0.030,0.484,0.486
733500,0.030,0.539,0.431
734000,0.030,0.540,0.430
734500,0.030,0.627,0.343
735000,0.030,0.373,0.597
735500,0.030,0.535,0.435
736000,0.030,0.419,0.551
736500,0.030,0.628,0.342
737000,0.030,0.522,0.448
737500,0.030,0.469,0.501
738000,0.030,0.499,0.471
738500,0.030,0.489,0.481
739000,0.030,0.502,0.468
739500,0.030,0.468,0.502
740000,0.030,0.427,0.543
740500,0.030,0.469,0.501
741000,0.030,0.454,0.516
741500,0.030,0.344,0.626
742000,0.030,0.500,0.470
742500,0.030,0.464,0.506
743000,0.030,0.694,0.276
743500,0.030,0.491,0.479
744000,0.030,0.550,0.420
744500,0.030,0.354,0.616
745000,0.030,0.365,0.605
745500,0.030,0.479,0.491
746000,0.030,0.481,0.489
746500,0.030,0.462,0.508
747000,0.030,0.496,0.474
747500,0.030,0.408,0.562
748000,0.030,0.717,0.253
748500,0.030,0.634,0.336
749000,0.030,0.428,0.542
749500,0.030,0.485,0.485
750000,0.030,0.450,0.520
750500,0.030,0.429,0.541
751000,0.030,0.403,0.567
751500,0.030,0.504,0.466
752000,0.030,0.464,0.506
752500,0.030,0.592,0.378
753000,0.030,0.562,0.408
753500,0.030,0.504,0.466
754000,0.030,0.409,0.561
754500,0.030,0.507,0.463
755000,0.030,0.470,0.500
755500,0.030,0.439,0.531
756000,0.030,0.475,0.495
756500,0.030,0.639,0.331
757000,0.030,0.383,0.587
757500,0.030,0.450,0.520
758000,0.030,0.425,0.545
758500,0.030,0.500,0.470
759000,0.030,0.505,0.465
759500,0.030,0.379,0.591
760000,0.030,0.407,0.563
760500,0.030,0.358,0.612
761000,0.030,0.400,0.570
761500,0.030,0.398,0.572
762000,0.030,0.490,0.480
762500,0.030,0.502,0.468
763000,0.030,0.569,0.401
763500,0.030,0.597,0.373
764000,0.030,0.677,0.293
764500,0.030,0.422,0.548
765000,0.030,0.450,0.520
765500,0.030,0.513,0.457
766000,0.030,0.419,0.551
766500,0.030,0.375,0.595
767000,0.030,0.428,0.542
767500,0.030,0.541,0.429
768000,0.030,0.568,0.402
768500,0.030,0.379,0.591
769000,0.030,0.436,0.534
769500,0.030,0.548,0.422
770000,0.030,0.549,0.421
770500,0.030,0.478,0.492
771000,0.030,0.485,0.485
771500,0.030,0.483,0.487
772000,0.030,0.418,0.552
772500,0.030,0.492,0.478
773000,0.030,0.424,0.546
773500,0.030,0.510,0.460
774000,0.030,0.612,0.358
774500,0.030,0.474,0.496
775000,0.030,0.465,0.505
775500,0.030,0.404,0.566
776000,0.030,0.502,0.468
776500,0.030,0.584,0.386
777000,0.030,0.340,0.630
777500,0.030,0.329,0.641
778000,0.030,0.633,0.337
778500,0.030,0.540,0.430
779000,0.030,0.519,0.451
779500,0.030,0.580,0.390
780000,0.030,0.564,0.406
780500,0.030,0.541,0.429
781000,0.030,0.402,0.568
781500,0.030,0.586,0.384
782000,0.030,0.621,0.349
782500,0.030,0.755,0.215
783000,0.030,0.541,0.429
783500,0.030,0.563,0.407
784000,0.030,0.523,0.447
784500,0.030,0.557,0.413
785000,0.030,0.562,0.408
785500,0.030,0.504,0.466
786000,0.030,0.439,0.531
786500,0.030,0.405,0.565
787000,0.030,0.458,0.512
787500,0.030,0.522,0.448
788000,0.030,0.477,0.493
788500,0.030,0.599,0.371
789000,0.030,0.559,0.411
789500,0.030,0.434,0.536
790000,0.030,0.480,0.490
790500,0.030,0.580,0.390
791000,0.030,0.620,0.350
791500,0.030,0.512,0.458
792000,0.030,0.365,0.605
792500,0.030,0.413,0.557
793000,0.030,0.415,0.555
793500,0.030,0.566,0.404
794000,0.030,0.432,0.538
794500,0.030,0.638,0.332
795000,0.030,0.661,0.309
795500,0.030,0.433,0.537
796000,0.030,0.355,0.615
796500,0.030,0.507,0.463
797000,0.030,0.392,0.578
797500,0.030,0.452,0.518
798000,0.030,0.499,0.471
798500,0.030,0.438,0.532
799000,0.030,0.521,0.449
799500,0.030,0.416,0.554
800000,0.030,0.496,0.474
800500,0.030,0.354,0.616
801000,0.030,0.585,0.385
801500,0.030,0.473,0.497
802000,0.030,0.452,0.518
802500,0.030,0.607,0.363
803000,0.030,0.500,0.470
803500,0.030,0.454,0.516
804000,0.030,0.451,0.519
804500,0.030,0.464,0.506
805000,0.030,0.470,0.500
805500,0.030,0.422,0.548
806000,0.030,0.328,0.642
806500,0.030,0.566,0.404
807000,0.030,0.466,0.504
807500,0.030,0.441,0.529
808000,0.030,0.555,0.415
808500,0.030,0.528,0.442
809000,0.030,0.382,0.588
809500,0.030,0.665,0.305
810000,0.030,0.468,0.502
810500,0.030,0.424,0.546
811000,0.030,0.521,0.449
811500,0.030,0.462,0.508
812000,0.030,0.469,0.501
812500,0.030,0.481,0.489
813000,0.030,0.518,0.452
813500,0.030,0.435,0.535
814000,0.030,0.488,0.482
814500,0.030,0.422,0.548
815000,0.030,0.459,0.511
815500,0.030,0.431,0.539
816000,0.030,0.583,0.387
816500,0.030,0.579,0.391
817000,0.030,0.331,0.639
817500,0.030,0.387,0.583
818000,0.030,0.585,0.385
818500,0.030,0.491,0.479
819000,0.030,0.381,0.589
819500,0.030,0.533,0.437
820000,0.030,0.436,0.534
820500,0.030,0.306,0.664
821000,0.030,0.462,0.508
821500,0.030,0.649,0.321
822000,0.030,0.459,0.511
822500,0.030,0.410,0.560
823000,0.030,0.472,0.498
823500,0.030,0.405,0.565
824000,0.030,0.419,0.551
824500,0.030,0.542,0.428
825000,0.030,0.321,0.649
825500,0.030,0.486,0.484
826000,0.030,0.568,0.402
826500,0.030,0.471,0.499
827000,0.030,0.486,0.484
827500,0.030,0.506,0.464
828000,0.030,0.415,0.555
828500,0.030,0.391,0.579
829000,0.030,0.435,0.535
829500,0.030,0.398,0.572
830000,0.030,0.569,0.401
830500,0.030,0.566,0.404
831000,0.030,0.489,0.481
831500,0.030,0.429,0.541
832000,0.030,0.336,0.634
832500,0.030,0.509,0.461
833000,0.030,0.590,0.380
833500,0.030,0.659,0.311
834000,0.030,0.420,0.550
834500,0.030,0.662,0.308
835000,0.030,0.285,0.685
835500,0.030,0.414,0.556
836000,0.030,0.502,0.468
836500,0.030,0.538,0.432
837000,0.030,0.537,0.433
837500,0.030,0.440,0.530
838000,0.030,0.551,0.419
838500,0.030,0.526,0.444
839000,0.030,0.520,0.450
839500,0.030,0.475,0.495
840000,0.030,0.507,0.463
840500,0.030,0.525,0.445
841000,0.030,0.481,0.489
841500,0.030,0.378,0.592
842000,0.030,0.375,0.595
842500,0.030,0.694,0.276
843000,0.030,0.427,0.543
843500,0.030,0.413,0.557
844000,0.030,0.477,0.493
844500,0.030,0.514,0.456
845000,0.030,0.558,0.412
845500,0.030,0.619,0.351
846000,0.030,0.494,0.476
846500,0.030,0.522,0.448
847000,0.030,0.637,0.333
847500,0.030,0.554,0.416
848000,0.030,0.476,0.494
848500,0.030,0.354,0.616
849000,0.030,0.474,0.496
849500,0.030,0.394,0.576
850000,0.030,0.483,0.487
850500,0.030,0.524,0.446
851000,0.030,0.469,0.501
851500,0.030,0.575,0.395
852000,0.030,0.515,0.455
852500,0.030,0.563,0.407
853000,0.030,0.474,0.496
853500,0.030,0.570,0.400
854000,0.030,0.481,0.489
854500,0.030,0.485,0.485
855000,0.030,0.469,0.501
855500,0.030,0.532,0.438
856000,0.030,0.649,0.321
856500,0.030,0.400,0.570
857000,0.030,0.393,0.577
857500,0.030,0.581,0.389
858000,0.030,0.451,0.519
858500,0.030,0.406,0.564
859000,0.030,0.627,0.343
859500,0.030,0.485,0.485
860000,0.030,0.446,0.524
860500,0.030,0.502,0.468
861000,0.030,0.571,0.399
861500,0.030,0.392,0.578
862000,0.030,0.605,0.365
862500,0.030,0.635,0.335
863000,0.030,0.412,0.558
863500,0.030,0.369,0.601
864000,0.030,0.371,0.599
864500,0.030,0.634,0.336
865000,0.030,0.667,0.303
865500,0.030,0.466,0.504
866000,0.030,0.396,0.574
866500,0.030,0.414,0.556
867000,0.030,0.556,0.414
867500,0.030,0.400,0.570
868000,0.030,0.489,0.481
868500,0.030,0.472,0.498
869000,0.030,0.465,0.505
869500,0.030,0.526,0.444
870000,0.030,0.457,0.513
870500,0.030,0.349,0.621
871000,0.030,0.519,0.451
871500,0.030,0.570,0.400
872000,0.030,0.405,0.565
872500,0.030,0.582,0.388
873000,0.030,0.575,0.395
873500,0.030,0.381,0.589
874000,0.030,0.584,0.386
874500,0.030,0.537,0.433
875000,0.030,0.598,0.372
875500,0.030,0.481,0.489
876000,0.030,0.623,0.347
876500,0.030,0.407,0.563
877000,0.030,0.624,0.346
877500,0.030,0.511,0.459
878000,0.030,0.385,0.585
878500,0.030,0.515,0.455
879000,0.030,0.538,0.432
879500,0.030,0.488,0.482
880000,0.030,0.565,0.405
880500,0.030,0.310,0.660
881000,0.030,0.374,0.596
881500,0.030,0.558,0.412
882000,0.030,0.442,0.528
882500,0.030,0.576,0.394
883000,0.030,0.389,0.581
883500,0.030,0.331,0.639
884000,0.030,0.375,0.595
884500,0.030,0.328,0.642
885000,0.030,0.498,0.472
885500,0.030,0.412,0.558
886000,0.030,0.537,0.433
886500,0.030,0.425,0.545
887000,0.030,0.560,0.410
887500,0.030,0.471,0.499
888000,0.030,0.623,0.347
888500,0.030,0.586,0.384
889000,0.030,0.586,0.384
889500,0.030,0.553,0.417
890000,0.030,0.399,0.571
890500,0.030,0.357,0.613
891000,0.030,0.497,0.473
891500,0.030,0.444,0.526
892000,0.030,0.474,0.496
892500,0.030,0.531,0.439
893000,0.030,0.324,0.646
893500,0.030,0.383,0.587
894000,0.030,0.523,0.447
894500,0.030,0.405,0.565
895000,0.030,0.426,0.544
895500,0.030,0.410,0.560
896000,0.030,0.340,0.630
896500,0.030,0.356,0.614
897000,0.030,0.477,0.493
897500,0.030,0.555,0.415
898000,0.030,0.528,0.442
898500,0.030,0.616,0.354
899000,0.030,0.578,0.392
899500,0.030,0.515,0.455
900000,0.030,0.402,0.568
900500,0.030,0.309,0.661
901000,0.030,0.596,0.374
901500,0.030,0.426,0.544
902000,0.030,0.383,0.587
902500,0.030,0.550,0.420
903000,0.030,0.331,0.639
903500,0.030,0.534,0.436
904000,0.030,0.444,0.526
904500,0.030,0.438,0.532
905000,0.030,0.460,0.510
905500,0.030,0.789,0.181
906000,0.030,0.514,0.456
906500,0.030,0.446,0.524
907000,0.030,0.301,0.669
907500,0.030,0.414,0.556
908000,0.030,0.524,0.446
908500,0.030,0.386,0.584
909000,0.030,0.401,0.569
909500,0.030,0.638,0.332
910000,0.030,0.453,0.517
910500,0.030,0.627,0.343
911000,0.030,0.468,0.502
911500,0.030,0.393,0.577
912000,0.030,0.488,0.482
912500,0.030,0.615,0.355
913000,0.030,0.508,0.462
913500,0.030,0.311,0.659
914000,0.030,0.332,0.638
914500,0.030,0.488,0.482
915000,0.030,0.474,0.496
915500,0.030,0.529,0.441
916000,0.030,0.477,0.493
916500,0.030,0.430,0.540
917000,0.030,0.514,0.456
917500,0.030,0.489,0.481
918000,0.030,0.361,0.609
918500,0.030,0.502,0.468
919000,0.030,0.466,0.504
919500,0.030,0.604,0.366
920000,0.030,0.620,0.350
920500,0.030,0.248,0.722
921000,0.030,0.317,0.653
921500,0.030,0.465,0.505
922000,0.030,0.485,0.485
922500,0.030,0.556,0.414
923000,0.030,0.456,0.514
923500,0.030,0.403,0.567
924000,0.030,0.469,0.501
924500,0.030,0.520,0.450
925000,0.030,0.355,0.615
925500,0.030,0.498,0.472
926000,0.030,0.394,0.576
926500,0.030,0.447,0.523
927000,0.030,0.510,0.460
927500,0.030,0.444,0.526
928000,0.030,0.532,0.438
928500,0.030,0.561,0.409
929000,0.030,0.534,0.436
929500,0.030,0.532,0.438
930000,0.030,0.508,0.462
930500,0.030,0.464,0.506
931000,0.030,0.536,0.434
931500,0.030,0.395,0.575
932000,0.030,0.555,0.415
932500,0.030,0.649,0.321
933000,0.030,0.398,0.572
933500,0.030,0.492,0.478
934000,0.030,0.659,0.311
934500,0.030,0.485,0.485
935000,0.030,0.338,0.632
935500,0.030,0.509,0.461
936000,0.030,0.352,0.618
936500,0.030,0.421,0.549
937000,0.030,0.457,0.513
937500,0.030,0.503,0.467
938000,0.030,0.398,0.572
938500,0.030,0.377,0.593
939000,0.030,0.337,0.633
939500,0.030,0.367,0.603
940000,0.030,0.477,0.493
940500,0.030,0.464,0.506
941000,0.030,0.497,0.473
941500,0.030,0.565,0.405
942000,0.030,0.427,0.543
942500,0.030,0.435,0.535
943000,0.030,0.496,0.474
943500,0.030,0.403,0.567
944000,0.030,0.360,0.610
944500,0.030,0.418,0.552
945000,0.030,0.650,0.320
945500,0.030,0.397,0.573
946000,0.030,0.336,0.634
946500,0.030,0.400,0.570
947000,0.030,0.361,0.609
947500,0.030,0.570,0.400
948000,0.030,0.416,0.554
948500,0.030,0.591,0.379
949000,0.030,0.462,0.508
949500,0.030,0.434,0.536
950000,0.030,0.480,0.490
950500,0.030,0.505,0.465
951000,0.030,0.511,0.459
951500,0.030,0.616,0.354
952000,0.030,0.454,0.516
952500,0.030,0.416,0.554
953000,0.030,0.524,0.446
953500,0.030,0.484,0.486
954000,0.030,0.377,0.593
954500,0.031,0.449,0.520
955000,0.030,0.524,0.446
955500,0.030,0.384,0.586
956000,0.030,0.418,0.552
956500,0.030,0.527,0.443
957000,0.030,0.342,0.628
957500,0.030,0.365,0.605
958000,0.030,0.398,0.572
958500,0.030,0.540,0.430
959000,0.030,0.479,0.491
959500,0.030,0.447,0.523
960000,0.030,0.363,0.607
960500,0.030,0.600,0.370
961000,0.030,0.589,0.381
961500,0.030,0.590,0.380
962000,0.030,0.430,0.540
962500,0.030,0.580,0.390
963000,0.030,0.387,0.583
963500,0.030,0.565,0.405
964000,0.030,0.563,0.407
964500,0.030,0.490,0.480
965000,0.030,0.501,0.469
965500,0.030,0.504,0.466
966000,0.030,0.432,0.538
966500,0.030,0.383,0.587
967000,0.030,0.638,0.332
967500,0.030,0.619,0.351
968000,0.030,0.480,0.490
968500,0.030,0.470,0.500
969000,0.030,0.583,0.387
969500,0.030,0.427,0.543
970000,0.030,0.558,0.412
970500,0.030,0.546,0.424
971000,0.030,0.562,0.408
971500,0.030,0.452,0.518
972000,0.030,0.289,0.681
972500,0.030,0.435,0.535
973000,0.030,0.527,0.443
973500,0.030,0.474,0.496
974000,0.030,0.396,0.574
974500,0.030,0.523,0.447
975000,0.030,0.330,0.640
975500,0.030,0.347,0.623
976000,0.030,0.455,0.515
976500,0.030,0.535,0.435
977000,0.030,0.434,0.536
977500,0.030,0.699,0.271
978000,0.030,0.483,0.487
978500,0.030,0.402,0.568
979000,0.030,0.537,0.433
979500,0.030,0.601,0.369
980000,0.030,0.463,0.507
980500,0.030,0.477,0.493
981000,0.030,0.587,0.383
981500,0.030,0.535,0.435
982000,0.030,0.680,0.290
982500,0.030,0.666,0.304
983000,0.030,0.491,0.479
983500,0.030,0.436,0.534
984000,0.030,0.385,0.585
984500,0.030,0.401,0.569
985000,0.030,0.556,0.414
985500,0.030,0.520,0.450
986000,0.030,0.462,0.508
986500,0.030,0.444,0.526
987000,0.030,0.484,0.486
987500,0.030,0.491,0.479
988000,0.030,0.408,0.562
988500,0.030,0.514,0.456
989000,0.030,0.432,0.538
989500,0.030,0.512,0.458
990000,0.030,0.499,0.471
990500,0.030,0.446,0.524
991000,0.030,0.466,0.504
991500,0.030,0.361,0.609
992000,0.030,0.499,0.471
992500,0.030,0.616,0.354
993000,0.030,0.526,0.444
993500,0.030,0.589,0.381
994000,0.030,0.522,0.448
994500,0.030,0.643,0.327
995000,0.030,0.404,0.566
995500,0.030,0.286,0.684
996000,0.030,0.535,0.435
996500,0.030,0.444,0.526
997000,0.030,0.364,0.606
997500,0.030,0.323,0.647
998000,0.030,0.320,0.650
998500,0.030,0.437,0.533
999000,0.030,0.385,0.585
999500,0.030,0.419,0.551
1000000,0.030,0.601,0.369
