time,n_A+p,n_B,n_AB
500,0.030,0.861,0.109
1000,0.030,0.699,0.271
1500,0.030,0.595,0.375
2000,0.030,0.469,0.501
2500,0.030,0.512,0.458
3000,0.030,0.569,0.401
3500,0.030,0.682,0.288
4000,0.030,0.493,0.477
4500,0.030,0.602,0.368
5000,0.030,0.480,0.490
5500,0.030,0.622,0.348
6000,0.030,0.585,0.385
6500,0.030,0.609,0.361
7000,0.030,0.707,0.263
7500,0.030,0.638,0.332
8000,0.030,0.637,0.333
8500,0.030,0.642,0.328
9000,0.030,0.596,0.374
9500,0.030,0.793,0.177
10000,0.030,0.627,0.343
10500,0.030,0.597,0.373
11000,0.030,0.669,0.301
11500,0.030,0.560,0.410
12000,0.030,0.600,0.370
12500,0.030,0.584,0.386
13000,0.030,0.570,0.400
13500,0.030,0.594,0.376
14000,0.030,0.569,0.401
14500,0.030,0.567,0.403
15000,0.030,0.604,0.366
15500,0.030,0.660,0.310
16000,0.030,0.619,0.351
16500,0.030,0.685,0.285
17000,0.030,0.509,0.461
17500,0.030,0.657,0.313
18000,0.030,0.541,0.429
18500,0.030,0.690,0.280
19000,0.030,0.658,0.312
19500,0.030,0.731,0.239
20000,0.030,0.693,0.277
20500,0.030,0.632,0.338
21000,0.030,0.634,0.336
21500,0.030,0.599,0.371
22000,0.030,0.624,0.346
22500,0.030,0.583,0.387
23000,0.030,0.647,0.323
23500,0.030,0.565,0.405
24000,0.030,0.662,0.308
24500,0.030,0.558,0.412
25000,0.030,0.542,0.428
25500,0.030,0.530,0.440
26000,0.030,0.606,0.364
26500,0.030,0.452,0.518
27000,0.030,0.610,0.360
27500,0.030,0.491,0.479
28000,0.030,0.551,0.419
28500,0.030,0.750,0.220
29000,0.030,0.547,0.423
29500,0.030,0.614,0.356
30000,0.030,0.569,0.401
30500,0.030,0.554,0.416
31000,0.030,0.632,0.338
31500,0.030,0.611,0.359
32000,0.030,0.608,0.362
32500,0.030,0.587,0.383
33000,0.030,0.519,0.451
33500,0.030,0.448,0.522
34000,0.030,0.572,0.398
34500,0.030,0.618,0.352
35000,0.030,0.618,0.352
35500,0.030,0.520,0.450
36000,0.030,0.430,0.540
36500,0.030,0.448,0.522
37000,0.030,0.732,0.238
37500,0.030,0.684,0.286
38000,0.030,0.525,0.445
38500,0.030,0.456,0.514
39000,0.030,0.620,0.350
39500,0.030,0.620,0.350
40000,0.030,0.512,0.458
40500,0.030,0.552,0.418
41000,0.030,0.727,0.243
41500,0.030,0.706,0.264
42000,0.030,0.472,0.498
42500,0.030,0.481,0.489
43000,0.030,0.642,0.328
43500,0.030,0.475,0.495
44000,0.030,0.531,0.439
44500,0.030,0.508,0.462
45000,0.030,0.460,0.510
45500,0.030,0.531,0.439
46000,0.030,0.710,0.260
46500,0.030,0.519,0.451
47000,0.030,0.516,0.454
47500,0.030,0.530,0.440
48000,0.030,0.566,0.404
48500,0.030,0.707,0.263
49000,0.030,0.547,0.423
49500,0.030,0.611,0.359
50000,0.030,0.520,0.450
50500,0.030,0.547,0.423
51000,0.030,0.641,0.329
51500,0.030,0.609,0.361
52000,0.030,0.607,0.363
52500,0.030,0.695,0.275
53000,0.030,0.659,0.311
53500,0.030,0.570,0.400
54000,0.030,0.641,0.329
54500,0.030,0.732,0.238
55000,0.030,0.535,0.435
55500,0.030,0.657,0.313
56000,0.030,0.593,0.377
56500,0.030,0.580,0.390
57000,0.030,0.643,0.327
57500,0.030,0.577,0.393
58000,0.030,0.601,0.369
58500,0.030,0.500,0.470
59000,0.030,0.516,0.454
59500,0.030,0.582,0.388
60000,0.030,0.683,0.287
60500,0.030,0.709,0.261
61000,0.030,0.588,0.382
61500,0.030,0.619,0.351
62000,0.030,0.517,0.453
62500,0.030,0.632,0.338
63000,0.030,0.581,0.389
63500,0.030,0.672,0.298
64000,0.030,0.548,0.422
64500,0.030,0.600,0.370
65000,0.030,0.625,0.345
65500,0.030,0.584,0.386
66000,0.030,0.507,0.463
66500,0.030,0.588,0.382
67000,0.030,0.572,0.398
67500,0.030,0.584,0.386
68000,0.030,0.555,0.415
68500,0.030,0.711,0.259
69000,0.030,0.455,0.515
69500,0.030,0.525,0.445
70000,0.030,0.660,0.310
70500,0.030,0.616,0.354
71000,0.030,0.663,0.307
71500,0.030,0.630,0.340
72000,0.030,0.562,0.408
72500,0.030,0.620,0.350
73000,0.030,0.753,0.217
73500,0.030,0.591,0.379
74000,0.030,0.673,0.297
74500,0.030,0.491,0.479
75000,0.030,0.609,0.361
75500,0.030,0.482,0.488
76000,0.030,0.509,0.461
76500,0.030,0.546,0.424
77000,0.030,0.573,0.397
77500,0.030,0.667,0.303
78000,0.030,0.701,0.269
78500,0.030,0.506,0.464
79000,0.030,0.594,0.376
79500,0.030,0.603,0.367
80000,0.030,0.686,0.284
80500,0.030,0.538,0.432
81000,0.030,0.554,0.416
81500,0.030,0.532,0.438
82000,0.030,0.652,0.318
82500,0.030,0.657,0.313
83000,0.030,0.558,0.412
83500,0.030,0.623,0.347
84000,0.030,0.599,0.371
84500,0.030,0.578,0.392
85000,0.030,0.654,0.316
85500,0.030,0.623,0.347
86000,0.030,0.412,0.558
86500,0.030,0.590,0.380
87000,0.030,0.682,0.288
87500,0.030,0.604,0.366
88000,0.030,0.715,0.255
88500,0.030,0.589,0.381
89000,0.030,0.633,0.337
89500,0.030,0.594,0.376
90000,0.030,0.617,0.353
90500,0.030,0.664,0.306
91000,0.030,0.705,0.265
91500,0.030,0.580,0.390
92000,0.030,0.737,0.233
92500,0.030,0.620,0.350
93000,0.030,0.636,0.334
93500,0.030,0.608,0.362
94000,0.030,0.645,0.325
94500,0.030,0.619,0.351
95000,0.030,0.631,0.339
95500,0.030,0.640,0.330
96000,0.030,0.609,0.361
96500,0.030,0.649,0.321
97000,0.030,0.713,0.257
97500,0.030,0.534,0.436
98000,0.030,0.522,0.448
98500,0.030,0.670,0.300
99000,0.030,0.674,0.296
99500,0.030,0.557,0.413
100000,0.030,0.522,0.448
100500,0.030,0.669,0.301
101000,0.030,0.703,0.267
101500,0.030,0.694,0.276
102000,0.030,0.683,0.287
102500,0.030,0.732,0.238
103000,0.030,0.674,0.296
103500,0.030,0.611,0.359
104000,0.030,0.422,0.548
104500,0.030,0.464,0.506
105000,0.030,0.739,0.231
105500,0.030,0.647,0.323
106000,0.030,0.698,0.272
106500,0.030,0.675,0.295
107000,0.030,0.696,0.274
107500,0.030,0.518,0.452
108000,0.030,0.493,0.477
108500,0.030,0.688,0.282
109000,0.030,0.549,0.421
109500,0.030,0.757,0.213
110000,0.030,0.683,0.287
110500,0.030,0.533,0.437
111000,0.030,0.585,0.385
111500,0.030,0.567,0.403
112000,0.030,0.519,0.451
112500,0.030,0.582,0.388
113000,0.030,0.578,0.392
113500,0.030,0.612,0.358
114000,0.030,0.607,0.363
114500,0.030,0.538,0.432
115000,0.030,0.596,0.374
115500,0.030,0.473,0.497
116000,0.030,0.560,0.410
116500,0.030,0.587,0.383
117000,0.030,0.525,0.445
117500,0.030,0.596,0.374
118000,0.030,0.666,0.304
118500,0.030,0.574,0.396
119000,0.030,0.587,0.383
119500,0.030,0.598,0.372
120000,0.030,0.542,0.428
120500,0.030,0.587,0.383
121000,0.030,0.574,0.396
121500,0.030,0.635,0.335
122000,0.030,0.477,0.493
122500,0.030,0.379,0.591
123000,0.030,0.579,0.391
123500,0.030,0.491,0.479
124000,0.030,0.542,0.428
124500,0.030,0.668,0.302
125000,0.030,0.578,0.392
125500,0.030,0.479,0.491
126000,0.030,0.602,0.368
126500,0.030,0.576,0.394
127000,0.030,0.565,0.405
127500,0.030,0.410,0.560
128000,0.030,0.419,0.551
128500,0.030,0.510,0.460
129000,0.030,0.557,0.413
129500,0.030,0.615,0.355
130000,0.030,0.644,0.326
130500,0.030,0.576,0.394
131000,0.030,0.505,0.465
131500,0.030,0.716,0.254
132000,0.030,0.351,0.619
132500,0.030,0.537,0.433
133000,0.030,0.604,0.366
133500,0.030,0.397,0.573
134000,0.030,0.450,0.520
134500,0.030,0.570,0.400
135000,0.030,0.655,0.315
135500,0.030,0.603,0.367
136000,0.030,0.655,0.315
136500,0.030,0.716,0.254
137000,0.030,0.696,0.274
137500,0.030,0.530,0.440
138000,0.030,0.523,0.447
138500,0.030,0.592,0.378
139000,0.030,0.580,0.390
139500,0.030,0.580,0.390
140000,0.030,0.530,0.440
140500,0.030,0.545,0.425
141000,0.030,0.609,0.361
141500,0.030,0.589,0.381
142000,0.030,0.537,0.433
142500,0.030,0.738,0.232
143000,0.030,0.622,0.348
143500,0.030,0.565,0.405
144000,0.030,0.594,0.376
144500,0.030,0.531,0.439
145000,0.030,0.646,0.324
145500,0.030,0.571,0.399
146000,0.030,0.634,0.336
146500,0.030,0.644,0.326
147000,0.030,0.495,0.475
147500,0.030,0.482,0.488
148000,0.030,0.540,0.430
148500,0.030,0.527,0.443
149000,0.030,0.686,0.284
149500,0.030,0.712,0.258
150000,0.030,0.479,0.491
150500,0.030,0.628,0.342
151000,0.030,0.557,0.413
151500,0.030,0.587,0.383
152000,0.030,0.663,0.307
152500,0.030,0.554,0.416
153000,0.030,0.485,0.485
153500,0.030,0.558,0.412
154000,0.030,0.633,0.337
154500,0.030,0.615,0.355
155000,0.030,0.560,0.410
155500,0.030,0.577,0.393
156000,0.030,0.589,0.381
156500,0.030,0.742,0.228
157000,0.030,0.643,0.327
157500,0.030,0.567,0.403
158000,0.030,0.563,0.407
158500,0.030,0.571,0.399
159000,0.030,0.580,0.390
159500,0.030,0.610,0.360
160000,0.030,0.461,0.509
160500,0.030,0.614,0.356
161000,0.030,0.643,0.327
161500,0.030,0.513,0.457
162000,0.030,0.547,0.423
162500,0.030,0.547,0.423
163000,0.030,0.674,0.296
163500,0.030,0.617,0.353
164000,0.030,0.639,0.331
164500,0.030,0.582,0.388
165000,0.030,0.515,0.455
165500,0.030,0.636,0.334
166000,0.030,0.599,0.371
166500,0.030,0.739,0.231
167000,0.030,0.439,0.531
167500,0.030,0.537,0.433
168000,0.030,0.540,0.430
168500,0.030,0.592,0.378
169000,0.030,0.689,0.281
169500,0.030,0.618,0.352
170000,0.030,0.558,0.412
170500,0.030,0.547,0.423
171000,0.030,0.544,0.426
171500,0.030,0.512,0.458
172000,0.030,0.739,0.231
172500,0.030,0.625,0.345
173000,0.030,0.698,0.272
173500,0.030,0.697,0.273
174000,0.030,0.595,0.375
174500,0.030,0.564,0.406
175000,0.030,0.596,0.374
175500,0.030,0.621,0.349
176000,0.030,0.546,0.424
176500,0.030,0.569,0.401
177000,0.030,0.531,0.439
177500,0.030,0.683,0.287
178000,0.030,0.542,0.428
178500,0.030,0.508,0.462
179000,0.030,0.588,0.382
179500,0.030,0.577,0.393
180000,0.030,0.714,0.256
180500,0.030,0.723,0.247
181000,0.030,0.660,0.310
181500,0.030,0.645,0.325
182000,0.030,0.620,0.350
182500,0.030,0.577,0.393
183000,0.030,0.765,0.205
183500,0.030,0.643,0.327
184000,0.030,0.667,0.303
184500,0.030,0.481,0.489
185000,0.030,0.519,0.451
185500,0.030,0.427,0.543
186000,0.030,0.489,0.481
186500,0.030,0.451,0.519
187000,0.030,0.457,0.513
187500,0.030,0.543,0.427
188000,0.030,0.633,0.337
188500,0.030,0.641,0.329
189000,0.030,0.624,0.346
189500,0.030,0.632,0.338
190000,0.030,0.642,0.328
190500,0.030,0.506,0.464
191000,0.030,0.564,0.406
191500,0.030,0.645,0.325
192000,0.030,0.568,0.402
192500,0.030,0.586,0.384
193000,0.030,0.616,0.354
193500,0.030,0.624,0.346
194000,0.030,0.503,0.467
194500,0.030,0.676,0.294
195000,0.030,0.634,0.336
195500,0.030,0.511,0.459
196000,0.030,0.529,0.441
196500,0.030,0.456,0.514
197000,0.030,0.466,0.504
197500,0.030,0.573,0.397
198000,0.030,0.566,0.404
198500,0.030,0.597,0.373
199000,0.030,0.653,0.317
199500,0.030,0.548,0.422
200000,0.030,0.422,0.548
200500,0.030,0.599,0.371
201000,0.030,0.585,0.385
201500,0.030,0.597,0.373
202000,0.030,0.606,0.364
202500,0.030,0.613,0.357
203000,0.030,0.635,0.335
203500,0.030,0.615,0.355
204000,0.030,0.445,0.525
204500,0.030,0.496,0.474
205000,0.030,0.637,0.333
205500,0.030,0.617,0.353
206000,0.030,0.491,0.479
206500,0.030,0.424,0.546
207000,0.030,0.500,0.470
207500,0.030,0.635,0.335
208000,0.030,0.681,0.289
208500,0.030,0.579,0.391
209000,0.030,0.487,0.483
209500,0.030,0.471,0.499
210000,0.030,0.485,0.485
210500,0.030,0.629,0.341
211000,0.030,0.488,0.482
211500,0.030,0.442,0.528
212000,0.030,0.544,0.426
212500,0.030,0.665,0.305
213000,0.030,0.663,0.307
213500,0.030,0.612,0.358
214000,0.030,0.504,0.466
214500,0.030,0.422,0.548
215000,0.030,0.393,0.577
215500,0.030,0.623,0.347
216000,0.030,0.692,0.278
216500,0.030,0.683,0.287
217000,0.030,0.660,0.310
217500,0.030,0.493,0.477
218000,0.030,0.577,0.393
218500,0.030,0.541,0.429
219000,0.030,0.596,0.374
219500,0.030,0.587,0.383
220000,0.030,0.745,0.225
220500,0.030,0.617,0.353
221000,0.030,0.522,0.448
221500,0.030,0.639,0.331
222000,0.030,0.656,0.314
222500,0.030,0.583,0.387
223000,0.030,0.633,0.337
223500,0.030,0.675,0.295
224000,0.030,0.606,0.364
224500,0.030,0.739,0.231
225000,0.030,0.635,0.335
225500,0.030,0.635,0.335
226000,0.030,0.582,0.388
226500,0.030,0.657,0.313
227000,0.030,0.586,0.384
227500,0.030,0.563,0.407
228000,0.030,0.764,0.206
228500,0.030,0.705,0.265
229000,0.030,0.638,0.332
229500,0.030,0.502,0.468
230000,0.030,0.504,0.466
230500,0.030,0.578,0.392
231000,0.030,0.505,0.465
231500,0.030,0.616,0.354
232000,0.030,0.568,0.402
232500,0.030,0.530,0.440
233000,0.030,0.574,0.396
233500,0.030,0.613,0.357
234000,0.030,0.564,0.406
234500,0.030,0.537,0.433
235000,0.030,0.480,0.490
235500,0.030,0.613,0.357
236000,0.030,0.515,0.455
236500,0.030,0.540,0.430
237000,0.030,0.564,0.406
237500,0.030,0.680,0.290
238000,0.030,0.819,0.151
238500,0.030,0.538,0.432
239000,0.030,0.525,0.445
239500,0.030,0.472,0.498
240000,0.030,0.493,0.477
240500,0.030,0.584,0.386
241000,0.030,0.595,0.375
241500,0.030,0.559,0.411
242000,0.030,0.614,0.356
242500,0.030,0.454,0.516
243000,0.030,0.541,0.429
243500,0.030,0.665,0.305
244000,0.030,0.669,0.301
244500,0.030,0.586,0.384
245000,0.030,0.441,0.529
245500,0.030,0.583,0.387
246000,0.030,0.558,0.412
246500,0.030,0.463,0.507
247000,0.030,0.545,0.425
247500,0.030,0.551,0.419
248000,0.030,0.485,0.485
248500,0.030,0.634,0.336
249000,0.030,0.799,0.171
249500,0.030,0.645,0.325
250000,0.030,0.595,0.375
250500,0.030,0.569,0.401
251000,0.030,0.519,0.451
251500,0.030,0.655,0.315
252000,0.030,0.528,0.442
252500,0.030,0.551,0.419
253000,0.030,0.498,0.472
253500,0.030,0.495,0.475
254000,0.030,0.569,0.401
254500,0.030,0.524,0.446
255000,0.030,0.612,0.358
255500,0.030,0.558,0.412
256000,0.030,0.489,0.481
256500,0.030,0.488,0.482
257000,0.030,0.523,0.447
257500,0.030,0.740,0.230
258000,0.030,0.585,0.385
258500,0.030,0.485,0.485
259000,0.030,0.542,0.428
259500,0.030,0.608,0.362
260000,0.030,0.636,0.334
260500,0.030,0.515,0.455
261000,0.030,0.582,0.388
261500,0.030,0.511,0.459
262000,0.030,0.548,0.422
262500,0.030,0.667,0.303
263000,0.030,0.646,0.324
263500,0.030,0.682,0.288
264000,0.030,0.611,0.359
264500,0.030,0.562,0.408
265000,0.030,0.549,0.421
265500,0.030,0.584,0.386
266000,0.030,0.689,0.281
266500,0.030,0.601,0.369
267000,0.030,0.543,0.427
267500,0.030,0.713,0.257
268000,0.030,0.699,0.271
268500,0.030,0.571,0.399
269000,0.030,0.552,0.418
269500,0.030,0.606,0.364
270000,0.030,0.589,0.381
270500,0.030,0.614,0.356
271000,0.030,0.524,0.446
271500,0.030,0.621,0.349
272000,0.030,0.566,0.404
272500,0.030,0.643,0.327
273000,0.030,0.724,0.246
273500,0.030,0.718,0.252
274000,0.030,0.665,0.305
274500,0.030,0.569,0.401
275000,0.030,0.699,0.271
275500,0.030,0.609,0.361
276000,0.030,0.597,0.373
276500,0.030,0.550,0.420
277000,0.030,0.723,0.247
277500,0.030,0.626,0.344
278000,0.030,0.634,0.336
278500,0.030,0.621,0.349
279000,0.030,0.540,0.430
279500,0.030,0.515,0.455
280000,0.030,0.677,0.293
280500,0.030,0.635,0.335
281000,0.030,0.569,0.401
281500,0.030,0.544,0.426
282000,0.030,0.651,0.319
282500,0.030,0.643,0.327
283000,0.030,0.559,0.411
283500,0.030,0.497,0.473
284000,0.030,0.594,0.376
284500,0.030,0.518,0.452
285000,0.030,0.749,0.221
285500,0.030,0.688,0.282
286000,0.030,0.586,0.384
286500,0.030,0.561,0.409
287000,0.030,0.624,0.346
287500,0.030,0.671,0.299
288000,0.030,0.552,0.418
288500,0.030,0.637,0.333
289000,0.030,0.618,0.352
289500,0.030,0.489,0.481
290000,0.030,0.501,0.469
290500,0.030,0.568,0.402
291000,0.030,0.489,0.481
291500,0.030,0.464,0.506
292000,0.030,0.706,0.264
292500,0.030,0.533,0.437
293000,0.030,0.513,0.457
293500,0.030,0.531,0.439
294000,0.030,0.556,0.414
294500,0.030,0.593,0.377
295000,0.030,0.575,0.395
295500,0.030,0.662,0.308
296000,0.030,0.564,0.406
296500,0.030,0.577,0.393
297000,0.030,0.579,0.391
297500,0.030,0.512,0.458
298000,0.030,0.575,0.395
298500,0.030,0.527,0.443
299000,0.030,0.518,0.452
299500,0.030,0.431,0.539
300000,0.030,0.426,0.544
300500,0.030,0.400,0.570
301000,0.030,0.393,0.577
301500,0.030,0.569,0.401
302000,0.030,0.537,0.433
302500,0.030,0.608,0.362
303000,0.030,0.679,0.291
303500,0.030,0.641,0.329
304000,0.030,0.555,0.415
304500,0.030,0.591,0.379
305000,0.030,0.506,0.464
305500,0.030,0.636,0.334
306000,0.030,0.705,0.265
306500,0.030,0.687,0.283
307000,0.030,0.552,0.418
307500,0.030,0.603,0.367
308000,0.030,0.551,0.419
308500,0.030,0.542,0.428
309000,0.030,0.598,0.372
309500,0.030,0.697,0.273
310000,0.030,0.545,0.425
310500,0.030,0.508,0.462
311000,0.030,0.530,0.440
311500,0.030,0.455,0.515
312000,0.030,0.558,0.412
312500,0.030,0.541,0.429
313000,0.030,0.635,0.335
313500,0.030,0.658,0.312
314000,0.030,0.661,0.309
314500,0.030,0.492,0.478
315000,0.030,0.532,0.438
315500,0.030,0.670,0.300
316000,0.030,0.610,0.360
316500,0.030,0.587,0.383
317000,0.030,0.501,0.469
317500,0.030,0.653,0.317
318000,0.030,0.512,0.458
318500,0.030,0.708,0.262
319000,0.030,0.483,0.487
319500,0.030,0.515,0.455
320000,0.030,0.525,0.445
320500,0.030,0.506,0.464
321000,0.030,0.563,0.407
321500,0.030,0.583,0.387
322000,0.030,0.601,0.369
322500,0.030,0.452,0.518
323000,0.030,0.569,0.401
323500,0.030,0.625,0.345
324000,0.030,0.521,0.449
324500,0.030,0.451,0.519
325000,0.030,0.664,0.306
325500,0.030,0.513,0.457
326000,0.030,0.645,0.325
326500,0.030,0.702,0.268
327000,0.030,0.677,0.293
327500,0.030,0.662,0.308
328000,0.030,0.305,0.665
328500,0.030,0.570,0.400
329000,0.030,0.633,0.337
329500,0.030,0.613,0.357
330000,0.030,0.570,0.400
330500,0.030,0.373,0.597
331000,0.030,0.394,0.576
331500,0.030,0.681,0.289
332000,0.030,0.675,0.295
332500,0.030,0.601,0.369
333000,0.030,0.537,0.433
333500,0.030,0.573,0.397
334000,0.030,0.625,0.345
334500,0.030,0.710,0.260
335000,0.030,0.538,0.432
335500,0.030,0.520,0.450
336000,0.030,0.613,0.357
336500,0.030,0.656,0.314
337000,0.030,0.645,0.325
337500,0.030,0.504,0.466
338000,0.030,0.560,0.410
338500,0.030,0.608,0.362
339000,0.030,0.663,0.307
339500,0.030,0.597,0.373
340000,0.030,0.591,0.379
340500,0.030,0.608,0.362
341000,0.030,0.570,0.400
341500,0.030,0.602,0.368
342000,0.030,0.577,0.393
342500,0.030,0.715,0.255
343000,0.030,0.659,0.311
343500,0.030,0.557,0.413
344000,0.030,0.466,0.504
344500,0.030,0.520,0.450
345000,0.030,0.610,0.360
345500,0.030,0.620,0.350
346000,0.030,0.656,0.314
346500,0.030,0.635,0.335
347000,0.030,0.540,0.430
347500,0.030,0.636,0.334
348000,0.030,0.566,0.404
348500,0.030,0.611,0.359
349000,0.030,0.575,0.395
349500,0.030,0.672,0.298
350000,0.030,0.670,0.300
350500,0.030,0.585,0.385
351000,0.030,0.584,0.386
351500,0.030,0.660,0.310
352000,0.030,0.711,0.259
352500,0.030,0.630,0.340
353000,0.030,0.546,0.424
353500,0.030,0.445,0.525
354000,0.030,0.611,0.359
354500,0.030,0.665,0.305
355000,0.030,0.615,0.355
355500,0.030,0.618,0.352
356000,0.030,0.584,0.386
356500,0.030,0.636,0.334
357000,0.030,0.493,0.477
357500,0.030,0.660,0.310
358000,0.030,0.728,0.242
358500,0.030,0.642,0.328
359000,0.030,0.784,0.186
359500,0.030,0.586,0.384
360000,0.030,0.585,0.385
360500,0.030,0.646,0.324
361000,0.030,0.470,0.500
361500,0.030,0.670,0.300
362000,0.030,0.716,0.254
362500,0.030,0.680,0.290
363000,0.030,0.653,0.317
363500,0.030,0.612,0.358
364000,0.030,0.682,0.288
364500,0.030,0.677,0.293
365000,0.030,0.560,0.410
365500,0.030,0.737,0.233
366000,0.030,0.658,0.312
366500,0.030,0.532,0.438
367000,0.030,0.696,0.274
367500,0.030,0.701,0.269
368000,0.030,0.628,0.342
368500,0.030,0.469,0.501
369000,0.030,0.620,0.350
369500,0.030,0.555,0.415
370000,0.030,0.461,0.509
370500,0.030,0.605,0.365
371000,0.030,0.658,0.312
371500,0.030,0.575,0.395
372000,0.030,0.612,0.358
372500,0.030,0.587,0.383
373000,0.030,0.541,0.429
373500,0.030,0.560,0.410
374000,0.030,0.551,0.419
374500,0.030,0.512,0.458
375000,0.030,0.549,0.421
375500,0.030,0.492,0.478
376000,0.030,0.714,0.256
376500,0.030,0.719,0.251
377000,0.030,0.666,0.304
377500,0.030,0.561,0.409
378000,0.030,0.570,0.400
378500,0.030,0.567,0.403
379000,0.030,0.532,0.438
379500,0.030,0.614,0.356
380000,0.030,0.654,0.316
380500,0.030,0.597,0.373
381000,0.030,0.517,0.453
381500,0.030,0.704,0.266
382000,0.030,0.467,0.503
382500,0.030,0.556,0.414
383000,0.030,0.415,0.555
383500,0.030,0.575,0.395
384000,0.030,0.564,0.406
384500,0.030,0.582,0.388
385000,0.030,0.589,0.381
385500,0.030,0.652,0.318
386000,0.030,0.577,0.393
386500,0.030,0.502,0.468
387000,0.030,0.542,0.428
387500,0.030,0.608,0.362
388000,0.030,0.518,0.452
388500,0.030,0.695,0.275
389000,0.030,0.670,0.300
389500,0.030,0.671,0.299
390000,0.030,0.515,0.455
390500,0.030,0.607,0.363
391000,0.030,0.640,0.330
391500,0.030,0.666,0.304
392000,0.030,0.613,0.357
392500,0.030,0.558,0.412
393000,0.030,0.666,0.304
393500,0.030,0.580,0.390
394000,0.030,0.549,0.421
394500,0.030,0.607,0.363
395000,0.030,0.586,0.384
395500,0.030,0.547,0.423
396000,0.030,0.570,0.400
396500,0.030,0.533,0.437
397000,0.030,0.632,0.338
397500,0.030,0.483,0.487
398000,0.030,0.515,0.455
398500,0.030,0.579,0.391
399000,0.030,0.647,0.323
399500,0.030,0.636,0.334
400000,0.030,0.682,0.288
400500,0.030,0.530,0.440
401000,0.030,0.591,0.379
401500,0.030,0.606,0.364
402000,0.030,0.765,0.205
402500,0.030,0.757,0.213
403000,0.030,0.767,0.203
403500,0.030,0.647,0.323
404000,0.030,0.546,0.424
404500,0.030,0.574,0.396
405000,0.030,0.648,0.322
405500,0.030,0.659,0.311
406000,0.030,0.623,0.347
406500,0.030,0.679,0.291
407000,0.030,0.599,0.371
407500,0.030,0.727,0.243
408000,0.030,0.740,0.230
408500,0.030,0.680,0.290
409000,0.030,0.597,0.373
409500,0.030,0.670,0.300
410000,0.030,0.648,0.322
410500,0.030,0.614,0.356
411000,0.030,0.551,0.419
411500,0.030,0.406,0.564
412000,0.030,0.657,0.313
412500,0.030,0.518,0.452
413000,0.030,0.568,0.402
413500,0.030,0.668,0.302
414000,0.030,0.522,0.448
414500,0.030,0.600,0.370
415000,0.030,0.525,0.445
415500,0.030,0.562,0.408
416000,0.030,0.606,0.364
416500,0.030,0.509,0.461
417000,0.030,0.560,0.410
417500,0.030,0.652,0.318
418000,0.030,0.605,0.365
418500,0.030,0.677,0.293
419000,0.030,0.529,0.441
419500,0.030,0.479,0.491
420000,0.030,0.395,0.575
420500,0.030,0.477,0.493
421000,0.030,0.542,0.428
421500,0.030,0.627,0.343
422000,0.030,0.654,0.316
422500,0.030,0.467,0.503
423000,0.030,0.483,0.487
423500,0.030,0.543,0.427
424000,0.030,0.644,0.326
424500,0.030,0.723,0.247
425000,0.030,0.644,0.326
425500,0.030,0.535,0.435
426000,0.030,0.630,0.340
426500,0.030,0.494,0.476
427000,0.030,0.559,0.411
427500,0.030,0.517,0.453
428000,0.030,0.615,0.355
428500,0.030,0.549,0.421
429000,0.030,0.363,0.607
429500,0.030,0.585,0.385
430000,0.030,0.453,0.517
430500,0.030,0.603,0.367
431000,0.030,0.558,0.412
431500,0.030,0.583,0.387
432000,0.030,0.565,0.405
432500,0.030,0.524,0.446
433000,0.030,0.657,0.313
433500,0.030,0.646,0.324
434000,0.030,0.643,0.327
434500,0.030,0.658,0.312
435000,0.030,0.529,0.441
435500,0.030,0.632,0.338
436000,0.030,0.518,0.452
436500,0.030,0.513,0.457
437000,0.030,0.519,0.451
437500,0.030,0.579,0.391
438000,0.030,0.598,0.372
438500,0.030,0.585,0.385
439000,0.030,0.542,0.428
439500,0.030,0.656,0.314
440000,0.030,0.442,0.528
440500,0.030,0.567,0.403
441000,0.030,0.625,0.345
441500,0.030,0.630,0.340
442000,0.030,0.542,0.428
442500,0.030,0.463,0.507
443000,0.030,0.550,0.420
443500,0.030,0.611,0.359
444000,0.030,0.686,0.284
444500,0.030,0.603,0.367
445000,0.030,0.671,0.299
445500,0.030,0.541,0.429
446000,0.030,0.626,0.344
446500,0.030,0.511,0.459
447000,0.030,0.617,0.353
447500,0.030,0.519,0.451
448000,0.030,0.600,0.370
448500,0.030,0.669,0.301
449000,0.030,0.748,0.222
449500,0.030,0.630,0.340
450000,0.030,0.470,0.500
450500,0.030,0.503,0.467
451000,0.030,0.638,0.332
451500,0.030,0.643,0.327
452000,0.030,0.703,0.267
452500,0.030,0.681,0.289
453000,0.030,0.639,0.331
453500,0.030,0.542,0.428
454000,0.030,0.667,0.303
454500,0.030,0.579,0.391
455000,0.030,0.423,0.547
455500,0.030,0.610,0.360
456000,0.030,0.474,0.496
456500,0.030,0.648,0.322
457000,0.030,0.569,0.401
457500,0.030,0.606,0.364
458000,0.030,0.641,0.329
458500,0.030,0.487,0.483
459000,0.030,0.674,0.296
459500,0.030,0.640,0.330
460000,0.030,0.589,0.381
460500,0.030,0.633,0.337
461000,0.030,0.713,0.257
461500,0.030,0.689,0.281
462000,0.030,0.789,0.181
462500,0.030,0.623,0.347
463000,0.030,0.733,0.237
463500,0.030,0.602,0.368
464000,0.030,0.650,0.320
464500,0.030,0.642,0.328
465000,0.030,0.574,0.396
465500,0.030,0.506,0.464
466000,0.030,0.545,0.425
466500,0.030,0.555,0.415
467000,0.030,0.523,0.447
467500,0.030,0.537,0.433
468000,0.030,0.643,0.327
468500,0.030,0.680,0.290
469000,0.030,0.665,0.305
469500,0.030,0.627,0.343
470000,0.030,0.576,0.394
470500,0.030,0.607,0.363
471000,0.030,0.718,0.252
471500,0.030,0.550,0.420
472000,0.030,0.508,0.462
472500,0.030,0.615,0.355
473000,0.030,0.527,0.443
473500,0.030,0.495,0.475
474000,0.030,0.629,0.341
474500,0.030,0.527,0.443
475000,0.030,0.645,0.325
475500,0.030,0.496,0.474
476000,0.030,0.605,0.365
476500,0.030,0.624,0.346
477000,0.030,0.506,0.464
477500,0.030,0.603,0.367
478000,0.030,0.608,0.362
478500,0.030,0.622,0.348
479000,0.030,0.658,0.312
479500,0.030,0.632,0.338
480000,0.030,0.652,0.318
480500,0.030,0.485,0.485
481000,0.030,0.510,0.460
481500,0.030,0.504,0.466
482000,0.030,0.539,0.431
482500,0.030,0.645,0.325
483000,0.030,0.550,0.420
483500,0.030,0.534,0.436
484000,0.030,0.642,0.328
484500,0.030,0.647,0.323
485000,0.030,0.661,0.309
485500,0.030,0.665,0.305
486000,0.030,0.670,0.300
486500,0.030,0.666,0.304
487000,0.030,0.646,0.324
487500,0.030,0.681,0.289
488000,0.030,0.603,0.367
488500,0.030,0.688,0.282
489000,0.030,0.599,0.371
489500,0.030,0.471,0.499
490000,0.030,0.621,0.349
490500,0.030,0.620,0.350
491000,0.030,0.666,0.304
491500,0.030,0.560,0.410
492000,0.030,0.562,0.408
492500,0.030,0.658,0.312
493000,0.030,0.526,0.444
493500,0.030,0.520,0.450
494000,0.030,0.691,0.279
494500,0.030,0.625,0.345
495000,0.030,0.670,0.300
495500,0.030,0.563,0.407
496000,0.030,0.631,0.339
496500,0.030,0.586,0.384
497000,0.030,0.500,0.470
497500,0.030,0.503,0.467
498000,0.030,0.570,0.400
498500,0.030,0.609,0.361
499000,0.030,0.524,0.446
499500,0.030,0.561,0.409
500000,0.030,0.611,0.359
500500,0.030,0.487,0.483
501000,0.030,0.574,0.396
501500,0.030,0.506,0.464
502000,0.030,0.516,0.454
502500,0.030,0.652,0.318
503000,0.030,0.652,0.318
503500,0.030,0.545,0.425
504000,0.030,0.640,0.330
504500,0.030,0.668,0.302
505000,0.030,0.460,0.510
505500,0.040,0.381,0.579
506000,0.030,0.535,0.435
506500,0.030,0.693,0.277
507000,0.030,0.477,0.493
507500,0.030,0.576,0.394
508000,0.030,0.524,0.446
508500,0.030,0.603,0.367
509000,0.030,0.561,0.409
509500,0.030,0.485,0.485
510000,0.030,0.438,0.532
510500,0.030,0.470,0.500
511000,0.030,0.734,0.236
511500,0.030,0.710,0.260
512000,0.030,0.669,0.301
512500,0.030,0.656,0.314
513000,0.030,0.588,0.382
513500,0.030,0.597,0.373
514000,0.030,0.498,0.472
514500,0.030,0.575,0.395
515000,0.030,0.733,0.237
515500,0.030,0.622,0.348
516000,0.030,0.630,0.340
516500,0.030,0.529,0.441
517000,0.030,0.586,0.384
517500,0.030,0.489,0.481
518000,0.030,0.513,0.457
518500,0.030,0.532,0.438
519000,0.030,0.646,0.324
519500,0.030,0.394,0.576
520000,0.030,0.641,0.329
520500,0.030,0.550,0.420
521000,0.030,0.599,0.371
521500,0.030,0.615,0.355
522000,0.030,0.563,0.407
522500,0.030,0.586,0.384
523000,0.030,0.546,0.424
523500,0.030,0.680,0.290
524000,0.030,0.621,0.349
524500,0.030,0.678,0.292
525000,0.030,0.666,0.304
525500,0.030,0.588,0.382
526000,0.030,0.712,0.258
526500,0.030,0.563,0.407
527000,0.030,0.546,0.424
527500,0.030,0.624,0.346
528000,0.030,0.628,0.342
528500,0.030,0.647,0.323
529000,0.030,0.585,0.385
529500,0.030,0.578,0.392
530000,0.030,0.630,0.340
530500,0.030,0.593,0.377
531000,0.030,0.618,0.352
531500,0.030,0.513,0.457
532000,0.030,0.489,0.481
532500,0.030,0.621,0.349
533000,0.030,0.578,0.392
533500,0.030,0.679,0.291
534000,0.030,0.721,0.249
534500,0.030,0.567,0.403
535000,0.030,0.563,0.407
535500,0.030,0.655,0.315
536000,0.030,0.612,0.358
536500,0.030,0.555,0.415
537000,0.030,0.709,0.261
537500,0.030,0.580,0.390
538000,0.030,0.517,0.453
538500,0.030,0.596,0.374
539000,0.030,0.716,0.254
539500,0.030,0.691,0.279
540000,0.030,0.551,0.419
540500,0.030,0.532,0.438
541000,0.030,0.575,0.395
541500,0.030,0.491,0.479
542000,0.030,0.603,0.367
542500,0.030,0.758,0.212
543000,0.030,0.730,0.240
543500,0.030,0.688,0.282
544000,0.030,0.699,0.271
544500,0.030,0.653,0.317
545000,0.030,0.593,0.377
545500,0.030,0.606,0.364
546000,0.030,0.676,0.294
546500,0.030,0.455,0.515
547000,0.030,0.600,0.370
547500,0.030,0.590,0.380
548000,0.030,0.660,0.310
548500,0.030,0.570,0.400
549000,0.030,0.664,0.306
549500,0.030,0.616,0.354
550000,0.030,0.522,0.448
550500,0.030,0.598,0.372
551000,0.030,0.661,0.309
551500,0.030,0.498,0.472
552000,0.030,0.447,0.523
552500,0.030,0.680,0.290
553000,0.030,0.597,0.373
553500,0.030,0.648,0.322
554000,0.030,0.519,0.451
554500,0.030,0.456,0.514
555000,0.030,0.556,0.414
555500,0.030,0.583,0.387
556000,0.030,0.474,0.496
556500,0.030,0.589,0.381
557000,0.030,0.680,0.290
557500,0.030,0.570,0.400
558000,0.030,0.565,0.405
558500,0.030,0.708,0.262
559000,0.030,0.545,0.425
559500,0.030,0.507,0.463
560000,0.030,0.593,0.377
560500,0.030,0.643,0.327
561000,0.030,0.617,0.353
561500,0.030,0.583,0.387
562000,0.030,0.558,0.412
562500,0.030,0.653,0.317
563000,0.030,0.772,0.198
563500,0.030,0.708,0.262
564000,0.030,0.687,0.283
564500,0.030,0.548,0.422
565000,0.030,0.564,0.406
565500,0.030,0.626,0.344
566000,0.030,0.638,0.332
566500,0.030,0.525,0.445
567000,0.030,0.585,0.385
567500,0.030,0.677,0.293
568000,0.030,0.659,0.311
568500,0.030,0.556,0.414
569000,0.030,0.605,0.365
569500,0.030,0.679,0.291
570000,0.030,0.608,0.362
570500,0.030,0.596,0.374
571000,0.030,0.570,0.400
571500,0.030,0.595,0.375
572000,0.030,0.621,0.349
572500,0.030,0.628,0.342
573000,0.030,0.574,0.396
573500,0.030,0.483,0.487
574000,0.030,0.528,0.442
574500,0.030,0.511,0.459
575000,0.030,0.662,0.308
575500,0.030,0.625,0.345
576000,0.030,0.544,0.426
576500,0.030,0.607,0.363
577000,0.030,0.606,0.364
577500,0.030,0.584,0.386
578000,0.030,0.507,0.463
578500,0.030,0.570,0.400
579000,0.030,0.480,0.490
579500,0.030,0.573,0.397
580000,0.030,0.618,0.352
580500,0.030,0.661,0.309
581000,0.030,0.698,0.272
581500,0.030,0.627,0.343
582000,0.030,0.663,0.307
582500,0.030,0.566,0.404
583000,0.030,0.545,0.425
583500,0.030,0.653,0.317
584000,0.030,0.575,0.395
584500,0.030,0.690,0.280
585000,0.030,0.533,0.437
585500,0.030,0.575,0.395
586000,0.030,0.470,0.500
586500,0.030,0.586,0.384
587000,0.030,0.625,0.345
587500,0.030,0.658,0.312
588000,0.030,0.650,0.320
588500,0.030,0.601,0.369
589000,0.030,0.656,0.314
589500,0.030,0.576,0.394
590000,0.030,0.418,0.552
590500,0.030,0.551,0.419
591000,0.030,0.609,0.361
591500,0.030,0.615,0.355
592000,0.030,0.673,0.297
592500,0.030,0.468,0.502
593000,0.030,0.508,0.462
593500,0.030,0.582,0.388
594000,0.030,0.611,0.359
594500,0.030,0.671,0.299
595000,0.030,0.608,0.362
595500,0.030,0.486,0.484
596000,0.030,0.546,0.424
596500,0.030,0.586,0.384
597000,0.030,0.644,0.326
597500,0.030,0.682,0.288
598000,0.030,0.664,0.306
598500,0.030,0.503,0.467
599000,0.030,0.592,0.378
599500,0.030,0.516,0.454
600000,0.030,0.580,0.390
600500,0.030,0.777,0.193
601000,0.030,0.683,0.287
601500,0.030,0.650,0.320
602000,0.030,0.655,0.315
602500,0.030,0.674,0.296
603000,0.030,0.629,0.341
603500,0.030,0.656,0.314
604000,0.030,0.666,0.304
604500,0.030,0.557,0.413
605000,0.030,0.614,0.356
605500,0.030,0.744,0.226
606000,0.030,0.742,0.228
606500,0.030,0.596,0.374
607000,0.030,0.701,0.269
607500,0.030,0.737,0.233
608000,0.030,0.687,0.283
608500,0.030,0.666,0.304
609000,0.030,0.705,0.265
609500,0.030,0.710,0.260
610000,0.030,0.694,0.276
610500,0.030,0.600,0.370
611000,0.030,0.760,0.210
611500,0.030,0.606,0.364
612000,0.030,0.609,0.361
612500,0.030,0.606,0.364
613000,0.030,0.517,0.453
613500,0.030,0.497,0.473
614000,0.030,0.554,0.416
614500,0.030,0.701,0.269
615000,0.030,0.585,0.385
615500,0.030,0.541,0.429
616000,0.030,0.502,0.468
616500,0.030,0.635,0.335
617000,0.030,0.657,0.313
617500,0.030,0.513,0.457
618000,0.030,0.533,0.437
618500,0.030,0.596,0.374
619000,0.030,0.744,0.226
619500,0.030,0.664,0.306
620000,0.030,0.584,0.386
620500,0.030,0.533,0.437
621000,0.030,0.697,0.273
621500,0.030,0.439,0.531
622000,0.030,0.526,0.444
622500,0.030,0.567,0.403
623000,0.030,0.755,0.215
623500,0.030,0.479,0.491
624000,0.030,0.540,0.430
624500,0.030,0.598,0.372
625000,0.030,0.592,0.378
625500,0.030,0.639,0.331
626000,0.030,0.538,0.432
626500,0.030,0.553,0.417
627000,0.030,0.451,0.519
627500,0.030,0.673,0.297
628000,0.030,0.735,0.235
628500,0.030,0.675,0.295
629000,0.030,0.685,0.285
629500,0.030,0.573,0.397
630000,0.030,0.690,0.280
630500,0.030,0.411,0.559
631000,0.030,0.635,0.335
631500,0.030,0.616,0.354
632000,0.030,0.619,0.351
632500,0.030,0.647,0.323
633000,0.030,0.698,0.272
633500,0.030,0.677,0.293
634000,0.030,0.534,0.436
634500,0.030,0.537,0.433
635000,0.030,0.513,0.457
635500,0.030,0.503,0.467
636000,0.030,0.600,0.370
636500,0.030,0.735,0.235
637000,0.030,0.584,0.386
637500,0.030,0.727,0.243
638000,0.030,0.749,0.221
638500,0.030,0.538,0.432
639000,0.030,0.583,0.387
639500,0.030,0.616,0.354
640000,0.030,0.677,0.293
640500,0.030,0.743,0.227
641000,0.030,0.650,0.320
641500,0.030,0.731,0.239
642000,0.030,0.729,0.241
642500,0.030,0.766,0.204
643000,0.030,0.627,0.343
643500,0.030,0.565,0.405
644000,0.030,0.519,0.451
644500,0.030,0.512,0.458
645000,0.030,0.569,0.401
645500,0.030,0.549,0.421
646000,0.030,0.568,0.402
646500,0.030,0.499,0.471
647000,0.030,0.580,0.390
647500,0.030,0.550,0.420
648000,0.030,0.467,0.503
648500,0.030,0.521,0.449
649000,0.030,0.415,0.555
649500,0.030,0.628,0.342
650000,0.030,0.578,0.392
650500,0.030,0.628,0.342
651000,0.030,0.534,0.436
651500,0.030,0.547,0.423
652000,0.030,0.683,0.287
652500,0.030,0.561,0.409
653000,0.030,0.570,0.400
653500,0.030,0.657,0.313
654000,0.030,0.656,0.314
654500,0.030,0.748,0.222
655000,0.030,0.538,0.432
655500,0.030,0.597,0.373
656000,0.030,0.545,0.425
656500,0.030,0.503,0.467
657000,0.030,0.593,0.377
657500,0.030,0.661,0.309
658000,0.030,0.585,0.385
658500,0.030,0.595,0.375
659000,0.030,0.618,0.352
659500,0.030,0.605,0.365
660000,0.030,0.631,0.339
660500,0.030,0.646,0.324
661000,0.030,0.671,0.299
661500,0.030,0.685,0.285
662000,0.030,0.551,0.419
662500,0.030,0.563,0.407
663000,0.030,0.590,0.380
663500,0.030,0.524,0.446
664000,0.030,0.572,0.398
664500,0.030,0.559,0.411
665000,0.030,0.650,0.320
665500,0.030,0.753,0.217
666000,0.030,0.773,0.197
666500,0.030,0.676,0.294
667000,0.030,0.613,0.357
667500,0.030,0.693,0.277
668000,0.030,0.564,0.406
668500,0.030,0.623,0.347
669000,0.030,0.547,0.423
669500,0.030,0.557,0.413
670000,0.030,0.635,0.335
670500,0.030,0.666,0.304
671000,0.030,0.607,0.363
671500,0.030,0.523,0.447
672000,0.030,0.678,0.292
672500,0.030,0.589,0.381
673000,0.030,0.620,0.350
673500,0.030,0.573,0.397
674000,0.030,0.491,0.479
674500,0.030,0.543,0.427
675000,0.030,0.618,0.352
675500,0.030,0.572,0.398
676000,0.030,0.628,0.342
676500,0.030,0.509,0.461
677000,0.030,0.629,0.341
677500,0.030,0.484,0.486
678000,0.030,0.678,0.292
678500,0.030,0.777,0.193
679000,0.030,0.672,0.298
679500,0.030,0.693,0.277
680000,0.030,0.502,0.468
680500,0.030,0.558,0.412
681000,0.030,0.674,0.296
681500,0.030,0.715,0.255
682000,0.030,0.613,0.357
682500,0.030,0.569,0.401
683000,0.030,0.623,0.347
683500,0.030,0.647,0.323
684000,0.030,0.560,0.410
684500,0.030,0.582,0.388
685000,0.030,0.687,0.283
685500,0.030,0.615,0.355
686000,0.030,0.568,0.402
686500,0.030,0.518,0.452
687000,0.030,0.637,0.333
687500,0.030,0.649,0.321
688000,0.030,0.556,0.414
688500,0.030,0.616,0.354
689000,0.030,0.590,0.380
689500,0.030,0.551,0.419
690000,0.030,0.650,0.320
690500,0.030,0.659,0.311
691000,0.030,0.554,0.416
691500,0.030,0.618,0.352
692000,0.030,0.550,0.420
692500,0.030,0.636,0.334
693000,0.030,0.602,0.368
693500,0.030,0.695,0.275
694000,0.030,0.629,0.341
694500,0.030,0.611,0.359
695000,0.030,0.620,0.350
695500,0.030,0.512,0.458
696000,0.030,0.649,0.321
696500,0.030,0.608,0.362
697000,0.030,0.482,0.488
697500,0.030,0.525,0.445
698000,0.030,0.465,0.505
698500,0.030,0.611,0.359
699000,0.030,0.697,0.273
699500,0.030,0.651,0.319
700000,0.030,0.649,0.321
700500,0.030,0.752,0.218
701000,0.030,0.650,0.320
701500,0.030,0.540,0.430
702000,0.030,0.569,0.401
702500,0.030,0.558,0.412
703000,0.030,0.626,0.344
703500,0.030,0.584,0.386
704000,0.030,0.655,0.315
704500,0.030,0.589,0.381
705000,0.030,0.645,0.325
705500,0.030,0.613,0.357
706000,0.030,0.591,0.379
706500,0.030,0.563,0.407
707000,0.030,0.571,0.399
707500,0.030,0.602,0.368
708000,0.030,0.588,0.382
708500,0.030,0.496,0.474
709000,0.030,0.604,0.366
709500,0.030,0.673,0.297
710000,0.030,0.623,0.347
710500,0.030,0.551,0.419
711000,0.030,0.540,0.430
711500,0.030,0.642,0.328
712000,0.030,0.677,0.293
712500,0.030,0.530,0.440
713000,0.030,0.608,0.362
713500,0.030,0.590,0.380
714000,0.030,0.503,0.467
714500,0.030,0.595,0.375
715000,0.030,0.591,0.379
715500,0.030,0.703,0.267
716000,0.030,0.670,0.300
716500,0.030,0.589,0.381
717000,0.030,0.661,0.309
717500,0.030,0.574,0.396
718000,0.030,0.603,0.367
718500,0.030,0.533,0.437
719000,0.030,0.506,0.464
719500,0.030,0.487,0.483
720000,0.030,0.635,0.335
720500,0.030,0.653,0.317
721000,0.030,0.626,0.344
721500,0.030,0.574,0.396
722000,0.030,0.733,0.237
722500,0.030,0.502,0.468
723000,0.030,0.765,0.205
723500,0.030,0.604,0.366
724000,0.030,0.586,0.384
724500,0.030,0.659,0.311
725000,0.030,0.583,0.387
725500,0.030,0.535,0.435
726000,0.030,0.374,0.596
726500,0.030,0.542,0.428
727000,0.030,0.635,0.335
727500,0.030,0.544,0.426
728000,0.030,0.505,0.465
728500,0.030,0.524,0.446
729000,0.030,0.724,0.246
729500,0.030,0.600,0.370
730000,0.030,0.573,0.397
730500,0.030,0.550,0.420
731000,0.030,0.761,0.209
731500,0.030,0.663,0.307
732000,0.030,0.597,0.373
732500,0.030,0.639,0.331
733000,0.030,0.559,0.411
733500,0.030,0.565,0.405
734000,0.030,0.443,0.527
734500,0.030,0.491,0.479
735000,0.030,0.621,0.349
735500,0.030,0.527,0.443
736000,0.030,0.584,0.386
736500,0.030,0.503,0.467
737000,0.030,0.491,0.479
737500,0.030,0.575,0.395
738000,0.030,0.515,0.455
738500,0.030,0.686,0.284
739000,0.030,0.545,0.425
739500,0.030,0.588,0.382
740000,0.030,0.687,0.283
740500,0.030,0.511,0.459
741000,0.030,0.664,0.306
741500,0.030,0.490,0.480
742000,0.030,0.496,0.474
742500,0.030,0.596,0.374
743000,0.030,0.551,0.419
743500,0.030,0.553,0.417
744000,0.030,0.651,0.319
744500,0.030,0.640,0.330
745000,0.030,0.539,0.431
745500,0.030,0.746,0.224
746000,0.030,0.717,0.253
746500,0.030,0.677,0.293
747000,0.030,0.610,0.360
747500,0.030,0.480,0.490
748000,0.030,0.631,0.339
748500,0.030,0.565,0.405
749000,0.030,0.586,0.384
749500,0.030,0.647,0.323
750000,0.030,0.674,0.296
750500,0.030,0.694,0.276
751000,0.030,0.479,0.491
751500,0.030,0.648,0.322
752000,0.030,0.662,0.308
752500,0.030,0.532,0.438
753000,0.030,0.599,0.371
753500,0.030,0.626,0.344
754000,0.030,0.533,0.437
754500,0.030,0.524,0.446
755000,0.030,0.631,0.339
755500,0.030,0.560,0.410
756000,0.030,0.458,0.512
756500,0.030,0.579,0.391
757000,0.030,0.518,0.452
757500,0.030,0.563,0.407
758000,0.030,0.433,0.537
758500,0.030,0.562,0.408
759000,0.030,0.585,0.385
759500,0.030,0.563,0.407
760000,0.030,0.669,0.301
760500,0.030,0.780,0.190
761000,0.030,0.549,0.421
761500,0.030,0.671,0.299
762000,0.030,0.616,0.354
762500,0.030,0.682,0.288
763000,0.030,0.593,0.377
763500,0.030,0.578,0.392
764000,0.030,0.507,0.463
764500,0.030,0.433,0.537
765000,0.030,0.519,0.451
765500,0.030,0.547,0.423
766000,0.030,0.633,0.337
766500,0.030,0.578,0.392
767000,0.030,0.583,0.387
767500,0.030,0.669,0.301
768000,0.030,0.663,0.307
768500,0.030,0.542,0.428
769000,0.030,0.550,0.420
769500,0.030,0.599,0.371
770000,0.030,0.540,0.430
770500,0.030,0.506,0.464
771000,0.030,0.596,0.374
771500,0.030,0.426,0.544
772000,0.030,0.603,0.367
772500,0.030,0.666,0.304
773000,0.030,0.513,0.457
773500,0.030,0.535,0.435
774000,0.030,0.648,0.322
774500,0.030,0.568,0.402
775000,0.030,0.536,0.434
775500,0.030,0.518,0.452
776000,0.030,0.666,0.304
776500,0.030,0.690,0.280
777000,0.030,0.609,0.361
777500,0.030,0.664,0.306
778000,0.030,0.633,0.337
778500,0.030,0.746,0.224
779000,0.030,0.672,0.298
779500,0.030,0.579,0.391
780000,0.030,0.551,0.419
780500,0.030,0.657,0.313
781000,0.030,0.483,0.487
781500,0.030,0.617,0.353
782000,0.030,0.613,0.357
782500,0.030,0.644,0.326
783000,0.030,0.724,0.246
783500,0.030,0.702,0.268
784000,0.030,0.656,0.314
784500,0.030,0.779,0.191
785000,0.030,0.620,0.350
785500,0.030,0.523,0.447
786000,0.030,0.415,0.555
786500,0.030,0.599,0.371
787000,0.030,0.519,0.451
787500,0.030,0.509,0.461
788000,0.030,0.455,0.515
788500,0.030,0.546,0.424
789000,0.030,0.529,0.441
789500,0.030,0.654,0.316
790000,0.030,0.594,0.376
790500,0.030,0.508,0.462
791000,0.030,0.602,0.368
791500,0.030,0.719,0.251
792000,0.030,0.577,0.393
792500,0.030,0.504,0.466
793000,0.030,0.595,0.375
793500,0.030,0.605,0.365
794000,0.030,0.589,0.381
794500,0.030,0.656,0.314
795000,0.030,0.716,0.254
795500,0.030,0.494,0.476
796000,0.030,0.652,0.318
796500,0.030,0.617,0.353
797000,0.030,0.612,0.358
797500,0.030,0.575,0.395
798000,0.030,0.483,0.487
798500,0.030,0.599,0.371
799000,0.030,0.494,0.476
799500,0.030,0.501,0.469
800000,0.030,0.520,0.450
800500,0.030,0.689,0.281
801000,0.030,0.584,0.386
801500,0.030,0.595,0.375
802000,0.030,0.622,0.348
802500,0.030,0.608,0.362
803000,0.030,0.658,0.312
803500,0.030,0.704,0.266
804000,0.030,0.577,0.393
804500,0.030,0.552,0.418
805000,0.030,0.493,0.477
805500,0.030,0.681,0.289
806000,0.030,0.686,0.284
806500,0.030,0.461,0.509
807000,0.030,0.635,0.335
807500,0.030,0.676,0.294
808000,0.030,0.648,0.322
808500,0.030,0.646,0.324
809000,0.030,0.665,0.305
809500,0.030,0.643,0.327
810000,0.030,0.549,0.421
810500,0.030,0.453,0.517
811000,0.030,0.627,0.343
811500,0.030,0.600,0.370
812000,0.030,0.637,0.333
812500,0.030,0.617,0.353
813000,0.030,0.561,0.409
813500,0.030,0.634,0.336
814000,0.030,0.722,0.248
814500,0.030,0.635,0.335
815000,0.030,0.584,0.386
815500,0.030,0.482,0.488
816000,0.030,0.718,0.252
816500,0.030,0.601,0.369
817000,0.030,0.683,0.287
817500,0.030,0.506,0.464
818000,0.030,0.638,0.332
818500,0.030,0.577,0.393
819000,0.030,0.579,0.391
819500,0.030,0.515,0.455
820000,0.030,0.580,0.390
820500,0.030,0.668,0.302
821000,0.030,0.591,0.379
821500,0.030,0.563,0.407
822000,0.030,0.587,0.383
822500,0.030,0.571,0.399
823000,0.030,0.613,0.357
823500,0.030,0.563,0.407
824000,0.030,0.666,0.304
824500,0.030,0.520,0.450
825000,0.030,0.589,0.381
825500,0.030,0.565,0.405
826000,0.030,0.618,0.352
826500,0.030,0.596,0.374
827000,0.030,0.507,0.463
827500,0.030,0.411,0.559
828000,0.030,0.555,0.415
828500,0.030,0.594,0.376
829000,0.030,0.502,0.468
829500,0.030,0.608,0.362
830000,0.030,0.530,0.440
830500,0.030,0.574,0.396
831000,0.030,0.586,0.384
831500,0.030,0.745,0.225
832000,0.030,0.795,0.175
832500,0.030,0.526,0.444
833000,0.030,0.599,0.371
833500,0.030,0.532,0.438
834000,0.030,0.658,0.312
834500,0.030,0.565,0.405
835000,0.030,0.650,0.320
835500,0.030,0.617,0.353
836000,0.030,0.638,0.332
836500,0.030,0.621,0.349
837000,0.030,0.411,0.559
837500,0.030,0.624,0.346
838000,0.030,0.671,0.299
838500,0.030,0.640,0.330
839000,0.030,0.681,0.289
839500,0.030,0.746,0.224
840000,0.030,0.749,0.221
840500,0.030,0.644,0.326
841000,0.030,0.501,0.469
841500,0.030,0.689,0.281
842000,0.030,0.721,0.249
842500,0.030,0.700,0.270
843000,0.030,0.711,0.259
843500,0.030,0.767,0.203
844000,0.030,0.649,0.321
844500,0.030,0.664,0.306
845000,0.030,0.585,0.385
845500,0.030,0.573,0.397
846000,0.030,0.574,0.396
846500,0.030,0.640,0.330
847000,0.030,0.527,0.443
847500,0.030,0.545,0.425
848000,0.030,0.553,0.417
848500,0.030,0.482,0.488
849000,0.030,0.573,0.397
849500,0.030,0.670,0.300
850000,0.030,0.491,0.479
850500,0.030,0.506,0.464
851000,0.030,0.543,0.427
851500,0.030,0.476,0.494
852000,0.030,0.423,0.547
852500,0.030,0.503,0.467
853000,0.030,0.580,0.390
853500,0.030,0.559,0.411
854000,0.030,0.724,0.246
854500,0.030,0.598,0.372
855000,0.030,0.524,0.446
855500,0.030,0.633,0.337
856000,0.030,0.750,0.220
856500,0.030,0.644,0.326
857000,0.030,0.511,0.459
857500,0.030,0.687,0.283
858000,0.030,0.660,0.310
858500,0.030,0.547,0.423
859000,0.030,0.796,0.174
859500,0.030,0.580,0.390
860000,0.030,0.596,0.374
860500,0.030,0.572,0.398
861000,0.030,0.502,0.468
861500,0.030,0.679,0.291
862000,0.030,0.438,0.532
862500,0.030,0.519,0.451
863000,0.030,0.481,0.489
863500,0.030,0.406,0.564
864000,0.030,0.620,0.350
864500,0.030,0.667,0.303
865000,0.030,0.519,0.451
865500,0.030,0.609,0.361
866000,0.030,0.609,0.361
866500,0.030,0.534,0.436
867000,0.030,0.659,0.311
867500,0.030,0.667,0.303
868000,0.030,0.689,0.281
868500,0.030,0.657,0.313
869000,0.030,0.502,0.468
869500,0.030,0.561,0.409
870000,0.030,0.499,0.471
870500,0.030,0.540,0.430
871000,0.030,0.656,0.314
871500,0.030,0.681,0.289
872000,0.030,0.551,0.419
872500,0.030,0.697,0.273
873000,0.030,0.627,0.343
873500,0.030,0.703,0.267
874000,0.030,0.762,0.208
874500,0.030,0.779,0.191
875000,0.030,0.616,0.354
875500,0.030,0.547,0.423
876000,0.030,0.612,0.358
876500,0.030,0.576,0.394
877000,0.030,0.641,0.329
877500,0.030,0.747,0.223
878000,0.030,0.551,0.419
878500,0.030,0.638,0.332
879000,0.030,0.506,0.464
879500,0.030,0.642,0.328
880000,0.030,0.390,0.580
880500,0.030,0.659,0.311
881000,0.030,0.646,0.324
881500,0.030,0.582,0.388
882000,0.030,0.328,0.642
882500,0.030,0.519,0.451
883000,0.030,0.475,0.495
883500,0.030,0.592,0.378
884000,0.030,0.607,0.363
884500,0.030,0.650,0.320
885000,0.030,0.623,0.347
885500,0.030,0.629,0.341
886000,0.030,0.589,0.381
886500,0.030,0.628,0.342
887000,0.030,0.676,0.294
887500,0.030,0.486,0.484
888000,0.030,0.698,0.272
888500,0.030,0.555,0.415
889000,0.030,0.625,0.345
889500,0.030,0.626,0.344
890000,0.030,0.727,0.243
890500,0.030,0.637,0.333
891000,0.030,0.464,0.506
891500,0.030,0.646,0.324
892000,0.030,0.614,0.356
892500,0.030,0.707,0.263
893000,0.030,0.642,0.328
893500,0.030,0.568,0.402
894000,0.030,0.689,0.281
894500,0.030,0.724,0.246
895000,0.030,0.608,0.362
895500,0.030,0.582,0.388
896000,0.030,0.482,0.488
896500,0.030,0.475,0.495
897000,0.030,0.622,0.348
897500,0.030,0.582,0.388
898000,0.030,0.612,0.358
898500,0.030,0.521,0.449
899000,0.030,0.655,0.315
899500,0.030,0.455,0.515
900000,0.030,0.555,0.415
900500,0.030,0.596,0.374
901000,0.030,0.459,0.511
901500,0.030,0.580,0.390
902000,0.030,0.520,0.450
902500,0.030,0.551,0.419
903000,0.030,0.578,0.392
903500,0.030,0.657,0.313
904000,0.030,0.562,0.408
904500,0.030,0.422,0.548
905000,0.030,0.471,0.499
905500,0.030,0.504,0.466
906000,0.030,0.566,0.404
906500,0.030,0.471,0.499
907000,0.030,0.644,0.326
907500,0.030,0.605,0.365
908000,0.030,0.522,0.448
908500,0.030,0.609,0.361
909000,0.030,0.663,0.307
909500,0.030,0.592,0.378
910000,0.030,0.611,0.359
910500,0.030,0.599,0.371
911000,0.030,0.576,0.394
911500,0.030,0.511,0.459
912000,0.030,0.532,0.438
912500,0.030,0.631,0.339
913000,0.030,0.685,0.285
913500,0.030,0.860,0.110
914000,0.030,0.682,0.288
914500,0.030,0.650,0.320
915000,0.030,0.612,0.358
915500,0.030,0.545,0.425
916000,0.030,0.523,0.447
916500,0.030,0.620,0.350
917000,0.030,0.571,0.399
917500,0.030,0.568,0.402
918000,0.030,0.599,0.371
918500,0.030,0.723,0.247
919000,0.030,0.636,0.334
919500,0.030,0.570,0.400
920000,0.030,0.450,0.520
920500,0.030,0.498,0.472
921000,0.030,0.546,0.424
921500,0.030,0.460,0.510
922000,0.030,0.516,0.454
922500,0.030,0.567,0.403
923000,0.030,0.593,0.377
923500,0.030,0.421,0.549
924000,0.030,0.530,0.440
924500,0.030,0.536,0.434
925000,0.030,0.490,0.480
925500,0.030,0.624,0.346
926000,0.030,0.574,0.396
926500,0.030,0.539,0.431
927000,0.030,0.548,0.422
927500,0.030,0.707,0.263
928000,0.030,0.602,0.368
928500,0.030,0.723,0.247
929000,0.030,0.673,0.297
929500,0.030,0.640,0.330
930000,0.030,0.645,0.325
930500,0.030,0.528,0.442
931000,0.030,0.593,0.377
931500,0.030,0.609,0.361
932000,0.030,0.704,0.266
932500,0.030,0.541,0.429
933000,0.030,0.629,0.341
933500,0.030,0.665,0.305
934000,0.030,0.594,0.376
934500,0.030,0.592,0.378
935000,0.030,0.619,0.351
935500,0.030,0.712,0.258
936000,0.030,0.618,0.352
936500,0.030,0.577,0.393
937000,0.030,0.660,0.310
937500,0.030,0.678,0.292
938000,0.030,0.704,0.266
938500,0.030,0.650,0.320
939000,0.030,0.661,0.309
939500,0.030,0.592,0.378
940000,0.030,0.436,0.534
940500,0.030,0.446,0.524
941000,0.030,0.538,0.432
941500,0.030,0.563,0.407
942000,0.030,0.633,0.337
942500,0.030,0.670,0.300
943000,0.030,0.564,0.406
943500,0.030,0.778,0.192
944000,0.030,0.543,0.427
944500,0.030,0.370,0.600
945000,0.030,0.515,0.455
945500,0.030,0.635,0.335
946000,0.030,0.507,0.463
946500,0.030,0.412,0.558
947000,0.030,0.624,0.346
947500,0.030,0.697,0.273
948000,0.030,0.628,0.342
948500,0.030,0.599,0.371
949000,0.030,0.681,0.289
949500,0.030,0.748,0.222
950000,0.030,0.677,0.293
950500,0.030,0.558,0.412
951000,0.030,0.657,0.313
951500,0.030,0.544,0.426
952000,0.030,0.617,0.353
952500,0.030,0.569,0.401
953000,0.030,0.668,0.302
953500,0.030,0.512,0.458
954000,0.030,0.597,0.373
954500,0.030,0.548,0.422
955000,0.030,0.502,0.468
955500,0.030,0.556,0.414
956000,0.030,0.502,0.468
956500,0.030,0.589,0.381
957000,0.030,0.608,0.362
957500,0.030,0.601,0.369
958000,0.030,0.451,0.519
958500,0.030,0.418,0.552
959000,0.030,0.442,0.528
959500,0.030,0.470,0.500
960000,0.030,0.580,0.390
960500,0.030,0.600,0.370
961000,0.030,0.598,0.372
961500,0.030,0.611,0.359
962000,0.030,0.419,0.551
962500,0.030,0.557,0.413
963000,0.030,0.521,0.449
963500,0.030,0.635,0.335
964000,0.030,0.535,0.435
964500,0.030,0.566,0.404
965000,0.030,0.452,0.518
965500,0.030,0.519,0.451
966000,0.030,0.556,0.414
966500,0.030,0.655,0.315
967000,0.030,0.674,0.296
967500,0.030,0.594,0.376
968000,0.030,0.559,0.411
968500,0.030,0.611,0.359
969000,0.030,0.543,0.427
969500,0.030,0.451,0.519
970000,0.030,0.577,0.393
970500,0.030,0.500,0.470
971000,0.030,0.578,0.392
971500,0.030,0.525,0.445
972000,0.030,0.544,0.426
972500,0.030,0.661,0.309
973000,0.030,0.605,0.365
973500,0.030,0.678,0.292
974000,0.030,0.514,0.456
974500,0.030,0.598,0.372
975000,0.030,0.509,0.461
975500,0.030,0.545,0.425
976000,0.030,0.618,0.352
976500,0.030,0.590,0.380
977000,0.030,0.528,0.442
977500,0.030,0.465,0.505
978000,0.030,0.483,0.487
978500,0.030,0.599,0.371
979000,0.030,0.639,0.331
979500,0.030,0.619,0.351
980000,0.030,0.642,0.328
980500,0.030,0.559,0.411
981000,0.030,0.638,0.332
981500,0.030,0.598,0.372
982000,0.030,0.609,0.361
982500,0.030,0.587,0.383
983000,0.030,0.510,0.460
983500,0.030,0.477,0.493
984000,0.030,0.587,0.383
984500,0.030,0.716,0.254
985000,0.030,0.620,0.350
985500,0.030,0.578,0.392
986000,0.030,0.609,0.361
986500,0.030,0.603,0.367
987000,0.030,0.565,0.405
987500,0.030,0.542,0.428
988000,0.030,0.609,0.361
988500,0.030,0.569,0.401
989000,0.030,0.691,0.279
989500,0.030,0.490,0.480
990000,0.030,0.499,0.471
990500,0.030,0.537,0.433
991000,0.030,0.602,0.368
991500,0.030,0.556,0.414
992000,0.030,0.532,0.438
992500,0.030,0.595,0.375
993000,0.030,0.466,0.504
993500,0.030,0.587,0.383
994000,0.030,0.519,0.451
994500,0.030,0.564,0.406
995000,0.030,0.558,0.412
995500,0.030,0.682,0.288
996000,0.030,0.528,0.442
996500,0.030,0.551,0.419
997000,0.030,0.697,0.273
997500,0.030,0.456,0.514
998000,0.030,0.641,0.329
998500,0.030,0.711,0.259
999000,0.030,0.665,0.305
999500,0.030,0.647,0.323
1000000,0.030,0.667,0.303
