time,n_A+p,n_B,n_AB
100,0.318,0.463,0.219
200,0.244,0.397,0.360
300,0.306,0.360,0.335
400,0.326,0.372,0.302
500,0.331,0.347,0.322
600,0.397,0.343,0.260
700,0.421,0.293,0.285
800,0.438,0.281,0.281
900,0.409,0.277,0.314
1000,0.405,0.260,0.335
1100,0.459,0.240,0.302
1200,0.446,0.244,0.310
1300,0.409,0.252,0.339
1400,0.413,0.256,0.331
1500,0.438,0.248,0.314
1600,0.483,0.202,0.314
1700,0.521,0.161,0.318
1800,0.603,0.136,0.260
1900,0.707,0.083,0.211
2000,0.752,0.066,0.182
2100,0.736,0.050,0.215
2200,0.789,0.041,0.169
2300,0.822,0.041,0.136
2400,0.855,0.033,0.112
2500,0.872,0.029,0.099
2600,0.897,0.017,0.087
2700,0.876,0.012,0.112
2800,0.917,0.008,0.074
2900,0.921,0.008,0.070
3000,0.950,0.008,0.041
3100,0.967,0.008,0.025
3200,0.979,0.008,0.012
3300,0.971,0.004,0.025
3400,0.963,0.004,0.033
3500,0.963,0.004,0.033
3600,0.959,0.004,0.037
3700,0.955,0.004,0.041
3800,0.971,0.004,0.025
3900,0.971,0.017,0.012
4000,0.967,0.012,0.021
4100,0.975,0.008,0.017
4200,0.975,0.004,0.021
4300,0.979,0.004,0.017
4400,0.988,0.004,0.008
4500,0.992,0.004,0.004
4600,0.992,0.004,0.004
4700,0.988,0.000,0.012
4800,0.979,0.000,0.021
4900,0.975,0.000,0.025
5000,0.979,0.000,0.021
5100,0.988,0.000,0.012
5200,0.992,0.000,0.008
5300,0.992,0.000,0.008
5400,0.996,0.000,0.004
5500,0.996,0.000,0.004
5600,0.996,0.000,0.004
5700,0.996,0.000,0.004
5800,0.996,0.000,0.004
5900,0.996,0.000,0.004
6000,0.996,0.000,0.004
6100,0.996,0.000,0.004
6200,1.000,0.000,0.000
