time,n_A+p,n_B,n_AB
500,0.050,0.930,0.020
1000,0.050,0.911,0.039
1500,0.051,0.880,0.069
2000,0.056,0.862,0.082
2500,0.057,0.851,0.092
3000,0.059,0.839,0.102
3500,0.058,0.839,0.103
4000,0.060,0.828,0.112
4500,0.063,0.822,0.115
5000,0.066,0.815,0.119
5500,0.069,0.806,0.125
6000,0.073,0.793,0.134
6500,0.074,0.791,0.135
7000,0.072,0.775,0.153
7500,0.069,0.769,0.162
8000,0.074,0.760,0.166
8500,0.077,0.745,0.178
9000,0.077,0.727,0.196
9500,0.075,0.731,0.194
10000,0.081,0.727,0.192
10500,0.086,0.720,0.194
11000,0.090,0.723,0.187
11500,0.088,0.717,0.195
12000,0.086,0.709,0.205
12500,0.093,0.706,0.201
13000,0.089,0.696,0.215
13500,0.084,0.699,0.217
14000,0.097,0.692,0.211
14500,0.097,0.700,0.203
15000,0.095,0.699,0.206
15500,0.093,0.709,0.198
16000,0.087,0.700,0.213
16500,0.094,0.698,0.208
17000,0.097,0.694,0.209
17500,0.096,0.694,0.210
18000,0.100,0.685,0.215
18500,0.109,0.670,0.221
19000,0.113,0.665,0.222
19500,0.109,0.658,0.233
20000,0.113,0.655,0.232
20500,0.101,0.663,0.236
21000,0.093,0.664,0.243
21500,0.107,0.649,0.244
22000,0.112,0.642,0.246
22500,0.122,0.640,0.238
23000,0.129,0.623,0.248
23500,0.143,0.620,0.237
24000,0.130,0.621,0.249
24500,0.120,0.605,0.275
25000,0.129,0.592,0.279
25500,0.120,0.563,0.317
26000,0.124,0.570,0.306
26500,0.130,0.594,0.276
27000,0.131,0.600,0.269
27500,0.134,0.619,0.247
28000,0.142,0.621,0.237
28500,0.132,0.611,0.257
29000,0.134,0.625,0.241
29500,0.143,0.610,0.247
30000,0.137,0.613,0.250
30500,0.126,0.604,0.270
31000,0.125,0.604,0.271
31500,0.124,0.608,0.268
32000,0.112,0.619,0.269
32500,0.111,0.631,0.258
33000,0.113,0.639,0.248
33500,0.111,0.652,0.237
34000,0.106,0.654,0.240
34500,0.122,0.628,0.250
35000,0.117,0.631,0.252
35500,0.115,0.629,0.256
36000,0.119,0.631,0.250
36500,0.126,0.647,0.227
37000,0.132,0.642,0.226
37500,0.118,0.638,0.244
38000,0.117,0.626,0.257
38500,0.121,0.626,0.253
39000,0.134,0.618,0.248
39500,0.129,0.623,0.248
40000,0.125,0.609,0.266
40500,0.126,0.612,0.262
41000,0.117,0.612,0.271
41500,0.118,0.610,0.272
42000,0.127,0.622,0.251
42500,0.132,0.623,0.245
43000,0.135,0.609,0.256
43500,0.124,0.603,0.273
44000,0.123,0.603,0.274
44500,0.116,0.587,0.297
45000,0.124,0.580,0.296
45500,0.141,0.574,0.285
46000,0.144,0.574,0.282
46500,0.139,0.555,0.306
47000,0.144,0.574,0.282
47500,0.138,0.577,0.285
48000,0.131,0.593,0.276
48500,0.141,0.598,0.261
49000,0.134,0.601,0.265
49500,0.131,0.611,0.258
50000,0.131,0.622,0.247
50500,0.125,0.607,0.268
51000,0.127,0.611,0.262
51500,0.132,0.615,0.253
52000,0.136,0.602,0.262
52500,0.126,0.605,0.269
53000,0.112,0.628,0.260
53500,0.115,0.617,0.268
54000,0.123,0.605,0.272
54500,0.125,0.608,0.267
55000,0.124,0.629,0.247
55500,0.122,0.602,0.276
56000,0.127,0.600,0.273
56500,0.134,0.582,0.284
57000,0.138,0.604,0.258
57500,0.131,0.600,0.269
58000,0.132,0.587,0.281
58500,0.141,0.587,0.272
59000,0.146,0.584,0.270
59500,0.145,0.552,0.303
60000,0.148,0.564,0.288
60500,0.151,0.570,0.279
61000,0.148,0.543,0.309
61500,0.144,0.538,0.318
62000,0.146,0.529,0.325
62500,0.155,0.519,0.326
63000,0.163,0.524,0.313
63500,0.161,0.518,0.321
64000,0.170,0.519,0.311
64500,0.168,0.520,0.312
65000,0.169,0.521,0.310
65500,0.170,0.542,0.288
66000,0.167,0.549,0.284
66500,0.153,0.567,0.280
67000,0.141,0.571,0.288
67500,0.147,0.565,0.288
68000,0.150,0.570,0.280
68500,0.166,0.564,0.270
69000,0.161,0.556,0.283
69500,0.159,0.543,0.298
70000,0.162,0.526,0.312
70500,0.179,0.532,0.289
71000,0.184,0.503,0.313
71500,0.190,0.486,0.324
72000,0.198,0.491,0.311
72500,0.209,0.492,0.299
73000,0.220,0.476,0.304
73500,0.207,0.488,0.305
74000,0.199,0.490,0.311
74500,0.207,0.479,0.314
75000,0.216,0.453,0.331
75500,0.221,0.451,0.328
76000,0.222,0.443,0.335
76500,0.225,0.444,0.331
77000,0.229,0.440,0.331
77500,0.222,0.422,0.356
78000,0.260,0.428,0.312
78500,0.262,0.423,0.315
79000,0.261,0.402,0.337
79500,0.261,0.396,0.343
80000,0.244,0.395,0.361
80500,0.274,0.366,0.360
81000,0.273,0.368,0.359
81500,0.281,0.352,0.367
82000,0.279,0.372,0.349
82500,0.279,0.383,0.338
83000,0.285,0.339,0.376
83500,0.280,0.352,0.368
84000,0.279,0.368,0.353
84500,0.273,0.365,0.362
85000,0.256,0.365,0.379
85500,0.273,0.364,0.363
86000,0.290,0.350,0.360
86500,0.297,0.342,0.361
87000,0.322,0.345,0.333
87500,0.308,0.324,0.368
88000,0.328,0.321,0.351
88500,0.323,0.309,0.368
89000,0.327,0.308,0.365
89500,0.336,0.298,0.366
90000,0.347,0.277,0.376
90500,0.354,0.279,0.367
91000,0.344,0.277,0.379
91500,0.372,0.261,0.367
92000,0.378,0.251,0.371
92500,0.383,0.258,0.359
93000,0.375,0.259,0.366
93500,0.390,0.238,0.372
94000,0.404,0.226,0.370
94500,0.427,0.224,0.349
95000,0.459,0.216,0.325
95500,0.466,0.203,0.331
96000,0.474,0.187,0.339
96500,0.502,0.189,0.309
97000,0.496,0.163,0.341
97500,0.513,0.153,0.334
98000,0.519,0.156,0.325
98500,0.541,0.151,0.308
99000,0.564,0.143,0.293
99500,0.583,0.110,0.307
100000,0.577,0.098,0.325
100500,0.618,0.101,0.281
101000,0.640,0.102,0.258
101500,0.652,0.092,0.256
102000,0.676,0.079,0.245
102500,0.674,0.080,0.246
103000,0.674,0.074,0.252
103500,0.689,0.063,0.248
104000,0.710,0.052,0.238
104500,0.739,0.045,0.216
105000,0.765,0.032,0.203
105500,0.775,0.031,0.194
106000,0.803,0.025,0.172
106500,0.817,0.021,0.162
107000,0.835,0.019,0.146
107500,0.852,0.018,0.130
108000,0.877,0.007,0.116
108500,0.891,0.009,0.100
109000,0.896,0.006,0.098
109500,0.908,0.005,0.087
110000,0.931,0.006,0.063
110500,0.940,0.005,0.055
111000,0.947,0.004,0.049
111500,0.950,0.002,0.048
112000,0.959,0.001,0.040
112500,0.963,0.001,0.036
113000,0.962,0.001,0.037
113500,0.962,0.000,0.038
114000,0.967,0.000,0.033
114500,0.973,0.000,0.027
115000,0.973,0.000,0.027
115500,0.977,0.001,0.022
116000,0.979,0.001,0.020
116500,0.978,0.000,0.022
117000,0.984,0.002,0.014
117500,0.988,0.000,0.012
118000,0.992,0.000,0.008
118500,0.995,0.000,0.005
119000,0.997,0.000,0.003
119500,0.995,0.000,0.005
120000,0.996,0.002,0.002
120500,0.996,0.001,0.003
121000,0.996,0.000,0.004
121500,0.997,0.000,0.003
122000,0.999,0.000,0.001
122500,0.998,0.000,0.002
123000,0.999,0.000,0.001
123500,1.000,0.000,0.000
