time,n_A+p,n_B,n_AB
500,0.080,0.604,0.316
1000,0.081,0.361,0.558
1500,0.087,0.336,0.577
2000,0.088,0.292,0.620
2500,0.086,0.258,0.656
3000,0.084,0.321,0.595
3500,0.081,0.390,0.529
4000,0.102,0.320,0.578
4500,0.088,0.356,0.556
5000,0.081,0.358,0.561
5500,0.080,0.381,0.539
6000,0.080,0.443,0.477
6500,0.090,0.351,0.559
7000,0.080,0.430,0.490
7500,0.080,0.401,0.519
8000,0.080,0.390,0.530
8500,0.093,0.370,0.537
9000,0.082,0.343,0.575
9500,0.081,0.311,0.608
10000,0.093,0.365,0.542
10500,0.080,0.325,0.595
11000,0.094,0.266,0.640
11500,0.086,0.220,0.694
12000,0.408,0.025,0.567
12500,0.915,0.000,0.085
13000,0.985,0.000,0.015
13500,0.991,0.000,0.009
14000,0.999,0.000,0.001
14500,0.999,0.000,0.001
15000,1.000,0.000,0.000
