time,n_A+p,n_B,n_AB
500,0.080,0.708,0.213
1000,0.080,0.493,0.427
1500,0.084,0.353,0.563
2000,0.087,0.307,0.605
2500,0.085,0.255,0.661
3000,0.090,0.180,0.730
3500,0.148,0.151,0.701
4000,0.223,0.072,0.705
4500,0.377,0.015,0.609
5000,0.595,0.002,0.403
5500,0.731,0.000,0.269
6000,0.817,0.000,0.183
6500,0.876,0.000,0.124
7000,0.900,0.000,0.100
7500,0.886,0.000,0.114
8000,0.940,0.000,0.060
8500,0.976,0.000,0.024
9000,0.959,0.000,0.041
9500,0.956,0.000,0.044
10000,0.963,0.000,0.037
10500,0.983,0.000,0.017
11000,0.989,0.000,0.011
11500,0.994,0.000,0.006
12000,0.992,0.000,0.008
12500,0.997,0.000,0.003
13000,1.000,0.000,0.000
13500,1.000,0.000,0.000
