time,n_A+p,n_B,n_AB
100,0.348,0.359,0.293
200,0.424,0.391,0.185
300,0.326,0.478,0.196
400,0.304,0.457,0.239
500,0.293,0.489,0.217
600,0.315,0.446,0.239
700,0.413,0.424,0.163
800,0.500,0.326,0.174
900,0.500,0.239,0.261
1000,0.435,0.239,0.326
1100,0.576,0.152,0.272
1200,0.500,0.130,0.370
1300,0.554,0.196,0.250
1400,0.598,0.098,0.304
1500,0.707,0.120,0.174
1600,0.750,0.087,0.163
1700,0.772,0.065,0.163
1800,0.837,0.043,0.120
1900,0.837,0.022,0.141
2000,0.870,0.000,0.130
2100,0.859,0.033,0.109
2200,0.913,0.011,0.076
2300,0.924,0.000,0.076
2400,0.967,0.000,0.033
2500,0.978,0.000,0.022
2600,1.000,0.000,0.000
