time,n_A+p,n_B,n_AB
1000,0.030,0.853,0.117
2000,0.030,0.678,0.292
3000,0.032,0.481,0.487
4000,0.052,0.325,0.623
5000,0.078,0.226,0.696
6000,0.100,0.174,0.726
7000,0.139,0.129,0.732
8000,0.195,0.089,0.716
9000,0.356,0.016,0.628
10000,0.383,0.006,0.611
11000,0.384,0.016,0.600
12000,0.429,0.006,0.565
13000,0.510,0.001,0.489
14000,0.531,0.004,0.465
15000,0.520,0.003,0.477
16000,0.490,0.000,0.510
17000,0.479,0.010,0.511
18000,0.507,0.000,0.493
19000,0.512,0.005,0.483
20000,0.474,0.001,0.525
21000,0.441,0.007,0.552
22000,0.496,0.005,0.499
23000,0.513,0.001,0.486
24000,0.531,0.005,0.464
25000,0.573,0.003,0.424
26000,0.549,0.000,0.451
27000,0.472,0.009,0.519
28000,0.364,0.028,0.608
29000,0.407,0.016,0.577
30000,0.463,0.006,0.531
31000,0.436,0.008,0.556
32000,0.464,0.003,0.533
33000,0.407,0.006,0.587
34000,0.409,0.003,0.588
35000,0.457,0.002,0.541
36000,0.425,0.006,0.569
37000,0.465,0.005,0.530
38000,0.391,0.009,0.600
39000,0.426,0.003,0.571
40000,0.511,0.000,0.489
41000,0.471,0.000,0.529
42000,0.394,0.003,0.603
43000,0.370,0.025,0.605
44000,0.354,0.013,0.633
45000,0.359,0.023,0.618
46000,0.403,0.008,0.589
47000,0.488,0.007,0.505
48000,0.505,0.001,0.494
49000,0.511,0.000,0.489
50000,0.458,0.007,0.535
51000,0.437,0.010,0.553
52000,0.508,0.000,0.492
53000,0.437,0.009,0.554
54000,0.547,0.001,0.452
55000,0.524,0.007,0.469
56000,0.398,0.006,0.596
57000,0.453,0.017,0.530
58000,0.460,0.000,0.540
59000,0.405,0.001,0.594
60000,0.507,0.003,0.490
61000,0.427,0.002,0.571
62000,0.472,0.004,0.524
63000,0.441,0.002,0.557
64000,0.451,0.006,0.543
65000,0.464,0.008,0.528
66000,0.507,0.002,0.491
67000,0.473,0.005,0.522
68000,0.414,0.000,0.586
69000,0.412,0.003,0.585
70000,0.428,0.016,0.556
71000,0.422,0.013,0.565
72000,0.457,0.000,0.543
73000,0.455,0.003,0.542
74000,0.446,0.007,0.547
75000,0.385,0.013,0.602
76000,0.393,0.012,0.595
77000,0.410,0.016,0.574
78000,0.352,0.018,0.630
79000,0.400,0.015,0.585
80000,0.527,0.005,0.468
81000,0.504,0.001,0.495
82000,0.526,0.002,0.472
83000,0.514,0.000,0.486
84000,0.477,0.000,0.523
85000,0.445,0.003,0.552
86000,0.406,0.007,0.587
87000,0.412,0.008,0.580
88000,0.420,0.016,0.564
89000,0.418,0.005,0.577
90000,0.465,0.006,0.529
91000,0.411,0.002,0.587
92000,0.408,0.018,0.574
93000,0.418,0.009,0.573
94000,0.387,0.010,0.603
95000,0.516,0.004,0.480
96000,0.468,0.005,0.527
97000,0.490,0.001,0.509
98000,0.467,0.008,0.525
99000,0.561,0.001,0.438
100000,0.603,0.002,0.395
101000,0.516,0.006,0.478
102000,0.568,0.004,0.428
103000,0.500,0.008,0.492
104000,0.523,0.006,0.471
105000,0.548,0.000,0.452
106000,0.448,0.001,0.551
107000,0.454,0.006,0.540
108000,0.474,0.002,0.524
109000,0.458,0.014,0.528
110000,0.479,0.010,0.511
111000,0.524,0.004,0.472
112000,0.496,0.005,0.499
113000,0.518,0.000,0.482
114000,0.514,0.000,0.486
115000,0.385,0.009,0.606
116000,0.358,0.021,0.621
117000,0.370,0.015,0.615
118000,0.414,0.019,0.567
119000,0.420,0.011,0.569
120000,0.477,0.001,0.522
121000,0.552,0.000,0.448
122000,0.486,0.000,0.514
123000,0.528,0.002,0.470
124000,0.446,0.003,0.551
125000,0.463,0.008,0.529
126000,0.496,0.008,0.496
127000,0.444,0.002,0.554
128000,0.464,0.004,0.532
129000,0.431,0.006,0.563
130000,0.402,0.003,0.595
131000,0.400,0.017,0.583
132000,0.427,0.005,0.568
133000,0.435,0.007,0.558
134000,0.499,0.001,0.500
135000,0.498,0.000,0.502
136000,0.550,0.000,0.450
137000,0.599,0.002,0.399
138000,0.561,0.000,0.439
139000,0.581,0.000,0.419
140000,0.472,0.015,0.513
141000,0.485,0.005,0.510
142000,0.464,0.001,0.535
143000,0.427,0.001,0.572
144000,0.417,0.006,0.577
145000,0.439,0.003,0.558
146000,0.465,0.003,0.532
147000,0.472,0.001,0.527
148000,0.457,0.004,0.539
149000,0.483,0.007,0.510
150000,0.500,0.000,0.500
151000,0.459,0.004,0.537
152000,0.458,0.008,0.534
153000,0.509,0.004,0.487
154000,0.469,0.005,0.526
155000,0.434,0.010,0.556
156000,0.488,0.008,0.504
157000,0.512,0.000,0.488
158000,0.447,0.002,0.551
159000,0.363,0.014,0.623
160000,0.434,0.012,0.554
161000,0.433,0.001,0.566
162000,0.520,0.001,0.479
163000,0.494,0.007,0.499
164000,0.523,0.001,0.476
165000,0.515,0.007,0.478
166000,0.504,0.002,0.494
167000,0.570,0.000,0.430
168000,0.461,0.001,0.538
169000,0.438,0.004,0.558
170000,0.519,0.003,0.478
171000,0.481,0.000,0.519
172000,0.467,0.003,0.530
173000,0.578,0.001,0.421
174000,0.559,0.000,0.441
175000,0.492,0.005,0.503
176000,0.459,0.000,0.541
177000,0.475,0.005,0.520
178000,0.466,0.002,0.532
179000,0.486,0.007,0.507
180000,0.513,0.000,0.487
181000,0.430,0.008,0.562
182000,0.476,0.003,0.521
183000,0.451,0.003,0.546
184000,0.571,0.003,0.426
185000,0.503,0.000,0.497
186000,0.507,0.003,0.490
187000,0.498,0.001,0.501
188000,0.539,0.000,0.461
189000,0.530,0.000,0.470
190000,0.491,0.002,0.507
191000,0.445,0.002,0.553
192000,0.440,0.008,0.552
193000,0.445,0.007,0.548
194000,0.459,0.003,0.538
195000,0.545,0.002,0.453
196000,0.406,0.012,0.582
197000,0.459,0.008,0.533
198000,0.463,0.009,0.528
199000,0.454,0.000,0.546
200000,0.435,0.004,0.561
201000,0.444,0.006,0.550
202000,0.459,0.011,0.530
203000,0.381,0.016,0.603
204000,0.462,0.006,0.532
205000,0.445,0.004,0.551
206000,0.489,0.003,0.508
207000,0.431,0.009,0.560
208000,0.455,0.003,0.542
209000,0.450,0.006,0.544
210000,0.454,0.004,0.542
211000,0.414,0.007,0.579
212000,0.486,0.004,0.510
213000,0.433,0.007,0.560
214000,0.406,0.005,0.589
215000,0.446,0.018,0.536
216000,0.526,0.001,0.473
217000,0.535,0.000,0.465
218000,0.487,0.000,0.513
219000,0.576,0.005,0.419
220000,0.504,0.012,0.484
221000,0.391,0.011,0.598
222000,0.431,0.004,0.565
223000,0.424,0.019,0.557
224000,0.497,0.000,0.503
225000,0.450,0.000,0.550
226000,0.542,0.000,0.458
227000,0.585,0.000,0.415
228000,0.470,0.000,0.530
229000,0.385,0.007,0.608
230000,0.396,0.023,0.581
231000,0.284,0.031,0.685
232000,0.371,0.013,0.616
233000,0.423,0.005,0.572
234000,0.468,0.008,0.524
235000,0.485,0.004,0.511
236000,0.521,0.008,0.471
237000,0.439,0.003,0.558
238000,0.519,0.004,0.477
239000,0.517,0.000,0.483
240000,0.488,0.003,0.509
241000,0.548,0.001,0.451
242000,0.551,0.004,0.445
243000,0.577,0.004,0.419
244000,0.613,0.000,0.387
245000,0.597,0.000,0.403
246000,0.519,0.000,0.481
247000,0.415,0.011,0.574
248000,0.425,0.008,0.567
249000,0.479,0.010,0.511
250000,0.462,0.020,0.518
251000,0.430,0.015,0.555
252000,0.452,0.004,0.544
253000,0.492,0.010,0.498
254000,0.453,0.000,0.547
255000,0.455,0.011,0.534
256000,0.471,0.002,0.527
257000,0.463,0.001,0.536
258000,0.479,0.000,0.521
259000,0.495,0.001,0.504
260000,0.449,0.006,0.545
261000,0.499,0.000,0.501
262000,0.538,0.000,0.462
263000,0.529,0.000,0.471
264000,0.529,0.001,0.470
265000,0.463,0.004,0.533
266000,0.491,0.003,0.506
267000,0.519,0.002,0.479
268000,0.579,0.000,0.421
269000,0.502,0.000,0.498
270000,0.556,0.004,0.440
271000,0.454,0.007,0.539
272000,0.468,0.011,0.521
273000,0.484,0.000,0.516
274000,0.412,0.029,0.559
275000,0.437,0.007,0.556
276000,0.488,0.004,0.508
277000,0.465,0.003,0.532
278000,0.498,0.007,0.495
279000,0.432,0.011,0.557
280000,0.439,0.004,0.557
281000,0.448,0.001,0.551
282000,0.474,0.000,0.526
283000,0.495,0.005,0.500
284000,0.496,0.000,0.504
285000,0.532,0.006,0.462
286000,0.501,0.007,0.492
287000,0.434,0.001,0.565
288000,0.447,0.002,0.551
289000,0.541,0.001,0.458
290000,0.466,0.009,0.525
291000,0.448,0.014,0.538
292000,0.493,0.008,0.499
293000,0.532,0.005,0.463
294000,0.529,0.001,0.470
295000,0.500,0.006,0.494
296000,0.511,0.007,0.482
297000,0.452,0.004,0.544
298000,0.464,0.003,0.533
299000,0.470,0.012,0.518
300000,0.528,0.001,0.471
301000,0.414,0.009,0.577
302000,0.406,0.009,0.585
303000,0.456,0.011,0.533
304000,0.514,0.001,0.485
305000,0.536,0.002,0.462
306000,0.527,0.000,0.473
307000,0.519,0.008,0.473
308000,0.518,0.000,0.482
309000,0.472,0.007,0.521
310000,0.410,0.007,0.583
311000,0.485,0.006,0.509
312000,0.472,0.010,0.518
313000,0.434,0.013,0.553
314000,0.460,0.002,0.538
315000,0.423,0.013,0.564
316000,0.444,0.000,0.556
317000,0.509,0.007,0.484
318000,0.463,0.006,0.531
319000,0.504,0.011,0.485
320000,0.508,0.004,0.488
321000,0.528,0.004,0.468
322000,0.511,0.007,0.482
323000,0.471,0.010,0.519
324000,0.428,0.005,0.567
325000,0.466,0.005,0.529
326000,0.447,0.000,0.553
327000,0.448,0.001,0.551
328000,0.510,0.000,0.490
329000,0.449,0.004,0.547
330000,0.417,0.007,0.576
331000,0.420,0.017,0.563
332000,0.452,0.006,0.542
333000,0.490,0.001,0.509
334000,0.574,0.000,0.426
335000,0.539,0.002,0.459
336000,0.474,0.006,0.520
337000,0.426,0.004,0.570
338000,0.483,0.003,0.514
339000,0.433,0.006,0.561
340000,0.538,0.006,0.456
341000,0.506,0.009,0.485
342000,0.509,0.003,0.488
343000,0.508,0.009,0.483
344000,0.513,0.003,0.484
345000,0.487,0.001,0.512
346000,0.541,0.006,0.453
347000,0.535,0.007,0.458
348000,0.476,0.004,0.520
349000,0.459,0.005,0.536
350000,0.533,0.004,0.463
351000,0.496,0.002,0.502
352000,0.529,0.004,0.467
353000,0.519,0.000,0.481
354000,0.561,0.001,0.438
355000,0.502,0.002,0.496
356000,0.526,0.005,0.469
357000,0.533,0.004,0.463
358000,0.545,0.001,0.454
359000,0.503,0.004,0.493
360000,0.481,0.005,0.514
361000,0.492,0.005,0.503
362000,0.519,0.002,0.479
363000,0.521,0.005,0.474
364000,0.526,0.000,0.474
365000,0.551,0.000,0.449
366000,0.519,0.011,0.470
367000,0.512,0.002,0.486
368000,0.531,0.000,0.469
369000,0.500,0.004,0.496
370000,0.485,0.003,0.512
371000,0.542,0.000,0.458
372000,0.532,0.003,0.465
373000,0.530,0.004,0.466
374000,0.547,0.008,0.445
375000,0.496,0.003,0.501
376000,0.493,0.000,0.507
377000,0.558,0.000,0.442
378000,0.545,0.006,0.449
379000,0.445,0.008,0.547
380000,0.481,0.010,0.509
381000,0.442,0.002,0.556
382000,0.502,0.002,0.496
383000,0.524,0.002,0.474
384000,0.420,0.000,0.580
385000,0.404,0.017,0.579
386000,0.412,0.015,0.573
387000,0.505,0.001,0.494
388000,0.515,0.001,0.484
389000,0.496,0.000,0.504
390000,0.569,0.000,0.431
391000,0.631,0.001,0.368
392000,0.563,0.004,0.433
393000,0.556,0.006,0.438
394000,0.506,0.016,0.478
395000,0.553,0.005,0.442
396000,0.434,0.000,0.566
397000,0.459,0.000,0.541
398000,0.511,0.000,0.489
399000,0.536,0.004,0.460
400000,0.540,0.000,0.460
401000,0.492,0.003,0.505
402000,0.472,0.006,0.522
403000,0.493,0.002,0.505
404000,0.484,0.002,0.514
405000,0.378,0.016,0.606
406000,0.330,0.032,0.638
407000,0.436,0.004,0.560
408000,0.527,0.005,0.468
409000,0.530,0.000,0.470
410000,0.458,0.004,0.538
411000,0.476,0.016,0.508
412000,0.433,0.005,0.562
413000,0.394,0.011,0.595
414000,0.376,0.018,0.606
415000,0.398,0.002,0.600
416000,0.493,0.012,0.495
417000,0.569,0.003,0.428
418000,0.480,0.009,0.511
419000,0.445,0.002,0.553
420000,0.504,0.007,0.489
421000,0.449,0.016,0.535
422000,0.480,0.002,0.518
423000,0.466,0.003,0.531
424000,0.469,0.009,0.522
425000,0.440,0.009,0.551
426000,0.479,0.002,0.519
427000,0.424,0.004,0.572
428000,0.470,0.000,0.530
429000,0.445,0.005,0.550
430000,0.464,0.010,0.526
431000,0.510,0.009,0.481
432000,0.540,0.000,0.460
433000,0.533,0.001,0.466
434000,0.517,0.002,0.481
435000,0.541,0.007,0.452
436000,0.483,0.000,0.517
437000,0.544,0.002,0.454
438000,0.483,0.003,0.514
439000,0.493,0.001,0.506
440000,0.426,0.010,0.564
441000,0.368,0.018,0.614
442000,0.391,0.011,0.598
443000,0.434,0.002,0.564
444000,0.478,0.000,0.522
445000,0.515,0.006,0.479
446000,0.461,0.001,0.538
447000,0.447,0.002,0.551
448000,0.486,0.006,0.508
449000,0.363,0.014,0.623
450000,0.409,0.007,0.584
451000,0.443,0.011,0.546
452000,0.471,0.010,0.519
453000,0.411,0.005,0.584
454000,0.414,0.007,0.579
455000,0.535,0.006,0.459
456000,0.489,0.005,0.506
457000,0.460,0.007,0.533
458000,0.458,0.002,0.540
459000,0.474,0.008,0.518
460000,0.510,0.006,0.484
461000,0.546,0.002,0.452
462000,0.616,0.001,0.383
463000,0.567,0.000,0.433
464000,0.550,0.000,0.450
465000,0.487,0.002,0.511
466000,0.430,0.008,0.562
467000,0.423,0.000,0.577
468000,0.521,0.000,0.479
469000,0.496,0.002,0.502
470000,0.484,0.000,0.516
471000,0.505,0.003,0.492
472000,0.412,0.013,0.575
473000,0.353,0.009,0.638
474000,0.476,0.008,0.516
475000,0.458,0.003,0.539
476000,0.576,0.000,0.424
477000,0.597,0.000,0.403
478000,0.537,0.005,0.458
479000,0.481,0.002,0.517
480000,0.483,0.006,0.511
481000,0.477,0.001,0.522
482000,0.536,0.002,0.462
483000,0.552,0.003,0.445
484000,0.500,0.006,0.494
485000,0.465,0.011,0.524
486000,0.477,0.000,0.523
487000,0.464,0.005,0.531
488000,0.466,0.007,0.527
489000,0.522,0.000,0.478
490000,0.535,0.005,0.460
491000,0.538,0.000,0.462
492000,0.530,0.000,0.470
493000,0.522,0.000,0.478
494000,0.507,0.002,0.491
495000,0.450,0.003,0.547
496000,0.453,0.003,0.544
497000,0.467,0.001,0.532
498000,0.539,0.002,0.459
499000,0.521,0.000,0.479
500000,0.397,0.011,0.592
501000,0.418,0.003,0.579
502000,0.422,0.019,0.559
503000,0.516,0.002,0.482
504000,0.494,0.003,0.503
505000,0.546,0.005,0.449
506000,0.512,0.000,0.488
507000,0.422,0.000,0.578
508000,0.432,0.010,0.558
509000,0.418,0.006,0.576
510000,0.420,0.004,0.576
511000,0.476,0.001,0.523
512000,0.505,0.005,0.490
513000,0.500,0.000,0.500
514000,0.477,0.005,0.518
515000,0.487,0.004,0.509
516000,0.453,0.014,0.533
517000,0.372,0.006,0.622
518000,0.361,0.027,0.612
519000,0.394,0.011,0.595
520000,0.378,0.010,0.612
521000,0.442,0.002,0.556
522000,0.433,0.002,0.565
523000,0.434,0.009,0.557
524000,0.450,0.015,0.535
525000,0.389,0.001,0.610
526000,0.449,0.014,0.537
527000,0.526,0.003,0.471
528000,0.562,0.001,0.437
529000,0.519,0.000,0.481
530000,0.500,0.000,0.500
531000,0.547,0.001,0.452
532000,0.465,0.000,0.535
533000,0.453,0.010,0.537
534000,0.525,0.003,0.472
535000,0.468,0.002,0.530
536000,0.530,0.006,0.464
537000,0.432,0.009,0.559
538000,0.468,0.005,0.527
539000,0.515,0.001,0.484
540000,0.409,0.004,0.587
541000,0.404,0.017,0.579
542000,0.335,0.026,0.639
543000,0.384,0.019,0.597
544000,0.433,0.007,0.560
545000,0.524,0.000,0.476
546000,0.517,0.000,0.483
547000,0.520,0.000,0.480
548000,0.502,0.004,0.494
549000,0.506,0.004,0.490
550000,0.509,0.011,0.480
551000,0.479,0.000,0.521
552000,0.436,0.013,0.551
553000,0.482,0.003,0.515
554000,0.420,0.006,0.574
555000,0.439,0.003,0.558
556000,0.528,0.004,0.468
557000,0.461,0.001,0.538
558000,0.537,0.000,0.463
559000,0.554,0.000,0.446
560000,0.582,0.000,0.418
561000,0.451,0.006,0.543
562000,0.378,0.016,0.606
563000,0.508,0.005,0.487
564000,0.525,0.001,0.474
565000,0.554,0.005,0.441
566000,0.573,0.000,0.427
567000,0.613,0.000,0.387
568000,0.562,0.008,0.430
569000,0.611,0.000,0.389
570000,0.570,0.000,0.430
571000,0.546,0.007,0.447
572000,0.501,0.004,0.495
573000,0.540,0.000,0.460
574000,0.468,0.000,0.532
575000,0.522,0.001,0.477
576000,0.611,0.000,0.389
577000,0.506,0.001,0.493
578000,0.480,0.000,0.520
579000,0.444,0.013,0.543
580000,0.458,0.006,0.536
581000,0.451,0.011,0.538
582000,0.467,0.004,0.529
583000,0.461,0.003,0.536
584000,0.481,0.003,0.516
585000,0.459,0.004,0.537
586000,0.492,0.002,0.506
587000,0.495,0.006,0.499
588000,0.532,0.000,0.468
589000,0.511,0.001,0.488
590000,0.543,0.000,0.457
591000,0.479,0.006,0.515
592000,0.514,0.004,0.482
593000,0.491,0.001,0.508
594000,0.437,0.005,0.558
595000,0.377,0.022,0.601
596000,0.353,0.015,0.632
597000,0.472,0.008,0.520
598000,0.483,0.006,0.511
599000,0.428,0.015,0.557
600000,0.409,0.011,0.580
601000,0.494,0.002,0.504
602000,0.496,0.004,0.500
603000,0.451,0.004,0.545
604000,0.415,0.008,0.577
605000,0.378,0.022,0.600
606000,0.451,0.009,0.540
607000,0.469,0.000,0.531
608000,0.451,0.007,0.542
609000,0.417,0.016,0.567
610000,0.374,0.002,0.624
611000,0.498,0.003,0.499
612000,0.489,0.000,0.511
613000,0.534,0.000,0.466
614000,0.464,0.006,0.530
615000,0.445,0.007,0.548
616000,0.494,0.005,0.501
617000,0.511,0.000,0.489
618000,0.477,0.000,0.523
619000,0.458,0.007,0.535
620000,0.516,0.000,0.484
621000,0.544,0.005,0.451
622000,0.498,0.008,0.494
623000,0.451,0.007,0.542
624000,0.457,0.002,0.541
625000,0.401,0.009,0.590
626000,0.446,0.010,0.544
627000,0.435,0.004,0.561
628000,0.434,0.006,0.560
629000,0.498,0.001,0.501
630000,0.413,0.012,0.575
631000,0.427,0.008,0.565
632000,0.440,0.003,0.557
633000,0.429,0.005,0.566
634000,0.489,0.003,0.508
635000,0.413,0.012,0.575
636000,0.474,0.021,0.505
637000,0.430,0.002,0.568
638000,0.481,0.002,0.517
639000,0.505,0.001,0.494
640000,0.497,0.006,0.497
641000,0.501,0.005,0.494
642000,0.432,0.010,0.558
643000,0.448,0.008,0.544
644000,0.514,0.002,0.484
645000,0.477,0.000,0.523
646000,0.512,0.002,0.486
647000,0.549,0.000,0.451
648000,0.581,0.000,0.419
649000,0.466,0.012,0.522
650000,0.468,0.003,0.529
651000,0.472,0.003,0.525
652000,0.528,0.001,0.471
653000,0.499,0.005,0.496
654000,0.496,0.001,0.503
655000,0.455,0.006,0.539
656000,0.497,0.006,0.497
657000,0.570,0.002,0.428
658000,0.568,0.000,0.432
659000,0.563,0.001,0.436
660000,0.492,0.007,0.501
661000,0.394,0.003,0.603
662000,0.385,0.014,0.601
663000,0.308,0.033,0.659
664000,0.357,0.021,0.622
665000,0.416,0.007,0.577
666000,0.492,0.006,0.502
667000,0.416,0.008,0.576
668000,0.407,0.010,0.583
669000,0.438,0.002,0.560
670000,0.435,0.026,0.539
671000,0.447,0.013,0.540
672000,0.426,0.006,0.568
673000,0.485,0.003,0.512
674000,0.451,0.002,0.547
675000,0.497,0.000,0.503
676000,0.471,0.003,0.526
677000,0.510,0.003,0.487
678000,0.448,0.000,0.552
679000,0.364,0.021,0.615
680000,0.383,0.019,0.598
681000,0.465,0.012,0.523
682000,0.416,0.017,0.567
683000,0.509,0.003,0.488
684000,0.376,0.009,0.615
685000,0.404,0.016,0.580
686000,0.456,0.002,0.542
687000,0.541,0.004,0.455
688000,0.476,0.005,0.519
689000,0.444,0.010,0.546
690000,0.457,0.014,0.529
691000,0.435,0.007,0.558
692000,0.542,0.003,0.455
693000,0.480,0.003,0.517
694000,0.498,0.001,0.501
695000,0.519,0.001,0.480
696000,0.438,0.003,0.559
697000,0.421,0.006,0.573
698000,0.499,0.003,0.498
699000,0.544,0.001,0.455
700000,0.500,0.000,0.500
701000,0.478,0.004,0.518
702000,0.526,0.002,0.472
703000,0.543,0.000,0.457
704000,0.557,0.001,0.442
705000,0.491,0.002,0.507
706000,0.601,0.001,0.398
707000,0.518,0.000,0.482
708000,0.493,0.002,0.505
709000,0.466,0.006,0.528
710000,0.440,0.000,0.560
711000,0.488,0.009,0.503
712000,0.528,0.000,0.472
713000,0.493,0.000,0.507
714000,0.410,0.006,0.584
715000,0.488,0.004,0.508
716000,0.516,0.014,0.470
717000,0.436,0.009,0.555
718000,0.546,0.001,0.453
719000,0.435,0.017,0.548
720000,0.483,0.010,0.507
721000,0.434,0.014,0.552
722000,0.514,0.009,0.477
723000,0.553,0.000,0.447
724000,0.582,0.000,0.418
725000,0.507,0.001,0.492
726000,0.505,0.000,0.495
727000,0.451,0.003,0.546
728000,0.438,0.003,0.559
729000,0.447,0.007,0.546
730000,0.389,0.011,0.600
731000,0.445,0.007,0.548
732000,0.384,0.012,0.604
733000,0.407,0.015,0.578
734000,0.452,0.001,0.547
735000,0.512,0.006,0.482
736000,0.528,0.000,0.472
737000,0.531,0.009,0.460
738000,0.460,0.005,0.535
739000,0.523,0.001,0.476
740000,0.458,0.009,0.533
741000,0.445,0.004,0.551
742000,0.503,0.009,0.488
743000,0.537,0.012,0.451
744000,0.562,0.002,0.436
745000,0.534,0.003,0.463
746000,0.507,0.000,0.493
747000,0.472,0.000,0.528
748000,0.524,0.002,0.474
749000,0.474,0.007,0.519
750000,0.487,0.005,0.508
751000,0.466,0.008,0.526
752000,0.513,0.002,0.485
753000,0.463,0.006,0.531
754000,0.450,0.003,0.547
755000,0.501,0.003,0.496
756000,0.503,0.003,0.494
757000,0.459,0.017,0.524
758000,0.411,0.015,0.574
759000,0.465,0.008,0.527
760000,0.438,0.010,0.552
761000,0.371,0.018,0.611
762000,0.331,0.009,0.660
763000,0.356,0.024,0.620
764000,0.405,0.027,0.568
765000,0.403,0.020,0.577
766000,0.419,0.014,0.567
767000,0.427,0.003,0.570
768000,0.435,0.014,0.551
769000,0.437,0.010,0.553
770000,0.448,0.011,0.541
771000,0.443,0.014,0.543
772000,0.457,0.001,0.542
773000,0.490,0.006,0.504
774000,0.458,0.001,0.541
775000,0.480,0.008,0.512
776000,0.552,0.001,0.447
777000,0.491,0.003,0.506
778000,0.525,0.007,0.468
779000,0.539,0.000,0.461
780000,0.427,0.010,0.563
781000,0.385,0.015,0.600
782000,0.404,0.013,0.583
783000,0.424,0.004,0.572
784000,0.441,0.007,0.552
785000,0.457,0.009,0.534
786000,0.422,0.000,0.578
787000,0.462,0.008,0.530
788000,0.417,0.016,0.567
789000,0.422,0.010,0.568
790000,0.389,0.019,0.592
791000,0.452,0.003,0.545
792000,0.487,0.005,0.508
793000,0.497,0.002,0.501
794000,0.476,0.005,0.519
795000,0.513,0.005,0.482
796000,0.542,0.002,0.456
797000,0.523,0.004,0.473
798000,0.499,0.007,0.494
799000,0.459,0.009,0.532
800000,0.456,0.001,0.543
801000,0.471,0.003,0.526
802000,0.504,0.007,0.489
803000,0.464,0.000,0.536
804000,0.482,0.004,0.514
805000,0.410,0.011,0.579
806000,0.457,0.008,0.535
807000,0.471,0.011,0.518
808000,0.476,0.003,0.521
809000,0.442,0.008,0.550
810000,0.514,0.009,0.477
811000,0.544,0.005,0.451
812000,0.537,0.003,0.460
813000,0.433,0.012,0.555
814000,0.381,0.000,0.619
815000,0.408,0.001,0.591
816000,0.491,0.001,0.508
817000,0.413,0.011,0.576
818000,0.429,0.024,0.547
819000,0.442,0.004,0.554
820000,0.482,0.001,0.517
821000,0.454,0.004,0.542
822000,0.495,0.004,0.501
823000,0.475,0.004,0.521
824000,0.528,0.001,0.471
825000,0.507,0.000,0.493
826000,0.509,0.001,0.490
827000,0.571,0.000,0.429
828000,0.574,0.000,0.426
829000,0.535,0.000,0.465
830000,0.523,0.006,0.471
831000,0.482,0.000,0.518
832000,0.481,0.001,0.518
833000,0.525,0.000,0.475
834000,0.515,0.000,0.485
835000,0.493,0.001,0.506
836000,0.482,0.003,0.515
837000,0.487,0.004,0.509
838000,0.482,0.005,0.513
839000,0.507,0.000,0.493
840000,0.488,0.014,0.498
841000,0.500,0.003,0.497
842000,0.504,0.006,0.490
843000,0.549,0.001,0.450
844000,0.451,0.009,0.540
845000,0.438,0.011,0.551
846000,0.456,0.000,0.544
847000,0.478,0.008,0.514
848000,0.404,0.016,0.580
849000,0.412,0.007,0.581
850000,0.511,0.002,0.487
851000,0.474,0.007,0.519
852000,0.510,0.003,0.487
853000,0.393,0.004,0.603
854000,0.363,0.014,0.623
855000,0.417,0.007,0.576
856000,0.470,0.001,0.529
857000,0.484,0.012,0.504
858000,0.498,0.005,0.497
859000,0.436,0.005,0.559
860000,0.472,0.001,0.527
861000,0.475,0.000,0.525
862000,0.483,0.008,0.509
863000,0.511,0.000,0.489
864000,0.547,0.006,0.447
865000,0.481,0.003,0.516
866000,0.485,0.001,0.514
867000,0.498,0.000,0.502
868000,0.487,0.003,0.510
869000,0.531,0.002,0.467
870000,0.456,0.009,0.535
871000,0.486,0.002,0.512
872000,0.452,0.011,0.537
873000,0.382,0.016,0.602
874000,0.401,0.013,0.586
875000,0.391,0.011,0.598
876000,0.464,0.008,0.528
877000,0.496,0.001,0.503
878000,0.508,0.005,0.487
879000,0.505,0.006,0.489
880000,0.448,0.002,0.550
881000,0.506,0.013,0.481
882000,0.486,0.002,0.512
883000,0.451,0.007,0.542
884000,0.514,0.005,0.481
885000,0.518,0.000,0.482
886000,0.501,0.007,0.492
887000,0.435,0.009,0.556
888000,0.416,0.008,0.576
889000,0.440,0.000,0.560
890000,0.429,0.004,0.567
891000,0.444,0.006,0.550
892000,0.502,0.003,0.495
893000,0.584,0.000,0.416
894000,0.533,0.000,0.467
895000,0.470,0.001,0.529
896000,0.467,0.004,0.529
897000,0.437,0.012,0.551
898000,0.441,0.002,0.557
899000,0.377,0.014,0.609
900000,0.356,0.020,0.624
901000,0.426,0.010,0.564
902000,0.480,0.001,0.519
903000,0.476,0.005,0.519
904000,0.520,0.005,0.475
905000,0.476,0.005,0.519
906000,0.402,0.007,0.591
907000,0.419,0.013,0.568
908000,0.448,0.009,0.543
909000,0.445,0.001,0.554
910000,0.415,0.012,0.573
911000,0.406,0.005,0.589
912000,0.500,0.001,0.499
913000,0.438,0.007,0.555
914000,0.424,0.010,0.566
915000,0.480,0.008,0.512
916000,0.478,0.000,0.522
917000,0.454,0.004,0.542
918000,0.448,0.003,0.549
919000,0.420,0.006,0.574
920000,0.516,0.007,0.477
921000,0.536,0.000,0.464
922000,0.538,0.000,0.462
923000,0.468,0.001,0.531
924000,0.545,0.001,0.454
925000,0.459,0.000,0.541
926000,0.479,0.006,0.515
927000,0.488,0.008,0.504
928000,0.437,0.001,0.562
929000,0.500,0.000,0.500
930000,0.560,0.000,0.440
931000,0.480,0.002,0.518
932000,0.556,0.001,0.443
933000,0.507,0.000,0.493
934000,0.442,0.008,0.550
935000,0.523,0.001,0.476
936000,0.568,0.001,0.431
937000,0.514,0.008,0.478
938000,0.512,0.003,0.485
939000,0.471,0.000,0.529
940000,0.472,0.011,0.517
941000,0.481,0.010,0.509
942000,0.457,0.012,0.531
943000,0.478,0.003,0.519
944000,0.461,0.008,0.531
945000,0.409,0.003,0.588
946000,0.470,0.004,0.526
947000,0.445,0.000,0.555
948000,0.475,0.007,0.518
949000,0.432,0.007,0.561
950000,0.453,0.003,0.544
951000,0.506,0.008,0.486
952000,0.519,0.004,0.477
953000,0.466,0.001,0.533
954000,0.472,0.014,0.514
955000,0.412,0.014,0.574
956000,0.421,0.003,0.576
957000,0.464,0.007,0.529
958000,0.431,0.006,0.563
959000,0.436,0.016,0.548
960000,0.351,0.009,0.640
961000,0.423,0.005,0.572
962000,0.421,0.012,0.567
963000,0.422,0.010,0.568
964000,0.483,0.002,0.515
965000,0.504,0.003,0.493
966000,0.474,0.003,0.523
967000,0.464,0.004,0.532
968000,0.550,0.000,0.450
969000,0.473,0.000,0.527
970000,0.460,0.003,0.537
971000,0.413,0.009,0.578
972000,0.514,0.011,0.475
973000,0.526,0.007,0.467
974000,0.448,0.003,0.549
975000,0.454,0.001,0.545
976000,0.433,0.008,0.559
977000,0.341,0.024,0.635
978000,0.391,0.016,0.593
979000,0.373,0.016,0.611
980000,0.342,0.029,0.629
981000,0.369,0.011,0.620
982000,0.392,0.006,0.602
983000,0.446,0.000,0.554
984000,0.506,0.007,0.487
985000,0.543,0.005,0.452
986000,0.484,0.001,0.515
987000,0.463,0.001,0.536
988000,0.492,0.002,0.506
989000,0.450,0.019,0.531
990000,0.417,0.007,0.576
991000,0.393,0.007,0.600
992000,0.377,0.021,0.602
993000,0.427,0.010,0.563
994000,0.477,0.006,0.517
995000,0.507,0.001,0.492
996000,0.494,0.014,0.492
997000,0.456,0.007,0.537
998000,0.427,0.013,0.560
999000,0.443,0.007,0.550
1000000,0.432,0.012,0.556
