time,n_A+p,n_B,n_AB
0,0.449,0.551,0.000
500,0.374,0.481,0.145
1000,0.349,0.465,0.186
1500,0.341,0.429,0.230
2000,0.342,0.425,0.233
2500,0.330,0.423,0.247
3000,0.363,0.403,0.234
3500,0.349,0.438,0.212
4000,0.322,0.421,0.257
4500,0.332,0.413,0.255
5000,0.361,0.414,0.226
5500,0.334,0.412,0.254
6000,0.338,0.418,0.244
6500,0.321,0.411,0.269
7000,0.332,0.406,0.263
7500,0.300,0.437,0.263
8000,0.288,0.435,0.277
8500,0.266,0.464,0.271
9000,0.263,0.479,0.258
9500,0.244,0.489,0.267
10000,0.239,0.517,0.244
10500,0.230,0.521,0.249
11000,0.233,0.486,0.281
11500,0.246,0.510,0.244
12000,0.212,0.524,0.264
12500,0.217,0.545,0.238
13000,0.198,0.542,0.259
13500,0.199,0.543,0.257
14000,0.210,0.509,0.281
14500,0.200,0.517,0.283
15000,0.202,0.528,0.270
15500,0.196,0.542,0.261
16000,0.192,0.577,0.231
16500,0.187,0.565,0.248
17000,0.209,0.555,0.236
17500,0.208,0.556,0.236
18000,0.202,0.546,0.251
18500,0.193,0.564,0.243
19000,0.188,0.557,0.255
19500,0.180,0.563,0.257
20000,0.184,0.558,0.258
20500,0.212,0.546,0.241
21000,0.212,0.551,0.237
21500,0.199,0.561,0.240
22000,0.205,0.565,0.230
22500,0.197,0.558,0.245
23000,0.204,0.555,0.241
23500,0.247,0.515,0.238
24000,0.249,0.530,0.221
24500,0.236,0.531,0.233
25000,0.221,0.539,0.240
25500,0.216,0.544,0.240
26000,0.212,0.519,0.269
26500,0.195,0.569,0.236
27000,0.211,0.545,0.243
27500,0.233,0.526,0.241
28000,0.218,0.521,0.261
28500,0.205,0.520,0.275
29000,0.197,0.520,0.283
29500,0.220,0.484,0.296
30000,0.183,0.489,0.328
30500,0.186,0.540,0.274
31000,0.221,0.515,0.265
31500,0.190,0.542,0.268
32000,0.177,0.569,0.254
32500,0.181,0.580,0.239
33000,0.162,0.565,0.273
33500,0.164,0.604,0.232
34000,0.171,0.554,0.276
34500,0.171,0.554,0.276
35000,0.179,0.551,0.271
35500,0.178,0.570,0.252
36000,0.161,0.586,0.252
36500,0.142,0.637,0.221
37000,0.136,0.647,0.218
37500,0.137,0.660,0.203
38000,0.139,0.658,0.203
38500,0.169,0.649,0.183
39000,0.159,0.619,0.222
39500,0.143,0.587,0.270
40000,0.145,0.608,0.247
40500,0.147,0.623,0.230
41000,0.144,0.614,0.242
41500,0.145,0.600,0.255
42000,0.140,0.628,0.232
42500,0.159,0.626,0.215
43000,0.159,0.608,0.233
43500,0.149,0.601,0.250
44000,0.138,0.616,0.246
44500,0.145,0.600,0.255
45000,0.171,0.590,0.239
45500,0.184,0.576,0.240
46000,0.183,0.601,0.217
46500,0.162,0.603,0.235
47000,0.176,0.597,0.228
47500,0.179,0.599,0.223
48000,0.169,0.605,0.227
48500,0.171,0.601,0.229
49000,0.186,0.567,0.247
49500,0.194,0.572,0.234
50000,0.155,0.638,0.206
50500,0.143,0.629,0.228
51000,0.139,0.638,0.223
51500,0.152,0.629,0.219
52000,0.140,0.645,0.216
52500,0.164,0.628,0.207
53000,0.172,0.625,0.203
53500,0.178,0.587,0.235
54000,0.185,0.579,0.236
54500,0.169,0.589,0.242
55000,0.175,0.574,0.251
55500,0.188,0.582,0.230
56000,0.193,0.564,0.243
56500,0.185,0.555,0.260
57000,0.212,0.534,0.253
57500,0.219,0.514,0.268
58000,0.224,0.516,0.260
58500,0.240,0.513,0.247
59000,0.223,0.512,0.266
59500,0.222,0.513,0.266
60000,0.221,0.513,0.267
60500,0.207,0.515,0.278
61000,0.210,0.524,0.266
61500,0.203,0.529,0.268
62000,0.190,0.543,0.267
62500,0.187,0.552,0.261
63000,0.196,0.528,0.276
63500,0.195,0.519,0.286
64000,0.193,0.547,0.259
64500,0.185,0.544,0.271
65000,0.188,0.517,0.295
65500,0.183,0.538,0.279
66000,0.177,0.549,0.275
66500,0.182,0.552,0.267
67000,0.185,0.547,0.268
67500,0.180,0.566,0.254
68000,0.158,0.591,0.250
68500,0.162,0.586,0.251
69000,0.162,0.581,0.256
69500,0.175,0.582,0.243
70000,0.189,0.576,0.235
70500,0.184,0.556,0.260
71000,0.182,0.582,0.236
71500,0.187,0.587,0.226
72000,0.171,0.590,0.239
72500,0.182,0.608,0.210
73000,0.191,0.562,0.247
73500,0.170,0.568,0.263
74000,0.172,0.566,0.263
74500,0.155,0.598,0.247
75000,0.147,0.614,0.239
75500,0.135,0.638,0.227
76000,0.128,0.674,0.198
76500,0.147,0.656,0.197
77000,0.137,0.659,0.204
77500,0.144,0.591,0.265
78000,0.152,0.613,0.235
78500,0.164,0.619,0.217
79000,0.158,0.598,0.244
79500,0.175,0.564,0.261
80000,0.188,0.550,0.263
80500,0.192,0.541,0.267
81000,0.175,0.556,0.270
81500,0.175,0.534,0.291
82000,0.187,0.514,0.299
82500,0.174,0.497,0.329
83000,0.165,0.503,0.332
83500,0.177,0.508,0.316
84000,0.178,0.506,0.317
84500,0.169,0.499,0.332
85000,0.178,0.517,0.305
85500,0.192,0.497,0.311
86000,0.200,0.514,0.286
86500,0.224,0.468,0.308
87000,0.229,0.482,0.289
87500,0.250,0.433,0.317
88000,0.240,0.446,0.314
88500,0.233,0.461,0.306
89000,0.241,0.445,0.314
89500,0.242,0.441,0.317
90000,0.272,0.427,0.301
90500,0.258,0.429,0.313
91000,0.256,0.436,0.307
91500,0.231,0.450,0.319
92000,0.231,0.456,0.314
92500,0.255,0.418,0.327
93000,0.246,0.418,0.336
93500,0.269,0.422,0.309
94000,0.289,0.396,0.315
94500,0.317,0.365,0.319
95000,0.317,0.372,0.312
95500,0.301,0.383,0.316
96000,0.297,0.385,0.318
96500,0.269,0.396,0.335
97000,0.271,0.382,0.347
97500,0.306,0.368,0.326
98000,0.276,0.402,0.322
98500,0.302,0.367,0.331
99000,0.305,0.363,0.332
99500,0.288,0.368,0.344
100000,0.326,0.341,0.333
100500,0.290,0.377,0.333
101000,0.274,0.392,0.334
101500,0.266,0.388,0.346
102000,0.254,0.428,0.318
102500,0.204,0.469,0.327
103000,0.184,0.494,0.322
103500,0.194,0.476,0.330
104000,0.201,0.481,0.318
104500,0.176,0.493,0.331
105000,0.169,0.499,0.332
105500,0.157,0.496,0.346
106000,0.150,0.516,0.334
106500,0.176,0.496,0.328
107000,0.159,0.498,0.342
107500,0.171,0.498,0.331
108000,0.196,0.475,0.329
108500,0.235,0.470,0.295
109000,0.203,0.479,0.318
109500,0.169,0.494,0.337
110000,0.173,0.506,0.322
110500,0.190,0.514,0.296
111000,0.196,0.517,0.287
111500,0.206,0.521,0.273
112000,0.176,0.551,0.274
112500,0.176,0.538,0.286
113000,0.201,0.515,0.284
113500,0.162,0.533,0.304
114000,0.151,0.549,0.300
114500,0.153,0.556,0.291
115000,0.137,0.587,0.276
115500,0.135,0.581,0.284
116000,0.131,0.592,0.277
116500,0.143,0.591,0.266
117000,0.152,0.582,0.266
117500,0.131,0.581,0.288
118000,0.126,0.610,0.265
118500,0.122,0.614,0.265
119000,0.138,0.590,0.272
119500,0.130,0.586,0.284
120000,0.130,0.607,0.264
120500,0.125,0.594,0.281
121000,0.124,0.584,0.292
121500,0.115,0.597,0.288
122000,0.110,0.574,0.316
122500,0.114,0.579,0.306
123000,0.123,0.563,0.315
123500,0.125,0.574,0.301
124000,0.141,0.576,0.283
124500,0.152,0.586,0.261
125000,0.136,0.566,0.298
125500,0.136,0.578,0.286
126000,0.124,0.603,0.274
126500,0.126,0.593,0.281
127000,0.133,0.610,0.257
127500,0.157,0.599,0.244
128000,0.142,0.593,0.265
128500,0.168,0.562,0.271
129000,0.165,0.530,0.304
129500,0.190,0.526,0.284
130000,0.160,0.551,0.289
130500,0.161,0.547,0.291
131000,0.165,0.538,0.296
131500,0.172,0.519,0.309
132000,0.186,0.530,0.284
132500,0.192,0.512,0.296
133000,0.203,0.489,0.307
133500,0.229,0.481,0.290
134000,0.197,0.497,0.305
134500,0.212,0.473,0.315
135000,0.208,0.473,0.319
135500,0.185,0.479,0.336
136000,0.216,0.472,0.313
136500,0.202,0.474,0.324
137000,0.206,0.480,0.314
137500,0.185,0.480,0.335
138000,0.191,0.503,0.306
138500,0.196,0.475,0.329
139000,0.190,0.492,0.318
139500,0.182,0.482,0.336
140000,0.193,0.478,0.329
140500,0.188,0.499,0.313
141000,0.201,0.495,0.303
141500,0.189,0.478,0.333
142000,0.216,0.457,0.328
142500,0.215,0.447,0.338
143000,0.202,0.480,0.318
143500,0.174,0.522,0.304
144000,0.202,0.470,0.328
144500,0.185,0.472,0.343
145000,0.174,0.492,0.334
145500,0.181,0.498,0.321
146000,0.181,0.506,0.314
146500,0.180,0.475,0.345
147000,0.189,0.473,0.338
147500,0.191,0.498,0.311
148000,0.182,0.481,0.337
148500,0.185,0.477,0.338
149000,0.181,0.485,0.334
149500,0.181,0.482,0.337
150000,0.183,0.478,0.339
150500,0.215,0.459,0.327
151000,0.230,0.431,0.339
151500,0.224,0.423,0.353
152000,0.221,0.438,0.341
152500,0.225,0.433,0.342
153000,0.219,0.439,0.342
153500,0.276,0.392,0.332
154000,0.300,0.377,0.323
154500,0.272,0.381,0.347
155000,0.277,0.339,0.384
155500,0.285,0.345,0.370
156000,0.270,0.327,0.403
156500,0.308,0.317,0.375
157000,0.291,0.342,0.367
157500,0.278,0.355,0.367
158000,0.297,0.350,0.352
158500,0.282,0.370,0.348
159000,0.267,0.380,0.353
159500,0.271,0.380,0.349
160000,0.302,0.342,0.355
160500,0.301,0.365,0.334
161000,0.300,0.364,0.336
161500,0.284,0.361,0.355
162000,0.288,0.352,0.360
162500,0.255,0.385,0.360
163000,0.243,0.397,0.360
163500,0.268,0.386,0.346
164000,0.292,0.373,0.335
164500,0.265,0.395,0.340
165000,0.238,0.402,0.360
165500,0.220,0.428,0.352
166000,0.225,0.415,0.361
166500,0.237,0.410,0.353
167000,0.251,0.370,0.379
167500,0.257,0.394,0.348
168000,0.263,0.394,0.343
168500,0.263,0.381,0.356
169000,0.288,0.383,0.329
169500,0.263,0.408,0.330
170000,0.261,0.412,0.327
170500,0.268,0.400,0.332
171000,0.268,0.402,0.330
171500,0.250,0.443,0.306
172000,0.234,0.454,0.313
172500,0.242,0.466,0.292
173000,0.239,0.449,0.312
173500,0.239,0.453,0.308
174000,0.240,0.434,0.326
174500,0.242,0.434,0.324
175000,0.250,0.415,0.335
175500,0.255,0.409,0.336
176000,0.279,0.372,0.349
176500,0.279,0.389,0.332
177000,0.257,0.371,0.372
177500,0.238,0.392,0.370
178000,0.285,0.387,0.328
178500,0.268,0.389,0.343
179000,0.260,0.378,0.362
179500,0.227,0.426,0.347
180000,0.221,0.436,0.343
180500,0.243,0.439,0.318
181000,0.230,0.427,0.343
181500,0.245,0.399,0.355
182000,0.223,0.426,0.351
182500,0.220,0.447,0.333
183000,0.210,0.441,0.348
183500,0.208,0.474,0.318
184000,0.198,0.515,0.287
184500,0.208,0.489,0.302
185000,0.245,0.454,0.301
185500,0.229,0.456,0.316
186000,0.204,0.475,0.321
186500,0.219,0.457,0.325
187000,0.225,0.432,0.343
187500,0.238,0.462,0.300
188000,0.230,0.431,0.339
188500,0.246,0.408,0.346
189000,0.259,0.387,0.353
189500,0.274,0.366,0.361
190000,0.272,0.358,0.371
190500,0.264,0.362,0.375
191000,0.287,0.340,0.373
191500,0.307,0.331,0.362
192000,0.309,0.308,0.382
192500,0.344,0.317,0.339
193000,0.374,0.299,0.327
193500,0.359,0.306,0.335
194000,0.394,0.292,0.314
194500,0.387,0.271,0.342
195000,0.384,0.261,0.354
195500,0.393,0.261,0.345
196000,0.408,0.251,0.341
196500,0.428,0.258,0.314
197000,0.432,0.241,0.327
197500,0.425,0.241,0.334
198000,0.441,0.248,0.311
198500,0.413,0.245,0.342
199000,0.425,0.248,0.327
199500,0.426,0.234,0.340
200000,0.431,0.228,0.341
200500,0.378,0.245,0.377
201000,0.378,0.268,0.354
201500,0.379,0.256,0.365
202000,0.389,0.255,0.355
202500,0.391,0.275,0.334
203000,0.372,0.279,0.349
203500,0.379,0.280,0.341
204000,0.391,0.265,0.344
204500,0.381,0.277,0.342
205000,0.330,0.321,0.349
205500,0.300,0.320,0.380
206000,0.290,0.349,0.361
206500,0.302,0.363,0.335
207000,0.276,0.369,0.355
207500,0.290,0.342,0.368
208000,0.316,0.354,0.330
208500,0.318,0.331,0.351
209000,0.304,0.331,0.365
209500,0.344,0.305,0.350
210000,0.333,0.318,0.349
210500,0.320,0.328,0.352
211000,0.320,0.345,0.335
211500,0.316,0.336,0.348
212000,0.322,0.344,0.334
212500,0.297,0.341,0.362
213000,0.278,0.362,0.361
213500,0.271,0.379,0.350
214000,0.263,0.361,0.377
214500,0.254,0.398,0.347
215000,0.269,0.376,0.355
215500,0.249,0.379,0.372
216000,0.270,0.375,0.355
216500,0.292,0.361,0.347
217000,0.321,0.349,0.330
217500,0.306,0.356,0.337
218000,0.280,0.400,0.320
218500,0.280,0.397,0.323
219000,0.297,0.412,0.291
219500,0.328,0.379,0.293
220000,0.312,0.339,0.349
220500,0.319,0.336,0.345
221000,0.323,0.366,0.312
221500,0.305,0.393,0.301
222000,0.294,0.395,0.311
222500,0.296,0.402,0.301
223000,0.283,0.426,0.291
223500,0.307,0.389,0.303
224000,0.340,0.346,0.314
224500,0.340,0.340,0.320
225000,0.334,0.341,0.325
225500,0.353,0.351,0.295
226000,0.345,0.353,0.301
226500,0.323,0.371,0.306
227000,0.323,0.363,0.315
227500,0.332,0.313,0.355
228000,0.364,0.302,0.334
228500,0.337,0.305,0.358
229000,0.327,0.303,0.370
229500,0.331,0.302,0.367
230000,0.356,0.301,0.342
230500,0.377,0.300,0.323
231000,0.369,0.298,0.333
231500,0.376,0.283,0.341
232000,0.387,0.286,0.327
232500,0.373,0.285,0.342
233000,0.375,0.300,0.325
233500,0.347,0.294,0.359
234000,0.363,0.293,0.344
234500,0.375,0.264,0.362
235000,0.395,0.253,0.351
235500,0.366,0.282,0.352
236000,0.352,0.284,0.364
236500,0.371,0.280,0.349
237000,0.350,0.280,0.370
237500,0.318,0.318,0.365
238000,0.331,0.286,0.383
238500,0.339,0.306,0.354
239000,0.317,0.318,0.366
239500,0.296,0.329,0.375
240000,0.343,0.302,0.354
240500,0.335,0.308,0.356
241000,0.337,0.315,0.348
241500,0.339,0.297,0.364
242000,0.343,0.279,0.378
242500,0.350,0.274,0.376
243000,0.305,0.306,0.388
243500,0.329,0.298,0.373
244000,0.332,0.297,0.371
244500,0.308,0.317,0.375
245000,0.290,0.301,0.409
245500,0.303,0.326,0.371
246000,0.304,0.331,0.365
246500,0.289,0.337,0.374
247000,0.283,0.340,0.377
247500,0.313,0.352,0.335
248000,0.275,0.347,0.378
248500,0.291,0.336,0.373
249000,0.299,0.325,0.376
249500,0.299,0.331,0.370
250000,0.296,0.319,0.385
250500,0.272,0.331,0.397
251000,0.291,0.343,0.366
251500,0.241,0.374,0.385
252000,0.247,0.353,0.399
252500,0.259,0.359,0.382
253000,0.265,0.355,0.380
253500,0.261,0.331,0.408
254000,0.282,0.336,0.382
254500,0.270,0.367,0.364
255000,0.293,0.363,0.344
255500,0.319,0.352,0.329
256000,0.325,0.327,0.348
256500,0.343,0.328,0.329
257000,0.335,0.311,0.354
257500,0.322,0.328,0.350
258000,0.306,0.331,0.363
258500,0.312,0.323,0.366
259000,0.328,0.337,0.335
259500,0.315,0.321,0.365
260000,0.334,0.311,0.355
260500,0.305,0.347,0.347
261000,0.314,0.339,0.347
261500,0.318,0.343,0.339
262000,0.304,0.353,0.342
262500,0.285,0.371,0.344
263000,0.274,0.366,0.361
263500,0.284,0.352,0.364
264000,0.296,0.343,0.361
264500,0.265,0.367,0.369
265000,0.299,0.352,0.348
265500,0.304,0.342,0.353
266000,0.286,0.366,0.348
266500,0.303,0.324,0.373
267000,0.315,0.325,0.361
267500,0.319,0.317,0.365
268000,0.287,0.345,0.368
268500,0.263,0.360,0.378
269000,0.263,0.354,0.383
269500,0.289,0.343,0.368
270000,0.251,0.368,0.381
270500,0.269,0.344,0.387
271000,0.297,0.345,0.358
271500,0.284,0.352,0.364
272000,0.271,0.344,0.385
272500,0.258,0.409,0.333
273000,0.240,0.444,0.316
273500,0.271,0.396,0.333
274000,0.302,0.356,0.341
274500,0.317,0.333,0.350
275000,0.319,0.307,0.374
275500,0.315,0.304,0.381
276000,0.343,0.300,0.356
276500,0.331,0.312,0.358
277000,0.320,0.338,0.342
277500,0.289,0.381,0.330
278000,0.303,0.351,0.345
278500,0.299,0.363,0.338
279000,0.321,0.338,0.341
279500,0.332,0.314,0.354
280000,0.338,0.317,0.345
280500,0.312,0.333,0.355
281000,0.302,0.354,0.343
281500,0.302,0.341,0.356
282000,0.317,0.338,0.345
282500,0.309,0.341,0.349
283000,0.312,0.319,0.370
283500,0.309,0.322,0.369
284000,0.300,0.313,0.387
284500,0.306,0.324,0.370
285000,0.301,0.318,0.381
285500,0.321,0.305,0.374
286000,0.313,0.316,0.372
286500,0.300,0.335,0.365
287000,0.312,0.322,0.367
287500,0.299,0.326,0.375
288000,0.291,0.347,0.362
288500,0.329,0.317,0.354
289000,0.328,0.337,0.335
289500,0.284,0.374,0.342
290000,0.282,0.371,0.347
290500,0.270,0.371,0.360
291000,0.276,0.390,0.334
291500,0.249,0.393,0.358
292000,0.235,0.393,0.372
292500,0.241,0.408,0.351
293000,0.233,0.408,0.360
293500,0.251,0.397,0.351
294000,0.231,0.399,0.370
294500,0.250,0.393,0.356
295000,0.284,0.366,0.350
295500,0.250,0.376,0.374
296000,0.241,0.406,0.353
296500,0.232,0.412,0.356
297000,0.238,0.410,0.352
297500,0.241,0.394,0.365
298000,0.229,0.424,0.347
298500,0.212,0.433,0.354
299000,0.194,0.437,0.369
299500,0.201,0.450,0.348
300000,0.197,0.464,0.339
300500,0.197,0.454,0.349
301000,0.173,0.491,0.336
301500,0.187,0.502,0.312
302000,0.193,0.508,0.299
302500,0.190,0.495,0.315
303000,0.174,0.494,0.332
303500,0.153,0.524,0.323
304000,0.157,0.545,0.297
304500,0.186,0.514,0.300
305000,0.180,0.503,0.318
305500,0.200,0.469,0.331
306000,0.199,0.442,0.359
306500,0.218,0.455,0.328
307000,0.204,0.461,0.335
307500,0.188,0.464,0.348
308000,0.174,0.497,0.329
308500,0.156,0.538,0.305
309000,0.151,0.539,0.309
309500,0.148,0.551,0.301
310000,0.143,0.535,0.322
310500,0.149,0.546,0.304
311000,0.154,0.550,0.296
311500,0.147,0.572,0.281
312000,0.145,0.554,0.301
312500,0.146,0.536,0.318
313000,0.159,0.521,0.320
313500,0.157,0.535,0.307
314000,0.160,0.533,0.306
314500,0.146,0.560,0.294
315000,0.161,0.547,0.291
315500,0.152,0.538,0.309
316000,0.146,0.567,0.287
316500,0.145,0.570,0.285
317000,0.145,0.546,0.308
317500,0.147,0.544,0.308
318000,0.180,0.528,0.292
318500,0.169,0.514,0.318
319000,0.165,0.486,0.348
319500,0.168,0.521,0.312
320000,0.162,0.527,0.311
320500,0.160,0.541,0.298
321000,0.172,0.523,0.305
321500,0.153,0.538,0.308
322000,0.156,0.546,0.297
322500,0.131,0.557,0.313
323000,0.131,0.556,0.314
323500,0.130,0.562,0.308
324000,0.128,0.580,0.292
324500,0.133,0.576,0.291
325000,0.124,0.599,0.278
325500,0.129,0.604,0.268
326000,0.130,0.593,0.277
326500,0.121,0.590,0.289
327000,0.126,0.569,0.305
327500,0.127,0.593,0.280
328000,0.124,0.600,0.277
328500,0.109,0.613,0.278
329000,0.128,0.589,0.283
329500,0.116,0.597,0.287
330000,0.135,0.605,0.260
330500,0.120,0.603,0.278
331000,0.125,0.593,0.282
331500,0.127,0.618,0.255
332000,0.117,0.636,0.246
332500,0.123,0.623,0.254
333000,0.116,0.612,0.272
333500,0.125,0.606,0.270
334000,0.112,0.614,0.274
334500,0.124,0.590,0.286
335000,0.131,0.568,0.301
335500,0.144,0.556,0.300
336000,0.144,0.578,0.278
336500,0.136,0.564,0.300
337000,0.113,0.584,0.302
337500,0.140,0.555,0.305
338000,0.155,0.530,0.315
338500,0.150,0.520,0.330
339000,0.187,0.511,0.302
339500,0.154,0.546,0.299
340000,0.175,0.526,0.299
340500,0.171,0.527,0.302
341000,0.200,0.492,0.307
341500,0.236,0.476,0.288
342000,0.224,0.480,0.296
342500,0.253,0.431,0.316
343000,0.231,0.444,0.325
343500,0.186,0.478,0.336
344000,0.200,0.491,0.308
344500,0.221,0.426,0.353
345000,0.184,0.460,0.356
345500,0.199,0.476,0.325
346000,0.196,0.481,0.323
346500,0.184,0.487,0.329
347000,0.177,0.501,0.323
347500,0.188,0.528,0.284
348000,0.198,0.516,0.286
348500,0.194,0.527,0.279
349000,0.216,0.519,0.266
349500,0.209,0.526,0.265
350000,0.207,0.502,0.291
350500,0.208,0.465,0.327
351000,0.202,0.482,0.316
351500,0.176,0.515,0.309
352000,0.155,0.523,0.322
352500,0.175,0.503,0.323
353000,0.172,0.523,0.305
353500,0.191,0.515,0.294
354000,0.179,0.513,0.308
354500,0.185,0.491,0.324
355000,0.159,0.501,0.340
355500,0.156,0.483,0.361
356000,0.177,0.453,0.371
356500,0.181,0.456,0.364
357000,0.189,0.464,0.347
357500,0.204,0.445,0.350
358000,0.221,0.446,0.333
358500,0.206,0.445,0.348
359000,0.221,0.442,0.337
359500,0.229,0.400,0.371
360000,0.269,0.397,0.334
360500,0.218,0.403,0.379
361000,0.225,0.426,0.349
361500,0.225,0.417,0.359
362000,0.217,0.418,0.366
362500,0.234,0.434,0.332
363000,0.236,0.416,0.348
363500,0.241,0.423,0.336
364000,0.250,0.401,0.348
364500,0.257,0.401,0.341
365000,0.287,0.386,0.327
365500,0.273,0.399,0.328
366000,0.252,0.411,0.337
366500,0.246,0.379,0.375
367000,0.226,0.377,0.397
367500,0.268,0.371,0.362
368000,0.305,0.339,0.355
368500,0.287,0.315,0.398
369000,0.292,0.325,0.383
369500,0.272,0.353,0.375
370000,0.244,0.387,0.369
370500,0.232,0.407,0.362
371000,0.229,0.410,0.362
371500,0.228,0.396,0.376
372000,0.244,0.388,0.368
372500,0.235,0.377,0.388
373000,0.272,0.358,0.371
373500,0.290,0.347,0.363
374000,0.279,0.366,0.355
374500,0.251,0.382,0.367
375000,0.227,0.385,0.388
375500,0.235,0.378,0.387
376000,0.242,0.374,0.384
376500,0.240,0.397,0.363
377000,0.248,0.360,0.392
377500,0.254,0.366,0.380
378000,0.243,0.416,0.341
378500,0.235,0.419,0.346
379000,0.232,0.441,0.327
379500,0.301,0.374,0.325
380000,0.293,0.377,0.330
380500,0.273,0.385,0.342
381000,0.237,0.401,0.362
381500,0.248,0.384,0.368
382000,0.232,0.420,0.348
382500,0.255,0.407,0.338
383000,0.257,0.375,0.368
383500,0.290,0.350,0.360
384000,0.315,0.346,0.339
384500,0.287,0.358,0.355
385000,0.311,0.338,0.351
385500,0.328,0.348,0.324
386000,0.327,0.317,0.356
386500,0.327,0.309,0.364
387000,0.366,0.282,0.352
387500,0.344,0.278,0.378
388000,0.337,0.281,0.382
388500,0.341,0.312,0.347
389000,0.330,0.314,0.356
389500,0.336,0.297,0.367
390000,0.336,0.335,0.329
390500,0.328,0.326,0.346
391000,0.337,0.308,0.354
391500,0.309,0.321,0.370
392000,0.309,0.323,0.368
392500,0.299,0.342,0.359
393000,0.312,0.339,0.349
393500,0.303,0.339,0.358
394000,0.290,0.354,0.355
394500,0.303,0.326,0.371
395000,0.297,0.320,0.383
395500,0.306,0.336,0.358
396000,0.283,0.332,0.385
396500,0.305,0.327,0.368
397000,0.283,0.354,0.363
397500,0.277,0.356,0.367
398000,0.291,0.334,0.375
398500,0.277,0.359,0.365
399000,0.258,0.370,0.372
399500,0.283,0.371,0.346
400000,0.281,0.340,0.379
400500,0.299,0.337,0.364
401000,0.347,0.298,0.354
401500,0.371,0.282,0.347
402000,0.400,0.273,0.327
402500,0.366,0.282,0.352
403000,0.352,0.307,0.340
403500,0.351,0.307,0.341
404000,0.312,0.318,0.371
404500,0.337,0.317,0.346
405000,0.363,0.288,0.349
405500,0.376,0.272,0.352
406000,0.388,0.279,0.333
406500,0.350,0.298,0.351
407000,0.346,0.297,0.356
407500,0.329,0.306,0.365
408000,0.326,0.303,0.371
408500,0.313,0.304,0.383
409000,0.306,0.321,0.373
409500,0.301,0.320,0.379
410000,0.309,0.318,0.373
410500,0.330,0.297,0.373
411000,0.327,0.293,0.380
411500,0.308,0.315,0.377
412000,0.278,0.349,0.373
412500,0.295,0.331,0.374
413000,0.311,0.326,0.364
413500,0.325,0.293,0.382
414000,0.315,0.291,0.394
414500,0.326,0.297,0.377
415000,0.346,0.295,0.359
415500,0.335,0.288,0.377
416000,0.316,0.279,0.406
416500,0.329,0.282,0.389
417000,0.299,0.345,0.355
417500,0.273,0.379,0.348
418000,0.245,0.401,0.353
418500,0.229,0.410,0.362
419000,0.244,0.402,0.353
419500,0.219,0.424,0.358
420000,0.209,0.409,0.382
420500,0.219,0.436,0.345
421000,0.204,0.436,0.360
421500,0.209,0.433,0.358
422000,0.203,0.459,0.338
422500,0.199,0.460,0.341
423000,0.196,0.485,0.319
423500,0.182,0.483,0.335
424000,0.193,0.450,0.356
424500,0.207,0.437,0.355
425000,0.186,0.456,0.359
425500,0.203,0.427,0.370
426000,0.191,0.435,0.374
426500,0.196,0.460,0.344
427000,0.176,0.470,0.354
427500,0.194,0.482,0.324
428000,0.193,0.485,0.322
428500,0.181,0.497,0.322
429000,0.193,0.503,0.304
429500,0.174,0.520,0.306
430000,0.166,0.512,0.322
430500,0.152,0.538,0.309
431000,0.152,0.550,0.298
431500,0.145,0.547,0.307
432000,0.161,0.541,0.297
432500,0.150,0.545,0.304
433000,0.137,0.579,0.284
433500,0.147,0.573,0.280
434000,0.145,0.569,0.286
434500,0.139,0.561,0.300
435000,0.135,0.556,0.309
435500,0.137,0.562,0.301
436000,0.127,0.563,0.311
436500,0.134,0.551,0.316
437000,0.127,0.565,0.308
437500,0.151,0.542,0.306
438000,0.143,0.553,0.304
438500,0.146,0.532,0.322
439000,0.175,0.512,0.314
439500,0.194,0.505,0.301
440000,0.174,0.527,0.299
440500,0.184,0.504,0.313
441000,0.181,0.506,0.314
441500,0.174,0.506,0.321
442000,0.164,0.512,0.324
442500,0.194,0.501,0.305
443000,0.194,0.498,0.307
443500,0.172,0.489,0.339
444000,0.158,0.523,0.319
444500,0.146,0.544,0.309
445000,0.141,0.547,0.312
445500,0.148,0.542,0.309
446000,0.151,0.542,0.306
446500,0.173,0.520,0.307
447000,0.163,0.537,0.299
447500,0.154,0.553,0.293
448000,0.135,0.583,0.282
448500,0.145,0.578,0.277
449000,0.138,0.601,0.261
449500,0.173,0.575,0.252
450000,0.159,0.566,0.275
450500,0.145,0.582,0.273
451000,0.130,0.581,0.289
451500,0.136,0.567,0.297
452000,0.145,0.566,0.289
452500,0.154,0.553,0.293
453000,0.179,0.520,0.301
453500,0.169,0.524,0.307
454000,0.194,0.487,0.319
454500,0.203,0.494,0.302
455000,0.187,0.490,0.323
455500,0.190,0.504,0.306
456000,0.166,0.517,0.317
456500,0.169,0.513,0.319
457000,0.152,0.519,0.329
457500,0.155,0.540,0.304
458000,0.154,0.549,0.297
458500,0.150,0.545,0.304
459000,0.151,0.558,0.291
459500,0.151,0.547,0.301
460000,0.152,0.552,0.296
460500,0.153,0.513,0.334
461000,0.168,0.520,0.313
461500,0.186,0.496,0.318
462000,0.176,0.527,0.297
462500,0.172,0.522,0.306
463000,0.158,0.535,0.306
463500,0.131,0.562,0.307
464000,0.134,0.542,0.324
464500,0.157,0.555,0.288
465000,0.162,0.552,0.286
465500,0.152,0.566,0.282
466000,0.152,0.567,0.281
466500,0.147,0.579,0.274
467000,0.172,0.543,0.285
467500,0.169,0.534,0.297
468000,0.147,0.529,0.324
468500,0.144,0.542,0.314
469000,0.139,0.578,0.283
469500,0.136,0.579,0.285
470000,0.116,0.585,0.298
470500,0.113,0.620,0.267
471000,0.110,0.621,0.269
471500,0.109,0.639,0.251
472000,0.103,0.641,0.255
472500,0.093,0.672,0.235
473000,0.087,0.685,0.228
473500,0.085,0.691,0.225
474000,0.082,0.693,0.226
474500,0.079,0.683,0.238
475000,0.082,0.673,0.245
475500,0.096,0.675,0.229
476000,0.103,0.669,0.228
476500,0.095,0.674,0.231
477000,0.088,0.682,0.230
477500,0.097,0.679,0.224
478000,0.086,0.704,0.210
478500,0.090,0.714,0.196
479000,0.085,0.724,0.191
479500,0.079,0.721,0.200
480000,0.068,0.751,0.181
480500,0.070,0.750,0.180
481000,0.060,0.766,0.174
481500,0.063,0.760,0.177
482000,0.065,0.758,0.177
482500,0.063,0.764,0.173
483000,0.061,0.765,0.174
483500,0.061,0.775,0.163
484000,0.058,0.779,0.162
484500,0.065,0.772,0.162
485000,0.060,0.766,0.174
485500,0.056,0.760,0.184
486000,0.064,0.762,0.174
486500,0.068,0.761,0.171
487000,0.079,0.773,0.148
487500,0.066,0.774,0.159
488000,0.079,0.750,0.172
488500,0.079,0.734,0.187
489000,0.066,0.745,0.189
489500,0.063,0.743,0.194
490000,0.079,0.727,0.194
490500,0.079,0.728,0.193
491000,0.072,0.732,0.196
491500,0.059,0.747,0.194
492000,0.056,0.755,0.189
492500,0.047,0.776,0.177
493000,0.061,0.771,0.168
493500,0.061,0.746,0.193
494000,0.064,0.746,0.190
494500,0.060,0.747,0.193
495000,0.058,0.767,0.175
495500,0.058,0.781,0.160
496000,0.070,0.765,0.164
496500,0.078,0.755,0.168
497000,0.067,0.766,0.166
497500,0.066,0.756,0.178
498000,0.075,0.740,0.186
498500,0.074,0.759,0.168
499000,0.069,0.759,0.172
499500,0.058,0.762,0.180
500000,0.058,0.767,0.175
500500,0.060,0.774,0.165
501000,0.056,0.789,0.155
501500,0.053,0.791,0.156
502000,0.051,0.789,0.160
502500,0.068,0.779,0.152
503000,0.059,0.785,0.155
503500,0.054,0.782,0.163
504000,0.055,0.760,0.185
504500,0.080,0.732,0.188
505000,0.085,0.727,0.188
505500,0.069,0.713,0.218
506000,0.077,0.730,0.193
506500,0.068,0.756,0.176
507000,0.066,0.755,0.179
507500,0.058,0.759,0.183
508000,0.055,0.757,0.188
508500,0.049,0.766,0.185
509000,0.065,0.763,0.172
509500,0.059,0.754,0.187
510000,0.065,0.744,0.191
510500,0.065,0.736,0.198
511000,0.063,0.734,0.202
511500,0.069,0.697,0.234
512000,0.086,0.674,0.240
512500,0.078,0.691,0.232
513000,0.091,0.715,0.194
513500,0.083,0.725,0.192
514000,0.082,0.715,0.203
514500,0.070,0.729,0.200
515000,0.065,0.744,0.191
515500,0.073,0.747,0.181
516000,0.069,0.755,0.176
516500,0.070,0.747,0.183
517000,0.061,0.752,0.187
517500,0.073,0.727,0.200
518000,0.063,0.737,0.199
518500,0.059,0.729,0.211
519000,0.074,0.709,0.218
519500,0.077,0.711,0.212
520000,0.077,0.709,0.215
520500,0.072,0.720,0.208
521000,0.075,0.729,0.196
521500,0.062,0.704,0.234
522000,0.067,0.661,0.272
522500,0.079,0.664,0.257
523000,0.095,0.670,0.235
523500,0.120,0.620,0.260
524000,0.118,0.642,0.239
524500,0.121,0.624,0.255
525000,0.131,0.607,0.263
525500,0.111,0.597,0.292
526000,0.121,0.589,0.290
526500,0.154,0.563,0.283
527000,0.143,0.560,0.297
527500,0.183,0.528,0.289
528000,0.141,0.557,0.302
528500,0.139,0.545,0.316
529000,0.154,0.525,0.321
529500,0.163,0.517,0.320
530000,0.143,0.537,0.320
530500,0.121,0.575,0.304
531000,0.126,0.572,0.302
531500,0.115,0.583,0.301
532000,0.105,0.583,0.312
532500,0.097,0.601,0.302
533000,0.091,0.617,0.292
533500,0.076,0.656,0.269
534000,0.073,0.658,0.270
534500,0.073,0.678,0.249
535000,0.065,0.686,0.248
535500,0.080,0.655,0.266
536000,0.108,0.604,0.288
536500,0.101,0.609,0.290
537000,0.141,0.583,0.276
537500,0.144,0.589,0.267
538000,0.137,0.601,0.263
538500,0.117,0.616,0.267
539000,0.114,0.619,0.267
539500,0.124,0.591,0.285
540000,0.115,0.615,0.270
540500,0.114,0.628,0.257
541000,0.103,0.606,0.291
541500,0.124,0.576,0.300
542000,0.099,0.593,0.307
542500,0.100,0.607,0.293
543000,0.070,0.653,0.277
543500,0.078,0.629,0.293
544000,0.084,0.647,0.270
544500,0.082,0.658,0.260
545000,0.074,0.671,0.255
545500,0.068,0.677,0.254
546000,0.066,0.694,0.240
546500,0.078,0.656,0.267
547000,0.099,0.617,0.284
547500,0.114,0.569,0.317
548000,0.116,0.591,0.292
548500,0.124,0.608,0.269
549000,0.105,0.598,0.297
549500,0.103,0.621,0.276
550000,0.089,0.624,0.287
550500,0.086,0.652,0.263
551000,0.091,0.656,0.253
551500,0.088,0.659,0.253
552000,0.090,0.654,0.256
552500,0.088,0.644,0.269
553000,0.087,0.646,0.268
553500,0.101,0.653,0.246
554000,0.087,0.650,0.264
554500,0.098,0.620,0.282
555000,0.086,0.625,0.289
555500,0.088,0.636,0.276
556000,0.091,0.640,0.269
556500,0.089,0.638,0.273
557000,0.102,0.645,0.253
557500,0.110,0.631,0.258
558000,0.128,0.606,0.267
558500,0.116,0.580,0.303
559000,0.169,0.551,0.281
559500,0.158,0.553,0.289
560000,0.171,0.538,0.291
560500,0.157,0.550,0.293
561000,0.151,0.575,0.274
561500,0.154,0.575,0.271
562000,0.150,0.573,0.277
562500,0.147,0.564,0.289
563000,0.170,0.539,0.291
563500,0.178,0.532,0.290
564000,0.181,0.509,0.311
564500,0.185,0.530,0.285
565000,0.173,0.503,0.325
565500,0.190,0.508,0.302
566000,0.189,0.487,0.324
566500,0.211,0.476,0.313
567000,0.229,0.455,0.317
567500,0.213,0.445,0.341
568000,0.200,0.466,0.334
568500,0.226,0.465,0.309
569000,0.225,0.483,0.292
569500,0.209,0.470,0.321
570000,0.196,0.482,0.322
570500,0.206,0.482,0.312
571000,0.197,0.501,0.302
571500,0.197,0.466,0.337
572000,0.193,0.453,0.354
572500,0.205,0.453,0.342
573000,0.209,0.470,0.321
573500,0.181,0.475,0.344
574000,0.206,0.469,0.325
574500,0.213,0.471,0.316
575000,0.200,0.462,0.338
575500,0.193,0.488,0.319
576000,0.172,0.475,0.353
576500,0.212,0.443,0.344
577000,0.218,0.439,0.343
577500,0.264,0.392,0.344
578000,0.249,0.403,0.347
578500,0.260,0.396,0.343
579000,0.281,0.374,0.345
579500,0.265,0.377,0.359
580000,0.286,0.363,0.351
580500,0.301,0.374,0.325
581000,0.298,0.386,0.316
581500,0.287,0.371,0.342
582000,0.272,0.396,0.332
582500,0.279,0.375,0.346
583000,0.275,0.361,0.365
583500,0.266,0.374,0.361
584000,0.247,0.389,0.364
584500,0.241,0.392,0.367
585000,0.217,0.432,0.351
585500,0.197,0.458,0.345
586000,0.195,0.468,0.337
586500,0.199,0.473,0.328
587000,0.177,0.489,0.334
587500,0.178,0.505,0.318
588000,0.170,0.504,0.327
588500,0.174,0.485,0.341
589000,0.186,0.485,0.329
589500,0.176,0.479,0.345
590000,0.185,0.482,0.333
590500,0.186,0.483,0.331
591000,0.211,0.478,0.311
591500,0.194,0.484,0.322
592000,0.210,0.445,0.344
592500,0.201,0.443,0.355
593000,0.211,0.450,0.338
593500,0.220,0.451,0.329
594000,0.223,0.451,0.326
594500,0.226,0.418,0.356
595000,0.234,0.434,0.332
595500,0.219,0.400,0.381
596000,0.218,0.412,0.371
596500,0.194,0.425,0.381
597000,0.203,0.445,0.351
597500,0.193,0.476,0.331
598000,0.178,0.476,0.346
598500,0.159,0.487,0.353
599000,0.156,0.495,0.348
599500,0.168,0.484,0.348
600000,0.149,0.489,0.362
600500,0.155,0.488,0.356
601000,0.156,0.493,0.350
601500,0.166,0.475,0.359
602000,0.151,0.502,0.347
602500,0.193,0.502,0.305
603000,0.174,0.508,0.319
603500,0.186,0.463,0.351
604000,0.172,0.489,0.339
604500,0.152,0.492,0.355
605000,0.154,0.496,0.349
605500,0.171,0.485,0.344
606000,0.184,0.479,0.337
606500,0.157,0.502,0.341
607000,0.160,0.517,0.323
607500,0.145,0.540,0.315
608000,0.151,0.528,0.321
608500,0.134,0.551,0.316
609000,0.135,0.565,0.300
609500,0.157,0.551,0.292
610000,0.134,0.547,0.319
610500,0.141,0.543,0.316
611000,0.159,0.509,0.332
611500,0.149,0.531,0.320
612000,0.148,0.498,0.353
612500,0.161,0.492,0.346
613000,0.168,0.498,0.334
613500,0.160,0.495,0.344
614000,0.139,0.503,0.359
614500,0.164,0.518,0.318
615000,0.146,0.533,0.321
615500,0.135,0.553,0.313
616000,0.134,0.542,0.324
616500,0.130,0.572,0.298
617000,0.123,0.566,0.312
617500,0.099,0.609,0.292
618000,0.113,0.581,0.305
618500,0.128,0.566,0.306
619000,0.113,0.599,0.288
619500,0.135,0.594,0.271
620000,0.109,0.578,0.313
620500,0.111,0.599,0.290
621000,0.131,0.577,0.292
621500,0.138,0.570,0.292
622000,0.144,0.537,0.319
622500,0.123,0.565,0.313
623000,0.139,0.575,0.286
623500,0.155,0.554,0.291
624000,0.155,0.538,0.306
624500,0.124,0.530,0.346
625000,0.123,0.552,0.326
625500,0.100,0.584,0.316
626000,0.124,0.569,0.307
626500,0.159,0.519,0.322
627000,0.139,0.526,0.335
627500,0.139,0.526,0.335
628000,0.160,0.522,0.318
628500,0.164,0.520,0.316
629000,0.178,0.513,0.309
629500,0.177,0.482,0.341
630000,0.174,0.511,0.316
630500,0.183,0.538,0.279
631000,0.179,0.515,0.306
631500,0.181,0.501,0.319
632000,0.171,0.510,0.320
632500,0.176,0.524,0.300
633000,0.181,0.521,0.298
633500,0.160,0.547,0.292
634000,0.149,0.573,0.278
634500,0.146,0.591,0.263
635000,0.123,0.589,0.288
635500,0.116,0.603,0.281
636000,0.116,0.591,0.292
636500,0.131,0.561,0.308
637000,0.146,0.555,0.299
637500,0.150,0.529,0.321
638000,0.138,0.567,0.295
638500,0.130,0.557,0.314
639000,0.128,0.575,0.297
639500,0.132,0.554,0.315
640000,0.136,0.538,0.326
640500,0.149,0.532,0.319
641000,0.138,0.530,0.332
641500,0.150,0.522,0.328
642000,0.140,0.538,0.322
642500,0.178,0.524,0.298
643000,0.170,0.524,0.306
643500,0.173,0.504,0.324
644000,0.168,0.532,0.300
644500,0.153,0.539,0.307
645000,0.126,0.525,0.349
645500,0.150,0.552,0.298
646000,0.152,0.530,0.318
646500,0.169,0.512,0.320
647000,0.175,0.519,0.306
647500,0.164,0.528,0.307
648000,0.160,0.514,0.326
648500,0.161,0.502,0.337
649000,0.161,0.515,0.324
649500,0.161,0.513,0.326
650000,0.175,0.489,0.336
650500,0.178,0.478,0.344
651000,0.162,0.488,0.349
651500,0.172,0.477,0.351
652000,0.199,0.439,0.362
652500,0.215,0.412,0.374
653000,0.198,0.455,0.347
653500,0.208,0.425,0.367
654000,0.198,0.443,0.359
654500,0.207,0.446,0.346
655000,0.211,0.440,0.348
655500,0.222,0.427,0.351
656000,0.206,0.456,0.338
656500,0.190,0.462,0.348
657000,0.207,0.450,0.342
657500,0.164,0.466,0.370
658000,0.148,0.495,0.356
658500,0.151,0.490,0.359
659000,0.183,0.454,0.364
659500,0.195,0.446,0.359
660000,0.169,0.473,0.359
660500,0.163,0.526,0.311
661000,0.148,0.531,0.321
661500,0.169,0.524,0.307
662000,0.139,0.528,0.333
662500,0.162,0.492,0.345
663000,0.193,0.479,0.328
663500,0.169,0.507,0.325
664000,0.156,0.517,0.327
664500,0.134,0.542,0.324
665000,0.148,0.525,0.327
665500,0.128,0.577,0.295
666000,0.122,0.576,0.302
666500,0.124,0.570,0.306
667000,0.131,0.571,0.298
667500,0.129,0.602,0.270
668000,0.127,0.609,0.265
668500,0.137,0.597,0.267
669000,0.124,0.580,0.296
669500,0.105,0.593,0.301
670000,0.126,0.580,0.294
670500,0.116,0.577,0.306
671000,0.145,0.571,0.284
671500,0.144,0.560,0.296
672000,0.136,0.563,0.301
672500,0.152,0.559,0.289
673000,0.166,0.544,0.289
673500,0.177,0.519,0.304
674000,0.165,0.521,0.314
674500,0.196,0.486,0.318
675000,0.201,0.485,0.314
675500,0.203,0.502,0.295
676000,0.159,0.510,0.331
676500,0.184,0.471,0.345
677000,0.184,0.466,0.350
677500,0.156,0.522,0.322
678000,0.150,0.540,0.309
678500,0.184,0.526,0.290
679000,0.197,0.503,0.300
679500,0.175,0.537,0.288
680000,0.170,0.517,0.314
680500,0.157,0.522,0.321
681000,0.140,0.530,0.330
681500,0.120,0.559,0.322
682000,0.140,0.550,0.311
682500,0.144,0.559,0.297
683000,0.138,0.528,0.334
683500,0.180,0.512,0.308
684000,0.173,0.519,0.308
684500,0.157,0.531,0.312
685000,0.164,0.513,0.323
685500,0.151,0.523,0.326
686000,0.140,0.540,0.320
686500,0.161,0.504,0.335
687000,0.170,0.498,0.332
687500,0.159,0.507,0.334
688000,0.177,0.485,0.338
688500,0.156,0.525,0.319
689000,0.148,0.538,0.314
689500,0.145,0.527,0.328
690000,0.136,0.535,0.329
690500,0.159,0.525,0.316
691000,0.155,0.486,0.359
691500,0.196,0.485,0.319
692000,0.179,0.473,0.348
692500,0.186,0.474,0.340
693000,0.189,0.459,0.352
693500,0.201,0.434,0.365
694000,0.238,0.410,0.352
694500,0.275,0.390,0.335
695000,0.248,0.395,0.356
695500,0.247,0.399,0.353
696000,0.259,0.398,0.342
696500,0.267,0.388,0.345
697000,0.264,0.371,0.366
697500,0.260,0.365,0.375
698000,0.263,0.375,0.363
698500,0.254,0.370,0.376
699000,0.259,0.365,0.376
699500,0.290,0.336,0.374
700000,0.292,0.336,0.372
700500,0.343,0.308,0.348
701000,0.329,0.293,0.378
701500,0.350,0.292,0.358
702000,0.327,0.293,0.380
702500,0.343,0.295,0.362
703000,0.352,0.275,0.373
703500,0.369,0.267,0.365
704000,0.333,0.294,0.373
704500,0.342,0.295,0.363
705000,0.306,0.322,0.372
705500,0.302,0.349,0.348
706000,0.260,0.386,0.353
706500,0.252,0.402,0.345
707000,0.259,0.385,0.355
707500,0.247,0.407,0.346
708000,0.244,0.396,0.360
708500,0.252,0.377,0.371
709000,0.248,0.379,0.373
709500,0.247,0.386,0.367
710000,0.256,0.377,0.367
710500,0.267,0.380,0.353
711000,0.237,0.388,0.375
711500,0.287,0.367,0.346
712000,0.243,0.380,0.377
712500,0.271,0.356,0.373
713000,0.264,0.358,0.379
713500,0.277,0.338,0.385
714000,0.322,0.319,0.360
714500,0.348,0.305,0.346
715000,0.346,0.299,0.354
715500,0.342,0.311,0.347
716000,0.365,0.308,0.327
716500,0.337,0.330,0.333
717000,0.332,0.320,0.348
717500,0.331,0.328,0.341
718000,0.323,0.356,0.321
718500,0.373,0.307,0.320
719000,0.392,0.288,0.320
719500,0.362,0.304,0.334
720000,0.360,0.330,0.311
720500,0.347,0.300,0.352
721000,0.348,0.279,0.373
721500,0.354,0.304,0.341
722000,0.339,0.303,0.358
722500,0.325,0.335,0.340
723000,0.355,0.323,0.322
723500,0.362,0.329,0.309
724000,0.336,0.336,0.328
724500,0.305,0.361,0.334
725000,0.288,0.387,0.325
725500,0.302,0.368,0.330
726000,0.268,0.348,0.384
726500,0.283,0.353,0.364
727000,0.265,0.371,0.365
727500,0.260,0.383,0.356
728000,0.261,0.373,0.366
728500,0.278,0.368,0.354
729000,0.253,0.370,0.377
729500,0.251,0.375,0.374
730000,0.249,0.401,0.349
730500,0.268,0.367,0.366
731000,0.284,0.355,0.361
731500,0.298,0.334,0.368
732000,0.327,0.315,0.359
732500,0.291,0.303,0.406
733000,0.265,0.331,0.404
733500,0.287,0.312,0.401
734000,0.305,0.312,0.383
734500,0.309,0.333,0.358
735000,0.301,0.337,0.362
735500,0.330,0.328,0.342
736000,0.335,0.317,0.348
736500,0.361,0.304,0.335
737000,0.320,0.333,0.347
737500,0.342,0.342,0.316
738000,0.349,0.331,0.320
738500,0.326,0.330,0.344
739000,0.348,0.323,0.329
739500,0.358,0.316,0.327
740000,0.376,0.267,0.358
740500,0.409,0.261,0.330
741000,0.420,0.268,0.313
741500,0.399,0.277,0.324
742000,0.436,0.248,0.316
742500,0.416,0.257,0.327
743000,0.415,0.248,0.337
743500,0.400,0.254,0.345
744000,0.385,0.269,0.346
744500,0.379,0.260,0.361
745000,0.394,0.254,0.351
745500,0.409,0.261,0.330
746000,0.434,0.252,0.314
746500,0.409,0.276,0.316
747000,0.437,0.250,0.313
747500,0.438,0.247,0.315
748000,0.420,0.247,0.333
748500,0.435,0.236,0.329
749000,0.454,0.220,0.327
749500,0.446,0.230,0.324
750000,0.427,0.245,0.328
750500,0.437,0.230,0.333
751000,0.446,0.228,0.326
751500,0.454,0.220,0.327
752000,0.417,0.223,0.361
752500,0.393,0.243,0.364
753000,0.369,0.297,0.334
753500,0.343,0.323,0.334
754000,0.341,0.296,0.363
754500,0.354,0.280,0.366
755000,0.326,0.292,0.382
755500,0.352,0.278,0.370
756000,0.337,0.281,0.382
756500,0.368,0.275,0.358
757000,0.367,0.251,0.382
757500,0.397,0.233,0.370
758000,0.392,0.226,0.382
758500,0.427,0.221,0.352
759000,0.454,0.209,0.337
759500,0.447,0.226,0.327
760000,0.460,0.229,0.312
760500,0.488,0.217,0.295
761000,0.483,0.210,0.306
761500,0.476,0.207,0.317
762000,0.477,0.191,0.332
762500,0.473,0.189,0.338
763000,0.461,0.193,0.346
763500,0.475,0.187,0.338
764000,0.483,0.186,0.331
764500,0.473,0.200,0.327
765000,0.471,0.204,0.325
765500,0.460,0.216,0.325
766000,0.481,0.218,0.301
766500,0.473,0.199,0.328
767000,0.477,0.210,0.313
767500,0.466,0.207,0.327
768000,0.448,0.212,0.339
768500,0.413,0.232,0.355
769000,0.433,0.218,0.349
769500,0.400,0.226,0.374
770000,0.436,0.227,0.337
770500,0.445,0.235,0.320
771000,0.401,0.260,0.338
771500,0.396,0.279,0.325
772000,0.389,0.285,0.326
772500,0.393,0.252,0.354
773000,0.402,0.260,0.337
773500,0.385,0.261,0.353
774000,0.455,0.224,0.322
774500,0.428,0.229,0.343
775000,0.455,0.201,0.344
775500,0.440,0.239,0.321
776000,0.430,0.240,0.330
776500,0.408,0.256,0.336
777000,0.403,0.232,0.365
777500,0.416,0.237,0.347
778000,0.454,0.207,0.339
778500,0.448,0.186,0.366
779000,0.484,0.190,0.326
779500,0.473,0.195,0.332
780000,0.455,0.189,0.356
780500,0.444,0.204,0.351
781000,0.441,0.196,0.363
781500,0.465,0.191,0.344
782000,0.440,0.209,0.350
782500,0.480,0.179,0.341
783000,0.524,0.172,0.304
783500,0.531,0.165,0.303
784000,0.531,0.156,0.313
784500,0.511,0.164,0.325
785000,0.490,0.196,0.314
785500,0.506,0.197,0.297
786000,0.476,0.192,0.332
786500,0.435,0.231,0.334
787000,0.439,0.234,0.327
787500,0.404,0.238,0.358
788000,0.392,0.237,0.371
788500,0.375,0.249,0.376
789000,0.395,0.227,0.378
789500,0.425,0.213,0.362
790000,0.444,0.213,0.342
790500,0.450,0.208,0.341
791000,0.447,0.208,0.344
791500,0.432,0.206,0.362
792000,0.439,0.218,0.343
792500,0.458,0.186,0.356
793000,0.467,0.196,0.337
793500,0.496,0.164,0.339
794000,0.524,0.153,0.323
794500,0.542,0.154,0.303
795000,0.516,0.180,0.304
795500,0.503,0.179,0.319
796000,0.518,0.173,0.309
796500,0.529,0.175,0.296
797000,0.512,0.188,0.300
797500,0.522,0.170,0.308
798000,0.524,0.156,0.320
798500,0.507,0.159,0.334
799000,0.529,0.155,0.316
799500,0.535,0.160,0.304
800000,0.552,0.145,0.303
800500,0.512,0.150,0.338
801000,0.487,0.148,0.365
801500,0.471,0.173,0.356
802000,0.493,0.165,0.341
802500,0.506,0.150,0.344
803000,0.479,0.175,0.346
803500,0.463,0.200,0.337
