time,n_A+p,n_B,n_AB
500,0.010,0.969,0.021
1000,0.010,0.915,0.075
1500,0.010,0.851,0.139
2000,0.010,0.754,0.236
2500,0.010,0.668,0.322
3000,0.010,0.561,0.429
3500,0.010,0.489,0.501
4000,0.010,0.425,0.565
4500,0.010,0.330,0.660
5000,0.015,0.290,0.694
5500,0.021,0.286,0.694
6000,0.017,0.271,0.712
6500,0.021,0.268,0.711
7000,0.021,0.257,0.722
7500,0.015,0.239,0.745
8000,0.019,0.208,0.772
8500,0.024,0.255,0.722
9000,0.029,0.266,0.705
9500,0.029,0.223,0.749
10000,0.024,0.244,0.732
10500,0.018,0.261,0.722
11000,0.011,0.273,0.716
11500,0.017,0.230,0.753
12000,0.035,0.255,0.710
12500,0.021,0.261,0.718
13000,0.026,0.225,0.749
13500,0.019,0.256,0.725
14000,0.025,0.246,0.730
14500,0.025,0.234,0.741
15000,0.023,0.254,0.724
15500,0.013,0.281,0.706
16000,0.017,0.263,0.721
16500,0.011,0.259,0.730
17000,0.017,0.242,0.741
17500,0.015,0.274,0.712
18000,0.018,0.270,0.713
18500,0.022,0.241,0.737
19000,0.028,0.240,0.733
19500,0.026,0.253,0.721
20000,0.015,0.285,0.701
20500,0.026,0.257,0.718
21000,0.013,0.309,0.677
21500,0.013,0.304,0.682
22000,0.015,0.279,0.707
22500,0.023,0.252,0.726
23000,0.020,0.249,0.730
23500,0.041,0.228,0.732
24000,0.021,0.260,0.720
24500,0.021,0.261,0.719
25000,0.032,0.228,0.740
25500,0.031,0.210,0.759
26000,0.040,0.196,0.765
26500,0.036,0.196,0.768
27000,0.050,0.168,0.782
27500,0.034,0.193,0.773
28000,0.030,0.206,0.763
28500,0.027,0.236,0.736
29000,0.035,0.224,0.742
29500,0.031,0.217,0.752
30000,0.049,0.209,0.742
30500,0.036,0.195,0.769
31000,0.033,0.244,0.723
31500,0.034,0.243,0.723
32000,0.030,0.231,0.739
32500,0.027,0.252,0.722
33000,0.024,0.234,0.742
33500,0.017,0.269,0.715
34000,0.019,0.329,0.652
34500,0.014,0.286,0.700
35000,0.015,0.308,0.677
35500,0.022,0.268,0.710
36000,0.021,0.244,0.735
36500,0.015,0.268,0.718
37000,0.016,0.302,0.681
37500,0.012,0.268,0.720
38000,0.018,0.269,0.714
38500,0.030,0.218,0.752
39000,0.042,0.227,0.731
39500,0.038,0.210,0.751
40000,0.020,0.230,0.750
40500,0.020,0.237,0.742
41000,0.019,0.228,0.753
41500,0.040,0.211,0.749
42000,0.026,0.249,0.724
42500,0.017,0.242,0.740
43000,0.019,0.249,0.732
43500,0.021,0.252,0.727
44000,0.020,0.243,0.736
44500,0.019,0.234,0.747
45000,0.029,0.241,0.730
45500,0.043,0.202,0.755
46000,0.060,0.161,0.779
46500,0.048,0.154,0.798
47000,0.035,0.178,0.787
47500,0.035,0.219,0.747
48000,0.035,0.221,0.745
48500,0.032,0.253,0.715
49000,0.025,0.200,0.775
49500,0.017,0.234,0.749
50000,0.025,0.237,0.737
50500,0.029,0.269,0.703
51000,0.015,0.251,0.735
51500,0.028,0.227,0.745
52000,0.016,0.279,0.705
52500,0.013,0.308,0.678
53000,0.015,0.357,0.628
53500,0.010,0.290,0.700
54000,0.011,0.273,0.717
54500,0.020,0.285,0.695
55000,0.020,0.248,0.732
55500,0.033,0.220,0.748
56000,0.022,0.274,0.704
56500,0.013,0.286,0.702
57000,0.019,0.260,0.721
57500,0.022,0.266,0.712
58000,0.018,0.211,0.771
58500,0.033,0.197,0.770
59000,0.044,0.185,0.770
59500,0.022,0.237,0.741
60000,0.021,0.217,0.762
60500,0.025,0.203,0.772
61000,0.030,0.204,0.766
61500,0.025,0.183,0.792
62000,0.025,0.200,0.775
62500,0.022,0.257,0.721
63000,0.018,0.245,0.737
63500,0.012,0.283,0.705
64000,0.018,0.248,0.734
64500,0.033,0.217,0.750
65000,0.029,0.196,0.774
65500,0.025,0.220,0.755
66000,0.031,0.244,0.724
66500,0.019,0.289,0.692
67000,0.016,0.290,0.694
67500,0.015,0.263,0.722
68000,0.018,0.277,0.706
68500,0.018,0.283,0.699
69000,0.023,0.281,0.696
69500,0.021,0.236,0.742
70000,0.015,0.220,0.765
70500,0.029,0.238,0.732
71000,0.028,0.237,0.734
71500,0.028,0.199,0.774
72000,0.025,0.216,0.759
72500,0.030,0.210,0.760
73000,0.033,0.198,0.769
73500,0.029,0.186,0.784
74000,0.021,0.246,0.733
74500,0.018,0.261,0.721
75000,0.026,0.206,0.767
75500,0.026,0.228,0.746
76000,0.021,0.239,0.740
76500,0.035,0.238,0.728
77000,0.025,0.181,0.794
77500,0.021,0.213,0.765
78000,0.029,0.262,0.710
78500,0.017,0.271,0.713
79000,0.014,0.303,0.682
79500,0.015,0.240,0.744
80000,0.030,0.267,0.704
80500,0.030,0.238,0.732
81000,0.021,0.254,0.725
81500,0.025,0.229,0.746
82000,0.021,0.251,0.728
82500,0.030,0.231,0.739
83000,0.029,0.275,0.696
83500,0.024,0.253,0.724
84000,0.018,0.284,0.697
84500,0.018,0.212,0.769
85000,0.026,0.224,0.750
85500,0.024,0.241,0.735
86000,0.043,0.175,0.781
86500,0.051,0.153,0.796
87000,0.045,0.166,0.789
87500,0.067,0.139,0.794
88000,0.059,0.129,0.812
88500,0.079,0.140,0.781
89000,0.052,0.146,0.801
89500,0.046,0.153,0.801
90000,0.067,0.138,0.795
90500,0.059,0.146,0.795
91000,0.062,0.140,0.797
91500,0.069,0.119,0.812
92000,0.095,0.093,0.812
92500,0.089,0.108,0.802
93000,0.100,0.097,0.804
93500,0.101,0.099,0.800
94000,0.089,0.103,0.808
94500,0.113,0.093,0.794
95000,0.144,0.090,0.766
95500,0.150,0.058,0.792
96000,0.216,0.028,0.755
96500,0.274,0.005,0.721
97000,0.248,0.011,0.742
97500,0.358,0.002,0.640
98000,0.349,0.010,0.641
98500,0.337,0.003,0.660
99000,0.341,0.013,0.647
99500,0.357,0.003,0.640
100000,0.336,0.000,0.664
100500,0.372,0.000,0.627
101000,0.377,0.000,0.623
101500,0.341,0.003,0.657
102000,0.331,0.004,0.666
102500,0.358,0.001,0.641
103000,0.322,0.002,0.676
103500,0.304,0.004,0.692
104000,0.271,0.005,0.725
104500,0.343,0.006,0.651
105000,0.352,0.003,0.645
105500,0.386,0.001,0.614
106000,0.353,0.000,0.647
106500,0.352,0.000,0.648
107000,0.339,0.000,0.661
107500,0.335,0.000,0.665
108000,0.309,0.004,0.687
108500,0.359,0.002,0.639
109000,0.288,0.009,0.703
109500,0.291,0.007,0.702
110000,0.296,0.011,0.693
110500,0.288,0.002,0.710
111000,0.311,0.002,0.686
111500,0.287,0.009,0.705
112000,0.292,0.007,0.701
112500,0.306,0.002,0.692
113000,0.347,0.000,0.653
113500,0.359,0.000,0.641
114000,0.316,0.002,0.682
114500,0.270,0.004,0.726
115000,0.272,0.001,0.727
115500,0.239,0.012,0.749
116000,0.284,0.008,0.708
116500,0.304,0.006,0.689
117000,0.320,0.009,0.670
117500,0.350,0.005,0.645
118000,0.369,0.001,0.630
118500,0.361,0.002,0.637
119000,0.395,0.001,0.605
119500,0.393,0.001,0.607
120000,0.362,0.001,0.637
120500,0.362,0.002,0.635
121000,0.342,0.001,0.657
121500,0.323,0.000,0.677
122000,0.346,0.004,0.650
122500,0.352,0.001,0.647
123000,0.371,0.007,0.622
123500,0.334,0.009,0.656
124000,0.292,0.009,0.699
124500,0.327,0.011,0.662
125000,0.335,0.003,0.663
125500,0.355,0.000,0.645
126000,0.362,0.000,0.638
126500,0.325,0.011,0.665
127000,0.369,0.011,0.620
127500,0.379,0.003,0.618
128000,0.357,0.002,0.642
128500,0.354,0.001,0.646
129000,0.321,0.001,0.679
129500,0.360,0.001,0.639
130000,0.330,0.004,0.665
130500,0.406,0.007,0.587
131000,0.358,0.004,0.638
131500,0.359,0.001,0.640
132000,0.406,0.002,0.592
132500,0.412,0.005,0.582
133000,0.373,0.007,0.620
133500,0.348,0.002,0.649
134000,0.344,0.004,0.652
134500,0.352,0.001,0.647
135000,0.361,0.004,0.636
135500,0.344,0.005,0.650
136000,0.321,0.002,0.678
136500,0.268,0.004,0.728
137000,0.292,0.003,0.705
137500,0.338,0.010,0.652
138000,0.360,0.004,0.636
138500,0.326,0.001,0.673
139000,0.349,0.000,0.651
139500,0.329,0.005,0.666
140000,0.301,0.002,0.697
140500,0.307,0.001,0.692
141000,0.304,0.000,0.696
141500,0.311,0.002,0.687
142000,0.320,0.000,0.680
142500,0.342,0.004,0.655
143000,0.343,0.003,0.655
143500,0.354,0.004,0.641
144000,0.339,0.003,0.659
144500,0.348,0.001,0.652
145000,0.325,0.007,0.668
145500,0.324,0.009,0.668
146000,0.316,0.004,0.681
146500,0.328,0.002,0.670
147000,0.292,0.000,0.708
147500,0.301,0.002,0.697
148000,0.320,0.000,0.680
148500,0.367,0.000,0.633
149000,0.426,0.000,0.574
149500,0.361,0.000,0.639
150000,0.324,0.003,0.674
150500,0.342,0.003,0.656
151000,0.385,0.000,0.615
151500,0.378,0.004,0.619
152000,0.330,0.008,0.662
152500,0.316,0.006,0.678
153000,0.325,0.002,0.673
153500,0.360,0.000,0.640
154000,0.328,0.015,0.657
154500,0.314,0.013,0.672
155000,0.344,0.004,0.652
155500,0.327,0.002,0.672
156000,0.351,0.001,0.648
156500,0.348,0.001,0.650
157000,0.325,0.002,0.673
157500,0.341,0.003,0.657
158000,0.333,0.002,0.665
158500,0.356,0.004,0.639
159000,0.326,0.011,0.663
159500,0.355,0.003,0.642
160000,0.328,0.004,0.669
160500,0.298,0.009,0.693
161000,0.274,0.008,0.718
161500,0.307,0.009,0.684
162000,0.275,0.009,0.716
162500,0.345,0.006,0.649
163000,0.316,0.005,0.679
163500,0.321,0.004,0.676
164000,0.300,0.006,0.694
164500,0.314,0.004,0.682
165000,0.298,0.001,0.701
165500,0.356,0.001,0.644
166000,0.372,0.000,0.628
166500,0.405,0.000,0.595
167000,0.381,0.000,0.619
167500,0.368,0.006,0.625
168000,0.393,0.002,0.606
168500,0.409,0.000,0.591
169000,0.405,0.000,0.595
169500,0.390,0.000,0.611
170000,0.357,0.000,0.643
170500,0.361,0.000,0.639
171000,0.373,0.005,0.622
171500,0.391,0.002,0.608
172000,0.382,0.000,0.619
172500,0.369,0.000,0.631
173000,0.387,0.004,0.610
173500,0.386,0.002,0.613
174000,0.380,0.000,0.620
174500,0.328,0.000,0.672
175000,0.284,0.000,0.716
175500,0.247,0.015,0.739
176000,0.234,0.011,0.754
176500,0.309,0.008,0.683
177000,0.321,0.004,0.676
177500,0.306,0.002,0.692
178000,0.289,0.003,0.708
178500,0.278,0.013,0.709
179000,0.238,0.012,0.750
179500,0.269,0.014,0.717
180000,0.265,0.015,0.721
180500,0.258,0.017,0.725
181000,0.261,0.013,0.727
181500,0.295,0.013,0.692
182000,0.346,0.009,0.645
182500,0.337,0.011,0.652
183000,0.366,0.009,0.625
183500,0.361,0.007,0.632
184000,0.329,0.001,0.670
184500,0.338,0.001,0.662
185000,0.323,0.000,0.677
185500,0.340,0.000,0.660
186000,0.309,0.002,0.689
186500,0.372,0.002,0.626
187000,0.348,0.001,0.651
187500,0.332,0.005,0.663
188000,0.352,0.009,0.638
188500,0.368,0.002,0.631
189000,0.388,0.000,0.613
189500,0.362,0.000,0.637
190000,0.363,0.000,0.637
190500,0.354,0.004,0.641
191000,0.334,0.003,0.663
191500,0.309,0.003,0.688
192000,0.295,0.009,0.695
192500,0.362,0.002,0.637
193000,0.396,0.000,0.605
193500,0.385,0.002,0.613
194000,0.384,0.004,0.612
194500,0.379,0.001,0.620
195000,0.396,0.001,0.604
195500,0.413,0.004,0.582
196000,0.347,0.001,0.652
196500,0.368,0.000,0.631
197000,0.329,0.005,0.666
197500,0.343,0.001,0.656
198000,0.333,0.002,0.666
198500,0.340,0.009,0.651
199000,0.354,0.005,0.640
199500,0.330,0.005,0.665
200000,0.343,0.002,0.655
200500,0.346,0.004,0.650
201000,0.360,0.000,0.639
201500,0.385,0.000,0.615
202000,0.370,0.002,0.629
202500,0.377,0.003,0.621
203000,0.365,0.001,0.634
203500,0.325,0.000,0.675
204000,0.321,0.003,0.677
204500,0.341,0.003,0.656
205000,0.324,0.001,0.675
205500,0.356,0.005,0.639
206000,0.356,0.006,0.637
206500,0.391,0.002,0.608
207000,0.402,0.001,0.598
207500,0.406,0.000,0.595
208000,0.422,0.000,0.578
208500,0.390,0.001,0.610
209000,0.390,0.003,0.608
209500,0.364,0.003,0.632
210000,0.293,0.005,0.701
210500,0.392,0.001,0.608
211000,0.368,0.000,0.631
211500,0.372,0.002,0.626
212000,0.326,0.006,0.668
212500,0.336,0.006,0.658
213000,0.326,0.004,0.670
213500,0.384,0.001,0.616
214000,0.336,0.006,0.658
214500,0.356,0.003,0.642
215000,0.316,0.000,0.684
215500,0.323,0.003,0.674
216000,0.392,0.001,0.608
216500,0.377,0.004,0.619
217000,0.345,0.000,0.655
217500,0.363,0.000,0.637
218000,0.308,0.000,0.692
218500,0.300,0.005,0.695
219000,0.325,0.003,0.673
219500,0.302,0.001,0.698
220000,0.268,0.008,0.724
220500,0.305,0.011,0.683
221000,0.315,0.013,0.673
221500,0.299,0.011,0.690
222000,0.340,0.003,0.657
222500,0.302,0.003,0.695
223000,0.332,0.001,0.667
223500,0.290,0.001,0.709
224000,0.295,0.009,0.696
224500,0.339,0.008,0.653
225000,0.329,0.009,0.663
225500,0.307,0.009,0.685
226000,0.310,0.005,0.684
226500,0.288,0.015,0.697
227000,0.260,0.010,0.730
227500,0.283,0.001,0.716
228000,0.239,0.009,0.752
228500,0.326,0.012,0.662
229000,0.322,0.003,0.675
229500,0.338,0.006,0.656
230000,0.368,0.002,0.630
230500,0.406,0.001,0.594
231000,0.386,0.002,0.612
231500,0.406,0.001,0.593
232000,0.363,0.003,0.634
232500,0.333,0.003,0.664
233000,0.328,0.000,0.672
233500,0.304,0.009,0.686
234000,0.294,0.012,0.694
234500,0.312,0.006,0.682
235000,0.270,0.009,0.721
235500,0.308,0.003,0.689
236000,0.370,0.006,0.623
236500,0.353,0.004,0.642
237000,0.378,0.005,0.617
237500,0.397,0.002,0.601
238000,0.329,0.003,0.668
238500,0.359,0.005,0.635
239000,0.347,0.001,0.652
239500,0.267,0.008,0.725
240000,0.309,0.009,0.682
240500,0.290,0.006,0.704
241000,0.290,0.001,0.709
241500,0.279,0.009,0.712
242000,0.287,0.004,0.710
242500,0.272,0.009,0.719
243000,0.271,0.006,0.723
243500,0.337,0.005,0.658
244000,0.372,0.002,0.626
244500,0.344,0.000,0.656
245000,0.416,0.000,0.584
245500,0.429,0.000,0.571
246000,0.376,0.000,0.624
246500,0.380,0.009,0.612
247000,0.351,0.002,0.647
247500,0.399,0.004,0.598
248000,0.382,0.001,0.618
248500,0.387,0.001,0.613
249000,0.358,0.003,0.639
249500,0.320,0.007,0.672
250000,0.297,0.002,0.702
250500,0.316,0.001,0.684
251000,0.322,0.011,0.667
251500,0.341,0.004,0.655
252000,0.406,0.001,0.593
252500,0.365,0.001,0.634
253000,0.344,0.001,0.655
253500,0.350,0.008,0.642
254000,0.360,0.004,0.637
254500,0.350,0.001,0.649
255000,0.343,0.001,0.657
255500,0.336,0.004,0.660
256000,0.337,0.003,0.661
256500,0.373,0.000,0.627
257000,0.317,0.002,0.682
257500,0.316,0.004,0.679
258000,0.335,0.001,0.664
258500,0.353,0.000,0.647
259000,0.321,0.004,0.676
259500,0.371,0.004,0.625
260000,0.387,0.003,0.611
260500,0.379,0.001,0.621
261000,0.349,0.000,0.651
261500,0.338,0.003,0.659
262000,0.326,0.001,0.673
262500,0.339,0.002,0.660
263000,0.350,0.001,0.649
263500,0.383,0.002,0.615
264000,0.356,0.002,0.643
264500,0.374,0.004,0.621
265000,0.393,0.006,0.601
265500,0.362,0.001,0.638
266000,0.429,0.000,0.571
266500,0.386,0.000,0.614
267000,0.374,0.000,0.625
267500,0.393,0.004,0.603
268000,0.336,0.006,0.658
268500,0.335,0.001,0.665
269000,0.355,0.000,0.645
269500,0.392,0.000,0.609
270000,0.374,0.001,0.626
270500,0.397,0.001,0.602
271000,0.355,0.001,0.645
271500,0.333,0.000,0.667
272000,0.364,0.002,0.634
272500,0.365,0.002,0.633
273000,0.310,0.013,0.676
273500,0.330,0.009,0.661
274000,0.302,0.003,0.696
274500,0.326,0.009,0.665
275000,0.361,0.003,0.636
275500,0.357,0.000,0.643
276000,0.347,0.000,0.653
276500,0.367,0.000,0.633
277000,0.402,0.000,0.598
277500,0.389,0.000,0.611
278000,0.410,0.000,0.590
278500,0.407,0.002,0.591
279000,0.410,0.000,0.590
279500,0.451,0.000,0.549
280000,0.403,0.000,0.597
280500,0.349,0.000,0.651
281000,0.377,0.000,0.623
281500,0.419,0.000,0.581
282000,0.405,0.000,0.595
282500,0.410,0.000,0.590
283000,0.364,0.002,0.633
283500,0.353,0.000,0.647
284000,0.386,0.000,0.614
284500,0.374,0.000,0.625
285000,0.343,0.009,0.649
285500,0.358,0.002,0.640
286000,0.346,0.007,0.646
286500,0.325,0.007,0.668
287000,0.364,0.001,0.635
287500,0.322,0.001,0.677
288000,0.324,0.001,0.675
288500,0.330,0.000,0.670
289000,0.293,0.005,0.702
289500,0.282,0.011,0.707
290000,0.240,0.006,0.754
290500,0.311,0.003,0.687
291000,0.288,0.003,0.709
291500,0.333,0.009,0.659
292000,0.331,0.008,0.661
292500,0.305,0.006,0.689
293000,0.310,0.004,0.686
293500,0.353,0.002,0.645
294000,0.322,0.000,0.678
294500,0.316,0.000,0.684
295000,0.327,0.004,0.669
295500,0.347,0.002,0.651
296000,0.401,0.001,0.598
296500,0.383,0.001,0.617
297000,0.327,0.000,0.673
297500,0.326,0.000,0.674
298000,0.330,0.000,0.670
298500,0.323,0.000,0.677
299000,0.321,0.006,0.673
299500,0.334,0.005,0.660
300000,0.318,0.001,0.682
300500,0.299,0.006,0.694
301000,0.330,0.002,0.668
301500,0.344,0.000,0.656
302000,0.337,0.000,0.663
302500,0.370,0.000,0.630
303000,0.381,0.005,0.614
303500,0.328,0.003,0.670
304000,0.369,0.004,0.628
304500,0.324,0.011,0.665
305000,0.349,0.004,0.647
305500,0.392,0.004,0.605
306000,0.366,0.005,0.628
306500,0.373,0.002,0.626
307000,0.376,0.001,0.624
307500,0.396,0.000,0.604
308000,0.337,0.000,0.663
308500,0.323,0.004,0.673
309000,0.320,0.001,0.679
309500,0.344,0.000,0.656
310000,0.362,0.004,0.634
310500,0.360,0.000,0.640
311000,0.329,0.003,0.668
311500,0.311,0.004,0.685
312000,0.357,0.006,0.637
312500,0.312,0.004,0.684
313000,0.330,0.011,0.658
313500,0.290,0.005,0.705
314000,0.284,0.006,0.709
314500,0.344,0.005,0.651
315000,0.381,0.001,0.618
315500,0.360,0.000,0.640
316000,0.342,0.002,0.656
316500,0.362,0.004,0.634
317000,0.357,0.001,0.642
317500,0.275,0.000,0.726
318000,0.304,0.002,0.694
318500,0.268,0.015,0.717
319000,0.289,0.008,0.703
319500,0.293,0.004,0.703
320000,0.282,0.001,0.717
320500,0.301,0.011,0.689
321000,0.286,0.004,0.710
321500,0.341,0.001,0.659
322000,0.312,0.006,0.681
322500,0.362,0.001,0.637
323000,0.328,0.000,0.672
323500,0.328,0.009,0.662
324000,0.285,0.004,0.710
324500,0.344,0.001,0.654
325000,0.350,0.004,0.646
325500,0.394,0.004,0.603
326000,0.384,0.004,0.613
326500,0.315,0.001,0.685
327000,0.306,0.001,0.693
327500,0.300,0.004,0.697
328000,0.338,0.004,0.658
328500,0.381,0.001,0.619
329000,0.313,0.002,0.686
329500,0.267,0.011,0.723
330000,0.247,0.009,0.743
330500,0.265,0.020,0.716
331000,0.316,0.004,0.681
331500,0.330,0.013,0.657
332000,0.332,0.005,0.663
332500,0.324,0.003,0.673
333000,0.328,0.000,0.672
333500,0.350,0.001,0.649
334000,0.347,0.001,0.653
334500,0.319,0.003,0.678
335000,0.307,0.005,0.688
335500,0.302,0.006,0.692
336000,0.275,0.001,0.724
336500,0.332,0.000,0.668
337000,0.332,0.002,0.666
337500,0.356,0.001,0.644
338000,0.401,0.000,0.599
338500,0.358,0.004,0.637
339000,0.367,0.006,0.627
339500,0.364,0.001,0.636
340000,0.381,0.000,0.619
340500,0.319,0.000,0.681
341000,0.406,0.000,0.594
341500,0.388,0.000,0.612
342000,0.463,0.000,0.537
342500,0.413,0.000,0.587
343000,0.380,0.000,0.621
343500,0.346,0.003,0.651
344000,0.342,0.004,0.654
344500,0.322,0.000,0.678
345000,0.314,0.000,0.686
345500,0.339,0.000,0.661
346000,0.306,0.004,0.690
346500,0.326,0.001,0.673
347000,0.298,0.004,0.697
347500,0.293,0.005,0.702
348000,0.373,0.002,0.625
348500,0.380,0.005,0.615
349000,0.346,0.007,0.646
349500,0.336,0.005,0.659
350000,0.330,0.004,0.666
350500,0.330,0.004,0.667
351000,0.354,0.001,0.644
351500,0.385,0.000,0.615
352000,0.360,0.000,0.639
352500,0.344,0.000,0.656
353000,0.391,0.000,0.609
353500,0.414,0.003,0.583
354000,0.381,0.002,0.618
354500,0.385,0.004,0.611
355000,0.410,0.001,0.589
355500,0.415,0.001,0.584
356000,0.422,0.003,0.575
356500,0.354,0.003,0.643
357000,0.341,0.010,0.649
357500,0.365,0.002,0.633
358000,0.356,0.001,0.642
358500,0.363,0.001,0.636
359000,0.364,0.005,0.630
359500,0.372,0.002,0.627
360000,0.349,0.001,0.650
360500,0.372,0.001,0.628
361000,0.394,0.000,0.607
361500,0.403,0.000,0.597
362000,0.379,0.004,0.617
362500,0.354,0.008,0.638
363000,0.320,0.002,0.679
363500,0.295,0.001,0.704
364000,0.371,0.001,0.629
364500,0.359,0.001,0.641
365000,0.332,0.001,0.668
365500,0.342,0.001,0.657
366000,0.327,0.003,0.670
366500,0.358,0.001,0.642
367000,0.352,0.000,0.647
367500,0.365,0.003,0.632
368000,0.344,0.000,0.656
368500,0.371,0.000,0.629
369000,0.345,0.000,0.655
369500,0.332,0.000,0.668
370000,0.301,0.000,0.699
370500,0.308,0.002,0.690
371000,0.311,0.001,0.688
371500,0.323,0.001,0.677
372000,0.304,0.004,0.692
372500,0.287,0.009,0.704
373000,0.274,0.009,0.717
373500,0.242,0.014,0.744
374000,0.264,0.013,0.723
374500,0.274,0.009,0.717
375000,0.320,0.007,0.673
375500,0.359,0.004,0.637
376000,0.316,0.001,0.684
376500,0.358,0.002,0.641
377000,0.425,0.000,0.575
377500,0.395,0.000,0.605
378000,0.368,0.000,0.631
378500,0.347,0.002,0.651
379000,0.352,0.003,0.645
379500,0.396,0.000,0.604
380000,0.387,0.000,0.613
380500,0.328,0.004,0.669
381000,0.324,0.011,0.665
381500,0.302,0.006,0.691
382000,0.309,0.005,0.686
382500,0.332,0.011,0.657
383000,0.342,0.006,0.652
383500,0.280,0.012,0.708
384000,0.282,0.007,0.711
384500,0.302,0.009,0.689
385000,0.339,0.001,0.661
385500,0.390,0.000,0.611
386000,0.430,0.000,0.570
386500,0.348,0.004,0.647
387000,0.319,0.008,0.673
387500,0.299,0.006,0.695
388000,0.324,0.005,0.671
388500,0.347,0.002,0.651
389000,0.345,0.009,0.646
389500,0.372,0.006,0.622
390000,0.345,0.000,0.655
390500,0.313,0.000,0.687
391000,0.328,0.009,0.663
391500,0.364,0.007,0.629
392000,0.353,0.004,0.643
392500,0.371,0.004,0.625
393000,0.337,0.001,0.663
393500,0.317,0.000,0.683
394000,0.342,0.000,0.658
394500,0.331,0.001,0.668
395000,0.315,0.001,0.685
395500,0.357,0.000,0.643
396000,0.336,0.004,0.659
396500,0.306,0.002,0.692
397000,0.370,0.001,0.629
397500,0.311,0.009,0.680
398000,0.328,0.006,0.666
398500,0.327,0.001,0.673
399000,0.391,0.002,0.608
399500,0.445,0.001,0.554
400000,0.426,0.001,0.573
400500,0.426,0.000,0.574
401000,0.342,0.000,0.658
401500,0.313,0.009,0.678
402000,0.344,0.008,0.648
402500,0.380,0.003,0.618
403000,0.350,0.001,0.648
403500,0.355,0.004,0.641
404000,0.346,0.001,0.652
404500,0.355,0.001,0.645
405000,0.389,0.000,0.611
405500,0.354,0.000,0.645
406000,0.399,0.000,0.601
406500,0.344,0.000,0.655
407000,0.339,0.002,0.660
407500,0.370,0.004,0.627
408000,0.326,0.001,0.673
408500,0.384,0.001,0.616
409000,0.383,0.001,0.617
409500,0.408,0.003,0.589
410000,0.416,0.001,0.583
410500,0.374,0.000,0.626
411000,0.318,0.000,0.682
411500,0.330,0.000,0.670
412000,0.298,0.006,0.695
412500,0.343,0.004,0.654
413000,0.307,0.008,0.685
413500,0.343,0.004,0.654
414000,0.363,0.000,0.637
414500,0.333,0.000,0.667
415000,0.321,0.007,0.672
415500,0.255,0.008,0.737
416000,0.235,0.015,0.750
416500,0.263,0.009,0.729
417000,0.329,0.007,0.664
417500,0.289,0.006,0.705
418000,0.356,0.000,0.644
418500,0.371,0.000,0.629
419000,0.387,0.000,0.613
419500,0.368,0.000,0.632
420000,0.387,0.000,0.613
420500,0.347,0.000,0.653
421000,0.324,0.005,0.671
421500,0.309,0.004,0.686
422000,0.333,0.003,0.665
422500,0.331,0.009,0.661
423000,0.316,0.011,0.674
423500,0.296,0.011,0.692
424000,0.296,0.003,0.702
424500,0.298,0.009,0.693
425000,0.307,0.006,0.686
425500,0.354,0.006,0.639
426000,0.389,0.004,0.608
426500,0.404,0.001,0.595
427000,0.367,0.003,0.631
427500,0.364,0.000,0.636
428000,0.335,0.009,0.656
428500,0.404,0.003,0.594
429000,0.392,0.000,0.609
429500,0.337,0.000,0.663
430000,0.352,0.000,0.647
430500,0.348,0.004,0.647
431000,0.349,0.004,0.647
431500,0.349,0.002,0.649
432000,0.406,0.005,0.589
432500,0.363,0.004,0.633
433000,0.332,0.001,0.667
433500,0.323,0.004,0.674
434000,0.343,0.001,0.656
434500,0.363,0.003,0.634
435000,0.339,0.000,0.661
435500,0.338,0.000,0.662
436000,0.339,0.005,0.656
436500,0.410,0.004,0.587
437000,0.406,0.002,0.592
437500,0.415,0.001,0.585
438000,0.352,0.001,0.648
438500,0.352,0.004,0.644
439000,0.333,0.003,0.665
439500,0.314,0.004,0.683
440000,0.330,0.004,0.666
440500,0.349,0.005,0.645
441000,0.332,0.003,0.665
441500,0.367,0.002,0.631
442000,0.339,0.002,0.660
442500,0.329,0.001,0.670
443000,0.289,0.001,0.711
443500,0.283,0.010,0.707
444000,0.304,0.003,0.694
444500,0.260,0.004,0.736
445000,0.285,0.002,0.713
445500,0.263,0.013,0.725
446000,0.245,0.006,0.748
446500,0.259,0.008,0.733
447000,0.269,0.019,0.712
447500,0.245,0.024,0.731
448000,0.273,0.010,0.718
448500,0.306,0.009,0.684
449000,0.358,0.005,0.637
449500,0.333,0.005,0.662
450000,0.370,0.001,0.629
450500,0.354,0.004,0.642
451000,0.372,0.007,0.621
451500,0.341,0.002,0.658
452000,0.331,0.004,0.665
452500,0.299,0.001,0.700
453000,0.337,0.002,0.661
453500,0.361,0.002,0.637
454000,0.376,0.002,0.623
454500,0.416,0.000,0.584
455000,0.419,0.000,0.581
455500,0.398,0.005,0.597
456000,0.382,0.002,0.617
456500,0.327,0.001,0.673
457000,0.340,0.000,0.660
457500,0.339,0.004,0.658
458000,0.360,0.001,0.639
458500,0.374,0.006,0.619
459000,0.373,0.004,0.623
459500,0.348,0.011,0.640
460000,0.312,0.007,0.680
460500,0.342,0.006,0.652
461000,0.349,0.002,0.650
461500,0.337,0.004,0.660
462000,0.322,0.001,0.677
462500,0.359,0.008,0.633
463000,0.377,0.001,0.623
463500,0.406,0.002,0.592
464000,0.405,0.004,0.592
464500,0.401,0.001,0.599
465000,0.376,0.000,0.625
465500,0.394,0.002,0.605
466000,0.320,0.001,0.680
466500,0.320,0.000,0.680
467000,0.322,0.000,0.678
467500,0.280,0.003,0.717
468000,0.309,0.004,0.688
468500,0.349,0.009,0.643
469000,0.376,0.004,0.621
469500,0.341,0.004,0.655
470000,0.367,0.002,0.631
470500,0.400,0.001,0.600
471000,0.376,0.000,0.624
471500,0.333,0.002,0.665
472000,0.280,0.007,0.713
472500,0.279,0.009,0.713
473000,0.300,0.011,0.689
473500,0.298,0.009,0.693
474000,0.362,0.004,0.633
474500,0.298,0.001,0.701
475000,0.277,0.005,0.718
475500,0.349,0.009,0.643
476000,0.311,0.009,0.680
476500,0.328,0.004,0.667
477000,0.367,0.001,0.632
477500,0.368,0.001,0.631
478000,0.371,0.003,0.626
478500,0.374,0.001,0.624
479000,0.399,0.004,0.597
479500,0.371,0.000,0.629
480000,0.391,0.004,0.605
480500,0.381,0.001,0.619
481000,0.303,0.003,0.694
481500,0.326,0.002,0.672
482000,0.315,0.004,0.681
482500,0.342,0.003,0.656
483000,0.366,0.001,0.632
483500,0.386,0.000,0.615
484000,0.344,0.003,0.653
484500,0.335,0.007,0.658
485000,0.341,0.004,0.655
485500,0.364,0.001,0.634
486000,0.344,0.000,0.656
486500,0.412,0.000,0.588
487000,0.383,0.000,0.617
487500,0.351,0.000,0.649
488000,0.307,0.007,0.685
488500,0.397,0.004,0.600
489000,0.334,0.002,0.665
489500,0.429,0.000,0.571
490000,0.382,0.000,0.618
490500,0.378,0.009,0.613
491000,0.327,0.007,0.666
491500,0.343,0.006,0.651
492000,0.333,0.006,0.661
492500,0.347,0.004,0.649
493000,0.293,0.003,0.705
493500,0.303,0.004,0.694
494000,0.381,0.003,0.617
494500,0.382,0.003,0.616
495000,0.341,0.002,0.657
495500,0.301,0.002,0.697
496000,0.321,0.003,0.676
496500,0.302,0.006,0.692
497000,0.319,0.002,0.679
497500,0.341,0.007,0.652
498000,0.349,0.002,0.650
498500,0.317,0.006,0.677
499000,0.346,0.005,0.648
499500,0.264,0.004,0.732
500000,0.290,0.003,0.708
500500,0.257,0.005,0.738
501000,0.359,0.002,0.639
501500,0.360,0.000,0.640
502000,0.349,0.003,0.648
502500,0.394,0.003,0.604
503000,0.368,0.001,0.631
503500,0.353,0.000,0.647
504000,0.416,0.000,0.584
504500,0.467,0.000,0.533
505000,0.504,0.000,0.496
505500,0.502,0.000,0.498
506000,0.439,0.000,0.561
506500,0.419,0.000,0.581
507000,0.364,0.000,0.635
507500,0.339,0.000,0.661
508000,0.391,0.002,0.607
508500,0.383,0.000,0.617
509000,0.421,0.004,0.574
509500,0.394,0.002,0.605
510000,0.375,0.001,0.624
510500,0.379,0.000,0.621
511000,0.317,0.000,0.683
511500,0.282,0.013,0.706
512000,0.275,0.003,0.723
512500,0.329,0.003,0.669
513000,0.363,0.006,0.630
513500,0.377,0.003,0.621
514000,0.366,0.001,0.634
514500,0.405,0.002,0.594
515000,0.393,0.000,0.607
515500,0.381,0.001,0.618
516000,0.371,0.000,0.629
516500,0.396,0.000,0.604
517000,0.378,0.000,0.623
517500,0.356,0.000,0.644
518000,0.327,0.000,0.673
518500,0.339,0.003,0.659
519000,0.377,0.002,0.621
519500,0.351,0.001,0.648
520000,0.384,0.001,0.616
520500,0.363,0.000,0.637
521000,0.383,0.001,0.617
521500,0.411,0.000,0.589
522000,0.401,0.000,0.599
522500,0.375,0.000,0.625
523000,0.357,0.005,0.638
523500,0.371,0.002,0.628
524000,0.343,0.002,0.655
524500,0.306,0.001,0.693
525000,0.306,0.001,0.693
525500,0.311,0.002,0.686
526000,0.353,0.007,0.640
526500,0.345,0.002,0.654
527000,0.307,0.003,0.690
527500,0.332,0.003,0.665
528000,0.365,0.002,0.633
528500,0.352,0.003,0.646
529000,0.371,0.001,0.628
529500,0.360,0.002,0.638
530000,0.413,0.002,0.585
530500,0.344,0.002,0.653
531000,0.306,0.006,0.688
531500,0.299,0.017,0.684
532000,0.344,0.005,0.651
532500,0.299,0.005,0.696
533000,0.282,0.002,0.716
533500,0.266,0.009,0.726
534000,0.304,0.009,0.686
534500,0.297,0.003,0.700
535000,0.336,0.004,0.661
535500,0.292,0.009,0.699
536000,0.308,0.009,0.682
536500,0.302,0.007,0.691
537000,0.307,0.007,0.685
537500,0.330,0.005,0.665
538000,0.355,0.003,0.642
538500,0.319,0.001,0.680
539000,0.334,0.002,0.664
539500,0.360,0.006,0.633
540000,0.374,0.002,0.624
540500,0.352,0.001,0.647
541000,0.399,0.000,0.601
541500,0.393,0.000,0.607
542000,0.420,0.004,0.576
542500,0.429,0.001,0.570
543000,0.401,0.000,0.599
543500,0.408,0.002,0.590
544000,0.409,0.000,0.591
544500,0.402,0.000,0.599
545000,0.394,0.000,0.606
545500,0.387,0.000,0.613
546000,0.414,0.000,0.586
546500,0.388,0.000,0.613
547000,0.371,0.000,0.629
547500,0.345,0.000,0.655
548000,0.326,0.000,0.674
548500,0.332,0.000,0.668
549000,0.298,0.004,0.698
549500,0.306,0.001,0.693
550000,0.377,0.001,0.623
550500,0.418,0.004,0.579
551000,0.417,0.001,0.583
551500,0.356,0.000,0.643
552000,0.397,0.000,0.603
552500,0.382,0.000,0.618
553000,0.423,0.000,0.577
553500,0.413,0.000,0.587
554000,0.380,0.000,0.620
554500,0.376,0.000,0.625
555000,0.379,0.000,0.621
555500,0.346,0.000,0.654
556000,0.390,0.000,0.611
556500,0.425,0.003,0.572
557000,0.452,0.001,0.548
557500,0.487,0.001,0.513
558000,0.495,0.000,0.505
558500,0.445,0.004,0.551
559000,0.448,0.002,0.550
559500,0.383,0.001,0.617
560000,0.394,0.005,0.601
560500,0.369,0.004,0.627
561000,0.398,0.001,0.602
561500,0.432,0.000,0.568
562000,0.404,0.002,0.594
562500,0.367,0.000,0.633
563000,0.403,0.000,0.597
563500,0.350,0.007,0.643
564000,0.344,0.011,0.645
564500,0.316,0.008,0.676
565000,0.290,0.002,0.708
565500,0.350,0.001,0.649
566000,0.301,0.002,0.697
566500,0.297,0.002,0.701
567000,0.275,0.008,0.717
567500,0.307,0.005,0.687
568000,0.339,0.005,0.656
568500,0.361,0.006,0.633
569000,0.427,0.001,0.573
569500,0.362,0.005,0.632
570000,0.322,0.007,0.671
570500,0.327,0.003,0.670
571000,0.317,0.001,0.683
571500,0.352,0.002,0.646
572000,0.364,0.000,0.636
572500,0.368,0.001,0.630
573000,0.369,0.002,0.629
573500,0.337,0.001,0.662
574000,0.351,0.000,0.649
574500,0.360,0.002,0.637
575000,0.351,0.001,0.648
575500,0.353,0.003,0.644
576000,0.333,0.000,0.667
576500,0.377,0.000,0.623
577000,0.371,0.000,0.629
577500,0.369,0.000,0.631
578000,0.359,0.001,0.640
578500,0.317,0.007,0.676
579000,0.300,0.003,0.698
579500,0.315,0.002,0.683
580000,0.332,0.004,0.664
580500,0.355,0.005,0.640
581000,0.322,0.003,0.675
581500,0.372,0.000,0.627
582000,0.347,0.001,0.652
582500,0.348,0.007,0.644
583000,0.362,0.001,0.637
583500,0.349,0.004,0.647
584000,0.287,0.004,0.710
584500,0.305,0.004,0.690
585000,0.313,0.005,0.682
585500,0.289,0.010,0.701
586000,0.272,0.017,0.712
586500,0.260,0.007,0.733
587000,0.307,0.011,0.683
587500,0.293,0.004,0.703
588000,0.328,0.002,0.670
588500,0.344,0.007,0.648
589000,0.372,0.002,0.626
589500,0.361,0.000,0.639
590000,0.379,0.007,0.614
590500,0.359,0.006,0.635
591000,0.315,0.003,0.682
591500,0.267,0.005,0.728
592000,0.305,0.005,0.690
592500,0.377,0.003,0.620
593000,0.382,0.001,0.617
593500,0.366,0.003,0.631
594000,0.385,0.001,0.615
594500,0.417,0.001,0.582
595000,0.371,0.001,0.629
595500,0.367,0.000,0.633
596000,0.422,0.000,0.578
596500,0.438,0.000,0.562
597000,0.376,0.000,0.624
597500,0.372,0.007,0.620
598000,0.343,0.004,0.653
598500,0.338,0.003,0.660
599000,0.299,0.001,0.700
599500,0.332,0.002,0.666
600000,0.317,0.001,0.683
600500,0.334,0.000,0.666
601000,0.356,0.000,0.644
601500,0.351,0.000,0.649
602000,0.333,0.000,0.667
602500,0.310,0.003,0.687
603000,0.388,0.001,0.612
603500,0.400,0.006,0.594
604000,0.378,0.001,0.622
604500,0.330,0.003,0.667
605000,0.330,0.003,0.667
605500,0.316,0.002,0.682
606000,0.289,0.009,0.702
606500,0.332,0.006,0.662
607000,0.361,0.002,0.637
607500,0.357,0.002,0.641
608000,0.398,0.001,0.602
608500,0.391,0.001,0.609
609000,0.359,0.000,0.641
609500,0.349,0.000,0.651
610000,0.301,0.000,0.699
610500,0.277,0.002,0.722
611000,0.263,0.005,0.733
611500,0.272,0.004,0.725
612000,0.259,0.013,0.728
612500,0.293,0.004,0.702
613000,0.318,0.005,0.677
613500,0.330,0.004,0.666
614000,0.347,0.001,0.652
614500,0.370,0.003,0.627
615000,0.340,0.006,0.654
615500,0.340,0.004,0.656
616000,0.369,0.008,0.623
616500,0.326,0.004,0.670
617000,0.338,0.000,0.662
617500,0.349,0.003,0.648
618000,0.400,0.000,0.601
618500,0.384,0.000,0.617
619000,0.380,0.002,0.619
619500,0.339,0.001,0.661
620000,0.319,0.002,0.679
620500,0.334,0.004,0.662
621000,0.300,0.005,0.695
621500,0.301,0.002,0.697
622000,0.344,0.001,0.656
622500,0.347,0.000,0.653
623000,0.346,0.004,0.650
623500,0.315,0.001,0.685
624000,0.322,0.003,0.675
624500,0.316,0.002,0.682
625000,0.340,0.001,0.659
625500,0.379,0.001,0.621
626000,0.345,0.001,0.654
626500,0.332,0.000,0.668
627000,0.331,0.005,0.664
627500,0.357,0.004,0.639
628000,0.351,0.001,0.648
628500,0.344,0.005,0.651
629000,0.291,0.005,0.704
629500,0.323,0.000,0.677
630000,0.341,0.004,0.655
630500,0.316,0.002,0.682
631000,0.303,0.007,0.690
631500,0.304,0.001,0.695
632000,0.302,0.002,0.696
632500,0.320,0.004,0.676
633000,0.302,0.005,0.693
633500,0.310,0.008,0.682
634000,0.287,0.006,0.707
634500,0.281,0.004,0.716
635000,0.265,0.023,0.712
635500,0.307,0.014,0.679
636000,0.287,0.011,0.703
636500,0.295,0.011,0.694
637000,0.283,0.009,0.707
637500,0.326,0.008,0.666
638000,0.336,0.002,0.662
638500,0.366,0.001,0.633
639000,0.362,0.002,0.637
639500,0.401,0.004,0.596
640000,0.382,0.001,0.618
640500,0.342,0.001,0.658
641000,0.350,0.011,0.638
641500,0.333,0.006,0.661
642000,0.297,0.010,0.693
642500,0.281,0.012,0.708
643000,0.277,0.009,0.715
643500,0.280,0.005,0.715
644000,0.292,0.016,0.692
644500,0.277,0.007,0.717
645000,0.313,0.002,0.685
645500,0.331,0.002,0.667
646000,0.338,0.008,0.654
646500,0.363,0.003,0.635
647000,0.412,0.000,0.588
647500,0.392,0.000,0.608
648000,0.317,0.004,0.679
648500,0.358,0.004,0.637
649000,0.306,0.002,0.692
649500,0.287,0.004,0.709
650000,0.267,0.009,0.725
650500,0.307,0.007,0.685
651000,0.267,0.005,0.729
651500,0.329,0.002,0.669
652000,0.348,0.000,0.651
652500,0.346,0.004,0.649
653000,0.348,0.002,0.651
653500,0.326,0.002,0.672
654000,0.318,0.002,0.680
654500,0.362,0.001,0.637
655000,0.322,0.003,0.675
655500,0.347,0.000,0.653
656000,0.326,0.007,0.667
656500,0.324,0.003,0.673
657000,0.319,0.005,0.676
657500,0.281,0.005,0.715
658000,0.300,0.003,0.697
658500,0.337,0.001,0.662
659000,0.321,0.005,0.674
659500,0.341,0.009,0.650
660000,0.346,0.004,0.651
660500,0.351,0.000,0.649
661000,0.361,0.000,0.639
661500,0.308,0.006,0.685
662000,0.321,0.003,0.676
662500,0.350,0.004,0.647
663000,0.291,0.007,0.702
663500,0.298,0.004,0.698
664000,0.366,0.001,0.634
664500,0.323,0.001,0.676
665000,0.307,0.004,0.689
665500,0.333,0.004,0.663
666000,0.342,0.006,0.652
666500,0.398,0.001,0.602
667000,0.358,0.004,0.637
667500,0.353,0.001,0.646
668000,0.326,0.003,0.672
668500,0.293,0.003,0.704
669000,0.350,0.004,0.646
669500,0.393,0.001,0.607
670000,0.358,0.000,0.642
670500,0.374,0.005,0.621
671000,0.372,0.002,0.626
671500,0.363,0.001,0.636
672000,0.382,0.000,0.619
672500,0.409,0.000,0.591
673000,0.364,0.000,0.636
673500,0.330,0.000,0.670
674000,0.325,0.000,0.675
674500,0.289,0.005,0.706
675000,0.324,0.005,0.671
675500,0.327,0.002,0.672
676000,0.344,0.000,0.656
676500,0.383,0.000,0.617
677000,0.401,0.000,0.599
677500,0.402,0.004,0.595
678000,0.447,0.004,0.549
678500,0.469,0.001,0.530
679000,0.460,0.000,0.540
679500,0.437,0.005,0.558
680000,0.418,0.002,0.581
680500,0.385,0.001,0.615
681000,0.414,0.000,0.586
681500,0.403,0.000,0.597
682000,0.396,0.000,0.605
682500,0.396,0.004,0.601
683000,0.333,0.002,0.666
683500,0.343,0.004,0.653
684000,0.393,0.001,0.606
684500,0.355,0.008,0.637
685000,0.369,0.001,0.631
685500,0.422,0.001,0.577
686000,0.407,0.001,0.592
686500,0.449,0.000,0.551
687000,0.396,0.000,0.604
687500,0.445,0.000,0.555
688000,0.406,0.004,0.590
688500,0.368,0.002,0.631
689000,0.382,0.001,0.618
689500,0.341,0.000,0.659
690000,0.404,0.000,0.596
690500,0.401,0.000,0.599
691000,0.379,0.000,0.621
691500,0.355,0.001,0.644
692000,0.369,0.000,0.631
692500,0.308,0.000,0.692
693000,0.372,0.000,0.627
693500,0.371,0.000,0.629
694000,0.442,0.003,0.556
694500,0.378,0.001,0.621
695000,0.368,0.000,0.632
695500,0.384,0.010,0.607
696000,0.361,0.003,0.636
696500,0.405,0.001,0.595
697000,0.352,0.000,0.647
697500,0.350,0.005,0.645
698000,0.354,0.001,0.645
698500,0.376,0.001,0.624
699000,0.327,0.007,0.666
699500,0.365,0.004,0.630
700000,0.353,0.001,0.646
700500,0.359,0.000,0.641
701000,0.426,0.000,0.574
701500,0.427,0.000,0.573
702000,0.420,0.002,0.578
702500,0.389,0.006,0.605
703000,0.343,0.001,0.657
703500,0.315,0.000,0.685
704000,0.308,0.004,0.688
704500,0.308,0.005,0.686
705000,0.326,0.003,0.671
705500,0.323,0.005,0.672
706000,0.333,0.001,0.666
706500,0.406,0.002,0.593
707000,0.395,0.001,0.604
707500,0.359,0.000,0.641
708000,0.340,0.002,0.659
708500,0.320,0.001,0.679
709000,0.291,0.002,0.707
709500,0.280,0.001,0.720
710000,0.295,0.011,0.694
710500,0.304,0.009,0.686
711000,0.308,0.004,0.688
711500,0.347,0.008,0.645
712000,0.258,0.014,0.728
712500,0.282,0.009,0.708
713000,0.284,0.009,0.708
713500,0.249,0.014,0.736
714000,0.244,0.009,0.747
714500,0.315,0.006,0.679
715000,0.313,0.005,0.682
715500,0.320,0.004,0.676
716000,0.324,0.011,0.665
716500,0.333,0.002,0.665
717000,0.290,0.004,0.706
717500,0.276,0.009,0.716
718000,0.320,0.002,0.678
718500,0.310,0.005,0.684
719000,0.323,0.010,0.667
719500,0.294,0.011,0.695
720000,0.312,0.004,0.683
720500,0.354,0.001,0.645
721000,0.403,0.004,0.593
721500,0.354,0.004,0.642
722000,0.347,0.004,0.649
722500,0.362,0.005,0.633
723000,0.388,0.002,0.611
723500,0.368,0.004,0.627
724000,0.350,0.004,0.647
724500,0.304,0.001,0.695
725000,0.263,0.007,0.730
725500,0.274,0.009,0.718
726000,0.300,0.009,0.691
726500,0.335,0.004,0.662
727000,0.347,0.003,0.650
727500,0.335,0.004,0.661
728000,0.331,0.015,0.654
728500,0.309,0.004,0.687
729000,0.322,0.004,0.673
729500,0.322,0.006,0.672
730000,0.346,0.009,0.644
730500,0.318,0.006,0.676
731000,0.333,0.008,0.659
731500,0.387,0.003,0.611
732000,0.336,0.004,0.659
732500,0.354,0.001,0.644
733000,0.362,0.003,0.635
733500,0.322,0.000,0.678
734000,0.347,0.001,0.652
734500,0.348,0.004,0.649
735000,0.348,0.001,0.651
735500,0.384,0.001,0.616
736000,0.337,0.004,0.660
736500,0.337,0.002,0.662
737000,0.358,0.001,0.641
737500,0.371,0.000,0.629
738000,0.355,0.000,0.645
738500,0.382,0.000,0.619
739000,0.440,0.000,0.560
739500,0.421,0.000,0.579
740000,0.370,0.000,0.629
740500,0.402,0.002,0.597
741000,0.349,0.000,0.651
741500,0.384,0.000,0.616
742000,0.365,0.005,0.630
742500,0.350,0.001,0.649
743000,0.372,0.000,0.628
743500,0.344,0.004,0.651
744000,0.335,0.009,0.657
744500,0.316,0.002,0.682
745000,0.295,0.004,0.702
745500,0.293,0.004,0.702
746000,0.304,0.001,0.695
746500,0.324,0.003,0.673
747000,0.344,0.009,0.647
747500,0.327,0.005,0.668
748000,0.333,0.001,0.666
748500,0.351,0.000,0.649
749000,0.369,0.003,0.628
749500,0.330,0.005,0.665
750000,0.385,0.005,0.610
750500,0.343,0.001,0.656
751000,0.360,0.002,0.637
751500,0.389,0.001,0.611
752000,0.358,0.002,0.641
752500,0.332,0.004,0.663
753000,0.358,0.001,0.641
753500,0.346,0.002,0.651
754000,0.343,0.001,0.657
754500,0.366,0.004,0.630
755000,0.353,0.001,0.647
755500,0.369,0.002,0.630
756000,0.387,0.000,0.613
756500,0.384,0.000,0.617
757000,0.361,0.000,0.639
757500,0.385,0.000,0.615
758000,0.388,0.000,0.612
758500,0.435,0.002,0.564
759000,0.382,0.000,0.619
759500,0.293,0.004,0.703
760000,0.312,0.003,0.685
760500,0.368,0.000,0.631
761000,0.343,0.000,0.657
761500,0.343,0.001,0.657
762000,0.376,0.003,0.622
762500,0.328,0.003,0.670
763000,0.311,0.001,0.688
763500,0.299,0.001,0.700
764000,0.291,0.011,0.699
764500,0.319,0.009,0.673
765000,0.352,0.000,0.647
765500,0.378,0.004,0.619
766000,0.323,0.003,0.674
766500,0.378,0.001,0.622
767000,0.380,0.004,0.616
767500,0.314,0.006,0.680
768000,0.320,0.014,0.666
768500,0.334,0.003,0.664
769000,0.287,0.007,0.705
769500,0.365,0.002,0.633
770000,0.377,0.002,0.622
770500,0.348,0.005,0.646
771000,0.324,0.001,0.676
771500,0.313,0.005,0.682
772000,0.305,0.010,0.685
772500,0.308,0.012,0.679
773000,0.319,0.005,0.676
773500,0.264,0.011,0.725
774000,0.261,0.010,0.729
774500,0.275,0.004,0.722
775000,0.293,0.001,0.706
775500,0.326,0.013,0.661
776000,0.309,0.006,0.685
776500,0.333,0.002,0.666
777000,0.301,0.004,0.696
777500,0.312,0.004,0.683
778000,0.339,0.006,0.655
778500,0.300,0.002,0.699
779000,0.294,0.001,0.705
779500,0.360,0.002,0.638
780000,0.355,0.001,0.644
780500,0.349,0.007,0.644
781000,0.338,0.002,0.660
781500,0.297,0.002,0.701
782000,0.268,0.018,0.714
782500,0.263,0.011,0.727
783000,0.273,0.019,0.708
783500,0.278,0.011,0.712
784000,0.341,0.006,0.653
784500,0.320,0.004,0.676
785000,0.297,0.006,0.696
785500,0.303,0.004,0.693
786000,0.338,0.002,0.660
786500,0.376,0.007,0.618
787000,0.336,0.002,0.662
787500,0.350,0.001,0.648
788000,0.372,0.003,0.624
788500,0.340,0.002,0.658
789000,0.341,0.003,0.657
789500,0.324,0.001,0.676
790000,0.396,0.000,0.605
790500,0.420,0.000,0.580
791000,0.412,0.000,0.588
791500,0.438,0.000,0.562
792000,0.411,0.000,0.589
792500,0.386,0.003,0.612
793000,0.386,0.000,0.615
793500,0.381,0.000,0.619
794000,0.414,0.003,0.583
794500,0.349,0.007,0.644
795000,0.305,0.010,0.684
795500,0.317,0.004,0.679
796000,0.340,0.000,0.660
796500,0.362,0.000,0.638
797000,0.364,0.002,0.634
797500,0.388,0.003,0.610
798000,0.378,0.000,0.623
798500,0.429,0.000,0.571
799000,0.373,0.000,0.627
799500,0.418,0.000,0.582
800000,0.399,0.005,0.596
800500,0.356,0.004,0.639
801000,0.327,0.005,0.668
801500,0.339,0.011,0.650
802000,0.356,0.009,0.634
802500,0.380,0.004,0.617
803000,0.324,0.001,0.675
803500,0.332,0.003,0.665
