time,n_A+p,n_B,n_AB
500,0.050,0.432,0.518
1000,0.050,0.290,0.660
1500,0.050,0.295,0.655
2000,0.056,0.287,0.657
2500,0.053,0.282,0.665
3000,0.050,0.267,0.683
3500,0.050,0.222,0.728
4000,0.050,0.236,0.714
4500,0.061,0.225,0.714
5000,0.050,0.316,0.634
5500,0.130,0.095,0.775
6000,0.698,0.001,0.301
6500,0.734,0.000,0.266
7000,0.847,0.000,0.153
7500,0.931,0.000,0.069
8000,0.957,0.000,0.043
8500,0.975,0.000,0.025
9000,0.969,0.000,0.031
9500,0.986,0.000,0.014
10000,0.994,0.000,0.006
10500,1.000,0.000,0.000
