time,n_A+p,n_B,n_AB
500,0.030,0.827,0.143
1000,0.030,0.593,0.377
1500,0.030,0.311,0.659
2000,0.033,0.164,0.804
2500,0.048,0.089,0.863
3000,0.069,0.070,0.861
3500,0.066,0.038,0.896
4000,0.072,0.029,0.898
4500,0.077,0.036,0.886
5000,0.100,0.030,0.870
5500,0.102,0.022,0.875
6000,0.116,0.017,0.868
6500,0.103,0.021,0.876
7000,0.105,0.009,0.885
7500,0.106,0.011,0.883
8000,0.086,0.016,0.897
8500,0.075,0.031,0.894
9000,0.085,0.044,0.871
9500,0.082,0.021,0.897
10000,0.076,0.028,0.896
10500,0.077,0.028,0.895
11000,0.074,0.048,0.877
11500,0.090,0.037,0.873
12000,0.088,0.044,0.867
12500,0.091,0.025,0.884
13000,0.099,0.005,0.896
13500,0.085,0.011,0.905
14000,0.086,0.024,0.890
14500,0.076,0.051,0.874
15000,0.075,0.040,0.885
15500,0.111,0.036,0.853
16000,0.107,0.017,0.877
16500,0.117,0.018,0.865
17000,0.090,0.013,0.897
17500,0.107,0.015,0.879
18000,0.087,0.029,0.884
18500,0.084,0.034,0.883
19000,0.099,0.024,0.878
19500,0.099,0.016,0.885
20000,0.081,0.016,0.903
20500,0.103,0.014,0.882
21000,0.085,0.011,0.904
21500,0.099,0.015,0.886
22000,0.093,0.013,0.894
22500,0.093,0.030,0.877
23000,0.085,0.051,0.864
23500,0.072,0.036,0.891
24000,0.098,0.018,0.884
24500,0.093,0.018,0.888
25000,0.108,0.013,0.880
25500,0.113,0.026,0.861
26000,0.091,0.030,0.878
26500,0.093,0.030,0.877
27000,0.082,0.035,0.883
27500,0.069,0.030,0.901
28000,0.063,0.020,0.917
28500,0.105,0.017,0.878
29000,0.079,0.025,0.897
29500,0.091,0.041,0.868
30000,0.070,0.038,0.891
30500,0.059,0.058,0.884
31000,0.084,0.037,0.879
31500,0.099,0.021,0.880
32000,0.086,0.023,0.890
32500,0.094,0.013,0.894
33000,0.109,0.029,0.862
33500,0.086,0.039,0.874
34000,0.064,0.029,0.908
34500,0.065,0.049,0.886
35000,0.086,0.014,0.900
35500,0.083,0.035,0.882
36000,0.067,0.035,0.899
36500,0.088,0.030,0.881
37000,0.106,0.028,0.866
37500,0.091,0.026,0.883
38000,0.053,0.033,0.914
38500,0.076,0.038,0.886
39000,0.104,0.032,0.863
39500,0.110,0.036,0.854
40000,0.091,0.024,0.886
40500,0.074,0.033,0.893
41000,0.085,0.032,0.883
41500,0.075,0.019,0.905
42000,0.089,0.025,0.886
42500,0.086,0.022,0.892
43000,0.082,0.019,0.899
43500,0.099,0.042,0.860
44000,0.073,0.025,0.902
44500,0.082,0.029,0.889
45000,0.085,0.033,0.883
45500,0.099,0.037,0.864
46000,0.076,0.015,0.910
46500,0.073,0.057,0.869
47000,0.075,0.035,0.890
47500,0.089,0.034,0.877
48000,0.095,0.022,0.883
48500,0.101,0.013,0.886
49000,0.098,0.011,0.891
49500,0.099,0.020,0.881
50000,0.086,0.027,0.887
50500,0.093,0.019,0.887
51000,0.091,0.020,0.888
51500,0.110,0.015,0.876
52000,0.108,0.032,0.860
52500,0.085,0.030,0.885
53000,0.069,0.043,0.888
53500,0.082,0.030,0.888
54000,0.093,0.019,0.887
54500,0.135,0.043,0.822
55000,0.105,0.028,0.867
55500,0.069,0.025,0.906
56000,0.072,0.035,0.894
56500,0.090,0.030,0.880
57000,0.074,0.034,0.893
57500,0.085,0.044,0.871
58000,0.070,0.032,0.898
58500,0.077,0.030,0.892
59000,0.080,0.043,0.877
59500,0.091,0.040,0.868
60000,0.087,0.034,0.880
60500,0.085,0.022,0.893
61000,0.090,0.039,0.871
61500,0.065,0.031,0.904
62000,0.083,0.040,0.878
62500,0.076,0.017,0.907
63000,0.082,0.033,0.886
63500,0.078,0.021,0.901
64000,0.089,0.011,0.899
64500,0.101,0.019,0.880
65000,0.093,0.017,0.890
65500,0.098,0.029,0.873
66000,0.096,0.019,0.885
66500,0.113,0.026,0.861
67000,0.099,0.025,0.877
67500,0.091,0.024,0.886
68000,0.098,0.020,0.882
68500,0.097,0.020,0.883
69000,0.086,0.009,0.905
69500,0.083,0.025,0.893
70000,0.072,0.035,0.893
70500,0.093,0.036,0.870
71000,0.086,0.018,0.896
71500,0.099,0.013,0.888
72000,0.113,0.013,0.875
72500,0.093,0.018,0.889
73000,0.102,0.013,0.886
73500,0.111,0.018,0.872
74000,0.089,0.013,0.898
74500,0.088,0.009,0.902
75000,0.120,0.019,0.860
75500,0.120,0.011,0.868
76000,0.110,0.021,0.869
76500,0.082,0.015,0.903
77000,0.100,0.028,0.872
77500,0.062,0.021,0.916
78000,0.092,0.037,0.871
78500,0.089,0.022,0.889
79000,0.085,0.032,0.883
79500,0.083,0.034,0.884
80000,0.102,0.016,0.881
80500,0.126,0.018,0.857
81000,0.085,0.019,0.896
81500,0.103,0.012,0.884
82000,0.086,0.009,0.905
82500,0.068,0.030,0.902
83000,0.091,0.030,0.878
83500,0.082,0.016,0.902
84000,0.100,0.026,0.874
84500,0.086,0.021,0.892
85000,0.082,0.014,0.904
85500,0.096,0.015,0.890
86000,0.089,0.005,0.906
86500,0.079,0.030,0.891
87000,0.076,0.024,0.901
87500,0.080,0.017,0.904
88000,0.080,0.029,0.891
88500,0.062,0.019,0.918
89000,0.079,0.030,0.891
89500,0.099,0.020,0.881
90000,0.101,0.023,0.876
90500,0.081,0.027,0.892
91000,0.084,0.026,0.890
91500,0.086,0.018,0.896
92000,0.080,0.029,0.891
92500,0.103,0.023,0.873
93000,0.106,0.017,0.877
93500,0.093,0.030,0.876
94000,0.092,0.024,0.884
94500,0.119,0.021,0.860
95000,0.096,0.015,0.889
95500,0.080,0.026,0.894
96000,0.089,0.033,0.878
96500,0.070,0.017,0.912
97000,0.084,0.033,0.883
97500,0.072,0.038,0.890
98000,0.102,0.011,0.887
98500,0.088,0.018,0.895
99000,0.092,0.019,0.889
99500,0.108,0.019,0.873
100000,0.076,0.027,0.896
100500,0.115,0.014,0.871
101000,0.118,0.015,0.867
101500,0.111,0.022,0.867
102000,0.092,0.015,0.892
102500,0.096,0.013,0.892
103000,0.102,0.005,0.892
103500,0.105,0.021,0.874
104000,0.090,0.025,0.885
104500,0.090,0.021,0.889
105000,0.087,0.048,0.865
105500,0.095,0.036,0.869
106000,0.086,0.027,0.887
106500,0.093,0.030,0.876
107000,0.090,0.021,0.889
107500,0.088,0.036,0.876
108000,0.070,0.031,0.899
108500,0.077,0.024,0.898
109000,0.061,0.047,0.892
109500,0.072,0.059,0.869
110000,0.066,0.034,0.900
110500,0.091,0.051,0.858
111000,0.067,0.066,0.868
111500,0.069,0.029,0.902
112000,0.083,0.019,0.898
112500,0.083,0.022,0.895
113000,0.075,0.041,0.884
113500,0.061,0.033,0.907
114000,0.070,0.025,0.905
114500,0.096,0.017,0.887
115000,0.085,0.033,0.883
115500,0.083,0.017,0.901
116000,0.092,0.028,0.881
116500,0.101,0.020,0.879
117000,0.092,0.025,0.883
117500,0.084,0.032,0.885
118000,0.081,0.025,0.894
118500,0.081,0.029,0.890
119000,0.072,0.055,0.872
119500,0.072,0.030,0.897
120000,0.103,0.018,0.878
120500,0.086,0.029,0.884
121000,0.070,0.021,0.908
121500,0.103,0.037,0.859
122000,0.121,0.029,0.850
122500,0.130,0.018,0.852
123000,0.126,0.018,0.857
123500,0.119,0.009,0.872
124000,0.110,0.011,0.880
124500,0.103,0.015,0.882
125000,0.098,0.035,0.867
125500,0.106,0.031,0.863
126000,0.099,0.031,0.870
126500,0.080,0.051,0.869
127000,0.098,0.049,0.853
127500,0.090,0.028,0.881
128000,0.069,0.034,0.898
128500,0.058,0.048,0.895
129000,0.056,0.044,0.899
129500,0.067,0.027,0.906
130000,0.066,0.053,0.880
130500,0.099,0.033,0.868
131000,0.077,0.040,0.882
131500,0.070,0.032,0.898
132000,0.059,0.047,0.894
132500,0.052,0.051,0.896
133000,0.067,0.036,0.897
133500,0.049,0.033,0.918
134000,0.087,0.025,0.887
134500,0.088,0.025,0.887
135000,0.068,0.046,0.886
135500,0.068,0.060,0.873
136000,0.068,0.042,0.890
136500,0.079,0.040,0.881
137000,0.079,0.043,0.878
137500,0.082,0.025,0.893
138000,0.095,0.025,0.880
138500,0.113,0.019,0.868
139000,0.093,0.011,0.897
139500,0.120,0.013,0.867
140000,0.102,0.009,0.888
140500,0.101,0.029,0.871
141000,0.081,0.035,0.884
141500,0.089,0.018,0.893
142000,0.115,0.007,0.878
142500,0.128,0.034,0.839
143000,0.099,0.014,0.887
143500,0.100,0.009,0.891
144000,0.101,0.013,0.887
144500,0.109,0.015,0.877
145000,0.115,0.007,0.878
145500,0.102,0.013,0.884
146000,0.098,0.026,0.876
146500,0.102,0.017,0.880
147000,0.117,0.015,0.867
147500,0.124,0.013,0.862
148000,0.113,0.021,0.866
148500,0.076,0.019,0.905
149000,0.097,0.025,0.879
149500,0.113,0.018,0.869
150000,0.100,0.028,0.873
150500,0.089,0.028,0.883
151000,0.110,0.023,0.867
151500,0.087,0.019,0.894
152000,0.096,0.015,0.889
152500,0.090,0.045,0.864
153000,0.083,0.042,0.875
153500,0.085,0.040,0.875
154000,0.078,0.028,0.895
154500,0.072,0.035,0.893
155000,0.067,0.043,0.890
155500,0.090,0.020,0.889
156000,0.096,0.018,0.886
156500,0.073,0.024,0.904
157000,0.097,0.013,0.891
157500,0.096,0.015,0.889
158000,0.073,0.038,0.888
158500,0.092,0.029,0.879
159000,0.118,0.009,0.873
159500,0.106,0.016,0.878
160000,0.099,0.022,0.879
160500,0.076,0.042,0.882
161000,0.072,0.019,0.908
161500,0.068,0.022,0.910
162000,0.082,0.034,0.884
162500,0.074,0.034,0.892
163000,0.071,0.035,0.893
163500,0.065,0.045,0.890
164000,0.085,0.053,0.862
164500,0.092,0.029,0.880
165000,0.105,0.025,0.870
165500,0.110,0.012,0.878
166000,0.106,0.006,0.888
166500,0.086,0.011,0.904
167000,0.066,0.028,0.907
167500,0.072,0.029,0.898
168000,0.115,0.025,0.861
168500,0.078,0.032,0.890
169000,0.100,0.019,0.881
169500,0.084,0.032,0.885
170000,0.082,0.051,0.868
170500,0.069,0.051,0.881
171000,0.081,0.059,0.860
171500,0.095,0.040,0.865
172000,0.084,0.042,0.875
172500,0.084,0.026,0.890
173000,0.080,0.030,0.890
173500,0.098,0.029,0.873
174000,0.113,0.028,0.860
174500,0.095,0.035,0.871
175000,0.075,0.042,0.882
175500,0.058,0.039,0.903
176000,0.069,0.023,0.908
176500,0.086,0.025,0.889
177000,0.091,0.013,0.896
177500,0.091,0.021,0.888
178000,0.098,0.025,0.877
178500,0.095,0.040,0.865
179000,0.086,0.043,0.870
179500,0.082,0.038,0.880
180000,0.090,0.024,0.886
180500,0.082,0.036,0.882
181000,0.082,0.025,0.893
181500,0.094,0.024,0.883
182000,0.093,0.030,0.877
182500,0.073,0.017,0.910
183000,0.079,0.031,0.890
183500,0.085,0.040,0.876
184000,0.082,0.035,0.883
184500,0.085,0.027,0.888
185000,0.100,0.011,0.889
185500,0.099,0.021,0.880
186000,0.096,0.017,0.887
186500,0.093,0.021,0.885
187000,0.090,0.018,0.891
187500,0.082,0.028,0.890
188000,0.073,0.021,0.905
188500,0.075,0.021,0.904
189000,0.108,0.026,0.866
189500,0.099,0.013,0.888
190000,0.094,0.037,0.869
190500,0.100,0.030,0.870
191000,0.083,0.037,0.880
191500,0.087,0.063,0.849
192000,0.079,0.027,0.894
192500,0.113,0.018,0.870
193000,0.099,0.022,0.879
193500,0.097,0.013,0.890
194000,0.103,0.019,0.877
194500,0.088,0.029,0.882
195000,0.083,0.033,0.885
195500,0.094,0.026,0.880
196000,0.077,0.037,0.886
196500,0.075,0.035,0.890
197000,0.080,0.032,0.889
197500,0.100,0.018,0.882
198000,0.090,0.036,0.874
198500,0.083,0.024,0.893
199000,0.102,0.024,0.874
199500,0.110,0.025,0.866
200000,0.107,0.021,0.873
200500,0.138,0.007,0.855
201000,0.116,0.009,0.875
201500,0.089,0.022,0.888
202000,0.075,0.018,0.908
202500,0.079,0.052,0.869
203000,0.076,0.041,0.883
203500,0.080,0.047,0.873
204000,0.090,0.031,0.878
204500,0.087,0.017,0.895
205000,0.090,0.009,0.901
205500,0.121,0.018,0.860
206000,0.100,0.017,0.883
206500,0.087,0.029,0.884
207000,0.081,0.016,0.903
207500,0.088,0.018,0.894
208000,0.092,0.035,0.874
208500,0.074,0.040,0.885
209000,0.079,0.035,0.886
209500,0.062,0.035,0.903
210000,0.067,0.031,0.902
210500,0.068,0.035,0.897
211000,0.090,0.025,0.885
211500,0.077,0.016,0.906
212000,0.077,0.030,0.893
212500,0.089,0.025,0.886
213000,0.097,0.045,0.858
213500,0.075,0.030,0.894
214000,0.091,0.035,0.875
214500,0.065,0.013,0.922
215000,0.088,0.022,0.890
215500,0.105,0.013,0.882
216000,0.103,0.013,0.885
216500,0.122,0.012,0.865
217000,0.087,0.013,0.900
217500,0.091,0.024,0.885
218000,0.089,0.018,0.893
218500,0.080,0.028,0.892
219000,0.072,0.037,0.890
219500,0.079,0.015,0.906
220000,0.102,0.017,0.882
220500,0.142,0.009,0.849
221000,0.102,0.017,0.882
221500,0.100,0.006,0.894
222000,0.089,0.015,0.895
222500,0.099,0.029,0.872
223000,0.080,0.011,0.909
223500,0.079,0.033,0.888
224000,0.072,0.022,0.906
224500,0.071,0.023,0.906
225000,0.079,0.029,0.893
225500,0.096,0.021,0.883
226000,0.099,0.021,0.880
226500,0.086,0.021,0.893
227000,0.071,0.042,0.887
227500,0.091,0.035,0.873
228000,0.079,0.027,0.894
228500,0.058,0.040,0.902
229000,0.071,0.037,0.891
229500,0.070,0.043,0.886
230000,0.085,0.060,0.855
230500,0.068,0.071,0.861
231000,0.077,0.044,0.878
231500,0.084,0.025,0.892
232000,0.089,0.035,0.876
232500,0.085,0.025,0.890
233000,0.080,0.026,0.894
233500,0.073,0.062,0.865
234000,0.069,0.054,0.877
234500,0.064,0.061,0.874
235000,0.085,0.041,0.875
235500,0.078,0.018,0.904
236000,0.084,0.018,0.898
236500,0.119,0.018,0.863
237000,0.119,0.024,0.858
237500,0.092,0.013,0.895
238000,0.079,0.011,0.910
238500,0.086,0.029,0.885
239000,0.078,0.032,0.891
239500,0.071,0.031,0.897
240000,0.065,0.028,0.907
240500,0.061,0.034,0.905
241000,0.070,0.011,0.919
241500,0.105,0.025,0.869
242000,0.077,0.033,0.890
242500,0.096,0.022,0.882
243000,0.079,0.041,0.880
243500,0.110,0.036,0.854
244000,0.070,0.046,0.883
244500,0.073,0.038,0.889
245000,0.078,0.021,0.901
245500,0.096,0.026,0.878
246000,0.083,0.034,0.883
246500,0.085,0.049,0.867
247000,0.074,0.034,0.891
247500,0.108,0.021,0.871
248000,0.088,0.018,0.893
248500,0.097,0.017,0.886
249000,0.075,0.014,0.911
249500,0.065,0.019,0.916
250000,0.077,0.028,0.895
250500,0.110,0.038,0.852
251000,0.084,0.033,0.884
251500,0.081,0.034,0.885
252000,0.076,0.054,0.870
252500,0.095,0.029,0.876
253000,0.088,0.033,0.879
253500,0.101,0.025,0.875
254000,0.101,0.011,0.889
254500,0.117,0.021,0.862
255000,0.108,0.013,0.880
255500,0.104,0.022,0.873
256000,0.084,0.025,0.892
256500,0.089,0.013,0.899
257000,0.076,0.038,0.885
257500,0.076,0.027,0.897
258000,0.087,0.035,0.878
258500,0.085,0.020,0.895
259000,0.107,0.017,0.876
259500,0.099,0.028,0.873
260000,0.096,0.035,0.870
260500,0.098,0.028,0.875
261000,0.090,0.022,0.887
261500,0.094,0.013,0.893
262000,0.098,0.018,0.884
262500,0.116,0.008,0.876
263000,0.106,0.007,0.886
263500,0.120,0.003,0.876
264000,0.122,0.012,0.866
264500,0.087,0.010,0.903
265000,0.110,0.019,0.871
265500,0.086,0.027,0.887
266000,0.106,0.017,0.876
266500,0.103,0.015,0.882
267000,0.088,0.035,0.877
267500,0.084,0.012,0.904
268000,0.071,0.045,0.884
268500,0.066,0.049,0.886
269000,0.090,0.043,0.866
269500,0.074,0.036,0.890
270000,0.071,0.044,0.884
270500,0.069,0.044,0.887
271000,0.065,0.043,0.892
271500,0.063,0.039,0.898
272000,0.088,0.030,0.882
272500,0.111,0.016,0.873
273000,0.088,0.026,0.886
273500,0.076,0.032,0.891
274000,0.077,0.024,0.900
274500,0.070,0.028,0.903
275000,0.104,0.009,0.887
275500,0.109,0.015,0.876
276000,0.092,0.032,0.876
276500,0.098,0.014,0.888
277000,0.098,0.017,0.886
277500,0.085,0.018,0.897
278000,0.097,0.028,0.875
278500,0.093,0.029,0.878
279000,0.095,0.028,0.877
279500,0.080,0.032,0.889
280000,0.100,0.013,0.887
280500,0.089,0.025,0.885
281000,0.127,0.015,0.858
281500,0.086,0.014,0.900
282000,0.089,0.014,0.897
282500,0.087,0.008,0.904
283000,0.091,0.024,0.886
283500,0.082,0.020,0.898
284000,0.090,0.014,0.896
284500,0.117,0.015,0.868
285000,0.086,0.025,0.889
285500,0.071,0.026,0.903
286000,0.079,0.041,0.881
286500,0.098,0.040,0.862
287000,0.059,0.046,0.894
287500,0.071,0.034,0.896
288000,0.080,0.018,0.902
288500,0.082,0.032,0.886
289000,0.081,0.028,0.891
289500,0.095,0.022,0.883
290000,0.099,0.015,0.886
290500,0.095,0.013,0.893
291000,0.092,0.011,0.896
291500,0.099,0.017,0.885
292000,0.077,0.035,0.889
292500,0.070,0.023,0.907
293000,0.103,0.017,0.879
293500,0.102,0.018,0.880
294000,0.086,0.019,0.895
294500,0.100,0.032,0.869
295000,0.078,0.027,0.895
295500,0.099,0.016,0.885
296000,0.067,0.024,0.910
296500,0.054,0.036,0.909
297000,0.070,0.037,0.892
297500,0.066,0.053,0.881
298000,0.074,0.042,0.885
298500,0.054,0.040,0.906
299000,0.084,0.031,0.885
299500,0.104,0.019,0.876
300000,0.113,0.025,0.863
300500,0.085,0.036,0.879
301000,0.070,0.019,0.910
301500,0.093,0.028,0.878
302000,0.091,0.019,0.890
302500,0.083,0.030,0.887
303000,0.088,0.045,0.867
303500,0.059,0.041,0.899
304000,0.060,0.042,0.897
304500,0.065,0.030,0.905
305000,0.092,0.017,0.891
305500,0.085,0.014,0.901
306000,0.074,0.033,0.894
306500,0.087,0.025,0.888
307000,0.102,0.013,0.886
307500,0.094,0.014,0.892
308000,0.077,0.011,0.911
308500,0.084,0.020,0.896
309000,0.070,0.025,0.905
309500,0.113,0.021,0.866
310000,0.119,0.028,0.853
310500,0.106,0.015,0.878
311000,0.075,0.006,0.919
311500,0.118,0.012,0.870
312000,0.095,0.013,0.892
312500,0.101,0.011,0.888
313000,0.069,0.021,0.910
313500,0.085,0.029,0.886
314000,0.072,0.035,0.894
314500,0.068,0.029,0.903
315000,0.065,0.033,0.903
315500,0.067,0.030,0.903
316000,0.050,0.045,0.904
316500,0.068,0.038,0.893
317000,0.072,0.041,0.887
317500,0.100,0.021,0.879
318000,0.116,0.019,0.865
318500,0.121,0.017,0.863
319000,0.092,0.007,0.901
319500,0.098,0.015,0.887
320000,0.110,0.017,0.873
320500,0.098,0.013,0.890
321000,0.087,0.027,0.885
321500,0.053,0.029,0.918
322000,0.074,0.015,0.912
322500,0.070,0.030,0.899
323000,0.076,0.030,0.894
323500,0.079,0.041,0.880
324000,0.081,0.025,0.894
324500,0.096,0.018,0.886
325000,0.110,0.017,0.873
325500,0.099,0.013,0.888
326000,0.099,0.023,0.878
326500,0.114,0.011,0.876
327000,0.098,0.037,0.865
327500,0.098,0.029,0.874
328000,0.101,0.021,0.879
328500,0.109,0.027,0.864
329000,0.075,0.020,0.905
329500,0.101,0.014,0.885
330000,0.099,0.021,0.880
330500,0.075,0.022,0.902
331000,0.096,0.014,0.890
331500,0.084,0.031,0.885
332000,0.085,0.025,0.890
332500,0.074,0.016,0.909
333000,0.085,0.020,0.895
333500,0.072,0.025,0.903
334000,0.094,0.019,0.887
334500,0.100,0.025,0.875
335000,0.095,0.018,0.887
335500,0.080,0.035,0.885
336000,0.087,0.026,0.887
336500,0.077,0.011,0.912
337000,0.053,0.046,0.900
337500,0.078,0.033,0.889
338000,0.096,0.027,0.877
338500,0.084,0.030,0.886
339000,0.073,0.040,0.886
339500,0.074,0.033,0.893
340000,0.115,0.036,0.849
340500,0.086,0.030,0.884
341000,0.109,0.028,0.864
341500,0.091,0.029,0.880
342000,0.094,0.022,0.884
342500,0.078,0.009,0.914
343000,0.081,0.011,0.908
343500,0.082,0.035,0.883
344000,0.112,0.017,0.872
344500,0.117,0.024,0.859
345000,0.112,0.015,0.873
345500,0.113,0.015,0.872
346000,0.096,0.016,0.888
346500,0.105,0.015,0.881
347000,0.086,0.018,0.896
347500,0.083,0.036,0.881
348000,0.112,0.009,0.879
348500,0.095,0.017,0.889
349000,0.119,0.026,0.854
349500,0.104,0.017,0.879
350000,0.090,0.026,0.883
350500,0.083,0.026,0.891
351000,0.076,0.038,0.886
351500,0.095,0.026,0.879
352000,0.091,0.015,0.894
352500,0.086,0.046,0.868
353000,0.079,0.029,0.893
353500,0.081,0.019,0.900
354000,0.085,0.011,0.905
354500,0.065,0.025,0.911
355000,0.089,0.022,0.888
355500,0.100,0.017,0.884
356000,0.070,0.037,0.892
356500,0.098,0.032,0.871
357000,0.071,0.025,0.904
357500,0.093,0.033,0.874
358000,0.103,0.044,0.853
358500,0.084,0.027,0.889
359000,0.102,0.029,0.869
359500,0.083,0.037,0.880
360000,0.076,0.034,0.889
360500,0.101,0.021,0.879
361000,0.119,0.013,0.869
361500,0.093,0.011,0.895
362000,0.102,0.020,0.877
362500,0.076,0.017,0.907
363000,0.087,0.045,0.868
363500,0.090,0.033,0.876
364000,0.085,0.029,0.886
364500,0.078,0.011,0.912
365000,0.099,0.012,0.889
365500,0.096,0.032,0.873
366000,0.095,0.018,0.887
366500,0.102,0.026,0.871
367000,0.087,0.017,0.895
367500,0.085,0.018,0.898
368000,0.081,0.026,0.893
368500,0.092,0.007,0.900
369000,0.067,0.042,0.891
369500,0.063,0.049,0.888
370000,0.058,0.052,0.890
370500,0.074,0.026,0.899
371000,0.085,0.017,0.899
371500,0.099,0.015,0.886
372000,0.101,0.019,0.880
372500,0.110,0.028,0.862
373000,0.113,0.029,0.858
373500,0.080,0.028,0.892
374000,0.075,0.029,0.895
374500,0.072,0.036,0.891
375000,0.086,0.035,0.879
375500,0.083,0.027,0.890
376000,0.077,0.029,0.894
376500,0.072,0.026,0.902
377000,0.089,0.029,0.881
377500,0.095,0.017,0.889
378000,0.076,0.033,0.892
378500,0.068,0.037,0.895
379000,0.082,0.019,0.899
379500,0.090,0.022,0.887
380000,0.112,0.019,0.869
380500,0.096,0.032,0.873
381000,0.103,0.014,0.882
381500,0.098,0.015,0.888
382000,0.088,0.018,0.894
382500,0.121,0.010,0.869
383000,0.112,0.026,0.862
383500,0.087,0.021,0.892
384000,0.072,0.020,0.908
384500,0.069,0.030,0.901
385000,0.070,0.025,0.905
385500,0.096,0.030,0.874
386000,0.100,0.020,0.880
386500,0.093,0.027,0.880
387000,0.080,0.021,0.899
387500,0.078,0.018,0.904
388000,0.089,0.020,0.890
388500,0.112,0.013,0.875
389000,0.105,0.030,0.865
389500,0.113,0.013,0.875
390000,0.110,0.013,0.878
390500,0.102,0.023,0.874
391000,0.100,0.023,0.877
391500,0.105,0.020,0.875
392000,0.083,0.019,0.898
392500,0.076,0.017,0.907
393000,0.070,0.026,0.903
393500,0.062,0.028,0.910
394000,0.070,0.038,0.891
394500,0.080,0.034,0.887
395000,0.084,0.037,0.879
395500,0.076,0.019,0.905
396000,0.064,0.029,0.906
396500,0.068,0.051,0.881
397000,0.083,0.051,0.866
397500,0.083,0.041,0.877
398000,0.106,0.030,0.863
398500,0.087,0.038,0.874
399000,0.085,0.035,0.880
399500,0.089,0.015,0.895
400000,0.092,0.032,0.876
400500,0.105,0.028,0.867
401000,0.114,0.024,0.863
401500,0.114,0.006,0.880
402000,0.090,0.024,0.886
402500,0.083,0.042,0.876
403000,0.089,0.021,0.889
403500,0.089,0.028,0.884
404000,0.113,0.021,0.866
404500,0.105,0.015,0.880
405000,0.081,0.026,0.893
405500,0.068,0.040,0.892
406000,0.064,0.056,0.880
406500,0.068,0.043,0.889
407000,0.082,0.044,0.874
407500,0.076,0.028,0.896
408000,0.091,0.034,0.875
408500,0.092,0.020,0.887
409000,0.087,0.023,0.890
409500,0.082,0.044,0.874
410000,0.105,0.025,0.870
410500,0.092,0.028,0.881
411000,0.106,0.013,0.881
411500,0.090,0.026,0.883
412000,0.057,0.047,0.896
412500,0.088,0.022,0.890
413000,0.112,0.018,0.870
413500,0.091,0.043,0.865
414000,0.071,0.065,0.864
414500,0.082,0.029,0.889
415000,0.096,0.018,0.886
415500,0.127,0.015,0.858
416000,0.117,0.004,0.879
416500,0.110,0.007,0.883
417000,0.099,0.012,0.889
417500,0.112,0.025,0.863
418000,0.084,0.028,0.889
418500,0.074,0.028,0.899
419000,0.079,0.019,0.902
419500,0.082,0.031,0.887
420000,0.083,0.028,0.890
420500,0.093,0.041,0.865
421000,0.086,0.042,0.872
421500,0.089,0.037,0.873
422000,0.095,0.037,0.868
422500,0.098,0.025,0.877
423000,0.112,0.019,0.869
423500,0.114,0.017,0.869
424000,0.093,0.011,0.896
424500,0.099,0.006,0.895
425000,0.091,0.024,0.886
425500,0.084,0.029,0.888
426000,0.087,0.043,0.869
426500,0.114,0.025,0.861
427000,0.110,0.022,0.868
427500,0.097,0.028,0.875
428000,0.100,0.019,0.881
428500,0.131,0.004,0.865
429000,0.137,0.017,0.846
429500,0.116,0.014,0.870
430000,0.133,0.031,0.836
430500,0.104,0.024,0.871
431000,0.083,0.024,0.894
431500,0.106,0.013,0.880
432000,0.104,0.013,0.884
432500,0.065,0.025,0.910
433000,0.116,0.013,0.871
433500,0.100,0.008,0.892
434000,0.101,0.018,0.881
434500,0.098,0.029,0.873
435000,0.102,0.031,0.866
435500,0.090,0.020,0.890
436000,0.097,0.019,0.884
436500,0.109,0.029,0.862
437000,0.084,0.029,0.887
437500,0.116,0.027,0.857
438000,0.118,0.020,0.862
438500,0.088,0.032,0.880
439000,0.106,0.025,0.868
439500,0.092,0.038,0.869
440000,0.087,0.030,0.882
440500,0.093,0.021,0.886
441000,0.100,0.024,0.877
441500,0.078,0.021,0.901
442000,0.093,0.021,0.886
442500,0.126,0.006,0.868
443000,0.127,0.011,0.863
443500,0.110,0.015,0.875
444000,0.089,0.022,0.889
444500,0.070,0.040,0.890
445000,0.075,0.027,0.897
445500,0.075,0.035,0.891
446000,0.080,0.040,0.880
446500,0.134,0.015,0.852
447000,0.093,0.029,0.878
447500,0.090,0.025,0.885
448000,0.097,0.013,0.891
448500,0.099,0.027,0.874
449000,0.097,0.014,0.889
449500,0.116,0.021,0.863
450000,0.087,0.023,0.890
450500,0.087,0.019,0.893
451000,0.088,0.017,0.894
451500,0.084,0.035,0.881
452000,0.070,0.021,0.909
452500,0.100,0.027,0.873
453000,0.085,0.028,0.887
453500,0.072,0.027,0.901
454000,0.086,0.024,0.891
454500,0.074,0.022,0.904
455000,0.098,0.020,0.882
455500,0.091,0.022,0.886
456000,0.095,0.024,0.881
456500,0.076,0.031,0.892
457000,0.099,0.025,0.877
457500,0.092,0.027,0.880
458000,0.070,0.030,0.900
458500,0.056,0.052,0.891
459000,0.101,0.021,0.878
459500,0.103,0.017,0.880
460000,0.091,0.011,0.897
460500,0.070,0.017,0.914
461000,0.081,0.026,0.893
461500,0.099,0.016,0.885
462000,0.096,0.019,0.885
462500,0.105,0.018,0.878
463000,0.135,0.016,0.849
463500,0.101,0.013,0.886
464000,0.093,0.021,0.885
464500,0.085,0.020,0.895
465000,0.096,0.008,0.896
465500,0.115,0.004,0.881
466000,0.117,0.017,0.866
466500,0.083,0.026,0.891
467000,0.071,0.026,0.902
467500,0.082,0.024,0.895
468000,0.091,0.018,0.890
468500,0.094,0.024,0.882
469000,0.104,0.024,0.872
469500,0.093,0.036,0.870
470000,0.102,0.011,0.887
470500,0.085,0.017,0.898
471000,0.102,0.009,0.890
471500,0.106,0.024,0.870
472000,0.108,0.017,0.875
472500,0.087,0.027,0.885
473000,0.097,0.018,0.885
473500,0.084,0.028,0.889
474000,0.086,0.025,0.888
474500,0.102,0.010,0.887
475000,0.122,0.021,0.856
475500,0.102,0.013,0.885
476000,0.111,0.033,0.856
476500,0.090,0.022,0.888
477000,0.096,0.025,0.879
477500,0.096,0.029,0.875
478000,0.093,0.036,0.871
478500,0.104,0.028,0.868
479000,0.088,0.024,0.887
479500,0.089,0.025,0.887
480000,0.091,0.016,0.892
480500,0.087,0.036,0.877
481000,0.123,0.009,0.868
481500,0.112,0.018,0.871
482000,0.077,0.018,0.904
482500,0.086,0.024,0.890
483000,0.068,0.024,0.909
483500,0.105,0.014,0.881
484000,0.090,0.015,0.896
484500,0.097,0.029,0.874
485000,0.117,0.017,0.866
485500,0.092,0.011,0.896
486000,0.096,0.015,0.889
486500,0.089,0.013,0.898
487000,0.116,0.013,0.871
487500,0.114,0.006,0.880
488000,0.101,0.006,0.893
488500,0.099,0.018,0.883
489000,0.097,0.016,0.887
489500,0.099,0.012,0.889
490000,0.077,0.030,0.892
490500,0.099,0.027,0.874
491000,0.114,0.012,0.874
491500,0.103,0.024,0.873
492000,0.084,0.028,0.889
492500,0.086,0.018,0.896
493000,0.110,0.019,0.871
493500,0.102,0.026,0.872
494000,0.070,0.025,0.904
494500,0.065,0.050,0.885
495000,0.080,0.061,0.859
495500,0.078,0.043,0.879
496000,0.108,0.026,0.866
496500,0.082,0.035,0.883
497000,0.084,0.029,0.887
497500,0.070,0.038,0.891
498000,0.104,0.033,0.862
498500,0.108,0.035,0.856
499000,0.122,0.015,0.862
499500,0.124,0.023,0.853
500000,0.099,0.030,0.871
500500,0.102,0.016,0.882
501000,0.086,0.033,0.881
501500,0.077,0.036,0.887
502000,0.091,0.019,0.890
502500,0.076,0.025,0.899
503000,0.093,0.017,0.890
503500,0.090,0.017,0.893
504000,0.099,0.013,0.888
504500,0.076,0.024,0.899
505000,0.091,0.025,0.884
505500,0.092,0.024,0.884
506000,0.119,0.026,0.854
506500,0.096,0.037,0.867
507000,0.073,0.065,0.863
507500,0.091,0.028,0.880
508000,0.100,0.018,0.882
508500,0.103,0.016,0.881
509000,0.095,0.024,0.882
509500,0.114,0.013,0.873
510000,0.077,0.027,0.896
510500,0.089,0.027,0.883
511000,0.085,0.042,0.874
511500,0.069,0.036,0.895
512000,0.070,0.025,0.904
512500,0.088,0.026,0.886
513000,0.103,0.010,0.887
513500,0.124,0.026,0.849
514000,0.087,0.033,0.879
514500,0.068,0.043,0.888
515000,0.066,0.041,0.893
515500,0.084,0.025,0.891
516000,0.101,0.024,0.876
516500,0.090,0.029,0.881
517000,0.092,0.011,0.896
517500,0.084,0.041,0.876
518000,0.091,0.026,0.883
518500,0.095,0.020,0.885
519000,0.082,0.019,0.899
519500,0.095,0.016,0.889
520000,0.103,0.017,0.879
520500,0.091,0.018,0.891
521000,0.080,0.034,0.887
521500,0.093,0.021,0.885
522000,0.093,0.018,0.888
522500,0.076,0.032,0.891
523000,0.081,0.025,0.894
523500,0.091,0.029,0.879
524000,0.072,0.035,0.893
524500,0.085,0.024,0.892
525000,0.090,0.019,0.890
525500,0.085,0.025,0.890
526000,0.087,0.018,0.894
526500,0.087,0.015,0.898
527000,0.091,0.021,0.888
527500,0.087,0.029,0.884
528000,0.074,0.021,0.905
528500,0.075,0.029,0.895
529000,0.077,0.013,0.909
529500,0.112,0.018,0.870
530000,0.084,0.015,0.902
530500,0.110,0.030,0.860
531000,0.099,0.025,0.876
531500,0.112,0.017,0.871
532000,0.107,0.022,0.870
532500,0.083,0.015,0.902
533000,0.087,0.022,0.890
533500,0.078,0.029,0.893
534000,0.090,0.029,0.880
534500,0.092,0.026,0.881
535000,0.102,0.013,0.886
535500,0.106,0.016,0.878
536000,0.067,0.030,0.903
536500,0.076,0.041,0.884
537000,0.104,0.026,0.870
537500,0.086,0.021,0.893
538000,0.086,0.024,0.890
538500,0.088,0.030,0.881
539000,0.084,0.032,0.885
539500,0.065,0.017,0.919
540000,0.068,0.025,0.908
540500,0.081,0.021,0.898
541000,0.082,0.031,0.887
541500,0.104,0.019,0.877
542000,0.090,0.018,0.892
542500,0.073,0.034,0.893
543000,0.090,0.035,0.875
543500,0.076,0.043,0.881
544000,0.075,0.035,0.891
544500,0.082,0.037,0.881
545000,0.081,0.028,0.892
545500,0.070,0.018,0.911
546000,0.066,0.029,0.905
546500,0.099,0.023,0.878
547000,0.065,0.040,0.896
547500,0.097,0.019,0.884
548000,0.083,0.022,0.895
548500,0.091,0.027,0.882
549000,0.082,0.024,0.895
549500,0.081,0.026,0.893
550000,0.078,0.035,0.887
550500,0.089,0.022,0.889
551000,0.073,0.036,0.890
551500,0.059,0.043,0.898
552000,0.082,0.034,0.885
552500,0.093,0.020,0.887
553000,0.093,0.029,0.878
553500,0.086,0.024,0.890
554000,0.080,0.018,0.903
554500,0.084,0.033,0.884
555000,0.099,0.029,0.873
555500,0.091,0.013,0.895
556000,0.057,0.037,0.906
556500,0.079,0.031,0.890
557000,0.075,0.021,0.904
557500,0.110,0.009,0.882
558000,0.100,0.025,0.875
558500,0.071,0.041,0.888
559000,0.069,0.040,0.891
559500,0.067,0.029,0.904
560000,0.097,0.043,0.861
560500,0.108,0.020,0.871
561000,0.093,0.019,0.887
561500,0.090,0.018,0.891
562000,0.086,0.018,0.896
562500,0.112,0.015,0.874
563000,0.101,0.021,0.879
563500,0.088,0.017,0.896
564000,0.107,0.042,0.851
564500,0.105,0.021,0.873
565000,0.117,0.017,0.866
565500,0.082,0.024,0.895
566000,0.077,0.040,0.884
566500,0.075,0.026,0.898
567000,0.093,0.026,0.881
567500,0.106,0.010,0.883
568000,0.100,0.011,0.889
568500,0.103,0.021,0.876
569000,0.073,0.028,0.900
569500,0.065,0.026,0.909
570000,0.086,0.019,0.895
570500,0.072,0.025,0.903
571000,0.083,0.034,0.883
571500,0.069,0.043,0.888
572000,0.079,0.011,0.911
572500,0.095,0.017,0.888
573000,0.090,0.021,0.888
573500,0.084,0.029,0.887
574000,0.100,0.027,0.873
574500,0.104,0.025,0.870
575000,0.107,0.010,0.882
575500,0.122,0.013,0.864
576000,0.112,0.010,0.878
576500,0.107,0.031,0.861
577000,0.111,0.019,0.870
577500,0.099,0.015,0.886
578000,0.095,0.018,0.887
578500,0.118,0.029,0.853
579000,0.085,0.028,0.888
579500,0.102,0.029,0.869
580000,0.082,0.026,0.892
580500,0.086,0.027,0.887
581000,0.068,0.031,0.901
581500,0.071,0.044,0.885
582000,0.083,0.040,0.877
582500,0.092,0.026,0.882
583000,0.080,0.042,0.878
583500,0.095,0.045,0.860
584000,0.090,0.045,0.865
584500,0.101,0.032,0.868
585000,0.096,0.017,0.888
585500,0.103,0.025,0.871
586000,0.091,0.013,0.896
586500,0.111,0.012,0.877
587000,0.090,0.013,0.897
587500,0.107,0.029,0.863
588000,0.100,0.013,0.887
588500,0.106,0.016,0.878
589000,0.106,0.023,0.870
589500,0.107,0.011,0.882
590000,0.108,0.016,0.875
590500,0.134,0.009,0.858
591000,0.089,0.015,0.895
591500,0.088,0.025,0.888
592000,0.096,0.020,0.884
592500,0.098,0.025,0.877
593000,0.105,0.023,0.871
593500,0.107,0.013,0.880
594000,0.088,0.022,0.889
594500,0.101,0.032,0.868
595000,0.090,0.014,0.896
595500,0.129,0.017,0.855
596000,0.105,0.018,0.877
596500,0.087,0.009,0.903
597000,0.107,0.004,0.888
597500,0.129,0.009,0.863
598000,0.109,0.029,0.863
598500,0.080,0.025,0.896
599000,0.107,0.011,0.882
599500,0.090,0.026,0.883
600000,0.112,0.022,0.866
600500,0.091,0.023,0.886
601000,0.136,0.020,0.845
601500,0.099,0.020,0.881
602000,0.111,0.013,0.876
602500,0.099,0.018,0.883
603000,0.102,0.024,0.873
603500,0.104,0.021,0.875
604000,0.106,0.013,0.882
604500,0.121,0.006,0.873
605000,0.129,0.001,0.871
605500,0.117,0.013,0.871
606000,0.108,0.034,0.857
606500,0.128,0.012,0.860
607000,0.095,0.021,0.884
607500,0.090,0.035,0.875
608000,0.095,0.023,0.882
608500,0.106,0.013,0.881
609000,0.080,0.024,0.896
609500,0.104,0.018,0.878
610000,0.090,0.034,0.876
610500,0.080,0.036,0.884
611000,0.064,0.035,0.900
611500,0.086,0.015,0.900
612000,0.078,0.009,0.913
612500,0.105,0.018,0.876
613000,0.094,0.019,0.887
613500,0.072,0.025,0.903
614000,0.062,0.022,0.916
614500,0.066,0.025,0.908
615000,0.070,0.025,0.905
615500,0.074,0.034,0.891
616000,0.064,0.035,0.902
616500,0.100,0.054,0.846
617000,0.112,0.021,0.867
617500,0.093,0.021,0.886
618000,0.109,0.021,0.871
618500,0.093,0.027,0.880
619000,0.097,0.028,0.875
619500,0.097,0.013,0.890
620000,0.126,0.007,0.867
620500,0.115,0.014,0.871
621000,0.117,0.021,0.862
621500,0.108,0.009,0.884
622000,0.108,0.013,0.879
622500,0.086,0.025,0.889
623000,0.068,0.027,0.905
623500,0.100,0.023,0.877
624000,0.086,0.017,0.897
624500,0.102,0.010,0.888
625000,0.120,0.019,0.860
625500,0.102,0.016,0.881
626000,0.082,0.032,0.886
626500,0.090,0.033,0.876
627000,0.082,0.027,0.891
627500,0.090,0.033,0.877
628000,0.081,0.042,0.878
628500,0.085,0.021,0.894
629000,0.078,0.022,0.900
629500,0.116,0.021,0.863
630000,0.114,0.009,0.877
630500,0.112,0.019,0.869
631000,0.112,0.025,0.864
631500,0.118,0.022,0.860
632000,0.096,0.018,0.886
632500,0.109,0.019,0.872
633000,0.101,0.025,0.874
633500,0.094,0.019,0.887
634000,0.082,0.030,0.888
634500,0.081,0.014,0.905
635000,0.074,0.026,0.899
635500,0.106,0.011,0.882
636000,0.117,0.019,0.864
636500,0.099,0.009,0.893
637000,0.117,0.015,0.869
637500,0.130,0.009,0.861
638000,0.089,0.012,0.899
638500,0.099,0.009,0.892
639000,0.095,0.017,0.889
639500,0.093,0.021,0.887
640000,0.080,0.028,0.893
640500,0.080,0.020,0.900
641000,0.086,0.022,0.892
641500,0.086,0.025,0.890
642000,0.077,0.042,0.882
642500,0.071,0.026,0.902
643000,0.084,0.024,0.892
643500,0.078,0.039,0.883
644000,0.086,0.024,0.891
644500,0.092,0.019,0.889
645000,0.122,0.035,0.842
645500,0.088,0.038,0.873
646000,0.088,0.033,0.879
646500,0.090,0.050,0.859
647000,0.107,0.021,0.871
647500,0.097,0.043,0.860
648000,0.096,0.015,0.889
648500,0.091,0.029,0.880
649000,0.097,0.021,0.883
649500,0.098,0.016,0.886
650000,0.079,0.021,0.900
650500,0.070,0.030,0.900
651000,0.111,0.013,0.876
651500,0.110,0.022,0.868
652000,0.098,0.025,0.877
652500,0.089,0.042,0.869
653000,0.074,0.023,0.903
653500,0.069,0.013,0.918
654000,0.079,0.018,0.903
654500,0.086,0.021,0.893
655000,0.102,0.021,0.877
655500,0.092,0.025,0.884
656000,0.089,0.022,0.888
656500,0.074,0.046,0.879
657000,0.070,0.052,0.877
657500,0.096,0.019,0.885
658000,0.066,0.032,0.902
658500,0.059,0.049,0.893
659000,0.082,0.034,0.884
659500,0.071,0.037,0.891
660000,0.073,0.031,0.896
660500,0.068,0.039,0.893
661000,0.075,0.024,0.901
661500,0.101,0.024,0.876
662000,0.097,0.031,0.872
662500,0.107,0.016,0.876
663000,0.089,0.024,0.887
663500,0.103,0.029,0.867
664000,0.096,0.021,0.884
664500,0.073,0.029,0.898
665000,0.104,0.027,0.868
665500,0.084,0.028,0.888
666000,0.081,0.042,0.877
666500,0.083,0.026,0.891
667000,0.090,0.020,0.889
667500,0.099,0.027,0.874
668000,0.101,0.029,0.870
668500,0.097,0.024,0.879
669000,0.084,0.033,0.884
669500,0.090,0.017,0.893
670000,0.102,0.018,0.880
670500,0.088,0.026,0.886
671000,0.077,0.030,0.892
671500,0.073,0.026,0.900
672000,0.065,0.044,0.891
672500,0.072,0.042,0.887
673000,0.092,0.021,0.887
673500,0.088,0.016,0.895
674000,0.090,0.025,0.885
674500,0.093,0.022,0.884
675000,0.112,0.009,0.880
675500,0.085,0.019,0.896
676000,0.085,0.014,0.901
676500,0.086,0.017,0.898
677000,0.108,0.006,0.886
677500,0.106,0.015,0.879
678000,0.103,0.013,0.883
678500,0.090,0.015,0.895
679000,0.096,0.011,0.893
679500,0.094,0.008,0.898
680000,0.112,0.022,0.866
680500,0.114,0.018,0.868
681000,0.101,0.017,0.883
681500,0.112,0.013,0.875
682000,0.092,0.015,0.893
682500,0.081,0.025,0.894
683000,0.088,0.020,0.891
683500,0.088,0.016,0.896
684000,0.079,0.024,0.898
684500,0.079,0.018,0.904
685000,0.084,0.028,0.888
685500,0.076,0.025,0.899
686000,0.067,0.033,0.901
686500,0.084,0.022,0.894
687000,0.102,0.022,0.876
687500,0.112,0.017,0.871
688000,0.095,0.018,0.887
688500,0.096,0.026,0.878
689000,0.087,0.019,0.894
689500,0.084,0.035,0.882
690000,0.112,0.022,0.866
690500,0.074,0.019,0.907
691000,0.097,0.013,0.890
691500,0.070,0.048,0.882
692000,0.079,0.049,0.873
692500,0.088,0.042,0.869
693000,0.081,0.019,0.900
693500,0.090,0.030,0.880
694000,0.095,0.032,0.874
694500,0.088,0.027,0.884
695000,0.086,0.022,0.892
695500,0.084,0.034,0.882
696000,0.066,0.020,0.914
696500,0.101,0.030,0.869
697000,0.075,0.009,0.916
697500,0.089,0.011,0.901
698000,0.086,0.023,0.891
698500,0.090,0.018,0.891
699000,0.089,0.028,0.883
699500,0.111,0.019,0.870
700000,0.108,0.026,0.865
700500,0.065,0.036,0.899
701000,0.070,0.040,0.890
701500,0.044,0.057,0.898
702000,0.050,0.051,0.899
702500,0.078,0.044,0.878
703000,0.076,0.042,0.881
703500,0.071,0.035,0.895
704000,0.097,0.021,0.883
704500,0.100,0.018,0.882
705000,0.070,0.017,0.913
705500,0.086,0.038,0.875
706000,0.118,0.032,0.849
706500,0.100,0.023,0.877
707000,0.076,0.027,0.896
707500,0.091,0.032,0.877
708000,0.085,0.032,0.884
708500,0.089,0.022,0.889
709000,0.088,0.029,0.884
709500,0.084,0.029,0.887
710000,0.077,0.025,0.898
710500,0.107,0.032,0.861
711000,0.089,0.034,0.878
711500,0.081,0.030,0.889
712000,0.087,0.024,0.890
712500,0.108,0.012,0.879
713000,0.084,0.014,0.902
713500,0.081,0.025,0.895
714000,0.069,0.035,0.896
714500,0.054,0.031,0.915
715000,0.097,0.032,0.871
715500,0.086,0.018,0.895
716000,0.088,0.039,0.872
716500,0.080,0.028,0.892
717000,0.075,0.025,0.900
717500,0.077,0.018,0.906
718000,0.074,0.013,0.913
718500,0.073,0.024,0.903
719000,0.070,0.025,0.904
719500,0.071,0.021,0.909
720000,0.098,0.011,0.891
720500,0.082,0.034,0.885
721000,0.065,0.021,0.914
721500,0.090,0.033,0.876
722000,0.083,0.035,0.883
722500,0.117,0.022,0.861
723000,0.113,0.006,0.881
723500,0.095,0.021,0.885
724000,0.104,0.009,0.886
724500,0.104,0.010,0.885
725000,0.109,0.013,0.878
725500,0.111,0.022,0.867
726000,0.118,0.031,0.850
726500,0.128,0.009,0.864
727000,0.137,0.021,0.842
727500,0.118,0.015,0.868
728000,0.102,0.024,0.875
728500,0.120,0.019,0.861
729000,0.120,0.022,0.858
729500,0.109,0.017,0.875
730000,0.082,0.013,0.906
730500,0.056,0.032,0.912
731000,0.082,0.041,0.878
731500,0.093,0.015,0.891
732000,0.085,0.018,0.897
732500,0.086,0.041,0.874
733000,0.059,0.027,0.914
733500,0.079,0.033,0.889
734000,0.085,0.035,0.881
734500,0.068,0.025,0.906
735000,0.070,0.026,0.903
735500,0.064,0.037,0.899
736000,0.089,0.034,0.877
736500,0.095,0.029,0.877
737000,0.104,0.018,0.877
737500,0.084,0.040,0.876
738000,0.080,0.015,0.905
738500,0.112,0.011,0.877
739000,0.110,0.011,0.879
739500,0.098,0.028,0.874
740000,0.071,0.034,0.895
740500,0.094,0.013,0.893
741000,0.092,0.021,0.886
741500,0.098,0.013,0.889
742000,0.113,0.009,0.878
742500,0.077,0.021,0.902
743000,0.090,0.029,0.881
743500,0.097,0.025,0.879
744000,0.096,0.035,0.869
744500,0.093,0.035,0.873
745000,0.102,0.017,0.882
745500,0.078,0.014,0.908
746000,0.079,0.015,0.906
746500,0.093,0.024,0.883
747000,0.095,0.025,0.881
747500,0.086,0.013,0.901
748000,0.070,0.023,0.907
748500,0.096,0.029,0.875
749000,0.104,0.026,0.869
749500,0.121,0.018,0.861
750000,0.129,0.011,0.860
750500,0.120,0.011,0.868
751000,0.120,0.019,0.860
751500,0.106,0.018,0.875
752000,0.098,0.017,0.886
752500,0.072,0.013,0.914
753000,0.095,0.015,0.890
753500,0.085,0.024,0.891
754000,0.089,0.025,0.886
754500,0.074,0.036,0.889
755000,0.081,0.044,0.875
755500,0.079,0.041,0.880
756000,0.066,0.050,0.885
756500,0.065,0.048,0.888
757000,0.065,0.052,0.883
757500,0.069,0.033,0.898
758000,0.074,0.030,0.896
758500,0.073,0.040,0.886
759000,0.086,0.022,0.891
759500,0.081,0.028,0.892
760000,0.084,0.042,0.875
760500,0.069,0.045,0.886
761000,0.048,0.042,0.910
761500,0.076,0.049,0.874
762000,0.071,0.030,0.899
762500,0.080,0.033,0.887
763000,0.095,0.025,0.880
763500,0.085,0.025,0.890
764000,0.073,0.044,0.882
764500,0.060,0.040,0.900
765000,0.062,0.048,0.890
765500,0.059,0.046,0.894
766000,0.074,0.021,0.905
766500,0.086,0.025,0.889
767000,0.073,0.046,0.881
767500,0.071,0.035,0.893
768000,0.090,0.025,0.884
768500,0.080,0.029,0.892
769000,0.082,0.049,0.870
769500,0.082,0.032,0.887
770000,0.081,0.040,0.879
770500,0.099,0.041,0.861
771000,0.120,0.034,0.847
771500,0.088,0.029,0.883
772000,0.091,0.026,0.882
772500,0.074,0.022,0.903
773000,0.077,0.025,0.898
773500,0.096,0.024,0.881
774000,0.112,0.038,0.850
774500,0.095,0.017,0.889
775000,0.095,0.011,0.894
775500,0.100,0.029,0.871
776000,0.102,0.018,0.880
776500,0.083,0.025,0.893
777000,0.086,0.018,0.897
777500,0.085,0.030,0.885
778000,0.103,0.030,0.866
778500,0.089,0.015,0.895
779000,0.083,0.028,0.889
779500,0.091,0.022,0.886
780000,0.070,0.028,0.902
780500,0.070,0.032,0.898
781000,0.096,0.019,0.885
781500,0.117,0.018,0.866
782000,0.119,0.006,0.874
782500,0.118,0.009,0.873
783000,0.103,0.030,0.867
783500,0.090,0.023,0.886
784000,0.092,0.018,0.889
784500,0.101,0.009,0.890
785000,0.098,0.027,0.875
785500,0.107,0.017,0.876
786000,0.092,0.015,0.893
786500,0.084,0.027,0.889
787000,0.088,0.047,0.865
787500,0.080,0.019,0.901
788000,0.075,0.022,0.902
788500,0.086,0.026,0.888
789000,0.083,0.017,0.900
789500,0.081,0.015,0.905
790000,0.076,0.023,0.901
790500,0.076,0.011,0.912
791000,0.118,0.019,0.863
791500,0.130,0.007,0.863
792000,0.082,0.034,0.884
792500,0.091,0.019,0.890
793000,0.088,0.015,0.896
793500,0.103,0.015,0.882
794000,0.077,0.024,0.899
794500,0.082,0.011,0.907
795000,0.080,0.018,0.903
795500,0.097,0.013,0.890
796000,0.108,0.018,0.874
796500,0.111,0.019,0.870
797000,0.104,0.022,0.874
797500,0.092,0.028,0.879
798000,0.117,0.015,0.867
798500,0.124,0.016,0.859
799000,0.101,0.014,0.885
799500,0.088,0.026,0.886
800000,0.116,0.026,0.858
800500,0.099,0.019,0.882
801000,0.084,0.016,0.900
801500,0.082,0.030,0.888
802000,0.072,0.028,0.901
802500,0.056,0.030,0.914
803000,0.087,0.024,0.888
803500,0.098,0.008,0.894
804000,0.096,0.009,0.895
804500,0.104,0.013,0.883
805000,0.113,0.013,0.875
805500,0.121,0.013,0.867
806000,0.095,0.004,0.901
806500,0.097,0.021,0.883
807000,0.095,0.026,0.879
807500,0.096,0.024,0.880
808000,0.086,0.024,0.890
808500,0.082,0.037,0.881
809000,0.096,0.026,0.878
809500,0.094,0.021,0.885
810000,0.105,0.028,0.867
810500,0.090,0.029,0.881
811000,0.086,0.029,0.885
811500,0.083,0.022,0.895
812000,0.105,0.038,0.856
812500,0.071,0.024,0.904
813000,0.102,0.018,0.880
813500,0.096,0.023,0.881
814000,0.097,0.022,0.881
814500,0.125,0.022,0.853
815000,0.112,0.025,0.863
815500,0.122,0.021,0.858
816000,0.084,0.019,0.897
816500,0.098,0.022,0.880
817000,0.106,0.021,0.874
817500,0.096,0.031,0.873
818000,0.087,0.019,0.893
818500,0.103,0.018,0.879
819000,0.120,0.007,0.873
819500,0.105,0.012,0.883
820000,0.112,0.009,0.880
820500,0.126,0.006,0.868
821000,0.099,0.017,0.885
821500,0.105,0.015,0.880
822000,0.106,0.017,0.878
822500,0.098,0.020,0.882
823000,0.106,0.028,0.865
823500,0.085,0.039,0.876
824000,0.102,0.025,0.872
824500,0.075,0.038,0.887
825000,0.076,0.051,0.872
825500,0.086,0.029,0.884
826000,0.106,0.024,0.870
826500,0.112,0.026,0.862
827000,0.078,0.025,0.897
827500,0.077,0.021,0.902
828000,0.084,0.050,0.866
828500,0.092,0.043,0.864
829000,0.078,0.049,0.874
829500,0.068,0.050,0.883
830000,0.073,0.029,0.898
830500,0.099,0.018,0.884
831000,0.084,0.028,0.889
831500,0.089,0.036,0.874
832000,0.100,0.022,0.878
832500,0.084,0.017,0.899
833000,0.070,0.035,0.895
833500,0.068,0.041,0.891
834000,0.073,0.034,0.893
834500,0.075,0.023,0.902
835000,0.092,0.025,0.882
835500,0.098,0.026,0.876
836000,0.111,0.029,0.861
836500,0.076,0.004,0.920
837000,0.085,0.023,0.892
837500,0.098,0.017,0.885
838000,0.100,0.034,0.866
838500,0.063,0.031,0.906
839000,0.076,0.048,0.876
839500,0.094,0.033,0.874
840000,0.108,0.029,0.864
840500,0.095,0.015,0.891
841000,0.099,0.013,0.889
841500,0.120,0.007,0.873
842000,0.125,0.019,0.856
842500,0.087,0.021,0.891
843000,0.070,0.041,0.889
843500,0.073,0.040,0.888
844000,0.081,0.029,0.890
844500,0.083,0.031,0.886
845000,0.095,0.022,0.883
845500,0.099,0.014,0.887
846000,0.107,0.011,0.882
846500,0.118,0.006,0.876
847000,0.119,0.025,0.856
847500,0.102,0.012,0.886
848000,0.104,0.013,0.883
848500,0.080,0.009,0.912
849000,0.080,0.013,0.907
849500,0.067,0.028,0.905
850000,0.115,0.019,0.866
850500,0.099,0.013,0.888
851000,0.080,0.025,0.896
851500,0.083,0.029,0.889
852000,0.085,0.013,0.902
852500,0.083,0.011,0.906
853000,0.090,0.027,0.882
853500,0.092,0.029,0.879
854000,0.089,0.026,0.884
854500,0.066,0.019,0.914
855000,0.062,0.031,0.906
855500,0.076,0.025,0.900
856000,0.070,0.041,0.889
856500,0.066,0.038,0.896
857000,0.061,0.044,0.894
857500,0.062,0.035,0.902
858000,0.089,0.047,0.864
858500,0.102,0.021,0.876
859000,0.092,0.022,0.886
859500,0.109,0.011,0.880
860000,0.087,0.032,0.882
860500,0.092,0.037,0.871
861000,0.080,0.021,0.899
861500,0.085,0.016,0.899
862000,0.070,0.018,0.912
862500,0.086,0.018,0.895
863000,0.102,0.012,0.885
863500,0.086,0.018,0.897
864000,0.109,0.020,0.871
864500,0.087,0.025,0.887
865000,0.084,0.051,0.865
865500,0.118,0.015,0.866
866000,0.107,0.013,0.880
866500,0.086,0.006,0.907
867000,0.079,0.038,0.883
867500,0.070,0.040,0.891
868000,0.073,0.019,0.908
868500,0.066,0.026,0.908
869000,0.084,0.017,0.900
869500,0.098,0.019,0.883
870000,0.091,0.036,0.872
870500,0.091,0.029,0.880
871000,0.106,0.017,0.877
871500,0.081,0.025,0.895
872000,0.079,0.016,0.905
872500,0.074,0.023,0.902
873000,0.072,0.025,0.903
873500,0.074,0.036,0.889
874000,0.083,0.028,0.889
874500,0.068,0.037,0.895
875000,0.074,0.022,0.904
875500,0.070,0.028,0.902
876000,0.107,0.018,0.875
876500,0.098,0.023,0.879
877000,0.113,0.025,0.862
877500,0.080,0.021,0.899
878000,0.075,0.033,0.891
878500,0.082,0.018,0.901
879000,0.099,0.018,0.884
879500,0.087,0.030,0.883
880000,0.085,0.036,0.879
880500,0.093,0.042,0.864
881000,0.086,0.021,0.892
881500,0.095,0.025,0.880
882000,0.073,0.042,0.885
882500,0.090,0.028,0.881
883000,0.088,0.007,0.904
883500,0.086,0.035,0.878
884000,0.098,0.045,0.857
884500,0.094,0.021,0.886
885000,0.102,0.027,0.870
885500,0.103,0.025,0.872
886000,0.089,0.005,0.906
886500,0.122,0.026,0.851
887000,0.108,0.029,0.864
887500,0.102,0.013,0.885
888000,0.087,0.015,0.898
888500,0.102,0.009,0.889
889000,0.117,0.011,0.872
889500,0.117,0.009,0.875
890000,0.127,0.013,0.860
890500,0.123,0.014,0.863
891000,0.100,0.009,0.891
891500,0.130,0.018,0.853
892000,0.111,0.021,0.868
892500,0.136,0.013,0.851
893000,0.108,0.013,0.878
893500,0.077,0.031,0.892
894000,0.115,0.016,0.869
894500,0.107,0.011,0.881
895000,0.114,0.014,0.872
895500,0.110,0.013,0.877
896000,0.093,0.013,0.895
896500,0.095,0.025,0.880
897000,0.096,0.024,0.880
897500,0.084,0.025,0.892
898000,0.065,0.019,0.916
898500,0.102,0.026,0.872
899000,0.110,0.018,0.873
899500,0.106,0.020,0.873
900000,0.093,0.024,0.884
900500,0.102,0.025,0.874
901000,0.096,0.033,0.871
901500,0.096,0.020,0.884
902000,0.095,0.010,0.895
902500,0.124,0.015,0.860
903000,0.106,0.025,0.869
903500,0.119,0.015,0.867
904000,0.097,0.032,0.871
904500,0.091,0.037,0.872
905000,0.089,0.023,0.888
905500,0.095,0.026,0.879
906000,0.116,0.022,0.862
906500,0.114,0.034,0.853
907000,0.104,0.021,0.876
907500,0.096,0.021,0.883
908000,0.103,0.011,0.885
908500,0.092,0.025,0.883
909000,0.093,0.016,0.890
909500,0.088,0.022,0.889
910000,0.067,0.021,0.913
910500,0.081,0.027,0.892
911000,0.064,0.034,0.902
911500,0.084,0.021,0.896
912000,0.097,0.009,0.894
912500,0.099,0.011,0.890
913000,0.092,0.021,0.887
913500,0.086,0.028,0.886
914000,0.101,0.018,0.882
914500,0.101,0.016,0.883
915000,0.097,0.025,0.878
915500,0.093,0.041,0.867
916000,0.086,0.029,0.885
916500,0.068,0.036,0.896
917000,0.074,0.037,0.889
917500,0.074,0.026,0.899
918000,0.074,0.015,0.910
918500,0.122,0.026,0.852
919000,0.122,0.016,0.862
919500,0.096,0.022,0.882
920000,0.094,0.017,0.889
920500,0.070,0.038,0.892
921000,0.076,0.032,0.891
921500,0.053,0.045,0.901
922000,0.066,0.048,0.886
922500,0.065,0.053,0.882
923000,0.048,0.059,0.893
923500,0.059,0.051,0.890
924000,0.069,0.043,0.888
924500,0.095,0.018,0.887
925000,0.074,0.017,0.910
925500,0.079,0.030,0.891
926000,0.076,0.019,0.904
926500,0.099,0.020,0.881
927000,0.097,0.024,0.880
927500,0.086,0.049,0.866
928000,0.065,0.029,0.906
928500,0.081,0.045,0.874
929000,0.089,0.029,0.883
929500,0.082,0.026,0.892
930000,0.093,0.036,0.870
930500,0.080,0.036,0.884
931000,0.068,0.025,0.908
931500,0.068,0.047,0.885
932000,0.074,0.040,0.887
932500,0.062,0.044,0.894
933000,0.080,0.024,0.896
933500,0.099,0.026,0.875
934000,0.098,0.029,0.874
934500,0.079,0.036,0.885
935000,0.071,0.033,0.896
935500,0.073,0.043,0.884
936000,0.073,0.036,0.890
936500,0.095,0.018,0.887
937000,0.099,0.017,0.884
937500,0.123,0.012,0.865
938000,0.116,0.017,0.867
938500,0.115,0.011,0.874
939000,0.095,0.013,0.892
939500,0.102,0.015,0.882
940000,0.091,0.019,0.890
940500,0.103,0.013,0.883
941000,0.076,0.024,0.901
941500,0.072,0.011,0.917
942000,0.099,0.027,0.874
942500,0.110,0.021,0.870
943000,0.095,0.036,0.869
943500,0.082,0.029,0.889
944000,0.108,0.009,0.884
944500,0.086,0.018,0.897
945000,0.087,0.021,0.892
945500,0.089,0.013,0.897
946000,0.120,0.019,0.860
946500,0.104,0.032,0.865
947000,0.067,0.029,0.904
947500,0.080,0.039,0.881
948000,0.075,0.030,0.895
948500,0.062,0.025,0.913
949000,0.059,0.042,0.899
949500,0.068,0.029,0.903
950000,0.060,0.025,0.915
950500,0.079,0.032,0.890
951000,0.095,0.019,0.886
951500,0.094,0.015,0.891
952000,0.083,0.024,0.894
952500,0.102,0.023,0.875
953000,0.079,0.031,0.890
953500,0.087,0.040,0.873
954000,0.081,0.024,0.895
954500,0.091,0.010,0.898
955000,0.117,0.009,0.874
955500,0.105,0.021,0.873
956000,0.106,0.011,0.884
956500,0.108,0.021,0.871
957000,0.110,0.026,0.864
957500,0.076,0.023,0.900
958000,0.079,0.029,0.893
958500,0.086,0.032,0.881
959000,0.087,0.048,0.864
959500,0.079,0.041,0.880
960000,0.065,0.049,0.886
960500,0.099,0.029,0.872
961000,0.104,0.009,0.886
961500,0.074,0.021,0.905
962000,0.098,0.018,0.884
962500,0.100,0.016,0.884
963000,0.112,0.009,0.880
963500,0.105,0.009,0.885
964000,0.106,0.019,0.874
964500,0.108,0.021,0.870
965000,0.115,0.007,0.878
965500,0.117,0.015,0.869
966000,0.117,0.015,0.868
966500,0.103,0.009,0.889
967000,0.073,0.009,0.917
967500,0.115,0.021,0.865
968000,0.096,0.016,0.888
968500,0.071,0.041,0.888
969000,0.062,0.035,0.902
969500,0.062,0.011,0.926
970000,0.062,0.035,0.903
970500,0.088,0.025,0.888
971000,0.102,0.013,0.886
971500,0.103,0.015,0.881
972000,0.104,0.021,0.876
972500,0.107,0.013,0.880
973000,0.122,0.013,0.865
973500,0.107,0.028,0.866
974000,0.113,0.019,0.868
974500,0.102,0.019,0.879
975000,0.100,0.028,0.873
975500,0.071,0.029,0.900
976000,0.104,0.024,0.871
976500,0.091,0.018,0.891
977000,0.093,0.037,0.870
977500,0.110,0.024,0.867
978000,0.093,0.041,0.866
978500,0.088,0.019,0.892
979000,0.087,0.034,0.878
979500,0.083,0.019,0.898
980000,0.080,0.030,0.890
980500,0.081,0.019,0.900
981000,0.070,0.039,0.891
981500,0.059,0.025,0.916
982000,0.087,0.019,0.894
982500,0.096,0.038,0.866
983000,0.097,0.025,0.878
983500,0.107,0.018,0.874
984000,0.093,0.015,0.892
984500,0.103,0.018,0.879
985000,0.093,0.018,0.889
985500,0.076,0.043,0.880
986000,0.071,0.035,0.893
986500,0.080,0.016,0.904
987000,0.090,0.019,0.891
987500,0.077,0.016,0.907
988000,0.087,0.015,0.898
988500,0.102,0.020,0.878
989000,0.117,0.026,0.856
989500,0.090,0.017,0.892
990000,0.090,0.022,0.888
990500,0.091,0.025,0.883
991000,0.075,0.031,0.893
991500,0.070,0.032,0.898
992000,0.086,0.028,0.886
992500,0.102,0.015,0.884
993000,0.088,0.019,0.892
993500,0.101,0.011,0.888
994000,0.086,0.018,0.896
994500,0.093,0.036,0.871
995000,0.108,0.020,0.871
995500,0.079,0.032,0.889
996000,0.079,0.029,0.892
996500,0.095,0.032,0.874
997000,0.110,0.011,0.880
997500,0.118,0.014,0.868
998000,0.111,0.022,0.867
998500,0.086,0.019,0.894
999000,0.078,0.021,0.902
999500,0.092,0.017,0.891
1000000,0.114,0.020,0.866
