time,n_A+p,n_B,n_AB
100,0.030,0.967,0.003
200,0.031,0.964,0.005
300,0.030,0.959,0.011
400,0.030,0.940,0.031
500,0.030,0.934,0.037
600,0.030,0.927,0.043
700,0.030,0.923,0.047
800,0.033,0.913,0.054
900,0.035,0.906,0.059
1000,0.035,0.897,0.068
1100,0.034,0.889,0.078
1200,0.035,0.880,0.085
1300,0.036,0.867,0.097
1400,0.055,0.839,0.106
1500,0.056,0.825,0.118
1600,0.055,0.814,0.131
1700,0.059,0.803,0.138
1800,0.055,0.799,0.146
1900,0.054,0.789,0.157
2000,0.051,0.776,0.173
2100,0.052,0.765,0.183
2200,0.053,0.760,0.187
2300,0.051,0.745,0.204
2400,0.057,0.741,0.202
2500,0.062,0.725,0.212
2600,0.060,0.719,0.221
2700,0.060,0.721,0.219
2800,0.056,0.705,0.239
2900,0.056,0.689,0.254
3000,0.060,0.679,0.260
3100,0.056,0.669,0.275
3200,0.060,0.667,0.273
3300,0.070,0.664,0.266
3400,0.074,0.660,0.267
3500,0.069,0.660,0.271
3600,0.060,0.645,0.295
3700,0.055,0.638,0.306
3800,0.051,0.640,0.308
3900,0.055,0.633,0.312
4000,0.062,0.640,0.297
4100,0.057,0.636,0.306
4200,0.054,0.626,0.320
4300,0.051,0.623,0.326
4400,0.054,0.619,0.327
4500,0.058,0.615,0.327
4600,0.065,0.615,0.320
4700,0.068,0.610,0.322
4800,0.067,0.600,0.333
4900,0.057,0.609,0.334
5000,0.046,0.602,0.352
5100,0.063,0.591,0.345
5200,0.068,0.590,0.341
5300,0.078,0.583,0.339
5400,0.081,0.577,0.342
5500,0.079,0.576,0.345
5600,0.077,0.582,0.341
5700,0.081,0.580,0.339
5800,0.084,0.591,0.325
5900,0.091,0.580,0.329
6000,0.086,0.571,0.343
6100,0.088,0.567,0.345
6200,0.091,0.550,0.360
6300,0.089,0.539,0.372
6400,0.097,0.523,0.380
6500,0.103,0.518,0.379
6600,0.103,0.517,0.380
6700,0.100,0.502,0.398
6800,0.097,0.501,0.402
6900,0.090,0.490,0.420
7000,0.084,0.487,0.429
7100,0.087,0.480,0.433
7200,0.088,0.482,0.430
7300,0.092,0.481,0.427
7400,0.096,0.477,0.427
7500,0.101,0.474,0.425
7600,0.098,0.463,0.439
7700,0.092,0.459,0.449
7800,0.094,0.462,0.444
7900,0.094,0.460,0.446
8000,0.094,0.455,0.451
8100,0.093,0.455,0.453
8200,0.093,0.449,0.458
8300,0.097,0.447,0.456
8400,0.098,0.443,0.459
8500,0.124,0.435,0.441
8600,0.129,0.433,0.438
8700,0.132,0.423,0.445
8800,0.138,0.420,0.442
8900,0.139,0.420,0.441
9000,0.147,0.415,0.438
9100,0.145,0.418,0.437
9200,0.138,0.423,0.439
9300,0.135,0.410,0.456
9400,0.136,0.407,0.458
9500,0.136,0.402,0.462
9600,0.117,0.407,0.476
9700,0.111,0.400,0.488
9800,0.104,0.389,0.507
9900,0.098,0.384,0.518
10000,0.100,0.384,0.516
10100,0.100,0.383,0.517
10200,0.102,0.392,0.506
10300,0.105,0.385,0.510
10400,0.103,0.382,0.515
10500,0.114,0.380,0.506
10600,0.116,0.370,0.514
10700,0.134,0.362,0.505
10800,0.134,0.352,0.514
10900,0.147,0.352,0.501
11000,0.138,0.369,0.493
11100,0.132,0.378,0.490
11200,0.137,0.378,0.485
11300,0.152,0.378,0.470
11400,0.146,0.370,0.484
11500,0.153,0.365,0.482
11600,0.150,0.361,0.489
11700,0.153,0.361,0.486
11800,0.147,0.368,0.485
11900,0.151,0.368,0.481
12000,0.154,0.364,0.482
12100,0.145,0.365,0.490
12200,0.143,0.362,0.495
12300,0.141,0.362,0.497
12400,0.134,0.369,0.497
12500,0.135,0.379,0.486
12600,0.135,0.377,0.488
12700,0.125,0.371,0.505
12800,0.127,0.367,0.507
12900,0.129,0.375,0.496
13000,0.129,0.366,0.506
13100,0.128,0.364,0.509
13200,0.130,0.361,0.510
13300,0.118,0.387,0.494
13400,0.112,0.380,0.508
13500,0.117,0.376,0.507
13600,0.112,0.381,0.507
13700,0.118,0.387,0.494
13800,0.121,0.397,0.482
13900,0.115,0.394,0.490
14000,0.113,0.388,0.498
14100,0.114,0.371,0.515
14200,0.115,0.371,0.514
14300,0.114,0.367,0.519
14400,0.112,0.356,0.531
14500,0.116,0.361,0.523
14600,0.125,0.363,0.513
14700,0.122,0.354,0.524
14800,0.135,0.351,0.514
14900,0.140,0.367,0.493
15000,0.135,0.365,0.501
15100,0.133,0.363,0.505
15200,0.131,0.365,0.505
15300,0.129,0.369,0.503
15400,0.123,0.371,0.507
15500,0.118,0.374,0.508
15600,0.121,0.375,0.505
15700,0.115,0.371,0.514
15800,0.116,0.366,0.518
15900,0.122,0.367,0.512
16000,0.123,0.359,0.519
16100,0.117,0.356,0.526
16200,0.122,0.341,0.537
16300,0.124,0.342,0.534
16400,0.116,0.346,0.537
16500,0.108,0.350,0.541
16600,0.120,0.338,0.542
16700,0.118,0.342,0.539
16800,0.115,0.343,0.541
16900,0.107,0.346,0.546
17000,0.104,0.348,0.547
17100,0.107,0.347,0.545
17200,0.120,0.349,0.531
17300,0.129,0.342,0.529
17400,0.132,0.344,0.524
17500,0.126,0.339,0.535
17600,0.138,0.334,0.528
17700,0.133,0.332,0.535
17800,0.124,0.337,0.539
17900,0.121,0.338,0.541
18000,0.122,0.328,0.551
18100,0.122,0.325,0.554
18200,0.118,0.331,0.551
18300,0.120,0.333,0.547
18400,0.115,0.328,0.557
18500,0.111,0.323,0.566
18600,0.112,0.319,0.569
18700,0.117,0.321,0.562
18800,0.121,0.322,0.558
18900,0.121,0.327,0.553
19000,0.120,0.324,0.557
19100,0.111,0.322,0.567
19200,0.131,0.316,0.554
19300,0.130,0.315,0.556
19400,0.132,0.317,0.552
19500,0.141,0.313,0.546
19600,0.138,0.314,0.549
19700,0.139,0.311,0.551
19800,0.140,0.322,0.538
19900,0.135,0.318,0.547
20000,0.135,0.311,0.555
20100,0.132,0.305,0.563
20200,0.129,0.308,0.563
20300,0.133,0.311,0.557
20400,0.124,0.308,0.568
20500,0.118,0.319,0.563
20600,0.122,0.317,0.562
20700,0.141,0.314,0.545
20800,0.140,0.313,0.547
20900,0.138,0.305,0.557
21000,0.145,0.304,0.551
21100,0.140,0.307,0.553
21200,0.145,0.303,0.552
21300,0.135,0.319,0.546
21400,0.128,0.317,0.556
21500,0.130,0.315,0.556
21600,0.127,0.315,0.559
21700,0.121,0.317,0.563
21800,0.127,0.315,0.559
21900,0.128,0.333,0.539
22000,0.133,0.326,0.541
22100,0.135,0.327,0.538
22200,0.137,0.331,0.532
22300,0.133,0.328,0.539
22400,0.138,0.333,0.529
22500,0.139,0.327,0.534
22600,0.138,0.325,0.537
22700,0.134,0.338,0.528
22800,0.157,0.329,0.514
22900,0.151,0.323,0.526
23000,0.150,0.320,0.530
23100,0.142,0.320,0.538
23200,0.125,0.324,0.552
23300,0.132,0.324,0.544
23400,0.129,0.312,0.560
23500,0.129,0.307,0.564
23600,0.132,0.325,0.543
23700,0.130,0.312,0.559
23800,0.125,0.312,0.564
23900,0.116,0.313,0.571
24000,0.128,0.314,0.559
24100,0.127,0.316,0.558
24200,0.126,0.330,0.544
24300,0.132,0.325,0.543
24400,0.133,0.319,0.549
24500,0.139,0.312,0.550
24600,0.143,0.318,0.539
24700,0.138,0.326,0.536
24800,0.132,0.322,0.546
24900,0.134,0.322,0.544
25000,0.137,0.325,0.538
25100,0.135,0.319,0.546
25200,0.132,0.312,0.557
25300,0.135,0.327,0.538
25400,0.135,0.321,0.544
25500,0.127,0.318,0.556
25600,0.126,0.319,0.556
25700,0.120,0.308,0.572
25800,0.122,0.308,0.570
25900,0.123,0.302,0.575
26000,0.123,0.300,0.577
26100,0.128,0.300,0.572
26200,0.127,0.293,0.580
26300,0.126,0.291,0.583
26400,0.131,0.294,0.575
26500,0.134,0.291,0.575
26600,0.137,0.295,0.568
26700,0.130,0.289,0.581
26800,0.127,0.292,0.581
26900,0.118,0.291,0.590
27000,0.116,0.294,0.589
27100,0.120,0.298,0.582
27200,0.114,0.292,0.593
27300,0.114,0.293,0.592
27400,0.106,0.292,0.602
27500,0.101,0.298,0.601
27600,0.098,0.297,0.605
27700,0.104,0.294,0.602
27800,0.109,0.294,0.597
27900,0.108,0.287,0.605
28000,0.103,0.282,0.615
28100,0.108,0.285,0.607
28200,0.101,0.302,0.597
28300,0.103,0.298,0.599
28400,0.106,0.308,0.585
28500,0.106,0.302,0.591
28600,0.111,0.300,0.588
28700,0.116,0.296,0.587
28800,0.126,0.287,0.587
28900,0.133,0.295,0.572
29000,0.138,0.297,0.565
29100,0.139,0.296,0.565
29200,0.145,0.292,0.563
29300,0.161,0.286,0.553
29400,0.161,0.279,0.560
29500,0.154,0.291,0.555
29600,0.157,0.285,0.558
29700,0.152,0.290,0.558
29800,0.147,0.286,0.567
29900,0.147,0.288,0.565
30000,0.139,0.289,0.572
30100,0.137,0.291,0.572
30200,0.136,0.298,0.566
30300,0.133,0.281,0.586
30400,0.138,0.278,0.584
30500,0.136,0.279,0.585
30600,0.143,0.271,0.586
30700,0.149,0.264,0.587
30800,0.150,0.271,0.579
30900,0.147,0.272,0.581
31000,0.156,0.270,0.574
31100,0.152,0.274,0.574
31200,0.149,0.277,0.574
31300,0.146,0.277,0.577
31400,0.138,0.275,0.587
31500,0.133,0.283,0.584
31600,0.133,0.288,0.579
31700,0.133,0.287,0.580
31800,0.140,0.282,0.578
31900,0.137,0.284,0.579
32000,0.142,0.285,0.573
32100,0.137,0.287,0.576
32200,0.138,0.285,0.577
32300,0.134,0.281,0.585
32400,0.139,0.285,0.576
32500,0.137,0.294,0.569
32600,0.134,0.283,0.583
32700,0.136,0.281,0.583
32800,0.147,0.277,0.576
32900,0.141,0.272,0.587
33000,0.139,0.274,0.587
33100,0.133,0.275,0.592
33200,0.139,0.269,0.592
33300,0.137,0.270,0.593
33400,0.133,0.270,0.598
33500,0.138,0.286,0.576
33600,0.133,0.286,0.581
33700,0.143,0.278,0.579
33800,0.141,0.278,0.581
33900,0.142,0.283,0.575
34000,0.136,0.302,0.562
34100,0.130,0.299,0.571
34200,0.125,0.306,0.569
34300,0.117,0.298,0.584
34400,0.115,0.303,0.581
34500,0.109,0.296,0.594
34600,0.116,0.296,0.587
34700,0.104,0.299,0.597
34800,0.097,0.298,0.605
34900,0.100,0.298,0.602
35000,0.108,0.293,0.599
35100,0.106,0.288,0.606
35200,0.128,0.286,0.586
35300,0.121,0.280,0.600
35400,0.122,0.276,0.603
35500,0.118,0.281,0.601
35600,0.121,0.275,0.605
35700,0.131,0.270,0.600
35800,0.120,0.273,0.608
35900,0.122,0.290,0.588
36000,0.116,0.307,0.576
36100,0.121,0.305,0.574
36200,0.132,0.301,0.567
36300,0.129,0.291,0.580
36400,0.128,0.283,0.589
36500,0.125,0.280,0.596
36600,0.130,0.268,0.603
36700,0.124,0.273,0.604
36800,0.130,0.273,0.598
36900,0.129,0.267,0.605
37000,0.123,0.267,0.611
37100,0.123,0.266,0.612
37200,0.126,0.272,0.603
37300,0.135,0.285,0.580
37400,0.139,0.292,0.569
37500,0.139,0.282,0.579
37600,0.136,0.281,0.583
37700,0.144,0.274,0.582
37800,0.138,0.270,0.592
37900,0.140,0.272,0.588
38000,0.138,0.272,0.590
38100,0.132,0.276,0.592
38200,0.135,0.276,0.589
38300,0.130,0.279,0.591
38400,0.135,0.282,0.583
38500,0.140,0.276,0.584
38600,0.142,0.276,0.582
38700,0.137,0.274,0.589
38800,0.141,0.273,0.586
38900,0.137,0.276,0.587
39000,0.140,0.269,0.591
39100,0.140,0.257,0.603
39200,0.140,0.251,0.609
39300,0.144,0.257,0.599
39400,0.147,0.252,0.601
39500,0.147,0.254,0.599
39600,0.140,0.256,0.604
39700,0.137,0.254,0.609
39800,0.139,0.260,0.601
39900,0.149,0.269,0.582
40000,0.152,0.274,0.574
40100,0.152,0.278,0.570
40200,0.152,0.274,0.574
40300,0.156,0.298,0.545
40400,0.157,0.294,0.549
40500,0.157,0.300,0.542
40600,0.169,0.291,0.540
40700,0.155,0.284,0.561
40800,0.148,0.285,0.567
40900,0.143,0.282,0.575
41000,0.139,0.278,0.583
41100,0.146,0.266,0.588
41200,0.166,0.263,0.571
41300,0.158,0.261,0.580
41400,0.155,0.257,0.587
41500,0.150,0.254,0.596
41600,0.150,0.250,0.600
41700,0.151,0.268,0.581
41800,0.151,0.270,0.579
41900,0.155,0.267,0.578
42000,0.155,0.280,0.565
42100,0.157,0.282,0.561
42200,0.152,0.287,0.561
42300,0.138,0.297,0.565
42400,0.140,0.296,0.564
42500,0.137,0.291,0.572
42600,0.133,0.272,0.596
42700,0.132,0.261,0.607
42800,0.133,0.260,0.607
42900,0.135,0.257,0.608
43000,0.139,0.251,0.610
43100,0.144,0.249,0.607
43200,0.140,0.242,0.618
43300,0.150,0.237,0.613
43400,0.149,0.240,0.611
43500,0.145,0.244,0.611
43600,0.136,0.242,0.622
43700,0.129,0.270,0.602
43800,0.133,0.270,0.598
43900,0.135,0.279,0.586
44000,0.147,0.271,0.582
44100,0.143,0.269,0.588
44200,0.145,0.266,0.589
44300,0.146,0.267,0.587
44400,0.149,0.261,0.589
44500,0.150,0.265,0.585
44600,0.147,0.261,0.591
44700,0.143,0.263,0.594
44800,0.138,0.260,0.602
44900,0.136,0.254,0.610
45000,0.157,0.256,0.586
45100,0.159,0.258,0.582
45200,0.159,0.255,0.585
45300,0.162,0.261,0.576
45400,0.164,0.259,0.576
45500,0.161,0.255,0.583
45600,0.155,0.258,0.586
45700,0.155,0.260,0.584
45800,0.152,0.264,0.584
45900,0.159,0.275,0.566
46000,0.164,0.267,0.569
46100,0.162,0.260,0.577
46200,0.159,0.265,0.576
46300,0.155,0.266,0.579
46400,0.162,0.258,0.579
46500,0.173,0.252,0.575
46600,0.166,0.269,0.565
46700,0.165,0.261,0.573
46800,0.162,0.261,0.576
46900,0.153,0.261,0.585
47000,0.147,0.278,0.575
47100,0.154,0.268,0.578
47200,0.165,0.259,0.575
47300,0.174,0.269,0.558
47400,0.173,0.273,0.555
47500,0.178,0.270,0.553
47600,0.189,0.265,0.546
47700,0.182,0.273,0.545
47800,0.191,0.268,0.541
47900,0.193,0.264,0.543
48000,0.189,0.259,0.552
48100,0.183,0.271,0.546
48200,0.178,0.271,0.552
48300,0.181,0.268,0.552
48400,0.173,0.271,0.557
48500,0.174,0.266,0.561
48600,0.177,0.263,0.561
48700,0.172,0.260,0.568
48800,0.176,0.264,0.561
48900,0.173,0.254,0.573
49000,0.174,0.255,0.571
49100,0.166,0.256,0.577
49200,0.172,0.250,0.578
49300,0.177,0.254,0.569
49400,0.169,0.251,0.580
49500,0.175,0.246,0.579
49600,0.183,0.240,0.577
49700,0.197,0.244,0.559
49800,0.198,0.239,0.563
49900,0.196,0.239,0.565
50000,0.204,0.239,0.557
50100,0.200,0.240,0.560
50200,0.197,0.241,0.562
50300,0.198,0.242,0.560
50400,0.192,0.240,0.568
50500,0.186,0.252,0.562
50600,0.187,0.257,0.556
50700,0.195,0.249,0.556
50800,0.187,0.248,0.565
50900,0.173,0.257,0.570
51000,0.169,0.257,0.574
51100,0.163,0.254,0.582
51200,0.165,0.245,0.589
51300,0.165,0.248,0.586
51400,0.155,0.242,0.603
51500,0.148,0.238,0.614
51600,0.148,0.238,0.614
51700,0.157,0.232,0.611
51800,0.160,0.237,0.603
51900,0.155,0.234,0.611
52000,0.160,0.230,0.610
52100,0.164,0.226,0.610
52200,0.152,0.225,0.623
52300,0.147,0.229,0.624
52400,0.148,0.229,0.623
52500,0.153,0.226,0.621
52600,0.160,0.234,0.606
52700,0.161,0.235,0.604
52800,0.158,0.250,0.591
52900,0.164,0.242,0.593
53000,0.158,0.247,0.594
53100,0.156,0.264,0.580
53200,0.156,0.273,0.571
53300,0.159,0.260,0.580
53400,0.159,0.254,0.586
53500,0.153,0.248,0.599
53600,0.158,0.246,0.596
53700,0.158,0.250,0.591
53800,0.150,0.258,0.591
53900,0.155,0.263,0.582
54000,0.152,0.256,0.591
54100,0.153,0.254,0.592
54200,0.152,0.255,0.592
54300,0.145,0.250,0.605
54400,0.152,0.249,0.599
54500,0.139,0.244,0.617
54600,0.140,0.245,0.615
54700,0.143,0.242,0.615
54800,0.137,0.247,0.616
54900,0.141,0.247,0.612
55000,0.149,0.244,0.607
55100,0.164,0.246,0.589
55200,0.165,0.246,0.588
55300,0.158,0.238,0.604
55400,0.158,0.236,0.606
55500,0.149,0.245,0.606
55600,0.155,0.245,0.600
55700,0.146,0.263,0.591
55800,0.142,0.253,0.605
55900,0.137,0.249,0.614
56000,0.125,0.255,0.620
56100,0.139,0.247,0.614
56200,0.134,0.245,0.621
56300,0.138,0.253,0.609
56400,0.128,0.259,0.613
56500,0.136,0.245,0.619
56600,0.146,0.239,0.615
56700,0.153,0.234,0.613
56800,0.150,0.237,0.613
56900,0.146,0.235,0.619
57000,0.146,0.250,0.604
57100,0.140,0.255,0.605
57200,0.147,0.252,0.601
57300,0.153,0.245,0.602
57400,0.159,0.240,0.601
57500,0.170,0.237,0.593
57600,0.175,0.223,0.603
57700,0.170,0.220,0.611
57800,0.173,0.218,0.610
57900,0.173,0.215,0.613
58000,0.176,0.228,0.597
58100,0.181,0.227,0.592
58200,0.174,0.226,0.601
58300,0.168,0.224,0.609
58400,0.170,0.226,0.605
58500,0.174,0.227,0.600
58600,0.184,0.219,0.598
58700,0.198,0.216,0.586
58800,0.203,0.212,0.584
58900,0.192,0.221,0.587
59000,0.190,0.216,0.594
59100,0.190,0.213,0.597
59200,0.188,0.220,0.592
59300,0.183,0.218,0.600
59400,0.184,0.215,0.602
59500,0.182,0.215,0.604
59600,0.168,0.231,0.602
59700,0.181,0.226,0.593
59800,0.188,0.225,0.587
59900,0.183,0.225,0.592
60000,0.188,0.220,0.592
60100,0.184,0.219,0.598
60200,0.187,0.220,0.593
60300,0.176,0.229,0.596
60400,0.176,0.229,0.596
60500,0.172,0.232,0.597
60600,0.158,0.232,0.610
60700,0.153,0.232,0.615
60800,0.154,0.234,0.612
60900,0.153,0.231,0.616
61000,0.174,0.227,0.600
61100,0.173,0.230,0.598
61200,0.173,0.224,0.604
61300,0.173,0.231,0.597
61400,0.170,0.241,0.589
61500,0.164,0.253,0.582
61600,0.161,0.257,0.581
61700,0.158,0.292,0.550
61800,0.159,0.283,0.558
61900,0.168,0.272,0.561
62000,0.172,0.264,0.565
62100,0.180,0.259,0.561
62200,0.169,0.260,0.571
62300,0.166,0.256,0.577
62400,0.166,0.250,0.583
62500,0.161,0.246,0.592
62600,0.166,0.232,0.602
62700,0.162,0.235,0.603
62800,0.157,0.241,0.602
62900,0.155,0.242,0.603
63000,0.153,0.237,0.610
63100,0.168,0.258,0.574
63200,0.161,0.259,0.579
63300,0.154,0.254,0.591
63400,0.160,0.247,0.592
63500,0.165,0.239,0.596
63600,0.161,0.237,0.602
63700,0.153,0.231,0.616
63800,0.145,0.230,0.625
63900,0.141,0.229,0.630
64000,0.152,0.229,0.619
64100,0.161,0.239,0.600
64200,0.162,0.238,0.600
64300,0.164,0.233,0.603
64400,0.165,0.242,0.592
64500,0.160,0.235,0.605
64600,0.157,0.231,0.612
64700,0.156,0.230,0.614
64800,0.150,0.234,0.616
64900,0.151,0.235,0.614
65000,0.152,0.236,0.612
65100,0.149,0.235,0.616
65200,0.151,0.228,0.621
65300,0.145,0.234,0.621
65400,0.137,0.234,0.629
65500,0.146,0.229,0.625
65600,0.141,0.229,0.630
65700,0.144,0.227,0.629
65800,0.147,0.236,0.617
65900,0.159,0.234,0.607
66000,0.155,0.234,0.611
66100,0.160,0.233,0.607
66200,0.157,0.235,0.608
66300,0.152,0.248,0.600
66400,0.154,0.242,0.604
66500,0.154,0.250,0.596
66600,0.142,0.252,0.606
66700,0.146,0.246,0.608
66800,0.136,0.242,0.622
66900,0.141,0.245,0.614
67000,0.143,0.243,0.614
67100,0.144,0.242,0.614
67200,0.158,0.239,0.603
67300,0.157,0.237,0.606
67400,0.144,0.246,0.610
67500,0.148,0.244,0.608
67600,0.140,0.245,0.615
67700,0.134,0.242,0.624
67800,0.138,0.237,0.625
67900,0.153,0.239,0.608
68000,0.173,0.235,0.592
68100,0.168,0.236,0.597
68200,0.165,0.226,0.609
68300,0.176,0.219,0.606
68400,0.182,0.229,0.589
68500,0.175,0.232,0.593
68600,0.166,0.229,0.605
68700,0.165,0.220,0.615
68800,0.188,0.212,0.600
68900,0.191,0.216,0.593
69000,0.188,0.219,0.593
69100,0.191,0.215,0.594
69200,0.187,0.212,0.601
69300,0.179,0.212,0.609
69400,0.183,0.208,0.609
69500,0.178,0.212,0.610
69600,0.174,0.211,0.615
69700,0.172,0.213,0.615
69800,0.170,0.218,0.613
69900,0.177,0.217,0.607
70000,0.178,0.219,0.604
70100,0.175,0.218,0.608
70200,0.168,0.219,0.614
70300,0.168,0.223,0.610
70400,0.171,0.220,0.610
70500,0.166,0.216,0.618
70600,0.162,0.215,0.623
70700,0.153,0.213,0.633
70800,0.146,0.210,0.644
70900,0.141,0.222,0.637
71000,0.139,0.216,0.646
71100,0.138,0.222,0.640
71200,0.132,0.228,0.640
71300,0.141,0.224,0.635
71400,0.149,0.228,0.623
71500,0.152,0.255,0.592
71600,0.171,0.246,0.583
71700,0.160,0.241,0.599
71800,0.142,0.249,0.609
71900,0.140,0.264,0.597
72000,0.137,0.264,0.600
72100,0.135,0.264,0.602
72200,0.145,0.257,0.598
72300,0.144,0.253,0.603
72400,0.141,0.245,0.614
72500,0.142,0.254,0.604
72600,0.140,0.251,0.609
72700,0.136,0.252,0.612
72800,0.144,0.256,0.600
72900,0.153,0.261,0.585
73000,0.153,0.261,0.585
73100,0.152,0.254,0.593
73200,0.148,0.250,0.602
73300,0.153,0.244,0.603
73400,0.150,0.236,0.614
73500,0.144,0.237,0.619
73600,0.146,0.228,0.626
73700,0.153,0.228,0.619
73800,0.137,0.230,0.633
73900,0.136,0.221,0.644
74000,0.137,0.219,0.645
74100,0.135,0.215,0.651
74200,0.132,0.225,0.644
74300,0.132,0.238,0.630
74400,0.138,0.232,0.630
74500,0.139,0.236,0.625
74600,0.139,0.236,0.625
74700,0.137,0.233,0.630
74800,0.142,0.239,0.619
74900,0.147,0.238,0.615
75000,0.147,0.239,0.614
75100,0.150,0.243,0.607
75200,0.153,0.240,0.607
75300,0.153,0.235,0.612
75400,0.150,0.250,0.600
75500,0.155,0.245,0.600
75600,0.154,0.246,0.600
75700,0.150,0.241,0.609
75800,0.152,0.238,0.610
75900,0.157,0.236,0.607
76000,0.160,0.231,0.609
76100,0.156,0.236,0.608
76200,0.160,0.237,0.603
76300,0.154,0.235,0.611
76400,0.147,0.228,0.625
76500,0.153,0.231,0.616
76600,0.152,0.231,0.617
76700,0.148,0.235,0.617
76800,0.138,0.235,0.627
76900,0.140,0.226,0.634
77000,0.132,0.235,0.633
77100,0.133,0.245,0.622
77200,0.131,0.246,0.623
77300,0.135,0.241,0.624
77400,0.127,0.232,0.641
77500,0.129,0.235,0.636
77600,0.129,0.239,0.632
77700,0.134,0.248,0.618
77800,0.131,0.245,0.624
77900,0.136,0.239,0.625
78000,0.133,0.238,0.629
78100,0.143,0.235,0.622
78200,0.139,0.245,0.616
78300,0.143,0.248,0.609
78400,0.144,0.238,0.618
78500,0.143,0.233,0.624
78600,0.146,0.234,0.620
78700,0.136,0.230,0.634
78800,0.136,0.238,0.626
78900,0.136,0.243,0.621
79000,0.138,0.234,0.628
79100,0.136,0.233,0.631
79200,0.144,0.229,0.627
79300,0.139,0.232,0.629
79400,0.137,0.237,0.626
79500,0.128,0.269,0.604
79600,0.130,0.266,0.605
79700,0.134,0.261,0.605
79800,0.138,0.264,0.599
79900,0.132,0.263,0.606
80000,0.128,0.259,0.613
80100,0.128,0.258,0.614
80200,0.130,0.266,0.605
80300,0.125,0.259,0.616
80400,0.118,0.259,0.622
80500,0.118,0.255,0.626
80600,0.122,0.244,0.634
80700,0.123,0.246,0.631
80800,0.122,0.256,0.622
80900,0.133,0.254,0.613
81000,0.137,0.261,0.602
81100,0.137,0.258,0.605
81200,0.129,0.250,0.621
81300,0.129,0.241,0.630
81400,0.139,0.242,0.619
81500,0.146,0.242,0.612
81600,0.145,0.239,0.616
81700,0.143,0.244,0.613
81800,0.147,0.247,0.606
81900,0.145,0.239,0.616
82000,0.152,0.240,0.608
82100,0.148,0.242,0.610
82200,0.149,0.232,0.619
82300,0.145,0.233,0.622
82400,0.161,0.233,0.606
82500,0.166,0.234,0.600
82600,0.184,0.227,0.589
82700,0.165,0.228,0.607
82800,0.175,0.230,0.596
82900,0.169,0.226,0.606
83000,0.155,0.231,0.614
83100,0.152,0.238,0.610
83200,0.154,0.236,0.610
83300,0.153,0.235,0.612
83400,0.168,0.233,0.600
83500,0.178,0.230,0.592
83600,0.178,0.224,0.599
83700,0.177,0.224,0.600
83800,0.170,0.222,0.609
83900,0.170,0.227,0.604
84000,0.174,0.234,0.592
84100,0.177,0.228,0.596
84200,0.181,0.230,0.589
84300,0.178,0.231,0.591
84400,0.169,0.235,0.597
84500,0.174,0.233,0.593
84600,0.173,0.234,0.593
84700,0.168,0.233,0.600
84800,0.156,0.231,0.613
84900,0.159,0.232,0.609
85000,0.156,0.233,0.611
85100,0.152,0.234,0.614
85200,0.150,0.227,0.623
85300,0.173,0.229,0.599
85400,0.170,0.233,0.598
85500,0.166,0.236,0.598
85600,0.160,0.245,0.594
85700,0.171,0.239,0.590
85800,0.174,0.239,0.587
85900,0.170,0.239,0.591
86000,0.164,0.238,0.598
86100,0.164,0.244,0.591
86200,0.152,0.250,0.598
86300,0.149,0.249,0.602
86400,0.144,0.248,0.608
86500,0.152,0.244,0.604
86600,0.148,0.245,0.607
86700,0.151,0.245,0.604
86800,0.147,0.246,0.607
86900,0.145,0.253,0.602
87000,0.149,0.250,0.601
87100,0.144,0.240,0.616
87200,0.159,0.241,0.600
87300,0.158,0.242,0.600
87400,0.152,0.244,0.604
87500,0.149,0.235,0.616
87600,0.159,0.236,0.605
87700,0.162,0.229,0.609
87800,0.162,0.224,0.614
87900,0.166,0.224,0.610
88000,0.162,0.228,0.610
88100,0.162,0.227,0.611
88200,0.162,0.226,0.612
88300,0.160,0.224,0.616
88400,0.156,0.224,0.620
88500,0.152,0.225,0.623
88600,0.152,0.224,0.624
88700,0.155,0.215,0.630
88800,0.150,0.213,0.636
88900,0.151,0.211,0.637
89000,0.153,0.222,0.625
89100,0.164,0.220,0.616
89200,0.157,0.207,0.635
89300,0.156,0.205,0.638
89400,0.157,0.206,0.636
89500,0.141,0.207,0.652
89600,0.140,0.212,0.648
89700,0.137,0.217,0.647
89800,0.136,0.219,0.646
89900,0.135,0.237,0.628
90000,0.138,0.226,0.636
90100,0.140,0.221,0.639
90200,0.153,0.218,0.629
90300,0.142,0.226,0.632
90400,0.145,0.229,0.626
90500,0.140,0.225,0.635
90600,0.135,0.211,0.654
90700,0.135,0.209,0.656
90800,0.131,0.213,0.656
90900,0.126,0.219,0.656
91000,0.120,0.226,0.655
91100,0.126,0.233,0.641
91200,0.121,0.231,0.649
91300,0.134,0.224,0.642
91400,0.127,0.221,0.653
91500,0.138,0.216,0.647
91600,0.139,0.209,0.652
91700,0.140,0.212,0.648
91800,0.132,0.210,0.658
91900,0.139,0.212,0.649
92000,0.145,0.208,0.647
92100,0.146,0.217,0.637
92200,0.146,0.218,0.636
92300,0.145,0.216,0.639
92400,0.139,0.234,0.627
92500,0.145,0.232,0.623
92600,0.150,0.235,0.615
92700,0.145,0.238,0.617
92800,0.140,0.233,0.627
92900,0.155,0.234,0.611
93000,0.149,0.223,0.628
93100,0.149,0.216,0.635
93200,0.145,0.234,0.621
93300,0.132,0.232,0.636
93400,0.144,0.222,0.634
93500,0.152,0.217,0.631
93600,0.144,0.218,0.638
93700,0.145,0.238,0.617
93800,0.153,0.234,0.613
93900,0.151,0.232,0.617
94000,0.155,0.231,0.614
94100,0.160,0.231,0.609
94200,0.161,0.228,0.611
94300,0.161,0.224,0.615
94400,0.156,0.222,0.622
94500,0.150,0.226,0.624
94600,0.151,0.219,0.630
94700,0.146,0.229,0.625
94800,0.143,0.225,0.632
94900,0.148,0.213,0.638
95000,0.150,0.226,0.624
95100,0.153,0.233,0.614
95200,0.162,0.230,0.608
95300,0.158,0.228,0.614
95400,0.181,0.221,0.599
95500,0.175,0.220,0.606
95600,0.176,0.208,0.616
95700,0.183,0.205,0.612
95800,0.182,0.209,0.609
95900,0.184,0.212,0.604
96000,0.186,0.204,0.610
96100,0.178,0.202,0.620
96200,0.180,0.199,0.621
96300,0.176,0.206,0.618
96400,0.170,0.206,0.624
96500,0.166,0.208,0.625
96600,0.166,0.217,0.617
96700,0.160,0.216,0.624
96800,0.161,0.217,0.622
96900,0.163,0.211,0.625
97000,0.163,0.203,0.633
97100,0.181,0.201,0.618
97200,0.179,0.223,0.599
97300,0.171,0.223,0.607
97400,0.162,0.224,0.614
97500,0.157,0.220,0.623
97600,0.154,0.224,0.622
97700,0.148,0.230,0.622
97800,0.145,0.221,0.634
97900,0.151,0.212,0.636
98000,0.149,0.209,0.641
98100,0.159,0.224,0.617
98200,0.165,0.231,0.604
98300,0.172,0.234,0.594
98400,0.169,0.228,0.604
98500,0.170,0.228,0.603
98600,0.169,0.225,0.607
98700,0.169,0.219,0.613
98800,0.161,0.212,0.626
98900,0.166,0.217,0.617
99000,0.164,0.224,0.612
99100,0.166,0.224,0.610
99200,0.169,0.221,0.611
99300,0.160,0.220,0.620
99400,0.152,0.215,0.633
99500,0.162,0.219,0.619
99600,0.162,0.213,0.624
99700,0.173,0.203,0.624
99800,0.178,0.198,0.624
99900,0.172,0.207,0.621
100000,0.172,0.205,0.623
