time,n_A+p,n_B,n_AB
500,0.080,0.616,0.304
1000,0.080,0.324,0.596
1500,0.096,0.147,0.757
2000,0.212,0.052,0.735
2500,0.391,0.004,0.605
3000,0.598,0.000,0.402
3500,0.756,0.000,0.244
4000,0.808,0.000,0.192
4500,0.867,0.000,0.133
5000,0.856,0.000,0.144
5500,0.868,0.000,0.132
6000,0.864,0.000,0.136
6500,0.876,0.000,0.124
7000,0.913,0.000,0.087
7500,0.875,0.000,0.125
8000,0.898,0.000,0.102
8500,0.928,0.000,0.072
9000,0.951,0.000,0.049
9500,0.920,0.000,0.080
10000,0.879,0.000,0.121
10500,0.905,0.000,0.095
11000,0.882,0.000,0.118
11500,0.940,0.000,0.060
12000,0.963,0.000,0.037
12500,0.970,0.000,0.030
13000,0.951,0.000,0.049
13500,0.980,0.000,0.020
14000,0.965,0.000,0.035
14500,0.961,0.000,0.039
15000,0.988,0.000,0.012
15500,0.978,0.000,0.022
16000,0.975,0.000,0.025
16500,0.984,0.000,0.016
17000,0.995,0.000,0.005
17500,0.996,0.000,0.004
18000,0.991,0.000,0.009
18500,0.998,0.000,0.002
19000,1.000,0.000,0.000
