time,n_A+p,n_B,n_AB
100,0.022,0.935,0.043
200,0.022,0.880,0.098
300,0.022,0.891,0.087
400,0.022,0.848,0.130
500,0.065,0.783,0.152
600,0.033,0.707,0.261
700,0.022,0.685,0.293
800,0.087,0.630,0.283
900,0.109,0.620,0.272
1000,0.098,0.511,0.391
1100,0.174,0.543,0.283
1200,0.130,0.533,0.337
1300,0.109,0.554,0.337
1400,0.141,0.641,0.217
1500,0.163,0.543,0.293
1600,0.130,0.565,0.304
1700,0.163,0.598,0.239
1800,0.185,0.457,0.359
1900,0.207,0.435,0.359
2000,0.217,0.413,0.370
2100,0.239,0.402,0.359
2200,0.185,0.370,0.446
2300,0.283,0.326,0.391
2400,0.272,0.293,0.435
2500,0.304,0.239,0.457
2600,0.315,0.315,0.370
2700,0.239,0.293,0.467
2800,0.217,0.359,0.424
2900,0.141,0.380,0.478
3000,0.163,0.348,0.489
3100,0.196,0.370,0.435
3200,0.228,0.359,0.413
3300,0.283,0.272,0.446
3400,0.315,0.250,0.435
3500,0.348,0.250,0.402
3600,0.435,0.196,0.370
3700,0.446,0.217,0.337
3800,0.424,0.152,0.424
3900,0.380,0.217,0.402
4000,0.370,0.196,0.435
4100,0.391,0.239,0.370
4200,0.380,0.283,0.337
4300,0.402,0.207,0.391
4400,0.380,0.250,0.370
4500,0.337,0.272,0.391
4600,0.370,0.293,0.337
4700,0.272,0.359,0.370
4800,0.239,0.261,0.500
4900,0.370,0.163,0.467
5000,0.413,0.174,0.413
5100,0.391,0.163,0.446
5200,0.435,0.109,0.457
5300,0.380,0.207,0.413
5400,0.391,0.207,0.402
5500,0.402,0.174,0.424
5600,0.413,0.174,0.413
5700,0.370,0.185,0.446
5800,0.326,0.207,0.467
5900,0.402,0.228,0.370
6000,0.391,0.174,0.435
6100,0.435,0.109,0.457
6200,0.413,0.109,0.478
6300,0.435,0.217,0.348
6400,0.380,0.109,0.511
6500,0.293,0.261,0.446
6600,0.217,0.348,0.435
6700,0.283,0.315,0.402
6800,0.272,0.283,0.446
6900,0.261,0.326,0.413
7000,0.337,0.283,0.380
7100,0.391,0.228,0.380
7200,0.380,0.228,0.391
7300,0.380,0.163,0.457
7400,0.489,0.163,0.348
7500,0.457,0.163,0.380
7600,0.500,0.152,0.348
7700,0.500,0.141,0.359
7800,0.543,0.196,0.261
7900,0.446,0.076,0.478
8000,0.587,0.109,0.304
8100,0.587,0.098,0.315
8200,0.630,0.109,0.261
8300,0.630,0.065,0.304
8400,0.696,0.065,0.239
8500,0.772,0.011,0.217
8600,0.815,0.054,0.130
8700,0.826,0.022,0.152
8800,0.859,0.033,0.109
8900,0.772,0.033,0.196
9000,0.750,0.022,0.228
9100,0.728,0.011,0.261
9200,0.728,0.033,0.239
9300,0.707,0.011,0.283
9400,0.761,0.011,0.228
9500,0.772,0.022,0.207
9600,0.696,0.033,0.272
9700,0.543,0.043,0.413
9800,0.576,0.076,0.348
9900,0.663,0.076,0.261
10000,0.728,0.065,0.207
10100,0.750,0.054,0.196
10200,0.772,0.033,0.196
10300,0.739,0.022,0.239
10400,0.663,0.022,0.315
10500,0.685,0.054,0.261
10600,0.707,0.054,0.239
10700,0.728,0.054,0.217
10800,0.750,0.076,0.174
10900,0.750,0.043,0.207
11000,0.826,0.022,0.152
11100,0.870,0.022,0.109
11200,0.870,0.000,0.130
11300,0.913,0.000,0.087
11400,0.946,0.000,0.054
11500,0.891,0.000,0.109
11600,0.870,0.000,0.130
11700,0.902,0.000,0.098
11800,0.946,0.000,0.054
11900,0.957,0.000,0.043
12000,0.946,0.000,0.054
12100,0.957,0.000,0.043
12200,0.946,0.000,0.054
12300,0.935,0.000,0.065
12400,0.902,0.022,0.076
12500,0.815,0.011,0.174
12600,0.913,0.033,0.054
12700,0.902,0.011,0.087
12800,0.880,0.000,0.120
12900,0.880,0.000,0.120
13000,0.935,0.000,0.065
13100,0.957,0.000,0.043
13200,0.957,0.000,0.043
13300,0.957,0.000,0.043
13400,0.978,0.000,0.022
13500,0.978,0.000,0.022
13600,0.967,0.000,0.033
13700,0.967,0.000,0.033
13800,1.000,0.000,0.000
