time,n_A+p,n_B,n_AB
100,0.368,0.421,0.211
200,0.240,0.475,0.285
300,0.269,0.483,0.248
400,0.256,0.471,0.273
500,0.186,0.508,0.306
600,0.169,0.496,0.335
700,0.169,0.517,0.314
800,0.169,0.529,0.302
900,0.099,0.554,0.347
1000,0.103,0.579,0.318
1100,0.128,0.620,0.252
1200,0.083,0.731,0.186
1300,0.050,0.781,0.169
1400,0.054,0.814,0.132
1500,0.033,0.851,0.116
1600,0.021,0.860,0.120
1700,0.008,0.901,0.091
1800,0.004,0.950,0.045
1900,0.004,0.963,0.033
2000,0.004,0.988,0.008
2100,0.004,0.983,0.012
2200,0.004,0.996,0.000
2300,0.004,0.996,0.000
2400,0.004,0.996,0.000
2500,0.004,0.996,0.000
2600,0.004,0.996,0.000
2700,0.004,0.996,0.000
2800,0.004,0.996,0.000
2900,0.000,1.000,0.000
