time,n_A+p,n_B,n_AB
500,0.050,0.833,0.117
1000,0.050,0.661,0.288
1500,0.050,0.453,0.497
2000,0.050,0.322,0.628
2500,0.059,0.277,0.664
3000,0.058,0.258,0.684
3500,0.059,0.225,0.717
4000,0.069,0.203,0.729
4500,0.073,0.177,0.750
5000,0.068,0.167,0.765
5500,0.150,0.086,0.764
6000,0.196,0.035,0.769
6500,0.286,0.020,0.694
7000,0.368,0.003,0.630
7500,0.381,0.002,0.618
8000,0.442,0.001,0.558
8500,0.442,0.000,0.558
9000,0.405,0.001,0.595
9500,0.409,0.000,0.591
10000,0.455,0.000,0.545
10500,0.469,0.004,0.526
11000,0.522,0.001,0.477
11500,0.533,0.000,0.467
12000,0.535,0.000,0.465
12500,0.507,0.000,0.493
13000,0.502,0.000,0.498
13500,0.523,0.000,0.477
14000,0.495,0.000,0.505
14500,0.500,0.000,0.500
15000,0.518,0.000,0.482
15500,0.502,0.000,0.498
16000,0.431,0.000,0.569
16500,0.495,0.000,0.505
17000,0.508,0.000,0.492
17500,0.539,0.000,0.461
18000,0.531,0.000,0.469
18500,0.576,0.000,0.424
19000,0.572,0.000,0.428
19500,0.550,0.000,0.450
20000,0.595,0.000,0.405
20500,0.537,0.000,0.463
21000,0.526,0.000,0.474
21500,0.585,0.000,0.415
22000,0.572,0.000,0.428
22500,0.655,0.000,0.345
23000,0.610,0.000,0.390
23500,0.575,0.000,0.425
24000,0.595,0.000,0.405
24500,0.632,0.000,0.368
25000,0.637,0.000,0.363
25500,0.601,0.000,0.399
26000,0.534,0.000,0.466
26500,0.550,0.000,0.450
27000,0.548,0.000,0.452
27500,0.546,0.000,0.454
28000,0.566,0.000,0.434
28500,0.562,0.000,0.438
29000,0.543,0.000,0.457
29500,0.501,0.000,0.499
30000,0.521,0.000,0.479
30500,0.516,0.000,0.484
31000,0.438,0.000,0.562
31500,0.519,0.000,0.481
32000,0.497,0.000,0.503
32500,0.505,0.000,0.495
33000,0.587,0.000,0.413
33500,0.519,0.000,0.481
34000,0.539,0.000,0.461
34500,0.562,0.000,0.438
35000,0.482,0.000,0.518
35500,0.486,0.000,0.514
36000,0.515,0.000,0.485
36500,0.470,0.000,0.530
37000,0.525,0.000,0.475
37500,0.552,0.000,0.448
38000,0.534,0.000,0.466
38500,0.506,0.000,0.494
39000,0.553,0.000,0.447
39500,0.555,0.000,0.445
40000,0.507,0.000,0.493
40500,0.517,0.000,0.483
41000,0.531,0.000,0.469
41500,0.527,0.000,0.473
42000,0.528,0.000,0.472
42500,0.494,0.000,0.506
43000,0.454,0.000,0.546
43500,0.515,0.000,0.485
44000,0.546,0.000,0.454
44500,0.589,0.000,0.411
45000,0.620,0.000,0.380
45500,0.578,0.000,0.422
46000,0.597,0.000,0.403
46500,0.502,0.000,0.498
47000,0.485,0.000,0.514
47500,0.479,0.003,0.518
48000,0.495,0.000,0.504
48500,0.540,0.000,0.460
49000,0.545,0.000,0.455
49500,0.522,0.001,0.477
50000,0.497,0.001,0.503
50500,0.471,0.000,0.529
51000,0.495,0.002,0.503
51500,0.492,0.000,0.508
52000,0.499,0.000,0.500
52500,0.516,0.000,0.484
53000,0.521,0.000,0.479
53500,0.545,0.000,0.455
54000,0.577,0.000,0.423
54500,0.548,0.000,0.452
55000,0.488,0.000,0.512
55500,0.475,0.000,0.524
56000,0.433,0.000,0.567
56500,0.415,0.001,0.585
57000,0.461,0.000,0.539
57500,0.405,0.000,0.595
58000,0.465,0.000,0.535
58500,0.454,0.000,0.546
59000,0.459,0.000,0.541
59500,0.497,0.000,0.502
60000,0.504,0.000,0.496
60500,0.496,0.000,0.504
61000,0.559,0.000,0.441
61500,0.547,0.000,0.453
62000,0.587,0.000,0.413
62500,0.610,0.000,0.390
63000,0.556,0.000,0.444
63500,0.466,0.000,0.534
64000,0.465,0.000,0.535
64500,0.499,0.000,0.501
65000,0.479,0.000,0.521
65500,0.526,0.000,0.474
66000,0.559,0.000,0.441
66500,0.521,0.000,0.479
67000,0.585,0.000,0.415
67500,0.554,0.000,0.446
68000,0.623,0.000,0.377
68500,0.635,0.000,0.365
69000,0.619,0.000,0.381
69500,0.543,0.000,0.457
70000,0.521,0.000,0.479
70500,0.548,0.000,0.452
71000,0.555,0.000,0.445
71500,0.573,0.000,0.427
72000,0.594,0.000,0.406
72500,0.609,0.000,0.391
73000,0.600,0.000,0.400
73500,0.581,0.000,0.419
74000,0.540,0.000,0.460
74500,0.580,0.000,0.420
75000,0.569,0.000,0.431
75500,0.550,0.000,0.450
76000,0.517,0.000,0.483
76500,0.531,0.000,0.469
77000,0.575,0.000,0.425
77500,0.568,0.000,0.432
78000,0.471,0.000,0.528
78500,0.549,0.000,0.451
79000,0.534,0.000,0.466
79500,0.552,0.000,0.448
80000,0.526,0.000,0.474
80500,0.522,0.000,0.478
81000,0.548,0.000,0.452
81500,0.567,0.000,0.433
82000,0.558,0.000,0.442
82500,0.537,0.000,0.463
83000,0.505,0.000,0.495
83500,0.473,0.000,0.527
84000,0.510,0.000,0.490
84500,0.545,0.000,0.455
85000,0.539,0.000,0.461
85500,0.557,0.000,0.443
86000,0.579,0.000,0.421
86500,0.588,0.000,0.412
87000,0.607,0.000,0.393
87500,0.618,0.000,0.382
88000,0.562,0.000,0.438
88500,0.532,0.000,0.468
89000,0.535,0.000,0.465
89500,0.537,0.000,0.463
90000,0.499,0.000,0.500
90500,0.553,0.000,0.447
91000,0.531,0.000,0.469
91500,0.487,0.000,0.512
92000,0.486,0.000,0.514
92500,0.528,0.000,0.472
93000,0.515,0.000,0.485
93500,0.562,0.000,0.438
94000,0.528,0.000,0.472
94500,0.488,0.000,0.512
95000,0.491,0.000,0.508
95500,0.463,0.000,0.537
96000,0.469,0.000,0.530
96500,0.467,0.000,0.533
97000,0.492,0.000,0.508
97500,0.526,0.000,0.474
98000,0.540,0.000,0.460
98500,0.581,0.000,0.419
99000,0.573,0.000,0.427
99500,0.587,0.000,0.413
100000,0.535,0.000,0.465
100500,0.572,0.000,0.428
101000,0.544,0.000,0.456
101500,0.570,0.000,0.430
102000,0.561,0.000,0.439
102500,0.521,0.000,0.479
103000,0.522,0.000,0.478
103500,0.486,0.000,0.514
104000,0.485,0.000,0.514
104500,0.514,0.000,0.486
105000,0.487,0.000,0.512
105500,0.472,0.000,0.528
106000,0.491,0.000,0.509
106500,0.467,0.000,0.533
107000,0.501,0.000,0.499
107500,0.491,0.000,0.509
108000,0.505,0.000,0.495
108500,0.478,0.000,0.522
109000,0.469,0.000,0.531
109500,0.521,0.000,0.479
110000,0.544,0.000,0.456
110500,0.493,0.000,0.506
111000,0.502,0.000,0.498
111500,0.522,0.000,0.478
112000,0.576,0.000,0.424
112500,0.565,0.000,0.435
113000,0.551,0.000,0.449
113500,0.572,0.000,0.428
114000,0.544,0.000,0.456
114500,0.602,0.000,0.398
115000,0.526,0.000,0.474
115500,0.510,0.000,0.490
116000,0.522,0.000,0.478
116500,0.503,0.000,0.497
117000,0.458,0.000,0.542
117500,0.536,0.000,0.464
118000,0.509,0.000,0.491
118500,0.447,0.000,0.553
119000,0.502,0.000,0.498
119500,0.547,0.000,0.453
120000,0.507,0.000,0.493
120500,0.464,0.000,0.536
121000,0.465,0.000,0.535
121500,0.511,0.000,0.489
122000,0.518,0.000,0.482
122500,0.477,0.001,0.522
123000,0.474,0.001,0.525
123500,0.462,0.000,0.538
124000,0.461,0.000,0.539
124500,0.533,0.000,0.467
125000,0.553,0.000,0.447
125500,0.478,0.005,0.517
126000,0.486,0.000,0.514
126500,0.472,0.000,0.528
127000,0.459,0.000,0.541
127500,0.432,0.000,0.568
128000,0.481,0.000,0.518
128500,0.499,0.000,0.500
129000,0.537,0.000,0.463
129500,0.560,0.000,0.440
130000,0.544,0.000,0.456
130500,0.515,0.000,0.485
131000,0.523,0.000,0.477
131500,0.513,0.000,0.487
132000,0.442,0.000,0.558
132500,0.487,0.000,0.512
133000,0.506,0.000,0.494
133500,0.540,0.000,0.460
134000,0.539,0.000,0.461
134500,0.547,0.000,0.453
135000,0.495,0.000,0.505
135500,0.493,0.000,0.506
136000,0.474,0.000,0.526
136500,0.496,0.000,0.504
137000,0.557,0.000,0.443
137500,0.525,0.000,0.475
138000,0.517,0.000,0.483
138500,0.516,0.000,0.484
139000,0.529,0.000,0.471
139500,0.531,0.000,0.469
140000,0.562,0.000,0.438
140500,0.509,0.000,0.491
141000,0.499,0.000,0.500
141500,0.466,0.000,0.534
142000,0.479,0.001,0.521
142500,0.446,0.000,0.554
143000,0.421,0.000,0.579
143500,0.447,0.000,0.553
144000,0.477,0.000,0.523
144500,0.474,0.000,0.526
145000,0.476,0.000,0.524
145500,0.503,0.000,0.497
146000,0.484,0.000,0.516
146500,0.463,0.000,0.537
147000,0.512,0.000,0.488
147500,0.511,0.000,0.489
148000,0.529,0.000,0.471
148500,0.472,0.000,0.528
149000,0.455,0.000,0.545
149500,0.501,0.000,0.499
150000,0.512,0.000,0.488
150500,0.528,0.000,0.472
151000,0.503,0.000,0.497
151500,0.501,0.000,0.499
152000,0.538,0.000,0.462
152500,0.477,0.000,0.522
153000,0.515,0.000,0.485
153500,0.519,0.000,0.481
154000,0.490,0.000,0.510
154500,0.520,0.000,0.480
155000,0.495,0.000,0.505
155500,0.486,0.000,0.514
156000,0.485,0.000,0.514
156500,0.465,0.000,0.535
157000,0.497,0.000,0.503
157500,0.433,0.000,0.567
158000,0.508,0.000,0.492
158500,0.546,0.000,0.454
159000,0.526,0.000,0.474
159500,0.536,0.000,0.464
160000,0.494,0.000,0.506
160500,0.551,0.000,0.449
161000,0.526,0.000,0.474
161500,0.541,0.000,0.459
162000,0.575,0.000,0.425
162500,0.542,0.000,0.458
163000,0.576,0.000,0.424
163500,0.549,0.000,0.451
164000,0.522,0.000,0.478
164500,0.537,0.000,0.463
165000,0.502,0.000,0.498
165500,0.534,0.000,0.466
166000,0.593,0.000,0.407
166500,0.567,0.000,0.433
167000,0.566,0.000,0.434
167500,0.564,0.000,0.436
168000,0.574,0.000,0.426
168500,0.553,0.000,0.447
169000,0.475,0.000,0.524
169500,0.477,0.000,0.522
170000,0.520,0.000,0.480
170500,0.493,0.000,0.507
171000,0.520,0.000,0.480
171500,0.544,0.000,0.456
172000,0.478,0.000,0.522
172500,0.465,0.000,0.535
173000,0.473,0.000,0.527
173500,0.525,0.000,0.475
174000,0.530,0.000,0.470
174500,0.529,0.000,0.471
175000,0.487,0.000,0.512
175500,0.524,0.000,0.476
176000,0.472,0.000,0.528
176500,0.466,0.000,0.534
177000,0.515,0.000,0.485
177500,0.549,0.000,0.451
178000,0.591,0.000,0.409
178500,0.556,0.000,0.444
179000,0.530,0.000,0.470
179500,0.531,0.000,0.469
180000,0.565,0.000,0.435
180500,0.553,0.000,0.447
181000,0.546,0.000,0.454
181500,0.492,0.000,0.508
182000,0.503,0.000,0.497
182500,0.498,0.000,0.502
183000,0.544,0.000,0.456
183500,0.517,0.000,0.483
184000,0.551,0.000,0.449
184500,0.536,0.000,0.464
185000,0.541,0.000,0.459
185500,0.526,0.000,0.474
186000,0.520,0.000,0.480
186500,0.500,0.000,0.500
187000,0.523,0.000,0.477
187500,0.595,0.000,0.405
188000,0.551,0.000,0.449
188500,0.535,0.000,0.465
189000,0.562,0.000,0.438
189500,0.538,0.000,0.462
190000,0.514,0.000,0.486
190500,0.607,0.000,0.393
191000,0.656,0.000,0.344
191500,0.585,0.000,0.415
192000,0.570,0.000,0.430
192500,0.579,0.000,0.421
193000,0.592,0.000,0.408
193500,0.614,0.000,0.386
194000,0.547,0.000,0.453
194500,0.560,0.000,0.440
195000,0.519,0.000,0.481
195500,0.529,0.000,0.471
196000,0.530,0.000,0.470
196500,0.506,0.000,0.494
197000,0.504,0.000,0.496
197500,0.496,0.000,0.504
198000,0.497,0.000,0.502
198500,0.525,0.000,0.475
199000,0.555,0.000,0.445
199500,0.508,0.000,0.492
200000,0.600,0.000,0.400
200500,0.591,0.000,0.409
201000,0.600,0.000,0.400
201500,0.578,0.000,0.422
202000,0.615,0.000,0.385
202500,0.574,0.000,0.426
203000,0.557,0.000,0.443
203500,0.580,0.000,0.420
204000,0.555,0.000,0.445
204500,0.552,0.000,0.448
205000,0.509,0.000,0.491
205500,0.491,0.000,0.508
206000,0.450,0.000,0.550
206500,0.392,0.000,0.608
207000,0.425,0.000,0.575
207500,0.482,0.000,0.518
208000,0.473,0.000,0.527
208500,0.482,0.000,0.518
209000,0.485,0.000,0.515
209500,0.502,0.000,0.498
210000,0.519,0.000,0.481
210500,0.550,0.000,0.450
211000,0.572,0.000,0.428
211500,0.574,0.000,0.426
212000,0.531,0.000,0.469
212500,0.498,0.000,0.502
213000,0.495,0.000,0.504
213500,0.467,0.001,0.532
214000,0.511,0.001,0.488
214500,0.508,0.000,0.492
215000,0.513,0.000,0.487
215500,0.542,0.000,0.458
216000,0.529,0.000,0.471
216500,0.535,0.000,0.465
217000,0.554,0.000,0.446
217500,0.540,0.000,0.460
218000,0.493,0.000,0.507
218500,0.435,0.000,0.565
219000,0.451,0.000,0.549
219500,0.474,0.000,0.526
220000,0.462,0.000,0.538
220500,0.436,0.003,0.561
221000,0.473,0.001,0.527
221500,0.462,0.000,0.538
222000,0.498,0.000,0.502
222500,0.564,0.000,0.436
223000,0.549,0.000,0.451
223500,0.528,0.000,0.472
224000,0.486,0.000,0.514
224500,0.474,0.000,0.526
225000,0.515,0.000,0.485
225500,0.522,0.000,0.478
226000,0.536,0.000,0.464
226500,0.545,0.000,0.455
227000,0.525,0.000,0.475
227500,0.556,0.000,0.444
228000,0.546,0.000,0.454
228500,0.530,0.000,0.470
229000,0.535,0.000,0.465
229500,0.507,0.000,0.493
230000,0.531,0.000,0.469
230500,0.522,0.000,0.478
231000,0.586,0.000,0.414
231500,0.555,0.000,0.445
232000,0.631,0.000,0.369
232500,0.621,0.000,0.379
233000,0.618,0.000,0.382
233500,0.580,0.000,0.420
234000,0.425,0.000,0.575
234500,0.468,0.000,0.532
235000,0.507,0.000,0.493
235500,0.528,0.000,0.472
236000,0.550,0.000,0.450
236500,0.509,0.000,0.491
237000,0.521,0.000,0.479
237500,0.532,0.000,0.468
238000,0.561,0.000,0.439
238500,0.541,0.000,0.459
239000,0.536,0.000,0.464
239500,0.496,0.000,0.504
240000,0.468,0.000,0.532
240500,0.540,0.000,0.460
241000,0.560,0.000,0.440
241500,0.618,0.000,0.382
242000,0.578,0.000,0.422
242500,0.550,0.000,0.450
243000,0.557,0.000,0.443
243500,0.542,0.000,0.458
244000,0.489,0.000,0.511
244500,0.509,0.000,0.491
245000,0.550,0.000,0.450
245500,0.508,0.000,0.492
246000,0.504,0.000,0.496
246500,0.560,0.000,0.440
247000,0.610,0.000,0.390
247500,0.560,0.000,0.440
248000,0.509,0.000,0.491
248500,0.485,0.000,0.514
249000,0.472,0.000,0.528
249500,0.471,0.000,0.528
250000,0.489,0.000,0.510
250500,0.470,0.000,0.530
251000,0.496,0.000,0.504
251500,0.506,0.000,0.494
252000,0.490,0.000,0.510
252500,0.517,0.000,0.483
253000,0.474,0.000,0.526
253500,0.372,0.000,0.627
254000,0.413,0.000,0.587
254500,0.455,0.000,0.545
255000,0.502,0.000,0.498
255500,0.520,0.000,0.480
256000,0.519,0.000,0.481
256500,0.515,0.000,0.485
257000,0.533,0.000,0.467
257500,0.505,0.000,0.495
258000,0.476,0.000,0.524
258500,0.503,0.000,0.497
259000,0.505,0.000,0.495
259500,0.495,0.000,0.504
260000,0.481,0.000,0.519
260500,0.534,0.000,0.466
261000,0.530,0.000,0.470
261500,0.494,0.000,0.506
262000,0.515,0.000,0.485
262500,0.493,0.000,0.506
263000,0.457,0.000,0.543
263500,0.461,0.000,0.539
264000,0.507,0.000,0.493
264500,0.487,0.000,0.512
265000,0.556,0.003,0.441
265500,0.546,0.001,0.453
266000,0.574,0.000,0.426
266500,0.558,0.000,0.442
267000,0.511,0.000,0.489
267500,0.496,0.000,0.504
268000,0.524,0.000,0.476
268500,0.502,0.000,0.498
269000,0.567,0.000,0.433
269500,0.567,0.000,0.433
270000,0.534,0.000,0.466
270500,0.520,0.000,0.480
271000,0.514,0.000,0.486
271500,0.480,0.000,0.520
272000,0.500,0.000,0.500
272500,0.502,0.000,0.498
273000,0.511,0.000,0.489
273500,0.509,0.000,0.491
274000,0.549,0.000,0.451
274500,0.498,0.000,0.502
275000,0.508,0.000,0.492
275500,0.530,0.000,0.470
276000,0.537,0.000,0.463
276500,0.515,0.000,0.485
277000,0.542,0.000,0.458
277500,0.562,0.000,0.438
278000,0.615,0.000,0.385
278500,0.605,0.000,0.395
279000,0.585,0.000,0.415
279500,0.569,0.000,0.431
280000,0.519,0.000,0.481
280500,0.517,0.000,0.483
281000,0.507,0.000,0.493
281500,0.488,0.000,0.512
282000,0.497,0.000,0.502
282500,0.503,0.000,0.497
283000,0.494,0.000,0.506
283500,0.504,0.000,0.496
284000,0.518,0.000,0.482
284500,0.519,0.000,0.481
285000,0.505,0.000,0.495
285500,0.514,0.000,0.486
286000,0.499,0.000,0.501
286500,0.441,0.000,0.559
287000,0.455,0.000,0.545
287500,0.504,0.000,0.496
288000,0.484,0.000,0.516
288500,0.496,0.000,0.504
289000,0.471,0.000,0.529
289500,0.532,0.000,0.468
290000,0.571,0.000,0.429
290500,0.562,0.000,0.438
291000,0.579,0.000,0.421
291500,0.520,0.000,0.480
292000,0.510,0.000,0.490
292500,0.500,0.000,0.500
293000,0.523,0.000,0.477
293500,0.513,0.000,0.487
294000,0.518,0.000,0.482
294500,0.534,0.000,0.466
295000,0.518,0.000,0.482
295500,0.517,0.000,0.483
296000,0.529,0.000,0.471
296500,0.496,0.000,0.504
297000,0.520,0.000,0.480
297500,0.514,0.000,0.486
298000,0.518,0.000,0.482
298500,0.508,0.000,0.492
299000,0.529,0.000,0.471
299500,0.534,0.000,0.466
300000,0.540,0.000,0.460
300500,0.555,0.000,0.445
301000,0.559,0.000,0.441
301500,0.592,0.000,0.408
302000,0.583,0.000,0.417
302500,0.526,0.000,0.474
303000,0.507,0.000,0.493
303500,0.519,0.000,0.481
304000,0.538,0.000,0.462
304500,0.553,0.000,0.447
305000,0.547,0.000,0.453
305500,0.561,0.000,0.439
306000,0.573,0.000,0.427
306500,0.595,0.000,0.405
307000,0.534,0.000,0.466
307500,0.557,0.000,0.443
308000,0.565,0.000,0.435
308500,0.498,0.000,0.502
309000,0.511,0.000,0.489
309500,0.497,0.000,0.503
310000,0.564,0.000,0.436
310500,0.554,0.000,0.446
311000,0.548,0.000,0.452
311500,0.509,0.000,0.491
312000,0.508,0.000,0.492
312500,0.517,0.000,0.483
313000,0.481,0.000,0.519
313500,0.500,0.004,0.496
314000,0.492,0.001,0.508
314500,0.489,0.000,0.511
315000,0.509,0.000,0.491
315500,0.529,0.000,0.471
316000,0.541,0.000,0.459
316500,0.483,0.000,0.517
317000,0.480,0.000,0.520
317500,0.548,0.000,0.452
318000,0.550,0.000,0.450
318500,0.522,0.000,0.478
319000,0.490,0.000,0.510
319500,0.511,0.000,0.489
320000,0.451,0.000,0.549
320500,0.488,0.000,0.512
321000,0.525,0.000,0.475
321500,0.576,0.000,0.424
322000,0.582,0.000,0.418
322500,0.553,0.000,0.447
323000,0.503,0.000,0.497
323500,0.550,0.000,0.450
324000,0.484,0.000,0.516
324500,0.441,0.000,0.559
325000,0.480,0.000,0.520
325500,0.576,0.000,0.424
326000,0.535,0.000,0.465
326500,0.558,0.000,0.442
327000,0.510,0.000,0.490
327500,0.537,0.000,0.463
328000,0.506,0.000,0.494
328500,0.470,0.000,0.530
329000,0.485,0.000,0.515
329500,0.496,0.000,0.504
330000,0.540,0.000,0.460
330500,0.524,0.000,0.476
331000,0.520,0.000,0.480
331500,0.512,0.000,0.488
332000,0.494,0.000,0.506
332500,0.490,0.000,0.510
333000,0.472,0.000,0.528
333500,0.467,0.000,0.533
334000,0.443,0.000,0.557
334500,0.488,0.004,0.508
335000,0.511,0.001,0.488
335500,0.471,0.000,0.528
336000,0.445,0.000,0.555
336500,0.471,0.000,0.528
337000,0.486,0.000,0.514
337500,0.497,0.000,0.502
338000,0.503,0.000,0.497
338500,0.471,0.000,0.529
339000,0.500,0.001,0.499
339500,0.503,0.000,0.497
340000,0.489,0.000,0.510
340500,0.447,0.000,0.553
341000,0.466,0.000,0.534
341500,0.496,0.000,0.504
342000,0.482,0.000,0.518
342500,0.457,0.000,0.543
343000,0.519,0.001,0.480
343500,0.486,0.002,0.512
344000,0.468,0.001,0.532
344500,0.442,0.000,0.558
345000,0.479,0.000,0.520
345500,0.507,0.000,0.493
346000,0.455,0.000,0.545
346500,0.536,0.000,0.464
347000,0.536,0.000,0.464
347500,0.471,0.000,0.528
348000,0.459,0.000,0.541
348500,0.484,0.000,0.516
349000,0.518,0.000,0.482
349500,0.548,0.000,0.452
350000,0.486,0.000,0.514
350500,0.509,0.000,0.491
351000,0.507,0.000,0.493
351500,0.523,0.000,0.477
352000,0.543,0.000,0.457
352500,0.542,0.000,0.458
353000,0.534,0.000,0.466
353500,0.559,0.000,0.441
354000,0.620,0.000,0.380
354500,0.572,0.000,0.428
355000,0.524,0.000,0.476
355500,0.485,0.000,0.515
356000,0.448,0.000,0.552
356500,0.483,0.002,0.515
357000,0.521,0.001,0.478
357500,0.495,0.000,0.505
358000,0.461,0.000,0.539
358500,0.549,0.000,0.451
359000,0.547,0.000,0.453
359500,0.520,0.000,0.480
360000,0.518,0.000,0.482
360500,0.533,0.000,0.467
361000,0.591,0.000,0.409
361500,0.557,0.000,0.443
362000,0.515,0.000,0.485
362500,0.563,0.000,0.437
363000,0.579,0.000,0.421
363500,0.575,0.000,0.425
364000,0.507,0.000,0.493
364500,0.549,0.000,0.451
365000,0.539,0.000,0.461
365500,0.536,0.000,0.464
366000,0.521,0.000,0.479
366500,0.541,0.000,0.459
367000,0.512,0.000,0.488
367500,0.571,0.000,0.429
368000,0.547,0.000,0.453
368500,0.483,0.000,0.517
369000,0.460,0.000,0.540
369500,0.469,0.000,0.530
370000,0.550,0.000,0.450
370500,0.572,0.000,0.428
371000,0.579,0.000,0.421
371500,0.556,0.000,0.444
372000,0.513,0.000,0.487
372500,0.523,0.000,0.477
373000,0.468,0.000,0.532
373500,0.395,0.000,0.605
374000,0.424,0.000,0.576
374500,0.448,0.000,0.552
375000,0.446,0.000,0.554
375500,0.477,0.000,0.522
376000,0.541,0.000,0.459
376500,0.499,0.000,0.500
377000,0.515,0.000,0.485
377500,0.491,0.000,0.508
378000,0.503,0.000,0.497
378500,0.547,0.000,0.453
379000,0.527,0.000,0.473
379500,0.516,0.000,0.484
380000,0.517,0.000,0.483
380500,0.492,0.000,0.508
381000,0.448,0.000,0.552
381500,0.416,0.000,0.584
382000,0.476,0.000,0.524
382500,0.474,0.000,0.526
383000,0.533,0.000,0.467
383500,0.509,0.000,0.491
384000,0.464,0.000,0.536
384500,0.509,0.000,0.491
385000,0.521,0.000,0.479
385500,0.529,0.000,0.471
386000,0.521,0.000,0.479
386500,0.463,0.000,0.537
387000,0.470,0.000,0.530
387500,0.451,0.000,0.549
388000,0.476,0.000,0.524
388500,0.518,0.000,0.482
389000,0.531,0.000,0.469
389500,0.512,0.000,0.488
390000,0.509,0.000,0.491
390500,0.539,0.000,0.461
391000,0.555,0.000,0.445
391500,0.577,0.000,0.423
392000,0.616,0.000,0.384
392500,0.592,0.000,0.408
393000,0.578,0.000,0.422
393500,0.552,0.000,0.448
394000,0.533,0.000,0.467
394500,0.476,0.002,0.522
395000,0.462,0.000,0.538
395500,0.482,0.000,0.518
396000,0.494,0.000,0.506
396500,0.502,0.000,0.498
397000,0.517,0.000,0.483
397500,0.537,0.000,0.463
398000,0.486,0.000,0.514
398500,0.554,0.000,0.446
399000,0.547,0.000,0.453
399500,0.550,0.000,0.450
400000,0.544,0.000,0.456
400500,0.473,0.000,0.527
401000,0.506,0.000,0.494
401500,0.553,0.000,0.447
402000,0.516,0.000,0.484
402500,0.516,0.004,0.480
403000,0.531,0.000,0.469
403500,0.549,0.000,0.451
404000,0.614,0.000,0.386
404500,0.621,0.000,0.379
405000,0.589,0.000,0.411
405500,0.573,0.000,0.427
406000,0.562,0.000,0.438
406500,0.541,0.000,0.459
407000,0.539,0.000,0.461
407500,0.494,0.000,0.506
408000,0.480,0.000,0.520
408500,0.489,0.000,0.510
409000,0.499,0.000,0.500
409500,0.509,0.000,0.491
410000,0.532,0.000,0.468
410500,0.498,0.000,0.502
411000,0.501,0.000,0.499
411500,0.492,0.000,0.508
412000,0.556,0.000,0.444
412500,0.537,0.000,0.463
413000,0.516,0.000,0.484
413500,0.510,0.000,0.490
414000,0.502,0.000,0.498
414500,0.553,0.000,0.447
415000,0.547,0.000,0.453
415500,0.538,0.000,0.462
416000,0.528,0.000,0.472
416500,0.470,0.000,0.530
417000,0.471,0.000,0.529
417500,0.505,0.000,0.495
418000,0.484,0.000,0.516
418500,0.488,0.000,0.512
419000,0.495,0.000,0.505
419500,0.554,0.000,0.446
420000,0.509,0.000,0.491
420500,0.527,0.000,0.473
421000,0.529,0.000,0.471
421500,0.524,0.000,0.476
422000,0.493,0.000,0.506
422500,0.461,0.000,0.539
423000,0.511,0.000,0.489
423500,0.512,0.000,0.488
424000,0.535,0.000,0.465
424500,0.517,0.000,0.483
425000,0.489,0.000,0.511
425500,0.464,0.000,0.536
426000,0.520,0.000,0.480
426500,0.550,0.001,0.449
427000,0.538,0.000,0.462
427500,0.565,0.000,0.435
428000,0.493,0.000,0.507
428500,0.537,0.000,0.463
429000,0.491,0.000,0.508
429500,0.467,0.000,0.533
430000,0.534,0.000,0.466
430500,0.530,0.000,0.470
431000,0.527,0.000,0.473
431500,0.535,0.000,0.465
432000,0.508,0.000,0.492
432500,0.556,0.000,0.444
433000,0.541,0.000,0.459
433500,0.542,0.000,0.458
434000,0.511,0.000,0.489
434500,0.496,0.000,0.504
435000,0.457,0.000,0.543
435500,0.490,0.000,0.510
436000,0.489,0.000,0.511
436500,0.495,0.000,0.505
437000,0.503,0.000,0.497
437500,0.509,0.001,0.490
438000,0.538,0.000,0.462
438500,0.549,0.000,0.451
439000,0.551,0.000,0.449
439500,0.544,0.000,0.456
440000,0.545,0.000,0.455
440500,0.552,0.000,0.448
441000,0.553,0.000,0.447
441500,0.495,0.000,0.505
442000,0.500,0.000,0.500
442500,0.517,0.000,0.483
443000,0.556,0.000,0.444
443500,0.536,0.000,0.464
444000,0.530,0.000,0.470
444500,0.528,0.000,0.472
445000,0.464,0.000,0.536
445500,0.486,0.000,0.514
446000,0.547,0.000,0.453
446500,0.531,0.000,0.469
447000,0.528,0.000,0.472
447500,0.474,0.000,0.526
448000,0.484,0.000,0.516
448500,0.487,0.000,0.513
449000,0.450,0.000,0.550
449500,0.435,0.004,0.560
450000,0.496,0.000,0.504
450500,0.475,0.000,0.524
451000,0.471,0.000,0.528
451500,0.493,0.000,0.507
452000,0.439,0.001,0.560
452500,0.502,0.000,0.498
453000,0.471,0.000,0.529
453500,0.463,0.000,0.537
454000,0.449,0.000,0.551
454500,0.431,0.000,0.569
455000,0.479,0.000,0.520
455500,0.489,0.000,0.511
456000,0.506,0.000,0.494
456500,0.537,0.000,0.463
457000,0.520,0.000,0.480
457500,0.540,0.000,0.460
458000,0.552,0.000,0.448
458500,0.552,0.000,0.448
459000,0.520,0.000,0.480
459500,0.502,0.000,0.498
460000,0.514,0.005,0.481
460500,0.538,0.001,0.461
461000,0.591,0.000,0.409
461500,0.575,0.000,0.425
462000,0.542,0.000,0.458
462500,0.503,0.000,0.497
463000,0.504,0.000,0.496
463500,0.527,0.000,0.473
464000,0.564,0.000,0.436
464500,0.527,0.000,0.473
465000,0.538,0.000,0.462
465500,0.429,0.000,0.571
466000,0.477,0.000,0.522
466500,0.533,0.000,0.467
467000,0.591,0.000,0.409
467500,0.579,0.000,0.421
468000,0.580,0.000,0.420
468500,0.615,0.000,0.385
469000,0.560,0.000,0.440
469500,0.585,0.000,0.415
470000,0.558,0.000,0.442
470500,0.508,0.000,0.492
471000,0.485,0.000,0.514
471500,0.502,0.000,0.498
472000,0.441,0.000,0.559
472500,0.421,0.000,0.579
473000,0.462,0.000,0.538
473500,0.539,0.000,0.461
474000,0.473,0.000,0.526
474500,0.522,0.000,0.478
475000,0.535,0.000,0.465
475500,0.561,0.000,0.439
476000,0.547,0.000,0.453
476500,0.581,0.000,0.419
477000,0.576,0.000,0.424
477500,0.502,0.000,0.498
478000,0.483,0.000,0.517
478500,0.508,0.000,0.492
479000,0.507,0.000,0.493
479500,0.532,0.000,0.468
480000,0.518,0.000,0.482
480500,0.572,0.000,0.428
481000,0.487,0.000,0.513
481500,0.520,0.000,0.480
482000,0.474,0.000,0.526
482500,0.445,0.000,0.555
483000,0.419,0.000,0.581
483500,0.433,0.004,0.563
484000,0.529,0.000,0.471
484500,0.530,0.000,0.470
485000,0.555,0.000,0.445
485500,0.523,0.000,0.477
486000,0.565,0.000,0.435
486500,0.573,0.000,0.427
487000,0.580,0.000,0.420
487500,0.553,0.000,0.447
488000,0.535,0.000,0.465
488500,0.489,0.000,0.511
489000,0.481,0.000,0.518
489500,0.554,0.000,0.446
490000,0.529,0.000,0.471
490500,0.536,0.000,0.464
491000,0.556,0.000,0.444
491500,0.513,0.000,0.487
492000,0.563,0.000,0.437
492500,0.578,0.000,0.422
493000,0.522,0.000,0.478
493500,0.537,0.000,0.463
494000,0.499,0.000,0.501
494500,0.483,0.000,0.517
495000,0.518,0.000,0.482
495500,0.518,0.000,0.482
496000,0.603,0.000,0.397
496500,0.594,0.000,0.406
497000,0.591,0.000,0.409
497500,0.568,0.000,0.432
498000,0.522,0.000,0.478
498500,0.483,0.000,0.516
499000,0.503,0.000,0.497
499500,0.492,0.000,0.508
500000,0.480,0.000,0.520
500500,0.473,0.000,0.526
501000,0.509,0.000,0.491
501500,0.457,0.000,0.543
502000,0.453,0.000,0.547
502500,0.504,0.000,0.496
503000,0.460,0.000,0.540
503500,0.488,0.000,0.512
504000,0.566,0.000,0.434
504500,0.599,0.000,0.401
505000,0.564,0.000,0.436
505500,0.532,0.000,0.468
506000,0.483,0.000,0.517
506500,0.433,0.002,0.565
507000,0.517,0.001,0.482
507500,0.518,0.000,0.482
508000,0.522,0.000,0.478
508500,0.520,0.000,0.480
509000,0.535,0.000,0.465
509500,0.529,0.000,0.471
510000,0.470,0.000,0.530
510500,0.521,0.000,0.479
511000,0.524,0.000,0.476
511500,0.578,0.000,0.422
512000,0.547,0.000,0.453
512500,0.527,0.000,0.473
513000,0.553,0.000,0.447
513500,0.500,0.000,0.500
514000,0.524,0.000,0.476
514500,0.538,0.000,0.462
515000,0.467,0.000,0.533
515500,0.445,0.000,0.555
516000,0.447,0.000,0.553
516500,0.488,0.000,0.512
517000,0.507,0.000,0.493
517500,0.512,0.000,0.488
518000,0.561,0.000,0.439
518500,0.587,0.000,0.413
519000,0.562,0.000,0.438
519500,0.531,0.000,0.469
520000,0.504,0.000,0.496
520500,0.518,0.000,0.482
521000,0.544,0.000,0.456
521500,0.509,0.003,0.488
522000,0.523,0.001,0.476
522500,0.511,0.000,0.489
523000,0.491,0.000,0.508
523500,0.451,0.000,0.549
524000,0.473,0.000,0.527
524500,0.529,0.000,0.471
525000,0.565,0.000,0.435
525500,0.545,0.000,0.455
526000,0.595,0.000,0.405
526500,0.589,0.000,0.411
527000,0.564,0.000,0.436
527500,0.578,0.000,0.422
528000,0.562,0.000,0.438
528500,0.581,0.000,0.419
529000,0.536,0.000,0.464
529500,0.516,0.000,0.484
530000,0.499,0.000,0.500
530500,0.541,0.000,0.459
531000,0.568,0.000,0.432
531500,0.588,0.000,0.412
532000,0.598,0.000,0.402
532500,0.589,0.000,0.411
533000,0.612,0.000,0.388
533500,0.580,0.000,0.420
534000,0.586,0.000,0.414
534500,0.574,0.000,0.426
535000,0.549,0.000,0.451
535500,0.552,0.000,0.448
536000,0.548,0.000,0.452
536500,0.564,0.000,0.436
537000,0.592,0.000,0.408
537500,0.618,0.000,0.382
538000,0.545,0.000,0.455
538500,0.511,0.000,0.489
539000,0.501,0.000,0.499
539500,0.484,0.002,0.514
540000,0.432,0.001,0.567
540500,0.415,0.000,0.585
541000,0.420,0.000,0.580
541500,0.484,0.000,0.516
542000,0.496,0.000,0.504
542500,0.554,0.000,0.446
543000,0.538,0.000,0.462
543500,0.524,0.000,0.476
544000,0.560,0.000,0.440
544500,0.567,0.000,0.433
545000,0.607,0.000,0.393
545500,0.628,0.000,0.372
546000,0.576,0.000,0.424
546500,0.554,0.000,0.446
547000,0.546,0.000,0.454
547500,0.511,0.000,0.489
548000,0.498,0.000,0.502
548500,0.536,0.000,0.464
549000,0.538,0.000,0.462
549500,0.501,0.000,0.499
550000,0.500,0.000,0.500
550500,0.505,0.000,0.495
551000,0.555,0.002,0.443
551500,0.569,0.001,0.431
552000,0.530,0.000,0.470
552500,0.514,0.000,0.486
553000,0.492,0.000,0.508
553500,0.521,0.000,0.479
554000,0.467,0.000,0.533
554500,0.466,0.000,0.534
555000,0.467,0.000,0.533
555500,0.472,0.000,0.528
556000,0.503,0.000,0.497
556500,0.506,0.000,0.494
557000,0.503,0.000,0.497
557500,0.502,0.000,0.498
558000,0.481,0.000,0.518
558500,0.519,0.000,0.481
559000,0.511,0.000,0.489
559500,0.513,0.000,0.487
560000,0.452,0.000,0.548
560500,0.476,0.000,0.524
561000,0.504,0.000,0.496
561500,0.540,0.000,0.460
562000,0.539,0.000,0.461
562500,0.589,0.000,0.411
563000,0.551,0.000,0.449
563500,0.512,0.000,0.488
564000,0.501,0.000,0.499
564500,0.411,0.000,0.589
565000,0.513,0.000,0.487
565500,0.540,0.000,0.460
566000,0.550,0.002,0.448
566500,0.516,0.000,0.484
567000,0.475,0.000,0.524
567500,0.526,0.000,0.474
568000,0.570,0.000,0.430
568500,0.617,0.000,0.383
569000,0.624,0.000,0.376
569500,0.606,0.000,0.394
570000,0.586,0.000,0.414
570500,0.595,0.000,0.405
571000,0.608,0.000,0.392
571500,0.621,0.000,0.379
572000,0.586,0.000,0.414
572500,0.566,0.000,0.434
573000,0.570,0.000,0.430
573500,0.633,0.000,0.367
574000,0.467,0.000,0.533
574500,0.513,0.000,0.487
575000,0.553,0.000,0.447
575500,0.541,0.000,0.459
576000,0.557,0.000,0.443
576500,0.549,0.000,0.451
577000,0.525,0.000,0.475
577500,0.576,0.000,0.424
578000,0.526,0.000,0.474
578500,0.567,0.000,0.433
579000,0.576,0.000,0.424
579500,0.534,0.000,0.466
580000,0.470,0.000,0.530
580500,0.494,0.000,0.506
581000,0.535,0.000,0.465
581500,0.539,0.000,0.461
582000,0.526,0.000,0.474
582500,0.506,0.000,0.494
583000,0.515,0.000,0.485
583500,0.476,0.000,0.524
584000,0.438,0.000,0.562
584500,0.475,0.000,0.524
585000,0.453,0.000,0.547
585500,0.481,0.000,0.519
586000,0.431,0.000,0.569
586500,0.456,0.000,0.544
587000,0.426,0.003,0.571
587500,0.466,0.001,0.534
588000,0.493,0.000,0.506
588500,0.469,0.000,0.531
589000,0.477,0.000,0.522
589500,0.467,0.000,0.533
590000,0.474,0.000,0.526
590500,0.475,0.000,0.525
591000,0.460,0.000,0.540
591500,0.508,0.000,0.492
592000,0.568,0.000,0.432
592500,0.539,0.000,0.461
593000,0.502,0.000,0.498
593500,0.573,0.000,0.427
594000,0.573,0.000,0.427
594500,0.546,0.000,0.454
595000,0.475,0.000,0.524
595500,0.501,0.000,0.499
596000,0.476,0.000,0.524
596500,0.429,0.000,0.571
597000,0.425,0.000,0.575
597500,0.475,0.003,0.522
598000,0.496,0.001,0.504
598500,0.561,0.000,0.439
599000,0.511,0.000,0.489
599500,0.491,0.000,0.509
600000,0.545,0.000,0.455
600500,0.544,0.000,0.456
601000,0.529,0.000,0.471
601500,0.516,0.000,0.484
602000,0.551,0.004,0.445
602500,0.626,0.000,0.374
603000,0.581,0.000,0.419
603500,0.562,0.000,0.438
604000,0.579,0.000,0.421
604500,0.643,0.000,0.357
605000,0.577,0.000,0.423
605500,0.559,0.000,0.441
606000,0.568,0.000,0.432
606500,0.597,0.000,0.403
607000,0.583,0.000,0.417
607500,0.600,0.000,0.400
608000,0.570,0.000,0.430
608500,0.534,0.000,0.466
609000,0.480,0.000,0.520
609500,0.458,0.000,0.542
610000,0.476,0.000,0.524
610500,0.497,0.000,0.502
611000,0.498,0.000,0.502
611500,0.479,0.000,0.520
612000,0.479,0.000,0.521
612500,0.504,0.000,0.496
613000,0.523,0.000,0.477
613500,0.531,0.000,0.469
614000,0.515,0.000,0.485
614500,0.521,0.000,0.479
615000,0.552,0.000,0.448
615500,0.538,0.000,0.462
616000,0.531,0.000,0.469
616500,0.502,0.000,0.498
617000,0.498,0.000,0.502
617500,0.535,0.000,0.465
618000,0.501,0.000,0.499
618500,0.525,0.000,0.475
619000,0.515,0.000,0.485
619500,0.520,0.000,0.480
620000,0.543,0.000,0.457
620500,0.546,0.000,0.454
621000,0.496,0.000,0.504
621500,0.524,0.000,0.476
622000,0.478,0.000,0.522
622500,0.455,0.000,0.545
623000,0.463,0.000,0.537
623500,0.550,0.000,0.450
624000,0.472,0.000,0.528
624500,0.528,0.000,0.472
625000,0.494,0.000,0.506
625500,0.486,0.000,0.514
626000,0.511,0.000,0.489
626500,0.520,0.000,0.480
627000,0.520,0.000,0.480
627500,0.494,0.000,0.506
628000,0.508,0.000,0.492
628500,0.484,0.002,0.514
629000,0.503,0.001,0.496
629500,0.537,0.000,0.463
630000,0.531,0.000,0.469
630500,0.491,0.000,0.508
631000,0.518,0.000,0.482
631500,0.482,0.002,0.516
632000,0.497,0.000,0.503
632500,0.562,0.000,0.438
633000,0.497,0.000,0.502
633500,0.547,0.000,0.453
634000,0.516,0.000,0.484
634500,0.531,0.000,0.469
635000,0.548,0.000,0.452
635500,0.556,0.000,0.444
636000,0.479,0.000,0.521
636500,0.459,0.000,0.541
637000,0.514,0.000,0.486
637500,0.492,0.000,0.508
638000,0.467,0.000,0.533
638500,0.509,0.000,0.491
639000,0.481,0.000,0.518
639500,0.486,0.000,0.514
640000,0.487,0.000,0.512
640500,0.419,0.000,0.581
641000,0.411,0.000,0.589
641500,0.470,0.000,0.530
642000,0.473,0.000,0.527
642500,0.470,0.000,0.530
643000,0.498,0.000,0.502
643500,0.511,0.000,0.489
644000,0.517,0.000,0.483
644500,0.530,0.000,0.470
645000,0.527,0.000,0.473
645500,0.524,0.000,0.476
646000,0.536,0.000,0.464
646500,0.531,0.000,0.469
647000,0.573,0.000,0.427
647500,0.529,0.000,0.471
648000,0.537,0.000,0.463
648500,0.549,0.000,0.451
649000,0.570,0.000,0.430
649500,0.530,0.000,0.470
650000,0.543,0.000,0.457
650500,0.515,0.000,0.485
651000,0.475,0.000,0.525
651500,0.528,0.000,0.472
652000,0.491,0.000,0.509
652500,0.523,0.000,0.477
653000,0.470,0.000,0.530
653500,0.514,0.000,0.486
654000,0.537,0.000,0.463
654500,0.513,0.000,0.487
655000,0.488,0.000,0.512
655500,0.488,0.000,0.512
656000,0.492,0.000,0.508
656500,0.519,0.000,0.481
657000,0.543,0.000,0.457
657500,0.470,0.000,0.530
658000,0.436,0.000,0.564
658500,0.477,0.003,0.520
659000,0.534,0.000,0.466
659500,0.509,0.000,0.491
660000,0.511,0.000,0.489
660500,0.449,0.000,0.551
661000,0.470,0.000,0.530
661500,0.468,0.000,0.532
662000,0.447,0.000,0.553
662500,0.517,0.000,0.483
663000,0.486,0.002,0.512
663500,0.443,0.000,0.557
664000,0.453,0.000,0.547
664500,0.463,0.000,0.537
665000,0.533,0.000,0.467
665500,0.594,0.000,0.406
666000,0.537,0.000,0.463
666500,0.489,0.000,0.511
667000,0.535,0.000,0.465
667500,0.550,0.000,0.450
668000,0.525,0.000,0.475
668500,0.480,0.000,0.520
669000,0.491,0.000,0.508
669500,0.509,0.000,0.491
670000,0.497,0.000,0.502
670500,0.507,0.000,0.493
671000,0.513,0.000,0.487
671500,0.538,0.000,0.462
672000,0.531,0.000,0.469
672500,0.535,0.000,0.465
673000,0.524,0.000,0.476
673500,0.432,0.000,0.568
674000,0.434,0.004,0.562
674500,0.497,0.000,0.502
675000,0.463,0.000,0.537
675500,0.450,0.000,0.550
676000,0.543,0.000,0.457
676500,0.525,0.000,0.475
677000,0.502,0.000,0.498
677500,0.532,0.000,0.468
678000,0.571,0.000,0.429
678500,0.602,0.000,0.398
679000,0.619,0.000,0.381
679500,0.564,0.000,0.436
680000,0.548,0.000,0.452
680500,0.565,0.000,0.435
681000,0.506,0.000,0.494
681500,0.452,0.000,0.548
682000,0.416,0.000,0.584
682500,0.448,0.002,0.551
683000,0.495,0.000,0.505
683500,0.533,0.000,0.467
684000,0.558,0.000,0.442
684500,0.518,0.002,0.480
685000,0.497,0.000,0.503
685500,0.539,0.000,0.461
686000,0.546,0.000,0.454
686500,0.509,0.000,0.491
687000,0.544,0.000,0.456
687500,0.535,0.000,0.465
688000,0.583,0.000,0.417
688500,0.581,0.000,0.419
689000,0.565,0.000,0.435
689500,0.508,0.000,0.492
690000,0.482,0.000,0.518
690500,0.559,0.000,0.441
691000,0.573,0.000,0.427
691500,0.550,0.000,0.450
692000,0.520,0.000,0.480
692500,0.512,0.000,0.488
693000,0.514,0.000,0.486
693500,0.504,0.000,0.496
694000,0.567,0.000,0.433
694500,0.580,0.000,0.420
695000,0.540,0.000,0.460
695500,0.560,0.000,0.440
696000,0.560,0.000,0.440
696500,0.537,0.000,0.463
697000,0.505,0.000,0.495
697500,0.575,0.000,0.425
698000,0.539,0.000,0.461
698500,0.556,0.000,0.444
699000,0.584,0.000,0.416
699500,0.537,0.000,0.463
700000,0.543,0.000,0.457
700500,0.509,0.000,0.491
701000,0.465,0.000,0.535
701500,0.549,0.000,0.451
702000,0.523,0.000,0.477
702500,0.469,0.000,0.530
703000,0.504,0.000,0.496
703500,0.572,0.000,0.428
704000,0.522,0.000,0.478
704500,0.502,0.000,0.498
705000,0.484,0.000,0.516
705500,0.476,0.000,0.524
706000,0.509,0.000,0.491
706500,0.538,0.000,0.462
707000,0.555,0.000,0.445
707500,0.512,0.000,0.488
708000,0.477,0.000,0.523
708500,0.520,0.000,0.480
709000,0.564,0.000,0.436
709500,0.589,0.000,0.411
710000,0.594,0.000,0.406
710500,0.560,0.000,0.440
711000,0.564,0.000,0.436
711500,0.528,0.000,0.472
712000,0.500,0.000,0.500
712500,0.528,0.000,0.472
713000,0.550,0.002,0.448
713500,0.527,0.001,0.472
714000,0.567,0.000,0.433
714500,0.554,0.000,0.446
715000,0.492,0.000,0.508
715500,0.557,0.000,0.443
716000,0.573,0.000,0.427
716500,0.634,0.000,0.366
717000,0.631,0.000,0.369
717500,0.657,0.000,0.343
718000,0.647,0.000,0.353
718500,0.617,0.000,0.383
719000,0.598,0.000,0.402
719500,0.577,0.000,0.423
720000,0.587,0.000,0.413
720500,0.597,0.000,0.403
721000,0.546,0.000,0.454
721500,0.527,0.000,0.473
722000,0.525,0.000,0.475
722500,0.488,0.000,0.512
723000,0.513,0.000,0.487
723500,0.502,0.000,0.498
724000,0.555,0.000,0.445
724500,0.553,0.000,0.447
725000,0.607,0.000,0.393
725500,0.599,0.000,0.401
726000,0.570,0.000,0.430
726500,0.571,0.000,0.429
727000,0.582,0.000,0.418
727500,0.626,0.000,0.374
728000,0.568,0.000,0.432
728500,0.523,0.000,0.477
729000,0.492,0.000,0.508
729500,0.552,0.000,0.448
730000,0.550,0.000,0.450
730500,0.512,0.000,0.488
731000,0.517,0.000,0.483
731500,0.546,0.000,0.454
732000,0.593,0.000,0.407
732500,0.580,0.000,0.420
733000,0.549,0.000,0.451
733500,0.562,0.000,0.438
734000,0.537,0.000,0.463
734500,0.570,0.000,0.430
735000,0.595,0.000,0.405
735500,0.557,0.000,0.443
736000,0.542,0.000,0.458
736500,0.544,0.000,0.456
737000,0.532,0.000,0.468
737500,0.616,0.000,0.384
738000,0.658,0.000,0.342
738500,0.575,0.000,0.425
739000,0.542,0.000,0.458
739500,0.480,0.000,0.520
740000,0.531,0.000,0.469
740500,0.557,0.000,0.443
741000,0.576,0.000,0.424
741500,0.543,0.000,0.457
742000,0.500,0.000,0.500
742500,0.517,0.000,0.483
743000,0.538,0.000,0.462
743500,0.532,0.000,0.468
744000,0.517,0.000,0.483
744500,0.489,0.000,0.511
745000,0.506,0.000,0.494
745500,0.483,0.000,0.516
746000,0.469,0.003,0.527
746500,0.532,0.001,0.467
747000,0.561,0.000,0.439
747500,0.609,0.000,0.391
748000,0.578,0.000,0.422
748500,0.574,0.000,0.426
749000,0.548,0.000,0.452
749500,0.560,0.000,0.440
750000,0.587,0.000,0.413
750500,0.544,0.000,0.456
751000,0.527,0.000,0.473
751500,0.544,0.000,0.456
752000,0.548,0.000,0.452
752500,0.546,0.000,0.454
753000,0.508,0.000,0.492
753500,0.475,0.000,0.525
754000,0.467,0.000,0.533
754500,0.487,0.000,0.512
755000,0.458,0.000,0.542
755500,0.474,0.000,0.526
756000,0.511,0.000,0.489
756500,0.508,0.000,0.492
757000,0.461,0.000,0.539
757500,0.404,0.000,0.596
758000,0.409,0.000,0.591
758500,0.417,0.004,0.579
759000,0.431,0.001,0.568
759500,0.491,0.001,0.508
760000,0.472,0.001,0.527
760500,0.509,0.000,0.491
761000,0.467,0.000,0.533
761500,0.473,0.000,0.526
762000,0.510,0.000,0.490
762500,0.452,0.000,0.548
763000,0.436,0.000,0.564
763500,0.514,0.000,0.486
764000,0.495,0.000,0.505
764500,0.510,0.000,0.490
765000,0.542,0.000,0.458
765500,0.518,0.000,0.482
766000,0.543,0.000,0.457
766500,0.498,0.000,0.502
767000,0.517,0.000,0.483
767500,0.500,0.000,0.500
768000,0.521,0.000,0.479
768500,0.502,0.000,0.498
769000,0.473,0.000,0.526
769500,0.484,0.000,0.516
770000,0.513,0.000,0.487
770500,0.549,0.000,0.451
771000,0.582,0.000,0.418
771500,0.574,0.000,0.426
772000,0.557,0.000,0.443
772500,0.523,0.000,0.477
773000,0.521,0.000,0.479
773500,0.503,0.000,0.497
774000,0.481,0.000,0.518
774500,0.454,0.000,0.546
775000,0.469,0.000,0.531
775500,0.478,0.000,0.522
776000,0.494,0.000,0.506
776500,0.526,0.000,0.474
777000,0.509,0.000,0.491
777500,0.497,0.000,0.503
778000,0.520,0.000,0.480
778500,0.502,0.000,0.498
779000,0.536,0.000,0.464
779500,0.549,0.000,0.451
780000,0.540,0.000,0.460
780500,0.511,0.000,0.489
781000,0.555,0.000,0.445
781500,0.456,0.000,0.544
782000,0.415,0.005,0.579
782500,0.422,0.001,0.577
783000,0.405,0.000,0.595
783500,0.465,0.000,0.535
784000,0.483,0.000,0.516
784500,0.469,0.000,0.531
785000,0.509,0.000,0.491
785500,0.499,0.000,0.501
786000,0.492,0.000,0.508
786500,0.540,0.000,0.460
787000,0.546,0.000,0.454
787500,0.512,0.000,0.488
788000,0.513,0.000,0.487
788500,0.516,0.000,0.484
789000,0.499,0.002,0.498
789500,0.502,0.000,0.498
790000,0.514,0.000,0.486
790500,0.530,0.000,0.470
791000,0.513,0.000,0.487
791500,0.569,0.000,0.431
792000,0.510,0.000,0.490
792500,0.528,0.000,0.472
793000,0.528,0.000,0.472
793500,0.521,0.000,0.479
794000,0.552,0.000,0.448
794500,0.551,0.002,0.447
795000,0.536,0.000,0.464
795500,0.518,0.000,0.482
796000,0.492,0.000,0.508
796500,0.503,0.000,0.497
797000,0.502,0.000,0.498
797500,0.528,0.000,0.472
798000,0.578,0.000,0.422
798500,0.557,0.000,0.443
799000,0.518,0.000,0.482
799500,0.489,0.000,0.510
800000,0.513,0.000,0.487
800500,0.492,0.000,0.508
801000,0.527,0.000,0.473
801500,0.538,0.000,0.462
802000,0.553,0.000,0.447
802500,0.567,0.000,0.433
803000,0.587,0.000,0.413
803500,0.598,0.000,0.402
804000,0.630,0.000,0.370
804500,0.583,0.000,0.417
805000,0.561,0.000,0.439
805500,0.555,0.000,0.445
806000,0.542,0.000,0.458
806500,0.525,0.000,0.475
807000,0.511,0.000,0.489
807500,0.522,0.000,0.478
808000,0.566,0.000,0.434
808500,0.608,0.000,0.392
809000,0.590,0.000,0.410
809500,0.546,0.000,0.454
810000,0.545,0.000,0.455
810500,0.510,0.000,0.490
811000,0.523,0.000,0.477
811500,0.522,0.000,0.478
812000,0.507,0.000,0.493
812500,0.493,0.000,0.507
813000,0.533,0.000,0.467
813500,0.571,0.000,0.429
814000,0.574,0.000,0.426
814500,0.526,0.000,0.474
815000,0.494,0.000,0.506
815500,0.468,0.000,0.532
816000,0.501,0.000,0.499
816500,0.524,0.000,0.476
817000,0.520,0.003,0.477
817500,0.493,0.000,0.507
818000,0.475,0.000,0.525
818500,0.444,0.000,0.556
819000,0.416,0.000,0.584
819500,0.495,0.000,0.504
820000,0.499,0.000,0.500
820500,0.576,0.000,0.424
821000,0.535,0.000,0.465
821500,0.551,0.000,0.449
822000,0.642,0.000,0.358
822500,0.618,0.000,0.382
823000,0.642,0.000,0.358
823500,0.619,0.000,0.381
824000,0.556,0.000,0.444
824500,0.545,0.000,0.455
825000,0.582,0.000,0.418
825500,0.571,0.000,0.429
826000,0.558,0.000,0.442
826500,0.563,0.000,0.437
827000,0.537,0.000,0.463
827500,0.548,0.000,0.452
828000,0.536,0.000,0.464
828500,0.529,0.000,0.471
829000,0.535,0.000,0.465
829500,0.471,0.000,0.529
830000,0.478,0.000,0.522
830500,0.461,0.000,0.539
831000,0.461,0.000,0.539
831500,0.476,0.000,0.524
832000,0.446,0.000,0.554
832500,0.456,0.000,0.544
833000,0.506,0.004,0.490
833500,0.486,0.001,0.513
834000,0.498,0.000,0.502
834500,0.499,0.000,0.500
835000,0.446,0.000,0.554
835500,0.455,0.000,0.545
836000,0.506,0.000,0.494
836500,0.515,0.000,0.485
837000,0.541,0.000,0.459
837500,0.557,0.000,0.443
838000,0.554,0.000,0.446
838500,0.562,0.000,0.438
839000,0.547,0.000,0.453
839500,0.525,0.000,0.475
840000,0.569,0.000,0.431
840500,0.559,0.000,0.441
841000,0.547,0.000,0.453
841500,0.498,0.000,0.502
842000,0.492,0.000,0.508
842500,0.528,0.000,0.472
843000,0.551,0.000,0.449
843500,0.568,0.000,0.432
844000,0.534,0.000,0.466
844500,0.491,0.000,0.508
845000,0.452,0.000,0.548
845500,0.498,0.000,0.502
846000,0.452,0.000,0.548
846500,0.465,0.000,0.535
847000,0.525,0.000,0.475
847500,0.456,0.000,0.544
848000,0.523,0.000,0.477
848500,0.542,0.000,0.458
849000,0.528,0.000,0.472
849500,0.539,0.000,0.461
850000,0.561,0.000,0.439
850500,0.582,0.000,0.418
851000,0.525,0.000,0.475
851500,0.520,0.000,0.480
852000,0.516,0.000,0.484
852500,0.483,0.000,0.517
853000,0.501,0.000,0.499
853500,0.530,0.000,0.470
854000,0.547,0.000,0.453
854500,0.615,0.000,0.385
855000,0.619,0.000,0.381
855500,0.587,0.000,0.413
856000,0.576,0.000,0.424
856500,0.532,0.000,0.468
857000,0.526,0.000,0.474
857500,0.575,0.000,0.425
858000,0.514,0.000,0.486
858500,0.554,0.000,0.446
859000,0.512,0.005,0.483
859500,0.509,0.001,0.490
860000,0.508,0.000,0.492
860500,0.486,0.000,0.514
861000,0.491,0.000,0.509
861500,0.472,0.000,0.528
862000,0.504,0.000,0.496
862500,0.451,0.000,0.549
863000,0.470,0.004,0.526
863500,0.509,0.000,0.491
864000,0.561,0.000,0.439
864500,0.591,0.000,0.409
865000,0.542,0.000,0.458
865500,0.552,0.000,0.448
866000,0.555,0.000,0.445
866500,0.506,0.000,0.494
867000,0.490,0.000,0.510
867500,0.501,0.000,0.499
868000,0.476,0.000,0.524
868500,0.504,0.000,0.496
869000,0.493,0.000,0.507
869500,0.539,0.000,0.461
870000,0.473,0.000,0.526
870500,0.536,0.002,0.462
871000,0.537,0.000,0.463
871500,0.501,0.000,0.499
872000,0.535,0.000,0.465
872500,0.587,0.000,0.413
873000,0.623,0.000,0.377
873500,0.628,0.000,0.372
874000,0.584,0.000,0.416
874500,0.557,0.000,0.443
875000,0.603,0.000,0.397
875500,0.543,0.000,0.457
876000,0.597,0.000,0.403
876500,0.632,0.000,0.368
877000,0.609,0.000,0.391
877500,0.549,0.000,0.451
878000,0.523,0.000,0.477
878500,0.517,0.000,0.483
879000,0.543,0.000,0.457
879500,0.550,0.000,0.450
880000,0.569,0.000,0.431
880500,0.561,0.000,0.439
881000,0.508,0.000,0.492
881500,0.496,0.000,0.504
882000,0.482,0.000,0.518
882500,0.480,0.000,0.520
883000,0.513,0.000,0.487
883500,0.499,0.000,0.500
884000,0.504,0.000,0.496
884500,0.499,0.000,0.501
885000,0.496,0.000,0.504
885500,0.502,0.002,0.496
886000,0.473,0.001,0.527
886500,0.514,0.001,0.485
887000,0.532,0.001,0.467
887500,0.498,0.000,0.502
888000,0.486,0.000,0.514
888500,0.508,0.000,0.492
889000,0.500,0.000,0.500
889500,0.509,0.000,0.491
890000,0.553,0.000,0.447
890500,0.535,0.000,0.465
891000,0.546,0.000,0.454
891500,0.568,0.000,0.432
892000,0.521,0.000,0.479
892500,0.487,0.000,0.513
893000,0.462,0.000,0.538
893500,0.481,0.000,0.519
894000,0.462,0.000,0.538
894500,0.469,0.000,0.530
895000,0.467,0.000,0.533
895500,0.468,0.000,0.532
896000,0.460,0.000,0.540
896500,0.468,0.000,0.532
897000,0.512,0.003,0.485
897500,0.515,0.000,0.485
898000,0.554,0.000,0.446
898500,0.525,0.000,0.475
899000,0.581,0.000,0.419
899500,0.541,0.000,0.459
900000,0.538,0.000,0.462
900500,0.569,0.000,0.431
901000,0.510,0.000,0.490
901500,0.480,0.000,0.520
902000,0.523,0.000,0.477
902500,0.540,0.000,0.460
903000,0.516,0.000,0.484
903500,0.480,0.000,0.520
904000,0.487,0.000,0.513
904500,0.505,0.000,0.495
905000,0.512,0.000,0.488
905500,0.439,0.000,0.561
906000,0.499,0.000,0.500
906500,0.599,0.000,0.401
907000,0.599,0.000,0.401
907500,0.601,0.000,0.399
908000,0.548,0.000,0.452
908500,0.555,0.000,0.445
909000,0.586,0.000,0.414
909500,0.529,0.000,0.471
910000,0.543,0.000,0.457
910500,0.534,0.000,0.466
911000,0.534,0.000,0.466
911500,0.548,0.000,0.452
912000,0.526,0.000,0.474
912500,0.476,0.000,0.524
913000,0.454,0.000,0.546
913500,0.517,0.000,0.483
914000,0.475,0.004,0.521
914500,0.466,0.001,0.533
915000,0.526,0.001,0.473
915500,0.493,0.000,0.506
916000,0.543,0.000,0.457
916500,0.513,0.000,0.487
917000,0.448,0.000,0.552
917500,0.487,0.000,0.513
918000,0.512,0.000,0.488
918500,0.500,0.000,0.500
919000,0.509,0.000,0.491
919500,0.500,0.000,0.500
920000,0.463,0.000,0.537
920500,0.516,0.000,0.484
921000,0.457,0.000,0.543
921500,0.494,0.000,0.506
922000,0.448,0.000,0.552
922500,0.525,0.000,0.475
923000,0.511,0.000,0.489
923500,0.581,0.000,0.419
924000,0.557,0.000,0.443
924500,0.560,0.000,0.440
925000,0.534,0.000,0.466
925500,0.543,0.000,0.457
926000,0.572,0.000,0.428
926500,0.593,0.000,0.407
927000,0.555,0.000,0.445
927500,0.582,0.000,0.418
928000,0.585,0.000,0.415
928500,0.543,0.000,0.457
929000,0.618,0.000,0.382
929500,0.593,0.000,0.407
930000,0.590,0.000,0.410
930500,0.567,0.000,0.433
931000,0.595,0.000,0.405
931500,0.591,0.000,0.409
932000,0.569,0.000,0.431
932500,0.576,0.000,0.424
933000,0.558,0.000,0.442
933500,0.559,0.000,0.441
934000,0.514,0.000,0.486
934500,0.537,0.000,0.463
935000,0.521,0.000,0.479
935500,0.550,0.000,0.450
936000,0.556,0.000,0.444
936500,0.489,0.000,0.511
937000,0.559,0.000,0.441
937500,0.523,0.000,0.477
938000,0.499,0.000,0.500
938500,0.465,0.000,0.535
939000,0.533,0.000,0.467
939500,0.500,0.000,0.500
940000,0.523,0.000,0.477
940500,0.481,0.000,0.518
941000,0.485,0.000,0.515
941500,0.484,0.000,0.516
942000,0.497,0.000,0.503
942500,0.513,0.000,0.487
943000,0.483,0.000,0.516
943500,0.504,0.000,0.496
944000,0.520,0.000,0.480
944500,0.505,0.000,0.495
945000,0.543,0.000,0.457
945500,0.527,0.004,0.469
946000,0.509,0.001,0.490
946500,0.476,0.000,0.524
947000,0.438,0.000,0.562
947500,0.481,0.000,0.519
948000,0.494,0.000,0.506
948500,0.510,0.000,0.490
949000,0.558,0.000,0.442
949500,0.516,0.000,0.484
950000,0.528,0.000,0.472
950500,0.545,0.000,0.455
951000,0.583,0.000,0.417
951500,0.595,0.000,0.405
952000,0.606,0.000,0.394
952500,0.582,0.000,0.418
953000,0.509,0.000,0.491
953500,0.531,0.000,0.469
954000,0.543,0.000,0.457
954500,0.558,0.000,0.442
955000,0.589,0.000,0.411
955500,0.574,0.000,0.426
956000,0.568,0.000,0.432
956500,0.566,0.000,0.434
957000,0.554,0.000,0.446
957500,0.563,0.000,0.437
958000,0.540,0.000,0.460
958500,0.555,0.000,0.445
959000,0.548,0.000,0.452
959500,0.597,0.000,0.403
960000,0.576,0.000,0.424
960500,0.573,0.000,0.427
961000,0.540,0.000,0.460
961500,0.510,0.000,0.490
962000,0.528,0.000,0.472
962500,0.504,0.000,0.496
963000,0.474,0.000,0.526
963500,0.508,0.000,0.492
964000,0.511,0.000,0.489
964500,0.520,0.000,0.480
965000,0.594,0.000,0.406
965500,0.579,0.000,0.421
966000,0.570,0.000,0.430
966500,0.562,0.000,0.438
967000,0.586,0.000,0.414
967500,0.539,0.000,0.461
968000,0.457,0.000,0.543
968500,0.480,0.000,0.520
969000,0.446,0.000,0.554
969500,0.523,0.001,0.476
970000,0.571,0.000,0.429
970500,0.578,0.000,0.422
971000,0.590,0.000,0.410
971500,0.507,0.000,0.493
972000,0.502,0.000,0.498
972500,0.438,0.000,0.562
973000,0.445,0.000,0.555
973500,0.430,0.000,0.570
974000,0.474,0.003,0.524
974500,0.515,0.001,0.484
975000,0.484,0.001,0.515
975500,0.499,0.000,0.500
976000,0.519,0.000,0.481
976500,0.537,0.000,0.463
977000,0.557,0.000,0.443
977500,0.573,0.000,0.427
978000,0.505,0.000,0.495
978500,0.497,0.000,0.502
979000,0.509,0.000,0.491
979500,0.521,0.000,0.479
980000,0.521,0.000,0.479
980500,0.515,0.000,0.485
981000,0.460,0.003,0.538
981500,0.501,0.001,0.498
982000,0.497,0.000,0.503
982500,0.528,0.004,0.467
983000,0.565,0.000,0.435
983500,0.574,0.000,0.426
984000,0.517,0.000,0.483
984500,0.526,0.000,0.474
985000,0.539,0.000,0.461
985500,0.533,0.000,0.467
986000,0.528,0.000,0.472
986500,0.558,0.000,0.442
987000,0.533,0.000,0.467
987500,0.558,0.000,0.442
988000,0.546,0.000,0.454
988500,0.539,0.000,0.461
989000,0.545,0.000,0.455
989500,0.459,0.000,0.541
990000,0.459,0.000,0.541
990500,0.472,0.000,0.528
991000,0.548,0.000,0.452
991500,0.541,0.000,0.459
992000,0.561,0.003,0.436
992500,0.507,0.000,0.493
993000,0.524,0.000,0.476
993500,0.567,0.000,0.433
994000,0.592,0.000,0.408
994500,0.553,0.000,0.447
995000,0.602,0.000,0.398
995500,0.523,0.000,0.477
996000,0.528,0.000,0.472
996500,0.522,0.000,0.478
997000,0.479,0.000,0.520
997500,0.469,0.000,0.530
998000,0.502,0.000,0.498
998500,0.528,0.000,0.472
999000,0.497,0.000,0.503
999500,0.443,0.000,0.557
1000000,0.443,0.000,0.557
