time,n_A+p,n_B,n_AB
500,0.080,0.834,0.087
1000,0.080,0.780,0.140
1500,0.080,0.721,0.199
2000,0.082,0.680,0.238
2500,0.082,0.632,0.286
3000,0.081,0.594,0.326
3500,0.080,0.525,0.395
4000,0.084,0.497,0.419
4500,0.090,0.453,0.457
5000,0.097,0.428,0.475
5500,0.095,0.413,0.492
6000,0.091,0.404,0.505
6500,0.107,0.347,0.545
7000,0.115,0.312,0.573
7500,0.119,0.328,0.553
8000,0.119,0.299,0.582
8500,0.147,0.281,0.571
9000,0.149,0.274,0.577
9500,0.158,0.256,0.587
10000,0.161,0.240,0.599
10500,0.186,0.201,0.613
11000,0.193,0.195,0.612
11500,0.220,0.180,0.600
12000,0.242,0.149,0.609
12500,0.268,0.119,0.613
13000,0.316,0.106,0.578
13500,0.337,0.087,0.576
14000,0.399,0.064,0.537
14500,0.430,0.048,0.522
15000,0.485,0.025,0.489
15500,0.520,0.021,0.459
16000,0.546,0.011,0.442
16500,0.590,0.009,0.402
17000,0.605,0.004,0.391
17500,0.632,0.004,0.364
18000,0.649,0.005,0.346
18500,0.684,0.002,0.314
19000,0.697,0.001,0.303
19500,0.712,0.001,0.288
20000,0.736,0.001,0.264
20500,0.752,0.000,0.248
21000,0.762,0.003,0.235
21500,0.798,0.001,0.201
22000,0.828,0.001,0.171
22500,0.807,0.001,0.192
23000,0.833,0.001,0.167
23500,0.839,0.001,0.161
24000,0.846,0.000,0.154
24500,0.856,0.000,0.144
25000,0.880,0.000,0.120
25500,0.885,0.000,0.115
26000,0.875,0.000,0.125
26500,0.891,0.000,0.109
27000,0.882,0.000,0.118
27500,0.892,0.000,0.108
28000,0.912,0.000,0.088
28500,0.910,0.000,0.090
29000,0.925,0.000,0.075
29500,0.928,0.000,0.072
30000,0.932,0.000,0.068
30500,0.945,0.000,0.055
31000,0.950,0.000,0.050
31500,0.950,0.000,0.050
32000,0.956,0.000,0.044
32500,0.948,0.000,0.052
33000,0.949,0.000,0.051
33500,0.947,0.000,0.053
34000,0.943,0.000,0.057
34500,0.944,0.000,0.056
35000,0.945,0.000,0.055
35500,0.941,0.000,0.059
36000,0.941,0.000,0.059
36500,0.948,0.000,0.052
37000,0.942,0.000,0.058
37500,0.953,0.000,0.047
38000,0.943,0.000,0.057
38500,0.930,0.000,0.070
39000,0.917,0.000,0.083
39500,0.918,0.000,0.082
40000,0.914,0.000,0.086
40500,0.936,0.000,0.064
41000,0.928,0.000,0.072
41500,0.937,0.000,0.063
42000,0.934,0.000,0.066
42500,0.932,0.000,0.068
43000,0.932,0.000,0.068
43500,0.935,0.000,0.065
44000,0.940,0.000,0.060
44500,0.943,0.000,0.057
45000,0.947,0.000,0.053
45500,0.955,0.000,0.045
46000,0.952,0.000,0.048
46500,0.955,0.000,0.045
47000,0.959,0.000,0.041
47500,0.958,0.000,0.042
48000,0.962,0.000,0.038
48500,0.955,0.000,0.045
49000,0.963,0.000,0.037
49500,0.960,0.000,0.040
50000,0.959,0.000,0.041
50500,0.964,0.000,0.036
51000,0.961,0.000,0.039
51500,0.962,0.000,0.038
52000,0.966,0.000,0.034
52500,0.970,0.000,0.030
53000,0.968,0.000,0.032
53500,0.965,0.000,0.035
54000,0.967,0.000,0.033
54500,0.955,0.000,0.045
55000,0.960,0.000,0.040
55500,0.968,0.000,0.032
56000,0.973,0.000,0.027
56500,0.964,0.000,0.036
57000,0.973,0.000,0.027
57500,0.976,0.000,0.024
58000,0.979,0.000,0.021
58500,0.980,0.000,0.020
59000,0.980,0.000,0.020
59500,0.980,0.000,0.020
60000,0.985,0.000,0.015
60500,0.988,0.000,0.012
61000,0.986,0.000,0.014
61500,0.986,0.000,0.014
62000,0.989,0.000,0.011
62500,0.995,0.000,0.005
63000,0.995,0.000,0.005
63500,0.996,0.000,0.004
64000,0.997,0.000,0.003
64500,0.996,0.000,0.004
65000,0.996,0.000,0.004
65500,0.996,0.000,0.004
66000,0.997,0.000,0.003
66500,0.998,0.000,0.002
67000,0.999,0.000,0.001
67500,1.000,0.000,0.000
