time,n_A+p,n_B,n_AB
100,0.416,0.466,0.118
200,0.375,0.416,0.209
300,0.325,0.403,0.271
400,0.308,0.381,0.311
500,0.296,0.356,0.347
600,0.296,0.325,0.378
700,0.283,0.335,0.382
800,0.268,0.345,0.386
900,0.236,0.339,0.425
1000,0.219,0.333,0.448
1100,0.221,0.300,0.479
1200,0.225,0.289,0.486
1300,0.231,0.264,0.505
1400,0.249,0.253,0.498
1500,0.234,0.260,0.506
1600,0.227,0.256,0.517
1700,0.251,0.250,0.499
1800,0.272,0.225,0.503
1900,0.251,0.221,0.528
2000,0.243,0.215,0.542
2100,0.242,0.219,0.538
2200,0.222,0.215,0.562
2300,0.224,0.208,0.568
2400,0.281,0.186,0.534
2500,0.286,0.173,0.541
2600,0.292,0.189,0.519
2700,0.283,0.180,0.537
2800,0.257,0.198,0.545
2900,0.258,0.200,0.541
3000,0.267,0.175,0.559
3100,0.253,0.203,0.544
3200,0.260,0.203,0.537
3300,0.239,0.213,0.548
3400,0.233,0.191,0.576
3500,0.241,0.185,0.575
3600,0.232,0.181,0.587
3700,0.274,0.181,0.545
3800,0.266,0.174,0.560
3900,0.254,0.173,0.573
4000,0.242,0.194,0.564
4100,0.222,0.173,0.605
4200,0.214,0.183,0.603
4300,0.214,0.173,0.613
4400,0.195,0.188,0.617
4500,0.182,0.212,0.605
4600,0.186,0.215,0.600
4700,0.176,0.212,0.612
4800,0.160,0.224,0.616
4900,0.174,0.208,0.618
5000,0.161,0.217,0.622
5100,0.203,0.188,0.609
5200,0.190,0.169,0.640
5300,0.205,0.157,0.638
5400,0.203,0.172,0.625
5500,0.208,0.158,0.634
5600,0.204,0.178,0.618
5700,0.197,0.169,0.634
5800,0.189,0.160,0.651
5900,0.173,0.164,0.664
6000,0.186,0.170,0.644
6100,0.208,0.158,0.634
6200,0.214,0.151,0.635
6300,0.210,0.159,0.630
6400,0.222,0.147,0.631
6500,0.214,0.146,0.640
6600,0.197,0.165,0.639
6700,0.208,0.162,0.630
6800,0.198,0.174,0.628
6900,0.175,0.185,0.641
7000,0.179,0.186,0.636
7100,0.176,0.173,0.651
7200,0.176,0.173,0.651
7300,0.162,0.173,0.665
7400,0.152,0.182,0.666
7500,0.158,0.198,0.644
7600,0.150,0.204,0.646
7700,0.171,0.201,0.628
7800,0.177,0.190,0.633
7900,0.183,0.166,0.651
8000,0.157,0.208,0.635
8100,0.154,0.215,0.631
8200,0.160,0.208,0.632
8300,0.199,0.195,0.606
8400,0.190,0.207,0.602
8500,0.171,0.201,0.628
8600,0.186,0.203,0.611
8700,0.185,0.190,0.625
8800,0.186,0.191,0.623
8900,0.207,0.179,0.614
9000,0.186,0.203,0.612
9100,0.177,0.201,0.622
9200,0.169,0.218,0.613
9300,0.144,0.207,0.648
9400,0.134,0.187,0.679
9500,0.141,0.178,0.681
9600,0.169,0.166,0.665
9700,0.153,0.176,0.672
9800,0.170,0.186,0.644
9900,0.178,0.184,0.638
10000,0.170,0.205,0.625
10100,0.162,0.228,0.609
10200,0.162,0.222,0.615
10300,0.158,0.232,0.611
10400,0.168,0.211,0.620
10500,0.180,0.205,0.615
10600,0.171,0.190,0.639
10700,0.173,0.223,0.604
10800,0.165,0.212,0.623
10900,0.161,0.217,0.622
11000,0.147,0.240,0.612
11100,0.130,0.219,0.651
11200,0.136,0.232,0.632
11300,0.134,0.212,0.654
11400,0.130,0.194,0.676
11500,0.129,0.187,0.683
11600,0.140,0.200,0.661
11700,0.155,0.186,0.659
11800,0.155,0.189,0.656
11900,0.138,0.198,0.664
12000,0.140,0.185,0.675
12100,0.163,0.185,0.652
12200,0.146,0.199,0.655
12300,0.155,0.180,0.665
12400,0.154,0.180,0.665
12500,0.158,0.204,0.637
12600,0.155,0.167,0.678
12700,0.161,0.154,0.685
12800,0.175,0.154,0.672
12900,0.186,0.147,0.666
13000,0.163,0.183,0.654
13100,0.166,0.178,0.657
13200,0.152,0.191,0.657
13300,0.143,0.199,0.658
13400,0.141,0.201,0.658
13500,0.139,0.176,0.685
13600,0.169,0.154,0.677
13700,0.175,0.137,0.687
13800,0.167,0.143,0.690
13900,0.175,0.130,0.694
14000,0.164,0.144,0.692
14100,0.145,0.155,0.700
14200,0.151,0.153,0.696
14300,0.169,0.173,0.657
14400,0.165,0.168,0.667
14500,0.168,0.176,0.656
14600,0.193,0.165,0.642
14700,0.167,0.166,0.666
14800,0.206,0.161,0.633
14900,0.226,0.157,0.617
15000,0.227,0.146,0.627
15100,0.233,0.126,0.641
15200,0.242,0.118,0.641
15300,0.216,0.150,0.634
15400,0.211,0.140,0.650
15500,0.199,0.143,0.658
15600,0.193,0.146,0.661
15700,0.220,0.144,0.636
15800,0.228,0.130,0.641
15900,0.200,0.148,0.653
16000,0.184,0.139,0.678
16100,0.193,0.119,0.688
16200,0.190,0.122,0.688
16300,0.200,0.134,0.666
16400,0.197,0.144,0.659
16500,0.179,0.145,0.676
16600,0.180,0.129,0.692
16700,0.188,0.126,0.686
16800,0.185,0.131,0.685
16900,0.184,0.118,0.698
17000,0.168,0.127,0.704
17100,0.177,0.122,0.701
17200,0.166,0.138,0.696
17300,0.162,0.153,0.685
17400,0.179,0.147,0.674
17500,0.186,0.153,0.661
17600,0.186,0.146,0.668
17700,0.173,0.163,0.664
17800,0.175,0.161,0.664
17900,0.173,0.159,0.668
18000,0.159,0.162,0.679
18100,0.158,0.166,0.675
18200,0.179,0.156,0.665
18300,0.175,0.141,0.685
18400,0.158,0.154,0.688
18500,0.154,0.179,0.666
18600,0.145,0.163,0.692
18700,0.147,0.163,0.690
18800,0.138,0.159,0.703
18900,0.130,0.172,0.697
19000,0.165,0.153,0.682
19100,0.164,0.164,0.672
19200,0.163,0.183,0.654
19300,0.164,0.182,0.654
19400,0.156,0.177,0.667
19500,0.172,0.165,0.664
19600,0.176,0.173,0.651
19700,0.173,0.155,0.672
19800,0.200,0.162,0.639
19900,0.179,0.134,0.687
20000,0.163,0.175,0.662
20100,0.162,0.147,0.690
20200,0.165,0.159,0.676
20300,0.196,0.126,0.678
20400,0.176,0.125,0.700
20500,0.200,0.150,0.650
20600,0.196,0.136,0.668
20700,0.197,0.168,0.635
20800,0.154,0.174,0.672
20900,0.156,0.163,0.681
21000,0.178,0.159,0.662
21100,0.173,0.155,0.672
21200,0.172,0.174,0.654
21300,0.169,0.144,0.687
21400,0.170,0.165,0.665
21500,0.153,0.168,0.679
21600,0.154,0.180,0.666
21700,0.167,0.176,0.657
21800,0.168,0.145,0.687
21900,0.162,0.134,0.703
22000,0.155,0.127,0.718
22100,0.149,0.150,0.701
22200,0.147,0.151,0.701
22300,0.144,0.160,0.696
22400,0.126,0.181,0.693
22500,0.126,0.161,0.712
22600,0.123,0.176,0.701
22700,0.116,0.163,0.721
22800,0.127,0.150,0.722
22900,0.141,0.144,0.715
23000,0.166,0.144,0.689
23100,0.162,0.164,0.675
23200,0.182,0.173,0.645
23300,0.178,0.164,0.659
23400,0.192,0.161,0.648
23500,0.179,0.166,0.655
23600,0.190,0.179,0.632
23700,0.183,0.166,0.651
23800,0.157,0.180,0.663
23900,0.144,0.162,0.694
24000,0.165,0.158,0.676
24100,0.192,0.146,0.663
24200,0.179,0.162,0.659
24300,0.171,0.155,0.673
24400,0.179,0.151,0.670
24500,0.176,0.171,0.654
24600,0.162,0.191,0.647
24700,0.151,0.197,0.653
24800,0.134,0.204,0.661
24900,0.152,0.201,0.647
25000,0.140,0.205,0.655
25100,0.157,0.207,0.636
25200,0.206,0.186,0.608
25300,0.194,0.168,0.638
25400,0.192,0.164,0.644
25500,0.195,0.144,0.661
25600,0.200,0.143,0.657
25700,0.229,0.150,0.621
25800,0.218,0.123,0.659
25900,0.240,0.134,0.626
26000,0.208,0.166,0.626
26100,0.194,0.177,0.629
26200,0.198,0.172,0.629
26300,0.195,0.182,0.623
26400,0.168,0.165,0.667
26500,0.158,0.158,0.684
26600,0.151,0.162,0.687
26700,0.158,0.156,0.686
26800,0.164,0.169,0.666
26900,0.159,0.153,0.689
27000,0.153,0.146,0.701
27100,0.179,0.121,0.700
27200,0.156,0.121,0.723
27300,0.167,0.118,0.715
27400,0.155,0.115,0.730
27500,0.192,0.140,0.668
27600,0.188,0.127,0.685
27700,0.169,0.114,0.717
27800,0.176,0.116,0.707
27900,0.173,0.128,0.698
28000,0.181,0.130,0.689
28100,0.172,0.112,0.716
28200,0.171,0.110,0.719
28300,0.173,0.122,0.705
28400,0.156,0.146,0.698
28500,0.165,0.145,0.690
28600,0.180,0.133,0.687
28700,0.171,0.118,0.711
28800,0.194,0.116,0.690
28900,0.168,0.140,0.692
29000,0.172,0.128,0.700
29100,0.189,0.138,0.673
29200,0.192,0.145,0.663
29300,0.185,0.150,0.665
29400,0.204,0.150,0.646
29500,0.222,0.147,0.631
29600,0.235,0.146,0.619
29700,0.228,0.136,0.636
29800,0.196,0.150,0.654
29900,0.203,0.135,0.662
30000,0.221,0.134,0.646
30100,0.207,0.153,0.640
30200,0.239,0.155,0.606
30300,0.224,0.147,0.629
30400,0.204,0.148,0.648
30500,0.214,0.126,0.659
30600,0.206,0.163,0.631
30700,0.189,0.175,0.636
30800,0.192,0.190,0.618
30900,0.174,0.169,0.657
31000,0.180,0.158,0.662
31100,0.172,0.165,0.663
31200,0.169,0.150,0.680
31300,0.162,0.151,0.686
31400,0.161,0.137,0.703
31500,0.182,0.141,0.676
31600,0.169,0.127,0.704
31700,0.180,0.111,0.709
31800,0.183,0.095,0.722
31900,0.184,0.108,0.708
32000,0.182,0.125,0.693
32100,0.158,0.133,0.709
32200,0.164,0.140,0.696
32300,0.154,0.139,0.707
32400,0.164,0.130,0.706
32500,0.153,0.111,0.736
32600,0.133,0.126,0.740
32700,0.153,0.114,0.733
32800,0.176,0.129,0.696
32900,0.165,0.166,0.669
33000,0.152,0.167,0.681
33100,0.166,0.145,0.689
33200,0.176,0.143,0.681
33300,0.153,0.152,0.696
33400,0.172,0.145,0.683
33500,0.161,0.150,0.689
33600,0.169,0.142,0.689
33700,0.149,0.148,0.703
33800,0.161,0.140,0.700
33900,0.171,0.144,0.685
34000,0.142,0.170,0.688
34100,0.151,0.169,0.680
34200,0.147,0.168,0.685
34300,0.154,0.154,0.692
34400,0.143,0.139,0.718
34500,0.132,0.186,0.682
34600,0.147,0.159,0.694
34700,0.136,0.156,0.708
34800,0.164,0.140,0.696
34900,0.159,0.147,0.693
35000,0.166,0.159,0.675
35100,0.150,0.172,0.679
35200,0.153,0.155,0.692
35300,0.150,0.169,0.682
35400,0.147,0.149,0.704
35500,0.139,0.145,0.716
35600,0.164,0.186,0.651
35700,0.152,0.173,0.675
35800,0.149,0.141,0.710
35900,0.158,0.184,0.658
36000,0.171,0.185,0.644
36100,0.182,0.169,0.650
36200,0.186,0.159,0.655
36300,0.178,0.158,0.664
36400,0.198,0.178,0.624
36500,0.187,0.192,0.622
36600,0.203,0.190,0.608
36700,0.211,0.175,0.614
36800,0.183,0.185,0.632
36900,0.199,0.183,0.618
37000,0.186,0.177,0.637
37100,0.167,0.191,0.642
37200,0.165,0.192,0.643
37300,0.159,0.173,0.667
37400,0.195,0.173,0.632
37500,0.171,0.164,0.666
37600,0.165,0.155,0.680
37700,0.168,0.176,0.656
37800,0.174,0.167,0.659
37900,0.196,0.132,0.672
38000,0.184,0.140,0.676
38100,0.182,0.125,0.693
38200,0.177,0.132,0.692
38300,0.179,0.130,0.691
38400,0.158,0.145,0.697
38500,0.182,0.115,0.704
38600,0.201,0.134,0.665
38700,0.191,0.147,0.662
38800,0.183,0.141,0.676
38900,0.196,0.157,0.647
39000,0.216,0.143,0.641
39100,0.196,0.131,0.673
39200,0.183,0.134,0.683
39300,0.178,0.160,0.662
39400,0.166,0.148,0.686
39500,0.175,0.147,0.679
39600,0.157,0.159,0.684
39700,0.161,0.141,0.698
39800,0.139,0.144,0.717
39900,0.139,0.151,0.710
40000,0.153,0.128,0.719
40100,0.157,0.133,0.710
40200,0.154,0.131,0.715
40300,0.154,0.143,0.703
40400,0.201,0.115,0.684
40500,0.217,0.122,0.662
40600,0.203,0.122,0.675
40700,0.218,0.112,0.671
40800,0.184,0.123,0.693
40900,0.175,0.137,0.689
41000,0.168,0.130,0.702
41100,0.169,0.150,0.681
41200,0.178,0.143,0.679
41300,0.152,0.137,0.711
41400,0.156,0.144,0.700
41500,0.153,0.147,0.700
41600,0.150,0.155,0.695
41700,0.140,0.157,0.703
41800,0.133,0.178,0.690
41900,0.153,0.211,0.637
42000,0.139,0.198,0.662
42100,0.137,0.191,0.672
42200,0.179,0.188,0.633
42300,0.178,0.173,0.648
42400,0.193,0.153,0.654
42500,0.154,0.147,0.698
42600,0.157,0.155,0.689
42700,0.154,0.153,0.693
42800,0.165,0.176,0.659
42900,0.166,0.167,0.666
43000,0.146,0.164,0.690
43100,0.151,0.157,0.692
43200,0.146,0.178,0.676
43300,0.136,0.192,0.673
43400,0.124,0.197,0.679
43500,0.111,0.194,0.695
43600,0.119,0.196,0.686
43700,0.119,0.214,0.667
43800,0.155,0.212,0.633
43900,0.150,0.203,0.648
44000,0.142,0.190,0.668
44100,0.128,0.202,0.670
44200,0.137,0.183,0.680
44300,0.140,0.172,0.689
44400,0.133,0.171,0.697
44500,0.142,0.183,0.675
44600,0.143,0.181,0.676
44700,0.136,0.197,0.668
44800,0.126,0.207,0.666
44900,0.127,0.229,0.644
45000,0.164,0.220,0.616
45100,0.159,0.229,0.611
45200,0.146,0.204,0.650
45300,0.136,0.210,0.654
45400,0.116,0.219,0.665
45500,0.108,0.210,0.682
45600,0.124,0.198,0.678
45700,0.130,0.208,0.662
45800,0.139,0.185,0.676
45900,0.138,0.170,0.692
46000,0.154,0.159,0.686
46100,0.162,0.154,0.684
46200,0.156,0.168,0.676
46300,0.135,0.192,0.673
46400,0.139,0.205,0.656
46500,0.133,0.210,0.657
46600,0.136,0.198,0.665
46700,0.117,0.197,0.686
46800,0.153,0.178,0.669
46900,0.140,0.187,0.673
47000,0.159,0.185,0.655
47100,0.139,0.193,0.668
47200,0.121,0.214,0.665
47300,0.123,0.186,0.691
47400,0.119,0.196,0.686
47500,0.133,0.173,0.694
47600,0.123,0.156,0.721
47700,0.153,0.136,0.711
47800,0.132,0.151,0.717
47900,0.149,0.162,0.689
48000,0.136,0.155,0.708
48100,0.130,0.147,0.724
48200,0.159,0.146,0.695
48300,0.147,0.154,0.700
48400,0.130,0.159,0.711
48500,0.122,0.160,0.718
48600,0.111,0.159,0.729
48700,0.111,0.162,0.728
48800,0.098,0.196,0.707
48900,0.104,0.207,0.689
49000,0.100,0.205,0.696
49100,0.102,0.220,0.678
49200,0.094,0.235,0.672
49300,0.115,0.235,0.650
49400,0.101,0.233,0.666
49500,0.093,0.242,0.665
49600,0.097,0.219,0.683
49700,0.107,0.226,0.667
49800,0.118,0.211,0.671
49900,0.126,0.218,0.655
50000,0.144,0.182,0.673
50100,0.169,0.166,0.665
50200,0.162,0.178,0.660
50300,0.176,0.172,0.652
50400,0.164,0.152,0.685
50500,0.180,0.133,0.687
50600,0.177,0.138,0.685
50700,0.155,0.131,0.714
50800,0.148,0.134,0.718
50900,0.141,0.153,0.705
51000,0.157,0.166,0.677
51100,0.175,0.144,0.681
51200,0.183,0.137,0.680
51300,0.190,0.126,0.684
51400,0.159,0.145,0.696
51500,0.148,0.149,0.703
51600,0.186,0.119,0.696
51700,0.173,0.129,0.698
51800,0.196,0.114,0.690
51900,0.189,0.108,0.704
52000,0.185,0.109,0.706
52100,0.194,0.101,0.705
52200,0.193,0.094,0.714
52300,0.204,0.097,0.699
52400,0.189,0.102,0.709
52500,0.210,0.095,0.695
52600,0.219,0.104,0.676
52700,0.236,0.086,0.679
52800,0.250,0.098,0.653
52900,0.219,0.120,0.661
53000,0.201,0.121,0.678
53100,0.198,0.111,0.691
53200,0.214,0.127,0.659
53300,0.221,0.123,0.656
53400,0.220,0.115,0.665
53500,0.189,0.144,0.666
53600,0.197,0.124,0.679
53700,0.186,0.125,0.689
53800,0.197,0.108,0.695
53900,0.169,0.111,0.720
54000,0.166,0.100,0.733
54100,0.144,0.118,0.738
54200,0.135,0.125,0.740
54300,0.139,0.140,0.722
54400,0.169,0.125,0.706
54500,0.185,0.129,0.686
54600,0.186,0.123,0.691
54700,0.171,0.118,0.711
54800,0.171,0.097,0.732
54900,0.157,0.109,0.734
55000,0.155,0.122,0.723
55100,0.151,0.126,0.722
55200,0.155,0.125,0.719
55300,0.175,0.125,0.700
55400,0.177,0.130,0.693
55500,0.168,0.138,0.694
55600,0.158,0.127,0.715
55700,0.169,0.138,0.693
55800,0.147,0.137,0.716
55900,0.151,0.147,0.702
56000,0.165,0.124,0.711
56100,0.166,0.126,0.707
56200,0.152,0.123,0.725
56300,0.141,0.114,0.745
56400,0.144,0.123,0.732
56500,0.165,0.107,0.729
56600,0.180,0.116,0.703
56700,0.157,0.112,0.732
56800,0.144,0.125,0.731
56900,0.137,0.123,0.739
57000,0.154,0.157,0.690
57100,0.144,0.147,0.710
57200,0.140,0.143,0.718
57300,0.143,0.137,0.720
57400,0.143,0.138,0.719
57500,0.133,0.139,0.728
57600,0.157,0.152,0.692
57700,0.161,0.147,0.692
57800,0.164,0.147,0.690
57900,0.144,0.138,0.718
58000,0.165,0.132,0.703
58100,0.146,0.125,0.729
58200,0.158,0.144,0.698
58300,0.153,0.139,0.708
58400,0.153,0.132,0.716
58500,0.137,0.129,0.734
58600,0.151,0.118,0.732
58700,0.129,0.123,0.749
58800,0.143,0.126,0.731
58900,0.146,0.127,0.727
59000,0.147,0.126,0.726
59100,0.159,0.129,0.712
59200,0.161,0.155,0.684
59300,0.189,0.148,0.662
59400,0.180,0.125,0.695
59500,0.175,0.137,0.688
59600,0.166,0.142,0.692
59700,0.180,0.126,0.694
59800,0.165,0.159,0.676
59900,0.161,0.159,0.679
60000,0.168,0.164,0.668
60100,0.157,0.169,0.674
60200,0.146,0.192,0.662
60300,0.146,0.170,0.684
60400,0.132,0.205,0.664
60500,0.126,0.190,0.685
60600,0.125,0.186,0.689
60700,0.122,0.181,0.697
60800,0.121,0.178,0.701
60900,0.115,0.210,0.675
61000,0.111,0.231,0.658
61100,0.149,0.218,0.633
61200,0.131,0.239,0.630
61300,0.139,0.231,0.631
61400,0.133,0.197,0.669
61500,0.119,0.197,0.684
61600,0.143,0.185,0.672
61700,0.128,0.175,0.697
61800,0.153,0.178,0.669
61900,0.179,0.154,0.667
62000,0.175,0.154,0.671
62100,0.157,0.169,0.674
62200,0.173,0.163,0.664
62300,0.190,0.166,0.644
62400,0.201,0.170,0.629
62500,0.179,0.150,0.672
62600,0.177,0.136,0.687
62700,0.174,0.141,0.685
62800,0.172,0.143,0.686
62900,0.170,0.146,0.685
63000,0.214,0.133,0.654
63100,0.208,0.140,0.652
63200,0.203,0.131,0.666
63300,0.202,0.132,0.666
63400,0.206,0.127,0.666
63500,0.196,0.120,0.685
63600,0.205,0.107,0.689
63700,0.196,0.116,0.687
63800,0.183,0.141,0.676
63900,0.200,0.121,0.679
64000,0.212,0.102,0.686
64100,0.205,0.140,0.655
64200,0.201,0.137,0.662
64300,0.187,0.153,0.661
64400,0.219,0.130,0.651
64500,0.224,0.111,0.665
64600,0.226,0.104,0.670
64700,0.211,0.095,0.694
64800,0.224,0.095,0.680
64900,0.210,0.112,0.678
65000,0.201,0.109,0.690
65100,0.181,0.138,0.681
65200,0.195,0.126,0.679
65300,0.192,0.149,0.659
65400,0.180,0.162,0.658
65500,0.158,0.145,0.697
65600,0.185,0.130,0.685
65700,0.200,0.114,0.686
65800,0.172,0.109,0.718
65900,0.193,0.112,0.694
66000,0.191,0.107,0.703
66100,0.192,0.097,0.711
66200,0.183,0.121,0.696
66300,0.205,0.106,0.689
66400,0.201,0.101,0.698
66500,0.196,0.111,0.693
66600,0.224,0.107,0.669
66700,0.197,0.111,0.693
66800,0.174,0.140,0.686
66900,0.155,0.146,0.698
67000,0.162,0.144,0.694
67100,0.147,0.145,0.708
67200,0.151,0.141,0.708
67300,0.147,0.158,0.695
67400,0.155,0.138,0.707
67500,0.168,0.123,0.708
67600,0.180,0.127,0.693
67700,0.189,0.124,0.687
67800,0.180,0.132,0.689
67900,0.163,0.139,0.698
68000,0.154,0.145,0.701
68100,0.157,0.148,0.695
68200,0.130,0.148,0.721
68300,0.142,0.143,0.715
68400,0.151,0.136,0.713
68500,0.148,0.110,0.742
68600,0.132,0.114,0.755
68700,0.155,0.127,0.718
68800,0.154,0.126,0.719
68900,0.160,0.120,0.719
69000,0.149,0.147,0.704
69100,0.146,0.137,0.718
69200,0.145,0.127,0.728
69300,0.161,0.109,0.730
69400,0.159,0.114,0.728
69500,0.154,0.117,0.729
69600,0.161,0.107,0.732
69700,0.173,0.097,0.730
69800,0.161,0.126,0.714
69900,0.187,0.133,0.680
70000,0.177,0.143,0.680
70100,0.172,0.144,0.684
70200,0.164,0.150,0.687
70300,0.155,0.137,0.707
70400,0.155,0.155,0.689
70500,0.134,0.181,0.685
70600,0.134,0.186,0.679
70700,0.134,0.218,0.648
70800,0.157,0.201,0.642
70900,0.150,0.217,0.633
71000,0.134,0.201,0.665
71100,0.158,0.201,0.641
71200,0.172,0.178,0.651
71300,0.189,0.182,0.629
71400,0.205,0.181,0.614
71500,0.190,0.169,0.641
71600,0.180,0.162,0.658
71700,0.172,0.161,0.667
71800,0.180,0.132,0.688
71900,0.190,0.123,0.686
72000,0.184,0.114,0.702
72100,0.176,0.118,0.706
72200,0.169,0.149,0.682
72300,0.166,0.143,0.692
72400,0.171,0.125,0.704
72500,0.190,0.120,0.690
72600,0.201,0.139,0.660
72700,0.198,0.143,0.658
72800,0.198,0.148,0.653
72900,0.227,0.140,0.633
73000,0.202,0.155,0.643
73100,0.192,0.137,0.671
73200,0.196,0.123,0.682
73300,0.217,0.116,0.668
73400,0.229,0.125,0.646
73500,0.243,0.115,0.642
73600,0.224,0.126,0.650
73700,0.217,0.139,0.644
73800,0.196,0.137,0.667
73900,0.197,0.129,0.675
74000,0.193,0.178,0.629
74100,0.182,0.172,0.646
74200,0.175,0.157,0.668
74300,0.178,0.155,0.667
74400,0.176,0.169,0.655
74500,0.164,0.185,0.651
74600,0.168,0.173,0.659
74700,0.168,0.162,0.671
74800,0.158,0.161,0.681
74900,0.178,0.130,0.692
75000,0.180,0.154,0.665
75100,0.156,0.158,0.686
75200,0.157,0.176,0.668
75300,0.168,0.172,0.660
75400,0.177,0.167,0.656
75500,0.162,0.189,0.648
75600,0.148,0.189,0.663
75700,0.158,0.186,0.656
75800,0.163,0.212,0.625
75900,0.165,0.210,0.626
76000,0.155,0.188,0.657
76100,0.160,0.197,0.643
76200,0.173,0.176,0.651
76300,0.183,0.175,0.641
76400,0.180,0.158,0.661
76500,0.176,0.158,0.665
76600,0.177,0.155,0.668
76700,0.171,0.177,0.652
76800,0.164,0.166,0.669
76900,0.143,0.172,0.685
77000,0.139,0.183,0.678
77100,0.128,0.189,0.683
77200,0.140,0.172,0.687
77300,0.138,0.156,0.706
77400,0.120,0.171,0.709
77500,0.144,0.178,0.678
77600,0.126,0.189,0.686
77700,0.140,0.184,0.676
77800,0.142,0.165,0.693
77900,0.133,0.162,0.705
78000,0.130,0.158,0.712
78100,0.120,0.185,0.696
78200,0.122,0.180,0.698
78300,0.137,0.182,0.680
78400,0.143,0.166,0.690
78500,0.144,0.164,0.692
78600,0.138,0.160,0.702
78700,0.146,0.154,0.700
78800,0.134,0.169,0.696
78900,0.127,0.162,0.711
79000,0.143,0.163,0.694
79100,0.157,0.146,0.697
79200,0.152,0.164,0.685
79300,0.143,0.136,0.722
79400,0.137,0.118,0.745
79500,0.133,0.129,0.737
79600,0.154,0.129,0.717
79700,0.151,0.137,0.712
79800,0.146,0.151,0.703
79900,0.147,0.128,0.725
80000,0.169,0.112,0.719
80100,0.167,0.109,0.724
80200,0.164,0.095,0.741
80300,0.152,0.132,0.717
80400,0.159,0.115,0.726
80500,0.181,0.092,0.727
80600,0.162,0.112,0.726
80700,0.150,0.107,0.744
80800,0.144,0.105,0.751
80900,0.153,0.101,0.746
81000,0.131,0.114,0.755
81100,0.151,0.126,0.723
81200,0.150,0.132,0.719
81300,0.150,0.112,0.737
81400,0.166,0.122,0.712
81500,0.174,0.094,0.732
81600,0.171,0.102,0.727
81700,0.158,0.124,0.718
81800,0.159,0.132,0.709
81900,0.146,0.169,0.685
82000,0.163,0.151,0.686
82100,0.158,0.120,0.721
82200,0.161,0.118,0.721
82300,0.153,0.138,0.709
82400,0.165,0.126,0.710
82500,0.151,0.132,0.717
82600,0.144,0.152,0.704
82700,0.166,0.154,0.680
82800,0.165,0.140,0.694
82900,0.162,0.153,0.685
83000,0.154,0.139,0.707
83100,0.158,0.134,0.708
83200,0.150,0.144,0.706
83300,0.147,0.134,0.719
83400,0.165,0.147,0.688
83500,0.164,0.148,0.687
83600,0.188,0.146,0.666
83700,0.175,0.162,0.664
83800,0.160,0.151,0.689
83900,0.161,0.176,0.662
84000,0.154,0.164,0.682
84100,0.165,0.144,0.691
84200,0.176,0.141,0.683
84300,0.148,0.144,0.708
84400,0.153,0.147,0.701
84500,0.151,0.150,0.699
84600,0.146,0.148,0.705
84700,0.140,0.161,0.700
84800,0.143,0.157,0.700
84900,0.143,0.144,0.712
85000,0.136,0.179,0.685
85100,0.106,0.217,0.677
85200,0.100,0.217,0.683
85300,0.119,0.210,0.671
85400,0.115,0.199,0.686
85500,0.111,0.190,0.699
85600,0.128,0.187,0.685
85700,0.114,0.173,0.713
85800,0.130,0.190,0.680
85900,0.154,0.188,0.658
86000,0.151,0.174,0.675
86100,0.154,0.164,0.682
86200,0.140,0.155,0.705
86300,0.134,0.168,0.698
86400,0.157,0.173,0.670
86500,0.175,0.158,0.668
86600,0.192,0.140,0.669
86700,0.185,0.137,0.678
86800,0.171,0.151,0.678
86900,0.161,0.162,0.678
87000,0.169,0.141,0.690
87100,0.153,0.155,0.692
87200,0.169,0.134,0.697
87300,0.150,0.154,0.696
87400,0.164,0.151,0.685
87500,0.131,0.176,0.693
87600,0.151,0.165,0.685
87700,0.167,0.154,0.679
87800,0.164,0.157,0.679
87900,0.168,0.137,0.695
88000,0.153,0.170,0.678
88100,0.143,0.178,0.680
88200,0.167,0.169,0.664
88300,0.153,0.151,0.696
88400,0.129,0.182,0.689
88500,0.133,0.209,0.658
88600,0.138,0.190,0.672
88700,0.141,0.201,0.657
88800,0.168,0.176,0.655
88900,0.148,0.197,0.655
89000,0.139,0.195,0.666
89100,0.133,0.193,0.675
89200,0.134,0.197,0.669
89300,0.127,0.186,0.687
89400,0.144,0.178,0.678
89500,0.144,0.172,0.684
89600,0.127,0.178,0.695
89700,0.116,0.196,0.687
89800,0.123,0.186,0.690
89900,0.130,0.165,0.705
90000,0.118,0.183,0.700
90100,0.114,0.204,0.682
90200,0.104,0.201,0.695
90300,0.123,0.174,0.703
90400,0.118,0.188,0.694
90500,0.127,0.173,0.700
90600,0.132,0.175,0.693
90700,0.124,0.178,0.698
90800,0.120,0.199,0.681
90900,0.109,0.187,0.704
91000,0.099,0.191,0.710
91100,0.100,0.194,0.705
91200,0.108,0.196,0.696
91300,0.097,0.194,0.710
91400,0.119,0.205,0.676
91500,0.127,0.200,0.673
91600,0.127,0.183,0.690
91700,0.114,0.179,0.708
91800,0.123,0.161,0.715
91900,0.140,0.180,0.680
92000,0.155,0.175,0.671
92100,0.141,0.177,0.682
92200,0.136,0.173,0.692
92300,0.136,0.182,0.682
92400,0.133,0.198,0.669
92500,0.122,0.180,0.697
92600,0.118,0.177,0.705
92700,0.135,0.168,0.697
92800,0.167,0.176,0.657
92900,0.146,0.182,0.672
93000,0.125,0.208,0.666
93100,0.137,0.195,0.668
93200,0.146,0.197,0.657
93300,0.144,0.181,0.675
93400,0.151,0.180,0.668
93500,0.164,0.177,0.659
93600,0.161,0.181,0.658
93700,0.165,0.190,0.646
93800,0.170,0.176,0.654
93900,0.187,0.183,0.630
94000,0.183,0.205,0.612
94100,0.168,0.212,0.620
94200,0.145,0.205,0.650
94300,0.151,0.198,0.651
94400,0.144,0.194,0.662
94500,0.140,0.180,0.679
94600,0.166,0.171,0.663
94700,0.146,0.199,0.655
94800,0.138,0.196,0.666
94900,0.138,0.195,0.667
95000,0.149,0.193,0.658
95100,0.140,0.197,0.664
95200,0.131,0.202,0.667
95300,0.134,0.211,0.655
95400,0.134,0.194,0.672
95500,0.129,0.165,0.707
95600,0.120,0.170,0.710
95700,0.112,0.153,0.735
95800,0.139,0.140,0.721
95900,0.146,0.126,0.729
96000,0.158,0.110,0.732
96100,0.181,0.105,0.714
96200,0.186,0.116,0.697
96300,0.164,0.126,0.710
96400,0.159,0.136,0.704
96500,0.133,0.144,0.722
96600,0.159,0.146,0.695
96700,0.154,0.146,0.700
96800,0.155,0.151,0.694
96900,0.155,0.157,0.688
97000,0.183,0.143,0.673
97100,0.162,0.140,0.698
97200,0.205,0.145,0.650
97300,0.198,0.139,0.664
97400,0.170,0.157,0.673
97500,0.172,0.148,0.680
97600,0.162,0.155,0.683
97700,0.156,0.153,0.691
97800,0.185,0.137,0.678
97900,0.195,0.136,0.669
98000,0.190,0.167,0.643
98100,0.180,0.160,0.659
98200,0.193,0.161,0.647
98300,0.189,0.165,0.646
98400,0.179,0.169,0.651
98500,0.197,0.149,0.654
98600,0.190,0.166,0.643
98700,0.198,0.148,0.654
98800,0.176,0.157,0.666
98900,0.184,0.153,0.664
99000,0.169,0.146,0.686
99100,0.195,0.160,0.645
99200,0.215,0.150,0.635
99300,0.209,0.131,0.660
99400,0.200,0.122,0.678
99500,0.197,0.112,0.691
99600,0.164,0.148,0.689
99700,0.193,0.144,0.663
99800,0.222,0.144,0.634
99900,0.226,0.132,0.642
100000,0.204,0.153,0.643
