time,n_A+p,n_B,n_AB
100,0.415,0.477,0.108
200,0.374,0.438,0.187
300,0.352,0.391,0.257
400,0.345,0.397,0.258
500,0.350,0.356,0.295
600,0.317,0.364,0.319
700,0.282,0.368,0.350
800,0.305,0.347,0.348
900,0.321,0.322,0.357
1000,0.296,0.342,0.362
1100,0.277,0.340,0.383
1200,0.256,0.320,0.424
1300,0.235,0.318,0.447
1400,0.244,0.329,0.426
1500,0.233,0.308,0.459
1600,0.261,0.264,0.476
1700,0.275,0.248,0.477
1800,0.269,0.239,0.492
1900,0.258,0.238,0.503
2000,0.240,0.237,0.523
2100,0.234,0.253,0.513
2200,0.214,0.257,0.529
2300,0.197,0.260,0.543
2400,0.224,0.233,0.543
2500,0.219,0.235,0.547
2600,0.217,0.231,0.552
2700,0.183,0.291,0.526
2800,0.161,0.287,0.552
2900,0.175,0.281,0.545
3000,0.155,0.254,0.591
3100,0.162,0.250,0.587
3200,0.173,0.242,0.585
3300,0.173,0.220,0.607
3400,0.144,0.261,0.595
3500,0.178,0.230,0.593
3600,0.151,0.246,0.604
3700,0.137,0.275,0.587
3800,0.135,0.272,0.593
3900,0.163,0.262,0.575
4000,0.140,0.249,0.611
4100,0.156,0.263,0.581
4200,0.155,0.265,0.580
4300,0.147,0.288,0.565
4400,0.158,0.296,0.546
4500,0.151,0.270,0.579
4600,0.153,0.265,0.583
4700,0.161,0.248,0.591
4800,0.184,0.246,0.570
4900,0.182,0.228,0.591
5000,0.217,0.207,0.577
5100,0.209,0.210,0.581
5200,0.212,0.216,0.572
5300,0.202,0.207,0.591
5400,0.198,0.205,0.597
5500,0.214,0.207,0.579
5600,0.217,0.205,0.578
5700,0.241,0.202,0.557
5800,0.258,0.183,0.559
5900,0.251,0.173,0.576
6000,0.246,0.177,0.577
6100,0.218,0.194,0.588
6200,0.200,0.194,0.606
6300,0.198,0.189,0.613
6400,0.200,0.217,0.583
6500,0.210,0.217,0.573
6600,0.215,0.208,0.577
6700,0.236,0.192,0.572
6800,0.236,0.176,0.588
6900,0.215,0.205,0.580
7000,0.224,0.177,0.600
7100,0.225,0.212,0.563
7200,0.207,0.205,0.588
7300,0.212,0.198,0.590
7400,0.192,0.206,0.602
7500,0.194,0.228,0.577
7600,0.214,0.212,0.575
7700,0.217,0.220,0.563
7800,0.228,0.208,0.564
7900,0.236,0.203,0.561
8000,0.206,0.180,0.614
8100,0.211,0.197,0.592
8200,0.214,0.221,0.566
8300,0.217,0.219,0.563
8400,0.203,0.261,0.536
8500,0.189,0.261,0.550
8600,0.179,0.253,0.568
8700,0.211,0.223,0.566
8800,0.203,0.214,0.583
8900,0.206,0.222,0.572
9000,0.189,0.207,0.604
9100,0.188,0.210,0.602
9200,0.200,0.208,0.593
9300,0.189,0.206,0.605
9400,0.197,0.198,0.605
9500,0.215,0.180,0.605
9600,0.211,0.182,0.608
9700,0.213,0.192,0.595
9800,0.185,0.192,0.623
9900,0.210,0.188,0.602
10000,0.192,0.219,0.589
10100,0.194,0.198,0.608
10200,0.211,0.187,0.601
10300,0.227,0.175,0.598
10400,0.193,0.203,0.604
10500,0.193,0.207,0.600
10600,0.183,0.226,0.591
10700,0.169,0.253,0.579
10800,0.161,0.235,0.604
10900,0.143,0.276,0.581
11000,0.143,0.261,0.596
11100,0.167,0.254,0.579
11200,0.168,0.240,0.592
11300,0.183,0.244,0.573
11400,0.190,0.233,0.577
11500,0.193,0.238,0.569
11600,0.185,0.251,0.564
11700,0.210,0.232,0.558
11800,0.214,0.222,0.565
11900,0.208,0.242,0.550
12000,0.204,0.228,0.568
12100,0.218,0.218,0.563
12200,0.194,0.250,0.556
12300,0.181,0.244,0.575
12400,0.183,0.246,0.570
12500,0.186,0.235,0.579
12600,0.175,0.231,0.595
12700,0.153,0.250,0.597
12800,0.169,0.226,0.605
12900,0.173,0.230,0.597
13000,0.152,0.235,0.613
13100,0.154,0.242,0.604
13200,0.172,0.236,0.592
13300,0.149,0.276,0.575
13400,0.150,0.264,0.586
13500,0.168,0.274,0.558
13600,0.178,0.263,0.559
13700,0.186,0.265,0.549
13800,0.177,0.256,0.568
13900,0.162,0.271,0.567
14000,0.173,0.249,0.577
14100,0.166,0.243,0.591
14200,0.187,0.253,0.561
14300,0.193,0.239,0.568
14400,0.200,0.232,0.569
14500,0.182,0.237,0.581
14600,0.175,0.224,0.601
14700,0.172,0.226,0.601
14800,0.173,0.235,0.591
14900,0.153,0.266,0.581
15000,0.171,0.248,0.581
15100,0.154,0.233,0.613
15200,0.166,0.205,0.629
15300,0.157,0.196,0.647
15400,0.178,0.208,0.615
15500,0.180,0.200,0.619
15600,0.175,0.215,0.610
15700,0.179,0.205,0.616
15800,0.186,0.189,0.626
15900,0.195,0.173,0.632
16000,0.214,0.162,0.624
16100,0.218,0.159,0.623
16200,0.201,0.175,0.625
16300,0.211,0.167,0.622
16400,0.216,0.144,0.640
16500,0.200,0.137,0.664
16600,0.211,0.140,0.649
16700,0.218,0.134,0.648
16800,0.195,0.176,0.629
16900,0.186,0.162,0.651
17000,0.190,0.191,0.619
17100,0.187,0.195,0.618
17200,0.203,0.176,0.620
17300,0.218,0.159,0.622
17400,0.204,0.173,0.623
17500,0.206,0.191,0.603
17600,0.203,0.160,0.637
17700,0.203,0.175,0.622
17800,0.186,0.195,0.619
17900,0.202,0.182,0.616
18000,0.215,0.156,0.629
18100,0.221,0.145,0.634
18200,0.209,0.157,0.634
18300,0.243,0.153,0.604
18400,0.234,0.166,0.600
18500,0.218,0.160,0.622
18600,0.222,0.160,0.618
18700,0.218,0.176,0.606
18800,0.236,0.168,0.596
18900,0.231,0.176,0.593
19000,0.237,0.161,0.602
19100,0.274,0.146,0.580
19200,0.258,0.175,0.568
19300,0.235,0.169,0.596
19400,0.212,0.173,0.615
19500,0.207,0.192,0.602
19600,0.211,0.200,0.589
19700,0.242,0.179,0.579
19800,0.216,0.187,0.597
19900,0.230,0.188,0.582
20000,0.190,0.229,0.580
20100,0.215,0.194,0.591
20200,0.203,0.215,0.582
20300,0.203,0.237,0.560
20400,0.202,0.231,0.568
20500,0.213,0.190,0.597
20600,0.240,0.172,0.588
20700,0.200,0.187,0.612
20800,0.192,0.196,0.612
20900,0.211,0.177,0.612
21000,0.214,0.175,0.611
21100,0.221,0.183,0.596
21200,0.221,0.203,0.576
21300,0.205,0.192,0.603
21400,0.211,0.181,0.608
21500,0.183,0.195,0.622
21600,0.193,0.203,0.604
21700,0.192,0.190,0.619
21800,0.200,0.178,0.623
21900,0.245,0.143,0.612
22000,0.241,0.134,0.625
22100,0.261,0.133,0.606
22200,0.258,0.115,0.627
22300,0.239,0.133,0.629
22400,0.265,0.126,0.609
22500,0.268,0.130,0.602
22600,0.242,0.136,0.622
22700,0.229,0.138,0.633
22800,0.205,0.161,0.634
22900,0.195,0.167,0.638
23000,0.212,0.180,0.607
23100,0.213,0.184,0.603
23200,0.183,0.207,0.609
23300,0.195,0.182,0.623
23400,0.179,0.181,0.640
23500,0.210,0.206,0.584
23600,0.201,0.205,0.594
23700,0.191,0.193,0.616
23800,0.158,0.199,0.643
23900,0.177,0.190,0.633
24000,0.161,0.208,0.632
24100,0.169,0.193,0.638
24200,0.175,0.189,0.637
24300,0.164,0.179,0.657
24400,0.176,0.172,0.651
24500,0.179,0.189,0.633
24600,0.174,0.216,0.610
24700,0.176,0.204,0.620
24800,0.175,0.215,0.609
24900,0.180,0.225,0.594
25000,0.192,0.196,0.613
25100,0.185,0.190,0.625
25200,0.199,0.154,0.647
25300,0.214,0.157,0.629
25400,0.194,0.152,0.654
25500,0.194,0.159,0.646
25600,0.172,0.176,0.653
25700,0.191,0.185,0.624
25800,0.192,0.186,0.622
25900,0.168,0.191,0.641
26000,0.166,0.193,0.640
26100,0.176,0.212,0.612
26200,0.187,0.190,0.623
26300,0.201,0.196,0.602
26400,0.200,0.192,0.609
26500,0.228,0.175,0.597
26600,0.244,0.174,0.581
26700,0.229,0.171,0.600
26800,0.217,0.190,0.593
26900,0.217,0.182,0.601
27000,0.205,0.205,0.590
27100,0.196,0.221,0.584
27200,0.172,0.211,0.616
27300,0.209,0.203,0.588
27400,0.231,0.229,0.540
27500,0.238,0.218,0.544
27600,0.201,0.218,0.581
27700,0.203,0.219,0.578
27800,0.203,0.235,0.562
27900,0.189,0.208,0.604
28000,0.194,0.211,0.595
28100,0.173,0.193,0.633
28200,0.166,0.205,0.629
28300,0.153,0.221,0.626
28400,0.151,0.205,0.644
28500,0.157,0.214,0.629
28600,0.190,0.216,0.594
28700,0.177,0.215,0.608
28800,0.200,0.214,0.586
28900,0.229,0.200,0.570
29000,0.226,0.225,0.548
29100,0.237,0.219,0.544
29200,0.226,0.228,0.546
29300,0.218,0.225,0.556
29400,0.224,0.214,0.562
29500,0.191,0.204,0.605
29600,0.197,0.200,0.603
29700,0.218,0.185,0.598
29800,0.222,0.179,0.598
29900,0.243,0.159,0.598
30000,0.254,0.164,0.582
30100,0.261,0.165,0.573
30200,0.257,0.176,0.568
30300,0.270,0.152,0.578
30400,0.256,0.156,0.588
30500,0.239,0.164,0.597
30600,0.250,0.210,0.541
30700,0.253,0.226,0.520
30800,0.244,0.226,0.530
30900,0.222,0.222,0.555
31000,0.197,0.251,0.552
31100,0.182,0.250,0.568
31200,0.164,0.244,0.592
31300,0.146,0.256,0.598
31400,0.148,0.278,0.574
31500,0.127,0.267,0.606
31600,0.129,0.253,0.619
31700,0.144,0.235,0.622
31800,0.165,0.226,0.609
31900,0.158,0.217,0.625
32000,0.179,0.190,0.631
32100,0.225,0.166,0.608
32200,0.242,0.177,0.581
32300,0.284,0.159,0.557
32400,0.285,0.157,0.558
32500,0.255,0.174,0.571
32600,0.292,0.158,0.550
32700,0.296,0.147,0.558
32800,0.296,0.171,0.533
32900,0.272,0.166,0.562
33000,0.272,0.162,0.566
33100,0.261,0.142,0.597
33200,0.263,0.146,0.591
33300,0.239,0.185,0.577
33400,0.250,0.165,0.586
33500,0.212,0.167,0.620
33600,0.225,0.163,0.612
33700,0.203,0.167,0.630
33800,0.188,0.177,0.635
33900,0.183,0.194,0.623
34000,0.182,0.206,0.612
34100,0.163,0.207,0.630
34200,0.187,0.211,0.602
34300,0.204,0.212,0.584
34400,0.180,0.228,0.593
34500,0.176,0.232,0.591
34600,0.170,0.232,0.598
34700,0.186,0.246,0.568
34800,0.204,0.239,0.558
34900,0.173,0.232,0.595
35000,0.156,0.257,0.587
35100,0.159,0.253,0.588
35200,0.165,0.243,0.593
35300,0.189,0.243,0.568
35400,0.198,0.224,0.577
35500,0.220,0.217,0.563
35600,0.205,0.262,0.533
35700,0.218,0.239,0.542
35800,0.226,0.211,0.563
35900,0.236,0.204,0.559
36000,0.238,0.203,0.559
36100,0.211,0.226,0.563
36200,0.205,0.235,0.560
36300,0.197,0.230,0.573
36400,0.173,0.242,0.586
36500,0.164,0.242,0.594
36600,0.187,0.227,0.586
36700,0.204,0.203,0.593
36800,0.222,0.176,0.602
36900,0.228,0.176,0.596
37000,0.247,0.164,0.589
37100,0.217,0.178,0.605
37200,0.205,0.200,0.595
37300,0.202,0.209,0.589
37400,0.197,0.236,0.567
37500,0.180,0.249,0.571
37600,0.196,0.229,0.575
37700,0.185,0.219,0.596
37800,0.167,0.226,0.607
37900,0.169,0.232,0.598
38000,0.178,0.254,0.568
38100,0.158,0.279,0.563
38200,0.169,0.254,0.576
38300,0.180,0.265,0.555
38400,0.211,0.250,0.539
38500,0.218,0.246,0.537
38600,0.191,0.250,0.559
38700,0.169,0.258,0.573
38800,0.151,0.251,0.598
38900,0.151,0.260,0.590
39000,0.157,0.264,0.579
39100,0.155,0.282,0.562
39200,0.154,0.276,0.570
39300,0.186,0.251,0.563
39400,0.199,0.224,0.577
39500,0.223,0.226,0.551
39600,0.219,0.215,0.566
39700,0.205,0.205,0.590
39800,0.178,0.214,0.608
39900,0.175,0.251,0.573
40000,0.178,0.242,0.580
40100,0.172,0.256,0.572
40200,0.153,0.258,0.590
40300,0.168,0.247,0.585
40400,0.174,0.258,0.568
40500,0.177,0.251,0.572
40600,0.212,0.237,0.550
40700,0.205,0.237,0.558
40800,0.210,0.248,0.542
40900,0.240,0.224,0.536
41000,0.205,0.244,0.551
41100,0.178,0.222,0.601
41200,0.168,0.248,0.584
41300,0.169,0.260,0.570
41400,0.161,0.253,0.586
41500,0.168,0.258,0.574
41600,0.178,0.259,0.563
41700,0.188,0.272,0.540
41800,0.203,0.254,0.543
41900,0.180,0.249,0.572
42000,0.213,0.226,0.561
42100,0.242,0.207,0.551
42200,0.231,0.185,0.584
42300,0.232,0.178,0.590
42400,0.222,0.178,0.601
42500,0.223,0.214,0.563
42600,0.214,0.228,0.558
42700,0.220,0.217,0.563
42800,0.209,0.205,0.586
42900,0.208,0.214,0.578
43000,0.173,0.196,0.632
43100,0.187,0.215,0.597
43200,0.193,0.194,0.614
43300,0.182,0.205,0.612
43400,0.172,0.232,0.596
43500,0.166,0.229,0.605
43600,0.172,0.230,0.598
43700,0.147,0.233,0.619
43800,0.171,0.254,0.576
43900,0.166,0.257,0.577
44000,0.173,0.241,0.586
44100,0.171,0.247,0.583
44200,0.191,0.222,0.587
44300,0.233,0.198,0.569
44400,0.206,0.187,0.607
44500,0.181,0.203,0.616
44600,0.226,0.196,0.578
44700,0.225,0.198,0.577
44800,0.190,0.218,0.592
44900,0.183,0.229,0.587
45000,0.197,0.183,0.620
45100,0.220,0.154,0.626
45200,0.258,0.158,0.584
45300,0.243,0.186,0.572
45400,0.224,0.180,0.595
45500,0.224,0.172,0.604
45600,0.224,0.164,0.612
45700,0.221,0.183,0.596
45800,0.192,0.205,0.604
45900,0.206,0.212,0.581
46000,0.209,0.244,0.547
46100,0.228,0.226,0.546
46200,0.224,0.242,0.534
46300,0.212,0.264,0.524
46400,0.203,0.254,0.543
46500,0.214,0.238,0.548
46600,0.210,0.210,0.580
46700,0.212,0.211,0.577
46800,0.229,0.207,0.564
46900,0.219,0.183,0.598
47000,0.224,0.165,0.612
47100,0.200,0.186,0.614
47200,0.187,0.214,0.599
47300,0.162,0.232,0.607
47400,0.168,0.251,0.581
47500,0.158,0.257,0.586
47600,0.184,0.235,0.581
47700,0.169,0.232,0.599
47800,0.192,0.212,0.596
47900,0.177,0.236,0.587
48000,0.180,0.229,0.591
48100,0.158,0.211,0.632
48200,0.149,0.222,0.629
48300,0.148,0.212,0.640
48400,0.137,0.211,0.652
48500,0.155,0.196,0.649
48600,0.170,0.172,0.658
48700,0.159,0.173,0.668
48800,0.161,0.181,0.658
48900,0.204,0.180,0.616
49000,0.204,0.166,0.630
49100,0.192,0.162,0.647
49200,0.186,0.169,0.645
49300,0.189,0.165,0.646
49400,0.179,0.185,0.636
49500,0.214,0.178,0.608
49600,0.201,0.175,0.623
49700,0.222,0.171,0.607
49800,0.229,0.170,0.601
49900,0.254,0.155,0.591
50000,0.251,0.144,0.604
50100,0.248,0.148,0.604
50200,0.236,0.132,0.632
50300,0.254,0.136,0.610
50400,0.233,0.133,0.633
50500,0.235,0.122,0.643
50600,0.229,0.140,0.632
50700,0.231,0.133,0.636
50800,0.224,0.138,0.638
50900,0.228,0.129,0.643
51000,0.266,0.122,0.612
51100,0.258,0.133,0.609
51200,0.280,0.135,0.585
51300,0.279,0.136,0.585
51400,0.278,0.151,0.570
51500,0.282,0.164,0.554
51600,0.257,0.169,0.574
51700,0.238,0.157,0.605
51800,0.239,0.153,0.608
51900,0.233,0.138,0.629
52000,0.239,0.141,0.620
52100,0.261,0.159,0.580
52200,0.260,0.154,0.586
52300,0.229,0.154,0.617
52400,0.252,0.148,0.600
52500,0.238,0.153,0.609
52600,0.220,0.171,0.609
52700,0.215,0.179,0.607
52800,0.204,0.196,0.601
52900,0.197,0.204,0.599
53000,0.166,0.231,0.602
53100,0.161,0.232,0.607
53200,0.168,0.254,0.578
53300,0.196,0.239,0.565
53400,0.182,0.218,0.600
53500,0.183,0.215,0.602
53600,0.194,0.234,0.572
53700,0.219,0.208,0.573
53800,0.207,0.209,0.584
53900,0.199,0.231,0.570
54000,0.200,0.214,0.586
54100,0.224,0.196,0.580
54200,0.203,0.182,0.616
54300,0.200,0.173,0.626
54400,0.210,0.187,0.604
54500,0.192,0.173,0.636
54600,0.194,0.181,0.625
54700,0.202,0.167,0.631
54800,0.188,0.180,0.632
54900,0.213,0.183,0.604
55000,0.212,0.178,0.610
55100,0.194,0.188,0.618
55200,0.184,0.197,0.619
55300,0.177,0.182,0.641
55400,0.182,0.179,0.640
55500,0.176,0.176,0.648
55600,0.197,0.188,0.615
55700,0.214,0.182,0.605
55800,0.214,0.176,0.610
55900,0.214,0.162,0.623
56000,0.218,0.139,0.643
56100,0.208,0.140,0.652
56200,0.186,0.160,0.654
56300,0.199,0.169,0.632
56400,0.232,0.164,0.604
56500,0.243,0.144,0.613
56600,0.224,0.172,0.605
56700,0.196,0.183,0.621
56800,0.202,0.211,0.587
56900,0.197,0.194,0.609
57000,0.222,0.182,0.597
57100,0.218,0.169,0.612
57200,0.215,0.159,0.626
57300,0.193,0.173,0.634
57400,0.174,0.178,0.648
57500,0.164,0.189,0.647
57600,0.164,0.194,0.643
57700,0.147,0.190,0.664
57800,0.144,0.204,0.652
57900,0.157,0.210,0.633
58000,0.190,0.201,0.608
58100,0.164,0.192,0.644
58200,0.157,0.196,0.648
58300,0.168,0.174,0.658
58400,0.175,0.183,0.641
58500,0.183,0.156,0.661
58600,0.172,0.164,0.664
58700,0.169,0.155,0.675
58800,0.149,0.158,0.693
58900,0.155,0.180,0.664
59000,0.142,0.183,0.675
59100,0.149,0.193,0.658
59200,0.166,0.168,0.666
59300,0.186,0.182,0.632
59400,0.183,0.170,0.647
59500,0.213,0.165,0.622
59600,0.221,0.143,0.637
59700,0.233,0.143,0.624
59800,0.237,0.137,0.625
59900,0.228,0.129,0.643
60000,0.224,0.125,0.651
60100,0.219,0.132,0.650
60200,0.221,0.141,0.639
60300,0.225,0.145,0.630
60400,0.197,0.163,0.640
60500,0.193,0.175,0.632
60600,0.182,0.210,0.608
60700,0.178,0.188,0.634
60800,0.203,0.178,0.619
60900,0.191,0.184,0.625
61000,0.197,0.192,0.611
61100,0.207,0.190,0.603
61200,0.186,0.175,0.639
61300,0.200,0.162,0.638
61400,0.223,0.154,0.623
61500,0.193,0.180,0.627
61600,0.204,0.169,0.627
61700,0.189,0.187,0.624
61800,0.183,0.183,0.634
61900,0.199,0.184,0.617
62000,0.203,0.173,0.624
62100,0.200,0.187,0.613
62200,0.185,0.193,0.622
62300,0.169,0.210,0.621
62400,0.173,0.203,0.624
62500,0.174,0.220,0.606
62600,0.172,0.217,0.611
62700,0.182,0.211,0.607
62800,0.165,0.240,0.594
62900,0.161,0.232,0.608
63000,0.143,0.257,0.600
63100,0.134,0.250,0.616
63200,0.128,0.263,0.609
63300,0.164,0.237,0.599
63400,0.171,0.232,0.597
63500,0.158,0.219,0.623
63600,0.169,0.217,0.614
63700,0.155,0.212,0.633
63800,0.176,0.211,0.613
63900,0.165,0.214,0.621
64000,0.151,0.208,0.641
64100,0.171,0.187,0.642
64200,0.210,0.186,0.605
64300,0.216,0.201,0.583
64400,0.200,0.181,0.619
64500,0.239,0.197,0.563
64600,0.214,0.182,0.605
64700,0.217,0.167,0.616
64800,0.215,0.168,0.616
64900,0.235,0.169,0.596
65000,0.219,0.189,0.591
65100,0.197,0.183,0.619
65200,0.251,0.179,0.570
65300,0.259,0.162,0.579
65400,0.276,0.163,0.561
65500,0.270,0.173,0.557
65600,0.233,0.189,0.578
65700,0.224,0.201,0.575
65800,0.231,0.181,0.588
65900,0.207,0.177,0.616
66000,0.200,0.183,0.617
66100,0.187,0.226,0.587
66200,0.186,0.219,0.594
66300,0.195,0.250,0.555
66400,0.187,0.246,0.567
66500,0.204,0.228,0.568
66600,0.177,0.217,0.606
66700,0.165,0.237,0.598
66800,0.203,0.240,0.557
66900,0.196,0.255,0.549
67000,0.189,0.271,0.540
67100,0.178,0.274,0.548
67200,0.168,0.254,0.578
67300,0.146,0.247,0.607
67400,0.172,0.224,0.605
67500,0.184,0.226,0.590
67600,0.175,0.232,0.593
67700,0.179,0.243,0.579
67800,0.178,0.225,0.597
67900,0.170,0.245,0.585
68000,0.183,0.227,0.590
68100,0.168,0.219,0.613
68200,0.183,0.226,0.590
68300,0.163,0.229,0.608
68400,0.148,0.220,0.632
68500,0.183,0.197,0.620
68600,0.176,0.217,0.607
68700,0.190,0.211,0.599
68800,0.203,0.199,0.598
68900,0.215,0.200,0.585
69000,0.197,0.197,0.605
69100,0.193,0.189,0.618
69200,0.190,0.205,0.604
69300,0.208,0.212,0.580
69400,0.200,0.207,0.593
69500,0.215,0.197,0.588
69600,0.201,0.198,0.600
69700,0.194,0.187,0.619
69800,0.218,0.200,0.582
69900,0.232,0.200,0.569
70000,0.199,0.190,0.611
70100,0.200,0.196,0.604
70200,0.192,0.214,0.594
70300,0.194,0.208,0.597
70400,0.178,0.222,0.600
70500,0.162,0.231,0.608
70600,0.173,0.218,0.609
70700,0.164,0.217,0.620
70800,0.171,0.210,0.619
70900,0.165,0.208,0.627
71000,0.222,0.183,0.595
71100,0.218,0.194,0.588
71200,0.212,0.181,0.607
71300,0.216,0.182,0.602
71400,0.200,0.211,0.590
71500,0.215,0.215,0.569
71600,0.185,0.213,0.602
71700,0.214,0.208,0.579
71800,0.214,0.183,0.603
71900,0.194,0.178,0.628
72000,0.197,0.166,0.637
72100,0.198,0.186,0.616
72200,0.208,0.166,0.626
72300,0.207,0.165,0.629
72400,0.189,0.155,0.655
72500,0.218,0.173,0.609
72600,0.241,0.185,0.574
72700,0.237,0.176,0.586
72800,0.182,0.183,0.636
72900,0.169,0.233,0.598
73000,0.186,0.207,0.607
73100,0.182,0.222,0.596
73200,0.184,0.233,0.583
73300,0.180,0.242,0.579
73400,0.182,0.250,0.568
73500,0.185,0.245,0.570
73600,0.208,0.237,0.554
73700,0.189,0.207,0.604
73800,0.179,0.224,0.597
73900,0.183,0.225,0.591
74000,0.176,0.215,0.609
74100,0.187,0.208,0.605
74200,0.189,0.215,0.596
74300,0.172,0.227,0.601
74400,0.181,0.203,0.616
74500,0.168,0.215,0.616
74600,0.182,0.207,0.611
74700,0.190,0.234,0.576
74800,0.175,0.253,0.573
74900,0.166,0.255,0.579
75000,0.178,0.225,0.597
75100,0.203,0.221,0.576
75200,0.183,0.212,0.605
75300,0.187,0.233,0.580
75400,0.212,0.217,0.571
75500,0.189,0.237,0.575
75600,0.200,0.225,0.575
75700,0.181,0.245,0.574
75800,0.153,0.256,0.591
75900,0.157,0.304,0.539
76000,0.163,0.283,0.554
76100,0.148,0.281,0.572
76200,0.150,0.244,0.607
76300,0.138,0.249,0.613
76400,0.176,0.233,0.591
76500,0.176,0.241,0.583
76600,0.157,0.257,0.586
76700,0.135,0.256,0.609
76800,0.143,0.261,0.596
76900,0.130,0.256,0.614
77000,0.175,0.230,0.595
77100,0.176,0.233,0.591
77200,0.190,0.221,0.589
77300,0.163,0.215,0.622
77400,0.133,0.210,0.657
77500,0.125,0.221,0.654
77600,0.119,0.230,0.651
77700,0.135,0.240,0.625
77800,0.137,0.261,0.602
77900,0.134,0.265,0.601
78000,0.157,0.234,0.609
78100,0.177,0.201,0.622
78200,0.182,0.200,0.618
78300,0.169,0.204,0.626
78400,0.172,0.200,0.628
78500,0.180,0.194,0.626
78600,0.176,0.216,0.608
78700,0.172,0.200,0.628
78800,0.171,0.213,0.616
78900,0.200,0.202,0.598
79000,0.182,0.216,0.602
79100,0.166,0.233,0.600
79200,0.153,0.268,0.579
79300,0.136,0.280,0.584
79400,0.141,0.264,0.595
79500,0.133,0.266,0.601
79600,0.155,0.257,0.588
79700,0.155,0.227,0.618
79800,0.166,0.219,0.614
79900,0.176,0.215,0.609
80000,0.162,0.207,0.630
80100,0.156,0.218,0.626
80200,0.189,0.228,0.583
80300,0.176,0.224,0.600
80400,0.186,0.212,0.602
80500,0.168,0.218,0.614
80600,0.174,0.215,0.611
80700,0.192,0.201,0.608
80800,0.208,0.165,0.627
80900,0.197,0.196,0.607
81000,0.176,0.184,0.640
81100,0.155,0.217,0.627
81200,0.151,0.228,0.621
81300,0.145,0.211,0.644
81400,0.156,0.215,0.629
81500,0.142,0.242,0.616
81600,0.149,0.226,0.625
81700,0.146,0.249,0.605
81800,0.133,0.273,0.594
81900,0.146,0.242,0.613
82000,0.148,0.254,0.597
82100,0.161,0.235,0.604
82200,0.176,0.224,0.600
82300,0.197,0.223,0.580
82400,0.181,0.214,0.605
82500,0.172,0.244,0.584
82600,0.164,0.262,0.575
82700,0.165,0.265,0.570
82800,0.157,0.267,0.576
82900,0.188,0.249,0.563
83000,0.173,0.273,0.554
83100,0.150,0.285,0.566
83200,0.145,0.278,0.577
83300,0.138,0.274,0.588
83400,0.149,0.256,0.595
83500,0.150,0.249,0.601
83600,0.132,0.255,0.613
83700,0.123,0.275,0.602
83800,0.127,0.278,0.594
83900,0.116,0.292,0.593
84000,0.118,0.283,0.598
84100,0.122,0.297,0.581
84200,0.125,0.291,0.584
84300,0.103,0.300,0.597
84400,0.104,0.338,0.558
84500,0.131,0.288,0.581
84600,0.119,0.288,0.593
84700,0.127,0.284,0.589
84800,0.135,0.251,0.614
84900,0.134,0.248,0.618
85000,0.128,0.248,0.624
85100,0.127,0.239,0.633
85200,0.109,0.275,0.616
85300,0.098,0.293,0.608
85400,0.118,0.282,0.601
85500,0.117,0.274,0.609
85600,0.129,0.245,0.626
85700,0.139,0.244,0.616
85800,0.143,0.229,0.628
85900,0.132,0.251,0.616
86000,0.134,0.236,0.630
86100,0.136,0.220,0.644
86200,0.133,0.203,0.664
86300,0.140,0.201,0.659
86400,0.155,0.212,0.632
86500,0.147,0.196,0.657
86600,0.154,0.189,0.658
86700,0.146,0.189,0.666
86800,0.143,0.207,0.650
86900,0.169,0.183,0.647
87000,0.176,0.173,0.651
87100,0.204,0.176,0.620
87200,0.173,0.189,0.637
87300,0.157,0.192,0.651
87400,0.144,0.214,0.642
87500,0.151,0.194,0.655
87600,0.154,0.211,0.636
87700,0.162,0.202,0.636
87800,0.185,0.187,0.629
87900,0.188,0.164,0.648
88000,0.179,0.173,0.648
88100,0.172,0.180,0.647
88200,0.182,0.178,0.640
88300,0.192,0.178,0.630
88400,0.185,0.195,0.620
88500,0.202,0.173,0.625
88600,0.178,0.192,0.631
88700,0.165,0.194,0.641
88800,0.172,0.187,0.641
88900,0.158,0.181,0.661
89000,0.144,0.202,0.654
89100,0.179,0.189,0.633
89200,0.203,0.171,0.626
89300,0.199,0.169,0.632
89400,0.210,0.169,0.621
89500,0.171,0.166,0.662
89600,0.192,0.182,0.627
89700,0.187,0.171,0.641
89800,0.193,0.172,0.634
89900,0.177,0.171,0.652
90000,0.179,0.158,0.664
90100,0.190,0.138,0.672
90200,0.193,0.157,0.650
90300,0.204,0.152,0.644
90400,0.207,0.191,0.602
90500,0.200,0.204,0.596
90600,0.210,0.197,0.594
90700,0.201,0.191,0.608
90800,0.226,0.162,0.612
90900,0.224,0.154,0.622
91000,0.203,0.151,0.647
91100,0.187,0.185,0.628
91200,0.200,0.196,0.604
91300,0.172,0.200,0.628
91400,0.178,0.194,0.628
91500,0.187,0.196,0.618
91600,0.207,0.175,0.618
91700,0.180,0.185,0.635
91800,0.167,0.216,0.617
91900,0.165,0.173,0.661
92000,0.182,0.159,0.659
92100,0.200,0.139,0.662
92200,0.201,0.153,0.646
92300,0.198,0.159,0.643
92400,0.208,0.161,0.631
92500,0.190,0.155,0.655
92600,0.173,0.168,0.658
92700,0.196,0.164,0.641
92800,0.197,0.172,0.631
92900,0.205,0.160,0.635
93000,0.180,0.180,0.640
93100,0.155,0.182,0.663
93200,0.190,0.159,0.651
93300,0.169,0.175,0.656
93400,0.205,0.194,0.600
93500,0.180,0.180,0.639
93600,0.190,0.184,0.626
93700,0.182,0.205,0.613
93800,0.159,0.233,0.607
93900,0.140,0.230,0.630
94000,0.183,0.213,0.604
94100,0.161,0.232,0.607
94200,0.166,0.238,0.595
94300,0.168,0.235,0.598
94400,0.211,0.211,0.578
94500,0.225,0.192,0.583
94600,0.210,0.193,0.597
94700,0.225,0.186,0.588
94800,0.198,0.183,0.619
94900,0.197,0.187,0.616
95000,0.201,0.190,0.609
95100,0.203,0.198,0.598
95200,0.221,0.182,0.597
95300,0.264,0.148,0.587
95400,0.242,0.130,0.628
95500,0.256,0.116,0.628
95600,0.240,0.144,0.615
95700,0.218,0.144,0.637
95800,0.201,0.170,0.629
95900,0.192,0.158,0.650
96000,0.199,0.151,0.650
96100,0.208,0.157,0.634
96200,0.247,0.133,0.619
96300,0.247,0.130,0.623
96400,0.218,0.148,0.634
96500,0.201,0.147,0.652
96600,0.216,0.123,0.661
96700,0.232,0.125,0.643
96800,0.236,0.128,0.636
96900,0.232,0.118,0.650
97000,0.225,0.112,0.663
97100,0.215,0.145,0.640
97200,0.222,0.160,0.618
97300,0.208,0.170,0.622
97400,0.196,0.179,0.626
97500,0.164,0.194,0.643
97600,0.198,0.176,0.626
97700,0.165,0.187,0.648
97800,0.187,0.182,0.630
97900,0.215,0.155,0.630
98000,0.204,0.157,0.639
98100,0.238,0.135,0.627
98200,0.256,0.143,0.602
98300,0.218,0.163,0.619
98400,0.229,0.173,0.598
98500,0.242,0.165,0.593
98600,0.231,0.172,0.598
98700,0.259,0.143,0.598
98800,0.272,0.161,0.568
98900,0.267,0.144,0.590
99000,0.282,0.130,0.588
99100,0.269,0.129,0.602
99200,0.235,0.154,0.612
99300,0.218,0.175,0.607
99400,0.214,0.158,0.627
99500,0.232,0.166,0.602
99600,0.213,0.164,0.623
99700,0.218,0.148,0.634
99800,0.209,0.153,0.638
99900,0.209,0.158,0.633
100000,0.241,0.139,0.620
