time,n_A+p,n_B,n_AB
100,0.326,0.430,0.244
200,0.260,0.426,0.314
300,0.219,0.388,0.393
400,0.219,0.388,0.393
500,0.223,0.372,0.405
600,0.202,0.384,0.413
700,0.219,0.384,0.397
800,0.169,0.413,0.417
900,0.186,0.372,0.442
1000,0.157,0.380,0.463
1100,0.140,0.351,0.508
1200,0.157,0.368,0.475
1300,0.182,0.380,0.438
1400,0.161,0.380,0.459
1500,0.178,0.318,0.504
1600,0.178,0.347,0.475
1700,0.161,0.331,0.508
1800,0.169,0.368,0.463
1900,0.169,0.430,0.401
2000,0.157,0.430,0.413
2100,0.145,0.463,0.393
2200,0.145,0.421,0.434
2300,0.124,0.438,0.438
2400,0.099,0.413,0.488
2500,0.107,0.471,0.421
2600,0.099,0.471,0.430
2700,0.116,0.455,0.430
2800,0.107,0.492,0.401
2900,0.087,0.463,0.450
3000,0.091,0.463,0.446
3100,0.103,0.479,0.417
3200,0.107,0.463,0.430
3300,0.079,0.471,0.450
3400,0.066,0.479,0.455
3500,0.107,0.512,0.380
3600,0.120,0.537,0.343
3700,0.095,0.533,0.372
3800,0.079,0.500,0.421
3900,0.099,0.475,0.426
4000,0.103,0.467,0.430
4100,0.095,0.463,0.442
4200,0.087,0.471,0.442
4300,0.120,0.504,0.376
4400,0.120,0.512,0.368
4500,0.099,0.529,0.372
4600,0.095,0.504,0.401
4700,0.107,0.488,0.405
4800,0.112,0.521,0.368
4900,0.099,0.525,0.376
5000,0.107,0.554,0.339
5100,0.116,0.537,0.347
5200,0.112,0.579,0.310
5300,0.091,0.628,0.281
5400,0.083,0.574,0.343
5500,0.062,0.607,0.331
5600,0.070,0.620,0.310
5700,0.037,0.624,0.339
5800,0.033,0.620,0.347
5900,0.033,0.678,0.289
6000,0.041,0.698,0.260
6100,0.025,0.682,0.293
6200,0.037,0.665,0.298
6300,0.058,0.653,0.289
6400,0.058,0.649,0.293
6500,0.058,0.694,0.248
6600,0.045,0.632,0.322
6700,0.037,0.636,0.326
6800,0.021,0.723,0.256
6900,0.021,0.682,0.298
7000,0.008,0.661,0.331
7100,0.008,0.702,0.289
7200,0.008,0.731,0.260
7300,0.000,0.752,0.248
7400,0.008,0.744,0.248
7500,0.008,0.777,0.215
7600,0.004,0.843,0.153
7700,0.008,0.818,0.174
7800,0.012,0.831,0.157
7900,0.004,0.843,0.153
8000,0.004,0.864,0.132
8100,0.004,0.880,0.116
8200,0.004,0.893,0.103
8300,0.004,0.913,0.083
8400,0.004,0.938,0.058
8500,0.004,0.946,0.050
8600,0.004,0.950,0.045
8700,0.000,0.963,0.037
8800,0.000,0.946,0.054
8900,0.000,0.930,0.070
9000,0.004,0.901,0.095
9100,0.000,0.893,0.107
9200,0.000,0.913,0.087
9300,0.000,0.917,0.083
9400,0.000,0.897,0.103
9500,0.000,0.905,0.095
9600,0.000,0.938,0.062
9700,0.000,0.946,0.054
9800,0.000,0.967,0.033
9900,0.000,0.975,0.025
10000,0.000,0.975,0.025
10100,0.000,0.983,0.017
10200,0.000,0.975,0.025
10300,0.000,0.959,0.041
10400,0.000,0.967,0.033
10500,0.000,0.967,0.033
10600,0.000,0.963,0.037
10700,0.000,0.971,0.029
10800,0.000,0.979,0.021
10900,0.000,0.971,0.029
11000,0.000,0.979,0.021
11100,0.000,0.983,0.017
11200,0.000,0.992,0.008
11300,0.000,0.996,0.004
11400,0.000,0.996,0.004
11500,0.000,0.992,0.008
11600,0.000,0.992,0.008
11700,0.000,0.988,0.012
11800,0.000,0.979,0.021
11900,0.000,0.979,0.021
12000,0.000,0.988,0.012
12100,0.000,0.983,0.017
12200,0.000,0.979,0.021
12300,0.000,0.988,0.012
12400,0.000,0.988,0.012
12500,0.000,0.988,0.012
12600,0.000,0.992,0.008
12700,0.000,0.996,0.004
12800,0.000,0.996,0.004
12900,0.000,0.996,0.004
13000,0.000,0.996,0.004
13100,0.000,0.996,0.004
13200,0.000,0.996,0.004
13300,0.000,0.996,0.004
13400,0.000,0.996,0.004
13500,0.000,0.996,0.004
13600,0.000,0.992,0.008
13700,0.000,0.992,0.008
13800,0.000,0.996,0.004
13900,0.000,1.000,0.000
