time,n_A+p,n_B,n_AB
100,0.385,0.468,0.147
200,0.339,0.459,0.202
300,0.327,0.419,0.254
400,0.327,0.391,0.281
500,0.291,0.394,0.315
600,0.269,0.422,0.309
700,0.263,0.443,0.294
800,0.294,0.425,0.281
900,0.284,0.453,0.263
1000,0.321,0.425,0.254
1100,0.336,0.428,0.235
1200,0.336,0.468,0.196
1300,0.309,0.453,0.239
1400,0.321,0.462,0.217
1500,0.278,0.453,0.269
1600,0.281,0.434,0.284
1700,0.272,0.498,0.229
1800,0.245,0.517,0.239
1900,0.214,0.557,0.229
2000,0.214,0.566,0.220
2100,0.208,0.557,0.235
2200,0.211,0.584,0.205
2300,0.193,0.615,0.193
2400,0.190,0.618,0.193
2500,0.159,0.639,0.202
2600,0.153,0.670,0.177
2700,0.122,0.682,0.196
2800,0.110,0.706,0.183
2900,0.098,0.734,0.168
3000,0.086,0.737,0.177
3100,0.098,0.746,0.156
3200,0.086,0.752,0.162
3300,0.067,0.798,0.135
3400,0.061,0.829,0.110
3500,0.061,0.835,0.104
3600,0.043,0.862,0.095
3700,0.034,0.853,0.113
3800,0.031,0.865,0.104
3900,0.024,0.878,0.098
4000,0.021,0.884,0.095
4100,0.024,0.890,0.086
4200,0.018,0.908,0.073
4300,0.018,0.933,0.049
4400,0.003,0.942,0.055
4500,0.006,0.954,0.040
4600,0.006,0.963,0.031
4700,0.006,0.960,0.034
4800,0.003,0.972,0.024
4900,0.003,0.972,0.024
5000,0.003,0.982,0.015
5100,0.003,0.985,0.012
5200,0.003,0.985,0.012
5300,0.003,0.985,0.012
5400,0.003,0.991,0.006
5500,0.003,0.994,0.003
5600,0.003,0.994,0.003
5700,0.003,0.994,0.003
5800,0.003,0.991,0.006
5900,0.000,0.994,0.006
6000,0.000,0.997,0.003
6100,0.000,0.997,0.003
6200,0.000,0.997,0.003
6300,0.000,0.997,0.003
6400,0.000,1.000,0.000
