time,n_A+p,n_B,n_AB
0,0.010,0.990,0.000
500,0.010,0.948,0.042
1000,0.010,0.897,0.093
1500,0.010,0.863,0.127
2000,0.010,0.888,0.102
2500,0.010,0.878,0.112
3000,0.010,0.840,0.150
3500,0.010,0.845,0.145
4000,0.012,0.831,0.157
4500,0.012,0.841,0.148
5000,0.012,0.785,0.203
5500,0.013,0.770,0.217
6000,0.013,0.764,0.223
6500,0.012,0.754,0.233
7000,0.010,0.747,0.243
7500,0.010,0.764,0.226
8000,0.011,0.766,0.223
8500,0.012,0.746,0.242
9000,0.012,0.747,0.241
9500,0.013,0.705,0.282
10000,0.012,0.701,0.287
10500,0.010,0.737,0.253
11000,0.013,0.795,0.193
11500,0.010,0.765,0.225
12000,0.010,0.762,0.228
12500,0.010,0.786,0.204
13000,0.010,0.805,0.185
13500,0.010,0.807,0.183
14000,0.010,0.782,0.208
14500,0.012,0.758,0.229
15000,0.013,0.708,0.278
15500,0.012,0.758,0.229
16000,0.011,0.761,0.228
16500,0.012,0.714,0.274
17000,0.011,0.696,0.293
17500,0.011,0.714,0.275
18000,0.010,0.692,0.297
18500,0.012,0.704,0.284
19000,0.010,0.757,0.233
19500,0.010,0.671,0.319
20000,0.012,0.676,0.313
20500,0.015,0.686,0.299
21000,0.015,0.671,0.315
21500,0.013,0.611,0.377
22000,0.012,0.581,0.406
22500,0.014,0.614,0.372
23000,0.011,0.618,0.371
23500,0.012,0.565,0.423
24000,0.011,0.571,0.418
24500,0.013,0.575,0.412
25000,0.017,0.535,0.448
25500,0.016,0.555,0.429
26000,0.016,0.584,0.399
26500,0.019,0.626,0.355
27000,0.014,0.654,0.332
27500,0.013,0.665,0.321
28000,0.015,0.570,0.415
28500,0.017,0.572,0.412
29000,0.013,0.605,0.381
29500,0.014,0.644,0.342
30000,0.014,0.615,0.371
30500,0.012,0.636,0.352
31000,0.015,0.649,0.336
31500,0.013,0.647,0.339
32000,0.013,0.556,0.430
32500,0.012,0.590,0.399
33000,0.018,0.617,0.365
33500,0.019,0.576,0.406
34000,0.017,0.546,0.437
34500,0.014,0.551,0.435
35000,0.013,0.608,0.379
35500,0.015,0.627,0.359
36000,0.013,0.620,0.367
36500,0.016,0.582,0.402
37000,0.015,0.628,0.357
37500,0.015,0.581,0.404
38000,0.014,0.618,0.368
38500,0.016,0.648,0.336
39000,0.015,0.653,0.333
39500,0.010,0.612,0.378
40000,0.016,0.567,0.417
40500,0.016,0.533,0.451
41000,0.020,0.517,0.463
41500,0.015,0.554,0.431
42000,0.016,0.560,0.424
42500,0.020,0.545,0.434
43000,0.024,0.506,0.470
43500,0.016,0.509,0.475
44000,0.023,0.464,0.513
44500,0.024,0.447,0.529
45000,0.022,0.470,0.508
45500,0.018,0.432,0.550
46000,0.022,0.445,0.533
46500,0.030,0.454,0.516
47000,0.024,0.477,0.499
47500,0.020,0.475,0.505
48000,0.019,0.506,0.475
48500,0.020,0.474,0.506
49000,0.021,0.538,0.441
49500,0.019,0.523,0.458
50000,0.017,0.530,0.453
50500,0.021,0.546,0.433
51000,0.018,0.555,0.427
51500,0.018,0.519,0.463
52000,0.019,0.517,0.464
52500,0.017,0.592,0.391
53000,0.018,0.582,0.400
53500,0.016,0.584,0.400
54000,0.020,0.533,0.447
54500,0.020,0.545,0.434
55000,0.015,0.524,0.461
55500,0.017,0.535,0.448
56000,0.015,0.589,0.396
56500,0.016,0.639,0.345
57000,0.016,0.632,0.352
57500,0.016,0.610,0.374
58000,0.015,0.626,0.359
58500,0.015,0.636,0.350
59000,0.016,0.689,0.296
59500,0.012,0.659,0.329
60000,0.012,0.671,0.318
60500,0.012,0.701,0.287
61000,0.012,0.654,0.334
61500,0.014,0.609,0.377
62000,0.016,0.615,0.368
62500,0.012,0.676,0.313
63000,0.012,0.710,0.278
63500,0.013,0.712,0.275
64000,0.012,0.694,0.295
64500,0.012,0.675,0.313
65000,0.013,0.675,0.312
65500,0.013,0.653,0.334
66000,0.015,0.595,0.389
66500,0.019,0.561,0.420
67000,0.015,0.609,0.376
67500,0.013,0.602,0.385
68000,0.019,0.609,0.373
68500,0.017,0.545,0.438
69000,0.017,0.572,0.411
69500,0.018,0.611,0.371
70000,0.017,0.590,0.392
70500,0.018,0.607,0.375
71000,0.015,0.594,0.392
71500,0.012,0.645,0.343
72000,0.013,0.623,0.364
72500,0.013,0.610,0.377
73000,0.013,0.634,0.353
73500,0.013,0.627,0.360
74000,0.015,0.610,0.375
74500,0.018,0.623,0.359
75000,0.024,0.576,0.400
75500,0.018,0.552,0.430
76000,0.020,0.586,0.395
76500,0.018,0.612,0.370
77000,0.019,0.595,0.386
77500,0.017,0.550,0.432
78000,0.019,0.586,0.395
78500,0.019,0.603,0.378
79000,0.020,0.628,0.352
79500,0.016,0.673,0.310
80000,0.017,0.680,0.303
80500,0.017,0.617,0.366
81000,0.015,0.671,0.315
81500,0.014,0.619,0.367
82000,0.017,0.614,0.369
82500,0.019,0.628,0.353
83000,0.015,0.677,0.308
83500,0.013,0.689,0.297
84000,0.013,0.577,0.410
84500,0.016,0.615,0.369
85000,0.016,0.647,0.337
85500,0.013,0.632,0.356
86000,0.013,0.636,0.351
86500,0.013,0.617,0.370
87000,0.016,0.605,0.380
87500,0.012,0.688,0.300
88000,0.016,0.641,0.343
88500,0.013,0.606,0.381
89000,0.019,0.591,0.389
89500,0.019,0.579,0.402
90000,0.015,0.622,0.363
90500,0.012,0.638,0.350
91000,0.012,0.643,0.345
91500,0.012,0.679,0.308
92000,0.012,0.668,0.320
92500,0.012,0.644,0.344
93000,0.013,0.637,0.350
93500,0.012,0.634,0.354
94000,0.014,0.686,0.300
94500,0.016,0.665,0.319
95000,0.016,0.664,0.321
95500,0.016,0.619,0.365
96000,0.014,0.625,0.361
96500,0.016,0.656,0.328
97000,0.015,0.625,0.360
97500,0.023,0.576,0.402
98000,0.020,0.506,0.474
98500,0.025,0.501,0.474
99000,0.027,0.437,0.536
99500,0.020,0.452,0.528
100000,0.019,0.518,0.463
100500,0.017,0.510,0.472
101000,0.015,0.553,0.432
101500,0.017,0.550,0.433
102000,0.018,0.616,0.366
102500,0.017,0.630,0.353
103000,0.015,0.672,0.313
103500,0.016,0.671,0.313
104000,0.013,0.676,0.311
104500,0.014,0.726,0.260
105000,0.013,0.709,0.278
105500,0.012,0.728,0.260
106000,0.012,0.746,0.243
106500,0.014,0.722,0.264
107000,0.014,0.678,0.308
107500,0.015,0.639,0.347
108000,0.012,0.653,0.335
108500,0.012,0.672,0.315
109000,0.010,0.672,0.318
109500,0.014,0.631,0.355
110000,0.013,0.705,0.282
110500,0.012,0.673,0.315
111000,0.015,0.726,0.260
111500,0.017,0.665,0.318
112000,0.015,0.669,0.317
112500,0.015,0.659,0.327
113000,0.016,0.644,0.340
113500,0.016,0.686,0.298
114000,0.012,0.671,0.317
114500,0.013,0.643,0.343
115000,0.014,0.584,0.402
115500,0.013,0.637,0.349
116000,0.013,0.707,0.281
116500,0.012,0.740,0.247
117000,0.013,0.716,0.271
117500,0.011,0.728,0.261
118000,0.012,0.696,0.293
118500,0.015,0.696,0.289
119000,0.017,0.691,0.292
119500,0.012,0.751,0.237
120000,0.013,0.740,0.247
120500,0.013,0.742,0.245
121000,0.012,0.744,0.244
121500,0.010,0.740,0.249
122000,0.010,0.757,0.233
122500,0.010,0.793,0.197
123000,0.010,0.788,0.203
123500,0.018,0.735,0.247
124000,0.012,0.695,0.293
124500,0.010,0.723,0.267
125000,0.011,0.717,0.272
125500,0.012,0.644,0.344
126000,0.014,0.612,0.374
126500,0.012,0.615,0.373
127000,0.012,0.660,0.328
127500,0.013,0.669,0.317
128000,0.014,0.634,0.352
128500,0.013,0.602,0.384
129000,0.013,0.626,0.361
129500,0.013,0.612,0.375
130000,0.015,0.679,0.306
130500,0.011,0.672,0.317
131000,0.015,0.664,0.322
131500,0.013,0.646,0.341
132000,0.013,0.665,0.322
132500,0.012,0.663,0.325
133000,0.016,0.629,0.354
133500,0.020,0.598,0.382
134000,0.020,0.633,0.346
134500,0.018,0.626,0.356
135000,0.015,0.616,0.369
135500,0.015,0.626,0.359
136000,0.013,0.646,0.341
136500,0.022,0.568,0.411
137000,0.020,0.566,0.413
137500,0.020,0.569,0.411
138000,0.018,0.535,0.447
138500,0.018,0.507,0.475
139000,0.017,0.527,0.456
139500,0.020,0.510,0.470
140000,0.033,0.513,0.454
140500,0.027,0.554,0.419
141000,0.029,0.578,0.393
141500,0.017,0.600,0.384
142000,0.013,0.662,0.325
142500,0.012,0.594,0.393
143000,0.013,0.618,0.369
143500,0.015,0.643,0.342
144000,0.016,0.609,0.375
144500,0.014,0.623,0.363
145000,0.015,0.669,0.317
145500,0.014,0.625,0.361
146000,0.016,0.689,0.295
146500,0.013,0.673,0.313
147000,0.015,0.657,0.329
147500,0.013,0.698,0.288
148000,0.015,0.719,0.266
148500,0.016,0.671,0.314
149000,0.016,0.653,0.331
149500,0.013,0.683,0.304
150000,0.013,0.635,0.352
150500,0.015,0.701,0.283
151000,0.014,0.664,0.322
151500,0.016,0.661,0.323
152000,0.016,0.651,0.334
152500,0.017,0.650,0.332
153000,0.017,0.633,0.350
153500,0.016,0.634,0.350
154000,0.013,0.684,0.303
154500,0.017,0.612,0.371
155000,0.016,0.598,0.386
155500,0.015,0.632,0.353
156000,0.015,0.614,0.371
156500,0.015,0.550,0.435
157000,0.016,0.600,0.384
157500,0.013,0.655,0.332
158000,0.015,0.641,0.344
158500,0.010,0.678,0.312
159000,0.010,0.724,0.266
159500,0.011,0.726,0.263
160000,0.013,0.653,0.334
160500,0.013,0.620,0.367
161000,0.013,0.661,0.326
161500,0.012,0.647,0.341
162000,0.012,0.687,0.301
162500,0.012,0.671,0.317
163000,0.011,0.613,0.376
163500,0.013,0.586,0.401
164000,0.016,0.617,0.367
164500,0.013,0.603,0.384
165000,0.012,0.590,0.398
165500,0.012,0.610,0.378
166000,0.015,0.549,0.437
166500,0.019,0.520,0.460
167000,0.016,0.615,0.368
167500,0.017,0.636,0.347
168000,0.013,0.605,0.382
168500,0.013,0.581,0.406
169000,0.016,0.559,0.425
169500,0.022,0.536,0.442
170000,0.017,0.532,0.451
170500,0.012,0.568,0.420
171000,0.012,0.593,0.395
171500,0.010,0.686,0.304
172000,0.011,0.662,0.327
172500,0.012,0.622,0.366
173000,0.016,0.658,0.326
173500,0.018,0.627,0.355
174000,0.016,0.608,0.377
174500,0.014,0.633,0.353
175000,0.012,0.672,0.316
175500,0.012,0.673,0.315
176000,0.016,0.653,0.331
176500,0.012,0.663,0.325
177000,0.015,0.623,0.363
177500,0.014,0.577,0.409
178000,0.020,0.624,0.356
178500,0.017,0.571,0.412
179000,0.020,0.598,0.382
179500,0.014,0.674,0.312
180000,0.012,0.687,0.300
180500,0.015,0.665,0.320
181000,0.012,0.695,0.293
181500,0.010,0.638,0.352
182000,0.012,0.645,0.343
182500,0.012,0.639,0.349
183000,0.015,0.693,0.292
183500,0.015,0.664,0.321
184000,0.012,0.646,0.342
184500,0.012,0.630,0.359
185000,0.012,0.589,0.399
185500,0.015,0.581,0.405
186000,0.014,0.597,0.389
186500,0.012,0.602,0.386
187000,0.016,0.574,0.410
187500,0.016,0.555,0.430
188000,0.015,0.587,0.398
188500,0.013,0.590,0.397
189000,0.012,0.599,0.389
189500,0.015,0.595,0.390
190000,0.012,0.673,0.314
190500,0.010,0.710,0.280
191000,0.012,0.687,0.301
191500,0.012,0.624,0.364
192000,0.012,0.616,0.372
192500,0.014,0.634,0.352
193000,0.016,0.634,0.350
193500,0.012,0.572,0.416
194000,0.014,0.654,0.332
194500,0.010,0.715,0.275
195000,0.010,0.702,0.288
195500,0.011,0.692,0.297
196000,0.017,0.672,0.311
196500,0.016,0.622,0.361
197000,0.017,0.597,0.386
197500,0.016,0.618,0.366
198000,0.014,0.604,0.382
198500,0.017,0.594,0.389
199000,0.015,0.635,0.350
199500,0.015,0.640,0.346
200000,0.014,0.669,0.317
200500,0.012,0.672,0.315
201000,0.012,0.711,0.277
201500,0.015,0.696,0.290
202000,0.014,0.676,0.310
202500,0.015,0.658,0.327
203000,0.015,0.653,0.333
203500,0.017,0.610,0.373
204000,0.015,0.588,0.396
204500,0.016,0.626,0.358
205000,0.013,0.639,0.348
205500,0.013,0.683,0.304
206000,0.010,0.693,0.297
206500,0.010,0.718,0.272
207000,0.010,0.718,0.272
207500,0.012,0.719,0.269
208000,0.010,0.686,0.304
208500,0.012,0.672,0.316
209000,0.015,0.630,0.355
209500,0.012,0.685,0.303
210000,0.015,0.696,0.289
210500,0.013,0.742,0.246
211000,0.010,0.711,0.278
211500,0.011,0.707,0.282
212000,0.012,0.710,0.278
212500,0.012,0.675,0.313
213000,0.015,0.657,0.329
213500,0.016,0.614,0.370
214000,0.015,0.615,0.370
214500,0.013,0.594,0.393
215000,0.026,0.527,0.448
215500,0.016,0.530,0.454
216000,0.012,0.592,0.396
216500,0.013,0.628,0.359
217000,0.019,0.572,0.409
217500,0.018,0.602,0.380
218000,0.015,0.551,0.434
218500,0.022,0.589,0.389
219000,0.022,0.545,0.433
219500,0.017,0.566,0.417
220000,0.016,0.587,0.397
220500,0.014,0.593,0.393
221000,0.017,0.629,0.354
221500,0.018,0.669,0.313
222000,0.017,0.662,0.321
222500,0.015,0.607,0.379
223000,0.015,0.599,0.386
223500,0.016,0.566,0.418
224000,0.011,0.597,0.392
224500,0.019,0.597,0.384
225000,0.020,0.573,0.407
225500,0.030,0.591,0.380
226000,0.024,0.533,0.442
226500,0.026,0.490,0.484
227000,0.023,0.491,0.486
227500,0.017,0.481,0.502
228000,0.021,0.466,0.513
228500,0.031,0.452,0.516
229000,0.028,0.451,0.521
229500,0.023,0.492,0.484
230000,0.024,0.566,0.410
230500,0.019,0.573,0.408
231000,0.020,0.533,0.446
231500,0.033,0.480,0.487
232000,0.027,0.479,0.494
232500,0.023,0.490,0.487
233000,0.024,0.472,0.503
233500,0.031,0.432,0.536
234000,0.038,0.430,0.533
234500,0.031,0.460,0.509
235000,0.030,0.400,0.570
235500,0.029,0.456,0.515
236000,0.030,0.490,0.480
236500,0.023,0.510,0.467
237000,0.017,0.550,0.432
237500,0.017,0.590,0.393
238000,0.016,0.578,0.406
238500,0.026,0.523,0.451
239000,0.024,0.435,0.541
239500,0.023,0.487,0.490
240000,0.031,0.442,0.526
240500,0.027,0.442,0.531
241000,0.024,0.456,0.519
241500,0.026,0.535,0.439
242000,0.020,0.618,0.362
242500,0.017,0.629,0.354
243000,0.017,0.659,0.324
243500,0.019,0.644,0.337
244000,0.016,0.672,0.313
244500,0.015,0.679,0.306
245000,0.013,0.634,0.353
245500,0.013,0.646,0.341
246000,0.019,0.524,0.457
246500,0.021,0.573,0.406
247000,0.016,0.527,0.456
247500,0.020,0.526,0.455
248000,0.022,0.538,0.440
248500,0.023,0.571,0.406
249000,0.022,0.611,0.368
249500,0.019,0.641,0.340
250000,0.017,0.615,0.367
250500,0.015,0.617,0.368
251000,0.016,0.591,0.393
251500,0.020,0.563,0.417
252000,0.023,0.551,0.426
252500,0.020,0.523,0.457
253000,0.018,0.539,0.443
253500,0.017,0.597,0.385
254000,0.017,0.540,0.444
254500,0.017,0.519,0.464
255000,0.017,0.636,0.347
255500,0.019,0.601,0.380
256000,0.017,0.577,0.406
256500,0.014,0.601,0.385
257000,0.017,0.570,0.413
257500,0.016,0.588,0.396
258000,0.015,0.597,0.389
258500,0.020,0.586,0.395
259000,0.017,0.577,0.406
259500,0.014,0.605,0.381
260000,0.015,0.572,0.414
260500,0.016,0.541,0.444
261000,0.016,0.556,0.428
261500,0.016,0.578,0.406
262000,0.013,0.647,0.340
262500,0.012,0.650,0.338
263000,0.013,0.585,0.402
263500,0.016,0.586,0.399
264000,0.012,0.589,0.399
264500,0.013,0.557,0.430
265000,0.014,0.604,0.382
265500,0.014,0.583,0.403
266000,0.016,0.574,0.410
266500,0.013,0.608,0.378
267000,0.012,0.616,0.372
267500,0.014,0.652,0.334
268000,0.014,0.632,0.354
268500,0.017,0.611,0.372
269000,0.013,0.618,0.370
269500,0.012,0.676,0.313
270000,0.011,0.619,0.370
270500,0.010,0.623,0.367
271000,0.020,0.602,0.378
271500,0.019,0.632,0.350
272000,0.015,0.623,0.363
272500,0.015,0.732,0.253
273000,0.013,0.779,0.208
273500,0.012,0.765,0.223
274000,0.010,0.725,0.265
274500,0.010,0.718,0.272
275000,0.012,0.686,0.302
275500,0.010,0.704,0.285
276000,0.013,0.680,0.307
276500,0.012,0.689,0.299
277000,0.012,0.721,0.267
277500,0.010,0.682,0.308
278000,0.010,0.662,0.327
278500,0.010,0.683,0.307
279000,0.011,0.655,0.334
279500,0.010,0.743,0.247
280000,0.013,0.721,0.266
280500,0.012,0.644,0.343
281000,0.015,0.619,0.366
281500,0.018,0.618,0.364
282000,0.020,0.515,0.466
282500,0.019,0.566,0.414
283000,0.017,0.535,0.448
283500,0.013,0.595,0.392
284000,0.013,0.658,0.329
284500,0.012,0.650,0.338
285000,0.012,0.705,0.282
285500,0.012,0.727,0.261
286000,0.015,0.651,0.334
286500,0.016,0.661,0.324
287000,0.013,0.672,0.315
287500,0.013,0.711,0.276
288000,0.014,0.618,0.368
288500,0.015,0.633,0.352
289000,0.013,0.596,0.391
289500,0.015,0.614,0.372
290000,0.016,0.616,0.368
290500,0.012,0.579,0.410
291000,0.015,0.637,0.349
291500,0.015,0.587,0.398
292000,0.016,0.609,0.375
292500,0.013,0.629,0.357
293000,0.017,0.553,0.430
293500,0.020,0.538,0.441
294000,0.017,0.551,0.432
294500,0.017,0.596,0.387
295000,0.015,0.664,0.321
295500,0.018,0.615,0.367
296000,0.017,0.627,0.356
296500,0.013,0.677,0.310
297000,0.011,0.591,0.398
297500,0.011,0.636,0.353
298000,0.012,0.726,0.263
298500,0.013,0.755,0.232
299000,0.012,0.775,0.212
299500,0.011,0.705,0.284
300000,0.011,0.692,0.297
300500,0.013,0.689,0.299
301000,0.013,0.637,0.350
301500,0.018,0.606,0.376
302000,0.016,0.647,0.337
302500,0.013,0.634,0.353
303000,0.012,0.654,0.334
303500,0.013,0.642,0.345
304000,0.011,0.703,0.286
304500,0.011,0.686,0.303
305000,0.012,0.685,0.303
305500,0.012,0.688,0.300
306000,0.012,0.704,0.285
306500,0.010,0.735,0.255
307000,0.013,0.747,0.239
307500,0.013,0.750,0.237
308000,0.010,0.744,0.246
308500,0.014,0.717,0.269
309000,0.010,0.750,0.240
309500,0.012,0.757,0.231
310000,0.013,0.734,0.253
310500,0.010,0.670,0.320
311000,0.013,0.757,0.231
311500,0.010,0.735,0.255
312000,0.011,0.750,0.239
312500,0.012,0.730,0.258
313000,0.013,0.744,0.242
313500,0.011,0.768,0.221
314000,0.015,0.747,0.239
314500,0.013,0.711,0.276
315000,0.015,0.654,0.331
315500,0.017,0.707,0.275
316000,0.015,0.727,0.258
316500,0.012,0.782,0.205
317000,0.015,0.732,0.253
317500,0.012,0.735,0.254
318000,0.011,0.751,0.238
318500,0.013,0.704,0.283
319000,0.012,0.643,0.345
319500,0.012,0.622,0.367
320000,0.014,0.620,0.366
320500,0.012,0.623,0.364
321000,0.013,0.625,0.361
321500,0.012,0.653,0.335
322000,0.010,0.687,0.302
322500,0.013,0.642,0.345
323000,0.010,0.708,0.282
323500,0.015,0.680,0.306
324000,0.022,0.624,0.354
324500,0.016,0.661,0.324
325000,0.017,0.633,0.350
325500,0.019,0.623,0.359
326000,0.015,0.625,0.360
326500,0.014,0.674,0.312
327000,0.013,0.680,0.307
327500,0.013,0.687,0.299
328000,0.012,0.776,0.212
328500,0.014,0.700,0.286
329000,0.015,0.667,0.318
329500,0.013,0.640,0.347
330000,0.016,0.638,0.346
330500,0.016,0.614,0.370
331000,0.018,0.621,0.361
331500,0.013,0.650,0.337
332000,0.013,0.661,0.327
332500,0.014,0.625,0.361
333000,0.014,0.624,0.362
333500,0.017,0.572,0.411
334000,0.019,0.533,0.449
334500,0.020,0.533,0.446
335000,0.015,0.512,0.473
335500,0.016,0.554,0.430
336000,0.019,0.554,0.428
336500,0.019,0.601,0.380
337000,0.019,0.583,0.398
337500,0.013,0.620,0.366
338000,0.015,0.584,0.402
338500,0.016,0.623,0.360
339000,0.013,0.614,0.374
339500,0.012,0.653,0.335
340000,0.013,0.703,0.285
340500,0.012,0.711,0.276
341000,0.012,0.680,0.308
341500,0.015,0.611,0.374
342000,0.016,0.650,0.334
342500,0.016,0.653,0.332
343000,0.015,0.662,0.324
343500,0.013,0.653,0.334
344000,0.016,0.632,0.353
344500,0.022,0.555,0.424
345000,0.020,0.561,0.420
345500,0.017,0.576,0.407
346000,0.013,0.580,0.407
346500,0.013,0.623,0.363
347000,0.013,0.695,0.292
347500,0.013,0.713,0.274
348000,0.012,0.630,0.357
348500,0.012,0.698,0.290
349000,0.011,0.682,0.307
349500,0.014,0.699,0.287
350000,0.012,0.629,0.359
350500,0.020,0.556,0.424
351000,0.022,0.554,0.424
351500,0.019,0.556,0.425
352000,0.022,0.517,0.461
352500,0.022,0.530,0.449
353000,0.024,0.501,0.474
353500,0.019,0.566,0.416
354000,0.020,0.575,0.406
354500,0.017,0.584,0.399
355000,0.017,0.627,0.356
355500,0.015,0.640,0.346
356000,0.012,0.662,0.325
356500,0.012,0.684,0.304
357000,0.015,0.622,0.363
357500,0.016,0.597,0.386
358000,0.011,0.669,0.320
358500,0.013,0.605,0.382
359000,0.016,0.583,0.401
359500,0.019,0.563,0.418
360000,0.015,0.602,0.383
360500,0.018,0.613,0.369
361000,0.015,0.562,0.423
361500,0.016,0.602,0.382
362000,0.019,0.616,0.365
362500,0.016,0.620,0.364
363000,0.013,0.645,0.342
363500,0.014,0.647,0.339
364000,0.014,0.673,0.313
364500,0.014,0.681,0.305
365000,0.012,0.728,0.261
365500,0.012,0.700,0.289
366000,0.012,0.644,0.344
366500,0.010,0.621,0.368
367000,0.016,0.651,0.332
367500,0.012,0.664,0.324
368000,0.013,0.641,0.346
368500,0.012,0.648,0.340
369000,0.013,0.693,0.294
369500,0.010,0.637,0.353
370000,0.012,0.633,0.355
370500,0.016,0.561,0.424
371000,0.019,0.575,0.406
371500,0.014,0.620,0.366
372000,0.012,0.583,0.406
372500,0.018,0.557,0.425
373000,0.012,0.521,0.467
373500,0.011,0.600,0.389
374000,0.012,0.629,0.359
374500,0.010,0.647,0.343
375000,0.013,0.587,0.400
375500,0.014,0.569,0.417
376000,0.013,0.584,0.402
376500,0.019,0.575,0.407
377000,0.015,0.619,0.366
377500,0.012,0.627,0.361
378000,0.010,0.653,0.337
378500,0.012,0.622,0.366
379000,0.012,0.662,0.325
379500,0.012,0.676,0.312
380000,0.016,0.653,0.332
380500,0.013,0.661,0.326
381000,0.015,0.662,0.323
381500,0.013,0.687,0.300
382000,0.012,0.668,0.320
382500,0.010,0.713,0.276
383000,0.012,0.767,0.221
383500,0.010,0.788,0.201
384000,0.010,0.763,0.227
384500,0.010,0.735,0.255
385000,0.012,0.757,0.231
385500,0.015,0.729,0.256
386000,0.013,0.670,0.317
386500,0.014,0.629,0.357
387000,0.012,0.719,0.269
387500,0.010,0.788,0.201
388000,0.010,0.721,0.268
388500,0.010,0.752,0.237
389000,0.011,0.731,0.258
389500,0.014,0.708,0.278
390000,0.013,0.735,0.252
390500,0.014,0.711,0.275
391000,0.013,0.701,0.286
391500,0.013,0.714,0.272
392000,0.016,0.703,0.282
392500,0.013,0.689,0.298
393000,0.013,0.676,0.310
393500,0.013,0.615,0.372
394000,0.019,0.623,0.358
394500,0.020,0.616,0.364
395000,0.015,0.632,0.353
395500,0.015,0.625,0.361
396000,0.015,0.669,0.316
396500,0.012,0.643,0.345
397000,0.015,0.637,0.348
397500,0.021,0.558,0.421
398000,0.016,0.565,0.419
398500,0.023,0.525,0.452
399000,0.024,0.516,0.460
399500,0.024,0.492,0.484
400000,0.017,0.546,0.437
400500,0.019,0.573,0.409
401000,0.015,0.612,0.373
401500,0.016,0.632,0.353
402000,0.013,0.584,0.402
402500,0.016,0.562,0.423
403000,0.026,0.540,0.434
403500,0.019,0.587,0.395
404000,0.016,0.563,0.421
404500,0.015,0.581,0.404
405000,0.015,0.588,0.397
405500,0.015,0.636,0.349
406000,0.014,0.693,0.293
406500,0.015,0.665,0.321
407000,0.014,0.687,0.299
407500,0.016,0.652,0.332
408000,0.014,0.644,0.342
408500,0.012,0.612,0.375
409000,0.017,0.572,0.411
409500,0.028,0.535,0.437
410000,0.017,0.568,0.416
410500,0.017,0.619,0.364
411000,0.016,0.608,0.376
411500,0.016,0.604,0.380
412000,0.016,0.579,0.406
412500,0.014,0.548,0.438
413000,0.017,0.552,0.431
413500,0.020,0.566,0.414
414000,0.015,0.625,0.360
414500,0.023,0.540,0.437
415000,0.016,0.555,0.429
415500,0.014,0.580,0.406
416000,0.013,0.625,0.363
416500,0.012,0.648,0.339
417000,0.013,0.658,0.329
417500,0.013,0.663,0.324
418000,0.011,0.693,0.296
418500,0.012,0.690,0.298
419000,0.012,0.648,0.341
419500,0.012,0.638,0.350
420000,0.012,0.629,0.359
420500,0.016,0.609,0.375
421000,0.018,0.567,0.415
421500,0.015,0.564,0.421
422000,0.016,0.618,0.366
422500,0.016,0.579,0.405
423000,0.015,0.604,0.381
423500,0.014,0.577,0.409
424000,0.017,0.572,0.410
424500,0.016,0.593,0.392
425000,0.019,0.602,0.380
425500,0.018,0.610,0.372
426000,0.013,0.649,0.338
426500,0.016,0.652,0.332
427000,0.015,0.669,0.317
427500,0.015,0.674,0.311
428000,0.021,0.647,0.332
428500,0.019,0.556,0.425
429000,0.014,0.587,0.399
429500,0.017,0.587,0.395
430000,0.013,0.617,0.370
430500,0.017,0.634,0.349
431000,0.018,0.657,0.325
431500,0.019,0.636,0.346
432000,0.017,0.640,0.342
432500,0.015,0.657,0.328
433000,0.012,0.683,0.304
433500,0.013,0.689,0.299
434000,0.014,0.693,0.293
434500,0.015,0.693,0.292
435000,0.015,0.692,0.293
435500,0.015,0.698,0.287
436000,0.014,0.717,0.269
436500,0.015,0.711,0.275
437000,0.015,0.722,0.264
437500,0.013,0.732,0.255
438000,0.013,0.664,0.323
438500,0.013,0.642,0.345
439000,0.016,0.664,0.320
439500,0.016,0.657,0.327
440000,0.013,0.669,0.318
440500,0.012,0.692,0.296
441000,0.014,0.678,0.308
441500,0.013,0.603,0.384
442000,0.015,0.644,0.341
442500,0.014,0.582,0.404
443000,0.012,0.658,0.330
443500,0.011,0.674,0.315
444000,0.015,0.663,0.322
444500,0.013,0.710,0.276
445000,0.014,0.693,0.293
445500,0.013,0.715,0.272
446000,0.013,0.668,0.319
446500,0.012,0.674,0.314
447000,0.013,0.625,0.361
447500,0.016,0.636,0.348
448000,0.015,0.620,0.366
448500,0.017,0.581,0.402
449000,0.015,0.632,0.353
449500,0.013,0.687,0.299
450000,0.014,0.685,0.301
450500,0.013,0.634,0.352
451000,0.015,0.601,0.384
451500,0.015,0.616,0.369
452000,0.015,0.663,0.322
452500,0.011,0.618,0.371
453000,0.014,0.585,0.401
453500,0.014,0.587,0.399
454000,0.017,0.558,0.425
454500,0.020,0.592,0.388
455000,0.016,0.627,0.357
455500,0.016,0.598,0.386
456000,0.014,0.571,0.415
456500,0.014,0.616,0.370
457000,0.012,0.637,0.351
457500,0.014,0.659,0.327
458000,0.013,0.603,0.384
458500,0.013,0.626,0.361
459000,0.012,0.655,0.333
459500,0.011,0.671,0.318
460000,0.010,0.692,0.298
460500,0.010,0.668,0.322
461000,0.010,0.721,0.268
461500,0.010,0.688,0.302
462000,0.012,0.633,0.355
462500,0.015,0.632,0.353
463000,0.012,0.641,0.347
463500,0.013,0.586,0.400
464000,0.014,0.623,0.363
464500,0.012,0.590,0.398
465000,0.017,0.639,0.343
465500,0.015,0.662,0.324
466000,0.012,0.653,0.335
466500,0.013,0.595,0.392
467000,0.015,0.615,0.371
467500,0.013,0.555,0.432
468000,0.012,0.540,0.449
468500,0.019,0.559,0.423
469000,0.013,0.525,0.462
469500,0.012,0.530,0.458
470000,0.012,0.565,0.423
470500,0.013,0.637,0.350
471000,0.010,0.616,0.373
471500,0.013,0.657,0.329
472000,0.013,0.596,0.391
472500,0.019,0.607,0.374
473000,0.016,0.616,0.368
473500,0.019,0.626,0.356
474000,0.019,0.635,0.346
474500,0.016,0.643,0.341
475000,0.021,0.592,0.387
475500,0.015,0.593,0.393
476000,0.016,0.623,0.360
476500,0.017,0.575,0.409
477000,0.015,0.572,0.413
477500,0.024,0.487,0.490
478000,0.032,0.468,0.500
478500,0.032,0.443,0.525
479000,0.036,0.431,0.533
479500,0.034,0.382,0.583
480000,0.028,0.405,0.568
480500,0.030,0.471,0.499
481000,0.029,0.440,0.531
481500,0.026,0.508,0.467
482000,0.030,0.467,0.503
482500,0.026,0.461,0.513
483000,0.025,0.492,0.483
483500,0.017,0.576,0.407
484000,0.023,0.568,0.409
484500,0.020,0.564,0.416
485000,0.016,0.560,0.424
485500,0.020,0.499,0.481
486000,0.021,0.536,0.444
486500,0.023,0.487,0.490
487000,0.026,0.516,0.458
487500,0.020,0.574,0.406
488000,0.020,0.477,0.502
488500,0.022,0.530,0.448
489000,0.021,0.494,0.485
489500,0.018,0.554,0.428
490000,0.019,0.536,0.445
490500,0.016,0.611,0.373
491000,0.015,0.622,0.363
491500,0.015,0.569,0.416
492000,0.015,0.619,0.366
492500,0.017,0.604,0.379
493000,0.019,0.579,0.402
493500,0.020,0.598,0.381
494000,0.020,0.559,0.421
494500,0.020,0.588,0.391
495000,0.017,0.614,0.370
495500,0.015,0.587,0.398
496000,0.017,0.579,0.403
496500,0.012,0.583,0.405
497000,0.016,0.540,0.444
497500,0.015,0.515,0.470
498000,0.017,0.524,0.459
498500,0.018,0.513,0.469
499000,0.015,0.565,0.420
499500,0.014,0.580,0.406
500000,0.017,0.625,0.357
500500,0.015,0.645,0.341
501000,0.014,0.655,0.331
501500,0.015,0.627,0.358
502000,0.013,0.612,0.375
502500,0.013,0.592,0.395
503000,0.016,0.623,0.361
503500,0.014,0.607,0.380
504000,0.014,0.559,0.427
504500,0.016,0.605,0.380
505000,0.016,0.625,0.360
505500,0.015,0.580,0.405
506000,0.016,0.650,0.334
506500,0.017,0.599,0.384
507000,0.013,0.614,0.374
507500,0.013,0.614,0.373
508000,0.013,0.642,0.345
508500,0.015,0.623,0.362
509000,0.015,0.590,0.395
509500,0.016,0.590,0.393
510000,0.017,0.611,0.371
510500,0.013,0.604,0.384
511000,0.012,0.615,0.373
511500,0.013,0.693,0.294
512000,0.012,0.675,0.313
512500,0.011,0.679,0.310
513000,0.010,0.670,0.320
513500,0.010,0.708,0.282
514000,0.012,0.761,0.228
514500,0.012,0.718,0.270
515000,0.011,0.739,0.250
515500,0.010,0.749,0.240
516000,0.010,0.725,0.265
516500,0.011,0.712,0.277
517000,0.014,0.684,0.302
517500,0.013,0.636,0.351
518000,0.013,0.683,0.304
518500,0.013,0.739,0.248
519000,0.015,0.691,0.295
519500,0.014,0.650,0.336
520000,0.017,0.593,0.390
520500,0.015,0.627,0.359
521000,0.015,0.603,0.382
521500,0.014,0.579,0.407
522000,0.011,0.611,0.378
522500,0.012,0.658,0.329
523000,0.014,0.650,0.336
523500,0.016,0.613,0.371
524000,0.020,0.566,0.414
524500,0.021,0.504,0.475
525000,0.023,0.477,0.501
525500,0.019,0.494,0.487
526000,0.019,0.552,0.429
526500,0.017,0.536,0.448
527000,0.014,0.523,0.463
527500,0.015,0.538,0.447
528000,0.013,0.587,0.400
528500,0.013,0.630,0.357
529000,0.015,0.573,0.412
529500,0.019,0.551,0.431
530000,0.023,0.561,0.416
530500,0.019,0.602,0.379
531000,0.022,0.588,0.390
531500,0.019,0.583,0.399
532000,0.021,0.549,0.430
532500,0.024,0.563,0.413
533000,0.019,0.531,0.450
533500,0.018,0.557,0.425
534000,0.023,0.540,0.437
534500,0.026,0.537,0.437
535000,0.021,0.577,0.402
535500,0.020,0.592,0.388
536000,0.017,0.603,0.380
536500,0.017,0.602,0.381
537000,0.013,0.653,0.334
537500,0.013,0.645,0.342
538000,0.015,0.611,0.374
538500,0.014,0.711,0.275
539000,0.013,0.728,0.259
539500,0.012,0.700,0.289
540000,0.014,0.680,0.306
540500,0.013,0.710,0.277
541000,0.012,0.755,0.233
541500,0.012,0.699,0.289
542000,0.012,0.648,0.341
542500,0.012,0.603,0.385
543000,0.014,0.648,0.338
543500,0.012,0.631,0.357
544000,0.014,0.629,0.357
544500,0.010,0.651,0.339
545000,0.015,0.649,0.336
545500,0.012,0.678,0.310
546000,0.013,0.732,0.255
546500,0.013,0.713,0.274
547000,0.015,0.680,0.305
547500,0.012,0.669,0.319
548000,0.014,0.675,0.311
548500,0.014,0.673,0.313
549000,0.013,0.747,0.239
549500,0.012,0.767,0.221
550000,0.016,0.686,0.299
550500,0.019,0.668,0.313
551000,0.017,0.671,0.312
551500,0.016,0.678,0.307
552000,0.015,0.687,0.298
552500,0.016,0.633,0.351
553000,0.011,0.628,0.361
553500,0.017,0.661,0.322
554000,0.015,0.643,0.343
554500,0.013,0.653,0.334
555000,0.012,0.692,0.296
555500,0.013,0.744,0.243
556000,0.010,0.726,0.264
556500,0.010,0.709,0.281
557000,0.010,0.731,0.259
557500,0.012,0.764,0.224
558000,0.013,0.713,0.274
558500,0.012,0.707,0.281
559000,0.010,0.781,0.208
559500,0.010,0.760,0.230
560000,0.010,0.747,0.243
560500,0.010,0.749,0.241
561000,0.013,0.722,0.264
561500,0.011,0.693,0.296
562000,0.012,0.739,0.249
562500,0.011,0.683,0.306
563000,0.011,0.715,0.274
563500,0.010,0.724,0.267
564000,0.015,0.684,0.302
564500,0.012,0.702,0.286
565000,0.012,0.737,0.251
565500,0.013,0.684,0.303
566000,0.011,0.653,0.336
566500,0.010,0.666,0.324
567000,0.010,0.654,0.336
567500,0.012,0.667,0.321
568000,0.012,0.636,0.352
568500,0.012,0.610,0.378
569000,0.015,0.690,0.295
569500,0.012,0.673,0.315
570000,0.012,0.698,0.290
570500,0.012,0.684,0.304
571000,0.013,0.646,0.342
571500,0.015,0.637,0.348
572000,0.015,0.634,0.351
572500,0.015,0.627,0.359
573000,0.015,0.570,0.415
573500,0.016,0.594,0.391
574000,0.018,0.584,0.398
574500,0.018,0.533,0.449
575000,0.019,0.611,0.370
575500,0.018,0.588,0.394
576000,0.015,0.589,0.396
576500,0.022,0.555,0.424
577000,0.017,0.586,0.397
577500,0.019,0.622,0.359
578000,0.013,0.622,0.365
578500,0.018,0.601,0.381
579000,0.017,0.634,0.349
579500,0.017,0.671,0.313
580000,0.014,0.690,0.296
580500,0.012,0.655,0.332
581000,0.012,0.643,0.346
581500,0.012,0.633,0.355
582000,0.011,0.633,0.356
582500,0.012,0.669,0.319
583000,0.013,0.678,0.308
583500,0.013,0.616,0.370
584000,0.011,0.622,0.367
584500,0.013,0.617,0.370
585000,0.014,0.658,0.328
585500,0.011,0.724,0.265
586000,0.010,0.712,0.278
586500,0.012,0.732,0.256
587000,0.012,0.671,0.317
587500,0.013,0.591,0.395
588000,0.016,0.579,0.405
588500,0.014,0.584,0.402
589000,0.014,0.545,0.441
589500,0.013,0.599,0.388
590000,0.015,0.592,0.393
590500,0.015,0.620,0.366
591000,0.013,0.570,0.417
591500,0.013,0.589,0.398
592000,0.013,0.619,0.368
592500,0.013,0.671,0.316
593000,0.012,0.651,0.338
593500,0.012,0.636,0.352
594000,0.011,0.643,0.346
594500,0.012,0.658,0.330
595000,0.015,0.607,0.379
595500,0.015,0.653,0.333
596000,0.012,0.653,0.335
596500,0.016,0.659,0.325
597000,0.015,0.581,0.405
597500,0.015,0.614,0.371
598000,0.020,0.583,0.397
598500,0.023,0.535,0.442
599000,0.018,0.580,0.402
599500,0.026,0.501,0.473
600000,0.022,0.501,0.477
600500,0.025,0.518,0.457
601000,0.024,0.459,0.517
601500,0.023,0.473,0.503
602000,0.020,0.575,0.405
602500,0.018,0.584,0.398
603000,0.016,0.563,0.421
603500,0.020,0.566,0.414
604000,0.016,0.559,0.425
604500,0.015,0.586,0.399
605000,0.022,0.541,0.437
605500,0.024,0.552,0.424
606000,0.022,0.548,0.430
606500,0.019,0.544,0.437
607000,0.019,0.601,0.381
607500,0.016,0.572,0.412
608000,0.020,0.521,0.459
608500,0.024,0.533,0.443
609000,0.020,0.549,0.431
609500,0.017,0.586,0.398
610000,0.016,0.579,0.405
610500,0.017,0.571,0.412
611000,0.020,0.607,0.373
611500,0.026,0.559,0.416
612000,0.023,0.563,0.414
612500,0.019,0.547,0.434
613000,0.017,0.611,0.372
613500,0.015,0.579,0.406
614000,0.020,0.604,0.375
614500,0.017,0.650,0.334
615000,0.017,0.682,0.300
615500,0.016,0.630,0.354
616000,0.014,0.645,0.341
616500,0.014,0.674,0.312
617000,0.012,0.623,0.364
617500,0.012,0.680,0.308
618000,0.013,0.688,0.299
618500,0.013,0.646,0.341
619000,0.016,0.671,0.314
619500,0.016,0.608,0.376
620000,0.016,0.639,0.345
620500,0.015,0.659,0.326
621000,0.015,0.636,0.349
621500,0.015,0.679,0.307
622000,0.013,0.668,0.318
622500,0.013,0.640,0.347
623000,0.012,0.674,0.314
623500,0.014,0.696,0.290
624000,0.017,0.593,0.390
624500,0.015,0.598,0.387
625000,0.015,0.620,0.365
625500,0.015,0.664,0.321
626000,0.014,0.637,0.349
626500,0.014,0.625,0.361
627000,0.017,0.591,0.392
627500,0.017,0.576,0.407
628000,0.016,0.576,0.409
628500,0.015,0.567,0.419
629000,0.018,0.639,0.343
629500,0.016,0.615,0.369
630000,0.016,0.591,0.393
630500,0.017,0.528,0.455
631000,0.017,0.608,0.375
631500,0.017,0.593,0.389
632000,0.017,0.539,0.444
632500,0.018,0.581,0.400
633000,0.013,0.615,0.372
633500,0.016,0.592,0.392
634000,0.015,0.595,0.390
634500,0.019,0.587,0.394
635000,0.013,0.625,0.361
635500,0.014,0.668,0.318
636000,0.013,0.640,0.346
636500,0.013,0.677,0.310
637000,0.015,0.654,0.331
637500,0.015,0.643,0.343
638000,0.014,0.692,0.294
638500,0.014,0.712,0.274
639000,0.012,0.631,0.357
639500,0.013,0.661,0.326
640000,0.010,0.711,0.279
640500,0.010,0.757,0.233
641000,0.013,0.778,0.210
641500,0.015,0.755,0.231
642000,0.013,0.681,0.306
642500,0.015,0.655,0.329
643000,0.016,0.676,0.308
643500,0.012,0.736,0.252
644000,0.011,0.759,0.230
644500,0.011,0.724,0.265
645000,0.011,0.741,0.248
645500,0.015,0.699,0.286
646000,0.011,0.775,0.214
646500,0.012,0.765,0.224
647000,0.012,0.734,0.254
647500,0.013,0.765,0.221
648000,0.012,0.777,0.211
648500,0.010,0.812,0.178
649000,0.010,0.796,0.194
649500,0.010,0.792,0.198
650000,0.010,0.799,0.192
650500,0.010,0.789,0.200
651000,0.010,0.794,0.196
651500,0.011,0.750,0.239
652000,0.010,0.783,0.207
652500,0.011,0.742,0.247
653000,0.012,0.712,0.276
653500,0.012,0.680,0.308
654000,0.017,0.656,0.327
654500,0.015,0.696,0.289
655000,0.017,0.643,0.340
655500,0.016,0.629,0.355
656000,0.015,0.604,0.381
656500,0.013,0.593,0.395
657000,0.019,0.597,0.385
657500,0.019,0.622,0.359
658000,0.015,0.658,0.327
658500,0.015,0.632,0.353
659000,0.015,0.646,0.339
659500,0.015,0.632,0.353
660000,0.017,0.590,0.393
660500,0.021,0.568,0.411
661000,0.016,0.602,0.382
661500,0.018,0.540,0.442
662000,0.014,0.618,0.368
662500,0.018,0.580,0.402
663000,0.017,0.583,0.400
663500,0.019,0.564,0.417
664000,0.015,0.545,0.441
664500,0.012,0.603,0.385
665000,0.011,0.612,0.377
665500,0.010,0.650,0.339
666000,0.011,0.687,0.302
666500,0.015,0.664,0.321
667000,0.018,0.665,0.317
667500,0.015,0.661,0.324
668000,0.014,0.648,0.338
668500,0.011,0.644,0.345
669000,0.013,0.694,0.293
669500,0.014,0.614,0.373
670000,0.014,0.601,0.385
670500,0.013,0.700,0.287
671000,0.012,0.730,0.258
671500,0.011,0.715,0.274
672000,0.012,0.735,0.253
672500,0.012,0.733,0.255
673000,0.011,0.734,0.255
673500,0.013,0.679,0.308
674000,0.013,0.679,0.307
674500,0.012,0.642,0.346
675000,0.013,0.651,0.335
675500,0.015,0.626,0.360
676000,0.012,0.597,0.391
676500,0.013,0.593,0.393
677000,0.013,0.609,0.377
677500,0.012,0.603,0.385
678000,0.012,0.590,0.398
678500,0.011,0.615,0.374
679000,0.013,0.618,0.369
679500,0.012,0.630,0.359
680000,0.010,0.648,0.342
680500,0.011,0.680,0.309
681000,0.010,0.698,0.292
681500,0.013,0.659,0.328
682000,0.013,0.608,0.378
682500,0.013,0.667,0.320
683000,0.014,0.623,0.363
683500,0.012,0.576,0.413
684000,0.019,0.565,0.417
684500,0.017,0.565,0.417
685000,0.018,0.553,0.429
685500,0.017,0.569,0.414
686000,0.015,0.573,0.412
686500,0.016,0.614,0.370
687000,0.016,0.578,0.406
687500,0.015,0.616,0.370
688000,0.013,0.630,0.356
688500,0.014,0.601,0.385
689000,0.013,0.578,0.409
689500,0.015,0.516,0.470
690000,0.015,0.515,0.471
690500,0.020,0.506,0.474
691000,0.020,0.502,0.478
691500,0.020,0.551,0.429
692000,0.019,0.559,0.422
692500,0.014,0.598,0.388
693000,0.015,0.597,0.388
693500,0.014,0.636,0.350
694000,0.016,0.702,0.282
694500,0.013,0.712,0.275
695000,0.012,0.701,0.287
695500,0.012,0.679,0.308
696000,0.015,0.609,0.377
696500,0.015,0.594,0.391
697000,0.017,0.506,0.477
697500,0.016,0.571,0.413
698000,0.015,0.568,0.417
698500,0.015,0.541,0.444
699000,0.019,0.513,0.467
699500,0.016,0.531,0.453
700000,0.017,0.541,0.442
700500,0.015,0.632,0.353
701000,0.015,0.602,0.383
701500,0.016,0.614,0.370
702000,0.013,0.629,0.359
702500,0.017,0.643,0.339
703000,0.014,0.574,0.412
703500,0.017,0.594,0.389
704000,0.015,0.587,0.398
704500,0.015,0.569,0.417
705000,0.013,0.572,0.414
705500,0.014,0.605,0.381
706000,0.015,0.579,0.406
706500,0.017,0.597,0.386
707000,0.015,0.571,0.414
707500,0.015,0.591,0.395
708000,0.013,0.602,0.385
708500,0.014,0.598,0.388
709000,0.012,0.587,0.400
709500,0.013,0.639,0.348
710000,0.014,0.616,0.370
710500,0.013,0.590,0.397
711000,0.019,0.617,0.364
711500,0.022,0.602,0.375
712000,0.013,0.656,0.331
712500,0.018,0.602,0.380
713000,0.013,0.577,0.410
713500,0.014,0.613,0.373
714000,0.013,0.559,0.427
714500,0.016,0.577,0.407
715000,0.016,0.604,0.381
715500,0.019,0.551,0.430
716000,0.015,0.508,0.478
716500,0.022,0.516,0.462
717000,0.017,0.521,0.462
717500,0.015,0.593,0.392
718000,0.015,0.563,0.422
718500,0.015,0.593,0.392
719000,0.015,0.608,0.378
719500,0.012,0.576,0.413
720000,0.019,0.616,0.365
720500,0.017,0.614,0.368
721000,0.015,0.655,0.331
721500,0.012,0.650,0.338
722000,0.016,0.563,0.421
722500,0.015,0.536,0.449
723000,0.018,0.490,0.492
723500,0.012,0.561,0.428
724000,0.016,0.547,0.437
724500,0.019,0.570,0.411
725000,0.020,0.616,0.363
725500,0.017,0.593,0.389
726000,0.019,0.586,0.395
726500,0.017,0.564,0.419
727000,0.017,0.566,0.417
727500,0.015,0.559,0.426
728000,0.018,0.578,0.404
728500,0.014,0.554,0.432
729000,0.016,0.619,0.365
729500,0.016,0.625,0.360
730000,0.020,0.551,0.429
730500,0.019,0.551,0.430
731000,0.016,0.551,0.434
731500,0.017,0.614,0.369
732000,0.017,0.576,0.407
732500,0.018,0.566,0.416
733000,0.023,0.527,0.449
733500,0.019,0.558,0.423
734000,0.016,0.590,0.393
734500,0.014,0.571,0.415
735000,0.019,0.541,0.440
735500,0.018,0.569,0.413
736000,0.018,0.563,0.419
736500,0.017,0.578,0.405
737000,0.015,0.672,0.313
737500,0.012,0.614,0.374
738000,0.017,0.637,0.346
738500,0.015,0.647,0.338
739000,0.016,0.602,0.381
739500,0.020,0.566,0.414
740000,0.019,0.531,0.449
740500,0.015,0.569,0.416
741000,0.012,0.591,0.397
741500,0.015,0.620,0.365
742000,0.015,0.624,0.361
742500,0.017,0.566,0.417
743000,0.017,0.568,0.414
743500,0.017,0.581,0.402
744000,0.016,0.539,0.445
744500,0.017,0.591,0.391
745000,0.016,0.623,0.361
745500,0.015,0.600,0.385
746000,0.014,0.649,0.337
746500,0.014,0.661,0.325
747000,0.015,0.667,0.318
747500,0.013,0.690,0.297
748000,0.013,0.708,0.279
748500,0.012,0.716,0.272
749000,0.012,0.713,0.275
749500,0.011,0.664,0.325
750000,0.013,0.601,0.385
750500,0.017,0.622,0.361
751000,0.015,0.613,0.373
751500,0.014,0.647,0.339
752000,0.014,0.662,0.324
752500,0.019,0.657,0.324
753000,0.020,0.604,0.376
753500,0.017,0.648,0.335
754000,0.022,0.618,0.360
754500,0.017,0.643,0.339
755000,0.015,0.651,0.335
755500,0.019,0.624,0.357
756000,0.017,0.544,0.439
756500,0.017,0.572,0.411
757000,0.015,0.599,0.386
757500,0.019,0.593,0.388
758000,0.017,0.540,0.443
758500,0.017,0.579,0.404
759000,0.014,0.630,0.356
759500,0.014,0.665,0.321
760000,0.012,0.703,0.285
760500,0.016,0.691,0.293
761000,0.019,0.669,0.313
761500,0.013,0.670,0.317
762000,0.010,0.734,0.256
762500,0.010,0.779,0.210
763000,0.010,0.746,0.244
763500,0.013,0.748,0.239
764000,0.012,0.714,0.275
764500,0.013,0.703,0.285
765000,0.019,0.625,0.356
765500,0.016,0.607,0.377
766000,0.017,0.639,0.344
766500,0.013,0.665,0.322
767000,0.012,0.656,0.332
767500,0.014,0.674,0.312
768000,0.013,0.633,0.354
768500,0.011,0.697,0.292
769000,0.012,0.701,0.287
769500,0.015,0.679,0.306
770000,0.014,0.668,0.318
770500,0.015,0.632,0.354
771000,0.012,0.690,0.298
771500,0.016,0.597,0.387
772000,0.022,0.599,0.380
772500,0.017,0.551,0.431
773000,0.015,0.600,0.385
773500,0.014,0.618,0.368
774000,0.013,0.643,0.343
774500,0.013,0.647,0.341
775000,0.012,0.685,0.303
775500,0.012,0.692,0.296
776000,0.012,0.678,0.310
776500,0.013,0.667,0.320
777000,0.017,0.627,0.356
777500,0.013,0.646,0.341
778000,0.019,0.608,0.373
778500,0.015,0.563,0.422
779000,0.013,0.579,0.407
779500,0.014,0.609,0.377
780000,0.020,0.582,0.398
780500,0.019,0.535,0.446
781000,0.019,0.531,0.450
781500,0.026,0.551,0.423
782000,0.020,0.602,0.378
782500,0.020,0.556,0.424
783000,0.019,0.622,0.359
783500,0.018,0.657,0.325
784000,0.016,0.641,0.343
784500,0.015,0.743,0.242
785000,0.013,0.729,0.258
785500,0.015,0.740,0.245
786000,0.016,0.694,0.290
786500,0.016,0.642,0.342
787000,0.016,0.685,0.300
787500,0.014,0.701,0.285
788000,0.011,0.661,0.328
788500,0.010,0.692,0.297
789000,0.012,0.623,0.365
789500,0.013,0.654,0.332
790000,0.012,0.630,0.359
790500,0.012,0.651,0.337
791000,0.012,0.647,0.341
791500,0.014,0.633,0.353
792000,0.013,0.644,0.343
792500,0.018,0.593,0.389
793000,0.014,0.616,0.370
793500,0.015,0.619,0.367
794000,0.015,0.674,0.311
794500,0.014,0.717,0.269
795000,0.014,0.718,0.268
795500,0.013,0.709,0.278
796000,0.015,0.677,0.308
796500,0.013,0.678,0.308
797000,0.014,0.637,0.349
797500,0.012,0.644,0.343
798000,0.013,0.605,0.382
798500,0.014,0.634,0.352
799000,0.013,0.560,0.427
799500,0.017,0.567,0.416
800000,0.018,0.567,0.415
800500,0.014,0.570,0.416
801000,0.014,0.542,0.444
801500,0.012,0.521,0.467
802000,0.015,0.593,0.393
802500,0.020,0.570,0.409
803000,0.015,0.630,0.354
803500,0.018,0.595,0.386
