time,n_A+p,n_B,n_AB
500,0.050,0.630,0.320
1000,0.050,0.460,0.490
1500,0.050,0.348,0.602
2000,0.057,0.232,0.712
2500,0.064,0.241,0.696
3000,0.054,0.173,0.772
3500,0.086,0.172,0.743
4000,0.064,0.218,0.718
4500,0.059,0.268,0.673
5000,0.058,0.192,0.750
5500,0.076,0.161,0.763
6000,0.073,0.180,0.746
6500,0.096,0.115,0.789
7000,0.245,0.019,0.736
7500,0.477,0.002,0.522
8000,0.534,0.000,0.466
8500,0.649,0.000,0.351
9000,0.705,0.000,0.295
9500,0.790,0.000,0.210
10000,0.745,0.000,0.255
10500,0.747,0.000,0.253
11000,0.769,0.000,0.231
11500,0.823,0.000,0.177
12000,0.770,0.000,0.230
12500,0.803,0.000,0.197
13000,0.742,0.000,0.258
13500,0.765,0.000,0.235
14000,0.731,0.000,0.269
14500,0.729,0.000,0.271
15000,0.722,0.000,0.278
15500,0.670,0.000,0.330
16000,0.690,0.000,0.310
16500,0.711,0.000,0.289
17000,0.757,0.000,0.243
17500,0.780,0.000,0.220
18000,0.820,0.000,0.180
18500,0.757,0.000,0.243
19000,0.796,0.000,0.204
19500,0.819,0.000,0.181
20000,0.877,0.000,0.123
20500,0.863,0.000,0.137
21000,0.845,0.000,0.155
21500,0.889,0.000,0.111
22000,0.880,0.000,0.120
22500,0.862,0.000,0.138
23000,0.855,0.000,0.145
23500,0.876,0.000,0.124
24000,0.838,0.000,0.162
24500,0.856,0.000,0.144
25000,0.812,0.000,0.188
25500,0.808,0.000,0.192
26000,0.824,0.000,0.176
26500,0.818,0.000,0.182
27000,0.801,0.000,0.199
27500,0.777,0.000,0.223
28000,0.734,0.000,0.266
28500,0.704,0.000,0.296
29000,0.699,0.000,0.301
29500,0.787,0.000,0.213
30000,0.775,0.000,0.225
30500,0.718,0.000,0.282
31000,0.743,0.000,0.257
31500,0.809,0.000,0.191
32000,0.828,0.000,0.172
32500,0.850,0.000,0.150
33000,0.866,0.000,0.134
33500,0.797,0.000,0.203
34000,0.790,0.000,0.210
34500,0.758,0.000,0.242
35000,0.734,0.000,0.266
35500,0.761,0.000,0.239
36000,0.727,0.000,0.273
36500,0.781,0.000,0.219
37000,0.830,0.000,0.170
37500,0.806,0.000,0.194
38000,0.745,0.000,0.255
38500,0.661,0.000,0.339
39000,0.770,0.000,0.230
39500,0.736,0.000,0.264
40000,0.610,0.000,0.390
40500,0.653,0.000,0.347
41000,0.674,0.000,0.326
41500,0.740,0.000,0.260
42000,0.738,0.000,0.262
42500,0.758,0.000,0.242
43000,0.784,0.000,0.216
43500,0.824,0.000,0.176
44000,0.860,0.000,0.140
44500,0.840,0.000,0.160
45000,0.842,0.000,0.158
45500,0.851,0.000,0.149
46000,0.837,0.000,0.163
46500,0.810,0.000,0.190
47000,0.792,0.000,0.208
47500,0.821,0.000,0.179
48000,0.816,0.000,0.184
48500,0.806,0.000,0.194
49000,0.771,0.000,0.229
49500,0.787,0.000,0.213
50000,0.759,0.000,0.241
50500,0.701,0.000,0.299
51000,0.664,0.000,0.336
51500,0.740,0.000,0.260
52000,0.785,0.000,0.215
52500,0.844,0.000,0.156
53000,0.837,0.000,0.163
53500,0.810,0.000,0.190
54000,0.817,0.000,0.183
54500,0.817,0.000,0.183
55000,0.749,0.000,0.251
55500,0.717,0.000,0.283
56000,0.677,0.000,0.323
56500,0.663,0.000,0.337
57000,0.704,0.000,0.296
57500,0.756,0.000,0.244
58000,0.745,0.000,0.255
58500,0.743,0.000,0.257
59000,0.774,0.000,0.226
59500,0.711,0.000,0.289
60000,0.723,0.000,0.277
60500,0.699,0.000,0.301
61000,0.665,0.000,0.335
61500,0.789,0.000,0.211
62000,0.856,0.000,0.144
62500,0.822,0.000,0.178
63000,0.884,0.000,0.116
63500,0.861,0.000,0.139
64000,0.840,0.000,0.160
64500,0.854,0.000,0.146
65000,0.844,0.000,0.156
65500,0.891,0.000,0.109
66000,0.856,0.000,0.144
66500,0.815,0.000,0.185
67000,0.798,0.000,0.202
67500,0.751,0.000,0.249
68000,0.779,0.000,0.221
68500,0.786,0.000,0.214
69000,0.757,0.000,0.243
69500,0.777,0.000,0.223
70000,0.792,0.000,0.208
70500,0.732,0.000,0.268
71000,0.754,0.000,0.246
71500,0.812,0.000,0.188
72000,0.766,0.000,0.234
72500,0.827,0.000,0.173
73000,0.855,0.000,0.145
73500,0.869,0.000,0.131
74000,0.877,0.000,0.123
74500,0.864,0.000,0.136
75000,0.823,0.000,0.177
75500,0.808,0.000,0.192
76000,0.863,0.000,0.137
76500,0.923,0.000,0.077
77000,0.939,0.000,0.061
77500,0.954,0.000,0.046
78000,0.952,0.000,0.048
78500,0.951,0.000,0.049
79000,0.938,0.000,0.062
79500,0.855,0.000,0.145
80000,0.903,0.000,0.097
80500,0.940,0.000,0.060
81000,0.921,0.000,0.079
81500,0.865,0.000,0.135
82000,0.906,0.000,0.094
82500,0.874,0.000,0.126
83000,0.856,0.000,0.144
83500,0.840,0.000,0.160
84000,0.884,0.000,0.116
84500,0.892,0.000,0.108
85000,0.914,0.000,0.086
85500,0.953,0.000,0.047
86000,0.920,0.000,0.080
86500,0.931,0.000,0.069
87000,0.943,0.000,0.057
87500,0.935,0.000,0.065
88000,0.929,0.000,0.071
88500,0.951,0.000,0.049
89000,0.949,0.000,0.051
89500,0.949,0.000,0.051
90000,0.925,0.000,0.075
90500,0.968,0.000,0.032
91000,0.962,0.000,0.038
91500,0.961,0.000,0.039
92000,0.944,0.000,0.056
92500,0.901,0.000,0.099
93000,0.942,0.000,0.058
93500,0.953,0.000,0.047
94000,0.967,0.000,0.033
94500,0.990,0.000,0.010
95000,0.991,0.000,0.009
95500,0.976,0.000,0.024
96000,0.987,0.000,0.013
96500,0.975,0.000,0.025
97000,0.956,0.000,0.044
97500,0.927,0.000,0.073
98000,0.917,0.000,0.083
98500,0.905,0.000,0.095
99000,0.879,0.000,0.121
99500,0.864,0.000,0.136
100000,0.915,0.000,0.085
100500,0.961,0.000,0.039
101000,0.944,0.000,0.056
101500,0.915,0.000,0.085
102000,0.900,0.000,0.100
102500,0.830,0.000,0.170
103000,0.868,0.000,0.132
103500,0.801,0.000,0.199
104000,0.833,0.000,0.167
104500,0.839,0.000,0.161
105000,0.863,0.000,0.137
105500,0.788,0.000,0.212
106000,0.877,0.000,0.123
106500,0.879,0.000,0.121
107000,0.941,0.000,0.059
107500,0.953,0.000,0.047
108000,0.916,0.000,0.084
108500,0.898,0.000,0.102
109000,0.936,0.000,0.064
109500,0.958,0.000,0.042
110000,0.993,0.000,0.007
110500,0.998,0.000,0.002
111000,0.999,0.000,0.001
111500,1.000,0.000,0.000
