time,n_A+p,n_B,n_AB
500,0.050,0.608,0.342
1000,0.050,0.420,0.530
1500,0.050,0.358,0.592
2000,0.050,0.386,0.564
2500,0.050,0.374,0.576
3000,0.050,0.383,0.567
3500,0.050,0.436,0.514
4000,0.050,0.454,0.496
4500,0.050,0.397,0.553
5000,0.050,0.423,0.527
5500,0.050,0.369,0.581
6000,0.050,0.344,0.606
6500,0.050,0.319,0.631
7000,0.050,0.439,0.511
7500,0.050,0.464,0.486
8000,0.050,0.423,0.527
8500,0.050,0.417,0.533
9000,0.050,0.360,0.590
9500,0.050,0.312,0.638
10000,0.050,0.490,0.460
10500,0.050,0.383,0.567
11000,0.050,0.488,0.462
11500,0.050,0.299,0.651
12000,0.050,0.402,0.548
12500,0.050,0.464,0.486
13000,0.050,0.350,0.600
13500,0.050,0.572,0.378
14000,0.050,0.397,0.553
14500,0.050,0.392,0.558
15000,0.050,0.460,0.490
15500,0.050,0.492,0.458
16000,0.050,0.497,0.453
16500,0.057,0.324,0.619
17000,0.050,0.425,0.525
17500,0.050,0.354,0.596
18000,0.050,0.389,0.561
18500,0.050,0.420,0.530
19000,0.050,0.480,0.470
19500,0.050,0.449,0.501
20000,0.050,0.451,0.499
20500,0.050,0.348,0.602
21000,0.050,0.397,0.553
21500,0.050,0.401,0.549
22000,0.050,0.431,0.519
22500,0.050,0.381,0.569
23000,0.050,0.343,0.607
23500,0.050,0.407,0.543
24000,0.050,0.369,0.581
24500,0.050,0.292,0.658
25000,0.050,0.355,0.595
25500,0.050,0.363,0.587
26000,0.050,0.363,0.587
26500,0.050,0.387,0.563
27000,0.050,0.303,0.647
27500,0.050,0.443,0.507
28000,0.053,0.322,0.625
28500,0.050,0.371,0.579
29000,0.050,0.349,0.601
29500,0.050,0.473,0.477
30000,0.050,0.419,0.531
30500,0.050,0.416,0.534
31000,0.050,0.309,0.641
31500,0.050,0.353,0.597
32000,0.050,0.440,0.510
32500,0.050,0.445,0.505
33000,0.050,0.433,0.517
33500,0.050,0.498,0.452
34000,0.050,0.393,0.557
34500,0.050,0.357,0.593
35000,0.050,0.427,0.523
35500,0.050,0.510,0.440
36000,0.050,0.407,0.543
36500,0.050,0.375,0.575
37000,0.050,0.314,0.636
37500,0.050,0.430,0.520
38000,0.050,0.449,0.501
38500,0.050,0.441,0.509
39000,0.050,0.495,0.455
39500,0.050,0.374,0.576
40000,0.050,0.224,0.726
40500,0.050,0.308,0.642
41000,0.050,0.341,0.609
41500,0.050,0.379,0.571
42000,0.050,0.337,0.613
42500,0.050,0.321,0.629
43000,0.050,0.324,0.626
43500,0.050,0.442,0.508
44000,0.050,0.384,0.566
44500,0.162,0.084,0.754
45000,0.767,0.000,0.233
45500,0.991,0.000,0.009
46000,1.000,0.000,0.000
