time,n_A+p,n_B,n_AB
500,0.010,0.983,0.007
1000,0.010,0.965,0.025
1500,0.010,0.987,0.003
2000,0.010,0.807,0.183
2500,0.010,0.963,0.027
3000,0.010,0.933,0.057
3500,0.010,0.942,0.048
4000,0.010,0.752,0.238
4500,0.010,0.919,0.071
5000,0.010,0.911,0.079
5500,0.010,0.950,0.040
6000,0.010,0.845,0.145
6500,0.010,0.977,0.013
7000,0.010,0.968,0.022
7500,0.010,0.947,0.043
8000,0.010,0.867,0.123
8500,0.010,0.960,0.030
9000,0.010,0.965,0.025
9500,0.010,0.823,0.167
10000,0.010,0.916,0.074
10500,0.010,0.952,0.038
11000,0.010,0.961,0.029
11500,0.010,0.990,0.000
12000,0.010,0.990,0.000
12500,0.010,0.965,0.025
13000,0.010,0.903,0.087
13500,0.010,0.951,0.039
14000,0.010,0.981,0.009
14500,0.010,0.927,0.063
15000,0.010,0.975,0.015
15500,0.010,0.990,0.000
16000,0.010,0.926,0.064
16500,0.010,0.988,0.002
17000,0.010,0.968,0.022
17500,0.010,0.990,0.000
18000,0.010,0.855,0.135
18500,0.010,0.977,0.013
19000,0.010,0.914,0.076
19500,0.010,0.902,0.088
20000,0.010,0.958,0.032
20500,0.010,0.835,0.155
21000,0.010,0.988,0.002
21500,0.010,0.948,0.042
22000,0.010,0.924,0.066
22500,0.010,0.961,0.029
23000,0.010,0.989,0.001
23500,0.010,0.952,0.038
24000,0.010,0.914,0.076
24500,0.010,0.945,0.045
25000,0.010,0.819,0.171
25500,0.010,0.929,0.061
26000,0.010,0.960,0.030
26500,0.010,0.938,0.052
27000,0.010,0.957,0.033
27500,0.010,0.813,0.177
28000,0.010,0.949,0.041
28500,0.010,0.990,0.000
29000,0.010,0.913,0.077
29500,0.010,0.846,0.144
30000,0.010,0.952,0.038
30500,0.010,0.956,0.034
31000,0.010,0.990,0.000
31500,0.010,0.946,0.044
32000,0.010,0.801,0.189
32500,0.010,0.858,0.132
33000,0.010,0.879,0.111
33500,0.010,0.846,0.144
34000,0.010,0.934,0.056
34500,0.010,0.880,0.110
35000,0.010,0.821,0.169
35500,0.010,0.892,0.098
36000,0.010,0.934,0.056
36500,0.010,0.913,0.077
37000,0.010,0.918,0.072
37500,0.010,0.956,0.034
38000,0.010,0.747,0.243
38500,0.010,0.982,0.008
39000,0.010,0.935,0.055
39500,0.010,0.906,0.084
40000,0.010,0.983,0.007
40500,0.010,0.967,0.023
41000,0.010,0.939,0.051
41500,0.010,0.836,0.154
42000,0.010,0.887,0.103
42500,0.010,0.950,0.040
43000,0.010,0.852,0.138
43500,0.010,0.904,0.086
44000,0.010,0.822,0.168
44500,0.010,0.773,0.217
45000,0.010,0.978,0.012
45500,0.010,0.958,0.032
46000,0.010,0.950,0.040
46500,0.010,0.913,0.077
47000,0.010,0.972,0.018
47500,0.010,0.977,0.013
48000,0.010,0.990,0.000
48500,0.010,0.951,0.039
49000,0.010,0.918,0.072
49500,0.010,0.948,0.042
50000,0.010,0.990,0.000
50500,0.010,0.970,0.020
51000,0.010,0.959,0.031
51500,0.010,0.965,0.025
52000,0.010,0.865,0.125
52500,0.010,0.949,0.041
53000,0.010,0.977,0.013
53500,0.010,0.914,0.076
54000,0.010,0.812,0.178
54500,0.010,0.961,0.029
55000,0.010,0.959,0.031
55500,0.010,0.962,0.028
56000,0.010,0.972,0.018
56500,0.010,0.961,0.029
57000,0.010,0.979,0.011
57500,0.010,0.963,0.027
58000,0.010,0.928,0.062
58500,0.010,0.812,0.178
59000,0.010,0.954,0.036
59500,0.010,0.952,0.038
60000,0.010,0.850,0.140
60500,0.010,0.926,0.064
61000,0.010,0.966,0.024
61500,0.010,0.926,0.064
62000,0.010,0.940,0.050
62500,0.010,0.937,0.053
63000,0.010,0.822,0.168
63500,0.010,0.842,0.148
64000,0.010,0.964,0.026
64500,0.010,0.884,0.106
65000,0.010,0.968,0.022
65500,0.010,0.962,0.028
66000,0.010,0.990,0.000
66500,0.010,0.952,0.038
67000,0.010,0.849,0.141
67500,0.010,0.887,0.103
68000,0.010,0.825,0.165
68500,0.010,0.894,0.096
69000,0.010,0.950,0.040
69500,0.010,0.957,0.033
70000,0.010,0.845,0.145
70500,0.010,0.892,0.098
71000,0.010,0.970,0.020
71500,0.010,0.984,0.006
72000,0.010,0.930,0.060
72500,0.010,0.988,0.002
73000,0.010,0.974,0.016
73500,0.010,0.988,0.002
74000,0.010,0.983,0.007
74500,0.010,0.815,0.175
75000,0.010,0.923,0.067
75500,0.010,0.973,0.017
76000,0.010,0.920,0.070
76500,0.010,0.929,0.061
77000,0.010,0.974,0.016
77500,0.010,0.916,0.074
78000,0.010,0.990,0.000
78500,0.010,0.850,0.140
79000,0.010,0.984,0.006
79500,0.010,0.966,0.024
80000,0.010,0.921,0.069
80500,0.010,0.952,0.038
81000,0.010,0.950,0.040
81500,0.010,0.969,0.021
82000,0.010,0.874,0.116
82500,0.010,0.977,0.013
83000,0.010,0.990,0.000
83500,0.010,0.832,0.158
84000,0.010,0.982,0.008
84500,0.010,0.943,0.047
85000,0.010,0.960,0.030
85500,0.010,0.787,0.203
86000,0.010,0.833,0.157
86500,0.010,0.906,0.084
87000,0.010,0.899,0.091
87500,0.010,0.964,0.026
88000,0.010,0.949,0.041
88500,0.010,0.902,0.088
89000,0.010,0.918,0.072
89500,0.010,0.975,0.015
90000,0.010,0.936,0.054
90500,0.010,0.971,0.019
91000,0.010,0.773,0.217
91500,0.010,0.959,0.031
92000,0.010,0.923,0.067
92500,0.010,0.970,0.020
93000,0.010,0.955,0.035
93500,0.010,0.990,0.000
94000,0.010,0.946,0.044
94500,0.010,0.932,0.058
95000,0.010,0.933,0.057
95500,0.010,0.926,0.064
96000,0.010,0.982,0.008
96500,0.010,0.783,0.207
97000,0.010,0.904,0.086
97500,0.010,0.936,0.054
98000,0.010,0.969,0.021
98500,0.010,0.981,0.009
99000,0.010,0.956,0.034
99500,0.010,0.982,0.008
100000,0.010,0.886,0.104
100500,0.010,0.913,0.077
101000,0.010,0.938,0.052
101500,0.010,0.965,0.025
102000,0.010,0.917,0.073
102500,0.010,0.983,0.007
103000,0.010,0.978,0.012
103500,0.010,0.931,0.059
104000,0.010,0.886,0.104
104500,0.010,0.926,0.064
105000,0.010,0.933,0.057
105500,0.010,0.957,0.033
106000,0.010,0.913,0.077
106500,0.010,0.990,0.000
107000,0.010,0.935,0.055
107500,0.010,0.990,0.000
108000,0.010,0.908,0.082
108500,0.010,0.921,0.069
109000,0.010,0.976,0.014
109500,0.010,0.976,0.014
110000,0.010,0.987,0.003
110500,0.010,0.953,0.037
111000,0.010,0.983,0.007
111500,0.010,0.967,0.023
112000,0.010,0.972,0.018
112500,0.010,0.940,0.050
113000,0.010,0.914,0.076
113500,0.010,0.946,0.044
114000,0.010,0.929,0.061
114500,0.010,0.977,0.013
115000,0.010,0.952,0.038
115500,0.010,0.950,0.040
116000,0.010,0.806,0.184
116500,0.010,0.962,0.028
117000,0.010,0.980,0.010
117500,0.010,0.944,0.046
118000,0.010,0.896,0.094
118500,0.010,0.895,0.095
119000,0.010,0.945,0.045
119500,0.010,0.971,0.019
120000,0.010,0.911,0.079
120500,0.010,0.959,0.031
121000,0.010,0.975,0.015
121500,0.010,0.974,0.016
122000,0.010,0.990,0.000
122500,0.010,0.984,0.006
123000,0.010,0.784,0.206
123500,0.010,0.925,0.065
124000,0.010,0.894,0.096
124500,0.010,0.919,0.071
125000,0.010,0.956,0.034
125500,0.010,0.940,0.050
126000,0.010,0.923,0.067
126500,0.010,0.913,0.077
127000,0.010,0.990,0.000
127500,0.010,0.942,0.048
128000,0.010,0.966,0.024
128500,0.010,0.788,0.202
129000,0.010,0.920,0.070
129500,0.010,0.909,0.081
130000,0.010,0.909,0.081
130500,0.010,0.908,0.082
131000,0.010,0.958,0.032
131500,0.010,0.977,0.013
132000,0.010,0.946,0.044
132500,0.010,0.953,0.037
133000,0.010,0.873,0.117
133500,0.010,0.947,0.043
134000,0.010,0.942,0.048
134500,0.010,0.885,0.105
135000,0.010,0.815,0.175
135500,0.010,0.926,0.064
136000,0.010,0.825,0.165
136500,0.010,0.942,0.048
137000,0.010,0.966,0.024
137500,0.010,0.825,0.165
138000,0.010,0.960,0.030
138500,0.010,0.955,0.035
139000,0.010,0.980,0.010
139500,0.010,0.988,0.002
140000,0.010,0.868,0.122
140500,0.010,0.760,0.230
141000,0.010,0.958,0.032
141500,0.010,0.807,0.183
142000,0.010,0.978,0.012
142500,0.010,0.925,0.065
143000,0.010,0.950,0.040
143500,0.010,0.838,0.152
144000,0.010,0.862,0.128
144500,0.010,0.988,0.002
145000,0.010,0.964,0.026
145500,0.010,0.832,0.158
146000,0.010,0.938,0.052
146500,0.010,0.990,0.000
147000,0.010,0.909,0.081
147500,0.010,0.915,0.075
148000,0.010,0.883,0.107
148500,0.010,0.900,0.090
149000,0.010,0.950,0.040
149500,0.010,0.825,0.165
150000,0.010,0.936,0.054
150500,0.010,0.867,0.123
151000,0.010,0.816,0.174
151500,0.010,0.943,0.047
152000,0.010,0.990,0.000
152500,0.010,0.922,0.068
153000,0.010,0.925,0.065
153500,0.010,0.953,0.037
154000,0.010,0.929,0.061
154500,0.010,0.702,0.288
155000,0.010,0.824,0.166
155500,0.010,0.916,0.074
156000,0.010,0.958,0.032
156500,0.010,0.795,0.195
157000,0.010,0.958,0.032
157500,0.010,0.989,0.001
158000,0.010,0.943,0.047
158500,0.010,0.975,0.015
159000,0.010,0.955,0.035
159500,0.010,0.823,0.167
160000,0.010,0.823,0.167
160500,0.010,0.880,0.110
161000,0.010,0.891,0.099
161500,0.010,0.844,0.146
162000,0.010,0.895,0.095
162500,0.010,0.936,0.054
163000,0.010,0.932,0.058
163500,0.010,0.956,0.034
164000,0.010,0.976,0.014
164500,0.010,0.895,0.095
165000,0.010,0.891,0.099
165500,0.010,0.985,0.005
166000,0.010,0.838,0.152
166500,0.010,0.818,0.172
167000,0.010,0.658,0.332
167500,0.010,0.962,0.028
168000,0.010,0.986,0.004
168500,0.010,0.906,0.084
169000,0.010,0.988,0.002
169500,0.010,0.835,0.155
170000,0.010,0.907,0.083
170500,0.010,0.868,0.122
171000,0.010,0.905,0.085
171500,0.010,0.924,0.066
172000,0.010,0.889,0.101
172500,0.010,0.983,0.007
173000,0.010,0.990,0.000
173500,0.010,0.954,0.036
174000,0.010,0.943,0.047
174500,0.010,0.884,0.106
175000,0.010,0.973,0.017
175500,0.010,0.866,0.124
176000,0.010,0.949,0.041
176500,0.010,0.939,0.051
177000,0.010,0.929,0.061
177500,0.010,0.894,0.096
178000,0.010,0.982,0.008
178500,0.010,0.934,0.056
179000,0.010,0.930,0.060
179500,0.010,0.945,0.045
180000,0.010,0.988,0.002
180500,0.010,0.944,0.046
181000,0.010,0.874,0.116
181500,0.010,0.863,0.127
182000,0.010,0.791,0.199
182500,0.010,0.794,0.196
183000,0.010,0.834,0.156
183500,0.010,0.859,0.131
184000,0.010,0.899,0.091
184500,0.010,0.889,0.101
185000,0.010,0.981,0.009
185500,0.010,0.897,0.093
186000,0.010,0.982,0.008
186500,0.010,0.943,0.047
187000,0.010,0.893,0.097
187500,0.010,0.850,0.140
188000,0.010,0.947,0.043
188500,0.010,0.864,0.126
189000,0.010,0.925,0.065
189500,0.010,0.818,0.172
190000,0.010,0.866,0.124
190500,0.010,0.917,0.073
191000,0.010,0.798,0.192
191500,0.010,0.952,0.038
192000,0.010,0.834,0.156
192500,0.010,0.983,0.007
193000,0.010,0.975,0.015
193500,0.010,0.855,0.135
194000,0.010,0.950,0.040
194500,0.010,0.834,0.156
195000,0.010,0.985,0.005
195500,0.010,0.944,0.046
196000,0.010,0.945,0.045
196500,0.010,0.982,0.008
197000,0.010,0.984,0.006
197500,0.010,0.887,0.103
198000,0.010,0.922,0.068
198500,0.010,0.986,0.004
199000,0.010,0.943,0.047
199500,0.010,0.949,0.041
200000,0.010,0.884,0.106
200500,0.010,0.927,0.063
201000,0.010,0.925,0.065
201500,0.010,0.880,0.110
202000,0.010,0.923,0.067
202500,0.010,0.869,0.121
203000,0.010,0.967,0.023
203500,0.010,0.978,0.012
204000,0.010,0.974,0.016
204500,0.010,0.857,0.133
205000,0.010,0.964,0.026
205500,0.010,0.941,0.049
206000,0.010,0.990,0.000
206500,0.010,0.855,0.135
207000,0.010,0.885,0.105
207500,0.010,0.952,0.038
208000,0.010,0.960,0.030
208500,0.010,0.948,0.042
209000,0.010,0.871,0.119
209500,0.010,0.945,0.045
210000,0.010,0.981,0.009
210500,0.010,0.912,0.078
211000,0.010,0.985,0.005
211500,0.010,0.943,0.047
212000,0.010,0.853,0.137
212500,0.010,0.973,0.017
213000,0.010,0.962,0.028
213500,0.010,0.965,0.025
214000,0.010,0.889,0.101
214500,0.010,0.853,0.137
215000,0.010,0.889,0.101
215500,0.010,0.911,0.079
216000,0.010,0.919,0.071
216500,0.010,0.985,0.005
217000,0.010,0.926,0.064
217500,0.010,0.990,0.000
218000,0.010,0.937,0.053
218500,0.010,0.971,0.019
219000,0.010,0.988,0.002
219500,0.010,0.958,0.032
220000,0.010,0.880,0.110
220500,0.010,0.955,0.035
221000,0.010,0.862,0.128
221500,0.010,0.848,0.142
222000,0.010,0.986,0.004
222500,0.010,0.947,0.043
223000,0.010,0.928,0.062
223500,0.010,0.989,0.001
224000,0.010,0.879,0.111
224500,0.010,0.794,0.196
225000,0.010,0.943,0.047
225500,0.010,0.911,0.079
226000,0.010,0.982,0.008
226500,0.010,0.919,0.071
227000,0.010,0.855,0.135
227500,0.010,0.955,0.035
228000,0.010,0.989,0.001
228500,0.010,0.947,0.043
229000,0.010,0.985,0.005
229500,0.010,0.900,0.090
230000,0.010,0.938,0.052
230500,0.010,0.944,0.046
231000,0.010,0.946,0.044
231500,0.010,0.953,0.037
232000,0.010,0.990,0.000
232500,0.010,0.941,0.049
233000,0.010,0.978,0.012
233500,0.010,0.953,0.037
234000,0.010,0.939,0.051
234500,0.010,0.927,0.063
235000,0.010,0.990,0.000
235500,0.010,0.968,0.022
236000,0.010,0.878,0.112
236500,0.010,0.878,0.112
237000,0.010,0.907,0.083
237500,0.010,0.955,0.035
238000,0.010,0.916,0.074
238500,0.010,0.908,0.082
239000,0.010,0.886,0.104
239500,0.010,0.821,0.169
240000,0.010,0.944,0.046
240500,0.010,0.754,0.236
241000,0.010,0.947,0.043
241500,0.010,0.975,0.015
242000,0.010,0.918,0.072
242500,0.010,0.990,0.000
243000,0.010,0.908,0.082
243500,0.010,0.845,0.145
244000,0.010,0.923,0.067
244500,0.010,0.856,0.134
245000,0.010,0.890,0.100
245500,0.010,0.931,0.059
246000,0.010,0.963,0.027
246500,0.010,0.943,0.047
247000,0.010,0.974,0.016
247500,0.010,0.981,0.009
248000,0.010,0.966,0.024
248500,0.010,0.973,0.017
249000,0.010,0.986,0.004
249500,0.010,0.990,0.000
250000,0.010,0.984,0.006
250500,0.010,0.856,0.134
251000,0.010,0.934,0.056
251500,0.010,0.987,0.003
252000,0.010,0.990,0.000
252500,0.010,0.978,0.012
253000,0.010,0.783,0.207
253500,0.010,0.878,0.112
254000,0.010,0.972,0.018
254500,0.010,0.988,0.002
255000,0.010,0.976,0.014
255500,0.010,0.989,0.001
256000,0.010,0.939,0.051
256500,0.010,0.966,0.024
257000,0.010,0.902,0.088
257500,0.010,0.903,0.087
258000,0.010,0.950,0.040
258500,0.010,0.928,0.062
259000,0.010,0.955,0.035
259500,0.010,0.880,0.110
260000,0.010,0.851,0.139
260500,0.010,0.908,0.082
261000,0.010,0.973,0.017
261500,0.010,0.957,0.033
262000,0.010,0.970,0.020
262500,0.010,0.923,0.067
263000,0.010,0.904,0.086
263500,0.010,0.921,0.069
264000,0.010,0.971,0.019
264500,0.010,0.956,0.034
265000,0.010,0.976,0.014
265500,0.010,0.971,0.019
266000,0.010,0.965,0.025
266500,0.010,0.975,0.015
267000,0.010,0.978,0.012
267500,0.010,0.924,0.066
268000,0.010,0.927,0.063
268500,0.010,0.988,0.002
269000,0.010,0.968,0.022
269500,0.010,0.810,0.180
270000,0.010,0.856,0.134
270500,0.010,0.948,0.042
271000,0.010,0.914,0.076
271500,0.010,0.986,0.004
272000,0.010,0.854,0.136
272500,0.010,0.882,0.108
273000,0.010,0.885,0.105
273500,0.010,0.825,0.165
274000,0.010,0.984,0.006
274500,0.010,0.908,0.082
275000,0.010,0.929,0.061
275500,0.010,0.920,0.070
276000,0.010,0.912,0.078
276500,0.010,0.980,0.010
277000,0.010,0.969,0.021
277500,0.010,0.989,0.001
278000,0.010,0.867,0.123
278500,0.010,0.968,0.022
279000,0.010,0.973,0.017
279500,0.010,0.848,0.142
280000,0.010,0.984,0.006
280500,0.010,0.989,0.001
281000,0.010,0.960,0.030
281500,0.010,0.958,0.032
282000,0.010,0.875,0.115
282500,0.010,0.898,0.092
283000,0.010,0.895,0.095
283500,0.010,0.990,0.000
284000,0.010,0.813,0.177
284500,0.010,0.922,0.068
285000,0.010,0.924,0.066
285500,0.010,0.847,0.143
286000,0.010,0.887,0.103
286500,0.010,0.987,0.003
287000,0.010,0.944,0.046
287500,0.010,0.981,0.009
288000,0.010,0.990,0.000
288500,0.010,0.883,0.107
289000,0.010,0.825,0.165
289500,0.010,0.843,0.147
290000,0.010,0.810,0.180
290500,0.010,0.888,0.102
291000,0.010,0.987,0.003
291500,0.010,0.949,0.041
292000,0.010,0.988,0.002
292500,0.010,0.938,0.052
293000,0.010,0.942,0.048
293500,0.010,0.990,0.000
294000,0.010,0.983,0.007
294500,0.010,0.878,0.112
295000,0.010,0.962,0.028
295500,0.010,0.967,0.023
296000,0.010,0.931,0.059
296500,0.010,0.940,0.050
297000,0.010,0.935,0.055
297500,0.010,0.931,0.059
298000,0.010,0.928,0.062
298500,0.010,0.895,0.095
299000,0.010,0.976,0.014
299500,0.010,0.950,0.040
300000,0.010,0.957,0.033
300500,0.010,0.959,0.031
301000,0.010,0.986,0.004
301500,0.010,0.921,0.069
302000,0.010,0.990,0.000
302500,0.010,0.946,0.044
303000,0.010,0.910,0.080
303500,0.010,0.941,0.049
304000,0.010,0.942,0.048
304500,0.010,0.979,0.011
305000,0.010,0.934,0.056
305500,0.010,0.883,0.107
306000,0.010,0.966,0.024
306500,0.010,0.865,0.125
307000,0.010,0.771,0.219
307500,0.010,0.838,0.152
308000,0.010,0.950,0.040
308500,0.010,0.940,0.050
309000,0.010,0.965,0.025
309500,0.010,0.866,0.124
310000,0.010,0.910,0.080
310500,0.010,0.888,0.102
311000,0.010,0.971,0.019
311500,0.010,0.969,0.021
312000,0.010,0.944,0.046
312500,0.010,0.986,0.004
313000,0.010,0.942,0.048
313500,0.010,0.832,0.158
314000,0.010,0.933,0.057
314500,0.010,0.990,0.000
315000,0.010,0.918,0.072
315500,0.010,0.740,0.250
316000,0.010,0.928,0.062
316500,0.010,0.952,0.038
317000,0.010,0.833,0.157
317500,0.010,0.788,0.202
318000,0.010,0.965,0.025
318500,0.010,0.902,0.088
319000,0.010,0.956,0.034
319500,0.010,0.850,0.140
320000,0.010,0.798,0.192
320500,0.010,0.950,0.040
321000,0.010,0.912,0.078
321500,0.010,0.816,0.174
322000,0.010,0.975,0.015
322500,0.010,0.849,0.141
323000,0.010,0.968,0.022
323500,0.010,0.990,0.000
324000,0.010,0.975,0.015
324500,0.010,0.956,0.034
325000,0.010,0.974,0.016
325500,0.010,0.926,0.064
326000,0.010,0.976,0.014
326500,0.010,0.984,0.006
327000,0.010,0.932,0.058
327500,0.010,0.923,0.067
328000,0.010,0.898,0.092
328500,0.010,0.915,0.075
329000,0.010,0.975,0.015
329500,0.010,0.935,0.055
330000,0.010,0.959,0.031
330500,0.010,0.865,0.125
331000,0.010,0.928,0.062
331500,0.010,0.977,0.013
332000,0.010,0.899,0.091
332500,0.010,0.973,0.017
333000,0.010,0.917,0.073
333500,0.010,0.978,0.012
334000,0.010,0.985,0.005
334500,0.010,0.951,0.039
335000,0.010,0.946,0.044
335500,0.010,0.969,0.021
336000,0.010,0.850,0.140
336500,0.010,0.889,0.101
337000,0.010,0.773,0.217
337500,0.010,0.953,0.037
338000,0.010,0.937,0.053
338500,0.010,0.969,0.021
339000,0.010,0.886,0.104
339500,0.010,0.961,0.029
340000,0.010,0.955,0.035
340500,0.010,0.931,0.059
341000,0.010,0.980,0.010
341500,0.010,0.970,0.020
342000,0.010,0.953,0.037
342500,0.010,0.750,0.240
343000,0.010,0.900,0.090
343500,0.010,0.930,0.060
344000,0.010,0.980,0.010
344500,0.010,0.990,0.000
345000,0.010,0.978,0.012
345500,0.010,0.939,0.051
346000,0.010,0.967,0.023
346500,0.010,0.918,0.072
347000,0.010,0.960,0.030
347500,0.010,0.950,0.040
348000,0.010,0.952,0.038
348500,0.010,0.968,0.022
349000,0.010,0.989,0.001
349500,0.010,0.990,0.000
350000,0.010,0.990,0.000
350500,0.010,0.962,0.028
351000,0.010,0.965,0.025
351500,0.010,0.839,0.151
352000,0.010,0.915,0.075
352500,0.010,0.873,0.117
353000,0.010,0.983,0.007
353500,0.010,0.955,0.035
354000,0.010,0.990,0.000
354500,0.010,0.947,0.043
355000,0.010,0.990,0.000
355500,0.010,0.984,0.006
356000,0.010,0.984,0.006
356500,0.010,0.986,0.004
357000,0.010,0.990,0.000
357500,0.010,0.969,0.021
358000,0.010,0.871,0.119
358500,0.010,0.934,0.056
359000,0.010,0.941,0.049
359500,0.010,0.872,0.118
360000,0.010,0.950,0.040
360500,0.010,0.909,0.081
361000,0.010,0.903,0.087
361500,0.010,0.894,0.096
362000,0.010,0.960,0.030
362500,0.010,0.958,0.032
363000,0.010,0.964,0.026
363500,0.010,0.971,0.019
364000,0.010,0.936,0.054
364500,0.010,0.927,0.063
365000,0.010,0.818,0.172
365500,0.010,0.973,0.017
366000,0.010,0.954,0.036
366500,0.010,0.965,0.025
367000,0.010,0.940,0.050
367500,0.010,0.959,0.031
368000,0.010,0.837,0.153
368500,0.010,0.943,0.047
369000,0.010,0.960,0.030
369500,0.010,0.985,0.005
370000,0.010,0.897,0.093
370500,0.010,0.841,0.149
371000,0.010,0.987,0.003
371500,0.010,0.958,0.032
372000,0.010,0.897,0.093
372500,0.010,0.905,0.085
373000,0.010,0.974,0.016
373500,0.010,0.962,0.028
374000,0.010,0.956,0.034
374500,0.010,0.986,0.004
375000,0.010,0.933,0.057
375500,0.010,0.951,0.039
376000,0.010,0.962,0.028
376500,0.010,0.886,0.104
377000,0.010,0.855,0.135
377500,0.010,0.925,0.065
378000,0.010,0.979,0.011
378500,0.010,0.841,0.149
379000,0.010,0.895,0.095
379500,0.010,0.902,0.088
380000,0.010,0.910,0.080
380500,0.010,0.962,0.028
381000,0.010,0.854,0.136
381500,0.010,0.832,0.158
382000,0.010,0.921,0.069
382500,0.010,0.986,0.004
383000,0.010,0.920,0.070
383500,0.010,0.904,0.086
384000,0.010,0.923,0.067
384500,0.010,0.965,0.025
385000,0.010,0.969,0.021
385500,0.010,0.905,0.085
386000,0.010,0.937,0.053
386500,0.010,0.924,0.066
387000,0.010,0.980,0.010
387500,0.010,0.948,0.042
388000,0.010,0.900,0.090
388500,0.010,0.989,0.001
389000,0.010,0.841,0.149
389500,0.010,0.951,0.039
390000,0.010,0.884,0.106
390500,0.010,0.916,0.074
391000,0.010,0.844,0.146
391500,0.010,0.768,0.222
392000,0.010,0.948,0.042
392500,0.010,0.883,0.107
393000,0.010,0.989,0.001
393500,0.010,0.782,0.208
394000,0.010,0.980,0.010
394500,0.010,0.844,0.146
395000,0.010,0.967,0.023
395500,0.010,0.956,0.034
396000,0.010,0.974,0.016
396500,0.010,0.977,0.013
397000,0.010,0.982,0.008
397500,0.010,0.875,0.115
398000,0.010,0.919,0.071
398500,0.010,0.795,0.195
399000,0.010,0.990,0.000
399500,0.010,0.783,0.207
400000,0.010,0.955,0.035
400500,0.010,0.905,0.085
401000,0.010,0.871,0.119
401500,0.010,0.755,0.235
402000,0.010,0.863,0.127
402500,0.010,0.979,0.011
403000,0.010,0.977,0.013
403500,0.010,0.979,0.011
404000,0.010,0.891,0.099
404500,0.010,0.915,0.075
405000,0.010,0.971,0.019
405500,0.010,0.990,0.000
406000,0.010,0.984,0.006
406500,0.010,0.803,0.187
407000,0.010,0.940,0.050
407500,0.010,0.961,0.029
408000,0.010,0.965,0.025
408500,0.010,0.985,0.005
409000,0.010,0.924,0.066
409500,0.010,0.913,0.077
410000,0.010,0.986,0.004
410500,0.010,0.881,0.109
411000,0.010,0.909,0.081
411500,0.010,0.990,0.000
412000,0.010,0.979,0.011
412500,0.010,0.796,0.194
413000,0.010,0.860,0.130
413500,0.010,0.804,0.186
414000,0.010,0.953,0.037
414500,0.010,0.902,0.088
415000,0.010,0.899,0.091
415500,0.010,0.956,0.034
416000,0.010,0.984,0.006
416500,0.010,0.901,0.089
417000,0.010,0.962,0.028
417500,0.010,0.990,0.000
418000,0.010,0.920,0.070
418500,0.010,0.990,0.000
419000,0.010,0.962,0.028
419500,0.010,0.704,0.286
420000,0.010,0.884,0.106
420500,0.010,0.930,0.060
421000,0.010,0.978,0.012
421500,0.010,0.938,0.052
422000,0.010,0.936,0.054
422500,0.010,0.978,0.012
423000,0.010,0.917,0.073
423500,0.010,0.953,0.037
424000,0.010,0.982,0.008
424500,0.010,0.988,0.002
425000,0.010,0.854,0.136
425500,0.010,0.987,0.003
426000,0.010,0.938,0.052
426500,0.010,0.945,0.045
427000,0.010,0.971,0.019
427500,0.010,0.825,0.165
428000,0.010,0.962,0.028
428500,0.010,0.960,0.030
429000,0.010,0.974,0.016
429500,0.010,0.881,0.109
430000,0.010,0.962,0.028
430500,0.010,0.671,0.319
431000,0.010,0.912,0.078
431500,0.010,0.925,0.065
432000,0.010,0.988,0.002
432500,0.010,0.911,0.079
433000,0.010,0.903,0.087
433500,0.010,0.977,0.013
434000,0.010,0.739,0.251
434500,0.010,0.762,0.228
435000,0.010,0.966,0.024
435500,0.010,0.973,0.017
436000,0.010,0.989,0.001
436500,0.010,0.762,0.228
437000,0.010,0.976,0.014
437500,0.010,0.857,0.133
438000,0.010,0.806,0.184
438500,0.010,0.954,0.036
439000,0.010,0.910,0.080
439500,0.010,0.979,0.011
440000,0.010,0.958,0.032
440500,0.010,0.912,0.078
441000,0.010,0.756,0.234
441500,0.010,0.987,0.003
442000,0.010,0.948,0.042
442500,0.010,0.986,0.004
443000,0.010,0.836,0.154
443500,0.010,0.984,0.006
444000,0.010,0.915,0.075
444500,0.010,0.973,0.017
445000,0.010,0.987,0.003
445500,0.010,0.947,0.043
446000,0.010,0.990,0.000
446500,0.010,0.888,0.102
447000,0.010,0.987,0.003
447500,0.010,0.965,0.025
448000,0.010,0.936,0.054
448500,0.010,0.933,0.057
449000,0.010,0.919,0.071
449500,0.010,0.866,0.124
450000,0.010,0.871,0.119
450500,0.010,0.914,0.076
451000,0.010,0.879,0.111
451500,0.010,0.982,0.008
452000,0.010,0.987,0.003
452500,0.010,0.929,0.061
453000,0.010,0.964,0.026
453500,0.010,0.982,0.008
454000,0.010,0.876,0.114
454500,0.010,0.781,0.209
455000,0.010,0.876,0.114
455500,0.010,0.828,0.162
456000,0.010,0.795,0.195
456500,0.010,0.847,0.143
457000,0.010,0.929,0.061
457500,0.010,0.916,0.074
458000,0.010,0.835,0.155
458500,0.010,0.887,0.103
459000,0.010,0.961,0.029
459500,0.010,0.949,0.041
460000,0.010,0.990,0.000
460500,0.010,0.972,0.018
461000,0.010,0.921,0.069
461500,0.010,0.966,0.024
462000,0.010,0.987,0.003
462500,0.010,0.971,0.019
463000,0.010,0.913,0.077
463500,0.010,0.873,0.117
464000,0.010,0.957,0.033
464500,0.010,0.924,0.066
465000,0.010,0.970,0.020
465500,0.010,0.990,0.000
466000,0.010,0.891,0.099
466500,0.010,0.942,0.048
467000,0.010,0.881,0.109
467500,0.010,0.947,0.043
468000,0.010,0.844,0.146
468500,0.010,0.988,0.002
469000,0.010,0.949,0.041
469500,0.010,0.866,0.124
470000,0.010,0.978,0.012
470500,0.010,0.987,0.003
471000,0.010,0.950,0.040
471500,0.010,0.918,0.072
472000,0.010,0.968,0.022
472500,0.010,0.885,0.105
473000,0.010,0.858,0.132
473500,0.010,0.988,0.002
474000,0.010,0.990,0.000
474500,0.010,0.984,0.006
475000,0.010,0.911,0.079
475500,0.010,0.956,0.034
476000,0.010,0.885,0.105
476500,0.010,0.865,0.125
477000,0.010,0.954,0.036
477500,0.010,0.929,0.061
478000,0.010,0.959,0.031
478500,0.010,0.931,0.059
479000,0.010,0.889,0.101
479500,0.010,0.973,0.017
480000,0.010,0.857,0.133
480500,0.010,0.966,0.024
481000,0.010,0.990,0.000
481500,0.010,0.981,0.009
482000,0.010,0.954,0.036
482500,0.010,0.965,0.025
483000,0.010,0.944,0.046
483500,0.010,0.915,0.075
484000,0.010,0.938,0.052
484500,0.010,0.959,0.031
485000,0.010,0.935,0.055
485500,0.010,0.930,0.060
486000,0.010,0.948,0.042
486500,0.010,0.989,0.001
487000,0.010,0.819,0.171
487500,0.010,0.962,0.028
488000,0.010,0.990,0.000
488500,0.010,0.982,0.008
489000,0.010,0.897,0.093
489500,0.010,0.862,0.128
490000,0.010,0.911,0.079
490500,0.010,0.977,0.013
491000,0.010,0.927,0.063
491500,0.010,0.961,0.029
492000,0.010,0.987,0.003
492500,0.010,0.954,0.036
493000,0.010,0.939,0.051
493500,0.010,0.979,0.011
494000,0.010,0.843,0.147
494500,0.010,0.985,0.005
495000,0.010,0.955,0.035
495500,0.010,0.812,0.178
496000,0.010,0.935,0.055
496500,0.010,0.914,0.076
497000,0.010,0.927,0.063
497500,0.010,0.977,0.013
498000,0.010,0.905,0.085
498500,0.010,0.969,0.021
499000,0.010,0.773,0.217
499500,0.010,0.951,0.039
500000,0.010,0.955,0.035
500500,0.010,0.754,0.236
501000,0.010,0.950,0.040
501500,0.010,0.925,0.065
502000,0.010,0.819,0.171
502500,0.010,0.983,0.007
503000,0.010,0.908,0.082
503500,0.010,0.948,0.042
504000,0.010,0.958,0.032
504500,0.010,0.870,0.120
505000,0.010,0.787,0.203
505500,0.010,0.969,0.021
506000,0.010,0.870,0.120
506500,0.010,0.988,0.002
507000,0.010,0.928,0.062
507500,0.010,0.933,0.057
508000,0.010,0.896,0.094
508500,0.010,0.950,0.040
509000,0.010,0.913,0.077
509500,0.010,0.989,0.001
510000,0.010,0.916,0.074
510500,0.010,0.986,0.004
511000,0.010,0.933,0.057
511500,0.010,0.862,0.128
512000,0.010,0.971,0.019
512500,0.010,0.963,0.027
513000,0.010,0.890,0.100
513500,0.010,0.981,0.009
514000,0.010,0.841,0.149
514500,0.010,0.911,0.079
515000,0.010,0.975,0.015
515500,0.010,0.990,0.000
516000,0.010,0.693,0.297
516500,0.010,0.918,0.072
517000,0.010,0.804,0.186
517500,0.010,0.799,0.191
518000,0.010,0.948,0.042
518500,0.010,0.978,0.012
519000,0.010,0.983,0.007
519500,0.010,0.782,0.208
520000,0.010,0.933,0.057
520500,0.010,0.752,0.238
521000,0.010,0.833,0.157
521500,0.010,0.947,0.043
522000,0.010,0.961,0.029
522500,0.010,0.820,0.170
523000,0.010,0.979,0.011
523500,0.010,0.826,0.164
524000,0.010,0.876,0.114
524500,0.010,0.923,0.067
525000,0.010,0.919,0.071
525500,0.010,0.989,0.001
526000,0.010,0.842,0.148
526500,0.010,0.843,0.147
527000,0.010,0.878,0.112
527500,0.010,0.864,0.126
528000,0.010,0.928,0.062
528500,0.010,0.945,0.045
529000,0.010,0.989,0.001
529500,0.010,0.966,0.024
530000,0.010,0.785,0.205
530500,0.010,0.881,0.109
531000,0.010,0.886,0.104
531500,0.010,0.938,0.052
532000,0.010,0.869,0.121
532500,0.010,0.957,0.033
533000,0.010,0.980,0.010
533500,0.010,0.917,0.073
534000,0.010,0.954,0.036
534500,0.010,0.739,0.251
535000,0.010,0.913,0.077
535500,0.010,0.900,0.090
536000,0.010,0.972,0.018
536500,0.010,0.967,0.023
537000,0.010,0.977,0.013
537500,0.010,0.916,0.074
538000,0.010,0.882,0.108
538500,0.010,0.946,0.044
539000,0.010,0.966,0.024
539500,0.010,0.982,0.008
540000,0.010,0.946,0.044
540500,0.010,0.724,0.266
541000,0.010,0.969,0.021
541500,0.010,0.990,0.000
542000,0.010,0.960,0.030
542500,0.010,0.917,0.073
543000,0.010,0.893,0.097
543500,0.010,0.872,0.118
544000,0.010,0.768,0.222
544500,0.010,0.966,0.024
545000,0.010,0.938,0.052
545500,0.010,0.785,0.205
546000,0.010,0.940,0.050
546500,0.010,0.890,0.100
547000,0.010,0.961,0.029
547500,0.010,0.902,0.088
548000,0.010,0.961,0.029
548500,0.010,0.840,0.150
549000,0.010,0.864,0.126
549500,0.010,0.803,0.187
550000,0.010,0.745,0.245
550500,0.010,0.963,0.027
551000,0.010,0.949,0.041
551500,0.010,0.898,0.092
552000,0.010,0.980,0.010
552500,0.010,0.963,0.027
553000,0.010,0.949,0.041
553500,0.010,0.939,0.051
554000,0.010,0.979,0.011
554500,0.010,0.969,0.021
555000,0.010,0.980,0.010
555500,0.010,0.955,0.035
556000,0.010,0.933,0.057
556500,0.010,0.990,0.000
557000,0.010,0.877,0.113
557500,0.010,0.845,0.145
558000,0.010,0.968,0.022
558500,0.010,0.975,0.015
559000,0.010,0.942,0.048
559500,0.010,0.990,0.000
560000,0.010,0.880,0.110
560500,0.010,0.862,0.128
561000,0.010,0.860,0.130
561500,0.010,0.951,0.039
562000,0.010,0.932,0.058
562500,0.010,0.963,0.027
563000,0.010,0.970,0.020
563500,0.010,0.969,0.021
564000,0.010,0.921,0.069
564500,0.010,0.833,0.157
565000,0.010,0.971,0.019
565500,0.010,0.931,0.059
566000,0.010,0.945,0.045
566500,0.010,0.975,0.015
567000,0.010,0.977,0.013
567500,0.010,0.924,0.066
568000,0.010,0.862,0.128
568500,0.010,0.900,0.090
569000,0.010,0.908,0.082
569500,0.010,0.968,0.022
570000,0.010,0.990,0.000
570500,0.010,0.871,0.119
571000,0.010,0.907,0.083
571500,0.010,0.921,0.069
572000,0.010,0.966,0.024
572500,0.010,0.967,0.023
573000,0.010,0.912,0.078
573500,0.010,0.970,0.020
574000,0.010,0.900,0.090
574500,0.010,0.977,0.013
575000,0.010,0.934,0.056
575500,0.010,0.924,0.066
576000,0.010,0.851,0.139
576500,0.010,0.843,0.147
577000,0.010,0.990,0.000
577500,0.010,0.963,0.027
578000,0.010,0.977,0.013
578500,0.010,0.947,0.043
579000,0.010,0.952,0.038
579500,0.010,0.942,0.048
580000,0.010,0.963,0.027
580500,0.010,0.990,0.000
581000,0.010,0.909,0.081
581500,0.010,0.934,0.056
582000,0.010,0.886,0.104
582500,0.010,0.966,0.024
583000,0.010,0.903,0.087
583500,0.010,0.953,0.037
584000,0.010,0.989,0.001
584500,0.010,0.987,0.003
585000,0.010,0.957,0.033
585500,0.010,0.961,0.029
586000,0.010,0.965,0.025
586500,0.010,0.946,0.044
587000,0.010,0.918,0.072
587500,0.010,0.735,0.255
588000,0.010,0.810,0.180
588500,0.010,0.975,0.015
589000,0.010,0.941,0.049
589500,0.010,0.982,0.008
590000,0.010,0.892,0.098
590500,0.010,0.899,0.091
591000,0.010,0.882,0.108
591500,0.010,0.873,0.117
592000,0.010,0.766,0.224
592500,0.010,0.943,0.047
593000,0.010,0.913,0.077
593500,0.010,0.983,0.007
594000,0.010,0.906,0.084
594500,0.010,0.793,0.197
595000,0.010,0.907,0.083
595500,0.010,0.904,0.086
596000,0.010,0.914,0.076
596500,0.010,0.853,0.137
597000,0.010,0.774,0.216
597500,0.010,0.947,0.043
598000,0.010,0.850,0.140
598500,0.010,0.969,0.021
599000,0.010,0.973,0.017
599500,0.010,0.810,0.180
600000,0.010,0.787,0.203
600500,0.010,0.850,0.140
601000,0.010,0.988,0.002
601500,0.010,0.917,0.073
602000,0.010,0.885,0.105
602500,0.010,0.904,0.086
603000,0.010,0.958,0.032
603500,0.010,0.814,0.176
604000,0.010,0.633,0.357
604500,0.010,0.935,0.055
605000,0.010,0.967,0.023
605500,0.010,0.975,0.015
606000,0.010,0.926,0.064
606500,0.010,0.912,0.078
607000,0.010,0.950,0.040
607500,0.010,0.990,0.000
608000,0.010,0.823,0.167
608500,0.010,0.848,0.142
609000,0.010,0.872,0.118
609500,0.010,0.985,0.005
610000,0.010,0.930,0.060
610500,0.010,0.990,0.000
611000,0.010,0.815,0.175
611500,0.010,0.901,0.089
612000,0.010,0.978,0.012
612500,0.010,0.960,0.030
613000,0.010,0.990,0.000
613500,0.010,0.926,0.064
614000,0.010,0.876,0.114
614500,0.010,0.925,0.065
615000,0.010,0.990,0.000
615500,0.010,0.969,0.021
616000,0.010,0.990,0.000
616500,0.010,0.958,0.032
617000,0.010,0.980,0.010
617500,0.010,0.973,0.017
618000,0.010,0.966,0.024
618500,0.010,0.985,0.005
619000,0.010,0.987,0.003
619500,0.010,0.958,0.032
620000,0.010,0.769,0.221
620500,0.010,0.946,0.044
621000,0.010,0.974,0.016
621500,0.010,0.885,0.105
622000,0.010,0.826,0.164
622500,0.010,0.881,0.109
623000,0.010,0.813,0.177
623500,0.010,0.978,0.012
624000,0.010,0.911,0.079
624500,0.010,0.932,0.058
625000,0.010,0.907,0.083
625500,0.010,0.918,0.072
626000,0.010,0.972,0.018
626500,0.010,0.957,0.033
627000,0.010,0.975,0.015
627500,0.010,0.973,0.017
628000,0.010,0.852,0.138
628500,0.010,0.845,0.145
629000,0.010,0.931,0.059
629500,0.010,0.904,0.086
630000,0.010,0.928,0.062
630500,0.010,0.980,0.010
631000,0.010,0.830,0.160
631500,0.010,0.862,0.128
632000,0.010,0.970,0.020
632500,0.010,0.809,0.181
633000,0.010,0.950,0.040
633500,0.010,0.986,0.004
634000,0.010,0.984,0.006
634500,0.010,0.957,0.033
635000,0.010,0.985,0.005
635500,0.010,0.935,0.055
636000,0.010,0.788,0.202
636500,0.010,0.762,0.228
637000,0.010,0.968,0.022
637500,0.010,0.978,0.012
638000,0.010,0.737,0.253
638500,0.010,0.770,0.220
639000,0.010,0.934,0.056
639500,0.010,0.839,0.151
640000,0.010,0.966,0.024
640500,0.010,0.936,0.054
641000,0.010,0.981,0.009
641500,0.010,0.968,0.022
642000,0.010,0.925,0.065
642500,0.010,0.828,0.162
643000,0.010,0.981,0.009
643500,0.010,0.990,0.000
644000,0.010,0.898,0.092
644500,0.010,0.886,0.104
645000,0.010,0.951,0.039
645500,0.010,0.949,0.041
646000,0.010,0.813,0.177
646500,0.010,0.893,0.097
647000,0.010,0.919,0.071
647500,0.010,0.841,0.149
648000,0.010,0.900,0.090
648500,0.010,0.822,0.168
649000,0.010,0.895,0.095
649500,0.010,0.887,0.103
650000,0.010,0.976,0.014
650500,0.010,0.845,0.145
651000,0.010,0.945,0.045
651500,0.010,0.929,0.061
652000,0.010,0.988,0.002
652500,0.010,0.990,0.000
653000,0.010,0.990,0.000
653500,0.010,0.943,0.047
654000,0.010,0.750,0.240
654500,0.010,0.921,0.069
655000,0.010,0.911,0.079
655500,0.010,0.901,0.089
656000,0.010,0.938,0.052
656500,0.010,0.949,0.041
657000,0.010,0.981,0.009
657500,0.010,0.889,0.101
658000,0.010,0.934,0.056
658500,0.010,0.819,0.171
659000,0.010,0.959,0.031
659500,0.010,0.957,0.033
660000,0.010,0.989,0.001
660500,0.010,0.986,0.004
661000,0.010,0.888,0.102
661500,0.010,0.918,0.072
662000,0.010,0.970,0.020
662500,0.010,0.986,0.004
663000,0.010,0.968,0.022
663500,0.010,0.930,0.060
664000,0.010,0.913,0.077
664500,0.010,0.959,0.031
665000,0.010,0.928,0.062
665500,0.010,0.949,0.041
666000,0.010,0.954,0.036
666500,0.010,0.868,0.122
667000,0.010,0.815,0.175
667500,0.010,0.851,0.139
668000,0.010,0.906,0.084
668500,0.010,0.802,0.188
669000,0.010,0.972,0.018
669500,0.010,0.987,0.003
670000,0.010,0.790,0.200
670500,0.010,0.909,0.081
671000,0.010,0.888,0.102
671500,0.010,0.990,0.000
672000,0.010,0.926,0.064
672500,0.010,0.922,0.068
673000,0.010,0.909,0.081
673500,0.010,0.827,0.163
674000,0.010,0.988,0.002
674500,0.010,0.717,0.273
675000,0.010,0.868,0.122
675500,0.010,0.943,0.047
676000,0.010,0.989,0.001
676500,0.010,0.944,0.046
677000,0.010,0.727,0.263
677500,0.010,0.978,0.012
678000,0.010,0.957,0.033
678500,0.010,0.828,0.162
679000,0.010,0.927,0.063
679500,0.010,0.976,0.014
680000,0.010,0.932,0.058
680500,0.010,0.917,0.073
681000,0.010,0.797,0.193
681500,0.010,0.939,0.051
682000,0.010,0.933,0.057
682500,0.010,0.965,0.025
683000,0.010,0.938,0.052
683500,0.010,0.974,0.016
684000,0.010,0.914,0.076
684500,0.010,0.946,0.044
685000,0.010,0.848,0.142
685500,0.010,0.960,0.030
686000,0.010,0.899,0.091
686500,0.010,0.933,0.057
687000,0.010,0.934,0.056
687500,0.010,0.989,0.001
688000,0.010,0.967,0.023
688500,0.010,0.863,0.127
689000,0.010,0.990,0.000
689500,0.010,0.988,0.002
690000,0.010,0.947,0.043
690500,0.010,0.920,0.070
691000,0.010,0.973,0.017
691500,0.010,0.748,0.242
692000,0.010,0.812,0.178
692500,0.010,0.913,0.077
693000,0.010,0.929,0.061
693500,0.010,0.957,0.033
694000,0.010,0.969,0.021
694500,0.010,0.966,0.024
695000,0.010,0.963,0.027
695500,0.010,0.963,0.027
696000,0.010,0.962,0.028
696500,0.010,0.818,0.172
697000,0.010,0.988,0.002
697500,0.010,0.985,0.005
698000,0.010,0.832,0.158
698500,0.010,0.961,0.029
699000,0.010,0.802,0.188
699500,0.010,0.923,0.067
700000,0.010,0.946,0.044
700500,0.010,0.979,0.011
701000,0.010,0.888,0.102
701500,0.010,0.851,0.139
702000,0.010,0.974,0.016
702500,0.010,0.944,0.046
703000,0.010,0.954,0.036
703500,0.010,0.965,0.025
704000,0.010,0.896,0.094
704500,0.010,0.938,0.052
705000,0.010,0.969,0.021
705500,0.010,0.828,0.162
706000,0.010,0.935,0.055
706500,0.010,0.964,0.026
707000,0.010,0.903,0.087
707500,0.010,0.955,0.035
708000,0.010,0.940,0.050
708500,0.010,0.958,0.032
709000,0.010,0.913,0.077
709500,0.010,0.972,0.018
710000,0.010,0.947,0.043
710500,0.010,0.954,0.036
711000,0.010,0.964,0.026
711500,0.010,0.845,0.145
712000,0.010,0.937,0.053
712500,0.010,0.687,0.303
713000,0.010,0.972,0.018
713500,0.010,0.952,0.038
714000,0.010,0.938,0.052
714500,0.010,0.803,0.187
715000,0.010,0.980,0.010
715500,0.010,0.856,0.134
716000,0.010,0.989,0.001
716500,0.010,0.952,0.038
717000,0.010,0.981,0.009
717500,0.010,0.990,0.000
718000,0.010,0.939,0.051
718500,0.010,0.889,0.101
719000,0.010,0.928,0.062
719500,0.010,0.942,0.048
720000,0.010,0.964,0.026
720500,0.010,0.899,0.091
721000,0.010,0.911,0.079
721500,0.010,0.979,0.011
722000,0.010,0.951,0.039
722500,0.010,0.801,0.189
723000,0.010,0.959,0.031
723500,0.010,0.894,0.096
724000,0.010,0.942,0.048
724500,0.010,0.966,0.024
725000,0.010,0.964,0.026
725500,0.010,0.942,0.048
726000,0.010,0.909,0.081
726500,0.010,0.987,0.003
727000,0.010,0.793,0.197
727500,0.010,0.990,0.000
728000,0.010,0.972,0.018
728500,0.010,0.945,0.045
729000,0.010,0.946,0.044
729500,0.010,0.863,0.127
730000,0.010,0.959,0.031
730500,0.010,0.944,0.046
731000,0.010,0.969,0.021
731500,0.010,0.970,0.020
732000,0.010,0.962,0.028
732500,0.010,0.922,0.068
733000,0.010,0.982,0.008
733500,0.010,0.938,0.052
734000,0.010,0.988,0.002
734500,0.010,0.911,0.079
735000,0.010,0.964,0.026
735500,0.010,0.940,0.050
736000,0.010,0.830,0.160
736500,0.010,0.912,0.078
737000,0.010,0.982,0.008
737500,0.010,0.887,0.103
738000,0.010,0.947,0.043
738500,0.010,0.902,0.088
739000,0.010,0.938,0.052
739500,0.010,0.978,0.012
740000,0.010,0.912,0.078
740500,0.010,0.947,0.043
741000,0.010,0.961,0.029
741500,0.010,0.935,0.055
742000,0.010,0.986,0.004
742500,0.010,0.822,0.168
743000,0.010,0.970,0.020
743500,0.010,0.952,0.038
744000,0.010,0.986,0.004
744500,0.010,0.958,0.032
745000,0.010,0.926,0.064
745500,0.010,0.898,0.092
746000,0.010,0.914,0.076
746500,0.010,0.949,0.041
747000,0.010,0.921,0.069
747500,0.010,0.933,0.057
748000,0.010,0.976,0.014
748500,0.010,0.943,0.047
749000,0.010,0.948,0.042
749500,0.010,0.987,0.003
750000,0.010,0.931,0.059
750500,0.010,0.944,0.046
751000,0.010,0.938,0.052
751500,0.010,0.888,0.102
752000,0.010,0.912,0.078
752500,0.010,0.865,0.125
753000,0.010,0.964,0.026
753500,0.010,0.846,0.144
754000,0.010,0.966,0.024
754500,0.010,0.973,0.017
755000,0.010,0.748,0.242
755500,0.010,0.935,0.055
756000,0.010,0.821,0.169
756500,0.010,0.982,0.008
757000,0.010,0.990,0.000
757500,0.010,0.891,0.099
758000,0.010,0.978,0.012
758500,0.010,0.857,0.133
759000,0.010,0.873,0.117
759500,0.010,0.912,0.078
760000,0.010,0.969,0.021
760500,0.010,0.990,0.000
761000,0.010,0.763,0.227
761500,0.010,0.854,0.136
762000,0.010,0.977,0.013
762500,0.010,0.961,0.029
763000,0.010,0.911,0.079
763500,0.010,0.960,0.030
764000,0.010,0.850,0.140
764500,0.010,0.989,0.001
765000,0.010,0.968,0.022
765500,0.010,0.952,0.038
766000,0.010,0.886,0.104
766500,0.010,0.873,0.117
767000,0.010,0.987,0.003
767500,0.010,0.896,0.094
768000,0.010,0.980,0.010
768500,0.010,0.939,0.051
769000,0.010,0.900,0.090
769500,0.010,0.873,0.117
770000,0.010,0.928,0.062
770500,0.010,0.981,0.009
771000,0.010,0.884,0.106
771500,0.010,0.978,0.012
772000,0.010,0.986,0.004
772500,0.010,0.990,0.000
773000,0.010,0.947,0.043
773500,0.010,0.874,0.116
774000,0.010,0.889,0.101
774500,0.010,0.950,0.040
775000,0.010,0.976,0.014
775500,0.010,0.951,0.039
776000,0.010,0.943,0.047
776500,0.010,0.976,0.014
777000,0.010,0.927,0.063
777500,0.010,0.916,0.074
778000,0.010,0.900,0.090
778500,0.010,0.857,0.133
779000,0.010,0.986,0.004
779500,0.010,0.853,0.137
780000,0.010,0.958,0.032
780500,0.010,0.776,0.214
781000,0.010,0.890,0.100
781500,0.010,0.955,0.035
782000,0.010,0.990,0.000
782500,0.010,0.928,0.062
783000,0.010,0.959,0.031
783500,0.010,0.949,0.041
784000,0.010,0.990,0.000
784500,0.010,0.898,0.092
785000,0.010,0.978,0.012
785500,0.010,0.839,0.151
786000,0.010,0.968,0.022
786500,0.010,0.990,0.000
787000,0.010,0.990,0.000
787500,0.010,0.874,0.116
788000,0.010,0.894,0.096
788500,0.010,0.726,0.264
789000,0.010,0.835,0.155
789500,0.010,0.980,0.010
790000,0.010,0.988,0.002
790500,0.010,0.895,0.095
791000,0.010,0.931,0.059
791500,0.010,0.784,0.206
792000,0.010,0.828,0.162
792500,0.010,0.989,0.001
793000,0.010,0.985,0.005
793500,0.010,0.881,0.109
794000,0.010,0.885,0.105
794500,0.010,0.933,0.057
795000,0.010,0.937,0.053
795500,0.010,0.896,0.094
796000,0.010,0.914,0.076
796500,0.010,0.990,0.000
797000,0.010,0.989,0.001
797500,0.010,0.965,0.025
798000,0.010,0.829,0.161
798500,0.010,0.850,0.140
799000,0.010,0.940,0.050
799500,0.010,0.979,0.011
800000,0.010,0.970,0.020
800500,0.010,0.968,0.022
801000,0.010,0.788,0.202
801500,0.010,0.925,0.065
802000,0.010,0.864,0.126
802500,0.010,0.965,0.025
803000,0.010,0.823,0.167
803500,0.010,0.940,0.050
804000,0.010,0.968,0.022
804500,0.010,0.957,0.033
805000,0.010,0.882,0.108
805500,0.010,0.923,0.067
806000,0.010,0.990,0.000
806500,0.010,0.929,0.061
807000,0.010,0.878,0.112
807500,0.010,0.988,0.002
808000,0.010,0.983,0.007
808500,0.010,0.956,0.034
809000,0.010,0.854,0.136
809500,0.010,0.990,0.000
810000,0.010,0.909,0.081
810500,0.010,0.906,0.084
811000,0.010,0.956,0.034
811500,0.010,0.963,0.027
812000,0.010,0.914,0.076
812500,0.010,0.806,0.184
813000,0.010,0.843,0.147
813500,0.010,0.945,0.045
814000,0.010,0.976,0.014
814500,0.010,0.959,0.031
815000,0.010,0.988,0.002
815500,0.010,0.942,0.048
816000,0.010,0.972,0.018
816500,0.010,0.965,0.025
817000,0.010,0.879,0.111
817500,0.010,0.884,0.106
818000,0.010,0.976,0.014
818500,0.010,0.921,0.069
819000,0.010,0.883,0.107
819500,0.010,0.983,0.007
820000,0.010,0.969,0.021
820500,0.010,0.990,0.000
821000,0.010,0.939,0.051
821500,0.010,0.889,0.101
822000,0.010,0.981,0.009
822500,0.010,0.844,0.146
823000,0.010,0.977,0.013
823500,0.010,0.874,0.116
824000,0.010,0.937,0.053
824500,0.010,0.916,0.074
825000,0.010,0.970,0.020
825500,0.010,0.917,0.073
826000,0.010,0.926,0.064
826500,0.010,0.863,0.127
827000,0.010,0.930,0.060
827500,0.010,0.972,0.018
828000,0.010,0.972,0.018
828500,0.010,0.902,0.088
829000,0.010,0.874,0.116
829500,0.010,0.979,0.011
830000,0.010,0.861,0.129
830500,0.010,0.961,0.029
831000,0.010,0.832,0.158
831500,0.010,0.926,0.064
832000,0.010,0.840,0.150
832500,0.010,0.970,0.020
833000,0.010,0.971,0.019
833500,0.010,0.822,0.168
834000,0.010,0.930,0.060
834500,0.010,0.959,0.031
835000,0.010,0.971,0.019
835500,0.010,0.778,0.212
836000,0.010,0.752,0.238
836500,0.010,0.963,0.027
837000,0.010,0.986,0.004
837500,0.010,0.883,0.107
838000,0.010,0.990,0.000
838500,0.010,0.876,0.114
839000,0.010,0.728,0.262
839500,0.010,0.960,0.030
840000,0.010,0.895,0.095
840500,0.010,0.930,0.060
841000,0.010,0.937,0.053
841500,0.010,0.974,0.016
842000,0.010,0.978,0.012
842500,0.010,0.987,0.003
843000,0.010,0.977,0.013
843500,0.010,0.950,0.040
844000,0.010,0.957,0.033
844500,0.010,0.921,0.069
845000,0.010,0.902,0.088
845500,0.010,0.928,0.062
846000,0.010,0.890,0.100
846500,0.010,0.990,0.000
847000,0.010,0.985,0.005
847500,0.010,0.772,0.218
848000,0.010,0.748,0.242
848500,0.010,0.983,0.007
849000,0.010,0.925,0.065
849500,0.010,0.940,0.050
850000,0.010,0.771,0.219
850500,0.010,0.925,0.065
851000,0.010,0.965,0.025
851500,0.010,0.962,0.028
852000,0.010,0.945,0.045
852500,0.010,0.975,0.015
853000,0.010,0.973,0.017
853500,0.010,0.965,0.025
854000,0.010,0.895,0.095
854500,0.010,0.962,0.028
855000,0.010,0.982,0.008
855500,0.010,0.789,0.201
856000,0.010,0.936,0.054
856500,0.010,0.981,0.009
857000,0.010,0.982,0.008
857500,0.010,0.963,0.027
858000,0.010,0.989,0.001
858500,0.010,0.977,0.013
859000,0.010,0.963,0.027
859500,0.010,0.983,0.007
860000,0.010,0.914,0.076
860500,0.010,0.980,0.010
861000,0.010,0.984,0.006
861500,0.010,0.985,0.005
862000,0.010,0.917,0.073
862500,0.010,0.912,0.078
863000,0.010,0.982,0.008
863500,0.010,0.885,0.105
864000,0.010,0.937,0.053
864500,0.010,0.945,0.045
865000,0.010,0.872,0.118
865500,0.010,0.943,0.047
866000,0.010,0.937,0.053
866500,0.010,0.966,0.024
867000,0.010,0.989,0.001
867500,0.010,0.960,0.030
868000,0.010,0.917,0.073
868500,0.010,0.960,0.030
869000,0.010,0.971,0.019
869500,0.010,0.962,0.028
870000,0.010,0.797,0.193
870500,0.010,0.905,0.085
871000,0.010,0.960,0.030
871500,0.010,0.941,0.049
872000,0.010,0.950,0.040
872500,0.010,0.833,0.157
873000,0.010,0.882,0.108
873500,0.010,0.889,0.101
874000,0.010,0.958,0.032
874500,0.010,0.920,0.070
875000,0.010,0.918,0.072
875500,0.010,0.982,0.008
876000,0.010,0.691,0.299
876500,0.010,0.958,0.032
877000,0.010,0.945,0.045
877500,0.010,0.907,0.083
878000,0.010,0.966,0.024
878500,0.010,0.927,0.063
879000,0.010,0.935,0.055
879500,0.010,0.905,0.085
880000,0.010,0.949,0.041
880500,0.010,0.858,0.132
881000,0.010,0.900,0.090
881500,0.010,0.923,0.067
882000,0.010,0.990,0.000
882500,0.010,0.965,0.025
883000,0.010,0.817,0.173
883500,0.010,0.877,0.113
884000,0.010,0.954,0.036
884500,0.010,0.978,0.012
885000,0.010,0.864,0.126
885500,0.010,0.964,0.026
886000,0.010,0.959,0.031
886500,0.010,0.981,0.009
887000,0.010,0.915,0.075
887500,0.010,0.964,0.026
888000,0.010,0.937,0.053
888500,0.010,0.954,0.036
889000,0.010,0.945,0.045
889500,0.010,0.898,0.092
890000,0.010,0.922,0.068
890500,0.010,0.986,0.004
891000,0.010,0.968,0.022
891500,0.010,0.960,0.030
892000,0.010,0.925,0.065
892500,0.010,0.820,0.170
893000,0.010,0.944,0.046
893500,0.010,0.892,0.098
894000,0.010,0.988,0.002
894500,0.010,0.931,0.059
895000,0.010,0.869,0.121
895500,0.010,0.966,0.024
896000,0.010,0.922,0.068
896500,0.010,0.959,0.031
897000,0.010,0.925,0.065
897500,0.010,0.921,0.069
898000,0.010,0.917,0.073
898500,0.010,0.931,0.059
899000,0.010,0.935,0.055
899500,0.010,0.920,0.070
900000,0.010,0.967,0.023
900500,0.010,0.936,0.054
901000,0.010,0.881,0.109
901500,0.010,0.757,0.233
902000,0.010,0.921,0.069
902500,0.010,0.990,0.000
903000,0.010,0.989,0.001
903500,0.010,0.971,0.019
904000,0.010,0.990,0.000
904500,0.010,0.990,0.000
905000,0.010,0.940,0.050
905500,0.010,0.936,0.054
906000,0.010,0.954,0.036
906500,0.010,0.908,0.082
907000,0.010,0.810,0.180
907500,0.010,0.917,0.073
908000,0.010,0.912,0.078
908500,0.010,0.959,0.031
909000,0.010,0.798,0.192
909500,0.010,0.911,0.079
910000,0.010,0.988,0.002
910500,0.010,0.966,0.024
911000,0.010,0.969,0.021
911500,0.010,0.971,0.019
912000,0.010,0.978,0.012
912500,0.010,0.952,0.038
913000,0.010,0.941,0.049
913500,0.010,0.856,0.134
914000,0.010,0.916,0.074
914500,0.010,0.989,0.001
915000,0.010,0.987,0.003
915500,0.010,0.986,0.004
916000,0.010,0.936,0.054
916500,0.010,0.977,0.013
917000,0.010,0.942,0.048
917500,0.010,0.816,0.174
918000,0.010,0.743,0.247
918500,0.010,0.978,0.012
919000,0.010,0.953,0.037
919500,0.010,0.985,0.005
920000,0.010,0.925,0.065
920500,0.010,0.990,0.000
921000,0.010,0.957,0.033
921500,0.010,0.826,0.164
922000,0.010,0.909,0.081
922500,0.010,0.906,0.084
923000,0.010,0.894,0.096
923500,0.010,0.816,0.174
924000,0.010,0.845,0.145
924500,0.010,0.855,0.135
925000,0.010,0.941,0.049
925500,0.010,0.924,0.066
926000,0.010,0.947,0.043
926500,0.010,0.940,0.050
927000,0.010,0.866,0.124
927500,0.010,0.976,0.014
928000,0.010,0.962,0.028
928500,0.010,0.913,0.077
929000,0.010,0.930,0.060
929500,0.010,0.990,0.000
930000,0.010,0.989,0.001
930500,0.010,0.959,0.031
931000,0.010,0.798,0.192
931500,0.010,0.988,0.002
932000,0.010,0.979,0.011
932500,0.010,0.864,0.126
933000,0.010,0.960,0.030
933500,0.010,0.954,0.036
934000,0.010,0.546,0.444
934500,0.010,0.990,0.000
935000,0.010,0.929,0.061
935500,0.010,0.816,0.174
936000,0.010,0.959,0.031
936500,0.010,0.878,0.112
937000,0.010,0.971,0.019
937500,0.010,0.920,0.070
938000,0.010,0.959,0.031
938500,0.010,0.958,0.032
939000,0.010,0.923,0.067
939500,0.010,0.839,0.151
940000,0.010,0.839,0.151
940500,0.010,0.937,0.053
941000,0.010,0.935,0.055
941500,0.010,0.990,0.000
942000,0.010,0.893,0.097
942500,0.010,0.918,0.072
943000,0.010,0.988,0.002
943500,0.010,0.938,0.052
944000,0.010,0.990,0.000
944500,0.010,0.985,0.005
945000,0.010,0.976,0.014
945500,0.010,0.913,0.077
946000,0.010,0.979,0.011
946500,0.010,0.908,0.082
947000,0.010,0.933,0.057
947500,0.010,0.955,0.035
948000,0.010,0.950,0.040
948500,0.010,0.981,0.009
949000,0.010,0.936,0.054
949500,0.010,0.897,0.093
950000,0.010,0.961,0.029
950500,0.010,0.965,0.025
951000,0.010,0.938,0.052
951500,0.010,0.904,0.086
952000,0.010,0.956,0.034
952500,0.010,0.987,0.003
953000,0.010,0.944,0.046
953500,0.010,0.989,0.001
954000,0.010,0.985,0.005
954500,0.010,0.915,0.075
955000,0.010,0.812,0.178
955500,0.010,0.919,0.071
956000,0.010,0.974,0.016
956500,0.010,0.925,0.065
957000,0.010,0.953,0.037
957500,0.010,0.980,0.010
958000,0.010,0.980,0.010
958500,0.010,0.986,0.004
959000,0.010,0.976,0.014
959500,0.010,0.930,0.060
960000,0.010,0.967,0.023
960500,0.010,0.989,0.001
961000,0.010,0.971,0.019
961500,0.010,0.963,0.027
962000,0.010,0.859,0.131
962500,0.010,0.990,0.000
963000,0.010,0.982,0.008
963500,0.010,0.943,0.047
964000,0.010,0.914,0.076
964500,0.010,0.930,0.060
965000,0.010,0.988,0.002
965500,0.010,0.941,0.049
966000,0.010,0.985,0.005
966500,0.010,0.942,0.048
967000,0.010,0.876,0.114
967500,0.010,0.987,0.003
968000,0.010,0.926,0.064
968500,0.010,0.969,0.021
969000,0.010,0.902,0.088
969500,0.010,0.680,0.310
970000,0.010,0.957,0.033
970500,0.010,0.917,0.073
971000,0.010,0.821,0.169
971500,0.010,0.773,0.217
972000,0.010,0.973,0.017
972500,0.010,0.980,0.010
973000,0.010,0.871,0.119
973500,0.010,0.957,0.033
974000,0.010,0.870,0.120
974500,0.010,0.979,0.011
975000,0.010,0.808,0.182
975500,0.010,0.946,0.044
976000,0.010,0.915,0.075
976500,0.010,0.988,0.002
977000,0.010,0.946,0.044
977500,0.010,0.856,0.134
978000,0.010,0.932,0.058
978500,0.010,0.954,0.036
979000,0.010,0.829,0.161
979500,0.010,0.952,0.038
980000,0.010,0.917,0.073
980500,0.010,0.919,0.071
981000,0.010,0.918,0.072
981500,0.010,0.955,0.035
982000,0.010,0.985,0.005
982500,0.010,0.931,0.059
983000,0.010,0.877,0.113
983500,0.010,0.886,0.104
984000,0.010,0.978,0.012
984500,0.010,0.926,0.064
985000,0.010,0.905,0.085
985500,0.010,0.900,0.090
986000,0.010,0.944,0.046
986500,0.010,0.987,0.003
987000,0.010,0.955,0.035
987500,0.010,0.988,0.002
988000,0.010,0.967,0.023
988500,0.010,0.879,0.111
989000,0.010,0.972,0.018
989500,0.010,0.986,0.004
990000,0.010,0.990,0.000
990500,0.010,0.978,0.012
991000,0.010,0.978,0.012
991500,0.010,0.967,0.023
992000,0.010,0.944,0.046
992500,0.010,0.869,0.121
993000,0.010,0.912,0.078
993500,0.010,0.884,0.106
994000,0.010,0.820,0.170
994500,0.010,0.947,0.043
995000,0.010,0.935,0.055
995500,0.010,0.980,0.010
996000,0.010,0.946,0.044
996500,0.010,0.887,0.103
997000,0.010,0.958,0.032
997500,0.010,0.976,0.014
998000,0.010,0.906,0.084
998500,0.010,0.828,0.162
999000,0.010,0.902,0.088
999500,0.010,0.742,0.248
1000000,0.010,0.986,0.004
