time,n_A+p,n_B,n_AB
100,0.435,0.380,0.185
200,0.413,0.304,0.283
300,0.446,0.207,0.348
400,0.467,0.272,0.261
500,0.457,0.348,0.196
600,0.511,0.228,0.261
700,0.511,0.217,0.272
800,0.543,0.239,0.217
900,0.598,0.152,0.250
1000,0.652,0.163,0.185
1100,0.641,0.109,0.250
1200,0.739,0.065,0.196
1300,0.859,0.076,0.065
1400,0.837,0.043,0.120
1500,0.935,0.022,0.043
1600,0.957,0.000,0.043
1700,0.957,0.000,0.043
1800,0.967,0.022,0.011
1900,0.978,0.000,0.022
2000,0.989,0.000,0.011
2100,1.000,0.000,0.000
