time,n_A+p,n_B,n_AB
500,0.050,0.907,0.042
1000,0.050,0.863,0.087
1500,0.050,0.793,0.157
2000,0.050,0.726,0.224
2500,0.050,0.664,0.286
3000,0.052,0.585,0.363
3500,0.052,0.490,0.457
4000,0.054,0.411,0.534
4500,0.059,0.366,0.576
5000,0.071,0.314,0.615
5500,0.068,0.289,0.643
6000,0.080,0.248,0.671
6500,0.089,0.230,0.681
7000,0.092,0.209,0.698
7500,0.106,0.180,0.713
8000,0.107,0.152,0.740
8500,0.117,0.137,0.746
9000,0.107,0.119,0.773
9500,0.121,0.102,0.776
10000,0.133,0.086,0.781
10500,0.141,0.095,0.764
11000,0.141,0.087,0.772
11500,0.153,0.085,0.762
12000,0.144,0.072,0.784
12500,0.159,0.072,0.768
13000,0.155,0.070,0.774
13500,0.160,0.074,0.765
14000,0.151,0.087,0.761
14500,0.164,0.072,0.764
15000,0.173,0.062,0.765
15500,0.173,0.064,0.763
16000,0.167,0.076,0.756
16500,0.168,0.071,0.761
17000,0.159,0.076,0.765
17500,0.160,0.076,0.763
18000,0.159,0.067,0.774
18500,0.171,0.071,0.758
19000,0.160,0.061,0.778
19500,0.167,0.069,0.765
20000,0.154,0.069,0.777
20500,0.161,0.057,0.782
21000,0.163,0.054,0.783
21500,0.170,0.065,0.765
22000,0.161,0.063,0.776
22500,0.164,0.066,0.770
23000,0.163,0.065,0.772
23500,0.165,0.059,0.776
24000,0.168,0.076,0.756
24500,0.161,0.079,0.761
25000,0.162,0.082,0.757
25500,0.168,0.078,0.754
26000,0.175,0.084,0.741
26500,0.164,0.099,0.737
27000,0.172,0.074,0.755
27500,0.171,0.074,0.755
28000,0.179,0.070,0.751
28500,0.174,0.066,0.760
29000,0.176,0.069,0.755
29500,0.172,0.068,0.760
30000,0.155,0.074,0.771
30500,0.159,0.069,0.772
31000,0.163,0.059,0.777
31500,0.163,0.062,0.775
32000,0.169,0.065,0.766
32500,0.158,0.059,0.784
33000,0.165,0.062,0.773
33500,0.169,0.065,0.767
34000,0.175,0.063,0.762
34500,0.176,0.052,0.771
35000,0.174,0.056,0.770
35500,0.171,0.051,0.778
36000,0.173,0.068,0.759
36500,0.159,0.075,0.767
37000,0.151,0.070,0.779
37500,0.157,0.067,0.776
38000,0.155,0.069,0.776
38500,0.159,0.074,0.767
39000,0.161,0.065,0.774
39500,0.167,0.072,0.761
40000,0.163,0.066,0.772
40500,0.168,0.062,0.769
41000,0.158,0.067,0.775
41500,0.165,0.064,0.771
42000,0.185,0.063,0.752
42500,0.177,0.054,0.768
43000,0.162,0.059,0.779
43500,0.161,0.065,0.775
44000,0.173,0.066,0.761
44500,0.189,0.069,0.742
45000,0.188,0.080,0.733
45500,0.171,0.069,0.760
46000,0.158,0.070,0.772
46500,0.165,0.075,0.760
47000,0.172,0.079,0.750
47500,0.166,0.078,0.757
48000,0.167,0.077,0.755
48500,0.181,0.064,0.755
49000,0.186,0.065,0.750
49500,0.175,0.060,0.764
50000,0.183,0.058,0.758
50500,0.179,0.073,0.747
51000,0.190,0.075,0.735
51500,0.187,0.080,0.733
52000,0.181,0.086,0.733
52500,0.175,0.073,0.752
53000,0.173,0.071,0.755
53500,0.167,0.071,0.763
54000,0.155,0.071,0.773
54500,0.166,0.058,0.776
55000,0.188,0.054,0.758
55500,0.186,0.052,0.762
56000,0.190,0.051,0.759
56500,0.189,0.053,0.758
57000,0.182,0.057,0.761
57500,0.168,0.070,0.762
58000,0.170,0.076,0.754
58500,0.170,0.065,0.766
59000,0.168,0.068,0.764
59500,0.182,0.065,0.753
60000,0.183,0.067,0.750
60500,0.174,0.066,0.760
61000,0.168,0.061,0.770
61500,0.165,0.069,0.766
62000,0.155,0.070,0.775
62500,0.161,0.074,0.765
63000,0.161,0.075,0.764
63500,0.174,0.076,0.750
64000,0.183,0.071,0.746
64500,0.195,0.069,0.737
65000,0.190,0.053,0.757
65500,0.189,0.059,0.752
66000,0.183,0.051,0.765
66500,0.194,0.057,0.749
67000,0.196,0.057,0.748
67500,0.195,0.060,0.744
68000,0.194,0.051,0.756
68500,0.202,0.050,0.748
69000,0.196,0.049,0.756
69500,0.197,0.051,0.752
70000,0.196,0.043,0.762
70500,0.182,0.046,0.771
71000,0.190,0.049,0.761
71500,0.176,0.053,0.770
72000,0.170,0.051,0.779
72500,0.158,0.060,0.782
73000,0.162,0.058,0.780
73500,0.150,0.065,0.785
74000,0.154,0.076,0.769
74500,0.159,0.073,0.768
75000,0.166,0.069,0.765
75500,0.153,0.069,0.778
76000,0.162,0.067,0.772
76500,0.165,0.067,0.769
77000,0.170,0.075,0.756
77500,0.174,0.066,0.761
78000,0.181,0.061,0.757
78500,0.178,0.070,0.752
79000,0.191,0.064,0.745
79500,0.187,0.069,0.744
80000,0.191,0.069,0.740
80500,0.175,0.060,0.764
81000,0.169,0.062,0.769
81500,0.177,0.062,0.760
82000,0.171,0.061,0.768
82500,0.180,0.053,0.767
83000,0.179,0.049,0.772
83500,0.183,0.056,0.761
84000,0.173,0.052,0.774
84500,0.177,0.057,0.766
85000,0.172,0.049,0.779
85500,0.167,0.059,0.775
86000,0.182,0.054,0.763
86500,0.185,0.067,0.748
87000,0.172,0.064,0.764
87500,0.163,0.072,0.764
88000,0.172,0.074,0.753
88500,0.169,0.070,0.761
89000,0.172,0.075,0.753
89500,0.184,0.066,0.750
90000,0.193,0.075,0.733
90500,0.191,0.064,0.746
91000,0.186,0.059,0.755
91500,0.171,0.055,0.774
92000,0.195,0.057,0.748
92500,0.183,0.051,0.765
93000,0.190,0.054,0.756
93500,0.170,0.060,0.770
94000,0.175,0.053,0.771
94500,0.168,0.074,0.759
95000,0.165,0.067,0.768
95500,0.148,0.077,0.775
96000,0.147,0.082,0.771
96500,0.141,0.096,0.763
97000,0.145,0.093,0.762
97500,0.148,0.078,0.774
98000,0.153,0.061,0.786
98500,0.151,0.074,0.774
99000,0.150,0.081,0.769
99500,0.154,0.083,0.763
100000,0.150,0.088,0.761
100500,0.146,0.083,0.771
101000,0.154,0.072,0.774
101500,0.160,0.077,0.764
102000,0.169,0.072,0.759
102500,0.170,0.067,0.763
103000,0.174,0.071,0.755
103500,0.175,0.079,0.746
104000,0.184,0.065,0.751
104500,0.163,0.073,0.764
105000,0.157,0.069,0.775
105500,0.145,0.065,0.790
106000,0.164,0.066,0.771
106500,0.155,0.063,0.782
107000,0.147,0.064,0.789
107500,0.143,0.091,0.766
108000,0.140,0.077,0.782
108500,0.149,0.086,0.765
109000,0.132,0.081,0.787
109500,0.137,0.080,0.784
110000,0.130,0.083,0.788
110500,0.153,0.076,0.770
111000,0.158,0.073,0.769
111500,0.172,0.069,0.760
112000,0.160,0.072,0.767
112500,0.177,0.078,0.745
113000,0.162,0.073,0.765
113500,0.183,0.054,0.763
114000,0.190,0.062,0.748
114500,0.200,0.068,0.733
115000,0.201,0.056,0.743
115500,0.195,0.066,0.740
116000,0.203,0.063,0.734
116500,0.203,0.052,0.745
117000,0.193,0.051,0.755
117500,0.177,0.048,0.775
118000,0.181,0.052,0.766
118500,0.173,0.054,0.773
119000,0.185,0.054,0.760
119500,0.179,0.055,0.766
120000,0.178,0.064,0.758
120500,0.179,0.084,0.737
121000,0.181,0.070,0.748
121500,0.176,0.068,0.756
122000,0.176,0.072,0.752
122500,0.186,0.070,0.743
123000,0.181,0.066,0.753
123500,0.179,0.059,0.761
124000,0.173,0.063,0.764
124500,0.163,0.057,0.780
125000,0.167,0.060,0.772
125500,0.167,0.061,0.772
126000,0.175,0.061,0.764
126500,0.173,0.061,0.766
127000,0.186,0.061,0.753
127500,0.194,0.059,0.748
128000,0.183,0.061,0.756
128500,0.184,0.067,0.750
129000,0.179,0.071,0.750
129500,0.180,0.069,0.752
130000,0.165,0.060,0.776
130500,0.179,0.064,0.757
131000,0.175,0.067,0.758
131500,0.187,0.070,0.743
132000,0.195,0.065,0.740
132500,0.191,0.057,0.752
133000,0.170,0.064,0.766
133500,0.179,0.058,0.763
134000,0.192,0.059,0.750
134500,0.176,0.059,0.766
135000,0.183,0.061,0.755
135500,0.171,0.072,0.757
136000,0.175,0.070,0.755
136500,0.172,0.068,0.760
137000,0.176,0.067,0.757
137500,0.176,0.068,0.756
138000,0.178,0.069,0.752
138500,0.182,0.089,0.729
139000,0.167,0.077,0.756
139500,0.170,0.078,0.753
140000,0.156,0.081,0.763
140500,0.161,0.063,0.776
141000,0.172,0.076,0.752
141500,0.178,0.081,0.741
142000,0.183,0.074,0.742
142500,0.172,0.071,0.757
143000,0.171,0.070,0.758
143500,0.176,0.073,0.751
144000,0.162,0.070,0.768
144500,0.179,0.071,0.750
145000,0.172,0.061,0.768
145500,0.175,0.068,0.756
146000,0.180,0.062,0.757
146500,0.175,0.060,0.764
147000,0.172,0.068,0.760
147500,0.145,0.072,0.782
148000,0.161,0.064,0.775
148500,0.167,0.073,0.761
149000,0.154,0.072,0.773
149500,0.163,0.065,0.772
150000,0.159,0.054,0.787
150500,0.161,0.055,0.784
151000,0.182,0.051,0.768
151500,0.177,0.054,0.768
152000,0.182,0.063,0.754
152500,0.173,0.057,0.770
153000,0.186,0.070,0.744
153500,0.168,0.070,0.761
154000,0.172,0.076,0.752
154500,0.175,0.069,0.756
155000,0.163,0.069,0.768
155500,0.178,0.068,0.754
156000,0.168,0.071,0.761
156500,0.157,0.075,0.769
157000,0.148,0.073,0.778
157500,0.173,0.066,0.761
158000,0.162,0.076,0.762
158500,0.169,0.087,0.744
159000,0.160,0.077,0.764
159500,0.150,0.070,0.779
160000,0.154,0.063,0.782
160500,0.162,0.063,0.775
161000,0.165,0.058,0.777
161500,0.162,0.059,0.779
162000,0.156,0.061,0.783
162500,0.160,0.062,0.777
163000,0.174,0.056,0.769
163500,0.174,0.059,0.766
164000,0.162,0.067,0.771
164500,0.153,0.072,0.775
165000,0.153,0.079,0.768
165500,0.157,0.074,0.768
166000,0.165,0.084,0.752
166500,0.158,0.089,0.754
167000,0.161,0.080,0.760
167500,0.172,0.075,0.753
168000,0.154,0.067,0.779
168500,0.154,0.065,0.780
169000,0.158,0.079,0.764
169500,0.175,0.072,0.752
170000,0.157,0.067,0.776
170500,0.156,0.066,0.778
171000,0.144,0.059,0.797
171500,0.149,0.061,0.790
172000,0.169,0.062,0.769
172500,0.169,0.060,0.771
173000,0.165,0.065,0.770
173500,0.159,0.070,0.772
174000,0.160,0.066,0.775
174500,0.161,0.067,0.772
175000,0.159,0.069,0.772
175500,0.160,0.062,0.778
176000,0.164,0.060,0.775
176500,0.165,0.068,0.767
177000,0.177,0.070,0.752
177500,0.164,0.073,0.763
178000,0.178,0.072,0.750
178500,0.184,0.059,0.757
179000,0.195,0.056,0.750
179500,0.175,0.064,0.761
180000,0.182,0.057,0.760
180500,0.179,0.048,0.773
181000,0.178,0.056,0.766
181500,0.168,0.054,0.778
182000,0.185,0.056,0.759
182500,0.171,0.060,0.769
183000,0.173,0.055,0.771
183500,0.165,0.060,0.776
184000,0.163,0.069,0.768
184500,0.167,0.062,0.772
185000,0.175,0.067,0.758
185500,0.169,0.069,0.762
186000,0.166,0.070,0.764
186500,0.170,0.068,0.763
187000,0.163,0.056,0.782
187500,0.171,0.060,0.769
188000,0.188,0.070,0.743
188500,0.171,0.064,0.765
189000,0.169,0.058,0.773
189500,0.163,0.054,0.783
190000,0.164,0.071,0.765
190500,0.171,0.065,0.764
191000,0.179,0.068,0.753
191500,0.165,0.081,0.754
192000,0.167,0.088,0.745
192500,0.165,0.084,0.752
193000,0.162,0.073,0.766
193500,0.174,0.077,0.749
194000,0.173,0.065,0.762
194500,0.175,0.055,0.770
195000,0.166,0.052,0.782
195500,0.181,0.058,0.761
196000,0.190,0.056,0.755
196500,0.195,0.048,0.757
197000,0.193,0.056,0.751
197500,0.196,0.045,0.759
198000,0.181,0.073,0.746
198500,0.180,0.067,0.753
199000,0.189,0.059,0.752
199500,0.175,0.065,0.760
200000,0.179,0.062,0.759
200500,0.167,0.074,0.759
201000,0.162,0.083,0.755
201500,0.143,0.076,0.781
202000,0.144,0.081,0.775
202500,0.141,0.072,0.786
203000,0.148,0.080,0.772
203500,0.158,0.082,0.761
204000,0.159,0.083,0.759
204500,0.160,0.086,0.753
205000,0.161,0.090,0.748
205500,0.163,0.082,0.756
206000,0.147,0.072,0.780
206500,0.147,0.061,0.791
207000,0.167,0.070,0.763
207500,0.165,0.066,0.769
208000,0.173,0.069,0.758
208500,0.183,0.066,0.751
209000,0.189,0.052,0.759
209500,0.191,0.052,0.757
210000,0.208,0.064,0.728
210500,0.191,0.056,0.753
211000,0.180,0.054,0.765
211500,0.188,0.053,0.759
212000,0.180,0.048,0.771
212500,0.188,0.067,0.746
213000,0.186,0.063,0.751
213500,0.188,0.057,0.756
214000,0.199,0.060,0.741
214500,0.200,0.058,0.742
215000,0.196,0.060,0.744
215500,0.190,0.057,0.754
216000,0.194,0.052,0.754
216500,0.185,0.060,0.754
217000,0.192,0.060,0.748
217500,0.183,0.053,0.764
218000,0.175,0.050,0.775
218500,0.175,0.058,0.766
219000,0.185,0.058,0.757
219500,0.186,0.072,0.742
220000,0.173,0.069,0.758
220500,0.173,0.069,0.758
221000,0.172,0.061,0.767
221500,0.172,0.074,0.753
222000,0.166,0.074,0.760
222500,0.166,0.068,0.767
223000,0.175,0.067,0.758
223500,0.165,0.069,0.767
224000,0.160,0.074,0.766
224500,0.169,0.070,0.762
225000,0.166,0.078,0.756
225500,0.164,0.082,0.755
226000,0.159,0.070,0.771
226500,0.164,0.068,0.768
227000,0.168,0.046,0.786
227500,0.179,0.045,0.776
228000,0.196,0.039,0.765
228500,0.202,0.040,0.759
229000,0.203,0.047,0.750
229500,0.194,0.059,0.747
230000,0.182,0.059,0.759
230500,0.181,0.068,0.751
231000,0.174,0.062,0.764
231500,0.185,0.064,0.751
232000,0.182,0.060,0.758
232500,0.198,0.054,0.748
233000,0.197,0.051,0.752
233500,0.186,0.058,0.756
234000,0.193,0.052,0.754
234500,0.175,0.052,0.772
235000,0.165,0.067,0.768
235500,0.187,0.066,0.747
236000,0.183,0.056,0.761
236500,0.193,0.061,0.746
237000,0.184,0.058,0.759
237500,0.190,0.069,0.742
238000,0.182,0.067,0.751
238500,0.186,0.059,0.755
239000,0.189,0.045,0.766
239500,0.181,0.051,0.767
240000,0.194,0.058,0.749
240500,0.182,0.070,0.748
241000,0.175,0.061,0.763
241500,0.172,0.054,0.774
242000,0.180,0.056,0.763
242500,0.188,0.056,0.756
243000,0.185,0.058,0.757
243500,0.189,0.058,0.754
244000,0.191,0.074,0.734
244500,0.192,0.070,0.738
245000,0.191,0.066,0.743
245500,0.213,0.066,0.721
246000,0.202,0.070,0.729
246500,0.197,0.060,0.743
247000,0.184,0.058,0.759
247500,0.193,0.052,0.755
248000,0.194,0.058,0.749
248500,0.181,0.062,0.756
249000,0.171,0.074,0.755
249500,0.167,0.074,0.759
250000,0.171,0.070,0.759
250500,0.186,0.058,0.755
251000,0.181,0.071,0.748
251500,0.178,0.062,0.760
252000,0.177,0.064,0.759
252500,0.173,0.061,0.765
253000,0.198,0.066,0.737
253500,0.201,0.059,0.740
254000,0.184,0.057,0.760
254500,0.187,0.068,0.745
255000,0.200,0.056,0.744
255500,0.192,0.045,0.763
256000,0.188,0.059,0.754
256500,0.182,0.066,0.752
257000,0.182,0.058,0.761
257500,0.184,0.065,0.751
258000,0.174,0.059,0.766
258500,0.168,0.070,0.762
259000,0.167,0.070,0.763
259500,0.158,0.073,0.769
260000,0.167,0.059,0.773
260500,0.168,0.058,0.774
261000,0.164,0.062,0.774
261500,0.161,0.070,0.770
262000,0.159,0.067,0.774
262500,0.177,0.070,0.753
263000,0.169,0.075,0.757
263500,0.171,0.070,0.759
264000,0.159,0.065,0.776
264500,0.175,0.073,0.751
265000,0.172,0.071,0.756
265500,0.185,0.062,0.752
266000,0.189,0.051,0.760
266500,0.180,0.059,0.760
267000,0.195,0.067,0.739
267500,0.182,0.067,0.752
268000,0.174,0.069,0.757
268500,0.181,0.064,0.755
269000,0.184,0.063,0.752
269500,0.171,0.073,0.756
270000,0.171,0.075,0.754
270500,0.159,0.063,0.778
271000,0.170,0.063,0.768
271500,0.173,0.068,0.759
272000,0.161,0.071,0.768
272500,0.158,0.069,0.774
273000,0.165,0.061,0.774
273500,0.173,0.059,0.767
274000,0.177,0.051,0.771
274500,0.179,0.062,0.758
275000,0.198,0.060,0.742
275500,0.189,0.055,0.756
276000,0.197,0.060,0.743
276500,0.195,0.056,0.750
277000,0.202,0.056,0.743
277500,0.192,0.048,0.760
278000,0.184,0.051,0.764
278500,0.190,0.046,0.764
279000,0.180,0.070,0.751
279500,0.186,0.070,0.743
280000,0.197,0.062,0.741
280500,0.187,0.051,0.761
281000,0.191,0.059,0.749
281500,0.179,0.071,0.750
282000,0.172,0.059,0.768
282500,0.186,0.058,0.755
283000,0.186,0.063,0.751
283500,0.179,0.066,0.755
284000,0.181,0.073,0.745
284500,0.181,0.067,0.752
285000,0.181,0.057,0.761
285500,0.183,0.067,0.750
286000,0.188,0.057,0.756
286500,0.190,0.050,0.760
287000,0.179,0.048,0.773
287500,0.191,0.052,0.757
288000,0.210,0.059,0.731
288500,0.215,0.057,0.728
289000,0.209,0.051,0.739
289500,0.201,0.056,0.743
290000,0.180,0.063,0.756
290500,0.181,0.061,0.757
291000,0.167,0.073,0.760
291500,0.168,0.068,0.764
292000,0.167,0.072,0.760
292500,0.175,0.075,0.749
293000,0.166,0.082,0.752
293500,0.149,0.066,0.785
294000,0.148,0.066,0.786
294500,0.148,0.068,0.784
295000,0.162,0.066,0.772
295500,0.174,0.057,0.770
296000,0.180,0.064,0.757
296500,0.173,0.062,0.765
297000,0.172,0.065,0.764
297500,0.196,0.068,0.737
298000,0.199,0.068,0.734
298500,0.192,0.057,0.752
299000,0.195,0.056,0.749
299500,0.207,0.048,0.746
300000,0.203,0.053,0.743
300500,0.190,0.046,0.764
301000,0.189,0.049,0.762
301500,0.198,0.056,0.746
302000,0.194,0.062,0.744
302500,0.176,0.067,0.758
303000,0.181,0.059,0.759
303500,0.187,0.070,0.743
304000,0.182,0.062,0.756
304500,0.171,0.081,0.748
305000,0.164,0.074,0.762
305500,0.159,0.059,0.782
306000,0.157,0.073,0.771
306500,0.153,0.068,0.778
307000,0.173,0.074,0.752
307500,0.180,0.075,0.744
308000,0.163,0.081,0.756
308500,0.167,0.064,0.770
309000,0.170,0.056,0.774
309500,0.170,0.056,0.774
310000,0.172,0.059,0.769
310500,0.180,0.059,0.760
311000,0.189,0.066,0.745
311500,0.192,0.061,0.747
312000,0.185,0.059,0.756
312500,0.172,0.060,0.768
313000,0.186,0.052,0.761
313500,0.176,0.045,0.779
314000,0.184,0.059,0.756
314500,0.185,0.047,0.767
315000,0.182,0.048,0.769
315500,0.193,0.058,0.749
316000,0.171,0.064,0.765
316500,0.173,0.057,0.769
317000,0.175,0.054,0.770
317500,0.170,0.059,0.771
318000,0.165,0.060,0.776
318500,0.173,0.066,0.761
319000,0.167,0.062,0.770
319500,0.168,0.060,0.772
320000,0.177,0.056,0.767
320500,0.176,0.055,0.768
321000,0.179,0.061,0.759
321500,0.176,0.060,0.764
322000,0.178,0.067,0.756
322500,0.195,0.068,0.737
323000,0.175,0.062,0.762
323500,0.167,0.059,0.773
324000,0.170,0.055,0.775
324500,0.202,0.054,0.744
325000,0.202,0.053,0.745
325500,0.219,0.041,0.740
326000,0.217,0.055,0.727
326500,0.209,0.059,0.732
327000,0.202,0.049,0.750
327500,0.199,0.047,0.754
328000,0.202,0.063,0.735
328500,0.174,0.069,0.756
329000,0.168,0.073,0.758
329500,0.168,0.068,0.764
330000,0.164,0.065,0.772
330500,0.164,0.075,0.761
331000,0.185,0.071,0.744
331500,0.189,0.066,0.745
332000,0.179,0.071,0.750
332500,0.172,0.059,0.770
333000,0.181,0.070,0.749
333500,0.178,0.072,0.750
334000,0.176,0.061,0.762
334500,0.172,0.069,0.758
335000,0.178,0.059,0.762
335500,0.169,0.064,0.767
336000,0.170,0.057,0.774
336500,0.161,0.049,0.790
337000,0.166,0.057,0.777
337500,0.166,0.059,0.776
338000,0.162,0.053,0.784
338500,0.173,0.064,0.763
339000,0.179,0.065,0.756
339500,0.173,0.065,0.762
340000,0.171,0.064,0.765
340500,0.183,0.070,0.747
341000,0.170,0.075,0.754
341500,0.175,0.081,0.744
342000,0.152,0.068,0.780
342500,0.146,0.070,0.784
343000,0.147,0.085,0.768
343500,0.153,0.077,0.769
344000,0.164,0.073,0.763
344500,0.152,0.062,0.785
345000,0.162,0.071,0.767
345500,0.169,0.065,0.766
346000,0.193,0.061,0.746
346500,0.187,0.049,0.764
347000,0.172,0.052,0.775
347500,0.184,0.066,0.751
348000,0.174,0.066,0.760
348500,0.178,0.065,0.757
349000,0.175,0.056,0.769
349500,0.176,0.067,0.757
350000,0.189,0.057,0.755
350500,0.171,0.057,0.772
351000,0.180,0.063,0.757
351500,0.172,0.064,0.764
352000,0.176,0.058,0.766
352500,0.191,0.057,0.752
353000,0.202,0.060,0.738
353500,0.196,0.059,0.746
354000,0.197,0.054,0.749
354500,0.210,0.047,0.743
355000,0.216,0.056,0.727
355500,0.200,0.061,0.739
356000,0.196,0.071,0.733
356500,0.196,0.065,0.739
357000,0.189,0.057,0.754
357500,0.189,0.056,0.755
358000,0.202,0.059,0.740
358500,0.199,0.062,0.739
359000,0.193,0.070,0.736
359500,0.203,0.061,0.736
360000,0.197,0.065,0.738
360500,0.186,0.072,0.742
361000,0.183,0.071,0.745
361500,0.178,0.064,0.759
362000,0.173,0.074,0.753
362500,0.178,0.081,0.741
363000,0.178,0.084,0.738
363500,0.160,0.075,0.765
364000,0.167,0.058,0.775
364500,0.173,0.058,0.769
365000,0.194,0.049,0.757
365500,0.203,0.051,0.746
366000,0.203,0.052,0.745
366500,0.216,0.070,0.714
367000,0.209,0.067,0.724
367500,0.210,0.071,0.719
368000,0.195,0.066,0.740
368500,0.185,0.065,0.750
369000,0.187,0.046,0.767
369500,0.194,0.038,0.768
370000,0.176,0.058,0.766
370500,0.177,0.063,0.760
371000,0.185,0.066,0.749
371500,0.179,0.067,0.754
372000,0.162,0.067,0.771
372500,0.170,0.087,0.744
373000,0.169,0.078,0.753
373500,0.182,0.084,0.734
374000,0.164,0.079,0.757
374500,0.188,0.073,0.740
375000,0.191,0.066,0.743
375500,0.199,0.063,0.738
376000,0.207,0.063,0.730
376500,0.206,0.065,0.729
377000,0.198,0.064,0.738
377500,0.199,0.057,0.744
378000,0.197,0.065,0.738
378500,0.203,0.060,0.737
379000,0.209,0.052,0.738
379500,0.216,0.053,0.730
380000,0.196,0.057,0.748
380500,0.194,0.061,0.746
381000,0.189,0.057,0.754
381500,0.190,0.062,0.748
382000,0.185,0.054,0.760
382500,0.175,0.051,0.773
383000,0.190,0.068,0.743
383500,0.193,0.069,0.738
384000,0.194,0.054,0.752
384500,0.185,0.051,0.763
385000,0.181,0.059,0.760
385500,0.200,0.064,0.737
386000,0.201,0.070,0.730
386500,0.187,0.064,0.749
387000,0.192,0.067,0.742
387500,0.189,0.060,0.752
388000,0.196,0.052,0.752
388500,0.200,0.049,0.752
389000,0.196,0.051,0.753
389500,0.197,0.050,0.753
390000,0.179,0.047,0.773
390500,0.176,0.050,0.774
391000,0.174,0.048,0.778
391500,0.178,0.047,0.774
392000,0.177,0.080,0.743
392500,0.168,0.066,0.767
393000,0.165,0.065,0.770
393500,0.157,0.065,0.778
394000,0.168,0.075,0.757
394500,0.172,0.071,0.757
395000,0.169,0.071,0.761
395500,0.163,0.075,0.761
396000,0.182,0.074,0.743
396500,0.180,0.064,0.756
397000,0.189,0.059,0.752
397500,0.200,0.061,0.739
398000,0.199,0.062,0.739
398500,0.202,0.057,0.741
399000,0.192,0.051,0.758
399500,0.183,0.058,0.758
400000,0.181,0.057,0.761
400500,0.193,0.051,0.757
401000,0.198,0.045,0.757
401500,0.190,0.052,0.758
402000,0.172,0.070,0.758
402500,0.172,0.062,0.766
403000,0.165,0.059,0.777
403500,0.172,0.055,0.773
404000,0.175,0.056,0.769
404500,0.178,0.053,0.768
405000,0.169,0.061,0.770
405500,0.169,0.066,0.765
406000,0.165,0.077,0.758
406500,0.162,0.069,0.769
407000,0.170,0.076,0.753
407500,0.171,0.081,0.748
408000,0.160,0.085,0.756
408500,0.165,0.074,0.762
409000,0.152,0.067,0.781
409500,0.148,0.067,0.785
410000,0.151,0.063,0.786
410500,0.170,0.062,0.768
411000,0.160,0.060,0.780
411500,0.162,0.066,0.772
412000,0.153,0.070,0.776
412500,0.168,0.066,0.766
413000,0.162,0.054,0.784
413500,0.169,0.062,0.770
414000,0.170,0.062,0.768
414500,0.179,0.064,0.757
415000,0.170,0.072,0.757
415500,0.158,0.084,0.758
416000,0.147,0.070,0.782
416500,0.144,0.060,0.796
417000,0.164,0.066,0.771
417500,0.168,0.066,0.766
418000,0.163,0.063,0.774
418500,0.165,0.068,0.767
419000,0.171,0.070,0.758
419500,0.158,0.070,0.772
420000,0.159,0.062,0.778
420500,0.156,0.066,0.778
421000,0.161,0.056,0.784
421500,0.155,0.074,0.771
422000,0.158,0.079,0.763
422500,0.159,0.080,0.762
423000,0.183,0.066,0.751
423500,0.179,0.069,0.752
424000,0.196,0.057,0.747
424500,0.185,0.058,0.757
425000,0.186,0.057,0.757
425500,0.191,0.059,0.750
426000,0.188,0.064,0.749
426500,0.173,0.064,0.763
427000,0.161,0.066,0.773
427500,0.195,0.054,0.751
428000,0.194,0.051,0.756
428500,0.198,0.057,0.745
429000,0.204,0.049,0.746
429500,0.215,0.048,0.736
430000,0.224,0.044,0.732
430500,0.215,0.048,0.737
431000,0.206,0.045,0.749
431500,0.190,0.046,0.764
432000,0.186,0.049,0.765
432500,0.192,0.050,0.759
433000,0.194,0.054,0.752
433500,0.192,0.057,0.751
434000,0.181,0.064,0.755
434500,0.171,0.062,0.766
435000,0.181,0.059,0.760
435500,0.180,0.061,0.758
436000,0.183,0.048,0.769
436500,0.182,0.054,0.763
437000,0.184,0.070,0.746
437500,0.176,0.066,0.758
438000,0.182,0.063,0.754
438500,0.180,0.050,0.770
439000,0.182,0.051,0.768
439500,0.192,0.045,0.763
440000,0.185,0.042,0.772
440500,0.198,0.044,0.758
441000,0.210,0.042,0.749
441500,0.211,0.041,0.749
442000,0.201,0.049,0.750
442500,0.204,0.048,0.747
443000,0.198,0.043,0.759
443500,0.186,0.062,0.752
444000,0.168,0.063,0.769
444500,0.160,0.075,0.765
445000,0.164,0.080,0.757
445500,0.174,0.075,0.751
446000,0.164,0.070,0.766
446500,0.176,0.072,0.752
447000,0.171,0.072,0.758
447500,0.192,0.065,0.744
448000,0.179,0.067,0.754
448500,0.190,0.060,0.750
449000,0.173,0.053,0.773
449500,0.156,0.060,0.784
450000,0.166,0.069,0.765
450500,0.169,0.066,0.765
451000,0.176,0.059,0.764
451500,0.170,0.063,0.767
452000,0.178,0.061,0.761
452500,0.164,0.060,0.775
453000,0.166,0.059,0.775
453500,0.169,0.061,0.769
454000,0.167,0.056,0.777
454500,0.166,0.064,0.770
455000,0.155,0.070,0.774
455500,0.167,0.075,0.758
456000,0.165,0.072,0.763
456500,0.169,0.065,0.766
457000,0.166,0.074,0.761
457500,0.151,0.074,0.775
458000,0.150,0.071,0.778
458500,0.165,0.075,0.760
459000,0.157,0.068,0.776
459500,0.151,0.067,0.782
460000,0.152,0.083,0.765
460500,0.157,0.081,0.762
461000,0.167,0.069,0.764
461500,0.165,0.068,0.768
462000,0.161,0.062,0.777
462500,0.166,0.050,0.784
463000,0.160,0.057,0.784
463500,0.165,0.068,0.767
464000,0.182,0.073,0.745
464500,0.184,0.067,0.749
465000,0.185,0.057,0.758
465500,0.197,0.053,0.750
466000,0.213,0.066,0.720
466500,0.207,0.062,0.731
467000,0.210,0.058,0.733
467500,0.230,0.059,0.711
468000,0.226,0.051,0.723
468500,0.218,0.047,0.735
469000,0.215,0.054,0.730
469500,0.220,0.051,0.729
470000,0.229,0.052,0.719
470500,0.216,0.055,0.728
471000,0.211,0.051,0.738
471500,0.197,0.059,0.744
472000,0.203,0.063,0.734
472500,0.200,0.058,0.743
473000,0.194,0.053,0.753
473500,0.203,0.060,0.736
474000,0.212,0.051,0.737
474500,0.205,0.066,0.730
475000,0.208,0.051,0.742
475500,0.206,0.054,0.740
476000,0.204,0.057,0.740
476500,0.224,0.052,0.724
477000,0.225,0.053,0.722
477500,0.213,0.061,0.726
478000,0.215,0.056,0.729
478500,0.197,0.050,0.754
479000,0.176,0.065,0.759
479500,0.178,0.065,0.757
480000,0.165,0.071,0.765
480500,0.166,0.070,0.764
481000,0.175,0.067,0.758
481500,0.163,0.062,0.775
482000,0.152,0.067,0.781
482500,0.165,0.071,0.763
483000,0.168,0.076,0.755
483500,0.165,0.064,0.772
484000,0.173,0.058,0.769
484500,0.158,0.066,0.776
485000,0.165,0.059,0.775
485500,0.168,0.051,0.781
486000,0.179,0.052,0.768
486500,0.180,0.049,0.771
487000,0.172,0.046,0.781
487500,0.191,0.049,0.761
488000,0.181,0.066,0.753
488500,0.173,0.075,0.752
489000,0.173,0.084,0.743
489500,0.182,0.083,0.736
490000,0.168,0.074,0.758
490500,0.169,0.067,0.764
491000,0.179,0.070,0.751
491500,0.184,0.071,0.744
492000,0.176,0.073,0.751
492500,0.166,0.065,0.769
493000,0.146,0.065,0.789
493500,0.141,0.066,0.794
494000,0.150,0.080,0.770
494500,0.145,0.067,0.788
495000,0.160,0.061,0.778
495500,0.159,0.059,0.781
496000,0.169,0.060,0.771
496500,0.167,0.063,0.770
497000,0.174,0.059,0.766
497500,0.181,0.051,0.768
498000,0.195,0.052,0.753
498500,0.198,0.042,0.760
499000,0.192,0.046,0.762
499500,0.181,0.048,0.771
500000,0.202,0.047,0.751
500500,0.196,0.043,0.761
501000,0.196,0.044,0.760
501500,0.198,0.055,0.747
502000,0.193,0.056,0.752
502500,0.188,0.059,0.753
503000,0.191,0.051,0.759
503500,0.177,0.052,0.770
504000,0.197,0.050,0.753
504500,0.185,0.051,0.763
505000,0.194,0.052,0.754
505500,0.183,0.053,0.763
506000,0.179,0.043,0.778
506500,0.199,0.054,0.746
507000,0.202,0.059,0.740
507500,0.207,0.070,0.722
508000,0.190,0.070,0.740
508500,0.196,0.084,0.721
509000,0.183,0.071,0.745
509500,0.178,0.061,0.761
510000,0.182,0.071,0.747
510500,0.182,0.059,0.759
511000,0.202,0.065,0.734
511500,0.180,0.070,0.750
512000,0.184,0.064,0.752
512500,0.188,0.070,0.742
513000,0.184,0.061,0.755
513500,0.170,0.068,0.763
514000,0.179,0.074,0.746
514500,0.180,0.068,0.752
515000,0.190,0.071,0.739
515500,0.196,0.070,0.735
516000,0.189,0.076,0.736
516500,0.174,0.073,0.753
517000,0.163,0.074,0.762
517500,0.180,0.062,0.757
518000,0.171,0.086,0.743
518500,0.160,0.083,0.757
519000,0.172,0.076,0.752
519500,0.164,0.065,0.771
520000,0.159,0.071,0.769
520500,0.155,0.084,0.761
521000,0.149,0.071,0.779
521500,0.151,0.063,0.786
522000,0.145,0.065,0.790
522500,0.159,0.061,0.780
523000,0.163,0.075,0.761
523500,0.172,0.075,0.753
524000,0.166,0.087,0.747
524500,0.170,0.072,0.758
525000,0.169,0.074,0.757
525500,0.153,0.070,0.777
526000,0.164,0.065,0.772
526500,0.170,0.075,0.756
527000,0.174,0.074,0.752
527500,0.167,0.070,0.763
528000,0.161,0.064,0.775
528500,0.179,0.063,0.758
529000,0.160,0.065,0.775
529500,0.173,0.057,0.770
530000,0.173,0.059,0.768
530500,0.173,0.068,0.759
531000,0.163,0.073,0.763
531500,0.155,0.069,0.776
532000,0.153,0.068,0.779
532500,0.151,0.065,0.784
533000,0.163,0.072,0.766
533500,0.165,0.070,0.766
534000,0.174,0.079,0.747
534500,0.161,0.077,0.762
535000,0.172,0.082,0.747
535500,0.184,0.076,0.740
536000,0.183,0.054,0.763
536500,0.184,0.054,0.762
537000,0.176,0.053,0.770
537500,0.174,0.057,0.770
538000,0.162,0.060,0.778
538500,0.150,0.065,0.785
539000,0.163,0.074,0.762
539500,0.154,0.072,0.774
540000,0.159,0.070,0.772
540500,0.147,0.066,0.786
541000,0.151,0.074,0.775
541500,0.149,0.072,0.778
542000,0.158,0.076,0.766
542500,0.172,0.067,0.762
543000,0.190,0.062,0.748
543500,0.187,0.057,0.756
544000,0.176,0.065,0.758
544500,0.168,0.069,0.763
545000,0.169,0.079,0.753
545500,0.172,0.068,0.760
546000,0.163,0.062,0.775
546500,0.163,0.064,0.774
547000,0.149,0.062,0.788
547500,0.152,0.082,0.766
548000,0.152,0.076,0.771
548500,0.161,0.077,0.762
549000,0.162,0.071,0.767
549500,0.162,0.065,0.774
550000,0.165,0.071,0.764
550500,0.164,0.080,0.756
551000,0.176,0.070,0.754
551500,0.183,0.058,0.758
552000,0.189,0.046,0.765
552500,0.206,0.048,0.745
553000,0.203,0.043,0.754
553500,0.192,0.048,0.760
554000,0.183,0.055,0.761
554500,0.174,0.069,0.757
555000,0.177,0.067,0.756
555500,0.175,0.058,0.767
556000,0.180,0.066,0.755
556500,0.175,0.069,0.756
557000,0.191,0.059,0.750
557500,0.198,0.056,0.747
558000,0.196,0.054,0.750
558500,0.198,0.050,0.753
559000,0.202,0.053,0.745
559500,0.195,0.071,0.734
560000,0.189,0.070,0.741
560500,0.185,0.072,0.743
561000,0.182,0.079,0.739
561500,0.184,0.079,0.738
562000,0.184,0.059,0.756
562500,0.179,0.068,0.752
563000,0.185,0.068,0.747
563500,0.185,0.065,0.750
564000,0.183,0.071,0.745
564500,0.186,0.060,0.753
565000,0.174,0.060,0.766
565500,0.185,0.047,0.768
566000,0.192,0.051,0.757
566500,0.204,0.058,0.739
567000,0.207,0.055,0.737
567500,0.209,0.059,0.732
568000,0.211,0.048,0.741
568500,0.203,0.042,0.754
569000,0.201,0.047,0.752
569500,0.194,0.054,0.752
570000,0.202,0.061,0.738
570500,0.195,0.072,0.733
571000,0.184,0.071,0.745
571500,0.178,0.075,0.747
572000,0.165,0.079,0.757
572500,0.177,0.069,0.754
573000,0.184,0.071,0.745
573500,0.175,0.069,0.756
574000,0.182,0.063,0.755
574500,0.166,0.056,0.779
575000,0.170,0.064,0.766
575500,0.168,0.057,0.776
576000,0.179,0.067,0.754
576500,0.181,0.067,0.752
577000,0.175,0.067,0.758
577500,0.179,0.069,0.752
578000,0.165,0.064,0.772
578500,0.164,0.060,0.776
579000,0.156,0.057,0.787
579500,0.166,0.045,0.789
580000,0.170,0.047,0.783
580500,0.182,0.058,0.759
581000,0.173,0.049,0.778
581500,0.163,0.053,0.784
582000,0.172,0.058,0.771
582500,0.187,0.056,0.757
583000,0.178,0.053,0.769
583500,0.176,0.057,0.768
584000,0.200,0.066,0.735
584500,0.222,0.065,0.714
585000,0.206,0.043,0.751
585500,0.211,0.059,0.730
586000,0.199,0.060,0.741
586500,0.178,0.063,0.758
587000,0.177,0.072,0.750
587500,0.169,0.064,0.768
588000,0.166,0.054,0.780
588500,0.163,0.054,0.783
589000,0.170,0.048,0.782
589500,0.182,0.061,0.757
590000,0.176,0.066,0.758
590500,0.166,0.062,0.772
591000,0.186,0.060,0.753
591500,0.195,0.067,0.738
592000,0.191,0.048,0.761
592500,0.200,0.051,0.750
593000,0.212,0.037,0.751
593500,0.204,0.045,0.750
594000,0.194,0.047,0.759
594500,0.196,0.063,0.741
595000,0.190,0.056,0.755
595500,0.187,0.053,0.760
596000,0.176,0.059,0.765
596500,0.169,0.061,0.770
597000,0.170,0.074,0.755
597500,0.180,0.073,0.747
598000,0.178,0.064,0.758
598500,0.175,0.076,0.749
599000,0.159,0.070,0.770
599500,0.172,0.073,0.755
600000,0.180,0.060,0.760
600500,0.169,0.076,0.756
601000,0.172,0.073,0.755
601500,0.171,0.066,0.764
602000,0.177,0.071,0.752
602500,0.168,0.074,0.759
603000,0.160,0.069,0.771
603500,0.172,0.068,0.761
604000,0.172,0.068,0.760
604500,0.167,0.059,0.773
605000,0.172,0.056,0.773
605500,0.163,0.068,0.770
606000,0.179,0.075,0.746
606500,0.161,0.071,0.768
607000,0.177,0.077,0.745
607500,0.176,0.064,0.760
608000,0.173,0.077,0.749
608500,0.178,0.065,0.757
609000,0.187,0.058,0.755
609500,0.183,0.054,0.762
610000,0.189,0.057,0.754
610500,0.176,0.056,0.769
611000,0.176,0.051,0.772
611500,0.170,0.056,0.774
612000,0.193,0.058,0.749
612500,0.177,0.059,0.763
613000,0.177,0.062,0.761
613500,0.161,0.064,0.776
614000,0.170,0.056,0.774
614500,0.167,0.057,0.776
615000,0.150,0.070,0.780
615500,0.144,0.070,0.785
616000,0.150,0.073,0.776
616500,0.151,0.074,0.774
617000,0.166,0.079,0.755
617500,0.172,0.072,0.756
618000,0.162,0.071,0.767
618500,0.160,0.062,0.778
619000,0.148,0.070,0.782
619500,0.147,0.081,0.772
620000,0.149,0.085,0.766
620500,0.163,0.075,0.763
621000,0.164,0.067,0.769
621500,0.164,0.050,0.786
622000,0.172,0.059,0.768
622500,0.167,0.056,0.777
623000,0.167,0.064,0.769
623500,0.174,0.064,0.762
624000,0.168,0.059,0.774
624500,0.163,0.065,0.772
625000,0.165,0.084,0.752
625500,0.170,0.077,0.753
626000,0.164,0.083,0.753
626500,0.159,0.092,0.749
627000,0.159,0.077,0.765
627500,0.155,0.086,0.758
628000,0.167,0.080,0.753
628500,0.172,0.071,0.757
629000,0.179,0.067,0.754
629500,0.173,0.072,0.754
630000,0.179,0.069,0.752
630500,0.167,0.068,0.765
631000,0.168,0.072,0.761
631500,0.166,0.075,0.758
632000,0.176,0.076,0.748
632500,0.182,0.079,0.739
633000,0.174,0.066,0.760
633500,0.173,0.065,0.762
634000,0.174,0.069,0.757
634500,0.180,0.056,0.764
635000,0.183,0.056,0.760
635500,0.185,0.062,0.753
636000,0.190,0.061,0.750
636500,0.167,0.076,0.757
637000,0.159,0.081,0.760
637500,0.143,0.076,0.781
638000,0.138,0.074,0.787
638500,0.140,0.089,0.770
639000,0.132,0.096,0.772
639500,0.139,0.091,0.770
640000,0.133,0.083,0.785
640500,0.139,0.080,0.781
641000,0.142,0.085,0.773
641500,0.140,0.089,0.772
642000,0.147,0.077,0.775
642500,0.168,0.064,0.768
643000,0.179,0.056,0.765
643500,0.176,0.056,0.768
644000,0.174,0.059,0.766
644500,0.180,0.062,0.758
645000,0.168,0.071,0.761
645500,0.161,0.075,0.765
646000,0.157,0.079,0.765
646500,0.159,0.081,0.760
647000,0.151,0.076,0.773
647500,0.166,0.086,0.747
648000,0.158,0.078,0.764
648500,0.153,0.076,0.771
649000,0.159,0.086,0.756
649500,0.157,0.084,0.760
650000,0.157,0.075,0.768
650500,0.159,0.080,0.761
651000,0.150,0.081,0.769
651500,0.157,0.073,0.770
652000,0.161,0.073,0.767
652500,0.155,0.075,0.769
653000,0.154,0.081,0.765
653500,0.155,0.062,0.782
654000,0.158,0.074,0.769
654500,0.166,0.065,0.769
655000,0.161,0.059,0.779
655500,0.162,0.065,0.774
656000,0.171,0.073,0.756
656500,0.171,0.069,0.760
657000,0.164,0.081,0.756
657500,0.162,0.081,0.757
658000,0.173,0.082,0.745
658500,0.176,0.085,0.739
659000,0.173,0.079,0.748
659500,0.182,0.074,0.743
660000,0.172,0.068,0.761
660500,0.174,0.076,0.750
661000,0.179,0.069,0.752
661500,0.174,0.070,0.757
662000,0.178,0.070,0.751
662500,0.167,0.070,0.764
663000,0.168,0.082,0.750
663500,0.167,0.087,0.746
664000,0.172,0.075,0.753
664500,0.167,0.076,0.757
665000,0.170,0.075,0.754
665500,0.171,0.059,0.769
666000,0.179,0.056,0.765
666500,0.191,0.052,0.756
667000,0.187,0.048,0.765
667500,0.184,0.052,0.764
668000,0.189,0.063,0.748
668500,0.182,0.054,0.764
669000,0.172,0.048,0.779
669500,0.192,0.056,0.752
670000,0.192,0.048,0.761
670500,0.201,0.060,0.739
671000,0.196,0.059,0.745
671500,0.194,0.069,0.738
672000,0.197,0.061,0.741
672500,0.196,0.056,0.749
673000,0.182,0.055,0.762
673500,0.184,0.045,0.770
674000,0.188,0.046,0.766
674500,0.180,0.049,0.771
675000,0.171,0.043,0.786
675500,0.200,0.051,0.749
676000,0.189,0.054,0.757
676500,0.205,0.057,0.737
677000,0.205,0.057,0.737
677500,0.208,0.069,0.723
678000,0.209,0.066,0.725
678500,0.211,0.054,0.735
679000,0.223,0.059,0.718
679500,0.210,0.056,0.734
680000,0.206,0.058,0.735
680500,0.186,0.048,0.766
681000,0.191,0.047,0.762
681500,0.173,0.052,0.774
682000,0.158,0.052,0.789
682500,0.162,0.057,0.781
683000,0.168,0.061,0.771
683500,0.170,0.055,0.775
684000,0.169,0.056,0.775
684500,0.179,0.052,0.768
685000,0.182,0.062,0.756
685500,0.188,0.059,0.754
686000,0.189,0.059,0.752
686500,0.181,0.067,0.752
687000,0.176,0.074,0.750
687500,0.171,0.078,0.751
688000,0.178,0.071,0.751
688500,0.188,0.065,0.748
689000,0.188,0.069,0.744
689500,0.186,0.059,0.755
690000,0.180,0.065,0.756
690500,0.172,0.069,0.759
691000,0.167,0.056,0.778
691500,0.206,0.060,0.733
692000,0.196,0.057,0.748
692500,0.201,0.054,0.745
693000,0.198,0.052,0.750
693500,0.190,0.057,0.754
694000,0.178,0.059,0.762
694500,0.180,0.061,0.759
695000,0.183,0.049,0.767
695500,0.200,0.050,0.751
696000,0.197,0.042,0.761
696500,0.177,0.050,0.773
697000,0.202,0.050,0.749
697500,0.186,0.050,0.764
698000,0.189,0.046,0.765
698500,0.185,0.057,0.758
699000,0.188,0.057,0.755
699500,0.193,0.056,0.752
700000,0.202,0.060,0.738
700500,0.196,0.052,0.752
701000,0.195,0.047,0.758
701500,0.199,0.054,0.747
702000,0.198,0.071,0.731
702500,0.182,0.070,0.748
703000,0.179,0.061,0.759
703500,0.174,0.059,0.768
704000,0.167,0.061,0.771
704500,0.186,0.064,0.751
705000,0.168,0.060,0.771
705500,0.172,0.056,0.772
706000,0.163,0.058,0.779
706500,0.166,0.061,0.773
707000,0.153,0.066,0.781
707500,0.162,0.071,0.766
708000,0.149,0.082,0.769
708500,0.149,0.083,0.768
709000,0.153,0.070,0.776
709500,0.162,0.072,0.767
710000,0.161,0.062,0.778
710500,0.173,0.062,0.765
711000,0.172,0.057,0.771
711500,0.164,0.065,0.771
712000,0.181,0.067,0.752
712500,0.186,0.068,0.747
713000,0.204,0.065,0.730
713500,0.205,0.060,0.734
714000,0.185,0.072,0.742
714500,0.170,0.088,0.742
715000,0.157,0.094,0.750
715500,0.146,0.100,0.754
716000,0.150,0.096,0.754
716500,0.153,0.080,0.767
717000,0.158,0.073,0.769
717500,0.160,0.075,0.765
718000,0.155,0.084,0.761
718500,0.174,0.089,0.737
719000,0.176,0.080,0.744
719500,0.165,0.074,0.762
720000,0.171,0.076,0.753
720500,0.168,0.079,0.754
721000,0.167,0.070,0.763
721500,0.172,0.081,0.748
722000,0.167,0.075,0.758
722500,0.158,0.069,0.773
723000,0.170,0.058,0.773
723500,0.181,0.061,0.758
724000,0.180,0.068,0.752
724500,0.186,0.069,0.744
725000,0.184,0.082,0.734
725500,0.172,0.081,0.747
726000,0.161,0.078,0.761
726500,0.178,0.080,0.742
727000,0.176,0.073,0.751
727500,0.160,0.072,0.769
728000,0.154,0.063,0.783
728500,0.164,0.071,0.765
729000,0.172,0.072,0.757
729500,0.164,0.074,0.761
730000,0.166,0.065,0.769
730500,0.179,0.060,0.760
731000,0.180,0.054,0.765
731500,0.197,0.061,0.741
732000,0.201,0.056,0.743
732500,0.192,0.052,0.756
733000,0.185,0.056,0.759
733500,0.176,0.052,0.772
734000,0.182,0.073,0.745
734500,0.179,0.077,0.743
735000,0.170,0.077,0.753
735500,0.157,0.071,0.771
736000,0.164,0.075,0.761
736500,0.164,0.066,0.771
737000,0.179,0.062,0.758
737500,0.166,0.073,0.761
738000,0.172,0.079,0.750
738500,0.174,0.074,0.752
739000,0.179,0.066,0.754
739500,0.194,0.077,0.729
740000,0.187,0.065,0.748
740500,0.203,0.069,0.728
741000,0.184,0.066,0.750
741500,0.177,0.068,0.755
742000,0.183,0.058,0.758
742500,0.180,0.063,0.756
743000,0.163,0.076,0.760
743500,0.162,0.076,0.762
744000,0.158,0.069,0.774
744500,0.160,0.071,0.770
745000,0.149,0.082,0.769
745500,0.155,0.070,0.775
746000,0.159,0.064,0.777
746500,0.163,0.062,0.775
747000,0.178,0.070,0.752
747500,0.173,0.069,0.758
748000,0.155,0.080,0.765
748500,0.139,0.078,0.783
749000,0.147,0.072,0.780
749500,0.161,0.070,0.769
750000,0.169,0.067,0.764
750500,0.164,0.070,0.765
751000,0.173,0.058,0.769
751500,0.165,0.065,0.770
752000,0.168,0.064,0.768
752500,0.165,0.071,0.764
753000,0.180,0.056,0.764
753500,0.177,0.057,0.766
754000,0.164,0.049,0.788
754500,0.170,0.046,0.784
755000,0.175,0.059,0.765
755500,0.172,0.059,0.768
756000,0.178,0.058,0.765
756500,0.174,0.061,0.764
757000,0.168,0.071,0.762
757500,0.169,0.070,0.761
758000,0.172,0.080,0.749
758500,0.155,0.075,0.770
759000,0.152,0.072,0.776
759500,0.163,0.059,0.778
760000,0.166,0.073,0.762
760500,0.180,0.082,0.738
761000,0.175,0.081,0.744
761500,0.171,0.070,0.759
762000,0.172,0.056,0.772
762500,0.178,0.057,0.765
763000,0.188,0.041,0.772
763500,0.196,0.046,0.758
764000,0.193,0.050,0.757
764500,0.184,0.060,0.756
765000,0.188,0.057,0.755
765500,0.169,0.054,0.776
766000,0.165,0.052,0.783
766500,0.159,0.057,0.784
767000,0.174,0.059,0.767
767500,0.201,0.066,0.733
768000,0.185,0.069,0.746
768500,0.172,0.067,0.761
769000,0.167,0.059,0.774
769500,0.168,0.049,0.783
770000,0.172,0.052,0.776
770500,0.172,0.058,0.770
771000,0.180,0.062,0.758
771500,0.178,0.064,0.758
772000,0.175,0.064,0.761
772500,0.180,0.068,0.752
773000,0.189,0.069,0.742
773500,0.198,0.076,0.727
774000,0.168,0.075,0.757
774500,0.165,0.073,0.763
775000,0.168,0.061,0.770
775500,0.178,0.066,0.756
776000,0.165,0.073,0.761
776500,0.175,0.071,0.754
777000,0.179,0.058,0.763
777500,0.190,0.059,0.752
778000,0.174,0.068,0.758
778500,0.168,0.068,0.765
779000,0.172,0.068,0.761
779500,0.171,0.062,0.766
780000,0.172,0.077,0.751
780500,0.169,0.068,0.764
781000,0.149,0.099,0.752
781500,0.153,0.101,0.746
782000,0.160,0.097,0.744
782500,0.163,0.086,0.752
783000,0.161,0.080,0.760
783500,0.169,0.083,0.749
784000,0.185,0.065,0.750
784500,0.166,0.068,0.767
785000,0.175,0.059,0.765
785500,0.171,0.057,0.772
786000,0.148,0.062,0.790
786500,0.150,0.063,0.786
787000,0.172,0.061,0.767
787500,0.176,0.063,0.760
788000,0.179,0.073,0.748
788500,0.174,0.077,0.749
789000,0.169,0.074,0.757
789500,0.180,0.067,0.754
790000,0.167,0.075,0.759
790500,0.161,0.060,0.778
791000,0.141,0.065,0.794
791500,0.175,0.080,0.745
792000,0.167,0.076,0.757
792500,0.192,0.073,0.735
793000,0.184,0.074,0.742
793500,0.197,0.067,0.737
794000,0.189,0.069,0.743
794500,0.182,0.063,0.755
795000,0.176,0.057,0.767
795500,0.185,0.059,0.756
796000,0.189,0.049,0.762
796500,0.179,0.061,0.759
797000,0.172,0.061,0.767
797500,0.170,0.060,0.770
798000,0.176,0.067,0.757
798500,0.176,0.070,0.753
799000,0.177,0.072,0.750
799500,0.177,0.060,0.762
800000,0.176,0.069,0.755
800500,0.170,0.068,0.762
801000,0.165,0.081,0.755
801500,0.161,0.099,0.740
802000,0.164,0.087,0.748
802500,0.160,0.090,0.751
803000,0.162,0.079,0.760
803500,0.166,0.070,0.764
804000,0.165,0.071,0.763
804500,0.167,0.078,0.756
805000,0.171,0.086,0.743
805500,0.160,0.081,0.760
806000,0.165,0.084,0.752
806500,0.163,0.070,0.768
807000,0.162,0.078,0.761
807500,0.163,0.086,0.752
808000,0.154,0.067,0.778
808500,0.154,0.064,0.782
809000,0.163,0.064,0.774
809500,0.163,0.061,0.776
810000,0.167,0.066,0.768
810500,0.176,0.075,0.749
811000,0.175,0.077,0.748
811500,0.169,0.070,0.762
812000,0.168,0.069,0.763
812500,0.152,0.066,0.782
813000,0.162,0.064,0.775
813500,0.164,0.067,0.769
814000,0.166,0.068,0.766
814500,0.169,0.082,0.750
815000,0.160,0.084,0.757
815500,0.185,0.077,0.738
816000,0.183,0.073,0.744
816500,0.179,0.070,0.751
817000,0.191,0.062,0.746
817500,0.197,0.059,0.744
818000,0.198,0.049,0.753
818500,0.195,0.048,0.757
819000,0.190,0.054,0.756
819500,0.184,0.064,0.752
820000,0.172,0.067,0.762
820500,0.169,0.061,0.770
821000,0.170,0.069,0.761
821500,0.164,0.062,0.774
822000,0.162,0.064,0.774
822500,0.166,0.073,0.761
823000,0.158,0.079,0.764
823500,0.164,0.070,0.767
824000,0.163,0.074,0.763
824500,0.164,0.085,0.752
825000,0.172,0.075,0.753
825500,0.149,0.080,0.771
826000,0.147,0.082,0.771
826500,0.137,0.080,0.783
827000,0.146,0.079,0.775
827500,0.148,0.067,0.784
828000,0.157,0.069,0.774
828500,0.166,0.072,0.762
829000,0.154,0.061,0.784
829500,0.163,0.062,0.775
830000,0.157,0.081,0.763
830500,0.144,0.073,0.782
831000,0.146,0.086,0.768
831500,0.134,0.077,0.788
832000,0.145,0.074,0.781
832500,0.147,0.065,0.788
833000,0.141,0.068,0.791
833500,0.145,0.072,0.782
834000,0.166,0.069,0.766
834500,0.158,0.066,0.776
835000,0.162,0.079,0.760
835500,0.165,0.076,0.758
836000,0.161,0.076,0.762
836500,0.161,0.079,0.761
837000,0.168,0.060,0.772
837500,0.154,0.060,0.785
838000,0.154,0.061,0.784
838500,0.158,0.059,0.783
839000,0.174,0.057,0.770
839500,0.184,0.054,0.762
840000,0.178,0.068,0.755
840500,0.174,0.066,0.760
841000,0.173,0.056,0.771
841500,0.157,0.064,0.779
842000,0.164,0.070,0.766
842500,0.166,0.058,0.776
843000,0.165,0.067,0.769
843500,0.166,0.069,0.765
844000,0.164,0.066,0.770
844500,0.167,0.064,0.769
845000,0.166,0.066,0.769
845500,0.156,0.071,0.773
846000,0.143,0.084,0.773
846500,0.164,0.077,0.758
847000,0.159,0.077,0.764
847500,0.167,0.076,0.757
848000,0.160,0.065,0.776
848500,0.158,0.062,0.779
849000,0.149,0.062,0.788
849500,0.163,0.058,0.780
850000,0.160,0.061,0.778
850500,0.165,0.050,0.785
851000,0.170,0.053,0.777
851500,0.168,0.053,0.778
852000,0.168,0.061,0.771
852500,0.168,0.072,0.761
853000,0.178,0.051,0.770
853500,0.196,0.051,0.754
854000,0.191,0.058,0.751
854500,0.196,0.076,0.729
855000,0.191,0.066,0.743
855500,0.193,0.068,0.739
856000,0.183,0.075,0.741
856500,0.195,0.070,0.734
857000,0.193,0.069,0.738
857500,0.200,0.052,0.748
858000,0.196,0.051,0.753
858500,0.191,0.051,0.757
859000,0.213,0.050,0.738
859500,0.197,0.049,0.754
860000,0.205,0.056,0.739
860500,0.203,0.049,0.748
861000,0.190,0.049,0.761
861500,0.197,0.050,0.754
862000,0.192,0.047,0.761
862500,0.179,0.061,0.759
863000,0.186,0.055,0.758
863500,0.179,0.049,0.772
864000,0.171,0.060,0.769
864500,0.175,0.060,0.764
865000,0.178,0.061,0.760
865500,0.170,0.068,0.762
866000,0.178,0.066,0.756
866500,0.192,0.062,0.746
867000,0.182,0.066,0.752
867500,0.176,0.066,0.759
868000,0.188,0.075,0.737
868500,0.198,0.079,0.724
869000,0.196,0.070,0.734
869500,0.197,0.076,0.727
870000,0.183,0.063,0.754
870500,0.177,0.066,0.757
871000,0.172,0.077,0.751
871500,0.174,0.073,0.753
872000,0.167,0.073,0.760
872500,0.178,0.075,0.747
873000,0.168,0.068,0.765
873500,0.154,0.066,0.780
874000,0.152,0.063,0.785
874500,0.172,0.063,0.766
875000,0.167,0.072,0.762
875500,0.165,0.073,0.763
876000,0.168,0.066,0.767
876500,0.164,0.075,0.761
877000,0.154,0.076,0.769
877500,0.152,0.087,0.760
878000,0.159,0.073,0.767
878500,0.179,0.057,0.764
879000,0.183,0.056,0.760
879500,0.172,0.060,0.768
880000,0.173,0.056,0.771
880500,0.180,0.054,0.766
881000,0.182,0.054,0.763
881500,0.206,0.055,0.738
882000,0.180,0.055,0.765
882500,0.178,0.054,0.768
883000,0.169,0.053,0.777
883500,0.172,0.063,0.766
884000,0.182,0.067,0.751
884500,0.176,0.071,0.753
885000,0.179,0.056,0.765
885500,0.186,0.065,0.748
886000,0.172,0.065,0.763
886500,0.183,0.071,0.745
887000,0.186,0.061,0.753
887500,0.178,0.060,0.762
888000,0.170,0.069,0.761
888500,0.174,0.071,0.755
889000,0.171,0.068,0.761
889500,0.168,0.084,0.749
890000,0.182,0.086,0.732
890500,0.169,0.074,0.756
891000,0.172,0.074,0.754
891500,0.179,0.058,0.762
892000,0.191,0.053,0.755
892500,0.184,0.051,0.766
893000,0.191,0.053,0.756
893500,0.193,0.045,0.761
894000,0.192,0.050,0.758
894500,0.179,0.059,0.762
895000,0.173,0.046,0.781
895500,0.183,0.068,0.749
896000,0.181,0.075,0.744
896500,0.176,0.059,0.766
897000,0.168,0.062,0.770
897500,0.172,0.059,0.769
898000,0.174,0.061,0.765
898500,0.177,0.080,0.743
899000,0.161,0.073,0.765
899500,0.156,0.079,0.765
900000,0.170,0.076,0.754
900500,0.169,0.068,0.764
901000,0.181,0.067,0.752
901500,0.179,0.066,0.755
902000,0.169,0.064,0.767
902500,0.157,0.069,0.774
903000,0.150,0.067,0.782
903500,0.143,0.083,0.774
904000,0.151,0.085,0.764
904500,0.155,0.086,0.759
905000,0.164,0.081,0.756
905500,0.159,0.080,0.762
906000,0.163,0.074,0.763
906500,0.159,0.071,0.770
907000,0.163,0.071,0.766
907500,0.164,0.061,0.774
908000,0.171,0.057,0.772
908500,0.170,0.073,0.758
909000,0.180,0.072,0.748
909500,0.194,0.070,0.736
910000,0.181,0.059,0.760
910500,0.189,0.056,0.756
911000,0.188,0.051,0.761
911500,0.178,0.054,0.767
912000,0.181,0.051,0.768
912500,0.183,0.054,0.763
913000,0.174,0.056,0.770
913500,0.179,0.059,0.762
914000,0.181,0.060,0.759
914500,0.186,0.060,0.754
915000,0.178,0.052,0.770
915500,0.168,0.055,0.777
916000,0.169,0.060,0.771
916500,0.163,0.059,0.778
917000,0.167,0.073,0.760
917500,0.167,0.066,0.768
918000,0.163,0.065,0.773
918500,0.173,0.070,0.757
919000,0.162,0.061,0.777
919500,0.165,0.067,0.768
920000,0.159,0.064,0.777
920500,0.172,0.054,0.773
921000,0.174,0.058,0.768
921500,0.173,0.066,0.761
922000,0.180,0.052,0.767
922500,0.189,0.050,0.761
923000,0.177,0.057,0.766
923500,0.172,0.048,0.781
924000,0.186,0.054,0.760
924500,0.178,0.050,0.771
925000,0.194,0.061,0.746
925500,0.185,0.059,0.755
926000,0.161,0.056,0.783
926500,0.158,0.058,0.784
927000,0.155,0.068,0.777
927500,0.158,0.079,0.764
928000,0.173,0.070,0.756
928500,0.170,0.071,0.759
929000,0.174,0.073,0.753
929500,0.174,0.062,0.764
930000,0.179,0.068,0.753
930500,0.159,0.083,0.759
931000,0.162,0.084,0.754
931500,0.157,0.077,0.767
932000,0.162,0.076,0.761
932500,0.173,0.063,0.764
933000,0.168,0.062,0.770
933500,0.153,0.059,0.788
934000,0.168,0.053,0.779
934500,0.170,0.065,0.766
935000,0.177,0.059,0.764
935500,0.188,0.057,0.756
936000,0.204,0.053,0.742
936500,0.198,0.061,0.741
937000,0.192,0.057,0.752
937500,0.211,0.054,0.734
938000,0.218,0.061,0.721
938500,0.211,0.056,0.734
939000,0.193,0.048,0.760
939500,0.193,0.049,0.758
940000,0.185,0.053,0.762
940500,0.180,0.057,0.764
941000,0.193,0.060,0.747
941500,0.184,0.067,0.750
942000,0.188,0.065,0.748
942500,0.193,0.054,0.753
943000,0.187,0.059,0.754
943500,0.182,0.059,0.759
944000,0.190,0.065,0.746
944500,0.181,0.062,0.757
945000,0.193,0.059,0.748
945500,0.179,0.060,0.761
946000,0.188,0.056,0.756
946500,0.180,0.054,0.766
947000,0.179,0.061,0.760
947500,0.169,0.057,0.774
948000,0.176,0.049,0.775
948500,0.177,0.043,0.780
949000,0.172,0.057,0.771
949500,0.166,0.061,0.772
950000,0.168,0.067,0.765
950500,0.178,0.062,0.759
951000,0.173,0.065,0.762
951500,0.193,0.062,0.744
952000,0.188,0.053,0.759
952500,0.190,0.055,0.755
953000,0.194,0.053,0.753
953500,0.197,0.047,0.756
954000,0.203,0.048,0.749
954500,0.221,0.043,0.736
955000,0.214,0.059,0.727
955500,0.212,0.059,0.729
956000,0.208,0.057,0.734
956500,0.191,0.054,0.755
957000,0.186,0.054,0.759
957500,0.203,0.050,0.747
958000,0.203,0.048,0.749
958500,0.203,0.059,0.738
959000,0.203,0.054,0.743
959500,0.200,0.050,0.750
960000,0.192,0.059,0.750
960500,0.181,0.060,0.759
961000,0.188,0.051,0.761
961500,0.192,0.056,0.753
962000,0.177,0.073,0.750
962500,0.193,0.077,0.730
963000,0.179,0.070,0.751
963500,0.171,0.060,0.769
964000,0.179,0.059,0.761
964500,0.186,0.063,0.750
965000,0.192,0.061,0.748
965500,0.189,0.059,0.752
966000,0.172,0.052,0.775
966500,0.167,0.058,0.776
967000,0.172,0.057,0.770
967500,0.183,0.064,0.753
968000,0.172,0.060,0.767
968500,0.181,0.076,0.742
969000,0.182,0.073,0.745
969500,0.164,0.077,0.759
970000,0.168,0.073,0.759
970500,0.173,0.069,0.758
971000,0.183,0.067,0.750
971500,0.183,0.058,0.759
972000,0.182,0.056,0.762
972500,0.173,0.053,0.773
973000,0.163,0.059,0.779
973500,0.162,0.054,0.783
974000,0.154,0.064,0.782
974500,0.147,0.062,0.790
975000,0.164,0.076,0.760
975500,0.152,0.080,0.768
976000,0.164,0.075,0.761
976500,0.160,0.075,0.764
977000,0.167,0.084,0.749
977500,0.155,0.091,0.753
978000,0.152,0.080,0.768
978500,0.151,0.071,0.778
979000,0.142,0.068,0.790
979500,0.161,0.073,0.766
980000,0.169,0.073,0.759
980500,0.166,0.075,0.759
981000,0.158,0.090,0.752
981500,0.162,0.083,0.756
982000,0.163,0.080,0.757
982500,0.161,0.088,0.751
983000,0.156,0.083,0.761
983500,0.167,0.073,0.761
984000,0.179,0.074,0.746
984500,0.168,0.077,0.755
985000,0.166,0.075,0.759
985500,0.173,0.087,0.739
986000,0.186,0.087,0.726
986500,0.186,0.079,0.735
987000,0.179,0.070,0.750
987500,0.183,0.062,0.755
988000,0.175,0.057,0.768
988500,0.177,0.059,0.764
989000,0.177,0.067,0.756
989500,0.187,0.057,0.756
990000,0.184,0.059,0.756
990500,0.177,0.054,0.768
991000,0.177,0.056,0.767
991500,0.175,0.056,0.769
992000,0.186,0.051,0.764
992500,0.185,0.043,0.771
993000,0.182,0.060,0.758
993500,0.178,0.063,0.759
994000,0.178,0.068,0.754
994500,0.173,0.066,0.761
995000,0.173,0.075,0.751
995500,0.166,0.064,0.770
996000,0.173,0.065,0.762
996500,0.184,0.066,0.750
997000,0.184,0.071,0.744
997500,0.166,0.073,0.760
998000,0.168,0.071,0.761
998500,0.158,0.081,0.762
999000,0.158,0.073,0.769
999500,0.172,0.084,0.745
1000000,0.173,0.081,0.746
