time,n_A+p,n_B,n_AB
100,0.425,0.492,0.083
200,0.395,0.461,0.144
300,0.392,0.439,0.169
400,0.392,0.439,0.169
500,0.396,0.421,0.183
600,0.367,0.435,0.198
700,0.387,0.412,0.201
800,0.388,0.407,0.205
900,0.379,0.408,0.213
1000,0.365,0.411,0.224
1100,0.364,0.391,0.245
1200,0.342,0.435,0.224
1300,0.318,0.438,0.244
1400,0.270,0.470,0.260
1500,0.258,0.485,0.257
1600,0.246,0.499,0.255
1700,0.245,0.487,0.268
1800,0.261,0.449,0.290
1900,0.276,0.456,0.268
2000,0.260,0.456,0.284
2100,0.250,0.471,0.278
2200,0.270,0.463,0.267
2300,0.231,0.514,0.256
2400,0.212,0.529,0.259
2500,0.212,0.520,0.268
2600,0.211,0.526,0.263
2700,0.218,0.523,0.259
2800,0.206,0.534,0.260
2900,0.232,0.500,0.268
3000,0.297,0.473,0.230
3100,0.256,0.491,0.253
3200,0.246,0.480,0.274
3300,0.251,0.481,0.267
3400,0.254,0.490,0.256
3500,0.242,0.490,0.269
3600,0.219,0.488,0.293
3700,0.241,0.443,0.316
3800,0.258,0.441,0.301
3900,0.271,0.456,0.272
4000,0.279,0.437,0.283
4100,0.315,0.410,0.275
4200,0.293,0.402,0.304
4300,0.335,0.359,0.306
4400,0.289,0.397,0.314
4500,0.296,0.380,0.324
4600,0.374,0.335,0.291
4700,0.367,0.321,0.313
4800,0.343,0.353,0.304
4900,0.381,0.336,0.283
5000,0.383,0.334,0.283
5100,0.377,0.349,0.275
5200,0.362,0.345,0.293
5300,0.354,0.341,0.304
5400,0.351,0.343,0.306
5500,0.350,0.324,0.326
5600,0.341,0.379,0.280
5700,0.366,0.339,0.295
5800,0.359,0.352,0.290
5900,0.346,0.353,0.300
6000,0.329,0.356,0.315
6100,0.328,0.371,0.302
6200,0.311,0.385,0.304
6300,0.267,0.419,0.314
6400,0.268,0.418,0.314
6500,0.274,0.428,0.298
6600,0.240,0.446,0.314
6700,0.243,0.422,0.335
6800,0.249,0.424,0.327
6900,0.261,0.431,0.308
7000,0.251,0.410,0.338
7100,0.255,0.414,0.331
7200,0.263,0.404,0.334
7300,0.296,0.382,0.322
7400,0.312,0.350,0.338
7500,0.327,0.345,0.328
7600,0.299,0.382,0.318
7700,0.290,0.380,0.330
7800,0.258,0.402,0.340
7900,0.292,0.385,0.322
8000,0.314,0.343,0.343
8100,0.326,0.347,0.327
8200,0.317,0.370,0.314
8300,0.336,0.357,0.307
8400,0.378,0.346,0.275
8500,0.371,0.355,0.274
8600,0.357,0.349,0.294
8700,0.395,0.334,0.271
8800,0.412,0.277,0.311
8900,0.421,0.263,0.317
9000,0.425,0.272,0.303
9100,0.438,0.242,0.320
9200,0.473,0.228,0.299
9300,0.495,0.217,0.288
9400,0.464,0.215,0.321
9500,0.487,0.202,0.311
9600,0.520,0.207,0.273
9700,0.541,0.204,0.256
9800,0.529,0.212,0.258
9900,0.519,0.214,0.267
10000,0.484,0.246,0.269
10100,0.480,0.246,0.274
10200,0.497,0.231,0.273
10300,0.483,0.228,0.289
10400,0.463,0.242,0.296
10500,0.478,0.222,0.300
10600,0.483,0.214,0.304
10700,0.481,0.206,0.313
10800,0.491,0.198,0.310
10900,0.490,0.190,0.320
11000,0.476,0.209,0.315
11100,0.493,0.204,0.303
11200,0.488,0.188,0.324
11300,0.488,0.194,0.318
11400,0.482,0.187,0.331
11500,0.456,0.203,0.341
11600,0.470,0.192,0.339
11700,0.452,0.211,0.337
11800,0.456,0.203,0.341
11900,0.462,0.200,0.338
12000,0.496,0.193,0.311
12100,0.491,0.209,0.300
12200,0.486,0.208,0.306
12300,0.458,0.242,0.300
12400,0.415,0.282,0.303
12500,0.448,0.259,0.293
12600,0.414,0.295,0.291
12700,0.409,0.310,0.282
12800,0.394,0.318,0.288
12900,0.334,0.303,0.363
13000,0.358,0.319,0.323
13100,0.403,0.304,0.293
13200,0.402,0.278,0.320
13300,0.367,0.307,0.325
13400,0.420,0.293,0.288
13500,0.393,0.283,0.324
13600,0.404,0.250,0.346
13700,0.386,0.288,0.327
13800,0.398,0.278,0.324
13900,0.355,0.322,0.322
14000,0.353,0.334,0.313
14100,0.378,0.321,0.301
14200,0.360,0.300,0.340
14300,0.322,0.339,0.339
14400,0.316,0.343,0.341
14500,0.339,0.332,0.328
14600,0.303,0.356,0.342
14700,0.318,0.386,0.296
14800,0.272,0.418,0.310
14900,0.266,0.430,0.304
15000,0.294,0.390,0.316
15100,0.317,0.374,0.309
15200,0.310,0.356,0.334
15300,0.339,0.335,0.325
15400,0.310,0.330,0.360
15500,0.314,0.321,0.365
15600,0.321,0.355,0.324
15700,0.300,0.382,0.318
15800,0.311,0.380,0.309
15900,0.295,0.393,0.311
16000,0.304,0.376,0.320
16100,0.328,0.357,0.314
16200,0.313,0.356,0.331
16300,0.309,0.374,0.317
16400,0.339,0.359,0.302
16500,0.310,0.332,0.358
16600,0.334,0.302,0.365
16700,0.310,0.343,0.346
16800,0.307,0.345,0.348
16900,0.261,0.413,0.327
17000,0.251,0.442,0.306
17100,0.249,0.426,0.325
17200,0.231,0.428,0.341
17300,0.239,0.437,0.324
17400,0.238,0.447,0.315
17500,0.263,0.417,0.320
17600,0.227,0.444,0.329
17700,0.251,0.439,0.309
17800,0.276,0.404,0.320
17900,0.284,0.403,0.313
18000,0.267,0.381,0.353
18100,0.310,0.350,0.340
18200,0.304,0.352,0.344
18300,0.322,0.315,0.362
18400,0.321,0.310,0.368
18500,0.356,0.284,0.360
18600,0.375,0.296,0.329
18700,0.386,0.301,0.313
18800,0.384,0.282,0.334
18900,0.392,0.263,0.345
19000,0.396,0.282,0.322
19100,0.376,0.303,0.321
19200,0.393,0.275,0.332
19300,0.398,0.264,0.338
19400,0.389,0.279,0.332
19500,0.379,0.288,0.333
19600,0.358,0.313,0.329
19700,0.329,0.317,0.354
19800,0.327,0.319,0.354
19900,0.346,0.302,0.352
20000,0.355,0.315,0.329
20100,0.368,0.281,0.350
20200,0.366,0.288,0.346
20300,0.371,0.303,0.326
20400,0.368,0.308,0.324
20500,0.404,0.287,0.309
20600,0.395,0.299,0.307
20700,0.351,0.339,0.310
20800,0.335,0.331,0.335
20900,0.370,0.320,0.310
21000,0.359,0.331,0.310
21100,0.348,0.353,0.299
21200,0.363,0.370,0.267
21300,0.318,0.399,0.282
21400,0.269,0.406,0.324
21500,0.255,0.388,0.357
21600,0.276,0.398,0.326
21700,0.300,0.388,0.313
21800,0.306,0.384,0.311
21900,0.297,0.381,0.322
22000,0.271,0.405,0.324
22100,0.276,0.396,0.328
22200,0.279,0.413,0.307
22300,0.272,0.435,0.293
22400,0.276,0.434,0.290
22500,0.256,0.448,0.297
22600,0.228,0.434,0.338
22700,0.210,0.470,0.320
22800,0.202,0.483,0.315
22900,0.242,0.462,0.296
23000,0.246,0.438,0.317
23100,0.281,0.421,0.299
23200,0.247,0.451,0.303
23300,0.217,0.475,0.308
23400,0.215,0.463,0.322
23500,0.184,0.485,0.331
23600,0.163,0.498,0.339
23700,0.157,0.521,0.322
23800,0.179,0.516,0.305
23900,0.162,0.515,0.323
24000,0.157,0.514,0.329
24100,0.158,0.573,0.269
24200,0.178,0.557,0.265
24300,0.160,0.576,0.264
24400,0.157,0.576,0.267
24500,0.193,0.554,0.253
24600,0.177,0.550,0.273
24700,0.191,0.522,0.288
24800,0.218,0.510,0.272
24900,0.200,0.477,0.323
25000,0.240,0.441,0.320
25100,0.238,0.434,0.328
25200,0.249,0.443,0.308
25300,0.256,0.428,0.316
25400,0.221,0.466,0.313
25500,0.232,0.446,0.322
25600,0.224,0.464,0.313
25700,0.200,0.471,0.329
25800,0.246,0.419,0.336
25900,0.265,0.413,0.321
26000,0.265,0.415,0.320
26100,0.257,0.422,0.321
26200,0.293,0.412,0.296
26300,0.250,0.447,0.303
26400,0.247,0.478,0.275
26500,0.220,0.541,0.239
26600,0.202,0.551,0.247
26700,0.184,0.548,0.268
26800,0.164,0.578,0.258
26900,0.185,0.550,0.265
27000,0.193,0.535,0.272
27100,0.203,0.516,0.281
27200,0.179,0.556,0.265
27300,0.166,0.553,0.281
27400,0.154,0.572,0.274
27500,0.174,0.531,0.295
27600,0.187,0.537,0.276
27700,0.190,0.540,0.270
27800,0.184,0.536,0.281
27900,0.189,0.522,0.289
28000,0.182,0.546,0.272
28100,0.157,0.565,0.278
28200,0.148,0.580,0.272
28300,0.137,0.586,0.276
28400,0.150,0.581,0.269
28500,0.157,0.554,0.289
28600,0.175,0.538,0.287
28700,0.163,0.514,0.323
28800,0.142,0.527,0.331
28900,0.134,0.548,0.317
29000,0.158,0.546,0.296
29100,0.161,0.556,0.283
29200,0.158,0.555,0.286
29300,0.165,0.507,0.328
29400,0.165,0.534,0.300
29500,0.178,0.486,0.336
29600,0.175,0.488,0.337
29700,0.175,0.481,0.345
29800,0.189,0.483,0.328
29900,0.208,0.490,0.303
30000,0.185,0.478,0.338
30100,0.200,0.469,0.332
30200,0.225,0.448,0.328
30300,0.213,0.478,0.308
30400,0.236,0.478,0.286
30500,0.256,0.447,0.297
30600,0.256,0.462,0.282
30700,0.247,0.467,0.285
30800,0.212,0.490,0.298
30900,0.240,0.438,0.321
31000,0.274,0.425,0.301
31100,0.256,0.441,0.303
31200,0.265,0.434,0.301
31300,0.240,0.429,0.331
31400,0.225,0.432,0.343
31500,0.237,0.419,0.344
31600,0.233,0.432,0.335
31700,0.237,0.413,0.350
31800,0.272,0.410,0.318
31900,0.270,0.416,0.314
32000,0.311,0.373,0.316
32100,0.306,0.396,0.297
32200,0.302,0.396,0.302
32300,0.328,0.375,0.296
32400,0.321,0.356,0.322
32500,0.290,0.404,0.306
32600,0.278,0.417,0.304
32700,0.278,0.426,0.296
32800,0.263,0.428,0.308
32900,0.262,0.439,0.299
33000,0.299,0.405,0.296
33100,0.280,0.412,0.308
33200,0.289,0.403,0.308
33300,0.279,0.433,0.288
33400,0.306,0.420,0.274
33500,0.272,0.419,0.308
33600,0.294,0.381,0.325
33700,0.311,0.388,0.300
33800,0.302,0.375,0.323
33900,0.257,0.402,0.341
34000,0.276,0.413,0.311
34100,0.272,0.426,0.302
34200,0.252,0.441,0.307
34300,0.212,0.460,0.328
34400,0.227,0.437,0.336
34500,0.242,0.447,0.311
34600,0.267,0.421,0.312
34700,0.256,0.429,0.315
34800,0.294,0.378,0.328
34900,0.267,0.408,0.325
35000,0.236,0.421,0.343
35100,0.225,0.399,0.375
35200,0.216,0.415,0.369
35300,0.218,0.441,0.342
35400,0.267,0.441,0.292
35500,0.212,0.483,0.305
35600,0.208,0.513,0.279
35700,0.229,0.472,0.299
35800,0.250,0.449,0.302
35900,0.264,0.414,0.322
36000,0.284,0.388,0.328
36100,0.308,0.344,0.348
36200,0.281,0.366,0.353
36300,0.275,0.366,0.359
36400,0.291,0.380,0.329
36500,0.279,0.410,0.310
36600,0.282,0.433,0.285
36700,0.297,0.399,0.304
36800,0.265,0.400,0.335
36900,0.263,0.420,0.318
37000,0.265,0.451,0.284
37100,0.267,0.437,0.297
37200,0.267,0.425,0.308
37300,0.253,0.443,0.304
37400,0.303,0.415,0.282
37500,0.289,0.410,0.300
37600,0.272,0.427,0.301
37700,0.295,0.402,0.303
37800,0.305,0.375,0.320
37900,0.341,0.364,0.295
38000,0.345,0.352,0.304
38100,0.342,0.337,0.321
38200,0.291,0.403,0.306
38300,0.329,0.398,0.274
38400,0.327,0.370,0.304
38500,0.334,0.360,0.306
38600,0.352,0.331,0.318
38700,0.359,0.341,0.300
38800,0.356,0.335,0.309
38900,0.339,0.325,0.336
39000,0.343,0.313,0.343
39100,0.363,0.332,0.305
39200,0.359,0.315,0.325
39300,0.393,0.300,0.306
39400,0.361,0.318,0.321
39500,0.398,0.301,0.302
39600,0.427,0.259,0.314
39700,0.439,0.246,0.315
39800,0.421,0.257,0.322
39900,0.438,0.230,0.332
40000,0.447,0.240,0.313
40100,0.429,0.237,0.334
40200,0.447,0.218,0.335
40300,0.458,0.233,0.309
40400,0.489,0.221,0.290
40500,0.473,0.228,0.299
40600,0.419,0.276,0.305
40700,0.401,0.300,0.299
40800,0.368,0.319,0.313
40900,0.396,0.276,0.327
41000,0.374,0.306,0.320
41100,0.382,0.295,0.322
41200,0.385,0.258,0.356
41300,0.392,0.256,0.352
41400,0.413,0.257,0.329
41500,0.444,0.233,0.324
41600,0.435,0.260,0.305
41700,0.429,0.264,0.307
41800,0.452,0.241,0.307
41900,0.463,0.236,0.301
42000,0.465,0.235,0.300
42100,0.458,0.226,0.316
42200,0.477,0.232,0.291
42300,0.442,0.241,0.317
42400,0.440,0.251,0.308
42500,0.459,0.238,0.303
42600,0.485,0.207,0.308
42700,0.475,0.198,0.327
42800,0.473,0.226,0.301
42900,0.477,0.237,0.286
43000,0.458,0.251,0.291
43100,0.456,0.256,0.289
43200,0.460,0.245,0.295
43300,0.467,0.256,0.276
43400,0.449,0.246,0.305
43500,0.445,0.264,0.291
43600,0.427,0.245,0.328
43700,0.430,0.246,0.324
43800,0.423,0.246,0.331
43900,0.435,0.239,0.326
44000,0.448,0.206,0.346
44100,0.419,0.213,0.368
44200,0.442,0.217,0.341
44300,0.470,0.221,0.310
44400,0.486,0.207,0.307
44500,0.518,0.175,0.307
44600,0.502,0.191,0.307
44700,0.511,0.196,0.293
44800,0.503,0.217,0.280
44900,0.530,0.204,0.266
45000,0.505,0.210,0.285
45100,0.488,0.217,0.295
45200,0.486,0.229,0.285
45300,0.506,0.221,0.273
45400,0.480,0.244,0.276
45500,0.472,0.255,0.273
45600,0.470,0.227,0.303
45700,0.455,0.211,0.334
45800,0.458,0.210,0.332
45900,0.439,0.207,0.353
46000,0.430,0.224,0.346
46100,0.387,0.289,0.324
46200,0.391,0.295,0.314
46300,0.403,0.261,0.336
46400,0.369,0.294,0.337
46500,0.359,0.304,0.337
46600,0.344,0.285,0.371
46700,0.348,0.288,0.364
46800,0.322,0.308,0.370
46900,0.302,0.343,0.355
47000,0.318,0.329,0.353
47100,0.334,0.317,0.350
47200,0.368,0.286,0.346
47300,0.375,0.285,0.339
47400,0.381,0.274,0.345
47500,0.357,0.315,0.328
47600,0.327,0.339,0.334
47700,0.373,0.317,0.310
47800,0.385,0.304,0.310
47900,0.391,0.276,0.334
48000,0.424,0.254,0.322
48100,0.444,0.229,0.328
48200,0.452,0.228,0.320
48300,0.477,0.217,0.306
48400,0.435,0.217,0.349
48500,0.447,0.230,0.323
48600,0.458,0.224,0.319
48700,0.452,0.207,0.341
48800,0.453,0.200,0.347
48900,0.463,0.193,0.345
49000,0.492,0.181,0.327
49100,0.466,0.181,0.353
49200,0.456,0.198,0.345
49300,0.469,0.185,0.346
49400,0.471,0.187,0.342
49500,0.466,0.212,0.322
49600,0.474,0.197,0.328
49700,0.483,0.201,0.315
49800,0.462,0.235,0.303
49900,0.433,0.232,0.335
50000,0.438,0.240,0.322
50100,0.458,0.210,0.333
50200,0.470,0.226,0.304
50300,0.462,0.219,0.318
50400,0.455,0.242,0.304
50500,0.406,0.265,0.328
50600,0.398,0.259,0.343
50700,0.423,0.258,0.319
50800,0.413,0.226,0.361
50900,0.397,0.250,0.353
51000,0.411,0.263,0.327
51100,0.420,0.248,0.332
51200,0.384,0.270,0.346
51300,0.388,0.280,0.332
51400,0.346,0.304,0.349
51500,0.339,0.304,0.356
51600,0.362,0.264,0.374
51700,0.367,0.242,0.391
51800,0.374,0.259,0.367
51900,0.364,0.260,0.376
52000,0.353,0.268,0.379
52100,0.395,0.254,0.351
52200,0.379,0.273,0.348
52300,0.382,0.244,0.373
52400,0.416,0.252,0.332
52500,0.459,0.218,0.322
52600,0.443,0.261,0.296
52700,0.436,0.250,0.314
52800,0.439,0.242,0.319
52900,0.480,0.218,0.302
53000,0.456,0.261,0.283
53100,0.453,0.287,0.260
53200,0.423,0.315,0.262
53300,0.404,0.297,0.299
53400,0.376,0.306,0.318
53500,0.373,0.339,0.288
53600,0.371,0.327,0.303
53700,0.370,0.313,0.317
53800,0.387,0.323,0.290
53900,0.371,0.289,0.340
54000,0.357,0.322,0.321
54100,0.364,0.319,0.317
54200,0.341,0.354,0.304
54300,0.368,0.328,0.304
54400,0.378,0.300,0.322
54500,0.336,0.353,0.311
54600,0.341,0.351,0.308
54700,0.357,0.340,0.303
54800,0.347,0.354,0.299
54900,0.324,0.356,0.321
55000,0.341,0.347,0.313
55100,0.363,0.347,0.290
55200,0.342,0.401,0.257
55300,0.336,0.388,0.276
55400,0.341,0.388,0.272
55500,0.327,0.394,0.279
55600,0.319,0.415,0.266
55700,0.327,0.396,0.277
55800,0.308,0.406,0.286
55900,0.300,0.420,0.280
56000,0.304,0.442,0.254
56100,0.290,0.443,0.267
56200,0.297,0.412,0.291
56300,0.293,0.434,0.273
56400,0.266,0.461,0.273
56500,0.274,0.434,0.292
56600,0.285,0.448,0.267
56700,0.243,0.501,0.256
56800,0.243,0.501,0.256
56900,0.243,0.470,0.287
57000,0.247,0.474,0.278
57100,0.208,0.502,0.289
57200,0.212,0.494,0.295
57300,0.210,0.507,0.283
57400,0.219,0.484,0.297
57500,0.209,0.513,0.278
57600,0.197,0.516,0.287
57700,0.217,0.501,0.282
57800,0.239,0.479,0.282
57900,0.251,0.450,0.299
58000,0.266,0.442,0.292
58100,0.225,0.469,0.306
58200,0.205,0.489,0.306
58300,0.216,0.474,0.310
58400,0.228,0.466,0.306
58500,0.212,0.469,0.318
58600,0.194,0.480,0.325
58700,0.198,0.486,0.316
58800,0.198,0.474,0.328
58900,0.210,0.455,0.335
59000,0.213,0.464,0.322
59100,0.197,0.461,0.342
59200,0.193,0.458,0.349
59300,0.182,0.482,0.336
59400,0.217,0.449,0.335
59500,0.224,0.451,0.325
59600,0.258,0.411,0.331
59700,0.243,0.420,0.336
59800,0.257,0.409,0.334
59900,0.279,0.367,0.354
60000,0.267,0.367,0.367
60100,0.264,0.389,0.347
60200,0.249,0.412,0.339
60300,0.230,0.437,0.333
60400,0.218,0.422,0.360
60500,0.225,0.417,0.357
60600,0.255,0.382,0.363
60700,0.258,0.380,0.361
60800,0.251,0.373,0.377
60900,0.264,0.359,0.377
61000,0.267,0.371,0.361
61100,0.295,0.354,0.352
61200,0.307,0.308,0.384
61300,0.319,0.303,0.378
61400,0.343,0.313,0.343
61500,0.364,0.292,0.343
61600,0.350,0.311,0.339
61700,0.326,0.326,0.348
61800,0.300,0.331,0.369
61900,0.287,0.342,0.371
62000,0.272,0.366,0.362
62100,0.289,0.347,0.364
62200,0.296,0.332,0.373
62300,0.309,0.348,0.343
62400,0.299,0.376,0.325
62500,0.264,0.406,0.330
62600,0.249,0.414,0.337
62700,0.252,0.469,0.279
62800,0.217,0.481,0.303
62900,0.217,0.475,0.308
63000,0.193,0.507,0.300
63100,0.186,0.508,0.306
63200,0.203,0.501,0.296
63300,0.207,0.512,0.281
63400,0.185,0.486,0.329
63500,0.178,0.497,0.325
63600,0.182,0.475,0.343
63700,0.180,0.505,0.315
63800,0.150,0.560,0.290
63900,0.134,0.572,0.294
64000,0.125,0.589,0.286
64100,0.140,0.577,0.282
64200,0.134,0.572,0.294
64300,0.129,0.581,0.289
64400,0.125,0.584,0.291
64500,0.127,0.574,0.299
64600,0.153,0.572,0.275
64700,0.140,0.566,0.294
64800,0.141,0.562,0.297
64900,0.132,0.572,0.296
65000,0.132,0.570,0.299
65100,0.160,0.547,0.293
65200,0.174,0.564,0.262
65300,0.177,0.552,0.271
65400,0.146,0.575,0.279
65500,0.137,0.604,0.260
65600,0.139,0.584,0.278
65700,0.176,0.536,0.288
65800,0.203,0.485,0.311
65900,0.189,0.460,0.351
66000,0.186,0.464,0.349
66100,0.197,0.486,0.317
66200,0.192,0.480,0.328
66300,0.201,0.483,0.316
66400,0.218,0.484,0.299
66500,0.217,0.459,0.324
66600,0.209,0.431,0.360
66700,0.233,0.435,0.332
66800,0.247,0.441,0.313
66900,0.254,0.403,0.342
67000,0.243,0.432,0.324
67100,0.258,0.425,0.317
67200,0.238,0.438,0.324
67300,0.261,0.432,0.307
67400,0.261,0.417,0.322
67500,0.255,0.436,0.309
67600,0.269,0.414,0.317
67700,0.260,0.407,0.332
67800,0.238,0.415,0.347
67900,0.234,0.430,0.336
68000,0.232,0.445,0.323
68100,0.240,0.470,0.290
68200,0.260,0.434,0.306
68300,0.237,0.462,0.301
68400,0.226,0.464,0.310
68500,0.224,0.482,0.295
68600,0.197,0.490,0.313
68700,0.217,0.485,0.299
68800,0.203,0.462,0.336
68900,0.209,0.451,0.341
69000,0.172,0.519,0.309
69100,0.171,0.498,0.331
69200,0.165,0.541,0.293
69300,0.151,0.537,0.312
69400,0.162,0.527,0.310
69500,0.155,0.522,0.323
69600,0.189,0.517,0.295
69700,0.198,0.500,0.302
69800,0.188,0.527,0.285
69900,0.174,0.527,0.299
70000,0.168,0.543,0.289
70100,0.163,0.548,0.289
70200,0.168,0.532,0.300
70300,0.152,0.543,0.305
70400,0.155,0.555,0.290
70500,0.196,0.494,0.310
70600,0.203,0.487,0.310
70700,0.162,0.569,0.268
70800,0.146,0.601,0.254
70900,0.133,0.619,0.247
71000,0.136,0.628,0.236
71100,0.155,0.618,0.228
71200,0.176,0.594,0.229
71300,0.158,0.607,0.235
71400,0.201,0.574,0.225
71500,0.182,0.576,0.242
71600,0.173,0.565,0.262
71700,0.176,0.566,0.257
71800,0.185,0.536,0.280
71900,0.194,0.501,0.305
72000,0.221,0.508,0.271
72100,0.213,0.493,0.294
72200,0.204,0.481,0.314
72300,0.221,0.445,0.334
72400,0.218,0.471,0.311
72500,0.224,0.455,0.321
72600,0.203,0.512,0.285
72700,0.223,0.480,0.297
72800,0.225,0.477,0.298
72900,0.271,0.458,0.271
73000,0.283,0.412,0.305
73100,0.271,0.445,0.284
73200,0.282,0.413,0.304
73300,0.269,0.399,0.332
73400,0.299,0.378,0.323
73500,0.284,0.391,0.325
73600,0.313,0.375,0.312
73700,0.327,0.356,0.317
73800,0.311,0.360,0.329
73900,0.323,0.347,0.330
74000,0.317,0.363,0.320
74100,0.330,0.366,0.304
74200,0.375,0.338,0.287
74300,0.356,0.325,0.318
74400,0.358,0.314,0.328
74500,0.350,0.327,0.323
74600,0.356,0.327,0.317
74700,0.346,0.343,0.310
74800,0.358,0.318,0.324
74900,0.331,0.334,0.336
75000,0.296,0.382,0.322
75100,0.347,0.314,0.339
75200,0.351,0.311,0.338
75300,0.356,0.325,0.319
75400,0.351,0.332,0.317
75500,0.350,0.338,0.312
75600,0.362,0.341,0.297
75700,0.403,0.319,0.278
75800,0.406,0.305,0.289
75900,0.415,0.305,0.280
76000,0.392,0.293,0.315
76100,0.409,0.288,0.303
76200,0.386,0.310,0.304
76300,0.394,0.291,0.315
76400,0.392,0.289,0.319
76500,0.413,0.290,0.297
76600,0.402,0.311,0.286
76700,0.412,0.280,0.308
76800,0.395,0.293,0.312
76900,0.417,0.287,0.296
77000,0.408,0.289,0.303
77100,0.373,0.282,0.345
77200,0.369,0.275,0.356
77300,0.399,0.264,0.337
77400,0.430,0.231,0.339
77500,0.443,0.233,0.324
77600,0.438,0.237,0.325
77700,0.414,0.254,0.331
77800,0.431,0.246,0.322
77900,0.448,0.244,0.307
78000,0.425,0.229,0.346
78100,0.430,0.233,0.337
78200,0.448,0.236,0.317
78300,0.471,0.238,0.291
78400,0.491,0.211,0.299
78500,0.504,0.215,0.281
78600,0.468,0.267,0.265
78700,0.420,0.300,0.279
78800,0.421,0.276,0.303
78900,0.414,0.294,0.292
79000,0.362,0.304,0.334
79100,0.372,0.313,0.315
79200,0.350,0.334,0.315
79300,0.348,0.305,0.347
79400,0.367,0.292,0.341
79500,0.320,0.331,0.349
79600,0.297,0.347,0.356
79700,0.276,0.372,0.352
79800,0.256,0.403,0.341
79900,0.247,0.417,0.336
80000,0.247,0.424,0.328
80100,0.240,0.420,0.341
80200,0.263,0.389,0.348
80300,0.293,0.379,0.328
80400,0.318,0.354,0.328
80500,0.365,0.315,0.320
80600,0.355,0.315,0.329
80700,0.334,0.354,0.312
80800,0.327,0.360,0.313
80900,0.320,0.373,0.308
81000,0.335,0.367,0.299
81100,0.314,0.375,0.310
81200,0.313,0.343,0.345
81300,0.327,0.322,0.350
81400,0.364,0.303,0.334
81500,0.359,0.309,0.332
81600,0.373,0.302,0.326
81700,0.361,0.292,0.347
81800,0.359,0.314,0.327
81900,0.313,0.334,0.353
82000,0.290,0.344,0.366
82100,0.263,0.357,0.380
82200,0.272,0.366,0.363
82300,0.288,0.346,0.366
82400,0.293,0.347,0.360
82500,0.292,0.368,0.341
82600,0.273,0.388,0.339
82700,0.304,0.372,0.324
82800,0.325,0.343,0.332
82900,0.320,0.325,0.356
83000,0.352,0.306,0.342
83100,0.335,0.322,0.342
83200,0.352,0.319,0.329
83300,0.350,0.310,0.340
83400,0.313,0.328,0.360
83500,0.327,0.311,0.362
83600,0.324,0.312,0.364
83700,0.327,0.313,0.360
83800,0.335,0.315,0.350
83900,0.361,0.298,0.341
84000,0.370,0.316,0.314
84100,0.375,0.277,0.347
84200,0.375,0.288,0.337
84300,0.397,0.268,0.335
84400,0.381,0.255,0.364
84500,0.435,0.244,0.321
84600,0.399,0.265,0.336
84700,0.404,0.261,0.335
84800,0.408,0.260,0.332
84900,0.391,0.258,0.351
85000,0.380,0.267,0.353
85100,0.368,0.281,0.350
85200,0.351,0.283,0.366
85300,0.364,0.285,0.350
85400,0.345,0.327,0.328
85500,0.322,0.316,0.362
85600,0.343,0.314,0.343
85700,0.354,0.293,0.353
85800,0.336,0.322,0.342
85900,0.292,0.377,0.331
86000,0.279,0.385,0.336
86100,0.281,0.382,0.337
86200,0.275,0.395,0.330
86300,0.290,0.375,0.335
86400,0.266,0.375,0.359
86500,0.268,0.386,0.346
86600,0.259,0.409,0.332
86700,0.248,0.424,0.328
86800,0.238,0.452,0.310
86900,0.218,0.460,0.321
87000,0.253,0.448,0.299
87100,0.276,0.409,0.315
87200,0.311,0.384,0.304
87300,0.320,0.377,0.304
87400,0.308,0.332,0.360
87500,0.324,0.326,0.350
87600,0.295,0.354,0.352
87700,0.264,0.371,0.366
87800,0.294,0.367,0.339
87900,0.279,0.377,0.344
88000,0.276,0.359,0.365
88100,0.306,0.335,0.360
88200,0.320,0.325,0.356
88300,0.291,0.336,0.373
88400,0.263,0.365,0.372
88500,0.277,0.361,0.361
88600,0.280,0.360,0.360
88700,0.289,0.341,0.370
88800,0.303,0.346,0.351
88900,0.372,0.301,0.327
89000,0.325,0.329,0.346
89100,0.361,0.334,0.305
89200,0.358,0.337,0.305
89300,0.370,0.330,0.300
89400,0.372,0.338,0.290
89500,0.395,0.307,0.299
89600,0.416,0.290,0.293
89700,0.398,0.301,0.302
89800,0.398,0.302,0.300
89900,0.397,0.310,0.293
90000,0.402,0.274,0.324
90100,0.414,0.274,0.313
90200,0.417,0.274,0.308
90300,0.464,0.251,0.285
90400,0.459,0.268,0.272
90500,0.451,0.296,0.253
90600,0.413,0.329,0.257
90700,0.392,0.335,0.272
90800,0.393,0.317,0.289
90900,0.380,0.296,0.325
91000,0.399,0.286,0.315
91100,0.358,0.326,0.316
91200,0.343,0.334,0.323
91300,0.324,0.380,0.296
91400,0.303,0.409,0.288
91500,0.283,0.422,0.295
91600,0.283,0.413,0.304
91700,0.271,0.419,0.310
91800,0.287,0.399,0.314
91900,0.297,0.380,0.324
92000,0.295,0.386,0.318
92100,0.315,0.378,0.307
92200,0.338,0.355,0.307
92300,0.340,0.348,0.312
92400,0.352,0.327,0.321
92500,0.354,0.313,0.334
92600,0.366,0.295,0.339
92700,0.378,0.286,0.335
92800,0.414,0.276,0.310
92900,0.416,0.281,0.303
93000,0.423,0.283,0.295
93100,0.406,0.299,0.296
93200,0.375,0.308,0.317
93300,0.362,0.305,0.333
93400,0.336,0.325,0.339
93500,0.321,0.331,0.347
93600,0.338,0.315,0.347
93700,0.315,0.338,0.347
93800,0.326,0.349,0.325
93900,0.333,0.342,0.325
94000,0.345,0.318,0.337
94100,0.327,0.336,0.337
94200,0.322,0.322,0.356
94300,0.319,0.328,0.353
94400,0.342,0.290,0.367
94500,0.376,0.279,0.345
94600,0.367,0.298,0.335
94700,0.366,0.298,0.336
94800,0.400,0.268,0.332
94900,0.395,0.260,0.345
95000,0.419,0.251,0.329
95100,0.427,0.258,0.314
95200,0.417,0.274,0.310
95300,0.381,0.318,0.302
95400,0.401,0.282,0.317
95500,0.374,0.277,0.349
95600,0.368,0.277,0.354
95700,0.346,0.262,0.392
95800,0.375,0.276,0.349
95900,0.372,0.299,0.329
96000,0.374,0.265,0.360
96100,0.391,0.232,0.377
96200,0.419,0.235,0.346
96300,0.391,0.232,0.377
96400,0.364,0.256,0.381
96500,0.339,0.269,0.392
96600,0.300,0.329,0.371
96700,0.292,0.321,0.388
96800,0.286,0.349,0.365
96900,0.309,0.342,0.349
97000,0.309,0.324,0.367
97100,0.308,0.353,0.339
97200,0.285,0.361,0.353
97300,0.295,0.335,0.370
97400,0.299,0.344,0.357
97500,0.291,0.338,0.371
97600,0.282,0.366,0.352
97700,0.267,0.347,0.386
97800,0.286,0.357,0.357
97900,0.258,0.373,0.369
98000,0.285,0.374,0.341
98100,0.292,0.389,0.320
98200,0.273,0.377,0.350
98300,0.246,0.412,0.342
98400,0.231,0.408,0.361
98500,0.241,0.418,0.341
98600,0.225,0.435,0.341
98700,0.226,0.437,0.337
98800,0.208,0.466,0.327
98900,0.228,0.469,0.304
99000,0.245,0.453,0.302
99100,0.228,0.455,0.317
99200,0.235,0.463,0.303
99300,0.262,0.429,0.309
99400,0.290,0.412,0.298
99500,0.272,0.412,0.316
99600,0.279,0.407,0.314
99700,0.261,0.424,0.315
99800,0.251,0.456,0.292
99900,0.276,0.424,0.300
100000,0.267,0.417,0.316
