time,n_A+p,n_B,n_AB
500,0.010,0.502,0.488
1000,0.010,0.251,0.739
1500,0.010,0.253,0.737
2000,0.010,0.364,0.626
2500,0.010,0.167,0.823
3000,0.010,0.164,0.826
3500,0.010,0.254,0.736
4000,0.010,0.211,0.779
4500,0.010,0.339,0.651
5000,0.010,0.237,0.753
5500,0.010,0.341,0.649
6000,0.010,0.199,0.791
6500,0.010,0.276,0.714
7000,0.010,0.272,0.718
7500,0.010,0.259,0.731
8000,0.010,0.271,0.719
8500,0.010,0.249,0.741
9000,0.010,0.209,0.781
9500,0.010,0.307,0.683
10000,0.010,0.297,0.693
10500,0.010,0.240,0.750
11000,0.010,0.282,0.708
11500,0.010,0.228,0.762
12000,0.021,0.137,0.842
12500,0.010,0.368,0.622
13000,0.010,0.261,0.729
13500,0.010,0.312,0.678
14000,0.010,0.259,0.731
14500,0.010,0.344,0.646
15000,0.010,0.240,0.750
15500,0.010,0.133,0.857
16000,0.010,0.372,0.618
16500,0.010,0.136,0.854
17000,0.010,0.358,0.632
17500,0.010,0.217,0.773
18000,0.010,0.298,0.692
18500,0.010,0.374,0.616
19000,0.010,0.290,0.700
19500,0.010,0.251,0.739
20000,0.010,0.267,0.723
20500,0.010,0.175,0.815
21000,0.010,0.304,0.686
21500,0.010,0.326,0.664
22000,0.010,0.337,0.653
22500,0.010,0.397,0.593
23000,0.010,0.245,0.745
23500,0.010,0.193,0.797
24000,0.010,0.206,0.784
24500,0.010,0.261,0.729
25000,0.010,0.279,0.711
25500,0.010,0.242,0.748
26000,0.010,0.364,0.626
26500,0.010,0.271,0.719
27000,0.010,0.259,0.731
27500,0.010,0.289,0.701
28000,0.010,0.274,0.716
28500,0.010,0.245,0.745
29000,0.010,0.209,0.781
29500,0.010,0.220,0.770
30000,0.010,0.251,0.739
30500,0.010,0.290,0.700
31000,0.010,0.283,0.707
31500,0.010,0.280,0.710
32000,0.010,0.164,0.826
32500,0.010,0.292,0.698
33000,0.012,0.255,0.733
33500,0.010,0.254,0.736
34000,0.010,0.282,0.708
34500,0.010,0.377,0.613
35000,0.010,0.417,0.573
35500,0.010,0.319,0.671
36000,0.010,0.331,0.659
36500,0.010,0.282,0.708
37000,0.010,0.228,0.762
37500,0.010,0.148,0.842
38000,0.010,0.356,0.634
38500,0.010,0.228,0.762
39000,0.010,0.411,0.579
39500,0.010,0.200,0.790
40000,0.010,0.174,0.816
40500,0.010,0.243,0.747
41000,0.010,0.199,0.791
41500,0.010,0.243,0.747
42000,0.029,0.147,0.824
42500,0.210,0.000,0.790
43000,0.321,0.000,0.679
43500,0.374,0.000,0.626
44000,0.470,0.000,0.530
44500,0.516,0.000,0.484
45000,0.280,0.000,0.720
45500,0.334,0.000,0.666
46000,0.320,0.000,0.680
46500,0.318,0.000,0.682
47000,0.403,0.000,0.597
47500,0.370,0.000,0.630
48000,0.339,0.000,0.661
48500,0.464,0.000,0.536
49000,0.462,0.000,0.538
49500,0.362,0.000,0.638
50000,0.472,0.000,0.528
50500,0.372,0.000,0.628
51000,0.624,0.000,0.376
51500,0.474,0.000,0.526
52000,0.381,0.000,0.619
52500,0.350,0.000,0.650
53000,0.459,0.000,0.541
53500,0.380,0.000,0.620
54000,0.486,0.000,0.514
54500,0.582,0.000,0.418
55000,0.290,0.000,0.710
55500,0.364,0.000,0.636
56000,0.412,0.000,0.588
56500,0.696,0.000,0.304
57000,0.592,0.000,0.408
57500,0.463,0.000,0.537
58000,0.465,0.000,0.535
58500,0.442,0.000,0.558
59000,0.321,0.000,0.679
59500,0.543,0.000,0.457
60000,0.570,0.000,0.430
60500,0.521,0.000,0.479
61000,0.402,0.000,0.598
61500,0.419,0.000,0.581
62000,0.263,0.000,0.737
62500,0.453,0.000,0.547
63000,0.607,0.000,0.393
63500,0.393,0.000,0.607
64000,0.285,0.000,0.715
64500,0.343,0.000,0.657
65000,0.476,0.000,0.524
65500,0.361,0.000,0.639
66000,0.612,0.000,0.388
66500,0.501,0.000,0.499
67000,0.375,0.000,0.625
67500,0.495,0.000,0.505
68000,0.469,0.000,0.531
68500,0.666,0.000,0.334
69000,0.541,0.000,0.459
69500,0.512,0.000,0.488
70000,0.465,0.000,0.535
70500,0.343,0.000,0.657
71000,0.425,0.000,0.575
71500,0.368,0.000,0.632
72000,0.572,0.000,0.428
72500,0.365,0.000,0.635
73000,0.345,0.000,0.655
73500,0.545,0.000,0.455
74000,0.554,0.000,0.446
74500,0.593,0.000,0.407
75000,0.358,0.000,0.642
75500,0.343,0.000,0.657
76000,0.394,0.000,0.606
76500,0.371,0.000,0.629
77000,0.355,0.000,0.645
77500,0.409,0.000,0.591
78000,0.380,0.000,0.620
78500,0.342,0.000,0.658
79000,0.348,0.000,0.652
79500,0.381,0.000,0.619
80000,0.379,0.000,0.621
80500,0.530,0.000,0.470
81000,0.471,0.000,0.529
81500,0.471,0.000,0.529
82000,0.448,0.000,0.552
82500,0.542,0.000,0.458
83000,0.267,0.000,0.733
83500,0.394,0.000,0.606
84000,0.479,0.000,0.521
84500,0.401,0.000,0.599
85000,0.457,0.000,0.543
85500,0.351,0.000,0.649
86000,0.370,0.000,0.630
86500,0.453,0.000,0.547
87000,0.464,0.000,0.536
87500,0.580,0.000,0.420
88000,0.608,0.000,0.392
88500,0.552,0.000,0.448
89000,0.356,0.000,0.644
89500,0.438,0.000,0.562
90000,0.512,0.000,0.488
90500,0.384,0.000,0.616
91000,0.455,0.000,0.545
91500,0.466,0.000,0.534
92000,0.409,0.000,0.591
92500,0.398,0.000,0.602
93000,0.414,0.000,0.586
93500,0.559,0.000,0.441
94000,0.603,0.000,0.397
94500,0.461,0.000,0.539
95000,0.579,0.000,0.421
95500,0.562,0.000,0.438
96000,0.513,0.000,0.487
96500,0.454,0.000,0.546
97000,0.485,0.000,0.515
97500,0.290,0.000,0.710
98000,0.295,0.000,0.705
98500,0.532,0.000,0.468
99000,0.549,0.000,0.451
99500,0.516,0.000,0.484
100000,0.335,0.000,0.665
100500,0.477,0.000,0.523
101000,0.494,0.000,0.506
101500,0.574,0.000,0.426
102000,0.507,0.000,0.493
102500,0.598,0.000,0.402
103000,0.481,0.000,0.519
103500,0.478,0.000,0.522
104000,0.503,0.000,0.497
104500,0.537,0.000,0.463
105000,0.416,0.000,0.584
105500,0.239,0.000,0.761
106000,0.392,0.000,0.608
106500,0.354,0.000,0.646
107000,0.449,0.000,0.551
107500,0.614,0.000,0.386
108000,0.424,0.000,0.576
108500,0.387,0.000,0.613
109000,0.514,0.000,0.486
109500,0.413,0.000,0.587
110000,0.297,0.000,0.703
110500,0.288,0.000,0.712
111000,0.340,0.000,0.660
111500,0.241,0.000,0.759
112000,0.414,0.000,0.586
112500,0.313,0.000,0.687
113000,0.579,0.000,0.421
113500,0.486,0.000,0.514
114000,0.420,0.000,0.580
114500,0.429,0.000,0.571
115000,0.342,0.000,0.658
115500,0.292,0.000,0.708
116000,0.379,0.000,0.621
116500,0.465,0.000,0.535
117000,0.641,0.000,0.359
117500,0.418,0.000,0.582
118000,0.398,0.000,0.602
118500,0.450,0.000,0.550
119000,0.399,0.000,0.601
119500,0.544,0.000,0.456
120000,0.667,0.000,0.333
120500,0.557,0.000,0.443
121000,0.485,0.000,0.515
121500,0.407,0.000,0.593
122000,0.504,0.000,0.496
122500,0.656,0.000,0.344
123000,0.357,0.000,0.643
123500,0.535,0.000,0.465
124000,0.370,0.000,0.630
124500,0.325,0.000,0.675
125000,0.391,0.000,0.609
125500,0.445,0.000,0.555
126000,0.536,0.000,0.464
126500,0.366,0.000,0.634
127000,0.383,0.000,0.617
127500,0.354,0.000,0.646
128000,0.475,0.000,0.525
128500,0.533,0.000,0.467
129000,0.529,0.000,0.471
129500,0.508,0.000,0.492
130000,0.329,0.000,0.671
130500,0.344,0.000,0.656
131000,0.476,0.000,0.524
131500,0.603,0.000,0.397
132000,0.509,0.000,0.491
132500,0.309,0.000,0.691
133000,0.320,0.000,0.680
133500,0.413,0.000,0.587
134000,0.444,0.000,0.556
134500,0.358,0.000,0.642
135000,0.459,0.000,0.541
135500,0.472,0.000,0.528
136000,0.303,0.000,0.697
136500,0.439,0.000,0.561
137000,0.406,0.000,0.594
137500,0.556,0.000,0.444
138000,0.560,0.000,0.440
138500,0.558,0.000,0.442
139000,0.365,0.000,0.635
139500,0.505,0.000,0.495
140000,0.667,0.000,0.333
140500,0.475,0.000,0.525
141000,0.593,0.000,0.407
141500,0.440,0.000,0.560
142000,0.391,0.000,0.609
142500,0.441,0.000,0.559
143000,0.588,0.000,0.412
143500,0.511,0.000,0.489
144000,0.345,0.000,0.655
144500,0.404,0.000,0.596
145000,0.611,0.000,0.389
145500,0.373,0.000,0.627
146000,0.445,0.000,0.555
146500,0.408,0.000,0.592
147000,0.548,0.000,0.452
147500,0.635,0.000,0.365
148000,0.566,0.000,0.434
148500,0.415,0.000,0.585
149000,0.312,0.000,0.688
149500,0.364,0.000,0.636
150000,0.581,0.000,0.419
150500,0.267,0.000,0.733
151000,0.375,0.000,0.625
151500,0.377,0.000,0.623
152000,0.361,0.000,0.639
152500,0.402,0.000,0.598
153000,0.326,0.000,0.674
153500,0.576,0.000,0.424
154000,0.420,0.000,0.580
154500,0.356,0.000,0.644
155000,0.433,0.000,0.567
155500,0.315,0.000,0.685
156000,0.507,0.000,0.493
156500,0.296,0.000,0.704
157000,0.426,0.000,0.574
157500,0.402,0.000,0.598
158000,0.278,0.000,0.722
158500,0.417,0.000,0.583
159000,0.460,0.000,0.540
159500,0.470,0.000,0.530
160000,0.333,0.000,0.667
160500,0.510,0.000,0.490
161000,0.400,0.000,0.600
161500,0.280,0.000,0.720
162000,0.408,0.000,0.592
162500,0.503,0.000,0.497
163000,0.505,0.000,0.495
163500,0.408,0.000,0.592
164000,0.535,0.000,0.465
164500,0.458,0.000,0.542
165000,0.469,0.000,0.531
165500,0.530,0.000,0.470
166000,0.676,0.000,0.324
166500,0.650,0.000,0.350
167000,0.310,0.000,0.690
167500,0.302,0.000,0.698
168000,0.401,0.000,0.599
168500,0.238,0.000,0.762
169000,0.507,0.000,0.493
169500,0.284,0.000,0.716
170000,0.384,0.000,0.616
170500,0.485,0.000,0.515
171000,0.520,0.000,0.480
171500,0.568,0.000,0.432
172000,0.450,0.000,0.550
172500,0.304,0.000,0.696
173000,0.489,0.000,0.511
173500,0.396,0.000,0.604
174000,0.505,0.000,0.495
174500,0.541,0.000,0.459
175000,0.586,0.000,0.414
175500,0.492,0.000,0.508
176000,0.494,0.000,0.506
176500,0.454,0.000,0.546
177000,0.386,0.000,0.614
177500,0.466,0.000,0.534
178000,0.451,0.000,0.549
178500,0.360,0.000,0.640
179000,0.504,0.000,0.496
179500,0.386,0.000,0.614
180000,0.442,0.000,0.558
180500,0.539,0.000,0.461
181000,0.391,0.000,0.609
181500,0.331,0.000,0.669
182000,0.549,0.000,0.451
182500,0.340,0.000,0.660
183000,0.520,0.000,0.480
183500,0.547,0.000,0.453
184000,0.339,0.000,0.661
184500,0.427,0.000,0.573
185000,0.575,0.000,0.425
185500,0.327,0.000,0.673
186000,0.473,0.000,0.527
186500,0.492,0.000,0.508
187000,0.507,0.000,0.493
187500,0.542,0.000,0.458
188000,0.360,0.000,0.640
188500,0.515,0.000,0.485
189000,0.353,0.000,0.647
189500,0.433,0.000,0.567
190000,0.411,0.000,0.589
190500,0.284,0.000,0.716
191000,0.343,0.000,0.657
191500,0.561,0.000,0.439
192000,0.530,0.000,0.470
192500,0.498,0.000,0.502
193000,0.442,0.000,0.558
193500,0.301,0.000,0.699
194000,0.485,0.000,0.515
194500,0.480,0.000,0.520
195000,0.325,0.000,0.675
195500,0.425,0.000,0.575
196000,0.380,0.000,0.620
196500,0.465,0.000,0.535
197000,0.564,0.000,0.436
197500,0.460,0.000,0.540
198000,0.354,0.000,0.646
198500,0.310,0.000,0.690
199000,0.362,0.000,0.638
199500,0.311,0.000,0.689
200000,0.287,0.000,0.713
200500,0.374,0.000,0.626
201000,0.292,0.000,0.708
201500,0.407,0.000,0.593
202000,0.422,0.000,0.578
202500,0.515,0.000,0.485
203000,0.379,0.000,0.621
203500,0.580,0.000,0.420
204000,0.560,0.000,0.440
204500,0.359,0.000,0.641
205000,0.409,0.000,0.591
205500,0.507,0.000,0.493
206000,0.334,0.000,0.666
206500,0.556,0.000,0.444
207000,0.519,0.000,0.481
207500,0.541,0.000,0.459
208000,0.395,0.000,0.605
208500,0.563,0.000,0.437
209000,0.659,0.000,0.341
209500,0.280,0.000,0.720
210000,0.463,0.000,0.537
210500,0.509,0.000,0.491
211000,0.486,0.000,0.514
211500,0.579,0.000,0.421
212000,0.489,0.000,0.511
212500,0.379,0.000,0.621
213000,0.390,0.000,0.610
213500,0.405,0.000,0.595
214000,0.402,0.000,0.598
214500,0.373,0.000,0.627
215000,0.488,0.000,0.512
215500,0.415,0.000,0.585
216000,0.362,0.000,0.638
216500,0.325,0.000,0.675
217000,0.419,0.000,0.581
217500,0.396,0.000,0.604
218000,0.414,0.000,0.586
218500,0.432,0.000,0.568
219000,0.536,0.000,0.464
219500,0.256,0.000,0.744
220000,0.506,0.000,0.494
220500,0.374,0.000,0.626
221000,0.504,0.000,0.496
221500,0.391,0.000,0.609
222000,0.557,0.000,0.443
222500,0.593,0.000,0.407
223000,0.533,0.000,0.467
223500,0.635,0.000,0.365
224000,0.486,0.000,0.514
224500,0.627,0.000,0.373
225000,0.373,0.000,0.627
225500,0.368,0.000,0.632
226000,0.535,0.000,0.465
226500,0.595,0.000,0.405
227000,0.729,0.000,0.271
227500,0.396,0.000,0.604
228000,0.405,0.000,0.595
228500,0.532,0.000,0.468
229000,0.563,0.000,0.437
229500,0.315,0.000,0.685
230000,0.484,0.000,0.516
230500,0.493,0.000,0.507
231000,0.371,0.000,0.629
231500,0.523,0.000,0.477
232000,0.407,0.000,0.593
232500,0.515,0.000,0.485
233000,0.428,0.000,0.572
233500,0.489,0.000,0.511
234000,0.617,0.000,0.383
234500,0.487,0.000,0.513
235000,0.400,0.000,0.600
235500,0.431,0.000,0.569
236000,0.242,0.000,0.758
236500,0.298,0.000,0.702
237000,0.369,0.000,0.631
237500,0.452,0.000,0.548
238000,0.497,0.000,0.503
238500,0.513,0.000,0.487
239000,0.188,0.000,0.812
239500,0.453,0.000,0.547
240000,0.422,0.000,0.578
240500,0.671,0.000,0.329
241000,0.546,0.000,0.454
241500,0.350,0.000,0.650
242000,0.445,0.000,0.555
242500,0.501,0.000,0.499
243000,0.472,0.000,0.528
243500,0.487,0.000,0.513
244000,0.338,0.000,0.662
244500,0.424,0.000,0.576
245000,0.604,0.000,0.396
245500,0.482,0.000,0.518
246000,0.365,0.000,0.635
246500,0.484,0.000,0.516
247000,0.750,0.000,0.250
247500,0.621,0.000,0.379
248000,0.472,0.000,0.528
248500,0.543,0.000,0.457
249000,0.409,0.000,0.591
249500,0.544,0.000,0.456
250000,0.537,0.000,0.463
250500,0.543,0.000,0.457
251000,0.391,0.000,0.609
251500,0.628,0.000,0.372
252000,0.347,0.000,0.653
252500,0.458,0.000,0.542
253000,0.389,0.000,0.611
253500,0.668,0.000,0.332
254000,0.481,0.000,0.519
254500,0.436,0.000,0.564
255000,0.434,0.000,0.566
255500,0.417,0.000,0.583
256000,0.362,0.000,0.638
256500,0.465,0.000,0.535
257000,0.384,0.000,0.616
257500,0.529,0.000,0.471
258000,0.380,0.000,0.620
258500,0.368,0.000,0.632
259000,0.465,0.000,0.535
259500,0.437,0.000,0.563
260000,0.360,0.000,0.640
260500,0.369,0.000,0.631
261000,0.311,0.000,0.689
261500,0.502,0.000,0.498
262000,0.499,0.000,0.501
262500,0.531,0.000,0.469
263000,0.404,0.000,0.596
263500,0.337,0.000,0.663
264000,0.620,0.000,0.380
264500,0.289,0.000,0.711
265000,0.310,0.000,0.690
265500,0.578,0.000,0.422
266000,0.612,0.000,0.388
266500,0.503,0.000,0.497
267000,0.459,0.000,0.541
267500,0.422,0.000,0.578
268000,0.285,0.000,0.715
268500,0.392,0.000,0.608
269000,0.428,0.000,0.572
269500,0.614,0.000,0.386
270000,0.307,0.000,0.693
270500,0.398,0.000,0.602
271000,0.628,0.000,0.372
271500,0.465,0.000,0.535
272000,0.504,0.000,0.496
272500,0.455,0.000,0.545
273000,0.553,0.000,0.447
273500,0.437,0.000,0.563
274000,0.703,0.000,0.297
274500,0.509,0.000,0.491
275000,0.461,0.000,0.539
275500,0.438,0.000,0.562
276000,0.513,0.000,0.487
276500,0.513,0.000,0.487
277000,0.403,0.000,0.597
277500,0.705,0.000,0.295
278000,0.492,0.000,0.508
278500,0.274,0.000,0.726
279000,0.555,0.000,0.445
279500,0.549,0.000,0.451
280000,0.545,0.000,0.455
280500,0.605,0.000,0.395
281000,0.344,0.000,0.656
281500,0.644,0.000,0.356
282000,0.485,0.000,0.515
282500,0.647,0.000,0.353
283000,0.406,0.000,0.594
283500,0.589,0.000,0.411
284000,0.609,0.000,0.391
284500,0.350,0.000,0.650
285000,0.333,0.000,0.667
285500,0.387,0.000,0.613
286000,0.481,0.000,0.519
286500,0.545,0.000,0.455
287000,0.422,0.000,0.578
287500,0.549,0.000,0.451
288000,0.557,0.000,0.443
288500,0.382,0.000,0.618
289000,0.340,0.000,0.660
289500,0.570,0.000,0.430
290000,0.321,0.000,0.679
290500,0.533,0.000,0.467
291000,0.533,0.000,0.467
291500,0.409,0.000,0.591
292000,0.526,0.000,0.474
292500,0.517,0.000,0.483
293000,0.396,0.000,0.604
293500,0.417,0.000,0.583
294000,0.499,0.000,0.501
294500,0.308,0.000,0.692
295000,0.297,0.000,0.703
295500,0.453,0.000,0.547
296000,0.514,0.000,0.486
296500,0.499,0.000,0.501
297000,0.486,0.000,0.514
297500,0.238,0.000,0.762
298000,0.586,0.000,0.414
298500,0.378,0.000,0.622
299000,0.513,0.000,0.487
299500,0.403,0.000,0.597
300000,0.469,0.000,0.531
300500,0.342,0.000,0.658
301000,0.416,0.000,0.584
301500,0.621,0.000,0.379
302000,0.460,0.000,0.540
302500,0.458,0.000,0.542
303000,0.482,0.000,0.518
303500,0.392,0.000,0.608
304000,0.825,0.000,0.175
304500,0.802,0.000,0.198
305000,0.722,0.000,0.278
305500,0.285,0.000,0.715
306000,0.600,0.000,0.400
306500,0.546,0.000,0.454
307000,0.479,0.000,0.521
307500,0.490,0.000,0.510
308000,0.395,0.000,0.605
308500,0.694,0.000,0.306
309000,0.360,0.000,0.640
309500,0.347,0.000,0.653
310000,0.546,0.000,0.454
310500,0.372,0.000,0.628
311000,0.525,0.000,0.475
311500,0.315,0.000,0.685
312000,0.344,0.000,0.656
312500,0.420,0.000,0.580
313000,0.368,0.000,0.632
313500,0.394,0.000,0.606
314000,0.323,0.000,0.677
314500,0.541,0.000,0.459
315000,0.480,0.000,0.520
315500,0.445,0.000,0.555
316000,0.506,0.000,0.494
316500,0.434,0.000,0.566
317000,0.439,0.000,0.561
317500,0.470,0.000,0.530
318000,0.455,0.000,0.545
318500,0.547,0.000,0.453
319000,0.395,0.000,0.605
319500,0.216,0.000,0.784
320000,0.544,0.000,0.456
320500,0.313,0.001,0.686
321000,0.362,0.000,0.638
321500,0.343,0.000,0.657
322000,0.622,0.000,0.378
322500,0.443,0.000,0.557
323000,0.459,0.000,0.541
323500,0.414,0.000,0.586
324000,0.513,0.000,0.487
324500,0.532,0.000,0.468
325000,0.356,0.000,0.644
325500,0.467,0.000,0.533
326000,0.385,0.000,0.615
326500,0.351,0.000,0.649
327000,0.472,0.000,0.528
327500,0.504,0.000,0.496
328000,0.422,0.000,0.578
328500,0.440,0.000,0.560
329000,0.491,0.000,0.509
329500,0.682,0.000,0.318
330000,0.523,0.000,0.477
330500,0.420,0.000,0.580
331000,0.538,0.000,0.462
331500,0.362,0.000,0.638
332000,0.479,0.000,0.521
332500,0.460,0.000,0.540
333000,0.337,0.000,0.663
333500,0.475,0.000,0.525
334000,0.461,0.000,0.539
334500,0.458,0.000,0.542
335000,0.410,0.000,0.590
335500,0.294,0.000,0.706
336000,0.424,0.000,0.576
336500,0.457,0.000,0.543
337000,0.367,0.000,0.633
337500,0.512,0.000,0.488
338000,0.257,0.000,0.743
338500,0.509,0.000,0.491
339000,0.452,0.000,0.548
339500,0.327,0.000,0.673
340000,0.366,0.000,0.634
340500,0.538,0.000,0.462
341000,0.507,0.000,0.493
341500,0.469,0.000,0.531
342000,0.485,0.000,0.515
342500,0.431,0.000,0.569
343000,0.633,0.000,0.367
343500,0.483,0.000,0.517
344000,0.397,0.000,0.603
344500,0.461,0.000,0.539
345000,0.470,0.000,0.530
345500,0.568,0.000,0.432
346000,0.460,0.000,0.540
346500,0.619,0.000,0.381
347000,0.390,0.000,0.610
347500,0.483,0.000,0.517
348000,0.250,0.000,0.750
348500,0.438,0.000,0.562
349000,0.339,0.000,0.661
349500,0.526,0.000,0.474
350000,0.487,0.000,0.513
350500,0.366,0.000,0.634
351000,0.369,0.000,0.631
351500,0.515,0.000,0.485
352000,0.417,0.000,0.583
352500,0.370,0.000,0.630
353000,0.562,0.000,0.438
353500,0.284,0.000,0.716
354000,0.452,0.000,0.548
354500,0.551,0.000,0.449
355000,0.449,0.000,0.551
355500,0.634,0.000,0.366
356000,0.552,0.000,0.448
356500,0.492,0.000,0.508
357000,0.493,0.000,0.507
357500,0.410,0.000,0.590
358000,0.340,0.000,0.660
358500,0.449,0.000,0.551
359000,0.389,0.000,0.611
359500,0.381,0.000,0.619
360000,0.668,0.000,0.332
360500,0.360,0.000,0.640
361000,0.514,0.000,0.486
361500,0.488,0.000,0.512
362000,0.451,0.000,0.549
362500,0.421,0.000,0.579
363000,0.350,0.000,0.650
363500,0.322,0.000,0.678
364000,0.302,0.000,0.698
364500,0.291,0.000,0.709
365000,0.425,0.000,0.575
365500,0.445,0.000,0.555
366000,0.544,0.000,0.456
366500,0.688,0.000,0.312
367000,0.511,0.000,0.489
367500,0.482,0.000,0.518
368000,0.302,0.000,0.698
368500,0.340,0.000,0.660
369000,0.487,0.000,0.513
369500,0.368,0.000,0.632
370000,0.416,0.000,0.584
370500,0.617,0.000,0.383
371000,0.265,0.000,0.735
371500,0.282,0.000,0.718
372000,0.531,0.000,0.469
372500,0.422,0.000,0.578
373000,0.349,0.000,0.651
373500,0.269,0.000,0.731
374000,0.642,0.000,0.358
374500,0.558,0.000,0.442
375000,0.203,0.000,0.797
375500,0.505,0.000,0.495
376000,0.400,0.000,0.600
376500,0.456,0.000,0.544
377000,0.315,0.000,0.685
377500,0.335,0.000,0.665
378000,0.434,0.000,0.566
378500,0.321,0.000,0.679
379000,0.584,0.000,0.416
379500,0.486,0.000,0.514
380000,0.377,0.000,0.623
380500,0.512,0.000,0.488
381000,0.528,0.000,0.472
381500,0.483,0.000,0.517
382000,0.690,0.000,0.310
382500,0.392,0.000,0.608
383000,0.387,0.000,0.613
383500,0.528,0.000,0.472
384000,0.471,0.000,0.529
384500,0.405,0.000,0.595
385000,0.383,0.000,0.617
385500,0.326,0.000,0.674
386000,0.497,0.000,0.503
386500,0.413,0.000,0.587
387000,0.418,0.000,0.582
387500,0.477,0.000,0.523
388000,0.545,0.000,0.455
388500,0.329,0.000,0.671
389000,0.365,0.000,0.635
389500,0.417,0.000,0.583
390000,0.378,0.000,0.622
390500,0.473,0.000,0.527
391000,0.403,0.000,0.597
391500,0.438,0.000,0.562
392000,0.435,0.000,0.565
392500,0.366,0.000,0.634
393000,0.498,0.000,0.502
393500,0.373,0.000,0.627
394000,0.390,0.000,0.610
394500,0.334,0.000,0.666
395000,0.559,0.000,0.441
395500,0.485,0.000,0.515
396000,0.403,0.000,0.597
396500,0.361,0.000,0.639
397000,0.478,0.000,0.522
397500,0.475,0.000,0.525
398000,0.564,0.000,0.436
398500,0.356,0.000,0.644
399000,0.375,0.000,0.625
399500,0.349,0.000,0.651
400000,0.416,0.000,0.584
400500,0.647,0.000,0.353
401000,0.328,0.000,0.672
401500,0.405,0.000,0.595
402000,0.483,0.000,0.517
402500,0.450,0.000,0.550
403000,0.396,0.000,0.604
403500,0.391,0.000,0.609
404000,0.425,0.000,0.575
404500,0.330,0.000,0.670
405000,0.535,0.000,0.465
405500,0.311,0.000,0.689
406000,0.524,0.000,0.476
406500,0.437,0.000,0.563
407000,0.454,0.000,0.546
407500,0.453,0.000,0.547
408000,0.641,0.000,0.359
408500,0.430,0.000,0.570
409000,0.280,0.000,0.720
409500,0.424,0.000,0.576
410000,0.512,0.000,0.488
410500,0.485,0.000,0.515
411000,0.375,0.000,0.625
411500,0.454,0.000,0.546
412000,0.422,0.000,0.578
412500,0.723,0.000,0.277
413000,0.437,0.000,0.563
413500,0.383,0.000,0.617
414000,0.275,0.000,0.725
414500,0.538,0.000,0.462
415000,0.244,0.000,0.756
415500,0.633,0.000,0.367
416000,0.489,0.000,0.511
416500,0.351,0.000,0.649
417000,0.490,0.000,0.510
417500,0.375,0.000,0.625
418000,0.371,0.000,0.629
418500,0.572,0.000,0.428
419000,0.530,0.000,0.470
419500,0.496,0.000,0.504
420000,0.461,0.000,0.539
420500,0.497,0.000,0.503
421000,0.318,0.000,0.682
421500,0.525,0.000,0.475
422000,0.414,0.000,0.586
422500,0.401,0.000,0.599
423000,0.331,0.000,0.669
423500,0.398,0.000,0.602
424000,0.503,0.000,0.497
424500,0.569,0.000,0.431
425000,0.498,0.000,0.502
425500,0.501,0.000,0.499
426000,0.308,0.000,0.692
426500,0.461,0.000,0.539
427000,0.544,0.000,0.456
427500,0.476,0.000,0.524
428000,0.515,0.000,0.485
428500,0.397,0.000,0.603
429000,0.369,0.000,0.631
429500,0.360,0.000,0.640
430000,0.571,0.000,0.429
430500,0.431,0.000,0.569
431000,0.447,0.000,0.553
431500,0.496,0.000,0.504
432000,0.327,0.000,0.673
432500,0.338,0.000,0.662
433000,0.469,0.000,0.531
433500,0.448,0.000,0.552
434000,0.380,0.000,0.620
434500,0.476,0.000,0.524
435000,0.350,0.000,0.650
435500,0.442,0.000,0.558
436000,0.208,0.000,0.792
436500,0.419,0.000,0.581
437000,0.411,0.000,0.589
437500,0.366,0.000,0.634
438000,0.459,0.000,0.541
438500,0.447,0.000,0.553
439000,0.293,0.000,0.707
439500,0.518,0.000,0.482
440000,0.395,0.000,0.605
440500,0.392,0.000,0.608
441000,0.418,0.000,0.582
441500,0.442,0.000,0.558
442000,0.465,0.000,0.535
442500,0.485,0.000,0.515
443000,0.424,0.000,0.576
443500,0.403,0.000,0.597
444000,0.513,0.000,0.487
444500,0.498,0.000,0.502
445000,0.396,0.000,0.604
445500,0.396,0.000,0.604
446000,0.446,0.000,0.554
446500,0.413,0.000,0.587
447000,0.576,0.000,0.424
447500,0.342,0.000,0.658
448000,0.588,0.000,0.412
448500,0.398,0.000,0.602
449000,0.585,0.000,0.415
449500,0.342,0.000,0.658
450000,0.524,0.000,0.476
450500,0.419,0.000,0.581
451000,0.301,0.000,0.699
451500,0.552,0.000,0.448
452000,0.507,0.000,0.493
452500,0.303,0.000,0.697
453000,0.379,0.000,0.621
453500,0.328,0.000,0.672
454000,0.278,0.000,0.722
454500,0.378,0.000,0.622
455000,0.428,0.000,0.572
455500,0.684,0.000,0.316
456000,0.508,0.000,0.492
456500,0.557,0.000,0.443
457000,0.426,0.000,0.574
457500,0.326,0.000,0.674
458000,0.237,0.000,0.763
458500,0.473,0.000,0.527
459000,0.509,0.000,0.491
459500,0.485,0.000,0.515
460000,0.312,0.000,0.688
460500,0.447,0.000,0.553
461000,0.472,0.000,0.528
461500,0.466,0.000,0.534
462000,0.397,0.000,0.603
462500,0.312,0.000,0.688
463000,0.441,0.000,0.559
463500,0.467,0.000,0.533
464000,0.353,0.000,0.647
464500,0.475,0.000,0.525
465000,0.484,0.000,0.516
465500,0.451,0.000,0.549
466000,0.556,0.000,0.444
466500,0.345,0.000,0.655
467000,0.503,0.000,0.497
467500,0.467,0.000,0.533
468000,0.460,0.000,0.540
468500,0.370,0.000,0.630
469000,0.448,0.000,0.552
469500,0.682,0.000,0.318
470000,0.353,0.000,0.647
470500,0.586,0.000,0.414
471000,0.629,0.000,0.371
471500,0.429,0.000,0.571
472000,0.651,0.000,0.349
472500,0.516,0.000,0.484
473000,0.431,0.000,0.569
473500,0.576,0.000,0.424
474000,0.370,0.000,0.630
474500,0.401,0.000,0.599
475000,0.342,0.000,0.658
475500,0.505,0.000,0.495
476000,0.453,0.000,0.547
476500,0.286,0.000,0.714
477000,0.464,0.000,0.536
477500,0.601,0.000,0.399
478000,0.344,0.000,0.656
478500,0.316,0.000,0.684
479000,0.511,0.000,0.489
479500,0.428,0.000,0.572
480000,0.428,0.000,0.572
480500,0.299,0.000,0.701
481000,0.394,0.000,0.606
481500,0.495,0.000,0.505
482000,0.396,0.000,0.604
482500,0.556,0.000,0.444
483000,0.481,0.000,0.519
483500,0.458,0.000,0.542
484000,0.403,0.000,0.597
484500,0.498,0.000,0.502
485000,0.449,0.000,0.551
485500,0.528,0.000,0.472
486000,0.520,0.000,0.480
486500,0.554,0.000,0.446
487000,0.633,0.000,0.367
487500,0.584,0.000,0.416
488000,0.800,0.000,0.200
488500,0.520,0.000,0.480
489000,0.578,0.000,0.422
489500,0.412,0.000,0.588
490000,0.376,0.000,0.624
490500,0.398,0.000,0.602
491000,0.520,0.000,0.480
491500,0.433,0.000,0.567
492000,0.491,0.000,0.509
492500,0.451,0.000,0.549
493000,0.369,0.000,0.631
493500,0.455,0.000,0.545
494000,0.527,0.000,0.473
494500,0.587,0.000,0.413
495000,0.538,0.000,0.462
495500,0.442,0.000,0.558
496000,0.293,0.000,0.707
496500,0.387,0.000,0.613
497000,0.588,0.000,0.412
497500,0.585,0.000,0.415
498000,0.475,0.000,0.525
498500,0.632,0.000,0.368
499000,0.337,0.000,0.663
499500,0.513,0.000,0.487
500000,0.413,0.000,0.587
500500,0.385,0.000,0.615
501000,0.391,0.000,0.609
501500,0.575,0.000,0.425
502000,0.404,0.000,0.596
502500,0.412,0.000,0.588
503000,0.364,0.000,0.636
503500,0.459,0.000,0.541
504000,0.544,0.000,0.456
504500,0.588,0.000,0.412
505000,0.572,0.000,0.428
505500,0.545,0.000,0.455
506000,0.606,0.000,0.394
506500,0.453,0.000,0.547
507000,0.529,0.000,0.471
507500,0.460,0.000,0.540
508000,0.430,0.000,0.570
508500,0.388,0.000,0.612
509000,0.245,0.000,0.755
509500,0.520,0.000,0.480
510000,0.186,0.000,0.814
510500,0.364,0.000,0.636
511000,0.590,0.000,0.410
511500,0.254,0.000,0.746
512000,0.533,0.000,0.467
512500,0.408,0.000,0.592
513000,0.427,0.000,0.573
513500,0.510,0.000,0.490
514000,0.260,0.000,0.740
514500,0.453,0.000,0.547
515000,0.460,0.000,0.540
515500,0.601,0.000,0.399
516000,0.463,0.000,0.537
516500,0.415,0.000,0.585
517000,0.580,0.000,0.420
517500,0.414,0.000,0.586
518000,0.411,0.000,0.589
518500,0.383,0.000,0.617
519000,0.528,0.000,0.472
519500,0.515,0.000,0.485
520000,0.540,0.000,0.460
520500,0.510,0.000,0.490
521000,0.518,0.000,0.482
521500,0.380,0.000,0.620
522000,0.375,0.000,0.625
522500,0.518,0.000,0.482
523000,0.554,0.000,0.446
523500,0.453,0.000,0.547
524000,0.613,0.000,0.387
524500,0.413,0.000,0.587
525000,0.565,0.000,0.435
525500,0.446,0.000,0.554
526000,0.330,0.000,0.670
526500,0.264,0.000,0.736
527000,0.361,0.000,0.639
527500,0.597,0.000,0.403
528000,0.506,0.000,0.494
528500,0.531,0.000,0.469
529000,0.376,0.000,0.624
529500,0.389,0.000,0.611
530000,0.454,0.000,0.546
530500,0.428,0.000,0.572
531000,0.449,0.000,0.551
531500,0.447,0.000,0.553
532000,0.665,0.000,0.335
532500,0.340,0.000,0.660
533000,0.308,0.000,0.692
533500,0.290,0.000,0.710
534000,0.291,0.000,0.709
534500,0.522,0.000,0.478
535000,0.369,0.000,0.631
535500,0.430,0.000,0.570
536000,0.610,0.000,0.390
536500,0.390,0.000,0.610
537000,0.287,0.000,0.713
537500,0.475,0.000,0.525
538000,0.324,0.000,0.676
538500,0.268,0.000,0.732
539000,0.346,0.000,0.654
539500,0.499,0.000,0.501
540000,0.451,0.000,0.549
540500,0.557,0.000,0.443
541000,0.489,0.000,0.511
541500,0.353,0.000,0.647
542000,0.414,0.000,0.586
542500,0.453,0.000,0.547
543000,0.353,0.000,0.647
543500,0.431,0.000,0.569
544000,0.470,0.000,0.530
544500,0.541,0.000,0.459
545000,0.376,0.000,0.624
545500,0.280,0.000,0.720
546000,0.433,0.000,0.567
546500,0.647,0.000,0.353
547000,0.489,0.000,0.511
547500,0.520,0.000,0.480
548000,0.545,0.000,0.455
548500,0.382,0.000,0.618
549000,0.356,0.000,0.644
549500,0.567,0.000,0.433
550000,0.686,0.000,0.314
550500,0.442,0.000,0.558
551000,0.420,0.000,0.580
551500,0.518,0.000,0.482
552000,0.490,0.000,0.510
552500,0.558,0.000,0.442
553000,0.530,0.000,0.470
553500,0.623,0.000,0.377
554000,0.507,0.000,0.493
554500,0.371,0.000,0.629
555000,0.369,0.000,0.631
555500,0.481,0.000,0.519
556000,0.432,0.000,0.568
556500,0.630,0.000,0.370
557000,0.564,0.000,0.436
557500,0.438,0.000,0.562
558000,0.391,0.000,0.609
558500,0.410,0.000,0.590
559000,0.451,0.000,0.549
559500,0.311,0.000,0.689
560000,0.510,0.000,0.490
560500,0.571,0.000,0.429
561000,0.422,0.000,0.578
561500,0.427,0.000,0.573
562000,0.379,0.000,0.621
562500,0.659,0.000,0.341
563000,0.462,0.000,0.538
563500,0.938,0.000,0.062
564000,0.562,0.000,0.438
564500,0.298,0.000,0.702
565000,0.643,0.000,0.357
565500,0.440,0.000,0.560
566000,0.568,0.000,0.432
566500,0.695,0.000,0.305
567000,0.378,0.000,0.622
567500,0.418,0.000,0.582
568000,0.280,0.000,0.720
568500,0.432,0.000,0.568
569000,0.426,0.000,0.574
569500,0.336,0.000,0.664
570000,0.597,0.000,0.403
570500,0.595,0.000,0.405
571000,0.477,0.000,0.523
571500,0.585,0.000,0.415
572000,0.412,0.000,0.588
572500,0.376,0.000,0.624
573000,0.540,0.000,0.460
573500,0.498,0.000,0.502
574000,0.525,0.000,0.475
574500,0.444,0.000,0.556
575000,0.281,0.000,0.719
575500,0.426,0.000,0.574
576000,0.450,0.000,0.550
576500,0.385,0.000,0.615
577000,0.522,0.000,0.478
577500,0.454,0.000,0.546
578000,0.579,0.000,0.421
578500,0.602,0.000,0.398
579000,0.410,0.000,0.590
579500,0.535,0.000,0.465
580000,0.335,0.000,0.665
580500,0.487,0.000,0.513
581000,0.594,0.000,0.406
581500,0.455,0.000,0.545
582000,0.264,0.000,0.736
582500,0.527,0.000,0.473
583000,0.374,0.000,0.626
583500,0.316,0.000,0.684
584000,0.312,0.000,0.688
584500,0.478,0.000,0.522
585000,0.385,0.000,0.615
585500,0.245,0.000,0.755
586000,0.671,0.000,0.329
586500,0.607,0.000,0.393
587000,0.430,0.000,0.570
587500,0.353,0.000,0.647
588000,0.488,0.000,0.512
588500,0.294,0.000,0.706
589000,0.659,0.000,0.341
589500,0.611,0.000,0.389
590000,0.538,0.000,0.462
590500,0.403,0.000,0.597
591000,0.483,0.000,0.517
591500,0.694,0.000,0.306
592000,0.448,0.000,0.552
592500,0.423,0.000,0.577
593000,0.307,0.000,0.693
593500,0.359,0.000,0.641
594000,0.525,0.000,0.475
594500,0.477,0.000,0.523
595000,0.404,0.000,0.596
595500,0.373,0.000,0.627
596000,0.377,0.000,0.623
596500,0.436,0.000,0.564
597000,0.560,0.000,0.440
597500,0.606,0.000,0.394
598000,0.360,0.000,0.640
598500,0.446,0.000,0.554
599000,0.427,0.000,0.573
599500,0.602,0.000,0.398
600000,0.519,0.000,0.481
600500,0.479,0.000,0.521
601000,0.391,0.000,0.609
601500,0.362,0.000,0.638
602000,0.507,0.000,0.493
602500,0.475,0.000,0.525
603000,0.378,0.000,0.622
603500,0.397,0.000,0.603
604000,0.529,0.000,0.471
604500,0.377,0.000,0.623
605000,0.378,0.000,0.622
605500,0.555,0.000,0.445
606000,0.444,0.000,0.556
606500,0.444,0.000,0.556
607000,0.391,0.000,0.609
607500,0.345,0.000,0.655
608000,0.374,0.000,0.626
608500,0.519,0.000,0.481
609000,0.357,0.000,0.643
609500,0.421,0.000,0.579
610000,0.386,0.000,0.614
610500,0.326,0.000,0.674
611000,0.351,0.000,0.649
611500,0.524,0.000,0.476
612000,0.416,0.000,0.584
612500,0.460,0.000,0.540
613000,0.497,0.000,0.503
613500,0.440,0.000,0.560
614000,0.511,0.000,0.489
614500,0.398,0.000,0.602
615000,0.388,0.000,0.612
615500,0.382,0.000,0.618
616000,0.415,0.000,0.585
616500,0.388,0.000,0.612
617000,0.481,0.000,0.519
617500,0.395,0.000,0.605
618000,0.294,0.000,0.706
618500,0.389,0.000,0.611
619000,0.710,0.000,0.290
619500,0.358,0.000,0.642
620000,0.511,0.000,0.489
620500,0.310,0.000,0.690
621000,0.560,0.000,0.440
621500,0.408,0.000,0.592
622000,0.583,0.000,0.417
622500,0.380,0.000,0.620
623000,0.437,0.000,0.563
623500,0.382,0.000,0.618
624000,0.207,0.000,0.793
624500,0.390,0.000,0.610
625000,0.440,0.000,0.560
625500,0.413,0.000,0.587
626000,0.414,0.000,0.586
626500,0.508,0.000,0.492
627000,0.361,0.000,0.639
627500,0.478,0.000,0.522
628000,0.404,0.000,0.596
628500,0.287,0.000,0.713
629000,0.390,0.000,0.610
629500,0.388,0.000,0.612
630000,0.322,0.000,0.678
630500,0.385,0.000,0.615
631000,0.366,0.000,0.634
631500,0.457,0.000,0.543
632000,0.425,0.000,0.575
632500,0.444,0.000,0.556
633000,0.470,0.000,0.530
633500,0.335,0.000,0.665
634000,0.433,0.000,0.567
634500,0.542,0.000,0.458
635000,0.423,0.000,0.577
635500,0.424,0.000,0.576
636000,0.404,0.000,0.596
636500,0.413,0.000,0.587
637000,0.585,0.000,0.415
637500,0.349,0.000,0.651
638000,0.264,0.000,0.736
638500,0.279,0.000,0.721
639000,0.408,0.000,0.592
639500,0.534,0.000,0.466
640000,0.472,0.000,0.528
640500,0.501,0.000,0.499
641000,0.576,0.000,0.424
641500,0.468,0.000,0.532
642000,0.485,0.000,0.515
642500,0.456,0.000,0.544
643000,0.388,0.000,0.612
643500,0.324,0.000,0.676
644000,0.429,0.000,0.571
644500,0.573,0.000,0.427
645000,0.498,0.000,0.502
645500,0.242,0.000,0.758
646000,0.465,0.000,0.535
646500,0.470,0.000,0.530
647000,0.423,0.000,0.577
647500,0.546,0.000,0.454
648000,0.432,0.000,0.568
648500,0.456,0.000,0.544
649000,0.236,0.000,0.764
649500,0.409,0.000,0.591
650000,0.455,0.000,0.545
650500,0.472,0.000,0.528
651000,0.471,0.000,0.529
651500,0.485,0.000,0.515
652000,0.437,0.000,0.563
652500,0.426,0.000,0.574
653000,0.385,0.000,0.615
653500,0.304,0.000,0.696
654000,0.448,0.000,0.552
654500,0.507,0.000,0.493
655000,0.366,0.000,0.634
655500,0.338,0.000,0.662
656000,0.477,0.000,0.523
656500,0.319,0.000,0.681
657000,0.234,0.000,0.766
657500,0.527,0.000,0.473
658000,0.397,0.000,0.603
658500,0.447,0.000,0.553
659000,0.349,0.000,0.651
659500,0.435,0.000,0.565
660000,0.452,0.000,0.548
660500,0.317,0.000,0.683
661000,0.360,0.000,0.640
661500,0.385,0.000,0.615
662000,0.462,0.000,0.538
662500,0.327,0.000,0.673
663000,0.404,0.000,0.596
663500,0.354,0.000,0.646
664000,0.354,0.000,0.646
664500,0.424,0.000,0.576
665000,0.560,0.000,0.440
665500,0.558,0.000,0.442
666000,0.529,0.000,0.471
666500,0.409,0.000,0.591
667000,0.471,0.000,0.529
667500,0.257,0.000,0.743
668000,0.506,0.000,0.494
668500,0.418,0.000,0.582
669000,0.506,0.000,0.494
669500,0.395,0.000,0.605
670000,0.387,0.000,0.613
670500,0.334,0.000,0.666
671000,0.357,0.000,0.643
671500,0.498,0.000,0.502
672000,0.494,0.000,0.506
672500,0.618,0.000,0.382
673000,0.591,0.000,0.409
673500,0.654,0.000,0.346
674000,0.331,0.000,0.669
674500,0.303,0.000,0.697
675000,0.585,0.000,0.415
675500,0.399,0.000,0.601
676000,0.485,0.000,0.515
676500,0.507,0.000,0.493
677000,0.592,0.000,0.408
677500,0.297,0.000,0.703
678000,0.391,0.000,0.609
678500,0.284,0.000,0.716
679000,0.336,0.000,0.664
679500,0.320,0.000,0.680
680000,0.356,0.000,0.644
680500,0.453,0.000,0.547
681000,0.643,0.000,0.357
681500,0.471,0.000,0.529
682000,0.568,0.000,0.432
682500,0.477,0.000,0.523
683000,0.319,0.000,0.681
683500,0.189,0.000,0.811
684000,0.345,0.000,0.655
684500,0.407,0.000,0.593
685000,0.437,0.000,0.563
685500,0.296,0.000,0.704
686000,0.523,0.000,0.477
686500,0.500,0.000,0.500
687000,0.367,0.000,0.633
687500,0.387,0.000,0.613
688000,0.364,0.000,0.636
688500,0.314,0.000,0.686
689000,0.376,0.000,0.624
689500,0.282,0.000,0.718
690000,0.448,0.000,0.552
690500,0.560,0.000,0.440
691000,0.454,0.000,0.546
691500,0.388,0.000,0.612
692000,0.439,0.000,0.561
692500,0.380,0.000,0.620
693000,0.498,0.000,0.502
693500,0.451,0.000,0.549
694000,0.255,0.000,0.745
694500,0.458,0.000,0.542
695000,0.484,0.000,0.516
695500,0.400,0.000,0.600
696000,0.511,0.000,0.489
696500,0.475,0.000,0.525
697000,0.400,0.000,0.600
697500,0.351,0.000,0.649
698000,0.372,0.000,0.628
698500,0.618,0.000,0.382
699000,0.582,0.000,0.418
699500,0.476,0.000,0.524
700000,0.643,0.000,0.357
700500,0.391,0.000,0.609
701000,0.443,0.000,0.557
701500,0.504,0.000,0.496
702000,0.517,0.000,0.483
702500,0.503,0.000,0.497
703000,0.539,0.000,0.461
703500,0.427,0.000,0.573
704000,0.406,0.000,0.594
704500,0.444,0.000,0.556
705000,0.366,0.000,0.634
705500,0.481,0.000,0.519
706000,0.486,0.000,0.514
706500,0.521,0.000,0.479
707000,0.548,0.000,0.452
707500,0.591,0.000,0.409
708000,0.366,0.000,0.634
708500,0.382,0.000,0.618
709000,0.396,0.000,0.604
709500,0.441,0.000,0.559
710000,0.433,0.000,0.567
710500,0.391,0.000,0.609
711000,0.443,0.000,0.557
711500,0.361,0.000,0.639
712000,0.570,0.000,0.430
712500,0.534,0.000,0.466
713000,0.567,0.000,0.433
713500,0.358,0.000,0.642
714000,0.437,0.000,0.563
714500,0.383,0.000,0.617
715000,0.564,0.000,0.436
715500,0.569,0.000,0.431
716000,0.601,0.000,0.399
716500,0.419,0.000,0.581
717000,0.450,0.000,0.550
717500,0.536,0.000,0.464
718000,0.570,0.000,0.430
718500,0.598,0.000,0.402
719000,0.500,0.000,0.500
719500,0.584,0.000,0.416
720000,0.243,0.000,0.757
720500,0.516,0.000,0.484
721000,0.672,0.000,0.328
721500,0.392,0.000,0.608
722000,0.310,0.000,0.690
722500,0.568,0.000,0.432
723000,0.393,0.000,0.607
723500,0.271,0.000,0.729
724000,0.534,0.000,0.466
724500,0.431,0.000,0.569
725000,0.516,0.000,0.484
725500,0.424,0.000,0.576
726000,0.308,0.000,0.692
726500,0.445,0.000,0.555
727000,0.405,0.000,0.595
727500,0.480,0.000,0.520
728000,0.418,0.000,0.582
728500,0.395,0.000,0.605
729000,0.295,0.000,0.705
729500,0.456,0.000,0.544
730000,0.294,0.000,0.706
730500,0.277,0.000,0.723
731000,0.284,0.000,0.716
731500,0.288,0.000,0.712
732000,0.422,0.000,0.578
732500,0.511,0.000,0.489
733000,0.303,0.000,0.697
733500,0.476,0.000,0.524
734000,0.310,0.000,0.690
734500,0.511,0.000,0.489
735000,0.474,0.000,0.526
735500,0.522,0.000,0.478
736000,0.391,0.000,0.609
736500,0.452,0.000,0.548
737000,0.453,0.000,0.547
737500,0.545,0.000,0.455
738000,0.468,0.000,0.532
738500,0.476,0.000,0.524
739000,0.454,0.000,0.546
739500,0.499,0.000,0.501
740000,0.433,0.000,0.567
740500,0.406,0.000,0.594
741000,0.563,0.000,0.437
741500,0.396,0.000,0.604
742000,0.396,0.000,0.604
742500,0.556,0.000,0.444
743000,0.354,0.000,0.646
743500,0.584,0.000,0.416
744000,0.539,0.000,0.461
744500,0.357,0.000,0.643
745000,0.432,0.000,0.568
745500,0.339,0.000,0.661
746000,0.333,0.000,0.667
746500,0.348,0.000,0.652
747000,0.411,0.000,0.589
747500,0.582,0.000,0.418
748000,0.411,0.000,0.589
748500,0.409,0.000,0.591
749000,0.385,0.000,0.615
749500,0.536,0.000,0.464
750000,0.363,0.000,0.637
750500,0.380,0.000,0.620
751000,0.482,0.000,0.518
751500,0.369,0.000,0.631
752000,0.435,0.000,0.565
752500,0.473,0.000,0.527
753000,0.523,0.000,0.477
753500,0.439,0.000,0.561
754000,0.341,0.000,0.659
754500,0.717,0.000,0.283
755000,0.476,0.000,0.524
755500,0.518,0.000,0.482
756000,0.488,0.000,0.512
756500,0.330,0.000,0.670
757000,0.515,0.000,0.485
757500,0.421,0.000,0.579
758000,0.423,0.000,0.577
758500,0.426,0.000,0.574
759000,0.400,0.000,0.600
759500,0.358,0.000,0.642
760000,0.443,0.000,0.557
760500,0.462,0.000,0.538
761000,0.376,0.000,0.624
761500,0.517,0.000,0.483
762000,0.467,0.000,0.533
762500,0.488,0.000,0.512
763000,0.463,0.000,0.537
763500,0.532,0.000,0.468
764000,0.558,0.000,0.442
764500,0.358,0.000,0.642
765000,0.568,0.000,0.432
765500,0.435,0.000,0.565
766000,0.374,0.000,0.626
766500,0.542,0.000,0.458
767000,0.391,0.000,0.609
767500,0.477,0.000,0.523
768000,0.432,0.000,0.568
768500,0.533,0.000,0.467
769000,0.322,0.000,0.678
769500,0.475,0.000,0.525
770000,0.439,0.000,0.561
770500,0.424,0.000,0.576
771000,0.561,0.000,0.439
771500,0.283,0.000,0.717
772000,0.560,0.000,0.440
772500,0.390,0.000,0.610
773000,0.459,0.000,0.541
773500,0.588,0.000,0.412
774000,0.524,0.000,0.476
774500,0.528,0.000,0.472
775000,0.312,0.000,0.688
775500,0.549,0.000,0.451
776000,0.413,0.000,0.587
776500,0.371,0.000,0.629
777000,0.396,0.000,0.604
777500,0.398,0.000,0.602
778000,0.542,0.000,0.458
778500,0.561,0.000,0.439
779000,0.474,0.000,0.526
779500,0.585,0.000,0.415
780000,0.458,0.000,0.542
780500,0.472,0.000,0.528
781000,0.501,0.000,0.499
781500,0.585,0.000,0.415
782000,0.430,0.000,0.570
782500,0.392,0.000,0.608
783000,0.516,0.000,0.484
783500,0.518,0.000,0.482
784000,0.315,0.000,0.685
784500,0.498,0.000,0.502
785000,0.428,0.000,0.572
785500,0.238,0.000,0.762
786000,0.411,0.000,0.589
786500,0.467,0.000,0.533
787000,0.355,0.000,0.645
787500,0.319,0.000,0.681
788000,0.445,0.000,0.555
788500,0.435,0.000,0.565
789000,0.532,0.000,0.468
789500,0.408,0.000,0.592
790000,0.494,0.000,0.506
790500,0.564,0.000,0.436
791000,0.471,0.000,0.529
791500,0.348,0.000,0.652
792000,0.470,0.000,0.530
792500,0.593,0.000,0.407
793000,0.512,0.000,0.488
793500,0.418,0.000,0.582
794000,0.275,0.000,0.725
794500,0.520,0.000,0.480
795000,0.476,0.000,0.524
795500,0.327,0.000,0.673
796000,0.455,0.000,0.545
796500,0.485,0.000,0.515
797000,0.417,0.000,0.583
797500,0.460,0.000,0.540
798000,0.441,0.000,0.559
798500,0.599,0.000,0.401
799000,0.469,0.000,0.531
799500,0.514,0.000,0.486
800000,0.504,0.000,0.496
800500,0.653,0.000,0.347
801000,0.557,0.000,0.443
801500,0.652,0.000,0.348
802000,0.292,0.000,0.708
802500,0.298,0.000,0.702
803000,0.492,0.000,0.508
803500,0.477,0.000,0.523
804000,0.499,0.000,0.501
804500,0.583,0.000,0.417
805000,0.509,0.000,0.491
805500,0.565,0.000,0.435
806000,0.437,0.000,0.563
806500,0.422,0.000,0.578
807000,0.503,0.000,0.497
807500,0.378,0.000,0.622
808000,0.482,0.000,0.518
808500,0.329,0.000,0.671
809000,0.520,0.000,0.480
809500,0.462,0.000,0.538
810000,0.539,0.000,0.461
810500,0.447,0.000,0.553
811000,0.481,0.000,0.519
811500,0.597,0.000,0.403
812000,0.295,0.000,0.705
812500,0.411,0.000,0.589
813000,0.435,0.000,0.565
813500,0.278,0.000,0.722
814000,0.426,0.000,0.574
814500,0.415,0.000,0.585
815000,0.429,0.000,0.571
815500,0.485,0.000,0.515
816000,0.561,0.000,0.439
816500,0.235,0.000,0.765
817000,0.449,0.000,0.551
817500,0.533,0.000,0.467
818000,0.319,0.000,0.681
818500,0.513,0.000,0.487
819000,0.479,0.000,0.521
819500,0.453,0.000,0.547
820000,0.503,0.000,0.497
820500,0.393,0.000,0.607
821000,0.461,0.000,0.539
821500,0.691,0.000,0.309
822000,0.481,0.000,0.519
822500,0.367,0.000,0.633
823000,0.446,0.000,0.554
823500,0.427,0.000,0.573
824000,0.335,0.000,0.665
824500,0.373,0.000,0.627
825000,0.515,0.000,0.485
825500,0.507,0.000,0.493
826000,0.606,0.000,0.394
826500,0.303,0.000,0.697
827000,0.483,0.000,0.517
827500,0.355,0.000,0.645
828000,0.415,0.000,0.585
828500,0.577,0.000,0.423
829000,0.546,0.000,0.454
829500,0.272,0.000,0.728
830000,0.573,0.000,0.427
830500,0.360,0.000,0.640
831000,0.552,0.000,0.448
831500,0.454,0.000,0.546
832000,0.462,0.000,0.538
832500,0.266,0.000,0.734
833000,0.510,0.000,0.490
833500,0.524,0.000,0.476
834000,0.355,0.000,0.645
834500,0.573,0.000,0.427
835000,0.578,0.000,0.422
835500,0.500,0.000,0.500
836000,0.560,0.000,0.440
836500,0.505,0.000,0.495
837000,0.443,0.000,0.557
837500,0.354,0.000,0.646
838000,0.488,0.000,0.512
838500,0.515,0.000,0.485
839000,0.493,0.000,0.507
839500,0.394,0.000,0.606
840000,0.502,0.000,0.498
840500,0.657,0.000,0.343
841000,0.361,0.000,0.639
841500,0.526,0.000,0.474
842000,0.728,0.000,0.272
842500,0.401,0.000,0.599
843000,0.441,0.000,0.559
843500,0.344,0.000,0.656
844000,0.460,0.000,0.540
844500,0.594,0.000,0.406
845000,0.565,0.000,0.435
845500,0.473,0.000,0.527
846000,0.453,0.000,0.547
846500,0.418,0.000,0.582
847000,0.552,0.000,0.448
847500,0.456,0.000,0.544
848000,0.474,0.000,0.526
848500,0.504,0.000,0.496
849000,0.329,0.000,0.671
849500,0.369,0.000,0.631
850000,0.440,0.000,0.560
850500,0.386,0.000,0.614
851000,0.436,0.000,0.564
851500,0.416,0.000,0.584
852000,0.370,0.000,0.630
852500,0.655,0.000,0.345
853000,0.331,0.000,0.669
853500,0.414,0.000,0.586
854000,0.270,0.000,0.730
854500,0.613,0.000,0.387
855000,0.456,0.000,0.544
855500,0.368,0.000,0.632
856000,0.349,0.000,0.651
856500,0.623,0.000,0.377
857000,0.496,0.000,0.504
857500,0.328,0.000,0.672
858000,0.392,0.000,0.608
858500,0.531,0.000,0.469
859000,0.457,0.000,0.543
859500,0.490,0.000,0.510
860000,0.477,0.000,0.523
860500,0.494,0.000,0.506
861000,0.423,0.000,0.577
861500,0.474,0.000,0.526
862000,0.434,0.000,0.566
862500,0.446,0.000,0.554
863000,0.426,0.000,0.574
863500,0.410,0.000,0.590
864000,0.699,0.000,0.301
864500,0.518,0.000,0.482
865000,0.625,0.000,0.375
865500,0.580,0.000,0.420
866000,0.581,0.000,0.419
866500,0.410,0.000,0.590
867000,0.411,0.000,0.589
867500,0.406,0.000,0.594
868000,0.444,0.000,0.556
868500,0.590,0.000,0.410
869000,0.546,0.000,0.454
869500,0.466,0.000,0.534
870000,0.482,0.000,0.518
870500,0.449,0.000,0.551
871000,0.487,0.000,0.513
871500,0.500,0.000,0.500
872000,0.475,0.000,0.525
872500,0.208,0.000,0.792
873000,0.393,0.000,0.607
873500,0.543,0.000,0.457
874000,0.492,0.000,0.508
874500,0.335,0.000,0.665
875000,0.408,0.000,0.592
875500,0.644,0.000,0.356
876000,0.485,0.000,0.515
876500,0.332,0.000,0.668
877000,0.663,0.000,0.337
877500,0.563,0.000,0.437
878000,0.401,0.000,0.599
878500,0.280,0.000,0.720
879000,0.373,0.000,0.627
879500,0.489,0.000,0.511
880000,0.605,0.000,0.395
880500,0.441,0.000,0.559
881000,0.531,0.000,0.469
881500,0.550,0.000,0.450
882000,0.283,0.000,0.717
882500,0.280,0.000,0.720
883000,0.562,0.000,0.438
883500,0.522,0.000,0.478
884000,0.357,0.000,0.643
884500,0.363,0.000,0.637
885000,0.475,0.000,0.525
885500,0.426,0.000,0.574
886000,0.551,0.000,0.449
886500,0.586,0.000,0.414
887000,0.512,0.000,0.488
887500,0.301,0.000,0.699
888000,0.400,0.000,0.600
888500,0.387,0.000,0.613
889000,0.489,0.000,0.511
889500,0.531,0.000,0.469
890000,0.438,0.000,0.562
890500,0.255,0.000,0.745
891000,0.561,0.000,0.439
891500,0.422,0.000,0.578
892000,0.538,0.000,0.462
892500,0.286,0.000,0.714
893000,0.363,0.000,0.637
893500,0.535,0.000,0.465
894000,0.404,0.000,0.596
894500,0.340,0.000,0.660
895000,0.491,0.000,0.509
895500,0.617,0.000,0.383
896000,0.514,0.000,0.486
896500,0.579,0.000,0.421
897000,0.404,0.000,0.596
897500,0.414,0.000,0.586
898000,0.395,0.000,0.605
898500,0.316,0.000,0.684
899000,0.480,0.000,0.520
899500,0.377,0.000,0.623
900000,0.452,0.000,0.548
900500,0.500,0.000,0.500
901000,0.406,0.000,0.594
901500,0.499,0.000,0.501
902000,0.832,0.000,0.168
902500,0.432,0.000,0.568
903000,0.336,0.000,0.664
903500,0.541,0.000,0.459
904000,0.449,0.000,0.551
904500,0.447,0.000,0.553
905000,0.526,0.000,0.474
905500,0.468,0.000,0.532
906000,0.492,0.000,0.508
906500,0.320,0.000,0.680
907000,0.352,0.000,0.648
907500,0.557,0.000,0.443
908000,0.551,0.000,0.449
908500,0.469,0.000,0.531
909000,0.606,0.000,0.394
909500,0.608,0.000,0.392
910000,0.545,0.000,0.455
910500,0.551,0.000,0.449
911000,0.353,0.000,0.647
911500,0.362,0.000,0.638
912000,0.615,0.000,0.385
912500,0.594,0.000,0.406
913000,0.370,0.000,0.630
913500,0.511,0.000,0.489
914000,0.443,0.000,0.557
914500,0.410,0.000,0.590
915000,0.449,0.000,0.551
915500,0.449,0.000,0.551
916000,0.512,0.000,0.488
916500,0.396,0.000,0.604
917000,0.329,0.000,0.671
917500,0.470,0.000,0.530
918000,0.590,0.000,0.410
918500,0.503,0.000,0.497
919000,0.447,0.000,0.553
919500,0.557,0.000,0.443
920000,0.555,0.000,0.445
920500,0.291,0.000,0.709
921000,0.589,0.000,0.411
921500,0.339,0.000,0.661
922000,0.479,0.000,0.521
922500,0.546,0.000,0.454
923000,0.435,0.000,0.565
923500,0.440,0.000,0.560
924000,0.428,0.000,0.572
924500,0.522,0.000,0.478
925000,0.551,0.000,0.449
925500,0.392,0.000,0.608
926000,0.533,0.000,0.467
926500,0.387,0.000,0.613
927000,0.565,0.000,0.435
927500,0.511,0.000,0.489
928000,0.516,0.000,0.484
928500,0.513,0.000,0.487
929000,0.503,0.000,0.497
929500,0.431,0.000,0.569
930000,0.369,0.000,0.631
930500,0.716,0.000,0.284
931000,0.455,0.000,0.545
931500,0.431,0.000,0.569
932000,0.316,0.000,0.684
932500,0.397,0.000,0.603
933000,0.422,0.000,0.578
933500,0.482,0.000,0.518
934000,0.404,0.000,0.596
934500,0.539,0.000,0.461
935000,0.328,0.000,0.672
935500,0.356,0.000,0.644
936000,0.597,0.000,0.403
936500,0.453,0.000,0.547
937000,0.430,0.000,0.570
937500,0.502,0.000,0.498
938000,0.456,0.000,0.544
938500,0.286,0.000,0.714
939000,0.390,0.000,0.610
939500,0.582,0.000,0.418
940000,0.438,0.000,0.562
940500,0.435,0.000,0.565
941000,0.482,0.000,0.518
941500,0.745,0.000,0.255
942000,0.854,0.000,0.146
942500,0.643,0.000,0.357
943000,0.392,0.000,0.608
943500,0.522,0.000,0.478
944000,0.516,0.000,0.484
944500,0.471,0.000,0.529
945000,0.355,0.000,0.645
945500,0.410,0.000,0.590
946000,0.500,0.000,0.500
946500,0.492,0.000,0.508
947000,0.401,0.000,0.599
947500,0.409,0.000,0.591
948000,0.452,0.000,0.548
948500,0.406,0.000,0.594
949000,0.482,0.000,0.518
949500,0.396,0.000,0.604
950000,0.272,0.000,0.728
950500,0.411,0.000,0.589
951000,0.321,0.000,0.679
951500,0.500,0.000,0.500
952000,0.473,0.000,0.527
952500,0.505,0.000,0.495
953000,0.334,0.000,0.666
953500,0.437,0.000,0.563
954000,0.589,0.000,0.411
954500,0.598,0.000,0.402
955000,0.484,0.000,0.516
955500,0.303,0.000,0.697
956000,0.432,0.000,0.568
956500,0.491,0.000,0.509
957000,0.522,0.000,0.478
957500,0.335,0.000,0.665
958000,0.284,0.000,0.716
958500,0.547,0.000,0.453
959000,0.376,0.000,0.624
959500,0.348,0.000,0.652
960000,0.565,0.000,0.435
960500,0.322,0.000,0.678
961000,0.414,0.000,0.586
961500,0.555,0.000,0.445
962000,0.403,0.000,0.597
962500,0.543,0.000,0.457
963000,0.349,0.000,0.651
963500,0.349,0.000,0.651
964000,0.464,0.000,0.536
964500,0.378,0.000,0.622
965000,0.477,0.000,0.523
965500,0.466,0.000,0.534
966000,0.257,0.000,0.743
966500,0.280,0.000,0.720
967000,0.401,0.000,0.599
967500,0.383,0.000,0.617
968000,0.460,0.000,0.540
968500,0.494,0.000,0.506
969000,0.484,0.000,0.516
969500,0.437,0.000,0.563
970000,0.450,0.000,0.550
970500,0.323,0.000,0.677
971000,0.337,0.000,0.663
971500,0.653,0.000,0.347
972000,0.570,0.000,0.430
972500,0.403,0.000,0.597
973000,0.553,0.000,0.447
973500,0.416,0.000,0.584
974000,0.431,0.000,0.569
974500,0.417,0.000,0.583
975000,0.312,0.000,0.688
975500,0.483,0.000,0.517
976000,0.414,0.000,0.586
976500,0.221,0.000,0.779
977000,0.590,0.000,0.410
977500,0.578,0.000,0.422
978000,0.443,0.000,0.557
978500,0.405,0.000,0.595
979000,0.404,0.000,0.596
979500,0.466,0.000,0.534
980000,0.313,0.000,0.687
980500,0.484,0.000,0.516
981000,0.428,0.000,0.572
981500,0.602,0.000,0.398
982000,0.368,0.000,0.632
982500,0.399,0.000,0.601
983000,0.357,0.000,0.643
983500,0.364,0.000,0.636
984000,0.416,0.000,0.584
984500,0.417,0.000,0.583
985000,0.390,0.000,0.610
985500,0.461,0.000,0.539
986000,0.361,0.000,0.639
986500,0.533,0.000,0.467
987000,0.537,0.000,0.463
987500,0.412,0.000,0.588
988000,0.416,0.000,0.584
988500,0.650,0.000,0.350
989000,0.520,0.000,0.480
989500,0.404,0.000,0.596
990000,0.383,0.000,0.617
990500,0.553,0.000,0.447
991000,0.470,0.000,0.530
991500,0.458,0.000,0.542
992000,0.271,0.000,0.729
992500,0.651,0.000,0.349
993000,0.437,0.000,0.563
993500,0.515,0.000,0.485
994000,0.496,0.000,0.504
994500,0.315,0.000,0.685
995000,0.356,0.000,0.644
995500,0.499,0.000,0.501
996000,0.483,0.000,0.517
996500,0.485,0.000,0.515
997000,0.415,0.000,0.585
997500,0.465,0.000,0.535
998000,0.480,0.000,0.520
998500,0.272,0.000,0.728
999000,0.338,0.000,0.662
999500,0.424,0.000,0.576
1000000,0.478,0.000,0.522
