time,n_A+p,n_B,n_AB
500,0.080,0.118,0.802
1000,0.152,0.015,0.833
1500,0.426,0.000,0.574
2000,0.444,0.000,0.556
2500,0.476,0.000,0.524
3000,0.581,0.000,0.419
3500,0.596,0.000,0.404
4000,0.396,0.000,0.604
4500,0.437,0.000,0.563
5000,0.473,0.000,0.527
5500,0.397,0.000,0.603
6000,0.396,0.000,0.604
6500,0.371,0.000,0.629
7000,0.471,0.000,0.529
7500,0.451,0.000,0.549
8000,0.399,0.000,0.601
8500,0.496,0.000,0.504
9000,0.451,0.000,0.549
9500,0.401,0.000,0.599
10000,0.337,0.000,0.663
10500,0.523,0.000,0.477
11000,0.599,0.000,0.401
11500,0.494,0.000,0.506
12000,0.421,0.000,0.579
12500,0.494,0.000,0.506
13000,0.544,0.000,0.456
13500,0.487,0.000,0.513
14000,0.517,0.000,0.483
14500,0.672,0.000,0.328
15000,0.502,0.000,0.498
15500,0.499,0.000,0.501
16000,0.434,0.000,0.566
16500,0.427,0.000,0.573
17000,0.484,0.000,0.516
17500,0.433,0.000,0.567
18000,0.410,0.000,0.590
18500,0.520,0.000,0.480
19000,0.473,0.000,0.527
19500,0.360,0.000,0.640
20000,0.374,0.000,0.626
20500,0.573,0.000,0.427
21000,0.428,0.000,0.572
21500,0.394,0.000,0.606
22000,0.478,0.000,0.522
22500,0.436,0.000,0.564
23000,0.459,0.000,0.541
23500,0.488,0.000,0.512
24000,0.560,0.000,0.440
24500,0.437,0.000,0.563
25000,0.401,0.000,0.599
25500,0.510,0.000,0.490
26000,0.465,0.000,0.535
26500,0.471,0.000,0.529
27000,0.477,0.000,0.523
27500,0.502,0.000,0.498
28000,0.480,0.000,0.520
28500,0.570,0.000,0.430
29000,0.438,0.000,0.562
29500,0.513,0.000,0.487
30000,0.489,0.000,0.511
30500,0.554,0.000,0.446
31000,0.458,0.000,0.542
31500,0.545,0.000,0.455
32000,0.367,0.000,0.633
32500,0.418,0.000,0.582
33000,0.398,0.000,0.602
33500,0.521,0.000,0.479
34000,0.464,0.000,0.536
34500,0.483,0.000,0.517
35000,0.380,0.000,0.620
35500,0.448,0.000,0.552
36000,0.446,0.000,0.554
36500,0.441,0.000,0.559
37000,0.367,0.000,0.633
37500,0.490,0.000,0.510
38000,0.492,0.000,0.508
38500,0.512,0.000,0.488
39000,0.446,0.000,0.554
39500,0.404,0.000,0.596
40000,0.403,0.000,0.597
40500,0.396,0.000,0.604
41000,0.428,0.000,0.572
41500,0.455,0.000,0.545
42000,0.536,0.000,0.464
42500,0.461,0.000,0.539
43000,0.346,0.000,0.654
43500,0.493,0.000,0.507
44000,0.387,0.000,0.613
44500,0.505,0.000,0.495
45000,0.398,0.000,0.602
45500,0.375,0.000,0.625
46000,0.427,0.000,0.573
46500,0.462,0.000,0.538
47000,0.403,0.000,0.597
47500,0.470,0.000,0.530
48000,0.422,0.000,0.578
48500,0.388,0.000,0.612
49000,0.369,0.000,0.631
49500,0.457,0.000,0.543
50000,0.534,0.000,0.466
50500,0.540,0.000,0.460
51000,0.422,0.000,0.578
51500,0.431,0.000,0.569
52000,0.424,0.000,0.576
52500,0.482,0.000,0.518
53000,0.502,0.000,0.498
53500,0.447,0.000,0.553
54000,0.373,0.000,0.627
54500,0.321,0.000,0.679
55000,0.517,0.000,0.483
55500,0.476,0.000,0.524
56000,0.524,0.000,0.476
56500,0.426,0.000,0.574
57000,0.516,0.000,0.484
57500,0.555,0.000,0.445
58000,0.523,0.000,0.477
58500,0.563,0.000,0.437
59000,0.548,0.000,0.452
59500,0.556,0.000,0.444
60000,0.484,0.000,0.516
60500,0.386,0.000,0.614
61000,0.522,0.000,0.478
61500,0.453,0.000,0.547
62000,0.460,0.000,0.540
62500,0.475,0.000,0.525
63000,0.437,0.000,0.563
63500,0.437,0.000,0.563
64000,0.453,0.000,0.547
64500,0.592,0.000,0.408
65000,0.568,0.000,0.432
65500,0.449,0.000,0.551
66000,0.461,0.000,0.539
66500,0.480,0.000,0.520
67000,0.404,0.000,0.596
67500,0.519,0.000,0.481
68000,0.562,0.000,0.438
68500,0.462,0.000,0.538
69000,0.413,0.000,0.587
69500,0.518,0.000,0.482
70000,0.396,0.000,0.604
70500,0.557,0.000,0.443
71000,0.431,0.000,0.569
71500,0.505,0.000,0.495
72000,0.562,0.000,0.438
72500,0.458,0.000,0.542
73000,0.415,0.000,0.585
73500,0.389,0.000,0.611
74000,0.533,0.000,0.467
74500,0.418,0.000,0.582
75000,0.468,0.000,0.532
75500,0.522,0.000,0.478
76000,0.452,0.000,0.548
76500,0.404,0.000,0.596
77000,0.489,0.000,0.511
77500,0.370,0.000,0.630
78000,0.480,0.000,0.520
78500,0.547,0.000,0.453
79000,0.439,0.000,0.561
79500,0.370,0.000,0.630
80000,0.442,0.000,0.558
80500,0.537,0.000,0.463
81000,0.395,0.000,0.605
81500,0.438,0.000,0.562
82000,0.315,0.000,0.685
82500,0.494,0.000,0.506
83000,0.459,0.000,0.541
83500,0.560,0.000,0.440
84000,0.487,0.000,0.513
84500,0.530,0.000,0.470
85000,0.394,0.000,0.606
85500,0.419,0.000,0.581
86000,0.497,0.000,0.503
86500,0.519,0.000,0.481
87000,0.485,0.000,0.515
87500,0.383,0.000,0.617
88000,0.422,0.000,0.578
88500,0.449,0.000,0.551
89000,0.450,0.000,0.550
89500,0.424,0.000,0.576
90000,0.389,0.000,0.611
90500,0.328,0.000,0.672
91000,0.469,0.000,0.531
91500,0.558,0.000,0.442
92000,0.448,0.000,0.552
92500,0.384,0.000,0.616
93000,0.395,0.000,0.605
93500,0.483,0.000,0.517
94000,0.463,0.000,0.537
94500,0.538,0.000,0.462
95000,0.430,0.000,0.570
95500,0.489,0.000,0.511
96000,0.438,0.000,0.562
96500,0.444,0.000,0.556
97000,0.358,0.000,0.642
97500,0.480,0.000,0.520
98000,0.548,0.000,0.452
98500,0.420,0.000,0.580
99000,0.547,0.000,0.453
99500,0.541,0.000,0.459
100000,0.375,0.000,0.625
100500,0.403,0.000,0.597
101000,0.465,0.000,0.535
101500,0.457,0.000,0.543
102000,0.497,0.000,0.503
102500,0.446,0.000,0.554
103000,0.433,0.000,0.567
103500,0.455,0.000,0.545
104000,0.572,0.000,0.428
104500,0.481,0.000,0.519
105000,0.530,0.000,0.470
105500,0.495,0.000,0.505
106000,0.466,0.000,0.534
106500,0.511,0.000,0.489
107000,0.516,0.000,0.484
107500,0.520,0.000,0.480
108000,0.444,0.000,0.556
108500,0.500,0.000,0.500
109000,0.442,0.000,0.558
109500,0.341,0.000,0.659
110000,0.424,0.000,0.576
110500,0.439,0.000,0.561
111000,0.501,0.000,0.499
111500,0.478,0.000,0.522
112000,0.481,0.000,0.519
112500,0.429,0.000,0.571
113000,0.452,0.000,0.548
113500,0.403,0.000,0.597
114000,0.466,0.000,0.534
114500,0.426,0.000,0.574
115000,0.517,0.000,0.483
115500,0.445,0.000,0.555
116000,0.546,0.000,0.454
116500,0.501,0.000,0.499
117000,0.498,0.000,0.502
117500,0.436,0.000,0.564
118000,0.366,0.000,0.634
118500,0.357,0.000,0.643
119000,0.513,0.000,0.487
119500,0.444,0.000,0.556
120000,0.420,0.000,0.580
120500,0.500,0.000,0.500
121000,0.551,0.000,0.449
121500,0.399,0.000,0.601
122000,0.562,0.000,0.438
122500,0.557,0.000,0.443
123000,0.462,0.000,0.538
123500,0.438,0.000,0.562
124000,0.553,0.000,0.447
124500,0.389,0.000,0.611
125000,0.468,0.000,0.532
125500,0.444,0.000,0.556
126000,0.429,0.000,0.571
126500,0.573,0.000,0.427
127000,0.508,0.000,0.492
127500,0.510,0.000,0.490
128000,0.434,0.000,0.566
128500,0.312,0.000,0.688
129000,0.415,0.000,0.585
129500,0.422,0.000,0.578
130000,0.417,0.000,0.583
130500,0.384,0.000,0.616
131000,0.444,0.000,0.556
131500,0.462,0.000,0.538
132000,0.466,0.000,0.534
132500,0.404,0.000,0.596
133000,0.551,0.000,0.449
133500,0.424,0.000,0.576
134000,0.547,0.000,0.453
134500,0.503,0.000,0.497
135000,0.436,0.000,0.564
135500,0.421,0.000,0.579
136000,0.478,0.000,0.522
136500,0.447,0.000,0.553
137000,0.498,0.000,0.502
137500,0.375,0.000,0.625
138000,0.443,0.000,0.557
138500,0.374,0.000,0.626
139000,0.586,0.000,0.414
139500,0.580,0.000,0.420
140000,0.406,0.000,0.594
140500,0.357,0.000,0.643
141000,0.412,0.000,0.588
141500,0.576,0.000,0.424
142000,0.400,0.000,0.600
142500,0.425,0.000,0.575
143000,0.425,0.000,0.575
143500,0.640,0.000,0.360
144000,0.557,0.000,0.443
144500,0.402,0.000,0.598
145000,0.434,0.000,0.566
145500,0.550,0.000,0.450
146000,0.386,0.000,0.614
146500,0.414,0.000,0.586
147000,0.583,0.000,0.417
147500,0.542,0.000,0.458
148000,0.576,0.000,0.424
148500,0.394,0.000,0.606
149000,0.386,0.000,0.614
149500,0.484,0.000,0.516
150000,0.509,0.000,0.491
150500,0.569,0.000,0.431
151000,0.584,0.000,0.416
151500,0.495,0.000,0.505
152000,0.428,0.000,0.572
152500,0.480,0.000,0.520
153000,0.416,0.000,0.584
153500,0.494,0.000,0.506
154000,0.474,0.000,0.526
154500,0.549,0.000,0.451
155000,0.453,0.000,0.547
155500,0.445,0.000,0.555
156000,0.541,0.000,0.459
156500,0.525,0.000,0.475
157000,0.458,0.000,0.542
157500,0.492,0.000,0.508
158000,0.384,0.000,0.616
158500,0.533,0.000,0.467
159000,0.406,0.000,0.594
159500,0.555,0.000,0.445
160000,0.406,0.000,0.594
160500,0.490,0.000,0.510
161000,0.597,0.000,0.403
161500,0.593,0.000,0.407
162000,0.552,0.000,0.448
162500,0.602,0.000,0.398
163000,0.430,0.000,0.570
163500,0.442,0.000,0.558
164000,0.452,0.000,0.548
164500,0.476,0.000,0.524
165000,0.482,0.000,0.518
165500,0.511,0.000,0.489
166000,0.474,0.000,0.526
166500,0.479,0.000,0.521
167000,0.522,0.000,0.478
167500,0.551,0.000,0.449
168000,0.418,0.000,0.582
168500,0.466,0.000,0.534
169000,0.766,0.000,0.234
169500,0.553,0.000,0.447
170000,0.508,0.000,0.492
170500,0.642,0.000,0.358
171000,0.456,0.000,0.544
171500,0.466,0.000,0.534
172000,0.434,0.000,0.566
172500,0.320,0.000,0.680
173000,0.433,0.000,0.567
173500,0.408,0.000,0.592
174000,0.411,0.000,0.589
174500,0.379,0.000,0.621
175000,0.432,0.000,0.568
175500,0.359,0.000,0.641
176000,0.404,0.000,0.596
176500,0.428,0.000,0.572
177000,0.469,0.000,0.531
177500,0.570,0.000,0.430
178000,0.450,0.000,0.550
178500,0.421,0.000,0.579
179000,0.423,0.000,0.577
179500,0.476,0.000,0.524
180000,0.490,0.000,0.510
180500,0.535,0.000,0.465
181000,0.384,0.000,0.616
181500,0.541,0.000,0.459
182000,0.539,0.000,0.461
182500,0.429,0.000,0.571
183000,0.324,0.000,0.676
183500,0.383,0.000,0.617
184000,0.432,0.000,0.568
184500,0.439,0.000,0.561
185000,0.640,0.000,0.360
185500,0.554,0.000,0.446
186000,0.511,0.000,0.489
186500,0.635,0.000,0.365
187000,0.475,0.000,0.525
187500,0.421,0.000,0.579
188000,0.431,0.000,0.569
188500,0.408,0.000,0.592
189000,0.601,0.000,0.399
189500,0.529,0.000,0.471
190000,0.542,0.000,0.458
190500,0.425,0.000,0.575
191000,0.428,0.000,0.572
191500,0.370,0.007,0.623
192000,0.363,0.000,0.637
192500,0.372,0.000,0.628
193000,0.441,0.000,0.559
193500,0.474,0.000,0.526
194000,0.309,0.000,0.691
194500,0.544,0.000,0.456
195000,0.417,0.000,0.583
195500,0.458,0.000,0.542
196000,0.601,0.000,0.399
196500,0.455,0.000,0.545
197000,0.399,0.000,0.601
197500,0.377,0.000,0.623
198000,0.425,0.000,0.575
198500,0.357,0.000,0.643
199000,0.367,0.000,0.633
199500,0.548,0.000,0.452
200000,0.472,0.000,0.528
200500,0.442,0.000,0.558
201000,0.499,0.000,0.501
201500,0.525,0.000,0.475
202000,0.485,0.000,0.515
202500,0.471,0.000,0.529
203000,0.465,0.000,0.535
203500,0.471,0.000,0.529
204000,0.447,0.000,0.553
204500,0.461,0.000,0.539
205000,0.557,0.000,0.443
205500,0.552,0.000,0.448
206000,0.461,0.000,0.539
206500,0.449,0.000,0.551
207000,0.537,0.000,0.463
207500,0.447,0.000,0.553
208000,0.487,0.000,0.513
208500,0.346,0.000,0.654
209000,0.382,0.000,0.618
209500,0.491,0.000,0.509
210000,0.439,0.000,0.561
210500,0.473,0.000,0.527
211000,0.425,0.000,0.575
211500,0.407,0.000,0.593
212000,0.493,0.000,0.507
212500,0.359,0.000,0.641
213000,0.484,0.000,0.516
213500,0.351,0.000,0.649
214000,0.498,0.000,0.502
214500,0.476,0.000,0.524
215000,0.562,0.000,0.438
215500,0.436,0.000,0.564
216000,0.501,0.000,0.499
216500,0.412,0.000,0.588
217000,0.364,0.000,0.636
217500,0.410,0.000,0.590
218000,0.437,0.000,0.563
218500,0.477,0.000,0.523
219000,0.434,0.000,0.566
219500,0.446,0.000,0.554
220000,0.537,0.000,0.463
220500,0.644,0.000,0.356
221000,0.555,0.000,0.445
221500,0.453,0.000,0.547
222000,0.589,0.000,0.411
222500,0.565,0.000,0.435
223000,0.328,0.000,0.672
223500,0.408,0.000,0.592
224000,0.452,0.000,0.548
224500,0.430,0.000,0.570
225000,0.597,0.000,0.403
225500,0.467,0.000,0.533
226000,0.518,0.000,0.482
226500,0.482,0.000,0.518
227000,0.375,0.000,0.625
227500,0.567,0.000,0.433
228000,0.538,0.000,0.462
228500,0.598,0.000,0.402
229000,0.569,0.000,0.431
229500,0.431,0.000,0.569
230000,0.315,0.000,0.685
230500,0.484,0.000,0.516
231000,0.447,0.000,0.553
231500,0.424,0.000,0.576
232000,0.476,0.000,0.524
232500,0.525,0.000,0.475
233000,0.446,0.000,0.554
233500,0.437,0.000,0.563
234000,0.447,0.000,0.553
234500,0.439,0.000,0.561
235000,0.505,0.000,0.495
235500,0.376,0.000,0.624
236000,0.541,0.000,0.459
236500,0.489,0.000,0.511
237000,0.487,0.000,0.513
237500,0.483,0.000,0.517
238000,0.582,0.000,0.418
238500,0.394,0.000,0.606
239000,0.459,0.000,0.541
239500,0.373,0.000,0.627
240000,0.477,0.000,0.523
240500,0.487,0.000,0.513
241000,0.443,0.000,0.557
241500,0.496,0.000,0.504
242000,0.601,0.000,0.399
242500,0.500,0.000,0.500
243000,0.579,0.000,0.421
243500,0.493,0.000,0.507
244000,0.373,0.000,0.627
244500,0.410,0.000,0.590
245000,0.553,0.000,0.447
245500,0.509,0.000,0.491
246000,0.412,0.000,0.588
246500,0.500,0.000,0.500
247000,0.402,0.000,0.598
247500,0.393,0.000,0.607
248000,0.487,0.000,0.513
248500,0.417,0.000,0.583
249000,0.454,0.000,0.546
249500,0.439,0.000,0.561
250000,0.339,0.000,0.661
250500,0.418,0.000,0.582
251000,0.480,0.000,0.520
251500,0.384,0.000,0.616
252000,0.543,0.000,0.457
252500,0.439,0.000,0.561
253000,0.343,0.000,0.657
253500,0.465,0.000,0.535
254000,0.465,0.000,0.535
254500,0.468,0.000,0.532
255000,0.433,0.000,0.567
255500,0.441,0.000,0.559
256000,0.461,0.000,0.539
256500,0.404,0.000,0.596
257000,0.375,0.000,0.625
257500,0.311,0.000,0.689
258000,0.373,0.000,0.627
258500,0.491,0.000,0.509
259000,0.461,0.000,0.539
259500,0.473,0.000,0.527
260000,0.394,0.000,0.606
260500,0.597,0.000,0.403
261000,0.583,0.000,0.417
261500,0.468,0.000,0.532
262000,0.495,0.000,0.505
262500,0.417,0.000,0.583
263000,0.389,0.000,0.611
263500,0.568,0.000,0.432
264000,0.511,0.000,0.489
264500,0.468,0.000,0.532
265000,0.509,0.000,0.491
265500,0.458,0.000,0.542
266000,0.443,0.000,0.557
266500,0.376,0.000,0.624
267000,0.444,0.000,0.556
267500,0.367,0.000,0.633
268000,0.485,0.000,0.515
268500,0.428,0.000,0.572
269000,0.401,0.000,0.599
269500,0.540,0.000,0.460
270000,0.446,0.000,0.554
270500,0.451,0.000,0.549
271000,0.402,0.000,0.598
271500,0.332,0.000,0.668
272000,0.446,0.000,0.554
272500,0.511,0.000,0.489
273000,0.511,0.000,0.489
273500,0.505,0.000,0.495
274000,0.452,0.000,0.548
274500,0.402,0.000,0.598
275000,0.505,0.000,0.495
275500,0.554,0.000,0.446
276000,0.495,0.000,0.505
276500,0.495,0.000,0.505
277000,0.546,0.000,0.454
277500,0.578,0.000,0.422
278000,0.427,0.000,0.573
278500,0.334,0.000,0.666
279000,0.344,0.000,0.656
279500,0.371,0.000,0.629
280000,0.335,0.000,0.665
280500,0.407,0.000,0.593
281000,0.490,0.000,0.510
281500,0.397,0.000,0.603
282000,0.335,0.000,0.665
282500,0.420,0.000,0.580
283000,0.418,0.000,0.582
283500,0.444,0.000,0.556
284000,0.385,0.000,0.615
284500,0.348,0.000,0.652
285000,0.448,0.000,0.552
285500,0.554,0.000,0.446
286000,0.507,0.000,0.493
286500,0.473,0.000,0.527
287000,0.489,0.000,0.511
287500,0.546,0.000,0.454
288000,0.411,0.000,0.589
288500,0.434,0.000,0.566
289000,0.625,0.000,0.375
289500,0.519,0.000,0.481
290000,0.456,0.000,0.544
290500,0.450,0.000,0.550
291000,0.327,0.000,0.673
291500,0.397,0.000,0.603
292000,0.339,0.000,0.661
292500,0.436,0.000,0.564
293000,0.533,0.000,0.467
293500,0.421,0.000,0.579
294000,0.385,0.000,0.615
294500,0.504,0.000,0.496
295000,0.455,0.000,0.545
295500,0.444,0.000,0.556
296000,0.509,0.000,0.491
296500,0.560,0.000,0.440
297000,0.494,0.000,0.506
297500,0.378,0.000,0.622
298000,0.381,0.000,0.619
298500,0.416,0.000,0.584
299000,0.404,0.000,0.596
299500,0.404,0.000,0.596
300000,0.393,0.000,0.607
300500,0.365,0.000,0.635
301000,0.489,0.000,0.511
301500,0.581,0.000,0.419
302000,0.496,0.000,0.504
302500,0.436,0.000,0.564
303000,0.396,0.000,0.604
303500,0.511,0.000,0.489
304000,0.481,0.000,0.519
304500,0.371,0.000,0.629
305000,0.395,0.000,0.605
305500,0.483,0.000,0.517
306000,0.377,0.000,0.623
306500,0.504,0.000,0.496
307000,0.387,0.000,0.613
307500,0.413,0.000,0.587
308000,0.400,0.000,0.600
308500,0.453,0.000,0.547
309000,0.564,0.000,0.436
309500,0.495,0.000,0.505
310000,0.551,0.000,0.449
310500,0.431,0.000,0.569
311000,0.415,0.000,0.585
311500,0.539,0.000,0.461
312000,0.504,0.000,0.496
312500,0.468,0.000,0.532
313000,0.365,0.000,0.635
313500,0.502,0.000,0.498
314000,0.515,0.000,0.485
314500,0.499,0.000,0.501
315000,0.451,0.000,0.549
315500,0.440,0.000,0.560
316000,0.386,0.000,0.614
316500,0.472,0.000,0.528
317000,0.400,0.000,0.600
317500,0.423,0.000,0.577
318000,0.493,0.000,0.507
318500,0.431,0.000,0.569
319000,0.505,0.000,0.495
319500,0.446,0.000,0.554
320000,0.287,0.000,0.713
320500,0.461,0.000,0.539
321000,0.386,0.000,0.614
321500,0.429,0.000,0.571
322000,0.441,0.000,0.559
322500,0.461,0.000,0.539
323000,0.517,0.000,0.483
323500,0.511,0.000,0.489
324000,0.535,0.000,0.465
324500,0.626,0.000,0.374
325000,0.425,0.000,0.575
325500,0.484,0.000,0.516
326000,0.429,0.000,0.571
326500,0.483,0.000,0.517
327000,0.448,0.000,0.552
327500,0.505,0.000,0.495
328000,0.612,0.000,0.388
328500,0.639,0.000,0.361
329000,0.674,0.000,0.326
329500,0.560,0.000,0.440
330000,0.335,0.000,0.665
330500,0.444,0.000,0.556
331000,0.471,0.000,0.529
331500,0.411,0.000,0.589
332000,0.394,0.000,0.606
332500,0.447,0.000,0.553
333000,0.466,0.000,0.534
333500,0.452,0.000,0.548
334000,0.493,0.000,0.507
334500,0.415,0.000,0.585
335000,0.292,0.005,0.703
335500,0.394,0.000,0.606
336000,0.312,0.000,0.688
336500,0.508,0.000,0.492
337000,0.503,0.000,0.497
337500,0.467,0.000,0.533
338000,0.454,0.000,0.546
338500,0.502,0.000,0.498
339000,0.544,0.000,0.456
339500,0.562,0.000,0.438
340000,0.587,0.000,0.413
340500,0.460,0.000,0.540
341000,0.519,0.000,0.481
341500,0.452,0.000,0.548
342000,0.382,0.000,0.618
342500,0.537,0.000,0.463
343000,0.560,0.000,0.440
343500,0.348,0.000,0.652
344000,0.523,0.000,0.477
344500,0.432,0.000,0.568
345000,0.439,0.000,0.561
345500,0.455,0.000,0.545
346000,0.430,0.000,0.570
346500,0.401,0.000,0.599
347000,0.496,0.000,0.504
347500,0.466,0.000,0.534
348000,0.385,0.000,0.615
348500,0.479,0.000,0.521
349000,0.376,0.000,0.624
349500,0.466,0.000,0.534
350000,0.439,0.000,0.561
350500,0.347,0.000,0.653
351000,0.375,0.000,0.625
351500,0.442,0.000,0.558
352000,0.494,0.000,0.506
352500,0.430,0.000,0.570
353000,0.418,0.000,0.582
353500,0.479,0.000,0.521
354000,0.495,0.000,0.505
354500,0.471,0.000,0.529
355000,0.425,0.000,0.575
355500,0.563,0.000,0.437
356000,0.445,0.000,0.555
356500,0.432,0.000,0.568
357000,0.403,0.000,0.597
357500,0.503,0.000,0.497
358000,0.438,0.000,0.562
358500,0.499,0.000,0.501
359000,0.443,0.000,0.557
359500,0.497,0.000,0.503
360000,0.469,0.000,0.531
360500,0.455,0.000,0.545
361000,0.560,0.000,0.440
361500,0.431,0.000,0.569
362000,0.515,0.000,0.485
362500,0.342,0.000,0.658
363000,0.442,0.000,0.558
363500,0.429,0.000,0.571
364000,0.527,0.000,0.473
364500,0.551,0.000,0.449
365000,0.391,0.000,0.609
365500,0.406,0.000,0.594
366000,0.477,0.000,0.523
366500,0.508,0.000,0.492
367000,0.633,0.000,0.367
367500,0.478,0.000,0.522
368000,0.554,0.000,0.446
368500,0.470,0.000,0.530
369000,0.434,0.000,0.566
369500,0.442,0.000,0.558
370000,0.517,0.000,0.483
370500,0.457,0.000,0.543
371000,0.395,0.000,0.605
371500,0.461,0.000,0.539
372000,0.591,0.000,0.409
372500,0.462,0.000,0.538
373000,0.455,0.000,0.545
373500,0.469,0.000,0.531
374000,0.472,0.000,0.528
374500,0.472,0.000,0.528
375000,0.406,0.000,0.594
375500,0.500,0.000,0.500
376000,0.514,0.000,0.486
376500,0.468,0.000,0.532
377000,0.373,0.000,0.627
377500,0.347,0.000,0.653
378000,0.445,0.000,0.555
378500,0.547,0.000,0.453
379000,0.441,0.000,0.559
379500,0.479,0.000,0.521
380000,0.446,0.000,0.554
380500,0.416,0.000,0.584
381000,0.548,0.000,0.452
381500,0.398,0.000,0.602
382000,0.453,0.000,0.547
382500,0.391,0.000,0.609
383000,0.469,0.000,0.531
383500,0.405,0.000,0.595
384000,0.442,0.000,0.558
384500,0.546,0.000,0.454
385000,0.464,0.000,0.536
385500,0.418,0.000,0.582
386000,0.516,0.000,0.484
386500,0.484,0.000,0.516
387000,0.426,0.000,0.574
387500,0.468,0.000,0.532
388000,0.551,0.000,0.449
388500,0.402,0.000,0.598
389000,0.434,0.000,0.566
389500,0.405,0.000,0.595
390000,0.415,0.000,0.585
390500,0.461,0.000,0.539
391000,0.581,0.000,0.419
391500,0.412,0.000,0.588
392000,0.427,0.000,0.573
392500,0.482,0.000,0.518
393000,0.338,0.000,0.662
393500,0.520,0.000,0.480
394000,0.341,0.000,0.659
394500,0.468,0.000,0.532
395000,0.557,0.000,0.443
395500,0.437,0.000,0.563
396000,0.468,0.000,0.532
396500,0.386,0.000,0.614
397000,0.429,0.000,0.571
397500,0.401,0.000,0.599
398000,0.533,0.000,0.467
398500,0.358,0.000,0.642
399000,0.471,0.000,0.529
399500,0.395,0.000,0.605
400000,0.436,0.000,0.564
400500,0.422,0.000,0.578
401000,0.429,0.000,0.571
401500,0.302,0.000,0.698
402000,0.429,0.000,0.571
402500,0.513,0.000,0.487
403000,0.494,0.000,0.506
403500,0.565,0.000,0.435
404000,0.510,0.000,0.490
404500,0.648,0.000,0.352
405000,0.578,0.000,0.422
405500,0.466,0.000,0.534
406000,0.463,0.000,0.537
406500,0.355,0.000,0.645
407000,0.422,0.000,0.578
407500,0.378,0.000,0.622
408000,0.492,0.000,0.508
408500,0.568,0.000,0.432
409000,0.453,0.000,0.547
409500,0.439,0.000,0.561
410000,0.405,0.000,0.595
410500,0.484,0.000,0.516
411000,0.416,0.000,0.584
411500,0.317,0.000,0.683
412000,0.419,0.000,0.581
412500,0.460,0.000,0.540
413000,0.456,0.000,0.544
413500,0.510,0.000,0.490
414000,0.444,0.000,0.556
414500,0.426,0.000,0.574
415000,0.452,0.000,0.548
415500,0.471,0.000,0.529
416000,0.531,0.000,0.469
416500,0.550,0.000,0.450
417000,0.458,0.000,0.542
417500,0.393,0.000,0.607
418000,0.456,0.000,0.544
418500,0.384,0.000,0.616
419000,0.438,0.000,0.562
419500,0.365,0.000,0.635
420000,0.376,0.000,0.624
420500,0.411,0.000,0.589
421000,0.414,0.000,0.586
421500,0.476,0.000,0.524
422000,0.511,0.000,0.489
422500,0.542,0.000,0.458
423000,0.496,0.000,0.504
423500,0.545,0.000,0.455
424000,0.528,0.000,0.472
424500,0.471,0.000,0.529
425000,0.354,0.000,0.646
425500,0.453,0.000,0.547
426000,0.512,0.000,0.488
426500,0.563,0.000,0.437
427000,0.543,0.000,0.457
427500,0.458,0.000,0.542
428000,0.416,0.000,0.584
428500,0.498,0.000,0.502
429000,0.484,0.000,0.516
429500,0.695,0.000,0.305
430000,0.471,0.000,0.529
430500,0.437,0.000,0.563
431000,0.462,0.000,0.538
431500,0.483,0.000,0.517
432000,0.468,0.000,0.532
432500,0.558,0.000,0.442
433000,0.468,0.000,0.532
433500,0.449,0.000,0.551
434000,0.509,0.000,0.491
434500,0.320,0.000,0.680
435000,0.450,0.000,0.550
435500,0.413,0.000,0.587
436000,0.326,0.000,0.674
436500,0.453,0.000,0.547
437000,0.519,0.000,0.481
437500,0.466,0.000,0.534
438000,0.402,0.000,0.598
438500,0.406,0.000,0.594
439000,0.466,0.000,0.534
439500,0.402,0.000,0.598
440000,0.379,0.000,0.621
440500,0.418,0.000,0.582
441000,0.471,0.000,0.529
441500,0.464,0.000,0.536
442000,0.435,0.000,0.565
442500,0.380,0.000,0.620
443000,0.330,0.000,0.670
443500,0.455,0.000,0.545
444000,0.404,0.000,0.596
444500,0.366,0.000,0.634
445000,0.512,0.000,0.488
445500,0.389,0.000,0.611
446000,0.453,0.000,0.547
446500,0.325,0.000,0.675
447000,0.369,0.000,0.631
447500,0.445,0.000,0.555
448000,0.435,0.000,0.565
448500,0.424,0.000,0.576
449000,0.396,0.000,0.604
449500,0.482,0.000,0.518
450000,0.491,0.000,0.509
450500,0.589,0.000,0.411
451000,0.461,0.000,0.539
451500,0.431,0.000,0.569
452000,0.499,0.000,0.501
452500,0.544,0.000,0.456
453000,0.434,0.000,0.566
453500,0.448,0.000,0.552
454000,0.418,0.000,0.582
454500,0.441,0.000,0.559
455000,0.366,0.000,0.634
455500,0.588,0.000,0.412
456000,0.559,0.000,0.441
456500,0.446,0.000,0.554
457000,0.505,0.000,0.495
457500,0.386,0.000,0.614
458000,0.554,0.000,0.446
458500,0.418,0.000,0.582
459000,0.472,0.000,0.528
459500,0.512,0.000,0.488
460000,0.509,0.000,0.491
460500,0.491,0.000,0.509
461000,0.379,0.000,0.621
461500,0.373,0.000,0.627
462000,0.484,0.000,0.516
462500,0.506,0.000,0.494
463000,0.350,0.000,0.650
463500,0.443,0.000,0.557
464000,0.434,0.000,0.566
464500,0.546,0.000,0.454
465000,0.420,0.000,0.580
465500,0.458,0.000,0.542
466000,0.460,0.000,0.540
466500,0.471,0.000,0.529
467000,0.456,0.000,0.544
467500,0.484,0.000,0.516
468000,0.505,0.000,0.495
468500,0.488,0.000,0.512
469000,0.523,0.000,0.477
469500,0.410,0.000,0.590
470000,0.403,0.000,0.597
470500,0.312,0.000,0.688
471000,0.372,0.000,0.628
471500,0.367,0.000,0.633
472000,0.456,0.000,0.544
472500,0.495,0.000,0.505
473000,0.522,0.000,0.478
473500,0.489,0.000,0.511
474000,0.525,0.000,0.475
474500,0.550,0.000,0.450
475000,0.563,0.000,0.437
475500,0.573,0.000,0.427
476000,0.446,0.000,0.554
476500,0.499,0.000,0.501
477000,0.446,0.000,0.554
477500,0.543,0.000,0.457
478000,0.406,0.000,0.594
478500,0.392,0.000,0.608
479000,0.460,0.000,0.540
479500,0.446,0.000,0.554
480000,0.450,0.000,0.550
480500,0.470,0.000,0.530
481000,0.469,0.000,0.531
481500,0.460,0.000,0.540
482000,0.569,0.000,0.431
482500,0.471,0.000,0.529
483000,0.551,0.000,0.449
483500,0.470,0.000,0.530
484000,0.596,0.000,0.404
484500,0.406,0.000,0.594
485000,0.431,0.000,0.569
485500,0.315,0.000,0.685
486000,0.538,0.000,0.462
486500,0.523,0.000,0.477
487000,0.438,0.000,0.562
487500,0.498,0.000,0.502
488000,0.443,0.000,0.557
488500,0.398,0.000,0.602
489000,0.433,0.000,0.567
489500,0.494,0.000,0.506
490000,0.374,0.000,0.626
490500,0.505,0.000,0.495
491000,0.534,0.000,0.466
491500,0.443,0.000,0.557
492000,0.500,0.000,0.500
492500,0.489,0.000,0.511
493000,0.423,0.000,0.577
493500,0.631,0.000,0.369
494000,0.586,0.000,0.414
494500,0.492,0.000,0.508
495000,0.451,0.000,0.549
495500,0.445,0.000,0.555
496000,0.478,0.000,0.522
496500,0.534,0.000,0.466
497000,0.584,0.000,0.416
497500,0.459,0.000,0.541
498000,0.471,0.000,0.529
498500,0.506,0.000,0.494
499000,0.439,0.000,0.561
499500,0.377,0.000,0.623
500000,0.438,0.000,0.562
500500,0.504,0.000,0.496
501000,0.428,0.000,0.572
501500,0.539,0.000,0.461
502000,0.475,0.000,0.525
502500,0.558,0.000,0.442
503000,0.459,0.000,0.541
503500,0.351,0.000,0.649
504000,0.429,0.000,0.571
504500,0.485,0.000,0.515
505000,0.469,0.000,0.531
505500,0.488,0.000,0.512
506000,0.426,0.000,0.574
506500,0.402,0.000,0.598
507000,0.397,0.000,0.603
507500,0.480,0.000,0.520
508000,0.508,0.000,0.492
508500,0.516,0.000,0.484
509000,0.437,0.000,0.563
509500,0.424,0.000,0.576
510000,0.531,0.000,0.469
510500,0.483,0.000,0.517
511000,0.437,0.000,0.563
511500,0.436,0.000,0.564
512000,0.435,0.000,0.565
512500,0.435,0.000,0.565
513000,0.533,0.000,0.467
513500,0.451,0.000,0.549
514000,0.541,0.000,0.459
514500,0.422,0.000,0.578
515000,0.365,0.000,0.635
515500,0.404,0.000,0.596
516000,0.416,0.000,0.584
516500,0.460,0.000,0.540
517000,0.472,0.000,0.528
517500,0.463,0.000,0.537
518000,0.514,0.000,0.486
518500,0.585,0.000,0.415
519000,0.540,0.000,0.460
519500,0.595,0.000,0.405
520000,0.361,0.000,0.639
520500,0.540,0.000,0.460
521000,0.369,0.000,0.631
521500,0.572,0.000,0.428
522000,0.514,0.000,0.486
522500,0.437,0.000,0.563
523000,0.401,0.000,0.599
523500,0.476,0.000,0.524
524000,0.560,0.000,0.440
524500,0.483,0.000,0.517
525000,0.492,0.000,0.508
525500,0.533,0.000,0.467
526000,0.436,0.000,0.564
526500,0.433,0.000,0.567
527000,0.428,0.000,0.572
527500,0.354,0.000,0.646
528000,0.358,0.000,0.642
528500,0.506,0.000,0.494
529000,0.465,0.000,0.535
529500,0.520,0.000,0.480
530000,0.592,0.000,0.408
530500,0.596,0.000,0.404
531000,0.538,0.000,0.462
531500,0.567,0.000,0.433
532000,0.627,0.000,0.373
532500,0.535,0.000,0.465
533000,0.526,0.000,0.474
533500,0.537,0.000,0.463
534000,0.403,0.000,0.597
534500,0.574,0.000,0.426
535000,0.406,0.000,0.594
535500,0.393,0.000,0.607
536000,0.527,0.000,0.473
536500,0.411,0.000,0.589
537000,0.407,0.000,0.593
537500,0.513,0.000,0.487
538000,0.495,0.000,0.505
538500,0.450,0.000,0.550
539000,0.446,0.000,0.554
539500,0.504,0.000,0.496
540000,0.519,0.000,0.481
540500,0.606,0.000,0.394
541000,0.677,0.000,0.323
541500,0.484,0.000,0.516
542000,0.509,0.000,0.491
542500,0.367,0.000,0.633
543000,0.487,0.000,0.513
543500,0.579,0.000,0.421
544000,0.649,0.000,0.351
544500,0.492,0.000,0.508
545000,0.462,0.000,0.538
545500,0.421,0.000,0.579
546000,0.456,0.000,0.544
546500,0.449,0.000,0.551
547000,0.532,0.000,0.468
547500,0.421,0.000,0.579
548000,0.548,0.000,0.452
548500,0.503,0.000,0.497
549000,0.426,0.000,0.574
549500,0.474,0.000,0.526
550000,0.393,0.000,0.607
550500,0.577,0.000,0.423
551000,0.439,0.000,0.561
551500,0.460,0.000,0.540
552000,0.449,0.000,0.551
552500,0.406,0.000,0.594
553000,0.396,0.000,0.604
553500,0.442,0.000,0.558
554000,0.422,0.000,0.578
554500,0.373,0.000,0.627
555000,0.380,0.000,0.620
555500,0.455,0.000,0.545
556000,0.510,0.000,0.490
556500,0.396,0.000,0.604
557000,0.430,0.000,0.570
557500,0.349,0.000,0.651
558000,0.381,0.000,0.619
558500,0.419,0.000,0.581
559000,0.458,0.000,0.542
559500,0.502,0.000,0.498
560000,0.378,0.000,0.622
560500,0.546,0.000,0.454
561000,0.433,0.000,0.567
561500,0.376,0.000,0.624
562000,0.490,0.000,0.510
562500,0.502,0.000,0.498
563000,0.449,0.000,0.551
563500,0.439,0.000,0.561
564000,0.423,0.000,0.577
564500,0.514,0.000,0.486
565000,0.390,0.000,0.610
565500,0.493,0.000,0.507
566000,0.404,0.000,0.596
566500,0.375,0.000,0.625
567000,0.446,0.000,0.554
567500,0.461,0.000,0.539
568000,0.487,0.000,0.513
568500,0.444,0.000,0.556
569000,0.612,0.000,0.388
569500,0.381,0.006,0.613
570000,0.446,0.000,0.554
570500,0.371,0.000,0.629
571000,0.463,0.000,0.537
571500,0.514,0.000,0.486
572000,0.399,0.000,0.601
572500,0.458,0.000,0.542
573000,0.409,0.000,0.591
573500,0.518,0.000,0.482
574000,0.501,0.000,0.499
574500,0.468,0.000,0.532
575000,0.501,0.000,0.499
575500,0.445,0.000,0.555
576000,0.441,0.000,0.559
576500,0.371,0.000,0.629
577000,0.390,0.000,0.610
577500,0.417,0.000,0.583
578000,0.515,0.000,0.485
578500,0.432,0.000,0.568
579000,0.447,0.000,0.553
579500,0.570,0.000,0.430
580000,0.475,0.000,0.525
580500,0.586,0.000,0.414
581000,0.549,0.000,0.451
581500,0.536,0.000,0.464
582000,0.347,0.000,0.653
582500,0.497,0.000,0.503
583000,0.374,0.000,0.626
583500,0.611,0.000,0.389
584000,0.533,0.000,0.467
584500,0.528,0.000,0.472
585000,0.333,0.000,0.667
585500,0.428,0.000,0.572
586000,0.437,0.000,0.563
586500,0.469,0.000,0.531
587000,0.404,0.000,0.596
587500,0.442,0.000,0.558
588000,0.518,0.000,0.482
588500,0.525,0.000,0.475
589000,0.501,0.000,0.499
589500,0.498,0.000,0.502
590000,0.497,0.000,0.503
590500,0.473,0.000,0.527
591000,0.418,0.000,0.582
591500,0.324,0.000,0.676
592000,0.364,0.000,0.636
592500,0.411,0.000,0.589
593000,0.438,0.000,0.562
593500,0.493,0.000,0.507
594000,0.402,0.000,0.598
594500,0.381,0.000,0.619
595000,0.387,0.000,0.613
595500,0.389,0.000,0.611
596000,0.453,0.000,0.547
596500,0.560,0.000,0.440
597000,0.415,0.000,0.585
597500,0.564,0.000,0.436
598000,0.558,0.000,0.442
598500,0.513,0.000,0.487
599000,0.431,0.000,0.569
599500,0.400,0.000,0.600
600000,0.460,0.000,0.540
600500,0.502,0.000,0.498
601000,0.426,0.000,0.574
601500,0.422,0.000,0.578
602000,0.433,0.000,0.567
602500,0.441,0.000,0.559
603000,0.496,0.000,0.504
603500,0.513,0.000,0.487
604000,0.376,0.000,0.624
604500,0.449,0.000,0.551
605000,0.505,0.000,0.495
605500,0.398,0.000,0.602
606000,0.390,0.000,0.610
606500,0.545,0.000,0.455
607000,0.490,0.000,0.510
607500,0.458,0.000,0.542
608000,0.501,0.000,0.499
608500,0.352,0.000,0.648
609000,0.633,0.000,0.367
609500,0.571,0.000,0.429
610000,0.476,0.000,0.524
610500,0.583,0.000,0.417
611000,0.465,0.000,0.535
611500,0.448,0.000,0.552
612000,0.484,0.000,0.516
612500,0.465,0.000,0.535
613000,0.588,0.000,0.412
613500,0.394,0.000,0.606
614000,0.389,0.000,0.611
614500,0.449,0.000,0.551
615000,0.390,0.000,0.610
615500,0.506,0.000,0.494
616000,0.478,0.000,0.522
616500,0.567,0.000,0.433
617000,0.590,0.000,0.410
617500,0.509,0.000,0.491
618000,0.461,0.000,0.539
618500,0.492,0.000,0.508
619000,0.428,0.000,0.572
619500,0.360,0.000,0.640
620000,0.468,0.000,0.532
620500,0.366,0.000,0.634
621000,0.456,0.000,0.544
621500,0.466,0.000,0.534
622000,0.499,0.000,0.501
622500,0.464,0.000,0.536
623000,0.486,0.000,0.514
623500,0.423,0.000,0.577
624000,0.479,0.000,0.521
624500,0.414,0.000,0.586
625000,0.530,0.000,0.470
625500,0.419,0.000,0.581
626000,0.454,0.000,0.546
626500,0.516,0.000,0.484
627000,0.451,0.000,0.549
627500,0.447,0.000,0.553
628000,0.431,0.000,0.569
628500,0.466,0.000,0.534
629000,0.622,0.000,0.378
629500,0.593,0.000,0.407
630000,0.570,0.000,0.430
630500,0.566,0.000,0.434
631000,0.410,0.000,0.590
631500,0.578,0.000,0.422
632000,0.489,0.000,0.511
632500,0.669,0.000,0.331
633000,0.549,0.000,0.451
633500,0.466,0.000,0.534
634000,0.560,0.000,0.440
634500,0.403,0.000,0.597
635000,0.503,0.000,0.497
635500,0.408,0.000,0.592
636000,0.501,0.000,0.499
636500,0.472,0.000,0.528
637000,0.367,0.000,0.633
637500,0.471,0.000,0.529
638000,0.438,0.000,0.562
638500,0.415,0.000,0.585
639000,0.500,0.000,0.500
639500,0.482,0.000,0.518
640000,0.372,0.000,0.628
640500,0.427,0.000,0.573
641000,0.457,0.000,0.543
641500,0.405,0.000,0.595
642000,0.417,0.000,0.583
642500,0.412,0.000,0.588
643000,0.613,0.000,0.387
643500,0.610,0.000,0.390
644000,0.441,0.000,0.559
644500,0.495,0.000,0.505
645000,0.463,0.000,0.537
645500,0.437,0.000,0.563
646000,0.404,0.000,0.596
646500,0.424,0.000,0.576
647000,0.455,0.000,0.545
647500,0.473,0.000,0.527
648000,0.503,0.000,0.497
648500,0.436,0.000,0.564
649000,0.388,0.000,0.612
649500,0.632,0.000,0.368
650000,0.503,0.000,0.497
650500,0.469,0.000,0.531
651000,0.445,0.000,0.555
651500,0.442,0.000,0.558
652000,0.446,0.000,0.554
652500,0.371,0.000,0.629
653000,0.499,0.000,0.501
653500,0.541,0.000,0.459
654000,0.485,0.000,0.515
654500,0.526,0.000,0.474
655000,0.549,0.000,0.451
655500,0.390,0.000,0.610
656000,0.529,0.000,0.471
656500,0.508,0.000,0.492
657000,0.485,0.000,0.515
657500,0.465,0.000,0.535
658000,0.401,0.000,0.599
658500,0.410,0.000,0.590
659000,0.373,0.000,0.627
659500,0.343,0.000,0.657
660000,0.509,0.000,0.491
660500,0.427,0.000,0.573
661000,0.516,0.000,0.484
661500,0.493,0.000,0.507
662000,0.448,0.000,0.552
662500,0.401,0.000,0.599
663000,0.443,0.000,0.557
663500,0.455,0.000,0.545
664000,0.405,0.000,0.595
664500,0.398,0.000,0.602
665000,0.382,0.000,0.618
665500,0.414,0.000,0.586
666000,0.529,0.000,0.471
666500,0.496,0.000,0.504
667000,0.510,0.000,0.490
667500,0.540,0.000,0.460
668000,0.460,0.000,0.540
668500,0.500,0.000,0.500
669000,0.477,0.000,0.523
669500,0.460,0.000,0.540
670000,0.337,0.000,0.663
670500,0.420,0.000,0.580
671000,0.406,0.000,0.594
671500,0.366,0.000,0.634
672000,0.349,0.000,0.651
672500,0.388,0.000,0.612
673000,0.414,0.000,0.586
673500,0.449,0.000,0.551
674000,0.321,0.000,0.679
674500,0.450,0.000,0.550
675000,0.417,0.000,0.583
675500,0.449,0.000,0.551
676000,0.400,0.000,0.600
676500,0.460,0.000,0.540
677000,0.504,0.000,0.496
677500,0.494,0.000,0.506
678000,0.425,0.000,0.575
678500,0.485,0.000,0.515
679000,0.546,0.000,0.454
679500,0.436,0.000,0.564
680000,0.376,0.000,0.624
680500,0.467,0.000,0.533
681000,0.526,0.000,0.474
681500,0.538,0.000,0.462
682000,0.430,0.000,0.570
682500,0.401,0.000,0.599
683000,0.382,0.000,0.618
683500,0.397,0.000,0.603
684000,0.410,0.000,0.590
684500,0.480,0.000,0.520
685000,0.385,0.000,0.615
685500,0.412,0.000,0.588
686000,0.574,0.000,0.426
686500,0.490,0.000,0.510
687000,0.511,0.000,0.489
687500,0.549,0.000,0.451
688000,0.445,0.000,0.555
688500,0.484,0.000,0.516
689000,0.482,0.000,0.518
689500,0.378,0.000,0.622
690000,0.326,0.000,0.674
690500,0.441,0.000,0.559
691000,0.533,0.000,0.467
691500,0.412,0.000,0.588
692000,0.515,0.000,0.485
692500,0.460,0.000,0.540
693000,0.350,0.000,0.650
693500,0.351,0.000,0.649
694000,0.456,0.000,0.544
694500,0.422,0.000,0.578
695000,0.490,0.000,0.510
695500,0.443,0.000,0.557
696000,0.462,0.000,0.538
696500,0.350,0.000,0.650
697000,0.337,0.000,0.663
697500,0.469,0.000,0.531
698000,0.500,0.000,0.500
698500,0.400,0.000,0.600
699000,0.518,0.000,0.482
699500,0.454,0.000,0.546
700000,0.514,0.000,0.486
700500,0.545,0.000,0.455
701000,0.446,0.000,0.554
701500,0.498,0.000,0.502
702000,0.568,0.000,0.432
702500,0.419,0.000,0.581
703000,0.502,0.000,0.498
703500,0.499,0.000,0.501
704000,0.483,0.000,0.517
704500,0.516,0.000,0.484
705000,0.356,0.000,0.644
705500,0.405,0.000,0.595
706000,0.387,0.000,0.613
706500,0.518,0.000,0.482
707000,0.469,0.000,0.531
707500,0.339,0.005,0.656
708000,0.469,0.000,0.531
708500,0.410,0.000,0.590
709000,0.489,0.000,0.511
709500,0.445,0.000,0.555
710000,0.417,0.000,0.583
710500,0.451,0.000,0.549
711000,0.483,0.000,0.517
711500,0.451,0.000,0.549
712000,0.430,0.000,0.570
712500,0.442,0.000,0.558
713000,0.428,0.000,0.572
713500,0.380,0.000,0.620
714000,0.444,0.000,0.556
714500,0.322,0.000,0.678
715000,0.389,0.000,0.611
715500,0.394,0.000,0.606
716000,0.434,0.000,0.566
716500,0.531,0.000,0.469
717000,0.492,0.000,0.508
717500,0.436,0.000,0.564
718000,0.430,0.000,0.570
718500,0.513,0.000,0.487
719000,0.404,0.000,0.596
719500,0.467,0.000,0.533
720000,0.426,0.000,0.574
720500,0.428,0.000,0.572
721000,0.382,0.000,0.618
721500,0.399,0.000,0.601
722000,0.539,0.000,0.461
722500,0.453,0.000,0.547
723000,0.551,0.000,0.449
723500,0.386,0.000,0.614
724000,0.416,0.000,0.584
724500,0.479,0.000,0.521
725000,0.496,0.000,0.504
725500,0.517,0.000,0.483
726000,0.499,0.000,0.501
726500,0.480,0.000,0.520
727000,0.445,0.000,0.555
727500,0.540,0.000,0.460
728000,0.453,0.000,0.547
728500,0.484,0.000,0.516
729000,0.599,0.000,0.401
729500,0.607,0.000,0.393
730000,0.506,0.000,0.494
730500,0.446,0.000,0.554
731000,0.365,0.000,0.635
731500,0.548,0.000,0.452
732000,0.468,0.000,0.532
732500,0.461,0.000,0.539
733000,0.414,0.000,0.586
733500,0.343,0.000,0.657
734000,0.445,0.000,0.555
734500,0.337,0.000,0.663
735000,0.302,0.000,0.698
735500,0.449,0.000,0.551
736000,0.501,0.000,0.499
736500,0.532,0.000,0.468
737000,0.465,0.000,0.535
737500,0.500,0.000,0.500
738000,0.483,0.000,0.517
738500,0.561,0.000,0.439
739000,0.561,0.000,0.439
739500,0.486,0.000,0.514
740000,0.407,0.000,0.593
740500,0.515,0.000,0.485
741000,0.521,0.000,0.479
741500,0.488,0.000,0.512
742000,0.414,0.000,0.586
742500,0.400,0.000,0.600
743000,0.469,0.000,0.531
743500,0.407,0.000,0.593
744000,0.487,0.000,0.513
744500,0.406,0.000,0.594
745000,0.506,0.000,0.494
745500,0.407,0.000,0.593
746000,0.413,0.000,0.587
746500,0.541,0.000,0.459
747000,0.391,0.000,0.609
747500,0.538,0.000,0.462
748000,0.469,0.000,0.531
748500,0.383,0.000,0.617
749000,0.445,0.000,0.555
749500,0.412,0.000,0.588
750000,0.481,0.000,0.519
750500,0.597,0.000,0.403
751000,0.553,0.000,0.447
751500,0.461,0.000,0.539
752000,0.502,0.000,0.498
752500,0.491,0.000,0.509
753000,0.541,0.000,0.459
753500,0.367,0.000,0.633
754000,0.467,0.000,0.533
754500,0.490,0.000,0.510
755000,0.571,0.000,0.429
755500,0.426,0.000,0.574
756000,0.393,0.000,0.607
756500,0.528,0.000,0.472
757000,0.536,0.000,0.464
757500,0.663,0.000,0.337
758000,0.577,0.000,0.423
758500,0.493,0.000,0.507
759000,0.499,0.000,0.501
759500,0.496,0.000,0.504
760000,0.573,0.000,0.427
760500,0.581,0.000,0.419
761000,0.643,0.000,0.357
761500,0.477,0.000,0.523
762000,0.473,0.000,0.527
762500,0.405,0.000,0.595
763000,0.523,0.000,0.477
763500,0.470,0.000,0.530
764000,0.342,0.000,0.658
764500,0.506,0.000,0.494
765000,0.441,0.000,0.559
765500,0.429,0.000,0.571
766000,0.348,0.000,0.652
766500,0.470,0.000,0.530
767000,0.506,0.000,0.494
767500,0.418,0.000,0.582
768000,0.386,0.000,0.614
768500,0.452,0.000,0.548
769000,0.447,0.000,0.553
769500,0.512,0.000,0.488
770000,0.478,0.000,0.522
770500,0.435,0.000,0.565
771000,0.321,0.000,0.679
771500,0.597,0.000,0.403
772000,0.470,0.000,0.530
772500,0.424,0.000,0.576
773000,0.587,0.000,0.413
773500,0.579,0.000,0.421
774000,0.431,0.000,0.569
774500,0.488,0.000,0.512
775000,0.454,0.000,0.546
775500,0.388,0.000,0.612
776000,0.357,0.000,0.643
776500,0.465,0.000,0.535
777000,0.475,0.000,0.525
777500,0.462,0.000,0.538
778000,0.459,0.000,0.541
778500,0.411,0.000,0.589
779000,0.569,0.000,0.431
779500,0.464,0.000,0.536
780000,0.496,0.000,0.504
780500,0.504,0.000,0.496
781000,0.486,0.000,0.514
781500,0.621,0.000,0.379
782000,0.480,0.000,0.520
782500,0.414,0.000,0.586
783000,0.352,0.000,0.648
783500,0.485,0.000,0.515
784000,0.446,0.000,0.554
784500,0.482,0.000,0.518
785000,0.556,0.000,0.444
785500,0.482,0.000,0.518
786000,0.563,0.000,0.437
786500,0.545,0.000,0.455
787000,0.512,0.000,0.488
787500,0.422,0.000,0.578
788000,0.538,0.000,0.462
788500,0.476,0.000,0.524
789000,0.351,0.000,0.649
789500,0.466,0.000,0.534
790000,0.472,0.000,0.528
790500,0.589,0.000,0.411
791000,0.465,0.000,0.535
791500,0.406,0.000,0.594
792000,0.456,0.000,0.544
792500,0.435,0.000,0.565
793000,0.399,0.000,0.601
793500,0.285,0.000,0.715
794000,0.398,0.000,0.602
794500,0.566,0.000,0.434
795000,0.458,0.000,0.542
795500,0.361,0.000,0.639
796000,0.468,0.000,0.532
796500,0.489,0.000,0.511
797000,0.577,0.000,0.423
797500,0.566,0.000,0.434
798000,0.472,0.000,0.528
798500,0.433,0.000,0.567
799000,0.507,0.000,0.493
799500,0.426,0.000,0.574
800000,0.527,0.000,0.473
800500,0.484,0.000,0.516
801000,0.512,0.000,0.488
801500,0.531,0.000,0.469
802000,0.397,0.000,0.603
802500,0.520,0.000,0.480
803000,0.486,0.000,0.514
803500,0.485,0.000,0.515
804000,0.513,0.000,0.487
804500,0.490,0.000,0.510
805000,0.386,0.000,0.614
805500,0.466,0.000,0.534
806000,0.509,0.000,0.491
806500,0.500,0.000,0.500
807000,0.367,0.000,0.633
807500,0.367,0.000,0.633
808000,0.429,0.000,0.571
808500,0.358,0.000,0.642
809000,0.486,0.000,0.514
809500,0.454,0.000,0.546
810000,0.353,0.002,0.645
810500,0.452,0.000,0.548
811000,0.517,0.000,0.483
811500,0.555,0.000,0.445
812000,0.522,0.000,0.478
812500,0.539,0.000,0.461
813000,0.423,0.000,0.577
813500,0.460,0.000,0.540
814000,0.378,0.000,0.622
814500,0.415,0.000,0.585
815000,0.480,0.000,0.520
815500,0.384,0.000,0.616
816000,0.482,0.000,0.518
816500,0.368,0.000,0.632
817000,0.490,0.000,0.510
817500,0.406,0.000,0.594
818000,0.448,0.000,0.552
818500,0.470,0.000,0.530
819000,0.521,0.000,0.479
819500,0.534,0.000,0.466
820000,0.497,0.000,0.503
820500,0.427,0.000,0.573
821000,0.514,0.000,0.486
821500,0.486,0.000,0.514
822000,0.521,0.000,0.479
822500,0.545,0.000,0.455
823000,0.535,0.000,0.465
823500,0.640,0.000,0.360
824000,0.483,0.000,0.517
824500,0.512,0.000,0.488
825000,0.344,0.000,0.656
825500,0.381,0.002,0.617
826000,0.479,0.000,0.521
826500,0.492,0.000,0.508
827000,0.530,0.000,0.470
827500,0.432,0.000,0.568
828000,0.387,0.000,0.613
828500,0.421,0.000,0.579
829000,0.435,0.000,0.565
829500,0.376,0.000,0.624
830000,0.438,0.000,0.562
830500,0.432,0.000,0.568
831000,0.419,0.000,0.581
831500,0.333,0.000,0.667
832000,0.397,0.000,0.603
832500,0.394,0.000,0.606
833000,0.419,0.000,0.581
833500,0.427,0.000,0.573
834000,0.562,0.000,0.438
834500,0.553,0.000,0.447
835000,0.504,0.000,0.496
835500,0.410,0.000,0.590
836000,0.419,0.000,0.581
836500,0.488,0.000,0.512
837000,0.365,0.000,0.635
837500,0.454,0.000,0.546
838000,0.420,0.000,0.580
838500,0.283,0.000,0.717
839000,0.423,0.000,0.577
839500,0.450,0.000,0.550
840000,0.512,0.000,0.488
840500,0.336,0.000,0.664
841000,0.309,0.000,0.691
841500,0.610,0.000,0.390
842000,0.393,0.000,0.607
842500,0.420,0.000,0.580
843000,0.426,0.000,0.574
843500,0.434,0.000,0.566
844000,0.422,0.000,0.578
844500,0.481,0.000,0.519
845000,0.476,0.000,0.524
845500,0.488,0.000,0.512
846000,0.414,0.000,0.586
846500,0.461,0.000,0.539
847000,0.349,0.016,0.635
847500,0.411,0.000,0.589
848000,0.525,0.000,0.475
848500,0.508,0.000,0.492
849000,0.551,0.000,0.449
849500,0.485,0.000,0.515
850000,0.472,0.000,0.528
850500,0.460,0.000,0.540
851000,0.516,0.000,0.484
851500,0.493,0.000,0.507
852000,0.406,0.000,0.594
852500,0.396,0.000,0.604
853000,0.525,0.000,0.475
853500,0.535,0.000,0.465
854000,0.477,0.000,0.523
854500,0.514,0.000,0.486
855000,0.442,0.000,0.558
855500,0.419,0.000,0.581
856000,0.321,0.000,0.679
856500,0.443,0.000,0.557
857000,0.401,0.000,0.599
857500,0.561,0.000,0.439
858000,0.510,0.000,0.490
858500,0.470,0.000,0.530
859000,0.491,0.000,0.509
859500,0.437,0.000,0.563
860000,0.328,0.000,0.672
860500,0.504,0.000,0.496
861000,0.496,0.000,0.504
861500,0.458,0.000,0.542
862000,0.503,0.000,0.497
862500,0.365,0.000,0.635
863000,0.337,0.000,0.663
863500,0.491,0.000,0.509
864000,0.551,0.000,0.449
864500,0.475,0.000,0.525
865000,0.531,0.000,0.469
865500,0.472,0.000,0.528
866000,0.492,0.000,0.508
866500,0.471,0.000,0.529
867000,0.447,0.000,0.553
867500,0.460,0.000,0.540
868000,0.356,0.000,0.644
868500,0.410,0.000,0.590
869000,0.456,0.000,0.544
869500,0.485,0.000,0.515
870000,0.551,0.000,0.449
870500,0.359,0.000,0.641
871000,0.479,0.000,0.521
871500,0.523,0.000,0.477
872000,0.459,0.000,0.541
872500,0.461,0.000,0.539
873000,0.417,0.000,0.583
873500,0.368,0.000,0.632
874000,0.511,0.000,0.489
874500,0.407,0.000,0.593
875000,0.400,0.000,0.600
875500,0.496,0.000,0.504
876000,0.425,0.000,0.575
876500,0.547,0.000,0.453
877000,0.428,0.000,0.572
877500,0.529,0.000,0.471
878000,0.473,0.000,0.527
878500,0.440,0.000,0.560
879000,0.465,0.000,0.535
879500,0.488,0.000,0.512
880000,0.473,0.000,0.527
880500,0.411,0.000,0.589
881000,0.484,0.000,0.516
881500,0.493,0.000,0.507
882000,0.403,0.000,0.597
882500,0.473,0.000,0.527
883000,0.473,0.000,0.527
883500,0.459,0.000,0.541
884000,0.487,0.000,0.513
884500,0.374,0.000,0.626
885000,0.367,0.000,0.633
885500,0.513,0.000,0.487
886000,0.546,0.000,0.454
886500,0.468,0.000,0.532
887000,0.533,0.000,0.467
887500,0.493,0.000,0.507
888000,0.486,0.000,0.514
888500,0.472,0.000,0.528
889000,0.490,0.000,0.510
889500,0.433,0.000,0.567
890000,0.445,0.000,0.555
890500,0.440,0.000,0.560
891000,0.399,0.000,0.601
891500,0.385,0.000,0.615
892000,0.447,0.000,0.553
892500,0.524,0.000,0.476
893000,0.468,0.000,0.532
893500,0.492,0.000,0.508
894000,0.446,0.000,0.554
894500,0.400,0.000,0.600
895000,0.461,0.000,0.539
895500,0.419,0.000,0.581
896000,0.421,0.000,0.579
896500,0.468,0.000,0.532
897000,0.419,0.000,0.581
897500,0.501,0.000,0.499
898000,0.372,0.000,0.628
898500,0.392,0.000,0.608
899000,0.468,0.000,0.532
899500,0.371,0.000,0.629
900000,0.503,0.000,0.497
900500,0.334,0.000,0.666
901000,0.421,0.000,0.579
901500,0.543,0.000,0.457
902000,0.537,0.000,0.463
902500,0.758,0.000,0.242
903000,0.601,0.000,0.399
903500,0.632,0.000,0.368
904000,0.471,0.000,0.529
904500,0.605,0.000,0.395
905000,0.445,0.000,0.555
905500,0.416,0.000,0.584
906000,0.524,0.000,0.476
906500,0.391,0.000,0.609
907000,0.404,0.000,0.596
907500,0.437,0.000,0.563
908000,0.624,0.000,0.376
908500,0.527,0.000,0.473
909000,0.475,0.000,0.525
909500,0.514,0.000,0.486
910000,0.419,0.000,0.581
910500,0.410,0.000,0.590
911000,0.517,0.000,0.483
911500,0.432,0.000,0.568
912000,0.433,0.000,0.567
912500,0.448,0.000,0.552
913000,0.398,0.000,0.602
913500,0.473,0.000,0.527
914000,0.424,0.000,0.576
914500,0.356,0.000,0.644
915000,0.359,0.000,0.641
915500,0.401,0.000,0.599
916000,0.466,0.000,0.534
916500,0.425,0.000,0.575
917000,0.531,0.000,0.469
917500,0.511,0.000,0.489
918000,0.510,0.000,0.490
918500,0.420,0.000,0.580
919000,0.423,0.000,0.577
919500,0.504,0.000,0.496
920000,0.439,0.000,0.561
920500,0.366,0.000,0.634
921000,0.449,0.000,0.551
921500,0.531,0.000,0.469
922000,0.673,0.000,0.327
922500,0.583,0.000,0.417
923000,0.575,0.000,0.425
923500,0.598,0.000,0.402
924000,0.606,0.000,0.394
924500,0.496,0.000,0.504
925000,0.494,0.000,0.506
925500,0.462,0.000,0.538
926000,0.457,0.000,0.543
926500,0.458,0.000,0.542
927000,0.448,0.000,0.552
927500,0.530,0.000,0.470
928000,0.471,0.000,0.529
928500,0.497,0.000,0.503
929000,0.352,0.000,0.648
929500,0.442,0.000,0.558
930000,0.505,0.000,0.495
930500,0.466,0.000,0.534
931000,0.423,0.000,0.577
931500,0.402,0.000,0.598
932000,0.368,0.000,0.632
932500,0.503,0.000,0.497
933000,0.573,0.000,0.427
933500,0.497,0.000,0.503
934000,0.569,0.000,0.431
934500,0.453,0.000,0.547
935000,0.523,0.000,0.477
935500,0.439,0.000,0.561
936000,0.458,0.000,0.542
936500,0.428,0.000,0.572
937000,0.503,0.000,0.497
937500,0.443,0.000,0.557
938000,0.500,0.000,0.500
938500,0.385,0.000,0.615
939000,0.462,0.000,0.538
939500,0.456,0.000,0.544
940000,0.347,0.000,0.653
940500,0.403,0.000,0.597
941000,0.335,0.000,0.665
941500,0.443,0.000,0.557
942000,0.464,0.000,0.536
942500,0.536,0.000,0.464
943000,0.467,0.000,0.533
943500,0.471,0.000,0.529
944000,0.611,0.000,0.389
944500,0.371,0.000,0.629
945000,0.306,0.000,0.694
945500,0.472,0.000,0.528
946000,0.406,0.000,0.594
946500,0.348,0.000,0.652
947000,0.500,0.000,0.500
947500,0.485,0.000,0.515
948000,0.497,0.000,0.503
948500,0.485,0.000,0.515
949000,0.419,0.000,0.581
949500,0.428,0.000,0.572
950000,0.504,0.000,0.496
950500,0.365,0.000,0.635
951000,0.451,0.000,0.549
951500,0.614,0.000,0.386
952000,0.369,0.000,0.631
952500,0.428,0.000,0.572
953000,0.535,0.000,0.465
953500,0.508,0.000,0.492
954000,0.309,0.000,0.691
954500,0.422,0.000,0.578
955000,0.449,0.000,0.551
955500,0.483,0.000,0.517
956000,0.473,0.000,0.527
956500,0.317,0.000,0.683
957000,0.410,0.000,0.590
957500,0.423,0.000,0.577
958000,0.519,0.000,0.481
958500,0.541,0.000,0.459
959000,0.436,0.000,0.564
959500,0.475,0.000,0.525
960000,0.497,0.000,0.503
960500,0.449,0.000,0.551
961000,0.430,0.000,0.570
961500,0.467,0.000,0.533
962000,0.502,0.000,0.498
962500,0.459,0.000,0.541
963000,0.437,0.000,0.563
963500,0.369,0.000,0.631
964000,0.510,0.000,0.490
964500,0.542,0.000,0.458
965000,0.489,0.000,0.511
965500,0.487,0.000,0.513
966000,0.555,0.000,0.445
966500,0.349,0.000,0.651
967000,0.474,0.000,0.526
967500,0.390,0.000,0.610
968000,0.472,0.000,0.528
968500,0.486,0.000,0.514
969000,0.477,0.000,0.523
969500,0.332,0.000,0.668
970000,0.424,0.000,0.576
970500,0.402,0.000,0.598
971000,0.521,0.000,0.479
971500,0.400,0.000,0.600
972000,0.406,0.000,0.594
972500,0.452,0.000,0.548
973000,0.442,0.000,0.558
973500,0.415,0.000,0.585
974000,0.445,0.000,0.555
974500,0.466,0.000,0.534
975000,0.339,0.000,0.661
975500,0.339,0.000,0.661
976000,0.495,0.000,0.505
976500,0.446,0.000,0.554
977000,0.412,0.000,0.588
977500,0.522,0.000,0.478
978000,0.445,0.000,0.555
978500,0.471,0.000,0.529
979000,0.412,0.000,0.588
979500,0.431,0.000,0.569
980000,0.481,0.000,0.519
980500,0.438,0.000,0.562
981000,0.490,0.000,0.510
981500,0.513,0.000,0.487
982000,0.448,0.000,0.552
982500,0.368,0.000,0.632
983000,0.380,0.000,0.620
983500,0.400,0.000,0.600
984000,0.338,0.000,0.662
984500,0.548,0.000,0.452
985000,0.478,0.000,0.522
985500,0.512,0.000,0.488
986000,0.539,0.000,0.461
986500,0.339,0.000,0.661
987000,0.388,0.000,0.612
987500,0.439,0.000,0.561
988000,0.422,0.000,0.578
988500,0.421,0.000,0.579
989000,0.293,0.000,0.707
989500,0.400,0.000,0.600
990000,0.453,0.000,0.547
990500,0.409,0.000,0.591
991000,0.507,0.000,0.493
991500,0.433,0.000,0.567
992000,0.591,0.000,0.409
992500,0.485,0.000,0.515
993000,0.447,0.000,0.553
993500,0.382,0.000,0.618
994000,0.468,0.000,0.532
994500,0.402,0.000,0.598
995000,0.449,0.000,0.551
995500,0.467,0.000,0.533
996000,0.379,0.000,0.621
996500,0.498,0.000,0.502
997000,0.476,0.000,0.524
997500,0.530,0.000,0.470
998000,0.373,0.000,0.627
998500,0.405,0.000,0.595
999000,0.372,0.000,0.628
999500,0.392,0.000,0.608
1000000,0.512,0.000,0.488
