time,n_A+p,n_B,n_AB
500,0.050,0.775,0.175
1000,0.050,0.607,0.343
1500,0.050,0.463,0.487
2000,0.050,0.394,0.556
2500,0.050,0.411,0.538
3000,0.050,0.365,0.585
3500,0.050,0.420,0.529
4000,0.050,0.459,0.491
4500,0.050,0.420,0.530
5000,0.050,0.414,0.535
5500,0.050,0.367,0.583
6000,0.054,0.318,0.628
6500,0.050,0.354,0.595
7000,0.052,0.387,0.560
7500,0.051,0.417,0.532
8000,0.051,0.375,0.574
8500,0.050,0.348,0.601
9000,0.050,0.347,0.603
9500,0.050,0.350,0.600
10000,0.050,0.317,0.633
10500,0.050,0.300,0.649
11000,0.051,0.346,0.603
11500,0.052,0.342,0.606
12000,0.051,0.337,0.613
12500,0.050,0.366,0.584
13000,0.054,0.326,0.620
13500,0.051,0.311,0.637
14000,0.058,0.313,0.629
14500,0.052,0.291,0.656
15000,0.055,0.379,0.566
15500,0.055,0.335,0.610
16000,0.051,0.377,0.573
16500,0.053,0.329,0.618
17000,0.051,0.284,0.665
17500,0.055,0.334,0.611
18000,0.051,0.328,0.621
18500,0.075,0.298,0.627
19000,0.058,0.310,0.632
19500,0.052,0.305,0.642
20000,0.055,0.338,0.607
20500,0.053,0.293,0.653
21000,0.052,0.341,0.607
21500,0.053,0.346,0.600
22000,0.051,0.381,0.569
22500,0.050,0.377,0.573
23000,0.050,0.358,0.592
23500,0.050,0.348,0.601
24000,0.058,0.336,0.606
24500,0.054,0.304,0.642
25000,0.059,0.298,0.643
25500,0.051,0.343,0.606
26000,0.053,0.319,0.628
26500,0.051,0.329,0.621
27000,0.067,0.295,0.638
27500,0.060,0.284,0.655
28000,0.055,0.361,0.584
28500,0.051,0.360,0.589
29000,0.051,0.367,0.583
29500,0.054,0.282,0.663
30000,0.051,0.293,0.655
30500,0.056,0.350,0.594
31000,0.051,0.383,0.567
31500,0.058,0.385,0.557
32000,0.051,0.389,0.560
32500,0.057,0.337,0.607
33000,0.059,0.294,0.647
33500,0.053,0.303,0.643
34000,0.058,0.309,0.633
34500,0.056,0.291,0.653
35000,0.060,0.284,0.656
35500,0.061,0.280,0.659
36000,0.061,0.270,0.668
36500,0.057,0.316,0.627
37000,0.053,0.317,0.630
37500,0.057,0.265,0.678
38000,0.056,0.298,0.645
38500,0.051,0.316,0.633
39000,0.054,0.291,0.654
39500,0.051,0.306,0.642
40000,0.051,0.307,0.641
40500,0.059,0.289,0.652
41000,0.054,0.286,0.659
41500,0.051,0.296,0.653
42000,0.050,0.342,0.608
42500,0.051,0.419,0.529
43000,0.050,0.414,0.535
43500,0.050,0.451,0.499
44000,0.050,0.346,0.603
44500,0.072,0.265,0.663
45000,0.056,0.273,0.671
45500,0.054,0.276,0.670
46000,0.057,0.289,0.654
46500,0.052,0.334,0.614
47000,0.063,0.309,0.628
47500,0.054,0.370,0.575
48000,0.051,0.359,0.590
48500,0.060,0.291,0.648
49000,0.060,0.281,0.659
49500,0.062,0.298,0.639
50000,0.053,0.327,0.619
50500,0.051,0.330,0.619
51000,0.064,0.333,0.603
51500,0.057,0.340,0.604
52000,0.058,0.311,0.631
52500,0.062,0.220,0.718
53000,0.073,0.230,0.697
53500,0.092,0.204,0.703
54000,0.076,0.223,0.701
54500,0.061,0.225,0.714
55000,0.070,0.221,0.709
55500,0.057,0.312,0.630
56000,0.054,0.344,0.602
56500,0.051,0.337,0.612
57000,0.058,0.300,0.641
57500,0.053,0.362,0.585
58000,0.051,0.342,0.608
58500,0.050,0.299,0.651
59000,0.050,0.312,0.638
59500,0.050,0.324,0.626
60000,0.054,0.334,0.611
60500,0.053,0.390,0.557
61000,0.051,0.367,0.582
61500,0.050,0.348,0.601
62000,0.052,0.335,0.613
62500,0.058,0.345,0.597
63000,0.051,0.358,0.591
63500,0.050,0.365,0.585
64000,0.050,0.383,0.567
64500,0.050,0.355,0.595
65000,0.050,0.376,0.574
65500,0.052,0.327,0.621
66000,0.059,0.253,0.689
66500,0.076,0.239,0.684
67000,0.060,0.272,0.667
67500,0.057,0.314,0.629
68000,0.051,0.330,0.619
68500,0.055,0.337,0.608
69000,0.059,0.336,0.605
69500,0.057,0.344,0.599
70000,0.061,0.340,0.600
70500,0.056,0.337,0.607
71000,0.051,0.326,0.623
71500,0.050,0.347,0.603
72000,0.050,0.348,0.602
72500,0.059,0.366,0.576
73000,0.052,0.327,0.621
73500,0.059,0.301,0.639
74000,0.057,0.318,0.625
74500,0.051,0.357,0.591
75000,0.050,0.380,0.571
75500,0.050,0.371,0.579
76000,0.055,0.333,0.612
76500,0.057,0.280,0.663
77000,0.051,0.298,0.650
77500,0.050,0.315,0.635
78000,0.051,0.340,0.609
78500,0.050,0.379,0.571
79000,0.050,0.379,0.571
79500,0.054,0.349,0.596
80000,0.054,0.380,0.566
80500,0.051,0.376,0.573
81000,0.050,0.337,0.613
81500,0.058,0.301,0.640
82000,0.054,0.307,0.639
82500,0.068,0.266,0.666
83000,0.073,0.254,0.672
83500,0.071,0.243,0.685
84000,0.056,0.317,0.628
84500,0.053,0.325,0.622
85000,0.051,0.345,0.604
85500,0.052,0.380,0.568
86000,0.051,0.356,0.593
86500,0.050,0.354,0.595
87000,0.050,0.333,0.617
87500,0.059,0.319,0.622
88000,0.058,0.271,0.671
88500,0.051,0.305,0.644
89000,0.064,0.291,0.645
89500,0.057,0.301,0.643
90000,0.059,0.272,0.669
90500,0.059,0.256,0.685
91000,0.060,0.320,0.620
91500,0.053,0.371,0.575
92000,0.054,0.323,0.623
92500,0.054,0.303,0.642
93000,0.054,0.322,0.624
93500,0.056,0.333,0.611
94000,0.063,0.260,0.677
94500,0.064,0.238,0.698
95000,0.054,0.316,0.630
95500,0.056,0.314,0.631
96000,0.057,0.263,0.680
96500,0.061,0.273,0.667
97000,0.064,0.271,0.666
97500,0.059,0.251,0.690
98000,0.057,0.321,0.622
98500,0.051,0.325,0.623
99000,0.052,0.341,0.607
99500,0.052,0.330,0.618
100000,0.052,0.317,0.631
100500,0.051,0.319,0.629
101000,0.050,0.308,0.641
101500,0.051,0.359,0.590
102000,0.051,0.263,0.686
102500,0.052,0.334,0.613
103000,0.051,0.334,0.615
103500,0.051,0.360,0.590
104000,0.050,0.375,0.575
104500,0.050,0.399,0.551
105000,0.050,0.344,0.605
105500,0.058,0.330,0.612
106000,0.059,0.356,0.585
106500,0.054,0.346,0.600
107000,0.052,0.339,0.609
107500,0.051,0.352,0.597
108000,0.058,0.258,0.684
108500,0.051,0.356,0.593
109000,0.051,0.350,0.600
109500,0.050,0.413,0.536
110000,0.050,0.325,0.625
110500,0.050,0.258,0.692
111000,0.050,0.268,0.682
111500,0.058,0.307,0.635
112000,0.058,0.248,0.694
112500,0.077,0.244,0.679
113000,0.081,0.181,0.738
113500,0.057,0.292,0.651
114000,0.050,0.350,0.599
114500,0.061,0.306,0.633
115000,0.059,0.323,0.619
115500,0.054,0.380,0.566
116000,0.050,0.311,0.639
116500,0.053,0.318,0.629
117000,0.051,0.287,0.662
117500,0.056,0.305,0.639
118000,0.050,0.347,0.603
118500,0.050,0.381,0.569
119000,0.053,0.393,0.554
119500,0.055,0.316,0.629
120000,0.056,0.279,0.665
120500,0.066,0.260,0.674
121000,0.065,0.306,0.629
121500,0.053,0.319,0.628
122000,0.052,0.298,0.649
122500,0.052,0.264,0.684
123000,0.050,0.323,0.627
123500,0.050,0.298,0.652
124000,0.051,0.352,0.597
124500,0.051,0.378,0.571
125000,0.051,0.343,0.607
125500,0.054,0.334,0.612
126000,0.051,0.416,0.534
126500,0.052,0.355,0.593
127000,0.050,0.321,0.629
127500,0.052,0.369,0.579
128000,0.057,0.302,0.641
128500,0.051,0.325,0.624
129000,0.050,0.358,0.592
129500,0.050,0.380,0.571
130000,0.050,0.353,0.597
130500,0.050,0.365,0.585
131000,0.054,0.336,0.610
131500,0.051,0.312,0.637
132000,0.058,0.294,0.648
132500,0.051,0.291,0.657
133000,0.050,0.270,0.680
133500,0.052,0.326,0.622
134000,0.051,0.322,0.627
134500,0.051,0.325,0.624
135000,0.054,0.315,0.631
135500,0.052,0.293,0.654
136000,0.051,0.313,0.637
136500,0.050,0.365,0.585
137000,0.051,0.342,0.607
137500,0.055,0.367,0.577
138000,0.052,0.361,0.587
138500,0.051,0.354,0.595
139000,0.052,0.286,0.661
139500,0.058,0.290,0.653
140000,0.066,0.327,0.607
140500,0.054,0.280,0.666
141000,0.051,0.325,0.624
141500,0.050,0.335,0.615
142000,0.056,0.349,0.595
142500,0.059,0.234,0.708
143000,0.057,0.302,0.641
143500,0.060,0.288,0.651
144000,0.057,0.288,0.654
144500,0.064,0.269,0.667
145000,0.053,0.288,0.658
145500,0.054,0.304,0.642
146000,0.056,0.253,0.692
146500,0.068,0.244,0.688
147000,0.067,0.267,0.667
147500,0.077,0.207,0.716
148000,0.098,0.161,0.741
148500,0.101,0.166,0.734
149000,0.088,0.195,0.717
149500,0.063,0.272,0.665
150000,0.053,0.354,0.593
150500,0.050,0.356,0.594
151000,0.055,0.359,0.586
151500,0.050,0.391,0.559
152000,0.051,0.323,0.627
152500,0.050,0.344,0.605
153000,0.059,0.291,0.649
153500,0.053,0.348,0.599
154000,0.056,0.383,0.561
154500,0.051,0.361,0.588
155000,0.054,0.335,0.611
155500,0.067,0.256,0.677
156000,0.077,0.279,0.644
156500,0.065,0.224,0.712
157000,0.060,0.266,0.674
157500,0.071,0.229,0.700
158000,0.085,0.203,0.712
158500,0.079,0.212,0.709
159000,0.064,0.234,0.702
159500,0.058,0.260,0.682
160000,0.059,0.286,0.655
160500,0.056,0.270,0.674
161000,0.062,0.345,0.593
161500,0.059,0.302,0.639
162000,0.056,0.288,0.655
162500,0.051,0.334,0.615
163000,0.053,0.368,0.579
163500,0.050,0.353,0.597
164000,0.050,0.356,0.593
164500,0.052,0.292,0.655
165000,0.051,0.355,0.595
165500,0.055,0.344,0.601
166000,0.056,0.310,0.633
166500,0.052,0.358,0.590
167000,0.057,0.371,0.572
167500,0.051,0.348,0.601
168000,0.050,0.372,0.578
168500,0.050,0.329,0.621
169000,0.056,0.292,0.652
169500,0.059,0.248,0.694
170000,0.059,0.261,0.680
170500,0.068,0.238,0.694
171000,0.074,0.249,0.677
171500,0.065,0.303,0.632
172000,0.053,0.314,0.633
172500,0.054,0.302,0.644
173000,0.053,0.283,0.664
173500,0.059,0.275,0.665
174000,0.060,0.305,0.634
174500,0.057,0.293,0.650
175000,0.056,0.302,0.643
175500,0.055,0.267,0.678
176000,0.060,0.315,0.625
176500,0.052,0.313,0.635
177000,0.053,0.291,0.655
177500,0.054,0.334,0.612
178000,0.052,0.325,0.623
178500,0.055,0.347,0.598
179000,0.053,0.325,0.622
179500,0.056,0.300,0.644
180000,0.058,0.282,0.660
180500,0.066,0.254,0.680
181000,0.056,0.262,0.683
181500,0.061,0.306,0.633
182000,0.058,0.257,0.685
182500,0.070,0.259,0.670
183000,0.075,0.200,0.726
183500,0.091,0.196,0.713
184000,0.079,0.244,0.677
184500,0.067,0.232,0.701
185000,0.066,0.250,0.684
185500,0.058,0.275,0.667
186000,0.055,0.302,0.643
186500,0.058,0.325,0.618
187000,0.052,0.364,0.584
187500,0.051,0.339,0.611
188000,0.054,0.268,0.677
188500,0.063,0.281,0.657
189000,0.070,0.219,0.712
189500,0.085,0.194,0.722
190000,0.087,0.182,0.730
190500,0.131,0.103,0.766
191000,0.256,0.043,0.702
191500,0.458,0.011,0.531
192000,0.605,0.002,0.394
192500,0.712,0.001,0.288
193000,0.826,0.000,0.174
193500,0.871,0.000,0.129
194000,0.904,0.000,0.096
194500,0.878,0.000,0.122
195000,0.909,0.000,0.091
195500,0.905,0.000,0.095
196000,0.909,0.000,0.091
196500,0.943,0.000,0.057
197000,0.941,0.000,0.059
197500,0.938,0.000,0.062
198000,0.936,0.000,0.064
198500,0.955,0.000,0.045
199000,0.962,0.000,0.038
199500,0.932,0.000,0.068
200000,0.958,0.000,0.042
200500,0.976,0.000,0.024
201000,0.988,0.000,0.012
201500,0.995,0.000,0.005
202000,1.000,0.000,0.000
202500,1.000,0.000,0.000
