time,n_A+p,n_B,n_AB
500,0.080,0.382,0.538
1000,0.104,0.071,0.825
1500,0.250,0.006,0.744
2000,0.613,0.000,0.387
2500,0.722,0.000,0.278
3000,0.690,0.000,0.310
3500,0.705,0.000,0.295
4000,0.789,0.000,0.211
4500,0.746,0.000,0.254
5000,0.759,0.000,0.241
5500,0.751,0.000,0.249
6000,0.807,0.000,0.193
6500,0.823,0.000,0.177
7000,0.821,0.000,0.179
7500,0.903,0.000,0.097
8000,0.913,0.000,0.087
8500,0.936,0.000,0.064
9000,0.959,0.000,0.041
9500,0.988,0.000,0.012
10000,0.999,0.000,0.001
10500,1.000,0.000,0.000
