time,n_A+p,n_B,n_AB
100,0.322,0.446,0.231
200,0.269,0.397,0.335
300,0.248,0.393,0.360
400,0.231,0.401,0.368
500,0.240,0.384,0.376
600,0.260,0.409,0.331
700,0.273,0.384,0.343
800,0.244,0.455,0.302
900,0.264,0.434,0.302
1000,0.260,0.409,0.331
1100,0.215,0.459,0.326
1200,0.182,0.434,0.384
1300,0.182,0.512,0.306
1400,0.140,0.554,0.306
1500,0.124,0.599,0.277
1600,0.099,0.640,0.260
1700,0.091,0.661,0.248
1800,0.095,0.686,0.219
1900,0.087,0.698,0.215
2000,0.091,0.707,0.202
2100,0.066,0.698,0.236
2200,0.079,0.727,0.194
2300,0.062,0.760,0.178
2400,0.050,0.802,0.149
2500,0.037,0.868,0.095
2600,0.017,0.876,0.107
2700,0.017,0.913,0.070
2800,0.012,0.950,0.037
2900,0.012,0.955,0.033
3000,0.012,0.950,0.037
3100,0.012,0.942,0.045
3200,0.008,0.955,0.037
3300,0.004,0.959,0.037
3400,0.004,0.979,0.017
3500,0.004,0.971,0.025
3600,0.000,0.988,0.012
3700,0.000,0.992,0.008
3800,0.000,1.000,0.000
