time,n_A+p,n_B,n_AB
100,0.030,0.963,0.007
200,0.030,0.951,0.020
300,0.030,0.946,0.024
400,0.030,0.939,0.031
500,0.030,0.941,0.029
600,0.030,0.946,0.024
700,0.030,0.948,0.023
800,0.030,0.930,0.041
900,0.030,0.930,0.040
1000,0.030,0.911,0.059
1100,0.030,0.902,0.069
1200,0.030,0.899,0.072
1300,0.030,0.867,0.103
1400,0.030,0.877,0.094
1500,0.030,0.854,0.116
1600,0.031,0.859,0.109
1700,0.030,0.823,0.147
1800,0.030,0.832,0.137
1900,0.030,0.828,0.142
2000,0.031,0.807,0.161
2100,0.033,0.788,0.179
2200,0.034,0.786,0.180
2300,0.036,0.776,0.188
2400,0.034,0.779,0.187
2500,0.034,0.749,0.218
2600,0.033,0.775,0.192
2700,0.032,0.774,0.194
2800,0.031,0.783,0.186
2900,0.031,0.785,0.183
3000,0.031,0.802,0.168
3100,0.032,0.796,0.172
3200,0.035,0.747,0.218
3300,0.035,0.772,0.193
3400,0.036,0.760,0.204
3500,0.035,0.780,0.185
3600,0.032,0.774,0.194
3700,0.033,0.758,0.210
3800,0.032,0.761,0.207
3900,0.031,0.796,0.173
4000,0.032,0.767,0.201
4100,0.032,0.772,0.196
4200,0.031,0.740,0.229
4300,0.032,0.664,0.304
4400,0.034,0.633,0.333
4500,0.035,0.685,0.280
4600,0.034,0.683,0.283
4700,0.034,0.679,0.287
4800,0.034,0.692,0.274
4900,0.034,0.678,0.288
5000,0.035,0.674,0.291
5100,0.035,0.666,0.299
5200,0.036,0.653,0.311
5300,0.036,0.677,0.288
5400,0.038,0.694,0.268
5500,0.036,0.694,0.270
5600,0.038,0.671,0.291
5700,0.038,0.634,0.327
5800,0.037,0.639,0.325
5900,0.036,0.601,0.363
6000,0.037,0.585,0.378
6100,0.040,0.594,0.367
6200,0.041,0.593,0.366
6300,0.040,0.598,0.361
6400,0.040,0.598,0.363
6500,0.039,0.598,0.363
6600,0.038,0.620,0.342
6700,0.040,0.608,0.353
6800,0.039,0.605,0.356
6900,0.038,0.560,0.402
7000,0.044,0.559,0.397
7100,0.044,0.562,0.395
7200,0.047,0.536,0.418
7300,0.044,0.564,0.392
7400,0.052,0.547,0.402
7500,0.050,0.531,0.419
7600,0.045,0.562,0.392
7700,0.044,0.583,0.373
7800,0.043,0.577,0.380
7900,0.042,0.589,0.368
8000,0.041,0.577,0.381
8100,0.041,0.573,0.386
8200,0.040,0.581,0.379
8300,0.040,0.580,0.380
8400,0.041,0.577,0.381
8500,0.046,0.555,0.399
8600,0.044,0.568,0.388
8700,0.041,0.603,0.356
8800,0.040,0.600,0.360
8900,0.037,0.583,0.380
9000,0.037,0.588,0.375
9100,0.037,0.579,0.384
9200,0.036,0.563,0.402
9300,0.034,0.558,0.408
9400,0.034,0.551,0.416
9500,0.032,0.575,0.393
9600,0.033,0.587,0.380
9700,0.035,0.577,0.388
9800,0.036,0.561,0.404
9900,0.034,0.558,0.407
10000,0.039,0.578,0.383
10100,0.037,0.565,0.398
10200,0.037,0.577,0.385
10300,0.036,0.564,0.400
10400,0.037,0.554,0.410
10500,0.036,0.562,0.402
10600,0.037,0.559,0.404
10700,0.037,0.569,0.394
10800,0.037,0.566,0.397
10900,0.040,0.565,0.395
11000,0.042,0.558,0.400
11100,0.045,0.556,0.398
11200,0.046,0.555,0.399
11300,0.045,0.568,0.387
11400,0.044,0.558,0.398
11500,0.042,0.512,0.446
11600,0.041,0.523,0.436
11700,0.041,0.517,0.442
11800,0.043,0.533,0.424
11900,0.042,0.533,0.425
12000,0.040,0.553,0.407
12100,0.038,0.566,0.396
12200,0.038,0.581,0.381
12300,0.037,0.568,0.395
12400,0.037,0.577,0.386
12500,0.037,0.595,0.368
12600,0.038,0.585,0.377
12700,0.039,0.567,0.394
12800,0.037,0.571,0.392
12900,0.038,0.594,0.367
13000,0.039,0.578,0.383
13100,0.038,0.588,0.374
13200,0.037,0.602,0.360
13300,0.037,0.571,0.392
13400,0.036,0.577,0.388
13500,0.038,0.549,0.413
13600,0.039,0.534,0.427
13700,0.038,0.529,0.434
13800,0.040,0.543,0.417
13900,0.040,0.540,0.420
14000,0.038,0.537,0.424
14100,0.038,0.526,0.436
14200,0.035,0.506,0.459
14300,0.038,0.501,0.461
14400,0.037,0.490,0.474
14500,0.037,0.477,0.486
14600,0.039,0.476,0.485
14700,0.040,0.505,0.455
14800,0.038,0.516,0.445
14900,0.040,0.533,0.427
15000,0.038,0.524,0.438
15100,0.041,0.530,0.429
15200,0.041,0.477,0.482
15300,0.047,0.452,0.502
15400,0.042,0.427,0.531
15500,0.042,0.452,0.506
15600,0.038,0.478,0.484
15700,0.040,0.485,0.475
15800,0.041,0.494,0.464
15900,0.042,0.468,0.490
16000,0.045,0.470,0.484
16100,0.045,0.483,0.473
16200,0.041,0.487,0.472
16300,0.043,0.505,0.452
16400,0.041,0.494,0.464
16500,0.040,0.496,0.464
16600,0.041,0.525,0.434
16700,0.040,0.510,0.450
16800,0.038,0.508,0.454
16900,0.038,0.543,0.419
17000,0.038,0.540,0.422
17100,0.036,0.533,0.432
17200,0.037,0.507,0.456
17300,0.041,0.522,0.437
17400,0.038,0.518,0.444
17500,0.042,0.496,0.462
17600,0.044,0.483,0.473
17700,0.044,0.489,0.467
17800,0.043,0.505,0.452
17900,0.045,0.483,0.472
18000,0.049,0.441,0.509
18100,0.051,0.430,0.519
18200,0.054,0.471,0.474
18300,0.052,0.458,0.490
18400,0.053,0.477,0.470
18500,0.047,0.502,0.451
18600,0.045,0.478,0.477
18700,0.043,0.481,0.476
18800,0.041,0.500,0.459
18900,0.041,0.489,0.470
19000,0.040,0.499,0.461
19100,0.042,0.516,0.442
19200,0.042,0.521,0.437
19300,0.040,0.540,0.420
19400,0.038,0.558,0.403
19500,0.043,0.538,0.419
19600,0.045,0.558,0.397
19700,0.042,0.524,0.434
19800,0.040,0.534,0.426
19900,0.038,0.543,0.419
20000,0.038,0.552,0.409
20100,0.038,0.561,0.401
20200,0.037,0.567,0.396
20300,0.040,0.574,0.386
20400,0.038,0.555,0.407
20500,0.043,0.586,0.371
20600,0.038,0.578,0.384
20700,0.037,0.584,0.380
20800,0.038,0.569,0.393
20900,0.038,0.596,0.366
21000,0.036,0.615,0.349
21100,0.035,0.602,0.363
21200,0.035,0.609,0.356
21300,0.035,0.630,0.335
21400,0.036,0.623,0.341
21500,0.038,0.602,0.360
21600,0.037,0.632,0.331
21700,0.037,0.623,0.340
21800,0.038,0.632,0.330
21900,0.037,0.636,0.327
22000,0.036,0.644,0.320
22100,0.036,0.657,0.307
22200,0.038,0.643,0.318
22300,0.038,0.627,0.334
22400,0.040,0.575,0.385
22500,0.038,0.581,0.380
22600,0.039,0.590,0.371
22700,0.038,0.548,0.413
22800,0.037,0.549,0.413
22900,0.037,0.608,0.355
23000,0.037,0.594,0.369
23100,0.036,0.610,0.354
23200,0.038,0.589,0.373
23300,0.042,0.566,0.392
23400,0.044,0.563,0.392
23500,0.044,0.580,0.377
23600,0.042,0.581,0.377
23700,0.040,0.548,0.412
23800,0.038,0.524,0.438
23900,0.040,0.516,0.444
24000,0.041,0.522,0.437
24100,0.041,0.523,0.435
24200,0.044,0.539,0.417
24300,0.042,0.534,0.424
24400,0.042,0.548,0.410
24500,0.041,0.563,0.396
24600,0.038,0.566,0.396
24700,0.038,0.574,0.388
24800,0.037,0.576,0.386
24900,0.037,0.577,0.385
25000,0.038,0.569,0.393
25100,0.035,0.580,0.385
25200,0.035,0.591,0.374
25300,0.038,0.577,0.385
25400,0.036,0.545,0.419
25500,0.036,0.556,0.409
25600,0.035,0.547,0.418
25700,0.034,0.538,0.428
25800,0.035,0.544,0.421
25900,0.036,0.557,0.407
26000,0.036,0.547,0.418
26100,0.035,0.566,0.399
26200,0.037,0.529,0.434
26300,0.040,0.500,0.460
26400,0.036,0.518,0.446
26500,0.036,0.526,0.438
26600,0.035,0.536,0.429
26700,0.034,0.550,0.416
26800,0.033,0.552,0.415
26900,0.035,0.581,0.384
27000,0.034,0.576,0.389
27100,0.034,0.583,0.383
27200,0.037,0.552,0.411
27300,0.037,0.545,0.418
27400,0.037,0.512,0.451
27500,0.037,0.520,0.442
27600,0.039,0.514,0.447
27700,0.038,0.529,0.433
27800,0.038,0.507,0.455
27900,0.045,0.520,0.435
28000,0.044,0.519,0.438
28100,0.040,0.515,0.445
28200,0.040,0.497,0.464
28300,0.039,0.512,0.449
28400,0.040,0.533,0.427
28500,0.040,0.505,0.455
28600,0.037,0.509,0.454
28700,0.036,0.530,0.434
28800,0.037,0.495,0.469
28900,0.037,0.534,0.428
29000,0.040,0.477,0.483
29100,0.038,0.490,0.472
29200,0.040,0.513,0.448
29300,0.038,0.499,0.462
29400,0.037,0.517,0.446
29500,0.036,0.522,0.442
29600,0.037,0.488,0.474
29700,0.037,0.518,0.445
29800,0.036,0.562,0.402
29900,0.036,0.569,0.395
30000,0.036,0.585,0.380
30100,0.036,0.584,0.380
30200,0.036,0.590,0.374
30300,0.035,0.611,0.354
30400,0.035,0.584,0.381
30500,0.036,0.583,0.381
30600,0.036,0.555,0.409
30700,0.038,0.535,0.427
30800,0.041,0.547,0.413
30900,0.042,0.545,0.413
31000,0.040,0.511,0.449
31100,0.040,0.504,0.456
31200,0.041,0.501,0.458
31300,0.039,0.508,0.453
31400,0.038,0.490,0.472
31500,0.043,0.471,0.485
31600,0.044,0.472,0.484
31700,0.042,0.485,0.473
31800,0.042,0.516,0.442
31900,0.044,0.532,0.424
32000,0.048,0.519,0.434
32100,0.049,0.520,0.431
32200,0.048,0.520,0.432
32300,0.046,0.542,0.412
32400,0.048,0.542,0.410
32500,0.046,0.540,0.414
32600,0.042,0.527,0.431
32700,0.043,0.520,0.437
32800,0.044,0.514,0.442
32900,0.042,0.523,0.435
33000,0.040,0.528,0.432
33100,0.040,0.555,0.406
33200,0.037,0.555,0.408
33300,0.042,0.529,0.429
33400,0.038,0.542,0.420
33500,0.037,0.544,0.419
33600,0.038,0.530,0.432
33700,0.042,0.502,0.455
33800,0.042,0.499,0.458
33900,0.041,0.497,0.463
34000,0.038,0.534,0.428
34100,0.038,0.545,0.417
34200,0.040,0.552,0.408
34300,0.038,0.559,0.403
34400,0.037,0.562,0.401
34500,0.036,0.549,0.416
34600,0.034,0.529,0.437
34700,0.035,0.542,0.423
34800,0.034,0.520,0.446
34900,0.038,0.536,0.426
35000,0.037,0.538,0.425
35100,0.036,0.513,0.451
35200,0.040,0.517,0.444
35300,0.040,0.490,0.470
35400,0.040,0.476,0.485
35500,0.041,0.468,0.491
35600,0.042,0.495,0.463
35700,0.042,0.503,0.455
35800,0.041,0.494,0.465
35900,0.042,0.497,0.461
36000,0.041,0.501,0.458
36100,0.041,0.484,0.475
36200,0.042,0.495,0.463
36300,0.045,0.463,0.492
36400,0.041,0.463,0.496
36500,0.044,0.499,0.458
36600,0.041,0.477,0.482
36700,0.047,0.474,0.479
36800,0.047,0.453,0.500
36900,0.048,0.464,0.488
37000,0.050,0.439,0.511
37100,0.049,0.471,0.480
37200,0.047,0.449,0.503
37300,0.049,0.426,0.524
37400,0.048,0.414,0.538
37500,0.047,0.434,0.519
37600,0.046,0.464,0.490
37700,0.045,0.442,0.513
37800,0.042,0.441,0.516
37900,0.042,0.471,0.487
38000,0.042,0.476,0.481
38100,0.042,0.457,0.501
38200,0.046,0.452,0.502
38300,0.048,0.440,0.512
38400,0.049,0.459,0.491
38500,0.048,0.477,0.475
38600,0.047,0.479,0.474
38700,0.048,0.505,0.447
38800,0.047,0.485,0.467
38900,0.041,0.507,0.452
39000,0.040,0.494,0.466
39100,0.040,0.515,0.445
39200,0.042,0.527,0.431
39300,0.042,0.531,0.427
39400,0.045,0.542,0.413
39500,0.045,0.545,0.410
39600,0.041,0.544,0.415
39700,0.040,0.536,0.424
39800,0.038,0.551,0.410
39900,0.039,0.563,0.398
40000,0.040,0.568,0.393
40100,0.038,0.561,0.400
40200,0.038,0.557,0.405
40300,0.041,0.541,0.418
40400,0.040,0.503,0.457
40500,0.041,0.491,0.468
40600,0.039,0.491,0.470
40700,0.039,0.494,0.467
40800,0.037,0.516,0.447
40900,0.036,0.523,0.441
41000,0.037,0.540,0.424
41100,0.038,0.549,0.413
41200,0.037,0.565,0.398
41300,0.037,0.566,0.398
41400,0.038,0.535,0.427
41500,0.037,0.541,0.421
41600,0.039,0.542,0.419
41700,0.040,0.565,0.396
41800,0.039,0.577,0.384
41900,0.038,0.555,0.407
42000,0.036,0.584,0.380
42100,0.036,0.606,0.359
42200,0.036,0.574,0.390
42300,0.036,0.567,0.398
42400,0.037,0.565,0.398
42500,0.038,0.565,0.398
42600,0.037,0.570,0.392
42700,0.036,0.590,0.375
42800,0.035,0.587,0.378
42900,0.036,0.558,0.406
43000,0.037,0.540,0.423
43100,0.040,0.518,0.442
43200,0.044,0.533,0.424
43300,0.048,0.530,0.423
43400,0.041,0.491,0.468
43500,0.037,0.485,0.478
43600,0.038,0.501,0.460
43700,0.041,0.502,0.458
43800,0.038,0.488,0.473
43900,0.040,0.477,0.484
44000,0.041,0.467,0.492
44100,0.041,0.476,0.483
44200,0.039,0.445,0.516
44300,0.040,0.441,0.519
44400,0.041,0.434,0.525
44500,0.045,0.467,0.488
44600,0.042,0.496,0.462
44700,0.043,0.522,0.435
44800,0.043,0.519,0.438
44900,0.044,0.523,0.434
45000,0.042,0.529,0.430
45100,0.038,0.545,0.416
45200,0.042,0.537,0.421
45300,0.040,0.533,0.427
45400,0.038,0.540,0.422
45500,0.038,0.549,0.413
45600,0.040,0.534,0.426
45700,0.038,0.517,0.445
45800,0.037,0.522,0.441
45900,0.039,0.539,0.422
46000,0.038,0.513,0.449
46100,0.040,0.529,0.431
46200,0.037,0.533,0.430
46300,0.040,0.514,0.446
46400,0.038,0.518,0.444
46500,0.039,0.552,0.409
46600,0.038,0.536,0.426
46700,0.038,0.560,0.402
46800,0.043,0.546,0.411
46900,0.043,0.524,0.432
47000,0.039,0.531,0.430
47100,0.039,0.544,0.417
47200,0.039,0.553,0.408
47300,0.037,0.562,0.402
47400,0.035,0.545,0.420
47500,0.036,0.526,0.438
47600,0.037,0.562,0.401
47700,0.037,0.558,0.405
47800,0.040,0.559,0.401
47900,0.037,0.563,0.400
48000,0.040,0.542,0.418
48100,0.038,0.548,0.413
48200,0.037,0.561,0.402
48300,0.035,0.564,0.401
48400,0.036,0.586,0.378
48500,0.037,0.570,0.393
48600,0.036,0.580,0.385
48700,0.036,0.586,0.378
48800,0.034,0.575,0.391
48900,0.036,0.600,0.365
49000,0.035,0.590,0.375
49100,0.034,0.595,0.370
49200,0.033,0.591,0.377
49300,0.033,0.620,0.347
49400,0.033,0.584,0.382
49500,0.033,0.548,0.420
49600,0.033,0.583,0.384
49700,0.034,0.584,0.382
49800,0.033,0.570,0.396
49900,0.036,0.579,0.385
50000,0.040,0.583,0.378
50100,0.036,0.573,0.391
50200,0.036,0.611,0.353
50300,0.036,0.605,0.360
50400,0.035,0.647,0.318
50500,0.037,0.622,0.341
50600,0.036,0.620,0.344
50700,0.037,0.627,0.336
50800,0.035,0.649,0.316
50900,0.035,0.638,0.327
51000,0.036,0.622,0.343
51100,0.033,0.628,0.339
51200,0.034,0.607,0.360
51300,0.034,0.577,0.389
51400,0.037,0.590,0.374
51500,0.035,0.586,0.379
51600,0.036,0.577,0.388
51700,0.034,0.584,0.381
51800,0.035,0.593,0.373
51900,0.034,0.601,0.364
52000,0.036,0.640,0.324
52100,0.034,0.651,0.315
52200,0.033,0.681,0.286
52300,0.033,0.670,0.297
52400,0.033,0.673,0.294
52500,0.033,0.679,0.288
52600,0.033,0.679,0.288
52700,0.033,0.668,0.299
52800,0.033,0.654,0.314
52900,0.034,0.648,0.318
53000,0.034,0.624,0.342
53100,0.033,0.605,0.361
53200,0.034,0.616,0.350
53300,0.033,0.647,0.320
53400,0.033,0.660,0.307
53500,0.033,0.666,0.301
53600,0.034,0.675,0.291
53700,0.036,0.665,0.300
53800,0.036,0.654,0.311
53900,0.034,0.677,0.289
54000,0.034,0.676,0.290
54100,0.035,0.682,0.283
54200,0.036,0.664,0.301
54300,0.038,0.630,0.332
54400,0.037,0.631,0.332
54500,0.038,0.625,0.338
54600,0.038,0.647,0.314
54700,0.037,0.654,0.309
54800,0.036,0.654,0.310
54900,0.036,0.633,0.332
55000,0.035,0.641,0.324
55100,0.039,0.675,0.286
55200,0.037,0.692,0.271
55300,0.039,0.672,0.289
55400,0.036,0.680,0.283
55500,0.036,0.678,0.286
55600,0.038,0.671,0.290
55700,0.038,0.683,0.279
55800,0.038,0.649,0.313
55900,0.036,0.651,0.313
56000,0.038,0.643,0.318
56100,0.038,0.616,0.346
56200,0.038,0.597,0.364
56300,0.037,0.629,0.335
56400,0.040,0.609,0.351
56500,0.042,0.604,0.354
56600,0.038,0.583,0.379
56700,0.036,0.570,0.395
56800,0.038,0.580,0.381
56900,0.038,0.579,0.383
57000,0.040,0.572,0.389
57100,0.037,0.566,0.396
57200,0.042,0.568,0.390
57300,0.042,0.567,0.391
57400,0.041,0.568,0.391
57500,0.041,0.544,0.416
57600,0.042,0.532,0.425
57700,0.044,0.553,0.403
57800,0.040,0.559,0.400
57900,0.040,0.541,0.419
58000,0.038,0.521,0.441
58100,0.040,0.514,0.446
58200,0.038,0.502,0.460
58300,0.039,0.500,0.461
58400,0.041,0.520,0.439
58500,0.038,0.509,0.452
58600,0.037,0.521,0.442
58700,0.036,0.513,0.451
58800,0.035,0.527,0.438
58900,0.034,0.555,0.411
59000,0.037,0.563,0.399
59100,0.037,0.573,0.391
59200,0.036,0.556,0.408
59300,0.036,0.579,0.385
59400,0.034,0.561,0.405
59500,0.034,0.558,0.407
59600,0.039,0.533,0.428
59700,0.040,0.495,0.465
59800,0.039,0.532,0.429
59900,0.038,0.545,0.416
60000,0.037,0.536,0.428
60100,0.036,0.547,0.417
60200,0.035,0.547,0.419
60300,0.036,0.545,0.420
60400,0.036,0.558,0.406
60500,0.037,0.557,0.406
60600,0.037,0.557,0.406
60700,0.034,0.573,0.392
60800,0.034,0.566,0.400
60900,0.033,0.559,0.408
61000,0.032,0.530,0.438
61100,0.033,0.524,0.442
61200,0.033,0.533,0.434
61300,0.034,0.505,0.460
61400,0.034,0.535,0.431
61500,0.035,0.571,0.394
61600,0.034,0.572,0.393
61700,0.035,0.566,0.399
61800,0.036,0.558,0.406
61900,0.036,0.569,0.395
62000,0.034,0.574,0.392
62100,0.036,0.594,0.371
62200,0.037,0.586,0.377
62300,0.037,0.577,0.386
62400,0.036,0.570,0.395
62500,0.034,0.579,0.387
62600,0.034,0.592,0.374
62700,0.036,0.572,0.392
62800,0.034,0.588,0.378
62900,0.033,0.569,0.399
63000,0.034,0.595,0.371
63100,0.036,0.573,0.391
63200,0.036,0.555,0.409
63300,0.037,0.560,0.403
63400,0.037,0.566,0.398
63500,0.038,0.563,0.399
63600,0.036,0.576,0.388
63700,0.037,0.553,0.410
63800,0.041,0.549,0.410
63900,0.038,0.548,0.414
64000,0.039,0.584,0.377
64100,0.038,0.559,0.403
64200,0.037,0.545,0.417
64300,0.038,0.546,0.416
64400,0.045,0.537,0.417
64500,0.045,0.560,0.395
64600,0.049,0.554,0.397
64700,0.047,0.543,0.410
64800,0.044,0.564,0.392
64900,0.048,0.545,0.407
65000,0.046,0.529,0.425
65100,0.043,0.510,0.447
65200,0.047,0.492,0.461
65300,0.049,0.489,0.462
65400,0.047,0.503,0.449
65500,0.041,0.508,0.452
65600,0.044,0.500,0.456
65700,0.049,0.513,0.438
65800,0.042,0.512,0.446
65900,0.046,0.505,0.449
66000,0.047,0.483,0.470
66100,0.061,0.493,0.446
66200,0.063,0.474,0.463
66300,0.052,0.471,0.477
66400,0.051,0.469,0.481
66500,0.045,0.460,0.495
66600,0.048,0.470,0.482
66700,0.048,0.477,0.475
66800,0.052,0.494,0.455
66900,0.050,0.505,0.445
67000,0.051,0.492,0.457
67100,0.054,0.479,0.467
67200,0.055,0.481,0.464
67300,0.047,0.482,0.471
67400,0.045,0.477,0.478
67500,0.042,0.501,0.456
67600,0.046,0.513,0.441
67700,0.053,0.536,0.411
67800,0.055,0.559,0.386
67900,0.051,0.527,0.421
68000,0.051,0.529,0.420
68100,0.048,0.551,0.401
68200,0.047,0.554,0.399
68300,0.045,0.547,0.408
68400,0.048,0.551,0.400
68500,0.047,0.568,0.385
68600,0.044,0.550,0.406
68700,0.043,0.564,0.393
68800,0.041,0.565,0.393
68900,0.042,0.561,0.396
69000,0.038,0.570,0.391
69100,0.036,0.581,0.382
69200,0.036,0.559,0.406
69300,0.035,0.594,0.371
69400,0.036,0.572,0.392
69500,0.037,0.594,0.370
69600,0.038,0.591,0.371
69700,0.042,0.586,0.372
69800,0.042,0.579,0.379
69900,0.038,0.572,0.391
70000,0.038,0.590,0.372
70100,0.037,0.611,0.352
70200,0.036,0.592,0.372
70300,0.038,0.612,0.350
70400,0.038,0.621,0.341
70500,0.038,0.627,0.335
70600,0.036,0.625,0.339
70700,0.034,0.579,0.387
70800,0.038,0.569,0.392
70900,0.038,0.577,0.384
71000,0.036,0.582,0.382
71100,0.036,0.562,0.402
71200,0.037,0.610,0.353
71300,0.038,0.596,0.366
71400,0.038,0.565,0.396
71500,0.040,0.546,0.414
71600,0.039,0.556,0.405
71700,0.038,0.587,0.375
71800,0.038,0.591,0.371
71900,0.037,0.579,0.384
72000,0.037,0.611,0.352
72100,0.036,0.563,0.400
72200,0.035,0.567,0.398
72300,0.036,0.576,0.388
72400,0.037,0.565,0.398
72500,0.037,0.579,0.384
72600,0.037,0.559,0.404
72700,0.037,0.562,0.401
72800,0.038,0.553,0.409
72900,0.038,0.543,0.419
73000,0.038,0.540,0.422
73100,0.039,0.530,0.431
73200,0.042,0.531,0.427
73300,0.041,0.508,0.451
73400,0.045,0.512,0.444
73500,0.045,0.492,0.462
73600,0.043,0.501,0.456
73700,0.047,0.529,0.424
73800,0.045,0.532,0.423
73900,0.047,0.578,0.375
74000,0.042,0.580,0.377
74100,0.042,0.554,0.404
74200,0.042,0.538,0.420
74300,0.046,0.530,0.424
74400,0.040,0.563,0.396
74500,0.044,0.568,0.388
74600,0.045,0.559,0.396
74700,0.048,0.540,0.413
74800,0.049,0.516,0.435
74900,0.045,0.492,0.462
75000,0.044,0.536,0.420
75100,0.042,0.544,0.413
75200,0.045,0.572,0.383
75300,0.045,0.545,0.410
75400,0.041,0.550,0.409
75500,0.042,0.521,0.437
75600,0.039,0.538,0.423
75700,0.040,0.566,0.394
75800,0.040,0.573,0.386
75900,0.042,0.574,0.384
76000,0.045,0.551,0.404
76100,0.041,0.565,0.394
76200,0.040,0.595,0.364
76300,0.040,0.551,0.409
76400,0.040,0.571,0.389
76500,0.038,0.566,0.396
76600,0.036,0.563,0.400
76700,0.036,0.605,0.359
76800,0.035,0.612,0.353
76900,0.036,0.593,0.371
77000,0.035,0.549,0.416
77100,0.034,0.555,0.410
77200,0.034,0.574,0.392
77300,0.036,0.569,0.395
77400,0.036,0.569,0.395
77500,0.036,0.558,0.407
77600,0.037,0.564,0.399
77700,0.037,0.563,0.400
77800,0.037,0.576,0.387
77900,0.041,0.593,0.366
78000,0.037,0.559,0.404
78100,0.037,0.567,0.396
78200,0.036,0.562,0.402
78300,0.037,0.575,0.389
78400,0.036,0.563,0.401
78500,0.037,0.581,0.382
78600,0.036,0.564,0.400
78700,0.034,0.549,0.416
78800,0.035,0.567,0.398
78900,0.035,0.579,0.386
79000,0.037,0.532,0.431
79100,0.042,0.522,0.436
79200,0.044,0.513,0.444
79300,0.044,0.501,0.456
79400,0.045,0.491,0.464
79500,0.045,0.497,0.458
79600,0.041,0.511,0.448
79700,0.045,0.517,0.438
79800,0.042,0.509,0.449
79900,0.046,0.510,0.444
80000,0.048,0.492,0.459
80100,0.044,0.505,0.452
80200,0.042,0.515,0.443
80300,0.041,0.498,0.461
80400,0.043,0.512,0.445
80500,0.042,0.483,0.474
80600,0.042,0.480,0.478
80700,0.045,0.497,0.458
80800,0.038,0.503,0.459
80900,0.038,0.517,0.444
81000,0.041,0.497,0.462
81100,0.043,0.495,0.462
81200,0.041,0.502,0.456
81300,0.042,0.486,0.471
81400,0.041,0.521,0.438
81500,0.039,0.503,0.458
81600,0.044,0.526,0.430
81700,0.048,0.503,0.448
81800,0.048,0.520,0.432
81900,0.047,0.527,0.426
82000,0.042,0.532,0.426
82100,0.041,0.540,0.419
82200,0.038,0.565,0.396
82300,0.040,0.579,0.381
82400,0.042,0.601,0.356
82500,0.042,0.594,0.363
82600,0.044,0.593,0.363
82700,0.043,0.581,0.375
82800,0.044,0.575,0.382
82900,0.042,0.589,0.368
83000,0.040,0.572,0.388
83100,0.038,0.586,0.377
83200,0.040,0.566,0.394
83300,0.038,0.582,0.380
83400,0.038,0.570,0.391
83500,0.037,0.586,0.377
83600,0.036,0.590,0.374
83700,0.035,0.595,0.370
83800,0.036,0.601,0.364
83900,0.036,0.580,0.384
84000,0.036,0.585,0.379
84100,0.037,0.601,0.363
84200,0.037,0.585,0.378
84300,0.036,0.561,0.403
84400,0.037,0.564,0.399
84500,0.036,0.544,0.420
84600,0.047,0.516,0.437
84700,0.046,0.533,0.421
84800,0.049,0.530,0.420
84900,0.050,0.532,0.418
85000,0.049,0.518,0.433
85100,0.048,0.536,0.416
85200,0.049,0.532,0.419
85300,0.048,0.551,0.400
85400,0.050,0.524,0.425
85500,0.047,0.519,0.435
85600,0.047,0.509,0.444
85700,0.047,0.529,0.425
85800,0.045,0.530,0.425
85900,0.041,0.531,0.428
86000,0.044,0.492,0.464
86100,0.045,0.521,0.434
86200,0.042,0.523,0.435
86300,0.042,0.520,0.438
86400,0.040,0.524,0.436
86500,0.041,0.508,0.451
86600,0.042,0.521,0.437
86700,0.040,0.562,0.398
86800,0.037,0.577,0.386
86900,0.036,0.592,0.372
87000,0.036,0.593,0.371
87100,0.038,0.583,0.379
87200,0.042,0.597,0.361
87300,0.047,0.598,0.356
87400,0.047,0.601,0.353
87500,0.047,0.540,0.413
87600,0.047,0.526,0.428
87700,0.048,0.541,0.411
87800,0.044,0.536,0.421
87900,0.045,0.532,0.423
88000,0.046,0.548,0.406
88100,0.039,0.539,0.422
88200,0.039,0.536,0.425
88300,0.041,0.542,0.417
88400,0.042,0.559,0.399
88500,0.046,0.554,0.400
88600,0.042,0.551,0.407
88700,0.039,0.556,0.405
88800,0.038,0.584,0.378
88900,0.037,0.541,0.422
89000,0.038,0.556,0.406
89100,0.040,0.553,0.407
89200,0.037,0.532,0.431
89300,0.041,0.531,0.428
89400,0.038,0.544,0.418
89500,0.040,0.547,0.414
89600,0.037,0.536,0.427
89700,0.041,0.540,0.420
89800,0.037,0.508,0.455
89900,0.044,0.478,0.477
90000,0.044,0.455,0.501
90100,0.043,0.480,0.477
90200,0.045,0.502,0.452
90300,0.045,0.509,0.446
90400,0.044,0.495,0.461
90500,0.053,0.478,0.469
90600,0.052,0.485,0.462
90700,0.049,0.471,0.480
90800,0.049,0.486,0.465
90900,0.044,0.498,0.458
91000,0.044,0.516,0.440
91100,0.047,0.530,0.423
91200,0.053,0.523,0.424
91300,0.055,0.500,0.445
91400,0.052,0.498,0.450
91500,0.047,0.469,0.484
91600,0.042,0.482,0.476
91700,0.046,0.513,0.441
91800,0.044,0.512,0.444
91900,0.044,0.481,0.475
92000,0.046,0.476,0.478
92100,0.044,0.473,0.483
92200,0.044,0.477,0.480
92300,0.044,0.483,0.474
92400,0.042,0.520,0.438
92500,0.042,0.512,0.446
92600,0.040,0.528,0.432
92700,0.041,0.516,0.444
92800,0.040,0.521,0.439
92900,0.040,0.552,0.408
93000,0.040,0.544,0.416
93100,0.038,0.544,0.418
93200,0.038,0.558,0.404
93300,0.037,0.544,0.419
93400,0.036,0.563,0.401
93500,0.037,0.547,0.416
93600,0.039,0.536,0.425
93700,0.040,0.520,0.440
93800,0.040,0.548,0.412
93900,0.038,0.549,0.412
94000,0.041,0.547,0.413
94100,0.040,0.580,0.380
94200,0.039,0.569,0.392
94300,0.036,0.584,0.380
94400,0.037,0.581,0.382
94500,0.038,0.552,0.410
94600,0.038,0.568,0.393
94700,0.040,0.552,0.408
94800,0.038,0.556,0.406
94900,0.042,0.545,0.413
95000,0.044,0.544,0.412
95100,0.044,0.555,0.401
95200,0.045,0.557,0.398
95300,0.043,0.532,0.425
95400,0.040,0.566,0.394
95500,0.038,0.555,0.406
95600,0.042,0.536,0.423
95700,0.045,0.517,0.437
95800,0.047,0.500,0.453
95900,0.044,0.511,0.445
96000,0.043,0.492,0.465
96100,0.043,0.494,0.463
96200,0.044,0.524,0.432
96300,0.043,0.542,0.415
96400,0.041,0.547,0.413
96500,0.045,0.560,0.395
96600,0.042,0.587,0.371
96700,0.040,0.601,0.359
96800,0.038,0.605,0.356
96900,0.037,0.584,0.380
97000,0.038,0.536,0.427
97100,0.037,0.528,0.435
97200,0.039,0.480,0.481
97300,0.039,0.517,0.444
97400,0.037,0.485,0.478
97500,0.036,0.523,0.442
97600,0.040,0.527,0.434
97700,0.039,0.544,0.417
97800,0.038,0.559,0.403
97900,0.038,0.569,0.393
98000,0.037,0.577,0.385
98100,0.036,0.593,0.372
98200,0.036,0.583,0.381
98300,0.037,0.590,0.374
98400,0.036,0.590,0.374
98500,0.035,0.553,0.412
98600,0.036,0.531,0.433
98700,0.042,0.500,0.458
98800,0.041,0.506,0.453
98900,0.044,0.520,0.437
99000,0.045,0.515,0.440
99100,0.045,0.519,0.436
99200,0.041,0.528,0.431
99300,0.041,0.519,0.440
99400,0.040,0.529,0.431
99500,0.044,0.519,0.437
99600,0.042,0.508,0.451
99700,0.044,0.488,0.468
99800,0.042,0.475,0.483
99900,0.042,0.464,0.494
100000,0.041,0.474,0.484
