time,n_A+p,n_B,n_AB
500,0.050,0.937,0.013
1000,0.050,0.914,0.036
1500,0.052,0.899,0.049
2000,0.053,0.880,0.067
2500,0.056,0.863,0.081
3000,0.056,0.862,0.082
3500,0.054,0.853,0.093
4000,0.055,0.847,0.098
4500,0.061,0.832,0.107
5000,0.070,0.834,0.096
5500,0.068,0.825,0.107
6000,0.069,0.796,0.135
6500,0.066,0.792,0.142
7000,0.068,0.778,0.154
7500,0.062,0.773,0.165
8000,0.068,0.761,0.171
8500,0.079,0.770,0.151
9000,0.077,0.754,0.169
9500,0.075,0.753,0.172
10000,0.080,0.763,0.157
10500,0.084,0.768,0.148
11000,0.074,0.767,0.159
11500,0.078,0.775,0.147
12000,0.076,0.773,0.151
12500,0.076,0.770,0.154
13000,0.078,0.766,0.156
13500,0.081,0.758,0.161
14000,0.087,0.743,0.170
14500,0.083,0.730,0.187
15000,0.079,0.736,0.185
15500,0.083,0.719,0.198
16000,0.089,0.725,0.186
16500,0.087,0.740,0.173
17000,0.091,0.744,0.165
17500,0.096,0.744,0.160
18000,0.090,0.741,0.169
18500,0.086,0.731,0.183
19000,0.100,0.716,0.184
19500,0.097,0.718,0.185
20000,0.091,0.738,0.171
20500,0.091,0.728,0.181
21000,0.090,0.732,0.178
21500,0.096,0.744,0.160
22000,0.085,0.725,0.190
22500,0.097,0.706,0.197
23000,0.092,0.697,0.211
23500,0.093,0.703,0.204
24000,0.089,0.714,0.197
24500,0.086,0.729,0.185
25000,0.086,0.738,0.176
25500,0.091,0.742,0.167
26000,0.088,0.736,0.176
26500,0.096,0.719,0.185
27000,0.094,0.719,0.187
27500,0.089,0.713,0.198
28000,0.081,0.704,0.215
28500,0.090,0.700,0.210
29000,0.086,0.708,0.206
29500,0.087,0.711,0.202
30000,0.091,0.722,0.187
30500,0.100,0.727,0.173
31000,0.086,0.722,0.192
31500,0.088,0.743,0.169
32000,0.091,0.744,0.165
32500,0.083,0.736,0.181
33000,0.079,0.736,0.185
33500,0.078,0.735,0.187
34000,0.082,0.740,0.178
34500,0.086,0.744,0.170
35000,0.085,0.748,0.167
35500,0.083,0.748,0.169
36000,0.079,0.757,0.164
36500,0.076,0.756,0.168
37000,0.075,0.784,0.141
37500,0.077,0.783,0.140
38000,0.065,0.789,0.146
38500,0.068,0.778,0.154
39000,0.075,0.778,0.147
39500,0.074,0.775,0.151
40000,0.070,0.770,0.160
40500,0.073,0.776,0.151
41000,0.072,0.763,0.165
41500,0.078,0.768,0.154
42000,0.074,0.758,0.168
42500,0.089,0.739,0.172
43000,0.080,0.750,0.170
43500,0.078,0.749,0.173
44000,0.071,0.737,0.192
44500,0.084,0.730,0.186
45000,0.083,0.742,0.175
45500,0.080,0.741,0.179
46000,0.085,0.758,0.157
46500,0.093,0.757,0.150
47000,0.083,0.765,0.152
47500,0.082,0.753,0.165
48000,0.087,0.741,0.172
48500,0.092,0.729,0.179
49000,0.088,0.721,0.191
49500,0.084,0.722,0.194
50000,0.089,0.728,0.183
50500,0.084,0.715,0.201
51000,0.087,0.714,0.199
51500,0.081,0.703,0.216
52000,0.091,0.701,0.208
52500,0.096,0.699,0.205
53000,0.102,0.699,0.199
53500,0.109,0.685,0.206
54000,0.112,0.683,0.205
54500,0.104,0.678,0.218
55000,0.104,0.675,0.221
55500,0.111,0.675,0.214
56000,0.112,0.671,0.217
56500,0.119,0.675,0.206
57000,0.119,0.659,0.222
57500,0.127,0.660,0.213
58000,0.119,0.637,0.244
58500,0.126,0.626,0.248
59000,0.116,0.656,0.228
59500,0.110,0.662,0.228
60000,0.109,0.692,0.199
60500,0.103,0.688,0.209
61000,0.104,0.674,0.222
61500,0.107,0.660,0.233
62000,0.112,0.670,0.218
62500,0.106,0.660,0.234
63000,0.116,0.665,0.219
63500,0.107,0.657,0.236
64000,0.106,0.662,0.232
64500,0.104,0.652,0.244
65000,0.112,0.652,0.236
65500,0.110,0.667,0.223
66000,0.106,0.676,0.218
66500,0.105,0.650,0.245
67000,0.107,0.654,0.239
67500,0.106,0.659,0.235
68000,0.107,0.647,0.246
68500,0.115,0.634,0.251
69000,0.111,0.645,0.244
69500,0.119,0.641,0.240
70000,0.113,0.656,0.231
70500,0.114,0.645,0.241
71000,0.122,0.649,0.229
71500,0.123,0.628,0.249
72000,0.132,0.616,0.252
72500,0.140,0.604,0.256
73000,0.134,0.608,0.258
73500,0.132,0.629,0.239
74000,0.140,0.624,0.236
74500,0.128,0.627,0.245
75000,0.113,0.608,0.279
75500,0.123,0.623,0.254
76000,0.132,0.608,0.260
76500,0.146,0.604,0.250
77000,0.142,0.620,0.238
77500,0.140,0.617,0.243
78000,0.140,0.606,0.254
78500,0.142,0.599,0.259
79000,0.149,0.596,0.255
79500,0.148,0.589,0.263
80000,0.151,0.594,0.255
80500,0.150,0.623,0.227
81000,0.150,0.614,0.236
81500,0.154,0.606,0.240
82000,0.156,0.595,0.249
82500,0.154,0.575,0.271
83000,0.143,0.581,0.276
83500,0.137,0.578,0.285
84000,0.143,0.581,0.276
84500,0.149,0.585,0.266
85000,0.156,0.551,0.293
85500,0.159,0.558,0.283
86000,0.175,0.583,0.242
86500,0.157,0.589,0.254
87000,0.139,0.592,0.269
87500,0.143,0.600,0.257
88000,0.130,0.604,0.266
88500,0.136,0.618,0.246
89000,0.132,0.622,0.246
89500,0.131,0.634,0.235
90000,0.126,0.615,0.259
90500,0.120,0.614,0.266
91000,0.127,0.622,0.251
91500,0.124,0.624,0.252
92000,0.123,0.639,0.238
92500,0.135,0.639,0.226
93000,0.135,0.638,0.227
93500,0.137,0.634,0.229
94000,0.124,0.620,0.256
94500,0.126,0.631,0.243
95000,0.124,0.660,0.216
95500,0.122,0.662,0.216
96000,0.115,0.664,0.221
96500,0.115,0.679,0.206
97000,0.110,0.691,0.199
97500,0.106,0.695,0.199
98000,0.100,0.695,0.205
98500,0.094,0.701,0.205
99000,0.093,0.697,0.210
99500,0.091,0.701,0.208
100000,0.092,0.710,0.198
100500,0.098,0.720,0.182
101000,0.099,0.702,0.199
101500,0.096,0.700,0.204
102000,0.097,0.686,0.217
102500,0.098,0.682,0.220
103000,0.098,0.669,0.233
103500,0.109,0.682,0.209
104000,0.103,0.669,0.228
104500,0.101,0.661,0.238
105000,0.106,0.656,0.238
105500,0.106,0.667,0.227
106000,0.095,0.681,0.224
106500,0.107,0.677,0.216
107000,0.109,0.676,0.215
107500,0.116,0.655,0.229
108000,0.110,0.663,0.227
108500,0.102,0.670,0.228
109000,0.114,0.675,0.211
109500,0.108,0.660,0.232
110000,0.127,0.663,0.210
110500,0.122,0.648,0.230
111000,0.112,0.648,0.240
111500,0.120,0.635,0.245
112000,0.114,0.647,0.239
112500,0.104,0.665,0.231
113000,0.101,0.663,0.236
113500,0.108,0.683,0.209
114000,0.110,0.695,0.195
114500,0.103,0.668,0.229
115000,0.120,0.665,0.215
115500,0.110,0.680,0.210
116000,0.103,0.670,0.227
116500,0.108,0.663,0.229
117000,0.103,0.666,0.231
117500,0.102,0.681,0.217
118000,0.089,0.699,0.212
118500,0.098,0.676,0.226
119000,0.110,0.670,0.220
119500,0.105,0.670,0.225
120000,0.107,0.677,0.216
120500,0.114,0.688,0.198
121000,0.109,0.682,0.209
121500,0.093,0.689,0.218
122000,0.093,0.698,0.209
122500,0.094,0.695,0.211
123000,0.099,0.712,0.189
123500,0.097,0.690,0.213
124000,0.102,0.706,0.192
124500,0.107,0.687,0.206
125000,0.095,0.694,0.211
125500,0.110,0.676,0.214
126000,0.102,0.673,0.225
126500,0.118,0.652,0.230
127000,0.113,0.652,0.235
127500,0.116,0.643,0.241
128000,0.112,0.666,0.222
128500,0.100,0.657,0.243
129000,0.105,0.644,0.251
129500,0.101,0.650,0.249
130000,0.108,0.652,0.240
130500,0.108,0.652,0.240
131000,0.101,0.643,0.256
131500,0.100,0.643,0.257
132000,0.100,0.652,0.248
132500,0.107,0.659,0.234
133000,0.116,0.639,0.245
133500,0.106,0.626,0.268
134000,0.112,0.636,0.252
134500,0.121,0.637,0.242
135000,0.126,0.639,0.235
135500,0.131,0.650,0.219
136000,0.121,0.646,0.233
136500,0.122,0.638,0.240
137000,0.124,0.654,0.222
137500,0.118,0.637,0.245
138000,0.120,0.638,0.242
138500,0.119,0.643,0.238
139000,0.118,0.633,0.249
139500,0.128,0.646,0.226
140000,0.130,0.630,0.240
140500,0.120,0.631,0.249
141000,0.122,0.641,0.237
141500,0.121,0.645,0.234
142000,0.125,0.625,0.250
142500,0.117,0.636,0.247
143000,0.112,0.635,0.253
143500,0.114,0.619,0.267
144000,0.132,0.617,0.251
144500,0.144,0.612,0.244
145000,0.150,0.604,0.246
145500,0.143,0.594,0.263
146000,0.144,0.590,0.266
146500,0.155,0.581,0.264
147000,0.167,0.575,0.258
147500,0.162,0.578,0.260
148000,0.161,0.580,0.259
148500,0.165,0.584,0.251
149000,0.151,0.569,0.280
149500,0.130,0.588,0.282
150000,0.131,0.602,0.267
150500,0.146,0.582,0.272
151000,0.161,0.595,0.244
151500,0.153,0.609,0.238
152000,0.143,0.607,0.250
152500,0.134,0.613,0.253
153000,0.156,0.602,0.242
153500,0.155,0.614,0.231
154000,0.145,0.624,0.231
154500,0.141,0.608,0.251
155000,0.141,0.598,0.261
155500,0.143,0.608,0.249
156000,0.134,0.589,0.277
156500,0.146,0.587,0.267
157000,0.166,0.581,0.253
157500,0.162,0.570,0.268
158000,0.147,0.591,0.262
158500,0.145,0.594,0.261
159000,0.143,0.604,0.253
159500,0.140,0.596,0.264
160000,0.144,0.594,0.262
160500,0.156,0.577,0.267
161000,0.169,0.575,0.256
161500,0.170,0.553,0.277
162000,0.164,0.554,0.282
162500,0.158,0.571,0.271
163000,0.157,0.577,0.266
163500,0.157,0.569,0.274
164000,0.146,0.567,0.287
164500,0.160,0.549,0.291
165000,0.169,0.561,0.270
165500,0.163,0.554,0.283
166000,0.158,0.554,0.288
166500,0.168,0.554,0.278
167000,0.166,0.543,0.291
167500,0.176,0.548,0.276
168000,0.181,0.535,0.284
168500,0.181,0.510,0.309
169000,0.172,0.507,0.321
169500,0.171,0.517,0.312
170000,0.162,0.531,0.307
170500,0.151,0.538,0.311
171000,0.156,0.544,0.300
171500,0.157,0.550,0.293
172000,0.173,0.551,0.276
172500,0.168,0.540,0.292
173000,0.174,0.539,0.287
173500,0.181,0.549,0.270
174000,0.183,0.541,0.276
174500,0.172,0.520,0.308
175000,0.182,0.506,0.312
175500,0.187,0.513,0.300
176000,0.193,0.502,0.305
176500,0.173,0.521,0.306
177000,0.183,0.524,0.293
177500,0.180,0.534,0.286
178000,0.183,0.545,0.272
178500,0.173,0.553,0.274
179000,0.166,0.562,0.272
179500,0.159,0.544,0.297
180000,0.176,0.543,0.281
180500,0.161,0.535,0.304
181000,0.152,0.544,0.304
181500,0.150,0.567,0.283
182000,0.157,0.560,0.283
182500,0.163,0.549,0.288
183000,0.154,0.567,0.279
183500,0.145,0.566,0.289
184000,0.154,0.580,0.266
184500,0.154,0.613,0.233
185000,0.151,0.620,0.229
185500,0.145,0.628,0.227
186000,0.144,0.610,0.246
186500,0.155,0.581,0.264
187000,0.145,0.592,0.263
187500,0.142,0.597,0.261
188000,0.133,0.601,0.266
188500,0.132,0.614,0.254
189000,0.132,0.631,0.237
189500,0.137,0.627,0.236
190000,0.131,0.615,0.254
190500,0.131,0.634,0.235
191000,0.112,0.636,0.252
191500,0.114,0.660,0.226
192000,0.116,0.656,0.228
192500,0.121,0.643,0.236
193000,0.123,0.622,0.255
193500,0.132,0.595,0.273
194000,0.124,0.607,0.269
194500,0.129,0.615,0.256
195000,0.133,0.603,0.264
195500,0.148,0.585,0.267
196000,0.134,0.606,0.260
196500,0.136,0.589,0.275
197000,0.138,0.565,0.297
197500,0.137,0.563,0.300
198000,0.156,0.576,0.268
198500,0.160,0.573,0.267
199000,0.168,0.569,0.263
199500,0.164,0.552,0.284
200000,0.164,0.547,0.289
200500,0.155,0.556,0.289
201000,0.170,0.567,0.263
201500,0.159,0.583,0.258
202000,0.158,0.598,0.244
202500,0.154,0.600,0.246
203000,0.147,0.580,0.273
203500,0.141,0.597,0.262
204000,0.143,0.593,0.264
204500,0.144,0.589,0.267
205000,0.144,0.574,0.282
205500,0.135,0.589,0.276
206000,0.152,0.579,0.269
206500,0.163,0.562,0.275
207000,0.159,0.567,0.274
207500,0.154,0.574,0.272
208000,0.159,0.575,0.266
208500,0.151,0.575,0.274
209000,0.142,0.595,0.263
209500,0.145,0.596,0.259
210000,0.151,0.566,0.283
210500,0.143,0.586,0.271
211000,0.126,0.579,0.295
211500,0.127,0.574,0.299
212000,0.136,0.569,0.295
212500,0.145,0.583,0.272
213000,0.144,0.577,0.279
213500,0.153,0.580,0.267
214000,0.143,0.569,0.288
214500,0.141,0.586,0.273
215000,0.132,0.578,0.290
215500,0.137,0.578,0.285
216000,0.150,0.590,0.260
216500,0.164,0.564,0.272
217000,0.159,0.545,0.296
217500,0.148,0.546,0.306
218000,0.158,0.560,0.282
218500,0.161,0.566,0.273
219000,0.157,0.562,0.281
219500,0.167,0.559,0.274
220000,0.176,0.561,0.263
220500,0.177,0.549,0.274
221000,0.182,0.540,0.278
221500,0.187,0.522,0.291
222000,0.195,0.520,0.285
222500,0.205,0.526,0.269
223000,0.193,0.533,0.274
223500,0.190,0.525,0.285
224000,0.181,0.519,0.300
224500,0.186,0.524,0.290
225000,0.170,0.536,0.294
225500,0.167,0.541,0.292
226000,0.177,0.508,0.315
226500,0.179,0.512,0.309
227000,0.164,0.544,0.292
227500,0.171,0.538,0.291
228000,0.177,0.527,0.296
228500,0.178,0.518,0.304
229000,0.185,0.523,0.292
229500,0.197,0.516,0.287
230000,0.207,0.489,0.304
230500,0.195,0.498,0.307
231000,0.185,0.510,0.305
231500,0.185,0.510,0.305
232000,0.167,0.505,0.328
232500,0.181,0.516,0.303
233000,0.173,0.526,0.301
233500,0.178,0.533,0.289
234000,0.187,0.535,0.278
234500,0.180,0.529,0.291
235000,0.187,0.512,0.301
235500,0.197,0.513,0.290
236000,0.186,0.518,0.296
236500,0.196,0.516,0.288
237000,0.193,0.486,0.321
237500,0.196,0.496,0.308
238000,0.203,0.501,0.296
238500,0.214,0.490,0.296
239000,0.222,0.486,0.292
239500,0.223,0.482,0.295
240000,0.223,0.467,0.310
240500,0.222,0.448,0.330
241000,0.220,0.447,0.333
241500,0.232,0.449,0.319
242000,0.244,0.453,0.303
242500,0.237,0.460,0.303
243000,0.230,0.468,0.302
243500,0.235,0.461,0.304
244000,0.232,0.472,0.296
244500,0.227,0.473,0.300
245000,0.211,0.487,0.302
245500,0.213,0.471,0.316
246000,0.216,0.479,0.305
246500,0.217,0.489,0.294
247000,0.199,0.503,0.298
247500,0.191,0.517,0.292
248000,0.184,0.528,0.288
248500,0.193,0.514,0.293
249000,0.184,0.522,0.294
249500,0.186,0.512,0.302
250000,0.185,0.520,0.295
250500,0.170,0.529,0.301
251000,0.171,0.536,0.293
251500,0.183,0.543,0.274
252000,0.178,0.544,0.278
252500,0.171,0.540,0.289
253000,0.181,0.525,0.294
253500,0.179,0.524,0.297
254000,0.179,0.523,0.298
254500,0.179,0.523,0.298
255000,0.188,0.509,0.303
255500,0.203,0.503,0.294
256000,0.179,0.522,0.299
256500,0.185,0.542,0.273
257000,0.189,0.544,0.267
257500,0.194,0.522,0.284
258000,0.210,0.515,0.275
258500,0.187,0.533,0.280
259000,0.174,0.550,0.276
259500,0.182,0.542,0.276
260000,0.182,0.532,0.286
260500,0.172,0.521,0.307
261000,0.171,0.537,0.292
261500,0.178,0.555,0.267
262000,0.178,0.556,0.266
262500,0.172,0.540,0.288
263000,0.180,0.524,0.296
263500,0.167,0.531,0.302
264000,0.171,0.538,0.291
264500,0.179,0.554,0.267
265000,0.166,0.560,0.274
265500,0.151,0.572,0.277
266000,0.146,0.595,0.259
266500,0.143,0.587,0.270
267000,0.150,0.590,0.260
267500,0.155,0.599,0.246
268000,0.157,0.593,0.250
268500,0.149,0.593,0.258
269000,0.142,0.605,0.253
269500,0.134,0.611,0.255
270000,0.129,0.601,0.270
270500,0.141,0.620,0.239
271000,0.135,0.621,0.244
271500,0.130,0.630,0.240
272000,0.136,0.610,0.254
272500,0.150,0.598,0.252
273000,0.149,0.600,0.251
273500,0.152,0.595,0.253
274000,0.144,0.582,0.274
274500,0.146,0.572,0.282
275000,0.134,0.573,0.293
275500,0.146,0.596,0.258
276000,0.146,0.598,0.256
276500,0.146,0.618,0.236
277000,0.143,0.623,0.234
277500,0.139,0.605,0.256
278000,0.137,0.600,0.263
278500,0.143,0.610,0.247
279000,0.140,0.625,0.235
279500,0.127,0.623,0.250
280000,0.115,0.626,0.259
280500,0.127,0.618,0.255
281000,0.137,0.613,0.250
281500,0.147,0.592,0.261
282000,0.139,0.605,0.256
282500,0.128,0.599,0.273
283000,0.121,0.615,0.264
283500,0.134,0.609,0.257
284000,0.138,0.620,0.242
284500,0.142,0.620,0.238
285000,0.141,0.639,0.220
285500,0.125,0.647,0.228
286000,0.125,0.631,0.244
286500,0.125,0.643,0.232
287000,0.126,0.654,0.220
287500,0.125,0.643,0.232
288000,0.124,0.636,0.240
288500,0.120,0.662,0.218
289000,0.114,0.656,0.230
289500,0.108,0.685,0.207
290000,0.112,0.695,0.193
290500,0.104,0.699,0.197
291000,0.096,0.693,0.211
291500,0.099,0.683,0.218
292000,0.101,0.691,0.208
292500,0.103,0.678,0.219
293000,0.097,0.680,0.223
293500,0.110,0.687,0.203
294000,0.122,0.660,0.218
294500,0.121,0.649,0.230
295000,0.116,0.652,0.232
295500,0.122,0.640,0.238
296000,0.118,0.645,0.237
296500,0.110,0.656,0.234
297000,0.111,0.654,0.235
297500,0.115,0.650,0.235
298000,0.124,0.658,0.218
298500,0.122,0.652,0.226
299000,0.131,0.645,0.224
299500,0.131,0.629,0.240
300000,0.120,0.633,0.247
300500,0.123,0.644,0.233
301000,0.125,0.630,0.245
301500,0.120,0.621,0.259
302000,0.126,0.596,0.278
302500,0.135,0.598,0.267
303000,0.137,0.599,0.264
303500,0.147,0.576,0.277
304000,0.149,0.573,0.278
304500,0.145,0.557,0.298
305000,0.139,0.546,0.315
305500,0.160,0.550,0.290
306000,0.163,0.572,0.265
306500,0.149,0.560,0.291
307000,0.154,0.566,0.280
307500,0.164,0.564,0.272
308000,0.149,0.562,0.289
308500,0.143,0.576,0.281
309000,0.134,0.573,0.293
309500,0.153,0.573,0.274
310000,0.166,0.556,0.278
310500,0.165,0.565,0.270
311000,0.159,0.573,0.268
311500,0.165,0.575,0.260
312000,0.156,0.581,0.263
312500,0.153,0.583,0.264
313000,0.138,0.564,0.298
313500,0.145,0.594,0.261
314000,0.140,0.604,0.256
314500,0.133,0.597,0.270
315000,0.134,0.618,0.248
315500,0.131,0.622,0.247
316000,0.134,0.619,0.247
316500,0.143,0.613,0.244
317000,0.146,0.595,0.259
317500,0.140,0.587,0.273
318000,0.148,0.580,0.272
318500,0.150,0.589,0.261
319000,0.143,0.599,0.258
319500,0.123,0.610,0.267
320000,0.128,0.631,0.241
320500,0.134,0.631,0.235
321000,0.131,0.641,0.228
321500,0.126,0.632,0.242
322000,0.104,0.656,0.240
322500,0.118,0.654,0.228
323000,0.107,0.669,0.224
323500,0.091,0.694,0.215
324000,0.102,0.673,0.225
324500,0.104,0.660,0.236
325000,0.117,0.648,0.235
325500,0.115,0.622,0.263
326000,0.128,0.619,0.253
326500,0.133,0.617,0.250
327000,0.134,0.607,0.259
327500,0.126,0.617,0.257
328000,0.120,0.624,0.256
328500,0.127,0.617,0.256
329000,0.118,0.626,0.256
329500,0.117,0.621,0.262
330000,0.126,0.641,0.233
330500,0.129,0.638,0.233
331000,0.128,0.639,0.233
331500,0.118,0.650,0.232
332000,0.128,0.638,0.234
332500,0.127,0.652,0.221
333000,0.109,0.654,0.237
333500,0.116,0.642,0.242
334000,0.108,0.655,0.237
334500,0.100,0.657,0.243
335000,0.113,0.650,0.237
335500,0.105,0.645,0.250
336000,0.124,0.662,0.214
336500,0.117,0.645,0.238
337000,0.128,0.646,0.226
337500,0.120,0.648,0.232
338000,0.112,0.668,0.220
338500,0.109,0.661,0.230
339000,0.099,0.675,0.226
339500,0.094,0.678,0.228
340000,0.088,0.706,0.206
340500,0.097,0.703,0.200
341000,0.099,0.707,0.194
341500,0.106,0.701,0.193
342000,0.104,0.686,0.210
342500,0.102,0.688,0.210
343000,0.097,0.688,0.215
343500,0.106,0.688,0.206
344000,0.114,0.672,0.214
344500,0.105,0.668,0.227
345000,0.109,0.664,0.227
345500,0.098,0.686,0.216
346000,0.106,0.668,0.226
346500,0.108,0.660,0.232
347000,0.109,0.645,0.246
347500,0.108,0.667,0.225
348000,0.113,0.657,0.230
348500,0.106,0.651,0.243
349000,0.121,0.654,0.225
349500,0.129,0.655,0.216
350000,0.114,0.656,0.230
350500,0.115,0.657,0.228
351000,0.105,0.663,0.232
351500,0.124,0.644,0.232
352000,0.119,0.644,0.237
352500,0.119,0.654,0.227
353000,0.124,0.654,0.222
353500,0.123,0.658,0.219
354000,0.113,0.677,0.210
354500,0.099,0.686,0.215
355000,0.103,0.678,0.219
355500,0.103,0.674,0.223
356000,0.104,0.665,0.231
356500,0.100,0.681,0.219
357000,0.101,0.688,0.211
357500,0.099,0.683,0.218
358000,0.097,0.695,0.208
358500,0.096,0.697,0.207
359000,0.088,0.686,0.226
359500,0.088,0.684,0.228
360000,0.092,0.687,0.221
360500,0.098,0.682,0.220
361000,0.095,0.675,0.230
361500,0.098,0.684,0.218
362000,0.098,0.684,0.218
362500,0.092,0.681,0.227
363000,0.100,0.690,0.210
363500,0.104,0.682,0.214
364000,0.106,0.677,0.217
364500,0.113,0.679,0.208
365000,0.107,0.691,0.202
365500,0.105,0.698,0.197
366000,0.090,0.686,0.224
366500,0.092,0.694,0.214
367000,0.096,0.698,0.206
367500,0.102,0.698,0.200
368000,0.105,0.687,0.208
368500,0.098,0.679,0.223
369000,0.100,0.663,0.237
369500,0.103,0.671,0.226
370000,0.105,0.693,0.202
370500,0.098,0.710,0.192
371000,0.093,0.707,0.200
371500,0.098,0.693,0.209
372000,0.088,0.692,0.220
372500,0.087,0.714,0.199
373000,0.094,0.708,0.198
373500,0.094,0.704,0.202
374000,0.097,0.701,0.202
374500,0.094,0.705,0.201
375000,0.094,0.701,0.205
375500,0.096,0.694,0.210
376000,0.099,0.677,0.224
376500,0.100,0.675,0.225
377000,0.105,0.686,0.209
377500,0.114,0.662,0.224
378000,0.098,0.658,0.244
378500,0.100,0.673,0.227
379000,0.103,0.702,0.195
379500,0.099,0.714,0.187
380000,0.096,0.729,0.175
380500,0.099,0.716,0.185
381000,0.091,0.732,0.177
381500,0.096,0.712,0.192
382000,0.101,0.704,0.195
382500,0.090,0.701,0.209
383000,0.095,0.704,0.201
383500,0.093,0.713,0.194
384000,0.096,0.715,0.189
384500,0.100,0.724,0.176
385000,0.107,0.710,0.183
385500,0.101,0.689,0.210
386000,0.101,0.697,0.202
386500,0.101,0.705,0.194
387000,0.091,0.732,0.177
387500,0.087,0.719,0.194
388000,0.090,0.725,0.185
388500,0.084,0.723,0.193
389000,0.082,0.726,0.192
389500,0.085,0.724,0.191
390000,0.090,0.724,0.186
390500,0.083,0.722,0.195
391000,0.088,0.726,0.186
391500,0.088,0.726,0.186
392000,0.080,0.751,0.169
392500,0.082,0.752,0.166
393000,0.086,0.728,0.186
393500,0.075,0.727,0.198
394000,0.080,0.724,0.196
394500,0.089,0.736,0.175
395000,0.087,0.710,0.203
395500,0.088,0.729,0.183
396000,0.083,0.739,0.178
396500,0.093,0.736,0.171
397000,0.087,0.730,0.183
397500,0.090,0.724,0.186
398000,0.100,0.704,0.196
398500,0.098,0.699,0.203
399000,0.088,0.705,0.207
399500,0.088,0.703,0.209
400000,0.091,0.711,0.198
400500,0.087,0.731,0.182
401000,0.088,0.745,0.167
401500,0.089,0.742,0.169
402000,0.083,0.727,0.190
402500,0.083,0.731,0.186
403000,0.084,0.729,0.187
403500,0.083,0.729,0.188
404000,0.080,0.727,0.193
404500,0.089,0.706,0.205
405000,0.087,0.716,0.197
405500,0.101,0.712,0.187
406000,0.105,0.696,0.199
406500,0.108,0.685,0.207
407000,0.103,0.688,0.209
407500,0.106,0.673,0.221
408000,0.104,0.681,0.215
408500,0.095,0.692,0.213
409000,0.099,0.681,0.220
409500,0.101,0.663,0.236
410000,0.101,0.667,0.232
410500,0.104,0.677,0.219
411000,0.105,0.680,0.215
411500,0.112,0.652,0.236
412000,0.109,0.668,0.223
412500,0.104,0.677,0.219
413000,0.104,0.684,0.212
413500,0.100,0.712,0.188
414000,0.094,0.717,0.189
414500,0.105,0.695,0.200
415000,0.112,0.673,0.215
415500,0.122,0.656,0.222
416000,0.115,0.653,0.232
416500,0.107,0.651,0.242
417000,0.107,0.646,0.247
417500,0.096,0.632,0.272
418000,0.105,0.643,0.252
418500,0.108,0.637,0.255
419000,0.113,0.654,0.233
419500,0.129,0.646,0.225
420000,0.128,0.634,0.238
420500,0.126,0.650,0.224
421000,0.136,0.635,0.229
421500,0.133,0.639,0.228
422000,0.126,0.620,0.254
422500,0.125,0.625,0.250
423000,0.126,0.626,0.248
423500,0.119,0.615,0.266
424000,0.126,0.644,0.230
424500,0.130,0.632,0.238
425000,0.127,0.599,0.274
425500,0.123,0.596,0.281
426000,0.136,0.612,0.252
426500,0.132,0.598,0.270
427000,0.137,0.604,0.259
427500,0.135,0.621,0.244
428000,0.122,0.609,0.269
428500,0.121,0.612,0.267
429000,0.121,0.628,0.251
429500,0.122,0.628,0.250
430000,0.133,0.638,0.229
430500,0.138,0.648,0.214
431000,0.137,0.650,0.213
431500,0.121,0.646,0.233
432000,0.122,0.647,0.231
432500,0.115,0.646,0.239
433000,0.110,0.648,0.242
433500,0.120,0.655,0.225
434000,0.119,0.654,0.227
434500,0.123,0.645,0.232
435000,0.131,0.652,0.217
435500,0.123,0.657,0.220
436000,0.117,0.669,0.214
436500,0.123,0.653,0.224
437000,0.123,0.655,0.222
437500,0.119,0.641,0.240
438000,0.122,0.636,0.242
438500,0.114,0.652,0.234
439000,0.113,0.663,0.224
439500,0.110,0.646,0.244
440000,0.108,0.663,0.229
440500,0.105,0.666,0.229
441000,0.100,0.673,0.227
441500,0.100,0.688,0.212
442000,0.100,0.680,0.220
442500,0.108,0.680,0.212
443000,0.109,0.682,0.209
443500,0.105,0.680,0.215
444000,0.110,0.675,0.215
444500,0.105,0.672,0.223
445000,0.108,0.661,0.231
445500,0.111,0.665,0.224
446000,0.121,0.666,0.213
446500,0.127,0.632,0.241
447000,0.116,0.652,0.232
447500,0.113,0.658,0.229
448000,0.125,0.658,0.217
448500,0.122,0.670,0.208
449000,0.124,0.659,0.217
449500,0.121,0.654,0.225
450000,0.111,0.657,0.232
450500,0.107,0.670,0.223
451000,0.107,0.676,0.217
451500,0.106,0.691,0.203
452000,0.114,0.686,0.200
452500,0.107,0.668,0.225
453000,0.107,0.659,0.234
453500,0.111,0.654,0.235
454000,0.113,0.697,0.190
454500,0.108,0.680,0.212
455000,0.103,0.670,0.227
455500,0.104,0.666,0.230
456000,0.100,0.677,0.223
456500,0.093,0.687,0.220
457000,0.096,0.673,0.231
457500,0.107,0.682,0.211
458000,0.104,0.681,0.215
458500,0.106,0.672,0.222
459000,0.099,0.697,0.204
459500,0.099,0.693,0.208
460000,0.089,0.703,0.208
460500,0.098,0.698,0.204
461000,0.101,0.691,0.208
461500,0.103,0.700,0.197
462000,0.099,0.694,0.207
462500,0.096,0.700,0.204
463000,0.111,0.683,0.206
463500,0.106,0.678,0.216
464000,0.106,0.692,0.202
464500,0.102,0.688,0.210
465000,0.096,0.680,0.224
465500,0.098,0.682,0.220
466000,0.101,0.678,0.221
466500,0.103,0.682,0.215
467000,0.106,0.676,0.218
467500,0.109,0.666,0.225
468000,0.101,0.662,0.237
468500,0.103,0.653,0.244
469000,0.105,0.653,0.242
469500,0.098,0.650,0.252
470000,0.103,0.643,0.254
470500,0.114,0.643,0.243
471000,0.118,0.631,0.251
471500,0.118,0.639,0.243
472000,0.113,0.640,0.247
472500,0.124,0.657,0.219
473000,0.111,0.651,0.238
473500,0.109,0.645,0.246
474000,0.109,0.647,0.244
474500,0.127,0.621,0.252
475000,0.136,0.620,0.244
475500,0.125,0.613,0.262
476000,0.124,0.619,0.257
476500,0.121,0.638,0.241
477000,0.127,0.617,0.256
477500,0.122,0.617,0.261
478000,0.121,0.615,0.264
478500,0.122,0.621,0.257
479000,0.127,0.600,0.273
479500,0.139,0.608,0.253
480000,0.138,0.603,0.259
480500,0.131,0.589,0.280
481000,0.140,0.588,0.272
481500,0.145,0.606,0.249
482000,0.145,0.601,0.254
482500,0.148,0.583,0.269
483000,0.141,0.591,0.268
483500,0.129,0.609,0.262
484000,0.144,0.610,0.246
484500,0.145,0.609,0.246
485000,0.139,0.596,0.265
485500,0.145,0.608,0.247
486000,0.149,0.605,0.246
486500,0.147,0.598,0.255
487000,0.162,0.579,0.259
487500,0.149,0.600,0.251
488000,0.149,0.597,0.254
488500,0.147,0.593,0.260
489000,0.140,0.593,0.267
489500,0.147,0.583,0.270
490000,0.154,0.592,0.254
490500,0.154,0.602,0.244
491000,0.147,0.602,0.251
491500,0.145,0.607,0.248
492000,0.137,0.616,0.247
492500,0.128,0.621,0.251
493000,0.134,0.629,0.237
493500,0.129,0.639,0.232
494000,0.131,0.623,0.246
494500,0.134,0.621,0.245
495000,0.128,0.607,0.265
495500,0.123,0.621,0.256
496000,0.121,0.631,0.248
496500,0.113,0.646,0.241
497000,0.116,0.659,0.225
497500,0.112,0.654,0.234
498000,0.102,0.667,0.231
498500,0.096,0.685,0.219
499000,0.098,0.694,0.208
499500,0.104,0.684,0.212
500000,0.102,0.663,0.235
500500,0.103,0.670,0.227
501000,0.109,0.677,0.214
501500,0.110,0.679,0.211
502000,0.098,0.708,0.194
502500,0.094,0.690,0.216
503000,0.092,0.688,0.220
503500,0.088,0.684,0.228
504000,0.101,0.692,0.207
504500,0.101,0.713,0.186
505000,0.094,0.716,0.190
505500,0.082,0.716,0.202
506000,0.083,0.723,0.194
506500,0.081,0.731,0.188
507000,0.082,0.711,0.207
507500,0.081,0.716,0.203
508000,0.079,0.723,0.198
508500,0.076,0.733,0.191
509000,0.089,0.727,0.184
509500,0.085,0.731,0.184
510000,0.085,0.731,0.184
510500,0.085,0.744,0.171
511000,0.083,0.748,0.169
511500,0.082,0.756,0.162
512000,0.074,0.769,0.157
512500,0.077,0.754,0.169
513000,0.073,0.741,0.186
513500,0.078,0.725,0.197
514000,0.090,0.737,0.173
514500,0.092,0.730,0.178
515000,0.092,0.747,0.161
515500,0.090,0.761,0.149
516000,0.092,0.762,0.146
516500,0.089,0.749,0.162
517000,0.095,0.748,0.157
517500,0.086,0.733,0.181
518000,0.092,0.721,0.187
518500,0.101,0.725,0.174
519000,0.108,0.704,0.188
519500,0.101,0.717,0.182
520000,0.105,0.704,0.191
520500,0.101,0.688,0.211
521000,0.098,0.685,0.217
521500,0.105,0.673,0.222
522000,0.113,0.674,0.213
522500,0.122,0.656,0.222
523000,0.137,0.640,0.223
523500,0.138,0.634,0.228
524000,0.126,0.617,0.257
524500,0.130,0.618,0.252
525000,0.123,0.605,0.272
525500,0.128,0.613,0.259
526000,0.126,0.619,0.255
526500,0.125,0.643,0.232
527000,0.115,0.628,0.257
527500,0.128,0.626,0.246
528000,0.125,0.632,0.243
528500,0.126,0.614,0.260
529000,0.126,0.601,0.273
529500,0.136,0.620,0.244
530000,0.137,0.617,0.246
530500,0.139,0.636,0.225
531000,0.145,0.628,0.227
531500,0.133,0.597,0.270
532000,0.135,0.587,0.278
532500,0.142,0.573,0.285
533000,0.145,0.586,0.269
533500,0.156,0.587,0.257
534000,0.156,0.587,0.257
534500,0.159,0.583,0.258
535000,0.151,0.576,0.273
535500,0.151,0.581,0.268
536000,0.154,0.582,0.264
536500,0.157,0.564,0.279
537000,0.148,0.565,0.287
537500,0.148,0.559,0.293
538000,0.165,0.561,0.274
538500,0.172,0.567,0.261
539000,0.160,0.570,0.270
539500,0.163,0.566,0.271
540000,0.156,0.578,0.266
540500,0.153,0.589,0.258
541000,0.152,0.594,0.254
541500,0.150,0.609,0.241
542000,0.154,0.595,0.251
542500,0.154,0.591,0.255
543000,0.134,0.594,0.272
543500,0.141,0.591,0.268
544000,0.151,0.581,0.268
544500,0.138,0.605,0.257
545000,0.137,0.628,0.235
545500,0.139,0.628,0.233
546000,0.133,0.624,0.243
546500,0.137,0.613,0.250
547000,0.126,0.606,0.268
547500,0.115,0.621,0.264
548000,0.118,0.638,0.244
548500,0.101,0.657,0.242
549000,0.105,0.681,0.214
549500,0.105,0.688,0.207
550000,0.112,0.682,0.206
550500,0.111,0.681,0.208
551000,0.110,0.684,0.206
551500,0.109,0.681,0.210
552000,0.111,0.682,0.207
552500,0.112,0.697,0.191
553000,0.102,0.683,0.215
553500,0.111,0.662,0.227
554000,0.109,0.672,0.219
554500,0.110,0.684,0.206
555000,0.102,0.681,0.217
555500,0.106,0.677,0.217
556000,0.110,0.657,0.233
556500,0.116,0.649,0.235
557000,0.110,0.655,0.235
557500,0.117,0.655,0.228
558000,0.110,0.648,0.242
558500,0.104,0.649,0.247
559000,0.100,0.633,0.267
559500,0.110,0.660,0.230
560000,0.106,0.661,0.233
560500,0.105,0.662,0.233
561000,0.114,0.661,0.225
561500,0.116,0.643,0.241
562000,0.120,0.621,0.259
562500,0.133,0.628,0.239
563000,0.124,0.638,0.238
563500,0.118,0.619,0.263
564000,0.118,0.602,0.280
564500,0.129,0.586,0.285
565000,0.124,0.582,0.294
565500,0.131,0.597,0.272
566000,0.151,0.577,0.272
566500,0.156,0.572,0.272
567000,0.152,0.565,0.283
567500,0.153,0.602,0.245
568000,0.151,0.580,0.269
568500,0.164,0.565,0.271
569000,0.169,0.557,0.274
569500,0.171,0.536,0.293
570000,0.167,0.521,0.312
570500,0.189,0.511,0.300
571000,0.197,0.508,0.295
571500,0.205,0.510,0.285
572000,0.183,0.501,0.316
572500,0.180,0.495,0.325
573000,0.181,0.515,0.304
573500,0.193,0.500,0.307
574000,0.207,0.483,0.310
574500,0.210,0.476,0.314
575000,0.217,0.467,0.316
575500,0.230,0.467,0.303
576000,0.218,0.464,0.318
576500,0.232,0.436,0.332
577000,0.232,0.441,0.327
577500,0.233,0.458,0.309
578000,0.226,0.448,0.326
578500,0.229,0.440,0.331
579000,0.245,0.420,0.335
579500,0.249,0.404,0.347
580000,0.251,0.383,0.366
580500,0.278,0.378,0.344
581000,0.287,0.382,0.331
581500,0.287,0.414,0.299
582000,0.284,0.403,0.313
582500,0.269,0.399,0.332
583000,0.272,0.372,0.356
583500,0.267,0.374,0.359
584000,0.270,0.369,0.361
584500,0.282,0.352,0.366
585000,0.309,0.329,0.362
585500,0.295,0.344,0.361
586000,0.292,0.331,0.377
586500,0.301,0.318,0.381
587000,0.334,0.327,0.339
587500,0.345,0.318,0.337
588000,0.359,0.293,0.348
588500,0.357,0.300,0.343
589000,0.355,0.311,0.334
589500,0.367,0.275,0.358
590000,0.389,0.274,0.337
590500,0.377,0.285,0.338
591000,0.365,0.295,0.340
591500,0.377,0.275,0.348
592000,0.377,0.263,0.360
592500,0.378,0.270,0.352
593000,0.374,0.250,0.376
593500,0.395,0.253,0.352
594000,0.419,0.252,0.329
594500,0.401,0.260,0.339
595000,0.413,0.258,0.329
595500,0.407,0.270,0.323
596000,0.393,0.258,0.349
596500,0.390,0.245,0.365
597000,0.414,0.240,0.346
597500,0.417,0.241,0.342
598000,0.434,0.243,0.323
598500,0.430,0.226,0.344
599000,0.430,0.245,0.325
599500,0.421,0.237,0.342
600000,0.435,0.227,0.338
600500,0.460,0.220,0.320
601000,0.455,0.193,0.352
601500,0.479,0.192,0.329
602000,0.504,0.177,0.319
602500,0.527,0.174,0.299
603000,0.559,0.154,0.287
603500,0.563,0.138,0.299
604000,0.578,0.133,0.289
604500,0.583,0.131,0.286
605000,0.600,0.121,0.279
605500,0.601,0.112,0.287
606000,0.633,0.106,0.261
606500,0.657,0.106,0.237
607000,0.680,0.085,0.235
607500,0.693,0.075,0.232
608000,0.718,0.067,0.215
608500,0.720,0.068,0.212
609000,0.733,0.056,0.211
609500,0.757,0.047,0.196
610000,0.789,0.044,0.167
610500,0.815,0.035,0.150
611000,0.831,0.032,0.137
611500,0.830,0.025,0.145
612000,0.840,0.020,0.140
612500,0.860,0.016,0.124
613000,0.874,0.012,0.114
613500,0.885,0.010,0.105
614000,0.908,0.006,0.086
614500,0.906,0.011,0.083
615000,0.921,0.007,0.072
615500,0.921,0.009,0.070
616000,0.925,0.008,0.067
616500,0.927,0.002,0.071
617000,0.942,0.002,0.056
617500,0.950,0.002,0.048
618000,0.965,0.003,0.032
618500,0.973,0.003,0.024
619000,0.971,0.004,0.025
619500,0.978,0.002,0.020
620000,0.975,0.002,0.023
620500,0.982,0.002,0.016
621000,0.982,0.002,0.016
621500,0.984,0.001,0.015
622000,0.985,0.001,0.014
622500,0.991,0.000,0.009
623000,0.992,0.000,0.008
623500,0.994,0.000,0.006
624000,0.996,0.000,0.004
624500,0.997,0.000,0.003
625000,0.998,0.000,0.002
625500,0.999,0.000,0.001
626000,1.000,0.000,0.000
