time,n_A+p,n_B,n_AB
100,0.388,0.471,0.141
200,0.370,0.419,0.211
300,0.370,0.404,0.226
400,0.364,0.379,0.257
500,0.361,0.318,0.321
600,0.364,0.297,0.339
700,0.410,0.303,0.287
800,0.404,0.300,0.297
900,0.385,0.312,0.303
1000,0.367,0.318,0.315
1100,0.404,0.275,0.321
1200,0.431,0.266,0.303
1300,0.437,0.257,0.306
1400,0.456,0.214,0.330
1500,0.462,0.223,0.315
1600,0.468,0.211,0.321
1700,0.450,0.232,0.318
1800,0.468,0.220,0.312
1900,0.498,0.202,0.300
2000,0.517,0.171,0.312
2100,0.498,0.171,0.330
2200,0.465,0.180,0.355
2300,0.492,0.150,0.358
2400,0.502,0.153,0.346
2500,0.511,0.156,0.333
2600,0.492,0.168,0.339
2700,0.535,0.156,0.309
2800,0.544,0.144,0.312
2900,0.544,0.144,0.312
3000,0.569,0.141,0.291
3100,0.557,0.162,0.281
3200,0.541,0.141,0.318
3300,0.544,0.168,0.287
3400,0.560,0.168,0.272
3500,0.547,0.177,0.275
3600,0.575,0.159,0.266
3700,0.526,0.159,0.315
3800,0.547,0.150,0.303
3900,0.563,0.119,0.318
4000,0.572,0.138,0.291
4100,0.569,0.141,0.291
4200,0.587,0.141,0.272
4300,0.578,0.138,0.284
4400,0.599,0.147,0.254
4500,0.599,0.135,0.266
4600,0.618,0.113,0.269
4700,0.648,0.095,0.257
4800,0.645,0.089,0.266
4900,0.639,0.089,0.272
5000,0.615,0.101,0.284
5100,0.596,0.092,0.312
5200,0.572,0.080,0.349
5300,0.572,0.086,0.343
5400,0.581,0.104,0.315
5500,0.572,0.122,0.306
5600,0.566,0.122,0.312
5700,0.578,0.119,0.303
5800,0.587,0.138,0.275
5900,0.593,0.135,0.272
6000,0.599,0.122,0.278
6100,0.627,0.119,0.254
6200,0.685,0.104,0.211
6300,0.661,0.089,0.251
6400,0.636,0.119,0.245
6500,0.664,0.089,0.248
6600,0.673,0.083,0.245
6700,0.697,0.080,0.223
6800,0.703,0.089,0.208
6900,0.645,0.092,0.263
7000,0.645,0.089,0.266
7100,0.633,0.104,0.263
7200,0.621,0.125,0.254
7300,0.584,0.119,0.297
7400,0.606,0.128,0.266
7500,0.602,0.147,0.251
7600,0.618,0.144,0.239
7700,0.633,0.122,0.245
7800,0.609,0.107,0.284
7900,0.639,0.104,0.257
8000,0.670,0.080,0.251
8100,0.706,0.061,0.232
8200,0.713,0.055,0.232
8300,0.737,0.086,0.177
8400,0.746,0.080,0.174
8500,0.743,0.067,0.190
8600,0.734,0.083,0.183
8700,0.737,0.049,0.214
8800,0.749,0.046,0.205
8900,0.752,0.073,0.174
9000,0.774,0.076,0.150
9100,0.771,0.073,0.156
9200,0.777,0.061,0.162
9300,0.755,0.049,0.196
9400,0.783,0.034,0.183
9500,0.786,0.031,0.183
9600,0.807,0.018,0.174
9700,0.826,0.021,0.153
9800,0.826,0.015,0.159
9900,0.823,0.024,0.153
10000,0.817,0.031,0.153
10100,0.820,0.031,0.150
10200,0.835,0.015,0.150
10300,0.832,0.018,0.150
10400,0.841,0.015,0.144
10500,0.862,0.012,0.125
10600,0.844,0.021,0.135
10700,0.850,0.018,0.131
10800,0.865,0.012,0.122
10900,0.878,0.009,0.113
11000,0.875,0.006,0.119
11100,0.884,0.006,0.110
11200,0.875,0.012,0.113
11300,0.878,0.009,0.113
11400,0.896,0.009,0.095
11500,0.917,0.006,0.076
11600,0.914,0.006,0.080
11700,0.924,0.003,0.073
11800,0.902,0.003,0.095
11900,0.902,0.003,0.095
12000,0.905,0.009,0.086
12100,0.917,0.009,0.073
12200,0.927,0.006,0.067
12300,0.945,0.006,0.049
12400,0.954,0.006,0.040
12500,0.963,0.006,0.031
12600,0.957,0.006,0.037
12700,0.966,0.006,0.028
12800,0.972,0.006,0.021
12900,0.969,0.006,0.024
13000,0.969,0.006,0.024
13100,0.963,0.018,0.018
13200,0.972,0.009,0.018
13300,0.976,0.003,0.021
13400,0.972,0.003,0.024
13500,0.972,0.003,0.024
13600,0.976,0.003,0.021
13700,0.966,0.003,0.031
13800,0.954,0.003,0.043
13900,0.954,0.003,0.043
14000,0.957,0.003,0.040
14100,0.966,0.000,0.034
14200,0.972,0.000,0.028
14300,0.976,0.000,0.024
14400,0.982,0.000,0.018
14500,0.988,0.000,0.012
14600,0.988,0.000,0.012
14700,0.991,0.000,0.009
14800,0.991,0.000,0.009
14900,0.991,0.000,0.009
15000,0.991,0.000,0.009
15100,0.991,0.000,0.009
15200,0.988,0.000,0.012
15300,0.988,0.000,0.012
15400,0.988,0.000,0.012
15500,0.991,0.000,0.009
15600,0.985,0.000,0.015
15700,0.982,0.000,0.018
15800,0.988,0.000,0.012
15900,0.982,0.000,0.018
16000,0.988,0.000,0.012
16100,0.988,0.000,0.012
16200,0.994,0.000,0.006
16300,0.997,0.000,0.003
16400,0.997,0.000,0.003
16500,0.997,0.000,0.003
16600,0.997,0.000,0.003
16700,0.997,0.000,0.003
16800,0.997,0.000,0.003
16900,0.997,0.000,0.003
17000,0.997,0.000,0.003
17100,0.997,0.000,0.003
17200,0.997,0.000,0.003
17300,0.997,0.000,0.003
17400,0.997,0.000,0.003
17500,0.997,0.000,0.003
17600,0.997,0.000,0.003
17700,0.997,0.000,0.003
17800,0.997,0.000,0.003
17900,0.997,0.000,0.003
18000,0.997,0.000,0.003
18100,0.997,0.000,0.003
18200,0.997,0.000,0.003
18300,0.997,0.000,0.003
18400,0.997,0.000,0.003
18500,0.997,0.000,0.003
18600,0.997,0.000,0.003
18700,0.991,0.000,0.009
18800,0.991,0.000,0.009
18900,0.988,0.000,0.012
19000,0.988,0.000,0.012
19100,0.979,0.000,0.021
19200,0.972,0.006,0.021
19300,0.991,0.006,0.003
19400,0.994,0.000,0.006
19500,0.997,0.000,0.003
19600,0.997,0.000,0.003
19700,0.997,0.000,0.003
19800,0.997,0.000,0.003
19900,0.997,0.000,0.003
20000,0.997,0.000,0.003
20100,1.000,0.000,0.000
