time,n_A+p,n_B,n_AB
500,0.080,0.526,0.394
1000,0.087,0.215,0.698
1500,0.100,0.256,0.644
2000,0.207,0.108,0.685
2500,0.424,0.012,0.564
3000,0.678,0.000,0.322
3500,0.716,0.000,0.284
4000,0.751,0.000,0.249
4500,0.810,0.000,0.190
5000,0.891,0.000,0.109
5500,0.918,0.000,0.082
6000,0.923,0.000,0.077
6500,0.947,0.000,0.053
7000,0.928,0.000,0.072
7500,0.950,0.000,0.050
8000,0.935,0.000,0.065
8500,0.925,0.000,0.075
9000,0.934,0.000,0.066
9500,0.975,0.000,0.025
10000,0.985,0.000,0.015
10500,0.992,0.000,0.008
11000,0.967,0.000,0.033
11500,0.977,0.000,0.023
12000,0.980,0.000,0.020
12500,0.998,0.000,0.002
13000,0.999,0.000,0.001
13500,1.000,0.000,0.000
