time,n_A+p,n_B,n_AB
500,0.050,0.029,0.921
1000,0.076,0.000,0.924
1500,0.093,0.000,0.907
2000,0.054,0.000,0.946
2500,0.075,0.000,0.925
3000,0.051,0.020,0.929
3500,0.060,0.000,0.940
4000,0.071,0.006,0.923
4500,0.054,0.000,0.946
5000,0.055,0.000,0.945
5500,0.062,0.000,0.938
6000,0.104,0.000,0.896
6500,0.064,0.000,0.936
7000,0.078,0.008,0.914
7500,0.067,0.001,0.932
8000,0.091,0.000,0.909
8500,0.089,0.000,0.911
9000,0.052,0.000,0.948
9500,0.082,0.001,0.917
10000,0.057,0.003,0.940
10500,0.092,0.009,0.899
11000,0.050,0.000,0.950
11500,0.050,0.026,0.924
12000,0.059,0.000,0.941
12500,0.051,0.000,0.949
13000,0.050,0.000,0.950
13500,0.104,0.000,0.896
14000,0.082,0.000,0.918
14500,0.055,0.000,0.945
15000,0.055,0.022,0.923
15500,0.056,0.002,0.942
16000,0.098,0.000,0.902
16500,0.054,0.000,0.946
17000,0.099,0.000,0.901
17500,0.076,0.000,0.924
18000,0.059,0.000,0.941
18500,0.053,0.000,0.947
19000,0.074,0.016,0.910
19500,0.071,0.000,0.929
20000,0.093,0.000,0.907
20500,0.071,0.000,0.929
21000,0.050,0.002,0.948
21500,0.100,0.005,0.895
22000,0.063,0.000,0.937
22500,0.057,0.000,0.943
23000,0.050,0.000,0.950
23500,0.050,0.000,0.950
24000,0.072,0.000,0.928
24500,0.050,0.005,0.945
25000,0.058,0.000,0.942
25500,0.059,0.000,0.941
26000,0.061,0.000,0.939
26500,0.054,0.000,0.946
27000,0.068,0.016,0.916
27500,0.066,0.000,0.934
28000,0.077,0.000,0.923
28500,0.058,0.000,0.942
29000,0.080,0.000,0.920
29500,0.059,0.001,0.940
30000,0.053,0.000,0.947
30500,0.063,0.000,0.937
31000,0.070,0.000,0.930
31500,0.050,0.000,0.950
32000,0.051,0.000,0.949
32500,0.066,0.000,0.934
33000,0.096,0.000,0.904
33500,0.057,0.000,0.943
34000,0.080,0.000,0.920
34500,0.071,0.032,0.897
35000,0.094,0.010,0.896
35500,0.061,0.000,0.939
36000,0.056,0.008,0.936
36500,0.108,0.000,0.892
37000,0.066,0.027,0.907
37500,0.095,0.000,0.905
38000,0.073,0.000,0.927
38500,0.052,0.000,0.948
39000,0.061,0.004,0.935
39500,0.113,0.001,0.886
40000,0.064,0.000,0.936
40500,0.057,0.006,0.937
41000,0.061,0.000,0.939
41500,0.095,0.000,0.905
42000,0.077,0.000,0.923
42500,0.052,0.000,0.948
43000,0.055,0.000,0.945
43500,0.093,0.000,0.907
44000,0.052,0.018,0.930
44500,0.050,0.001,0.949
45000,0.060,0.000,0.940
45500,0.051,0.000,0.949
46000,0.061,0.000,0.939
46500,0.067,0.000,0.933
47000,0.089,0.000,0.911
47500,0.051,0.001,0.948
48000,0.078,0.000,0.922
48500,0.056,0.000,0.944
49000,0.053,0.000,0.947
49500,0.067,0.000,0.933
50000,0.051,0.022,0.927
50500,0.059,0.000,0.941
51000,0.094,0.000,0.906
51500,0.071,0.000,0.929
52000,0.050,0.008,0.942
52500,0.064,0.000,0.936
53000,0.063,0.000,0.937
53500,0.056,0.000,0.944
54000,0.097,0.000,0.903
54500,0.062,0.000,0.938
55000,0.073,0.000,0.927
55500,0.051,0.000,0.949
56000,0.079,0.000,0.921
56500,0.053,0.000,0.947
57000,0.073,0.000,0.927
57500,0.058,0.000,0.942
58000,0.072,0.000,0.928
58500,0.060,0.000,0.940
59000,0.062,0.000,0.938
59500,0.066,0.000,0.934
60000,0.089,0.002,0.909
60500,0.084,0.000,0.916
61000,0.078,0.000,0.922
61500,0.077,0.001,0.922
62000,0.051,0.010,0.939
62500,0.070,0.024,0.906
63000,0.097,0.000,0.903
63500,0.052,0.009,0.939
64000,0.057,0.001,0.942
64500,0.075,0.002,0.923
65000,0.092,0.009,0.899
65500,0.096,0.000,0.904
66000,0.052,0.044,0.904
66500,0.061,0.000,0.939
67000,0.087,0.000,0.913
67500,0.074,0.000,0.926
68000,0.050,0.000,0.950
68500,0.064,0.000,0.936
69000,0.050,0.002,0.948
69500,0.050,0.002,0.948
70000,0.065,0.000,0.935
70500,0.061,0.000,0.939
71000,0.060,0.000,0.940
71500,0.055,0.000,0.945
72000,0.068,0.000,0.932
72500,0.050,0.002,0.948
73000,0.061,0.000,0.939
73500,0.088,0.027,0.885
74000,0.050,0.000,0.950
74500,0.051,0.000,0.949
75000,0.062,0.000,0.938
75500,0.061,0.000,0.939
76000,0.053,0.004,0.943
76500,0.061,0.000,0.939
77000,0.051,0.000,0.949
77500,0.058,0.000,0.942
78000,0.072,0.000,0.928
78500,0.061,0.000,0.939
79000,0.055,0.000,0.945
79500,0.080,0.000,0.920
80000,0.076,0.000,0.924
80500,0.082,0.000,0.918
81000,0.140,0.000,0.860
81500,0.051,0.000,0.949
82000,0.059,0.000,0.941
82500,0.081,0.001,0.918
83000,0.050,0.003,0.947
83500,0.082,0.001,0.917
84000,0.067,0.000,0.933
84500,0.067,0.000,0.933
85000,0.081,0.000,0.919
85500,0.052,0.000,0.948
86000,0.071,0.009,0.920
86500,0.094,0.001,0.905
87000,0.058,0.000,0.942
87500,0.058,0.001,0.941
88000,0.057,0.000,0.943
88500,0.050,0.005,0.945
89000,0.065,0.000,0.935
89500,0.082,0.000,0.918
90000,0.069,0.000,0.931
90500,0.050,0.000,0.950
91000,0.066,0.000,0.934
91500,0.055,0.024,0.921
92000,0.081,0.024,0.895
92500,0.084,0.006,0.910
93000,0.053,0.017,0.930
93500,0.056,0.010,0.934
94000,0.051,0.000,0.949
94500,0.051,0.001,0.948
95000,0.087,0.000,0.913
95500,0.056,0.013,0.931
96000,0.075,0.000,0.925
96500,0.058,0.000,0.942
97000,0.070,0.000,0.930
97500,0.117,0.000,0.883
98000,0.051,0.009,0.940
98500,0.133,0.000,0.867
99000,0.068,0.005,0.927
99500,0.068,0.000,0.932
100000,0.058,0.000,0.942
100500,0.050,0.000,0.950
101000,0.053,0.000,0.947
101500,0.072,0.001,0.927
102000,0.078,0.000,0.922
102500,0.072,0.000,0.928
103000,0.055,0.000,0.945
103500,0.090,0.000,0.910
104000,0.069,0.000,0.931
104500,0.068,0.004,0.928
105000,0.059,0.000,0.941
105500,0.050,0.033,0.917
106000,0.079,0.000,0.921
106500,0.050,0.000,0.950
107000,0.067,0.000,0.933
107500,0.080,0.000,0.920
108000,0.064,0.000,0.936
108500,0.055,0.000,0.945
109000,0.072,0.001,0.927
109500,0.052,0.008,0.940
110000,0.059,0.034,0.907
110500,0.052,0.000,0.948
111000,0.079,0.000,0.921
111500,0.080,0.000,0.920
112000,0.050,0.000,0.950
112500,0.085,0.000,0.915
113000,0.076,0.000,0.924
113500,0.051,0.021,0.928
114000,0.050,0.000,0.950
114500,0.063,0.000,0.937
115000,0.055,0.005,0.940
115500,0.082,0.007,0.911
116000,0.064,0.000,0.936
116500,0.058,0.000,0.942
117000,0.063,0.000,0.937
117500,0.064,0.000,0.936
118000,0.077,0.000,0.923
118500,0.050,0.019,0.931
119000,0.051,0.000,0.949
119500,0.069,0.001,0.930
120000,0.052,0.000,0.948
120500,0.054,0.005,0.941
121000,0.088,0.000,0.912
121500,0.059,0.000,0.941
122000,0.081,0.000,0.919
122500,0.057,0.000,0.943
123000,0.077,0.000,0.923
123500,0.054,0.000,0.946
124000,0.083,0.000,0.917
124500,0.061,0.000,0.939
125000,0.061,0.021,0.918
125500,0.080,0.000,0.920
126000,0.070,0.000,0.930
126500,0.054,0.000,0.946
127000,0.051,0.000,0.949
127500,0.089,0.006,0.905
128000,0.093,0.000,0.907
128500,0.071,0.000,0.929
129000,0.059,0.000,0.941
129500,0.053,0.000,0.947
130000,0.063,0.000,0.937
130500,0.083,0.000,0.917
131000,0.062,0.000,0.938
131500,0.060,0.000,0.940
132000,0.073,0.012,0.915
132500,0.067,0.000,0.933
133000,0.082,0.000,0.918
133500,0.054,0.006,0.940
134000,0.071,0.000,0.929
134500,0.056,0.000,0.944
135000,0.057,0.010,0.933
135500,0.080,0.000,0.920
136000,0.051,0.002,0.947
136500,0.079,0.000,0.921
137000,0.096,0.000,0.904
137500,0.073,0.000,0.927
138000,0.076,0.000,0.924
138500,0.050,0.005,0.945
139000,0.064,0.000,0.936
139500,0.050,0.000,0.950
140000,0.077,0.000,0.923
140500,0.058,0.001,0.941
141000,0.065,0.000,0.935
141500,0.066,0.000,0.934
142000,0.082,0.000,0.918
142500,0.085,0.000,0.915
143000,0.061,0.000,0.939
143500,0.059,0.000,0.941
144000,0.057,0.000,0.943
144500,0.051,0.009,0.940
145000,0.110,0.000,0.890
145500,0.084,0.000,0.916
146000,0.066,0.000,0.934
146500,0.093,0.000,0.907
147000,0.055,0.000,0.945
147500,0.059,0.000,0.941
148000,0.100,0.001,0.899
148500,0.052,0.011,0.937
149000,0.054,0.000,0.946
149500,0.073,0.000,0.927
150000,0.072,0.000,0.928
150500,0.063,0.000,0.937
151000,0.053,0.000,0.947
151500,0.060,0.000,0.940
152000,0.074,0.000,0.926
152500,0.067,0.000,0.933
153000,0.057,0.000,0.943
153500,0.065,0.001,0.934
154000,0.096,0.000,0.904
154500,0.061,0.000,0.939
155000,0.063,0.000,0.937
155500,0.054,0.001,0.945
156000,0.106,0.000,0.894
156500,0.051,0.001,0.948
157000,0.077,0.000,0.923
157500,0.095,0.000,0.905
158000,0.060,0.000,0.940
158500,0.073,0.000,0.927
159000,0.057,0.000,0.943
159500,0.050,0.000,0.950
160000,0.052,0.000,0.948
160500,0.050,0.000,0.950
161000,0.052,0.000,0.948
161500,0.096,0.000,0.904
162000,0.050,0.000,0.950
162500,0.056,0.009,0.935
163000,0.058,0.000,0.942
163500,0.052,0.015,0.933
164000,0.057,0.000,0.943
164500,0.050,0.000,0.950
165000,0.070,0.000,0.930
165500,0.068,0.000,0.932
166000,0.082,0.000,0.918
166500,0.075,0.000,0.925
167000,0.063,0.000,0.937
167500,0.052,0.004,0.944
168000,0.064,0.000,0.936
168500,0.088,0.000,0.912
169000,0.070,0.000,0.930
169500,0.054,0.000,0.946
170000,0.060,0.000,0.940
170500,0.054,0.003,0.943
171000,0.081,0.000,0.919
171500,0.057,0.025,0.918
172000,0.118,0.001,0.881
172500,0.057,0.007,0.936
173000,0.070,0.000,0.930
173500,0.061,0.000,0.939
174000,0.069,0.000,0.931
174500,0.052,0.027,0.921
175000,0.061,0.000,0.939
175500,0.061,0.000,0.939
176000,0.078,0.000,0.922
176500,0.056,0.000,0.944
177000,0.081,0.003,0.916
177500,0.067,0.000,0.933
178000,0.081,0.000,0.919
178500,0.078,0.000,0.922
179000,0.064,0.021,0.915
179500,0.057,0.000,0.943
180000,0.086,0.000,0.914
180500,0.098,0.000,0.902
181000,0.051,0.000,0.949
181500,0.059,0.000,0.941
182000,0.057,0.001,0.942
182500,0.052,0.000,0.948
183000,0.066,0.014,0.920
183500,0.059,0.000,0.941
184000,0.061,0.007,0.932
184500,0.066,0.000,0.934
185000,0.053,0.000,0.947
185500,0.071,0.000,0.929
186000,0.052,0.012,0.936
186500,0.061,0.011,0.928
187000,0.054,0.001,0.945
187500,0.110,0.000,0.890
188000,0.069,0.000,0.931
188500,0.050,0.000,0.950
189000,0.109,0.024,0.867
189500,0.054,0.000,0.946
190000,0.058,0.001,0.941
190500,0.067,0.000,0.933
191000,0.065,0.013,0.922
191500,0.059,0.000,0.941
192000,0.075,0.000,0.925
192500,0.091,0.000,0.909
193000,0.083,0.000,0.917
193500,0.060,0.003,0.937
194000,0.050,0.000,0.950
194500,0.073,0.003,0.924
195000,0.060,0.000,0.940
195500,0.051,0.000,0.949
196000,0.068,0.000,0.932
196500,0.054,0.003,0.943
197000,0.054,0.000,0.946
197500,0.071,0.000,0.929
198000,0.065,0.001,0.934
198500,0.057,0.001,0.942
199000,0.066,0.000,0.934
199500,0.055,0.000,0.945
200000,0.060,0.000,0.940
200500,0.059,0.009,0.932
201000,0.067,0.000,0.933
201500,0.091,0.000,0.909
202000,0.051,0.021,0.928
202500,0.082,0.003,0.915
203000,0.083,0.000,0.917
203500,0.061,0.000,0.939
204000,0.054,0.000,0.946
204500,0.084,0.000,0.916
205000,0.062,0.000,0.938
205500,0.055,0.000,0.945
206000,0.062,0.006,0.932
206500,0.065,0.000,0.935
207000,0.054,0.000,0.946
207500,0.051,0.030,0.919
208000,0.061,0.018,0.921
208500,0.068,0.000,0.932
209000,0.071,0.000,0.929
209500,0.066,0.000,0.934
210000,0.065,0.000,0.935
210500,0.064,0.000,0.936
211000,0.092,0.000,0.908
211500,0.060,0.000,0.940
212000,0.075,0.000,0.925
212500,0.069,0.000,0.931
213000,0.063,0.000,0.937
213500,0.080,0.012,0.908
214000,0.076,0.000,0.924
214500,0.052,0.008,0.940
215000,0.075,0.000,0.925
215500,0.052,0.000,0.948
216000,0.050,0.000,0.950
216500,0.056,0.012,0.932
217000,0.082,0.000,0.918
217500,0.052,0.000,0.948
218000,0.056,0.017,0.927
218500,0.066,0.000,0.934
219000,0.094,0.000,0.906
219500,0.070,0.000,0.930
220000,0.083,0.000,0.917
220500,0.067,0.000,0.933
221000,0.052,0.004,0.944
221500,0.085,0.000,0.915
222000,0.111,0.000,0.889
222500,0.069,0.000,0.931
223000,0.051,0.021,0.928
223500,0.061,0.000,0.939
224000,0.066,0.000,0.934
224500,0.051,0.032,0.917
225000,0.084,0.000,0.916
225500,0.074,0.000,0.926
226000,0.051,0.000,0.949
226500,0.073,0.002,0.925
227000,0.070,0.000,0.930
227500,0.061,0.000,0.939
228000,0.062,0.023,0.915
228500,0.076,0.000,0.924
229000,0.095,0.000,0.905
229500,0.059,0.016,0.925
230000,0.086,0.000,0.914
230500,0.116,0.000,0.884
231000,0.078,0.000,0.922
231500,0.070,0.015,0.915
232000,0.066,0.000,0.934
232500,0.079,0.001,0.920
233000,0.060,0.000,0.940
233500,0.050,0.001,0.949
234000,0.062,0.000,0.938
234500,0.056,0.000,0.944
235000,0.099,0.000,0.901
235500,0.062,0.000,0.938
236000,0.053,0.026,0.921
236500,0.083,0.000,0.917
237000,0.050,0.000,0.950
237500,0.069,0.000,0.931
238000,0.072,0.000,0.928
238500,0.052,0.010,0.938
239000,0.055,0.000,0.945
239500,0.069,0.000,0.931
240000,0.080,0.000,0.920
240500,0.050,0.000,0.950
241000,0.050,0.000,0.950
241500,0.053,0.000,0.947
242000,0.051,0.000,0.949
242500,0.068,0.000,0.932
243000,0.069,0.035,0.896
243500,0.060,0.008,0.932
244000,0.066,0.000,0.934
244500,0.072,0.025,0.903
245000,0.050,0.012,0.938
245500,0.069,0.000,0.931
246000,0.077,0.000,0.923
246500,0.066,0.000,0.934
247000,0.070,0.000,0.930
247500,0.073,0.022,0.905
248000,0.050,0.000,0.950
248500,0.054,0.005,0.941
249000,0.084,0.000,0.916
249500,0.052,0.020,0.928
250000,0.077,0.000,0.923
250500,0.050,0.000,0.950
251000,0.108,0.000,0.892
251500,0.051,0.000,0.949
252000,0.083,0.000,0.917
252500,0.061,0.000,0.939
253000,0.106,0.000,0.894
253500,0.052,0.000,0.948
254000,0.055,0.000,0.945
254500,0.050,0.000,0.950
255000,0.075,0.000,0.925
255500,0.050,0.000,0.950
256000,0.072,0.012,0.916
256500,0.066,0.000,0.934
257000,0.062,0.000,0.938
257500,0.066,0.000,0.934
258000,0.050,0.012,0.938
258500,0.064,0.000,0.936
259000,0.113,0.001,0.886
259500,0.061,0.000,0.939
260000,0.055,0.000,0.945
260500,0.053,0.000,0.947
261000,0.053,0.000,0.947
261500,0.056,0.000,0.944
262000,0.068,0.000,0.932
262500,0.079,0.000,0.921
263000,0.058,0.000,0.942
263500,0.054,0.000,0.946
264000,0.061,0.000,0.939
264500,0.054,0.000,0.946
265000,0.085,0.000,0.915
265500,0.052,0.014,0.934
266000,0.062,0.001,0.937
266500,0.053,0.016,0.931
267000,0.050,0.001,0.949
267500,0.062,0.000,0.938
268000,0.088,0.001,0.911
268500,0.056,0.000,0.944
269000,0.052,0.031,0.917
269500,0.068,0.000,0.932
270000,0.067,0.003,0.930
270500,0.052,0.000,0.948
271000,0.070,0.007,0.923
271500,0.050,0.022,0.928
272000,0.081,0.001,0.918
272500,0.069,0.001,0.930
273000,0.055,0.004,0.941
273500,0.056,0.001,0.943
274000,0.064,0.000,0.936
274500,0.074,0.000,0.926
275000,0.055,0.000,0.945
275500,0.087,0.000,0.913
276000,0.073,0.000,0.927
276500,0.066,0.018,0.916
277000,0.082,0.002,0.916
277500,0.053,0.000,0.947
278000,0.087,0.000,0.913
278500,0.074,0.000,0.926
279000,0.057,0.000,0.943
279500,0.053,0.017,0.930
280000,0.055,0.000,0.945
280500,0.066,0.000,0.934
281000,0.061,0.000,0.939
281500,0.053,0.000,0.947
282000,0.057,0.022,0.921
282500,0.068,0.008,0.924
283000,0.059,0.008,0.933
283500,0.056,0.000,0.944
284000,0.073,0.008,0.919
284500,0.083,0.000,0.917
285000,0.070,0.003,0.927
285500,0.050,0.000,0.950
286000,0.060,0.000,0.940
286500,0.050,0.002,0.948
287000,0.065,0.000,0.935
287500,0.057,0.000,0.943
288000,0.068,0.000,0.932
288500,0.079,0.000,0.921
289000,0.050,0.021,0.929
289500,0.086,0.001,0.913
290000,0.113,0.000,0.887
290500,0.080,0.000,0.920
291000,0.053,0.000,0.947
291500,0.071,0.000,0.929
292000,0.063,0.000,0.937
292500,0.055,0.000,0.945
293000,0.082,0.012,0.906
293500,0.055,0.000,0.945
294000,0.051,0.000,0.949
294500,0.076,0.000,0.924
295000,0.078,0.000,0.922
295500,0.077,0.000,0.923
296000,0.066,0.003,0.931
296500,0.053,0.000,0.947
297000,0.104,0.000,0.896
297500,0.089,0.001,0.910
298000,0.065,0.000,0.935
298500,0.110,0.000,0.890
299000,0.051,0.005,0.944
299500,0.061,0.000,0.939
300000,0.053,0.002,0.945
300500,0.061,0.000,0.939
301000,0.079,0.000,0.921
301500,0.076,0.000,0.924
302000,0.050,0.005,0.945
302500,0.054,0.000,0.946
303000,0.091,0.000,0.909
303500,0.054,0.000,0.946
304000,0.050,0.000,0.950
304500,0.054,0.000,0.946
305000,0.060,0.000,0.940
305500,0.062,0.002,0.936
306000,0.057,0.000,0.943
306500,0.060,0.000,0.940
307000,0.103,0.000,0.897
307500,0.064,0.000,0.936
308000,0.072,0.000,0.928
308500,0.099,0.000,0.901
309000,0.094,0.000,0.906
309500,0.056,0.000,0.944
310000,0.050,0.000,0.950
310500,0.050,0.006,0.944
311000,0.080,0.000,0.920
311500,0.063,0.000,0.937
312000,0.054,0.000,0.946
312500,0.087,0.000,0.913
313000,0.057,0.000,0.943
313500,0.055,0.000,0.945
314000,0.081,0.000,0.919
314500,0.050,0.020,0.930
315000,0.076,0.001,0.923
315500,0.057,0.000,0.943
316000,0.061,0.000,0.939
316500,0.058,0.000,0.942
317000,0.050,0.000,0.950
317500,0.054,0.000,0.946
318000,0.051,0.007,0.942
318500,0.064,0.024,0.912
319000,0.055,0.024,0.921
319500,0.071,0.000,0.929
320000,0.066,0.000,0.934
320500,0.066,0.027,0.907
321000,0.056,0.000,0.944
321500,0.050,0.000,0.950
322000,0.057,0.000,0.943
322500,0.058,0.000,0.942
323000,0.077,0.008,0.915
323500,0.073,0.000,0.927
324000,0.077,0.000,0.923
324500,0.053,0.014,0.933
325000,0.087,0.000,0.913
325500,0.100,0.000,0.900
326000,0.053,0.000,0.947
326500,0.078,0.011,0.911
327000,0.052,0.003,0.945
327500,0.106,0.000,0.894
328000,0.068,0.022,0.910
328500,0.060,0.000,0.940
329000,0.050,0.000,0.950
329500,0.086,0.000,0.914
330000,0.067,0.011,0.922
330500,0.056,0.000,0.944
331000,0.089,0.000,0.911
331500,0.052,0.000,0.948
332000,0.098,0.004,0.898
332500,0.055,0.000,0.945
333000,0.057,0.000,0.943
333500,0.054,0.000,0.946
334000,0.058,0.000,0.942
334500,0.057,0.004,0.939
335000,0.091,0.000,0.909
335500,0.099,0.000,0.901
336000,0.085,0.000,0.915
336500,0.050,0.023,0.927
337000,0.097,0.000,0.903
337500,0.073,0.000,0.927
338000,0.088,0.001,0.911
338500,0.071,0.000,0.929
339000,0.050,0.027,0.923
339500,0.050,0.000,0.950
340000,0.057,0.000,0.943
340500,0.056,0.000,0.944
341000,0.082,0.000,0.918
341500,0.062,0.000,0.938
342000,0.060,0.000,0.940
342500,0.069,0.000,0.931
343000,0.050,0.000,0.950
343500,0.073,0.000,0.927
344000,0.082,0.000,0.918
344500,0.098,0.000,0.902
345000,0.074,0.000,0.926
345500,0.057,0.001,0.942
346000,0.070,0.000,0.930
346500,0.078,0.000,0.922
347000,0.078,0.004,0.918
347500,0.062,0.000,0.938
348000,0.070,0.000,0.930
348500,0.051,0.001,0.948
349000,0.057,0.000,0.943
349500,0.055,0.000,0.945
350000,0.057,0.000,0.943
350500,0.077,0.000,0.923
351000,0.052,0.000,0.948
351500,0.092,0.000,0.908
352000,0.083,0.000,0.917
352500,0.069,0.000,0.931
353000,0.067,0.000,0.933
353500,0.061,0.000,0.939
354000,0.087,0.004,0.909
354500,0.064,0.000,0.936
355000,0.051,0.000,0.949
355500,0.075,0.000,0.925
356000,0.053,0.000,0.947
356500,0.115,0.005,0.880
357000,0.089,0.000,0.911
357500,0.053,0.014,0.933
358000,0.076,0.000,0.924
358500,0.051,0.007,0.942
359000,0.068,0.000,0.932
359500,0.050,0.009,0.941
360000,0.055,0.000,0.945
360500,0.051,0.019,0.930
361000,0.056,0.000,0.944
361500,0.080,0.000,0.920
362000,0.057,0.000,0.943
362500,0.052,0.000,0.948
363000,0.050,0.014,0.936
363500,0.076,0.000,0.924
364000,0.060,0.000,0.940
364500,0.053,0.003,0.944
365000,0.053,0.017,0.930
365500,0.054,0.000,0.946
366000,0.090,0.000,0.910
366500,0.101,0.000,0.899
367000,0.086,0.002,0.912
367500,0.052,0.000,0.948
368000,0.071,0.000,0.929
368500,0.053,0.000,0.947
369000,0.106,0.000,0.894
369500,0.087,0.000,0.913
370000,0.050,0.000,0.950
370500,0.068,0.021,0.911
371000,0.070,0.000,0.930
371500,0.055,0.000,0.945
372000,0.082,0.000,0.918
372500,0.071,0.000,0.929
373000,0.050,0.022,0.928
373500,0.056,0.000,0.944
374000,0.068,0.000,0.932
374500,0.050,0.004,0.946
375000,0.084,0.000,0.916
375500,0.067,0.009,0.924
376000,0.051,0.029,0.920
376500,0.050,0.001,0.949
377000,0.082,0.000,0.918
377500,0.071,0.000,0.929
378000,0.119,0.000,0.881
378500,0.052,0.000,0.948
379000,0.074,0.006,0.920
379500,0.090,0.026,0.884
380000,0.055,0.000,0.945
380500,0.065,0.000,0.935
381000,0.065,0.000,0.935
381500,0.069,0.000,0.931
382000,0.065,0.024,0.911
382500,0.078,0.000,0.922
383000,0.086,0.000,0.914
383500,0.060,0.011,0.929
384000,0.065,0.000,0.935
384500,0.085,0.019,0.896
385000,0.054,0.000,0.946
385500,0.064,0.000,0.936
386000,0.068,0.000,0.932
386500,0.052,0.000,0.948
387000,0.055,0.000,0.945
387500,0.054,0.005,0.941
388000,0.054,0.000,0.946
388500,0.059,0.001,0.940
389000,0.073,0.000,0.927
389500,0.068,0.001,0.931
390000,0.071,0.000,0.929
390500,0.089,0.000,0.911
391000,0.070,0.008,0.922
391500,0.058,0.002,0.940
392000,0.050,0.001,0.949
392500,0.067,0.000,0.933
393000,0.107,0.000,0.893
393500,0.051,0.000,0.949
394000,0.072,0.000,0.928
394500,0.053,0.001,0.946
395000,0.087,0.001,0.912
395500,0.070,0.000,0.930
396000,0.064,0.000,0.936
396500,0.050,0.000,0.950
397000,0.078,0.001,0.921
397500,0.051,0.000,0.949
398000,0.067,0.000,0.933
398500,0.065,0.000,0.935
399000,0.053,0.006,0.941
399500,0.064,0.000,0.936
400000,0.059,0.009,0.932
400500,0.051,0.000,0.949
401000,0.068,0.000,0.932
401500,0.051,0.015,0.934
402000,0.081,0.000,0.919
402500,0.078,0.000,0.922
403000,0.050,0.001,0.949
403500,0.069,0.018,0.913
404000,0.052,0.007,0.941
404500,0.057,0.004,0.939
405000,0.106,0.000,0.894
405500,0.060,0.000,0.940
406000,0.116,0.000,0.884
406500,0.093,0.000,0.907
407000,0.050,0.006,0.944
407500,0.062,0.000,0.938
408000,0.070,0.000,0.930
408500,0.050,0.004,0.946
409000,0.057,0.024,0.919
409500,0.052,0.000,0.948
410000,0.075,0.000,0.925
410500,0.056,0.000,0.944
411000,0.069,0.000,0.931
411500,0.064,0.000,0.936
412000,0.051,0.001,0.948
412500,0.091,0.000,0.909
413000,0.076,0.000,0.924
413500,0.055,0.000,0.945
414000,0.050,0.000,0.950
414500,0.053,0.000,0.947
415000,0.093,0.000,0.907
415500,0.053,0.030,0.917
416000,0.064,0.001,0.935
416500,0.051,0.007,0.942
417000,0.055,0.000,0.945
417500,0.107,0.000,0.893
418000,0.062,0.002,0.936
418500,0.097,0.000,0.903
419000,0.056,0.000,0.944
419500,0.050,0.006,0.944
420000,0.050,0.000,0.950
420500,0.052,0.000,0.948
421000,0.063,0.002,0.935
421500,0.089,0.001,0.910
422000,0.113,0.000,0.887
422500,0.108,0.005,0.887
423000,0.072,0.000,0.928
423500,0.053,0.000,0.947
424000,0.074,0.000,0.926
424500,0.061,0.009,0.930
425000,0.074,0.000,0.926
425500,0.057,0.001,0.942
426000,0.068,0.013,0.919
426500,0.078,0.001,0.921
427000,0.079,0.000,0.921
427500,0.078,0.000,0.922
428000,0.055,0.000,0.945
428500,0.102,0.000,0.898
429000,0.055,0.000,0.945
429500,0.061,0.000,0.939
430000,0.094,0.000,0.906
430500,0.073,0.000,0.927
431000,0.060,0.018,0.922
431500,0.050,0.000,0.950
432000,0.083,0.000,0.917
432500,0.120,0.000,0.880
433000,0.062,0.000,0.938
433500,0.058,0.004,0.938
434000,0.053,0.000,0.947
434500,0.082,0.000,0.918
435000,0.113,0.000,0.887
435500,0.055,0.000,0.945
436000,0.101,0.005,0.894
436500,0.074,0.003,0.923
437000,0.052,0.011,0.937
437500,0.053,0.003,0.944
438000,0.070,0.000,0.930
438500,0.066,0.000,0.934
439000,0.055,0.022,0.923
439500,0.056,0.000,0.944
440000,0.068,0.040,0.892
440500,0.056,0.000,0.944
441000,0.085,0.000,0.915
441500,0.051,0.000,0.949
442000,0.050,0.000,0.950
442500,0.050,0.000,0.950
443000,0.067,0.000,0.933
443500,0.052,0.000,0.948
444000,0.080,0.000,0.920
444500,0.101,0.000,0.899
445000,0.052,0.001,0.947
445500,0.058,0.004,0.938
446000,0.051,0.000,0.949
446500,0.076,0.000,0.924
447000,0.056,0.000,0.944
447500,0.062,0.020,0.918
448000,0.061,0.000,0.939
448500,0.055,0.021,0.924
449000,0.054,0.000,0.946
449500,0.099,0.003,0.898
450000,0.065,0.023,0.912
450500,0.065,0.000,0.935
451000,0.055,0.000,0.945
451500,0.058,0.006,0.936
452000,0.062,0.004,0.934
452500,0.064,0.000,0.936
453000,0.064,0.000,0.936
453500,0.073,0.000,0.927
454000,0.108,0.000,0.892
454500,0.056,0.000,0.944
455000,0.073,0.025,0.902
455500,0.052,0.000,0.948
456000,0.067,0.004,0.929
456500,0.105,0.000,0.895
457000,0.052,0.022,0.926
457500,0.097,0.000,0.903
458000,0.055,0.008,0.937
458500,0.065,0.000,0.935
459000,0.061,0.004,0.935
459500,0.069,0.000,0.931
460000,0.069,0.036,0.895
460500,0.051,0.013,0.936
461000,0.054,0.000,0.946
461500,0.052,0.000,0.948
462000,0.063,0.004,0.933
462500,0.073,0.001,0.926
463000,0.097,0.000,0.903
463500,0.113,0.000,0.887
464000,0.064,0.010,0.926
464500,0.080,0.000,0.920
465000,0.056,0.000,0.944
465500,0.065,0.002,0.933
466000,0.096,0.000,0.904
466500,0.050,0.005,0.945
467000,0.050,0.013,0.937
467500,0.050,0.000,0.950
468000,0.050,0.004,0.946
468500,0.066,0.000,0.934
469000,0.056,0.000,0.944
469500,0.064,0.002,0.934
470000,0.082,0.000,0.918
470500,0.055,0.000,0.945
471000,0.069,0.000,0.931
471500,0.067,0.002,0.931
472000,0.061,0.000,0.939
472500,0.050,0.000,0.950
473000,0.055,0.007,0.938
473500,0.061,0.000,0.939
474000,0.073,0.000,0.927
474500,0.056,0.000,0.944
475000,0.050,0.007,0.943
475500,0.069,0.000,0.931
476000,0.058,0.000,0.942
476500,0.076,0.000,0.924
477000,0.059,0.000,0.941
477500,0.080,0.000,0.920
478000,0.057,0.000,0.943
478500,0.095,0.000,0.905
479000,0.052,0.000,0.948
479500,0.064,0.001,0.935
480000,0.082,0.000,0.918
480500,0.075,0.000,0.925
481000,0.065,0.000,0.935
481500,0.073,0.000,0.927
482000,0.076,0.000,0.924
482500,0.053,0.000,0.947
483000,0.073,0.026,0.901
483500,0.076,0.023,0.901
484000,0.050,0.002,0.948
484500,0.053,0.000,0.947
485000,0.076,0.027,0.897
485500,0.089,0.014,0.897
486000,0.076,0.000,0.924
486500,0.078,0.000,0.922
487000,0.089,0.000,0.911
487500,0.070,0.000,0.930
488000,0.073,0.000,0.927
488500,0.066,0.007,0.927
489000,0.066,0.000,0.934
489500,0.067,0.003,0.930
490000,0.083,0.000,0.917
490500,0.076,0.002,0.922
491000,0.050,0.000,0.950
491500,0.075,0.000,0.925
492000,0.050,0.012,0.938
492500,0.051,0.003,0.946
493000,0.083,0.001,0.916
493500,0.067,0.000,0.933
494000,0.074,0.000,0.926
494500,0.089,0.000,0.911
495000,0.069,0.000,0.931
495500,0.061,0.000,0.939
496000,0.066,0.000,0.934
496500,0.057,0.000,0.943
497000,0.087,0.000,0.913
497500,0.078,0.000,0.922
498000,0.086,0.000,0.914
498500,0.055,0.001,0.944
499000,0.051,0.001,0.948
499500,0.063,0.000,0.937
500000,0.055,0.000,0.945
500500,0.050,0.001,0.949
501000,0.088,0.016,0.896
501500,0.084,0.000,0.916
502000,0.054,0.000,0.946
502500,0.084,0.000,0.916
503000,0.083,0.000,0.917
503500,0.057,0.000,0.943
504000,0.072,0.000,0.928
504500,0.059,0.000,0.941
505000,0.067,0.015,0.918
505500,0.064,0.000,0.936
506000,0.050,0.000,0.950
506500,0.093,0.004,0.903
507000,0.065,0.005,0.930
507500,0.066,0.001,0.933
508000,0.072,0.000,0.928
508500,0.056,0.000,0.944
509000,0.084,0.002,0.914
509500,0.051,0.010,0.939
510000,0.077,0.000,0.923
510500,0.113,0.000,0.887
511000,0.061,0.000,0.939
511500,0.062,0.018,0.920
512000,0.055,0.000,0.945
512500,0.073,0.000,0.927
513000,0.070,0.000,0.930
513500,0.080,0.000,0.920
514000,0.063,0.000,0.937
514500,0.065,0.023,0.912
515000,0.093,0.000,0.907
515500,0.070,0.001,0.929
516000,0.056,0.004,0.940
516500,0.058,0.000,0.942
517000,0.082,0.023,0.895
517500,0.065,0.022,0.913
518000,0.058,0.002,0.940
518500,0.071,0.000,0.929
519000,0.073,0.034,0.893
519500,0.070,0.001,0.929
520000,0.080,0.000,0.920
520500,0.059,0.000,0.941
521000,0.055,0.000,0.945
521500,0.057,0.000,0.943
522000,0.080,0.000,0.920
522500,0.091,0.000,0.909
523000,0.068,0.002,0.930
523500,0.061,0.000,0.939
524000,0.094,0.000,0.906
524500,0.051,0.000,0.949
525000,0.054,0.008,0.938
525500,0.124,0.000,0.876
526000,0.068,0.000,0.932
526500,0.057,0.000,0.943
527000,0.059,0.000,0.941
527500,0.064,0.000,0.936
528000,0.127,0.005,0.868
528500,0.069,0.000,0.931
529000,0.050,0.003,0.947
529500,0.061,0.000,0.939
530000,0.082,0.000,0.918
530500,0.069,0.001,0.930
531000,0.054,0.000,0.946
531500,0.056,0.001,0.943
532000,0.075,0.000,0.925
532500,0.079,0.002,0.919
533000,0.050,0.000,0.950
533500,0.082,0.000,0.918
534000,0.094,0.000,0.906
534500,0.071,0.000,0.929
535000,0.052,0.000,0.948
535500,0.084,0.000,0.916
536000,0.055,0.000,0.945
536500,0.051,0.012,0.937
537000,0.069,0.000,0.931
537500,0.075,0.006,0.919
538000,0.061,0.000,0.939
538500,0.054,0.000,0.946
539000,0.069,0.000,0.931
539500,0.053,0.000,0.947
540000,0.061,0.000,0.939
540500,0.052,0.000,0.948
541000,0.054,0.000,0.946
541500,0.075,0.008,0.917
542000,0.051,0.000,0.949
542500,0.062,0.000,0.938
543000,0.080,0.000,0.920
543500,0.054,0.005,0.941
544000,0.061,0.000,0.939
544500,0.101,0.000,0.899
545000,0.050,0.002,0.948
545500,0.071,0.000,0.929
546000,0.085,0.000,0.915
546500,0.062,0.005,0.933
547000,0.052,0.000,0.948
547500,0.082,0.000,0.918
548000,0.070,0.002,0.928
548500,0.066,0.020,0.914
549000,0.096,0.000,0.904
549500,0.054,0.000,0.946
550000,0.053,0.000,0.947
550500,0.056,0.000,0.944
551000,0.053,0.000,0.947
551500,0.051,0.000,0.949
552000,0.087,0.000,0.913
552500,0.073,0.000,0.927
553000,0.065,0.000,0.935
553500,0.066,0.000,0.934
554000,0.071,0.000,0.929
554500,0.075,0.000,0.925
555000,0.050,0.000,0.950
555500,0.066,0.007,0.927
556000,0.062,0.000,0.938
556500,0.050,0.004,0.946
557000,0.078,0.000,0.922
557500,0.059,0.012,0.929
558000,0.050,0.000,0.950
558500,0.070,0.000,0.930
559000,0.062,0.021,0.917
559500,0.058,0.000,0.942
560000,0.051,0.000,0.949
560500,0.050,0.000,0.950
561000,0.051,0.014,0.935
561500,0.071,0.015,0.914
562000,0.081,0.000,0.919
562500,0.070,0.000,0.930
563000,0.052,0.000,0.948
563500,0.066,0.001,0.933
564000,0.058,0.000,0.942
564500,0.056,0.009,0.935
565000,0.050,0.004,0.946
565500,0.071,0.002,0.927
566000,0.104,0.000,0.896
566500,0.108,0.000,0.892
567000,0.050,0.009,0.941
567500,0.066,0.000,0.934
568000,0.093,0.000,0.907
568500,0.080,0.001,0.919
569000,0.051,0.000,0.949
569500,0.057,0.000,0.943
570000,0.073,0.000,0.927
570500,0.062,0.004,0.934
571000,0.071,0.000,0.929
571500,0.069,0.000,0.931
572000,0.056,0.000,0.944
572500,0.052,0.000,0.948
573000,0.054,0.014,0.932
573500,0.063,0.000,0.937
574000,0.052,0.007,0.941
574500,0.063,0.003,0.934
575000,0.056,0.027,0.917
575500,0.059,0.012,0.929
576000,0.055,0.000,0.945
576500,0.085,0.000,0.915
577000,0.073,0.000,0.927
577500,0.053,0.000,0.947
578000,0.050,0.002,0.948
578500,0.081,0.000,0.919
579000,0.061,0.000,0.939
579500,0.064,0.000,0.936
580000,0.080,0.001,0.919
580500,0.076,0.000,0.924
581000,0.084,0.021,0.895
581500,0.069,0.000,0.931
582000,0.062,0.000,0.938
582500,0.069,0.000,0.931
583000,0.082,0.000,0.918
583500,0.058,0.000,0.942
584000,0.050,0.008,0.942
584500,0.095,0.000,0.905
585000,0.056,0.000,0.944
585500,0.103,0.018,0.879
586000,0.082,0.000,0.918
586500,0.070,0.000,0.930
587000,0.072,0.000,0.928
587500,0.053,0.000,0.947
588000,0.087,0.000,0.913
588500,0.064,0.000,0.936
589000,0.058,0.000,0.942
589500,0.053,0.000,0.947
590000,0.054,0.000,0.946
590500,0.068,0.000,0.932
591000,0.070,0.000,0.930
591500,0.050,0.004,0.946
592000,0.087,0.000,0.913
592500,0.090,0.001,0.909
593000,0.084,0.000,0.916
593500,0.050,0.001,0.949
594000,0.056,0.000,0.944
594500,0.096,0.000,0.904
595000,0.056,0.000,0.944
595500,0.103,0.001,0.896
596000,0.057,0.000,0.943
596500,0.086,0.000,0.914
597000,0.085,0.000,0.915
597500,0.069,0.000,0.931
598000,0.058,0.000,0.942
598500,0.050,0.000,0.950
599000,0.083,0.000,0.917
599500,0.054,0.000,0.946
600000,0.065,0.000,0.935
600500,0.067,0.022,0.911
601000,0.060,0.000,0.940
601500,0.076,0.000,0.924
602000,0.054,0.021,0.925
602500,0.050,0.000,0.950
603000,0.050,0.000,0.950
603500,0.072,0.000,0.928
604000,0.059,0.000,0.941
604500,0.057,0.000,0.943
605000,0.110,0.000,0.890
605500,0.085,0.000,0.915
606000,0.054,0.000,0.946
606500,0.079,0.000,0.921
607000,0.090,0.000,0.910
607500,0.050,0.003,0.947
608000,0.052,0.034,0.914
608500,0.082,0.000,0.918
609000,0.097,0.000,0.903
609500,0.054,0.014,0.932
610000,0.055,0.000,0.945
610500,0.075,0.008,0.917
611000,0.064,0.016,0.920
611500,0.054,0.000,0.946
612000,0.071,0.000,0.929
612500,0.075,0.000,0.925
613000,0.061,0.000,0.939
613500,0.050,0.000,0.950
614000,0.060,0.001,0.939
614500,0.056,0.000,0.944
615000,0.052,0.000,0.948
615500,0.093,0.000,0.907
616000,0.064,0.001,0.935
616500,0.088,0.000,0.912
617000,0.072,0.022,0.906
617500,0.084,0.001,0.915
618000,0.054,0.000,0.946
618500,0.056,0.001,0.943
619000,0.050,0.008,0.942
619500,0.050,0.002,0.948
620000,0.051,0.000,0.949
620500,0.071,0.000,0.929
621000,0.061,0.000,0.939
621500,0.090,0.000,0.910
622000,0.079,0.000,0.921
622500,0.070,0.002,0.928
623000,0.057,0.000,0.943
623500,0.062,0.000,0.938
624000,0.063,0.000,0.937
624500,0.054,0.002,0.944
625000,0.079,0.001,0.920
625500,0.057,0.000,0.943
626000,0.051,0.000,0.949
626500,0.058,0.016,0.926
627000,0.074,0.000,0.926
627500,0.084,0.000,0.916
628000,0.066,0.000,0.934
628500,0.070,0.000,0.930
629000,0.061,0.017,0.922
629500,0.074,0.000,0.926
630000,0.083,0.000,0.917
630500,0.065,0.001,0.934
631000,0.081,0.000,0.919
631500,0.089,0.000,0.911
632000,0.050,0.000,0.950
632500,0.069,0.000,0.931
633000,0.050,0.001,0.949
633500,0.089,0.000,0.911
634000,0.085,0.000,0.915
634500,0.070,0.025,0.905
635000,0.051,0.000,0.949
635500,0.075,0.000,0.925
636000,0.080,0.000,0.920
636500,0.083,0.000,0.917
637000,0.053,0.002,0.945
637500,0.062,0.000,0.938
638000,0.050,0.005,0.945
638500,0.054,0.000,0.946
639000,0.051,0.000,0.949
639500,0.063,0.017,0.920
640000,0.055,0.000,0.945
640500,0.050,0.000,0.950
641000,0.089,0.000,0.911
641500,0.056,0.000,0.944
642000,0.056,0.000,0.944
642500,0.061,0.000,0.939
643000,0.051,0.003,0.946
643500,0.056,0.016,0.928
644000,0.067,0.015,0.918
644500,0.068,0.000,0.932
645000,0.050,0.000,0.950
645500,0.099,0.000,0.901
646000,0.054,0.000,0.946
646500,0.077,0.000,0.923
647000,0.052,0.000,0.948
647500,0.080,0.000,0.920
648000,0.081,0.000,0.919
648500,0.053,0.000,0.947
649000,0.072,0.000,0.928
649500,0.053,0.007,0.940
650000,0.059,0.000,0.941
650500,0.062,0.005,0.933
651000,0.063,0.000,0.937
651500,0.060,0.021,0.919
652000,0.051,0.011,0.938
652500,0.073,0.000,0.927
653000,0.058,0.000,0.942
653500,0.070,0.000,0.930
654000,0.066,0.000,0.934
654500,0.071,0.002,0.927
655000,0.074,0.000,0.926
655500,0.077,0.000,0.923
656000,0.072,0.002,0.926
656500,0.051,0.000,0.949
657000,0.050,0.014,0.936
657500,0.066,0.013,0.921
658000,0.051,0.000,0.949
658500,0.084,0.000,0.916
659000,0.057,0.000,0.943
659500,0.063,0.000,0.937
660000,0.070,0.000,0.930
660500,0.080,0.000,0.920
661000,0.096,0.005,0.899
661500,0.080,0.000,0.920
662000,0.061,0.027,0.912
662500,0.087,0.000,0.913
663000,0.052,0.005,0.943
663500,0.081,0.000,0.919
664000,0.053,0.000,0.947
664500,0.063,0.022,0.915
665000,0.068,0.000,0.932
665500,0.071,0.000,0.929
666000,0.055,0.000,0.945
666500,0.050,0.001,0.949
667000,0.061,0.000,0.939
667500,0.052,0.000,0.948
668000,0.063,0.000,0.937
668500,0.058,0.003,0.939
669000,0.051,0.000,0.949
669500,0.051,0.000,0.949
670000,0.082,0.000,0.918
670500,0.073,0.000,0.927
671000,0.061,0.000,0.939
671500,0.063,0.001,0.936
672000,0.094,0.000,0.906
672500,0.103,0.000,0.897
673000,0.079,0.000,0.921
673500,0.073,0.000,0.927
674000,0.087,0.000,0.913
674500,0.070,0.000,0.930
675000,0.056,0.000,0.944
675500,0.072,0.005,0.923
676000,0.061,0.000,0.939
676500,0.075,0.000,0.925
677000,0.050,0.000,0.950
677500,0.051,0.000,0.949
678000,0.062,0.001,0.937
678500,0.070,0.009,0.921
679000,0.088,0.000,0.912
679500,0.053,0.000,0.947
680000,0.051,0.000,0.949
680500,0.050,0.021,0.929
681000,0.058,0.000,0.942
681500,0.051,0.007,0.942
682000,0.052,0.016,0.932
682500,0.070,0.000,0.930
683000,0.079,0.000,0.921
683500,0.064,0.000,0.936
684000,0.058,0.000,0.942
684500,0.057,0.000,0.943
685000,0.116,0.000,0.884
685500,0.055,0.016,0.929
686000,0.071,0.000,0.929
686500,0.084,0.000,0.916
687000,0.054,0.000,0.946
687500,0.051,0.014,0.935
688000,0.113,0.007,0.880
688500,0.083,0.007,0.910
689000,0.074,0.019,0.907
689500,0.097,0.007,0.896
690000,0.063,0.002,0.935
690500,0.055,0.000,0.945
691000,0.072,0.000,0.928
691500,0.059,0.000,0.941
692000,0.066,0.000,0.934
692500,0.061,0.000,0.939
693000,0.066,0.000,0.934
693500,0.084,0.009,0.907
694000,0.073,0.000,0.927
694500,0.065,0.000,0.935
695000,0.053,0.008,0.939
695500,0.065,0.014,0.921
696000,0.080,0.001,0.919
696500,0.053,0.003,0.944
697000,0.066,0.000,0.934
697500,0.057,0.000,0.943
698000,0.050,0.020,0.930
698500,0.087,0.000,0.913
699000,0.059,0.002,0.939
699500,0.054,0.000,0.946
700000,0.085,0.000,0.915
700500,0.051,0.000,0.949
701000,0.079,0.007,0.914
701500,0.073,0.000,0.927
702000,0.110,0.000,0.890
702500,0.052,0.000,0.948
703000,0.056,0.000,0.944
703500,0.088,0.000,0.912
704000,0.078,0.000,0.922
704500,0.053,0.000,0.947
705000,0.056,0.000,0.944
705500,0.065,0.000,0.935
706000,0.088,0.000,0.912
706500,0.072,0.000,0.928
707000,0.107,0.000,0.893
707500,0.051,0.022,0.927
708000,0.054,0.001,0.945
708500,0.055,0.000,0.945
709000,0.082,0.000,0.918
709500,0.052,0.000,0.948
710000,0.077,0.000,0.923
710500,0.080,0.000,0.920
711000,0.055,0.019,0.926
711500,0.052,0.019,0.929
712000,0.070,0.000,0.930
712500,0.072,0.000,0.928
713000,0.055,0.011,0.934
713500,0.073,0.000,0.927
714000,0.054,0.000,0.946
714500,0.063,0.000,0.937
715000,0.055,0.000,0.945
715500,0.071,0.000,0.929
716000,0.081,0.000,0.919
716500,0.061,0.013,0.926
717000,0.057,0.000,0.943
717500,0.053,0.000,0.947
718000,0.073,0.000,0.927
718500,0.052,0.001,0.947
719000,0.063,0.000,0.937
719500,0.077,0.004,0.919
720000,0.058,0.000,0.942
720500,0.067,0.000,0.933
721000,0.071,0.000,0.929
721500,0.070,0.014,0.916
722000,0.131,0.000,0.869
722500,0.068,0.000,0.932
723000,0.084,0.004,0.912
723500,0.054,0.000,0.946
724000,0.067,0.000,0.933
724500,0.053,0.000,0.947
725000,0.070,0.012,0.918
725500,0.073,0.000,0.927
726000,0.095,0.000,0.905
726500,0.059,0.000,0.941
727000,0.055,0.000,0.945
727500,0.052,0.001,0.947
728000,0.066,0.000,0.934
728500,0.059,0.001,0.940
729000,0.066,0.001,0.933
729500,0.058,0.000,0.942
730000,0.061,0.000,0.939
730500,0.051,0.018,0.931
731000,0.078,0.001,0.921
731500,0.104,0.000,0.896
732000,0.075,0.000,0.925
732500,0.060,0.000,0.940
733000,0.076,0.000,0.924
733500,0.070,0.000,0.930
734000,0.095,0.000,0.905
734500,0.050,0.022,0.928
735000,0.065,0.000,0.935
735500,0.055,0.000,0.945
736000,0.072,0.000,0.928
736500,0.058,0.000,0.942
737000,0.083,0.000,0.917
737500,0.104,0.000,0.896
738000,0.074,0.005,0.921
738500,0.050,0.000,0.950
739000,0.051,0.000,0.949
739500,0.096,0.000,0.904
740000,0.057,0.000,0.943
740500,0.097,0.000,0.903
741000,0.067,0.000,0.933
741500,0.054,0.000,0.946
742000,0.071,0.000,0.929
742500,0.098,0.000,0.902
743000,0.087,0.000,0.913
743500,0.090,0.000,0.910
744000,0.051,0.001,0.948
744500,0.056,0.000,0.944
745000,0.068,0.000,0.932
745500,0.067,0.000,0.933
746000,0.061,0.000,0.939
746500,0.071,0.000,0.929
747000,0.068,0.000,0.932
747500,0.054,0.013,0.933
748000,0.065,0.001,0.934
748500,0.069,0.022,0.909
749000,0.088,0.004,0.908
749500,0.057,0.004,0.939
750000,0.082,0.000,0.918
750500,0.052,0.000,0.948
751000,0.057,0.013,0.930
751500,0.079,0.000,0.921
752000,0.063,0.000,0.937
752500,0.055,0.000,0.945
753000,0.065,0.000,0.935
753500,0.051,0.000,0.949
754000,0.071,0.000,0.929
754500,0.056,0.000,0.944
755000,0.051,0.000,0.949
755500,0.092,0.000,0.908
756000,0.088,0.000,0.912
756500,0.074,0.000,0.926
757000,0.062,0.000,0.938
757500,0.073,0.000,0.927
758000,0.050,0.000,0.950
758500,0.065,0.000,0.935
759000,0.059,0.001,0.940
759500,0.063,0.000,0.937
760000,0.053,0.004,0.943
760500,0.110,0.000,0.890
761000,0.053,0.000,0.947
761500,0.095,0.000,0.905
762000,0.050,0.000,0.950
762500,0.054,0.000,0.946
763000,0.129,0.000,0.871
763500,0.067,0.006,0.927
764000,0.066,0.000,0.934
764500,0.084,0.000,0.916
765000,0.125,0.003,0.872
765500,0.100,0.000,0.900
766000,0.054,0.001,0.945
766500,0.060,0.000,0.940
767000,0.090,0.000,0.910
767500,0.104,0.000,0.896
768000,0.052,0.004,0.944
768500,0.051,0.017,0.932
769000,0.093,0.000,0.907
769500,0.058,0.000,0.942
770000,0.051,0.001,0.948
770500,0.080,0.000,0.920
771000,0.102,0.000,0.898
771500,0.094,0.000,0.906
772000,0.109,0.000,0.891
772500,0.071,0.014,0.915
773000,0.090,0.001,0.909
773500,0.061,0.000,0.939
774000,0.056,0.000,0.944
774500,0.065,0.019,0.916
775000,0.120,0.000,0.880
775500,0.065,0.000,0.935
776000,0.067,0.014,0.919
776500,0.056,0.000,0.944
777000,0.072,0.004,0.924
777500,0.065,0.000,0.935
778000,0.055,0.000,0.945
778500,0.069,0.000,0.931
779000,0.062,0.000,0.938
779500,0.050,0.002,0.948
780000,0.067,0.000,0.933
780500,0.067,0.000,0.933
781000,0.050,0.000,0.950
781500,0.061,0.001,0.938
782000,0.068,0.000,0.932
782500,0.060,0.002,0.938
783000,0.060,0.000,0.940
783500,0.069,0.000,0.931
784000,0.055,0.000,0.945
784500,0.065,0.026,0.909
785000,0.059,0.010,0.931
785500,0.097,0.000,0.903
786000,0.061,0.000,0.939
786500,0.050,0.000,0.950
787000,0.054,0.000,0.946
787500,0.093,0.000,0.907
788000,0.054,0.000,0.946
788500,0.069,0.000,0.931
789000,0.052,0.000,0.948
789500,0.069,0.000,0.931
790000,0.050,0.002,0.948
790500,0.063,0.000,0.937
791000,0.076,0.000,0.924
791500,0.077,0.000,0.923
792000,0.054,0.000,0.946
792500,0.063,0.002,0.935
793000,0.061,0.000,0.939
793500,0.050,0.000,0.950
794000,0.055,0.000,0.945
794500,0.055,0.000,0.945
795000,0.064,0.020,0.916
795500,0.080,0.001,0.919
796000,0.054,0.000,0.946
796500,0.055,0.000,0.945
797000,0.094,0.000,0.906
797500,0.071,0.000,0.929
798000,0.074,0.000,0.926
798500,0.073,0.000,0.927
799000,0.051,0.003,0.946
799500,0.055,0.013,0.932
800000,0.065,0.000,0.935
800500,0.073,0.004,0.923
801000,0.069,0.000,0.931
801500,0.089,0.005,0.906
802000,0.051,0.005,0.944
802500,0.052,0.000,0.948
803000,0.056,0.000,0.944
803500,0.079,0.000,0.921
804000,0.050,0.000,0.950
804500,0.063,0.000,0.937
805000,0.066,0.001,0.933
805500,0.068,0.000,0.932
806000,0.053,0.001,0.946
806500,0.073,0.001,0.926
807000,0.050,0.000,0.950
807500,0.079,0.000,0.921
808000,0.082,0.000,0.918
808500,0.076,0.000,0.924
809000,0.051,0.000,0.949
809500,0.090,0.000,0.910
810000,0.054,0.000,0.946
810500,0.057,0.005,0.938
811000,0.064,0.005,0.931
811500,0.050,0.001,0.949
812000,0.111,0.007,0.882
812500,0.073,0.000,0.927
813000,0.098,0.000,0.902
813500,0.061,0.000,0.939
814000,0.058,0.000,0.942
814500,0.063,0.022,0.915
815000,0.116,0.000,0.884
815500,0.050,0.000,0.950
816000,0.066,0.000,0.934
816500,0.060,0.000,0.940
817000,0.067,0.007,0.926
817500,0.074,0.000,0.926
818000,0.057,0.000,0.943
818500,0.060,0.000,0.940
819000,0.053,0.003,0.944
819500,0.058,0.000,0.942
820000,0.080,0.000,0.920
820500,0.061,0.014,0.925
821000,0.053,0.000,0.947
821500,0.061,0.000,0.939
822000,0.060,0.010,0.930
822500,0.058,0.000,0.942
823000,0.086,0.000,0.914
823500,0.079,0.000,0.921
824000,0.071,0.000,0.929
824500,0.066,0.002,0.932
825000,0.072,0.008,0.920
825500,0.052,0.001,0.947
826000,0.067,0.000,0.933
826500,0.061,0.000,0.939
827000,0.063,0.002,0.935
827500,0.070,0.000,0.930
828000,0.077,0.016,0.907
828500,0.081,0.018,0.901
829000,0.055,0.000,0.945
829500,0.050,0.000,0.950
830000,0.056,0.000,0.944
830500,0.057,0.009,0.934
831000,0.068,0.010,0.922
831500,0.054,0.000,0.946
832000,0.092,0.005,0.903
832500,0.059,0.000,0.941
833000,0.064,0.000,0.936
833500,0.067,0.002,0.931
834000,0.054,0.011,0.935
834500,0.063,0.002,0.935
835000,0.056,0.000,0.944
835500,0.094,0.000,0.906
836000,0.068,0.002,0.930
836500,0.057,0.000,0.943
837000,0.054,0.000,0.946
837500,0.051,0.000,0.949
838000,0.065,0.000,0.935
838500,0.055,0.001,0.944
839000,0.085,0.000,0.915
839500,0.074,0.000,0.926
840000,0.077,0.000,0.923
840500,0.077,0.000,0.923
841000,0.052,0.000,0.948
841500,0.051,0.005,0.944
842000,0.052,0.000,0.948
842500,0.104,0.000,0.896
843000,0.053,0.000,0.947
843500,0.066,0.000,0.934
844000,0.064,0.000,0.936
844500,0.079,0.000,0.921
845000,0.050,0.000,0.950
845500,0.055,0.000,0.945
846000,0.064,0.000,0.936
846500,0.100,0.000,0.900
847000,0.051,0.018,0.931
847500,0.078,0.000,0.922
848000,0.057,0.015,0.928
848500,0.051,0.018,0.931
849000,0.078,0.001,0.921
849500,0.084,0.006,0.910
850000,0.056,0.000,0.944
850500,0.052,0.000,0.948
851000,0.051,0.000,0.949
851500,0.081,0.000,0.919
852000,0.121,0.005,0.874
852500,0.065,0.000,0.935
853000,0.056,0.000,0.944
853500,0.076,0.004,0.920
854000,0.059,0.000,0.941
854500,0.052,0.001,0.947
855000,0.068,0.000,0.932
855500,0.051,0.000,0.949
856000,0.125,0.000,0.875
856500,0.108,0.000,0.892
857000,0.063,0.000,0.937
857500,0.066,0.000,0.934
858000,0.074,0.001,0.925
858500,0.051,0.018,0.931
859000,0.058,0.000,0.942
859500,0.079,0.000,0.921
860000,0.057,0.020,0.923
860500,0.129,0.000,0.871
861000,0.088,0.000,0.912
861500,0.095,0.003,0.902
862000,0.061,0.002,0.937
862500,0.057,0.000,0.943
863000,0.062,0.000,0.938
863500,0.060,0.000,0.940
864000,0.064,0.000,0.936
864500,0.064,0.000,0.936
865000,0.096,0.000,0.904
865500,0.055,0.020,0.925
866000,0.072,0.001,0.927
866500,0.083,0.000,0.917
867000,0.058,0.000,0.942
867500,0.071,0.000,0.929
868000,0.062,0.000,0.938
868500,0.052,0.000,0.948
869000,0.077,0.000,0.923
869500,0.080,0.000,0.920
870000,0.058,0.000,0.942
870500,0.066,0.000,0.934
871000,0.051,0.005,0.944
871500,0.053,0.002,0.945
872000,0.069,0.002,0.929
872500,0.086,0.008,0.906
873000,0.070,0.000,0.930
873500,0.061,0.000,0.939
874000,0.088,0.000,0.912
874500,0.077,0.000,0.923
875000,0.069,0.007,0.924
875500,0.052,0.000,0.948
876000,0.060,0.006,0.934
876500,0.054,0.000,0.946
877000,0.121,0.000,0.879
877500,0.051,0.000,0.949
878000,0.053,0.004,0.943
878500,0.054,0.000,0.946
879000,0.051,0.000,0.949
879500,0.062,0.000,0.938
880000,0.055,0.000,0.945
880500,0.067,0.000,0.933
881000,0.071,0.000,0.929
881500,0.061,0.000,0.939
882000,0.076,0.002,0.922
882500,0.050,0.000,0.950
883000,0.053,0.000,0.947
883500,0.050,0.000,0.950
884000,0.057,0.000,0.943
884500,0.056,0.000,0.944
885000,0.083,0.000,0.917
885500,0.084,0.005,0.911
886000,0.061,0.000,0.939
886500,0.050,0.009,0.941
887000,0.111,0.000,0.889
887500,0.052,0.007,0.941
888000,0.099,0.000,0.901
888500,0.054,0.016,0.930
889000,0.051,0.001,0.948
889500,0.067,0.006,0.927
890000,0.083,0.001,0.916
890500,0.087,0.000,0.913
891000,0.058,0.000,0.942
891500,0.062,0.018,0.920
892000,0.053,0.000,0.947
892500,0.072,0.000,0.928
893000,0.057,0.000,0.943
893500,0.077,0.000,0.923
894000,0.083,0.000,0.917
894500,0.083,0.000,0.917
895000,0.083,0.024,0.893
895500,0.070,0.000,0.930
896000,0.093,0.012,0.895
896500,0.080,0.000,0.920
897000,0.050,0.000,0.950
897500,0.054,0.000,0.946
898000,0.051,0.000,0.949
898500,0.091,0.000,0.909
899000,0.055,0.001,0.944
899500,0.050,0.000,0.950
900000,0.070,0.000,0.930
900500,0.075,0.004,0.921
901000,0.065,0.000,0.935
901500,0.060,0.006,0.934
902000,0.083,0.004,0.913
902500,0.060,0.001,0.939
903000,0.068,0.000,0.932
903500,0.054,0.000,0.946
904000,0.078,0.000,0.922
904500,0.086,0.000,0.914
905000,0.075,0.000,0.925
905500,0.064,0.011,0.925
906000,0.072,0.000,0.928
906500,0.076,0.000,0.924
907000,0.051,0.000,0.949
907500,0.060,0.000,0.940
908000,0.068,0.000,0.932
908500,0.061,0.000,0.939
909000,0.050,0.000,0.950
909500,0.092,0.000,0.908
910000,0.066,0.000,0.934
910500,0.071,0.000,0.929
911000,0.050,0.000,0.950
911500,0.059,0.000,0.941
912000,0.071,0.008,0.921
912500,0.055,0.002,0.943
913000,0.050,0.000,0.950
913500,0.082,0.000,0.918
914000,0.063,0.000,0.937
914500,0.052,0.000,0.948
915000,0.064,0.016,0.920
915500,0.066,0.000,0.934
916000,0.066,0.000,0.934
916500,0.050,0.000,0.950
917000,0.069,0.000,0.931
917500,0.065,0.001,0.934
918000,0.050,0.001,0.949
918500,0.059,0.008,0.933
919000,0.060,0.000,0.940
919500,0.071,0.003,0.926
920000,0.077,0.000,0.923
920500,0.056,0.000,0.944
921000,0.052,0.000,0.948
921500,0.082,0.000,0.918
922000,0.070,0.000,0.930
922500,0.092,0.003,0.905
923000,0.050,0.017,0.933
923500,0.070,0.000,0.930
924000,0.089,0.000,0.911
924500,0.074,0.000,0.926
925000,0.101,0.000,0.899
925500,0.072,0.000,0.928
926000,0.076,0.015,0.909
926500,0.059,0.000,0.941
927000,0.059,0.001,0.940
927500,0.058,0.000,0.942
928000,0.064,0.000,0.936
928500,0.104,0.000,0.896
929000,0.065,0.000,0.935
929500,0.087,0.001,0.912
930000,0.085,0.000,0.915
930500,0.075,0.000,0.925
931000,0.079,0.000,0.921
931500,0.050,0.000,0.950
932000,0.072,0.000,0.928
932500,0.072,0.000,0.928
933000,0.102,0.000,0.898
933500,0.070,0.008,0.922
934000,0.060,0.000,0.940
934500,0.085,0.000,0.915
935000,0.052,0.000,0.948
935500,0.057,0.000,0.943
936000,0.050,0.000,0.950
936500,0.076,0.000,0.924
937000,0.050,0.031,0.919
937500,0.062,0.000,0.938
938000,0.061,0.000,0.939
938500,0.091,0.000,0.909
939000,0.054,0.000,0.946
939500,0.078,0.000,0.922
940000,0.050,0.005,0.945
940500,0.050,0.000,0.950
941000,0.067,0.014,0.919
941500,0.100,0.002,0.898
942000,0.107,0.000,0.893
942500,0.051,0.011,0.938
943000,0.091,0.001,0.908
943500,0.085,0.000,0.915
944000,0.055,0.000,0.945
944500,0.090,0.000,0.910
945000,0.074,0.000,0.926
945500,0.056,0.000,0.944
946000,0.084,0.002,0.914
946500,0.081,0.000,0.919
947000,0.061,0.000,0.939
947500,0.052,0.019,0.929
948000,0.053,0.000,0.947
948500,0.050,0.008,0.942
949000,0.076,0.003,0.921
949500,0.054,0.016,0.930
950000,0.056,0.002,0.942
950500,0.074,0.000,0.926
951000,0.088,0.010,0.902
951500,0.072,0.006,0.922
952000,0.050,0.000,0.950
952500,0.070,0.000,0.930
953000,0.056,0.005,0.939
953500,0.096,0.000,0.904
954000,0.072,0.000,0.928
954500,0.052,0.003,0.945
955000,0.067,0.000,0.933
955500,0.051,0.005,0.944
956000,0.053,0.009,0.938
956500,0.099,0.020,0.881
957000,0.057,0.000,0.943
957500,0.086,0.000,0.914
958000,0.084,0.000,0.916
958500,0.061,0.000,0.939
959000,0.052,0.011,0.937
959500,0.057,0.000,0.943
960000,0.060,0.000,0.940
960500,0.050,0.000,0.950
961000,0.050,0.021,0.929
961500,0.057,0.000,0.943
962000,0.080,0.000,0.920
962500,0.071,0.000,0.929
963000,0.068,0.000,0.932
963500,0.056,0.000,0.944
964000,0.050,0.000,0.950
964500,0.050,0.000,0.950
965000,0.056,0.001,0.943
965500,0.050,0.024,0.926
966000,0.056,0.000,0.944
966500,0.081,0.023,0.896
967000,0.060,0.000,0.940
967500,0.053,0.000,0.947
968000,0.050,0.000,0.950
968500,0.082,0.000,0.918
969000,0.100,0.000,0.900
969500,0.059,0.000,0.941
970000,0.089,0.000,0.911
970500,0.050,0.009,0.941
971000,0.068,0.019,0.913
971500,0.057,0.000,0.943
972000,0.050,0.000,0.950
972500,0.070,0.000,0.930
973000,0.060,0.000,0.940
973500,0.091,0.000,0.909
974000,0.083,0.000,0.917
974500,0.057,0.000,0.943
975000,0.097,0.000,0.903
975500,0.051,0.000,0.949
976000,0.081,0.000,0.919
976500,0.095,0.026,0.879
977000,0.060,0.000,0.940
977500,0.056,0.000,0.944
978000,0.060,0.000,0.940
978500,0.051,0.000,0.949
979000,0.050,0.002,0.948
979500,0.059,0.000,0.941
980000,0.054,0.000,0.946
980500,0.072,0.000,0.928
981000,0.057,0.000,0.943
981500,0.055,0.000,0.945
982000,0.069,0.000,0.931
982500,0.050,0.022,0.928
983000,0.059,0.000,0.941
983500,0.051,0.004,0.945
984000,0.058,0.001,0.941
984500,0.060,0.022,0.918
985000,0.074,0.000,0.926
985500,0.055,0.000,0.945
986000,0.051,0.001,0.948
986500,0.075,0.000,0.925
987000,0.055,0.000,0.945
987500,0.069,0.003,0.928
988000,0.056,0.018,0.926
988500,0.070,0.000,0.930
989000,0.059,0.001,0.940
989500,0.068,0.000,0.932
990000,0.084,0.000,0.916
990500,0.077,0.009,0.914
991000,0.100,0.000,0.900
991500,0.068,0.011,0.921
992000,0.050,0.000,0.950
992500,0.073,0.005,0.922
993000,0.051,0.000,0.949
993500,0.072,0.000,0.928
994000,0.102,0.000,0.898
994500,0.052,0.006,0.942
995000,0.052,0.000,0.948
995500,0.075,0.000,0.925
996000,0.070,0.000,0.930
996500,0.056,0.000,0.944
997000,0.050,0.000,0.950
997500,0.051,0.007,0.942
998000,0.064,0.003,0.933
998500,0.057,0.000,0.943
999000,0.066,0.000,0.934
999500,0.050,0.000,0.950
1000000,0.050,0.014,0.936
