time,n_A+p,n_B,n_AB
0,0.447,0.553,0.000
500,0.244,0.332,0.424
1000,0.286,0.369,0.346
1500,0.217,0.387,0.396
2000,0.249,0.318,0.433
2500,0.166,0.424,0.410
3000,0.106,0.507,0.387
3500,0.115,0.613,0.272
4000,0.065,0.622,0.313
4500,0.032,0.802,0.166
5000,0.023,0.820,0.157
5500,0.000,0.949,0.051
6000,0.000,0.986,0.014
6500,0.000,0.991,0.009
7000,0.000,1.000,0.000
