time,n_A+p,n_B,n_AB
100,0.391,0.304,0.304
200,0.380,0.326,0.293
300,0.272,0.337,0.391
400,0.239,0.272,0.489
500,0.250,0.402,0.348
600,0.250,0.304,0.446
700,0.261,0.315,0.424
800,0.283,0.293,0.424
900,0.250,0.217,0.533
1000,0.380,0.261,0.359
1100,0.250,0.337,0.413
1200,0.261,0.337,0.402
1300,0.380,0.304,0.315
1400,0.370,0.261,0.370
1500,0.326,0.250,0.424
1600,0.359,0.217,0.424
1700,0.413,0.272,0.315
1800,0.391,0.174,0.435
1900,0.446,0.185,0.370
2000,0.380,0.174,0.446
2100,0.391,0.207,0.402
2200,0.337,0.196,0.467
2300,0.489,0.152,0.359
2400,0.457,0.228,0.315
2500,0.467,0.120,0.413
2600,0.500,0.098,0.402
2700,0.457,0.120,0.424
2800,0.489,0.120,0.391
2900,0.587,0.043,0.370
3000,0.598,0.087,0.315
3100,0.652,0.054,0.293
3200,0.674,0.076,0.250
3300,0.728,0.043,0.228
3400,0.772,0.098,0.130
3500,0.696,0.098,0.207
3600,0.685,0.087,0.228
3700,0.522,0.098,0.380
3800,0.533,0.098,0.370
3900,0.478,0.087,0.435
4000,0.620,0.109,0.272
4100,0.663,0.109,0.228
4200,0.652,0.163,0.185
4300,0.685,0.076,0.239
4400,0.685,0.054,0.261
4500,0.685,0.076,0.239
4600,0.772,0.098,0.130
4700,0.696,0.076,0.228
4800,0.717,0.076,0.207
4900,0.674,0.065,0.261
5000,0.609,0.065,0.326
5100,0.543,0.076,0.380
5200,0.565,0.098,0.337
5300,0.696,0.076,0.228
5400,0.783,0.054,0.163
5500,0.793,0.065,0.141
5600,0.739,0.065,0.196
5700,0.783,0.043,0.174
5800,0.652,0.098,0.250
5900,0.728,0.033,0.239
6000,0.793,0.000,0.207
6100,0.815,0.000,0.185
6200,0.815,0.011,0.174
6300,0.804,0.022,0.174
6400,0.783,0.022,0.196
6500,0.837,0.000,0.163
6600,0.793,0.022,0.185
6700,0.804,0.054,0.141
6800,0.772,0.033,0.196
6900,0.717,0.033,0.250
7000,0.783,0.054,0.163
7100,0.793,0.033,0.174
7200,0.783,0.000,0.217
7300,0.891,0.000,0.109
7400,0.880,0.000,0.120
7500,0.913,0.000,0.087
7600,0.891,0.000,0.109
7700,0.848,0.000,0.152
7800,0.913,0.000,0.087
7900,0.859,0.022,0.120
8000,0.935,0.011,0.054
8100,0.946,0.011,0.043
8200,0.913,0.011,0.076
8300,0.935,0.011,0.054
8400,0.902,0.011,0.087
8500,0.957,0.000,0.043
8600,0.967,0.000,0.033
8700,0.946,0.000,0.054
8800,0.978,0.000,0.022
8900,0.989,0.000,0.011
9000,1.000,0.000,0.000
