time,n_A+p,n_B,n_AB
500,0.010,0.963,0.027
1000,0.010,0.960,0.030
1500,0.010,0.960,0.030
2000,0.010,0.946,0.044
2500,0.010,0.927,0.063
3000,0.010,0.952,0.038
3500,0.010,0.957,0.033
4000,0.010,0.948,0.042
4500,0.010,0.945,0.045
5000,0.010,0.925,0.065
5500,0.010,0.885,0.105
6000,0.010,0.885,0.105
6500,0.010,0.901,0.089
7000,0.010,0.884,0.106
7500,0.010,0.899,0.091
8000,0.010,0.890,0.100
8500,0.010,0.878,0.112
9000,0.010,0.836,0.154
9500,0.010,0.843,0.147
10000,0.010,0.861,0.129
10500,0.010,0.889,0.101
11000,0.010,0.893,0.097
11500,0.010,0.891,0.099
12000,0.010,0.874,0.116
12500,0.010,0.897,0.093
13000,0.010,0.864,0.126
13500,0.010,0.877,0.113
14000,0.010,0.876,0.114
14500,0.010,0.856,0.134
15000,0.010,0.807,0.182
15500,0.010,0.766,0.224
16000,0.010,0.791,0.199
16500,0.010,0.804,0.186
17000,0.010,0.750,0.240
17500,0.010,0.771,0.219
18000,0.010,0.781,0.209
18500,0.010,0.785,0.205
19000,0.010,0.822,0.168
19500,0.010,0.815,0.175
20000,0.010,0.847,0.143
20500,0.010,0.832,0.158
21000,0.010,0.830,0.160
21500,0.010,0.868,0.122
22000,0.010,0.858,0.132
22500,0.010,0.859,0.131
23000,0.010,0.857,0.133
23500,0.010,0.822,0.168
24000,0.010,0.846,0.144
24500,0.010,0.852,0.138
25000,0.010,0.847,0.143
25500,0.010,0.835,0.155
26000,0.010,0.835,0.155
26500,0.010,0.833,0.157
27000,0.010,0.832,0.158
27500,0.010,0.819,0.171
28000,0.010,0.840,0.150
28500,0.010,0.853,0.137
29000,0.010,0.844,0.146
29500,0.010,0.847,0.143
30000,0.010,0.862,0.128
30500,0.010,0.868,0.122
31000,0.010,0.891,0.099
31500,0.010,0.869,0.121
32000,0.010,0.881,0.109
32500,0.010,0.894,0.096
33000,0.010,0.882,0.108
33500,0.010,0.846,0.144
34000,0.010,0.861,0.129
34500,0.010,0.860,0.130
35000,0.010,0.863,0.127
35500,0.010,0.859,0.131
36000,0.010,0.887,0.103
36500,0.010,0.868,0.122
37000,0.010,0.808,0.181
37500,0.010,0.811,0.179
38000,0.010,0.843,0.147
38500,0.010,0.785,0.205
39000,0.010,0.822,0.168
39500,0.010,0.833,0.157
40000,0.010,0.808,0.181
40500,0.010,0.783,0.207
41000,0.010,0.778,0.212
41500,0.010,0.796,0.194
42000,0.010,0.856,0.134
42500,0.010,0.864,0.126
43000,0.010,0.892,0.098
43500,0.010,0.873,0.117
44000,0.010,0.856,0.134
44500,0.010,0.854,0.136
45000,0.010,0.854,0.136
45500,0.010,0.833,0.157
46000,0.010,0.864,0.126
46500,0.010,0.887,0.103
47000,0.010,0.884,0.106
47500,0.010,0.887,0.103
48000,0.010,0.886,0.104
48500,0.010,0.894,0.096
49000,0.010,0.891,0.099
49500,0.010,0.908,0.082
50000,0.010,0.909,0.081
50500,0.010,0.868,0.122
51000,0.010,0.887,0.103
51500,0.010,0.879,0.111
52000,0.010,0.926,0.064
52500,0.010,0.930,0.059
53000,0.010,0.908,0.082
53500,0.010,0.906,0.084
54000,0.010,0.902,0.088
54500,0.010,0.901,0.089
55000,0.010,0.879,0.111
55500,0.010,0.874,0.116
56000,0.010,0.880,0.110
56500,0.010,0.873,0.117
57000,0.010,0.893,0.097
57500,0.010,0.916,0.074
58000,0.010,0.950,0.040
58500,0.010,0.934,0.055
59000,0.010,0.925,0.065
59500,0.010,0.918,0.072
60000,0.010,0.932,0.058
60500,0.010,0.907,0.083
61000,0.010,0.929,0.060
61500,0.010,0.904,0.086
62000,0.010,0.900,0.090
62500,0.010,0.886,0.104
63000,0.010,0.864,0.126
63500,0.010,0.878,0.112
64000,0.010,0.867,0.123
64500,0.010,0.887,0.103
65000,0.010,0.871,0.119
65500,0.010,0.867,0.123
66000,0.010,0.901,0.089
66500,0.010,0.867,0.123
67000,0.010,0.857,0.133
67500,0.010,0.857,0.133
68000,0.010,0.848,0.142
68500,0.010,0.867,0.123
69000,0.010,0.852,0.138
69500,0.010,0.887,0.103
70000,0.010,0.869,0.121
70500,0.010,0.869,0.121
71000,0.010,0.865,0.125
71500,0.010,0.860,0.130
72000,0.010,0.859,0.131
72500,0.010,0.892,0.098
73000,0.010,0.880,0.110
73500,0.010,0.873,0.117
74000,0.010,0.819,0.171
74500,0.010,0.828,0.162
75000,0.010,0.854,0.136
75500,0.010,0.879,0.111
76000,0.010,0.865,0.125
76500,0.010,0.860,0.130
77000,0.010,0.881,0.109
77500,0.010,0.887,0.103
78000,0.010,0.874,0.116
78500,0.010,0.853,0.137
79000,0.010,0.873,0.117
79500,0.010,0.888,0.102
80000,0.010,0.863,0.127
80500,0.010,0.867,0.123
81000,0.010,0.866,0.124
81500,0.010,0.884,0.106
82000,0.010,0.869,0.121
82500,0.010,0.867,0.123
83000,0.010,0.887,0.103
83500,0.010,0.882,0.108
84000,0.010,0.838,0.152
84500,0.010,0.830,0.160
85000,0.010,0.846,0.144
85500,0.010,0.836,0.154
86000,0.010,0.875,0.115
86500,0.010,0.878,0.112
87000,0.010,0.898,0.092
87500,0.010,0.902,0.088
88000,0.010,0.870,0.120
88500,0.010,0.845,0.145
89000,0.010,0.805,0.184
89500,0.010,0.786,0.204
90000,0.010,0.812,0.177
90500,0.010,0.842,0.148
91000,0.010,0.846,0.144
91500,0.010,0.846,0.144
92000,0.010,0.835,0.155
92500,0.010,0.841,0.149
93000,0.010,0.875,0.115
93500,0.010,0.868,0.122
94000,0.010,0.867,0.123
94500,0.010,0.811,0.178
95000,0.010,0.806,0.184
95500,0.010,0.832,0.158
96000,0.010,0.822,0.168
96500,0.010,0.802,0.188
97000,0.010,0.867,0.123
97500,0.010,0.874,0.116
98000,0.010,0.858,0.132
98500,0.010,0.837,0.153
99000,0.010,0.752,0.238
99500,0.010,0.762,0.228
100000,0.010,0.812,0.177
100500,0.010,0.815,0.175
101000,0.010,0.844,0.146
101500,0.010,0.836,0.154
102000,0.010,0.843,0.147
102500,0.010,0.854,0.136
103000,0.010,0.839,0.151
103500,0.010,0.824,0.166
104000,0.010,0.842,0.148
104500,0.010,0.857,0.133
105000,0.010,0.868,0.122
105500,0.010,0.855,0.135
106000,0.010,0.893,0.097
106500,0.010,0.896,0.094
107000,0.010,0.886,0.104
107500,0.010,0.868,0.122
108000,0.010,0.896,0.094
108500,0.010,0.910,0.080
109000,0.010,0.891,0.099
109500,0.010,0.906,0.084
110000,0.010,0.903,0.087
110500,0.010,0.891,0.099
111000,0.010,0.893,0.097
111500,0.010,0.894,0.096
112000,0.010,0.926,0.064
112500,0.010,0.896,0.094
113000,0.010,0.887,0.103
113500,0.010,0.874,0.116
114000,0.010,0.880,0.110
114500,0.010,0.824,0.166
115000,0.010,0.844,0.146
115500,0.010,0.863,0.127
116000,0.010,0.846,0.144
116500,0.010,0.850,0.140
117000,0.010,0.849,0.141
117500,0.010,0.870,0.120
118000,0.010,0.865,0.125
118500,0.010,0.865,0.125
119000,0.010,0.860,0.130
119500,0.010,0.881,0.109
120000,0.010,0.888,0.102
120500,0.010,0.869,0.121
121000,0.010,0.870,0.120
121500,0.010,0.878,0.112
122000,0.010,0.848,0.142
122500,0.010,0.827,0.163
123000,0.010,0.865,0.125
123500,0.010,0.903,0.087
124000,0.010,0.919,0.071
124500,0.010,0.898,0.092
125000,0.010,0.892,0.098
125500,0.010,0.879,0.111
126000,0.010,0.850,0.140
126500,0.010,0.889,0.101
127000,0.010,0.860,0.130
127500,0.010,0.846,0.144
128000,0.010,0.846,0.144
128500,0.010,0.859,0.131
129000,0.010,0.882,0.108
129500,0.010,0.851,0.139
130000,0.010,0.817,0.173
130500,0.010,0.842,0.148
131000,0.010,0.804,0.185
131500,0.010,0.857,0.133
132000,0.010,0.852,0.138
132500,0.010,0.872,0.118
133000,0.010,0.866,0.124
133500,0.010,0.882,0.108
134000,0.010,0.886,0.104
134500,0.010,0.883,0.107
135000,0.010,0.879,0.111
135500,0.010,0.838,0.152
136000,0.010,0.895,0.095
136500,0.010,0.904,0.086
137000,0.010,0.925,0.065
137500,0.010,0.929,0.061
138000,0.010,0.905,0.085
138500,0.010,0.872,0.118
139000,0.010,0.890,0.100
139500,0.010,0.880,0.110
140000,0.010,0.926,0.064
140500,0.010,0.898,0.092
141000,0.010,0.891,0.099
141500,0.010,0.847,0.143
142000,0.010,0.893,0.097
142500,0.010,0.889,0.101
143000,0.010,0.885,0.105
143500,0.010,0.863,0.127
144000,0.010,0.884,0.106
144500,0.010,0.866,0.124
145000,0.010,0.877,0.113
145500,0.010,0.861,0.129
146000,0.010,0.863,0.127
146500,0.010,0.839,0.151
147000,0.010,0.839,0.151
147500,0.010,0.851,0.139
148000,0.010,0.797,0.193
148500,0.010,0.813,0.177
149000,0.010,0.831,0.159
149500,0.010,0.840,0.150
150000,0.010,0.861,0.129
150500,0.010,0.880,0.110
151000,0.010,0.874,0.116
151500,0.010,0.893,0.097
152000,0.010,0.890,0.100
152500,0.010,0.870,0.120
153000,0.010,0.884,0.106
153500,0.010,0.893,0.097
154000,0.010,0.905,0.085
154500,0.010,0.883,0.107
155000,0.010,0.901,0.089
155500,0.010,0.901,0.089
156000,0.010,0.870,0.120
156500,0.010,0.841,0.149
157000,0.010,0.855,0.135
157500,0.010,0.836,0.154
158000,0.010,0.841,0.149
158500,0.010,0.827,0.163
159000,0.010,0.819,0.171
159500,0.010,0.833,0.157
160000,0.010,0.848,0.142
160500,0.010,0.859,0.131
161000,0.010,0.857,0.133
161500,0.010,0.869,0.121
162000,0.010,0.875,0.115
162500,0.010,0.893,0.097
163000,0.010,0.907,0.083
163500,0.010,0.883,0.107
164000,0.010,0.871,0.119
164500,0.010,0.869,0.121
165000,0.010,0.880,0.110
165500,0.010,0.866,0.124
166000,0.010,0.882,0.108
166500,0.010,0.864,0.126
167000,0.010,0.884,0.106
167500,0.010,0.839,0.151
168000,0.010,0.855,0.135
168500,0.010,0.856,0.134
169000,0.010,0.876,0.114
169500,0.010,0.852,0.138
170000,0.010,0.848,0.142
170500,0.010,0.860,0.130
171000,0.010,0.855,0.135
171500,0.010,0.867,0.123
172000,0.010,0.846,0.144
172500,0.010,0.863,0.127
173000,0.010,0.868,0.122
173500,0.010,0.859,0.131
174000,0.010,0.857,0.133
174500,0.010,0.893,0.097
175000,0.010,0.887,0.103
175500,0.010,0.909,0.081
176000,0.010,0.891,0.099
176500,0.010,0.916,0.074
177000,0.010,0.924,0.066
177500,0.010,0.917,0.073
178000,0.010,0.902,0.088
178500,0.010,0.878,0.112
179000,0.010,0.847,0.143
179500,0.010,0.861,0.129
180000,0.010,0.871,0.119
180500,0.010,0.838,0.152
181000,0.010,0.848,0.142
181500,0.010,0.862,0.128
182000,0.010,0.896,0.094
182500,0.010,0.894,0.096
183000,0.010,0.917,0.073
183500,0.010,0.898,0.092
184000,0.010,0.893,0.097
184500,0.010,0.903,0.087
185000,0.010,0.918,0.072
185500,0.010,0.901,0.089
186000,0.010,0.938,0.052
186500,0.010,0.936,0.053
187000,0.010,0.881,0.109
187500,0.010,0.851,0.139
188000,0.010,0.903,0.087
188500,0.010,0.858,0.132
189000,0.010,0.903,0.087
189500,0.010,0.876,0.114
190000,0.010,0.870,0.120
190500,0.010,0.882,0.108
191000,0.010,0.864,0.126
191500,0.010,0.857,0.133
192000,0.010,0.827,0.163
192500,0.010,0.811,0.178
193000,0.010,0.780,0.210
193500,0.010,0.770,0.220
194000,0.010,0.812,0.177
194500,0.010,0.807,0.183
195000,0.010,0.836,0.154
195500,0.010,0.850,0.140
196000,0.010,0.854,0.136
196500,0.010,0.871,0.119
197000,0.010,0.896,0.094
197500,0.010,0.882,0.108
198000,0.010,0.891,0.099
198500,0.010,0.862,0.128
199000,0.010,0.868,0.122
199500,0.010,0.869,0.121
200000,0.010,0.871,0.119
200500,0.010,0.842,0.148
201000,0.010,0.872,0.118
201500,0.010,0.887,0.103
202000,0.010,0.880,0.110
202500,0.010,0.820,0.170
203000,0.010,0.829,0.161
203500,0.010,0.829,0.161
204000,0.010,0.818,0.172
204500,0.010,0.871,0.119
205000,0.010,0.891,0.099
205500,0.010,0.861,0.129
206000,0.010,0.879,0.111
206500,0.010,0.887,0.103
207000,0.010,0.891,0.099
207500,0.010,0.910,0.080
208000,0.010,0.863,0.127
208500,0.010,0.865,0.125
209000,0.010,0.856,0.134
209500,0.010,0.853,0.137
210000,0.010,0.855,0.135
210500,0.010,0.835,0.155
211000,0.010,0.813,0.177
211500,0.010,0.853,0.137
212000,0.010,0.867,0.123
212500,0.010,0.873,0.117
213000,0.010,0.870,0.120
213500,0.010,0.882,0.108
214000,0.010,0.865,0.125
214500,0.010,0.871,0.119
215000,0.010,0.857,0.133
215500,0.010,0.864,0.126
216000,0.010,0.817,0.173
216500,0.010,0.824,0.166
217000,0.010,0.769,0.221
217500,0.010,0.788,0.202
218000,0.010,0.827,0.163
218500,0.010,0.837,0.153
219000,0.010,0.853,0.137
219500,0.010,0.844,0.146
220000,0.010,0.820,0.170
220500,0.010,0.838,0.152
221000,0.010,0.874,0.116
221500,0.010,0.867,0.123
222000,0.010,0.873,0.117
222500,0.010,0.821,0.169
223000,0.010,0.873,0.117
223500,0.010,0.815,0.175
224000,0.010,0.835,0.155
224500,0.010,0.868,0.122
225000,0.010,0.886,0.104
225500,0.010,0.875,0.115
226000,0.010,0.894,0.096
226500,0.010,0.898,0.092
227000,0.010,0.910,0.080
227500,0.010,0.898,0.092
228000,0.010,0.895,0.095
228500,0.010,0.903,0.087
229000,0.010,0.927,0.062
229500,0.010,0.915,0.075
230000,0.010,0.890,0.100
230500,0.010,0.900,0.090
231000,0.010,0.896,0.094
231500,0.010,0.879,0.111
232000,0.010,0.890,0.100
232500,0.010,0.902,0.088
233000,0.010,0.870,0.120
233500,0.010,0.802,0.188
234000,0.010,0.847,0.143
234500,0.010,0.839,0.151
235000,0.010,0.846,0.144
235500,0.010,0.824,0.166
236000,0.010,0.823,0.167
236500,0.010,0.798,0.192
237000,0.010,0.826,0.164
237500,0.010,0.809,0.181
238000,0.010,0.807,0.183
238500,0.010,0.860,0.130
239000,0.010,0.911,0.079
239500,0.010,0.875,0.115
240000,0.010,0.813,0.177
240500,0.010,0.855,0.135
241000,0.010,0.866,0.124
241500,0.010,0.874,0.116
242000,0.010,0.818,0.172
242500,0.010,0.814,0.176
243000,0.010,0.823,0.167
243500,0.010,0.833,0.157
244000,0.010,0.861,0.129
244500,0.010,0.875,0.115
245000,0.010,0.889,0.101
245500,0.010,0.874,0.116
246000,0.010,0.851,0.139
246500,0.010,0.848,0.142
247000,0.010,0.858,0.132
247500,0.010,0.877,0.113
248000,0.010,0.913,0.077
248500,0.010,0.922,0.068
249000,0.010,0.918,0.072
249500,0.010,0.948,0.042
250000,0.010,0.930,0.060
250500,0.010,0.905,0.085
251000,0.010,0.890,0.100
251500,0.010,0.883,0.107
252000,0.010,0.875,0.115
252500,0.010,0.850,0.140
253000,0.010,0.835,0.155
253500,0.010,0.859,0.131
254000,0.010,0.853,0.137
254500,0.010,0.844,0.146
255000,0.010,0.864,0.126
255500,0.010,0.887,0.103
256000,0.010,0.886,0.104
256500,0.010,0.875,0.115
257000,0.010,0.881,0.109
257500,0.010,0.869,0.121
258000,0.010,0.877,0.113
258500,0.010,0.873,0.117
259000,0.010,0.875,0.115
259500,0.010,0.865,0.125
260000,0.010,0.860,0.130
260500,0.010,0.833,0.157
261000,0.010,0.861,0.129
261500,0.010,0.845,0.145
262000,0.010,0.828,0.162
262500,0.010,0.820,0.170
263000,0.010,0.797,0.193
263500,0.010,0.803,0.187
264000,0.010,0.836,0.154
264500,0.010,0.835,0.155
265000,0.010,0.826,0.164
265500,0.010,0.862,0.128
266000,0.010,0.861,0.129
266500,0.010,0.858,0.132
267000,0.010,0.827,0.163
267500,0.010,0.831,0.159
268000,0.010,0.824,0.166
268500,0.010,0.828,0.162
269000,0.010,0.842,0.148
269500,0.010,0.829,0.161
270000,0.010,0.832,0.158
270500,0.010,0.837,0.153
271000,0.010,0.829,0.161
271500,0.010,0.847,0.143
272000,0.010,0.837,0.153
272500,0.010,0.839,0.151
273000,0.010,0.859,0.131
273500,0.010,0.851,0.139
274000,0.010,0.895,0.095
274500,0.010,0.866,0.124
275000,0.010,0.863,0.127
275500,0.010,0.871,0.119
276000,0.010,0.853,0.137
276500,0.010,0.880,0.110
277000,0.010,0.888,0.102
277500,0.010,0.862,0.128
278000,0.010,0.870,0.120
278500,0.010,0.870,0.120
279000,0.010,0.877,0.113
279500,0.010,0.882,0.108
280000,0.010,0.901,0.089
280500,0.010,0.875,0.115
281000,0.010,0.881,0.109
281500,0.010,0.881,0.109
282000,0.010,0.861,0.129
282500,0.010,0.890,0.100
283000,0.010,0.884,0.106
283500,0.010,0.887,0.103
284000,0.010,0.876,0.114
284500,0.010,0.889,0.101
285000,0.010,0.864,0.126
285500,0.010,0.838,0.152
286000,0.010,0.854,0.136
286500,0.010,0.841,0.149
287000,0.010,0.858,0.132
287500,0.010,0.847,0.143
288000,0.010,0.863,0.127
288500,0.010,0.876,0.114
289000,0.010,0.875,0.115
289500,0.010,0.884,0.106
290000,0.010,0.894,0.096
290500,0.010,0.868,0.122
291000,0.010,0.856,0.134
291500,0.010,0.824,0.166
292000,0.010,0.811,0.179
292500,0.010,0.832,0.158
293000,0.010,0.838,0.152
293500,0.010,0.847,0.143
294000,0.010,0.845,0.145
294500,0.010,0.860,0.130
295000,0.010,0.869,0.121
295500,0.010,0.879,0.111
296000,0.010,0.872,0.118
296500,0.010,0.873,0.117
297000,0.010,0.881,0.109
297500,0.010,0.905,0.085
298000,0.010,0.918,0.072
298500,0.010,0.927,0.062
299000,0.010,0.932,0.058
299500,0.010,0.912,0.078
300000,0.010,0.919,0.071
300500,0.010,0.910,0.080
301000,0.010,0.921,0.069
301500,0.010,0.902,0.088
302000,0.010,0.919,0.071
302500,0.010,0.904,0.086
303000,0.010,0.909,0.081
303500,0.010,0.901,0.089
304000,0.010,0.840,0.150
304500,0.010,0.866,0.124
305000,0.010,0.866,0.124
305500,0.010,0.857,0.133
306000,0.010,0.862,0.128
306500,0.010,0.863,0.127
307000,0.010,0.898,0.092
307500,0.010,0.868,0.122
308000,0.010,0.839,0.151
308500,0.010,0.823,0.167
309000,0.010,0.830,0.160
309500,0.010,0.807,0.182
310000,0.010,0.865,0.125
310500,0.010,0.875,0.115
311000,0.010,0.881,0.109
311500,0.010,0.884,0.106
312000,0.010,0.890,0.100
312500,0.010,0.881,0.109
313000,0.010,0.872,0.118
313500,0.010,0.839,0.151
314000,0.010,0.832,0.158
314500,0.010,0.858,0.132
315000,0.010,0.849,0.141
315500,0.010,0.887,0.103
316000,0.010,0.884,0.106
316500,0.010,0.878,0.112
317000,0.010,0.916,0.074
317500,0.010,0.892,0.098
318000,0.010,0.895,0.095
318500,0.010,0.906,0.084
319000,0.010,0.913,0.077
319500,0.010,0.920,0.070
320000,0.010,0.901,0.089
320500,0.010,0.892,0.098
321000,0.010,0.888,0.102
321500,0.010,0.892,0.098
322000,0.010,0.889,0.101
322500,0.010,0.921,0.069
323000,0.010,0.919,0.071
323500,0.010,0.894,0.096
324000,0.010,0.891,0.099
324500,0.010,0.859,0.131
325000,0.010,0.860,0.130
325500,0.010,0.890,0.100
326000,0.010,0.885,0.105
326500,0.010,0.885,0.105
327000,0.010,0.902,0.088
327500,0.010,0.911,0.079
328000,0.010,0.906,0.084
328500,0.010,0.936,0.054
329000,0.010,0.910,0.080
329500,0.010,0.934,0.056
330000,0.010,0.925,0.065
330500,0.010,0.926,0.064
331000,0.010,0.883,0.107
331500,0.010,0.862,0.128
332000,0.010,0.838,0.152
332500,0.010,0.842,0.148
333000,0.010,0.832,0.158
333500,0.010,0.836,0.154
334000,0.010,0.820,0.170
334500,0.010,0.850,0.140
335000,0.010,0.870,0.120
335500,0.010,0.828,0.162
336000,0.010,0.821,0.169
336500,0.010,0.853,0.137
337000,0.010,0.825,0.165
337500,0.010,0.854,0.136
338000,0.010,0.840,0.150
338500,0.010,0.821,0.169
339000,0.010,0.785,0.205
339500,0.010,0.815,0.175
340000,0.010,0.826,0.164
340500,0.010,0.844,0.146
341000,0.010,0.821,0.169
341500,0.010,0.872,0.118
342000,0.010,0.897,0.093
342500,0.010,0.898,0.092
343000,0.010,0.910,0.080
343500,0.010,0.886,0.104
344000,0.010,0.875,0.115
344500,0.010,0.892,0.098
345000,0.010,0.906,0.084
345500,0.010,0.912,0.078
346000,0.010,0.905,0.085
346500,0.010,0.873,0.117
347000,0.010,0.844,0.146
347500,0.010,0.868,0.122
348000,0.010,0.871,0.119
348500,0.010,0.887,0.103
349000,0.010,0.836,0.154
349500,0.010,0.879,0.111
350000,0.010,0.863,0.127
350500,0.010,0.877,0.113
351000,0.010,0.900,0.090
351500,0.010,0.917,0.073
352000,0.010,0.943,0.047
352500,0.010,0.918,0.072
353000,0.010,0.904,0.086
353500,0.010,0.893,0.097
354000,0.010,0.880,0.110
354500,0.010,0.882,0.108
355000,0.010,0.882,0.108
355500,0.010,0.867,0.123
356000,0.010,0.847,0.143
356500,0.010,0.854,0.136
357000,0.010,0.845,0.145
357500,0.010,0.815,0.175
358000,0.010,0.843,0.147
358500,0.010,0.870,0.120
359000,0.010,0.763,0.227
359500,0.010,0.821,0.169
360000,0.010,0.839,0.151
360500,0.010,0.844,0.146
361000,0.010,0.840,0.150
361500,0.010,0.809,0.180
362000,0.010,0.850,0.140
362500,0.010,0.854,0.136
363000,0.010,0.856,0.134
363500,0.010,0.830,0.160
364000,0.010,0.855,0.135
364500,0.010,0.871,0.119
365000,0.010,0.902,0.088
365500,0.010,0.924,0.066
366000,0.010,0.914,0.076
366500,0.010,0.885,0.105
367000,0.010,0.883,0.107
367500,0.010,0.897,0.093
368000,0.010,0.907,0.083
368500,0.010,0.886,0.104
369000,0.010,0.869,0.121
369500,0.010,0.877,0.113
370000,0.010,0.876,0.114
370500,0.010,0.867,0.123
371000,0.010,0.872,0.118
371500,0.010,0.876,0.114
372000,0.010,0.896,0.094
372500,0.010,0.898,0.092
373000,0.010,0.909,0.081
373500,0.010,0.880,0.110
374000,0.010,0.864,0.126
374500,0.010,0.872,0.118
375000,0.010,0.895,0.095
375500,0.010,0.880,0.110
376000,0.010,0.895,0.095
376500,0.010,0.863,0.127
377000,0.010,0.861,0.129
377500,0.010,0.809,0.180
378000,0.010,0.830,0.160
378500,0.010,0.827,0.163
379000,0.010,0.848,0.142
379500,0.010,0.832,0.158
380000,0.010,0.843,0.147
380500,0.010,0.797,0.193
381000,0.010,0.797,0.193
381500,0.010,0.829,0.161
382000,0.010,0.877,0.113
382500,0.010,0.863,0.127
383000,0.010,0.876,0.114
383500,0.010,0.905,0.085
384000,0.010,0.884,0.106
384500,0.010,0.873,0.117
385000,0.010,0.858,0.132
385500,0.010,0.848,0.142
386000,0.010,0.847,0.143
386500,0.010,0.842,0.148
387000,0.010,0.875,0.115
387500,0.010,0.861,0.129
388000,0.010,0.877,0.113
388500,0.010,0.878,0.112
389000,0.010,0.865,0.125
389500,0.010,0.867,0.123
390000,0.010,0.864,0.126
390500,0.010,0.872,0.118
391000,0.010,0.854,0.136
391500,0.010,0.870,0.120
392000,0.010,0.885,0.105
392500,0.010,0.892,0.098
393000,0.010,0.930,0.060
393500,0.010,0.917,0.073
394000,0.010,0.892,0.098
394500,0.010,0.924,0.066
395000,0.010,0.933,0.056
395500,0.010,0.923,0.067
396000,0.010,0.910,0.080
396500,0.010,0.881,0.109
397000,0.010,0.849,0.141
397500,0.010,0.862,0.128
398000,0.010,0.821,0.169
398500,0.010,0.839,0.151
399000,0.010,0.833,0.157
399500,0.010,0.841,0.149
400000,0.010,0.843,0.147
400500,0.010,0.798,0.192
401000,0.010,0.805,0.184
401500,0.010,0.830,0.160
402000,0.010,0.802,0.188
402500,0.010,0.832,0.158
403000,0.010,0.806,0.184
403500,0.010,0.817,0.173
404000,0.010,0.846,0.144
404500,0.010,0.867,0.123
405000,0.010,0.879,0.111
405500,0.010,0.832,0.158
406000,0.010,0.839,0.151
406500,0.010,0.888,0.102
407000,0.010,0.919,0.071
407500,0.010,0.956,0.034
408000,0.010,0.936,0.054
408500,0.010,0.918,0.072
409000,0.010,0.939,0.051
409500,0.010,0.941,0.049
410000,0.010,0.907,0.083
410500,0.010,0.876,0.114
411000,0.010,0.874,0.116
411500,0.010,0.856,0.134
412000,0.010,0.873,0.117
412500,0.010,0.892,0.098
413000,0.010,0.899,0.091
413500,0.010,0.917,0.073
414000,0.010,0.928,0.062
414500,0.010,0.914,0.076
415000,0.010,0.906,0.084
415500,0.010,0.899,0.091
416000,0.010,0.884,0.106
416500,0.010,0.873,0.117
417000,0.010,0.865,0.125
417500,0.010,0.862,0.128
418000,0.010,0.875,0.115
418500,0.010,0.868,0.122
419000,0.010,0.890,0.100
419500,0.010,0.889,0.101
420000,0.010,0.859,0.131
420500,0.010,0.863,0.127
421000,0.010,0.886,0.104
421500,0.010,0.900,0.090
422000,0.010,0.888,0.102
422500,0.010,0.878,0.112
423000,0.010,0.897,0.093
423500,0.010,0.917,0.073
424000,0.010,0.906,0.084
424500,0.010,0.900,0.090
425000,0.010,0.919,0.071
425500,0.010,0.878,0.112
426000,0.010,0.860,0.130
426500,0.010,0.834,0.156
427000,0.010,0.830,0.160
427500,0.010,0.806,0.184
428000,0.010,0.817,0.173
428500,0.010,0.831,0.159
429000,0.010,0.833,0.157
429500,0.010,0.833,0.157
430000,0.010,0.886,0.104
430500,0.010,0.852,0.138
431000,0.010,0.795,0.195
431500,0.010,0.786,0.204
432000,0.010,0.762,0.228
432500,0.010,0.747,0.243
433000,0.010,0.830,0.160
433500,0.010,0.818,0.172
434000,0.010,0.844,0.146
434500,0.010,0.863,0.127
435000,0.010,0.881,0.109
435500,0.010,0.825,0.165
436000,0.010,0.817,0.173
436500,0.010,0.859,0.131
437000,0.010,0.844,0.146
437500,0.010,0.848,0.142
438000,0.010,0.896,0.094
438500,0.010,0.895,0.095
439000,0.010,0.919,0.071
439500,0.010,0.902,0.088
440000,0.010,0.912,0.078
440500,0.010,0.897,0.093
441000,0.010,0.898,0.092
441500,0.010,0.889,0.101
442000,0.010,0.865,0.125
442500,0.010,0.879,0.111
443000,0.010,0.854,0.136
443500,0.010,0.858,0.132
444000,0.010,0.844,0.146
444500,0.010,0.870,0.120
445000,0.010,0.840,0.150
445500,0.010,0.815,0.175
446000,0.010,0.851,0.139
446500,0.010,0.862,0.128
447000,0.010,0.851,0.139
447500,0.010,0.850,0.140
448000,0.010,0.846,0.144
448500,0.010,0.860,0.130
449000,0.010,0.900,0.090
449500,0.010,0.870,0.120
450000,0.010,0.842,0.148
450500,0.010,0.809,0.181
451000,0.010,0.848,0.142
451500,0.010,0.855,0.135
452000,0.010,0.865,0.125
452500,0.010,0.860,0.130
453000,0.010,0.872,0.118
453500,0.010,0.856,0.134
454000,0.010,0.882,0.108
454500,0.010,0.874,0.116
455000,0.010,0.874,0.116
455500,0.010,0.884,0.106
456000,0.010,0.884,0.106
456500,0.010,0.892,0.098
457000,0.010,0.900,0.090
457500,0.010,0.910,0.080
458000,0.010,0.891,0.099
458500,0.010,0.876,0.114
459000,0.010,0.869,0.121
459500,0.010,0.831,0.159
460000,0.010,0.839,0.151
460500,0.010,0.807,0.183
461000,0.010,0.846,0.144
461500,0.010,0.903,0.087
462000,0.010,0.896,0.094
462500,0.010,0.912,0.078
463000,0.010,0.886,0.104
463500,0.010,0.899,0.091
464000,0.010,0.880,0.110
464500,0.010,0.886,0.104
465000,0.010,0.878,0.112
465500,0.010,0.897,0.093
466000,0.010,0.907,0.083
466500,0.010,0.875,0.115
467000,0.010,0.876,0.114
467500,0.010,0.872,0.118
468000,0.010,0.850,0.140
468500,0.010,0.828,0.162
469000,0.010,0.822,0.168
469500,0.010,0.827,0.163
470000,0.010,0.826,0.164
470500,0.010,0.854,0.136
471000,0.010,0.876,0.114
471500,0.010,0.892,0.098
472000,0.010,0.919,0.071
472500,0.010,0.900,0.090
473000,0.010,0.916,0.074
473500,0.010,0.925,0.065
474000,0.010,0.889,0.101
474500,0.010,0.866,0.124
475000,0.010,0.860,0.130
475500,0.010,0.840,0.150
476000,0.010,0.852,0.138
476500,0.010,0.864,0.126
477000,0.010,0.861,0.129
477500,0.010,0.866,0.124
478000,0.010,0.868,0.122
478500,0.010,0.824,0.166
479000,0.010,0.870,0.120
479500,0.010,0.878,0.112
480000,0.010,0.887,0.103
480500,0.010,0.867,0.123
481000,0.010,0.851,0.139
481500,0.010,0.859,0.131
482000,0.010,0.841,0.149
482500,0.010,0.875,0.115
483000,0.010,0.904,0.086
483500,0.010,0.909,0.081
484000,0.010,0.903,0.087
484500,0.010,0.882,0.108
485000,0.010,0.889,0.101
485500,0.010,0.894,0.096
486000,0.010,0.902,0.088
486500,0.010,0.914,0.076
487000,0.010,0.901,0.089
487500,0.010,0.912,0.078
488000,0.010,0.878,0.112
488500,0.010,0.884,0.106
489000,0.010,0.858,0.132
489500,0.010,0.898,0.092
490000,0.010,0.905,0.085
490500,0.010,0.893,0.097
491000,0.010,0.873,0.117
491500,0.010,0.879,0.111
492000,0.010,0.880,0.110
492500,0.010,0.864,0.126
493000,0.010,0.876,0.114
493500,0.010,0.850,0.140
494000,0.010,0.850,0.140
494500,0.010,0.848,0.142
495000,0.010,0.835,0.155
495500,0.010,0.835,0.155
496000,0.010,0.823,0.167
496500,0.010,0.827,0.163
497000,0.010,0.841,0.149
497500,0.010,0.849,0.141
498000,0.010,0.851,0.139
498500,0.010,0.849,0.141
499000,0.010,0.847,0.143
499500,0.010,0.832,0.158
500000,0.010,0.840,0.150
500500,0.010,0.842,0.148
501000,0.010,0.858,0.132
501500,0.010,0.895,0.095
502000,0.010,0.912,0.078
502500,0.010,0.908,0.082
503000,0.010,0.905,0.085
503500,0.010,0.903,0.087
504000,0.010,0.879,0.111
504500,0.010,0.849,0.141
505000,0.010,0.831,0.159
505500,0.010,0.795,0.195
506000,0.010,0.754,0.236
506500,0.010,0.775,0.215
507000,0.010,0.784,0.206
507500,0.010,0.831,0.159
508000,0.010,0.838,0.152
508500,0.010,0.844,0.146
509000,0.010,0.842,0.148
509500,0.010,0.852,0.138
510000,0.010,0.839,0.151
510500,0.010,0.869,0.121
511000,0.010,0.862,0.128
511500,0.010,0.875,0.115
512000,0.010,0.869,0.121
512500,0.010,0.888,0.102
513000,0.010,0.894,0.096
513500,0.010,0.886,0.104
514000,0.010,0.889,0.101
514500,0.010,0.909,0.081
515000,0.010,0.899,0.091
515500,0.010,0.910,0.080
516000,0.010,0.857,0.133
516500,0.010,0.873,0.117
517000,0.010,0.873,0.117
517500,0.010,0.871,0.119
518000,0.010,0.871,0.119
518500,0.010,0.848,0.142
519000,0.010,0.856,0.134
519500,0.010,0.830,0.160
520000,0.010,0.851,0.139
520500,0.010,0.893,0.097
521000,0.010,0.884,0.106
521500,0.010,0.884,0.106
522000,0.010,0.899,0.091
522500,0.010,0.895,0.095
523000,0.010,0.874,0.116
523500,0.010,0.920,0.070
524000,0.010,0.903,0.087
524500,0.010,0.865,0.125
525000,0.010,0.847,0.143
525500,0.010,0.837,0.153
526000,0.010,0.839,0.151
526500,0.010,0.884,0.106
527000,0.010,0.879,0.111
527500,0.010,0.849,0.141
528000,0.010,0.800,0.190
528500,0.010,0.835,0.155
529000,0.010,0.818,0.172
529500,0.010,0.832,0.158
530000,0.010,0.860,0.130
530500,0.010,0.912,0.078
531000,0.010,0.915,0.075
531500,0.010,0.915,0.075
532000,0.010,0.920,0.070
532500,0.010,0.918,0.072
533000,0.010,0.875,0.115
533500,0.010,0.876,0.114
534000,0.010,0.894,0.096
534500,0.010,0.882,0.108
535000,0.010,0.849,0.141
535500,0.010,0.821,0.169
536000,0.010,0.821,0.169
536500,0.010,0.840,0.150
537000,0.010,0.875,0.115
537500,0.010,0.893,0.097
538000,0.010,0.868,0.122
538500,0.010,0.873,0.117
539000,0.010,0.847,0.143
539500,0.010,0.846,0.144
540000,0.010,0.848,0.142
540500,0.010,0.865,0.125
541000,0.010,0.858,0.132
541500,0.010,0.862,0.128
542000,0.010,0.868,0.122
542500,0.010,0.862,0.128
543000,0.010,0.826,0.164
543500,0.010,0.845,0.145
544000,0.010,0.875,0.115
544500,0.010,0.892,0.098
545000,0.010,0.874,0.116
545500,0.010,0.883,0.107
546000,0.010,0.890,0.100
546500,0.010,0.901,0.089
547000,0.010,0.901,0.089
547500,0.010,0.908,0.082
548000,0.010,0.894,0.096
548500,0.010,0.864,0.126
549000,0.010,0.865,0.125
549500,0.010,0.870,0.120
550000,0.010,0.835,0.155
550500,0.010,0.795,0.195
551000,0.010,0.829,0.161
551500,0.010,0.811,0.178
552000,0.010,0.831,0.159
552500,0.010,0.869,0.121
553000,0.010,0.863,0.127
553500,0.010,0.883,0.107
554000,0.010,0.827,0.163
554500,0.010,0.872,0.118
555000,0.010,0.840,0.150
555500,0.010,0.839,0.151
556000,0.010,0.863,0.127
556500,0.010,0.840,0.150
557000,0.010,0.823,0.167
557500,0.010,0.847,0.143
558000,0.010,0.860,0.130
558500,0.010,0.843,0.147
559000,0.010,0.875,0.115
559500,0.010,0.870,0.120
560000,0.010,0.855,0.135
560500,0.010,0.875,0.115
561000,0.010,0.858,0.132
561500,0.010,0.866,0.124
562000,0.010,0.880,0.110
562500,0.010,0.877,0.113
563000,0.010,0.880,0.110
563500,0.010,0.862,0.128
564000,0.010,0.876,0.114
564500,0.010,0.893,0.097
565000,0.010,0.886,0.104
565500,0.010,0.880,0.110
566000,0.010,0.903,0.087
566500,0.010,0.843,0.147
567000,0.010,0.851,0.139
567500,0.010,0.896,0.094
568000,0.010,0.888,0.102
568500,0.010,0.879,0.111
569000,0.010,0.886,0.104
569500,0.010,0.827,0.163
570000,0.010,0.835,0.155
570500,0.010,0.866,0.124
571000,0.010,0.899,0.091
571500,0.010,0.879,0.111
572000,0.010,0.870,0.120
572500,0.010,0.875,0.115
573000,0.010,0.922,0.068
573500,0.010,0.956,0.034
574000,0.010,0.922,0.068
574500,0.010,0.944,0.046
575000,0.010,0.929,0.060
575500,0.010,0.947,0.043
576000,0.010,0.956,0.034
576500,0.010,0.914,0.076
577000,0.010,0.890,0.100
577500,0.010,0.870,0.120
578000,0.010,0.861,0.129
578500,0.010,0.872,0.118
579000,0.010,0.871,0.119
579500,0.010,0.867,0.123
580000,0.010,0.837,0.153
580500,0.010,0.792,0.198
581000,0.010,0.800,0.190
581500,0.010,0.799,0.191
582000,0.010,0.797,0.193
582500,0.010,0.827,0.163
583000,0.010,0.807,0.183
583500,0.010,0.765,0.225
584000,0.010,0.801,0.189
584500,0.010,0.777,0.213
585000,0.010,0.796,0.194
585500,0.010,0.773,0.217
586000,0.010,0.810,0.180
586500,0.010,0.846,0.144
587000,0.010,0.860,0.130
587500,0.010,0.863,0.127
588000,0.010,0.872,0.118
588500,0.010,0.936,0.054
589000,0.010,0.926,0.064
589500,0.010,0.922,0.068
590000,0.010,0.900,0.090
590500,0.010,0.922,0.068
591000,0.010,0.891,0.099
591500,0.010,0.897,0.093
592000,0.010,0.916,0.074
592500,0.010,0.906,0.084
593000,0.010,0.920,0.070
593500,0.010,0.900,0.090
594000,0.010,0.910,0.080
594500,0.010,0.891,0.099
595000,0.010,0.900,0.090
595500,0.010,0.898,0.092
596000,0.010,0.892,0.098
596500,0.010,0.890,0.100
597000,0.010,0.883,0.107
597500,0.010,0.877,0.113
598000,0.010,0.868,0.122
598500,0.010,0.905,0.085
599000,0.010,0.875,0.115
599500,0.010,0.874,0.116
600000,0.010,0.876,0.114
600500,0.010,0.887,0.103
601000,0.010,0.904,0.086
601500,0.010,0.852,0.138
602000,0.010,0.880,0.110
602500,0.010,0.903,0.087
603000,0.010,0.881,0.109
603500,0.010,0.882,0.108
604000,0.010,0.924,0.066
604500,0.010,0.908,0.082
605000,0.010,0.882,0.108
605500,0.010,0.881,0.109
606000,0.010,0.872,0.118
606500,0.010,0.855,0.135
607000,0.010,0.839,0.151
607500,0.010,0.824,0.166
608000,0.010,0.822,0.168
608500,0.010,0.827,0.163
609000,0.010,0.842,0.148
609500,0.010,0.832,0.158
610000,0.010,0.853,0.137
610500,0.010,0.875,0.115
611000,0.010,0.896,0.094
611500,0.010,0.919,0.071
612000,0.010,0.895,0.095
612500,0.010,0.854,0.136
613000,0.010,0.790,0.200
613500,0.010,0.774,0.216
614000,0.010,0.784,0.206
614500,0.010,0.796,0.194
615000,0.010,0.884,0.106
615500,0.010,0.882,0.108
616000,0.010,0.868,0.122
616500,0.010,0.867,0.123
617000,0.010,0.884,0.106
617500,0.010,0.876,0.114
618000,0.010,0.892,0.098
618500,0.010,0.843,0.147
619000,0.010,0.859,0.131
619500,0.010,0.843,0.147
620000,0.010,0.822,0.168
620500,0.010,0.809,0.180
621000,0.010,0.776,0.214
621500,0.010,0.801,0.189
622000,0.010,0.829,0.161
622500,0.010,0.818,0.172
623000,0.010,0.822,0.168
623500,0.010,0.829,0.161
624000,0.010,0.815,0.175
624500,0.010,0.810,0.179
625000,0.010,0.815,0.175
625500,0.010,0.824,0.166
626000,0.010,0.833,0.157
626500,0.010,0.850,0.140
627000,0.010,0.857,0.133
627500,0.010,0.866,0.124
628000,0.010,0.838,0.152
628500,0.010,0.858,0.132
629000,0.010,0.855,0.135
629500,0.010,0.823,0.167
630000,0.010,0.834,0.156
630500,0.010,0.877,0.113
631000,0.010,0.838,0.152
631500,0.010,0.821,0.169
632000,0.010,0.839,0.151
632500,0.010,0.831,0.159
633000,0.010,0.846,0.144
633500,0.010,0.852,0.138
634000,0.010,0.831,0.159
634500,0.010,0.853,0.137
635000,0.010,0.893,0.097
635500,0.010,0.874,0.116
636000,0.010,0.888,0.102
636500,0.010,0.872,0.118
637000,0.010,0.867,0.123
637500,0.010,0.862,0.128
638000,0.010,0.875,0.115
638500,0.010,0.877,0.113
639000,0.010,0.868,0.122
639500,0.010,0.866,0.124
640000,0.010,0.880,0.110
640500,0.010,0.885,0.105
641000,0.010,0.918,0.072
641500,0.010,0.933,0.057
642000,0.010,0.930,0.059
642500,0.010,0.926,0.064
643000,0.010,0.919,0.071
643500,0.010,0.902,0.088
644000,0.010,0.895,0.095
644500,0.010,0.889,0.101
645000,0.010,0.886,0.104
645500,0.010,0.887,0.103
646000,0.010,0.907,0.083
646500,0.010,0.895,0.095
647000,0.010,0.890,0.100
647500,0.010,0.874,0.116
648000,0.010,0.894,0.096
648500,0.010,0.890,0.100
649000,0.010,0.886,0.104
649500,0.010,0.886,0.104
650000,0.010,0.864,0.126
650500,0.010,0.899,0.091
651000,0.010,0.883,0.107
651500,0.010,0.850,0.140
652000,0.010,0.838,0.152
652500,0.010,0.821,0.169
653000,0.010,0.807,0.182
653500,0.010,0.872,0.118
654000,0.010,0.841,0.149
654500,0.010,0.831,0.159
655000,0.010,0.855,0.135
655500,0.010,0.850,0.140
656000,0.010,0.872,0.118
656500,0.010,0.863,0.127
657000,0.010,0.859,0.131
657500,0.010,0.852,0.138
658000,0.010,0.870,0.120
658500,0.010,0.860,0.130
659000,0.010,0.858,0.132
659500,0.010,0.834,0.156
660000,0.010,0.830,0.160
660500,0.010,0.829,0.161
661000,0.010,0.845,0.145
661500,0.010,0.870,0.120
662000,0.010,0.882,0.108
662500,0.010,0.898,0.092
663000,0.010,0.879,0.111
663500,0.010,0.901,0.089
664000,0.010,0.894,0.096
664500,0.010,0.911,0.079
665000,0.010,0.905,0.085
665500,0.010,0.922,0.068
666000,0.010,0.934,0.055
666500,0.010,0.898,0.092
667000,0.010,0.883,0.107
667500,0.010,0.875,0.115
668000,0.010,0.857,0.133
668500,0.010,0.872,0.118
669000,0.010,0.867,0.123
669500,0.010,0.878,0.112
670000,0.010,0.881,0.109
670500,0.010,0.886,0.104
671000,0.010,0.881,0.109
671500,0.010,0.893,0.097
672000,0.010,0.904,0.086
672500,0.010,0.888,0.102
673000,0.010,0.853,0.137
673500,0.010,0.861,0.129
674000,0.010,0.855,0.135
674500,0.010,0.882,0.108
675000,0.010,0.918,0.072
675500,0.010,0.911,0.079
676000,0.010,0.903,0.087
676500,0.010,0.902,0.088
677000,0.010,0.911,0.079
677500,0.010,0.913,0.077
678000,0.010,0.915,0.075
678500,0.010,0.933,0.057
679000,0.010,0.873,0.117
679500,0.010,0.862,0.128
680000,0.010,0.887,0.103
680500,0.010,0.883,0.107
681000,0.010,0.885,0.105
681500,0.010,0.882,0.108
682000,0.010,0.886,0.104
682500,0.010,0.827,0.163
683000,0.010,0.850,0.140
683500,0.010,0.846,0.144
684000,0.010,0.826,0.164
684500,0.010,0.841,0.149
685000,0.010,0.819,0.171
685500,0.010,0.812,0.177
686000,0.010,0.836,0.154
686500,0.010,0.804,0.186
687000,0.010,0.805,0.185
687500,0.010,0.812,0.177
688000,0.010,0.817,0.173
688500,0.010,0.846,0.144
689000,0.010,0.831,0.159
689500,0.010,0.807,0.182
690000,0.010,0.800,0.190
690500,0.010,0.819,0.171
691000,0.010,0.844,0.146
691500,0.010,0.869,0.121
692000,0.010,0.875,0.115
692500,0.010,0.861,0.129
693000,0.010,0.888,0.102
693500,0.010,0.878,0.112
694000,0.010,0.854,0.136
694500,0.010,0.837,0.153
695000,0.010,0.840,0.150
695500,0.010,0.791,0.199
696000,0.010,0.823,0.167
696500,0.010,0.846,0.144
697000,0.010,0.856,0.134
697500,0.010,0.896,0.094
698000,0.010,0.877,0.113
698500,0.010,0.878,0.112
699000,0.010,0.903,0.087
699500,0.010,0.914,0.076
700000,0.010,0.907,0.083
700500,0.010,0.911,0.079
701000,0.010,0.917,0.073
701500,0.010,0.892,0.098
702000,0.010,0.893,0.097
702500,0.010,0.898,0.092
703000,0.010,0.896,0.094
703500,0.010,0.872,0.118
704000,0.010,0.870,0.120
704500,0.010,0.914,0.076
705000,0.010,0.927,0.062
705500,0.010,0.920,0.070
706000,0.010,0.939,0.051
706500,0.010,0.939,0.051
707000,0.010,0.919,0.071
707500,0.010,0.929,0.060
708000,0.010,0.899,0.091
708500,0.010,0.880,0.110
709000,0.010,0.854,0.136
709500,0.010,0.846,0.144
710000,0.010,0.864,0.126
710500,0.010,0.886,0.104
711000,0.010,0.881,0.109
711500,0.010,0.882,0.108
712000,0.010,0.875,0.115
712500,0.010,0.890,0.100
713000,0.010,0.868,0.122
713500,0.010,0.833,0.157
714000,0.010,0.876,0.114
714500,0.010,0.885,0.105
715000,0.010,0.873,0.117
715500,0.010,0.847,0.143
716000,0.010,0.868,0.122
716500,0.010,0.867,0.123
717000,0.010,0.876,0.114
717500,0.010,0.853,0.137
718000,0.010,0.860,0.130
718500,0.010,0.853,0.137
719000,0.010,0.887,0.103
719500,0.010,0.904,0.086
720000,0.010,0.889,0.101
720500,0.010,0.879,0.111
721000,0.010,0.875,0.115
721500,0.010,0.890,0.100
722000,0.010,0.865,0.125
722500,0.010,0.836,0.154
723000,0.010,0.873,0.117
723500,0.010,0.870,0.120
724000,0.010,0.877,0.113
724500,0.010,0.885,0.105
725000,0.010,0.901,0.089
725500,0.010,0.916,0.074
726000,0.010,0.905,0.085
726500,0.010,0.894,0.096
727000,0.010,0.903,0.087
727500,0.010,0.886,0.104
728000,0.010,0.897,0.093
728500,0.010,0.885,0.105
729000,0.010,0.873,0.117
729500,0.010,0.821,0.169
730000,0.010,0.851,0.139
730500,0.010,0.854,0.136
731000,0.010,0.883,0.107
731500,0.010,0.879,0.111
732000,0.010,0.877,0.113
732500,0.010,0.886,0.104
733000,0.010,0.852,0.138
733500,0.010,0.827,0.163
734000,0.010,0.888,0.102
734500,0.010,0.886,0.104
735000,0.010,0.887,0.103
735500,0.010,0.889,0.101
736000,0.010,0.839,0.151
736500,0.010,0.829,0.161
737000,0.010,0.826,0.164
737500,0.010,0.844,0.146
738000,0.010,0.839,0.151
738500,0.010,0.867,0.123
739000,0.010,0.876,0.114
739500,0.010,0.865,0.125
740000,0.010,0.820,0.170
740500,0.010,0.790,0.200
741000,0.010,0.811,0.179
741500,0.010,0.892,0.098
742000,0.010,0.896,0.094
742500,0.010,0.914,0.076
743000,0.010,0.940,0.050
743500,0.010,0.929,0.061
744000,0.010,0.923,0.067
744500,0.010,0.927,0.063
745000,0.010,0.912,0.078
745500,0.010,0.911,0.079
746000,0.010,0.919,0.071
746500,0.010,0.890,0.100
747000,0.010,0.868,0.122
747500,0.010,0.846,0.144
748000,0.010,0.832,0.158
748500,0.010,0.822,0.168
749000,0.010,0.816,0.174
749500,0.010,0.847,0.143
750000,0.010,0.885,0.105
750500,0.010,0.884,0.106
751000,0.010,0.878,0.112
751500,0.010,0.858,0.132
752000,0.010,0.875,0.115
752500,0.010,0.876,0.114
753000,0.010,0.858,0.132
753500,0.010,0.871,0.119
754000,0.010,0.915,0.075
754500,0.010,0.898,0.092
755000,0.010,0.901,0.089
755500,0.010,0.914,0.076
756000,0.010,0.891,0.099
756500,0.010,0.921,0.069
757000,0.010,0.900,0.090
757500,0.010,0.861,0.129
758000,0.010,0.852,0.138
758500,0.010,0.885,0.105
759000,0.010,0.876,0.114
759500,0.010,0.832,0.158
760000,0.010,0.828,0.162
760500,0.010,0.808,0.181
761000,0.010,0.845,0.145
761500,0.010,0.873,0.117
762000,0.010,0.853,0.137
762500,0.010,0.872,0.118
763000,0.010,0.889,0.101
763500,0.010,0.884,0.106
764000,0.010,0.895,0.095
764500,0.010,0.881,0.109
765000,0.010,0.889,0.101
765500,0.010,0.878,0.112
766000,0.010,0.861,0.129
766500,0.010,0.869,0.121
767000,0.010,0.890,0.100
767500,0.010,0.917,0.073
768000,0.010,0.910,0.080
768500,0.010,0.897,0.093
769000,0.010,0.882,0.108
769500,0.010,0.892,0.098
770000,0.010,0.896,0.094
770500,0.010,0.901,0.089
771000,0.010,0.860,0.130
771500,0.010,0.846,0.144
772000,0.010,0.849,0.141
772500,0.010,0.874,0.116
773000,0.010,0.873,0.117
773500,0.010,0.872,0.118
774000,0.010,0.874,0.116
774500,0.010,0.865,0.125
775000,0.010,0.839,0.151
775500,0.010,0.847,0.143
776000,0.010,0.866,0.124
776500,0.010,0.845,0.145
777000,0.010,0.821,0.169
777500,0.010,0.837,0.153
778000,0.010,0.852,0.138
778500,0.010,0.815,0.175
779000,0.010,0.856,0.134
779500,0.010,0.868,0.122
780000,0.010,0.845,0.145
780500,0.010,0.840,0.150
781000,0.010,0.852,0.138
781500,0.010,0.863,0.127
782000,0.010,0.878,0.112
782500,0.010,0.826,0.164
783000,0.010,0.855,0.135
783500,0.010,0.878,0.112
784000,0.010,0.877,0.113
784500,0.010,0.846,0.144
785000,0.010,0.875,0.115
785500,0.010,0.857,0.133
786000,0.010,0.818,0.172
786500,0.010,0.834,0.156
787000,0.010,0.849,0.141
787500,0.010,0.866,0.124
788000,0.010,0.860,0.130
788500,0.010,0.871,0.119
789000,0.010,0.837,0.153
789500,0.010,0.825,0.165
790000,0.010,0.830,0.160
790500,0.010,0.834,0.156
791000,0.010,0.820,0.170
791500,0.010,0.814,0.176
792000,0.010,0.819,0.171
792500,0.010,0.833,0.157
793000,0.010,0.837,0.153
793500,0.010,0.859,0.131
794000,0.010,0.832,0.158
794500,0.010,0.843,0.147
795000,0.010,0.827,0.163
795500,0.010,0.835,0.155
796000,0.010,0.846,0.144
796500,0.010,0.844,0.146
797000,0.010,0.865,0.125
797500,0.010,0.879,0.111
798000,0.010,0.892,0.098
798500,0.010,0.891,0.099
799000,0.010,0.864,0.126
799500,0.010,0.855,0.135
800000,0.010,0.856,0.134
800500,0.010,0.871,0.119
801000,0.010,0.897,0.093
801500,0.010,0.891,0.099
802000,0.010,0.909,0.081
802500,0.010,0.878,0.112
803000,0.010,0.872,0.118
803500,0.010,0.856,0.134
804000,0.010,0.851,0.139
804500,0.010,0.869,0.121
805000,0.010,0.892,0.098
805500,0.010,0.899,0.091
806000,0.010,0.906,0.084
806500,0.010,0.922,0.068
807000,0.010,0.923,0.067
807500,0.010,0.934,0.055
808000,0.010,0.928,0.062
808500,0.010,0.953,0.037
809000,0.010,0.938,0.052
809500,0.010,0.936,0.054
810000,0.010,0.904,0.086
810500,0.010,0.893,0.097
811000,0.010,0.870,0.120
811500,0.010,0.860,0.130
812000,0.010,0.855,0.135
812500,0.010,0.875,0.115
813000,0.010,0.877,0.113
813500,0.010,0.875,0.115
814000,0.010,0.842,0.148
814500,0.010,0.835,0.155
815000,0.010,0.827,0.163
815500,0.010,0.884,0.106
816000,0.010,0.908,0.082
816500,0.010,0.923,0.067
817000,0.010,0.921,0.069
817500,0.010,0.915,0.075
818000,0.010,0.927,0.063
818500,0.010,0.867,0.123
819000,0.010,0.887,0.103
819500,0.010,0.825,0.165
820000,0.010,0.847,0.143
820500,0.010,0.886,0.104
821000,0.010,0.901,0.089
821500,0.010,0.881,0.109
822000,0.010,0.860,0.130
822500,0.010,0.866,0.124
823000,0.010,0.891,0.099
823500,0.010,0.900,0.090
824000,0.010,0.897,0.093
824500,0.010,0.898,0.092
825000,0.010,0.890,0.100
825500,0.010,0.904,0.086
826000,0.010,0.885,0.105
826500,0.010,0.883,0.107
827000,0.010,0.913,0.077
827500,0.010,0.881,0.109
828000,0.010,0.866,0.124
828500,0.010,0.870,0.120
829000,0.010,0.872,0.118
829500,0.010,0.853,0.137
830000,0.010,0.847,0.143
830500,0.010,0.871,0.119
831000,0.010,0.829,0.161
831500,0.010,0.816,0.174
832000,0.010,0.802,0.188
832500,0.010,0.825,0.165
833000,0.010,0.852,0.138
833500,0.010,0.832,0.158
834000,0.010,0.833,0.157
834500,0.010,0.822,0.168
835000,0.010,0.839,0.151
835500,0.010,0.846,0.144
836000,0.010,0.848,0.142
836500,0.010,0.849,0.141
837000,0.010,0.880,0.110
837500,0.010,0.830,0.160
838000,0.010,0.806,0.184
838500,0.010,0.821,0.169
839000,0.010,0.834,0.156
839500,0.010,0.822,0.168
840000,0.010,0.864,0.126
840500,0.010,0.865,0.125
841000,0.010,0.888,0.102
841500,0.010,0.872,0.118
842000,0.010,0.899,0.091
842500,0.010,0.910,0.080
843000,0.010,0.881,0.109
843500,0.010,0.865,0.125
844000,0.010,0.884,0.106
844500,0.010,0.882,0.108
845000,0.010,0.888,0.102
845500,0.010,0.890,0.100
846000,0.010,0.906,0.084
846500,0.010,0.888,0.102
847000,0.010,0.888,0.102
847500,0.010,0.872,0.118
848000,0.010,0.850,0.140
848500,0.010,0.864,0.126
849000,0.010,0.864,0.126
849500,0.010,0.877,0.113
850000,0.010,0.836,0.154
850500,0.010,0.828,0.162
851000,0.010,0.824,0.166
851500,0.010,0.827,0.163
852000,0.010,0.811,0.178
852500,0.010,0.861,0.129
853000,0.010,0.861,0.129
853500,0.010,0.876,0.114
854000,0.010,0.856,0.134
854500,0.010,0.867,0.123
855000,0.010,0.895,0.095
855500,0.010,0.881,0.109
856000,0.010,0.857,0.133
856500,0.010,0.872,0.118
857000,0.010,0.887,0.103
857500,0.010,0.893,0.097
858000,0.010,0.880,0.110
858500,0.010,0.837,0.153
859000,0.010,0.809,0.181
859500,0.010,0.823,0.167
860000,0.010,0.856,0.134
860500,0.010,0.866,0.124
861000,0.010,0.881,0.109
861500,0.010,0.854,0.136
862000,0.010,0.876,0.114
862500,0.010,0.869,0.121
863000,0.010,0.840,0.150
863500,0.010,0.852,0.138
864000,0.010,0.850,0.140
864500,0.010,0.845,0.145
865000,0.010,0.849,0.141
865500,0.010,0.833,0.157
866000,0.010,0.804,0.185
866500,0.010,0.839,0.151
867000,0.010,0.861,0.129
867500,0.010,0.875,0.115
868000,0.010,0.848,0.142
868500,0.010,0.875,0.115
869000,0.010,0.829,0.161
869500,0.010,0.846,0.144
870000,0.010,0.858,0.132
870500,0.010,0.881,0.109
871000,0.010,0.881,0.109
871500,0.010,0.881,0.109
872000,0.010,0.890,0.100
872500,0.010,0.897,0.093
873000,0.010,0.895,0.095
873500,0.010,0.916,0.074
874000,0.010,0.889,0.101
874500,0.010,0.863,0.127
875000,0.010,0.894,0.096
875500,0.010,0.894,0.096
876000,0.010,0.853,0.137
876500,0.010,0.867,0.123
877000,0.010,0.891,0.099
877500,0.010,0.903,0.087
878000,0.010,0.856,0.134
878500,0.010,0.837,0.153
879000,0.010,0.876,0.114
879500,0.010,0.855,0.135
880000,0.010,0.842,0.148
880500,0.010,0.861,0.129
881000,0.010,0.837,0.153
881500,0.010,0.819,0.171
882000,0.010,0.851,0.139
882500,0.010,0.814,0.176
883000,0.010,0.814,0.176
883500,0.010,0.841,0.149
884000,0.010,0.874,0.116
884500,0.010,0.848,0.142
885000,0.010,0.861,0.129
885500,0.010,0.851,0.139
886000,0.010,0.843,0.147
886500,0.010,0.858,0.132
887000,0.010,0.873,0.117
887500,0.010,0.880,0.110
888000,0.010,0.896,0.094
888500,0.010,0.924,0.066
889000,0.010,0.907,0.083
889500,0.010,0.891,0.099
890000,0.010,0.902,0.088
890500,0.010,0.906,0.084
891000,0.010,0.881,0.109
891500,0.010,0.859,0.131
892000,0.010,0.856,0.134
892500,0.010,0.869,0.121
893000,0.010,0.839,0.151
893500,0.010,0.842,0.148
894000,0.010,0.872,0.118
894500,0.010,0.841,0.149
895000,0.010,0.875,0.115
895500,0.010,0.851,0.139
896000,0.010,0.879,0.111
896500,0.010,0.887,0.103
897000,0.010,0.897,0.093
897500,0.010,0.902,0.088
898000,0.010,0.885,0.105
898500,0.010,0.898,0.092
899000,0.010,0.876,0.114
899500,0.010,0.894,0.096
900000,0.010,0.877,0.113
900500,0.010,0.851,0.139
901000,0.010,0.822,0.168
901500,0.010,0.823,0.167
902000,0.010,0.820,0.170
902500,0.010,0.829,0.161
903000,0.010,0.823,0.167
903500,0.010,0.821,0.169
904000,0.010,0.837,0.153
904500,0.010,0.819,0.171
905000,0.010,0.849,0.141
905500,0.010,0.878,0.112
906000,0.010,0.869,0.121
906500,0.010,0.843,0.147
907000,0.010,0.823,0.167
907500,0.010,0.842,0.148
908000,0.010,0.887,0.103
908500,0.010,0.896,0.094
909000,0.010,0.882,0.108
909500,0.010,0.901,0.089
910000,0.010,0.880,0.110
910500,0.010,0.891,0.099
911000,0.010,0.887,0.103
911500,0.010,0.887,0.103
912000,0.010,0.893,0.097
912500,0.010,0.913,0.077
913000,0.010,0.919,0.071
913500,0.010,0.917,0.073
914000,0.010,0.903,0.087
914500,0.010,0.877,0.113
915000,0.010,0.879,0.111
915500,0.010,0.894,0.096
916000,0.010,0.886,0.104
916500,0.010,0.875,0.115
917000,0.010,0.852,0.138
917500,0.010,0.851,0.139
918000,0.010,0.856,0.134
918500,0.010,0.853,0.137
919000,0.010,0.878,0.112
919500,0.010,0.858,0.132
920000,0.010,0.830,0.160
920500,0.010,0.796,0.194
921000,0.010,0.815,0.175
921500,0.010,0.833,0.157
922000,0.010,0.830,0.160
922500,0.010,0.837,0.153
923000,0.010,0.857,0.133
923500,0.010,0.852,0.138
924000,0.010,0.878,0.112
924500,0.010,0.879,0.111
925000,0.010,0.872,0.118
925500,0.010,0.870,0.120
926000,0.010,0.878,0.112
926500,0.010,0.876,0.114
927000,0.010,0.917,0.073
927500,0.010,0.897,0.093
928000,0.010,0.872,0.118
928500,0.010,0.869,0.121
929000,0.010,0.907,0.083
929500,0.010,0.886,0.104
930000,0.010,0.907,0.083
930500,0.010,0.907,0.083
931000,0.010,0.919,0.071
931500,0.010,0.905,0.085
932000,0.010,0.933,0.056
932500,0.010,0.928,0.062
933000,0.010,0.921,0.069
933500,0.010,0.915,0.075
934000,0.010,0.899,0.091
934500,0.010,0.913,0.077
935000,0.010,0.891,0.099
935500,0.010,0.858,0.132
936000,0.010,0.828,0.162
936500,0.010,0.841,0.149
937000,0.010,0.851,0.139
937500,0.010,0.861,0.129
938000,0.010,0.894,0.096
938500,0.010,0.893,0.097
939000,0.010,0.916,0.074
939500,0.010,0.906,0.084
940000,0.010,0.896,0.094
940500,0.010,0.901,0.089
941000,0.010,0.898,0.092
941500,0.010,0.896,0.094
942000,0.010,0.886,0.104
942500,0.010,0.874,0.116
943000,0.010,0.892,0.098
943500,0.010,0.875,0.115
944000,0.010,0.888,0.102
944500,0.010,0.875,0.115
945000,0.010,0.866,0.124
945500,0.010,0.859,0.131
946000,0.010,0.877,0.113
946500,0.010,0.881,0.109
947000,0.010,0.876,0.114
947500,0.010,0.892,0.098
948000,0.010,0.886,0.104
948500,0.010,0.903,0.087
949000,0.010,0.866,0.124
949500,0.010,0.887,0.103
950000,0.010,0.884,0.106
950500,0.010,0.894,0.096
951000,0.010,0.854,0.136
951500,0.010,0.857,0.133
952000,0.010,0.860,0.130
952500,0.010,0.871,0.119
953000,0.010,0.842,0.148
953500,0.010,0.850,0.140
954000,0.010,0.828,0.162
954500,0.010,0.821,0.169
955000,0.010,0.799,0.191
955500,0.010,0.854,0.136
956000,0.010,0.870,0.120
956500,0.010,0.830,0.160
957000,0.010,0.851,0.139
957500,0.010,0.831,0.159
958000,0.010,0.855,0.135
958500,0.010,0.839,0.151
959000,0.010,0.856,0.134
959500,0.010,0.849,0.141
960000,0.010,0.852,0.138
960500,0.010,0.867,0.123
961000,0.010,0.866,0.124
961500,0.010,0.893,0.097
962000,0.010,0.877,0.113
962500,0.010,0.852,0.138
963000,0.010,0.877,0.113
963500,0.010,0.875,0.115
964000,0.010,0.897,0.093
964500,0.010,0.896,0.094
965000,0.010,0.898,0.092
965500,0.010,0.911,0.079
966000,0.010,0.917,0.073
966500,0.010,0.927,0.063
967000,0.010,0.897,0.093
967500,0.010,0.871,0.119
968000,0.010,0.891,0.099
968500,0.010,0.867,0.123
969000,0.010,0.817,0.173
969500,0.010,0.837,0.153
970000,0.010,0.837,0.153
970500,0.010,0.869,0.121
971000,0.010,0.837,0.153
971500,0.010,0.805,0.184
972000,0.010,0.827,0.163
972500,0.010,0.822,0.168
973000,0.010,0.857,0.133
973500,0.010,0.843,0.147
974000,0.010,0.850,0.140
974500,0.010,0.837,0.153
975000,0.010,0.870,0.120
975500,0.010,0.890,0.100
976000,0.010,0.904,0.086
976500,0.010,0.923,0.067
977000,0.010,0.886,0.104
977500,0.010,0.873,0.117
978000,0.010,0.870,0.120
978500,0.010,0.867,0.123
979000,0.010,0.883,0.107
979500,0.010,0.876,0.114
980000,0.010,0.897,0.093
980500,0.010,0.856,0.134
981000,0.010,0.850,0.140
981500,0.010,0.872,0.118
982000,0.010,0.869,0.121
982500,0.010,0.878,0.112
983000,0.010,0.898,0.092
983500,0.010,0.918,0.072
984000,0.010,0.924,0.066
984500,0.010,0.889,0.101
985000,0.010,0.924,0.066
985500,0.010,0.907,0.083
986000,0.010,0.879,0.111
986500,0.010,0.903,0.087
987000,0.010,0.908,0.082
987500,0.010,0.899,0.091
988000,0.010,0.921,0.069
988500,0.010,0.879,0.111
989000,0.010,0.856,0.134
989500,0.010,0.859,0.131
990000,0.010,0.852,0.138
990500,0.010,0.866,0.124
991000,0.010,0.877,0.113
991500,0.010,0.893,0.097
992000,0.010,0.861,0.129
992500,0.010,0.841,0.149
993000,0.010,0.817,0.173
993500,0.010,0.825,0.165
994000,0.010,0.825,0.165
994500,0.010,0.815,0.175
995000,0.010,0.859,0.131
995500,0.010,0.854,0.136
996000,0.010,0.859,0.131
996500,0.010,0.886,0.104
997000,0.010,0.865,0.125
997500,0.010,0.878,0.112
998000,0.010,0.871,0.119
998500,0.010,0.864,0.126
999000,0.010,0.844,0.146
999500,0.010,0.856,0.134
1000000,0.010,0.866,0.124
