time,n_A+p,n_B,n_AB
100,0.315,0.348,0.337
200,0.272,0.348,0.380
300,0.141,0.478,0.380
400,0.185,0.533,0.283
500,0.087,0.533,0.380
600,0.120,0.685,0.196
700,0.076,0.674,0.250
800,0.120,0.652,0.228
900,0.065,0.772,0.163
1000,0.043,0.815,0.141
1100,0.022,0.848,0.130
1200,0.011,0.902,0.087
1300,0.011,0.924,0.065
1400,0.011,0.880,0.109
1500,0.000,0.848,0.152
1600,0.000,0.859,0.141
1700,0.022,0.848,0.130
1800,0.000,0.891,0.109
1900,0.000,0.967,0.033
2000,0.000,0.989,0.011
2100,0.000,0.978,0.022
2200,0.000,0.989,0.011
2300,0.000,0.989,0.011
2400,0.000,0.989,0.011
2500,0.000,1.000,0.000
