time,n_A+p,n_B,n_AB
100,0.434,0.368,0.197
200,0.487,0.211,0.303
300,0.618,0.197,0.184
400,0.750,0.066,0.184
500,0.882,0.053,0.066
600,0.921,0.053,0.026
700,0.895,0.039,0.066
800,0.908,0.039,0.053
900,0.947,0.039,0.013
1000,0.947,0.026,0.026
1100,0.947,0.026,0.026
1200,0.947,0.026,0.026
1300,0.961,0.026,0.013
1400,0.961,0.013,0.026
1500,0.974,0.013,0.013
1600,0.974,0.013,0.013
1700,0.974,0.000,0.026
1800,0.987,0.000,0.013
1900,0.987,0.000,0.013
2000,0.987,0.000,0.013
2100,1.000,0.000,0.000
