time,n_A+p,n_B,n_AB
500,0.084,0.874,0.042
1000,0.087,0.840,0.073
1500,0.093,0.806,0.101
2000,0.094,0.806,0.100
2500,0.094,0.790,0.116
3000,0.099,0.787,0.114
3500,0.104,0.764,0.132
4000,0.111,0.748,0.141
4500,0.114,0.750,0.136
5000,0.108,0.765,0.127
5500,0.117,0.765,0.118
6000,0.117,0.755,0.128
6500,0.123,0.732,0.145
7000,0.126,0.727,0.147
7500,0.124,0.723,0.153
8000,0.125,0.718,0.157
8500,0.124,0.725,0.151
9000,0.123,0.744,0.133
9500,0.126,0.724,0.150
10000,0.133,0.712,0.155
10500,0.134,0.688,0.178
11000,0.127,0.713,0.160
11500,0.133,0.711,0.156
12000,0.127,0.714,0.159
12500,0.121,0.706,0.173
13000,0.119,0.718,0.163
13500,0.127,0.717,0.156
14000,0.129,0.723,0.148
14500,0.132,0.722,0.146
15000,0.131,0.734,0.135
15500,0.138,0.725,0.137
16000,0.136,0.730,0.134
16500,0.123,0.733,0.144
17000,0.121,0.734,0.145
17500,0.119,0.736,0.145
18000,0.118,0.752,0.130
18500,0.119,0.754,0.127
19000,0.120,0.744,0.136
19500,0.121,0.749,0.130
20000,0.122,0.727,0.151
20500,0.121,0.726,0.153
21000,0.121,0.730,0.149
21500,0.122,0.712,0.166
22000,0.132,0.707,0.161
22500,0.141,0.715,0.144
23000,0.133,0.702,0.165
23500,0.136,0.700,0.164
24000,0.136,0.691,0.173
24500,0.142,0.703,0.155
25000,0.143,0.704,0.153
25500,0.139,0.718,0.143
26000,0.134,0.733,0.133
26500,0.130,0.710,0.160
27000,0.132,0.722,0.146
27500,0.137,0.705,0.158
28000,0.138,0.687,0.175
28500,0.147,0.687,0.166
29000,0.157,0.674,0.169
29500,0.148,0.689,0.163
30000,0.158,0.687,0.155
30500,0.150,0.671,0.179
31000,0.152,0.657,0.191
31500,0.163,0.663,0.174
32000,0.153,0.669,0.178
32500,0.153,0.682,0.165
33000,0.159,0.670,0.171
33500,0.156,0.678,0.166
34000,0.160,0.673,0.167
34500,0.159,0.653,0.188
35000,0.159,0.648,0.193
35500,0.156,0.654,0.190
36000,0.159,0.661,0.180
36500,0.155,0.665,0.180
37000,0.162,0.673,0.165
37500,0.154,0.677,0.169
38000,0.152,0.670,0.178
38500,0.149,0.696,0.155
39000,0.159,0.695,0.146
39500,0.154,0.682,0.164
40000,0.146,0.668,0.186
40500,0.136,0.668,0.196
41000,0.135,0.684,0.181
41500,0.130,0.701,0.169
42000,0.125,0.727,0.148
42500,0.127,0.713,0.160
43000,0.125,0.713,0.162
43500,0.129,0.725,0.146
44000,0.136,0.719,0.145
44500,0.143,0.714,0.143
45000,0.139,0.722,0.139
45500,0.136,0.715,0.149
46000,0.129,0.699,0.172
46500,0.133,0.682,0.185
47000,0.149,0.693,0.158
47500,0.144,0.699,0.157
48000,0.148,0.687,0.165
48500,0.144,0.680,0.176
49000,0.151,0.684,0.165
49500,0.155,0.672,0.173
50000,0.150,0.675,0.175
50500,0.158,0.685,0.157
51000,0.157,0.673,0.170
51500,0.154,0.667,0.179
52000,0.162,0.674,0.164
52500,0.171,0.645,0.184
53000,0.171,0.647,0.182
53500,0.161,0.649,0.190
54000,0.166,0.644,0.190
54500,0.178,0.647,0.175
55000,0.182,0.649,0.169
55500,0.171,0.663,0.166
56000,0.167,0.637,0.196
56500,0.171,0.635,0.194
57000,0.174,0.631,0.195
57500,0.183,0.629,0.188
58000,0.178,0.623,0.199
58500,0.183,0.619,0.198
59000,0.173,0.618,0.209
59500,0.167,0.615,0.218
60000,0.173,0.621,0.206
60500,0.184,0.629,0.187
61000,0.168,0.639,0.193
61500,0.163,0.660,0.177
62000,0.171,0.656,0.173
62500,0.155,0.670,0.175
63000,0.149,0.681,0.170
63500,0.162,0.680,0.158
64000,0.149,0.693,0.158
64500,0.160,0.689,0.151
65000,0.157,0.674,0.169
65500,0.146,0.666,0.188
66000,0.158,0.674,0.168
66500,0.162,0.675,0.163
67000,0.153,0.652,0.195
67500,0.152,0.651,0.197
68000,0.149,0.680,0.171
68500,0.149,0.659,0.192
69000,0.159,0.667,0.174
69500,0.162,0.677,0.161
70000,0.164,0.663,0.173
70500,0.173,0.644,0.183
71000,0.159,0.658,0.183
71500,0.162,0.664,0.174
72000,0.154,0.665,0.181
72500,0.150,0.679,0.171
73000,0.151,0.688,0.161
73500,0.142,0.689,0.169
74000,0.138,0.689,0.173
74500,0.139,0.698,0.163
75000,0.144,0.693,0.163
75500,0.143,0.701,0.156
76000,0.155,0.691,0.154
76500,0.160,0.680,0.160
77000,0.157,0.684,0.159
77500,0.162,0.655,0.183
78000,0.157,0.647,0.196
78500,0.168,0.624,0.208
79000,0.165,0.627,0.208
79500,0.155,0.633,0.212
80000,0.150,0.632,0.218
80500,0.165,0.656,0.179
81000,0.158,0.659,0.183
81500,0.155,0.655,0.190
82000,0.146,0.671,0.183
82500,0.146,0.671,0.183
83000,0.140,0.676,0.184
83500,0.147,0.680,0.173
84000,0.133,0.682,0.185
84500,0.140,0.687,0.173
85000,0.146,0.686,0.168
85500,0.155,0.686,0.159
86000,0.143,0.685,0.172
86500,0.135,0.688,0.177
87000,0.143,0.692,0.165
87500,0.144,0.691,0.165
88000,0.137,0.699,0.164
88500,0.138,0.681,0.181
89000,0.144,0.684,0.172
89500,0.152,0.687,0.161
90000,0.149,0.683,0.168
90500,0.146,0.672,0.182
91000,0.152,0.678,0.170
91500,0.153,0.676,0.171
92000,0.146,0.672,0.182
92500,0.156,0.676,0.168
93000,0.144,0.671,0.185
93500,0.142,0.690,0.168
94000,0.151,0.702,0.147
94500,0.147,0.693,0.160
95000,0.139,0.687,0.174
95500,0.144,0.694,0.162
96000,0.150,0.675,0.175
96500,0.155,0.674,0.171
97000,0.158,0.679,0.163
97500,0.149,0.681,0.170
98000,0.143,0.679,0.178
98500,0.141,0.672,0.187
99000,0.143,0.650,0.207
99500,0.151,0.664,0.185
100000,0.138,0.676,0.186
100500,0.143,0.687,0.170
101000,0.147,0.686,0.167
101500,0.146,0.684,0.170
102000,0.142,0.691,0.167
102500,0.154,0.684,0.162
103000,0.153,0.662,0.185
103500,0.153,0.679,0.168
104000,0.144,0.678,0.178
104500,0.145,0.680,0.175
105000,0.139,0.660,0.201
105500,0.144,0.681,0.175
106000,0.150,0.671,0.179
106500,0.149,0.662,0.189
107000,0.148,0.659,0.193
107500,0.150,0.659,0.191
108000,0.160,0.655,0.185
108500,0.166,0.662,0.172
109000,0.159,0.674,0.167
109500,0.156,0.656,0.188
110000,0.153,0.669,0.178
110500,0.147,0.646,0.207
111000,0.156,0.667,0.177
111500,0.158,0.677,0.165
112000,0.155,0.663,0.182
112500,0.153,0.671,0.176
113000,0.156,0.656,0.188
113500,0.161,0.657,0.182
114000,0.159,0.654,0.187
114500,0.163,0.657,0.180
115000,0.165,0.671,0.164
115500,0.163,0.661,0.176
116000,0.173,0.644,0.183
116500,0.174,0.634,0.192
117000,0.176,0.610,0.214
117500,0.187,0.623,0.190
118000,0.182,0.618,0.200
118500,0.187,0.625,0.188
119000,0.175,0.620,0.205
119500,0.182,0.625,0.193
120000,0.185,0.637,0.178
120500,0.185,0.619,0.196
121000,0.164,0.644,0.192
121500,0.171,0.658,0.171
122000,0.170,0.633,0.197
122500,0.186,0.623,0.191
123000,0.180,0.613,0.207
123500,0.199,0.615,0.186
124000,0.193,0.603,0.204
124500,0.197,0.599,0.204
125000,0.197,0.605,0.198
125500,0.190,0.591,0.219
126000,0.202,0.572,0.226
126500,0.209,0.589,0.202
127000,0.213,0.553,0.234
127500,0.212,0.571,0.217
128000,0.216,0.564,0.220
128500,0.216,0.562,0.222
129000,0.205,0.564,0.231
129500,0.222,0.553,0.225
130000,0.215,0.560,0.225
130500,0.227,0.566,0.207
131000,0.214,0.542,0.244
131500,0.214,0.544,0.242
132000,0.220,0.559,0.221
132500,0.214,0.585,0.201
133000,0.218,0.570,0.212
133500,0.215,0.586,0.199
134000,0.218,0.565,0.217
134500,0.211,0.579,0.210
135000,0.207,0.586,0.207
135500,0.203,0.597,0.200
136000,0.200,0.574,0.226
136500,0.196,0.594,0.210
137000,0.194,0.622,0.184
137500,0.190,0.627,0.183
138000,0.196,0.630,0.174
138500,0.185,0.602,0.213
139000,0.193,0.602,0.205
139500,0.188,0.616,0.196
140000,0.185,0.607,0.208
140500,0.191,0.595,0.214
141000,0.198,0.579,0.223
141500,0.195,0.575,0.230
142000,0.201,0.593,0.206
142500,0.190,0.587,0.223
143000,0.195,0.581,0.224
143500,0.187,0.587,0.226
144000,0.185,0.602,0.213
144500,0.190,0.612,0.198
145000,0.193,0.585,0.222
145500,0.198,0.589,0.213
146000,0.198,0.600,0.202
146500,0.196,0.593,0.211
147000,0.191,0.595,0.214
147500,0.186,0.589,0.225
148000,0.189,0.596,0.215
148500,0.194,0.592,0.214
149000,0.190,0.581,0.229
149500,0.190,0.600,0.210
150000,0.202,0.579,0.219
150500,0.194,0.585,0.221
151000,0.192,0.607,0.201
151500,0.180,0.614,0.206
152000,0.161,0.616,0.223
152500,0.157,0.642,0.201
153000,0.151,0.655,0.194
153500,0.155,0.675,0.170
154000,0.146,0.680,0.174
154500,0.146,0.677,0.177
155000,0.141,0.690,0.169
155500,0.140,0.681,0.179
156000,0.134,0.682,0.184
156500,0.148,0.666,0.186
157000,0.150,0.656,0.194
157500,0.156,0.648,0.196
158000,0.172,0.636,0.192
158500,0.174,0.641,0.185
159000,0.180,0.637,0.183
159500,0.170,0.631,0.199
160000,0.163,0.637,0.200
160500,0.169,0.645,0.186
161000,0.162,0.649,0.189
161500,0.150,0.651,0.199
162000,0.146,0.675,0.179
162500,0.143,0.683,0.174
163000,0.162,0.657,0.181
163500,0.164,0.652,0.184
164000,0.177,0.659,0.164
164500,0.187,0.635,0.178
165000,0.204,0.604,0.192
165500,0.190,0.593,0.217
166000,0.191,0.597,0.212
166500,0.202,0.604,0.194
167000,0.199,0.595,0.206
167500,0.206,0.574,0.220
168000,0.226,0.561,0.213
168500,0.216,0.562,0.222
169000,0.214,0.555,0.231
169500,0.214,0.575,0.211
170000,0.211,0.577,0.212
170500,0.208,0.558,0.234
171000,0.191,0.573,0.236
171500,0.199,0.571,0.230
172000,0.216,0.571,0.213
172500,0.217,0.564,0.219
173000,0.233,0.549,0.218
173500,0.232,0.541,0.227
174000,0.233,0.569,0.198
174500,0.236,0.558,0.206
175000,0.221,0.533,0.246
175500,0.236,0.511,0.253
176000,0.235,0.498,0.267
176500,0.236,0.521,0.243
177000,0.245,0.517,0.238
177500,0.244,0.505,0.251
178000,0.238,0.507,0.255
178500,0.247,0.513,0.240
179000,0.268,0.502,0.230
179500,0.278,0.490,0.232
180000,0.273,0.485,0.242
180500,0.277,0.478,0.245
181000,0.292,0.463,0.245
181500,0.310,0.430,0.260
182000,0.326,0.418,0.256
182500,0.318,0.415,0.267
183000,0.304,0.416,0.280
183500,0.323,0.420,0.257
184000,0.314,0.423,0.263
184500,0.315,0.411,0.274
185000,0.316,0.424,0.260
185500,0.315,0.411,0.274
186000,0.331,0.388,0.281
186500,0.337,0.394,0.269
187000,0.322,0.409,0.269
187500,0.344,0.370,0.286
188000,0.354,0.373,0.273
188500,0.342,0.372,0.286
189000,0.374,0.387,0.239
189500,0.373,0.377,0.250
190000,0.387,0.353,0.260
190500,0.398,0.337,0.265
191000,0.406,0.329,0.265
191500,0.425,0.311,0.264
192000,0.449,0.301,0.250
192500,0.450,0.282,0.268
193000,0.472,0.279,0.249
193500,0.478,0.278,0.244
194000,0.497,0.257,0.246
194500,0.501,0.216,0.283
195000,0.552,0.217,0.231
195500,0.577,0.217,0.206
196000,0.597,0.190,0.213
196500,0.627,0.182,0.191
197000,0.642,0.162,0.196
197500,0.661,0.139,0.200
198000,0.686,0.113,0.201
198500,0.735,0.097,0.168
199000,0.767,0.080,0.153
199500,0.777,0.078,0.145
200000,0.788,0.057,0.155
200500,0.827,0.048,0.125
201000,0.858,0.035,0.107
201500,0.873,0.033,0.094
202000,0.893,0.024,0.083
202500,0.910,0.018,0.072
203000,0.925,0.015,0.060
203500,0.938,0.014,0.048
204000,0.941,0.014,0.045
204500,0.946,0.011,0.043
205000,0.959,0.009,0.032
205500,0.964,0.007,0.029
206000,0.966,0.002,0.032
206500,0.975,0.001,0.024
207000,0.981,0.000,0.019
207500,0.986,0.000,0.014
208000,0.987,0.000,0.013
208500,0.993,0.000,0.007
209000,0.991,0.000,0.009
209500,0.991,0.000,0.009
210000,0.994,0.000,0.006
210500,0.999,0.000,0.001
211000,1.000,0.000,0.000
