time,n_A+p,n_B,n_AB
500,0.050,0.475,0.475
1000,0.055,0.120,0.825
1500,0.140,0.064,0.796
2000,0.246,0.010,0.744
2500,0.211,0.020,0.769
3000,0.382,0.000,0.618
3500,0.367,0.000,0.633
4000,0.355,0.000,0.645
4500,0.316,0.000,0.684
5000,0.367,0.001,0.632
5500,0.363,0.003,0.634
6000,0.291,0.002,0.707
6500,0.353,0.000,0.647
7000,0.307,0.002,0.691
7500,0.373,0.000,0.627
8000,0.346,0.000,0.654
8500,0.331,0.000,0.669
9000,0.269,0.000,0.731
9500,0.343,0.001,0.656
10000,0.334,0.001,0.665
10500,0.314,0.004,0.682
11000,0.216,0.014,0.770
11500,0.373,0.002,0.625
12000,0.370,0.000,0.630
12500,0.237,0.007,0.756
13000,0.291,0.001,0.708
13500,0.419,0.001,0.580
14000,0.302,0.000,0.698
14500,0.244,0.000,0.756
15000,0.389,0.001,0.610
15500,0.320,0.000,0.680
16000,0.351,0.000,0.649
16500,0.462,0.000,0.538
17000,0.413,0.000,0.587
17500,0.334,0.003,0.663
18000,0.403,0.000,0.597
18500,0.376,0.000,0.624
19000,0.405,0.000,0.595
19500,0.338,0.001,0.661
20000,0.392,0.000,0.608
20500,0.316,0.000,0.684
21000,0.280,0.000,0.720
21500,0.305,0.001,0.694
22000,0.311,0.000,0.689
22500,0.259,0.000,0.741
23000,0.339,0.000,0.661
23500,0.425,0.000,0.575
24000,0.347,0.000,0.653
24500,0.328,0.000,0.672
25000,0.456,0.000,0.544
25500,0.349,0.004,0.647
26000,0.339,0.000,0.661
26500,0.468,0.000,0.532
27000,0.321,0.000,0.679
27500,0.336,0.011,0.653
28000,0.432,0.000,0.568
28500,0.419,0.000,0.581
29000,0.340,0.000,0.660
29500,0.363,0.000,0.637
30000,0.360,0.000,0.640
30500,0.381,0.000,0.619
31000,0.382,0.008,0.610
31500,0.338,0.000,0.662
32000,0.356,0.000,0.644
32500,0.358,0.000,0.642
33000,0.466,0.000,0.534
33500,0.424,0.000,0.576
34000,0.343,0.000,0.657
34500,0.312,0.012,0.676
35000,0.326,0.000,0.674
35500,0.381,0.001,0.618
36000,0.355,0.000,0.645
36500,0.308,0.000,0.692
37000,0.275,0.000,0.725
37500,0.300,0.015,0.685
38000,0.232,0.007,0.761
38500,0.233,0.000,0.767
39000,0.244,0.004,0.752
39500,0.263,0.000,0.737
40000,0.329,0.000,0.671
40500,0.347,0.000,0.653
41000,0.351,0.002,0.647
41500,0.379,0.000,0.621
42000,0.236,0.012,0.752
42500,0.306,0.001,0.693
43000,0.307,0.000,0.693
43500,0.327,0.000,0.673
44000,0.351,0.000,0.649
44500,0.378,0.000,0.622
45000,0.301,0.000,0.699
45500,0.346,0.002,0.652
46000,0.301,0.000,0.699
46500,0.295,0.000,0.705
47000,0.361,0.002,0.637
47500,0.241,0.004,0.755
48000,0.284,0.000,0.716
48500,0.390,0.002,0.608
49000,0.322,0.001,0.677
49500,0.350,0.000,0.650
50000,0.368,0.001,0.631
50500,0.335,0.000,0.665
51000,0.261,0.005,0.734
51500,0.359,0.000,0.641
52000,0.321,0.000,0.679
52500,0.277,0.004,0.719
53000,0.330,0.001,0.669
53500,0.351,0.000,0.649
54000,0.395,0.000,0.605
54500,0.306,0.000,0.694
55000,0.346,0.000,0.654
55500,0.389,0.000,0.611
56000,0.272,0.000,0.728
56500,0.372,0.000,0.628
57000,0.337,0.000,0.663
57500,0.383,0.000,0.617
58000,0.325,0.000,0.675
58500,0.275,0.019,0.706
59000,0.260,0.010,0.730
59500,0.350,0.000,0.650
60000,0.335,0.000,0.665
60500,0.232,0.005,0.763
61000,0.293,0.000,0.707
61500,0.328,0.000,0.672
62000,0.374,0.000,0.626
62500,0.302,0.000,0.698
63000,0.277,0.003,0.720
63500,0.343,0.000,0.657
64000,0.290,0.000,0.710
64500,0.384,0.000,0.616
65000,0.374,0.000,0.626
65500,0.322,0.010,0.668
66000,0.336,0.008,0.656
66500,0.322,0.001,0.677
67000,0.355,0.006,0.639
67500,0.354,0.000,0.646
68000,0.379,0.000,0.621
68500,0.341,0.000,0.659
69000,0.309,0.000,0.691
69500,0.274,0.000,0.726
70000,0.338,0.000,0.662
70500,0.315,0.000,0.685
71000,0.331,0.000,0.669
71500,0.410,0.002,0.588
72000,0.297,0.000,0.703
72500,0.280,0.003,0.717
73000,0.316,0.000,0.684
73500,0.242,0.001,0.757
74000,0.319,0.001,0.680
74500,0.429,0.000,0.571
75000,0.305,0.010,0.685
75500,0.358,0.000,0.642
76000,0.246,0.019,0.735
76500,0.238,0.013,0.749
77000,0.312,0.001,0.687
77500,0.334,0.000,0.666
78000,0.343,0.000,0.657
78500,0.332,0.008,0.660
79000,0.372,0.001,0.627
79500,0.382,0.000,0.618
80000,0.338,0.007,0.655
80500,0.255,0.001,0.744
81000,0.255,0.009,0.736
81500,0.268,0.004,0.728
82000,0.453,0.000,0.547
82500,0.316,0.000,0.684
83000,0.361,0.001,0.638
83500,0.313,0.000,0.687
84000,0.326,0.000,0.674
84500,0.313,0.000,0.687
85000,0.282,0.000,0.718
85500,0.322,0.000,0.678
86000,0.391,0.009,0.600
86500,0.295,0.000,0.705
87000,0.266,0.012,0.722
87500,0.265,0.004,0.731
88000,0.355,0.000,0.645
88500,0.366,0.000,0.634
89000,0.374,0.008,0.618
89500,0.326,0.000,0.674
90000,0.356,0.004,0.640
90500,0.289,0.000,0.711
91000,0.272,0.002,0.726
91500,0.282,0.000,0.718
92000,0.416,0.000,0.584
92500,0.313,0.000,0.687
93000,0.373,0.000,0.627
93500,0.334,0.000,0.666
94000,0.313,0.000,0.687
94500,0.332,0.000,0.668
95000,0.323,0.000,0.677
95500,0.327,0.000,0.673
96000,0.393,0.003,0.604
96500,0.322,0.001,0.677
97000,0.354,0.002,0.644
97500,0.356,0.000,0.644
98000,0.424,0.000,0.576
98500,0.331,0.000,0.669
99000,0.399,0.012,0.589
99500,0.383,0.000,0.617
100000,0.335,0.000,0.665
100500,0.374,0.000,0.626
101000,0.355,0.000,0.645
101500,0.447,0.000,0.553
102000,0.353,0.000,0.647
102500,0.310,0.000,0.690
103000,0.395,0.000,0.605
103500,0.359,0.000,0.641
104000,0.332,0.008,0.660
104500,0.334,0.001,0.665
105000,0.387,0.001,0.612
105500,0.390,0.000,0.610
106000,0.314,0.000,0.686
106500,0.316,0.006,0.678
107000,0.357,0.000,0.643
107500,0.326,0.000,0.674
108000,0.335,0.000,0.665
108500,0.241,0.000,0.759
109000,0.364,0.004,0.632
109500,0.375,0.000,0.625
110000,0.368,0.000,0.632
110500,0.315,0.012,0.673
111000,0.282,0.000,0.718
111500,0.311,0.000,0.689
112000,0.356,0.000,0.644
112500,0.353,0.000,0.647
113000,0.270,0.000,0.730
113500,0.344,0.000,0.656
114000,0.325,0.000,0.675
114500,0.374,0.000,0.626
115000,0.337,0.000,0.663
115500,0.284,0.000,0.716
116000,0.367,0.000,0.633
116500,0.296,0.005,0.699
117000,0.248,0.000,0.752
117500,0.308,0.002,0.690
118000,0.328,0.000,0.672
118500,0.336,0.000,0.664
119000,0.333,0.000,0.667
119500,0.259,0.000,0.741
120000,0.375,0.001,0.624
120500,0.327,0.000,0.673
121000,0.270,0.000,0.730
121500,0.409,0.001,0.590
122000,0.340,0.000,0.660
122500,0.317,0.000,0.683
123000,0.360,0.000,0.640
123500,0.317,0.000,0.683
124000,0.320,0.000,0.680
124500,0.288,0.000,0.712
125000,0.327,0.008,0.665
125500,0.269,0.000,0.731
126000,0.276,0.004,0.720
126500,0.291,0.022,0.687
127000,0.347,0.011,0.642
127500,0.322,0.000,0.678
128000,0.316,0.020,0.664
128500,0.301,0.002,0.697
129000,0.317,0.000,0.683
129500,0.325,0.000,0.675
130000,0.264,0.000,0.736
130500,0.323,0.000,0.677
131000,0.361,0.000,0.639
131500,0.350,0.001,0.649
132000,0.420,0.000,0.580
132500,0.351,0.000,0.649
133000,0.356,0.000,0.644
133500,0.427,0.000,0.573
134000,0.426,0.000,0.574
134500,0.420,0.000,0.580
135000,0.336,0.000,0.664
135500,0.399,0.000,0.601
136000,0.334,0.000,0.666
136500,0.285,0.000,0.715
137000,0.384,0.000,0.616
137500,0.319,0.000,0.681
138000,0.315,0.000,0.685
138500,0.299,0.000,0.701
139000,0.378,0.001,0.621
139500,0.366,0.000,0.634
140000,0.406,0.000,0.594
140500,0.369,0.000,0.631
141000,0.276,0.000,0.724
141500,0.321,0.000,0.679
142000,0.301,0.000,0.699
142500,0.336,0.000,0.664
143000,0.310,0.000,0.690
143500,0.288,0.002,0.710
144000,0.290,0.003,0.707
144500,0.403,0.000,0.597
145000,0.386,0.000,0.614
145500,0.338,0.000,0.662
146000,0.372,0.000,0.628
146500,0.323,0.000,0.677
147000,0.299,0.000,0.701
147500,0.424,0.000,0.576
148000,0.425,0.000,0.575
148500,0.307,0.000,0.693
149000,0.350,0.000,0.650
149500,0.369,0.000,0.631
150000,0.362,0.002,0.636
150500,0.343,0.009,0.648
151000,0.348,0.000,0.652
151500,0.380,0.000,0.620
152000,0.362,0.005,0.633
152500,0.355,0.000,0.645
153000,0.299,0.000,0.701
153500,0.397,0.000,0.603
154000,0.266,0.000,0.734
154500,0.360,0.000,0.640
155000,0.360,0.000,0.640
155500,0.314,0.004,0.682
156000,0.302,0.000,0.698
156500,0.325,0.000,0.675
157000,0.312,0.002,0.686
157500,0.357,0.000,0.643
158000,0.287,0.012,0.701
158500,0.316,0.000,0.684
159000,0.333,0.000,0.667
159500,0.251,0.004,0.745
160000,0.273,0.001,0.726
160500,0.310,0.000,0.690
161000,0.324,0.000,0.676
161500,0.360,0.000,0.640
162000,0.409,0.000,0.591
162500,0.348,0.000,0.652
163000,0.336,0.000,0.664
163500,0.317,0.000,0.683
164000,0.376,0.000,0.624
164500,0.426,0.000,0.574
165000,0.371,0.000,0.629
165500,0.305,0.000,0.695
166000,0.492,0.000,0.508
166500,0.459,0.000,0.541
167000,0.419,0.000,0.581
167500,0.246,0.000,0.754
168000,0.341,0.000,0.659
168500,0.358,0.000,0.642
169000,0.418,0.000,0.582
169500,0.378,0.000,0.622
170000,0.333,0.001,0.666
170500,0.312,0.006,0.682
171000,0.284,0.004,0.712
171500,0.315,0.000,0.685
172000,0.367,0.000,0.633
172500,0.395,0.000,0.605
173000,0.374,0.000,0.626
173500,0.383,0.000,0.617
174000,0.245,0.000,0.755
174500,0.324,0.010,0.666
175000,0.331,0.000,0.669
175500,0.322,0.000,0.678
176000,0.302,0.000,0.698
176500,0.291,0.005,0.704
177000,0.300,0.000,0.700
177500,0.240,0.001,0.759
178000,0.385,0.000,0.615
178500,0.386,0.000,0.614
179000,0.400,0.000,0.600
179500,0.444,0.000,0.556
180000,0.372,0.000,0.628
180500,0.326,0.000,0.674
181000,0.430,0.000,0.570
181500,0.418,0.000,0.582
182000,0.306,0.000,0.694
182500,0.259,0.005,0.736
183000,0.330,0.001,0.669
183500,0.388,0.000,0.612
184000,0.370,0.000,0.630
184500,0.349,0.000,0.651
185000,0.307,0.000,0.693
185500,0.271,0.018,0.711
186000,0.279,0.000,0.721
186500,0.231,0.004,0.765
187000,0.311,0.001,0.688
187500,0.286,0.000,0.714
188000,0.259,0.002,0.739
188500,0.379,0.000,0.621
189000,0.353,0.000,0.647
189500,0.312,0.000,0.688
190000,0.346,0.001,0.653
190500,0.341,0.000,0.659
191000,0.296,0.000,0.704
191500,0.227,0.012,0.761
192000,0.311,0.004,0.685
192500,0.374,0.000,0.626
193000,0.298,0.007,0.695
193500,0.317,0.000,0.683
194000,0.301,0.000,0.699
194500,0.318,0.000,0.682
195000,0.295,0.000,0.705
195500,0.306,0.000,0.694
196000,0.338,0.000,0.662
196500,0.336,0.001,0.663
197000,0.275,0.000,0.725
197500,0.281,0.000,0.719
198000,0.300,0.000,0.700
198500,0.365,0.002,0.633
199000,0.359,0.000,0.641
199500,0.359,0.000,0.641
200000,0.338,0.000,0.662
200500,0.329,0.000,0.671
201000,0.389,0.000,0.611
201500,0.482,0.000,0.518
202000,0.349,0.000,0.651
202500,0.244,0.027,0.729
203000,0.262,0.027,0.711
203500,0.324,0.002,0.674
204000,0.363,0.001,0.636
204500,0.366,0.000,0.634
205000,0.301,0.008,0.691
205500,0.275,0.005,0.720
206000,0.458,0.000,0.542
206500,0.342,0.000,0.658
207000,0.383,0.000,0.617
207500,0.273,0.006,0.721
208000,0.270,0.012,0.718
208500,0.268,0.000,0.732
209000,0.256,0.017,0.727
209500,0.262,0.013,0.725
210000,0.374,0.000,0.626
210500,0.317,0.001,0.682
211000,0.371,0.001,0.628
211500,0.364,0.000,0.636
212000,0.304,0.007,0.689
212500,0.319,0.002,0.679
213000,0.358,0.002,0.640
213500,0.362,0.000,0.638
214000,0.273,0.007,0.720
214500,0.262,0.010,0.728
215000,0.334,0.000,0.666
215500,0.364,0.000,0.636
216000,0.337,0.000,0.663
216500,0.319,0.000,0.681
217000,0.322,0.000,0.678
217500,0.330,0.000,0.670
218000,0.280,0.000,0.720
218500,0.279,0.000,0.721
219000,0.321,0.000,0.679
219500,0.303,0.000,0.697
220000,0.317,0.000,0.683
220500,0.319,0.007,0.674
221000,0.347,0.000,0.653
221500,0.320,0.000,0.680
222000,0.332,0.000,0.668
222500,0.311,0.000,0.689
223000,0.280,0.009,0.711
223500,0.286,0.010,0.704
224000,0.314,0.000,0.686
224500,0.289,0.008,0.703
225000,0.340,0.000,0.660
225500,0.307,0.000,0.693
226000,0.396,0.000,0.604
226500,0.349,0.000,0.651
227000,0.253,0.003,0.744
227500,0.325,0.011,0.664
228000,0.399,0.003,0.598
228500,0.341,0.000,0.659
229000,0.316,0.000,0.684
229500,0.412,0.000,0.588
230000,0.348,0.000,0.652
230500,0.383,0.000,0.617
231000,0.355,0.001,0.644
231500,0.451,0.000,0.549
232000,0.308,0.000,0.692
232500,0.372,0.000,0.628
233000,0.387,0.000,0.613
233500,0.431,0.000,0.569
234000,0.287,0.007,0.706
234500,0.343,0.000,0.657
235000,0.297,0.002,0.701
235500,0.329,0.000,0.671
236000,0.315,0.003,0.682
236500,0.276,0.000,0.724
237000,0.347,0.000,0.653
237500,0.365,0.000,0.635
238000,0.351,0.000,0.649
238500,0.281,0.000,0.719
239000,0.382,0.001,0.617
239500,0.281,0.012,0.707
240000,0.327,0.000,0.673
240500,0.273,0.010,0.717
241000,0.412,0.000,0.588
241500,0.244,0.019,0.737
242000,0.254,0.011,0.735
242500,0.236,0.007,0.757
243000,0.237,0.001,0.762
243500,0.392,0.000,0.608
244000,0.294,0.012,0.694
244500,0.266,0.005,0.729
245000,0.229,0.006,0.765
245500,0.364,0.000,0.636
246000,0.437,0.000,0.563
246500,0.296,0.000,0.704
247000,0.258,0.000,0.742
247500,0.381,0.000,0.619
248000,0.391,0.000,0.609
248500,0.339,0.000,0.661
249000,0.314,0.009,0.677
249500,0.442,0.000,0.558
250000,0.364,0.000,0.636
250500,0.321,0.005,0.674
251000,0.279,0.000,0.721
251500,0.347,0.000,0.653
252000,0.328,0.000,0.672
252500,0.324,0.002,0.674
253000,0.344,0.004,0.652
253500,0.263,0.012,0.725
254000,0.283,0.001,0.716
254500,0.347,0.000,0.653
255000,0.263,0.012,0.725
255500,0.248,0.006,0.746
256000,0.304,0.000,0.696
256500,0.263,0.000,0.737
257000,0.263,0.002,0.735
257500,0.311,0.000,0.689
258000,0.430,0.000,0.570
258500,0.283,0.001,0.716
259000,0.276,0.022,0.702
259500,0.294,0.000,0.706
260000,0.260,0.000,0.740
260500,0.318,0.011,0.671
261000,0.330,0.001,0.669
261500,0.303,0.009,0.688
262000,0.239,0.002,0.759
262500,0.334,0.002,0.664
263000,0.364,0.000,0.636
263500,0.319,0.000,0.681
264000,0.341,0.007,0.652
264500,0.302,0.000,0.698
265000,0.293,0.000,0.707
265500,0.247,0.000,0.753
266000,0.299,0.000,0.701
266500,0.288,0.000,0.712
267000,0.373,0.010,0.617
267500,0.357,0.000,0.643
268000,0.387,0.001,0.612
268500,0.343,0.000,0.657
269000,0.316,0.000,0.684
269500,0.277,0.002,0.721
270000,0.277,0.006,0.717
270500,0.273,0.000,0.727
271000,0.296,0.010,0.694
271500,0.268,0.000,0.732
272000,0.265,0.011,0.724
272500,0.248,0.002,0.750
273000,0.331,0.000,0.669
273500,0.302,0.003,0.695
274000,0.342,0.011,0.647
274500,0.352,0.000,0.648
275000,0.314,0.003,0.683
275500,0.368,0.000,0.632
276000,0.405,0.000,0.595
276500,0.393,0.001,0.606
277000,0.354,0.000,0.646
277500,0.401,0.000,0.599
278000,0.388,0.000,0.612
278500,0.416,0.000,0.584
279000,0.352,0.000,0.648
279500,0.353,0.001,0.646
280000,0.263,0.016,0.721
280500,0.284,0.003,0.713
281000,0.378,0.000,0.622
281500,0.274,0.000,0.726
282000,0.334,0.001,0.665
282500,0.328,0.000,0.672
283000,0.213,0.007,0.780
283500,0.294,0.000,0.706
284000,0.255,0.002,0.743
284500,0.334,0.000,0.666
285000,0.310,0.001,0.689
285500,0.277,0.012,0.711
286000,0.344,0.001,0.655
286500,0.411,0.000,0.589
287000,0.388,0.000,0.612
287500,0.370,0.000,0.630
288000,0.311,0.000,0.689
288500,0.254,0.000,0.746
289000,0.276,0.007,0.717
289500,0.268,0.004,0.728
290000,0.401,0.001,0.598
290500,0.315,0.000,0.685
291000,0.295,0.000,0.705
291500,0.287,0.000,0.713
292000,0.339,0.006,0.655
292500,0.420,0.000,0.580
293000,0.325,0.000,0.675
293500,0.237,0.000,0.763
294000,0.348,0.001,0.651
294500,0.372,0.000,0.628
295000,0.385,0.000,0.615
295500,0.346,0.000,0.654
296000,0.339,0.002,0.659
296500,0.343,0.000,0.657
297000,0.363,0.000,0.637
297500,0.261,0.000,0.739
298000,0.341,0.001,0.658
298500,0.307,0.000,0.693
299000,0.339,0.002,0.659
299500,0.286,0.013,0.701
300000,0.291,0.002,0.707
300500,0.371,0.000,0.629
301000,0.322,0.000,0.678
301500,0.345,0.000,0.655
302000,0.288,0.000,0.712
302500,0.302,0.000,0.698
303000,0.261,0.001,0.738
303500,0.337,0.003,0.660
304000,0.364,0.000,0.636
304500,0.325,0.000,0.675
305000,0.295,0.001,0.704
305500,0.319,0.002,0.679
306000,0.318,0.000,0.682
306500,0.301,0.000,0.699
307000,0.277,0.014,0.709
307500,0.362,0.000,0.638
308000,0.401,0.000,0.599
308500,0.360,0.000,0.640
309000,0.402,0.000,0.598
309500,0.369,0.000,0.631
310000,0.333,0.002,0.665
310500,0.334,0.000,0.666
311000,0.406,0.000,0.594
311500,0.349,0.000,0.651
312000,0.308,0.000,0.692
312500,0.366,0.000,0.634
313000,0.328,0.001,0.671
313500,0.295,0.000,0.705
314000,0.371,0.000,0.629
314500,0.375,0.000,0.625
315000,0.446,0.000,0.554
315500,0.443,0.000,0.557
316000,0.369,0.000,0.631
316500,0.328,0.000,0.672
317000,0.232,0.010,0.758
317500,0.258,0.001,0.741
318000,0.318,0.000,0.682
318500,0.341,0.000,0.659
319000,0.310,0.000,0.690
319500,0.370,0.004,0.626
320000,0.415,0.000,0.585
320500,0.429,0.000,0.571
321000,0.334,0.002,0.664
321500,0.326,0.000,0.674
322000,0.367,0.000,0.633
322500,0.375,0.000,0.625
323000,0.306,0.000,0.694
323500,0.336,0.000,0.664
324000,0.318,0.000,0.682
324500,0.335,0.000,0.665
325000,0.299,0.012,0.689
325500,0.315,0.008,0.677
326000,0.290,0.007,0.703
326500,0.285,0.000,0.715
327000,0.326,0.005,0.669
327500,0.226,0.005,0.769
328000,0.275,0.009,0.716
328500,0.315,0.008,0.677
329000,0.355,0.001,0.644
329500,0.362,0.009,0.629
330000,0.378,0.001,0.621
330500,0.322,0.000,0.678
331000,0.416,0.000,0.584
331500,0.300,0.002,0.698
332000,0.339,0.001,0.660
332500,0.298,0.000,0.702
333000,0.217,0.000,0.783
333500,0.299,0.010,0.691
334000,0.386,0.000,0.614
334500,0.465,0.000,0.535
335000,0.324,0.000,0.676
335500,0.336,0.000,0.664
336000,0.289,0.008,0.703
336500,0.296,0.000,0.704
337000,0.233,0.000,0.767
337500,0.348,0.000,0.652
338000,0.346,0.000,0.654
338500,0.282,0.000,0.718
339000,0.322,0.000,0.678
339500,0.386,0.000,0.614
340000,0.392,0.000,0.608
340500,0.362,0.000,0.638
341000,0.279,0.006,0.715
341500,0.371,0.000,0.629
342000,0.383,0.000,0.617
342500,0.318,0.000,0.682
343000,0.243,0.000,0.757
343500,0.273,0.000,0.727
344000,0.304,0.000,0.696
344500,0.290,0.012,0.698
345000,0.281,0.012,0.707
345500,0.254,0.000,0.746
346000,0.336,0.000,0.664
346500,0.247,0.009,0.744
347000,0.375,0.000,0.625
347500,0.415,0.000,0.585
348000,0.387,0.000,0.613
348500,0.300,0.000,0.700
349000,0.310,0.000,0.690
349500,0.404,0.000,0.596
350000,0.315,0.001,0.684
350500,0.355,0.001,0.644
351000,0.279,0.001,0.720
351500,0.197,0.004,0.799
352000,0.340,0.000,0.660
352500,0.337,0.000,0.663
353000,0.257,0.016,0.727
353500,0.327,0.000,0.673
354000,0.284,0.003,0.713
354500,0.296,0.001,0.703
355000,0.305,0.004,0.691
355500,0.322,0.002,0.676
356000,0.393,0.001,0.606
356500,0.318,0.000,0.682
357000,0.265,0.000,0.735
357500,0.250,0.004,0.746
358000,0.434,0.000,0.566
358500,0.339,0.000,0.661
359000,0.359,0.002,0.639
359500,0.304,0.000,0.696
360000,0.397,0.000,0.603
360500,0.372,0.001,0.627
361000,0.359,0.000,0.641
361500,0.348,0.000,0.652
362000,0.337,0.000,0.663
362500,0.322,0.000,0.678
363000,0.303,0.000,0.697
363500,0.410,0.009,0.581
364000,0.333,0.000,0.667
364500,0.340,0.000,0.660
365000,0.246,0.011,0.743
365500,0.250,0.002,0.748
366000,0.328,0.001,0.671
366500,0.276,0.003,0.721
367000,0.358,0.005,0.637
367500,0.369,0.000,0.631
368000,0.327,0.000,0.673
368500,0.274,0.008,0.718
369000,0.303,0.000,0.697
369500,0.364,0.002,0.634
370000,0.394,0.000,0.606
370500,0.289,0.000,0.711
371000,0.307,0.000,0.693
371500,0.303,0.000,0.697
372000,0.315,0.000,0.685
372500,0.405,0.000,0.595
373000,0.300,0.000,0.700
373500,0.401,0.000,0.599
374000,0.312,0.000,0.688
374500,0.299,0.004,0.697
375000,0.258,0.005,0.737
375500,0.272,0.004,0.724
376000,0.341,0.003,0.656
376500,0.315,0.000,0.685
377000,0.270,0.000,0.730
377500,0.295,0.006,0.699
378000,0.439,0.000,0.561
378500,0.445,0.000,0.555
379000,0.404,0.000,0.596
379500,0.307,0.000,0.693
380000,0.368,0.004,0.628
380500,0.439,0.000,0.561
381000,0.344,0.000,0.656
381500,0.345,0.000,0.655
382000,0.391,0.000,0.609
382500,0.264,0.008,0.728
383000,0.309,0.000,0.691
383500,0.280,0.000,0.720
384000,0.333,0.000,0.667
384500,0.315,0.000,0.685
385000,0.302,0.000,0.698
385500,0.373,0.000,0.627
386000,0.324,0.000,0.676
386500,0.301,0.000,0.699
387000,0.338,0.000,0.662
387500,0.310,0.000,0.690
388000,0.309,0.003,0.688
388500,0.321,0.001,0.678
389000,0.325,0.000,0.675
389500,0.385,0.000,0.615
390000,0.371,0.000,0.629
390500,0.301,0.001,0.698
391000,0.379,0.000,0.621
391500,0.330,0.000,0.670
392000,0.273,0.012,0.715
392500,0.319,0.000,0.681
393000,0.279,0.000,0.721
393500,0.319,0.000,0.681
394000,0.294,0.004,0.702
394500,0.283,0.000,0.717
395000,0.369,0.000,0.631
395500,0.331,0.012,0.657
396000,0.396,0.000,0.604
396500,0.306,0.000,0.694
397000,0.359,0.001,0.640
397500,0.339,0.000,0.661
398000,0.332,0.000,0.668
398500,0.402,0.000,0.598
399000,0.309,0.000,0.691
399500,0.292,0.000,0.708
400000,0.306,0.000,0.694
400500,0.315,0.000,0.685
401000,0.316,0.000,0.684
401500,0.302,0.000,0.698
402000,0.375,0.000,0.625
402500,0.284,0.000,0.716
403000,0.292,0.000,0.708
403500,0.274,0.007,0.719
404000,0.312,0.003,0.685
404500,0.366,0.000,0.634
405000,0.370,0.000,0.630
405500,0.443,0.000,0.557
406000,0.413,0.000,0.587
406500,0.369,0.000,0.631
407000,0.352,0.010,0.638
407500,0.301,0.001,0.698
408000,0.282,0.002,0.716
408500,0.305,0.000,0.695
409000,0.315,0.005,0.680
409500,0.297,0.000,0.703
410000,0.255,0.015,0.730
410500,0.346,0.001,0.653
411000,0.329,0.000,0.671
411500,0.299,0.010,0.691
412000,0.367,0.000,0.633
412500,0.284,0.016,0.700
413000,0.261,0.000,0.739
413500,0.257,0.005,0.738
414000,0.289,0.000,0.711
414500,0.373,0.000,0.627
415000,0.348,0.000,0.652
415500,0.279,0.014,0.707
416000,0.321,0.005,0.674
416500,0.371,0.000,0.629
417000,0.274,0.000,0.726
417500,0.332,0.000,0.668
418000,0.233,0.016,0.751
418500,0.243,0.016,0.741
419000,0.336,0.001,0.663
419500,0.277,0.014,0.709
420000,0.317,0.001,0.682
420500,0.295,0.000,0.705
421000,0.322,0.000,0.678
421500,0.328,0.000,0.672
422000,0.317,0.000,0.683
422500,0.349,0.000,0.651
423000,0.352,0.000,0.648
423500,0.315,0.000,0.685
424000,0.356,0.000,0.644
424500,0.333,0.000,0.667
425000,0.324,0.011,0.665
425500,0.328,0.001,0.671
426000,0.363,0.001,0.636
426500,0.337,0.000,0.663
427000,0.303,0.000,0.697
427500,0.270,0.000,0.730
428000,0.314,0.000,0.686
428500,0.311,0.000,0.689
429000,0.325,0.000,0.675
429500,0.311,0.000,0.689
430000,0.269,0.000,0.731
430500,0.286,0.006,0.708
431000,0.324,0.000,0.676
431500,0.317,0.002,0.681
432000,0.327,0.000,0.673
432500,0.277,0.000,0.723
433000,0.280,0.000,0.720
433500,0.399,0.000,0.601
434000,0.380,0.000,0.620
434500,0.338,0.003,0.659
435000,0.331,0.007,0.662
435500,0.315,0.003,0.682
436000,0.275,0.000,0.725
436500,0.321,0.000,0.679
437000,0.371,0.000,0.629
437500,0.346,0.000,0.654
438000,0.322,0.004,0.674
438500,0.348,0.000,0.652
439000,0.284,0.012,0.704
439500,0.304,0.000,0.696
440000,0.386,0.000,0.614
440500,0.346,0.000,0.654
441000,0.319,0.002,0.679
441500,0.364,0.000,0.636
442000,0.250,0.000,0.750
442500,0.192,0.014,0.794
443000,0.256,0.020,0.724
443500,0.367,0.001,0.632
444000,0.320,0.012,0.668
444500,0.318,0.001,0.681
445000,0.373,0.002,0.625
445500,0.325,0.000,0.675
446000,0.312,0.000,0.688
446500,0.328,0.001,0.671
447000,0.310,0.000,0.690
447500,0.256,0.000,0.744
448000,0.342,0.004,0.654
448500,0.261,0.009,0.730
449000,0.389,0.000,0.611
449500,0.355,0.000,0.645
450000,0.343,0.000,0.657
450500,0.309,0.000,0.691
451000,0.362,0.000,0.638
451500,0.392,0.001,0.607
452000,0.400,0.000,0.600
452500,0.317,0.000,0.683
453000,0.305,0.000,0.695
453500,0.352,0.000,0.648
454000,0.386,0.000,0.614
454500,0.262,0.000,0.738
455000,0.232,0.026,0.742
455500,0.179,0.028,0.793
456000,0.321,0.003,0.676
456500,0.333,0.001,0.666
457000,0.328,0.000,0.672
457500,0.271,0.000,0.729
458000,0.316,0.000,0.684
458500,0.297,0.000,0.703
459000,0.293,0.000,0.707
459500,0.367,0.000,0.633
460000,0.368,0.000,0.632
460500,0.308,0.001,0.691
461000,0.377,0.000,0.623
461500,0.324,0.000,0.676
462000,0.276,0.001,0.723
462500,0.324,0.010,0.666
463000,0.285,0.001,0.714
463500,0.354,0.000,0.646
464000,0.352,0.000,0.648
464500,0.353,0.000,0.647
465000,0.322,0.000,0.678
465500,0.333,0.000,0.667
466000,0.377,0.000,0.623
466500,0.303,0.010,0.687
467000,0.376,0.001,0.623
467500,0.299,0.000,0.701
468000,0.292,0.000,0.708
468500,0.364,0.000,0.636
469000,0.274,0.009,0.717
469500,0.344,0.000,0.656
470000,0.413,0.000,0.587
470500,0.299,0.003,0.698
471000,0.357,0.000,0.643
471500,0.349,0.000,0.651
472000,0.327,0.000,0.673
472500,0.380,0.000,0.620
473000,0.416,0.000,0.584
473500,0.277,0.000,0.723
474000,0.342,0.000,0.658
474500,0.349,0.000,0.651
475000,0.356,0.002,0.642
475500,0.295,0.000,0.705
476000,0.334,0.001,0.665
476500,0.352,0.000,0.648
477000,0.311,0.017,0.672
477500,0.322,0.001,0.677
478000,0.376,0.000,0.624
478500,0.334,0.000,0.666
479000,0.377,0.000,0.623
479500,0.341,0.000,0.659
480000,0.333,0.000,0.667
480500,0.352,0.000,0.648
481000,0.236,0.010,0.754
481500,0.362,0.004,0.634
482000,0.330,0.000,0.670
482500,0.268,0.000,0.732
483000,0.240,0.005,0.755
483500,0.263,0.002,0.735
484000,0.249,0.008,0.743
484500,0.249,0.006,0.745
485000,0.296,0.002,0.702
485500,0.269,0.003,0.728
486000,0.325,0.000,0.675
486500,0.286,0.000,0.714
487000,0.390,0.007,0.603
487500,0.311,0.000,0.689
488000,0.344,0.000,0.656
488500,0.468,0.000,0.532
489000,0.394,0.000,0.606
489500,0.332,0.009,0.659
490000,0.335,0.000,0.665
490500,0.296,0.000,0.704
491000,0.324,0.000,0.676
491500,0.361,0.000,0.639
492000,0.379,0.000,0.621
492500,0.287,0.000,0.713
493000,0.290,0.002,0.708
493500,0.301,0.002,0.697
494000,0.295,0.000,0.705
494500,0.339,0.012,0.649
495000,0.340,0.000,0.660
495500,0.326,0.000,0.674
496000,0.322,0.000,0.678
496500,0.260,0.007,0.733
497000,0.304,0.000,0.696
497500,0.269,0.003,0.728
498000,0.266,0.006,0.728
498500,0.331,0.000,0.669
499000,0.330,0.000,0.670
499500,0.396,0.000,0.604
500000,0.363,0.000,0.637
500500,0.374,0.000,0.626
501000,0.355,0.000,0.645
501500,0.334,0.004,0.662
502000,0.290,0.011,0.699
502500,0.290,0.000,0.710
503000,0.326,0.000,0.674
503500,0.372,0.000,0.628
504000,0.364,0.000,0.636
504500,0.264,0.004,0.732
505000,0.308,0.007,0.685
505500,0.311,0.006,0.683
506000,0.258,0.003,0.739
506500,0.287,0.004,0.709
507000,0.354,0.000,0.646
507500,0.303,0.000,0.697
508000,0.323,0.003,0.674
508500,0.300,0.000,0.700
509000,0.310,0.000,0.690
509500,0.289,0.000,0.711
510000,0.349,0.000,0.651
510500,0.260,0.000,0.740
511000,0.292,0.000,0.708
511500,0.352,0.000,0.648
512000,0.332,0.003,0.665
512500,0.288,0.006,0.706
513000,0.284,0.000,0.716
513500,0.256,0.017,0.727
514000,0.389,0.001,0.610
514500,0.362,0.000,0.638
515000,0.287,0.004,0.709
515500,0.336,0.000,0.664
516000,0.279,0.004,0.717
516500,0.338,0.000,0.662
517000,0.359,0.000,0.641
517500,0.231,0.012,0.757
518000,0.261,0.009,0.730
518500,0.364,0.003,0.633
519000,0.292,0.000,0.708
519500,0.284,0.002,0.714
520000,0.329,0.000,0.671
520500,0.334,0.008,0.658
521000,0.339,0.000,0.661
521500,0.333,0.004,0.663
522000,0.351,0.001,0.648
522500,0.338,0.000,0.662
523000,0.405,0.000,0.595
523500,0.340,0.000,0.660
524000,0.409,0.000,0.591
524500,0.408,0.000,0.592
525000,0.295,0.000,0.705
525500,0.308,0.000,0.692
526000,0.255,0.001,0.744
526500,0.330,0.001,0.669
527000,0.403,0.000,0.597
527500,0.406,0.000,0.594
528000,0.360,0.000,0.640
528500,0.284,0.012,0.704
529000,0.352,0.002,0.646
529500,0.293,0.000,0.707
530000,0.279,0.000,0.721
530500,0.285,0.002,0.713
531000,0.285,0.000,0.715
531500,0.291,0.000,0.709
532000,0.352,0.000,0.648
532500,0.336,0.000,0.664
533000,0.282,0.000,0.718
533500,0.303,0.003,0.694
534000,0.233,0.000,0.767
534500,0.239,0.007,0.754
535000,0.248,0.014,0.738
535500,0.224,0.010,0.766
536000,0.263,0.000,0.737
536500,0.288,0.001,0.711
537000,0.288,0.008,0.704
537500,0.356,0.000,0.644
538000,0.393,0.008,0.599
538500,0.339,0.001,0.660
539000,0.348,0.000,0.652
539500,0.302,0.006,0.692
540000,0.294,0.000,0.706
540500,0.282,0.000,0.718
541000,0.328,0.010,0.662
541500,0.262,0.001,0.737
542000,0.274,0.011,0.715
542500,0.272,0.002,0.726
543000,0.257,0.001,0.742
543500,0.323,0.002,0.675
544000,0.287,0.000,0.713
544500,0.350,0.000,0.650
545000,0.328,0.000,0.672
545500,0.318,0.000,0.682
546000,0.254,0.007,0.739
546500,0.331,0.000,0.669
547000,0.353,0.008,0.639
547500,0.300,0.000,0.700
548000,0.347,0.002,0.651
548500,0.431,0.001,0.568
549000,0.295,0.013,0.692
549500,0.369,0.001,0.630
550000,0.307,0.003,0.690
550500,0.310,0.000,0.690
551000,0.348,0.000,0.652
551500,0.373,0.001,0.626
552000,0.455,0.000,0.545
552500,0.361,0.000,0.639
553000,0.411,0.000,0.589
553500,0.319,0.008,0.673
554000,0.304,0.012,0.684
554500,0.286,0.001,0.713
555000,0.310,0.003,0.687
555500,0.267,0.012,0.721
556000,0.290,0.000,0.710
556500,0.318,0.000,0.682
557000,0.380,0.000,0.620
557500,0.314,0.000,0.686
558000,0.341,0.006,0.653
558500,0.311,0.000,0.689
559000,0.342,0.001,0.657
559500,0.379,0.004,0.617
560000,0.399,0.000,0.601
560500,0.408,0.000,0.592
561000,0.310,0.000,0.690
561500,0.353,0.000,0.647
562000,0.316,0.005,0.679
562500,0.274,0.000,0.726
563000,0.372,0.000,0.628
563500,0.284,0.020,0.696
564000,0.310,0.004,0.686
564500,0.361,0.000,0.639
565000,0.402,0.000,0.598
565500,0.402,0.000,0.598
566000,0.270,0.000,0.730
566500,0.318,0.000,0.682
567000,0.262,0.000,0.738
567500,0.377,0.000,0.623
568000,0.286,0.000,0.714
568500,0.339,0.015,0.646
569000,0.344,0.003,0.653
569500,0.388,0.000,0.612
570000,0.322,0.002,0.676
570500,0.423,0.000,0.577
571000,0.251,0.000,0.749
571500,0.191,0.033,0.776
572000,0.194,0.024,0.782
572500,0.202,0.008,0.790
573000,0.239,0.016,0.745
573500,0.252,0.015,0.733
574000,0.308,0.000,0.692
574500,0.305,0.000,0.695
575000,0.279,0.004,0.717
575500,0.337,0.001,0.662
576000,0.391,0.000,0.609
576500,0.379,0.000,0.621
577000,0.338,0.000,0.662
577500,0.347,0.000,0.653
578000,0.338,0.000,0.662
578500,0.354,0.000,0.646
579000,0.436,0.000,0.564
579500,0.446,0.000,0.554
580000,0.443,0.000,0.557
580500,0.390,0.000,0.610
581000,0.356,0.000,0.644
581500,0.286,0.001,0.713
582000,0.265,0.000,0.735
582500,0.341,0.000,0.659
583000,0.342,0.000,0.658
583500,0.439,0.000,0.561
584000,0.305,0.000,0.695
584500,0.313,0.000,0.687
585000,0.385,0.000,0.615
585500,0.393,0.008,0.599
586000,0.361,0.003,0.636
586500,0.313,0.000,0.687
587000,0.327,0.000,0.673
587500,0.304,0.000,0.696
588000,0.391,0.000,0.609
588500,0.462,0.000,0.538
589000,0.395,0.000,0.605
589500,0.330,0.000,0.670
590000,0.284,0.004,0.712
590500,0.338,0.000,0.662
591000,0.320,0.008,0.672
591500,0.347,0.002,0.651
592000,0.354,0.000,0.646
592500,0.387,0.000,0.613
593000,0.317,0.000,0.683
593500,0.287,0.000,0.713
594000,0.277,0.000,0.723
594500,0.315,0.000,0.685
595000,0.335,0.000,0.665
595500,0.315,0.000,0.685
596000,0.250,0.000,0.750
596500,0.329,0.000,0.671
597000,0.293,0.010,0.697
597500,0.316,0.006,0.678
598000,0.316,0.000,0.684
598500,0.296,0.000,0.704
599000,0.287,0.000,0.713
599500,0.373,0.000,0.627
600000,0.420,0.000,0.580
600500,0.346,0.000,0.654
601000,0.323,0.000,0.677
601500,0.415,0.000,0.585
602000,0.364,0.000,0.636
602500,0.446,0.000,0.554
603000,0.360,0.002,0.638
603500,0.316,0.000,0.684
604000,0.351,0.000,0.649
604500,0.333,0.000,0.667
605000,0.375,0.000,0.625
605500,0.401,0.000,0.599
606000,0.410,0.000,0.590
606500,0.335,0.000,0.665
607000,0.294,0.000,0.706
607500,0.356,0.000,0.644
608000,0.389,0.000,0.611
608500,0.302,0.000,0.698
609000,0.286,0.004,0.710
609500,0.346,0.004,0.650
610000,0.301,0.000,0.699
610500,0.342,0.001,0.657
611000,0.337,0.004,0.659
611500,0.344,0.000,0.656
612000,0.310,0.000,0.690
612500,0.257,0.010,0.733
613000,0.391,0.009,0.600
613500,0.367,0.000,0.633
614000,0.362,0.000,0.638
614500,0.338,0.000,0.662
615000,0.360,0.000,0.640
615500,0.297,0.000,0.703
616000,0.361,0.000,0.639
616500,0.301,0.000,0.699
617000,0.294,0.000,0.706
617500,0.342,0.000,0.658
618000,0.263,0.000,0.737
618500,0.300,0.001,0.699
619000,0.322,0.003,0.675
619500,0.275,0.003,0.722
620000,0.377,0.000,0.623
620500,0.307,0.000,0.693
621000,0.368,0.000,0.632
621500,0.331,0.000,0.669
622000,0.269,0.000,0.731
622500,0.363,0.000,0.637
623000,0.372,0.000,0.628
623500,0.337,0.000,0.663
624000,0.352,0.000,0.648
624500,0.311,0.000,0.689
625000,0.386,0.000,0.614
625500,0.393,0.000,0.607
626000,0.376,0.000,0.624
626500,0.340,0.000,0.660
627000,0.342,0.000,0.658
627500,0.269,0.000,0.731
628000,0.297,0.000,0.703
628500,0.428,0.000,0.572
629000,0.399,0.000,0.601
629500,0.358,0.000,0.642
630000,0.321,0.000,0.679
630500,0.302,0.003,0.695
631000,0.316,0.000,0.684
631500,0.366,0.000,0.634
632000,0.296,0.008,0.696
632500,0.357,0.000,0.643
633000,0.306,0.000,0.694
633500,0.333,0.000,0.667
634000,0.288,0.000,0.712
634500,0.294,0.000,0.706
635000,0.275,0.005,0.720
635500,0.267,0.003,0.730
636000,0.348,0.000,0.652
636500,0.284,0.000,0.716
637000,0.364,0.009,0.627
637500,0.304,0.000,0.696
638000,0.273,0.000,0.727
638500,0.288,0.002,0.710
639000,0.332,0.000,0.668
639500,0.228,0.009,0.763
640000,0.331,0.001,0.668
640500,0.322,0.000,0.678
641000,0.358,0.000,0.642
641500,0.355,0.000,0.645
642000,0.316,0.000,0.684
642500,0.354,0.000,0.646
643000,0.323,0.000,0.677
643500,0.410,0.000,0.590
644000,0.396,0.000,0.604
644500,0.326,0.000,0.674
645000,0.351,0.000,0.649
645500,0.290,0.000,0.710
646000,0.229,0.005,0.766
646500,0.285,0.007,0.708
647000,0.315,0.000,0.685
647500,0.286,0.009,0.705
648000,0.236,0.002,0.762
648500,0.245,0.000,0.755
649000,0.298,0.004,0.698
649500,0.343,0.000,0.657
650000,0.334,0.000,0.666
650500,0.329,0.000,0.671
651000,0.319,0.000,0.681
651500,0.322,0.000,0.678
652000,0.283,0.000,0.717
652500,0.359,0.000,0.641
653000,0.341,0.000,0.659
653500,0.258,0.016,0.726
654000,0.246,0.010,0.744
654500,0.324,0.000,0.676
655000,0.305,0.004,0.691
655500,0.247,0.000,0.753
656000,0.350,0.000,0.650
656500,0.369,0.000,0.631
657000,0.355,0.000,0.645
657500,0.316,0.000,0.684
658000,0.342,0.000,0.658
658500,0.344,0.000,0.656
659000,0.299,0.007,0.694
659500,0.278,0.003,0.719
660000,0.310,0.002,0.688
660500,0.265,0.000,0.735
661000,0.389,0.000,0.611
661500,0.367,0.000,0.633
662000,0.389,0.009,0.602
662500,0.399,0.000,0.601
663000,0.386,0.000,0.614
663500,0.268,0.000,0.732
664000,0.249,0.000,0.751
664500,0.338,0.000,0.662
665000,0.226,0.010,0.764
665500,0.342,0.000,0.658
666000,0.374,0.000,0.626
666500,0.435,0.000,0.565
667000,0.410,0.000,0.590
667500,0.448,0.000,0.552
668000,0.370,0.000,0.630
668500,0.292,0.006,0.702
669000,0.314,0.000,0.686
669500,0.347,0.000,0.653
670000,0.298,0.006,0.696
670500,0.283,0.000,0.717
671000,0.283,0.000,0.717
671500,0.266,0.001,0.733
672000,0.338,0.000,0.662
672500,0.310,0.000,0.690
673000,0.380,0.000,0.620
673500,0.332,0.007,0.661
674000,0.388,0.000,0.612
674500,0.325,0.007,0.668
675000,0.235,0.008,0.757
675500,0.369,0.001,0.630
676000,0.295,0.000,0.705
676500,0.317,0.009,0.674
677000,0.361,0.000,0.639
677500,0.412,0.012,0.576
678000,0.351,0.000,0.649
678500,0.366,0.001,0.633
679000,0.386,0.002,0.612
679500,0.360,0.000,0.640
680000,0.345,0.000,0.655
680500,0.390,0.007,0.603
681000,0.359,0.005,0.636
681500,0.308,0.011,0.681
682000,0.271,0.000,0.729
682500,0.350,0.000,0.650
683000,0.317,0.010,0.673
683500,0.354,0.000,0.646
684000,0.336,0.000,0.664
684500,0.315,0.006,0.679
685000,0.412,0.000,0.588
685500,0.366,0.002,0.632
686000,0.353,0.001,0.646
686500,0.352,0.000,0.648
687000,0.359,0.000,0.641
687500,0.327,0.000,0.673
688000,0.274,0.005,0.721
688500,0.356,0.000,0.644
689000,0.297,0.000,0.703
689500,0.286,0.007,0.707
690000,0.354,0.000,0.646
690500,0.304,0.002,0.694
691000,0.255,0.000,0.745
691500,0.329,0.000,0.671
692000,0.328,0.000,0.672
692500,0.304,0.000,0.696
693000,0.283,0.007,0.710
693500,0.288,0.022,0.690
694000,0.331,0.000,0.669
694500,0.335,0.000,0.665
695000,0.288,0.003,0.709
695500,0.292,0.000,0.708
696000,0.324,0.000,0.676
696500,0.334,0.008,0.658
697000,0.307,0.000,0.693
697500,0.333,0.002,0.665
698000,0.271,0.000,0.729
698500,0.265,0.000,0.735
699000,0.319,0.000,0.681
699500,0.381,0.000,0.619
700000,0.315,0.000,0.685
700500,0.256,0.000,0.744
701000,0.286,0.000,0.714
701500,0.332,0.000,0.668
702000,0.290,0.000,0.710
702500,0.233,0.017,0.750
703000,0.309,0.003,0.688
703500,0.298,0.000,0.702
704000,0.431,0.000,0.569
704500,0.426,0.000,0.574
705000,0.279,0.000,0.721
705500,0.330,0.000,0.670
706000,0.303,0.000,0.697
706500,0.346,0.000,0.654
707000,0.361,0.000,0.639
707500,0.332,0.000,0.668
708000,0.357,0.000,0.643
708500,0.255,0.000,0.745
709000,0.298,0.000,0.702
709500,0.302,0.000,0.698
710000,0.375,0.000,0.625
710500,0.309,0.003,0.688
711000,0.235,0.012,0.753
711500,0.269,0.010,0.721
712000,0.301,0.016,0.683
712500,0.312,0.001,0.687
713000,0.335,0.003,0.662
713500,0.247,0.000,0.753
714000,0.212,0.002,0.786
714500,0.377,0.001,0.622
715000,0.365,0.000,0.635
715500,0.331,0.000,0.669
716000,0.354,0.000,0.646
716500,0.389,0.000,0.611
717000,0.301,0.000,0.699
717500,0.383,0.000,0.617
718000,0.417,0.000,0.583
718500,0.305,0.000,0.695
719000,0.297,0.000,0.703
719500,0.282,0.000,0.718
720000,0.297,0.008,0.695
720500,0.292,0.005,0.703
721000,0.257,0.008,0.735
721500,0.183,0.021,0.796
722000,0.237,0.018,0.745
722500,0.296,0.007,0.697
723000,0.339,0.004,0.657
723500,0.340,0.000,0.660
724000,0.293,0.000,0.707
724500,0.388,0.000,0.612
725000,0.362,0.000,0.638
725500,0.303,0.006,0.691
726000,0.357,0.000,0.643
726500,0.305,0.000,0.695
727000,0.262,0.009,0.729
727500,0.309,0.001,0.690
728000,0.354,0.000,0.646
728500,0.348,0.000,0.652
729000,0.319,0.000,0.681
729500,0.302,0.000,0.698
730000,0.348,0.000,0.652
730500,0.372,0.000,0.628
731000,0.336,0.000,0.664
731500,0.329,0.001,0.670
732000,0.356,0.000,0.644
732500,0.363,0.000,0.637
733000,0.370,0.001,0.629
733500,0.312,0.002,0.686
734000,0.403,0.000,0.597
734500,0.359,0.000,0.641
735000,0.295,0.000,0.705
735500,0.366,0.000,0.634
736000,0.392,0.000,0.608
736500,0.391,0.000,0.609
737000,0.394,0.000,0.606
737500,0.477,0.000,0.523
738000,0.365,0.000,0.635
738500,0.388,0.000,0.612
739000,0.240,0.004,0.756
739500,0.317,0.001,0.682
740000,0.349,0.006,0.645
740500,0.313,0.002,0.685
741000,0.290,0.001,0.709
741500,0.245,0.008,0.747
742000,0.332,0.000,0.668
742500,0.239,0.001,0.760
743000,0.326,0.000,0.674
743500,0.324,0.001,0.675
744000,0.253,0.000,0.747
744500,0.360,0.000,0.640
745000,0.314,0.000,0.686
745500,0.190,0.006,0.804
746000,0.257,0.003,0.740
746500,0.283,0.001,0.716
747000,0.287,0.012,0.701
747500,0.381,0.000,0.619
748000,0.314,0.001,0.685
748500,0.341,0.000,0.659
749000,0.341,0.000,0.659
749500,0.315,0.000,0.685
750000,0.318,0.000,0.682
750500,0.314,0.000,0.686
751000,0.322,0.000,0.678
751500,0.316,0.000,0.684
752000,0.326,0.000,0.674
752500,0.450,0.000,0.550
753000,0.369,0.000,0.631
753500,0.315,0.000,0.685
754000,0.325,0.000,0.675
754500,0.252,0.009,0.739
755000,0.280,0.000,0.720
755500,0.317,0.005,0.678
756000,0.363,0.000,0.637
756500,0.322,0.000,0.678
757000,0.274,0.014,0.712
757500,0.242,0.000,0.758
758000,0.210,0.004,0.786
758500,0.318,0.000,0.682
759000,0.368,0.000,0.632
759500,0.391,0.000,0.609
760000,0.327,0.001,0.672
760500,0.436,0.000,0.564
761000,0.245,0.001,0.754
761500,0.318,0.000,0.682
762000,0.393,0.000,0.607
762500,0.322,0.000,0.678
763000,0.377,0.000,0.623
763500,0.379,0.000,0.621
764000,0.312,0.000,0.688
764500,0.285,0.012,0.703
765000,0.329,0.004,0.667
765500,0.318,0.001,0.681
766000,0.283,0.000,0.717
766500,0.320,0.000,0.680
767000,0.344,0.000,0.656
767500,0.330,0.000,0.670
768000,0.359,0.000,0.641
768500,0.328,0.000,0.672
769000,0.425,0.000,0.575
769500,0.433,0.000,0.567
770000,0.312,0.000,0.688
770500,0.277,0.000,0.723
771000,0.272,0.012,0.716
771500,0.351,0.002,0.647
772000,0.305,0.000,0.695
772500,0.256,0.000,0.744
773000,0.270,0.000,0.730
773500,0.410,0.000,0.590
774000,0.354,0.000,0.646
774500,0.412,0.000,0.588
775000,0.331,0.000,0.669
775500,0.319,0.000,0.681
776000,0.288,0.000,0.712
776500,0.351,0.000,0.649
777000,0.320,0.012,0.668
777500,0.290,0.000,0.710
778000,0.368,0.000,0.632
778500,0.412,0.000,0.588
779000,0.416,0.000,0.584
779500,0.334,0.003,0.663
780000,0.353,0.003,0.644
780500,0.333,0.000,0.667
781000,0.381,0.000,0.619
781500,0.333,0.002,0.665
782000,0.358,0.003,0.639
782500,0.345,0.000,0.655
783000,0.312,0.000,0.688
783500,0.437,0.000,0.563
784000,0.393,0.000,0.607
784500,0.301,0.000,0.699
785000,0.334,0.002,0.664
785500,0.255,0.002,0.743
786000,0.297,0.000,0.703
786500,0.264,0.001,0.735
787000,0.294,0.006,0.700
787500,0.351,0.001,0.648
788000,0.341,0.000,0.659
788500,0.296,0.000,0.704
789000,0.327,0.000,0.673
789500,0.319,0.000,0.681
790000,0.325,0.000,0.675
790500,0.292,0.001,0.707
791000,0.365,0.000,0.635
791500,0.317,0.009,0.674
792000,0.302,0.006,0.692
792500,0.371,0.000,0.629
793000,0.363,0.000,0.637
793500,0.414,0.000,0.586
794000,0.346,0.000,0.654
794500,0.312,0.000,0.688
795000,0.378,0.001,0.621
795500,0.376,0.000,0.624
796000,0.380,0.000,0.620
796500,0.326,0.007,0.667
797000,0.262,0.000,0.738
797500,0.274,0.002,0.724
798000,0.283,0.001,0.716
798500,0.403,0.007,0.590
799000,0.307,0.000,0.693
799500,0.381,0.000,0.619
800000,0.390,0.000,0.610
800500,0.363,0.000,0.637
801000,0.350,0.004,0.646
801500,0.340,0.000,0.660
802000,0.317,0.000,0.683
802500,0.328,0.001,0.671
803000,0.371,0.000,0.629
803500,0.382,0.008,0.610
804000,0.283,0.010,0.707
804500,0.223,0.012,0.765
805000,0.286,0.009,0.705
805500,0.310,0.000,0.690
806000,0.335,0.002,0.663
806500,0.375,0.000,0.625
807000,0.336,0.008,0.656
807500,0.343,0.000,0.657
808000,0.259,0.012,0.729
808500,0.270,0.017,0.713
809000,0.286,0.001,0.713
809500,0.201,0.015,0.784
810000,0.266,0.019,0.715
810500,0.410,0.001,0.589
811000,0.293,0.000,0.707
811500,0.345,0.000,0.655
812000,0.385,0.000,0.615
812500,0.338,0.000,0.662
813000,0.362,0.000,0.638
813500,0.415,0.000,0.585
814000,0.327,0.000,0.673
814500,0.379,0.004,0.617
815000,0.339,0.000,0.661
815500,0.324,0.000,0.676
816000,0.327,0.000,0.673
816500,0.288,0.001,0.711
817000,0.387,0.000,0.613
817500,0.345,0.002,0.653
818000,0.312,0.001,0.687
818500,0.329,0.000,0.671
819000,0.352,0.000,0.648
819500,0.310,0.000,0.690
820000,0.352,0.000,0.648
820500,0.415,0.000,0.585
821000,0.357,0.000,0.643
821500,0.367,0.000,0.633
822000,0.360,0.000,0.640
822500,0.309,0.013,0.678
823000,0.374,0.001,0.625
823500,0.378,0.000,0.622
824000,0.369,0.000,0.631
824500,0.366,0.000,0.634
825000,0.313,0.003,0.684
825500,0.279,0.000,0.721
826000,0.326,0.000,0.674
826500,0.335,0.000,0.665
827000,0.381,0.000,0.619
827500,0.366,0.001,0.633
828000,0.525,0.000,0.475
828500,0.469,0.000,0.531
829000,0.369,0.000,0.631
829500,0.373,0.000,0.627
830000,0.368,0.000,0.632
830500,0.389,0.000,0.611
831000,0.312,0.000,0.688
831500,0.276,0.000,0.724
832000,0.223,0.012,0.765
832500,0.211,0.005,0.784
833000,0.273,0.009,0.718
833500,0.295,0.007,0.698
834000,0.335,0.004,0.661
834500,0.375,0.000,0.625
835000,0.323,0.000,0.677
835500,0.309,0.000,0.691
836000,0.288,0.000,0.712
836500,0.330,0.000,0.670
837000,0.315,0.003,0.682
837500,0.371,0.008,0.621
838000,0.357,0.000,0.643
838500,0.336,0.000,0.664
839000,0.352,0.000,0.648
839500,0.372,0.000,0.628
840000,0.293,0.001,0.706
840500,0.250,0.018,0.732
841000,0.257,0.004,0.739
841500,0.325,0.003,0.672
842000,0.403,0.000,0.597
842500,0.335,0.000,0.665
843000,0.348,0.000,0.652
843500,0.338,0.000,0.662
844000,0.321,0.000,0.679
844500,0.292,0.006,0.702
845000,0.306,0.001,0.693
845500,0.329,0.001,0.670
846000,0.306,0.000,0.694
846500,0.368,0.005,0.627
847000,0.396,0.000,0.604
847500,0.330,0.011,0.659
848000,0.238,0.001,0.761
848500,0.297,0.004,0.699
849000,0.313,0.000,0.687
849500,0.326,0.000,0.674
850000,0.346,0.000,0.654
850500,0.372,0.000,0.628
851000,0.341,0.000,0.659
851500,0.262,0.000,0.738
852000,0.278,0.002,0.720
852500,0.288,0.009,0.703
853000,0.337,0.000,0.663
853500,0.346,0.001,0.653
854000,0.328,0.000,0.672
854500,0.356,0.000,0.644
855000,0.307,0.006,0.687
855500,0.393,0.000,0.607
856000,0.312,0.000,0.688
856500,0.305,0.007,0.688
857000,0.286,0.000,0.714
857500,0.279,0.008,0.713
858000,0.266,0.000,0.734
858500,0.318,0.014,0.668
859000,0.331,0.002,0.667
859500,0.349,0.004,0.647
860000,0.290,0.000,0.710
860500,0.315,0.000,0.685
861000,0.401,0.000,0.599
861500,0.355,0.000,0.645
862000,0.417,0.000,0.583
862500,0.357,0.000,0.643
863000,0.314,0.000,0.686
863500,0.288,0.001,0.711
864000,0.326,0.000,0.674
864500,0.235,0.001,0.764
865000,0.258,0.015,0.727
865500,0.264,0.003,0.733
866000,0.311,0.001,0.688
866500,0.346,0.000,0.654
867000,0.396,0.000,0.604
867500,0.347,0.000,0.653
868000,0.424,0.000,0.576
868500,0.373,0.000,0.627
869000,0.308,0.000,0.692
869500,0.266,0.000,0.734
870000,0.287,0.002,0.711
870500,0.346,0.000,0.654
871000,0.342,0.000,0.658
871500,0.439,0.000,0.561
872000,0.322,0.004,0.674
872500,0.285,0.003,0.712
873000,0.300,0.002,0.698
873500,0.351,0.004,0.645
874000,0.360,0.000,0.640
874500,0.334,0.000,0.666
875000,0.380,0.000,0.620
875500,0.301,0.000,0.699
876000,0.248,0.011,0.741
876500,0.263,0.011,0.726
877000,0.280,0.000,0.720
877500,0.251,0.000,0.749
878000,0.380,0.000,0.620
878500,0.306,0.000,0.694
879000,0.302,0.000,0.698
879500,0.295,0.000,0.705
880000,0.422,0.000,0.578
880500,0.386,0.000,0.614
881000,0.347,0.009,0.644
881500,0.320,0.000,0.680
882000,0.333,0.000,0.667
882500,0.247,0.009,0.744
883000,0.295,0.010,0.695
883500,0.256,0.007,0.737
884000,0.268,0.003,0.729
884500,0.273,0.000,0.727
885000,0.331,0.005,0.664
885500,0.307,0.001,0.692
886000,0.338,0.013,0.649
886500,0.334,0.000,0.666
887000,0.446,0.000,0.554
887500,0.403,0.000,0.597
888000,0.298,0.000,0.702
888500,0.305,0.000,0.695
889000,0.288,0.001,0.711
889500,0.362,0.000,0.638
890000,0.288,0.000,0.712
890500,0.244,0.000,0.756
891000,0.405,0.000,0.595
891500,0.348,0.000,0.652
892000,0.302,0.008,0.690
892500,0.301,0.004,0.695
893000,0.299,0.000,0.701
893500,0.349,0.000,0.651
894000,0.360,0.000,0.640
894500,0.306,0.000,0.694
895000,0.260,0.005,0.735
895500,0.266,0.000,0.734
896000,0.350,0.009,0.641
896500,0.236,0.011,0.753
897000,0.187,0.014,0.799
897500,0.256,0.013,0.731
898000,0.278,0.001,0.721
898500,0.263,0.000,0.737
899000,0.290,0.000,0.710
899500,0.318,0.001,0.681
900000,0.260,0.011,0.729
900500,0.237,0.001,0.762
901000,0.190,0.028,0.782
901500,0.292,0.012,0.696
902000,0.264,0.000,0.736
902500,0.413,0.000,0.587
903000,0.338,0.000,0.662
903500,0.341,0.000,0.659
904000,0.276,0.000,0.724
904500,0.274,0.000,0.726
905000,0.287,0.002,0.711
905500,0.296,0.019,0.685
906000,0.373,0.000,0.627
906500,0.395,0.000,0.605
907000,0.274,0.000,0.726
907500,0.259,0.001,0.740
908000,0.285,0.008,0.707
908500,0.398,0.000,0.602
909000,0.320,0.000,0.680
909500,0.355,0.013,0.632
910000,0.323,0.000,0.677
910500,0.271,0.001,0.728
911000,0.275,0.000,0.725
911500,0.296,0.000,0.704
912000,0.249,0.006,0.745
912500,0.303,0.000,0.697
913000,0.323,0.002,0.675
913500,0.375,0.000,0.625
914000,0.327,0.000,0.673
914500,0.261,0.012,0.727
915000,0.203,0.001,0.796
915500,0.341,0.000,0.659
916000,0.351,0.000,0.649
916500,0.282,0.000,0.718
917000,0.321,0.012,0.667
917500,0.222,0.023,0.755
918000,0.244,0.002,0.754
918500,0.306,0.001,0.693
919000,0.331,0.000,0.669
919500,0.278,0.000,0.722
920000,0.296,0.000,0.704
920500,0.311,0.000,0.689
921000,0.316,0.000,0.684
921500,0.331,0.000,0.669
922000,0.331,0.000,0.669
922500,0.347,0.000,0.653
923000,0.265,0.000,0.735
923500,0.292,0.000,0.708
924000,0.292,0.000,0.708
924500,0.334,0.003,0.663
925000,0.284,0.011,0.705
925500,0.335,0.001,0.664
926000,0.312,0.000,0.688
926500,0.331,0.000,0.669
927000,0.311,0.000,0.689
927500,0.333,0.000,0.667
928000,0.304,0.000,0.696
928500,0.341,0.000,0.659
929000,0.340,0.000,0.660
929500,0.355,0.000,0.645
930000,0.408,0.000,0.592
930500,0.335,0.000,0.665
931000,0.332,0.000,0.668
931500,0.362,0.000,0.638
932000,0.363,0.000,0.637
932500,0.260,0.006,0.734
933000,0.335,0.000,0.665
933500,0.314,0.001,0.685
934000,0.363,0.000,0.637
934500,0.285,0.000,0.715
935000,0.355,0.005,0.640
935500,0.307,0.017,0.676
936000,0.348,0.002,0.650
936500,0.317,0.001,0.682
937000,0.338,0.000,0.662
937500,0.281,0.000,0.719
938000,0.319,0.000,0.681
938500,0.280,0.009,0.711
939000,0.348,0.000,0.652
939500,0.376,0.000,0.624
940000,0.353,0.000,0.647
940500,0.419,0.000,0.581
941000,0.394,0.000,0.606
941500,0.316,0.000,0.684
942000,0.336,0.000,0.664
942500,0.328,0.000,0.672
943000,0.289,0.003,0.708
943500,0.298,0.000,0.702
944000,0.354,0.001,0.645
944500,0.268,0.009,0.723
945000,0.391,0.000,0.609
945500,0.278,0.000,0.722
946000,0.377,0.000,0.623
946500,0.345,0.000,0.655
947000,0.355,0.009,0.636
947500,0.281,0.000,0.719
948000,0.269,0.002,0.729
948500,0.281,0.007,0.712
949000,0.311,0.000,0.689
949500,0.296,0.000,0.704
950000,0.302,0.000,0.698
950500,0.277,0.001,0.722
951000,0.260,0.000,0.740
951500,0.345,0.002,0.653
952000,0.350,0.000,0.650
952500,0.417,0.000,0.583
953000,0.389,0.000,0.611
953500,0.335,0.001,0.664
954000,0.310,0.000,0.690
954500,0.337,0.000,0.663
955000,0.268,0.000,0.732
955500,0.227,0.006,0.767
956000,0.277,0.008,0.715
956500,0.320,0.003,0.677
957000,0.348,0.000,0.652
957500,0.334,0.001,0.665
958000,0.335,0.000,0.665
958500,0.267,0.000,0.733
959000,0.259,0.009,0.732
959500,0.426,0.000,0.574
960000,0.393,0.000,0.607
960500,0.365,0.000,0.635
961000,0.344,0.000,0.656
961500,0.355,0.000,0.645
962000,0.368,0.000,0.632
962500,0.317,0.004,0.679
963000,0.295,0.010,0.695
963500,0.304,0.001,0.695
964000,0.227,0.022,0.751
964500,0.270,0.011,0.719
965000,0.319,0.014,0.667
965500,0.342,0.010,0.648
966000,0.255,0.009,0.736
966500,0.250,0.009,0.741
967000,0.245,0.011,0.744
967500,0.275,0.003,0.722
968000,0.345,0.000,0.655
968500,0.292,0.000,0.708
969000,0.287,0.015,0.698
969500,0.308,0.004,0.688
970000,0.376,0.001,0.623
970500,0.328,0.010,0.662
971000,0.231,0.010,0.759
971500,0.382,0.000,0.618
972000,0.329,0.000,0.671
972500,0.386,0.000,0.614
973000,0.394,0.000,0.606
973500,0.433,0.000,0.567
974000,0.330,0.000,0.670
974500,0.317,0.000,0.683
975000,0.355,0.000,0.645
975500,0.297,0.000,0.703
976000,0.274,0.000,0.726
976500,0.277,0.000,0.723
977000,0.314,0.013,0.673
977500,0.417,0.000,0.583
978000,0.425,0.000,0.575
978500,0.316,0.000,0.684
979000,0.456,0.000,0.544
979500,0.361,0.000,0.639
980000,0.322,0.000,0.678
980500,0.402,0.000,0.598
981000,0.321,0.000,0.679
981500,0.372,0.000,0.628
982000,0.303,0.004,0.693
982500,0.302,0.000,0.698
983000,0.299,0.001,0.700
983500,0.325,0.000,0.675
984000,0.340,0.000,0.660
984500,0.329,0.000,0.671
985000,0.359,0.001,0.640
985500,0.326,0.005,0.669
986000,0.337,0.000,0.663
986500,0.332,0.000,0.668
987000,0.373,0.000,0.627
987500,0.325,0.000,0.675
988000,0.324,0.000,0.676
988500,0.357,0.000,0.643
989000,0.377,0.000,0.623
989500,0.283,0.000,0.717
990000,0.306,0.005,0.689
990500,0.286,0.000,0.714
991000,0.256,0.000,0.744
991500,0.281,0.000,0.719
992000,0.342,0.010,0.648
992500,0.274,0.007,0.719
993000,0.247,0.007,0.746
993500,0.367,0.000,0.633
994000,0.300,0.000,0.700
994500,0.332,0.000,0.668
995000,0.365,0.000,0.635
995500,0.364,0.000,0.636
996000,0.350,0.000,0.650
996500,0.280,0.006,0.714
997000,0.241,0.016,0.743
997500,0.268,0.000,0.732
998000,0.362,0.000,0.638
998500,0.318,0.000,0.682
999000,0.356,0.000,0.644
999500,0.239,0.000,0.761
1000000,0.247,0.000,0.753
