time,n_A+p,n_B,n_AB
500,0.050,0.487,0.463
1000,0.060,0.178,0.762
1500,0.057,0.195,0.748
2000,0.064,0.209,0.727
2500,0.050,0.202,0.748
3000,0.067,0.183,0.750
3500,0.098,0.087,0.815
4000,0.550,0.001,0.449
4500,0.704,0.000,0.296
5000,0.686,0.000,0.314
5500,0.638,0.000,0.362
6000,0.652,0.000,0.348
6500,0.746,0.000,0.254
7000,0.854,0.000,0.146
7500,0.972,0.000,0.028
8000,1.000,0.000,0.000
