time,n_A+p,n_B,n_AB
500,0.050,0.726,0.224
1000,0.050,0.561,0.389
1500,0.050,0.432,0.518
2000,0.050,0.351,0.599
2500,0.067,0.318,0.615
3000,0.055,0.417,0.528
3500,0.050,0.401,0.549
4000,0.050,0.350,0.600
4500,0.057,0.331,0.612
5000,0.056,0.371,0.573
5500,0.070,0.415,0.515
6000,0.055,0.372,0.573
6500,0.061,0.343,0.596
7000,0.053,0.258,0.689
7500,0.050,0.408,0.542
8000,0.051,0.353,0.596
8500,0.050,0.347,0.603
9000,0.050,0.394,0.556
9500,0.050,0.385,0.565
10000,0.050,0.342,0.608
10500,0.050,0.415,0.535
11000,0.065,0.265,0.670
11500,0.060,0.372,0.568
12000,0.055,0.352,0.593
12500,0.067,0.322,0.611
13000,0.063,0.381,0.556
13500,0.054,0.329,0.617
14000,0.055,0.285,0.660
14500,0.062,0.345,0.593
15000,0.075,0.305,0.620
15500,0.064,0.307,0.629
16000,0.053,0.345,0.602
16500,0.052,0.361,0.587
17000,0.058,0.385,0.557
17500,0.054,0.328,0.618
18000,0.059,0.332,0.609
18500,0.051,0.390,0.559
19000,0.062,0.324,0.614
19500,0.089,0.253,0.658
20000,0.057,0.327,0.616
20500,0.055,0.349,0.596
21000,0.051,0.406,0.543
21500,0.065,0.286,0.649
22000,0.052,0.351,0.597
22500,0.059,0.379,0.562
23000,0.050,0.465,0.485
23500,0.050,0.467,0.483
24000,0.050,0.388,0.562
24500,0.056,0.440,0.504
25000,0.050,0.404,0.546
25500,0.050,0.354,0.596
26000,0.050,0.394,0.556
26500,0.051,0.400,0.549
27000,0.055,0.431,0.514
27500,0.060,0.279,0.661
28000,0.060,0.346,0.594
28500,0.053,0.379,0.568
29000,0.050,0.415,0.535
29500,0.061,0.290,0.649
30000,0.070,0.297,0.633
30500,0.073,0.310,0.617
31000,0.064,0.317,0.619
31500,0.096,0.321,0.583
32000,0.060,0.301,0.639
32500,0.050,0.420,0.530
33000,0.050,0.425,0.525
33500,0.061,0.366,0.573
34000,0.051,0.397,0.552
34500,0.053,0.339,0.608
35000,0.050,0.429,0.521
35500,0.050,0.381,0.569
36000,0.050,0.429,0.521
36500,0.063,0.331,0.606
37000,0.058,0.297,0.645
37500,0.058,0.352,0.590
38000,0.050,0.388,0.562
38500,0.050,0.500,0.450
39000,0.050,0.484,0.466
39500,0.050,0.431,0.519
40000,0.050,0.440,0.510
40500,0.050,0.363,0.587
41000,0.053,0.404,0.543
41500,0.061,0.370,0.569
42000,0.050,0.352,0.598
42500,0.057,0.360,0.583
43000,0.055,0.423,0.522
43500,0.052,0.388,0.560
44000,0.071,0.319,0.610
44500,0.052,0.358,0.590
45000,0.050,0.397,0.553
45500,0.058,0.381,0.561
46000,0.059,0.279,0.662
46500,0.054,0.325,0.621
47000,0.055,0.327,0.618
47500,0.051,0.302,0.647
48000,0.060,0.290,0.650
48500,0.063,0.308,0.629
49000,0.083,0.260,0.657
49500,0.089,0.256,0.655
50000,0.060,0.243,0.697
50500,0.102,0.213,0.685
51000,0.166,0.123,0.711
51500,0.358,0.037,0.605
52000,0.602,0.003,0.395
52500,0.743,0.000,0.257
53000,0.736,0.000,0.264
53500,0.832,0.000,0.168
54000,0.869,0.000,0.131
54500,0.870,0.000,0.130
55000,0.925,0.000,0.075
55500,0.901,0.000,0.099
56000,0.861,0.000,0.139
56500,0.888,0.000,0.112
57000,0.925,0.000,0.075
57500,0.956,0.000,0.044
58000,0.877,0.000,0.123
58500,0.931,0.000,0.069
59000,0.978,0.000,0.022
59500,0.980,0.000,0.020
60000,0.939,0.000,0.061
60500,0.947,0.000,0.053
61000,0.979,0.000,0.021
61500,0.998,0.000,0.002
62000,1.000,0.000,0.000
