time,n_A+p,n_B,n_AB
500,0.030,0.414,0.556
1000,0.030,0.265,0.705
1500,0.030,0.190,0.780
2000,0.030,0.248,0.722
2500,0.030,0.263,0.707
3000,0.030,0.403,0.567
3500,0.030,0.373,0.597
4000,0.030,0.377,0.593
4500,0.030,0.347,0.623
5000,0.030,0.269,0.701
5500,0.030,0.381,0.589
6000,0.030,0.312,0.658
6500,0.030,0.373,0.597
7000,0.030,0.246,0.724
7500,0.030,0.311,0.659
8000,0.030,0.232,0.738
8500,0.030,0.318,0.652
9000,0.041,0.189,0.770
9500,0.221,0.021,0.758
10000,0.663,0.000,0.337
10500,0.787,0.000,0.213
11000,0.964,0.000,0.036
11500,0.974,0.000,0.026
12000,0.935,0.000,0.065
12500,0.913,0.000,0.087
13000,0.948,0.000,0.052
13500,0.786,0.000,0.214
14000,0.945,0.000,0.055
14500,0.978,0.000,0.022
15000,0.988,0.000,0.012
15500,0.999,0.000,0.001
16000,1.000,0.000,0.000
