time,n_A+p,n_B,n_AB
500,0.030,0.321,0.649
1000,0.030,0.255,0.715
1500,0.030,0.358,0.612
2000,0.030,0.539,0.431
2500,0.030,0.296,0.674
3000,0.030,0.311,0.659
3500,0.030,0.316,0.654
4000,0.030,0.419,0.551
4500,0.030,0.382,0.588
5000,0.030,0.248,0.722
5500,0.030,0.256,0.714
6000,0.030,0.181,0.789
6500,0.030,0.360,0.610
7000,0.030,0.402,0.568
7500,0.030,0.310,0.660
8000,0.030,0.284,0.686
8500,0.030,0.243,0.727
9000,0.030,0.259,0.711
9500,0.030,0.178,0.792
10000,0.030,0.387,0.583
10500,0.030,0.181,0.789
11000,0.612,0.004,0.384
11500,0.921,0.000,0.079
12000,0.960,0.000,0.040
12500,1.000,0.000,0.000
