time,n_A+p,n_B,n_AB
100,0.416,0.502,0.083
200,0.380,0.479,0.141
300,0.359,0.470,0.172
400,0.346,0.445,0.208
500,0.339,0.433,0.228
600,0.331,0.424,0.245
700,0.327,0.416,0.257
800,0.316,0.403,0.281
900,0.307,0.389,0.303
1000,0.301,0.384,0.315
1100,0.296,0.377,0.327
1200,0.290,0.372,0.338
1300,0.286,0.360,0.354
1400,0.279,0.350,0.371
1500,0.280,0.343,0.377
1600,0.276,0.331,0.393
1700,0.270,0.328,0.402
1800,0.269,0.324,0.408
1900,0.260,0.320,0.420
2000,0.258,0.321,0.421
2100,0.251,0.320,0.429
2200,0.250,0.322,0.428
2300,0.248,0.312,0.440
2400,0.247,0.308,0.444
2500,0.248,0.300,0.451
2600,0.247,0.294,0.459
2700,0.246,0.297,0.457
2800,0.241,0.292,0.467
2900,0.247,0.301,0.451
3000,0.241,0.292,0.467
3100,0.238,0.289,0.473
3200,0.240,0.283,0.477
3300,0.238,0.283,0.479
3400,0.234,0.284,0.482
3500,0.235,0.281,0.484
3600,0.236,0.282,0.482
3700,0.237,0.280,0.483
3800,0.241,0.278,0.481
3900,0.239,0.274,0.487
4000,0.234,0.270,0.496
4100,0.235,0.270,0.495
4200,0.226,0.268,0.507
4300,0.223,0.263,0.515
4400,0.219,0.263,0.519
4500,0.217,0.259,0.524
4600,0.211,0.254,0.534
4700,0.211,0.257,0.531
4800,0.212,0.260,0.527
4900,0.209,0.257,0.533
5000,0.204,0.255,0.540
5100,0.205,0.253,0.541
5200,0.207,0.249,0.543
5300,0.207,0.240,0.553
5400,0.205,0.235,0.560
5500,0.204,0.237,0.559
5600,0.208,0.246,0.545
5700,0.213,0.240,0.546
5800,0.209,0.237,0.554
5900,0.211,0.234,0.555
6000,0.204,0.229,0.567
6100,0.203,0.229,0.568
6200,0.206,0.228,0.566
6300,0.204,0.232,0.564
6400,0.199,0.230,0.571
6500,0.200,0.238,0.562
6600,0.198,0.236,0.566
6700,0.193,0.229,0.578
6800,0.193,0.229,0.578
6900,0.189,0.231,0.580
7000,0.192,0.230,0.578
7100,0.191,0.228,0.581
7200,0.184,0.228,0.588
7300,0.177,0.229,0.594
7400,0.181,0.222,0.598
7500,0.173,0.224,0.604
7600,0.173,0.222,0.606
7700,0.174,0.220,0.607
7800,0.171,0.218,0.612
7900,0.173,0.213,0.614
8000,0.172,0.210,0.618
8100,0.176,0.211,0.613
8200,0.182,0.220,0.599
8300,0.183,0.217,0.601
8400,0.178,0.217,0.606
8500,0.174,0.215,0.612
8600,0.179,0.210,0.611
8700,0.180,0.220,0.601
8800,0.178,0.218,0.605
8900,0.172,0.220,0.609
9000,0.174,0.224,0.603
9100,0.175,0.219,0.607
9200,0.175,0.216,0.610
9300,0.170,0.213,0.617
9400,0.170,0.209,0.621
9500,0.171,0.210,0.619
9600,0.171,0.209,0.620
9700,0.170,0.206,0.624
9800,0.166,0.206,0.627
9900,0.169,0.206,0.625
10000,0.166,0.208,0.625
10100,0.165,0.203,0.631
10200,0.166,0.203,0.630
10300,0.163,0.203,0.633
10400,0.159,0.199,0.641
10500,0.164,0.197,0.638
10600,0.159,0.197,0.644
10700,0.158,0.203,0.638
10800,0.160,0.203,0.636
10900,0.157,0.205,0.637
11000,0.160,0.201,0.638
11100,0.164,0.200,0.635
11200,0.160,0.194,0.646
11300,0.158,0.191,0.651
11400,0.165,0.195,0.639
11500,0.166,0.194,0.639
11600,0.161,0.206,0.632
11700,0.159,0.201,0.639
11800,0.160,0.203,0.636
11900,0.163,0.210,0.626
12000,0.164,0.206,0.629
12100,0.162,0.206,0.631
12200,0.163,0.199,0.637
12300,0.164,0.202,0.633
12400,0.161,0.201,0.637
12500,0.163,0.204,0.632
12600,0.162,0.199,0.638
12700,0.162,0.189,0.649
12800,0.162,0.191,0.647
12900,0.159,0.193,0.648
13000,0.157,0.190,0.653
13100,0.157,0.189,0.654
13200,0.163,0.186,0.651
13300,0.166,0.185,0.649
13400,0.165,0.184,0.651
13500,0.164,0.182,0.654
13600,0.166,0.186,0.648
13700,0.175,0.186,0.639
13800,0.169,0.185,0.647
13900,0.164,0.191,0.645
14000,0.161,0.190,0.649
14100,0.158,0.202,0.639
14200,0.166,0.198,0.635
14300,0.166,0.209,0.624
14400,0.169,0.211,0.620
14500,0.174,0.205,0.621
14600,0.165,0.197,0.637
14700,0.175,0.196,0.629
14800,0.164,0.195,0.640
14900,0.160,0.192,0.648
15000,0.161,0.186,0.653
15100,0.161,0.187,0.652
15200,0.158,0.187,0.655
15300,0.157,0.189,0.654
15400,0.157,0.187,0.656
15500,0.156,0.190,0.654
15600,0.152,0.198,0.650
15700,0.150,0.201,0.649
15800,0.150,0.198,0.652
15900,0.151,0.194,0.655
16000,0.151,0.187,0.662
16100,0.151,0.182,0.667
16200,0.149,0.185,0.666
16300,0.148,0.183,0.669
16400,0.148,0.181,0.671
16500,0.151,0.186,0.663
16600,0.146,0.185,0.669
16700,0.148,0.195,0.657
16800,0.141,0.191,0.668
16900,0.139,0.190,0.671
17000,0.136,0.186,0.678
17100,0.149,0.184,0.667
17200,0.150,0.189,0.661
17300,0.151,0.187,0.662
17400,0.147,0.192,0.661
17500,0.145,0.190,0.665
17600,0.147,0.183,0.670
17700,0.147,0.185,0.668
17800,0.144,0.183,0.673
17900,0.145,0.182,0.673
18000,0.144,0.190,0.666
18100,0.140,0.188,0.672
18200,0.139,0.189,0.672
18300,0.157,0.186,0.657
18400,0.155,0.185,0.660
18500,0.151,0.196,0.653
18600,0.152,0.195,0.653
18700,0.157,0.199,0.644
18800,0.158,0.195,0.647
18900,0.158,0.193,0.649
19000,0.166,0.191,0.642
19100,0.170,0.188,0.642
19200,0.164,0.186,0.650
19300,0.162,0.181,0.657
19400,0.159,0.182,0.659
19500,0.156,0.183,0.661
19600,0.148,0.180,0.672
19700,0.145,0.180,0.675
19800,0.147,0.178,0.675
19900,0.145,0.177,0.678
20000,0.144,0.179,0.677
20100,0.142,0.174,0.684
20200,0.139,0.173,0.688
20300,0.135,0.172,0.694
20400,0.132,0.166,0.702
20500,0.135,0.166,0.699
20600,0.134,0.170,0.697
20700,0.134,0.159,0.707
20800,0.129,0.164,0.707
20900,0.131,0.162,0.707
21000,0.136,0.160,0.704
21100,0.132,0.161,0.707
21200,0.138,0.170,0.693
21300,0.138,0.170,0.693
21400,0.136,0.164,0.700
21500,0.138,0.170,0.693
21600,0.138,0.165,0.697
21700,0.137,0.165,0.698
21800,0.142,0.175,0.683
21900,0.140,0.174,0.686
22000,0.146,0.172,0.682
22100,0.149,0.177,0.674
22200,0.157,0.175,0.668
22300,0.155,0.173,0.672
22400,0.157,0.176,0.667
22500,0.151,0.174,0.675
22600,0.153,0.177,0.670
22700,0.149,0.179,0.672
22800,0.168,0.181,0.652
22900,0.169,0.177,0.655
23000,0.162,0.174,0.664
23100,0.160,0.173,0.667
23200,0.158,0.170,0.672
23300,0.174,0.165,0.661
23400,0.168,0.163,0.669
23500,0.161,0.164,0.674
23600,0.154,0.161,0.684
23700,0.156,0.160,0.683
23800,0.146,0.166,0.687
23900,0.142,0.168,0.691
24000,0.144,0.170,0.686
24100,0.146,0.160,0.694
24200,0.147,0.164,0.688
24300,0.147,0.157,0.696
24400,0.147,0.161,0.692
24500,0.146,0.159,0.695
24600,0.144,0.173,0.683
24700,0.142,0.175,0.683
24800,0.146,0.170,0.684
24900,0.141,0.165,0.694
25000,0.137,0.174,0.689
25100,0.138,0.177,0.685
25200,0.134,0.176,0.691
25300,0.131,0.175,0.695
25400,0.134,0.165,0.701
25500,0.154,0.160,0.685
25600,0.151,0.162,0.686
25700,0.156,0.163,0.680
25800,0.157,0.168,0.675
25900,0.156,0.165,0.678
26000,0.161,0.162,0.676
26100,0.164,0.151,0.684
26200,0.165,0.153,0.681
26300,0.164,0.151,0.684
26400,0.160,0.152,0.687
26500,0.157,0.155,0.687
26600,0.155,0.157,0.687
26700,0.164,0.159,0.676
26800,0.160,0.157,0.682
26900,0.161,0.162,0.676
27000,0.159,0.163,0.677
27100,0.152,0.160,0.687
27200,0.152,0.154,0.694
27300,0.152,0.151,0.697
27400,0.146,0.158,0.696
27500,0.149,0.159,0.692
27600,0.147,0.154,0.699
27700,0.145,0.158,0.697
27800,0.145,0.153,0.702
27900,0.143,0.150,0.707
28000,0.146,0.153,0.701
28100,0.149,0.153,0.698
28200,0.161,0.150,0.688
28300,0.164,0.152,0.683
28400,0.160,0.157,0.682
28500,0.161,0.157,0.681
28600,0.163,0.158,0.678
28700,0.172,0.154,0.674
28800,0.170,0.151,0.679
28900,0.172,0.150,0.678
29000,0.168,0.149,0.683
29100,0.168,0.150,0.682
29200,0.174,0.153,0.673
29300,0.173,0.152,0.675
29400,0.173,0.166,0.661
29500,0.172,0.163,0.665
29600,0.171,0.159,0.670
29700,0.170,0.155,0.675
29800,0.162,0.152,0.685
29900,0.162,0.154,0.683
30000,0.159,0.155,0.685
30100,0.158,0.155,0.686
30200,0.153,0.154,0.693
30300,0.150,0.154,0.696
30400,0.148,0.158,0.694
30500,0.143,0.158,0.699
30600,0.147,0.162,0.691
30700,0.150,0.165,0.684
30800,0.152,0.168,0.680
30900,0.152,0.168,0.680
31000,0.151,0.183,0.666
31100,0.149,0.178,0.673
31200,0.141,0.182,0.677
31300,0.138,0.177,0.685
31400,0.134,0.178,0.688
31500,0.133,0.174,0.694
31600,0.128,0.174,0.699
31700,0.131,0.194,0.675
31800,0.127,0.192,0.681
31900,0.123,0.191,0.686
32000,0.123,0.186,0.692
32100,0.127,0.186,0.687
32200,0.130,0.193,0.677
32300,0.133,0.194,0.673
32400,0.132,0.192,0.676
32500,0.134,0.193,0.673
32600,0.130,0.192,0.678
32700,0.134,0.196,0.670
32800,0.132,0.190,0.678
32900,0.127,0.187,0.686
33000,0.133,0.197,0.670
33100,0.133,0.212,0.655
33200,0.139,0.209,0.652
33300,0.138,0.199,0.663
33400,0.143,0.194,0.663
33500,0.140,0.190,0.670
33600,0.138,0.186,0.676
33700,0.141,0.187,0.672
33800,0.141,0.186,0.673
33900,0.135,0.191,0.674
34000,0.134,0.186,0.680
34100,0.137,0.184,0.679
34200,0.134,0.186,0.680
34300,0.129,0.183,0.688
34400,0.135,0.192,0.673
34500,0.136,0.187,0.677
34600,0.134,0.184,0.682
34700,0.133,0.183,0.684
34800,0.134,0.181,0.685
34900,0.132,0.182,0.686
35000,0.133,0.182,0.685
35100,0.139,0.181,0.680
35200,0.145,0.190,0.665
35300,0.150,0.189,0.661
35400,0.143,0.192,0.665
35500,0.142,0.190,0.668
35600,0.137,0.183,0.680
35700,0.128,0.206,0.666
35800,0.131,0.193,0.676
35900,0.127,0.195,0.678
36000,0.124,0.195,0.681
36100,0.131,0.193,0.676
36200,0.137,0.190,0.673
36300,0.134,0.184,0.682
36400,0.135,0.183,0.682
36500,0.136,0.179,0.685
36600,0.133,0.174,0.694
36700,0.134,0.171,0.696
36800,0.140,0.176,0.684
36900,0.125,0.176,0.700
37000,0.131,0.185,0.684
37100,0.130,0.181,0.689
37200,0.130,0.180,0.691
37300,0.127,0.183,0.691
37400,0.124,0.179,0.698
37500,0.141,0.175,0.684
37600,0.139,0.177,0.684
37700,0.139,0.173,0.688
37800,0.145,0.170,0.685
37900,0.144,0.168,0.688
38000,0.141,0.165,0.694
38100,0.136,0.161,0.703
38200,0.135,0.160,0.705
38300,0.130,0.158,0.712
38400,0.132,0.156,0.712
38500,0.136,0.151,0.713
38600,0.132,0.145,0.723
38700,0.128,0.145,0.727
38800,0.127,0.147,0.726
38900,0.122,0.149,0.729
39000,0.127,0.158,0.715
39100,0.134,0.158,0.708
39200,0.132,0.157,0.711
39300,0.128,0.163,0.709
39400,0.129,0.163,0.708
39500,0.147,0.162,0.691
39600,0.144,0.162,0.694
39700,0.152,0.159,0.688
39800,0.147,0.154,0.699
39900,0.142,0.157,0.701
40000,0.138,0.157,0.705
40100,0.137,0.152,0.711
40200,0.132,0.152,0.716
40300,0.132,0.154,0.714
40400,0.131,0.145,0.724
40500,0.131,0.145,0.724
40600,0.132,0.154,0.714
40700,0.140,0.154,0.706
40800,0.134,0.151,0.715
40900,0.133,0.154,0.713
41000,0.131,0.155,0.714
41100,0.136,0.152,0.712
41200,0.137,0.151,0.712
41300,0.134,0.153,0.713
41400,0.134,0.153,0.713
41500,0.129,0.150,0.721
41600,0.136,0.145,0.719
41700,0.134,0.146,0.720
41800,0.133,0.143,0.724
41900,0.140,0.139,0.721
42000,0.153,0.139,0.708
42100,0.146,0.144,0.710
42200,0.142,0.146,0.712
42300,0.140,0.152,0.708
42400,0.130,0.147,0.723
42500,0.125,0.152,0.723
42600,0.122,0.157,0.721
42700,0.125,0.151,0.724
42800,0.117,0.150,0.732
42900,0.117,0.156,0.726
43000,0.124,0.157,0.719
43100,0.118,0.152,0.729
43200,0.125,0.149,0.726
43300,0.118,0.152,0.729
43400,0.115,0.158,0.726
43500,0.114,0.155,0.730
43600,0.122,0.153,0.725
43700,0.122,0.152,0.726
43800,0.125,0.157,0.718
43900,0.124,0.155,0.721
44000,0.138,0.153,0.709
44100,0.132,0.151,0.717
44200,0.129,0.150,0.721
44300,0.126,0.147,0.727
44400,0.122,0.147,0.731
44500,0.121,0.145,0.734
44600,0.122,0.146,0.732
44700,0.120,0.146,0.734
44800,0.135,0.146,0.719
44900,0.137,0.146,0.717
45000,0.134,0.143,0.723
45100,0.125,0.144,0.731
45200,0.122,0.141,0.737
45300,0.124,0.140,0.736
45400,0.124,0.137,0.740
45500,0.126,0.147,0.727
45600,0.121,0.153,0.726
45700,0.124,0.157,0.719
45800,0.124,0.154,0.722
45900,0.128,0.150,0.722
46000,0.134,0.144,0.722
46100,0.131,0.144,0.725
46200,0.133,0.148,0.719
46300,0.125,0.147,0.728
46400,0.124,0.150,0.726
46500,0.126,0.151,0.723
46600,0.122,0.150,0.728
46700,0.121,0.143,0.736
46800,0.134,0.139,0.727
46900,0.128,0.137,0.735
47000,0.124,0.137,0.740
47100,0.120,0.139,0.742
47200,0.122,0.134,0.745
47300,0.125,0.132,0.744
47400,0.128,0.128,0.745
47500,0.126,0.124,0.751
47600,0.125,0.123,0.753
47700,0.126,0.126,0.749
47800,0.128,0.129,0.744
47900,0.127,0.128,0.746
48000,0.126,0.128,0.747
48100,0.124,0.134,0.743
48200,0.117,0.146,0.736
48300,0.113,0.147,0.740
48400,0.113,0.145,0.742
48500,0.114,0.148,0.737
48600,0.113,0.151,0.735
48700,0.115,0.149,0.735
48800,0.113,0.152,0.734
48900,0.111,0.163,0.725
49000,0.109,0.164,0.726
49100,0.114,0.159,0.726
49200,0.120,0.163,0.717
49300,0.116,0.162,0.721
49400,0.120,0.155,0.725
49500,0.118,0.157,0.724
49600,0.114,0.157,0.728
49700,0.133,0.150,0.717
49800,0.136,0.151,0.713
49900,0.144,0.155,0.701
50000,0.141,0.160,0.699
50100,0.151,0.153,0.696
50200,0.154,0.149,0.697
50300,0.148,0.144,0.708
50400,0.155,0.151,0.694
50500,0.162,0.149,0.688
50600,0.158,0.145,0.697
50700,0.157,0.139,0.704
50800,0.156,0.134,0.710
50900,0.155,0.133,0.712
51000,0.153,0.133,0.714
51100,0.145,0.129,0.726
51200,0.149,0.136,0.715
51300,0.145,0.142,0.713
51400,0.138,0.139,0.723
51500,0.139,0.134,0.727
51600,0.151,0.131,0.718
51700,0.150,0.134,0.716
51800,0.149,0.135,0.716
51900,0.150,0.138,0.712
52000,0.148,0.139,0.713
52100,0.152,0.131,0.717
52200,0.153,0.128,0.719
52300,0.149,0.132,0.719
52400,0.153,0.130,0.717
52500,0.153,0.131,0.716
52600,0.141,0.131,0.728
52700,0.141,0.131,0.728
52800,0.147,0.126,0.727
52900,0.160,0.127,0.713
53000,0.156,0.122,0.722
53100,0.156,0.126,0.718
53200,0.147,0.129,0.724
53300,0.151,0.130,0.719
53400,0.144,0.132,0.724
53500,0.153,0.139,0.708
53600,0.152,0.141,0.707
53700,0.149,0.135,0.716
53800,0.146,0.141,0.713
53900,0.150,0.140,0.710
54000,0.145,0.143,0.712
54100,0.143,0.154,0.703
54200,0.141,0.150,0.709
54300,0.133,0.146,0.721
54400,0.128,0.141,0.731
54500,0.134,0.143,0.723
54600,0.134,0.143,0.723
54700,0.131,0.149,0.720
54800,0.131,0.145,0.724
54900,0.122,0.166,0.712
55000,0.120,0.157,0.723
55100,0.122,0.157,0.721
55200,0.121,0.157,0.722
55300,0.117,0.160,0.722
55400,0.116,0.162,0.721
55500,0.112,0.155,0.732
55600,0.111,0.154,0.734
55700,0.120,0.152,0.728
55800,0.116,0.151,0.732
55900,0.116,0.150,0.733
56000,0.116,0.146,0.737
56100,0.121,0.139,0.741
56200,0.120,0.141,0.740
56300,0.130,0.138,0.732
56400,0.132,0.135,0.733
56500,0.131,0.136,0.733
56600,0.122,0.135,0.744
56700,0.122,0.132,0.747
56800,0.118,0.131,0.751
56900,0.118,0.137,0.745
57000,0.122,0.142,0.736
57100,0.124,0.140,0.736
57200,0.125,0.136,0.740
57300,0.124,0.138,0.739
57400,0.131,0.133,0.736
57500,0.130,0.134,0.736
57600,0.124,0.131,0.746
57700,0.120,0.132,0.749
57800,0.111,0.134,0.755
57900,0.111,0.135,0.754
58000,0.117,0.134,0.749
58100,0.117,0.134,0.749
58200,0.113,0.143,0.744
58300,0.108,0.137,0.755
58400,0.105,0.139,0.756
58500,0.109,0.131,0.760
58600,0.105,0.128,0.767
58700,0.109,0.126,0.765
58800,0.104,0.125,0.771
58900,0.104,0.118,0.777
59000,0.100,0.116,0.783
59100,0.100,0.117,0.782
59200,0.106,0.115,0.778
59300,0.107,0.120,0.773
59400,0.110,0.121,0.769
59500,0.107,0.122,0.771
59600,0.109,0.116,0.774
59700,0.106,0.122,0.772
59800,0.109,0.120,0.771
59900,0.110,0.120,0.770
60000,0.113,0.114,0.772
60100,0.113,0.112,0.774
60200,0.133,0.116,0.751
60300,0.154,0.113,0.732
60400,0.150,0.117,0.732
60500,0.149,0.113,0.737
60600,0.156,0.111,0.732
60700,0.150,0.112,0.737
60800,0.149,0.124,0.727
60900,0.157,0.123,0.720
61000,0.151,0.122,0.727
61100,0.146,0.120,0.734
61200,0.142,0.122,0.736
61300,0.139,0.124,0.737
61400,0.146,0.126,0.728
61500,0.147,0.127,0.726
61600,0.153,0.129,0.718
61700,0.149,0.134,0.717
61800,0.145,0.135,0.720
61900,0.141,0.136,0.723
62000,0.137,0.136,0.727
62100,0.132,0.136,0.732
62200,0.134,0.134,0.732
62300,0.135,0.131,0.734
62400,0.132,0.129,0.740
62500,0.133,0.133,0.734
62600,0.130,0.133,0.737
62700,0.139,0.135,0.726
62800,0.132,0.134,0.734
62900,0.129,0.130,0.742
63000,0.132,0.131,0.737
63100,0.139,0.133,0.728
63200,0.141,0.133,0.726
63300,0.132,0.132,0.736
63400,0.138,0.129,0.733
63500,0.138,0.129,0.733
63600,0.133,0.127,0.741
63700,0.126,0.122,0.753
63800,0.128,0.124,0.749
63900,0.131,0.124,0.746
64000,0.136,0.124,0.741
64100,0.136,0.125,0.740
64200,0.129,0.122,0.750
64300,0.128,0.117,0.755
64400,0.123,0.123,0.755
64500,0.114,0.121,0.765
64600,0.120,0.126,0.755
64700,0.125,0.127,0.749
64800,0.122,0.126,0.753
64900,0.120,0.121,0.760
65000,0.114,0.114,0.771
65100,0.117,0.117,0.765
65200,0.117,0.114,0.768
65300,0.115,0.124,0.761
65400,0.115,0.118,0.766
65500,0.110,0.118,0.771
65600,0.106,0.124,0.770
65700,0.110,0.124,0.766
65800,0.113,0.123,0.764
65900,0.110,0.118,0.771
66000,0.116,0.118,0.765
66100,0.113,0.123,0.764
66200,0.112,0.124,0.764
66300,0.110,0.132,0.758
66400,0.118,0.129,0.753
66500,0.114,0.134,0.752
66600,0.111,0.135,0.754
66700,0.110,0.126,0.764
66800,0.108,0.121,0.771
66900,0.105,0.123,0.772
67000,0.110,0.122,0.768
67100,0.110,0.120,0.770
67200,0.103,0.124,0.773
67300,0.103,0.122,0.775
67400,0.104,0.126,0.770
67500,0.106,0.120,0.774
67600,0.102,0.122,0.776
67700,0.109,0.120,0.771
67800,0.108,0.126,0.766
67900,0.106,0.123,0.771
68000,0.099,0.121,0.780
68100,0.106,0.123,0.771
68200,0.112,0.122,0.766
68300,0.109,0.131,0.760
68400,0.105,0.129,0.766
68500,0.103,0.128,0.769
68600,0.102,0.123,0.775
68700,0.102,0.118,0.779
68800,0.107,0.124,0.769
68900,0.106,0.122,0.772
69000,0.110,0.118,0.771
69100,0.107,0.122,0.771
69200,0.104,0.120,0.776
69300,0.107,0.117,0.775
69400,0.118,0.113,0.768
69500,0.118,0.114,0.767
69600,0.116,0.114,0.769
69700,0.113,0.111,0.775
69800,0.113,0.117,0.769
69900,0.109,0.121,0.770
70000,0.102,0.121,0.777
70100,0.105,0.120,0.775
70200,0.104,0.118,0.777
70300,0.105,0.118,0.776
70400,0.104,0.113,0.782
70500,0.107,0.116,0.776
70600,0.108,0.121,0.771
70700,0.108,0.127,0.765
70800,0.109,0.127,0.764
70900,0.105,0.125,0.770
71000,0.103,0.143,0.754
71100,0.097,0.143,0.760
71200,0.109,0.133,0.758
71300,0.107,0.134,0.759
71400,0.109,0.129,0.762
71500,0.109,0.132,0.759
71600,0.110,0.127,0.763
71700,0.108,0.128,0.764
71800,0.110,0.134,0.756
71900,0.125,0.132,0.744
72000,0.126,0.129,0.746
72100,0.122,0.126,0.753
72200,0.118,0.124,0.758
72300,0.117,0.116,0.766
72400,0.114,0.120,0.766
72500,0.116,0.124,0.760
72600,0.124,0.127,0.750
72700,0.127,0.132,0.742
72800,0.128,0.133,0.740
72900,0.128,0.128,0.745
73000,0.129,0.130,0.742
73100,0.128,0.126,0.747
73200,0.122,0.129,0.750
73300,0.126,0.125,0.750
73400,0.129,0.128,0.744
73500,0.123,0.128,0.750
73600,0.120,0.127,0.754
73700,0.116,0.128,0.756
73800,0.114,0.127,0.759
73900,0.114,0.118,0.767
74000,0.114,0.125,0.761
74100,0.110,0.123,0.767
74200,0.110,0.125,0.765
74300,0.114,0.122,0.764
74400,0.114,0.121,0.765
74500,0.114,0.114,0.771
74600,0.121,0.116,0.763
74700,0.121,0.120,0.760
74800,0.121,0.118,0.761
74900,0.114,0.123,0.763
75000,0.111,0.124,0.765
75100,0.117,0.124,0.759
75200,0.117,0.120,0.763
75300,0.118,0.115,0.766
75400,0.115,0.121,0.764
75500,0.114,0.121,0.765
75600,0.110,0.120,0.770
75700,0.107,0.122,0.771
75800,0.107,0.124,0.769
75900,0.106,0.124,0.770
76000,0.108,0.122,0.770
76100,0.109,0.122,0.769
76200,0.109,0.122,0.769
76300,0.111,0.122,0.767
76400,0.117,0.124,0.759
76500,0.120,0.121,0.760
76600,0.124,0.120,0.757
76700,0.118,0.118,0.763
76800,0.115,0.123,0.762
76900,0.105,0.121,0.774
77000,0.107,0.121,0.772
77100,0.104,0.130,0.766
77200,0.102,0.129,0.769
77300,0.103,0.134,0.763
77400,0.107,0.129,0.764
77500,0.104,0.130,0.766
77600,0.103,0.133,0.764
77700,0.114,0.123,0.763
77800,0.112,0.114,0.773
77900,0.110,0.117,0.772
78000,0.117,0.115,0.767
78100,0.123,0.116,0.761
78200,0.120,0.129,0.752
78300,0.117,0.125,0.758
78400,0.110,0.127,0.763
78500,0.111,0.124,0.765
78600,0.109,0.122,0.769
78700,0.108,0.132,0.760
78800,0.102,0.129,0.769
78900,0.100,0.116,0.783
79000,0.103,0.116,0.780
79100,0.099,0.118,0.782
79200,0.096,0.117,0.787
79300,0.095,0.112,0.793
79400,0.104,0.114,0.781
79500,0.101,0.111,0.788
79600,0.098,0.112,0.790
79700,0.101,0.109,0.790
79800,0.095,0.115,0.790
79900,0.092,0.117,0.791
80000,0.100,0.112,0.788
80100,0.099,0.116,0.784
80200,0.101,0.115,0.783
80300,0.097,0.123,0.780
80400,0.101,0.123,0.776
80500,0.103,0.126,0.771
80600,0.100,0.148,0.752
80700,0.100,0.148,0.752
80800,0.107,0.144,0.749
80900,0.101,0.144,0.755
81000,0.099,0.145,0.756
81100,0.101,0.146,0.753
81200,0.098,0.157,0.745
81300,0.097,0.154,0.749
81400,0.099,0.149,0.752
81500,0.093,0.150,0.757
81600,0.092,0.143,0.765
81700,0.091,0.134,0.775
81800,0.095,0.135,0.770
81900,0.095,0.130,0.775
82000,0.095,0.135,0.770
82100,0.094,0.138,0.768
82200,0.100,0.135,0.765
82300,0.097,0.128,0.775
82400,0.096,0.132,0.772
82500,0.098,0.128,0.774
82600,0.092,0.125,0.783
82700,0.099,0.123,0.778
82800,0.100,0.125,0.775
82900,0.099,0.123,0.778
83000,0.094,0.116,0.790
83100,0.098,0.111,0.791
83200,0.095,0.109,0.796
83300,0.102,0.109,0.789
83400,0.099,0.108,0.793
83500,0.101,0.106,0.793
83600,0.101,0.116,0.782
83700,0.101,0.116,0.782
83800,0.102,0.121,0.777
83900,0.100,0.113,0.787
84000,0.095,0.116,0.789
84100,0.096,0.112,0.792
84200,0.098,0.110,0.792
84300,0.096,0.105,0.799
84400,0.094,0.101,0.805
84500,0.097,0.100,0.803
84600,0.093,0.104,0.803
84700,0.092,0.103,0.805
84800,0.090,0.108,0.802
84900,0.102,0.100,0.798
85000,0.103,0.107,0.790
85100,0.095,0.107,0.798
85200,0.091,0.110,0.799
85300,0.089,0.112,0.799
85400,0.089,0.112,0.799
85500,0.087,0.114,0.799
85600,0.086,0.113,0.801
85700,0.088,0.132,0.780
85800,0.083,0.125,0.793
85900,0.083,0.129,0.789
86000,0.086,0.129,0.785
86100,0.094,0.129,0.777
86200,0.092,0.124,0.784
86300,0.092,0.123,0.785
86400,0.088,0.121,0.792
86500,0.093,0.128,0.779
86600,0.093,0.129,0.778
86700,0.090,0.136,0.774
86800,0.092,0.135,0.773
86900,0.089,0.133,0.778
87000,0.091,0.134,0.775
87100,0.095,0.133,0.772
87200,0.095,0.136,0.769
87300,0.098,0.135,0.767
87400,0.103,0.133,0.764
87500,0.096,0.134,0.770
87600,0.099,0.136,0.765
87700,0.095,0.138,0.767
87800,0.094,0.134,0.772
87900,0.092,0.143,0.765
88000,0.094,0.140,0.766
88100,0.097,0.147,0.756
88200,0.098,0.143,0.759
88300,0.094,0.143,0.763
88400,0.094,0.135,0.771
88500,0.088,0.140,0.772
88600,0.091,0.144,0.765
88700,0.096,0.137,0.767
88800,0.092,0.139,0.769
88900,0.091,0.142,0.767
89000,0.083,0.143,0.774
89100,0.084,0.141,0.775
89200,0.084,0.143,0.773
89300,0.082,0.160,0.758
89400,0.082,0.153,0.765
89500,0.081,0.151,0.768
89600,0.085,0.147,0.768
89700,0.089,0.143,0.768
89800,0.090,0.139,0.771
89900,0.091,0.144,0.765
90000,0.096,0.152,0.752
90100,0.094,0.147,0.759
90200,0.094,0.139,0.767
90300,0.095,0.134,0.771
90400,0.097,0.136,0.767
90500,0.099,0.133,0.768
90600,0.096,0.147,0.757
90700,0.107,0.137,0.756
90800,0.102,0.140,0.758
90900,0.101,0.142,0.757
91000,0.098,0.138,0.764
91100,0.096,0.142,0.762
91200,0.109,0.142,0.749
91300,0.108,0.139,0.753
91400,0.112,0.144,0.744
91500,0.118,0.142,0.740
91600,0.123,0.133,0.745
91700,0.125,0.146,0.729
91800,0.126,0.146,0.728
91900,0.128,0.143,0.729
92000,0.126,0.142,0.732
92100,0.130,0.137,0.733
92200,0.136,0.138,0.726
92300,0.135,0.137,0.728
92400,0.127,0.135,0.739
92500,0.121,0.161,0.718
92600,0.114,0.165,0.720
92700,0.113,0.164,0.722
92800,0.117,0.164,0.718
92900,0.120,0.165,0.715
93000,0.117,0.164,0.718
93100,0.113,0.159,0.727
93200,0.117,0.153,0.729
93300,0.114,0.153,0.732
93400,0.115,0.154,0.730
93500,0.121,0.159,0.720
93600,0.118,0.154,0.727
93700,0.114,0.158,0.727
93800,0.115,0.152,0.732
93900,0.115,0.148,0.736
94000,0.114,0.145,0.741
94100,0.112,0.141,0.747
94200,0.114,0.139,0.747
94300,0.114,0.139,0.747
94400,0.107,0.147,0.746
94500,0.103,0.157,0.740
94600,0.106,0.158,0.735
94700,0.110,0.155,0.734
94800,0.114,0.149,0.736
94900,0.117,0.159,0.723
95000,0.117,0.154,0.728
95100,0.111,0.154,0.734
95200,0.113,0.151,0.735
95300,0.118,0.144,0.737
95400,0.117,0.142,0.741
95500,0.115,0.143,0.742
95600,0.113,0.149,0.737
95700,0.110,0.148,0.742
95800,0.115,0.143,0.742
95900,0.116,0.144,0.740
96000,0.124,0.142,0.734
96100,0.124,0.140,0.736
96200,0.127,0.135,0.739
96300,0.124,0.133,0.744
96400,0.129,0.133,0.739
96500,0.131,0.134,0.735
96600,0.128,0.130,0.743
96700,0.133,0.129,0.739
96800,0.140,0.134,0.726
96900,0.137,0.127,0.736
97000,0.140,0.122,0.739
97100,0.138,0.121,0.742
97200,0.138,0.120,0.743
97300,0.135,0.120,0.746
97400,0.130,0.113,0.757
97500,0.129,0.118,0.753
97600,0.134,0.117,0.749
97700,0.128,0.118,0.754
97800,0.129,0.118,0.753
97900,0.125,0.112,0.763
98000,0.124,0.112,0.764
98100,0.128,0.112,0.760
98200,0.121,0.116,0.763
98300,0.118,0.120,0.762
98400,0.120,0.115,0.765
98500,0.123,0.112,0.765
98600,0.121,0.113,0.766
98700,0.122,0.123,0.756
98800,0.131,0.121,0.749
98900,0.141,0.120,0.740
99000,0.138,0.116,0.746
99100,0.139,0.124,0.737
99200,0.136,0.126,0.739
99300,0.134,0.132,0.734
99400,0.136,0.129,0.735
99500,0.132,0.129,0.740
99600,0.132,0.129,0.740
99700,0.132,0.122,0.747
99800,0.124,0.123,0.754
99900,0.123,0.125,0.753
100000,0.116,0.114,0.769
