time,n_A+p,n_B,n_AB
500,0.080,0.699,0.222
1000,0.080,0.538,0.382
1500,0.083,0.390,0.527
2000,0.084,0.348,0.568
2500,0.092,0.254,0.654
3000,0.120,0.160,0.719
3500,0.169,0.113,0.718
4000,0.230,0.078,0.692
4500,0.344,0.040,0.616
5000,0.427,0.007,0.566
5500,0.562,0.003,0.435
6000,0.600,0.002,0.399
6500,0.678,0.001,0.321
7000,0.789,0.000,0.211
7500,0.806,0.000,0.194
8000,0.800,0.000,0.200
8500,0.842,0.000,0.158
9000,0.882,0.000,0.118
9500,0.867,0.000,0.133
10000,0.868,0.000,0.132
10500,0.904,0.000,0.096
11000,0.904,0.000,0.096
11500,0.920,0.000,0.080
12000,0.908,0.000,0.092
12500,0.913,0.000,0.087
13000,0.916,0.000,0.084
13500,0.930,0.000,0.070
14000,0.921,0.000,0.079
14500,0.940,0.000,0.060
15000,0.936,0.000,0.064
15500,0.943,0.000,0.057
16000,0.949,0.000,0.051
16500,0.944,0.000,0.056
17000,0.942,0.000,0.058
17500,0.936,0.000,0.064
18000,0.928,0.000,0.072
18500,0.934,0.000,0.066
19000,0.946,0.000,0.054
19500,0.973,0.000,0.027
20000,0.981,0.000,0.019
20500,0.979,0.000,0.021
21000,0.976,0.000,0.024
21500,0.958,0.000,0.042
22000,0.931,0.000,0.069
22500,0.895,0.000,0.105
23000,0.901,0.000,0.099
23500,0.904,0.000,0.096
24000,0.936,0.000,0.064
24500,0.946,0.000,0.054
25000,0.944,0.000,0.056
25500,0.974,0.000,0.026
26000,0.983,0.000,0.017
26500,0.970,0.000,0.030
27000,0.963,0.000,0.037
27500,0.970,0.000,0.030
28000,0.935,0.000,0.065
28500,0.906,0.000,0.094
29000,0.902,0.000,0.098
29500,0.916,0.000,0.084
30000,0.930,0.000,0.070
30500,0.921,0.000,0.079
31000,0.927,0.000,0.073
31500,0.932,0.000,0.068
32000,0.946,0.000,0.054
32500,0.957,0.000,0.043
33000,0.948,0.000,0.052
33500,0.948,0.000,0.052
34000,0.934,0.000,0.066
34500,0.948,0.000,0.052
35000,0.970,0.000,0.030
35500,0.979,0.000,0.021
36000,0.990,0.000,0.010
36500,0.991,0.000,0.009
37000,0.984,0.000,0.016
37500,0.986,0.000,0.014
38000,0.991,0.000,0.009
38500,0.996,0.000,0.004
39000,0.996,0.000,0.004
39500,0.995,0.000,0.005
40000,0.995,0.000,0.005
40500,0.997,0.000,0.003
41000,1.000,0.000,0.000
41500,1.000,0.000,0.000
