time,n_A+p,n_B,n_AB
500,0.080,0.772,0.148
1000,0.080,0.631,0.289
1500,0.080,0.482,0.438
2000,0.081,0.421,0.498
2500,0.095,0.384,0.521
3000,0.093,0.365,0.542
3500,0.112,0.350,0.538
4000,0.117,0.313,0.570
4500,0.162,0.245,0.593
5000,0.201,0.215,0.584
5500,0.252,0.136,0.612
6000,0.314,0.092,0.594
6500,0.428,0.063,0.509
7000,0.468,0.021,0.511
7500,0.560,0.010,0.430
8000,0.610,0.005,0.385
8500,0.653,0.001,0.346
9000,0.742,0.000,0.258
9500,0.736,0.000,0.264
10000,0.772,0.000,0.228
10500,0.839,0.000,0.161
11000,0.847,0.000,0.153
11500,0.876,0.000,0.124
12000,0.900,0.000,0.100
12500,0.921,0.000,0.079
13000,0.946,0.000,0.054
13500,0.948,0.000,0.052
14000,0.948,0.000,0.052
14500,0.937,0.000,0.063
15000,0.950,0.000,0.050
15500,0.954,0.000,0.046
16000,0.923,0.000,0.077
16500,0.900,0.000,0.100
17000,0.914,0.000,0.086
17500,0.913,0.000,0.087
18000,0.890,0.000,0.110
18500,0.906,0.000,0.094
19000,0.890,0.000,0.110
19500,0.892,0.000,0.108
20000,0.908,0.000,0.092
20500,0.895,0.000,0.105
21000,0.916,0.000,0.084
21500,0.945,0.000,0.055
22000,0.955,0.000,0.045
22500,0.921,0.000,0.079
23000,0.913,0.000,0.087
23500,0.906,0.000,0.094
24000,0.908,0.000,0.092
24500,0.905,0.000,0.095
25000,0.893,0.000,0.107
25500,0.925,0.000,0.075
26000,0.913,0.000,0.087
26500,0.934,0.000,0.066
27000,0.929,0.000,0.071
27500,0.949,0.000,0.051
28000,0.955,0.000,0.045
28500,0.964,0.000,0.036
29000,0.979,0.000,0.021
29500,0.987,0.000,0.013
30000,0.971,0.000,0.029
30500,0.982,0.000,0.018
31000,0.978,0.000,0.022
31500,0.978,0.000,0.022
32000,0.981,0.000,0.019
32500,0.990,0.000,0.010
33000,0.993,0.000,0.007
33500,0.996,0.000,0.004
34000,0.999,0.000,0.001
34500,0.999,0.000,0.001
35000,1.000,0.000,0.000
