time,n_A+p,n_B,n_AB
100,0.030,0.964,0.006
200,0.030,0.959,0.011
300,0.030,0.955,0.015
400,0.030,0.953,0.017
500,0.030,0.952,0.018
600,0.030,0.950,0.020
700,0.030,0.949,0.021
800,0.030,0.945,0.025
900,0.030,0.943,0.027
1000,0.030,0.929,0.041
1100,0.030,0.918,0.052
1200,0.030,0.910,0.060
1300,0.030,0.900,0.070
1400,0.030,0.883,0.087
1500,0.030,0.875,0.095
1600,0.030,0.863,0.107
1700,0.030,0.856,0.114
1800,0.030,0.849,0.121
1900,0.030,0.844,0.126
2000,0.030,0.837,0.133
2100,0.030,0.824,0.146
2200,0.030,0.821,0.149
2300,0.030,0.809,0.161
2400,0.032,0.802,0.166
2500,0.031,0.789,0.180
2600,0.031,0.778,0.191
2700,0.031,0.762,0.207
2800,0.031,0.754,0.215
2900,0.031,0.746,0.223
3000,0.033,0.733,0.234
3100,0.035,0.721,0.244
3200,0.034,0.707,0.259
3300,0.034,0.687,0.279
3400,0.034,0.680,0.286
3500,0.033,0.667,0.300
3600,0.032,0.668,0.300
3700,0.033,0.657,0.310
3800,0.034,0.647,0.319
3900,0.034,0.654,0.312
4000,0.033,0.642,0.325
4100,0.037,0.633,0.330
4200,0.037,0.627,0.336
4300,0.037,0.616,0.347
4400,0.038,0.605,0.357
4500,0.037,0.595,0.368
4600,0.036,0.581,0.383
4700,0.041,0.574,0.385
4800,0.039,0.561,0.400
4900,0.042,0.552,0.406
5000,0.044,0.546,0.410
5100,0.040,0.529,0.431
5200,0.042,0.513,0.445
5300,0.044,0.501,0.455
5400,0.046,0.482,0.472
5500,0.042,0.479,0.479
5600,0.045,0.456,0.499
5700,0.043,0.453,0.504
5800,0.044,0.442,0.514
5900,0.046,0.430,0.524
6000,0.047,0.424,0.529
6100,0.046,0.412,0.542
6200,0.044,0.397,0.559
6300,0.044,0.396,0.560
6400,0.046,0.393,0.561
6500,0.046,0.371,0.583
6600,0.047,0.356,0.597
6700,0.048,0.341,0.611
6800,0.054,0.337,0.609
6900,0.067,0.324,0.609
7000,0.066,0.307,0.627
7100,0.068,0.310,0.622
7200,0.071,0.298,0.631
7300,0.082,0.283,0.635
7400,0.080,0.282,0.638
7500,0.080,0.266,0.654
7600,0.075,0.259,0.666
7700,0.080,0.254,0.666
7800,0.081,0.248,0.671
7900,0.078,0.246,0.676
8000,0.083,0.252,0.665
8100,0.088,0.251,0.661
8200,0.093,0.249,0.658
8300,0.099,0.245,0.656
8400,0.098,0.245,0.657
8500,0.103,0.241,0.656
8600,0.097,0.240,0.663
8700,0.098,0.242,0.660
8800,0.102,0.229,0.669
8900,0.104,0.226,0.670
9000,0.107,0.231,0.662
9100,0.103,0.229,0.668
9200,0.105,0.225,0.670
9300,0.105,0.218,0.677
9400,0.109,0.206,0.685
9500,0.109,0.205,0.686
9600,0.117,0.205,0.678
9700,0.113,0.193,0.694
9800,0.109,0.189,0.702
9900,0.119,0.185,0.696
10000,0.115,0.174,0.711
10100,0.110,0.178,0.712
10200,0.115,0.170,0.715
10300,0.123,0.169,0.708
10400,0.127,0.169,0.704
10500,0.128,0.162,0.710
10600,0.129,0.166,0.705
10700,0.133,0.154,0.713
10800,0.135,0.159,0.706
10900,0.144,0.145,0.711
11000,0.141,0.141,0.718
11100,0.137,0.145,0.718
11200,0.140,0.141,0.719
11300,0.140,0.149,0.711
11400,0.153,0.153,0.694
11500,0.162,0.156,0.682
11600,0.164,0.153,0.683
11700,0.149,0.150,0.701
11800,0.145,0.139,0.716
11900,0.145,0.145,0.710
12000,0.149,0.142,0.709
12100,0.153,0.135,0.712
12200,0.151,0.134,0.715
12300,0.158,0.128,0.714
12400,0.166,0.126,0.708
12500,0.164,0.124,0.712
12600,0.164,0.126,0.710
12700,0.170,0.123,0.707
12800,0.168,0.120,0.712
12900,0.164,0.125,0.711
13000,0.160,0.116,0.724
13100,0.154,0.120,0.726
13200,0.164,0.124,0.712
13300,0.161,0.123,0.716
13400,0.161,0.125,0.714
13500,0.165,0.121,0.714
13600,0.179,0.118,0.703
13700,0.182,0.121,0.697
13800,0.185,0.117,0.698
13900,0.178,0.113,0.709
14000,0.178,0.107,0.715
14100,0.177,0.103,0.720
14200,0.175,0.100,0.725
14300,0.181,0.111,0.708
14400,0.185,0.105,0.710
14500,0.179,0.103,0.718
14600,0.177,0.095,0.728
14700,0.177,0.096,0.727
14800,0.178,0.107,0.715
14900,0.191,0.107,0.702
15000,0.193,0.106,0.701
15100,0.194,0.110,0.696
15200,0.194,0.106,0.700
15300,0.195,0.101,0.704
15400,0.190,0.097,0.713
15500,0.188,0.104,0.708
15600,0.188,0.102,0.710
15700,0.183,0.107,0.710
15800,0.199,0.107,0.694
15900,0.196,0.104,0.700
16000,0.200,0.113,0.687
16100,0.202,0.111,0.687
16200,0.211,0.102,0.687
16300,0.211,0.100,0.689
16400,0.202,0.108,0.690
16500,0.193,0.100,0.707
16600,0.188,0.091,0.721
16700,0.190,0.099,0.711
16800,0.182,0.114,0.704
16900,0.186,0.117,0.697
17000,0.182,0.117,0.701
17100,0.188,0.117,0.695
17200,0.186,0.123,0.691
17300,0.182,0.117,0.701
17400,0.184,0.119,0.697
17500,0.184,0.121,0.695
17600,0.180,0.118,0.702
17700,0.177,0.110,0.713
17800,0.187,0.109,0.704
17900,0.185,0.105,0.710
18000,0.182,0.102,0.716
18100,0.185,0.095,0.720
18200,0.188,0.105,0.707
18300,0.202,0.101,0.697
18400,0.212,0.112,0.676
18500,0.215,0.110,0.675
18600,0.206,0.118,0.676
18700,0.204,0.109,0.687
18800,0.202,0.109,0.689
18900,0.200,0.096,0.704
19000,0.203,0.092,0.705
19100,0.203,0.097,0.700
19200,0.206,0.094,0.700
19300,0.204,0.096,0.700
19400,0.215,0.091,0.694
19500,0.210,0.085,0.705
19600,0.206,0.082,0.712
19700,0.207,0.088,0.705
19800,0.209,0.090,0.701
19900,0.215,0.086,0.699
20000,0.226,0.076,0.698
20100,0.227,0.079,0.694
20200,0.229,0.085,0.686
20300,0.231,0.083,0.686
20400,0.225,0.088,0.687
20500,0.224,0.089,0.687
20600,0.228,0.099,0.673
20700,0.227,0.097,0.676
20800,0.226,0.103,0.671
20900,0.218,0.100,0.682
21000,0.210,0.099,0.691
21100,0.207,0.099,0.694
21200,0.205,0.100,0.695
21300,0.207,0.100,0.693
21400,0.210,0.097,0.693
21500,0.215,0.093,0.692
21600,0.223,0.090,0.687
21700,0.226,0.082,0.692
21800,0.234,0.076,0.690
21900,0.230,0.075,0.695
22000,0.225,0.083,0.692
22100,0.225,0.091,0.684
22200,0.225,0.098,0.677
22300,0.227,0.098,0.675
22400,0.226,0.094,0.680
22500,0.215,0.097,0.688
22600,0.209,0.093,0.698
22700,0.217,0.091,0.692
22800,0.212,0.099,0.689
22900,0.209,0.097,0.694
23000,0.209,0.105,0.686
23100,0.214,0.108,0.678
23200,0.210,0.112,0.678
23300,0.220,0.109,0.671
23400,0.218,0.102,0.680
23500,0.223,0.109,0.668
23600,0.218,0.102,0.680
23700,0.208,0.108,0.684
23800,0.200,0.112,0.688
23900,0.197,0.105,0.698
24000,0.207,0.102,0.691
24100,0.201,0.118,0.681
24200,0.202,0.117,0.681
24300,0.196,0.128,0.676
24400,0.182,0.131,0.687
24500,0.167,0.122,0.711
24600,0.167,0.118,0.715
24700,0.168,0.107,0.725
24800,0.178,0.108,0.714
24900,0.173,0.109,0.718
25000,0.181,0.103,0.716
25100,0.197,0.099,0.704
25200,0.198,0.096,0.706
25300,0.215,0.092,0.693
25400,0.212,0.102,0.686
25500,0.207,0.104,0.689
25600,0.209,0.095,0.696
25700,0.209,0.095,0.696
25800,0.217,0.102,0.681
25900,0.221,0.108,0.671
26000,0.224,0.106,0.670
26100,0.224,0.098,0.678
26200,0.222,0.099,0.679
26300,0.221,0.104,0.675
26400,0.218,0.103,0.679
26500,0.220,0.095,0.685
26600,0.213,0.104,0.683
26700,0.203,0.111,0.686
26800,0.202,0.107,0.691
26900,0.199,0.101,0.700
27000,0.195,0.099,0.706
27100,0.190,0.105,0.705
27200,0.189,0.114,0.697
27300,0.192,0.110,0.698
27400,0.190,0.105,0.705
27500,0.184,0.101,0.715
27600,0.188,0.099,0.713
27700,0.193,0.100,0.707
27800,0.196,0.095,0.709
27900,0.198,0.094,0.708
28000,0.210,0.096,0.694
28100,0.201,0.103,0.696
28200,0.200,0.105,0.695
28300,0.196,0.107,0.697
28400,0.194,0.106,0.700
28500,0.191,0.104,0.705
28600,0.199,0.106,0.695
28700,0.207,0.102,0.691
28800,0.198,0.096,0.706
28900,0.197,0.101,0.702
29000,0.200,0.107,0.693
29100,0.214,0.112,0.674
29200,0.213,0.103,0.684
29300,0.217,0.100,0.683
29400,0.219,0.094,0.687
29500,0.213,0.091,0.696
29600,0.211,0.093,0.696
29700,0.204,0.088,0.708
29800,0.201,0.095,0.704
29900,0.208,0.090,0.702
30000,0.219,0.089,0.692
30100,0.221,0.097,0.682
30200,0.218,0.088,0.694
30300,0.210,0.086,0.704
30400,0.208,0.088,0.704
30500,0.211,0.082,0.707
30600,0.210,0.084,0.706
30700,0.198,0.082,0.720
30800,0.203,0.080,0.717
30900,0.202,0.075,0.723
31000,0.199,0.084,0.717
31100,0.203,0.088,0.709
31200,0.196,0.085,0.719
31300,0.199,0.080,0.721
31400,0.198,0.071,0.731
31500,0.205,0.077,0.718
31600,0.196,0.079,0.725
31700,0.194,0.079,0.727
31800,0.193,0.083,0.724
31900,0.194,0.087,0.719
32000,0.187,0.095,0.718
32100,0.187,0.101,0.712
32200,0.182,0.097,0.721
32300,0.184,0.095,0.721
32400,0.189,0.099,0.712
32500,0.191,0.100,0.709
32600,0.198,0.105,0.697
32700,0.196,0.105,0.699
32800,0.202,0.109,0.689
32900,0.211,0.110,0.679
33000,0.207,0.119,0.674
33100,0.201,0.114,0.685
33200,0.204,0.106,0.690
33300,0.195,0.102,0.703
33400,0.200,0.103,0.697
33500,0.203,0.112,0.685
33600,0.211,0.108,0.681
33700,0.215,0.111,0.674
33800,0.209,0.117,0.674
33900,0.211,0.121,0.668
34000,0.210,0.113,0.677
34100,0.213,0.105,0.682
34200,0.209,0.101,0.690
34300,0.204,0.099,0.697
34400,0.200,0.099,0.701
34500,0.205,0.092,0.703
34600,0.204,0.099,0.697
34700,0.207,0.091,0.702
34800,0.198,0.084,0.718
34900,0.204,0.084,0.712
35000,0.198,0.097,0.705
35100,0.202,0.098,0.700
35200,0.209,0.104,0.687
35300,0.197,0.108,0.695
35400,0.193,0.093,0.714
35500,0.191,0.091,0.718
35600,0.195,0.093,0.712
35700,0.193,0.084,0.723
35800,0.189,0.094,0.717
35900,0.191,0.085,0.724
36000,0.188,0.077,0.735
36100,0.186,0.077,0.737
36200,0.181,0.076,0.743
36300,0.176,0.077,0.747
36400,0.174,0.077,0.749
36500,0.186,0.071,0.743
36600,0.194,0.080,0.726
36700,0.204,0.082,0.714
36800,0.208,0.077,0.715
36900,0.207,0.079,0.714
37000,0.207,0.084,0.709
37100,0.226,0.078,0.696
37200,0.223,0.082,0.695
37300,0.236,0.094,0.670
37400,0.232,0.100,0.668
37500,0.232,0.103,0.665
37600,0.224,0.112,0.664
37700,0.220,0.110,0.670
37800,0.220,0.112,0.668
37900,0.218,0.109,0.673
38000,0.216,0.103,0.681
38100,0.214,0.100,0.686
38200,0.213,0.116,0.671
38300,0.211,0.117,0.672
38400,0.211,0.115,0.674
38500,0.218,0.112,0.670
38600,0.212,0.109,0.679
38700,0.207,0.111,0.682
38800,0.195,0.106,0.699
38900,0.205,0.103,0.692
39000,0.197,0.114,0.689
39100,0.190,0.110,0.700
39200,0.192,0.106,0.702
39300,0.192,0.115,0.693
39400,0.192,0.117,0.691
39500,0.190,0.121,0.689
39600,0.190,0.124,0.686
39700,0.183,0.127,0.690
39800,0.177,0.134,0.689
39900,0.179,0.126,0.695
40000,0.183,0.125,0.692
40100,0.191,0.133,0.676
40200,0.195,0.139,0.666
40300,0.197,0.137,0.666
40400,0.192,0.132,0.676
40500,0.191,0.142,0.667
40600,0.190,0.146,0.664
40700,0.194,0.145,0.661
40800,0.190,0.141,0.669
40900,0.189,0.146,0.665
41000,0.184,0.144,0.672
41100,0.180,0.137,0.683
41200,0.182,0.133,0.685
41300,0.183,0.140,0.677
41400,0.175,0.138,0.687
41500,0.177,0.141,0.682
41600,0.176,0.149,0.675
41700,0.174,0.140,0.686
41800,0.164,0.141,0.695
41900,0.174,0.134,0.692
42000,0.188,0.135,0.677
42100,0.178,0.141,0.681
42200,0.175,0.151,0.674
42300,0.172,0.145,0.683
42400,0.178,0.153,0.669
42500,0.178,0.153,0.669
42600,0.170,0.151,0.679
42700,0.178,0.145,0.677
42800,0.179,0.140,0.681
42900,0.164,0.127,0.709
43000,0.171,0.122,0.707
43100,0.178,0.128,0.694
43200,0.181,0.133,0.686
43300,0.173,0.128,0.699
43400,0.167,0.127,0.706
43500,0.167,0.132,0.701
43600,0.158,0.124,0.718
43700,0.166,0.125,0.709
43800,0.169,0.122,0.709
43900,0.181,0.114,0.705
44000,0.187,0.114,0.699
44100,0.189,0.114,0.697
44200,0.197,0.112,0.691
44300,0.196,0.102,0.702
44400,0.194,0.097,0.709
44500,0.189,0.093,0.718
44600,0.193,0.101,0.706
44700,0.196,0.104,0.700
44800,0.199,0.116,0.685
44900,0.196,0.111,0.693
45000,0.195,0.112,0.693
45100,0.190,0.097,0.713
45200,0.186,0.096,0.718
45300,0.186,0.098,0.716
45400,0.188,0.094,0.718
45500,0.199,0.095,0.706
45600,0.197,0.093,0.710
45700,0.191,0.097,0.712
45800,0.183,0.096,0.721
45900,0.183,0.096,0.721
46000,0.178,0.088,0.734
46100,0.174,0.083,0.743
46200,0.187,0.081,0.732
46300,0.185,0.091,0.724
46400,0.194,0.095,0.711
46500,0.192,0.101,0.707
46600,0.197,0.097,0.706
46700,0.202,0.098,0.700
46800,0.203,0.102,0.695
46900,0.195,0.098,0.707
47000,0.202,0.096,0.702
47100,0.204,0.095,0.701
47200,0.212,0.098,0.690
47300,0.215,0.097,0.688
47400,0.214,0.095,0.691
47500,0.224,0.091,0.685
47600,0.212,0.096,0.692
47700,0.206,0.092,0.702
47800,0.207,0.090,0.703
47900,0.201,0.088,0.711
48000,0.197,0.093,0.710
48100,0.191,0.096,0.713
48200,0.190,0.099,0.711
48300,0.197,0.100,0.703
48400,0.200,0.097,0.703
48500,0.197,0.100,0.703
48600,0.192,0.089,0.719
48700,0.191,0.091,0.718
48800,0.186,0.087,0.727
48900,0.183,0.092,0.725
49000,0.180,0.090,0.730
49100,0.178,0.093,0.729
49200,0.184,0.083,0.733
49300,0.193,0.078,0.729
49400,0.185,0.084,0.731
49500,0.188,0.084,0.728
49600,0.180,0.093,0.727
49700,0.188,0.085,0.727
49800,0.193,0.096,0.711
49900,0.199,0.086,0.715
50000,0.195,0.086,0.719
50100,0.187,0.091,0.722
50200,0.188,0.092,0.720
50300,0.201,0.088,0.711
50400,0.195,0.088,0.717
50500,0.198,0.093,0.709
50600,0.198,0.090,0.712
50700,0.203,0.087,0.710
50800,0.195,0.088,0.717
50900,0.198,0.094,0.708
51000,0.193,0.094,0.713
51100,0.199,0.092,0.709
51200,0.221,0.086,0.693
51300,0.218,0.088,0.694
51400,0.225,0.087,0.688
51500,0.221,0.090,0.689
51600,0.223,0.082,0.695
51700,0.223,0.088,0.689
51800,0.222,0.092,0.686
51900,0.227,0.087,0.686
52000,0.233,0.088,0.679
52100,0.239,0.092,0.669
52200,0.225,0.088,0.687
52300,0.225,0.087,0.688
52400,0.229,0.096,0.675
52500,0.235,0.102,0.663
52600,0.238,0.094,0.668
52700,0.238,0.095,0.667
52800,0.240,0.093,0.667
52900,0.245,0.088,0.667
53000,0.245,0.091,0.664
53100,0.242,0.094,0.664
53200,0.239,0.093,0.668
53300,0.240,0.095,0.665
53400,0.236,0.087,0.677
53500,0.231,0.082,0.687
53600,0.230,0.089,0.681
53700,0.225,0.086,0.689
53800,0.229,0.085,0.686
53900,0.221,0.084,0.695
54000,0.216,0.083,0.701
54100,0.218,0.081,0.701
54200,0.213,0.077,0.710
54300,0.226,0.080,0.694
54400,0.232,0.078,0.690
54500,0.230,0.077,0.693
54600,0.229,0.078,0.693
54700,0.213,0.080,0.707
54800,0.205,0.085,0.710
54900,0.211,0.075,0.714
55000,0.210,0.081,0.709
55100,0.214,0.082,0.704
55200,0.219,0.079,0.702
55300,0.219,0.090,0.691
55400,0.225,0.094,0.681
55500,0.230,0.083,0.687
55600,0.224,0.080,0.696
55700,0.225,0.077,0.698
55800,0.214,0.070,0.716
55900,0.214,0.071,0.715
56000,0.212,0.075,0.713
56100,0.213,0.072,0.715
56200,0.217,0.066,0.717
56300,0.219,0.062,0.719
56400,0.208,0.067,0.725
56500,0.203,0.070,0.727
56600,0.203,0.067,0.730
56700,0.208,0.077,0.715
56800,0.209,0.083,0.708
56900,0.202,0.088,0.710
57000,0.203,0.084,0.713
57100,0.203,0.086,0.711
57200,0.209,0.084,0.707
57300,0.204,0.087,0.709
57400,0.202,0.091,0.707
57500,0.200,0.101,0.699
57600,0.197,0.107,0.696
57700,0.190,0.115,0.695
57800,0.203,0.113,0.684
57900,0.205,0.113,0.682
58000,0.202,0.112,0.686
58100,0.204,0.108,0.688
58200,0.198,0.100,0.702
58300,0.194,0.101,0.705
58400,0.200,0.097,0.703
58500,0.196,0.098,0.706
58600,0.191,0.102,0.707
58700,0.206,0.109,0.685
58800,0.203,0.111,0.686
58900,0.203,0.129,0.668
59000,0.201,0.126,0.673
59100,0.194,0.125,0.681
59200,0.197,0.128,0.675
59300,0.192,0.126,0.682
59400,0.191,0.127,0.682
59500,0.196,0.128,0.676
59600,0.188,0.125,0.687
59700,0.185,0.122,0.693
59800,0.183,0.128,0.689
59900,0.174,0.127,0.699
60000,0.172,0.123,0.705
60100,0.177,0.126,0.697
60200,0.175,0.133,0.692
60300,0.174,0.125,0.701
60400,0.174,0.117,0.709
60500,0.170,0.126,0.704
60600,0.180,0.125,0.695
60700,0.174,0.125,0.701
60800,0.171,0.123,0.706
60900,0.172,0.123,0.705
61000,0.173,0.125,0.702
61100,0.168,0.117,0.715
61200,0.171,0.123,0.706
61300,0.172,0.125,0.703
61400,0.167,0.130,0.703
61500,0.163,0.129,0.708
61600,0.165,0.123,0.712
61700,0.164,0.125,0.711
61800,0.158,0.126,0.716
61900,0.172,0.129,0.699
62000,0.171,0.132,0.697
62100,0.162,0.130,0.708
62200,0.161,0.126,0.713
62300,0.166,0.133,0.701
62400,0.165,0.133,0.702
62500,0.177,0.126,0.697
62600,0.176,0.124,0.700
62700,0.166,0.124,0.710
62800,0.166,0.119,0.715
62900,0.167,0.112,0.721
63000,0.176,0.123,0.701
63100,0.182,0.131,0.687
63200,0.182,0.128,0.690
63300,0.178,0.123,0.699
63400,0.174,0.121,0.705
63500,0.175,0.128,0.697
63600,0.177,0.123,0.700
63700,0.183,0.117,0.700
63800,0.181,0.116,0.703
63900,0.182,0.120,0.698
64000,0.179,0.126,0.695
64100,0.171,0.132,0.697
64200,0.156,0.131,0.713
64300,0.150,0.142,0.708
64400,0.153,0.147,0.700
64500,0.163,0.142,0.695
64600,0.168,0.137,0.695
64700,0.172,0.142,0.686
64800,0.184,0.144,0.672
64900,0.191,0.159,0.650
65000,0.189,0.162,0.649
65100,0.188,0.155,0.657
65200,0.172,0.148,0.680
65300,0.179,0.149,0.672
65400,0.181,0.149,0.670
65500,0.174,0.151,0.675
65600,0.173,0.155,0.672
65700,0.161,0.146,0.693
65800,0.161,0.145,0.694
65900,0.176,0.133,0.691
66000,0.169,0.136,0.695
66100,0.174,0.137,0.689
66200,0.170,0.142,0.688
66300,0.183,0.147,0.670
66400,0.184,0.147,0.669
66500,0.191,0.140,0.669
66600,0.186,0.128,0.686
66700,0.183,0.132,0.685
66800,0.186,0.131,0.683
66900,0.182,0.135,0.683
67000,0.191,0.140,0.669
67100,0.181,0.134,0.685
67200,0.174,0.135,0.691
67300,0.179,0.133,0.688
67400,0.171,0.145,0.684
67500,0.167,0.144,0.689
67600,0.177,0.138,0.685
67700,0.182,0.130,0.688
67800,0.178,0.119,0.703
67900,0.178,0.112,0.710
68000,0.183,0.109,0.708
68100,0.181,0.110,0.709
68200,0.194,0.102,0.704
68300,0.186,0.107,0.707
68400,0.185,0.108,0.707
68500,0.170,0.109,0.721
68600,0.178,0.107,0.715
68700,0.174,0.108,0.718
68800,0.173,0.109,0.718
68900,0.172,0.110,0.718
69000,0.182,0.109,0.709
69100,0.188,0.100,0.712
69200,0.190,0.097,0.713
69300,0.178,0.102,0.720
69400,0.174,0.097,0.729
69500,0.176,0.104,0.720
69600,0.170,0.096,0.734
69700,0.169,0.097,0.734
69800,0.165,0.102,0.733
69900,0.179,0.101,0.720
70000,0.183,0.107,0.710
70100,0.187,0.105,0.708
70200,0.197,0.107,0.696
70300,0.203,0.101,0.696
70400,0.216,0.101,0.683
70500,0.207,0.098,0.695
70600,0.202,0.096,0.702
70700,0.204,0.092,0.704
70800,0.206,0.095,0.699
70900,0.205,0.104,0.691
71000,0.202,0.108,0.690
71100,0.200,0.102,0.698
71200,0.210,0.113,0.677
71300,0.216,0.114,0.670
71400,0.215,0.110,0.675
71500,0.203,0.111,0.686
71600,0.201,0.105,0.694
71700,0.203,0.112,0.685
71800,0.197,0.115,0.688
71900,0.199,0.124,0.677
72000,0.199,0.128,0.673
72100,0.206,0.127,0.667
72200,0.205,0.122,0.673
72300,0.215,0.127,0.658
72400,0.206,0.125,0.669
72500,0.205,0.128,0.667
72600,0.205,0.134,0.661
72700,0.199,0.131,0.670
72800,0.200,0.129,0.671
72900,0.192,0.123,0.685
73000,0.187,0.114,0.699
73100,0.189,0.125,0.686
73200,0.180,0.123,0.697
73300,0.170,0.124,0.706
73400,0.173,0.121,0.706
73500,0.177,0.123,0.700
73600,0.184,0.116,0.700
73700,0.189,0.121,0.690
73800,0.188,0.124,0.688
73900,0.186,0.123,0.691
74000,0.183,0.122,0.695
74100,0.188,0.130,0.682
74200,0.178,0.130,0.692
74300,0.177,0.130,0.693
74400,0.179,0.129,0.692
74500,0.181,0.133,0.686
74600,0.175,0.123,0.702
74700,0.168,0.135,0.697
74800,0.170,0.133,0.697
74900,0.173,0.140,0.687
75000,0.179,0.139,0.682
75100,0.170,0.135,0.695
75200,0.177,0.130,0.693
75300,0.186,0.130,0.684
75400,0.193,0.132,0.675
75500,0.194,0.132,0.674
75600,0.207,0.130,0.663
75700,0.207,0.134,0.659
75800,0.208,0.133,0.659
75900,0.211,0.127,0.662
76000,0.211,0.126,0.663
76100,0.220,0.117,0.663
76200,0.227,0.109,0.664
76300,0.223,0.107,0.670
76400,0.218,0.109,0.673
76500,0.208,0.107,0.685
76600,0.199,0.109,0.692
76700,0.192,0.104,0.704
76800,0.193,0.104,0.703
76900,0.195,0.109,0.696
77000,0.211,0.118,0.671
77100,0.206,0.126,0.668
77200,0.211,0.116,0.673
77300,0.212,0.107,0.681
77400,0.199,0.106,0.695
77500,0.202,0.113,0.685
77600,0.207,0.112,0.681
77700,0.210,0.112,0.678
77800,0.214,0.112,0.674
77900,0.212,0.120,0.668
78000,0.207,0.116,0.677
78100,0.197,0.114,0.689
78200,0.203,0.111,0.686
78300,0.199,0.108,0.693
78400,0.198,0.105,0.697
78500,0.198,0.110,0.692
78600,0.204,0.107,0.689
78700,0.193,0.099,0.708
78800,0.202,0.102,0.696
78900,0.202,0.105,0.693
79000,0.210,0.103,0.687
79100,0.196,0.106,0.698
79200,0.193,0.104,0.703
79300,0.194,0.105,0.701
79400,0.198,0.108,0.694
79500,0.196,0.110,0.694
79600,0.185,0.113,0.702
79700,0.180,0.113,0.707
79800,0.178,0.107,0.715
79900,0.184,0.109,0.707
80000,0.189,0.101,0.710
80100,0.182,0.098,0.720
80200,0.182,0.097,0.721
80300,0.185,0.098,0.717
80400,0.189,0.096,0.715
80500,0.183,0.089,0.728
80600,0.178,0.086,0.736
80700,0.171,0.088,0.741
80800,0.168,0.084,0.748
80900,0.170,0.081,0.749
81000,0.165,0.079,0.756
81100,0.174,0.084,0.742
81200,0.167,0.093,0.740
81300,0.169,0.090,0.741
81400,0.168,0.094,0.738
81500,0.178,0.093,0.729
81600,0.172,0.106,0.722
81700,0.183,0.103,0.714
81800,0.189,0.108,0.703
81900,0.201,0.111,0.688
82000,0.198,0.109,0.693
82100,0.190,0.109,0.701
82200,0.192,0.108,0.700
82300,0.190,0.109,0.701
82400,0.196,0.106,0.698
82500,0.195,0.099,0.706
82600,0.184,0.103,0.713
82700,0.179,0.101,0.720
82800,0.188,0.098,0.714
82900,0.189,0.106,0.705
83000,0.191,0.106,0.703
83100,0.206,0.106,0.688
83200,0.204,0.113,0.683
83300,0.223,0.115,0.662
83400,0.224,0.109,0.667
83500,0.236,0.107,0.657
83600,0.240,0.112,0.648
83700,0.224,0.109,0.667
83800,0.233,0.102,0.665
83900,0.225,0.101,0.674
84000,0.226,0.102,0.672
84100,0.213,0.109,0.678
84200,0.208,0.104,0.688
84300,0.205,0.097,0.698
84400,0.206,0.096,0.698
84500,0.203,0.098,0.699
84600,0.204,0.094,0.702
84700,0.205,0.092,0.703
84800,0.200,0.097,0.703
84900,0.201,0.094,0.705
85000,0.204,0.086,0.710
85100,0.222,0.090,0.688
85200,0.216,0.098,0.686
85300,0.221,0.094,0.685
85400,0.224,0.089,0.687
85500,0.217,0.091,0.692
85600,0.225,0.099,0.676
85700,0.224,0.093,0.683
85800,0.209,0.088,0.703
85900,0.205,0.095,0.700
86000,0.206,0.095,0.699
86100,0.206,0.097,0.697
86200,0.198,0.100,0.702
86300,0.214,0.097,0.689
86400,0.212,0.093,0.695
86500,0.220,0.091,0.689
86600,0.224,0.091,0.685
86700,0.214,0.090,0.696
86800,0.208,0.087,0.705
86900,0.202,0.095,0.703
87000,0.197,0.096,0.707
87100,0.199,0.092,0.709
87200,0.196,0.091,0.713
87300,0.194,0.097,0.709
87400,0.198,0.099,0.703
87500,0.198,0.108,0.694
87600,0.195,0.110,0.695
87700,0.194,0.115,0.691
87800,0.187,0.119,0.694
87900,0.194,0.121,0.685
88000,0.195,0.118,0.687
88100,0.194,0.112,0.694
88200,0.192,0.105,0.703
88300,0.192,0.101,0.707
88400,0.191,0.098,0.711
88500,0.182,0.092,0.726
88600,0.188,0.095,0.717
88700,0.189,0.089,0.722
88800,0.187,0.082,0.731
88900,0.176,0.092,0.732
89000,0.188,0.097,0.715
89100,0.193,0.088,0.719
89200,0.187,0.089,0.724
89300,0.180,0.087,0.733
89400,0.175,0.088,0.737
89500,0.165,0.084,0.751
89600,0.156,0.092,0.752
89700,0.160,0.096,0.744
89800,0.167,0.098,0.735
89900,0.175,0.098,0.727
90000,0.177,0.107,0.716
90100,0.177,0.105,0.718
90200,0.170,0.111,0.719
90300,0.183,0.113,0.704
90400,0.174,0.108,0.718
90500,0.177,0.105,0.718
90600,0.167,0.100,0.733
90700,0.171,0.105,0.724
90800,0.174,0.107,0.719
90900,0.168,0.099,0.733
91000,0.176,0.100,0.724
91100,0.181,0.102,0.717
91200,0.188,0.100,0.712
91300,0.194,0.107,0.699
91400,0.191,0.096,0.713
91500,0.186,0.102,0.712
91600,0.174,0.103,0.723
91700,0.180,0.114,0.706
91800,0.179,0.113,0.708
91900,0.186,0.109,0.705
92000,0.193,0.111,0.696
92100,0.187,0.103,0.710
92200,0.199,0.103,0.698
92300,0.193,0.105,0.702
92400,0.183,0.107,0.710
92500,0.193,0.113,0.694
92600,0.190,0.112,0.698
92700,0.197,0.106,0.697
92800,0.200,0.120,0.680
92900,0.197,0.115,0.688
93000,0.193,0.116,0.691
93100,0.186,0.127,0.687
93200,0.177,0.119,0.704
93300,0.178,0.116,0.706
93400,0.172,0.101,0.727
93500,0.170,0.105,0.725
93600,0.180,0.099,0.721
93700,0.177,0.107,0.716
93800,0.174,0.101,0.725
93900,0.172,0.104,0.724
94000,0.183,0.107,0.710
94100,0.181,0.116,0.703
94200,0.191,0.119,0.690
94300,0.195,0.117,0.688
94400,0.190,0.117,0.693
94500,0.193,0.110,0.697
94600,0.189,0.107,0.704
94700,0.179,0.122,0.699
94800,0.183,0.115,0.702
94900,0.176,0.121,0.703
95000,0.182,0.126,0.692
95100,0.183,0.126,0.691
95200,0.186,0.125,0.689
95300,0.173,0.129,0.698
95400,0.166,0.135,0.699
95500,0.162,0.140,0.698
95600,0.166,0.132,0.702
95700,0.174,0.137,0.689
95800,0.183,0.141,0.676
95900,0.180,0.138,0.682
96000,0.171,0.138,0.691
96100,0.180,0.135,0.685
96200,0.191,0.136,0.673
96300,0.194,0.136,0.670
96400,0.196,0.132,0.672
96500,0.190,0.127,0.683
96600,0.190,0.137,0.673
96700,0.176,0.134,0.690
96800,0.181,0.125,0.694
96900,0.177,0.127,0.696
97000,0.171,0.122,0.707
97100,0.167,0.131,0.702
97200,0.165,0.131,0.704
97300,0.169,0.134,0.697
97400,0.167,0.134,0.699
97500,0.167,0.143,0.690
97600,0.173,0.138,0.689
97700,0.163,0.142,0.695
97800,0.163,0.149,0.688
97900,0.175,0.157,0.668
98000,0.174,0.161,0.665
98100,0.170,0.150,0.680
98200,0.177,0.143,0.680
98300,0.175,0.154,0.671
98400,0.177,0.148,0.675
98500,0.178,0.139,0.683
98600,0.179,0.139,0.682
98700,0.175,0.137,0.688
98800,0.179,0.133,0.688
98900,0.188,0.132,0.680
99000,0.187,0.134,0.679
99100,0.189,0.138,0.673
99200,0.186,0.138,0.676
99300,0.177,0.132,0.691
99400,0.184,0.134,0.682
99500,0.184,0.130,0.686
99600,0.183,0.128,0.689
99700,0.181,0.127,0.692
99800,0.182,0.119,0.699
99900,0.182,0.112,0.706
100000,0.187,0.106,0.707
