time,n_A+p,n_B,n_AB
100,0.030,0.966,0.004
200,0.030,0.963,0.007
300,0.030,0.953,0.017
400,0.030,0.949,0.021
500,0.030,0.949,0.021
600,0.030,0.944,0.027
700,0.030,0.924,0.046
800,0.032,0.930,0.039
900,0.033,0.923,0.044
1000,0.035,0.917,0.048
1100,0.031,0.919,0.050
1200,0.031,0.912,0.057
1300,0.033,0.905,0.062
1400,0.032,0.894,0.075
1500,0.031,0.894,0.076
1600,0.034,0.891,0.076
1700,0.032,0.883,0.086
1800,0.033,0.885,0.083
1900,0.033,0.884,0.084
2000,0.038,0.877,0.085
2100,0.039,0.872,0.089
2200,0.038,0.869,0.093
2300,0.039,0.859,0.102
2400,0.040,0.841,0.120
2500,0.041,0.814,0.145
2600,0.041,0.816,0.143
2700,0.038,0.800,0.162
2800,0.041,0.796,0.163
2900,0.042,0.796,0.162
3000,0.041,0.792,0.168
3100,0.049,0.776,0.175
3200,0.052,0.767,0.181
3300,0.048,0.763,0.189
3400,0.053,0.754,0.193
3500,0.047,0.743,0.210
3600,0.047,0.740,0.213
3700,0.047,0.726,0.227
3800,0.047,0.712,0.241
3900,0.041,0.696,0.264
4000,0.039,0.683,0.278
4100,0.041,0.691,0.269
4200,0.045,0.684,0.271
4300,0.045,0.678,0.277
4400,0.046,0.676,0.278
4500,0.046,0.666,0.288
4600,0.048,0.669,0.283
4700,0.055,0.668,0.277
4800,0.049,0.662,0.289
4900,0.051,0.659,0.290
5000,0.051,0.644,0.305
5100,0.048,0.641,0.311
5200,0.057,0.637,0.305
5300,0.062,0.625,0.313
5400,0.062,0.626,0.312
5500,0.054,0.620,0.326
5600,0.061,0.607,0.332
5700,0.066,0.603,0.331
5800,0.065,0.598,0.337
5900,0.073,0.594,0.333
6000,0.075,0.589,0.336
6100,0.073,0.593,0.334
6200,0.079,0.588,0.333
6300,0.075,0.596,0.330
6400,0.075,0.593,0.332
6500,0.075,0.579,0.346
6600,0.075,0.578,0.347
6700,0.070,0.572,0.358
6800,0.065,0.576,0.359
6900,0.073,0.566,0.362
7000,0.074,0.558,0.369
7100,0.074,0.556,0.371
7200,0.085,0.552,0.364
7300,0.082,0.541,0.377
7400,0.074,0.540,0.386
7500,0.082,0.541,0.377
7600,0.084,0.531,0.385
7700,0.084,0.522,0.394
7800,0.080,0.525,0.395
7900,0.075,0.517,0.409
8000,0.082,0.516,0.402
8100,0.081,0.521,0.398
8200,0.090,0.523,0.387
8300,0.088,0.516,0.396
8400,0.083,0.504,0.414
8500,0.077,0.507,0.417
8600,0.073,0.506,0.422
8700,0.076,0.507,0.418
8800,0.078,0.498,0.424
8900,0.074,0.497,0.429
9000,0.073,0.492,0.435
9100,0.088,0.491,0.421
9200,0.090,0.490,0.420
9300,0.092,0.480,0.428
9400,0.092,0.489,0.419
9500,0.092,0.493,0.415
9600,0.097,0.488,0.415
9700,0.095,0.483,0.422
9800,0.104,0.473,0.423
9900,0.101,0.475,0.424
10000,0.123,0.465,0.413
10100,0.117,0.464,0.419
10200,0.123,0.468,0.410
10300,0.124,0.458,0.419
10400,0.129,0.454,0.418
10500,0.124,0.451,0.425
10600,0.126,0.450,0.424
10700,0.122,0.453,0.426
10800,0.132,0.443,0.425
10900,0.138,0.441,0.421
11000,0.134,0.437,0.429
11100,0.132,0.432,0.436
11200,0.128,0.434,0.438
11300,0.129,0.443,0.428
11400,0.130,0.439,0.431
11500,0.130,0.429,0.441
11600,0.133,0.428,0.439
11700,0.128,0.435,0.437
11800,0.138,0.440,0.422
11900,0.152,0.430,0.418
12000,0.143,0.425,0.432
12100,0.146,0.422,0.432
12200,0.135,0.422,0.443
12300,0.135,0.418,0.447
12400,0.136,0.414,0.450
12500,0.134,0.414,0.453
12600,0.146,0.412,0.442
12700,0.152,0.410,0.438
12800,0.154,0.411,0.435
12900,0.151,0.411,0.438
13000,0.152,0.409,0.439
13100,0.147,0.407,0.446
13200,0.147,0.402,0.450
13300,0.152,0.396,0.451
13400,0.154,0.401,0.444
13500,0.157,0.395,0.447
13600,0.161,0.392,0.446
13700,0.161,0.392,0.446
13800,0.152,0.391,0.457
13900,0.149,0.394,0.457
14000,0.143,0.388,0.469
14100,0.132,0.388,0.480
14200,0.135,0.391,0.474
14300,0.135,0.387,0.478
14400,0.129,0.398,0.473
14500,0.122,0.400,0.478
14600,0.113,0.409,0.478
14700,0.122,0.400,0.478
14800,0.122,0.396,0.482
14900,0.116,0.399,0.484
15000,0.124,0.395,0.481
15100,0.124,0.397,0.479
15200,0.127,0.389,0.484
15300,0.122,0.394,0.484
15400,0.128,0.399,0.473
15500,0.133,0.393,0.474
15600,0.157,0.394,0.448
15700,0.155,0.395,0.449
15800,0.150,0.391,0.459
15900,0.149,0.385,0.466
16000,0.151,0.377,0.472
16100,0.149,0.377,0.474
16200,0.142,0.379,0.479
16300,0.140,0.379,0.481
16400,0.132,0.377,0.491
16500,0.135,0.386,0.479
16600,0.129,0.389,0.482
16700,0.131,0.391,0.478
16800,0.130,0.393,0.477
16900,0.130,0.396,0.474
17000,0.131,0.401,0.468
17100,0.132,0.391,0.477
17200,0.129,0.391,0.480
17300,0.131,0.385,0.484
17400,0.132,0.380,0.488
17500,0.145,0.393,0.462
17600,0.141,0.393,0.466
17700,0.141,0.393,0.466
17800,0.140,0.387,0.473
17900,0.142,0.376,0.482
18000,0.145,0.384,0.471
18100,0.141,0.386,0.473
18200,0.143,0.382,0.475
18300,0.146,0.377,0.477
18400,0.144,0.377,0.479
18500,0.137,0.376,0.487
18600,0.127,0.379,0.494
18700,0.118,0.378,0.504
18800,0.127,0.380,0.493
18900,0.118,0.378,0.504
19000,0.132,0.370,0.498
19100,0.132,0.366,0.503
19200,0.123,0.360,0.518
19300,0.115,0.362,0.523
19400,0.114,0.371,0.515
19500,0.115,0.367,0.518
19600,0.118,0.367,0.515
19700,0.121,0.364,0.516
19800,0.120,0.354,0.526
19900,0.110,0.363,0.527
20000,0.112,0.362,0.526
20100,0.117,0.360,0.523
20200,0.111,0.354,0.534
20300,0.115,0.354,0.530
20400,0.114,0.359,0.527
20500,0.111,0.370,0.519
20600,0.117,0.367,0.516
20700,0.114,0.359,0.527
20800,0.115,0.353,0.531
20900,0.123,0.358,0.520
21000,0.123,0.355,0.522
21100,0.120,0.353,0.527
21200,0.121,0.355,0.524
21300,0.136,0.354,0.510
21400,0.144,0.352,0.504
21500,0.141,0.361,0.498
21600,0.142,0.361,0.497
21700,0.149,0.359,0.492
21800,0.152,0.354,0.493
21900,0.155,0.348,0.496
22000,0.151,0.347,0.502
22100,0.143,0.344,0.513
22200,0.145,0.354,0.501
22300,0.140,0.351,0.509
22400,0.139,0.353,0.508
22500,0.128,0.348,0.524
22600,0.147,0.346,0.507
22700,0.145,0.346,0.509
22800,0.135,0.339,0.526
22900,0.136,0.341,0.523
23000,0.146,0.331,0.523
23100,0.143,0.341,0.516
23200,0.144,0.339,0.517
23300,0.147,0.339,0.514
23400,0.150,0.339,0.511
23500,0.150,0.346,0.504
23600,0.159,0.341,0.499
23700,0.156,0.341,0.503
23800,0.150,0.333,0.517
23900,0.148,0.338,0.514
24000,0.148,0.336,0.516
24100,0.144,0.335,0.521
24200,0.145,0.328,0.527
24300,0.145,0.326,0.529
24400,0.145,0.323,0.532
24500,0.145,0.324,0.531
24600,0.148,0.333,0.519
24700,0.152,0.331,0.517
24800,0.145,0.327,0.528
24900,0.151,0.326,0.523
25000,0.158,0.318,0.524
25100,0.150,0.320,0.530
25200,0.147,0.334,0.519
25300,0.140,0.334,0.526
25400,0.136,0.331,0.533
25500,0.131,0.325,0.544
25600,0.132,0.326,0.542
25700,0.128,0.336,0.536
25800,0.125,0.327,0.549
25900,0.123,0.329,0.549
26000,0.114,0.330,0.556
26100,0.123,0.319,0.559
26200,0.124,0.329,0.547
26300,0.123,0.335,0.542
26400,0.123,0.338,0.539
26500,0.114,0.338,0.547
26600,0.113,0.336,0.551
26700,0.114,0.332,0.554
26800,0.116,0.324,0.560
26900,0.114,0.326,0.560
27000,0.117,0.328,0.555
27100,0.114,0.328,0.558
27200,0.109,0.327,0.564
27300,0.121,0.325,0.555
27400,0.122,0.323,0.556
27500,0.117,0.325,0.558
27600,0.118,0.328,0.554
27700,0.118,0.325,0.557
27800,0.111,0.324,0.565
27900,0.121,0.327,0.553
28000,0.117,0.323,0.560
28100,0.114,0.319,0.567
28200,0.110,0.325,0.565
28300,0.117,0.326,0.557
28400,0.124,0.320,0.557
28500,0.132,0.323,0.545
28600,0.137,0.323,0.540
28700,0.139,0.318,0.543
28800,0.143,0.312,0.545
28900,0.139,0.315,0.546
29000,0.137,0.334,0.529
29100,0.132,0.339,0.529
29200,0.131,0.338,0.531
29300,0.135,0.338,0.527
29400,0.129,0.338,0.533
29500,0.127,0.335,0.538
29600,0.125,0.336,0.539
29700,0.123,0.331,0.546
29800,0.126,0.325,0.550
29900,0.125,0.317,0.559
30000,0.129,0.309,0.562
30100,0.138,0.318,0.544
30200,0.147,0.312,0.541
30300,0.142,0.315,0.543
30400,0.140,0.320,0.540
30500,0.145,0.316,0.539
30600,0.137,0.313,0.551
30700,0.131,0.319,0.551
30800,0.116,0.320,0.564
30900,0.114,0.324,0.562
31000,0.122,0.320,0.559
31100,0.120,0.327,0.554
31200,0.116,0.336,0.547
31300,0.115,0.329,0.556
31400,0.114,0.327,0.559
31500,0.104,0.326,0.570
31600,0.104,0.324,0.572
31700,0.108,0.313,0.579
31800,0.111,0.311,0.578
31900,0.111,0.301,0.587
32000,0.116,0.299,0.584
32100,0.124,0.296,0.580
32200,0.124,0.302,0.574
32300,0.120,0.292,0.588
32400,0.125,0.289,0.586
32500,0.129,0.287,0.584
32600,0.127,0.292,0.581
32700,0.122,0.282,0.597
32800,0.115,0.278,0.607
32900,0.114,0.277,0.609
33000,0.116,0.282,0.602
33100,0.110,0.278,0.612
33200,0.125,0.275,0.601
33300,0.132,0.279,0.589
33400,0.141,0.282,0.577
33500,0.142,0.282,0.576
33600,0.145,0.277,0.578
33700,0.133,0.274,0.593
33800,0.131,0.275,0.594
33900,0.136,0.271,0.593
34000,0.128,0.267,0.606
34100,0.132,0.273,0.596
34200,0.126,0.273,0.602
34300,0.126,0.280,0.594
34400,0.132,0.273,0.596
34500,0.137,0.271,0.592
34600,0.131,0.283,0.586
34700,0.124,0.288,0.588
34800,0.132,0.284,0.584
34900,0.135,0.282,0.583
35000,0.132,0.286,0.582
35100,0.137,0.290,0.573
35200,0.132,0.289,0.579
35300,0.131,0.290,0.579
35400,0.123,0.296,0.581
35500,0.126,0.290,0.584
35600,0.122,0.285,0.593
35700,0.135,0.281,0.584
35800,0.127,0.275,0.599
35900,0.125,0.279,0.597
36000,0.127,0.284,0.589
36100,0.118,0.286,0.596
36200,0.130,0.285,0.585
36300,0.125,0.288,0.587
36400,0.125,0.284,0.591
36500,0.121,0.285,0.594
36600,0.124,0.292,0.584
36700,0.113,0.293,0.593
36800,0.114,0.285,0.601
36900,0.117,0.283,0.600
37000,0.123,0.284,0.593
37100,0.121,0.282,0.598
37200,0.115,0.292,0.592
37300,0.108,0.287,0.605
37400,0.122,0.283,0.596
37500,0.117,0.274,0.609
37600,0.115,0.281,0.604
37700,0.120,0.282,0.599
37800,0.121,0.282,0.598
37900,0.125,0.285,0.590
38000,0.122,0.294,0.584
38100,0.125,0.289,0.586
38200,0.123,0.294,0.583
38300,0.126,0.297,0.577
38400,0.130,0.297,0.573
38500,0.129,0.293,0.578
38600,0.138,0.286,0.576
38700,0.138,0.280,0.582
38800,0.143,0.273,0.584
38900,0.141,0.276,0.583
39000,0.136,0.274,0.590
39100,0.142,0.283,0.575
39200,0.141,0.277,0.582
39300,0.137,0.283,0.580
39400,0.137,0.281,0.582
39500,0.142,0.279,0.579
39600,0.138,0.280,0.582
39700,0.143,0.291,0.566
39800,0.149,0.293,0.558
39900,0.153,0.295,0.552
40000,0.151,0.292,0.557
40100,0.152,0.278,0.570
40200,0.155,0.271,0.574
40300,0.149,0.265,0.586
40400,0.143,0.269,0.588
40500,0.154,0.268,0.578
40600,0.158,0.260,0.581
40700,0.153,0.271,0.576
40800,0.147,0.270,0.583
40900,0.151,0.265,0.584
41000,0.148,0.267,0.585
41100,0.148,0.267,0.585
41200,0.150,0.266,0.584
41300,0.149,0.274,0.577
41400,0.151,0.274,0.575
41500,0.146,0.272,0.582
41600,0.134,0.276,0.590
41700,0.148,0.270,0.582
41800,0.151,0.267,0.582
41900,0.159,0.266,0.575
42000,0.162,0.265,0.573
42100,0.160,0.272,0.568
42200,0.152,0.269,0.579
42300,0.156,0.264,0.580
42400,0.162,0.258,0.579
42500,0.155,0.263,0.582
42600,0.155,0.263,0.582
42700,0.156,0.254,0.589
42800,0.154,0.261,0.584
42900,0.145,0.266,0.589
43000,0.141,0.267,0.592
43100,0.146,0.266,0.588
43200,0.165,0.252,0.582
43300,0.175,0.254,0.571
43400,0.183,0.254,0.563
43500,0.183,0.250,0.567
43600,0.182,0.249,0.569
43700,0.173,0.250,0.577
43800,0.168,0.257,0.575
43900,0.150,0.255,0.594
44000,0.153,0.247,0.600
44100,0.153,0.252,0.594
44200,0.155,0.254,0.590
44300,0.149,0.249,0.602
44400,0.152,0.256,0.591
44500,0.151,0.260,0.588
44600,0.154,0.258,0.587
44700,0.157,0.253,0.589
44800,0.163,0.256,0.580
44900,0.154,0.257,0.588
45000,0.142,0.258,0.600
45100,0.137,0.269,0.594
45200,0.133,0.269,0.599
45300,0.136,0.272,0.592
45400,0.139,0.281,0.580
45500,0.141,0.282,0.577
45600,0.151,0.284,0.565
45700,0.158,0.287,0.555
45800,0.155,0.291,0.554
45900,0.154,0.285,0.561
46000,0.166,0.283,0.551
46100,0.160,0.280,0.560
46200,0.159,0.283,0.558
46300,0.149,0.285,0.566
46400,0.155,0.281,0.564
46500,0.156,0.289,0.555
46600,0.166,0.284,0.550
46700,0.165,0.280,0.555
46800,0.160,0.285,0.555
46900,0.160,0.277,0.563
47000,0.154,0.283,0.563
47100,0.152,0.272,0.576
47200,0.151,0.274,0.575
47300,0.153,0.273,0.574
47400,0.150,0.272,0.578
47500,0.144,0.279,0.577
47600,0.149,0.276,0.575
47700,0.148,0.276,0.576
47800,0.142,0.274,0.584
47900,0.132,0.263,0.606
48000,0.141,0.260,0.599
48100,0.145,0.268,0.587
48200,0.146,0.267,0.587
48300,0.150,0.268,0.582
48400,0.159,0.267,0.574
48500,0.178,0.272,0.551
48600,0.173,0.265,0.563
48700,0.179,0.258,0.563
48800,0.178,0.260,0.562
48900,0.181,0.268,0.552
49000,0.184,0.266,0.551
49100,0.186,0.264,0.551
49200,0.182,0.252,0.566
49300,0.189,0.247,0.564
49400,0.188,0.240,0.572
49500,0.183,0.235,0.582
49600,0.181,0.233,0.586
49700,0.173,0.241,0.586
49800,0.170,0.241,0.589
49900,0.166,0.239,0.594
50000,0.169,0.236,0.596
50100,0.163,0.246,0.590
50200,0.159,0.247,0.593
50300,0.141,0.243,0.616
50400,0.151,0.248,0.601
50500,0.149,0.252,0.599
50600,0.139,0.252,0.609
50700,0.148,0.271,0.581
50800,0.139,0.270,0.591
50900,0.139,0.271,0.590
51000,0.139,0.267,0.594
51100,0.133,0.264,0.604
51200,0.143,0.263,0.594
51300,0.146,0.255,0.599
51400,0.143,0.258,0.599
51500,0.138,0.269,0.593
51600,0.141,0.258,0.601
51700,0.140,0.252,0.608
51800,0.138,0.253,0.609
51900,0.136,0.253,0.611
52000,0.136,0.263,0.602
52100,0.136,0.256,0.608
52200,0.131,0.271,0.599
52300,0.125,0.259,0.616
52400,0.129,0.284,0.587
52500,0.133,0.282,0.585
52600,0.136,0.279,0.585
52700,0.136,0.274,0.590
52800,0.142,0.273,0.585
52900,0.135,0.275,0.590
53000,0.138,0.269,0.593
53100,0.139,0.273,0.588
53200,0.126,0.267,0.608
53300,0.115,0.259,0.625
53400,0.127,0.266,0.608
53500,0.126,0.270,0.605
53600,0.128,0.276,0.597
53700,0.124,0.276,0.601
53800,0.120,0.287,0.593
53900,0.117,0.298,0.584
54000,0.106,0.304,0.589
54100,0.101,0.299,0.600
54200,0.099,0.297,0.604
54300,0.101,0.303,0.596
54400,0.098,0.308,0.593
54500,0.099,0.304,0.597
54600,0.107,0.301,0.591
54700,0.106,0.298,0.596
54800,0.109,0.299,0.591
54900,0.109,0.314,0.577
55000,0.118,0.312,0.570
55100,0.121,0.317,0.563
55200,0.123,0.317,0.561
55300,0.126,0.312,0.563
55400,0.116,0.320,0.564
55500,0.107,0.331,0.562
55600,0.103,0.331,0.566
55700,0.095,0.329,0.576
55800,0.099,0.326,0.575
55900,0.106,0.319,0.575
56000,0.099,0.321,0.580
56100,0.099,0.324,0.577
56200,0.104,0.321,0.575
56300,0.113,0.307,0.579
56400,0.116,0.301,0.582
56500,0.112,0.296,0.591
56600,0.115,0.297,0.587
56700,0.118,0.296,0.585
56800,0.120,0.301,0.579
56900,0.127,0.296,0.577
57000,0.130,0.282,0.588
57100,0.131,0.282,0.587
57200,0.128,0.281,0.591
57300,0.115,0.282,0.603
57400,0.109,0.278,0.613
57500,0.111,0.284,0.605
57600,0.117,0.287,0.596
57700,0.124,0.279,0.598
57800,0.128,0.278,0.594
57900,0.130,0.279,0.591
58000,0.131,0.275,0.594
58100,0.133,0.269,0.599
58200,0.131,0.254,0.615
58300,0.126,0.259,0.615
58400,0.124,0.259,0.617
58500,0.128,0.265,0.608
58600,0.125,0.255,0.620
58700,0.131,0.246,0.623
58800,0.126,0.243,0.631
58900,0.130,0.252,0.618
59000,0.130,0.263,0.608
59100,0.142,0.256,0.602
59200,0.143,0.258,0.599
59300,0.136,0.265,0.600
59400,0.141,0.263,0.597
59500,0.134,0.266,0.601
59600,0.127,0.275,0.599
59700,0.120,0.263,0.618
59800,0.131,0.277,0.592
59900,0.136,0.274,0.590
60000,0.133,0.273,0.594
60100,0.134,0.273,0.593
60200,0.139,0.268,0.593
60300,0.144,0.276,0.580
60400,0.148,0.272,0.580
60500,0.151,0.279,0.570
60600,0.156,0.271,0.573
60700,0.163,0.283,0.554
60800,0.154,0.284,0.562
60900,0.158,0.275,0.567
61000,0.148,0.276,0.576
61100,0.150,0.282,0.568
61200,0.153,0.273,0.574
61300,0.149,0.264,0.587
61400,0.156,0.269,0.575
61500,0.149,0.272,0.579
61600,0.154,0.271,0.575
61700,0.155,0.269,0.576
61800,0.155,0.268,0.577
61900,0.159,0.266,0.575
62000,0.152,0.270,0.578
62100,0.152,0.274,0.574
62200,0.149,0.268,0.583
62300,0.148,0.271,0.581
62400,0.144,0.271,0.585
62500,0.148,0.265,0.587
62600,0.148,0.273,0.579
62700,0.144,0.277,0.579
62800,0.144,0.271,0.585
62900,0.147,0.266,0.587
63000,0.146,0.267,0.587
63100,0.150,0.274,0.576
63200,0.148,0.274,0.578
63300,0.156,0.280,0.564
63400,0.155,0.270,0.575
63500,0.156,0.267,0.577
63600,0.157,0.264,0.579
63700,0.157,0.259,0.583
63800,0.156,0.256,0.587
63900,0.161,0.252,0.586
64000,0.161,0.263,0.576
64100,0.156,0.261,0.582
64200,0.156,0.270,0.574
64300,0.153,0.272,0.575
64400,0.154,0.271,0.575
64500,0.158,0.278,0.564
64600,0.153,0.276,0.571
64700,0.146,0.266,0.588
64800,0.146,0.275,0.579
64900,0.144,0.271,0.585
65000,0.149,0.275,0.576
65100,0.153,0.275,0.572
65200,0.150,0.276,0.574
65300,0.156,0.284,0.560
65400,0.154,0.281,0.565
65500,0.160,0.281,0.559
65600,0.159,0.280,0.561
65700,0.149,0.270,0.581
65800,0.149,0.274,0.577
65900,0.146,0.269,0.585
66000,0.141,0.268,0.591
66100,0.155,0.264,0.581
66200,0.174,0.257,0.569
66300,0.174,0.266,0.561
66400,0.175,0.265,0.561
66500,0.175,0.267,0.559
66600,0.174,0.255,0.571
66700,0.169,0.259,0.572
66800,0.171,0.264,0.566
66900,0.168,0.266,0.567
67000,0.169,0.267,0.565
67100,0.168,0.265,0.568
67200,0.160,0.261,0.578
67300,0.159,0.258,0.582
67400,0.157,0.257,0.585
67500,0.152,0.256,0.591
67600,0.156,0.255,0.588
67700,0.156,0.253,0.590
67800,0.159,0.257,0.583
67900,0.151,0.245,0.604
68000,0.151,0.243,0.606
68100,0.140,0.240,0.620
68200,0.143,0.249,0.608
68300,0.136,0.259,0.605
68400,0.140,0.259,0.601
68500,0.136,0.258,0.606
68600,0.135,0.258,0.607
68700,0.132,0.258,0.610
68800,0.142,0.261,0.597
68900,0.145,0.260,0.594
69000,0.132,0.259,0.609
69100,0.140,0.265,0.596
69200,0.139,0.266,0.596
69300,0.138,0.263,0.600
69400,0.137,0.266,0.598
69500,0.135,0.278,0.587
69600,0.131,0.260,0.609
69700,0.139,0.264,0.598
69800,0.139,0.268,0.593
69900,0.141,0.266,0.593
70000,0.137,0.271,0.592
70100,0.141,0.276,0.583
70200,0.142,0.282,0.576
70300,0.138,0.281,0.581
70400,0.136,0.277,0.587
70500,0.141,0.272,0.587
70600,0.145,0.275,0.580
70700,0.140,0.279,0.581
70800,0.142,0.271,0.587
70900,0.138,0.278,0.584
71000,0.136,0.277,0.587
71100,0.136,0.275,0.589
71200,0.135,0.272,0.593
71300,0.135,0.265,0.601
71400,0.139,0.261,0.600
71500,0.144,0.261,0.594
71600,0.148,0.252,0.600
71700,0.138,0.259,0.603
71800,0.142,0.261,0.597
71900,0.149,0.253,0.598
72000,0.148,0.254,0.598
72100,0.152,0.255,0.592
72200,0.154,0.253,0.592
72300,0.161,0.253,0.585
72400,0.160,0.252,0.587
72500,0.159,0.249,0.591
72600,0.157,0.247,0.596
72700,0.156,0.250,0.593
72800,0.168,0.247,0.585
72900,0.172,0.245,0.583
73000,0.180,0.245,0.575
73100,0.178,0.251,0.571
73200,0.171,0.250,0.579
73300,0.164,0.253,0.582
73400,0.158,0.253,0.588
73500,0.153,0.252,0.594
73600,0.140,0.251,0.609
73700,0.137,0.255,0.608
73800,0.138,0.260,0.602
73900,0.142,0.257,0.601
74000,0.134,0.252,0.614
74100,0.127,0.253,0.620
74200,0.131,0.259,0.610
74300,0.140,0.257,0.603
74400,0.142,0.276,0.582
74500,0.146,0.276,0.578
74600,0.144,0.266,0.590
74700,0.145,0.261,0.593
74800,0.148,0.263,0.589
74900,0.150,0.259,0.590
75000,0.162,0.263,0.575
75100,0.158,0.263,0.579
75200,0.158,0.256,0.585
75300,0.153,0.268,0.579
75400,0.144,0.260,0.596
75500,0.163,0.266,0.571
75600,0.178,0.266,0.557
75700,0.188,0.258,0.554
75800,0.192,0.260,0.547
75900,0.194,0.256,0.550
76000,0.192,0.244,0.564
76100,0.189,0.249,0.562
76200,0.192,0.251,0.557
76300,0.187,0.249,0.564
76400,0.186,0.247,0.567
76500,0.195,0.250,0.555
76600,0.191,0.244,0.565
76700,0.189,0.246,0.565
76800,0.188,0.244,0.568
76900,0.182,0.247,0.571
77000,0.183,0.250,0.567
77100,0.184,0.251,0.565
77200,0.182,0.246,0.572
77300,0.191,0.240,0.569
77400,0.182,0.243,0.575
77500,0.182,0.241,0.577
77600,0.179,0.240,0.581
77700,0.178,0.240,0.582
77800,0.166,0.242,0.591
77900,0.173,0.250,0.577
78000,0.159,0.252,0.588
78100,0.156,0.248,0.596
78200,0.154,0.250,0.596
78300,0.160,0.252,0.587
78400,0.160,0.260,0.579
78500,0.165,0.258,0.576
78600,0.177,0.254,0.569
78700,0.173,0.248,0.579
78800,0.171,0.250,0.579
78900,0.180,0.251,0.569
79000,0.181,0.251,0.568
79100,0.170,0.245,0.585
79200,0.172,0.236,0.592
79300,0.173,0.229,0.599
79400,0.178,0.226,0.597
79500,0.170,0.224,0.607
79600,0.178,0.218,0.605
79700,0.184,0.219,0.598
79800,0.183,0.218,0.600
79900,0.170,0.217,0.614
80000,0.179,0.216,0.606
80100,0.192,0.213,0.594
80200,0.194,0.219,0.587
80300,0.194,0.220,0.586
80400,0.195,0.216,0.589
80500,0.190,0.220,0.590
80600,0.195,0.224,0.581
80700,0.196,0.234,0.570
80800,0.194,0.226,0.580
80900,0.194,0.230,0.576
81000,0.196,0.234,0.570
81100,0.180,0.230,0.590
81200,0.179,0.235,0.586
81300,0.173,0.236,0.591
81400,0.175,0.238,0.587
81500,0.183,0.234,0.583
81600,0.183,0.235,0.582
81700,0.177,0.249,0.574
81800,0.186,0.246,0.568
81900,0.194,0.251,0.555
82000,0.182,0.241,0.577
82100,0.179,0.234,0.587
82200,0.183,0.238,0.579
82300,0.194,0.241,0.565
82400,0.205,0.241,0.554
82500,0.200,0.238,0.562
82600,0.197,0.240,0.563
82700,0.190,0.240,0.570
82800,0.200,0.234,0.566
82900,0.213,0.231,0.556
83000,0.208,0.234,0.558
83100,0.209,0.224,0.567
83200,0.205,0.222,0.573
83300,0.203,0.223,0.574
83400,0.199,0.219,0.582
83500,0.205,0.221,0.574
83600,0.200,0.217,0.583
83700,0.201,0.222,0.577
83800,0.222,0.220,0.559
83900,0.223,0.223,0.555
84000,0.225,0.225,0.551
84100,0.224,0.217,0.560
84200,0.229,0.209,0.562
84300,0.235,0.213,0.552
84400,0.235,0.209,0.556
84500,0.230,0.206,0.564
84600,0.237,0.208,0.555
84700,0.229,0.210,0.561
84800,0.220,0.223,0.558
84900,0.197,0.222,0.581
85000,0.196,0.223,0.581
85100,0.188,0.215,0.598
85200,0.188,0.198,0.614
85300,0.192,0.203,0.605
85400,0.187,0.201,0.612
85500,0.196,0.203,0.601
85600,0.197,0.207,0.596
85700,0.215,0.215,0.571
85800,0.212,0.213,0.574
85900,0.215,0.221,0.565
86000,0.203,0.223,0.574
86100,0.200,0.221,0.579
86200,0.203,0.217,0.580
86300,0.201,0.228,0.571
86400,0.197,0.225,0.578
86500,0.193,0.225,0.582
86600,0.190,0.222,0.588
86700,0.189,0.223,0.588
86800,0.179,0.222,0.600
86900,0.184,0.230,0.586
87000,0.183,0.222,0.596
87100,0.181,0.219,0.601
87200,0.189,0.215,0.597
87300,0.178,0.206,0.616
87400,0.166,0.207,0.626
87500,0.172,0.218,0.611
87600,0.163,0.210,0.626
87700,0.155,0.226,0.619
87800,0.168,0.218,0.615
87900,0.170,0.218,0.613
88000,0.168,0.218,0.615
88100,0.173,0.212,0.615
88200,0.175,0.220,0.606
88300,0.188,0.223,0.589
88400,0.188,0.217,0.596
88500,0.191,0.216,0.593
88600,0.208,0.217,0.575
88700,0.202,0.220,0.578
88800,0.206,0.218,0.576
88900,0.210,0.219,0.571
89000,0.203,0.224,0.573
89100,0.187,0.227,0.586
89200,0.181,0.220,0.600
89300,0.184,0.221,0.596
89400,0.178,0.229,0.593
89500,0.178,0.232,0.590
89600,0.179,0.217,0.605
89700,0.170,0.209,0.621
89800,0.176,0.211,0.613
89900,0.175,0.211,0.614
90000,0.190,0.216,0.594
90100,0.186,0.227,0.587
90200,0.176,0.229,0.596
90300,0.178,0.236,0.586
90400,0.171,0.236,0.593
90500,0.170,0.242,0.588
90600,0.168,0.244,0.588
90700,0.159,0.248,0.592
90800,0.166,0.246,0.587
90900,0.169,0.241,0.590
91000,0.170,0.243,0.587
91100,0.151,0.251,0.598
91200,0.153,0.260,0.586
91300,0.157,0.261,0.581
91400,0.156,0.251,0.592
91500,0.166,0.256,0.577
91600,0.159,0.256,0.584
91700,0.153,0.260,0.586
91800,0.163,0.257,0.579
91900,0.164,0.250,0.585
92000,0.166,0.242,0.591
92100,0.163,0.248,0.588
92200,0.163,0.239,0.598
92300,0.171,0.238,0.591
92400,0.179,0.237,0.584
92500,0.183,0.241,0.576
92600,0.182,0.245,0.573
92700,0.172,0.244,0.584
92800,0.177,0.242,0.581
92900,0.180,0.239,0.581
93000,0.182,0.234,0.584
93100,0.185,0.225,0.590
93200,0.191,0.223,0.586
93300,0.192,0.223,0.585
93400,0.170,0.228,0.603
93500,0.172,0.236,0.592
93600,0.162,0.241,0.597
93700,0.166,0.242,0.591
93800,0.164,0.239,0.597
93900,0.175,0.248,0.577
94000,0.169,0.243,0.588
94100,0.174,0.248,0.578
94200,0.170,0.254,0.576
94300,0.169,0.246,0.585
94400,0.168,0.244,0.588
94500,0.165,0.250,0.584
94600,0.163,0.250,0.586
94700,0.161,0.248,0.590
94800,0.161,0.245,0.593
94900,0.168,0.242,0.590
95000,0.166,0.243,0.590
95100,0.168,0.243,0.589
95200,0.179,0.242,0.579
95300,0.173,0.246,0.581
95400,0.180,0.242,0.578
95500,0.182,0.240,0.578
95600,0.177,0.243,0.580
95700,0.190,0.243,0.567
95800,0.191,0.238,0.571
95900,0.181,0.239,0.580
96000,0.171,0.236,0.593
96100,0.172,0.234,0.594
96200,0.184,0.237,0.579
96300,0.191,0.235,0.574
96400,0.187,0.231,0.582
96500,0.192,0.231,0.577
96600,0.193,0.230,0.577
96700,0.189,0.235,0.576
96800,0.184,0.232,0.584
96900,0.179,0.241,0.580
97000,0.174,0.240,0.586
97100,0.171,0.235,0.594
97200,0.168,0.243,0.589
97300,0.170,0.240,0.590
97400,0.169,0.244,0.587
97500,0.190,0.243,0.567
97600,0.179,0.236,0.585
97700,0.179,0.244,0.577
97800,0.195,0.234,0.571
97900,0.175,0.234,0.591
98000,0.169,0.236,0.596
98100,0.160,0.232,0.608
98200,0.161,0.225,0.614
98300,0.160,0.222,0.618
98400,0.161,0.227,0.612
98500,0.166,0.223,0.611
98600,0.188,0.221,0.591
98700,0.184,0.222,0.594
98800,0.186,0.224,0.590
98900,0.186,0.223,0.591
99000,0.192,0.215,0.593
99100,0.197,0.220,0.583
99200,0.188,0.229,0.583
99300,0.186,0.230,0.584
99400,0.194,0.229,0.577
99500,0.201,0.230,0.569
99600,0.192,0.220,0.588
99700,0.186,0.211,0.603
99800,0.186,0.216,0.599
99900,0.190,0.213,0.597
100000,0.193,0.218,0.589
