time,n_A+p,n_B,n_AB
100,0.022,0.978,0.000
200,0.022,0.967,0.011
300,0.022,0.967,0.011
400,0.022,0.957,0.022
500,0.022,0.935,0.043
600,0.033,0.913,0.054
700,0.022,0.870,0.109
800,0.022,0.880,0.098
900,0.022,0.870,0.109
1000,0.033,0.783,0.185
1100,0.022,0.783,0.196
1200,0.033,0.837,0.130
1300,0.054,0.804,0.141
1400,0.033,0.750,0.217
1500,0.043,0.783,0.174
1600,0.043,0.772,0.185
1700,0.043,0.761,0.196
1800,0.043,0.772,0.185
1900,0.043,0.750,0.207
2000,0.033,0.772,0.196
2100,0.087,0.728,0.185
2200,0.098,0.620,0.283
2300,0.076,0.630,0.293
2400,0.109,0.630,0.261
2500,0.076,0.663,0.261
2600,0.043,0.728,0.228
2700,0.054,0.750,0.196
2800,0.065,0.750,0.185
2900,0.043,0.815,0.141
3000,0.033,0.826,0.141
3100,0.033,0.826,0.141
3200,0.022,0.837,0.141
3300,0.022,0.859,0.120
3400,0.022,0.902,0.076
3500,0.022,0.859,0.120
3600,0.033,0.826,0.141
3700,0.043,0.848,0.109
3800,0.043,0.815,0.141
3900,0.022,0.848,0.130
4000,0.022,0.837,0.141
4100,0.054,0.772,0.174
4200,0.043,0.761,0.196
4300,0.054,0.783,0.163
4400,0.076,0.674,0.250
4500,0.098,0.609,0.293
4600,0.109,0.674,0.217
4700,0.109,0.696,0.196
4800,0.098,0.609,0.293
4900,0.098,0.663,0.239
5000,0.043,0.717,0.239
5100,0.043,0.739,0.217
5200,0.087,0.728,0.185
5300,0.065,0.728,0.207
5400,0.054,0.793,0.152
5500,0.065,0.750,0.185
5600,0.054,0.793,0.152
5700,0.043,0.793,0.163
5800,0.033,0.761,0.207
5900,0.109,0.728,0.163
6000,0.120,0.576,0.304
6100,0.174,0.587,0.239
6200,0.152,0.598,0.250
6300,0.087,0.598,0.315
6400,0.087,0.620,0.293
6500,0.076,0.576,0.348
6600,0.109,0.630,0.261
6700,0.065,0.641,0.293
6800,0.130,0.598,0.272
6900,0.109,0.576,0.315
7000,0.109,0.663,0.228
7100,0.120,0.630,0.250
7200,0.109,0.435,0.457
7300,0.120,0.457,0.424
7400,0.130,0.533,0.337
7500,0.098,0.543,0.359
7600,0.087,0.641,0.272
7700,0.141,0.641,0.217
7800,0.120,0.652,0.228
7900,0.141,0.641,0.217
8000,0.120,0.663,0.217
8100,0.109,0.674,0.217
8200,0.098,0.674,0.228
8300,0.109,0.663,0.228
8400,0.087,0.620,0.293
8500,0.087,0.652,0.261
8600,0.130,0.641,0.228
8700,0.120,0.674,0.207
8800,0.087,0.641,0.272
8900,0.033,0.717,0.250
9000,0.065,0.783,0.152
9100,0.087,0.761,0.152
9200,0.087,0.663,0.250
9300,0.109,0.576,0.315
9400,0.120,0.543,0.337
9500,0.120,0.587,0.293
9600,0.098,0.500,0.402
9700,0.174,0.565,0.261
9800,0.163,0.511,0.326
9900,0.163,0.435,0.402
10000,0.239,0.348,0.413
10100,0.272,0.348,0.380
10200,0.250,0.293,0.457
10300,0.174,0.424,0.402
10400,0.185,0.435,0.380
10500,0.152,0.478,0.370
10600,0.196,0.446,0.359
10700,0.163,0.413,0.424
10800,0.228,0.359,0.413
10900,0.228,0.413,0.359
11000,0.250,0.424,0.326
11100,0.174,0.370,0.457
11200,0.217,0.370,0.413
11300,0.272,0.293,0.435
11400,0.250,0.315,0.435
11500,0.228,0.348,0.424
11600,0.207,0.391,0.402
11700,0.163,0.467,0.370
11800,0.120,0.478,0.402
11900,0.120,0.565,0.315
12000,0.109,0.511,0.380
12100,0.120,0.663,0.217
12200,0.087,0.685,0.228
12300,0.065,0.696,0.239
12400,0.065,0.739,0.196
12500,0.054,0.750,0.196
12600,0.054,0.815,0.130
12700,0.054,0.739,0.207
12800,0.065,0.696,0.239
12900,0.087,0.652,0.261
13000,0.120,0.728,0.152
13100,0.087,0.674,0.239
13200,0.043,0.739,0.217
13300,0.043,0.728,0.228
13400,0.043,0.707,0.250
13500,0.033,0.750,0.217
13600,0.043,0.728,0.228
13700,0.043,0.826,0.130
13800,0.043,0.772,0.185
13900,0.054,0.826,0.120
14000,0.076,0.793,0.130
14100,0.033,0.761,0.207
14200,0.022,0.837,0.141
14300,0.022,0.859,0.120
14400,0.033,0.870,0.098
14500,0.033,0.891,0.076
14600,0.043,0.870,0.087
14700,0.022,0.880,0.098
14800,0.022,0.902,0.076
14900,0.022,0.870,0.109
15000,0.022,0.837,0.141
15100,0.022,0.815,0.163
15200,0.022,0.837,0.141
15300,0.022,0.870,0.109
15400,0.022,0.880,0.098
15500,0.022,0.859,0.120
15600,0.022,0.924,0.054
15700,0.022,0.902,0.076
15800,0.022,0.935,0.043
15900,0.043,0.913,0.043
16000,0.033,0.815,0.152
16100,0.043,0.870,0.087
16200,0.033,0.870,0.098
16300,0.054,0.880,0.065
16400,0.087,0.859,0.054
16500,0.054,0.815,0.130
16600,0.043,0.772,0.185
16700,0.043,0.761,0.196
16800,0.033,0.739,0.228
16900,0.054,0.750,0.196
17000,0.109,0.652,0.239
17100,0.087,0.620,0.293
17200,0.109,0.641,0.250
17300,0.065,0.685,0.250
17400,0.065,0.804,0.130
17500,0.054,0.804,0.141
17600,0.054,0.717,0.228
17700,0.076,0.663,0.261
17800,0.065,0.652,0.283
17900,0.065,0.674,0.261
18000,0.076,0.598,0.326
18100,0.109,0.500,0.391
18200,0.120,0.554,0.326
18300,0.163,0.543,0.293
18400,0.185,0.478,0.337
18500,0.228,0.326,0.446
18600,0.272,0.326,0.402
18700,0.283,0.315,0.402
18800,0.326,0.272,0.402
18900,0.337,0.293,0.370
19000,0.293,0.326,0.380
19100,0.370,0.228,0.402
19200,0.402,0.228,0.370
19300,0.315,0.163,0.522
19400,0.326,0.196,0.478
19500,0.315,0.217,0.467
19600,0.283,0.196,0.522
19700,0.239,0.380,0.380
19800,0.185,0.435,0.380
19900,0.163,0.391,0.446
20000,0.250,0.478,0.272
20100,0.261,0.435,0.304
20200,0.315,0.380,0.304
20300,0.217,0.424,0.359
20400,0.185,0.391,0.424
20500,0.163,0.413,0.424
20600,0.174,0.457,0.370
20700,0.250,0.435,0.315
20800,0.217,0.359,0.424
20900,0.207,0.391,0.402
21000,0.174,0.500,0.326
21100,0.185,0.478,0.337
21200,0.141,0.500,0.359
21300,0.163,0.533,0.304
21400,0.130,0.543,0.326
21500,0.141,0.522,0.337
21600,0.152,0.511,0.337
21700,0.120,0.554,0.326
21800,0.130,0.565,0.304
21900,0.174,0.598,0.228
22000,0.152,0.598,0.250
22100,0.141,0.598,0.261
22200,0.109,0.500,0.391
22300,0.076,0.457,0.467
22400,0.098,0.511,0.391
22500,0.174,0.478,0.348
22600,0.130,0.446,0.424
22700,0.152,0.500,0.348
22800,0.141,0.424,0.435
22900,0.239,0.293,0.467
23000,0.370,0.293,0.337
23100,0.315,0.326,0.359
23200,0.196,0.315,0.489
23300,0.304,0.250,0.446
23400,0.293,0.304,0.402
23500,0.293,0.304,0.402
23600,0.359,0.261,0.380
23700,0.478,0.174,0.348
23800,0.522,0.163,0.315
23900,0.511,0.174,0.315
24000,0.500,0.152,0.348
24100,0.457,0.174,0.370
24200,0.467,0.185,0.348
24300,0.457,0.174,0.370
24400,0.511,0.174,0.315
24500,0.554,0.152,0.293
24600,0.620,0.141,0.239
24700,0.598,0.087,0.315
24800,0.554,0.087,0.359
24900,0.543,0.141,0.315
25000,0.620,0.141,0.239
25100,0.685,0.098,0.217
25200,0.674,0.076,0.250
25300,0.663,0.087,0.250
25400,0.630,0.087,0.283
25500,0.663,0.076,0.261
25600,0.761,0.054,0.185
25700,0.804,0.022,0.174
25800,0.815,0.000,0.185
25900,0.859,0.000,0.141
26000,0.880,0.000,0.120
26100,0.891,0.000,0.109
26200,0.913,0.000,0.087
26300,0.935,0.000,0.065
26400,0.967,0.000,0.033
26500,0.978,0.000,0.022
26600,0.989,0.000,0.011
26700,1.000,0.000,0.000
