time,n_A+p,n_B,n_AB
500,0.080,0.576,0.344
1000,0.080,0.216,0.704
1500,0.095,0.111,0.794
2000,0.269,0.015,0.716
2500,0.667,0.000,0.333
3000,0.832,0.000,0.168
3500,0.837,0.000,0.163
4000,0.856,0.000,0.144
4500,0.902,0.000,0.098
5000,0.908,0.000,0.092
5500,0.932,0.000,0.068
6000,0.938,0.000,0.062
6500,0.979,0.000,0.021
7000,0.967,0.000,0.033
7500,0.938,0.000,0.062
8000,0.950,0.000,0.050
8500,0.964,0.000,0.036
9000,0.966,0.000,0.034
9500,0.979,0.000,0.021
10000,0.980,0.000,0.020
10500,0.981,0.000,0.019
11000,0.999,0.000,0.001
11500,1.000,0.000,0.000
