time,n_A+p,n_B,n_AB
500,0.080,0.668,0.252
1000,0.080,0.550,0.370
1500,0.080,0.348,0.572
2000,0.085,0.298,0.617
2500,0.091,0.255,0.655
3000,0.086,0.305,0.609
3500,0.100,0.241,0.659
4000,0.148,0.131,0.722
4500,0.289,0.057,0.654
5000,0.649,0.007,0.344
5500,0.856,0.001,0.144
6000,0.951,0.000,0.049
6500,0.992,0.000,0.008
7000,1.000,0.000,0.000
7500,1.000,0.000,0.000
