time,n_A+p,n_B,n_AB
100,0.028,0.951,0.021
200,0.028,0.936,0.037
300,0.028,0.924,0.049
400,0.028,0.917,0.055
500,0.028,0.914,0.058
600,0.028,0.896,0.076
700,0.028,0.881,0.092
800,0.034,0.881,0.086
900,0.034,0.881,0.086
1000,0.034,0.893,0.073
1100,0.034,0.887,0.080
1200,0.037,0.896,0.067
1300,0.037,0.881,0.083
1400,0.037,0.847,0.116
1500,0.040,0.856,0.104
1600,0.043,0.844,0.113
1700,0.040,0.865,0.095
1800,0.046,0.841,0.113
1900,0.037,0.820,0.144
2000,0.034,0.823,0.144
2100,0.034,0.810,0.156
2200,0.031,0.798,0.171
2300,0.031,0.792,0.177
2400,0.037,0.777,0.187
2500,0.052,0.761,0.187
2600,0.049,0.752,0.199
2700,0.049,0.746,0.205
2800,0.067,0.719,0.214
2900,0.055,0.734,0.211
3000,0.046,0.731,0.223
3100,0.064,0.746,0.190
3200,0.046,0.765,0.190
3300,0.049,0.761,0.190
3400,0.049,0.761,0.190
3500,0.049,0.777,0.174
3600,0.046,0.768,0.187
3700,0.040,0.771,0.190
3800,0.037,0.768,0.196
3900,0.040,0.774,0.187
4000,0.052,0.765,0.183
4100,0.055,0.737,0.208
4200,0.076,0.725,0.199
4300,0.058,0.688,0.254
4400,0.049,0.722,0.229
4500,0.049,0.697,0.254
4600,0.055,0.694,0.251
4700,0.061,0.713,0.226
4800,0.073,0.703,0.223
4900,0.073,0.709,0.217
5000,0.070,0.688,0.242
5100,0.055,0.679,0.266
5200,0.055,0.670,0.275
5300,0.052,0.700,0.248
5400,0.058,0.667,0.275
5500,0.052,0.673,0.275
5600,0.052,0.667,0.281
5700,0.058,0.633,0.309
5800,0.055,0.642,0.303
5900,0.070,0.633,0.297
6000,0.064,0.651,0.284
6100,0.064,0.682,0.254
6200,0.086,0.627,0.287
6300,0.089,0.609,0.303
6400,0.089,0.609,0.303
6500,0.070,0.612,0.318
6600,0.055,0.596,0.349
6700,0.058,0.624,0.318
6800,0.073,0.651,0.275
6900,0.076,0.630,0.294
7000,0.092,0.621,0.287
7100,0.073,0.618,0.309
7200,0.073,0.587,0.339
7300,0.073,0.587,0.339
7400,0.083,0.618,0.300
7500,0.098,0.627,0.275
7600,0.089,0.599,0.312
7700,0.086,0.618,0.297
7800,0.076,0.618,0.306
7900,0.086,0.627,0.287
8000,0.086,0.612,0.303
8100,0.083,0.624,0.294
8200,0.073,0.602,0.324
8300,0.080,0.560,0.361
8400,0.070,0.544,0.385
8500,0.092,0.557,0.352
8600,0.098,0.581,0.321
8700,0.110,0.599,0.291
8800,0.107,0.606,0.287
8900,0.095,0.606,0.300
9000,0.095,0.609,0.297
9100,0.089,0.609,0.303
9200,0.086,0.587,0.327
9300,0.086,0.602,0.312
9400,0.101,0.618,0.281
9500,0.122,0.578,0.300
9600,0.141,0.572,0.287
9700,0.135,0.554,0.312
9800,0.131,0.544,0.324
9900,0.125,0.538,0.336
10000,0.150,0.535,0.315
10100,0.156,0.514,0.330
10200,0.156,0.489,0.355
10300,0.150,0.465,0.385
10400,0.131,0.477,0.391
10500,0.141,0.459,0.401
10600,0.159,0.459,0.382
10700,0.171,0.505,0.324
10800,0.150,0.508,0.343
10900,0.135,0.526,0.339
11000,0.147,0.508,0.346
11100,0.138,0.440,0.422
11200,0.128,0.465,0.407
11300,0.141,0.483,0.376
11400,0.147,0.486,0.367
11500,0.144,0.498,0.358
11600,0.135,0.492,0.373
11700,0.131,0.523,0.346
11800,0.128,0.541,0.330
11900,0.128,0.532,0.339
12000,0.104,0.541,0.355
12100,0.107,0.541,0.352
12200,0.107,0.505,0.388
12300,0.116,0.492,0.391
12400,0.156,0.508,0.336
12500,0.131,0.535,0.333
12600,0.131,0.520,0.349
12700,0.141,0.535,0.324
12800,0.138,0.554,0.309
12900,0.144,0.560,0.297
13000,0.147,0.492,0.361
13100,0.153,0.529,0.318
13200,0.156,0.502,0.343
13300,0.153,0.483,0.364
13400,0.138,0.505,0.358
13500,0.141,0.495,0.364
13600,0.144,0.505,0.352
13700,0.156,0.486,0.358
13800,0.138,0.456,0.407
13900,0.171,0.413,0.416
14000,0.165,0.394,0.440
14100,0.153,0.358,0.489
14200,0.162,0.355,0.483
14300,0.187,0.367,0.446
14400,0.187,0.361,0.453
14500,0.205,0.333,0.462
14600,0.174,0.349,0.477
14700,0.190,0.343,0.468
14800,0.174,0.327,0.498
14900,0.162,0.349,0.489
15000,0.177,0.339,0.483
15100,0.208,0.367,0.425
15200,0.190,0.361,0.450
15300,0.174,0.336,0.489
15400,0.190,0.349,0.462
15500,0.199,0.349,0.453
15600,0.211,0.352,0.437
15700,0.177,0.367,0.456
15800,0.190,0.346,0.465
15900,0.193,0.336,0.471
16000,0.205,0.358,0.437
16100,0.229,0.364,0.407
16200,0.214,0.361,0.425
16300,0.217,0.358,0.425
16400,0.208,0.312,0.480
16500,0.226,0.284,0.489
16600,0.223,0.278,0.498
16700,0.242,0.275,0.483
16800,0.251,0.266,0.483
16900,0.266,0.275,0.459
17000,0.272,0.287,0.440
17100,0.242,0.284,0.474
17200,0.260,0.284,0.456
17300,0.272,0.284,0.443
17400,0.284,0.266,0.450
17500,0.291,0.275,0.434
17600,0.312,0.272,0.416
17700,0.327,0.278,0.394
17800,0.358,0.260,0.382
17900,0.361,0.251,0.388
18000,0.355,0.202,0.443
18100,0.336,0.183,0.480
18200,0.352,0.165,0.483
18300,0.324,0.193,0.483
18400,0.355,0.217,0.428
18500,0.346,0.232,0.422
18600,0.297,0.254,0.450
18700,0.281,0.235,0.483
18800,0.272,0.245,0.483
18900,0.291,0.226,0.483
19000,0.306,0.248,0.446
19100,0.315,0.242,0.443
19200,0.297,0.275,0.428
19300,0.291,0.281,0.428
19400,0.309,0.260,0.431
19500,0.294,0.263,0.443
19600,0.309,0.239,0.453
19700,0.321,0.242,0.437
19800,0.349,0.232,0.419
19900,0.324,0.223,0.453
20000,0.300,0.239,0.462
20100,0.358,0.220,0.422
20200,0.336,0.254,0.410
20300,0.330,0.242,0.428
20400,0.312,0.266,0.422
20500,0.346,0.278,0.376
20600,0.367,0.257,0.376
20700,0.339,0.235,0.425
20800,0.318,0.229,0.453
20900,0.318,0.211,0.471
21000,0.309,0.220,0.471
21100,0.324,0.177,0.498
21200,0.309,0.165,0.526
21300,0.364,0.144,0.492
21400,0.370,0.138,0.492
21500,0.373,0.150,0.477
21600,0.388,0.135,0.477
21700,0.401,0.122,0.477
21800,0.413,0.119,0.468
21900,0.434,0.110,0.456
22000,0.446,0.119,0.434
22100,0.450,0.135,0.416
22200,0.465,0.104,0.431
22300,0.480,0.095,0.425
22400,0.498,0.083,0.419
22500,0.514,0.070,0.416
22600,0.514,0.086,0.401
22700,0.544,0.101,0.355
22800,0.529,0.086,0.385
22900,0.523,0.086,0.391
23000,0.526,0.098,0.376
23100,0.526,0.104,0.370
23200,0.538,0.101,0.361
23300,0.511,0.110,0.379
23400,0.489,0.107,0.404
23500,0.498,0.113,0.388
23600,0.514,0.116,0.370
23700,0.517,0.098,0.385
23800,0.532,0.101,0.367
23900,0.511,0.122,0.367
24000,0.569,0.116,0.315
24100,0.541,0.116,0.343
24200,0.529,0.104,0.367
24300,0.554,0.113,0.333
24400,0.581,0.107,0.312
24500,0.590,0.095,0.315
24600,0.615,0.092,0.294
24700,0.599,0.080,0.321
24800,0.569,0.076,0.355
24900,0.544,0.061,0.394
25000,0.612,0.043,0.346
25100,0.639,0.052,0.309
25200,0.651,0.067,0.281
25300,0.657,0.052,0.291
25400,0.685,0.058,0.257
25500,0.691,0.055,0.254
25600,0.691,0.055,0.254
25700,0.676,0.040,0.284
25800,0.691,0.052,0.257
25900,0.706,0.040,0.254
26000,0.719,0.031,0.251
26100,0.725,0.021,0.254
26200,0.719,0.024,0.257
26300,0.731,0.040,0.229
26400,0.734,0.037,0.229
26500,0.734,0.043,0.223
26600,0.716,0.052,0.232
26700,0.719,0.037,0.245
26800,0.725,0.034,0.242
26900,0.706,0.040,0.254
27000,0.719,0.034,0.248
27100,0.706,0.031,0.263
27200,0.737,0.031,0.232
27300,0.740,0.021,0.239
27400,0.774,0.012,0.214
27500,0.749,0.028,0.223
27600,0.737,0.037,0.226
27700,0.749,0.031,0.220
27800,0.749,0.021,0.229
27900,0.761,0.012,0.226
28000,0.758,0.028,0.214
28100,0.761,0.024,0.214
28200,0.786,0.028,0.187
28300,0.765,0.024,0.211
28400,0.755,0.034,0.211
28500,0.734,0.034,0.232
28600,0.737,0.024,0.239
28700,0.746,0.034,0.220
28800,0.737,0.034,0.229
28900,0.749,0.043,0.208
29000,0.746,0.040,0.214
29100,0.752,0.043,0.205
29200,0.746,0.034,0.220
29300,0.728,0.043,0.229
29400,0.734,0.055,0.211
29500,0.728,0.070,0.202
29600,0.725,0.061,0.214
29700,0.719,0.067,0.214
29800,0.719,0.049,0.232
29900,0.694,0.049,0.257
30000,0.697,0.052,0.251
30100,0.703,0.043,0.254
30200,0.709,0.031,0.260
30300,0.706,0.034,0.260
30400,0.691,0.031,0.278
30500,0.694,0.024,0.281
30600,0.700,0.021,0.278
30700,0.688,0.021,0.291
30800,0.685,0.034,0.281
30900,0.685,0.024,0.291
31000,0.694,0.018,0.287
31100,0.713,0.018,0.269
31200,0.731,0.028,0.242
31300,0.765,0.028,0.208
31400,0.780,0.031,0.190
31500,0.774,0.024,0.202
31600,0.771,0.018,0.211
31700,0.725,0.028,0.248
31800,0.749,0.046,0.205
31900,0.765,0.037,0.199
32000,0.752,0.037,0.211
32100,0.771,0.024,0.205
32200,0.765,0.034,0.202
32300,0.783,0.024,0.193
32400,0.771,0.018,0.211
32500,0.789,0.034,0.177
32600,0.798,0.034,0.168
32700,0.792,0.021,0.187
32800,0.786,0.018,0.196
32900,0.783,0.024,0.193
33000,0.774,0.024,0.202
33100,0.804,0.021,0.174
33200,0.807,0.012,0.180
33300,0.807,0.012,0.180
33400,0.826,0.012,0.162
33500,0.832,0.012,0.156
33600,0.826,0.018,0.156
33700,0.804,0.015,0.180
33800,0.804,0.024,0.171
33900,0.780,0.015,0.205
34000,0.765,0.012,0.223
34100,0.755,0.015,0.229
34200,0.783,0.015,0.202
34300,0.798,0.021,0.180
34400,0.804,0.015,0.180
34500,0.801,0.009,0.190
34600,0.813,0.006,0.180
34700,0.835,0.006,0.159
34800,0.832,0.006,0.162
34900,0.847,0.006,0.147
35000,0.856,0.018,0.125
35100,0.847,0.024,0.128
35200,0.847,0.024,0.128
35300,0.829,0.015,0.156
35400,0.826,0.031,0.144
35500,0.826,0.040,0.135
35600,0.832,0.037,0.131
35700,0.841,0.024,0.135
35800,0.850,0.021,0.128
35900,0.862,0.021,0.116
36000,0.881,0.015,0.104
36100,0.862,0.012,0.125
36200,0.859,0.012,0.128
36300,0.853,0.018,0.128
36400,0.869,0.015,0.116
36500,0.878,0.012,0.110
36600,0.869,0.018,0.113
36700,0.872,0.018,0.110
36800,0.872,0.015,0.113
36900,0.884,0.012,0.104
37000,0.902,0.009,0.089
37100,0.905,0.009,0.086
37200,0.905,0.006,0.089
37300,0.899,0.003,0.098
37400,0.905,0.003,0.092
37500,0.878,0.009,0.113
37600,0.850,0.006,0.144
37700,0.884,0.009,0.107
37800,0.878,0.015,0.107
37900,0.887,0.015,0.098
38000,0.905,0.006,0.089
38100,0.905,0.006,0.089
38200,0.902,0.006,0.092
38300,0.905,0.006,0.089
38400,0.899,0.000,0.101
38500,0.899,0.000,0.101
38600,0.905,0.006,0.089
38700,0.890,0.006,0.104
38800,0.899,0.012,0.089
38900,0.905,0.012,0.083
39000,0.908,0.015,0.076
39100,0.893,0.015,0.092
39200,0.896,0.006,0.098
39300,0.887,0.009,0.104
39400,0.884,0.012,0.104
39500,0.884,0.018,0.098
39600,0.887,0.012,0.101
39700,0.887,0.009,0.104
39800,0.875,0.006,0.119
39900,0.853,0.009,0.138
40000,0.865,0.009,0.125
40100,0.881,0.009,0.110
40200,0.893,0.006,0.101
40300,0.884,0.003,0.113
40400,0.890,0.003,0.107
40500,0.890,0.000,0.110
40600,0.899,0.000,0.101
40700,0.902,0.000,0.098
40800,0.893,0.000,0.107
40900,0.884,0.000,0.116
41000,0.875,0.012,0.113
41100,0.872,0.021,0.107
41200,0.859,0.018,0.122
41300,0.865,0.012,0.122
41400,0.869,0.006,0.125
41500,0.862,0.012,0.125
41600,0.865,0.006,0.128
41700,0.875,0.003,0.122
41800,0.878,0.003,0.119
41900,0.887,0.003,0.110
42000,0.887,0.000,0.113
42100,0.887,0.000,0.113
42200,0.890,0.000,0.110
42300,0.899,0.000,0.101
42400,0.911,0.006,0.083
42500,0.920,0.006,0.073
42600,0.936,0.003,0.061
42700,0.936,0.003,0.061
42800,0.945,0.003,0.052
42900,0.948,0.003,0.049
43000,0.933,0.000,0.067
43100,0.948,0.000,0.052
43200,0.948,0.000,0.052
43300,0.939,0.000,0.061
43400,0.942,0.009,0.049
43500,0.939,0.009,0.052
43600,0.920,0.009,0.070
43700,0.924,0.006,0.070
43800,0.920,0.003,0.076
43900,0.905,0.003,0.092
44000,0.924,0.003,0.073
44100,0.933,0.003,0.064
44200,0.936,0.000,0.064
44300,0.945,0.000,0.055
44400,0.954,0.000,0.046
44500,0.954,0.000,0.046
44600,0.963,0.000,0.037
44700,0.972,0.000,0.028
44800,0.972,0.000,0.028
44900,0.985,0.000,0.015
45000,0.988,0.000,0.012
45100,0.988,0.000,0.012
45200,0.988,0.000,0.012
45300,0.991,0.000,0.009
45400,0.994,0.000,0.006
45500,0.994,0.000,0.006
45600,0.994,0.000,0.006
45700,0.994,0.000,0.006
45800,0.997,0.000,0.003
45900,0.997,0.000,0.003
46000,0.997,0.000,0.003
46100,0.997,0.000,0.003
46200,0.997,0.000,0.003
46300,0.997,0.000,0.003
46400,0.994,0.000,0.006
46500,0.997,0.000,0.003
46600,0.997,0.000,0.003
46700,0.997,0.000,0.003
46800,0.997,0.000,0.003
46900,0.997,0.000,0.003
47000,0.997,0.000,0.003
47100,0.997,0.000,0.003
47200,1.000,0.000,0.000
