time,n_A+p,n_B,n_AB
500,0.080,0.683,0.237
1000,0.082,0.584,0.334
1500,0.081,0.446,0.473
2000,0.081,0.444,0.475
2500,0.084,0.407,0.509
3000,0.094,0.380,0.526
3500,0.099,0.333,0.568
4000,0.108,0.298,0.594
4500,0.113,0.280,0.607
5000,0.179,0.170,0.651
5500,0.300,0.091,0.609
6000,0.419,0.046,0.535
6500,0.614,0.006,0.380
7000,0.799,0.001,0.200
7500,0.856,0.000,0.144
8000,0.898,0.000,0.102
8500,0.932,0.000,0.068
9000,0.964,0.000,0.036
9500,0.975,0.000,0.025
10000,0.984,0.000,0.016
10500,0.994,0.000,0.006
11000,0.998,0.000,0.002
11500,0.999,0.000,0.001
12000,0.991,0.000,0.009
12500,0.981,0.000,0.019
13000,0.993,0.000,0.007
13500,1.000,0.000,0.000
