time,n_A+p,n_B,n_AB
500,0.080,0.789,0.131
1000,0.080,0.650,0.270
1500,0.080,0.454,0.466
2000,0.084,0.326,0.591
2500,0.085,0.231,0.684
3000,0.090,0.151,0.758
3500,0.118,0.124,0.758
4000,0.141,0.084,0.776
4500,0.157,0.077,0.766
5000,0.187,0.054,0.758
5500,0.204,0.038,0.757
6000,0.209,0.022,0.769
6500,0.240,0.028,0.732
7000,0.246,0.029,0.725
7500,0.270,0.025,0.705
8000,0.257,0.018,0.726
8500,0.273,0.013,0.715
9000,0.266,0.017,0.717
9500,0.244,0.023,0.733
10000,0.231,0.025,0.745
10500,0.218,0.017,0.764
11000,0.242,0.029,0.729
11500,0.250,0.012,0.738
12000,0.278,0.013,0.709
12500,0.288,0.007,0.705
13000,0.280,0.014,0.706
13500,0.273,0.018,0.710
14000,0.294,0.011,0.695
14500,0.281,0.018,0.702
15000,0.290,0.013,0.697
15500,0.277,0.007,0.716
16000,0.283,0.015,0.702
16500,0.303,0.012,0.685
17000,0.268,0.016,0.716
17500,0.257,0.019,0.724
18000,0.233,0.024,0.743
18500,0.227,0.024,0.750
19000,0.233,0.028,0.739
19500,0.240,0.025,0.735
20000,0.244,0.015,0.740
20500,0.256,0.019,0.725
21000,0.258,0.023,0.719
21500,0.267,0.018,0.716
22000,0.281,0.022,0.697
22500,0.268,0.015,0.717
23000,0.268,0.015,0.718
23500,0.244,0.019,0.737
24000,0.231,0.035,0.734
24500,0.227,0.027,0.746
25000,0.272,0.021,0.707
25500,0.266,0.017,0.717
26000,0.271,0.019,0.710
26500,0.261,0.018,0.721
27000,0.268,0.009,0.724
27500,0.277,0.010,0.714
28000,0.296,0.010,0.694
28500,0.289,0.017,0.694
29000,0.283,0.015,0.702
29500,0.295,0.015,0.690
30000,0.307,0.015,0.678
30500,0.302,0.009,0.690
31000,0.303,0.011,0.687
31500,0.300,0.011,0.689
32000,0.305,0.009,0.687
32500,0.293,0.008,0.699
33000,0.305,0.018,0.677
33500,0.292,0.015,0.693
34000,0.274,0.019,0.707
34500,0.248,0.009,0.743
35000,0.267,0.013,0.721
35500,0.275,0.017,0.709
36000,0.274,0.022,0.704
36500,0.259,0.021,0.720
37000,0.265,0.012,0.723
37500,0.265,0.016,0.720
38000,0.253,0.017,0.731
38500,0.277,0.021,0.702
39000,0.284,0.014,0.702
39500,0.287,0.012,0.701
40000,0.289,0.012,0.699
40500,0.312,0.008,0.680
41000,0.319,0.013,0.669
41500,0.317,0.011,0.672
42000,0.307,0.013,0.680
42500,0.294,0.006,0.700
43000,0.280,0.006,0.714
43500,0.283,0.011,0.706
44000,0.280,0.018,0.702
44500,0.282,0.014,0.704
45000,0.259,0.035,0.706
45500,0.247,0.025,0.728
46000,0.262,0.021,0.718
46500,0.266,0.013,0.721
47000,0.282,0.009,0.709
47500,0.246,0.019,0.735
48000,0.253,0.027,0.721
48500,0.236,0.024,0.740
49000,0.256,0.015,0.730
49500,0.257,0.019,0.724
50000,0.282,0.018,0.700
50500,0.265,0.015,0.720
51000,0.284,0.010,0.706
51500,0.263,0.025,0.713
52000,0.273,0.029,0.699
52500,0.278,0.022,0.700
53000,0.274,0.026,0.700
53500,0.281,0.021,0.699
54000,0.295,0.011,0.694
54500,0.303,0.006,0.691
55000,0.297,0.007,0.696
55500,0.307,0.007,0.685
56000,0.281,0.010,0.710
56500,0.276,0.017,0.708
57000,0.242,0.016,0.742
57500,0.285,0.015,0.700
58000,0.283,0.011,0.707
58500,0.264,0.009,0.728
59000,0.298,0.006,0.696
59500,0.279,0.010,0.712
60000,0.291,0.013,0.696
60500,0.268,0.015,0.718
61000,0.263,0.011,0.726
61500,0.257,0.009,0.735
62000,0.271,0.029,0.701
62500,0.296,0.015,0.689
63000,0.274,0.013,0.713
63500,0.278,0.012,0.710
64000,0.283,0.024,0.693
64500,0.280,0.015,0.705
65000,0.287,0.015,0.698
65500,0.274,0.017,0.710
66000,0.256,0.015,0.729
66500,0.257,0.017,0.727
67000,0.288,0.010,0.702
67500,0.285,0.013,0.702
68000,0.268,0.017,0.715
68500,0.266,0.018,0.716
69000,0.293,0.021,0.686
69500,0.307,0.013,0.679
70000,0.322,0.007,0.670
70500,0.282,0.014,0.704
71000,0.269,0.010,0.722
71500,0.282,0.011,0.706
72000,0.289,0.009,0.701
72500,0.286,0.011,0.702
73000,0.305,0.009,0.686
73500,0.284,0.006,0.710
74000,0.278,0.009,0.713
74500,0.269,0.015,0.716
75000,0.287,0.017,0.696
75500,0.290,0.004,0.706
76000,0.294,0.011,0.695
76500,0.294,0.017,0.689
77000,0.295,0.008,0.697
77500,0.318,0.013,0.670
78000,0.293,0.010,0.697
78500,0.302,0.013,0.684
79000,0.274,0.015,0.712
79500,0.281,0.021,0.698
80000,0.267,0.011,0.722
80500,0.275,0.018,0.707
81000,0.277,0.019,0.704
81500,0.279,0.017,0.705
82000,0.284,0.011,0.705
82500,0.273,0.015,0.712
83000,0.268,0.014,0.718
83500,0.294,0.015,0.691
84000,0.292,0.022,0.685
84500,0.281,0.019,0.700
85000,0.261,0.012,0.727
85500,0.275,0.015,0.711
86000,0.265,0.015,0.721
86500,0.297,0.010,0.693
87000,0.314,0.009,0.678
87500,0.301,0.006,0.693
88000,0.276,0.019,0.705
88500,0.288,0.015,0.697
89000,0.299,0.005,0.696
89500,0.284,0.010,0.706
90000,0.272,0.028,0.701
90500,0.285,0.017,0.699
91000,0.261,0.009,0.731
91500,0.260,0.020,0.720
92000,0.273,0.017,0.710
92500,0.297,0.006,0.696
93000,0.293,0.011,0.696
93500,0.293,0.018,0.688
94000,0.289,0.009,0.702
94500,0.258,0.020,0.722
95000,0.286,0.015,0.699
95500,0.289,0.016,0.695
96000,0.274,0.018,0.709
96500,0.253,0.021,0.726
97000,0.251,0.018,0.731
97500,0.268,0.011,0.721
98000,0.278,0.008,0.714
98500,0.281,0.009,0.711
99000,0.292,0.013,0.695
99500,0.266,0.018,0.716
100000,0.276,0.008,0.716
100500,0.272,0.021,0.708
101000,0.282,0.013,0.705
101500,0.283,0.009,0.708
102000,0.295,0.006,0.699
102500,0.289,0.007,0.704
103000,0.292,0.009,0.699
103500,0.294,0.008,0.698
104000,0.311,0.013,0.675
104500,0.311,0.011,0.677
105000,0.302,0.007,0.691
105500,0.266,0.009,0.726
106000,0.265,0.011,0.724
106500,0.267,0.020,0.713
107000,0.253,0.013,0.735
107500,0.275,0.017,0.708
108000,0.270,0.006,0.724
108500,0.299,0.005,0.696
109000,0.290,0.007,0.703
109500,0.274,0.021,0.705
110000,0.275,0.016,0.710
110500,0.258,0.011,0.731
111000,0.295,0.015,0.691
111500,0.300,0.018,0.681
112000,0.294,0.009,0.698
112500,0.296,0.006,0.698
113000,0.283,0.008,0.709
113500,0.303,0.016,0.681
114000,0.292,0.015,0.692
114500,0.302,0.006,0.692
115000,0.306,0.008,0.686
115500,0.304,0.018,0.678
116000,0.296,0.011,0.693
116500,0.309,0.018,0.673
117000,0.276,0.016,0.708
117500,0.286,0.013,0.702
118000,0.266,0.004,0.731
118500,0.278,0.009,0.713
119000,0.272,0.011,0.717
119500,0.251,0.013,0.737
120000,0.249,0.011,0.740
120500,0.274,0.011,0.715
121000,0.264,0.011,0.725
121500,0.245,0.011,0.743
122000,0.264,0.013,0.723
122500,0.285,0.011,0.704
123000,0.271,0.016,0.714
123500,0.267,0.009,0.724
124000,0.268,0.011,0.721
124500,0.282,0.015,0.704
125000,0.272,0.024,0.705
125500,0.258,0.020,0.722
126000,0.278,0.018,0.704
126500,0.284,0.019,0.697
127000,0.265,0.018,0.717
127500,0.281,0.014,0.706
128000,0.277,0.009,0.715
128500,0.232,0.012,0.756
129000,0.241,0.017,0.742
129500,0.246,0.025,0.729
130000,0.229,0.029,0.743
130500,0.231,0.027,0.742
131000,0.256,0.018,0.726
131500,0.265,0.015,0.720
132000,0.253,0.010,0.738
132500,0.273,0.013,0.715
133000,0.280,0.015,0.706
133500,0.294,0.014,0.692
134000,0.277,0.025,0.698
134500,0.292,0.011,0.697
135000,0.330,0.004,0.666
135500,0.306,0.009,0.684
136000,0.324,0.015,0.661
136500,0.297,0.009,0.694
137000,0.262,0.017,0.721
137500,0.270,0.021,0.710
138000,0.272,0.015,0.713
138500,0.298,0.017,0.685
139000,0.291,0.007,0.702
139500,0.277,0.007,0.716
140000,0.283,0.011,0.706
140500,0.278,0.011,0.711
141000,0.285,0.010,0.705
141500,0.283,0.009,0.707
142000,0.260,0.016,0.724
142500,0.267,0.011,0.722
143000,0.279,0.011,0.711
143500,0.280,0.011,0.710
144000,0.272,0.019,0.709
144500,0.268,0.025,0.707
145000,0.260,0.016,0.724
145500,0.276,0.009,0.715
146000,0.280,0.015,0.705
146500,0.281,0.017,0.702
147000,0.281,0.019,0.700
147500,0.256,0.033,0.712
148000,0.249,0.017,0.734
148500,0.246,0.015,0.739
149000,0.251,0.017,0.733
149500,0.252,0.017,0.731
150000,0.266,0.019,0.715
150500,0.265,0.018,0.717
151000,0.264,0.013,0.724
151500,0.291,0.006,0.702
152000,0.269,0.012,0.720
152500,0.282,0.021,0.697
153000,0.255,0.024,0.722
153500,0.302,0.015,0.682
154000,0.279,0.019,0.703
154500,0.269,0.022,0.709
155000,0.273,0.019,0.708
155500,0.281,0.020,0.700
156000,0.289,0.010,0.701
156500,0.280,0.013,0.707
157000,0.300,0.011,0.689
157500,0.264,0.007,0.729
158000,0.251,0.013,0.737
158500,0.267,0.020,0.714
159000,0.253,0.019,0.729
159500,0.228,0.033,0.739
160000,0.230,0.019,0.751
160500,0.279,0.022,0.699
161000,0.286,0.022,0.692
161500,0.286,0.013,0.701
162000,0.278,0.011,0.712
162500,0.264,0.005,0.731
163000,0.273,0.014,0.713
163500,0.298,0.015,0.686
164000,0.279,0.015,0.707
164500,0.295,0.006,0.698
165000,0.284,0.013,0.703
165500,0.272,0.015,0.713
166000,0.289,0.013,0.698
166500,0.297,0.011,0.692
167000,0.301,0.016,0.682
167500,0.300,0.019,0.680
168000,0.282,0.021,0.697
168500,0.298,0.009,0.693
169000,0.301,0.009,0.690
169500,0.304,0.008,0.688
170000,0.288,0.021,0.691
170500,0.279,0.013,0.709
171000,0.265,0.029,0.707
171500,0.267,0.017,0.717
172000,0.260,0.015,0.725
172500,0.268,0.017,0.716
173000,0.265,0.011,0.724
173500,0.264,0.009,0.727
174000,0.281,0.007,0.712
174500,0.289,0.018,0.693
175000,0.278,0.012,0.710
175500,0.273,0.020,0.707
176000,0.281,0.026,0.694
176500,0.285,0.021,0.694
177000,0.291,0.019,0.690
177500,0.281,0.013,0.707
178000,0.292,0.013,0.694
178500,0.303,0.009,0.688
179000,0.346,0.011,0.643
179500,0.330,0.012,0.658
180000,0.294,0.006,0.700
180500,0.281,0.015,0.705
181000,0.306,0.024,0.670
181500,0.284,0.018,0.698
182000,0.291,0.021,0.688
182500,0.296,0.015,0.688
183000,0.292,0.010,0.698
183500,0.285,0.015,0.700
184000,0.259,0.013,0.729
184500,0.265,0.018,0.717
185000,0.279,0.014,0.708
185500,0.307,0.012,0.680
186000,0.290,0.018,0.692
186500,0.276,0.017,0.707
187000,0.286,0.015,0.700
187500,0.317,0.012,0.671
188000,0.299,0.011,0.690
188500,0.283,0.010,0.707
189000,0.263,0.009,0.729
189500,0.249,0.013,0.737
190000,0.269,0.018,0.714
190500,0.256,0.013,0.732
191000,0.254,0.017,0.729
191500,0.244,0.022,0.733
192000,0.240,0.016,0.744
192500,0.288,0.015,0.696
193000,0.297,0.016,0.687
193500,0.275,0.011,0.715
194000,0.321,0.009,0.671
194500,0.314,0.006,0.680
195000,0.322,0.011,0.666
195500,0.305,0.015,0.680
196000,0.307,0.016,0.676
196500,0.288,0.017,0.695
197000,0.278,0.023,0.699
197500,0.289,0.025,0.687
198000,0.262,0.025,0.713
198500,0.244,0.032,0.724
199000,0.246,0.030,0.724
199500,0.245,0.024,0.731
200000,0.266,0.012,0.722
200500,0.316,0.011,0.672
201000,0.309,0.009,0.682
201500,0.285,0.016,0.699
202000,0.285,0.018,0.698
202500,0.274,0.024,0.703
203000,0.270,0.017,0.713
203500,0.228,0.022,0.750
204000,0.243,0.029,0.728
204500,0.277,0.021,0.703
205000,0.281,0.016,0.703
205500,0.272,0.013,0.715
206000,0.267,0.018,0.716
206500,0.268,0.028,0.705
207000,0.270,0.019,0.711
207500,0.254,0.015,0.731
208000,0.219,0.031,0.750
208500,0.235,0.015,0.749
209000,0.237,0.019,0.743
209500,0.226,0.018,0.756
210000,0.244,0.033,0.723
210500,0.257,0.022,0.721
211000,0.258,0.025,0.718
211500,0.246,0.025,0.729
212000,0.251,0.017,0.733
212500,0.255,0.020,0.726
213000,0.290,0.015,0.695
213500,0.292,0.016,0.692
214000,0.282,0.015,0.703
214500,0.274,0.018,0.708
215000,0.268,0.014,0.718
215500,0.258,0.019,0.723
216000,0.237,0.021,0.742
216500,0.238,0.025,0.737
217000,0.261,0.025,0.715
217500,0.278,0.019,0.703
218000,0.249,0.013,0.738
218500,0.261,0.018,0.722
219000,0.266,0.011,0.723
219500,0.241,0.023,0.735
220000,0.249,0.028,0.724
220500,0.243,0.015,0.742
221000,0.268,0.011,0.721
221500,0.292,0.017,0.691
222000,0.284,0.029,0.687
222500,0.292,0.018,0.690
223000,0.264,0.017,0.719
223500,0.277,0.015,0.708
224000,0.289,0.015,0.696
224500,0.281,0.013,0.705
225000,0.304,0.005,0.691
225500,0.324,0.015,0.661
226000,0.357,0.017,0.626
226500,0.338,0.011,0.651
227000,0.330,0.009,0.661
227500,0.289,0.010,0.701
228000,0.295,0.017,0.689
228500,0.299,0.011,0.689
229000,0.268,0.007,0.725
229500,0.248,0.012,0.740
230000,0.263,0.015,0.722
230500,0.268,0.009,0.723
231000,0.273,0.011,0.716
231500,0.256,0.016,0.728
232000,0.255,0.019,0.726
232500,0.248,0.008,0.744
233000,0.293,0.021,0.686
233500,0.298,0.015,0.688
234000,0.284,0.015,0.701
234500,0.304,0.009,0.686
235000,0.317,0.011,0.672
235500,0.291,0.019,0.690
236000,0.281,0.024,0.696
236500,0.287,0.025,0.688
237000,0.290,0.019,0.691
237500,0.312,0.021,0.666
238000,0.329,0.007,0.664
238500,0.303,0.013,0.684
239000,0.279,0.020,0.701
239500,0.284,0.013,0.704
240000,0.263,0.012,0.726
240500,0.257,0.022,0.722
241000,0.234,0.026,0.739
241500,0.211,0.025,0.763
242000,0.238,0.017,0.745
242500,0.252,0.013,0.736
243000,0.249,0.016,0.734
243500,0.243,0.037,0.720
244000,0.252,0.024,0.724
244500,0.265,0.018,0.718
245000,0.289,0.017,0.695
245500,0.286,0.018,0.695
246000,0.277,0.010,0.713
246500,0.279,0.013,0.709
247000,0.257,0.009,0.734
247500,0.275,0.017,0.708
248000,0.266,0.010,0.724
248500,0.267,0.018,0.716
249000,0.240,0.024,0.736
249500,0.270,0.021,0.709
250000,0.285,0.013,0.701
250500,0.281,0.018,0.701
251000,0.261,0.017,0.722
251500,0.267,0.018,0.715
252000,0.261,0.018,0.722
252500,0.293,0.018,0.689
253000,0.299,0.012,0.689
253500,0.267,0.009,0.724
254000,0.266,0.021,0.714
254500,0.269,0.015,0.716
255000,0.246,0.017,0.737
255500,0.255,0.033,0.712
256000,0.236,0.028,0.736
256500,0.260,0.025,0.716
257000,0.254,0.025,0.722
257500,0.245,0.027,0.728
258000,0.232,0.017,0.751
258500,0.224,0.034,0.743
259000,0.231,0.021,0.749
259500,0.247,0.019,0.734
260000,0.256,0.015,0.730
260500,0.270,0.004,0.727
261000,0.274,0.008,0.718
261500,0.272,0.009,0.719
262000,0.281,0.017,0.703
262500,0.295,0.005,0.699
263000,0.284,0.011,0.705
263500,0.298,0.004,0.699
264000,0.284,0.014,0.702
264500,0.272,0.018,0.711
265000,0.273,0.011,0.716
265500,0.271,0.009,0.720
266000,0.252,0.030,0.718
266500,0.253,0.022,0.726
267000,0.274,0.015,0.712
267500,0.263,0.019,0.719
268000,0.274,0.023,0.703
268500,0.289,0.009,0.702
269000,0.308,0.010,0.682
269500,0.302,0.007,0.691
270000,0.267,0.018,0.715
270500,0.263,0.029,0.709
271000,0.260,0.021,0.719
271500,0.255,0.014,0.732
272000,0.270,0.016,0.714
272500,0.282,0.019,0.699
273000,0.273,0.020,0.708
273500,0.249,0.029,0.722
274000,0.258,0.017,0.725
274500,0.239,0.017,0.745
275000,0.250,0.018,0.733
275500,0.256,0.015,0.730
276000,0.261,0.015,0.725
276500,0.264,0.010,0.726
277000,0.253,0.009,0.738
277500,0.243,0.011,0.747
278000,0.276,0.008,0.716
278500,0.243,0.009,0.748
279000,0.255,0.021,0.725
279500,0.241,0.015,0.744
280000,0.218,0.014,0.767
280500,0.257,0.018,0.725
281000,0.240,0.021,0.739
281500,0.238,0.015,0.748
282000,0.239,0.035,0.726
282500,0.261,0.025,0.714
283000,0.237,0.029,0.733
283500,0.229,0.025,0.746
284000,0.237,0.030,0.732
284500,0.237,0.038,0.724
285000,0.211,0.040,0.748
285500,0.234,0.024,0.743
286000,0.239,0.030,0.731
286500,0.258,0.022,0.720
287000,0.263,0.023,0.715
287500,0.261,0.020,0.719
288000,0.263,0.016,0.721
288500,0.263,0.016,0.722
289000,0.288,0.009,0.703
289500,0.295,0.015,0.690
290000,0.279,0.011,0.710
290500,0.319,0.013,0.668
291000,0.301,0.007,0.692
291500,0.303,0.002,0.695
292000,0.294,0.010,0.696
292500,0.337,0.013,0.650
293000,0.305,0.005,0.689
293500,0.306,0.003,0.691
294000,0.333,0.006,0.661
294500,0.343,0.009,0.648
295000,0.316,0.017,0.668
295500,0.326,0.010,0.664
296000,0.338,0.005,0.656
296500,0.353,0.004,0.644
297000,0.325,0.011,0.665
297500,0.286,0.011,0.704
298000,0.292,0.029,0.679
298500,0.254,0.025,0.722
299000,0.261,0.020,0.720
299500,0.231,0.026,0.743
300000,0.251,0.022,0.727
300500,0.238,0.020,0.742
301000,0.234,0.027,0.739
301500,0.232,0.026,0.742
302000,0.263,0.015,0.722
302500,0.275,0.012,0.713
303000,0.285,0.007,0.708
303500,0.255,0.005,0.740
304000,0.280,0.010,0.710
304500,0.253,0.021,0.727
305000,0.249,0.025,0.726
305500,0.236,0.022,0.742
306000,0.233,0.030,0.737
306500,0.227,0.034,0.740
307000,0.224,0.026,0.750
307500,0.268,0.029,0.704
308000,0.264,0.028,0.708
308500,0.271,0.025,0.704
309000,0.269,0.025,0.707
309500,0.264,0.024,0.713
310000,0.246,0.012,0.742
310500,0.259,0.015,0.727
311000,0.246,0.025,0.729
311500,0.218,0.024,0.758
312000,0.242,0.013,0.744
312500,0.239,0.024,0.737
313000,0.235,0.022,0.743
313500,0.252,0.028,0.721
314000,0.275,0.013,0.712
314500,0.274,0.018,0.709
315000,0.264,0.010,0.726
315500,0.291,0.009,0.700
316000,0.284,0.013,0.703
316500,0.264,0.011,0.725
317000,0.233,0.020,0.747
317500,0.237,0.030,0.733
318000,0.245,0.021,0.735
318500,0.232,0.030,0.738
319000,0.246,0.017,0.737
319500,0.264,0.011,0.726
320000,0.285,0.016,0.699
320500,0.281,0.021,0.699
321000,0.277,0.011,0.712
321500,0.251,0.015,0.735
322000,0.272,0.022,0.706
322500,0.284,0.016,0.700
323000,0.297,0.011,0.693
323500,0.282,0.012,0.706
324000,0.295,0.012,0.693
324500,0.302,0.013,0.684
325000,0.298,0.010,0.692
325500,0.297,0.006,0.696
326000,0.295,0.012,0.693
326500,0.300,0.013,0.687
327000,0.282,0.018,0.701
327500,0.291,0.019,0.690
328000,0.288,0.013,0.699
328500,0.305,0.007,0.688
329000,0.325,0.004,0.672
329500,0.332,0.002,0.667
330000,0.317,0.022,0.661
330500,0.296,0.009,0.695
331000,0.281,0.009,0.710
331500,0.284,0.009,0.707
332000,0.258,0.015,0.727
332500,0.258,0.021,0.722
333000,0.258,0.018,0.724
333500,0.256,0.024,0.720
334000,0.248,0.024,0.728
334500,0.253,0.018,0.729
335000,0.264,0.018,0.718
335500,0.254,0.018,0.729
336000,0.249,0.025,0.726
336500,0.245,0.029,0.727
337000,0.277,0.019,0.705
337500,0.286,0.020,0.694
338000,0.314,0.011,0.676
338500,0.275,0.016,0.710
339000,0.267,0.009,0.724
339500,0.303,0.013,0.684
340000,0.289,0.006,0.705
340500,0.274,0.018,0.708
341000,0.296,0.007,0.697
341500,0.272,0.008,0.720
342000,0.263,0.022,0.715
342500,0.263,0.019,0.718
343000,0.279,0.015,0.707
343500,0.265,0.016,0.719
344000,0.267,0.017,0.717
344500,0.284,0.011,0.705
345000,0.284,0.011,0.706
345500,0.249,0.006,0.745
346000,0.243,0.021,0.735
346500,0.220,0.027,0.753
347000,0.229,0.025,0.747
347500,0.247,0.025,0.727
348000,0.252,0.029,0.720
348500,0.253,0.026,0.721
349000,0.240,0.019,0.741
349500,0.259,0.015,0.726
350000,0.279,0.015,0.707
350500,0.296,0.013,0.691
351000,0.296,0.017,0.686
351500,0.294,0.012,0.694
352000,0.305,0.017,0.678
352500,0.270,0.015,0.715
353000,0.268,0.019,0.713
353500,0.276,0.012,0.712
354000,0.261,0.034,0.706
354500,0.254,0.021,0.726
355000,0.274,0.011,0.716
355500,0.269,0.011,0.721
356000,0.258,0.024,0.718
356500,0.247,0.015,0.738
357000,0.276,0.012,0.712
357500,0.278,0.011,0.711
358000,0.281,0.015,0.703
358500,0.286,0.008,0.706
359000,0.300,0.018,0.682
359500,0.301,0.006,0.693
360000,0.298,0.003,0.700
360500,0.286,0.021,0.693
361000,0.308,0.015,0.677
361500,0.279,0.006,0.715
362000,0.295,0.010,0.695
362500,0.298,0.003,0.699
363000,0.315,0.004,0.681
363500,0.304,0.003,0.693
364000,0.308,0.006,0.685
364500,0.284,0.011,0.705
365000,0.278,0.015,0.708
365500,0.263,0.017,0.721
366000,0.257,0.013,0.730
366500,0.222,0.018,0.760
367000,0.258,0.015,0.727
367500,0.274,0.013,0.713
368000,0.258,0.013,0.730
368500,0.237,0.017,0.747
369000,0.252,0.015,0.733
369500,0.237,0.015,0.749
370000,0.256,0.018,0.727
370500,0.250,0.031,0.719
371000,0.267,0.024,0.710
371500,0.267,0.018,0.715
372000,0.278,0.019,0.703
372500,0.251,0.019,0.730
373000,0.241,0.015,0.744
373500,0.246,0.013,0.740
374000,0.269,0.023,0.708
374500,0.255,0.017,0.728
375000,0.253,0.013,0.735
375500,0.266,0.021,0.714
376000,0.259,0.033,0.709
376500,0.280,0.019,0.701
377000,0.261,0.009,0.731
377500,0.255,0.017,0.729
378000,0.227,0.019,0.754
378500,0.225,0.026,0.749
379000,0.229,0.021,0.750
379500,0.230,0.026,0.744
380000,0.217,0.028,0.755
380500,0.232,0.020,0.748
381000,0.261,0.018,0.721
381500,0.272,0.011,0.718
382000,0.295,0.013,0.692
382500,0.284,0.011,0.704
383000,0.272,0.013,0.715
383500,0.316,0.014,0.670
384000,0.291,0.021,0.689
384500,0.279,0.020,0.701
385000,0.284,0.019,0.697
385500,0.287,0.015,0.697
386000,0.280,0.011,0.709
386500,0.296,0.015,0.689
387000,0.297,0.021,0.682
387500,0.285,0.011,0.704
388000,0.303,0.013,0.685
388500,0.281,0.017,0.702
389000,0.282,0.010,0.708
389500,0.270,0.009,0.721
390000,0.277,0.009,0.715
390500,0.312,0.018,0.669
391000,0.298,0.006,0.696
391500,0.307,0.007,0.686
392000,0.287,0.004,0.709
392500,0.288,0.009,0.704
393000,0.275,0.009,0.717
393500,0.245,0.011,0.744
394000,0.253,0.020,0.727
394500,0.276,0.018,0.706
395000,0.264,0.011,0.725
395500,0.292,0.010,0.698
396000,0.274,0.021,0.705
396500,0.250,0.021,0.729
397000,0.248,0.018,0.734
397500,0.256,0.017,0.727
398000,0.249,0.018,0.733
398500,0.238,0.021,0.742
399000,0.256,0.025,0.719
399500,0.273,0.015,0.713
400000,0.286,0.019,0.695
400500,0.319,0.011,0.671
401000,0.298,0.007,0.695
401500,0.290,0.009,0.701
402000,0.304,0.008,0.688
402500,0.303,0.018,0.679
403000,0.290,0.009,0.701
403500,0.294,0.011,0.695
404000,0.275,0.017,0.709
404500,0.288,0.014,0.698
405000,0.268,0.017,0.715
405500,0.295,0.015,0.690
406000,0.307,0.006,0.686
406500,0.298,0.009,0.693
407000,0.300,0.006,0.693
407500,0.261,0.005,0.735
408000,0.287,0.005,0.707
408500,0.282,0.012,0.706
409000,0.267,0.013,0.720
409500,0.248,0.007,0.745
410000,0.258,0.013,0.729
410500,0.259,0.007,0.734
411000,0.260,0.009,0.732
411500,0.242,0.019,0.739
412000,0.270,0.017,0.714
412500,0.300,0.014,0.685
413000,0.278,0.026,0.696
413500,0.279,0.017,0.705
414000,0.258,0.018,0.724
414500,0.278,0.015,0.707
415000,0.238,0.025,0.736
415500,0.242,0.020,0.738
416000,0.247,0.029,0.724
416500,0.238,0.033,0.730
417000,0.234,0.034,0.732
417500,0.244,0.021,0.735
418000,0.254,0.019,0.727
418500,0.254,0.015,0.732
419000,0.267,0.011,0.723
419500,0.285,0.018,0.697
420000,0.281,0.011,0.709
420500,0.264,0.015,0.721
421000,0.301,0.016,0.682
421500,0.309,0.009,0.683
422000,0.299,0.006,0.694
422500,0.281,0.013,0.706
423000,0.283,0.013,0.703
423500,0.291,0.014,0.695
424000,0.253,0.010,0.737
424500,0.266,0.009,0.726
425000,0.276,0.017,0.708
425500,0.267,0.011,0.722
426000,0.272,0.013,0.716
426500,0.273,0.013,0.714
427000,0.271,0.015,0.714
427500,0.261,0.025,0.715
428000,0.251,0.020,0.730
428500,0.239,0.018,0.743
429000,0.242,0.023,0.735
429500,0.281,0.018,0.701
430000,0.271,0.034,0.696
430500,0.260,0.029,0.712
431000,0.259,0.041,0.701
431500,0.266,0.032,0.703
432000,0.265,0.028,0.707
432500,0.286,0.018,0.696
433000,0.297,0.007,0.696
433500,0.311,0.005,0.684
434000,0.314,0.011,0.674
434500,0.315,0.006,0.679
435000,0.324,0.005,0.671
435500,0.301,0.015,0.684
436000,0.299,0.014,0.686
436500,0.324,0.011,0.665
437000,0.304,0.009,0.688
437500,0.289,0.007,0.704
438000,0.273,0.010,0.718
438500,0.285,0.013,0.702
439000,0.317,0.004,0.679
439500,0.335,0.009,0.657
440000,0.272,0.013,0.715
440500,0.252,0.014,0.734
441000,0.266,0.011,0.724
441500,0.269,0.013,0.718
442000,0.263,0.016,0.722
442500,0.262,0.009,0.730
443000,0.260,0.015,0.725
443500,0.247,0.029,0.723
444000,0.246,0.025,0.729
444500,0.235,0.018,0.746
445000,0.264,0.028,0.709
445500,0.264,0.017,0.720
446000,0.272,0.009,0.719
446500,0.283,0.004,0.713
447000,0.308,0.013,0.678
447500,0.276,0.011,0.714
448000,0.277,0.018,0.706
448500,0.269,0.015,0.716
449000,0.259,0.012,0.730
449500,0.277,0.015,0.709
450000,0.279,0.015,0.706
450500,0.290,0.009,0.701
451000,0.293,0.008,0.699
451500,0.286,0.009,0.706
452000,0.262,0.006,0.732
452500,0.261,0.011,0.728
453000,0.245,0.009,0.746
453500,0.252,0.021,0.728
454000,0.233,0.025,0.742
454500,0.231,0.027,0.742
455000,0.244,0.026,0.729
455500,0.245,0.028,0.727
456000,0.264,0.019,0.717
456500,0.286,0.011,0.704
457000,0.284,0.008,0.708
457500,0.282,0.011,0.708
458000,0.276,0.019,0.705
458500,0.266,0.018,0.717
459000,0.283,0.009,0.709
459500,0.287,0.013,0.701
460000,0.294,0.015,0.691
460500,0.270,0.015,0.715
461000,0.264,0.015,0.721
461500,0.237,0.024,0.739
462000,0.243,0.012,0.745
462500,0.242,0.018,0.740
463000,0.244,0.012,0.744
463500,0.270,0.009,0.721
464000,0.285,0.011,0.704
464500,0.307,0.011,0.681
465000,0.364,0.011,0.624
465500,0.366,0.008,0.625
466000,0.340,0.004,0.655
466500,0.314,0.009,0.677
467000,0.311,0.013,0.676
467500,0.286,0.024,0.690
468000,0.280,0.026,0.694
468500,0.245,0.026,0.728
469000,0.255,0.022,0.723
469500,0.260,0.010,0.730
470000,0.297,0.013,0.690
470500,0.280,0.019,0.701
471000,0.267,0.022,0.711
471500,0.260,0.017,0.724
472000,0.236,0.018,0.746
472500,0.269,0.019,0.712
473000,0.280,0.014,0.706
473500,0.277,0.015,0.709
474000,0.279,0.014,0.707
474500,0.295,0.011,0.694
475000,0.321,0.007,0.672
475500,0.317,0.009,0.675
476000,0.308,0.011,0.681
476500,0.314,0.004,0.682
477000,0.279,0.013,0.708
477500,0.272,0.017,0.711
478000,0.271,0.017,0.713
478500,0.268,0.014,0.718
479000,0.276,0.014,0.710
479500,0.288,0.010,0.702
480000,0.289,0.015,0.695
480500,0.288,0.030,0.681
481000,0.285,0.023,0.692
481500,0.278,0.014,0.708
482000,0.274,0.018,0.709
482500,0.243,0.019,0.738
483000,0.267,0.018,0.716
483500,0.261,0.013,0.726
484000,0.268,0.029,0.703
484500,0.254,0.020,0.726
485000,0.242,0.017,0.741
485500,0.239,0.028,0.733
486000,0.254,0.019,0.727
486500,0.264,0.028,0.709
487000,0.271,0.015,0.714
487500,0.284,0.017,0.699
488000,0.291,0.014,0.695
488500,0.302,0.011,0.686
489000,0.290,0.011,0.699
489500,0.288,0.011,0.701
490000,0.293,0.020,0.687
490500,0.267,0.014,0.720
491000,0.243,0.028,0.729
491500,0.247,0.018,0.735
492000,0.211,0.031,0.757
492500,0.223,0.028,0.750
493000,0.263,0.015,0.722
493500,0.262,0.015,0.723
494000,0.255,0.019,0.726
494500,0.265,0.020,0.715
495000,0.266,0.013,0.721
495500,0.241,0.015,0.744
496000,0.246,0.025,0.729
496500,0.273,0.019,0.708
497000,0.304,0.011,0.685
497500,0.331,0.009,0.661
498000,0.343,0.004,0.653
498500,0.330,0.003,0.668
499000,0.338,0.001,0.661
499500,0.330,0.002,0.668
500000,0.360,0.001,0.640
500500,0.326,0.007,0.667
501000,0.308,0.013,0.679
501500,0.322,0.005,0.673
502000,0.286,0.004,0.711
502500,0.281,0.019,0.699
503000,0.259,0.013,0.728
503500,0.270,0.015,0.715
504000,0.277,0.018,0.706
504500,0.258,0.015,0.727
505000,0.293,0.013,0.694
505500,0.311,0.004,0.684
506000,0.313,0.012,0.675
506500,0.282,0.009,0.709
507000,0.311,0.011,0.678
507500,0.309,0.015,0.675
508000,0.301,0.012,0.686
508500,0.260,0.013,0.727
509000,0.264,0.011,0.725
509500,0.259,0.015,0.726
510000,0.251,0.006,0.743
510500,0.281,0.015,0.705
511000,0.286,0.009,0.705
511500,0.302,0.013,0.684
512000,0.297,0.013,0.689
512500,0.314,0.006,0.680
513000,0.273,0.004,0.723
513500,0.247,0.017,0.736
514000,0.292,0.021,0.686
514500,0.245,0.019,0.735
515000,0.246,0.011,0.744
515500,0.230,0.013,0.758
516000,0.239,0.022,0.738
516500,0.241,0.024,0.734
517000,0.241,0.018,0.742
517500,0.254,0.018,0.728
518000,0.266,0.018,0.716
518500,0.254,0.019,0.727
519000,0.235,0.015,0.749
519500,0.241,0.025,0.733
520000,0.220,0.032,0.748
520500,0.233,0.026,0.741
521000,0.254,0.029,0.717
521500,0.245,0.018,0.737
522000,0.259,0.011,0.730
522500,0.246,0.015,0.739
523000,0.244,0.026,0.729
523500,0.252,0.020,0.728
524000,0.269,0.016,0.715
524500,0.244,0.015,0.741
525000,0.269,0.013,0.719
525500,0.262,0.024,0.714
526000,0.241,0.024,0.734
526500,0.235,0.015,0.749
527000,0.234,0.016,0.750
527500,0.262,0.019,0.719
528000,0.238,0.019,0.743
528500,0.239,0.011,0.751
529000,0.256,0.019,0.725
529500,0.243,0.015,0.742
530000,0.271,0.015,0.714
530500,0.291,0.013,0.696
531000,0.296,0.009,0.695
531500,0.307,0.006,0.687
532000,0.293,0.004,0.703
532500,0.299,0.016,0.685
533000,0.285,0.019,0.696
533500,0.285,0.007,0.708
534000,0.280,0.008,0.712
534500,0.285,0.017,0.698
535000,0.248,0.014,0.738
535500,0.270,0.016,0.714
536000,0.270,0.015,0.715
536500,0.245,0.019,0.735
537000,0.248,0.017,0.735
537500,0.274,0.017,0.710
538000,0.277,0.018,0.706
538500,0.267,0.018,0.716
539000,0.282,0.017,0.701
539500,0.258,0.021,0.722
540000,0.234,0.023,0.743
540500,0.237,0.030,0.733
541000,0.237,0.025,0.737
541500,0.227,0.026,0.747
542000,0.248,0.028,0.725
542500,0.240,0.026,0.733
543000,0.251,0.028,0.722
543500,0.240,0.017,0.744
544000,0.242,0.020,0.738
544500,0.238,0.023,0.739
545000,0.267,0.017,0.717
545500,0.260,0.011,0.729
546000,0.249,0.013,0.738
546500,0.236,0.021,0.743
547000,0.230,0.024,0.747
547500,0.251,0.028,0.721
548000,0.226,0.019,0.755
548500,0.213,0.018,0.768
549000,0.237,0.021,0.742
549500,0.256,0.032,0.712
550000,0.255,0.025,0.720
550500,0.253,0.021,0.726
551000,0.296,0.011,0.693
551500,0.281,0.009,0.711
552000,0.261,0.009,0.730
552500,0.276,0.007,0.717
553000,0.275,0.021,0.704
553500,0.267,0.011,0.722
554000,0.249,0.010,0.741
554500,0.273,0.025,0.703
555000,0.271,0.025,0.705
555500,0.289,0.010,0.701
556000,0.305,0.009,0.685
556500,0.296,0.015,0.690
557000,0.278,0.018,0.704
557500,0.324,0.011,0.665
558000,0.303,0.011,0.685
558500,0.309,0.010,0.680
559000,0.277,0.004,0.719
559500,0.298,0.004,0.699
560000,0.310,0.007,0.683
560500,0.281,0.008,0.711
561000,0.282,0.008,0.710
561500,0.275,0.011,0.714
562000,0.293,0.012,0.695
562500,0.277,0.011,0.712
563000,0.261,0.018,0.722
563500,0.296,0.011,0.693
564000,0.296,0.004,0.699
564500,0.295,0.009,0.696
565000,0.276,0.006,0.718
565500,0.279,0.008,0.714
566000,0.270,0.011,0.719
566500,0.272,0.012,0.716
567000,0.297,0.018,0.686
567500,0.266,0.017,0.717
568000,0.278,0.011,0.711
568500,0.288,0.013,0.700
569000,0.293,0.006,0.701
569500,0.305,0.013,0.683
570000,0.308,0.007,0.684
570500,0.325,0.009,0.666
571000,0.284,0.013,0.703
571500,0.275,0.008,0.718
572000,0.276,0.009,0.715
572500,0.307,0.009,0.684
573000,0.282,0.012,0.706
573500,0.275,0.009,0.716
574000,0.262,0.019,0.719
574500,0.275,0.015,0.711
575000,0.274,0.015,0.712
575500,0.249,0.019,0.732
576000,0.231,0.019,0.750
576500,0.239,0.028,0.733
577000,0.228,0.023,0.749
577500,0.219,0.029,0.753
578000,0.240,0.024,0.736
578500,0.243,0.032,0.724
579000,0.271,0.021,0.709
579500,0.270,0.011,0.720
580000,0.285,0.005,0.710
580500,0.267,0.016,0.717
581000,0.295,0.009,0.696
581500,0.290,0.007,0.702
582000,0.272,0.013,0.715
582500,0.268,0.010,0.722
583000,0.275,0.015,0.711
583500,0.293,0.009,0.698
584000,0.259,0.020,0.722
584500,0.254,0.018,0.728
585000,0.243,0.027,0.729
585500,0.245,0.026,0.729
586000,0.222,0.030,0.748
586500,0.229,0.024,0.747
587000,0.225,0.025,0.751
587500,0.251,0.026,0.723
588000,0.256,0.025,0.719
588500,0.277,0.024,0.699
589000,0.253,0.015,0.732
589500,0.245,0.026,0.729
590000,0.245,0.025,0.731
590500,0.276,0.015,0.709
591000,0.255,0.016,0.729
591500,0.255,0.026,0.720
592000,0.253,0.022,0.725
592500,0.239,0.029,0.732
593000,0.245,0.022,0.732
593500,0.225,0.020,0.755
594000,0.233,0.030,0.737
594500,0.224,0.035,0.741
595000,0.235,0.029,0.736
595500,0.276,0.022,0.702
596000,0.260,0.043,0.697
596500,0.240,0.038,0.722
597000,0.228,0.026,0.746
597500,0.246,0.028,0.726
598000,0.278,0.014,0.708
598500,0.285,0.013,0.702
599000,0.265,0.025,0.710
599500,0.279,0.019,0.703
600000,0.302,0.015,0.683
600500,0.316,0.011,0.673
601000,0.260,0.007,0.733
601500,0.268,0.017,0.715
602000,0.301,0.013,0.685
602500,0.263,0.013,0.724
603000,0.272,0.016,0.712
603500,0.266,0.016,0.718
604000,0.266,0.014,0.720
604500,0.271,0.015,0.715
605000,0.268,0.012,0.720
605500,0.289,0.015,0.695
606000,0.245,0.018,0.737
606500,0.226,0.021,0.753
607000,0.245,0.025,0.731
607500,0.273,0.024,0.703
608000,0.249,0.013,0.737
608500,0.227,0.026,0.747
609000,0.232,0.022,0.746
609500,0.243,0.026,0.730
610000,0.231,0.028,0.741
610500,0.234,0.019,0.747
611000,0.254,0.029,0.717
611500,0.240,0.025,0.735
612000,0.268,0.039,0.693
612500,0.267,0.033,0.700
613000,0.272,0.023,0.705
613500,0.261,0.021,0.719
614000,0.272,0.021,0.707
614500,0.279,0.013,0.708
615000,0.315,0.006,0.679
615500,0.306,0.006,0.688
616000,0.327,0.006,0.667
616500,0.314,0.006,0.680
617000,0.300,0.011,0.689
617500,0.299,0.011,0.691
618000,0.281,0.024,0.696
618500,0.270,0.034,0.697
619000,0.242,0.022,0.736
619500,0.253,0.022,0.725
620000,0.253,0.018,0.729
620500,0.270,0.014,0.716
621000,0.261,0.015,0.724
621500,0.250,0.021,0.729
622000,0.211,0.022,0.766
622500,0.230,0.020,0.750
623000,0.246,0.015,0.738
623500,0.267,0.021,0.712
624000,0.283,0.012,0.705
624500,0.291,0.013,0.696
625000,0.242,0.014,0.744
625500,0.259,0.021,0.720
626000,0.268,0.024,0.709
626500,0.269,0.019,0.713
627000,0.285,0.015,0.700
627500,0.282,0.008,0.710
628000,0.282,0.013,0.705
628500,0.272,0.013,0.716
629000,0.273,0.017,0.711
629500,0.270,0.015,0.716
630000,0.281,0.007,0.713
630500,0.285,0.012,0.703
631000,0.293,0.011,0.697
631500,0.287,0.015,0.698
632000,0.264,0.013,0.723
632500,0.256,0.019,0.725
633000,0.252,0.017,0.731
633500,0.278,0.006,0.716
634000,0.288,0.015,0.697
634500,0.280,0.010,0.710
635000,0.272,0.010,0.718
635500,0.258,0.024,0.718
636000,0.285,0.011,0.704
636500,0.236,0.011,0.753
637000,0.235,0.018,0.746
637500,0.234,0.028,0.738
638000,0.243,0.028,0.730
638500,0.270,0.018,0.713
639000,0.285,0.007,0.708
639500,0.274,0.011,0.716
640000,0.315,0.011,0.674
640500,0.287,0.013,0.700
641000,0.282,0.011,0.706
641500,0.289,0.011,0.700
642000,0.307,0.016,0.676
642500,0.303,0.013,0.684
643000,0.303,0.014,0.683
643500,0.306,0.004,0.689
644000,0.275,0.007,0.718
644500,0.276,0.006,0.718
645000,0.272,0.013,0.716
645500,0.307,0.013,0.679
646000,0.306,0.012,0.682
646500,0.272,0.018,0.711
647000,0.287,0.007,0.706
647500,0.275,0.011,0.714
648000,0.254,0.015,0.732
648500,0.273,0.015,0.713
649000,0.296,0.009,0.695
649500,0.305,0.013,0.682
650000,0.293,0.010,0.697
650500,0.301,0.015,0.684
651000,0.304,0.009,0.686
651500,0.280,0.012,0.708
652000,0.273,0.022,0.706
652500,0.259,0.018,0.724
653000,0.255,0.020,0.726
653500,0.262,0.019,0.719
654000,0.259,0.015,0.726
654500,0.258,0.017,0.726
655000,0.267,0.010,0.723
655500,0.281,0.013,0.707
656000,0.262,0.022,0.716
656500,0.261,0.015,0.725
657000,0.273,0.011,0.717
657500,0.271,0.011,0.719
658000,0.274,0.026,0.700
658500,0.271,0.022,0.707
659000,0.267,0.024,0.710
659500,0.272,0.025,0.704
660000,0.253,0.029,0.718
660500,0.271,0.019,0.710
661000,0.276,0.021,0.704
661500,0.304,0.009,0.687
662000,0.330,0.006,0.664
662500,0.283,0.009,0.708
663000,0.299,0.013,0.688
663500,0.283,0.015,0.702
664000,0.296,0.015,0.689
664500,0.288,0.017,0.695
665000,0.296,0.014,0.690
665500,0.284,0.018,0.697
666000,0.267,0.015,0.719
666500,0.264,0.025,0.711
667000,0.254,0.028,0.719
667500,0.238,0.017,0.746
668000,0.221,0.041,0.738
668500,0.220,0.031,0.749
669000,0.241,0.044,0.715
669500,0.231,0.025,0.744
670000,0.237,0.016,0.746
670500,0.249,0.011,0.739
671000,0.251,0.016,0.733
671500,0.275,0.014,0.711
672000,0.239,0.024,0.737
672500,0.283,0.019,0.697
673000,0.285,0.015,0.700
673500,0.272,0.013,0.715
674000,0.254,0.019,0.727
674500,0.241,0.015,0.743
675000,0.235,0.013,0.752
675500,0.258,0.011,0.731
676000,0.247,0.013,0.739
676500,0.261,0.020,0.720
677000,0.271,0.022,0.707
677500,0.282,0.013,0.705
678000,0.267,0.019,0.714
678500,0.279,0.013,0.709
679000,0.296,0.007,0.697
679500,0.299,0.002,0.699
680000,0.296,0.001,0.704
680500,0.298,0.002,0.700
681000,0.263,0.021,0.716
681500,0.248,0.022,0.730
682000,0.262,0.024,0.714
682500,0.257,0.020,0.723
683000,0.261,0.022,0.717
683500,0.246,0.023,0.731
684000,0.264,0.016,0.720
684500,0.232,0.029,0.739
685000,0.256,0.022,0.722
685500,0.248,0.041,0.712
686000,0.238,0.021,0.741
686500,0.270,0.015,0.715
687000,0.302,0.009,0.690
687500,0.318,0.005,0.677
688000,0.306,0.013,0.680
688500,0.269,0.011,0.721
689000,0.241,0.019,0.739
689500,0.234,0.020,0.746
690000,0.230,0.023,0.747
690500,0.250,0.020,0.730
691000,0.253,0.015,0.732
691500,0.306,0.013,0.681
692000,0.298,0.013,0.689
692500,0.286,0.022,0.692
693000,0.275,0.024,0.702
693500,0.278,0.029,0.693
694000,0.264,0.018,0.719
694500,0.263,0.015,0.723
695000,0.257,0.024,0.719
695500,0.249,0.012,0.739
696000,0.266,0.018,0.716
696500,0.312,0.013,0.674
697000,0.324,0.013,0.663
697500,0.293,0.007,0.700
698000,0.288,0.011,0.701
698500,0.260,0.017,0.724
699000,0.237,0.018,0.744
699500,0.257,0.013,0.731
700000,0.256,0.015,0.729
700500,0.281,0.014,0.705
701000,0.263,0.017,0.721
701500,0.259,0.030,0.712
702000,0.257,0.035,0.709
702500,0.263,0.022,0.716
703000,0.239,0.025,0.735
703500,0.271,0.013,0.717
704000,0.281,0.011,0.708
704500,0.270,0.011,0.719
705000,0.281,0.024,0.695
705500,0.261,0.017,0.723
706000,0.267,0.012,0.722
706500,0.264,0.011,0.726
707000,0.265,0.021,0.714
707500,0.278,0.010,0.712
708000,0.264,0.018,0.719
708500,0.238,0.016,0.746
709000,0.241,0.023,0.736
709500,0.260,0.015,0.725
710000,0.267,0.028,0.706
710500,0.249,0.022,0.729
711000,0.268,0.019,0.713
711500,0.256,0.021,0.723
712000,0.269,0.015,0.716
712500,0.275,0.016,0.709
713000,0.258,0.018,0.725
713500,0.239,0.016,0.744
714000,0.249,0.024,0.726
714500,0.262,0.023,0.715
715000,0.265,0.018,0.718
715500,0.269,0.018,0.714
716000,0.270,0.019,0.711
716500,0.266,0.021,0.713
717000,0.277,0.017,0.706
717500,0.260,0.012,0.728
718000,0.275,0.010,0.716
718500,0.276,0.009,0.716
719000,0.289,0.009,0.702
719500,0.277,0.017,0.707
720000,0.287,0.017,0.696
720500,0.282,0.013,0.706
721000,0.270,0.015,0.715
721500,0.255,0.027,0.718
722000,0.271,0.018,0.712
722500,0.281,0.011,0.708
723000,0.281,0.007,0.712
723500,0.289,0.007,0.704
724000,0.268,0.015,0.717
724500,0.258,0.011,0.732
725000,0.280,0.013,0.707
725500,0.259,0.024,0.718
726000,0.239,0.020,0.741
726500,0.227,0.025,0.748
727000,0.257,0.029,0.715
727500,0.214,0.021,0.764
728000,0.230,0.020,0.750
728500,0.233,0.022,0.745
729000,0.234,0.021,0.745
729500,0.241,0.026,0.732
730000,0.248,0.024,0.729
730500,0.251,0.022,0.727
731000,0.260,0.022,0.718
731500,0.261,0.020,0.720
732000,0.261,0.020,0.719
732500,0.279,0.013,0.709
733000,0.304,0.009,0.686
733500,0.279,0.013,0.709
734000,0.282,0.015,0.703
734500,0.274,0.015,0.712
735000,0.249,0.015,0.736
735500,0.256,0.030,0.714
736000,0.253,0.023,0.725
736500,0.237,0.018,0.744
737000,0.281,0.007,0.712
737500,0.287,0.007,0.705
738000,0.278,0.009,0.713
738500,0.283,0.009,0.708
739000,0.266,0.005,0.729
739500,0.290,0.008,0.702
740000,0.281,0.009,0.711
740500,0.277,0.004,0.719
741000,0.281,0.002,0.718
741500,0.294,0.008,0.698
742000,0.296,0.004,0.700
742500,0.295,0.006,0.699
743000,0.280,0.020,0.700
743500,0.273,0.010,0.717
744000,0.278,0.004,0.719
744500,0.280,0.005,0.715
745000,0.262,0.018,0.720
745500,0.288,0.011,0.701
746000,0.303,0.009,0.689
746500,0.309,0.007,0.683
747000,0.288,0.009,0.703
747500,0.299,0.011,0.690
748000,0.300,0.009,0.691
748500,0.296,0.007,0.696
749000,0.284,0.008,0.708
749500,0.285,0.010,0.705
750000,0.298,0.009,0.693
750500,0.300,0.009,0.692
751000,0.312,0.011,0.677
751500,0.299,0.009,0.692
752000,0.291,0.017,0.693
752500,0.281,0.013,0.706
753000,0.256,0.011,0.733
753500,0.250,0.025,0.726
754000,0.256,0.020,0.724
754500,0.244,0.015,0.740
755000,0.254,0.017,0.729
755500,0.263,0.017,0.721
756000,0.248,0.026,0.726
756500,0.235,0.035,0.729
757000,0.234,0.029,0.737
757500,0.243,0.038,0.719
758000,0.263,0.027,0.711
758500,0.268,0.015,0.717
759000,0.270,0.013,0.717
759500,0.289,0.018,0.693
760000,0.280,0.014,0.706
760500,0.251,0.017,0.732
761000,0.233,0.015,0.752
761500,0.264,0.014,0.722
762000,0.279,0.004,0.717
762500,0.283,0.013,0.705
763000,0.291,0.017,0.692
763500,0.293,0.018,0.689
764000,0.250,0.016,0.734
764500,0.274,0.012,0.714
765000,0.286,0.018,0.697
765500,0.301,0.021,0.677
766000,0.283,0.015,0.701
766500,0.280,0.014,0.706
767000,0.280,0.009,0.711
767500,0.282,0.014,0.704
768000,0.304,0.011,0.684
768500,0.312,0.009,0.679
769000,0.298,0.008,0.694
769500,0.294,0.011,0.695
770000,0.283,0.007,0.710
770500,0.296,0.017,0.686
771000,0.284,0.007,0.709
771500,0.272,0.017,0.711
772000,0.291,0.021,0.689
772500,0.303,0.014,0.682
773000,0.291,0.010,0.699
773500,0.275,0.022,0.703
774000,0.272,0.018,0.710
774500,0.257,0.007,0.736
775000,0.261,0.015,0.724
775500,0.237,0.025,0.738
776000,0.231,0.022,0.747
776500,0.275,0.012,0.714
777000,0.284,0.011,0.705
777500,0.280,0.008,0.712
778000,0.301,0.010,0.689
778500,0.284,0.006,0.710
779000,0.261,0.013,0.726
779500,0.281,0.009,0.710
780000,0.301,0.016,0.682
780500,0.283,0.010,0.707
781000,0.314,0.010,0.676
781500,0.314,0.011,0.675
782000,0.269,0.005,0.726
782500,0.301,0.005,0.694
783000,0.293,0.010,0.697
783500,0.305,0.014,0.681
784000,0.276,0.022,0.702
784500,0.249,0.012,0.739
785000,0.272,0.011,0.718
785500,0.292,0.011,0.697
786000,0.293,0.027,0.680
786500,0.294,0.023,0.683
787000,0.285,0.018,0.697
787500,0.298,0.024,0.678
788000,0.291,0.015,0.693
788500,0.274,0.015,0.711
789000,0.276,0.018,0.706
789500,0.285,0.018,0.697
790000,0.268,0.015,0.717
790500,0.283,0.017,0.701
791000,0.261,0.014,0.726
791500,0.247,0.012,0.740
792000,0.270,0.003,0.728
792500,0.295,0.001,0.704
793000,0.293,0.007,0.700
793500,0.317,0.004,0.679
794000,0.288,0.009,0.702
794500,0.307,0.013,0.679
795000,0.318,0.015,0.667
795500,0.285,0.013,0.702
796000,0.274,0.011,0.716
796500,0.255,0.017,0.729
797000,0.265,0.028,0.708
797500,0.261,0.020,0.720
798000,0.261,0.024,0.716
798500,0.257,0.021,0.722
799000,0.247,0.029,0.723
799500,0.257,0.025,0.718
800000,0.232,0.040,0.729
800500,0.250,0.024,0.727
801000,0.263,0.029,0.709
801500,0.264,0.017,0.719
802000,0.281,0.019,0.700
802500,0.255,0.024,0.722
803000,0.262,0.015,0.723
803500,0.269,0.012,0.720
804000,0.258,0.018,0.724
804500,0.247,0.009,0.744
805000,0.272,0.008,0.720
805500,0.241,0.015,0.744
806000,0.242,0.021,0.738
806500,0.269,0.011,0.720
807000,0.281,0.011,0.708
807500,0.281,0.007,0.712
808000,0.295,0.007,0.698
808500,0.308,0.007,0.684
809000,0.318,0.015,0.667
809500,0.272,0.021,0.707
810000,0.276,0.013,0.711
810500,0.286,0.014,0.700
811000,0.286,0.015,0.699
811500,0.289,0.015,0.695
812000,0.301,0.016,0.683
812500,0.287,0.007,0.706
813000,0.312,0.011,0.677
813500,0.293,0.013,0.695
814000,0.303,0.013,0.684
814500,0.322,0.004,0.673
815000,0.307,0.003,0.691
815500,0.284,0.006,0.710
816000,0.280,0.009,0.711
816500,0.278,0.013,0.709
817000,0.291,0.013,0.696
817500,0.299,0.013,0.688
818000,0.312,0.007,0.680
818500,0.277,0.007,0.716
819000,0.244,0.008,0.748
819500,0.292,0.015,0.694
820000,0.253,0.013,0.734
820500,0.275,0.010,0.716
821000,0.274,0.017,0.710
821500,0.272,0.013,0.715
822000,0.263,0.015,0.722
822500,0.270,0.028,0.703
823000,0.285,0.017,0.698
823500,0.266,0.009,0.725
824000,0.263,0.009,0.728
824500,0.254,0.008,0.738
825000,0.239,0.011,0.750
825500,0.243,0.013,0.745
826000,0.267,0.008,0.725
826500,0.272,0.011,0.717
827000,0.269,0.013,0.718
827500,0.291,0.015,0.694
828000,0.268,0.021,0.711
828500,0.262,0.018,0.721
829000,0.286,0.009,0.704
829500,0.283,0.013,0.704
830000,0.262,0.013,0.725
830500,0.276,0.016,0.708
831000,0.256,0.014,0.730
831500,0.242,0.010,0.748
832000,0.239,0.017,0.744
832500,0.232,0.025,0.743
833000,0.225,0.032,0.744
833500,0.241,0.025,0.734
834000,0.256,0.017,0.728
834500,0.262,0.021,0.717
835000,0.259,0.020,0.722
835500,0.252,0.010,0.738
836000,0.251,0.018,0.731
836500,0.259,0.014,0.728
837000,0.268,0.024,0.709
837500,0.274,0.022,0.704
838000,0.273,0.025,0.703
838500,0.255,0.021,0.725
839000,0.274,0.007,0.719
839500,0.295,0.014,0.691
840000,0.295,0.011,0.695
840500,0.282,0.011,0.707
841000,0.284,0.029,0.688
841500,0.257,0.021,0.722
842000,0.259,0.018,0.723
842500,0.244,0.018,0.737
843000,0.248,0.025,0.727
843500,0.260,0.025,0.715
844000,0.258,0.023,0.719
844500,0.230,0.025,0.746
845000,0.258,0.021,0.721
845500,0.255,0.018,0.727
846000,0.279,0.025,0.697
846500,0.240,0.018,0.742
847000,0.249,0.015,0.736
847500,0.294,0.021,0.685
848000,0.288,0.017,0.695
848500,0.287,0.011,0.703
849000,0.301,0.007,0.692
849500,0.280,0.016,0.704
850000,0.281,0.013,0.706
850500,0.302,0.009,0.689
851000,0.290,0.009,0.701
851500,0.304,0.018,0.678
852000,0.283,0.015,0.702
852500,0.260,0.009,0.732
853000,0.253,0.019,0.728
853500,0.238,0.019,0.743
854000,0.251,0.019,0.730
854500,0.289,0.009,0.702
855000,0.290,0.009,0.700
855500,0.265,0.013,0.722
856000,0.245,0.028,0.728
856500,0.251,0.025,0.724
857000,0.255,0.015,0.731
857500,0.261,0.013,0.727
858000,0.268,0.017,0.715
858500,0.274,0.016,0.710
859000,0.283,0.014,0.703
859500,0.278,0.014,0.708
860000,0.274,0.022,0.704
860500,0.256,0.020,0.724
861000,0.264,0.021,0.716
861500,0.266,0.011,0.723
862000,0.277,0.026,0.697
862500,0.292,0.015,0.693
863000,0.282,0.011,0.707
863500,0.283,0.015,0.702
864000,0.273,0.015,0.712
864500,0.292,0.017,0.691
865000,0.288,0.012,0.700
865500,0.286,0.014,0.700
866000,0.242,0.021,0.737
866500,0.239,0.021,0.740
867000,0.225,0.032,0.744
867500,0.238,0.035,0.727
868000,0.244,0.043,0.714
868500,0.242,0.035,0.724
869000,0.234,0.041,0.725
869500,0.236,0.036,0.728
870000,0.264,0.024,0.712
870500,0.301,0.018,0.681
871000,0.277,0.015,0.709
871500,0.279,0.017,0.705
872000,0.307,0.018,0.675
872500,0.319,0.009,0.672
873000,0.277,0.014,0.709
873500,0.275,0.025,0.700
874000,0.298,0.012,0.690
874500,0.276,0.021,0.704
875000,0.258,0.015,0.727
875500,0.233,0.025,0.743
876000,0.241,0.022,0.736
876500,0.248,0.024,0.728
877000,0.256,0.021,0.724
877500,0.259,0.017,0.725
878000,0.256,0.012,0.732
878500,0.257,0.014,0.729
879000,0.263,0.019,0.718
879500,0.244,0.018,0.738
880000,0.245,0.028,0.726
880500,0.262,0.029,0.709
881000,0.248,0.034,0.718
881500,0.259,0.032,0.709
882000,0.241,0.022,0.736
882500,0.241,0.029,0.730
883000,0.271,0.018,0.712
883500,0.264,0.018,0.718
884000,0.319,0.009,0.672
884500,0.333,0.005,0.662
885000,0.303,0.002,0.696
885500,0.326,0.003,0.671
886000,0.340,0.006,0.654
886500,0.300,0.007,0.692
887000,0.321,0.011,0.668
887500,0.332,0.005,0.662
888000,0.307,0.008,0.684
888500,0.309,0.004,0.687
889000,0.307,0.004,0.689
889500,0.319,0.004,0.678
890000,0.328,0.003,0.669
890500,0.318,0.004,0.678
891000,0.326,0.005,0.669
891500,0.319,0.007,0.674
892000,0.296,0.007,0.696
892500,0.284,0.015,0.701
893000,0.278,0.014,0.708
893500,0.283,0.010,0.707
894000,0.247,0.015,0.738
894500,0.273,0.009,0.719
895000,0.266,0.004,0.731
895500,0.259,0.007,0.734
896000,0.288,0.004,0.708
896500,0.285,0.004,0.711
897000,0.306,0.004,0.690
897500,0.336,0.012,0.652
898000,0.310,0.006,0.684
898500,0.283,0.012,0.705
899000,0.277,0.009,0.714
899500,0.271,0.014,0.715
900000,0.283,0.013,0.704
900500,0.292,0.021,0.688
901000,0.279,0.010,0.712
901500,0.262,0.007,0.731
902000,0.305,0.010,0.684
902500,0.294,0.011,0.695
903000,0.284,0.018,0.699
903500,0.297,0.011,0.691
904000,0.288,0.017,0.695
904500,0.284,0.018,0.699
905000,0.281,0.022,0.697
905500,0.304,0.008,0.688
906000,0.282,0.015,0.702
906500,0.325,0.012,0.663
907000,0.302,0.009,0.689
907500,0.306,0.006,0.688
908000,0.266,0.009,0.725
908500,0.292,0.017,0.692
909000,0.328,0.011,0.660
909500,0.280,0.014,0.706
910000,0.266,0.017,0.717
910500,0.269,0.021,0.711
911000,0.276,0.011,0.714
911500,0.290,0.014,0.696
912000,0.277,0.015,0.708
912500,0.234,0.018,0.748
913000,0.235,0.024,0.741
913500,0.242,0.021,0.737
914000,0.238,0.020,0.742
914500,0.255,0.011,0.735
915000,0.255,0.013,0.733
915500,0.249,0.022,0.728
916000,0.236,0.022,0.742
916500,0.235,0.015,0.751
917000,0.254,0.013,0.733
917500,0.246,0.029,0.725
918000,0.253,0.025,0.723
918500,0.258,0.031,0.711
919000,0.243,0.029,0.728
919500,0.239,0.013,0.747
920000,0.242,0.028,0.730
920500,0.275,0.022,0.703
921000,0.254,0.015,0.731
921500,0.279,0.017,0.705
922000,0.247,0.015,0.737
922500,0.245,0.023,0.731
923000,0.251,0.013,0.737
923500,0.261,0.009,0.731
924000,0.296,0.009,0.695
924500,0.298,0.024,0.678
925000,0.264,0.021,0.715
925500,0.291,0.015,0.693
926000,0.270,0.015,0.715
926500,0.269,0.018,0.714
927000,0.276,0.013,0.711
927500,0.261,0.019,0.720
928000,0.292,0.021,0.688
928500,0.296,0.018,0.686
929000,0.280,0.024,0.697
929500,0.263,0.019,0.718
930000,0.268,0.009,0.724
930500,0.290,0.011,0.700
931000,0.273,0.011,0.717
931500,0.269,0.011,0.720
932000,0.276,0.004,0.720
932500,0.290,0.013,0.698
933000,0.285,0.023,0.692
933500,0.260,0.017,0.723
934000,0.265,0.018,0.717
934500,0.254,0.026,0.720
935000,0.253,0.017,0.731
935500,0.234,0.019,0.747
936000,0.239,0.016,0.744
936500,0.251,0.013,0.737
937000,0.281,0.015,0.705
937500,0.282,0.014,0.704
938000,0.299,0.018,0.683
938500,0.263,0.011,0.727
939000,0.238,0.015,0.747
939500,0.234,0.022,0.744
940000,0.248,0.021,0.731
940500,0.281,0.014,0.706
941000,0.283,0.010,0.707
941500,0.298,0.010,0.692
942000,0.305,0.004,0.691
942500,0.318,0.007,0.674
943000,0.308,0.007,0.684
943500,0.302,0.007,0.691
944000,0.309,0.011,0.680
944500,0.294,0.009,0.697
945000,0.292,0.010,0.698
945500,0.281,0.008,0.711
946000,0.262,0.009,0.729
946500,0.281,0.015,0.705
947000,0.259,0.011,0.730
947500,0.272,0.023,0.705
948000,0.263,0.013,0.725
948500,0.276,0.025,0.699
949000,0.254,0.028,0.719
949500,0.239,0.022,0.738
950000,0.268,0.021,0.711
950500,0.257,0.024,0.719
951000,0.254,0.026,0.720
951500,0.243,0.024,0.733
952000,0.260,0.020,0.720
952500,0.290,0.009,0.701
953000,0.281,0.009,0.711
953500,0.263,0.007,0.731
954000,0.271,0.012,0.717
954500,0.263,0.015,0.722
955000,0.249,0.021,0.729
955500,0.228,0.025,0.747
956000,0.277,0.015,0.708
956500,0.268,0.017,0.716
957000,0.261,0.015,0.724
957500,0.266,0.015,0.719
958000,0.281,0.011,0.709
958500,0.305,0.009,0.685
959000,0.282,0.010,0.708
959500,0.270,0.018,0.712
960000,0.269,0.018,0.714
960500,0.314,0.016,0.670
961000,0.297,0.021,0.682
961500,0.270,0.024,0.706
962000,0.264,0.020,0.716
962500,0.253,0.029,0.719
963000,0.243,0.026,0.730
963500,0.213,0.025,0.762
964000,0.234,0.025,0.740
964500,0.247,0.033,0.719
965000,0.268,0.019,0.713
965500,0.269,0.022,0.709
966000,0.266,0.009,0.726
966500,0.246,0.015,0.738
967000,0.264,0.024,0.713
967500,0.276,0.013,0.711
968000,0.281,0.011,0.709
968500,0.295,0.005,0.699
969000,0.293,0.006,0.701
969500,0.266,0.021,0.713
970000,0.278,0.017,0.706
970500,0.311,0.008,0.680
971000,0.300,0.011,0.689
971500,0.273,0.007,0.720
972000,0.270,0.009,0.721
972500,0.255,0.007,0.738
973000,0.258,0.023,0.719
973500,0.279,0.017,0.705
974000,0.270,0.020,0.710
974500,0.263,0.021,0.717
975000,0.270,0.015,0.715
975500,0.269,0.019,0.712
976000,0.262,0.007,0.731
976500,0.266,0.010,0.724
977000,0.268,0.009,0.723
977500,0.257,0.014,0.729
978000,0.289,0.018,0.693
978500,0.266,0.011,0.724
979000,0.272,0.011,0.717
979500,0.247,0.018,0.735
980000,0.263,0.009,0.728
980500,0.260,0.015,0.725
981000,0.254,0.020,0.726
981500,0.246,0.025,0.728
982000,0.244,0.029,0.728
982500,0.219,0.029,0.752
983000,0.209,0.034,0.757
983500,0.216,0.033,0.751
984000,0.256,0.025,0.720
984500,0.276,0.020,0.704
985000,0.263,0.029,0.708
985500,0.240,0.033,0.728
986000,0.241,0.027,0.732
986500,0.260,0.014,0.726
987000,0.281,0.011,0.708
987500,0.264,0.020,0.716
988000,0.266,0.014,0.720
988500,0.254,0.011,0.735
989000,0.270,0.009,0.722
989500,0.277,0.011,0.712
990000,0.277,0.011,0.713
990500,0.302,0.007,0.691
991000,0.328,0.009,0.663
991500,0.320,0.004,0.675
992000,0.320,0.004,0.676
992500,0.299,0.012,0.689
993000,0.276,0.013,0.711
993500,0.274,0.009,0.718
994000,0.273,0.021,0.707
994500,0.289,0.018,0.693
995000,0.287,0.024,0.689
995500,0.250,0.021,0.729
996000,0.239,0.027,0.733
996500,0.215,0.021,0.765
997000,0.201,0.028,0.771
997500,0.217,0.018,0.766
998000,0.254,0.025,0.721
998500,0.245,0.013,0.742
999000,0.268,0.011,0.721
999500,0.289,0.014,0.697
1000000,0.282,0.005,0.712
