time,n_A+p,n_B,n_AB
100,0.030,0.962,0.008
200,0.030,0.956,0.014
300,0.030,0.950,0.020
400,0.030,0.940,0.030
500,0.030,0.931,0.039
600,0.030,0.924,0.046
700,0.030,0.925,0.045
800,0.030,0.925,0.045
900,0.030,0.913,0.057
1000,0.030,0.906,0.064
1100,0.030,0.898,0.072
1200,0.030,0.887,0.083
1300,0.030,0.879,0.091
1400,0.030,0.874,0.096
1500,0.030,0.870,0.100
1600,0.030,0.858,0.112
1700,0.030,0.850,0.120
1800,0.030,0.851,0.119
1900,0.030,0.848,0.122
2000,0.031,0.838,0.131
2100,0.031,0.848,0.121
2200,0.030,0.833,0.137
2300,0.030,0.827,0.143
2400,0.032,0.819,0.149
2500,0.031,0.814,0.155
2600,0.030,0.798,0.172
2700,0.030,0.799,0.171
2800,0.030,0.790,0.180
2900,0.030,0.779,0.191
3000,0.030,0.784,0.186
3100,0.032,0.779,0.189
3200,0.032,0.776,0.192
3300,0.032,0.767,0.201
3400,0.035,0.755,0.210
3500,0.034,0.756,0.210
3600,0.036,0.750,0.214
3700,0.037,0.737,0.226
3800,0.037,0.736,0.227
3900,0.036,0.728,0.236
4000,0.037,0.721,0.242
4100,0.041,0.712,0.247
4200,0.040,0.702,0.258
4300,0.040,0.694,0.266
4400,0.040,0.680,0.280
4500,0.041,0.679,0.280
4600,0.041,0.670,0.289
4700,0.040,0.663,0.297
4800,0.039,0.660,0.301
4900,0.044,0.657,0.299
5000,0.042,0.646,0.312
5100,0.042,0.648,0.310
5200,0.050,0.633,0.317
5300,0.050,0.630,0.320
5400,0.049,0.628,0.323
5500,0.054,0.618,0.328
5600,0.056,0.623,0.321
5700,0.055,0.624,0.321
5800,0.056,0.624,0.320
5900,0.061,0.616,0.323
6000,0.059,0.612,0.329
6100,0.057,0.613,0.330
6200,0.059,0.608,0.333
6300,0.060,0.611,0.329
6400,0.062,0.605,0.333
6500,0.071,0.601,0.328
6600,0.068,0.581,0.351
6700,0.070,0.589,0.341
6800,0.070,0.583,0.347
6900,0.075,0.582,0.343
7000,0.070,0.585,0.345
7100,0.068,0.579,0.353
7200,0.071,0.569,0.360
7300,0.069,0.566,0.365
7400,0.067,0.577,0.356
7500,0.066,0.593,0.341
7600,0.074,0.598,0.328
7700,0.067,0.594,0.339
7800,0.074,0.574,0.352
7900,0.073,0.563,0.364
8000,0.073,0.554,0.373
8100,0.075,0.560,0.365
8200,0.073,0.540,0.387
8300,0.071,0.536,0.393
8400,0.067,0.541,0.392
8500,0.070,0.552,0.378
8600,0.064,0.551,0.385
8700,0.063,0.561,0.376
8800,0.072,0.562,0.366
8900,0.076,0.561,0.363
9000,0.074,0.564,0.362
9100,0.070,0.564,0.366
9200,0.067,0.580,0.353
9300,0.068,0.578,0.354
9400,0.066,0.578,0.356
9500,0.061,0.578,0.361
9600,0.062,0.578,0.360
9700,0.063,0.587,0.350
9800,0.061,0.603,0.336
9900,0.060,0.612,0.328
10000,0.057,0.615,0.328
10100,0.055,0.618,0.327
10200,0.051,0.622,0.327
10300,0.054,0.616,0.330
10400,0.053,0.629,0.318
10500,0.050,0.625,0.325
10600,0.051,0.623,0.326
10700,0.050,0.614,0.336
10800,0.054,0.598,0.348
10900,0.057,0.593,0.350
11000,0.056,0.587,0.357
11100,0.059,0.588,0.353
11200,0.060,0.590,0.350
11300,0.054,0.598,0.348
11400,0.056,0.599,0.345
11500,0.055,0.586,0.359
11600,0.060,0.584,0.356
11700,0.066,0.595,0.339
11800,0.064,0.581,0.355
11900,0.068,0.585,0.347
12000,0.069,0.572,0.359
12100,0.070,0.580,0.350
12200,0.076,0.564,0.360
12300,0.071,0.558,0.371
12400,0.076,0.561,0.363
12500,0.076,0.552,0.372
12600,0.078,0.554,0.368
12700,0.076,0.556,0.368
12800,0.078,0.549,0.373
12900,0.082,0.554,0.364
13000,0.079,0.558,0.363
13100,0.085,0.546,0.369
13200,0.090,0.546,0.364
13300,0.093,0.542,0.365
13400,0.091,0.538,0.371
13500,0.091,0.527,0.382
13600,0.089,0.522,0.389
13700,0.090,0.510,0.400
13800,0.091,0.505,0.404
13900,0.093,0.495,0.412
14000,0.096,0.505,0.399
14100,0.099,0.503,0.398
14200,0.097,0.491,0.412
14300,0.100,0.487,0.413
14400,0.096,0.483,0.421
14500,0.099,0.481,0.420
14600,0.104,0.481,0.415
14700,0.105,0.489,0.406
14800,0.106,0.476,0.418
14900,0.107,0.478,0.415
15000,0.104,0.460,0.436
15100,0.100,0.467,0.433
15200,0.096,0.447,0.457
15300,0.094,0.453,0.453
15400,0.092,0.457,0.451
15500,0.093,0.456,0.451
15600,0.090,0.461,0.449
15700,0.090,0.460,0.450
15800,0.091,0.464,0.445
15900,0.095,0.452,0.453
16000,0.099,0.444,0.457
16100,0.100,0.439,0.461
16200,0.100,0.436,0.464
16300,0.113,0.424,0.463
16400,0.114,0.421,0.465
16500,0.112,0.411,0.477
16600,0.116,0.401,0.483
16700,0.109,0.394,0.497
16800,0.103,0.401,0.496
16900,0.101,0.401,0.498
17000,0.106,0.415,0.479
17100,0.110,0.415,0.475
17200,0.111,0.418,0.471
17300,0.115,0.394,0.491
17400,0.112,0.395,0.493
17500,0.115,0.406,0.479
17600,0.131,0.385,0.484
17700,0.131,0.407,0.462
17800,0.141,0.405,0.454
17900,0.136,0.392,0.472
18000,0.135,0.384,0.481
18100,0.129,0.396,0.475
18200,0.119,0.403,0.478
18300,0.116,0.416,0.468
18400,0.116,0.409,0.475
18500,0.114,0.411,0.475
18600,0.114,0.407,0.479
18700,0.111,0.402,0.487
18800,0.111,0.394,0.495
18900,0.122,0.385,0.493
19000,0.121,0.382,0.497
19100,0.127,0.391,0.482
19200,0.120,0.407,0.473
19300,0.112,0.411,0.477
19400,0.116,0.408,0.476
19500,0.117,0.408,0.475
19600,0.117,0.403,0.480
19700,0.123,0.418,0.459
19800,0.117,0.429,0.454
19900,0.114,0.426,0.460
20000,0.111,0.427,0.462
20100,0.113,0.428,0.459
20200,0.116,0.433,0.451
20300,0.115,0.427,0.458
20400,0.109,0.426,0.465
20500,0.110,0.408,0.482
20600,0.110,0.410,0.480
20700,0.118,0.422,0.460
20800,0.112,0.423,0.465
20900,0.111,0.407,0.482
21000,0.111,0.427,0.462
21100,0.105,0.438,0.457
21200,0.113,0.427,0.460
21300,0.123,0.418,0.459
21400,0.126,0.416,0.458
21500,0.123,0.412,0.465
21600,0.126,0.416,0.458
21700,0.119,0.406,0.475
21800,0.119,0.414,0.467
21900,0.113,0.417,0.470
22000,0.124,0.417,0.459
22100,0.118,0.419,0.463
22200,0.111,0.424,0.465
22300,0.113,0.414,0.473
22400,0.115,0.426,0.459
22500,0.108,0.438,0.454
22600,0.103,0.426,0.471
22700,0.104,0.420,0.476
22800,0.102,0.427,0.471
22900,0.101,0.429,0.470
23000,0.104,0.419,0.477
23100,0.092,0.409,0.499
23200,0.096,0.409,0.495
23300,0.096,0.413,0.491
23400,0.100,0.407,0.493
23500,0.102,0.389,0.509
23600,0.107,0.399,0.494
23700,0.106,0.415,0.479
23800,0.104,0.409,0.487
23900,0.104,0.405,0.491
24000,0.101,0.417,0.482
24100,0.100,0.428,0.472
24200,0.103,0.435,0.462
24300,0.104,0.428,0.468
24400,0.105,0.419,0.476
24500,0.103,0.426,0.471
24600,0.104,0.440,0.456
24700,0.109,0.443,0.448
24800,0.117,0.453,0.430
24900,0.118,0.438,0.444
25000,0.120,0.452,0.428
25100,0.126,0.439,0.435
25200,0.124,0.442,0.434
25300,0.125,0.432,0.443
25400,0.123,0.424,0.453
25500,0.115,0.421,0.464
25600,0.117,0.420,0.463
25700,0.117,0.419,0.464
25800,0.117,0.425,0.458
25900,0.112,0.436,0.452
26000,0.114,0.435,0.451
26100,0.118,0.443,0.439
26200,0.119,0.445,0.436
26300,0.117,0.441,0.442
26400,0.106,0.439,0.455
26500,0.099,0.437,0.464
26600,0.108,0.425,0.467
26700,0.097,0.422,0.481
26800,0.096,0.410,0.494
26900,0.094,0.402,0.504
27000,0.104,0.398,0.498
27100,0.114,0.399,0.487
27200,0.109,0.396,0.495
27300,0.119,0.385,0.496
27400,0.118,0.382,0.500
27500,0.123,0.386,0.491
27600,0.126,0.377,0.497
27700,0.129,0.368,0.503
27800,0.124,0.371,0.505
27900,0.120,0.378,0.502
28000,0.136,0.372,0.492
28100,0.134,0.366,0.500
28200,0.137,0.370,0.493
28300,0.148,0.368,0.484
28400,0.140,0.362,0.498
28500,0.147,0.352,0.501
28600,0.147,0.348,0.505
28700,0.147,0.341,0.512
28800,0.150,0.336,0.514
28900,0.145,0.332,0.523
29000,0.144,0.328,0.528
29100,0.156,0.323,0.521
29200,0.152,0.336,0.512
29300,0.161,0.337,0.502
29400,0.163,0.340,0.497
29500,0.167,0.334,0.499
29600,0.176,0.330,0.494
29700,0.182,0.327,0.491
29800,0.178,0.317,0.505
29900,0.183,0.314,0.503
30000,0.189,0.306,0.505
30100,0.197,0.305,0.498
30200,0.199,0.311,0.490
30300,0.197,0.303,0.500
30400,0.202,0.302,0.496
30500,0.202,0.310,0.488
30600,0.199,0.307,0.494
30700,0.194,0.311,0.495
30800,0.191,0.309,0.500
30900,0.198,0.307,0.495
31000,0.199,0.307,0.494
31100,0.200,0.291,0.509
31200,0.194,0.287,0.519
31300,0.195,0.280,0.525
31400,0.197,0.265,0.538
31500,0.208,0.267,0.525
31600,0.201,0.276,0.523
31700,0.200,0.264,0.536
31800,0.208,0.263,0.529
31900,0.207,0.263,0.530
32000,0.208,0.254,0.538
32100,0.224,0.254,0.522
32200,0.237,0.243,0.520
32300,0.243,0.248,0.509
32400,0.238,0.238,0.524
32500,0.225,0.234,0.541
32600,0.229,0.229,0.542
32700,0.241,0.224,0.535
32800,0.255,0.229,0.516
32900,0.249,0.241,0.510
33000,0.243,0.236,0.521
33100,0.235,0.247,0.518
33200,0.242,0.248,0.510
33300,0.238,0.235,0.527
33400,0.234,0.233,0.533
33500,0.236,0.238,0.526
33600,0.234,0.245,0.521
33700,0.233,0.234,0.533
33800,0.242,0.237,0.521
33900,0.240,0.234,0.526
34000,0.230,0.235,0.535
34100,0.237,0.251,0.512
34200,0.250,0.261,0.489
34300,0.237,0.261,0.502
34400,0.249,0.252,0.499
34500,0.247,0.252,0.501
34600,0.246,0.252,0.502
34700,0.240,0.267,0.493
34800,0.240,0.256,0.504
34900,0.235,0.243,0.522
35000,0.232,0.236,0.532
35100,0.228,0.234,0.538
35200,0.211,0.236,0.553
35300,0.216,0.240,0.544
35400,0.221,0.241,0.538
35500,0.201,0.256,0.543
35600,0.210,0.264,0.526
35700,0.217,0.252,0.531
35800,0.222,0.253,0.525
35900,0.215,0.266,0.519
36000,0.218,0.261,0.521
36100,0.206,0.254,0.540
36200,0.207,0.250,0.543
36300,0.205,0.245,0.550
36400,0.202,0.242,0.556
36500,0.216,0.236,0.548
36600,0.217,0.225,0.558
36700,0.231,0.226,0.543
36800,0.236,0.235,0.529
36900,0.238,0.240,0.522
37000,0.259,0.233,0.508
37100,0.254,0.227,0.519
37200,0.253,0.223,0.524
37300,0.247,0.227,0.526
37400,0.233,0.225,0.542
37500,0.225,0.223,0.552
37600,0.227,0.213,0.560
37700,0.235,0.219,0.546
37800,0.230,0.217,0.553
37900,0.231,0.213,0.556
38000,0.239,0.214,0.547
38100,0.249,0.215,0.536
38200,0.254,0.219,0.527
38300,0.260,0.222,0.518
38400,0.255,0.226,0.519
38500,0.265,0.226,0.509
38600,0.273,0.228,0.499
38700,0.277,0.211,0.512
38800,0.282,0.206,0.512
38900,0.282,0.212,0.506
39000,0.299,0.207,0.494
39100,0.297,0.209,0.494
39200,0.310,0.210,0.480
39300,0.316,0.203,0.481
39400,0.312,0.207,0.481
39500,0.299,0.189,0.512
39600,0.303,0.181,0.516
39700,0.320,0.168,0.512
39800,0.312,0.167,0.521
39900,0.315,0.155,0.530
40000,0.312,0.157,0.531
40100,0.312,0.148,0.540
40200,0.319,0.155,0.526
40300,0.319,0.159,0.522
40400,0.338,0.154,0.508
40500,0.347,0.156,0.497
40600,0.349,0.162,0.489
40700,0.355,0.160,0.485
40800,0.347,0.147,0.506
40900,0.350,0.135,0.515
41000,0.350,0.127,0.523
41100,0.355,0.135,0.510
41200,0.349,0.120,0.531
41300,0.347,0.132,0.521
41400,0.357,0.127,0.516
41500,0.351,0.129,0.520
41600,0.349,0.138,0.513
41700,0.360,0.121,0.519
41800,0.354,0.117,0.529
41900,0.358,0.112,0.530
42000,0.358,0.119,0.523
42100,0.364,0.121,0.515
42200,0.359,0.130,0.511
42300,0.356,0.129,0.515
42400,0.374,0.127,0.499
42500,0.382,0.121,0.497
42600,0.382,0.120,0.498
42700,0.377,0.123,0.500
42800,0.377,0.121,0.502
42900,0.383,0.124,0.493
43000,0.382,0.119,0.499
43100,0.389,0.119,0.492
43200,0.393,0.119,0.488
43300,0.393,0.116,0.491
43400,0.408,0.119,0.473
43500,0.410,0.113,0.477
43600,0.401,0.106,0.493
43700,0.405,0.104,0.491
43800,0.418,0.102,0.480
43900,0.411,0.102,0.487
44000,0.418,0.101,0.481
44100,0.407,0.109,0.484
44200,0.413,0.109,0.478
44300,0.417,0.117,0.466
44400,0.399,0.110,0.491
44500,0.391,0.112,0.497
44600,0.391,0.120,0.489
44700,0.390,0.114,0.496
44800,0.383,0.120,0.497
44900,0.398,0.117,0.485
45000,0.401,0.124,0.475
45100,0.404,0.119,0.477
45200,0.399,0.117,0.484
45300,0.391,0.109,0.500
45400,0.407,0.105,0.488
45500,0.413,0.101,0.486
45600,0.418,0.105,0.477
45700,0.411,0.105,0.484
45800,0.410,0.098,0.492
45900,0.411,0.099,0.490
46000,0.416,0.092,0.492
46100,0.422,0.091,0.487
46200,0.434,0.092,0.474
46300,0.445,0.088,0.467
46400,0.462,0.085,0.453
46500,0.457,0.092,0.451
46600,0.458,0.094,0.448
46700,0.454,0.083,0.463
46800,0.450,0.076,0.474
46900,0.462,0.078,0.460
47000,0.474,0.076,0.450
47100,0.475,0.070,0.455
47200,0.489,0.070,0.441
47300,0.489,0.069,0.442
47400,0.501,0.074,0.425
47500,0.499,0.060,0.441
47600,0.507,0.058,0.435
47700,0.517,0.064,0.419
47800,0.515,0.063,0.422
47900,0.532,0.056,0.412
48000,0.542,0.050,0.408
48100,0.542,0.055,0.403
48200,0.542,0.051,0.407
48300,0.541,0.056,0.403
48400,0.539,0.053,0.408
48500,0.531,0.057,0.412
48600,0.530,0.060,0.410
48700,0.534,0.062,0.404
48800,0.531,0.060,0.409
48900,0.533,0.064,0.403
49000,0.540,0.062,0.398
49100,0.547,0.061,0.392
49200,0.550,0.065,0.385
49300,0.549,0.056,0.395
49400,0.542,0.061,0.397
49500,0.540,0.059,0.401
49600,0.544,0.054,0.402
49700,0.548,0.051,0.401
49800,0.549,0.052,0.399
49900,0.543,0.051,0.406
50000,0.530,0.051,0.419
50100,0.520,0.048,0.432
50200,0.508,0.048,0.444
50300,0.508,0.048,0.444
50400,0.511,0.052,0.437
50500,0.503,0.058,0.439
50600,0.517,0.054,0.429
50700,0.525,0.050,0.425
50800,0.531,0.046,0.423
50900,0.537,0.043,0.420
51000,0.543,0.042,0.415
51100,0.533,0.042,0.425
51200,0.535,0.042,0.423
51300,0.524,0.044,0.432
51400,0.527,0.044,0.429
51500,0.510,0.049,0.441
51600,0.527,0.056,0.417
51700,0.520,0.055,0.425
51800,0.527,0.055,0.418
51900,0.527,0.055,0.418
52000,0.545,0.058,0.397
52100,0.536,0.053,0.411
52200,0.538,0.052,0.410
52300,0.542,0.052,0.406
52400,0.552,0.055,0.393
52500,0.559,0.058,0.383
52600,0.554,0.053,0.393
52700,0.551,0.050,0.399
52800,0.558,0.051,0.391
52900,0.549,0.061,0.390
53000,0.567,0.054,0.379
53100,0.581,0.054,0.365
53200,0.586,0.061,0.353
53300,0.593,0.052,0.355
53400,0.604,0.053,0.343
53500,0.605,0.047,0.348
53600,0.626,0.048,0.326
53700,0.622,0.047,0.331
53800,0.626,0.046,0.328
53900,0.618,0.039,0.343
54000,0.616,0.044,0.340
54100,0.625,0.045,0.330
54200,0.624,0.048,0.328
54300,0.618,0.040,0.342
54400,0.616,0.036,0.348
54500,0.609,0.036,0.355
54600,0.617,0.030,0.353
54700,0.612,0.025,0.363
54800,0.601,0.022,0.377
54900,0.601,0.029,0.370
55000,0.614,0.029,0.357
55100,0.644,0.036,0.320
55200,0.655,0.032,0.313
55300,0.650,0.026,0.324
55400,0.655,0.028,0.317
55500,0.653,0.031,0.316
55600,0.656,0.030,0.314
55700,0.653,0.030,0.317
55800,0.643,0.030,0.327
55900,0.649,0.028,0.323
56000,0.646,0.031,0.323
56100,0.650,0.026,0.324
56200,0.639,0.027,0.334
56300,0.632,0.030,0.338
56400,0.640,0.032,0.328
56500,0.643,0.026,0.331
56600,0.638,0.030,0.332
56700,0.643,0.028,0.329
56800,0.626,0.025,0.349
56900,0.626,0.029,0.345
57000,0.622,0.030,0.348
57100,0.635,0.030,0.335
57200,0.638,0.033,0.329
57300,0.621,0.031,0.348
57400,0.630,0.039,0.331
57500,0.642,0.035,0.323
57600,0.636,0.032,0.332
57700,0.628,0.031,0.341
57800,0.625,0.029,0.346
57900,0.614,0.031,0.355
58000,0.627,0.028,0.345
58100,0.628,0.027,0.345
58200,0.625,0.026,0.349
58300,0.632,0.026,0.342
58400,0.629,0.023,0.348
58500,0.640,0.031,0.329
58600,0.645,0.027,0.328
58700,0.638,0.023,0.339
58800,0.654,0.020,0.326
58900,0.652,0.017,0.331
59000,0.668,0.014,0.318
59100,0.658,0.017,0.325
59200,0.656,0.014,0.330
59300,0.672,0.013,0.315
59400,0.694,0.014,0.292
59500,0.698,0.015,0.287
59600,0.696,0.010,0.294
59700,0.699,0.012,0.289
59800,0.695,0.011,0.294
59900,0.708,0.011,0.281
60000,0.710,0.014,0.276
60100,0.716,0.008,0.276
60200,0.706,0.011,0.283
60300,0.716,0.011,0.273
60400,0.716,0.014,0.270
60500,0.717,0.013,0.270
60600,0.717,0.012,0.271
60700,0.715,0.008,0.277
60800,0.708,0.008,0.284
60900,0.721,0.008,0.271
61000,0.728,0.011,0.261
61100,0.736,0.008,0.256
61200,0.749,0.008,0.243
61300,0.743,0.008,0.249
61400,0.746,0.007,0.247
61500,0.742,0.006,0.252
61600,0.749,0.006,0.245
61700,0.744,0.006,0.250
61800,0.748,0.007,0.245
61900,0.725,0.008,0.267
62000,0.720,0.013,0.267
62100,0.713,0.015,0.272
62200,0.716,0.012,0.272
62300,0.721,0.013,0.266
62400,0.726,0.010,0.264
62500,0.719,0.012,0.269
62600,0.719,0.011,0.270
62700,0.712,0.016,0.272
62800,0.710,0.014,0.276
62900,0.713,0.015,0.272
63000,0.724,0.017,0.259
63100,0.723,0.022,0.255
63200,0.720,0.020,0.260
63300,0.720,0.018,0.262
63400,0.712,0.017,0.271
63500,0.705,0.017,0.278
63600,0.699,0.016,0.285
63700,0.702,0.019,0.279
63800,0.702,0.017,0.281
63900,0.702,0.017,0.281
64000,0.708,0.013,0.279
64100,0.706,0.013,0.281
64200,0.705,0.014,0.281
64300,0.710,0.015,0.275
64400,0.708,0.017,0.275
64500,0.707,0.015,0.278
64600,0.704,0.017,0.279
64700,0.708,0.017,0.275
64800,0.709,0.016,0.275
64900,0.705,0.016,0.279
65000,0.701,0.013,0.286
65100,0.720,0.013,0.267
65200,0.717,0.011,0.272
65300,0.723,0.011,0.266
65400,0.727,0.015,0.258
65500,0.733,0.014,0.253
65600,0.737,0.014,0.249
65700,0.734,0.014,0.252
65800,0.740,0.012,0.248
65900,0.739,0.013,0.248
66000,0.735,0.015,0.250
66100,0.733,0.016,0.251
66200,0.732,0.013,0.255
66300,0.730,0.013,0.257
66400,0.731,0.009,0.260
66500,0.733,0.011,0.256
66600,0.730,0.012,0.258
66700,0.735,0.011,0.254
66800,0.746,0.011,0.243
66900,0.754,0.008,0.238
67000,0.752,0.010,0.238
67100,0.755,0.008,0.237
67200,0.748,0.009,0.243
67300,0.746,0.007,0.247
67400,0.750,0.010,0.240
67500,0.746,0.016,0.238
67600,0.748,0.017,0.235
67700,0.745,0.016,0.239
67800,0.746,0.017,0.237
67900,0.743,0.015,0.242
68000,0.751,0.016,0.233
68100,0.740,0.017,0.243
68200,0.753,0.016,0.231
68300,0.764,0.014,0.222
68400,0.754,0.020,0.226
68500,0.756,0.017,0.227
68600,0.756,0.018,0.226
68700,0.757,0.019,0.224
68800,0.759,0.021,0.220
68900,0.757,0.019,0.224
69000,0.752,0.017,0.231
69100,0.763,0.012,0.225
69200,0.768,0.011,0.221
69300,0.754,0.009,0.237
69400,0.749,0.010,0.241
69500,0.748,0.010,0.242
69600,0.744,0.010,0.246
69700,0.747,0.009,0.244
69800,0.754,0.011,0.235
69900,0.751,0.011,0.238
70000,0.755,0.008,0.237
70100,0.759,0.011,0.230
70200,0.761,0.010,0.229
70300,0.761,0.010,0.229
70400,0.760,0.009,0.231
70500,0.759,0.008,0.233
70600,0.764,0.007,0.229
70700,0.752,0.006,0.242
70800,0.760,0.006,0.234
70900,0.767,0.004,0.229
71000,0.769,0.003,0.228
71100,0.773,0.003,0.224
71200,0.783,0.005,0.212
71300,0.778,0.007,0.215
71400,0.781,0.010,0.209
71500,0.785,0.008,0.207
71600,0.779,0.008,0.213
71700,0.778,0.006,0.216
71800,0.781,0.006,0.213
71900,0.770,0.004,0.226
72000,0.772,0.003,0.225
72100,0.763,0.003,0.234
72200,0.768,0.005,0.227
72300,0.774,0.004,0.222
72400,0.783,0.003,0.214
72500,0.778,0.002,0.220
72600,0.779,0.006,0.215
72700,0.779,0.007,0.214
72800,0.783,0.006,0.211
72900,0.790,0.006,0.204
73000,0.798,0.005,0.197
73100,0.800,0.004,0.196
73200,0.801,0.004,0.195
73300,0.804,0.002,0.194
73400,0.798,0.002,0.200
73500,0.806,0.002,0.192
73600,0.810,0.001,0.189
73700,0.798,0.001,0.201
73800,0.798,0.001,0.201
73900,0.793,0.002,0.205
74000,0.790,0.001,0.209
74100,0.789,0.001,0.210
74200,0.797,0.001,0.202
74300,0.783,0.003,0.214
74400,0.788,0.003,0.209
74500,0.787,0.004,0.209
74600,0.794,0.002,0.204
74700,0.792,0.004,0.204
74800,0.785,0.003,0.212
74900,0.768,0.001,0.231
75000,0.777,0.003,0.220
75100,0.768,0.003,0.229
75200,0.766,0.003,0.231
75300,0.783,0.003,0.214
75400,0.777,0.002,0.221
75500,0.770,0.002,0.228
75600,0.781,0.006,0.213
75700,0.789,0.006,0.205
75800,0.794,0.008,0.198
75900,0.795,0.011,0.194
76000,0.782,0.010,0.208
76100,0.781,0.011,0.208
76200,0.789,0.015,0.196
76300,0.786,0.017,0.197
76400,0.791,0.017,0.192
76500,0.787,0.014,0.199
76600,0.792,0.014,0.194
76700,0.791,0.013,0.196
76800,0.784,0.012,0.204
76900,0.788,0.016,0.196
77000,0.789,0.014,0.197
77100,0.780,0.013,0.207
77200,0.772,0.012,0.216
77300,0.778,0.011,0.211
77400,0.771,0.009,0.220
77500,0.774,0.007,0.219
77600,0.766,0.012,0.222
77700,0.773,0.012,0.215
77800,0.784,0.010,0.206
77900,0.777,0.010,0.213
78000,0.770,0.012,0.218
78100,0.769,0.014,0.217
78200,0.771,0.012,0.217
78300,0.775,0.012,0.213
78400,0.775,0.012,0.213
78500,0.772,0.011,0.217
78600,0.766,0.012,0.222
78700,0.763,0.010,0.227
78800,0.766,0.011,0.223
78900,0.752,0.012,0.236
79000,0.751,0.014,0.235
79100,0.754,0.012,0.234
79200,0.756,0.009,0.235
79300,0.768,0.008,0.224
79400,0.760,0.009,0.231
79500,0.755,0.008,0.237
79600,0.754,0.006,0.240
79700,0.741,0.005,0.254
79800,0.743,0.005,0.252
79900,0.728,0.010,0.262
80000,0.727,0.009,0.264
80100,0.718,0.009,0.273
80200,0.720,0.007,0.273
80300,0.721,0.011,0.268
80400,0.711,0.010,0.279
80500,0.719,0.008,0.273
80600,0.729,0.010,0.261
80700,0.725,0.009,0.266
80800,0.727,0.006,0.267
80900,0.735,0.008,0.257
81000,0.724,0.010,0.266
81100,0.733,0.010,0.257
81200,0.743,0.011,0.246
81300,0.744,0.010,0.246
81400,0.741,0.010,0.249
81500,0.737,0.011,0.252
81600,0.728,0.010,0.262
81700,0.732,0.013,0.255
81800,0.742,0.012,0.246
81900,0.740,0.015,0.245
82000,0.740,0.016,0.244
82100,0.753,0.014,0.233
82200,0.753,0.011,0.236
82300,0.744,0.008,0.248
82400,0.741,0.010,0.249
82500,0.749,0.009,0.242
82600,0.755,0.009,0.236
82700,0.760,0.009,0.231
82800,0.770,0.008,0.222
82900,0.771,0.007,0.222
83000,0.758,0.004,0.238
83100,0.742,0.003,0.255
83200,0.756,0.002,0.242
83300,0.755,0.004,0.241
83400,0.754,0.003,0.243
83500,0.761,0.003,0.236
83600,0.762,0.003,0.235
83700,0.759,0.003,0.238
83800,0.757,0.007,0.236
83900,0.763,0.010,0.227
84000,0.765,0.009,0.226
84100,0.767,0.010,0.223
84200,0.753,0.012,0.235
84300,0.760,0.009,0.231
84400,0.768,0.012,0.220
84500,0.764,0.014,0.222
84600,0.762,0.016,0.222
84700,0.759,0.015,0.226
84800,0.749,0.013,0.238
84900,0.755,0.010,0.235
85000,0.757,0.009,0.234
85100,0.766,0.011,0.223
85200,0.765,0.008,0.227
85300,0.766,0.007,0.227
85400,0.772,0.005,0.223
85500,0.780,0.007,0.213
85600,0.777,0.009,0.214
85700,0.781,0.009,0.210
85800,0.781,0.008,0.211
85900,0.776,0.007,0.217
86000,0.767,0.007,0.226
86100,0.765,0.007,0.228
86200,0.770,0.008,0.222
86300,0.778,0.007,0.215
86400,0.778,0.009,0.213
86500,0.781,0.006,0.213
86600,0.791,0.005,0.204
86700,0.787,0.005,0.208
86800,0.794,0.005,0.201
86900,0.796,0.007,0.197
87000,0.788,0.008,0.204
87100,0.791,0.006,0.203
87200,0.796,0.006,0.198
87300,0.804,0.003,0.193
87400,0.802,0.004,0.194
87500,0.803,0.005,0.192
87600,0.805,0.005,0.190
87700,0.805,0.005,0.190
87800,0.807,0.004,0.189
87900,0.806,0.002,0.192
88000,0.803,0.003,0.194
88100,0.792,0.003,0.205
88200,0.786,0.002,0.212
88300,0.787,0.001,0.212
88400,0.786,0.003,0.211
88500,0.783,0.007,0.210
88600,0.774,0.007,0.219
88700,0.767,0.008,0.225
88800,0.766,0.010,0.224
88900,0.763,0.010,0.227
89000,0.765,0.010,0.225
89100,0.768,0.013,0.219
89200,0.763,0.011,0.226
89300,0.763,0.010,0.227
89400,0.759,0.009,0.232
89500,0.766,0.009,0.225
89600,0.773,0.006,0.221
89700,0.768,0.006,0.226
89800,0.762,0.003,0.235
89900,0.766,0.003,0.231
90000,0.757,0.002,0.241
90100,0.765,0.004,0.231
90200,0.767,0.007,0.226
90300,0.770,0.008,0.222
90400,0.765,0.010,0.225
90500,0.773,0.009,0.218
90600,0.770,0.009,0.221
90700,0.757,0.009,0.234
90800,0.757,0.012,0.231
90900,0.753,0.010,0.237
91000,0.753,0.011,0.236
91100,0.754,0.012,0.234
91200,0.752,0.013,0.235
91300,0.756,0.011,0.233
91400,0.760,0.013,0.227
91500,0.762,0.010,0.228
91600,0.759,0.010,0.231
91700,0.746,0.009,0.245
91800,0.735,0.012,0.253
91900,0.724,0.017,0.259
92000,0.722,0.015,0.263
92100,0.720,0.014,0.266
92200,0.722,0.016,0.262
92300,0.723,0.017,0.260
92400,0.716,0.015,0.269
92500,0.710,0.015,0.275
92600,0.701,0.013,0.286
92700,0.686,0.013,0.301
92800,0.690,0.012,0.298
92900,0.683,0.012,0.305
93000,0.690,0.015,0.295
93100,0.680,0.019,0.301
93200,0.685,0.019,0.296
93300,0.681,0.019,0.300
93400,0.687,0.020,0.293
93500,0.690,0.019,0.291
93600,0.690,0.017,0.293
93700,0.690,0.017,0.293
93800,0.685,0.020,0.295
93900,0.692,0.024,0.284
94000,0.690,0.024,0.286
94100,0.687,0.020,0.293
94200,0.691,0.018,0.291
94300,0.692,0.019,0.289
94400,0.688,0.024,0.288
94500,0.688,0.022,0.290
94600,0.696,0.020,0.284
94700,0.701,0.017,0.282
94800,0.700,0.012,0.288
94900,0.700,0.015,0.285
95000,0.704,0.012,0.284
95100,0.703,0.012,0.285
95200,0.697,0.010,0.293
95300,0.699,0.015,0.286
95400,0.697,0.013,0.290
95500,0.686,0.015,0.299
95600,0.681,0.013,0.306
95700,0.674,0.016,0.310
95800,0.658,0.021,0.321
95900,0.655,0.019,0.326
96000,0.656,0.018,0.326
96100,0.667,0.013,0.320
96200,0.667,0.012,0.321
96300,0.687,0.018,0.295
96400,0.689,0.015,0.296
96500,0.688,0.014,0.298
96600,0.689,0.015,0.296
96700,0.700,0.021,0.279
96800,0.715,0.021,0.264
96900,0.707,0.021,0.272
97000,0.703,0.020,0.277
97100,0.698,0.017,0.285
97200,0.698,0.017,0.285
97300,0.711,0.018,0.271
97400,0.703,0.021,0.276
97500,0.705,0.016,0.279
97600,0.704,0.015,0.281
97700,0.704,0.018,0.278
97800,0.700,0.014,0.286
97900,0.695,0.013,0.292
98000,0.703,0.015,0.282
98100,0.697,0.022,0.281
98200,0.699,0.026,0.275
98300,0.703,0.024,0.273
98400,0.716,0.021,0.263
98500,0.719,0.020,0.261
98600,0.722,0.019,0.259
98700,0.708,0.020,0.272
98800,0.705,0.018,0.277
98900,0.706,0.012,0.282
99000,0.712,0.014,0.274
99100,0.707,0.014,0.279
99200,0.711,0.015,0.274
99300,0.708,0.014,0.278
99400,0.715,0.012,0.273
99500,0.712,0.012,0.276
99600,0.708,0.013,0.279
99700,0.715,0.012,0.273
99800,0.728,0.011,0.261
99900,0.730,0.011,0.259
100000,0.732,0.011,0.257
