time,n_A+p,n_B,n_AB
100,0.342,0.250,0.408
200,0.553,0.118,0.329
300,0.658,0.092,0.250
400,0.553,0.079,0.368
500,0.671,0.039,0.289
600,0.750,0.026,0.224
700,0.816,0.026,0.158
800,0.816,0.053,0.132
900,0.855,0.026,0.118
1000,0.829,0.013,0.158
1100,0.855,0.013,0.132
1200,0.921,0.013,0.066
1300,0.882,0.013,0.105
1400,0.947,0.013,0.039
1500,0.947,0.013,0.039
1600,0.934,0.000,0.066
1700,0.908,0.000,0.092
1800,0.947,0.000,0.053
1900,0.947,0.000,0.053
2000,0.974,0.000,0.026
2100,0.987,0.000,0.013
2200,0.947,0.000,0.053
2300,0.961,0.000,0.039
2400,0.947,0.026,0.026
2500,0.987,0.000,0.013
2600,0.987,0.000,0.013
2700,0.987,0.000,0.013
2800,0.987,0.000,0.013
2900,1.000,0.000,0.000
