time,n_A+p,n_B,n_AB
500,0.030,0.937,0.033
1000,0.030,0.909,0.060
1500,0.030,0.863,0.107
2000,0.030,0.813,0.157
2500,0.030,0.774,0.196
3000,0.030,0.737,0.233
3500,0.030,0.699,0.271
4000,0.030,0.647,0.323
4500,0.030,0.602,0.368
5000,0.030,0.565,0.405
5500,0.030,0.531,0.439
6000,0.031,0.527,0.442
6500,0.032,0.485,0.482
7000,0.035,0.463,0.502
7500,0.045,0.422,0.532
8000,0.044,0.398,0.557
8500,0.048,0.391,0.561
9000,0.047,0.361,0.591
9500,0.065,0.332,0.603
10000,0.061,0.326,0.613
10500,0.059,0.296,0.645
11000,0.067,0.296,0.637
11500,0.069,0.293,0.638
12000,0.095,0.228,0.677
12500,0.108,0.226,0.666
13000,0.114,0.207,0.679
13500,0.122,0.172,0.705
14000,0.129,0.154,0.717
14500,0.140,0.159,0.702
15000,0.154,0.162,0.684
15500,0.173,0.135,0.692
16000,0.196,0.126,0.678
16500,0.197,0.113,0.691
17000,0.174,0.121,0.705
17500,0.192,0.112,0.697
18000,0.198,0.104,0.699
18500,0.207,0.099,0.694
19000,0.203,0.092,0.704
19500,0.195,0.084,0.721
20000,0.230,0.075,0.695
20500,0.243,0.070,0.687
21000,0.242,0.067,0.691
21500,0.252,0.065,0.683
22000,0.252,0.067,0.681
22500,0.279,0.051,0.670
23000,0.277,0.037,0.686
23500,0.286,0.041,0.673
24000,0.309,0.043,0.649
24500,0.320,0.051,0.629
25000,0.332,0.043,0.625
25500,0.347,0.025,0.629
26000,0.363,0.035,0.602
26500,0.370,0.037,0.592
27000,0.361,0.039,0.600
27500,0.347,0.033,0.620
28000,0.355,0.030,0.615
28500,0.346,0.028,0.626
29000,0.388,0.017,0.596
29500,0.401,0.024,0.576
30000,0.421,0.019,0.559
30500,0.439,0.011,0.550
31000,0.453,0.008,0.539
31500,0.448,0.008,0.544
32000,0.435,0.011,0.553
32500,0.449,0.015,0.536
33000,0.440,0.012,0.548
33500,0.469,0.009,0.521
34000,0.440,0.011,0.549
34500,0.453,0.013,0.533
35000,0.460,0.014,0.526
35500,0.449,0.007,0.544
36000,0.448,0.004,0.548
36500,0.447,0.011,0.542
37000,0.450,0.009,0.542
37500,0.421,0.009,0.569
38000,0.434,0.012,0.554
38500,0.430,0.009,0.561
39000,0.437,0.009,0.554
39500,0.429,0.008,0.563
40000,0.444,0.013,0.543
40500,0.433,0.018,0.548
41000,0.431,0.017,0.552
41500,0.428,0.021,0.551
42000,0.412,0.018,0.570
42500,0.429,0.016,0.554
43000,0.428,0.016,0.556
43500,0.451,0.017,0.533
44000,0.461,0.015,0.524
44500,0.470,0.014,0.516
45000,0.463,0.012,0.525
45500,0.472,0.007,0.521
46000,0.414,0.011,0.574
46500,0.413,0.015,0.572
47000,0.398,0.019,0.583
47500,0.399,0.021,0.580
48000,0.397,0.021,0.582
48500,0.406,0.013,0.582
49000,0.385,0.013,0.602
49500,0.393,0.018,0.590
50000,0.388,0.018,0.595
50500,0.387,0.021,0.593
51000,0.421,0.015,0.564
51500,0.404,0.013,0.583
52000,0.395,0.015,0.590
52500,0.419,0.015,0.567
53000,0.424,0.012,0.564
53500,0.429,0.009,0.561
54000,0.405,0.013,0.582
54500,0.398,0.029,0.574
55000,0.410,0.029,0.561
55500,0.391,0.019,0.590
56000,0.416,0.014,0.570
56500,0.413,0.012,0.575
57000,0.391,0.021,0.588
57500,0.388,0.021,0.592
58000,0.418,0.022,0.560
58500,0.414,0.016,0.570
59000,0.417,0.021,0.561
59500,0.415,0.013,0.572
60000,0.417,0.015,0.568
60500,0.431,0.020,0.548
61000,0.456,0.010,0.534
61500,0.468,0.012,0.520
62000,0.438,0.019,0.543
62500,0.425,0.013,0.561
63000,0.429,0.017,0.554
63500,0.421,0.013,0.565
64000,0.419,0.018,0.562
64500,0.404,0.011,0.585
65000,0.390,0.016,0.595
65500,0.415,0.018,0.567
66000,0.413,0.015,0.573
66500,0.408,0.022,0.570
67000,0.415,0.019,0.566
67500,0.416,0.015,0.570
68000,0.422,0.019,0.558
68500,0.409,0.011,0.580
69000,0.410,0.015,0.575
69500,0.456,0.026,0.518
70000,0.445,0.020,0.535
70500,0.444,0.010,0.546
71000,0.455,0.009,0.536
71500,0.457,0.013,0.530
72000,0.451,0.010,0.539
72500,0.447,0.005,0.547
73000,0.455,0.013,0.532
73500,0.447,0.018,0.535
74000,0.460,0.007,0.533
74500,0.468,0.008,0.524
75000,0.454,0.015,0.532
75500,0.439,0.017,0.544
76000,0.444,0.017,0.540
76500,0.448,0.015,0.538
77000,0.435,0.007,0.557
77500,0.462,0.006,0.532
78000,0.458,0.011,0.532
78500,0.445,0.009,0.546
79000,0.417,0.005,0.577
79500,0.422,0.005,0.573
80000,0.408,0.007,0.585
80500,0.433,0.007,0.559
81000,0.451,0.009,0.540
81500,0.435,0.009,0.556
82000,0.432,0.017,0.550
82500,0.439,0.021,0.540
83000,0.443,0.021,0.536
83500,0.448,0.018,0.534
84000,0.454,0.011,0.536
84500,0.454,0.011,0.535
85000,0.460,0.011,0.530
85500,0.454,0.012,0.534
86000,0.444,0.018,0.539
86500,0.465,0.011,0.524
87000,0.480,0.009,0.512
87500,0.446,0.009,0.545
88000,0.446,0.007,0.547
88500,0.445,0.009,0.546
89000,0.441,0.017,0.543
89500,0.418,0.017,0.565
90000,0.425,0.015,0.559
90500,0.413,0.012,0.575
91000,0.400,0.017,0.584
91500,0.404,0.021,0.575
92000,0.405,0.017,0.579
92500,0.409,0.013,0.578
93000,0.436,0.011,0.553
93500,0.434,0.013,0.553
94000,0.436,0.015,0.549
94500,0.441,0.009,0.550
95000,0.451,0.013,0.535
95500,0.412,0.013,0.576
96000,0.421,0.015,0.565
96500,0.448,0.014,0.538
97000,0.470,0.013,0.516
97500,0.460,0.013,0.528
98000,0.467,0.012,0.521
98500,0.446,0.007,0.547
99000,0.433,0.011,0.556
99500,0.448,0.015,0.538
100000,0.461,0.013,0.526
100500,0.454,0.015,0.531
101000,0.471,0.013,0.515
101500,0.482,0.013,0.505
102000,0.492,0.014,0.494
102500,0.481,0.009,0.509
103000,0.461,0.011,0.528
103500,0.473,0.006,0.520
104000,0.462,0.009,0.529
104500,0.451,0.006,0.543
105000,0.500,0.007,0.493
105500,0.450,0.011,0.539
106000,0.465,0.011,0.524
106500,0.474,0.008,0.518
107000,0.496,0.011,0.493
107500,0.518,0.004,0.478
108000,0.492,0.005,0.502
108500,0.492,0.005,0.503
109000,0.490,0.007,0.502
109500,0.477,0.007,0.515
110000,0.472,0.006,0.522
110500,0.466,0.008,0.526
111000,0.466,0.007,0.527
111500,0.470,0.005,0.524
112000,0.471,0.013,0.515
112500,0.471,0.009,0.520
113000,0.484,0.008,0.508
113500,0.471,0.008,0.520
114000,0.483,0.008,0.508
114500,0.481,0.008,0.510
115000,0.493,0.005,0.501
115500,0.484,0.005,0.511
116000,0.468,0.005,0.527
116500,0.460,0.004,0.536
117000,0.455,0.004,0.541
117500,0.467,0.017,0.516
118000,0.496,0.014,0.490
118500,0.503,0.014,0.483
119000,0.478,0.009,0.514
119500,0.478,0.006,0.516
120000,0.446,0.004,0.550
120500,0.472,0.011,0.517
121000,0.483,0.009,0.508
121500,0.495,0.004,0.502
122000,0.482,0.004,0.514
122500,0.488,0.005,0.507
123000,0.487,0.009,0.503
123500,0.485,0.011,0.503
124000,0.491,0.015,0.494
124500,0.484,0.009,0.507
125000,0.485,0.010,0.504
125500,0.487,0.009,0.503
126000,0.449,0.010,0.541
126500,0.451,0.013,0.536
127000,0.457,0.021,0.522
127500,0.438,0.015,0.548
128000,0.450,0.008,0.542
128500,0.443,0.011,0.546
129000,0.424,0.011,0.566
129500,0.438,0.009,0.553
130000,0.463,0.015,0.522
130500,0.441,0.025,0.535
131000,0.406,0.030,0.564
131500,0.397,0.013,0.590
132000,0.423,0.009,0.569
132500,0.457,0.012,0.531
133000,0.458,0.016,0.526
133500,0.442,0.011,0.547
134000,0.422,0.015,0.563
134500,0.411,0.018,0.571
135000,0.400,0.012,0.588
135500,0.393,0.026,0.581
136000,0.392,0.028,0.580
136500,0.408,0.022,0.570
137000,0.408,0.015,0.577
137500,0.414,0.021,0.565
138000,0.407,0.023,0.570
138500,0.389,0.026,0.585
139000,0.360,0.021,0.619
139500,0.388,0.014,0.599
140000,0.399,0.013,0.589
140500,0.390,0.013,0.597
141000,0.422,0.010,0.568
141500,0.422,0.015,0.563
142000,0.452,0.022,0.526
142500,0.456,0.026,0.518
143000,0.452,0.018,0.531
143500,0.450,0.010,0.540
144000,0.460,0.011,0.529
144500,0.474,0.006,0.520
145000,0.456,0.011,0.533
145500,0.446,0.011,0.543
146000,0.444,0.011,0.545
146500,0.435,0.013,0.552
147000,0.450,0.013,0.537
147500,0.456,0.009,0.536
148000,0.430,0.011,0.560
148500,0.424,0.018,0.559
149000,0.414,0.021,0.565
149500,0.422,0.012,0.566
150000,0.431,0.013,0.555
150500,0.418,0.005,0.576
151000,0.453,0.004,0.542
151500,0.453,0.009,0.538
152000,0.459,0.007,0.534
152500,0.478,0.010,0.512
153000,0.489,0.007,0.504
153500,0.489,0.006,0.505
154000,0.489,0.005,0.505
154500,0.489,0.013,0.498
155000,0.469,0.020,0.510
155500,0.452,0.015,0.533
156000,0.431,0.013,0.555
156500,0.426,0.015,0.558
157000,0.432,0.015,0.553
157500,0.438,0.019,0.543
158000,0.430,0.021,0.549
158500,0.417,0.017,0.566
159000,0.417,0.015,0.567
159500,0.413,0.014,0.573
160000,0.425,0.015,0.559
160500,0.451,0.019,0.529
161000,0.457,0.013,0.530
161500,0.450,0.005,0.545
162000,0.430,0.013,0.557
162500,0.440,0.011,0.549
163000,0.450,0.006,0.544
163500,0.470,0.004,0.525
164000,0.469,0.008,0.522
164500,0.449,0.003,0.548
165000,0.497,0.005,0.497
165500,0.479,0.005,0.516
166000,0.451,0.008,0.541
166500,0.452,0.015,0.533
167000,0.441,0.016,0.543
167500,0.432,0.022,0.545
168000,0.427,0.018,0.554
168500,0.446,0.014,0.540
169000,0.427,0.014,0.559
169500,0.407,0.015,0.578
170000,0.411,0.017,0.572
170500,0.432,0.017,0.552
171000,0.428,0.016,0.556
171500,0.395,0.024,0.581
172000,0.398,0.030,0.573
172500,0.405,0.023,0.572
173000,0.419,0.019,0.561
173500,0.394,0.021,0.586
174000,0.415,0.022,0.562
174500,0.384,0.020,0.597
175000,0.401,0.028,0.572
175500,0.408,0.019,0.573
176000,0.413,0.021,0.566
176500,0.407,0.021,0.572
177000,0.406,0.024,0.570
177500,0.415,0.018,0.568
178000,0.404,0.024,0.572
178500,0.401,0.018,0.581
179000,0.407,0.029,0.563
179500,0.386,0.017,0.598
180000,0.406,0.019,0.574
180500,0.407,0.018,0.575
181000,0.393,0.013,0.594
181500,0.395,0.007,0.598
182000,0.417,0.019,0.564
182500,0.403,0.019,0.578
183000,0.407,0.019,0.574
183500,0.427,0.020,0.553
184000,0.424,0.018,0.557
184500,0.422,0.017,0.562
185000,0.430,0.015,0.556
185500,0.429,0.006,0.564
186000,0.420,0.009,0.571
186500,0.469,0.008,0.523
187000,0.446,0.015,0.539
187500,0.439,0.011,0.549
188000,0.441,0.015,0.544
188500,0.445,0.018,0.537
189000,0.434,0.013,0.553
189500,0.445,0.015,0.540
190000,0.422,0.013,0.565
190500,0.424,0.013,0.562
191000,0.444,0.009,0.547
191500,0.452,0.013,0.536
192000,0.469,0.015,0.516
192500,0.460,0.011,0.529
193000,0.465,0.010,0.525
193500,0.474,0.011,0.515
194000,0.473,0.009,0.517
194500,0.471,0.011,0.517
195000,0.433,0.011,0.555
195500,0.408,0.011,0.581
196000,0.422,0.013,0.564
196500,0.422,0.011,0.567
197000,0.421,0.009,0.570
197500,0.436,0.013,0.550
198000,0.420,0.008,0.572
198500,0.408,0.005,0.587
199000,0.426,0.007,0.567
199500,0.437,0.009,0.554
200000,0.422,0.008,0.570
200500,0.445,0.005,0.550
201000,0.464,0.006,0.530
201500,0.468,0.007,0.525
202000,0.473,0.009,0.518
202500,0.468,0.019,0.513
203000,0.456,0.011,0.533
203500,0.466,0.009,0.526
204000,0.462,0.013,0.526
204500,0.459,0.011,0.529
205000,0.456,0.013,0.531
205500,0.448,0.007,0.545
206000,0.440,0.009,0.551
206500,0.426,0.014,0.559
207000,0.430,0.013,0.556
207500,0.427,0.011,0.561
208000,0.434,0.009,0.556
208500,0.474,0.007,0.519
209000,0.475,0.009,0.516
209500,0.450,0.014,0.536
210000,0.443,0.015,0.541
210500,0.426,0.015,0.559
211000,0.432,0.009,0.559
211500,0.455,0.006,0.538
212000,0.468,0.005,0.527
212500,0.461,0.011,0.527
213000,0.460,0.009,0.532
213500,0.457,0.019,0.524
214000,0.449,0.014,0.537
214500,0.445,0.015,0.540
215000,0.452,0.014,0.534
215500,0.490,0.015,0.494
216000,0.495,0.005,0.499
216500,0.526,0.006,0.468
217000,0.506,0.003,0.491
217500,0.493,0.007,0.499
218000,0.475,0.013,0.511
218500,0.455,0.011,0.533
219000,0.449,0.008,0.543
219500,0.440,0.007,0.553
220000,0.477,0.013,0.510
220500,0.452,0.015,0.534
221000,0.455,0.014,0.531
221500,0.458,0.011,0.531
222000,0.470,0.013,0.517
222500,0.465,0.010,0.525
223000,0.489,0.015,0.496
223500,0.471,0.013,0.516
224000,0.462,0.011,0.527
224500,0.489,0.018,0.492
225000,0.477,0.010,0.513
225500,0.478,0.006,0.515
226000,0.469,0.006,0.524
226500,0.467,0.009,0.524
227000,0.465,0.007,0.528
227500,0.470,0.007,0.522
228000,0.471,0.009,0.521
228500,0.472,0.006,0.522
229000,0.468,0.003,0.530
229500,0.460,0.009,0.532
230000,0.458,0.003,0.539
230500,0.464,0.009,0.527
231000,0.462,0.014,0.524
231500,0.453,0.009,0.539
232000,0.456,0.014,0.530
232500,0.429,0.012,0.559
233000,0.404,0.020,0.576
233500,0.376,0.028,0.597
234000,0.373,0.018,0.609
234500,0.370,0.029,0.602
235000,0.348,0.040,0.611
235500,0.366,0.026,0.607
236000,0.383,0.025,0.593
236500,0.374,0.032,0.594
237000,0.371,0.035,0.595
237500,0.380,0.029,0.591
238000,0.381,0.032,0.588
238500,0.364,0.026,0.610
239000,0.372,0.026,0.601
239500,0.374,0.032,0.594
240000,0.369,0.019,0.612
240500,0.390,0.015,0.595
241000,0.393,0.027,0.580
241500,0.394,0.024,0.583
242000,0.394,0.015,0.591
242500,0.417,0.020,0.563
243000,0.406,0.017,0.577
243500,0.408,0.029,0.563
244000,0.407,0.025,0.569
244500,0.417,0.021,0.562
245000,0.439,0.015,0.546
245500,0.414,0.017,0.570
246000,0.394,0.021,0.585
246500,0.382,0.026,0.592
247000,0.388,0.021,0.591
247500,0.360,0.023,0.616
248000,0.374,0.028,0.598
248500,0.387,0.025,0.588
249000,0.403,0.016,0.581
249500,0.387,0.015,0.598
250000,0.400,0.019,0.582
250500,0.433,0.022,0.544
251000,0.412,0.025,0.563
251500,0.428,0.018,0.554
252000,0.428,0.015,0.557
252500,0.445,0.017,0.538
253000,0.427,0.018,0.555
253500,0.414,0.018,0.568
254000,0.419,0.017,0.564
254500,0.419,0.018,0.563
255000,0.423,0.009,0.568
255500,0.417,0.013,0.570
256000,0.444,0.009,0.548
256500,0.429,0.012,0.558
257000,0.406,0.018,0.577
257500,0.431,0.011,0.557
258000,0.448,0.013,0.539
258500,0.465,0.013,0.523
259000,0.500,0.008,0.492
259500,0.500,0.007,0.493
260000,0.483,0.011,0.507
260500,0.519,0.004,0.476
261000,0.535,0.009,0.456
261500,0.493,0.009,0.497
262000,0.495,0.008,0.496
262500,0.511,0.011,0.478
263000,0.508,0.009,0.483
263500,0.534,0.008,0.458
264000,0.549,0.004,0.447
264500,0.539,0.004,0.456
265000,0.524,0.002,0.474
265500,0.499,0.004,0.497
266000,0.485,0.006,0.508
266500,0.506,0.005,0.489
267000,0.469,0.007,0.524
267500,0.499,0.004,0.497
268000,0.472,0.001,0.527
268500,0.467,0.002,0.531
269000,0.462,0.004,0.534
269500,0.489,0.004,0.507
270000,0.490,0.009,0.501
270500,0.506,0.006,0.488
271000,0.498,0.004,0.497
271500,0.513,0.004,0.483
272000,0.489,0.003,0.509
272500,0.493,0.001,0.507
273000,0.493,0.005,0.502
273500,0.489,0.006,0.505
274000,0.485,0.006,0.509
274500,0.482,0.011,0.507
275000,0.485,0.008,0.506
275500,0.497,0.006,0.496
276000,0.492,0.004,0.503
276500,0.491,0.006,0.502
277000,0.495,0.009,0.496
277500,0.475,0.015,0.509
278000,0.475,0.020,0.504
278500,0.455,0.013,0.532
279000,0.444,0.007,0.549
279500,0.413,0.013,0.574
280000,0.429,0.006,0.564
280500,0.423,0.013,0.563
281000,0.435,0.012,0.552
281500,0.446,0.007,0.547
282000,0.475,0.004,0.522
282500,0.487,0.011,0.503
283000,0.466,0.015,0.519
283500,0.468,0.007,0.525
284000,0.476,0.002,0.522
284500,0.460,0.008,0.532
285000,0.468,0.007,0.525
285500,0.487,0.007,0.506
286000,0.447,0.008,0.545
286500,0.442,0.009,0.549
287000,0.458,0.013,0.529
287500,0.438,0.017,0.545
288000,0.452,0.017,0.532
288500,0.470,0.013,0.517
289000,0.495,0.009,0.496
289500,0.488,0.009,0.502
290000,0.473,0.005,0.521
290500,0.484,0.005,0.511
291000,0.486,0.011,0.503
291500,0.478,0.013,0.509
292000,0.478,0.012,0.510
292500,0.490,0.013,0.497
293000,0.491,0.011,0.497
293500,0.482,0.013,0.505
294000,0.507,0.009,0.484
294500,0.528,0.009,0.462
295000,0.520,0.006,0.474
295500,0.530,0.004,0.466
296000,0.496,0.006,0.498
296500,0.487,0.005,0.508
297000,0.499,0.006,0.495
297500,0.480,0.005,0.514
298000,0.493,0.007,0.499
298500,0.474,0.004,0.522
299000,0.458,0.014,0.528
299500,0.461,0.009,0.530
300000,0.462,0.011,0.527
300500,0.470,0.012,0.518
301000,0.463,0.006,0.530
301500,0.469,0.009,0.523
302000,0.486,0.012,0.502
302500,0.509,0.008,0.483
303000,0.495,0.007,0.497
303500,0.471,0.009,0.520
304000,0.470,0.004,0.526
304500,0.469,0.011,0.521
305000,0.445,0.009,0.546
305500,0.464,0.012,0.524
306000,0.444,0.015,0.541
306500,0.446,0.019,0.535
307000,0.453,0.021,0.527
307500,0.438,0.017,0.546
308000,0.417,0.013,0.570
308500,0.449,0.011,0.541
309000,0.452,0.015,0.533
309500,0.447,0.017,0.536
310000,0.460,0.009,0.531
310500,0.452,0.013,0.535
311000,0.479,0.007,0.514
311500,0.497,0.008,0.494
312000,0.469,0.007,0.524
312500,0.455,0.009,0.536
313000,0.440,0.009,0.551
313500,0.435,0.010,0.554
314000,0.464,0.011,0.526
314500,0.483,0.019,0.497
315000,0.504,0.013,0.483
315500,0.513,0.009,0.477
316000,0.499,0.011,0.490
316500,0.503,0.008,0.489
317000,0.497,0.009,0.494
317500,0.487,0.004,0.509
318000,0.467,0.009,0.525
318500,0.485,0.011,0.503
319000,0.470,0.015,0.514
319500,0.501,0.013,0.486
320000,0.488,0.013,0.499
320500,0.492,0.013,0.495
321000,0.464,0.012,0.524
321500,0.463,0.011,0.526
322000,0.455,0.016,0.529
322500,0.468,0.013,0.519
323000,0.502,0.013,0.485
323500,0.502,0.007,0.490
324000,0.515,0.009,0.476
324500,0.524,0.004,0.472
325000,0.512,0.006,0.481
325500,0.500,0.007,0.493
326000,0.490,0.006,0.504
326500,0.482,0.006,0.511
327000,0.502,0.002,0.496
327500,0.500,0.007,0.493
328000,0.493,0.007,0.499
328500,0.488,0.004,0.508
329000,0.468,0.013,0.519
329500,0.482,0.010,0.508
330000,0.459,0.015,0.526
330500,0.450,0.014,0.536
331000,0.465,0.013,0.522
331500,0.479,0.014,0.507
332000,0.467,0.011,0.522
332500,0.477,0.005,0.518
333000,0.525,0.005,0.470
333500,0.507,0.004,0.488
334000,0.517,0.008,0.475
334500,0.492,0.004,0.504
335000,0.478,0.003,0.519
335500,0.461,0.004,0.535
336000,0.446,0.007,0.547
336500,0.452,0.018,0.531
337000,0.447,0.013,0.540
337500,0.448,0.009,0.543
338000,0.426,0.015,0.559
338500,0.399,0.013,0.588
339000,0.402,0.021,0.578
339500,0.413,0.018,0.569
340000,0.441,0.013,0.546
340500,0.445,0.011,0.544
341000,0.436,0.011,0.552
341500,0.415,0.015,0.571
342000,0.431,0.017,0.552
342500,0.439,0.013,0.548
343000,0.433,0.017,0.549
343500,0.420,0.013,0.567
344000,0.411,0.013,0.576
344500,0.419,0.013,0.568
345000,0.456,0.017,0.527
345500,0.466,0.009,0.525
346000,0.453,0.009,0.538
346500,0.402,0.013,0.586
347000,0.415,0.018,0.567
347500,0.425,0.015,0.560
348000,0.427,0.026,0.546
348500,0.440,0.018,0.542
349000,0.446,0.015,0.539
349500,0.432,0.009,0.559
350000,0.441,0.010,0.549
350500,0.452,0.009,0.539
351000,0.452,0.009,0.540
351500,0.446,0.013,0.542
352000,0.434,0.025,0.540
352500,0.420,0.016,0.564
353000,0.421,0.009,0.570
353500,0.453,0.004,0.543
354000,0.458,0.002,0.540
354500,0.454,0.003,0.544
355000,0.481,0.003,0.516
355500,0.493,0.002,0.505
356000,0.488,0.001,0.511
356500,0.490,0.011,0.499
357000,0.476,0.009,0.515
357500,0.474,0.009,0.517
358000,0.455,0.011,0.533
358500,0.458,0.011,0.531
359000,0.447,0.013,0.541
359500,0.413,0.024,0.563
360000,0.415,0.023,0.561
360500,0.414,0.029,0.557
361000,0.436,0.024,0.540
361500,0.436,0.015,0.549
362000,0.423,0.007,0.570
362500,0.422,0.015,0.562
363000,0.425,0.011,0.565
363500,0.425,0.011,0.564
364000,0.450,0.016,0.534
364500,0.438,0.025,0.537
365000,0.452,0.015,0.533
365500,0.448,0.011,0.541
366000,0.444,0.009,0.547
366500,0.413,0.015,0.572
367000,0.411,0.019,0.570
367500,0.418,0.015,0.567
368000,0.412,0.019,0.568
368500,0.445,0.019,0.536
369000,0.427,0.015,0.557
369500,0.449,0.011,0.540
370000,0.495,0.013,0.492
370500,0.505,0.010,0.485
371000,0.505,0.005,0.490
371500,0.506,0.009,0.484
372000,0.517,0.007,0.476
372500,0.508,0.004,0.487
373000,0.508,0.005,0.487
373500,0.503,0.006,0.490
374000,0.504,0.007,0.489
374500,0.505,0.002,0.493
375000,0.514,0.001,0.485
375500,0.516,0.004,0.480
376000,0.506,0.003,0.491
376500,0.507,0.004,0.489
377000,0.527,0.007,0.466
377500,0.527,0.006,0.466
378000,0.517,0.004,0.479
378500,0.518,0.004,0.478
379000,0.535,0.005,0.460
379500,0.516,0.004,0.479
380000,0.504,0.006,0.489
380500,0.505,0.012,0.483
381000,0.494,0.011,0.495
381500,0.481,0.008,0.510
382000,0.466,0.012,0.522
382500,0.461,0.010,0.529
383000,0.447,0.011,0.542
383500,0.447,0.009,0.544
384000,0.456,0.015,0.529
384500,0.463,0.015,0.522
385000,0.473,0.013,0.515
385500,0.454,0.018,0.528
386000,0.453,0.015,0.532
386500,0.413,0.011,0.577
387000,0.435,0.013,0.552
387500,0.436,0.009,0.555
388000,0.440,0.008,0.552
388500,0.403,0.020,0.577
389000,0.414,0.017,0.570
389500,0.423,0.011,0.566
390000,0.420,0.007,0.573
390500,0.428,0.017,0.554
391000,0.437,0.012,0.551
391500,0.443,0.015,0.543
392000,0.412,0.020,0.568
392500,0.384,0.015,0.602
393000,0.382,0.025,0.593
393500,0.380,0.022,0.598
394000,0.392,0.025,0.584
394500,0.404,0.023,0.574
395000,0.435,0.018,0.546
395500,0.425,0.015,0.559
396000,0.434,0.018,0.547
396500,0.438,0.021,0.542
397000,0.438,0.013,0.549
397500,0.428,0.019,0.553
398000,0.434,0.014,0.552
398500,0.417,0.009,0.573
399000,0.441,0.013,0.547
399500,0.444,0.009,0.547
400000,0.453,0.013,0.534
400500,0.453,0.013,0.534
401000,0.459,0.009,0.532
401500,0.464,0.010,0.526
402000,0.466,0.013,0.521
402500,0.455,0.011,0.534
403000,0.477,0.018,0.504
403500,0.460,0.010,0.530
404000,0.444,0.009,0.548
404500,0.445,0.006,0.548
405000,0.457,0.005,0.537
405500,0.486,0.007,0.507
406000,0.480,0.008,0.512
406500,0.476,0.012,0.512
407000,0.465,0.009,0.526
407500,0.463,0.011,0.526
408000,0.455,0.011,0.533
408500,0.454,0.009,0.537
409000,0.460,0.010,0.530
409500,0.463,0.007,0.530
410000,0.461,0.011,0.528
410500,0.459,0.009,0.532
411000,0.442,0.008,0.550
411500,0.472,0.011,0.516
412000,0.501,0.010,0.489
412500,0.496,0.004,0.500
413000,0.498,0.005,0.497
413500,0.498,0.004,0.498
414000,0.473,0.005,0.522
414500,0.479,0.006,0.515
415000,0.479,0.013,0.509
415500,0.516,0.006,0.477
416000,0.524,0.004,0.471
416500,0.516,0.007,0.477
417000,0.528,0.004,0.468
417500,0.519,0.003,0.478
418000,0.522,0.007,0.471
418500,0.489,0.014,0.496
419000,0.466,0.014,0.520
419500,0.448,0.013,0.540
420000,0.443,0.017,0.540
420500,0.456,0.011,0.534
421000,0.466,0.007,0.527
421500,0.485,0.006,0.508
422000,0.492,0.010,0.498
422500,0.488,0.013,0.499
423000,0.495,0.009,0.496
423500,0.506,0.009,0.485
424000,0.561,0.006,0.432
424500,0.557,0.004,0.439
425000,0.531,0.009,0.460
425500,0.532,0.009,0.459
426000,0.499,0.009,0.491
426500,0.518,0.007,0.474
427000,0.534,0.006,0.459
427500,0.509,0.009,0.482
428000,0.474,0.007,0.519
428500,0.453,0.009,0.539
429000,0.451,0.009,0.539
429500,0.453,0.009,0.538
430000,0.463,0.013,0.523
430500,0.470,0.013,0.517
431000,0.448,0.013,0.539
431500,0.431,0.016,0.552
432000,0.445,0.013,0.541
432500,0.439,0.023,0.538
433000,0.413,0.015,0.572
433500,0.399,0.013,0.588
434000,0.381,0.018,0.601
434500,0.357,0.017,0.626
435000,0.377,0.016,0.607
435500,0.384,0.015,0.601
436000,0.402,0.022,0.576
436500,0.375,0.026,0.599
437000,0.363,0.027,0.610
437500,0.383,0.022,0.595
438000,0.397,0.027,0.576
438500,0.382,0.022,0.596
439000,0.382,0.017,0.602
439500,0.399,0.015,0.586
440000,0.430,0.017,0.552
440500,0.412,0.016,0.572
441000,0.409,0.026,0.565
441500,0.410,0.021,0.569
442000,0.392,0.021,0.588
442500,0.416,0.011,0.573
443000,0.456,0.012,0.532
443500,0.461,0.009,0.530
444000,0.447,0.011,0.542
444500,0.463,0.011,0.526
445000,0.474,0.005,0.520
445500,0.477,0.015,0.507
446000,0.483,0.008,0.508
446500,0.479,0.007,0.513
447000,0.447,0.011,0.542
447500,0.414,0.019,0.567
448000,0.431,0.016,0.553
448500,0.461,0.019,0.520
449000,0.427,0.029,0.543
449500,0.447,0.023,0.530
450000,0.446,0.013,0.541
450500,0.448,0.013,0.539
451000,0.453,0.013,0.533
451500,0.461,0.013,0.526
452000,0.450,0.014,0.536
452500,0.448,0.012,0.540
453000,0.430,0.013,0.557
453500,0.427,0.012,0.560
454000,0.440,0.017,0.544
454500,0.444,0.015,0.541
455000,0.461,0.012,0.527
455500,0.485,0.004,0.511
456000,0.472,0.007,0.521
456500,0.452,0.013,0.535
457000,0.445,0.013,0.543
457500,0.447,0.011,0.542
458000,0.448,0.010,0.542
458500,0.440,0.009,0.551
459000,0.454,0.007,0.539
459500,0.467,0.009,0.524
460000,0.439,0.007,0.553
460500,0.403,0.011,0.587
461000,0.405,0.018,0.577
461500,0.418,0.018,0.564
462000,0.411,0.016,0.573
462500,0.418,0.018,0.564
463000,0.412,0.015,0.573
463500,0.405,0.018,0.578
464000,0.424,0.011,0.565
464500,0.409,0.016,0.575
465000,0.395,0.019,0.586
465500,0.423,0.021,0.555
466000,0.410,0.012,0.578
466500,0.419,0.018,0.562
467000,0.395,0.018,0.587
467500,0.409,0.013,0.578
468000,0.422,0.017,0.560
468500,0.414,0.015,0.571
469000,0.455,0.018,0.527
469500,0.458,0.025,0.517
470000,0.436,0.013,0.551
470500,0.426,0.012,0.562
471000,0.402,0.015,0.583
471500,0.413,0.019,0.568
472000,0.407,0.030,0.562
472500,0.409,0.032,0.559
473000,0.407,0.029,0.564
473500,0.406,0.025,0.570
474000,0.389,0.023,0.588
474500,0.393,0.025,0.582
475000,0.417,0.019,0.564
475500,0.410,0.018,0.572
476000,0.418,0.018,0.563
476500,0.416,0.015,0.568
477000,0.429,0.017,0.554
477500,0.427,0.011,0.562
478000,0.438,0.015,0.547
478500,0.437,0.011,0.551
479000,0.424,0.017,0.559
479500,0.457,0.021,0.522
480000,0.462,0.015,0.524
480500,0.455,0.013,0.532
481000,0.455,0.015,0.530
481500,0.446,0.006,0.548
482000,0.424,0.010,0.566
482500,0.436,0.022,0.541
483000,0.432,0.016,0.552
483500,0.435,0.030,0.534
484000,0.434,0.027,0.539
484500,0.403,0.025,0.572
485000,0.387,0.024,0.590
485500,0.420,0.025,0.555
486000,0.436,0.015,0.548
486500,0.446,0.016,0.538
487000,0.426,0.016,0.557
487500,0.432,0.018,0.550
488000,0.436,0.018,0.547
488500,0.416,0.013,0.571
489000,0.421,0.009,0.570
489500,0.426,0.012,0.562
490000,0.444,0.011,0.546
490500,0.446,0.012,0.542
491000,0.439,0.016,0.545
491500,0.428,0.018,0.554
492000,0.418,0.011,0.571
492500,0.403,0.015,0.582
493000,0.409,0.012,0.579
493500,0.399,0.018,0.583
494000,0.409,0.015,0.575
494500,0.433,0.015,0.551
495000,0.424,0.022,0.554
495500,0.444,0.015,0.541
496000,0.469,0.012,0.519
496500,0.446,0.013,0.542
497000,0.455,0.011,0.534
497500,0.448,0.011,0.541
498000,0.474,0.015,0.511
498500,0.474,0.011,0.514
499000,0.461,0.017,0.522
499500,0.441,0.018,0.541
500000,0.443,0.014,0.543
500500,0.422,0.017,0.560
501000,0.453,0.019,0.527
501500,0.456,0.011,0.533
502000,0.469,0.009,0.522
502500,0.432,0.011,0.557
503000,0.450,0.010,0.540
503500,0.427,0.006,0.566
504000,0.429,0.003,0.568
504500,0.435,0.006,0.559
505000,0.440,0.011,0.550
505500,0.439,0.018,0.542
506000,0.448,0.017,0.536
506500,0.458,0.013,0.530
507000,0.468,0.009,0.523
507500,0.450,0.004,0.546
508000,0.430,0.011,0.559
508500,0.443,0.010,0.547
509000,0.456,0.009,0.536
509500,0.460,0.012,0.528
510000,0.478,0.010,0.512
510500,0.475,0.006,0.518
511000,0.480,0.011,0.509
511500,0.494,0.013,0.493
512000,0.474,0.009,0.517
512500,0.469,0.009,0.522
513000,0.460,0.009,0.532
513500,0.433,0.011,0.556
514000,0.414,0.009,0.578
514500,0.443,0.017,0.540
515000,0.435,0.013,0.552
515500,0.439,0.015,0.546
516000,0.422,0.015,0.563
516500,0.420,0.016,0.564
517000,0.427,0.014,0.558
517500,0.418,0.010,0.572
518000,0.412,0.013,0.575
518500,0.398,0.010,0.593
519000,0.423,0.015,0.561
519500,0.414,0.017,0.569
520000,0.417,0.013,0.571
520500,0.422,0.009,0.570
521000,0.446,0.017,0.538
521500,0.436,0.011,0.553
522000,0.425,0.011,0.564
522500,0.427,0.007,0.565
523000,0.434,0.011,0.555
523500,0.447,0.007,0.546
524000,0.467,0.007,0.525
524500,0.482,0.006,0.511
525000,0.499,0.006,0.495
525500,0.500,0.003,0.497
526000,0.471,0.008,0.521
526500,0.479,0.010,0.510
527000,0.495,0.009,0.496
527500,0.504,0.010,0.486
528000,0.503,0.011,0.485
528500,0.487,0.008,0.505
529000,0.476,0.014,0.510
529500,0.475,0.008,0.516
530000,0.478,0.006,0.516
530500,0.475,0.006,0.518
531000,0.450,0.009,0.541
531500,0.451,0.006,0.543
532000,0.444,0.009,0.548
532500,0.424,0.016,0.560
533000,0.434,0.016,0.549
533500,0.442,0.018,0.540
534000,0.449,0.013,0.538
534500,0.469,0.019,0.511
535000,0.451,0.017,0.532
535500,0.474,0.013,0.512
536000,0.463,0.006,0.530
536500,0.451,0.005,0.544
537000,0.467,0.011,0.523
537500,0.451,0.009,0.540
538000,0.441,0.005,0.553
538500,0.437,0.009,0.554
539000,0.426,0.009,0.566
539500,0.457,0.015,0.528
540000,0.480,0.013,0.507
540500,0.447,0.009,0.544
541000,0.446,0.010,0.544
541500,0.425,0.011,0.565
542000,0.384,0.016,0.601
542500,0.384,0.015,0.601
543000,0.389,0.022,0.589
543500,0.411,0.018,0.571
544000,0.400,0.022,0.579
544500,0.394,0.020,0.586
545000,0.403,0.019,0.578
545500,0.387,0.019,0.594
546000,0.376,0.021,0.603
546500,0.425,0.021,0.554
547000,0.417,0.018,0.564
547500,0.425,0.020,0.554
548000,0.400,0.028,0.573
548500,0.372,0.024,0.603
549000,0.396,0.014,0.590
549500,0.403,0.017,0.580
550000,0.396,0.015,0.590
550500,0.423,0.015,0.561
551000,0.450,0.017,0.534
551500,0.430,0.015,0.555
552000,0.429,0.011,0.560
552500,0.447,0.011,0.542
553000,0.487,0.007,0.506
553500,0.487,0.007,0.506
554000,0.494,0.006,0.500
554500,0.474,0.007,0.518
555000,0.482,0.005,0.513
555500,0.497,0.005,0.497
556000,0.496,0.012,0.492
556500,0.506,0.006,0.488
557000,0.506,0.006,0.488
557500,0.503,0.003,0.494
558000,0.504,0.005,0.490
558500,0.508,0.007,0.484
559000,0.521,0.009,0.470
559500,0.531,0.004,0.465
560000,0.560,0.006,0.433
560500,0.555,0.005,0.439
561000,0.551,0.004,0.445
561500,0.526,0.003,0.471
562000,0.510,0.011,0.478
562500,0.520,0.009,0.470
563000,0.490,0.003,0.507
563500,0.457,0.001,0.542
564000,0.473,0.003,0.523
564500,0.459,0.009,0.532
565000,0.465,0.009,0.525
565500,0.483,0.009,0.508
566000,0.495,0.008,0.496
566500,0.518,0.011,0.471
567000,0.526,0.011,0.462
567500,0.505,0.010,0.485
568000,0.485,0.008,0.507
568500,0.466,0.009,0.525
569000,0.472,0.015,0.513
569500,0.467,0.009,0.524
570000,0.465,0.011,0.524
570500,0.478,0.014,0.508
571000,0.440,0.014,0.546
571500,0.446,0.010,0.544
572000,0.433,0.009,0.557
572500,0.413,0.009,0.579
573000,0.457,0.009,0.534
573500,0.478,0.009,0.513
574000,0.472,0.012,0.516
574500,0.442,0.009,0.549
575000,0.445,0.011,0.545
575500,0.449,0.009,0.542
576000,0.450,0.011,0.539
576500,0.456,0.012,0.532
577000,0.428,0.013,0.558
577500,0.438,0.017,0.546
578000,0.431,0.010,0.559
578500,0.444,0.016,0.540
579000,0.415,0.015,0.570
579500,0.415,0.013,0.572
580000,0.438,0.015,0.547
580500,0.442,0.009,0.550
581000,0.434,0.007,0.559
581500,0.423,0.007,0.569
582000,0.437,0.013,0.550
582500,0.436,0.019,0.545
583000,0.418,0.022,0.559
583500,0.387,0.018,0.595
584000,0.395,0.021,0.584
584500,0.399,0.011,0.590
585000,0.396,0.007,0.597
585500,0.420,0.009,0.571
586000,0.390,0.009,0.602
586500,0.386,0.015,0.600
587000,0.387,0.022,0.591
587500,0.368,0.019,0.613
588000,0.370,0.023,0.607
588500,0.367,0.033,0.600
589000,0.397,0.033,0.571
589500,0.383,0.022,0.595
590000,0.414,0.026,0.560
590500,0.426,0.018,0.555
591000,0.424,0.009,0.566
591500,0.427,0.016,0.557
592000,0.401,0.018,0.582
592500,0.392,0.016,0.592
593000,0.387,0.019,0.594
593500,0.403,0.022,0.575
594000,0.435,0.025,0.539
594500,0.442,0.015,0.543
595000,0.473,0.013,0.514
595500,0.473,0.010,0.516
596000,0.478,0.008,0.514
596500,0.474,0.007,0.518
597000,0.463,0.005,0.532
597500,0.470,0.005,0.525
598000,0.526,0.002,0.472
598500,0.524,0.001,0.475
599000,0.502,0.000,0.498
599500,0.501,0.007,0.492
600000,0.502,0.003,0.495
600500,0.503,0.006,0.491
601000,0.506,0.007,0.486
601500,0.500,0.013,0.487
602000,0.522,0.009,0.468
602500,0.525,0.005,0.470
603000,0.519,0.007,0.474
603500,0.507,0.009,0.484
604000,0.486,0.005,0.509
604500,0.468,0.010,0.522
605000,0.461,0.007,0.532
605500,0.460,0.011,0.530
606000,0.457,0.004,0.538
606500,0.495,0.003,0.501
607000,0.516,0.001,0.483
607500,0.498,0.002,0.500
608000,0.499,0.004,0.496
608500,0.503,0.006,0.491
609000,0.523,0.003,0.474
609500,0.502,0.015,0.482
610000,0.477,0.009,0.514
610500,0.473,0.008,0.519
611000,0.477,0.009,0.513
611500,0.456,0.011,0.533
612000,0.446,0.007,0.547
612500,0.481,0.006,0.513
613000,0.519,0.002,0.479
613500,0.538,0.003,0.459
614000,0.521,0.005,0.473
614500,0.484,0.015,0.501
615000,0.486,0.019,0.494
615500,0.497,0.018,0.484
616000,0.489,0.011,0.500
616500,0.502,0.009,0.489
617000,0.513,0.018,0.469
617500,0.508,0.008,0.484
618000,0.517,0.004,0.479
618500,0.513,0.002,0.485
619000,0.505,0.003,0.492
619500,0.516,0.011,0.472
620000,0.507,0.005,0.487
620500,0.516,0.006,0.477
621000,0.518,0.003,0.479
621500,0.519,0.003,0.478
622000,0.517,0.004,0.478
622500,0.509,0.004,0.487
623000,0.482,0.005,0.513
623500,0.448,0.006,0.546
624000,0.459,0.004,0.537
624500,0.457,0.004,0.538
625000,0.469,0.011,0.520
625500,0.480,0.007,0.513
626000,0.491,0.009,0.500
626500,0.471,0.005,0.523
627000,0.450,0.007,0.543
627500,0.467,0.004,0.529
628000,0.464,0.003,0.534
628500,0.457,0.005,0.537
629000,0.450,0.009,0.541
629500,0.461,0.012,0.527
630000,0.453,0.009,0.537
630500,0.442,0.009,0.549
631000,0.465,0.013,0.522
631500,0.455,0.009,0.537
632000,0.476,0.007,0.516
632500,0.443,0.003,0.554
633000,0.426,0.010,0.564
633500,0.425,0.011,0.564
634000,0.445,0.011,0.544
634500,0.469,0.010,0.520
635000,0.488,0.010,0.502
635500,0.479,0.014,0.506
636000,0.455,0.014,0.531
636500,0.467,0.013,0.520
637000,0.461,0.011,0.528
637500,0.451,0.009,0.540
638000,0.467,0.015,0.518
638500,0.453,0.018,0.529
639000,0.439,0.009,0.551
639500,0.455,0.005,0.540
640000,0.465,0.005,0.530
640500,0.444,0.014,0.542
641000,0.425,0.013,0.561
641500,0.450,0.015,0.535
642000,0.469,0.019,0.511
642500,0.455,0.013,0.531
643000,0.450,0.009,0.541
643500,0.470,0.004,0.526
644000,0.486,0.007,0.506
644500,0.483,0.005,0.511
645000,0.521,0.003,0.476
645500,0.523,0.009,0.468
646000,0.518,0.003,0.479
646500,0.515,0.004,0.481
647000,0.477,0.007,0.516
647500,0.425,0.006,0.569
648000,0.435,0.011,0.554
648500,0.423,0.013,0.564
649000,0.441,0.009,0.550
649500,0.440,0.019,0.541
650000,0.431,0.015,0.554
650500,0.431,0.015,0.553
651000,0.435,0.021,0.544
651500,0.458,0.011,0.531
652000,0.456,0.013,0.532
652500,0.452,0.015,0.534
653000,0.451,0.015,0.534
653500,0.470,0.018,0.511
654000,0.469,0.018,0.512
654500,0.453,0.013,0.534
655000,0.458,0.009,0.533
655500,0.462,0.007,0.531
656000,0.484,0.009,0.508
656500,0.488,0.002,0.510
657000,0.538,0.003,0.459
657500,0.522,0.001,0.477
658000,0.526,0.005,0.468
658500,0.526,0.005,0.468
659000,0.508,0.009,0.482
659500,0.484,0.007,0.509
660000,0.487,0.007,0.505
660500,0.448,0.007,0.545
661000,0.450,0.004,0.546
661500,0.466,0.013,0.522
662000,0.446,0.015,0.539
662500,0.427,0.015,0.557
663000,0.421,0.013,0.567
663500,0.435,0.015,0.550
664000,0.440,0.011,0.549
664500,0.450,0.007,0.543
665000,0.438,0.014,0.548
665500,0.453,0.011,0.536
666000,0.469,0.009,0.523
666500,0.433,0.006,0.560
667000,0.441,0.015,0.543
667500,0.440,0.018,0.543
668000,0.450,0.021,0.529
668500,0.468,0.021,0.511
669000,0.454,0.020,0.526
669500,0.440,0.015,0.546
670000,0.424,0.010,0.566
670500,0.461,0.008,0.531
671000,0.447,0.006,0.547
671500,0.432,0.005,0.562
672000,0.463,0.004,0.534
672500,0.452,0.004,0.545
673000,0.453,0.013,0.535
673500,0.463,0.011,0.526
674000,0.483,0.009,0.507
674500,0.482,0.013,0.504
675000,0.510,0.010,0.480
675500,0.490,0.013,0.496
676000,0.492,0.011,0.497
676500,0.489,0.006,0.505
677000,0.461,0.013,0.527
677500,0.442,0.013,0.545
678000,0.446,0.019,0.535
678500,0.467,0.009,0.523
679000,0.488,0.009,0.504
679500,0.499,0.006,0.494
680000,0.448,0.009,0.544
680500,0.449,0.010,0.541
681000,0.450,0.009,0.542
681500,0.451,0.009,0.540
682000,0.481,0.011,0.509
682500,0.481,0.009,0.510
683000,0.473,0.007,0.520
683500,0.488,0.006,0.506
684000,0.495,0.011,0.494
684500,0.488,0.005,0.507
685000,0.485,0.005,0.509
685500,0.500,0.002,0.498
686000,0.504,0.005,0.490
686500,0.530,0.007,0.462
687000,0.522,0.007,0.471
687500,0.506,0.005,0.488
688000,0.480,0.007,0.513
688500,0.487,0.007,0.506
689000,0.507,0.006,0.487
689500,0.489,0.005,0.505
690000,0.476,0.008,0.516
690500,0.467,0.008,0.525
691000,0.475,0.009,0.516
691500,0.503,0.014,0.483
692000,0.524,0.006,0.470
692500,0.531,0.002,0.467
693000,0.547,0.001,0.452
693500,0.557,0.002,0.441
694000,0.545,0.002,0.453
694500,0.521,0.001,0.478
695000,0.504,0.002,0.494
695500,0.506,0.005,0.488
696000,0.527,0.007,0.466
696500,0.501,0.004,0.495
697000,0.486,0.006,0.508
697500,0.463,0.012,0.525
698000,0.454,0.015,0.531
698500,0.458,0.012,0.530
699000,0.449,0.016,0.535
699500,0.445,0.015,0.540
700000,0.453,0.009,0.537
700500,0.446,0.012,0.542
701000,0.417,0.009,0.573
701500,0.434,0.012,0.553
702000,0.464,0.007,0.529
702500,0.482,0.007,0.511
703000,0.517,0.006,0.477
703500,0.519,0.009,0.472
704000,0.539,0.006,0.455
704500,0.532,0.007,0.460
705000,0.536,0.007,0.456
705500,0.545,0.010,0.445
706000,0.551,0.006,0.443
706500,0.553,0.004,0.443
707000,0.548,0.003,0.449
707500,0.534,0.003,0.463
708000,0.537,0.003,0.460
708500,0.523,0.002,0.475
709000,0.522,0.002,0.476
709500,0.525,0.002,0.473
710000,0.514,0.001,0.485
710500,0.486,0.009,0.504
711000,0.472,0.016,0.512
711500,0.473,0.013,0.513
712000,0.453,0.011,0.536
712500,0.467,0.010,0.523
713000,0.480,0.007,0.512
713500,0.465,0.010,0.525
714000,0.438,0.011,0.551
714500,0.431,0.017,0.552
715000,0.424,0.015,0.562
715500,0.423,0.015,0.562
716000,0.389,0.017,0.594
716500,0.408,0.021,0.571
717000,0.398,0.027,0.576
717500,0.417,0.018,0.565
718000,0.406,0.013,0.582
718500,0.429,0.021,0.549
719000,0.415,0.021,0.564
719500,0.401,0.022,0.577
720000,0.415,0.024,0.561
720500,0.412,0.018,0.569
721000,0.441,0.017,0.542
721500,0.444,0.014,0.542
722000,0.455,0.016,0.529
722500,0.471,0.009,0.519
723000,0.456,0.011,0.534
723500,0.450,0.008,0.542
724000,0.468,0.006,0.526
724500,0.503,0.005,0.491
725000,0.487,0.011,0.502
725500,0.471,0.011,0.518
726000,0.449,0.009,0.541
726500,0.465,0.009,0.526
727000,0.446,0.006,0.548
727500,0.456,0.011,0.533
728000,0.427,0.006,0.567
728500,0.461,0.005,0.534
729000,0.451,0.005,0.544
729500,0.422,0.017,0.560
730000,0.424,0.022,0.554
730500,0.457,0.018,0.525
731000,0.466,0.015,0.519
731500,0.449,0.018,0.532
732000,0.470,0.025,0.504
732500,0.466,0.014,0.520
733000,0.450,0.009,0.542
733500,0.427,0.014,0.559
734000,0.433,0.022,0.544
734500,0.426,0.015,0.558
735000,0.428,0.007,0.565
735500,0.422,0.016,0.561
736000,0.411,0.018,0.571
736500,0.424,0.018,0.557
737000,0.438,0.013,0.550
737500,0.439,0.009,0.552
738000,0.427,0.019,0.553
738500,0.416,0.015,0.570
739000,0.382,0.021,0.598
739500,0.399,0.026,0.575
740000,0.403,0.019,0.578
740500,0.376,0.024,0.601
741000,0.394,0.027,0.580
741500,0.401,0.021,0.579
742000,0.416,0.020,0.564
742500,0.404,0.025,0.572
743000,0.403,0.016,0.581
743500,0.401,0.017,0.582
744000,0.396,0.024,0.581
744500,0.388,0.029,0.584
745000,0.398,0.015,0.587
745500,0.409,0.013,0.579
746000,0.431,0.013,0.556
746500,0.424,0.009,0.568
747000,0.441,0.007,0.551
747500,0.450,0.004,0.546
748000,0.476,0.004,0.521
748500,0.464,0.005,0.531
749000,0.498,0.003,0.499
749500,0.497,0.007,0.495
750000,0.505,0.013,0.481
750500,0.486,0.013,0.502
751000,0.488,0.009,0.504
751500,0.458,0.004,0.538
752000,0.469,0.006,0.524
752500,0.464,0.011,0.525
753000,0.474,0.009,0.517
753500,0.478,0.010,0.512
754000,0.467,0.009,0.524
754500,0.453,0.009,0.538
755000,0.494,0.011,0.494
755500,0.463,0.004,0.533
756000,0.474,0.007,0.518
756500,0.484,0.005,0.511
757000,0.478,0.003,0.519
757500,0.483,0.004,0.513
758000,0.477,0.005,0.517
758500,0.507,0.006,0.487
759000,0.475,0.004,0.521
759500,0.474,0.006,0.519
760000,0.493,0.003,0.504
760500,0.472,0.003,0.526
761000,0.485,0.005,0.509
761500,0.482,0.008,0.510
762000,0.467,0.009,0.524
762500,0.482,0.008,0.510
763000,0.474,0.014,0.512
763500,0.494,0.008,0.498
764000,0.476,0.012,0.512
764500,0.484,0.012,0.504
765000,0.493,0.011,0.496
765500,0.494,0.011,0.494
766000,0.459,0.009,0.533
766500,0.500,0.005,0.494
767000,0.499,0.004,0.496
767500,0.496,0.009,0.494
768000,0.492,0.013,0.495
768500,0.479,0.012,0.508
769000,0.452,0.011,0.537
769500,0.471,0.015,0.514
770000,0.467,0.018,0.515
770500,0.467,0.013,0.520
771000,0.447,0.010,0.543
771500,0.461,0.017,0.523
772000,0.444,0.013,0.543
772500,0.424,0.018,0.558
773000,0.456,0.018,0.527
773500,0.451,0.019,0.529
774000,0.448,0.016,0.536
774500,0.439,0.012,0.549
775000,0.420,0.013,0.567
775500,0.446,0.009,0.545
776000,0.459,0.014,0.527
776500,0.432,0.013,0.554
777000,0.425,0.019,0.555
777500,0.426,0.011,0.563
778000,0.422,0.014,0.564
778500,0.434,0.007,0.558
779000,0.436,0.006,0.558
779500,0.464,0.014,0.522
780000,0.474,0.013,0.513
780500,0.459,0.011,0.530
781000,0.428,0.011,0.561
781500,0.418,0.009,0.572
782000,0.415,0.012,0.573
782500,0.440,0.012,0.548
783000,0.438,0.009,0.553
783500,0.412,0.009,0.579
784000,0.415,0.009,0.576
784500,0.423,0.016,0.560
785000,0.417,0.011,0.572
785500,0.438,0.012,0.550
786000,0.435,0.009,0.556
786500,0.439,0.010,0.551
787000,0.434,0.009,0.558
787500,0.436,0.016,0.547
788000,0.435,0.021,0.543
788500,0.415,0.018,0.567
789000,0.413,0.018,0.569
789500,0.432,0.013,0.555
790000,0.438,0.009,0.554
790500,0.421,0.007,0.572
791000,0.405,0.011,0.585
791500,0.407,0.018,0.575
792000,0.447,0.011,0.542
792500,0.431,0.010,0.558
793000,0.441,0.007,0.552
793500,0.450,0.006,0.544
794000,0.443,0.004,0.554
794500,0.466,0.004,0.531
795000,0.473,0.005,0.522
795500,0.467,0.011,0.521
796000,0.475,0.004,0.520
796500,0.483,0.009,0.507
797000,0.495,0.004,0.501
797500,0.491,0.004,0.506
798000,0.467,0.012,0.521
798500,0.490,0.004,0.506
799000,0.491,0.010,0.498
799500,0.469,0.010,0.521
800000,0.470,0.009,0.521
800500,0.478,0.013,0.509
801000,0.470,0.013,0.517
801500,0.454,0.007,0.539
802000,0.447,0.013,0.540
802500,0.437,0.011,0.551
803000,0.452,0.011,0.537
803500,0.445,0.011,0.544
804000,0.458,0.006,0.536
804500,0.474,0.006,0.519
805000,0.505,0.009,0.486
805500,0.525,0.009,0.466
806000,0.494,0.009,0.497
806500,0.471,0.011,0.519
807000,0.468,0.010,0.522
807500,0.458,0.009,0.533
808000,0.476,0.009,0.515
808500,0.492,0.012,0.496
809000,0.494,0.017,0.489
809500,0.472,0.013,0.516
810000,0.460,0.009,0.531
810500,0.454,0.013,0.534
811000,0.446,0.007,0.547
811500,0.458,0.009,0.533
812000,0.440,0.013,0.547
812500,0.461,0.011,0.529
813000,0.475,0.007,0.517
813500,0.460,0.013,0.527
814000,0.481,0.009,0.510
814500,0.471,0.009,0.520
815000,0.462,0.007,0.531
815500,0.496,0.005,0.498
816000,0.500,0.009,0.491
816500,0.482,0.013,0.506
817000,0.463,0.017,0.521
817500,0.442,0.015,0.543
818000,0.449,0.011,0.540
818500,0.465,0.016,0.519
819000,0.439,0.007,0.554
819500,0.433,0.013,0.554
820000,0.458,0.010,0.532
820500,0.478,0.007,0.515
821000,0.458,0.013,0.529
821500,0.467,0.016,0.517
822000,0.442,0.015,0.543
822500,0.439,0.015,0.546
823000,0.416,0.020,0.564
823500,0.447,0.017,0.536
824000,0.443,0.015,0.542
824500,0.441,0.011,0.548
825000,0.478,0.009,0.514
825500,0.482,0.014,0.504
826000,0.447,0.010,0.543
826500,0.432,0.008,0.560
827000,0.430,0.009,0.560
827500,0.449,0.013,0.539
828000,0.440,0.015,0.546
828500,0.444,0.013,0.543
829000,0.441,0.017,0.542
829500,0.455,0.013,0.531
830000,0.473,0.005,0.521
830500,0.474,0.003,0.523
831000,0.475,0.006,0.519
831500,0.499,0.004,0.496
832000,0.494,0.011,0.495
832500,0.492,0.013,0.495
833000,0.502,0.004,0.494
833500,0.490,0.009,0.502
834000,0.484,0.009,0.507
834500,0.457,0.007,0.536
835000,0.432,0.013,0.555
835500,0.471,0.009,0.519
836000,0.464,0.015,0.522
836500,0.432,0.013,0.554
837000,0.435,0.022,0.542
837500,0.431,0.021,0.548
838000,0.403,0.019,0.578
838500,0.406,0.021,0.573
839000,0.414,0.025,0.561
839500,0.395,0.024,0.581
840000,0.385,0.021,0.594
840500,0.382,0.023,0.595
841000,0.401,0.015,0.584
841500,0.417,0.031,0.551
842000,0.391,0.025,0.584
842500,0.393,0.021,0.587
843000,0.403,0.016,0.581
843500,0.453,0.019,0.527
844000,0.471,0.018,0.510
844500,0.458,0.014,0.528
845000,0.441,0.013,0.547
845500,0.452,0.011,0.537
846000,0.436,0.007,0.557
846500,0.450,0.005,0.545
847000,0.431,0.007,0.561
847500,0.417,0.007,0.575
848000,0.409,0.012,0.579
848500,0.441,0.013,0.546
849000,0.437,0.005,0.558
849500,0.450,0.014,0.536
850000,0.455,0.013,0.531
850500,0.449,0.023,0.528
851000,0.451,0.020,0.529
851500,0.449,0.016,0.535
852000,0.469,0.018,0.513
852500,0.448,0.016,0.536
853000,0.464,0.011,0.525
853500,0.478,0.009,0.514
854000,0.462,0.008,0.530
854500,0.434,0.011,0.555
855000,0.450,0.009,0.542
855500,0.454,0.011,0.535
856000,0.436,0.012,0.551
856500,0.459,0.010,0.531
857000,0.446,0.010,0.544
857500,0.449,0.011,0.540
858000,0.440,0.015,0.546
858500,0.450,0.014,0.536
859000,0.456,0.011,0.533
859500,0.428,0.009,0.563
860000,0.449,0.015,0.536
860500,0.457,0.015,0.528
861000,0.433,0.015,0.551
861500,0.428,0.015,0.557
862000,0.395,0.016,0.589
862500,0.412,0.013,0.575
863000,0.432,0.018,0.550
863500,0.399,0.021,0.581
864000,0.408,0.023,0.569
864500,0.433,0.016,0.551
865000,0.452,0.018,0.531
865500,0.436,0.014,0.550
866000,0.416,0.021,0.564
866500,0.424,0.017,0.558
867000,0.416,0.021,0.563
867500,0.410,0.019,0.570
868000,0.422,0.019,0.559
868500,0.430,0.018,0.551
869000,0.418,0.022,0.559
869500,0.414,0.024,0.562
870000,0.423,0.032,0.545
870500,0.415,0.018,0.567
871000,0.436,0.015,0.548
871500,0.453,0.011,0.536
872000,0.464,0.015,0.521
872500,0.464,0.012,0.524
873000,0.460,0.005,0.535
873500,0.456,0.008,0.536
874000,0.452,0.009,0.539
874500,0.433,0.012,0.554
875000,0.444,0.015,0.541
875500,0.444,0.019,0.537
876000,0.443,0.016,0.541
876500,0.461,0.009,0.530
877000,0.471,0.002,0.526
877500,0.481,0.009,0.510
878000,0.495,0.009,0.495
878500,0.480,0.010,0.510
879000,0.454,0.016,0.530
879500,0.468,0.007,0.525
880000,0.433,0.005,0.562
880500,0.426,0.013,0.561
881000,0.439,0.011,0.551
881500,0.392,0.007,0.601
882000,0.419,0.018,0.562
882500,0.414,0.013,0.573
883000,0.429,0.009,0.561
883500,0.435,0.007,0.557
884000,0.439,0.005,0.556
884500,0.426,0.011,0.562
885000,0.412,0.025,0.563
885500,0.407,0.019,0.574
886000,0.417,0.021,0.562
886500,0.449,0.017,0.534
887000,0.453,0.009,0.537
887500,0.431,0.013,0.555
888000,0.439,0.013,0.548
888500,0.455,0.012,0.533
889000,0.435,0.011,0.554
889500,0.416,0.011,0.573
890000,0.414,0.015,0.571
890500,0.392,0.011,0.597
891000,0.410,0.017,0.574
891500,0.411,0.012,0.577
892000,0.411,0.011,0.578
892500,0.412,0.021,0.567
893000,0.417,0.020,0.563
893500,0.432,0.016,0.552
894000,0.444,0.023,0.533
894500,0.451,0.017,0.532
895000,0.454,0.011,0.536
895500,0.425,0.019,0.555
896000,0.435,0.014,0.550
896500,0.442,0.011,0.548
897000,0.463,0.011,0.526
897500,0.453,0.008,0.539
898000,0.458,0.011,0.531
898500,0.468,0.009,0.523
899000,0.448,0.009,0.543
899500,0.453,0.013,0.535
900000,0.457,0.009,0.535
900500,0.446,0.016,0.538
901000,0.471,0.021,0.508
901500,0.450,0.019,0.531
902000,0.429,0.015,0.555
902500,0.414,0.010,0.576
903000,0.386,0.013,0.602
903500,0.407,0.017,0.577
904000,0.409,0.016,0.575
904500,0.431,0.015,0.554
905000,0.452,0.013,0.536
905500,0.414,0.015,0.571
906000,0.408,0.017,0.575
906500,0.377,0.021,0.602
907000,0.403,0.022,0.575
907500,0.377,0.040,0.584
908000,0.374,0.035,0.590
908500,0.363,0.026,0.611
909000,0.348,0.029,0.622
909500,0.370,0.041,0.589
910000,0.336,0.040,0.624
910500,0.354,0.046,0.599
911000,0.351,0.045,0.604
911500,0.329,0.043,0.628
912000,0.329,0.036,0.635
912500,0.366,0.029,0.605
913000,0.360,0.031,0.608
913500,0.389,0.021,0.590
914000,0.396,0.018,0.587
914500,0.376,0.015,0.609
915000,0.394,0.011,0.596
915500,0.423,0.018,0.558
916000,0.432,0.016,0.552
916500,0.409,0.015,0.576
917000,0.427,0.025,0.548
917500,0.457,0.023,0.520
918000,0.436,0.012,0.551
918500,0.454,0.020,0.526
919000,0.452,0.018,0.531
919500,0.449,0.018,0.533
920000,0.439,0.019,0.542
920500,0.459,0.015,0.526
921000,0.461,0.009,0.530
921500,0.443,0.010,0.547
922000,0.455,0.013,0.532
922500,0.444,0.014,0.542
923000,0.448,0.011,0.542
923500,0.455,0.007,0.538
924000,0.473,0.007,0.519
924500,0.491,0.009,0.501
925000,0.478,0.011,0.510
925500,0.442,0.015,0.543
926000,0.493,0.012,0.495
926500,0.482,0.009,0.510
927000,0.466,0.016,0.518
927500,0.481,0.011,0.507
928000,0.465,0.013,0.523
928500,0.438,0.006,0.556
929000,0.446,0.012,0.542
929500,0.469,0.011,0.520
930000,0.467,0.011,0.522
930500,0.469,0.015,0.517
931000,0.458,0.009,0.533
931500,0.442,0.004,0.554
932000,0.427,0.002,0.571
932500,0.456,0.012,0.532
933000,0.475,0.009,0.516
933500,0.491,0.009,0.501
934000,0.487,0.007,0.506
934500,0.481,0.004,0.516
935000,0.476,0.002,0.522
935500,0.457,0.003,0.540
936000,0.432,0.009,0.558
936500,0.430,0.024,0.546
937000,0.436,0.029,0.535
937500,0.399,0.022,0.579
938000,0.394,0.022,0.584
938500,0.411,0.021,0.568
939000,0.408,0.024,0.568
939500,0.378,0.018,0.605
940000,0.385,0.020,0.595
940500,0.379,0.020,0.601
941000,0.354,0.037,0.608
941500,0.346,0.032,0.622
942000,0.369,0.022,0.609
942500,0.368,0.024,0.607
943000,0.357,0.016,0.627
943500,0.373,0.021,0.606
944000,0.380,0.021,0.600
944500,0.404,0.015,0.582
945000,0.388,0.011,0.601
945500,0.397,0.018,0.585
946000,0.394,0.015,0.592
946500,0.413,0.017,0.570
947000,0.414,0.019,0.567
947500,0.388,0.017,0.596
948000,0.386,0.016,0.598
948500,0.442,0.015,0.543
949000,0.439,0.013,0.548
949500,0.438,0.008,0.554
950000,0.426,0.013,0.561
950500,0.450,0.013,0.537
951000,0.410,0.015,0.575
951500,0.428,0.017,0.555
952000,0.426,0.010,0.564
952500,0.444,0.014,0.542
953000,0.437,0.009,0.554
953500,0.453,0.015,0.532
954000,0.445,0.015,0.540
954500,0.466,0.011,0.523
955000,0.457,0.009,0.534
955500,0.469,0.011,0.520
956000,0.446,0.010,0.544
956500,0.453,0.005,0.542
957000,0.448,0.007,0.545
957500,0.464,0.006,0.530
958000,0.460,0.009,0.532
958500,0.482,0.008,0.510
959000,0.456,0.013,0.531
959500,0.460,0.007,0.533
960000,0.457,0.009,0.535
960500,0.472,0.013,0.515
961000,0.465,0.011,0.524
961500,0.461,0.011,0.528
962000,0.441,0.018,0.541
962500,0.450,0.018,0.532
963000,0.455,0.017,0.529
963500,0.431,0.013,0.556
964000,0.436,0.018,0.546
964500,0.429,0.013,0.558
965000,0.475,0.013,0.511
965500,0.463,0.008,0.529
966000,0.457,0.008,0.535
966500,0.446,0.007,0.547
967000,0.446,0.003,0.551
967500,0.461,0.005,0.534
968000,0.461,0.010,0.529
968500,0.444,0.008,0.548
969000,0.430,0.006,0.563
969500,0.446,0.004,0.550
970000,0.455,0.006,0.539
970500,0.435,0.007,0.557
971000,0.465,0.008,0.527
971500,0.448,0.012,0.540
972000,0.432,0.017,0.552
972500,0.446,0.017,0.537
973000,0.430,0.019,0.550
973500,0.450,0.017,0.534
974000,0.441,0.010,0.549
974500,0.429,0.028,0.543
975000,0.408,0.025,0.567
975500,0.403,0.023,0.574
976000,0.437,0.021,0.542
976500,0.416,0.021,0.563
977000,0.419,0.013,0.567
977500,0.432,0.021,0.548
978000,0.429,0.023,0.548
978500,0.434,0.011,0.554
979000,0.438,0.008,0.554
979500,0.464,0.004,0.532
980000,0.469,0.004,0.527
980500,0.451,0.007,0.542
981000,0.428,0.011,0.560
981500,0.444,0.009,0.547
982000,0.445,0.006,0.548
982500,0.457,0.006,0.536
983000,0.463,0.018,0.519
983500,0.481,0.016,0.502
984000,0.479,0.013,0.507
984500,0.466,0.010,0.524
985000,0.468,0.009,0.524
985500,0.478,0.015,0.507
986000,0.479,0.020,0.501
986500,0.464,0.015,0.522
987000,0.489,0.009,0.501
987500,0.516,0.007,0.476
988000,0.508,0.004,0.488
988500,0.512,0.004,0.484
989000,0.493,0.010,0.496
989500,0.474,0.006,0.520
990000,0.486,0.004,0.510
990500,0.480,0.005,0.515
991000,0.491,0.011,0.498
991500,0.509,0.007,0.483
992000,0.489,0.005,0.505
992500,0.488,0.009,0.503
993000,0.491,0.006,0.503
993500,0.471,0.013,0.516
994000,0.433,0.011,0.555
994500,0.416,0.017,0.567
995000,0.430,0.015,0.554
995500,0.463,0.014,0.523
996000,0.440,0.015,0.546
996500,0.453,0.017,0.530
997000,0.463,0.009,0.528
997500,0.464,0.007,0.529
998000,0.508,0.004,0.487
998500,0.521,0.004,0.475
999000,0.516,0.005,0.478
999500,0.498,0.003,0.499
1000000,0.502,0.002,0.496
