time,n_A+p,n_B,n_AB
500,0.080,0.675,0.245
1000,0.080,0.469,0.452
1500,0.080,0.361,0.559
2000,0.080,0.325,0.595
2500,0.086,0.308,0.605
3000,0.082,0.271,0.647
3500,0.085,0.248,0.667
4000,0.087,0.264,0.649
4500,0.083,0.318,0.599
5000,0.080,0.325,0.595
5500,0.080,0.402,0.518
6000,0.089,0.292,0.618
6500,0.092,0.257,0.651
7000,0.090,0.294,0.616
7500,0.095,0.207,0.699
8000,0.130,0.180,0.690
8500,0.196,0.089,0.715
9000,0.533,0.013,0.454
9500,0.811,0.001,0.188
10000,0.943,0.000,0.057
10500,0.976,0.000,0.024
11000,0.990,0.000,0.010
11500,0.993,0.000,0.007
12000,1.000,0.000,0.000
12500,1.000,0.000,0.000
