time,n_A+p,n_B,n_AB
500,0.030,0.936,0.033
1000,0.030,0.913,0.056
1500,0.030,0.854,0.116
2000,0.030,0.822,0.148
2500,0.030,0.787,0.183
3000,0.030,0.732,0.238
3500,0.030,0.696,0.274
4000,0.030,0.690,0.280
4500,0.030,0.663,0.306
5000,0.030,0.648,0.322
5500,0.030,0.639,0.331
6000,0.030,0.607,0.363
6500,0.030,0.610,0.360
7000,0.030,0.553,0.416
7500,0.033,0.529,0.438
8000,0.033,0.517,0.450
8500,0.035,0.512,0.453
9000,0.036,0.506,0.458
9500,0.033,0.508,0.459
10000,0.037,0.493,0.469
10500,0.036,0.501,0.463
11000,0.035,0.487,0.479
11500,0.035,0.503,0.461
12000,0.031,0.482,0.487
12500,0.033,0.478,0.490
13000,0.035,0.461,0.504
13500,0.033,0.440,0.528
14000,0.034,0.468,0.498
14500,0.033,0.471,0.496
15000,0.033,0.490,0.477
15500,0.034,0.462,0.504
16000,0.031,0.520,0.449
16500,0.033,0.498,0.469
17000,0.033,0.483,0.485
17500,0.035,0.463,0.502
18000,0.034,0.463,0.504
18500,0.036,0.474,0.490
19000,0.044,0.446,0.510
19500,0.038,0.472,0.490
20000,0.035,0.443,0.522
20500,0.040,0.433,0.527
21000,0.041,0.434,0.524
21500,0.038,0.432,0.530
22000,0.046,0.440,0.514
22500,0.049,0.419,0.532
23000,0.046,0.389,0.565
23500,0.046,0.410,0.543
24000,0.050,0.388,0.562
24500,0.042,0.378,0.580
25000,0.048,0.389,0.563
25500,0.047,0.414,0.538
26000,0.043,0.402,0.555
26500,0.044,0.406,0.549
27000,0.049,0.415,0.536
27500,0.044,0.433,0.522
28000,0.043,0.460,0.498
28500,0.038,0.471,0.490
29000,0.034,0.475,0.490
29500,0.036,0.480,0.484
30000,0.037,0.449,0.514
30500,0.040,0.459,0.501
31000,0.040,0.447,0.514
31500,0.038,0.453,0.508
32000,0.035,0.415,0.550
32500,0.032,0.406,0.561
33000,0.034,0.437,0.529
33500,0.031,0.427,0.541
34000,0.038,0.464,0.497
34500,0.034,0.478,0.487
35000,0.034,0.473,0.493
35500,0.034,0.492,0.474
36000,0.037,0.501,0.462
36500,0.035,0.475,0.489
37000,0.035,0.491,0.474
37500,0.033,0.469,0.498
38000,0.039,0.426,0.535
38500,0.050,0.403,0.548
39000,0.049,0.399,0.552
39500,0.041,0.410,0.550
40000,0.039,0.460,0.501
40500,0.041,0.445,0.515
41000,0.042,0.415,0.543
41500,0.044,0.421,0.534
42000,0.037,0.435,0.527
42500,0.042,0.455,0.503
43000,0.043,0.416,0.541
43500,0.042,0.441,0.517
44000,0.041,0.432,0.526
44500,0.040,0.447,0.513
45000,0.041,0.442,0.517
45500,0.042,0.459,0.500
46000,0.043,0.428,0.528
46500,0.037,0.409,0.553
47000,0.041,0.439,0.520
47500,0.036,0.469,0.495
48000,0.038,0.471,0.491
48500,0.041,0.479,0.479
49000,0.042,0.488,0.471
49500,0.038,0.496,0.465
50000,0.036,0.498,0.465
50500,0.036,0.481,0.482
51000,0.037,0.454,0.509
51500,0.037,0.464,0.499
52000,0.035,0.448,0.518
52500,0.034,0.483,0.482
53000,0.037,0.473,0.489
53500,0.040,0.448,0.512
54000,0.040,0.467,0.493
54500,0.045,0.448,0.507
55000,0.037,0.402,0.561
55500,0.040,0.419,0.541
56000,0.039,0.430,0.531
56500,0.039,0.397,0.565
57000,0.059,0.364,0.577
57500,0.054,0.354,0.592
58000,0.049,0.361,0.589
58500,0.050,0.370,0.579
59000,0.051,0.382,0.567
59500,0.045,0.392,0.563
60000,0.051,0.408,0.542
60500,0.051,0.394,0.555
61000,0.041,0.403,0.556
61500,0.038,0.410,0.551
62000,0.044,0.407,0.549
62500,0.047,0.402,0.551
63000,0.044,0.419,0.536
63500,0.043,0.403,0.554
64000,0.040,0.441,0.519
64500,0.045,0.446,0.509
65000,0.038,0.456,0.506
65500,0.036,0.465,0.499
66000,0.038,0.452,0.510
66500,0.035,0.437,0.528
67000,0.037,0.434,0.528
67500,0.036,0.421,0.542
68000,0.042,0.444,0.514
68500,0.042,0.423,0.536
69000,0.034,0.454,0.512
69500,0.034,0.447,0.520
70000,0.033,0.468,0.499
70500,0.037,0.441,0.522
71000,0.037,0.410,0.552
71500,0.038,0.392,0.570
72000,0.050,0.415,0.535
72500,0.044,0.422,0.533
73000,0.037,0.442,0.521
73500,0.036,0.445,0.519
74000,0.036,0.405,0.559
74500,0.037,0.413,0.549
75000,0.039,0.403,0.558
75500,0.038,0.447,0.515
76000,0.041,0.471,0.487
76500,0.038,0.458,0.504
77000,0.035,0.458,0.508
77500,0.032,0.487,0.481
78000,0.030,0.472,0.498
78500,0.036,0.506,0.458
79000,0.032,0.474,0.494
79500,0.031,0.452,0.517
80000,0.035,0.457,0.508
80500,0.034,0.498,0.468
81000,0.035,0.490,0.475
81500,0.030,0.500,0.469
82000,0.030,0.522,0.447
82500,0.033,0.516,0.451
83000,0.034,0.499,0.467
83500,0.034,0.501,0.465
84000,0.034,0.471,0.494
84500,0.038,0.458,0.504
85000,0.040,0.471,0.489
85500,0.038,0.463,0.499
86000,0.043,0.432,0.525
86500,0.037,0.435,0.528
87000,0.042,0.412,0.545
87500,0.048,0.405,0.547
88000,0.044,0.392,0.565
88500,0.043,0.441,0.517
89000,0.038,0.439,0.522
89500,0.036,0.443,0.521
90000,0.036,0.451,0.512
90500,0.036,0.482,0.481
91000,0.038,0.461,0.501
91500,0.034,0.450,0.517
92000,0.035,0.490,0.474
92500,0.033,0.487,0.481
93000,0.034,0.519,0.447
93500,0.035,0.514,0.450
94000,0.035,0.481,0.484
94500,0.033,0.487,0.480
95000,0.037,0.481,0.482
95500,0.032,0.483,0.484
96000,0.035,0.469,0.496
96500,0.034,0.465,0.501
97000,0.042,0.479,0.479
97500,0.041,0.460,0.499
98000,0.043,0.426,0.532
98500,0.040,0.422,0.537
99000,0.037,0.477,0.485
99500,0.041,0.429,0.530
100000,0.047,0.420,0.533
100500,0.048,0.370,0.581
101000,0.045,0.372,0.582
101500,0.070,0.352,0.579
102000,0.065,0.363,0.573
102500,0.050,0.378,0.573
103000,0.058,0.375,0.568
103500,0.062,0.393,0.544
104000,0.046,0.396,0.558
104500,0.038,0.401,0.561
105000,0.036,0.432,0.532
105500,0.043,0.423,0.534
106000,0.041,0.399,0.560
106500,0.043,0.431,0.526
107000,0.044,0.432,0.523
107500,0.039,0.428,0.533
108000,0.037,0.438,0.525
108500,0.045,0.462,0.493
109000,0.040,0.441,0.519
109500,0.038,0.461,0.501
110000,0.040,0.506,0.454
110500,0.035,0.512,0.453
111000,0.037,0.501,0.462
111500,0.038,0.533,0.428
112000,0.038,0.510,0.452
112500,0.035,0.496,0.468
113000,0.035,0.488,0.476
113500,0.032,0.506,0.462
114000,0.037,0.477,0.485
114500,0.036,0.494,0.470
115000,0.035,0.504,0.461
115500,0.035,0.523,0.443
116000,0.041,0.495,0.463
116500,0.038,0.469,0.493
117000,0.041,0.459,0.501
117500,0.044,0.451,0.505
118000,0.044,0.452,0.504
118500,0.042,0.445,0.513
119000,0.040,0.483,0.476
119500,0.034,0.464,0.502
120000,0.036,0.485,0.478
120500,0.032,0.508,0.461
121000,0.034,0.504,0.462
121500,0.035,0.532,0.433
122000,0.032,0.512,0.456
122500,0.031,0.499,0.469
123000,0.035,0.512,0.453
123500,0.036,0.494,0.470
124000,0.040,0.484,0.477
124500,0.034,0.485,0.481
125000,0.034,0.509,0.458
125500,0.037,0.508,0.455
126000,0.038,0.480,0.481
126500,0.036,0.485,0.479
127000,0.035,0.475,0.490
127500,0.034,0.489,0.476
128000,0.034,0.503,0.463
128500,0.033,0.496,0.470
129000,0.035,0.513,0.452
129500,0.032,0.467,0.501
130000,0.044,0.494,0.461
130500,0.044,0.468,0.487
131000,0.037,0.465,0.498
131500,0.038,0.486,0.476
132000,0.033,0.494,0.473
132500,0.043,0.477,0.481
133000,0.037,0.417,0.546
133500,0.040,0.432,0.528
134000,0.040,0.405,0.556
134500,0.035,0.445,0.520
135000,0.035,0.433,0.532
135500,0.034,0.440,0.526
136000,0.036,0.435,0.528
136500,0.044,0.399,0.557
137000,0.041,0.410,0.550
137500,0.043,0.407,0.550
138000,0.037,0.416,0.547
138500,0.035,0.423,0.542
139000,0.045,0.416,0.538
139500,0.043,0.442,0.516
140000,0.044,0.454,0.502
140500,0.045,0.428,0.526
141000,0.035,0.446,0.520
141500,0.033,0.419,0.548
142000,0.035,0.433,0.531
142500,0.041,0.406,0.553
143000,0.034,0.425,0.542
143500,0.038,0.434,0.528
144000,0.032,0.451,0.517
144500,0.041,0.417,0.542
145000,0.036,0.430,0.533
145500,0.038,0.436,0.525
146000,0.040,0.424,0.535
146500,0.041,0.442,0.517
147000,0.043,0.455,0.503
147500,0.040,0.418,0.541
148000,0.043,0.414,0.543
148500,0.049,0.407,0.544
149000,0.043,0.406,0.550
149500,0.055,0.377,0.568
150000,0.052,0.406,0.541
150500,0.043,0.387,0.570
151000,0.046,0.370,0.583
151500,0.046,0.415,0.538
152000,0.051,0.411,0.538
152500,0.053,0.364,0.583
153000,0.051,0.372,0.577
153500,0.060,0.338,0.602
154000,0.059,0.350,0.590
154500,0.057,0.345,0.598
155000,0.058,0.361,0.581
155500,0.054,0.325,0.621
156000,0.057,0.322,0.621
156500,0.063,0.344,0.594
157000,0.059,0.374,0.567
157500,0.057,0.379,0.565
158000,0.064,0.337,0.599
158500,0.062,0.366,0.572
159000,0.061,0.335,0.604
159500,0.049,0.377,0.575
160000,0.046,0.388,0.566
160500,0.054,0.377,0.569
161000,0.051,0.394,0.555
161500,0.045,0.405,0.549
162000,0.043,0.388,0.570
162500,0.043,0.382,0.576
163000,0.052,0.406,0.541
163500,0.051,0.357,0.591
164000,0.043,0.369,0.588
164500,0.044,0.363,0.592
165000,0.045,0.382,0.573
165500,0.048,0.383,0.570
166000,0.037,0.396,0.567
166500,0.040,0.414,0.545
167000,0.044,0.443,0.513
167500,0.038,0.449,0.513
168000,0.043,0.429,0.528
168500,0.043,0.447,0.510
169000,0.035,0.481,0.484
169500,0.043,0.486,0.471
170000,0.036,0.480,0.483
170500,0.031,0.486,0.482
171000,0.035,0.469,0.495
171500,0.040,0.433,0.526
172000,0.048,0.398,0.554
172500,0.044,0.399,0.557
173000,0.041,0.417,0.542
173500,0.041,0.447,0.512
174000,0.039,0.428,0.533
174500,0.036,0.450,0.514
175000,0.043,0.473,0.484
175500,0.039,0.443,0.518
176000,0.037,0.466,0.496
176500,0.043,0.462,0.494
177000,0.040,0.431,0.530
177500,0.034,0.441,0.526
178000,0.035,0.458,0.508
178500,0.037,0.460,0.503
179000,0.035,0.447,0.518
179500,0.042,0.468,0.491
180000,0.036,0.434,0.529
180500,0.039,0.422,0.538
181000,0.044,0.382,0.574
181500,0.044,0.373,0.582
182000,0.046,0.376,0.578
182500,0.049,0.386,0.565
183000,0.052,0.392,0.556
183500,0.051,0.409,0.540
184000,0.047,0.403,0.550
184500,0.044,0.423,0.532
185000,0.041,0.460,0.499
185500,0.043,0.482,0.475
186000,0.044,0.465,0.491
186500,0.037,0.503,0.460
187000,0.034,0.524,0.442
187500,0.033,0.505,0.463
188000,0.032,0.561,0.407
188500,0.031,0.579,0.390
189000,0.036,0.550,0.414
189500,0.033,0.554,0.412
190000,0.032,0.529,0.439
190500,0.034,0.508,0.458
191000,0.032,0.502,0.466
191500,0.034,0.489,0.477
192000,0.035,0.503,0.462
192500,0.035,0.510,0.456
193000,0.032,0.473,0.496
193500,0.033,0.483,0.483
194000,0.037,0.473,0.490
194500,0.037,0.494,0.469
195000,0.034,0.502,0.464
195500,0.041,0.464,0.496
196000,0.046,0.470,0.484
196500,0.041,0.430,0.529
197000,0.041,0.397,0.562
197500,0.036,0.404,0.560
198000,0.048,0.400,0.553
198500,0.048,0.385,0.567
199000,0.051,0.360,0.588
199500,0.044,0.384,0.573
200000,0.047,0.416,0.536
200500,0.039,0.404,0.557
201000,0.043,0.430,0.527
201500,0.036,0.466,0.498
202000,0.033,0.462,0.506
202500,0.037,0.453,0.510
203000,0.045,0.468,0.487
203500,0.042,0.455,0.504
204000,0.036,0.458,0.506
204500,0.035,0.480,0.484
205000,0.039,0.480,0.481
205500,0.033,0.493,0.475
206000,0.034,0.477,0.489
206500,0.033,0.455,0.512
207000,0.034,0.443,0.524
207500,0.036,0.463,0.501
208000,0.036,0.473,0.490
208500,0.032,0.502,0.466
209000,0.034,0.525,0.442
209500,0.036,0.503,0.460
210000,0.036,0.494,0.469
210500,0.036,0.472,0.492
211000,0.031,0.478,0.490
211500,0.034,0.486,0.479
212000,0.032,0.440,0.528
212500,0.036,0.441,0.523
213000,0.038,0.409,0.553
213500,0.044,0.425,0.531
214000,0.044,0.416,0.540
214500,0.041,0.390,0.569
215000,0.041,0.406,0.553
215500,0.042,0.434,0.524
216000,0.043,0.412,0.546
216500,0.042,0.394,0.564
217000,0.052,0.374,0.574
217500,0.054,0.359,0.587
218000,0.051,0.381,0.569
218500,0.048,0.387,0.565
219000,0.048,0.391,0.561
219500,0.042,0.359,0.599
220000,0.046,0.395,0.559
220500,0.041,0.385,0.574
221000,0.051,0.390,0.560
221500,0.044,0.399,0.557
222000,0.048,0.378,0.574
222500,0.053,0.391,0.556
223000,0.053,0.362,0.585
223500,0.059,0.366,0.575
224000,0.052,0.387,0.561
224500,0.059,0.339,0.603
225000,0.060,0.343,0.597
225500,0.060,0.312,0.628
226000,0.066,0.350,0.585
226500,0.069,0.341,0.591
227000,0.072,0.305,0.623
227500,0.064,0.330,0.606
228000,0.052,0.323,0.625
228500,0.049,0.356,0.595
229000,0.044,0.368,0.587
229500,0.046,0.390,0.564
230000,0.050,0.393,0.558
230500,0.052,0.381,0.567
231000,0.043,0.387,0.570
231500,0.044,0.385,0.571
232000,0.050,0.370,0.579
232500,0.047,0.368,0.585
233000,0.056,0.356,0.588
233500,0.054,0.359,0.587
234000,0.043,0.372,0.585
234500,0.046,0.376,0.578
235000,0.052,0.382,0.566
235500,0.041,0.373,0.586
236000,0.044,0.377,0.579
236500,0.057,0.365,0.579
237000,0.044,0.391,0.565
237500,0.048,0.362,0.591
238000,0.056,0.364,0.581
238500,0.051,0.404,0.545
239000,0.041,0.419,0.539
239500,0.039,0.457,0.504
240000,0.037,0.434,0.529
240500,0.037,0.449,0.514
241000,0.038,0.432,0.530
241500,0.042,0.465,0.493
242000,0.045,0.461,0.493
242500,0.037,0.446,0.517
243000,0.035,0.422,0.542
243500,0.050,0.411,0.540
244000,0.052,0.389,0.558
244500,0.045,0.373,0.581
245000,0.044,0.422,0.534
245500,0.041,0.462,0.497
246000,0.034,0.449,0.518
246500,0.037,0.406,0.556
247000,0.043,0.405,0.553
247500,0.042,0.410,0.548
248000,0.046,0.403,0.550
248500,0.050,0.381,0.570
249000,0.052,0.391,0.556
249500,0.044,0.386,0.570
250000,0.055,0.377,0.568
250500,0.045,0.415,0.540
251000,0.041,0.412,0.547
251500,0.041,0.431,0.528
252000,0.041,0.420,0.538
252500,0.043,0.433,0.523
253000,0.046,0.442,0.512
253500,0.043,0.449,0.508
254000,0.042,0.460,0.498
254500,0.040,0.470,0.489
255000,0.043,0.467,0.490
255500,0.041,0.477,0.481
256000,0.042,0.489,0.469
256500,0.041,0.491,0.469
257000,0.035,0.511,0.454
257500,0.031,0.539,0.430
258000,0.036,0.488,0.476
258500,0.031,0.495,0.473
259000,0.033,0.488,0.478
259500,0.038,0.470,0.491
260000,0.034,0.489,0.476
260500,0.041,0.469,0.489
261000,0.045,0.441,0.514
261500,0.039,0.454,0.507
262000,0.035,0.444,0.520
262500,0.036,0.456,0.508
263000,0.040,0.431,0.530
263500,0.037,0.438,0.525
264000,0.040,0.490,0.469
264500,0.039,0.476,0.485
265000,0.046,0.446,0.508
265500,0.042,0.437,0.522
266000,0.039,0.457,0.504
266500,0.033,0.449,0.518
267000,0.033,0.450,0.517
267500,0.033,0.446,0.521
268000,0.034,0.417,0.550
268500,0.034,0.462,0.504
269000,0.036,0.494,0.469
269500,0.034,0.469,0.497
270000,0.036,0.519,0.445
270500,0.031,0.491,0.477
271000,0.033,0.472,0.496
271500,0.033,0.456,0.511
272000,0.035,0.486,0.479
272500,0.037,0.486,0.476
273000,0.034,0.491,0.475
273500,0.033,0.486,0.482
274000,0.034,0.479,0.487
274500,0.037,0.455,0.508
275000,0.038,0.448,0.514
275500,0.040,0.447,0.513
276000,0.041,0.447,0.512
276500,0.040,0.454,0.506
277000,0.035,0.464,0.501
277500,0.040,0.446,0.514
278000,0.045,0.416,0.538
278500,0.037,0.434,0.529
279000,0.032,0.411,0.557
279500,0.039,0.406,0.555
280000,0.040,0.398,0.562
280500,0.043,0.427,0.529
281000,0.038,0.450,0.512
281500,0.041,0.450,0.510
282000,0.041,0.425,0.534
282500,0.036,0.409,0.555
283000,0.034,0.406,0.559
283500,0.035,0.413,0.552
284000,0.037,0.435,0.527
284500,0.038,0.460,0.502
285000,0.037,0.458,0.505
285500,0.034,0.467,0.499
286000,0.034,0.457,0.509
286500,0.036,0.460,0.504
287000,0.035,0.512,0.453
287500,0.035,0.489,0.476
288000,0.034,0.519,0.447
288500,0.035,0.501,0.464
289000,0.036,0.511,0.453
289500,0.039,0.505,0.456
290000,0.037,0.463,0.500
290500,0.034,0.453,0.513
291000,0.040,0.456,0.504
291500,0.036,0.450,0.514
292000,0.038,0.430,0.531
292500,0.043,0.472,0.485
293000,0.038,0.490,0.472
293500,0.041,0.511,0.448
294000,0.039,0.477,0.483
294500,0.040,0.497,0.464
295000,0.037,0.468,0.495
295500,0.041,0.439,0.520
296000,0.036,0.460,0.504
296500,0.034,0.477,0.489
297000,0.031,0.472,0.496
297500,0.036,0.504,0.460
298000,0.036,0.492,0.471
298500,0.039,0.478,0.483
299000,0.036,0.480,0.483
299500,0.041,0.473,0.486
300000,0.034,0.452,0.514
300500,0.041,0.469,0.491
301000,0.040,0.468,0.493
301500,0.040,0.451,0.510
302000,0.041,0.457,0.502
302500,0.040,0.415,0.546
303000,0.039,0.444,0.517
303500,0.038,0.430,0.532
304000,0.040,0.436,0.524
304500,0.038,0.423,0.538
305000,0.047,0.447,0.506
305500,0.043,0.423,0.534
306000,0.040,0.423,0.536
306500,0.040,0.429,0.531
307000,0.038,0.445,0.517
307500,0.043,0.419,0.538
308000,0.043,0.416,0.542
308500,0.043,0.406,0.551
309000,0.037,0.394,0.569
309500,0.048,0.350,0.602
310000,0.053,0.370,0.576
310500,0.046,0.397,0.556
311000,0.041,0.387,0.573
311500,0.040,0.404,0.556
312000,0.037,0.429,0.534
312500,0.035,0.440,0.525
313000,0.038,0.438,0.524
313500,0.040,0.465,0.495
314000,0.042,0.476,0.483
314500,0.037,0.474,0.488
315000,0.033,0.475,0.493
315500,0.035,0.476,0.488
316000,0.034,0.456,0.511
316500,0.036,0.460,0.504
317000,0.046,0.419,0.534
317500,0.041,0.397,0.562
318000,0.045,0.421,0.534
318500,0.043,0.420,0.536
319000,0.041,0.442,0.517
319500,0.042,0.437,0.521
320000,0.035,0.451,0.514
320500,0.042,0.431,0.527
321000,0.038,0.467,0.495
321500,0.038,0.462,0.499
322000,0.040,0.448,0.512
322500,0.038,0.441,0.521
323000,0.038,0.459,0.503
323500,0.037,0.456,0.507
324000,0.039,0.415,0.546
324500,0.043,0.436,0.521
325000,0.037,0.463,0.500
325500,0.039,0.434,0.527
326000,0.041,0.442,0.518
326500,0.040,0.455,0.506
327000,0.037,0.427,0.536
327500,0.034,0.392,0.575
328000,0.037,0.415,0.547
328500,0.043,0.403,0.553
329000,0.040,0.429,0.532
329500,0.040,0.413,0.547
330000,0.037,0.426,0.536
330500,0.035,0.413,0.552
331000,0.036,0.430,0.533
331500,0.036,0.451,0.513
332000,0.042,0.436,0.522
332500,0.042,0.477,0.480
333000,0.037,0.490,0.473
333500,0.037,0.469,0.494
334000,0.041,0.493,0.466
334500,0.037,0.481,0.481
335000,0.041,0.410,0.548
335500,0.037,0.446,0.517
336000,0.040,0.457,0.504
336500,0.033,0.448,0.520
337000,0.032,0.462,0.507
337500,0.033,0.465,0.502
338000,0.035,0.469,0.497
338500,0.035,0.478,0.486
339000,0.032,0.462,0.506
339500,0.030,0.475,0.495
340000,0.032,0.468,0.500
340500,0.036,0.465,0.499
341000,0.034,0.448,0.518
341500,0.037,0.462,0.500
342000,0.035,0.475,0.490
342500,0.038,0.472,0.489
343000,0.035,0.482,0.483
343500,0.035,0.451,0.514
344000,0.044,0.456,0.499
344500,0.040,0.446,0.514
345000,0.040,0.418,0.542
345500,0.034,0.444,0.522
346000,0.035,0.441,0.524
346500,0.033,0.427,0.540
347000,0.044,0.425,0.530
347500,0.043,0.434,0.524
348000,0.042,0.457,0.502
348500,0.040,0.446,0.514
349000,0.043,0.453,0.505
349500,0.039,0.439,0.522
350000,0.045,0.420,0.534
350500,0.044,0.434,0.522
351000,0.045,0.457,0.497
351500,0.043,0.451,0.506
352000,0.040,0.468,0.492
352500,0.043,0.432,0.524
353000,0.051,0.421,0.528
353500,0.044,0.404,0.551
354000,0.045,0.425,0.529
354500,0.046,0.373,0.581
355000,0.052,0.368,0.580
355500,0.046,0.354,0.600
356000,0.047,0.357,0.596
356500,0.049,0.382,0.569
357000,0.043,0.403,0.555
357500,0.041,0.423,0.536
358000,0.035,0.443,0.522
358500,0.042,0.442,0.516
359000,0.037,0.480,0.483
359500,0.037,0.500,0.462
360000,0.038,0.500,0.462
360500,0.036,0.482,0.482
361000,0.035,0.488,0.477
361500,0.038,0.525,0.436
362000,0.035,0.523,0.443
362500,0.032,0.510,0.458
363000,0.040,0.479,0.481
363500,0.033,0.479,0.488
364000,0.036,0.456,0.508
364500,0.037,0.477,0.486
365000,0.035,0.483,0.482
365500,0.036,0.494,0.470
366000,0.034,0.465,0.501
366500,0.040,0.421,0.538
367000,0.038,0.434,0.527
367500,0.040,0.431,0.528
368000,0.044,0.433,0.523
368500,0.045,0.435,0.520
369000,0.050,0.444,0.506
369500,0.047,0.439,0.514
370000,0.045,0.416,0.538
370500,0.045,0.413,0.541
371000,0.044,0.430,0.525
371500,0.039,0.442,0.519
372000,0.041,0.401,0.559
372500,0.043,0.452,0.506
373000,0.037,0.478,0.484
373500,0.033,0.497,0.471
374000,0.035,0.469,0.495
374500,0.034,0.496,0.470
375000,0.034,0.517,0.449
375500,0.032,0.485,0.483
376000,0.030,0.479,0.490
376500,0.030,0.546,0.424
377000,0.035,0.480,0.484
377500,0.032,0.495,0.473
378000,0.033,0.492,0.474
378500,0.037,0.474,0.489
379000,0.032,0.463,0.505
379500,0.034,0.453,0.514
380000,0.037,0.460,0.503
380500,0.040,0.442,0.518
381000,0.035,0.404,0.561
381500,0.048,0.406,0.546
382000,0.044,0.432,0.524
382500,0.043,0.452,0.504
383000,0.040,0.432,0.527
383500,0.039,0.422,0.538
384000,0.054,0.424,0.521
384500,0.050,0.445,0.505
385000,0.043,0.441,0.516
385500,0.041,0.448,0.512
386000,0.042,0.454,0.504
386500,0.036,0.463,0.501
387000,0.032,0.462,0.506
387500,0.035,0.480,0.485
388000,0.040,0.449,0.512
388500,0.038,0.462,0.500
389000,0.035,0.455,0.510
389500,0.035,0.430,0.535
390000,0.039,0.435,0.525
390500,0.036,0.425,0.538
391000,0.034,0.429,0.538
391500,0.032,0.457,0.511
392000,0.034,0.456,0.510
392500,0.038,0.457,0.504
393000,0.042,0.423,0.536
393500,0.039,0.359,0.602
394000,0.049,0.378,0.574
394500,0.043,0.385,0.573
395000,0.049,0.387,0.565
395500,0.038,0.406,0.556
396000,0.044,0.444,0.512
396500,0.043,0.432,0.524
397000,0.046,0.419,0.534
397500,0.051,0.426,0.523
398000,0.037,0.435,0.528
398500,0.041,0.422,0.537
399000,0.040,0.428,0.531
399500,0.037,0.422,0.541
400000,0.037,0.443,0.520
400500,0.035,0.483,0.483
401000,0.035,0.471,0.493
401500,0.036,0.484,0.480
402000,0.036,0.491,0.472
402500,0.038,0.469,0.493
403000,0.038,0.421,0.540
403500,0.041,0.433,0.526
404000,0.036,0.428,0.535
404500,0.044,0.414,0.541
405000,0.041,0.408,0.550
405500,0.035,0.416,0.549
406000,0.036,0.422,0.542
406500,0.037,0.414,0.548
407000,0.043,0.421,0.536
407500,0.040,0.436,0.523
408000,0.035,0.426,0.539
408500,0.032,0.452,0.517
409000,0.033,0.455,0.512
409500,0.041,0.430,0.529
410000,0.042,0.413,0.545
410500,0.051,0.405,0.544
411000,0.043,0.420,0.538
411500,0.051,0.416,0.534
412000,0.051,0.389,0.560
412500,0.044,0.419,0.537
413000,0.050,0.401,0.549
413500,0.047,0.383,0.570
414000,0.041,0.418,0.541
414500,0.042,0.404,0.554
415000,0.054,0.368,0.578
415500,0.056,0.367,0.577
416000,0.054,0.371,0.575
416500,0.044,0.379,0.577
417000,0.045,0.381,0.574
417500,0.046,0.407,0.546
418000,0.049,0.434,0.517
418500,0.045,0.444,0.511
419000,0.043,0.441,0.516
419500,0.033,0.413,0.554
420000,0.038,0.440,0.522
420500,0.036,0.431,0.533
421000,0.041,0.411,0.548
421500,0.041,0.416,0.542
422000,0.040,0.412,0.548
422500,0.041,0.408,0.551
423000,0.041,0.435,0.524
423500,0.050,0.427,0.522
424000,0.040,0.441,0.519
424500,0.039,0.441,0.520
425000,0.037,0.435,0.527
425500,0.037,0.456,0.507
426000,0.035,0.451,0.514
426500,0.038,0.450,0.512
427000,0.044,0.429,0.527
427500,0.046,0.425,0.528
428000,0.043,0.408,0.550
428500,0.041,0.394,0.565
429000,0.040,0.405,0.555
429500,0.043,0.421,0.536
430000,0.037,0.416,0.547
430500,0.042,0.441,0.518
431000,0.038,0.445,0.516
431500,0.040,0.463,0.497
432000,0.040,0.440,0.521
432500,0.052,0.418,0.530
433000,0.050,0.385,0.565
433500,0.060,0.377,0.562
434000,0.058,0.354,0.588
434500,0.056,0.348,0.596
435000,0.048,0.379,0.574
435500,0.049,0.384,0.568
436000,0.049,0.408,0.543
436500,0.054,0.397,0.548
437000,0.051,0.414,0.535
437500,0.049,0.414,0.536
438000,0.050,0.398,0.552
438500,0.054,0.378,0.569
439000,0.052,0.360,0.588
439500,0.059,0.388,0.553
440000,0.056,0.374,0.569
440500,0.060,0.393,0.546
441000,0.053,0.385,0.562
441500,0.049,0.406,0.544
442000,0.041,0.415,0.543
442500,0.041,0.483,0.476
443000,0.039,0.468,0.493
443500,0.035,0.503,0.463
444000,0.033,0.454,0.514
444500,0.040,0.472,0.489
445000,0.035,0.476,0.489
445500,0.038,0.476,0.486
446000,0.033,0.472,0.496
446500,0.035,0.485,0.480
447000,0.036,0.476,0.487
447500,0.038,0.501,0.460
448000,0.034,0.471,0.495
448500,0.037,0.408,0.554
449000,0.046,0.419,0.534
449500,0.048,0.416,0.536
450000,0.058,0.395,0.547
450500,0.056,0.390,0.554
451000,0.049,0.382,0.570
451500,0.051,0.355,0.593
452000,0.052,0.365,0.583
452500,0.050,0.403,0.547
453000,0.043,0.382,0.575
453500,0.039,0.398,0.563
454000,0.040,0.394,0.567
454500,0.033,0.394,0.574
455000,0.035,0.439,0.527
455500,0.032,0.432,0.535
456000,0.035,0.482,0.484
456500,0.035,0.498,0.468
457000,0.032,0.453,0.516
457500,0.035,0.463,0.502
458000,0.035,0.465,0.500
458500,0.036,0.432,0.532
459000,0.045,0.435,0.519
459500,0.049,0.401,0.551
460000,0.039,0.429,0.532
460500,0.033,0.420,0.548
461000,0.034,0.459,0.507
461500,0.041,0.456,0.503
462000,0.038,0.449,0.512
462500,0.036,0.476,0.488
463000,0.034,0.483,0.483
463500,0.035,0.482,0.483
464000,0.038,0.459,0.502
464500,0.035,0.445,0.521
465000,0.046,0.440,0.514
465500,0.037,0.445,0.518
466000,0.045,0.416,0.538
466500,0.043,0.426,0.531
467000,0.036,0.418,0.545
467500,0.041,0.410,0.548
468000,0.041,0.381,0.579
468500,0.044,0.362,0.593
469000,0.042,0.409,0.549
469500,0.043,0.423,0.534
470000,0.043,0.417,0.540
470500,0.048,0.429,0.522
471000,0.043,0.426,0.531
471500,0.035,0.453,0.512
472000,0.032,0.441,0.527
472500,0.038,0.451,0.510
473000,0.041,0.440,0.520
473500,0.040,0.423,0.536
474000,0.040,0.414,0.546
474500,0.038,0.454,0.508
475000,0.037,0.452,0.511
475500,0.042,0.429,0.528
476000,0.045,0.427,0.527
476500,0.041,0.438,0.522
477000,0.046,0.442,0.512
477500,0.046,0.426,0.528
478000,0.042,0.408,0.550
478500,0.049,0.402,0.549
479000,0.048,0.416,0.536
479500,0.047,0.406,0.546
480000,0.047,0.424,0.528
480500,0.040,0.436,0.524
481000,0.042,0.457,0.502
481500,0.045,0.434,0.521
482000,0.050,0.421,0.529
482500,0.049,0.387,0.565
483000,0.057,0.397,0.546
483500,0.044,0.424,0.531
484000,0.042,0.450,0.509
484500,0.046,0.411,0.542
485000,0.053,0.442,0.505
485500,0.044,0.435,0.520
486000,0.045,0.414,0.540
486500,0.041,0.414,0.545
487000,0.036,0.428,0.536
487500,0.048,0.417,0.536
488000,0.051,0.395,0.554
488500,0.042,0.419,0.538
489000,0.035,0.435,0.529
489500,0.034,0.449,0.517
490000,0.043,0.446,0.512
490500,0.045,0.396,0.559
491000,0.044,0.421,0.534
491500,0.044,0.420,0.536
492000,0.037,0.448,0.514
492500,0.039,0.430,0.530
493000,0.043,0.434,0.522
493500,0.037,0.429,0.534
494000,0.039,0.410,0.551
494500,0.040,0.420,0.539
495000,0.039,0.427,0.534
495500,0.038,0.438,0.524
496000,0.041,0.404,0.556
496500,0.041,0.402,0.558
497000,0.050,0.384,0.567
497500,0.043,0.372,0.585
498000,0.045,0.414,0.540
498500,0.045,0.407,0.547
499000,0.051,0.438,0.512
499500,0.043,0.432,0.525
500000,0.040,0.430,0.529
500500,0.040,0.439,0.522
501000,0.050,0.439,0.512
501500,0.043,0.431,0.526
502000,0.048,0.446,0.507
502500,0.047,0.383,0.570
503000,0.056,0.387,0.557
503500,0.048,0.377,0.576
504000,0.042,0.413,0.544
504500,0.043,0.412,0.544
505000,0.043,0.395,0.561
505500,0.043,0.445,0.513
506000,0.034,0.483,0.483
506500,0.033,0.487,0.480
507000,0.032,0.466,0.502
507500,0.032,0.461,0.507
508000,0.036,0.435,0.528
508500,0.036,0.466,0.497
509000,0.037,0.458,0.504
509500,0.040,0.456,0.504
510000,0.040,0.478,0.483
510500,0.040,0.517,0.443
511000,0.036,0.512,0.452
511500,0.034,0.491,0.475
512000,0.034,0.486,0.480
512500,0.033,0.479,0.488
513000,0.032,0.468,0.501
513500,0.035,0.491,0.473
514000,0.039,0.474,0.487
514500,0.042,0.471,0.487
515000,0.039,0.483,0.478
515500,0.035,0.458,0.508
516000,0.042,0.421,0.537
516500,0.044,0.402,0.553
517000,0.040,0.415,0.544
517500,0.036,0.427,0.536
518000,0.041,0.411,0.548
518500,0.037,0.440,0.522
519000,0.039,0.446,0.515
519500,0.038,0.429,0.532
520000,0.043,0.426,0.530
520500,0.053,0.409,0.537
521000,0.045,0.394,0.561
521500,0.048,0.395,0.557
522000,0.043,0.408,0.550
522500,0.042,0.401,0.557
523000,0.048,0.417,0.534
523500,0.046,0.390,0.564
524000,0.050,0.418,0.531
524500,0.052,0.420,0.528
525000,0.047,0.416,0.536
525500,0.052,0.431,0.517
526000,0.037,0.463,0.500
526500,0.035,0.483,0.481
527000,0.036,0.473,0.490
527500,0.037,0.453,0.510
528000,0.040,0.457,0.504
528500,0.037,0.460,0.503
529000,0.037,0.485,0.477
529500,0.034,0.502,0.464
530000,0.035,0.510,0.456
530500,0.030,0.495,0.474
531000,0.032,0.505,0.463
531500,0.030,0.516,0.454
532000,0.033,0.520,0.448
532500,0.034,0.502,0.464
533000,0.033,0.503,0.464
533500,0.035,0.495,0.469
534000,0.038,0.480,0.482
534500,0.033,0.507,0.460
535000,0.031,0.483,0.486
535500,0.032,0.488,0.480
536000,0.032,0.511,0.457
536500,0.031,0.484,0.484
537000,0.035,0.491,0.475
537500,0.043,0.452,0.506
538000,0.047,0.424,0.528
538500,0.049,0.446,0.506
539000,0.042,0.419,0.539
539500,0.035,0.445,0.520
540000,0.038,0.486,0.476
540500,0.035,0.462,0.503
541000,0.043,0.397,0.559
541500,0.049,0.384,0.568
542000,0.057,0.361,0.581
542500,0.060,0.357,0.583
543000,0.063,0.370,0.567
543500,0.060,0.360,0.580
544000,0.053,0.381,0.566
544500,0.054,0.393,0.553
545000,0.044,0.396,0.560
545500,0.041,0.407,0.551
546000,0.041,0.381,0.578
546500,0.039,0.396,0.565
547000,0.043,0.396,0.561
547500,0.043,0.413,0.543
548000,0.040,0.416,0.544
548500,0.042,0.433,0.526
549000,0.044,0.441,0.514
549500,0.040,0.445,0.515
550000,0.037,0.448,0.515
550500,0.044,0.447,0.509
551000,0.049,0.400,0.551
551500,0.058,0.367,0.575
552000,0.056,0.379,0.565
552500,0.048,0.379,0.573
553000,0.045,0.395,0.560
553500,0.050,0.423,0.527
554000,0.040,0.445,0.516
554500,0.043,0.467,0.490
555000,0.033,0.484,0.482
555500,0.033,0.476,0.490
556000,0.036,0.472,0.492
556500,0.034,0.469,0.497
557000,0.035,0.458,0.508
557500,0.038,0.412,0.550
558000,0.039,0.428,0.532
558500,0.036,0.429,0.534
559000,0.037,0.462,0.501
559500,0.033,0.470,0.496
560000,0.033,0.480,0.487
560500,0.034,0.506,0.460
561000,0.037,0.498,0.465
561500,0.045,0.518,0.436
562000,0.042,0.481,0.477
562500,0.052,0.488,0.459
563000,0.040,0.465,0.495
563500,0.038,0.463,0.498
564000,0.035,0.493,0.472
564500,0.040,0.484,0.476
565000,0.035,0.460,0.504
565500,0.033,0.469,0.498
566000,0.036,0.468,0.496
566500,0.042,0.470,0.489
567000,0.041,0.438,0.521
567500,0.038,0.439,0.523
568000,0.034,0.476,0.490
568500,0.039,0.459,0.502
569000,0.038,0.394,0.568
569500,0.036,0.391,0.573
570000,0.039,0.383,0.578
570500,0.042,0.400,0.558
571000,0.042,0.429,0.528
571500,0.049,0.415,0.536
572000,0.045,0.424,0.530
572500,0.045,0.399,0.556
573000,0.038,0.447,0.515
573500,0.043,0.454,0.504
574000,0.036,0.454,0.510
574500,0.037,0.456,0.507
575000,0.037,0.467,0.496
575500,0.040,0.476,0.485
576000,0.046,0.464,0.490
576500,0.043,0.447,0.510
577000,0.038,0.444,0.518
577500,0.037,0.444,0.519
578000,0.035,0.457,0.508
578500,0.034,0.496,0.470
579000,0.038,0.508,0.454
579500,0.034,0.502,0.464
580000,0.036,0.476,0.487
580500,0.033,0.487,0.481
581000,0.038,0.453,0.508
581500,0.036,0.480,0.484
582000,0.039,0.469,0.491
582500,0.038,0.470,0.492
583000,0.048,0.428,0.523
583500,0.050,0.409,0.541
584000,0.050,0.429,0.520
584500,0.051,0.377,0.573
585000,0.045,0.391,0.564
585500,0.042,0.350,0.609
586000,0.048,0.374,0.578
586500,0.049,0.392,0.559
587000,0.055,0.359,0.586
587500,0.049,0.394,0.558
588000,0.049,0.373,0.578
588500,0.045,0.414,0.540
589000,0.044,0.412,0.544
589500,0.042,0.429,0.530
590000,0.042,0.467,0.491
590500,0.036,0.454,0.510
591000,0.043,0.426,0.530
591500,0.042,0.429,0.529
592000,0.036,0.407,0.556
592500,0.039,0.438,0.523
593000,0.035,0.460,0.505
593500,0.039,0.447,0.514
594000,0.044,0.401,0.555
594500,0.043,0.393,0.565
595000,0.039,0.397,0.565
595500,0.046,0.413,0.541
596000,0.049,0.418,0.533
596500,0.036,0.407,0.556
597000,0.038,0.427,0.534
597500,0.046,0.405,0.549
598000,0.043,0.414,0.542
598500,0.043,0.432,0.526
599000,0.044,0.436,0.519
599500,0.050,0.418,0.532
600000,0.043,0.440,0.517
600500,0.046,0.447,0.506
601000,0.044,0.415,0.540
601500,0.042,0.408,0.550
602000,0.044,0.408,0.547
602500,0.042,0.419,0.540
603000,0.038,0.424,0.537
603500,0.036,0.425,0.538
604000,0.038,0.451,0.511
604500,0.035,0.435,0.529
605000,0.032,0.439,0.529
605500,0.034,0.444,0.522
606000,0.036,0.439,0.525
606500,0.037,0.470,0.492
607000,0.034,0.451,0.515
607500,0.039,0.455,0.506
608000,0.038,0.445,0.517
608500,0.035,0.447,0.518
609000,0.036,0.451,0.512
609500,0.035,0.429,0.536
610000,0.036,0.429,0.534
610500,0.038,0.436,0.525
611000,0.039,0.432,0.529
611500,0.041,0.446,0.514
612000,0.046,0.431,0.522
612500,0.041,0.427,0.532
613000,0.043,0.442,0.515
613500,0.041,0.444,0.516
614000,0.039,0.394,0.567
614500,0.040,0.399,0.562
615000,0.044,0.408,0.547
615500,0.051,0.400,0.548
616000,0.047,0.378,0.575
616500,0.046,0.369,0.585
617000,0.043,0.391,0.566
617500,0.045,0.367,0.587
618000,0.040,0.383,0.577
618500,0.051,0.370,0.579
619000,0.048,0.382,0.571
619500,0.052,0.373,0.574
620000,0.048,0.411,0.540
620500,0.045,0.433,0.521
621000,0.041,0.429,0.530
621500,0.043,0.429,0.527
622000,0.045,0.441,0.514
622500,0.037,0.449,0.514
623000,0.043,0.432,0.525
623500,0.046,0.416,0.537
624000,0.045,0.405,0.549
624500,0.040,0.401,0.559
625000,0.038,0.421,0.540
625500,0.041,0.419,0.540
626000,0.039,0.448,0.513
626500,0.033,0.450,0.517
627000,0.040,0.460,0.501
627500,0.035,0.476,0.489
628000,0.035,0.449,0.516
628500,0.037,0.473,0.490
629000,0.032,0.466,0.502
629500,0.037,0.464,0.499
630000,0.038,0.439,0.522
630500,0.039,0.459,0.502
631000,0.038,0.448,0.514
631500,0.039,0.458,0.503
632000,0.035,0.465,0.501
632500,0.035,0.480,0.484
633000,0.036,0.478,0.486
633500,0.037,0.456,0.507
634000,0.034,0.497,0.469
634500,0.035,0.537,0.428
635000,0.033,0.515,0.452
635500,0.033,0.504,0.463
636000,0.034,0.470,0.496
636500,0.038,0.476,0.486
637000,0.037,0.468,0.495
637500,0.035,0.468,0.497
638000,0.036,0.468,0.496
638500,0.036,0.462,0.502
639000,0.035,0.462,0.503
639500,0.046,0.441,0.513
640000,0.040,0.467,0.493
640500,0.035,0.442,0.523
641000,0.037,0.439,0.524
641500,0.039,0.414,0.546
642000,0.039,0.397,0.565
642500,0.057,0.401,0.542
643000,0.051,0.394,0.554
643500,0.047,0.397,0.556
644000,0.043,0.398,0.559
644500,0.042,0.400,0.558
645000,0.043,0.420,0.536
645500,0.044,0.398,0.558
646000,0.040,0.425,0.536
646500,0.041,0.406,0.553
647000,0.052,0.418,0.529
647500,0.049,0.389,0.562
648000,0.059,0.384,0.557
648500,0.068,0.352,0.579
649000,0.068,0.374,0.557
649500,0.059,0.380,0.562
650000,0.058,0.400,0.542
650500,0.053,0.386,0.561
651000,0.056,0.367,0.577
651500,0.052,0.374,0.573
652000,0.061,0.385,0.554
652500,0.058,0.406,0.536
653000,0.048,0.385,0.568
653500,0.044,0.373,0.582
654000,0.038,0.379,0.583
654500,0.043,0.384,0.573
655000,0.045,0.405,0.549
655500,0.041,0.404,0.555
656000,0.035,0.415,0.550
656500,0.034,0.417,0.549
657000,0.037,0.429,0.534
657500,0.035,0.480,0.485
658000,0.035,0.489,0.476
658500,0.034,0.498,0.468
659000,0.033,0.488,0.479
659500,0.038,0.469,0.492
660000,0.038,0.470,0.492
660500,0.035,0.473,0.491
661000,0.038,0.469,0.492
661500,0.040,0.446,0.514
662000,0.041,0.462,0.497
662500,0.035,0.431,0.534
663000,0.040,0.438,0.523
663500,0.042,0.431,0.526
664000,0.043,0.397,0.560
664500,0.040,0.423,0.538
665000,0.041,0.417,0.541
665500,0.037,0.425,0.538
666000,0.036,0.411,0.552
666500,0.035,0.414,0.551
667000,0.038,0.447,0.515
667500,0.040,0.452,0.509
668000,0.035,0.465,0.500
668500,0.036,0.471,0.493
669000,0.035,0.468,0.496
669500,0.034,0.462,0.505
670000,0.038,0.461,0.501
670500,0.044,0.437,0.519
671000,0.038,0.437,0.525
671500,0.040,0.453,0.508
672000,0.041,0.461,0.498
672500,0.040,0.406,0.554
673000,0.045,0.428,0.526
673500,0.043,0.376,0.581
674000,0.046,0.420,0.534
674500,0.046,0.399,0.555
675000,0.043,0.427,0.529
675500,0.049,0.379,0.572
676000,0.045,0.388,0.567
676500,0.046,0.405,0.548
677000,0.043,0.438,0.520
677500,0.042,0.399,0.559
678000,0.036,0.435,0.528
678500,0.042,0.467,0.491
679000,0.037,0.467,0.496
679500,0.039,0.441,0.520
680000,0.033,0.469,0.498
680500,0.033,0.482,0.484
681000,0.034,0.476,0.491
681500,0.035,0.465,0.500
682000,0.034,0.446,0.520
682500,0.038,0.428,0.533
683000,0.039,0.418,0.543
683500,0.036,0.455,0.509
684000,0.043,0.471,0.486
684500,0.040,0.477,0.483
685000,0.033,0.480,0.487
685500,0.034,0.496,0.470
686000,0.038,0.450,0.512
686500,0.044,0.426,0.529
687000,0.040,0.428,0.531
687500,0.042,0.428,0.530
688000,0.041,0.389,0.571
688500,0.041,0.418,0.542
689000,0.044,0.413,0.542
689500,0.041,0.420,0.538
690000,0.053,0.396,0.551
690500,0.046,0.368,0.586
691000,0.054,0.388,0.558
691500,0.049,0.388,0.563
692000,0.055,0.365,0.579
692500,0.050,0.339,0.611
693000,0.064,0.335,0.601
693500,0.059,0.342,0.599
694000,0.061,0.356,0.583
694500,0.069,0.327,0.605
695000,0.080,0.322,0.599
695500,0.075,0.311,0.614
696000,0.072,0.289,0.639
696500,0.081,0.290,0.629
697000,0.075,0.308,0.617
697500,0.063,0.337,0.601
698000,0.068,0.360,0.573
698500,0.059,0.325,0.616
699000,0.070,0.334,0.596
699500,0.069,0.329,0.602
700000,0.060,0.338,0.601
700500,0.051,0.361,0.587
701000,0.048,0.394,0.558
701500,0.049,0.431,0.520
702000,0.050,0.427,0.524
702500,0.046,0.418,0.536
703000,0.042,0.433,0.526
703500,0.037,0.446,0.517
704000,0.036,0.453,0.511
704500,0.033,0.452,0.516
705000,0.034,0.462,0.504
705500,0.034,0.435,0.532
706000,0.037,0.458,0.505
706500,0.046,0.450,0.504
707000,0.050,0.422,0.528
707500,0.043,0.409,0.548
708000,0.048,0.420,0.532
708500,0.050,0.416,0.534
709000,0.041,0.445,0.514
709500,0.040,0.419,0.542
710000,0.038,0.420,0.542
710500,0.046,0.409,0.544
711000,0.049,0.414,0.537
711500,0.043,0.426,0.530
712000,0.042,0.420,0.537
712500,0.044,0.421,0.534
713000,0.041,0.429,0.530
713500,0.039,0.421,0.539
714000,0.039,0.444,0.517
714500,0.038,0.405,0.557
715000,0.047,0.399,0.554
715500,0.043,0.409,0.547
716000,0.043,0.409,0.547
716500,0.042,0.425,0.534
717000,0.042,0.447,0.512
717500,0.035,0.481,0.485
718000,0.034,0.448,0.518
718500,0.033,0.450,0.518
719000,0.031,0.459,0.510
719500,0.033,0.439,0.528
720000,0.035,0.455,0.510
720500,0.041,0.436,0.524
721000,0.040,0.444,0.516
721500,0.035,0.429,0.536
722000,0.038,0.423,0.538
722500,0.044,0.431,0.524
723000,0.046,0.382,0.572
723500,0.040,0.424,0.536
724000,0.036,0.454,0.510
724500,0.044,0.435,0.521
725000,0.049,0.427,0.524
725500,0.044,0.453,0.503
726000,0.048,0.442,0.510
726500,0.043,0.442,0.515
727000,0.043,0.457,0.499
727500,0.047,0.436,0.517
728000,0.044,0.402,0.554
728500,0.047,0.406,0.546
729000,0.041,0.416,0.543
729500,0.043,0.421,0.536
730000,0.043,0.369,0.587
730500,0.050,0.376,0.575
731000,0.049,0.383,0.569
731500,0.049,0.413,0.538
732000,0.048,0.434,0.517
732500,0.044,0.406,0.550
733000,0.054,0.387,0.558
733500,0.044,0.378,0.578
734000,0.052,0.389,0.558
734500,0.051,0.380,0.570
735000,0.044,0.400,0.556
735500,0.041,0.392,0.568
736000,0.051,0.365,0.584
736500,0.042,0.402,0.556
737000,0.048,0.368,0.583
737500,0.056,0.371,0.574
738000,0.046,0.376,0.578
738500,0.046,0.341,0.613
739000,0.051,0.366,0.583
739500,0.051,0.364,0.585
740000,0.056,0.367,0.577
740500,0.057,0.335,0.609
741000,0.061,0.361,0.578
741500,0.057,0.342,0.601
742000,0.073,0.327,0.600
742500,0.060,0.309,0.631
743000,0.067,0.314,0.619
743500,0.071,0.310,0.619
744000,0.068,0.299,0.632
744500,0.067,0.311,0.622
745000,0.060,0.302,0.637
745500,0.060,0.307,0.633
746000,0.065,0.336,0.599
746500,0.062,0.345,0.593
747000,0.060,0.368,0.571
747500,0.065,0.322,0.613
748000,0.062,0.340,0.597
748500,0.062,0.332,0.606
749000,0.056,0.360,0.584
749500,0.050,0.380,0.571
750000,0.049,0.355,0.597
750500,0.061,0.344,0.595
751000,0.052,0.349,0.598
751500,0.044,0.382,0.574
752000,0.045,0.407,0.548
752500,0.042,0.415,0.543
753000,0.045,0.385,0.570
753500,0.059,0.378,0.563
754000,0.051,0.386,0.564
754500,0.051,0.392,0.557
755000,0.051,0.409,0.540
755500,0.054,0.404,0.541
756000,0.051,0.399,0.550
756500,0.050,0.389,0.561
757000,0.058,0.381,0.562
757500,0.046,0.380,0.574
758000,0.045,0.397,0.558
758500,0.054,0.391,0.554
759000,0.051,0.405,0.544
759500,0.049,0.431,0.520
760000,0.042,0.429,0.529
760500,0.045,0.435,0.520
761000,0.042,0.413,0.545
761500,0.040,0.404,0.557
762000,0.042,0.402,0.556
762500,0.047,0.436,0.516
763000,0.038,0.450,0.512
763500,0.036,0.426,0.537
764000,0.040,0.400,0.560
764500,0.045,0.405,0.550
765000,0.043,0.399,0.558
765500,0.045,0.417,0.538
766000,0.041,0.406,0.553
766500,0.040,0.396,0.565
767000,0.051,0.425,0.523
767500,0.057,0.407,0.536
768000,0.043,0.417,0.539
768500,0.043,0.417,0.539
769000,0.044,0.404,0.552
769500,0.050,0.411,0.539
770000,0.042,0.371,0.587
770500,0.055,0.335,0.610
771000,0.053,0.389,0.557
771500,0.059,0.382,0.560
772000,0.052,0.409,0.538
772500,0.049,0.423,0.528
773000,0.051,0.390,0.559
773500,0.043,0.413,0.544
774000,0.044,0.401,0.555
774500,0.048,0.414,0.538
775000,0.046,0.387,0.567
775500,0.057,0.377,0.567
776000,0.043,0.395,0.563
776500,0.048,0.379,0.574
777000,0.051,0.411,0.538
777500,0.050,0.424,0.526
778000,0.043,0.434,0.524
778500,0.042,0.431,0.526
779000,0.040,0.400,0.560
779500,0.042,0.426,0.532
780000,0.040,0.422,0.538
780500,0.044,0.447,0.508
781000,0.047,0.443,0.510
781500,0.051,0.419,0.530
782000,0.054,0.416,0.529
782500,0.059,0.418,0.524
783000,0.045,0.426,0.529
783500,0.040,0.440,0.520
784000,0.040,0.415,0.546
784500,0.045,0.397,0.558
785000,0.045,0.402,0.553
785500,0.049,0.416,0.534
786000,0.038,0.403,0.558
786500,0.043,0.409,0.548
787000,0.053,0.390,0.557
787500,0.051,0.392,0.558
788000,0.044,0.392,0.565
788500,0.042,0.390,0.569
789000,0.051,0.391,0.558
789500,0.044,0.393,0.563
790000,0.044,0.390,0.566
790500,0.043,0.380,0.577
791000,0.044,0.417,0.539
791500,0.039,0.429,0.532
792000,0.037,0.456,0.507
792500,0.033,0.476,0.491
793000,0.034,0.490,0.475
793500,0.035,0.464,0.502
794000,0.034,0.470,0.496
794500,0.036,0.432,0.531
795000,0.042,0.453,0.506
795500,0.033,0.454,0.513
796000,0.035,0.474,0.491
796500,0.036,0.482,0.481
797000,0.035,0.463,0.502
797500,0.036,0.472,0.491
798000,0.038,0.464,0.498
798500,0.036,0.482,0.482
799000,0.038,0.490,0.472
799500,0.037,0.469,0.494
800000,0.040,0.437,0.523
800500,0.041,0.417,0.541
801000,0.039,0.460,0.501
801500,0.039,0.431,0.529
802000,0.041,0.429,0.530
802500,0.044,0.440,0.516
803000,0.040,0.450,0.511
803500,0.036,0.442,0.522
804000,0.039,0.425,0.536
804500,0.038,0.413,0.548
805000,0.038,0.457,0.505
805500,0.034,0.500,0.466
806000,0.038,0.468,0.494
806500,0.037,0.491,0.472
807000,0.035,0.466,0.499
807500,0.034,0.460,0.506
808000,0.036,0.400,0.564
808500,0.046,0.382,0.573
809000,0.045,0.357,0.598
809500,0.042,0.385,0.573
810000,0.044,0.387,0.569
810500,0.038,0.386,0.577
811000,0.040,0.414,0.545
811500,0.040,0.419,0.542
812000,0.049,0.394,0.557
812500,0.058,0.362,0.580
813000,0.054,0.375,0.571
813500,0.048,0.392,0.560
814000,0.045,0.438,0.517
814500,0.040,0.440,0.521
815000,0.038,0.463,0.498
815500,0.038,0.451,0.511
816000,0.046,0.405,0.549
816500,0.050,0.407,0.543
817000,0.048,0.391,0.562
817500,0.047,0.399,0.554
818000,0.043,0.371,0.586
818500,0.044,0.353,0.602
819000,0.043,0.357,0.599
819500,0.040,0.376,0.585
820000,0.043,0.361,0.596
820500,0.050,0.386,0.565
821000,0.064,0.371,0.565
821500,0.048,0.388,0.565
822000,0.047,0.398,0.555
822500,0.038,0.395,0.567
823000,0.043,0.384,0.573
823500,0.040,0.389,0.572
824000,0.055,0.389,0.556
824500,0.051,0.413,0.536
825000,0.047,0.402,0.551
825500,0.046,0.444,0.510
826000,0.041,0.430,0.530
826500,0.044,0.431,0.525
827000,0.041,0.466,0.493
827500,0.038,0.445,0.517
828000,0.040,0.463,0.497
828500,0.042,0.445,0.513
829000,0.042,0.421,0.538
829500,0.041,0.434,0.525
830000,0.038,0.421,0.541
830500,0.051,0.404,0.545
831000,0.044,0.406,0.549
831500,0.049,0.391,0.560
832000,0.056,0.377,0.567
832500,0.057,0.354,0.589
833000,0.075,0.326,0.599
833500,0.070,0.322,0.608
834000,0.072,0.354,0.573
834500,0.057,0.347,0.596
835000,0.050,0.407,0.543
835500,0.051,0.402,0.546
836000,0.053,0.389,0.558
836500,0.063,0.385,0.552
837000,0.051,0.391,0.559
837500,0.048,0.442,0.511
838000,0.045,0.455,0.500
838500,0.039,0.456,0.505
839000,0.043,0.450,0.506
839500,0.045,0.432,0.523
840000,0.036,0.448,0.516
840500,0.032,0.477,0.490
841000,0.036,0.498,0.466
841500,0.035,0.475,0.490
842000,0.033,0.481,0.487
842500,0.032,0.502,0.467
843000,0.035,0.505,0.461
843500,0.030,0.507,0.463
844000,0.030,0.486,0.484
844500,0.032,0.484,0.484
845000,0.033,0.457,0.510
845500,0.037,0.405,0.558
846000,0.050,0.408,0.541
846500,0.040,0.401,0.559
847000,0.046,0.379,0.575
847500,0.043,0.404,0.554
848000,0.042,0.421,0.537
848500,0.041,0.424,0.536
849000,0.042,0.406,0.553
849500,0.043,0.402,0.555
850000,0.040,0.414,0.546
850500,0.042,0.374,0.583
851000,0.046,0.409,0.544
851500,0.041,0.376,0.584
852000,0.038,0.392,0.570
852500,0.038,0.414,0.548
853000,0.041,0.416,0.542
853500,0.045,0.435,0.520
854000,0.042,0.457,0.501
854500,0.040,0.480,0.481
855000,0.043,0.481,0.477
855500,0.044,0.462,0.494
856000,0.043,0.442,0.515
856500,0.042,0.420,0.538
857000,0.043,0.434,0.522
857500,0.049,0.424,0.527
858000,0.047,0.414,0.539
858500,0.039,0.431,0.530
859000,0.041,0.445,0.515
859500,0.037,0.451,0.512
860000,0.036,0.438,0.526
860500,0.040,0.415,0.546
861000,0.048,0.436,0.516
861500,0.037,0.405,0.557
862000,0.046,0.417,0.536
862500,0.043,0.382,0.576
863000,0.045,0.360,0.595
863500,0.048,0.335,0.617
864000,0.053,0.359,0.588
864500,0.063,0.349,0.588
865000,0.055,0.351,0.593
865500,0.053,0.362,0.585
866000,0.052,0.360,0.588
866500,0.051,0.314,0.635
867000,0.048,0.347,0.605
867500,0.048,0.360,0.592
868000,0.050,0.371,0.579
868500,0.062,0.362,0.576
869000,0.061,0.370,0.569
869500,0.061,0.353,0.585
870000,0.062,0.330,0.608
870500,0.057,0.381,0.562
871000,0.048,0.416,0.535
871500,0.041,0.426,0.534
872000,0.042,0.396,0.562
872500,0.040,0.406,0.554
873000,0.036,0.460,0.504
873500,0.034,0.442,0.524
874000,0.049,0.429,0.522
874500,0.045,0.401,0.553
875000,0.042,0.404,0.554
875500,0.043,0.408,0.550
876000,0.040,0.448,0.512
876500,0.038,0.444,0.518
877000,0.049,0.404,0.547
877500,0.043,0.402,0.555
878000,0.037,0.427,0.535
878500,0.035,0.443,0.522
879000,0.036,0.463,0.501
879500,0.035,0.495,0.471
880000,0.037,0.482,0.481
880500,0.036,0.465,0.499
881000,0.041,0.462,0.497
881500,0.041,0.435,0.524
882000,0.036,0.414,0.550
882500,0.036,0.446,0.518
883000,0.041,0.421,0.537
883500,0.041,0.418,0.542
884000,0.038,0.417,0.544
884500,0.043,0.401,0.556
885000,0.042,0.396,0.562
885500,0.048,0.378,0.574
886000,0.051,0.370,0.579
886500,0.049,0.392,0.560
887000,0.051,0.403,0.545
887500,0.046,0.439,0.515
888000,0.047,0.441,0.512
888500,0.044,0.420,0.536
889000,0.045,0.420,0.534
889500,0.042,0.425,0.533
890000,0.035,0.441,0.524
890500,0.043,0.411,0.546
891000,0.046,0.428,0.526
891500,0.041,0.445,0.514
892000,0.041,0.435,0.523
892500,0.048,0.466,0.486
893000,0.043,0.458,0.499
893500,0.041,0.452,0.508
894000,0.035,0.465,0.499
894500,0.032,0.496,0.471
895000,0.030,0.497,0.472
895500,0.032,0.472,0.496
896000,0.032,0.473,0.494
896500,0.036,0.464,0.500
897000,0.035,0.465,0.500
897500,0.041,0.483,0.475
898000,0.043,0.507,0.451
898500,0.036,0.539,0.424
899000,0.034,0.519,0.447
899500,0.032,0.516,0.453
900000,0.035,0.516,0.449
900500,0.033,0.488,0.479
901000,0.032,0.465,0.503
901500,0.040,0.463,0.497
902000,0.042,0.440,0.519
902500,0.040,0.432,0.528
903000,0.043,0.430,0.526
903500,0.052,0.400,0.547
904000,0.052,0.401,0.547
904500,0.046,0.405,0.549
905000,0.042,0.421,0.536
905500,0.039,0.406,0.555
906000,0.046,0.417,0.537
906500,0.039,0.421,0.540
907000,0.035,0.420,0.545
907500,0.034,0.448,0.519
908000,0.035,0.441,0.525
908500,0.035,0.447,0.518
909000,0.041,0.435,0.524
909500,0.042,0.449,0.510
910000,0.036,0.487,0.476
910500,0.034,0.499,0.466
911000,0.034,0.498,0.468
911500,0.032,0.498,0.470
912000,0.038,0.489,0.473
912500,0.033,0.498,0.470
913000,0.033,0.523,0.444
913500,0.034,0.500,0.467
914000,0.034,0.516,0.450
914500,0.034,0.515,0.451
915000,0.030,0.553,0.416
915500,0.036,0.507,0.457
916000,0.037,0.504,0.459
916500,0.034,0.481,0.486
917000,0.038,0.495,0.467
917500,0.037,0.497,0.465
918000,0.033,0.493,0.475
918500,0.034,0.503,0.464
919000,0.035,0.510,0.455
919500,0.038,0.493,0.468
920000,0.035,0.457,0.508
920500,0.033,0.485,0.482
921000,0.034,0.465,0.502
921500,0.034,0.468,0.498
922000,0.036,0.477,0.487
922500,0.030,0.502,0.468
923000,0.030,0.519,0.451
923500,0.030,0.529,0.441
924000,0.030,0.512,0.458
924500,0.038,0.481,0.480
925000,0.038,0.461,0.501
925500,0.037,0.439,0.524
926000,0.037,0.470,0.493
926500,0.036,0.477,0.487
927000,0.039,0.455,0.506
927500,0.035,0.435,0.529
928000,0.035,0.472,0.492
928500,0.033,0.486,0.481
929000,0.038,0.489,0.472
929500,0.035,0.492,0.473
930000,0.032,0.485,0.482
930500,0.037,0.488,0.475
931000,0.036,0.477,0.486
931500,0.033,0.501,0.467
932000,0.035,0.464,0.501
932500,0.035,0.445,0.520
933000,0.034,0.481,0.484
933500,0.037,0.502,0.461
934000,0.034,0.514,0.453
934500,0.032,0.516,0.452
935000,0.034,0.495,0.470
935500,0.035,0.448,0.517
936000,0.035,0.464,0.502
936500,0.033,0.475,0.492
937000,0.035,0.484,0.480
937500,0.041,0.497,0.461
938000,0.035,0.494,0.471
938500,0.035,0.507,0.459
939000,0.038,0.448,0.514
939500,0.035,0.469,0.497
940000,0.036,0.471,0.492
940500,0.042,0.470,0.489
941000,0.035,0.459,0.506
941500,0.037,0.424,0.538
942000,0.046,0.428,0.525
942500,0.050,0.383,0.568
943000,0.051,0.401,0.548
943500,0.052,0.410,0.538
944000,0.041,0.395,0.565
944500,0.049,0.381,0.571
945000,0.050,0.377,0.573
945500,0.047,0.402,0.551
946000,0.046,0.379,0.575
946500,0.044,0.423,0.532
947000,0.051,0.404,0.545
947500,0.043,0.405,0.552
948000,0.040,0.394,0.567
948500,0.042,0.397,0.562
949000,0.046,0.410,0.543
949500,0.042,0.421,0.538
950000,0.038,0.431,0.531
950500,0.035,0.457,0.508
951000,0.033,0.425,0.542
951500,0.043,0.432,0.526
952000,0.037,0.437,0.526
952500,0.036,0.464,0.500
953000,0.035,0.519,0.446
953500,0.037,0.517,0.446
954000,0.038,0.503,0.459
954500,0.039,0.501,0.460
955000,0.034,0.506,0.461
955500,0.034,0.457,0.509
956000,0.035,0.484,0.480
956500,0.038,0.477,0.484
957000,0.035,0.468,0.497
957500,0.034,0.472,0.495
958000,0.032,0.489,0.479
958500,0.031,0.544,0.425
959000,0.030,0.516,0.454
959500,0.035,0.550,0.414
960000,0.037,0.512,0.451
960500,0.035,0.505,0.460
961000,0.032,0.513,0.455
961500,0.034,0.508,0.459
962000,0.031,0.507,0.462
962500,0.031,0.515,0.454
963000,0.031,0.492,0.477
963500,0.034,0.486,0.480
964000,0.040,0.479,0.482
964500,0.035,0.460,0.505
965000,0.035,0.461,0.504
965500,0.040,0.468,0.493
966000,0.035,0.507,0.458
966500,0.032,0.509,0.460
967000,0.030,0.521,0.449
967500,0.034,0.502,0.465
968000,0.033,0.526,0.441
968500,0.030,0.542,0.427
969000,0.034,0.525,0.441
969500,0.033,0.509,0.458
970000,0.035,0.505,0.461
970500,0.039,0.485,0.475
971000,0.036,0.480,0.483
971500,0.041,0.474,0.484
972000,0.040,0.490,0.470
972500,0.035,0.457,0.508
973000,0.034,0.454,0.512
973500,0.041,0.482,0.478
974000,0.035,0.466,0.500
974500,0.033,0.492,0.475
975000,0.038,0.459,0.502
975500,0.036,0.463,0.501
976000,0.038,0.462,0.500
976500,0.040,0.447,0.514
977000,0.035,0.446,0.519
977500,0.033,0.470,0.497
978000,0.033,0.497,0.470
978500,0.032,0.514,0.454
979000,0.032,0.507,0.462
979500,0.033,0.484,0.484
980000,0.035,0.485,0.480
980500,0.036,0.469,0.495
981000,0.046,0.451,0.503
981500,0.042,0.450,0.508
982000,0.038,0.449,0.513
982500,0.047,0.469,0.484
983000,0.035,0.454,0.510
983500,0.032,0.509,0.459
984000,0.037,0.520,0.442
984500,0.034,0.532,0.434
985000,0.031,0.514,0.455
985500,0.030,0.518,0.451
986000,0.036,0.493,0.470
986500,0.042,0.502,0.457
987000,0.038,0.471,0.490
987500,0.037,0.463,0.500
988000,0.035,0.475,0.489
988500,0.034,0.472,0.494
989000,0.038,0.497,0.464
989500,0.035,0.509,0.456
990000,0.040,0.474,0.486
990500,0.039,0.485,0.476
991000,0.035,0.476,0.489
991500,0.037,0.466,0.497
992000,0.036,0.475,0.488
992500,0.037,0.515,0.448
993000,0.035,0.500,0.465
993500,0.032,0.486,0.482
994000,0.039,0.477,0.483
994500,0.043,0.425,0.532
995000,0.051,0.408,0.540
995500,0.049,0.433,0.518
996000,0.049,0.425,0.526
996500,0.052,0.419,0.529
997000,0.053,0.424,0.523
997500,0.048,0.426,0.525
998000,0.042,0.423,0.535
998500,0.038,0.433,0.528
999000,0.037,0.444,0.518
999500,0.038,0.450,0.512
1000000,0.034,0.464,0.503
