time,n_A+p,n_B,n_AB,avg_entropy_simp
500,0.048,0.901,0.051,0.295287
1000,0.061,0.856,0.083,0.405487
1500,0.071,0.820,0.109,0.416347
2000,0.072,0.734,0.194,0.522001
2500,0.116,0.689,0.194,0.626023
3000,0.123,0.688,0.189,0.550910
3500,0.166,0.634,0.200,0.667573
4000,0.162,0.630,0.208,0.686648
4500,0.249,0.519,0.232,0.729343
5000,0.235,0.527,0.238,0.727219
5500,0.248,0.490,0.262,0.719891
6000,0.323,0.406,0.271,0.709682
6500,0.340,0.411,0.249,0.668592
7000,0.398,0.345,0.257,0.610503
7500,0.382,0.363,0.255,0.598425
8000,0.384,0.347,0.268,0.525845
8500,0.404,0.306,0.290,0.563444
9000,0.512,0.220,0.268,0.558793
9500,0.522,0.200,0.278,0.530365
10000,0.560,0.203,0.237,0.653311
10500,0.567,0.183,0.250,0.638522
11000,0.583,0.182,0.235,0.624775
11500,0.618,0.158,0.224,0.490489
12000,0.677,0.128,0.195,0.415316
12500,0.666,0.141,0.192,0.575104
13000,0.585,0.185,0.230,0.682095
13500,0.531,0.203,0.266,0.688375
14000,0.498,0.231,0.271,0.694197
14500,0.425,0.261,0.314,0.738513
15000,0.410,0.324,0.265,0.704876
15500,0.403,0.327,0.269,0.718589
16000,0.417,0.288,0.295,0.723320
16500,0.395,0.300,0.305,0.756732
17000,0.351,0.314,0.335,0.730170
17500,0.332,0.318,0.350,0.749389
18000,0.343,0.342,0.315,0.735246
18500,0.340,0.364,0.296,0.719727
19000,0.446,0.253,0.301,0.610533
19500,0.461,0.220,0.319,0.585578
20000,0.482,0.194,0.324,0.581957
20500,0.474,0.239,0.286,0.634095
21000,0.477,0.228,0.296,0.713919
21500,0.493,0.189,0.318,0.618216
22000,0.546,0.197,0.257,0.451335
22500,0.503,0.204,0.293,0.586622
23000,0.474,0.233,0.292,0.551659
23500,0.473,0.239,0.288,0.569110
24000,0.442,0.289,0.269,0.677023
24500,0.397,0.286,0.317,0.745802
25000,0.377,0.313,0.310,0.737768
25500,0.335,0.369,0.296,0.684576
26000,0.381,0.314,0.306,0.744614
26500,0.368,0.331,0.301,0.732010
27000,0.384,0.327,0.289,0.711610
27500,0.366,0.330,0.304,0.753894
28000,0.410,0.263,0.327,0.706765
28500,0.463,0.278,0.259,0.701167
29000,0.472,0.256,0.272,0.653681
29500,0.525,0.224,0.251,0.616636
30000,0.470,0.253,0.276,0.670418
30500,0.546,0.217,0.237,0.668959
31000,0.569,0.155,0.276,0.631520
31500,0.570,0.175,0.255,0.639426
32000,0.519,0.176,0.306,0.696987
32500,0.553,0.178,0.269,0.633534
33000,0.548,0.179,0.272,0.607553
33500,0.533,0.201,0.265,0.606659
34000,0.516,0.232,0.251,0.616425
34500,0.524,0.212,0.264,0.567592
35000,0.471,0.262,0.267,0.603848
35500,0.469,0.290,0.241,0.691208
36000,0.439,0.283,0.278,0.708576
36500,0.368,0.362,0.270,0.741457
37000,0.377,0.331,0.292,0.716175
37500,0.333,0.364,0.303,0.738964
38000,0.342,0.357,0.300,0.745726
38500,0.323,0.363,0.314,0.741135
39000,0.410,0.298,0.292,0.717280
39500,0.420,0.276,0.304,0.729831
40000,0.460,0.224,0.316,0.692497
40500,0.457,0.200,0.343,0.688091
41000,0.509,0.192,0.299,0.677853
41500,0.490,0.209,0.301,0.706583
42000,0.512,0.199,0.289,0.693665
42500,0.492,0.234,0.274,0.701583
43000,0.461,0.266,0.273,0.703698
43500,0.462,0.256,0.283,0.718921
44000,0.563,0.189,0.248,0.595474
44500,0.538,0.194,0.267,0.681564
45000,0.526,0.222,0.251,0.688062
45500,0.559,0.151,0.290,0.529666
46000,0.661,0.119,0.220,0.409357
46500,0.650,0.133,0.217,0.400430
47000,0.667,0.129,0.204,0.386971
47500,0.649,0.116,0.235,0.443808
48000,0.676,0.124,0.200,0.335594
48500,0.619,0.156,0.225,0.412088
49000,0.609,0.157,0.234,0.462101
49500,0.555,0.159,0.286,0.543814
50000,0.520,0.161,0.319,0.676652
50500,0.497,0.189,0.315,0.718002
51000,0.545,0.157,0.298,0.630408
51500,0.525,0.173,0.302,0.659701
52000,0.576,0.151,0.272,0.622202
52500,0.579,0.149,0.272,0.652746
53000,0.585,0.149,0.266,0.590976
53500,0.611,0.139,0.250,0.572688
54000,0.584,0.171,0.246,0.664498
54500,0.648,0.125,0.227,0.484025
55000,0.662,0.116,0.222,0.468475
55500,0.653,0.127,0.221,0.425205
56000,0.587,0.180,0.233,0.637978
56500,0.578,0.172,0.250,0.614518
57000,0.648,0.119,0.233,0.516382
57500,0.672,0.081,0.247,0.470907
58000,0.710,0.077,0.214,0.477632
58500,0.730,0.073,0.197,0.442593
59000,0.676,0.151,0.173,0.582846
59500,0.652,0.133,0.215,0.613528
60000,0.573,0.209,0.218,0.681454
60500,0.520,0.199,0.281,0.704095
61000,0.543,0.194,0.263,0.670955
61500,0.516,0.231,0.253,0.702855
62000,0.568,0.195,0.237,0.644610
62500,0.615,0.150,0.235,0.597662
63000,0.626,0.171,0.203,0.619243
63500,0.642,0.123,0.235,0.592316
64000,0.616,0.141,0.242,0.659941
64500,0.650,0.123,0.228,0.572617
65000,0.628,0.134,0.238,0.604258
65500,0.646,0.122,0.233,0.516043
66000,0.688,0.111,0.201,0.526330
66500,0.689,0.108,0.204,0.526486
67000,0.738,0.077,0.185,0.380710
67500,0.700,0.110,0.190,0.536198
68000,0.769,0.074,0.157,0.353179
68500,0.748,0.072,0.180,0.467440
69000,0.751,0.084,0.164,0.420835
69500,0.758,0.058,0.184,0.342158
70000,0.715,0.108,0.177,0.452477
70500,0.689,0.129,0.182,0.517130
71000,0.633,0.150,0.217,0.638572
71500,0.607,0.137,0.256,0.625973
72000,0.598,0.172,0.230,0.580307
72500,0.602,0.158,0.240,0.590992
73000,0.611,0.154,0.235,0.449492
73500,0.625,0.119,0.256,0.499945
74000,0.586,0.158,0.257,0.554235
74500,0.580,0.155,0.264,0.586765
75000,0.559,0.173,0.268,0.563113
75500,0.535,0.178,0.287,0.660504
76000,0.559,0.172,0.268,0.534326
76500,0.521,0.172,0.307,0.614658
77000,0.588,0.130,0.282,0.531225
77500,0.580,0.153,0.267,0.479917
78000,0.517,0.214,0.268,0.668677
78500,0.627,0.127,0.246,0.550146
79000,0.629,0.123,0.247,0.555509
79500,0.665,0.125,0.210,0.404066
80000,0.689,0.095,0.217,0.367731
80500,0.622,0.134,0.243,0.570464
81000,0.650,0.116,0.233,0.540449
81500,0.654,0.098,0.248,0.478777
82000,0.712,0.090,0.198,0.374833
82500,0.761,0.090,0.149,0.328082
83000,0.717,0.073,0.210,0.372507
83500,0.722,0.089,0.189,0.462507
84000,0.666,0.100,0.235,0.543272
84500,0.736,0.076,0.188,0.299763
85000,0.775,0.094,0.131,0.282644
85500,0.734,0.085,0.181,0.371362
86000,0.708,0.102,0.190,0.354896
86500,0.740,0.091,0.169,0.289520
87000,0.767,0.061,0.172,0.253692
87500,0.690,0.110,0.200,0.458274
88000,0.678,0.093,0.230,0.414776
88500,0.672,0.113,0.215,0.419640
89000,0.690,0.118,0.193,0.415284
89500,0.655,0.108,0.237,0.421732
90000,0.658,0.102,0.240,0.360479
90500,0.592,0.173,0.235,0.498797
91000,0.651,0.107,0.242,0.472453
91500,0.633,0.136,0.232,0.567071
92000,0.563,0.173,0.263,0.680392
92500,0.633,0.148,0.219,0.571456
93000,0.635,0.133,0.232,0.536276
93500,0.641,0.154,0.204,0.596883
94000,0.672,0.119,0.210,0.528678
94500,0.683,0.100,0.217,0.407431
95000,0.725,0.077,0.198,0.320579
95500,0.650,0.109,0.241,0.475932
96000,0.604,0.146,0.250,0.479546
96500,0.587,0.166,0.247,0.481204
97000,0.577,0.174,0.249,0.543746
97500,0.487,0.242,0.271,0.696301
98000,0.439,0.271,0.290,0.725009
98500,0.392,0.286,0.322,0.746097
99000,0.405,0.293,0.302,0.730764
99500,0.436,0.255,0.309,0.671861
100000,0.431,0.279,0.290,0.703592
