time,n_A+p,n_B,n_AB
500,0.030,0.399,0.571
1000,0.030,0.299,0.671
1500,0.034,0.256,0.710
2000,0.030,0.405,0.565
2500,0.030,0.353,0.617
3000,0.030,0.181,0.789
3500,0.030,0.209,0.761
4000,0.042,0.174,0.784
4500,0.030,0.219,0.751
5000,0.030,0.280,0.690
5500,0.036,0.122,0.842
6000,0.030,0.252,0.718
6500,0.030,0.240,0.730
7000,0.030,0.228,0.742
7500,0.037,0.243,0.720
8000,0.038,0.285,0.677
8500,0.034,0.246,0.720
9000,0.041,0.132,0.827
9500,0.067,0.162,0.771
10000,0.036,0.215,0.749
10500,0.031,0.261,0.708
11000,0.031,0.214,0.755
11500,0.030,0.280,0.690
12000,0.032,0.240,0.728
12500,0.037,0.262,0.701
13000,0.037,0.198,0.765
13500,0.030,0.301,0.669
14000,0.030,0.237,0.733
14500,0.030,0.507,0.463
15000,0.030,0.301,0.669
15500,0.040,0.152,0.808
16000,0.030,0.222,0.748
16500,0.036,0.212,0.752
17000,0.030,0.301,0.669
17500,0.030,0.367,0.603
18000,0.041,0.146,0.813
18500,0.030,0.370,0.600
19000,0.030,0.294,0.676
19500,0.030,0.256,0.714
20000,0.030,0.344,0.626
20500,0.035,0.223,0.742
21000,0.030,0.287,0.683
21500,0.030,0.336,0.634
22000,0.030,0.397,0.573
22500,0.030,0.221,0.749
23000,0.030,0.334,0.636
23500,0.030,0.360,0.610
24000,0.030,0.142,0.828
24500,0.034,0.221,0.745
25000,0.050,0.195,0.755
25500,0.033,0.288,0.679
26000,0.030,0.281,0.689
26500,0.036,0.158,0.806
27000,0.031,0.159,0.810
27500,0.036,0.188,0.776
28000,0.030,0.217,0.753
28500,0.039,0.193,0.768
29000,0.030,0.260,0.710
29500,0.035,0.195,0.770
30000,0.030,0.221,0.749
30500,0.030,0.375,0.595
31000,0.030,0.315,0.655
31500,0.030,0.284,0.686
32000,0.042,0.155,0.803
32500,0.033,0.232,0.735
33000,0.030,0.387,0.583
33500,0.030,0.274,0.696
34000,0.030,0.226,0.744
34500,0.030,0.266,0.704
35000,0.030,0.306,0.664
35500,0.030,0.189,0.781
36000,0.030,0.252,0.718
36500,0.030,0.244,0.726
37000,0.032,0.224,0.744
37500,0.030,0.312,0.658
38000,0.030,0.300,0.670
38500,0.164,0.042,0.794
39000,0.640,0.000,0.360
39500,0.620,0.000,0.380
40000,0.663,0.000,0.337
40500,0.647,0.000,0.353
41000,0.716,0.000,0.284
41500,0.715,0.000,0.285
42000,0.669,0.000,0.331
42500,0.535,0.000,0.465
43000,0.678,0.000,0.322
43500,0.557,0.000,0.443
44000,0.625,0.000,0.375
44500,0.887,0.000,0.113
45000,0.988,0.000,0.012
45500,0.968,0.000,0.032
46000,0.985,0.000,0.015
46500,1.000,0.000,0.000
