time,n_A+p,n_B,n_AB
500,0.030,0.739,0.231
1000,0.030,0.673,0.297
1500,0.030,0.815,0.155
2000,0.030,0.767,0.203
2500,0.030,0.786,0.184
3000,0.030,0.697,0.273
3500,0.030,0.891,0.079
4000,0.030,0.885,0.085
4500,0.030,0.715,0.255
5000,0.030,0.833,0.137
5500,0.030,0.698,0.272
6000,0.030,0.658,0.312
6500,0.030,0.788,0.182
7000,0.030,0.737,0.233
7500,0.030,0.837,0.133
8000,0.030,0.863,0.107
8500,0.030,0.759,0.211
9000,0.030,0.828,0.142
9500,0.030,0.846,0.124
10000,0.030,0.842,0.128
10500,0.030,0.815,0.155
11000,0.030,0.798,0.172
11500,0.030,0.823,0.147
12000,0.030,0.805,0.165
12500,0.030,0.875,0.095
13000,0.030,0.839,0.131
13500,0.030,0.833,0.137
14000,0.030,0.840,0.130
14500,0.030,0.749,0.221
15000,0.030,0.809,0.161
15500,0.030,0.786,0.184
16000,0.030,0.810,0.160
16500,0.030,0.677,0.293
17000,0.030,0.756,0.214
17500,0.030,0.764,0.206
18000,0.030,0.719,0.251
18500,0.030,0.842,0.128
19000,0.030,0.829,0.141
19500,0.030,0.816,0.154
20000,0.030,0.773,0.197
20500,0.030,0.781,0.189
21000,0.030,0.822,0.148
21500,0.030,0.904,0.066
22000,0.030,0.691,0.279
22500,0.030,0.781,0.189
23000,0.030,0.609,0.361
23500,0.030,0.770,0.200
24000,0.030,0.816,0.154
24500,0.030,0.911,0.059
25000,0.030,0.724,0.246
25500,0.030,0.852,0.118
26000,0.030,0.728,0.242
26500,0.030,0.821,0.149
27000,0.030,0.813,0.157
27500,0.030,0.740,0.230
28000,0.030,0.837,0.133
28500,0.030,0.814,0.156
29000,0.030,0.781,0.189
29500,0.030,0.851,0.119
30000,0.030,0.875,0.095
30500,0.030,0.779,0.191
31000,0.030,0.765,0.205
31500,0.030,0.757,0.213
32000,0.030,0.686,0.284
32500,0.030,0.714,0.256
33000,0.030,0.567,0.403
33500,0.030,0.721,0.249
34000,0.030,0.914,0.056
34500,0.030,0.667,0.303
35000,0.030,0.651,0.319
35500,0.030,0.847,0.123
36000,0.030,0.843,0.127
36500,0.030,0.775,0.195
37000,0.030,0.770,0.200
37500,0.030,0.842,0.128
38000,0.030,0.781,0.189
38500,0.030,0.802,0.168
39000,0.030,0.775,0.195
39500,0.030,0.771,0.199
40000,0.030,0.804,0.166
40500,0.030,0.643,0.327
41000,0.030,0.802,0.168
41500,0.030,0.742,0.228
42000,0.030,0.757,0.213
42500,0.030,0.814,0.156
43000,0.030,0.851,0.119
43500,0.030,0.802,0.168
44000,0.030,0.725,0.245
44500,0.030,0.808,0.162
45000,0.030,0.736,0.234
45500,0.030,0.825,0.145
46000,0.030,0.810,0.160
46500,0.030,0.822,0.148
47000,0.030,0.898,0.072
47500,0.030,0.757,0.213
48000,0.030,0.802,0.168
48500,0.030,0.705,0.265
49000,0.030,0.934,0.036
49500,0.030,0.776,0.194
50000,0.030,0.852,0.118
50500,0.030,0.784,0.186
51000,0.030,0.810,0.160
51500,0.030,0.905,0.065
52000,0.030,0.936,0.034
52500,0.030,0.767,0.203
53000,0.030,0.799,0.171
53500,0.030,0.674,0.296
54000,0.030,0.853,0.117
54500,0.030,0.762,0.208
55000,0.030,0.700,0.270
55500,0.030,0.807,0.163
56000,0.030,0.652,0.318
56500,0.030,0.846,0.124
57000,0.030,0.803,0.167
57500,0.030,0.731,0.239
58000,0.030,0.777,0.193
58500,0.030,0.832,0.138
59000,0.030,0.742,0.228
59500,0.030,0.808,0.162
60000,0.030,0.817,0.153
60500,0.030,0.695,0.275
61000,0.030,0.736,0.234
61500,0.030,0.797,0.173
62000,0.030,0.741,0.229
62500,0.030,0.809,0.161
63000,0.030,0.843,0.127
63500,0.030,0.778,0.192
64000,0.030,0.844,0.126
64500,0.030,0.809,0.161
65000,0.030,0.783,0.187
65500,0.030,0.841,0.129
66000,0.030,0.792,0.178
66500,0.030,0.770,0.200
67000,0.030,0.693,0.277
67500,0.030,0.793,0.177
68000,0.030,0.763,0.207
68500,0.030,0.773,0.197
69000,0.030,0.657,0.313
69500,0.030,0.757,0.213
70000,0.030,0.762,0.208
70500,0.030,0.829,0.141
71000,0.030,0.803,0.167
71500,0.030,0.858,0.112
72000,0.030,0.818,0.152
72500,0.030,0.767,0.203
73000,0.030,0.869,0.101
73500,0.030,0.906,0.064
74000,0.030,0.766,0.204
74500,0.030,0.759,0.211
75000,0.030,0.822,0.148
75500,0.030,0.743,0.227
76000,0.030,0.882,0.088
76500,0.030,0.744,0.226
77000,0.030,0.738,0.232
77500,0.030,0.699,0.271
78000,0.030,0.872,0.098
78500,0.030,0.846,0.124
79000,0.030,0.705,0.265
79500,0.030,0.787,0.183
80000,0.030,0.843,0.127
80500,0.030,0.821,0.149
81000,0.030,0.672,0.298
81500,0.030,0.772,0.198
82000,0.030,0.803,0.167
82500,0.030,0.735,0.235
83000,0.030,0.808,0.162
83500,0.030,0.830,0.140
84000,0.030,0.847,0.123
84500,0.030,0.770,0.200
85000,0.030,0.741,0.229
85500,0.030,0.866,0.104
86000,0.030,0.874,0.096
86500,0.030,0.899,0.071
87000,0.030,0.840,0.130
87500,0.030,0.896,0.074
88000,0.030,0.823,0.147
88500,0.030,0.820,0.150
89000,0.030,0.669,0.301
89500,0.030,0.771,0.199
90000,0.030,0.803,0.167
90500,0.030,0.845,0.125
91000,0.030,0.774,0.196
91500,0.030,0.808,0.162
92000,0.030,0.597,0.373
92500,0.030,0.814,0.156
93000,0.030,0.681,0.289
93500,0.030,0.780,0.190
94000,0.030,0.866,0.104
94500,0.030,0.709,0.261
95000,0.030,0.748,0.222
95500,0.030,0.702,0.268
96000,0.030,0.630,0.340
96500,0.030,0.822,0.148
97000,0.030,0.785,0.185
97500,0.030,0.820,0.150
98000,0.030,0.821,0.149
98500,0.030,0.837,0.133
99000,0.030,0.703,0.267
99500,0.030,0.744,0.226
100000,0.030,0.815,0.155
100500,0.030,0.686,0.284
101000,0.030,0.843,0.127
101500,0.030,0.783,0.187
102000,0.030,0.701,0.269
102500,0.030,0.769,0.201
103000,0.030,0.798,0.172
103500,0.030,0.581,0.389
104000,0.030,0.794,0.176
104500,0.030,0.833,0.137
105000,0.030,0.864,0.106
105500,0.030,0.776,0.194
106000,0.030,0.816,0.154
106500,0.030,0.820,0.150
107000,0.030,0.752,0.218
107500,0.030,0.875,0.095
108000,0.030,0.744,0.226
108500,0.030,0.840,0.130
109000,0.030,0.793,0.177
109500,0.030,0.708,0.262
110000,0.030,0.768,0.202
110500,0.030,0.778,0.192
111000,0.030,0.843,0.127
111500,0.030,0.790,0.180
112000,0.030,0.810,0.160
112500,0.030,0.842,0.128
113000,0.030,0.751,0.219
113500,0.030,0.796,0.174
114000,0.030,0.819,0.151
114500,0.030,0.809,0.161
115000,0.030,0.777,0.193
115500,0.030,0.695,0.275
116000,0.030,0.707,0.263
116500,0.030,0.755,0.215
117000,0.030,0.846,0.124
117500,0.030,0.841,0.129
118000,0.030,0.922,0.048
118500,0.030,0.768,0.202
119000,0.030,0.768,0.202
119500,0.030,0.809,0.161
120000,0.030,0.834,0.136
120500,0.030,0.755,0.215
121000,0.030,0.875,0.095
121500,0.030,0.838,0.132
122000,0.030,0.868,0.102
122500,0.030,0.712,0.258
123000,0.030,0.681,0.289
123500,0.030,0.743,0.227
124000,0.030,0.737,0.233
124500,0.030,0.874,0.096
125000,0.030,0.770,0.200
125500,0.030,0.776,0.194
126000,0.030,0.853,0.117
126500,0.030,0.748,0.222
127000,0.030,0.833,0.137
127500,0.030,0.702,0.268
128000,0.030,0.813,0.157
128500,0.030,0.635,0.335
129000,0.030,0.880,0.090
129500,0.030,0.862,0.108
130000,0.030,0.934,0.036
130500,0.030,0.809,0.161
131000,0.030,0.898,0.072
131500,0.030,0.846,0.124
132000,0.030,0.781,0.189
132500,0.030,0.824,0.146
133000,0.030,0.679,0.291
133500,0.030,0.761,0.209
134000,0.030,0.791,0.179
134500,0.030,0.768,0.202
135000,0.030,0.868,0.102
135500,0.030,0.735,0.235
136000,0.030,0.724,0.246
136500,0.030,0.776,0.194
137000,0.030,0.803,0.167
137500,0.030,0.908,0.062
138000,0.030,0.854,0.116
138500,0.030,0.725,0.245
139000,0.030,0.816,0.154
139500,0.030,0.783,0.187
140000,0.030,0.874,0.096
140500,0.030,0.835,0.135
141000,0.030,0.835,0.135
141500,0.030,0.874,0.096
142000,0.030,0.743,0.227
142500,0.030,0.863,0.107
143000,0.030,0.755,0.215
143500,0.030,0.723,0.247
144000,0.030,0.693,0.277
144500,0.030,0.774,0.196
145000,0.030,0.881,0.089
145500,0.030,0.738,0.232
146000,0.030,0.742,0.228
146500,0.030,0.761,0.209
147000,0.030,0.794,0.176
147500,0.030,0.722,0.248
148000,0.030,0.824,0.146
148500,0.030,0.900,0.070
149000,0.030,0.785,0.185
149500,0.030,0.741,0.229
150000,0.030,0.820,0.150
150500,0.030,0.774,0.196
151000,0.030,0.850,0.120
151500,0.030,0.692,0.278
152000,0.030,0.672,0.298
152500,0.030,0.775,0.195
153000,0.030,0.692,0.278
153500,0.030,0.780,0.190
154000,0.030,0.805,0.165
154500,0.030,0.691,0.279
155000,0.030,0.809,0.161
155500,0.030,0.758,0.212
156000,0.030,0.901,0.069
156500,0.030,0.731,0.239
157000,0.030,0.804,0.166
157500,0.030,0.814,0.156
158000,0.030,0.840,0.130
158500,0.030,0.843,0.127
159000,0.030,0.756,0.214
159500,0.030,0.780,0.190
160000,0.030,0.780,0.190
160500,0.030,0.790,0.180
161000,0.030,0.753,0.217
161500,0.030,0.779,0.191
162000,0.030,0.826,0.144
162500,0.030,0.828,0.142
163000,0.030,0.876,0.094
163500,0.030,0.869,0.101
164000,0.030,0.727,0.243
164500,0.030,0.819,0.151
165000,0.030,0.889,0.081
165500,0.030,0.772,0.198
166000,0.030,0.752,0.218
166500,0.030,0.838,0.132
167000,0.030,0.620,0.350
167500,0.030,0.628,0.342
168000,0.030,0.729,0.241
168500,0.030,0.912,0.058
169000,0.030,0.800,0.170
169500,0.030,0.918,0.052
170000,0.030,0.835,0.135
170500,0.030,0.734,0.236
171000,0.030,0.753,0.217
171500,0.030,0.804,0.166
172000,0.030,0.854,0.116
172500,0.030,0.809,0.161
173000,0.030,0.756,0.214
173500,0.030,0.728,0.242
174000,0.030,0.828,0.142
174500,0.030,0.907,0.063
175000,0.030,0.845,0.125
175500,0.030,0.909,0.061
176000,0.030,0.885,0.085
176500,0.030,0.881,0.089
177000,0.030,0.743,0.227
177500,0.030,0.825,0.145
178000,0.030,0.744,0.226
178500,0.030,0.849,0.121
179000,0.030,0.796,0.174
179500,0.030,0.802,0.168
180000,0.030,0.694,0.276
180500,0.030,0.900,0.070
181000,0.030,0.824,0.146
181500,0.030,0.793,0.177
182000,0.030,0.715,0.255
182500,0.030,0.805,0.165
183000,0.030,0.901,0.069
183500,0.030,0.923,0.047
184000,0.030,0.711,0.259
184500,0.030,0.729,0.241
185000,0.030,0.811,0.159
185500,0.030,0.862,0.108
186000,0.030,0.863,0.107
186500,0.030,0.764,0.206
187000,0.030,0.692,0.278
187500,0.030,0.830,0.140
188000,0.030,0.812,0.158
188500,0.030,0.868,0.102
189000,0.030,0.608,0.362
189500,0.030,0.690,0.280
190000,0.030,0.816,0.154
190500,0.030,0.772,0.198
191000,0.030,0.883,0.087
191500,0.030,0.643,0.327
192000,0.030,0.723,0.247
192500,0.030,0.785,0.185
193000,0.030,0.746,0.224
193500,0.030,0.805,0.165
194000,0.030,0.775,0.195
194500,0.030,0.786,0.184
195000,0.030,0.687,0.283
195500,0.030,0.696,0.274
196000,0.030,0.746,0.224
196500,0.030,0.851,0.119
197000,0.030,0.739,0.231
197500,0.030,0.881,0.089
198000,0.030,0.764,0.206
198500,0.030,0.725,0.245
199000,0.030,0.805,0.165
199500,0.030,0.675,0.295
200000,0.030,0.790,0.180
200500,0.030,0.915,0.055
201000,0.030,0.835,0.135
201500,0.030,0.814,0.156
202000,0.030,0.759,0.211
202500,0.030,0.876,0.094
203000,0.030,0.727,0.243
203500,0.030,0.722,0.248
204000,0.030,0.759,0.211
204500,0.030,0.729,0.241
205000,0.030,0.727,0.243
205500,0.030,0.725,0.245
206000,0.030,0.761,0.209
206500,0.030,0.749,0.221
207000,0.030,0.779,0.191
207500,0.030,0.859,0.111
208000,0.030,0.755,0.215
208500,0.030,0.743,0.227
209000,0.030,0.804,0.166
209500,0.030,0.939,0.031
210000,0.030,0.777,0.193
210500,0.030,0.806,0.164
211000,0.030,0.820,0.150
211500,0.030,0.833,0.137
212000,0.030,0.825,0.145
212500,0.030,0.796,0.174
213000,0.030,0.735,0.235
213500,0.030,0.852,0.118
214000,0.030,0.822,0.148
214500,0.030,0.742,0.228
215000,0.030,0.762,0.208
215500,0.030,0.712,0.258
216000,0.030,0.780,0.190
216500,0.030,0.826,0.144
217000,0.030,0.735,0.235
217500,0.030,0.731,0.239
218000,0.030,0.783,0.187
218500,0.030,0.702,0.268
219000,0.030,0.825,0.145
219500,0.030,0.853,0.117
220000,0.030,0.737,0.233
220500,0.030,0.772,0.198
221000,0.030,0.838,0.132
221500,0.030,0.718,0.252
222000,0.030,0.869,0.101
222500,0.030,0.738,0.232
223000,0.030,0.817,0.153
223500,0.030,0.856,0.114
224000,0.030,0.889,0.081
224500,0.030,0.850,0.120
225000,0.030,0.785,0.185
225500,0.030,0.785,0.185
226000,0.030,0.861,0.109
226500,0.030,0.827,0.143
227000,0.030,0.804,0.166
227500,0.030,0.947,0.023
228000,0.030,0.830,0.140
228500,0.030,0.937,0.033
229000,0.030,0.692,0.278
229500,0.030,0.850,0.120
230000,0.030,0.845,0.125
230500,0.030,0.723,0.247
231000,0.030,0.808,0.162
231500,0.030,0.760,0.210
232000,0.030,0.710,0.260
232500,0.030,0.795,0.175
233000,0.030,0.783,0.187
233500,0.030,0.780,0.190
234000,0.030,0.728,0.242
234500,0.030,0.805,0.165
235000,0.030,0.809,0.161
235500,0.030,0.708,0.262
236000,0.030,0.834,0.136
236500,0.030,0.765,0.205
237000,0.030,0.917,0.053
237500,0.030,0.821,0.149
238000,0.030,0.709,0.261
238500,0.030,0.719,0.251
239000,0.030,0.644,0.326
239500,0.030,0.792,0.178
240000,0.030,0.713,0.257
240500,0.030,0.793,0.177
241000,0.030,0.812,0.158
241500,0.030,0.672,0.298
242000,0.030,0.744,0.226
242500,0.030,0.857,0.113
243000,0.030,0.896,0.074
243500,0.030,0.741,0.229
244000,0.030,0.742,0.228
244500,0.030,0.597,0.373
245000,0.030,0.751,0.219
245500,0.030,0.770,0.200
246000,0.030,0.804,0.166
246500,0.030,0.848,0.122
247000,0.030,0.810,0.160
247500,0.030,0.518,0.452
248000,0.030,0.785,0.185
248500,0.030,0.829,0.141
249000,0.030,0.689,0.281
249500,0.030,0.822,0.148
250000,0.030,0.792,0.178
250500,0.030,0.776,0.194
251000,0.030,0.858,0.112
251500,0.030,0.862,0.108
252000,0.030,0.773,0.197
252500,0.030,0.900,0.070
253000,0.030,0.842,0.128
253500,0.030,0.738,0.232
254000,0.030,0.720,0.250
254500,0.030,0.842,0.128
255000,0.030,0.733,0.237
255500,0.030,0.819,0.151
256000,0.030,0.829,0.141
256500,0.030,0.782,0.188
257000,0.030,0.813,0.157
257500,0.030,0.807,0.163
258000,0.030,0.823,0.147
258500,0.030,0.771,0.199
259000,0.030,0.794,0.176
259500,0.030,0.788,0.182
260000,0.030,0.716,0.254
260500,0.030,0.870,0.100
261000,0.030,0.793,0.177
261500,0.030,0.803,0.167
262000,0.030,0.819,0.151
262500,0.030,0.736,0.234
263000,0.030,0.814,0.156
263500,0.030,0.669,0.301
264000,0.030,0.803,0.167
264500,0.030,0.879,0.091
265000,0.030,0.854,0.116
265500,0.030,0.776,0.194
266000,0.030,0.759,0.211
266500,0.030,0.747,0.223
267000,0.030,0.786,0.184
267500,0.030,0.627,0.343
268000,0.030,0.754,0.216
268500,0.030,0.759,0.211
269000,0.030,0.877,0.093
269500,0.030,0.782,0.188
270000,0.030,0.739,0.231
270500,0.030,0.805,0.165
271000,0.030,0.773,0.197
271500,0.030,0.807,0.163
272000,0.030,0.855,0.115
272500,0.030,0.757,0.213
273000,0.030,0.574,0.396
273500,0.030,0.694,0.276
274000,0.030,0.856,0.114
274500,0.030,0.930,0.040
275000,0.030,0.821,0.149
275500,0.030,0.856,0.114
276000,0.030,0.795,0.175
276500,0.030,0.776,0.194
277000,0.030,0.814,0.156
277500,0.030,0.836,0.134
278000,0.030,0.776,0.194
278500,0.030,0.837,0.133
279000,0.030,0.808,0.162
279500,0.030,0.833,0.137
280000,0.030,0.898,0.072
280500,0.030,0.813,0.157
281000,0.030,0.873,0.097
281500,0.030,0.931,0.039
282000,0.030,0.794,0.176
282500,0.030,0.714,0.256
283000,0.030,0.812,0.158
283500,0.030,0.863,0.107
284000,0.030,0.857,0.113
284500,0.030,0.809,0.161
285000,0.030,0.875,0.095
285500,0.030,0.704,0.266
286000,0.030,0.694,0.276
286500,0.030,0.706,0.264
287000,0.030,0.678,0.292
287500,0.030,0.742,0.228
288000,0.030,0.854,0.116
288500,0.030,0.819,0.151
289000,0.030,0.753,0.217
289500,0.030,0.761,0.209
290000,0.030,0.726,0.244
290500,0.030,0.657,0.313
291000,0.030,0.716,0.254
291500,0.030,0.857,0.113
292000,0.030,0.793,0.177
292500,0.030,0.836,0.134
293000,0.030,0.763,0.207
293500,0.030,0.813,0.157
294000,0.030,0.619,0.351
294500,0.030,0.900,0.070
295000,0.030,0.762,0.208
295500,0.030,0.811,0.159
296000,0.030,0.915,0.055
296500,0.030,0.811,0.159
297000,0.030,0.805,0.165
297500,0.030,0.703,0.267
298000,0.030,0.746,0.224
298500,0.030,0.793,0.177
299000,0.030,0.774,0.196
299500,0.030,0.733,0.237
300000,0.030,0.806,0.164
300500,0.030,0.738,0.232
301000,0.030,0.662,0.308
301500,0.030,0.736,0.234
302000,0.030,0.750,0.220
302500,0.030,0.832,0.138
303000,0.030,0.705,0.265
303500,0.030,0.821,0.149
304000,0.030,0.799,0.171
304500,0.030,0.803,0.167
305000,0.030,0.768,0.202
305500,0.030,0.622,0.348
306000,0.030,0.625,0.345
306500,0.030,0.869,0.101
307000,0.030,0.784,0.186
307500,0.030,0.782,0.188
308000,0.030,0.867,0.103
308500,0.030,0.788,0.182
309000,0.030,0.802,0.168
309500,0.030,0.666,0.304
310000,0.030,0.772,0.198
310500,0.030,0.873,0.097
311000,0.030,0.842,0.128
311500,0.030,0.894,0.076
312000,0.030,0.720,0.250
312500,0.030,0.797,0.173
313000,0.030,0.897,0.073
313500,0.030,0.767,0.203
314000,0.030,0.703,0.267
314500,0.030,0.705,0.265
315000,0.030,0.861,0.109
315500,0.030,0.779,0.191
316000,0.030,0.839,0.131
316500,0.030,0.870,0.100
317000,0.030,0.802,0.168
317500,0.030,0.826,0.144
318000,0.030,0.657,0.313
318500,0.030,0.697,0.273
319000,0.030,0.789,0.181
319500,0.030,0.878,0.092
320000,0.030,0.667,0.303
320500,0.030,0.873,0.097
321000,0.030,0.803,0.167
321500,0.030,0.817,0.153
322000,0.030,0.832,0.138
322500,0.030,0.878,0.092
323000,0.030,0.861,0.109
323500,0.030,0.736,0.234
324000,0.030,0.686,0.284
324500,0.030,0.794,0.176
325000,0.030,0.786,0.184
325500,0.030,0.771,0.199
326000,0.030,0.872,0.098
326500,0.030,0.871,0.099
327000,0.030,0.705,0.265
327500,0.030,0.803,0.167
328000,0.030,0.859,0.111
328500,0.030,0.825,0.145
329000,0.030,0.875,0.095
329500,0.030,0.805,0.165
330000,0.030,0.800,0.170
330500,0.030,0.853,0.117
331000,0.030,0.836,0.134
331500,0.030,0.901,0.069
332000,0.030,0.779,0.191
332500,0.030,0.780,0.190
333000,0.030,0.816,0.154
333500,0.030,0.839,0.131
334000,0.030,0.708,0.262
334500,0.030,0.721,0.249
335000,0.030,0.828,0.142
335500,0.030,0.858,0.112
336000,0.030,0.678,0.292
336500,0.030,0.752,0.218
337000,0.030,0.768,0.202
337500,0.030,0.818,0.152
338000,0.030,0.857,0.113
338500,0.030,0.677,0.293
339000,0.030,0.699,0.271
339500,0.030,0.815,0.155
340000,0.030,0.788,0.182
340500,0.030,0.842,0.128
341000,0.030,0.690,0.280
341500,0.030,0.809,0.161
342000,0.030,0.908,0.062
342500,0.030,0.718,0.252
343000,0.030,0.671,0.299
343500,0.030,0.804,0.166
344000,0.030,0.628,0.342
344500,0.030,0.696,0.274
345000,0.030,0.872,0.098
345500,0.030,0.728,0.242
346000,0.030,0.709,0.261
346500,0.030,0.691,0.279
347000,0.030,0.844,0.126
347500,0.030,0.813,0.157
348000,0.030,0.814,0.156
348500,0.030,0.907,0.063
349000,0.030,0.756,0.214
349500,0.030,0.847,0.123
350000,0.030,0.784,0.186
350500,0.030,0.778,0.192
351000,0.030,0.815,0.155
351500,0.030,0.744,0.226
352000,0.030,0.834,0.136
352500,0.030,0.886,0.084
353000,0.030,0.840,0.130
353500,0.030,0.796,0.174
354000,0.030,0.884,0.086
354500,0.030,0.838,0.132
355000,0.030,0.785,0.185
355500,0.030,0.715,0.255
356000,0.030,0.627,0.343
356500,0.030,0.822,0.148
357000,0.030,0.861,0.109
357500,0.030,0.866,0.104
358000,0.030,0.724,0.246
358500,0.030,0.707,0.263
359000,0.030,0.752,0.218
359500,0.030,0.830,0.140
360000,0.030,0.832,0.138
360500,0.030,0.843,0.127
361000,0.030,0.879,0.091
361500,0.030,0.859,0.111
362000,0.030,0.872,0.098
362500,0.030,0.815,0.155
363000,0.030,0.777,0.193
363500,0.030,0.889,0.081
364000,0.030,0.843,0.127
364500,0.030,0.751,0.219
365000,0.030,0.749,0.221
365500,0.030,0.797,0.173
366000,0.030,0.668,0.302
366500,0.030,0.838,0.132
367000,0.030,0.910,0.060
367500,0.030,0.879,0.091
368000,0.030,0.762,0.208
368500,0.030,0.800,0.170
369000,0.030,0.768,0.202
369500,0.030,0.656,0.314
370000,0.030,0.717,0.253
370500,0.030,0.828,0.142
371000,0.030,0.649,0.321
371500,0.030,0.761,0.209
372000,0.030,0.898,0.072
372500,0.030,0.759,0.211
373000,0.030,0.804,0.166
373500,0.030,0.851,0.119
374000,0.030,0.700,0.270
374500,0.030,0.845,0.125
375000,0.030,0.797,0.173
375500,0.030,0.813,0.157
376000,0.030,0.860,0.110
376500,0.030,0.793,0.177
377000,0.030,0.812,0.158
377500,0.030,0.837,0.133
378000,0.030,0.721,0.249
378500,0.030,0.739,0.231
379000,0.030,0.818,0.152
379500,0.030,0.796,0.174
380000,0.030,0.689,0.281
380500,0.030,0.744,0.226
381000,0.030,0.802,0.168
381500,0.030,0.761,0.209
382000,0.030,0.612,0.358
382500,0.030,0.798,0.172
383000,0.030,0.858,0.112
383500,0.030,0.756,0.214
384000,0.030,0.655,0.315
384500,0.030,0.807,0.163
385000,0.030,0.684,0.286
385500,0.030,0.860,0.110
386000,0.030,0.770,0.200
386500,0.030,0.753,0.217
387000,0.030,0.789,0.181
387500,0.030,0.840,0.130
388000,0.030,0.794,0.176
388500,0.030,0.760,0.210
389000,0.030,0.643,0.327
389500,0.030,0.682,0.288
390000,0.030,0.767,0.203
390500,0.030,0.907,0.063
391000,0.030,0.689,0.281
391500,0.030,0.734,0.236
392000,0.030,0.896,0.074
392500,0.030,0.797,0.173
393000,0.030,0.827,0.143
393500,0.030,0.690,0.280
394000,0.030,0.721,0.249
394500,0.030,0.760,0.210
395000,0.030,0.690,0.280
395500,0.030,0.702,0.268
396000,0.030,0.866,0.104
396500,0.030,0.857,0.113
397000,0.030,0.908,0.062
397500,0.030,0.817,0.153
398000,0.030,0.850,0.120
398500,0.030,0.879,0.091
399000,0.030,0.887,0.083
399500,0.030,0.792,0.178
400000,0.030,0.828,0.142
400500,0.030,0.874,0.096
401000,0.030,0.944,0.026
401500,0.030,0.875,0.095
402000,0.030,0.672,0.298
402500,0.030,0.792,0.178
403000,0.030,0.739,0.231
403500,0.030,0.864,0.106
404000,0.030,0.771,0.199
404500,0.030,0.688,0.282
405000,0.030,0.735,0.235
405500,0.030,0.894,0.076
406000,0.030,0.870,0.100
406500,0.030,0.675,0.295
407000,0.030,0.745,0.225
407500,0.030,0.840,0.130
408000,0.030,0.845,0.125
408500,0.030,0.882,0.088
409000,0.030,0.715,0.255
409500,0.030,0.831,0.139
410000,0.030,0.889,0.081
410500,0.030,0.729,0.241
411000,0.030,0.870,0.100
411500,0.030,0.826,0.144
412000,0.030,0.811,0.159
412500,0.030,0.784,0.186
413000,0.030,0.727,0.243
413500,0.030,0.780,0.190
414000,0.030,0.835,0.135
414500,0.030,0.697,0.273
415000,0.030,0.859,0.111
415500,0.030,0.809,0.161
416000,0.030,0.654,0.316
416500,0.030,0.774,0.196
417000,0.030,0.822,0.148
417500,0.030,0.835,0.135
418000,0.030,0.690,0.280
418500,0.030,0.801,0.169
419000,0.030,0.832,0.138
419500,0.030,0.860,0.110
420000,0.030,0.775,0.195
420500,0.030,0.842,0.128
421000,0.030,0.798,0.172
421500,0.030,0.770,0.200
422000,0.030,0.775,0.195
422500,0.030,0.824,0.146
423000,0.030,0.657,0.313
423500,0.030,0.832,0.138
424000,0.030,0.767,0.203
424500,0.030,0.842,0.128
425000,0.030,0.715,0.255
425500,0.030,0.852,0.118
426000,0.030,0.862,0.108
426500,0.030,0.865,0.105
427000,0.030,0.918,0.052
427500,0.030,0.873,0.097
428000,0.030,0.630,0.340
428500,0.030,0.836,0.134
429000,0.030,0.738,0.232
429500,0.030,0.801,0.169
430000,0.030,0.704,0.266
430500,0.030,0.860,0.110
431000,0.030,0.684,0.286
431500,0.030,0.814,0.156
432000,0.030,0.704,0.266
432500,0.030,0.780,0.190
433000,0.030,0.866,0.104
433500,0.030,0.720,0.250
434000,0.030,0.851,0.119
434500,0.030,0.827,0.143
435000,0.030,0.630,0.340
435500,0.030,0.709,0.261
436000,0.030,0.760,0.210
436500,0.030,0.632,0.338
437000,0.030,0.902,0.068
437500,0.030,0.880,0.090
438000,0.030,0.769,0.201
438500,0.030,0.864,0.106
439000,0.030,0.701,0.269
439500,0.030,0.733,0.237
440000,0.030,0.711,0.259
440500,0.030,0.882,0.088
441000,0.030,0.760,0.210
441500,0.030,0.737,0.233
442000,0.030,0.787,0.183
442500,0.030,0.826,0.144
443000,0.030,0.848,0.122
443500,0.030,0.742,0.228
444000,0.030,0.911,0.059
444500,0.030,0.837,0.133
445000,0.030,0.844,0.126
445500,0.030,0.718,0.252
446000,0.030,0.835,0.135
446500,0.030,0.746,0.224
447000,0.030,0.780,0.190
447500,0.030,0.740,0.230
448000,0.030,0.685,0.285
448500,0.030,0.750,0.220
449000,0.030,0.866,0.104
449500,0.030,0.748,0.222
450000,0.030,0.738,0.232
450500,0.030,0.840,0.130
451000,0.030,0.761,0.209
451500,0.030,0.866,0.104
452000,0.030,0.783,0.187
452500,0.030,0.666,0.304
453000,0.030,0.766,0.204
453500,0.030,0.901,0.069
454000,0.030,0.775,0.195
454500,0.030,0.844,0.126
455000,0.030,0.702,0.268
455500,0.030,0.856,0.114
456000,0.030,0.870,0.100
456500,0.030,0.671,0.299
457000,0.030,0.836,0.134
457500,0.030,0.853,0.117
458000,0.030,0.738,0.232
458500,0.030,0.783,0.187
459000,0.030,0.866,0.104
459500,0.030,0.843,0.127
460000,0.030,0.807,0.163
460500,0.030,0.673,0.297
461000,0.030,0.837,0.133
461500,0.030,0.849,0.121
462000,0.030,0.793,0.177
462500,0.030,0.833,0.137
463000,0.030,0.728,0.242
463500,0.030,0.764,0.206
464000,0.030,0.839,0.131
464500,0.030,0.907,0.063
465000,0.030,0.831,0.139
465500,0.030,0.797,0.173
466000,0.030,0.727,0.243
466500,0.030,0.754,0.216
467000,0.030,0.893,0.077
467500,0.030,0.895,0.075
468000,0.030,0.919,0.051
468500,0.030,0.660,0.310
469000,0.030,0.771,0.199
469500,0.030,0.705,0.265
470000,0.030,0.699,0.271
470500,0.030,0.789,0.181
471000,0.030,0.732,0.238
471500,0.030,0.803,0.167
472000,0.030,0.722,0.248
472500,0.030,0.864,0.106
473000,0.030,0.772,0.198
473500,0.030,0.703,0.267
474000,0.030,0.835,0.135
474500,0.030,0.804,0.166
475000,0.030,0.732,0.238
475500,0.030,0.698,0.272
476000,0.030,0.642,0.328
476500,0.030,0.741,0.229
477000,0.030,0.784,0.186
477500,0.030,0.843,0.127
478000,0.030,0.743,0.227
478500,0.030,0.768,0.202
479000,0.030,0.854,0.116
479500,0.030,0.728,0.242
480000,0.030,0.767,0.203
480500,0.030,0.808,0.162
481000,0.030,0.901,0.069
481500,0.030,0.838,0.132
482000,0.030,0.816,0.154
482500,0.030,0.722,0.248
483000,0.030,0.805,0.165
483500,0.030,0.634,0.336
484000,0.030,0.809,0.161
484500,0.030,0.722,0.248
485000,0.030,0.844,0.126
485500,0.030,0.941,0.029
486000,0.030,0.811,0.159
486500,0.030,0.613,0.357
487000,0.030,0.778,0.192
487500,0.030,0.824,0.146
488000,0.030,0.763,0.207
488500,0.030,0.776,0.194
489000,0.030,0.749,0.221
489500,0.030,0.894,0.076
490000,0.030,0.909,0.061
490500,0.030,0.685,0.285
491000,0.030,0.823,0.147
491500,0.030,0.666,0.304
492000,0.030,0.852,0.118
492500,0.030,0.800,0.170
493000,0.030,0.736,0.234
493500,0.030,0.836,0.134
494000,0.030,0.855,0.115
494500,0.030,0.793,0.177
495000,0.030,0.742,0.228
495500,0.030,0.751,0.219
496000,0.030,0.825,0.145
496500,0.030,0.821,0.149
497000,0.030,0.860,0.110
497500,0.030,0.751,0.219
498000,0.030,0.789,0.181
498500,0.030,0.740,0.230
499000,0.030,0.836,0.134
499500,0.030,0.835,0.135
500000,0.030,0.888,0.082
500500,0.030,0.879,0.091
501000,0.030,0.783,0.187
501500,0.030,0.713,0.257
502000,0.030,0.828,0.142
502500,0.030,0.810,0.160
503000,0.030,0.883,0.087
503500,0.030,0.881,0.089
504000,0.030,0.732,0.238
504500,0.030,0.847,0.123
505000,0.030,0.613,0.357
505500,0.030,0.734,0.236
506000,0.030,0.835,0.135
506500,0.030,0.809,0.161
507000,0.030,0.711,0.259
507500,0.030,0.692,0.278
508000,0.030,0.767,0.203
508500,0.030,0.750,0.220
509000,0.030,0.823,0.147
509500,0.030,0.798,0.172
510000,0.030,0.887,0.083
510500,0.030,0.789,0.181
511000,0.030,0.820,0.150
511500,0.030,0.842,0.128
512000,0.030,0.941,0.029
512500,0.030,0.828,0.142
513000,0.030,0.877,0.093
513500,0.030,0.636,0.334
514000,0.030,0.825,0.145
514500,0.030,0.814,0.156
515000,0.030,0.883,0.087
515500,0.030,0.805,0.165
516000,0.030,0.839,0.131
516500,0.030,0.831,0.139
517000,0.030,0.819,0.151
517500,0.030,0.770,0.200
518000,0.030,0.722,0.248
518500,0.030,0.764,0.206
519000,0.030,0.800,0.170
519500,0.030,0.815,0.155
520000,0.030,0.696,0.274
520500,0.030,0.764,0.206
521000,0.030,0.873,0.097
521500,0.030,0.870,0.100
522000,0.030,0.799,0.171
522500,0.030,0.667,0.303
523000,0.030,0.735,0.235
523500,0.030,0.738,0.232
524000,0.030,0.806,0.164
524500,0.030,0.889,0.081
525000,0.030,0.870,0.100
525500,0.030,0.795,0.175
526000,0.030,0.784,0.186
526500,0.030,0.827,0.143
527000,0.030,0.816,0.154
527500,0.030,0.761,0.209
528000,0.030,0.727,0.243
528500,0.030,0.801,0.169
529000,0.030,0.751,0.219
529500,0.030,0.893,0.077
530000,0.030,0.863,0.107
530500,0.030,0.758,0.212
531000,0.030,0.718,0.252
531500,0.030,0.683,0.287
532000,0.030,0.657,0.313
532500,0.030,0.626,0.344
533000,0.030,0.586,0.384
533500,0.030,0.851,0.119
534000,0.030,0.826,0.144
534500,0.030,0.806,0.164
535000,0.030,0.885,0.085
535500,0.030,0.566,0.404
536000,0.030,0.746,0.224
536500,0.030,0.816,0.154
537000,0.030,0.808,0.162
537500,0.030,0.868,0.102
538000,0.030,0.838,0.132
538500,0.030,0.787,0.183
539000,0.030,0.828,0.142
539500,0.030,0.698,0.272
540000,0.030,0.803,0.167
540500,0.030,0.692,0.278
541000,0.030,0.820,0.150
541500,0.030,0.691,0.279
542000,0.030,0.814,0.156
542500,0.030,0.862,0.108
543000,0.030,0.743,0.227
543500,0.030,0.833,0.137
544000,0.030,0.850,0.120
544500,0.030,0.792,0.178
545000,0.030,0.909,0.061
545500,0.030,0.713,0.257
546000,0.030,0.816,0.154
546500,0.030,0.848,0.122
547000,0.030,0.765,0.205
547500,0.030,0.855,0.115
548000,0.030,0.870,0.100
548500,0.030,0.813,0.157
549000,0.030,0.776,0.194
549500,0.030,0.827,0.143
550000,0.030,0.818,0.152
550500,0.030,0.745,0.225
551000,0.030,0.853,0.117
551500,0.030,0.732,0.238
552000,0.030,0.682,0.288
552500,0.030,0.874,0.096
553000,0.030,0.793,0.177
553500,0.030,0.745,0.225
554000,0.030,0.809,0.161
554500,0.030,0.786,0.184
555000,0.030,0.872,0.098
555500,0.030,0.854,0.116
556000,0.030,0.839,0.131
556500,0.030,0.865,0.105
557000,0.030,0.814,0.156
557500,0.030,0.758,0.212
558000,0.030,0.723,0.247
558500,0.030,0.646,0.324
559000,0.030,0.828,0.142
559500,0.030,0.849,0.121
560000,0.030,0.707,0.263
560500,0.030,0.715,0.255
561000,0.030,0.763,0.207
561500,0.030,0.678,0.292
562000,0.030,0.694,0.276
562500,0.030,0.808,0.162
563000,0.030,0.781,0.189
563500,0.030,0.814,0.156
564000,0.030,0.635,0.335
564500,0.030,0.826,0.144
565000,0.030,0.702,0.268
565500,0.030,0.719,0.251
566000,0.030,0.891,0.079
566500,0.030,0.815,0.155
567000,0.030,0.892,0.078
567500,0.030,0.749,0.221
568000,0.030,0.745,0.225
568500,0.030,0.777,0.193
569000,0.030,0.759,0.211
569500,0.030,0.808,0.162
570000,0.030,0.738,0.232
570500,0.030,0.791,0.179
571000,0.030,0.794,0.176
571500,0.030,0.825,0.145
572000,0.030,0.719,0.251
572500,0.030,0.839,0.131
573000,0.030,0.860,0.110
573500,0.030,0.753,0.217
574000,0.030,0.765,0.205
574500,0.030,0.816,0.154
575000,0.030,0.640,0.330
575500,0.030,0.717,0.253
576000,0.030,0.671,0.299
576500,0.030,0.907,0.063
577000,0.030,0.812,0.158
577500,0.030,0.788,0.182
578000,0.030,0.769,0.201
578500,0.030,0.823,0.147
579000,0.030,0.780,0.190
579500,0.030,0.817,0.153
580000,0.030,0.764,0.206
580500,0.030,0.821,0.149
581000,0.030,0.758,0.212
581500,0.030,0.819,0.151
582000,0.030,0.866,0.104
582500,0.030,0.809,0.161
583000,0.030,0.774,0.196
583500,0.030,0.711,0.259
584000,0.030,0.873,0.097
584500,0.030,0.912,0.058
585000,0.030,0.820,0.150
585500,0.030,0.853,0.117
586000,0.030,0.762,0.208
586500,0.030,0.764,0.206
587000,0.030,0.685,0.285
587500,0.030,0.662,0.308
588000,0.030,0.593,0.377
588500,0.030,0.839,0.131
589000,0.030,0.698,0.272
589500,0.030,0.691,0.279
590000,0.030,0.871,0.099
590500,0.030,0.840,0.130
591000,0.030,0.807,0.163
591500,0.030,0.655,0.315
592000,0.030,0.744,0.226
592500,0.030,0.841,0.129
593000,0.030,0.786,0.184
593500,0.030,0.810,0.160
594000,0.030,0.801,0.169
594500,0.030,0.798,0.172
595000,0.030,0.688,0.282
595500,0.030,0.779,0.191
596000,0.030,0.792,0.178
596500,0.030,0.854,0.116
597000,0.030,0.862,0.108
597500,0.030,0.715,0.255
598000,0.030,0.759,0.211
598500,0.030,0.746,0.224
599000,0.030,0.715,0.255
599500,0.030,0.854,0.116
600000,0.030,0.641,0.329
600500,0.030,0.844,0.126
601000,0.030,0.716,0.254
601500,0.030,0.715,0.255
602000,0.030,0.901,0.069
602500,0.030,0.703,0.267
603000,0.030,0.741,0.229
603500,0.030,0.854,0.116
604000,0.030,0.779,0.191
604500,0.030,0.807,0.163
605000,0.030,0.728,0.242
605500,0.030,0.893,0.077
606000,0.030,0.824,0.146
606500,0.030,0.847,0.123
607000,0.030,0.755,0.215
607500,0.030,0.670,0.300
608000,0.030,0.732,0.238
608500,0.030,0.663,0.307
609000,0.030,0.830,0.140
609500,0.030,0.663,0.307
610000,0.030,0.858,0.112
610500,0.030,0.743,0.227
611000,0.030,0.751,0.219
611500,0.030,0.797,0.173
612000,0.030,0.705,0.265
612500,0.030,0.752,0.218
613000,0.030,0.748,0.222
613500,0.030,0.731,0.239
614000,0.030,0.692,0.278
614500,0.030,0.715,0.255
615000,0.030,0.728,0.242
615500,0.030,0.711,0.259
616000,0.030,0.804,0.166
616500,0.030,0.765,0.205
617000,0.030,0.796,0.174
617500,0.030,0.840,0.130
618000,0.030,0.814,0.156
618500,0.030,0.837,0.133
619000,0.030,0.864,0.106
619500,0.030,0.735,0.235
620000,0.030,0.715,0.255
620500,0.030,0.874,0.096
621000,0.030,0.791,0.179
621500,0.030,0.766,0.204
622000,0.030,0.805,0.165
622500,0.030,0.727,0.243
623000,0.030,0.879,0.091
623500,0.030,0.821,0.149
624000,0.030,0.875,0.095
624500,0.030,0.810,0.160
625000,0.030,0.695,0.275
625500,0.030,0.765,0.205
626000,0.030,0.810,0.160
626500,0.030,0.784,0.186
627000,0.030,0.871,0.099
627500,0.030,0.719,0.251
628000,0.030,0.834,0.136
628500,0.030,0.842,0.128
629000,0.030,0.801,0.169
629500,0.030,0.836,0.134
630000,0.030,0.817,0.153
630500,0.030,0.713,0.257
631000,0.030,0.729,0.241
631500,0.030,0.838,0.132
632000,0.030,0.642,0.328
632500,0.030,0.823,0.147
633000,0.030,0.803,0.167
633500,0.030,0.811,0.159
634000,0.030,0.782,0.188
634500,0.030,0.784,0.186
635000,0.030,0.886,0.084
635500,0.030,0.612,0.358
636000,0.030,0.808,0.162
636500,0.030,0.814,0.156
637000,0.030,0.783,0.187
637500,0.030,0.778,0.192
638000,0.030,0.871,0.099
638500,0.030,0.776,0.194
639000,0.030,0.827,0.143
639500,0.030,0.864,0.106
640000,0.030,0.792,0.178
640500,0.030,0.819,0.151
641000,0.030,0.848,0.122
641500,0.030,0.765,0.205
642000,0.030,0.799,0.171
642500,0.030,0.920,0.050
643000,0.030,0.879,0.091
643500,0.030,0.859,0.111
644000,0.030,0.856,0.114
644500,0.030,0.759,0.211
645000,0.030,0.725,0.245
645500,0.030,0.767,0.203
646000,0.030,0.767,0.203
646500,0.030,0.893,0.077
647000,0.030,0.856,0.114
647500,0.030,0.734,0.236
648000,0.030,0.645,0.325
648500,0.030,0.800,0.170
649000,0.030,0.764,0.206
649500,0.030,0.714,0.256
650000,0.030,0.736,0.234
650500,0.030,0.718,0.252
651000,0.030,0.824,0.146
651500,0.030,0.718,0.252
652000,0.030,0.860,0.110
652500,0.030,0.885,0.085
653000,0.030,0.785,0.185
653500,0.030,0.719,0.251
654000,0.030,0.723,0.247
654500,0.030,0.739,0.231
655000,0.030,0.826,0.144
655500,0.030,0.802,0.168
656000,0.030,0.685,0.285
656500,0.030,0.755,0.215
657000,0.030,0.794,0.176
657500,0.030,0.777,0.193
658000,0.030,0.845,0.125
658500,0.030,0.790,0.180
659000,0.030,0.866,0.104
659500,0.030,0.826,0.144
660000,0.030,0.836,0.134
660500,0.030,0.736,0.234
661000,0.030,0.687,0.283
661500,0.030,0.722,0.248
662000,0.030,0.664,0.306
662500,0.030,0.703,0.267
663000,0.030,0.734,0.236
663500,0.030,0.765,0.205
664000,0.030,0.797,0.173
664500,0.030,0.757,0.213
665000,0.030,0.757,0.213
665500,0.030,0.825,0.145
666000,0.030,0.772,0.198
666500,0.030,0.750,0.220
667000,0.030,0.737,0.233
667500,0.030,0.891,0.079
668000,0.030,0.787,0.183
668500,0.030,0.849,0.121
669000,0.030,0.859,0.111
669500,0.030,0.744,0.226
670000,0.030,0.871,0.099
670500,0.030,0.690,0.280
671000,0.030,0.589,0.381
671500,0.030,0.893,0.077
672000,0.030,0.782,0.188
672500,0.030,0.757,0.213
673000,0.030,0.718,0.252
673500,0.030,0.743,0.227
674000,0.030,0.914,0.056
674500,0.030,0.862,0.108
675000,0.030,0.724,0.246
675500,0.030,0.723,0.247
676000,0.030,0.786,0.184
676500,0.030,0.870,0.100
677000,0.030,0.745,0.225
677500,0.030,0.750,0.220
678000,0.030,0.766,0.204
678500,0.030,0.682,0.288
679000,0.030,0.832,0.138
679500,0.030,0.807,0.163
680000,0.030,0.808,0.162
680500,0.030,0.872,0.098
681000,0.030,0.738,0.232
681500,0.030,0.740,0.230
682000,0.030,0.803,0.167
682500,0.030,0.772,0.198
683000,0.030,0.701,0.269
683500,0.030,0.918,0.052
684000,0.030,0.860,0.110
684500,0.030,0.736,0.234
685000,0.030,0.756,0.214
685500,0.030,0.764,0.206
686000,0.030,0.825,0.145
686500,0.030,0.720,0.250
687000,0.030,0.733,0.237
687500,0.030,0.745,0.225
688000,0.030,0.692,0.278
688500,0.030,0.815,0.155
689000,0.030,0.804,0.166
689500,0.030,0.867,0.103
690000,0.030,0.733,0.237
690500,0.030,0.796,0.174
691000,0.030,0.850,0.120
691500,0.030,0.834,0.136
692000,0.030,0.845,0.125
692500,0.030,0.879,0.091
693000,0.030,0.944,0.026
693500,0.030,0.840,0.130
694000,0.030,0.869,0.101
694500,0.030,0.848,0.122
695000,0.030,0.861,0.109
695500,0.030,0.783,0.187
696000,0.030,0.848,0.122
696500,0.030,0.788,0.182
697000,0.030,0.892,0.078
697500,0.030,0.847,0.123
698000,0.030,0.857,0.113
698500,0.030,0.795,0.175
699000,0.030,0.677,0.293
699500,0.030,0.735,0.235
700000,0.030,0.692,0.278
700500,0.030,0.766,0.204
701000,0.030,0.765,0.205
701500,0.030,0.876,0.094
702000,0.030,0.670,0.300
702500,0.030,0.791,0.179
703000,0.030,0.801,0.169
703500,0.030,0.841,0.129
704000,0.030,0.834,0.136
704500,0.030,0.758,0.212
705000,0.030,0.684,0.286
705500,0.030,0.693,0.277
706000,0.030,0.875,0.095
706500,0.030,0.793,0.177
707000,0.030,0.824,0.146
707500,0.030,0.854,0.116
708000,0.030,0.899,0.071
708500,0.030,0.745,0.225
709000,0.030,0.873,0.097
709500,0.030,0.828,0.142
710000,0.030,0.729,0.241
710500,0.030,0.731,0.239
711000,0.030,0.760,0.210
711500,0.030,0.802,0.168
712000,0.030,0.774,0.196
712500,0.030,0.802,0.168
713000,0.030,0.900,0.070
713500,0.030,0.779,0.191
714000,0.030,0.785,0.185
714500,0.030,0.837,0.133
715000,0.030,0.880,0.090
715500,0.030,0.880,0.090
716000,0.030,0.749,0.221
716500,0.030,0.707,0.263
717000,0.030,0.897,0.073
717500,0.030,0.711,0.259
718000,0.030,0.837,0.133
718500,0.030,0.744,0.226
719000,0.030,0.892,0.078
719500,0.030,0.802,0.168
720000,0.030,0.897,0.073
720500,0.030,0.886,0.084
721000,0.030,0.841,0.129
721500,0.030,0.781,0.189
722000,0.030,0.740,0.230
722500,0.030,0.818,0.152
723000,0.030,0.650,0.320
723500,0.030,0.753,0.217
724000,0.030,0.786,0.184
724500,0.030,0.841,0.129
725000,0.030,0.801,0.169
725500,0.030,0.815,0.155
726000,0.030,0.799,0.171
726500,0.030,0.770,0.200
727000,0.030,0.759,0.211
727500,0.030,0.793,0.177
728000,0.030,0.790,0.180
728500,0.030,0.877,0.093
729000,0.030,0.821,0.149
729500,0.030,0.862,0.108
730000,0.030,0.841,0.129
730500,0.030,0.785,0.185
731000,0.030,0.827,0.143
731500,0.030,0.812,0.158
732000,0.030,0.771,0.199
732500,0.030,0.889,0.081
733000,0.030,0.809,0.161
733500,0.030,0.834,0.136
734000,0.030,0.776,0.194
734500,0.030,0.785,0.185
735000,0.030,0.915,0.055
735500,0.030,0.808,0.162
736000,0.030,0.828,0.142
736500,0.030,0.907,0.063
737000,0.030,0.866,0.104
737500,0.030,0.730,0.240
738000,0.030,0.759,0.211
738500,0.030,0.790,0.180
739000,0.030,0.622,0.348
739500,0.030,0.833,0.137
740000,0.030,0.831,0.139
740500,0.030,0.748,0.222
741000,0.030,0.736,0.234
741500,0.030,0.706,0.264
742000,0.030,0.760,0.210
742500,0.030,0.852,0.118
743000,0.030,0.783,0.187
743500,0.030,0.867,0.103
744000,0.030,0.718,0.252
744500,0.030,0.752,0.218
745000,0.030,0.829,0.141
745500,0.030,0.688,0.282
746000,0.030,0.775,0.195
746500,0.030,0.720,0.250
747000,0.030,0.607,0.363
747500,0.030,0.842,0.128
748000,0.030,0.655,0.315
748500,0.030,0.660,0.310
749000,0.030,0.721,0.249
749500,0.030,0.582,0.388
750000,0.030,0.725,0.245
750500,0.030,0.817,0.153
751000,0.030,0.755,0.215
751500,0.030,0.817,0.153
752000,0.030,0.816,0.154
752500,0.030,0.585,0.385
753000,0.030,0.757,0.213
753500,0.030,0.727,0.243
754000,0.030,0.790,0.180
754500,0.030,0.836,0.134
755000,0.030,0.791,0.179
755500,0.030,0.744,0.226
756000,0.030,0.788,0.182
756500,0.030,0.743,0.227
757000,0.030,0.736,0.234
757500,0.030,0.700,0.270
758000,0.030,0.655,0.315
758500,0.030,0.840,0.130
759000,0.030,0.864,0.106
759500,0.030,0.841,0.129
760000,0.030,0.886,0.084
760500,0.030,0.854,0.116
761000,0.030,0.895,0.075
761500,0.030,0.769,0.201
762000,0.030,0.854,0.116
762500,0.030,0.898,0.072
763000,0.030,0.882,0.088
763500,0.030,0.801,0.169
764000,0.030,0.890,0.080
764500,0.030,0.758,0.212
765000,0.030,0.820,0.150
765500,0.030,0.805,0.165
766000,0.030,0.784,0.186
766500,0.030,0.631,0.339
767000,0.030,0.639,0.331
767500,0.030,0.844,0.126
768000,0.030,0.820,0.150
768500,0.030,0.807,0.163
769000,0.030,0.760,0.210
769500,0.030,0.849,0.121
770000,0.030,0.694,0.276
770500,0.030,0.676,0.294
771000,0.030,0.733,0.237
771500,0.030,0.715,0.255
772000,0.030,0.770,0.200
772500,0.030,0.787,0.183
773000,0.030,0.810,0.160
773500,0.030,0.756,0.214
774000,0.030,0.885,0.085
774500,0.030,0.815,0.155
775000,0.030,0.853,0.117
775500,0.030,0.819,0.151
776000,0.030,0.764,0.206
776500,0.030,0.741,0.229
777000,0.030,0.791,0.179
777500,0.030,0.770,0.200
778000,0.030,0.824,0.146
778500,0.030,0.852,0.118
779000,0.030,0.810,0.160
779500,0.030,0.854,0.116
780000,0.030,0.864,0.106
780500,0.030,0.610,0.360
781000,0.030,0.678,0.292
781500,0.030,0.630,0.340
782000,0.030,0.806,0.164
782500,0.030,0.807,0.163
783000,0.030,0.916,0.054
783500,0.030,0.690,0.280
784000,0.030,0.811,0.159
784500,0.030,0.733,0.237
785000,0.030,0.770,0.200
785500,0.030,0.834,0.136
786000,0.030,0.929,0.041
786500,0.030,0.823,0.147
787000,0.030,0.831,0.139
787500,0.030,0.895,0.075
788000,0.030,0.762,0.208
788500,0.030,0.848,0.122
789000,0.030,0.894,0.076
789500,0.030,0.786,0.184
790000,0.030,0.819,0.151
790500,0.030,0.821,0.149
791000,0.030,0.862,0.108
791500,0.030,0.704,0.266
792000,0.030,0.788,0.182
792500,0.030,0.880,0.090
793000,0.030,0.706,0.264
793500,0.030,0.843,0.127
794000,0.030,0.833,0.137
794500,0.030,0.881,0.089
795000,0.030,0.845,0.125
795500,0.030,0.782,0.188
796000,0.030,0.806,0.164
796500,0.030,0.834,0.136
797000,0.030,0.842,0.128
797500,0.030,0.775,0.195
798000,0.030,0.857,0.113
798500,0.030,0.698,0.272
799000,0.030,0.890,0.080
799500,0.030,0.747,0.223
800000,0.030,0.733,0.237
800500,0.030,0.805,0.165
801000,0.030,0.716,0.254
801500,0.030,0.841,0.129
802000,0.030,0.775,0.195
802500,0.030,0.813,0.157
803000,0.030,0.708,0.262
803500,0.030,0.820,0.150
804000,0.030,0.831,0.139
804500,0.030,0.636,0.334
805000,0.030,0.732,0.238
805500,0.030,0.900,0.070
806000,0.030,0.839,0.131
806500,0.030,0.770,0.200
807000,0.030,0.697,0.273
807500,0.030,0.787,0.183
808000,0.030,0.794,0.176
808500,0.030,0.824,0.146
809000,0.030,0.708,0.262
809500,0.030,0.832,0.138
810000,0.030,0.773,0.197
810500,0.030,0.835,0.135
811000,0.030,0.792,0.178
811500,0.030,0.809,0.161
812000,0.030,0.829,0.141
812500,0.030,0.848,0.122
813000,0.030,0.787,0.183
813500,0.030,0.746,0.224
814000,0.030,0.745,0.225
814500,0.030,0.748,0.222
815000,0.030,0.800,0.170
815500,0.030,0.700,0.270
816000,0.030,0.864,0.106
816500,0.030,0.850,0.120
817000,0.030,0.898,0.072
817500,0.030,0.777,0.193
818000,0.030,0.887,0.083
818500,0.030,0.761,0.209
819000,0.030,0.894,0.076
819500,0.030,0.896,0.074
820000,0.030,0.793,0.177
820500,0.030,0.733,0.237
821000,0.030,0.815,0.155
821500,0.030,0.844,0.126
822000,0.030,0.836,0.134
822500,0.030,0.828,0.142
823000,0.030,0.856,0.114
823500,0.030,0.867,0.103
824000,0.030,0.752,0.218
824500,0.030,0.825,0.145
825000,0.030,0.738,0.232
825500,0.030,0.798,0.172
826000,0.030,0.626,0.344
826500,0.030,0.843,0.127
827000,0.030,0.773,0.197
827500,0.030,0.798,0.172
828000,0.030,0.921,0.049
828500,0.030,0.766,0.204
829000,0.030,0.694,0.276
829500,0.030,0.874,0.096
830000,0.030,0.702,0.268
830500,0.030,0.715,0.255
831000,0.030,0.706,0.264
831500,0.030,0.731,0.239
832000,0.030,0.880,0.090
832500,0.030,0.827,0.143
833000,0.030,0.763,0.207
833500,0.030,0.813,0.157
834000,0.030,0.718,0.252
834500,0.030,0.775,0.195
835000,0.030,0.828,0.142
835500,0.030,0.779,0.191
836000,0.030,0.626,0.344
836500,0.030,0.828,0.142
837000,0.030,0.840,0.130
837500,0.030,0.866,0.104
838000,0.030,0.754,0.216
838500,0.030,0.756,0.214
839000,0.030,0.896,0.074
839500,0.030,0.823,0.147
840000,0.030,0.823,0.147
840500,0.030,0.775,0.195
841000,0.030,0.800,0.170
841500,0.030,0.725,0.245
842000,0.030,0.691,0.279
842500,0.030,0.808,0.162
843000,0.030,0.822,0.148
843500,0.030,0.863,0.107
844000,0.030,0.713,0.257
844500,0.030,0.705,0.265
845000,0.030,0.609,0.361
845500,0.030,0.795,0.175
846000,0.030,0.820,0.150
846500,0.030,0.877,0.093
847000,0.030,0.792,0.178
847500,0.030,0.850,0.120
848000,0.030,0.771,0.199
848500,0.030,0.728,0.242
849000,0.030,0.762,0.208
849500,0.030,0.781,0.189
850000,0.030,0.801,0.169
850500,0.030,0.743,0.227
851000,0.030,0.688,0.282
851500,0.030,0.774,0.196
852000,0.030,0.754,0.216
852500,0.030,0.842,0.128
853000,0.030,0.813,0.157
853500,0.030,0.798,0.172
854000,0.030,0.788,0.182
854500,0.030,0.649,0.321
855000,0.030,0.839,0.131
855500,0.030,0.770,0.200
856000,0.030,0.712,0.258
856500,0.030,0.809,0.161
857000,0.030,0.896,0.074
857500,0.030,0.764,0.206
858000,0.030,0.837,0.133
858500,0.030,0.741,0.229
859000,0.030,0.736,0.234
859500,0.030,0.882,0.088
860000,0.030,0.770,0.200
860500,0.030,0.769,0.201
861000,0.030,0.774,0.196
861500,0.030,0.790,0.180
862000,0.030,0.754,0.216
862500,0.030,0.849,0.121
863000,0.030,0.901,0.069
863500,0.030,0.707,0.263
864000,0.030,0.861,0.109
864500,0.030,0.799,0.171
865000,0.030,0.723,0.247
865500,0.030,0.771,0.199
866000,0.030,0.818,0.152
866500,0.030,0.776,0.194
867000,0.030,0.719,0.251
867500,0.030,0.884,0.086
868000,0.030,0.794,0.176
868500,0.030,0.773,0.197
869000,0.030,0.856,0.114
869500,0.030,0.880,0.090
870000,0.030,0.789,0.181
870500,0.030,0.718,0.252
871000,0.030,0.780,0.190
871500,0.030,0.845,0.125
872000,0.030,0.773,0.197
872500,0.030,0.795,0.175
873000,0.030,0.716,0.254
873500,0.030,0.883,0.087
874000,0.030,0.920,0.050
874500,0.030,0.897,0.073
875000,0.030,0.827,0.143
875500,0.030,0.852,0.118
876000,0.030,0.907,0.063
876500,0.030,0.810,0.160
877000,0.030,0.788,0.182
877500,0.030,0.816,0.154
878000,0.030,0.833,0.137
878500,0.030,0.728,0.242
879000,0.030,0.787,0.183
879500,0.030,0.737,0.233
880000,0.030,0.827,0.143
880500,0.030,0.769,0.201
881000,0.030,0.822,0.148
881500,0.030,0.734,0.236
882000,0.030,0.822,0.148
882500,0.030,0.730,0.240
883000,0.030,0.793,0.177
883500,0.030,0.755,0.215
884000,0.030,0.721,0.249
884500,0.030,0.770,0.200
885000,0.030,0.573,0.397
885500,0.030,0.675,0.295
886000,0.030,0.727,0.243
886500,0.030,0.745,0.225
887000,0.030,0.840,0.130
887500,0.030,0.731,0.239
888000,0.030,0.722,0.248
888500,0.030,0.731,0.239
889000,0.030,0.766,0.204
889500,0.030,0.779,0.191
890000,0.030,0.646,0.324
890500,0.030,0.755,0.215
891000,0.030,0.832,0.138
891500,0.030,0.886,0.084
892000,0.030,0.925,0.045
892500,0.030,0.749,0.221
893000,0.030,0.775,0.195
893500,0.030,0.829,0.141
894000,0.030,0.855,0.115
894500,0.030,0.887,0.083
895000,0.030,0.856,0.114
895500,0.030,0.810,0.160
896000,0.030,0.917,0.053
896500,0.030,0.765,0.205
897000,0.030,0.804,0.166
897500,0.030,0.820,0.150
898000,0.030,0.871,0.099
898500,0.030,0.891,0.079
899000,0.030,0.812,0.158
899500,0.030,0.762,0.208
900000,0.030,0.746,0.224
900500,0.030,0.708,0.262
901000,0.030,0.760,0.210
901500,0.030,0.724,0.246
902000,0.030,0.805,0.165
902500,0.030,0.874,0.096
903000,0.030,0.865,0.105
903500,0.030,0.799,0.171
904000,0.030,0.748,0.222
904500,0.030,0.863,0.107
905000,0.030,0.793,0.177
905500,0.030,0.786,0.184
906000,0.030,0.851,0.119
906500,0.030,0.866,0.104
907000,0.030,0.752,0.218
907500,0.030,0.804,0.166
908000,0.030,0.799,0.171
908500,0.030,0.722,0.248
909000,0.030,0.866,0.104
909500,0.030,0.800,0.170
910000,0.030,0.815,0.155
910500,0.030,0.759,0.211
911000,0.030,0.754,0.216
911500,0.030,0.741,0.229
912000,0.030,0.789,0.181
912500,0.030,0.815,0.155
913000,0.030,0.832,0.138
913500,0.030,0.832,0.138
914000,0.030,0.621,0.349
914500,0.030,0.718,0.252
915000,0.030,0.824,0.146
915500,0.030,0.840,0.130
916000,0.030,0.766,0.204
916500,0.030,0.765,0.205
917000,0.030,0.740,0.230
917500,0.030,0.783,0.187
918000,0.030,0.676,0.294
918500,0.030,0.921,0.049
919000,0.030,0.790,0.180
919500,0.030,0.745,0.225
920000,0.030,0.749,0.221
920500,0.030,0.628,0.342
921000,0.030,0.811,0.159
921500,0.030,0.785,0.185
922000,0.030,0.711,0.259
922500,0.030,0.857,0.113
923000,0.030,0.703,0.267
923500,0.030,0.858,0.112
924000,0.030,0.756,0.214
924500,0.030,0.817,0.153
925000,0.030,0.738,0.232
925500,0.030,0.862,0.108
926000,0.030,0.750,0.220
926500,0.030,0.735,0.235
927000,0.030,0.804,0.166
927500,0.030,0.758,0.212
928000,0.030,0.856,0.114
928500,0.030,0.733,0.237
929000,0.030,0.791,0.179
929500,0.030,0.876,0.094
930000,0.030,0.767,0.203
930500,0.030,0.758,0.212
931000,0.030,0.816,0.154
931500,0.030,0.828,0.142
932000,0.030,0.906,0.064
932500,0.030,0.901,0.069
933000,0.030,0.785,0.185
933500,0.030,0.893,0.077
934000,0.030,0.755,0.215
934500,0.030,0.823,0.147
935000,0.030,0.859,0.111
935500,0.030,0.838,0.132
936000,0.030,0.885,0.085
936500,0.030,0.778,0.192
937000,0.030,0.831,0.139
937500,0.030,0.841,0.129
938000,0.030,0.764,0.206
938500,0.030,0.775,0.195
939000,0.030,0.780,0.190
939500,0.030,0.782,0.188
940000,0.030,0.749,0.221
940500,0.030,0.790,0.180
941000,0.030,0.711,0.259
941500,0.030,0.656,0.314
942000,0.030,0.796,0.174
942500,0.030,0.727,0.243
943000,0.030,0.818,0.152
943500,0.030,0.753,0.217
944000,0.030,0.924,0.046
944500,0.030,0.899,0.071
945000,0.030,0.792,0.178
945500,0.030,0.723,0.247
946000,0.030,0.857,0.113
946500,0.030,0.824,0.146
947000,0.030,0.827,0.143
947500,0.030,0.729,0.241
948000,0.030,0.681,0.289
948500,0.030,0.690,0.280
949000,0.030,0.810,0.160
949500,0.030,0.786,0.184
950000,0.030,0.782,0.188
950500,0.030,0.854,0.116
951000,0.030,0.829,0.141
951500,0.030,0.796,0.174
952000,0.030,0.732,0.238
952500,0.030,0.888,0.082
953000,0.030,0.832,0.138
953500,0.030,0.795,0.175
954000,0.030,0.670,0.300
954500,0.030,0.736,0.234
955000,0.030,0.787,0.183
955500,0.030,0.800,0.170
956000,0.030,0.809,0.161
956500,0.030,0.758,0.212
957000,0.030,0.776,0.194
957500,0.030,0.753,0.217
958000,0.030,0.696,0.274
958500,0.030,0.817,0.153
959000,0.030,0.949,0.021
959500,0.030,0.831,0.139
960000,0.030,0.772,0.198
960500,0.030,0.589,0.381
961000,0.030,0.737,0.233
961500,0.030,0.749,0.221
962000,0.030,0.612,0.358
962500,0.030,0.739,0.231
963000,0.030,0.739,0.231
963500,0.030,0.798,0.172
964000,0.030,0.800,0.170
964500,0.030,0.777,0.193
965000,0.030,0.844,0.126
965500,0.030,0.867,0.103
966000,0.030,0.665,0.305
966500,0.030,0.859,0.111
967000,0.030,0.928,0.042
967500,0.030,0.808,0.162
968000,0.030,0.853,0.117
968500,0.030,0.777,0.193
969000,0.030,0.698,0.272
969500,0.030,0.774,0.196
970000,0.030,0.728,0.242
970500,0.030,0.820,0.150
971000,0.030,0.721,0.249
971500,0.030,0.778,0.192
972000,0.030,0.876,0.094
972500,0.030,0.931,0.039
973000,0.030,0.854,0.116
973500,0.030,0.767,0.203
974000,0.030,0.758,0.212
974500,0.030,0.898,0.072
975000,0.030,0.772,0.198
975500,0.030,0.864,0.106
976000,0.030,0.716,0.254
976500,0.030,0.795,0.175
977000,0.030,0.750,0.220
977500,0.030,0.665,0.305
978000,0.030,0.719,0.251
978500,0.030,0.848,0.122
979000,0.030,0.845,0.125
979500,0.030,0.715,0.255
980000,0.030,0.853,0.117
980500,0.030,0.748,0.222
981000,0.030,0.773,0.197
981500,0.030,0.785,0.185
982000,0.030,0.888,0.082
982500,0.030,0.820,0.150
983000,0.030,0.765,0.205
983500,0.030,0.773,0.197
984000,0.030,0.696,0.274
984500,0.030,0.755,0.215
985000,0.030,0.813,0.157
985500,0.030,0.832,0.138
986000,0.030,0.708,0.262
986500,0.030,0.795,0.175
987000,0.030,0.842,0.128
987500,0.030,0.883,0.087
988000,0.030,0.683,0.287
988500,0.030,0.782,0.188
989000,0.030,0.734,0.236
989500,0.030,0.740,0.230
990000,0.030,0.831,0.139
990500,0.030,0.821,0.149
991000,0.030,0.778,0.192
991500,0.030,0.696,0.274
992000,0.030,0.831,0.139
992500,0.030,0.711,0.259
993000,0.030,0.795,0.175
993500,0.030,0.917,0.053
994000,0.030,0.832,0.138
994500,0.030,0.862,0.108
995000,0.030,0.703,0.267
995500,0.030,0.807,0.163
996000,0.030,0.701,0.269
996500,0.030,0.752,0.218
997000,0.030,0.835,0.135
997500,0.030,0.785,0.185
998000,0.030,0.805,0.165
998500,0.030,0.799,0.171
999000,0.030,0.846,0.124
999500,0.030,0.804,0.166
1000000,0.030,0.734,0.236
