time,n_A+p,n_B,n_AB
500,0.080,0.843,0.077
1000,0.080,0.802,0.118
1500,0.082,0.741,0.177
2000,0.082,0.685,0.233
2500,0.092,0.653,0.255
3000,0.108,0.583,0.309
3500,0.116,0.584,0.300
4000,0.115,0.542,0.343
4500,0.117,0.531,0.352
5000,0.114,0.499,0.387
5500,0.117,0.453,0.430
6000,0.128,0.476,0.396
6500,0.138,0.444,0.418
7000,0.151,0.414,0.435
7500,0.155,0.400,0.445
8000,0.178,0.399,0.423
8500,0.201,0.340,0.459
9000,0.216,0.317,0.467
9500,0.239,0.270,0.491
10000,0.270,0.261,0.469
10500,0.306,0.233,0.461
11000,0.336,0.196,0.468
11500,0.364,0.161,0.475
12000,0.402,0.131,0.467
12500,0.449,0.107,0.444
13000,0.499,0.087,0.414
13500,0.489,0.072,0.439
14000,0.554,0.053,0.393
14500,0.600,0.040,0.360
15000,0.638,0.028,0.334
15500,0.707,0.014,0.279
16000,0.763,0.013,0.224
16500,0.785,0.003,0.212
17000,0.842,0.001,0.157
17500,0.866,0.004,0.130
18000,0.898,0.010,0.092
18500,0.920,0.003,0.077
19000,0.938,0.001,0.061
19500,0.946,0.001,0.053
20000,0.964,0.000,0.036
20500,0.966,0.000,0.034
21000,0.973,0.000,0.027
21500,0.979,0.000,0.021
22000,0.985,0.000,0.015
22500,0.987,0.000,0.013
23000,0.989,0.000,0.011
23500,0.989,0.000,0.011
24000,0.994,0.000,0.006
24500,0.998,0.000,0.002
25000,0.998,0.000,0.002
25500,1.000,0.000,0.000
