time,n_A+p,n_B,n_AB
500,0.080,0.721,0.199
1000,0.080,0.502,0.418
1500,0.080,0.384,0.536
2000,0.091,0.365,0.544
2500,0.101,0.355,0.544
3000,0.099,0.256,0.645
3500,0.154,0.178,0.668
4000,0.155,0.172,0.673
4500,0.158,0.219,0.623
5000,0.228,0.093,0.679
5500,0.476,0.028,0.496
6000,0.703,0.001,0.296
6500,0.823,0.000,0.177
7000,0.902,0.000,0.098
7500,0.906,0.000,0.094
8000,0.968,0.000,0.032
8500,0.988,0.000,0.012
9000,0.998,0.000,0.002
9500,1.000,0.000,0.000
