time,n_A+p,n_B,n_AB
500,0.050,0.673,0.277
1000,0.050,0.303,0.646
1500,0.058,0.200,0.742
2000,0.082,0.161,0.758
2500,0.128,0.091,0.782
3000,0.281,0.015,0.704
3500,0.516,0.003,0.481
4000,0.594,0.001,0.406
4500,0.784,0.000,0.216
5000,0.864,0.000,0.136
5500,0.903,0.000,0.097
6000,0.881,0.000,0.119
6500,0.890,0.000,0.110
7000,0.869,0.000,0.131
7500,0.872,0.000,0.128
8000,0.903,0.000,0.097
8500,0.942,0.000,0.058
9000,0.904,0.000,0.096
9500,0.857,0.000,0.143
10000,0.864,0.000,0.136
10500,0.850,0.000,0.150
11000,0.815,0.000,0.185
11500,0.800,0.000,0.200
12000,0.825,0.000,0.175
12500,0.816,0.000,0.184
13000,0.836,0.000,0.164
13500,0.833,0.000,0.167
14000,0.865,0.000,0.135
14500,0.916,0.000,0.084
15000,0.927,0.000,0.073
15500,0.902,0.000,0.098
16000,0.916,0.000,0.084
16500,0.882,0.000,0.118
17000,0.922,0.000,0.078
17500,0.902,0.000,0.098
18000,0.957,0.000,0.043
18500,0.946,0.000,0.054
19000,0.919,0.000,0.081
19500,0.939,0.000,0.061
20000,0.977,0.000,0.023
20500,0.956,0.000,0.044
21000,0.983,0.000,0.017
21500,0.997,0.000,0.003
22000,1.000,0.000,0.000
22500,1.000,0.000,0.000
