time,n_A+p,n_B,n_AB
500,0.050,0.438,0.512
1000,0.050,0.378,0.572
1500,0.050,0.292,0.658
2000,0.057,0.228,0.715
2500,0.182,0.063,0.755
3000,0.744,0.002,0.254
3500,0.914,0.000,0.086
4000,0.926,0.000,0.074
4500,0.918,0.000,0.082
5000,0.958,0.000,0.042
5500,0.938,0.000,0.062
6000,0.975,0.000,0.025
6500,0.999,0.000,0.001
7000,1.000,0.000,0.000
