time,n_A+p,n_B,n_AB
500,0.030,0.588,0.382
1000,0.030,0.301,0.669
1500,0.030,0.272,0.698
2000,0.061,0.133,0.806
2500,0.030,0.247,0.723
3000,0.030,0.291,0.679
3500,0.030,0.261,0.709
4000,0.030,0.251,0.719
4500,0.030,0.150,0.820
5000,0.039,0.233,0.728
5500,0.036,0.161,0.803
6000,0.268,0.015,0.717
6500,0.612,0.000,0.388
7000,0.706,0.000,0.294
7500,0.724,0.000,0.276
8000,0.708,0.000,0.292
8500,0.761,0.000,0.239
9000,0.651,0.000,0.349
9500,0.546,0.000,0.454
10000,0.585,0.000,0.415
10500,0.604,0.000,0.396
11000,0.746,0.000,0.254
11500,0.769,0.000,0.231
12000,0.682,0.000,0.318
12500,0.562,0.000,0.438
13000,0.543,0.000,0.457
13500,0.649,0.000,0.351
14000,0.715,0.000,0.285
14500,0.684,0.000,0.316
15000,0.745,0.000,0.255
15500,0.829,0.000,0.171
16000,0.870,0.000,0.130
16500,0.893,0.000,0.107
17000,0.892,0.000,0.108
17500,0.704,0.000,0.296
18000,0.693,0.000,0.307
18500,0.692,0.000,0.308
19000,0.633,0.000,0.367
19500,0.658,0.000,0.342
20000,0.618,0.000,0.382
20500,0.579,0.000,0.421
21000,0.715,0.000,0.285
21500,0.628,0.000,0.372
22000,0.759,0.000,0.241
22500,0.825,0.000,0.175
23000,0.813,0.000,0.187
23500,0.769,0.000,0.231
24000,0.757,0.000,0.243
24500,0.793,0.000,0.207
25000,0.499,0.000,0.501
25500,0.502,0.000,0.498
26000,0.641,0.000,0.359
26500,0.684,0.000,0.316
27000,0.744,0.000,0.256
27500,0.754,0.000,0.246
28000,0.720,0.000,0.280
28500,0.562,0.000,0.438
29000,0.619,0.000,0.381
29500,0.610,0.000,0.390
30000,0.579,0.000,0.421
30500,0.569,0.000,0.431
31000,0.489,0.000,0.511
31500,0.669,0.000,0.331
32000,0.684,0.000,0.316
32500,0.778,0.000,0.222
33000,0.685,0.000,0.315
33500,0.638,0.000,0.362
34000,0.619,0.000,0.381
34500,0.675,0.000,0.325
35000,0.701,0.000,0.299
35500,0.646,0.000,0.354
36000,0.588,0.000,0.412
36500,0.690,0.000,0.310
37000,0.724,0.000,0.276
37500,0.659,0.000,0.341
38000,0.597,0.000,0.403
38500,0.526,0.000,0.474
39000,0.689,0.000,0.311
39500,0.725,0.000,0.275
40000,0.604,0.000,0.396
40500,0.703,0.000,0.297
41000,0.645,0.000,0.355
41500,0.645,0.000,0.355
42000,0.728,0.000,0.272
42500,0.703,0.000,0.297
43000,0.497,0.000,0.503
43500,0.593,0.000,0.407
44000,0.583,0.000,0.417
44500,0.581,0.000,0.419
45000,0.701,0.000,0.299
45500,0.690,0.000,0.310
46000,0.580,0.000,0.420
46500,0.575,0.000,0.425
47000,0.690,0.000,0.310
47500,0.624,0.000,0.376
48000,0.735,0.000,0.265
48500,0.683,0.000,0.317
49000,0.708,0.000,0.292
49500,0.658,0.000,0.342
50000,0.635,0.000,0.365
50500,0.700,0.000,0.300
51000,0.592,0.000,0.408
51500,0.695,0.000,0.305
52000,0.609,0.000,0.391
52500,0.659,0.000,0.341
53000,0.831,0.000,0.169
53500,0.746,0.000,0.254
54000,0.608,0.000,0.392
54500,0.502,0.000,0.498
55000,0.665,0.000,0.335
55500,0.785,0.000,0.215
56000,0.937,0.000,0.063
56500,0.867,0.000,0.133
57000,0.793,0.000,0.207
57500,0.749,0.000,0.251
58000,0.695,0.000,0.305
58500,0.671,0.000,0.329
59000,0.571,0.000,0.429
59500,0.725,0.000,0.275
60000,0.710,0.000,0.290
60500,0.735,0.000,0.265
61000,0.707,0.000,0.293
61500,0.799,0.000,0.201
62000,0.617,0.000,0.383
62500,0.589,0.000,0.411
63000,0.471,0.000,0.529
63500,0.528,0.000,0.472
64000,0.708,0.000,0.292
64500,0.873,0.000,0.127
65000,0.670,0.000,0.330
65500,0.778,0.000,0.222
66000,0.807,0.000,0.193
66500,0.765,0.000,0.235
67000,0.671,0.000,0.329
67500,0.574,0.000,0.426
68000,0.772,0.000,0.228
68500,0.721,0.000,0.279
69000,0.751,0.000,0.249
69500,0.736,0.000,0.264
70000,0.854,0.000,0.146
70500,0.700,0.000,0.300
71000,0.717,0.000,0.283
71500,0.708,0.000,0.292
72000,0.839,0.000,0.161
72500,0.927,0.000,0.073
73000,0.684,0.000,0.316
73500,0.789,0.000,0.211
74000,0.789,0.000,0.211
74500,0.826,0.000,0.174
75000,0.743,0.000,0.257
75500,0.778,0.000,0.222
76000,0.750,0.000,0.250
76500,0.687,0.000,0.313
77000,0.703,0.000,0.297
77500,0.634,0.000,0.366
78000,0.619,0.000,0.381
78500,0.723,0.000,0.277
79000,0.602,0.000,0.398
79500,0.584,0.000,0.416
80000,0.569,0.000,0.431
80500,0.643,0.000,0.357
81000,0.661,0.000,0.339
81500,0.729,0.000,0.271
82000,0.760,0.000,0.240
82500,0.604,0.000,0.396
83000,0.536,0.000,0.464
83500,0.471,0.000,0.529
84000,0.676,0.000,0.324
84500,0.660,0.000,0.340
85000,0.747,0.000,0.253
85500,0.632,0.000,0.368
86000,0.803,0.000,0.197
86500,0.842,0.000,0.158
87000,0.729,0.000,0.271
87500,0.687,0.000,0.313
88000,0.749,0.000,0.251
88500,0.780,0.000,0.220
89000,0.857,0.000,0.143
89500,0.657,0.000,0.343
90000,0.656,0.000,0.344
90500,0.661,0.000,0.339
91000,0.642,0.000,0.358
91500,0.581,0.000,0.419
92000,0.779,0.000,0.221
92500,0.776,0.000,0.224
93000,0.725,0.000,0.275
93500,0.706,0.000,0.294
94000,0.600,0.000,0.400
94500,0.797,0.000,0.203
95000,0.549,0.000,0.451
95500,0.576,0.000,0.424
96000,0.543,0.000,0.457
96500,0.718,0.000,0.282
97000,0.756,0.000,0.244
97500,0.821,0.000,0.179
98000,0.800,0.000,0.200
98500,0.649,0.000,0.351
99000,0.646,0.000,0.354
99500,0.524,0.000,0.476
100000,0.623,0.000,0.377
100500,0.590,0.000,0.410
101000,0.510,0.000,0.490
101500,0.754,0.000,0.246
102000,0.647,0.000,0.353
102500,0.647,0.000,0.353
103000,0.561,0.000,0.439
103500,0.553,0.000,0.447
104000,0.765,0.000,0.235
104500,0.848,0.000,0.152
105000,0.890,0.000,0.110
105500,0.996,0.000,0.004
106000,1.000,0.000,0.000
