time,n_A+p,n_B,n_AB
100,0.447,0.276,0.276
200,0.539,0.184,0.276
300,0.316,0.171,0.513
400,0.263,0.289,0.447
500,0.211,0.395,0.395
600,0.132,0.342,0.526
700,0.316,0.184,0.500
800,0.447,0.224,0.329
900,0.579,0.079,0.342
1000,0.566,0.105,0.329
1100,0.632,0.066,0.303
1200,0.724,0.053,0.224
1300,0.711,0.092,0.197
1400,0.500,0.171,0.329
1500,0.316,0.250,0.434
1600,0.263,0.224,0.513
1700,0.250,0.500,0.250
1800,0.197,0.382,0.421
1900,0.145,0.342,0.513
2000,0.263,0.329,0.408
2100,0.171,0.421,0.408
2200,0.289,0.382,0.329
2300,0.224,0.461,0.316
2400,0.105,0.474,0.421
2500,0.197,0.316,0.487
2600,0.197,0.342,0.461
2700,0.237,0.421,0.342
2800,0.237,0.342,0.421
2900,0.237,0.368,0.395
3000,0.382,0.316,0.303
3100,0.368,0.276,0.355
3200,0.237,0.382,0.382
3300,0.184,0.342,0.474
3400,0.316,0.263,0.421
3500,0.342,0.197,0.461
3600,0.368,0.237,0.395
3700,0.329,0.276,0.395
3800,0.316,0.276,0.408
3900,0.289,0.355,0.355
4000,0.118,0.526,0.355
4100,0.132,0.553,0.316
4200,0.066,0.618,0.316
4300,0.092,0.579,0.329
4400,0.105,0.579,0.316
4500,0.092,0.539,0.368
4600,0.053,0.724,0.224
4700,0.079,0.618,0.303
4800,0.053,0.763,0.184
4900,0.053,0.750,0.197
5000,0.039,0.711,0.250
5100,0.039,0.763,0.197
5200,0.039,0.816,0.145
5300,0.039,0.816,0.145
5400,0.053,0.750,0.197
5500,0.079,0.776,0.145
5600,0.118,0.697,0.184
5700,0.066,0.724,0.211
5800,0.079,0.776,0.145
5900,0.105,0.618,0.276
6000,0.066,0.632,0.303
6100,0.079,0.711,0.211
6200,0.105,0.605,0.289
6300,0.079,0.566,0.355
6400,0.224,0.474,0.303
6500,0.132,0.461,0.408
6600,0.171,0.474,0.355
6700,0.263,0.276,0.461
6800,0.171,0.447,0.382
6900,0.145,0.618,0.237
7000,0.132,0.461,0.408
7100,0.171,0.526,0.303
7200,0.276,0.329,0.395
7300,0.250,0.355,0.395
7400,0.342,0.237,0.421
7500,0.382,0.224,0.395
7600,0.329,0.250,0.421
7700,0.184,0.303,0.513
7800,0.171,0.368,0.461
7900,0.118,0.487,0.395
8000,0.184,0.329,0.487
8100,0.171,0.500,0.329
8200,0.329,0.276,0.395
8300,0.632,0.145,0.224
8400,0.539,0.118,0.342
8500,0.592,0.079,0.329
8600,0.579,0.039,0.382
8700,0.632,0.079,0.289
8800,0.816,0.000,0.184
8900,0.842,0.026,0.132
9000,0.829,0.053,0.118
9100,0.855,0.026,0.118
9200,0.868,0.000,0.132
9300,0.776,0.000,0.224
9400,0.697,0.079,0.224
9500,0.684,0.039,0.276
9600,0.789,0.000,0.211
9700,0.579,0.039,0.382
9800,0.618,0.145,0.237
9900,0.526,0.132,0.342
10000,0.408,0.224,0.368
10100,0.395,0.224,0.382
10200,0.355,0.211,0.434
10300,0.197,0.368,0.434
10400,0.158,0.408,0.434
10500,0.237,0.316,0.447
10600,0.211,0.421,0.368
10700,0.105,0.487,0.408
10800,0.132,0.355,0.513
10900,0.237,0.316,0.447
11000,0.211,0.263,0.526
11100,0.158,0.368,0.474
11200,0.197,0.355,0.447
11300,0.408,0.276,0.316
11400,0.250,0.237,0.513
11500,0.447,0.237,0.316
11600,0.408,0.211,0.382
11700,0.447,0.171,0.382
11800,0.592,0.105,0.303
11900,0.711,0.039,0.250
12000,0.500,0.184,0.316
12100,0.447,0.105,0.447
12200,0.171,0.408,0.421
12300,0.118,0.579,0.303
12400,0.145,0.566,0.289
12500,0.145,0.526,0.329
12600,0.118,0.658,0.224
12700,0.092,0.500,0.408
12800,0.105,0.553,0.342
12900,0.158,0.513,0.329
13000,0.092,0.671,0.237
13100,0.197,0.553,0.250
13200,0.237,0.303,0.461
13300,0.355,0.276,0.368
13400,0.395,0.171,0.434
13500,0.487,0.158,0.355
13600,0.592,0.105,0.303
13700,0.500,0.197,0.303
13800,0.645,0.053,0.303
13900,0.763,0.066,0.171
14000,0.750,0.092,0.158
14100,0.803,0.039,0.158
14200,0.855,0.026,0.118
14300,0.882,0.053,0.066
14400,0.882,0.039,0.079
14500,0.803,0.053,0.145
14600,0.803,0.039,0.158
14700,0.829,0.039,0.132
14800,0.829,0.026,0.145
14900,0.711,0.053,0.237
15000,0.789,0.066,0.145
15100,0.763,0.105,0.132
15200,0.711,0.079,0.211
15300,0.763,0.039,0.197
15400,0.908,0.026,0.066
15500,0.934,0.013,0.053
15600,0.947,0.013,0.039
15700,0.947,0.013,0.039
15800,0.947,0.013,0.039
15900,0.921,0.013,0.066
16000,0.908,0.013,0.079
16100,0.855,0.013,0.132
16200,0.961,0.013,0.026
16300,0.974,0.013,0.013
16400,0.974,0.000,0.026
16500,1.000,0.000,0.000
