time,n_A+p,n_B,n_AB
100,0.026,0.947,0.026
200,0.026,0.961,0.013
300,0.079,0.776,0.145
400,0.118,0.763,0.118
500,0.053,0.829,0.118
600,0.079,0.750,0.171
700,0.026,0.921,0.053
800,0.039,0.882,0.079
900,0.026,0.855,0.118
1000,0.053,0.829,0.118
1100,0.039,0.816,0.145
1200,0.066,0.645,0.289
1300,0.132,0.553,0.316
1400,0.250,0.408,0.342
1500,0.447,0.289,0.263
1600,0.382,0.250,0.368
1700,0.605,0.211,0.184
1800,0.632,0.211,0.158
1900,0.658,0.132,0.211
2000,0.382,0.289,0.329
2100,0.355,0.276,0.368
2200,0.487,0.250,0.263
2300,0.421,0.211,0.368
2400,0.395,0.250,0.355
2500,0.461,0.250,0.289
2600,0.526,0.158,0.316
2700,0.539,0.184,0.276
2800,0.316,0.395,0.289
2900,0.395,0.382,0.224
3000,0.434,0.329,0.237
3100,0.368,0.237,0.395
3200,0.447,0.250,0.303
3300,0.579,0.171,0.250
3400,0.592,0.211,0.197
3500,0.487,0.145,0.368
3600,0.487,0.184,0.329
3700,0.632,0.197,0.171
3800,0.724,0.105,0.171
3900,0.842,0.053,0.105
4000,0.908,0.013,0.079
4100,0.934,0.039,0.026
4200,0.776,0.026,0.197
4300,0.842,0.039,0.118
4400,0.803,0.039,0.158
4500,0.882,0.039,0.079
4600,0.882,0.026,0.092
4700,0.895,0.013,0.092
4800,0.947,0.000,0.053
4900,0.947,0.000,0.053
5000,0.961,0.000,0.039
5100,0.974,0.000,0.026
5200,1.000,0.000,0.000
