time,n_A+p,n_B,n_AB
500,0.080,0.759,0.161
1000,0.080,0.581,0.339
1500,0.082,0.439,0.480
2000,0.081,0.370,0.549
2500,0.089,0.288,0.623
3000,0.106,0.253,0.641
3500,0.119,0.209,0.672
4000,0.130,0.165,0.706
4500,0.153,0.146,0.701
5000,0.225,0.079,0.697
5500,0.283,0.047,0.670
6000,0.415,0.023,0.561
6500,0.492,0.005,0.503
7000,0.623,0.001,0.376
7500,0.656,0.000,0.344
8000,0.710,0.000,0.290
8500,0.699,0.000,0.301
9000,0.750,0.000,0.250
9500,0.793,0.000,0.207
10000,0.794,0.000,0.206
10500,0.803,0.000,0.197
11000,0.785,0.000,0.215
11500,0.759,0.000,0.241
12000,0.751,0.000,0.249
12500,0.773,0.000,0.227
13000,0.799,0.000,0.201
13500,0.813,0.000,0.187
14000,0.808,0.000,0.192
14500,0.808,0.000,0.192
15000,0.831,0.000,0.169
15500,0.846,0.000,0.154
16000,0.840,0.000,0.160
16500,0.805,0.000,0.195
17000,0.847,0.000,0.153
17500,0.867,0.000,0.133
18000,0.882,0.000,0.118
18500,0.869,0.000,0.131
19000,0.836,0.000,0.164
19500,0.832,0.000,0.168
20000,0.844,0.000,0.156
20500,0.858,0.000,0.142
21000,0.870,0.000,0.130
21500,0.887,0.000,0.113
22000,0.910,0.000,0.090
22500,0.924,0.000,0.076
23000,0.914,0.000,0.086
23500,0.900,0.000,0.100
24000,0.881,0.000,0.119
24500,0.855,0.000,0.145
25000,0.874,0.000,0.126
25500,0.882,0.000,0.118
26000,0.919,0.000,0.081
26500,0.917,0.000,0.083
27000,0.913,0.000,0.087
27500,0.898,0.000,0.102
28000,0.897,0.000,0.103
28500,0.903,0.000,0.097
29000,0.904,0.000,0.096
29500,0.893,0.000,0.107
30000,0.904,0.000,0.096
30500,0.915,0.000,0.085
31000,0.911,0.000,0.089
31500,0.921,0.000,0.079
32000,0.918,0.000,0.082
32500,0.897,0.000,0.103
33000,0.933,0.000,0.067
33500,0.944,0.000,0.056
34000,0.958,0.000,0.042
34500,0.969,0.000,0.031
35000,0.970,0.000,0.030
35500,0.962,0.000,0.038
36000,0.979,0.000,0.021
36500,0.986,0.000,0.014
37000,0.980,0.000,0.020
37500,0.981,0.000,0.019
38000,0.983,0.000,0.017
38500,0.982,0.000,0.018
39000,0.983,0.000,0.017
39500,0.979,0.000,0.021
40000,0.982,0.000,0.018
40500,0.988,0.000,0.012
41000,0.996,0.000,0.004
41500,0.992,0.000,0.008
42000,0.993,0.000,0.007
42500,0.994,0.000,0.006
43000,0.997,0.000,0.003
43500,1.000,0.000,0.000
44000,1.000,0.000,0.000
44500,1.000,0.000,0.000
