time,n_A+p,n_B,n_AB
500,0.030,0.951,0.019
1000,0.030,0.902,0.068
1500,0.030,0.886,0.084
2000,0.030,0.855,0.115
2500,0.030,0.850,0.120
3000,0.030,0.817,0.153
3500,0.030,0.799,0.171
4000,0.033,0.786,0.181
4500,0.031,0.785,0.184
5000,0.031,0.769,0.200
5500,0.031,0.762,0.207
6000,0.034,0.760,0.206
6500,0.036,0.751,0.213
7000,0.032,0.745,0.223
7500,0.039,0.735,0.226
8000,0.033,0.723,0.244
8500,0.030,0.717,0.253
9000,0.032,0.711,0.257
9500,0.031,0.706,0.263
10000,0.033,0.714,0.253
10500,0.036,0.680,0.284
11000,0.037,0.669,0.294
11500,0.049,0.658,0.293
12000,0.045,0.687,0.268
12500,0.041,0.658,0.301
13000,0.034,0.696,0.270
13500,0.040,0.659,0.301
14000,0.043,0.672,0.285
14500,0.037,0.661,0.302
15000,0.042,0.659,0.299
15500,0.041,0.631,0.328
16000,0.042,0.644,0.314
16500,0.046,0.610,0.344
17000,0.052,0.591,0.357
17500,0.047,0.573,0.380
18000,0.055,0.618,0.327
18500,0.049,0.599,0.352
19000,0.043,0.612,0.345
19500,0.050,0.641,0.309
20000,0.046,0.621,0.333
20500,0.053,0.633,0.314
21000,0.050,0.670,0.280
21500,0.041,0.647,0.312
22000,0.037,0.653,0.310
22500,0.038,0.663,0.299
23000,0.048,0.660,0.292
23500,0.047,0.643,0.310
24000,0.050,0.608,0.342
24500,0.062,0.591,0.347
25000,0.059,0.578,0.363
25500,0.059,0.583,0.358
26000,0.062,0.569,0.369
26500,0.072,0.568,0.360
27000,0.077,0.534,0.389
27500,0.077,0.490,0.433
28000,0.077,0.487,0.436
28500,0.081,0.479,0.440
29000,0.084,0.468,0.448
29500,0.079,0.450,0.471
30000,0.090,0.487,0.423
30500,0.067,0.498,0.435
31000,0.076,0.486,0.438
31500,0.084,0.499,0.417
32000,0.088,0.516,0.396
32500,0.086,0.510,0.404
33000,0.083,0.509,0.408
33500,0.089,0.481,0.430
34000,0.092,0.455,0.453
34500,0.077,0.456,0.467
35000,0.082,0.471,0.447
35500,0.085,0.479,0.436
36000,0.085,0.469,0.446
36500,0.097,0.421,0.482
37000,0.105,0.412,0.483
37500,0.100,0.398,0.502
38000,0.113,0.393,0.494
38500,0.108,0.407,0.485
39000,0.095,0.365,0.540
39500,0.108,0.392,0.500
40000,0.132,0.387,0.481
40500,0.111,0.400,0.489
41000,0.104,0.421,0.475
41500,0.092,0.426,0.482
42000,0.104,0.433,0.463
42500,0.089,0.440,0.471
43000,0.088,0.459,0.453
43500,0.112,0.452,0.436
44000,0.105,0.420,0.475
44500,0.114,0.401,0.485
45000,0.114,0.373,0.513
45500,0.137,0.416,0.447
46000,0.118,0.424,0.458
46500,0.115,0.425,0.460
47000,0.118,0.402,0.480
47500,0.133,0.396,0.471
48000,0.137,0.385,0.478
48500,0.129,0.381,0.490
49000,0.132,0.357,0.511
49500,0.128,0.373,0.499
50000,0.136,0.355,0.509
50500,0.129,0.358,0.513
51000,0.117,0.375,0.508
51500,0.131,0.400,0.469
52000,0.131,0.369,0.500
52500,0.125,0.335,0.540
53000,0.136,0.361,0.503
53500,0.128,0.415,0.457
54000,0.108,0.397,0.495
54500,0.118,0.401,0.481
55000,0.108,0.410,0.482
55500,0.112,0.410,0.478
56000,0.100,0.418,0.482
56500,0.124,0.398,0.478
57000,0.113,0.400,0.487
57500,0.106,0.398,0.496
58000,0.103,0.438,0.459
58500,0.103,0.406,0.491
59000,0.110,0.401,0.489
59500,0.110,0.406,0.484
60000,0.121,0.376,0.503
60500,0.116,0.370,0.514
61000,0.112,0.372,0.516
61500,0.120,0.380,0.500
62000,0.139,0.363,0.498
62500,0.144,0.345,0.511
63000,0.151,0.325,0.524
63500,0.169,0.300,0.531
64000,0.182,0.300,0.518
64500,0.169,0.311,0.520
65000,0.162,0.313,0.525
65500,0.167,0.311,0.522
66000,0.189,0.258,0.553
66500,0.192,0.258,0.550
67000,0.180,0.259,0.561
67500,0.194,0.254,0.552
68000,0.221,0.267,0.512
68500,0.208,0.265,0.527
69000,0.186,0.290,0.524
69500,0.234,0.249,0.517
70000,0.233,0.242,0.525
70500,0.221,0.269,0.510
71000,0.199,0.259,0.542
71500,0.212,0.257,0.531
72000,0.230,0.257,0.513
72500,0.208,0.266,0.526
73000,0.228,0.269,0.503
73500,0.235,0.221,0.544
74000,0.262,0.199,0.539
74500,0.258,0.185,0.557
75000,0.290,0.167,0.543
75500,0.307,0.173,0.520
76000,0.346,0.181,0.473
76500,0.337,0.179,0.484
77000,0.355,0.174,0.471
77500,0.356,0.161,0.483
78000,0.340,0.148,0.512
78500,0.349,0.108,0.543
79000,0.367,0.111,0.522
79500,0.404,0.101,0.495
80000,0.436,0.076,0.488
80500,0.482,0.064,0.454
81000,0.505,0.050,0.445
81500,0.513,0.065,0.422
82000,0.527,0.061,0.412
82500,0.530,0.052,0.418
83000,0.577,0.038,0.385
83500,0.602,0.035,0.363
84000,0.599,0.036,0.365
84500,0.605,0.039,0.356
85000,0.618,0.030,0.352
85500,0.635,0.026,0.339
86000,0.658,0.028,0.314
86500,0.644,0.021,0.335
87000,0.646,0.016,0.338
87500,0.691,0.017,0.292
88000,0.696,0.015,0.289
88500,0.735,0.008,0.257
89000,0.766,0.002,0.232
89500,0.734,0.007,0.259
90000,0.719,0.005,0.276
90500,0.723,0.011,0.266
91000,0.742,0.008,0.250
91500,0.772,0.006,0.222
92000,0.783,0.003,0.214
92500,0.804,0.001,0.195
93000,0.811,0.004,0.185
93500,0.834,0.002,0.164
94000,0.850,0.002,0.148
94500,0.868,0.001,0.131
95000,0.893,0.000,0.107
95500,0.900,0.005,0.095
96000,0.927,0.003,0.070
96500,0.939,0.001,0.060
97000,0.933,0.000,0.067
97500,0.941,0.000,0.059
98000,0.945,0.000,0.055
98500,0.930,0.000,0.070
99000,0.925,0.000,0.075
99500,0.923,0.000,0.077
100000,0.921,0.000,0.079
100500,0.902,0.000,0.098
101000,0.929,0.000,0.071
101500,0.942,0.000,0.058
102000,0.942,0.000,0.058
102500,0.936,0.000,0.064
103000,0.935,0.000,0.065
103500,0.943,0.000,0.057
104000,0.937,0.000,0.063
104500,0.938,0.000,0.062
105000,0.955,0.000,0.045
105500,0.951,0.000,0.049
106000,0.944,0.000,0.056
106500,0.948,0.000,0.052
107000,0.959,0.000,0.041
107500,0.964,0.000,0.036
108000,0.954,0.000,0.046
108500,0.970,0.000,0.030
109000,0.985,0.000,0.015
109500,0.982,0.000,0.018
110000,0.969,0.000,0.031
110500,0.964,0.000,0.036
111000,0.954,0.000,0.046
111500,0.958,0.000,0.042
112000,0.947,0.000,0.053
112500,0.960,0.000,0.040
113000,0.973,0.000,0.027
113500,0.969,0.000,0.031
114000,0.974,0.000,0.026
114500,0.971,0.000,0.029
115000,0.964,0.000,0.036
115500,0.964,0.000,0.036
116000,0.948,0.000,0.052
116500,0.945,0.000,0.055
117000,0.946,0.000,0.054
117500,0.935,0.000,0.065
118000,0.922,0.000,0.078
118500,0.909,0.000,0.091
119000,0.922,0.001,0.077
119500,0.924,0.000,0.076
120000,0.929,0.000,0.071
120500,0.942,0.000,0.058
121000,0.933,0.000,0.067
121500,0.933,0.000,0.067
122000,0.924,0.000,0.076
122500,0.923,0.000,0.077
123000,0.913,0.000,0.087
123500,0.914,0.000,0.086
124000,0.922,0.000,0.078
124500,0.909,0.000,0.091
125000,0.906,0.000,0.094
125500,0.916,0.000,0.084
126000,0.930,0.000,0.070
126500,0.922,0.000,0.078
127000,0.937,0.000,0.063
127500,0.938,0.000,0.062
128000,0.945,0.000,0.055
128500,0.953,0.000,0.047
129000,0.954,0.000,0.046
129500,0.940,0.000,0.060
130000,0.935,0.000,0.065
130500,0.956,0.000,0.044
131000,0.949,0.000,0.051
131500,0.949,0.000,0.051
132000,0.949,0.000,0.051
132500,0.947,0.000,0.053
133000,0.949,0.000,0.051
133500,0.946,0.000,0.054
134000,0.956,0.000,0.044
134500,0.954,0.000,0.046
135000,0.943,0.000,0.057
135500,0.947,0.000,0.053
136000,0.936,0.000,0.064
136500,0.932,0.000,0.068
137000,0.915,0.000,0.085
137500,0.917,0.000,0.083
138000,0.901,0.000,0.099
138500,0.910,0.000,0.090
139000,0.884,0.000,0.116
139500,0.880,0.000,0.120
140000,0.883,0.000,0.117
140500,0.891,0.000,0.109
141000,0.905,0.000,0.095
141500,0.921,0.000,0.079
142000,0.915,0.000,0.085
142500,0.912,0.000,0.088
143000,0.914,0.000,0.086
143500,0.888,0.000,0.112
144000,0.888,0.000,0.112
144500,0.879,0.000,0.121
145000,0.888,0.000,0.112
145500,0.883,0.000,0.117
146000,0.885,0.000,0.115
146500,0.896,0.000,0.104
147000,0.907,0.000,0.093
147500,0.904,0.000,0.096
148000,0.893,0.000,0.107
148500,0.907,0.000,0.093
149000,0.915,0.000,0.085
149500,0.900,0.000,0.100
150000,0.906,0.000,0.094
150500,0.923,0.000,0.077
151000,0.927,0.000,0.073
151500,0.933,0.000,0.067
152000,0.932,0.000,0.068
152500,0.931,0.000,0.069
153000,0.935,0.000,0.065
153500,0.933,0.000,0.067
154000,0.930,0.000,0.070
154500,0.941,0.000,0.059
155000,0.949,0.000,0.051
155500,0.963,0.000,0.037
156000,0.970,0.000,0.030
156500,0.974,0.000,0.026
157000,0.967,0.000,0.033
157500,0.969,0.000,0.031
158000,0.970,0.000,0.030
158500,0.972,0.000,0.028
159000,0.971,0.000,0.029
159500,0.976,0.000,0.024
160000,0.983,0.000,0.017
160500,0.982,0.000,0.018
161000,0.984,0.000,0.016
161500,0.980,0.000,0.020
162000,0.984,0.000,0.016
162500,0.978,0.000,0.022
163000,0.979,0.000,0.021
163500,0.985,0.000,0.015
164000,0.989,0.000,0.011
164500,0.989,0.000,0.011
165000,0.992,0.000,0.008
165500,0.988,0.000,0.012
166000,0.988,0.000,0.012
166500,0.984,0.000,0.016
167000,0.987,0.000,0.013
167500,0.990,0.000,0.010
168000,0.986,0.000,0.014
168500,0.993,0.000,0.007
169000,0.995,0.000,0.005
169500,0.995,0.000,0.005
170000,0.993,0.000,0.007
170500,0.991,0.000,0.009
171000,0.991,0.000,0.009
171500,0.988,0.000,0.012
172000,0.979,0.000,0.021
172500,0.974,0.000,0.026
173000,0.978,0.000,0.022
173500,0.983,0.000,0.017
174000,0.981,0.000,0.019
174500,0.979,0.000,0.021
175000,0.985,0.000,0.015
175500,0.984,0.000,0.016
176000,0.991,0.000,0.009
176500,0.993,0.000,0.007
177000,0.996,0.000,0.004
177500,0.996,0.000,0.004
178000,0.992,0.000,0.008
178500,0.989,0.000,0.011
179000,0.992,0.000,0.008
179500,0.988,0.000,0.012
180000,0.991,0.000,0.009
180500,0.983,0.000,0.017
181000,0.989,0.000,0.011
181500,0.990,0.000,0.010
182000,0.987,0.000,0.013
182500,0.983,0.000,0.017
183000,0.984,0.000,0.016
183500,0.988,0.000,0.012
184000,0.990,0.000,0.010
184500,0.996,0.000,0.004
185000,0.999,0.000,0.001
185500,1.000,0.000,0.000
