time,n_A+p,n_B,n_AB
500,0.080,0.534,0.386
1000,0.080,0.255,0.665
1500,0.087,0.138,0.776
2000,0.217,0.049,0.733
2500,0.448,0.005,0.547
3000,0.640,0.001,0.359
3500,0.781,0.000,0.219
4000,0.830,0.000,0.170
4500,0.874,0.000,0.126
5000,0.876,0.000,0.124
5500,0.861,0.000,0.139
6000,0.902,0.000,0.098
6500,0.908,0.000,0.092
7000,0.926,0.000,0.074
7500,0.935,0.000,0.065
8000,0.960,0.000,0.040
8500,0.982,0.000,0.018
9000,0.968,0.000,0.032
9500,0.974,0.000,0.026
10000,0.994,0.000,0.006
10500,0.992,0.000,0.008
11000,0.994,0.000,0.006
11500,0.999,0.000,0.001
12000,0.997,0.000,0.003
12500,0.999,0.000,0.001
13000,1.000,0.000,0.000
13500,1.000,0.000,0.000
14000,1.000,0.000,0.000
