time,n_A+p,n_B,n_AB
100,0.030,0.968,0.002
200,0.030,0.959,0.011
300,0.030,0.947,0.023
400,0.033,0.924,0.043
500,0.043,0.920,0.037
600,0.042,0.915,0.043
700,0.043,0.895,0.062
800,0.043,0.878,0.079
900,0.037,0.880,0.083
1000,0.037,0.878,0.085
1100,0.037,0.872,0.091
1200,0.035,0.870,0.095
1300,0.035,0.863,0.102
1400,0.035,0.852,0.113
1500,0.035,0.846,0.120
1600,0.037,0.849,0.114
1700,0.038,0.836,0.127
1800,0.036,0.835,0.130
1900,0.036,0.823,0.141
2000,0.038,0.813,0.149
2100,0.042,0.809,0.149
2200,0.041,0.802,0.157
2300,0.040,0.797,0.163
2400,0.042,0.800,0.158
2500,0.053,0.796,0.151
2600,0.052,0.800,0.148
2700,0.055,0.790,0.155
2800,0.055,0.775,0.170
2900,0.059,0.776,0.164
3000,0.061,0.774,0.164
3100,0.069,0.765,0.165
3200,0.068,0.761,0.171
3300,0.059,0.752,0.189
3400,0.061,0.727,0.211
3500,0.065,0.726,0.208
3600,0.060,0.707,0.233
3700,0.062,0.701,0.237
3800,0.070,0.701,0.229
3900,0.081,0.696,0.224
4000,0.076,0.694,0.231
4100,0.086,0.682,0.232
4200,0.084,0.675,0.241
4300,0.084,0.676,0.240
4400,0.083,0.668,0.249
4500,0.084,0.662,0.254
4600,0.084,0.659,0.257
4700,0.081,0.662,0.257
4800,0.083,0.662,0.255
4900,0.081,0.671,0.248
5000,0.075,0.666,0.259
5100,0.075,0.660,0.266
5200,0.075,0.656,0.270
5300,0.074,0.648,0.279
5400,0.080,0.651,0.270
5500,0.091,0.644,0.266
5600,0.090,0.647,0.264
5700,0.092,0.647,0.261
5800,0.104,0.631,0.265
5900,0.099,0.635,0.266
6000,0.100,0.640,0.259
6100,0.093,0.623,0.284
6200,0.097,0.607,0.296
6300,0.092,0.599,0.309
6400,0.090,0.607,0.303
6500,0.086,0.607,0.307
6600,0.074,0.609,0.318
6700,0.086,0.606,0.308
6800,0.088,0.599,0.314
6900,0.075,0.597,0.329
7000,0.073,0.588,0.339
7100,0.077,0.589,0.334
7200,0.079,0.570,0.351
7300,0.078,0.563,0.360
7400,0.081,0.568,0.351
7500,0.079,0.568,0.353
7600,0.080,0.569,0.351
7700,0.074,0.565,0.362
7800,0.072,0.561,0.368
7900,0.067,0.556,0.377
8000,0.062,0.556,0.382
8100,0.085,0.550,0.366
8200,0.086,0.555,0.360
8300,0.093,0.542,0.365
8400,0.093,0.552,0.355
8500,0.091,0.551,0.359
8600,0.102,0.549,0.349
8700,0.100,0.549,0.351
8800,0.105,0.554,0.341
8900,0.102,0.540,0.358
9000,0.088,0.537,0.375
9100,0.091,0.531,0.378
9200,0.099,0.528,0.373
9300,0.102,0.522,0.376
9400,0.102,0.528,0.370
9500,0.117,0.515,0.368
9600,0.117,0.517,0.366
9700,0.117,0.514,0.369
9800,0.100,0.521,0.379
9900,0.099,0.518,0.383
10000,0.092,0.535,0.373
10100,0.087,0.522,0.391
10200,0.089,0.512,0.399
10300,0.090,0.497,0.413
10400,0.088,0.491,0.421
10500,0.107,0.484,0.409
10600,0.108,0.483,0.409
10700,0.107,0.481,0.412
10800,0.102,0.488,0.410
10900,0.108,0.478,0.414
11000,0.118,0.481,0.400
11100,0.113,0.486,0.400
11200,0.118,0.493,0.388
11300,0.125,0.488,0.387
11400,0.135,0.492,0.373
11500,0.132,0.486,0.382
11600,0.147,0.479,0.374
11700,0.141,0.473,0.386
11800,0.131,0.463,0.407
11900,0.124,0.458,0.419
12000,0.133,0.445,0.422
12100,0.128,0.443,0.429
12200,0.122,0.437,0.441
12300,0.118,0.445,0.436
12400,0.115,0.438,0.446
12500,0.115,0.443,0.441
12600,0.115,0.443,0.441
12700,0.121,0.442,0.437
12800,0.123,0.447,0.430
12900,0.128,0.449,0.423
13000,0.126,0.447,0.427
13100,0.134,0.451,0.415
13200,0.136,0.461,0.403
13300,0.126,0.460,0.415
13400,0.129,0.453,0.419
13500,0.137,0.442,0.421
13600,0.145,0.455,0.400
13700,0.140,0.449,0.411
13800,0.128,0.446,0.426
13900,0.129,0.443,0.428
14000,0.130,0.439,0.431
14100,0.120,0.454,0.427
14200,0.130,0.456,0.415
14300,0.136,0.453,0.412
14400,0.135,0.448,0.417
14500,0.139,0.448,0.413
14600,0.135,0.457,0.409
14700,0.136,0.460,0.404
14800,0.147,0.447,0.406
14900,0.152,0.441,0.407
15000,0.154,0.435,0.411
15100,0.150,0.434,0.416
15200,0.156,0.426,0.418
15300,0.155,0.418,0.427
15400,0.148,0.422,0.430
15500,0.149,0.430,0.421
15600,0.141,0.427,0.432
15700,0.139,0.435,0.426
15800,0.139,0.422,0.439
15900,0.139,0.414,0.447
16000,0.142,0.419,0.439
16100,0.130,0.414,0.457
16200,0.132,0.412,0.457
16300,0.134,0.415,0.451
16400,0.149,0.417,0.434
16500,0.144,0.418,0.438
16600,0.144,0.421,0.435
16700,0.140,0.429,0.431
16800,0.142,0.436,0.422
16900,0.144,0.432,0.424
17000,0.143,0.413,0.444
17100,0.145,0.413,0.442
17200,0.142,0.423,0.435
17300,0.155,0.425,0.420
17400,0.151,0.418,0.431
17500,0.150,0.414,0.436
17600,0.145,0.422,0.433
17700,0.146,0.409,0.445
17800,0.146,0.411,0.443
17900,0.149,0.413,0.438
18000,0.150,0.402,0.447
18100,0.145,0.401,0.454
18200,0.153,0.410,0.437
18300,0.151,0.412,0.437
18400,0.166,0.415,0.419
18500,0.154,0.414,0.432
18600,0.169,0.410,0.422
18700,0.166,0.404,0.429
18800,0.176,0.396,0.428
18900,0.175,0.407,0.419
19000,0.178,0.410,0.413
19100,0.168,0.420,0.413
19200,0.161,0.410,0.429
19300,0.162,0.409,0.429
19400,0.168,0.404,0.428
19500,0.164,0.402,0.433
19600,0.161,0.401,0.437
19700,0.152,0.404,0.443
19800,0.160,0.399,0.440
19900,0.163,0.402,0.434
20000,0.169,0.398,0.433
20100,0.169,0.383,0.448
20200,0.166,0.388,0.445
20300,0.171,0.378,0.451
20400,0.178,0.376,0.446
20500,0.181,0.379,0.440
20600,0.179,0.385,0.436
20700,0.184,0.381,0.435
20800,0.188,0.386,0.426
20900,0.196,0.393,0.411
21000,0.193,0.383,0.424
21100,0.189,0.388,0.423
21200,0.186,0.383,0.431
21300,0.188,0.387,0.425
21400,0.189,0.382,0.429
21500,0.186,0.391,0.423
21600,0.197,0.383,0.420
21700,0.196,0.376,0.428
21800,0.190,0.376,0.434
21900,0.195,0.366,0.439
22000,0.185,0.359,0.457
22100,0.173,0.359,0.469
22200,0.178,0.350,0.472
22300,0.188,0.355,0.457
22400,0.189,0.358,0.454
22500,0.198,0.362,0.440
22600,0.200,0.369,0.431
22700,0.209,0.368,0.423
22800,0.193,0.373,0.434
22900,0.201,0.376,0.423
23000,0.196,0.370,0.434
23100,0.191,0.376,0.433
23200,0.192,0.383,0.425
23300,0.195,0.378,0.427
23400,0.205,0.381,0.414
23500,0.204,0.381,0.415
23600,0.200,0.379,0.421
23700,0.205,0.375,0.420
23800,0.209,0.378,0.413
23900,0.213,0.380,0.407
24000,0.204,0.377,0.419
24100,0.204,0.376,0.420
24200,0.197,0.384,0.419
24300,0.196,0.381,0.423
24400,0.186,0.378,0.436
24500,0.182,0.387,0.431
24600,0.173,0.390,0.437
24700,0.160,0.388,0.451
24800,0.162,0.382,0.456
24900,0.161,0.387,0.451
25000,0.159,0.384,0.457
25100,0.152,0.376,0.472
25200,0.145,0.383,0.472
25300,0.149,0.410,0.441
25400,0.158,0.408,0.434
25500,0.156,0.397,0.446
25600,0.150,0.397,0.453
25700,0.174,0.399,0.427
25800,0.186,0.388,0.426
25900,0.184,0.384,0.432
26000,0.183,0.382,0.435
26100,0.182,0.383,0.435
26200,0.179,0.376,0.445
26300,0.162,0.383,0.455
26400,0.157,0.382,0.461
26500,0.159,0.376,0.465
26600,0.149,0.386,0.465
26700,0.144,0.395,0.461
26800,0.142,0.391,0.467
26900,0.142,0.393,0.465
27000,0.145,0.392,0.463
27100,0.148,0.395,0.457
27200,0.149,0.389,0.462
27300,0.153,0.388,0.459
27400,0.144,0.391,0.465
27500,0.145,0.387,0.468
27600,0.142,0.383,0.475
27700,0.152,0.371,0.477
27800,0.162,0.372,0.466
27900,0.144,0.375,0.481
28000,0.134,0.373,0.493
28100,0.128,0.371,0.502
28200,0.138,0.369,0.493
28300,0.129,0.375,0.496
28400,0.131,0.372,0.497
28500,0.138,0.364,0.498
28600,0.141,0.360,0.499
28700,0.138,0.379,0.483
28800,0.142,0.382,0.476
28900,0.139,0.385,0.476
29000,0.142,0.385,0.473
29100,0.137,0.394,0.469
29200,0.138,0.397,0.465
29300,0.142,0.393,0.465
29400,0.141,0.394,0.465
29500,0.136,0.394,0.470
29600,0.137,0.386,0.477
29700,0.133,0.394,0.473
29800,0.130,0.400,0.470
29900,0.130,0.393,0.477
30000,0.141,0.396,0.463
30100,0.150,0.364,0.486
30200,0.147,0.367,0.486
30300,0.153,0.359,0.488
30400,0.164,0.345,0.490
30500,0.150,0.356,0.493
30600,0.141,0.358,0.502
30700,0.140,0.351,0.509
30800,0.141,0.353,0.506
30900,0.140,0.358,0.503
31000,0.141,0.360,0.499
31100,0.140,0.360,0.501
31200,0.138,0.356,0.506
31300,0.155,0.346,0.498
31400,0.155,0.344,0.501
31500,0.174,0.347,0.479
31600,0.177,0.349,0.474
31700,0.181,0.344,0.475
31800,0.170,0.352,0.478
31900,0.173,0.349,0.478
32000,0.176,0.345,0.479
32100,0.183,0.333,0.484
32200,0.181,0.333,0.486
32300,0.180,0.334,0.486
32400,0.168,0.325,0.508
32500,0.174,0.326,0.501
32600,0.176,0.325,0.499
32700,0.183,0.333,0.484
32800,0.178,0.330,0.492
32900,0.184,0.332,0.484
33000,0.184,0.325,0.491
33100,0.179,0.330,0.491
33200,0.189,0.334,0.477
33300,0.204,0.333,0.463
33400,0.198,0.326,0.476
33500,0.202,0.318,0.480
33600,0.203,0.316,0.481
33700,0.207,0.319,0.474
33800,0.199,0.326,0.475
33900,0.199,0.332,0.469
34000,0.203,0.330,0.467
34100,0.209,0.331,0.460
34200,0.205,0.345,0.449
34300,0.197,0.336,0.467
34400,0.190,0.328,0.482
34500,0.196,0.329,0.475
34600,0.201,0.322,0.477
34700,0.198,0.307,0.494
34800,0.204,0.311,0.485
34900,0.198,0.320,0.482
35000,0.199,0.325,0.476
35100,0.188,0.337,0.475
35200,0.191,0.331,0.478
35300,0.208,0.338,0.454
35400,0.222,0.334,0.444
35500,0.220,0.338,0.442
35600,0.224,0.325,0.451
35700,0.217,0.329,0.455
35800,0.219,0.318,0.464
35900,0.220,0.318,0.463
36000,0.218,0.318,0.465
36100,0.210,0.318,0.472
36200,0.205,0.308,0.486
36300,0.201,0.303,0.495
36400,0.202,0.303,0.494
36500,0.193,0.306,0.501
36600,0.185,0.301,0.514
36700,0.186,0.289,0.525
36800,0.182,0.290,0.528
36900,0.199,0.284,0.517
37000,0.208,0.282,0.510
37100,0.218,0.279,0.504
37200,0.209,0.285,0.506
37300,0.209,0.302,0.488
37400,0.203,0.290,0.507
37500,0.197,0.298,0.505
37600,0.190,0.318,0.492
37700,0.194,0.316,0.490
37800,0.191,0.314,0.495
37900,0.200,0.317,0.483
38000,0.197,0.317,0.486
38100,0.199,0.321,0.480
38200,0.188,0.326,0.486
38300,0.184,0.320,0.496
38400,0.181,0.332,0.487
38500,0.180,0.324,0.496
38600,0.186,0.325,0.489
38700,0.192,0.317,0.491
38800,0.189,0.312,0.499
38900,0.196,0.318,0.486
39000,0.200,0.313,0.487
39100,0.206,0.309,0.484
39200,0.200,0.307,0.492
39300,0.200,0.321,0.479
39400,0.200,0.311,0.489
39500,0.207,0.315,0.478
39600,0.206,0.302,0.491
39700,0.213,0.297,0.489
39800,0.229,0.290,0.481
39900,0.238,0.288,0.474
40000,0.224,0.299,0.477
40100,0.208,0.308,0.483
40200,0.205,0.311,0.484
40300,0.207,0.302,0.490
40400,0.206,0.301,0.492
40500,0.212,0.312,0.476
40600,0.210,0.318,0.472
40700,0.209,0.320,0.471
40800,0.222,0.329,0.449
40900,0.216,0.326,0.459
41000,0.220,0.325,0.456
41100,0.226,0.322,0.453
41200,0.215,0.308,0.477
41300,0.225,0.299,0.476
41400,0.228,0.297,0.475
41500,0.231,0.285,0.484
41600,0.231,0.290,0.479
41700,0.226,0.286,0.488
41800,0.228,0.280,0.492
41900,0.236,0.283,0.481
42000,0.236,0.284,0.480
42100,0.237,0.279,0.484
42200,0.234,0.271,0.495
42300,0.232,0.272,0.496
42400,0.237,0.276,0.487
42500,0.234,0.271,0.495
42600,0.228,0.273,0.499
42700,0.228,0.273,0.499
42800,0.230,0.272,0.498
42900,0.222,0.280,0.498
43000,0.222,0.282,0.496
43100,0.230,0.278,0.492
43200,0.233,0.279,0.488
43300,0.221,0.278,0.502
43400,0.212,0.279,0.509
43500,0.209,0.270,0.521
43600,0.213,0.279,0.508
43700,0.207,0.282,0.511
43800,0.216,0.280,0.505
43900,0.219,0.272,0.510
44000,0.215,0.275,0.511
44100,0.207,0.278,0.515
44200,0.224,0.283,0.493
44300,0.225,0.285,0.490
44400,0.225,0.283,0.492
44500,0.223,0.273,0.505
44600,0.219,0.269,0.513
44700,0.212,0.279,0.509
44800,0.218,0.288,0.494
44900,0.222,0.285,0.493
45000,0.227,0.294,0.479
45100,0.221,0.286,0.493
45200,0.219,0.291,0.490
45300,0.209,0.296,0.494
45400,0.221,0.296,0.483
45500,0.228,0.294,0.478
45600,0.218,0.305,0.477
45700,0.205,0.316,0.479
45800,0.210,0.312,0.478
45900,0.219,0.307,0.474
46000,0.226,0.296,0.478
46100,0.226,0.301,0.473
46200,0.231,0.293,0.476
46300,0.231,0.295,0.474
46400,0.238,0.281,0.481
46500,0.250,0.283,0.467
46600,0.242,0.288,0.470
46700,0.246,0.283,0.471
46800,0.242,0.276,0.482
46900,0.235,0.280,0.485
47000,0.233,0.284,0.483
47100,0.227,0.282,0.491
47200,0.230,0.278,0.492
47300,0.231,0.269,0.501
47400,0.232,0.265,0.504
47500,0.233,0.269,0.498
47600,0.245,0.266,0.489
47700,0.258,0.257,0.484
47800,0.252,0.261,0.486
47900,0.257,0.261,0.481
48000,0.251,0.273,0.476
48100,0.235,0.275,0.490
48200,0.229,0.276,0.495
48300,0.239,0.283,0.478
48400,0.227,0.282,0.491
48500,0.224,0.279,0.497
48600,0.222,0.287,0.491
48700,0.213,0.286,0.501
48800,0.232,0.291,0.477
48900,0.217,0.291,0.492
49000,0.212,0.302,0.485
49100,0.208,0.301,0.490
49200,0.211,0.309,0.479
49300,0.211,0.317,0.472
49400,0.210,0.299,0.490
49500,0.213,0.290,0.496
49600,0.210,0.285,0.505
49700,0.213,0.278,0.509
49800,0.221,0.279,0.501
49900,0.226,0.280,0.494
50000,0.217,0.281,0.503
50100,0.222,0.279,0.499
50200,0.227,0.277,0.496
50300,0.228,0.273,0.499
50400,0.224,0.271,0.506
50500,0.218,0.263,0.520
50600,0.206,0.263,0.531
50700,0.209,0.277,0.514
50800,0.206,0.284,0.510
50900,0.199,0.281,0.520
51000,0.191,0.296,0.513
51100,0.194,0.284,0.522
51200,0.193,0.284,0.523
51300,0.192,0.280,0.528
51400,0.198,0.276,0.526
51500,0.196,0.268,0.536
51600,0.199,0.264,0.537
51700,0.194,0.266,0.540
51800,0.208,0.274,0.518
51900,0.215,0.273,0.513
52000,0.212,0.272,0.516
52100,0.207,0.274,0.519
52200,0.199,0.267,0.534
52300,0.207,0.265,0.528
52400,0.204,0.268,0.528
52500,0.208,0.257,0.534
52600,0.210,0.254,0.535
52700,0.216,0.256,0.528
52800,0.210,0.253,0.536
52900,0.204,0.254,0.541
53000,0.190,0.255,0.555
53100,0.197,0.260,0.542
53200,0.208,0.259,0.532
53300,0.208,0.252,0.539
53400,0.211,0.249,0.539
53500,0.209,0.253,0.537
53600,0.211,0.256,0.532
53700,0.210,0.255,0.534
53800,0.205,0.251,0.543
53900,0.201,0.273,0.526
54000,0.191,0.269,0.540
54100,0.196,0.270,0.534
54200,0.195,0.278,0.527
54300,0.196,0.285,0.519
54400,0.195,0.291,0.514
54500,0.192,0.286,0.522
54600,0.192,0.286,0.522
54700,0.194,0.286,0.520
54800,0.194,0.287,0.519
54900,0.194,0.286,0.520
55000,0.193,0.288,0.519
55100,0.200,0.288,0.512
55200,0.198,0.283,0.519
55300,0.206,0.277,0.517
55400,0.212,0.270,0.518
55500,0.227,0.268,0.506
55600,0.220,0.267,0.514
55700,0.220,0.263,0.518
55800,0.212,0.270,0.518
55900,0.198,0.277,0.525
56000,0.200,0.275,0.525
56100,0.198,0.282,0.520
56200,0.207,0.282,0.511
56300,0.201,0.271,0.528
56400,0.205,0.266,0.529
56500,0.203,0.265,0.532
56600,0.200,0.274,0.526
56700,0.199,0.271,0.530
56800,0.205,0.271,0.524
56900,0.203,0.283,0.514
57000,0.198,0.282,0.520
57100,0.204,0.281,0.515
57200,0.205,0.273,0.522
57300,0.213,0.272,0.515
57400,0.228,0.265,0.508
57500,0.230,0.263,0.508
57600,0.235,0.258,0.507
57700,0.233,0.263,0.505
57800,0.242,0.270,0.488
57900,0.239,0.270,0.491
58000,0.238,0.258,0.504
58100,0.246,0.283,0.471
58200,0.237,0.282,0.481
58300,0.232,0.277,0.491
58400,0.241,0.276,0.483
58500,0.241,0.284,0.475
58600,0.230,0.280,0.490
58700,0.226,0.283,0.491
58800,0.223,0.288,0.489
58900,0.225,0.289,0.486
59000,0.223,0.281,0.496
59100,0.224,0.279,0.497
59200,0.221,0.271,0.509
59300,0.216,0.264,0.521
59400,0.220,0.264,0.517
59500,0.227,0.270,0.504
59600,0.239,0.264,0.497
59700,0.236,0.261,0.503
59800,0.235,0.260,0.505
59900,0.235,0.266,0.499
60000,0.234,0.254,0.512
60100,0.234,0.254,0.512
60200,0.243,0.250,0.507
60300,0.241,0.247,0.512
60400,0.242,0.237,0.521
60500,0.246,0.233,0.521
60600,0.252,0.240,0.508
60700,0.252,0.240,0.508
60800,0.250,0.232,0.518
60900,0.237,0.234,0.529
61000,0.238,0.240,0.522
61100,0.224,0.245,0.531
61200,0.246,0.242,0.512
61300,0.250,0.238,0.512
61400,0.243,0.239,0.518
61500,0.240,0.252,0.508
61600,0.233,0.249,0.518
61700,0.238,0.244,0.518
61800,0.240,0.242,0.518
61900,0.249,0.238,0.513
62000,0.245,0.236,0.519
62100,0.237,0.239,0.524
62200,0.236,0.244,0.520
62300,0.244,0.249,0.507
62400,0.253,0.244,0.503
62500,0.250,0.241,0.509
62600,0.250,0.241,0.509
62700,0.239,0.244,0.517
62800,0.232,0.247,0.521
62900,0.227,0.249,0.524
63000,0.226,0.249,0.525
63100,0.223,0.242,0.535
63200,0.221,0.235,0.544
63300,0.229,0.227,0.544
63400,0.225,0.236,0.539
63500,0.207,0.238,0.555
63600,0.201,0.242,0.557
63700,0.206,0.240,0.554
63800,0.205,0.247,0.547
63900,0.223,0.249,0.528
64000,0.223,0.249,0.528
64100,0.224,0.253,0.523
64200,0.232,0.257,0.511
64300,0.227,0.268,0.506
64400,0.228,0.263,0.510
64500,0.232,0.263,0.506
64600,0.243,0.259,0.497
64700,0.245,0.251,0.504
64800,0.241,0.252,0.507
64900,0.239,0.243,0.518
65000,0.227,0.237,0.536
65100,0.202,0.239,0.559
65200,0.216,0.237,0.547
65300,0.227,0.240,0.533
65400,0.232,0.243,0.525
65500,0.224,0.245,0.531
65600,0.218,0.243,0.539
65700,0.227,0.243,0.530
65800,0.207,0.252,0.540
65900,0.193,0.251,0.556
66000,0.199,0.249,0.552
66100,0.187,0.260,0.553
66200,0.194,0.255,0.551
66300,0.195,0.275,0.530
66400,0.200,0.272,0.528
66500,0.210,0.260,0.529
66600,0.217,0.254,0.529
66700,0.232,0.249,0.519
66800,0.233,0.247,0.520
66900,0.236,0.253,0.511
67000,0.237,0.257,0.506
67100,0.230,0.252,0.518
67200,0.233,0.245,0.522
67300,0.237,0.255,0.508
67400,0.236,0.255,0.509
67500,0.244,0.256,0.499
67600,0.245,0.245,0.510
67700,0.239,0.248,0.513
67800,0.237,0.254,0.509
67900,0.243,0.255,0.502
68000,0.234,0.260,0.506
68100,0.239,0.261,0.499
68200,0.238,0.259,0.503
68300,0.236,0.250,0.514
68400,0.247,0.245,0.508
68500,0.241,0.256,0.503
68600,0.237,0.253,0.510
68700,0.237,0.248,0.515
68800,0.237,0.248,0.515
68900,0.234,0.249,0.517
69000,0.250,0.247,0.503
69100,0.240,0.247,0.513
69200,0.226,0.240,0.534
69300,0.223,0.244,0.533
69400,0.231,0.243,0.526
69500,0.237,0.241,0.522
69600,0.232,0.245,0.523
69700,0.232,0.237,0.531
69800,0.236,0.233,0.531
69900,0.229,0.235,0.536
70000,0.236,0.237,0.527
70100,0.232,0.239,0.529
70200,0.218,0.240,0.542
70300,0.212,0.243,0.544
70400,0.201,0.247,0.552
70500,0.216,0.248,0.536
70600,0.224,0.248,0.528
70700,0.217,0.244,0.539
70800,0.219,0.249,0.532
70900,0.218,0.245,0.537
71000,0.218,0.242,0.540
71100,0.219,0.243,0.538
71200,0.226,0.253,0.521
71300,0.231,0.252,0.517
71400,0.254,0.236,0.510
71500,0.257,0.237,0.506
71600,0.257,0.234,0.509
71700,0.248,0.235,0.517
71800,0.247,0.241,0.512
71900,0.239,0.236,0.525
72000,0.246,0.230,0.524
72100,0.242,0.232,0.526
72200,0.242,0.224,0.534
72300,0.244,0.225,0.531
72400,0.236,0.227,0.537
72500,0.245,0.225,0.530
72600,0.240,0.230,0.530
72700,0.240,0.238,0.522
72800,0.240,0.229,0.531
72900,0.245,0.229,0.526
73000,0.243,0.230,0.527
73100,0.237,0.228,0.535
73200,0.232,0.229,0.539
73300,0.240,0.227,0.533
73400,0.243,0.228,0.529
73500,0.237,0.226,0.537
73600,0.241,0.223,0.536
73700,0.247,0.227,0.526
73800,0.247,0.223,0.530
73900,0.252,0.231,0.517
74000,0.255,0.237,0.508
74100,0.249,0.225,0.526
74200,0.246,0.230,0.524
74300,0.250,0.227,0.523
74400,0.258,0.227,0.515
74500,0.259,0.230,0.511
74600,0.259,0.231,0.510
74700,0.273,0.233,0.494
74800,0.270,0.231,0.499
74900,0.277,0.235,0.488
75000,0.274,0.239,0.487
75100,0.270,0.238,0.492
75200,0.258,0.247,0.494
75300,0.254,0.241,0.505
75400,0.251,0.243,0.506
75500,0.246,0.249,0.505
75600,0.241,0.257,0.502
75700,0.236,0.256,0.508
75800,0.239,0.252,0.509
75900,0.240,0.233,0.527
76000,0.230,0.232,0.538
76100,0.230,0.230,0.540
76200,0.245,0.230,0.525
76300,0.241,0.241,0.518
76400,0.241,0.243,0.516
76500,0.239,0.240,0.521
76600,0.244,0.235,0.521
76700,0.252,0.235,0.513
76800,0.258,0.240,0.502
76900,0.246,0.241,0.513
77000,0.240,0.238,0.522
77100,0.249,0.230,0.521
77200,0.246,0.232,0.522
77300,0.249,0.233,0.518
77400,0.245,0.237,0.518
77500,0.245,0.236,0.519
77600,0.235,0.229,0.536
77700,0.235,0.225,0.540
77800,0.226,0.231,0.543
77900,0.229,0.226,0.545
78000,0.230,0.220,0.551
78100,0.232,0.220,0.549
78200,0.226,0.227,0.547
78300,0.215,0.229,0.557
78400,0.212,0.233,0.555
78500,0.208,0.224,0.568
78600,0.210,0.228,0.562
78700,0.197,0.229,0.574
78800,0.200,0.231,0.569
78900,0.206,0.233,0.561
79000,0.213,0.226,0.561
79100,0.225,0.230,0.545
79200,0.224,0.226,0.551
79300,0.208,0.238,0.554
79400,0.213,0.244,0.542
79500,0.206,0.245,0.549
79600,0.213,0.236,0.551
79700,0.209,0.238,0.553
79800,0.200,0.239,0.561
79900,0.201,0.244,0.555
80000,0.195,0.240,0.565
80100,0.200,0.245,0.555
80200,0.202,0.243,0.555
80300,0.195,0.243,0.562
80400,0.196,0.245,0.559
80500,0.216,0.236,0.549
80600,0.226,0.234,0.540
80700,0.231,0.229,0.540
80800,0.239,0.230,0.531
80900,0.233,0.235,0.532
81000,0.224,0.237,0.539
81100,0.221,0.234,0.545
81200,0.227,0.235,0.538
81300,0.238,0.235,0.527
81400,0.237,0.235,0.528
81500,0.241,0.233,0.526
81600,0.232,0.234,0.534
81700,0.237,0.237,0.526
81800,0.251,0.236,0.513
81900,0.258,0.230,0.512
82000,0.260,0.227,0.513
82100,0.259,0.220,0.521
82200,0.260,0.221,0.519
82300,0.274,0.221,0.506
82400,0.274,0.221,0.506
82500,0.284,0.223,0.493
82600,0.279,0.225,0.496
82700,0.275,0.220,0.506
82800,0.270,0.221,0.510
82900,0.266,0.222,0.513
83000,0.256,0.218,0.526
83100,0.257,0.213,0.529
83200,0.253,0.221,0.526
83300,0.251,0.221,0.528
83400,0.251,0.222,0.527
83500,0.248,0.219,0.533
83600,0.249,0.223,0.528
83700,0.248,0.223,0.529
83800,0.252,0.220,0.528
83900,0.242,0.216,0.542
84000,0.244,0.216,0.540
84100,0.247,0.208,0.544
84200,0.258,0.215,0.527
84300,0.256,0.228,0.516
84400,0.263,0.227,0.511
84500,0.261,0.224,0.515
84600,0.264,0.220,0.517
84700,0.271,0.211,0.518
84800,0.273,0.211,0.516
84900,0.266,0.210,0.524
85000,0.277,0.201,0.522
85100,0.277,0.203,0.520
85200,0.273,0.205,0.522
85300,0.278,0.204,0.518
85400,0.268,0.201,0.531
85500,0.266,0.201,0.533
85600,0.253,0.206,0.540
85700,0.245,0.207,0.547
85800,0.251,0.203,0.545
85900,0.271,0.212,0.517
86000,0.269,0.215,0.517
86100,0.271,0.212,0.517
86200,0.267,0.211,0.522
86300,0.273,0.223,0.505
86400,0.275,0.222,0.504
86500,0.266,0.219,0.516
86600,0.270,0.225,0.506
86700,0.273,0.229,0.498
86800,0.275,0.236,0.489
86900,0.274,0.227,0.499
87000,0.272,0.228,0.501
87100,0.268,0.221,0.512
87200,0.258,0.226,0.516
87300,0.248,0.222,0.530
87400,0.251,0.230,0.519
87500,0.257,0.235,0.508
87600,0.254,0.234,0.512
87700,0.264,0.229,0.508
87800,0.266,0.227,0.508
87900,0.264,0.224,0.513
88000,0.266,0.225,0.510
88100,0.270,0.227,0.504
88200,0.273,0.230,0.497
88300,0.266,0.236,0.498
88400,0.273,0.237,0.490
88500,0.249,0.233,0.518
88600,0.251,0.232,0.517
88700,0.249,0.234,0.517
88800,0.254,0.229,0.517
88900,0.249,0.238,0.513
89000,0.246,0.230,0.524
89100,0.230,0.228,0.542
89200,0.233,0.218,0.550
89300,0.234,0.222,0.544
89400,0.235,0.220,0.545
89500,0.232,0.209,0.559
89600,0.226,0.210,0.564
89700,0.225,0.216,0.560
89800,0.234,0.220,0.546
89900,0.245,0.221,0.534
90000,0.242,0.226,0.532
90100,0.236,0.234,0.530
90200,0.242,0.235,0.523
90300,0.250,0.242,0.508
90400,0.240,0.237,0.523
90500,0.237,0.233,0.530
90600,0.246,0.227,0.527
90700,0.253,0.225,0.522
90800,0.253,0.224,0.523
90900,0.252,0.224,0.524
91000,0.253,0.213,0.533
91100,0.254,0.213,0.532
91200,0.253,0.202,0.544
91300,0.250,0.201,0.549
91400,0.259,0.202,0.538
91500,0.268,0.204,0.528
91600,0.268,0.199,0.533
91700,0.257,0.199,0.543
91800,0.247,0.206,0.546
91900,0.245,0.219,0.536
92000,0.242,0.220,0.538
92100,0.236,0.209,0.555
92200,0.238,0.207,0.555
92300,0.246,0.205,0.549
92400,0.257,0.208,0.534
92500,0.257,0.207,0.535
92600,0.254,0.212,0.533
92700,0.260,0.212,0.527
92800,0.265,0.216,0.520
92900,0.252,0.218,0.530
93000,0.253,0.218,0.529
93100,0.251,0.224,0.525
93200,0.244,0.231,0.525
93300,0.256,0.223,0.521
93400,0.244,0.223,0.533
93500,0.236,0.220,0.544
93600,0.235,0.232,0.533
93700,0.234,0.230,0.536
93800,0.233,0.225,0.542
93900,0.232,0.226,0.542
94000,0.234,0.229,0.537
94100,0.237,0.229,0.534
94200,0.217,0.231,0.553
94300,0.212,0.228,0.560
94400,0.221,0.220,0.560
94500,0.227,0.225,0.549
94600,0.229,0.221,0.551
94700,0.231,0.215,0.555
94800,0.218,0.225,0.558
94900,0.225,0.235,0.540
95000,0.225,0.233,0.542
95100,0.233,0.225,0.542
95200,0.240,0.226,0.534
95300,0.246,0.222,0.532
95400,0.251,0.223,0.526
95500,0.255,0.225,0.520
95600,0.259,0.225,0.516
95700,0.257,0.230,0.513
95800,0.252,0.235,0.513
95900,0.258,0.230,0.512
96000,0.245,0.237,0.518
96100,0.234,0.239,0.527
96200,0.230,0.234,0.536
96300,0.235,0.219,0.546
96400,0.234,0.228,0.538
96500,0.224,0.236,0.540
96600,0.224,0.234,0.542
96700,0.221,0.232,0.547
96800,0.216,0.240,0.544
96900,0.213,0.245,0.541
97000,0.202,0.245,0.553
97100,0.202,0.246,0.552
97200,0.198,0.245,0.557
97300,0.200,0.242,0.558
97400,0.204,0.251,0.544
97500,0.195,0.257,0.547
97600,0.200,0.250,0.550
97700,0.196,0.257,0.546
97800,0.197,0.263,0.540
97900,0.204,0.259,0.536
98000,0.202,0.263,0.535
98100,0.197,0.265,0.538
98200,0.190,0.258,0.552
98300,0.191,0.252,0.557
98400,0.183,0.242,0.575
98500,0.192,0.235,0.573
98600,0.197,0.233,0.570
98700,0.189,0.233,0.578
98800,0.207,0.241,0.552
98900,0.198,0.241,0.561
99000,0.203,0.242,0.555
99100,0.207,0.240,0.553
99200,0.202,0.238,0.560
99300,0.189,0.236,0.575
99400,0.187,0.238,0.575
99500,0.198,0.242,0.560
99600,0.191,0.240,0.569
99700,0.193,0.237,0.570
99800,0.192,0.238,0.570
99900,0.198,0.248,0.554
100000,0.201,0.244,0.555
