time,n_A+p,n_B,n_AB
100,0.030,0.956,0.014
200,0.031,0.955,0.014
300,0.033,0.950,0.017
400,0.033,0.947,0.020
500,0.033,0.942,0.026
600,0.032,0.940,0.029
700,0.036,0.936,0.029
800,0.034,0.936,0.031
900,0.034,0.936,0.031
1000,0.034,0.937,0.030
1100,0.034,0.937,0.030
1200,0.033,0.937,0.031
1300,0.033,0.940,0.028
1400,0.032,0.941,0.028
1500,0.037,0.939,0.025
1600,0.037,0.932,0.032
1700,0.038,0.925,0.037
1800,0.036,0.927,0.037
1900,0.038,0.919,0.043
2000,0.035,0.914,0.051
2100,0.042,0.918,0.040
2200,0.046,0.914,0.040
2300,0.044,0.918,0.038
2400,0.044,0.915,0.041
2500,0.043,0.918,0.039
2600,0.044,0.916,0.040
2700,0.044,0.906,0.050
2800,0.049,0.906,0.045
2900,0.056,0.900,0.044
3000,0.056,0.896,0.048
3100,0.056,0.893,0.051
3200,0.057,0.900,0.043
3300,0.054,0.899,0.047
3400,0.053,0.903,0.044
3500,0.055,0.904,0.041
3600,0.055,0.900,0.045
3700,0.059,0.899,0.042
3800,0.068,0.890,0.042
3900,0.066,0.889,0.045
4000,0.068,0.882,0.050
4100,0.065,0.874,0.060
4200,0.072,0.878,0.050
4300,0.067,0.880,0.052
4400,0.064,0.867,0.068
4500,0.060,0.871,0.068
4600,0.061,0.877,0.061
4700,0.060,0.870,0.069
4800,0.057,0.876,0.066
4900,0.058,0.875,0.066
5000,0.062,0.884,0.054
5100,0.059,0.886,0.055
5200,0.058,0.890,0.052
5300,0.057,0.896,0.047
5400,0.056,0.894,0.050
5500,0.057,0.896,0.047
5600,0.063,0.892,0.045
5700,0.063,0.885,0.052
5800,0.067,0.869,0.063
5900,0.079,0.857,0.064
6000,0.096,0.842,0.062
6100,0.096,0.837,0.067
6200,0.093,0.842,0.065
6300,0.094,0.838,0.068
6400,0.097,0.834,0.069
6500,0.101,0.821,0.078
6600,0.096,0.824,0.080
6700,0.105,0.826,0.068
6800,0.101,0.826,0.073
6900,0.110,0.817,0.073
7000,0.101,0.817,0.082
7100,0.097,0.817,0.086
7200,0.095,0.824,0.081
7300,0.093,0.826,0.081
7400,0.090,0.827,0.083
7500,0.095,0.819,0.086
7600,0.088,0.823,0.089
7700,0.088,0.828,0.084
7800,0.088,0.831,0.081
7900,0.084,0.830,0.086
8000,0.087,0.844,0.069
8100,0.087,0.849,0.064
8200,0.089,0.842,0.069
8300,0.094,0.838,0.068
8400,0.095,0.828,0.077
8500,0.094,0.832,0.074
8600,0.092,0.828,0.080
8700,0.091,0.838,0.072
8800,0.089,0.844,0.067
8900,0.088,0.842,0.070
9000,0.086,0.845,0.069
9100,0.082,0.835,0.084
9200,0.091,0.823,0.086
9300,0.084,0.828,0.088
9400,0.085,0.832,0.083
9500,0.081,0.839,0.081
9600,0.083,0.840,0.078
9700,0.078,0.839,0.084
9800,0.073,0.845,0.083
9900,0.072,0.846,0.083
10000,0.075,0.840,0.086
10100,0.081,0.821,0.098
10200,0.082,0.819,0.099
10300,0.082,0.806,0.112
10400,0.089,0.809,0.102
10500,0.091,0.797,0.112
10600,0.099,0.796,0.105
10700,0.096,0.789,0.115
10800,0.098,0.788,0.114
10900,0.095,0.777,0.128
11000,0.104,0.769,0.127
11100,0.104,0.772,0.124
11200,0.105,0.769,0.126
11300,0.099,0.765,0.136
11400,0.098,0.772,0.130
11500,0.101,0.776,0.123
11600,0.095,0.784,0.121
11700,0.105,0.789,0.106
11800,0.108,0.778,0.113
11900,0.102,0.788,0.110
12000,0.098,0.790,0.112
12100,0.100,0.779,0.121
12200,0.094,0.790,0.116
12300,0.094,0.798,0.108
12400,0.095,0.784,0.121
12500,0.097,0.798,0.105
12600,0.090,0.793,0.117
12700,0.091,0.791,0.118
12800,0.093,0.799,0.108
12900,0.105,0.789,0.106
13000,0.101,0.787,0.112
13100,0.101,0.780,0.118
13200,0.101,0.781,0.117
13300,0.097,0.782,0.121
13400,0.098,0.793,0.109
13500,0.113,0.789,0.098
13600,0.107,0.779,0.113
13700,0.116,0.777,0.106
13800,0.105,0.787,0.108
13900,0.099,0.791,0.110
14000,0.096,0.794,0.110
14100,0.093,0.799,0.108
14200,0.083,0.796,0.122
14300,0.086,0.806,0.108
14400,0.092,0.802,0.106
14500,0.088,0.803,0.109
14600,0.087,0.805,0.108
14700,0.088,0.802,0.110
14800,0.093,0.806,0.101
14900,0.085,0.795,0.121
15000,0.088,0.796,0.116
15100,0.086,0.789,0.126
15200,0.087,0.791,0.123
15300,0.080,0.797,0.124
15400,0.079,0.813,0.108
15500,0.078,0.809,0.113
15600,0.086,0.808,0.106
15700,0.086,0.810,0.104
15800,0.087,0.816,0.097
15900,0.087,0.806,0.107
16000,0.082,0.804,0.114
16100,0.075,0.820,0.105
16200,0.069,0.815,0.115
16300,0.091,0.807,0.102
16400,0.079,0.813,0.108
16500,0.079,0.815,0.106
16600,0.084,0.821,0.095
16700,0.090,0.810,0.100
16800,0.095,0.803,0.102
16900,0.098,0.779,0.123
17000,0.103,0.783,0.113
17100,0.102,0.788,0.110
17200,0.110,0.789,0.101
17300,0.108,0.788,0.104
17400,0.103,0.796,0.101
17500,0.104,0.803,0.093
17600,0.100,0.810,0.090
17700,0.108,0.784,0.107
17800,0.113,0.781,0.105
17900,0.116,0.790,0.094
18000,0.132,0.766,0.102
18100,0.117,0.773,0.109
18200,0.108,0.795,0.097
18300,0.108,0.801,0.091
18400,0.106,0.800,0.094
18500,0.108,0.796,0.096
18600,0.107,0.793,0.100
18700,0.130,0.765,0.105
18800,0.141,0.741,0.118
18900,0.140,0.742,0.118
19000,0.135,0.753,0.112
19100,0.127,0.749,0.125
19200,0.133,0.739,0.129
19300,0.142,0.736,0.122
19400,0.140,0.730,0.130
19500,0.146,0.724,0.130
19600,0.142,0.723,0.135
19700,0.141,0.728,0.131
19800,0.143,0.737,0.120
19900,0.143,0.736,0.121
20000,0.140,0.739,0.122
20100,0.132,0.740,0.129
20200,0.128,0.745,0.128
20300,0.129,0.740,0.132
20400,0.124,0.737,0.139
20500,0.123,0.730,0.147
20600,0.114,0.747,0.139
20700,0.106,0.756,0.138
20800,0.107,0.753,0.140
20900,0.112,0.755,0.133
21000,0.112,0.755,0.133
21100,0.120,0.749,0.132
21200,0.118,0.753,0.129
21300,0.113,0.733,0.153
21400,0.108,0.740,0.152
21500,0.117,0.728,0.154
21600,0.128,0.727,0.145
21700,0.131,0.723,0.146
21800,0.123,0.751,0.127
21900,0.120,0.756,0.125
22000,0.115,0.754,0.131
22100,0.114,0.750,0.136
22200,0.116,0.752,0.132
22300,0.110,0.752,0.138
22400,0.109,0.769,0.122
22500,0.111,0.769,0.120
22600,0.115,0.761,0.124
22700,0.109,0.755,0.136
22800,0.110,0.761,0.129
22900,0.111,0.761,0.128
23000,0.111,0.757,0.132
23100,0.110,0.761,0.129
23200,0.109,0.763,0.128
23300,0.108,0.762,0.130
23400,0.107,0.773,0.120
23500,0.111,0.774,0.114
23600,0.101,0.771,0.128
23700,0.102,0.769,0.129
23800,0.098,0.783,0.118
23900,0.094,0.788,0.118
24000,0.094,0.784,0.122
24100,0.094,0.792,0.114
24200,0.102,0.780,0.117
24300,0.106,0.774,0.120
24400,0.106,0.771,0.123
24500,0.110,0.778,0.111
24600,0.101,0.788,0.111
24700,0.096,0.777,0.127
24800,0.097,0.779,0.124
24900,0.099,0.749,0.152
25000,0.095,0.741,0.164
25100,0.088,0.740,0.173
25200,0.098,0.740,0.162
25300,0.104,0.755,0.141
25400,0.105,0.756,0.139
25500,0.103,0.768,0.129
25600,0.105,0.766,0.129
25700,0.095,0.774,0.131
25800,0.091,0.770,0.139
25900,0.090,0.775,0.135
26000,0.095,0.772,0.133
26100,0.093,0.782,0.125
26200,0.086,0.785,0.129
26300,0.090,0.784,0.126
26400,0.079,0.798,0.124
26500,0.081,0.793,0.127
26600,0.082,0.797,0.122
26700,0.079,0.797,0.125
26800,0.077,0.799,0.125
26900,0.088,0.780,0.132
27000,0.098,0.784,0.117
27100,0.101,0.756,0.143
27200,0.128,0.752,0.121
27300,0.124,0.752,0.125
27400,0.120,0.752,0.129
27500,0.125,0.749,0.127
27600,0.133,0.739,0.129
27700,0.133,0.735,0.132
27800,0.135,0.728,0.137
27900,0.129,0.730,0.141
28000,0.128,0.739,0.134
28100,0.123,0.731,0.146
28200,0.122,0.728,0.150
28300,0.117,0.724,0.158
28400,0.125,0.722,0.153
28500,0.116,0.731,0.152
28600,0.109,0.743,0.148
28700,0.101,0.760,0.139
28800,0.093,0.762,0.145
28900,0.089,0.771,0.140
29000,0.093,0.771,0.136
29100,0.091,0.774,0.135
29200,0.090,0.788,0.123
29300,0.092,0.774,0.134
29400,0.090,0.765,0.145
29500,0.103,0.765,0.132
29600,0.098,0.770,0.132
29700,0.102,0.766,0.132
29800,0.103,0.767,0.130
29900,0.104,0.768,0.128
30000,0.099,0.765,0.136
30100,0.099,0.768,0.133
30200,0.104,0.766,0.130
30300,0.103,0.760,0.137
30400,0.114,0.754,0.132
30500,0.113,0.759,0.128
30600,0.112,0.758,0.130
30700,0.102,0.769,0.129
30800,0.093,0.796,0.111
30900,0.096,0.793,0.111
31000,0.096,0.789,0.115
31100,0.095,0.783,0.122
31200,0.097,0.776,0.127
31300,0.099,0.778,0.123
31400,0.097,0.787,0.116
31500,0.088,0.803,0.109
31600,0.085,0.803,0.112
31700,0.087,0.813,0.100
31800,0.084,0.814,0.102
31900,0.081,0.812,0.107
32000,0.081,0.805,0.114
32100,0.078,0.806,0.116
32200,0.072,0.819,0.109
32300,0.070,0.820,0.109
32400,0.073,0.830,0.097
32500,0.072,0.817,0.111
32600,0.063,0.822,0.114
32700,0.062,0.827,0.110
32800,0.061,0.827,0.111
32900,0.059,0.837,0.104
33000,0.058,0.844,0.098
33100,0.059,0.844,0.097
33200,0.064,0.842,0.094
33300,0.063,0.819,0.117
33400,0.073,0.811,0.116
33500,0.083,0.809,0.108
33600,0.081,0.809,0.110
33700,0.085,0.805,0.110
33800,0.088,0.808,0.104
33900,0.080,0.809,0.111
34000,0.086,0.798,0.116
34100,0.080,0.805,0.115
34200,0.079,0.801,0.121
34300,0.077,0.800,0.124
34400,0.078,0.810,0.112
34500,0.078,0.810,0.112
34600,0.074,0.806,0.121
34700,0.070,0.804,0.126
34800,0.073,0.814,0.113
34900,0.075,0.805,0.121
35000,0.069,0.812,0.118
35100,0.070,0.814,0.115
35200,0.068,0.810,0.122
35300,0.072,0.812,0.116
35400,0.079,0.806,0.115
35500,0.099,0.788,0.113
35600,0.101,0.790,0.109
35700,0.091,0.784,0.125
35800,0.106,0.782,0.111
35900,0.102,0.793,0.105
36000,0.099,0.791,0.110
36100,0.097,0.789,0.114
36200,0.096,0.796,0.108
36300,0.094,0.790,0.116
36400,0.095,0.802,0.103
36500,0.091,0.799,0.110
36600,0.098,0.798,0.104
36700,0.093,0.809,0.098
36800,0.092,0.808,0.100
36900,0.096,0.781,0.123
37000,0.115,0.772,0.112
37100,0.110,0.779,0.110
37200,0.113,0.776,0.110
37300,0.105,0.776,0.118
37400,0.103,0.771,0.126
37500,0.118,0.769,0.112
37600,0.116,0.762,0.122
37700,0.115,0.761,0.124
37800,0.105,0.767,0.128
37900,0.112,0.766,0.122
38000,0.115,0.763,0.122
38100,0.113,0.764,0.123
38200,0.122,0.759,0.120
38300,0.117,0.767,0.115
38400,0.125,0.756,0.120
38500,0.123,0.747,0.131
38600,0.130,0.749,0.122
38700,0.134,0.748,0.118
38800,0.131,0.750,0.120
38900,0.125,0.757,0.118
39000,0.123,0.745,0.133
39100,0.126,0.739,0.136
39200,0.144,0.729,0.127
39300,0.138,0.732,0.130
39400,0.134,0.739,0.128
39500,0.128,0.749,0.124
39600,0.123,0.752,0.126
39700,0.160,0.703,0.137
39800,0.153,0.713,0.134
39900,0.156,0.720,0.124
40000,0.150,0.725,0.125
40100,0.151,0.721,0.128
40200,0.148,0.718,0.134
40300,0.151,0.725,0.124
40400,0.170,0.708,0.123
40500,0.158,0.717,0.125
40600,0.153,0.725,0.122
40700,0.148,0.723,0.129
40800,0.144,0.726,0.130
40900,0.139,0.729,0.132
41000,0.134,0.733,0.133
41100,0.133,0.732,0.135
41200,0.126,0.743,0.132
41300,0.123,0.758,0.120
41400,0.144,0.728,0.128
41500,0.142,0.731,0.127
41600,0.137,0.736,0.127
41700,0.141,0.732,0.127
41800,0.144,0.725,0.131
41900,0.140,0.720,0.140
42000,0.137,0.727,0.136
42100,0.137,0.730,0.133
42200,0.138,0.733,0.129
42300,0.132,0.731,0.137
42400,0.122,0.745,0.134
42500,0.111,0.754,0.135
42600,0.108,0.766,0.126
42700,0.099,0.768,0.133
42800,0.111,0.760,0.129
42900,0.115,0.758,0.127
43000,0.110,0.763,0.127
43100,0.111,0.759,0.130
43200,0.114,0.759,0.127
43300,0.116,0.759,0.125
43400,0.107,0.776,0.116
43500,0.103,0.772,0.125
43600,0.116,0.763,0.121
43700,0.110,0.759,0.131
43800,0.121,0.754,0.126
43900,0.117,0.751,0.132
44000,0.120,0.752,0.129
44100,0.118,0.742,0.140
44200,0.126,0.741,0.134
44300,0.121,0.743,0.137
44400,0.120,0.744,0.137
44500,0.130,0.733,0.137
44600,0.131,0.733,0.136
44700,0.129,0.745,0.127
44800,0.124,0.741,0.136
44900,0.128,0.730,0.142
45000,0.128,0.732,0.140
45100,0.129,0.722,0.149
45200,0.125,0.728,0.147
45300,0.130,0.735,0.135
45400,0.132,0.716,0.152
45500,0.154,0.703,0.143
45600,0.149,0.704,0.147
45700,0.141,0.709,0.150
45800,0.144,0.711,0.145
45900,0.153,0.714,0.133
46000,0.133,0.730,0.137
46100,0.129,0.737,0.134
46200,0.124,0.731,0.145
46300,0.128,0.726,0.146
46400,0.126,0.728,0.146
46500,0.129,0.727,0.144
46600,0.121,0.707,0.173
46700,0.114,0.723,0.162
46800,0.117,0.713,0.170
46900,0.124,0.705,0.172
47000,0.127,0.702,0.172
47100,0.122,0.706,0.173
47200,0.117,0.700,0.183
47300,0.128,0.701,0.172
47400,0.129,0.700,0.172
47500,0.138,0.695,0.168
47600,0.154,0.683,0.162
47700,0.168,0.673,0.159
47800,0.177,0.657,0.166
47900,0.172,0.659,0.170
48000,0.168,0.672,0.160
48100,0.168,0.674,0.158
48200,0.162,0.675,0.162
48300,0.162,0.663,0.175
48400,0.159,0.668,0.173
48500,0.158,0.667,0.175
48600,0.159,0.673,0.168
48700,0.168,0.668,0.164
48800,0.186,0.657,0.157
48900,0.187,0.652,0.161
49000,0.177,0.649,0.175
49100,0.181,0.628,0.191
49200,0.176,0.638,0.186
49300,0.196,0.625,0.179
49400,0.196,0.614,0.190
49500,0.191,0.628,0.181
49600,0.194,0.613,0.193
49700,0.194,0.629,0.177
49800,0.188,0.628,0.184
49900,0.193,0.628,0.179
50000,0.186,0.625,0.189
50100,0.189,0.615,0.196
50200,0.209,0.608,0.183
50300,0.206,0.599,0.195
50400,0.210,0.596,0.194
50500,0.209,0.590,0.200
50600,0.225,0.591,0.184
50700,0.231,0.576,0.193
50800,0.226,0.585,0.189
50900,0.206,0.592,0.201
51000,0.209,0.601,0.190
51100,0.203,0.607,0.190
51200,0.192,0.611,0.197
51300,0.194,0.620,0.186
51400,0.198,0.624,0.178
51500,0.199,0.628,0.173
51600,0.207,0.622,0.171
51700,0.195,0.613,0.192
51800,0.189,0.619,0.192
51900,0.196,0.607,0.197
52000,0.191,0.611,0.198
52100,0.193,0.602,0.205
52200,0.198,0.582,0.220
52300,0.193,0.589,0.218
52400,0.199,0.581,0.220
52500,0.213,0.572,0.215
52600,0.217,0.554,0.230
52700,0.212,0.571,0.217
52800,0.219,0.575,0.206
52900,0.213,0.585,0.201
53000,0.216,0.581,0.203
53100,0.215,0.571,0.215
53200,0.221,0.568,0.211
53300,0.211,0.578,0.210
53400,0.205,0.573,0.222
53500,0.206,0.573,0.221
53600,0.206,0.551,0.243
53700,0.225,0.544,0.231
53800,0.234,0.542,0.224
53900,0.252,0.529,0.219
54000,0.236,0.543,0.221
54100,0.245,0.535,0.220
54200,0.248,0.526,0.226
54300,0.253,0.534,0.212
54400,0.238,0.544,0.218
54500,0.250,0.550,0.200
54600,0.246,0.558,0.196
54700,0.234,0.564,0.202
54800,0.231,0.571,0.198
54900,0.231,0.568,0.201
55000,0.243,0.563,0.194
55100,0.256,0.550,0.194
55200,0.270,0.542,0.188
55300,0.271,0.539,0.190
55400,0.274,0.535,0.191
55500,0.268,0.544,0.188
55600,0.269,0.545,0.186
55700,0.269,0.547,0.184
55800,0.269,0.544,0.187
55900,0.266,0.555,0.180
56000,0.273,0.550,0.178
56100,0.281,0.539,0.180
56200,0.280,0.539,0.181
56300,0.284,0.544,0.172
56400,0.274,0.550,0.177
56500,0.270,0.561,0.170
56600,0.267,0.565,0.169
56700,0.263,0.556,0.182
56800,0.254,0.560,0.186
56900,0.270,0.541,0.189
57000,0.272,0.532,0.196
57100,0.274,0.541,0.185
57200,0.269,0.538,0.193
57300,0.263,0.545,0.192
57400,0.247,0.538,0.215
57500,0.263,0.540,0.197
57600,0.266,0.542,0.192
57700,0.261,0.547,0.191
57800,0.256,0.539,0.204
57900,0.260,0.539,0.200
58000,0.266,0.531,0.203
58100,0.270,0.531,0.199
58200,0.270,0.523,0.207
58300,0.286,0.517,0.197
58400,0.275,0.530,0.195
58500,0.274,0.530,0.196
58600,0.286,0.525,0.189
58700,0.284,0.520,0.196
58800,0.278,0.519,0.203
58900,0.271,0.532,0.197
59000,0.278,0.529,0.193
59100,0.263,0.557,0.181
59200,0.255,0.552,0.193
59300,0.248,0.560,0.192
59400,0.241,0.569,0.190
59500,0.233,0.566,0.201
59600,0.226,0.574,0.200
59700,0.217,0.582,0.201
59800,0.233,0.578,0.189
59900,0.243,0.571,0.186
60000,0.256,0.544,0.199
60100,0.244,0.563,0.193
60200,0.247,0.554,0.199
60300,0.248,0.552,0.200
60400,0.242,0.550,0.208
60500,0.249,0.546,0.204
60600,0.242,0.533,0.225
60700,0.253,0.535,0.211
60800,0.237,0.545,0.218
60900,0.246,0.554,0.200
61000,0.256,0.559,0.185
61100,0.257,0.551,0.192
61200,0.261,0.546,0.192
61300,0.256,0.547,0.196
61400,0.278,0.529,0.193
61500,0.275,0.539,0.186
61600,0.281,0.533,0.186
61700,0.282,0.517,0.201
61800,0.284,0.516,0.200
61900,0.279,0.518,0.203
62000,0.281,0.512,0.207
62100,0.289,0.505,0.206
62200,0.287,0.513,0.200
62300,0.298,0.501,0.201
62400,0.306,0.498,0.195
62500,0.298,0.493,0.208
62600,0.288,0.506,0.206
62700,0.296,0.496,0.207
62800,0.300,0.498,0.201
62900,0.299,0.505,0.196
63000,0.307,0.493,0.199
63100,0.299,0.508,0.193
63200,0.283,0.526,0.191
63300,0.277,0.527,0.196
63400,0.285,0.510,0.205
63500,0.286,0.508,0.206
63600,0.296,0.494,0.209
63700,0.293,0.497,0.209
63800,0.289,0.486,0.225
63900,0.290,0.492,0.218
64000,0.298,0.484,0.218
64100,0.297,0.490,0.212
64200,0.304,0.479,0.217
64300,0.295,0.480,0.225
64400,0.291,0.478,0.231
64500,0.283,0.486,0.231
64600,0.287,0.474,0.239
64700,0.289,0.484,0.227
64800,0.316,0.459,0.226
64900,0.325,0.457,0.219
65000,0.334,0.449,0.217
65100,0.325,0.450,0.225
65200,0.337,0.448,0.215
65300,0.340,0.444,0.216
65400,0.321,0.447,0.232
65500,0.326,0.445,0.229
65600,0.328,0.453,0.220
65700,0.325,0.459,0.217
65800,0.313,0.467,0.221
65900,0.300,0.471,0.229
66000,0.311,0.474,0.216
66100,0.311,0.456,0.234
66200,0.313,0.448,0.239
66300,0.315,0.448,0.237
66400,0.321,0.444,0.235
66500,0.327,0.442,0.231
66600,0.328,0.451,0.221
66700,0.316,0.468,0.217
66800,0.326,0.448,0.226
66900,0.333,0.437,0.230
67000,0.335,0.439,0.226
67100,0.341,0.435,0.224
67200,0.334,0.436,0.230
67300,0.341,0.436,0.223
67400,0.340,0.438,0.222
67500,0.341,0.450,0.208
67600,0.355,0.438,0.206
67700,0.341,0.441,0.218
67800,0.345,0.441,0.213
67900,0.348,0.435,0.217
68000,0.351,0.436,0.212
68100,0.347,0.442,0.210
68200,0.346,0.434,0.220
68300,0.362,0.434,0.204
68400,0.376,0.422,0.202
68500,0.379,0.414,0.207
68600,0.385,0.412,0.203
68700,0.375,0.411,0.215
68800,0.368,0.404,0.228
68900,0.370,0.416,0.215
69000,0.365,0.411,0.225
69100,0.365,0.420,0.216
69200,0.373,0.424,0.203
69300,0.379,0.423,0.198
69400,0.374,0.414,0.212
69500,0.382,0.420,0.198
69600,0.388,0.411,0.201
69700,0.402,0.387,0.210
69800,0.400,0.382,0.218
69900,0.400,0.400,0.199
70000,0.404,0.394,0.201
70100,0.416,0.392,0.192
70200,0.415,0.384,0.201
70300,0.404,0.396,0.199
70400,0.412,0.392,0.196
70500,0.412,0.386,0.202
70600,0.437,0.375,0.188
70700,0.446,0.373,0.181
70800,0.454,0.370,0.177
70900,0.461,0.362,0.178
71000,0.455,0.363,0.183
71100,0.443,0.366,0.191
71200,0.451,0.363,0.186
71300,0.460,0.354,0.186
71400,0.440,0.362,0.198
71500,0.446,0.356,0.197
71600,0.440,0.348,0.211
71700,0.444,0.348,0.207
71800,0.449,0.358,0.193
71900,0.450,0.356,0.193
72000,0.446,0.363,0.191
72100,0.455,0.353,0.192
72200,0.465,0.342,0.193
72300,0.469,0.341,0.190
72400,0.468,0.341,0.191
72500,0.468,0.338,0.194
72600,0.473,0.342,0.185
72700,0.468,0.335,0.197
72800,0.461,0.340,0.199
72900,0.455,0.350,0.195
73000,0.448,0.328,0.224
73100,0.450,0.338,0.211
73200,0.451,0.345,0.203
73300,0.445,0.354,0.200
73400,0.430,0.368,0.202
73500,0.442,0.351,0.206
73600,0.445,0.349,0.205
73700,0.438,0.364,0.198
73800,0.434,0.360,0.206
73900,0.437,0.361,0.202
74000,0.439,0.354,0.206
74100,0.445,0.358,0.197
74200,0.426,0.370,0.204
74300,0.454,0.343,0.203
74400,0.465,0.340,0.195
74500,0.459,0.353,0.188
74600,0.458,0.341,0.201
74700,0.494,0.331,0.175
74800,0.479,0.327,0.194
74900,0.497,0.329,0.174
75000,0.488,0.343,0.169
75100,0.492,0.336,0.172
75200,0.502,0.330,0.169
75300,0.512,0.327,0.161
75400,0.517,0.322,0.161
75500,0.526,0.324,0.150
75600,0.529,0.314,0.157
75700,0.531,0.312,0.157
75800,0.539,0.309,0.151
75900,0.539,0.316,0.145
76000,0.542,0.305,0.152
76100,0.530,0.302,0.168
76200,0.539,0.301,0.159
76300,0.543,0.298,0.158
76400,0.526,0.313,0.161
76500,0.528,0.315,0.157
76600,0.537,0.304,0.158
76700,0.540,0.303,0.156
76800,0.545,0.295,0.159
76900,0.556,0.296,0.148
77000,0.555,0.297,0.148
77100,0.557,0.302,0.141
77200,0.541,0.311,0.148
77300,0.539,0.304,0.156
77400,0.536,0.302,0.161
77500,0.544,0.300,0.155
77600,0.547,0.294,0.158
77700,0.554,0.287,0.159
77800,0.543,0.283,0.174
77900,0.554,0.281,0.165
78000,0.553,0.282,0.165
78100,0.560,0.284,0.156
78200,0.565,0.289,0.146
78300,0.562,0.299,0.139
78400,0.579,0.288,0.133
78500,0.572,0.294,0.134
78600,0.585,0.288,0.127
78700,0.590,0.280,0.130
78800,0.584,0.276,0.140
78900,0.584,0.281,0.135
79000,0.585,0.279,0.136
79100,0.584,0.274,0.142
79200,0.578,0.276,0.146
79300,0.581,0.270,0.149
79400,0.585,0.271,0.144
79500,0.572,0.271,0.157
79600,0.570,0.272,0.158
79700,0.586,0.270,0.144
79800,0.589,0.270,0.141
79900,0.597,0.266,0.138
80000,0.599,0.261,0.140
80100,0.596,0.264,0.141
80200,0.600,0.265,0.136
80300,0.599,0.263,0.139
80400,0.603,0.260,0.137
80500,0.607,0.258,0.135
80600,0.612,0.255,0.133
80700,0.610,0.253,0.137
80800,0.611,0.251,0.138
80900,0.614,0.250,0.136
81000,0.613,0.251,0.136
81100,0.615,0.248,0.137
81200,0.616,0.245,0.139
81300,0.612,0.243,0.145
81400,0.612,0.245,0.143
81500,0.617,0.241,0.142
81600,0.626,0.237,0.137
81700,0.631,0.235,0.134
81800,0.640,0.234,0.126
81900,0.642,0.232,0.126
82000,0.637,0.230,0.133
82100,0.635,0.231,0.134
82200,0.633,0.229,0.138
82300,0.633,0.229,0.138
82400,0.632,0.225,0.143
82500,0.633,0.223,0.144
82600,0.637,0.221,0.142
82700,0.641,0.220,0.139
82800,0.639,0.225,0.136
82900,0.638,0.223,0.139
83000,0.652,0.221,0.128
83100,0.650,0.223,0.128
83200,0.654,0.225,0.122
83300,0.655,0.224,0.122
83400,0.652,0.223,0.126
83500,0.652,0.222,0.127
83600,0.652,0.227,0.122
83700,0.652,0.225,0.124
83800,0.656,0.222,0.123
83900,0.651,0.223,0.127
84000,0.655,0.223,0.123
84100,0.654,0.222,0.125
84200,0.655,0.222,0.124
84300,0.654,0.222,0.125
84400,0.658,0.222,0.121
84500,0.661,0.222,0.117
84600,0.661,0.220,0.120
84700,0.662,0.219,0.120
84800,0.649,0.224,0.128
84900,0.657,0.221,0.123
85000,0.662,0.220,0.118
85100,0.663,0.218,0.120
85200,0.667,0.217,0.116
85300,0.667,0.215,0.118
85400,0.667,0.212,0.121
85500,0.668,0.210,0.122
85600,0.669,0.210,0.121
85700,0.666,0.211,0.123
85800,0.669,0.208,0.123
85900,0.674,0.207,0.118
86000,0.672,0.205,0.123
86100,0.675,0.202,0.123
86200,0.679,0.200,0.121
86300,0.681,0.199,0.120
86400,0.686,0.197,0.116
86500,0.687,0.197,0.115
86600,0.688,0.198,0.113
86700,0.689,0.196,0.114
86800,0.688,0.195,0.116
86900,0.691,0.195,0.114
87000,0.693,0.195,0.112
87100,0.695,0.193,0.112
87200,0.688,0.197,0.114
87300,0.688,0.197,0.114
87400,0.685,0.202,0.112
87500,0.683,0.202,0.114
87600,0.682,0.198,0.120
87700,0.680,0.197,0.123
87800,0.681,0.198,0.121
87900,0.682,0.198,0.120
88000,0.679,0.196,0.125
88100,0.677,0.195,0.128
88200,0.680,0.195,0.125
88300,0.684,0.193,0.123
88400,0.686,0.195,0.118
88500,0.683,0.193,0.124
88600,0.686,0.192,0.122
88700,0.688,0.191,0.121
88800,0.687,0.188,0.125
88900,0.688,0.186,0.126
89000,0.688,0.189,0.123
89100,0.686,0.189,0.125
89200,0.693,0.187,0.121
89300,0.694,0.187,0.120
89400,0.694,0.186,0.121
89500,0.698,0.186,0.116
89600,0.698,0.185,0.117
89700,0.701,0.185,0.114
89800,0.700,0.185,0.115
89900,0.706,0.184,0.110
90000,0.708,0.184,0.108
90100,0.707,0.182,0.111
90200,0.707,0.183,0.110
90300,0.707,0.182,0.111
90400,0.709,0.182,0.109
90500,0.713,0.180,0.107
90600,0.711,0.180,0.109
90700,0.709,0.178,0.113
90800,0.708,0.178,0.114
90900,0.709,0.179,0.112
91000,0.711,0.177,0.112
91100,0.712,0.175,0.113
91200,0.712,0.174,0.114
91300,0.712,0.174,0.114
91400,0.716,0.174,0.110
91500,0.716,0.173,0.111
91600,0.717,0.173,0.110
91700,0.718,0.171,0.111
91800,0.719,0.171,0.110
91900,0.721,0.172,0.107
92000,0.719,0.171,0.110
92100,0.719,0.172,0.109
92200,0.718,0.172,0.110
92300,0.711,0.170,0.120
92400,0.714,0.170,0.116
92500,0.714,0.171,0.115
92600,0.715,0.172,0.113
92700,0.716,0.170,0.114
92800,0.716,0.170,0.114
92900,0.716,0.170,0.114
93000,0.719,0.168,0.113
93100,0.720,0.166,0.113
93200,0.719,0.165,0.115
93300,0.723,0.165,0.111
93400,0.725,0.165,0.109
93500,0.724,0.166,0.109
93600,0.724,0.164,0.111
93700,0.713,0.164,0.123
93800,0.714,0.166,0.120
93900,0.717,0.168,0.115
94000,0.716,0.166,0.117
94100,0.718,0.164,0.117
94200,0.722,0.164,0.113
94300,0.723,0.164,0.112
94400,0.724,0.164,0.111
94500,0.726,0.164,0.109
94600,0.727,0.162,0.110
94700,0.724,0.164,0.111
94800,0.725,0.163,0.111
94900,0.725,0.162,0.112
95000,0.728,0.163,0.108
95100,0.728,0.164,0.107
95200,0.726,0.165,0.108
95300,0.729,0.165,0.105
95400,0.730,0.169,0.101
95500,0.730,0.166,0.103
95600,0.735,0.162,0.102
95700,0.734,0.159,0.106
95800,0.735,0.161,0.103
95900,0.737,0.159,0.103
96000,0.736,0.158,0.105
96100,0.736,0.160,0.103
96200,0.739,0.161,0.100
96300,0.737,0.163,0.099
96400,0.740,0.168,0.093
96500,0.734,0.171,0.095
96600,0.734,0.169,0.097
96700,0.734,0.162,0.103
96800,0.739,0.161,0.100
96900,0.741,0.160,0.099
97000,0.742,0.158,0.100
97100,0.745,0.158,0.097
97200,0.746,0.157,0.097
97300,0.746,0.157,0.097
97400,0.747,0.157,0.096
97500,0.747,0.157,0.096
97600,0.747,0.156,0.097
97700,0.746,0.157,0.097
97800,0.747,0.157,0.096
97900,0.742,0.157,0.101
98000,0.744,0.156,0.100
98100,0.747,0.156,0.097
98200,0.748,0.154,0.098
98300,0.750,0.152,0.098
98400,0.753,0.151,0.096
98500,0.744,0.151,0.105
98600,0.745,0.149,0.106
98700,0.746,0.147,0.107
98800,0.748,0.147,0.105
98900,0.749,0.147,0.104
99000,0.742,0.152,0.106
99100,0.739,0.150,0.111
99200,0.752,0.148,0.100
99300,0.755,0.144,0.101
99400,0.758,0.144,0.098
99500,0.754,0.147,0.099
99600,0.754,0.145,0.101
99700,0.759,0.143,0.098
99800,0.757,0.149,0.094
99900,0.756,0.148,0.096
100000,0.756,0.148,0.096
