time,n_A+p,n_B,n_AB
500,0.050,0.435,0.515
1000,0.050,0.380,0.570
1500,0.050,0.239,0.711
2000,0.051,0.230,0.719
2500,0.102,0.124,0.774
3000,0.524,0.004,0.472
3500,0.855,0.000,0.145
4000,0.878,0.000,0.122
4500,0.974,0.000,0.026
5000,0.956,0.000,0.044
5500,0.927,0.000,0.073
6000,0.990,0.000,0.010
6500,0.956,0.000,0.044
7000,0.994,0.000,0.006
7500,1.000,0.000,0.000
