time,n_A+p,n_B,n_AB
500,0.030,0.948,0.022
1000,0.030,0.929,0.040
1500,0.030,0.908,0.062
2000,0.030,0.875,0.095
2500,0.030,0.860,0.110
3000,0.030,0.841,0.129
3500,0.030,0.805,0.165
4000,0.030,0.767,0.203
4500,0.030,0.810,0.159
5000,0.030,0.775,0.195
5500,0.030,0.787,0.183
6000,0.030,0.787,0.182
6500,0.030,0.794,0.175
7000,0.030,0.729,0.241
7500,0.030,0.695,0.275
8000,0.030,0.754,0.216
8500,0.030,0.759,0.211
9000,0.030,0.777,0.193
9500,0.030,0.762,0.208
10000,0.030,0.821,0.149
10500,0.030,0.822,0.148
11000,0.030,0.833,0.137
11500,0.030,0.853,0.117
12000,0.030,0.816,0.154
12500,0.030,0.792,0.178
13000,0.030,0.773,0.197
13500,0.030,0.796,0.174
14000,0.030,0.781,0.189
14500,0.030,0.759,0.211
15000,0.030,0.786,0.183
15500,0.030,0.774,0.196
16000,0.030,0.781,0.189
16500,0.030,0.778,0.192
17000,0.030,0.763,0.207
17500,0.030,0.773,0.197
18000,0.030,0.800,0.170
18500,0.030,0.806,0.163
19000,0.030,0.781,0.189
19500,0.030,0.805,0.165
20000,0.030,0.788,0.181
20500,0.030,0.765,0.205
21000,0.030,0.761,0.209
21500,0.030,0.773,0.197
22000,0.030,0.790,0.180
22500,0.030,0.799,0.171
23000,0.030,0.785,0.184
23500,0.030,0.784,0.186
24000,0.030,0.794,0.176
24500,0.030,0.786,0.184
25000,0.030,0.816,0.154
25500,0.030,0.795,0.174
26000,0.030,0.823,0.147
26500,0.030,0.806,0.163
27000,0.030,0.839,0.131
27500,0.030,0.834,0.136
28000,0.030,0.840,0.130
28500,0.030,0.838,0.132
29000,0.030,0.845,0.125
29500,0.030,0.838,0.132
30000,0.030,0.775,0.195
30500,0.030,0.795,0.174
31000,0.030,0.774,0.196
31500,0.030,0.742,0.228
32000,0.030,0.760,0.210
32500,0.030,0.780,0.190
33000,0.030,0.774,0.196
33500,0.030,0.777,0.193
34000,0.030,0.777,0.193
34500,0.030,0.786,0.184
35000,0.030,0.773,0.197
35500,0.030,0.786,0.183
36000,0.030,0.788,0.181
36500,0.030,0.801,0.169
37000,0.030,0.801,0.168
37500,0.030,0.780,0.190
38000,0.030,0.775,0.195
38500,0.030,0.749,0.221
39000,0.030,0.778,0.192
39500,0.030,0.786,0.184
40000,0.030,0.798,0.171
40500,0.030,0.801,0.169
41000,0.030,0.817,0.153
41500,0.030,0.796,0.174
42000,0.030,0.804,0.166
42500,0.030,0.809,0.160
43000,0.030,0.806,0.163
43500,0.030,0.799,0.171
44000,0.030,0.799,0.170
44500,0.030,0.828,0.142
45000,0.030,0.824,0.146
45500,0.030,0.811,0.159
46000,0.030,0.801,0.169
46500,0.030,0.827,0.143
47000,0.030,0.838,0.132
47500,0.030,0.784,0.186
48000,0.030,0.783,0.187
48500,0.030,0.785,0.184
49000,0.030,0.758,0.212
49500,0.030,0.669,0.300
50000,0.030,0.722,0.248
50500,0.030,0.739,0.231
51000,0.030,0.709,0.261
51500,0.030,0.742,0.228
52000,0.030,0.737,0.233
52500,0.030,0.762,0.208
53000,0.030,0.776,0.194
53500,0.030,0.766,0.204
54000,0.030,0.778,0.192
54500,0.030,0.764,0.206
55000,0.030,0.747,0.223
55500,0.030,0.747,0.223
56000,0.030,0.747,0.223
56500,0.030,0.769,0.201
57000,0.030,0.749,0.221
57500,0.030,0.795,0.175
58000,0.030,0.780,0.190
58500,0.030,0.799,0.171
59000,0.030,0.822,0.148
59500,0.030,0.823,0.147
60000,0.030,0.807,0.163
60500,0.030,0.781,0.189
61000,0.030,0.783,0.186
61500,0.030,0.799,0.171
62000,0.030,0.790,0.180
62500,0.030,0.759,0.211
63000,0.030,0.762,0.208
63500,0.030,0.775,0.195
64000,0.030,0.796,0.173
64500,0.030,0.771,0.199
65000,0.030,0.754,0.216
65500,0.030,0.765,0.205
66000,0.030,0.793,0.177
66500,0.030,0.789,0.180
67000,0.030,0.774,0.196
67500,0.030,0.806,0.164
68000,0.030,0.792,0.177
68500,0.030,0.798,0.172
69000,0.030,0.797,0.172
69500,0.030,0.790,0.179
70000,0.030,0.795,0.174
70500,0.030,0.791,0.178
71000,0.030,0.775,0.195
71500,0.030,0.782,0.188
72000,0.030,0.772,0.198
72500,0.030,0.768,0.202
73000,0.030,0.788,0.182
73500,0.030,0.788,0.182
74000,0.030,0.800,0.169
74500,0.030,0.809,0.160
75000,0.030,0.790,0.180
75500,0.030,0.749,0.221
76000,0.030,0.739,0.231
76500,0.030,0.769,0.201
77000,0.030,0.777,0.193
77500,0.030,0.821,0.149
78000,0.030,0.819,0.151
78500,0.030,0.803,0.167
79000,0.030,0.786,0.184
79500,0.030,0.793,0.177
80000,0.030,0.801,0.168
80500,0.030,0.794,0.176
81000,0.030,0.774,0.196
81500,0.030,0.750,0.220
82000,0.030,0.696,0.274
82500,0.030,0.723,0.247
83000,0.030,0.743,0.227
83500,0.030,0.769,0.201
84000,0.030,0.757,0.213
84500,0.030,0.773,0.197
85000,0.030,0.801,0.169
85500,0.030,0.792,0.178
86000,0.030,0.789,0.181
86500,0.030,0.778,0.192
87000,0.030,0.794,0.175
87500,0.030,0.779,0.191
88000,0.030,0.764,0.206
88500,0.030,0.810,0.160
89000,0.030,0.772,0.198
89500,0.030,0.766,0.204
90000,0.030,0.787,0.182
90500,0.030,0.793,0.176
91000,0.030,0.814,0.156
91500,0.030,0.759,0.211
92000,0.030,0.752,0.218
92500,0.030,0.782,0.188
93000,0.030,0.783,0.186
93500,0.030,0.773,0.197
94000,0.030,0.723,0.247
94500,0.030,0.745,0.225
95000,0.030,0.746,0.224
95500,0.030,0.797,0.172
96000,0.030,0.814,0.156
96500,0.030,0.833,0.137
97000,0.030,0.800,0.169
97500,0.030,0.808,0.161
98000,0.030,0.814,0.156
98500,0.030,0.791,0.179
99000,0.030,0.785,0.184
99500,0.030,0.755,0.215
100000,0.030,0.758,0.212
100500,0.030,0.764,0.206
101000,0.030,0.755,0.215
101500,0.030,0.760,0.210
102000,0.030,0.753,0.217
102500,0.030,0.762,0.208
103000,0.030,0.775,0.195
103500,0.030,0.753,0.217
104000,0.030,0.772,0.198
104500,0.030,0.751,0.219
105000,0.030,0.792,0.178
105500,0.030,0.800,0.170
106000,0.030,0.772,0.198
106500,0.030,0.768,0.202
107000,0.030,0.792,0.178
107500,0.030,0.783,0.187
108000,0.030,0.811,0.158
108500,0.030,0.800,0.169
109000,0.030,0.794,0.176
109500,0.030,0.795,0.175
110000,0.030,0.808,0.161
110500,0.030,0.805,0.164
111000,0.030,0.839,0.131
111500,0.030,0.832,0.138
112000,0.030,0.798,0.172
112500,0.030,0.798,0.172
113000,0.030,0.797,0.172
113500,0.030,0.769,0.201
114000,0.030,0.777,0.193
114500,0.030,0.754,0.216
115000,0.030,0.757,0.213
115500,0.030,0.745,0.225
116000,0.030,0.754,0.216
116500,0.030,0.768,0.202
117000,0.030,0.759,0.211
117500,0.030,0.789,0.181
118000,0.030,0.801,0.168
118500,0.030,0.767,0.203
119000,0.030,0.772,0.198
119500,0.030,0.781,0.189
120000,0.030,0.767,0.203
120500,0.030,0.762,0.208
121000,0.030,0.735,0.235
121500,0.030,0.714,0.256
122000,0.030,0.733,0.237
122500,0.030,0.772,0.198
123000,0.030,0.740,0.230
123500,0.030,0.734,0.236
124000,0.030,0.720,0.250
124500,0.030,0.727,0.243
125000,0.030,0.736,0.234
125500,0.030,0.740,0.230
126000,0.030,0.749,0.221
126500,0.030,0.777,0.193
127000,0.030,0.781,0.189
127500,0.030,0.798,0.172
128000,0.030,0.802,0.168
128500,0.030,0.815,0.155
129000,0.030,0.812,0.158
129500,0.030,0.797,0.172
130000,0.030,0.773,0.197
130500,0.030,0.788,0.182
131000,0.030,0.783,0.186
131500,0.030,0.766,0.204
132000,0.030,0.785,0.184
132500,0.030,0.750,0.220
133000,0.030,0.738,0.232
133500,0.030,0.748,0.222
134000,0.030,0.774,0.196
134500,0.030,0.746,0.224
135000,0.030,0.748,0.222
135500,0.030,0.758,0.212
136000,0.030,0.764,0.206
136500,0.030,0.796,0.173
137000,0.030,0.793,0.177
137500,0.030,0.780,0.190
138000,0.030,0.758,0.212
138500,0.030,0.802,0.168
139000,0.030,0.805,0.165
139500,0.030,0.787,0.182
140000,0.030,0.801,0.169
140500,0.030,0.812,0.158
141000,0.030,0.792,0.178
141500,0.030,0.816,0.154
142000,0.030,0.795,0.175
142500,0.030,0.812,0.157
143000,0.030,0.783,0.187
143500,0.030,0.764,0.206
144000,0.030,0.779,0.191
144500,0.030,0.771,0.199
145000,0.030,0.780,0.190
145500,0.030,0.783,0.186
146000,0.030,0.809,0.161
146500,0.030,0.796,0.174
147000,0.030,0.760,0.210
147500,0.030,0.774,0.196
148000,0.030,0.768,0.202
148500,0.030,0.814,0.156
149000,0.030,0.758,0.212
149500,0.030,0.749,0.221
150000,0.030,0.749,0.221
150500,0.030,0.725,0.245
151000,0.030,0.723,0.247
151500,0.030,0.707,0.263
152000,0.030,0.752,0.218
152500,0.030,0.748,0.222
153000,0.030,0.769,0.201
153500,0.030,0.802,0.168
154000,0.030,0.798,0.171
154500,0.030,0.778,0.192
155000,0.030,0.747,0.223
155500,0.030,0.733,0.237
156000,0.030,0.743,0.227
156500,0.030,0.758,0.212
157000,0.030,0.787,0.183
157500,0.030,0.755,0.215
158000,0.030,0.773,0.197
158500,0.030,0.753,0.217
159000,0.030,0.796,0.173
159500,0.030,0.792,0.177
160000,0.030,0.767,0.203
160500,0.030,0.753,0.217
161000,0.030,0.750,0.220
161500,0.030,0.742,0.228
162000,0.030,0.772,0.198
162500,0.030,0.765,0.205
163000,0.030,0.755,0.215
163500,0.030,0.752,0.218
164000,0.030,0.753,0.217
164500,0.030,0.802,0.168
165000,0.030,0.830,0.140
165500,0.030,0.792,0.178
166000,0.030,0.812,0.158
166500,0.030,0.803,0.166
167000,0.030,0.785,0.184
167500,0.030,0.811,0.158
168000,0.030,0.781,0.189
168500,0.030,0.789,0.181
169000,0.030,0.784,0.185
169500,0.030,0.786,0.184
170000,0.030,0.795,0.174
170500,0.030,0.765,0.205
171000,0.030,0.737,0.233
171500,0.030,0.767,0.203
172000,0.030,0.786,0.184
172500,0.030,0.784,0.185
173000,0.030,0.790,0.179
173500,0.030,0.781,0.189
174000,0.030,0.812,0.157
174500,0.030,0.839,0.131
175000,0.030,0.792,0.177
175500,0.030,0.772,0.198
176000,0.030,0.774,0.196
176500,0.030,0.776,0.194
177000,0.030,0.784,0.186
177500,0.030,0.789,0.180
178000,0.030,0.807,0.162
178500,0.030,0.793,0.176
179000,0.030,0.784,0.186
179500,0.030,0.782,0.188
180000,0.030,0.774,0.196
180500,0.030,0.756,0.214
181000,0.030,0.743,0.227
181500,0.030,0.750,0.220
182000,0.030,0.772,0.198
182500,0.030,0.765,0.205
183000,0.030,0.746,0.224
183500,0.030,0.772,0.198
184000,0.030,0.793,0.176
184500,0.030,0.778,0.192
185000,0.030,0.783,0.187
185500,0.030,0.772,0.198
186000,0.030,0.736,0.234
186500,0.030,0.741,0.229
187000,0.030,0.774,0.196
187500,0.030,0.734,0.236
188000,0.030,0.775,0.195
188500,0.030,0.777,0.193
189000,0.030,0.749,0.221
189500,0.030,0.774,0.196
190000,0.030,0.776,0.194
190500,0.030,0.754,0.216
191000,0.030,0.766,0.204
191500,0.030,0.802,0.167
192000,0.030,0.804,0.166
192500,0.030,0.782,0.188
193000,0.030,0.761,0.209
193500,0.030,0.759,0.211
194000,0.030,0.771,0.199
194500,0.030,0.761,0.209
195000,0.030,0.758,0.212
195500,0.030,0.758,0.212
196000,0.030,0.766,0.204
196500,0.030,0.797,0.173
197000,0.030,0.786,0.183
197500,0.030,0.790,0.179
198000,0.030,0.794,0.175
198500,0.030,0.769,0.201
199000,0.030,0.778,0.192
199500,0.030,0.787,0.183
200000,0.030,0.791,0.178
200500,0.030,0.804,0.165
201000,0.030,0.791,0.178
201500,0.030,0.783,0.186
202000,0.030,0.750,0.220
202500,0.030,0.765,0.205
203000,0.030,0.796,0.173
203500,0.030,0.794,0.175
204000,0.030,0.766,0.204
204500,0.030,0.754,0.216
205000,0.030,0.795,0.175
205500,0.030,0.796,0.174
206000,0.030,0.813,0.157
206500,0.030,0.847,0.123
207000,0.030,0.831,0.139
207500,0.030,0.801,0.169
208000,0.030,0.785,0.185
208500,0.030,0.754,0.216
209000,0.030,0.756,0.214
209500,0.030,0.784,0.185
210000,0.030,0.825,0.145
210500,0.030,0.827,0.143
211000,0.030,0.808,0.162
211500,0.030,0.797,0.172
212000,0.030,0.798,0.171
212500,0.030,0.810,0.160
213000,0.030,0.793,0.176
213500,0.030,0.792,0.177
214000,0.030,0.792,0.178
214500,0.030,0.796,0.174
215000,0.030,0.797,0.173
215500,0.030,0.804,0.165
216000,0.030,0.790,0.179
216500,0.030,0.784,0.185
217000,0.030,0.762,0.208
217500,0.030,0.766,0.204
218000,0.030,0.751,0.219
218500,0.030,0.768,0.202
219000,0.030,0.785,0.184
219500,0.030,0.788,0.181
220000,0.030,0.768,0.202
220500,0.030,0.763,0.207
221000,0.030,0.740,0.230
221500,0.030,0.762,0.208
222000,0.030,0.786,0.183
222500,0.030,0.803,0.166
223000,0.030,0.788,0.181
223500,0.030,0.773,0.197
224000,0.030,0.784,0.185
224500,0.030,0.785,0.184
225000,0.030,0.784,0.185
225500,0.030,0.783,0.187
226000,0.030,0.777,0.193
226500,0.030,0.730,0.240
227000,0.030,0.743,0.227
227500,0.030,0.774,0.196
228000,0.030,0.767,0.203
228500,0.030,0.768,0.202
229000,0.030,0.776,0.194
229500,0.030,0.733,0.237
230000,0.030,0.697,0.273
230500,0.030,0.758,0.212
231000,0.030,0.738,0.232
231500,0.030,0.738,0.232
232000,0.030,0.732,0.238
232500,0.030,0.763,0.207
233000,0.030,0.801,0.168
233500,0.030,0.777,0.193
234000,0.030,0.776,0.194
234500,0.030,0.768,0.202
235000,0.030,0.748,0.222
235500,0.030,0.734,0.236
236000,0.030,0.734,0.236
236500,0.030,0.718,0.252
237000,0.030,0.736,0.234
237500,0.030,0.748,0.222
238000,0.030,0.744,0.226
238500,0.030,0.761,0.209
239000,0.030,0.763,0.207
239500,0.030,0.741,0.229
240000,0.030,0.735,0.235
240500,0.030,0.739,0.231
241000,0.030,0.741,0.229
241500,0.030,0.788,0.182
242000,0.030,0.767,0.203
242500,0.030,0.750,0.220
243000,0.030,0.781,0.189
243500,0.030,0.771,0.199
244000,0.030,0.793,0.177
244500,0.030,0.783,0.187
245000,0.030,0.805,0.165
245500,0.030,0.777,0.193
246000,0.030,0.770,0.200
246500,0.030,0.757,0.213
247000,0.030,0.790,0.179
247500,0.030,0.788,0.182
248000,0.030,0.754,0.216
248500,0.030,0.747,0.223
249000,0.030,0.739,0.231
249500,0.030,0.755,0.215
250000,0.030,0.722,0.248
250500,0.030,0.712,0.258
251000,0.030,0.739,0.231
251500,0.030,0.753,0.217
252000,0.030,0.748,0.222
252500,0.030,0.744,0.226
253000,0.030,0.734,0.236
253500,0.030,0.730,0.240
254000,0.030,0.766,0.204
254500,0.030,0.789,0.180
255000,0.030,0.748,0.222
255500,0.030,0.725,0.245
256000,0.030,0.748,0.222
256500,0.030,0.747,0.223
257000,0.030,0.775,0.195
257500,0.030,0.788,0.181
258000,0.030,0.747,0.223
258500,0.030,0.766,0.204
259000,0.030,0.757,0.213
259500,0.030,0.784,0.185
260000,0.030,0.761,0.209
260500,0.030,0.770,0.200
261000,0.030,0.766,0.204
261500,0.030,0.749,0.221
262000,0.030,0.752,0.218
262500,0.030,0.744,0.226
263000,0.030,0.790,0.179
263500,0.030,0.751,0.219
264000,0.030,0.753,0.217
264500,0.030,0.771,0.199
265000,0.030,0.766,0.204
265500,0.030,0.737,0.233
266000,0.030,0.754,0.216
266500,0.030,0.752,0.218
267000,0.030,0.750,0.220
267500,0.030,0.761,0.209
268000,0.030,0.762,0.208
268500,0.030,0.778,0.192
269000,0.030,0.743,0.227
269500,0.030,0.738,0.232
270000,0.030,0.709,0.261
270500,0.030,0.703,0.267
271000,0.030,0.701,0.269
271500,0.030,0.663,0.306
272000,0.030,0.650,0.320
272500,0.030,0.672,0.297
273000,0.030,0.696,0.274
273500,0.030,0.710,0.260
274000,0.030,0.717,0.253
274500,0.030,0.720,0.250
275000,0.030,0.738,0.232
275500,0.030,0.762,0.208
276000,0.030,0.733,0.237
276500,0.030,0.736,0.234
277000,0.030,0.731,0.239
277500,0.030,0.719,0.251
278000,0.030,0.699,0.271
278500,0.030,0.757,0.213
279000,0.030,0.783,0.186
279500,0.030,0.780,0.190
280000,0.030,0.783,0.187
280500,0.030,0.770,0.200
281000,0.030,0.783,0.186
281500,0.030,0.791,0.179
282000,0.030,0.762,0.208
282500,0.030,0.750,0.220
283000,0.030,0.738,0.232
283500,0.030,0.770,0.200
284000,0.030,0.798,0.172
284500,0.030,0.771,0.199
285000,0.030,0.771,0.199
285500,0.030,0.787,0.183
286000,0.030,0.768,0.202
286500,0.030,0.733,0.237
287000,0.030,0.761,0.209
287500,0.030,0.757,0.213
288000,0.030,0.767,0.203
288500,0.030,0.793,0.176
289000,0.030,0.798,0.171
289500,0.030,0.776,0.194
290000,0.030,0.805,0.165
290500,0.030,0.792,0.177
291000,0.030,0.778,0.192
291500,0.030,0.762,0.208
292000,0.030,0.806,0.164
292500,0.030,0.777,0.193
293000,0.030,0.775,0.195
293500,0.030,0.792,0.178
294000,0.030,0.798,0.172
294500,0.030,0.766,0.204
295000,0.030,0.787,0.182
295500,0.030,0.761,0.209
296000,0.030,0.780,0.190
296500,0.030,0.782,0.188
297000,0.030,0.791,0.178
297500,0.030,0.793,0.176
298000,0.030,0.769,0.201
298500,0.030,0.781,0.189
299000,0.030,0.807,0.163
299500,0.030,0.788,0.181
300000,0.030,0.794,0.176
300500,0.030,0.795,0.174
301000,0.030,0.784,0.185
301500,0.030,0.773,0.197
302000,0.030,0.742,0.228
302500,0.030,0.769,0.201
303000,0.030,0.785,0.185
303500,0.030,0.788,0.182
304000,0.030,0.808,0.162
304500,0.030,0.805,0.164
305000,0.030,0.805,0.165
305500,0.030,0.809,0.161
306000,0.030,0.775,0.195
306500,0.030,0.795,0.175
307000,0.030,0.768,0.202
307500,0.030,0.796,0.174
308000,0.030,0.795,0.175
308500,0.030,0.830,0.140
309000,0.030,0.786,0.183
309500,0.030,0.760,0.210
310000,0.030,0.730,0.240
310500,0.030,0.722,0.248
311000,0.030,0.735,0.235
311500,0.030,0.710,0.260
312000,0.030,0.724,0.246
312500,0.030,0.693,0.277
313000,0.030,0.728,0.242
313500,0.030,0.743,0.227
314000,0.030,0.752,0.218
314500,0.030,0.726,0.244
315000,0.030,0.745,0.225
315500,0.030,0.763,0.207
316000,0.030,0.776,0.194
316500,0.030,0.799,0.171
317000,0.030,0.766,0.204
317500,0.030,0.763,0.207
318000,0.030,0.785,0.185
318500,0.030,0.806,0.163
319000,0.030,0.770,0.200
319500,0.030,0.762,0.208
320000,0.030,0.779,0.191
320500,0.030,0.771,0.199
321000,0.030,0.815,0.155
321500,0.030,0.814,0.156
322000,0.030,0.814,0.156
322500,0.030,0.812,0.157
323000,0.030,0.810,0.159
323500,0.030,0.753,0.217
324000,0.030,0.749,0.221
324500,0.030,0.786,0.184
325000,0.030,0.772,0.198
325500,0.030,0.793,0.177
326000,0.030,0.817,0.153
326500,0.030,0.797,0.173
327000,0.030,0.782,0.188
327500,0.030,0.790,0.180
328000,0.030,0.809,0.161
328500,0.030,0.802,0.168
329000,0.030,0.789,0.180
329500,0.030,0.795,0.174
330000,0.030,0.777,0.193
330500,0.030,0.775,0.195
331000,0.030,0.770,0.200
331500,0.030,0.773,0.197
332000,0.030,0.768,0.202
332500,0.030,0.767,0.203
333000,0.030,0.787,0.183
333500,0.030,0.749,0.221
334000,0.030,0.755,0.215
334500,0.030,0.755,0.215
335000,0.030,0.753,0.217
335500,0.030,0.745,0.225
336000,0.030,0.759,0.211
336500,0.030,0.743,0.227
337000,0.030,0.759,0.211
337500,0.030,0.753,0.217
338000,0.030,0.725,0.245
338500,0.030,0.714,0.256
339000,0.030,0.734,0.236
339500,0.030,0.720,0.250
340000,0.030,0.739,0.231
340500,0.030,0.778,0.192
341000,0.030,0.792,0.178
341500,0.030,0.784,0.185
342000,0.030,0.771,0.199
342500,0.030,0.768,0.202
343000,0.030,0.786,0.184
343500,0.030,0.761,0.209
344000,0.030,0.783,0.187
344500,0.030,0.784,0.186
345000,0.030,0.767,0.203
345500,0.030,0.766,0.204
346000,0.030,0.784,0.185
346500,0.030,0.824,0.146
347000,0.030,0.774,0.196
347500,0.030,0.757,0.213
348000,0.030,0.729,0.241
348500,0.030,0.728,0.242
349000,0.030,0.735,0.235
349500,0.030,0.757,0.213
350000,0.030,0.733,0.237
350500,0.030,0.718,0.252
351000,0.030,0.746,0.224
351500,0.030,0.738,0.232
352000,0.030,0.722,0.248
352500,0.030,0.739,0.231
353000,0.030,0.748,0.222
353500,0.030,0.729,0.241
354000,0.030,0.721,0.249
354500,0.030,0.763,0.207
355000,0.030,0.745,0.225
355500,0.030,0.761,0.209
356000,0.030,0.732,0.238
356500,0.030,0.723,0.247
357000,0.030,0.727,0.243
357500,0.030,0.761,0.209
358000,0.030,0.759,0.211
358500,0.030,0.750,0.220
359000,0.030,0.747,0.223
359500,0.030,0.739,0.231
360000,0.030,0.777,0.193
360500,0.030,0.756,0.214
361000,0.030,0.796,0.173
361500,0.030,0.762,0.208
362000,0.030,0.736,0.234
362500,0.030,0.740,0.230
363000,0.030,0.715,0.255
363500,0.030,0.720,0.250
364000,0.030,0.702,0.268
364500,0.034,0.688,0.279
365000,0.031,0.725,0.244
365500,0.030,0.730,0.240
366000,0.030,0.794,0.175
366500,0.030,0.779,0.191
367000,0.030,0.739,0.231
367500,0.030,0.746,0.224
368000,0.030,0.778,0.192
368500,0.030,0.787,0.182
369000,0.030,0.788,0.181
369500,0.030,0.771,0.199
370000,0.030,0.732,0.238
370500,0.030,0.741,0.229
371000,0.030,0.706,0.264
371500,0.030,0.710,0.260
372000,0.030,0.731,0.239
372500,0.030,0.760,0.210
373000,0.030,0.768,0.202
373500,0.030,0.725,0.245
374000,0.030,0.723,0.247
374500,0.030,0.746,0.224
375000,0.030,0.780,0.190
375500,0.030,0.764,0.206
376000,0.030,0.762,0.208
376500,0.030,0.778,0.192
377000,0.030,0.743,0.227
377500,0.030,0.752,0.218
378000,0.030,0.740,0.230
378500,0.030,0.753,0.217
379000,0.030,0.748,0.222
379500,0.030,0.788,0.182
380000,0.030,0.786,0.183
380500,0.030,0.781,0.189
381000,0.030,0.757,0.213
381500,0.030,0.724,0.246
382000,0.030,0.713,0.257
382500,0.030,0.695,0.275
383000,0.030,0.726,0.244
383500,0.030,0.751,0.219
384000,0.030,0.742,0.228
384500,0.030,0.775,0.195
385000,0.030,0.792,0.178
385500,0.030,0.757,0.213
386000,0.030,0.770,0.200
386500,0.030,0.777,0.193
387000,0.030,0.801,0.168
387500,0.030,0.787,0.182
388000,0.030,0.780,0.190
388500,0.030,0.756,0.214
389000,0.030,0.754,0.216
389500,0.030,0.760,0.210
390000,0.030,0.802,0.168
390500,0.030,0.784,0.186
391000,0.030,0.762,0.208
391500,0.030,0.771,0.199
392000,0.030,0.760,0.210
392500,0.030,0.770,0.200
393000,0.030,0.729,0.241
393500,0.030,0.778,0.192
394000,0.030,0.788,0.181
394500,0.030,0.758,0.212
395000,0.030,0.733,0.237
395500,0.030,0.755,0.215
396000,0.030,0.781,0.189
396500,0.030,0.798,0.171
397000,0.030,0.788,0.181
397500,0.030,0.776,0.194
398000,0.030,0.797,0.173
398500,0.030,0.764,0.206
399000,0.030,0.764,0.206
399500,0.030,0.751,0.219
400000,0.030,0.758,0.212
400500,0.030,0.787,0.182
401000,0.030,0.771,0.199
401500,0.030,0.775,0.195
402000,0.030,0.793,0.176
402500,0.030,0.788,0.181
403000,0.030,0.739,0.231
403500,0.030,0.766,0.204
404000,0.030,0.788,0.181
404500,0.030,0.762,0.208
405000,0.030,0.773,0.197
405500,0.030,0.780,0.190
406000,0.030,0.761,0.209
406500,0.030,0.779,0.191
407000,0.030,0.758,0.212
407500,0.030,0.712,0.258
408000,0.030,0.759,0.211
408500,0.030,0.765,0.205
409000,0.030,0.758,0.212
409500,0.030,0.739,0.231
410000,0.030,0.746,0.224
410500,0.030,0.741,0.229
411000,0.030,0.723,0.247
411500,0.030,0.720,0.250
412000,0.030,0.757,0.213
412500,0.030,0.771,0.199
413000,0.030,0.775,0.195
413500,0.030,0.783,0.186
414000,0.030,0.803,0.166
414500,0.030,0.738,0.232
415000,0.030,0.764,0.206
415500,0.030,0.734,0.236
416000,0.030,0.764,0.206
416500,0.030,0.771,0.199
417000,0.030,0.759,0.211
417500,0.030,0.750,0.220
418000,0.030,0.783,0.187
418500,0.030,0.787,0.182
419000,0.030,0.816,0.154
419500,0.030,0.789,0.181
420000,0.030,0.792,0.177
420500,0.030,0.774,0.196
421000,0.030,0.807,0.163
421500,0.030,0.805,0.165
422000,0.030,0.814,0.156
422500,0.030,0.810,0.160
423000,0.030,0.799,0.171
423500,0.030,0.791,0.179
424000,0.030,0.811,0.159
424500,0.030,0.787,0.182
425000,0.030,0.768,0.202
425500,0.030,0.792,0.178
426000,0.030,0.773,0.197
426500,0.030,0.760,0.210
427000,0.030,0.746,0.224
427500,0.030,0.777,0.193
428000,0.030,0.786,0.183
428500,0.030,0.779,0.191
429000,0.030,0.759,0.211
429500,0.030,0.757,0.213
430000,0.030,0.801,0.168
430500,0.030,0.803,0.167
431000,0.030,0.815,0.155
431500,0.030,0.795,0.174
432000,0.030,0.793,0.176
432500,0.030,0.849,0.121
433000,0.030,0.825,0.145
433500,0.030,0.814,0.156
434000,0.030,0.783,0.186
434500,0.030,0.812,0.158
435000,0.030,0.820,0.150
435500,0.030,0.822,0.148
436000,0.030,0.827,0.143
436500,0.030,0.808,0.162
437000,0.030,0.809,0.160
437500,0.030,0.778,0.192
438000,0.030,0.781,0.189
438500,0.030,0.796,0.173
439000,0.030,0.789,0.181
439500,0.030,0.786,0.184
440000,0.030,0.794,0.175
440500,0.030,0.795,0.175
441000,0.030,0.774,0.196
441500,0.030,0.782,0.188
442000,0.032,0.756,0.212
442500,0.030,0.758,0.212
443000,0.030,0.757,0.213
443500,0.030,0.732,0.238
444000,0.030,0.752,0.218
444500,0.030,0.751,0.219
445000,0.030,0.742,0.228
445500,0.030,0.759,0.211
446000,0.030,0.741,0.229
446500,0.030,0.756,0.214
447000,0.030,0.789,0.180
447500,0.030,0.774,0.196
448000,0.030,0.775,0.195
448500,0.030,0.765,0.205
449000,0.030,0.750,0.220
449500,0.030,0.734,0.236
450000,0.030,0.762,0.208
450500,0.030,0.763,0.207
451000,0.030,0.753,0.217
451500,0.030,0.747,0.223
452000,0.030,0.734,0.236
452500,0.030,0.696,0.274
453000,0.030,0.721,0.249
453500,0.030,0.731,0.239
454000,0.030,0.710,0.260
454500,0.030,0.707,0.263
455000,0.030,0.732,0.238
455500,0.030,0.720,0.250
456000,0.030,0.713,0.257
456500,0.030,0.749,0.221
457000,0.030,0.760,0.210
457500,0.030,0.739,0.231
458000,0.030,0.753,0.217
458500,0.030,0.732,0.238
459000,0.030,0.706,0.264
459500,0.030,0.719,0.251
460000,0.030,0.702,0.268
460500,0.030,0.684,0.286
461000,0.030,0.712,0.258
461500,0.030,0.739,0.231
462000,0.030,0.747,0.223
462500,0.030,0.765,0.205
463000,0.030,0.758,0.212
463500,0.030,0.769,0.201
464000,0.030,0.745,0.225
464500,0.030,0.765,0.205
465000,0.030,0.741,0.229
465500,0.030,0.759,0.211
466000,0.030,0.762,0.208
466500,0.030,0.749,0.221
467000,0.030,0.738,0.232
467500,0.030,0.733,0.237
468000,0.030,0.744,0.226
468500,0.030,0.751,0.219
469000,0.030,0.722,0.248
469500,0.030,0.702,0.268
470000,0.030,0.724,0.246
470500,0.030,0.733,0.237
471000,0.030,0.733,0.237
471500,0.030,0.712,0.258
472000,0.030,0.787,0.182
472500,0.030,0.736,0.234
473000,0.030,0.745,0.225
473500,0.030,0.764,0.206
474000,0.030,0.752,0.218
474500,0.030,0.733,0.237
475000,0.030,0.730,0.240
475500,0.030,0.755,0.215
476000,0.030,0.779,0.191
476500,0.030,0.735,0.235
477000,0.030,0.768,0.202
477500,0.030,0.769,0.201
478000,0.030,0.767,0.203
478500,0.030,0.714,0.256
479000,0.030,0.715,0.255
479500,0.030,0.767,0.203
480000,0.030,0.751,0.219
480500,0.030,0.777,0.193
481000,0.030,0.786,0.184
481500,0.030,0.792,0.178
482000,0.030,0.798,0.171
482500,0.030,0.768,0.202
483000,0.030,0.781,0.189
483500,0.030,0.792,0.177
484000,0.030,0.794,0.175
484500,0.030,0.783,0.186
485000,0.030,0.773,0.197
485500,0.030,0.754,0.216
486000,0.030,0.748,0.222
486500,0.030,0.764,0.206
487000,0.030,0.793,0.177
487500,0.030,0.779,0.191
488000,0.030,0.779,0.191
488500,0.030,0.759,0.211
489000,0.030,0.783,0.186
489500,0.030,0.759,0.211
490000,0.030,0.770,0.200
490500,0.030,0.796,0.174
491000,0.030,0.765,0.205
491500,0.030,0.776,0.194
492000,0.030,0.747,0.223
492500,0.030,0.731,0.239
493000,0.030,0.725,0.245
493500,0.030,0.727,0.243
494000,0.030,0.727,0.243
494500,0.030,0.768,0.202
495000,0.030,0.779,0.191
495500,0.030,0.762,0.208
496000,0.030,0.780,0.190
496500,0.030,0.775,0.195
497000,0.030,0.776,0.194
497500,0.030,0.756,0.214
498000,0.030,0.767,0.203
498500,0.030,0.752,0.218
499000,0.030,0.743,0.227
499500,0.030,0.778,0.192
500000,0.030,0.804,0.165
500500,0.030,0.819,0.151
501000,0.030,0.832,0.138
501500,0.030,0.834,0.136
502000,0.030,0.832,0.138
502500,0.030,0.850,0.120
503000,0.030,0.841,0.129
503500,0.030,0.802,0.167
504000,0.030,0.794,0.176
504500,0.030,0.796,0.173
505000,0.030,0.763,0.207
505500,0.030,0.764,0.206
506000,0.030,0.737,0.233
506500,0.030,0.777,0.193
507000,0.030,0.803,0.167
507500,0.030,0.755,0.215
508000,0.030,0.750,0.220
508500,0.030,0.764,0.206
509000,0.030,0.760,0.210
509500,0.030,0.773,0.197
510000,0.030,0.775,0.195
510500,0.030,0.756,0.214
511000,0.030,0.748,0.222
511500,0.030,0.685,0.284
512000,0.030,0.676,0.294
512500,0.030,0.690,0.280
513000,0.030,0.647,0.323
513500,0.030,0.707,0.263
514000,0.030,0.743,0.227
514500,0.030,0.759,0.211
515000,0.030,0.747,0.223
515500,0.030,0.771,0.199
516000,0.030,0.738,0.232
516500,0.030,0.761,0.209
517000,0.030,0.741,0.229
517500,0.030,0.741,0.229
518000,0.030,0.703,0.267
518500,0.030,0.726,0.244
519000,0.030,0.753,0.217
519500,0.030,0.757,0.213
520000,0.030,0.760,0.210
520500,0.030,0.789,0.180
521000,0.030,0.788,0.182
521500,0.030,0.796,0.173
522000,0.030,0.768,0.202
522500,0.030,0.749,0.221
523000,0.030,0.758,0.212
523500,0.030,0.756,0.214
524000,0.030,0.728,0.242
524500,0.030,0.753,0.217
525000,0.030,0.769,0.201
525500,0.030,0.795,0.174
526000,0.030,0.828,0.142
526500,0.030,0.835,0.135
527000,0.030,0.829,0.141
527500,0.030,0.807,0.163
528000,0.030,0.790,0.180
528500,0.030,0.775,0.195
529000,0.030,0.791,0.178
529500,0.030,0.770,0.200
530000,0.030,0.786,0.184
530500,0.030,0.811,0.158
531000,0.030,0.799,0.170
531500,0.030,0.785,0.184
532000,0.030,0.748,0.222
532500,0.030,0.744,0.226
533000,0.030,0.752,0.218
533500,0.030,0.747,0.223
534000,0.030,0.762,0.208
534500,0.030,0.773,0.197
535000,0.030,0.773,0.197
535500,0.030,0.797,0.173
536000,0.030,0.790,0.180
536500,0.030,0.801,0.168
537000,0.030,0.783,0.187
537500,0.030,0.793,0.177
538000,0.030,0.810,0.160
538500,0.030,0.795,0.175
539000,0.030,0.813,0.157
539500,0.030,0.794,0.176
540000,0.030,0.800,0.169
540500,0.030,0.814,0.156
541000,0.030,0.821,0.149
541500,0.030,0.821,0.149
542000,0.030,0.803,0.166
542500,0.030,0.798,0.171
543000,0.030,0.795,0.174
543500,0.030,0.811,0.158
544000,0.030,0.798,0.172
544500,0.030,0.783,0.186
545000,0.030,0.789,0.180
545500,0.030,0.769,0.201
546000,0.030,0.773,0.197
546500,0.030,0.751,0.219
547000,0.030,0.756,0.214
547500,0.030,0.785,0.185
548000,0.030,0.786,0.184
548500,0.030,0.813,0.157
549000,0.030,0.792,0.178
549500,0.030,0.778,0.192
550000,0.030,0.790,0.179
550500,0.030,0.761,0.209
551000,0.030,0.759,0.211
551500,0.030,0.781,0.189
552000,0.030,0.792,0.177
552500,0.030,0.784,0.186
553000,0.030,0.808,0.161
553500,0.030,0.844,0.126
554000,0.030,0.829,0.141
554500,0.030,0.782,0.188
555000,0.030,0.800,0.170
555500,0.030,0.803,0.166
556000,0.030,0.778,0.192
556500,0.030,0.706,0.264
557000,0.030,0.765,0.205
557500,0.030,0.754,0.216
558000,0.030,0.755,0.215
558500,0.030,0.793,0.177
559000,0.030,0.779,0.191
559500,0.030,0.749,0.221
560000,0.030,0.748,0.222
560500,0.030,0.777,0.193
561000,0.030,0.764,0.206
561500,0.030,0.739,0.231
562000,0.030,0.746,0.224
562500,0.030,0.748,0.222
563000,0.030,0.744,0.226
563500,0.030,0.715,0.255
564000,0.030,0.728,0.242
564500,0.031,0.754,0.215
565000,0.030,0.744,0.226
565500,0.030,0.769,0.201
566000,0.030,0.790,0.180
566500,0.030,0.779,0.191
567000,0.030,0.760,0.210
567500,0.030,0.804,0.165
568000,0.030,0.816,0.154
568500,0.030,0.795,0.175
569000,0.030,0.800,0.170
569500,0.030,0.804,0.165
570000,0.030,0.782,0.188
570500,0.030,0.798,0.171
571000,0.030,0.805,0.164
571500,0.030,0.829,0.141
572000,0.030,0.789,0.180
572500,0.030,0.756,0.214
573000,0.030,0.754,0.216
573500,0.030,0.766,0.204
574000,0.030,0.801,0.168
574500,0.030,0.768,0.202
575000,0.030,0.777,0.193
575500,0.030,0.775,0.195
576000,0.030,0.769,0.201
576500,0.030,0.752,0.218
577000,0.030,0.729,0.241
577500,0.030,0.722,0.248
578000,0.030,0.751,0.219
578500,0.030,0.762,0.208
579000,0.030,0.788,0.181
579500,0.030,0.776,0.194
580000,0.030,0.769,0.201
580500,0.030,0.767,0.203
581000,0.030,0.792,0.177
581500,0.030,0.769,0.201
582000,0.030,0.781,0.189
582500,0.030,0.810,0.160
583000,0.030,0.784,0.185
583500,0.030,0.772,0.198
584000,0.030,0.735,0.235
584500,0.030,0.746,0.224
585000,0.030,0.737,0.233
585500,0.030,0.757,0.213
586000,0.030,0.765,0.205
586500,0.030,0.769,0.201
587000,0.030,0.750,0.220
587500,0.030,0.770,0.200
588000,0.030,0.761,0.209
588500,0.030,0.787,0.182
589000,0.030,0.795,0.175
589500,0.030,0.778,0.192
590000,0.030,0.761,0.209
590500,0.030,0.765,0.205
591000,0.030,0.794,0.175
591500,0.030,0.790,0.180
592000,0.030,0.773,0.197
592500,0.030,0.755,0.215
593000,0.030,0.784,0.185
593500,0.030,0.778,0.192
594000,0.030,0.779,0.191
594500,0.030,0.753,0.217
595000,0.030,0.747,0.223
595500,0.030,0.764,0.206
596000,0.030,0.782,0.188
596500,0.030,0.745,0.225
597000,0.030,0.746,0.224
597500,0.030,0.749,0.221
598000,0.030,0.737,0.233
598500,0.030,0.791,0.179
599000,0.030,0.802,0.167
599500,0.030,0.803,0.166
600000,0.030,0.804,0.165
600500,0.030,0.809,0.161
601000,0.030,0.784,0.185
601500,0.030,0.768,0.202
602000,0.030,0.765,0.205
602500,0.032,0.739,0.230
603000,0.030,0.738,0.232
603500,0.030,0.740,0.230
604000,0.030,0.716,0.254
604500,0.030,0.723,0.247
605000,0.030,0.748,0.222
605500,0.030,0.764,0.206
606000,0.030,0.757,0.213
606500,0.030,0.772,0.198
607000,0.030,0.780,0.190
607500,0.030,0.768,0.202
608000,0.030,0.765,0.205
608500,0.030,0.747,0.223
609000,0.030,0.768,0.202
609500,0.030,0.767,0.203
610000,0.030,0.763,0.207
610500,0.030,0.760,0.210
611000,0.030,0.764,0.206
611500,0.030,0.761,0.209
612000,0.030,0.769,0.201
612500,0.030,0.748,0.222
613000,0.030,0.758,0.212
613500,0.030,0.735,0.235
614000,0.030,0.764,0.206
614500,0.030,0.795,0.175
615000,0.030,0.802,0.167
615500,0.030,0.825,0.145
616000,0.030,0.828,0.142
616500,0.030,0.803,0.166
617000,0.030,0.788,0.182
617500,0.030,0.804,0.165
618000,0.030,0.787,0.182
618500,0.030,0.787,0.182
619000,0.030,0.784,0.185
619500,0.030,0.760,0.210
620000,0.030,0.764,0.206
620500,0.030,0.757,0.213
621000,0.030,0.782,0.188
621500,0.030,0.790,0.179
622000,0.030,0.814,0.156
622500,0.030,0.788,0.181
623000,0.030,0.785,0.184
623500,0.030,0.752,0.218
624000,0.030,0.756,0.214
624500,0.030,0.736,0.234
625000,0.030,0.674,0.296
625500,0.030,0.719,0.251
626000,0.030,0.730,0.240
626500,0.030,0.748,0.222
627000,0.030,0.706,0.264
627500,0.030,0.686,0.284
628000,0.030,0.720,0.250
628500,0.030,0.759,0.211
629000,0.030,0.783,0.187
629500,0.030,0.752,0.218
630000,0.030,0.746,0.224
630500,0.030,0.763,0.207
631000,0.030,0.766,0.204
631500,0.030,0.770,0.200
632000,0.030,0.788,0.182
632500,0.030,0.774,0.196
633000,0.030,0.801,0.169
633500,0.030,0.818,0.152
634000,0.030,0.819,0.151
634500,0.030,0.802,0.167
635000,0.030,0.798,0.172
635500,0.030,0.778,0.192
636000,0.030,0.774,0.196
636500,0.030,0.742,0.228
637000,0.030,0.708,0.262
637500,0.030,0.721,0.249
638000,0.030,0.725,0.245
638500,0.030,0.785,0.184
639000,0.030,0.787,0.183
639500,0.030,0.784,0.185
640000,0.030,0.805,0.164
640500,0.030,0.799,0.171
641000,0.030,0.780,0.190
641500,0.030,0.787,0.182
642000,0.030,0.765,0.205
642500,0.030,0.782,0.188
643000,0.030,0.772,0.198
643500,0.030,0.775,0.195
644000,0.030,0.772,0.198
644500,0.030,0.795,0.175
645000,0.030,0.776,0.194
645500,0.030,0.734,0.236
646000,0.030,0.759,0.211
646500,0.030,0.755,0.215
647000,0.030,0.752,0.218
647500,0.030,0.757,0.213
648000,0.030,0.761,0.209
648500,0.030,0.762,0.208
649000,0.030,0.736,0.234
649500,0.030,0.778,0.192
650000,0.030,0.771,0.199
650500,0.030,0.782,0.188
651000,0.030,0.761,0.209
651500,0.030,0.780,0.190
652000,0.030,0.755,0.215
652500,0.030,0.776,0.194
653000,0.030,0.802,0.167
653500,0.030,0.784,0.185
654000,0.030,0.801,0.168
654500,0.030,0.772,0.198
655000,0.030,0.776,0.194
655500,0.030,0.790,0.180
656000,0.030,0.773,0.197
656500,0.030,0.770,0.200
657000,0.030,0.775,0.195
657500,0.033,0.795,0.171
658000,0.031,0.801,0.167
658500,0.030,0.797,0.172
659000,0.030,0.801,0.168
659500,0.030,0.789,0.180
660000,0.030,0.779,0.191
660500,0.030,0.794,0.176
661000,0.030,0.781,0.189
661500,0.030,0.770,0.200
662000,0.030,0.768,0.202
662500,0.030,0.772,0.198
663000,0.030,0.763,0.207
663500,0.030,0.723,0.247
664000,0.030,0.728,0.242
664500,0.030,0.716,0.254
665000,0.030,0.760,0.210
665500,0.030,0.738,0.232
666000,0.030,0.722,0.248
666500,0.030,0.695,0.275
667000,0.030,0.716,0.254
667500,0.030,0.756,0.214
668000,0.030,0.755,0.215
668500,0.030,0.761,0.209
669000,0.030,0.773,0.197
669500,0.030,0.766,0.204
670000,0.030,0.743,0.227
670500,0.030,0.739,0.231
671000,0.030,0.786,0.184
671500,0.030,0.792,0.177
672000,0.030,0.797,0.172
672500,0.030,0.817,0.153
673000,0.030,0.788,0.182
673500,0.030,0.805,0.164
674000,0.030,0.799,0.171
674500,0.030,0.810,0.159
675000,0.030,0.807,0.162
675500,0.030,0.730,0.240
676000,0.030,0.718,0.252
676500,0.030,0.750,0.220
677000,0.030,0.759,0.211
677500,0.030,0.776,0.194
678000,0.030,0.757,0.213
678500,0.030,0.779,0.191
679000,0.030,0.778,0.192
679500,0.030,0.779,0.191
680000,0.030,0.762,0.208
680500,0.030,0.788,0.181
681000,0.030,0.771,0.199
681500,0.030,0.806,0.164
682000,0.030,0.802,0.167
682500,0.030,0.799,0.170
683000,0.030,0.806,0.163
683500,0.030,0.804,0.166
684000,0.030,0.827,0.143
684500,0.030,0.836,0.134
685000,0.030,0.862,0.108
685500,0.030,0.859,0.111
686000,0.030,0.874,0.096
686500,0.030,0.869,0.101
687000,0.030,0.844,0.126
687500,0.030,0.817,0.153
688000,0.030,0.800,0.170
688500,0.030,0.826,0.144
689000,0.030,0.805,0.165
689500,0.030,0.815,0.155
690000,0.030,0.819,0.151
690500,0.030,0.805,0.165
691000,0.030,0.794,0.176
691500,0.030,0.829,0.141
692000,0.030,0.798,0.172
692500,0.030,0.792,0.177
693000,0.030,0.754,0.216
693500,0.030,0.732,0.238
694000,0.030,0.779,0.191
694500,0.030,0.794,0.175
695000,0.030,0.800,0.169
695500,0.030,0.806,0.163
696000,0.030,0.787,0.183
696500,0.030,0.757,0.213
697000,0.030,0.738,0.232
697500,0.030,0.769,0.201
698000,0.030,0.765,0.205
698500,0.030,0.768,0.202
699000,0.030,0.788,0.182
699500,0.033,0.752,0.215
700000,0.031,0.739,0.230
700500,0.030,0.718,0.252
701000,0.030,0.711,0.259
701500,0.030,0.715,0.255
702000,0.030,0.719,0.251
702500,0.030,0.738,0.232
703000,0.030,0.759,0.211
703500,0.030,0.750,0.220
704000,0.030,0.763,0.207
704500,0.030,0.809,0.160
705000,0.030,0.821,0.149
705500,0.030,0.820,0.150
706000,0.030,0.757,0.213
706500,0.030,0.752,0.218
707000,0.030,0.755,0.215
707500,0.030,0.755,0.215
708000,0.030,0.726,0.244
708500,0.030,0.764,0.206
709000,0.030,0.774,0.196
709500,0.030,0.760,0.210
710000,0.030,0.766,0.204
710500,0.030,0.780,0.190
711000,0.030,0.788,0.181
711500,0.030,0.794,0.176
712000,0.030,0.771,0.199
712500,0.030,0.764,0.206
713000,0.030,0.772,0.198
713500,0.030,0.744,0.226
714000,0.030,0.751,0.219
714500,0.030,0.730,0.240
715000,0.030,0.753,0.217
715500,0.030,0.798,0.171
716000,0.030,0.775,0.195
716500,0.030,0.789,0.181
717000,0.030,0.794,0.176
717500,0.030,0.789,0.180
718000,0.030,0.735,0.235
718500,0.030,0.772,0.198
719000,0.030,0.750,0.220
719500,0.030,0.737,0.233
720000,0.030,0.733,0.237
720500,0.030,0.760,0.210
721000,0.030,0.746,0.224
721500,0.030,0.748,0.222
722000,0.030,0.753,0.217
722500,0.030,0.765,0.205
723000,0.030,0.720,0.250
723500,0.030,0.686,0.284
724000,0.030,0.753,0.217
724500,0.030,0.750,0.220
725000,0.030,0.771,0.199
725500,0.030,0.820,0.150
726000,0.030,0.837,0.133
726500,0.030,0.821,0.149
727000,0.030,0.807,0.162
727500,0.030,0.811,0.158
728000,0.030,0.810,0.160
728500,0.030,0.784,0.185
729000,0.030,0.755,0.215
729500,0.030,0.745,0.225
730000,0.030,0.731,0.239
730500,0.030,0.767,0.203
731000,0.030,0.779,0.191
731500,0.030,0.785,0.185
732000,0.030,0.780,0.190
732500,0.030,0.779,0.191
733000,0.030,0.794,0.176
733500,0.030,0.799,0.171
734000,0.030,0.799,0.171
734500,0.030,0.783,0.187
735000,0.030,0.795,0.175
735500,0.030,0.799,0.171
736000,0.030,0.789,0.181
736500,0.030,0.757,0.213
737000,0.030,0.771,0.199
737500,0.030,0.759,0.211
738000,0.030,0.733,0.237
738500,0.030,0.704,0.266
739000,0.030,0.739,0.231
739500,0.030,0.766,0.204
740000,0.030,0.749,0.221
740500,0.030,0.760,0.210
741000,0.030,0.782,0.188
741500,0.030,0.793,0.176
742000,0.030,0.756,0.214
742500,0.030,0.735,0.235
743000,0.030,0.763,0.207
743500,0.030,0.747,0.223
744000,0.030,0.734,0.236
744500,0.030,0.760,0.210
745000,0.030,0.763,0.207
745500,0.030,0.785,0.184
746000,0.030,0.777,0.193
746500,0.030,0.784,0.185
747000,0.030,0.809,0.160
747500,0.030,0.775,0.195
748000,0.030,0.761,0.209
748500,0.030,0.780,0.190
749000,0.030,0.784,0.185
749500,0.030,0.805,0.165
750000,0.030,0.798,0.171
750500,0.030,0.811,0.159
751000,0.030,0.789,0.180
751500,0.030,0.798,0.171
752000,0.030,0.811,0.158
752500,0.030,0.769,0.201
753000,0.030,0.781,0.189
753500,0.030,0.769,0.201
754000,0.030,0.802,0.168
754500,0.030,0.762,0.208
755000,0.030,0.729,0.241
755500,0.030,0.745,0.225
756000,0.030,0.763,0.207
756500,0.030,0.780,0.190
757000,0.030,0.781,0.189
757500,0.030,0.773,0.197
758000,0.030,0.768,0.202
758500,0.030,0.753,0.217
759000,0.030,0.725,0.245
759500,0.030,0.725,0.245
760000,0.030,0.731,0.239
760500,0.030,0.728,0.242
761000,0.030,0.765,0.205
761500,0.030,0.744,0.226
762000,0.030,0.750,0.220
762500,0.030,0.797,0.173
763000,0.030,0.772,0.198
763500,0.030,0.768,0.202
764000,0.030,0.776,0.194
764500,0.030,0.757,0.213
765000,0.030,0.744,0.226
765500,0.030,0.755,0.215
766000,0.030,0.735,0.235
766500,0.030,0.718,0.252
767000,0.030,0.716,0.254
767500,0.030,0.725,0.245
768000,0.030,0.742,0.228
768500,0.030,0.754,0.216
769000,0.030,0.752,0.218
769500,0.030,0.750,0.220
770000,0.030,0.720,0.250
770500,0.030,0.720,0.250
771000,0.030,0.686,0.283
771500,0.030,0.731,0.239
772000,0.030,0.739,0.231
772500,0.030,0.746,0.224
773000,0.030,0.734,0.236
773500,0.030,0.761,0.209
774000,0.030,0.724,0.246
774500,0.030,0.762,0.208
775000,0.030,0.750,0.220
775500,0.030,0.745,0.225
776000,0.030,0.776,0.194
776500,0.030,0.736,0.234
777000,0.030,0.724,0.246
777500,0.030,0.720,0.250
778000,0.030,0.735,0.235
778500,0.030,0.733,0.237
779000,0.030,0.724,0.246
779500,0.030,0.722,0.248
780000,0.030,0.722,0.248
780500,0.030,0.743,0.227
781000,0.030,0.750,0.220
781500,0.030,0.748,0.222
782000,0.030,0.783,0.186
782500,0.030,0.777,0.193
783000,0.030,0.800,0.169
783500,0.030,0.801,0.169
784000,0.030,0.791,0.179
784500,0.030,0.763,0.207
785000,0.030,0.788,0.181
785500,0.030,0.804,0.165
786000,0.030,0.762,0.208
786500,0.030,0.753,0.217
787000,0.030,0.772,0.198
787500,0.030,0.781,0.189
788000,0.030,0.751,0.219
788500,0.030,0.743,0.227
789000,0.030,0.731,0.239
789500,0.030,0.757,0.213
790000,0.030,0.787,0.183
790500,0.030,0.780,0.190
791000,0.030,0.805,0.165
791500,0.030,0.811,0.159
792000,0.030,0.819,0.151
792500,0.030,0.800,0.169
793000,0.030,0.824,0.146
793500,0.030,0.753,0.217
794000,0.030,0.755,0.215
794500,0.030,0.741,0.229
795000,0.030,0.749,0.221
795500,0.030,0.763,0.207
796000,0.030,0.777,0.193
796500,0.030,0.793,0.177
797000,0.030,0.765,0.205
797500,0.030,0.772,0.198
798000,0.030,0.725,0.245
798500,0.030,0.714,0.256
799000,0.030,0.743,0.227
799500,0.030,0.768,0.202
800000,0.030,0.750,0.220
800500,0.030,0.766,0.204
801000,0.030,0.763,0.207
801500,0.030,0.793,0.176
802000,0.030,0.780,0.190
802500,0.030,0.777,0.193
803000,0.030,0.784,0.185
803500,0.030,0.783,0.186
804000,0.030,0.793,0.176
804500,0.030,0.764,0.206
805000,0.030,0.750,0.220
805500,0.030,0.777,0.193
806000,0.030,0.773,0.197
806500,0.030,0.770,0.200
807000,0.030,0.765,0.205
807500,0.030,0.755,0.215
808000,0.030,0.769,0.201
808500,0.030,0.765,0.205
809000,0.030,0.779,0.191
809500,0.030,0.802,0.168
810000,0.030,0.794,0.175
810500,0.030,0.802,0.167
811000,0.030,0.792,0.177
811500,0.030,0.790,0.180
812000,0.030,0.843,0.127
812500,0.030,0.850,0.120
813000,0.030,0.829,0.141
813500,0.030,0.819,0.151
814000,0.030,0.806,0.164
814500,0.030,0.787,0.182
815000,0.030,0.806,0.164
815500,0.030,0.803,0.167
816000,0.030,0.799,0.170
816500,0.030,0.812,0.157
817000,0.030,0.813,0.157
817500,0.030,0.793,0.176
818000,0.030,0.743,0.227
818500,0.030,0.756,0.214
819000,0.030,0.724,0.246
819500,0.030,0.716,0.254
820000,0.030,0.747,0.223
820500,0.030,0.760,0.210
821000,0.030,0.741,0.229
821500,0.030,0.736,0.234
822000,0.030,0.749,0.221
822500,0.030,0.747,0.223
823000,0.030,0.728,0.242
823500,0.030,0.728,0.242
824000,0.030,0.730,0.240
824500,0.030,0.753,0.217
825000,0.030,0.729,0.241
825500,0.030,0.735,0.235
826000,0.030,0.704,0.266
826500,0.030,0.729,0.241
827000,0.030,0.721,0.249
827500,0.030,0.774,0.196
828000,0.030,0.767,0.203
828500,0.030,0.765,0.205
829000,0.030,0.767,0.203
829500,0.030,0.770,0.200
830000,0.030,0.771,0.199
830500,0.030,0.781,0.189
831000,0.030,0.778,0.192
831500,0.030,0.770,0.200
832000,0.030,0.757,0.213
832500,0.030,0.759,0.211
833000,0.030,0.757,0.213
833500,0.030,0.746,0.224
834000,0.030,0.768,0.202
834500,0.030,0.721,0.249
835000,0.030,0.739,0.231
835500,0.030,0.738,0.232
836000,0.030,0.738,0.232
836500,0.030,0.766,0.204
837000,0.030,0.770,0.200
837500,0.030,0.771,0.199
838000,0.030,0.772,0.198
838500,0.030,0.807,0.163
839000,0.030,0.805,0.164
839500,0.030,0.834,0.136
840000,0.030,0.817,0.153
840500,0.030,0.802,0.168
841000,0.030,0.796,0.174
841500,0.030,0.790,0.180
842000,0.030,0.761,0.209
842500,0.030,0.723,0.247
843000,0.030,0.739,0.231
843500,0.030,0.763,0.207
844000,0.030,0.745,0.225
844500,0.030,0.778,0.192
845000,0.030,0.758,0.212
845500,0.030,0.771,0.199
846000,0.030,0.763,0.207
846500,0.030,0.783,0.187
847000,0.030,0.789,0.180
847500,0.030,0.775,0.195
848000,0.030,0.789,0.181
848500,0.030,0.817,0.153
849000,0.030,0.804,0.166
849500,0.030,0.795,0.174
850000,0.030,0.787,0.182
850500,0.030,0.792,0.178
851000,0.030,0.787,0.183
851500,0.030,0.797,0.173
852000,0.030,0.796,0.173
852500,0.030,0.821,0.149
853000,0.030,0.818,0.152
853500,0.030,0.752,0.218
854000,0.030,0.738,0.232
854500,0.030,0.780,0.190
855000,0.030,0.793,0.176
855500,0.030,0.786,0.183
856000,0.030,0.776,0.194
856500,0.030,0.741,0.229
857000,0.030,0.759,0.211
857500,0.030,0.780,0.190
858000,0.030,0.769,0.201
858500,0.030,0.794,0.175
859000,0.030,0.768,0.202
859500,0.030,0.780,0.190
860000,0.030,0.782,0.188
860500,0.030,0.809,0.160
861000,0.030,0.809,0.160
861500,0.030,0.815,0.155
862000,0.030,0.807,0.162
862500,0.030,0.803,0.166
863000,0.030,0.830,0.140
863500,0.030,0.843,0.127
864000,0.030,0.834,0.136
864500,0.030,0.804,0.165
865000,0.030,0.786,0.183
865500,0.030,0.760,0.210
866000,0.030,0.750,0.220
866500,0.030,0.741,0.229
867000,0.030,0.713,0.257
867500,0.030,0.690,0.280
868000,0.030,0.707,0.263
868500,0.030,0.682,0.288
869000,0.030,0.658,0.311
869500,0.030,0.674,0.296
870000,0.030,0.732,0.238
870500,0.030,0.712,0.258
871000,0.030,0.748,0.222
871500,0.030,0.733,0.237
872000,0.030,0.762,0.208
872500,0.030,0.756,0.214
873000,0.030,0.763,0.207
873500,0.030,0.720,0.250
874000,0.030,0.765,0.205
874500,0.030,0.773,0.197
875000,0.030,0.787,0.183
875500,0.030,0.785,0.184
876000,0.030,0.793,0.177
876500,0.030,0.783,0.187
877000,0.030,0.756,0.214
877500,0.030,0.762,0.208
878000,0.030,0.717,0.253
878500,0.030,0.676,0.294
879000,0.030,0.683,0.286
879500,0.030,0.731,0.239
880000,0.030,0.773,0.197
880500,0.030,0.780,0.190
881000,0.030,0.800,0.169
881500,0.030,0.804,0.165
882000,0.030,0.770,0.200
882500,0.030,0.770,0.200
883000,0.030,0.802,0.168
883500,0.030,0.806,0.163
884000,0.030,0.786,0.183
884500,0.030,0.804,0.165
885000,0.030,0.766,0.204
885500,0.030,0.780,0.190
886000,0.030,0.782,0.188
886500,0.030,0.799,0.171
887000,0.030,0.798,0.172
887500,0.030,0.804,0.166
888000,0.030,0.797,0.173
888500,0.030,0.811,0.158
889000,0.030,0.795,0.175
889500,0.030,0.800,0.170
890000,0.030,0.789,0.181
890500,0.030,0.810,0.160
891000,0.030,0.815,0.155
891500,0.030,0.816,0.154
892000,0.030,0.809,0.161
892500,0.030,0.806,0.163
893000,0.030,0.758,0.212
893500,0.030,0.717,0.253
894000,0.030,0.743,0.227
894500,0.030,0.772,0.198
895000,0.030,0.751,0.219
895500,0.030,0.711,0.259
896000,0.030,0.706,0.264
896500,0.030,0.704,0.266
897000,0.030,0.740,0.230
897500,0.030,0.766,0.204
898000,0.030,0.768,0.202
898500,0.030,0.750,0.220
899000,0.030,0.768,0.202
899500,0.030,0.760,0.210
900000,0.030,0.772,0.198
900500,0.030,0.773,0.197
901000,0.030,0.779,0.191
901500,0.030,0.776,0.194
902000,0.030,0.772,0.198
902500,0.030,0.790,0.180
903000,0.030,0.807,0.162
903500,0.030,0.776,0.194
904000,0.030,0.801,0.168
904500,0.030,0.791,0.178
905000,0.030,0.796,0.174
905500,0.030,0.760,0.210
906000,0.030,0.732,0.238
906500,0.030,0.756,0.214
907000,0.030,0.757,0.213
907500,0.030,0.719,0.251
908000,0.030,0.747,0.223
908500,0.030,0.760,0.210
909000,0.030,0.750,0.220
909500,0.030,0.749,0.221
910000,0.030,0.745,0.225
910500,0.030,0.763,0.207
911000,0.030,0.750,0.220
911500,0.030,0.734,0.236
912000,0.030,0.750,0.220
912500,0.030,0.797,0.173
913000,0.030,0.817,0.153
913500,0.030,0.806,0.163
914000,0.030,0.835,0.135
914500,0.030,0.795,0.175
915000,0.030,0.766,0.204
915500,0.030,0.760,0.210
916000,0.030,0.729,0.241
916500,0.030,0.737,0.233
917000,0.030,0.743,0.227
917500,0.030,0.764,0.206
918000,0.030,0.748,0.222
918500,0.030,0.746,0.224
919000,0.030,0.713,0.257
919500,0.030,0.699,0.271
920000,0.030,0.707,0.263
920500,0.030,0.730,0.240
921000,0.030,0.725,0.245
921500,0.030,0.725,0.245
922000,0.030,0.720,0.250
922500,0.030,0.719,0.251
923000,0.030,0.735,0.235
923500,0.030,0.723,0.247
924000,0.030,0.736,0.234
924500,0.030,0.742,0.228
925000,0.030,0.733,0.237
925500,0.030,0.769,0.201
926000,0.030,0.793,0.176
926500,0.030,0.790,0.179
927000,0.030,0.791,0.179
927500,0.030,0.777,0.193
928000,0.030,0.822,0.148
928500,0.030,0.822,0.148
929000,0.030,0.837,0.133
929500,0.030,0.813,0.157
930000,0.030,0.802,0.167
930500,0.030,0.782,0.188
931000,0.030,0.754,0.216
931500,0.030,0.741,0.229
932000,0.030,0.764,0.206
932500,0.030,0.755,0.215
933000,0.030,0.771,0.199
933500,0.030,0.779,0.191
934000,0.030,0.775,0.195
934500,0.030,0.774,0.196
935000,0.030,0.751,0.219
935500,0.030,0.745,0.225
936000,0.030,0.729,0.241
936500,0.030,0.735,0.235
937000,0.030,0.735,0.235
937500,0.030,0.734,0.236
938000,0.030,0.727,0.243
938500,0.030,0.701,0.269
939000,0.030,0.721,0.249
939500,0.030,0.710,0.260
940000,0.030,0.713,0.257
940500,0.030,0.750,0.220
941000,0.030,0.758,0.212
941500,0.030,0.779,0.191
942000,0.030,0.789,0.181
942500,0.030,0.777,0.193
943000,0.030,0.767,0.203
943500,0.030,0.765,0.205
944000,0.030,0.791,0.178
944500,0.030,0.821,0.149
945000,0.030,0.810,0.159
945500,0.030,0.803,0.166
946000,0.030,0.809,0.160
946500,0.030,0.804,0.165
947000,0.030,0.820,0.150
947500,0.030,0.803,0.167
948000,0.030,0.797,0.172
948500,0.030,0.736,0.234
949000,0.030,0.744,0.226
949500,0.030,0.730,0.240
950000,0.030,0.738,0.232
950500,0.030,0.726,0.244
951000,0.030,0.739,0.231
951500,0.030,0.724,0.246
952000,0.030,0.743,0.227
952500,0.030,0.752,0.218
953000,0.030,0.795,0.174
953500,0.030,0.773,0.197
954000,0.030,0.771,0.199
954500,0.030,0.751,0.219
955000,0.030,0.740,0.230
955500,0.030,0.801,0.168
956000,0.030,0.780,0.190
956500,0.030,0.791,0.178
957000,0.030,0.835,0.135
957500,0.030,0.807,0.163
958000,0.030,0.817,0.153
958500,0.030,0.834,0.136
959000,0.030,0.835,0.135
959500,0.030,0.819,0.151
960000,0.030,0.808,0.161
960500,0.030,0.783,0.187
961000,0.030,0.738,0.232
961500,0.030,0.735,0.235
962000,0.030,0.754,0.216
962500,0.030,0.771,0.199
963000,0.030,0.771,0.199
963500,0.030,0.785,0.184
964000,0.030,0.805,0.164
964500,0.030,0.785,0.185
965000,0.030,0.763,0.207
965500,0.030,0.784,0.185
966000,0.030,0.768,0.202
966500,0.030,0.750,0.220
967000,0.030,0.759,0.211
967500,0.030,0.747,0.223
968000,0.030,0.731,0.239
968500,0.030,0.736,0.234
969000,0.030,0.743,0.227
969500,0.030,0.768,0.202
970000,0.030,0.762,0.208
970500,0.030,0.768,0.202
971000,0.030,0.745,0.225
971500,0.030,0.750,0.220
972000,0.030,0.758,0.212
972500,0.030,0.754,0.216
973000,0.030,0.767,0.203
973500,0.030,0.741,0.229
974000,0.030,0.739,0.231
974500,0.030,0.777,0.193
975000,0.030,0.774,0.196
975500,0.030,0.791,0.178
976000,0.030,0.778,0.192
976500,0.030,0.762,0.208
977000,0.030,0.739,0.231
977500,0.030,0.744,0.226
978000,0.030,0.709,0.261
978500,0.030,0.723,0.247
979000,0.030,0.750,0.220
979500,0.030,0.751,0.219
980000,0.030,0.720,0.250
980500,0.030,0.729,0.241
981000,0.030,0.736,0.234
981500,0.030,0.736,0.234
982000,0.030,0.737,0.233
982500,0.030,0.758,0.212
983000,0.030,0.768,0.202
983500,0.030,0.724,0.246
984000,0.030,0.774,0.196
984500,0.030,0.762,0.208
985000,0.030,0.798,0.172
985500,0.030,0.796,0.173
986000,0.030,0.793,0.176
986500,0.030,0.782,0.188
987000,0.030,0.776,0.194
987500,0.030,0.783,0.186
988000,0.030,0.751,0.219
988500,0.030,0.769,0.201
989000,0.030,0.759,0.211
989500,0.030,0.764,0.206
990000,0.030,0.756,0.214
990500,0.030,0.725,0.245
991000,0.030,0.732,0.238
991500,0.030,0.727,0.243
992000,0.030,0.727,0.243
992500,0.030,0.716,0.254
993000,0.030,0.762,0.208
993500,0.030,0.778,0.192
994000,0.030,0.756,0.214
994500,0.030,0.752,0.218
995000,0.030,0.770,0.200
995500,0.030,0.815,0.155
996000,0.030,0.770,0.200
996500,0.030,0.802,0.167
997000,0.030,0.779,0.191
997500,0.030,0.782,0.188
998000,0.030,0.775,0.195
998500,0.030,0.741,0.229
999000,0.030,0.741,0.229
999500,0.030,0.752,0.218
1000000,0.030,0.784,0.185
