time,n_A+p,n_B,n_AB
500,0.050,0.083,0.867
1000,0.545,0.000,0.455
1500,0.685,0.000,0.315
2000,0.705,0.000,0.295
2500,0.595,0.000,0.405
3000,0.524,0.000,0.476
3500,0.828,0.000,0.172
4000,0.747,0.000,0.253
4500,0.761,0.000,0.239
5000,0.705,0.000,0.295
5500,0.692,0.000,0.308
6000,0.765,0.000,0.235
6500,0.710,0.000,0.290
7000,0.711,0.000,0.289
7500,0.583,0.000,0.417
8000,0.523,0.000,0.477
8500,0.791,0.000,0.209
9000,0.640,0.000,0.360
9500,0.699,0.000,0.301
10000,0.643,0.000,0.357
10500,0.769,0.000,0.231
11000,0.632,0.000,0.368
11500,0.387,0.000,0.613
12000,0.666,0.000,0.334
12500,0.721,0.000,0.279
13000,0.759,0.000,0.241
13500,0.857,0.000,0.143
14000,0.583,0.000,0.417
14500,0.572,0.000,0.428
15000,0.672,0.000,0.328
15500,0.475,0.000,0.525
16000,0.755,0.000,0.245
16500,0.851,0.000,0.149
17000,0.700,0.000,0.300
17500,0.876,0.000,0.124
18000,0.768,0.000,0.232
18500,0.928,0.000,0.072
19000,0.967,0.000,0.033
19500,1.000,0.000,0.000
