time,n_A+p,n_B,n_AB
500,0.050,0.923,0.027
1000,0.050,0.896,0.054
1500,0.050,0.890,0.060
2000,0.055,0.864,0.081
2500,0.057,0.847,0.096
3000,0.060,0.828,0.112
3500,0.063,0.814,0.123
4000,0.065,0.817,0.118
4500,0.066,0.810,0.124
5000,0.067,0.800,0.133
5500,0.069,0.800,0.131
6000,0.065,0.802,0.133
6500,0.068,0.790,0.142
7000,0.065,0.785,0.150
7500,0.071,0.779,0.150
8000,0.066,0.767,0.167
8500,0.074,0.758,0.168
9000,0.072,0.768,0.160
9500,0.076,0.744,0.180
10000,0.073,0.731,0.196
10500,0.079,0.734,0.187
11000,0.085,0.720,0.195
11500,0.094,0.709,0.197
12000,0.096,0.715,0.189
12500,0.098,0.715,0.187
13000,0.093,0.711,0.196
13500,0.099,0.718,0.183
14000,0.090,0.704,0.206
14500,0.090,0.698,0.212
15000,0.093,0.694,0.213
15500,0.093,0.672,0.235
16000,0.094,0.686,0.220
16500,0.092,0.677,0.231
17000,0.093,0.673,0.234
17500,0.097,0.675,0.228
18000,0.099,0.671,0.230
18500,0.103,0.669,0.228
19000,0.108,0.673,0.219
19500,0.106,0.664,0.230
20000,0.110,0.663,0.227
20500,0.112,0.668,0.220
21000,0.109,0.663,0.228
21500,0.116,0.663,0.221
22000,0.121,0.635,0.244
22500,0.134,0.617,0.249
23000,0.142,0.618,0.240
23500,0.136,0.622,0.242
24000,0.128,0.605,0.267
24500,0.136,0.590,0.274
25000,0.137,0.583,0.280
25500,0.140,0.590,0.270
26000,0.146,0.583,0.271
26500,0.147,0.612,0.241
27000,0.133,0.606,0.261
27500,0.123,0.620,0.257
28000,0.118,0.618,0.264
28500,0.130,0.605,0.265
29000,0.138,0.591,0.271
29500,0.125,0.581,0.294
30000,0.128,0.579,0.293
30500,0.131,0.581,0.288
31000,0.146,0.565,0.289
31500,0.153,0.552,0.295
32000,0.150,0.549,0.301
32500,0.146,0.546,0.308
33000,0.156,0.531,0.313
33500,0.150,0.523,0.327
34000,0.134,0.535,0.331
34500,0.141,0.538,0.321
35000,0.157,0.529,0.314
35500,0.153,0.538,0.309
36000,0.156,0.535,0.309
36500,0.156,0.533,0.311
37000,0.167,0.526,0.307
37500,0.158,0.551,0.291
38000,0.155,0.545,0.300
38500,0.171,0.521,0.308
39000,0.177,0.506,0.317
39500,0.158,0.511,0.331
40000,0.179,0.513,0.308
40500,0.183,0.501,0.316
41000,0.196,0.512,0.292
41500,0.189,0.491,0.320
42000,0.204,0.506,0.290
42500,0.194,0.481,0.325
43000,0.222,0.461,0.317
43500,0.211,0.453,0.336
44000,0.218,0.435,0.347
44500,0.235,0.426,0.339
45000,0.241,0.402,0.357
45500,0.242,0.414,0.344
46000,0.237,0.403,0.360
46500,0.238,0.423,0.339
47000,0.241,0.414,0.345
47500,0.235,0.392,0.373
48000,0.251,0.397,0.352
48500,0.255,0.386,0.359
49000,0.253,0.382,0.365
49500,0.236,0.393,0.371
50000,0.230,0.418,0.352
50500,0.228,0.402,0.370
51000,0.241,0.403,0.356
51500,0.239,0.388,0.373
52000,0.250,0.402,0.348
52500,0.247,0.383,0.370
53000,0.253,0.385,0.362
53500,0.257,0.373,0.370
54000,0.269,0.378,0.353
54500,0.268,0.370,0.362
55000,0.289,0.356,0.355
55500,0.286,0.336,0.378
56000,0.302,0.335,0.363
56500,0.325,0.307,0.368
57000,0.334,0.296,0.370
57500,0.332,0.311,0.357
58000,0.341,0.298,0.361
58500,0.350,0.292,0.358
59000,0.342,0.271,0.387
59500,0.359,0.284,0.357
60000,0.363,0.270,0.367
60500,0.361,0.264,0.375
61000,0.368,0.241,0.391
61500,0.412,0.230,0.358
62000,0.432,0.214,0.354
62500,0.444,0.218,0.338
63000,0.457,0.215,0.328
63500,0.465,0.205,0.330
64000,0.461,0.188,0.351
64500,0.456,0.175,0.369
65000,0.459,0.176,0.365
65500,0.468,0.178,0.354
66000,0.482,0.155,0.363
66500,0.505,0.162,0.333
67000,0.504,0.150,0.346
67500,0.510,0.154,0.336
68000,0.522,0.153,0.325
68500,0.541,0.137,0.322
69000,0.565,0.126,0.309
69500,0.577,0.108,0.315
70000,0.591,0.109,0.300
70500,0.599,0.106,0.295
71000,0.623,0.105,0.272
71500,0.634,0.085,0.281
72000,0.644,0.075,0.281
72500,0.644,0.073,0.283
73000,0.668,0.077,0.255
73500,0.676,0.069,0.255
74000,0.684,0.057,0.259
74500,0.688,0.053,0.259
75000,0.701,0.052,0.247
75500,0.726,0.048,0.226
76000,0.738,0.041,0.221
76500,0.754,0.035,0.211
77000,0.757,0.042,0.201
77500,0.765,0.023,0.212
78000,0.783,0.026,0.191
78500,0.814,0.020,0.166
79000,0.821,0.020,0.159
79500,0.843,0.008,0.149
80000,0.845,0.008,0.147
80500,0.876,0.006,0.118
81000,0.885,0.006,0.109
81500,0.891,0.003,0.106
82000,0.907,0.002,0.091
82500,0.916,0.003,0.081
83000,0.919,0.001,0.080
83500,0.923,0.001,0.076
84000,0.934,0.000,0.066
84500,0.942,0.000,0.058
85000,0.955,0.000,0.045
85500,0.956,0.000,0.044
86000,0.963,0.000,0.037
86500,0.961,0.000,0.039
87000,0.958,0.000,0.042
87500,0.967,0.000,0.033
88000,0.972,0.000,0.028
88500,0.966,0.000,0.034
89000,0.973,0.000,0.027
89500,0.974,0.000,0.026
90000,0.974,0.000,0.026
90500,0.978,0.000,0.022
91000,0.984,0.000,0.016
91500,0.988,0.000,0.012
92000,0.992,0.000,0.008
92500,0.993,0.000,0.007
93000,0.995,0.000,0.005
93500,0.996,0.000,0.004
94000,0.995,0.000,0.005
94500,0.994,0.000,0.006
95000,0.994,0.000,0.006
95500,0.995,0.000,0.005
96000,0.995,0.000,0.005
96500,0.994,0.000,0.006
97000,0.996,0.000,0.004
97500,0.997,0.000,0.003
98000,0.998,0.000,0.002
98500,0.999,0.000,0.001
99000,0.998,0.000,0.002
99500,0.997,0.000,0.003
100000,0.995,0.000,0.005
100500,0.996,0.000,0.004
101000,0.998,0.000,0.002
101500,0.998,0.000,0.002
102000,1.000,0.000,0.000
