time,n_A+p,n_B,n_AB
500,0.050,0.924,0.026
1000,0.052,0.914,0.034
1500,0.053,0.897,0.050
2000,0.053,0.883,0.064
2500,0.053,0.874,0.073
3000,0.052,0.868,0.080
3500,0.055,0.864,0.081
4000,0.057,0.863,0.080
4500,0.059,0.873,0.068
5000,0.058,0.865,0.077
5500,0.063,0.858,0.079
6000,0.064,0.849,0.087
6500,0.064,0.859,0.077
7000,0.060,0.858,0.082
7500,0.064,0.846,0.090
8000,0.064,0.841,0.095
8500,0.063,0.825,0.112
9000,0.066,0.820,0.114
9500,0.069,0.821,0.110
10000,0.067,0.821,0.112
10500,0.069,0.797,0.134
11000,0.079,0.804,0.117
11500,0.079,0.792,0.129
12000,0.087,0.782,0.131
12500,0.079,0.787,0.134
13000,0.081,0.803,0.116
13500,0.078,0.800,0.122
14000,0.083,0.792,0.125
14500,0.072,0.795,0.133
15000,0.069,0.809,0.122
15500,0.075,0.808,0.117
16000,0.074,0.813,0.113
16500,0.072,0.805,0.123
17000,0.075,0.816,0.109
17500,0.083,0.811,0.106
18000,0.072,0.817,0.111
18500,0.073,0.812,0.115
19000,0.069,0.824,0.107
19500,0.070,0.831,0.099
20000,0.071,0.827,0.102
20500,0.068,0.822,0.110
21000,0.066,0.821,0.113
21500,0.069,0.812,0.119
22000,0.070,0.825,0.105
22500,0.069,0.820,0.111
23000,0.073,0.835,0.092
23500,0.065,0.830,0.105
24000,0.069,0.827,0.104
24500,0.066,0.825,0.109
25000,0.068,0.814,0.118
25500,0.072,0.813,0.115
26000,0.076,0.807,0.117
26500,0.072,0.816,0.112
27000,0.072,0.809,0.119
27500,0.079,0.799,0.122
28000,0.080,0.793,0.127
28500,0.078,0.800,0.122
29000,0.077,0.805,0.118
29500,0.074,0.816,0.110
30000,0.071,0.797,0.132
30500,0.074,0.795,0.131
31000,0.070,0.804,0.126
31500,0.073,0.808,0.119
32000,0.069,0.817,0.114
32500,0.069,0.829,0.102
33000,0.068,0.848,0.084
33500,0.062,0.844,0.094
34000,0.060,0.847,0.093
34500,0.057,0.847,0.096
35000,0.062,0.849,0.089
35500,0.059,0.855,0.086
36000,0.063,0.855,0.082
36500,0.064,0.858,0.078
37000,0.058,0.866,0.076
37500,0.056,0.872,0.072
38000,0.056,0.861,0.083
38500,0.056,0.868,0.076
39000,0.060,0.864,0.076
39500,0.056,0.873,0.071
40000,0.056,0.874,0.070
40500,0.059,0.864,0.077
41000,0.067,0.863,0.070
41500,0.062,0.856,0.082
42000,0.061,0.854,0.085
42500,0.062,0.851,0.087
43000,0.063,0.835,0.102
43500,0.065,0.837,0.098
44000,0.070,0.819,0.111
44500,0.070,0.842,0.088
45000,0.062,0.843,0.095
45500,0.064,0.836,0.100
46000,0.065,0.828,0.107
46500,0.064,0.831,0.105
47000,0.062,0.823,0.115
47500,0.068,0.810,0.122
48000,0.069,0.819,0.112
48500,0.069,0.823,0.108
49000,0.064,0.838,0.098
49500,0.066,0.844,0.090
50000,0.065,0.839,0.096
50500,0.060,0.837,0.103
51000,0.062,0.853,0.085
51500,0.056,0.848,0.096
52000,0.056,0.856,0.088
52500,0.054,0.864,0.082
53000,0.060,0.851,0.089
53500,0.064,0.845,0.091
54000,0.063,0.857,0.080
54500,0.061,0.854,0.085
55000,0.056,0.855,0.089
55500,0.058,0.856,0.086
56000,0.059,0.859,0.082
56500,0.059,0.851,0.090
57000,0.060,0.848,0.092
57500,0.056,0.838,0.106
58000,0.059,0.853,0.088
58500,0.060,0.845,0.095
59000,0.062,0.836,0.102
59500,0.063,0.841,0.096
60000,0.063,0.839,0.098
60500,0.067,0.835,0.098
61000,0.068,0.837,0.095
61500,0.068,0.832,0.100
62000,0.070,0.832,0.098
62500,0.072,0.842,0.086
63000,0.067,0.845,0.088
63500,0.062,0.842,0.096
64000,0.060,0.838,0.102
64500,0.068,0.826,0.106
65000,0.076,0.816,0.108
65500,0.076,0.813,0.111
66000,0.067,0.808,0.125
66500,0.068,0.806,0.126
67000,0.061,0.810,0.129
67500,0.068,0.825,0.107
68000,0.064,0.801,0.135
68500,0.064,0.819,0.117
69000,0.070,0.814,0.116
69500,0.074,0.815,0.111
70000,0.072,0.818,0.110
70500,0.072,0.806,0.122
71000,0.072,0.810,0.118
71500,0.072,0.825,0.103
72000,0.076,0.834,0.090
72500,0.071,0.833,0.096
73000,0.067,0.824,0.109
73500,0.069,0.815,0.116
74000,0.064,0.833,0.103
74500,0.068,0.830,0.102
75000,0.064,0.836,0.100
75500,0.064,0.848,0.088
76000,0.070,0.838,0.092
76500,0.070,0.842,0.088
77000,0.068,0.843,0.089
77500,0.066,0.844,0.090
78000,0.067,0.834,0.099
78500,0.071,0.828,0.101
79000,0.075,0.814,0.111
79500,0.061,0.810,0.129
80000,0.063,0.807,0.130
80500,0.069,0.812,0.119
81000,0.075,0.812,0.113
81500,0.069,0.822,0.109
82000,0.064,0.822,0.114
82500,0.078,0.813,0.109
83000,0.076,0.811,0.113
83500,0.077,0.810,0.113
84000,0.078,0.807,0.115
84500,0.071,0.813,0.116
85000,0.071,0.825,0.104
85500,0.069,0.819,0.112
86000,0.066,0.818,0.116
86500,0.065,0.815,0.120
87000,0.062,0.812,0.126
87500,0.065,0.824,0.111
88000,0.066,0.806,0.128
88500,0.063,0.813,0.124
89000,0.063,0.808,0.129
89500,0.066,0.821,0.113
90000,0.060,0.828,0.112
90500,0.060,0.830,0.110
91000,0.059,0.833,0.108
91500,0.057,0.837,0.106
92000,0.061,0.834,0.105
92500,0.064,0.846,0.090
93000,0.064,0.843,0.093
93500,0.064,0.846,0.090
94000,0.074,0.832,0.094
94500,0.074,0.828,0.098
95000,0.074,0.811,0.115
95500,0.073,0.804,0.123
96000,0.076,0.811,0.113
96500,0.072,0.807,0.121
97000,0.068,0.830,0.102
97500,0.067,0.829,0.104
98000,0.064,0.835,0.101
98500,0.068,0.826,0.106
99000,0.066,0.813,0.121
99500,0.063,0.818,0.119
100000,0.063,0.825,0.112
100500,0.064,0.833,0.103
101000,0.065,0.834,0.101
101500,0.064,0.825,0.111
102000,0.065,0.826,0.109
102500,0.063,0.819,0.118
103000,0.066,0.822,0.112
103500,0.066,0.824,0.110
104000,0.066,0.822,0.112
104500,0.065,0.837,0.098
105000,0.066,0.818,0.116
105500,0.066,0.836,0.098
106000,0.065,0.827,0.108
106500,0.067,0.818,0.115
107000,0.067,0.842,0.091
107500,0.064,0.836,0.100
108000,0.063,0.841,0.096
108500,0.066,0.832,0.102
109000,0.065,0.825,0.110
109500,0.060,0.821,0.119
110000,0.065,0.816,0.119
110500,0.072,0.816,0.112
111000,0.070,0.819,0.111
111500,0.067,0.820,0.113
112000,0.070,0.814,0.116
112500,0.070,0.831,0.099
113000,0.070,0.831,0.099
113500,0.070,0.827,0.103
114000,0.062,0.821,0.117
114500,0.063,0.827,0.110
115000,0.061,0.827,0.112
115500,0.063,0.834,0.103
116000,0.067,0.833,0.100
116500,0.071,0.815,0.114
117000,0.074,0.808,0.118
117500,0.073,0.797,0.130
118000,0.074,0.792,0.134
118500,0.072,0.807,0.121
119000,0.073,0.804,0.123
119500,0.079,0.810,0.111
120000,0.075,0.800,0.125
120500,0.082,0.791,0.127
121000,0.077,0.778,0.145
121500,0.082,0.783,0.135
122000,0.083,0.789,0.128
122500,0.074,0.794,0.132
123000,0.072,0.803,0.125
123500,0.074,0.797,0.129
124000,0.071,0.793,0.136
124500,0.062,0.811,0.127
125000,0.073,0.799,0.128
125500,0.073,0.820,0.107
126000,0.074,0.801,0.125
126500,0.073,0.809,0.118
127000,0.078,0.809,0.113
127500,0.071,0.807,0.122
128000,0.070,0.781,0.149
128500,0.070,0.780,0.150
129000,0.067,0.796,0.137
129500,0.069,0.802,0.129
130000,0.070,0.804,0.126
130500,0.076,0.803,0.121
131000,0.080,0.810,0.110
131500,0.076,0.815,0.109
132000,0.073,0.812,0.115
132500,0.072,0.797,0.131
133000,0.074,0.811,0.115
133500,0.067,0.814,0.119
134000,0.064,0.816,0.120
134500,0.068,0.805,0.127
135000,0.069,0.821,0.110
135500,0.063,0.820,0.117
136000,0.064,0.832,0.104
136500,0.066,0.832,0.102
137000,0.066,0.834,0.100
137500,0.066,0.837,0.097
138000,0.065,0.834,0.101
138500,0.066,0.834,0.100
139000,0.065,0.841,0.094
139500,0.064,0.838,0.098
140000,0.068,0.841,0.091
140500,0.062,0.820,0.118
141000,0.057,0.835,0.108
141500,0.064,0.829,0.107
142000,0.065,0.833,0.102
142500,0.067,0.824,0.109
143000,0.070,0.822,0.108
143500,0.070,0.828,0.102
144000,0.070,0.826,0.104
144500,0.074,0.819,0.107
145000,0.068,0.828,0.104
145500,0.068,0.827,0.105
146000,0.065,0.846,0.089
146500,0.063,0.832,0.105
147000,0.061,0.852,0.087
147500,0.054,0.854,0.092
148000,0.058,0.858,0.084
148500,0.057,0.848,0.095
149000,0.058,0.831,0.111
149500,0.058,0.854,0.088
150000,0.059,0.851,0.090
150500,0.059,0.838,0.103
151000,0.057,0.845,0.098
151500,0.062,0.852,0.086
152000,0.065,0.853,0.082
152500,0.068,0.852,0.080
153000,0.066,0.865,0.069
153500,0.066,0.856,0.078
154000,0.062,0.852,0.086
154500,0.062,0.841,0.097
155000,0.061,0.831,0.108
155500,0.061,0.826,0.113
156000,0.060,0.833,0.107
156500,0.062,0.844,0.094
157000,0.064,0.831,0.105
157500,0.066,0.826,0.108
158000,0.064,0.819,0.117
158500,0.070,0.824,0.106
159000,0.066,0.823,0.111
159500,0.073,0.830,0.097
160000,0.068,0.833,0.099
160500,0.063,0.817,0.120
161000,0.064,0.825,0.111
161500,0.068,0.813,0.119
162000,0.064,0.807,0.129
162500,0.067,0.820,0.113
163000,0.070,0.817,0.113
163500,0.070,0.820,0.110
164000,0.077,0.812,0.111
164500,0.081,0.811,0.108
165000,0.076,0.809,0.115
165500,0.072,0.818,0.110
166000,0.071,0.818,0.111
166500,0.069,0.822,0.109
167000,0.067,0.814,0.119
167500,0.072,0.811,0.117
168000,0.069,0.816,0.115
168500,0.062,0.819,0.119
169000,0.071,0.821,0.108
169500,0.072,0.822,0.106
170000,0.072,0.822,0.106
170500,0.071,0.820,0.109
171000,0.076,0.802,0.122
171500,0.078,0.795,0.127
172000,0.073,0.785,0.142
172500,0.073,0.790,0.137
173000,0.070,0.796,0.134
173500,0.073,0.791,0.136
174000,0.075,0.788,0.137
174500,0.074,0.792,0.134
175000,0.081,0.794,0.125
175500,0.076,0.816,0.108
176000,0.078,0.813,0.109
176500,0.082,0.795,0.123
177000,0.077,0.791,0.132
177500,0.073,0.798,0.129
178000,0.075,0.791,0.134
178500,0.079,0.780,0.141
179000,0.079,0.787,0.134
179500,0.081,0.785,0.134
180000,0.076,0.784,0.140
180500,0.076,0.803,0.121
181000,0.073,0.818,0.109
181500,0.068,0.818,0.114
182000,0.065,0.830,0.105
182500,0.062,0.833,0.105
183000,0.066,0.831,0.103
183500,0.060,0.827,0.113
184000,0.067,0.830,0.103
184500,0.070,0.828,0.102
185000,0.074,0.814,0.112
185500,0.070,0.814,0.116
186000,0.066,0.818,0.116
186500,0.071,0.812,0.117
187000,0.071,0.817,0.112
187500,0.069,0.828,0.103
188000,0.072,0.823,0.105
188500,0.068,0.819,0.113
189000,0.077,0.820,0.103
189500,0.086,0.810,0.104
190000,0.080,0.829,0.091
190500,0.075,0.821,0.104
191000,0.075,0.818,0.107
191500,0.073,0.823,0.104
192000,0.070,0.823,0.107
192500,0.067,0.825,0.108
193000,0.070,0.805,0.125
193500,0.069,0.798,0.133
194000,0.071,0.804,0.125
194500,0.074,0.794,0.132
195000,0.068,0.781,0.151
195500,0.074,0.779,0.147
196000,0.071,0.781,0.148
196500,0.073,0.777,0.150
197000,0.074,0.798,0.128
197500,0.072,0.811,0.117
198000,0.074,0.805,0.121
198500,0.069,0.804,0.127
199000,0.067,0.811,0.122
199500,0.067,0.811,0.122
200000,0.072,0.827,0.101
200500,0.065,0.828,0.107
201000,0.065,0.807,0.128
201500,0.076,0.821,0.103
202000,0.075,0.816,0.109
202500,0.069,0.812,0.119
203000,0.068,0.820,0.112
203500,0.066,0.817,0.117
204000,0.066,0.823,0.111
204500,0.067,0.834,0.099
205000,0.074,0.829,0.097
205500,0.078,0.838,0.084
206000,0.067,0.844,0.089
206500,0.066,0.830,0.104
207000,0.068,0.815,0.117
207500,0.066,0.804,0.130
208000,0.068,0.821,0.111
208500,0.073,0.818,0.109
209000,0.072,0.808,0.120
209500,0.073,0.803,0.124
210000,0.076,0.810,0.114
210500,0.075,0.808,0.117
211000,0.070,0.806,0.124
211500,0.072,0.800,0.128
212000,0.078,0.809,0.113
212500,0.074,0.810,0.116
213000,0.082,0.817,0.101
213500,0.088,0.810,0.102
214000,0.085,0.795,0.120
214500,0.083,0.801,0.116
215000,0.076,0.804,0.120
215500,0.070,0.825,0.105
216000,0.070,0.800,0.130
216500,0.074,0.814,0.112
217000,0.069,0.800,0.131
217500,0.075,0.803,0.122
218000,0.076,0.800,0.124
218500,0.070,0.813,0.117
219000,0.072,0.812,0.116
219500,0.078,0.812,0.110
220000,0.079,0.810,0.111
220500,0.075,0.812,0.113
221000,0.073,0.815,0.112
221500,0.072,0.823,0.105
222000,0.074,0.823,0.103
222500,0.072,0.811,0.117
223000,0.076,0.804,0.120
223500,0.071,0.792,0.137
224000,0.074,0.782,0.144
224500,0.077,0.787,0.136
225000,0.081,0.804,0.115
225500,0.074,0.810,0.116
226000,0.076,0.817,0.107
226500,0.070,0.826,0.104
227000,0.069,0.816,0.115
227500,0.074,0.813,0.113
228000,0.076,0.801,0.123
228500,0.074,0.802,0.124
229000,0.070,0.792,0.138
229500,0.066,0.806,0.128
230000,0.072,0.821,0.107
230500,0.076,0.794,0.130
231000,0.082,0.797,0.121
231500,0.081,0.784,0.135
232000,0.071,0.793,0.136
232500,0.076,0.801,0.123
233000,0.074,0.788,0.138
233500,0.086,0.778,0.136
234000,0.081,0.772,0.147
234500,0.083,0.766,0.151
235000,0.087,0.765,0.148
235500,0.087,0.753,0.160
236000,0.086,0.765,0.149
236500,0.086,0.756,0.158
237000,0.070,0.762,0.168
237500,0.073,0.767,0.160
238000,0.084,0.768,0.148
238500,0.083,0.782,0.135
239000,0.081,0.787,0.132
239500,0.088,0.786,0.126
240000,0.095,0.771,0.134
240500,0.094,0.779,0.127
241000,0.086,0.784,0.130
241500,0.083,0.793,0.124
242000,0.079,0.790,0.131
242500,0.077,0.788,0.135
243000,0.079,0.776,0.145
243500,0.094,0.774,0.132
244000,0.082,0.782,0.136
244500,0.084,0.781,0.135
245000,0.084,0.788,0.128
245500,0.078,0.795,0.127
246000,0.082,0.796,0.122
246500,0.078,0.806,0.116
247000,0.081,0.818,0.101
247500,0.069,0.832,0.099
248000,0.068,0.821,0.111
248500,0.064,0.805,0.131
249000,0.064,0.820,0.116
249500,0.068,0.808,0.124
250000,0.065,0.817,0.118
250500,0.071,0.815,0.114
251000,0.068,0.823,0.109
251500,0.072,0.828,0.100
252000,0.067,0.824,0.109
252500,0.065,0.829,0.106
253000,0.062,0.826,0.112
253500,0.064,0.822,0.114
254000,0.060,0.834,0.106
254500,0.060,0.837,0.103
255000,0.056,0.844,0.100
255500,0.062,0.832,0.106
256000,0.057,0.839,0.104
256500,0.056,0.828,0.116
257000,0.061,0.826,0.113
257500,0.063,0.832,0.105
258000,0.062,0.836,0.102
258500,0.061,0.837,0.102
259000,0.061,0.814,0.125
259500,0.060,0.827,0.113
260000,0.064,0.821,0.115
260500,0.062,0.845,0.093
261000,0.065,0.829,0.106
261500,0.062,0.840,0.098
262000,0.065,0.838,0.097
262500,0.063,0.846,0.091
263000,0.060,0.848,0.092
263500,0.059,0.840,0.101
264000,0.061,0.839,0.100
264500,0.065,0.833,0.102
265000,0.059,0.844,0.097
265500,0.058,0.838,0.104
266000,0.056,0.855,0.089
266500,0.060,0.849,0.091
267000,0.061,0.844,0.095
267500,0.062,0.823,0.115
268000,0.068,0.838,0.094
268500,0.062,0.838,0.100
269000,0.065,0.855,0.080
269500,0.068,0.844,0.088
270000,0.067,0.837,0.096
270500,0.069,0.830,0.101
271000,0.068,0.827,0.105
271500,0.072,0.821,0.107
272000,0.075,0.810,0.115
272500,0.075,0.813,0.112
273000,0.074,0.798,0.128
273500,0.075,0.800,0.125
274000,0.072,0.800,0.128
274500,0.065,0.788,0.147
275000,0.071,0.791,0.138
275500,0.069,0.796,0.135
276000,0.073,0.797,0.130
276500,0.076,0.799,0.125
277000,0.083,0.810,0.107
277500,0.079,0.805,0.116
278000,0.073,0.804,0.123
278500,0.073,0.816,0.111
279000,0.070,0.828,0.102
279500,0.070,0.833,0.097
280000,0.078,0.822,0.100
280500,0.075,0.831,0.094
281000,0.069,0.814,0.117
281500,0.068,0.815,0.117
282000,0.066,0.809,0.125
282500,0.065,0.824,0.111
283000,0.070,0.829,0.101
283500,0.075,0.825,0.100
284000,0.078,0.813,0.109
284500,0.078,0.816,0.106
285000,0.068,0.817,0.115
285500,0.060,0.814,0.126
286000,0.059,0.826,0.115
286500,0.060,0.820,0.120
287000,0.064,0.823,0.113
287500,0.061,0.820,0.119
288000,0.060,0.835,0.105
288500,0.062,0.843,0.095
289000,0.066,0.833,0.101
289500,0.068,0.826,0.106
290000,0.069,0.837,0.094
290500,0.063,0.845,0.092
291000,0.062,0.841,0.097
291500,0.059,0.848,0.093
292000,0.059,0.848,0.093
292500,0.058,0.848,0.094
293000,0.057,0.848,0.095
293500,0.056,0.852,0.092
294000,0.061,0.843,0.096
294500,0.065,0.838,0.097
295000,0.062,0.845,0.093
295500,0.060,0.830,0.110
296000,0.059,0.843,0.098
296500,0.061,0.854,0.085
297000,0.064,0.863,0.073
297500,0.062,0.860,0.078
298000,0.059,0.864,0.077
298500,0.057,0.862,0.081
299000,0.059,0.844,0.097
299500,0.056,0.852,0.092
300000,0.057,0.846,0.097
300500,0.061,0.850,0.089
301000,0.058,0.844,0.098
301500,0.059,0.845,0.096
302000,0.058,0.850,0.092
302500,0.060,0.856,0.084
303000,0.055,0.861,0.084
303500,0.054,0.874,0.072
304000,0.054,0.869,0.077
304500,0.056,0.865,0.079
305000,0.056,0.863,0.081
305500,0.061,0.842,0.097
306000,0.063,0.836,0.101
306500,0.061,0.826,0.113
307000,0.062,0.834,0.104
307500,0.062,0.825,0.113
308000,0.058,0.818,0.124
308500,0.070,0.827,0.103
309000,0.061,0.827,0.112
309500,0.061,0.815,0.124
310000,0.063,0.810,0.127
310500,0.063,0.820,0.117
311000,0.068,0.814,0.118
311500,0.063,0.814,0.123
312000,0.065,0.818,0.117
312500,0.069,0.834,0.097
313000,0.063,0.833,0.104
313500,0.065,0.842,0.093
314000,0.062,0.834,0.104
314500,0.063,0.831,0.106
315000,0.064,0.839,0.097
315500,0.067,0.846,0.087
316000,0.066,0.846,0.088
316500,0.065,0.829,0.106
317000,0.062,0.835,0.103
317500,0.059,0.848,0.093
318000,0.060,0.849,0.091
318500,0.066,0.842,0.092
319000,0.057,0.833,0.110
319500,0.068,0.826,0.106
320000,0.067,0.838,0.095
320500,0.064,0.839,0.097
321000,0.059,0.853,0.088
321500,0.060,0.846,0.094
322000,0.062,0.842,0.096
322500,0.067,0.838,0.095
323000,0.065,0.830,0.105
323500,0.064,0.821,0.115
324000,0.073,0.824,0.103
324500,0.074,0.832,0.094
325000,0.077,0.831,0.092
325500,0.070,0.821,0.109
326000,0.063,0.836,0.101
326500,0.057,0.834,0.109
327000,0.062,0.839,0.099
327500,0.064,0.830,0.106
328000,0.066,0.839,0.095
328500,0.066,0.849,0.085
329000,0.066,0.850,0.084
329500,0.066,0.832,0.102
330000,0.061,0.837,0.102
330500,0.072,0.825,0.103
331000,0.069,0.812,0.119
331500,0.065,0.822,0.113
332000,0.071,0.828,0.101
332500,0.071,0.818,0.111
333000,0.069,0.821,0.110
333500,0.067,0.815,0.118
334000,0.068,0.817,0.115
334500,0.067,0.813,0.120
335000,0.065,0.821,0.114
335500,0.071,0.824,0.105
336000,0.067,0.821,0.112
336500,0.069,0.829,0.102
337000,0.071,0.830,0.099
337500,0.065,0.812,0.123
338000,0.071,0.819,0.110
338500,0.070,0.820,0.110
339000,0.065,0.818,0.117
339500,0.066,0.813,0.121
340000,0.067,0.814,0.119
340500,0.066,0.825,0.109
341000,0.067,0.827,0.106
341500,0.068,0.823,0.109
342000,0.067,0.830,0.103
342500,0.066,0.831,0.103
343000,0.065,0.826,0.109
343500,0.063,0.824,0.113
344000,0.074,0.823,0.103
344500,0.068,0.815,0.117
345000,0.065,0.803,0.132
345500,0.066,0.820,0.114
346000,0.065,0.830,0.105
346500,0.065,0.830,0.105
347000,0.068,0.832,0.100
347500,0.072,0.825,0.103
348000,0.072,0.824,0.104
348500,0.066,0.839,0.095
349000,0.068,0.844,0.088
349500,0.072,0.823,0.105
350000,0.072,0.827,0.101
350500,0.074,0.842,0.084
351000,0.073,0.820,0.107
351500,0.076,0.808,0.116
352000,0.084,0.800,0.116
352500,0.077,0.795,0.128
353000,0.077,0.787,0.136
353500,0.077,0.795,0.128
354000,0.075,0.794,0.131
354500,0.080,0.803,0.117
355000,0.079,0.807,0.114
355500,0.075,0.818,0.107
356000,0.072,0.811,0.117
356500,0.075,0.813,0.112
357000,0.074,0.801,0.125
357500,0.068,0.807,0.125
358000,0.073,0.800,0.127
358500,0.075,0.787,0.138
359000,0.079,0.801,0.120
359500,0.080,0.796,0.124
360000,0.077,0.796,0.127
360500,0.070,0.794,0.136
361000,0.071,0.796,0.133
361500,0.066,0.796,0.138
362000,0.067,0.798,0.135
362500,0.077,0.792,0.131
363000,0.076,0.786,0.138
363500,0.074,0.803,0.123
364000,0.082,0.794,0.124
364500,0.080,0.795,0.125
365000,0.082,0.808,0.110
365500,0.080,0.800,0.120
366000,0.078,0.823,0.099
366500,0.076,0.821,0.103
367000,0.075,0.816,0.109
367500,0.076,0.805,0.119
368000,0.072,0.814,0.114
368500,0.074,0.825,0.101
369000,0.068,0.838,0.094
369500,0.071,0.842,0.087
370000,0.065,0.836,0.099
370500,0.065,0.825,0.110
371000,0.066,0.829,0.105
371500,0.063,0.827,0.110
372000,0.058,0.824,0.118
372500,0.063,0.826,0.111
373000,0.065,0.836,0.099
373500,0.060,0.855,0.085
374000,0.060,0.851,0.089
374500,0.059,0.861,0.080
375000,0.057,0.843,0.100
375500,0.059,0.842,0.099
376000,0.059,0.831,0.110
376500,0.061,0.839,0.100
377000,0.065,0.855,0.080
377500,0.062,0.847,0.091
378000,0.062,0.838,0.100
378500,0.064,0.844,0.092
379000,0.068,0.842,0.090
379500,0.064,0.858,0.078
380000,0.060,0.867,0.073
380500,0.058,0.863,0.079
381000,0.060,0.854,0.086
381500,0.063,0.850,0.087
382000,0.059,0.850,0.091
382500,0.062,0.857,0.081
383000,0.063,0.859,0.078
383500,0.061,0.858,0.081
384000,0.062,0.843,0.095
384500,0.064,0.847,0.089
385000,0.061,0.848,0.091
385500,0.057,0.859,0.084
386000,0.057,0.857,0.086
386500,0.059,0.853,0.088
387000,0.061,0.861,0.078
387500,0.062,0.848,0.090
388000,0.069,0.848,0.083
388500,0.068,0.841,0.091
389000,0.064,0.840,0.096
389500,0.065,0.855,0.080
390000,0.066,0.853,0.081
390500,0.067,0.856,0.077
391000,0.065,0.838,0.097
391500,0.073,0.832,0.095
392000,0.073,0.829,0.098
392500,0.068,0.827,0.105
393000,0.073,0.827,0.100
393500,0.069,0.818,0.113
394000,0.070,0.813,0.117
394500,0.072,0.799,0.129
395000,0.071,0.796,0.133
395500,0.065,0.802,0.133
396000,0.065,0.804,0.131
396500,0.065,0.819,0.116
397000,0.070,0.817,0.113
397500,0.066,0.834,0.100
398000,0.062,0.820,0.118
398500,0.062,0.836,0.102
399000,0.061,0.834,0.105
399500,0.068,0.833,0.099
400000,0.077,0.828,0.095
400500,0.072,0.828,0.100
401000,0.069,0.812,0.119
401500,0.065,0.807,0.128
402000,0.070,0.812,0.118
402500,0.064,0.822,0.114
403000,0.069,0.813,0.118
403500,0.072,0.822,0.106
404000,0.070,0.823,0.107
404500,0.066,0.813,0.121
405000,0.068,0.798,0.134
405500,0.061,0.804,0.135
406000,0.064,0.814,0.122
406500,0.066,0.827,0.107
407000,0.065,0.838,0.097
407500,0.070,0.833,0.097
408000,0.070,0.814,0.116
408500,0.065,0.815,0.120
409000,0.072,0.818,0.110
409500,0.069,0.814,0.117
410000,0.082,0.803,0.115
410500,0.074,0.800,0.126
411000,0.077,0.800,0.123
411500,0.081,0.811,0.108
412000,0.082,0.808,0.110
412500,0.076,0.812,0.112
413000,0.089,0.804,0.107
413500,0.080,0.815,0.105
414000,0.075,0.823,0.102
414500,0.071,0.823,0.106
415000,0.066,0.825,0.109
415500,0.061,0.822,0.117
416000,0.063,0.825,0.112
416500,0.067,0.822,0.111
417000,0.062,0.817,0.121
417500,0.060,0.827,0.113
418000,0.071,0.820,0.109
418500,0.080,0.821,0.099
419000,0.073,0.821,0.106
419500,0.069,0.815,0.116
420000,0.068,0.827,0.105
420500,0.066,0.810,0.124
421000,0.065,0.816,0.119
421500,0.073,0.790,0.137
422000,0.070,0.779,0.151
422500,0.074,0.786,0.140
423000,0.076,0.792,0.132
423500,0.072,0.800,0.128
424000,0.066,0.800,0.134
424500,0.065,0.806,0.129
425000,0.068,0.813,0.119
425500,0.067,0.801,0.132
426000,0.068,0.808,0.124
426500,0.067,0.821,0.112
427000,0.065,0.819,0.116
427500,0.064,0.811,0.125
428000,0.064,0.816,0.120
428500,0.069,0.811,0.120
429000,0.067,0.819,0.114
429500,0.067,0.814,0.119
430000,0.068,0.816,0.116
430500,0.075,0.807,0.118
431000,0.074,0.802,0.124
431500,0.070,0.812,0.118
432000,0.072,0.809,0.119
432500,0.074,0.807,0.119
433000,0.077,0.814,0.109
433500,0.071,0.792,0.137
434000,0.071,0.801,0.128
434500,0.068,0.824,0.108
435000,0.067,0.816,0.117
435500,0.070,0.817,0.113
436000,0.076,0.821,0.103
436500,0.070,0.826,0.104
437000,0.068,0.827,0.105
437500,0.065,0.830,0.105
438000,0.065,0.832,0.103
438500,0.062,0.827,0.111
439000,0.068,0.825,0.107
439500,0.069,0.827,0.104
440000,0.074,0.823,0.103
440500,0.071,0.825,0.104
441000,0.074,0.829,0.097
441500,0.070,0.828,0.102
442000,0.076,0.818,0.106
442500,0.070,0.813,0.117
443000,0.067,0.823,0.110
443500,0.061,0.829,0.110
444000,0.061,0.819,0.120
444500,0.059,0.824,0.117
445000,0.055,0.831,0.114
445500,0.058,0.841,0.101
446000,0.065,0.844,0.091
446500,0.065,0.842,0.093
447000,0.065,0.835,0.100
447500,0.065,0.834,0.101
448000,0.064,0.835,0.101
448500,0.072,0.826,0.102
449000,0.077,0.808,0.115
449500,0.077,0.805,0.118
450000,0.071,0.802,0.127
450500,0.072,0.798,0.130
451000,0.070,0.802,0.128
451500,0.072,0.800,0.128
452000,0.065,0.811,0.124
452500,0.065,0.822,0.113
453000,0.068,0.820,0.112
453500,0.070,0.823,0.107
454000,0.079,0.827,0.094
454500,0.077,0.831,0.092
455000,0.071,0.819,0.110
455500,0.065,0.817,0.118
456000,0.064,0.811,0.125
456500,0.070,0.797,0.133
457000,0.064,0.816,0.120
457500,0.067,0.811,0.122
458000,0.071,0.817,0.112
458500,0.070,0.825,0.105
459000,0.064,0.816,0.120
459500,0.063,0.821,0.116
460000,0.067,0.824,0.109
460500,0.068,0.831,0.101
461000,0.063,0.834,0.103
461500,0.060,0.852,0.088
462000,0.057,0.844,0.099
462500,0.060,0.859,0.081
463000,0.057,0.847,0.096
463500,0.063,0.853,0.084
464000,0.060,0.848,0.092
464500,0.062,0.839,0.099
465000,0.061,0.842,0.097
465500,0.057,0.852,0.091
466000,0.058,0.860,0.082
466500,0.059,0.845,0.096
467000,0.062,0.835,0.103
467500,0.066,0.833,0.101
468000,0.066,0.839,0.095
468500,0.070,0.839,0.091
469000,0.063,0.834,0.103
469500,0.064,0.847,0.089
470000,0.061,0.843,0.096
470500,0.060,0.840,0.100
471000,0.064,0.848,0.088
471500,0.054,0.858,0.088
472000,0.057,0.857,0.086
472500,0.055,0.856,0.089
473000,0.055,0.867,0.078
473500,0.054,0.868,0.078
474000,0.055,0.869,0.076
474500,0.054,0.872,0.074
475000,0.053,0.868,0.079
475500,0.054,0.864,0.082
476000,0.054,0.861,0.085
476500,0.057,0.841,0.102
477000,0.058,0.826,0.116
477500,0.063,0.823,0.114
478000,0.070,0.830,0.100
478500,0.067,0.834,0.099
479000,0.066,0.836,0.098
479500,0.060,0.828,0.112
480000,0.061,0.817,0.122
480500,0.060,0.826,0.114
481000,0.065,0.828,0.107
481500,0.060,0.833,0.107
482000,0.061,0.841,0.098
482500,0.061,0.851,0.088
483000,0.063,0.847,0.090
483500,0.058,0.847,0.095
484000,0.058,0.849,0.093
484500,0.059,0.840,0.101
485000,0.060,0.845,0.095
485500,0.066,0.843,0.091
486000,0.065,0.839,0.096
486500,0.063,0.838,0.099
487000,0.064,0.839,0.097
487500,0.062,0.842,0.096
488000,0.067,0.850,0.083
488500,0.063,0.861,0.076
489000,0.060,0.853,0.087
489500,0.056,0.860,0.084
490000,0.056,0.862,0.082
490500,0.058,0.847,0.095
491000,0.058,0.847,0.095
491500,0.059,0.858,0.083
492000,0.063,0.850,0.087
492500,0.063,0.847,0.090
493000,0.062,0.867,0.071
493500,0.058,0.862,0.080
494000,0.059,0.860,0.081
494500,0.055,0.859,0.086
495000,0.057,0.844,0.099
495500,0.057,0.831,0.112
496000,0.054,0.832,0.114
496500,0.055,0.835,0.110
497000,0.061,0.831,0.108
497500,0.062,0.834,0.104
498000,0.064,0.833,0.103
498500,0.068,0.822,0.110
499000,0.066,0.841,0.093
499500,0.066,0.845,0.089
500000,0.066,0.841,0.093
500500,0.061,0.843,0.096
501000,0.057,0.844,0.099
501500,0.065,0.825,0.110
502000,0.068,0.811,0.121
502500,0.068,0.816,0.116
503000,0.069,0.814,0.117
503500,0.077,0.801,0.122
504000,0.071,0.798,0.131
504500,0.072,0.819,0.109
505000,0.069,0.828,0.103
505500,0.069,0.824,0.107
506000,0.069,0.817,0.114
506500,0.064,0.813,0.123
507000,0.070,0.814,0.116
507500,0.070,0.815,0.115
508000,0.070,0.822,0.108
508500,0.072,0.816,0.112
509000,0.070,0.829,0.101
509500,0.072,0.822,0.106
510000,0.072,0.820,0.108
510500,0.067,0.814,0.119
511000,0.069,0.812,0.119
511500,0.073,0.815,0.112
512000,0.065,0.811,0.124
512500,0.075,0.818,0.107
513000,0.082,0.811,0.107
513500,0.074,0.806,0.120
514000,0.073,0.790,0.137
514500,0.071,0.780,0.149
515000,0.082,0.779,0.139
515500,0.091,0.778,0.131
516000,0.093,0.779,0.128
516500,0.091,0.774,0.135
517000,0.083,0.776,0.141
517500,0.077,0.775,0.148
518000,0.078,0.804,0.118
518500,0.073,0.819,0.108
519000,0.074,0.810,0.116
519500,0.073,0.816,0.111
520000,0.068,0.815,0.117
520500,0.072,0.811,0.117
521000,0.069,0.818,0.113
521500,0.065,0.806,0.129
522000,0.069,0.797,0.134
522500,0.071,0.781,0.148
523000,0.069,0.787,0.144
523500,0.074,0.805,0.121
524000,0.076,0.798,0.126
524500,0.074,0.806,0.120
525000,0.067,0.783,0.150
525500,0.076,0.779,0.145
526000,0.080,0.786,0.134
526500,0.075,0.775,0.150
527000,0.080,0.782,0.138
527500,0.076,0.783,0.141
528000,0.077,0.781,0.142
528500,0.087,0.794,0.119
529000,0.084,0.791,0.125
529500,0.080,0.797,0.123
530000,0.076,0.798,0.126
530500,0.078,0.799,0.123
531000,0.085,0.798,0.117
531500,0.086,0.804,0.110
532000,0.087,0.796,0.117
532500,0.078,0.798,0.124
533000,0.075,0.803,0.122
533500,0.076,0.810,0.114
534000,0.069,0.814,0.117
534500,0.073,0.797,0.130
535000,0.076,0.801,0.123
535500,0.074,0.801,0.125
536000,0.071,0.809,0.120
536500,0.068,0.823,0.109
537000,0.069,0.842,0.089
537500,0.068,0.828,0.104
538000,0.066,0.817,0.117
538500,0.064,0.819,0.117
539000,0.067,0.811,0.122
539500,0.066,0.800,0.134
540000,0.067,0.811,0.122
540500,0.066,0.816,0.118
541000,0.069,0.810,0.121
541500,0.067,0.806,0.127
542000,0.065,0.810,0.125
542500,0.064,0.827,0.109
543000,0.062,0.837,0.101
543500,0.068,0.835,0.097
544000,0.066,0.840,0.094
544500,0.068,0.829,0.103
545000,0.065,0.834,0.101
545500,0.067,0.829,0.104
546000,0.071,0.808,0.121
546500,0.074,0.807,0.119
547000,0.073,0.820,0.107
547500,0.069,0.823,0.108
548000,0.070,0.822,0.108
548500,0.067,0.827,0.106
549000,0.065,0.828,0.107
549500,0.064,0.824,0.112
550000,0.066,0.820,0.114
550500,0.065,0.821,0.114
551000,0.065,0.817,0.118
551500,0.063,0.826,0.111
552000,0.065,0.833,0.102
552500,0.067,0.836,0.097
553000,0.061,0.842,0.097
553500,0.061,0.845,0.094
554000,0.062,0.841,0.097
554500,0.065,0.833,0.102
555000,0.065,0.844,0.091
555500,0.065,0.832,0.103
556000,0.065,0.827,0.108
556500,0.061,0.821,0.118
557000,0.063,0.816,0.121
557500,0.062,0.829,0.109
558000,0.066,0.841,0.093
558500,0.064,0.846,0.090
559000,0.061,0.851,0.088
559500,0.063,0.853,0.084
560000,0.064,0.854,0.082
560500,0.062,0.860,0.078
561000,0.064,0.853,0.083
561500,0.061,0.840,0.099
562000,0.065,0.828,0.107
562500,0.066,0.815,0.119
563000,0.068,0.808,0.124
563500,0.071,0.803,0.126
564000,0.075,0.798,0.127
564500,0.067,0.803,0.130
565000,0.067,0.814,0.119
565500,0.078,0.811,0.111
566000,0.078,0.805,0.117
566500,0.083,0.810,0.107
567000,0.085,0.786,0.129
567500,0.092,0.793,0.115
568000,0.092,0.769,0.139
568500,0.092,0.762,0.146
569000,0.085,0.753,0.162
569500,0.093,0.775,0.132
570000,0.084,0.770,0.146
570500,0.091,0.784,0.125
571000,0.084,0.783,0.133
571500,0.084,0.785,0.131
572000,0.084,0.783,0.133
572500,0.087,0.778,0.135
573000,0.081,0.797,0.122
573500,0.065,0.801,0.134
574000,0.067,0.827,0.106
574500,0.067,0.828,0.105
575000,0.062,0.809,0.129
575500,0.063,0.812,0.125
576000,0.069,0.814,0.117
576500,0.072,0.796,0.132
577000,0.073,0.803,0.124
577500,0.072,0.804,0.124
578000,0.071,0.800,0.129
578500,0.069,0.797,0.134
579000,0.062,0.814,0.124
579500,0.061,0.808,0.131
580000,0.058,0.817,0.125
580500,0.063,0.818,0.119
581000,0.064,0.818,0.118
581500,0.067,0.819,0.114
582000,0.068,0.829,0.103
582500,0.066,0.825,0.109
583000,0.074,0.815,0.111
583500,0.071,0.822,0.107
584000,0.070,0.825,0.105
584500,0.072,0.810,0.118
585000,0.074,0.812,0.114
585500,0.071,0.799,0.130
586000,0.078,0.804,0.118
586500,0.080,0.801,0.119
587000,0.083,0.810,0.107
587500,0.088,0.802,0.110
588000,0.080,0.798,0.122
588500,0.079,0.806,0.115
589000,0.072,0.793,0.135
589500,0.074,0.807,0.119
590000,0.071,0.794,0.135
590500,0.070,0.809,0.121
591000,0.064,0.826,0.110
591500,0.065,0.821,0.114
592000,0.058,0.830,0.112
592500,0.060,0.838,0.102
593000,0.061,0.832,0.107
593500,0.059,0.837,0.104
594000,0.070,0.838,0.092
594500,0.062,0.822,0.116
595000,0.061,0.823,0.116
595500,0.067,0.820,0.113
596000,0.068,0.831,0.101
596500,0.070,0.830,0.100
597000,0.081,0.808,0.111
597500,0.087,0.806,0.107
598000,0.082,0.796,0.122
598500,0.078,0.801,0.121
599000,0.066,0.805,0.129
599500,0.070,0.800,0.130
600000,0.069,0.806,0.125
600500,0.084,0.797,0.119
601000,0.072,0.803,0.125
601500,0.067,0.810,0.123
602000,0.066,0.814,0.120
602500,0.072,0.833,0.095
603000,0.068,0.830,0.102
603500,0.061,0.824,0.115
604000,0.054,0.812,0.134
604500,0.066,0.804,0.130
605000,0.071,0.811,0.118
605500,0.076,0.818,0.106
606000,0.072,0.822,0.106
606500,0.067,0.818,0.115
607000,0.073,0.807,0.120
607500,0.082,0.813,0.105
608000,0.074,0.802,0.124
608500,0.070,0.809,0.121
609000,0.068,0.818,0.114
609500,0.066,0.825,0.109
610000,0.061,0.826,0.113
610500,0.061,0.831,0.108
611000,0.065,0.825,0.110
611500,0.063,0.836,0.101
612000,0.062,0.829,0.109
612500,0.063,0.825,0.112
613000,0.058,0.826,0.116
613500,0.058,0.831,0.111
614000,0.065,0.828,0.107
614500,0.065,0.842,0.093
615000,0.059,0.825,0.116
615500,0.062,0.828,0.110
616000,0.062,0.835,0.103
616500,0.064,0.834,0.102
617000,0.063,0.842,0.095
617500,0.060,0.857,0.083
618000,0.060,0.857,0.083
618500,0.063,0.855,0.082
619000,0.066,0.853,0.081
619500,0.063,0.841,0.096
620000,0.063,0.843,0.094
620500,0.070,0.832,0.098
621000,0.070,0.844,0.086
621500,0.070,0.831,0.099
622000,0.065,0.838,0.097
622500,0.063,0.838,0.099
623000,0.064,0.851,0.085
623500,0.066,0.857,0.077
624000,0.061,0.855,0.084
624500,0.060,0.848,0.092
625000,0.063,0.840,0.097
625500,0.061,0.831,0.108
626000,0.060,0.829,0.111
626500,0.059,0.814,0.127
627000,0.063,0.808,0.129
627500,0.065,0.815,0.120
628000,0.069,0.830,0.101
628500,0.068,0.807,0.125
629000,0.064,0.827,0.109
629500,0.061,0.809,0.130
630000,0.065,0.811,0.124
630500,0.069,0.816,0.115
631000,0.072,0.806,0.122
631500,0.070,0.810,0.120
632000,0.070,0.809,0.121
632500,0.078,0.811,0.111
633000,0.077,0.809,0.114
633500,0.074,0.807,0.119
634000,0.074,0.793,0.133
634500,0.067,0.792,0.141
635000,0.065,0.806,0.129
635500,0.069,0.807,0.124
636000,0.073,0.818,0.109
636500,0.074,0.801,0.125
637000,0.069,0.816,0.115
637500,0.073,0.802,0.125
638000,0.071,0.817,0.112
638500,0.071,0.821,0.108
639000,0.078,0.808,0.114
639500,0.073,0.810,0.117
640000,0.070,0.820,0.110
640500,0.070,0.835,0.095
641000,0.074,0.824,0.102
641500,0.072,0.817,0.111
642000,0.076,0.815,0.109
642500,0.072,0.825,0.103
643000,0.072,0.816,0.112
643500,0.070,0.822,0.108
644000,0.067,0.827,0.106
644500,0.073,0.827,0.100
645000,0.072,0.810,0.118
645500,0.065,0.808,0.127
646000,0.068,0.812,0.120
646500,0.072,0.815,0.113
647000,0.074,0.818,0.108
647500,0.076,0.817,0.107
648000,0.077,0.805,0.118
648500,0.075,0.801,0.124
649000,0.068,0.802,0.130
649500,0.071,0.794,0.135
650000,0.072,0.817,0.111
650500,0.073,0.795,0.132
651000,0.080,0.794,0.126
651500,0.074,0.795,0.131
652000,0.078,0.788,0.134
652500,0.083,0.794,0.123
653000,0.076,0.791,0.133
653500,0.084,0.786,0.130
654000,0.076,0.775,0.149
654500,0.069,0.783,0.148
655000,0.075,0.801,0.124
655500,0.064,0.803,0.133
656000,0.063,0.786,0.151
656500,0.062,0.804,0.134
657000,0.065,0.818,0.117
657500,0.068,0.823,0.109
658000,0.066,0.830,0.104
658500,0.068,0.839,0.093
659000,0.065,0.832,0.103
659500,0.060,0.838,0.102
660000,0.059,0.829,0.112
660500,0.061,0.829,0.110
661000,0.066,0.828,0.106
661500,0.063,0.833,0.104
662000,0.067,0.827,0.106
662500,0.074,0.821,0.105
663000,0.062,0.822,0.116
663500,0.064,0.823,0.113
664000,0.067,0.830,0.103
664500,0.070,0.837,0.093
665000,0.074,0.817,0.109
665500,0.071,0.823,0.106
666000,0.074,0.813,0.113
666500,0.068,0.804,0.128
667000,0.066,0.800,0.134
667500,0.065,0.819,0.116
668000,0.067,0.824,0.109
668500,0.067,0.823,0.110
669000,0.075,0.817,0.108
669500,0.072,0.820,0.108
670000,0.075,0.807,0.118
670500,0.071,0.818,0.111
671000,0.076,0.812,0.112
671500,0.074,0.809,0.117
672000,0.074,0.808,0.118
672500,0.068,0.794,0.138
673000,0.075,0.793,0.132
673500,0.071,0.800,0.129
674000,0.075,0.807,0.118
674500,0.078,0.807,0.115
675000,0.072,0.825,0.103
675500,0.067,0.817,0.116
676000,0.071,0.822,0.107
676500,0.077,0.824,0.099
677000,0.076,0.818,0.106
677500,0.078,0.817,0.105
678000,0.077,0.820,0.103
678500,0.069,0.817,0.114
679000,0.076,0.802,0.122
679500,0.066,0.801,0.133
680000,0.060,0.811,0.129
680500,0.059,0.826,0.115
681000,0.062,0.834,0.104
681500,0.065,0.827,0.108
682000,0.064,0.819,0.117
682500,0.067,0.820,0.113
683000,0.066,0.820,0.114
683500,0.068,0.816,0.116
684000,0.066,0.845,0.089
684500,0.065,0.857,0.078
685000,0.065,0.853,0.082
685500,0.060,0.866,0.074
686000,0.059,0.868,0.073
686500,0.059,0.866,0.075
687000,0.058,0.872,0.070
687500,0.061,0.863,0.076
688000,0.063,0.854,0.083
688500,0.068,0.834,0.098
689000,0.065,0.834,0.101
689500,0.068,0.855,0.077
690000,0.063,0.850,0.087
690500,0.066,0.849,0.085
691000,0.067,0.851,0.082
691500,0.071,0.840,0.089
692000,0.067,0.827,0.106
692500,0.064,0.823,0.113
693000,0.068,0.821,0.111
693500,0.064,0.812,0.124
694000,0.066,0.811,0.123
694500,0.075,0.807,0.118
695000,0.075,0.807,0.118
695500,0.086,0.789,0.125
696000,0.083,0.802,0.115
696500,0.082,0.807,0.111
697000,0.076,0.792,0.132
697500,0.074,0.790,0.136
698000,0.075,0.799,0.126
698500,0.069,0.801,0.130
699000,0.071,0.807,0.122
699500,0.074,0.804,0.122
700000,0.070,0.805,0.125
700500,0.071,0.800,0.129
701000,0.071,0.799,0.130
701500,0.071,0.795,0.134
702000,0.075,0.781,0.144
702500,0.072,0.776,0.152
703000,0.075,0.776,0.149
703500,0.074,0.784,0.142
704000,0.081,0.789,0.130
704500,0.082,0.784,0.134
705000,0.078,0.781,0.141
705500,0.076,0.779,0.145
706000,0.079,0.792,0.129
706500,0.074,0.797,0.129
707000,0.068,0.815,0.117
707500,0.067,0.844,0.089
708000,0.069,0.853,0.078
708500,0.069,0.840,0.091
709000,0.065,0.821,0.114
709500,0.064,0.821,0.115
710000,0.067,0.816,0.117
710500,0.070,0.830,0.100
711000,0.072,0.837,0.091
711500,0.067,0.838,0.095
712000,0.068,0.845,0.087
712500,0.063,0.838,0.099
713000,0.064,0.851,0.085
713500,0.061,0.861,0.078
714000,0.060,0.858,0.082
714500,0.064,0.836,0.100
715000,0.066,0.838,0.096
715500,0.067,0.840,0.093
716000,0.060,0.826,0.114
716500,0.060,0.831,0.109
717000,0.058,0.833,0.109
717500,0.056,0.845,0.099
718000,0.055,0.863,0.082
718500,0.054,0.852,0.094
719000,0.056,0.861,0.083
719500,0.052,0.855,0.093
720000,0.054,0.828,0.118
720500,0.053,0.836,0.111
721000,0.054,0.832,0.114
721500,0.056,0.843,0.101
722000,0.064,0.837,0.099
722500,0.061,0.839,0.100
723000,0.058,0.853,0.089
723500,0.060,0.854,0.086
724000,0.063,0.863,0.074
724500,0.064,0.859,0.077
725000,0.061,0.859,0.080
725500,0.063,0.848,0.089
726000,0.067,0.836,0.097
726500,0.069,0.842,0.089
727000,0.067,0.845,0.088
727500,0.069,0.822,0.109
728000,0.067,0.818,0.115
728500,0.061,0.829,0.110
729000,0.064,0.820,0.116
729500,0.066,0.824,0.110
730000,0.072,0.814,0.114
730500,0.072,0.832,0.096
731000,0.080,0.831,0.089
731500,0.073,0.829,0.098
732000,0.080,0.820,0.100
732500,0.078,0.818,0.104
733000,0.075,0.823,0.102
733500,0.078,0.820,0.102
734000,0.071,0.819,0.110
734500,0.073,0.815,0.112
735000,0.072,0.802,0.126
735500,0.069,0.804,0.127
736000,0.065,0.819,0.116
736500,0.060,0.831,0.109
737000,0.060,0.826,0.114
737500,0.063,0.829,0.108
738000,0.067,0.831,0.102
738500,0.066,0.845,0.089
739000,0.064,0.839,0.097
739500,0.066,0.833,0.101
740000,0.068,0.829,0.103
740500,0.066,0.826,0.108
741000,0.067,0.824,0.109
741500,0.060,0.834,0.106
742000,0.065,0.842,0.093
742500,0.069,0.836,0.095
743000,0.072,0.815,0.113
743500,0.066,0.822,0.112
744000,0.063,0.820,0.117
744500,0.064,0.841,0.095
745000,0.064,0.830,0.106
745500,0.062,0.838,0.100
746000,0.069,0.827,0.104
746500,0.066,0.810,0.124
747000,0.068,0.811,0.121
747500,0.066,0.810,0.124
748000,0.065,0.818,0.117
748500,0.071,0.821,0.108
749000,0.077,0.805,0.118
749500,0.076,0.803,0.121
750000,0.075,0.793,0.132
750500,0.078,0.784,0.138
751000,0.074,0.790,0.136
751500,0.081,0.795,0.124
752000,0.077,0.804,0.119
752500,0.074,0.824,0.102
753000,0.077,0.814,0.109
753500,0.070,0.822,0.108
754000,0.068,0.821,0.111
754500,0.069,0.803,0.128
755000,0.078,0.792,0.130
755500,0.078,0.789,0.133
756000,0.073,0.794,0.133
756500,0.076,0.804,0.120
757000,0.076,0.814,0.110
757500,0.078,0.816,0.106
758000,0.072,0.807,0.121
758500,0.068,0.817,0.115
759000,0.065,0.824,0.111
759500,0.061,0.844,0.095
760000,0.066,0.835,0.099
760500,0.066,0.838,0.096
761000,0.063,0.833,0.104
761500,0.063,0.841,0.096
762000,0.066,0.840,0.094
762500,0.067,0.828,0.105
763000,0.064,0.846,0.090
763500,0.069,0.842,0.089
764000,0.071,0.838,0.091
764500,0.066,0.844,0.090
765000,0.061,0.850,0.089
765500,0.062,0.844,0.094
766000,0.061,0.844,0.095
766500,0.061,0.844,0.095
767000,0.072,0.831,0.097
767500,0.074,0.837,0.089
768000,0.072,0.832,0.096
768500,0.073,0.835,0.092
769000,0.079,0.836,0.085
769500,0.071,0.825,0.104
770000,0.066,0.820,0.114
770500,0.065,0.816,0.119
771000,0.066,0.826,0.108
771500,0.070,0.835,0.095
772000,0.070,0.839,0.091
772500,0.067,0.832,0.101
773000,0.064,0.829,0.107
773500,0.066,0.821,0.113
774000,0.073,0.825,0.102
774500,0.070,0.802,0.128
775000,0.070,0.808,0.122
775500,0.070,0.817,0.113
776000,0.075,0.811,0.114
776500,0.074,0.805,0.121
777000,0.090,0.788,0.122
777500,0.086,0.777,0.137
778000,0.080,0.775,0.145
778500,0.084,0.787,0.129
779000,0.083,0.787,0.130
779500,0.080,0.798,0.122
780000,0.076,0.809,0.115
780500,0.080,0.799,0.121
781000,0.074,0.809,0.117
781500,0.079,0.810,0.111
782000,0.074,0.797,0.129
782500,0.077,0.797,0.126
783000,0.082,0.793,0.125
783500,0.080,0.804,0.116
784000,0.075,0.821,0.104
784500,0.075,0.813,0.112
785000,0.077,0.800,0.123
785500,0.083,0.776,0.141
786000,0.080,0.769,0.151
786500,0.089,0.772,0.139
787000,0.079,0.778,0.143
787500,0.079,0.792,0.129
788000,0.082,0.804,0.114
788500,0.076,0.807,0.117
789000,0.068,0.813,0.119
789500,0.067,0.821,0.112
790000,0.065,0.828,0.107
790500,0.066,0.834,0.100
791000,0.062,0.830,0.108
791500,0.061,0.826,0.113
792000,0.060,0.826,0.114
792500,0.064,0.827,0.109
793000,0.065,0.831,0.104
793500,0.060,0.839,0.101
794000,0.063,0.842,0.095
794500,0.058,0.838,0.104
795000,0.058,0.838,0.104
795500,0.066,0.840,0.094
796000,0.063,0.849,0.088
796500,0.067,0.852,0.081
797000,0.067,0.846,0.087
797500,0.065,0.839,0.096
798000,0.070,0.843,0.087
798500,0.072,0.832,0.096
799000,0.069,0.842,0.089
799500,0.062,0.847,0.091
800000,0.064,0.845,0.091
800500,0.063,0.836,0.101
801000,0.063,0.831,0.106
801500,0.065,0.847,0.088
802000,0.070,0.842,0.088
802500,0.064,0.849,0.087
803000,0.061,0.850,0.089
803500,0.060,0.841,0.099
804000,0.067,0.845,0.088
804500,0.068,0.845,0.087
805000,0.064,0.842,0.094
805500,0.060,0.836,0.104
806000,0.061,0.820,0.119
806500,0.062,0.805,0.133
807000,0.063,0.819,0.118
807500,0.067,0.808,0.125
808000,0.067,0.802,0.131
808500,0.074,0.791,0.135
809000,0.071,0.789,0.140
809500,0.068,0.798,0.134
810000,0.067,0.798,0.135
810500,0.069,0.784,0.147
811000,0.072,0.802,0.126
811500,0.077,0.822,0.101
812000,0.074,0.830,0.096
812500,0.067,0.807,0.126
813000,0.062,0.821,0.117
813500,0.065,0.835,0.100
814000,0.065,0.834,0.101
814500,0.065,0.823,0.112
815000,0.066,0.824,0.110
815500,0.067,0.803,0.130
816000,0.068,0.814,0.118
816500,0.068,0.818,0.114
817000,0.064,0.809,0.127
817500,0.066,0.816,0.118
818000,0.065,0.821,0.114
818500,0.064,0.816,0.120
819000,0.063,0.818,0.119
819500,0.062,0.809,0.129
820000,0.063,0.813,0.124
820500,0.063,0.812,0.125
821000,0.064,0.809,0.127
821500,0.065,0.822,0.113
822000,0.059,0.833,0.108
822500,0.062,0.829,0.109
823000,0.062,0.822,0.116
823500,0.069,0.819,0.112
824000,0.072,0.816,0.112
824500,0.072,0.809,0.119
825000,0.071,0.810,0.119
825500,0.065,0.816,0.119
826000,0.065,0.840,0.095
826500,0.065,0.836,0.099
827000,0.067,0.833,0.100
827500,0.064,0.837,0.099
828000,0.068,0.829,0.103
828500,0.061,0.824,0.115
829000,0.058,0.823,0.119
829500,0.058,0.837,0.105
830000,0.053,0.852,0.095
830500,0.056,0.855,0.089
831000,0.059,0.858,0.083
831500,0.060,0.855,0.085
832000,0.060,0.865,0.075
832500,0.061,0.853,0.086
833000,0.058,0.857,0.085
833500,0.066,0.835,0.099
834000,0.063,0.848,0.089
834500,0.067,0.830,0.103
835000,0.067,0.840,0.093
835500,0.064,0.854,0.082
836000,0.060,0.866,0.074
836500,0.059,0.862,0.079
837000,0.058,0.867,0.075
837500,0.061,0.859,0.080
838000,0.060,0.862,0.078
838500,0.063,0.850,0.087
839000,0.062,0.848,0.090
839500,0.060,0.848,0.092
840000,0.058,0.843,0.099
840500,0.060,0.840,0.100
841000,0.060,0.848,0.092
841500,0.059,0.842,0.099
842000,0.065,0.836,0.099
842500,0.066,0.836,0.098
843000,0.070,0.829,0.101
843500,0.065,0.820,0.115
844000,0.077,0.829,0.094
844500,0.076,0.826,0.098
845000,0.072,0.839,0.089
845500,0.072,0.830,0.098
846000,0.076,0.826,0.098
846500,0.078,0.824,0.098
847000,0.072,0.823,0.105
847500,0.066,0.818,0.116
848000,0.065,0.815,0.120
848500,0.064,0.836,0.100
849000,0.066,0.832,0.102
849500,0.063,0.839,0.098
850000,0.058,0.828,0.114
850500,0.062,0.834,0.104
851000,0.062,0.843,0.095
851500,0.062,0.851,0.087
852000,0.061,0.847,0.092
852500,0.058,0.850,0.092
853000,0.061,0.849,0.090
853500,0.065,0.851,0.084
854000,0.067,0.840,0.093
854500,0.063,0.849,0.088
855000,0.062,0.855,0.083
855500,0.066,0.838,0.096
856000,0.060,0.823,0.117
856500,0.062,0.813,0.125
857000,0.064,0.832,0.104
857500,0.063,0.846,0.091
858000,0.063,0.854,0.083
858500,0.060,0.855,0.085
859000,0.059,0.855,0.086
859500,0.057,0.856,0.087
860000,0.059,0.854,0.087
860500,0.054,0.848,0.098
861000,0.059,0.850,0.091
861500,0.063,0.835,0.102
862000,0.062,0.815,0.123
862500,0.064,0.821,0.115
863000,0.066,0.827,0.107
863500,0.063,0.844,0.093
864000,0.070,0.837,0.093
864500,0.065,0.823,0.112
865000,0.069,0.834,0.097
865500,0.069,0.823,0.108
866000,0.074,0.821,0.105
866500,0.075,0.829,0.096
867000,0.071,0.823,0.106
867500,0.068,0.825,0.107
868000,0.070,0.824,0.106
868500,0.068,0.825,0.107
869000,0.067,0.821,0.112
869500,0.070,0.827,0.103
870000,0.065,0.821,0.114
870500,0.063,0.838,0.099
871000,0.062,0.840,0.098
871500,0.066,0.837,0.097
872000,0.063,0.845,0.092
872500,0.060,0.852,0.088
873000,0.061,0.854,0.085
873500,0.062,0.838,0.100
874000,0.062,0.828,0.110
874500,0.063,0.839,0.098
875000,0.066,0.830,0.104
875500,0.064,0.840,0.096
876000,0.068,0.829,0.103
876500,0.065,0.840,0.095
877000,0.064,0.832,0.104
877500,0.064,0.832,0.104
878000,0.069,0.832,0.099
878500,0.064,0.827,0.109
879000,0.066,0.830,0.104
879500,0.067,0.837,0.096
880000,0.065,0.843,0.092
880500,0.061,0.848,0.091
881000,0.064,0.853,0.083
881500,0.059,0.858,0.083
882000,0.061,0.851,0.088
882500,0.059,0.845,0.096
883000,0.065,0.838,0.097
883500,0.065,0.833,0.102
884000,0.064,0.836,0.100
884500,0.062,0.849,0.089
885000,0.060,0.843,0.097
885500,0.057,0.845,0.098
886000,0.060,0.852,0.088
886500,0.054,0.854,0.092
887000,0.056,0.867,0.077
887500,0.053,0.869,0.078
888000,0.055,0.872,0.073
888500,0.052,0.857,0.091
889000,0.055,0.842,0.103
889500,0.056,0.851,0.093
890000,0.057,0.851,0.092
890500,0.061,0.861,0.078
891000,0.061,0.855,0.084
891500,0.057,0.847,0.096
892000,0.056,0.852,0.092
892500,0.056,0.852,0.092
893000,0.060,0.861,0.079
893500,0.056,0.859,0.085
894000,0.063,0.855,0.082
894500,0.064,0.849,0.087
895000,0.065,0.838,0.097
895500,0.068,0.840,0.092
896000,0.068,0.844,0.088
896500,0.070,0.850,0.080
897000,0.066,0.839,0.095
897500,0.070,0.839,0.091
898000,0.063,0.851,0.086
898500,0.063,0.854,0.083
899000,0.059,0.852,0.089
899500,0.062,0.853,0.085
900000,0.065,0.851,0.084
900500,0.063,0.840,0.097
901000,0.065,0.832,0.103
901500,0.066,0.834,0.100
902000,0.067,0.811,0.122
902500,0.064,0.805,0.131
903000,0.069,0.808,0.123
903500,0.069,0.814,0.117
904000,0.075,0.812,0.113
904500,0.075,0.809,0.116
905000,0.074,0.794,0.132
905500,0.064,0.791,0.145
906000,0.065,0.813,0.122
906500,0.071,0.829,0.100
907000,0.066,0.814,0.120
907500,0.074,0.811,0.115
908000,0.074,0.811,0.115
908500,0.079,0.803,0.118
909000,0.082,0.792,0.126
909500,0.083,0.802,0.115
910000,0.080,0.788,0.132
910500,0.075,0.810,0.115
911000,0.078,0.803,0.119
911500,0.077,0.803,0.120
912000,0.080,0.811,0.109
912500,0.077,0.808,0.115
913000,0.077,0.819,0.104
913500,0.076,0.812,0.112
914000,0.070,0.812,0.118
914500,0.076,0.795,0.129
915000,0.075,0.801,0.124
915500,0.073,0.810,0.117
916000,0.064,0.815,0.121
916500,0.069,0.825,0.106
917000,0.065,0.833,0.102
917500,0.065,0.832,0.103
918000,0.061,0.850,0.089
918500,0.062,0.853,0.085
919000,0.061,0.848,0.091
919500,0.059,0.840,0.101
920000,0.058,0.847,0.095
920500,0.062,0.834,0.104
921000,0.060,0.843,0.097
921500,0.059,0.853,0.088
922000,0.058,0.849,0.093
922500,0.064,0.835,0.101
923000,0.068,0.839,0.093
923500,0.064,0.840,0.096
924000,0.064,0.822,0.114
924500,0.061,0.816,0.123
925000,0.064,0.816,0.120
925500,0.061,0.825,0.114
926000,0.063,0.832,0.105
926500,0.061,0.834,0.105
927000,0.063,0.840,0.097
927500,0.058,0.846,0.096
928000,0.059,0.836,0.105
928500,0.061,0.838,0.101
929000,0.063,0.839,0.098
929500,0.064,0.830,0.106
930000,0.062,0.833,0.105
930500,0.057,0.839,0.104
931000,0.058,0.837,0.105
931500,0.071,0.827,0.102
932000,0.064,0.829,0.107
932500,0.060,0.821,0.119
933000,0.061,0.819,0.120
933500,0.064,0.824,0.112
934000,0.070,0.841,0.089
934500,0.069,0.824,0.107
935000,0.070,0.816,0.114
935500,0.068,0.824,0.108
936000,0.072,0.817,0.111
936500,0.077,0.813,0.110
937000,0.077,0.808,0.115
937500,0.070,0.814,0.116
938000,0.064,0.824,0.112
938500,0.069,0.813,0.118
939000,0.070,0.812,0.118
939500,0.067,0.843,0.090
940000,0.064,0.831,0.105
940500,0.067,0.819,0.114
941000,0.073,0.817,0.110
941500,0.071,0.813,0.116
942000,0.069,0.799,0.132
942500,0.063,0.824,0.113
943000,0.064,0.827,0.109
943500,0.063,0.828,0.109
944000,0.069,0.821,0.110
944500,0.069,0.827,0.104
945000,0.067,0.820,0.113
945500,0.067,0.822,0.111
946000,0.071,0.821,0.108
946500,0.070,0.823,0.107
947000,0.067,0.822,0.111
947500,0.060,0.829,0.111
948000,0.065,0.832,0.103
948500,0.070,0.833,0.097
949000,0.066,0.827,0.107
949500,0.063,0.828,0.109
950000,0.072,0.825,0.103
950500,0.069,0.825,0.106
951000,0.062,0.825,0.113
951500,0.067,0.834,0.099
952000,0.065,0.832,0.103
952500,0.064,0.826,0.110
953000,0.066,0.850,0.084
953500,0.066,0.829,0.105
954000,0.063,0.837,0.100
954500,0.063,0.837,0.100
955000,0.060,0.852,0.088
955500,0.065,0.845,0.090
956000,0.067,0.839,0.094
956500,0.070,0.840,0.090
957000,0.068,0.838,0.094
957500,0.064,0.838,0.098
958000,0.069,0.846,0.085
958500,0.071,0.842,0.087
959000,0.068,0.837,0.095
959500,0.070,0.842,0.088
960000,0.065,0.834,0.101
960500,0.064,0.834,0.102
961000,0.067,0.837,0.096
961500,0.070,0.834,0.096
962000,0.067,0.846,0.087
962500,0.068,0.843,0.089
963000,0.068,0.820,0.112
963500,0.071,0.802,0.127
964000,0.071,0.812,0.117
964500,0.071,0.823,0.106
965000,0.070,0.834,0.096
965500,0.073,0.824,0.103
966000,0.073,0.823,0.104
966500,0.070,0.837,0.093
967000,0.070,0.822,0.108
967500,0.073,0.825,0.102
968000,0.072,0.830,0.098
968500,0.062,0.837,0.101
969000,0.059,0.844,0.097
969500,0.061,0.838,0.101
970000,0.060,0.846,0.094
970500,0.065,0.839,0.096
971000,0.069,0.836,0.095
971500,0.064,0.827,0.109
972000,0.063,0.835,0.102
972500,0.067,0.833,0.100
973000,0.062,0.844,0.094
973500,0.064,0.840,0.096
974000,0.058,0.830,0.112
974500,0.057,0.846,0.097
975000,0.060,0.844,0.096
975500,0.061,0.832,0.107
976000,0.069,0.829,0.102
976500,0.066,0.826,0.108
977000,0.065,0.814,0.121
977500,0.070,0.812,0.118
978000,0.066,0.822,0.112
978500,0.070,0.819,0.111
979000,0.069,0.821,0.110
979500,0.064,0.832,0.104
980000,0.065,0.834,0.101
980500,0.065,0.838,0.097
981000,0.058,0.832,0.110
981500,0.061,0.826,0.113
982000,0.060,0.827,0.113
982500,0.059,0.827,0.114
983000,0.062,0.830,0.108
983500,0.060,0.837,0.103
984000,0.066,0.833,0.101
984500,0.061,0.851,0.088
985000,0.059,0.857,0.084
985500,0.061,0.845,0.094
986000,0.058,0.844,0.098
986500,0.063,0.845,0.092
987000,0.064,0.825,0.111
987500,0.064,0.819,0.117
988000,0.068,0.820,0.112
988500,0.074,0.818,0.108
989000,0.076,0.809,0.115
989500,0.081,0.810,0.109
990000,0.080,0.812,0.108
990500,0.080,0.810,0.110
991000,0.071,0.805,0.124
991500,0.073,0.796,0.131
992000,0.069,0.787,0.144
992500,0.077,0.792,0.131
993000,0.088,0.783,0.129
993500,0.084,0.792,0.124
994000,0.083,0.793,0.124
994500,0.078,0.788,0.134
995000,0.076,0.783,0.141
995500,0.085,0.778,0.137
996000,0.080,0.781,0.139
996500,0.083,0.770,0.147
997000,0.074,0.785,0.141
997500,0.073,0.784,0.143
998000,0.075,0.768,0.157
998500,0.078,0.778,0.144
999000,0.082,0.787,0.131
999500,0.078,0.809,0.113
1000000,0.076,0.823,0.101
