time,n_A+p,n_B,n_AB
100,0.393,0.508,0.099
200,0.355,0.496,0.149
300,0.339,0.483,0.178
400,0.331,0.479,0.190
500,0.322,0.496,0.182
600,0.281,0.508,0.211
700,0.302,0.512,0.186
800,0.248,0.512,0.240
900,0.256,0.566,0.178
1000,0.244,0.616,0.140
1100,0.215,0.645,0.140
1200,0.198,0.640,0.161
1300,0.186,0.674,0.140
1400,0.140,0.744,0.116
1500,0.087,0.764,0.149
1600,0.058,0.814,0.128
1700,0.045,0.864,0.091
1800,0.054,0.868,0.079
1900,0.041,0.868,0.091
2000,0.050,0.876,0.074
2100,0.037,0.884,0.079
2200,0.025,0.913,0.062
2300,0.017,0.917,0.066
2400,0.012,0.930,0.058
2500,0.008,0.955,0.037
2600,0.004,0.971,0.025
2700,0.012,0.963,0.025
2800,0.004,0.975,0.021
2900,0.000,0.979,0.021
3000,0.000,0.979,0.021
3100,0.000,0.983,0.017
3200,0.000,0.988,0.012
3300,0.000,0.988,0.012
3400,0.000,0.992,0.008
3500,0.000,0.992,0.008
3600,0.000,0.992,0.008
3700,0.000,0.992,0.008
3800,0.000,0.992,0.008
3900,0.000,0.992,0.008
4000,0.000,0.992,0.008
4100,0.000,0.996,0.004
4200,0.000,1.000,0.000
