time,n_A+p,n_B,n_AB,avg_entropy_simp
500,0.031,0.960,0.009,0.091841
1000,0.033,0.950,0.017,0.137982
1500,0.031,0.947,0.022,0.112493
2000,0.031,0.942,0.028,0.114285
2500,0.031,0.933,0.037,0.136671
3000,0.034,0.925,0.041,0.132409
3500,0.037,0.919,0.044,0.152119
4000,0.033,0.934,0.034,0.100673
4500,0.035,0.924,0.041,0.130082
5000,0.036,0.931,0.034,0.111712
5500,0.037,0.925,0.038,0.134008
6000,0.039,0.917,0.044,0.163886
6500,0.038,0.908,0.054,0.192884
7000,0.039,0.913,0.048,0.168786
7500,0.041,0.875,0.084,0.219414
8000,0.047,0.866,0.087,0.232333
8500,0.044,0.853,0.103,0.247634
9000,0.041,0.865,0.094,0.233902
9500,0.048,0.859,0.093,0.201240
10000,0.053,0.868,0.079,0.185332
10500,0.048,0.877,0.075,0.205495
11000,0.042,0.893,0.065,0.174229
11500,0.046,0.871,0.083,0.219779
12000,0.055,0.868,0.077,0.192504
12500,0.045,0.879,0.076,0.192505
13000,0.050,0.892,0.058,0.170913
13500,0.050,0.867,0.083,0.236329
14000,0.047,0.867,0.086,0.210410
14500,0.042,0.854,0.104,0.226319
15000,0.043,0.859,0.098,0.230166
15500,0.047,0.860,0.093,0.197371
16000,0.041,0.863,0.096,0.210582
16500,0.050,0.859,0.091,0.198141
17000,0.061,0.844,0.095,0.186203
17500,0.058,0.848,0.094,0.173154
18000,0.058,0.854,0.088,0.220211
18500,0.053,0.855,0.092,0.230326
19000,0.044,0.861,0.095,0.188971
19500,0.064,0.842,0.094,0.235648
20000,0.067,0.844,0.089,0.252065
20500,0.057,0.859,0.084,0.202468
21000,0.054,0.877,0.068,0.184621
21500,0.051,0.894,0.055,0.146404
22000,0.063,0.863,0.074,0.191318
22500,0.065,0.857,0.078,0.194464
23000,0.063,0.852,0.085,0.225136
23500,0.060,0.823,0.116,0.255101
24000,0.073,0.834,0.094,0.239590
24500,0.062,0.830,0.107,0.256833
25000,0.068,0.819,0.112,0.281800
25500,0.066,0.842,0.092,0.215377
26000,0.053,0.859,0.088,0.191695
26500,0.055,0.849,0.096,0.240814
27000,0.059,0.853,0.088,0.203033
27500,0.049,0.840,0.111,0.230314
28000,0.064,0.819,0.116,0.256638
28500,0.070,0.815,0.114,0.265266
29000,0.063,0.819,0.117,0.274057
29500,0.075,0.815,0.110,0.271697
30000,0.067,0.834,0.099,0.226019
30500,0.060,0.822,0.117,0.272709
31000,0.051,0.847,0.102,0.204115
31500,0.048,0.852,0.100,0.216804
32000,0.058,0.859,0.083,0.222033
32500,0.055,0.865,0.080,0.163685
33000,0.056,0.851,0.093,0.222703
33500,0.054,0.849,0.097,0.211736
34000,0.055,0.874,0.070,0.152375
34500,0.061,0.862,0.077,0.196885
35000,0.062,0.866,0.072,0.195271
35500,0.060,0.864,0.076,0.210259
36000,0.048,0.870,0.082,0.163423
36500,0.048,0.858,0.094,0.220331
37000,0.050,0.882,0.068,0.132321
37500,0.045,0.868,0.087,0.182793
38000,0.047,0.870,0.083,0.200039
38500,0.055,0.849,0.096,0.237358
39000,0.053,0.869,0.078,0.198192
39500,0.056,0.875,0.068,0.167527
40000,0.051,0.874,0.075,0.179915
40500,0.055,0.872,0.073,0.183262
41000,0.065,0.849,0.086,0.223326
41500,0.065,0.850,0.085,0.238389
42000,0.059,0.860,0.081,0.202536
42500,0.052,0.871,0.077,0.186675
43000,0.059,0.865,0.076,0.198411
43500,0.064,0.868,0.067,0.188831
44000,0.062,0.856,0.082,0.207175
44500,0.061,0.851,0.088,0.210606
45000,0.057,0.854,0.089,0.210614
45500,0.054,0.852,0.094,0.227652
46000,0.047,0.888,0.065,0.138613
46500,0.045,0.886,0.069,0.176746
47000,0.047,0.904,0.049,0.129527
47500,0.044,0.902,0.054,0.139019
48000,0.043,0.908,0.049,0.142108
48500,0.047,0.901,0.052,0.133873
49000,0.046,0.895,0.059,0.181512
49500,0.044,0.913,0.043,0.127360
50000,0.039,0.901,0.060,0.125674
50500,0.043,0.906,0.051,0.130260
51000,0.043,0.909,0.048,0.124112
51500,0.044,0.894,0.062,0.201239
52000,0.048,0.892,0.060,0.169371
52500,0.040,0.896,0.064,0.179485
53000,0.041,0.867,0.092,0.222815
53500,0.046,0.890,0.064,0.162700
54000,0.040,0.897,0.063,0.153687
54500,0.044,0.877,0.079,0.159241
55000,0.045,0.878,0.077,0.156048
55500,0.043,0.870,0.087,0.181374
56000,0.050,0.867,0.083,0.184602
56500,0.043,0.876,0.081,0.159811
57000,0.050,0.853,0.097,0.200676
57500,0.051,0.855,0.094,0.189286
58000,0.055,0.848,0.097,0.200394
58500,0.057,0.839,0.104,0.213248
59000,0.053,0.849,0.098,0.216905
59500,0.055,0.846,0.099,0.198520
60000,0.053,0.854,0.093,0.187628
60500,0.052,0.856,0.092,0.184323
61000,0.047,0.864,0.089,0.174127
61500,0.046,0.842,0.112,0.226695
62000,0.050,0.844,0.106,0.236287
62500,0.050,0.840,0.110,0.235362
63000,0.058,0.836,0.106,0.260349
63500,0.057,0.832,0.110,0.244824
64000,0.060,0.856,0.084,0.193688
64500,0.074,0.836,0.091,0.238509
65000,0.070,0.831,0.098,0.238932
65500,0.076,0.809,0.115,0.247154
66000,0.070,0.821,0.108,0.281406
66500,0.086,0.804,0.110,0.310752
67000,0.080,0.798,0.123,0.263662
67500,0.070,0.805,0.125,0.300680
68000,0.074,0.819,0.107,0.212710
68500,0.066,0.836,0.098,0.211908
69000,0.063,0.830,0.106,0.231628
69500,0.083,0.802,0.115,0.278196
70000,0.067,0.815,0.117,0.246354
70500,0.061,0.838,0.101,0.200119
71000,0.049,0.847,0.104,0.186351
71500,0.049,0.842,0.109,0.196907
72000,0.060,0.834,0.106,0.227794
72500,0.053,0.857,0.090,0.177178
73000,0.051,0.850,0.099,0.196127
73500,0.051,0.848,0.101,0.201808
74000,0.052,0.858,0.090,0.193213
74500,0.045,0.862,0.093,0.179353
75000,0.043,0.877,0.080,0.136760
75500,0.042,0.868,0.090,0.170697
76000,0.044,0.870,0.086,0.149960
76500,0.044,0.880,0.076,0.169553
77000,0.047,0.878,0.075,0.168959
77500,0.050,0.869,0.081,0.179290
78000,0.048,0.837,0.115,0.235476
78500,0.055,0.835,0.110,0.272459
79000,0.050,0.843,0.107,0.201058
79500,0.047,0.859,0.094,0.201147
80000,0.044,0.840,0.116,0.224725
80500,0.046,0.864,0.090,0.207248
81000,0.045,0.873,0.082,0.207709
81500,0.039,0.882,0.080,0.163941
82000,0.045,0.874,0.081,0.208727
82500,0.045,0.887,0.068,0.180883
83000,0.049,0.860,0.091,0.216015
83500,0.058,0.849,0.093,0.252368
84000,0.052,0.870,0.078,0.204728
84500,0.046,0.879,0.075,0.156568
85000,0.049,0.887,0.064,0.130745
85500,0.044,0.878,0.078,0.177779
86000,0.050,0.873,0.077,0.193943
86500,0.052,0.869,0.079,0.151871
87000,0.058,0.861,0.081,0.187117
87500,0.051,0.869,0.080,0.196678
88000,0.045,0.871,0.084,0.174419
88500,0.054,0.878,0.067,0.158484
89000,0.052,0.882,0.066,0.127927
89500,0.048,0.880,0.072,0.146761
90000,0.052,0.876,0.072,0.194500
90500,0.054,0.878,0.067,0.168535
91000,0.053,0.863,0.084,0.187497
91500,0.063,0.857,0.080,0.247430
92000,0.055,0.856,0.089,0.187147
92500,0.055,0.865,0.080,0.181094
93000,0.068,0.855,0.077,0.180049
93500,0.062,0.867,0.070,0.151629
94000,0.063,0.867,0.069,0.174563
94500,0.061,0.853,0.086,0.202993
95000,0.064,0.819,0.116,0.270113
95500,0.066,0.822,0.111,0.278041
96000,0.072,0.819,0.109,0.261097
96500,0.075,0.799,0.127,0.266404
97000,0.073,0.795,0.133,0.256311
97500,0.092,0.783,0.125,0.295024
98000,0.104,0.765,0.131,0.306241
98500,0.099,0.761,0.140,0.304200
99000,0.109,0.760,0.131,0.305007
99500,0.108,0.768,0.124,0.285380
100000,0.091,0.770,0.139,0.305254
