time,n_A+p,n_B,n_AB
100,0.030,0.962,0.008
200,0.030,0.958,0.012
300,0.030,0.955,0.015
400,0.030,0.954,0.016
500,0.030,0.943,0.027
600,0.030,0.938,0.032
700,0.030,0.935,0.035
800,0.030,0.933,0.037
900,0.031,0.921,0.048
1000,0.030,0.919,0.051
1100,0.030,0.911,0.059
1200,0.030,0.905,0.065
1300,0.030,0.904,0.066
1400,0.030,0.895,0.075
1500,0.030,0.887,0.083
1600,0.030,0.885,0.085
1700,0.030,0.870,0.100
1800,0.030,0.861,0.109
1900,0.030,0.855,0.115
2000,0.031,0.848,0.121
2100,0.031,0.836,0.133
2200,0.031,0.826,0.143
2300,0.031,0.815,0.154
2400,0.031,0.812,0.157
2500,0.031,0.798,0.171
2600,0.031,0.790,0.179
2700,0.031,0.782,0.187
2800,0.031,0.763,0.206
2900,0.031,0.746,0.223
3000,0.031,0.722,0.247
3100,0.031,0.701,0.268
3200,0.030,0.702,0.268
3300,0.032,0.690,0.278
3400,0.031,0.681,0.288
3500,0.033,0.671,0.296
3600,0.034,0.650,0.316
3700,0.033,0.635,0.332
3800,0.035,0.615,0.350
3900,0.039,0.609,0.352
4000,0.041,0.605,0.354
4100,0.040,0.597,0.363
4200,0.044,0.576,0.380
4300,0.040,0.561,0.399
4400,0.040,0.546,0.414
4500,0.039,0.536,0.425
4600,0.042,0.532,0.426
4700,0.043,0.510,0.447
4800,0.045,0.505,0.450
4900,0.046,0.500,0.454
5000,0.047,0.499,0.454
5100,0.049,0.474,0.477
5200,0.050,0.463,0.487
5300,0.053,0.463,0.484
5400,0.054,0.462,0.484
5500,0.059,0.459,0.482
5600,0.061,0.459,0.480
5700,0.066,0.459,0.475
5800,0.059,0.452,0.489
5900,0.056,0.439,0.505
6000,0.063,0.430,0.507
6100,0.071,0.413,0.516
6200,0.073,0.403,0.524
6300,0.078,0.402,0.520
6400,0.079,0.393,0.528
6500,0.073,0.371,0.556
6600,0.078,0.357,0.565
6700,0.085,0.353,0.562
6800,0.085,0.349,0.566
6900,0.083,0.346,0.571
7000,0.084,0.334,0.582
7100,0.085,0.329,0.586
7200,0.088,0.314,0.598
7300,0.086,0.311,0.603
7400,0.088,0.297,0.615
7500,0.089,0.298,0.613
7600,0.091,0.291,0.618
7700,0.098,0.279,0.623
7800,0.095,0.273,0.632
7900,0.099,0.258,0.643
8000,0.113,0.260,0.627
8100,0.112,0.259,0.629
8200,0.121,0.258,0.621
8300,0.122,0.254,0.624
8400,0.134,0.230,0.636
8500,0.135,0.226,0.639
8600,0.133,0.218,0.649
8700,0.136,0.220,0.644
8800,0.146,0.216,0.638
8900,0.144,0.210,0.646
9000,0.147,0.195,0.658
9100,0.152,0.195,0.653
9200,0.149,0.184,0.667
9300,0.152,0.176,0.672
9400,0.159,0.173,0.668
9500,0.153,0.170,0.677
9600,0.159,0.168,0.673
9700,0.160,0.169,0.671
9800,0.161,0.165,0.674
9900,0.173,0.169,0.658
10000,0.179,0.180,0.641
10100,0.177,0.177,0.646
10200,0.172,0.186,0.642
10300,0.174,0.176,0.650
10400,0.161,0.177,0.662
10500,0.167,0.174,0.659
10600,0.173,0.162,0.665
10700,0.176,0.163,0.661
10800,0.174,0.167,0.659
10900,0.168,0.165,0.667
11000,0.175,0.163,0.662
11100,0.173,0.156,0.671
11200,0.169,0.148,0.683
11300,0.172,0.156,0.672
11400,0.178,0.161,0.661
11500,0.167,0.155,0.678
11600,0.172,0.163,0.665
11700,0.171,0.159,0.670
11800,0.179,0.151,0.670
11900,0.177,0.150,0.673
12000,0.182,0.140,0.678
12100,0.184,0.141,0.675
12200,0.202,0.150,0.648
12300,0.207,0.151,0.642
12400,0.208,0.162,0.630
12500,0.200,0.152,0.648
12600,0.201,0.147,0.652
12700,0.206,0.139,0.655
12800,0.212,0.131,0.657
12900,0.217,0.131,0.652
13000,0.219,0.132,0.649
13100,0.227,0.136,0.637
13200,0.218,0.133,0.649
13300,0.217,0.132,0.651
13400,0.223,0.127,0.650
13500,0.220,0.118,0.662
13600,0.224,0.123,0.653
13700,0.243,0.121,0.636
13800,0.238,0.131,0.631
13900,0.240,0.128,0.632
14000,0.240,0.132,0.628
14100,0.247,0.134,0.619
14200,0.245,0.129,0.626
14300,0.245,0.127,0.628
14400,0.250,0.132,0.618
14500,0.250,0.140,0.610
14600,0.242,0.126,0.632
14700,0.244,0.125,0.631
14800,0.242,0.126,0.632
14900,0.246,0.124,0.630
15000,0.246,0.132,0.622
15100,0.250,0.134,0.616
15200,0.246,0.133,0.621
15300,0.259,0.129,0.612
15400,0.251,0.131,0.618
15500,0.236,0.131,0.633
15600,0.231,0.130,0.639
15700,0.226,0.136,0.638
15800,0.228,0.129,0.643
15900,0.234,0.119,0.647
16000,0.235,0.120,0.645
16100,0.237,0.125,0.638
16200,0.229,0.116,0.655
16300,0.227,0.109,0.664
16400,0.220,0.107,0.673
16500,0.222,0.104,0.674
16600,0.214,0.113,0.673
16700,0.219,0.114,0.667
16800,0.221,0.126,0.653
16900,0.219,0.130,0.651
17000,0.220,0.121,0.659
17100,0.225,0.122,0.653
17200,0.219,0.106,0.675
17300,0.224,0.107,0.669
17400,0.218,0.113,0.669
17500,0.217,0.105,0.678
17600,0.232,0.103,0.665
17700,0.239,0.105,0.656
17800,0.239,0.105,0.656
17900,0.249,0.096,0.655
18000,0.237,0.102,0.661
18100,0.234,0.096,0.670
18200,0.232,0.107,0.661
18300,0.236,0.103,0.661
18400,0.230,0.097,0.673
18500,0.227,0.106,0.667
18600,0.225,0.103,0.672
18700,0.227,0.107,0.666
18800,0.227,0.111,0.662
18900,0.223,0.103,0.674
19000,0.220,0.104,0.676
19100,0.223,0.108,0.669
19200,0.218,0.114,0.668
19300,0.216,0.127,0.657
19400,0.214,0.136,0.650
19500,0.216,0.126,0.658
19600,0.210,0.133,0.657
19700,0.220,0.143,0.637
19800,0.208,0.140,0.652
19900,0.211,0.135,0.654
20000,0.217,0.138,0.645
20100,0.219,0.135,0.646
20200,0.218,0.133,0.649
20300,0.213,0.136,0.651
20400,0.215,0.132,0.653
20500,0.218,0.132,0.650
20600,0.215,0.129,0.656
20700,0.216,0.131,0.653
20800,0.224,0.131,0.645
20900,0.225,0.123,0.652
21000,0.224,0.119,0.657
21100,0.227,0.121,0.652
21200,0.223,0.131,0.646
21300,0.225,0.127,0.648
21400,0.216,0.131,0.653
21500,0.221,0.129,0.650
21600,0.218,0.121,0.661
21700,0.216,0.127,0.657
21800,0.205,0.130,0.665
21900,0.204,0.131,0.665
22000,0.202,0.132,0.666
22100,0.206,0.117,0.677
22200,0.201,0.111,0.688
22300,0.197,0.108,0.695
22400,0.205,0.105,0.690
22500,0.207,0.111,0.682
22600,0.215,0.116,0.669
22700,0.212,0.115,0.673
22800,0.227,0.108,0.665
22900,0.222,0.105,0.673
23000,0.217,0.110,0.673
23100,0.219,0.115,0.666
23200,0.216,0.111,0.673
23300,0.224,0.105,0.671
23400,0.234,0.109,0.657
23500,0.246,0.124,0.630
23600,0.251,0.120,0.629
23700,0.256,0.109,0.635
23800,0.258,0.112,0.630
23900,0.252,0.102,0.646
24000,0.246,0.108,0.646
24100,0.247,0.109,0.644
24200,0.250,0.108,0.642
24300,0.246,0.112,0.642
24400,0.254,0.118,0.628
24500,0.250,0.124,0.626
24600,0.237,0.122,0.641
24700,0.239,0.117,0.644
24800,0.238,0.120,0.642
24900,0.233,0.124,0.643
25000,0.232,0.121,0.647
25100,0.234,0.122,0.644
25200,0.232,0.129,0.639
25300,0.221,0.134,0.645
25400,0.216,0.135,0.649
25500,0.210,0.135,0.655
25600,0.201,0.128,0.671
25700,0.201,0.129,0.670
25800,0.213,0.133,0.654
25900,0.213,0.131,0.656
26000,0.215,0.129,0.656
26100,0.214,0.126,0.660
26200,0.209,0.127,0.664
26300,0.218,0.126,0.656
26400,0.219,0.115,0.666
26500,0.225,0.115,0.660
26600,0.219,0.110,0.671
26700,0.203,0.110,0.687
26800,0.196,0.111,0.693
26900,0.194,0.115,0.691
27000,0.195,0.117,0.688
27100,0.192,0.123,0.685
27200,0.191,0.125,0.684
27300,0.186,0.129,0.685
27400,0.193,0.123,0.684
27500,0.204,0.126,0.670
27600,0.197,0.123,0.680
27700,0.208,0.117,0.675
27800,0.213,0.125,0.662
27900,0.217,0.127,0.656
28000,0.224,0.118,0.658
28100,0.224,0.126,0.650
28200,0.225,0.122,0.653
28300,0.226,0.131,0.643
28400,0.218,0.125,0.657
28500,0.221,0.129,0.650
28600,0.227,0.133,0.640
28700,0.216,0.132,0.652
28800,0.220,0.143,0.637
28900,0.225,0.133,0.642
29000,0.231,0.137,0.632
29100,0.225,0.132,0.643
29200,0.227,0.136,0.637
29300,0.227,0.129,0.644
29400,0.221,0.127,0.652
29500,0.218,0.119,0.663
29600,0.226,0.118,0.656
29700,0.236,0.106,0.658
29800,0.247,0.109,0.644
29900,0.245,0.113,0.642
30000,0.242,0.108,0.650
30100,0.245,0.108,0.647
30200,0.259,0.102,0.639
30300,0.255,0.113,0.632
30400,0.250,0.106,0.644
30500,0.249,0.114,0.637
30600,0.268,0.112,0.620
30700,0.256,0.105,0.639
30800,0.256,0.113,0.631
30900,0.252,0.113,0.635
31000,0.245,0.111,0.644
31100,0.250,0.111,0.639
31200,0.247,0.110,0.643
31300,0.242,0.106,0.652
31400,0.239,0.113,0.648
31500,0.243,0.111,0.646
31600,0.260,0.110,0.630
31700,0.262,0.105,0.633
31800,0.266,0.101,0.633
31900,0.255,0.097,0.648
32000,0.260,0.088,0.652
32100,0.265,0.093,0.642
32200,0.264,0.082,0.654
32300,0.261,0.090,0.649
32400,0.258,0.095,0.647
32500,0.267,0.101,0.632
32600,0.263,0.102,0.635
32700,0.262,0.105,0.633
32800,0.274,0.104,0.622
32900,0.274,0.105,0.621
33000,0.260,0.100,0.640
33100,0.247,0.099,0.654
33200,0.243,0.105,0.652
33300,0.234,0.101,0.665
33400,0.231,0.103,0.666
33500,0.220,0.097,0.683
33600,0.230,0.100,0.670
33700,0.230,0.101,0.669
33800,0.235,0.097,0.668
33900,0.237,0.102,0.661
34000,0.232,0.096,0.672
34100,0.226,0.105,0.669
34200,0.244,0.103,0.653
34300,0.242,0.106,0.652
34400,0.236,0.109,0.655
34500,0.230,0.107,0.663
34600,0.239,0.108,0.653
34700,0.242,0.111,0.647
34800,0.234,0.116,0.650
34900,0.235,0.124,0.641
35000,0.240,0.118,0.642
35100,0.232,0.115,0.653
35200,0.232,0.121,0.647
35300,0.224,0.123,0.653
35400,0.221,0.124,0.655
35500,0.231,0.126,0.643
35600,0.230,0.133,0.637
35700,0.227,0.123,0.650
35800,0.232,0.124,0.644
35900,0.226,0.115,0.659
36000,0.222,0.124,0.654
36100,0.231,0.126,0.643
36200,0.230,0.137,0.633
36300,0.230,0.132,0.638
36400,0.228,0.138,0.634
36500,0.233,0.144,0.623
36600,0.223,0.133,0.644
36700,0.226,0.125,0.649
36800,0.220,0.122,0.658
36900,0.217,0.122,0.661
37000,0.218,0.119,0.663
37100,0.216,0.115,0.669
37200,0.210,0.122,0.668
37300,0.204,0.133,0.663
37400,0.206,0.127,0.667
37500,0.204,0.143,0.653
37600,0.208,0.138,0.654
37700,0.212,0.138,0.650
37800,0.207,0.150,0.643
37900,0.195,0.152,0.653
38000,0.191,0.149,0.660
38100,0.192,0.152,0.656
38200,0.202,0.144,0.654
38300,0.202,0.134,0.664
38400,0.200,0.134,0.666
38500,0.198,0.129,0.673
38600,0.194,0.119,0.687
38700,0.195,0.117,0.688
38800,0.193,0.117,0.690
38900,0.191,0.117,0.692
39000,0.196,0.119,0.685
39100,0.197,0.128,0.675
39200,0.190,0.125,0.685
39300,0.205,0.129,0.666
39400,0.200,0.128,0.672
39500,0.206,0.131,0.663
39600,0.214,0.138,0.648
39700,0.223,0.139,0.638
39800,0.227,0.141,0.632
39900,0.221,0.143,0.636
40000,0.220,0.153,0.627
40100,0.216,0.145,0.639
40200,0.210,0.140,0.650
40300,0.207,0.136,0.657
40400,0.205,0.131,0.664
40500,0.206,0.125,0.669
40600,0.206,0.133,0.661
40700,0.205,0.131,0.664
40800,0.211,0.128,0.661
40900,0.213,0.132,0.655
41000,0.215,0.130,0.655
41100,0.219,0.128,0.653
41200,0.213,0.122,0.665
41300,0.202,0.127,0.671
41400,0.208,0.126,0.666
41500,0.202,0.141,0.657
41600,0.210,0.138,0.652
41700,0.214,0.134,0.652
41800,0.210,0.133,0.657
41900,0.226,0.134,0.640
42000,0.226,0.134,0.640
42100,0.227,0.127,0.646
42200,0.223,0.132,0.645
42300,0.213,0.145,0.642
42400,0.220,0.142,0.638
42500,0.220,0.134,0.646
42600,0.224,0.143,0.633
42700,0.230,0.136,0.634
42800,0.230,0.134,0.636
42900,0.237,0.129,0.634
43000,0.240,0.120,0.640
43100,0.243,0.116,0.641
43200,0.249,0.118,0.633
43300,0.251,0.128,0.621
43400,0.252,0.122,0.626
43500,0.247,0.121,0.632
43600,0.253,0.128,0.619
43700,0.247,0.128,0.625
43800,0.240,0.118,0.642
43900,0.235,0.109,0.656
44000,0.244,0.101,0.655
44100,0.230,0.097,0.673
44200,0.234,0.103,0.663
44300,0.235,0.111,0.654
44400,0.231,0.110,0.659
44500,0.239,0.105,0.656
44600,0.245,0.098,0.657
44700,0.252,0.107,0.641
44800,0.251,0.105,0.644
44900,0.250,0.105,0.645
45000,0.246,0.103,0.651
45100,0.244,0.107,0.649
45200,0.250,0.108,0.642
45300,0.252,0.102,0.646
45400,0.245,0.111,0.644
45500,0.255,0.110,0.635
45600,0.267,0.108,0.625
45700,0.273,0.113,0.614
45800,0.269,0.102,0.629
45900,0.265,0.100,0.635
46000,0.281,0.100,0.619
46100,0.275,0.096,0.629
46200,0.264,0.104,0.632
46300,0.261,0.101,0.638
46400,0.267,0.091,0.642
46500,0.269,0.095,0.636
46600,0.270,0.096,0.634
46700,0.265,0.096,0.639
46800,0.266,0.095,0.639
46900,0.253,0.108,0.639
47000,0.253,0.110,0.637
47100,0.252,0.117,0.631
47200,0.251,0.116,0.633
47300,0.256,0.119,0.625
47400,0.255,0.120,0.625
47500,0.255,0.121,0.624
47600,0.252,0.123,0.625
47700,0.251,0.126,0.623
47800,0.261,0.122,0.617
47900,0.260,0.124,0.616
48000,0.266,0.117,0.617
48100,0.261,0.121,0.618
48200,0.257,0.108,0.635
48300,0.252,0.101,0.647
48400,0.250,0.104,0.646
48500,0.252,0.107,0.641
48600,0.232,0.104,0.664
48700,0.225,0.109,0.666
48800,0.229,0.118,0.653
48900,0.232,0.121,0.647
49000,0.228,0.124,0.648
49100,0.224,0.112,0.664
49200,0.225,0.120,0.655
49300,0.227,0.125,0.648
49400,0.227,0.121,0.652
49500,0.232,0.124,0.644
49600,0.235,0.124,0.641
49700,0.234,0.121,0.645
49800,0.247,0.121,0.632
49900,0.247,0.121,0.632
50000,0.245,0.123,0.632
50100,0.250,0.132,0.618
50200,0.248,0.132,0.620
50300,0.244,0.121,0.635
50400,0.238,0.121,0.641
50500,0.241,0.123,0.636
50600,0.241,0.128,0.631
50700,0.232,0.129,0.639
50800,0.237,0.127,0.636
50900,0.226,0.124,0.650
51000,0.227,0.118,0.655
51100,0.217,0.114,0.669
51200,0.214,0.106,0.680
51300,0.223,0.110,0.667
51400,0.218,0.102,0.680
51500,0.216,0.103,0.681
51600,0.212,0.108,0.680
51700,0.211,0.107,0.682
51800,0.210,0.101,0.689
51900,0.216,0.097,0.687
52000,0.217,0.098,0.685
52100,0.218,0.090,0.692
52200,0.214,0.094,0.692
52300,0.220,0.097,0.683
52400,0.200,0.097,0.703
52500,0.195,0.088,0.717
52600,0.209,0.086,0.705
52700,0.207,0.090,0.703
52800,0.216,0.095,0.689
52900,0.211,0.098,0.691
53000,0.214,0.108,0.678
53100,0.217,0.112,0.671
53200,0.227,0.115,0.658
53300,0.228,0.122,0.650
53400,0.216,0.119,0.665
53500,0.213,0.125,0.662
53600,0.208,0.121,0.671
53700,0.207,0.118,0.675
53800,0.211,0.123,0.666
53900,0.207,0.123,0.670
54000,0.216,0.126,0.658
54100,0.205,0.128,0.667
54200,0.193,0.134,0.673
54300,0.189,0.127,0.684
54400,0.189,0.120,0.691
54500,0.192,0.119,0.689
54600,0.189,0.128,0.683
54700,0.188,0.143,0.669
54800,0.184,0.150,0.666
54900,0.186,0.151,0.663
55000,0.191,0.149,0.660
55100,0.199,0.153,0.648
55200,0.195,0.151,0.654
55300,0.199,0.143,0.658
55400,0.205,0.149,0.646
55500,0.210,0.148,0.642
55600,0.206,0.141,0.653
55700,0.203,0.136,0.661
55800,0.203,0.138,0.659
55900,0.196,0.137,0.667
56000,0.196,0.151,0.653
56100,0.181,0.149,0.670
56200,0.180,0.154,0.666
56300,0.186,0.162,0.652
56400,0.194,0.165,0.641
56500,0.188,0.172,0.640
56600,0.194,0.168,0.638
56700,0.193,0.162,0.645
56800,0.191,0.152,0.657
56900,0.184,0.147,0.669
57000,0.185,0.151,0.664
57100,0.188,0.146,0.666
57200,0.188,0.147,0.665
57300,0.179,0.143,0.678
57400,0.179,0.148,0.673
57500,0.182,0.137,0.681
57600,0.186,0.129,0.685
57700,0.184,0.127,0.689
57800,0.183,0.125,0.692
57900,0.183,0.125,0.692
58000,0.181,0.132,0.687
58100,0.187,0.137,0.676
58200,0.194,0.138,0.668
58300,0.196,0.136,0.668
58400,0.187,0.139,0.674
58500,0.182,0.145,0.673
58600,0.184,0.153,0.663
58700,0.181,0.154,0.665
58800,0.184,0.165,0.651
58900,0.179,0.164,0.657
59000,0.183,0.165,0.652
59100,0.177,0.171,0.652
59200,0.172,0.171,0.657
59300,0.187,0.167,0.646
59400,0.192,0.158,0.650
59500,0.194,0.154,0.652
59600,0.198,0.153,0.649
59700,0.201,0.148,0.651
59800,0.198,0.145,0.657
59900,0.206,0.145,0.649
60000,0.200,0.147,0.653
60100,0.197,0.144,0.659
60200,0.189,0.147,0.664
60300,0.199,0.146,0.655
60400,0.207,0.148,0.645
60500,0.198,0.145,0.657
60600,0.195,0.145,0.660
60700,0.185,0.144,0.671
60800,0.182,0.135,0.683
60900,0.193,0.133,0.674
61000,0.189,0.136,0.675
61100,0.187,0.138,0.675
61200,0.184,0.134,0.682
61300,0.175,0.138,0.687
61400,0.181,0.133,0.686
61500,0.182,0.143,0.675
61600,0.184,0.145,0.671
61700,0.176,0.161,0.663
61800,0.178,0.156,0.666
61900,0.187,0.156,0.657
62000,0.177,0.153,0.670
62100,0.173,0.181,0.646
62200,0.177,0.173,0.650
62300,0.181,0.177,0.642
62400,0.184,0.181,0.635
62500,0.191,0.172,0.637
62600,0.197,0.162,0.641
62700,0.194,0.161,0.645
62800,0.196,0.166,0.638
62900,0.206,0.156,0.638
63000,0.202,0.157,0.641
63100,0.190,0.154,0.656
63200,0.193,0.156,0.651
63300,0.195,0.158,0.647
63400,0.201,0.168,0.631
63500,0.197,0.166,0.637
63600,0.200,0.159,0.641
63700,0.196,0.167,0.637
63800,0.195,0.156,0.649
63900,0.195,0.158,0.647
64000,0.204,0.152,0.644
64100,0.200,0.153,0.647
64200,0.211,0.170,0.619
64300,0.213,0.160,0.627
64400,0.206,0.157,0.637
64500,0.206,0.164,0.630
64600,0.208,0.166,0.626
64700,0.213,0.178,0.609
64800,0.206,0.172,0.622
64900,0.201,0.171,0.628
65000,0.192,0.163,0.645
65100,0.199,0.168,0.633
65200,0.196,0.162,0.642
65300,0.189,0.162,0.649
65400,0.186,0.168,0.646
65500,0.197,0.169,0.634
65600,0.195,0.161,0.644
65700,0.193,0.165,0.642
65800,0.193,0.164,0.643
65900,0.191,0.153,0.656
66000,0.203,0.161,0.636
66100,0.200,0.167,0.633
66200,0.196,0.157,0.647
66300,0.192,0.163,0.645
66400,0.193,0.154,0.653
66500,0.197,0.155,0.648
66600,0.192,0.146,0.662
66700,0.196,0.146,0.658
66800,0.205,0.139,0.656
66900,0.206,0.141,0.653
67000,0.207,0.141,0.652
67100,0.211,0.147,0.642
67200,0.210,0.148,0.642
67300,0.205,0.140,0.655
67400,0.198,0.145,0.657
67500,0.199,0.143,0.658
67600,0.211,0.136,0.653
67700,0.223,0.130,0.647
67800,0.221,0.129,0.650
67900,0.225,0.120,0.655
68000,0.234,0.126,0.640
68100,0.234,0.116,0.650
68200,0.234,0.124,0.642
68300,0.247,0.121,0.632
68400,0.255,0.118,0.627
68500,0.255,0.131,0.614
68600,0.254,0.129,0.617
68700,0.252,0.134,0.614
68800,0.257,0.142,0.601
68900,0.259,0.141,0.600
69000,0.241,0.137,0.622
69100,0.236,0.119,0.645
69200,0.234,0.126,0.640
69300,0.227,0.120,0.653
69400,0.223,0.121,0.656
69500,0.228,0.133,0.639
69600,0.220,0.128,0.652
69700,0.231,0.120,0.649
69800,0.230,0.127,0.643
69900,0.234,0.123,0.643
70000,0.242,0.128,0.630
70100,0.248,0.124,0.628
70200,0.251,0.128,0.621
70300,0.248,0.122,0.630
70400,0.240,0.120,0.640
70500,0.235,0.127,0.638
70600,0.229,0.120,0.651
70700,0.234,0.114,0.652
70800,0.225,0.113,0.662
70900,0.226,0.123,0.651
71000,0.233,0.128,0.639
71100,0.223,0.134,0.643
71200,0.228,0.139,0.633
71300,0.233,0.136,0.631
71400,0.224,0.133,0.643
71500,0.217,0.134,0.649
71600,0.221,0.127,0.652
71700,0.210,0.129,0.661
71800,0.195,0.118,0.687
71900,0.188,0.117,0.695
72000,0.193,0.120,0.687
72100,0.199,0.117,0.684
72200,0.201,0.125,0.674
72300,0.220,0.118,0.662
72400,0.214,0.113,0.673
72500,0.196,0.104,0.700
72600,0.200,0.105,0.695
72700,0.196,0.112,0.692
72800,0.199,0.115,0.686
72900,0.216,0.123,0.661
73000,0.241,0.133,0.626
73100,0.250,0.127,0.623
73200,0.239,0.127,0.634
73300,0.242,0.127,0.631
73400,0.243,0.142,0.615
73500,0.234,0.149,0.617
73600,0.219,0.147,0.634
73700,0.222,0.146,0.632
73800,0.219,0.145,0.636
73900,0.223,0.137,0.640
74000,0.244,0.132,0.624
74100,0.244,0.134,0.622
74200,0.234,0.129,0.637
74300,0.245,0.131,0.624
74400,0.252,0.131,0.617
74500,0.240,0.133,0.627
74600,0.240,0.141,0.619
74700,0.245,0.130,0.625
74800,0.238,0.130,0.632
74900,0.237,0.130,0.633
75000,0.232,0.124,0.644
75100,0.232,0.122,0.646
75200,0.233,0.119,0.648
75300,0.218,0.115,0.667
75400,0.218,0.120,0.662
75500,0.218,0.112,0.670
75600,0.212,0.123,0.665
75700,0.223,0.117,0.660
75800,0.227,0.122,0.651
75900,0.227,0.118,0.655
76000,0.229,0.112,0.659
76100,0.234,0.108,0.658
76200,0.234,0.106,0.660
76300,0.236,0.099,0.665
76400,0.240,0.095,0.665
76500,0.235,0.110,0.655
76600,0.223,0.101,0.676
76700,0.228,0.105,0.667
76800,0.230,0.110,0.660
76900,0.233,0.098,0.669
77000,0.234,0.096,0.670
77100,0.239,0.104,0.657
77200,0.239,0.108,0.653
77300,0.228,0.116,0.656
77400,0.220,0.113,0.667
77500,0.217,0.122,0.661
77600,0.204,0.129,0.667
77700,0.203,0.135,0.662
77800,0.188,0.131,0.681
77900,0.182,0.128,0.690
78000,0.186,0.128,0.686
78100,0.177,0.130,0.693
78200,0.184,0.131,0.685
78300,0.192,0.143,0.665
78400,0.206,0.147,0.647
78500,0.198,0.136,0.666
78600,0.194,0.137,0.669
78700,0.189,0.140,0.671
78800,0.192,0.144,0.664
78900,0.201,0.147,0.652
79000,0.196,0.152,0.652
79100,0.205,0.153,0.642
79200,0.207,0.152,0.641
79300,0.210,0.158,0.632
79400,0.209,0.158,0.633
79500,0.210,0.151,0.639
79600,0.203,0.141,0.656
79700,0.210,0.140,0.650
79800,0.198,0.147,0.655
79900,0.201,0.140,0.659
80000,0.209,0.133,0.658
80100,0.204,0.132,0.664
80200,0.199,0.132,0.669
80300,0.196,0.124,0.680
80400,0.203,0.124,0.673
80500,0.202,0.122,0.676
80600,0.194,0.118,0.688
80700,0.200,0.127,0.673
80800,0.192,0.128,0.680
80900,0.189,0.132,0.679
81000,0.185,0.141,0.674
81100,0.179,0.135,0.686
81200,0.170,0.131,0.699
81300,0.161,0.131,0.708
81400,0.161,0.129,0.710
81500,0.176,0.128,0.696
81600,0.171,0.135,0.694
81700,0.167,0.138,0.695
81800,0.163,0.152,0.685
81900,0.171,0.152,0.677
82000,0.178,0.139,0.683
82100,0.180,0.146,0.674
82200,0.183,0.138,0.679
82300,0.189,0.150,0.661
82400,0.188,0.144,0.668
82500,0.179,0.148,0.673
82600,0.179,0.147,0.674
82700,0.169,0.154,0.677
82800,0.164,0.150,0.686
82900,0.175,0.148,0.677
83000,0.177,0.144,0.679
83100,0.177,0.151,0.672
83200,0.184,0.139,0.677
83300,0.180,0.144,0.676
83400,0.173,0.151,0.676
83500,0.178,0.154,0.668
83600,0.186,0.149,0.665
83700,0.184,0.146,0.670
83800,0.178,0.150,0.672
83900,0.171,0.146,0.683
84000,0.170,0.144,0.686
84100,0.174,0.144,0.682
84200,0.181,0.152,0.667
84300,0.175,0.165,0.660
84400,0.177,0.168,0.655
84500,0.184,0.157,0.659
84600,0.175,0.163,0.662
84700,0.177,0.161,0.662
84800,0.171,0.155,0.674
84900,0.178,0.156,0.666
85000,0.183,0.170,0.647
85100,0.191,0.166,0.643
85200,0.189,0.165,0.646
85300,0.184,0.160,0.656
85400,0.193,0.148,0.659
85500,0.190,0.162,0.648
85600,0.190,0.156,0.654
85700,0.181,0.159,0.660
85800,0.172,0.158,0.670
85900,0.177,0.158,0.665
86000,0.184,0.157,0.659
86100,0.193,0.152,0.655
86200,0.181,0.162,0.657
86300,0.189,0.161,0.650
86400,0.182,0.167,0.651
86500,0.186,0.172,0.642
86600,0.187,0.178,0.635
86700,0.191,0.179,0.630
86800,0.198,0.188,0.614
86900,0.199,0.182,0.619
87000,0.200,0.182,0.618
87100,0.192,0.189,0.619
87200,0.183,0.178,0.639
87300,0.187,0.182,0.631
87400,0.183,0.174,0.643
87500,0.182,0.174,0.644
87600,0.178,0.176,0.646
87700,0.178,0.178,0.644
87800,0.184,0.175,0.641
87900,0.178,0.173,0.649
88000,0.176,0.172,0.652
88100,0.169,0.185,0.646
88200,0.173,0.187,0.640
88300,0.172,0.186,0.642
88400,0.183,0.186,0.631
88500,0.178,0.182,0.640
88600,0.196,0.183,0.621
88700,0.199,0.178,0.623
88800,0.197,0.179,0.624
88900,0.206,0.168,0.626
89000,0.211,0.165,0.624
89100,0.198,0.162,0.640
89200,0.193,0.161,0.646
89300,0.195,0.175,0.630
89400,0.197,0.171,0.632
89500,0.191,0.171,0.638
89600,0.200,0.162,0.638
89700,0.202,0.165,0.633
89800,0.202,0.159,0.639
89900,0.203,0.154,0.643
90000,0.204,0.147,0.649
90100,0.200,0.138,0.662
90200,0.193,0.131,0.676
90300,0.186,0.127,0.687
90400,0.189,0.118,0.693
90500,0.196,0.120,0.684
90600,0.193,0.117,0.690
90700,0.192,0.110,0.698
90800,0.192,0.104,0.704
90900,0.191,0.094,0.715
91000,0.200,0.089,0.711
91100,0.224,0.087,0.689
91200,0.235,0.078,0.687
91300,0.234,0.080,0.686
91400,0.240,0.085,0.675
91500,0.247,0.083,0.670
91600,0.253,0.090,0.657
91700,0.244,0.088,0.668
91800,0.258,0.079,0.663
91900,0.261,0.078,0.661
92000,0.263,0.081,0.656
92100,0.258,0.082,0.660
92200,0.264,0.087,0.649
92300,0.255,0.098,0.647
92400,0.242,0.093,0.665
92500,0.231,0.094,0.675
92600,0.238,0.094,0.668
92700,0.248,0.106,0.646
92800,0.253,0.105,0.642
92900,0.247,0.105,0.648
93000,0.246,0.120,0.634
93100,0.244,0.115,0.641
93200,0.252,0.113,0.635
93300,0.242,0.107,0.651
93400,0.248,0.112,0.640
93500,0.252,0.113,0.635
93600,0.246,0.115,0.639
93700,0.240,0.121,0.639
93800,0.240,0.118,0.642
93900,0.237,0.113,0.650
94000,0.237,0.115,0.648
94100,0.227,0.113,0.660
94200,0.223,0.107,0.670
94300,0.217,0.109,0.674
94400,0.212,0.100,0.688
94500,0.222,0.104,0.674
94600,0.226,0.111,0.663
94700,0.223,0.114,0.663
94800,0.216,0.110,0.674
94900,0.208,0.109,0.683
95000,0.208,0.107,0.685
95100,0.218,0.106,0.676
95200,0.215,0.111,0.674
95300,0.213,0.109,0.678
95400,0.213,0.111,0.676
95500,0.213,0.113,0.674
95600,0.216,0.120,0.664
95700,0.218,0.119,0.663
95800,0.228,0.119,0.653
95900,0.215,0.113,0.672
96000,0.212,0.115,0.673
96100,0.210,0.107,0.683
96200,0.216,0.105,0.679
96300,0.233,0.113,0.654
96400,0.242,0.115,0.643
96500,0.248,0.108,0.644
96600,0.252,0.104,0.644
96700,0.250,0.103,0.647
96800,0.254,0.112,0.634
96900,0.259,0.114,0.627
97000,0.258,0.113,0.629
97100,0.262,0.110,0.628
97200,0.256,0.106,0.638
97300,0.256,0.107,0.637
97400,0.254,0.109,0.637
97500,0.250,0.104,0.646
97600,0.255,0.100,0.645
97700,0.260,0.092,0.648
97800,0.269,0.085,0.646
97900,0.269,0.086,0.645
98000,0.257,0.085,0.658
98100,0.259,0.086,0.655
98200,0.259,0.089,0.652
98300,0.261,0.083,0.656
98400,0.251,0.082,0.667
98500,0.260,0.082,0.658
98600,0.256,0.080,0.664
98700,0.255,0.079,0.666
98800,0.252,0.082,0.666
98900,0.255,0.075,0.670
99000,0.245,0.071,0.684
99100,0.246,0.065,0.689
99200,0.247,0.079,0.674
99300,0.256,0.091,0.653
99400,0.247,0.096,0.657
99500,0.240,0.102,0.658
99600,0.244,0.100,0.656
99700,0.255,0.108,0.637
99800,0.246,0.109,0.645
99900,0.243,0.108,0.649
100000,0.238,0.109,0.653
