time,n_A+p,n_B,n_AB
500,0.030,0.394,0.576
1000,0.030,0.319,0.651
1500,0.030,0.360,0.610
2000,0.030,0.564,0.406
2500,0.030,0.392,0.578
3000,0.030,0.544,0.426
3500,0.030,0.359,0.611
4000,0.030,0.297,0.673
4500,0.030,0.442,0.528
5000,0.030,0.402,0.568
5500,0.030,0.433,0.537
6000,0.030,0.320,0.650
6500,0.030,0.351,0.619
7000,0.030,0.188,0.782
7500,0.030,0.383,0.587
8000,0.030,0.408,0.562
8500,0.030,0.237,0.733
9000,0.030,0.237,0.733
9500,0.030,0.389,0.581
10000,0.030,0.335,0.635
10500,0.030,0.381,0.589
11000,0.030,0.301,0.669
11500,0.030,0.338,0.632
12000,0.030,0.380,0.590
12500,0.030,0.342,0.628
13000,0.030,0.502,0.468
13500,0.030,0.502,0.468
14000,0.030,0.441,0.529
14500,0.030,0.512,0.458
15000,0.030,0.379,0.591
15500,0.030,0.305,0.665
16000,0.030,0.393,0.577
16500,0.030,0.444,0.526
17000,0.030,0.212,0.758
17500,0.030,0.417,0.553
18000,0.030,0.314,0.656
18500,0.030,0.557,0.413
19000,0.030,0.399,0.571
19500,0.030,0.414,0.556
20000,0.030,0.328,0.642
20500,0.030,0.337,0.633
21000,0.030,0.269,0.701
21500,0.030,0.384,0.586
22000,0.030,0.348,0.622
22500,0.030,0.480,0.490
23000,0.030,0.399,0.571
23500,0.030,0.306,0.664
24000,0.030,0.587,0.383
24500,0.030,0.398,0.572
25000,0.030,0.347,0.623
25500,0.030,0.494,0.476
26000,0.030,0.477,0.493
26500,0.030,0.400,0.570
27000,0.030,0.319,0.651
27500,0.030,0.346,0.624
28000,0.030,0.449,0.521
28500,0.030,0.278,0.692
29000,0.030,0.388,0.582
29500,0.030,0.365,0.605
30000,0.030,0.341,0.629
30500,0.030,0.410,0.560
31000,0.030,0.495,0.475
31500,0.030,0.414,0.556
32000,0.030,0.359,0.611
32500,0.030,0.443,0.527
33000,0.030,0.212,0.758
33500,0.030,0.350,0.620
34000,0.030,0.264,0.706
34500,0.030,0.285,0.685
35000,0.030,0.488,0.482
35500,0.030,0.256,0.714
36000,0.030,0.227,0.743
36500,0.030,0.192,0.778
37000,0.030,0.314,0.656
37500,0.030,0.447,0.523
38000,0.030,0.342,0.628
38500,0.030,0.554,0.416
39000,0.030,0.258,0.712
39500,0.030,0.482,0.488
40000,0.030,0.482,0.488
40500,0.030,0.350,0.620
41000,0.030,0.404,0.566
41500,0.030,0.438,0.532
42000,0.030,0.473,0.497
42500,0.030,0.470,0.500
43000,0.030,0.583,0.387
43500,0.030,0.377,0.593
44000,0.030,0.437,0.533
44500,0.030,0.504,0.466
45000,0.030,0.364,0.606
45500,0.030,0.227,0.743
46000,0.030,0.331,0.639
46500,0.030,0.421,0.549
47000,0.030,0.610,0.360
47500,0.030,0.356,0.614
48000,0.030,0.517,0.453
48500,0.030,0.472,0.498
49000,0.030,0.566,0.404
49500,0.030,0.407,0.563
50000,0.030,0.319,0.651
50500,0.030,0.239,0.731
51000,0.030,0.366,0.604
51500,0.030,0.494,0.476
52000,0.030,0.338,0.632
52500,0.030,0.362,0.608
53000,0.030,0.416,0.554
53500,0.030,0.578,0.392
54000,0.030,0.394,0.576
54500,0.030,0.485,0.485
55000,0.030,0.414,0.556
55500,0.030,0.520,0.450
56000,0.030,0.324,0.646
56500,0.030,0.252,0.718
57000,0.030,0.368,0.602
57500,0.030,0.389,0.581
58000,0.030,0.518,0.452
58500,0.030,0.500,0.470
59000,0.030,0.322,0.648
59500,0.030,0.522,0.448
60000,0.030,0.204,0.766
60500,0.030,0.422,0.548
61000,0.030,0.517,0.453
61500,0.030,0.449,0.521
62000,0.030,0.439,0.531
62500,0.030,0.493,0.477
63000,0.030,0.351,0.619
63500,0.030,0.319,0.651
64000,0.030,0.341,0.629
64500,0.030,0.510,0.460
65000,0.030,0.477,0.493
65500,0.030,0.527,0.443
66000,0.030,0.488,0.482
66500,0.030,0.356,0.614
67000,0.030,0.314,0.656
67500,0.030,0.401,0.569
68000,0.030,0.371,0.599
68500,0.030,0.285,0.685
69000,0.030,0.549,0.421
69500,0.030,0.464,0.506
70000,0.030,0.534,0.436
70500,0.030,0.513,0.457
71000,0.030,0.297,0.673
71500,0.030,0.440,0.530
72000,0.030,0.510,0.460
72500,0.030,0.358,0.612
73000,0.030,0.364,0.606
73500,0.030,0.415,0.555
74000,0.030,0.357,0.613
74500,0.030,0.521,0.449
75000,0.030,0.390,0.580
75500,0.030,0.425,0.545
76000,0.030,0.245,0.725
76500,0.030,0.455,0.515
77000,0.030,0.597,0.373
77500,0.030,0.474,0.496
78000,0.030,0.440,0.530
78500,0.030,0.292,0.678
79000,0.030,0.344,0.626
79500,0.030,0.421,0.549
80000,0.030,0.466,0.504
80500,0.030,0.572,0.398
81000,0.030,0.435,0.535
81500,0.030,0.272,0.698
82000,0.030,0.340,0.630
82500,0.030,0.318,0.652
83000,0.030,0.553,0.417
83500,0.030,0.329,0.641
84000,0.030,0.272,0.698
84500,0.030,0.417,0.553
85000,0.030,0.519,0.451
85500,0.030,0.389,0.581
86000,0.030,0.444,0.526
86500,0.030,0.434,0.536
87000,0.030,0.497,0.473
87500,0.030,0.443,0.527
88000,0.030,0.399,0.571
88500,0.030,0.419,0.551
89000,0.030,0.552,0.418
89500,0.030,0.272,0.698
90000,0.030,0.445,0.525
90500,0.030,0.486,0.484
91000,0.030,0.420,0.550
91500,0.030,0.485,0.485
92000,0.030,0.431,0.539
92500,0.030,0.384,0.586
93000,0.030,0.271,0.699
93500,0.030,0.710,0.260
94000,0.030,0.560,0.410
94500,0.030,0.455,0.515
95000,0.030,0.352,0.618
95500,0.030,0.480,0.490
96000,0.030,0.441,0.529
96500,0.030,0.332,0.638
97000,0.030,0.524,0.446
97500,0.030,0.236,0.734
98000,0.030,0.434,0.536
98500,0.030,0.344,0.626
99000,0.030,0.632,0.338
99500,0.030,0.665,0.305
100000,0.030,0.328,0.642
100500,0.030,0.487,0.483
101000,0.030,0.558,0.412
101500,0.030,0.384,0.586
102000,0.030,0.454,0.516
102500,0.030,0.395,0.575
103000,0.030,0.528,0.442
103500,0.030,0.431,0.539
104000,0.030,0.466,0.504
104500,0.030,0.479,0.491
105000,0.030,0.537,0.433
105500,0.030,0.286,0.684
106000,0.030,0.453,0.517
106500,0.030,0.422,0.548
107000,0.030,0.478,0.492
107500,0.030,0.399,0.571
108000,0.030,0.429,0.541
108500,0.030,0.517,0.453
109000,0.030,0.575,0.395
109500,0.030,0.388,0.582
110000,0.030,0.493,0.477
110500,0.030,0.467,0.503
111000,0.030,0.408,0.562
111500,0.030,0.498,0.472
112000,0.030,0.447,0.523
112500,0.030,0.315,0.655
113000,0.030,0.509,0.461
113500,0.030,0.550,0.420
114000,0.030,0.274,0.696
114500,0.030,0.353,0.617
115000,0.030,0.444,0.526
115500,0.030,0.642,0.328
116000,0.030,0.464,0.506
116500,0.030,0.374,0.596
117000,0.112,0.024,0.864
117500,1.000,0.000,0.000
