time,n_A+p,n_B,n_AB
500,0.354,0.008,0.638
1000,0.600,0.000,0.400
1500,0.609,0.000,0.391
2000,0.730,0.000,0.270
2500,0.633,0.000,0.367
3000,0.931,0.000,0.069
3500,0.478,0.000,0.522
4000,0.449,0.000,0.551
4500,0.656,0.000,0.344
5000,0.741,0.000,0.259
5500,0.780,0.000,0.220
6000,0.550,0.000,0.450
6500,0.807,0.000,0.193
7000,0.510,0.000,0.490
7500,0.562,0.000,0.438
8000,0.696,0.000,0.304
8500,0.733,0.000,0.267
9000,0.982,0.000,0.018
9500,0.604,0.000,0.396
10000,0.673,0.000,0.327
10500,0.465,0.000,0.535
11000,0.682,0.000,0.318
11500,0.468,0.000,0.532
12000,0.698,0.000,0.302
12500,0.643,0.000,0.357
13000,0.645,0.000,0.355
13500,0.747,0.000,0.253
14000,0.529,0.000,0.471
14500,0.658,0.000,0.342
15000,0.509,0.000,0.491
15500,0.622,0.000,0.378
16000,0.535,0.000,0.465
16500,0.745,0.000,0.255
17000,0.629,0.000,0.371
17500,0.746,0.000,0.254
18000,0.412,0.000,0.588
18500,0.645,0.000,0.355
19000,0.656,0.000,0.344
19500,0.715,0.000,0.285
20000,0.792,0.000,0.208
20500,0.663,0.000,0.337
21000,0.677,0.000,0.323
21500,0.619,0.000,0.381
22000,0.832,0.000,0.168
22500,0.852,0.000,0.148
23000,0.674,0.000,0.326
23500,0.428,0.000,0.572
24000,0.781,0.000,0.219
24500,0.522,0.000,0.478
25000,0.721,0.000,0.279
25500,0.524,0.000,0.476
26000,0.525,0.000,0.475
26500,0.872,0.000,0.128
27000,0.776,0.000,0.224
27500,0.596,0.000,0.404
28000,0.575,0.000,0.425
28500,0.758,0.000,0.242
29000,0.716,0.000,0.284
29500,0.531,0.000,0.469
30000,0.573,0.000,0.427
30500,0.539,0.000,0.461
31000,0.770,0.000,0.230
31500,0.567,0.000,0.433
32000,0.728,0.000,0.272
32500,0.594,0.000,0.406
33000,0.907,0.000,0.093
33500,0.970,0.000,0.030
34000,1.000,0.000,0.000
