time,n_A+p,n_B,n_AB
500,0.030,0.368,0.602
1000,0.030,0.292,0.678
1500,0.030,0.258,0.712
2000,0.030,0.310,0.660
2500,0.030,0.201,0.769
3000,0.030,0.205,0.765
3500,0.062,0.062,0.876
4000,0.768,0.000,0.232
4500,0.843,0.000,0.157
5000,0.572,0.000,0.428
5500,0.733,0.000,0.267
6000,0.771,0.000,0.229
6500,0.843,0.000,0.157
7000,0.685,0.000,0.315
7500,0.549,0.000,0.451
8000,0.557,0.000,0.443
8500,0.818,0.000,0.182
9000,0.844,0.000,0.156
9500,0.699,0.000,0.301
10000,0.877,0.000,0.123
10500,0.943,0.000,0.057
11000,0.888,0.000,0.112
11500,0.772,0.000,0.228
12000,0.808,0.000,0.192
12500,0.787,0.000,0.213
13000,0.552,0.000,0.448
13500,0.683,0.000,0.317
14000,0.577,0.000,0.423
14500,0.823,0.000,0.177
15000,0.867,0.000,0.133
15500,0.989,0.000,0.011
16000,0.939,0.000,0.061
16500,0.970,0.000,0.030
17000,0.992,0.000,0.008
17500,0.995,0.000,0.005
18000,1.000,0.000,0.000
