time,n_A+p,n_B,n_AB
100,0.030,0.967,0.003
200,0.030,0.959,0.011
300,0.030,0.959,0.011
400,0.030,0.953,0.017
500,0.030,0.951,0.019
600,0.030,0.948,0.022
700,0.030,0.947,0.023
800,0.030,0.941,0.030
900,0.030,0.937,0.034
1000,0.030,0.932,0.039
1100,0.030,0.919,0.051
1200,0.032,0.915,0.053
1300,0.032,0.909,0.059
1400,0.032,0.894,0.075
1500,0.032,0.882,0.087
1600,0.031,0.871,0.098
1700,0.030,0.866,0.104
1800,0.030,0.856,0.114
1900,0.031,0.855,0.114
2000,0.030,0.843,0.128
2100,0.030,0.813,0.157
2200,0.030,0.804,0.166
2300,0.030,0.794,0.177
2400,0.030,0.783,0.187
2500,0.033,0.768,0.199
2600,0.033,0.751,0.217
2700,0.032,0.741,0.228
2800,0.034,0.743,0.224
2900,0.032,0.723,0.245
3000,0.031,0.708,0.261
3100,0.031,0.691,0.279
3200,0.033,0.687,0.280
3300,0.033,0.675,0.292
3400,0.032,0.665,0.303
3500,0.033,0.660,0.307
3600,0.035,0.650,0.316
3700,0.034,0.637,0.329
3800,0.035,0.625,0.340
3900,0.035,0.614,0.351
4000,0.035,0.591,0.374
4100,0.036,0.585,0.379
4200,0.039,0.570,0.391
4300,0.038,0.561,0.401
4400,0.046,0.546,0.408
4500,0.042,0.546,0.412
4600,0.042,0.546,0.412
4700,0.040,0.539,0.421
4800,0.037,0.536,0.427
4900,0.035,0.534,0.431
5000,0.036,0.530,0.434
5100,0.035,0.522,0.443
5200,0.035,0.522,0.443
5300,0.036,0.519,0.445
5400,0.038,0.509,0.454
5500,0.039,0.503,0.459
5600,0.039,0.498,0.463
5700,0.037,0.493,0.470
5800,0.038,0.493,0.469
5900,0.037,0.493,0.470
6000,0.036,0.490,0.474
6100,0.037,0.484,0.479
6200,0.039,0.482,0.479
6300,0.038,0.487,0.475
6400,0.041,0.478,0.481
6500,0.041,0.476,0.483
6600,0.041,0.477,0.482
6700,0.041,0.464,0.495
6800,0.042,0.463,0.495
6900,0.044,0.462,0.494
7000,0.045,0.466,0.489
7100,0.041,0.472,0.487
7200,0.038,0.461,0.502
7300,0.042,0.461,0.497
7400,0.038,0.453,0.510
7500,0.041,0.454,0.506
7600,0.046,0.451,0.503
7700,0.048,0.450,0.502
7800,0.048,0.449,0.503
7900,0.048,0.442,0.510
8000,0.047,0.430,0.523
8100,0.046,0.437,0.517
8200,0.046,0.435,0.519
8300,0.045,0.428,0.527
8400,0.043,0.423,0.534
8500,0.044,0.418,0.538
8600,0.044,0.417,0.539
8700,0.044,0.417,0.539
8800,0.048,0.413,0.539
8900,0.049,0.415,0.536
9000,0.047,0.408,0.545
9100,0.052,0.402,0.545
9200,0.057,0.393,0.550
9300,0.053,0.392,0.555
9400,0.052,0.394,0.554
9500,0.056,0.393,0.551
9600,0.061,0.390,0.549
9700,0.062,0.390,0.547
9800,0.059,0.389,0.552
9900,0.060,0.390,0.550
10000,0.056,0.385,0.559
10100,0.061,0.379,0.560
10200,0.055,0.380,0.565
10300,0.052,0.379,0.569
10400,0.052,0.378,0.570
10500,0.049,0.373,0.578
10600,0.055,0.372,0.573
10700,0.064,0.365,0.571
10800,0.059,0.362,0.579
10900,0.065,0.366,0.569
11000,0.063,0.361,0.576
11100,0.060,0.361,0.579
11200,0.061,0.359,0.580
11300,0.060,0.358,0.582
11400,0.062,0.360,0.578
11500,0.066,0.355,0.578
11600,0.067,0.358,0.575
11700,0.069,0.354,0.576
11800,0.069,0.350,0.580
11900,0.067,0.347,0.585
12000,0.065,0.344,0.590
12100,0.061,0.342,0.597
12200,0.056,0.342,0.602
12300,0.058,0.339,0.603
12400,0.055,0.332,0.613
12500,0.059,0.333,0.608
12600,0.061,0.341,0.598
12700,0.057,0.336,0.607
12800,0.057,0.333,0.610
12900,0.055,0.333,0.612
13000,0.051,0.334,0.615
13100,0.048,0.334,0.618
13200,0.050,0.337,0.613
13300,0.051,0.333,0.616
13400,0.052,0.334,0.614
13500,0.052,0.331,0.617
13600,0.065,0.332,0.603
13700,0.065,0.332,0.603
13800,0.062,0.325,0.613
13900,0.064,0.321,0.615
14000,0.068,0.318,0.614
14100,0.062,0.320,0.618
14200,0.059,0.319,0.622
14300,0.056,0.320,0.624
14400,0.057,0.326,0.617
14500,0.056,0.324,0.620
14600,0.067,0.320,0.613
14700,0.061,0.320,0.619
14800,0.061,0.321,0.618
14900,0.063,0.321,0.616
15000,0.070,0.318,0.612
15100,0.068,0.320,0.612
15200,0.067,0.321,0.612
15300,0.076,0.315,0.610
15400,0.073,0.308,0.619
15500,0.072,0.308,0.620
15600,0.065,0.306,0.628
15700,0.068,0.312,0.620
15800,0.062,0.312,0.626
15900,0.060,0.312,0.628
16000,0.058,0.307,0.634
16100,0.066,0.309,0.624
16200,0.069,0.306,0.624
16300,0.060,0.302,0.637
16400,0.054,0.297,0.649
16500,0.055,0.293,0.652
16600,0.061,0.295,0.644
16700,0.063,0.294,0.642
16800,0.062,0.294,0.644
16900,0.058,0.295,0.647
17000,0.061,0.297,0.641
17100,0.063,0.294,0.642
17200,0.068,0.297,0.634
17300,0.068,0.293,0.638
17400,0.062,0.291,0.647
17500,0.060,0.293,0.647
17600,0.060,0.288,0.652
17700,0.067,0.288,0.645
17800,0.064,0.289,0.647
17900,0.065,0.295,0.639
18000,0.068,0.296,0.635
18100,0.061,0.299,0.639
18200,0.060,0.299,0.640
18300,0.061,0.298,0.640
18400,0.058,0.298,0.644
18500,0.061,0.295,0.644
18600,0.064,0.293,0.642
18700,0.062,0.291,0.647
18800,0.057,0.289,0.654
18900,0.077,0.285,0.638
19000,0.077,0.282,0.641
19100,0.078,0.289,0.633
19200,0.073,0.288,0.639
19300,0.067,0.289,0.644
19400,0.063,0.295,0.641
19500,0.064,0.291,0.645
19600,0.063,0.287,0.650
19700,0.065,0.281,0.654
19800,0.058,0.282,0.660
19900,0.058,0.282,0.660
20000,0.057,0.279,0.664
20100,0.057,0.282,0.661
20200,0.053,0.281,0.666
20300,0.051,0.277,0.672
20400,0.052,0.279,0.669
20500,0.052,0.288,0.660
20600,0.055,0.285,0.660
20700,0.056,0.283,0.661
20800,0.054,0.281,0.665
20900,0.051,0.281,0.668
21000,0.052,0.285,0.663
21100,0.051,0.283,0.666
21200,0.052,0.287,0.661
21300,0.051,0.283,0.666
21400,0.048,0.278,0.674
21500,0.053,0.273,0.674
21600,0.054,0.274,0.672
21700,0.054,0.270,0.676
21800,0.054,0.273,0.673
21900,0.061,0.270,0.669
22000,0.060,0.266,0.674
22100,0.055,0.261,0.683
22200,0.053,0.259,0.687
22300,0.051,0.261,0.687
22400,0.052,0.261,0.686
22500,0.052,0.266,0.682
22600,0.050,0.266,0.684
22700,0.050,0.268,0.682
22800,0.047,0.269,0.684
22900,0.049,0.265,0.686
23000,0.049,0.264,0.687
23100,0.051,0.266,0.683
23200,0.053,0.256,0.691
23300,0.060,0.256,0.683
23400,0.062,0.260,0.677
23500,0.060,0.265,0.675
23600,0.056,0.259,0.684
23700,0.059,0.261,0.679
23800,0.062,0.267,0.671
23900,0.061,0.267,0.672
24000,0.053,0.265,0.682
24100,0.054,0.266,0.680
24200,0.052,0.263,0.685
24300,0.058,0.261,0.680
24400,0.056,0.260,0.683
24500,0.054,0.257,0.688
24600,0.051,0.257,0.692
24700,0.049,0.258,0.693
24800,0.052,0.268,0.680
24900,0.051,0.265,0.684
25000,0.056,0.266,0.678
25100,0.064,0.267,0.669
25200,0.062,0.263,0.675
25300,0.058,0.261,0.680
25400,0.060,0.264,0.676
25500,0.060,0.270,0.670
25600,0.062,0.268,0.670
25700,0.067,0.270,0.663
25800,0.064,0.269,0.667
25900,0.072,0.271,0.658
26000,0.073,0.270,0.658
26100,0.066,0.269,0.665
26200,0.066,0.272,0.662
26300,0.065,0.267,0.668
26400,0.065,0.268,0.667
26500,0.064,0.266,0.670
26600,0.064,0.263,0.673
26700,0.062,0.265,0.673
26800,0.060,0.264,0.676
26900,0.063,0.267,0.670
27000,0.063,0.269,0.668
27100,0.062,0.263,0.675
27200,0.062,0.265,0.673
27300,0.060,0.263,0.677
27400,0.057,0.263,0.680
27500,0.056,0.261,0.682
27600,0.056,0.255,0.688
27700,0.052,0.256,0.692
27800,0.059,0.256,0.684
27900,0.056,0.258,0.685
28000,0.053,0.258,0.688
28100,0.057,0.253,0.689
28200,0.066,0.252,0.681
28300,0.062,0.249,0.688
28400,0.075,0.247,0.678
28500,0.076,0.245,0.679
28600,0.076,0.245,0.679
28700,0.083,0.245,0.672
28800,0.090,0.248,0.662
28900,0.087,0.249,0.664
29000,0.087,0.251,0.662
29100,0.086,0.255,0.659
29200,0.086,0.257,0.657
29300,0.081,0.252,0.667
29400,0.079,0.250,0.671
29500,0.072,0.250,0.678
29600,0.064,0.244,0.692
29700,0.065,0.250,0.684
29800,0.062,0.251,0.686
29900,0.061,0.248,0.691
30000,0.061,0.245,0.694
30100,0.066,0.243,0.691
30200,0.066,0.244,0.689
30300,0.064,0.241,0.695
30400,0.060,0.240,0.700
30500,0.055,0.241,0.704
30600,0.052,0.240,0.708
30700,0.051,0.248,0.701
30800,0.052,0.248,0.700
30900,0.059,0.248,0.693
31000,0.058,0.249,0.693
31100,0.061,0.248,0.691
31200,0.065,0.251,0.683
31300,0.068,0.255,0.676
31400,0.065,0.252,0.682
31500,0.067,0.261,0.671
31600,0.066,0.256,0.677
31700,0.060,0.267,0.673
31800,0.059,0.273,0.668
31900,0.055,0.273,0.672
32000,0.054,0.270,0.676
32100,0.053,0.266,0.681
32200,0.051,0.258,0.691
32300,0.051,0.259,0.689
32400,0.053,0.249,0.698
32500,0.054,0.251,0.695
32600,0.059,0.251,0.689
32700,0.060,0.253,0.686
32800,0.063,0.256,0.680
32900,0.059,0.252,0.688
33000,0.059,0.247,0.694
33100,0.054,0.246,0.700
33200,0.052,0.246,0.702
33300,0.054,0.245,0.701
33400,0.052,0.243,0.705
33500,0.048,0.243,0.709
33600,0.050,0.240,0.710
33700,0.050,0.239,0.711
33800,0.051,0.242,0.707
33900,0.048,0.239,0.713
34000,0.054,0.238,0.708
34100,0.054,0.239,0.707
34200,0.058,0.238,0.704
34300,0.058,0.240,0.702
34400,0.055,0.235,0.710
34500,0.058,0.235,0.707
34600,0.064,0.233,0.703
34700,0.063,0.233,0.704
34800,0.066,0.241,0.693
34900,0.065,0.242,0.693
35000,0.060,0.241,0.699
35100,0.060,0.245,0.695
35200,0.054,0.244,0.702
35300,0.060,0.242,0.698
35400,0.060,0.245,0.695
35500,0.060,0.241,0.699
35600,0.059,0.238,0.703
35700,0.056,0.235,0.709
35800,0.052,0.232,0.716
35900,0.054,0.231,0.715
36000,0.056,0.232,0.712
36100,0.054,0.232,0.714
36200,0.053,0.238,0.709
36300,0.053,0.235,0.712
36400,0.052,0.236,0.712
36500,0.057,0.240,0.703
36600,0.059,0.239,0.702
36700,0.057,0.248,0.695
36800,0.060,0.249,0.691
36900,0.059,0.247,0.694
37000,0.061,0.243,0.696
37100,0.058,0.239,0.703
37200,0.061,0.236,0.703
37300,0.061,0.238,0.701
37400,0.059,0.240,0.701
37500,0.053,0.232,0.715
37600,0.055,0.237,0.708
37700,0.054,0.232,0.714
37800,0.053,0.233,0.714
37900,0.051,0.236,0.713
38000,0.054,0.232,0.714
38100,0.052,0.230,0.718
38200,0.051,0.233,0.716
38300,0.053,0.236,0.711
38400,0.054,0.233,0.713
38500,0.054,0.236,0.710
38600,0.057,0.233,0.710
38700,0.064,0.230,0.706
38800,0.058,0.226,0.716
38900,0.055,0.231,0.714
39000,0.052,0.230,0.718
39100,0.051,0.227,0.722
39200,0.054,0.227,0.719
39300,0.051,0.232,0.717
39400,0.056,0.235,0.709
39500,0.058,0.236,0.706
39600,0.058,0.236,0.706
39700,0.065,0.229,0.706
39800,0.061,0.228,0.711
39900,0.060,0.225,0.715
40000,0.059,0.228,0.713
40100,0.061,0.235,0.704
40200,0.059,0.236,0.705
40300,0.059,0.235,0.706
40400,0.063,0.228,0.709
40500,0.065,0.227,0.708
40600,0.065,0.230,0.705
40700,0.058,0.232,0.710
40800,0.056,0.226,0.718
40900,0.056,0.223,0.721
41000,0.059,0.219,0.722
41100,0.059,0.219,0.722
41200,0.058,0.219,0.723
41300,0.061,0.217,0.722
41400,0.058,0.223,0.719
41500,0.059,0.220,0.721
41600,0.057,0.223,0.720
41700,0.052,0.224,0.724
41800,0.051,0.223,0.726
41900,0.050,0.222,0.728
42000,0.057,0.217,0.726
42100,0.053,0.215,0.732
42200,0.069,0.213,0.717
42300,0.069,0.218,0.713
42400,0.072,0.218,0.711
42500,0.070,0.217,0.713
42600,0.073,0.218,0.710
42700,0.073,0.218,0.710
42800,0.074,0.219,0.708
42900,0.068,0.220,0.712
43000,0.072,0.223,0.706
43100,0.065,0.226,0.709
43200,0.070,0.228,0.702
43300,0.066,0.228,0.706
43400,0.065,0.227,0.708
43500,0.061,0.220,0.719
43600,0.065,0.218,0.717
43700,0.070,0.216,0.714
43800,0.065,0.217,0.718
43900,0.062,0.218,0.720
44000,0.060,0.217,0.723
44100,0.069,0.213,0.717
44200,0.074,0.210,0.716
44300,0.076,0.211,0.713
44400,0.066,0.213,0.720
44500,0.064,0.217,0.719
44600,0.061,0.218,0.721
44700,0.060,0.213,0.726
44800,0.062,0.219,0.719
44900,0.061,0.216,0.723
45000,0.059,0.210,0.730
45100,0.058,0.215,0.727
45200,0.053,0.213,0.733
45300,0.054,0.211,0.734
45400,0.053,0.217,0.730
45500,0.053,0.211,0.735
45600,0.055,0.210,0.734
45700,0.056,0.210,0.733
45800,0.059,0.217,0.724
45900,0.055,0.218,0.727
46000,0.060,0.215,0.725
46100,0.057,0.213,0.729
46200,0.057,0.220,0.723
46300,0.064,0.217,0.719
46400,0.064,0.213,0.722
46500,0.065,0.213,0.721
46600,0.064,0.210,0.725
46700,0.060,0.207,0.732
46800,0.060,0.204,0.735
46900,0.058,0.204,0.737
47000,0.054,0.202,0.744
47100,0.055,0.203,0.742
47200,0.054,0.209,0.736
47300,0.060,0.211,0.728
47400,0.059,0.210,0.730
47500,0.068,0.211,0.720
47600,0.072,0.219,0.710
47700,0.076,0.218,0.707
47800,0.078,0.218,0.705
47900,0.084,0.220,0.697
48000,0.078,0.219,0.704
48100,0.077,0.226,0.698
48200,0.078,0.230,0.693
48300,0.077,0.224,0.700
48400,0.078,0.225,0.698
48500,0.079,0.224,0.698
48600,0.083,0.215,0.703
48700,0.081,0.213,0.706
48800,0.074,0.211,0.715
48900,0.072,0.215,0.714
49000,0.077,0.207,0.716
49100,0.076,0.209,0.715
49200,0.080,0.207,0.713
49300,0.077,0.207,0.716
49400,0.075,0.207,0.718
49500,0.070,0.208,0.721
49600,0.072,0.212,0.716
49700,0.072,0.207,0.721
49800,0.074,0.203,0.723
49900,0.077,0.204,0.719
50000,0.075,0.209,0.716
50100,0.074,0.207,0.719
50200,0.069,0.209,0.721
50300,0.064,0.207,0.728
50400,0.060,0.207,0.732
50500,0.060,0.205,0.734
50600,0.061,0.203,0.735
50700,0.060,0.201,0.739
50800,0.064,0.197,0.739
50900,0.068,0.198,0.733
51000,0.072,0.200,0.728
51100,0.068,0.200,0.731
51200,0.072,0.217,0.712
51300,0.074,0.210,0.716
51400,0.072,0.215,0.714
51500,0.068,0.219,0.713
51600,0.066,0.225,0.709
51700,0.065,0.220,0.715
51800,0.067,0.213,0.719
51900,0.068,0.215,0.717
52000,0.066,0.212,0.721
52100,0.063,0.213,0.723
52200,0.066,0.212,0.721
52300,0.066,0.212,0.721
52400,0.063,0.208,0.728
52500,0.061,0.210,0.728
52600,0.057,0.209,0.733
52700,0.059,0.213,0.727
52800,0.058,0.218,0.724
52900,0.059,0.212,0.728
53000,0.057,0.215,0.728
53100,0.057,0.207,0.735
53200,0.065,0.204,0.730
53300,0.063,0.201,0.735
53400,0.064,0.203,0.732
53500,0.066,0.202,0.731
53600,0.065,0.201,0.733
53700,0.062,0.199,0.739
53800,0.063,0.205,0.731
53900,0.066,0.203,0.730
54000,0.070,0.200,0.729
54100,0.066,0.199,0.734
54200,0.066,0.207,0.726
54300,0.068,0.208,0.723
54400,0.067,0.208,0.724
54500,0.068,0.234,0.698
54600,0.067,0.233,0.700
54700,0.069,0.229,0.702
54800,0.074,0.231,0.696
54900,0.070,0.224,0.706
55000,0.065,0.219,0.716
55100,0.066,0.224,0.710
55200,0.072,0.220,0.709
55300,0.065,0.218,0.717
55400,0.063,0.215,0.722
55500,0.066,0.212,0.721
55600,0.063,0.203,0.733
55700,0.059,0.201,0.740
55800,0.060,0.199,0.741
55900,0.070,0.197,0.732
56000,0.072,0.197,0.731
56100,0.070,0.199,0.730
56200,0.072,0.199,0.729
56300,0.077,0.201,0.722
56400,0.080,0.201,0.719
56500,0.080,0.193,0.727
56600,0.070,0.195,0.734
56700,0.074,0.193,0.733
56800,0.073,0.190,0.737
56900,0.077,0.189,0.734
57000,0.079,0.196,0.725
57100,0.078,0.196,0.726
57200,0.073,0.195,0.732
57300,0.075,0.193,0.732
57400,0.079,0.195,0.726
57500,0.074,0.191,0.735
57600,0.077,0.192,0.731
57700,0.078,0.189,0.733
57800,0.077,0.190,0.733
57900,0.074,0.190,0.736
58000,0.074,0.187,0.740
58100,0.075,0.187,0.739
58200,0.075,0.192,0.733
58300,0.075,0.195,0.730
58400,0.069,0.201,0.729
58500,0.068,0.196,0.735
58600,0.067,0.196,0.736
58700,0.070,0.195,0.734
58800,0.073,0.196,0.731
58900,0.069,0.200,0.730
59000,0.070,0.196,0.733
59100,0.073,0.192,0.735
59200,0.072,0.195,0.733
59300,0.075,0.193,0.732
59400,0.073,0.194,0.733
59500,0.068,0.191,0.741
59600,0.070,0.191,0.739
59700,0.072,0.190,0.739
59800,0.072,0.193,0.735
59900,0.074,0.193,0.733
60000,0.072,0.193,0.735
60100,0.072,0.196,0.732
60200,0.070,0.198,0.731
60300,0.066,0.199,0.734
60400,0.065,0.197,0.737
60500,0.081,0.194,0.725
60600,0.084,0.202,0.714
60700,0.082,0.200,0.718
60800,0.078,0.198,0.724
60900,0.092,0.197,0.711
61000,0.091,0.192,0.717
61100,0.083,0.191,0.726
61200,0.089,0.199,0.712
61300,0.085,0.198,0.717
61400,0.082,0.194,0.724
61500,0.082,0.194,0.724
61600,0.087,0.193,0.720
61700,0.083,0.195,0.722
61800,0.085,0.191,0.724
61900,0.081,0.192,0.727
62000,0.078,0.189,0.733
62100,0.079,0.190,0.731
62200,0.072,0.190,0.739
62300,0.068,0.201,0.730
62400,0.075,0.194,0.731
62500,0.072,0.190,0.739
62600,0.073,0.186,0.742
62700,0.065,0.186,0.749
62800,0.066,0.187,0.747
62900,0.070,0.192,0.737
63000,0.070,0.188,0.742
63100,0.070,0.187,0.743
63200,0.070,0.189,0.741
63300,0.067,0.187,0.746
63400,0.081,0.187,0.732
63500,0.078,0.193,0.729
63600,0.074,0.189,0.737
63700,0.070,0.187,0.743
63800,0.070,0.189,0.741
63900,0.072,0.185,0.744
64000,0.074,0.188,0.739
64100,0.076,0.186,0.739
64200,0.081,0.184,0.735
64300,0.079,0.183,0.739
64400,0.083,0.181,0.736
64500,0.082,0.188,0.730
64600,0.083,0.189,0.728
64700,0.080,0.189,0.731
64800,0.079,0.188,0.733
64900,0.075,0.189,0.736
65000,0.072,0.188,0.741
65100,0.070,0.185,0.745
65200,0.067,0.182,0.751
65300,0.072,0.188,0.741
65400,0.075,0.182,0.744
65500,0.070,0.178,0.752
65600,0.076,0.176,0.749
65700,0.070,0.175,0.755
65800,0.070,0.175,0.755
65900,0.077,0.173,0.751
66000,0.078,0.173,0.750
66100,0.078,0.173,0.750
66200,0.075,0.172,0.754
66300,0.074,0.176,0.751
66400,0.076,0.178,0.747
66500,0.074,0.179,0.748
66600,0.072,0.185,0.744
66700,0.069,0.181,0.750
66800,0.074,0.179,0.748
66900,0.070,0.174,0.756
67000,0.067,0.178,0.755
67100,0.068,0.176,0.756
67200,0.072,0.174,0.755
67300,0.074,0.176,0.751
67400,0.072,0.179,0.750
67500,0.074,0.176,0.751
67600,0.067,0.180,0.753
67700,0.065,0.183,0.752
67800,0.064,0.185,0.751
67900,0.062,0.184,0.754
68000,0.065,0.182,0.753
68100,0.064,0.179,0.757
68200,0.069,0.176,0.755
68300,0.065,0.178,0.757
68400,0.064,0.174,0.762
68500,0.062,0.175,0.763
68600,0.065,0.176,0.759
68700,0.058,0.175,0.767
68800,0.067,0.171,0.762
68900,0.070,0.170,0.760
69000,0.067,0.175,0.758
69100,0.065,0.176,0.759
69200,0.062,0.174,0.764
69300,0.063,0.179,0.758
69400,0.062,0.180,0.758
69500,0.062,0.177,0.761
69600,0.062,0.180,0.758
69700,0.062,0.178,0.760
69800,0.062,0.180,0.758
69900,0.063,0.185,0.752
70000,0.059,0.182,0.759
70100,0.058,0.180,0.762
70200,0.058,0.182,0.760
70300,0.057,0.179,0.764
70400,0.063,0.182,0.755
70500,0.062,0.181,0.757
70600,0.067,0.179,0.754
70700,0.069,0.191,0.740
70800,0.067,0.195,0.737
70900,0.064,0.192,0.744
71000,0.070,0.190,0.740
71100,0.072,0.187,0.742
71200,0.067,0.186,0.747
71300,0.066,0.186,0.748
71400,0.067,0.184,0.749
71500,0.064,0.183,0.753
71600,0.065,0.186,0.749
71700,0.064,0.183,0.753
71800,0.062,0.177,0.761
71900,0.065,0.178,0.757
72000,0.065,0.182,0.753
72100,0.066,0.188,0.746
72200,0.073,0.182,0.746
72300,0.077,0.178,0.746
72400,0.072,0.178,0.751
72500,0.074,0.176,0.751
72600,0.073,0.175,0.753
72700,0.074,0.172,0.755
72800,0.085,0.175,0.741
72900,0.088,0.173,0.740
73000,0.082,0.169,0.750
73100,0.081,0.162,0.757
73200,0.080,0.170,0.751
73300,0.079,0.169,0.753
73400,0.078,0.168,0.755
73500,0.079,0.170,0.752
73600,0.084,0.168,0.749
73700,0.085,0.168,0.748
73800,0.081,0.172,0.748
73900,0.079,0.173,0.749
74000,0.075,0.173,0.753
74100,0.075,0.172,0.754
74200,0.077,0.174,0.750
74300,0.072,0.176,0.753
74400,0.068,0.177,0.755
74500,0.075,0.177,0.749
74600,0.076,0.174,0.751
74700,0.073,0.175,0.753
74800,0.075,0.174,0.752
74900,0.067,0.173,0.760
75000,0.066,0.170,0.764
75100,0.070,0.168,0.762
75200,0.072,0.168,0.761
75300,0.067,0.168,0.765
75400,0.076,0.170,0.755
75500,0.075,0.172,0.754
75600,0.070,0.164,0.765
75700,0.076,0.164,0.760
75800,0.068,0.169,0.763
75900,0.063,0.168,0.769
76000,0.062,0.168,0.770
76100,0.067,0.171,0.762
76200,0.065,0.168,0.767
76300,0.070,0.166,0.763
76400,0.069,0.165,0.765
76500,0.070,0.169,0.761
76600,0.069,0.168,0.763
76700,0.068,0.164,0.767
76800,0.068,0.163,0.768
76900,0.065,0.162,0.772
77000,0.074,0.161,0.765
77100,0.068,0.160,0.771
77200,0.065,0.162,0.772
77300,0.068,0.163,0.768
77400,0.070,0.163,0.766
77500,0.072,0.162,0.766
77600,0.069,0.162,0.768
77700,0.068,0.160,0.771
77800,0.067,0.159,0.773
77900,0.070,0.163,0.766
78000,0.064,0.161,0.774
78100,0.067,0.161,0.771
78200,0.068,0.160,0.771
78300,0.070,0.159,0.770
78400,0.067,0.164,0.768
78500,0.066,0.166,0.767
78600,0.066,0.162,0.771
78700,0.062,0.159,0.778
78800,0.063,0.158,0.778
78900,0.064,0.165,0.770
79000,0.067,0.164,0.768
79100,0.064,0.164,0.771
79200,0.061,0.166,0.772
79300,0.065,0.164,0.770
79400,0.063,0.161,0.775
79500,0.062,0.160,0.777
79600,0.065,0.159,0.775
79700,0.068,0.159,0.772
79800,0.068,0.159,0.772
79900,0.068,0.164,0.767
80000,0.073,0.162,0.765
80100,0.070,0.162,0.767
80200,0.064,0.163,0.772
80300,0.064,0.165,0.770
80400,0.068,0.166,0.765
80500,0.068,0.170,0.762
80600,0.066,0.169,0.765
80700,0.072,0.168,0.761
80800,0.066,0.168,0.766
80900,0.066,0.166,0.767
81000,0.062,0.166,0.771
81100,0.066,0.173,0.761
81200,0.063,0.174,0.763
81300,0.061,0.169,0.770
81400,0.062,0.170,0.768
81500,0.062,0.171,0.767
81600,0.061,0.171,0.768
81700,0.064,0.168,0.768
81800,0.064,0.170,0.766
81900,0.064,0.168,0.768
82000,0.062,0.166,0.771
82100,0.061,0.170,0.769
82200,0.064,0.171,0.765
82300,0.067,0.170,0.763
82400,0.064,0.170,0.766
82500,0.067,0.171,0.762
82600,0.060,0.175,0.765
82700,0.057,0.175,0.768
82800,0.053,0.177,0.770
82900,0.054,0.172,0.774
83000,0.056,0.169,0.775
83100,0.073,0.168,0.760
83200,0.072,0.168,0.761
83300,0.069,0.165,0.765
83400,0.076,0.163,0.761
83500,0.076,0.169,0.756
83600,0.082,0.171,0.748
83700,0.076,0.169,0.756
83800,0.076,0.170,0.755
83900,0.072,0.172,0.757
84000,0.073,0.170,0.758
84100,0.073,0.171,0.757
84200,0.078,0.169,0.754
84300,0.077,0.165,0.758
84400,0.076,0.165,0.759
84500,0.075,0.166,0.759
84600,0.070,0.166,0.763
84700,0.079,0.166,0.755
84800,0.076,0.164,0.760
84900,0.074,0.170,0.757
85000,0.074,0.164,0.762
85100,0.076,0.164,0.760
85200,0.070,0.163,0.766
85300,0.068,0.166,0.765
85400,0.068,0.176,0.756
85500,0.068,0.174,0.758
85600,0.064,0.182,0.754
85700,0.066,0.179,0.755
85800,0.066,0.177,0.757
85900,0.064,0.172,0.764
86000,0.061,0.191,0.748
86100,0.064,0.187,0.749
86200,0.066,0.186,0.748
86300,0.064,0.184,0.752
86400,0.062,0.184,0.754
86500,0.062,0.184,0.754
86600,0.064,0.181,0.755
86700,0.069,0.182,0.749
86800,0.067,0.177,0.756
86900,0.063,0.177,0.760
87000,0.064,0.175,0.761
87100,0.069,0.173,0.758
87200,0.066,0.171,0.763
87300,0.068,0.173,0.759
87400,0.063,0.175,0.762
87500,0.062,0.182,0.756
87600,0.060,0.181,0.759
87700,0.059,0.180,0.761
87800,0.059,0.177,0.764
87900,0.062,0.179,0.759
88000,0.058,0.175,0.767
88100,0.067,0.173,0.760
88200,0.065,0.172,0.763
88300,0.066,0.178,0.756
88400,0.073,0.175,0.753
88500,0.073,0.172,0.756
88600,0.072,0.166,0.762
88700,0.069,0.178,0.753
88800,0.076,0.179,0.746
88900,0.068,0.180,0.752
89000,0.068,0.178,0.754
89100,0.075,0.174,0.752
89200,0.076,0.172,0.753
89300,0.073,0.180,0.748
89400,0.072,0.178,0.751
89500,0.081,0.174,0.746
89600,0.084,0.171,0.746
89700,0.080,0.165,0.755
89800,0.081,0.170,0.750
89900,0.077,0.168,0.756
90000,0.073,0.174,0.754
90100,0.074,0.173,0.754
90200,0.076,0.171,0.754
90300,0.075,0.173,0.753
90400,0.074,0.174,0.753
90500,0.073,0.172,0.756
90600,0.062,0.170,0.768
90700,0.058,0.169,0.773
90800,0.055,0.165,0.779
90900,0.057,0.172,0.771
91000,0.057,0.172,0.771
91100,0.059,0.170,0.771
91200,0.053,0.165,0.781
91300,0.057,0.162,0.780
91400,0.058,0.162,0.779
91500,0.061,0.164,0.774
91600,0.060,0.163,0.776
91700,0.062,0.160,0.777
91800,0.061,0.160,0.778
91900,0.062,0.159,0.778
92000,0.059,0.161,0.779
92100,0.064,0.159,0.776
92200,0.063,0.155,0.781
92300,0.060,0.155,0.784
92400,0.061,0.154,0.784
92500,0.064,0.156,0.779
92600,0.066,0.152,0.781
92700,0.077,0.150,0.773
92800,0.080,0.152,0.768
92900,0.084,0.153,0.763
93000,0.083,0.155,0.762
93100,0.082,0.161,0.757
93200,0.083,0.165,0.752
93300,0.085,0.161,0.754
93400,0.084,0.162,0.754
93500,0.084,0.156,0.760
93600,0.083,0.156,0.761
93700,0.078,0.159,0.763
93800,0.074,0.156,0.770
93900,0.069,0.165,0.765
94000,0.069,0.164,0.766
94100,0.077,0.168,0.756
94200,0.081,0.168,0.752
94300,0.081,0.169,0.751
94400,0.078,0.164,0.758
94500,0.075,0.160,0.765
94600,0.075,0.160,0.765
94700,0.073,0.157,0.770
94800,0.075,0.155,0.770
94900,0.073,0.163,0.764
95000,0.077,0.159,0.764
95100,0.070,0.159,0.770
95200,0.076,0.162,0.762
95300,0.074,0.163,0.763
95400,0.074,0.159,0.767
95500,0.080,0.166,0.754
95600,0.073,0.162,0.765
95700,0.078,0.163,0.759
95800,0.069,0.159,0.771
95900,0.066,0.162,0.771
96000,0.065,0.165,0.769
96100,0.062,0.164,0.773
96200,0.062,0.171,0.767
96300,0.062,0.166,0.771
96400,0.062,0.166,0.771
96500,0.062,0.162,0.775
96600,0.064,0.159,0.776
96700,0.065,0.158,0.776
96800,0.066,0.156,0.777
96900,0.066,0.154,0.779
97000,0.066,0.158,0.775
97100,0.065,0.156,0.778
97200,0.065,0.158,0.776
97300,0.064,0.157,0.778
97400,0.067,0.157,0.775
97500,0.065,0.163,0.771
97600,0.068,0.163,0.768
97700,0.066,0.160,0.773
97800,0.068,0.156,0.775
97900,0.067,0.150,0.782
98000,0.067,0.150,0.782
98100,0.068,0.151,0.780
98200,0.070,0.147,0.782
98300,0.072,0.147,0.781
98400,0.078,0.146,0.776
98500,0.077,0.148,0.775
98600,0.075,0.151,0.774
98700,0.069,0.152,0.778
98800,0.066,0.155,0.778
98900,0.066,0.152,0.781
99000,0.078,0.151,0.771
99100,0.077,0.149,0.774
99200,0.073,0.149,0.778
99300,0.070,0.151,0.778
99400,0.073,0.150,0.777
99500,0.074,0.151,0.775
99600,0.073,0.159,0.768
99700,0.072,0.153,0.775
99800,0.076,0.155,0.769
99900,0.073,0.158,0.769
100000,0.070,0.155,0.774
100100,0.089,0.157,0.754
100200,0.089,0.155,0.756
100300,0.101,0.154,0.745
100400,0.098,0.154,0.748
100500,0.101,0.155,0.744
100600,0.099,0.152,0.749
100700,0.105,0.154,0.741
100800,0.103,0.161,0.735
100900,0.095,0.161,0.744
101000,0.098,0.166,0.735
101100,0.094,0.162,0.744
101200,0.091,0.156,0.753
101300,0.088,0.153,0.759
101400,0.087,0.154,0.759
101500,0.086,0.155,0.759
101600,0.083,0.155,0.762
101700,0.084,0.157,0.759
101800,0.086,0.154,0.760
101900,0.083,0.152,0.765
102000,0.082,0.151,0.767
102100,0.084,0.149,0.767
102200,0.085,0.145,0.770
102300,0.088,0.145,0.767
102400,0.085,0.143,0.772
102500,0.085,0.146,0.769
102600,0.084,0.152,0.764
102700,0.083,0.149,0.768
102800,0.082,0.149,0.769
102900,0.085,0.148,0.767
103000,0.082,0.151,0.767
103100,0.078,0.152,0.770
103200,0.079,0.147,0.774
103300,0.080,0.149,0.771
103400,0.088,0.146,0.766
103500,0.087,0.147,0.766
103600,0.084,0.148,0.768
103700,0.081,0.143,0.776
103800,0.076,0.150,0.774
103900,0.077,0.149,0.774
104000,0.077,0.146,0.777
104100,0.084,0.141,0.775
104200,0.081,0.152,0.767
104300,0.079,0.143,0.778
104400,0.080,0.142,0.778
104500,0.078,0.139,0.783
104600,0.079,0.140,0.781
104700,0.078,0.138,0.784
104800,0.076,0.134,0.791
104900,0.078,0.134,0.789
105000,0.080,0.133,0.788
105100,0.078,0.135,0.788
105200,0.079,0.138,0.783
105300,0.077,0.142,0.781
105400,0.075,0.141,0.784
105500,0.072,0.143,0.785
105600,0.076,0.142,0.782
105700,0.081,0.146,0.773
105800,0.082,0.147,0.771
105900,0.078,0.146,0.776
106000,0.079,0.145,0.776
106100,0.080,0.140,0.780
106200,0.081,0.137,0.782
106300,0.074,0.139,0.788
106400,0.076,0.146,0.778
106500,0.075,0.146,0.779
106600,0.077,0.139,0.784
106700,0.077,0.138,0.785
106800,0.083,0.140,0.777
106900,0.075,0.141,0.784
107000,0.074,0.143,0.783
107100,0.077,0.143,0.780
107200,0.075,0.145,0.780
107300,0.076,0.144,0.780
107400,0.091,0.145,0.764
107500,0.090,0.141,0.769
107600,0.090,0.142,0.768
107700,0.087,0.139,0.774
107800,0.085,0.139,0.776
107900,0.081,0.139,0.780
108000,0.080,0.138,0.782
108100,0.083,0.138,0.779
108200,0.100,0.138,0.762
108300,0.099,0.148,0.753
108400,0.095,0.146,0.759
108500,0.093,0.145,0.762
108600,0.095,0.144,0.761
108700,0.092,0.147,0.761
108800,0.090,0.141,0.769
108900,0.089,0.139,0.772
109000,0.089,0.136,0.775
109100,0.089,0.138,0.773
109200,0.087,0.141,0.772
109300,0.085,0.143,0.772
109400,0.087,0.138,0.775
109500,0.088,0.149,0.763
109600,0.089,0.145,0.766
109700,0.090,0.142,0.768
109800,0.087,0.142,0.771
109900,0.084,0.144,0.772
110000,0.079,0.142,0.779
110100,0.078,0.143,0.779
110200,0.080,0.142,0.778
110300,0.078,0.146,0.776
110400,0.084,0.145,0.771
110500,0.077,0.142,0.781
110600,0.072,0.138,0.791
110700,0.072,0.136,0.793
110800,0.070,0.133,0.797
110900,0.070,0.127,0.803
111000,0.074,0.127,0.800
111100,0.079,0.126,0.796
111200,0.073,0.126,0.802
111300,0.069,0.130,0.801
111400,0.065,0.129,0.806
111500,0.070,0.125,0.805
111600,0.070,0.124,0.806
111700,0.073,0.125,0.803
111800,0.072,0.127,0.802
111900,0.079,0.129,0.793
112000,0.081,0.126,0.794
112100,0.079,0.128,0.794
112200,0.078,0.126,0.797
112300,0.072,0.130,0.799
112400,0.068,0.130,0.802
112500,0.074,0.132,0.795
112600,0.075,0.136,0.790
112700,0.076,0.135,0.790
112800,0.076,0.138,0.787
112900,0.072,0.150,0.778
113000,0.070,0.147,0.782
113100,0.067,0.144,0.789
113200,0.067,0.147,0.785
113300,0.067,0.148,0.784
113400,0.066,0.145,0.789
113500,0.065,0.143,0.792
113600,0.063,0.143,0.794
113700,0.067,0.139,0.794
113800,0.070,0.139,0.791
113900,0.066,0.141,0.793
114000,0.067,0.140,0.793
114100,0.070,0.144,0.785
114200,0.068,0.142,0.790
114300,0.064,0.146,0.790
114400,0.063,0.141,0.796
114500,0.062,0.146,0.792
114600,0.063,0.148,0.789
114700,0.061,0.143,0.796
114800,0.062,0.137,0.801
114900,0.065,0.138,0.797
115000,0.063,0.139,0.798
115100,0.065,0.137,0.798
115200,0.062,0.138,0.800
115300,0.075,0.143,0.782
115400,0.072,0.141,0.788
115500,0.073,0.144,0.783
115600,0.067,0.143,0.790
115700,0.072,0.139,0.790
115800,0.069,0.142,0.789
115900,0.070,0.141,0.789
116000,0.069,0.144,0.787
116100,0.069,0.146,0.784
116200,0.069,0.139,0.792
116300,0.073,0.148,0.779
116400,0.070,0.149,0.780
116500,0.068,0.154,0.777
116600,0.067,0.150,0.782
116700,0.068,0.159,0.772
116800,0.066,0.154,0.779
116900,0.066,0.150,0.783
117000,0.074,0.151,0.775
117100,0.068,0.151,0.780
117200,0.066,0.150,0.783
117300,0.070,0.148,0.781
117400,0.069,0.146,0.784
117500,0.070,0.144,0.785
117600,0.070,0.140,0.790
117700,0.067,0.140,0.793
117800,0.066,0.139,0.795
117900,0.064,0.139,0.797
118000,0.065,0.141,0.794
118100,0.061,0.140,0.799
118200,0.062,0.140,0.798
118300,0.067,0.137,0.796
118400,0.068,0.138,0.794
118500,0.063,0.135,0.802
118600,0.064,0.133,0.803
118700,0.066,0.136,0.798
118800,0.064,0.132,0.804
118900,0.067,0.132,0.801
119000,0.066,0.134,0.800
119100,0.067,0.132,0.801
119200,0.074,0.134,0.793
119300,0.073,0.138,0.790
119400,0.073,0.138,0.790
119500,0.073,0.137,0.791
119600,0.072,0.134,0.795
119700,0.069,0.133,0.798
119800,0.074,0.133,0.794
119900,0.076,0.131,0.794
120000,0.074,0.132,0.795
120100,0.077,0.133,0.791
120200,0.072,0.135,0.794
120300,0.076,0.135,0.790
120400,0.072,0.137,0.792
120500,0.070,0.140,0.790
120600,0.067,0.151,0.781
120700,0.066,0.149,0.784
120800,0.063,0.148,0.789
120900,0.061,0.146,0.793
121000,0.060,0.147,0.793
121100,0.059,0.148,0.793
121200,0.058,0.147,0.795
121300,0.064,0.145,0.791
121400,0.062,0.143,0.795
121500,0.059,0.145,0.796
121600,0.060,0.154,0.785
121700,0.063,0.162,0.774
121800,0.058,0.162,0.779
121900,0.058,0.164,0.777
122000,0.062,0.163,0.774
122100,0.062,0.166,0.771
122200,0.063,0.158,0.778
122300,0.063,0.158,0.778
122400,0.062,0.156,0.781
122500,0.058,0.150,0.792
122600,0.059,0.149,0.792
122700,0.059,0.149,0.792
122800,0.058,0.155,0.787
122900,0.061,0.153,0.785
123000,0.061,0.152,0.787
123100,0.061,0.146,0.793
123200,0.063,0.148,0.789
123300,0.066,0.146,0.788
123400,0.065,0.146,0.789
123500,0.065,0.147,0.788
123600,0.066,0.149,0.784
123700,0.064,0.146,0.790
123800,0.062,0.143,0.795
123900,0.061,0.141,0.798
124000,0.065,0.140,0.795
124100,0.067,0.141,0.792
124200,0.066,0.137,0.797
124300,0.067,0.139,0.794
124400,0.070,0.139,0.791
124500,0.070,0.134,0.796
124600,0.068,0.134,0.798
124700,0.062,0.136,0.802
124800,0.081,0.140,0.779
124900,0.076,0.140,0.784
125000,0.084,0.142,0.774
125100,0.078,0.142,0.780
125200,0.074,0.142,0.784
125300,0.083,0.142,0.775
125400,0.081,0.138,0.781
125500,0.082,0.143,0.775
125600,0.076,0.145,0.779
125700,0.076,0.144,0.780
125800,0.076,0.152,0.772
125900,0.076,0.147,0.777
126000,0.076,0.143,0.781
126100,0.083,0.141,0.776
126200,0.083,0.140,0.777
126300,0.082,0.141,0.777
126400,0.081,0.141,0.778
126500,0.080,0.139,0.781
126600,0.076,0.138,0.787
126700,0.076,0.139,0.785
126800,0.080,0.143,0.777
126900,0.091,0.142,0.767
127000,0.088,0.145,0.767
127100,0.092,0.143,0.765
127200,0.087,0.139,0.774
127300,0.090,0.142,0.768
127400,0.088,0.138,0.774
127500,0.084,0.136,0.780
127600,0.085,0.138,0.777
127700,0.089,0.138,0.773
127800,0.090,0.136,0.774
127900,0.085,0.141,0.774
128000,0.085,0.141,0.774
128100,0.089,0.144,0.767
128200,0.087,0.145,0.768
128300,0.091,0.145,0.764
128400,0.088,0.142,0.770
128500,0.084,0.140,0.776
128600,0.083,0.141,0.776
128700,0.078,0.141,0.781
128800,0.076,0.141,0.783
128900,0.083,0.142,0.775
129000,0.080,0.145,0.775
129100,0.084,0.140,0.776
129200,0.086,0.137,0.777
129300,0.083,0.138,0.779
129400,0.081,0.139,0.780
129500,0.078,0.141,0.781
129600,0.077,0.136,0.788
129700,0.080,0.131,0.790
129800,0.079,0.127,0.795
129900,0.077,0.129,0.795
130000,0.080,0.129,0.792
130100,0.083,0.132,0.785
130200,0.082,0.129,0.790
130300,0.077,0.134,0.790
130400,0.076,0.138,0.787
130500,0.077,0.135,0.789
130600,0.075,0.132,0.794
130700,0.070,0.134,0.796
130800,0.076,0.133,0.792
130900,0.080,0.131,0.790
131000,0.077,0.129,0.795
131100,0.079,0.130,0.792
131200,0.077,0.137,0.787
131300,0.076,0.137,0.788
131400,0.072,0.136,0.793
131500,0.072,0.137,0.792
131600,0.066,0.138,0.796
131700,0.072,0.136,0.793
131800,0.065,0.141,0.794
131900,0.064,0.140,0.796
132000,0.066,0.141,0.793
132100,0.070,0.139,0.791
132200,0.077,0.143,0.780
132300,0.082,0.140,0.778
132400,0.082,0.139,0.779
132500,0.083,0.157,0.760
132600,0.079,0.152,0.769
132700,0.077,0.149,0.774
132800,0.080,0.149,0.771
132900,0.077,0.145,0.778
133000,0.069,0.140,0.791
133100,0.073,0.143,0.784
133200,0.069,0.145,0.785
133300,0.074,0.146,0.780
133400,0.082,0.142,0.776
133500,0.084,0.135,0.781
133600,0.085,0.133,0.782
133700,0.085,0.132,0.783
133800,0.086,0.134,0.780
133900,0.084,0.132,0.784
134000,0.081,0.132,0.788
134100,0.078,0.130,0.793
134200,0.078,0.132,0.791
134300,0.079,0.136,0.785
134400,0.078,0.133,0.790
134500,0.075,0.134,0.792
134600,0.077,0.137,0.787
134700,0.079,0.136,0.785
134800,0.074,0.139,0.788
134900,0.075,0.140,0.785
135000,0.073,0.141,0.787
135100,0.072,0.135,0.794
135200,0.070,0.134,0.796
135300,0.073,0.136,0.792
135400,0.073,0.134,0.794
135500,0.067,0.144,0.789
135600,0.065,0.141,0.794
135700,0.063,0.138,0.799
135800,0.062,0.140,0.798
135900,0.061,0.139,0.800
136000,0.063,0.138,0.799
136100,0.073,0.138,0.790
136200,0.077,0.137,0.787
136300,0.077,0.138,0.785
136400,0.070,0.141,0.789
136500,0.073,0.140,0.788
136600,0.076,0.141,0.783
136700,0.075,0.138,0.788
136800,0.075,0.136,0.790
136900,0.074,0.142,0.784
137000,0.072,0.138,0.791
137100,0.075,0.136,0.790
137200,0.075,0.131,0.795
137300,0.073,0.131,0.797
137400,0.074,0.136,0.791
137500,0.075,0.134,0.792
137600,0.069,0.134,0.797
137700,0.069,0.130,0.801
137800,0.069,0.131,0.800
137900,0.070,0.133,0.797
138000,0.072,0.129,0.800
138100,0.066,0.130,0.804
138200,0.067,0.133,0.800
138300,0.068,0.135,0.797
138400,0.073,0.134,0.794
138500,0.078,0.139,0.783
138600,0.078,0.140,0.782
138700,0.074,0.139,0.788
138800,0.073,0.140,0.788
138900,0.070,0.137,0.793
139000,0.070,0.133,0.797
139100,0.070,0.132,0.798
139200,0.069,0.133,0.798
139300,0.070,0.132,0.798
139400,0.069,0.129,0.802
139500,0.067,0.134,0.799
139600,0.068,0.136,0.796
139700,0.065,0.134,0.801
139800,0.064,0.135,0.801
139900,0.062,0.132,0.806
140000,0.060,0.132,0.808
140100,0.061,0.133,0.806
140200,0.065,0.137,0.798
140300,0.064,0.134,0.802
140400,0.066,0.136,0.798
140500,0.064,0.135,0.801
140600,0.065,0.136,0.799
140700,0.061,0.135,0.804
140800,0.062,0.127,0.811
140900,0.060,0.128,0.812
141000,0.062,0.129,0.809
141100,0.061,0.131,0.808
141200,0.062,0.134,0.804
141300,0.067,0.140,0.793
141400,0.070,0.135,0.795
141500,0.068,0.132,0.800
141600,0.068,0.129,0.803
141700,0.074,0.133,0.794
141800,0.068,0.134,0.798
141900,0.065,0.132,0.803
142000,0.064,0.130,0.806
142100,0.067,0.137,0.796
142200,0.066,0.144,0.790
142300,0.073,0.140,0.788
142400,0.068,0.137,0.795
142500,0.067,0.138,0.795
142600,0.069,0.136,0.795
142700,0.085,0.137,0.778
142800,0.080,0.135,0.785
142900,0.083,0.135,0.782
143000,0.074,0.139,0.788
143100,0.072,0.136,0.793
143200,0.077,0.135,0.789
143300,0.076,0.135,0.790
143400,0.078,0.133,0.790
143500,0.076,0.132,0.793
143600,0.079,0.129,0.793
143700,0.074,0.129,0.798
143800,0.073,0.129,0.799
143900,0.074,0.134,0.793
144000,0.074,0.132,0.795
144100,0.072,0.132,0.797
144200,0.068,0.131,0.801
144300,0.070,0.133,0.797
144400,0.069,0.132,0.799
144500,0.072,0.128,0.801
144600,0.070,0.131,0.799
144700,0.069,0.131,0.800
144800,0.065,0.127,0.808
144900,0.066,0.129,0.805
145000,0.067,0.131,0.802
145100,0.064,0.132,0.804
145200,0.067,0.132,0.801
145300,0.065,0.133,0.802
145400,0.063,0.136,0.801
145500,0.064,0.133,0.803
145600,0.064,0.134,0.802
145700,0.068,0.132,0.800
145800,0.068,0.130,0.802
145900,0.066,0.127,0.807
146000,0.068,0.124,0.808
146100,0.078,0.123,0.800
146200,0.081,0.123,0.797
146300,0.082,0.123,0.796
146400,0.077,0.125,0.799
146500,0.075,0.125,0.801
146600,0.075,0.132,0.794
146700,0.074,0.127,0.800
146800,0.069,0.124,0.807
146900,0.070,0.122,0.808
147000,0.081,0.125,0.795
147100,0.078,0.121,0.802
147200,0.084,0.118,0.798
147300,0.089,0.124,0.788
147400,0.105,0.120,0.775
147500,0.102,0.121,0.777
147600,0.097,0.123,0.780
147700,0.098,0.121,0.781
147800,0.096,0.120,0.784
147900,0.100,0.117,0.782
148000,0.100,0.117,0.782
148100,0.101,0.122,0.777
148200,0.106,0.128,0.766
148300,0.098,0.130,0.772
148400,0.096,0.130,0.774
148500,0.114,0.126,0.760
148600,0.115,0.129,0.756
148700,0.111,0.130,0.759
148800,0.113,0.131,0.756
148900,0.108,0.131,0.761
149000,0.112,0.129,0.759
149100,0.116,0.125,0.759
149200,0.108,0.123,0.769
149300,0.110,0.126,0.764
149400,0.113,0.127,0.760
149500,0.113,0.129,0.758
149600,0.113,0.130,0.757
149700,0.110,0.125,0.765
149800,0.108,0.123,0.769
149900,0.105,0.121,0.774
150000,0.104,0.120,0.776
150100,0.104,0.126,0.770
150200,0.096,0.126,0.778
150300,0.103,0.128,0.769
150400,0.120,0.129,0.752
150500,0.107,0.125,0.768
150600,0.109,0.128,0.763
150700,0.112,0.128,0.760
150800,0.107,0.131,0.762
150900,0.106,0.134,0.760
151000,0.107,0.135,0.758
151100,0.105,0.133,0.762
151200,0.097,0.134,0.769
151300,0.097,0.132,0.771
151400,0.098,0.136,0.766
151500,0.100,0.134,0.766
151600,0.098,0.133,0.769
151700,0.094,0.134,0.772
151800,0.091,0.137,0.772
151900,0.093,0.132,0.775
152000,0.089,0.131,0.780
152100,0.088,0.146,0.766
152200,0.090,0.143,0.767
152300,0.091,0.143,0.766
152400,0.086,0.143,0.771
152500,0.085,0.152,0.763
152600,0.088,0.153,0.759
152700,0.087,0.151,0.762
152800,0.086,0.150,0.764
152900,0.085,0.149,0.766
153000,0.079,0.142,0.779
153100,0.077,0.138,0.785
153200,0.078,0.141,0.781
153300,0.076,0.143,0.781
153400,0.080,0.148,0.772
153500,0.077,0.149,0.774
153600,0.081,0.146,0.773
153700,0.076,0.145,0.779
153800,0.077,0.146,0.777
153900,0.077,0.145,0.778
154000,0.072,0.143,0.785
154100,0.077,0.141,0.782
154200,0.083,0.141,0.776
154300,0.080,0.138,0.782
154400,0.086,0.138,0.776
154500,0.083,0.136,0.781
154600,0.098,0.133,0.769
154700,0.089,0.134,0.777
154800,0.091,0.133,0.776
154900,0.090,0.131,0.779
155000,0.087,0.148,0.765
155100,0.082,0.142,0.776
155200,0.080,0.142,0.778
155300,0.078,0.143,0.779
155400,0.082,0.143,0.775
155500,0.082,0.145,0.773
155600,0.083,0.142,0.775
155700,0.082,0.145,0.773
155800,0.093,0.145,0.762
155900,0.094,0.144,0.762
156000,0.092,0.141,0.767
156100,0.085,0.136,0.779
156200,0.083,0.136,0.781
156300,0.082,0.135,0.783
156400,0.081,0.139,0.780
156500,0.083,0.138,0.779
156600,0.081,0.140,0.779
156700,0.086,0.142,0.772
156800,0.084,0.146,0.770
156900,0.085,0.139,0.776
157000,0.080,0.137,0.783
157100,0.079,0.142,0.779
157200,0.081,0.140,0.779
157300,0.081,0.140,0.779
157400,0.076,0.141,0.783
157500,0.072,0.136,0.793
157600,0.069,0.136,0.795
157700,0.067,0.135,0.798
157800,0.070,0.128,0.802
157900,0.070,0.126,0.804
158000,0.070,0.128,0.802
158100,0.076,0.126,0.799
158200,0.084,0.128,0.789
158300,0.082,0.123,0.796
158400,0.076,0.120,0.805
158500,0.079,0.126,0.796
158600,0.081,0.121,0.799
158700,0.082,0.127,0.792
158800,0.087,0.129,0.784
158900,0.083,0.126,0.792
159000,0.086,0.126,0.789
159100,0.081,0.122,0.798
159200,0.080,0.117,0.803
159300,0.078,0.115,0.807
159400,0.080,0.117,0.803
159500,0.081,0.115,0.804
159600,0.083,0.117,0.800
159700,0.081,0.115,0.804
159800,0.078,0.116,0.806
159900,0.080,0.115,0.805
160000,0.081,0.115,0.804
160100,0.082,0.113,0.805
160200,0.078,0.113,0.809
160300,0.080,0.118,0.802
160400,0.079,0.117,0.804
160500,0.079,0.121,0.801
160600,0.081,0.124,0.796
160700,0.081,0.124,0.796
160800,0.079,0.122,0.800
160900,0.077,0.123,0.801
161000,0.077,0.125,0.799
161100,0.090,0.122,0.789
161200,0.101,0.122,0.777
161300,0.097,0.121,0.782
161400,0.100,0.120,0.780
161500,0.090,0.120,0.791
161600,0.087,0.121,0.793
161700,0.083,0.128,0.790
161800,0.088,0.129,0.783
161900,0.090,0.127,0.783
162000,0.091,0.130,0.779
162100,0.090,0.135,0.775
162200,0.090,0.139,0.771
162300,0.088,0.139,0.773
162400,0.091,0.136,0.773
162500,0.087,0.133,0.780
162600,0.082,0.132,0.787
162700,0.082,0.130,0.789
162800,0.086,0.133,0.781
162900,0.086,0.130,0.784
163000,0.082,0.133,0.785
163100,0.078,0.145,0.777
163200,0.082,0.151,0.767
163300,0.082,0.143,0.775
163400,0.082,0.138,0.780
163500,0.090,0.127,0.783
163600,0.090,0.127,0.783
163700,0.089,0.125,0.787
163800,0.090,0.127,0.783
163900,0.086,0.127,0.788
164000,0.087,0.130,0.783
164100,0.085,0.126,0.790
164200,0.082,0.132,0.787
164300,0.083,0.131,0.787
