time,n_A+p,n_B,n_AB
200,0.030,0.954,0.016
400,0.030,0.944,0.027
600,0.030,0.921,0.049
800,0.030,0.891,0.080
1000,0.030,0.877,0.093
1200,0.031,0.863,0.106
1400,0.031,0.837,0.133
1600,0.030,0.817,0.153
1800,0.031,0.785,0.184
2000,0.034,0.781,0.185
2200,0.035,0.761,0.204
2400,0.036,0.727,0.237
2600,0.040,0.697,0.264
2800,0.037,0.677,0.286
3000,0.036,0.667,0.297
3200,0.035,0.652,0.314
3400,0.031,0.641,0.328
3600,0.033,0.625,0.342
3800,0.030,0.606,0.365
4000,0.030,0.586,0.384
4200,0.033,0.572,0.395
4400,0.035,0.560,0.406
4600,0.042,0.549,0.410
4800,0.041,0.534,0.425
5000,0.048,0.523,0.429
5200,0.050,0.502,0.448
5400,0.046,0.495,0.459
5600,0.046,0.481,0.473
5800,0.057,0.469,0.474
6000,0.057,0.455,0.488
6200,0.049,0.450,0.501
6400,0.055,0.439,0.506
6600,0.058,0.437,0.505
6800,0.054,0.427,0.519
7000,0.054,0.415,0.531
7200,0.060,0.434,0.506
7400,0.059,0.422,0.519
7600,0.053,0.416,0.531
7800,0.050,0.412,0.538
8000,0.055,0.411,0.534
8200,0.053,0.402,0.544
8400,0.057,0.401,0.541
8600,0.053,0.400,0.546
8800,0.053,0.390,0.557
9000,0.052,0.390,0.558
9200,0.055,0.389,0.556
9400,0.054,0.385,0.561
9600,0.054,0.378,0.568
9800,0.055,0.375,0.570
10000,0.050,0.366,0.584
10200,0.051,0.371,0.578
10400,0.046,0.367,0.587
10600,0.045,0.364,0.591
10800,0.052,0.364,0.584
11000,0.050,0.363,0.587
11200,0.051,0.355,0.593
11400,0.054,0.354,0.591
11600,0.059,0.344,0.597
11800,0.056,0.341,0.603
12000,0.068,0.336,0.596
12200,0.068,0.336,0.596
12400,0.067,0.330,0.603
12600,0.074,0.330,0.597
12800,0.064,0.328,0.608
13000,0.070,0.331,0.599
13200,0.062,0.332,0.606
13400,0.073,0.330,0.598
13600,0.061,0.332,0.607
13800,0.063,0.330,0.607
14000,0.064,0.325,0.611
14200,0.061,0.324,0.615
14400,0.062,0.318,0.620
14600,0.059,0.317,0.624
14800,0.052,0.316,0.632
15000,0.063,0.308,0.628
15200,0.079,0.320,0.602
15400,0.085,0.306,0.609
15600,0.082,0.306,0.612
15800,0.084,0.313,0.604
16000,0.064,0.303,0.632
16200,0.062,0.303,0.634
16400,0.062,0.303,0.634
16600,0.062,0.302,0.635
16800,0.058,0.300,0.641
17000,0.057,0.302,0.640
17200,0.056,0.292,0.652
17400,0.059,0.291,0.650
17600,0.056,0.281,0.663
17800,0.059,0.281,0.660
18000,0.070,0.275,0.655
18200,0.064,0.276,0.660
18400,0.065,0.280,0.655
18600,0.075,0.288,0.637
18800,0.067,0.284,0.649
19000,0.063,0.283,0.654
19200,0.059,0.278,0.663
19400,0.059,0.286,0.655
19600,0.075,0.286,0.639
19800,0.067,0.282,0.651
20000,0.075,0.286,0.639
20200,0.075,0.281,0.645
20400,0.073,0.273,0.655
20600,0.072,0.276,0.653
20800,0.070,0.270,0.660
21000,0.063,0.279,0.658
21200,0.062,0.273,0.665
21400,0.063,0.279,0.658
21600,0.059,0.276,0.665
21800,0.065,0.286,0.649
22000,0.065,0.277,0.658
22200,0.088,0.273,0.639
22400,0.080,0.268,0.653
22600,0.081,0.264,0.656
22800,0.079,0.270,0.652
23000,0.070,0.267,0.663
23200,0.076,0.264,0.661
23400,0.083,0.261,0.656
23600,0.085,0.257,0.658
23800,0.076,0.254,0.670
24000,0.074,0.254,0.672
24200,0.070,0.253,0.676
24400,0.063,0.257,0.679
24600,0.062,0.254,0.683
24800,0.065,0.261,0.673
25000,0.070,0.263,0.667
25200,0.075,0.264,0.662
25400,0.075,0.260,0.665
25600,0.077,0.259,0.664
25800,0.082,0.254,0.664
26000,0.075,0.255,0.670
26200,0.068,0.246,0.685
26400,0.073,0.254,0.673
26600,0.072,0.256,0.672
26800,0.067,0.253,0.679
27000,0.070,0.251,0.678
27200,0.076,0.254,0.670
27400,0.073,0.251,0.676
27600,0.070,0.253,0.676
27800,0.070,0.256,0.673
28000,0.069,0.252,0.678
28200,0.069,0.247,0.683
28400,0.066,0.249,0.684
28600,0.067,0.246,0.686
28800,0.072,0.244,0.684
29000,0.060,0.242,0.698
29200,0.061,0.241,0.698
29400,0.061,0.241,0.698
29600,0.063,0.237,0.700
29800,0.064,0.239,0.697
30000,0.062,0.239,0.699
30200,0.077,0.242,0.681
30400,0.070,0.240,0.689
30600,0.072,0.237,0.692
30800,0.062,0.236,0.702
31000,0.059,0.238,0.703
31200,0.064,0.244,0.692
31400,0.059,0.245,0.696
31600,0.064,0.251,0.684
31800,0.070,0.249,0.680
32000,0.075,0.248,0.677
32200,0.072,0.256,0.672
32400,0.076,0.256,0.668
32600,0.070,0.248,0.681
32800,0.066,0.246,0.687
33000,0.069,0.240,0.691
33200,0.072,0.240,0.688
33400,0.085,0.246,0.669
33600,0.086,0.243,0.671
33800,0.077,0.243,0.680
34000,0.070,0.236,0.694
34200,0.068,0.237,0.695
34400,0.074,0.234,0.693
34600,0.074,0.237,0.689
34800,0.076,0.233,0.692
35000,0.079,0.227,0.695
35200,0.080,0.228,0.693
35400,0.088,0.228,0.684
35600,0.090,0.229,0.681
35800,0.083,0.236,0.681
36000,0.083,0.234,0.683
36200,0.083,0.230,0.687
36400,0.079,0.226,0.696
36600,0.079,0.223,0.699
36800,0.073,0.226,0.702
37000,0.069,0.225,0.706
37200,0.075,0.227,0.699
37400,0.075,0.226,0.700
37600,0.079,0.225,0.697
37800,0.094,0.220,0.686
38000,0.082,0.220,0.699
38200,0.075,0.219,0.707
38400,0.078,0.222,0.701
38600,0.080,0.218,0.703
38800,0.076,0.213,0.711
39000,0.075,0.220,0.706
39200,0.077,0.225,0.699
39400,0.075,0.229,0.697
39600,0.077,0.229,0.695
39800,0.081,0.222,0.698
40000,0.074,0.217,0.710
40200,0.076,0.221,0.704
40400,0.079,0.220,0.702
40600,0.076,0.216,0.709
40800,0.075,0.218,0.708
41000,0.072,0.216,0.713
41200,0.080,0.216,0.705
41400,0.074,0.218,0.709
41600,0.069,0.218,0.713
41800,0.069,0.221,0.710
42000,0.072,0.224,0.705
42200,0.069,0.222,0.709
42400,0.069,0.224,0.707
42600,0.064,0.226,0.710
42800,0.066,0.231,0.703
43000,0.065,0.230,0.705
43200,0.064,0.233,0.703
43400,0.062,0.230,0.708
43600,0.063,0.224,0.713
43800,0.063,0.222,0.715
44000,0.066,0.222,0.712
44200,0.066,0.216,0.718
44400,0.069,0.211,0.719
44600,0.077,0.203,0.720
44800,0.077,0.206,0.717
45000,0.079,0.200,0.721
45200,0.076,0.206,0.718
45400,0.069,0.205,0.725
45600,0.072,0.201,0.727
45800,0.065,0.210,0.724
46000,0.070,0.213,0.716
46200,0.069,0.218,0.713
46400,0.074,0.211,0.715
46600,0.075,0.207,0.718
46800,0.073,0.208,0.719
47000,0.068,0.218,0.714
47200,0.063,0.211,0.725
47400,0.061,0.209,0.729
47600,0.061,0.208,0.730
47800,0.063,0.208,0.728
48000,0.065,0.216,0.719
48200,0.067,0.224,0.709
48400,0.067,0.219,0.714
48600,0.067,0.215,0.718
48800,0.064,0.208,0.727
49000,0.070,0.205,0.724
49200,0.074,0.199,0.727
49400,0.075,0.199,0.726
49600,0.081,0.202,0.717
49800,0.075,0.207,0.718
50000,0.073,0.203,0.724
50200,0.067,0.204,0.728
50400,0.072,0.208,0.720
50600,0.079,0.213,0.708
50800,0.089,0.231,0.680
51000,0.083,0.225,0.693
51200,0.081,0.220,0.700
51400,0.076,0.227,0.698
51600,0.067,0.218,0.715
51800,0.067,0.222,0.711
52000,0.066,0.221,0.713
52200,0.069,0.210,0.720
52400,0.069,0.208,0.722
52600,0.083,0.207,0.710
52800,0.086,0.212,0.702
53000,0.091,0.200,0.709
53200,0.085,0.197,0.718
53400,0.086,0.201,0.713
53600,0.091,0.202,0.707
53800,0.085,0.201,0.714
54000,0.083,0.196,0.721
54200,0.091,0.211,0.698
54400,0.085,0.206,0.709
54600,0.082,0.210,0.708
54800,0.079,0.205,0.716
55000,0.077,0.203,0.720
55200,0.079,0.204,0.717
55400,0.091,0.196,0.713
55600,0.087,0.195,0.718
55800,0.081,0.197,0.722
56000,0.074,0.200,0.726
56200,0.072,0.198,0.730
56400,0.072,0.198,0.730
56600,0.066,0.216,0.718
56800,0.063,0.212,0.724
57000,0.063,0.218,0.719
57200,0.076,0.216,0.709
57400,0.076,0.213,0.711
57600,0.080,0.215,0.706
57800,0.081,0.212,0.707
58000,0.086,0.208,0.706
58200,0.085,0.201,0.714
58400,0.078,0.209,0.713
58600,0.077,0.226,0.698
58800,0.072,0.227,0.702
59000,0.067,0.223,0.710
59200,0.067,0.228,0.705
59400,0.074,0.223,0.704
59600,0.072,0.222,0.707
59800,0.082,0.218,0.701
60000,0.077,0.211,0.712
60200,0.075,0.213,0.712
60400,0.075,0.219,0.707
60600,0.070,0.212,0.717
60800,0.076,0.206,0.718
61000,0.073,0.209,0.718
61200,0.070,0.209,0.720
61400,0.077,0.203,0.720
61600,0.074,0.201,0.725
61800,0.067,0.199,0.733
62000,0.065,0.193,0.742
62200,0.080,0.194,0.726
62400,0.080,0.192,0.728
62600,0.077,0.188,0.735
62800,0.076,0.190,0.734
63000,0.069,0.191,0.740
63200,0.065,0.194,0.741
63400,0.067,0.192,0.741
63600,0.069,0.195,0.735
63800,0.064,0.191,0.745
64000,0.066,0.190,0.744
64200,0.073,0.187,0.741
64400,0.065,0.189,0.746
64600,0.076,0.195,0.729
64800,0.083,0.196,0.721
65000,0.083,0.193,0.724
65200,0.086,0.199,0.715
65400,0.081,0.191,0.728
65600,0.083,0.194,0.723
65800,0.089,0.194,0.717
66000,0.094,0.186,0.720
66200,0.091,0.180,0.729
66400,0.091,0.175,0.734
66600,0.084,0.176,0.741
66800,0.081,0.180,0.740
67000,0.082,0.182,0.736
67200,0.083,0.181,0.736
67400,0.083,0.187,0.730
67600,0.078,0.179,0.744
67800,0.075,0.183,0.743
68000,0.077,0.189,0.734
68200,0.076,0.186,0.739
68400,0.076,0.183,0.742
68600,0.083,0.186,0.731
68800,0.079,0.181,0.741
69000,0.074,0.177,0.750
69200,0.076,0.179,0.746
69400,0.075,0.184,0.742
69600,0.072,0.182,0.747
69800,0.076,0.178,0.747
70000,0.078,0.175,0.748
70200,0.067,0.177,0.756
70400,0.067,0.181,0.752
70600,0.075,0.183,0.743
70800,0.067,0.178,0.755
71000,0.073,0.180,0.748
71200,0.065,0.182,0.753
71400,0.083,0.183,0.734
71600,0.076,0.190,0.734
71800,0.080,0.178,0.743
72000,0.082,0.174,0.745
72200,0.084,0.175,0.742
72400,0.087,0.172,0.742
72600,0.081,0.174,0.746
72800,0.077,0.180,0.744
73000,0.079,0.183,0.739
73200,0.080,0.181,0.740
73400,0.073,0.181,0.747
73600,0.075,0.175,0.751
73800,0.078,0.184,0.739
74000,0.087,0.178,0.735
74200,0.081,0.173,0.747
74400,0.077,0.171,0.753
74600,0.073,0.179,0.749
74800,0.074,0.173,0.754
75000,0.076,0.170,0.755
75200,0.070,0.173,0.757
75400,0.069,0.172,0.759
75600,0.068,0.177,0.755
75800,0.067,0.176,0.757
76000,0.067,0.182,0.751
76200,0.070,0.187,0.743
76400,0.068,0.190,0.742
76600,0.072,0.190,0.739
76800,0.077,0.185,0.739
77000,0.068,0.187,0.745
77200,0.074,0.187,0.740
77400,0.075,0.187,0.739
77600,0.075,0.194,0.731
77800,0.072,0.186,0.743
78000,0.075,0.192,0.733
78200,0.076,0.190,0.734
78400,0.074,0.179,0.748
78600,0.076,0.179,0.746
78800,0.069,0.176,0.755
79000,0.074,0.172,0.755
79200,0.074,0.171,0.756
79400,0.067,0.165,0.767
79600,0.065,0.165,0.769
79800,0.067,0.171,0.762
80000,0.063,0.171,0.766
80200,0.059,0.177,0.764
80400,0.062,0.174,0.764
80600,0.063,0.173,0.764
80800,0.069,0.179,0.752
81000,0.063,0.185,0.752
81200,0.066,0.183,0.751
81400,0.064,0.173,0.763
81600,0.070,0.172,0.758
81800,0.072,0.189,0.740
82000,0.066,0.185,0.749
82200,0.066,0.196,0.737
82400,0.066,0.196,0.737
82600,0.064,0.197,0.739
82800,0.066,0.201,0.732
83000,0.067,0.194,0.739
83200,0.070,0.184,0.746
83400,0.062,0.179,0.759
83600,0.060,0.183,0.757
83800,0.058,0.180,0.762
84000,0.073,0.177,0.751
84200,0.067,0.176,0.757
84400,0.081,0.182,0.737
84600,0.075,0.186,0.740
84800,0.081,0.178,0.742
85000,0.082,0.189,0.729
85200,0.077,0.184,0.740
85400,0.079,0.175,0.747
85600,0.083,0.172,0.746
85800,0.077,0.175,0.749
86000,0.075,0.173,0.753
86200,0.072,0.173,0.756
86400,0.068,0.173,0.759
86600,0.070,0.172,0.758
86800,0.075,0.171,0.755
87000,0.078,0.166,0.756
87200,0.082,0.164,0.754
87400,0.087,0.164,0.749
87600,0.090,0.165,0.745
87800,0.086,0.166,0.748
88000,0.076,0.160,0.764
88200,0.066,0.161,0.772
88400,0.078,0.166,0.756
88600,0.070,0.178,0.752
88800,0.068,0.175,0.757
89000,0.072,0.173,0.756
89200,0.069,0.166,0.764
89400,0.067,0.174,0.759
89600,0.060,0.178,0.762
89800,0.062,0.180,0.758
90000,0.064,0.173,0.763
90200,0.061,0.165,0.773
90400,0.061,0.169,0.770
90600,0.067,0.173,0.760
90800,0.063,0.171,0.766
91000,0.077,0.170,0.754
91200,0.069,0.169,0.762
91400,0.067,0.165,0.767
91600,0.065,0.164,0.770
91800,0.067,0.168,0.765
92000,0.061,0.166,0.772
92200,0.070,0.161,0.768
92400,0.060,0.157,0.782
92600,0.064,0.157,0.778
92800,0.078,0.164,0.758
93000,0.070,0.170,0.760
93200,0.077,0.165,0.758
93400,0.072,0.165,0.763
93600,0.060,0.165,0.774
93800,0.064,0.166,0.769
94000,0.062,0.161,0.776
94200,0.063,0.162,0.774
94400,0.063,0.158,0.778
94600,0.068,0.166,0.765
94800,0.072,0.159,0.769
95000,0.069,0.157,0.773
95200,0.066,0.156,0.777
95400,0.073,0.158,0.769
95600,0.072,0.162,0.766
95800,0.093,0.158,0.749
96000,0.088,0.154,0.758
96200,0.092,0.154,0.754
96400,0.101,0.153,0.746
96600,0.091,0.157,0.752
96800,0.090,0.157,0.753
97000,0.084,0.155,0.761
97200,0.074,0.151,0.775
97400,0.078,0.149,0.773
97600,0.074,0.146,0.780
97800,0.070,0.152,0.777
98000,0.068,0.152,0.779
98200,0.064,0.151,0.784
98400,0.062,0.153,0.784
98600,0.058,0.151,0.791
98800,0.061,0.150,0.789
99000,0.067,0.146,0.787
99200,0.066,0.152,0.781
99400,0.063,0.155,0.781
99600,0.066,0.154,0.779
99800,0.061,0.149,0.790
100000,0.068,0.159,0.772
100200,0.076,0.160,0.764
100400,0.081,0.158,0.761
100600,0.077,0.165,0.758
100800,0.079,0.160,0.761
101000,0.083,0.155,0.762
101200,0.079,0.152,0.769
101400,0.088,0.151,0.761
101600,0.083,0.158,0.759
101800,0.094,0.156,0.750
102000,0.091,0.149,0.760
102200,0.085,0.150,0.765
102400,0.085,0.149,0.766
102600,0.079,0.147,0.774
102800,0.082,0.147,0.771
103000,0.070,0.148,0.781
103200,0.072,0.145,0.783
103400,0.077,0.146,0.777
103600,0.083,0.147,0.770
103800,0.083,0.151,0.766
104000,0.077,0.144,0.779
104200,0.073,0.147,0.780
104400,0.074,0.163,0.763
104600,0.070,0.171,0.759
104800,0.077,0.170,0.754
105000,0.072,0.170,0.759
105200,0.064,0.165,0.770
105400,0.072,0.164,0.764
105600,0.072,0.158,0.770
105800,0.067,0.165,0.767
106000,0.072,0.161,0.767
106200,0.073,0.160,0.767
106400,0.075,0.156,0.769
106600,0.077,0.155,0.768
106800,0.086,0.154,0.760
107000,0.089,0.153,0.758
107200,0.082,0.154,0.764
107400,0.093,0.147,0.760
107600,0.093,0.143,0.764
107800,0.090,0.151,0.759
108000,0.087,0.146,0.767
108200,0.085,0.149,0.766
108400,0.081,0.151,0.768
108600,0.081,0.151,0.768
108800,0.081,0.169,0.751
109000,0.075,0.163,0.762
109200,0.073,0.161,0.766
109400,0.078,0.155,0.767
109600,0.081,0.152,0.767
109800,0.088,0.154,0.758
110000,0.089,0.158,0.753
110200,0.086,0.155,0.759
110400,0.092,0.148,0.760
110600,0.086,0.146,0.768
110800,0.085,0.147,0.768
111000,0.087,0.140,0.773
111200,0.097,0.139,0.764
111400,0.087,0.139,0.774
111600,0.078,0.140,0.782
111800,0.081,0.141,0.778
112000,0.084,0.142,0.774
112200,0.083,0.147,0.770
112400,0.087,0.144,0.769
112600,0.086,0.150,0.764
112800,0.081,0.155,0.764
113000,0.083,0.158,0.759
113200,0.082,0.154,0.764
113400,0.084,0.159,0.757
113600,0.092,0.159,0.749
113800,0.092,0.153,0.755
114000,0.088,0.170,0.743
114200,0.088,0.162,0.750
114400,0.080,0.162,0.758
114600,0.072,0.160,0.768
114800,0.077,0.166,0.757
115000,0.073,0.163,0.764
115200,0.072,0.162,0.766
115400,0.076,0.155,0.769
115600,0.077,0.150,0.773
115800,0.074,0.165,0.761
116000,0.074,0.169,0.758
116200,0.082,0.166,0.752
116400,0.081,0.166,0.753
116600,0.083,0.161,0.756
116800,0.081,0.159,0.760
117000,0.078,0.155,0.767
117200,0.075,0.164,0.761
117400,0.074,0.175,0.752
117600,0.080,0.166,0.754
117800,0.082,0.164,0.754
118000,0.085,0.162,0.753
118200,0.082,0.155,0.763
118400,0.094,0.155,0.751
118600,0.081,0.164,0.755
118800,0.082,0.160,0.758
119000,0.079,0.157,0.764
119200,0.073,0.156,0.771
119400,0.076,0.157,0.767
119600,0.078,0.157,0.765
119800,0.089,0.154,0.757
120000,0.082,0.157,0.761
120200,0.087,0.153,0.760
120400,0.081,0.143,0.776
120600,0.080,0.142,0.778
120800,0.075,0.140,0.785
121000,0.070,0.135,0.795
121200,0.074,0.140,0.787
121400,0.072,0.153,0.775
121600,0.066,0.153,0.780
121800,0.066,0.148,0.785
122000,0.072,0.152,0.776
122200,0.072,0.152,0.776
122400,0.067,0.153,0.779
122600,0.072,0.142,0.787
122800,0.088,0.136,0.776
123000,0.089,0.134,0.777
123200,0.080,0.136,0.784
123400,0.087,0.138,0.775
123600,0.093,0.139,0.768
123800,0.084,0.143,0.773
124000,0.082,0.148,0.770
124200,0.077,0.151,0.772
124400,0.073,0.156,0.771
124600,0.072,0.150,0.778
124800,0.070,0.148,0.781
125000,0.081,0.148,0.771
125200,0.079,0.151,0.770
125400,0.079,0.151,0.770
125600,0.077,0.152,0.771
125800,0.076,0.157,0.767
126000,0.070,0.150,0.779
126200,0.069,0.152,0.778
126400,0.065,0.154,0.780
126600,0.064,0.150,0.785
126800,0.063,0.149,0.788
127000,0.061,0.147,0.792
127200,0.064,0.158,0.777
127400,0.087,0.150,0.763
127600,0.086,0.144,0.770
127800,0.077,0.145,0.778
128000,0.079,0.139,0.782
128200,0.072,0.140,0.789
128400,0.073,0.144,0.783
128600,0.070,0.144,0.785
128800,0.072,0.141,0.788
129000,0.072,0.144,0.784
129200,0.075,0.142,0.783
129400,0.072,0.140,0.789
129600,0.072,0.149,0.779
129800,0.068,0.149,0.782
130000,0.068,0.155,0.776
130200,0.067,0.157,0.775
130400,0.067,0.156,0.776
130600,0.064,0.149,0.787
130800,0.069,0.147,0.783
131000,0.073,0.149,0.778
131200,0.076,0.146,0.778
131400,0.077,0.148,0.775
131600,0.072,0.144,0.784
131800,0.070,0.144,0.785
132000,0.099,0.143,0.758
132200,0.095,0.143,0.762
132400,0.093,0.142,0.765
132600,0.100,0.147,0.753
132800,0.097,0.144,0.759
133000,0.076,0.145,0.779
133200,0.069,0.146,0.784
133400,0.063,0.144,0.793
133600,0.067,0.149,0.783
133800,0.062,0.148,0.790
134000,0.064,0.149,0.787
134200,0.066,0.148,0.785
134400,0.070,0.150,0.779
134600,0.066,0.142,0.792
134800,0.076,0.151,0.773
135000,0.069,0.148,0.782
135200,0.074,0.151,0.775
135400,0.075,0.145,0.780
135600,0.072,0.143,0.785
135800,0.075,0.138,0.788
136000,0.068,0.142,0.790
136200,0.074,0.141,0.785
136400,0.074,0.149,0.777
136600,0.078,0.142,0.780
136800,0.088,0.137,0.775
137000,0.078,0.141,0.781
137200,0.076,0.142,0.782
137400,0.074,0.148,0.778
137600,0.072,0.149,0.779
137800,0.069,0.141,0.790
138000,0.063,0.142,0.795
138200,0.065,0.149,0.785
138400,0.072,0.154,0.774
138600,0.077,0.140,0.783
138800,0.088,0.140,0.772
139000,0.099,0.135,0.766
139200,0.087,0.133,0.780
139400,0.111,0.134,0.755
139600,0.106,0.138,0.756
139800,0.100,0.131,0.769
140000,0.101,0.130,0.769
140200,0.095,0.133,0.772
140400,0.093,0.141,0.766
140600,0.099,0.140,0.761
140800,0.095,0.142,0.763
141000,0.097,0.143,0.760
141200,0.094,0.136,0.770
141400,0.090,0.142,0.768
141600,0.095,0.142,0.763
141800,0.090,0.135,0.775
142000,0.079,0.135,0.787
142200,0.079,0.135,0.787
142400,0.076,0.132,0.793
142600,0.078,0.133,0.790
142800,0.079,0.125,0.797
143000,0.082,0.123,0.796
143200,0.081,0.126,0.794
143400,0.079,0.118,0.803
143600,0.085,0.125,0.791
143800,0.080,0.124,0.797
144000,0.078,0.132,0.791
144200,0.076,0.130,0.795
144400,0.073,0.129,0.799
144600,0.082,0.133,0.785
144800,0.074,0.138,0.789
145000,0.083,0.136,0.781
145200,0.081,0.138,0.781
145400,0.078,0.129,0.794
145600,0.079,0.125,0.797
145800,0.079,0.124,0.798
146000,0.079,0.123,0.799
146200,0.085,0.114,0.801
146400,0.080,0.137,0.783
146600,0.077,0.136,0.788
146800,0.080,0.138,0.782
147000,0.078,0.133,0.790
147200,0.080,0.133,0.788
147400,0.081,0.134,0.785
147600,0.080,0.135,0.785
147800,0.087,0.124,0.790
148000,0.083,0.128,0.790
148200,0.078,0.136,0.787
148400,0.075,0.139,0.787
148600,0.070,0.136,0.794
148800,0.069,0.137,0.794
149000,0.075,0.132,0.794
149200,0.075,0.130,0.796
149400,0.074,0.131,0.796
149600,0.074,0.127,0.800
149800,0.063,0.133,0.804
150000,0.062,0.135,0.803
150200,0.064,0.123,0.813
150400,0.063,0.138,0.799
150600,0.066,0.135,0.799
150800,0.069,0.130,0.801
151000,0.069,0.131,0.800
151200,0.066,0.128,0.806
151400,0.069,0.128,0.803
151600,0.072,0.138,0.791
151800,0.082,0.145,0.773
152000,0.076,0.139,0.785
152200,0.076,0.139,0.785
152400,0.069,0.142,0.789
152600,0.069,0.142,0.789
152800,0.070,0.139,0.791
153000,0.066,0.140,0.794
153200,0.066,0.143,0.791
153400,0.072,0.153,0.775
153600,0.069,0.147,0.783
153800,0.069,0.147,0.783
154000,0.072,0.158,0.770
154200,0.069,0.163,0.767
154400,0.063,0.153,0.783
154600,0.056,0.156,0.788
154800,0.058,0.156,0.785
155000,0.059,0.143,0.798
155200,0.058,0.139,0.803
155400,0.057,0.144,0.799
155600,0.055,0.144,0.801
155800,0.060,0.131,0.809
156000,0.065,0.127,0.808
156200,0.066,0.129,0.805
156400,0.066,0.132,0.802
156600,0.073,0.132,0.796
156800,0.066,0.134,0.800
157000,0.069,0.128,0.803
157200,0.069,0.133,0.798
157400,0.066,0.134,0.800
157600,0.068,0.129,0.803
157800,0.087,0.128,0.785
158000,0.079,0.126,0.796
158200,0.085,0.129,0.787
158400,0.094,0.135,0.771
158600,0.091,0.136,0.773
158800,0.087,0.139,0.774
159000,0.082,0.125,0.794
159200,0.098,0.129,0.773
159400,0.093,0.126,0.781
159600,0.095,0.124,0.781
159800,0.086,0.121,0.794
160000,0.084,0.123,0.794
160200,0.092,0.125,0.783
160400,0.094,0.125,0.781
160600,0.090,0.121,0.790
160800,0.090,0.126,0.784
161000,0.081,0.130,0.790
161200,0.077,0.129,0.795
161400,0.079,0.126,0.796
161600,0.078,0.125,0.798
161800,0.079,0.130,0.792
162000,0.076,0.128,0.797
162200,0.076,0.121,0.804
162400,0.070,0.127,0.803
162600,0.073,0.121,0.807
162800,0.065,0.131,0.804
163000,0.060,0.127,0.813
163200,0.060,0.130,0.810
163400,0.060,0.131,0.809
163600,0.062,0.132,0.806
163800,0.062,0.121,0.817
164000,0.069,0.118,0.812
164200,0.072,0.112,0.816
164400,0.073,0.121,0.807
164600,0.068,0.115,0.816
164800,0.070,0.120,0.810
165000,0.073,0.120,0.808
165200,0.070,0.117,0.812
165400,0.074,0.122,0.805
165600,0.078,0.114,0.808
165800,0.079,0.124,0.798
166000,0.084,0.127,0.790
166200,0.082,0.123,0.796
166400,0.082,0.120,0.799
166600,0.081,0.127,0.793
166800,0.075,0.124,0.802
167000,0.080,0.122,0.799
167200,0.076,0.126,0.799
167400,0.067,0.118,0.814
167600,0.069,0.114,0.816
167800,0.067,0.115,0.817
168000,0.064,0.113,0.822
168200,0.073,0.113,0.814
168400,0.076,0.109,0.815
168600,0.073,0.112,0.815
168800,0.073,0.117,0.810
169000,0.070,0.110,0.819
169200,0.076,0.118,0.806
169400,0.072,0.116,0.812
169600,0.080,0.115,0.805
169800,0.073,0.113,0.814
170000,0.073,0.116,0.811
170200,0.068,0.117,0.814
170400,0.072,0.120,0.809
170600,0.073,0.122,0.806
170800,0.076,0.123,0.802
171000,0.070,0.118,0.811
171200,0.072,0.118,0.810
171400,0.068,0.120,0.812
171600,0.065,0.120,0.815
171800,0.066,0.124,0.810
172000,0.068,0.121,0.811
172200,0.067,0.117,0.815
172400,0.072,0.113,0.815
172600,0.070,0.117,0.812
172800,0.068,0.116,0.815
173000,0.069,0.115,0.815
173200,0.063,0.129,0.808
173400,0.067,0.125,0.808
173600,0.064,0.122,0.814
173800,0.064,0.128,0.808
174000,0.068,0.147,0.784
174200,0.073,0.143,0.784
174400,0.076,0.135,0.790
174600,0.075,0.134,0.792
174800,0.075,0.126,0.800
175000,0.075,0.121,0.805
175200,0.072,0.126,0.803
175400,0.078,0.130,0.793
175600,0.075,0.126,0.800
175800,0.082,0.116,0.802
176000,0.082,0.122,0.797
176200,0.087,0.122,0.792
176400,0.085,0.121,0.795
176600,0.091,0.126,0.783
176800,0.090,0.132,0.778
177000,0.081,0.131,0.789
177200,0.080,0.127,0.794
177400,0.078,0.122,0.801
177600,0.070,0.127,0.803
177800,0.070,0.127,0.803
178000,0.069,0.124,0.807
178200,0.073,0.124,0.804
178400,0.069,0.125,0.806
178600,0.070,0.130,0.800
178800,0.067,0.126,0.807
179000,0.075,0.118,0.807
179200,0.089,0.128,0.783
179400,0.088,0.124,0.789
179600,0.084,0.126,0.791
179800,0.082,0.127,0.792
180000,0.074,0.129,0.798
180200,0.076,0.133,0.792
180400,0.072,0.128,0.801
180600,0.081,0.123,0.797
180800,0.083,0.121,0.797
181000,0.085,0.117,0.798
181200,0.078,0.121,0.802
181400,0.076,0.123,0.802
181600,0.103,0.120,0.777
181800,0.103,0.126,0.771
182000,0.103,0.123,0.774
182200,0.102,0.122,0.776
182400,0.100,0.124,0.776
182600,0.104,0.123,0.773
182800,0.103,0.120,0.777
183000,0.105,0.115,0.779
183200,0.101,0.115,0.783
183400,0.094,0.114,0.792
183600,0.094,0.116,0.790
183800,0.094,0.112,0.794
184000,0.095,0.118,0.787
184200,0.087,0.121,0.793
184400,0.081,0.117,0.802
184600,0.076,0.125,0.800
184800,0.077,0.129,0.795
185000,0.081,0.126,0.794
185200,0.079,0.124,0.798
185400,0.078,0.126,0.797
185600,0.086,0.140,0.774
185800,0.085,0.134,0.781
186000,0.080,0.135,0.785
186200,0.072,0.133,0.796
186400,0.068,0.135,0.797
186600,0.068,0.132,0.800
186800,0.068,0.128,0.804
187000,0.075,0.120,0.806
187200,0.069,0.120,0.811
187400,0.066,0.117,0.816
187600,0.067,0.117,0.815
187800,0.063,0.113,0.823
188000,0.060,0.113,0.826
188200,0.066,0.118,0.815
188400,0.068,0.116,0.815
188600,0.066,0.113,0.820
188800,0.075,0.114,0.811
189000,0.069,0.112,0.818
189200,0.076,0.111,0.813
189400,0.072,0.113,0.815
189600,0.068,0.112,0.819
189800,0.072,0.112,0.816
190000,0.075,0.104,0.821
190200,0.076,0.109,0.815
190400,0.074,0.105,0.821
190600,0.089,0.102,0.809
190800,0.085,0.107,0.808
191000,0.080,0.106,0.814
191200,0.077,0.111,0.812
191400,0.077,0.114,0.809
191600,0.076,0.105,0.819
191800,0.079,0.102,0.819
192000,0.078,0.101,0.821
192200,0.081,0.103,0.816
192400,0.078,0.112,0.810
192600,0.076,0.111,0.813
192800,0.066,0.104,0.829
193000,0.066,0.103,0.830
193200,0.068,0.099,0.832
193400,0.072,0.100,0.828
193600,0.077,0.104,0.819
193800,0.084,0.101,0.815
194000,0.079,0.102,0.819
194200,0.080,0.103,0.817
194400,0.075,0.110,0.815
194600,0.079,0.115,0.806
194800,0.080,0.115,0.805
195000,0.078,0.112,0.810
195200,0.080,0.114,0.806
195400,0.073,0.111,0.816
195600,0.075,0.107,0.818
195800,0.079,0.103,0.818
196000,0.079,0.108,0.813
196200,0.076,0.108,0.816
196400,0.074,0.108,0.818
196600,0.077,0.103,0.820
196800,0.082,0.098,0.820
197000,0.068,0.106,0.825
197200,0.069,0.100,0.830
197400,0.077,0.098,0.825
197600,0.077,0.097,0.826
197800,0.085,0.102,0.813
198000,0.089,0.104,0.807
198200,0.083,0.101,0.816
198400,0.084,0.100,0.816
198600,0.083,0.102,0.815
198800,0.075,0.104,0.821
199000,0.086,0.102,0.812
199200,0.082,0.107,0.811
199400,0.085,0.111,0.804
199600,0.087,0.107,0.806
199800,0.087,0.113,0.800
200000,0.084,0.121,0.796
200200,0.080,0.116,0.804
200400,0.081,0.116,0.803
200600,0.081,0.110,0.809
200800,0.087,0.107,0.806
201000,0.083,0.109,0.808
201200,0.079,0.107,0.814
201400,0.074,0.108,0.818
201600,0.078,0.105,0.817
201800,0.081,0.113,0.806
202000,0.077,0.111,0.812
202200,0.074,0.110,0.816
202400,0.081,0.107,0.812
202600,0.084,0.107,0.809
202800,0.079,0.106,0.815
203000,0.076,0.110,0.814
203200,0.070,0.109,0.820
203400,0.074,0.103,0.823
203600,0.072,0.109,0.819
203800,0.061,0.107,0.831
204000,0.075,0.100,0.825
204200,0.084,0.103,0.813
204400,0.082,0.102,0.816
204600,0.085,0.112,0.803
204800,0.086,0.109,0.805
205000,0.080,0.117,0.803
205200,0.075,0.116,0.809
205400,0.075,0.121,0.805
205600,0.064,0.118,0.817
205800,0.068,0.122,0.810
206000,0.066,0.117,0.816
206200,0.069,0.116,0.814
206400,0.075,0.111,0.814
206600,0.069,0.121,0.810
206800,0.068,0.121,0.811
207000,0.073,0.117,0.810
207200,0.075,0.112,0.813
207400,0.068,0.112,0.819
207600,0.066,0.118,0.815
207800,0.075,0.113,0.812
208000,0.073,0.116,0.811
208200,0.077,0.120,0.804
208400,0.075,0.111,0.814
208600,0.084,0.111,0.805
208800,0.082,0.109,0.809
209000,0.078,0.107,0.815
209200,0.072,0.113,0.815
209400,0.070,0.115,0.814
209600,0.066,0.109,0.824
209800,0.064,0.114,0.821
210000,0.070,0.110,0.819
210200,0.070,0.107,0.822
210400,0.066,0.105,0.828
210600,0.065,0.104,0.830
210800,0.064,0.118,0.817
211000,0.063,0.131,0.806
211200,0.074,0.123,0.804
211400,0.075,0.118,0.807
211600,0.076,0.122,0.803
211800,0.070,0.123,0.807
212000,0.069,0.127,0.804
212200,0.069,0.131,0.800
212400,0.070,0.122,0.808
212600,0.065,0.114,0.820
212800,0.066,0.118,0.815
213000,0.066,0.125,0.809
213200,0.065,0.118,0.816
213400,0.070,0.128,0.802
213600,0.070,0.124,0.806
213800,0.070,0.122,0.808
214000,0.073,0.109,0.818
214200,0.067,0.110,0.822
214400,0.067,0.112,0.820
214600,0.072,0.107,0.821
214800,0.072,0.110,0.818
215000,0.066,0.109,0.824
215200,0.080,0.104,0.816
215400,0.074,0.105,0.821
215600,0.076,0.113,0.811
215800,0.081,0.122,0.798
216000,0.082,0.111,0.807
216200,0.075,0.104,0.821
216400,0.076,0.102,0.822
216600,0.079,0.101,0.820
216800,0.076,0.100,0.824
217000,0.076,0.106,0.818
217200,0.076,0.107,0.817
217400,0.080,0.100,0.820
217600,0.086,0.095,0.819
217800,0.080,0.096,0.824
218000,0.073,0.095,0.832
218200,0.070,0.103,0.826
218400,0.069,0.105,0.825
218600,0.068,0.113,0.818
218800,0.072,0.105,0.823
219000,0.073,0.103,0.824
219200,0.074,0.104,0.822
219400,0.079,0.109,0.812
219600,0.077,0.107,0.816
219800,0.076,0.107,0.817
220000,0.077,0.099,0.824
220200,0.083,0.097,0.820
220400,0.086,0.095,0.819
220600,0.081,0.097,0.822
220800,0.081,0.113,0.806
221000,0.076,0.111,0.813
221200,0.072,0.109,0.819
221400,0.069,0.105,0.825
221600,0.064,0.113,0.822
221800,0.065,0.104,0.830
222000,0.068,0.107,0.824
222200,0.064,0.106,0.829
222400,0.065,0.108,0.826
222600,0.064,0.112,0.823
222800,0.066,0.108,0.825
223000,0.065,0.106,0.828
223200,0.068,0.107,0.824
223400,0.068,0.108,0.823
223600,0.075,0.107,0.818
223800,0.078,0.112,0.810
224000,0.075,0.107,0.818
224200,0.073,0.106,0.821
224400,0.069,0.112,0.818
224600,0.077,0.106,0.817
224800,0.076,0.108,0.816
225000,0.076,0.109,0.815
225200,0.079,0.112,0.809
225400,0.070,0.114,0.815
225600,0.083,0.111,0.806
225800,0.077,0.106,0.817
226000,0.073,0.111,0.816
226200,0.080,0.111,0.809
226400,0.075,0.113,0.812
226600,0.075,0.103,0.822
226800,0.073,0.115,0.812
227000,0.079,0.114,0.807
227200,0.073,0.111,0.816
227400,0.069,0.107,0.823
227600,0.067,0.114,0.818
227800,0.073,0.112,0.815
228000,0.078,0.118,0.804
228200,0.077,0.109,0.814
228400,0.072,0.113,0.815
228600,0.080,0.109,0.811
228800,0.070,0.105,0.824
229000,0.072,0.102,0.826
229200,0.075,0.102,0.823
229400,0.086,0.102,0.812
229600,0.086,0.095,0.819
229800,0.085,0.100,0.815
230000,0.086,0.097,0.817
230200,0.089,0.102,0.809
230400,0.090,0.103,0.807
230600,0.083,0.101,0.816
230800,0.082,0.098,0.820
231000,0.088,0.105,0.807
231200,0.083,0.099,0.818
231400,0.084,0.122,0.795
231600,0.087,0.126,0.788
231800,0.083,0.131,0.787
232000,0.086,0.122,0.793
232200,0.088,0.113,0.799
232400,0.092,0.114,0.794
232600,0.081,0.108,0.811
232800,0.081,0.132,0.788
233000,0.087,0.130,0.783
233200,0.084,0.126,0.791
233400,0.088,0.123,0.790
233600,0.086,0.118,0.796
233800,0.089,0.121,0.791
234000,0.081,0.117,0.802
234200,0.076,0.121,0.804
234400,0.079,0.125,0.797
234600,0.084,0.121,0.796
234800,0.073,0.118,0.809
235000,0.068,0.118,0.813
235200,0.067,0.122,0.811
235400,0.060,0.118,0.821
235600,0.061,0.116,0.822
235800,0.058,0.115,0.826
236000,0.064,0.115,0.820
236200,0.064,0.116,0.819
236400,0.065,0.116,0.818
236600,0.066,0.117,0.816
236800,0.063,0.121,0.816
237000,0.060,0.116,0.823
237200,0.059,0.122,0.819
237400,0.059,0.121,0.820
237600,0.063,0.120,0.817
237800,0.067,0.121,0.812
238000,0.062,0.124,0.814
238200,0.063,0.123,0.814
238400,0.061,0.127,0.812
238600,0.059,0.123,0.818
238800,0.072,0.123,0.806
239000,0.067,0.122,0.811
239200,0.073,0.117,0.810
239400,0.074,0.116,0.810
239600,0.076,0.107,0.817
239800,0.072,0.108,0.820
240000,0.072,0.101,0.827
240200,0.070,0.099,0.830
240400,0.075,0.105,0.820
240600,0.075,0.103,0.822
240800,0.067,0.105,0.827
241000,0.067,0.102,0.830
241200,0.061,0.113,0.825
241400,0.063,0.115,0.821
241600,0.066,0.110,0.823
241800,0.065,0.106,0.828
242000,0.066,0.100,0.834
242200,0.069,0.100,0.830
242400,0.075,0.107,0.818
242600,0.068,0.107,0.824
242800,0.065,0.109,0.825
243000,0.063,0.108,0.828
243200,0.065,0.107,0.827
243400,0.065,0.103,0.831
243600,0.062,0.099,0.839
243800,0.061,0.100,0.839
244000,0.064,0.098,0.838
244200,0.064,0.098,0.838
244400,0.068,0.101,0.830
244600,0.063,0.098,0.839
244800,0.061,0.097,0.842
245000,0.063,0.096,0.841
245200,0.059,0.101,0.840
245400,0.062,0.101,0.837
245600,0.064,0.099,0.837
245800,0.066,0.096,0.838
246000,0.072,0.099,0.829
246200,0.067,0.105,0.827
246400,0.068,0.106,0.825
246600,0.073,0.099,0.828
246800,0.078,0.125,0.798
247000,0.070,0.117,0.812
247200,0.069,0.110,0.820
247400,0.069,0.124,0.807
247600,0.067,0.114,0.818
247800,0.072,0.130,0.799
248000,0.074,0.122,0.805
248200,0.073,0.118,0.809
248400,0.069,0.105,0.825
248600,0.069,0.102,0.828
248800,0.066,0.102,0.831
249000,0.082,0.103,0.815
249200,0.080,0.102,0.818
249400,0.076,0.100,0.824
249600,0.070,0.104,0.825
249800,0.067,0.106,0.826
250000,0.075,0.098,0.827
250200,0.074,0.102,0.824
250400,0.072,0.099,0.829
250600,0.072,0.098,0.830
250800,0.075,0.094,0.831
251000,0.067,0.099,0.834
251200,0.067,0.098,0.835
251400,0.072,0.104,0.824
251600,0.076,0.098,0.826
251800,0.080,0.097,0.823
252000,0.077,0.093,0.830
252200,0.077,0.093,0.830
252400,0.076,0.099,0.825
252600,0.077,0.103,0.820
252800,0.074,0.101,0.825
253000,0.084,0.100,0.816
253200,0.091,0.099,0.810
253400,0.101,0.103,0.796
253600,0.095,0.107,0.798
253800,0.090,0.103,0.807
254000,0.088,0.109,0.803
254200,0.086,0.108,0.806
254400,0.078,0.117,0.805
254600,0.079,0.113,0.808
254800,0.089,0.104,0.807
255000,0.085,0.107,0.808
255200,0.085,0.108,0.807
255400,0.082,0.106,0.812
255600,0.086,0.106,0.808
255800,0.090,0.113,0.797
256000,0.090,0.107,0.803
256200,0.078,0.109,0.813
256400,0.076,0.109,0.815
256600,0.076,0.107,0.817
256800,0.076,0.103,0.821
257000,0.070,0.104,0.825
257200,0.067,0.108,0.824
257400,0.066,0.111,0.822
257600,0.065,0.104,0.830
257800,0.066,0.109,0.824
258000,0.067,0.114,0.818
258200,0.068,0.109,0.822
258400,0.068,0.117,0.814
258600,0.066,0.114,0.819
258800,0.067,0.114,0.818
259000,0.069,0.112,0.818
259200,0.072,0.113,0.815
259400,0.077,0.113,0.810
259600,0.073,0.117,0.810
259800,0.070,0.124,0.806
260000,0.066,0.115,0.818
260200,0.066,0.101,0.832
260400,0.074,0.103,0.823
260600,0.076,0.106,0.818
260800,0.072,0.104,0.824
261000,0.074,0.101,0.825
261200,0.075,0.092,0.834
261400,0.075,0.093,0.832
261600,0.069,0.093,0.838
261800,0.060,0.091,0.849
262000,0.060,0.100,0.840
262200,0.070,0.096,0.834
262400,0.080,0.097,0.823
262600,0.091,0.095,0.814
262800,0.086,0.090,0.824
263000,0.080,0.091,0.829
263200,0.077,0.099,0.824
263400,0.072,0.094,0.835
263600,0.072,0.097,0.831
263800,0.073,0.091,0.837
264000,0.068,0.096,0.836
264200,0.067,0.090,0.843
264400,0.072,0.094,0.835
264600,0.074,0.091,0.836
264800,0.076,0.093,0.831
265000,0.076,0.088,0.837
265200,0.080,0.089,0.831
265400,0.073,0.090,0.838
265600,0.066,0.089,0.845
265800,0.069,0.097,0.834
266000,0.083,0.094,0.823
266200,0.089,0.100,0.811
266400,0.089,0.101,0.810
266600,0.082,0.108,0.810
266800,0.075,0.110,0.815
267000,0.082,0.112,0.806
267200,0.076,0.114,0.810
267400,0.081,0.113,0.806
267600,0.085,0.111,0.804
267800,0.092,0.107,0.801
268000,0.091,0.109,0.800
268200,0.091,0.110,0.799
268400,0.088,0.109,0.803
268600,0.084,0.111,0.805
268800,0.085,0.113,0.802
269000,0.086,0.107,0.807
269200,0.089,0.110,0.801
269400,0.086,0.108,0.806
269600,0.083,0.109,0.808
269800,0.079,0.105,0.816
270000,0.072,0.109,0.819
270200,0.069,0.114,0.816
270400,0.063,0.115,0.821
270600,0.060,0.111,0.828
270800,0.059,0.113,0.827
271000,0.062,0.115,0.822
271200,0.064,0.110,0.825
271400,0.068,0.108,0.823
271600,0.064,0.107,0.828
271800,0.064,0.110,0.825
272000,0.078,0.109,0.813
272200,0.073,0.104,0.823
272400,0.076,0.101,0.823
272600,0.068,0.104,0.827
272800,0.066,0.108,0.825
273000,0.067,0.104,0.828
273200,0.072,0.115,0.813
273400,0.090,0.117,0.793
273600,0.098,0.110,0.792
273800,0.091,0.109,0.800
274000,0.088,0.111,0.801
274200,0.080,0.115,0.805
274400,0.089,0.113,0.798
274600,0.091,0.111,0.798
274800,0.085,0.107,0.808
275000,0.086,0.107,0.807
275200,0.083,0.107,0.810
275400,0.087,0.105,0.808
275600,0.084,0.110,0.806
275800,0.090,0.110,0.800
276000,0.089,0.105,0.806
276200,0.084,0.108,0.808
276400,0.084,0.107,0.809
276600,0.080,0.106,0.814
276800,0.078,0.112,0.810
277000,0.075,0.117,0.808
277200,0.073,0.108,0.819
277400,0.069,0.109,0.821
277600,0.072,0.111,0.817
277800,0.068,0.106,0.825
278000,0.065,0.104,0.830
278200,0.074,0.105,0.821
278400,0.074,0.113,0.813
278600,0.074,0.112,0.814
278800,0.066,0.111,0.822
279000,0.068,0.104,0.827
279200,0.062,0.112,0.825
279400,0.064,0.112,0.823
279600,0.066,0.106,0.827
279800,0.085,0.104,0.811
280000,0.083,0.100,0.817
280200,0.082,0.103,0.815
280400,0.087,0.099,0.814
280600,0.085,0.096,0.819
280800,0.079,0.096,0.825
281000,0.081,0.097,0.822
281200,0.090,0.095,0.815
281400,0.088,0.096,0.816
281600,0.087,0.098,0.815
281800,0.102,0.095,0.803
282000,0.092,0.096,0.812
282200,0.082,0.099,0.819
282400,0.079,0.093,0.828
282600,0.066,0.092,0.842
282800,0.079,0.094,0.827
283000,0.074,0.098,0.828
283200,0.080,0.095,0.825
283400,0.103,0.090,0.807
283600,0.093,0.091,0.816
283800,0.084,0.098,0.818
284000,0.080,0.093,0.827
284200,0.082,0.091,0.827
284400,0.078,0.097,0.825
284600,0.080,0.094,0.826
284800,0.079,0.097,0.824
285000,0.076,0.102,0.822
285200,0.080,0.096,0.824
285400,0.080,0.099,0.821
285600,0.085,0.097,0.818
285800,0.085,0.094,0.821
286000,0.077,0.088,0.836
286200,0.083,0.090,0.827
286400,0.077,0.096,0.827
286600,0.082,0.099,0.819
286800,0.077,0.102,0.821
287000,0.084,0.109,0.807
287200,0.082,0.108,0.810
287400,0.082,0.104,0.814
287600,0.078,0.101,0.821
287800,0.084,0.099,0.817
288000,0.077,0.098,0.825
288200,0.075,0.103,0.822
288400,0.076,0.111,0.813
288600,0.076,0.107,0.817
288800,0.076,0.109,0.815
289000,0.076,0.110,0.814
289200,0.073,0.107,0.820
289400,0.074,0.105,0.821
289600,0.072,0.107,0.821
289800,0.074,0.109,0.817
290000,0.086,0.107,0.807
290200,0.088,0.107,0.805
290400,0.094,0.099,0.807
290600,0.095,0.106,0.799
290800,0.097,0.107,0.796
291000,0.091,0.101,0.808
291200,0.090,0.104,0.806
291400,0.088,0.102,0.810
291600,0.085,0.107,0.808
291800,0.082,0.101,0.817
292000,0.086,0.098,0.816
292200,0.081,0.098,0.821
292400,0.080,0.095,0.825
292600,0.081,0.092,0.827
292800,0.079,0.095,0.826
293000,0.078,0.098,0.824
293200,0.068,0.106,0.825
293400,0.068,0.106,0.825
293600,0.068,0.106,0.825
293800,0.069,0.104,0.826
294000,0.074,0.100,0.826
294200,0.072,0.101,0.827
294400,0.067,0.105,0.827
294600,0.064,0.109,0.826
294800,0.075,0.103,0.822
295000,0.072,0.099,0.829
295200,0.070,0.107,0.822
295400,0.070,0.101,0.828
295600,0.081,0.101,0.818
295800,0.073,0.104,0.823
296000,0.073,0.097,0.830
296200,0.068,0.106,0.825
296400,0.072,0.113,0.815
296600,0.075,0.115,0.810
296800,0.080,0.109,0.811
297000,0.091,0.111,0.798
297200,0.091,0.109,0.800
297400,0.092,0.107,0.801
297600,0.088,0.110,0.802
297800,0.088,0.105,0.807
298000,0.084,0.100,0.816
298200,0.075,0.103,0.822
298400,0.079,0.102,0.819
298600,0.074,0.107,0.819
298800,0.082,0.114,0.804
299000,0.076,0.113,0.811
299200,0.067,0.112,0.820
299400,0.065,0.109,0.825
299600,0.067,0.100,0.832
299800,0.070,0.108,0.821
300000,0.069,0.106,0.824
300200,0.072,0.099,0.829
300400,0.070,0.096,0.834
300600,0.068,0.090,0.842
300800,0.064,0.088,0.848
301000,0.079,0.090,0.831
301200,0.081,0.089,0.830
301400,0.085,0.088,0.827
301600,0.083,0.087,0.830
301800,0.084,0.093,0.823
302000,0.076,0.103,0.821
302200,0.075,0.096,0.829
302400,0.070,0.098,0.831
302600,0.066,0.096,0.838
302800,0.077,0.098,0.825
303000,0.077,0.105,0.818
303200,0.077,0.099,0.824
303400,0.076,0.101,0.823
303600,0.076,0.102,0.822
303800,0.092,0.099,0.809
304000,0.086,0.095,0.819
304200,0.084,0.095,0.821
304400,0.089,0.098,0.813
304600,0.089,0.099,0.812
304800,0.088,0.103,0.809
305000,0.084,0.098,0.818
305200,0.091,0.093,0.816
305400,0.091,0.097,0.812
305600,0.091,0.094,0.815
305800,0.095,0.091,0.814
306000,0.087,0.095,0.818
306200,0.098,0.099,0.803
306400,0.100,0.097,0.803
306600,0.092,0.094,0.814
306800,0.094,0.099,0.807
307000,0.095,0.090,0.815
307200,0.110,0.090,0.800
307400,0.108,0.093,0.799
307600,0.106,0.093,0.801
307800,0.113,0.086,0.801
308000,0.099,0.083,0.818
308200,0.097,0.083,0.820
308400,0.098,0.089,0.813
308600,0.117,0.086,0.797
308800,0.114,0.084,0.802
309000,0.111,0.080,0.809
309200,0.108,0.081,0.811
309400,0.098,0.081,0.821
309600,0.101,0.082,0.817
309800,0.099,0.086,0.815
310000,0.092,0.084,0.824
310200,0.085,0.090,0.825
310400,0.081,0.091,0.828
310600,0.084,0.092,0.824
310800,0.075,0.082,0.844
311000,0.074,0.083,0.844
311200,0.075,0.087,0.839
311400,0.087,0.085,0.828
311600,0.088,0.089,0.823
311800,0.089,0.086,0.825
312000,0.099,0.089,0.812
312200,0.095,0.089,0.816
312400,0.100,0.089,0.811
312600,0.100,0.091,0.809
312800,0.102,0.096,0.802
313000,0.086,0.096,0.818
313200,0.095,0.089,0.816
313400,0.097,0.087,0.816
313600,0.089,0.087,0.824
313800,0.094,0.082,0.824
314000,0.088,0.083,0.829
314200,0.087,0.079,0.835
314400,0.081,0.090,0.829
314600,0.082,0.088,0.830
314800,0.083,0.089,0.828
315000,0.078,0.089,0.834
315200,0.090,0.086,0.824
315400,0.086,0.087,0.827
315600,0.088,0.093,0.819
315800,0.085,0.094,0.821
316000,0.079,0.096,0.825
316200,0.084,0.103,0.813
316400,0.091,0.100,0.809
316600,0.086,0.100,0.814
316800,0.082,0.099,0.819
317000,0.086,0.098,0.816
317200,0.082,0.095,0.823
317400,0.097,0.099,0.804
317600,0.088,0.102,0.810
317800,0.084,0.094,0.822
318000,0.083,0.093,0.824
318200,0.081,0.093,0.826
318400,0.081,0.101,0.818
318600,0.083,0.105,0.812
318800,0.078,0.100,0.822
319000,0.091,0.100,0.809
319200,0.094,0.102,0.804
319400,0.101,0.099,0.800
319600,0.098,0.100,0.802
319800,0.093,0.102,0.805
320000,0.098,0.095,0.807
320200,0.094,0.095,0.811
320400,0.090,0.102,0.808
320600,0.088,0.097,0.815
320800,0.085,0.095,0.820
321000,0.091,0.092,0.817
321200,0.097,0.088,0.815
321400,0.093,0.087,0.820
321600,0.092,0.084,0.824
321800,0.089,0.090,0.821
322000,0.088,0.099,0.813
322200,0.088,0.101,0.811
322400,0.084,0.089,0.827
322600,0.093,0.088,0.819
322800,0.091,0.089,0.820
323000,0.110,0.086,0.804
323200,0.103,0.090,0.807
323400,0.100,0.088,0.812
323600,0.094,0.086,0.820
323800,0.097,0.096,0.807
324000,0.109,0.101,0.790
324200,0.108,0.102,0.790
