time,n_A+p,n_B,n_AB
100,0.382,0.387,0.230
200,0.364,0.359,0.276
300,0.382,0.272,0.346
400,0.336,0.281,0.382
500,0.341,0.253,0.406
600,0.327,0.226,0.447
700,0.304,0.249,0.447
800,0.263,0.230,0.507
900,0.272,0.253,0.475
1000,0.276,0.221,0.502
1100,0.258,0.235,0.507
1200,0.276,0.217,0.507
1300,0.309,0.175,0.516
1400,0.355,0.217,0.429
1500,0.382,0.189,0.429
1600,0.378,0.189,0.433
1700,0.401,0.184,0.415
1800,0.433,0.171,0.396
1900,0.461,0.226,0.313
2000,0.461,0.221,0.318
2100,0.461,0.203,0.336
2200,0.452,0.194,0.355
2300,0.410,0.175,0.415
2400,0.392,0.171,0.438
2500,0.373,0.166,0.461
2600,0.364,0.207,0.429
2700,0.364,0.207,0.429
2800,0.336,0.221,0.442
2900,0.318,0.198,0.484
3000,0.327,0.240,0.433
3100,0.327,0.207,0.465
3200,0.309,0.189,0.502
3300,0.313,0.253,0.433
3400,0.295,0.203,0.502
3500,0.323,0.253,0.424
3600,0.313,0.249,0.438
3700,0.378,0.217,0.406
3800,0.396,0.161,0.442
3900,0.392,0.157,0.452
4000,0.392,0.147,0.461
4100,0.373,0.171,0.456
4200,0.406,0.157,0.438
4300,0.447,0.143,0.410
4400,0.419,0.120,0.461
4500,0.465,0.088,0.447
4600,0.493,0.115,0.392
4700,0.498,0.115,0.387
4800,0.470,0.101,0.429
4900,0.512,0.097,0.392
5000,0.512,0.120,0.369
5100,0.456,0.152,0.392
5200,0.415,0.143,0.442
5300,0.438,0.138,0.424
5400,0.410,0.157,0.433
5500,0.401,0.189,0.410
5600,0.419,0.184,0.396
5700,0.419,0.171,0.410
5800,0.419,0.147,0.433
5900,0.433,0.138,0.429
6000,0.488,0.129,0.382
6100,0.488,0.138,0.373
6200,0.447,0.157,0.396
6300,0.456,0.175,0.369
6400,0.470,0.157,0.373
6500,0.488,0.147,0.364
6600,0.498,0.147,0.355
6700,0.493,0.120,0.387
6800,0.498,0.143,0.359
6900,0.562,0.115,0.323
7000,0.571,0.092,0.336
7100,0.571,0.069,0.359
7200,0.567,0.069,0.364
7300,0.613,0.074,0.313
7400,0.631,0.065,0.304
7500,0.668,0.074,0.258
7600,0.673,0.069,0.258
7700,0.668,0.065,0.267
7800,0.618,0.083,0.300
7900,0.641,0.055,0.304
8000,0.636,0.051,0.313
8100,0.664,0.046,0.290
8200,0.700,0.028,0.272
8300,0.710,0.023,0.267
8400,0.733,0.023,0.244
8500,0.719,0.018,0.263
8600,0.728,0.037,0.235
8700,0.742,0.032,0.226
8800,0.714,0.018,0.267
8900,0.714,0.037,0.249
9000,0.710,0.018,0.272
9100,0.677,0.018,0.304
9200,0.664,0.032,0.304
9300,0.724,0.041,0.235
9400,0.760,0.037,0.203
9500,0.788,0.028,0.184
9600,0.793,0.014,0.194
9700,0.788,0.014,0.198
9800,0.806,0.014,0.180
9900,0.820,0.014,0.166
10000,0.816,0.014,0.171
10100,0.783,0.009,0.207
10200,0.816,0.009,0.175
10300,0.862,0.009,0.129
10400,0.829,0.009,0.161
10500,0.811,0.028,0.161
10600,0.802,0.018,0.180
10700,0.843,0.032,0.124
10800,0.834,0.023,0.143
10900,0.843,0.023,0.134
11000,0.862,0.014,0.124
11100,0.862,0.014,0.124
11200,0.853,0.009,0.138
11300,0.876,0.009,0.115
11400,0.876,0.009,0.115
11500,0.885,0.005,0.111
11600,0.876,0.005,0.120
11700,0.885,0.005,0.111
11800,0.894,0.005,0.101
11900,0.903,0.005,0.092
12000,0.931,0.005,0.065
12100,0.940,0.000,0.060
12200,0.931,0.000,0.069
12300,0.935,0.000,0.065
12400,0.931,0.000,0.069
12500,0.922,0.000,0.078
12600,0.917,0.000,0.083
12700,0.908,0.000,0.092
12800,0.903,0.000,0.097
12900,0.908,0.000,0.092
13000,0.899,0.000,0.101
13100,0.912,0.000,0.088
13200,0.917,0.000,0.083
13300,0.922,0.009,0.069
13400,0.949,0.009,0.041
13500,0.940,0.005,0.055
13600,0.926,0.005,0.069
13700,0.926,0.005,0.069
13800,0.922,0.005,0.074
13900,0.912,0.005,0.083
14000,0.931,0.005,0.065
14100,0.917,0.005,0.078
14200,0.940,0.005,0.055
14300,0.908,0.005,0.088
14400,0.903,0.000,0.097
14500,0.912,0.005,0.083
14600,0.931,0.000,0.069
14700,0.949,0.000,0.051
14800,0.954,0.000,0.046
14900,0.959,0.000,0.041
15000,0.968,0.000,0.032
15100,0.972,0.000,0.028
15200,0.972,0.000,0.028
15300,0.968,0.000,0.032
15400,0.968,0.000,0.032
15500,0.963,0.000,0.037
15600,0.968,0.000,0.032
15700,0.963,0.000,0.037
15800,0.959,0.000,0.041
15900,0.968,0.000,0.032
16000,0.968,0.000,0.032
16100,0.949,0.000,0.051
16200,0.940,0.000,0.060
16300,0.926,0.000,0.074
16400,0.940,0.000,0.060
16500,0.935,0.000,0.065
16600,0.935,0.000,0.065
16700,0.931,0.000,0.069
16800,0.954,0.000,0.046
16900,0.945,0.000,0.055
17000,0.945,0.000,0.055
17100,0.908,0.000,0.092
17200,0.931,0.000,0.069
17300,0.931,0.000,0.069
17400,0.908,0.000,0.092
17500,0.926,0.000,0.074
17600,0.940,0.000,0.060
17700,0.945,0.000,0.055
17800,0.963,0.000,0.037
17900,0.945,0.000,0.055
18000,0.949,0.014,0.037
18100,0.935,0.005,0.060
18200,0.945,0.005,0.051
18300,0.949,0.000,0.051
18400,0.968,0.000,0.032
18500,0.982,0.000,0.018
18600,0.972,0.000,0.028
18700,0.982,0.000,0.018
18800,0.986,0.000,0.014
18900,0.986,0.000,0.014
19000,0.986,0.000,0.014
19100,0.982,0.000,0.018
19200,0.972,0.000,0.028
19300,0.963,0.000,0.037
19400,0.968,0.000,0.032
19500,0.982,0.000,0.018
19600,0.986,0.000,0.014
19700,0.986,0.000,0.014
19800,0.986,0.000,0.014
19900,0.991,0.000,0.009
20000,0.982,0.000,0.018
20100,0.977,0.000,0.023
20200,0.977,0.000,0.023
20300,0.982,0.000,0.018
20400,0.986,0.000,0.014
20500,0.995,0.000,0.005
20600,0.995,0.000,0.005
20700,0.995,0.000,0.005
20800,1.000,0.000,0.000
