time,n_A+p,n_B,n_AB
500,0.080,0.547,0.373
1000,0.080,0.248,0.672
1500,0.092,0.140,0.768
2000,0.173,0.060,0.766
2500,0.415,0.011,0.575
3000,0.665,0.001,0.334
3500,0.788,0.000,0.212
4000,0.862,0.000,0.138
4500,0.834,0.000,0.166
5000,0.907,0.000,0.093
5500,0.914,0.000,0.086
6000,0.931,0.000,0.069
6500,0.962,0.000,0.038
7000,0.914,0.000,0.086
7500,0.915,0.000,0.085
8000,0.901,0.000,0.099
8500,0.959,0.000,0.041
9000,0.983,0.000,0.017
9500,0.991,0.000,0.009
10000,1.000,0.000,0.000
10500,1.000,0.000,0.000
