time,n_A+p,n_B,n_AB
100,0.030,0.966,0.004
200,0.030,0.961,0.009
300,0.030,0.955,0.015
400,0.030,0.951,0.019
500,0.031,0.931,0.039
600,0.032,0.918,0.050
700,0.032,0.914,0.054
800,0.032,0.914,0.054
900,0.032,0.906,0.062
1000,0.032,0.893,0.076
1100,0.031,0.877,0.092
1200,0.031,0.870,0.099
1300,0.031,0.864,0.105
1400,0.031,0.847,0.123
1500,0.031,0.830,0.139
1600,0.030,0.816,0.154
1700,0.033,0.808,0.159
1800,0.034,0.795,0.172
1900,0.034,0.782,0.184
2000,0.036,0.776,0.188
2100,0.037,0.771,0.192
2200,0.037,0.755,0.208
2300,0.040,0.744,0.217
2400,0.041,0.734,0.225
2500,0.043,0.728,0.229
2600,0.040,0.710,0.250
2700,0.044,0.706,0.250
2800,0.047,0.698,0.255
2900,0.044,0.687,0.269
3000,0.045,0.685,0.270
3100,0.041,0.688,0.271
3200,0.040,0.679,0.281
3300,0.039,0.670,0.291
3400,0.042,0.664,0.294
3500,0.042,0.645,0.314
3600,0.040,0.619,0.341
3700,0.045,0.609,0.346
3800,0.039,0.604,0.358
3900,0.044,0.603,0.353
4000,0.046,0.591,0.363
4100,0.045,0.585,0.370
4200,0.043,0.578,0.379
4300,0.043,0.563,0.394
4400,0.047,0.556,0.397
4500,0.048,0.547,0.404
4600,0.049,0.539,0.412
4700,0.053,0.537,0.410
4800,0.048,0.535,0.417
4900,0.046,0.535,0.419
5000,0.047,0.526,0.427
5100,0.050,0.523,0.427
5200,0.056,0.521,0.423
5300,0.055,0.516,0.429
5400,0.054,0.518,0.428
5500,0.057,0.511,0.432
5600,0.065,0.512,0.423
5700,0.072,0.508,0.421
5800,0.065,0.501,0.434
5900,0.067,0.495,0.437
6000,0.068,0.487,0.444
6100,0.064,0.481,0.455
6200,0.067,0.483,0.449
6300,0.060,0.474,0.466
6400,0.057,0.470,0.473
6500,0.053,0.471,0.476
6600,0.050,0.477,0.473
6700,0.048,0.467,0.485
6800,0.052,0.461,0.487
6900,0.060,0.462,0.478
7000,0.067,0.462,0.471
7100,0.075,0.456,0.470
7200,0.081,0.457,0.463
7300,0.079,0.460,0.462
7400,0.079,0.444,0.477
7500,0.079,0.436,0.485
7600,0.088,0.432,0.480
7700,0.086,0.433,0.481
7800,0.084,0.415,0.502
7900,0.093,0.411,0.496
8000,0.087,0.400,0.513
8100,0.094,0.391,0.515
8200,0.086,0.397,0.517
8300,0.083,0.393,0.524
8400,0.083,0.397,0.520
8500,0.072,0.396,0.532
8600,0.070,0.391,0.538
8700,0.069,0.390,0.540
8800,0.069,0.391,0.539
8900,0.066,0.387,0.546
9000,0.067,0.388,0.544
9100,0.082,0.385,0.533
9200,0.080,0.383,0.537
9300,0.079,0.380,0.541
9400,0.081,0.380,0.539
9500,0.087,0.371,0.542
9600,0.081,0.378,0.541
9700,0.076,0.378,0.546
9800,0.075,0.373,0.553
9900,0.072,0.370,0.559
10000,0.066,0.376,0.558
10100,0.070,0.371,0.559
10200,0.067,0.373,0.560
10300,0.074,0.370,0.557
10400,0.073,0.369,0.559
10500,0.079,0.363,0.559
10600,0.076,0.359,0.566
10700,0.076,0.352,0.572
10800,0.083,0.355,0.562
10900,0.081,0.352,0.567
11000,0.086,0.353,0.561
11100,0.084,0.352,0.564
11200,0.080,0.352,0.568
11300,0.084,0.353,0.563
11400,0.085,0.353,0.562
11500,0.080,0.354,0.566
11600,0.081,0.349,0.570
11700,0.089,0.343,0.568
11800,0.085,0.351,0.564
11900,0.081,0.356,0.563
12000,0.078,0.350,0.572
12100,0.077,0.354,0.569
12200,0.077,0.354,0.569
12300,0.068,0.356,0.575
12400,0.066,0.352,0.581
12500,0.072,0.355,0.573
12600,0.070,0.362,0.568
12700,0.068,0.359,0.573
12800,0.066,0.356,0.577
12900,0.064,0.359,0.577
13000,0.063,0.366,0.571
13100,0.062,0.358,0.580
13200,0.060,0.345,0.594
13300,0.058,0.339,0.603
13400,0.058,0.342,0.600
13500,0.085,0.340,0.575
13600,0.083,0.335,0.582
13700,0.075,0.334,0.591
13800,0.070,0.330,0.600
13900,0.083,0.337,0.580
14000,0.084,0.334,0.582
14100,0.086,0.331,0.583
14200,0.087,0.331,0.582
14300,0.088,0.336,0.576
14400,0.113,0.336,0.551
14500,0.115,0.334,0.551
14600,0.115,0.333,0.552
14700,0.110,0.333,0.557
14800,0.112,0.333,0.555
14900,0.105,0.332,0.563
15000,0.101,0.334,0.565
15100,0.093,0.326,0.581
15200,0.079,0.334,0.587
15300,0.081,0.342,0.577
15400,0.076,0.345,0.579
15500,0.070,0.349,0.580
15600,0.082,0.345,0.573
15700,0.094,0.346,0.560
15800,0.106,0.346,0.547
15900,0.105,0.343,0.552
16000,0.099,0.335,0.566
16100,0.102,0.332,0.566
16200,0.102,0.331,0.567
16300,0.107,0.328,0.565
16400,0.102,0.326,0.572
16500,0.099,0.323,0.578
16600,0.101,0.316,0.583
16700,0.097,0.304,0.599
16800,0.097,0.307,0.596
16900,0.096,0.307,0.597
17000,0.087,0.309,0.604
17100,0.087,0.316,0.598
17200,0.104,0.311,0.585
17300,0.109,0.305,0.585
17400,0.110,0.304,0.585
17500,0.107,0.299,0.593
17600,0.106,0.306,0.587
17700,0.104,0.308,0.587
17800,0.102,0.306,0.591
17900,0.095,0.308,0.597
18000,0.093,0.311,0.597
18100,0.084,0.302,0.614
18200,0.085,0.306,0.609
18300,0.089,0.305,0.606
18400,0.095,0.301,0.604
18500,0.090,0.298,0.612
18600,0.096,0.296,0.608
18700,0.099,0.298,0.603
18800,0.102,0.296,0.602
18900,0.095,0.296,0.609
19000,0.095,0.296,0.609
19100,0.096,0.295,0.609
19200,0.088,0.291,0.621
19300,0.088,0.294,0.618
19400,0.082,0.292,0.626
19500,0.081,0.296,0.623
19600,0.084,0.299,0.617
19700,0.087,0.295,0.618
19800,0.087,0.294,0.619
19900,0.088,0.293,0.619
20000,0.086,0.292,0.622
20100,0.087,0.289,0.624
20200,0.082,0.292,0.626
20300,0.084,0.300,0.616
20400,0.090,0.294,0.616
20500,0.088,0.295,0.617
20600,0.082,0.291,0.627
20700,0.079,0.289,0.632
20800,0.079,0.290,0.631
20900,0.083,0.291,0.626
21000,0.095,0.301,0.604
21100,0.097,0.305,0.598
21200,0.093,0.303,0.604
21300,0.096,0.302,0.602
21400,0.097,0.306,0.597
21500,0.089,0.301,0.610
21600,0.093,0.293,0.614
21700,0.101,0.289,0.610
21800,0.107,0.285,0.608
21900,0.112,0.280,0.608
22000,0.113,0.276,0.611
22100,0.108,0.272,0.620
22200,0.118,0.274,0.608
22300,0.118,0.274,0.608
22400,0.125,0.271,0.605
22500,0.124,0.271,0.606
22600,0.121,0.273,0.607
22700,0.120,0.277,0.604
22800,0.113,0.279,0.608
22900,0.108,0.277,0.615
23000,0.100,0.276,0.624
23100,0.099,0.280,0.621
23200,0.101,0.280,0.619
23300,0.107,0.280,0.613
23400,0.104,0.275,0.621
23500,0.110,0.281,0.609
23600,0.126,0.281,0.593
23700,0.124,0.283,0.593
23800,0.123,0.282,0.596
23900,0.117,0.279,0.604
24000,0.112,0.279,0.609
24100,0.112,0.278,0.610
24200,0.116,0.274,0.610
24300,0.120,0.270,0.611
24400,0.133,0.263,0.605
24500,0.132,0.260,0.608
24600,0.120,0.263,0.618
24700,0.108,0.263,0.629
24800,0.113,0.263,0.624
24900,0.112,0.263,0.625
25000,0.110,0.260,0.629
25100,0.107,0.258,0.634
25200,0.113,0.255,0.631
25300,0.111,0.281,0.608
25400,0.112,0.278,0.610
25500,0.110,0.274,0.616
25600,0.104,0.273,0.623
25700,0.109,0.274,0.617
25800,0.111,0.273,0.616
25900,0.110,0.266,0.624
26000,0.113,0.259,0.627
26100,0.108,0.259,0.632
26200,0.117,0.261,0.621
26300,0.111,0.263,0.626
26400,0.103,0.260,0.636
26500,0.098,0.265,0.637
26600,0.100,0.263,0.637
26700,0.101,0.260,0.638
26800,0.106,0.258,0.635
26900,0.105,0.256,0.638
27000,0.111,0.254,0.634
27100,0.109,0.255,0.635
27200,0.105,0.254,0.640
27300,0.107,0.259,0.633
27400,0.112,0.266,0.622
27500,0.108,0.266,0.626
27600,0.110,0.264,0.626
27700,0.109,0.257,0.633
27800,0.106,0.254,0.639
27900,0.105,0.252,0.642
28000,0.106,0.248,0.646
28100,0.108,0.248,0.644
28200,0.112,0.244,0.644
28300,0.109,0.244,0.647
28400,0.112,0.247,0.640
28500,0.120,0.251,0.629
28600,0.120,0.267,0.614
28700,0.123,0.263,0.615
28800,0.127,0.261,0.612
28900,0.124,0.261,0.615
29000,0.121,0.253,0.626
29100,0.120,0.249,0.631
29200,0.117,0.251,0.631
29300,0.124,0.258,0.618
29400,0.140,0.253,0.607
29500,0.150,0.256,0.593
29600,0.148,0.248,0.604
29700,0.147,0.252,0.601
29800,0.149,0.247,0.604
29900,0.158,0.245,0.597
30000,0.157,0.240,0.603
30100,0.149,0.238,0.613
30200,0.141,0.238,0.621
30300,0.138,0.226,0.636
30400,0.139,0.228,0.633
30500,0.153,0.231,0.616
30600,0.152,0.226,0.622
30700,0.137,0.223,0.640
30800,0.132,0.223,0.646
30900,0.144,0.229,0.627
31000,0.141,0.226,0.633
31100,0.138,0.228,0.634
31200,0.134,0.235,0.631
31300,0.135,0.231,0.634
31400,0.136,0.235,0.629
31500,0.137,0.234,0.629
31600,0.130,0.232,0.638
31700,0.122,0.232,0.647
31800,0.115,0.238,0.647
31900,0.114,0.230,0.656
32000,0.134,0.228,0.638
32100,0.134,0.228,0.638
32200,0.128,0.229,0.644
32300,0.122,0.230,0.649
32400,0.117,0.238,0.645
32500,0.120,0.237,0.644
32600,0.116,0.238,0.646
32700,0.115,0.235,0.650
32800,0.117,0.234,0.649
32900,0.130,0.231,0.639
33000,0.127,0.228,0.646
33100,0.122,0.230,0.649
33200,0.120,0.237,0.644
33300,0.117,0.244,0.638
33400,0.118,0.239,0.642
33500,0.121,0.233,0.647
33600,0.112,0.233,0.655
33700,0.111,0.234,0.655
33800,0.108,0.230,0.662
33900,0.109,0.227,0.664
34000,0.104,0.236,0.660
34100,0.099,0.233,0.668
34200,0.099,0.236,0.665
34300,0.098,0.233,0.669
34400,0.096,0.233,0.671
34500,0.097,0.237,0.666
34600,0.098,0.230,0.672
34700,0.104,0.230,0.666
34800,0.113,0.232,0.655
34900,0.113,0.228,0.659
35000,0.108,0.228,0.664
35100,0.106,0.224,0.670
35200,0.106,0.223,0.671
35300,0.110,0.219,0.671
35400,0.110,0.220,0.670
35500,0.116,0.219,0.665
35600,0.114,0.217,0.669
35700,0.120,0.227,0.654
35800,0.116,0.227,0.657
35900,0.122,0.228,0.651
36000,0.124,0.225,0.652
36100,0.133,0.219,0.649
36200,0.142,0.213,0.645
36300,0.133,0.218,0.650
36400,0.132,0.217,0.652
36500,0.128,0.217,0.656
36600,0.121,0.220,0.660
36700,0.127,0.219,0.655
36800,0.125,0.229,0.647
36900,0.120,0.225,0.656
37000,0.124,0.216,0.661
37100,0.135,0.217,0.649
37200,0.131,0.221,0.649
37300,0.123,0.221,0.657
37400,0.117,0.223,0.660
37500,0.120,0.215,0.666
37600,0.114,0.218,0.668
37700,0.118,0.216,0.666
37800,0.113,0.216,0.671
37900,0.115,0.209,0.675
38000,0.106,0.211,0.682
38100,0.100,0.215,0.685
38200,0.104,0.219,0.677
38300,0.108,0.233,0.659
38400,0.103,0.232,0.665
38500,0.107,0.231,0.662
38600,0.101,0.234,0.665
38700,0.102,0.227,0.671
38800,0.098,0.228,0.674
38900,0.096,0.224,0.680
39000,0.093,0.221,0.686
39100,0.094,0.227,0.679
39200,0.094,0.228,0.678
39300,0.093,0.226,0.681
39400,0.094,0.226,0.680
39500,0.098,0.225,0.677
39600,0.094,0.227,0.679
39700,0.099,0.230,0.671
39800,0.094,0.233,0.673
39900,0.098,0.240,0.662
40000,0.097,0.237,0.666
40100,0.101,0.240,0.659
40200,0.101,0.242,0.657
40300,0.103,0.240,0.657
40400,0.104,0.238,0.658
40500,0.108,0.237,0.655
40600,0.103,0.237,0.660
40700,0.103,0.246,0.651
40800,0.102,0.245,0.653
40900,0.096,0.241,0.663
41000,0.100,0.241,0.659
41100,0.104,0.246,0.650
41200,0.095,0.245,0.660
41300,0.089,0.239,0.672
41400,0.089,0.241,0.670
41500,0.090,0.238,0.672
41600,0.093,0.233,0.674
41700,0.103,0.234,0.663
41800,0.104,0.233,0.663
41900,0.101,0.230,0.669
42000,0.093,0.230,0.677
42100,0.097,0.232,0.671
42200,0.101,0.233,0.666
42300,0.107,0.232,0.661
42400,0.104,0.230,0.666
42500,0.098,0.228,0.674
42600,0.101,0.227,0.672
42700,0.094,0.232,0.674
42800,0.095,0.230,0.675
42900,0.094,0.236,0.670
43000,0.097,0.235,0.668
43100,0.088,0.231,0.681
43200,0.095,0.226,0.679
43300,0.095,0.225,0.680
43400,0.100,0.223,0.677
43500,0.098,0.220,0.682
43600,0.097,0.221,0.682
43700,0.089,0.222,0.689
43800,0.092,0.218,0.691
43900,0.102,0.219,0.679
44000,0.109,0.218,0.673
44100,0.102,0.221,0.677
44200,0.101,0.220,0.679
44300,0.102,0.221,0.677
44400,0.104,0.219,0.677
44500,0.103,0.218,0.679
44600,0.101,0.223,0.676
44700,0.102,0.222,0.676
44800,0.110,0.216,0.674
44900,0.097,0.218,0.685
45000,0.102,0.212,0.685
45100,0.100,0.208,0.692
45200,0.099,0.207,0.694
45300,0.096,0.209,0.695
45400,0.098,0.212,0.689
45500,0.090,0.216,0.695
45600,0.086,0.219,0.696
45700,0.085,0.221,0.695
45800,0.089,0.217,0.695
45900,0.086,0.215,0.700
46000,0.087,0.217,0.697
46100,0.088,0.212,0.700
46200,0.096,0.212,0.692
46300,0.095,0.219,0.686
46400,0.097,0.217,0.686
46500,0.103,0.216,0.681
46600,0.096,0.216,0.688
46700,0.099,0.217,0.684
46800,0.095,0.215,0.691
46900,0.104,0.220,0.676
47000,0.108,0.216,0.676
47100,0.107,0.212,0.680
47200,0.106,0.213,0.680
47300,0.106,0.215,0.679
47400,0.105,0.215,0.680
47500,0.098,0.215,0.687
47600,0.106,0.211,0.682
47700,0.108,0.208,0.683
47800,0.108,0.205,0.686
47900,0.105,0.210,0.684
48000,0.110,0.231,0.659
48100,0.105,0.227,0.668
48200,0.110,0.226,0.664
48300,0.101,0.224,0.675
48400,0.101,0.223,0.676
48500,0.104,0.224,0.672
48600,0.106,0.221,0.673
48700,0.105,0.222,0.673
48800,0.103,0.218,0.679
48900,0.106,0.210,0.683
49000,0.114,0.213,0.672
49100,0.110,0.217,0.673
49200,0.110,0.226,0.664
49300,0.114,0.224,0.662
49400,0.109,0.219,0.672
49500,0.102,0.213,0.684
49600,0.099,0.211,0.689
49700,0.104,0.211,0.684
49800,0.099,0.217,0.684
49900,0.106,0.215,0.679
50000,0.103,0.217,0.680
50100,0.098,0.218,0.684
50200,0.095,0.211,0.694
50300,0.101,0.215,0.684
50400,0.104,0.216,0.680
50500,0.104,0.216,0.680
50600,0.100,0.217,0.683
50700,0.094,0.216,0.691
50800,0.089,0.215,0.697
50900,0.088,0.211,0.701
51000,0.087,0.207,0.706
51100,0.089,0.213,0.698
51200,0.089,0.212,0.699
51300,0.087,0.206,0.707
51400,0.093,0.208,0.699
51500,0.090,0.209,0.701
51600,0.080,0.229,0.692
51700,0.080,0.229,0.692
51800,0.074,0.218,0.709
51900,0.094,0.216,0.691
52000,0.092,0.223,0.685
52100,0.093,0.219,0.688
52200,0.095,0.216,0.689
52300,0.097,0.220,0.683
52400,0.107,0.222,0.671
52500,0.103,0.220,0.677
52600,0.105,0.221,0.674
52700,0.100,0.219,0.681
52800,0.106,0.226,0.668
52900,0.096,0.228,0.676
53000,0.099,0.229,0.672
53100,0.100,0.228,0.672
53200,0.101,0.229,0.670
53300,0.103,0.233,0.664
53400,0.091,0.230,0.679
53500,0.093,0.223,0.684
53600,0.092,0.221,0.687
53700,0.091,0.223,0.686
53800,0.097,0.223,0.680
53900,0.098,0.217,0.685
54000,0.098,0.213,0.688
54100,0.103,0.217,0.680
54200,0.104,0.217,0.679
54300,0.101,0.223,0.676
54400,0.098,0.223,0.679
54500,0.097,0.224,0.679
54600,0.088,0.221,0.692
54700,0.090,0.222,0.688
54800,0.084,0.226,0.691
54900,0.094,0.228,0.678
55000,0.095,0.224,0.681
55100,0.097,0.222,0.681
55200,0.100,0.217,0.683
55300,0.100,0.213,0.686
55400,0.099,0.216,0.685
55500,0.095,0.218,0.687
55600,0.092,0.221,0.687
55700,0.094,0.222,0.684
55800,0.089,0.234,0.677
55900,0.092,0.232,0.676
56000,0.093,0.225,0.682
56100,0.094,0.223,0.683
56200,0.088,0.226,0.686
56300,0.078,0.223,0.700
56400,0.085,0.217,0.699
56500,0.082,0.218,0.701
56600,0.083,0.218,0.700
56700,0.081,0.219,0.701
56800,0.079,0.222,0.700
56900,0.087,0.222,0.692
57000,0.093,0.218,0.689
57100,0.101,0.216,0.683
57200,0.101,0.213,0.685
57300,0.094,0.211,0.695
57400,0.097,0.205,0.698
57500,0.091,0.203,0.706
57600,0.087,0.199,0.714
57700,0.085,0.202,0.713
57800,0.088,0.205,0.707
57900,0.092,0.212,0.696
58000,0.088,0.210,0.702
58100,0.090,0.208,0.702
58200,0.091,0.210,0.699
58300,0.098,0.211,0.691
58400,0.098,0.204,0.698
58500,0.097,0.200,0.703
58600,0.093,0.196,0.711
58700,0.090,0.196,0.714
58800,0.090,0.199,0.711
58900,0.082,0.222,0.697
59000,0.081,0.216,0.704
59100,0.078,0.211,0.711
59200,0.081,0.205,0.714
59300,0.082,0.203,0.715
59400,0.085,0.199,0.716
59500,0.086,0.197,0.717
59600,0.088,0.197,0.715
59700,0.087,0.200,0.713
59800,0.088,0.197,0.715
59900,0.093,0.199,0.708
60000,0.094,0.200,0.706
60100,0.098,0.202,0.700
60200,0.107,0.202,0.691
60300,0.108,0.202,0.689
60400,0.102,0.201,0.697
60500,0.109,0.196,0.695
60600,0.105,0.200,0.695
60700,0.106,0.198,0.696
60800,0.109,0.199,0.692
60900,0.113,0.205,0.681
61000,0.110,0.203,0.686
61100,0.106,0.201,0.693
61200,0.113,0.200,0.686
61300,0.113,0.197,0.689
61400,0.101,0.197,0.702
61500,0.101,0.206,0.693
61600,0.101,0.204,0.695
61700,0.099,0.210,0.691
61800,0.097,0.206,0.697
61900,0.104,0.209,0.686
62000,0.107,0.209,0.683
62100,0.107,0.213,0.679
62200,0.111,0.210,0.678
62300,0.107,0.209,0.683
62400,0.105,0.205,0.689
62500,0.102,0.203,0.695
62600,0.092,0.224,0.684
62700,0.091,0.224,0.685
62800,0.091,0.224,0.685
62900,0.093,0.225,0.682
63000,0.093,0.228,0.679
63100,0.092,0.232,0.676
63200,0.091,0.238,0.671
63300,0.090,0.231,0.679
63400,0.087,0.227,0.686
63500,0.091,0.227,0.682
63600,0.108,0.221,0.671
63700,0.108,0.225,0.667
63800,0.110,0.222,0.668
63900,0.108,0.220,0.672
64000,0.105,0.221,0.674
64100,0.088,0.219,0.694
64200,0.090,0.215,0.696
64300,0.085,0.216,0.700
64400,0.086,0.211,0.703
64500,0.089,0.210,0.701
64600,0.098,0.212,0.689
64700,0.099,0.224,0.677
64800,0.104,0.219,0.677
64900,0.102,0.212,0.685
65000,0.103,0.208,0.688
65100,0.105,0.212,0.682
65200,0.105,0.207,0.687
65300,0.106,0.209,0.684
65400,0.103,0.217,0.680
65500,0.099,0.215,0.686
65600,0.097,0.213,0.689
65700,0.094,0.216,0.691
65800,0.097,0.217,0.686
65900,0.095,0.217,0.688
66000,0.102,0.206,0.692
66100,0.099,0.213,0.687
66200,0.100,0.213,0.686
66300,0.102,0.209,0.688
66400,0.104,0.210,0.685
66500,0.103,0.220,0.677
66600,0.102,0.222,0.676
66700,0.101,0.220,0.679
66800,0.103,0.217,0.680
66900,0.100,0.207,0.693
67000,0.095,0.205,0.700
67100,0.098,0.201,0.701
67200,0.099,0.203,0.698
67300,0.103,0.202,0.695
67400,0.105,0.211,0.683
67500,0.103,0.209,0.687
67600,0.109,0.202,0.688
67700,0.108,0.207,0.684
67800,0.114,0.209,0.676
67900,0.108,0.210,0.681
68000,0.110,0.212,0.677
68100,0.111,0.211,0.677
68200,0.109,0.212,0.678
68300,0.106,0.208,0.685
68400,0.106,0.211,0.682
68500,0.109,0.209,0.681
68600,0.108,0.205,0.686
68700,0.117,0.210,0.672
68800,0.111,0.212,0.676
68900,0.109,0.212,0.678
69000,0.109,0.213,0.677
69100,0.105,0.211,0.683
69200,0.103,0.209,0.687
69300,0.099,0.205,0.696
69400,0.098,0.206,0.696
69500,0.101,0.205,0.694
69600,0.105,0.202,0.693
69700,0.100,0.199,0.701
69800,0.101,0.199,0.700
69900,0.105,0.205,0.689
70000,0.105,0.205,0.689
70100,0.107,0.202,0.691
70200,0.109,0.209,0.681
70300,0.110,0.210,0.679
70400,0.108,0.206,0.685
70500,0.103,0.206,0.691
70600,0.106,0.209,0.684
70700,0.103,0.204,0.693
70800,0.112,0.203,0.684
70900,0.110,0.204,0.685
71000,0.103,0.200,0.697
71100,0.104,0.197,0.699
71200,0.103,0.198,0.699
71300,0.093,0.199,0.708
71400,0.095,0.199,0.706
71500,0.099,0.195,0.706
71600,0.094,0.198,0.708
71700,0.085,0.201,0.714
71800,0.084,0.197,0.719
71900,0.085,0.204,0.711
72000,0.086,0.204,0.710
72100,0.086,0.199,0.715
72200,0.086,0.200,0.714
72300,0.086,0.195,0.719
72400,0.087,0.189,0.724
72500,0.102,0.189,0.709
72600,0.102,0.186,0.712
72700,0.104,0.188,0.708
72800,0.102,0.191,0.707
72900,0.102,0.194,0.704
73000,0.103,0.205,0.692
73100,0.103,0.208,0.688
73200,0.106,0.208,0.685
73300,0.106,0.205,0.688
73400,0.110,0.203,0.686
73500,0.109,0.208,0.682
73600,0.109,0.210,0.680
73700,0.103,0.211,0.685
73800,0.106,0.205,0.688
73900,0.111,0.215,0.674
74000,0.120,0.211,0.669
74100,0.120,0.204,0.676
74200,0.115,0.206,0.678
74300,0.114,0.204,0.681
74400,0.109,0.199,0.692
74500,0.123,0.197,0.680
74600,0.118,0.196,0.685
74700,0.111,0.198,0.691
74800,0.110,0.199,0.691
74900,0.113,0.200,0.686
75000,0.117,0.204,0.678
75100,0.118,0.200,0.681
75200,0.116,0.198,0.685
75300,0.118,0.198,0.683
75400,0.116,0.194,0.689
75500,0.118,0.204,0.677
75600,0.114,0.205,0.680
75700,0.110,0.204,0.685
75800,0.106,0.210,0.683
75900,0.105,0.206,0.688
76000,0.101,0.203,0.696
76100,0.102,0.208,0.689
76200,0.097,0.204,0.699
76300,0.098,0.202,0.700
76400,0.100,0.203,0.697
76500,0.092,0.202,0.706
76600,0.108,0.195,0.697
76700,0.109,0.193,0.698
76800,0.112,0.197,0.691
76900,0.102,0.194,0.704
77000,0.101,0.193,0.706
77100,0.109,0.189,0.702
77200,0.105,0.188,0.707
77300,0.113,0.186,0.701
77400,0.110,0.186,0.704
77500,0.114,0.183,0.703
77600,0.113,0.196,0.691
77700,0.110,0.195,0.695
77800,0.112,0.193,0.695
77900,0.109,0.189,0.702
78000,0.103,0.189,0.708
78100,0.108,0.189,0.703
78200,0.102,0.193,0.705
78300,0.100,0.189,0.711
78400,0.109,0.185,0.706
78500,0.105,0.187,0.708
78600,0.109,0.188,0.703
78700,0.114,0.187,0.699
78800,0.114,0.187,0.699
78900,0.112,0.185,0.703
79000,0.108,0.194,0.698
79100,0.108,0.198,0.694
79200,0.107,0.198,0.695
79300,0.110,0.195,0.695
79400,0.110,0.196,0.694
79500,0.110,0.197,0.693
79600,0.110,0.196,0.694
79700,0.108,0.200,0.692
79800,0.106,0.198,0.696
79900,0.104,0.197,0.699
80000,0.108,0.201,0.691
80100,0.133,0.199,0.668
80200,0.134,0.198,0.668
80300,0.134,0.194,0.672
80400,0.141,0.190,0.669
80500,0.143,0.189,0.668
80600,0.139,0.188,0.673
80700,0.145,0.192,0.663
80800,0.130,0.189,0.681
80900,0.132,0.184,0.684
81000,0.133,0.182,0.685
81100,0.134,0.182,0.684
81200,0.126,0.186,0.688
81300,0.129,0.188,0.683
81400,0.124,0.186,0.691
81500,0.126,0.185,0.689
81600,0.120,0.185,0.696
81700,0.118,0.188,0.694
81800,0.121,0.189,0.691
81900,0.126,0.189,0.685
82000,0.126,0.187,0.687
82100,0.129,0.190,0.681
82200,0.131,0.189,0.680
82300,0.124,0.191,0.685
82400,0.123,0.186,0.692
82500,0.125,0.185,0.691
82600,0.128,0.183,0.689
82700,0.131,0.185,0.684
82800,0.132,0.180,0.688
82900,0.121,0.185,0.695
83000,0.127,0.186,0.687
83100,0.127,0.182,0.692
83200,0.128,0.179,0.694
83300,0.127,0.180,0.694
83400,0.130,0.176,0.695
83500,0.128,0.174,0.699
83600,0.127,0.173,0.701
83700,0.121,0.175,0.705
83800,0.123,0.182,0.696
83900,0.120,0.195,0.685
84000,0.126,0.193,0.681
84100,0.123,0.192,0.685
84200,0.123,0.184,0.694
84300,0.131,0.190,0.679
84400,0.131,0.194,0.675
84500,0.131,0.193,0.676
84600,0.131,0.192,0.677
84700,0.130,0.188,0.682
84800,0.129,0.191,0.680
84900,0.126,0.189,0.685
85000,0.123,0.187,0.691
85100,0.115,0.183,0.702
85200,0.118,0.182,0.700
85300,0.108,0.182,0.710
85400,0.114,0.180,0.706
85500,0.109,0.184,0.707
85600,0.108,0.192,0.700
85700,0.105,0.191,0.704
85800,0.105,0.189,0.706
85900,0.104,0.185,0.711
86000,0.111,0.189,0.700
86100,0.103,0.187,0.710
86200,0.100,0.192,0.708
86300,0.100,0.183,0.717
86400,0.097,0.183,0.720
86500,0.101,0.185,0.714
86600,0.100,0.182,0.718
86700,0.098,0.192,0.710
86800,0.097,0.196,0.707
86900,0.097,0.190,0.713
87000,0.116,0.194,0.689
87100,0.115,0.197,0.687
87200,0.111,0.196,0.693
87300,0.111,0.205,0.683
87400,0.108,0.197,0.695
87500,0.109,0.197,0.694
87600,0.105,0.197,0.698
87700,0.114,0.198,0.687
87800,0.111,0.196,0.693
87900,0.114,0.193,0.693
88000,0.108,0.196,0.696
88100,0.105,0.197,0.698
88200,0.100,0.195,0.705
88300,0.106,0.188,0.706
88400,0.111,0.194,0.695
88500,0.105,0.201,0.694
88600,0.110,0.205,0.684
88700,0.111,0.207,0.681
88800,0.111,0.205,0.683
88900,0.100,0.203,0.697
89000,0.117,0.204,0.678
89100,0.118,0.199,0.682
89200,0.128,0.202,0.670
89300,0.127,0.202,0.671
89400,0.126,0.209,0.665
89500,0.128,0.205,0.667
89600,0.124,0.201,0.675
89700,0.126,0.201,0.673
89800,0.125,0.199,0.676
89900,0.123,0.200,0.677
90000,0.134,0.196,0.670
90100,0.126,0.194,0.680
90200,0.128,0.197,0.675
90300,0.132,0.195,0.673
90400,0.135,0.191,0.674
90500,0.133,0.192,0.675
90600,0.129,0.193,0.678
90700,0.123,0.189,0.688
90800,0.115,0.184,0.701
90900,0.113,0.191,0.696
91000,0.111,0.190,0.699
91100,0.115,0.184,0.701
91200,0.113,0.204,0.682
91300,0.104,0.201,0.695
91400,0.102,0.205,0.693
91500,0.104,0.198,0.698
91600,0.099,0.195,0.706
91700,0.100,0.200,0.700
91800,0.101,0.201,0.698
91900,0.096,0.196,0.708
92000,0.089,0.192,0.719
92100,0.090,0.191,0.719
92200,0.091,0.189,0.720
92300,0.095,0.191,0.714
92400,0.099,0.191,0.710
92500,0.103,0.191,0.706
92600,0.105,0.185,0.710
92700,0.105,0.183,0.712
92800,0.101,0.182,0.717
92900,0.105,0.181,0.714
93000,0.106,0.179,0.715
93100,0.110,0.183,0.707
93200,0.113,0.180,0.707
93300,0.104,0.183,0.713
93400,0.101,0.178,0.721
93500,0.107,0.179,0.714
93600,0.104,0.176,0.720
93700,0.104,0.180,0.716
93800,0.104,0.176,0.720
93900,0.100,0.181,0.719
94000,0.100,0.179,0.721
94100,0.108,0.179,0.713
94200,0.106,0.183,0.711
94300,0.107,0.185,0.708
94400,0.104,0.184,0.712
94500,0.096,0.182,0.722
94600,0.096,0.182,0.722
94700,0.098,0.185,0.717
94800,0.100,0.184,0.716
94900,0.101,0.190,0.709
95000,0.097,0.189,0.714
95100,0.099,0.181,0.720
95200,0.102,0.180,0.718
95300,0.100,0.178,0.722
95400,0.100,0.182,0.718
95500,0.097,0.184,0.719
95600,0.088,0.176,0.736
95700,0.091,0.175,0.734
95800,0.085,0.173,0.743
95900,0.087,0.172,0.742
96000,0.086,0.174,0.741
96100,0.090,0.175,0.735
96200,0.088,0.180,0.732
96300,0.087,0.181,0.732
96400,0.083,0.179,0.739
96500,0.087,0.176,0.737
96600,0.094,0.171,0.735
96700,0.088,0.177,0.735
96800,0.093,0.172,0.735
96900,0.094,0.171,0.735
97000,0.090,0.165,0.745
97100,0.091,0.168,0.742
97200,0.088,0.174,0.739
97300,0.092,0.181,0.727
97400,0.093,0.176,0.731
97500,0.093,0.174,0.733
97600,0.097,0.175,0.728
97700,0.093,0.173,0.734
97800,0.097,0.174,0.729
97900,0.097,0.173,0.730
98000,0.094,0.173,0.733
98100,0.100,0.176,0.724
98200,0.101,0.181,0.718
98300,0.105,0.182,0.713
98400,0.096,0.180,0.724
98500,0.098,0.176,0.726
98600,0.111,0.173,0.716
98700,0.107,0.171,0.722
98800,0.108,0.168,0.724
98900,0.114,0.171,0.715
99000,0.112,0.171,0.717
99100,0.110,0.172,0.718
99200,0.106,0.171,0.723
99300,0.108,0.177,0.715
99400,0.112,0.178,0.710
99500,0.110,0.174,0.716
99600,0.114,0.170,0.716
99700,0.114,0.166,0.719
99800,0.118,0.172,0.710
99900,0.120,0.174,0.707
100000,0.121,0.170,0.710
