time,n_A+p,n_B,n_AB
100,0.030,0.967,0.003
200,0.030,0.955,0.015
300,0.031,0.945,0.024
400,0.031,0.945,0.024
500,0.031,0.941,0.028
600,0.031,0.937,0.032
700,0.031,0.936,0.033
800,0.031,0.923,0.046
900,0.031,0.918,0.051
1000,0.031,0.910,0.059
1100,0.032,0.905,0.063
1200,0.032,0.903,0.065
1300,0.031,0.898,0.071
1400,0.031,0.891,0.078
1500,0.030,0.875,0.095
1600,0.030,0.883,0.087
1700,0.030,0.876,0.094
1800,0.030,0.872,0.098
1900,0.032,0.862,0.106
2000,0.032,0.844,0.124
2100,0.032,0.836,0.132
2200,0.033,0.823,0.144
2300,0.037,0.820,0.143
2400,0.037,0.811,0.152
2500,0.036,0.808,0.156
2600,0.036,0.802,0.162
2700,0.036,0.807,0.157
2800,0.036,0.793,0.171
2900,0.036,0.795,0.169
3000,0.035,0.794,0.171
3100,0.034,0.791,0.175
3200,0.034,0.791,0.175
3300,0.033,0.793,0.174
3400,0.031,0.786,0.183
3500,0.032,0.791,0.177
3600,0.032,0.789,0.179
3700,0.031,0.780,0.189
3800,0.033,0.763,0.204
3900,0.033,0.754,0.213
4000,0.033,0.742,0.225
4100,0.033,0.734,0.233
4200,0.036,0.734,0.230
4300,0.044,0.719,0.237
4400,0.043,0.715,0.242
4500,0.041,0.713,0.246
4600,0.044,0.723,0.233
4700,0.041,0.732,0.227
4800,0.045,0.728,0.227
4900,0.046,0.711,0.243
5000,0.045,0.706,0.249
5100,0.045,0.704,0.251
5200,0.041,0.693,0.266
5300,0.038,0.691,0.271
5400,0.043,0.693,0.264
5500,0.042,0.689,0.269
5600,0.044,0.675,0.281
5700,0.045,0.682,0.273
5800,0.047,0.687,0.266
5900,0.047,0.689,0.264
6000,0.043,0.680,0.277
6100,0.041,0.689,0.270
6200,0.041,0.688,0.271
6300,0.042,0.696,0.262
6400,0.044,0.698,0.258
6500,0.042,0.704,0.254
6600,0.042,0.696,0.262
6700,0.044,0.693,0.263
6800,0.045,0.701,0.254
6900,0.041,0.708,0.251
7000,0.040,0.699,0.261
7100,0.040,0.697,0.263
7200,0.045,0.694,0.261
7300,0.043,0.686,0.271
7400,0.044,0.680,0.276
7500,0.043,0.667,0.290
7600,0.048,0.664,0.288
7700,0.052,0.653,0.295
7800,0.057,0.662,0.281
7900,0.060,0.656,0.284
8000,0.061,0.651,0.288
8100,0.062,0.661,0.277
8200,0.060,0.668,0.272
8300,0.061,0.661,0.278
8400,0.059,0.652,0.289
8500,0.059,0.637,0.304
8600,0.058,0.630,0.312
8700,0.062,0.635,0.303
8800,0.056,0.629,0.315
8900,0.060,0.624,0.316
9000,0.063,0.619,0.318
9100,0.059,0.629,0.312
9200,0.062,0.619,0.319
9300,0.056,0.621,0.323
9400,0.061,0.616,0.323
9500,0.061,0.614,0.325
9600,0.056,0.610,0.334
9700,0.057,0.608,0.335
9800,0.056,0.604,0.340
9900,0.054,0.603,0.343
10000,0.057,0.609,0.334
10100,0.054,0.619,0.327
10200,0.049,0.610,0.341
10300,0.050,0.606,0.344
10400,0.050,0.605,0.345
10500,0.050,0.602,0.348
10600,0.048,0.603,0.349
10700,0.050,0.612,0.338
10800,0.051,0.600,0.349
10900,0.056,0.590,0.354
11000,0.056,0.599,0.345
11100,0.055,0.600,0.345
11200,0.055,0.599,0.346
11300,0.053,0.591,0.356
11400,0.051,0.596,0.353
11500,0.059,0.590,0.351
11600,0.058,0.598,0.344
11700,0.060,0.592,0.348
11800,0.056,0.589,0.355
11900,0.062,0.594,0.344
12000,0.066,0.579,0.355
12100,0.072,0.587,0.341
12200,0.073,0.579,0.348
12300,0.072,0.571,0.357
12400,0.065,0.572,0.363
12500,0.071,0.565,0.364
12600,0.066,0.563,0.371
12700,0.067,0.565,0.368
12800,0.065,0.553,0.382
12900,0.066,0.550,0.384
13000,0.065,0.544,0.391
13100,0.063,0.549,0.388
13200,0.064,0.547,0.389
13300,0.066,0.535,0.399
13400,0.067,0.525,0.408
13500,0.066,0.537,0.397
13600,0.068,0.542,0.390
13700,0.067,0.539,0.394
13800,0.070,0.529,0.401
13900,0.074,0.517,0.409
14000,0.069,0.510,0.421
14100,0.073,0.519,0.408
14200,0.073,0.519,0.408
14300,0.078,0.507,0.415
14400,0.081,0.512,0.407
14500,0.080,0.523,0.397
14600,0.076,0.505,0.419
14700,0.081,0.505,0.414
14800,0.090,0.521,0.389
14900,0.095,0.532,0.373
15000,0.090,0.523,0.387
15100,0.084,0.514,0.402
15200,0.083,0.512,0.405
15300,0.079,0.496,0.425
15400,0.079,0.483,0.438
15500,0.087,0.461,0.452
15600,0.089,0.461,0.450
15700,0.092,0.458,0.450
15800,0.093,0.445,0.462
15900,0.094,0.452,0.454
16000,0.090,0.445,0.465
16100,0.086,0.455,0.459
16200,0.094,0.451,0.455
16300,0.096,0.444,0.460
16400,0.096,0.446,0.458
16500,0.092,0.443,0.465
16600,0.090,0.450,0.460
16700,0.098,0.441,0.461
16800,0.100,0.457,0.443
16900,0.097,0.463,0.440
17000,0.108,0.468,0.424
17100,0.119,0.472,0.409
17200,0.114,0.454,0.432
17300,0.115,0.448,0.437
17400,0.113,0.447,0.440
17500,0.108,0.457,0.435
17600,0.104,0.459,0.437
17700,0.109,0.453,0.438
17800,0.108,0.452,0.440
17900,0.110,0.436,0.454
18000,0.116,0.440,0.444
18100,0.107,0.432,0.461
18200,0.113,0.437,0.450
18300,0.105,0.441,0.454
18400,0.118,0.450,0.432
18500,0.110,0.438,0.452
18600,0.114,0.426,0.460
18700,0.107,0.419,0.474
18800,0.115,0.410,0.475
18900,0.112,0.411,0.477
19000,0.117,0.412,0.471
19100,0.121,0.407,0.472
19200,0.118,0.419,0.463
19300,0.115,0.410,0.475
19400,0.119,0.420,0.461
19500,0.121,0.420,0.459
19600,0.120,0.422,0.458
19700,0.117,0.429,0.454
19800,0.114,0.426,0.460
19900,0.109,0.433,0.458
20000,0.106,0.425,0.469
20100,0.115,0.417,0.468
20200,0.116,0.416,0.468
20300,0.114,0.404,0.482
20400,0.109,0.399,0.492
20500,0.104,0.393,0.503
20600,0.099,0.404,0.497
20700,0.102,0.404,0.494
20800,0.110,0.411,0.479
20900,0.103,0.418,0.479
21000,0.106,0.419,0.475
21100,0.110,0.406,0.484
21200,0.117,0.414,0.469
21300,0.104,0.424,0.472
21400,0.105,0.431,0.464
21500,0.095,0.432,0.473
21600,0.096,0.426,0.478
21700,0.105,0.427,0.468
21800,0.104,0.427,0.469
21900,0.108,0.435,0.457
22000,0.103,0.437,0.460
22100,0.107,0.438,0.455
22200,0.106,0.429,0.465
22300,0.103,0.423,0.474
22400,0.107,0.424,0.469
22500,0.105,0.415,0.480
22600,0.103,0.412,0.485
22700,0.107,0.400,0.493
22800,0.105,0.390,0.505
22900,0.112,0.390,0.498
23000,0.108,0.382,0.510
23100,0.115,0.364,0.521
23200,0.117,0.358,0.525
23300,0.112,0.344,0.544
23400,0.114,0.345,0.541
23500,0.120,0.351,0.529
23600,0.120,0.349,0.531
23700,0.131,0.346,0.523
23800,0.133,0.335,0.532
23900,0.143,0.339,0.518
24000,0.140,0.345,0.515
24100,0.139,0.343,0.518
24200,0.139,0.331,0.530
24300,0.134,0.329,0.537
24400,0.135,0.324,0.541
24500,0.133,0.327,0.540
24600,0.126,0.327,0.547
24700,0.132,0.333,0.535
24800,0.133,0.327,0.540
24900,0.136,0.326,0.538
25000,0.149,0.329,0.522
25100,0.159,0.330,0.511
25200,0.156,0.322,0.522
25300,0.149,0.327,0.524
25400,0.148,0.334,0.518
25500,0.151,0.349,0.500
25600,0.149,0.343,0.508
25700,0.150,0.348,0.502
25800,0.151,0.341,0.508
25900,0.144,0.332,0.524
26000,0.156,0.334,0.510
26100,0.164,0.332,0.504
26200,0.167,0.332,0.501
26300,0.167,0.337,0.496
26400,0.167,0.333,0.500
26500,0.171,0.317,0.512
26600,0.170,0.325,0.505
26700,0.176,0.316,0.508
26800,0.185,0.301,0.514
26900,0.195,0.300,0.505
27000,0.199,0.293,0.508
27100,0.199,0.287,0.514
27200,0.197,0.279,0.524
27300,0.204,0.278,0.518
27400,0.205,0.280,0.515
27500,0.199,0.288,0.513
27600,0.200,0.293,0.507
27700,0.200,0.292,0.508
27800,0.202,0.277,0.521
27900,0.205,0.275,0.520
28000,0.218,0.265,0.517
28100,0.217,0.264,0.519
28200,0.206,0.262,0.532
28300,0.213,0.258,0.529
28400,0.209,0.261,0.530
28500,0.213,0.252,0.535
28600,0.217,0.246,0.537
28700,0.217,0.242,0.541
28800,0.226,0.250,0.524
28900,0.216,0.252,0.532
29000,0.220,0.250,0.530
29100,0.232,0.247,0.521
29200,0.227,0.249,0.524
29300,0.235,0.244,0.521
29400,0.223,0.246,0.531
29500,0.231,0.254,0.515
29600,0.229,0.242,0.529
29700,0.221,0.245,0.534
29800,0.223,0.238,0.539
29900,0.222,0.242,0.536
30000,0.217,0.238,0.545
30100,0.218,0.227,0.555
30200,0.207,0.227,0.566
30300,0.206,0.227,0.567
30400,0.212,0.220,0.568
30500,0.198,0.228,0.574
30600,0.206,0.228,0.566
30700,0.206,0.222,0.572
30800,0.202,0.229,0.569
30900,0.192,0.236,0.572
31000,0.199,0.222,0.579
31100,0.206,0.218,0.576
31200,0.211,0.235,0.554
31300,0.215,0.235,0.550
31400,0.217,0.231,0.552
31500,0.230,0.226,0.544
31600,0.235,0.231,0.534
31700,0.230,0.218,0.552
31800,0.232,0.215,0.553
31900,0.229,0.222,0.549
32000,0.237,0.215,0.548
32100,0.238,0.218,0.544
32200,0.236,0.234,0.530
32300,0.241,0.231,0.528
32400,0.238,0.236,0.526
32500,0.238,0.235,0.527
32600,0.241,0.242,0.517
32700,0.235,0.236,0.529
32800,0.237,0.228,0.535
32900,0.256,0.214,0.530
33000,0.268,0.207,0.525
33100,0.262,0.203,0.535
33200,0.267,0.196,0.537
33300,0.276,0.200,0.524
33400,0.273,0.203,0.524
33500,0.284,0.190,0.526
33600,0.275,0.188,0.537
33700,0.270,0.205,0.525
33800,0.281,0.197,0.522
33900,0.285,0.196,0.519
34000,0.292,0.199,0.509
34100,0.298,0.191,0.511
34200,0.284,0.179,0.537
34300,0.297,0.186,0.517
34400,0.297,0.181,0.522
34500,0.299,0.175,0.526
34600,0.302,0.172,0.526
34700,0.303,0.173,0.524
34800,0.318,0.166,0.516
34900,0.340,0.177,0.483
35000,0.342,0.181,0.477
35100,0.335,0.185,0.480
35200,0.317,0.183,0.500
35300,0.323,0.182,0.495
35400,0.330,0.173,0.497
35500,0.344,0.170,0.486
35600,0.344,0.166,0.490
35700,0.342,0.172,0.486
35800,0.354,0.159,0.487
35900,0.366,0.145,0.489
36000,0.369,0.145,0.486
36100,0.362,0.141,0.497
36200,0.371,0.137,0.492
36300,0.366,0.142,0.492
36400,0.358,0.134,0.508
36500,0.351,0.122,0.527
36600,0.346,0.120,0.534
36700,0.341,0.121,0.538
36800,0.346,0.118,0.536
36900,0.361,0.120,0.519
37000,0.373,0.118,0.509
37100,0.387,0.124,0.489
37200,0.380,0.125,0.495
37300,0.386,0.127,0.487
37400,0.391,0.127,0.482
37500,0.386,0.118,0.496
37600,0.383,0.115,0.502
37700,0.369,0.120,0.511
37800,0.371,0.122,0.507
37900,0.365,0.126,0.509
38000,0.368,0.123,0.509
38100,0.362,0.113,0.525
38200,0.367,0.126,0.507
38300,0.366,0.125,0.509
38400,0.358,0.139,0.503
38500,0.365,0.141,0.494
38600,0.361,0.131,0.508
38700,0.369,0.132,0.499
38800,0.380,0.129,0.491
38900,0.396,0.130,0.474
39000,0.407,0.128,0.465
39100,0.404,0.121,0.475
39200,0.409,0.114,0.477
39300,0.414,0.109,0.477
39400,0.415,0.111,0.474
39500,0.424,0.121,0.455
39600,0.414,0.118,0.468
39700,0.420,0.118,0.462
39800,0.427,0.112,0.461
39900,0.432,0.109,0.459
40000,0.422,0.107,0.471
40100,0.438,0.097,0.465
40200,0.441,0.089,0.470
40300,0.449,0.082,0.469
40400,0.461,0.082,0.457
40500,0.472,0.079,0.449
40600,0.463,0.077,0.460
40700,0.476,0.077,0.447
40800,0.469,0.077,0.454
40900,0.468,0.079,0.453
41000,0.457,0.078,0.465
41100,0.446,0.066,0.488
41200,0.463,0.068,0.469
41300,0.460,0.067,0.473
41400,0.458,0.072,0.470
41500,0.459,0.062,0.479
41600,0.448,0.067,0.485
41700,0.457,0.069,0.474
41800,0.463,0.068,0.469
41900,0.466,0.065,0.469
42000,0.462,0.060,0.478
42100,0.458,0.070,0.472
42200,0.464,0.065,0.471
42300,0.477,0.057,0.466
42400,0.499,0.060,0.441
42500,0.498,0.061,0.441
42600,0.513,0.063,0.424
42700,0.510,0.065,0.425
42800,0.504,0.067,0.429
42900,0.514,0.061,0.425
43000,0.517,0.052,0.431
43100,0.523,0.050,0.427
43200,0.534,0.043,0.423
43300,0.538,0.039,0.423
43400,0.555,0.044,0.401
43500,0.567,0.044,0.389
43600,0.573,0.042,0.385
43700,0.578,0.038,0.384
43800,0.579,0.039,0.382
43900,0.589,0.039,0.372
44000,0.589,0.037,0.374
44100,0.598,0.031,0.371
44200,0.606,0.038,0.356
44300,0.620,0.042,0.338
44400,0.618,0.042,0.340
44500,0.622,0.043,0.335
44600,0.627,0.040,0.333
44700,0.632,0.038,0.330
44800,0.632,0.032,0.336
44900,0.625,0.031,0.344
45000,0.640,0.031,0.329
45100,0.650,0.033,0.317
45200,0.664,0.039,0.297
45300,0.668,0.030,0.302
45400,0.670,0.028,0.302
45500,0.659,0.031,0.310
45600,0.658,0.032,0.310
45700,0.645,0.031,0.324
45800,0.652,0.028,0.320
45900,0.654,0.024,0.322
46000,0.651,0.022,0.327
46100,0.651,0.018,0.331
46200,0.657,0.017,0.326
46300,0.658,0.018,0.324
46400,0.651,0.018,0.331
46500,0.659,0.020,0.321
46600,0.664,0.019,0.317
46700,0.669,0.019,0.312
46800,0.669,0.021,0.310
46900,0.678,0.016,0.306
47000,0.679,0.014,0.307
47100,0.678,0.017,0.305
47200,0.682,0.019,0.299
47300,0.672,0.019,0.309
47400,0.671,0.017,0.312
47500,0.674,0.016,0.310
47600,0.669,0.014,0.317
47700,0.655,0.014,0.331
47800,0.657,0.013,0.330
47900,0.659,0.019,0.322
48000,0.675,0.016,0.309
48100,0.670,0.017,0.313
48200,0.668,0.020,0.312
48300,0.666,0.022,0.312
48400,0.650,0.024,0.326
48500,0.644,0.023,0.333
48600,0.650,0.022,0.328
48700,0.651,0.023,0.326
48800,0.652,0.022,0.326
48900,0.652,0.020,0.328
49000,0.656,0.019,0.325
49100,0.654,0.021,0.325
49200,0.655,0.022,0.323
49300,0.655,0.022,0.323
49400,0.655,0.025,0.320
49500,0.662,0.024,0.314
49600,0.659,0.029,0.312
49700,0.664,0.025,0.311
49800,0.661,0.027,0.312
49900,0.665,0.025,0.310
50000,0.663,0.026,0.311
50100,0.670,0.025,0.305
50200,0.665,0.028,0.307
50300,0.659,0.027,0.314
50400,0.659,0.026,0.315
50500,0.667,0.025,0.308
50600,0.662,0.030,0.308
50700,0.677,0.029,0.294
50800,0.661,0.033,0.306
50900,0.671,0.030,0.299
51000,0.661,0.029,0.310
51100,0.656,0.027,0.317
51200,0.646,0.022,0.332
51300,0.648,0.027,0.325
51400,0.648,0.028,0.324
51500,0.650,0.025,0.325
51600,0.646,0.024,0.330
51700,0.650,0.024,0.326
51800,0.656,0.024,0.320
51900,0.660,0.024,0.316
52000,0.647,0.022,0.331
52100,0.654,0.022,0.324
52200,0.667,0.026,0.307
52300,0.670,0.025,0.305
52400,0.671,0.022,0.307
52500,0.669,0.018,0.313
52600,0.672,0.018,0.310
52700,0.676,0.021,0.303
52800,0.682,0.022,0.296
52900,0.687,0.019,0.294
53000,0.686,0.018,0.296
53100,0.699,0.017,0.284
53200,0.704,0.018,0.278
53300,0.706,0.015,0.279
53400,0.716,0.026,0.258
53500,0.700,0.026,0.274
53600,0.691,0.024,0.285
53700,0.689,0.026,0.285
53800,0.699,0.023,0.278
53900,0.695,0.024,0.281
54000,0.695,0.025,0.280
54100,0.699,0.020,0.281
54200,0.703,0.021,0.276
54300,0.688,0.018,0.294
54400,0.686,0.023,0.291
54500,0.686,0.022,0.292
54600,0.685,0.019,0.296
54700,0.689,0.020,0.291
54800,0.698,0.020,0.282
54900,0.708,0.026,0.266
55000,0.727,0.022,0.251
55100,0.719,0.020,0.261
55200,0.728,0.021,0.251
55300,0.717,0.021,0.262
55400,0.725,0.021,0.254
55500,0.725,0.019,0.256
55600,0.724,0.020,0.256
55700,0.728,0.016,0.256
55800,0.728,0.016,0.256
55900,0.737,0.015,0.248
56000,0.741,0.014,0.245
56100,0.731,0.013,0.256
56200,0.721,0.010,0.269
56300,0.731,0.009,0.260
56400,0.728,0.008,0.264
56500,0.736,0.007,0.257
56600,0.743,0.007,0.250
56700,0.740,0.006,0.254
56800,0.731,0.011,0.258
56900,0.732,0.011,0.257
57000,0.734,0.011,0.255
57100,0.730,0.010,0.260
57200,0.733,0.010,0.257
57300,0.723,0.008,0.269
57400,0.721,0.008,0.271
57500,0.715,0.012,0.273
57600,0.705,0.015,0.280
57700,0.702,0.017,0.281
57800,0.700,0.016,0.284
57900,0.701,0.013,0.286
58000,0.711,0.011,0.278
58100,0.716,0.013,0.271
58200,0.723,0.017,0.260
58300,0.711,0.017,0.272
58400,0.719,0.018,0.263
58500,0.728,0.018,0.254
58600,0.721,0.015,0.264
58700,0.720,0.014,0.266
58800,0.731,0.012,0.257
58900,0.728,0.012,0.260
59000,0.731,0.016,0.253
59100,0.735,0.014,0.251
59200,0.731,0.011,0.258
59300,0.743,0.011,0.246
59400,0.745,0.014,0.241
59500,0.742,0.014,0.244
59600,0.736,0.012,0.252
59700,0.732,0.011,0.257
59800,0.723,0.015,0.262
59900,0.720,0.014,0.266
60000,0.727,0.013,0.260
60100,0.727,0.012,0.261
60200,0.727,0.010,0.263
60300,0.726,0.009,0.265
60400,0.728,0.008,0.264
60500,0.726,0.006,0.268
60600,0.729,0.006,0.265
60700,0.732,0.007,0.261
60800,0.731,0.006,0.263
60900,0.743,0.005,0.252
61000,0.758,0.005,0.237
61100,0.748,0.005,0.247
61200,0.759,0.003,0.238
61300,0.751,0.003,0.246
61400,0.760,0.003,0.237
61500,0.763,0.002,0.235
61600,0.761,0.004,0.235
61700,0.771,0.004,0.225
61800,0.764,0.007,0.229
61900,0.763,0.009,0.228
62000,0.768,0.010,0.222
62100,0.756,0.010,0.234
62200,0.758,0.009,0.233
62300,0.763,0.010,0.227
62400,0.775,0.011,0.214
62500,0.778,0.010,0.212
62600,0.776,0.010,0.214
62700,0.780,0.011,0.209
62800,0.784,0.010,0.206
62900,0.784,0.012,0.204
63000,0.776,0.011,0.213
63100,0.774,0.011,0.215
63200,0.783,0.009,0.208
63300,0.788,0.010,0.202
63400,0.785,0.008,0.207
63500,0.784,0.007,0.209
63600,0.786,0.008,0.206
63700,0.794,0.007,0.199
63800,0.801,0.006,0.193
63900,0.804,0.008,0.188
64000,0.821,0.008,0.171
64100,0.833,0.006,0.161
64200,0.832,0.005,0.163
64300,0.830,0.003,0.167
64400,0.825,0.003,0.172
64500,0.816,0.003,0.181
64600,0.828,0.003,0.169
64700,0.825,0.003,0.172
64800,0.828,0.003,0.169
64900,0.820,0.001,0.179
65000,0.820,0.001,0.179
65100,0.820,0.001,0.179
65200,0.820,0.004,0.176
65300,0.820,0.004,0.176
65400,0.818,0.008,0.174
65500,0.823,0.008,0.169
65600,0.822,0.010,0.168
65700,0.816,0.010,0.174
65800,0.812,0.007,0.181
65900,0.821,0.008,0.171
66000,0.821,0.012,0.167
66100,0.827,0.012,0.161
66200,0.828,0.011,0.161
66300,0.834,0.009,0.157
66400,0.834,0.007,0.159
66500,0.834,0.007,0.159
66600,0.833,0.006,0.161
66700,0.832,0.005,0.163
66800,0.828,0.005,0.167
66900,0.830,0.005,0.165
67000,0.833,0.005,0.162
67100,0.831,0.004,0.165
67200,0.840,0.003,0.157
67300,0.841,0.001,0.158
67400,0.837,0.001,0.162
67500,0.837,0.001,0.162
67600,0.833,0.001,0.166
67700,0.841,0.001,0.158
67800,0.842,0.003,0.155
67900,0.831,0.003,0.166
68000,0.833,0.006,0.161
68100,0.837,0.005,0.158
68200,0.835,0.005,0.160
68300,0.824,0.005,0.171
68400,0.837,0.005,0.158
68500,0.846,0.004,0.150
68600,0.840,0.003,0.157
68700,0.841,0.002,0.157
68800,0.842,0.001,0.157
68900,0.850,0.003,0.147
69000,0.844,0.005,0.151
69100,0.845,0.005,0.150
69200,0.836,0.008,0.156
69300,0.838,0.008,0.154
69400,0.842,0.008,0.150
69500,0.833,0.004,0.163
69600,0.821,0.004,0.175
69700,0.828,0.006,0.166
69800,0.825,0.005,0.170
69900,0.831,0.005,0.164
70000,0.835,0.009,0.156
70100,0.834,0.009,0.157
70200,0.832,0.008,0.160
70300,0.833,0.007,0.160
70400,0.842,0.006,0.152
70500,0.845,0.004,0.151
70600,0.845,0.001,0.154
70700,0.849,0.001,0.150
70800,0.855,0.001,0.144
70900,0.854,0.001,0.145
71000,0.865,0.001,0.134
71100,0.875,0.001,0.124
71200,0.876,0.000,0.124
71300,0.882,0.003,0.115
71400,0.886,0.002,0.112
71500,0.886,0.002,0.112
71600,0.887,0.002,0.111
71700,0.884,0.001,0.115
71800,0.880,0.000,0.120
71900,0.884,0.000,0.116
72000,0.876,0.002,0.122
72100,0.882,0.002,0.116
72200,0.876,0.002,0.122
72300,0.876,0.002,0.122
72400,0.867,0.002,0.131
72500,0.869,0.002,0.129
72600,0.877,0.002,0.121
72700,0.881,0.002,0.117
72800,0.882,0.004,0.114
72900,0.878,0.004,0.118
73000,0.871,0.003,0.126
73100,0.862,0.003,0.135
73200,0.862,0.003,0.135
73300,0.858,0.002,0.140
73400,0.854,0.001,0.145
73500,0.855,0.001,0.144
73600,0.861,0.003,0.136
73700,0.864,0.003,0.133
73800,0.867,0.002,0.131
73900,0.877,0.000,0.123
74000,0.871,0.000,0.129
74100,0.876,0.002,0.122
74200,0.875,0.001,0.124
74300,0.875,0.001,0.124
74400,0.877,0.000,0.123
74500,0.878,0.000,0.122
74600,0.876,0.000,0.124
74700,0.881,0.000,0.119
74800,0.880,0.002,0.118
74900,0.877,0.002,0.121
75000,0.874,0.002,0.124
75100,0.872,0.002,0.126
75200,0.874,0.002,0.124
75300,0.873,0.002,0.125
75400,0.874,0.002,0.124
75500,0.876,0.002,0.122
75600,0.882,0.001,0.117
75700,0.877,0.001,0.122
75800,0.877,0.001,0.122
75900,0.878,0.001,0.121
76000,0.872,0.001,0.127
76100,0.867,0.001,0.132
76200,0.866,0.001,0.133
76300,0.864,0.001,0.135
76400,0.853,0.001,0.146
76500,0.845,0.001,0.154
76600,0.846,0.001,0.153
76700,0.856,0.001,0.143
76800,0.861,0.001,0.138
76900,0.866,0.001,0.133
77000,0.867,0.001,0.132
77100,0.873,0.000,0.127
77200,0.890,0.000,0.110
77300,0.896,0.000,0.104
77400,0.895,0.000,0.105
77500,0.888,0.000,0.112
77600,0.894,0.000,0.106
77700,0.896,0.000,0.104
77800,0.889,0.000,0.111
77900,0.888,0.000,0.112
78000,0.889,0.000,0.111
78100,0.893,0.000,0.107
78200,0.889,0.000,0.111
78300,0.895,0.000,0.105
78400,0.900,0.000,0.100
78500,0.902,0.000,0.098
78600,0.905,0.000,0.095
78700,0.904,0.000,0.096
78800,0.906,0.000,0.094
78900,0.910,0.000,0.090
79000,0.911,0.000,0.089
79100,0.911,0.000,0.089
79200,0.911,0.000,0.089
79300,0.915,0.000,0.085
79400,0.916,0.000,0.084
79500,0.926,0.000,0.074
79600,0.921,0.000,0.079
79700,0.921,0.000,0.079
79800,0.923,0.000,0.077
79900,0.915,0.000,0.085
80000,0.924,0.000,0.076
80100,0.918,0.000,0.082
80200,0.922,0.000,0.078
80300,0.915,0.000,0.085
80400,0.922,0.002,0.076
80500,0.923,0.002,0.075
80600,0.918,0.002,0.080
80700,0.920,0.001,0.079
80800,0.925,0.001,0.074
80900,0.927,0.001,0.072
81000,0.929,0.001,0.070
81100,0.930,0.001,0.069
81200,0.930,0.003,0.067
81300,0.936,0.005,0.059
81400,0.940,0.004,0.056
81500,0.939,0.004,0.057
81600,0.931,0.004,0.065
81700,0.933,0.004,0.063
81800,0.937,0.004,0.059
81900,0.936,0.004,0.060
82000,0.933,0.004,0.063
82100,0.933,0.003,0.064
82200,0.941,0.003,0.056
82300,0.937,0.003,0.060
82400,0.944,0.002,0.054
82500,0.940,0.001,0.059
82600,0.941,0.001,0.058
82700,0.940,0.001,0.059
82800,0.940,0.001,0.059
82900,0.938,0.000,0.062
83000,0.930,0.000,0.070
83100,0.931,0.000,0.069
83200,0.935,0.000,0.065
83300,0.942,0.000,0.058
83400,0.942,0.000,0.058
83500,0.943,0.000,0.057
83600,0.939,0.000,0.061
83700,0.944,0.000,0.056
83800,0.944,0.000,0.056
83900,0.941,0.000,0.059
84000,0.939,0.000,0.061
84100,0.941,0.000,0.059
84200,0.941,0.000,0.059
84300,0.936,0.000,0.064
84400,0.935,0.002,0.063
84500,0.935,0.001,0.064
84600,0.937,0.000,0.063
84700,0.936,0.000,0.064
84800,0.937,0.000,0.063
84900,0.939,0.000,0.061
85000,0.941,0.000,0.059
85100,0.937,0.000,0.063
85200,0.934,0.000,0.066
85300,0.939,0.000,0.061
85400,0.944,0.000,0.056
85500,0.941,0.000,0.059
85600,0.947,0.000,0.053
85700,0.951,0.000,0.049
85800,0.942,0.000,0.058
85900,0.937,0.000,0.063
86000,0.934,0.000,0.066
86100,0.936,0.000,0.064
86200,0.934,0.000,0.066
86300,0.939,0.000,0.061
86400,0.945,0.000,0.055
86500,0.950,0.000,0.050
86600,0.947,0.000,0.053
86700,0.946,0.000,0.054
86800,0.948,0.000,0.052
86900,0.948,0.000,0.052
87000,0.947,0.000,0.053
87100,0.942,0.000,0.058
87200,0.947,0.000,0.053
87300,0.945,0.000,0.055
87400,0.943,0.000,0.057
87500,0.946,0.000,0.054
87600,0.950,0.000,0.050
87700,0.951,0.000,0.049
87800,0.951,0.000,0.049
87900,0.950,0.000,0.050
88000,0.953,0.000,0.047
88100,0.949,0.000,0.051
88200,0.949,0.000,0.051
88300,0.949,0.000,0.051
88400,0.948,0.000,0.052
88500,0.950,0.000,0.050
88600,0.952,0.000,0.048
88700,0.953,0.000,0.047
88800,0.960,0.000,0.040
88900,0.955,0.000,0.045
89000,0.956,0.000,0.044
89100,0.951,0.000,0.049
89200,0.948,0.000,0.052
89300,0.950,0.000,0.050
89400,0.949,0.000,0.051
89500,0.952,0.000,0.048
89600,0.954,0.000,0.046
89700,0.957,0.000,0.043
89800,0.957,0.000,0.043
89900,0.957,0.000,0.043
90000,0.956,0.000,0.044
90100,0.957,0.000,0.043
90200,0.954,0.000,0.046
90300,0.949,0.000,0.051
90400,0.952,0.000,0.048
90500,0.952,0.000,0.048
90600,0.953,0.000,0.047
90700,0.950,0.000,0.050
90800,0.949,0.000,0.051
90900,0.941,0.000,0.059
91000,0.940,0.000,0.060
91100,0.935,0.000,0.065
91200,0.937,0.000,0.063
91300,0.933,0.000,0.067
91400,0.932,0.000,0.068
91500,0.933,0.000,0.067
91600,0.931,0.000,0.069
91700,0.930,0.000,0.070
91800,0.931,0.000,0.069
91900,0.930,0.000,0.070
92000,0.931,0.000,0.069
92100,0.931,0.000,0.069
92200,0.936,0.000,0.064
92300,0.930,0.000,0.070
92400,0.921,0.000,0.079
92500,0.925,0.000,0.075
92600,0.928,0.000,0.072
92700,0.934,0.000,0.066
92800,0.930,0.000,0.070
92900,0.930,0.000,0.070
93000,0.935,0.000,0.065
93100,0.934,0.000,0.066
93200,0.936,0.000,0.064
93300,0.938,0.000,0.062
93400,0.939,0.000,0.061
93500,0.939,0.000,0.061
93600,0.940,0.000,0.060
93700,0.941,0.000,0.059
93800,0.944,0.000,0.056
93900,0.944,0.000,0.056
94000,0.946,0.000,0.054
94100,0.944,0.000,0.056
94200,0.931,0.000,0.069
94300,0.936,0.000,0.064
94400,0.933,0.000,0.067
94500,0.931,0.000,0.069
94600,0.931,0.000,0.069
94700,0.928,0.002,0.070
94800,0.931,0.002,0.067
94900,0.928,0.002,0.070
95000,0.928,0.001,0.071
95100,0.918,0.000,0.082
95200,0.918,0.000,0.082
95300,0.925,0.000,0.075
95400,0.921,0.000,0.079
95500,0.916,0.000,0.084
95600,0.919,0.000,0.081
95700,0.924,0.000,0.076
95800,0.926,0.000,0.074
95900,0.923,0.000,0.077
96000,0.923,0.000,0.077
96100,0.925,0.000,0.075
96200,0.922,0.000,0.078
96300,0.924,0.000,0.076
96400,0.932,0.000,0.068
96500,0.929,0.000,0.071
96600,0.929,0.000,0.071
96700,0.929,0.000,0.071
96800,0.928,0.000,0.072
96900,0.920,0.000,0.080
97000,0.917,0.000,0.083
97100,0.912,0.002,0.086
97200,0.908,0.002,0.090
97300,0.912,0.000,0.088
97400,0.916,0.000,0.084
97500,0.919,0.000,0.081
97600,0.918,0.002,0.080
97700,0.913,0.002,0.085
97800,0.915,0.002,0.083
97900,0.910,0.002,0.088
98000,0.915,0.002,0.083
98100,0.910,0.002,0.088
98200,0.913,0.002,0.085
98300,0.916,0.002,0.082
98400,0.921,0.002,0.077
98500,0.917,0.002,0.081
98600,0.910,0.002,0.088
98700,0.905,0.004,0.091
98800,0.908,0.004,0.088
98900,0.907,0.004,0.089
99000,0.904,0.002,0.094
99100,0.903,0.002,0.095
99200,0.903,0.002,0.095
99300,0.898,0.002,0.100
99400,0.891,0.002,0.107
99500,0.889,0.002,0.109
99600,0.888,0.002,0.110
99700,0.887,0.002,0.111
99800,0.890,0.001,0.109
99900,0.886,0.000,0.114
100000,0.880,0.000,0.120
