time,n_A+p,n_B,n_AB
500,0.030,0.906,0.064
1000,0.030,0.778,0.192
1500,0.030,0.691,0.279
2000,0.030,0.604,0.366
2500,0.030,0.518,0.452
3000,0.030,0.490,0.479
3500,0.030,0.457,0.513
4000,0.030,0.466,0.504
4500,0.030,0.377,0.593
5000,0.036,0.384,0.581
5500,0.035,0.396,0.569
6000,0.038,0.389,0.573
6500,0.035,0.424,0.540
7000,0.030,0.439,0.531
7500,0.033,0.447,0.520
8000,0.031,0.484,0.485
8500,0.032,0.489,0.479
9000,0.031,0.497,0.471
9500,0.030,0.555,0.414
10000,0.030,0.518,0.452
10500,0.030,0.454,0.516
11000,0.032,0.428,0.540
11500,0.035,0.405,0.560
12000,0.030,0.422,0.548
12500,0.030,0.466,0.504
13000,0.030,0.495,0.474
13500,0.030,0.432,0.537
14000,0.030,0.442,0.528
14500,0.034,0.421,0.546
15000,0.032,0.447,0.522
15500,0.031,0.505,0.464
16000,0.030,0.478,0.492
16500,0.030,0.480,0.489
17000,0.030,0.471,0.498
17500,0.032,0.484,0.483
18000,0.030,0.511,0.459
18500,0.030,0.437,0.533
19000,0.034,0.406,0.560
19500,0.032,0.429,0.539
20000,0.030,0.454,0.516
20500,0.030,0.541,0.428
21000,0.030,0.508,0.462
21500,0.030,0.452,0.518
22000,0.032,0.439,0.529
22500,0.031,0.440,0.529
23000,0.033,0.443,0.525
23500,0.030,0.432,0.538
24000,0.030,0.463,0.507
24500,0.030,0.465,0.505
25000,0.030,0.469,0.501
25500,0.030,0.435,0.535
26000,0.032,0.407,0.561
26500,0.033,0.417,0.550
27000,0.030,0.432,0.537
27500,0.030,0.443,0.527
28000,0.030,0.455,0.515
28500,0.030,0.463,0.507
29000,0.030,0.505,0.465
29500,0.030,0.462,0.508
30000,0.030,0.424,0.546
30500,0.030,0.406,0.564
31000,0.030,0.408,0.561
31500,0.030,0.429,0.541
32000,0.030,0.414,0.556
32500,0.030,0.469,0.501
33000,0.030,0.449,0.521
33500,0.030,0.437,0.533
34000,0.030,0.419,0.551
34500,0.033,0.404,0.563
35000,0.033,0.395,0.572
35500,0.030,0.436,0.534
36000,0.030,0.406,0.564
36500,0.030,0.443,0.527
37000,0.033,0.475,0.492
37500,0.033,0.477,0.491
38000,0.030,0.447,0.523
38500,0.030,0.439,0.531
39000,0.030,0.459,0.511
39500,0.030,0.439,0.531
40000,0.030,0.504,0.466
40500,0.030,0.500,0.470
41000,0.030,0.456,0.514
41500,0.030,0.434,0.535
42000,0.030,0.412,0.558
42500,0.030,0.412,0.557
43000,0.034,0.413,0.553
43500,0.031,0.431,0.538
44000,0.030,0.488,0.482
44500,0.030,0.500,0.470
45000,0.030,0.413,0.556
45500,0.039,0.376,0.585
46000,0.030,0.412,0.558
46500,0.033,0.366,0.601
47000,0.030,0.386,0.585
47500,0.036,0.362,0.601
48000,0.032,0.418,0.550
48500,0.030,0.394,0.576
49000,0.034,0.369,0.597
49500,0.035,0.361,0.605
50000,0.032,0.414,0.554
50500,0.030,0.361,0.609
51000,0.035,0.345,0.619
51500,0.031,0.416,0.553
52000,0.030,0.430,0.540
52500,0.030,0.400,0.570
53000,0.034,0.405,0.561
53500,0.033,0.374,0.593
54000,0.030,0.456,0.514
54500,0.030,0.479,0.490
55000,0.030,0.451,0.519
55500,0.030,0.420,0.549
56000,0.030,0.432,0.537
56500,0.032,0.435,0.533
57000,0.034,0.381,0.585
57500,0.032,0.407,0.561
58000,0.030,0.462,0.508
58500,0.034,0.430,0.536
59000,0.030,0.379,0.591
59500,0.035,0.364,0.601
60000,0.032,0.382,0.587
60500,0.030,0.425,0.544
61000,0.040,0.399,0.561
61500,0.033,0.434,0.533
62000,0.031,0.430,0.538
62500,0.032,0.402,0.566
63000,0.030,0.434,0.535
63500,0.030,0.451,0.519
64000,0.030,0.461,0.509
64500,0.032,0.457,0.512
65000,0.030,0.463,0.507
65500,0.032,0.537,0.430
66000,0.030,0.459,0.511
66500,0.030,0.411,0.558
67000,0.032,0.415,0.554
67500,0.030,0.445,0.525
68000,0.030,0.501,0.469
68500,0.030,0.496,0.474
69000,0.030,0.501,0.469
69500,0.030,0.504,0.466
70000,0.035,0.486,0.479
70500,0.030,0.464,0.506
71000,0.030,0.457,0.513
71500,0.030,0.435,0.535
72000,0.033,0.411,0.556
72500,0.034,0.356,0.610
73000,0.034,0.385,0.582
73500,0.030,0.411,0.558
74000,0.030,0.464,0.506
74500,0.030,0.419,0.550
75000,0.030,0.426,0.544
75500,0.030,0.429,0.541
76000,0.030,0.513,0.457
76500,0.030,0.492,0.478
77000,0.030,0.482,0.488
77500,0.035,0.455,0.510
78000,0.035,0.441,0.524
78500,0.032,0.453,0.516
79000,0.030,0.462,0.508
79500,0.032,0.486,0.481
80000,0.030,0.431,0.538
80500,0.030,0.421,0.548
81000,0.030,0.445,0.525
81500,0.031,0.407,0.561
82000,0.032,0.441,0.527
82500,0.030,0.453,0.517
83000,0.030,0.476,0.493
83500,0.030,0.497,0.472
84000,0.032,0.475,0.492
84500,0.030,0.459,0.510
85000,0.030,0.444,0.526
85500,0.030,0.409,0.561
86000,0.030,0.469,0.501
86500,0.030,0.474,0.496
87000,0.030,0.461,0.509
87500,0.030,0.433,0.536
88000,0.034,0.417,0.550
88500,0.034,0.426,0.539
89000,0.033,0.470,0.498
89500,0.030,0.455,0.514
90000,0.030,0.464,0.506
90500,0.030,0.470,0.500
91000,0.030,0.445,0.525
91500,0.030,0.428,0.542
92000,0.033,0.472,0.495
92500,0.033,0.487,0.480
93000,0.032,0.416,0.552
93500,0.030,0.459,0.511
94000,0.030,0.483,0.486
94500,0.030,0.482,0.487
95000,0.030,0.493,0.477
95500,0.030,0.371,0.599
96000,0.030,0.420,0.549
96500,0.032,0.401,0.567
97000,0.034,0.421,0.546
97500,0.030,0.428,0.542
98000,0.030,0.405,0.565
98500,0.030,0.409,0.561
99000,0.030,0.424,0.546
99500,0.030,0.438,0.532
100000,0.030,0.458,0.512
100500,0.034,0.413,0.552
101000,0.035,0.414,0.551
101500,0.032,0.386,0.583
102000,0.034,0.419,0.546
102500,0.032,0.449,0.520
103000,0.030,0.417,0.553
103500,0.033,0.438,0.530
104000,0.030,0.456,0.514
104500,0.030,0.492,0.478
105000,0.030,0.475,0.495
105500,0.030,0.441,0.529
106000,0.030,0.439,0.531
106500,0.030,0.457,0.513
107000,0.031,0.444,0.525
107500,0.030,0.385,0.585
108000,0.035,0.376,0.590
108500,0.035,0.377,0.589
109000,0.033,0.374,0.593
109500,0.030,0.385,0.585
110000,0.035,0.385,0.581
110500,0.030,0.416,0.554
111000,0.032,0.446,0.523
111500,0.030,0.425,0.544
112000,0.030,0.502,0.467
112500,0.030,0.491,0.479
113000,0.030,0.392,0.579
113500,0.032,0.387,0.581
114000,0.030,0.405,0.565
114500,0.037,0.456,0.506
115000,0.035,0.448,0.518
115500,0.030,0.474,0.495
116000,0.030,0.465,0.505
116500,0.030,0.482,0.487
117000,0.030,0.447,0.523
117500,0.034,0.448,0.519
118000,0.035,0.461,0.504
118500,0.030,0.479,0.490
119000,0.030,0.472,0.498
119500,0.030,0.472,0.498
120000,0.030,0.447,0.523
120500,0.030,0.433,0.536
121000,0.030,0.485,0.485
121500,0.030,0.452,0.518
122000,0.034,0.408,0.558
122500,0.034,0.411,0.555
123000,0.031,0.416,0.552
123500,0.030,0.422,0.547
124000,0.031,0.450,0.519
124500,0.030,0.496,0.474
125000,0.030,0.477,0.493
125500,0.033,0.500,0.467
126000,0.030,0.454,0.516
126500,0.034,0.443,0.524
127000,0.030,0.415,0.554
127500,0.032,0.490,0.479
128000,0.031,0.423,0.546
128500,0.030,0.464,0.506
129000,0.030,0.492,0.478
129500,0.030,0.493,0.476
130000,0.030,0.520,0.450
130500,0.030,0.498,0.471
131000,0.030,0.537,0.433
131500,0.030,0.436,0.534
132000,0.035,0.400,0.566
132500,0.037,0.369,0.594
133000,0.035,0.396,0.569
133500,0.033,0.455,0.513
134000,0.030,0.423,0.546
134500,0.030,0.374,0.595
135000,0.030,0.377,0.593
135500,0.031,0.432,0.536
136000,0.030,0.395,0.575
136500,0.030,0.375,0.595
137000,0.030,0.388,0.582
137500,0.030,0.418,0.551
138000,0.032,0.443,0.525
138500,0.033,0.465,0.503
139000,0.030,0.491,0.479
139500,0.030,0.465,0.505
140000,0.030,0.477,0.493
140500,0.030,0.470,0.500
141000,0.030,0.453,0.517
141500,0.030,0.490,0.480
142000,0.030,0.438,0.532
142500,0.037,0.458,0.504
143000,0.034,0.461,0.505
143500,0.030,0.454,0.516
144000,0.030,0.425,0.545
144500,0.030,0.418,0.552
145000,0.030,0.453,0.517
145500,0.031,0.456,0.513
146000,0.034,0.466,0.500
146500,0.030,0.442,0.528
147000,0.030,0.512,0.458
147500,0.030,0.492,0.477
148000,0.030,0.494,0.475
148500,0.030,0.522,0.448
149000,0.031,0.475,0.494
149500,0.030,0.482,0.487
150000,0.030,0.437,0.533
150500,0.032,0.441,0.528
151000,0.030,0.437,0.533
151500,0.030,0.408,0.562
152000,0.035,0.412,0.553
152500,0.032,0.410,0.558
153000,0.030,0.454,0.516
153500,0.030,0.440,0.530
154000,0.030,0.403,0.567
154500,0.030,0.428,0.541
155000,0.030,0.449,0.521
155500,0.033,0.472,0.495
156000,0.030,0.488,0.482
156500,0.030,0.466,0.504
157000,0.034,0.457,0.510
157500,0.030,0.476,0.493
158000,0.030,0.485,0.484
158500,0.030,0.514,0.456
159000,0.030,0.495,0.475
159500,0.030,0.476,0.494
160000,0.035,0.413,0.551
160500,0.031,0.405,0.564
161000,0.038,0.379,0.583
161500,0.033,0.396,0.572
162000,0.037,0.387,0.576
162500,0.035,0.381,0.584
163000,0.035,0.358,0.606
163500,0.031,0.436,0.533
164000,0.030,0.400,0.571
164500,0.030,0.379,0.591
165000,0.035,0.407,0.558
165500,0.030,0.396,0.574
166000,0.037,0.392,0.571
166500,0.035,0.416,0.548
167000,0.035,0.470,0.495
167500,0.030,0.428,0.541
168000,0.030,0.453,0.517
168500,0.030,0.471,0.498
169000,0.030,0.422,0.548
169500,0.032,0.450,0.518
170000,0.034,0.500,0.467
170500,0.032,0.555,0.413
171000,0.030,0.501,0.469
171500,0.030,0.483,0.486
172000,0.032,0.469,0.500
172500,0.030,0.465,0.505
173000,0.030,0.468,0.502
173500,0.030,0.469,0.501
174000,0.030,0.495,0.475
174500,0.030,0.521,0.449
175000,0.030,0.516,0.454
175500,0.030,0.521,0.449
176000,0.030,0.488,0.481
176500,0.030,0.481,0.488
177000,0.030,0.457,0.513
177500,0.030,0.454,0.516
178000,0.030,0.444,0.526
178500,0.033,0.427,0.540
179000,0.030,0.446,0.524
179500,0.035,0.409,0.556
180000,0.034,0.456,0.510
180500,0.034,0.433,0.534
181000,0.030,0.428,0.542
181500,0.030,0.392,0.578
182000,0.032,0.433,0.535
182500,0.031,0.428,0.540
183000,0.030,0.473,0.497
183500,0.036,0.398,0.566
184000,0.034,0.407,0.558
184500,0.030,0.436,0.534
185000,0.030,0.446,0.524
185500,0.030,0.491,0.478
186000,0.032,0.504,0.464
186500,0.031,0.445,0.524
187000,0.036,0.412,0.552
187500,0.032,0.413,0.555
188000,0.036,0.419,0.544
188500,0.032,0.454,0.515
189000,0.033,0.430,0.537
189500,0.032,0.415,0.553
190000,0.030,0.424,0.545
190500,0.033,0.438,0.530
191000,0.030,0.463,0.507
191500,0.030,0.423,0.546
192000,0.030,0.469,0.501
192500,0.030,0.485,0.485
193000,0.030,0.508,0.462
193500,0.030,0.493,0.477
194000,0.030,0.505,0.465
194500,0.030,0.478,0.492
195000,0.030,0.469,0.500
195500,0.030,0.521,0.449
196000,0.030,0.483,0.486
196500,0.030,0.492,0.478
197000,0.030,0.454,0.516
197500,0.030,0.444,0.526
198000,0.030,0.490,0.480
198500,0.030,0.476,0.494
199000,0.030,0.451,0.519
199500,0.030,0.547,0.422
200000,0.030,0.570,0.400
200500,0.033,0.515,0.453
201000,0.030,0.492,0.477
201500,0.030,0.502,0.468
202000,0.030,0.516,0.454
202500,0.030,0.443,0.527
203000,0.030,0.449,0.521
203500,0.030,0.475,0.494
204000,0.030,0.428,0.541
204500,0.030,0.446,0.524
205000,0.030,0.469,0.500
205500,0.030,0.431,0.538
206000,0.030,0.458,0.512
206500,0.030,0.482,0.488
207000,0.030,0.422,0.547
207500,0.032,0.395,0.574
208000,0.037,0.413,0.549
208500,0.033,0.419,0.548
209000,0.030,0.425,0.544
209500,0.031,0.489,0.479
210000,0.030,0.486,0.483
210500,0.030,0.532,0.438
211000,0.030,0.461,0.509
211500,0.030,0.499,0.471
212000,0.032,0.475,0.493
212500,0.030,0.473,0.497
213000,0.030,0.404,0.567
213500,0.030,0.429,0.541
214000,0.030,0.499,0.470
214500,0.030,0.430,0.539
215000,0.034,0.452,0.514
215500,0.035,0.394,0.571
216000,0.036,0.421,0.542
216500,0.033,0.375,0.593
217000,0.030,0.395,0.575
217500,0.030,0.409,0.560
218000,0.030,0.414,0.555
218500,0.030,0.401,0.569
219000,0.030,0.435,0.535
219500,0.033,0.441,0.527
220000,0.031,0.418,0.551
220500,0.030,0.382,0.588
221000,0.030,0.413,0.556
221500,0.034,0.425,0.541
222000,0.038,0.400,0.562
222500,0.033,0.385,0.583
223000,0.030,0.406,0.563
223500,0.030,0.467,0.503
224000,0.030,0.447,0.523
224500,0.030,0.441,0.529
225000,0.030,0.420,0.550
225500,0.032,0.427,0.541
226000,0.030,0.401,0.569
226500,0.030,0.480,0.489
227000,0.030,0.439,0.531
227500,0.030,0.469,0.501
228000,0.030,0.439,0.531
228500,0.032,0.439,0.530
229000,0.030,0.425,0.544
229500,0.030,0.426,0.543
230000,0.035,0.420,0.545
230500,0.032,0.448,0.520
231000,0.030,0.435,0.535
231500,0.030,0.433,0.537
232000,0.030,0.473,0.497
232500,0.030,0.503,0.467
233000,0.033,0.492,0.475
233500,0.031,0.409,0.560
234000,0.034,0.367,0.599
234500,0.037,0.332,0.631
235000,0.035,0.384,0.581
235500,0.031,0.447,0.522
236000,0.033,0.402,0.565
236500,0.034,0.421,0.546
237000,0.035,0.418,0.546
237500,0.032,0.409,0.560
238000,0.032,0.407,0.561
238500,0.030,0.450,0.520
239000,0.030,0.458,0.512
239500,0.030,0.480,0.489
240000,0.030,0.479,0.491
240500,0.030,0.483,0.487
241000,0.030,0.465,0.505
241500,0.030,0.443,0.527
242000,0.030,0.436,0.533
242500,0.030,0.450,0.520
243000,0.030,0.436,0.534
243500,0.030,0.433,0.537
244000,0.030,0.409,0.560
244500,0.030,0.464,0.506
245000,0.030,0.437,0.533
245500,0.030,0.422,0.547
246000,0.030,0.393,0.577
246500,0.030,0.393,0.577
247000,0.030,0.411,0.559
247500,0.030,0.431,0.538
248000,0.030,0.396,0.574
248500,0.030,0.464,0.506
249000,0.033,0.471,0.496
249500,0.033,0.480,0.486
250000,0.032,0.430,0.538
250500,0.030,0.448,0.522
251000,0.032,0.487,0.482
251500,0.030,0.485,0.484
252000,0.030,0.527,0.442
252500,0.030,0.489,0.481
253000,0.030,0.462,0.508
253500,0.030,0.417,0.553
254000,0.030,0.404,0.566
254500,0.030,0.404,0.567
255000,0.030,0.440,0.530
255500,0.038,0.439,0.522
256000,0.033,0.435,0.532
256500,0.031,0.455,0.514
257000,0.030,0.449,0.521
257500,0.030,0.497,0.472
258000,0.032,0.527,0.441
258500,0.032,0.504,0.464
259000,0.030,0.481,0.488
259500,0.030,0.466,0.504
260000,0.030,0.483,0.487
260500,0.030,0.511,0.459
261000,0.030,0.483,0.486
261500,0.030,0.469,0.501
262000,0.030,0.502,0.468
262500,0.030,0.464,0.506
263000,0.032,0.421,0.546
263500,0.030,0.438,0.532
264000,0.032,0.472,0.497
264500,0.030,0.474,0.495
265000,0.030,0.459,0.511
265500,0.030,0.445,0.525
266000,0.030,0.490,0.479
266500,0.030,0.447,0.523
267000,0.030,0.404,0.566
267500,0.030,0.482,0.488
268000,0.034,0.431,0.536
268500,0.030,0.447,0.523
269000,0.034,0.419,0.547
269500,0.030,0.412,0.558
270000,0.030,0.459,0.511
270500,0.030,0.498,0.472
271000,0.030,0.461,0.509
271500,0.034,0.461,0.505
272000,0.034,0.436,0.530
272500,0.030,0.446,0.524
273000,0.031,0.437,0.532
273500,0.030,0.388,0.582
274000,0.030,0.378,0.592
274500,0.030,0.402,0.569
275000,0.031,0.453,0.516
275500,0.030,0.486,0.483
276000,0.030,0.511,0.459
276500,0.032,0.438,0.530
277000,0.030,0.408,0.561
277500,0.030,0.438,0.532
278000,0.030,0.434,0.535
278500,0.030,0.483,0.487
279000,0.030,0.469,0.501
279500,0.030,0.455,0.515
280000,0.030,0.433,0.537
280500,0.030,0.457,0.513
281000,0.033,0.408,0.560
281500,0.031,0.376,0.593
282000,0.030,0.395,0.575
282500,0.037,0.422,0.540
283000,0.032,0.448,0.520
283500,0.030,0.469,0.500
284000,0.030,0.444,0.526
284500,0.032,0.432,0.536
285000,0.030,0.432,0.538
285500,0.030,0.436,0.534
286000,0.030,0.439,0.531
286500,0.033,0.463,0.504
287000,0.032,0.415,0.553
287500,0.032,0.450,0.519
288000,0.030,0.529,0.440
288500,0.030,0.469,0.501
289000,0.030,0.457,0.513
289500,0.030,0.452,0.518
290000,0.030,0.487,0.483
290500,0.030,0.441,0.529
291000,0.030,0.472,0.498
291500,0.033,0.465,0.502
292000,0.032,0.445,0.523
292500,0.030,0.520,0.450
293000,0.030,0.506,0.464
293500,0.030,0.493,0.476
294000,0.030,0.441,0.529
294500,0.030,0.454,0.516
295000,0.031,0.479,0.489
295500,0.031,0.474,0.494
296000,0.030,0.434,0.536
296500,0.030,0.462,0.508
297000,0.030,0.524,0.446
297500,0.030,0.461,0.509
298000,0.030,0.433,0.537
298500,0.030,0.423,0.546
299000,0.030,0.439,0.531
299500,0.030,0.420,0.550
300000,0.033,0.441,0.526
300500,0.030,0.474,0.495
301000,0.030,0.442,0.528
301500,0.030,0.480,0.489
302000,0.030,0.469,0.501
302500,0.030,0.458,0.512
303000,0.030,0.446,0.524
303500,0.032,0.418,0.549
304000,0.031,0.443,0.526
304500,0.030,0.390,0.581
305000,0.032,0.389,0.580
305500,0.034,0.436,0.530
306000,0.031,0.452,0.517
306500,0.030,0.470,0.499
307000,0.030,0.501,0.469
307500,0.030,0.478,0.491
308000,0.030,0.538,0.431
308500,0.030,0.461,0.509
309000,0.030,0.469,0.501
309500,0.030,0.452,0.518
310000,0.030,0.476,0.494
310500,0.034,0.462,0.504
311000,0.030,0.425,0.544
311500,0.030,0.464,0.506
312000,0.033,0.452,0.515
312500,0.030,0.506,0.464
313000,0.030,0.501,0.469
313500,0.030,0.462,0.508
314000,0.030,0.423,0.546
314500,0.035,0.409,0.556
315000,0.030,0.414,0.555
315500,0.038,0.435,0.526
316000,0.035,0.430,0.534
316500,0.031,0.348,0.621
317000,0.030,0.353,0.617
317500,0.030,0.431,0.538
318000,0.033,0.401,0.567
318500,0.035,0.386,0.580
319000,0.036,0.440,0.524
319500,0.032,0.404,0.564
320000,0.030,0.423,0.546
320500,0.034,0.437,0.530
321000,0.031,0.393,0.576
321500,0.032,0.401,0.567
322000,0.030,0.400,0.570
322500,0.030,0.423,0.546
323000,0.030,0.457,0.513
323500,0.030,0.483,0.486
324000,0.030,0.450,0.520
324500,0.030,0.360,0.609
325000,0.030,0.473,0.496
325500,0.030,0.468,0.502
326000,0.030,0.493,0.477
326500,0.035,0.473,0.492
327000,0.033,0.476,0.491
327500,0.030,0.467,0.503
328000,0.030,0.483,0.487
328500,0.030,0.492,0.478
329000,0.030,0.465,0.505
329500,0.031,0.482,0.487
330000,0.030,0.522,0.448
330500,0.030,0.486,0.483
331000,0.030,0.561,0.409
331500,0.030,0.499,0.470
332000,0.030,0.562,0.408
332500,0.030,0.527,0.443
333000,0.030,0.471,0.498
333500,0.030,0.503,0.467
334000,0.031,0.482,0.487
334500,0.030,0.407,0.563
335000,0.031,0.445,0.524
335500,0.030,0.479,0.491
336000,0.030,0.472,0.498
336500,0.030,0.462,0.508
337000,0.030,0.474,0.496
337500,0.033,0.427,0.539
338000,0.031,0.430,0.539
338500,0.030,0.406,0.563
339000,0.030,0.410,0.560
339500,0.030,0.447,0.523
340000,0.030,0.452,0.518
340500,0.030,0.425,0.544
341000,0.032,0.373,0.595
341500,0.030,0.414,0.556
342000,0.030,0.453,0.517
342500,0.030,0.422,0.547
343000,0.030,0.430,0.540
343500,0.030,0.432,0.537
344000,0.030,0.464,0.506
344500,0.030,0.461,0.509
345000,0.030,0.447,0.523
345500,0.030,0.445,0.525
346000,0.032,0.486,0.483
346500,0.032,0.506,0.463
347000,0.030,0.481,0.488
347500,0.032,0.470,0.497
348000,0.035,0.464,0.501
348500,0.035,0.427,0.538
349000,0.034,0.407,0.558
349500,0.030,0.421,0.548
350000,0.030,0.380,0.590
350500,0.035,0.391,0.575
351000,0.030,0.384,0.587
351500,0.034,0.432,0.533
352000,0.030,0.459,0.511
352500,0.030,0.443,0.527
353000,0.030,0.466,0.504
353500,0.035,0.414,0.551
354000,0.030,0.433,0.536
354500,0.030,0.507,0.463
355000,0.030,0.449,0.521
355500,0.030,0.458,0.512
356000,0.030,0.423,0.547
356500,0.030,0.393,0.577
357000,0.030,0.445,0.525
357500,0.030,0.469,0.500
358000,0.034,0.467,0.499
358500,0.033,0.408,0.560
359000,0.030,0.406,0.564
359500,0.031,0.410,0.559
360000,0.030,0.402,0.569
360500,0.034,0.343,0.623
361000,0.030,0.388,0.582
361500,0.030,0.444,0.526
362000,0.030,0.499,0.471
362500,0.030,0.537,0.432
363000,0.030,0.504,0.466
363500,0.030,0.471,0.499
364000,0.032,0.446,0.522
364500,0.030,0.488,0.481
365000,0.030,0.507,0.463
365500,0.030,0.500,0.470
366000,0.030,0.413,0.556
366500,0.037,0.443,0.520
367000,0.032,0.478,0.490
367500,0.030,0.421,0.548
368000,0.030,0.493,0.476
368500,0.030,0.442,0.528
369000,0.030,0.484,0.486
369500,0.030,0.499,0.470
370000,0.030,0.478,0.492
370500,0.030,0.441,0.529
371000,0.030,0.450,0.520
371500,0.032,0.471,0.497
372000,0.030,0.482,0.488
372500,0.032,0.493,0.474
373000,0.030,0.507,0.462
373500,0.030,0.469,0.501
374000,0.030,0.496,0.473
374500,0.030,0.496,0.474
375000,0.030,0.424,0.546
375500,0.030,0.401,0.569
376000,0.030,0.405,0.565
376500,0.030,0.433,0.536
377000,0.030,0.377,0.593
377500,0.036,0.411,0.552
378000,0.033,0.426,0.542
378500,0.033,0.443,0.524
379000,0.035,0.368,0.597
379500,0.034,0.313,0.653
380000,0.035,0.363,0.601
380500,0.030,0.401,0.569
381000,0.030,0.444,0.526
381500,0.030,0.473,0.497
382000,0.030,0.507,0.463
382500,0.030,0.561,0.409
383000,0.030,0.523,0.447
383500,0.030,0.530,0.440
384000,0.030,0.539,0.431
384500,0.030,0.494,0.476
385000,0.035,0.457,0.508
385500,0.033,0.485,0.483
386000,0.030,0.444,0.526
386500,0.030,0.443,0.527
387000,0.030,0.455,0.515
387500,0.030,0.406,0.564
388000,0.030,0.492,0.478
388500,0.035,0.455,0.510
389000,0.031,0.482,0.486
389500,0.033,0.466,0.502
390000,0.030,0.518,0.451
390500,0.030,0.503,0.467
391000,0.030,0.536,0.433
391500,0.030,0.494,0.476
392000,0.030,0.500,0.470
392500,0.030,0.482,0.487
393000,0.030,0.579,0.391
393500,0.030,0.521,0.449
394000,0.030,0.491,0.478
394500,0.030,0.486,0.484
395000,0.030,0.442,0.528
395500,0.030,0.475,0.494
396000,0.030,0.463,0.507
396500,0.030,0.427,0.543
397000,0.034,0.396,0.571
397500,0.030,0.432,0.538
398000,0.030,0.412,0.557
398500,0.035,0.406,0.559
399000,0.031,0.381,0.589
399500,0.030,0.450,0.520
400000,0.030,0.467,0.503
400500,0.030,0.447,0.523
401000,0.030,0.497,0.472
401500,0.030,0.495,0.475
402000,0.030,0.479,0.490
402500,0.030,0.486,0.484
403000,0.030,0.453,0.517
403500,0.030,0.530,0.440
404000,0.030,0.521,0.449
404500,0.030,0.577,0.393
405000,0.030,0.550,0.419
405500,0.030,0.612,0.358
406000,0.030,0.506,0.464
406500,0.030,0.542,0.427
407000,0.030,0.477,0.492
407500,0.030,0.531,0.439
408000,0.030,0.549,0.420
408500,0.030,0.499,0.471
409000,0.032,0.492,0.476
409500,0.031,0.504,0.465
410000,0.030,0.474,0.496
410500,0.033,0.477,0.489
411000,0.030,0.420,0.549
411500,0.030,0.424,0.546
412000,0.032,0.440,0.528
412500,0.030,0.500,0.470
413000,0.030,0.465,0.505
413500,0.030,0.458,0.512
414000,0.033,0.471,0.495
414500,0.034,0.519,0.447
415000,0.030,0.579,0.391
415500,0.030,0.520,0.450
416000,0.030,0.515,0.455
416500,0.030,0.543,0.427
417000,0.030,0.430,0.540
417500,0.030,0.447,0.522
418000,0.030,0.384,0.586
418500,0.030,0.474,0.496
419000,0.030,0.498,0.471
419500,0.030,0.456,0.514
420000,0.030,0.447,0.523
420500,0.030,0.427,0.543
421000,0.030,0.389,0.581
421500,0.030,0.389,0.581
422000,0.030,0.427,0.542
422500,0.031,0.402,0.567
423000,0.030,0.431,0.539
423500,0.030,0.432,0.538
424000,0.035,0.410,0.554
424500,0.030,0.421,0.548
425000,0.030,0.408,0.562
425500,0.030,0.425,0.544
426000,0.030,0.396,0.574
426500,0.030,0.450,0.520
427000,0.030,0.429,0.541
427500,0.030,0.454,0.516
428000,0.030,0.489,0.481
428500,0.033,0.453,0.514
429000,0.030,0.433,0.536
429500,0.033,0.419,0.548
430000,0.030,0.339,0.631
430500,0.037,0.327,0.636
431000,0.032,0.411,0.557
431500,0.032,0.436,0.532
432000,0.034,0.483,0.483
432500,0.031,0.478,0.491
433000,0.030,0.483,0.487
433500,0.030,0.467,0.503
434000,0.030,0.473,0.497
434500,0.030,0.439,0.531
435000,0.030,0.463,0.507
435500,0.030,0.505,0.465
436000,0.030,0.493,0.477
436500,0.030,0.501,0.469
437000,0.030,0.482,0.488
437500,0.030,0.499,0.471
438000,0.030,0.536,0.434
438500,0.030,0.496,0.474
439000,0.030,0.521,0.449
439500,0.030,0.481,0.488
440000,0.030,0.453,0.517
440500,0.030,0.501,0.469
441000,0.030,0.492,0.477
441500,0.030,0.512,0.458
442000,0.030,0.486,0.484
442500,0.030,0.445,0.525
443000,0.030,0.431,0.539
443500,0.030,0.468,0.502
444000,0.030,0.431,0.539
444500,0.030,0.451,0.519
445000,0.030,0.509,0.461
445500,0.030,0.559,0.411
446000,0.030,0.542,0.428
446500,0.030,0.459,0.511
447000,0.030,0.487,0.482
447500,0.030,0.472,0.497
448000,0.030,0.454,0.516
448500,0.034,0.432,0.534
449000,0.030,0.462,0.508
449500,0.035,0.474,0.491
450000,0.030,0.466,0.504
450500,0.030,0.485,0.484
451000,0.030,0.471,0.498
451500,0.030,0.423,0.546
452000,0.030,0.400,0.571
452500,0.030,0.446,0.524
453000,0.030,0.491,0.479
453500,0.030,0.493,0.477
454000,0.030,0.502,0.468
454500,0.030,0.495,0.475
455000,0.030,0.470,0.500
455500,0.030,0.487,0.483
456000,0.030,0.447,0.523
456500,0.030,0.507,0.463
457000,0.030,0.517,0.453
457500,0.030,0.510,0.460
458000,0.033,0.449,0.518
458500,0.033,0.453,0.514
459000,0.032,0.429,0.540
459500,0.030,0.422,0.548
460000,0.030,0.419,0.550
460500,0.030,0.444,0.526
461000,0.030,0.396,0.575
461500,0.031,0.421,0.548
462000,0.030,0.484,0.486
462500,0.033,0.451,0.516
463000,0.030,0.469,0.501
463500,0.030,0.475,0.494
464000,0.030,0.502,0.468
464500,0.030,0.468,0.502
465000,0.030,0.469,0.501
465500,0.030,0.473,0.497
466000,0.030,0.484,0.486
466500,0.034,0.486,0.481
467000,0.031,0.434,0.535
467500,0.030,0.416,0.554
468000,0.030,0.467,0.503
468500,0.030,0.438,0.532
469000,0.032,0.454,0.515
469500,0.030,0.485,0.485
470000,0.030,0.471,0.498
470500,0.030,0.507,0.463
471000,0.030,0.441,0.529
471500,0.030,0.487,0.483
472000,0.030,0.427,0.543
472500,0.030,0.468,0.502
473000,0.030,0.419,0.550
473500,0.030,0.487,0.483
474000,0.030,0.448,0.522
474500,0.035,0.441,0.524
475000,0.031,0.436,0.532
475500,0.034,0.449,0.518
476000,0.030,0.449,0.521
476500,0.030,0.494,0.475
477000,0.030,0.494,0.476
477500,0.030,0.512,0.458
478000,0.030,0.528,0.442
478500,0.030,0.539,0.431
479000,0.031,0.461,0.508
479500,0.030,0.465,0.504
480000,0.030,0.513,0.457
480500,0.030,0.506,0.464
481000,0.030,0.500,0.470
481500,0.030,0.506,0.464
482000,0.030,0.495,0.475
482500,0.032,0.452,0.516
483000,0.030,0.488,0.482
483500,0.030,0.441,0.529
484000,0.030,0.487,0.482
484500,0.030,0.528,0.442
485000,0.030,0.441,0.529
485500,0.030,0.440,0.530
486000,0.033,0.434,0.534
486500,0.031,0.419,0.550
487000,0.034,0.438,0.528
487500,0.030,0.425,0.544
488000,0.030,0.464,0.506
488500,0.030,0.435,0.534
489000,0.031,0.494,0.475
489500,0.030,0.439,0.530
490000,0.030,0.469,0.501
490500,0.034,0.434,0.531
491000,0.030,0.453,0.517
491500,0.030,0.435,0.535
492000,0.030,0.409,0.560
492500,0.030,0.395,0.575
493000,0.034,0.426,0.540
493500,0.030,0.434,0.535
494000,0.030,0.422,0.547
494500,0.030,0.410,0.559
495000,0.030,0.431,0.538
495500,0.030,0.462,0.508
496000,0.030,0.467,0.503
496500,0.030,0.463,0.507
497000,0.030,0.436,0.534
497500,0.030,0.441,0.529
498000,0.038,0.405,0.557
498500,0.032,0.432,0.536
499000,0.030,0.466,0.504
499500,0.030,0.482,0.488
500000,0.030,0.455,0.515
500500,0.030,0.468,0.502
501000,0.030,0.512,0.458
501500,0.030,0.490,0.480
502000,0.030,0.429,0.540
502500,0.034,0.388,0.579
503000,0.036,0.352,0.611
503500,0.032,0.364,0.605
504000,0.030,0.397,0.573
504500,0.030,0.425,0.544
505000,0.030,0.485,0.484
505500,0.030,0.485,0.485
506000,0.030,0.486,0.483
506500,0.030,0.467,0.503
507000,0.033,0.431,0.536
507500,0.034,0.422,0.544
508000,0.030,0.393,0.577
508500,0.032,0.338,0.631
509000,0.035,0.378,0.587
509500,0.033,0.416,0.550
510000,0.032,0.419,0.549
510500,0.030,0.429,0.541
511000,0.034,0.407,0.559
511500,0.030,0.421,0.549
512000,0.037,0.458,0.504
512500,0.031,0.416,0.552
513000,0.030,0.466,0.504
513500,0.030,0.530,0.440
514000,0.030,0.530,0.440
514500,0.030,0.456,0.514
515000,0.030,0.470,0.499
515500,0.030,0.448,0.522
516000,0.032,0.450,0.519
516500,0.030,0.466,0.504
517000,0.030,0.508,0.462
517500,0.030,0.528,0.442
518000,0.030,0.490,0.479
518500,0.030,0.463,0.507
519000,0.031,0.448,0.521
519500,0.033,0.418,0.550
520000,0.030,0.410,0.560
520500,0.030,0.472,0.498
521000,0.030,0.460,0.510
521500,0.030,0.481,0.489
522000,0.030,0.501,0.469
522500,0.030,0.508,0.462
523000,0.030,0.489,0.481
523500,0.030,0.419,0.551
524000,0.030,0.458,0.512
524500,0.030,0.455,0.515
525000,0.030,0.449,0.521
525500,0.034,0.414,0.552
526000,0.032,0.400,0.568
526500,0.038,0.376,0.586
527000,0.035,0.355,0.609
527500,0.033,0.349,0.617
528000,0.033,0.381,0.587
528500,0.032,0.340,0.629
529000,0.030,0.360,0.610
529500,0.030,0.394,0.577
530000,0.030,0.431,0.538
530500,0.030,0.381,0.589
531000,0.031,0.384,0.585
531500,0.035,0.357,0.609
532000,0.032,0.363,0.606
532500,0.031,0.427,0.541
533000,0.030,0.372,0.597
533500,0.033,0.377,0.590
534000,0.036,0.375,0.589
534500,0.032,0.456,0.512
535000,0.033,0.434,0.533
535500,0.030,0.415,0.554
536000,0.038,0.370,0.591
536500,0.031,0.409,0.560
537000,0.030,0.444,0.526
537500,0.030,0.453,0.516
538000,0.030,0.493,0.477
538500,0.030,0.501,0.469
539000,0.030,0.471,0.498
539500,0.032,0.419,0.548
540000,0.034,0.434,0.532
540500,0.030,0.439,0.530
541000,0.030,0.406,0.564
541500,0.033,0.420,0.547
542000,0.030,0.463,0.507
542500,0.033,0.476,0.490
543000,0.030,0.467,0.503
543500,0.030,0.430,0.539
544000,0.030,0.408,0.562
544500,0.030,0.381,0.589
545000,0.030,0.392,0.579
545500,0.033,0.466,0.501
546000,0.030,0.462,0.508
546500,0.032,0.459,0.509
547000,0.034,0.382,0.585
547500,0.035,0.373,0.592
548000,0.031,0.371,0.597
548500,0.035,0.423,0.541
549000,0.030,0.451,0.519
549500,0.030,0.401,0.569
550000,0.030,0.377,0.593
550500,0.035,0.419,0.545
551000,0.032,0.401,0.567
551500,0.037,0.349,0.613
552000,0.032,0.376,0.592
552500,0.034,0.327,0.639
553000,0.030,0.389,0.581
553500,0.030,0.387,0.583
554000,0.030,0.474,0.495
554500,0.030,0.525,0.445
555000,0.030,0.553,0.417
555500,0.030,0.515,0.455
556000,0.030,0.502,0.468
556500,0.030,0.488,0.482
557000,0.030,0.461,0.509
557500,0.030,0.458,0.512
558000,0.030,0.526,0.444
558500,0.030,0.457,0.513
559000,0.030,0.480,0.490
559500,0.030,0.435,0.535
560000,0.030,0.449,0.521
560500,0.036,0.457,0.507
561000,0.031,0.419,0.549
561500,0.033,0.430,0.537
562000,0.030,0.447,0.523
562500,0.030,0.464,0.506
563000,0.030,0.487,0.483
563500,0.030,0.490,0.480
564000,0.030,0.512,0.458
564500,0.030,0.504,0.466
565000,0.030,0.539,0.430
565500,0.030,0.444,0.526
566000,0.030,0.438,0.532
566500,0.030,0.412,0.558
567000,0.033,0.440,0.527
567500,0.031,0.440,0.529
568000,0.030,0.376,0.594
568500,0.030,0.456,0.514
569000,0.030,0.453,0.517
569500,0.034,0.455,0.512
570000,0.030,0.417,0.552
570500,0.035,0.390,0.575
571000,0.031,0.409,0.559
571500,0.033,0.447,0.520
572000,0.034,0.409,0.557
572500,0.032,0.418,0.550
573000,0.030,0.466,0.504
573500,0.030,0.489,0.481
574000,0.030,0.501,0.469
574500,0.030,0.474,0.496
575000,0.030,0.492,0.477
575500,0.030,0.474,0.495
576000,0.030,0.465,0.505
576500,0.030,0.473,0.496
577000,0.030,0.457,0.513
577500,0.030,0.462,0.508
578000,0.030,0.496,0.473
578500,0.034,0.477,0.489
579000,0.031,0.480,0.489
579500,0.035,0.522,0.444
580000,0.031,0.474,0.494
580500,0.033,0.450,0.518
581000,0.031,0.460,0.509
581500,0.030,0.395,0.575
582000,0.035,0.413,0.552
582500,0.031,0.456,0.513
583000,0.030,0.487,0.482
583500,0.030,0.469,0.500
584000,0.030,0.507,0.463
584500,0.030,0.459,0.511
585000,0.030,0.402,0.569
585500,0.030,0.448,0.522
586000,0.030,0.461,0.508
586500,0.033,0.426,0.540
587000,0.033,0.452,0.516
587500,0.034,0.411,0.554
588000,0.031,0.430,0.539
588500,0.030,0.433,0.536
589000,0.030,0.466,0.504
589500,0.030,0.406,0.565
590000,0.033,0.474,0.493
590500,0.030,0.444,0.526
591000,0.030,0.470,0.499
591500,0.030,0.467,0.503
592000,0.030,0.488,0.481
592500,0.032,0.483,0.486
593000,0.030,0.474,0.495
593500,0.030,0.486,0.483
594000,0.033,0.435,0.531
594500,0.031,0.437,0.532
595000,0.030,0.445,0.525
595500,0.030,0.458,0.512
596000,0.030,0.438,0.532
596500,0.034,0.439,0.527
597000,0.031,0.465,0.504
597500,0.030,0.496,0.474
598000,0.030,0.455,0.515
598500,0.032,0.404,0.564
599000,0.034,0.433,0.534
599500,0.031,0.422,0.547
600000,0.030,0.446,0.524
600500,0.030,0.506,0.464
601000,0.030,0.467,0.503
601500,0.030,0.485,0.484
602000,0.030,0.485,0.484
602500,0.035,0.447,0.518
603000,0.033,0.443,0.524
603500,0.030,0.391,0.579
604000,0.030,0.454,0.516
604500,0.030,0.443,0.527
605000,0.030,0.423,0.546
605500,0.030,0.390,0.580
606000,0.034,0.427,0.539
606500,0.030,0.412,0.558
607000,0.030,0.428,0.542
607500,0.030,0.461,0.509
608000,0.030,0.433,0.537
608500,0.034,0.437,0.530
609000,0.034,0.415,0.551
609500,0.035,0.391,0.574
610000,0.031,0.414,0.555
610500,0.030,0.427,0.543
611000,0.030,0.405,0.565
611500,0.030,0.413,0.557
612000,0.033,0.384,0.583
612500,0.035,0.429,0.536
613000,0.031,0.377,0.592
613500,0.034,0.412,0.554
614000,0.030,0.420,0.549
614500,0.030,0.453,0.517
615000,0.030,0.464,0.506
615500,0.030,0.498,0.472
616000,0.030,0.486,0.484
616500,0.030,0.483,0.486
617000,0.034,0.437,0.530
617500,0.030,0.402,0.568
618000,0.030,0.394,0.576
618500,0.032,0.430,0.538
619000,0.032,0.419,0.549
619500,0.033,0.451,0.517
620000,0.031,0.448,0.521
620500,0.033,0.422,0.545
621000,0.030,0.401,0.569
621500,0.032,0.486,0.483
622000,0.030,0.465,0.504
622500,0.030,0.463,0.506
623000,0.030,0.500,0.470
623500,0.030,0.536,0.434
624000,0.030,0.458,0.512
624500,0.030,0.470,0.500
625000,0.030,0.468,0.502
625500,0.030,0.475,0.494
626000,0.030,0.485,0.485
626500,0.034,0.451,0.516
627000,0.030,0.427,0.542
627500,0.030,0.450,0.520
628000,0.030,0.495,0.475
628500,0.030,0.487,0.483
629000,0.030,0.447,0.523
629500,0.030,0.458,0.512
630000,0.030,0.447,0.523
630500,0.030,0.458,0.512
631000,0.030,0.467,0.503
631500,0.032,0.429,0.540
632000,0.030,0.456,0.514
632500,0.030,0.394,0.576
633000,0.034,0.386,0.580
633500,0.030,0.393,0.577
634000,0.034,0.390,0.577
634500,0.036,0.383,0.581
635000,0.030,0.422,0.547
635500,0.030,0.471,0.498
636000,0.035,0.477,0.488
636500,0.032,0.413,0.554
637000,0.031,0.449,0.520
637500,0.030,0.463,0.507
638000,0.030,0.466,0.504
638500,0.030,0.490,0.479
639000,0.030,0.485,0.485
639500,0.030,0.465,0.505
640000,0.035,0.471,0.495
640500,0.030,0.486,0.484
641000,0.030,0.500,0.470
641500,0.030,0.485,0.485
642000,0.030,0.473,0.496
642500,0.030,0.468,0.502
643000,0.030,0.487,0.483
643500,0.030,0.423,0.546
644000,0.030,0.480,0.489
644500,0.035,0.474,0.491
645000,0.034,0.449,0.517
645500,0.030,0.468,0.502
646000,0.030,0.415,0.554
646500,0.030,0.426,0.544
647000,0.030,0.415,0.554
647500,0.030,0.387,0.583
648000,0.030,0.438,0.532
648500,0.030,0.428,0.541
649000,0.030,0.408,0.562
649500,0.030,0.447,0.523
650000,0.030,0.422,0.547
650500,0.030,0.399,0.571
651000,0.030,0.375,0.595
651500,0.030,0.428,0.542
652000,0.032,0.422,0.546
652500,0.030,0.433,0.537
653000,0.030,0.469,0.501
653500,0.030,0.462,0.508
654000,0.030,0.369,0.601
654500,0.032,0.408,0.559
655000,0.030,0.458,0.512
655500,0.030,0.458,0.512
656000,0.030,0.490,0.480
656500,0.035,0.515,0.450
657000,0.034,0.468,0.499
657500,0.030,0.477,0.493
658000,0.030,0.462,0.508
658500,0.030,0.444,0.526
659000,0.030,0.489,0.480
659500,0.030,0.408,0.562
660000,0.032,0.424,0.544
660500,0.030,0.410,0.560
661000,0.034,0.383,0.583
661500,0.030,0.374,0.596
662000,0.034,0.448,0.519
662500,0.035,0.468,0.497
663000,0.032,0.489,0.480
663500,0.030,0.453,0.517
664000,0.030,0.448,0.522
664500,0.030,0.465,0.505
665000,0.030,0.490,0.480
665500,0.030,0.537,0.433
666000,0.030,0.480,0.489
666500,0.030,0.492,0.478
667000,0.030,0.518,0.452
667500,0.030,0.455,0.515
668000,0.030,0.487,0.482
668500,0.032,0.458,0.510
669000,0.041,0.408,0.550
669500,0.034,0.450,0.517
670000,0.032,0.431,0.536
670500,0.030,0.458,0.512
671000,0.030,0.476,0.494
671500,0.030,0.432,0.537
672000,0.030,0.412,0.558
672500,0.030,0.427,0.542
673000,0.035,0.399,0.567
673500,0.034,0.380,0.587
674000,0.030,0.426,0.543
674500,0.030,0.497,0.472
675000,0.030,0.455,0.515
675500,0.030,0.447,0.523
676000,0.032,0.417,0.551
676500,0.030,0.493,0.476
677000,0.030,0.440,0.530
677500,0.032,0.413,0.554
678000,0.033,0.432,0.535
678500,0.030,0.448,0.522
679000,0.030,0.482,0.487
679500,0.032,0.525,0.443
680000,0.031,0.448,0.521
680500,0.034,0.480,0.486
681000,0.030,0.433,0.536
681500,0.035,0.394,0.572
682000,0.030,0.440,0.530
682500,0.030,0.487,0.483
683000,0.030,0.486,0.484
683500,0.030,0.440,0.530
684000,0.030,0.492,0.477
684500,0.034,0.480,0.485
685000,0.033,0.499,0.468
685500,0.030,0.536,0.433
686000,0.030,0.509,0.461
686500,0.030,0.451,0.519
687000,0.030,0.472,0.498
687500,0.030,0.481,0.488
688000,0.030,0.463,0.507
688500,0.030,0.458,0.512
689000,0.030,0.400,0.570
689500,0.034,0.386,0.581
690000,0.030,0.469,0.501
690500,0.030,0.504,0.466
691000,0.030,0.461,0.509
691500,0.030,0.435,0.534
692000,0.030,0.480,0.489
692500,0.030,0.479,0.491
693000,0.030,0.475,0.494
693500,0.030,0.481,0.489
694000,0.030,0.460,0.510
694500,0.033,0.371,0.596
695000,0.030,0.405,0.565
695500,0.030,0.412,0.558
696000,0.030,0.416,0.553
696500,0.032,0.398,0.571
697000,0.032,0.420,0.548
697500,0.030,0.429,0.541
698000,0.030,0.430,0.539
698500,0.030,0.451,0.519
699000,0.030,0.461,0.509
699500,0.030,0.416,0.554
700000,0.030,0.491,0.478
700500,0.030,0.470,0.500
701000,0.030,0.481,0.489
701500,0.030,0.448,0.522
702000,0.030,0.438,0.532
702500,0.030,0.417,0.552
703000,0.030,0.456,0.514
703500,0.034,0.426,0.540
704000,0.038,0.367,0.595
704500,0.035,0.376,0.589
705000,0.038,0.337,0.625
705500,0.036,0.419,0.545
706000,0.032,0.459,0.510
706500,0.030,0.444,0.526
707000,0.033,0.411,0.555
707500,0.034,0.443,0.523
708000,0.030,0.489,0.480
708500,0.030,0.469,0.500
709000,0.030,0.422,0.548
709500,0.030,0.439,0.531
710000,0.030,0.500,0.470
710500,0.030,0.446,0.524
711000,0.030,0.432,0.537
711500,0.034,0.424,0.541
712000,0.031,0.427,0.542
712500,0.030,0.431,0.538
713000,0.030,0.434,0.535
713500,0.030,0.451,0.519
714000,0.030,0.404,0.567
714500,0.030,0.426,0.544
715000,0.030,0.465,0.505
715500,0.032,0.442,0.526
716000,0.030,0.487,0.482
716500,0.030,0.486,0.484
717000,0.030,0.531,0.439
717500,0.030,0.465,0.505
718000,0.030,0.450,0.520
718500,0.035,0.468,0.497
719000,0.037,0.344,0.619
719500,0.033,0.383,0.585
720000,0.031,0.406,0.563
720500,0.032,0.405,0.564
721000,0.031,0.424,0.544
721500,0.030,0.436,0.534
722000,0.030,0.408,0.562
722500,0.030,0.443,0.527
723000,0.035,0.445,0.520
723500,0.030,0.491,0.478
724000,0.030,0.532,0.438
724500,0.030,0.535,0.435
725000,0.030,0.569,0.401
725500,0.030,0.532,0.438
726000,0.030,0.513,0.457
726500,0.030,0.480,0.490
727000,0.030,0.507,0.463
727500,0.030,0.512,0.458
728000,0.030,0.524,0.446
728500,0.030,0.477,0.492
729000,0.035,0.492,0.474
729500,0.031,0.502,0.467
730000,0.034,0.410,0.556
730500,0.032,0.472,0.496
731000,0.031,0.461,0.508
731500,0.038,0.404,0.557
732000,0.035,0.427,0.538
732500,0.030,0.501,0.468
733000,0.030,0.439,0.531
733500,0.030,0.426,0.543
734000,0.030,0.458,0.512
734500,0.030,0.427,0.542
735000,0.033,0.415,0.551
735500,0.030,0.432,0.538
736000,0.035,0.477,0.487
736500,0.030,0.501,0.469
737000,0.030,0.430,0.539
737500,0.030,0.439,0.531
738000,0.030,0.410,0.560
738500,0.030,0.404,0.567
739000,0.030,0.430,0.539
739500,0.030,0.462,0.508
740000,0.030,0.486,0.483
740500,0.030,0.522,0.448
741000,0.030,0.548,0.422
741500,0.030,0.527,0.443
742000,0.030,0.474,0.495
742500,0.030,0.462,0.508
743000,0.030,0.475,0.494
743500,0.030,0.488,0.482
744000,0.030,0.477,0.492
744500,0.030,0.480,0.489
745000,0.030,0.507,0.463
745500,0.030,0.443,0.527
746000,0.030,0.404,0.567
746500,0.035,0.412,0.552
747000,0.031,0.446,0.523
747500,0.030,0.457,0.513
748000,0.034,0.452,0.514
748500,0.031,0.468,0.501
749000,0.030,0.499,0.471
749500,0.030,0.539,0.430
750000,0.030,0.482,0.488
750500,0.030,0.439,0.531
751000,0.030,0.482,0.487
751500,0.030,0.492,0.477
752000,0.030,0.497,0.473
752500,0.030,0.501,0.469
753000,0.030,0.533,0.437
753500,0.030,0.490,0.480
754000,0.030,0.543,0.427
754500,0.030,0.506,0.464
755000,0.030,0.507,0.463
755500,0.030,0.479,0.491
756000,0.032,0.484,0.484
756500,0.032,0.462,0.507
757000,0.030,0.466,0.504
757500,0.030,0.448,0.522
758000,0.030,0.461,0.509
758500,0.030,0.429,0.540
759000,0.030,0.419,0.550
759500,0.030,0.416,0.553
760000,0.031,0.458,0.511
760500,0.030,0.484,0.486
761000,0.030,0.474,0.495
761500,0.030,0.484,0.486
762000,0.034,0.482,0.484
762500,0.030,0.484,0.486
763000,0.030,0.468,0.502
763500,0.030,0.469,0.501
764000,0.031,0.473,0.496
764500,0.030,0.466,0.504
765000,0.030,0.482,0.487
765500,0.030,0.437,0.533
766000,0.035,0.428,0.536
766500,0.033,0.442,0.526
767000,0.031,0.438,0.531
767500,0.034,0.397,0.570
768000,0.030,0.470,0.500
768500,0.030,0.397,0.573
769000,0.030,0.449,0.521
769500,0.032,0.443,0.526
770000,0.030,0.455,0.515
770500,0.030,0.440,0.530
771000,0.030,0.436,0.534
771500,0.030,0.494,0.476
772000,0.030,0.544,0.426
772500,0.031,0.523,0.446
773000,0.030,0.528,0.442
773500,0.030,0.559,0.410
774000,0.030,0.527,0.443
774500,0.030,0.510,0.460
775000,0.030,0.523,0.447
775500,0.034,0.449,0.517
776000,0.030,0.404,0.567
776500,0.032,0.418,0.550
777000,0.038,0.427,0.535
777500,0.034,0.466,0.501
778000,0.031,0.449,0.520
778500,0.030,0.440,0.530
779000,0.035,0.398,0.567
779500,0.032,0.312,0.655
780000,0.035,0.329,0.636
780500,0.035,0.446,0.520
781000,0.030,0.447,0.523
781500,0.030,0.407,0.562
782000,0.030,0.469,0.500
782500,0.030,0.496,0.474
783000,0.030,0.445,0.525
783500,0.030,0.413,0.557
784000,0.030,0.470,0.500
784500,0.030,0.438,0.532
785000,0.030,0.429,0.541
785500,0.035,0.410,0.554
786000,0.034,0.423,0.543
786500,0.033,0.438,0.529
787000,0.030,0.442,0.528
787500,0.030,0.513,0.457
788000,0.030,0.492,0.477
788500,0.030,0.499,0.470
789000,0.030,0.480,0.489
789500,0.030,0.519,0.451
790000,0.030,0.486,0.483
790500,0.030,0.550,0.420
791000,0.030,0.461,0.509
791500,0.030,0.465,0.505
792000,0.030,0.423,0.546
792500,0.032,0.420,0.548
793000,0.030,0.504,0.466
793500,0.030,0.514,0.456
794000,0.030,0.497,0.473
794500,0.030,0.510,0.460
795000,0.030,0.506,0.464
795500,0.030,0.415,0.554
796000,0.030,0.452,0.518
796500,0.030,0.477,0.492
797000,0.030,0.493,0.476
797500,0.030,0.534,0.435
798000,0.033,0.496,0.470
798500,0.030,0.434,0.535
799000,0.030,0.417,0.553
799500,0.030,0.418,0.552
800000,0.030,0.469,0.500
800500,0.030,0.437,0.533
801000,0.030,0.461,0.509
801500,0.030,0.478,0.491
802000,0.030,0.524,0.446
802500,0.030,0.544,0.426
803000,0.030,0.509,0.461
803500,0.030,0.469,0.501
804000,0.030,0.460,0.510
804500,0.032,0.460,0.508
805000,0.030,0.431,0.538
805500,0.030,0.408,0.562
806000,0.030,0.434,0.535
806500,0.030,0.469,0.500
807000,0.030,0.451,0.519
807500,0.035,0.447,0.518
808000,0.030,0.405,0.565
808500,0.032,0.466,0.502
809000,0.034,0.472,0.495
809500,0.030,0.423,0.546
810000,0.030,0.418,0.552
810500,0.030,0.430,0.540
811000,0.034,0.371,0.595
811500,0.032,0.454,0.514
812000,0.030,0.423,0.546
812500,0.030,0.442,0.528
813000,0.035,0.393,0.572
813500,0.038,0.436,0.525
814000,0.030,0.469,0.500
814500,0.033,0.496,0.472
815000,0.030,0.463,0.507
815500,0.030,0.459,0.511
816000,0.033,0.442,0.526
816500,0.031,0.405,0.564
817000,0.030,0.434,0.536
817500,0.033,0.383,0.584
818000,0.030,0.398,0.572
818500,0.030,0.469,0.501
819000,0.030,0.516,0.454
819500,0.030,0.495,0.474
820000,0.032,0.429,0.539
820500,0.030,0.490,0.479
821000,0.030,0.499,0.471
821500,0.030,0.472,0.497
822000,0.033,0.465,0.502
822500,0.036,0.380,0.584
823000,0.032,0.440,0.528
823500,0.030,0.404,0.566
824000,0.030,0.459,0.511
824500,0.030,0.468,0.502
825000,0.030,0.522,0.448
825500,0.032,0.498,0.470
826000,0.031,0.454,0.515
826500,0.030,0.405,0.565
827000,0.030,0.412,0.558
827500,0.031,0.430,0.539
828000,0.030,0.406,0.564
828500,0.030,0.409,0.560
829000,0.035,0.411,0.554
829500,0.034,0.408,0.557
830000,0.035,0.388,0.577
830500,0.033,0.437,0.530
831000,0.035,0.423,0.542
831500,0.032,0.379,0.589
832000,0.035,0.391,0.575
832500,0.034,0.398,0.569
833000,0.037,0.399,0.564
833500,0.036,0.426,0.538
834000,0.040,0.412,0.548
834500,0.030,0.465,0.504
835000,0.030,0.451,0.519
835500,0.030,0.441,0.529
836000,0.030,0.479,0.491
836500,0.030,0.421,0.549
837000,0.030,0.447,0.523
837500,0.030,0.421,0.549
838000,0.034,0.455,0.512
838500,0.031,0.478,0.491
839000,0.030,0.526,0.444
839500,0.030,0.518,0.452
840000,0.030,0.427,0.542
840500,0.034,0.427,0.539
841000,0.032,0.453,0.516
841500,0.030,0.518,0.451
842000,0.030,0.485,0.485
842500,0.033,0.455,0.512
843000,0.030,0.432,0.538
843500,0.032,0.386,0.582
844000,0.031,0.434,0.534
844500,0.030,0.425,0.544
845000,0.030,0.456,0.514
845500,0.033,0.457,0.510
846000,0.032,0.464,0.504
846500,0.030,0.486,0.483
847000,0.030,0.480,0.490
847500,0.030,0.431,0.538
848000,0.030,0.454,0.516
848500,0.030,0.500,0.470
849000,0.031,0.432,0.537
849500,0.030,0.427,0.542
850000,0.030,0.447,0.523
850500,0.033,0.408,0.559
851000,0.030,0.440,0.530
851500,0.030,0.431,0.538
852000,0.030,0.458,0.512
852500,0.030,0.543,0.427
853000,0.030,0.509,0.461
853500,0.030,0.490,0.479
854000,0.030,0.459,0.511
854500,0.030,0.479,0.490
855000,0.030,0.482,0.487
855500,0.030,0.459,0.511
856000,0.033,0.389,0.579
856500,0.035,0.437,0.528
857000,0.032,0.401,0.568
857500,0.030,0.457,0.513
858000,0.032,0.455,0.513
858500,0.033,0.420,0.546
859000,0.039,0.428,0.532
859500,0.032,0.440,0.528
860000,0.030,0.440,0.530
860500,0.033,0.408,0.559
861000,0.030,0.426,0.544
861500,0.033,0.425,0.542
862000,0.032,0.423,0.546
862500,0.036,0.435,0.528
863000,0.033,0.405,0.562
863500,0.030,0.444,0.526
864000,0.030,0.447,0.523
864500,0.030,0.411,0.558
865000,0.031,0.438,0.531
865500,0.030,0.462,0.508
866000,0.035,0.457,0.508
866500,0.034,0.390,0.576
867000,0.034,0.400,0.567
867500,0.030,0.447,0.522
868000,0.030,0.458,0.512
868500,0.030,0.483,0.487
869000,0.030,0.459,0.511
869500,0.030,0.442,0.528
870000,0.034,0.372,0.595
870500,0.031,0.379,0.590
871000,0.037,0.401,0.562
871500,0.033,0.426,0.540
872000,0.031,0.402,0.567
872500,0.030,0.453,0.517
873000,0.032,0.424,0.544
873500,0.030,0.427,0.542
874000,0.032,0.412,0.556
874500,0.030,0.404,0.567
875000,0.030,0.453,0.517
875500,0.030,0.459,0.511
876000,0.030,0.525,0.445
876500,0.033,0.474,0.492
877000,0.030,0.483,0.487
877500,0.034,0.425,0.541
878000,0.030,0.425,0.544
878500,0.030,0.420,0.549
879000,0.030,0.469,0.501
879500,0.030,0.527,0.443
880000,0.030,0.528,0.442
880500,0.033,0.515,0.452
881000,0.030,0.495,0.474
881500,0.030,0.439,0.531
882000,0.030,0.443,0.527
882500,0.030,0.411,0.558
883000,0.032,0.365,0.604
883500,0.034,0.343,0.623
884000,0.037,0.387,0.576
884500,0.032,0.419,0.549
885000,0.030,0.435,0.534
885500,0.030,0.400,0.571
886000,0.030,0.406,0.565
886500,0.030,0.432,0.538
887000,0.030,0.439,0.531
887500,0.030,0.470,0.499
888000,0.030,0.437,0.533
888500,0.030,0.460,0.510
889000,0.030,0.431,0.538
889500,0.035,0.422,0.543
890000,0.033,0.480,0.487
890500,0.035,0.464,0.502
891000,0.030,0.486,0.483
891500,0.030,0.443,0.527
892000,0.032,0.375,0.594
892500,0.030,0.421,0.549
893000,0.030,0.437,0.533
893500,0.030,0.448,0.522
894000,0.030,0.497,0.472
894500,0.030,0.468,0.502
895000,0.030,0.431,0.539
895500,0.030,0.398,0.573
896000,0.031,0.440,0.529
896500,0.037,0.397,0.567
897000,0.035,0.402,0.564
897500,0.030,0.401,0.569
898000,0.030,0.416,0.554
898500,0.033,0.443,0.524
899000,0.034,0.385,0.581
899500,0.030,0.396,0.574
900000,0.035,0.469,0.496
900500,0.030,0.462,0.508
901000,0.034,0.455,0.511
901500,0.035,0.407,0.558
902000,0.030,0.398,0.572
902500,0.033,0.355,0.612
903000,0.030,0.446,0.524
903500,0.033,0.424,0.542
904000,0.032,0.452,0.517
904500,0.030,0.425,0.544
905000,0.030,0.398,0.573
905500,0.030,0.436,0.534
906000,0.030,0.406,0.565
906500,0.030,0.439,0.531
907000,0.030,0.494,0.475
907500,0.030,0.490,0.480
908000,0.030,0.460,0.510
908500,0.030,0.444,0.526
909000,0.035,0.454,0.512
909500,0.033,0.410,0.558
910000,0.030,0.437,0.533
910500,0.030,0.430,0.539
911000,0.042,0.431,0.528
911500,0.033,0.417,0.550
912000,0.032,0.417,0.551
912500,0.034,0.377,0.590
913000,0.030,0.346,0.624
913500,0.030,0.401,0.569
914000,0.030,0.389,0.581
914500,0.035,0.355,0.609
915000,0.034,0.395,0.571
915500,0.031,0.428,0.540
916000,0.030,0.478,0.491
916500,0.030,0.497,0.473
917000,0.030,0.446,0.524
917500,0.030,0.444,0.526
918000,0.030,0.421,0.549
918500,0.030,0.447,0.523
919000,0.033,0.453,0.514
919500,0.030,0.450,0.520
920000,0.030,0.451,0.519
920500,0.030,0.490,0.480
921000,0.030,0.441,0.529
921500,0.030,0.475,0.494
922000,0.030,0.457,0.513
922500,0.030,0.517,0.453
923000,0.030,0.533,0.436
923500,0.030,0.554,0.416
924000,0.030,0.566,0.404
924500,0.030,0.493,0.477
925000,0.032,0.520,0.448
925500,0.030,0.514,0.456
926000,0.030,0.459,0.511
926500,0.030,0.467,0.503
927000,0.030,0.480,0.489
927500,0.030,0.469,0.501
928000,0.032,0.390,0.579
928500,0.030,0.437,0.532
929000,0.030,0.411,0.559
929500,0.033,0.399,0.569
930000,0.034,0.342,0.624
930500,0.036,0.333,0.631
931000,0.033,0.398,0.569
931500,0.030,0.415,0.554
932000,0.032,0.443,0.526
932500,0.030,0.404,0.566
933000,0.030,0.462,0.508
933500,0.032,0.478,0.490
934000,0.030,0.475,0.494
934500,0.030,0.429,0.541
935000,0.030,0.410,0.560
935500,0.034,0.453,0.514
936000,0.031,0.445,0.524
936500,0.030,0.457,0.513
937000,0.030,0.440,0.530
937500,0.030,0.436,0.533
938000,0.030,0.461,0.509
938500,0.030,0.485,0.485
939000,0.030,0.458,0.512
939500,0.030,0.422,0.547
940000,0.030,0.434,0.536
940500,0.030,0.439,0.531
941000,0.030,0.470,0.499
941500,0.030,0.416,0.553
942000,0.030,0.429,0.541
942500,0.030,0.437,0.533
943000,0.030,0.391,0.579
943500,0.030,0.455,0.515
944000,0.030,0.409,0.561
944500,0.030,0.463,0.507
945000,0.033,0.428,0.540
945500,0.031,0.480,0.488
946000,0.031,0.455,0.514
946500,0.030,0.481,0.489
947000,0.030,0.477,0.493
947500,0.030,0.484,0.486
948000,0.030,0.431,0.538
948500,0.030,0.399,0.571
949000,0.030,0.469,0.501
949500,0.030,0.442,0.528
950000,0.030,0.417,0.553
950500,0.030,0.458,0.512
951000,0.033,0.437,0.530
951500,0.030,0.486,0.483
952000,0.030,0.521,0.449
952500,0.030,0.492,0.477
953000,0.030,0.510,0.460
953500,0.030,0.512,0.458
954000,0.030,0.507,0.463
954500,0.030,0.472,0.497
955000,0.031,0.424,0.544
955500,0.030,0.407,0.562
956000,0.030,0.438,0.532
956500,0.030,0.432,0.537
957000,0.035,0.431,0.534
957500,0.032,0.434,0.533
958000,0.030,0.439,0.531
958500,0.032,0.450,0.518
959000,0.031,0.443,0.526
959500,0.030,0.452,0.518
960000,0.030,0.455,0.515
960500,0.030,0.395,0.575
961000,0.030,0.499,0.470
961500,0.030,0.516,0.454
962000,0.030,0.493,0.477
962500,0.030,0.423,0.546
963000,0.040,0.434,0.526
963500,0.036,0.445,0.519
964000,0.033,0.396,0.572
964500,0.033,0.421,0.546
965000,0.030,0.456,0.514
965500,0.032,0.477,0.491
966000,0.030,0.450,0.520
966500,0.030,0.446,0.524
967000,0.038,0.349,0.613
967500,0.036,0.388,0.576
968000,0.030,0.438,0.532
968500,0.034,0.508,0.459
969000,0.030,0.493,0.477
969500,0.030,0.512,0.458
970000,0.030,0.481,0.488
970500,0.030,0.446,0.524
971000,0.030,0.452,0.518
971500,0.030,0.387,0.583
972000,0.030,0.450,0.520
972500,0.030,0.477,0.492
973000,0.032,0.471,0.496
973500,0.030,0.548,0.422
974000,0.032,0.560,0.408
974500,0.030,0.509,0.461
975000,0.030,0.459,0.511
975500,0.030,0.428,0.541
976000,0.034,0.440,0.527
976500,0.032,0.399,0.569
977000,0.030,0.488,0.481
977500,0.035,0.458,0.508
978000,0.037,0.414,0.548
978500,0.033,0.421,0.545
979000,0.035,0.441,0.524
979500,0.030,0.465,0.505
980000,0.030,0.474,0.496
980500,0.032,0.428,0.540
981000,0.034,0.475,0.491
981500,0.030,0.498,0.472
982000,0.030,0.450,0.520
982500,0.030,0.463,0.507
983000,0.030,0.459,0.511
983500,0.032,0.455,0.513
984000,0.031,0.466,0.503
984500,0.030,0.483,0.486
985000,0.030,0.471,0.499
985500,0.030,0.537,0.432
986000,0.030,0.462,0.508
986500,0.030,0.436,0.534
987000,0.030,0.392,0.579
987500,0.030,0.432,0.538
988000,0.030,0.499,0.470
988500,0.035,0.453,0.512
989000,0.030,0.428,0.541
989500,0.030,0.498,0.471
990000,0.034,0.476,0.489
990500,0.035,0.527,0.438
991000,0.030,0.492,0.478
991500,0.030,0.447,0.522
992000,0.030,0.452,0.518
992500,0.030,0.453,0.517
993000,0.033,0.351,0.617
993500,0.030,0.372,0.597
994000,0.032,0.410,0.558
994500,0.033,0.406,0.561
995000,0.030,0.406,0.563
995500,0.030,0.452,0.518
996000,0.030,0.424,0.546
996500,0.030,0.442,0.528
997000,0.032,0.445,0.524
997500,0.030,0.428,0.542
998000,0.030,0.472,0.498
998500,0.030,0.468,0.502
999000,0.030,0.440,0.530
999500,0.030,0.407,0.562
1000000,0.037,0.407,0.555
