time,n_A+p,n_B,n_AB
500,0.050,0.838,0.112
1000,0.050,0.770,0.180
1500,0.050,0.691,0.259
2000,0.060,0.661,0.279
2500,0.052,0.639,0.309
3000,0.056,0.590,0.354
3500,0.055,0.543,0.402
4000,0.050,0.519,0.431
4500,0.053,0.545,0.402
5000,0.052,0.576,0.372
5500,0.050,0.672,0.278
6000,0.054,0.659,0.287
6500,0.050,0.668,0.282
7000,0.050,0.677,0.273
7500,0.053,0.660,0.287
8000,0.050,0.603,0.347
8500,0.051,0.662,0.287
9000,0.055,0.632,0.313
9500,0.051,0.627,0.322
10000,0.050,0.707,0.243
10500,0.050,0.694,0.256
11000,0.050,0.685,0.265
11500,0.050,0.675,0.275
12000,0.050,0.668,0.282
12500,0.050,0.658,0.292
13000,0.050,0.619,0.331
13500,0.050,0.656,0.294
14000,0.052,0.638,0.310
14500,0.051,0.638,0.311
15000,0.050,0.604,0.346
15500,0.050,0.622,0.328
16000,0.050,0.594,0.356
16500,0.050,0.643,0.307
17000,0.050,0.618,0.332
17500,0.050,0.675,0.275
18000,0.050,0.667,0.283
18500,0.051,0.695,0.254
19000,0.050,0.712,0.238
19500,0.050,0.688,0.262
20000,0.050,0.646,0.304
20500,0.053,0.550,0.397
21000,0.050,0.611,0.339
21500,0.050,0.653,0.297
22000,0.050,0.659,0.291
22500,0.050,0.600,0.350
23000,0.051,0.579,0.370
23500,0.050,0.577,0.373
24000,0.055,0.611,0.334
24500,0.050,0.651,0.299
25000,0.050,0.634,0.316
25500,0.050,0.673,0.277
26000,0.050,0.689,0.261
26500,0.050,0.631,0.319
27000,0.054,0.649,0.297
27500,0.050,0.715,0.235
28000,0.050,0.709,0.241
28500,0.050,0.732,0.218
29000,0.050,0.724,0.226
29500,0.050,0.683,0.267
30000,0.050,0.722,0.228
30500,0.050,0.692,0.258
31000,0.050,0.682,0.268
31500,0.050,0.675,0.275
32000,0.050,0.673,0.277
32500,0.050,0.643,0.307
33000,0.050,0.629,0.321
33500,0.050,0.631,0.319
34000,0.054,0.646,0.300
34500,0.051,0.710,0.239
35000,0.050,0.745,0.205
35500,0.050,0.723,0.227
36000,0.050,0.701,0.249
36500,0.050,0.689,0.261
37000,0.053,0.666,0.281
37500,0.051,0.649,0.300
38000,0.050,0.598,0.352
38500,0.056,0.580,0.364
39000,0.051,0.593,0.356
39500,0.050,0.681,0.269
40000,0.050,0.660,0.290
40500,0.050,0.652,0.298
41000,0.051,0.626,0.323
41500,0.050,0.612,0.338
42000,0.051,0.662,0.287
42500,0.050,0.671,0.279
43000,0.050,0.675,0.275
43500,0.050,0.654,0.296
44000,0.050,0.556,0.394
44500,0.058,0.543,0.399
45000,0.051,0.562,0.387
45500,0.051,0.577,0.372
46000,0.050,0.601,0.349
46500,0.050,0.613,0.337
47000,0.050,0.666,0.284
47500,0.050,0.713,0.237
48000,0.050,0.707,0.243
48500,0.050,0.742,0.208
49000,0.050,0.683,0.267
49500,0.054,0.645,0.301
50000,0.050,0.700,0.250
50500,0.050,0.669,0.281
51000,0.050,0.630,0.320
51500,0.050,0.596,0.354
52000,0.050,0.571,0.379
52500,0.050,0.580,0.370
53000,0.063,0.583,0.354
53500,0.054,0.585,0.361
54000,0.055,0.604,0.341
54500,0.050,0.685,0.265
55000,0.050,0.681,0.269
55500,0.050,0.684,0.266
56000,0.050,0.642,0.308
56500,0.050,0.637,0.313
57000,0.055,0.604,0.341
57500,0.052,0.704,0.244
58000,0.050,0.694,0.256
58500,0.054,0.655,0.291
59000,0.051,0.673,0.276
59500,0.050,0.664,0.286
60000,0.060,0.679,0.261
60500,0.051,0.677,0.272
61000,0.050,0.669,0.281
61500,0.050,0.668,0.282
62000,0.050,0.678,0.272
62500,0.050,0.667,0.283
63000,0.050,0.697,0.253
63500,0.052,0.624,0.324
64000,0.050,0.677,0.273
64500,0.050,0.677,0.273
65000,0.050,0.711,0.239
65500,0.050,0.624,0.326
66000,0.050,0.631,0.319
66500,0.050,0.651,0.299
67000,0.050,0.703,0.247
67500,0.050,0.695,0.255
68000,0.050,0.682,0.268
68500,0.050,0.661,0.289
69000,0.053,0.667,0.280
69500,0.051,0.700,0.249
70000,0.050,0.678,0.272
70500,0.050,0.690,0.260
71000,0.050,0.686,0.264
71500,0.054,0.634,0.312
72000,0.051,0.638,0.311
72500,0.050,0.732,0.218
73000,0.050,0.665,0.285
73500,0.054,0.622,0.324
74000,0.052,0.656,0.292
74500,0.057,0.677,0.266
75000,0.051,0.737,0.212
75500,0.050,0.713,0.237
76000,0.050,0.658,0.292
76500,0.050,0.605,0.345
77000,0.053,0.601,0.346
77500,0.051,0.570,0.379
78000,0.051,0.607,0.342
78500,0.050,0.588,0.362
79000,0.051,0.656,0.293
79500,0.052,0.629,0.319
80000,0.050,0.671,0.279
80500,0.050,0.714,0.236
81000,0.050,0.738,0.212
81500,0.050,0.690,0.260
82000,0.057,0.657,0.286
82500,0.053,0.690,0.257
83000,0.051,0.653,0.296
83500,0.050,0.691,0.259
84000,0.050,0.667,0.283
84500,0.052,0.628,0.320
85000,0.050,0.734,0.216
85500,0.050,0.735,0.215
86000,0.050,0.752,0.198
86500,0.050,0.704,0.246
87000,0.050,0.679,0.271
87500,0.050,0.667,0.283
88000,0.050,0.665,0.285
88500,0.051,0.672,0.277
89000,0.050,0.660,0.290
89500,0.050,0.623,0.327
90000,0.052,0.646,0.302
90500,0.051,0.689,0.260
91000,0.050,0.669,0.281
91500,0.050,0.665,0.285
92000,0.050,0.654,0.296
92500,0.050,0.640,0.310
93000,0.050,0.599,0.351
93500,0.050,0.623,0.327
94000,0.050,0.637,0.313
94500,0.050,0.675,0.275
95000,0.050,0.655,0.295
95500,0.050,0.677,0.273
96000,0.050,0.712,0.238
96500,0.050,0.680,0.270
97000,0.050,0.685,0.265
97500,0.050,0.676,0.274
98000,0.050,0.711,0.239
98500,0.050,0.708,0.242
99000,0.050,0.719,0.231
99500,0.050,0.681,0.269
100000,0.050,0.643,0.307
100500,0.050,0.658,0.292
101000,0.050,0.677,0.273
101500,0.050,0.667,0.283
102000,0.050,0.622,0.328
102500,0.050,0.689,0.261
103000,0.050,0.734,0.216
103500,0.050,0.696,0.254
104000,0.050,0.666,0.284
104500,0.050,0.673,0.277
105000,0.050,0.707,0.243
105500,0.050,0.659,0.291
106000,0.050,0.665,0.285
106500,0.050,0.673,0.277
107000,0.050,0.731,0.219
107500,0.050,0.782,0.168
108000,0.050,0.703,0.247
108500,0.050,0.671,0.279
109000,0.050,0.654,0.296
109500,0.050,0.649,0.301
110000,0.052,0.620,0.328
110500,0.050,0.603,0.347
111000,0.051,0.641,0.308
111500,0.050,0.663,0.287
112000,0.050,0.624,0.326
112500,0.050,0.661,0.289
113000,0.050,0.678,0.272
113500,0.054,0.622,0.324
114000,0.050,0.584,0.366
114500,0.050,0.594,0.356
115000,0.050,0.576,0.374
115500,0.052,0.611,0.337
116000,0.052,0.603,0.345
116500,0.050,0.645,0.305
117000,0.051,0.603,0.346
117500,0.050,0.616,0.334
118000,0.050,0.674,0.276
118500,0.050,0.696,0.254
119000,0.050,0.728,0.222
119500,0.050,0.720,0.230
120000,0.050,0.693,0.257
120500,0.050,0.737,0.213
121000,0.050,0.707,0.243
121500,0.050,0.624,0.326
122000,0.052,0.572,0.376
122500,0.054,0.532,0.414
123000,0.055,0.609,0.336
123500,0.053,0.597,0.350
124000,0.050,0.601,0.349
124500,0.050,0.639,0.311
125000,0.050,0.628,0.322
125500,0.050,0.646,0.304
126000,0.050,0.625,0.325
126500,0.050,0.677,0.273
127000,0.050,0.682,0.268
127500,0.050,0.677,0.273
128000,0.050,0.665,0.285
128500,0.050,0.640,0.310
129000,0.050,0.669,0.281
129500,0.050,0.673,0.277
130000,0.050,0.708,0.242
130500,0.053,0.618,0.329
131000,0.050,0.593,0.357
131500,0.056,0.642,0.302
132000,0.055,0.594,0.351
132500,0.056,0.622,0.322
133000,0.050,0.587,0.363
133500,0.052,0.657,0.291
134000,0.050,0.681,0.269
134500,0.050,0.635,0.315
135000,0.050,0.727,0.223
135500,0.050,0.707,0.243
136000,0.050,0.727,0.223
136500,0.050,0.695,0.255
137000,0.050,0.609,0.341
137500,0.051,0.648,0.301
138000,0.050,0.618,0.332
138500,0.050,0.599,0.351
139000,0.050,0.620,0.330
139500,0.050,0.639,0.311
140000,0.055,0.628,0.317
140500,0.050,0.657,0.293
141000,0.050,0.683,0.267
141500,0.050,0.664,0.286
142000,0.053,0.629,0.318
142500,0.050,0.635,0.315
143000,0.050,0.656,0.294
143500,0.050,0.660,0.290
144000,0.051,0.594,0.355
144500,0.058,0.594,0.348
145000,0.054,0.613,0.333
145500,0.050,0.649,0.301
146000,0.054,0.626,0.320
146500,0.051,0.678,0.271
147000,0.050,0.654,0.296
147500,0.052,0.588,0.360
148000,0.050,0.606,0.344
148500,0.053,0.608,0.339
149000,0.051,0.675,0.274
149500,0.050,0.672,0.278
150000,0.050,0.728,0.222
150500,0.050,0.620,0.330
151000,0.050,0.657,0.293
151500,0.050,0.668,0.282
152000,0.051,0.650,0.299
152500,0.050,0.635,0.315
153000,0.054,0.668,0.278
153500,0.050,0.650,0.300
154000,0.054,0.660,0.286
154500,0.051,0.667,0.282
155000,0.050,0.684,0.266
155500,0.050,0.671,0.279
156000,0.050,0.626,0.324
156500,0.050,0.660,0.290
157000,0.051,0.643,0.306
157500,0.050,0.657,0.293
158000,0.052,0.615,0.333
158500,0.050,0.636,0.314
159000,0.050,0.655,0.295
159500,0.054,0.658,0.288
160000,0.050,0.609,0.341
160500,0.052,0.610,0.338
161000,0.050,0.632,0.318
161500,0.050,0.686,0.264
162000,0.052,0.666,0.282
162500,0.050,0.628,0.322
163000,0.050,0.617,0.333
163500,0.050,0.633,0.317
164000,0.050,0.596,0.354
164500,0.056,0.558,0.386
165000,0.055,0.560,0.385
165500,0.051,0.600,0.349
166000,0.065,0.536,0.399
166500,0.056,0.485,0.459
167000,0.057,0.558,0.385
167500,0.050,0.625,0.325
168000,0.050,0.641,0.309
168500,0.050,0.677,0.273
169000,0.057,0.724,0.219
169500,0.052,0.706,0.242
170000,0.054,0.667,0.279
170500,0.050,0.631,0.319
171000,0.050,0.669,0.281
171500,0.052,0.678,0.270
172000,0.052,0.656,0.292
172500,0.051,0.657,0.292
173000,0.050,0.652,0.298
173500,0.050,0.657,0.293
174000,0.050,0.663,0.287
174500,0.052,0.604,0.344
175000,0.053,0.593,0.354
175500,0.050,0.658,0.292
176000,0.050,0.691,0.259
176500,0.050,0.690,0.260
177000,0.050,0.647,0.303
177500,0.051,0.639,0.310
178000,0.050,0.686,0.264
178500,0.050,0.666,0.284
179000,0.050,0.699,0.251
179500,0.050,0.695,0.255
180000,0.050,0.693,0.257
180500,0.050,0.712,0.238
181000,0.050,0.639,0.311
181500,0.053,0.601,0.346
182000,0.050,0.627,0.323
182500,0.050,0.639,0.311
183000,0.050,0.584,0.366
183500,0.050,0.622,0.328
184000,0.050,0.690,0.260
184500,0.050,0.605,0.345
185000,0.050,0.647,0.303
185500,0.050,0.577,0.373
186000,0.050,0.552,0.398
186500,0.051,0.594,0.355
187000,0.053,0.621,0.326
187500,0.050,0.641,0.309
188000,0.050,0.679,0.271
188500,0.050,0.692,0.258
189000,0.050,0.620,0.330
189500,0.051,0.594,0.355
190000,0.051,0.646,0.303
190500,0.051,0.597,0.352
191000,0.050,0.607,0.343
191500,0.059,0.586,0.355
192000,0.051,0.617,0.332
192500,0.050,0.627,0.323
193000,0.051,0.619,0.330
193500,0.055,0.649,0.296
194000,0.052,0.620,0.328
194500,0.050,0.641,0.309
195000,0.050,0.617,0.333
195500,0.052,0.624,0.324
196000,0.050,0.635,0.315
196500,0.050,0.645,0.305
197000,0.050,0.662,0.288
197500,0.050,0.623,0.327
198000,0.053,0.630,0.317
198500,0.051,0.613,0.336
199000,0.052,0.603,0.345
199500,0.052,0.641,0.307
200000,0.050,0.643,0.307
200500,0.050,0.614,0.336
201000,0.052,0.667,0.281
201500,0.053,0.638,0.309
202000,0.050,0.613,0.337
202500,0.050,0.674,0.276
203000,0.050,0.597,0.353
203500,0.050,0.692,0.258
204000,0.053,0.697,0.250
204500,0.050,0.632,0.318
205000,0.050,0.681,0.269
205500,0.050,0.707,0.243
206000,0.050,0.726,0.224
206500,0.050,0.703,0.247
207000,0.052,0.674,0.274
207500,0.051,0.658,0.291
208000,0.051,0.704,0.245
208500,0.050,0.668,0.282
209000,0.050,0.667,0.283
209500,0.050,0.702,0.248
210000,0.050,0.688,0.262
210500,0.050,0.687,0.263
211000,0.050,0.719,0.231
211500,0.050,0.695,0.255
212000,0.050,0.732,0.218
212500,0.050,0.699,0.251
213000,0.050,0.661,0.289
213500,0.056,0.605,0.339
214000,0.050,0.664,0.286
214500,0.050,0.713,0.237
215000,0.050,0.735,0.215
215500,0.050,0.722,0.228
216000,0.051,0.644,0.305
216500,0.050,0.646,0.304
217000,0.053,0.586,0.361
217500,0.054,0.547,0.399
218000,0.055,0.623,0.322
218500,0.051,0.611,0.338
219000,0.050,0.702,0.248
219500,0.053,0.678,0.269
220000,0.050,0.672,0.278
220500,0.055,0.601,0.344
221000,0.051,0.618,0.331
221500,0.051,0.626,0.323
222000,0.050,0.615,0.335
222500,0.056,0.614,0.330
223000,0.050,0.631,0.319
223500,0.050,0.656,0.294
224000,0.052,0.671,0.277
224500,0.050,0.634,0.316
225000,0.050,0.616,0.334
225500,0.050,0.559,0.391
226000,0.053,0.607,0.340
226500,0.052,0.584,0.364
227000,0.051,0.599,0.350
227500,0.050,0.641,0.309
228000,0.053,0.660,0.287
228500,0.053,0.621,0.326
229000,0.054,0.577,0.369
229500,0.052,0.621,0.327
230000,0.053,0.602,0.345
230500,0.051,0.629,0.320
231000,0.050,0.570,0.380
231500,0.051,0.600,0.349
232000,0.050,0.633,0.317
232500,0.050,0.603,0.347
233000,0.051,0.617,0.332
233500,0.050,0.639,0.311
234000,0.050,0.704,0.246
234500,0.052,0.713,0.235
235000,0.051,0.660,0.289
235500,0.050,0.647,0.303
236000,0.050,0.653,0.297
236500,0.050,0.654,0.296
237000,0.050,0.665,0.285
237500,0.050,0.710,0.240
238000,0.053,0.647,0.300
238500,0.050,0.645,0.305
239000,0.050,0.678,0.272
239500,0.053,0.701,0.246
240000,0.051,0.673,0.276
240500,0.050,0.693,0.257
241000,0.050,0.707,0.243
241500,0.050,0.664,0.286
242000,0.050,0.593,0.357
242500,0.050,0.630,0.320
243000,0.050,0.681,0.269
243500,0.050,0.636,0.314
244000,0.050,0.608,0.342
244500,0.050,0.595,0.355
245000,0.050,0.626,0.324
245500,0.050,0.665,0.285
246000,0.050,0.664,0.286
246500,0.050,0.626,0.324
247000,0.050,0.659,0.291
247500,0.050,0.699,0.251
248000,0.050,0.723,0.227
248500,0.050,0.736,0.214
249000,0.050,0.647,0.303
249500,0.050,0.682,0.268
250000,0.056,0.627,0.317
250500,0.050,0.621,0.329
251000,0.054,0.639,0.307
251500,0.050,0.579,0.371
252000,0.050,0.617,0.333
252500,0.055,0.589,0.356
253000,0.053,0.561,0.386
253500,0.051,0.599,0.350
254000,0.050,0.621,0.329
254500,0.050,0.605,0.345
255000,0.050,0.619,0.331
255500,0.059,0.611,0.330
256000,0.050,0.636,0.314
256500,0.053,0.551,0.396
257000,0.051,0.611,0.338
257500,0.051,0.625,0.324
258000,0.052,0.573,0.375
258500,0.050,0.606,0.344
259000,0.050,0.577,0.373
259500,0.050,0.650,0.300
260000,0.050,0.691,0.259
260500,0.050,0.707,0.243
261000,0.050,0.717,0.233
261500,0.050,0.729,0.221
262000,0.050,0.722,0.228
262500,0.050,0.691,0.259
263000,0.050,0.655,0.295
263500,0.050,0.676,0.274
264000,0.050,0.626,0.324
264500,0.050,0.629,0.321
265000,0.051,0.646,0.303
265500,0.050,0.694,0.256
266000,0.050,0.701,0.249
266500,0.050,0.649,0.301
267000,0.050,0.664,0.286
267500,0.050,0.701,0.249
268000,0.050,0.678,0.272
268500,0.050,0.691,0.259
269000,0.050,0.716,0.234
269500,0.050,0.627,0.323
270000,0.050,0.604,0.346
270500,0.053,0.637,0.310
271000,0.050,0.650,0.300
271500,0.050,0.646,0.304
272000,0.054,0.646,0.300
272500,0.051,0.607,0.342
273000,0.052,0.675,0.273
273500,0.050,0.659,0.291
274000,0.050,0.646,0.304
274500,0.050,0.669,0.281
275000,0.050,0.684,0.266
275500,0.051,0.643,0.306
276000,0.050,0.708,0.242
276500,0.050,0.695,0.255
277000,0.050,0.677,0.273
277500,0.050,0.728,0.222
278000,0.050,0.723,0.227
278500,0.051,0.670,0.279
279000,0.050,0.710,0.240
279500,0.050,0.704,0.246
280000,0.050,0.686,0.264
280500,0.050,0.714,0.236
281000,0.050,0.708,0.242
281500,0.055,0.665,0.280
282000,0.050,0.659,0.291
282500,0.050,0.669,0.281
283000,0.051,0.589,0.360
283500,0.050,0.631,0.319
284000,0.050,0.667,0.283
284500,0.050,0.703,0.247
285000,0.050,0.622,0.328
285500,0.050,0.616,0.334
286000,0.054,0.624,0.322
286500,0.051,0.645,0.304
287000,0.050,0.665,0.285
287500,0.056,0.642,0.302
288000,0.050,0.589,0.361
288500,0.050,0.574,0.376
289000,0.052,0.589,0.359
289500,0.050,0.654,0.296
290000,0.050,0.697,0.253
290500,0.051,0.644,0.305
291000,0.050,0.655,0.295
291500,0.050,0.694,0.256
292000,0.050,0.745,0.205
292500,0.050,0.733,0.217
293000,0.050,0.717,0.233
293500,0.050,0.707,0.243
294000,0.050,0.631,0.319
294500,0.050,0.595,0.355
295000,0.053,0.641,0.306
295500,0.050,0.558,0.392
296000,0.050,0.589,0.361
296500,0.050,0.614,0.336
297000,0.050,0.690,0.260
297500,0.050,0.675,0.275
298000,0.051,0.683,0.266
298500,0.050,0.668,0.282
299000,0.050,0.700,0.250
299500,0.050,0.629,0.321
300000,0.050,0.658,0.292
300500,0.055,0.609,0.336
301000,0.050,0.637,0.313
301500,0.050,0.663,0.287
302000,0.050,0.591,0.359
302500,0.052,0.603,0.345
303000,0.051,0.607,0.342
303500,0.050,0.667,0.283
304000,0.050,0.626,0.324
304500,0.055,0.688,0.257
305000,0.051,0.661,0.288
305500,0.050,0.634,0.316
306000,0.050,0.672,0.278
306500,0.050,0.715,0.235
307000,0.050,0.657,0.293
307500,0.055,0.644,0.301
308000,0.051,0.599,0.350
308500,0.054,0.693,0.253
309000,0.051,0.662,0.287
309500,0.054,0.656,0.290
310000,0.051,0.680,0.269
310500,0.051,0.666,0.283
311000,0.050,0.653,0.297
311500,0.055,0.634,0.311
312000,0.055,0.601,0.344
312500,0.054,0.630,0.316
313000,0.061,0.654,0.285
313500,0.053,0.604,0.343
314000,0.051,0.691,0.258
314500,0.050,0.661,0.289
315000,0.051,0.689,0.260
315500,0.050,0.637,0.313
316000,0.050,0.659,0.291
316500,0.050,0.658,0.292
317000,0.052,0.665,0.283
317500,0.050,0.624,0.326
318000,0.053,0.618,0.329
318500,0.051,0.632,0.317
319000,0.050,0.698,0.252
319500,0.050,0.635,0.315
320000,0.050,0.654,0.296
320500,0.055,0.633,0.312
321000,0.050,0.673,0.277
321500,0.050,0.607,0.343
322000,0.050,0.625,0.325
322500,0.050,0.642,0.308
323000,0.054,0.585,0.361
323500,0.051,0.622,0.327
324000,0.050,0.617,0.333
324500,0.050,0.642,0.308
325000,0.050,0.672,0.278
325500,0.055,0.655,0.290
326000,0.050,0.702,0.248
326500,0.050,0.647,0.303
327000,0.051,0.654,0.295
327500,0.051,0.582,0.367
328000,0.051,0.670,0.279
328500,0.051,0.681,0.268
329000,0.050,0.705,0.245
329500,0.050,0.707,0.243
330000,0.050,0.684,0.266
330500,0.050,0.650,0.300
331000,0.050,0.667,0.283
331500,0.050,0.693,0.257
332000,0.050,0.668,0.282
332500,0.050,0.657,0.293
333000,0.050,0.654,0.296
333500,0.050,0.662,0.288
334000,0.051,0.644,0.305
334500,0.054,0.600,0.346
335000,0.050,0.651,0.299
335500,0.052,0.629,0.319
336000,0.050,0.583,0.367
336500,0.055,0.589,0.356
337000,0.052,0.628,0.320
337500,0.050,0.617,0.333
338000,0.056,0.628,0.316
338500,0.051,0.649,0.300
339000,0.050,0.621,0.329
339500,0.050,0.701,0.249
340000,0.050,0.649,0.301
340500,0.050,0.606,0.344
341000,0.050,0.624,0.326
341500,0.050,0.639,0.311
342000,0.050,0.675,0.275
342500,0.052,0.643,0.305
343000,0.051,0.676,0.273
343500,0.050,0.662,0.288
344000,0.050,0.683,0.267
344500,0.050,0.648,0.302
345000,0.050,0.700,0.250
345500,0.050,0.715,0.235
346000,0.050,0.633,0.317
346500,0.050,0.647,0.303
347000,0.050,0.618,0.332
347500,0.050,0.593,0.357
348000,0.053,0.570,0.377
348500,0.055,0.621,0.324
349000,0.050,0.658,0.292
349500,0.050,0.649,0.301
350000,0.050,0.733,0.217
350500,0.050,0.659,0.291
351000,0.050,0.721,0.229
351500,0.050,0.678,0.272
352000,0.050,0.696,0.254
352500,0.050,0.659,0.291
353000,0.054,0.580,0.366
353500,0.053,0.621,0.326
354000,0.051,0.575,0.374
354500,0.050,0.629,0.321
355000,0.052,0.615,0.333
355500,0.054,0.597,0.349
356000,0.051,0.650,0.299
356500,0.050,0.628,0.322
357000,0.053,0.623,0.324
357500,0.052,0.594,0.354
358000,0.051,0.569,0.380
358500,0.058,0.577,0.365
359000,0.051,0.621,0.328
359500,0.054,0.647,0.299
360000,0.051,0.596,0.353
360500,0.052,0.536,0.412
361000,0.058,0.610,0.332
361500,0.051,0.572,0.377
362000,0.054,0.616,0.330
362500,0.055,0.672,0.273
363000,0.050,0.700,0.250
363500,0.053,0.747,0.200
364000,0.051,0.741,0.208
364500,0.051,0.685,0.264
365000,0.057,0.597,0.346
365500,0.052,0.650,0.298
366000,0.050,0.677,0.273
366500,0.050,0.696,0.254
367000,0.050,0.676,0.274
367500,0.050,0.602,0.348
368000,0.050,0.587,0.363
368500,0.054,0.638,0.308
369000,0.051,0.633,0.316
369500,0.050,0.667,0.283
370000,0.053,0.697,0.250
370500,0.050,0.657,0.293
371000,0.056,0.660,0.284
371500,0.050,0.658,0.292
372000,0.050,0.653,0.297
372500,0.050,0.641,0.309
373000,0.056,0.614,0.330
373500,0.050,0.628,0.322
374000,0.054,0.575,0.371
374500,0.050,0.613,0.337
375000,0.050,0.670,0.280
375500,0.050,0.697,0.253
376000,0.050,0.697,0.253
376500,0.050,0.674,0.276
377000,0.050,0.667,0.283
377500,0.050,0.684,0.266
378000,0.050,0.648,0.302
378500,0.050,0.633,0.317
379000,0.050,0.610,0.340
379500,0.053,0.662,0.285
380000,0.050,0.704,0.246
380500,0.050,0.701,0.249
381000,0.050,0.677,0.273
381500,0.050,0.624,0.326
382000,0.053,0.634,0.313
382500,0.050,0.631,0.319
383000,0.050,0.676,0.274
383500,0.050,0.632,0.318
384000,0.050,0.671,0.279
384500,0.050,0.652,0.298
385000,0.050,0.624,0.326
385500,0.050,0.683,0.267
386000,0.050,0.693,0.257
386500,0.050,0.718,0.232
387000,0.050,0.668,0.282
387500,0.053,0.660,0.287
388000,0.051,0.680,0.269
388500,0.050,0.708,0.242
389000,0.050,0.739,0.211
389500,0.050,0.771,0.179
390000,0.050,0.682,0.268
390500,0.050,0.682,0.268
391000,0.050,0.616,0.334
391500,0.052,0.599,0.349
392000,0.051,0.597,0.352
392500,0.052,0.643,0.305
393000,0.050,0.669,0.281
393500,0.050,0.670,0.280
394000,0.050,0.668,0.282
394500,0.050,0.619,0.331
395000,0.050,0.675,0.275
395500,0.050,0.639,0.311
396000,0.050,0.582,0.368
396500,0.050,0.616,0.334
397000,0.055,0.647,0.298
397500,0.052,0.551,0.397
398000,0.057,0.567,0.376
398500,0.053,0.661,0.286
399000,0.050,0.694,0.256
399500,0.050,0.747,0.203
400000,0.050,0.745,0.205
400500,0.050,0.721,0.229
401000,0.050,0.744,0.206
401500,0.050,0.699,0.251
402000,0.050,0.663,0.287
402500,0.050,0.607,0.343
403000,0.050,0.629,0.321
403500,0.050,0.616,0.334
404000,0.054,0.632,0.314
404500,0.050,0.642,0.308
405000,0.052,0.624,0.324
405500,0.050,0.638,0.312
406000,0.052,0.661,0.287
406500,0.054,0.627,0.319
407000,0.052,0.586,0.362
407500,0.060,0.544,0.396
408000,0.054,0.586,0.360
408500,0.061,0.584,0.355
409000,0.055,0.565,0.380
409500,0.064,0.588,0.348
410000,0.054,0.628,0.318
410500,0.051,0.668,0.281
411000,0.050,0.616,0.334
411500,0.050,0.674,0.276
412000,0.054,0.672,0.274
412500,0.051,0.707,0.242
413000,0.050,0.696,0.254
413500,0.050,0.697,0.253
414000,0.050,0.713,0.237
414500,0.050,0.725,0.225
415000,0.050,0.736,0.214
415500,0.050,0.649,0.301
416000,0.057,0.656,0.287
416500,0.052,0.641,0.307
417000,0.050,0.645,0.305
417500,0.051,0.656,0.293
418000,0.050,0.657,0.293
418500,0.058,0.570,0.372
419000,0.051,0.595,0.354
419500,0.050,0.672,0.278
420000,0.056,0.689,0.255
420500,0.053,0.730,0.217
421000,0.050,0.649,0.301
421500,0.052,0.537,0.411
422000,0.051,0.616,0.333
422500,0.053,0.581,0.366
423000,0.051,0.665,0.284
423500,0.055,0.619,0.326
424000,0.055,0.593,0.352
424500,0.050,0.636,0.314
425000,0.050,0.698,0.252
425500,0.050,0.622,0.328
426000,0.050,0.629,0.321
426500,0.050,0.683,0.267
427000,0.051,0.618,0.331
427500,0.054,0.578,0.368
428000,0.056,0.619,0.325
428500,0.051,0.617,0.332
429000,0.050,0.594,0.356
429500,0.050,0.669,0.281
430000,0.050,0.641,0.309
430500,0.050,0.652,0.298
431000,0.050,0.676,0.274
431500,0.050,0.717,0.233
432000,0.050,0.665,0.285
432500,0.050,0.708,0.242
433000,0.050,0.654,0.296
433500,0.050,0.605,0.345
434000,0.051,0.665,0.284
434500,0.050,0.669,0.281
435000,0.050,0.626,0.324
435500,0.050,0.601,0.349
436000,0.050,0.658,0.292
436500,0.050,0.700,0.250
437000,0.050,0.709,0.241
437500,0.055,0.668,0.277
438000,0.052,0.663,0.285
438500,0.051,0.683,0.266
439000,0.050,0.734,0.216
439500,0.050,0.706,0.244
440000,0.050,0.725,0.225
440500,0.050,0.769,0.181
441000,0.050,0.828,0.122
441500,0.050,0.773,0.177
442000,0.050,0.722,0.228
442500,0.050,0.676,0.274
443000,0.050,0.664,0.286
443500,0.050,0.654,0.296
444000,0.052,0.638,0.310
444500,0.050,0.655,0.295
445000,0.050,0.671,0.279
445500,0.051,0.645,0.304
446000,0.050,0.680,0.270
446500,0.053,0.581,0.366
447000,0.051,0.601,0.348
447500,0.053,0.631,0.316
448000,0.052,0.608,0.340
448500,0.050,0.642,0.308
449000,0.051,0.636,0.313
449500,0.050,0.662,0.288
450000,0.050,0.644,0.306
450500,0.050,0.665,0.285
451000,0.050,0.639,0.311
451500,0.050,0.685,0.265
452000,0.050,0.663,0.287
452500,0.050,0.715,0.235
453000,0.050,0.695,0.255
453500,0.050,0.686,0.264
454000,0.051,0.677,0.272
454500,0.050,0.637,0.313
455000,0.051,0.596,0.353
455500,0.051,0.665,0.284
456000,0.050,0.616,0.334
456500,0.050,0.610,0.340
457000,0.053,0.667,0.280
457500,0.050,0.597,0.353
458000,0.050,0.671,0.279
458500,0.050,0.668,0.282
459000,0.050,0.642,0.308
459500,0.052,0.632,0.316
460000,0.056,0.618,0.326
460500,0.051,0.591,0.358
461000,0.050,0.651,0.299
461500,0.050,0.580,0.370
462000,0.054,0.612,0.334
462500,0.050,0.615,0.335
463000,0.050,0.679,0.271
463500,0.050,0.640,0.310
464000,0.050,0.650,0.300
464500,0.050,0.651,0.299
465000,0.050,0.642,0.308
465500,0.050,0.593,0.357
466000,0.055,0.635,0.310
466500,0.051,0.630,0.319
467000,0.050,0.620,0.330
467500,0.057,0.643,0.300
468000,0.052,0.587,0.361
468500,0.050,0.621,0.329
469000,0.050,0.654,0.296
469500,0.050,0.644,0.306
470000,0.050,0.654,0.296
470500,0.050,0.617,0.333
471000,0.050,0.664,0.286
471500,0.053,0.701,0.246
472000,0.050,0.700,0.250
472500,0.050,0.681,0.269
473000,0.050,0.659,0.291
473500,0.050,0.661,0.289
474000,0.051,0.729,0.220
474500,0.050,0.677,0.273
475000,0.050,0.646,0.304
475500,0.056,0.616,0.328
476000,0.055,0.639,0.306
476500,0.051,0.597,0.352
477000,0.056,0.577,0.367
477500,0.052,0.626,0.322
478000,0.050,0.626,0.324
478500,0.050,0.635,0.315
479000,0.050,0.599,0.351
479500,0.053,0.609,0.338
480000,0.050,0.647,0.303
480500,0.054,0.665,0.281
481000,0.056,0.639,0.305
481500,0.052,0.644,0.304
482000,0.051,0.628,0.321
482500,0.050,0.637,0.313
483000,0.050,0.625,0.325
483500,0.050,0.737,0.213
484000,0.056,0.641,0.303
484500,0.056,0.641,0.303
485000,0.050,0.659,0.291
485500,0.055,0.582,0.363
486000,0.052,0.658,0.290
486500,0.050,0.606,0.344
487000,0.054,0.616,0.330
487500,0.057,0.581,0.362
488000,0.050,0.551,0.399
488500,0.054,0.595,0.351
489000,0.052,0.593,0.355
489500,0.054,0.614,0.332
490000,0.054,0.556,0.390
490500,0.055,0.571,0.374
491000,0.051,0.575,0.374
491500,0.050,0.671,0.279
492000,0.050,0.657,0.293
492500,0.050,0.663,0.287
493000,0.050,0.650,0.300
493500,0.050,0.673,0.277
494000,0.050,0.653,0.297
494500,0.050,0.663,0.287
495000,0.053,0.658,0.289
495500,0.052,0.664,0.284
496000,0.050,0.678,0.272
496500,0.050,0.647,0.303
497000,0.050,0.626,0.324
497500,0.050,0.626,0.324
498000,0.050,0.654,0.296
498500,0.050,0.674,0.276
499000,0.054,0.612,0.334
499500,0.051,0.645,0.304
500000,0.050,0.653,0.297
500500,0.050,0.640,0.310
501000,0.053,0.627,0.320
501500,0.050,0.685,0.265
502000,0.053,0.724,0.223
502500,0.050,0.694,0.256
503000,0.050,0.653,0.297
503500,0.050,0.686,0.264
504000,0.050,0.637,0.313
504500,0.050,0.640,0.310
505000,0.050,0.651,0.299
505500,0.050,0.629,0.321
506000,0.050,0.655,0.295
506500,0.050,0.733,0.217
507000,0.050,0.747,0.203
507500,0.050,0.732,0.218
508000,0.050,0.640,0.310
508500,0.050,0.602,0.348
509000,0.050,0.559,0.391
509500,0.051,0.618,0.331
510000,0.050,0.591,0.359
510500,0.050,0.639,0.311
511000,0.050,0.664,0.286
511500,0.050,0.660,0.290
512000,0.050,0.674,0.276
512500,0.050,0.669,0.281
513000,0.050,0.697,0.253
513500,0.050,0.686,0.264
514000,0.050,0.654,0.296
514500,0.050,0.631,0.319
515000,0.051,0.638,0.311
515500,0.050,0.629,0.321
516000,0.050,0.679,0.271
516500,0.050,0.662,0.288
517000,0.050,0.669,0.281
517500,0.055,0.575,0.370
518000,0.052,0.656,0.292
518500,0.051,0.657,0.292
519000,0.059,0.570,0.371
519500,0.056,0.539,0.405
520000,0.053,0.577,0.370
520500,0.052,0.614,0.334
521000,0.050,0.632,0.318
521500,0.050,0.656,0.294
522000,0.051,0.659,0.290
522500,0.050,0.670,0.280
523000,0.050,0.688,0.262
523500,0.050,0.687,0.263
524000,0.050,0.705,0.245
524500,0.050,0.708,0.242
525000,0.050,0.679,0.271
525500,0.051,0.679,0.270
526000,0.050,0.673,0.277
526500,0.050,0.690,0.260
527000,0.055,0.682,0.263
527500,0.050,0.639,0.311
528000,0.050,0.666,0.284
528500,0.050,0.665,0.285
529000,0.050,0.701,0.249
529500,0.050,0.702,0.248
530000,0.050,0.757,0.193
530500,0.050,0.711,0.239
531000,0.050,0.726,0.224
531500,0.050,0.702,0.248
532000,0.050,0.651,0.299
532500,0.050,0.674,0.276
533000,0.050,0.679,0.271
533500,0.050,0.611,0.339
534000,0.050,0.656,0.294
534500,0.051,0.556,0.393
535000,0.069,0.548,0.383
535500,0.054,0.611,0.335
536000,0.051,0.612,0.337
536500,0.055,0.650,0.295
537000,0.052,0.598,0.350
537500,0.051,0.601,0.348
538000,0.052,0.641,0.307
538500,0.050,0.667,0.283
539000,0.050,0.695,0.255
539500,0.050,0.669,0.281
540000,0.054,0.654,0.292
540500,0.052,0.622,0.326
541000,0.050,0.699,0.251
541500,0.050,0.689,0.261
542000,0.050,0.664,0.286
542500,0.050,0.683,0.267
543000,0.052,0.623,0.325
543500,0.050,0.665,0.285
544000,0.052,0.601,0.347
544500,0.053,0.678,0.269
545000,0.050,0.688,0.262
545500,0.050,0.694,0.256
546000,0.055,0.650,0.295
546500,0.051,0.669,0.280
547000,0.051,0.661,0.288
547500,0.050,0.625,0.325
548000,0.050,0.666,0.284
548500,0.050,0.662,0.288
549000,0.050,0.651,0.299
549500,0.056,0.596,0.348
550000,0.052,0.561,0.387
550500,0.054,0.581,0.365
551000,0.051,0.621,0.328
551500,0.050,0.635,0.315
552000,0.050,0.665,0.285
552500,0.050,0.621,0.329
553000,0.053,0.602,0.345
553500,0.057,0.642,0.301
554000,0.052,0.585,0.363
554500,0.051,0.652,0.297
555000,0.050,0.695,0.255
555500,0.050,0.659,0.291
556000,0.050,0.606,0.344
556500,0.051,0.637,0.312
557000,0.050,0.598,0.352
557500,0.050,0.573,0.377
558000,0.051,0.578,0.371
558500,0.050,0.640,0.310
559000,0.050,0.640,0.310
559500,0.051,0.592,0.357
560000,0.053,0.618,0.329
560500,0.050,0.652,0.298
561000,0.050,0.692,0.258
561500,0.050,0.677,0.273
562000,0.050,0.645,0.305
562500,0.053,0.635,0.312
563000,0.050,0.626,0.324
563500,0.050,0.678,0.272
564000,0.050,0.724,0.226
564500,0.050,0.707,0.243
565000,0.050,0.706,0.244
565500,0.050,0.697,0.253
566000,0.050,0.630,0.320
566500,0.050,0.614,0.336
567000,0.050,0.617,0.333
567500,0.050,0.675,0.275
568000,0.050,0.690,0.260
568500,0.053,0.660,0.287
569000,0.053,0.638,0.309
569500,0.051,0.684,0.265
570000,0.050,0.705,0.245
570500,0.050,0.731,0.219
571000,0.050,0.677,0.273
571500,0.055,0.670,0.275
572000,0.050,0.709,0.241
572500,0.054,0.607,0.339
573000,0.053,0.597,0.350
573500,0.050,0.632,0.318
574000,0.050,0.662,0.288
574500,0.050,0.639,0.311
575000,0.050,0.699,0.251
575500,0.050,0.652,0.298
576000,0.050,0.690,0.260
576500,0.050,0.709,0.241
577000,0.050,0.687,0.263
577500,0.050,0.712,0.238
578000,0.050,0.671,0.279
578500,0.050,0.692,0.258
579000,0.050,0.716,0.234
579500,0.050,0.662,0.288
580000,0.050,0.678,0.272
580500,0.050,0.687,0.263
581000,0.050,0.658,0.292
581500,0.054,0.607,0.339
582000,0.052,0.659,0.289
582500,0.054,0.631,0.315
583000,0.053,0.587,0.360
583500,0.052,0.546,0.402
584000,0.050,0.558,0.392
584500,0.054,0.626,0.320
585000,0.052,0.560,0.388
585500,0.050,0.586,0.364
586000,0.053,0.616,0.331
586500,0.051,0.641,0.308
587000,0.052,0.586,0.362
587500,0.050,0.675,0.275
588000,0.051,0.733,0.216
588500,0.050,0.649,0.301
589000,0.058,0.614,0.328
589500,0.055,0.647,0.298
590000,0.051,0.634,0.315
590500,0.050,0.641,0.309
591000,0.050,0.619,0.331
591500,0.050,0.634,0.316
592000,0.050,0.691,0.259
592500,0.050,0.615,0.335
593000,0.051,0.570,0.379
593500,0.052,0.593,0.355
594000,0.052,0.688,0.260
594500,0.056,0.611,0.333
595000,0.050,0.650,0.300
595500,0.050,0.678,0.272
596000,0.050,0.644,0.306
596500,0.050,0.698,0.252
597000,0.050,0.709,0.241
597500,0.050,0.707,0.243
598000,0.050,0.748,0.202
598500,0.050,0.680,0.270
599000,0.050,0.661,0.289
599500,0.052,0.650,0.298
600000,0.052,0.693,0.255
600500,0.050,0.735,0.215
601000,0.051,0.731,0.218
601500,0.050,0.666,0.284
602000,0.050,0.683,0.267
602500,0.050,0.682,0.268
603000,0.050,0.690,0.260
603500,0.050,0.621,0.329
604000,0.050,0.619,0.331
604500,0.055,0.646,0.299
605000,0.051,0.574,0.375
605500,0.050,0.645,0.305
606000,0.050,0.699,0.251
606500,0.055,0.678,0.267
607000,0.053,0.687,0.260
607500,0.050,0.660,0.290
608000,0.050,0.644,0.306
608500,0.050,0.616,0.334
609000,0.056,0.595,0.349
609500,0.053,0.674,0.273
610000,0.050,0.592,0.358
610500,0.050,0.715,0.235
611000,0.050,0.706,0.244
611500,0.051,0.696,0.253
612000,0.050,0.688,0.262
612500,0.050,0.689,0.261
613000,0.050,0.657,0.293
613500,0.050,0.710,0.240
614000,0.050,0.645,0.305
614500,0.050,0.695,0.255
615000,0.050,0.697,0.253
615500,0.050,0.632,0.318
616000,0.051,0.654,0.295
616500,0.050,0.619,0.331
617000,0.050,0.611,0.339
617500,0.050,0.641,0.309
618000,0.050,0.616,0.334
618500,0.050,0.644,0.306
619000,0.050,0.652,0.298
619500,0.050,0.641,0.309
620000,0.050,0.695,0.255
620500,0.050,0.650,0.300
621000,0.052,0.679,0.269
621500,0.050,0.641,0.309
622000,0.051,0.703,0.246
622500,0.051,0.630,0.319
623000,0.053,0.595,0.352
623500,0.050,0.643,0.307
624000,0.050,0.627,0.323
624500,0.050,0.633,0.317
625000,0.050,0.635,0.315
625500,0.050,0.656,0.294
626000,0.050,0.649,0.301
626500,0.051,0.694,0.255
627000,0.054,0.699,0.247
627500,0.052,0.691,0.257
628000,0.050,0.657,0.293
628500,0.051,0.683,0.266
629000,0.050,0.595,0.355
629500,0.050,0.630,0.320
630000,0.052,0.657,0.291
630500,0.052,0.620,0.328
631000,0.052,0.598,0.350
631500,0.050,0.615,0.335
632000,0.050,0.668,0.282
632500,0.050,0.722,0.228
633000,0.050,0.689,0.261
633500,0.051,0.608,0.341
634000,0.050,0.596,0.354
634500,0.051,0.652,0.297
635000,0.050,0.690,0.260
635500,0.050,0.685,0.265
636000,0.050,0.672,0.278
636500,0.050,0.699,0.251
637000,0.050,0.689,0.261
637500,0.050,0.633,0.317
638000,0.051,0.633,0.316
638500,0.050,0.640,0.310
639000,0.050,0.597,0.353
639500,0.050,0.675,0.275
640000,0.050,0.654,0.296
640500,0.050,0.681,0.269
641000,0.050,0.725,0.225
641500,0.050,0.623,0.327
642000,0.058,0.605,0.337
642500,0.051,0.628,0.321
643000,0.050,0.602,0.348
643500,0.050,0.628,0.322
644000,0.050,0.666,0.284
644500,0.050,0.701,0.249
645000,0.050,0.682,0.268
645500,0.050,0.663,0.287
646000,0.050,0.668,0.282
646500,0.050,0.689,0.261
647000,0.050,0.673,0.277
647500,0.050,0.659,0.291
648000,0.056,0.630,0.314
648500,0.050,0.643,0.307
649000,0.056,0.627,0.317
649500,0.053,0.691,0.256
650000,0.051,0.648,0.301
650500,0.050,0.636,0.314
651000,0.050,0.576,0.374
651500,0.050,0.594,0.356
652000,0.050,0.657,0.293
652500,0.051,0.690,0.259
653000,0.050,0.722,0.228
653500,0.050,0.629,0.321
654000,0.059,0.604,0.337
654500,0.053,0.648,0.299
655000,0.051,0.677,0.272
655500,0.050,0.706,0.244
656000,0.058,0.664,0.278
656500,0.050,0.654,0.296
657000,0.050,0.608,0.342
657500,0.050,0.657,0.293
658000,0.054,0.684,0.262
658500,0.051,0.693,0.256
659000,0.050,0.721,0.229
659500,0.050,0.752,0.198
660000,0.050,0.745,0.205
660500,0.050,0.687,0.263
661000,0.050,0.657,0.293
661500,0.050,0.697,0.253
662000,0.050,0.689,0.261
662500,0.052,0.700,0.248
663000,0.050,0.640,0.310
663500,0.050,0.624,0.326
664000,0.050,0.684,0.266
664500,0.050,0.678,0.272
665000,0.050,0.694,0.256
665500,0.050,0.717,0.233
666000,0.054,0.677,0.269
666500,0.052,0.669,0.279
667000,0.051,0.650,0.299
667500,0.052,0.646,0.302
668000,0.051,0.668,0.281
668500,0.053,0.648,0.299
669000,0.052,0.625,0.323
669500,0.052,0.617,0.331
670000,0.050,0.626,0.324
670500,0.050,0.663,0.287
671000,0.050,0.737,0.213
671500,0.050,0.714,0.236
672000,0.050,0.647,0.303
672500,0.050,0.624,0.326
673000,0.050,0.591,0.359
673500,0.050,0.604,0.346
674000,0.050,0.675,0.275
674500,0.050,0.648,0.302
675000,0.053,0.676,0.271
675500,0.050,0.663,0.287
676000,0.052,0.696,0.252
676500,0.054,0.685,0.261
677000,0.052,0.694,0.254
677500,0.050,0.677,0.273
678000,0.050,0.710,0.240
678500,0.050,0.684,0.266
679000,0.051,0.678,0.271
679500,0.050,0.698,0.252
680000,0.050,0.706,0.244
680500,0.050,0.696,0.254
681000,0.050,0.622,0.328
681500,0.051,0.554,0.395
682000,0.050,0.630,0.320
682500,0.050,0.640,0.310
683000,0.050,0.678,0.272
683500,0.050,0.613,0.337
684000,0.050,0.603,0.347
684500,0.050,0.652,0.298
685000,0.053,0.675,0.272
685500,0.050,0.693,0.257
686000,0.050,0.682,0.268
686500,0.050,0.686,0.264
687000,0.050,0.715,0.235
687500,0.050,0.715,0.235
688000,0.050,0.700,0.250
688500,0.050,0.663,0.287
689000,0.050,0.684,0.266
689500,0.050,0.682,0.268
690000,0.050,0.702,0.248
690500,0.050,0.684,0.266
691000,0.050,0.674,0.276
691500,0.050,0.665,0.285
692000,0.050,0.664,0.286
692500,0.050,0.695,0.255
693000,0.050,0.675,0.275
693500,0.050,0.648,0.302
694000,0.050,0.588,0.362
694500,0.050,0.677,0.273
695000,0.050,0.634,0.316
695500,0.050,0.712,0.238
696000,0.050,0.656,0.294
696500,0.050,0.657,0.293
697000,0.050,0.652,0.298
697500,0.050,0.596,0.354
698000,0.050,0.612,0.338
698500,0.050,0.589,0.361
699000,0.051,0.568,0.381
699500,0.056,0.589,0.355
700000,0.050,0.639,0.311
700500,0.050,0.684,0.266
701000,0.050,0.664,0.286
701500,0.050,0.664,0.286
702000,0.050,0.677,0.273
702500,0.050,0.633,0.317
703000,0.050,0.650,0.300
703500,0.050,0.586,0.364
704000,0.050,0.617,0.333
704500,0.053,0.630,0.317
705000,0.051,0.616,0.333
705500,0.050,0.599,0.351
706000,0.056,0.591,0.353
706500,0.054,0.565,0.381
707000,0.051,0.628,0.321
707500,0.050,0.635,0.315
708000,0.050,0.660,0.290
708500,0.050,0.732,0.218
709000,0.050,0.686,0.264
709500,0.050,0.668,0.282
710000,0.050,0.673,0.277
710500,0.052,0.652,0.296
711000,0.050,0.570,0.380
711500,0.050,0.569,0.381
712000,0.050,0.583,0.367
712500,0.050,0.618,0.332
713000,0.050,0.657,0.293
713500,0.050,0.697,0.253
714000,0.050,0.652,0.298
714500,0.050,0.675,0.275
715000,0.050,0.647,0.303
715500,0.050,0.637,0.313
716000,0.050,0.635,0.315
716500,0.051,0.630,0.319
717000,0.050,0.648,0.302
717500,0.050,0.635,0.315
718000,0.055,0.701,0.244
718500,0.051,0.659,0.290
719000,0.050,0.636,0.314
719500,0.050,0.639,0.311
720000,0.050,0.647,0.303
720500,0.050,0.643,0.307
721000,0.050,0.632,0.318
721500,0.050,0.728,0.222
722000,0.050,0.748,0.202
722500,0.050,0.754,0.196
723000,0.050,0.743,0.207
723500,0.050,0.699,0.251
724000,0.050,0.710,0.240
724500,0.050,0.632,0.318
725000,0.050,0.595,0.355
725500,0.054,0.604,0.342
726000,0.050,0.597,0.353
726500,0.054,0.574,0.372
727000,0.053,0.646,0.301
727500,0.050,0.697,0.253
728000,0.050,0.674,0.276
728500,0.050,0.652,0.298
729000,0.050,0.720,0.230
729500,0.050,0.738,0.212
730000,0.050,0.762,0.188
730500,0.050,0.669,0.281
731000,0.050,0.654,0.296
731500,0.050,0.682,0.268
732000,0.050,0.708,0.242
732500,0.050,0.735,0.215
733000,0.050,0.705,0.245
733500,0.050,0.699,0.251
734000,0.050,0.599,0.351
734500,0.063,0.624,0.313
735000,0.052,0.600,0.348
735500,0.050,0.651,0.299
736000,0.055,0.628,0.317
736500,0.050,0.620,0.330
737000,0.050,0.676,0.274
737500,0.050,0.633,0.317
738000,0.050,0.635,0.315
738500,0.051,0.663,0.286
739000,0.051,0.671,0.278
739500,0.050,0.652,0.298
740000,0.050,0.669,0.281
740500,0.050,0.683,0.267
741000,0.050,0.671,0.279
741500,0.050,0.617,0.333
742000,0.050,0.548,0.402
742500,0.050,0.521,0.429
743000,0.051,0.588,0.361
743500,0.051,0.628,0.321
744000,0.052,0.599,0.349
744500,0.050,0.643,0.307
745000,0.052,0.656,0.292
745500,0.050,0.643,0.307
746000,0.050,0.618,0.332
746500,0.050,0.613,0.337
747000,0.050,0.653,0.297
747500,0.050,0.651,0.299
748000,0.050,0.727,0.223
748500,0.050,0.673,0.277
749000,0.050,0.639,0.311
749500,0.050,0.686,0.264
750000,0.050,0.732,0.218
750500,0.050,0.643,0.307
751000,0.050,0.665,0.285
751500,0.050,0.723,0.227
752000,0.050,0.733,0.217
752500,0.050,0.698,0.252
753000,0.050,0.683,0.267
753500,0.052,0.579,0.369
754000,0.050,0.597,0.353
754500,0.050,0.657,0.293
755000,0.050,0.648,0.302
755500,0.050,0.664,0.286
756000,0.050,0.653,0.297
756500,0.051,0.632,0.317
757000,0.051,0.643,0.306
757500,0.052,0.662,0.286
758000,0.052,0.568,0.380
758500,0.054,0.589,0.357
759000,0.055,0.541,0.404
759500,0.051,0.548,0.401
760000,0.053,0.528,0.419
760500,0.051,0.613,0.336
761000,0.050,0.637,0.313
761500,0.050,0.675,0.275
762000,0.050,0.716,0.234
762500,0.050,0.695,0.255
763000,0.051,0.648,0.301
763500,0.051,0.666,0.283
764000,0.051,0.635,0.314
764500,0.054,0.617,0.329
765000,0.050,0.659,0.291
765500,0.050,0.628,0.322
766000,0.050,0.647,0.303
766500,0.052,0.630,0.318
767000,0.050,0.615,0.335
767500,0.051,0.626,0.323
768000,0.053,0.568,0.379
768500,0.051,0.641,0.308
769000,0.052,0.596,0.352
769500,0.060,0.627,0.313
770000,0.054,0.600,0.346
770500,0.050,0.613,0.337
771000,0.050,0.631,0.319
771500,0.052,0.608,0.340
772000,0.050,0.631,0.319
772500,0.050,0.658,0.292
773000,0.056,0.658,0.286
773500,0.052,0.619,0.329
774000,0.051,0.581,0.368
774500,0.050,0.594,0.356
775000,0.051,0.626,0.323
775500,0.050,0.680,0.270
776000,0.050,0.686,0.264
776500,0.050,0.728,0.222
777000,0.050,0.677,0.273
777500,0.050,0.642,0.308
778000,0.050,0.659,0.291
778500,0.055,0.612,0.333
779000,0.051,0.538,0.411
779500,0.059,0.572,0.369
780000,0.051,0.607,0.342
780500,0.050,0.613,0.337
781000,0.050,0.602,0.348
781500,0.052,0.617,0.331
782000,0.051,0.616,0.333
782500,0.050,0.656,0.294
783000,0.050,0.658,0.292
783500,0.050,0.645,0.305
784000,0.050,0.682,0.268
784500,0.054,0.648,0.298
785000,0.051,0.726,0.223
785500,0.050,0.774,0.176
786000,0.050,0.664,0.286
786500,0.050,0.640,0.310
787000,0.050,0.670,0.280
787500,0.050,0.628,0.322
788000,0.050,0.587,0.363
788500,0.050,0.620,0.330
789000,0.050,0.618,0.332
789500,0.050,0.609,0.341
790000,0.050,0.656,0.294
790500,0.050,0.603,0.347
791000,0.050,0.668,0.282
791500,0.050,0.695,0.255
792000,0.050,0.713,0.237
792500,0.050,0.687,0.263
793000,0.053,0.590,0.357
793500,0.051,0.684,0.265
794000,0.050,0.686,0.264
794500,0.050,0.700,0.250
795000,0.050,0.614,0.336
795500,0.050,0.596,0.354
796000,0.058,0.522,0.420
796500,0.056,0.523,0.421
797000,0.054,0.569,0.377
797500,0.050,0.624,0.326
798000,0.050,0.602,0.348
798500,0.050,0.684,0.266
799000,0.050,0.613,0.337
799500,0.058,0.650,0.292
800000,0.052,0.632,0.316
800500,0.050,0.651,0.299
801000,0.050,0.674,0.276
801500,0.050,0.685,0.265
802000,0.052,0.564,0.384
802500,0.056,0.562,0.382
803000,0.050,0.581,0.369
803500,0.050,0.619,0.331
804000,0.050,0.675,0.275
804500,0.053,0.619,0.328
805000,0.054,0.639,0.307
805500,0.052,0.596,0.352
806000,0.050,0.620,0.330
806500,0.051,0.585,0.364
807000,0.050,0.663,0.287
807500,0.050,0.677,0.273
808000,0.050,0.685,0.265
808500,0.050,0.648,0.302
809000,0.050,0.645,0.305
809500,0.050,0.640,0.310
810000,0.050,0.701,0.249
810500,0.055,0.688,0.257
811000,0.051,0.673,0.276
811500,0.051,0.608,0.341
812000,0.050,0.635,0.315
812500,0.050,0.665,0.285
813000,0.050,0.714,0.236
813500,0.050,0.652,0.298
814000,0.050,0.645,0.305
814500,0.052,0.663,0.285
815000,0.050,0.686,0.264
815500,0.050,0.704,0.246
816000,0.050,0.709,0.241
816500,0.050,0.693,0.257
817000,0.050,0.631,0.319
817500,0.050,0.668,0.282
818000,0.050,0.657,0.293
818500,0.050,0.699,0.251
819000,0.050,0.688,0.262
819500,0.050,0.628,0.322
820000,0.051,0.604,0.345
820500,0.050,0.594,0.356
821000,0.051,0.610,0.339
821500,0.050,0.622,0.328
822000,0.050,0.629,0.321
822500,0.050,0.649,0.301
823000,0.050,0.645,0.305
823500,0.057,0.693,0.250
824000,0.052,0.652,0.296
824500,0.053,0.640,0.307
825000,0.050,0.648,0.302
825500,0.050,0.695,0.255
826000,0.053,0.701,0.246
826500,0.050,0.674,0.276
827000,0.050,0.665,0.285
827500,0.050,0.683,0.267
828000,0.050,0.678,0.272
828500,0.050,0.582,0.368
829000,0.055,0.581,0.364
829500,0.051,0.642,0.307
830000,0.050,0.726,0.224
830500,0.050,0.642,0.308
831000,0.050,0.662,0.288
831500,0.055,0.711,0.234
832000,0.051,0.647,0.302
832500,0.050,0.673,0.277
833000,0.050,0.737,0.213
833500,0.050,0.744,0.206
834000,0.050,0.745,0.205
834500,0.050,0.730,0.220
835000,0.050,0.735,0.215
835500,0.050,0.725,0.225
836000,0.050,0.669,0.281
836500,0.050,0.653,0.297
837000,0.050,0.658,0.292
837500,0.050,0.592,0.358
838000,0.050,0.567,0.383
838500,0.050,0.620,0.330
839000,0.051,0.622,0.327
839500,0.050,0.606,0.344
840000,0.050,0.601,0.349
840500,0.054,0.635,0.311
841000,0.056,0.639,0.305
841500,0.050,0.653,0.297
842000,0.050,0.633,0.317
842500,0.050,0.650,0.300
843000,0.050,0.642,0.308
843500,0.050,0.574,0.376
844000,0.050,0.601,0.349
844500,0.053,0.661,0.286
845000,0.050,0.663,0.287
845500,0.054,0.683,0.263
846000,0.050,0.689,0.261
846500,0.051,0.672,0.277
847000,0.050,0.648,0.302
847500,0.055,0.616,0.329
848000,0.058,0.614,0.328
848500,0.051,0.610,0.339
849000,0.050,0.624,0.326
849500,0.059,0.580,0.361
850000,0.053,0.594,0.353
850500,0.051,0.579,0.370
851000,0.050,0.617,0.333
851500,0.050,0.620,0.330
852000,0.052,0.617,0.331
852500,0.050,0.703,0.247
853000,0.050,0.635,0.315
853500,0.054,0.617,0.329
854000,0.051,0.647,0.302
854500,0.050,0.652,0.298
855000,0.050,0.695,0.255
855500,0.050,0.681,0.269
856000,0.051,0.701,0.248
856500,0.050,0.721,0.229
857000,0.050,0.700,0.250
857500,0.050,0.692,0.258
858000,0.050,0.676,0.274
858500,0.050,0.673,0.277
859000,0.050,0.695,0.255
859500,0.055,0.686,0.259
860000,0.050,0.682,0.268
860500,0.050,0.677,0.273
861000,0.050,0.684,0.266
861500,0.050,0.688,0.262
862000,0.050,0.716,0.234
862500,0.050,0.704,0.246
863000,0.050,0.670,0.280
863500,0.050,0.625,0.325
864000,0.050,0.690,0.260
864500,0.054,0.678,0.268
865000,0.054,0.629,0.317
865500,0.050,0.669,0.281
866000,0.051,0.676,0.273
866500,0.051,0.671,0.278
867000,0.051,0.665,0.284
867500,0.050,0.682,0.268
868000,0.050,0.688,0.262
868500,0.050,0.671,0.279
869000,0.053,0.654,0.293
869500,0.051,0.688,0.261
870000,0.054,0.652,0.294
870500,0.051,0.648,0.301
871000,0.051,0.686,0.263
871500,0.050,0.678,0.272
872000,0.050,0.689,0.261
872500,0.050,0.649,0.301
873000,0.050,0.727,0.223
873500,0.050,0.690,0.260
874000,0.050,0.629,0.321
874500,0.050,0.674,0.276
875000,0.050,0.683,0.267
875500,0.050,0.665,0.285
876000,0.050,0.707,0.243
876500,0.050,0.685,0.265
877000,0.050,0.668,0.282
877500,0.050,0.622,0.328
878000,0.050,0.597,0.353
878500,0.050,0.679,0.271
879000,0.050,0.718,0.232
879500,0.054,0.715,0.231
880000,0.055,0.654,0.291
880500,0.051,0.695,0.254
881000,0.050,0.707,0.243
881500,0.050,0.689,0.261
882000,0.052,0.603,0.345
882500,0.054,0.592,0.354
883000,0.054,0.563,0.383
883500,0.050,0.608,0.342
884000,0.050,0.584,0.366
884500,0.050,0.655,0.295
885000,0.050,0.633,0.317
885500,0.050,0.685,0.265
886000,0.050,0.671,0.279
886500,0.050,0.666,0.284
887000,0.050,0.676,0.274
887500,0.050,0.694,0.256
888000,0.050,0.614,0.336
888500,0.050,0.633,0.317
889000,0.050,0.653,0.297
889500,0.053,0.626,0.321
890000,0.050,0.638,0.312
890500,0.050,0.646,0.304
891000,0.050,0.656,0.294
891500,0.050,0.683,0.267
892000,0.050,0.599,0.351
892500,0.050,0.631,0.319
893000,0.050,0.655,0.295
893500,0.050,0.659,0.291
894000,0.052,0.650,0.298
894500,0.051,0.666,0.283
895000,0.056,0.655,0.289
895500,0.052,0.679,0.269
896000,0.050,0.657,0.293
896500,0.050,0.678,0.272
897000,0.050,0.645,0.305
897500,0.050,0.651,0.299
898000,0.052,0.636,0.312
898500,0.050,0.593,0.357
899000,0.053,0.667,0.280
899500,0.050,0.634,0.316
900000,0.050,0.628,0.322
900500,0.054,0.642,0.304
901000,0.052,0.597,0.351
901500,0.054,0.654,0.292
902000,0.050,0.656,0.294
902500,0.050,0.659,0.291
903000,0.050,0.677,0.273
903500,0.050,0.687,0.263
904000,0.050,0.644,0.306
904500,0.050,0.607,0.343
905000,0.050,0.656,0.294
905500,0.051,0.655,0.294
906000,0.050,0.635,0.315
906500,0.050,0.629,0.321
907000,0.050,0.665,0.285
907500,0.050,0.675,0.275
908000,0.050,0.677,0.273
908500,0.050,0.638,0.312
909000,0.050,0.643,0.307
909500,0.051,0.659,0.290
910000,0.050,0.641,0.309
910500,0.050,0.596,0.354
911000,0.050,0.643,0.307
911500,0.050,0.646,0.304
912000,0.050,0.668,0.282
912500,0.050,0.624,0.326
913000,0.056,0.608,0.336
913500,0.051,0.607,0.342
914000,0.050,0.703,0.247
914500,0.050,0.658,0.292
915000,0.050,0.675,0.275
915500,0.050,0.627,0.323
916000,0.050,0.626,0.324
916500,0.050,0.626,0.324
917000,0.050,0.618,0.332
917500,0.050,0.625,0.325
918000,0.050,0.634,0.316
918500,0.053,0.635,0.312
919000,0.050,0.697,0.253
919500,0.050,0.684,0.266
920000,0.056,0.658,0.286
920500,0.052,0.706,0.242
921000,0.050,0.676,0.274
921500,0.051,0.691,0.258
922000,0.051,0.691,0.258
922500,0.052,0.627,0.321
923000,0.050,0.661,0.289
923500,0.050,0.697,0.253
924000,0.050,0.644,0.306
924500,0.055,0.647,0.298
925000,0.053,0.628,0.319
925500,0.057,0.627,0.316
926000,0.051,0.665,0.284
926500,0.050,0.615,0.335
927000,0.052,0.586,0.362
927500,0.050,0.601,0.349
928000,0.051,0.592,0.357
928500,0.050,0.615,0.335
929000,0.050,0.634,0.316
929500,0.050,0.590,0.360
930000,0.050,0.655,0.295
930500,0.050,0.712,0.238
931000,0.050,0.715,0.235
931500,0.050,0.673,0.277
932000,0.050,0.666,0.284
932500,0.050,0.665,0.285
933000,0.050,0.644,0.306
933500,0.050,0.647,0.303
934000,0.054,0.594,0.352
934500,0.057,0.608,0.335
935000,0.050,0.581,0.369
935500,0.050,0.641,0.309
936000,0.050,0.621,0.329
936500,0.050,0.640,0.310
937000,0.050,0.620,0.330
937500,0.050,0.603,0.347
938000,0.050,0.681,0.269
938500,0.050,0.670,0.280
939000,0.050,0.617,0.333
939500,0.050,0.554,0.396
940000,0.050,0.602,0.348
940500,0.051,0.634,0.315
941000,0.051,0.652,0.297
941500,0.050,0.630,0.320
942000,0.050,0.617,0.333
942500,0.050,0.631,0.319
943000,0.050,0.671,0.279
943500,0.050,0.694,0.256
944000,0.053,0.650,0.297
944500,0.057,0.633,0.310
945000,0.052,0.633,0.315
945500,0.052,0.594,0.354
946000,0.050,0.605,0.345
946500,0.053,0.539,0.408
947000,0.054,0.595,0.351
947500,0.050,0.633,0.317
948000,0.056,0.627,0.317
948500,0.053,0.614,0.333
949000,0.051,0.648,0.301
949500,0.050,0.573,0.377
950000,0.050,0.598,0.352
950500,0.050,0.638,0.312
951000,0.054,0.622,0.324
951500,0.050,0.649,0.301
952000,0.050,0.663,0.287
952500,0.050,0.662,0.288
953000,0.050,0.687,0.263
953500,0.050,0.681,0.269
954000,0.050,0.702,0.248
954500,0.050,0.691,0.259
955000,0.050,0.713,0.237
955500,0.050,0.675,0.275
956000,0.050,0.617,0.333
956500,0.050,0.649,0.301
957000,0.050,0.678,0.272
957500,0.050,0.665,0.285
958000,0.050,0.644,0.306
958500,0.050,0.629,0.321
959000,0.050,0.655,0.295
959500,0.050,0.706,0.244
960000,0.050,0.697,0.253
960500,0.050,0.715,0.235
961000,0.050,0.653,0.297
961500,0.050,0.652,0.298
962000,0.051,0.686,0.263
962500,0.053,0.660,0.287
963000,0.050,0.650,0.300
963500,0.058,0.642,0.300
964000,0.054,0.651,0.295
964500,0.050,0.645,0.305
965000,0.050,0.650,0.300
965500,0.050,0.640,0.310
966000,0.051,0.604,0.345
966500,0.052,0.640,0.308
967000,0.055,0.602,0.343
967500,0.057,0.639,0.304
968000,0.055,0.628,0.317
968500,0.050,0.642,0.308
969000,0.050,0.666,0.284
969500,0.050,0.610,0.340
970000,0.053,0.650,0.297
970500,0.052,0.635,0.313
971000,0.051,0.685,0.264
971500,0.051,0.679,0.270
972000,0.050,0.658,0.292
972500,0.050,0.631,0.319
973000,0.050,0.650,0.300
973500,0.050,0.671,0.279
974000,0.050,0.690,0.260
974500,0.050,0.609,0.341
975000,0.053,0.647,0.300
975500,0.050,0.601,0.349
976000,0.050,0.635,0.315
976500,0.056,0.608,0.336
977000,0.054,0.628,0.318
977500,0.051,0.664,0.285
978000,0.050,0.668,0.282
978500,0.050,0.703,0.247
979000,0.050,0.661,0.289
979500,0.050,0.675,0.275
980000,0.050,0.655,0.295
980500,0.050,0.698,0.252
981000,0.050,0.637,0.313
981500,0.050,0.611,0.339
982000,0.050,0.564,0.386
982500,0.050,0.589,0.361
983000,0.050,0.612,0.338
983500,0.050,0.668,0.282
984000,0.050,0.692,0.258
984500,0.050,0.758,0.192
985000,0.050,0.727,0.223
985500,0.050,0.671,0.279
986000,0.050,0.695,0.255
986500,0.050,0.703,0.247
987000,0.050,0.679,0.271
987500,0.052,0.613,0.335
988000,0.055,0.672,0.273
988500,0.051,0.683,0.266
989000,0.050,0.702,0.248
989500,0.050,0.670,0.280
990000,0.050,0.681,0.269
990500,0.050,0.694,0.256
991000,0.050,0.692,0.258
991500,0.050,0.716,0.234
992000,0.053,0.575,0.372
992500,0.051,0.603,0.346
993000,0.050,0.636,0.314
993500,0.050,0.621,0.329
994000,0.050,0.639,0.311
994500,0.050,0.670,0.280
995000,0.050,0.626,0.324
995500,0.050,0.669,0.281
996000,0.055,0.655,0.290
996500,0.050,0.655,0.295
997000,0.050,0.581,0.369
997500,0.051,0.564,0.385
998000,0.059,0.542,0.399
998500,0.050,0.560,0.390
999000,0.051,0.587,0.362
999500,0.051,0.542,0.407
1000000,0.053,0.578,0.369
