time,n_A+p,n_B,n_AB
500,0.080,0.542,0.378
1000,0.094,0.222,0.684
1500,0.204,0.093,0.703
2000,0.469,0.005,0.526
2500,0.698,0.000,0.302
3000,0.729,0.000,0.271
3500,0.832,0.000,0.168
4000,0.865,0.000,0.135
4500,0.865,0.000,0.135
5000,0.869,0.000,0.131
5500,0.816,0.000,0.184
6000,0.870,0.000,0.130
6500,0.851,0.000,0.149
7000,0.833,0.000,0.167
7500,0.860,0.000,0.140
8000,0.876,0.000,0.124
8500,0.942,0.000,0.058
9000,0.944,0.000,0.056
9500,0.961,0.000,0.039
10000,0.945,0.000,0.055
10500,0.943,0.000,0.057
11000,0.951,0.000,0.049
11500,0.893,0.000,0.107
12000,0.919,0.000,0.081
12500,0.902,0.000,0.098
13000,0.865,0.000,0.135
13500,0.861,0.000,0.139
14000,0.910,0.000,0.090
14500,0.956,0.000,0.044
15000,0.868,0.000,0.132
15500,0.874,0.000,0.126
16000,0.941,0.000,0.059
16500,0.940,0.000,0.060
17000,0.871,0.000,0.129
17500,0.878,0.000,0.122
18000,0.883,0.000,0.117
18500,0.942,0.000,0.058
19000,0.972,0.000,0.028
19500,0.987,0.000,0.013
20000,0.997,0.000,0.003
20500,1.000,0.000,0.000
