time,n_A+p,n_B,n_AB
500,0.030,0.916,0.054
1000,0.030,0.804,0.166
1500,0.030,0.645,0.325
2000,0.030,0.580,0.390
2500,0.036,0.481,0.483
3000,0.033,0.428,0.539
3500,0.035,0.403,0.562
4000,0.043,0.326,0.631
4500,0.061,0.294,0.645
5000,0.053,0.287,0.660
5500,0.061,0.292,0.647
6000,0.049,0.272,0.679
6500,0.088,0.222,0.690
7000,0.097,0.196,0.707
7500,0.096,0.207,0.697
8000,0.111,0.189,0.700
8500,0.198,0.092,0.710
9000,0.310,0.051,0.639
9500,0.256,0.062,0.682
10000,0.269,0.058,0.673
10500,0.340,0.033,0.627
11000,0.356,0.022,0.622
11500,0.386,0.015,0.599
12000,0.410,0.012,0.578
12500,0.471,0.025,0.504
13000,0.491,0.015,0.494
13500,0.505,0.004,0.491
14000,0.536,0.002,0.462
14500,0.520,0.005,0.475
15000,0.589,0.005,0.406
15500,0.554,0.006,0.440
16000,0.568,0.002,0.430
16500,0.609,0.004,0.387
17000,0.541,0.010,0.449
17500,0.490,0.005,0.505
18000,0.505,0.004,0.491
18500,0.524,0.004,0.472
19000,0.588,0.002,0.410
19500,0.589,0.002,0.409
20000,0.580,0.005,0.415
20500,0.601,0.002,0.397
21000,0.630,0.000,0.370
21500,0.634,0.002,0.364
22000,0.611,0.003,0.386
22500,0.576,0.000,0.424
23000,0.552,0.003,0.445
23500,0.517,0.003,0.480
24000,0.484,0.004,0.512
24500,0.514,0.007,0.479
25000,0.521,0.002,0.477
25500,0.552,0.009,0.439
26000,0.600,0.005,0.395
26500,0.577,0.005,0.418
27000,0.585,0.004,0.411
27500,0.533,0.001,0.466
28000,0.576,0.002,0.422
28500,0.534,0.003,0.463
29000,0.485,0.013,0.502
29500,0.576,0.004,0.420
30000,0.594,0.002,0.404
30500,0.575,0.010,0.415
31000,0.571,0.006,0.423
31500,0.557,0.005,0.438
32000,0.612,0.000,0.388
32500,0.600,0.002,0.398
33000,0.584,0.003,0.413
33500,0.587,0.005,0.408
34000,0.666,0.001,0.333
34500,0.674,0.003,0.323
35000,0.632,0.003,0.365
35500,0.579,0.002,0.419
36000,0.550,0.010,0.440
36500,0.543,0.004,0.453
37000,0.552,0.008,0.440
37500,0.510,0.001,0.489
38000,0.540,0.008,0.452
38500,0.558,0.005,0.437
39000,0.519,0.005,0.476
39500,0.538,0.007,0.455
40000,0.604,0.004,0.392
40500,0.557,0.001,0.442
41000,0.578,0.001,0.421
41500,0.618,0.004,0.378
42000,0.657,0.001,0.342
42500,0.616,0.003,0.381
43000,0.585,0.000,0.415
43500,0.638,0.001,0.361
44000,0.638,0.002,0.360
44500,0.630,0.002,0.368
45000,0.583,0.004,0.413
45500,0.550,0.004,0.446
46000,0.567,0.009,0.424
46500,0.535,0.014,0.451
47000,0.599,0.004,0.397
47500,0.600,0.004,0.396
48000,0.610,0.007,0.383
48500,0.629,0.000,0.371
49000,0.571,0.001,0.428
49500,0.521,0.000,0.479
50000,0.577,0.004,0.419
50500,0.580,0.002,0.418
51000,0.587,0.003,0.410
51500,0.529,0.003,0.468
52000,0.461,0.011,0.528
52500,0.454,0.012,0.534
53000,0.509,0.006,0.485
53500,0.498,0.004,0.498
54000,0.581,0.006,0.413
54500,0.580,0.000,0.420
55000,0.540,0.003,0.457
55500,0.565,0.008,0.427
56000,0.626,0.005,0.369
56500,0.679,0.004,0.317
57000,0.657,0.002,0.341
57500,0.690,0.001,0.309
58000,0.514,0.006,0.480
58500,0.496,0.003,0.501
59000,0.455,0.018,0.527
59500,0.456,0.010,0.534
60000,0.465,0.018,0.517
60500,0.395,0.018,0.587
61000,0.457,0.006,0.537
61500,0.496,0.009,0.495
62000,0.521,0.004,0.475
62500,0.520,0.003,0.477
63000,0.523,0.004,0.473
63500,0.576,0.001,0.423
64000,0.609,0.002,0.389
64500,0.558,0.009,0.433
65000,0.556,0.005,0.439
65500,0.506,0.011,0.483
66000,0.572,0.007,0.421
66500,0.540,0.006,0.454
67000,0.448,0.005,0.547
67500,0.477,0.004,0.519
68000,0.504,0.005,0.491
68500,0.505,0.010,0.485
69000,0.516,0.010,0.474
69500,0.492,0.004,0.504
70000,0.603,0.001,0.396
70500,0.673,0.002,0.325
71000,0.625,0.000,0.375
71500,0.571,0.001,0.428
72000,0.596,0.000,0.404
72500,0.585,0.000,0.415
73000,0.589,0.006,0.405
73500,0.547,0.003,0.450
74000,0.500,0.006,0.494
74500,0.483,0.003,0.514
75000,0.567,0.006,0.427
75500,0.547,0.001,0.452
76000,0.557,0.001,0.442
76500,0.595,0.000,0.405
77000,0.585,0.005,0.410
77500,0.585,0.004,0.411
78000,0.635,0.003,0.362
78500,0.675,0.002,0.323
79000,0.621,0.003,0.376
79500,0.635,0.003,0.362
80000,0.661,0.002,0.337
80500,0.680,0.000,0.320
81000,0.600,0.000,0.400
81500,0.613,0.002,0.385
82000,0.616,0.007,0.377
82500,0.549,0.003,0.448
83000,0.566,0.004,0.430
83500,0.557,0.008,0.435
84000,0.494,0.002,0.504
84500,0.515,0.005,0.480
85000,0.478,0.008,0.514
85500,0.509,0.004,0.487
86000,0.590,0.000,0.410
86500,0.606,0.001,0.393
87000,0.605,0.001,0.394
87500,0.562,0.006,0.432
88000,0.533,0.000,0.467
88500,0.524,0.007,0.469
89000,0.493,0.005,0.502
89500,0.502,0.008,0.490
90000,0.569,0.002,0.429
90500,0.546,0.002,0.452
91000,0.498,0.010,0.492
91500,0.558,0.001,0.441
92000,0.564,0.004,0.432
92500,0.641,0.000,0.359
93000,0.575,0.002,0.423
93500,0.632,0.004,0.364
94000,0.537,0.005,0.458
94500,0.500,0.011,0.489
95000,0.504,0.007,0.489
95500,0.499,0.008,0.493
96000,0.535,0.004,0.461
96500,0.542,0.004,0.454
97000,0.555,0.005,0.440
97500,0.595,0.003,0.402
98000,0.618,0.006,0.376
98500,0.656,0.002,0.342
99000,0.577,0.006,0.417
99500,0.535,0.004,0.461
100000,0.574,0.004,0.422
100500,0.522,0.003,0.475
101000,0.547,0.003,0.450
101500,0.592,0.001,0.407
102000,0.597,0.000,0.403
102500,0.519,0.004,0.477
103000,0.510,0.002,0.488
103500,0.495,0.014,0.491
104000,0.509,0.009,0.482
104500,0.498,0.008,0.494
105000,0.556,0.003,0.441
105500,0.572,0.004,0.424
106000,0.565,0.002,0.433
106500,0.642,0.001,0.357
107000,0.593,0.003,0.404
107500,0.585,0.005,0.410
108000,0.541,0.005,0.454
108500,0.561,0.003,0.436
109000,0.612,0.005,0.383
109500,0.578,0.003,0.419
110000,0.577,0.007,0.416
110500,0.527,0.000,0.473
111000,0.586,0.009,0.405
111500,0.594,0.004,0.402
112000,0.624,0.001,0.375
112500,0.572,0.005,0.423
113000,0.517,0.005,0.478
113500,0.542,0.005,0.453
114000,0.585,0.009,0.406
114500,0.606,0.001,0.393
115000,0.560,0.009,0.431
115500,0.551,0.003,0.446
116000,0.595,0.002,0.403
116500,0.597,0.004,0.399
117000,0.568,0.005,0.427
117500,0.598,0.002,0.400
118000,0.615,0.001,0.384
118500,0.567,0.007,0.426
119000,0.555,0.019,0.426
119500,0.509,0.003,0.488
120000,0.504,0.003,0.493
120500,0.584,0.000,0.416
121000,0.557,0.004,0.439
121500,0.530,0.002,0.468
122000,0.531,0.005,0.464
122500,0.563,0.009,0.428
123000,0.605,0.001,0.394
123500,0.550,0.014,0.436
124000,0.538,0.011,0.451
124500,0.509,0.008,0.483
125000,0.597,0.002,0.401
125500,0.619,0.002,0.379
126000,0.621,0.001,0.378
126500,0.594,0.000,0.406
127000,0.637,0.003,0.360
127500,0.617,0.000,0.383
128000,0.543,0.007,0.450
128500,0.599,0.001,0.400
129000,0.562,0.007,0.431
129500,0.569,0.002,0.429
130000,0.522,0.005,0.473
130500,0.499,0.007,0.494
131000,0.484,0.009,0.507
131500,0.504,0.008,0.488
132000,0.568,0.013,0.419
132500,0.571,0.004,0.425
133000,0.594,0.004,0.402
133500,0.600,0.000,0.400
134000,0.525,0.001,0.474
134500,0.544,0.004,0.452
135000,0.482,0.003,0.515
135500,0.505,0.005,0.490
136000,0.538,0.001,0.461
136500,0.538,0.010,0.452
137000,0.446,0.004,0.550
137500,0.463,0.007,0.530
138000,0.522,0.005,0.473
138500,0.552,0.001,0.447
139000,0.514,0.003,0.483
139500,0.569,0.007,0.424
140000,0.561,0.007,0.432
140500,0.511,0.002,0.487
141000,0.537,0.008,0.455
141500,0.574,0.007,0.419
142000,0.529,0.009,0.462
142500,0.551,0.007,0.442
143000,0.509,0.005,0.486
143500,0.513,0.002,0.485
144000,0.582,0.001,0.417
144500,0.525,0.004,0.471
145000,0.568,0.003,0.429
145500,0.582,0.009,0.409
146000,0.572,0.010,0.418
146500,0.594,0.006,0.400
147000,0.484,0.009,0.507
147500,0.510,0.011,0.479
148000,0.544,0.010,0.446
148500,0.579,0.004,0.417
149000,0.608,0.001,0.391
149500,0.566,0.000,0.434
150000,0.526,0.003,0.471
150500,0.550,0.004,0.446
151000,0.556,0.007,0.437
151500,0.563,0.009,0.428
152000,0.555,0.005,0.440
152500,0.486,0.013,0.501
153000,0.496,0.009,0.495
153500,0.497,0.004,0.499
154000,0.514,0.012,0.474
154500,0.489,0.012,0.499
155000,0.460,0.011,0.529
155500,0.528,0.012,0.460
156000,0.500,0.008,0.492
156500,0.532,0.006,0.462
157000,0.474,0.002,0.524
157500,0.442,0.007,0.551
158000,0.516,0.007,0.477
158500,0.521,0.005,0.474
159000,0.572,0.001,0.427
159500,0.537,0.000,0.463
160000,0.576,0.001,0.423
160500,0.565,0.001,0.434
161000,0.601,0.003,0.396
161500,0.653,0.001,0.346
162000,0.622,0.003,0.375
162500,0.627,0.002,0.371
163000,0.599,0.000,0.401
163500,0.622,0.002,0.376
164000,0.639,0.001,0.360
164500,0.654,0.004,0.342
165000,0.646,0.005,0.349
165500,0.638,0.002,0.360
166000,0.599,0.002,0.399
166500,0.579,0.001,0.420
167000,0.544,0.001,0.455
167500,0.535,0.002,0.463
168000,0.529,0.004,0.467
168500,0.484,0.003,0.513
169000,0.482,0.006,0.512
169500,0.478,0.008,0.514
170000,0.498,0.007,0.495
170500,0.417,0.013,0.570
171000,0.468,0.010,0.522
171500,0.415,0.013,0.572
172000,0.326,0.038,0.636
172500,0.326,0.032,0.642
173000,0.390,0.019,0.591
173500,0.437,0.012,0.551
174000,0.403,0.011,0.586
174500,0.390,0.025,0.585
175000,0.427,0.020,0.553
175500,0.422,0.015,0.563
176000,0.492,0.011,0.497
176500,0.505,0.009,0.486
177000,0.478,0.008,0.514
177500,0.415,0.019,0.566
178000,0.449,0.011,0.540
178500,0.500,0.003,0.497
179000,0.449,0.009,0.542
179500,0.445,0.004,0.551
180000,0.464,0.009,0.527
180500,0.400,0.018,0.582
181000,0.532,0.013,0.455
181500,0.454,0.016,0.530
182000,0.424,0.015,0.561
182500,0.473,0.016,0.511
183000,0.491,0.017,0.492
183500,0.562,0.005,0.433
184000,0.449,0.011,0.540
184500,0.479,0.010,0.511
185000,0.460,0.018,0.522
185500,0.480,0.013,0.507
186000,0.522,0.006,0.472
186500,0.523,0.008,0.469
187000,0.514,0.005,0.481
187500,0.515,0.007,0.478
188000,0.539,0.010,0.451
188500,0.538,0.001,0.461
189000,0.564,0.000,0.436
189500,0.624,0.006,0.370
190000,0.612,0.001,0.387
190500,0.599,0.004,0.397
191000,0.644,0.000,0.356
191500,0.612,0.006,0.382
192000,0.563,0.008,0.429
192500,0.531,0.005,0.464
193000,0.515,0.007,0.478
193500,0.496,0.014,0.490
194000,0.544,0.012,0.444
194500,0.540,0.005,0.455
195000,0.579,0.003,0.418
195500,0.606,0.004,0.390
196000,0.674,0.000,0.326
196500,0.677,0.001,0.322
197000,0.654,0.002,0.344
197500,0.568,0.002,0.430
198000,0.565,0.009,0.426
198500,0.549,0.016,0.435
199000,0.497,0.014,0.489
199500,0.451,0.012,0.537
200000,0.377,0.014,0.609
200500,0.404,0.024,0.572
201000,0.492,0.015,0.493
201500,0.444,0.010,0.546
202000,0.467,0.023,0.510
202500,0.451,0.010,0.539
203000,0.454,0.013,0.533
203500,0.491,0.001,0.508
204000,0.482,0.007,0.511
204500,0.529,0.002,0.469
205000,0.557,0.002,0.441
205500,0.539,0.004,0.457
206000,0.572,0.010,0.418
206500,0.514,0.001,0.485
207000,0.528,0.006,0.466
207500,0.597,0.002,0.401
208000,0.546,0.006,0.448
208500,0.496,0.006,0.498
209000,0.493,0.008,0.499
209500,0.567,0.010,0.423
210000,0.577,0.007,0.416
210500,0.603,0.000,0.397
211000,0.598,0.000,0.402
211500,0.575,0.003,0.422
212000,0.622,0.010,0.368
212500,0.582,0.008,0.410
213000,0.546,0.013,0.441
213500,0.567,0.003,0.430
214000,0.557,0.004,0.439
214500,0.602,0.001,0.397
215000,0.589,0.003,0.408
215500,0.608,0.004,0.388
216000,0.595,0.001,0.404
216500,0.605,0.000,0.395
217000,0.600,0.003,0.397
217500,0.555,0.005,0.440
218000,0.526,0.007,0.467
218500,0.594,0.008,0.398
219000,0.581,0.008,0.411
219500,0.521,0.005,0.474
220000,0.540,0.001,0.459
220500,0.566,0.004,0.430
221000,0.488,0.010,0.502
221500,0.478,0.008,0.514
222000,0.456,0.004,0.540
222500,0.474,0.007,0.519
223000,0.434,0.011,0.555
223500,0.408,0.015,0.577
224000,0.468,0.015,0.517
224500,0.535,0.001,0.464
225000,0.577,0.003,0.420
225500,0.520,0.008,0.472
226000,0.547,0.005,0.448
226500,0.562,0.005,0.433
227000,0.614,0.002,0.384
227500,0.643,0.000,0.357
228000,0.640,0.000,0.360
228500,0.618,0.002,0.380
229000,0.635,0.005,0.360
229500,0.624,0.004,0.372
230000,0.581,0.006,0.413
230500,0.661,0.002,0.337
231000,0.632,0.000,0.368
231500,0.616,0.005,0.379
232000,0.570,0.001,0.429
232500,0.523,0.002,0.475
233000,0.551,0.005,0.444
233500,0.599,0.006,0.395
234000,0.616,0.002,0.382
234500,0.605,0.004,0.391
235000,0.571,0.005,0.424
235500,0.476,0.006,0.518
236000,0.507,0.005,0.488
236500,0.518,0.002,0.480
237000,0.494,0.002,0.504
237500,0.473,0.015,0.512
238000,0.491,0.003,0.506
238500,0.562,0.002,0.436
239000,0.456,0.010,0.534
239500,0.466,0.015,0.519
240000,0.508,0.001,0.491
240500,0.534,0.001,0.465
241000,0.549,0.005,0.446
241500,0.511,0.012,0.477
242000,0.545,0.006,0.449
242500,0.551,0.002,0.447
243000,0.464,0.006,0.530
243500,0.481,0.006,0.513
244000,0.524,0.005,0.471
244500,0.560,0.002,0.438
245000,0.473,0.006,0.521
245500,0.506,0.004,0.490
246000,0.487,0.010,0.503
246500,0.506,0.005,0.489
247000,0.467,0.009,0.524
247500,0.550,0.001,0.449
248000,0.457,0.006,0.537
248500,0.496,0.002,0.502
249000,0.500,0.002,0.498
249500,0.479,0.004,0.517
250000,0.469,0.004,0.527
250500,0.460,0.010,0.530
251000,0.467,0.011,0.522
251500,0.531,0.004,0.465
252000,0.542,0.002,0.456
252500,0.628,0.005,0.367
253000,0.555,0.003,0.442
253500,0.501,0.011,0.488
254000,0.537,0.017,0.446
254500,0.464,0.006,0.530
255000,0.538,0.008,0.454
255500,0.502,0.004,0.494
256000,0.513,0.004,0.483
256500,0.547,0.000,0.453
257000,0.529,0.007,0.464
257500,0.477,0.006,0.517
258000,0.436,0.006,0.558
258500,0.473,0.008,0.519
259000,0.464,0.007,0.529
259500,0.411,0.013,0.576
260000,0.486,0.022,0.492
260500,0.536,0.010,0.454
261000,0.584,0.001,0.415
261500,0.608,0.000,0.392
262000,0.671,0.000,0.329
262500,0.619,0.004,0.377
263000,0.607,0.007,0.386
263500,0.548,0.001,0.451
264000,0.574,0.004,0.422
264500,0.663,0.001,0.336
265000,0.657,0.003,0.340
265500,0.695,0.001,0.304
266000,0.643,0.001,0.356
266500,0.581,0.000,0.419
267000,0.575,0.005,0.420
267500,0.602,0.006,0.392
268000,0.595,0.003,0.402
268500,0.621,0.003,0.376
269000,0.566,0.001,0.433
269500,0.603,0.001,0.396
270000,0.607,0.000,0.393
270500,0.606,0.000,0.394
271000,0.623,0.002,0.375
271500,0.623,0.003,0.374
272000,0.572,0.001,0.427
272500,0.586,0.005,0.409
273000,0.612,0.000,0.388
273500,0.567,0.000,0.433
274000,0.642,0.003,0.355
274500,0.629,0.001,0.370
275000,0.711,0.001,0.288
275500,0.682,0.000,0.318
276000,0.632,0.002,0.366
276500,0.614,0.000,0.386
277000,0.640,0.004,0.356
277500,0.660,0.003,0.337
278000,0.642,0.000,0.358
278500,0.676,0.000,0.324
279000,0.658,0.000,0.342
279500,0.619,0.003,0.378
280000,0.632,0.005,0.363
280500,0.580,0.008,0.412
281000,0.596,0.002,0.402
281500,0.548,0.004,0.448
282000,0.490,0.006,0.504
282500,0.495,0.018,0.487
283000,0.502,0.008,0.490
283500,0.493,0.001,0.506
284000,0.503,0.002,0.495
284500,0.516,0.009,0.475
285000,0.470,0.021,0.509
285500,0.411,0.009,0.580
286000,0.443,0.013,0.544
286500,0.362,0.027,0.611
287000,0.497,0.008,0.495
287500,0.538,0.003,0.459
288000,0.485,0.006,0.509
288500,0.563,0.003,0.434
289000,0.501,0.004,0.495
289500,0.497,0.005,0.498
290000,0.467,0.013,0.520
290500,0.477,0.014,0.509
291000,0.523,0.005,0.472
291500,0.544,0.001,0.455
292000,0.584,0.000,0.416
292500,0.587,0.004,0.409
293000,0.621,0.003,0.376
293500,0.565,0.004,0.431
294000,0.496,0.007,0.497
294500,0.531,0.006,0.463
295000,0.556,0.003,0.441
295500,0.553,0.005,0.442
296000,0.568,0.001,0.431
296500,0.594,0.003,0.403
297000,0.584,0.001,0.415
297500,0.579,0.001,0.420
298000,0.536,0.001,0.463
298500,0.515,0.012,0.473
299000,0.545,0.010,0.445
299500,0.462,0.002,0.536
300000,0.511,0.002,0.487
300500,0.567,0.001,0.432
301000,0.582,0.000,0.418
301500,0.633,0.000,0.367
302000,0.621,0.003,0.376
302500,0.637,0.003,0.360
303000,0.591,0.001,0.408
303500,0.595,0.009,0.396
304000,0.575,0.006,0.419
304500,0.577,0.000,0.423
305000,0.569,0.001,0.430
305500,0.598,0.003,0.399
306000,0.604,0.008,0.388
306500,0.534,0.003,0.463
307000,0.638,0.000,0.362
307500,0.554,0.002,0.444
308000,0.550,0.000,0.450
308500,0.557,0.006,0.437
309000,0.549,0.001,0.450
309500,0.552,0.007,0.441
310000,0.575,0.000,0.425
310500,0.520,0.007,0.473
311000,0.505,0.004,0.491
311500,0.549,0.004,0.447
312000,0.560,0.004,0.436
312500,0.565,0.003,0.432
313000,0.528,0.002,0.470
313500,0.501,0.011,0.488
314000,0.465,0.007,0.528
314500,0.497,0.008,0.495
315000,0.464,0.011,0.525
315500,0.444,0.019,0.537
316000,0.424,0.009,0.567
316500,0.481,0.007,0.512
317000,0.545,0.008,0.447
317500,0.537,0.004,0.459
318000,0.569,0.009,0.422
318500,0.599,0.000,0.401
319000,0.563,0.007,0.430
319500,0.604,0.007,0.389
320000,0.567,0.000,0.433
320500,0.587,0.003,0.410
321000,0.591,0.005,0.404
321500,0.584,0.004,0.412
322000,0.500,0.000,0.500
322500,0.519,0.012,0.469
323000,0.450,0.008,0.542
323500,0.379,0.017,0.604
324000,0.373,0.031,0.596
324500,0.356,0.013,0.631
325000,0.371,0.005,0.624
325500,0.362,0.021,0.617
326000,0.381,0.024,0.595
326500,0.398,0.018,0.584
327000,0.421,0.013,0.566
327500,0.420,0.016,0.564
328000,0.394,0.008,0.598
328500,0.464,0.010,0.526
329000,0.465,0.002,0.533
329500,0.510,0.011,0.479
330000,0.513,0.017,0.470
330500,0.446,0.016,0.538
331000,0.481,0.007,0.512
331500,0.420,0.019,0.561
332000,0.445,0.017,0.538
332500,0.502,0.014,0.484
333000,0.461,0.010,0.529
333500,0.492,0.005,0.503
334000,0.471,0.008,0.521
334500,0.498,0.001,0.501
335000,0.501,0.004,0.495
335500,0.461,0.012,0.527
336000,0.482,0.010,0.508
336500,0.440,0.014,0.546
337000,0.470,0.005,0.525
337500,0.431,0.005,0.564
338000,0.432,0.009,0.559
338500,0.551,0.011,0.438
339000,0.587,0.005,0.408
339500,0.596,0.000,0.404
340000,0.603,0.005,0.392
340500,0.499,0.007,0.494
341000,0.530,0.010,0.460
341500,0.542,0.004,0.454
342000,0.572,0.004,0.424
342500,0.648,0.004,0.348
343000,0.646,0.001,0.353
343500,0.598,0.001,0.401
344000,0.519,0.001,0.480
344500,0.541,0.000,0.459
345000,0.526,0.011,0.463
345500,0.510,0.008,0.482
346000,0.450,0.013,0.537
346500,0.459,0.008,0.533
347000,0.582,0.005,0.413
347500,0.512,0.007,0.481
348000,0.563,0.005,0.432
348500,0.534,0.008,0.458
349000,0.570,0.003,0.427
349500,0.500,0.011,0.489
350000,0.557,0.005,0.438
350500,0.499,0.004,0.497
351000,0.434,0.025,0.541
351500,0.470,0.014,0.516
352000,0.507,0.005,0.488
352500,0.489,0.002,0.509
353000,0.542,0.003,0.455
353500,0.493,0.014,0.493
354000,0.484,0.014,0.502
354500,0.543,0.006,0.451
355000,0.605,0.001,0.394
355500,0.632,0.005,0.363
356000,0.662,0.002,0.336
356500,0.658,0.001,0.341
357000,0.621,0.003,0.376
357500,0.619,0.002,0.379
358000,0.586,0.002,0.412
358500,0.582,0.001,0.417
359000,0.578,0.007,0.415
359500,0.566,0.001,0.433
360000,0.507,0.011,0.482
360500,0.542,0.001,0.457
361000,0.537,0.010,0.453
361500,0.427,0.009,0.564
362000,0.419,0.012,0.569
362500,0.477,0.010,0.513
363000,0.492,0.013,0.495
363500,0.473,0.009,0.518
364000,0.478,0.018,0.504
364500,0.468,0.011,0.521
365000,0.450,0.003,0.547
365500,0.488,0.005,0.507
366000,0.496,0.002,0.502
366500,0.455,0.005,0.540
367000,0.470,0.012,0.518
367500,0.520,0.004,0.476
368000,0.512,0.010,0.478
368500,0.524,0.008,0.468
369000,0.510,0.001,0.489
369500,0.530,0.004,0.466
370000,0.556,0.002,0.442
370500,0.570,0.006,0.424
371000,0.611,0.001,0.388
371500,0.603,0.000,0.397
372000,0.643,0.008,0.349
372500,0.643,0.007,0.350
373000,0.579,0.005,0.416
373500,0.641,0.003,0.356
374000,0.637,0.000,0.363
374500,0.638,0.001,0.361
375000,0.700,0.001,0.299
375500,0.626,0.003,0.371
376000,0.660,0.000,0.340
376500,0.571,0.003,0.426
377000,0.572,0.002,0.426
377500,0.536,0.008,0.456
378000,0.513,0.009,0.478
378500,0.528,0.005,0.467
379000,0.602,0.007,0.391
379500,0.620,0.006,0.374
380000,0.628,0.002,0.370
380500,0.554,0.002,0.444
381000,0.588,0.009,0.403
381500,0.581,0.002,0.417
382000,0.571,0.000,0.429
382500,0.542,0.001,0.457
383000,0.525,0.010,0.465
383500,0.506,0.004,0.490
384000,0.448,0.006,0.546
384500,0.555,0.005,0.440
385000,0.546,0.003,0.451
385500,0.487,0.007,0.506
386000,0.519,0.003,0.478
386500,0.540,0.005,0.455
387000,0.609,0.008,0.383
387500,0.594,0.004,0.402
388000,0.620,0.000,0.380
388500,0.618,0.000,0.382
389000,0.554,0.009,0.437
389500,0.562,0.002,0.436
390000,0.615,0.003,0.382
390500,0.589,0.004,0.407
391000,0.541,0.004,0.455
391500,0.510,0.004,0.486
392000,0.584,0.004,0.412
392500,0.566,0.010,0.424
393000,0.580,0.007,0.413
393500,0.610,0.002,0.388
394000,0.591,0.003,0.406
394500,0.552,0.007,0.441
395000,0.553,0.010,0.437
395500,0.545,0.007,0.448
396000,0.518,0.001,0.481
396500,0.532,0.011,0.457
397000,0.472,0.003,0.525
397500,0.511,0.005,0.484
398000,0.519,0.009,0.472
398500,0.523,0.006,0.471
399000,0.519,0.002,0.479
399500,0.520,0.008,0.472
400000,0.483,0.007,0.510
400500,0.528,0.004,0.468
401000,0.462,0.014,0.524
401500,0.498,0.016,0.486
402000,0.512,0.002,0.486
402500,0.521,0.005,0.474
403000,0.551,0.004,0.445
403500,0.491,0.006,0.503
404000,0.481,0.004,0.515
404500,0.471,0.005,0.524
405000,0.495,0.008,0.497
405500,0.400,0.012,0.588
406000,0.466,0.008,0.526
406500,0.465,0.008,0.527
407000,0.470,0.005,0.525
407500,0.421,0.016,0.563
408000,0.464,0.012,0.524
408500,0.476,0.006,0.518
409000,0.461,0.005,0.534
409500,0.458,0.008,0.534
410000,0.494,0.009,0.497
410500,0.493,0.008,0.499
411000,0.603,0.005,0.392
411500,0.539,0.004,0.457
412000,0.588,0.005,0.407
412500,0.611,0.001,0.388
413000,0.590,0.006,0.404
413500,0.518,0.002,0.480
414000,0.597,0.003,0.400
414500,0.613,0.004,0.383
415000,0.580,0.005,0.415
415500,0.557,0.000,0.443
416000,0.552,0.005,0.443
416500,0.562,0.004,0.434
417000,0.552,0.007,0.441
417500,0.520,0.011,0.469
418000,0.508,0.007,0.485
418500,0.443,0.004,0.553
419000,0.488,0.003,0.509
419500,0.500,0.008,0.492
420000,0.493,0.004,0.503
420500,0.518,0.009,0.473
421000,0.577,0.005,0.418
421500,0.560,0.003,0.437
422000,0.566,0.003,0.431
422500,0.585,0.004,0.411
423000,0.640,0.002,0.358
423500,0.598,0.002,0.400
424000,0.575,0.003,0.422
424500,0.543,0.007,0.450
425000,0.587,0.004,0.409
425500,0.654,0.004,0.342
426000,0.573,0.000,0.427
426500,0.545,0.000,0.455
427000,0.539,0.003,0.458
427500,0.605,0.001,0.394
428000,0.691,0.001,0.308
428500,0.709,0.000,0.291
429000,0.658,0.003,0.339
429500,0.694,0.008,0.298
430000,0.655,0.001,0.344
430500,0.633,0.000,0.367
431000,0.670,0.002,0.328
431500,0.672,0.000,0.328
432000,0.674,0.000,0.326
432500,0.604,0.004,0.392
433000,0.570,0.010,0.420
433500,0.509,0.009,0.482
434000,0.440,0.006,0.554
434500,0.444,0.008,0.548
435000,0.533,0.006,0.461
435500,0.521,0.008,0.471
436000,0.514,0.006,0.480
436500,0.465,0.004,0.531
437000,0.470,0.012,0.518
437500,0.423,0.008,0.569
438000,0.386,0.012,0.602
438500,0.440,0.005,0.555
439000,0.523,0.006,0.471
439500,0.486,0.014,0.500
440000,0.519,0.005,0.476
440500,0.424,0.006,0.570
441000,0.441,0.008,0.551
441500,0.380,0.017,0.603
442000,0.334,0.030,0.636
442500,0.402,0.019,0.579
443000,0.377,0.019,0.604
443500,0.352,0.024,0.624
444000,0.396,0.009,0.595
444500,0.492,0.004,0.504
445000,0.498,0.000,0.502
445500,0.479,0.005,0.516
446000,0.524,0.011,0.465
446500,0.606,0.001,0.393
447000,0.565,0.002,0.433
447500,0.480,0.011,0.509
448000,0.463,0.011,0.526
448500,0.475,0.009,0.516
449000,0.540,0.014,0.446
449500,0.567,0.005,0.428
450000,0.610,0.002,0.388
450500,0.690,0.001,0.309
451000,0.611,0.008,0.381
451500,0.649,0.005,0.346
452000,0.625,0.003,0.372
452500,0.572,0.004,0.424
453000,0.584,0.003,0.413
453500,0.581,0.005,0.414
454000,0.601,0.004,0.395
454500,0.599,0.004,0.397
455000,0.564,0.003,0.433
455500,0.556,0.005,0.439
456000,0.581,0.002,0.417
456500,0.588,0.001,0.411
457000,0.586,0.003,0.411
457500,0.559,0.004,0.437
458000,0.516,0.006,0.478
458500,0.458,0.006,0.536
459000,0.478,0.014,0.508
459500,0.424,0.022,0.554
460000,0.461,0.010,0.529
460500,0.501,0.006,0.493
461000,0.517,0.009,0.474
461500,0.514,0.001,0.485
462000,0.483,0.004,0.513
462500,0.450,0.011,0.539
463000,0.416,0.007,0.577
463500,0.525,0.006,0.469
464000,0.552,0.001,0.447
464500,0.569,0.012,0.419
465000,0.583,0.005,0.412
465500,0.578,0.004,0.418
466000,0.604,0.004,0.392
466500,0.527,0.000,0.473
467000,0.554,0.007,0.439
467500,0.472,0.001,0.527
468000,0.446,0.014,0.540
468500,0.469,0.011,0.520
469000,0.544,0.007,0.449
469500,0.561,0.004,0.435
470000,0.606,0.002,0.392
470500,0.539,0.002,0.459
471000,0.520,0.007,0.473
471500,0.470,0.021,0.509
472000,0.441,0.016,0.543
472500,0.473,0.007,0.520
473000,0.449,0.002,0.549
473500,0.547,0.008,0.445
474000,0.503,0.004,0.493
474500,0.517,0.010,0.473
475000,0.542,0.002,0.456
475500,0.588,0.002,0.410
476000,0.554,0.004,0.442
476500,0.556,0.004,0.440
477000,0.586,0.001,0.413
477500,0.631,0.002,0.367
478000,0.584,0.006,0.410
478500,0.646,0.001,0.353
479000,0.609,0.001,0.390
479500,0.529,0.005,0.466
480000,0.570,0.011,0.419
480500,0.628,0.006,0.366
481000,0.613,0.001,0.386
481500,0.627,0.000,0.373
482000,0.690,0.000,0.310
482500,0.661,0.002,0.337
483000,0.579,0.002,0.419
483500,0.481,0.008,0.511
484000,0.542,0.005,0.453
484500,0.513,0.009,0.478
485000,0.501,0.003,0.496
485500,0.537,0.005,0.458
486000,0.541,0.003,0.456
486500,0.585,0.003,0.412
487000,0.595,0.008,0.397
487500,0.522,0.003,0.475
488000,0.567,0.000,0.433
488500,0.494,0.007,0.499
489000,0.491,0.014,0.495
489500,0.577,0.004,0.419
490000,0.561,0.001,0.438
490500,0.537,0.005,0.458
491000,0.565,0.006,0.429
491500,0.552,0.004,0.444
492000,0.572,0.003,0.425
492500,0.563,0.009,0.428
493000,0.600,0.007,0.393
493500,0.609,0.000,0.391
494000,0.552,0.007,0.441
494500,0.601,0.003,0.396
495000,0.609,0.003,0.388
495500,0.589,0.001,0.410
496000,0.633,0.001,0.366
496500,0.565,0.005,0.430
497000,0.577,0.000,0.423
497500,0.641,0.002,0.357
498000,0.603,0.001,0.396
498500,0.600,0.004,0.396
499000,0.557,0.007,0.436
499500,0.542,0.005,0.453
500000,0.577,0.000,0.423
500500,0.610,0.000,0.390
501000,0.545,0.000,0.455
501500,0.524,0.000,0.476
502000,0.470,0.013,0.517
502500,0.440,0.008,0.552
503000,0.462,0.013,0.525
503500,0.473,0.001,0.526
504000,0.486,0.009,0.505
504500,0.446,0.009,0.545
505000,0.518,0.006,0.476
505500,0.478,0.005,0.517
506000,0.561,0.005,0.434
506500,0.612,0.004,0.384
507000,0.567,0.002,0.431
507500,0.614,0.002,0.384
508000,0.569,0.000,0.431
508500,0.544,0.002,0.454
509000,0.609,0.000,0.391
509500,0.691,0.000,0.309
510000,0.585,0.000,0.415
510500,0.609,0.002,0.389
511000,0.654,0.004,0.342
511500,0.574,0.006,0.420
512000,0.580,0.003,0.417
512500,0.593,0.004,0.403
513000,0.544,0.002,0.454
513500,0.608,0.005,0.387
514000,0.588,0.007,0.405
514500,0.444,0.004,0.552
515000,0.511,0.002,0.487
515500,0.528,0.001,0.471
516000,0.518,0.004,0.478
516500,0.514,0.004,0.482
517000,0.496,0.004,0.500
517500,0.512,0.005,0.483
518000,0.544,0.005,0.451
518500,0.601,0.005,0.394
519000,0.601,0.000,0.399
519500,0.563,0.003,0.434
520000,0.687,0.001,0.312
520500,0.755,0.000,0.245
521000,0.709,0.001,0.290
521500,0.740,0.005,0.255
522000,0.758,0.001,0.241
522500,0.747,0.002,0.251
523000,0.723,0.000,0.277
523500,0.680,0.000,0.320
524000,0.606,0.001,0.393
524500,0.606,0.000,0.394
525000,0.545,0.014,0.441
525500,0.556,0.008,0.436
526000,0.545,0.007,0.448
526500,0.557,0.008,0.435
527000,0.491,0.011,0.498
527500,0.497,0.004,0.499
528000,0.537,0.008,0.455
528500,0.529,0.011,0.460
529000,0.553,0.010,0.437
529500,0.508,0.004,0.488
530000,0.511,0.016,0.473
530500,0.479,0.000,0.521
531000,0.487,0.010,0.503
531500,0.445,0.013,0.542
532000,0.508,0.007,0.485
532500,0.583,0.003,0.414
533000,0.589,0.004,0.407
533500,0.611,0.007,0.382
534000,0.596,0.004,0.400
534500,0.552,0.010,0.438
535000,0.579,0.003,0.418
535500,0.579,0.001,0.420
536000,0.571,0.004,0.425
536500,0.541,0.003,0.456
537000,0.582,0.001,0.417
537500,0.564,0.003,0.433
538000,0.592,0.003,0.405
538500,0.559,0.001,0.440
539000,0.529,0.002,0.469
539500,0.565,0.006,0.429
540000,0.550,0.001,0.449
540500,0.491,0.006,0.503
541000,0.508,0.012,0.480
541500,0.503,0.004,0.493
542000,0.520,0.013,0.467
542500,0.506,0.019,0.475
543000,0.546,0.007,0.447
543500,0.510,0.001,0.489
544000,0.520,0.004,0.476
544500,0.617,0.006,0.377
545000,0.607,0.003,0.390
545500,0.539,0.002,0.459
546000,0.535,0.007,0.458
546500,0.549,0.006,0.445
547000,0.540,0.005,0.455
547500,0.523,0.006,0.471
548000,0.505,0.004,0.491
548500,0.544,0.003,0.453
549000,0.463,0.008,0.529
549500,0.379,0.014,0.607
550000,0.375,0.018,0.607
550500,0.373,0.015,0.612
551000,0.484,0.002,0.514
551500,0.477,0.002,0.521
552000,0.480,0.009,0.511
552500,0.493,0.011,0.496
553000,0.389,0.004,0.607
553500,0.451,0.011,0.538
554000,0.446,0.009,0.545
554500,0.461,0.020,0.519
555000,0.446,0.008,0.546
555500,0.459,0.008,0.533
556000,0.495,0.014,0.491
556500,0.438,0.006,0.556
557000,0.500,0.008,0.492
557500,0.529,0.003,0.468
558000,0.561,0.004,0.435
558500,0.524,0.005,0.471
559000,0.556,0.008,0.436
559500,0.510,0.004,0.486
560000,0.515,0.003,0.482
560500,0.478,0.016,0.506
561000,0.454,0.008,0.538
561500,0.474,0.008,0.518
562000,0.481,0.002,0.517
562500,0.498,0.002,0.500
563000,0.498,0.015,0.487
563500,0.563,0.007,0.430
564000,0.539,0.008,0.453
564500,0.608,0.000,0.392
565000,0.603,0.006,0.391
565500,0.614,0.007,0.379
566000,0.615,0.004,0.381
566500,0.606,0.004,0.390
567000,0.571,0.004,0.425
567500,0.594,0.008,0.398
568000,0.644,0.005,0.351
568500,0.635,0.000,0.365
569000,0.574,0.000,0.426
569500,0.558,0.008,0.434
570000,0.558,0.001,0.441
570500,0.554,0.001,0.445
571000,0.555,0.001,0.444
571500,0.586,0.007,0.407
572000,0.659,0.008,0.333
572500,0.613,0.004,0.383
573000,0.549,0.001,0.450
573500,0.573,0.005,0.422
574000,0.640,0.010,0.350
574500,0.601,0.003,0.396
575000,0.581,0.000,0.419
575500,0.638,0.000,0.362
576000,0.598,0.001,0.401
576500,0.522,0.004,0.474
577000,0.549,0.004,0.447
577500,0.599,0.001,0.400
578000,0.613,0.003,0.384
578500,0.617,0.003,0.380
579000,0.575,0.004,0.421
579500,0.606,0.004,0.390
580000,0.596,0.004,0.400
580500,0.631,0.001,0.368
581000,0.643,0.005,0.352
581500,0.594,0.003,0.403
582000,0.565,0.002,0.433
582500,0.622,0.002,0.376
583000,0.539,0.002,0.459
583500,0.536,0.000,0.464
584000,0.495,0.008,0.497
584500,0.509,0.010,0.481
585000,0.587,0.001,0.412
585500,0.557,0.001,0.442
586000,0.555,0.002,0.443
586500,0.494,0.007,0.499
587000,0.587,0.003,0.410
587500,0.558,0.007,0.435
588000,0.481,0.004,0.515
588500,0.508,0.003,0.489
589000,0.533,0.004,0.463
589500,0.639,0.000,0.361
590000,0.661,0.002,0.337
590500,0.581,0.003,0.416
591000,0.517,0.001,0.482
591500,0.517,0.003,0.480
592000,0.537,0.001,0.462
592500,0.562,0.005,0.433
593000,0.550,0.005,0.445
593500,0.529,0.005,0.466
594000,0.481,0.004,0.515
594500,0.490,0.010,0.500
595000,0.499,0.011,0.490
595500,0.512,0.007,0.481
596000,0.531,0.006,0.463
596500,0.547,0.001,0.452
597000,0.531,0.004,0.465
597500,0.486,0.017,0.497
598000,0.502,0.008,0.490
598500,0.544,0.012,0.444
599000,0.515,0.003,0.482
599500,0.561,0.008,0.431
600000,0.621,0.005,0.374
600500,0.595,0.004,0.401
601000,0.582,0.004,0.414
601500,0.539,0.012,0.449
602000,0.550,0.002,0.448
602500,0.558,0.000,0.442
603000,0.576,0.004,0.420
603500,0.589,0.002,0.409
604000,0.608,0.000,0.392
604500,0.552,0.003,0.445
605000,0.602,0.003,0.395
605500,0.623,0.004,0.373
606000,0.584,0.003,0.413
606500,0.546,0.008,0.446
607000,0.536,0.010,0.454
607500,0.538,0.015,0.447
608000,0.545,0.007,0.448
608500,0.628,0.002,0.370
609000,0.596,0.004,0.400
609500,0.606,0.005,0.389
610000,0.581,0.005,0.414
610500,0.527,0.016,0.457
611000,0.535,0.005,0.460
611500,0.516,0.007,0.477
612000,0.541,0.009,0.450
612500,0.509,0.004,0.487
613000,0.549,0.001,0.450
613500,0.632,0.002,0.366
614000,0.501,0.007,0.492
614500,0.482,0.016,0.502
615000,0.494,0.012,0.494
615500,0.515,0.005,0.480
616000,0.490,0.004,0.506
616500,0.448,0.007,0.545
617000,0.486,0.002,0.512
617500,0.534,0.007,0.459
618000,0.469,0.019,0.512
618500,0.470,0.014,0.516
619000,0.402,0.016,0.582
619500,0.420,0.019,0.561
620000,0.428,0.011,0.561
620500,0.418,0.009,0.573
621000,0.419,0.019,0.562
621500,0.428,0.020,0.552
622000,0.481,0.007,0.512
622500,0.458,0.014,0.528
623000,0.474,0.011,0.515
623500,0.549,0.003,0.448
624000,0.514,0.008,0.478
624500,0.453,0.011,0.536
625000,0.441,0.006,0.553
625500,0.498,0.009,0.493
626000,0.534,0.007,0.459
626500,0.506,0.014,0.480
627000,0.443,0.012,0.545
627500,0.426,0.013,0.561
628000,0.485,0.009,0.506
628500,0.468,0.013,0.519
629000,0.494,0.009,0.497
629500,0.510,0.008,0.482
630000,0.483,0.007,0.510
630500,0.485,0.000,0.515
631000,0.497,0.009,0.494
631500,0.541,0.008,0.451
632000,0.583,0.005,0.412
632500,0.664,0.003,0.333
633000,0.628,0.000,0.372
633500,0.631,0.008,0.361
634000,0.597,0.003,0.400
634500,0.589,0.002,0.409
635000,0.617,0.002,0.381
635500,0.596,0.008,0.396
636000,0.546,0.002,0.452
636500,0.661,0.001,0.338
637000,0.679,0.001,0.320
637500,0.636,0.005,0.359
638000,0.607,0.001,0.392
638500,0.589,0.002,0.409
639000,0.607,0.003,0.390
639500,0.607,0.004,0.389
640000,0.581,0.002,0.417
640500,0.607,0.005,0.388
641000,0.510,0.005,0.485
641500,0.499,0.002,0.499
642000,0.567,0.003,0.430
642500,0.579,0.002,0.419
643000,0.601,0.000,0.399
643500,0.553,0.004,0.443
644000,0.526,0.006,0.468
644500,0.551,0.008,0.441
645000,0.562,0.003,0.435
645500,0.522,0.001,0.477
646000,0.544,0.001,0.455
646500,0.597,0.004,0.399
647000,0.495,0.006,0.499
647500,0.476,0.006,0.518
648000,0.542,0.009,0.449
648500,0.576,0.002,0.422
649000,0.592,0.007,0.401
649500,0.581,0.008,0.411
650000,0.599,0.006,0.395
650500,0.604,0.001,0.395
651000,0.599,0.000,0.401
651500,0.607,0.000,0.393
652000,0.577,0.000,0.423
652500,0.583,0.005,0.412
653000,0.561,0.008,0.431
653500,0.516,0.014,0.470
654000,0.558,0.005,0.437
654500,0.566,0.005,0.429
655000,0.582,0.005,0.413
655500,0.578,0.000,0.422
656000,0.591,0.008,0.401
656500,0.533,0.002,0.465
657000,0.542,0.002,0.456
657500,0.554,0.002,0.444
658000,0.652,0.001,0.347
658500,0.609,0.006,0.385
659000,0.675,0.003,0.322
659500,0.642,0.000,0.358
660000,0.582,0.004,0.414
660500,0.605,0.003,0.392
661000,0.607,0.000,0.393
661500,0.571,0.001,0.428
662000,0.551,0.010,0.439
662500,0.524,0.004,0.472
663000,0.467,0.006,0.527
663500,0.585,0.002,0.413
664000,0.624,0.001,0.375
664500,0.610,0.000,0.390
665000,0.671,0.001,0.328
665500,0.715,0.001,0.284
666000,0.743,0.002,0.255
666500,0.757,0.002,0.241
667000,0.751,0.005,0.244
667500,0.757,0.002,0.241
668000,0.715,0.001,0.284
668500,0.725,0.003,0.272
669000,0.718,0.000,0.282
669500,0.601,0.000,0.399
670000,0.628,0.000,0.372
670500,0.652,0.000,0.348
671000,0.661,0.004,0.335
671500,0.638,0.003,0.359
672000,0.593,0.003,0.404
672500,0.612,0.005,0.383
673000,0.559,0.004,0.437
673500,0.609,0.011,0.380
674000,0.616,0.010,0.374
674500,0.594,0.002,0.404
675000,0.595,0.006,0.399
675500,0.586,0.004,0.410
676000,0.551,0.001,0.448
676500,0.476,0.007,0.517
677000,0.504,0.003,0.493
677500,0.529,0.008,0.463
678000,0.442,0.014,0.544
678500,0.451,0.010,0.539
679000,0.550,0.008,0.442
679500,0.567,0.005,0.428
680000,0.504,0.002,0.494
680500,0.449,0.008,0.543
681000,0.482,0.003,0.515
681500,0.553,0.002,0.445
682000,0.554,0.003,0.443
682500,0.580,0.003,0.417
683000,0.582,0.000,0.418
683500,0.581,0.001,0.418
684000,0.569,0.008,0.423
684500,0.593,0.001,0.406
685000,0.663,0.001,0.336
685500,0.624,0.004,0.372
686000,0.612,0.000,0.388
686500,0.601,0.001,0.398
687000,0.595,0.007,0.398
687500,0.536,0.010,0.454
688000,0.487,0.012,0.501
688500,0.491,0.009,0.500
689000,0.465,0.004,0.531
689500,0.459,0.012,0.529
690000,0.440,0.012,0.548
690500,0.431,0.015,0.554
691000,0.424,0.020,0.556
691500,0.444,0.022,0.534
692000,0.459,0.011,0.530
692500,0.459,0.008,0.533
693000,0.555,0.020,0.425
693500,0.510,0.007,0.483
694000,0.561,0.005,0.434
694500,0.634,0.002,0.364
695000,0.613,0.002,0.385
695500,0.572,0.003,0.425
696000,0.581,0.006,0.413
696500,0.661,0.005,0.334
697000,0.658,0.000,0.342
697500,0.625,0.000,0.375
698000,0.594,0.006,0.400
698500,0.618,0.008,0.374
699000,0.566,0.005,0.429
699500,0.625,0.007,0.368
700000,0.590,0.008,0.402
700500,0.594,0.008,0.398
701000,0.565,0.005,0.430
701500,0.511,0.005,0.484
702000,0.567,0.002,0.431
702500,0.586,0.002,0.412
703000,0.661,0.010,0.329
703500,0.614,0.001,0.385
704000,0.594,0.008,0.398
704500,0.536,0.001,0.463
705000,0.541,0.005,0.454
705500,0.589,0.009,0.402
706000,0.619,0.005,0.376
706500,0.602,0.001,0.397
707000,0.554,0.003,0.443
707500,0.529,0.002,0.469
708000,0.616,0.001,0.383
708500,0.578,0.001,0.421
709000,0.599,0.001,0.400
709500,0.584,0.004,0.412
710000,0.600,0.001,0.399
710500,0.603,0.000,0.397
711000,0.612,0.004,0.384
711500,0.618,0.004,0.378
712000,0.530,0.003,0.467
712500,0.513,0.005,0.482
713000,0.539,0.003,0.458
713500,0.545,0.008,0.447
714000,0.498,0.001,0.501
714500,0.510,0.009,0.481
715000,0.583,0.004,0.413
715500,0.598,0.009,0.393
716000,0.550,0.009,0.441
716500,0.532,0.010,0.458
717000,0.528,0.006,0.466
717500,0.538,0.001,0.461
718000,0.560,0.004,0.436
718500,0.556,0.005,0.439
719000,0.626,0.002,0.372
719500,0.611,0.002,0.387
720000,0.635,0.005,0.360
720500,0.667,0.000,0.333
721000,0.691,0.002,0.307
721500,0.661,0.000,0.339
722000,0.657,0.001,0.342
722500,0.672,0.001,0.327
723000,0.642,0.001,0.357
723500,0.615,0.002,0.383
724000,0.668,0.004,0.328
724500,0.631,0.001,0.368
725000,0.618,0.002,0.380
725500,0.624,0.004,0.372
726000,0.589,0.001,0.410
726500,0.560,0.002,0.438
727000,0.575,0.004,0.421
727500,0.501,0.004,0.495
728000,0.499,0.003,0.498
728500,0.516,0.003,0.481
729000,0.554,0.002,0.444
729500,0.581,0.004,0.415
730000,0.515,0.005,0.480
730500,0.540,0.003,0.457
731000,0.539,0.003,0.458
731500,0.551,0.003,0.446
732000,0.544,0.005,0.451
732500,0.535,0.004,0.461
733000,0.541,0.005,0.454
733500,0.561,0.008,0.431
734000,0.490,0.010,0.500
734500,0.490,0.001,0.509
735000,0.573,0.000,0.427
735500,0.604,0.004,0.392
736000,0.568,0.006,0.426
736500,0.499,0.007,0.494
737000,0.577,0.011,0.412
737500,0.518,0.004,0.478
738000,0.570,0.006,0.424
738500,0.669,0.006,0.325
739000,0.646,0.001,0.353
739500,0.642,0.001,0.357
740000,0.614,0.001,0.385
740500,0.644,0.000,0.356
741000,0.604,0.008,0.388
741500,0.610,0.003,0.387
742000,0.588,0.005,0.407
742500,0.643,0.001,0.356
743000,0.630,0.002,0.368
743500,0.645,0.003,0.352
744000,0.680,0.002,0.318
744500,0.699,0.001,0.300
745000,0.653,0.000,0.347
745500,0.633,0.006,0.361
746000,0.605,0.000,0.395
746500,0.573,0.004,0.423
747000,0.552,0.001,0.447
747500,0.576,0.004,0.420
748000,0.546,0.000,0.454
748500,0.574,0.004,0.422
749000,0.531,0.004,0.465
749500,0.547,0.005,0.448
750000,0.518,0.005,0.477
750500,0.503,0.010,0.487
751000,0.528,0.018,0.454
751500,0.517,0.011,0.472
752000,0.496,0.013,0.491
752500,0.500,0.006,0.494
753000,0.548,0.009,0.443
753500,0.561,0.003,0.436
754000,0.530,0.009,0.461
754500,0.494,0.009,0.497
755000,0.492,0.012,0.496
755500,0.494,0.011,0.495
756000,0.498,0.006,0.496
756500,0.539,0.001,0.460
757000,0.595,0.005,0.400
757500,0.617,0.002,0.381
758000,0.567,0.004,0.429
758500,0.546,0.004,0.450
759000,0.530,0.009,0.461
759500,0.506,0.012,0.482
760000,0.420,0.004,0.576
760500,0.530,0.007,0.463
761000,0.476,0.004,0.520
761500,0.540,0.006,0.454
762000,0.513,0.014,0.473
762500,0.460,0.007,0.533
763000,0.475,0.012,0.513
763500,0.468,0.013,0.519
764000,0.501,0.014,0.485
764500,0.592,0.007,0.401
765000,0.550,0.005,0.445
765500,0.590,0.005,0.405
766000,0.557,0.009,0.434
766500,0.561,0.001,0.438
767000,0.608,0.004,0.388
767500,0.602,0.000,0.398
768000,0.512,0.004,0.484
768500,0.490,0.011,0.499
769000,0.449,0.009,0.542
769500,0.414,0.015,0.571
770000,0.379,0.006,0.615
770500,0.515,0.011,0.474
771000,0.519,0.005,0.476
771500,0.526,0.003,0.471
772000,0.539,0.007,0.454
772500,0.494,0.011,0.495
773000,0.511,0.004,0.485
773500,0.502,0.007,0.491
774000,0.498,0.008,0.494
774500,0.536,0.003,0.461
775000,0.479,0.008,0.513
775500,0.555,0.002,0.443
776000,0.603,0.001,0.396
776500,0.509,0.006,0.485
777000,0.574,0.001,0.425
777500,0.585,0.006,0.409
778000,0.568,0.001,0.431
778500,0.608,0.001,0.391
779000,0.604,0.001,0.395
779500,0.629,0.001,0.370
780000,0.576,0.007,0.417
780500,0.511,0.005,0.484
781000,0.459,0.005,0.536
781500,0.462,0.009,0.529
782000,0.502,0.006,0.492
782500,0.486,0.010,0.504
783000,0.512,0.007,0.481
783500,0.498,0.007,0.495
784000,0.543,0.004,0.453
784500,0.524,0.010,0.466
785000,0.521,0.012,0.467
785500,0.513,0.005,0.482
786000,0.452,0.007,0.541
786500,0.494,0.005,0.501
787000,0.519,0.005,0.476
787500,0.477,0.001,0.522
788000,0.486,0.003,0.511
788500,0.509,0.015,0.476
789000,0.514,0.003,0.483
789500,0.529,0.005,0.466
790000,0.419,0.015,0.566
790500,0.420,0.011,0.569
791000,0.419,0.004,0.577
791500,0.383,0.019,0.598
792000,0.438,0.012,0.550
792500,0.474,0.006,0.520
793000,0.458,0.005,0.537
793500,0.557,0.004,0.439
794000,0.604,0.000,0.396
794500,0.630,0.005,0.365
795000,0.602,0.002,0.396
795500,0.605,0.003,0.392
796000,0.537,0.008,0.455
796500,0.538,0.012,0.450
797000,0.418,0.012,0.570
797500,0.470,0.010,0.520
798000,0.474,0.009,0.517
798500,0.519,0.011,0.470
799000,0.487,0.009,0.504
799500,0.541,0.001,0.458
800000,0.555,0.005,0.440
800500,0.536,0.005,0.459
801000,0.568,0.001,0.431
801500,0.591,0.005,0.404
802000,0.508,0.002,0.490
802500,0.433,0.010,0.557
803000,0.441,0.011,0.548
803500,0.492,0.002,0.506
