time,n_A+p,n_B,n_AB
100,0.030,0.967,0.003
200,0.030,0.968,0.002
300,0.033,0.953,0.014
400,0.030,0.949,0.021
500,0.033,0.909,0.058
600,0.041,0.906,0.052
700,0.038,0.909,0.053
800,0.038,0.911,0.051
900,0.035,0.914,0.051
1000,0.056,0.885,0.059
1100,0.052,0.884,0.063
1200,0.067,0.866,0.067
1300,0.063,0.868,0.069
1400,0.062,0.853,0.085
1500,0.081,0.833,0.086
1600,0.109,0.790,0.100
1700,0.086,0.807,0.107
1800,0.088,0.807,0.105
1900,0.101,0.803,0.097
2000,0.092,0.815,0.093
2100,0.081,0.835,0.084
2200,0.075,0.835,0.091
2300,0.079,0.814,0.107
2400,0.078,0.813,0.109
2500,0.105,0.803,0.092
2600,0.101,0.776,0.123
2700,0.107,0.761,0.133
2800,0.146,0.714,0.140
2900,0.137,0.706,0.157
3000,0.124,0.687,0.189
3100,0.131,0.665,0.204
3200,0.136,0.653,0.211
3300,0.144,0.669,0.186
3400,0.137,0.654,0.209
3500,0.154,0.626,0.219
3600,0.144,0.648,0.208
3700,0.132,0.664,0.204
3800,0.132,0.673,0.195
3900,0.143,0.640,0.217
4000,0.139,0.648,0.213
4100,0.151,0.646,0.203
4200,0.139,0.643,0.218
4300,0.162,0.631,0.207
4400,0.158,0.626,0.217
4500,0.217,0.563,0.219
4600,0.265,0.520,0.214
4700,0.288,0.481,0.231
4800,0.317,0.478,0.205
4900,0.293,0.480,0.228
5000,0.278,0.501,0.221
5100,0.291,0.477,0.232
5200,0.304,0.461,0.235
5300,0.315,0.461,0.224
5400,0.335,0.433,0.232
5500,0.311,0.439,0.249
5600,0.315,0.424,0.260
5700,0.326,0.389,0.285
5800,0.342,0.360,0.299
5900,0.328,0.368,0.304
6000,0.339,0.377,0.285
6100,0.352,0.367,0.282
6200,0.342,0.401,0.257
6300,0.345,0.392,0.264
6400,0.375,0.375,0.250
6500,0.375,0.350,0.275
6600,0.365,0.349,0.286
6700,0.386,0.322,0.292
6800,0.353,0.329,0.317
6900,0.382,0.309,0.308
7000,0.392,0.304,0.304
7100,0.423,0.286,0.291
7200,0.440,0.280,0.280
7300,0.426,0.288,0.286
7400,0.428,0.284,0.288
7500,0.401,0.322,0.277
7600,0.381,0.328,0.292
7700,0.378,0.333,0.289
7800,0.338,0.376,0.286
7900,0.306,0.389,0.305
8000,0.364,0.347,0.289
8100,0.381,0.334,0.285
8200,0.405,0.308,0.287
8300,0.418,0.289,0.293
8400,0.414,0.302,0.284
8500,0.398,0.299,0.303
8600,0.407,0.317,0.276
8700,0.376,0.323,0.301
8800,0.398,0.322,0.280
8900,0.402,0.305,0.293
9000,0.399,0.295,0.307
9100,0.430,0.277,0.293
9200,0.388,0.302,0.310
9300,0.374,0.307,0.319
9400,0.375,0.327,0.299
9500,0.354,0.325,0.320
9600,0.317,0.357,0.326
9700,0.330,0.353,0.317
9800,0.351,0.349,0.300
9900,0.357,0.381,0.262
10000,0.361,0.350,0.289
10100,0.346,0.352,0.303
10200,0.347,0.363,0.290
10300,0.349,0.369,0.282
10400,0.359,0.341,0.300
10500,0.391,0.311,0.299
10600,0.392,0.310,0.298
10700,0.375,0.307,0.317
10800,0.384,0.303,0.314
10900,0.422,0.283,0.295
11000,0.428,0.279,0.292
11100,0.421,0.264,0.315
11200,0.430,0.261,0.310
11300,0.372,0.308,0.320
11400,0.380,0.304,0.317
11500,0.366,0.329,0.306
11600,0.387,0.325,0.288
11700,0.418,0.305,0.277
11800,0.457,0.265,0.278
11900,0.493,0.251,0.256
12000,0.506,0.228,0.266
12100,0.496,0.236,0.268
12200,0.505,0.236,0.259
12300,0.505,0.227,0.268
12400,0.498,0.224,0.278
12500,0.519,0.196,0.285
12600,0.538,0.195,0.267
12700,0.552,0.194,0.253
12800,0.548,0.206,0.246
12900,0.513,0.214,0.272
13000,0.518,0.206,0.276
13100,0.510,0.202,0.288
13200,0.492,0.217,0.290
13300,0.520,0.187,0.293
13400,0.556,0.167,0.277
13500,0.572,0.146,0.282
13600,0.563,0.166,0.271
13700,0.538,0.162,0.299
13800,0.572,0.158,0.270
13900,0.564,0.154,0.282
14000,0.556,0.171,0.273
14100,0.575,0.144,0.282
14200,0.549,0.178,0.272
14300,0.559,0.168,0.273
14400,0.589,0.159,0.252
14500,0.616,0.141,0.243
14600,0.622,0.151,0.227
14700,0.648,0.129,0.223
14800,0.666,0.114,0.220
14900,0.649,0.116,0.235
15000,0.639,0.118,0.244
15100,0.653,0.105,0.242
15200,0.625,0.136,0.240
15300,0.644,0.115,0.242
15400,0.669,0.124,0.207
15500,0.668,0.113,0.219
15600,0.662,0.121,0.217
15700,0.678,0.103,0.219
15800,0.685,0.095,0.220
15900,0.692,0.097,0.211
16000,0.693,0.088,0.219
16100,0.700,0.091,0.209
16200,0.698,0.098,0.203
16300,0.733,0.087,0.180
16400,0.742,0.079,0.179
16500,0.705,0.094,0.201
16600,0.707,0.091,0.201
16700,0.719,0.079,0.201
16800,0.719,0.075,0.207
16900,0.718,0.082,0.200
17000,0.682,0.114,0.204
17100,0.674,0.115,0.211
17200,0.671,0.119,0.210
17300,0.668,0.105,0.227
17400,0.692,0.095,0.213
17500,0.683,0.105,0.212
17600,0.672,0.112,0.217
17700,0.692,0.093,0.215
17800,0.672,0.098,0.231
17900,0.683,0.095,0.222
18000,0.664,0.116,0.219
18100,0.673,0.109,0.217
18200,0.692,0.119,0.189
18300,0.695,0.111,0.194
18400,0.672,0.123,0.205
18500,0.695,0.104,0.201
18600,0.714,0.097,0.190
18700,0.712,0.092,0.196
18800,0.684,0.103,0.213
18900,0.691,0.091,0.218
19000,0.662,0.112,0.226
19100,0.670,0.118,0.212
19200,0.675,0.113,0.212
19300,0.702,0.095,0.203
19400,0.714,0.090,0.196
19500,0.677,0.096,0.227
19600,0.671,0.093,0.236
19700,0.665,0.107,0.229
19800,0.678,0.125,0.198
19900,0.676,0.126,0.198
20000,0.678,0.131,0.192
20100,0.668,0.135,0.197
20200,0.698,0.114,0.188
20300,0.710,0.114,0.177
20400,0.689,0.112,0.199
20500,0.697,0.108,0.195
20600,0.706,0.114,0.180
20700,0.688,0.117,0.195
20800,0.666,0.128,0.205
20900,0.687,0.137,0.176
21000,0.686,0.149,0.165
21100,0.624,0.197,0.179
21200,0.633,0.167,0.200
21300,0.647,0.161,0.192
21400,0.629,0.185,0.187
21500,0.610,0.188,0.202
21600,0.614,0.184,0.203
21700,0.606,0.180,0.214
21800,0.594,0.186,0.219
21900,0.619,0.149,0.232
22000,0.611,0.132,0.257
22100,0.585,0.148,0.267
22200,0.564,0.148,0.288
22300,0.581,0.163,0.256
22400,0.565,0.178,0.257
22500,0.580,0.170,0.250
22600,0.551,0.194,0.255
22700,0.548,0.199,0.253
22800,0.547,0.164,0.289
22900,0.548,0.186,0.266
23000,0.540,0.187,0.272
23100,0.549,0.191,0.260
23200,0.516,0.229,0.255
23300,0.483,0.257,0.261
23400,0.487,0.242,0.271
23500,0.488,0.246,0.266
23600,0.494,0.237,0.269
23700,0.485,0.221,0.294
23800,0.473,0.224,0.304
23900,0.485,0.234,0.281
24000,0.468,0.263,0.269
24100,0.453,0.264,0.283
24200,0.467,0.231,0.302
24300,0.516,0.211,0.273
24400,0.511,0.198,0.291
24500,0.520,0.179,0.301
24600,0.545,0.177,0.278
24700,0.533,0.174,0.293
24800,0.511,0.210,0.279
24900,0.489,0.209,0.302
25000,0.491,0.211,0.297
25100,0.490,0.215,0.295
25200,0.501,0.196,0.303
25300,0.474,0.193,0.334
25400,0.449,0.212,0.338
25500,0.434,0.253,0.313
25600,0.427,0.247,0.327
25700,0.425,0.235,0.339
25800,0.453,0.200,0.346
25900,0.480,0.194,0.326
26000,0.439,0.236,0.325
26100,0.441,0.241,0.318
26200,0.451,0.243,0.307
26300,0.456,0.240,0.304
26400,0.481,0.222,0.297
26500,0.452,0.245,0.303
26600,0.458,0.248,0.295
26700,0.436,0.263,0.302
26800,0.449,0.256,0.295
26900,0.480,0.232,0.288
27000,0.478,0.232,0.289
27100,0.477,0.231,0.292
27200,0.456,0.247,0.297
27300,0.402,0.283,0.315
27400,0.361,0.335,0.303
27500,0.357,0.343,0.299
27600,0.378,0.321,0.301
27700,0.402,0.303,0.296
27800,0.403,0.292,0.304
27900,0.398,0.292,0.310
28000,0.405,0.286,0.309
28100,0.398,0.275,0.327
28200,0.393,0.291,0.316
28300,0.380,0.318,0.303
28400,0.382,0.286,0.332
28500,0.427,0.270,0.303
28600,0.431,0.274,0.296
28700,0.423,0.296,0.281
28800,0.412,0.308,0.279
28900,0.460,0.279,0.260
29000,0.450,0.275,0.275
29100,0.473,0.257,0.269
29200,0.498,0.258,0.244
29300,0.506,0.241,0.253
29400,0.503,0.250,0.247
29500,0.511,0.238,0.251
29600,0.524,0.244,0.232
29700,0.538,0.218,0.244
29800,0.498,0.250,0.253
29900,0.531,0.239,0.230
30000,0.499,0.258,0.243
30100,0.470,0.296,0.234
30200,0.473,0.285,0.242
30300,0.487,0.263,0.250
30400,0.518,0.240,0.242
30500,0.521,0.235,0.244
30600,0.521,0.218,0.261
30700,0.512,0.237,0.251
30800,0.502,0.226,0.272
30900,0.512,0.198,0.290
31000,0.464,0.231,0.304
31100,0.490,0.205,0.306
31200,0.490,0.222,0.288
31300,0.512,0.204,0.283
31400,0.511,0.209,0.280
31500,0.498,0.210,0.292
31600,0.498,0.207,0.295
31700,0.487,0.196,0.317
31800,0.509,0.198,0.292
31900,0.538,0.169,0.293
32000,0.501,0.186,0.313
32100,0.533,0.176,0.291
32200,0.517,0.187,0.295
32300,0.503,0.194,0.302
32400,0.516,0.187,0.296
32500,0.529,0.189,0.282
32600,0.551,0.174,0.275
32700,0.566,0.183,0.251
32800,0.551,0.190,0.259
32900,0.558,0.180,0.263
33000,0.549,0.178,0.272
33100,0.576,0.166,0.257
33200,0.574,0.153,0.273
33300,0.576,0.168,0.256
33400,0.584,0.145,0.271
33500,0.563,0.150,0.287
33600,0.569,0.135,0.296
33700,0.559,0.139,0.302
33800,0.559,0.147,0.293
33900,0.572,0.141,0.286
34000,0.581,0.139,0.281
34100,0.568,0.123,0.309
34200,0.559,0.131,0.310
34300,0.547,0.149,0.304
34400,0.538,0.159,0.303
34500,0.519,0.182,0.299
34600,0.515,0.194,0.291
34700,0.512,0.203,0.285
34800,0.539,0.193,0.268
34900,0.554,0.169,0.277
35000,0.570,0.154,0.275
35100,0.575,0.143,0.283
35200,0.573,0.146,0.281
35300,0.616,0.129,0.255
35400,0.606,0.143,0.251
35500,0.619,0.133,0.249
35600,0.657,0.114,0.229
35700,0.667,0.108,0.225
35800,0.663,0.111,0.226
35900,0.670,0.104,0.226
36000,0.647,0.105,0.249
36100,0.680,0.087,0.233
36200,0.665,0.091,0.244
36300,0.671,0.098,0.232
36400,0.682,0.103,0.215
36500,0.646,0.123,0.231
36600,0.622,0.140,0.239
36700,0.622,0.129,0.249
36800,0.619,0.119,0.262
36900,0.615,0.144,0.241
37000,0.613,0.139,0.248
37100,0.639,0.114,0.247
37200,0.633,0.125,0.243
37300,0.609,0.137,0.254
37400,0.629,0.134,0.237
37500,0.623,0.132,0.246
37600,0.604,0.159,0.237
37700,0.593,0.153,0.254
37800,0.559,0.184,0.257
37900,0.576,0.182,0.242
38000,0.588,0.172,0.240
38100,0.552,0.184,0.264
38200,0.558,0.186,0.256
38300,0.544,0.209,0.247
38400,0.534,0.212,0.254
38500,0.527,0.212,0.260
38600,0.512,0.240,0.249
38700,0.534,0.223,0.243
38800,0.502,0.228,0.269
38900,0.509,0.227,0.264
39000,0.524,0.212,0.264
39100,0.491,0.247,0.262
39200,0.516,0.231,0.253
39300,0.497,0.232,0.272
39400,0.531,0.214,0.256
39500,0.510,0.222,0.267
39600,0.501,0.233,0.266
39700,0.508,0.210,0.282
39800,0.502,0.228,0.271
39900,0.485,0.229,0.286
40000,0.495,0.219,0.286
40100,0.509,0.214,0.278
40200,0.551,0.201,0.247
40300,0.568,0.191,0.242
40400,0.586,0.176,0.237
40500,0.566,0.183,0.251
40600,0.586,0.163,0.251
40700,0.609,0.168,0.223
40800,0.626,0.145,0.229
40900,0.647,0.136,0.217
41000,0.640,0.139,0.221
41100,0.640,0.139,0.221
41200,0.639,0.153,0.208
41300,0.626,0.157,0.218
41400,0.648,0.127,0.225
41500,0.622,0.129,0.249
41600,0.622,0.126,0.252
41700,0.646,0.122,0.233
41800,0.607,0.129,0.265
41900,0.605,0.123,0.271
42000,0.636,0.118,0.246
42100,0.609,0.116,0.274
42200,0.623,0.135,0.242
42300,0.614,0.128,0.258
42400,0.603,0.122,0.275
42500,0.608,0.126,0.266
42600,0.629,0.122,0.249
42700,0.602,0.164,0.234
42800,0.595,0.159,0.246
42900,0.586,0.178,0.236
43000,0.573,0.181,0.246
43100,0.562,0.165,0.274
43200,0.529,0.184,0.288
43300,0.528,0.187,0.285
43400,0.529,0.190,0.281
43500,0.534,0.173,0.293
43600,0.529,0.182,0.290
43700,0.524,0.186,0.289
43800,0.553,0.175,0.272
43900,0.547,0.187,0.266
44000,0.569,0.188,0.243
44100,0.523,0.212,0.265
44200,0.548,0.189,0.264
44300,0.558,0.166,0.276
44400,0.537,0.158,0.305
44500,0.528,0.187,0.285
44600,0.516,0.208,0.276
44700,0.534,0.202,0.264
44800,0.575,0.178,0.248
44900,0.533,0.210,0.257
45000,0.569,0.176,0.255
45100,0.569,0.169,0.263
45200,0.571,0.181,0.248
45300,0.548,0.205,0.246
45400,0.540,0.212,0.247
45500,0.554,0.185,0.262
45600,0.567,0.166,0.267
45700,0.580,0.161,0.258
45800,0.585,0.156,0.259
45900,0.600,0.143,0.257
46000,0.590,0.147,0.264
46100,0.594,0.142,0.264
46200,0.608,0.144,0.247
46300,0.577,0.159,0.263
46400,0.576,0.154,0.270
46500,0.573,0.130,0.296
46600,0.566,0.141,0.293
46700,0.572,0.149,0.279
46800,0.570,0.157,0.272
46900,0.562,0.175,0.264
47000,0.550,0.177,0.273
47100,0.565,0.199,0.236
47200,0.547,0.207,0.246
47300,0.542,0.191,0.267
47400,0.555,0.182,0.264
47500,0.566,0.177,0.257
47600,0.572,0.180,0.248
47700,0.577,0.162,0.261
47800,0.568,0.192,0.240
47900,0.572,0.169,0.259
48000,0.563,0.161,0.275
48100,0.599,0.140,0.261
48200,0.605,0.140,0.255
48300,0.607,0.131,0.263
48400,0.594,0.149,0.257
48500,0.580,0.147,0.273
48600,0.544,0.185,0.271
48700,0.552,0.175,0.273
48800,0.554,0.169,0.276
48900,0.560,0.183,0.257
49000,0.585,0.172,0.243
49100,0.562,0.192,0.246
49200,0.607,0.162,0.231
49300,0.606,0.156,0.238
49400,0.587,0.176,0.237
49500,0.576,0.182,0.243
49600,0.585,0.156,0.259
49700,0.614,0.143,0.243
49800,0.633,0.136,0.231
49900,0.642,0.132,0.226
50000,0.654,0.122,0.224
50100,0.660,0.116,0.224
50200,0.654,0.118,0.228
50300,0.661,0.112,0.228
50400,0.657,0.132,0.211
50500,0.640,0.134,0.226
50600,0.632,0.139,0.229
50700,0.640,0.122,0.238
50800,0.648,0.122,0.230
50900,0.672,0.111,0.217
51000,0.668,0.129,0.204
51100,0.649,0.143,0.208
51200,0.617,0.144,0.239
51300,0.603,0.141,0.256
51400,0.597,0.160,0.243
51500,0.589,0.176,0.235
51600,0.573,0.175,0.253
51700,0.596,0.158,0.246
51800,0.587,0.156,0.257
51900,0.593,0.171,0.236
52000,0.625,0.140,0.235
52100,0.620,0.123,0.257
52200,0.590,0.161,0.249
52300,0.607,0.151,0.243
52400,0.636,0.130,0.233
52500,0.673,0.102,0.225
52600,0.690,0.101,0.210
52700,0.689,0.099,0.212
52800,0.712,0.082,0.205
52900,0.708,0.089,0.203
53000,0.724,0.084,0.192
53100,0.726,0.080,0.194
53200,0.728,0.088,0.184
53300,0.702,0.127,0.171
53400,0.703,0.126,0.171
53500,0.703,0.120,0.177
53600,0.690,0.134,0.176
53700,0.676,0.134,0.190
53800,0.672,0.122,0.207
53900,0.686,0.121,0.193
54000,0.678,0.138,0.184
54100,0.673,0.123,0.203
54200,0.676,0.136,0.187
54300,0.657,0.146,0.197
54400,0.671,0.131,0.198
54500,0.671,0.120,0.209
54600,0.687,0.111,0.203
54700,0.670,0.121,0.209
54800,0.666,0.125,0.209
54900,0.662,0.114,0.224
55000,0.648,0.113,0.239
55100,0.608,0.134,0.258
55200,0.610,0.139,0.251
55300,0.579,0.165,0.257
55400,0.541,0.187,0.272
55500,0.553,0.175,0.272
55600,0.551,0.193,0.256
55700,0.540,0.205,0.256
55800,0.544,0.194,0.262
55900,0.534,0.177,0.289
56000,0.546,0.194,0.260
56100,0.530,0.194,0.275
56200,0.503,0.196,0.300
56300,0.501,0.197,0.302
56400,0.527,0.183,0.290
56500,0.554,0.171,0.275
56600,0.552,0.174,0.274
56700,0.529,0.193,0.278
56800,0.524,0.218,0.258
56900,0.517,0.207,0.276
57000,0.522,0.200,0.278
57100,0.497,0.212,0.292
57200,0.481,0.212,0.307
57300,0.517,0.197,0.285
57400,0.535,0.213,0.252
57500,0.547,0.198,0.254
57600,0.538,0.186,0.276
57700,0.514,0.168,0.318
57800,0.483,0.196,0.321
57900,0.483,0.183,0.334
58000,0.483,0.207,0.310
58100,0.491,0.205,0.304
58200,0.519,0.195,0.286
58300,0.506,0.222,0.272
58400,0.527,0.193,0.280
58500,0.526,0.179,0.296
58600,0.511,0.196,0.293
58700,0.488,0.232,0.280
58800,0.527,0.198,0.275
58900,0.530,0.200,0.270
59000,0.519,0.189,0.292
59100,0.516,0.181,0.303
59200,0.483,0.222,0.295
59300,0.462,0.240,0.298
59400,0.501,0.208,0.290
59500,0.469,0.237,0.294
59600,0.471,0.207,0.322
59700,0.518,0.196,0.286
59800,0.541,0.175,0.285
59900,0.530,0.165,0.305
60000,0.532,0.150,0.318
60100,0.537,0.134,0.328
60200,0.520,0.154,0.327
60300,0.528,0.205,0.267
60400,0.493,0.214,0.293
60500,0.508,0.228,0.264
60600,0.537,0.205,0.258
60700,0.526,0.205,0.269
60800,0.505,0.201,0.293
60900,0.523,0.182,0.295
61000,0.517,0.197,0.286
61100,0.544,0.193,0.264
61200,0.508,0.251,0.242
61300,0.482,0.276,0.242
61400,0.495,0.248,0.257
61500,0.502,0.228,0.271
61600,0.519,0.215,0.265
61700,0.501,0.218,0.281
61800,0.524,0.198,0.278
61900,0.513,0.196,0.291
62000,0.509,0.194,0.297
62100,0.529,0.174,0.297
62200,0.559,0.182,0.260
62300,0.596,0.151,0.253
62400,0.590,0.168,0.242
62500,0.602,0.153,0.245
62600,0.595,0.166,0.239
62700,0.587,0.164,0.249
62800,0.580,0.162,0.258
62900,0.574,0.143,0.283
63000,0.575,0.160,0.265
63100,0.557,0.178,0.265
63200,0.550,0.164,0.286
63300,0.561,0.162,0.276
63400,0.556,0.165,0.279
63500,0.547,0.184,0.269
63600,0.549,0.176,0.275
63700,0.526,0.178,0.296
63800,0.536,0.166,0.297
63900,0.542,0.160,0.298
64000,0.558,0.168,0.274
64100,0.551,0.153,0.296
64200,0.574,0.141,0.285
64300,0.586,0.132,0.282
64400,0.563,0.122,0.315
64500,0.569,0.137,0.294
64600,0.595,0.141,0.264
64700,0.583,0.125,0.292
64800,0.549,0.146,0.304
64900,0.542,0.183,0.275
65000,0.494,0.210,0.296
65100,0.548,0.189,0.263
65200,0.545,0.191,0.264
65300,0.524,0.185,0.291
65400,0.552,0.154,0.293
65500,0.558,0.159,0.282
65600,0.561,0.161,0.278
65700,0.538,0.167,0.295
65800,0.545,0.157,0.298
65900,0.515,0.188,0.297
66000,0.483,0.216,0.302
66100,0.484,0.242,0.274
66200,0.495,0.224,0.281
66300,0.526,0.186,0.288
66400,0.523,0.187,0.290
66500,0.499,0.205,0.296
66600,0.484,0.214,0.303
66700,0.456,0.255,0.289
66800,0.427,0.283,0.290
66900,0.399,0.291,0.310
67000,0.397,0.285,0.318
67100,0.416,0.250,0.335
67200,0.463,0.221,0.317
67300,0.443,0.224,0.333
67400,0.432,0.225,0.342
67500,0.439,0.216,0.345
67600,0.456,0.207,0.337
67700,0.452,0.228,0.321
67800,0.455,0.233,0.311
67900,0.445,0.231,0.325
68000,0.461,0.214,0.325
68100,0.451,0.235,0.314
68200,0.419,0.256,0.325
68300,0.405,0.272,0.323
68400,0.390,0.279,0.331
68500,0.420,0.254,0.325
68600,0.424,0.254,0.321
68700,0.434,0.267,0.299
68800,0.440,0.256,0.304
68900,0.425,0.271,0.303
69000,0.451,0.252,0.297
69100,0.405,0.287,0.308
69200,0.431,0.261,0.308
69300,0.464,0.221,0.315
69400,0.427,0.267,0.306
69500,0.435,0.242,0.323
69600,0.426,0.260,0.314
69700,0.411,0.292,0.297
69800,0.420,0.274,0.306
69900,0.431,0.265,0.304
70000,0.420,0.261,0.319
70100,0.410,0.294,0.296
70200,0.414,0.263,0.322
70300,0.441,0.240,0.319
70400,0.481,0.207,0.312
70500,0.508,0.188,0.304
70600,0.494,0.189,0.317
70700,0.487,0.194,0.319
70800,0.509,0.182,0.309
70900,0.499,0.201,0.299
71000,0.494,0.182,0.324
71100,0.529,0.165,0.306
71200,0.492,0.211,0.296
71300,0.540,0.192,0.268
71400,0.536,0.189,0.275
71500,0.580,0.171,0.249
71600,0.559,0.189,0.252
71700,0.523,0.207,0.269
71800,0.514,0.194,0.292
71900,0.529,0.187,0.284
72000,0.551,0.192,0.257
72100,0.542,0.195,0.263
72200,0.554,0.195,0.251
72300,0.562,0.187,0.251
72400,0.541,0.194,0.265
72500,0.529,0.198,0.272
72600,0.535,0.213,0.252
72700,0.530,0.202,0.268
72800,0.533,0.193,0.274
72900,0.508,0.208,0.284
73000,0.529,0.189,0.282
73100,0.530,0.191,0.279
73200,0.556,0.184,0.260
73300,0.552,0.182,0.266
73400,0.549,0.184,0.267
73500,0.560,0.190,0.250
73600,0.589,0.170,0.241
73700,0.533,0.224,0.244
73800,0.508,0.217,0.275
73900,0.494,0.233,0.274
74000,0.464,0.236,0.300
74100,0.455,0.267,0.278
74200,0.446,0.254,0.300
74300,0.432,0.262,0.306
74400,0.445,0.244,0.311
74500,0.469,0.233,0.297
74600,0.430,0.253,0.317
74700,0.423,0.275,0.302
74800,0.437,0.259,0.304
74900,0.434,0.250,0.316
75000,0.457,0.225,0.318
75100,0.537,0.175,0.289
75200,0.554,0.160,0.286
75300,0.550,0.161,0.289
75400,0.565,0.159,0.276
75500,0.534,0.177,0.289
75600,0.528,0.184,0.288
75700,0.530,0.173,0.296
75800,0.517,0.183,0.300
75900,0.521,0.186,0.293
76000,0.503,0.208,0.288
76100,0.467,0.235,0.299
76200,0.501,0.215,0.285
76300,0.502,0.223,0.275
76400,0.473,0.261,0.266
76500,0.451,0.251,0.298
76600,0.444,0.250,0.306
76700,0.448,0.272,0.279
76800,0.485,0.231,0.283
76900,0.505,0.219,0.276
77000,0.523,0.221,0.257
77100,0.543,0.190,0.267
77200,0.536,0.177,0.287
77300,0.551,0.189,0.260
77400,0.549,0.175,0.276
77500,0.530,0.169,0.301
77600,0.504,0.190,0.306
77700,0.486,0.207,0.307
77800,0.452,0.219,0.328
77900,0.442,0.211,0.346
78000,0.472,0.202,0.326
78100,0.423,0.248,0.329
78200,0.430,0.243,0.327
78300,0.427,0.229,0.345
78400,0.456,0.231,0.314
78500,0.446,0.228,0.325
78600,0.474,0.235,0.291
78700,0.502,0.222,0.276
78800,0.525,0.186,0.289
78900,0.523,0.221,0.256
79000,0.572,0.173,0.255
79100,0.587,0.153,0.260
79200,0.593,0.154,0.253
79300,0.582,0.167,0.251
79400,0.566,0.187,0.246
79500,0.571,0.160,0.269
79600,0.544,0.173,0.282
79700,0.558,0.157,0.286
79800,0.549,0.171,0.281
79900,0.576,0.149,0.275
80000,0.587,0.141,0.272
80100,0.560,0.176,0.264
80200,0.544,0.174,0.282
80300,0.533,0.199,0.268
80400,0.522,0.196,0.282
80500,0.468,0.265,0.267
80600,0.483,0.254,0.263
80700,0.535,0.214,0.251
80800,0.509,0.210,0.281
80900,0.536,0.183,0.282
81000,0.523,0.217,0.261
81100,0.546,0.204,0.250
81200,0.538,0.205,0.257
81300,0.522,0.208,0.271
81400,0.491,0.251,0.258
81500,0.488,0.242,0.271
81600,0.482,0.242,0.276
81700,0.499,0.232,0.269
81800,0.543,0.191,0.266
81900,0.525,0.205,0.270
82000,0.526,0.202,0.272
82100,0.507,0.206,0.287
82200,0.512,0.214,0.274
82300,0.545,0.203,0.253
82400,0.556,0.180,0.263
82500,0.532,0.186,0.282
82600,0.494,0.195,0.311
82700,0.503,0.205,0.291
82800,0.478,0.211,0.310
82900,0.485,0.219,0.296
83000,0.502,0.211,0.287
83100,0.480,0.248,0.272
83200,0.462,0.272,0.266
83300,0.456,0.260,0.285
83400,0.458,0.237,0.305
83500,0.485,0.227,0.288
83600,0.476,0.233,0.291
83700,0.454,0.245,0.301
83800,0.453,0.222,0.324
83900,0.414,0.257,0.329
84000,0.394,0.281,0.325
84100,0.427,0.273,0.300
84200,0.426,0.256,0.318
84300,0.419,0.276,0.304
84400,0.421,0.278,0.301
84500,0.386,0.286,0.328
84600,0.423,0.246,0.331
84700,0.434,0.222,0.344
84800,0.438,0.212,0.350
84900,0.437,0.231,0.332
85000,0.431,0.242,0.327
85100,0.462,0.236,0.302
85200,0.485,0.235,0.279
85300,0.456,0.225,0.319
85400,0.454,0.229,0.317
85500,0.437,0.229,0.334
85600,0.458,0.229,0.313
85700,0.472,0.218,0.310
85800,0.476,0.212,0.311
85900,0.481,0.221,0.298
86000,0.481,0.243,0.276
86100,0.449,0.256,0.295
86200,0.451,0.239,0.311
86300,0.444,0.224,0.332
86400,0.459,0.207,0.335
86500,0.458,0.228,0.314
86600,0.498,0.197,0.304
86700,0.503,0.192,0.305
86800,0.463,0.228,0.308
86900,0.505,0.198,0.296
87000,0.502,0.190,0.308
87100,0.495,0.208,0.297
87200,0.503,0.194,0.303
87300,0.523,0.198,0.279
87400,0.501,0.217,0.282
87500,0.500,0.208,0.292
87600,0.548,0.185,0.267
87700,0.588,0.152,0.260
87800,0.601,0.149,0.250
87900,0.611,0.158,0.232
88000,0.642,0.135,0.223
88100,0.644,0.129,0.227
88200,0.654,0.132,0.214
88300,0.639,0.116,0.244
88400,0.659,0.115,0.226
88500,0.604,0.158,0.237
88600,0.580,0.166,0.254
88700,0.556,0.186,0.257
88800,0.554,0.208,0.238
88900,0.547,0.207,0.246
89000,0.533,0.192,0.276
89100,0.508,0.192,0.300
89200,0.509,0.189,0.303
89300,0.541,0.173,0.286
89400,0.566,0.153,0.281
89500,0.570,0.134,0.296
89600,0.562,0.131,0.307
89700,0.579,0.139,0.282
89800,0.585,0.138,0.277
89900,0.593,0.125,0.282
90000,0.571,0.136,0.293
90100,0.545,0.148,0.307
90200,0.555,0.145,0.300
90300,0.517,0.184,0.299
90400,0.519,0.187,0.294
90500,0.505,0.201,0.295
90600,0.484,0.219,0.297
90700,0.495,0.237,0.268
90800,0.495,0.216,0.289
90900,0.512,0.193,0.295
91000,0.507,0.195,0.298
91100,0.531,0.197,0.272
91200,0.519,0.196,0.285
91300,0.538,0.196,0.266
91400,0.499,0.229,0.272
91500,0.476,0.233,0.290
91600,0.483,0.199,0.318
91700,0.453,0.239,0.307
91800,0.456,0.247,0.297
91900,0.505,0.197,0.298
92000,0.447,0.228,0.325
92100,0.487,0.212,0.302
92200,0.536,0.174,0.290
92300,0.540,0.155,0.305
92400,0.545,0.164,0.292
92500,0.520,0.158,0.321
92600,0.509,0.163,0.328
92700,0.515,0.154,0.331
92800,0.526,0.138,0.336
92900,0.561,0.138,0.301
93000,0.530,0.189,0.281
93100,0.541,0.193,0.267
93200,0.547,0.192,0.261
93300,0.502,0.205,0.293
93400,0.481,0.198,0.321
93500,0.503,0.182,0.314
93600,0.519,0.182,0.299
93700,0.530,0.156,0.314
93800,0.525,0.166,0.309
93900,0.509,0.194,0.296
94000,0.517,0.170,0.313
94100,0.476,0.218,0.306
94200,0.509,0.194,0.297
94300,0.557,0.184,0.259
94400,0.522,0.210,0.269
94500,0.500,0.241,0.259
94600,0.529,0.205,0.266
94700,0.519,0.191,0.290
94800,0.504,0.175,0.321
94900,0.507,0.186,0.307
95000,0.524,0.194,0.281
95100,0.520,0.178,0.303
95200,0.522,0.183,0.295
95300,0.507,0.189,0.304
95400,0.490,0.198,0.312
95500,0.527,0.162,0.311
95600,0.527,0.172,0.301
95700,0.533,0.185,0.282
95800,0.515,0.219,0.267
95900,0.517,0.215,0.268
96000,0.484,0.228,0.288
96100,0.511,0.203,0.286
96200,0.478,0.229,0.293
96300,0.490,0.211,0.300
96400,0.471,0.225,0.304
96500,0.482,0.237,0.281
96600,0.473,0.253,0.274
96700,0.474,0.244,0.281
96800,0.474,0.260,0.266
96900,0.451,0.250,0.299
97000,0.461,0.249,0.290
97100,0.471,0.267,0.263
97200,0.449,0.278,0.274
97300,0.458,0.276,0.266
97400,0.467,0.270,0.263
97500,0.468,0.239,0.293
97600,0.481,0.233,0.286
97700,0.481,0.222,0.297
97800,0.471,0.214,0.315
97900,0.474,0.195,0.331
98000,0.464,0.225,0.311
98100,0.479,0.210,0.311
98200,0.491,0.206,0.303
98300,0.506,0.200,0.294
98400,0.487,0.207,0.307
98500,0.477,0.235,0.288
98600,0.490,0.213,0.297
98700,0.455,0.224,0.321
98800,0.435,0.259,0.306
98900,0.414,0.261,0.324
99000,0.397,0.278,0.325
99100,0.417,0.254,0.329
99200,0.456,0.231,0.313
99300,0.456,0.229,0.314
99400,0.464,0.261,0.275
99500,0.441,0.270,0.289
99600,0.408,0.306,0.286
99700,0.428,0.275,0.297
99800,0.395,0.285,0.320
99900,0.427,0.251,0.322
100000,0.414,0.275,0.310
