time,n_A+p,n_B,n_AB
500,0.030,0.553,0.417
1000,0.030,0.548,0.422
1500,0.030,0.673,0.297
2000,0.030,0.475,0.495
2500,0.030,0.607,0.363
3000,0.030,0.570,0.400
3500,0.030,0.603,0.367
4000,0.030,0.617,0.353
4500,0.030,0.609,0.361
5000,0.030,0.556,0.414
5500,0.030,0.473,0.497
6000,0.030,0.648,0.322
6500,0.030,0.640,0.330
7000,0.030,0.677,0.293
7500,0.030,0.567,0.403
8000,0.030,0.539,0.431
8500,0.030,0.582,0.388
9000,0.030,0.444,0.526
9500,0.030,0.541,0.429
10000,0.030,0.363,0.607
10500,0.030,0.542,0.428
11000,0.030,0.480,0.490
11500,0.030,0.487,0.483
12000,0.030,0.501,0.469
12500,0.030,0.686,0.284
13000,0.030,0.681,0.289
13500,0.030,0.482,0.488
14000,0.030,0.449,0.521
14500,0.030,0.448,0.522
15000,0.030,0.561,0.409
15500,0.030,0.562,0.408
16000,0.030,0.539,0.431
16500,0.030,0.460,0.510
17000,0.030,0.515,0.455
17500,0.030,0.401,0.569
18000,0.030,0.513,0.457
18500,0.030,0.652,0.318
19000,0.030,0.589,0.381
19500,0.030,0.400,0.570
20000,0.030,0.504,0.466
20500,0.030,0.630,0.340
21000,0.030,0.555,0.415
21500,0.030,0.463,0.507
22000,0.030,0.513,0.457
22500,0.030,0.752,0.218
23000,0.030,0.785,0.185
23500,0.030,0.588,0.382
24000,0.030,0.677,0.293
24500,0.030,0.603,0.367
25000,0.030,0.399,0.571
25500,0.030,0.576,0.394
26000,0.030,0.662,0.308
26500,0.030,0.646,0.324
27000,0.030,0.515,0.455
27500,0.030,0.612,0.358
28000,0.030,0.514,0.456
28500,0.030,0.455,0.515
29000,0.030,0.383,0.587
29500,0.030,0.532,0.438
30000,0.030,0.580,0.390
30500,0.030,0.540,0.430
31000,0.030,0.670,0.300
31500,0.030,0.520,0.450
32000,0.030,0.602,0.368
32500,0.030,0.489,0.481
33000,0.030,0.644,0.326
33500,0.030,0.543,0.427
34000,0.030,0.524,0.446
34500,0.030,0.606,0.364
35000,0.030,0.604,0.366
35500,0.030,0.441,0.529
36000,0.030,0.681,0.289
36500,0.030,0.400,0.570
37000,0.030,0.439,0.531
37500,0.030,0.495,0.475
38000,0.030,0.638,0.332
38500,0.030,0.500,0.470
39000,0.030,0.620,0.350
39500,0.030,0.642,0.328
40000,0.030,0.570,0.400
40500,0.030,0.579,0.391
41000,0.030,0.588,0.382
41500,0.030,0.489,0.481
42000,0.030,0.524,0.446
42500,0.030,0.511,0.459
43000,0.030,0.501,0.469
43500,0.030,0.602,0.368
44000,0.030,0.727,0.243
44500,0.030,0.510,0.460
45000,0.030,0.541,0.429
45500,0.030,0.550,0.420
46000,0.030,0.533,0.437
46500,0.030,0.500,0.470
47000,0.030,0.511,0.459
47500,0.030,0.546,0.424
48000,0.030,0.441,0.529
48500,0.030,0.468,0.502
49000,0.030,0.557,0.413
49500,0.030,0.617,0.353
50000,0.030,0.653,0.317
50500,0.030,0.587,0.383
51000,0.030,0.673,0.297
51500,0.030,0.580,0.390
52000,0.030,0.647,0.323
52500,0.030,0.514,0.456
53000,0.030,0.579,0.391
53500,0.030,0.427,0.543
54000,0.030,0.594,0.376
54500,0.030,0.553,0.417
55000,0.030,0.637,0.333
55500,0.030,0.588,0.382
56000,0.030,0.500,0.470
56500,0.030,0.493,0.477
57000,0.030,0.392,0.578
57500,0.030,0.579,0.391
58000,0.030,0.628,0.342
58500,0.030,0.621,0.349
59000,0.030,0.634,0.336
59500,0.030,0.576,0.394
60000,0.030,0.501,0.469
60500,0.030,0.539,0.431
61000,0.030,0.437,0.533
61500,0.030,0.604,0.366
62000,0.030,0.645,0.325
62500,0.030,0.694,0.276
63000,0.030,0.593,0.377
63500,0.030,0.608,0.362
64000,0.030,0.626,0.344
64500,0.030,0.546,0.424
65000,0.030,0.527,0.443
65500,0.030,0.477,0.493
66000,0.030,0.699,0.271
66500,0.030,0.618,0.352
67000,0.030,0.403,0.567
67500,0.030,0.500,0.470
68000,0.030,0.514,0.456
68500,0.030,0.568,0.402
69000,0.030,0.563,0.407
69500,0.030,0.516,0.454
70000,0.030,0.448,0.522
70500,0.030,0.469,0.501
71000,0.030,0.424,0.546
71500,0.030,0.558,0.412
72000,0.030,0.544,0.426
72500,0.030,0.500,0.470
73000,0.030,0.446,0.524
73500,0.030,0.397,0.573
74000,0.030,0.560,0.410
74500,0.030,0.500,0.470
75000,0.030,0.439,0.531
75500,0.030,0.522,0.448
76000,0.030,0.515,0.455
76500,0.030,0.603,0.367
77000,0.030,0.672,0.298
77500,0.030,0.757,0.213
78000,0.030,0.732,0.238
78500,0.030,0.610,0.360
79000,0.030,0.508,0.462
79500,0.030,0.483,0.487
80000,0.030,0.498,0.472
80500,0.030,0.467,0.503
81000,0.030,0.518,0.452
81500,0.030,0.536,0.434
82000,0.030,0.399,0.571
82500,0.030,0.595,0.375
83000,0.030,0.454,0.516
83500,0.030,0.486,0.484
84000,0.030,0.567,0.403
84500,0.030,0.555,0.415
85000,0.030,0.418,0.552
85500,0.030,0.385,0.585
86000,0.030,0.528,0.442
86500,0.030,0.523,0.447
87000,0.030,0.561,0.409
87500,0.030,0.557,0.413
88000,0.030,0.509,0.461
88500,0.030,0.476,0.494
89000,0.030,0.326,0.644
89500,0.030,0.658,0.312
90000,0.030,0.507,0.463
90500,0.030,0.669,0.301
91000,0.030,0.713,0.257
91500,0.030,0.613,0.357
92000,0.030,0.621,0.349
92500,0.030,0.696,0.274
93000,0.030,0.640,0.330
93500,0.030,0.597,0.373
94000,0.030,0.471,0.499
94500,0.030,0.440,0.530
95000,0.030,0.483,0.487
95500,0.030,0.634,0.336
96000,0.030,0.629,0.341
96500,0.030,0.539,0.431
97000,0.030,0.495,0.475
97500,0.030,0.478,0.492
98000,0.030,0.533,0.437
98500,0.030,0.612,0.358
99000,0.030,0.584,0.386
99500,0.030,0.554,0.416
100000,0.030,0.593,0.377
100500,0.030,0.565,0.405
101000,0.030,0.656,0.314
101500,0.030,0.721,0.249
102000,0.030,0.690,0.280
102500,0.030,0.619,0.351
103000,0.030,0.523,0.447
103500,0.030,0.467,0.503
104000,0.030,0.433,0.537
104500,0.030,0.557,0.413
105000,0.030,0.527,0.443
105500,0.030,0.557,0.413
106000,0.030,0.490,0.480
106500,0.030,0.621,0.349
107000,0.030,0.698,0.272
107500,0.030,0.538,0.432
108000,0.030,0.467,0.503
108500,0.030,0.464,0.506
109000,0.030,0.413,0.557
109500,0.030,0.504,0.466
110000,0.030,0.517,0.453
110500,0.030,0.574,0.396
111000,0.030,0.424,0.546
111500,0.030,0.710,0.260
112000,0.030,0.497,0.473
112500,0.030,0.375,0.595
113000,0.030,0.563,0.407
113500,0.030,0.560,0.410
114000,0.030,0.476,0.494
114500,0.030,0.484,0.486
115000,0.030,0.484,0.486
115500,0.030,0.482,0.488
116000,0.030,0.574,0.396
116500,0.030,0.670,0.300
117000,0.030,0.447,0.523
117500,0.030,0.526,0.444
118000,0.030,0.521,0.449
118500,0.030,0.458,0.512
119000,0.030,0.620,0.350
119500,0.030,0.581,0.389
120000,0.030,0.736,0.234
120500,0.030,0.622,0.348
121000,0.030,0.587,0.383
121500,0.030,0.520,0.450
122000,0.030,0.510,0.460
122500,0.030,0.302,0.668
123000,0.030,0.497,0.473
123500,0.030,0.512,0.458
124000,0.030,0.514,0.456
124500,0.030,0.717,0.253
125000,0.030,0.612,0.358
125500,0.030,0.519,0.451
126000,0.030,0.530,0.440
126500,0.030,0.475,0.495
127000,0.030,0.528,0.442
127500,0.030,0.522,0.448
128000,0.030,0.579,0.391
128500,0.030,0.571,0.399
129000,0.030,0.477,0.493
129500,0.030,0.601,0.369
130000,0.030,0.474,0.496
130500,0.030,0.580,0.390
131000,0.030,0.580,0.390
131500,0.030,0.509,0.461
132000,0.030,0.581,0.389
132500,0.030,0.527,0.443
133000,0.030,0.504,0.466
133500,0.030,0.644,0.326
134000,0.030,0.671,0.299
134500,0.030,0.495,0.475
135000,0.030,0.481,0.489
135500,0.030,0.713,0.257
136000,0.030,0.553,0.417
136500,0.030,0.584,0.386
137000,0.030,0.608,0.362
137500,0.030,0.614,0.356
138000,0.030,0.470,0.500
138500,0.030,0.671,0.299
139000,0.030,0.511,0.459
139500,0.030,0.618,0.352
140000,0.030,0.647,0.323
140500,0.030,0.684,0.286
141000,0.030,0.564,0.406
141500,0.030,0.547,0.423
142000,0.030,0.599,0.371
142500,0.030,0.600,0.370
143000,0.030,0.541,0.429
143500,0.030,0.585,0.385
144000,0.030,0.513,0.457
144500,0.030,0.403,0.567
145000,0.030,0.477,0.493
145500,0.030,0.613,0.357
146000,0.030,0.524,0.446
146500,0.030,0.552,0.418
147000,0.030,0.472,0.498
147500,0.030,0.594,0.376
148000,0.030,0.555,0.415
148500,0.030,0.524,0.446
149000,0.030,0.453,0.517
149500,0.030,0.521,0.449
150000,0.030,0.402,0.568
150500,0.030,0.439,0.531
151000,0.030,0.563,0.407
151500,0.030,0.670,0.300
152000,0.030,0.666,0.304
152500,0.030,0.688,0.282
153000,0.030,0.544,0.426
153500,0.030,0.568,0.402
154000,0.030,0.607,0.363
154500,0.030,0.538,0.432
155000,0.030,0.494,0.476
155500,0.030,0.587,0.383
156000,0.030,0.551,0.419
156500,0.030,0.537,0.433
157000,0.030,0.596,0.374
157500,0.030,0.520,0.450
158000,0.030,0.583,0.387
158500,0.030,0.638,0.332
159000,0.030,0.659,0.311
159500,0.030,0.496,0.474
160000,0.030,0.533,0.437
160500,0.030,0.658,0.312
161000,0.030,0.512,0.458
161500,0.030,0.605,0.365
162000,0.030,0.574,0.396
162500,0.030,0.436,0.534
163000,0.030,0.488,0.482
163500,0.030,0.651,0.319
164000,0.030,0.555,0.415
164500,0.030,0.624,0.346
165000,0.030,0.646,0.324
165500,0.030,0.588,0.382
166000,0.030,0.594,0.376
166500,0.030,0.718,0.252
167000,0.030,0.714,0.256
167500,0.030,0.555,0.415
168000,0.030,0.388,0.582
168500,0.030,0.559,0.411
169000,0.030,0.737,0.233
169500,0.030,0.496,0.474
170000,0.030,0.616,0.354
170500,0.030,0.494,0.476
171000,0.030,0.680,0.290
171500,0.030,0.516,0.454
172000,0.030,0.602,0.368
172500,0.030,0.681,0.289
173000,0.030,0.699,0.271
173500,0.030,0.564,0.406
174000,0.030,0.474,0.496
174500,0.030,0.586,0.384
175000,0.030,0.630,0.340
175500,0.030,0.658,0.312
176000,0.030,0.487,0.483
176500,0.030,0.513,0.457
177000,0.030,0.345,0.625
177500,0.030,0.479,0.491
178000,0.030,0.602,0.368
178500,0.030,0.565,0.405
179000,0.030,0.593,0.377
179500,0.030,0.545,0.425
180000,0.030,0.544,0.426
180500,0.030,0.550,0.420
181000,0.030,0.551,0.419
181500,0.030,0.465,0.505
182000,0.030,0.500,0.470
182500,0.030,0.578,0.392
183000,0.030,0.568,0.402
183500,0.030,0.463,0.507
184000,0.030,0.618,0.352
184500,0.030,0.456,0.514
185000,0.030,0.488,0.482
185500,0.030,0.686,0.284
186000,0.030,0.641,0.329
186500,0.030,0.382,0.588
187000,0.030,0.445,0.525
187500,0.030,0.442,0.528
188000,0.030,0.443,0.527
188500,0.030,0.510,0.460
189000,0.030,0.579,0.391
189500,0.030,0.480,0.490
190000,0.030,0.740,0.230
190500,0.030,0.442,0.528
191000,0.030,0.618,0.352
191500,0.030,0.544,0.426
192000,0.030,0.573,0.397
192500,0.030,0.500,0.470
193000,0.030,0.527,0.443
193500,0.030,0.519,0.451
194000,0.030,0.558,0.412
194500,0.030,0.549,0.421
195000,0.030,0.770,0.200
195500,0.030,0.625,0.345
196000,0.030,0.540,0.430
196500,0.030,0.488,0.482
197000,0.030,0.620,0.350
197500,0.030,0.627,0.343
198000,0.030,0.410,0.560
198500,0.030,0.484,0.486
199000,0.030,0.518,0.452
199500,0.030,0.412,0.558
200000,0.030,0.607,0.363
200500,0.030,0.610,0.360
201000,0.030,0.658,0.312
201500,0.030,0.554,0.416
202000,0.030,0.656,0.314
202500,0.030,0.632,0.338
203000,0.030,0.577,0.393
203500,0.030,0.455,0.515
204000,0.030,0.653,0.317
204500,0.030,0.512,0.458
205000,0.030,0.751,0.219
205500,0.030,0.737,0.233
206000,0.030,0.597,0.373
206500,0.030,0.557,0.413
207000,0.030,0.552,0.418
207500,0.030,0.488,0.482
208000,0.030,0.630,0.340
208500,0.030,0.559,0.411
209000,0.030,0.583,0.387
209500,0.030,0.494,0.476
210000,0.030,0.647,0.323
210500,0.030,0.473,0.497
211000,0.030,0.381,0.589
211500,0.030,0.473,0.497
212000,0.030,0.535,0.435
212500,0.030,0.439,0.531
213000,0.030,0.456,0.514
213500,0.030,0.588,0.382
214000,0.030,0.691,0.279
214500,0.030,0.658,0.312
215000,0.030,0.621,0.349
215500,0.030,0.696,0.274
216000,0.030,0.438,0.532
216500,0.030,0.513,0.457
217000,0.030,0.651,0.319
217500,0.030,0.676,0.294
218000,0.030,0.567,0.403
218500,0.030,0.589,0.381
219000,0.030,0.685,0.285
219500,0.030,0.617,0.353
220000,0.030,0.462,0.508
220500,0.030,0.470,0.500
221000,0.030,0.457,0.513
221500,0.030,0.503,0.467
222000,0.030,0.529,0.441
222500,0.030,0.420,0.550
223000,0.030,0.547,0.423
223500,0.030,0.571,0.399
224000,0.030,0.658,0.312
224500,0.030,0.437,0.533
225000,0.030,0.564,0.406
225500,0.030,0.648,0.322
226000,0.030,0.586,0.384
226500,0.030,0.575,0.395
227000,0.030,0.630,0.340
227500,0.030,0.493,0.477
228000,0.030,0.478,0.492
228500,0.030,0.503,0.467
229000,0.030,0.512,0.458
229500,0.030,0.439,0.531
230000,0.030,0.405,0.565
230500,0.030,0.507,0.463
231000,0.030,0.597,0.373
231500,0.030,0.532,0.438
232000,0.030,0.652,0.318
232500,0.030,0.440,0.530
233000,0.030,0.521,0.449
233500,0.030,0.577,0.393
234000,0.030,0.595,0.375
234500,0.030,0.550,0.420
235000,0.030,0.590,0.380
235500,0.030,0.541,0.429
236000,0.030,0.520,0.450
236500,0.030,0.549,0.421
237000,0.030,0.555,0.415
237500,0.030,0.580,0.390
238000,0.030,0.490,0.480
238500,0.030,0.704,0.266
239000,0.030,0.604,0.366
239500,0.030,0.496,0.474
240000,0.030,0.595,0.375
240500,0.030,0.372,0.598
241000,0.030,0.515,0.455
241500,0.030,0.389,0.581
242000,0.030,0.499,0.471
242500,0.030,0.687,0.283
243000,0.030,0.614,0.356
243500,0.030,0.561,0.409
244000,0.030,0.651,0.319
244500,0.030,0.581,0.389
245000,0.030,0.588,0.382
245500,0.030,0.641,0.329
246000,0.030,0.486,0.484
246500,0.030,0.438,0.532
247000,0.030,0.535,0.435
247500,0.030,0.643,0.327
248000,0.030,0.498,0.472
248500,0.030,0.690,0.280
249000,0.030,0.537,0.433
249500,0.030,0.485,0.485
250000,0.030,0.657,0.313
250500,0.030,0.739,0.231
251000,0.030,0.585,0.385
251500,0.030,0.654,0.316
252000,0.030,0.680,0.290
252500,0.030,0.477,0.493
253000,0.030,0.560,0.410
253500,0.030,0.592,0.378
254000,0.030,0.610,0.360
254500,0.030,0.437,0.533
255000,0.030,0.497,0.473
255500,0.030,0.684,0.286
256000,0.030,0.663,0.307
256500,0.030,0.490,0.480
257000,0.030,0.505,0.465
257500,0.030,0.688,0.282
258000,0.030,0.574,0.396
258500,0.030,0.578,0.392
259000,0.030,0.655,0.315
259500,0.030,0.460,0.510
260000,0.030,0.456,0.514
260500,0.030,0.588,0.382
261000,0.030,0.566,0.404
261500,0.030,0.522,0.448
262000,0.030,0.676,0.294
262500,0.030,0.421,0.549
263000,0.030,0.512,0.458
263500,0.030,0.613,0.357
264000,0.030,0.460,0.510
264500,0.030,0.651,0.319
265000,0.030,0.466,0.504
265500,0.030,0.597,0.373
266000,0.030,0.621,0.349
266500,0.030,0.576,0.394
267000,0.030,0.667,0.303
267500,0.030,0.537,0.433
268000,0.030,0.616,0.354
268500,0.030,0.540,0.430
269000,0.030,0.512,0.458
269500,0.030,0.582,0.388
270000,0.030,0.586,0.384
270500,0.030,0.551,0.419
271000,0.030,0.612,0.358
271500,0.030,0.529,0.441
272000,0.030,0.521,0.449
272500,0.030,0.645,0.325
273000,0.030,0.522,0.448
273500,0.030,0.480,0.490
274000,0.030,0.728,0.242
274500,0.030,0.551,0.419
275000,0.030,0.529,0.441
275500,0.030,0.544,0.426
276000,0.030,0.510,0.460
276500,0.030,0.654,0.316
277000,0.030,0.649,0.321
277500,0.030,0.508,0.462
278000,0.030,0.616,0.354
278500,0.030,0.579,0.391
279000,0.030,0.449,0.521
279500,0.030,0.454,0.516
280000,0.030,0.539,0.431
280500,0.030,0.454,0.516
281000,0.030,0.430,0.540
281500,0.030,0.398,0.572
282000,0.030,0.543,0.427
282500,0.030,0.474,0.496
283000,0.030,0.569,0.401
283500,0.030,0.550,0.420
284000,0.030,0.495,0.475
284500,0.030,0.466,0.504
285000,0.030,0.693,0.277
285500,0.030,0.699,0.271
286000,0.030,0.676,0.294
286500,0.030,0.467,0.503
287000,0.030,0.389,0.581
287500,0.030,0.632,0.338
288000,0.030,0.482,0.488
288500,0.030,0.754,0.216
289000,0.030,0.605,0.365
289500,0.030,0.541,0.429
290000,0.030,0.713,0.257
290500,0.030,0.622,0.348
291000,0.030,0.491,0.479
291500,0.030,0.569,0.401
292000,0.030,0.600,0.370
292500,0.030,0.561,0.409
293000,0.030,0.592,0.378
293500,0.030,0.587,0.383
294000,0.030,0.564,0.406
294500,0.030,0.631,0.339
295000,0.030,0.571,0.399
295500,0.030,0.603,0.367
296000,0.030,0.615,0.355
296500,0.030,0.613,0.357
297000,0.030,0.602,0.368
297500,0.030,0.608,0.362
298000,0.030,0.650,0.320
298500,0.030,0.558,0.412
299000,0.030,0.496,0.474
299500,0.030,0.643,0.327
300000,0.030,0.505,0.465
300500,0.030,0.600,0.370
301000,0.030,0.501,0.469
301500,0.030,0.579,0.391
302000,0.030,0.644,0.326
302500,0.030,0.690,0.280
303000,0.030,0.603,0.367
303500,0.030,0.489,0.481
304000,0.030,0.573,0.397
304500,0.030,0.430,0.540
305000,0.030,0.541,0.429
305500,0.030,0.433,0.537
306000,0.030,0.559,0.411
306500,0.030,0.588,0.382
307000,0.030,0.414,0.556
307500,0.030,0.607,0.363
308000,0.030,0.642,0.328
308500,0.030,0.622,0.348
309000,0.030,0.449,0.521
309500,0.030,0.614,0.356
310000,0.030,0.584,0.386
310500,0.030,0.574,0.396
311000,0.030,0.471,0.499
311500,0.030,0.576,0.394
312000,0.030,0.666,0.304
312500,0.030,0.568,0.402
313000,0.030,0.424,0.546
313500,0.030,0.473,0.497
314000,0.030,0.663,0.307
314500,0.030,0.684,0.286
315000,0.030,0.557,0.413
315500,0.030,0.536,0.434
316000,0.030,0.561,0.409
316500,0.030,0.630,0.340
317000,0.030,0.542,0.428
317500,0.030,0.586,0.384
318000,0.030,0.589,0.381
318500,0.030,0.525,0.445
319000,0.030,0.517,0.453
319500,0.030,0.574,0.396
320000,0.030,0.566,0.404
320500,0.030,0.726,0.244
321000,0.030,0.600,0.370
321500,0.030,0.672,0.298
322000,0.030,0.446,0.524
322500,0.030,0.581,0.389
323000,0.030,0.608,0.362
323500,0.030,0.450,0.520
324000,0.030,0.531,0.439
324500,0.030,0.578,0.392
325000,0.030,0.687,0.283
325500,0.030,0.409,0.561
326000,0.030,0.627,0.343
326500,0.030,0.611,0.359
327000,0.030,0.646,0.324
327500,0.030,0.583,0.387
328000,0.030,0.396,0.574
328500,0.030,0.506,0.464
329000,0.030,0.635,0.335
329500,0.030,0.371,0.599
330000,0.030,0.437,0.533
330500,0.030,0.462,0.508
331000,0.030,0.594,0.376
331500,0.030,0.535,0.435
332000,0.030,0.683,0.287
332500,0.030,0.530,0.440
333000,0.030,0.631,0.339
333500,0.030,0.498,0.472
334000,0.030,0.500,0.470
334500,0.030,0.526,0.444
335000,0.030,0.678,0.292
335500,0.030,0.620,0.350
336000,0.030,0.593,0.377
336500,0.030,0.613,0.357
337000,0.030,0.611,0.359
337500,0.030,0.560,0.410
338000,0.030,0.533,0.437
338500,0.030,0.594,0.376
339000,0.030,0.529,0.441
339500,0.030,0.467,0.503
340000,0.030,0.552,0.418
340500,0.030,0.514,0.456
341000,0.030,0.551,0.419
341500,0.030,0.535,0.435
342000,0.030,0.533,0.437
342500,0.030,0.551,0.419
343000,0.030,0.601,0.369
343500,0.030,0.650,0.320
344000,0.030,0.723,0.247
344500,0.030,0.577,0.393
345000,0.030,0.552,0.418
345500,0.030,0.615,0.355
346000,0.030,0.529,0.441
346500,0.030,0.526,0.444
347000,0.030,0.622,0.348
347500,0.030,0.524,0.446
348000,0.030,0.531,0.439
348500,0.030,0.578,0.392
349000,0.030,0.564,0.406
349500,0.030,0.531,0.439
350000,0.030,0.473,0.497
350500,0.030,0.497,0.473
351000,0.030,0.657,0.313
351500,0.030,0.472,0.498
352000,0.030,0.502,0.468
352500,0.030,0.350,0.620
353000,0.030,0.504,0.466
353500,0.030,0.580,0.390
354000,0.030,0.524,0.446
354500,0.030,0.656,0.314
355000,0.030,0.442,0.528
355500,0.030,0.516,0.454
356000,0.030,0.566,0.404
356500,0.030,0.679,0.291
357000,0.030,0.626,0.344
357500,0.030,0.563,0.407
358000,0.030,0.497,0.473
358500,0.030,0.665,0.305
359000,0.030,0.695,0.275
359500,0.030,0.619,0.351
360000,0.030,0.526,0.444
360500,0.030,0.498,0.472
361000,0.030,0.681,0.289
361500,0.030,0.541,0.429
362000,0.030,0.575,0.395
362500,0.030,0.419,0.551
363000,0.030,0.479,0.491
363500,0.030,0.618,0.352
364000,0.030,0.441,0.529
364500,0.030,0.509,0.461
365000,0.030,0.526,0.444
365500,0.030,0.553,0.417
366000,0.030,0.624,0.346
366500,0.030,0.517,0.453
367000,0.030,0.460,0.510
367500,0.030,0.470,0.500
368000,0.030,0.600,0.370
368500,0.030,0.671,0.299
369000,0.030,0.603,0.367
369500,0.030,0.547,0.423
370000,0.030,0.550,0.420
370500,0.030,0.561,0.409
371000,0.030,0.522,0.448
371500,0.030,0.643,0.327
372000,0.030,0.650,0.320
372500,0.030,0.707,0.263
373000,0.030,0.496,0.474
373500,0.030,0.446,0.524
374000,0.030,0.459,0.511
374500,0.030,0.681,0.289
375000,0.030,0.637,0.333
375500,0.030,0.624,0.346
376000,0.030,0.608,0.362
376500,0.030,0.436,0.534
377000,0.030,0.516,0.454
377500,0.030,0.565,0.405
378000,0.030,0.501,0.469
378500,0.030,0.631,0.339
379000,0.030,0.533,0.437
379500,0.030,0.522,0.448
380000,0.030,0.631,0.339
380500,0.030,0.581,0.389
381000,0.030,0.295,0.675
381500,0.030,0.630,0.340
382000,0.030,0.527,0.443
382500,0.030,0.561,0.409
383000,0.030,0.637,0.333
383500,0.030,0.688,0.282
384000,0.030,0.744,0.226
384500,0.030,0.423,0.547
385000,0.030,0.563,0.407
385500,0.030,0.353,0.617
386000,0.030,0.630,0.340
386500,0.030,0.565,0.405
387000,0.030,0.584,0.386
387500,0.030,0.447,0.523
388000,0.030,0.507,0.463
388500,0.030,0.672,0.298
389000,0.030,0.636,0.334
389500,0.030,0.579,0.391
390000,0.030,0.637,0.333
390500,0.030,0.614,0.356
391000,0.030,0.486,0.484
391500,0.030,0.729,0.241
392000,0.030,0.569,0.401
392500,0.030,0.370,0.600
393000,0.030,0.673,0.297
393500,0.030,0.580,0.390
394000,0.030,0.405,0.565
394500,0.030,0.459,0.511
395000,0.030,0.466,0.504
395500,0.030,0.495,0.475
396000,0.030,0.653,0.317
396500,0.030,0.499,0.471
397000,0.030,0.380,0.590
397500,0.030,0.505,0.465
398000,0.030,0.504,0.466
398500,0.030,0.525,0.445
399000,0.030,0.496,0.474
399500,0.030,0.546,0.424
400000,0.030,0.496,0.474
400500,0.030,0.568,0.402
401000,0.030,0.579,0.391
401500,0.030,0.463,0.507
402000,0.030,0.477,0.493
402500,0.030,0.641,0.329
403000,0.030,0.520,0.450
403500,0.030,0.663,0.307
404000,0.030,0.650,0.320
404500,0.030,0.522,0.448
405000,0.030,0.504,0.466
405500,0.030,0.561,0.409
406000,0.030,0.667,0.303
406500,0.030,0.726,0.244
407000,0.030,0.518,0.452
407500,0.030,0.560,0.410
408000,0.030,0.524,0.446
408500,0.030,0.464,0.506
409000,0.030,0.715,0.255
409500,0.030,0.492,0.478
410000,0.030,0.438,0.532
410500,0.030,0.706,0.264
411000,0.030,0.603,0.367
411500,0.030,0.616,0.354
412000,0.030,0.493,0.477
412500,0.030,0.497,0.473
413000,0.030,0.478,0.492
413500,0.030,0.530,0.440
414000,0.030,0.483,0.487
414500,0.030,0.606,0.364
415000,0.030,0.500,0.470
415500,0.030,0.502,0.468
416000,0.030,0.724,0.246
416500,0.030,0.439,0.531
417000,0.030,0.496,0.474
417500,0.030,0.554,0.416
418000,0.030,0.499,0.471
418500,0.030,0.464,0.506
419000,0.030,0.584,0.386
419500,0.030,0.611,0.359
420000,0.030,0.623,0.347
420500,0.030,0.508,0.462
421000,0.030,0.555,0.415
421500,0.030,0.564,0.406
422000,0.030,0.515,0.455
422500,0.030,0.557,0.413
423000,0.030,0.506,0.464
423500,0.030,0.456,0.514
424000,0.030,0.396,0.574
424500,0.030,0.558,0.412
425000,0.030,0.525,0.445
425500,0.030,0.508,0.462
426000,0.030,0.436,0.534
426500,0.030,0.504,0.466
427000,0.030,0.631,0.339
427500,0.030,0.526,0.444
428000,0.030,0.547,0.423
428500,0.030,0.570,0.400
429000,0.030,0.654,0.316
429500,0.030,0.485,0.485
430000,0.030,0.555,0.415
430500,0.030,0.597,0.373
431000,0.030,0.531,0.439
431500,0.030,0.575,0.395
432000,0.030,0.352,0.618
432500,0.030,0.503,0.467
433000,0.030,0.565,0.405
433500,0.030,0.505,0.465
434000,0.030,0.568,0.402
434500,0.030,0.524,0.446
435000,0.030,0.449,0.521
435500,0.030,0.565,0.405
436000,0.030,0.512,0.458
436500,0.030,0.535,0.435
437000,0.030,0.522,0.448
437500,0.030,0.486,0.484
438000,0.030,0.482,0.488
438500,0.030,0.597,0.373
439000,0.030,0.565,0.405
439500,0.030,0.555,0.415
440000,0.030,0.401,0.569
440500,0.030,0.421,0.549
441000,0.030,0.513,0.457
441500,0.030,0.554,0.416
442000,0.030,0.528,0.442
442500,0.030,0.583,0.387
443000,0.030,0.557,0.413
443500,0.030,0.558,0.412
444000,0.030,0.594,0.376
444500,0.030,0.487,0.483
445000,0.030,0.650,0.320
445500,0.030,0.451,0.519
446000,0.030,0.456,0.514
446500,0.030,0.549,0.421
447000,0.030,0.357,0.613
447500,0.030,0.559,0.411
448000,0.030,0.620,0.350
448500,0.030,0.506,0.464
449000,0.030,0.618,0.352
449500,0.030,0.448,0.522
450000,0.030,0.597,0.373
450500,0.030,0.499,0.471
451000,0.030,0.467,0.503
451500,0.030,0.475,0.495
452000,0.030,0.557,0.413
452500,0.030,0.478,0.492
453000,0.030,0.501,0.469
453500,0.030,0.490,0.480
454000,0.030,0.459,0.511
454500,0.030,0.530,0.440
455000,0.030,0.743,0.227
455500,0.030,0.432,0.538
456000,0.030,0.550,0.420
456500,0.030,0.626,0.344
457000,0.030,0.556,0.414
457500,0.030,0.517,0.453
458000,0.030,0.577,0.393
458500,0.030,0.531,0.439
459000,0.030,0.468,0.502
459500,0.030,0.480,0.490
460000,0.030,0.576,0.394
460500,0.030,0.690,0.280
461000,0.030,0.534,0.436
461500,0.030,0.593,0.377
462000,0.030,0.664,0.306
462500,0.030,0.576,0.394
463000,0.030,0.519,0.451
463500,0.030,0.455,0.515
464000,0.030,0.612,0.358
464500,0.030,0.548,0.422
465000,0.030,0.572,0.398
465500,0.030,0.508,0.462
466000,0.030,0.648,0.322
466500,0.030,0.624,0.346
467000,0.030,0.497,0.473
467500,0.030,0.372,0.598
468000,0.030,0.503,0.467
468500,0.030,0.621,0.349
469000,0.030,0.391,0.579
469500,0.030,0.445,0.525
470000,0.030,0.458,0.512
470500,0.030,0.542,0.428
471000,0.030,0.630,0.340
471500,0.030,0.659,0.311
472000,0.030,0.451,0.519
472500,0.030,0.488,0.482
473000,0.030,0.312,0.658
473500,0.030,0.348,0.622
474000,0.030,0.485,0.485
474500,0.030,0.535,0.435
475000,0.030,0.636,0.334
475500,0.030,0.432,0.538
476000,0.030,0.503,0.467
476500,0.030,0.662,0.308
477000,0.030,0.503,0.467
477500,0.030,0.678,0.292
478000,0.030,0.576,0.394
478500,0.030,0.665,0.305
479000,0.030,0.550,0.420
479500,0.030,0.579,0.391
480000,0.030,0.638,0.332
480500,0.030,0.534,0.436
481000,0.030,0.508,0.462
481500,0.030,0.466,0.504
482000,0.030,0.659,0.311
482500,0.030,0.704,0.266
483000,0.030,0.525,0.445
483500,0.030,0.672,0.298
484000,0.030,0.569,0.401
484500,0.030,0.456,0.514
485000,0.030,0.515,0.455
485500,0.030,0.630,0.340
486000,0.030,0.559,0.411
486500,0.030,0.532,0.438
487000,0.030,0.613,0.357
487500,0.030,0.473,0.497
488000,0.030,0.459,0.511
488500,0.030,0.613,0.357
489000,0.030,0.498,0.472
489500,0.030,0.527,0.443
490000,0.030,0.587,0.383
490500,0.030,0.587,0.383
491000,0.030,0.599,0.371
491500,0.030,0.634,0.336
492000,0.030,0.453,0.517
492500,0.030,0.560,0.410
493000,0.030,0.496,0.474
493500,0.030,0.495,0.475
494000,0.030,0.586,0.384
494500,0.030,0.529,0.441
495000,0.030,0.497,0.473
495500,0.030,0.528,0.442
496000,0.030,0.549,0.421
496500,0.030,0.609,0.361
497000,0.030,0.590,0.380
497500,0.030,0.424,0.546
498000,0.030,0.564,0.406
498500,0.030,0.666,0.304
499000,0.030,0.535,0.435
499500,0.030,0.480,0.490
500000,0.030,0.610,0.360
500500,0.030,0.518,0.452
501000,0.030,0.480,0.490
501500,0.030,0.615,0.355
502000,0.030,0.751,0.219
502500,0.030,0.712,0.258
503000,0.030,0.586,0.384
503500,0.030,0.495,0.475
504000,0.030,0.551,0.419
504500,0.030,0.648,0.322
505000,0.030,0.510,0.460
505500,0.030,0.610,0.360
506000,0.030,0.596,0.374
506500,0.030,0.474,0.496
507000,0.030,0.593,0.377
507500,0.030,0.459,0.511
508000,0.030,0.538,0.432
508500,0.030,0.434,0.536
509000,0.030,0.506,0.464
509500,0.030,0.542,0.428
510000,0.030,0.704,0.266
510500,0.030,0.601,0.369
511000,0.030,0.724,0.246
511500,0.030,0.511,0.459
512000,0.030,0.553,0.417
512500,0.030,0.407,0.563
513000,0.030,0.632,0.338
513500,0.030,0.620,0.350
514000,0.030,0.529,0.441
514500,0.030,0.636,0.334
515000,0.030,0.420,0.550
515500,0.030,0.592,0.378
516000,0.030,0.626,0.344
516500,0.030,0.458,0.512
517000,0.030,0.551,0.419
517500,0.030,0.415,0.555
518000,0.030,0.657,0.313
518500,0.030,0.566,0.404
519000,0.030,0.562,0.408
519500,0.030,0.571,0.399
520000,0.030,0.652,0.318
520500,0.030,0.504,0.466
521000,0.030,0.543,0.427
521500,0.030,0.511,0.459
522000,0.030,0.488,0.482
522500,0.030,0.378,0.592
523000,0.030,0.632,0.338
523500,0.030,0.702,0.268
524000,0.030,0.458,0.512
524500,0.030,0.530,0.440
525000,0.030,0.586,0.384
525500,0.030,0.560,0.410
526000,0.030,0.453,0.517
526500,0.030,0.609,0.361
527000,0.030,0.440,0.530
527500,0.030,0.497,0.473
528000,0.030,0.560,0.410
528500,0.030,0.500,0.470
529000,0.030,0.616,0.354
529500,0.030,0.734,0.236
530000,0.030,0.624,0.346
530500,0.030,0.379,0.591
531000,0.030,0.527,0.443
531500,0.030,0.540,0.430
532000,0.030,0.633,0.337
532500,0.030,0.663,0.307
533000,0.030,0.652,0.318
533500,0.030,0.623,0.347
534000,0.030,0.654,0.316
534500,0.030,0.608,0.362
535000,0.030,0.640,0.330
535500,0.030,0.644,0.326
536000,0.030,0.456,0.514
536500,0.030,0.660,0.310
537000,0.030,0.608,0.362
537500,0.030,0.647,0.323
538000,0.030,0.481,0.489
538500,0.030,0.472,0.498
539000,0.030,0.600,0.370
539500,0.030,0.671,0.299
540000,0.030,0.545,0.425
540500,0.030,0.493,0.477
541000,0.030,0.542,0.428
541500,0.030,0.477,0.493
542000,0.030,0.537,0.433
542500,0.030,0.582,0.388
543000,0.030,0.577,0.393
543500,0.030,0.562,0.408
544000,0.030,0.453,0.517
544500,0.030,0.613,0.357
545000,0.030,0.634,0.336
545500,0.030,0.471,0.499
546000,0.030,0.578,0.392
546500,0.030,0.551,0.419
547000,0.030,0.528,0.442
547500,0.030,0.602,0.368
548000,0.030,0.572,0.398
548500,0.030,0.597,0.373
549000,0.030,0.490,0.480
549500,0.030,0.597,0.373
550000,0.030,0.487,0.483
550500,0.030,0.378,0.592
551000,0.030,0.614,0.356
551500,0.030,0.580,0.390
552000,0.030,0.707,0.263
552500,0.030,0.554,0.416
553000,0.030,0.590,0.380
553500,0.030,0.649,0.321
554000,0.030,0.513,0.457
554500,0.030,0.565,0.405
555000,0.030,0.404,0.566
555500,0.030,0.642,0.328
556000,0.030,0.508,0.462
556500,0.030,0.394,0.576
557000,0.030,0.508,0.462
557500,0.030,0.459,0.511
558000,0.030,0.616,0.354
558500,0.030,0.593,0.377
559000,0.030,0.565,0.405
559500,0.030,0.675,0.295
560000,0.030,0.569,0.401
560500,0.030,0.384,0.586
561000,0.030,0.542,0.428
561500,0.030,0.550,0.420
562000,0.030,0.697,0.273
562500,0.030,0.546,0.424
563000,0.030,0.734,0.236
563500,0.030,0.624,0.346
564000,0.030,0.487,0.483
564500,0.030,0.422,0.548
565000,0.030,0.623,0.347
565500,0.030,0.425,0.545
566000,0.030,0.560,0.410
566500,0.030,0.540,0.430
567000,0.030,0.460,0.510
567500,0.030,0.641,0.329
568000,0.030,0.607,0.363
568500,0.030,0.476,0.494
569000,0.030,0.334,0.636
569500,0.030,0.461,0.509
570000,0.030,0.469,0.501
570500,0.030,0.560,0.410
571000,0.030,0.540,0.430
571500,0.030,0.554,0.416
572000,0.030,0.587,0.383
572500,0.030,0.598,0.372
573000,0.030,0.384,0.586
573500,0.030,0.403,0.567
574000,0.030,0.590,0.380
574500,0.030,0.525,0.445
575000,0.030,0.541,0.429
575500,0.030,0.613,0.357
576000,0.030,0.675,0.295
576500,0.030,0.471,0.499
577000,0.030,0.534,0.436
577500,0.030,0.599,0.371
578000,0.030,0.436,0.534
578500,0.030,0.461,0.509
579000,0.030,0.590,0.380
579500,0.030,0.612,0.358
580000,0.030,0.555,0.415
580500,0.030,0.412,0.558
581000,0.030,0.612,0.358
581500,0.030,0.467,0.503
582000,0.030,0.556,0.414
582500,0.030,0.574,0.396
583000,0.030,0.598,0.372
583500,0.030,0.625,0.345
584000,0.030,0.532,0.438
584500,0.030,0.569,0.401
585000,0.030,0.790,0.180
585500,0.030,0.626,0.344
586000,0.030,0.411,0.559
586500,0.030,0.646,0.324
587000,0.030,0.595,0.375
587500,0.030,0.554,0.416
588000,0.030,0.451,0.519
588500,0.030,0.554,0.416
589000,0.030,0.599,0.371
589500,0.030,0.425,0.545
590000,0.030,0.465,0.505
590500,0.030,0.470,0.500
591000,0.030,0.543,0.427
591500,0.030,0.448,0.522
592000,0.030,0.617,0.353
592500,0.030,0.639,0.331
593000,0.030,0.594,0.376
593500,0.030,0.620,0.350
594000,0.030,0.583,0.387
594500,0.030,0.631,0.339
595000,0.030,0.609,0.361
595500,0.030,0.604,0.366
596000,0.030,0.371,0.599
596500,0.030,0.485,0.485
597000,0.030,0.537,0.433
597500,0.030,0.600,0.370
598000,0.030,0.506,0.464
598500,0.030,0.626,0.344
599000,0.030,0.447,0.523
599500,0.030,0.585,0.385
600000,0.030,0.551,0.419
600500,0.030,0.589,0.381
601000,0.030,0.556,0.414
601500,0.030,0.589,0.381
602000,0.030,0.555,0.415
602500,0.030,0.406,0.564
603000,0.030,0.626,0.344
603500,0.030,0.473,0.497
604000,0.030,0.691,0.279
604500,0.030,0.657,0.313
605000,0.030,0.462,0.508
605500,0.030,0.526,0.444
606000,0.030,0.472,0.498
606500,0.030,0.547,0.423
607000,0.030,0.447,0.523
607500,0.030,0.651,0.319
608000,0.030,0.459,0.511
608500,0.030,0.541,0.429
609000,0.030,0.506,0.464
609500,0.030,0.719,0.251
610000,0.030,0.519,0.451
610500,0.030,0.545,0.425
611000,0.030,0.504,0.466
611500,0.030,0.525,0.445
612000,0.030,0.608,0.362
612500,0.030,0.600,0.370
613000,0.030,0.588,0.382
613500,0.030,0.695,0.275
614000,0.030,0.636,0.334
614500,0.030,0.410,0.560
615000,0.030,0.476,0.494
615500,0.030,0.491,0.479
616000,0.030,0.350,0.620
616500,0.030,0.580,0.390
617000,0.030,0.428,0.542
617500,0.030,0.437,0.533
618000,0.030,0.576,0.394
618500,0.030,0.612,0.358
619000,0.030,0.610,0.360
619500,0.030,0.712,0.258
620000,0.030,0.385,0.585
620500,0.030,0.526,0.444
621000,0.030,0.631,0.339
621500,0.030,0.514,0.456
622000,0.030,0.527,0.443
622500,0.030,0.553,0.417
623000,0.030,0.479,0.491
623500,0.030,0.590,0.380
624000,0.030,0.616,0.354
624500,0.030,0.786,0.184
625000,0.030,0.539,0.431
625500,0.030,0.620,0.350
626000,0.030,0.487,0.483
626500,0.030,0.471,0.499
627000,0.030,0.496,0.474
627500,0.030,0.707,0.263
628000,0.030,0.697,0.273
628500,0.030,0.600,0.370
629000,0.030,0.459,0.511
629500,0.030,0.626,0.344
630000,0.030,0.660,0.310
630500,0.030,0.503,0.467
631000,0.030,0.354,0.616
631500,0.030,0.420,0.550
632000,0.030,0.515,0.455
632500,0.030,0.613,0.357
633000,0.030,0.663,0.307
633500,0.030,0.520,0.450
634000,0.030,0.593,0.377
634500,0.030,0.547,0.423
635000,0.030,0.579,0.391
635500,0.030,0.507,0.463
636000,0.030,0.423,0.547
636500,0.030,0.320,0.650
637000,0.030,0.476,0.494
637500,0.030,0.590,0.380
638000,0.030,0.497,0.473
638500,0.030,0.546,0.424
639000,0.030,0.592,0.378
639500,0.030,0.597,0.373
640000,0.030,0.476,0.494
640500,0.030,0.611,0.359
641000,0.030,0.640,0.330
641500,0.030,0.756,0.214
642000,0.030,0.685,0.285
642500,0.030,0.654,0.316
643000,0.030,0.460,0.510
643500,0.030,0.556,0.414
644000,0.030,0.472,0.498
644500,0.030,0.711,0.259
645000,0.030,0.572,0.398
645500,0.030,0.490,0.480
646000,0.030,0.635,0.335
646500,0.030,0.583,0.387
647000,0.030,0.533,0.437
647500,0.030,0.668,0.302
648000,0.030,0.501,0.469
648500,0.030,0.528,0.442
649000,0.030,0.468,0.502
649500,0.030,0.489,0.481
650000,0.030,0.667,0.303
650500,0.030,0.476,0.494
651000,0.030,0.515,0.455
651500,0.030,0.459,0.511
652000,0.030,0.551,0.419
652500,0.030,0.453,0.517
653000,0.030,0.504,0.466
653500,0.030,0.665,0.305
654000,0.030,0.472,0.498
654500,0.030,0.595,0.375
655000,0.030,0.498,0.472
655500,0.030,0.538,0.432
656000,0.030,0.555,0.415
656500,0.030,0.554,0.416
657000,0.030,0.596,0.374
657500,0.030,0.597,0.373
658000,0.030,0.557,0.413
658500,0.030,0.496,0.474
659000,0.030,0.603,0.367
659500,0.030,0.478,0.492
660000,0.030,0.618,0.352
660500,0.030,0.487,0.483
661000,0.030,0.569,0.401
661500,0.030,0.589,0.381
662000,0.030,0.657,0.313
662500,0.030,0.566,0.404
663000,0.030,0.635,0.335
663500,0.030,0.483,0.487
664000,0.030,0.562,0.408
664500,0.030,0.550,0.420
665000,0.030,0.597,0.373
665500,0.030,0.416,0.554
666000,0.030,0.520,0.450
666500,0.030,0.643,0.327
667000,0.030,0.582,0.388
667500,0.030,0.631,0.339
668000,0.030,0.562,0.408
668500,0.030,0.409,0.561
669000,0.030,0.416,0.554
669500,0.030,0.562,0.408
670000,0.030,0.705,0.265
670500,0.030,0.579,0.391
671000,0.030,0.562,0.408
671500,0.030,0.686,0.284
672000,0.030,0.715,0.255
672500,0.030,0.651,0.319
673000,0.030,0.529,0.441
673500,0.030,0.570,0.400
674000,0.030,0.374,0.596
674500,0.030,0.588,0.382
675000,0.030,0.479,0.491
675500,0.030,0.447,0.523
676000,0.030,0.534,0.436
676500,0.030,0.604,0.366
677000,0.030,0.518,0.452
677500,0.030,0.663,0.307
678000,0.030,0.732,0.238
678500,0.030,0.655,0.315
679000,0.030,0.548,0.422
679500,0.030,0.481,0.489
680000,0.030,0.400,0.570
680500,0.044,0.286,0.670
681000,0.031,0.387,0.582
681500,0.030,0.673,0.297
682000,0.030,0.573,0.397
682500,0.030,0.486,0.484
683000,0.030,0.597,0.373
683500,0.030,0.723,0.247
684000,0.030,0.605,0.365
684500,0.030,0.534,0.436
685000,0.030,0.425,0.545
685500,0.030,0.526,0.444
686000,0.030,0.650,0.320
686500,0.030,0.593,0.377
687000,0.030,0.494,0.476
687500,0.030,0.704,0.266
688000,0.030,0.588,0.382
688500,0.030,0.743,0.227
689000,0.030,0.526,0.444
689500,0.030,0.479,0.491
690000,0.030,0.621,0.349
690500,0.030,0.388,0.582
691000,0.030,0.683,0.287
691500,0.030,0.488,0.482
692000,0.030,0.500,0.470
692500,0.030,0.340,0.630
693000,0.030,0.604,0.366
693500,0.030,0.709,0.261
694000,0.030,0.550,0.420
694500,0.030,0.573,0.397
695000,0.030,0.446,0.524
695500,0.030,0.545,0.425
696000,0.030,0.399,0.571
696500,0.030,0.646,0.324
697000,0.030,0.398,0.572
697500,0.030,0.407,0.563
698000,0.030,0.470,0.500
698500,0.030,0.561,0.409
699000,0.030,0.553,0.417
699500,0.030,0.536,0.434
700000,0.030,0.473,0.497
700500,0.030,0.494,0.476
701000,0.030,0.598,0.372
701500,0.030,0.598,0.372
702000,0.030,0.605,0.365
702500,0.030,0.574,0.396
703000,0.030,0.731,0.239
703500,0.030,0.556,0.414
704000,0.030,0.703,0.267
704500,0.030,0.568,0.402
705000,0.030,0.778,0.192
705500,0.030,0.591,0.379
706000,0.030,0.674,0.296
706500,0.030,0.605,0.365
707000,0.030,0.519,0.451
707500,0.030,0.648,0.322
708000,0.030,0.506,0.464
708500,0.030,0.650,0.320
709000,0.030,0.532,0.438
709500,0.030,0.699,0.271
710000,0.030,0.697,0.273
710500,0.030,0.455,0.515
711000,0.030,0.533,0.437
711500,0.030,0.584,0.386
712000,0.030,0.706,0.264
712500,0.030,0.525,0.445
713000,0.030,0.554,0.416
713500,0.030,0.455,0.515
714000,0.030,0.584,0.386
714500,0.030,0.551,0.419
715000,0.030,0.544,0.426
715500,0.030,0.733,0.237
716000,0.030,0.624,0.346
716500,0.030,0.623,0.347
717000,0.030,0.692,0.278
717500,0.030,0.574,0.396
718000,0.030,0.451,0.519
718500,0.030,0.586,0.384
719000,0.030,0.454,0.516
719500,0.030,0.448,0.522
720000,0.030,0.494,0.476
720500,0.030,0.665,0.305
721000,0.030,0.565,0.405
721500,0.030,0.465,0.505
722000,0.030,0.624,0.346
722500,0.030,0.632,0.338
723000,0.030,0.566,0.404
723500,0.030,0.552,0.418
724000,0.030,0.663,0.307
724500,0.030,0.432,0.538
725000,0.030,0.632,0.338
725500,0.030,0.380,0.590
726000,0.030,0.472,0.498
726500,0.030,0.585,0.385
727000,0.030,0.484,0.486
727500,0.030,0.439,0.531
728000,0.030,0.533,0.437
728500,0.030,0.616,0.354
729000,0.030,0.591,0.379
729500,0.030,0.734,0.236
730000,0.030,0.471,0.499
730500,0.030,0.605,0.365
731000,0.030,0.581,0.389
731500,0.030,0.507,0.463
732000,0.030,0.524,0.446
732500,0.030,0.526,0.444
733000,0.030,0.436,0.534
733500,0.030,0.565,0.405
734000,0.030,0.521,0.449
734500,0.030,0.631,0.339
735000,0.030,0.660,0.310
735500,0.030,0.528,0.442
736000,0.030,0.565,0.405
736500,0.030,0.537,0.433
737000,0.030,0.522,0.448
737500,0.030,0.534,0.436
738000,0.030,0.620,0.350
738500,0.030,0.546,0.424
739000,0.030,0.550,0.420
739500,0.030,0.692,0.278
740000,0.030,0.649,0.321
740500,0.030,0.572,0.398
741000,0.030,0.391,0.579
741500,0.030,0.404,0.566
742000,0.030,0.514,0.456
742500,0.030,0.514,0.456
743000,0.030,0.559,0.411
743500,0.030,0.509,0.461
744000,0.030,0.530,0.440
744500,0.030,0.487,0.483
745000,0.030,0.529,0.441
745500,0.030,0.584,0.386
746000,0.030,0.375,0.595
746500,0.030,0.625,0.345
747000,0.030,0.596,0.374
747500,0.030,0.673,0.297
748000,0.030,0.726,0.244
748500,0.030,0.533,0.437
749000,0.030,0.489,0.481
749500,0.030,0.632,0.338
750000,0.030,0.668,0.302
750500,0.030,0.603,0.367
751000,0.030,0.424,0.546
751500,0.030,0.608,0.362
752000,0.030,0.517,0.453
752500,0.030,0.564,0.406
753000,0.030,0.509,0.461
753500,0.030,0.624,0.346
754000,0.030,0.413,0.557
754500,0.030,0.644,0.326
755000,0.030,0.614,0.356
755500,0.030,0.494,0.476
756000,0.030,0.449,0.521
756500,0.030,0.496,0.474
757000,0.030,0.630,0.340
757500,0.030,0.695,0.275
758000,0.030,0.638,0.332
758500,0.030,0.563,0.407
759000,0.030,0.384,0.586
759500,0.030,0.589,0.381
760000,0.030,0.333,0.637
760500,0.030,0.476,0.494
761000,0.030,0.438,0.532
761500,0.030,0.558,0.412
762000,0.030,0.621,0.349
762500,0.030,0.582,0.388
763000,0.030,0.505,0.465
763500,0.030,0.558,0.412
764000,0.030,0.355,0.615
764500,0.030,0.494,0.476
765000,0.030,0.583,0.387
765500,0.030,0.562,0.408
766000,0.030,0.546,0.424
766500,0.030,0.418,0.552
767000,0.030,0.602,0.368
767500,0.030,0.497,0.473
768000,0.030,0.510,0.460
768500,0.030,0.630,0.340
769000,0.030,0.645,0.325
769500,0.030,0.452,0.518
770000,0.030,0.561,0.409
770500,0.030,0.568,0.402
771000,0.030,0.513,0.457
771500,0.030,0.575,0.395
772000,0.030,0.638,0.332
772500,0.030,0.598,0.372
773000,0.030,0.664,0.306
773500,0.030,0.440,0.530
774000,0.030,0.576,0.394
774500,0.030,0.524,0.446
775000,0.030,0.563,0.407
775500,0.030,0.511,0.459
776000,0.030,0.600,0.370
776500,0.030,0.478,0.492
777000,0.030,0.568,0.402
777500,0.030,0.472,0.498
778000,0.030,0.454,0.516
778500,0.030,0.571,0.399
779000,0.030,0.536,0.434
779500,0.030,0.378,0.592
780000,0.030,0.555,0.415
780500,0.030,0.732,0.238
781000,0.030,0.616,0.354
781500,0.030,0.512,0.458
782000,0.030,0.660,0.310
782500,0.030,0.492,0.478
783000,0.030,0.591,0.379
783500,0.030,0.388,0.582
784000,0.030,0.617,0.353
784500,0.030,0.403,0.567
785000,0.030,0.443,0.527
785500,0.030,0.646,0.324
786000,0.030,0.471,0.499
786500,0.030,0.506,0.464
787000,0.030,0.476,0.494
787500,0.030,0.488,0.482
788000,0.030,0.402,0.568
788500,0.030,0.548,0.422
789000,0.030,0.438,0.532
789500,0.030,0.447,0.523
790000,0.030,0.558,0.412
790500,0.030,0.569,0.401
791000,0.030,0.581,0.389
791500,0.030,0.569,0.401
792000,0.030,0.391,0.579
792500,0.030,0.522,0.448
793000,0.030,0.465,0.505
793500,0.030,0.475,0.495
794000,0.030,0.545,0.425
794500,0.030,0.775,0.195
795000,0.030,0.693,0.277
795500,0.030,0.634,0.336
796000,0.030,0.640,0.330
796500,0.030,0.582,0.388
797000,0.030,0.673,0.297
797500,0.030,0.564,0.406
798000,0.030,0.619,0.351
798500,0.030,0.500,0.470
799000,0.030,0.475,0.495
799500,0.030,0.541,0.429
800000,0.030,0.582,0.388
800500,0.030,0.460,0.510
801000,0.030,0.467,0.503
801500,0.030,0.543,0.427
802000,0.030,0.569,0.401
802500,0.030,0.619,0.351
803000,0.030,0.565,0.405
803500,0.030,0.600,0.370
804000,0.030,0.552,0.418
804500,0.030,0.704,0.266
805000,0.030,0.521,0.449
805500,0.030,0.493,0.477
806000,0.030,0.629,0.341
806500,0.030,0.494,0.476
807000,0.030,0.556,0.414
807500,0.030,0.545,0.425
808000,0.030,0.668,0.302
808500,0.030,0.581,0.389
809000,0.030,0.386,0.584
809500,0.030,0.562,0.408
810000,0.030,0.480,0.490
810500,0.030,0.544,0.426
811000,0.030,0.498,0.472
811500,0.030,0.481,0.489
812000,0.030,0.558,0.412
812500,0.030,0.500,0.470
813000,0.030,0.602,0.368
813500,0.030,0.679,0.291
814000,0.030,0.533,0.437
814500,0.030,0.531,0.439
815000,0.030,0.412,0.558
815500,0.030,0.485,0.485
816000,0.030,0.443,0.527
816500,0.030,0.539,0.431
817000,0.030,0.482,0.488
817500,0.030,0.544,0.426
818000,0.030,0.500,0.470
818500,0.030,0.678,0.292
819000,0.030,0.527,0.443
819500,0.030,0.424,0.546
820000,0.030,0.357,0.613
820500,0.030,0.460,0.510
821000,0.030,0.485,0.485
821500,0.030,0.340,0.630
822000,0.030,0.438,0.532
822500,0.030,0.672,0.298
823000,0.030,0.667,0.303
823500,0.030,0.557,0.413
824000,0.030,0.507,0.463
824500,0.030,0.699,0.271
825000,0.030,0.788,0.182
825500,0.030,0.587,0.383
826000,0.030,0.557,0.413
826500,0.030,0.658,0.312
827000,0.030,0.715,0.255
827500,0.030,0.387,0.583
828000,0.030,0.621,0.349
828500,0.030,0.580,0.390
829000,0.030,0.546,0.424
829500,0.030,0.451,0.519
830000,0.030,0.367,0.603
830500,0.030,0.560,0.410
831000,0.030,0.622,0.348
831500,0.030,0.472,0.498
832000,0.030,0.551,0.419
832500,0.030,0.648,0.322
833000,0.030,0.451,0.519
833500,0.030,0.515,0.455
834000,0.030,0.454,0.516
834500,0.030,0.635,0.335
835000,0.030,0.814,0.156
835500,0.030,0.694,0.276
836000,0.030,0.718,0.252
836500,0.030,0.415,0.555
837000,0.030,0.592,0.378
837500,0.030,0.446,0.524
838000,0.030,0.696,0.274
838500,0.030,0.549,0.421
839000,0.030,0.340,0.630
839500,0.030,0.532,0.438
840000,0.030,0.542,0.428
840500,0.030,0.508,0.462
841000,0.030,0.541,0.429
841500,0.030,0.641,0.329
842000,0.030,0.495,0.475
842500,0.030,0.585,0.385
843000,0.030,0.546,0.424
843500,0.030,0.601,0.369
844000,0.030,0.460,0.510
844500,0.030,0.631,0.339
845000,0.030,0.539,0.431
845500,0.030,0.668,0.302
846000,0.030,0.695,0.275
846500,0.030,0.567,0.403
847000,0.030,0.564,0.406
847500,0.030,0.387,0.583
848000,0.030,0.548,0.422
848500,0.030,0.587,0.383
849000,0.030,0.586,0.384
849500,0.030,0.507,0.463
850000,0.030,0.469,0.501
850500,0.030,0.564,0.406
851000,0.030,0.447,0.523
851500,0.030,0.611,0.359
852000,0.030,0.499,0.471
852500,0.030,0.473,0.497
853000,0.030,0.566,0.404
853500,0.030,0.612,0.358
854000,0.030,0.621,0.349
854500,0.030,0.534,0.436
855000,0.030,0.491,0.479
855500,0.030,0.510,0.460
856000,0.030,0.625,0.345
856500,0.030,0.511,0.459
857000,0.030,0.477,0.493
857500,0.030,0.647,0.323
858000,0.030,0.557,0.413
858500,0.030,0.505,0.465
859000,0.030,0.498,0.472
859500,0.030,0.646,0.324
860000,0.030,0.556,0.414
860500,0.030,0.496,0.474
861000,0.030,0.389,0.581
861500,0.030,0.515,0.455
862000,0.030,0.486,0.484
862500,0.030,0.557,0.413
863000,0.030,0.476,0.494
863500,0.030,0.481,0.489
864000,0.030,0.552,0.418
864500,0.030,0.669,0.301
865000,0.030,0.655,0.315
865500,0.030,0.807,0.163
866000,0.030,0.629,0.341
866500,0.030,0.601,0.369
867000,0.030,0.603,0.367
867500,0.030,0.473,0.497
868000,0.030,0.543,0.427
868500,0.030,0.702,0.268
869000,0.030,0.498,0.472
869500,0.030,0.422,0.548
870000,0.030,0.587,0.383
870500,0.030,0.423,0.547
871000,0.030,0.775,0.195
871500,0.030,0.625,0.345
872000,0.030,0.668,0.302
872500,0.030,0.511,0.459
873000,0.030,0.514,0.456
873500,0.030,0.538,0.432
874000,0.030,0.640,0.330
874500,0.030,0.580,0.390
875000,0.030,0.628,0.342
875500,0.030,0.581,0.389
876000,0.030,0.601,0.369
876500,0.030,0.471,0.499
877000,0.030,0.503,0.467
877500,0.030,0.595,0.375
878000,0.030,0.767,0.203
878500,0.030,0.528,0.442
879000,0.030,0.381,0.589
879500,0.030,0.470,0.500
880000,0.030,0.479,0.491
880500,0.030,0.647,0.323
881000,0.030,0.609,0.361
881500,0.030,0.620,0.350
882000,0.030,0.560,0.410
882500,0.030,0.496,0.474
883000,0.030,0.500,0.470
883500,0.030,0.485,0.485
884000,0.030,0.462,0.508
884500,0.030,0.434,0.536
885000,0.030,0.518,0.452
885500,0.030,0.583,0.387
886000,0.030,0.432,0.538
886500,0.030,0.518,0.452
887000,0.030,0.416,0.554
887500,0.030,0.641,0.329
888000,0.030,0.697,0.273
888500,0.030,0.606,0.364
889000,0.030,0.539,0.431
889500,0.030,0.666,0.304
890000,0.030,0.513,0.457
890500,0.030,0.747,0.223
891000,0.030,0.383,0.587
891500,0.030,0.485,0.485
892000,0.030,0.311,0.659
892500,0.030,0.572,0.398
893000,0.030,0.678,0.292
893500,0.030,0.553,0.417
894000,0.030,0.586,0.384
894500,0.030,0.624,0.346
895000,0.030,0.610,0.360
895500,0.030,0.557,0.413
896000,0.030,0.683,0.287
896500,0.030,0.540,0.430
897000,0.030,0.647,0.323
897500,0.030,0.522,0.448
898000,0.030,0.471,0.499
898500,0.030,0.461,0.509
899000,0.030,0.523,0.447
899500,0.030,0.474,0.496
900000,0.030,0.469,0.501
900500,0.030,0.493,0.477
901000,0.030,0.636,0.334
901500,0.030,0.536,0.434
902000,0.030,0.728,0.242
902500,0.030,0.710,0.260
903000,0.030,0.633,0.337
903500,0.030,0.573,0.397
904000,0.030,0.603,0.367
904500,0.030,0.688,0.282
905000,0.030,0.489,0.481
905500,0.030,0.448,0.522
906000,0.030,0.426,0.544
906500,0.030,0.507,0.463
907000,0.030,0.623,0.347
907500,0.030,0.609,0.361
908000,0.030,0.552,0.418
908500,0.030,0.492,0.478
909000,0.030,0.486,0.484
909500,0.030,0.576,0.394
910000,0.030,0.558,0.412
910500,0.030,0.626,0.344
911000,0.030,0.589,0.381
911500,0.030,0.495,0.475
912000,0.030,0.459,0.511
912500,0.030,0.508,0.462
913000,0.030,0.550,0.420
913500,0.030,0.529,0.441
914000,0.030,0.456,0.514
914500,0.030,0.478,0.492
915000,0.030,0.645,0.325
915500,0.030,0.747,0.223
916000,0.030,0.583,0.387
916500,0.030,0.598,0.372
917000,0.030,0.591,0.379
917500,0.030,0.625,0.345
918000,0.030,0.543,0.427
918500,0.030,0.613,0.357
919000,0.030,0.431,0.539
919500,0.030,0.584,0.386
920000,0.030,0.451,0.519
920500,0.030,0.644,0.326
921000,0.030,0.535,0.435
921500,0.030,0.626,0.344
922000,0.030,0.602,0.368
922500,0.030,0.478,0.492
923000,0.030,0.629,0.341
923500,0.030,0.466,0.504
924000,0.030,0.450,0.520
924500,0.030,0.554,0.416
925000,0.030,0.586,0.384
925500,0.030,0.659,0.311
926000,0.030,0.662,0.308
926500,0.030,0.558,0.412
927000,0.030,0.412,0.558
927500,0.030,0.412,0.558
928000,0.030,0.403,0.567
928500,0.030,0.329,0.641
929000,0.030,0.545,0.425
929500,0.030,0.538,0.432
930000,0.030,0.514,0.456
930500,0.030,0.617,0.353
931000,0.030,0.472,0.498
931500,0.030,0.446,0.524
932000,0.030,0.594,0.376
932500,0.030,0.559,0.411
933000,0.030,0.579,0.391
933500,0.030,0.525,0.445
934000,0.030,0.424,0.546
934500,0.030,0.588,0.382
935000,0.030,0.481,0.489
935500,0.030,0.650,0.320
936000,0.030,0.421,0.549
936500,0.030,0.676,0.294
937000,0.030,0.507,0.463
937500,0.030,0.485,0.485
938000,0.030,0.504,0.466
938500,0.030,0.392,0.578
939000,0.030,0.623,0.347
939500,0.030,0.537,0.433
940000,0.030,0.540,0.430
940500,0.030,0.559,0.411
941000,0.030,0.571,0.399
941500,0.030,0.591,0.379
942000,0.030,0.577,0.393
942500,0.030,0.571,0.399
943000,0.030,0.560,0.410
943500,0.030,0.526,0.444
944000,0.030,0.682,0.288
944500,0.030,0.452,0.518
945000,0.030,0.475,0.495
945500,0.030,0.626,0.344
946000,0.030,0.483,0.487
946500,0.030,0.497,0.473
947000,0.030,0.569,0.401
947500,0.030,0.633,0.337
948000,0.030,0.451,0.519
948500,0.030,0.565,0.405
949000,0.030,0.545,0.425
949500,0.030,0.432,0.538
950000,0.030,0.668,0.302
950500,0.030,0.541,0.429
951000,0.030,0.491,0.479
951500,0.030,0.506,0.464
952000,0.030,0.551,0.419
952500,0.030,0.483,0.487
953000,0.030,0.426,0.544
953500,0.030,0.637,0.333
954000,0.030,0.490,0.480
954500,0.030,0.614,0.356
955000,0.030,0.466,0.504
955500,0.030,0.444,0.526
956000,0.030,0.541,0.429
956500,0.030,0.559,0.411
957000,0.030,0.455,0.515
957500,0.030,0.618,0.352
958000,0.030,0.671,0.299
958500,0.030,0.640,0.330
959000,0.030,0.540,0.430
959500,0.030,0.518,0.452
960000,0.030,0.516,0.454
960500,0.030,0.527,0.443
961000,0.030,0.586,0.384
961500,0.030,0.662,0.308
962000,0.030,0.609,0.361
962500,0.030,0.636,0.334
963000,0.030,0.672,0.298
963500,0.030,0.574,0.396
964000,0.030,0.568,0.402
964500,0.030,0.607,0.363
965000,0.030,0.756,0.214
965500,0.030,0.592,0.378
966000,0.030,0.582,0.388
966500,0.030,0.476,0.494
967000,0.030,0.605,0.365
967500,0.030,0.650,0.320
968000,0.030,0.562,0.408
968500,0.030,0.676,0.294
969000,0.030,0.507,0.463
969500,0.030,0.572,0.398
970000,0.030,0.660,0.310
970500,0.030,0.640,0.330
971000,0.030,0.512,0.458
971500,0.030,0.613,0.357
972000,0.030,0.667,0.303
972500,0.030,0.605,0.365
973000,0.030,0.470,0.500
973500,0.030,0.531,0.439
974000,0.030,0.633,0.337
974500,0.030,0.504,0.466
975000,0.030,0.565,0.405
975500,0.030,0.848,0.122
976000,0.030,0.659,0.311
976500,0.030,0.648,0.322
977000,0.030,0.551,0.419
977500,0.030,0.583,0.387
978000,0.030,0.562,0.408
978500,0.030,0.489,0.481
979000,0.030,0.534,0.436
979500,0.030,0.652,0.318
980000,0.030,0.474,0.496
980500,0.030,0.575,0.395
981000,0.030,0.546,0.424
981500,0.030,0.570,0.400
982000,0.030,0.340,0.630
982500,0.030,0.482,0.488
983000,0.030,0.414,0.556
983500,0.030,0.492,0.478
984000,0.030,0.563,0.407
984500,0.030,0.555,0.415
985000,0.030,0.514,0.456
985500,0.030,0.619,0.351
986000,0.030,0.585,0.385
986500,0.030,0.574,0.396
987000,0.030,0.621,0.349
987500,0.030,0.628,0.342
988000,0.030,0.548,0.422
988500,0.030,0.408,0.562
989000,0.030,0.517,0.453
989500,0.030,0.563,0.407
990000,0.030,0.470,0.500
990500,0.030,0.562,0.408
991000,0.030,0.518,0.452
991500,0.030,0.655,0.315
992000,0.030,0.599,0.371
992500,0.030,0.671,0.299
993000,0.030,0.597,0.373
993500,0.030,0.487,0.483
994000,0.030,0.484,0.486
994500,0.030,0.607,0.363
995000,0.030,0.544,0.426
995500,0.030,0.591,0.379
996000,0.030,0.537,0.433
996500,0.030,0.583,0.387
997000,0.030,0.439,0.531
997500,0.030,0.601,0.369
998000,0.030,0.512,0.458
998500,0.030,0.490,0.480
999000,0.030,0.733,0.237
999500,0.030,0.640,0.330
1000000,0.030,0.693,0.277
