time,n_A+p,n_B,n_AB
100,0.322,0.434,0.244
200,0.322,0.384,0.293
300,0.289,0.360,0.351
400,0.252,0.355,0.393
500,0.326,0.318,0.355
600,0.355,0.289,0.355
700,0.384,0.293,0.322
800,0.376,0.326,0.298
900,0.397,0.264,0.339
1000,0.434,0.219,0.347
1100,0.488,0.219,0.293
1200,0.492,0.194,0.314
1300,0.463,0.211,0.326
1400,0.479,0.219,0.302
1500,0.508,0.153,0.339
1600,0.587,0.128,0.285
1700,0.616,0.120,0.264
1800,0.690,0.079,0.231
1900,0.723,0.058,0.219
2000,0.707,0.041,0.252
2100,0.760,0.045,0.194
2200,0.756,0.033,0.211
2300,0.806,0.025,0.169
2400,0.851,0.021,0.128
2500,0.888,0.012,0.099
2600,0.901,0.012,0.087
2700,0.905,0.012,0.083
2800,0.946,0.012,0.041
2900,0.959,0.008,0.033
3000,0.971,0.008,0.021
3100,0.975,0.008,0.017
3200,0.979,0.004,0.017
3300,0.979,0.004,0.017
3400,0.988,0.004,0.008
3500,0.992,0.004,0.004
3600,0.992,0.004,0.004
3700,0.992,0.004,0.004
3800,0.992,0.004,0.004
3900,0.992,0.004,0.004
4000,0.992,0.004,0.004
4100,0.992,0.000,0.008
4200,0.992,0.000,0.008
4300,0.996,0.000,0.004
4400,0.996,0.000,0.004
4500,0.996,0.000,0.004
4600,0.996,0.000,0.004
4700,1.000,0.000,0.000
