time,n_A+p,n_B,n_AB
500,0.010,0.946,0.044
1000,0.010,0.854,0.136
1500,0.010,0.634,0.356
2000,0.010,0.415,0.575
2500,0.010,0.308,0.682
3000,0.010,0.396,0.595
3500,0.010,0.473,0.516
4000,0.010,0.414,0.576
4500,0.010,0.412,0.578
5000,0.010,0.332,0.658
5500,0.010,0.330,0.660
6000,0.010,0.305,0.684
6500,0.010,0.415,0.575
7000,0.010,0.469,0.521
7500,0.010,0.452,0.538
8000,0.010,0.376,0.614
8500,0.010,0.315,0.675
9000,0.010,0.393,0.597
9500,0.010,0.412,0.578
10000,0.010,0.359,0.631
10500,0.010,0.414,0.576
11000,0.010,0.395,0.595
11500,0.010,0.383,0.607
12000,0.010,0.381,0.609
12500,0.010,0.408,0.582
13000,0.010,0.396,0.594
13500,0.010,0.423,0.567
14000,0.010,0.419,0.571
14500,0.010,0.276,0.714
15000,0.010,0.374,0.616
15500,0.010,0.359,0.631
16000,0.010,0.376,0.614
16500,0.010,0.324,0.666
17000,0.010,0.334,0.656
17500,0.010,0.342,0.648
18000,0.010,0.375,0.615
18500,0.010,0.346,0.644
19000,0.010,0.320,0.670
19500,0.010,0.347,0.643
20000,0.010,0.287,0.703
20500,0.010,0.374,0.616
21000,0.010,0.316,0.674
21500,0.013,0.459,0.528
22000,0.010,0.395,0.595
22500,0.010,0.395,0.595
23000,0.010,0.374,0.616
23500,0.010,0.398,0.592
24000,0.010,0.342,0.648
24500,0.010,0.460,0.530
25000,0.010,0.391,0.599
25500,0.010,0.400,0.591
26000,0.010,0.419,0.571
26500,0.010,0.357,0.633
27000,0.010,0.295,0.695
27500,0.010,0.363,0.627
28000,0.010,0.313,0.677
28500,0.010,0.407,0.583
29000,0.010,0.411,0.579
29500,0.010,0.323,0.667
30000,0.010,0.398,0.592
30500,0.010,0.382,0.609
31000,0.010,0.362,0.628
31500,0.010,0.383,0.607
32000,0.010,0.382,0.608
32500,0.010,0.401,0.589
33000,0.010,0.330,0.660
33500,0.010,0.368,0.621
34000,0.010,0.377,0.613
34500,0.010,0.390,0.601
35000,0.010,0.446,0.544
35500,0.010,0.397,0.593
36000,0.010,0.321,0.669
36500,0.010,0.348,0.641
37000,0.010,0.454,0.536
37500,0.010,0.419,0.571
38000,0.010,0.327,0.663
38500,0.010,0.448,0.542
39000,0.010,0.345,0.645
39500,0.010,0.335,0.655
40000,0.010,0.295,0.695
40500,0.010,0.291,0.699
41000,0.010,0.278,0.712
41500,0.010,0.350,0.639
42000,0.013,0.291,0.695
42500,0.011,0.420,0.570
43000,0.010,0.364,0.626
43500,0.010,0.261,0.730
44000,0.010,0.356,0.634
44500,0.010,0.417,0.573
45000,0.010,0.436,0.553
45500,0.010,0.416,0.574
46000,0.010,0.336,0.654
46500,0.010,0.363,0.627
47000,0.010,0.362,0.628
47500,0.010,0.319,0.671
48000,0.010,0.318,0.672
48500,0.010,0.335,0.655
49000,0.010,0.372,0.617
49500,0.010,0.338,0.652
50000,0.010,0.293,0.697
50500,0.010,0.326,0.664
51000,0.010,0.358,0.631
51500,0.010,0.419,0.571
52000,0.010,0.449,0.541
52500,0.010,0.324,0.666
53000,0.010,0.345,0.645
53500,0.010,0.299,0.691
54000,0.010,0.314,0.676
54500,0.010,0.290,0.700
55000,0.010,0.433,0.556
55500,0.010,0.412,0.578
56000,0.010,0.343,0.647
56500,0.010,0.296,0.694
57000,0.010,0.359,0.631
57500,0.010,0.406,0.584
58000,0.010,0.371,0.619
58500,0.010,0.321,0.669
59000,0.010,0.413,0.577
59500,0.010,0.437,0.553
60000,0.010,0.421,0.569
60500,0.010,0.344,0.646
61000,0.010,0.374,0.615
61500,0.010,0.307,0.682
62000,0.010,0.360,0.629
62500,0.010,0.296,0.694
63000,0.010,0.325,0.665
63500,0.010,0.412,0.578
64000,0.010,0.485,0.504
64500,0.010,0.446,0.544
65000,0.010,0.403,0.587
65500,0.010,0.403,0.587
66000,0.010,0.397,0.593
66500,0.010,0.350,0.639
67000,0.010,0.362,0.627
67500,0.010,0.478,0.512
68000,0.010,0.374,0.616
68500,0.010,0.348,0.642
69000,0.010,0.315,0.675
69500,0.010,0.365,0.625
70000,0.010,0.495,0.495
70500,0.010,0.485,0.505
71000,0.010,0.455,0.535
71500,0.010,0.299,0.691
72000,0.010,0.364,0.626
72500,0.010,0.395,0.595
73000,0.010,0.356,0.633
73500,0.010,0.430,0.560
74000,0.010,0.372,0.618
74500,0.010,0.339,0.651
75000,0.010,0.435,0.554
75500,0.010,0.358,0.632
76000,0.010,0.332,0.658
76500,0.010,0.327,0.663
77000,0.010,0.344,0.646
77500,0.010,0.379,0.611
78000,0.010,0.432,0.558
78500,0.010,0.406,0.584
79000,0.010,0.391,0.599
79500,0.010,0.328,0.662
80000,0.010,0.337,0.653
80500,0.010,0.385,0.605
81000,0.010,0.329,0.661
81500,0.010,0.360,0.629
82000,0.010,0.407,0.583
82500,0.010,0.335,0.655
83000,0.012,0.280,0.708
83500,0.010,0.459,0.531
84000,0.010,0.470,0.520
84500,0.010,0.481,0.508
85000,0.010,0.403,0.587
85500,0.010,0.335,0.655
86000,0.010,0.359,0.631
86500,0.010,0.413,0.577
87000,0.010,0.413,0.577
87500,0.010,0.450,0.540
88000,0.010,0.406,0.585
88500,0.010,0.366,0.624
89000,0.010,0.318,0.672
89500,0.010,0.371,0.619
90000,0.010,0.293,0.697
90500,0.010,0.374,0.616
91000,0.010,0.367,0.623
91500,0.010,0.387,0.603
92000,0.010,0.305,0.685
92500,0.010,0.400,0.590
93000,0.010,0.371,0.619
93500,0.010,0.374,0.615
94000,0.010,0.458,0.532
94500,0.010,0.354,0.636
95000,0.010,0.312,0.678
95500,0.010,0.385,0.605
96000,0.010,0.372,0.618
96500,0.010,0.310,0.680
97000,0.010,0.315,0.675
97500,0.010,0.383,0.607
98000,0.010,0.363,0.627
98500,0.010,0.361,0.629
99000,0.010,0.370,0.620
99500,0.010,0.312,0.677
100000,0.010,0.368,0.621
100500,0.010,0.412,0.578
101000,0.010,0.396,0.595
101500,0.010,0.407,0.583
102000,0.010,0.419,0.571
102500,0.010,0.381,0.609
103000,0.010,0.403,0.587
103500,0.010,0.381,0.609
104000,0.010,0.384,0.606
104500,0.010,0.332,0.658
105000,0.010,0.343,0.647
105500,0.010,0.416,0.574
106000,0.010,0.330,0.660
106500,0.010,0.306,0.684
107000,0.010,0.372,0.618
107500,0.010,0.373,0.617
108000,0.010,0.337,0.653
108500,0.010,0.300,0.690
109000,0.010,0.325,0.665
109500,0.010,0.335,0.655
110000,0.010,0.307,0.683
110500,0.010,0.362,0.628
111000,0.010,0.352,0.637
111500,0.010,0.334,0.656
112000,0.010,0.328,0.662
112500,0.010,0.314,0.676
113000,0.010,0.362,0.627
113500,0.010,0.307,0.682
114000,0.010,0.310,0.679
114500,0.010,0.353,0.637
115000,0.010,0.337,0.653
115500,0.010,0.372,0.617
116000,0.010,0.426,0.564
116500,0.010,0.458,0.532
117000,0.010,0.397,0.593
117500,0.010,0.331,0.659
118000,0.010,0.334,0.656
118500,0.010,0.385,0.605
119000,0.010,0.262,0.728
119500,0.010,0.276,0.714
120000,0.010,0.408,0.582
120500,0.010,0.399,0.591
121000,0.010,0.339,0.651
121500,0.010,0.356,0.633
122000,0.010,0.314,0.676
122500,0.010,0.332,0.658
123000,0.010,0.333,0.657
123500,0.010,0.325,0.665
124000,0.010,0.297,0.693
124500,0.010,0.334,0.656
125000,0.010,0.328,0.662
125500,0.010,0.420,0.570
126000,0.010,0.503,0.487
126500,0.010,0.429,0.561
127000,0.010,0.467,0.523
127500,0.010,0.464,0.526
128000,0.010,0.399,0.591
128500,0.010,0.452,0.538
129000,0.010,0.425,0.565
129500,0.010,0.362,0.628
130000,0.010,0.406,0.584
130500,0.010,0.347,0.643
131000,0.010,0.317,0.673
131500,0.010,0.386,0.604
132000,0.010,0.305,0.684
132500,0.010,0.374,0.615
133000,0.010,0.384,0.606
133500,0.010,0.463,0.527
134000,0.010,0.404,0.587
134500,0.010,0.438,0.552
135000,0.010,0.438,0.552
135500,0.010,0.354,0.635
136000,0.010,0.400,0.590
136500,0.010,0.282,0.708
137000,0.010,0.327,0.663
137500,0.010,0.362,0.627
138000,0.010,0.368,0.622
138500,0.010,0.403,0.587
139000,0.010,0.436,0.554
139500,0.010,0.402,0.589
140000,0.010,0.367,0.623
140500,0.010,0.372,0.617
141000,0.010,0.413,0.577
141500,0.010,0.449,0.541
142000,0.010,0.394,0.596
142500,0.010,0.395,0.595
143000,0.010,0.431,0.558
143500,0.010,0.428,0.562
144000,0.010,0.417,0.573
144500,0.010,0.391,0.599
145000,0.010,0.344,0.646
145500,0.010,0.358,0.631
146000,0.010,0.436,0.554
146500,0.010,0.317,0.673
147000,0.010,0.370,0.619
147500,0.011,0.367,0.623
148000,0.010,0.393,0.597
148500,0.010,0.296,0.694
149000,0.010,0.309,0.680
149500,0.010,0.408,0.582
150000,0.010,0.382,0.608
150500,0.010,0.279,0.711
151000,0.010,0.269,0.721
151500,0.011,0.239,0.751
152000,0.010,0.334,0.656
152500,0.010,0.338,0.652
153000,0.010,0.337,0.653
153500,0.010,0.317,0.673
154000,0.010,0.383,0.607
154500,0.010,0.381,0.609
155000,0.010,0.429,0.561
155500,0.010,0.399,0.591
156000,0.010,0.418,0.572
156500,0.010,0.337,0.653
157000,0.010,0.381,0.609
157500,0.010,0.472,0.518
158000,0.010,0.457,0.533
158500,0.010,0.458,0.532
159000,0.010,0.326,0.664
159500,0.010,0.378,0.612
160000,0.010,0.344,0.646
160500,0.010,0.453,0.537
161000,0.010,0.468,0.522
161500,0.010,0.355,0.635
162000,0.010,0.427,0.563
162500,0.010,0.379,0.611
163000,0.010,0.398,0.592
163500,0.010,0.335,0.655
164000,0.010,0.377,0.613
164500,0.010,0.358,0.632
165000,0.010,0.330,0.660
165500,0.010,0.314,0.676
166000,0.010,0.270,0.720
166500,0.010,0.336,0.654
167000,0.010,0.398,0.592
167500,0.010,0.408,0.582
168000,0.010,0.346,0.643
168500,0.010,0.363,0.627
169000,0.010,0.415,0.575
169500,0.010,0.447,0.543
170000,0.010,0.418,0.572
170500,0.010,0.465,0.525
171000,0.010,0.337,0.653
171500,0.010,0.296,0.694
172000,0.010,0.293,0.697
172500,0.010,0.320,0.670
173000,0.010,0.381,0.609
173500,0.010,0.296,0.694
174000,0.010,0.341,0.649
174500,0.010,0.315,0.675
175000,0.010,0.344,0.646
175500,0.010,0.450,0.540
176000,0.010,0.301,0.689
176500,0.010,0.376,0.614
177000,0.010,0.378,0.613
177500,0.010,0.403,0.587
178000,0.010,0.495,0.495
178500,0.010,0.431,0.559
179000,0.010,0.385,0.605
179500,0.010,0.360,0.629
180000,0.010,0.305,0.685
180500,0.010,0.304,0.685
181000,0.011,0.408,0.582
181500,0.010,0.365,0.625
182000,0.010,0.367,0.623
182500,0.010,0.401,0.589
183000,0.010,0.364,0.626
183500,0.010,0.353,0.637
184000,0.010,0.361,0.629
184500,0.010,0.341,0.649
185000,0.010,0.378,0.613
185500,0.010,0.337,0.653
186000,0.010,0.359,0.631
186500,0.010,0.446,0.544
187000,0.010,0.467,0.523
187500,0.010,0.402,0.588
188000,0.010,0.311,0.679
188500,0.010,0.322,0.668
189000,0.010,0.267,0.723
189500,0.010,0.369,0.621
190000,0.010,0.370,0.620
190500,0.010,0.420,0.570
191000,0.010,0.567,0.423
191500,0.010,0.452,0.538
192000,0.010,0.424,0.566
192500,0.010,0.401,0.589
193000,0.010,0.392,0.599
193500,0.010,0.453,0.537
194000,0.010,0.394,0.597
194500,0.010,0.372,0.617
195000,0.010,0.450,0.540
195500,0.010,0.428,0.562
196000,0.010,0.385,0.605
196500,0.010,0.386,0.605
197000,0.010,0.349,0.641
197500,0.010,0.320,0.670
198000,0.010,0.359,0.631
198500,0.010,0.390,0.600
199000,0.010,0.477,0.513
199500,0.010,0.478,0.512
200000,0.010,0.373,0.617
200500,0.010,0.356,0.633
201000,0.010,0.322,0.668
201500,0.010,0.279,0.712
202000,0.010,0.384,0.606
202500,0.010,0.351,0.639
203000,0.010,0.402,0.588
203500,0.010,0.350,0.640
204000,0.010,0.391,0.599
204500,0.010,0.296,0.694
205000,0.011,0.382,0.608
205500,0.010,0.400,0.591
206000,0.010,0.384,0.607
206500,0.010,0.434,0.556
207000,0.010,0.477,0.512
207500,0.010,0.468,0.522
208000,0.010,0.356,0.634
208500,0.010,0.448,0.542
209000,0.010,0.457,0.533
209500,0.010,0.389,0.601
210000,0.010,0.328,0.662
210500,0.010,0.361,0.629
211000,0.010,0.338,0.652
211500,0.010,0.404,0.586
212000,0.010,0.376,0.614
212500,0.010,0.405,0.585
213000,0.010,0.404,0.587
213500,0.010,0.425,0.565
214000,0.010,0.385,0.605
214500,0.010,0.361,0.629
215000,0.010,0.290,0.700
215500,0.010,0.293,0.697
216000,0.010,0.367,0.623
216500,0.010,0.372,0.618
217000,0.010,0.319,0.671
217500,0.010,0.365,0.625
218000,0.010,0.360,0.630
218500,0.010,0.407,0.583
219000,0.010,0.383,0.607
219500,0.010,0.339,0.651
220000,0.010,0.326,0.664
220500,0.010,0.279,0.711
221000,0.010,0.371,0.619
221500,0.010,0.343,0.647
222000,0.010,0.397,0.593
222500,0.010,0.387,0.603
223000,0.010,0.394,0.596
223500,0.010,0.340,0.650
224000,0.010,0.352,0.637
224500,0.010,0.395,0.595
225000,0.010,0.399,0.591
225500,0.010,0.373,0.617
226000,0.010,0.377,0.613
226500,0.010,0.414,0.576
227000,0.010,0.406,0.585
227500,0.010,0.454,0.536
228000,0.010,0.358,0.632
228500,0.010,0.401,0.589
229000,0.010,0.452,0.538
229500,0.010,0.351,0.639
230000,0.010,0.445,0.545
230500,0.010,0.447,0.543
231000,0.010,0.357,0.633
231500,0.010,0.395,0.595
232000,0.010,0.422,0.568
232500,0.010,0.369,0.621
233000,0.010,0.349,0.641
233500,0.010,0.328,0.662
234000,0.010,0.327,0.663
234500,0.010,0.381,0.609
235000,0.010,0.398,0.592
235500,0.010,0.419,0.571
236000,0.010,0.466,0.524
236500,0.010,0.524,0.466
237000,0.010,0.448,0.542
237500,0.010,0.436,0.553
238000,0.010,0.423,0.567
238500,0.010,0.378,0.612
239000,0.010,0.311,0.679
239500,0.010,0.348,0.641
240000,0.010,0.452,0.538
240500,0.010,0.460,0.530
241000,0.010,0.406,0.584
241500,0.010,0.389,0.601
242000,0.010,0.319,0.671
242500,0.010,0.326,0.664
243000,0.010,0.368,0.621
243500,0.010,0.333,0.657
244000,0.010,0.398,0.593
244500,0.010,0.479,0.511
245000,0.017,0.299,0.684
245500,0.010,0.249,0.741
246000,0.010,0.326,0.664
246500,0.010,0.311,0.678
247000,0.010,0.349,0.641
247500,0.010,0.359,0.631
248000,0.010,0.390,0.601
248500,0.010,0.369,0.621
249000,0.010,0.338,0.652
249500,0.010,0.314,0.676
250000,0.010,0.328,0.662
250500,0.010,0.333,0.657
251000,0.010,0.285,0.705
251500,0.010,0.319,0.671
252000,0.010,0.393,0.597
252500,0.010,0.305,0.684
253000,0.010,0.282,0.708
253500,0.011,0.338,0.651
254000,0.010,0.395,0.595
254500,0.010,0.366,0.624
255000,0.010,0.347,0.643
255500,0.010,0.370,0.619
256000,0.010,0.401,0.589
256500,0.010,0.427,0.563
257000,0.010,0.430,0.559
257500,0.010,0.434,0.556
258000,0.010,0.387,0.603
258500,0.010,0.331,0.659
259000,0.010,0.337,0.653
259500,0.010,0.388,0.603
260000,0.010,0.346,0.643
260500,0.010,0.307,0.682
261000,0.011,0.289,0.700
261500,0.010,0.281,0.709
262000,0.010,0.404,0.587
262500,0.010,0.468,0.522
263000,0.010,0.382,0.608
263500,0.010,0.389,0.601
264000,0.010,0.330,0.660
264500,0.010,0.359,0.631
265000,0.010,0.369,0.621
265500,0.010,0.387,0.603
266000,0.010,0.333,0.657
266500,0.010,0.414,0.576
267000,0.010,0.471,0.519
267500,0.010,0.424,0.566
268000,0.010,0.366,0.623
268500,0.010,0.421,0.569
269000,0.010,0.360,0.630
269500,0.010,0.384,0.606
270000,0.010,0.359,0.631
270500,0.010,0.422,0.568
271000,0.010,0.488,0.502
271500,0.010,0.529,0.461
272000,0.010,0.422,0.568
272500,0.010,0.418,0.572
273000,0.010,0.344,0.645
273500,0.010,0.365,0.625
274000,0.010,0.429,0.560
274500,0.010,0.390,0.600
275000,0.010,0.324,0.666
275500,0.010,0.224,0.766
276000,0.010,0.276,0.714
276500,0.010,0.415,0.575
277000,0.010,0.385,0.605
277500,0.010,0.331,0.659
278000,0.010,0.297,0.693
278500,0.010,0.334,0.656
279000,0.010,0.366,0.623
279500,0.010,0.379,0.611
280000,0.010,0.392,0.598
280500,0.010,0.343,0.647
281000,0.010,0.341,0.649
281500,0.010,0.333,0.657
282000,0.010,0.358,0.632
282500,0.010,0.307,0.683
283000,0.010,0.479,0.511
283500,0.010,0.346,0.644
284000,0.010,0.376,0.615
284500,0.010,0.351,0.639
285000,0.010,0.422,0.568
285500,0.010,0.339,0.651
286000,0.010,0.412,0.578
286500,0.010,0.361,0.629
287000,0.010,0.365,0.625
287500,0.010,0.352,0.637
288000,0.010,0.361,0.629
288500,0.010,0.366,0.623
289000,0.010,0.310,0.680
289500,0.011,0.329,0.660
290000,0.010,0.362,0.628
290500,0.010,0.510,0.480
291000,0.010,0.434,0.556
291500,0.010,0.412,0.578
292000,0.010,0.470,0.520
292500,0.010,0.337,0.653
293000,0.010,0.455,0.535
293500,0.010,0.423,0.567
294000,0.010,0.357,0.633
294500,0.010,0.328,0.662
295000,0.010,0.463,0.527
295500,0.010,0.477,0.513
296000,0.010,0.443,0.547
296500,0.010,0.385,0.605
297000,0.010,0.409,0.581
297500,0.010,0.307,0.683
298000,0.010,0.401,0.589
298500,0.010,0.427,0.562
299000,0.010,0.435,0.555
299500,0.010,0.308,0.681
300000,0.010,0.360,0.629
300500,0.010,0.320,0.670
301000,0.010,0.317,0.673
301500,0.010,0.344,0.645
302000,0.010,0.376,0.615
302500,0.010,0.317,0.673
303000,0.010,0.377,0.613
303500,0.010,0.335,0.655
304000,0.010,0.365,0.625
304500,0.010,0.357,0.633
305000,0.010,0.357,0.633
305500,0.010,0.320,0.670
306000,0.010,0.306,0.683
306500,0.010,0.395,0.595
307000,0.010,0.327,0.663
307500,0.010,0.384,0.607
308000,0.010,0.388,0.602
308500,0.010,0.483,0.506
309000,0.010,0.404,0.586
309500,0.010,0.340,0.650
310000,0.010,0.347,0.643
310500,0.010,0.339,0.651
311000,0.010,0.325,0.665
311500,0.010,0.460,0.530
312000,0.010,0.408,0.582
312500,0.010,0.383,0.607
313000,0.010,0.398,0.593
313500,0.010,0.377,0.613
314000,0.010,0.443,0.547
314500,0.010,0.418,0.572
315000,0.010,0.452,0.538
315500,0.010,0.340,0.650
316000,0.010,0.231,0.759
316500,0.010,0.225,0.765
317000,0.010,0.290,0.700
317500,0.010,0.360,0.630
318000,0.010,0.399,0.591
318500,0.010,0.369,0.621
319000,0.010,0.336,0.654
319500,0.010,0.382,0.608
320000,0.010,0.388,0.602
320500,0.010,0.436,0.553
321000,0.010,0.439,0.551
321500,0.010,0.351,0.639
322000,0.010,0.294,0.696
322500,0.010,0.347,0.643
323000,0.010,0.338,0.652
323500,0.010,0.387,0.603
324000,0.010,0.461,0.529
324500,0.010,0.429,0.560
325000,0.010,0.406,0.584
325500,0.010,0.326,0.664
326000,0.010,0.341,0.649
326500,0.010,0.356,0.634
327000,0.010,0.319,0.671
327500,0.010,0.360,0.630
328000,0.010,0.414,0.576
328500,0.010,0.356,0.634
329000,0.010,0.391,0.599
329500,0.010,0.345,0.645
330000,0.010,0.275,0.715
330500,0.010,0.317,0.673
331000,0.010,0.276,0.714
331500,0.010,0.393,0.597
332000,0.010,0.324,0.666
332500,0.010,0.398,0.593
333000,0.010,0.376,0.614
333500,0.010,0.351,0.639
334000,0.010,0.408,0.582
334500,0.010,0.491,0.499
335000,0.010,0.408,0.582
335500,0.010,0.327,0.663
336000,0.010,0.329,0.661
336500,0.010,0.278,0.712
337000,0.010,0.321,0.669
337500,0.010,0.349,0.641
338000,0.010,0.296,0.694
338500,0.010,0.331,0.659
339000,0.010,0.273,0.718
339500,0.010,0.400,0.591
340000,0.010,0.379,0.611
340500,0.010,0.395,0.595
341000,0.010,0.273,0.717
341500,0.010,0.422,0.568
342000,0.010,0.375,0.615
342500,0.010,0.396,0.595
343000,0.010,0.546,0.444
343500,0.010,0.398,0.593
344000,0.010,0.369,0.621
344500,0.010,0.393,0.597
345000,0.010,0.360,0.629
345500,0.010,0.390,0.601
346000,0.010,0.344,0.646
346500,0.010,0.365,0.625
347000,0.010,0.282,0.708
347500,0.010,0.431,0.558
348000,0.010,0.376,0.615
348500,0.010,0.373,0.617
349000,0.010,0.401,0.589
349500,0.010,0.353,0.637
350000,0.010,0.363,0.627
350500,0.010,0.460,0.530
351000,0.010,0.402,0.588
351500,0.010,0.371,0.619
352000,0.010,0.303,0.687
352500,0.010,0.304,0.685
353000,0.010,0.351,0.639
353500,0.010,0.386,0.604
354000,0.010,0.434,0.556
354500,0.010,0.361,0.629
355000,0.010,0.352,0.638
355500,0.010,0.360,0.629
356000,0.010,0.391,0.599
356500,0.010,0.322,0.668
357000,0.010,0.333,0.657
357500,0.010,0.342,0.648
358000,0.010,0.415,0.575
358500,0.010,0.349,0.641
359000,0.010,0.331,0.659
359500,0.010,0.322,0.668
360000,0.011,0.274,0.716
360500,0.010,0.347,0.643
361000,0.010,0.286,0.704
361500,0.011,0.345,0.643
362000,0.010,0.272,0.718
362500,0.010,0.281,0.709
363000,0.010,0.323,0.667
363500,0.010,0.343,0.647
364000,0.012,0.305,0.683
364500,0.010,0.387,0.603
365000,0.010,0.395,0.595
365500,0.010,0.305,0.684
366000,0.010,0.314,0.676
366500,0.010,0.442,0.548
367000,0.010,0.398,0.592
367500,0.010,0.321,0.669
368000,0.010,0.366,0.624
368500,0.010,0.435,0.555
369000,0.010,0.442,0.548
369500,0.010,0.459,0.531
370000,0.010,0.343,0.647
370500,0.010,0.380,0.611
371000,0.010,0.350,0.639
371500,0.010,0.344,0.645
372000,0.010,0.351,0.639
372500,0.010,0.399,0.591
373000,0.010,0.422,0.568
373500,0.010,0.408,0.582
374000,0.010,0.437,0.553
374500,0.010,0.379,0.611
375000,0.010,0.379,0.611
375500,0.010,0.419,0.571
376000,0.010,0.343,0.647
376500,0.010,0.361,0.629
377000,0.010,0.418,0.572
377500,0.010,0.463,0.527
378000,0.010,0.458,0.532
378500,0.010,0.466,0.524
379000,0.010,0.374,0.616
379500,0.010,0.378,0.613
380000,0.010,0.332,0.658
380500,0.010,0.269,0.721
381000,0.010,0.277,0.714
381500,0.010,0.315,0.675
382000,0.010,0.355,0.635
382500,0.010,0.388,0.602
383000,0.010,0.389,0.601
383500,0.010,0.345,0.645
384000,0.010,0.365,0.625
384500,0.010,0.468,0.522
385000,0.010,0.460,0.530
385500,0.010,0.405,0.585
386000,0.010,0.322,0.668
386500,0.010,0.432,0.558
387000,0.010,0.396,0.594
387500,0.010,0.385,0.605
388000,0.010,0.374,0.615
388500,0.010,0.337,0.653
389000,0.010,0.439,0.551
389500,0.010,0.367,0.623
390000,0.010,0.383,0.607
390500,0.010,0.397,0.593
391000,0.010,0.361,0.629
391500,0.010,0.397,0.593
392000,0.010,0.369,0.621
392500,0.010,0.359,0.631
393000,0.010,0.363,0.627
393500,0.010,0.263,0.728
394000,0.010,0.327,0.663
394500,0.010,0.350,0.640
395000,0.010,0.318,0.672
395500,0.010,0.302,0.688
396000,0.010,0.294,0.696
396500,0.019,0.233,0.748
397000,0.011,0.336,0.654
397500,0.010,0.320,0.670
398000,0.010,0.329,0.661
398500,0.010,0.350,0.639
399000,0.010,0.360,0.630
399500,0.010,0.374,0.616
400000,0.010,0.389,0.601
400500,0.010,0.294,0.696
401000,0.010,0.382,0.608
401500,0.010,0.398,0.592
402000,0.010,0.421,0.569
402500,0.010,0.423,0.567
403000,0.010,0.350,0.640
403500,0.010,0.415,0.575
404000,0.010,0.423,0.567
404500,0.010,0.389,0.601
405000,0.010,0.273,0.717
405500,0.010,0.425,0.565
406000,0.010,0.343,0.647
406500,0.010,0.373,0.617
407000,0.010,0.352,0.638
407500,0.010,0.457,0.533
408000,0.010,0.369,0.621
408500,0.010,0.405,0.585
409000,0.010,0.324,0.666
409500,0.010,0.392,0.598
410000,0.010,0.333,0.657
410500,0.010,0.303,0.687
411000,0.010,0.323,0.667
411500,0.010,0.338,0.652
412000,0.010,0.351,0.639
412500,0.010,0.409,0.581
413000,0.010,0.370,0.619
413500,0.010,0.406,0.585
414000,0.010,0.359,0.631
414500,0.010,0.425,0.565
415000,0.010,0.408,0.582
415500,0.010,0.349,0.641
416000,0.010,0.322,0.668
416500,0.010,0.450,0.540
417000,0.010,0.340,0.650
417500,0.014,0.253,0.733
418000,0.011,0.321,0.668
418500,0.010,0.301,0.689
419000,0.010,0.332,0.658
419500,0.010,0.280,0.710
420000,0.010,0.368,0.622
420500,0.010,0.332,0.658
421000,0.010,0.407,0.583
421500,0.010,0.454,0.536
422000,0.010,0.398,0.593
422500,0.010,0.389,0.601
423000,0.010,0.410,0.580
423500,0.010,0.342,0.648
424000,0.010,0.299,0.691
424500,0.010,0.232,0.758
425000,0.010,0.317,0.673
425500,0.010,0.325,0.665
426000,0.010,0.410,0.580
426500,0.010,0.454,0.536
427000,0.010,0.390,0.601
427500,0.010,0.307,0.682
428000,0.010,0.325,0.665
428500,0.010,0.384,0.606
429000,0.010,0.332,0.658
429500,0.010,0.296,0.694
430000,0.010,0.363,0.627
430500,0.010,0.412,0.578
431000,0.010,0.359,0.631
431500,0.010,0.372,0.618
432000,0.010,0.404,0.587
432500,0.010,0.366,0.623
433000,0.010,0.345,0.645
433500,0.010,0.399,0.591
434000,0.010,0.318,0.672
434500,0.016,0.280,0.704
435000,0.011,0.401,0.589
435500,0.010,0.338,0.652
436000,0.010,0.343,0.647
436500,0.010,0.372,0.617
437000,0.010,0.523,0.467
437500,0.010,0.332,0.658
438000,0.010,0.337,0.653
438500,0.010,0.356,0.633
439000,0.010,0.397,0.593
439500,0.010,0.444,0.546
440000,0.010,0.373,0.617
440500,0.010,0.375,0.615
441000,0.010,0.424,0.566
441500,0.010,0.336,0.654
442000,0.010,0.390,0.600
442500,0.010,0.359,0.631
443000,0.010,0.449,0.541
443500,0.010,0.509,0.481
444000,0.010,0.465,0.525
444500,0.010,0.465,0.525
445000,0.010,0.288,0.702
445500,0.010,0.277,0.714
446000,0.010,0.220,0.770
446500,0.011,0.291,0.697
447000,0.010,0.338,0.652
447500,0.010,0.276,0.714
448000,0.010,0.333,0.657
448500,0.010,0.469,0.521
449000,0.010,0.449,0.541
449500,0.010,0.416,0.574
450000,0.010,0.390,0.600
450500,0.010,0.404,0.586
451000,0.010,0.507,0.483
451500,0.010,0.429,0.560
452000,0.010,0.332,0.658
452500,0.010,0.330,0.660
453000,0.010,0.298,0.692
453500,0.010,0.435,0.555
454000,0.010,0.461,0.529
454500,0.010,0.444,0.546
455000,0.010,0.422,0.568
455500,0.010,0.339,0.651
456000,0.010,0.377,0.613
456500,0.010,0.333,0.657
457000,0.010,0.317,0.673
457500,0.010,0.365,0.625
458000,0.010,0.421,0.569
458500,0.010,0.482,0.508
459000,0.010,0.408,0.582
459500,0.010,0.394,0.597
460000,0.010,0.444,0.546
460500,0.010,0.445,0.545
461000,0.010,0.298,0.692
461500,0.010,0.364,0.626
462000,0.010,0.319,0.671
462500,0.010,0.406,0.584
463000,0.010,0.338,0.652
463500,0.010,0.284,0.706
464000,0.010,0.295,0.695
464500,0.010,0.424,0.566
465000,0.010,0.492,0.498
465500,0.010,0.396,0.595
466000,0.010,0.361,0.629
466500,0.018,0.270,0.713
467000,0.011,0.389,0.601
467500,0.011,0.376,0.614
468000,0.010,0.321,0.669
468500,0.010,0.352,0.638
469000,0.010,0.342,0.648
469500,0.010,0.390,0.601
470000,0.010,0.348,0.642
470500,0.010,0.351,0.639
471000,0.010,0.344,0.646
471500,0.010,0.427,0.563
472000,0.010,0.419,0.571
472500,0.010,0.426,0.564
473000,0.010,0.390,0.601
473500,0.010,0.326,0.664
474000,0.010,0.441,0.549
474500,0.010,0.332,0.658
475000,0.010,0.353,0.637
475500,0.010,0.382,0.609
476000,0.010,0.297,0.693
476500,0.010,0.350,0.640
477000,0.010,0.381,0.609
477500,0.010,0.301,0.689
478000,0.010,0.327,0.663
478500,0.010,0.349,0.641
479000,0.010,0.418,0.572
479500,0.010,0.459,0.531
480000,0.010,0.391,0.599
480500,0.010,0.372,0.617
481000,0.010,0.374,0.616
481500,0.010,0.331,0.659
482000,0.010,0.339,0.651
482500,0.010,0.315,0.675
483000,0.010,0.369,0.621
483500,0.010,0.492,0.498
484000,0.010,0.402,0.588
484500,0.010,0.426,0.564
485000,0.010,0.295,0.695
485500,0.010,0.381,0.609
486000,0.010,0.403,0.587
486500,0.010,0.345,0.645
487000,0.010,0.342,0.648
487500,0.010,0.398,0.592
488000,0.010,0.520,0.470
488500,0.010,0.517,0.473
489000,0.010,0.485,0.504
489500,0.010,0.403,0.587
490000,0.010,0.379,0.611
490500,0.010,0.295,0.695
491000,0.010,0.299,0.691
491500,0.010,0.351,0.639
492000,0.010,0.287,0.703
492500,0.010,0.318,0.672
493000,0.010,0.288,0.702
493500,0.010,0.337,0.653
494000,0.010,0.487,0.502
494500,0.010,0.432,0.557
495000,0.010,0.362,0.627
495500,0.010,0.407,0.583
496000,0.010,0.418,0.572
496500,0.010,0.357,0.633
497000,0.010,0.397,0.593
497500,0.010,0.366,0.623
498000,0.010,0.374,0.616
498500,0.010,0.367,0.623
499000,0.010,0.323,0.667
499500,0.010,0.369,0.621
500000,0.010,0.292,0.698
500500,0.010,0.301,0.689
501000,0.010,0.331,0.659
501500,0.015,0.245,0.740
502000,0.010,0.267,0.724
502500,0.010,0.325,0.665
503000,0.010,0.379,0.611
503500,0.010,0.312,0.677
504000,0.010,0.414,0.576
504500,0.010,0.327,0.663
505000,0.010,0.304,0.686
505500,0.010,0.365,0.625
506000,0.010,0.313,0.677
506500,0.010,0.340,0.650
507000,0.010,0.337,0.653
507500,0.011,0.246,0.742
508000,0.010,0.328,0.662
508500,0.010,0.327,0.663
509000,0.010,0.351,0.639
509500,0.010,0.345,0.645
510000,0.010,0.296,0.694
510500,0.010,0.360,0.630
511000,0.010,0.372,0.617
511500,0.010,0.400,0.591
512000,0.010,0.397,0.593
512500,0.010,0.311,0.678
513000,0.010,0.415,0.575
513500,0.010,0.319,0.671
514000,0.010,0.395,0.595
514500,0.010,0.305,0.684
515000,0.010,0.272,0.718
515500,0.010,0.330,0.660
516000,0.010,0.306,0.684
516500,0.010,0.366,0.623
517000,0.010,0.505,0.485
517500,0.010,0.356,0.633
518000,0.010,0.417,0.573
518500,0.010,0.309,0.680
519000,0.010,0.350,0.640
519500,0.010,0.366,0.624
520000,0.010,0.316,0.674
520500,0.010,0.251,0.740
521000,0.010,0.310,0.680
521500,0.010,0.384,0.607
522000,0.010,0.406,0.584
522500,0.010,0.411,0.579
523000,0.010,0.314,0.676
523500,0.010,0.448,0.542
524000,0.010,0.349,0.641
524500,0.010,0.336,0.654
525000,0.010,0.280,0.710
525500,0.010,0.334,0.656
526000,0.010,0.317,0.673
526500,0.010,0.399,0.591
527000,0.010,0.382,0.609
527500,0.010,0.260,0.730
528000,0.010,0.341,0.649
528500,0.010,0.356,0.633
529000,0.010,0.337,0.653
529500,0.012,0.403,0.585
530000,0.010,0.412,0.578
530500,0.010,0.409,0.581
531000,0.010,0.390,0.601
531500,0.010,0.344,0.646
532000,0.010,0.373,0.617
532500,0.010,0.403,0.587
533000,0.010,0.411,0.579
533500,0.010,0.378,0.613
534000,0.010,0.419,0.571
534500,0.010,0.377,0.613
535000,0.010,0.366,0.624
535500,0.010,0.392,0.599
536000,0.010,0.376,0.615
536500,0.010,0.304,0.685
537000,0.010,0.323,0.667
537500,0.010,0.344,0.645
538000,0.010,0.371,0.619
538500,0.010,0.332,0.658
539000,0.010,0.397,0.593
539500,0.010,0.366,0.623
540000,0.010,0.411,0.579
540500,0.010,0.477,0.512
541000,0.010,0.446,0.544
541500,0.010,0.312,0.677
542000,0.010,0.324,0.666
542500,0.010,0.323,0.667
543000,0.010,0.382,0.608
543500,0.010,0.349,0.641
544000,0.010,0.468,0.522
544500,0.010,0.342,0.648
545000,0.010,0.466,0.524
545500,0.010,0.448,0.542
546000,0.010,0.327,0.663
546500,0.010,0.409,0.581
547000,0.010,0.389,0.601
547500,0.010,0.447,0.543
548000,0.010,0.466,0.524
548500,0.010,0.454,0.536
549000,0.010,0.426,0.564
549500,0.010,0.516,0.474
550000,0.010,0.355,0.635
550500,0.010,0.289,0.701
551000,0.010,0.325,0.665
551500,0.010,0.433,0.556
552000,0.010,0.347,0.643
552500,0.010,0.340,0.650
553000,0.010,0.397,0.593
553500,0.010,0.371,0.619
554000,0.010,0.434,0.555
554500,0.010,0.384,0.606
555000,0.010,0.424,0.566
555500,0.010,0.415,0.575
556000,0.010,0.374,0.615
556500,0.010,0.413,0.577
557000,0.010,0.417,0.573
557500,0.010,0.473,0.516
558000,0.010,0.466,0.524
558500,0.010,0.411,0.579
559000,0.010,0.344,0.646
559500,0.010,0.360,0.630
560000,0.010,0.390,0.601
560500,0.010,0.339,0.651
561000,0.010,0.301,0.689
561500,0.010,0.427,0.563
562000,0.010,0.388,0.602
562500,0.010,0.318,0.672
563000,0.010,0.353,0.637
563500,0.010,0.432,0.558
564000,0.010,0.479,0.510
564500,0.010,0.506,0.484
565000,0.010,0.465,0.525
565500,0.010,0.479,0.510
566000,0.010,0.434,0.555
566500,0.010,0.343,0.647
567000,0.010,0.364,0.626
567500,0.010,0.380,0.610
568000,0.010,0.364,0.625
568500,0.010,0.374,0.616
569000,0.010,0.380,0.610
569500,0.010,0.395,0.595
570000,0.010,0.346,0.644
570500,0.010,0.476,0.514
571000,0.010,0.440,0.550
571500,0.010,0.384,0.606
572000,0.010,0.404,0.586
572500,0.010,0.351,0.639
573000,0.010,0.353,0.637
573500,0.010,0.349,0.641
574000,0.010,0.288,0.702
574500,0.010,0.321,0.669
575000,0.010,0.341,0.649
575500,0.010,0.321,0.669
576000,0.010,0.410,0.580
576500,0.010,0.436,0.553
577000,0.010,0.348,0.641
577500,0.010,0.361,0.629
578000,0.010,0.331,0.659
578500,0.010,0.481,0.509
579000,0.010,0.414,0.576
579500,0.010,0.378,0.612
580000,0.010,0.350,0.639
580500,0.010,0.394,0.596
581000,0.010,0.350,0.640
581500,0.010,0.387,0.603
582000,0.010,0.406,0.585
582500,0.010,0.343,0.647
583000,0.010,0.324,0.666
583500,0.010,0.308,0.681
584000,0.010,0.304,0.685
584500,0.011,0.313,0.675
585000,0.010,0.315,0.675
585500,0.010,0.393,0.597
586000,0.010,0.434,0.556
586500,0.010,0.319,0.671
587000,0.010,0.341,0.649
587500,0.010,0.386,0.604
588000,0.010,0.346,0.644
588500,0.010,0.339,0.651
589000,0.010,0.408,0.582
589500,0.010,0.357,0.633
590000,0.010,0.369,0.621
590500,0.010,0.397,0.593
591000,0.010,0.353,0.637
591500,0.010,0.247,0.742
592000,0.010,0.367,0.623
592500,0.010,0.371,0.619
593000,0.010,0.405,0.585
593500,0.010,0.467,0.523
594000,0.010,0.382,0.609
594500,0.010,0.373,0.617
595000,0.010,0.430,0.559
595500,0.010,0.414,0.576
596000,0.010,0.425,0.565
596500,0.010,0.324,0.666
597000,0.010,0.349,0.641
597500,0.010,0.343,0.647
598000,0.010,0.325,0.665
598500,0.010,0.316,0.674
599000,0.010,0.342,0.648
599500,0.010,0.379,0.611
600000,0.015,0.277,0.709
600500,0.010,0.500,0.490
601000,0.010,0.441,0.549
601500,0.010,0.469,0.521
602000,0.010,0.436,0.554
602500,0.010,0.343,0.647
603000,0.010,0.388,0.603
603500,0.010,0.450,0.540
604000,0.010,0.397,0.593
604500,0.010,0.310,0.680
605000,0.010,0.352,0.637
605500,0.010,0.447,0.543
606000,0.010,0.507,0.483
606500,0.010,0.432,0.557
607000,0.010,0.376,0.614
607500,0.010,0.310,0.679
608000,0.010,0.358,0.631
608500,0.010,0.420,0.570
609000,0.010,0.447,0.543
609500,0.010,0.442,0.548
610000,0.010,0.354,0.635
610500,0.010,0.319,0.671
611000,0.010,0.348,0.642
611500,0.010,0.312,0.678
612000,0.010,0.309,0.681
612500,0.010,0.330,0.660
613000,0.010,0.383,0.607
613500,0.010,0.412,0.578
614000,0.010,0.370,0.619
614500,0.010,0.410,0.580
615000,0.010,0.366,0.624
615500,0.010,0.402,0.588
616000,0.010,0.378,0.612
616500,0.010,0.369,0.621
617000,0.010,0.344,0.646
617500,0.010,0.372,0.617
618000,0.010,0.390,0.601
618500,0.010,0.404,0.586
619000,0.010,0.411,0.579
619500,0.010,0.386,0.605
620000,0.010,0.454,0.536
620500,0.010,0.471,0.518
621000,0.010,0.361,0.629
621500,0.010,0.367,0.623
622000,0.010,0.407,0.583
622500,0.010,0.351,0.639
623000,0.010,0.383,0.607
623500,0.010,0.372,0.617
624000,0.010,0.323,0.667
624500,0.010,0.299,0.691
625000,0.010,0.292,0.698
625500,0.010,0.361,0.629
626000,0.010,0.332,0.658
626500,0.010,0.388,0.602
627000,0.010,0.398,0.593
627500,0.010,0.395,0.595
628000,0.010,0.395,0.595
628500,0.010,0.419,0.571
629000,0.010,0.386,0.605
629500,0.010,0.484,0.506
630000,0.010,0.421,0.569
630500,0.010,0.379,0.611
631000,0.010,0.312,0.677
631500,0.010,0.301,0.689
632000,0.010,0.419,0.571
632500,0.010,0.380,0.610
633000,0.010,0.404,0.587
633500,0.010,0.383,0.607
634000,0.010,0.333,0.657
634500,0.010,0.326,0.664
635000,0.010,0.363,0.627
635500,0.010,0.324,0.666
636000,0.010,0.323,0.667
636500,0.010,0.365,0.625
637000,0.010,0.412,0.578
637500,0.010,0.382,0.608
638000,0.010,0.427,0.563
638500,0.010,0.322,0.668
639000,0.010,0.347,0.643
639500,0.010,0.322,0.668
640000,0.010,0.382,0.608
640500,0.010,0.454,0.536
641000,0.010,0.305,0.685
641500,0.010,0.419,0.571
642000,0.010,0.475,0.515
642500,0.010,0.330,0.660
643000,0.010,0.327,0.663
643500,0.010,0.386,0.604
644000,0.010,0.350,0.640
644500,0.010,0.402,0.588
645000,0.010,0.447,0.543
645500,0.010,0.450,0.540
646000,0.010,0.474,0.516
646500,0.010,0.417,0.573
647000,0.010,0.344,0.646
647500,0.010,0.297,0.693
648000,0.010,0.344,0.646
648500,0.010,0.419,0.571
649000,0.010,0.311,0.679
649500,0.010,0.324,0.666
650000,0.010,0.333,0.657
650500,0.010,0.337,0.653
651000,0.010,0.339,0.651
651500,0.010,0.414,0.576
652000,0.010,0.406,0.585
652500,0.010,0.386,0.604
653000,0.010,0.312,0.678
653500,0.010,0.392,0.598
654000,0.010,0.339,0.651
654500,0.010,0.434,0.555
655000,0.010,0.401,0.589
655500,0.010,0.433,0.556
656000,0.010,0.377,0.613
656500,0.010,0.438,0.552
657000,0.010,0.355,0.635
657500,0.010,0.416,0.574
658000,0.010,0.358,0.632
658500,0.010,0.331,0.659
659000,0.010,0.402,0.589
659500,0.010,0.375,0.615
660000,0.010,0.340,0.650
660500,0.010,0.413,0.577
661000,0.010,0.340,0.650
661500,0.010,0.317,0.673
662000,0.010,0.277,0.714
662500,0.010,0.450,0.540
663000,0.010,0.448,0.542
663500,0.010,0.461,0.529
664000,0.010,0.391,0.599
664500,0.010,0.360,0.629
665000,0.010,0.383,0.607
665500,0.010,0.325,0.665
666000,0.010,0.379,0.611
666500,0.010,0.443,0.547
667000,0.010,0.432,0.557
667500,0.010,0.388,0.602
668000,0.010,0.400,0.590
668500,0.010,0.406,0.585
669000,0.010,0.438,0.552
669500,0.010,0.367,0.623
670000,0.010,0.361,0.629
670500,0.010,0.326,0.664
671000,0.010,0.324,0.666
671500,0.010,0.386,0.604
672000,0.010,0.319,0.671
672500,0.010,0.415,0.575
673000,0.010,0.457,0.533
673500,0.010,0.352,0.637
674000,0.010,0.382,0.609
674500,0.010,0.293,0.697
675000,0.010,0.362,0.627
675500,0.010,0.399,0.591
676000,0.010,0.387,0.603
676500,0.010,0.514,0.476
677000,0.010,0.404,0.586
677500,0.010,0.397,0.593
678000,0.010,0.413,0.577
678500,0.010,0.344,0.645
679000,0.010,0.360,0.630
679500,0.010,0.288,0.702
680000,0.010,0.379,0.611
680500,0.010,0.361,0.629
681000,0.010,0.386,0.605
681500,0.010,0.289,0.701
682000,0.010,0.281,0.709
682500,0.010,0.339,0.651
683000,0.010,0.366,0.623
683500,0.010,0.385,0.605
684000,0.010,0.490,0.499
684500,0.010,0.385,0.605
685000,0.010,0.268,0.722
685500,0.010,0.310,0.679
686000,0.010,0.352,0.637
686500,0.010,0.334,0.656
687000,0.010,0.403,0.587
687500,0.010,0.346,0.643
688000,0.010,0.407,0.583
688500,0.010,0.306,0.683
689000,0.010,0.297,0.693
689500,0.010,0.392,0.598
690000,0.010,0.340,0.650
690500,0.010,0.298,0.692
691000,0.010,0.295,0.695
691500,0.010,0.383,0.607
692000,0.010,0.423,0.567
692500,0.010,0.450,0.540
693000,0.010,0.394,0.596
693500,0.010,0.395,0.595
694000,0.010,0.430,0.559
694500,0.010,0.349,0.641
695000,0.010,0.299,0.691
695500,0.010,0.328,0.662
696000,0.010,0.387,0.603
696500,0.010,0.471,0.519
697000,0.010,0.430,0.560
697500,0.010,0.312,0.677
698000,0.010,0.350,0.640
698500,0.010,0.318,0.672
699000,0.010,0.314,0.676
699500,0.010,0.411,0.579
700000,0.017,0.293,0.690
700500,0.010,0.360,0.629
701000,0.010,0.290,0.700
701500,0.010,0.457,0.533
702000,0.010,0.423,0.567
702500,0.010,0.344,0.645
703000,0.010,0.371,0.619
703500,0.010,0.368,0.621
704000,0.010,0.362,0.628
704500,0.010,0.407,0.583
705000,0.010,0.365,0.625
705500,0.010,0.361,0.629
706000,0.010,0.347,0.643
706500,0.010,0.386,0.604
707000,0.010,0.334,0.656
707500,0.010,0.377,0.613
708000,0.010,0.453,0.537
708500,0.010,0.363,0.627
709000,0.010,0.477,0.512
709500,0.010,0.484,0.506
710000,0.010,0.407,0.583
710500,0.010,0.406,0.584
711000,0.010,0.396,0.595
711500,0.010,0.376,0.614
712000,0.010,0.344,0.645
712500,0.010,0.386,0.605
713000,0.010,0.385,0.605
713500,0.010,0.405,0.585
714000,0.010,0.338,0.652
714500,0.010,0.349,0.641
715000,0.010,0.240,0.750
715500,0.010,0.358,0.632
716000,0.010,0.288,0.702
716500,0.010,0.340,0.650
717000,0.010,0.406,0.584
717500,0.010,0.416,0.574
718000,0.010,0.406,0.584
718500,0.010,0.448,0.542
719000,0.010,0.409,0.581
719500,0.010,0.421,0.569
720000,0.010,0.439,0.551
720500,0.010,0.389,0.601
721000,0.010,0.436,0.554
721500,0.010,0.473,0.516
722000,0.010,0.477,0.512
722500,0.010,0.433,0.557
723000,0.010,0.464,0.526
723500,0.010,0.363,0.627
724000,0.010,0.391,0.599
724500,0.010,0.390,0.600
725000,0.010,0.340,0.650
725500,0.010,0.392,0.599
726000,0.010,0.428,0.562
726500,0.010,0.411,0.579
727000,0.010,0.429,0.560
727500,0.010,0.414,0.576
728000,0.010,0.376,0.615
728500,0.010,0.371,0.619
729000,0.010,0.403,0.587
729500,0.010,0.377,0.613
730000,0.010,0.399,0.591
730500,0.010,0.361,0.629
731000,0.010,0.404,0.587
731500,0.010,0.399,0.591
732000,0.010,0.269,0.722
732500,0.011,0.290,0.700
733000,0.010,0.440,0.550
733500,0.010,0.433,0.557
734000,0.010,0.395,0.595
734500,0.010,0.446,0.544
735000,0.010,0.405,0.585
735500,0.010,0.435,0.554
736000,0.010,0.489,0.500
736500,0.010,0.432,0.557
737000,0.010,0.331,0.659
737500,0.010,0.376,0.615
738000,0.010,0.320,0.670
738500,0.010,0.362,0.628
739000,0.010,0.347,0.643
739500,0.010,0.405,0.585
740000,0.010,0.329,0.661
740500,0.010,0.390,0.601
741000,0.010,0.369,0.621
741500,0.010,0.400,0.590
742000,0.010,0.358,0.632
742500,0.010,0.356,0.633
743000,0.010,0.379,0.611
743500,0.010,0.303,0.686
744000,0.010,0.338,0.652
744500,0.010,0.399,0.591
745000,0.010,0.293,0.697
745500,0.010,0.346,0.643
746000,0.010,0.382,0.608
746500,0.010,0.257,0.734
747000,0.010,0.379,0.611
747500,0.010,0.331,0.659
748000,0.010,0.263,0.728
748500,0.010,0.382,0.608
749000,0.010,0.315,0.675
749500,0.010,0.283,0.707
750000,0.010,0.327,0.663
750500,0.010,0.399,0.591
751000,0.010,0.359,0.631
751500,0.010,0.413,0.577
752000,0.010,0.380,0.610
752500,0.010,0.384,0.607
753000,0.010,0.348,0.641
753500,0.010,0.372,0.618
754000,0.010,0.276,0.714
754500,0.010,0.315,0.675
755000,0.010,0.290,0.700
755500,0.010,0.355,0.635
756000,0.010,0.414,0.576
756500,0.010,0.295,0.695
757000,0.010,0.374,0.616
757500,0.010,0.424,0.566
758000,0.010,0.415,0.575
758500,0.013,0.342,0.645
759000,0.011,0.349,0.640
759500,0.010,0.358,0.632
760000,0.010,0.347,0.643
760500,0.010,0.370,0.619
761000,0.010,0.399,0.591
761500,0.010,0.344,0.646
762000,0.010,0.321,0.669
762500,0.010,0.369,0.621
763000,0.010,0.324,0.666
763500,0.010,0.393,0.597
764000,0.010,0.415,0.575
764500,0.010,0.349,0.641
765000,0.010,0.382,0.609
765500,0.010,0.352,0.637
766000,0.010,0.319,0.671
766500,0.010,0.271,0.719
767000,0.010,0.418,0.572
767500,0.010,0.534,0.456
768000,0.010,0.323,0.667
768500,0.010,0.346,0.644
769000,0.010,0.324,0.666
769500,0.010,0.386,0.605
770000,0.010,0.377,0.613
770500,0.010,0.492,0.498
771000,0.010,0.410,0.580
771500,0.010,0.337,0.653
772000,0.010,0.377,0.613
772500,0.010,0.459,0.531
773000,0.010,0.379,0.611
773500,0.010,0.397,0.593
774000,0.010,0.322,0.668
774500,0.015,0.314,0.671
775000,0.011,0.296,0.693
775500,0.010,0.419,0.571
776000,0.010,0.437,0.553
776500,0.010,0.337,0.653
777000,0.010,0.418,0.572
777500,0.010,0.403,0.587
778000,0.010,0.344,0.646
778500,0.010,0.357,0.633
779000,0.010,0.305,0.685
779500,0.010,0.265,0.725
780000,0.010,0.309,0.680
780500,0.010,0.293,0.697
781000,0.010,0.291,0.699
781500,0.010,0.326,0.664
782000,0.010,0.389,0.601
782500,0.010,0.321,0.669
783000,0.010,0.308,0.681
783500,0.010,0.377,0.613
784000,0.010,0.385,0.605
784500,0.010,0.363,0.627
785000,0.010,0.340,0.650
785500,0.010,0.360,0.630
786000,0.010,0.402,0.588
786500,0.010,0.401,0.589
787000,0.010,0.443,0.547
787500,0.010,0.385,0.605
788000,0.010,0.386,0.604
788500,0.010,0.320,0.670
789000,0.010,0.335,0.655
789500,0.010,0.415,0.575
790000,0.010,0.351,0.639
790500,0.010,0.310,0.679
791000,0.010,0.318,0.672
791500,0.010,0.436,0.554
792000,0.010,0.395,0.595
792500,0.010,0.314,0.676
793000,0.010,0.328,0.662
793500,0.010,0.393,0.597
794000,0.010,0.396,0.594
794500,0.010,0.418,0.572
795000,0.010,0.350,0.639
795500,0.010,0.329,0.661
796000,0.010,0.380,0.610
796500,0.010,0.382,0.609
797000,0.010,0.386,0.604
797500,0.010,0.411,0.579
798000,0.010,0.345,0.645
798500,0.010,0.324,0.666
799000,0.010,0.385,0.605
799500,0.010,0.343,0.647
800000,0.010,0.413,0.577
800500,0.010,0.428,0.562
801000,0.010,0.341,0.649
801500,0.010,0.432,0.558
802000,0.010,0.375,0.615
802500,0.014,0.299,0.687
803000,0.010,0.356,0.634
803500,0.010,0.310,0.680
804000,0.010,0.367,0.623
804500,0.010,0.242,0.748
805000,0.010,0.282,0.708
805500,0.010,0.331,0.659
806000,0.010,0.279,0.711
806500,0.010,0.253,0.738
807000,0.010,0.344,0.646
807500,0.010,0.326,0.664
808000,0.010,0.311,0.678
808500,0.010,0.391,0.599
809000,0.010,0.467,0.523
809500,0.010,0.484,0.506
810000,0.010,0.408,0.582
810500,0.010,0.347,0.643
811000,0.010,0.363,0.627
811500,0.010,0.312,0.678
812000,0.010,0.283,0.707
812500,0.010,0.370,0.620
813000,0.010,0.401,0.589
813500,0.010,0.259,0.731
814000,0.010,0.254,0.736
814500,0.010,0.291,0.699
815000,0.010,0.355,0.635
815500,0.010,0.378,0.612
816000,0.010,0.416,0.574
816500,0.010,0.428,0.562
817000,0.010,0.387,0.603
817500,0.010,0.438,0.552
818000,0.010,0.422,0.568
818500,0.010,0.430,0.559
819000,0.010,0.356,0.633
819500,0.010,0.373,0.617
820000,0.010,0.423,0.567
820500,0.010,0.384,0.607
821000,0.010,0.348,0.642
821500,0.010,0.413,0.577
822000,0.010,0.367,0.623
822500,0.010,0.285,0.705
823000,0.010,0.340,0.650
823500,0.010,0.454,0.536
824000,0.010,0.435,0.555
824500,0.010,0.406,0.584
825000,0.010,0.385,0.605
825500,0.010,0.354,0.636
826000,0.010,0.421,0.569
826500,0.010,0.416,0.574
827000,0.010,0.372,0.618
827500,0.010,0.449,0.541
828000,0.010,0.465,0.525
828500,0.010,0.461,0.529
829000,0.010,0.354,0.635
829500,0.010,0.319,0.671
830000,0.010,0.396,0.595
830500,0.010,0.380,0.611
831000,0.010,0.372,0.617
831500,0.010,0.398,0.592
832000,0.010,0.369,0.621
832500,0.010,0.304,0.686
833000,0.010,0.381,0.609
833500,0.010,0.333,0.657
834000,0.010,0.266,0.724
834500,0.010,0.277,0.714
835000,0.010,0.252,0.738
835500,0.010,0.331,0.659
836000,0.010,0.356,0.633
836500,0.010,0.390,0.600
837000,0.010,0.447,0.543
837500,0.010,0.353,0.637
838000,0.010,0.344,0.646
838500,0.010,0.404,0.586
839000,0.010,0.367,0.623
839500,0.010,0.360,0.630
840000,0.010,0.308,0.682
840500,0.010,0.380,0.610
841000,0.010,0.361,0.629
841500,0.010,0.347,0.643
842000,0.010,0.446,0.544
842500,0.010,0.297,0.693
843000,0.010,0.358,0.632
843500,0.010,0.364,0.625
844000,0.010,0.331,0.659
844500,0.010,0.304,0.685
845000,0.010,0.391,0.599
845500,0.010,0.433,0.556
846000,0.010,0.386,0.604
846500,0.010,0.367,0.623
847000,0.010,0.349,0.641
847500,0.010,0.328,0.662
848000,0.010,0.340,0.650
848500,0.010,0.381,0.609
849000,0.010,0.383,0.607
849500,0.010,0.416,0.574
850000,0.010,0.460,0.530
850500,0.010,0.448,0.542
851000,0.010,0.482,0.508
851500,0.010,0.461,0.529
852000,0.010,0.466,0.524
852500,0.010,0.363,0.627
853000,0.010,0.458,0.532
853500,0.010,0.430,0.559
854000,0.010,0.384,0.607
854500,0.010,0.308,0.681
855000,0.010,0.374,0.615
855500,0.010,0.407,0.583
856000,0.010,0.243,0.746
856500,0.010,0.276,0.714
857000,0.010,0.381,0.609
857500,0.010,0.426,0.564
858000,0.010,0.373,0.617
858500,0.010,0.500,0.490
859000,0.010,0.369,0.621
859500,0.010,0.368,0.622
860000,0.010,0.314,0.676
860500,0.010,0.372,0.617
861000,0.010,0.348,0.642
861500,0.010,0.318,0.672
862000,0.010,0.327,0.663
862500,0.010,0.357,0.633
863000,0.010,0.357,0.633
863500,0.010,0.381,0.609
864000,0.010,0.326,0.664
864500,0.010,0.444,0.546
865000,0.010,0.417,0.573
865500,0.010,0.358,0.632
866000,0.010,0.414,0.576
866500,0.010,0.492,0.497
867000,0.010,0.401,0.589
867500,0.010,0.328,0.662
868000,0.010,0.387,0.603
868500,0.010,0.393,0.597
869000,0.010,0.307,0.682
869500,0.010,0.365,0.625
870000,0.010,0.339,0.651
870500,0.010,0.376,0.614
871000,0.010,0.383,0.607
871500,0.010,0.366,0.623
872000,0.010,0.346,0.644
872500,0.010,0.476,0.514
873000,0.010,0.380,0.610
873500,0.010,0.382,0.609
874000,0.010,0.391,0.599
874500,0.010,0.362,0.628
875000,0.010,0.362,0.628
875500,0.010,0.381,0.609
876000,0.010,0.376,0.614
876500,0.010,0.420,0.570
877000,0.010,0.467,0.523
877500,0.010,0.433,0.557
878000,0.010,0.417,0.573
878500,0.010,0.416,0.574
879000,0.010,0.421,0.569
879500,0.010,0.380,0.610
880000,0.010,0.378,0.612
880500,0.010,0.343,0.647
881000,0.010,0.364,0.626
881500,0.010,0.287,0.703
882000,0.010,0.317,0.673
882500,0.010,0.321,0.669
883000,0.010,0.328,0.662
883500,0.010,0.327,0.663
884000,0.010,0.258,0.732
884500,0.010,0.348,0.642
885000,0.010,0.253,0.738
885500,0.010,0.289,0.701
886000,0.011,0.385,0.604
886500,0.010,0.422,0.568
887000,0.010,0.402,0.588
887500,0.010,0.388,0.603
888000,0.010,0.335,0.655
888500,0.010,0.295,0.695
889000,0.010,0.310,0.680
889500,0.010,0.315,0.675
890000,0.010,0.357,0.633
890500,0.010,0.395,0.595
891000,0.010,0.370,0.619
891500,0.010,0.428,0.561
892000,0.010,0.413,0.577
892500,0.010,0.440,0.550
893000,0.010,0.412,0.578
893500,0.010,0.339,0.651
894000,0.010,0.266,0.724
894500,0.010,0.343,0.647
895000,0.010,0.310,0.679
895500,0.010,0.456,0.534
896000,0.010,0.390,0.601
896500,0.010,0.425,0.565
897000,0.010,0.437,0.553
897500,0.010,0.399,0.591
898000,0.010,0.365,0.625
898500,0.010,0.414,0.576
899000,0.010,0.443,0.547
899500,0.010,0.499,0.490
900000,0.010,0.434,0.555
900500,0.010,0.414,0.576
901000,0.010,0.311,0.678
901500,0.010,0.451,0.539
902000,0.010,0.379,0.611
902500,0.010,0.410,0.580
903000,0.010,0.344,0.646
903500,0.010,0.309,0.681
904000,0.010,0.399,0.591
904500,0.010,0.327,0.663
905000,0.010,0.302,0.688
905500,0.010,0.307,0.683
906000,0.010,0.318,0.672
906500,0.010,0.418,0.572
907000,0.010,0.401,0.589
907500,0.010,0.403,0.587
908000,0.010,0.368,0.621
908500,0.010,0.340,0.650
909000,0.010,0.387,0.603
909500,0.010,0.320,0.670
910000,0.010,0.314,0.676
910500,0.010,0.347,0.643
911000,0.010,0.367,0.623
911500,0.010,0.368,0.622
912000,0.010,0.340,0.650
912500,0.010,0.356,0.633
913000,0.010,0.348,0.642
913500,0.010,0.342,0.648
914000,0.010,0.401,0.589
914500,0.010,0.387,0.603
915000,0.010,0.366,0.623
915500,0.010,0.320,0.670
916000,0.010,0.347,0.643
916500,0.010,0.322,0.668
917000,0.010,0.400,0.590
917500,0.010,0.361,0.629
918000,0.010,0.361,0.629
918500,0.010,0.289,0.701
919000,0.010,0.302,0.688
919500,0.010,0.423,0.567
920000,0.010,0.297,0.693
920500,0.010,0.363,0.627
921000,0.010,0.293,0.697
921500,0.010,0.404,0.586
922000,0.010,0.344,0.645
922500,0.010,0.381,0.609
923000,0.010,0.399,0.591
923500,0.010,0.457,0.533
924000,0.010,0.330,0.660
924500,0.010,0.388,0.603
925000,0.010,0.360,0.629
925500,0.010,0.335,0.655
926000,0.010,0.420,0.570
926500,0.010,0.417,0.573
927000,0.010,0.360,0.630
927500,0.010,0.364,0.626
928000,0.010,0.456,0.534
928500,0.010,0.367,0.623
929000,0.010,0.271,0.719
929500,0.010,0.352,0.637
930000,0.010,0.333,0.657
930500,0.010,0.330,0.660
931000,0.010,0.328,0.662
931500,0.010,0.342,0.648
932000,0.010,0.325,0.665
932500,0.010,0.421,0.569
933000,0.010,0.356,0.633
933500,0.010,0.413,0.577
934000,0.010,0.310,0.680
934500,0.010,0.330,0.660
935000,0.010,0.295,0.695
935500,0.010,0.352,0.637
936000,0.010,0.424,0.566
936500,0.010,0.389,0.601
937000,0.010,0.306,0.684
937500,0.010,0.407,0.583
938000,0.010,0.321,0.669
938500,0.010,0.313,0.677
939000,0.010,0.291,0.699
939500,0.010,0.388,0.602
940000,0.010,0.390,0.601
940500,0.010,0.369,0.621
941000,0.010,0.398,0.593
941500,0.010,0.361,0.629
942000,0.010,0.350,0.640
942500,0.010,0.317,0.673
943000,0.010,0.334,0.656
943500,0.010,0.406,0.585
944000,0.010,0.428,0.562
944500,0.010,0.368,0.622
945000,0.015,0.364,0.621
945500,0.011,0.337,0.653
946000,0.010,0.322,0.668
946500,0.010,0.396,0.594
947000,0.010,0.398,0.593
947500,0.010,0.405,0.585
948000,0.010,0.400,0.591
948500,0.010,0.424,0.566
949000,0.010,0.401,0.589
949500,0.010,0.414,0.576
950000,0.010,0.316,0.674
950500,0.010,0.363,0.627
951000,0.010,0.368,0.622
951500,0.010,0.455,0.535
952000,0.010,0.375,0.615
952500,0.010,0.344,0.646
953000,0.010,0.262,0.728
953500,0.010,0.296,0.694
954000,0.010,0.290,0.700
954500,0.010,0.350,0.639
955000,0.010,0.314,0.676
955500,0.010,0.356,0.633
956000,0.010,0.407,0.583
956500,0.010,0.370,0.619
957000,0.010,0.339,0.651
957500,0.010,0.411,0.579
958000,0.010,0.361,0.629
958500,0.010,0.449,0.541
959000,0.010,0.399,0.591
959500,0.010,0.376,0.615
960000,0.010,0.446,0.544
960500,0.010,0.441,0.549
961000,0.010,0.421,0.569
961500,0.010,0.492,0.498
962000,0.010,0.428,0.562
962500,0.010,0.411,0.579
963000,0.010,0.447,0.543
963500,0.010,0.459,0.531
964000,0.010,0.355,0.635
964500,0.010,0.370,0.619
965000,0.010,0.352,0.637
965500,0.010,0.339,0.651
966000,0.010,0.414,0.576
966500,0.010,0.356,0.634
967000,0.010,0.316,0.674
967500,0.010,0.175,0.815
968000,0.010,0.297,0.693
968500,0.010,0.337,0.653
969000,0.010,0.343,0.647
969500,0.010,0.469,0.520
970000,0.010,0.413,0.577
970500,0.010,0.366,0.624
971000,0.010,0.303,0.686
971500,0.010,0.359,0.631
972000,0.010,0.386,0.604
972500,0.010,0.404,0.586
973000,0.010,0.363,0.627
973500,0.010,0.328,0.662
974000,0.010,0.403,0.587
974500,0.010,0.374,0.615
975000,0.010,0.344,0.646
975500,0.010,0.345,0.645
976000,0.010,0.311,0.678
976500,0.010,0.356,0.633
977000,0.010,0.420,0.570
977500,0.010,0.394,0.597
978000,0.010,0.420,0.570
978500,0.010,0.453,0.537
979000,0.010,0.309,0.680
979500,0.010,0.341,0.649
980000,0.010,0.347,0.643
980500,0.010,0.357,0.633
981000,0.010,0.417,0.573
981500,0.010,0.364,0.625
982000,0.010,0.314,0.676
982500,0.010,0.334,0.656
983000,0.010,0.326,0.664
983500,0.010,0.276,0.714
984000,0.010,0.348,0.641
984500,0.010,0.363,0.627
985000,0.010,0.307,0.683
985500,0.010,0.436,0.553
986000,0.010,0.352,0.638
986500,0.010,0.405,0.585
987000,0.010,0.396,0.595
987500,0.010,0.404,0.587
988000,0.010,0.372,0.618
988500,0.010,0.462,0.528
989000,0.010,0.317,0.673
989500,0.010,0.415,0.575
990000,0.010,0.388,0.602
990500,0.010,0.407,0.583
991000,0.010,0.408,0.582
991500,0.010,0.307,0.682
992000,0.010,0.291,0.699
992500,0.010,0.379,0.611
993000,0.010,0.318,0.672
993500,0.010,0.301,0.689
994000,0.010,0.356,0.633
994500,0.010,0.391,0.599
995000,0.010,0.441,0.549
995500,0.010,0.354,0.636
996000,0.010,0.438,0.552
996500,0.010,0.466,0.524
997000,0.010,0.318,0.672
997500,0.010,0.344,0.646
998000,0.010,0.426,0.564
998500,0.010,0.482,0.508
999000,0.010,0.435,0.555
999500,0.010,0.342,0.648
1000000,0.010,0.283,0.707
