time,n_A+p,n_B,n_AB,avg_entropy_simp
500,0.030,0.878,0.092,0.386474
1000,0.032,0.706,0.262,0.516824
1500,0.032,0.565,0.403,0.475801
2000,0.036,0.470,0.494,0.433564
2500,0.038,0.384,0.579,0.410828
3000,0.040,0.313,0.647,0.375567
3500,0.057,0.251,0.692,0.401090
4000,0.054,0.201,0.745,0.275496
4500,0.052,0.185,0.763,0.262012
5000,0.055,0.165,0.780,0.304944
5500,0.061,0.143,0.796,0.281902
6000,0.075,0.118,0.807,0.272948
6500,0.069,0.113,0.818,0.256884
7000,0.069,0.104,0.828,0.216420
7500,0.070,0.094,0.836,0.264832
8000,0.060,0.099,0.841,0.283658
8500,0.061,0.084,0.855,0.265939
9000,0.049,0.086,0.864,0.210779
9500,0.070,0.073,0.857,0.262655
10000,0.073,0.077,0.850,0.274613
10500,0.062,0.075,0.864,0.248498
11000,0.065,0.080,0.855,0.281456
11500,0.077,0.069,0.853,0.254514
12000,0.083,0.068,0.850,0.308596
12500,0.076,0.080,0.845,0.312288
13000,0.073,0.066,0.861,0.279566
13500,0.069,0.064,0.867,0.266571
14000,0.084,0.048,0.868,0.266053
14500,0.113,0.044,0.843,0.314200
15000,0.111,0.042,0.847,0.274674
15500,0.084,0.037,0.879,0.272860
16000,0.084,0.035,0.881,0.246731
16500,0.091,0.034,0.875,0.245797
17000,0.102,0.042,0.856,0.296402
17500,0.084,0.037,0.878,0.243557
18000,0.121,0.029,0.850,0.334887
18500,0.091,0.030,0.880,0.287346
19000,0.089,0.032,0.879,0.268564
19500,0.072,0.041,0.886,0.242584
20000,0.075,0.033,0.892,0.253959
20500,0.061,0.047,0.892,0.245390
21000,0.079,0.042,0.879,0.238697
21500,0.079,0.042,0.880,0.259934
22000,0.074,0.052,0.874,0.342792
22500,0.078,0.033,0.889,0.238188
23000,0.070,0.029,0.900,0.204392
23500,0.111,0.024,0.865,0.327801
24000,0.098,0.028,0.874,0.239575
24500,0.075,0.029,0.897,0.222795
25000,0.072,0.031,0.897,0.245109
25500,0.086,0.039,0.875,0.319391
26000,0.114,0.026,0.860,0.343752
26500,0.103,0.036,0.861,0.303797
27000,0.115,0.027,0.857,0.298850
27500,0.084,0.024,0.891,0.215812
28000,0.073,0.027,0.900,0.219911
28500,0.068,0.045,0.886,0.256005
29000,0.073,0.035,0.892,0.267650
29500,0.084,0.038,0.878,0.289511
30000,0.084,0.048,0.868,0.286669
30500,0.077,0.041,0.882,0.245884
31000,0.079,0.032,0.889,0.246945
31500,0.086,0.036,0.878,0.261238
32000,0.072,0.026,0.902,0.208419
32500,0.091,0.042,0.866,0.323984
33000,0.073,0.040,0.888,0.205948
33500,0.075,0.037,0.888,0.228069
34000,0.089,0.037,0.874,0.294648
34500,0.070,0.024,0.906,0.208150
35000,0.079,0.027,0.894,0.225759
35500,0.115,0.029,0.856,0.309590
36000,0.090,0.021,0.889,0.242513
36500,0.081,0.030,0.889,0.271989
37000,0.093,0.050,0.857,0.374068
37500,0.069,0.040,0.892,0.208925
38000,0.068,0.050,0.882,0.260017
38500,0.072,0.040,0.889,0.236837
39000,0.088,0.038,0.873,0.274095
39500,0.084,0.040,0.877,0.252955
40000,0.087,0.039,0.874,0.263582
40500,0.085,0.036,0.880,0.250006
41000,0.097,0.022,0.882,0.217281
41500,0.088,0.039,0.873,0.260295
42000,0.095,0.041,0.864,0.313258
42500,0.101,0.045,0.854,0.313872
43000,0.098,0.039,0.863,0.293110
43500,0.097,0.021,0.882,0.253897
44000,0.122,0.023,0.856,0.302369
44500,0.120,0.020,0.860,0.329979
45000,0.119,0.023,0.858,0.314532
45500,0.138,0.035,0.827,0.347492
46000,0.114,0.027,0.859,0.307553
46500,0.092,0.036,0.872,0.317246
47000,0.080,0.047,0.873,0.277538
47500,0.081,0.038,0.881,0.288865
48000,0.071,0.029,0.900,0.243879
48500,0.077,0.046,0.877,0.296390
49000,0.082,0.038,0.880,0.238014
49500,0.076,0.047,0.877,0.272287
50000,0.096,0.053,0.851,0.323079
50500,0.058,0.042,0.899,0.206844
51000,0.081,0.031,0.887,0.245821
51500,0.076,0.037,0.887,0.279442
52000,0.070,0.036,0.893,0.212832
52500,0.073,0.026,0.901,0.207708
53000,0.095,0.046,0.859,0.306703
53500,0.086,0.042,0.872,0.323024
54000,0.092,0.036,0.872,0.327655
54500,0.101,0.040,0.859,0.306563
55000,0.104,0.026,0.870,0.272168
55500,0.066,0.043,0.891,0.252986
56000,0.073,0.052,0.875,0.263270
56500,0.072,0.046,0.882,0.242319
57000,0.090,0.047,0.863,0.335247
57500,0.089,0.032,0.879,0.243066
58000,0.080,0.049,0.871,0.257781
58500,0.082,0.041,0.877,0.313338
59000,0.077,0.030,0.893,0.245330
59500,0.087,0.034,0.879,0.284505
60000,0.130,0.022,0.848,0.311692
60500,0.117,0.017,0.866,0.305384
61000,0.103,0.023,0.874,0.257719
61500,0.107,0.019,0.875,0.253993
62000,0.086,0.020,0.895,0.176163
62500,0.081,0.027,0.892,0.217297
63000,0.080,0.027,0.892,0.231713
63500,0.092,0.027,0.881,0.251674
64000,0.098,0.020,0.882,0.276611
64500,0.080,0.029,0.891,0.257095
65000,0.079,0.016,0.905,0.180089
65500,0.116,0.034,0.850,0.320569
66000,0.094,0.023,0.883,0.232072
66500,0.100,0.027,0.874,0.266070
67000,0.102,0.023,0.874,0.267354
67500,0.090,0.047,0.863,0.304384
68000,0.080,0.029,0.891,0.244189
68500,0.097,0.036,0.867,0.337925
69000,0.100,0.024,0.877,0.263567
69500,0.108,0.016,0.876,0.226548
70000,0.107,0.033,0.860,0.349691
70500,0.097,0.027,0.876,0.279202
71000,0.104,0.037,0.859,0.330833
71500,0.086,0.027,0.887,0.225668
72000,0.099,0.026,0.875,0.255246
72500,0.108,0.029,0.864,0.250163
73000,0.113,0.022,0.866,0.283225
73500,0.095,0.023,0.882,0.268828
74000,0.095,0.019,0.886,0.237312
74500,0.108,0.017,0.875,0.248291
75000,0.105,0.030,0.865,0.309658
75500,0.080,0.038,0.882,0.230597
76000,0.082,0.028,0.890,0.268488
76500,0.077,0.036,0.887,0.265497
77000,0.086,0.028,0.886,0.235900
77500,0.086,0.017,0.897,0.238589
78000,0.076,0.031,0.893,0.232168
78500,0.111,0.036,0.854,0.317258
79000,0.099,0.026,0.875,0.238481
79500,0.081,0.028,0.891,0.194380
80000,0.084,0.031,0.884,0.243278
80500,0.080,0.024,0.896,0.218356
81000,0.101,0.016,0.884,0.215849
81500,0.095,0.023,0.881,0.262848
82000,0.090,0.036,0.874,0.302068
82500,0.073,0.031,0.896,0.202023
83000,0.087,0.047,0.866,0.306220
83500,0.070,0.031,0.899,0.225624
84000,0.083,0.023,0.894,0.289145
84500,0.083,0.022,0.895,0.221288
85000,0.098,0.024,0.878,0.258825
85500,0.067,0.027,0.906,0.198311
86000,0.071,0.034,0.895,0.244206
86500,0.120,0.021,0.859,0.301337
87000,0.090,0.022,0.888,0.236790
87500,0.099,0.029,0.872,0.278610
88000,0.073,0.017,0.910,0.197921
88500,0.084,0.020,0.896,0.236510
89000,0.069,0.024,0.906,0.233274
89500,0.077,0.037,0.886,0.263501
90000,0.077,0.033,0.890,0.270855
90500,0.094,0.029,0.877,0.291836
91000,0.098,0.026,0.877,0.298150
91500,0.088,0.024,0.888,0.227620
92000,0.081,0.034,0.885,0.255229
92500,0.088,0.020,0.892,0.229760
93000,0.098,0.028,0.874,0.343944
93500,0.085,0.023,0.892,0.223172
94000,0.085,0.029,0.886,0.249565
94500,0.098,0.036,0.866,0.331749
95000,0.092,0.047,0.861,0.355493
95500,0.096,0.031,0.873,0.233477
96000,0.109,0.029,0.863,0.307630
96500,0.097,0.016,0.887,0.271263
97000,0.089,0.018,0.893,0.215232
97500,0.081,0.032,0.886,0.245915
98000,0.084,0.025,0.891,0.221030
98500,0.091,0.041,0.868,0.327128
99000,0.084,0.032,0.884,0.241036
99500,0.091,0.035,0.874,0.304526
100000,0.068,0.048,0.884,0.246279
