time,n_A+p,n_B,n_AB
500,0.010,0.985,0.005
1000,0.010,0.967,0.023
1500,0.010,0.960,0.030
2000,0.010,0.923,0.067
2500,0.010,0.885,0.105
3000,0.010,0.851,0.139
3500,0.010,0.820,0.170
4000,0.010,0.791,0.199
4500,0.010,0.797,0.193
5000,0.010,0.769,0.221
5500,0.010,0.735,0.255
6000,0.010,0.694,0.296
6500,0.010,0.696,0.294
7000,0.010,0.664,0.326
7500,0.010,0.613,0.377
8000,0.010,0.612,0.378
8500,0.015,0.566,0.420
9000,0.011,0.558,0.430
9500,0.011,0.531,0.458
10000,0.010,0.529,0.461
10500,0.013,0.551,0.436
11000,0.013,0.548,0.440
11500,0.013,0.564,0.424
12000,0.015,0.525,0.461
12500,0.011,0.512,0.478
13000,0.011,0.512,0.477
13500,0.014,0.520,0.466
14000,0.011,0.475,0.513
14500,0.017,0.501,0.482
15000,0.019,0.470,0.510
15500,0.015,0.470,0.514
16000,0.011,0.472,0.517
16500,0.013,0.433,0.554
17000,0.013,0.484,0.503
17500,0.013,0.494,0.493
18000,0.011,0.515,0.475
18500,0.013,0.530,0.457
19000,0.017,0.507,0.477
19500,0.013,0.483,0.504
20000,0.015,0.504,0.482
20500,0.017,0.506,0.478
21000,0.015,0.471,0.515
21500,0.014,0.449,0.537
22000,0.015,0.428,0.558
22500,0.014,0.452,0.534
23000,0.013,0.480,0.507
23500,0.022,0.465,0.512
24000,0.018,0.476,0.505
24500,0.013,0.480,0.507
25000,0.014,0.491,0.494
25500,0.017,0.488,0.494
26000,0.018,0.479,0.503
26500,0.013,0.527,0.459
27000,0.013,0.536,0.451
27500,0.011,0.543,0.446
28000,0.012,0.518,0.470
28500,0.014,0.532,0.454
29000,0.011,0.570,0.419
29500,0.013,0.529,0.458
30000,0.016,0.524,0.460
30500,0.014,0.512,0.474
31000,0.021,0.510,0.469
31500,0.015,0.512,0.473
32000,0.011,0.523,0.466
32500,0.013,0.528,0.459
33000,0.013,0.527,0.460
33500,0.017,0.520,0.463
34000,0.012,0.495,0.492
34500,0.015,0.519,0.465
35000,0.015,0.496,0.489
35500,0.013,0.460,0.527
36000,0.013,0.491,0.496
36500,0.011,0.522,0.467
37000,0.013,0.522,0.464
37500,0.011,0.536,0.453
38000,0.011,0.532,0.457
38500,0.011,0.561,0.428
39000,0.011,0.564,0.426
39500,0.010,0.555,0.435
40000,0.014,0.573,0.413
40500,0.016,0.553,0.431
41000,0.013,0.563,0.424
41500,0.011,0.536,0.452
42000,0.010,0.554,0.435
42500,0.010,0.535,0.455
43000,0.011,0.521,0.468
43500,0.013,0.512,0.475
44000,0.016,0.510,0.474
44500,0.017,0.512,0.471
45000,0.013,0.513,0.474
45500,0.015,0.484,0.502
46000,0.018,0.450,0.532
46500,0.017,0.475,0.509
47000,0.018,0.511,0.470
47500,0.011,0.505,0.484
48000,0.011,0.534,0.454
48500,0.011,0.530,0.459
49000,0.011,0.520,0.469
49500,0.013,0.535,0.452
50000,0.011,0.507,0.482
50500,0.012,0.483,0.505
51000,0.018,0.484,0.497
51500,0.020,0.507,0.473
52000,0.018,0.493,0.488
52500,0.013,0.469,0.518
53000,0.016,0.455,0.529
53500,0.016,0.444,0.540
54000,0.018,0.494,0.487
54500,0.014,0.505,0.481
55000,0.013,0.482,0.505
55500,0.018,0.478,0.503
56000,0.015,0.513,0.472
56500,0.012,0.510,0.478
57000,0.015,0.521,0.464
57500,0.013,0.514,0.472
58000,0.011,0.526,0.463
58500,0.012,0.514,0.474
59000,0.013,0.512,0.475
59500,0.013,0.538,0.450
60000,0.011,0.587,0.403
60500,0.013,0.564,0.424
61000,0.013,0.598,0.389
61500,0.012,0.610,0.378
62000,0.011,0.590,0.399
62500,0.011,0.601,0.389
63000,0.011,0.560,0.429
63500,0.011,0.517,0.473
64000,0.017,0.574,0.409
64500,0.015,0.543,0.442
65000,0.015,0.547,0.439
65500,0.015,0.551,0.434
66000,0.013,0.551,0.436
66500,0.013,0.539,0.448
67000,0.015,0.542,0.443
67500,0.017,0.544,0.439
68000,0.016,0.480,0.504
68500,0.018,0.499,0.484
69000,0.014,0.501,0.485
69500,0.015,0.492,0.493
70000,0.013,0.473,0.513
70500,0.017,0.476,0.506
71000,0.013,0.479,0.507
71500,0.013,0.468,0.520
72000,0.013,0.471,0.516
72500,0.015,0.465,0.520
73000,0.021,0.485,0.493
73500,0.023,0.496,0.481
74000,0.019,0.500,0.480
74500,0.013,0.487,0.500
75000,0.018,0.481,0.502
75500,0.015,0.493,0.491
76000,0.012,0.484,0.504
76500,0.013,0.458,0.529
77000,0.012,0.473,0.514
77500,0.011,0.453,0.536
78000,0.019,0.471,0.510
78500,0.018,0.476,0.505
79000,0.013,0.485,0.501
79500,0.014,0.508,0.478
80000,0.012,0.541,0.447
80500,0.011,0.578,0.411
81000,0.012,0.571,0.417
81500,0.011,0.556,0.433
82000,0.013,0.496,0.491
82500,0.010,0.485,0.505
83000,0.015,0.471,0.514
83500,0.013,0.471,0.515
84000,0.012,0.506,0.482
84500,0.013,0.525,0.462
85000,0.011,0.510,0.479
85500,0.011,0.514,0.476
86000,0.011,0.487,0.503
86500,0.014,0.441,0.545
87000,0.012,0.482,0.506
87500,0.011,0.505,0.485
88000,0.011,0.551,0.438
88500,0.013,0.578,0.410
89000,0.011,0.601,0.388
89500,0.011,0.598,0.392
90000,0.011,0.594,0.396
90500,0.010,0.603,0.387
91000,0.011,0.627,0.362
91500,0.013,0.607,0.380
92000,0.011,0.619,0.371
92500,0.011,0.585,0.405
93000,0.013,0.542,0.446
93500,0.013,0.537,0.450
94000,0.012,0.542,0.446
94500,0.011,0.509,0.480
95000,0.011,0.513,0.476
95500,0.017,0.510,0.473
96000,0.015,0.485,0.501
96500,0.014,0.463,0.523
97000,0.013,0.480,0.506
97500,0.017,0.521,0.463
98000,0.017,0.522,0.462
98500,0.013,0.527,0.460
99000,0.016,0.519,0.465
99500,0.019,0.494,0.487
100000,0.015,0.501,0.485
100500,0.013,0.478,0.509
101000,0.012,0.471,0.517
101500,0.013,0.516,0.471
102000,0.018,0.499,0.484
102500,0.018,0.511,0.471
103000,0.013,0.510,0.477
103500,0.011,0.508,0.481
104000,0.011,0.508,0.480
104500,0.011,0.529,0.460
105000,0.013,0.548,0.440
105500,0.015,0.531,0.454
106000,0.013,0.522,0.466
106500,0.014,0.519,0.467
107000,0.015,0.529,0.456
107500,0.013,0.529,0.457
108000,0.013,0.524,0.464
108500,0.013,0.502,0.485
109000,0.010,0.513,0.477
109500,0.011,0.506,0.483
110000,0.013,0.511,0.476
110500,0.011,0.513,0.476
111000,0.011,0.523,0.467
111500,0.013,0.528,0.460
112000,0.011,0.531,0.458
112500,0.015,0.529,0.455
113000,0.017,0.509,0.475
113500,0.021,0.476,0.504
114000,0.017,0.476,0.506
114500,0.017,0.463,0.520
115000,0.017,0.485,0.498
115500,0.015,0.491,0.495
116000,0.015,0.448,0.537
116500,0.015,0.489,0.497
117000,0.015,0.475,0.510
117500,0.015,0.479,0.506
118000,0.015,0.479,0.506
118500,0.013,0.495,0.492
119000,0.016,0.494,0.489
119500,0.017,0.497,0.486
120000,0.011,0.474,0.514
120500,0.014,0.519,0.467
121000,0.013,0.525,0.462
121500,0.011,0.539,0.450
122000,0.011,0.562,0.426
122500,0.013,0.517,0.470
123000,0.014,0.547,0.439
123500,0.019,0.525,0.456
124000,0.018,0.514,0.469
124500,0.016,0.521,0.463
125000,0.015,0.532,0.453
125500,0.017,0.572,0.412
126000,0.013,0.561,0.426
126500,0.015,0.544,0.441
127000,0.015,0.522,0.463
127500,0.015,0.488,0.497
128000,0.011,0.545,0.444
128500,0.010,0.518,0.472
129000,0.010,0.530,0.460
129500,0.010,0.551,0.439
130000,0.011,0.551,0.438
130500,0.011,0.542,0.447
131000,0.012,0.539,0.449
131500,0.013,0.538,0.449
132000,0.018,0.542,0.440
132500,0.011,0.538,0.450
133000,0.011,0.547,0.442
133500,0.011,0.542,0.448
134000,0.011,0.556,0.433
134500,0.010,0.534,0.456
135000,0.011,0.553,0.436
135500,0.013,0.563,0.425
136000,0.011,0.549,0.440
136500,0.012,0.538,0.450
137000,0.015,0.538,0.447
137500,0.015,0.511,0.474
138000,0.017,0.495,0.487
138500,0.015,0.506,0.480
139000,0.012,0.503,0.485
139500,0.018,0.522,0.459
140000,0.015,0.526,0.459
140500,0.013,0.525,0.462
141000,0.013,0.517,0.470
141500,0.015,0.506,0.479
142000,0.017,0.521,0.463
142500,0.011,0.501,0.488
143000,0.011,0.510,0.479
143500,0.013,0.492,0.495
144000,0.014,0.514,0.472
144500,0.011,0.569,0.420
145000,0.011,0.559,0.430
145500,0.011,0.529,0.460
146000,0.013,0.533,0.454
146500,0.011,0.550,0.439
147000,0.010,0.576,0.414
147500,0.010,0.599,0.391
148000,0.010,0.539,0.451
148500,0.013,0.550,0.438
149000,0.013,0.535,0.452
149500,0.012,0.535,0.453
150000,0.013,0.533,0.454
150500,0.011,0.524,0.464
151000,0.011,0.547,0.442
151500,0.011,0.557,0.432
152000,0.011,0.571,0.419
152500,0.015,0.532,0.453
153000,0.013,0.524,0.464
153500,0.011,0.501,0.488
154000,0.012,0.515,0.473
154500,0.013,0.514,0.473
155000,0.012,0.535,0.453
155500,0.011,0.538,0.451
156000,0.013,0.506,0.480
156500,0.015,0.507,0.478
157000,0.012,0.558,0.430
157500,0.015,0.517,0.468
158000,0.014,0.533,0.453
158500,0.011,0.576,0.413
159000,0.011,0.548,0.441
159500,0.015,0.524,0.461
160000,0.013,0.560,0.427
160500,0.011,0.521,0.468
161000,0.010,0.522,0.468
161500,0.011,0.524,0.464
162000,0.011,0.515,0.475
162500,0.013,0.522,0.465
163000,0.011,0.520,0.469
163500,0.011,0.516,0.472
164000,0.012,0.504,0.484
164500,0.018,0.482,0.499
165000,0.016,0.514,0.470
165500,0.015,0.521,0.463
166000,0.013,0.529,0.458
166500,0.014,0.497,0.488
167000,0.017,0.524,0.460
167500,0.013,0.500,0.488
168000,0.011,0.513,0.476
168500,0.013,0.504,0.483
169000,0.011,0.505,0.484
169500,0.011,0.507,0.482
170000,0.011,0.517,0.472
170500,0.015,0.523,0.462
171000,0.016,0.525,0.459
171500,0.013,0.502,0.484
172000,0.014,0.526,0.460
172500,0.011,0.504,0.486
173000,0.015,0.525,0.460
173500,0.015,0.514,0.471
174000,0.011,0.537,0.452
174500,0.011,0.552,0.437
175000,0.011,0.527,0.463
175500,0.011,0.512,0.477
176000,0.013,0.515,0.471
176500,0.012,0.524,0.464
177000,0.011,0.500,0.490
177500,0.013,0.475,0.513
178000,0.011,0.508,0.482
178500,0.013,0.525,0.462
179000,0.011,0.527,0.462
179500,0.013,0.532,0.454
180000,0.013,0.549,0.438
180500,0.011,0.575,0.415
181000,0.011,0.573,0.417
181500,0.013,0.598,0.389
182000,0.012,0.590,0.398
182500,0.010,0.596,0.394
183000,0.011,0.576,0.413
183500,0.016,0.546,0.438
184000,0.017,0.534,0.449
184500,0.014,0.520,0.466
185000,0.016,0.549,0.435
185500,0.018,0.535,0.448
186000,0.015,0.524,0.461
186500,0.015,0.528,0.457
187000,0.015,0.501,0.485
187500,0.012,0.504,0.484
188000,0.014,0.495,0.491
188500,0.013,0.525,0.463
189000,0.011,0.572,0.417
189500,0.010,0.562,0.428
190000,0.010,0.575,0.415
190500,0.010,0.594,0.396
191000,0.011,0.596,0.393
191500,0.012,0.593,0.395
192000,0.010,0.625,0.365
192500,0.011,0.604,0.386
193000,0.010,0.596,0.394
193500,0.010,0.566,0.424
194000,0.010,0.547,0.443
194500,0.015,0.527,0.457
195000,0.013,0.497,0.489
195500,0.017,0.473,0.511
196000,0.014,0.465,0.521
196500,0.015,0.476,0.508
197000,0.016,0.481,0.502
197500,0.021,0.461,0.518
198000,0.019,0.472,0.509
198500,0.022,0.461,0.517
199000,0.017,0.469,0.514
199500,0.013,0.469,0.518
200000,0.015,0.513,0.473
200500,0.017,0.529,0.454
201000,0.011,0.516,0.473
201500,0.014,0.523,0.463
202000,0.011,0.531,0.458
202500,0.013,0.562,0.424
203000,0.011,0.572,0.417
203500,0.011,0.579,0.410
204000,0.010,0.604,0.386
204500,0.013,0.585,0.403
205000,0.010,0.576,0.414
205500,0.013,0.572,0.416
206000,0.014,0.568,0.418
206500,0.015,0.553,0.431
207000,0.015,0.556,0.429
207500,0.011,0.560,0.429
208000,0.011,0.550,0.438
208500,0.011,0.576,0.414
209000,0.010,0.578,0.412
209500,0.010,0.569,0.421
210000,0.011,0.562,0.427
210500,0.010,0.603,0.387
211000,0.010,0.604,0.386
211500,0.010,0.551,0.439
212000,0.015,0.553,0.432
212500,0.012,0.518,0.470
213000,0.010,0.531,0.459
213500,0.010,0.531,0.459
214000,0.011,0.533,0.456
214500,0.013,0.500,0.487
215000,0.011,0.468,0.521
215500,0.011,0.470,0.519
216000,0.023,0.492,0.484
216500,0.015,0.494,0.490
217000,0.018,0.485,0.496
217500,0.013,0.496,0.491
218000,0.014,0.493,0.493
218500,0.012,0.509,0.479
219000,0.014,0.504,0.482
219500,0.011,0.520,0.468
220000,0.011,0.519,0.470
220500,0.010,0.534,0.456
221000,0.013,0.540,0.447
221500,0.014,0.568,0.418
222000,0.010,0.576,0.414
222500,0.011,0.582,0.407
223000,0.010,0.540,0.450
223500,0.013,0.506,0.481
224000,0.016,0.484,0.500
224500,0.020,0.472,0.508
225000,0.030,0.476,0.494
225500,0.034,0.447,0.519
226000,0.028,0.439,0.533
226500,0.032,0.421,0.547
227000,0.023,0.407,0.570
227500,0.024,0.426,0.550
228000,0.017,0.430,0.553
228500,0.022,0.431,0.546
229000,0.022,0.432,0.545
229500,0.018,0.432,0.550
230000,0.013,0.479,0.508
230500,0.015,0.494,0.490
231000,0.014,0.495,0.491
231500,0.013,0.511,0.476
232000,0.017,0.523,0.460
232500,0.014,0.499,0.487
233000,0.019,0.490,0.490
233500,0.014,0.496,0.490
234000,0.018,0.469,0.512
234500,0.020,0.491,0.489
235000,0.017,0.480,0.502
235500,0.016,0.502,0.482
236000,0.013,0.524,0.464
236500,0.011,0.550,0.438
237000,0.011,0.555,0.434
237500,0.011,0.546,0.444
238000,0.013,0.528,0.459
238500,0.011,0.549,0.440
239000,0.015,0.533,0.452
239500,0.012,0.510,0.478
240000,0.017,0.549,0.434
240500,0.018,0.515,0.468
241000,0.015,0.506,0.478
241500,0.011,0.508,0.481
242000,0.017,0.506,0.477
242500,0.015,0.493,0.491
243000,0.013,0.500,0.488
243500,0.015,0.529,0.456
244000,0.014,0.530,0.456
244500,0.011,0.504,0.484
245000,0.013,0.490,0.496
245500,0.012,0.490,0.498
246000,0.013,0.453,0.534
246500,0.020,0.510,0.470
247000,0.021,0.500,0.479
247500,0.013,0.493,0.493
248000,0.013,0.497,0.491
248500,0.013,0.506,0.482
249000,0.015,0.526,0.458
249500,0.015,0.521,0.464
250000,0.014,0.525,0.461
250500,0.014,0.511,0.475
251000,0.013,0.523,0.464
251500,0.011,0.525,0.464
252000,0.011,0.504,0.486
252500,0.013,0.519,0.468
253000,0.011,0.562,0.426
253500,0.011,0.531,0.458
254000,0.013,0.508,0.479
254500,0.014,0.510,0.476
255000,0.013,0.496,0.490
255500,0.010,0.507,0.483
256000,0.011,0.533,0.456
256500,0.013,0.512,0.475
257000,0.011,0.524,0.464
257500,0.013,0.520,0.467
258000,0.010,0.520,0.470
258500,0.012,0.514,0.474
259000,0.018,0.484,0.498
259500,0.013,0.532,0.455
260000,0.021,0.515,0.464
260500,0.013,0.510,0.476
261000,0.011,0.478,0.511
261500,0.010,0.465,0.525
262000,0.010,0.464,0.526
262500,0.015,0.457,0.528
263000,0.021,0.439,0.541
263500,0.022,0.457,0.521
264000,0.023,0.465,0.512
264500,0.020,0.458,0.522
265000,0.012,0.452,0.536
265500,0.013,0.478,0.509
266000,0.011,0.505,0.484
266500,0.012,0.538,0.450
267000,0.015,0.546,0.439
267500,0.013,0.546,0.441
268000,0.012,0.542,0.446
268500,0.011,0.560,0.429
269000,0.010,0.544,0.446
269500,0.010,0.554,0.436
270000,0.019,0.521,0.460
270500,0.017,0.509,0.474
271000,0.018,0.466,0.516
271500,0.017,0.465,0.518
272000,0.015,0.458,0.527
272500,0.015,0.450,0.534
273000,0.021,0.426,0.552
273500,0.018,0.449,0.533
274000,0.018,0.444,0.538
274500,0.021,0.453,0.526
275000,0.020,0.452,0.528
275500,0.018,0.489,0.493
276000,0.016,0.499,0.484
276500,0.014,0.521,0.465
277000,0.013,0.510,0.477
277500,0.013,0.472,0.515
278000,0.019,0.482,0.498
278500,0.017,0.496,0.486
279000,0.015,0.533,0.453
279500,0.011,0.517,0.472
280000,0.011,0.501,0.488
280500,0.010,0.507,0.483
281000,0.010,0.514,0.476
281500,0.015,0.507,0.478
282000,0.016,0.520,0.464
282500,0.012,0.529,0.459
283000,0.018,0.528,0.454
283500,0.013,0.546,0.441
284000,0.011,0.532,0.457
284500,0.013,0.567,0.420
285000,0.011,0.594,0.395
285500,0.011,0.573,0.416
286000,0.015,0.576,0.409
286500,0.017,0.521,0.463
287000,0.015,0.487,0.498
287500,0.017,0.479,0.504
288000,0.015,0.465,0.520
288500,0.013,0.489,0.497
289000,0.014,0.495,0.490
289500,0.013,0.512,0.475
290000,0.011,0.541,0.448
290500,0.015,0.521,0.464
291000,0.013,0.519,0.468
291500,0.015,0.509,0.476
292000,0.023,0.511,0.466
292500,0.015,0.505,0.479
293000,0.015,0.483,0.502
293500,0.013,0.472,0.515
294000,0.017,0.492,0.491
294500,0.012,0.482,0.506
295000,0.011,0.516,0.473
295500,0.019,0.486,0.494
296000,0.014,0.486,0.500
296500,0.015,0.506,0.478
297000,0.013,0.500,0.487
297500,0.011,0.498,0.491
298000,0.010,0.540,0.450
298500,0.010,0.577,0.413
299000,0.013,0.578,0.409
299500,0.011,0.614,0.376
300000,0.010,0.612,0.378
300500,0.015,0.594,0.392
301000,0.011,0.585,0.404
301500,0.011,0.581,0.409
302000,0.010,0.554,0.436
302500,0.013,0.538,0.449
303000,0.013,0.536,0.452
303500,0.013,0.535,0.452
304000,0.011,0.525,0.464
304500,0.011,0.511,0.479
305000,0.015,0.492,0.492
305500,0.013,0.490,0.498
306000,0.012,0.505,0.483
306500,0.013,0.528,0.460
307000,0.011,0.562,0.426
307500,0.011,0.550,0.440
308000,0.011,0.566,0.424
308500,0.012,0.551,0.436
309000,0.011,0.537,0.453
309500,0.010,0.537,0.453
310000,0.013,0.547,0.440
310500,0.011,0.540,0.449
311000,0.010,0.539,0.451
311500,0.015,0.516,0.468
312000,0.015,0.506,0.479
312500,0.015,0.509,0.476
313000,0.013,0.529,0.458
313500,0.011,0.504,0.485
314000,0.014,0.542,0.444
314500,0.013,0.560,0.427
315000,0.011,0.579,0.410
315500,0.011,0.581,0.409
316000,0.013,0.554,0.433
316500,0.013,0.552,0.435
317000,0.016,0.537,0.447
317500,0.015,0.532,0.453
318000,0.013,0.528,0.460
318500,0.016,0.551,0.432
319000,0.011,0.532,0.457
319500,0.017,0.494,0.489
320000,0.015,0.505,0.479
320500,0.012,0.535,0.453
321000,0.011,0.512,0.477
321500,0.013,0.488,0.500
322000,0.012,0.530,0.458
322500,0.013,0.556,0.431
323000,0.013,0.535,0.452
323500,0.011,0.526,0.464
324000,0.012,0.536,0.452
324500,0.011,0.512,0.476
325000,0.011,0.533,0.455
325500,0.010,0.531,0.459
326000,0.013,0.562,0.425
326500,0.011,0.527,0.462
327000,0.013,0.524,0.463
327500,0.011,0.527,0.462
328000,0.010,0.563,0.427
328500,0.010,0.619,0.371
329000,0.015,0.614,0.372
329500,0.013,0.599,0.388
330000,0.011,0.608,0.382
330500,0.013,0.610,0.377
331000,0.011,0.594,0.395
331500,0.011,0.578,0.411
332000,0.011,0.566,0.423
332500,0.011,0.539,0.450
333000,0.013,0.534,0.453
333500,0.013,0.530,0.458
334000,0.011,0.556,0.432
334500,0.011,0.576,0.413
335000,0.011,0.571,0.419
335500,0.013,0.568,0.420
336000,0.011,0.562,0.427
336500,0.011,0.594,0.396
337000,0.011,0.575,0.415
337500,0.011,0.569,0.421
338000,0.011,0.558,0.430
338500,0.010,0.571,0.419
339000,0.010,0.542,0.448
339500,0.010,0.522,0.468
340000,0.010,0.526,0.464
340500,0.010,0.526,0.464
341000,0.010,0.543,0.447
341500,0.010,0.572,0.418
342000,0.010,0.555,0.435
342500,0.010,0.548,0.442
343000,0.018,0.514,0.468
343500,0.017,0.493,0.489
344000,0.017,0.489,0.494
344500,0.015,0.494,0.491
345000,0.017,0.530,0.453
345500,0.013,0.532,0.455
346000,0.011,0.528,0.460
346500,0.015,0.518,0.468
347000,0.017,0.522,0.461
347500,0.017,0.553,0.430
348000,0.016,0.554,0.430
348500,0.015,0.545,0.440
349000,0.016,0.582,0.402
349500,0.012,0.544,0.444
350000,0.011,0.560,0.428
350500,0.011,0.562,0.427
351000,0.010,0.572,0.418
351500,0.014,0.578,0.408
352000,0.011,0.594,0.396
352500,0.010,0.600,0.390
353000,0.010,0.568,0.422
353500,0.010,0.530,0.460
354000,0.010,0.519,0.471
354500,0.010,0.513,0.477
355000,0.016,0.515,0.469
355500,0.013,0.501,0.486
356000,0.017,0.493,0.491
356500,0.017,0.516,0.467
357000,0.017,0.511,0.472
357500,0.018,0.490,0.491
358000,0.015,0.492,0.493
358500,0.013,0.506,0.481
359000,0.013,0.536,0.452
359500,0.011,0.570,0.420
360000,0.010,0.541,0.449
360500,0.011,0.544,0.445
361000,0.011,0.520,0.469
361500,0.013,0.520,0.468
362000,0.011,0.519,0.470
362500,0.013,0.515,0.472
363000,0.013,0.534,0.454
363500,0.013,0.558,0.429
364000,0.011,0.533,0.457
364500,0.010,0.504,0.486
365000,0.011,0.535,0.454
365500,0.018,0.541,0.441
366000,0.015,0.550,0.435
366500,0.018,0.521,0.461
367000,0.013,0.531,0.457
367500,0.013,0.515,0.472
368000,0.014,0.529,0.457
368500,0.013,0.527,0.460
369000,0.012,0.523,0.465
369500,0.011,0.524,0.465
370000,0.013,0.511,0.476
370500,0.018,0.544,0.438
371000,0.013,0.533,0.453
371500,0.011,0.514,0.475
372000,0.015,0.482,0.502
372500,0.013,0.505,0.483
373000,0.011,0.490,0.498
373500,0.017,0.468,0.515
374000,0.013,0.494,0.492
374500,0.013,0.494,0.493
375000,0.011,0.535,0.453
375500,0.010,0.551,0.439
376000,0.010,0.545,0.445
376500,0.013,0.519,0.469
377000,0.014,0.514,0.472
377500,0.016,0.533,0.451
378000,0.013,0.513,0.474
378500,0.012,0.510,0.478
379000,0.013,0.538,0.449
379500,0.015,0.506,0.479
380000,0.011,0.524,0.465
380500,0.013,0.572,0.415
381000,0.011,0.549,0.441
381500,0.010,0.568,0.422
382000,0.013,0.572,0.415
382500,0.012,0.545,0.443
383000,0.015,0.478,0.507
383500,0.017,0.518,0.465
384000,0.018,0.508,0.474
384500,0.013,0.528,0.459
385000,0.015,0.549,0.435
385500,0.017,0.540,0.443
386000,0.013,0.542,0.444
386500,0.012,0.519,0.469
387000,0.018,0.527,0.455
387500,0.017,0.514,0.469
388000,0.014,0.502,0.484
388500,0.014,0.524,0.462
389000,0.011,0.526,0.463
389500,0.013,0.523,0.464
390000,0.011,0.534,0.455
390500,0.012,0.482,0.506
391000,0.018,0.476,0.506
391500,0.015,0.483,0.502
392000,0.017,0.510,0.473
392500,0.018,0.503,0.479
393000,0.020,0.486,0.493
393500,0.012,0.504,0.484
394000,0.012,0.551,0.437
394500,0.011,0.558,0.431
395000,0.011,0.578,0.411
395500,0.010,0.587,0.403
396000,0.011,0.588,0.401
396500,0.011,0.590,0.400
397000,0.010,0.593,0.397
397500,0.011,0.568,0.421
398000,0.011,0.591,0.399
398500,0.010,0.546,0.444
399000,0.012,0.528,0.460
399500,0.011,0.531,0.458
400000,0.015,0.542,0.443
400500,0.018,0.504,0.477
401000,0.013,0.493,0.493
401500,0.011,0.554,0.434
402000,0.010,0.560,0.430
402500,0.011,0.579,0.410
403000,0.011,0.573,0.417
403500,0.011,0.563,0.426
404000,0.010,0.566,0.424
404500,0.013,0.560,0.426
405000,0.011,0.579,0.410
405500,0.012,0.576,0.412
406000,0.010,0.579,0.411
406500,0.010,0.552,0.438
407000,0.010,0.544,0.446
407500,0.010,0.529,0.461
408000,0.015,0.551,0.434
408500,0.016,0.533,0.451
409000,0.015,0.538,0.447
409500,0.012,0.558,0.429
410000,0.011,0.574,0.416
410500,0.011,0.583,0.407
411000,0.011,0.537,0.453
411500,0.013,0.506,0.481
412000,0.011,0.494,0.494
412500,0.013,0.492,0.495
413000,0.015,0.505,0.479
413500,0.022,0.520,0.457
414000,0.012,0.502,0.486
414500,0.010,0.527,0.463
415000,0.011,0.510,0.479
415500,0.021,0.521,0.458
416000,0.020,0.512,0.468
416500,0.017,0.493,0.489
417000,0.018,0.484,0.499
417500,0.015,0.501,0.484
418000,0.019,0.497,0.484
418500,0.017,0.506,0.477
419000,0.019,0.478,0.502
419500,0.015,0.480,0.504
420000,0.019,0.487,0.494
420500,0.024,0.508,0.468
421000,0.018,0.510,0.473
421500,0.015,0.477,0.508
422000,0.013,0.485,0.502
422500,0.011,0.509,0.479
423000,0.017,0.508,0.476
423500,0.013,0.496,0.492
424000,0.011,0.504,0.484
424500,0.017,0.497,0.486
425000,0.017,0.532,0.451
425500,0.014,0.512,0.474
426000,0.012,0.533,0.455
426500,0.011,0.543,0.445
427000,0.016,0.500,0.484
427500,0.015,0.477,0.509
428000,0.017,0.484,0.499
428500,0.016,0.487,0.496
429000,0.017,0.522,0.461
429500,0.015,0.507,0.477
430000,0.013,0.527,0.460
430500,0.011,0.527,0.462
431000,0.011,0.519,0.469
431500,0.013,0.533,0.454
432000,0.017,0.540,0.443
432500,0.015,0.488,0.496
433000,0.015,0.494,0.490
433500,0.015,0.507,0.478
434000,0.015,0.476,0.509
434500,0.015,0.479,0.506
435000,0.012,0.477,0.510
435500,0.018,0.469,0.512
436000,0.015,0.455,0.530
436500,0.017,0.477,0.506
437000,0.015,0.491,0.494
437500,0.015,0.507,0.478
438000,0.013,0.501,0.486
438500,0.014,0.527,0.459
439000,0.013,0.527,0.460
439500,0.011,0.532,0.456
440000,0.012,0.510,0.478
440500,0.011,0.491,0.497
441000,0.015,0.440,0.546
441500,0.011,0.479,0.510
442000,0.011,0.469,0.520
442500,0.018,0.494,0.488
443000,0.015,0.491,0.494
443500,0.016,0.471,0.513
444000,0.017,0.460,0.524
444500,0.017,0.478,0.506
445000,0.011,0.488,0.501
445500,0.013,0.475,0.512
446000,0.012,0.489,0.498
446500,0.013,0.440,0.546
447000,0.018,0.474,0.508
447500,0.015,0.494,0.491
448000,0.015,0.496,0.488
448500,0.013,0.511,0.476
449000,0.013,0.503,0.485
449500,0.014,0.498,0.487
450000,0.017,0.498,0.484
450500,0.011,0.490,0.499
451000,0.011,0.506,0.483
451500,0.014,0.514,0.472
452000,0.017,0.528,0.455
452500,0.013,0.525,0.462
453000,0.013,0.497,0.490
453500,0.013,0.496,0.491
454000,0.013,0.483,0.504
454500,0.011,0.498,0.492
455000,0.013,0.463,0.525
455500,0.015,0.479,0.506
456000,0.016,0.469,0.515
456500,0.019,0.451,0.530
457000,0.018,0.436,0.545
457500,0.019,0.495,0.486
458000,0.020,0.464,0.516
458500,0.015,0.473,0.512
459000,0.012,0.459,0.529
459500,0.017,0.475,0.508
460000,0.011,0.496,0.492
460500,0.011,0.523,0.466
461000,0.013,0.511,0.476
461500,0.011,0.539,0.449
462000,0.017,0.537,0.446
462500,0.013,0.528,0.459
463000,0.011,0.526,0.462
463500,0.011,0.547,0.441
464000,0.011,0.597,0.393
464500,0.010,0.593,0.397
465000,0.010,0.600,0.390
465500,0.011,0.567,0.422
466000,0.011,0.543,0.446
466500,0.014,0.520,0.466
467000,0.014,0.519,0.467
467500,0.013,0.517,0.471
468000,0.011,0.535,0.454
468500,0.011,0.532,0.458
469000,0.015,0.522,0.463
469500,0.014,0.541,0.445
470000,0.011,0.565,0.424
470500,0.013,0.567,0.420
471000,0.012,0.521,0.467
471500,0.015,0.543,0.441
472000,0.013,0.549,0.439
472500,0.011,0.546,0.442
473000,0.011,0.535,0.454
473500,0.011,0.511,0.479
474000,0.011,0.537,0.452
474500,0.010,0.512,0.478
475000,0.010,0.533,0.457
475500,0.014,0.529,0.457
476000,0.016,0.528,0.456
476500,0.012,0.547,0.441
477000,0.012,0.557,0.430
477500,0.019,0.519,0.462
478000,0.013,0.485,0.502
478500,0.013,0.462,0.525
479000,0.011,0.490,0.498
479500,0.013,0.477,0.510
480000,0.018,0.468,0.515
480500,0.018,0.478,0.504
481000,0.016,0.507,0.477
481500,0.013,0.531,0.456
482000,0.011,0.538,0.452
482500,0.013,0.571,0.416
483000,0.016,0.557,0.426
483500,0.012,0.524,0.464
484000,0.013,0.555,0.431
484500,0.011,0.544,0.444
485000,0.013,0.527,0.459
485500,0.015,0.540,0.445
486000,0.011,0.533,0.456
486500,0.010,0.538,0.452
487000,0.010,0.529,0.461
487500,0.013,0.538,0.449
488000,0.011,0.555,0.433
488500,0.011,0.532,0.456
489000,0.012,0.535,0.453
489500,0.013,0.539,0.447
490000,0.011,0.545,0.444
490500,0.013,0.565,0.422
491000,0.011,0.538,0.451
491500,0.010,0.551,0.439
492000,0.010,0.575,0.415
492500,0.010,0.573,0.417
493000,0.010,0.542,0.448
493500,0.010,0.554,0.436
494000,0.010,0.543,0.447
494500,0.010,0.516,0.474
495000,0.011,0.545,0.444
495500,0.012,0.529,0.459
496000,0.010,0.518,0.472
496500,0.010,0.529,0.461
497000,0.015,0.545,0.440
497500,0.013,0.549,0.438
498000,0.011,0.532,0.457
498500,0.010,0.515,0.475
499000,0.011,0.496,0.492
499500,0.011,0.515,0.474
500000,0.013,0.514,0.472
500500,0.012,0.551,0.437
501000,0.014,0.553,0.433
501500,0.011,0.528,0.461
502000,0.013,0.529,0.458
502500,0.011,0.524,0.465
503000,0.011,0.515,0.473
503500,0.014,0.539,0.447
504000,0.015,0.521,0.465
504500,0.012,0.551,0.437
505000,0.011,0.551,0.438
505500,0.010,0.569,0.421
506000,0.010,0.578,0.412
506500,0.012,0.541,0.447
507000,0.011,0.515,0.474
507500,0.015,0.523,0.462
508000,0.012,0.516,0.472
508500,0.011,0.507,0.482
509000,0.012,0.496,0.491
509500,0.017,0.535,0.448
510000,0.011,0.524,0.465
510500,0.013,0.530,0.458
511000,0.024,0.536,0.440
511500,0.018,0.552,0.429
512000,0.013,0.576,0.412
512500,0.012,0.593,0.395
513000,0.011,0.592,0.397
513500,0.015,0.563,0.422
514000,0.013,0.559,0.427
514500,0.021,0.554,0.425
515000,0.015,0.539,0.445
515500,0.012,0.535,0.453
516000,0.013,0.514,0.473
516500,0.011,0.499,0.491
517000,0.019,0.505,0.476
517500,0.021,0.505,0.474
518000,0.017,0.505,0.478
518500,0.014,0.499,0.487
519000,0.014,0.518,0.468
519500,0.015,0.535,0.450
520000,0.011,0.544,0.445
520500,0.010,0.561,0.429
521000,0.010,0.541,0.449
521500,0.010,0.540,0.450
522000,0.010,0.557,0.432
522500,0.012,0.552,0.436
523000,0.013,0.524,0.463
523500,0.013,0.541,0.446
524000,0.011,0.547,0.442
524500,0.015,0.539,0.446
525000,0.012,0.542,0.446
525500,0.014,0.551,0.435
526000,0.017,0.563,0.421
526500,0.013,0.579,0.409
527000,0.011,0.589,0.400
527500,0.011,0.597,0.393
528000,0.011,0.573,0.417
528500,0.010,0.553,0.436
529000,0.015,0.564,0.421
529500,0.016,0.517,0.467
530000,0.016,0.529,0.455
530500,0.014,0.512,0.474
531000,0.017,0.491,0.493
531500,0.013,0.483,0.504
532000,0.013,0.512,0.475
532500,0.011,0.533,0.456
533000,0.013,0.534,0.453
533500,0.011,0.540,0.448
534000,0.013,0.535,0.452
534500,0.013,0.542,0.445
535000,0.013,0.558,0.428
535500,0.012,0.565,0.423
536000,0.011,0.557,0.432
536500,0.011,0.515,0.475
537000,0.010,0.514,0.476
537500,0.012,0.539,0.449
538000,0.011,0.535,0.455
538500,0.010,0.494,0.495
539000,0.010,0.493,0.496
539500,0.012,0.504,0.484
540000,0.011,0.510,0.479
540500,0.010,0.532,0.458
541000,0.017,0.539,0.444
541500,0.021,0.520,0.460
542000,0.013,0.526,0.461
542500,0.013,0.528,0.459
543000,0.012,0.553,0.434
543500,0.011,0.491,0.498
544000,0.018,0.517,0.466
544500,0.012,0.524,0.464
545000,0.019,0.492,0.488
545500,0.015,0.490,0.494
546000,0.024,0.507,0.469
546500,0.015,0.499,0.486
547000,0.018,0.516,0.466
547500,0.011,0.476,0.513
548000,0.021,0.490,0.489
548500,0.015,0.470,0.514
549000,0.013,0.457,0.530
549500,0.015,0.469,0.516
550000,0.015,0.443,0.542
550500,0.015,0.463,0.522
551000,0.014,0.447,0.539
551500,0.021,0.440,0.538
552000,0.023,0.430,0.546
552500,0.020,0.469,0.511
553000,0.019,0.480,0.500
553500,0.015,0.489,0.495
554000,0.013,0.514,0.473
554500,0.013,0.527,0.459
555000,0.018,0.548,0.433
555500,0.015,0.575,0.410
556000,0.015,0.554,0.430
556500,0.013,0.561,0.425
557000,0.012,0.543,0.445
557500,0.011,0.529,0.460
558000,0.011,0.516,0.473
558500,0.010,0.519,0.471
559000,0.011,0.539,0.450
559500,0.010,0.556,0.433
560000,0.010,0.532,0.458
560500,0.012,0.514,0.474
561000,0.011,0.524,0.465
561500,0.013,0.540,0.447
562000,0.013,0.553,0.434
562500,0.013,0.562,0.425
563000,0.014,0.559,0.426
563500,0.013,0.528,0.459
564000,0.015,0.489,0.496
564500,0.017,0.464,0.520
565000,0.013,0.473,0.514
565500,0.017,0.465,0.518
566000,0.022,0.499,0.478
566500,0.019,0.497,0.483
567000,0.013,0.529,0.458
567500,0.014,0.492,0.494
568000,0.013,0.489,0.499
568500,0.011,0.474,0.514
569000,0.018,0.496,0.487
569500,0.018,0.464,0.518
570000,0.019,0.516,0.465
570500,0.018,0.469,0.513
571000,0.024,0.478,0.498
571500,0.018,0.492,0.491
572000,0.018,0.476,0.506
572500,0.018,0.464,0.518
573000,0.013,0.456,0.531
573500,0.013,0.446,0.542
574000,0.013,0.446,0.540
574500,0.015,0.489,0.496
575000,0.018,0.476,0.507
575500,0.015,0.455,0.530
576000,0.015,0.465,0.520
576500,0.016,0.470,0.514
577000,0.015,0.515,0.470
577500,0.015,0.529,0.456
578000,0.015,0.545,0.440
578500,0.012,0.572,0.416
579000,0.011,0.567,0.422
579500,0.010,0.543,0.447
580000,0.012,0.522,0.466
580500,0.011,0.527,0.462
581000,0.010,0.527,0.463
581500,0.010,0.515,0.475
582000,0.013,0.531,0.456
582500,0.011,0.523,0.465
583000,0.015,0.532,0.454
583500,0.011,0.515,0.474
584000,0.010,0.512,0.478
584500,0.010,0.477,0.512
585000,0.014,0.495,0.491
585500,0.013,0.515,0.472
586000,0.013,0.517,0.469
586500,0.013,0.524,0.463
587000,0.013,0.502,0.484
587500,0.013,0.495,0.493
588000,0.018,0.488,0.495
588500,0.015,0.502,0.483
589000,0.012,0.470,0.518
589500,0.018,0.469,0.513
590000,0.021,0.476,0.502
590500,0.018,0.485,0.497
591000,0.014,0.482,0.504
591500,0.011,0.509,0.480
592000,0.011,0.531,0.458
592500,0.010,0.508,0.482
593000,0.010,0.491,0.499
593500,0.011,0.501,0.488
594000,0.015,0.492,0.493
594500,0.013,0.500,0.487
595000,0.013,0.483,0.504
595500,0.015,0.475,0.509
596000,0.013,0.472,0.515
596500,0.013,0.494,0.493
597000,0.017,0.504,0.479
597500,0.015,0.494,0.491
598000,0.021,0.487,0.492
598500,0.017,0.491,0.492
599000,0.012,0.505,0.483
599500,0.015,0.488,0.497
600000,0.021,0.475,0.504
600500,0.018,0.468,0.514
601000,0.015,0.494,0.491
601500,0.015,0.486,0.498
602000,0.013,0.482,0.505
602500,0.015,0.508,0.477
603000,0.011,0.504,0.484
603500,0.011,0.540,0.449
604000,0.011,0.511,0.478
604500,0.011,0.551,0.439
605000,0.011,0.529,0.460
605500,0.014,0.537,0.449
606000,0.014,0.519,0.467
606500,0.013,0.563,0.424
607000,0.015,0.524,0.461
607500,0.014,0.543,0.443
608000,0.017,0.530,0.453
608500,0.013,0.514,0.473
609000,0.013,0.502,0.485
609500,0.018,0.494,0.487
610000,0.013,0.514,0.472
610500,0.013,0.549,0.438
611000,0.019,0.514,0.467
611500,0.013,0.530,0.456
612000,0.013,0.553,0.434
612500,0.011,0.574,0.415
613000,0.011,0.569,0.421
613500,0.010,0.572,0.418
614000,0.013,0.565,0.423
614500,0.011,0.586,0.403
615000,0.011,0.591,0.399
615500,0.011,0.600,0.390
616000,0.013,0.612,0.376
616500,0.011,0.578,0.411
617000,0.010,0.565,0.425
617500,0.010,0.572,0.418
618000,0.012,0.552,0.436
618500,0.013,0.544,0.443
619000,0.011,0.537,0.452
619500,0.010,0.533,0.457
620000,0.011,0.537,0.452
620500,0.013,0.546,0.441
621000,0.013,0.550,0.436
621500,0.015,0.519,0.466
622000,0.013,0.518,0.468
622500,0.014,0.493,0.492
623000,0.013,0.478,0.510
623500,0.014,0.502,0.484
624000,0.013,0.493,0.494
624500,0.013,0.512,0.474
625000,0.014,0.515,0.471
625500,0.015,0.505,0.481
626000,0.013,0.505,0.482
626500,0.013,0.538,0.448
627000,0.011,0.516,0.473
627500,0.011,0.541,0.449
628000,0.013,0.542,0.445
628500,0.011,0.529,0.460
629000,0.011,0.547,0.443
629500,0.014,0.535,0.451
630000,0.014,0.531,0.455
630500,0.012,0.578,0.410
631000,0.011,0.567,0.422
631500,0.013,0.567,0.421
632000,0.011,0.528,0.461
632500,0.011,0.519,0.469
633000,0.014,0.521,0.465
633500,0.013,0.531,0.456
634000,0.011,0.512,0.477
634500,0.011,0.522,0.467
635000,0.019,0.517,0.464
635500,0.013,0.534,0.452
636000,0.012,0.519,0.469
636500,0.011,0.506,0.483
637000,0.015,0.505,0.480
637500,0.012,0.495,0.492
638000,0.017,0.497,0.486
638500,0.015,0.511,0.474
639000,0.013,0.541,0.447
639500,0.011,0.569,0.421
640000,0.012,0.553,0.434
640500,0.011,0.548,0.441
641000,0.013,0.568,0.420
641500,0.011,0.551,0.438
642000,0.011,0.552,0.437
642500,0.015,0.547,0.438
643000,0.015,0.542,0.443
643500,0.013,0.601,0.387
644000,0.013,0.580,0.407
644500,0.013,0.599,0.389
645000,0.013,0.568,0.419
645500,0.019,0.531,0.450
646000,0.015,0.508,0.477
646500,0.013,0.507,0.480
647000,0.017,0.504,0.480
647500,0.018,0.499,0.483
648000,0.012,0.550,0.438
648500,0.011,0.586,0.403
649000,0.011,0.561,0.428
649500,0.013,0.571,0.417
650000,0.011,0.575,0.414
650500,0.013,0.543,0.444
651000,0.011,0.550,0.438
651500,0.011,0.587,0.402
652000,0.011,0.573,0.416
652500,0.011,0.534,0.456
653000,0.010,0.568,0.422
653500,0.011,0.563,0.426
654000,0.010,0.596,0.394
654500,0.010,0.596,0.394
655000,0.010,0.578,0.412
655500,0.013,0.562,0.425
656000,0.011,0.560,0.429
656500,0.011,0.546,0.444
657000,0.013,0.529,0.457
657500,0.013,0.524,0.463
658000,0.011,0.527,0.462
658500,0.015,0.522,0.463
659000,0.013,0.527,0.460
659500,0.014,0.505,0.481
660000,0.016,0.532,0.452
660500,0.014,0.493,0.493
661000,0.012,0.492,0.496
661500,0.012,0.478,0.510
662000,0.012,0.497,0.491
662500,0.011,0.490,0.498
663000,0.013,0.503,0.484
663500,0.016,0.529,0.455
664000,0.018,0.530,0.453
664500,0.013,0.549,0.438
665000,0.014,0.516,0.470
665500,0.015,0.508,0.477
666000,0.021,0.480,0.498
666500,0.013,0.491,0.496
667000,0.014,0.480,0.506
667500,0.014,0.476,0.510
668000,0.015,0.497,0.488
668500,0.012,0.508,0.480
669000,0.013,0.526,0.461
669500,0.010,0.559,0.430
670000,0.011,0.530,0.459
670500,0.011,0.527,0.463
671000,0.011,0.508,0.482
671500,0.010,0.515,0.475
672000,0.015,0.536,0.449
672500,0.014,0.551,0.435
673000,0.015,0.565,0.421
673500,0.017,0.544,0.439
674000,0.013,0.550,0.437
674500,0.012,0.580,0.408
675000,0.011,0.545,0.444
675500,0.015,0.535,0.450
676000,0.015,0.560,0.425
676500,0.015,0.573,0.412
677000,0.012,0.551,0.436
677500,0.016,0.564,0.420
678000,0.016,0.548,0.435
678500,0.016,0.527,0.457
679000,0.016,0.500,0.484
679500,0.013,0.500,0.488
680000,0.017,0.481,0.503
680500,0.015,0.492,0.493
681000,0.017,0.446,0.538
681500,0.017,0.452,0.531
682000,0.015,0.465,0.520
682500,0.015,0.465,0.520
683000,0.015,0.472,0.512
683500,0.015,0.519,0.467
684000,0.013,0.508,0.479
684500,0.013,0.487,0.500
685000,0.011,0.476,0.513
685500,0.011,0.495,0.495
686000,0.011,0.522,0.468
686500,0.013,0.527,0.461
687000,0.011,0.490,0.499
687500,0.010,0.535,0.455
688000,0.010,0.567,0.423
688500,0.010,0.552,0.438
689000,0.013,0.567,0.421
689500,0.013,0.526,0.461
690000,0.013,0.513,0.473
690500,0.011,0.496,0.492
691000,0.011,0.510,0.478
691500,0.010,0.504,0.486
692000,0.015,0.489,0.495
692500,0.013,0.498,0.489
693000,0.011,0.493,0.496
693500,0.015,0.513,0.473
694000,0.022,0.472,0.506
694500,0.017,0.488,0.496
695000,0.013,0.482,0.504
695500,0.017,0.457,0.526
696000,0.013,0.448,0.538
696500,0.012,0.460,0.528
697000,0.018,0.448,0.534
697500,0.024,0.465,0.512
698000,0.018,0.505,0.478
698500,0.015,0.502,0.483
699000,0.016,0.507,0.477
699500,0.011,0.551,0.438
700000,0.013,0.552,0.434
700500,0.011,0.546,0.443
701000,0.011,0.561,0.428
701500,0.011,0.580,0.409
702000,0.011,0.578,0.411
702500,0.011,0.576,0.414
703000,0.010,0.559,0.430
703500,0.010,0.533,0.457
704000,0.010,0.525,0.465
704500,0.016,0.504,0.480
705000,0.015,0.499,0.487
705500,0.014,0.532,0.454
706000,0.015,0.559,0.426
706500,0.011,0.553,0.436
707000,0.010,0.532,0.458
707500,0.015,0.558,0.426
708000,0.013,0.554,0.432
708500,0.013,0.531,0.455
709000,0.015,0.522,0.463
709500,0.013,0.533,0.453
710000,0.013,0.528,0.459
710500,0.013,0.527,0.460
711000,0.011,0.501,0.488
711500,0.015,0.502,0.483
712000,0.013,0.522,0.465
712500,0.012,0.548,0.440
713000,0.012,0.567,0.421
713500,0.010,0.566,0.424
714000,0.013,0.588,0.400
714500,0.015,0.577,0.408
715000,0.013,0.543,0.443
715500,0.014,0.526,0.460
716000,0.011,0.514,0.475
716500,0.010,0.481,0.508
717000,0.014,0.495,0.490
717500,0.017,0.491,0.493
718000,0.015,0.530,0.455
718500,0.015,0.528,0.458
719000,0.015,0.511,0.474
719500,0.015,0.500,0.486
720000,0.012,0.507,0.481
720500,0.017,0.494,0.489
721000,0.017,0.490,0.494
721500,0.014,0.486,0.499
722000,0.014,0.474,0.512
722500,0.015,0.486,0.500
723000,0.015,0.518,0.468
723500,0.015,0.541,0.444
724000,0.011,0.563,0.426
724500,0.011,0.621,0.369
725000,0.013,0.588,0.399
725500,0.011,0.578,0.412
726000,0.011,0.566,0.423
726500,0.011,0.583,0.406
727000,0.011,0.584,0.406
727500,0.015,0.539,0.446
728000,0.018,0.515,0.467
728500,0.018,0.481,0.501
729000,0.021,0.508,0.471
729500,0.015,0.538,0.447
730000,0.011,0.551,0.438
730500,0.011,0.526,0.463
731000,0.011,0.499,0.489
731500,0.011,0.512,0.477
732000,0.015,0.520,0.466
732500,0.012,0.541,0.447
733000,0.013,0.526,0.462
733500,0.011,0.501,0.487
734000,0.013,0.524,0.463
734500,0.011,0.569,0.420
735000,0.013,0.570,0.418
735500,0.011,0.590,0.400
736000,0.010,0.578,0.412
736500,0.011,0.600,0.389
737000,0.011,0.559,0.430
737500,0.011,0.548,0.442
738000,0.010,0.564,0.426
738500,0.010,0.578,0.412
739000,0.010,0.569,0.421
739500,0.015,0.580,0.406
740000,0.011,0.592,0.397
740500,0.011,0.582,0.407
741000,0.013,0.590,0.397
741500,0.014,0.557,0.429
742000,0.015,0.523,0.462
742500,0.011,0.553,0.436
743000,0.013,0.552,0.434
743500,0.011,0.572,0.417
744000,0.013,0.548,0.439
744500,0.015,0.545,0.440
745000,0.014,0.544,0.442
745500,0.011,0.531,0.458
746000,0.011,0.567,0.422
746500,0.014,0.536,0.450
747000,0.015,0.514,0.471
747500,0.015,0.508,0.476
748000,0.013,0.481,0.506
748500,0.011,0.460,0.530
749000,0.019,0.453,0.528
749500,0.015,0.490,0.494
750000,0.018,0.512,0.469
750500,0.013,0.528,0.458
751000,0.012,0.553,0.434
751500,0.011,0.568,0.421
752000,0.011,0.533,0.456
752500,0.013,0.544,0.443
753000,0.013,0.548,0.440
753500,0.017,0.528,0.455
754000,0.017,0.540,0.443
754500,0.013,0.528,0.458
755000,0.011,0.535,0.454
755500,0.011,0.558,0.431
756000,0.011,0.538,0.451
756500,0.010,0.552,0.438
757000,0.011,0.577,0.412
757500,0.011,0.581,0.408
758000,0.013,0.584,0.403
758500,0.010,0.591,0.399
759000,0.010,0.558,0.431
759500,0.010,0.572,0.418
760000,0.010,0.586,0.404
760500,0.013,0.535,0.452
761000,0.015,0.518,0.468
761500,0.013,0.526,0.461
762000,0.014,0.504,0.482
762500,0.013,0.477,0.510
763000,0.011,0.476,0.513
763500,0.011,0.491,0.498
764000,0.013,0.515,0.472
764500,0.015,0.525,0.459
765000,0.013,0.530,0.457
765500,0.016,0.525,0.459
766000,0.015,0.541,0.445
766500,0.012,0.503,0.485
767000,0.012,0.526,0.462
767500,0.013,0.543,0.444
768000,0.011,0.557,0.432
768500,0.011,0.571,0.419
769000,0.011,0.510,0.478
769500,0.015,0.502,0.482
770000,0.017,0.488,0.496
770500,0.016,0.468,0.516
771000,0.017,0.476,0.508
771500,0.015,0.465,0.520
772000,0.018,0.477,0.504
772500,0.015,0.504,0.481
773000,0.013,0.490,0.496
773500,0.014,0.504,0.482
774000,0.018,0.530,0.451
774500,0.013,0.546,0.441
775000,0.015,0.550,0.434
775500,0.018,0.509,0.473
776000,0.012,0.505,0.483
776500,0.011,0.513,0.476
777000,0.013,0.527,0.460
777500,0.013,0.542,0.445
778000,0.014,0.511,0.475
778500,0.013,0.509,0.479
779000,0.011,0.488,0.502
779500,0.012,0.553,0.434
780000,0.013,0.553,0.434
780500,0.013,0.537,0.450
781000,0.011,0.560,0.428
781500,0.010,0.560,0.430
782000,0.010,0.575,0.415
782500,0.011,0.595,0.394
783000,0.011,0.560,0.429
783500,0.011,0.535,0.453
784000,0.015,0.542,0.443
784500,0.011,0.513,0.476
785000,0.010,0.517,0.473
785500,0.010,0.523,0.467
786000,0.010,0.507,0.483
786500,0.013,0.514,0.473
787000,0.011,0.503,0.486
787500,0.013,0.510,0.476
788000,0.011,0.515,0.474
788500,0.013,0.514,0.474
789000,0.011,0.527,0.462
789500,0.010,0.506,0.484
790000,0.015,0.503,0.482
790500,0.012,0.527,0.461
791000,0.015,0.493,0.492
791500,0.020,0.506,0.474
792000,0.019,0.505,0.475
792500,0.015,0.505,0.479
793000,0.013,0.496,0.491
793500,0.018,0.534,0.449
794000,0.014,0.522,0.464
794500,0.011,0.492,0.496
795000,0.015,0.516,0.469
795500,0.014,0.485,0.501
796000,0.011,0.485,0.504
796500,0.011,0.510,0.479
797000,0.013,0.523,0.463
797500,0.011,0.539,0.450
798000,0.011,0.551,0.438
798500,0.010,0.542,0.448
799000,0.013,0.540,0.446
799500,0.011,0.561,0.427
800000,0.012,0.573,0.415
800500,0.011,0.581,0.408
801000,0.012,0.576,0.412
801500,0.011,0.556,0.433
802000,0.010,0.538,0.452
802500,0.011,0.550,0.438
803000,0.011,0.530,0.460
803500,0.015,0.530,0.455
804000,0.015,0.536,0.449
804500,0.014,0.558,0.428
805000,0.016,0.553,0.430
805500,0.015,0.581,0.404
806000,0.013,0.560,0.427
806500,0.011,0.543,0.446
807000,0.013,0.524,0.464
807500,0.011,0.527,0.463
808000,0.010,0.530,0.460
808500,0.015,0.500,0.486
809000,0.024,0.489,0.487
809500,0.017,0.493,0.490
810000,0.013,0.500,0.487
810500,0.011,0.517,0.472
811000,0.011,0.516,0.473
811500,0.015,0.532,0.453
812000,0.016,0.516,0.468
812500,0.013,0.540,0.447
813000,0.011,0.527,0.462
813500,0.011,0.555,0.433
814000,0.013,0.541,0.446
814500,0.011,0.514,0.474
815000,0.013,0.509,0.478
815500,0.013,0.518,0.469
816000,0.018,0.502,0.480
816500,0.018,0.504,0.478
817000,0.015,0.530,0.455
817500,0.013,0.543,0.444
818000,0.011,0.524,0.465
818500,0.011,0.517,0.473
819000,0.021,0.472,0.506
819500,0.026,0.431,0.542
820000,0.023,0.425,0.551
820500,0.021,0.442,0.537
821000,0.019,0.467,0.514
821500,0.019,0.461,0.520
822000,0.017,0.456,0.527
822500,0.015,0.486,0.499
823000,0.018,0.498,0.485
823500,0.013,0.511,0.476
824000,0.013,0.515,0.473
824500,0.013,0.544,0.443
825000,0.011,0.493,0.495
825500,0.015,0.491,0.493
826000,0.013,0.497,0.490
826500,0.021,0.464,0.516
827000,0.017,0.494,0.490
827500,0.012,0.513,0.475
828000,0.013,0.548,0.439
828500,0.012,0.540,0.448
829000,0.011,0.538,0.450
829500,0.011,0.532,0.458
830000,0.011,0.502,0.488
830500,0.013,0.530,0.457
831000,0.012,0.540,0.448
831500,0.013,0.545,0.442
832000,0.013,0.543,0.445
832500,0.013,0.556,0.431
833000,0.013,0.557,0.429
833500,0.015,0.586,0.400
834000,0.011,0.596,0.393
834500,0.013,0.583,0.404
835000,0.011,0.576,0.413
835500,0.010,0.566,0.424
836000,0.010,0.599,0.391
836500,0.010,0.577,0.413
837000,0.010,0.563,0.427
837500,0.012,0.576,0.412
838000,0.014,0.570,0.416
838500,0.015,0.576,0.409
839000,0.011,0.537,0.452
839500,0.013,0.535,0.453
840000,0.021,0.467,0.512
840500,0.014,0.467,0.519
841000,0.013,0.505,0.483
841500,0.013,0.477,0.509
842000,0.013,0.464,0.523
842500,0.017,0.502,0.482
843000,0.018,0.519,0.464
843500,0.013,0.494,0.493
844000,0.015,0.467,0.518
844500,0.011,0.476,0.513
845000,0.013,0.479,0.509
845500,0.011,0.524,0.466
846000,0.016,0.508,0.476
846500,0.015,0.477,0.508
847000,0.016,0.468,0.516
847500,0.015,0.468,0.516
848000,0.022,0.428,0.549
848500,0.018,0.427,0.554
849000,0.018,0.459,0.522
849500,0.018,0.439,0.543
850000,0.017,0.425,0.557
850500,0.014,0.442,0.544
851000,0.021,0.445,0.534
851500,0.018,0.439,0.543
852000,0.014,0.442,0.544
852500,0.018,0.455,0.526
853000,0.023,0.475,0.502
853500,0.016,0.461,0.523
854000,0.013,0.508,0.479
854500,0.011,0.513,0.477
855000,0.015,0.519,0.466
855500,0.014,0.530,0.456
856000,0.013,0.564,0.424
856500,0.014,0.562,0.424
857000,0.013,0.535,0.453
857500,0.014,0.509,0.477
858000,0.015,0.544,0.442
858500,0.011,0.563,0.427
859000,0.015,0.550,0.434
859500,0.013,0.573,0.414
860000,0.011,0.598,0.391
860500,0.011,0.597,0.392
861000,0.011,0.596,0.393
861500,0.011,0.608,0.381
862000,0.013,0.568,0.419
862500,0.013,0.530,0.457
863000,0.013,0.549,0.438
863500,0.014,0.530,0.456
864000,0.012,0.544,0.444
864500,0.013,0.568,0.419
865000,0.013,0.541,0.446
865500,0.011,0.550,0.439
866000,0.012,0.553,0.435
866500,0.011,0.548,0.441
867000,0.011,0.547,0.442
867500,0.011,0.541,0.448
868000,0.013,0.519,0.468
868500,0.015,0.535,0.450
869000,0.016,0.553,0.431
869500,0.013,0.494,0.494
870000,0.013,0.490,0.498
870500,0.021,0.506,0.473
871000,0.017,0.505,0.478
871500,0.015,0.479,0.506
872000,0.018,0.482,0.500
872500,0.013,0.476,0.510
873000,0.015,0.494,0.492
873500,0.015,0.491,0.495
874000,0.011,0.481,0.508
874500,0.017,0.465,0.519
875000,0.017,0.476,0.508
875500,0.014,0.497,0.489
876000,0.014,0.491,0.494
876500,0.013,0.518,0.468
877000,0.015,0.478,0.507
877500,0.013,0.492,0.494
878000,0.015,0.505,0.481
878500,0.015,0.491,0.494
879000,0.015,0.484,0.502
879500,0.019,0.510,0.471
880000,0.015,0.517,0.469
880500,0.018,0.514,0.467
881000,0.011,0.512,0.477
881500,0.013,0.495,0.491
882000,0.012,0.477,0.510
882500,0.011,0.480,0.509
883000,0.011,0.506,0.483
883500,0.017,0.459,0.525
884000,0.013,0.485,0.502
884500,0.014,0.494,0.492
885000,0.011,0.501,0.487
885500,0.015,0.506,0.479
886000,0.020,0.516,0.464
886500,0.015,0.493,0.492
887000,0.016,0.501,0.483
887500,0.013,0.502,0.485
888000,0.011,0.494,0.495
888500,0.013,0.492,0.495
889000,0.016,0.502,0.482
889500,0.018,0.529,0.453
890000,0.014,0.530,0.456
890500,0.011,0.557,0.431
891000,0.011,0.595,0.394
891500,0.010,0.559,0.430
892000,0.010,0.567,0.423
892500,0.010,0.530,0.460
893000,0.012,0.513,0.475
893500,0.013,0.518,0.469
894000,0.013,0.517,0.470
894500,0.013,0.543,0.444
895000,0.012,0.539,0.449
895500,0.014,0.538,0.448
896000,0.015,0.522,0.464
896500,0.011,0.525,0.464
897000,0.013,0.525,0.462
897500,0.011,0.507,0.482
898000,0.013,0.492,0.495
898500,0.012,0.503,0.485
899000,0.012,0.522,0.466
899500,0.017,0.512,0.471
900000,0.014,0.507,0.479
900500,0.011,0.476,0.512
901000,0.013,0.500,0.487
901500,0.013,0.484,0.503
902000,0.016,0.505,0.479
902500,0.013,0.536,0.450
903000,0.011,0.543,0.446
903500,0.011,0.549,0.441
904000,0.017,0.568,0.416
904500,0.012,0.543,0.445
905000,0.011,0.573,0.416
905500,0.010,0.582,0.408
906000,0.010,0.550,0.440
906500,0.010,0.540,0.450
907000,0.010,0.552,0.438
907500,0.010,0.574,0.416
908000,0.010,0.522,0.468
908500,0.010,0.532,0.458
909000,0.010,0.512,0.478
909500,0.012,0.527,0.461
910000,0.013,0.550,0.436
910500,0.011,0.547,0.442
911000,0.011,0.533,0.456
911500,0.013,0.492,0.494
912000,0.017,0.479,0.504
912500,0.016,0.488,0.495
913000,0.013,0.507,0.479
913500,0.015,0.510,0.476
914000,0.011,0.526,0.463
914500,0.012,0.555,0.433
915000,0.011,0.540,0.449
915500,0.011,0.522,0.467
916000,0.010,0.535,0.455
916500,0.010,0.492,0.498
917000,0.012,0.505,0.483
917500,0.014,0.490,0.496
918000,0.013,0.483,0.504
918500,0.011,0.494,0.495
919000,0.011,0.507,0.483
919500,0.012,0.501,0.487
920000,0.010,0.535,0.455
920500,0.010,0.587,0.403
921000,0.011,0.577,0.412
921500,0.013,0.585,0.403
922000,0.010,0.584,0.406
922500,0.011,0.569,0.420
923000,0.011,0.536,0.454
923500,0.013,0.513,0.474
924000,0.013,0.487,0.500
924500,0.017,0.457,0.526
925000,0.018,0.470,0.513
925500,0.021,0.473,0.506
926000,0.016,0.481,0.503
926500,0.011,0.492,0.497
927000,0.012,0.499,0.489
927500,0.014,0.481,0.504
928000,0.013,0.517,0.469
928500,0.011,0.536,0.454
929000,0.011,0.539,0.451
929500,0.012,0.562,0.426
930000,0.011,0.563,0.427
930500,0.013,0.555,0.432
931000,0.011,0.530,0.459
931500,0.013,0.549,0.438
932000,0.011,0.547,0.443
932500,0.010,0.574,0.416
933000,0.010,0.584,0.406
933500,0.010,0.580,0.410
934000,0.010,0.570,0.420
934500,0.010,0.555,0.435
935000,0.014,0.537,0.449
935500,0.012,0.550,0.438
936000,0.013,0.578,0.409
936500,0.011,0.615,0.374
937000,0.011,0.583,0.406
937500,0.011,0.567,0.423
938000,0.011,0.551,0.437
938500,0.011,0.541,0.449
939000,0.010,0.559,0.431
939500,0.010,0.597,0.393
940000,0.013,0.589,0.399
940500,0.013,0.581,0.406
941000,0.013,0.559,0.428
941500,0.015,0.498,0.487
942000,0.011,0.515,0.473
942500,0.011,0.529,0.459
943000,0.011,0.530,0.459
943500,0.011,0.535,0.454
944000,0.011,0.536,0.453
944500,0.011,0.555,0.434
945000,0.018,0.526,0.457
945500,0.013,0.469,0.517
946000,0.018,0.490,0.491
946500,0.018,0.481,0.501
947000,0.013,0.526,0.461
947500,0.016,0.534,0.450
948000,0.013,0.525,0.462
948500,0.015,0.523,0.462
949000,0.011,0.540,0.449
949500,0.012,0.546,0.442
950000,0.010,0.542,0.448
950500,0.010,0.534,0.456
951000,0.010,0.534,0.456
951500,0.012,0.554,0.433
952000,0.013,0.537,0.450
952500,0.015,0.535,0.449
953000,0.015,0.511,0.475
953500,0.014,0.525,0.461
954000,0.021,0.517,0.462
954500,0.017,0.504,0.479
955000,0.022,0.495,0.482
955500,0.015,0.498,0.487
956000,0.017,0.492,0.492
956500,0.013,0.468,0.518
957000,0.013,0.487,0.499
957500,0.011,0.505,0.484
958000,0.014,0.550,0.435
958500,0.015,0.549,0.436
959000,0.011,0.567,0.422
959500,0.011,0.600,0.390
960000,0.012,0.587,0.401
960500,0.011,0.562,0.427
961000,0.011,0.561,0.428
961500,0.011,0.552,0.436
962000,0.011,0.558,0.431
962500,0.010,0.560,0.429
963000,0.010,0.568,0.422
963500,0.012,0.553,0.435
964000,0.013,0.557,0.430
964500,0.011,0.553,0.436
965000,0.010,0.556,0.433
965500,0.010,0.547,0.443
966000,0.012,0.533,0.455
966500,0.012,0.523,0.465
967000,0.010,0.478,0.512
967500,0.012,0.506,0.482
968000,0.017,0.503,0.481
968500,0.013,0.515,0.471
969000,0.019,0.505,0.475
969500,0.017,0.545,0.438
970000,0.018,0.518,0.464
970500,0.018,0.504,0.478
971000,0.016,0.483,0.501
971500,0.015,0.513,0.471
972000,0.017,0.518,0.466
972500,0.016,0.515,0.469
973000,0.015,0.514,0.472
973500,0.013,0.495,0.492
974000,0.011,0.501,0.488
974500,0.012,0.534,0.454
975000,0.011,0.547,0.442
975500,0.017,0.538,0.445
976000,0.013,0.576,0.412
976500,0.015,0.574,0.411
977000,0.015,0.575,0.411
977500,0.011,0.552,0.436
978000,0.012,0.548,0.440
978500,0.013,0.532,0.455
979000,0.013,0.542,0.445
979500,0.013,0.532,0.456
980000,0.012,0.524,0.464
980500,0.011,0.506,0.483
981000,0.011,0.511,0.479
981500,0.011,0.505,0.485
982000,0.012,0.487,0.500
982500,0.014,0.507,0.479
983000,0.013,0.505,0.482
983500,0.011,0.525,0.464
984000,0.011,0.551,0.438
984500,0.018,0.528,0.454
985000,0.015,0.506,0.479
985500,0.013,0.502,0.484
986000,0.012,0.508,0.480
986500,0.011,0.541,0.449
987000,0.011,0.535,0.455
987500,0.012,0.575,0.413
988000,0.011,0.590,0.400
988500,0.013,0.529,0.459
989000,0.013,0.521,0.466
989500,0.011,0.553,0.435
990000,0.013,0.543,0.444
990500,0.013,0.554,0.432
991000,0.011,0.542,0.447
991500,0.012,0.481,0.507
992000,0.013,0.466,0.522
992500,0.014,0.482,0.504
993000,0.015,0.493,0.492
993500,0.013,0.499,0.489
994000,0.011,0.538,0.452
994500,0.010,0.547,0.443
995000,0.010,0.567,0.423
995500,0.012,0.577,0.411
996000,0.011,0.572,0.418
996500,0.011,0.545,0.444
997000,0.011,0.537,0.453
997500,0.011,0.537,0.452
998000,0.011,0.549,0.440
998500,0.011,0.551,0.438
999000,0.010,0.556,0.433
999500,0.013,0.557,0.429
1000000,0.011,0.551,0.438
