time,n_A+p,n_B,n_AB
500,0.050,0.450,0.500
1000,0.050,0.293,0.657
1500,0.050,0.310,0.640
2000,0.050,0.292,0.658
2500,0.059,0.251,0.690
3000,0.050,0.312,0.638
3500,0.050,0.248,0.702
4000,0.050,0.229,0.721
4500,0.088,0.121,0.791
5000,0.061,0.179,0.760
5500,0.065,0.233,0.702
6000,0.050,0.329,0.621
6500,0.050,0.308,0.642
7000,0.050,0.310,0.640
7500,0.050,0.284,0.666
8000,0.059,0.236,0.705
8500,0.050,0.223,0.727
9000,0.050,0.297,0.653
9500,0.050,0.228,0.722
10000,0.211,0.038,0.751
10500,0.838,0.000,0.162
11000,0.995,0.000,0.005
11500,1.000,0.000,0.000
