time,n_A+p,n_B,n_AB
1000,0.124,0.149,0.727
2000,0.101,0.180,0.719
3000,0.124,0.136,0.740
4000,0.172,0.098,0.730
5000,0.328,0.036,0.636
6000,0.267,0.046,0.687
7000,0.252,0.049,0.699
8000,0.328,0.032,0.640
9000,0.286,0.022,0.692
10000,0.292,0.018,0.690
11000,0.235,0.052,0.713
12000,0.249,0.069,0.682
13000,0.257,0.036,0.707
14000,0.313,0.011,0.676
15000,0.424,0.016,0.560
16000,0.326,0.016,0.658
17000,0.309,0.025,0.666
18000,0.355,0.012,0.633
19000,0.249,0.047,0.704
20000,0.317,0.030,0.653
21000,0.298,0.022,0.680
22000,0.261,0.032,0.707
23000,0.294,0.027,0.679
24000,0.344,0.012,0.644
25000,0.383,0.009,0.608
26000,0.370,0.011,0.619
27000,0.338,0.006,0.656
28000,0.332,0.010,0.658
29000,0.310,0.018,0.672
30000,0.372,0.020,0.608
31000,0.357,0.009,0.634
32000,0.395,0.005,0.600
33000,0.326,0.017,0.657
34000,0.359,0.016,0.625
35000,0.367,0.024,0.609
36000,0.292,0.018,0.690
37000,0.349,0.036,0.615
38000,0.266,0.048,0.686
39000,0.322,0.024,0.654
40000,0.291,0.025,0.684
41000,0.349,0.021,0.630
42000,0.371,0.007,0.622
43000,0.395,0.018,0.587
44000,0.335,0.018,0.647
45000,0.264,0.044,0.692
46000,0.214,0.053,0.733
47000,0.305,0.016,0.679
48000,0.310,0.029,0.661
49000,0.305,0.026,0.669
50000,0.310,0.029,0.661
51000,0.322,0.014,0.664
52000,0.310,0.017,0.673
53000,0.332,0.016,0.652
54000,0.332,0.035,0.633
55000,0.390,0.016,0.594
56000,0.358,0.010,0.632
57000,0.378,0.008,0.614
58000,0.383,0.007,0.610
59000,0.358,0.015,0.627
60000,0.378,0.012,0.610
61000,0.362,0.018,0.620
62000,0.319,0.027,0.654
63000,0.301,0.036,0.663
64000,0.334,0.019,0.647
65000,0.311,0.028,0.661
66000,0.235,0.069,0.696
67000,0.234,0.058,0.708
68000,0.236,0.068,0.696
69000,0.206,0.070,0.724
70000,0.295,0.036,0.669
71000,0.250,0.070,0.680
72000,0.234,0.056,0.710
73000,0.242,0.044,0.714
74000,0.171,0.063,0.766
75000,0.216,0.077,0.707
76000,0.199,0.075,0.726
77000,0.268,0.058,0.674
78000,0.302,0.022,0.676
79000,0.343,0.024,0.633
80000,0.270,0.039,0.691
81000,0.270,0.018,0.712
82000,0.292,0.032,0.676
83000,0.317,0.025,0.658
84000,0.313,0.028,0.659
85000,0.250,0.028,0.722
86000,0.377,0.015,0.608
87000,0.324,0.009,0.667
88000,0.323,0.021,0.656
89000,0.340,0.028,0.632
90000,0.253,0.045,0.702
91000,0.272,0.024,0.704
92000,0.162,0.092,0.746
93000,0.156,0.104,0.740
94000,0.219,0.048,0.733
95000,0.372,0.015,0.613
96000,0.396,0.013,0.591
97000,0.439,0.016,0.545
98000,0.385,0.005,0.610
99000,0.278,0.021,0.701
100000,0.326,0.021,0.653
101000,0.318,0.022,0.660
102000,0.318,0.025,0.657
103000,0.361,0.007,0.632
104000,0.384,0.012,0.604
105000,0.350,0.005,0.645
106000,0.239,0.034,0.727
107000,0.318,0.017,0.665
108000,0.325,0.013,0.662
109000,0.237,0.052,0.711
110000,0.247,0.062,0.691
111000,0.299,0.053,0.648
112000,0.307,0.011,0.682
113000,0.293,0.017,0.690
114000,0.205,0.063,0.732
115000,0.243,0.037,0.720
116000,0.262,0.055,0.683
117000,0.206,0.069,0.725
118000,0.212,0.046,0.742
119000,0.241,0.046,0.713
120000,0.267,0.026,0.707
121000,0.276,0.038,0.686
122000,0.362,0.020,0.618
123000,0.323,0.023,0.654
124000,0.332,0.011,0.657
125000,0.218,0.069,0.713
126000,0.266,0.038,0.696
127000,0.267,0.036,0.697
128000,0.251,0.037,0.712
129000,0.227,0.050,0.723
130000,0.176,0.073,0.751
131000,0.202,0.076,0.722
132000,0.240,0.096,0.664
133000,0.231,0.048,0.721
134000,0.310,0.039,0.651
135000,0.362,0.016,0.622
136000,0.307,0.030,0.663
137000,0.339,0.020,0.641
138000,0.342,0.013,0.645
139000,0.315,0.021,0.664
140000,0.365,0.012,0.623
141000,0.387,0.011,0.602
142000,0.350,0.013,0.637
143000,0.352,0.024,0.624
144000,0.265,0.007,0.728
145000,0.271,0.033,0.696
146000,0.307,0.016,0.677
147000,0.344,0.021,0.635
148000,0.289,0.049,0.662
149000,0.271,0.028,0.701
150000,0.247,0.055,0.698
151000,0.248,0.038,0.714
152000,0.294,0.026,0.680
153000,0.321,0.016,0.663
154000,0.303,0.033,0.664
155000,0.277,0.034,0.689
156000,0.270,0.035,0.695
157000,0.289,0.026,0.685
158000,0.339,0.018,0.643
159000,0.355,0.006,0.639
160000,0.349,0.012,0.639
161000,0.374,0.021,0.605
162000,0.362,0.019,0.619
163000,0.385,0.011,0.604
164000,0.350,0.023,0.627
165000,0.336,0.023,0.641
166000,0.251,0.033,0.716
167000,0.256,0.057,0.687
168000,0.297,0.038,0.665
169000,0.268,0.031,0.701
170000,0.299,0.022,0.679
171000,0.236,0.051,0.713
172000,0.316,0.029,0.655
173000,0.280,0.027,0.693
174000,0.278,0.028,0.694
175000,0.285,0.026,0.689
176000,0.285,0.029,0.686
177000,0.383,0.012,0.605
178000,0.320,0.016,0.664
179000,0.340,0.022,0.638
180000,0.360,0.012,0.628
181000,0.376,0.000,0.624
182000,0.366,0.017,0.617
183000,0.379,0.019,0.602
184000,0.342,0.015,0.643
185000,0.259,0.031,0.710
186000,0.245,0.062,0.693
187000,0.169,0.068,0.763
188000,0.197,0.071,0.732
189000,0.276,0.052,0.672
190000,0.245,0.052,0.703
191000,0.217,0.066,0.717
192000,0.204,0.077,0.719
193000,0.230,0.072,0.698
194000,0.231,0.053,0.716
195000,0.265,0.043,0.692
196000,0.171,0.081,0.748
197000,0.267,0.026,0.707
198000,0.316,0.018,0.666
199000,0.280,0.055,0.665
200000,0.332,0.029,0.639
201000,0.278,0.023,0.699
202000,0.363,0.019,0.618
203000,0.349,0.012,0.639
204000,0.345,0.019,0.636
205000,0.367,0.005,0.628
206000,0.296,0.015,0.689
207000,0.283,0.060,0.657
208000,0.250,0.036,0.714
209000,0.295,0.037,0.668
210000,0.273,0.009,0.718
211000,0.325,0.014,0.661
212000,0.368,0.026,0.606
213000,0.283,0.038,0.679
214000,0.286,0.010,0.704
215000,0.284,0.044,0.672
216000,0.291,0.040,0.669
217000,0.270,0.040,0.690
218000,0.272,0.044,0.684
219000,0.261,0.036,0.703
220000,0.304,0.048,0.648
221000,0.192,0.075,0.733
222000,0.167,0.108,0.725
223000,0.231,0.052,0.717
224000,0.184,0.057,0.759
225000,0.259,0.033,0.708
226000,0.221,0.041,0.738
227000,0.309,0.036,0.655
228000,0.255,0.027,0.718
229000,0.264,0.050,0.686
230000,0.313,0.032,0.655
231000,0.293,0.026,0.681
232000,0.304,0.036,0.660
233000,0.312,0.021,0.667
234000,0.310,0.017,0.673
235000,0.400,0.003,0.597
236000,0.337,0.020,0.643
237000,0.372,0.038,0.590
238000,0.313,0.015,0.672
239000,0.232,0.053,0.715
240000,0.242,0.055,0.703
241000,0.303,0.050,0.647
242000,0.245,0.028,0.727
243000,0.194,0.059,0.747
244000,0.279,0.025,0.696
245000,0.228,0.066,0.706
246000,0.305,0.026,0.669
247000,0.348,0.025,0.627
248000,0.277,0.042,0.681
249000,0.362,0.017,0.621
250000,0.339,0.016,0.645
251000,0.254,0.020,0.726
252000,0.327,0.007,0.666
253000,0.342,0.007,0.651
254000,0.384,0.013,0.603
255000,0.260,0.044,0.696
256000,0.250,0.054,0.696
257000,0.316,0.052,0.632
258000,0.256,0.039,0.705
259000,0.255,0.038,0.707
260000,0.294,0.040,0.666
261000,0.319,0.024,0.657
262000,0.270,0.058,0.672
263000,0.172,0.077,0.751
264000,0.134,0.150,0.716
265000,0.128,0.146,0.726
266000,0.138,0.094,0.768
267000,0.125,0.118,0.757
268000,0.173,0.076,0.751
269000,0.250,0.043,0.707
270000,0.313,0.032,0.655
271000,0.387,0.010,0.603
272000,0.362,0.014,0.624
273000,0.339,0.016,0.645
274000,0.400,0.011,0.589
275000,0.441,0.010,0.549
276000,0.393,0.013,0.594
277000,0.441,0.007,0.552
278000,0.381,0.013,0.606
279000,0.346,0.019,0.635
280000,0.302,0.022,0.676
281000,0.357,0.015,0.628
282000,0.272,0.033,0.695
283000,0.305,0.037,0.658
284000,0.278,0.046,0.676
285000,0.350,0.031,0.619
286000,0.387,0.004,0.609
287000,0.333,0.019,0.648
288000,0.350,0.018,0.632
289000,0.382,0.015,0.603
290000,0.319,0.023,0.658
291000,0.186,0.065,0.749
292000,0.243,0.074,0.683
293000,0.211,0.065,0.724
294000,0.259,0.078,0.663
295000,0.238,0.052,0.710
296000,0.270,0.046,0.684
297000,0.237,0.068,0.695
298000,0.179,0.066,0.755
299000,0.160,0.080,0.760
300000,0.185,0.069,0.746
301000,0.208,0.070,0.722
302000,0.181,0.067,0.752
303000,0.106,0.155,0.739
304000,0.116,0.097,0.787
305000,0.090,0.125,0.785
306000,0.158,0.097,0.745
307000,0.134,0.142,0.724
308000,0.142,0.091,0.767
309000,0.220,0.050,0.730
310000,0.180,0.055,0.765
311000,0.211,0.054,0.735
312000,0.233,0.038,0.729
313000,0.286,0.021,0.693
314000,0.259,0.046,0.695
315000,0.324,0.022,0.654
316000,0.243,0.046,0.711
317000,0.257,0.033,0.710
318000,0.299,0.035,0.666
319000,0.217,0.053,0.730
320000,0.255,0.035,0.710
321000,0.234,0.048,0.718
322000,0.308,0.042,0.650
323000,0.359,0.017,0.624
324000,0.310,0.014,0.676
325000,0.366,0.017,0.617
326000,0.246,0.047,0.707
327000,0.382,0.009,0.609
328000,0.395,0.011,0.594
329000,0.295,0.024,0.681
330000,0.246,0.023,0.731
331000,0.257,0.023,0.720
332000,0.249,0.044,0.707
333000,0.280,0.028,0.692
334000,0.242,0.059,0.699
335000,0.323,0.048,0.629
336000,0.326,0.025,0.649
337000,0.304,0.018,0.678
338000,0.285,0.021,0.694
339000,0.299,0.045,0.656
340000,0.376,0.022,0.602
341000,0.380,0.013,0.607
342000,0.335,0.014,0.651
343000,0.336,0.023,0.641
344000,0.323,0.010,0.667
345000,0.316,0.020,0.664
346000,0.284,0.017,0.699
347000,0.256,0.020,0.724
348000,0.230,0.045,0.725
349000,0.279,0.028,0.693
350000,0.266,0.045,0.689
351000,0.302,0.043,0.655
352000,0.271,0.024,0.705
353000,0.266,0.023,0.711
354000,0.265,0.052,0.683
355000,0.193,0.070,0.737
356000,0.163,0.087,0.750
357000,0.158,0.092,0.750
358000,0.192,0.089,0.719
359000,0.179,0.062,0.759
360000,0.179,0.090,0.731
361000,0.203,0.086,0.711
362000,0.256,0.054,0.690
363000,0.214,0.053,0.733
364000,0.204,0.077,0.719
365000,0.183,0.088,0.729
366000,0.249,0.042,0.709
367000,0.209,0.052,0.739
368000,0.249,0.036,0.715
369000,0.242,0.036,0.722
370000,0.270,0.040,0.690
371000,0.293,0.021,0.686
372000,0.274,0.031,0.695
373000,0.237,0.050,0.713
374000,0.238,0.051,0.711
375000,0.239,0.073,0.688
376000,0.236,0.055,0.709
377000,0.195,0.079,0.726
378000,0.142,0.090,0.768
379000,0.241,0.055,0.704
380000,0.249,0.032,0.719
381000,0.208,0.060,0.732
382000,0.222,0.056,0.722
383000,0.235,0.062,0.703
384000,0.277,0.035,0.688
385000,0.288,0.017,0.695
386000,0.291,0.032,0.677
387000,0.254,0.046,0.700
388000,0.243,0.047,0.710
389000,0.291,0.015,0.694
390000,0.312,0.028,0.660
391000,0.239,0.058,0.703
392000,0.259,0.050,0.691
393000,0.282,0.023,0.695
394000,0.327,0.012,0.661
395000,0.296,0.029,0.675
396000,0.368,0.024,0.608
397000,0.347,0.033,0.620
398000,0.303,0.017,0.680
399000,0.275,0.032,0.693
400000,0.259,0.028,0.713
401000,0.323,0.036,0.641
402000,0.286,0.021,0.693
403000,0.294,0.031,0.675
404000,0.251,0.054,0.695
405000,0.220,0.051,0.729
406000,0.263,0.043,0.694
407000,0.326,0.018,0.656
408000,0.347,0.020,0.633
409000,0.396,0.011,0.593
410000,0.370,0.024,0.606
411000,0.388,0.006,0.606
412000,0.333,0.010,0.657
413000,0.317,0.036,0.647
414000,0.373,0.014,0.613
415000,0.348,0.028,0.624
416000,0.282,0.016,0.702
417000,0.289,0.010,0.701
418000,0.264,0.028,0.708
419000,0.328,0.018,0.654
420000,0.312,0.020,0.668
421000,0.346,0.009,0.645
422000,0.321,0.022,0.657
423000,0.391,0.012,0.597
424000,0.390,0.008,0.602
425000,0.415,0.010,0.575
426000,0.337,0.023,0.640
427000,0.282,0.050,0.668
428000,0.293,0.029,0.678
429000,0.237,0.033,0.730
430000,0.175,0.066,0.759
431000,0.104,0.142,0.754
432000,0.100,0.123,0.777
433000,0.092,0.149,0.759
434000,0.113,0.158,0.729
435000,0.091,0.167,0.742
436000,0.094,0.179,0.727
437000,0.091,0.150,0.759
438000,0.073,0.251,0.676
439000,0.044,0.251,0.705
440000,0.045,0.279,0.676
441000,0.049,0.254,0.697
442000,0.048,0.237,0.715
443000,0.038,0.217,0.745
444000,0.035,0.264,0.701
445000,0.047,0.266,0.687
446000,0.031,0.236,0.733
447000,0.019,0.253,0.728
448000,0.059,0.289,0.652
449000,0.037,0.276,0.687
450000,0.013,0.336,0.651
451000,0.033,0.293,0.674
452000,0.013,0.282,0.705
453000,0.017,0.285,0.698
454000,0.023,0.292,0.685
455000,0.036,0.296,0.668
456000,0.022,0.287,0.691
457000,0.082,0.222,0.696
458000,0.032,0.255,0.713
459000,0.020,0.401,0.579
460000,0.014,0.326,0.660
461000,0.028,0.308,0.664
462000,0.017,0.303,0.680
463000,0.056,0.236,0.708
464000,0.046,0.245,0.709
465000,0.038,0.292,0.670
466000,0.021,0.353,0.626
467000,0.015,0.363,0.622
468000,0.015,0.329,0.656
469000,0.018,0.317,0.665
470000,0.005,0.327,0.668
471000,0.052,0.251,0.697
472000,0.042,0.250,0.708
473000,0.046,0.271,0.683
474000,0.037,0.291,0.672
475000,0.043,0.282,0.675
476000,0.026,0.326,0.648
477000,0.010,0.386,0.604
478000,0.023,0.353,0.624
479000,0.010,0.344,0.646
480000,0.011,0.320,0.669
481000,0.035,0.327,0.638
482000,0.017,0.278,0.705
483000,0.038,0.287,0.675
484000,0.016,0.339,0.645
485000,0.044,0.275,0.681
486000,0.027,0.314,0.659
487000,0.027,0.340,0.633
488000,0.024,0.328,0.648
489000,0.030,0.322,0.648
490000,0.025,0.326,0.649
491000,0.016,0.335,0.649
492000,0.085,0.219,0.696
493000,0.054,0.224,0.722
494000,0.049,0.255,0.696
495000,0.044,0.264,0.692
496000,0.045,0.303,0.652
497000,0.014,0.375,0.611
498000,0.006,0.337,0.657
499000,0.004,0.382,0.614
500000,0.023,0.322,0.655
501000,0.008,0.346,0.646
502000,0.033,0.335,0.632
503000,0.033,0.289,0.678
504000,0.054,0.288,0.658
505000,0.013,0.357,0.630
506000,0.007,0.385,0.608
507000,0.006,0.423,0.571
508000,0.010,0.425,0.565
509000,0.003,0.384,0.613
510000,0.007,0.385,0.608
511000,0.017,0.353,0.630
512000,0.034,0.354,0.612
513000,0.028,0.272,0.700
514000,0.057,0.235,0.708
515000,0.060,0.218,0.722
516000,0.062,0.240,0.698
517000,0.053,0.229,0.718
518000,0.058,0.261,0.681
519000,0.018,0.264,0.718
520000,0.008,0.395,0.597
521000,0.011,0.354,0.635
522000,0.013,0.389,0.598
523000,0.032,0.329,0.639
524000,0.035,0.292,0.673
525000,0.041,0.269,0.690
526000,0.064,0.157,0.779
527000,0.059,0.239,0.702
528000,0.039,0.214,0.747
529000,0.027,0.260,0.713
530000,0.020,0.312,0.668
531000,0.020,0.354,0.626
532000,0.020,0.317,0.663
533000,0.010,0.350,0.640
534000,0.010,0.396,0.594
535000,0.013,0.413,0.574
536000,0.008,0.384,0.608
537000,0.025,0.324,0.651
538000,0.054,0.269,0.677
539000,0.047,0.238,0.715
540000,0.061,0.213,0.726
541000,0.035,0.244,0.721
542000,0.048,0.294,0.658
543000,0.036,0.314,0.650
544000,0.055,0.253,0.692
545000,0.058,0.215,0.727
546000,0.047,0.243,0.710
547000,0.030,0.306,0.664
548000,0.023,0.307,0.670
549000,0.018,0.314,0.668
550000,0.008,0.395,0.597
551000,0.012,0.360,0.628
552000,0.030,0.366,0.604
553000,0.007,0.402,0.591
554000,0.001,0.416,0.583
555000,0.029,0.353,0.618
556000,0.002,0.419,0.579
557000,0.004,0.418,0.578
558000,0.007,0.366,0.627
559000,0.018,0.392,0.590
560000,0.007,0.375,0.618
561000,0.042,0.299,0.659
562000,0.036,0.288,0.676
563000,0.021,0.315,0.664
564000,0.027,0.320,0.653
565000,0.018,0.294,0.688
566000,0.063,0.232,0.705
567000,0.065,0.200,0.735
568000,0.026,0.279,0.695
569000,0.031,0.302,0.667
570000,0.059,0.237,0.704
571000,0.057,0.205,0.738
572000,0.056,0.208,0.736
573000,0.060,0.197,0.743
574000,0.041,0.262,0.697
575000,0.034,0.328,0.638
576000,0.050,0.271,0.679
577000,0.041,0.284,0.675
578000,0.019,0.360,0.621
579000,0.021,0.280,0.699
580000,0.058,0.209,0.733
581000,0.054,0.217,0.729
582000,0.079,0.186,0.735
583000,0.059,0.191,0.750
584000,0.037,0.220,0.743
585000,0.048,0.207,0.745
586000,0.028,0.216,0.756
587000,0.042,0.251,0.707
588000,0.028,0.328,0.644
589000,0.044,0.240,0.716
590000,0.035,0.263,0.702
591000,0.024,0.310,0.666
592000,0.032,0.276,0.692
593000,0.029,0.245,0.726
594000,0.072,0.220,0.708
595000,0.104,0.138,0.758
596000,0.133,0.099,0.768
597000,0.126,0.163,0.711
598000,0.067,0.138,0.795
599000,0.101,0.150,0.749
600000,0.073,0.196,0.731
601000,0.093,0.146,0.761
602000,0.074,0.215,0.711
603000,0.092,0.174,0.734
604000,0.050,0.227,0.723
605000,0.036,0.218,0.746
606000,0.046,0.217,0.737
607000,0.027,0.238,0.735
608000,0.045,0.202,0.753
609000,0.043,0.195,0.762
610000,0.058,0.215,0.727
611000,0.050,0.240,0.710
612000,0.033,0.270,0.697
613000,0.050,0.290,0.660
614000,0.049,0.268,0.683
615000,0.044,0.265,0.691
616000,0.028,0.250,0.722
617000,0.043,0.256,0.701
618000,0.043,0.229,0.728
619000,0.026,0.244,0.730
620000,0.065,0.203,0.732
621000,0.045,0.239,0.716
622000,0.042,0.245,0.713
623000,0.039,0.246,0.715
624000,0.014,0.289,0.697
625000,0.038,0.322,0.640
626000,0.026,0.317,0.657
627000,0.017,0.273,0.710
628000,0.063,0.196,0.741
629000,0.053,0.242,0.705
630000,0.042,0.294,0.664
631000,0.024,0.307,0.669
632000,0.045,0.235,0.720
633000,0.043,0.248,0.709
634000,0.056,0.240,0.704
635000,0.037,0.235,0.728
636000,0.060,0.227,0.713
637000,0.023,0.267,0.710
638000,0.026,0.315,0.659
639000,0.015,0.379,0.606
640000,0.007,0.413,0.580
641000,0.014,0.347,0.639
642000,0.007,0.367,0.626
643000,0.025,0.345,0.630
644000,0.005,0.372,0.623
645000,0.011,0.318,0.671
646000,0.043,0.254,0.703
647000,0.025,0.273,0.702
648000,0.036,0.331,0.633
649000,0.013,0.374,0.613
650000,0.039,0.244,0.717
651000,0.033,0.303,0.664
652000,0.043,0.259,0.698
653000,0.030,0.234,0.736
654000,0.086,0.216,0.698
655000,0.104,0.104,0.792
656000,0.145,0.107,0.748
657000,0.121,0.147,0.732
658000,0.087,0.169,0.744
659000,0.034,0.295,0.671
660000,0.037,0.285,0.678
661000,0.029,0.298,0.673
662000,0.013,0.344,0.643
663000,0.022,0.375,0.603
664000,0.024,0.316,0.660
665000,0.054,0.268,0.678
666000,0.032,0.250,0.718
667000,0.025,0.266,0.709
668000,0.026,0.311,0.663
669000,0.033,0.316,0.651
670000,0.017,0.344,0.639
671000,0.006,0.455,0.539
672000,0.014,0.371,0.615
673000,0.026,0.320,0.654
674000,0.007,0.374,0.619
675000,0.015,0.370,0.615
676000,0.013,0.323,0.664
677000,0.015,0.325,0.660
678000,0.005,0.412,0.583
679000,0.006,0.402,0.592
680000,0.001,0.370,0.629
681000,0.021,0.366,0.613
682000,0.007,0.400,0.593
683000,0.009,0.422,0.569
684000,0.000,0.480,0.520
685000,0.002,0.509,0.489
686000,0.000,0.410,0.590
687000,0.008,0.406,0.586
688000,0.024,0.360,0.616
689000,0.006,0.368,0.626
690000,0.005,0.409,0.586
691000,0.013,0.398,0.589
692000,0.012,0.314,0.674
693000,0.039,0.261,0.700
694000,0.059,0.255,0.686
695000,0.020,0.297,0.683
696000,0.040,0.280,0.680
697000,0.030,0.314,0.656
698000,0.011,0.401,0.588
699000,0.017,0.370,0.613
700000,0.005,0.390,0.605
701000,0.015,0.368,0.617
702000,0.012,0.363,0.625
703000,0.018,0.291,0.691
704000,0.026,0.270,0.704
705000,0.012,0.375,0.613
706000,0.022,0.321,0.657
707000,0.016,0.355,0.629
708000,0.020,0.364,0.616
709000,0.012,0.364,0.624
710000,0.034,0.272,0.694
711000,0.007,0.313,0.680
712000,0.018,0.322,0.660
713000,0.021,0.290,0.689
714000,0.040,0.232,0.728
715000,0.087,0.194,0.719
716000,0.056,0.194,0.750
717000,0.014,0.325,0.661
718000,0.032,0.313,0.655
719000,0.009,0.312,0.679
720000,0.006,0.322,0.672
721000,0.015,0.310,0.675
722000,0.046,0.262,0.692
723000,0.048,0.210,0.742
724000,0.052,0.222,0.726
725000,0.103,0.186,0.711
726000,0.101,0.111,0.788
727000,0.099,0.206,0.695
728000,0.073,0.164,0.763
729000,0.092,0.174,0.734
730000,0.074,0.194,0.732
731000,0.120,0.188,0.692
732000,0.099,0.186,0.715
733000,0.052,0.239,0.709
734000,0.047,0.226,0.727
735000,0.039,0.246,0.715
736000,0.044,0.237,0.719
737000,0.042,0.265,0.693
738000,0.030,0.278,0.692
739000,0.046,0.266,0.688
740000,0.031,0.311,0.658
741000,0.032,0.254,0.714
742000,0.053,0.269,0.678
743000,0.033,0.341,0.626
744000,0.015,0.297,0.688
745000,0.029,0.248,0.723
746000,0.030,0.320,0.650
747000,0.033,0.305,0.662
748000,0.026,0.326,0.648
749000,0.031,0.332,0.637
750000,0.019,0.312,0.669
751000,0.012,0.324,0.664
752000,0.012,0.350,0.638
753000,0.018,0.321,0.661
754000,0.014,0.275,0.711
755000,0.019,0.304,0.677
756000,0.020,0.348,0.632
757000,0.015,0.397,0.588
758000,0.026,0.366,0.608
759000,0.023,0.262,0.715
760000,0.059,0.217,0.724
761000,0.046,0.235,0.719
762000,0.030,0.281,0.689
763000,0.050,0.284,0.666
764000,0.042,0.212,0.746
765000,0.042,0.206,0.752
766000,0.028,0.244,0.728
767000,0.050,0.248,0.702
768000,0.062,0.196,0.742
769000,0.038,0.265,0.697
770000,0.027,0.282,0.691
771000,0.023,0.321,0.656
772000,0.021,0.313,0.666
773000,0.007,0.374,0.619
774000,0.013,0.355,0.632
775000,0.033,0.307,0.660
776000,0.050,0.261,0.689
777000,0.068,0.245,0.687
778000,0.037,0.253,0.710
779000,0.011,0.395,0.594
780000,0.009,0.350,0.641
781000,0.032,0.220,0.748
782000,0.046,0.304,0.650
783000,0.044,0.213,0.743
784000,0.072,0.203,0.725
785000,0.118,0.129,0.753
786000,0.146,0.085,0.769
787000,0.186,0.080,0.734
788000,0.197,0.074,0.729
789000,0.132,0.116,0.752
790000,0.108,0.157,0.735
791000,0.097,0.170,0.733
792000,0.130,0.117,0.753
793000,0.219,0.062,0.719
794000,0.203,0.100,0.697
795000,0.192,0.066,0.742
796000,0.178,0.073,0.749
797000,0.280,0.042,0.678
798000,0.321,0.011,0.668
799000,0.334,0.032,0.634
800000,0.298,0.019,0.683
801000,0.219,0.050,0.731
802000,0.212,0.072,0.716
803000,0.214,0.074,0.712
804000,0.210,0.086,0.704
805000,0.278,0.043,0.679
806000,0.268,0.030,0.702
807000,0.317,0.028,0.655
808000,0.224,0.060,0.716
809000,0.260,0.064,0.676
810000,0.268,0.034,0.698
811000,0.316,0.021,0.663
812000,0.361,0.022,0.617
813000,0.359,0.014,0.627
814000,0.434,0.001,0.565
815000,0.423,0.001,0.576
816000,0.352,0.019,0.629
817000,0.306,0.013,0.681
818000,0.278,0.044,0.678
819000,0.252,0.069,0.679
820000,0.185,0.060,0.755
821000,0.224,0.057,0.719
822000,0.186,0.076,0.738
823000,0.219,0.041,0.740
824000,0.223,0.040,0.737
825000,0.292,0.031,0.677
826000,0.274,0.034,0.692
827000,0.212,0.041,0.747
828000,0.247,0.033,0.720
829000,0.212,0.062,0.726
830000,0.223,0.034,0.743
831000,0.220,0.036,0.744
832000,0.229,0.052,0.719
833000,0.257,0.050,0.693
834000,0.223,0.058,0.719
835000,0.196,0.094,0.710
836000,0.257,0.042,0.701
837000,0.296,0.017,0.687
838000,0.267,0.041,0.692
839000,0.230,0.038,0.732
840000,0.277,0.037,0.686
841000,0.271,0.035,0.694
842000,0.258,0.015,0.727
843000,0.319,0.030,0.651
844000,0.286,0.027,0.687
845000,0.390,0.011,0.599
846000,0.446,0.006,0.548
847000,0.353,0.009,0.638
848000,0.394,0.004,0.602
849000,0.345,0.007,0.648
850000,0.362,0.012,0.626
851000,0.354,0.028,0.618
852000,0.301,0.045,0.654
853000,0.312,0.024,0.664
854000,0.398,0.007,0.595
855000,0.326,0.034,0.640
856000,0.257,0.041,0.702
857000,0.194,0.072,0.734
858000,0.258,0.035,0.707
859000,0.321,0.021,0.658
860000,0.362,0.015,0.623
861000,0.355,0.013,0.632
862000,0.371,0.008,0.621
863000,0.364,0.029,0.607
864000,0.338,0.031,0.631
865000,0.336,0.028,0.636
866000,0.327,0.013,0.660
867000,0.253,0.047,0.700
868000,0.277,0.037,0.686
869000,0.262,0.039,0.699
870000,0.231,0.049,0.720
871000,0.228,0.039,0.733
872000,0.310,0.035,0.655
873000,0.317,0.024,0.659
874000,0.337,0.014,0.649
875000,0.325,0.022,0.653
876000,0.319,0.016,0.665
877000,0.261,0.035,0.704
878000,0.257,0.048,0.695
879000,0.281,0.029,0.690
880000,0.278,0.038,0.684
881000,0.307,0.020,0.673
882000,0.271,0.050,0.679
883000,0.331,0.030,0.639
884000,0.324,0.011,0.665
885000,0.366,0.013,0.621
886000,0.254,0.021,0.725
887000,0.190,0.055,0.755
888000,0.195,0.076,0.729
889000,0.235,0.046,0.719
890000,0.315,0.010,0.675
891000,0.334,0.016,0.650
892000,0.360,0.005,0.635
893000,0.300,0.026,0.674
894000,0.311,0.018,0.671
895000,0.334,0.027,0.639
896000,0.342,0.008,0.650
897000,0.343,0.015,0.642
898000,0.354,0.010,0.636
899000,0.301,0.021,0.678
900000,0.341,0.023,0.636
901000,0.331,0.025,0.644
902000,0.302,0.023,0.675
903000,0.314,0.007,0.679
904000,0.313,0.022,0.665
905000,0.339,0.019,0.642
906000,0.234,0.038,0.728
907000,0.185,0.072,0.743
908000,0.220,0.048,0.732
909000,0.289,0.025,0.686
910000,0.318,0.029,0.653
911000,0.337,0.018,0.645
912000,0.376,0.016,0.608
913000,0.371,0.009,0.620
914000,0.349,0.024,0.627
915000,0.270,0.025,0.705
916000,0.327,0.022,0.651
917000,0.285,0.035,0.680
918000,0.291,0.037,0.672
919000,0.297,0.021,0.682
920000,0.377,0.009,0.614
921000,0.423,0.000,0.577
922000,0.338,0.009,0.653
923000,0.385,0.019,0.596
924000,0.320,0.034,0.646
925000,0.370,0.026,0.604
926000,0.352,0.007,0.641
927000,0.340,0.021,0.639
928000,0.307,0.017,0.676
929000,0.312,0.041,0.647
930000,0.330,0.026,0.644
931000,0.332,0.012,0.656
932000,0.317,0.009,0.674
933000,0.367,0.016,0.617
934000,0.320,0.015,0.665
935000,0.323,0.023,0.654
936000,0.351,0.015,0.634
937000,0.297,0.033,0.670
938000,0.308,0.026,0.666
939000,0.313,0.026,0.661
940000,0.288,0.042,0.670
941000,0.294,0.018,0.688
942000,0.360,0.014,0.626
943000,0.315,0.036,0.649
944000,0.236,0.033,0.731
945000,0.295,0.025,0.680
946000,0.366,0.022,0.612
947000,0.350,0.007,0.643
948000,0.293,0.021,0.686
949000,0.335,0.025,0.640
950000,0.280,0.031,0.689
951000,0.302,0.024,0.674
952000,0.327,0.016,0.657
953000,0.336,0.021,0.643
954000,0.325,0.006,0.669
955000,0.389,0.015,0.596
956000,0.296,0.021,0.683
957000,0.325,0.027,0.648
958000,0.335,0.046,0.619
959000,0.294,0.022,0.684
960000,0.314,0.034,0.652
961000,0.270,0.032,0.698
962000,0.226,0.042,0.732
963000,0.195,0.065,0.740
964000,0.231,0.049,0.720
965000,0.252,0.049,0.699
966000,0.292,0.039,0.669
967000,0.240,0.039,0.721
968000,0.206,0.070,0.724
969000,0.190,0.071,0.739
970000,0.183,0.062,0.755
971000,0.151,0.109,0.740
972000,0.121,0.165,0.714
973000,0.073,0.218,0.709
974000,0.064,0.190,0.746
975000,0.090,0.177,0.733
976000,0.074,0.224,0.702
977000,0.026,0.375,0.599
978000,0.017,0.334,0.649
979000,0.039,0.262,0.699
980000,0.033,0.291,0.676
981000,0.021,0.371,0.608
982000,0.046,0.291,0.663
983000,0.051,0.252,0.697
984000,0.045,0.283,0.672
985000,0.028,0.270,0.702
986000,0.047,0.263,0.690
987000,0.059,0.212,0.729
988000,0.037,0.190,0.773
989000,0.030,0.265,0.705
990000,0.029,0.343,0.628
991000,0.019,0.301,0.680
992000,0.030,0.265,0.705
993000,0.043,0.281,0.676
994000,0.028,0.318,0.654
995000,0.009,0.330,0.661
996000,0.002,0.389,0.609
997000,0.005,0.383,0.612
998000,0.012,0.350,0.638
999000,0.014,0.378,0.608
1000000,0.012,0.380,0.608
