time,n_A+p,n_B,n_AB
500,0.080,0.571,0.349
1000,0.087,0.329,0.584
1500,0.106,0.177,0.717
2000,0.172,0.113,0.715
2500,0.198,0.063,0.739
3000,0.239,0.025,0.736
3500,0.230,0.075,0.695
4000,0.288,0.051,0.661
4500,0.306,0.024,0.670
5000,0.306,0.015,0.679
5500,0.370,0.017,0.613
6000,0.411,0.007,0.582
6500,0.382,0.001,0.617
7000,0.302,0.019,0.679
7500,0.357,0.003,0.640
8000,0.395,0.001,0.604
8500,0.392,0.001,0.607
9000,0.385,0.007,0.608
9500,0.424,0.007,0.569
10000,0.399,0.007,0.594
10500,0.401,0.004,0.595
11000,0.413,0.012,0.575
11500,0.411,0.001,0.588
12000,0.365,0.003,0.632
12500,0.339,0.006,0.655
13000,0.346,0.004,0.650
13500,0.397,0.001,0.602
14000,0.389,0.006,0.605
14500,0.411,0.000,0.589
15000,0.400,0.006,0.594
15500,0.380,0.000,0.620
16000,0.358,0.002,0.640
16500,0.375,0.001,0.624
17000,0.365,0.007,0.628
17500,0.443,0.006,0.551
18000,0.412,0.001,0.587
18500,0.395,0.005,0.600
19000,0.327,0.025,0.648
19500,0.318,0.006,0.676
20000,0.428,0.002,0.570
20500,0.405,0.000,0.595
21000,0.407,0.008,0.585
21500,0.359,0.009,0.632
22000,0.402,0.008,0.590
22500,0.369,0.004,0.627
23000,0.373,0.004,0.623
23500,0.394,0.004,0.602
24000,0.397,0.005,0.598
24500,0.359,0.014,0.627
25000,0.326,0.015,0.659
25500,0.351,0.001,0.648
26000,0.376,0.008,0.616
26500,0.334,0.014,0.652
27000,0.317,0.004,0.679
27500,0.376,0.002,0.622
28000,0.379,0.000,0.621
28500,0.352,0.009,0.639
29000,0.380,0.008,0.612
29500,0.404,0.005,0.591
30000,0.378,0.012,0.610
30500,0.368,0.012,0.620
31000,0.317,0.020,0.663
31500,0.350,0.008,0.642
32000,0.325,0.008,0.667
32500,0.403,0.005,0.592
33000,0.401,0.013,0.586
33500,0.407,0.012,0.581
34000,0.424,0.004,0.572
34500,0.397,0.004,0.599
35000,0.382,0.000,0.618
35500,0.352,0.000,0.648
36000,0.367,0.006,0.627
36500,0.372,0.005,0.623
37000,0.356,0.009,0.635
37500,0.351,0.030,0.619
38000,0.339,0.012,0.649
38500,0.330,0.009,0.661
39000,0.373,0.010,0.617
39500,0.315,0.003,0.682
40000,0.333,0.009,0.658
40500,0.302,0.003,0.695
41000,0.313,0.022,0.665
41500,0.306,0.029,0.665
42000,0.271,0.033,0.696
42500,0.273,0.034,0.693
43000,0.301,0.002,0.697
43500,0.340,0.002,0.658
44000,0.356,0.003,0.641
44500,0.349,0.000,0.651
45000,0.404,0.006,0.590
45500,0.443,0.001,0.556
46000,0.424,0.000,0.576
46500,0.402,0.003,0.595
47000,0.399,0.000,0.601
47500,0.388,0.002,0.610
48000,0.356,0.008,0.636
48500,0.356,0.002,0.642
49000,0.323,0.004,0.673
49500,0.348,0.005,0.647
50000,0.329,0.011,0.660
50500,0.393,0.004,0.603
51000,0.380,0.001,0.619
51500,0.338,0.014,0.648
52000,0.321,0.020,0.659
52500,0.346,0.009,0.645
53000,0.335,0.003,0.662
53500,0.325,0.016,0.659
54000,0.341,0.009,0.650
54500,0.321,0.004,0.675
55000,0.310,0.021,0.669
55500,0.361,0.004,0.635
56000,0.362,0.000,0.638
56500,0.447,0.003,0.550
57000,0.457,0.008,0.535
57500,0.432,0.002,0.566
58000,0.358,0.014,0.628
58500,0.324,0.018,0.658
59000,0.358,0.031,0.611
59500,0.324,0.011,0.665
60000,0.327,0.021,0.652
60500,0.365,0.015,0.620
61000,0.341,0.012,0.647
61500,0.329,0.007,0.664
62000,0.329,0.005,0.666
62500,0.391,0.009,0.600
63000,0.448,0.001,0.551
63500,0.426,0.000,0.574
64000,0.377,0.009,0.614
64500,0.320,0.011,0.669
65000,0.343,0.003,0.654
65500,0.326,0.004,0.670
66000,0.367,0.004,0.629
66500,0.368,0.002,0.630
67000,0.368,0.014,0.618
67500,0.334,0.018,0.648
68000,0.394,0.011,0.595
68500,0.347,0.002,0.651
69000,0.405,0.002,0.593
69500,0.379,0.007,0.614
70000,0.347,0.002,0.651
70500,0.354,0.011,0.635
71000,0.311,0.004,0.685
71500,0.396,0.004,0.600
72000,0.370,0.007,0.623
72500,0.306,0.013,0.681
73000,0.375,0.001,0.624
73500,0.355,0.022,0.623
74000,0.369,0.009,0.622
74500,0.335,0.005,0.660
75000,0.375,0.005,0.620
75500,0.426,0.001,0.573
76000,0.400,0.007,0.593
76500,0.399,0.009,0.592
77000,0.372,0.022,0.606
77500,0.377,0.006,0.617
78000,0.381,0.010,0.609
78500,0.389,0.003,0.608
79000,0.435,0.002,0.563
79500,0.416,0.002,0.582
80000,0.384,0.007,0.609
80500,0.273,0.015,0.712
81000,0.288,0.017,0.695
81500,0.344,0.005,0.651
82000,0.392,0.013,0.595
82500,0.392,0.003,0.605
83000,0.420,0.002,0.578
83500,0.387,0.004,0.609
84000,0.387,0.000,0.613
84500,0.320,0.010,0.670
85000,0.385,0.011,0.604
85500,0.436,0.001,0.563
86000,0.350,0.012,0.638
86500,0.373,0.006,0.621
87000,0.375,0.008,0.617
87500,0.401,0.000,0.599
88000,0.451,0.000,0.549
88500,0.385,0.003,0.612
89000,0.338,0.010,0.652
89500,0.370,0.006,0.624
90000,0.421,0.002,0.577
90500,0.372,0.011,0.617
91000,0.355,0.005,0.640
91500,0.296,0.024,0.680
92000,0.281,0.021,0.698
92500,0.304,0.016,0.680
93000,0.272,0.021,0.707
93500,0.297,0.027,0.676
94000,0.283,0.016,0.701
94500,0.318,0.017,0.665
95000,0.383,0.006,0.611
95500,0.334,0.009,0.657
96000,0.337,0.003,0.660
96500,0.364,0.006,0.630
97000,0.315,0.013,0.672
97500,0.361,0.000,0.639
98000,0.339,0.015,0.646
98500,0.366,0.004,0.630
99000,0.372,0.000,0.628
99500,0.362,0.014,0.624
100000,0.322,0.003,0.675
100500,0.335,0.007,0.658
101000,0.374,0.002,0.624
101500,0.395,0.000,0.605
102000,0.372,0.010,0.618
102500,0.362,0.012,0.626
103000,0.403,0.006,0.591
103500,0.416,0.003,0.581
104000,0.466,0.003,0.531
104500,0.412,0.000,0.588
105000,0.345,0.006,0.649
105500,0.312,0.007,0.681
106000,0.315,0.018,0.667
106500,0.321,0.018,0.661
107000,0.299,0.026,0.675
107500,0.278,0.014,0.708
108000,0.242,0.024,0.734
108500,0.265,0.035,0.700
109000,0.340,0.012,0.648
109500,0.322,0.008,0.670
110000,0.323,0.014,0.663
110500,0.343,0.008,0.649
111000,0.393,0.004,0.603
111500,0.420,0.000,0.580
112000,0.416,0.000,0.584
112500,0.358,0.008,0.634
113000,0.397,0.006,0.597
113500,0.410,0.004,0.586
114000,0.402,0.004,0.594
114500,0.375,0.013,0.612
115000,0.363,0.015,0.622
115500,0.313,0.013,0.674
116000,0.362,0.009,0.629
116500,0.339,0.013,0.648
117000,0.334,0.005,0.661
117500,0.385,0.008,0.607
118000,0.383,0.005,0.612
118500,0.333,0.014,0.653
119000,0.371,0.003,0.626
119500,0.336,0.011,0.653
120000,0.354,0.002,0.644
120500,0.367,0.005,0.628
121000,0.334,0.021,0.645
121500,0.349,0.007,0.644
122000,0.325,0.023,0.652
122500,0.338,0.013,0.649
123000,0.365,0.008,0.627
123500,0.406,0.000,0.594
124000,0.408,0.010,0.582
124500,0.412,0.010,0.578
125000,0.368,0.003,0.629
125500,0.373,0.008,0.619
126000,0.318,0.002,0.680
126500,0.340,0.013,0.647
127000,0.339,0.019,0.642
127500,0.368,0.001,0.631
128000,0.409,0.007,0.584
128500,0.431,0.001,0.568
129000,0.378,0.000,0.622
129500,0.393,0.003,0.604
130000,0.352,0.007,0.641
130500,0.326,0.017,0.657
131000,0.337,0.018,0.645
131500,0.315,0.010,0.675
132000,0.328,0.007,0.665
132500,0.333,0.003,0.664
133000,0.398,0.001,0.601
133500,0.354,0.009,0.637
134000,0.366,0.002,0.632
134500,0.371,0.012,0.617
135000,0.380,0.009,0.611
135500,0.369,0.000,0.631
136000,0.360,0.003,0.637
136500,0.377,0.006,0.617
137000,0.308,0.020,0.672
137500,0.348,0.009,0.643
138000,0.315,0.014,0.671
138500,0.321,0.023,0.656
139000,0.346,0.014,0.640
139500,0.362,0.000,0.638
140000,0.358,0.005,0.637
140500,0.375,0.011,0.614
141000,0.368,0.006,0.626
141500,0.346,0.009,0.645
142000,0.375,0.014,0.611
142500,0.373,0.004,0.623
143000,0.359,0.019,0.622
143500,0.405,0.010,0.585
144000,0.429,0.003,0.568
144500,0.324,0.025,0.651
145000,0.333,0.011,0.656
145500,0.365,0.002,0.633
146000,0.341,0.000,0.659
146500,0.428,0.020,0.552
147000,0.381,0.005,0.614
147500,0.354,0.007,0.639
148000,0.366,0.001,0.633
148500,0.376,0.003,0.621
149000,0.376,0.006,0.618
149500,0.390,0.014,0.596
150000,0.383,0.001,0.616
150500,0.398,0.002,0.600
151000,0.352,0.000,0.648
151500,0.309,0.003,0.688
152000,0.317,0.008,0.675
152500,0.322,0.007,0.671
153000,0.354,0.010,0.636
153500,0.367,0.001,0.632
154000,0.350,0.008,0.642
154500,0.385,0.010,0.605
155000,0.390,0.010,0.600
155500,0.366,0.004,0.630
156000,0.384,0.007,0.609
156500,0.359,0.008,0.633
157000,0.282,0.010,0.708
157500,0.335,0.008,0.657
158000,0.379,0.015,0.606
158500,0.326,0.008,0.666
159000,0.342,0.011,0.647
159500,0.341,0.011,0.648
160000,0.363,0.020,0.617
160500,0.368,0.006,0.626
161000,0.353,0.015,0.632
161500,0.340,0.014,0.646
162000,0.364,0.008,0.628
162500,0.383,0.004,0.613
163000,0.371,0.000,0.629
163500,0.295,0.024,0.681
164000,0.386,0.010,0.604
164500,0.421,0.005,0.574
165000,0.367,0.005,0.628
165500,0.335,0.002,0.663
166000,0.306,0.000,0.694
166500,0.338,0.006,0.656
167000,0.385,0.000,0.615
167500,0.395,0.007,0.598
168000,0.426,0.001,0.573
168500,0.381,0.005,0.614
169000,0.362,0.009,0.629
169500,0.324,0.012,0.664
170000,0.363,0.010,0.627
170500,0.346,0.016,0.638
171000,0.297,0.016,0.687
171500,0.289,0.010,0.701
172000,0.376,0.009,0.615
172500,0.381,0.004,0.615
173000,0.369,0.011,0.620
173500,0.379,0.007,0.614
174000,0.366,0.014,0.620
174500,0.412,0.001,0.587
175000,0.355,0.006,0.639
175500,0.366,0.013,0.621
176000,0.340,0.004,0.656
176500,0.366,0.009,0.625
177000,0.406,0.003,0.591
177500,0.389,0.000,0.611
178000,0.327,0.009,0.664
178500,0.287,0.009,0.704
179000,0.295,0.008,0.697
179500,0.325,0.005,0.670
180000,0.390,0.004,0.606
180500,0.414,0.002,0.584
181000,0.365,0.004,0.631
181500,0.427,0.005,0.568
182000,0.464,0.000,0.536
182500,0.435,0.000,0.565
183000,0.434,0.003,0.563
183500,0.382,0.000,0.618
184000,0.396,0.008,0.596
184500,0.401,0.001,0.598
185000,0.369,0.009,0.622
185500,0.361,0.000,0.639
186000,0.376,0.011,0.613
186500,0.411,0.004,0.585
187000,0.378,0.007,0.615
187500,0.426,0.002,0.572
188000,0.420,0.000,0.580
188500,0.419,0.000,0.581
189000,0.446,0.012,0.542
189500,0.378,0.008,0.614
190000,0.308,0.006,0.686
190500,0.322,0.020,0.658
191000,0.294,0.009,0.697
191500,0.357,0.009,0.634
192000,0.356,0.006,0.638
192500,0.378,0.011,0.611
193000,0.425,0.002,0.573
193500,0.326,0.022,0.652
194000,0.328,0.015,0.657
194500,0.320,0.013,0.667
195000,0.283,0.034,0.683
195500,0.247,0.032,0.721
196000,0.310,0.017,0.673
196500,0.299,0.004,0.697
197000,0.289,0.017,0.694
197500,0.311,0.010,0.679
198000,0.300,0.015,0.685
198500,0.287,0.023,0.690
199000,0.238,0.029,0.733
199500,0.281,0.022,0.697
200000,0.310,0.011,0.679
200500,0.293,0.015,0.692
201000,0.321,0.011,0.668
201500,0.274,0.012,0.714
202000,0.315,0.021,0.664
202500,0.356,0.025,0.619
203000,0.371,0.005,0.624
203500,0.419,0.005,0.576
204000,0.376,0.001,0.623
204500,0.446,0.000,0.554
205000,0.418,0.005,0.577
205500,0.368,0.004,0.628
206000,0.326,0.012,0.662
206500,0.350,0.019,0.631
207000,0.339,0.003,0.658
207500,0.373,0.007,0.620
208000,0.467,0.001,0.532
208500,0.415,0.001,0.584
209000,0.432,0.002,0.566
209500,0.415,0.004,0.581
210000,0.423,0.005,0.572
210500,0.424,0.002,0.574
211000,0.404,0.006,0.590
211500,0.442,0.001,0.557
212000,0.438,0.009,0.553
212500,0.382,0.000,0.618
213000,0.369,0.006,0.625
213500,0.354,0.012,0.634
214000,0.362,0.014,0.624
214500,0.390,0.002,0.608
215000,0.350,0.000,0.650
215500,0.340,0.001,0.659
216000,0.355,0.000,0.645
216500,0.359,0.003,0.638
217000,0.345,0.012,0.643
217500,0.348,0.012,0.640
218000,0.324,0.013,0.663
218500,0.312,0.009,0.679
219000,0.303,0.006,0.691
219500,0.320,0.024,0.656
220000,0.349,0.007,0.644
220500,0.328,0.007,0.665
221000,0.354,0.000,0.646
221500,0.324,0.009,0.667
222000,0.356,0.011,0.633
222500,0.338,0.009,0.653
223000,0.350,0.004,0.646
223500,0.393,0.011,0.596
224000,0.380,0.006,0.614
224500,0.423,0.007,0.570
225000,0.432,0.002,0.566
225500,0.378,0.010,0.612
226000,0.320,0.002,0.678
226500,0.326,0.013,0.661
227000,0.356,0.010,0.634
227500,0.341,0.012,0.647
228000,0.315,0.014,0.671
228500,0.311,0.019,0.670
229000,0.316,0.015,0.669
229500,0.328,0.012,0.660
230000,0.370,0.022,0.608
230500,0.372,0.005,0.623
231000,0.303,0.011,0.686
231500,0.351,0.013,0.636
232000,0.350,0.008,0.642
232500,0.367,0.001,0.632
233000,0.346,0.002,0.652
233500,0.350,0.007,0.643
234000,0.350,0.003,0.647
234500,0.404,0.000,0.596
235000,0.389,0.012,0.599
235500,0.386,0.002,0.612
236000,0.421,0.003,0.576
236500,0.418,0.000,0.582
237000,0.400,0.003,0.597
237500,0.356,0.002,0.642
238000,0.347,0.003,0.650
238500,0.399,0.005,0.596
239000,0.380,0.008,0.612
239500,0.440,0.001,0.559
240000,0.401,0.000,0.599
240500,0.409,0.002,0.589
241000,0.348,0.009,0.643
241500,0.366,0.006,0.628
242000,0.374,0.000,0.626
242500,0.433,0.002,0.565
243000,0.443,0.001,0.556
243500,0.467,0.006,0.527
244000,0.426,0.002,0.572
244500,0.363,0.003,0.634
245000,0.359,0.006,0.635
245500,0.338,0.004,0.658
246000,0.370,0.002,0.628
246500,0.366,0.001,0.633
247000,0.407,0.001,0.592
247500,0.393,0.007,0.600
248000,0.397,0.004,0.599
248500,0.355,0.009,0.636
249000,0.401,0.002,0.597
249500,0.383,0.008,0.609
250000,0.379,0.009,0.612
250500,0.369,0.007,0.624
251000,0.346,0.034,0.620
251500,0.300,0.022,0.678
252000,0.348,0.005,0.647
252500,0.344,0.004,0.652
253000,0.384,0.007,0.609
253500,0.363,0.019,0.618
254000,0.391,0.001,0.608
254500,0.360,0.001,0.639
255000,0.390,0.007,0.603
255500,0.396,0.004,0.600
256000,0.412,0.006,0.582
256500,0.345,0.022,0.633
257000,0.270,0.019,0.711
257500,0.312,0.023,0.665
258000,0.315,0.009,0.676
258500,0.320,0.018,0.662
259000,0.323,0.024,0.653
259500,0.320,0.019,0.661
260000,0.392,0.002,0.606
260500,0.351,0.000,0.649
261000,0.396,0.007,0.597
261500,0.377,0.012,0.611
262000,0.401,0.000,0.599
262500,0.413,0.004,0.583
263000,0.345,0.006,0.649
263500,0.422,0.004,0.574
264000,0.379,0.021,0.600
264500,0.341,0.032,0.627
265000,0.300,0.012,0.688
265500,0.355,0.021,0.624
266000,0.360,0.007,0.633
266500,0.374,0.017,0.609
267000,0.345,0.005,0.650
267500,0.451,0.000,0.549
268000,0.444,0.000,0.556
268500,0.364,0.000,0.636
269000,0.377,0.005,0.618
269500,0.425,0.001,0.574
270000,0.359,0.011,0.630
270500,0.330,0.022,0.648
271000,0.357,0.012,0.631
271500,0.337,0.003,0.660
272000,0.397,0.010,0.593
272500,0.387,0.002,0.611
273000,0.383,0.017,0.600
273500,0.351,0.005,0.644
274000,0.380,0.003,0.617
274500,0.409,0.007,0.584
275000,0.373,0.002,0.625
275500,0.352,0.001,0.647
276000,0.372,0.002,0.626
276500,0.376,0.016,0.608
277000,0.346,0.010,0.644
277500,0.347,0.012,0.641
278000,0.342,0.015,0.643
278500,0.375,0.010,0.615
279000,0.315,0.009,0.676
279500,0.380,0.012,0.608
280000,0.400,0.002,0.598
280500,0.364,0.008,0.628
281000,0.352,0.006,0.642
281500,0.340,0.002,0.658
282000,0.331,0.000,0.669
282500,0.325,0.019,0.656
283000,0.333,0.016,0.651
283500,0.365,0.001,0.634
284000,0.362,0.011,0.627
284500,0.368,0.009,0.623
285000,0.351,0.011,0.638
285500,0.316,0.003,0.681
286000,0.404,0.000,0.596
286500,0.416,0.006,0.578
287000,0.377,0.008,0.615
287500,0.367,0.012,0.621
288000,0.359,0.002,0.639
288500,0.390,0.000,0.610
289000,0.388,0.006,0.606
289500,0.402,0.000,0.598
290000,0.393,0.000,0.607
290500,0.347,0.009,0.644
291000,0.391,0.000,0.609
291500,0.491,0.005,0.504
292000,0.465,0.001,0.534
292500,0.451,0.000,0.549
293000,0.396,0.002,0.602
293500,0.414,0.001,0.585
294000,0.403,0.000,0.597
294500,0.413,0.003,0.584
295000,0.432,0.003,0.565
295500,0.460,0.005,0.535
296000,0.450,0.003,0.547
296500,0.452,0.005,0.543
297000,0.427,0.010,0.563
297500,0.412,0.006,0.582
298000,0.369,0.005,0.626
298500,0.353,0.007,0.640
299000,0.341,0.018,0.641
299500,0.347,0.001,0.652
300000,0.381,0.009,0.610
300500,0.312,0.006,0.682
301000,0.334,0.007,0.659
301500,0.338,0.000,0.662
302000,0.396,0.000,0.604
302500,0.434,0.003,0.563
303000,0.470,0.006,0.524
303500,0.434,0.001,0.565
304000,0.436,0.000,0.564
304500,0.409,0.010,0.581
305000,0.332,0.008,0.660
305500,0.347,0.006,0.647
306000,0.339,0.011,0.650
306500,0.267,0.020,0.713
307000,0.256,0.022,0.722
307500,0.257,0.018,0.725
308000,0.362,0.007,0.631
308500,0.324,0.001,0.675
309000,0.356,0.005,0.639
309500,0.314,0.019,0.667
310000,0.359,0.019,0.622
310500,0.301,0.021,0.678
311000,0.317,0.007,0.676
311500,0.336,0.013,0.651
312000,0.351,0.021,0.628
312500,0.442,0.001,0.557
313000,0.458,0.005,0.537
313500,0.399,0.001,0.600
314000,0.347,0.019,0.634
314500,0.366,0.004,0.630
315000,0.367,0.008,0.625
315500,0.371,0.003,0.626
316000,0.409,0.005,0.586
316500,0.386,0.001,0.613
317000,0.400,0.002,0.598
317500,0.395,0.008,0.597
318000,0.374,0.000,0.626
318500,0.340,0.018,0.642
319000,0.278,0.017,0.705
319500,0.371,0.011,0.618
320000,0.383,0.003,0.614
320500,0.374,0.000,0.626
321000,0.422,0.000,0.578
321500,0.404,0.000,0.596
322000,0.360,0.007,0.633
322500,0.354,0.006,0.640
323000,0.329,0.013,0.658
323500,0.286,0.027,0.687
324000,0.274,0.020,0.706
324500,0.325,0.016,0.659
325000,0.368,0.009,0.623
325500,0.337,0.006,0.657
326000,0.345,0.016,0.639
326500,0.386,0.010,0.604
327000,0.318,0.008,0.674
327500,0.373,0.006,0.621
328000,0.362,0.008,0.630
328500,0.327,0.007,0.666
329000,0.358,0.005,0.637
329500,0.372,0.005,0.623
330000,0.346,0.002,0.652
330500,0.358,0.005,0.637
331000,0.342,0.013,0.645
331500,0.321,0.009,0.670
332000,0.317,0.012,0.671
332500,0.384,0.005,0.611
333000,0.353,0.002,0.645
333500,0.340,0.002,0.658
334000,0.360,0.002,0.638
334500,0.383,0.000,0.617
335000,0.367,0.000,0.633
335500,0.364,0.009,0.627
336000,0.393,0.016,0.591
336500,0.352,0.012,0.636
337000,0.367,0.003,0.630
337500,0.370,0.013,0.617
338000,0.407,0.008,0.585
338500,0.416,0.001,0.583
339000,0.372,0.003,0.625
339500,0.359,0.012,0.629
340000,0.354,0.013,0.633
340500,0.343,0.015,0.642
341000,0.360,0.006,0.634
341500,0.338,0.012,0.650
342000,0.343,0.019,0.638
342500,0.355,0.014,0.631
343000,0.361,0.007,0.632
343500,0.325,0.022,0.653
344000,0.392,0.008,0.600
344500,0.350,0.000,0.650
345000,0.385,0.004,0.611
345500,0.412,0.005,0.583
346000,0.377,0.010,0.613
346500,0.383,0.000,0.617
347000,0.422,0.000,0.578
347500,0.378,0.000,0.622
348000,0.368,0.000,0.632
348500,0.367,0.002,0.631
349000,0.338,0.000,0.662
349500,0.312,0.011,0.677
350000,0.340,0.015,0.645
350500,0.347,0.009,0.644
351000,0.350,0.005,0.645
351500,0.325,0.002,0.673
352000,0.400,0.003,0.597
352500,0.421,0.003,0.576
353000,0.361,0.005,0.634
353500,0.400,0.001,0.599
354000,0.379,0.003,0.618
354500,0.372,0.000,0.628
355000,0.417,0.000,0.583
355500,0.429,0.007,0.564
356000,0.384,0.000,0.616
356500,0.374,0.014,0.612
357000,0.375,0.014,0.611
357500,0.377,0.004,0.619
358000,0.369,0.012,0.619
358500,0.362,0.005,0.633
359000,0.352,0.005,0.643
359500,0.353,0.011,0.636
360000,0.343,0.003,0.654
360500,0.344,0.008,0.648
361000,0.367,0.003,0.630
361500,0.390,0.000,0.610
362000,0.386,0.002,0.612
362500,0.403,0.008,0.589
363000,0.380,0.000,0.620
363500,0.345,0.011,0.644
364000,0.348,0.008,0.644
364500,0.351,0.005,0.644
365000,0.368,0.013,0.619
365500,0.378,0.009,0.613
366000,0.401,0.002,0.597
366500,0.410,0.015,0.575
367000,0.392,0.006,0.602
367500,0.379,0.008,0.613
368000,0.342,0.006,0.652
368500,0.419,0.005,0.576
369000,0.380,0.001,0.619
369500,0.375,0.013,0.612
370000,0.367,0.000,0.633
370500,0.358,0.010,0.632
371000,0.361,0.007,0.632
371500,0.391,0.006,0.603
372000,0.372,0.002,0.626
372500,0.404,0.004,0.592
373000,0.413,0.009,0.578
373500,0.403,0.004,0.593
374000,0.307,0.008,0.685
374500,0.354,0.010,0.636
375000,0.336,0.022,0.642
375500,0.334,0.008,0.658
376000,0.354,0.009,0.637
376500,0.364,0.002,0.634
377000,0.355,0.000,0.645
377500,0.331,0.006,0.663
378000,0.279,0.010,0.711
378500,0.232,0.020,0.748
379000,0.316,0.008,0.676
379500,0.322,0.004,0.674
380000,0.370,0.012,0.618
380500,0.352,0.005,0.643
381000,0.347,0.014,0.639
381500,0.343,0.021,0.636
382000,0.364,0.016,0.620
382500,0.352,0.007,0.641
383000,0.359,0.019,0.622
383500,0.338,0.011,0.651
384000,0.295,0.012,0.693
384500,0.307,0.012,0.681
385000,0.317,0.013,0.670
385500,0.272,0.024,0.704
386000,0.306,0.022,0.672
386500,0.349,0.009,0.642
387000,0.388,0.008,0.604
387500,0.352,0.021,0.627
388000,0.328,0.025,0.647
388500,0.325,0.006,0.669
389000,0.340,0.009,0.651
389500,0.290,0.021,0.689
390000,0.297,0.011,0.692
390500,0.348,0.011,0.641
391000,0.423,0.003,0.574
391500,0.382,0.013,0.605
392000,0.363,0.010,0.627
392500,0.353,0.021,0.626
393000,0.350,0.021,0.629
393500,0.306,0.006,0.688
394000,0.336,0.020,0.644
394500,0.327,0.019,0.654
395000,0.267,0.010,0.723
395500,0.325,0.010,0.665
396000,0.359,0.007,0.634
396500,0.424,0.003,0.573
397000,0.365,0.003,0.632
397500,0.404,0.000,0.596
398000,0.345,0.001,0.654
398500,0.376,0.002,0.622
399000,0.473,0.000,0.527
399500,0.473,0.000,0.527
400000,0.389,0.010,0.601
400500,0.335,0.008,0.657
401000,0.330,0.016,0.654
401500,0.392,0.010,0.598
402000,0.375,0.004,0.621
402500,0.386,0.006,0.608
403000,0.427,0.007,0.566
403500,0.412,0.002,0.586
404000,0.398,0.006,0.596
404500,0.428,0.000,0.572
405000,0.415,0.000,0.585
405500,0.403,0.000,0.597
406000,0.341,0.005,0.654
406500,0.274,0.018,0.708
407000,0.351,0.014,0.635
407500,0.298,0.020,0.682
408000,0.319,0.014,0.667
408500,0.403,0.012,0.585
409000,0.345,0.000,0.655
409500,0.350,0.005,0.645
410000,0.440,0.003,0.557
410500,0.351,0.015,0.634
411000,0.341,0.019,0.640
411500,0.339,0.004,0.657
412000,0.390,0.004,0.606
412500,0.408,0.006,0.586
413000,0.371,0.010,0.619
413500,0.361,0.006,0.633
414000,0.411,0.003,0.586
414500,0.341,0.014,0.645
415000,0.334,0.011,0.655
415500,0.343,0.003,0.654
416000,0.414,0.003,0.583
416500,0.378,0.006,0.616
417000,0.448,0.002,0.550
417500,0.379,0.000,0.621
418000,0.415,0.007,0.578
418500,0.396,0.001,0.603
419000,0.382,0.002,0.616
419500,0.365,0.005,0.630
420000,0.322,0.010,0.668
420500,0.348,0.005,0.647
421000,0.361,0.001,0.638
421500,0.382,0.009,0.609
422000,0.426,0.002,0.572
422500,0.371,0.015,0.614
423000,0.322,0.003,0.675
423500,0.295,0.023,0.682
424000,0.295,0.010,0.695
424500,0.319,0.001,0.680
425000,0.398,0.007,0.595
425500,0.387,0.001,0.612
426000,0.340,0.006,0.654
426500,0.349,0.008,0.643
427000,0.371,0.007,0.622
427500,0.392,0.008,0.600
428000,0.355,0.014,0.631
428500,0.333,0.003,0.664
429000,0.328,0.006,0.666
429500,0.349,0.010,0.641
430000,0.329,0.000,0.671
430500,0.403,0.002,0.595
431000,0.396,0.006,0.598
431500,0.462,0.011,0.527
432000,0.406,0.002,0.592
432500,0.427,0.000,0.573
433000,0.379,0.001,0.620
433500,0.409,0.000,0.591
434000,0.310,0.027,0.663
434500,0.317,0.036,0.647
435000,0.325,0.024,0.651
435500,0.342,0.007,0.651
436000,0.408,0.003,0.589
436500,0.373,0.013,0.614
437000,0.378,0.007,0.615
437500,0.347,0.005,0.648
438000,0.328,0.013,0.659
438500,0.291,0.013,0.696
439000,0.381,0.002,0.617
439500,0.387,0.000,0.613
440000,0.352,0.006,0.642
440500,0.371,0.001,0.628
441000,0.391,0.000,0.609
441500,0.420,0.000,0.580
442000,0.391,0.001,0.608
442500,0.448,0.000,0.552
443000,0.468,0.001,0.531
443500,0.390,0.003,0.607
444000,0.392,0.003,0.605
444500,0.367,0.000,0.633
445000,0.361,0.006,0.633
445500,0.367,0.013,0.620
446000,0.355,0.006,0.639
446500,0.293,0.025,0.682
447000,0.239,0.022,0.739
447500,0.291,0.024,0.685
448000,0.351,0.017,0.632
448500,0.298,0.013,0.689
449000,0.340,0.006,0.654
449500,0.367,0.006,0.627
450000,0.324,0.012,0.664
450500,0.316,0.012,0.672
451000,0.329,0.028,0.643
451500,0.347,0.012,0.641
452000,0.326,0.007,0.667
452500,0.337,0.013,0.650
453000,0.318,0.005,0.677
453500,0.387,0.004,0.609
454000,0.416,0.015,0.569
454500,0.338,0.008,0.654
455000,0.334,0.000,0.666
455500,0.366,0.009,0.625
456000,0.357,0.004,0.639
456500,0.371,0.007,0.622
457000,0.303,0.001,0.696
457500,0.362,0.004,0.634
458000,0.359,0.002,0.639
458500,0.428,0.002,0.570
459000,0.420,0.001,0.579
459500,0.367,0.011,0.622
460000,0.378,0.006,0.616
460500,0.402,0.004,0.594
461000,0.381,0.004,0.615
461500,0.342,0.008,0.650
462000,0.371,0.003,0.626
462500,0.461,0.003,0.536
463000,0.436,0.006,0.558
463500,0.388,0.000,0.612
464000,0.390,0.008,0.602
464500,0.313,0.011,0.676
465000,0.277,0.001,0.722
465500,0.334,0.011,0.655
466000,0.340,0.019,0.641
466500,0.295,0.021,0.684
467000,0.373,0.005,0.622
467500,0.416,0.004,0.580
468000,0.465,0.003,0.532
468500,0.381,0.002,0.617
469000,0.422,0.003,0.575
469500,0.379,0.000,0.621
470000,0.437,0.000,0.563
470500,0.372,0.012,0.616
471000,0.375,0.007,0.618
471500,0.383,0.004,0.613
472000,0.402,0.001,0.597
472500,0.331,0.007,0.662
473000,0.342,0.010,0.648
473500,0.335,0.009,0.656
474000,0.351,0.009,0.640
474500,0.370,0.008,0.622
475000,0.297,0.003,0.700
475500,0.356,0.007,0.637
476000,0.324,0.002,0.674
476500,0.320,0.017,0.663
477000,0.317,0.008,0.675
477500,0.330,0.009,0.661
478000,0.280,0.024,0.696
478500,0.304,0.024,0.672
479000,0.284,0.016,0.700
479500,0.298,0.021,0.681
480000,0.338,0.004,0.658
480500,0.309,0.014,0.677
481000,0.323,0.022,0.655
481500,0.316,0.007,0.677
482000,0.325,0.004,0.671
482500,0.336,0.011,0.653
483000,0.365,0.011,0.624
483500,0.378,0.011,0.611
484000,0.426,0.000,0.574
484500,0.367,0.009,0.624
485000,0.329,0.009,0.662
485500,0.378,0.007,0.615
486000,0.392,0.004,0.604
486500,0.390,0.000,0.610
487000,0.411,0.005,0.584
487500,0.489,0.000,0.511
488000,0.488,0.000,0.512
488500,0.428,0.000,0.572
489000,0.402,0.003,0.595
489500,0.388,0.002,0.610
490000,0.416,0.004,0.580
490500,0.387,0.001,0.612
491000,0.371,0.006,0.623
491500,0.373,0.002,0.625
492000,0.427,0.008,0.565
492500,0.375,0.001,0.624
493000,0.338,0.005,0.657
493500,0.328,0.040,0.632
494000,0.319,0.036,0.645
494500,0.315,0.016,0.669
495000,0.293,0.014,0.693
495500,0.347,0.002,0.651
496000,0.371,0.000,0.629
496500,0.359,0.005,0.636
497000,0.375,0.000,0.625
497500,0.357,0.005,0.638
498000,0.379,0.008,0.613
498500,0.367,0.008,0.625
499000,0.373,0.000,0.627
499500,0.362,0.000,0.638
500000,0.357,0.018,0.625
500500,0.350,0.007,0.643
501000,0.350,0.004,0.646
501500,0.421,0.000,0.579
502000,0.455,0.000,0.545
502500,0.419,0.000,0.581
503000,0.428,0.000,0.572
503500,0.414,0.001,0.585
504000,0.415,0.010,0.575
504500,0.392,0.007,0.601
505000,0.415,0.000,0.585
505500,0.360,0.002,0.638
506000,0.378,0.000,0.622
506500,0.337,0.011,0.652
507000,0.392,0.007,0.601
507500,0.375,0.001,0.624
508000,0.403,0.015,0.582
508500,0.416,0.006,0.578
509000,0.391,0.000,0.609
509500,0.410,0.000,0.590
510000,0.402,0.000,0.598
510500,0.381,0.011,0.608
511000,0.423,0.013,0.564
511500,0.442,0.003,0.555
512000,0.431,0.000,0.569
512500,0.393,0.006,0.601
513000,0.335,0.003,0.662
513500,0.359,0.005,0.636
514000,0.331,0.024,0.645
514500,0.339,0.018,0.643
515000,0.335,0.011,0.654
515500,0.350,0.004,0.646
516000,0.378,0.008,0.614
516500,0.396,0.002,0.602
517000,0.404,0.004,0.592
517500,0.374,0.004,0.622
518000,0.393,0.004,0.603
518500,0.371,0.006,0.623
519000,0.350,0.013,0.637
519500,0.439,0.000,0.561
520000,0.448,0.000,0.552
520500,0.410,0.004,0.586
521000,0.397,0.005,0.598
521500,0.375,0.004,0.621
522000,0.344,0.003,0.653
522500,0.385,0.000,0.615
523000,0.360,0.000,0.640
523500,0.347,0.009,0.644
524000,0.341,0.020,0.639
524500,0.389,0.006,0.605
525000,0.365,0.002,0.633
525500,0.353,0.011,0.636
526000,0.388,0.003,0.609
526500,0.411,0.001,0.588
527000,0.449,0.000,0.551
527500,0.393,0.003,0.604
528000,0.374,0.014,0.612
528500,0.346,0.024,0.630
529000,0.359,0.005,0.636
529500,0.438,0.002,0.560
530000,0.412,0.002,0.586
530500,0.410,0.000,0.590
531000,0.476,0.000,0.524
531500,0.472,0.001,0.527
532000,0.441,0.000,0.559
532500,0.400,0.000,0.600
533000,0.398,0.001,0.601
533500,0.419,0.000,0.581
534000,0.379,0.000,0.621
534500,0.352,0.009,0.639
535000,0.383,0.011,0.606
535500,0.384,0.008,0.608
536000,0.327,0.001,0.672
536500,0.382,0.002,0.616
537000,0.360,0.018,0.622
537500,0.351,0.017,0.632
538000,0.376,0.001,0.623
538500,0.370,0.000,0.630
539000,0.349,0.007,0.644
539500,0.334,0.018,0.648
540000,0.338,0.009,0.653
540500,0.380,0.006,0.614
541000,0.364,0.002,0.634
541500,0.398,0.007,0.595
542000,0.366,0.002,0.632
542500,0.373,0.019,0.608
543000,0.318,0.011,0.671
543500,0.357,0.008,0.635
544000,0.414,0.001,0.585
544500,0.419,0.000,0.581
545000,0.419,0.011,0.570
545500,0.393,0.012,0.595
546000,0.327,0.013,0.660
546500,0.337,0.008,0.655
547000,0.323,0.005,0.672
547500,0.307,0.023,0.670
548000,0.356,0.010,0.634
548500,0.362,0.007,0.631
549000,0.402,0.007,0.591
549500,0.368,0.018,0.614
550000,0.335,0.009,0.656
550500,0.314,0.010,0.676
551000,0.357,0.002,0.641
551500,0.394,0.003,0.603
552000,0.416,0.008,0.576
552500,0.454,0.005,0.541
553000,0.356,0.007,0.637
553500,0.352,0.011,0.637
554000,0.378,0.004,0.618
554500,0.379,0.007,0.614
555000,0.348,0.007,0.645
555500,0.374,0.008,0.618
556000,0.389,0.002,0.609
556500,0.409,0.001,0.590
557000,0.374,0.003,0.623
557500,0.320,0.017,0.663
558000,0.319,0.011,0.670
558500,0.354,0.007,0.639
559000,0.411,0.001,0.588
559500,0.325,0.009,0.666
560000,0.344,0.009,0.647
560500,0.363,0.013,0.624
561000,0.326,0.015,0.659
561500,0.368,0.005,0.627
562000,0.371,0.001,0.628
562500,0.353,0.000,0.647
563000,0.369,0.006,0.625
563500,0.301,0.015,0.684
564000,0.345,0.013,0.642
564500,0.355,0.006,0.639
565000,0.363,0.024,0.613
565500,0.364,0.013,0.623
566000,0.353,0.010,0.637
566500,0.352,0.010,0.638
567000,0.335,0.007,0.658
567500,0.283,0.003,0.714
568000,0.310,0.004,0.686
568500,0.366,0.006,0.628
569000,0.329,0.014,0.657
569500,0.361,0.007,0.632
570000,0.380,0.008,0.612
570500,0.330,0.012,0.658
571000,0.384,0.012,0.604
571500,0.412,0.012,0.576
572000,0.363,0.009,0.628
572500,0.334,0.016,0.650
573000,0.320,0.007,0.673
573500,0.411,0.006,0.583
574000,0.416,0.000,0.584
574500,0.375,0.002,0.623
575000,0.404,0.009,0.587
575500,0.442,0.003,0.555
576000,0.407,0.005,0.588
576500,0.414,0.010,0.576
577000,0.381,0.011,0.608
577500,0.380,0.011,0.609
578000,0.350,0.005,0.645
578500,0.340,0.012,0.648
579000,0.297,0.012,0.691
579500,0.309,0.021,0.670
580000,0.315,0.020,0.665
580500,0.289,0.018,0.693
581000,0.342,0.006,0.652
581500,0.365,0.001,0.634
582000,0.348,0.000,0.652
582500,0.435,0.002,0.563
583000,0.431,0.011,0.558
583500,0.370,0.006,0.624
584000,0.376,0.013,0.611
584500,0.312,0.017,0.671
585000,0.319,0.030,0.651
585500,0.308,0.014,0.678
586000,0.349,0.005,0.646
586500,0.355,0.022,0.623
587000,0.330,0.011,0.659
587500,0.328,0.009,0.663
588000,0.341,0.025,0.634
588500,0.332,0.035,0.633
589000,0.341,0.015,0.644
589500,0.299,0.009,0.692
590000,0.354,0.009,0.637
590500,0.299,0.002,0.699
591000,0.341,0.006,0.653
591500,0.364,0.006,0.630
592000,0.377,0.000,0.623
592500,0.373,0.006,0.621
593000,0.361,0.008,0.631
593500,0.346,0.007,0.647
594000,0.344,0.009,0.647
594500,0.304,0.005,0.691
595000,0.354,0.005,0.641
595500,0.339,0.016,0.645
596000,0.342,0.019,0.639
596500,0.367,0.012,0.621
597000,0.374,0.003,0.623
597500,0.349,0.001,0.650
598000,0.422,0.000,0.578
598500,0.364,0.013,0.623
599000,0.384,0.002,0.614
599500,0.386,0.002,0.612
600000,0.402,0.003,0.595
600500,0.417,0.002,0.581
601000,0.380,0.012,0.608
601500,0.382,0.001,0.617
602000,0.408,0.007,0.585
602500,0.431,0.000,0.569
603000,0.395,0.007,0.598
603500,0.408,0.003,0.589
604000,0.477,0.001,0.522
604500,0.456,0.004,0.540
605000,0.415,0.004,0.581
605500,0.397,0.000,0.603
606000,0.368,0.005,0.627
606500,0.391,0.007,0.602
607000,0.418,0.009,0.573
607500,0.339,0.009,0.652
608000,0.376,0.012,0.612
608500,0.387,0.006,0.607
609000,0.390,0.008,0.602
609500,0.370,0.002,0.628
610000,0.363,0.005,0.632
610500,0.389,0.010,0.601
611000,0.368,0.008,0.624
611500,0.357,0.000,0.643
612000,0.375,0.006,0.619
612500,0.441,0.004,0.555
613000,0.376,0.014,0.610
613500,0.382,0.000,0.618
614000,0.339,0.003,0.658
614500,0.330,0.011,0.659
615000,0.335,0.007,0.658
615500,0.367,0.008,0.625
616000,0.397,0.002,0.601
616500,0.432,0.003,0.565
617000,0.388,0.006,0.606
617500,0.417,0.008,0.575
618000,0.364,0.004,0.632
618500,0.379,0.002,0.619
619000,0.385,0.009,0.606
619500,0.412,0.001,0.587
620000,0.377,0.007,0.616
620500,0.399,0.007,0.594
621000,0.443,0.006,0.551
621500,0.358,0.007,0.635
622000,0.350,0.003,0.647
622500,0.419,0.012,0.569
623000,0.378,0.006,0.616
623500,0.317,0.015,0.668
624000,0.273,0.028,0.699
624500,0.316,0.018,0.666
625000,0.348,0.001,0.651
625500,0.324,0.004,0.672
626000,0.375,0.008,0.617
626500,0.466,0.001,0.533
627000,0.435,0.000,0.565
627500,0.443,0.003,0.554
628000,0.387,0.000,0.613
628500,0.379,0.011,0.610
629000,0.393,0.000,0.607
629500,0.372,0.008,0.620
630000,0.411,0.000,0.589
630500,0.418,0.000,0.582
631000,0.331,0.010,0.659
631500,0.363,0.005,0.632
632000,0.335,0.011,0.654
632500,0.309,0.016,0.675
633000,0.278,0.000,0.722
633500,0.317,0.015,0.668
634000,0.329,0.009,0.662
634500,0.341,0.011,0.648
635000,0.338,0.004,0.658
635500,0.329,0.015,0.656
636000,0.396,0.004,0.600
636500,0.379,0.007,0.614
637000,0.401,0.007,0.592
637500,0.340,0.011,0.649
638000,0.328,0.009,0.663
638500,0.375,0.000,0.625
639000,0.429,0.000,0.571
639500,0.426,0.002,0.572
640000,0.414,0.004,0.582
640500,0.403,0.006,0.591
641000,0.367,0.008,0.625
641500,0.340,0.008,0.652
642000,0.311,0.011,0.678
642500,0.421,0.007,0.572
643000,0.391,0.003,0.606
643500,0.376,0.000,0.624
644000,0.354,0.002,0.644
644500,0.392,0.006,0.602
645000,0.372,0.005,0.623
645500,0.381,0.008,0.611
646000,0.358,0.011,0.631
646500,0.362,0.013,0.625
647000,0.380,0.000,0.620
647500,0.393,0.010,0.597
648000,0.331,0.010,0.659
648500,0.268,0.024,0.708
649000,0.322,0.018,0.660
649500,0.347,0.003,0.650
650000,0.414,0.003,0.583
650500,0.427,0.008,0.565
651000,0.370,0.011,0.619
651500,0.381,0.010,0.609
652000,0.421,0.002,0.577
652500,0.439,0.002,0.559
653000,0.412,0.000,0.588
653500,0.406,0.000,0.594
654000,0.429,0.000,0.571
654500,0.436,0.000,0.564
655000,0.382,0.007,0.611
655500,0.416,0.002,0.582
656000,0.429,0.001,0.570
656500,0.410,0.000,0.590
657000,0.321,0.017,0.662
657500,0.342,0.015,0.643
658000,0.341,0.005,0.654
658500,0.303,0.009,0.688
659000,0.345,0.013,0.642
659500,0.407,0.004,0.589
660000,0.394,0.001,0.605
660500,0.443,0.000,0.557
661000,0.353,0.005,0.642
661500,0.314,0.010,0.676
662000,0.359,0.009,0.632
662500,0.361,0.008,0.631
663000,0.387,0.001,0.612
663500,0.419,0.001,0.580
664000,0.371,0.004,0.625
664500,0.377,0.014,0.609
665000,0.385,0.002,0.613
665500,0.384,0.011,0.605
666000,0.358,0.009,0.633
666500,0.343,0.009,0.648
667000,0.307,0.025,0.668
667500,0.333,0.013,0.654
668000,0.355,0.012,0.633
668500,0.398,0.009,0.593
669000,0.356,0.013,0.631
669500,0.316,0.011,0.673
670000,0.315,0.009,0.676
670500,0.367,0.012,0.621
671000,0.438,0.000,0.562
671500,0.358,0.000,0.642
672000,0.370,0.000,0.630
672500,0.359,0.003,0.638
673000,0.345,0.016,0.639
673500,0.423,0.006,0.571
674000,0.392,0.006,0.602
674500,0.391,0.003,0.606
675000,0.305,0.008,0.687
675500,0.355,0.020,0.625
676000,0.380,0.018,0.602
676500,0.376,0.006,0.618
677000,0.278,0.011,0.711
677500,0.290,0.008,0.702
678000,0.321,0.005,0.674
678500,0.328,0.004,0.668
679000,0.348,0.001,0.651
679500,0.391,0.010,0.599
680000,0.417,0.005,0.578
680500,0.440,0.007,0.553
681000,0.419,0.002,0.579
681500,0.385,0.000,0.615
682000,0.431,0.000,0.569
682500,0.414,0.005,0.581
683000,0.419,0.002,0.579
683500,0.451,0.000,0.549
684000,0.438,0.000,0.562
684500,0.397,0.003,0.600
685000,0.388,0.000,0.612
685500,0.371,0.021,0.608
686000,0.422,0.007,0.571
686500,0.418,0.002,0.580
687000,0.353,0.002,0.645
687500,0.393,0.004,0.603
688000,0.433,0.000,0.567
688500,0.406,0.001,0.593
689000,0.429,0.000,0.571
689500,0.388,0.000,0.612
690000,0.406,0.007,0.587
690500,0.402,0.007,0.591
691000,0.405,0.001,0.594
691500,0.383,0.018,0.599
692000,0.447,0.003,0.550
692500,0.441,0.000,0.559
693000,0.407,0.013,0.580
693500,0.387,0.005,0.608
694000,0.415,0.002,0.583
694500,0.433,0.000,0.567
695000,0.373,0.000,0.627
695500,0.387,0.004,0.609
696000,0.320,0.011,0.669
696500,0.379,0.011,0.610
697000,0.360,0.008,0.632
697500,0.422,0.000,0.578
698000,0.445,0.000,0.555
698500,0.407,0.000,0.593
699000,0.453,0.000,0.547
699500,0.452,0.007,0.541
700000,0.388,0.009,0.603
700500,0.427,0.002,0.571
701000,0.359,0.002,0.639
701500,0.338,0.006,0.656
702000,0.376,0.010,0.614
702500,0.393,0.003,0.604
703000,0.415,0.000,0.585
703500,0.333,0.006,0.661
704000,0.356,0.012,0.632
704500,0.399,0.001,0.600
705000,0.425,0.001,0.574
705500,0.416,0.002,0.582
706000,0.323,0.013,0.664
706500,0.358,0.009,0.633
707000,0.348,0.012,0.640
707500,0.396,0.010,0.594
708000,0.403,0.001,0.596
708500,0.405,0.014,0.581
709000,0.324,0.013,0.663
709500,0.349,0.001,0.650
710000,0.371,0.004,0.625
710500,0.316,0.031,0.653
711000,0.323,0.012,0.665
711500,0.331,0.004,0.665
712000,0.302,0.017,0.681
712500,0.314,0.009,0.677
713000,0.344,0.012,0.644
713500,0.304,0.010,0.686
714000,0.325,0.014,0.661
714500,0.367,0.000,0.633
715000,0.373,0.013,0.614
715500,0.370,0.000,0.630
716000,0.383,0.006,0.611
716500,0.401,0.000,0.599
717000,0.398,0.000,0.602
717500,0.377,0.004,0.619
718000,0.292,0.016,0.692
718500,0.322,0.015,0.663
719000,0.347,0.002,0.651
719500,0.384,0.002,0.614
720000,0.359,0.008,0.633
720500,0.377,0.004,0.619
721000,0.421,0.007,0.572
721500,0.421,0.005,0.574
722000,0.379,0.005,0.616
722500,0.328,0.005,0.667
723000,0.411,0.007,0.582
723500,0.345,0.000,0.655
724000,0.320,0.012,0.668
724500,0.340,0.019,0.641
725000,0.394,0.003,0.603
725500,0.358,0.001,0.641
726000,0.362,0.004,0.634
726500,0.354,0.006,0.640
727000,0.418,0.007,0.575
727500,0.382,0.006,0.612
728000,0.417,0.008,0.575
728500,0.352,0.016,0.632
729000,0.385,0.021,0.594
729500,0.407,0.012,0.581
730000,0.363,0.001,0.636
730500,0.387,0.000,0.613
731000,0.436,0.000,0.564
731500,0.423,0.004,0.573
732000,0.426,0.000,0.574
732500,0.514,0.000,0.486
733000,0.484,0.009,0.507
733500,0.456,0.001,0.543
734000,0.459,0.004,0.537
734500,0.423,0.001,0.576
735000,0.377,0.010,0.613
735500,0.351,0.002,0.647
736000,0.392,0.006,0.602
736500,0.340,0.000,0.660
737000,0.362,0.002,0.636
737500,0.414,0.004,0.582
738000,0.404,0.009,0.587
738500,0.375,0.010,0.615
739000,0.359,0.016,0.625
739500,0.379,0.018,0.603
740000,0.379,0.010,0.611
740500,0.390,0.003,0.607
741000,0.341,0.001,0.658
741500,0.326,0.015,0.659
742000,0.341,0.003,0.656
742500,0.358,0.018,0.624
743000,0.354,0.016,0.630
743500,0.370,0.019,0.611
744000,0.401,0.009,0.590
744500,0.363,0.007,0.630
745000,0.336,0.000,0.664
745500,0.318,0.002,0.680
746000,0.362,0.019,0.619
746500,0.388,0.002,0.610
747000,0.373,0.002,0.625
747500,0.380,0.000,0.620
748000,0.382,0.007,0.611
748500,0.465,0.002,0.533
749000,0.373,0.001,0.626
749500,0.400,0.005,0.595
750000,0.364,0.000,0.636
750500,0.398,0.007,0.595
751000,0.372,0.011,0.617
751500,0.376,0.006,0.618
752000,0.393,0.002,0.605
752500,0.403,0.001,0.596
753000,0.411,0.003,0.586
753500,0.398,0.005,0.597
754000,0.401,0.000,0.599
754500,0.369,0.015,0.616
755000,0.356,0.009,0.635
755500,0.404,0.002,0.594
756000,0.334,0.006,0.660
756500,0.366,0.008,0.626
757000,0.343,0.009,0.648
757500,0.378,0.008,0.614
758000,0.372,0.008,0.620
758500,0.363,0.007,0.630
759000,0.430,0.004,0.566
759500,0.398,0.014,0.588
760000,0.389,0.000,0.611
760500,0.388,0.002,0.610
761000,0.334,0.001,0.665
761500,0.370,0.005,0.625
762000,0.352,0.009,0.639
762500,0.390,0.000,0.610
763000,0.368,0.008,0.624
763500,0.299,0.012,0.689
764000,0.340,0.006,0.654
764500,0.326,0.011,0.663
765000,0.328,0.013,0.659
765500,0.372,0.003,0.625
766000,0.368,0.012,0.620
766500,0.362,0.001,0.637
767000,0.372,0.006,0.622
767500,0.334,0.013,0.653
768000,0.324,0.006,0.670
768500,0.343,0.012,0.645
769000,0.362,0.009,0.629
769500,0.387,0.010,0.603
770000,0.382,0.004,0.614
770500,0.395,0.001,0.604
771000,0.361,0.006,0.633
771500,0.407,0.001,0.592
772000,0.389,0.001,0.610
772500,0.378,0.004,0.618
773000,0.365,0.000,0.635
773500,0.406,0.010,0.584
774000,0.349,0.000,0.651
774500,0.335,0.011,0.654
775000,0.329,0.008,0.663
775500,0.331,0.018,0.651
776000,0.333,0.017,0.650
776500,0.418,0.001,0.581
777000,0.420,0.005,0.575
777500,0.338,0.008,0.654
778000,0.379,0.003,0.618
778500,0.370,0.003,0.627
779000,0.375,0.008,0.617
779500,0.367,0.007,0.626
780000,0.348,0.004,0.648
780500,0.419,0.002,0.579
781000,0.431,0.011,0.558
781500,0.407,0.009,0.584
782000,0.359,0.002,0.639
782500,0.414,0.013,0.573
783000,0.413,0.002,0.585
783500,0.435,0.002,0.563
784000,0.424,0.000,0.576
784500,0.407,0.004,0.589
785000,0.373,0.000,0.627
785500,0.385,0.000,0.615
786000,0.368,0.007,0.625
786500,0.370,0.009,0.621
787000,0.402,0.010,0.588
787500,0.374,0.000,0.626
788000,0.370,0.000,0.630
788500,0.366,0.008,0.626
789000,0.351,0.014,0.635
789500,0.376,0.001,0.623
790000,0.395,0.014,0.591
790500,0.417,0.002,0.581
791000,0.384,0.010,0.606
791500,0.363,0.006,0.631
792000,0.400,0.002,0.598
792500,0.399,0.014,0.587
793000,0.341,0.007,0.652
793500,0.391,0.013,0.596
794000,0.401,0.009,0.590
794500,0.319,0.012,0.669
795000,0.366,0.001,0.633
795500,0.388,0.001,0.611
796000,0.404,0.004,0.592
796500,0.418,0.005,0.577
797000,0.403,0.004,0.593
797500,0.419,0.000,0.581
798000,0.318,0.008,0.674
798500,0.353,0.005,0.642
799000,0.381,0.003,0.616
799500,0.347,0.009,0.644
800000,0.339,0.008,0.653
800500,0.403,0.002,0.595
801000,0.370,0.001,0.629
801500,0.326,0.022,0.652
802000,0.322,0.002,0.676
802500,0.367,0.004,0.629
803000,0.383,0.000,0.617
803500,0.394,0.014,0.592
804000,0.391,0.004,0.605
804500,0.352,0.013,0.635
805000,0.323,0.008,0.669
805500,0.341,0.010,0.649
806000,0.382,0.006,0.612
806500,0.310,0.019,0.671
807000,0.335,0.023,0.642
807500,0.334,0.018,0.648
808000,0.377,0.014,0.609
808500,0.400,0.002,0.598
809000,0.414,0.000,0.586
809500,0.436,0.001,0.563
810000,0.448,0.003,0.549
810500,0.389,0.014,0.597
811000,0.401,0.008,0.591
811500,0.340,0.009,0.651
812000,0.405,0.006,0.589
812500,0.431,0.001,0.568
813000,0.428,0.000,0.572
813500,0.417,0.017,0.566
814000,0.363,0.011,0.626
814500,0.347,0.013,0.640
815000,0.364,0.007,0.629
815500,0.304,0.013,0.683
816000,0.261,0.012,0.727
816500,0.306,0.017,0.677
817000,0.327,0.011,0.662
817500,0.391,0.003,0.606
818000,0.377,0.004,0.619
818500,0.406,0.001,0.593
819000,0.426,0.000,0.574
819500,0.388,0.006,0.606
820000,0.385,0.007,0.608
820500,0.374,0.013,0.613
821000,0.335,0.018,0.647
821500,0.386,0.006,0.608
822000,0.403,0.005,0.592
822500,0.357,0.002,0.641
823000,0.337,0.013,0.650
823500,0.314,0.009,0.677
824000,0.386,0.001,0.613
824500,0.344,0.000,0.656
825000,0.362,0.004,0.634
825500,0.360,0.021,0.619
826000,0.350,0.011,0.639
826500,0.395,0.003,0.602
827000,0.407,0.002,0.591
827500,0.322,0.024,0.654
828000,0.346,0.008,0.646
828500,0.358,0.003,0.639
829000,0.324,0.010,0.666
829500,0.347,0.001,0.652
830000,0.415,0.000,0.585
830500,0.374,0.000,0.626
831000,0.343,0.015,0.642
831500,0.384,0.007,0.609
832000,0.423,0.012,0.565
832500,0.418,0.001,0.581
833000,0.431,0.003,0.566
833500,0.417,0.007,0.576
834000,0.430,0.003,0.567
834500,0.471,0.003,0.526
835000,0.438,0.001,0.561
835500,0.446,0.012,0.542
836000,0.430,0.006,0.564
836500,0.411,0.006,0.583
837000,0.418,0.013,0.569
837500,0.458,0.002,0.540
838000,0.444,0.004,0.552
838500,0.418,0.012,0.570
839000,0.450,0.001,0.549
839500,0.421,0.001,0.578
840000,0.373,0.004,0.623
840500,0.339,0.018,0.643
841000,0.385,0.003,0.612
841500,0.346,0.000,0.654
842000,0.400,0.006,0.594
842500,0.360,0.010,0.630
843000,0.408,0.000,0.592
843500,0.371,0.010,0.619
844000,0.312,0.030,0.658
844500,0.323,0.015,0.662
845000,0.346,0.007,0.647
845500,0.315,0.012,0.673
846000,0.308,0.023,0.669
846500,0.345,0.012,0.643
847000,0.338,0.016,0.646
847500,0.286,0.007,0.707
848000,0.327,0.006,0.667
848500,0.340,0.013,0.647
849000,0.380,0.012,0.608
849500,0.367,0.005,0.628
850000,0.293,0.020,0.687
850500,0.304,0.033,0.663
851000,0.362,0.012,0.626
851500,0.331,0.010,0.659
852000,0.353,0.001,0.646
852500,0.325,0.011,0.664
853000,0.363,0.008,0.629
853500,0.359,0.013,0.628
854000,0.325,0.004,0.671
854500,0.392,0.009,0.599
855000,0.426,0.001,0.573
855500,0.394,0.000,0.606
856000,0.388,0.004,0.608
856500,0.417,0.003,0.580
857000,0.402,0.002,0.596
857500,0.411,0.000,0.589
858000,0.362,0.010,0.628
858500,0.348,0.011,0.641
859000,0.424,0.004,0.572
859500,0.393,0.001,0.606
860000,0.403,0.005,0.592
860500,0.450,0.000,0.550
861000,0.458,0.000,0.542
861500,0.414,0.000,0.586
862000,0.398,0.000,0.602
862500,0.400,0.000,0.600
863000,0.393,0.004,0.603
863500,0.406,0.002,0.592
864000,0.403,0.000,0.597
864500,0.404,0.000,0.596
865000,0.421,0.000,0.579
865500,0.433,0.010,0.557
866000,0.414,0.009,0.577
866500,0.358,0.008,0.634
867000,0.432,0.002,0.566
867500,0.394,0.001,0.605
868000,0.367,0.007,0.626
868500,0.368,0.013,0.619
869000,0.357,0.013,0.630
869500,0.381,0.005,0.614
870000,0.423,0.001,0.576
870500,0.365,0.009,0.626
871000,0.408,0.002,0.590
871500,0.352,0.030,0.618
872000,0.304,0.010,0.686
872500,0.312,0.007,0.681
873000,0.362,0.015,0.623
873500,0.377,0.021,0.602
874000,0.366,0.009,0.625
874500,0.381,0.007,0.612
875000,0.370,0.006,0.624
875500,0.357,0.009,0.634
876000,0.334,0.008,0.658
876500,0.340,0.006,0.654
877000,0.406,0.007,0.587
877500,0.363,0.010,0.627
878000,0.365,0.009,0.626
878500,0.374,0.014,0.612
879000,0.397,0.001,0.602
879500,0.476,0.005,0.519
880000,0.458,0.003,0.539
880500,0.443,0.003,0.554
881000,0.414,0.012,0.574
881500,0.357,0.014,0.629
882000,0.355,0.014,0.631
882500,0.332,0.005,0.663
883000,0.364,0.013,0.623
883500,0.339,0.025,0.636
884000,0.325,0.018,0.657
884500,0.352,0.019,0.629
885000,0.377,0.006,0.617
885500,0.313,0.008,0.679
886000,0.335,0.012,0.653
886500,0.311,0.013,0.676
887000,0.312,0.012,0.676
887500,0.326,0.015,0.659
888000,0.291,0.020,0.689
888500,0.309,0.029,0.662
889000,0.353,0.016,0.631
889500,0.380,0.009,0.611
890000,0.396,0.000,0.604
890500,0.454,0.003,0.543
891000,0.387,0.008,0.605
891500,0.361,0.009,0.630
892000,0.337,0.001,0.662
892500,0.363,0.000,0.637
893000,0.381,0.010,0.609
893500,0.429,0.003,0.568
894000,0.412,0.000,0.588
894500,0.411,0.000,0.589
895000,0.430,0.007,0.563
895500,0.399,0.013,0.588
896000,0.356,0.008,0.636
896500,0.423,0.006,0.571
897000,0.446,0.003,0.551
897500,0.478,0.000,0.522
898000,0.391,0.000,0.609
898500,0.445,0.001,0.554
899000,0.389,0.011,0.600
899500,0.372,0.008,0.620
900000,0.355,0.007,0.638
900500,0.284,0.020,0.696
901000,0.296,0.039,0.665
901500,0.348,0.012,0.640
902000,0.357,0.002,0.641
902500,0.381,0.007,0.612
903000,0.373,0.009,0.618
903500,0.342,0.013,0.645
904000,0.352,0.003,0.645
904500,0.371,0.003,0.626
905000,0.343,0.006,0.651
905500,0.348,0.012,0.640
906000,0.328,0.009,0.663
906500,0.334,0.006,0.660
907000,0.326,0.012,0.662
907500,0.385,0.002,0.613
908000,0.315,0.003,0.682
908500,0.317,0.013,0.670
909000,0.395,0.011,0.594
909500,0.333,0.007,0.660
910000,0.333,0.004,0.663
910500,0.382,0.008,0.610
911000,0.313,0.011,0.676
911500,0.336,0.008,0.656
912000,0.322,0.018,0.660
912500,0.296,0.013,0.691
913000,0.280,0.013,0.707
913500,0.325,0.023,0.652
914000,0.312,0.005,0.683
914500,0.374,0.001,0.625
915000,0.380,0.005,0.615
915500,0.378,0.002,0.620
916000,0.382,0.006,0.612
916500,0.315,0.002,0.683
917000,0.411,0.000,0.589
917500,0.396,0.000,0.604
918000,0.346,0.004,0.650
918500,0.371,0.001,0.628
919000,0.318,0.013,0.669
919500,0.331,0.017,0.652
920000,0.266,0.035,0.699
920500,0.274,0.038,0.688
921000,0.285,0.012,0.703
921500,0.335,0.014,0.651
922000,0.334,0.010,0.656
922500,0.325,0.007,0.668
923000,0.347,0.008,0.645
923500,0.366,0.003,0.631
924000,0.323,0.005,0.672
924500,0.358,0.004,0.638
925000,0.360,0.011,0.629
925500,0.291,0.004,0.705
926000,0.327,0.000,0.673
926500,0.344,0.000,0.656
927000,0.403,0.010,0.587
927500,0.391,0.018,0.591
928000,0.341,0.015,0.644
928500,0.376,0.004,0.620
929000,0.334,0.012,0.654
929500,0.346,0.006,0.648
930000,0.389,0.007,0.604
930500,0.361,0.005,0.634
931000,0.379,0.014,0.607
931500,0.376,0.009,0.615
932000,0.384,0.002,0.614
932500,0.386,0.015,0.599
933000,0.335,0.013,0.652
933500,0.382,0.004,0.614
934000,0.354,0.011,0.635
934500,0.326,0.008,0.666
935000,0.319,0.013,0.668
935500,0.364,0.010,0.626
936000,0.420,0.001,0.579
936500,0.398,0.007,0.595
937000,0.378,0.007,0.615
937500,0.349,0.013,0.638
938000,0.342,0.013,0.645
938500,0.326,0.009,0.665
939000,0.382,0.014,0.604
939500,0.399,0.005,0.596
940000,0.369,0.007,0.624
940500,0.317,0.009,0.674
941000,0.308,0.030,0.662
941500,0.330,0.017,0.653
942000,0.347,0.008,0.645
942500,0.371,0.003,0.626
943000,0.373,0.007,0.620
943500,0.370,0.006,0.624
944000,0.381,0.004,0.615
944500,0.418,0.005,0.577
945000,0.394,0.004,0.602
945500,0.333,0.005,0.662
946000,0.271,0.011,0.718
946500,0.337,0.014,0.649
947000,0.360,0.018,0.622
947500,0.347,0.008,0.645
948000,0.417,0.005,0.578
948500,0.432,0.002,0.566
949000,0.388,0.008,0.604
949500,0.338,0.001,0.661
950000,0.323,0.005,0.672
950500,0.376,0.003,0.621
951000,0.356,0.001,0.643
951500,0.341,0.003,0.656
952000,0.343,0.020,0.637
952500,0.382,0.010,0.608
953000,0.342,0.004,0.654
953500,0.393,0.000,0.607
954000,0.374,0.007,0.619
954500,0.369,0.000,0.631
955000,0.411,0.000,0.589
955500,0.382,0.003,0.615
956000,0.407,0.001,0.592
956500,0.436,0.003,0.561
957000,0.389,0.007,0.604
957500,0.402,0.015,0.583
958000,0.299,0.015,0.686
958500,0.365,0.014,0.621
959000,0.394,0.002,0.604
959500,0.389,0.002,0.609
960000,0.341,0.015,0.644
960500,0.363,0.004,0.633
961000,0.361,0.012,0.627
961500,0.345,0.017,0.638
962000,0.344,0.020,0.636
962500,0.359,0.007,0.634
963000,0.335,0.006,0.659
963500,0.389,0.002,0.609
964000,0.392,0.002,0.606
964500,0.382,0.003,0.615
965000,0.335,0.007,0.658
965500,0.333,0.019,0.648
966000,0.328,0.012,0.660
966500,0.338,0.004,0.658
967000,0.326,0.005,0.669
967500,0.389,0.013,0.598
968000,0.350,0.004,0.646
968500,0.350,0.013,0.637
969000,0.372,0.005,0.623
969500,0.387,0.007,0.606
970000,0.443,0.002,0.555
970500,0.411,0.000,0.589
971000,0.396,0.007,0.597
971500,0.463,0.005,0.532
972000,0.406,0.015,0.579
972500,0.383,0.015,0.602
973000,0.452,0.010,0.538
973500,0.400,0.003,0.597
974000,0.380,0.007,0.613
974500,0.399,0.001,0.600
975000,0.435,0.000,0.565
975500,0.357,0.002,0.641
976000,0.424,0.003,0.573
976500,0.413,0.003,0.584
977000,0.363,0.012,0.625
977500,0.273,0.011,0.716
978000,0.245,0.028,0.727
978500,0.232,0.023,0.745
979000,0.316,0.018,0.666
979500,0.364,0.016,0.620
980000,0.345,0.018,0.637
980500,0.289,0.027,0.684
981000,0.348,0.010,0.642
981500,0.323,0.001,0.676
982000,0.370,0.014,0.616
982500,0.352,0.005,0.643
983000,0.335,0.007,0.658
983500,0.362,0.005,0.633
984000,0.337,0.015,0.648
984500,0.358,0.016,0.626
985000,0.352,0.017,0.631
985500,0.337,0.020,0.643
986000,0.400,0.008,0.592
986500,0.359,0.018,0.623
987000,0.372,0.000,0.628
987500,0.415,0.012,0.573
988000,0.405,0.003,0.592
988500,0.378,0.008,0.614
989000,0.356,0.005,0.639
989500,0.393,0.005,0.602
990000,0.360,0.016,0.624
990500,0.386,0.001,0.613
991000,0.451,0.000,0.549
991500,0.414,0.017,0.569
992000,0.432,0.003,0.565
992500,0.437,0.005,0.558
993000,0.368,0.003,0.629
993500,0.265,0.029,0.706
994000,0.288,0.019,0.693
994500,0.292,0.015,0.693
995000,0.339,0.005,0.656
995500,0.321,0.004,0.675
996000,0.337,0.018,0.645
996500,0.360,0.013,0.627
997000,0.374,0.010,0.616
997500,0.392,0.003,0.605
998000,0.429,0.001,0.570
998500,0.390,0.006,0.604
999000,0.355,0.010,0.635
999500,0.324,0.006,0.670
1000000,0.357,0.012,0.631
