time,n_A+p,n_B,n_AB
500,0.030,0.748,0.222
1000,0.030,0.573,0.397
1500,0.030,0.344,0.626
2000,0.030,0.434,0.536
2500,0.030,0.372,0.598
3000,0.030,0.373,0.597
3500,0.030,0.344,0.626
4000,0.030,0.288,0.682
4500,0.030,0.337,0.633
5000,0.030,0.336,0.634
5500,0.030,0.424,0.546
6000,0.030,0.303,0.667
6500,0.030,0.242,0.728
7000,0.030,0.287,0.683
7500,0.030,0.308,0.662
8000,0.030,0.348,0.622
8500,0.030,0.370,0.600
9000,0.030,0.281,0.689
9500,0.066,0.216,0.718
10000,0.031,0.337,0.632
10500,0.030,0.331,0.639
11000,0.030,0.424,0.546
11500,0.030,0.411,0.559
12000,0.030,0.463,0.507
12500,0.030,0.336,0.634
13000,0.033,0.277,0.690
13500,0.030,0.385,0.585
14000,0.030,0.296,0.674
14500,0.040,0.320,0.640
15000,0.030,0.375,0.595
15500,0.032,0.281,0.687
16000,0.074,0.241,0.685
16500,0.043,0.252,0.705
17000,0.030,0.403,0.567
17500,0.030,0.483,0.487
18000,0.030,0.392,0.578
18500,0.030,0.393,0.577
19000,0.030,0.290,0.680
19500,0.030,0.310,0.660
20000,0.030,0.382,0.588
20500,0.030,0.317,0.653
21000,0.030,0.337,0.633
21500,0.037,0.327,0.636
22000,0.043,0.253,0.704
22500,0.031,0.279,0.690
23000,0.030,0.230,0.740
23500,0.030,0.333,0.637
24000,0.030,0.418,0.552
24500,0.030,0.362,0.608
25000,0.030,0.371,0.599
25500,0.036,0.296,0.668
26000,0.030,0.371,0.599
26500,0.030,0.365,0.605
27000,0.030,0.400,0.570
27500,0.030,0.304,0.666
28000,0.030,0.331,0.639
28500,0.030,0.320,0.650
29000,0.030,0.303,0.667
29500,0.030,0.312,0.658
30000,0.038,0.341,0.621
30500,0.036,0.312,0.652
31000,0.030,0.336,0.634
31500,0.030,0.370,0.600
32000,0.030,0.414,0.556
32500,0.030,0.420,0.550
33000,0.030,0.302,0.668
33500,0.030,0.286,0.684
34000,0.031,0.325,0.644
34500,0.031,0.269,0.700
35000,0.030,0.333,0.637
35500,0.030,0.334,0.636
36000,0.039,0.290,0.671
36500,0.068,0.139,0.793
37000,0.240,0.022,0.738
37500,0.473,0.000,0.527
38000,0.561,0.000,0.439
38500,0.619,0.000,0.381
39000,0.599,0.000,0.401
39500,0.747,0.000,0.253
40000,0.810,0.000,0.190
40500,0.841,0.000,0.159
41000,0.788,0.000,0.212
41500,0.679,0.000,0.321
42000,0.664,0.000,0.336
42500,0.708,0.000,0.292
43000,0.688,0.000,0.312
43500,0.848,0.000,0.152
44000,0.728,0.000,0.272
44500,0.833,0.000,0.167
45000,0.819,0.000,0.181
45500,0.812,0.000,0.188
46000,0.743,0.000,0.257
46500,0.734,0.000,0.266
47000,0.783,0.000,0.217
47500,0.847,0.000,0.153
48000,0.851,0.000,0.149
48500,0.780,0.000,0.220
49000,0.794,0.000,0.206
49500,0.790,0.000,0.210
50000,0.708,0.000,0.292
50500,0.709,0.000,0.291
51000,0.763,0.000,0.237
51500,0.819,0.000,0.181
52000,0.885,0.000,0.115
52500,0.879,0.000,0.121
53000,0.643,0.000,0.357
53500,0.757,0.000,0.243
54000,0.877,0.000,0.123
54500,0.924,0.000,0.076
55000,0.900,0.000,0.100
55500,0.899,0.000,0.101
56000,0.765,0.000,0.235
56500,0.697,0.000,0.303
57000,0.828,0.000,0.172
57500,0.895,0.000,0.105
58000,0.831,0.000,0.169
58500,0.852,0.000,0.148
59000,0.799,0.000,0.201
59500,0.627,0.000,0.373
60000,0.751,0.000,0.249
60500,0.684,0.000,0.316
61000,0.635,0.000,0.365
61500,0.706,0.000,0.294
62000,0.680,0.000,0.320
62500,0.778,0.000,0.222
63000,0.890,0.000,0.110
63500,0.790,0.000,0.210
64000,0.791,0.000,0.209
64500,0.759,0.000,0.241
65000,0.715,0.000,0.285
65500,0.645,0.000,0.355
66000,0.766,0.000,0.234
66500,0.690,0.000,0.310
67000,0.740,0.000,0.260
67500,0.727,0.000,0.273
68000,0.745,0.000,0.255
68500,0.745,0.000,0.255
69000,0.735,0.000,0.265
69500,0.728,0.000,0.272
70000,0.629,0.000,0.371
70500,0.743,0.000,0.257
71000,0.686,0.000,0.314
71500,0.759,0.000,0.241
72000,0.744,0.000,0.256
72500,0.650,0.000,0.350
73000,0.662,0.000,0.338
73500,0.804,0.000,0.196
74000,0.793,0.000,0.207
74500,0.794,0.000,0.206
75000,0.899,0.000,0.101
75500,0.903,0.000,0.097
76000,0.896,0.000,0.104
76500,0.885,0.000,0.115
77000,0.866,0.000,0.134
77500,0.912,0.000,0.088
78000,0.877,0.000,0.123
78500,0.873,0.000,0.127
79000,0.721,0.000,0.279
79500,0.626,0.000,0.374
80000,0.593,0.000,0.407
80500,0.719,0.000,0.281
81000,0.788,0.000,0.212
81500,0.861,0.000,0.139
82000,0.841,0.000,0.159
82500,0.813,0.000,0.187
83000,0.864,0.000,0.136
83500,0.851,0.000,0.149
84000,0.928,0.000,0.072
84500,0.822,0.000,0.178
85000,0.858,0.000,0.142
85500,0.808,0.000,0.192
86000,0.867,0.000,0.133
86500,0.889,0.000,0.111
87000,0.776,0.000,0.224
87500,0.640,0.000,0.360
88000,0.691,0.000,0.309
88500,0.712,0.000,0.288
89000,0.621,0.000,0.379
89500,0.573,0.000,0.427
90000,0.620,0.000,0.380
90500,0.763,0.000,0.237
91000,0.803,0.000,0.197
91500,0.788,0.000,0.212
92000,0.770,0.000,0.230
92500,0.709,0.000,0.291
93000,0.716,0.000,0.284
93500,0.691,0.000,0.309
94000,0.692,0.000,0.308
94500,0.624,0.000,0.376
95000,0.747,0.000,0.253
95500,0.721,0.000,0.279
96000,0.808,0.000,0.192
96500,0.643,0.000,0.357
97000,0.697,0.000,0.303
97500,0.747,0.000,0.253
98000,0.695,0.000,0.305
98500,0.746,0.000,0.254
99000,0.819,0.000,0.181
99500,0.724,0.000,0.276
100000,0.699,0.000,0.301
100500,0.687,0.000,0.313
101000,0.670,0.000,0.330
101500,0.703,0.000,0.297
102000,0.736,0.000,0.264
102500,0.727,0.000,0.273
103000,0.643,0.000,0.357
103500,0.639,0.000,0.361
104000,0.654,0.000,0.346
104500,0.730,0.000,0.270
105000,0.832,0.000,0.168
105500,0.689,0.000,0.311
106000,0.705,0.000,0.295
106500,0.664,0.000,0.336
107000,0.663,0.000,0.337
107500,0.646,0.000,0.354
108000,0.790,0.000,0.210
108500,0.662,0.000,0.338
109000,0.551,0.000,0.449
109500,0.647,0.000,0.353
110000,0.693,0.000,0.307
110500,0.700,0.000,0.300
111000,0.722,0.000,0.278
111500,0.693,0.000,0.307
112000,0.735,0.000,0.265
112500,0.729,0.000,0.271
113000,0.752,0.000,0.248
113500,0.778,0.000,0.222
114000,0.703,0.000,0.297
114500,0.810,0.000,0.190
115000,0.959,0.000,0.041
115500,0.997,0.000,0.003
116000,1.000,0.000,0.000
