time,n_A+p,n_B,n_AB
100,0.030,0.966,0.004
200,0.030,0.961,0.009
300,0.030,0.956,0.014
400,0.030,0.954,0.016
500,0.030,0.954,0.016
600,0.030,0.951,0.019
700,0.030,0.943,0.027
800,0.030,0.944,0.026
900,0.030,0.938,0.032
1000,0.032,0.939,0.029
1100,0.032,0.935,0.033
1200,0.032,0.934,0.034
1300,0.031,0.927,0.042
1400,0.031,0.919,0.050
1500,0.031,0.923,0.046
1600,0.031,0.918,0.051
1700,0.030,0.914,0.056
1800,0.034,0.910,0.056
1900,0.034,0.912,0.054
2000,0.033,0.904,0.063
2100,0.033,0.901,0.066
2200,0.033,0.892,0.075
2300,0.033,0.890,0.077
2400,0.032,0.888,0.080
2500,0.035,0.879,0.086
2600,0.037,0.872,0.091
2700,0.037,0.867,0.096
2800,0.036,0.864,0.100
2900,0.036,0.863,0.101
3000,0.039,0.861,0.100
3100,0.038,0.853,0.109
3200,0.038,0.837,0.125
3300,0.037,0.829,0.134
3400,0.037,0.824,0.139
3500,0.040,0.811,0.149
3600,0.044,0.806,0.150
3700,0.044,0.804,0.152
3800,0.043,0.801,0.156
3900,0.044,0.806,0.150
4000,0.040,0.798,0.162
4100,0.038,0.796,0.166
4200,0.037,0.790,0.173
4300,0.038,0.788,0.174
4400,0.043,0.787,0.170
4500,0.046,0.784,0.170
4600,0.051,0.773,0.176
4700,0.054,0.771,0.175
4800,0.058,0.761,0.181
4900,0.059,0.760,0.181
5000,0.058,0.752,0.190
5100,0.057,0.742,0.201
5200,0.064,0.730,0.206
5300,0.064,0.716,0.220
5400,0.058,0.720,0.222
5500,0.066,0.708,0.226
5600,0.063,0.699,0.238
5700,0.062,0.683,0.255
5800,0.067,0.667,0.266
5900,0.064,0.658,0.278
6000,0.065,0.647,0.288
6100,0.063,0.643,0.294
6200,0.066,0.642,0.292
6300,0.067,0.635,0.298
6400,0.065,0.638,0.297
6500,0.070,0.626,0.304
6600,0.072,0.622,0.306
6700,0.077,0.611,0.312
6800,0.078,0.604,0.318
6900,0.079,0.603,0.318
7000,0.088,0.607,0.305
7100,0.086,0.612,0.302
7200,0.084,0.605,0.311
7300,0.081,0.604,0.315
7400,0.086,0.592,0.322
7500,0.090,0.595,0.315
7600,0.088,0.590,0.322
7700,0.097,0.577,0.326
7800,0.098,0.566,0.336
7900,0.092,0.560,0.348
8000,0.100,0.547,0.353
8100,0.110,0.540,0.350
8200,0.107,0.531,0.362
8300,0.098,0.534,0.368
8400,0.094,0.535,0.371
8500,0.106,0.540,0.354
8600,0.113,0.534,0.353
8700,0.111,0.531,0.358
8800,0.113,0.529,0.358
8900,0.118,0.536,0.346
9000,0.115,0.538,0.347
9100,0.110,0.527,0.363
9200,0.099,0.529,0.372
9300,0.100,0.523,0.377
9400,0.100,0.517,0.383
9500,0.096,0.515,0.389
9600,0.093,0.525,0.382
9700,0.107,0.518,0.375
9800,0.114,0.501,0.385
9900,0.108,0.498,0.394
10000,0.104,0.506,0.390
10100,0.106,0.512,0.382
10200,0.104,0.510,0.386
10300,0.114,0.503,0.383
10400,0.118,0.503,0.379
10500,0.121,0.494,0.385
10600,0.121,0.477,0.402
10700,0.125,0.486,0.389
10800,0.127,0.487,0.386
10900,0.125,0.475,0.400
11000,0.126,0.470,0.404
11100,0.142,0.476,0.382
11200,0.146,0.456,0.398
11300,0.149,0.467,0.384
11400,0.154,0.464,0.382
11500,0.150,0.461,0.389
11600,0.150,0.459,0.391
11700,0.156,0.458,0.386
11800,0.158,0.452,0.390
11900,0.158,0.452,0.390
12000,0.157,0.442,0.401
12100,0.148,0.434,0.418
12200,0.155,0.425,0.420
12300,0.174,0.418,0.408
12400,0.174,0.424,0.402
12500,0.172,0.423,0.405
12600,0.170,0.420,0.410
12700,0.166,0.420,0.414
12800,0.174,0.417,0.409
12900,0.175,0.421,0.404
13000,0.169,0.417,0.414
13100,0.171,0.407,0.422
13200,0.163,0.413,0.424
13300,0.154,0.424,0.422
13400,0.171,0.401,0.428
13500,0.182,0.404,0.414
13600,0.186,0.408,0.406
13700,0.181,0.403,0.416
13800,0.190,0.399,0.411
13900,0.190,0.397,0.413
14000,0.195,0.388,0.417
14100,0.197,0.397,0.406
14200,0.194,0.391,0.415
14300,0.187,0.394,0.419
14400,0.194,0.381,0.425
14500,0.188,0.386,0.426
14600,0.179,0.392,0.429
14700,0.180,0.390,0.430
14800,0.186,0.375,0.439
14900,0.188,0.365,0.447
15000,0.180,0.380,0.440
15100,0.178,0.372,0.450
15200,0.171,0.384,0.445
15300,0.175,0.371,0.454
15400,0.187,0.377,0.436
15500,0.178,0.386,0.436
15600,0.182,0.391,0.427
15700,0.180,0.380,0.440
15800,0.185,0.378,0.437
15900,0.190,0.369,0.441
16000,0.195,0.376,0.429
16100,0.190,0.378,0.432
16200,0.196,0.389,0.415
16300,0.189,0.392,0.419
16400,0.184,0.415,0.401
16500,0.189,0.412,0.399
16600,0.177,0.406,0.417
16700,0.170,0.406,0.424
16800,0.163,0.413,0.424
16900,0.170,0.411,0.419
17000,0.182,0.410,0.408
17100,0.177,0.402,0.421
17200,0.172,0.384,0.444
17300,0.176,0.390,0.434
17400,0.183,0.405,0.412
17500,0.174,0.390,0.436
17600,0.173,0.389,0.438
17700,0.168,0.380,0.452
17800,0.179,0.380,0.441
17900,0.172,0.388,0.440
18000,0.174,0.385,0.441
18100,0.171,0.372,0.457
18200,0.170,0.378,0.452
18300,0.170,0.382,0.448
18400,0.174,0.375,0.451
18500,0.177,0.372,0.451
18600,0.187,0.366,0.447
18700,0.185,0.367,0.448
18800,0.195,0.368,0.437
18900,0.186,0.373,0.441
19000,0.197,0.374,0.429
19100,0.202,0.377,0.421
19200,0.204,0.381,0.415
19300,0.198,0.372,0.430
19400,0.202,0.375,0.423
19500,0.196,0.373,0.431
19600,0.199,0.367,0.434
19700,0.212,0.352,0.436
19800,0.212,0.366,0.422
19900,0.208,0.357,0.435
20000,0.201,0.360,0.439
20100,0.207,0.351,0.442
20200,0.213,0.345,0.442
20300,0.214,0.345,0.441
20400,0.219,0.341,0.440
20500,0.216,0.348,0.436
20600,0.224,0.349,0.427
20700,0.245,0.353,0.402
20800,0.227,0.360,0.413
20900,0.213,0.348,0.439
21000,0.226,0.356,0.418
21100,0.216,0.355,0.429
21200,0.215,0.354,0.431
21300,0.224,0.344,0.432
21400,0.217,0.339,0.444
21500,0.223,0.328,0.449
21600,0.230,0.322,0.448
21700,0.219,0.320,0.461
21800,0.217,0.310,0.473
21900,0.210,0.305,0.485
22000,0.225,0.298,0.477
22100,0.227,0.301,0.472
22200,0.227,0.311,0.462
22300,0.225,0.309,0.466
22400,0.232,0.309,0.459
22500,0.236,0.311,0.453
22600,0.251,0.297,0.452
22700,0.263,0.297,0.440
22800,0.262,0.298,0.440
22900,0.275,0.293,0.432
23000,0.263,0.293,0.444
23100,0.252,0.284,0.464
23200,0.254,0.274,0.472
23300,0.238,0.281,0.481
23400,0.236,0.293,0.471
23500,0.237,0.295,0.468
23600,0.236,0.312,0.452
23700,0.264,0.306,0.430
23800,0.257,0.308,0.435
23900,0.267,0.306,0.427
24000,0.262,0.322,0.416
24100,0.261,0.318,0.421
24200,0.253,0.311,0.436
24300,0.273,0.301,0.426
24400,0.271,0.298,0.431
24500,0.269,0.290,0.441
24600,0.268,0.280,0.452
24700,0.277,0.281,0.442
24800,0.287,0.284,0.429
24900,0.277,0.287,0.436
25000,0.279,0.282,0.439
25100,0.276,0.292,0.432
25200,0.267,0.293,0.440
25300,0.255,0.298,0.447
25400,0.261,0.291,0.448
25500,0.276,0.287,0.437
25600,0.273,0.273,0.454
25700,0.280,0.253,0.467
25800,0.281,0.253,0.466
25900,0.272,0.250,0.478
26000,0.272,0.261,0.467
26100,0.271,0.255,0.474
26200,0.294,0.262,0.444
26300,0.294,0.249,0.457
26400,0.294,0.246,0.460
26500,0.305,0.240,0.455
26600,0.305,0.240,0.455
26700,0.307,0.237,0.456
26800,0.314,0.229,0.457
26900,0.316,0.225,0.459
27000,0.327,0.207,0.466
27100,0.317,0.224,0.459
27200,0.304,0.238,0.458
27300,0.306,0.220,0.474
27400,0.303,0.219,0.478
27500,0.304,0.207,0.489
27600,0.302,0.214,0.484
27700,0.296,0.215,0.489
27800,0.309,0.208,0.483
27900,0.312,0.212,0.476
28000,0.330,0.213,0.457
28100,0.335,0.208,0.457
28200,0.344,0.194,0.462
28300,0.353,0.198,0.449
28400,0.341,0.202,0.457
28500,0.341,0.201,0.458
28600,0.340,0.207,0.453
28700,0.343,0.208,0.449
28800,0.348,0.211,0.441
28900,0.353,0.210,0.437
29000,0.349,0.222,0.429
29100,0.344,0.228,0.428
29200,0.343,0.232,0.425
29300,0.349,0.227,0.424
29400,0.347,0.232,0.421
29500,0.345,0.225,0.430
29600,0.348,0.211,0.441
29700,0.346,0.203,0.451
29800,0.347,0.193,0.460
29900,0.342,0.197,0.461
30000,0.347,0.190,0.463
30100,0.355,0.187,0.458
30200,0.355,0.191,0.454
30300,0.360,0.182,0.458
30400,0.350,0.173,0.477
30500,0.356,0.166,0.478
30600,0.358,0.167,0.475
30700,0.349,0.158,0.493
30800,0.347,0.166,0.487
30900,0.360,0.172,0.468
31000,0.351,0.166,0.483
31100,0.359,0.170,0.471
31200,0.359,0.174,0.467
31300,0.348,0.175,0.477
31400,0.364,0.177,0.459
31500,0.360,0.182,0.458
31600,0.376,0.175,0.449
31700,0.363,0.182,0.455
31800,0.365,0.196,0.439
31900,0.374,0.189,0.437
32000,0.385,0.187,0.428
32100,0.389,0.186,0.425
32200,0.403,0.179,0.418
32300,0.398,0.181,0.421
32400,0.381,0.188,0.431
32500,0.377,0.178,0.445
32600,0.381,0.178,0.441
32700,0.398,0.176,0.426
32800,0.409,0.187,0.404
32900,0.401,0.188,0.411
33000,0.397,0.205,0.398
33100,0.396,0.206,0.398
33200,0.376,0.203,0.421
33300,0.362,0.210,0.428
33400,0.370,0.210,0.420
33500,0.356,0.224,0.420
33600,0.351,0.229,0.420
33700,0.359,0.228,0.413
33800,0.350,0.239,0.411
33900,0.353,0.237,0.410
34000,0.335,0.242,0.423
34100,0.336,0.233,0.431
34200,0.325,0.230,0.445
34300,0.315,0.229,0.456
34400,0.320,0.231,0.449
34500,0.309,0.228,0.463
34600,0.307,0.225,0.468
34700,0.306,0.250,0.444
34800,0.310,0.248,0.442
34900,0.324,0.250,0.426
35000,0.315,0.251,0.434
35100,0.307,0.251,0.442
35200,0.299,0.250,0.451
35300,0.284,0.254,0.462
35400,0.283,0.253,0.464
35500,0.280,0.252,0.468
35600,0.284,0.246,0.470
35700,0.284,0.242,0.474
35800,0.291,0.259,0.450
35900,0.291,0.261,0.448
36000,0.294,0.252,0.454
36100,0.286,0.265,0.449
36200,0.278,0.267,0.455
36300,0.299,0.263,0.438
36400,0.306,0.255,0.439
36500,0.308,0.253,0.439
36600,0.296,0.251,0.453
36700,0.290,0.261,0.449
36800,0.288,0.258,0.454
36900,0.284,0.242,0.474
37000,0.300,0.228,0.472
37100,0.299,0.223,0.478
37200,0.286,0.233,0.481
37300,0.279,0.256,0.465
37400,0.272,0.255,0.473
37500,0.278,0.259,0.463
37600,0.293,0.266,0.441
37700,0.293,0.263,0.444
37800,0.294,0.248,0.458
37900,0.292,0.249,0.459
38000,0.296,0.248,0.456
38100,0.281,0.250,0.469
38200,0.286,0.234,0.480
38300,0.288,0.229,0.483
38400,0.295,0.224,0.481
38500,0.291,0.231,0.478
38600,0.306,0.223,0.471
38700,0.311,0.226,0.463
38800,0.312,0.238,0.450
38900,0.302,0.229,0.469
39000,0.304,0.248,0.448
39100,0.324,0.240,0.436
39200,0.327,0.234,0.439
39300,0.328,0.220,0.452
39400,0.314,0.226,0.460
39500,0.306,0.233,0.461
39600,0.300,0.242,0.458
39700,0.311,0.240,0.449
39800,0.302,0.247,0.451
39900,0.309,0.240,0.451
40000,0.329,0.231,0.440
40100,0.328,0.220,0.452
40200,0.335,0.223,0.442
40300,0.329,0.211,0.460
40400,0.331,0.212,0.457
40500,0.335,0.202,0.463
40600,0.338,0.206,0.456
40700,0.340,0.201,0.459
40800,0.351,0.194,0.455
40900,0.359,0.190,0.451
41000,0.367,0.183,0.450
41100,0.366,0.183,0.451
41200,0.360,0.195,0.445
41300,0.361,0.194,0.445
41400,0.359,0.197,0.444
41500,0.362,0.186,0.452
41600,0.370,0.198,0.432
41700,0.363,0.194,0.443
41800,0.381,0.187,0.432
41900,0.383,0.182,0.435
42000,0.382,0.181,0.437
42100,0.380,0.183,0.437
42200,0.383,0.182,0.435
42300,0.391,0.183,0.426
42400,0.376,0.184,0.440
42500,0.381,0.171,0.448
42600,0.381,0.164,0.455
42700,0.380,0.162,0.458
42800,0.381,0.161,0.458
42900,0.390,0.156,0.454
43000,0.392,0.151,0.457
43100,0.383,0.159,0.458
43200,0.387,0.157,0.456
43300,0.395,0.150,0.455
43400,0.390,0.158,0.452
43500,0.392,0.158,0.450
43600,0.381,0.163,0.456
43700,0.385,0.157,0.458
43800,0.390,0.158,0.452
43900,0.401,0.162,0.437
44000,0.390,0.167,0.443
44100,0.394,0.165,0.441
44200,0.397,0.153,0.450
44300,0.393,0.161,0.446
44400,0.391,0.149,0.460
44500,0.393,0.144,0.463
44600,0.387,0.152,0.461
44700,0.392,0.142,0.466
44800,0.390,0.150,0.460
44900,0.390,0.155,0.455
45000,0.395,0.166,0.439
45100,0.395,0.151,0.454
45200,0.394,0.153,0.453
45300,0.391,0.150,0.459
45400,0.391,0.151,0.458
45500,0.383,0.151,0.466
45600,0.374,0.153,0.473
45700,0.384,0.156,0.460
45800,0.390,0.161,0.449
45900,0.392,0.153,0.455
46000,0.384,0.154,0.462
46100,0.385,0.162,0.453
46200,0.375,0.177,0.448
46300,0.382,0.181,0.437
46400,0.378,0.190,0.432
46500,0.383,0.196,0.421
46600,0.381,0.190,0.429
46700,0.389,0.189,0.422
46800,0.386,0.205,0.409
46900,0.380,0.200,0.420
47000,0.373,0.198,0.429
47100,0.368,0.199,0.433
47200,0.369,0.193,0.438
47300,0.386,0.189,0.425
47400,0.377,0.198,0.425
47500,0.378,0.207,0.415
47600,0.371,0.207,0.422
47700,0.376,0.188,0.436
47800,0.378,0.190,0.432
47900,0.380,0.188,0.432
48000,0.382,0.190,0.428
48100,0.397,0.192,0.411
48200,0.407,0.182,0.411
48300,0.409,0.177,0.414
48400,0.415,0.175,0.410
48500,0.414,0.181,0.405
48600,0.422,0.167,0.411
48700,0.415,0.176,0.409
48800,0.415,0.175,0.410
48900,0.413,0.191,0.396
49000,0.412,0.180,0.408
49100,0.406,0.180,0.414
49200,0.405,0.180,0.415
49300,0.389,0.179,0.432
49400,0.386,0.180,0.434
49500,0.382,0.176,0.442
49600,0.387,0.170,0.443
49700,0.387,0.171,0.442
49800,0.383,0.169,0.448
49900,0.386,0.180,0.434
50000,0.391,0.173,0.436
50100,0.406,0.181,0.413
50200,0.410,0.183,0.407
50300,0.414,0.178,0.408
50400,0.413,0.178,0.409
50500,0.397,0.184,0.419
50600,0.390,0.183,0.427
50700,0.370,0.182,0.448
50800,0.361,0.191,0.448
50900,0.362,0.204,0.434
51000,0.366,0.205,0.429
51100,0.362,0.209,0.429
51200,0.351,0.218,0.431
51300,0.343,0.223,0.434
51400,0.341,0.225,0.434
51500,0.339,0.223,0.438
51600,0.325,0.221,0.454
51700,0.328,0.215,0.457
51800,0.328,0.212,0.460
51900,0.317,0.219,0.464
52000,0.312,0.218,0.470
52100,0.322,0.210,0.468
52200,0.332,0.205,0.463
52300,0.346,0.193,0.461
52400,0.346,0.182,0.472
52500,0.365,0.177,0.458
52600,0.383,0.180,0.437
52700,0.373,0.181,0.446
52800,0.375,0.182,0.443
52900,0.385,0.179,0.436
53000,0.381,0.174,0.445
53100,0.375,0.174,0.451
53200,0.390,0.163,0.447
53300,0.393,0.166,0.441
53400,0.400,0.155,0.445
53500,0.392,0.161,0.447
53600,0.388,0.161,0.451
53700,0.393,0.167,0.440
53800,0.385,0.185,0.430
53900,0.381,0.191,0.428
54000,0.378,0.179,0.443
54100,0.372,0.183,0.445
54200,0.391,0.169,0.440
54300,0.394,0.173,0.433
54400,0.375,0.176,0.449
54500,0.365,0.181,0.454
54600,0.361,0.174,0.465
54700,0.344,0.180,0.476
54800,0.358,0.171,0.471
54900,0.353,0.177,0.470
55000,0.352,0.186,0.462
55100,0.354,0.184,0.462
55200,0.355,0.188,0.457
55300,0.353,0.179,0.468
55400,0.347,0.181,0.472
55500,0.355,0.190,0.455
55600,0.374,0.191,0.435
55700,0.373,0.181,0.446
55800,0.368,0.171,0.461
55900,0.362,0.174,0.464
56000,0.352,0.182,0.466
56100,0.369,0.185,0.446
56200,0.366,0.185,0.449
56300,0.370,0.179,0.451
56400,0.367,0.177,0.456
56500,0.375,0.169,0.456
56600,0.367,0.183,0.450
56700,0.363,0.179,0.458
56800,0.366,0.177,0.457
56900,0.364,0.186,0.450
57000,0.361,0.184,0.455
57100,0.355,0.189,0.456
57200,0.350,0.186,0.464
57300,0.351,0.181,0.468
57400,0.346,0.180,0.474
57500,0.348,0.180,0.472
57600,0.354,0.188,0.458
57700,0.354,0.189,0.457
57800,0.352,0.184,0.464
57900,0.357,0.191,0.452
58000,0.353,0.197,0.450
58100,0.350,0.195,0.455
58200,0.345,0.191,0.464
58300,0.347,0.196,0.457
58400,0.340,0.193,0.467
58500,0.335,0.199,0.466
58600,0.337,0.198,0.465
58700,0.341,0.198,0.461
58800,0.332,0.195,0.473
58900,0.341,0.186,0.473
59000,0.340,0.188,0.472
59100,0.340,0.193,0.467
59200,0.337,0.198,0.465
59300,0.338,0.201,0.461
59400,0.333,0.197,0.470
59500,0.328,0.194,0.478
59600,0.340,0.185,0.475
59700,0.348,0.193,0.459
59800,0.343,0.195,0.462
59900,0.338,0.183,0.479
60000,0.336,0.189,0.475
60100,0.343,0.195,0.462
60200,0.336,0.208,0.456
60300,0.339,0.210,0.451
60400,0.346,0.208,0.446
60500,0.350,0.203,0.447
60600,0.356,0.212,0.432
60700,0.349,0.216,0.435
60800,0.347,0.218,0.435
60900,0.335,0.219,0.446
61000,0.352,0.213,0.435
61100,0.334,0.221,0.445
61200,0.323,0.226,0.451
61300,0.326,0.223,0.451
61400,0.330,0.217,0.453
61500,0.318,0.217,0.465
61600,0.308,0.228,0.464
61700,0.315,0.230,0.455
61800,0.323,0.228,0.449
61900,0.326,0.220,0.454
62000,0.325,0.210,0.465
62100,0.330,0.197,0.473
62200,0.337,0.202,0.461
62300,0.332,0.205,0.463
62400,0.326,0.220,0.454
62500,0.325,0.212,0.463
62600,0.318,0.210,0.472
62700,0.322,0.206,0.472
62800,0.321,0.205,0.474
62900,0.315,0.208,0.477
63000,0.321,0.211,0.468
63100,0.333,0.204,0.463
63200,0.343,0.195,0.462
63300,0.366,0.186,0.448
63400,0.364,0.179,0.457
63500,0.347,0.185,0.468
63600,0.353,0.187,0.460
63700,0.337,0.199,0.464
63800,0.342,0.200,0.458
63900,0.339,0.200,0.461
64000,0.336,0.201,0.463
64100,0.341,0.193,0.466
64200,0.353,0.186,0.461
64300,0.357,0.195,0.448
64400,0.352,0.207,0.441
64500,0.342,0.208,0.450
64600,0.338,0.203,0.459
64700,0.334,0.198,0.468
64800,0.330,0.192,0.478
64900,0.325,0.191,0.484
65000,0.332,0.191,0.477
65100,0.338,0.195,0.467
65200,0.338,0.191,0.471
65300,0.336,0.209,0.455
65400,0.341,0.215,0.444
65500,0.342,0.215,0.443
65600,0.338,0.215,0.447
65700,0.326,0.219,0.455
65800,0.324,0.217,0.459
65900,0.332,0.207,0.461
66000,0.337,0.217,0.446
66100,0.339,0.219,0.442
66200,0.336,0.232,0.432
66300,0.338,0.238,0.424
66400,0.335,0.237,0.428
66500,0.339,0.217,0.444
66600,0.329,0.213,0.458
66700,0.327,0.211,0.462
66800,0.318,0.216,0.466
66900,0.310,0.231,0.459
67000,0.299,0.234,0.467
67100,0.301,0.233,0.466
67200,0.312,0.205,0.483
67300,0.322,0.201,0.477
67400,0.319,0.207,0.474
67500,0.321,0.222,0.457
67600,0.320,0.227,0.453
67700,0.338,0.219,0.443
67800,0.342,0.215,0.443
67900,0.343,0.215,0.442
68000,0.338,0.213,0.449
68100,0.334,0.210,0.456
68200,0.350,0.193,0.457
68300,0.358,0.180,0.462
68400,0.356,0.187,0.457
68500,0.360,0.185,0.455
68600,0.359,0.186,0.455
68700,0.356,0.187,0.457
68800,0.356,0.184,0.460
68900,0.357,0.198,0.445
69000,0.363,0.181,0.456
69100,0.361,0.181,0.458
69200,0.354,0.179,0.467
69300,0.366,0.170,0.464
69400,0.377,0.177,0.446
69500,0.369,0.180,0.451
69600,0.380,0.175,0.445
69700,0.375,0.185,0.440
69800,0.385,0.184,0.431
69900,0.382,0.183,0.435
70000,0.385,0.173,0.442
70100,0.390,0.183,0.427
70200,0.383,0.170,0.447
70300,0.387,0.165,0.448
70400,0.386,0.167,0.447
70500,0.387,0.167,0.446
70600,0.391,0.159,0.450
70700,0.391,0.164,0.445
70800,0.390,0.163,0.447
70900,0.401,0.155,0.444
71000,0.389,0.150,0.461
71100,0.388,0.158,0.454
71200,0.398,0.151,0.451
71300,0.391,0.153,0.456
71400,0.395,0.157,0.448
71500,0.389,0.165,0.446
71600,0.404,0.174,0.422
71700,0.419,0.161,0.420
71800,0.424,0.164,0.412
71900,0.439,0.152,0.409
72000,0.431,0.160,0.409
72100,0.422,0.169,0.409
72200,0.419,0.171,0.410
72300,0.425,0.175,0.400
72400,0.434,0.162,0.404
72500,0.435,0.152,0.413
72600,0.427,0.153,0.420
72700,0.428,0.148,0.424
72800,0.418,0.150,0.432
72900,0.419,0.155,0.426
73000,0.404,0.170,0.426
73100,0.399,0.178,0.423
73200,0.396,0.177,0.427
73300,0.403,0.168,0.429
73400,0.408,0.167,0.425
73500,0.415,0.172,0.413
73600,0.403,0.165,0.432
73700,0.404,0.170,0.426
73800,0.403,0.175,0.422
73900,0.400,0.174,0.426
74000,0.394,0.179,0.427
74100,0.400,0.168,0.432
74200,0.379,0.179,0.442
74300,0.385,0.175,0.440
74400,0.385,0.169,0.446
74500,0.392,0.160,0.448
74600,0.389,0.154,0.457
74700,0.391,0.150,0.459
74800,0.395,0.154,0.451
74900,0.412,0.155,0.433
75000,0.433,0.155,0.412
75100,0.443,0.163,0.394
75200,0.458,0.161,0.381
75300,0.451,0.156,0.393
75400,0.448,0.162,0.390
75500,0.444,0.154,0.402
75600,0.442,0.148,0.410
75700,0.433,0.155,0.412
75800,0.435,0.152,0.413
75900,0.437,0.154,0.409
76000,0.431,0.159,0.410
76100,0.419,0.161,0.420
76200,0.422,0.166,0.412
76300,0.408,0.184,0.408
76400,0.412,0.172,0.416
76500,0.420,0.174,0.406
76600,0.419,0.165,0.416
76700,0.414,0.164,0.422
76800,0.405,0.162,0.433
76900,0.398,0.172,0.430
77000,0.389,0.176,0.435
77100,0.387,0.168,0.445
77200,0.382,0.166,0.452
77300,0.375,0.165,0.460
77400,0.370,0.184,0.446
77500,0.370,0.196,0.434
77600,0.376,0.181,0.443
77700,0.382,0.179,0.439
77800,0.379,0.187,0.434
77900,0.382,0.182,0.436
78000,0.385,0.183,0.432
78100,0.378,0.179,0.443
78200,0.380,0.175,0.445
78300,0.388,0.181,0.431
78400,0.382,0.180,0.438
78500,0.384,0.183,0.433
78600,0.379,0.177,0.444
78700,0.375,0.192,0.433
78800,0.363,0.196,0.441
78900,0.357,0.191,0.452
79000,0.360,0.198,0.442
79100,0.357,0.202,0.441
79200,0.354,0.201,0.445
79300,0.338,0.207,0.455
79400,0.325,0.216,0.459
79500,0.317,0.215,0.468
79600,0.308,0.209,0.483
79700,0.308,0.218,0.474
79800,0.321,0.212,0.467
79900,0.332,0.215,0.453
80000,0.332,0.201,0.467
80100,0.327,0.198,0.475
80200,0.327,0.206,0.467
80300,0.325,0.210,0.465
80400,0.317,0.207,0.476
80500,0.330,0.205,0.465
80600,0.335,0.215,0.450
80700,0.331,0.214,0.455
80800,0.319,0.220,0.461
80900,0.321,0.230,0.449
81000,0.314,0.235,0.451
81100,0.319,0.230,0.451
81200,0.325,0.225,0.450
81300,0.333,0.227,0.440
81400,0.336,0.221,0.443
81500,0.344,0.216,0.440
81600,0.348,0.207,0.445
81700,0.339,0.208,0.453
81800,0.340,0.210,0.450
81900,0.347,0.214,0.439
82000,0.350,0.215,0.435
82100,0.355,0.209,0.436
82200,0.362,0.205,0.433
82300,0.365,0.206,0.429
82400,0.364,0.189,0.447
82500,0.354,0.195,0.451
82600,0.343,0.194,0.463
82700,0.352,0.183,0.465
82800,0.332,0.187,0.481
82900,0.330,0.184,0.486
83000,0.342,0.194,0.464
83100,0.342,0.195,0.463
83200,0.339,0.197,0.464
83300,0.341,0.199,0.460
83400,0.344,0.191,0.465
83500,0.352,0.199,0.449
83600,0.355,0.195,0.450
83700,0.374,0.191,0.435
83800,0.371,0.185,0.444
83900,0.377,0.169,0.454
84000,0.368,0.176,0.456
84100,0.362,0.166,0.472
84200,0.355,0.180,0.465
84300,0.355,0.180,0.465
84400,0.355,0.190,0.455
84500,0.350,0.194,0.456
84600,0.348,0.195,0.457
84700,0.337,0.191,0.472
84800,0.333,0.184,0.483
84900,0.321,0.189,0.490
85000,0.331,0.189,0.480
85100,0.340,0.206,0.454
85200,0.351,0.222,0.427
85300,0.341,0.224,0.435
85400,0.352,0.227,0.421
85500,0.365,0.218,0.417
85600,0.377,0.209,0.414
85700,0.370,0.207,0.423
85800,0.383,0.210,0.407
85900,0.387,0.203,0.410
86000,0.404,0.192,0.404
86100,0.386,0.198,0.416
86200,0.375,0.207,0.418
86300,0.366,0.202,0.432
86400,0.371,0.203,0.426
86500,0.375,0.194,0.431
86600,0.373,0.193,0.434
86700,0.370,0.181,0.449
86800,0.353,0.191,0.456
86900,0.352,0.210,0.438
87000,0.355,0.209,0.436
87100,0.350,0.200,0.450
87200,0.354,0.195,0.451
87300,0.348,0.205,0.447
87400,0.347,0.200,0.453
87500,0.359,0.201,0.440
87600,0.335,0.210,0.455
87700,0.356,0.205,0.439
87800,0.373,0.198,0.429
87900,0.362,0.204,0.434
88000,0.363,0.190,0.447
88100,0.359,0.191,0.450
88200,0.351,0.186,0.463
88300,0.343,0.184,0.473
88400,0.351,0.190,0.459
88500,0.343,0.195,0.462
88600,0.339,0.203,0.458
88700,0.348,0.195,0.457
88800,0.340,0.185,0.475
88900,0.340,0.190,0.470
89000,0.336,0.191,0.473
89100,0.347,0.196,0.457
89200,0.346,0.182,0.472
89300,0.345,0.192,0.463
89400,0.354,0.194,0.452
89500,0.359,0.207,0.434
89600,0.355,0.201,0.444
89700,0.367,0.215,0.418
89800,0.377,0.211,0.412
89900,0.375,0.200,0.425
90000,0.359,0.197,0.444
90100,0.351,0.200,0.449
90200,0.337,0.208,0.455
90300,0.344,0.212,0.444
90400,0.341,0.209,0.450
90500,0.346,0.200,0.454
90600,0.350,0.189,0.461
90700,0.366,0.182,0.452
90800,0.352,0.188,0.460
90900,0.349,0.195,0.456
91000,0.348,0.188,0.464
91100,0.351,0.169,0.480
91200,0.356,0.174,0.470
91300,0.357,0.196,0.447
91400,0.362,0.205,0.433
91500,0.365,0.203,0.432
91600,0.365,0.197,0.438
91700,0.377,0.184,0.439
91800,0.382,0.170,0.448
91900,0.410,0.161,0.429
92000,0.415,0.157,0.428
92100,0.412,0.158,0.430
92200,0.415,0.158,0.427
92300,0.404,0.160,0.436
92400,0.404,0.159,0.437
92500,0.401,0.164,0.435
92600,0.401,0.157,0.442
92700,0.404,0.144,0.452
92800,0.414,0.151,0.435
92900,0.413,0.152,0.435
93000,0.412,0.150,0.438
93100,0.410,0.150,0.440
93200,0.413,0.164,0.423
93300,0.413,0.165,0.422
93400,0.413,0.171,0.416
93500,0.402,0.184,0.414
93600,0.403,0.183,0.414
93700,0.406,0.186,0.408
93800,0.399,0.189,0.412
93900,0.400,0.206,0.394
94000,0.399,0.197,0.404
94100,0.391,0.194,0.415
94200,0.402,0.183,0.415
94300,0.407,0.179,0.414
94400,0.411,0.179,0.410
94500,0.416,0.170,0.414
94600,0.425,0.166,0.409
94700,0.424,0.158,0.418
94800,0.432,0.159,0.409
94900,0.432,0.169,0.399
95000,0.421,0.163,0.416
95100,0.412,0.170,0.418
95200,0.415,0.178,0.407
95300,0.411,0.172,0.417
95400,0.398,0.178,0.424
95500,0.400,0.185,0.415
95600,0.412,0.177,0.411
95700,0.405,0.179,0.416
95800,0.404,0.179,0.417
95900,0.406,0.170,0.424
96000,0.398,0.176,0.426
96100,0.404,0.192,0.404
96200,0.418,0.186,0.396
96300,0.426,0.181,0.393
96400,0.425,0.189,0.386
96500,0.417,0.206,0.377
96600,0.401,0.204,0.395
96700,0.396,0.210,0.394
96800,0.385,0.217,0.398
96900,0.385,0.214,0.401
97000,0.373,0.207,0.420
97100,0.373,0.216,0.411
97200,0.361,0.217,0.422
97300,0.351,0.210,0.439
97400,0.349,0.215,0.436
97500,0.353,0.210,0.437
97600,0.361,0.216,0.423
97700,0.354,0.208,0.438
97800,0.358,0.206,0.436
97900,0.367,0.194,0.439
98000,0.362,0.196,0.442
98100,0.372,0.187,0.441
98200,0.358,0.187,0.455
98300,0.369,0.191,0.440
98400,0.368,0.194,0.438
98500,0.374,0.196,0.430
98600,0.374,0.184,0.442
98700,0.377,0.171,0.452
98800,0.382,0.176,0.442
98900,0.398,0.169,0.433
99000,0.410,0.173,0.417
99100,0.395,0.175,0.430
99200,0.402,0.165,0.433
99300,0.403,0.159,0.438
99400,0.401,0.167,0.432
99500,0.396,0.160,0.444
99600,0.392,0.155,0.453
99700,0.385,0.149,0.466
99800,0.389,0.160,0.451
99900,0.391,0.156,0.453
100000,0.388,0.156,0.456
