time,n_A+p,n_B,n_AB
100,0.457,0.326,0.217
200,0.489,0.250,0.261
300,0.511,0.272,0.217
400,0.522,0.228,0.250
500,0.576,0.141,0.283
600,0.598,0.109,0.293
700,0.565,0.141,0.293
800,0.609,0.152,0.239
900,0.609,0.130,0.261
1000,0.696,0.120,0.185
1100,0.696,0.109,0.196
1200,0.750,0.054,0.196
1300,0.783,0.043,0.174
1400,0.826,0.022,0.152
1500,0.924,0.011,0.065
1600,0.946,0.011,0.043
1700,0.924,0.011,0.065
1800,0.957,0.000,0.043
1900,0.967,0.000,0.033
2000,0.978,0.000,0.022
2100,0.989,0.000,0.011
2200,0.989,0.000,0.011
2300,0.989,0.000,0.011
2400,1.000,0.000,0.000
