time,n_A+p,n_B,n_AB
100,0.030,0.967,0.003
200,0.030,0.964,0.006
300,0.030,0.956,0.014
400,0.030,0.947,0.023
500,0.030,0.945,0.025
600,0.030,0.939,0.031
700,0.030,0.938,0.032
800,0.031,0.929,0.040
900,0.031,0.925,0.044
1000,0.033,0.922,0.045
1100,0.033,0.917,0.050
1200,0.033,0.916,0.051
1300,0.033,0.911,0.056
1400,0.035,0.910,0.055
1500,0.032,0.910,0.058
1600,0.032,0.901,0.067
1700,0.032,0.892,0.076
1800,0.032,0.878,0.090
1900,0.031,0.879,0.090
2000,0.031,0.872,0.097
2100,0.032,0.865,0.103
2200,0.035,0.844,0.121
2300,0.035,0.837,0.128
2400,0.036,0.828,0.136
2500,0.035,0.811,0.154
2600,0.034,0.804,0.162
2700,0.039,0.793,0.168
2800,0.045,0.781,0.174
2900,0.043,0.772,0.185
3000,0.042,0.764,0.194
3100,0.048,0.760,0.192
3200,0.053,0.747,0.200
3300,0.050,0.728,0.222
3400,0.048,0.722,0.230
3500,0.047,0.717,0.236
3600,0.053,0.702,0.245
3700,0.052,0.699,0.249
3800,0.051,0.686,0.263
3900,0.052,0.670,0.278
4000,0.049,0.666,0.285
4100,0.052,0.653,0.295
4200,0.052,0.637,0.311
4300,0.052,0.626,0.322
4400,0.055,0.619,0.326
4500,0.058,0.596,0.346
4600,0.059,0.576,0.365
4700,0.065,0.567,0.368
4800,0.065,0.551,0.384
4900,0.062,0.544,0.394
5000,0.065,0.530,0.405
5100,0.064,0.536,0.400
5200,0.065,0.520,0.415
5300,0.069,0.525,0.406
5400,0.070,0.516,0.414
5500,0.071,0.512,0.417
5600,0.069,0.501,0.430
5700,0.074,0.482,0.444
5800,0.083,0.475,0.442
5900,0.094,0.459,0.447
6000,0.102,0.454,0.444
6100,0.097,0.443,0.460
6200,0.090,0.443,0.467
6300,0.087,0.437,0.476
6400,0.092,0.429,0.479
6500,0.097,0.428,0.475
6600,0.108,0.427,0.465
6700,0.104,0.419,0.477
6800,0.109,0.411,0.480
6900,0.114,0.402,0.484
7000,0.116,0.392,0.492
7100,0.114,0.389,0.497
7200,0.124,0.390,0.486
7300,0.138,0.377,0.485
7400,0.153,0.370,0.477
7500,0.156,0.364,0.480
7600,0.155,0.360,0.485
7700,0.158,0.354,0.488
7800,0.155,0.353,0.492
7900,0.156,0.355,0.489
8000,0.158,0.340,0.502
8100,0.159,0.332,0.509
8200,0.165,0.323,0.512
8300,0.175,0.315,0.510
8400,0.185,0.308,0.507
8500,0.192,0.293,0.515
8600,0.190,0.282,0.528
8700,0.181,0.265,0.554
8800,0.187,0.255,0.558
8900,0.189,0.246,0.565
9000,0.185,0.251,0.564
9100,0.188,0.247,0.565
9200,0.192,0.253,0.555
9300,0.187,0.249,0.564
9400,0.202,0.250,0.548
9500,0.196,0.245,0.559
9600,0.200,0.251,0.549
9700,0.208,0.255,0.537
9800,0.217,0.255,0.528
9900,0.219,0.251,0.530
10000,0.208,0.252,0.540
10100,0.205,0.242,0.553
10200,0.223,0.236,0.541
10300,0.221,0.230,0.549
10400,0.222,0.220,0.558
10500,0.223,0.223,0.554
10600,0.219,0.221,0.560
10700,0.227,0.216,0.557
10800,0.232,0.219,0.549
10900,0.232,0.212,0.556
11000,0.232,0.211,0.557
11100,0.226,0.200,0.574
11200,0.227,0.191,0.582
11300,0.224,0.182,0.594
11400,0.228,0.177,0.595
11500,0.224,0.179,0.597
11600,0.230,0.188,0.582
11700,0.215,0.190,0.595
11800,0.219,0.193,0.588
11900,0.212,0.201,0.587
12000,0.208,0.207,0.585
12100,0.217,0.203,0.580
12200,0.230,0.219,0.551
12300,0.232,0.225,0.543
12400,0.234,0.229,0.537
12500,0.236,0.219,0.545
12600,0.240,0.214,0.546
12700,0.246,0.207,0.547
12800,0.236,0.207,0.557
12900,0.238,0.207,0.555
13000,0.234,0.213,0.553
13100,0.238,0.215,0.547
13200,0.245,0.215,0.540
13300,0.246,0.212,0.542
13400,0.241,0.210,0.549
13500,0.231,0.215,0.554
13600,0.243,0.218,0.539
13700,0.251,0.210,0.539
13800,0.261,0.201,0.538
13900,0.249,0.214,0.537
14000,0.248,0.221,0.531
14100,0.244,0.231,0.525
14200,0.238,0.209,0.553
14300,0.234,0.211,0.555
14400,0.231,0.221,0.548
14500,0.246,0.216,0.538
14600,0.229,0.214,0.557
14700,0.229,0.215,0.556
14800,0.227,0.218,0.555
14900,0.224,0.219,0.557
15000,0.225,0.215,0.560
15100,0.225,0.212,0.563
15200,0.218,0.221,0.561
15300,0.219,0.227,0.554
15400,0.224,0.239,0.537
15500,0.219,0.236,0.545
15600,0.228,0.223,0.549
15700,0.230,0.221,0.549
15800,0.229,0.208,0.563
15900,0.217,0.212,0.571
16000,0.221,0.201,0.578
16100,0.224,0.205,0.571
16200,0.229,0.198,0.573
16300,0.234,0.194,0.572
16400,0.230,0.195,0.575
16500,0.228,0.193,0.579
16600,0.240,0.196,0.564
16700,0.233,0.195,0.572
16800,0.235,0.187,0.578
16900,0.224,0.190,0.586
17000,0.232,0.196,0.572
17100,0.236,0.201,0.563
17200,0.230,0.212,0.558
17300,0.220,0.206,0.574
17400,0.219,0.214,0.567
17500,0.216,0.212,0.572
17600,0.222,0.206,0.572
17700,0.224,0.212,0.564
17800,0.216,0.205,0.579
17900,0.210,0.208,0.582
18000,0.218,0.209,0.573
18100,0.207,0.212,0.581
18200,0.213,0.208,0.579
18300,0.207,0.213,0.580
18400,0.218,0.206,0.576
18500,0.209,0.206,0.585
18600,0.216,0.209,0.575
18700,0.220,0.203,0.577
18800,0.225,0.207,0.568
18900,0.219,0.199,0.582
19000,0.218,0.208,0.574
19100,0.223,0.204,0.573
19200,0.241,0.204,0.555
19300,0.247,0.195,0.558
19400,0.239,0.195,0.566
19500,0.258,0.189,0.553
19600,0.257,0.190,0.553
19700,0.253,0.192,0.555
19800,0.263,0.210,0.527
19900,0.271,0.206,0.523
20000,0.277,0.224,0.499
20100,0.265,0.228,0.507
20200,0.261,0.227,0.512
20300,0.256,0.226,0.518
20400,0.247,0.219,0.534
20500,0.260,0.203,0.537
20600,0.271,0.214,0.515
20700,0.273,0.212,0.515
20800,0.269,0.207,0.524
20900,0.266,0.190,0.544
21000,0.262,0.194,0.544
21100,0.253,0.191,0.556
21200,0.255,0.190,0.555
21300,0.252,0.198,0.550
21400,0.244,0.197,0.559
21500,0.254,0.183,0.563
21600,0.237,0.185,0.578
21700,0.237,0.187,0.576
21800,0.242,0.170,0.588
21900,0.246,0.169,0.585
22000,0.249,0.174,0.577
22100,0.237,0.169,0.594
22200,0.238,0.169,0.593
22300,0.237,0.166,0.597
22400,0.242,0.162,0.596
22500,0.251,0.165,0.584
22600,0.246,0.163,0.591
22700,0.240,0.161,0.599
22800,0.234,0.171,0.595
22900,0.232,0.178,0.590
23000,0.240,0.186,0.574
23100,0.246,0.176,0.578
23200,0.260,0.156,0.584
23300,0.266,0.154,0.580
23400,0.263,0.155,0.582
23500,0.256,0.161,0.583
23600,0.249,0.160,0.591
23700,0.257,0.163,0.580
23800,0.259,0.155,0.586
23900,0.260,0.152,0.588
24000,0.252,0.155,0.593
24100,0.247,0.155,0.598
24200,0.255,0.154,0.591
24300,0.253,0.157,0.590
24400,0.255,0.159,0.586
24500,0.249,0.161,0.590
24600,0.241,0.163,0.596
24700,0.246,0.160,0.594
24800,0.245,0.166,0.589
24900,0.239,0.168,0.593
25000,0.240,0.164,0.596
25100,0.241,0.162,0.597
25200,0.253,0.153,0.594
25300,0.266,0.153,0.581
25400,0.271,0.147,0.582
25500,0.271,0.148,0.581
25600,0.267,0.157,0.576
25700,0.265,0.162,0.573
25800,0.266,0.167,0.567
25900,0.263,0.164,0.573
26000,0.261,0.158,0.581
26100,0.254,0.157,0.589
26200,0.274,0.156,0.570
26300,0.282,0.158,0.560
26400,0.281,0.151,0.568
26500,0.271,0.158,0.571
26600,0.269,0.151,0.580
26700,0.268,0.145,0.587
26800,0.264,0.155,0.581
26900,0.286,0.160,0.554
27000,0.286,0.163,0.551
27100,0.295,0.159,0.546
27200,0.294,0.160,0.546
27300,0.309,0.155,0.536
27400,0.288,0.157,0.555
27500,0.299,0.154,0.547
27600,0.298,0.145,0.557
27700,0.297,0.145,0.558
27800,0.290,0.158,0.552
27900,0.294,0.155,0.551
28000,0.284,0.172,0.544
28100,0.281,0.174,0.545
28200,0.274,0.182,0.544
28300,0.275,0.176,0.549
28400,0.274,0.182,0.544
28500,0.271,0.187,0.542
28600,0.275,0.183,0.542
28700,0.266,0.184,0.550
28800,0.271,0.193,0.536
28900,0.279,0.202,0.519
29000,0.272,0.203,0.525
29100,0.266,0.199,0.535
29200,0.266,0.190,0.544
29300,0.270,0.188,0.542
29400,0.272,0.194,0.534
29500,0.264,0.185,0.551
29600,0.266,0.192,0.542
29700,0.265,0.187,0.548
29800,0.275,0.180,0.545
29900,0.275,0.162,0.563
30000,0.282,0.167,0.551
30100,0.280,0.165,0.555
30200,0.279,0.173,0.548
30300,0.273,0.173,0.554
30400,0.282,0.169,0.549
30500,0.290,0.178,0.532
30600,0.280,0.183,0.537
30700,0.281,0.185,0.534
30800,0.277,0.176,0.547
30900,0.265,0.189,0.546
31000,0.271,0.183,0.546
31100,0.276,0.177,0.547
31200,0.277,0.175,0.548
31300,0.271,0.164,0.565
31400,0.260,0.174,0.566
31500,0.269,0.164,0.567
31600,0.273,0.164,0.563
31700,0.279,0.154,0.567
31800,0.281,0.158,0.561
31900,0.283,0.163,0.554
32000,0.294,0.155,0.551
32100,0.291,0.165,0.544
32200,0.288,0.170,0.542
32300,0.277,0.166,0.557
32400,0.276,0.174,0.550
32500,0.275,0.173,0.552
32600,0.269,0.176,0.555
32700,0.278,0.177,0.545
32800,0.267,0.180,0.553
32900,0.265,0.181,0.554
33000,0.274,0.176,0.550
33100,0.284,0.164,0.552
33200,0.280,0.170,0.550
33300,0.274,0.177,0.549
33400,0.284,0.172,0.544
33500,0.275,0.177,0.548
33600,0.278,0.180,0.542
33700,0.285,0.184,0.531
33800,0.288,0.172,0.540
33900,0.280,0.167,0.553
34000,0.273,0.164,0.563
34100,0.266,0.165,0.569
34200,0.261,0.179,0.560
34300,0.261,0.183,0.556
34400,0.259,0.186,0.555
34500,0.258,0.190,0.552
34600,0.267,0.202,0.531
34700,0.256,0.200,0.544
34800,0.251,0.193,0.556
34900,0.245,0.199,0.556
35000,0.245,0.187,0.568
35100,0.234,0.186,0.580
35200,0.238,0.175,0.587
35300,0.244,0.169,0.587
35400,0.260,0.166,0.574
35500,0.252,0.165,0.583
35600,0.248,0.166,0.586
35700,0.253,0.174,0.573
35800,0.256,0.175,0.569
35900,0.253,0.162,0.585
36000,0.244,0.158,0.598
36100,0.253,0.159,0.588
36200,0.251,0.166,0.583
36300,0.255,0.168,0.577
36400,0.255,0.159,0.586
36500,0.260,0.153,0.587
36600,0.256,0.158,0.586
36700,0.252,0.160,0.588
36800,0.245,0.159,0.596
36900,0.248,0.162,0.590
37000,0.237,0.169,0.594
37100,0.247,0.168,0.585
37200,0.251,0.173,0.576
37300,0.250,0.169,0.581
37400,0.259,0.173,0.568
37500,0.257,0.182,0.561
37600,0.252,0.191,0.557
37700,0.251,0.185,0.564
37800,0.250,0.178,0.572
37900,0.265,0.171,0.564
38000,0.271,0.170,0.559
38100,0.275,0.179,0.546
38200,0.278,0.184,0.538
38300,0.284,0.185,0.531
38400,0.282,0.181,0.537
38500,0.275,0.170,0.555
38600,0.284,0.164,0.552
38700,0.287,0.167,0.546
38800,0.280,0.172,0.548
38900,0.293,0.181,0.526
39000,0.287,0.184,0.529
39100,0.286,0.189,0.525
39200,0.281,0.191,0.528
39300,0.280,0.189,0.531
39400,0.282,0.179,0.539
39500,0.288,0.186,0.526
39600,0.281,0.195,0.524
39700,0.281,0.189,0.530
39800,0.276,0.198,0.526
39900,0.283,0.182,0.535
40000,0.282,0.180,0.538
40100,0.283,0.179,0.538
40200,0.275,0.178,0.547
40300,0.280,0.184,0.536
40400,0.286,0.174,0.540
40500,0.276,0.168,0.556
40600,0.273,0.169,0.558
40700,0.276,0.159,0.565
40800,0.275,0.152,0.573
40900,0.276,0.156,0.568
41000,0.284,0.150,0.566
41100,0.289,0.133,0.578
41200,0.275,0.145,0.580
41300,0.277,0.155,0.568
41400,0.285,0.165,0.550
41500,0.285,0.169,0.546
41600,0.280,0.176,0.544
41700,0.284,0.172,0.544
41800,0.288,0.169,0.543
41900,0.289,0.170,0.541
42000,0.281,0.166,0.553
42100,0.281,0.167,0.552
42200,0.278,0.169,0.553
42300,0.291,0.167,0.542
42400,0.280,0.176,0.544
42500,0.284,0.179,0.537
42600,0.272,0.174,0.554
42700,0.260,0.173,0.567
42800,0.260,0.164,0.576
42900,0.262,0.180,0.558
43000,0.264,0.174,0.562
43100,0.263,0.177,0.560
43200,0.258,0.170,0.572
43300,0.253,0.166,0.581
43400,0.252,0.163,0.585
43500,0.255,0.165,0.580
43600,0.243,0.172,0.585
43700,0.250,0.176,0.574
43800,0.243,0.176,0.581
43900,0.246,0.170,0.584
44000,0.257,0.179,0.564
44100,0.259,0.176,0.565
44200,0.260,0.167,0.573
44300,0.246,0.175,0.579
44400,0.247,0.176,0.577
44500,0.251,0.184,0.565
44600,0.258,0.176,0.566
44700,0.250,0.180,0.570
44800,0.241,0.175,0.584
44900,0.244,0.178,0.578
45000,0.231,0.176,0.593
45100,0.226,0.185,0.589
45200,0.231,0.187,0.582
45300,0.237,0.181,0.582
45400,0.231,0.187,0.582
45500,0.226,0.179,0.595
45600,0.243,0.181,0.576
45700,0.233,0.181,0.586
45800,0.237,0.175,0.588
45900,0.228,0.179,0.593
46000,0.236,0.174,0.590
46100,0.239,0.179,0.582
46200,0.225,0.185,0.590
46300,0.241,0.177,0.582
46400,0.256,0.172,0.572
46500,0.252,0.176,0.572
46600,0.253,0.176,0.571
46700,0.250,0.182,0.568
46800,0.248,0.185,0.567
46900,0.248,0.185,0.567
47000,0.261,0.181,0.558
47100,0.260,0.183,0.557
47200,0.253,0.183,0.564
47300,0.253,0.183,0.564
47400,0.257,0.178,0.565
47500,0.253,0.177,0.570
47600,0.243,0.180,0.577
47700,0.237,0.187,0.576
47800,0.238,0.191,0.571
47900,0.230,0.188,0.582
48000,0.243,0.189,0.568
48100,0.243,0.187,0.570
48200,0.253,0.176,0.571
48300,0.263,0.169,0.568
48400,0.270,0.174,0.556
48500,0.259,0.170,0.571
48600,0.259,0.166,0.575
48700,0.248,0.173,0.579
48800,0.246,0.178,0.576
48900,0.244,0.178,0.578
49000,0.244,0.179,0.577
49100,0.231,0.190,0.579
49200,0.237,0.196,0.567
49300,0.235,0.189,0.576
49400,0.235,0.194,0.571
49500,0.244,0.195,0.561
49600,0.262,0.190,0.548
49700,0.265,0.184,0.551
49800,0.265,0.195,0.540
49900,0.259,0.188,0.553
50000,0.258,0.189,0.553
50100,0.257,0.191,0.552
50200,0.259,0.179,0.562
50300,0.257,0.176,0.567
50400,0.258,0.172,0.570
50500,0.270,0.160,0.570
50600,0.264,0.168,0.568
50700,0.268,0.176,0.556
50800,0.269,0.173,0.558
50900,0.266,0.178,0.556
51000,0.280,0.170,0.550
51100,0.274,0.170,0.556
51200,0.267,0.174,0.559
51300,0.269,0.170,0.561
51400,0.272,0.166,0.562
51500,0.272,0.173,0.555
51600,0.289,0.160,0.551
51700,0.297,0.146,0.557
51800,0.295,0.152,0.553
51900,0.293,0.141,0.566
52000,0.293,0.151,0.556
52100,0.307,0.139,0.554
52200,0.301,0.139,0.560
52300,0.291,0.135,0.574
52400,0.292,0.120,0.588
52500,0.296,0.121,0.583
52600,0.287,0.121,0.592
52700,0.281,0.122,0.597
52800,0.281,0.129,0.590
52900,0.281,0.136,0.583
53000,0.284,0.127,0.589
53100,0.293,0.133,0.574
53200,0.314,0.125,0.561
53300,0.311,0.113,0.576
53400,0.323,0.120,0.557
53500,0.326,0.118,0.556
53600,0.334,0.122,0.544
53700,0.327,0.123,0.550
53800,0.329,0.130,0.541
53900,0.332,0.126,0.542
54000,0.326,0.140,0.534
54100,0.319,0.136,0.545
54200,0.304,0.135,0.561
54300,0.300,0.152,0.548
54400,0.300,0.155,0.545
54500,0.295,0.154,0.551
54600,0.296,0.147,0.557
54700,0.289,0.153,0.558
54800,0.296,0.152,0.552
54900,0.290,0.155,0.555
55000,0.300,0.155,0.545
55100,0.305,0.147,0.548
55200,0.304,0.161,0.535
55300,0.301,0.162,0.537
55400,0.298,0.157,0.545
55500,0.297,0.163,0.540
55600,0.287,0.155,0.558
55700,0.289,0.152,0.559
55800,0.292,0.148,0.560
55900,0.284,0.154,0.562
56000,0.285,0.161,0.554
56100,0.284,0.159,0.557
56200,0.288,0.167,0.545
56300,0.272,0.164,0.564
56400,0.292,0.160,0.548
56500,0.290,0.153,0.557
56600,0.298,0.157,0.545
56700,0.314,0.155,0.531
56800,0.308,0.164,0.528
56900,0.314,0.156,0.530
57000,0.314,0.144,0.542
57100,0.303,0.141,0.556
57200,0.293,0.150,0.557
57300,0.284,0.148,0.568
57400,0.287,0.148,0.565
57500,0.309,0.147,0.544
57600,0.306,0.145,0.549
57700,0.307,0.137,0.556
57800,0.312,0.141,0.547
57900,0.312,0.148,0.540
58000,0.307,0.147,0.546
58100,0.301,0.141,0.558
58200,0.303,0.141,0.556
58300,0.313,0.130,0.557
58400,0.310,0.141,0.549
58500,0.300,0.135,0.565
58600,0.301,0.143,0.556
58700,0.297,0.148,0.555
58800,0.286,0.166,0.548
58900,0.280,0.163,0.557
59000,0.272,0.162,0.566
59100,0.273,0.171,0.556
59200,0.276,0.177,0.547
59300,0.285,0.183,0.532
59400,0.271,0.193,0.536
59500,0.275,0.189,0.536
59600,0.279,0.177,0.544
59700,0.268,0.168,0.564
59800,0.264,0.167,0.569
59900,0.262,0.154,0.584
60000,0.273,0.142,0.585
60100,0.279,0.141,0.580
60200,0.266,0.138,0.596
60300,0.253,0.133,0.614
60400,0.245,0.150,0.605
60500,0.252,0.142,0.606
60600,0.260,0.151,0.589
60700,0.260,0.137,0.603
60800,0.262,0.140,0.598
60900,0.264,0.141,0.595
61000,0.262,0.144,0.594
61100,0.269,0.141,0.590
61200,0.265,0.150,0.585
61300,0.261,0.155,0.584
61400,0.277,0.152,0.571
61500,0.278,0.154,0.568
61600,0.285,0.162,0.553
61700,0.268,0.175,0.557
61800,0.260,0.178,0.562
61900,0.273,0.186,0.541
62000,0.271,0.186,0.543
62100,0.268,0.185,0.547
62200,0.271,0.191,0.538
62300,0.266,0.202,0.532
62400,0.275,0.205,0.520
62500,0.277,0.202,0.521
62600,0.282,0.211,0.507
62700,0.282,0.222,0.496
62800,0.282,0.226,0.492
62900,0.282,0.225,0.493
63000,0.271,0.224,0.505
63100,0.272,0.203,0.525
63200,0.271,0.212,0.517
63300,0.277,0.197,0.526
63400,0.267,0.195,0.538
63500,0.261,0.189,0.550
63600,0.268,0.186,0.546
63700,0.273,0.179,0.548
63800,0.264,0.180,0.556
63900,0.261,0.172,0.567
64000,0.266,0.185,0.549
64100,0.268,0.176,0.556
64200,0.268,0.174,0.558
64300,0.275,0.184,0.541
64400,0.287,0.175,0.538
64500,0.293,0.174,0.533
64600,0.295,0.174,0.531
64700,0.296,0.165,0.539
64800,0.301,0.161,0.538
64900,0.302,0.150,0.548
65000,0.300,0.142,0.558
65100,0.300,0.140,0.560
65200,0.296,0.149,0.555
65300,0.286,0.155,0.559
65400,0.298,0.153,0.549
65500,0.302,0.153,0.545
65600,0.298,0.165,0.537
65700,0.296,0.161,0.543
65800,0.300,0.153,0.547
65900,0.289,0.157,0.554
66000,0.291,0.151,0.558
66100,0.284,0.160,0.556
66200,0.295,0.162,0.543
66300,0.299,0.159,0.542
66400,0.283,0.155,0.562
66500,0.285,0.153,0.562
66600,0.276,0.160,0.564
66700,0.276,0.158,0.566
66800,0.266,0.165,0.569
66900,0.265,0.179,0.556
67000,0.265,0.182,0.553
67100,0.262,0.176,0.562
67200,0.259,0.186,0.555
67300,0.262,0.182,0.556
67400,0.249,0.193,0.558
67500,0.250,0.186,0.564
67600,0.243,0.187,0.570
67700,0.247,0.191,0.562
67800,0.246,0.189,0.565
67900,0.243,0.186,0.571
68000,0.241,0.191,0.568
68100,0.242,0.183,0.575
68200,0.245,0.184,0.571
68300,0.237,0.179,0.584
68400,0.236,0.184,0.580
68500,0.245,0.175,0.580
68600,0.248,0.165,0.587
68700,0.253,0.168,0.579
68800,0.259,0.158,0.583
68900,0.277,0.150,0.573
69000,0.284,0.149,0.567
69100,0.281,0.154,0.565
69200,0.281,0.154,0.565
69300,0.275,0.156,0.569
69400,0.280,0.149,0.571
69500,0.283,0.170,0.547
69600,0.286,0.166,0.548
69700,0.285,0.161,0.554
69800,0.290,0.167,0.543
69900,0.285,0.169,0.546
70000,0.291,0.163,0.546
70100,0.286,0.165,0.549
70200,0.275,0.172,0.553
70300,0.271,0.171,0.558
70400,0.266,0.179,0.555
70500,0.269,0.189,0.542
70600,0.277,0.185,0.538
70700,0.281,0.184,0.535
70800,0.279,0.186,0.535
70900,0.282,0.194,0.524
71000,0.270,0.188,0.542
71100,0.265,0.182,0.553
71200,0.267,0.190,0.543
71300,0.266,0.195,0.539
71400,0.266,0.191,0.543
71500,0.275,0.205,0.520
71600,0.265,0.212,0.523
71700,0.263,0.201,0.536
71800,0.253,0.202,0.545
71900,0.264,0.206,0.530
72000,0.257,0.202,0.541
72100,0.248,0.190,0.562
72200,0.249,0.182,0.569
72300,0.257,0.186,0.557
72400,0.261,0.193,0.546
72500,0.267,0.197,0.536
72600,0.268,0.198,0.534
72700,0.267,0.192,0.541
72800,0.267,0.190,0.543
72900,0.259,0.189,0.552
73000,0.261,0.188,0.551
73100,0.262,0.187,0.551
73200,0.261,0.194,0.545
73300,0.255,0.190,0.555
73400,0.255,0.198,0.547
73500,0.269,0.213,0.518
73600,0.274,0.213,0.513
73700,0.284,0.197,0.519
73800,0.288,0.208,0.504
73900,0.275,0.208,0.517
74000,0.283,0.202,0.515
74100,0.277,0.223,0.500
74200,0.287,0.208,0.505
74300,0.286,0.204,0.510
74400,0.272,0.198,0.530
74500,0.274,0.195,0.531
74600,0.267,0.198,0.535
74700,0.261,0.203,0.536
74800,0.251,0.206,0.543
74900,0.253,0.202,0.545
75000,0.249,0.206,0.545
75100,0.235,0.212,0.553
75200,0.254,0.209,0.537
75300,0.260,0.216,0.524
75400,0.259,0.222,0.519
75500,0.251,0.231,0.518
75600,0.247,0.233,0.520
75700,0.251,0.226,0.523
75800,0.255,0.229,0.516
75900,0.262,0.230,0.508
76000,0.276,0.229,0.495
76100,0.264,0.225,0.511
76200,0.280,0.220,0.500
76300,0.273,0.219,0.508
76400,0.285,0.214,0.501
76500,0.289,0.209,0.502
76600,0.280,0.201,0.519
76700,0.286,0.196,0.518
76800,0.277,0.198,0.525
76900,0.272,0.210,0.518
77000,0.270,0.192,0.538
77100,0.268,0.198,0.534
77200,0.255,0.194,0.551
77300,0.248,0.177,0.575
77400,0.243,0.170,0.587
77500,0.250,0.162,0.588
77600,0.253,0.156,0.591
77700,0.260,0.161,0.579
77800,0.267,0.154,0.579
77900,0.270,0.156,0.574
78000,0.282,0.146,0.572
78100,0.280,0.144,0.576
78200,0.281,0.148,0.571
78300,0.280,0.155,0.565
78400,0.275,0.146,0.579
78500,0.285,0.143,0.572
78600,0.280,0.138,0.582
78700,0.273,0.139,0.588
78800,0.277,0.138,0.585
78900,0.272,0.140,0.588
79000,0.276,0.135,0.589
79100,0.269,0.132,0.599
79200,0.270,0.138,0.592
79300,0.267,0.150,0.583
79400,0.279,0.158,0.563
79500,0.278,0.155,0.567
79600,0.278,0.165,0.557
79700,0.277,0.157,0.566
79800,0.282,0.146,0.572
79900,0.287,0.148,0.565
80000,0.286,0.145,0.569
80100,0.280,0.153,0.567
80200,0.284,0.161,0.555
80300,0.276,0.160,0.564
80400,0.278,0.156,0.566
80500,0.296,0.157,0.547
80600,0.293,0.162,0.545
80700,0.286,0.162,0.552
80800,0.277,0.157,0.566
80900,0.276,0.157,0.567
81000,0.274,0.175,0.551
81100,0.276,0.172,0.552
81200,0.276,0.162,0.562
81300,0.279,0.165,0.556
81400,0.274,0.160,0.566
81500,0.287,0.157,0.556
81600,0.296,0.152,0.552
81700,0.305,0.151,0.544
81800,0.309,0.158,0.533
81900,0.312,0.156,0.532
82000,0.325,0.158,0.517
82100,0.331,0.151,0.518
82200,0.331,0.144,0.525
82300,0.327,0.149,0.524
82400,0.329,0.154,0.517
82500,0.325,0.148,0.527
82600,0.318,0.155,0.527
82700,0.310,0.152,0.538
82800,0.310,0.166,0.524
82900,0.306,0.164,0.530
83000,0.306,0.159,0.535
83100,0.312,0.162,0.526
83200,0.313,0.162,0.525
83300,0.314,0.169,0.517
83400,0.306,0.183,0.511
83500,0.309,0.181,0.510
83600,0.301,0.171,0.528
83700,0.295,0.173,0.532
83800,0.300,0.168,0.532
83900,0.298,0.165,0.537
84000,0.294,0.175,0.531
84100,0.302,0.165,0.533
84200,0.293,0.167,0.540
84300,0.306,0.170,0.524
84400,0.299,0.161,0.540
84500,0.288,0.165,0.547
84600,0.285,0.178,0.537
84700,0.280,0.166,0.554
84800,0.289,0.170,0.541
84900,0.293,0.170,0.537
85000,0.293,0.173,0.534
85100,0.294,0.166,0.540
85200,0.292,0.162,0.546
85300,0.292,0.166,0.542
85400,0.301,0.173,0.526
85500,0.299,0.181,0.520
85600,0.294,0.188,0.518
85700,0.291,0.192,0.517
85800,0.278,0.202,0.520
85900,0.269,0.204,0.527
86000,0.265,0.211,0.524
86100,0.273,0.209,0.518
86200,0.268,0.195,0.537
86300,0.274,0.186,0.540
86400,0.273,0.179,0.548
86500,0.274,0.178,0.548
86600,0.265,0.192,0.543
86700,0.270,0.195,0.535
86800,0.284,0.191,0.525
86900,0.282,0.187,0.531
87000,0.289,0.185,0.526
87100,0.289,0.183,0.528
87200,0.290,0.181,0.529
87300,0.291,0.183,0.526
87400,0.299,0.177,0.524
87500,0.293,0.190,0.517
87600,0.283,0.186,0.531
87700,0.291,0.186,0.523
87800,0.287,0.182,0.531
87900,0.283,0.182,0.535
88000,0.273,0.189,0.538
88100,0.272,0.193,0.535
88200,0.270,0.183,0.547
88300,0.292,0.162,0.546
88400,0.295,0.156,0.549
88500,0.305,0.151,0.544
88600,0.296,0.151,0.553
88700,0.290,0.152,0.558
88800,0.290,0.165,0.545
88900,0.287,0.164,0.549
89000,0.281,0.171,0.548
89100,0.279,0.190,0.531
89200,0.276,0.196,0.528
89300,0.282,0.193,0.525
89400,0.280,0.199,0.521
89500,0.279,0.201,0.520
89600,0.286,0.187,0.527
89700,0.281,0.183,0.536
89800,0.285,0.184,0.531
89900,0.284,0.191,0.525
90000,0.292,0.193,0.515
90100,0.287,0.197,0.516
90200,0.281,0.219,0.500
90300,0.267,0.234,0.499
90400,0.271,0.221,0.508
90500,0.273,0.214,0.513
90600,0.266,0.215,0.519
90700,0.267,0.218,0.515
90800,0.268,0.210,0.522
90900,0.268,0.201,0.531
91000,0.266,0.194,0.540
91100,0.267,0.189,0.544
91200,0.260,0.177,0.563
91300,0.264,0.168,0.568
91400,0.257,0.162,0.581
91500,0.250,0.172,0.578
91600,0.237,0.181,0.582
91700,0.241,0.179,0.580
91800,0.235,0.185,0.580
91900,0.245,0.186,0.569
92000,0.228,0.173,0.599
92100,0.235,0.166,0.599
92200,0.241,0.165,0.594
92300,0.243,0.169,0.588
92400,0.248,0.178,0.574
92500,0.254,0.177,0.569
92600,0.248,0.178,0.574
92700,0.252,0.181,0.567
92800,0.248,0.175,0.577
92900,0.242,0.185,0.573
93000,0.241,0.197,0.562
93100,0.242,0.190,0.568
93200,0.247,0.202,0.551
93300,0.231,0.218,0.551
93400,0.234,0.200,0.566
93500,0.228,0.194,0.578
93600,0.229,0.196,0.575
93700,0.233,0.192,0.575
93800,0.220,0.193,0.587
93900,0.227,0.184,0.589
94000,0.227,0.182,0.591
94100,0.228,0.179,0.593
94200,0.239,0.175,0.586
94300,0.240,0.177,0.583
94400,0.234,0.171,0.595
94500,0.244,0.180,0.576
94600,0.238,0.188,0.574
94700,0.240,0.183,0.577
94800,0.236,0.187,0.577
94900,0.234,0.220,0.546
95000,0.227,0.215,0.558
95100,0.231,0.210,0.559
95200,0.223,0.217,0.560
95300,0.213,0.221,0.566
95400,0.214,0.225,0.561
95500,0.217,0.219,0.564
95600,0.220,0.232,0.548
95700,0.215,0.224,0.561
95800,0.216,0.210,0.574
95900,0.204,0.204,0.592
96000,0.204,0.211,0.585
96100,0.217,0.196,0.587
96200,0.231,0.190,0.579
96300,0.225,0.182,0.593
96400,0.223,0.182,0.595
96500,0.224,0.182,0.594
96600,0.219,0.186,0.595
96700,0.211,0.186,0.603
96800,0.208,0.185,0.607
96900,0.206,0.192,0.602
97000,0.217,0.186,0.597
97100,0.217,0.184,0.599
97200,0.214,0.197,0.589
97300,0.208,0.204,0.588
97400,0.208,0.213,0.579
97500,0.210,0.225,0.565
97600,0.196,0.239,0.565
97700,0.197,0.248,0.555
97800,0.196,0.244,0.560
97900,0.194,0.241,0.565
98000,0.198,0.251,0.551
98100,0.195,0.245,0.560
98200,0.189,0.244,0.567
98300,0.192,0.238,0.570
98400,0.191,0.226,0.583
98500,0.207,0.231,0.562
98600,0.206,0.219,0.575
98700,0.210,0.222,0.568
98800,0.208,0.214,0.578
98900,0.201,0.213,0.586
99000,0.191,0.228,0.581
99100,0.193,0.229,0.578
99200,0.189,0.240,0.571
99300,0.190,0.243,0.567
99400,0.199,0.238,0.563
99500,0.198,0.228,0.574
99600,0.187,0.226,0.587
99700,0.192,0.218,0.590
99800,0.192,0.227,0.581
99900,0.207,0.209,0.584
100000,0.207,0.214,0.579
