time,n_A+p,n_B,n_AB
100,0.367,0.495,0.138
200,0.318,0.431,0.251
300,0.257,0.382,0.361
400,0.235,0.370,0.394
500,0.242,0.343,0.416
600,0.248,0.343,0.410
700,0.220,0.361,0.419
800,0.245,0.388,0.367
900,0.281,0.410,0.309
1000,0.269,0.407,0.324
1100,0.226,0.394,0.379
1200,0.226,0.394,0.379
1300,0.254,0.404,0.343
1400,0.266,0.398,0.336
1500,0.232,0.391,0.376
1600,0.217,0.410,0.373
1700,0.190,0.413,0.398
1800,0.196,0.437,0.367
1900,0.171,0.398,0.431
2000,0.190,0.388,0.422
2100,0.162,0.355,0.483
2200,0.180,0.382,0.437
2300,0.162,0.425,0.413
2400,0.174,0.431,0.394
2500,0.156,0.440,0.404
2600,0.177,0.440,0.382
2700,0.141,0.413,0.446
2800,0.135,0.428,0.437
2900,0.138,0.450,0.413
3000,0.122,0.443,0.434
3100,0.141,0.453,0.407
3200,0.113,0.498,0.388
3300,0.110,0.526,0.364
3400,0.135,0.547,0.318
3500,0.113,0.520,0.367
3600,0.095,0.544,0.361
3700,0.070,0.584,0.346
3800,0.061,0.618,0.321
3900,0.061,0.630,0.309
4000,0.058,0.691,0.251
4100,0.055,0.679,0.266
4200,0.052,0.636,0.312
4300,0.055,0.654,0.291
4400,0.046,0.664,0.291
4500,0.034,0.645,0.321
4600,0.046,0.664,0.291
4700,0.043,0.691,0.266
4800,0.031,0.688,0.281
4900,0.031,0.719,0.251
5000,0.024,0.728,0.248
5100,0.034,0.746,0.220
5200,0.031,0.761,0.208
5300,0.028,0.783,0.190
5400,0.015,0.813,0.171
5500,0.018,0.823,0.159
5600,0.015,0.826,0.159
5700,0.012,0.847,0.141
5800,0.012,0.875,0.113
5900,0.012,0.884,0.104
6000,0.012,0.865,0.122
6100,0.012,0.862,0.125
6200,0.006,0.875,0.119
6300,0.006,0.859,0.135
6400,0.006,0.881,0.113
6500,0.003,0.899,0.098
6600,0.003,0.896,0.101
6700,0.009,0.911,0.080
6800,0.009,0.930,0.061
6900,0.006,0.933,0.061
7000,0.006,0.936,0.058
7100,0.003,0.930,0.067
7200,0.003,0.933,0.064
7300,0.003,0.951,0.046
7400,0.003,0.963,0.034
7500,0.003,0.963,0.034
7600,0.003,0.960,0.037
7700,0.003,0.948,0.049
7800,0.000,0.951,0.049
7900,0.000,0.954,0.046
8000,0.000,0.945,0.055
8100,0.000,0.936,0.064
8200,0.006,0.954,0.040
8300,0.003,0.951,0.046
8400,0.003,0.960,0.037
8500,0.000,0.960,0.040
8600,0.006,0.966,0.028
8700,0.003,0.966,0.031
8800,0.003,0.969,0.028
8900,0.003,0.969,0.028
9000,0.003,0.976,0.021
9100,0.003,0.972,0.024
9200,0.003,0.972,0.024
9300,0.003,0.960,0.037
9400,0.003,0.957,0.040
9500,0.003,0.963,0.034
9600,0.003,0.960,0.037
9700,0.003,0.969,0.028
9800,0.003,0.954,0.043
9900,0.003,0.960,0.037
10000,0.009,0.942,0.049
10100,0.006,0.939,0.055
10200,0.003,0.936,0.061
10300,0.003,0.945,0.052
10400,0.003,0.942,0.055
10500,0.003,0.927,0.070
10600,0.012,0.933,0.055
10700,0.006,0.945,0.049
10800,0.003,0.930,0.067
10900,0.000,0.933,0.067
11000,0.000,0.954,0.046
11100,0.000,0.957,0.043
11200,0.000,0.969,0.031
11300,0.000,0.966,0.034
11400,0.000,0.969,0.031
11500,0.000,0.976,0.024
11600,0.000,0.991,0.009
11700,0.000,0.972,0.028
11800,0.000,0.963,0.037
11900,0.000,0.969,0.031
12000,0.000,0.979,0.021
12100,0.000,0.976,0.024
12200,0.000,0.982,0.018
12300,0.000,0.985,0.015
12400,0.000,0.991,0.009
12500,0.000,0.982,0.018
12600,0.000,0.972,0.028
12700,0.000,0.979,0.021
12800,0.000,0.991,0.009
12900,0.000,0.994,0.006
13000,0.000,0.994,0.006
13100,0.000,0.997,0.003
13200,0.000,0.997,0.003
13300,0.000,1.000,0.000
