time,n_A+p,n_B,n_AB
500,0.080,0.692,0.228
1000,0.080,0.438,0.482
1500,0.084,0.383,0.533
2000,0.104,0.248,0.648
2500,0.143,0.216,0.641
3000,0.232,0.119,0.649
3500,0.408,0.018,0.574
4000,0.551,0.002,0.447
4500,0.631,0.001,0.368
5000,0.772,0.000,0.228
5500,0.839,0.000,0.161
6000,0.849,0.000,0.151
6500,0.841,0.000,0.159
7000,0.916,0.000,0.084
7500,0.946,0.000,0.054
8000,0.955,0.000,0.045
8500,0.958,0.000,0.042
9000,0.977,0.000,0.023
9500,0.983,0.000,0.017
10000,0.986,0.000,0.014
10500,0.996,0.000,0.004
11000,0.999,0.000,0.001
11500,0.999,0.000,0.001
12000,1.000,0.000,0.000
