time,n_A+p,n_B,n_AB
500,0.050,0.540,0.410
1000,0.050,0.545,0.405
1500,0.050,0.416,0.534
2000,0.050,0.383,0.567
2500,0.052,0.283,0.665
3000,0.050,0.366,0.584
3500,0.050,0.304,0.646
4000,0.050,0.285,0.665
4500,0.050,0.405,0.545
5000,0.051,0.395,0.554
5500,0.050,0.393,0.557
6000,0.050,0.309,0.641
6500,0.050,0.321,0.629
7000,0.050,0.342,0.608
7500,0.055,0.306,0.639
8000,0.073,0.311,0.616
8500,0.065,0.286,0.649
9000,0.053,0.279,0.668
9500,0.065,0.318,0.617
10000,0.054,0.326,0.620
10500,0.050,0.461,0.489
11000,0.050,0.368,0.582
11500,0.050,0.273,0.677
12000,0.052,0.307,0.641
12500,0.050,0.349,0.601
13000,0.050,0.238,0.712
13500,0.051,0.245,0.704
14000,0.056,0.325,0.619
14500,0.050,0.401,0.549
15000,0.058,0.247,0.695
15500,0.051,0.425,0.524
16000,0.057,0.329,0.614
16500,0.050,0.403,0.547
17000,0.050,0.328,0.622
17500,0.053,0.289,0.658
18000,0.074,0.197,0.729
18500,0.082,0.215,0.703
19000,0.056,0.231,0.713
19500,0.050,0.365,0.585
20000,0.050,0.387,0.563
20500,0.050,0.459,0.491
21000,0.050,0.389,0.561
21500,0.050,0.427,0.523
22000,0.050,0.406,0.544
22500,0.050,0.481,0.469
23000,0.050,0.408,0.542
23500,0.050,0.300,0.650
24000,0.051,0.258,0.691
24500,0.050,0.373,0.577
25000,0.050,0.409,0.541
25500,0.050,0.360,0.590
26000,0.050,0.322,0.628
26500,0.078,0.147,0.775
27000,0.514,0.008,0.478
27500,0.914,0.000,0.086
28000,0.936,0.000,0.064
28500,0.993,0.000,0.007
29000,0.999,0.000,0.001
29500,1.000,0.000,0.000
