time,n_A+p,n_B,n_AB
100,0.030,0.970,0.000
200,0.030,0.970,0.000
300,0.030,0.969,0.001
400,0.030,0.966,0.004
500,0.030,0.955,0.015
600,0.030,0.946,0.025
700,0.030,0.936,0.035
800,0.030,0.920,0.050
900,0.031,0.915,0.054
1000,0.030,0.911,0.059
1100,0.030,0.888,0.083
1200,0.030,0.878,0.092
1300,0.032,0.874,0.094
1400,0.032,0.865,0.103
1500,0.033,0.846,0.122
1600,0.033,0.835,0.133
1700,0.033,0.840,0.128
1800,0.032,0.831,0.137
1900,0.040,0.821,0.139
2000,0.038,0.807,0.155
2100,0.037,0.803,0.160
2200,0.037,0.793,0.171
2300,0.035,0.790,0.176
2400,0.035,0.784,0.181
2500,0.038,0.782,0.180
2600,0.041,0.769,0.190
2700,0.042,0.759,0.199
2800,0.043,0.753,0.204
2900,0.043,0.739,0.219
3000,0.045,0.729,0.226
3100,0.039,0.724,0.237
3200,0.053,0.710,0.237
3300,0.077,0.708,0.216
3400,0.073,0.691,0.237
3500,0.070,0.674,0.255
3600,0.061,0.672,0.267
3700,0.074,0.663,0.264
3800,0.066,0.645,0.289
3900,0.064,0.644,0.292
4000,0.059,0.637,0.303
4100,0.060,0.632,0.307
4200,0.061,0.631,0.307
4300,0.061,0.635,0.303
4400,0.061,0.623,0.316
4500,0.061,0.622,0.317
4600,0.058,0.611,0.331
4700,0.063,0.604,0.333
4800,0.068,0.594,0.337
4900,0.070,0.588,0.341
5000,0.076,0.585,0.339
5100,0.076,0.574,0.350
5200,0.070,0.565,0.365
5300,0.067,0.564,0.369
5400,0.067,0.553,0.380
5500,0.068,0.551,0.381
5600,0.085,0.557,0.359
5700,0.080,0.556,0.365
5800,0.095,0.546,0.359
5900,0.090,0.554,0.356
6000,0.093,0.544,0.363
6100,0.085,0.539,0.376
6200,0.080,0.544,0.376
6300,0.084,0.541,0.375
6400,0.086,0.538,0.376
6500,0.081,0.531,0.388
6600,0.081,0.527,0.392
6700,0.077,0.523,0.400
6800,0.077,0.525,0.398
6900,0.072,0.519,0.410
7000,0.070,0.508,0.422
7100,0.072,0.513,0.416
7200,0.074,0.508,0.419
7300,0.074,0.503,0.424
7400,0.075,0.497,0.428
7500,0.097,0.490,0.413
7600,0.094,0.484,0.422
7700,0.089,0.476,0.435
7800,0.099,0.478,0.423
7900,0.095,0.477,0.428
8000,0.092,0.474,0.434
8100,0.094,0.470,0.436
8200,0.097,0.468,0.435
8300,0.088,0.459,0.454
8400,0.091,0.460,0.449
8500,0.090,0.456,0.455
8600,0.082,0.460,0.459
8700,0.096,0.451,0.453
8800,0.093,0.442,0.465
8900,0.095,0.440,0.465
9000,0.090,0.434,0.476
9100,0.084,0.430,0.486
9200,0.080,0.435,0.485
9300,0.084,0.433,0.483
9400,0.081,0.431,0.488
9500,0.078,0.432,0.490
9600,0.084,0.431,0.485
9700,0.073,0.420,0.508
9800,0.075,0.432,0.493
9900,0.079,0.426,0.495
10000,0.091,0.425,0.484
10100,0.089,0.419,0.492
10200,0.093,0.414,0.493
10300,0.089,0.415,0.496
10400,0.089,0.413,0.498
10500,0.089,0.409,0.503
10600,0.087,0.409,0.505
10700,0.088,0.410,0.503
10800,0.091,0.401,0.508
10900,0.094,0.409,0.497
11000,0.092,0.415,0.493
11100,0.094,0.403,0.503
11200,0.100,0.403,0.496
11300,0.096,0.408,0.496
11400,0.094,0.411,0.495
11500,0.090,0.425,0.485
11600,0.092,0.417,0.491
11700,0.084,0.412,0.505
11800,0.083,0.404,0.513
11900,0.084,0.402,0.514
12000,0.086,0.396,0.518
12100,0.086,0.396,0.518
12200,0.095,0.392,0.513
12300,0.100,0.388,0.512
12400,0.103,0.388,0.509
12500,0.098,0.382,0.520
12600,0.103,0.375,0.522
12700,0.104,0.374,0.522
12800,0.104,0.369,0.527
12900,0.095,0.365,0.540
13000,0.095,0.364,0.541
13100,0.093,0.369,0.538
13200,0.106,0.376,0.518
13300,0.102,0.383,0.515
13400,0.104,0.382,0.514
13500,0.098,0.385,0.517
13600,0.097,0.383,0.520
13700,0.109,0.379,0.512
13800,0.107,0.378,0.515
13900,0.107,0.378,0.515
14000,0.114,0.374,0.512
14100,0.112,0.372,0.516
14200,0.109,0.372,0.519
14300,0.112,0.365,0.523
14400,0.117,0.362,0.521
14500,0.123,0.355,0.522
14600,0.128,0.344,0.528
14700,0.118,0.337,0.544
14800,0.109,0.339,0.552
14900,0.114,0.339,0.546
15000,0.111,0.333,0.556
15100,0.114,0.333,0.553
15200,0.110,0.332,0.558
15300,0.110,0.326,0.564
15400,0.108,0.326,0.566
15500,0.105,0.327,0.568
15600,0.102,0.331,0.567
15700,0.098,0.332,0.570
15800,0.101,0.332,0.567
15900,0.100,0.320,0.580
16000,0.105,0.320,0.575
16100,0.101,0.328,0.571
16200,0.097,0.325,0.578
16300,0.100,0.324,0.576
16400,0.095,0.332,0.573
16500,0.102,0.325,0.573
16600,0.123,0.330,0.547
16700,0.112,0.323,0.565
16800,0.108,0.324,0.568
16900,0.117,0.327,0.556
17000,0.120,0.322,0.559
17100,0.138,0.319,0.543
17200,0.134,0.314,0.553
17300,0.138,0.308,0.554
17400,0.143,0.305,0.552
17500,0.138,0.303,0.559
17600,0.131,0.303,0.566
17700,0.128,0.302,0.570
17800,0.126,0.306,0.568
17900,0.135,0.304,0.561
18000,0.130,0.297,0.573
18100,0.142,0.309,0.549
18200,0.145,0.312,0.543
18300,0.144,0.309,0.546
18400,0.136,0.315,0.550
18500,0.128,0.303,0.569
18600,0.137,0.304,0.559
18700,0.135,0.294,0.571
18800,0.124,0.290,0.586
18900,0.127,0.287,0.586
19000,0.125,0.286,0.589
19100,0.120,0.286,0.594
19200,0.127,0.291,0.582
19300,0.125,0.293,0.582
19400,0.125,0.294,0.581
19500,0.117,0.296,0.586
19600,0.106,0.295,0.599
19700,0.104,0.294,0.602
19800,0.106,0.293,0.601
19900,0.102,0.300,0.598
20000,0.105,0.295,0.600
20100,0.096,0.318,0.586
20200,0.093,0.299,0.608
20300,0.100,0.300,0.600
20400,0.102,0.294,0.604
20500,0.106,0.296,0.598
20600,0.106,0.298,0.596
20700,0.109,0.306,0.584
20800,0.108,0.299,0.592
20900,0.105,0.298,0.597
21000,0.102,0.298,0.600
21100,0.114,0.294,0.591
21200,0.115,0.289,0.596
21300,0.116,0.290,0.593
21400,0.113,0.287,0.600
21500,0.108,0.298,0.593
21600,0.103,0.298,0.599
21700,0.106,0.303,0.590
21800,0.124,0.300,0.576
21900,0.101,0.293,0.606
22000,0.113,0.291,0.596
22100,0.113,0.291,0.596
22200,0.123,0.295,0.582
22300,0.121,0.292,0.587
22400,0.111,0.293,0.596
22500,0.109,0.293,0.598
22600,0.106,0.296,0.598
22700,0.107,0.290,0.603
22800,0.105,0.286,0.609
22900,0.099,0.287,0.614
23000,0.097,0.299,0.604
23100,0.092,0.304,0.604
23200,0.103,0.299,0.598
23300,0.102,0.307,0.590
23400,0.101,0.304,0.594
23500,0.099,0.298,0.603
23600,0.083,0.291,0.626
23700,0.084,0.287,0.629
23800,0.088,0.286,0.626
23900,0.089,0.296,0.615
24000,0.093,0.297,0.610
24100,0.099,0.298,0.603
24200,0.100,0.293,0.607
24300,0.104,0.291,0.605
24400,0.102,0.284,0.614
24500,0.100,0.288,0.612
24600,0.101,0.295,0.604
24700,0.098,0.286,0.616
24800,0.102,0.288,0.610
24900,0.099,0.285,0.616
25000,0.100,0.283,0.617
25100,0.099,0.272,0.629
25200,0.097,0.265,0.638
25300,0.105,0.269,0.626
25400,0.104,0.281,0.615
25500,0.103,0.286,0.611
25600,0.102,0.289,0.609
25700,0.104,0.287,0.609
25800,0.109,0.286,0.605
25900,0.109,0.288,0.603
26000,0.108,0.287,0.605
26100,0.104,0.283,0.613
26200,0.110,0.271,0.619
26300,0.117,0.269,0.614
26400,0.111,0.267,0.622
26500,0.113,0.282,0.605
26600,0.108,0.283,0.609
26700,0.111,0.289,0.600
26800,0.108,0.283,0.609
26900,0.112,0.282,0.606
27000,0.111,0.274,0.615
27100,0.113,0.274,0.613
27200,0.109,0.271,0.620
27300,0.105,0.279,0.616
27400,0.104,0.281,0.615
27500,0.107,0.276,0.617
27600,0.099,0.277,0.624
27700,0.100,0.272,0.628
27800,0.106,0.273,0.621
27900,0.104,0.271,0.625
28000,0.099,0.273,0.628
28100,0.102,0.270,0.628
28200,0.097,0.271,0.632
28300,0.107,0.272,0.621
28400,0.113,0.268,0.619
28500,0.112,0.261,0.626
28600,0.126,0.263,0.612
28700,0.126,0.263,0.612
28800,0.115,0.266,0.619
28900,0.110,0.259,0.630
29000,0.109,0.261,0.629
29100,0.105,0.280,0.615
29200,0.103,0.288,0.609
29300,0.093,0.286,0.621
29400,0.091,0.284,0.625
29500,0.093,0.280,0.627
29600,0.083,0.291,0.626
29700,0.081,0.292,0.627
29800,0.082,0.292,0.626
29900,0.088,0.287,0.625
30000,0.089,0.296,0.615
30100,0.094,0.293,0.613
30200,0.094,0.290,0.616
30300,0.097,0.293,0.610
30400,0.094,0.292,0.614
30500,0.090,0.292,0.618
30600,0.096,0.292,0.612
30700,0.096,0.293,0.611
30800,0.097,0.297,0.606
30900,0.093,0.288,0.619
31000,0.092,0.295,0.613
31100,0.116,0.286,0.598
31200,0.117,0.280,0.603
31300,0.112,0.280,0.608
31400,0.111,0.274,0.615
31500,0.115,0.266,0.619
31600,0.116,0.268,0.616
31700,0.107,0.289,0.604
31800,0.105,0.287,0.608
31900,0.103,0.280,0.617
32000,0.101,0.277,0.622
32100,0.100,0.281,0.619
32200,0.100,0.286,0.614
32300,0.100,0.288,0.612
32400,0.101,0.288,0.611
32500,0.093,0.286,0.621
32600,0.098,0.283,0.619
32700,0.096,0.284,0.620
32800,0.095,0.287,0.618
32900,0.096,0.285,0.619
33000,0.099,0.292,0.609
33100,0.101,0.290,0.609
33200,0.107,0.290,0.603
33300,0.101,0.289,0.610
33400,0.099,0.281,0.620
33500,0.100,0.285,0.615
33600,0.098,0.290,0.612
33700,0.096,0.287,0.617
33800,0.095,0.279,0.626
33900,0.097,0.279,0.624
34000,0.098,0.273,0.629
34100,0.103,0.271,0.626
34200,0.104,0.274,0.622
34300,0.107,0.270,0.623
34400,0.106,0.271,0.623
34500,0.107,0.276,0.617
34600,0.112,0.273,0.615
34700,0.109,0.280,0.611
34800,0.105,0.280,0.615
34900,0.105,0.278,0.617
35000,0.107,0.280,0.613
35100,0.099,0.278,0.623
35200,0.101,0.277,0.622
35300,0.102,0.272,0.626
35400,0.103,0.271,0.626
35500,0.110,0.270,0.620
35600,0.112,0.266,0.622
35700,0.106,0.275,0.619
35800,0.108,0.272,0.620
35900,0.117,0.270,0.613
36000,0.117,0.267,0.616
36100,0.114,0.268,0.618
36200,0.128,0.263,0.610
36300,0.125,0.266,0.610
36400,0.127,0.264,0.610
36500,0.125,0.261,0.614
36600,0.140,0.263,0.598
36700,0.126,0.268,0.607
36800,0.130,0.260,0.610
36900,0.128,0.258,0.614
37000,0.121,0.254,0.625
37100,0.118,0.254,0.627
37200,0.112,0.266,0.622
37300,0.109,0.261,0.629
37400,0.105,0.258,0.636
37500,0.099,0.252,0.649
37600,0.096,0.261,0.642
37700,0.098,0.268,0.634
37800,0.097,0.275,0.628
37900,0.099,0.271,0.630
38000,0.098,0.279,0.623
38100,0.101,0.276,0.623
38200,0.098,0.271,0.631
38300,0.094,0.272,0.634
38400,0.094,0.250,0.656
38500,0.095,0.252,0.653
38600,0.090,0.245,0.665
38700,0.093,0.244,0.663
38800,0.095,0.241,0.664
38900,0.097,0.246,0.657
39000,0.094,0.245,0.661
39100,0.093,0.241,0.666
39200,0.094,0.242,0.664
39300,0.106,0.241,0.653
39400,0.110,0.242,0.648
39500,0.111,0.243,0.646
39600,0.113,0.238,0.649
39700,0.117,0.233,0.650
39800,0.115,0.233,0.652
39900,0.109,0.232,0.659
40000,0.107,0.231,0.662
40100,0.100,0.229,0.671
40200,0.098,0.234,0.668
40300,0.099,0.231,0.670
40400,0.105,0.235,0.660
40500,0.105,0.229,0.666
40600,0.115,0.225,0.660
40700,0.114,0.222,0.664
40800,0.114,0.224,0.662
40900,0.116,0.229,0.655
41000,0.115,0.226,0.659
41100,0.112,0.221,0.667
41200,0.109,0.226,0.665
41300,0.100,0.229,0.671
41400,0.095,0.235,0.670
41500,0.106,0.234,0.660
41600,0.103,0.233,0.664
41700,0.099,0.231,0.670
41800,0.095,0.234,0.671
41900,0.100,0.229,0.671
42000,0.107,0.232,0.661
42100,0.110,0.240,0.650
42200,0.104,0.244,0.652
42300,0.108,0.245,0.647
42400,0.103,0.246,0.651
42500,0.101,0.246,0.653
42600,0.098,0.244,0.658
42700,0.094,0.243,0.663
42800,0.090,0.245,0.665
42900,0.095,0.241,0.664
43000,0.092,0.236,0.672
43100,0.098,0.236,0.666
43200,0.096,0.234,0.670
43300,0.093,0.241,0.666
43400,0.093,0.255,0.652
43500,0.113,0.252,0.634
43600,0.106,0.246,0.648
43700,0.112,0.246,0.641
43800,0.117,0.246,0.636
43900,0.128,0.267,0.606
44000,0.136,0.272,0.592
44100,0.131,0.268,0.602
44200,0.134,0.265,0.602
44300,0.127,0.267,0.607
44400,0.122,0.259,0.619
44500,0.121,0.261,0.618
44600,0.115,0.264,0.621
44700,0.112,0.259,0.628
44800,0.127,0.261,0.612
44900,0.128,0.256,0.616
45000,0.126,0.258,0.616
45100,0.115,0.258,0.626
45200,0.117,0.248,0.634
45300,0.112,0.256,0.631
45400,0.110,0.256,0.633
45500,0.107,0.247,0.646
45600,0.105,0.259,0.635
45700,0.103,0.253,0.644
45800,0.100,0.251,0.649
45900,0.101,0.252,0.647
46000,0.104,0.257,0.638
46100,0.106,0.251,0.642
46200,0.110,0.251,0.638
46300,0.108,0.248,0.644
46400,0.112,0.242,0.646
46500,0.112,0.241,0.647
46600,0.107,0.238,0.655
46700,0.107,0.232,0.661
46800,0.108,0.234,0.658
46900,0.111,0.232,0.657
47000,0.112,0.228,0.660
47100,0.114,0.222,0.664
47200,0.112,0.231,0.657
47300,0.109,0.236,0.655
47400,0.121,0.231,0.649
47500,0.115,0.231,0.654
47600,0.113,0.230,0.657
47700,0.110,0.229,0.661
47800,0.115,0.225,0.660
47900,0.113,0.238,0.649
48000,0.123,0.255,0.622
48100,0.127,0.254,0.619
48200,0.123,0.250,0.627
48300,0.123,0.266,0.612
48400,0.127,0.266,0.608
48500,0.117,0.265,0.618
48600,0.117,0.270,0.613
48700,0.118,0.259,0.622
48800,0.125,0.265,0.611
48900,0.125,0.256,0.619
49000,0.121,0.247,0.632
49100,0.116,0.248,0.635
49200,0.112,0.246,0.641
49300,0.110,0.241,0.649
49400,0.120,0.240,0.640
49500,0.121,0.241,0.638
49600,0.114,0.244,0.641
49700,0.108,0.244,0.648
49800,0.102,0.255,0.642
49900,0.101,0.255,0.644
50000,0.092,0.260,0.648
50100,0.097,0.258,0.645
50200,0.097,0.255,0.648
50300,0.097,0.261,0.641
50400,0.090,0.267,0.644
50500,0.092,0.268,0.640
50600,0.091,0.260,0.649
50700,0.084,0.257,0.659
50800,0.083,0.255,0.662
50900,0.090,0.257,0.653
51000,0.106,0.252,0.641
51100,0.103,0.249,0.648
51200,0.106,0.248,0.646
51300,0.100,0.248,0.652
51400,0.108,0.248,0.644
51500,0.105,0.243,0.652
51600,0.113,0.240,0.647
51700,0.110,0.248,0.641
51800,0.113,0.245,0.641
51900,0.111,0.247,0.641
52000,0.111,0.244,0.645
52100,0.107,0.238,0.655
52200,0.107,0.226,0.667
52300,0.100,0.230,0.670
52400,0.107,0.249,0.644
52500,0.114,0.248,0.637
52600,0.108,0.245,0.647
52700,0.112,0.239,0.649
52800,0.105,0.236,0.659
52900,0.102,0.229,0.669
53000,0.104,0.233,0.663
53100,0.108,0.235,0.657
53200,0.110,0.237,0.653
53300,0.103,0.232,0.665
53400,0.112,0.230,0.658
53500,0.122,0.234,0.645
53600,0.121,0.233,0.647
53700,0.126,0.230,0.645
53800,0.124,0.229,0.648
53900,0.117,0.224,0.659
54000,0.133,0.229,0.638
54100,0.132,0.227,0.641
54200,0.133,0.231,0.636
54300,0.132,0.225,0.644
54400,0.125,0.226,0.650
54500,0.120,0.224,0.657
54600,0.114,0.227,0.659
54700,0.114,0.234,0.652
54800,0.113,0.237,0.650
54900,0.126,0.233,0.641
55000,0.130,0.226,0.645
55100,0.128,0.225,0.648
55200,0.118,0.240,0.641
55300,0.117,0.245,0.637
55400,0.112,0.250,0.637
55500,0.113,0.245,0.641
55600,0.115,0.243,0.641
55700,0.129,0.241,0.630
55800,0.139,0.244,0.617
55900,0.148,0.241,0.611
56000,0.165,0.232,0.603
56100,0.173,0.229,0.599
56200,0.174,0.224,0.603
56300,0.171,0.227,0.603
56400,0.174,0.229,0.598
56500,0.164,0.229,0.607
56600,0.166,0.220,0.614
56700,0.163,0.220,0.617
56800,0.155,0.223,0.622
56900,0.149,0.219,0.632
57000,0.151,0.215,0.634
57100,0.143,0.222,0.635
57200,0.134,0.234,0.632
57300,0.137,0.232,0.631
57400,0.125,0.229,0.647
57500,0.131,0.226,0.644
57600,0.137,0.223,0.640
57700,0.130,0.225,0.646
57800,0.141,0.223,0.636
57900,0.131,0.218,0.652
58000,0.125,0.217,0.659
58100,0.131,0.223,0.647
58200,0.128,0.233,0.639
58300,0.122,0.229,0.650
58400,0.123,0.222,0.656
58500,0.120,0.219,0.662
58600,0.130,0.224,0.647
58700,0.133,0.225,0.642
58800,0.135,0.226,0.639
58900,0.136,0.227,0.637
59000,0.139,0.223,0.638
59100,0.140,0.203,0.657
59200,0.133,0.206,0.661
59300,0.129,0.206,0.665
59400,0.131,0.211,0.658
59500,0.132,0.217,0.652
59600,0.121,0.217,0.663
59700,0.121,0.215,0.665
59800,0.114,0.202,0.683
59900,0.112,0.198,0.689
60000,0.108,0.195,0.697
60100,0.106,0.197,0.697
60200,0.106,0.202,0.692
60300,0.109,0.205,0.685
60400,0.106,0.206,0.687
60500,0.124,0.201,0.675
60600,0.130,0.197,0.673
60700,0.121,0.191,0.688
60800,0.117,0.213,0.669
60900,0.126,0.206,0.668
61000,0.123,0.211,0.666
61100,0.114,0.212,0.673
61200,0.110,0.218,0.672
61300,0.108,0.224,0.668
61400,0.113,0.219,0.668
61500,0.109,0.218,0.673
61600,0.108,0.222,0.670
61700,0.115,0.232,0.653
61800,0.112,0.229,0.659
61900,0.103,0.220,0.677
62000,0.102,0.226,0.672
62100,0.109,0.213,0.677
62200,0.105,0.212,0.682
62300,0.105,0.215,0.680
62400,0.121,0.205,0.674
62500,0.126,0.208,0.666
62600,0.120,0.205,0.675
62700,0.116,0.204,0.679
62800,0.121,0.202,0.677
62900,0.125,0.208,0.667
63000,0.121,0.205,0.674
63100,0.114,0.203,0.682
63200,0.116,0.204,0.679
63300,0.141,0.205,0.654
63400,0.139,0.209,0.652
63500,0.133,0.218,0.650
63600,0.132,0.215,0.654
63700,0.132,0.213,0.655
63800,0.127,0.215,0.659
63900,0.128,0.220,0.653
64000,0.125,0.219,0.657
64100,0.121,0.224,0.656
64200,0.114,0.225,0.661
64300,0.114,0.225,0.661
64400,0.115,0.223,0.662
64500,0.112,0.220,0.668
64600,0.111,0.236,0.653
64700,0.112,0.236,0.652
64800,0.109,0.234,0.657
64900,0.105,0.240,0.655
65000,0.108,0.235,0.657
65100,0.107,0.232,0.661
65200,0.106,0.228,0.666
65300,0.109,0.220,0.671
65400,0.109,0.225,0.666
65500,0.114,0.221,0.665
65600,0.112,0.217,0.671
65700,0.110,0.215,0.675
65800,0.109,0.210,0.680
65900,0.109,0.205,0.685
66000,0.108,0.211,0.680
66100,0.105,0.206,0.688
66200,0.105,0.204,0.691
66300,0.102,0.208,0.689
66400,0.101,0.207,0.692
66500,0.107,0.211,0.681
66600,0.101,0.210,0.688
66700,0.102,0.212,0.685
66800,0.101,0.210,0.688
66900,0.107,0.201,0.692
67000,0.105,0.204,0.691
67100,0.105,0.207,0.687
67200,0.102,0.208,0.689
67300,0.099,0.206,0.695
67400,0.109,0.203,0.687
67500,0.112,0.192,0.696
67600,0.109,0.192,0.699
67700,0.122,0.195,0.683
67800,0.114,0.208,0.677
67900,0.121,0.203,0.676
68000,0.113,0.199,0.687
68100,0.113,0.197,0.689
68200,0.111,0.192,0.697
68300,0.116,0.194,0.689
68400,0.113,0.198,0.688
68500,0.121,0.201,0.678
68600,0.123,0.201,0.676
68700,0.117,0.205,0.677
68800,0.113,0.198,0.688
68900,0.113,0.197,0.689
69000,0.125,0.190,0.685
69100,0.132,0.191,0.677
69200,0.126,0.189,0.685
69300,0.120,0.190,0.691
69400,0.118,0.187,0.695
69500,0.116,0.190,0.694
69600,0.118,0.193,0.688
69700,0.122,0.196,0.682
69800,0.122,0.193,0.685
69900,0.134,0.199,0.667
70000,0.140,0.194,0.666
70100,0.133,0.195,0.672
70200,0.134,0.196,0.670
70300,0.130,0.198,0.672
70400,0.126,0.193,0.681
70500,0.133,0.189,0.678
70600,0.135,0.194,0.671
70700,0.142,0.203,0.655
70800,0.137,0.199,0.664
70900,0.129,0.199,0.672
71000,0.127,0.200,0.673
71100,0.129,0.200,0.671
71200,0.136,0.199,0.665
71300,0.128,0.200,0.672
71400,0.126,0.200,0.674
71500,0.132,0.206,0.662
71600,0.133,0.205,0.662
71700,0.131,0.207,0.662
71800,0.144,0.204,0.652
71900,0.141,0.202,0.657
72000,0.140,0.200,0.660
72100,0.143,0.199,0.658
72200,0.136,0.206,0.658
72300,0.136,0.208,0.656
72400,0.143,0.207,0.650
72500,0.141,0.205,0.654
72600,0.139,0.203,0.658
72700,0.142,0.203,0.655
72800,0.143,0.207,0.650
72900,0.153,0.203,0.644
73000,0.147,0.199,0.654
73100,0.141,0.191,0.668
73200,0.141,0.195,0.664
73300,0.143,0.192,0.665
73400,0.147,0.199,0.654
73500,0.148,0.194,0.658
73600,0.142,0.193,0.665
73700,0.148,0.193,0.659
73800,0.148,0.192,0.660
73900,0.146,0.191,0.663
74000,0.149,0.184,0.667
74100,0.149,0.182,0.669
74200,0.160,0.181,0.659
74300,0.155,0.180,0.665
74400,0.150,0.186,0.664
74500,0.149,0.188,0.663
74600,0.144,0.191,0.665
74700,0.153,0.188,0.659
74800,0.150,0.190,0.660
74900,0.155,0.186,0.659
75000,0.151,0.184,0.665
75100,0.151,0.182,0.667
75200,0.152,0.180,0.668
75300,0.158,0.183,0.659
75400,0.155,0.184,0.661
75500,0.158,0.197,0.645
75600,0.161,0.197,0.641
75700,0.156,0.196,0.648
75800,0.165,0.198,0.636
75900,0.162,0.195,0.642
76000,0.162,0.189,0.649
76100,0.155,0.184,0.661
76200,0.161,0.183,0.656
76300,0.162,0.185,0.653
76400,0.155,0.213,0.631
76500,0.151,0.210,0.638
76600,0.149,0.208,0.642
76700,0.142,0.210,0.648
76800,0.137,0.224,0.639
76900,0.146,0.215,0.639
77000,0.143,0.211,0.646
77100,0.142,0.205,0.653
77200,0.147,0.200,0.653
77300,0.144,0.216,0.640
77400,0.143,0.208,0.649
77500,0.145,0.202,0.653
77600,0.150,0.211,0.638
77700,0.143,0.208,0.649
77800,0.149,0.213,0.637
77900,0.142,0.220,0.638
78000,0.135,0.215,0.651
78100,0.136,0.212,0.652
78200,0.137,0.208,0.655
78300,0.136,0.206,0.658
78400,0.146,0.197,0.657
78500,0.149,0.188,0.663
78600,0.140,0.186,0.674
78700,0.143,0.187,0.670
78800,0.142,0.190,0.668
78900,0.133,0.186,0.681
79000,0.131,0.186,0.683
79100,0.149,0.196,0.655
79200,0.152,0.190,0.658
79300,0.160,0.189,0.651
79400,0.157,0.188,0.655
79500,0.163,0.187,0.650
79600,0.159,0.186,0.655
79700,0.157,0.184,0.659
79800,0.158,0.184,0.658
79900,0.156,0.190,0.654
80000,0.155,0.182,0.663
80100,0.156,0.186,0.658
80200,0.153,0.188,0.659
80300,0.148,0.185,0.667
80400,0.143,0.176,0.681
80500,0.147,0.181,0.672
80600,0.152,0.187,0.661
80700,0.150,0.188,0.662
80800,0.148,0.193,0.659
80900,0.153,0.193,0.654
81000,0.146,0.196,0.658
81100,0.140,0.188,0.672
81200,0.143,0.183,0.674
81300,0.143,0.185,0.672
81400,0.140,0.186,0.674
81500,0.141,0.190,0.669
81600,0.134,0.185,0.681
81700,0.129,0.199,0.672
81800,0.142,0.195,0.663
81900,0.140,0.189,0.671
82000,0.139,0.188,0.673
82100,0.132,0.186,0.682
82200,0.128,0.187,0.685
82300,0.127,0.190,0.683
82400,0.132,0.183,0.685
82500,0.137,0.186,0.677
82600,0.130,0.186,0.684
82700,0.129,0.183,0.688
82800,0.120,0.180,0.701
82900,0.127,0.176,0.698
83000,0.135,0.177,0.688
83100,0.140,0.178,0.682
83200,0.137,0.179,0.684
83300,0.133,0.180,0.687
83400,0.127,0.189,0.684
83500,0.122,0.186,0.693
83600,0.116,0.186,0.698
83700,0.114,0.186,0.700
83800,0.115,0.185,0.700
83900,0.112,0.191,0.697
84000,0.113,0.189,0.698
84100,0.137,0.190,0.673
84200,0.139,0.199,0.662
84300,0.136,0.197,0.667
84400,0.140,0.200,0.660
84500,0.154,0.202,0.644
84600,0.163,0.204,0.632
84700,0.169,0.193,0.638
84800,0.162,0.189,0.649
84900,0.173,0.200,0.627
85000,0.168,0.218,0.615
85100,0.171,0.215,0.615
85200,0.170,0.209,0.621
85300,0.166,0.204,0.629
85400,0.163,0.203,0.633
85500,0.160,0.196,0.644
85600,0.160,0.195,0.645
85700,0.170,0.190,0.640
85800,0.158,0.195,0.647
85900,0.151,0.191,0.658
86000,0.160,0.188,0.652
86100,0.163,0.190,0.647
86200,0.164,0.190,0.646
86300,0.159,0.188,0.653
86400,0.162,0.189,0.649
86500,0.173,0.188,0.639
86600,0.170,0.185,0.646
86700,0.163,0.184,0.653
86800,0.164,0.197,0.638
86900,0.169,0.202,0.629
87000,0.154,0.197,0.649
87100,0.154,0.198,0.648
87200,0.155,0.202,0.642
87300,0.159,0.205,0.635
87400,0.154,0.202,0.644
87500,0.150,0.197,0.653
87600,0.154,0.183,0.663
87700,0.156,0.183,0.661
87800,0.147,0.200,0.653
87900,0.143,0.200,0.657
88000,0.136,0.200,0.664
88100,0.137,0.201,0.662
88200,0.141,0.196,0.663
88300,0.140,0.195,0.665
88400,0.141,0.195,0.664
88500,0.146,0.207,0.647
88600,0.149,0.199,0.652
88700,0.156,0.206,0.637
88800,0.150,0.203,0.647
88900,0.147,0.203,0.650
89000,0.142,0.206,0.652
89100,0.148,0.203,0.649
89200,0.146,0.196,0.658
89300,0.148,0.188,0.664
89400,0.149,0.189,0.662
89500,0.138,0.189,0.673
89600,0.134,0.191,0.675
89700,0.135,0.184,0.681
89800,0.135,0.181,0.684
89900,0.134,0.179,0.687
90000,0.137,0.180,0.683
90100,0.137,0.177,0.686
90200,0.141,0.174,0.685
90300,0.137,0.195,0.668
90400,0.133,0.187,0.680
90500,0.136,0.195,0.669
90600,0.134,0.195,0.671
90700,0.131,0.195,0.674
90800,0.125,0.191,0.684
90900,0.124,0.194,0.682
91000,0.127,0.196,0.677
91100,0.123,0.194,0.683
91200,0.128,0.197,0.675
91300,0.129,0.197,0.674
91400,0.127,0.201,0.672
91500,0.126,0.204,0.670
91600,0.128,0.203,0.669
91700,0.131,0.204,0.665
91800,0.130,0.203,0.667
91900,0.131,0.201,0.668
92000,0.130,0.199,0.671
92100,0.125,0.196,0.679
92200,0.117,0.198,0.684
92300,0.116,0.199,0.684
92400,0.116,0.193,0.691
92500,0.123,0.194,0.683
92600,0.124,0.189,0.687
92700,0.124,0.183,0.694
92800,0.123,0.199,0.678
92900,0.125,0.196,0.679
93000,0.122,0.201,0.677
93100,0.124,0.195,0.681
93200,0.115,0.194,0.691
93300,0.111,0.196,0.693
93400,0.108,0.200,0.692
93500,0.118,0.199,0.682
93600,0.130,0.200,0.670
93700,0.126,0.195,0.679
93800,0.128,0.190,0.682
93900,0.127,0.196,0.677
94000,0.152,0.191,0.657
94100,0.156,0.188,0.656
94200,0.152,0.189,0.659
94300,0.142,0.187,0.671
94400,0.148,0.187,0.665
94500,0.147,0.177,0.676
94600,0.146,0.183,0.671
94700,0.150,0.177,0.673
94800,0.149,0.175,0.676
94900,0.149,0.174,0.677
95000,0.143,0.179,0.678
95100,0.149,0.178,0.673
95200,0.143,0.190,0.667
95300,0.141,0.194,0.665
95400,0.141,0.190,0.669
95500,0.143,0.194,0.663
95600,0.143,0.189,0.668
95700,0.135,0.200,0.665
95800,0.136,0.195,0.669
95900,0.140,0.188,0.672
96000,0.151,0.189,0.660
96100,0.145,0.189,0.666
96200,0.144,0.182,0.674
96300,0.159,0.182,0.659
96400,0.158,0.182,0.660
96500,0.172,0.173,0.656
96600,0.169,0.172,0.660
96700,0.162,0.174,0.664
96800,0.152,0.180,0.668
96900,0.149,0.180,0.671
97000,0.164,0.187,0.649
97100,0.154,0.184,0.662
97200,0.150,0.183,0.667
97300,0.142,0.186,0.672
97400,0.153,0.186,0.661
97500,0.161,0.187,0.652
97600,0.161,0.188,0.651
97700,0.160,0.187,0.653
97800,0.161,0.187,0.652
97900,0.162,0.191,0.647
98000,0.160,0.188,0.652
98100,0.151,0.189,0.660
98200,0.151,0.186,0.663
98300,0.153,0.186,0.661
98400,0.152,0.186,0.662
98500,0.152,0.182,0.666
98600,0.147,0.189,0.664
98700,0.146,0.194,0.660
98800,0.142,0.190,0.668
98900,0.154,0.189,0.657
99000,0.145,0.186,0.669
99100,0.146,0.189,0.665
99200,0.146,0.194,0.660
99300,0.139,0.213,0.648
99400,0.124,0.215,0.662
99500,0.126,0.210,0.664
99600,0.128,0.213,0.659
99700,0.123,0.219,0.659
99800,0.122,0.223,0.656
99900,0.121,0.216,0.664
100000,0.122,0.200,0.678
