time,n_A+p,n_B,n_AB
500,0.030,0.899,0.071
1000,0.030,0.848,0.122
1500,0.030,0.778,0.192
2000,0.030,0.728,0.242
2500,0.033,0.703,0.264
3000,0.031,0.640,0.329
3500,0.043,0.572,0.385
4000,0.038,0.548,0.414
4500,0.043,0.516,0.441
5000,0.045,0.481,0.474
5500,0.059,0.451,0.490
6000,0.055,0.398,0.547
6500,0.067,0.388,0.545
7000,0.068,0.363,0.569
7500,0.092,0.345,0.563
8000,0.086,0.323,0.591
8500,0.110,0.312,0.578
9000,0.107,0.286,0.607
9500,0.132,0.272,0.596
10000,0.088,0.296,0.616
10500,0.080,0.306,0.614
11000,0.106,0.309,0.585
11500,0.117,0.238,0.645
12000,0.140,0.221,0.639
12500,0.174,0.196,0.630
13000,0.163,0.228,0.609
13500,0.168,0.198,0.634
14000,0.184,0.210,0.606
14500,0.146,0.214,0.640
15000,0.144,0.200,0.656
15500,0.166,0.201,0.633
16000,0.210,0.170,0.620
16500,0.197,0.159,0.644
17000,0.195,0.176,0.629
17500,0.217,0.172,0.611
18000,0.210,0.174,0.616
18500,0.217,0.166,0.617
19000,0.225,0.133,0.642
19500,0.240,0.103,0.657
20000,0.241,0.129,0.630
20500,0.261,0.126,0.613
21000,0.276,0.102,0.622
21500,0.323,0.080,0.597
22000,0.354,0.072,0.574
22500,0.367,0.041,0.592
23000,0.393,0.052,0.555
23500,0.384,0.062,0.554
24000,0.425,0.036,0.539
24500,0.468,0.033,0.499
25000,0.500,0.029,0.471
25500,0.518,0.024,0.458
26000,0.519,0.019,0.462
26500,0.496,0.025,0.479
27000,0.511,0.026,0.463
27500,0.508,0.030,0.462
28000,0.497,0.017,0.486
28500,0.507,0.020,0.473
29000,0.554,0.019,0.427
29500,0.551,0.008,0.441
30000,0.557,0.009,0.434
30500,0.538,0.009,0.453
31000,0.557,0.009,0.434
31500,0.560,0.009,0.431
32000,0.588,0.005,0.407
32500,0.606,0.004,0.390
33000,0.579,0.011,0.410
33500,0.538,0.005,0.457
34000,0.529,0.015,0.456
34500,0.527,0.015,0.458
35000,0.531,0.008,0.461
35500,0.541,0.005,0.454
36000,0.610,0.007,0.383
36500,0.631,0.004,0.365
37000,0.641,0.002,0.357
37500,0.693,0.000,0.307
38000,0.668,0.001,0.331
38500,0.595,0.006,0.399
39000,0.568,0.002,0.430
39500,0.567,0.012,0.421
40000,0.572,0.012,0.416
40500,0.587,0.007,0.406
41000,0.606,0.006,0.388
41500,0.628,0.002,0.370
42000,0.609,0.012,0.379
42500,0.609,0.023,0.368
43000,0.609,0.007,0.384
43500,0.591,0.003,0.406
44000,0.582,0.013,0.405
44500,0.588,0.005,0.407
45000,0.573,0.008,0.419
45500,0.555,0.008,0.437
46000,0.567,0.006,0.427
46500,0.567,0.010,0.423
47000,0.560,0.015,0.425
47500,0.560,0.005,0.435
48000,0.626,0.002,0.372
48500,0.615,0.000,0.385
49000,0.574,0.000,0.426
49500,0.603,0.006,0.391
50000,0.643,0.001,0.356
50500,0.650,0.000,0.350
51000,0.658,0.000,0.342
51500,0.650,0.008,0.342
52000,0.613,0.007,0.380
52500,0.610,0.003,0.387
53000,0.613,0.004,0.383
53500,0.614,0.005,0.381
54000,0.611,0.003,0.386
54500,0.627,0.007,0.366
55000,0.604,0.011,0.385
55500,0.656,0.006,0.338
56000,0.620,0.003,0.377
56500,0.619,0.001,0.380
57000,0.617,0.004,0.379
57500,0.604,0.002,0.394
58000,0.665,0.005,0.330
58500,0.659,0.001,0.340
59000,0.659,0.001,0.340
59500,0.660,0.004,0.336
60000,0.685,0.007,0.308
60500,0.667,0.001,0.332
61000,0.676,0.001,0.323
61500,0.637,0.000,0.363
62000,0.637,0.000,0.363
62500,0.612,0.003,0.385
63000,0.608,0.011,0.381
63500,0.640,0.002,0.358
64000,0.621,0.005,0.374
64500,0.644,0.007,0.349
65000,0.630,0.005,0.365
65500,0.645,0.008,0.347
66000,0.659,0.006,0.335
66500,0.637,0.007,0.356
67000,0.643,0.007,0.350
67500,0.650,0.004,0.346
68000,0.638,0.003,0.359
68500,0.656,0.001,0.343
69000,0.617,0.002,0.381
69500,0.666,0.012,0.322
70000,0.634,0.003,0.363
70500,0.608,0.006,0.386
71000,0.640,0.001,0.359
71500,0.612,0.007,0.381
72000,0.645,0.003,0.352
72500,0.626,0.005,0.369
73000,0.590,0.004,0.406
73500,0.616,0.004,0.380
74000,0.631,0.003,0.366
74500,0.624,0.000,0.376
75000,0.624,0.000,0.376
75500,0.635,0.002,0.363
76000,0.642,0.007,0.351
76500,0.622,0.003,0.375
77000,0.601,0.010,0.389
77500,0.654,0.007,0.339
78000,0.658,0.006,0.336
78500,0.622,0.012,0.366
79000,0.614,0.004,0.382
79500,0.614,0.008,0.378
80000,0.596,0.002,0.402
80500,0.607,0.019,0.374
81000,0.637,0.020,0.343
81500,0.634,0.017,0.349
82000,0.619,0.005,0.376
82500,0.603,0.009,0.388
83000,0.601,0.006,0.393
83500,0.615,0.011,0.374
84000,0.590,0.007,0.403
84500,0.539,0.010,0.451
85000,0.563,0.013,0.424
85500,0.538,0.010,0.452
86000,0.542,0.010,0.448
86500,0.596,0.010,0.394
87000,0.573,0.011,0.416
87500,0.553,0.004,0.443
88000,0.601,0.009,0.390
88500,0.580,0.005,0.415
89000,0.609,0.000,0.391
89500,0.608,0.000,0.392
90000,0.573,0.009,0.418
90500,0.602,0.004,0.394
91000,0.628,0.000,0.372
91500,0.577,0.006,0.417
92000,0.586,0.006,0.408
92500,0.596,0.004,0.400
93000,0.553,0.011,0.436
93500,0.557,0.014,0.429
94000,0.522,0.020,0.458
94500,0.527,0.016,0.457
95000,0.541,0.015,0.444
95500,0.571,0.011,0.418
96000,0.547,0.010,0.443
96500,0.576,0.011,0.413
97000,0.538,0.005,0.457
97500,0.534,0.008,0.458
98000,0.614,0.004,0.382
98500,0.586,0.007,0.407
99000,0.626,0.001,0.373
99500,0.643,0.000,0.357
100000,0.611,0.002,0.387
100500,0.650,0.007,0.343
101000,0.635,0.007,0.358
101500,0.695,0.005,0.300
102000,0.686,0.004,0.310
102500,0.623,0.004,0.373
103000,0.608,0.003,0.389
103500,0.598,0.001,0.401
104000,0.570,0.001,0.429
104500,0.584,0.002,0.414
105000,0.601,0.000,0.399
105500,0.553,0.001,0.446
106000,0.540,0.003,0.457
106500,0.586,0.008,0.406
107000,0.591,0.007,0.402
107500,0.575,0.001,0.424
108000,0.533,0.011,0.456
108500,0.547,0.012,0.441
109000,0.544,0.011,0.445
109500,0.546,0.012,0.442
110000,0.497,0.024,0.479
110500,0.495,0.015,0.490
111000,0.534,0.007,0.459
111500,0.505,0.011,0.484
112000,0.542,0.013,0.445
112500,0.492,0.013,0.495
113000,0.510,0.016,0.474
113500,0.492,0.008,0.500
114000,0.475,0.015,0.510
114500,0.460,0.029,0.511
115000,0.443,0.023,0.534
115500,0.467,0.020,0.513
116000,0.406,0.032,0.562
116500,0.378,0.026,0.596
117000,0.399,0.042,0.559
117500,0.388,0.049,0.563
118000,0.415,0.035,0.550
118500,0.428,0.039,0.533
119000,0.436,0.038,0.526
119500,0.463,0.042,0.495
120000,0.482,0.036,0.482
120500,0.519,0.034,0.447
121000,0.507,0.017,0.476
121500,0.465,0.018,0.517
122000,0.484,0.029,0.487
122500,0.485,0.024,0.491
123000,0.561,0.018,0.421
123500,0.538,0.012,0.450
124000,0.542,0.009,0.449
124500,0.523,0.004,0.473
125000,0.507,0.014,0.479
125500,0.527,0.018,0.455
126000,0.505,0.016,0.479
126500,0.505,0.023,0.472
127000,0.490,0.018,0.492
127500,0.545,0.013,0.442
128000,0.513,0.016,0.471
128500,0.534,0.010,0.456
129000,0.527,0.007,0.466
129500,0.537,0.025,0.438
130000,0.567,0.010,0.423
130500,0.587,0.003,0.410
131000,0.592,0.007,0.401
131500,0.622,0.003,0.375
132000,0.620,0.002,0.378
132500,0.597,0.013,0.390
133000,0.628,0.001,0.371
133500,0.626,0.002,0.372
134000,0.644,0.003,0.353
134500,0.645,0.001,0.354
135000,0.653,0.001,0.346
135500,0.663,0.002,0.335
136000,0.671,0.004,0.325
136500,0.651,0.001,0.348
137000,0.652,0.001,0.347
137500,0.638,0.012,0.350
138000,0.588,0.005,0.407
138500,0.523,0.006,0.471
139000,0.536,0.011,0.453
139500,0.563,0.009,0.428
140000,0.573,0.023,0.404
140500,0.616,0.007,0.377
141000,0.634,0.003,0.363
141500,0.628,0.003,0.369
142000,0.617,0.006,0.377
142500,0.629,0.014,0.357
143000,0.642,0.005,0.353
143500,0.641,0.007,0.352
144000,0.633,0.000,0.367
144500,0.631,0.002,0.367
145000,0.669,0.000,0.331
145500,0.656,0.001,0.343
146000,0.642,0.002,0.356
146500,0.622,0.001,0.377
147000,0.611,0.002,0.387
147500,0.610,0.002,0.388
148000,0.621,0.007,0.372
148500,0.649,0.004,0.347
149000,0.668,0.007,0.325
149500,0.665,0.000,0.335
150000,0.682,0.004,0.314
150500,0.662,0.000,0.338
151000,0.624,0.005,0.371
151500,0.606,0.003,0.391
152000,0.614,0.005,0.381
152500,0.651,0.004,0.345
153000,0.603,0.008,0.389
153500,0.622,0.006,0.372
154000,0.611,0.005,0.384
154500,0.591,0.001,0.408
155000,0.622,0.007,0.371
155500,0.678,0.002,0.320
156000,0.714,0.000,0.286
156500,0.677,0.000,0.323
157000,0.655,0.000,0.345
157500,0.635,0.000,0.365
158000,0.615,0.000,0.385
158500,0.581,0.009,0.410
159000,0.628,0.001,0.371
159500,0.603,0.010,0.387
160000,0.599,0.007,0.394
160500,0.591,0.004,0.405
161000,0.564,0.010,0.426
161500,0.537,0.010,0.453
162000,0.545,0.007,0.448
162500,0.576,0.011,0.413
163000,0.543,0.010,0.447
163500,0.560,0.012,0.428
164000,0.530,0.001,0.469
164500,0.536,0.007,0.457
165000,0.541,0.014,0.445
165500,0.538,0.007,0.455
166000,0.589,0.005,0.406
166500,0.550,0.006,0.444
167000,0.538,0.011,0.451
167500,0.535,0.009,0.456
168000,0.525,0.008,0.467
168500,0.589,0.012,0.399
169000,0.623,0.010,0.367
169500,0.611,0.008,0.381
170000,0.617,0.002,0.381
170500,0.575,0.009,0.416
171000,0.577,0.007,0.416
171500,0.548,0.004,0.448
172000,0.557,0.007,0.436
172500,0.549,0.009,0.442
173000,0.561,0.015,0.424
173500,0.612,0.010,0.378
174000,0.603,0.004,0.393
174500,0.612,0.003,0.385
175000,0.593,0.010,0.397
175500,0.554,0.006,0.440
176000,0.619,0.010,0.371
176500,0.640,0.003,0.357
177000,0.665,0.004,0.331
177500,0.644,0.001,0.355
178000,0.652,0.003,0.345
178500,0.624,0.005,0.371
179000,0.624,0.003,0.373
179500,0.563,0.009,0.428
180000,0.565,0.005,0.430
180500,0.574,0.007,0.419
181000,0.574,0.003,0.423
181500,0.601,0.004,0.395
182000,0.588,0.002,0.410
182500,0.599,0.000,0.401
183000,0.606,0.000,0.394
183500,0.606,0.008,0.386
184000,0.600,0.009,0.391
184500,0.608,0.009,0.383
185000,0.576,0.006,0.418
185500,0.585,0.011,0.404
186000,0.583,0.006,0.411
186500,0.559,0.014,0.427
187000,0.538,0.012,0.450
187500,0.544,0.008,0.448
188000,0.567,0.014,0.419
188500,0.571,0.003,0.426
189000,0.608,0.014,0.378
189500,0.622,0.010,0.368
190000,0.576,0.006,0.418
190500,0.577,0.014,0.409
191000,0.558,0.011,0.431
191500,0.539,0.013,0.448
192000,0.544,0.022,0.434
192500,0.577,0.009,0.414
193000,0.561,0.006,0.433
193500,0.579,0.005,0.416
194000,0.599,0.012,0.389
194500,0.579,0.004,0.417
195000,0.586,0.010,0.404
195500,0.583,0.018,0.399
196000,0.577,0.009,0.414
196500,0.549,0.002,0.449
197000,0.589,0.005,0.406
197500,0.602,0.009,0.389
198000,0.638,0.006,0.356
198500,0.595,0.005,0.400
199000,0.581,0.000,0.419
199500,0.582,0.006,0.412
200000,0.554,0.008,0.438
200500,0.548,0.001,0.451
201000,0.580,0.012,0.408
201500,0.568,0.018,0.414
202000,0.531,0.010,0.459
202500,0.549,0.008,0.443
203000,0.608,0.018,0.374
203500,0.607,0.011,0.382
204000,0.672,0.008,0.320
204500,0.654,0.003,0.343
205000,0.625,0.009,0.366
205500,0.663,0.002,0.335
206000,0.645,0.003,0.352
206500,0.667,0.003,0.330
207000,0.662,0.000,0.338
207500,0.653,0.007,0.340
208000,0.657,0.003,0.340
208500,0.637,0.000,0.363
209000,0.634,0.005,0.361
209500,0.642,0.002,0.356
210000,0.640,0.002,0.358
210500,0.635,0.005,0.360
211000,0.646,0.009,0.345
211500,0.664,0.007,0.329
212000,0.627,0.002,0.371
212500,0.639,0.014,0.347
213000,0.641,0.010,0.349
213500,0.638,0.005,0.357
214000,0.655,0.005,0.340
214500,0.628,0.003,0.369
215000,0.650,0.002,0.348
215500,0.650,0.001,0.349
216000,0.628,0.008,0.364
216500,0.642,0.006,0.352
217000,0.621,0.005,0.374
217500,0.649,0.001,0.350
218000,0.656,0.004,0.340
218500,0.647,0.004,0.349
219000,0.676,0.001,0.323
219500,0.687,0.001,0.312
220000,0.668,0.000,0.332
220500,0.710,0.002,0.288
221000,0.711,0.001,0.288
221500,0.688,0.001,0.311
222000,0.693,0.000,0.307
222500,0.667,0.006,0.327
223000,0.682,0.000,0.318
223500,0.649,0.004,0.347
224000,0.655,0.001,0.344
224500,0.662,0.001,0.337
225000,0.689,0.001,0.310
225500,0.672,0.002,0.326
226000,0.658,0.004,0.338
226500,0.624,0.000,0.376
227000,0.595,0.000,0.405
227500,0.578,0.001,0.421
228000,0.592,0.004,0.404
228500,0.603,0.003,0.394
229000,0.577,0.000,0.423
229500,0.586,0.000,0.414
230000,0.598,0.006,0.396
230500,0.595,0.011,0.394
231000,0.610,0.006,0.384
231500,0.622,0.001,0.377
232000,0.592,0.007,0.401
232500,0.624,0.010,0.366
233000,0.656,0.005,0.339
233500,0.587,0.009,0.404
234000,0.608,0.002,0.390
234500,0.628,0.007,0.365
235000,0.596,0.009,0.395
235500,0.573,0.012,0.415
236000,0.560,0.013,0.427
236500,0.586,0.007,0.407
237000,0.626,0.000,0.374
237500,0.624,0.007,0.369
238000,0.599,0.005,0.396
238500,0.590,0.003,0.407
239000,0.600,0.005,0.395
239500,0.546,0.001,0.453
240000,0.578,0.002,0.420
240500,0.604,0.004,0.392
241000,0.593,0.013,0.394
241500,0.610,0.009,0.381
242000,0.586,0.014,0.400
242500,0.588,0.008,0.404
243000,0.583,0.007,0.410
243500,0.563,0.001,0.436
244000,0.543,0.004,0.453
244500,0.569,0.012,0.419
245000,0.559,0.008,0.433
245500,0.528,0.011,0.461
246000,0.549,0.006,0.445
246500,0.568,0.008,0.424
247000,0.545,0.015,0.440
247500,0.512,0.012,0.476
248000,0.566,0.007,0.427
248500,0.548,0.011,0.441
249000,0.564,0.010,0.426
249500,0.560,0.014,0.426
250000,0.557,0.011,0.432
250500,0.532,0.015,0.453
251000,0.544,0.009,0.447
251500,0.554,0.010,0.436
252000,0.560,0.011,0.429
252500,0.570,0.005,0.425
253000,0.588,0.003,0.409
253500,0.585,0.004,0.411
254000,0.542,0.007,0.451
254500,0.560,0.010,0.430
255000,0.549,0.002,0.449
255500,0.569,0.011,0.420
256000,0.575,0.005,0.420
256500,0.597,0.010,0.393
257000,0.605,0.015,0.380
257500,0.596,0.006,0.398
258000,0.539,0.009,0.452
258500,0.490,0.013,0.497
259000,0.478,0.027,0.495
259500,0.486,0.031,0.483
260000,0.447,0.036,0.517
260500,0.439,0.019,0.542
261000,0.469,0.024,0.507
261500,0.455,0.023,0.522
262000,0.424,0.026,0.550
262500,0.467,0.019,0.514
263000,0.471,0.011,0.518
263500,0.470,0.021,0.509
264000,0.464,0.020,0.516
264500,0.510,0.011,0.479
265000,0.515,0.010,0.475
265500,0.514,0.024,0.462
266000,0.546,0.014,0.440
266500,0.540,0.009,0.451
267000,0.534,0.016,0.450
267500,0.515,0.008,0.477
268000,0.513,0.018,0.469
268500,0.533,0.026,0.441
269000,0.551,0.020,0.429
269500,0.525,0.004,0.471
270000,0.567,0.007,0.426
270500,0.568,0.010,0.422
271000,0.589,0.003,0.408
271500,0.612,0.009,0.379
272000,0.625,0.003,0.372
272500,0.600,0.001,0.399
273000,0.590,0.002,0.408
273500,0.611,0.001,0.388
274000,0.592,0.002,0.406
274500,0.618,0.001,0.381
275000,0.611,0.009,0.380
275500,0.670,0.001,0.329
276000,0.638,0.006,0.356
276500,0.591,0.003,0.406
277000,0.554,0.005,0.441
277500,0.551,0.002,0.447
278000,0.539,0.011,0.450
278500,0.549,0.013,0.438
279000,0.510,0.013,0.477
279500,0.458,0.024,0.518
280000,0.490,0.026,0.484
280500,0.450,0.037,0.513
281000,0.494,0.025,0.481
281500,0.459,0.017,0.524
282000,0.470,0.017,0.513
282500,0.472,0.008,0.520
283000,0.501,0.016,0.483
283500,0.563,0.017,0.420
284000,0.541,0.013,0.446
284500,0.561,0.013,0.426
285000,0.535,0.020,0.445
285500,0.536,0.031,0.433
286000,0.494,0.029,0.477
286500,0.461,0.021,0.518
287000,0.467,0.030,0.503
287500,0.474,0.031,0.495
288000,0.462,0.029,0.509
288500,0.461,0.035,0.504
289000,0.431,0.029,0.540
289500,0.408,0.032,0.560
290000,0.430,0.024,0.546
290500,0.443,0.012,0.545
291000,0.459,0.021,0.520
291500,0.453,0.016,0.531
292000,0.472,0.028,0.500
292500,0.507,0.014,0.479
293000,0.493,0.014,0.493
293500,0.452,0.021,0.527
294000,0.475,0.015,0.510
294500,0.476,0.014,0.510
295000,0.472,0.018,0.510
295500,0.538,0.011,0.451
296000,0.556,0.006,0.438
296500,0.572,0.008,0.420
297000,0.584,0.002,0.414
297500,0.607,0.006,0.387
298000,0.591,0.007,0.402
298500,0.551,0.017,0.432
299000,0.573,0.012,0.415
299500,0.542,0.018,0.440
300000,0.551,0.021,0.428
300500,0.591,0.011,0.398
301000,0.575,0.008,0.417
301500,0.554,0.006,0.440
302000,0.543,0.006,0.451
302500,0.541,0.007,0.452
303000,0.567,0.010,0.423
303500,0.536,0.007,0.457
304000,0.531,0.006,0.463
304500,0.565,0.010,0.425
305000,0.618,0.006,0.376
305500,0.614,0.007,0.379
306000,0.625,0.008,0.367
306500,0.631,0.008,0.361
307000,0.651,0.009,0.340
307500,0.660,0.006,0.334
308000,0.655,0.001,0.344
308500,0.612,0.000,0.388
309000,0.644,0.005,0.351
309500,0.665,0.003,0.332
310000,0.625,0.004,0.371
310500,0.657,0.005,0.338
311000,0.651,0.005,0.344
311500,0.633,0.002,0.365
312000,0.650,0.000,0.350
312500,0.677,0.000,0.323
313000,0.649,0.003,0.348
313500,0.644,0.003,0.353
314000,0.636,0.007,0.357
314500,0.670,0.003,0.327
315000,0.632,0.009,0.359
315500,0.638,0.007,0.355
316000,0.619,0.007,0.374
316500,0.628,0.001,0.371
317000,0.606,0.004,0.390
317500,0.624,0.003,0.373
318000,0.590,0.008,0.402
318500,0.642,0.004,0.354
319000,0.639,0.003,0.358
319500,0.648,0.001,0.351
320000,0.574,0.004,0.422
320500,0.599,0.003,0.398
321000,0.564,0.006,0.430
321500,0.577,0.005,0.418
322000,0.587,0.006,0.407
322500,0.590,0.012,0.398
323000,0.548,0.015,0.437
323500,0.617,0.010,0.373
324000,0.610,0.012,0.378
324500,0.611,0.005,0.384
325000,0.633,0.003,0.364
325500,0.657,0.016,0.327
326000,0.681,0.007,0.312
326500,0.680,0.002,0.318
327000,0.704,0.000,0.296
327500,0.670,0.004,0.326
328000,0.668,0.002,0.330
328500,0.656,0.005,0.339
329000,0.623,0.000,0.377
329500,0.641,0.005,0.354
330000,0.630,0.001,0.369
330500,0.597,0.001,0.402
331000,0.619,0.000,0.381
331500,0.626,0.000,0.374
332000,0.608,0.006,0.386
332500,0.661,0.002,0.337
333000,0.661,0.001,0.338
333500,0.628,0.002,0.370
334000,0.597,0.001,0.402
334500,0.580,0.004,0.416
335000,0.583,0.004,0.413
335500,0.568,0.010,0.422
336000,0.514,0.015,0.471
336500,0.506,0.021,0.473
337000,0.511,0.016,0.473
337500,0.504,0.011,0.485
338000,0.523,0.006,0.471
338500,0.496,0.011,0.493
339000,0.511,0.017,0.472
339500,0.533,0.009,0.458
340000,0.528,0.009,0.463
340500,0.519,0.030,0.451
341000,0.462,0.038,0.500
341500,0.441,0.040,0.519
342000,0.442,0.027,0.531
342500,0.468,0.020,0.512
343000,0.442,0.029,0.529
343500,0.446,0.024,0.530
344000,0.447,0.031,0.522
344500,0.523,0.027,0.450
345000,0.520,0.015,0.465
345500,0.519,0.021,0.460
346000,0.531,0.009,0.460
346500,0.503,0.009,0.488
347000,0.529,0.010,0.461
347500,0.536,0.017,0.447
348000,0.539,0.005,0.456
348500,0.543,0.016,0.441
349000,0.544,0.012,0.444
349500,0.510,0.020,0.470
350000,0.536,0.017,0.447
350500,0.544,0.015,0.441
351000,0.520,0.021,0.459
351500,0.536,0.016,0.448
352000,0.559,0.014,0.427
352500,0.578,0.003,0.419
353000,0.570,0.005,0.425
353500,0.557,0.005,0.438
354000,0.591,0.003,0.406
354500,0.622,0.004,0.374
355000,0.600,0.004,0.396
355500,0.640,0.003,0.357
356000,0.669,0.000,0.331
356500,0.663,0.005,0.332
357000,0.640,0.007,0.353
357500,0.655,0.000,0.345
358000,0.707,0.000,0.293
358500,0.670,0.005,0.325
359000,0.636,0.002,0.362
359500,0.567,0.005,0.428
360000,0.556,0.006,0.438
360500,0.543,0.010,0.447
361000,0.607,0.005,0.388
361500,0.580,0.006,0.414
362000,0.550,0.014,0.436
362500,0.552,0.006,0.442
363000,0.537,0.010,0.453
363500,0.592,0.003,0.405
364000,0.609,0.003,0.388
364500,0.630,0.005,0.365
365000,0.671,0.000,0.329
365500,0.690,0.000,0.310
366000,0.692,0.000,0.308
366500,0.692,0.000,0.308
367000,0.679,0.000,0.321
367500,0.677,0.002,0.321
368000,0.669,0.006,0.325
368500,0.626,0.006,0.368
369000,0.621,0.006,0.373
369500,0.624,0.002,0.374
370000,0.615,0.004,0.381
370500,0.641,0.005,0.354
371000,0.634,0.000,0.366
371500,0.632,0.000,0.368
372000,0.646,0.001,0.353
372500,0.649,0.003,0.348
373000,0.642,0.003,0.355
373500,0.652,0.005,0.343
374000,0.649,0.009,0.342
374500,0.648,0.008,0.344
375000,0.590,0.002,0.408
375500,0.573,0.006,0.421
376000,0.578,0.014,0.408
376500,0.558,0.024,0.418
377000,0.580,0.014,0.406
377500,0.615,0.004,0.381
378000,0.607,0.013,0.380
378500,0.576,0.005,0.419
379000,0.610,0.007,0.383
379500,0.635,0.004,0.361
380000,0.563,0.011,0.426
380500,0.655,0.008,0.337
381000,0.643,0.008,0.349
381500,0.591,0.010,0.399
382000,0.626,0.003,0.371
382500,0.651,0.001,0.348
383000,0.651,0.000,0.349
383500,0.630,0.001,0.369
384000,0.649,0.000,0.351
384500,0.657,0.001,0.342
385000,0.618,0.000,0.382
385500,0.628,0.011,0.361
386000,0.607,0.010,0.383
386500,0.580,0.008,0.412
387000,0.566,0.008,0.426
387500,0.533,0.015,0.452
388000,0.570,0.009,0.421
388500,0.591,0.002,0.407
389000,0.573,0.000,0.427
389500,0.595,0.003,0.402
390000,0.581,0.003,0.416
390500,0.607,0.001,0.392
391000,0.631,0.004,0.365
391500,0.586,0.001,0.413
392000,0.604,0.007,0.389
392500,0.633,0.001,0.366
393000,0.650,0.002,0.348
393500,0.658,0.005,0.337
394000,0.648,0.002,0.350
394500,0.614,0.004,0.382
395000,0.643,0.002,0.355
395500,0.619,0.007,0.374
396000,0.605,0.011,0.384
396500,0.622,0.001,0.377
397000,0.612,0.002,0.386
397500,0.614,0.004,0.382
398000,0.631,0.009,0.360
398500,0.593,0.006,0.401
399000,0.583,0.007,0.410
399500,0.567,0.015,0.418
400000,0.578,0.021,0.401
400500,0.538,0.011,0.451
401000,0.537,0.013,0.450
401500,0.549,0.014,0.437
402000,0.588,0.011,0.401
402500,0.568,0.011,0.421
403000,0.577,0.007,0.416
403500,0.588,0.006,0.406
404000,0.610,0.001,0.389
404500,0.594,0.011,0.395
405000,0.610,0.001,0.389
405500,0.602,0.000,0.398
406000,0.610,0.008,0.382
406500,0.574,0.011,0.415
407000,0.612,0.013,0.375
407500,0.596,0.005,0.399
408000,0.612,0.003,0.385
408500,0.613,0.006,0.381
409000,0.570,0.018,0.412
409500,0.551,0.012,0.437
410000,0.596,0.009,0.395
410500,0.609,0.009,0.382
411000,0.606,0.006,0.388
411500,0.591,0.006,0.403
412000,0.611,0.007,0.382
412500,0.622,0.006,0.372
413000,0.601,0.007,0.392
413500,0.617,0.004,0.379
414000,0.636,0.001,0.363
414500,0.606,0.004,0.390
415000,0.601,0.008,0.391
415500,0.602,0.007,0.391
416000,0.602,0.003,0.395
416500,0.572,0.002,0.426
417000,0.579,0.006,0.415
417500,0.572,0.004,0.424
418000,0.573,0.011,0.416
418500,0.573,0.009,0.418
419000,0.548,0.005,0.447
419500,0.612,0.001,0.387
420000,0.611,0.012,0.377
420500,0.613,0.005,0.382
421000,0.602,0.011,0.387
421500,0.611,0.004,0.385
422000,0.619,0.006,0.375
422500,0.576,0.004,0.420
423000,0.599,0.007,0.394
423500,0.615,0.009,0.376
424000,0.570,0.011,0.419
424500,0.623,0.006,0.371
425000,0.620,0.002,0.378
425500,0.653,0.002,0.345
426000,0.665,0.001,0.334
426500,0.647,0.000,0.353
427000,0.621,0.002,0.377
427500,0.589,0.013,0.398
428000,0.543,0.013,0.444
428500,0.560,0.009,0.431
429000,0.580,0.002,0.418
429500,0.567,0.016,0.417
430000,0.553,0.012,0.435
430500,0.512,0.011,0.477
431000,0.491,0.016,0.493
431500,0.540,0.019,0.441
432000,0.550,0.007,0.443
432500,0.583,0.004,0.413
433000,0.603,0.011,0.386
433500,0.621,0.005,0.374
434000,0.646,0.000,0.354
434500,0.663,0.006,0.331
435000,0.700,0.000,0.300
435500,0.695,0.000,0.305
436000,0.718,0.000,0.282
436500,0.699,0.005,0.296
437000,0.649,0.003,0.348
437500,0.602,0.003,0.395
438000,0.584,0.004,0.412
438500,0.576,0.008,0.416
439000,0.571,0.008,0.421
439500,0.548,0.013,0.439
440000,0.576,0.005,0.419
440500,0.611,0.001,0.388
441000,0.602,0.000,0.398
441500,0.663,0.008,0.329
442000,0.647,0.001,0.352
442500,0.583,0.015,0.402
443000,0.598,0.018,0.384
443500,0.617,0.013,0.370
444000,0.592,0.015,0.393
444500,0.616,0.004,0.380
445000,0.627,0.006,0.367
445500,0.623,0.002,0.375
446000,0.627,0.005,0.368
446500,0.569,0.008,0.423
447000,0.524,0.013,0.463
447500,0.554,0.008,0.438
448000,0.570,0.004,0.426
448500,0.595,0.006,0.399
449000,0.629,0.001,0.370
449500,0.652,0.001,0.347
450000,0.641,0.003,0.356
450500,0.611,0.000,0.389
451000,0.632,0.000,0.368
451500,0.613,0.004,0.383
452000,0.665,0.001,0.334
452500,0.650,0.002,0.348
453000,0.641,0.007,0.352
453500,0.677,0.001,0.322
454000,0.661,0.003,0.336
454500,0.676,0.002,0.322
455000,0.700,0.003,0.297
455500,0.702,0.007,0.291
456000,0.744,0.001,0.255
456500,0.739,0.000,0.261
457000,0.743,0.000,0.257
457500,0.715,0.000,0.285
458000,0.711,0.001,0.288
458500,0.706,0.000,0.294
459000,0.663,0.005,0.332
459500,0.665,0.003,0.332
460000,0.654,0.001,0.345
460500,0.700,0.005,0.295
461000,0.734,0.003,0.263
461500,0.728,0.001,0.271
462000,0.708,0.001,0.291
462500,0.661,0.000,0.339
463000,0.669,0.000,0.331
463500,0.722,0.002,0.276
464000,0.708,0.008,0.284
464500,0.674,0.002,0.324
465000,0.702,0.000,0.298
465500,0.691,0.002,0.307
466000,0.705,0.001,0.294
466500,0.706,0.000,0.294
467000,0.711,0.000,0.289
467500,0.730,0.002,0.268
468000,0.707,0.001,0.292
468500,0.659,0.002,0.339
469000,0.617,0.006,0.377
469500,0.602,0.001,0.397
470000,0.592,0.002,0.406
470500,0.582,0.015,0.403
471000,0.575,0.007,0.418
471500,0.574,0.010,0.416
472000,0.568,0.006,0.426
472500,0.558,0.013,0.429
473000,0.524,0.012,0.464
473500,0.495,0.009,0.496
474000,0.509,0.016,0.475
474500,0.525,0.017,0.458
475000,0.550,0.013,0.437
475500,0.568,0.011,0.421
476000,0.582,0.004,0.414
476500,0.555,0.009,0.436
477000,0.522,0.010,0.468
477500,0.552,0.007,0.441
478000,0.607,0.010,0.383
478500,0.634,0.007,0.359
479000,0.646,0.003,0.351
479500,0.653,0.008,0.339
480000,0.607,0.001,0.392
480500,0.590,0.005,0.405
481000,0.575,0.002,0.423
481500,0.636,0.004,0.360
482000,0.678,0.001,0.321
482500,0.683,0.001,0.316
483000,0.675,0.000,0.325
483500,0.725,0.000,0.275
484000,0.712,0.000,0.288
484500,0.688,0.000,0.312
485000,0.698,0.000,0.302
485500,0.718,0.000,0.282
486000,0.695,0.000,0.305
486500,0.679,0.002,0.319
487000,0.669,0.001,0.330
487500,0.696,0.005,0.299
488000,0.702,0.003,0.295
488500,0.666,0.004,0.330
489000,0.608,0.005,0.387
489500,0.586,0.009,0.405
490000,0.548,0.007,0.445
490500,0.587,0.009,0.404
491000,0.637,0.002,0.361
491500,0.634,0.001,0.365
492000,0.646,0.001,0.353
492500,0.664,0.005,0.331
493000,0.657,0.000,0.343
493500,0.637,0.003,0.360
494000,0.625,0.001,0.374
494500,0.625,0.005,0.370
495000,0.687,0.004,0.309
495500,0.678,0.006,0.316
496000,0.670,0.010,0.320
496500,0.681,0.003,0.316
497000,0.680,0.001,0.319
497500,0.650,0.001,0.349
498000,0.679,0.000,0.321
498500,0.686,0.000,0.314
499000,0.687,0.000,0.313
499500,0.706,0.000,0.294
500000,0.688,0.000,0.312
500500,0.678,0.000,0.322
501000,0.649,0.003,0.348
501500,0.674,0.000,0.326
502000,0.689,0.004,0.307
502500,0.648,0.002,0.350
503000,0.655,0.005,0.340
503500,0.626,0.011,0.363
504000,0.620,0.002,0.378
504500,0.581,0.005,0.414
505000,0.593,0.013,0.394
505500,0.588,0.013,0.399
506000,0.567,0.009,0.424
506500,0.546,0.013,0.441
507000,0.528,0.019,0.453
507500,0.570,0.009,0.421
508000,0.601,0.001,0.398
508500,0.578,0.010,0.412
509000,0.564,0.006,0.430
509500,0.596,0.006,0.398
510000,0.589,0.005,0.406
510500,0.596,0.007,0.397
511000,0.609,0.006,0.385
511500,0.569,0.019,0.412
512000,0.545,0.017,0.438
512500,0.538,0.015,0.447
513000,0.548,0.017,0.435
513500,0.553,0.017,0.430
514000,0.543,0.019,0.438
514500,0.573,0.021,0.406
515000,0.567,0.023,0.410
515500,0.510,0.018,0.472
516000,0.514,0.013,0.473
516500,0.498,0.004,0.498
517000,0.537,0.008,0.455
517500,0.553,0.017,0.430
518000,0.620,0.009,0.371
518500,0.610,0.014,0.376
519000,0.604,0.012,0.384
519500,0.628,0.007,0.365
520000,0.622,0.002,0.376
520500,0.630,0.004,0.366
521000,0.632,0.005,0.363
521500,0.645,0.003,0.352
522000,0.637,0.004,0.359
522500,0.638,0.000,0.362
523000,0.694,0.001,0.305
523500,0.729,0.001,0.270
524000,0.731,0.005,0.264
524500,0.718,0.001,0.281
525000,0.685,0.003,0.312
525500,0.675,0.001,0.324
526000,0.687,0.001,0.312
526500,0.694,0.001,0.305
527000,0.669,0.000,0.331
527500,0.645,0.004,0.351
528000,0.627,0.005,0.368
528500,0.644,0.001,0.355
529000,0.666,0.001,0.333
529500,0.643,0.001,0.356
530000,0.634,0.003,0.363
530500,0.663,0.003,0.334
531000,0.640,0.002,0.358
531500,0.646,0.005,0.349
532000,0.673,0.003,0.324
532500,0.664,0.003,0.333
533000,0.674,0.000,0.326
533500,0.652,0.000,0.348
534000,0.642,0.000,0.358
534500,0.675,0.000,0.325
535000,0.633,0.001,0.366
535500,0.647,0.011,0.342
536000,0.614,0.001,0.385
536500,0.658,0.004,0.338
537000,0.657,0.001,0.342
537500,0.620,0.004,0.376
538000,0.641,0.001,0.358
538500,0.606,0.005,0.389
539000,0.569,0.007,0.424
539500,0.604,0.002,0.394
540000,0.562,0.008,0.430
540500,0.562,0.018,0.420
541000,0.569,0.010,0.421
541500,0.577,0.005,0.418
542000,0.589,0.008,0.403
542500,0.596,0.006,0.398
543000,0.637,0.015,0.348
543500,0.639,0.007,0.354
544000,0.585,0.006,0.409
544500,0.588,0.004,0.408
545000,0.628,0.006,0.366
545500,0.644,0.002,0.354
546000,0.648,0.008,0.344
546500,0.628,0.002,0.370
547000,0.658,0.000,0.342
547500,0.645,0.000,0.355
548000,0.691,0.000,0.309
548500,0.668,0.002,0.330
549000,0.660,0.004,0.336
549500,0.673,0.002,0.325
550000,0.688,0.002,0.310
550500,0.680,0.001,0.319
551000,0.674,0.004,0.322
551500,0.651,0.001,0.348
552000,0.627,0.001,0.372
552500,0.584,0.011,0.405
553000,0.620,0.001,0.379
553500,0.585,0.007,0.408
554000,0.609,0.005,0.386
554500,0.596,0.016,0.388
555000,0.588,0.010,0.402
555500,0.562,0.006,0.432
556000,0.557,0.009,0.434
556500,0.566,0.021,0.413
557000,0.542,0.017,0.441
557500,0.527,0.007,0.466
558000,0.552,0.013,0.435
558500,0.573,0.006,0.421
559000,0.554,0.009,0.437
559500,0.505,0.013,0.482
560000,0.520,0.014,0.466
560500,0.554,0.024,0.422
561000,0.581,0.016,0.403
561500,0.563,0.010,0.427
562000,0.550,0.007,0.443
562500,0.547,0.010,0.443
563000,0.568,0.012,0.420
563500,0.524,0.021,0.455
564000,0.532,0.016,0.452
564500,0.505,0.007,0.488
565000,0.489,0.007,0.504
565500,0.499,0.011,0.490
566000,0.469,0.023,0.508
566500,0.470,0.033,0.497
567000,0.475,0.026,0.499
567500,0.492,0.023,0.485
568000,0.505,0.023,0.472
568500,0.516,0.011,0.473
569000,0.562,0.009,0.429
569500,0.557,0.009,0.434
570000,0.609,0.002,0.389
570500,0.620,0.007,0.373
571000,0.598,0.005,0.397
571500,0.577,0.004,0.419
572000,0.603,0.003,0.394
572500,0.616,0.001,0.383
573000,0.628,0.001,0.371
573500,0.644,0.002,0.354
574000,0.649,0.008,0.343
574500,0.651,0.003,0.346
575000,0.632,0.001,0.367
575500,0.628,0.000,0.372
576000,0.691,0.006,0.303
576500,0.679,0.004,0.317
577000,0.683,0.002,0.315
577500,0.640,0.008,0.352
578000,0.636,0.002,0.362
578500,0.637,0.003,0.360
579000,0.622,0.000,0.378
579500,0.653,0.000,0.347
580000,0.647,0.000,0.353
580500,0.624,0.002,0.374
581000,0.586,0.005,0.409
581500,0.621,0.006,0.373
582000,0.631,0.004,0.365
582500,0.640,0.003,0.357
583000,0.648,0.000,0.352
583500,0.661,0.000,0.339
584000,0.617,0.003,0.380
584500,0.616,0.002,0.382
585000,0.592,0.011,0.397
585500,0.585,0.011,0.404
586000,0.645,0.003,0.352
586500,0.617,0.001,0.382
587000,0.614,0.009,0.377
587500,0.610,0.009,0.381
588000,0.597,0.000,0.403
588500,0.626,0.000,0.374
589000,0.645,0.005,0.350
589500,0.573,0.013,0.414
590000,0.579,0.008,0.413
590500,0.576,0.001,0.423
591000,0.571,0.004,0.425
591500,0.604,0.016,0.380
592000,0.584,0.017,0.399
592500,0.602,0.008,0.390
593000,0.582,0.008,0.410
593500,0.590,0.005,0.405
594000,0.587,0.002,0.411
594500,0.621,0.003,0.376
595000,0.632,0.012,0.356
595500,0.585,0.011,0.404
596000,0.587,0.005,0.408
596500,0.578,0.005,0.417
597000,0.589,0.012,0.399
597500,0.625,0.003,0.372
598000,0.614,0.005,0.381
598500,0.623,0.003,0.374
599000,0.635,0.001,0.364
599500,0.601,0.000,0.399
600000,0.567,0.008,0.425
600500,0.589,0.012,0.399
601000,0.631,0.003,0.366
601500,0.604,0.001,0.395
602000,0.632,0.002,0.366
602500,0.616,0.003,0.381
603000,0.574,0.005,0.421
603500,0.523,0.012,0.465
604000,0.526,0.019,0.455
604500,0.497,0.007,0.496
605000,0.521,0.011,0.468
605500,0.533,0.009,0.458
606000,0.505,0.008,0.487
606500,0.532,0.012,0.456
607000,0.550,0.006,0.444
607500,0.542,0.007,0.451
608000,0.518,0.006,0.476
608500,0.524,0.023,0.453
609000,0.557,0.008,0.435
609500,0.543,0.004,0.453
610000,0.549,0.013,0.438
610500,0.534,0.012,0.454
611000,0.538,0.022,0.440
611500,0.545,0.014,0.441
612000,0.548,0.016,0.436
612500,0.557,0.013,0.430
613000,0.577,0.013,0.410
613500,0.587,0.013,0.400
614000,0.631,0.008,0.361
614500,0.655,0.009,0.336
615000,0.644,0.011,0.345
615500,0.668,0.007,0.325
616000,0.659,0.005,0.336
616500,0.689,0.001,0.310
617000,0.690,0.000,0.310
617500,0.665,0.004,0.331
618000,0.655,0.001,0.344
618500,0.657,0.003,0.340
619000,0.671,0.003,0.326
619500,0.634,0.010,0.356
620000,0.612,0.006,0.382
620500,0.620,0.009,0.371
621000,0.594,0.017,0.389
621500,0.591,0.009,0.400
622000,0.628,0.008,0.364
622500,0.653,0.001,0.346
623000,0.610,0.002,0.388
623500,0.606,0.000,0.394
624000,0.632,0.001,0.367
624500,0.648,0.000,0.352
625000,0.631,0.005,0.364
625500,0.666,0.002,0.332
626000,0.646,0.004,0.350
626500,0.633,0.002,0.365
627000,0.615,0.006,0.379
627500,0.570,0.003,0.427
628000,0.573,0.002,0.425
628500,0.609,0.008,0.383
629000,0.609,0.005,0.386
629500,0.597,0.005,0.398
630000,0.648,0.013,0.339
630500,0.611,0.013,0.376
631000,0.635,0.006,0.359
631500,0.644,0.002,0.354
632000,0.648,0.001,0.351
632500,0.648,0.003,0.349
633000,0.656,0.004,0.340
633500,0.668,0.003,0.329
634000,0.632,0.004,0.364
634500,0.600,0.007,0.393
635000,0.592,0.008,0.400
635500,0.622,0.009,0.369
636000,0.610,0.004,0.386
636500,0.581,0.002,0.417
637000,0.609,0.002,0.389
637500,0.624,0.007,0.369
638000,0.614,0.009,0.377
638500,0.624,0.003,0.373
639000,0.643,0.002,0.355
639500,0.667,0.000,0.333
640000,0.630,0.005,0.365
640500,0.623,0.004,0.373
641000,0.652,0.005,0.343
641500,0.626,0.009,0.365
642000,0.576,0.010,0.414
642500,0.579,0.016,0.405
643000,0.581,0.010,0.409
643500,0.577,0.016,0.407
644000,0.573,0.007,0.420
644500,0.600,0.012,0.388
645000,0.592,0.015,0.393
645500,0.584,0.004,0.412
646000,0.556,0.005,0.439
646500,0.541,0.009,0.450
647000,0.558,0.009,0.433
647500,0.551,0.012,0.437
648000,0.533,0.006,0.461
648500,0.572,0.011,0.417
649000,0.592,0.010,0.398
649500,0.573,0.003,0.424
650000,0.577,0.007,0.416
650500,0.540,0.007,0.453
651000,0.544,0.006,0.450
651500,0.528,0.004,0.468
652000,0.562,0.005,0.433
652500,0.539,0.016,0.445
653000,0.546,0.010,0.444
653500,0.539,0.002,0.459
654000,0.474,0.019,0.507
654500,0.526,0.019,0.455
655000,0.484,0.030,0.486
655500,0.483,0.015,0.502
656000,0.513,0.011,0.476
656500,0.487,0.011,0.502
657000,0.515,0.013,0.472
657500,0.552,0.011,0.437
658000,0.553,0.015,0.432
658500,0.583,0.008,0.409
659000,0.589,0.009,0.402
659500,0.585,0.010,0.405
660000,0.581,0.007,0.412
660500,0.580,0.005,0.415
661000,0.567,0.007,0.426
661500,0.542,0.008,0.450
662000,0.491,0.005,0.504
662500,0.504,0.004,0.492
663000,0.543,0.015,0.442
663500,0.585,0.009,0.406
664000,0.600,0.006,0.394
664500,0.582,0.003,0.415
665000,0.567,0.008,0.425
665500,0.584,0.004,0.412
666000,0.617,0.002,0.381
666500,0.607,0.004,0.389
667000,0.572,0.004,0.424
667500,0.547,0.006,0.447
668000,0.581,0.014,0.405
668500,0.574,0.015,0.411
669000,0.560,0.008,0.432
669500,0.546,0.009,0.445
670000,0.562,0.007,0.431
670500,0.573,0.015,0.412
671000,0.580,0.008,0.412
671500,0.586,0.004,0.410
672000,0.588,0.007,0.405
672500,0.574,0.004,0.422
673000,0.540,0.006,0.454
673500,0.527,0.013,0.460
674000,0.554,0.003,0.443
674500,0.580,0.005,0.415
675000,0.555,0.010,0.435
675500,0.580,0.005,0.415
676000,0.572,0.007,0.421
676500,0.577,0.008,0.415
677000,0.595,0.013,0.392
677500,0.565,0.006,0.429
678000,0.571,0.005,0.424
678500,0.552,0.006,0.442
679000,0.618,0.004,0.378
679500,0.605,0.004,0.391
680000,0.616,0.005,0.379
680500,0.563,0.005,0.432
681000,0.562,0.009,0.429
681500,0.532,0.013,0.455
682000,0.555,0.010,0.435
682500,0.572,0.010,0.418
683000,0.550,0.010,0.440
683500,0.559,0.006,0.435
684000,0.569,0.010,0.421
684500,0.506,0.012,0.482
685000,0.550,0.015,0.435
685500,0.581,0.016,0.403
686000,0.595,0.009,0.396
686500,0.597,0.007,0.396
687000,0.570,0.008,0.422
687500,0.552,0.012,0.436
688000,0.597,0.015,0.388
688500,0.621,0.008,0.371
689000,0.599,0.004,0.397
689500,0.610,0.005,0.385
690000,0.581,0.007,0.412
690500,0.548,0.004,0.448
691000,0.633,0.002,0.365
691500,0.633,0.002,0.365
692000,0.597,0.000,0.403
692500,0.648,0.003,0.349
693000,0.617,0.001,0.382
693500,0.626,0.002,0.372
694000,0.657,0.008,0.335
694500,0.635,0.003,0.362
695000,0.654,0.005,0.341
695500,0.638,0.002,0.360
696000,0.631,0.003,0.366
696500,0.634,0.004,0.362
697000,0.649,0.002,0.349
697500,0.637,0.002,0.361
698000,0.652,0.002,0.346
698500,0.612,0.004,0.384
699000,0.628,0.002,0.370
699500,0.623,0.003,0.374
700000,0.613,0.008,0.379
700500,0.587,0.010,0.403
701000,0.580,0.006,0.414
701500,0.582,0.003,0.415
702000,0.573,0.015,0.412
702500,0.536,0.004,0.460
703000,0.541,0.004,0.455
703500,0.543,0.007,0.450
704000,0.494,0.020,0.486
704500,0.471,0.021,0.508
705000,0.510,0.012,0.478
705500,0.467,0.019,0.514
706000,0.473,0.024,0.503
706500,0.472,0.021,0.507
707000,0.522,0.013,0.465
707500,0.527,0.011,0.462
708000,0.540,0.010,0.450
708500,0.529,0.022,0.449
709000,0.518,0.020,0.462
709500,0.521,0.016,0.463
710000,0.531,0.016,0.453
710500,0.509,0.009,0.482
711000,0.552,0.013,0.435
711500,0.573,0.009,0.418
712000,0.552,0.013,0.435
712500,0.591,0.013,0.396
713000,0.628,0.004,0.368
713500,0.597,0.003,0.400
714000,0.589,0.007,0.404
714500,0.602,0.008,0.390
715000,0.651,0.003,0.346
715500,0.597,0.003,0.400
716000,0.621,0.006,0.373
716500,0.597,0.008,0.395
717000,0.582,0.009,0.409
717500,0.601,0.001,0.398
718000,0.613,0.002,0.385
718500,0.618,0.002,0.380
719000,0.645,0.000,0.355
719500,0.644,0.000,0.356
720000,0.606,0.000,0.394
720500,0.632,0.003,0.365
721000,0.632,0.003,0.365
721500,0.659,0.001,0.340
722000,0.640,0.002,0.358
722500,0.655,0.000,0.345
723000,0.602,0.005,0.393
723500,0.566,0.006,0.428
724000,0.580,0.004,0.416
724500,0.593,0.003,0.404
725000,0.594,0.001,0.405
725500,0.589,0.010,0.401
726000,0.626,0.009,0.365
726500,0.648,0.004,0.348
727000,0.606,0.005,0.389
727500,0.608,0.003,0.389
728000,0.654,0.004,0.342
728500,0.659,0.005,0.336
729000,0.648,0.006,0.346
729500,0.635,0.009,0.356
730000,0.645,0.006,0.349
730500,0.647,0.002,0.351
731000,0.611,0.002,0.387
731500,0.611,0.003,0.386
732000,0.581,0.012,0.407
732500,0.613,0.003,0.384
733000,0.580,0.009,0.411
733500,0.556,0.007,0.437
734000,0.604,0.005,0.391
734500,0.616,0.004,0.380
735000,0.609,0.004,0.387
735500,0.636,0.009,0.355
736000,0.623,0.003,0.374
736500,0.628,0.001,0.371
737000,0.629,0.004,0.367
737500,0.655,0.003,0.342
738000,0.607,0.004,0.389
738500,0.580,0.004,0.416
739000,0.581,0.005,0.414
739500,0.619,0.007,0.374
740000,0.601,0.006,0.393
740500,0.620,0.005,0.375
741000,0.601,0.003,0.396
741500,0.601,0.007,0.392
742000,0.593,0.015,0.392
742500,0.597,0.011,0.392
743000,0.569,0.007,0.424
743500,0.588,0.006,0.406
744000,0.560,0.003,0.437
744500,0.587,0.007,0.406
745000,0.612,0.014,0.374
745500,0.595,0.004,0.401
746000,0.648,0.011,0.341
746500,0.675,0.007,0.318
747000,0.664,0.006,0.330
747500,0.662,0.003,0.335
748000,0.658,0.003,0.339
748500,0.655,0.003,0.342
749000,0.648,0.003,0.349
749500,0.644,0.012,0.344
750000,0.651,0.004,0.345
750500,0.664,0.005,0.331
751000,0.652,0.004,0.344
751500,0.660,0.009,0.331
752000,0.666,0.002,0.332
752500,0.695,0.001,0.304
753000,0.753,0.000,0.247
753500,0.766,0.000,0.234
754000,0.747,0.000,0.253
754500,0.712,0.001,0.287
755000,0.697,0.005,0.298
755500,0.663,0.005,0.332
756000,0.655,0.005,0.340
756500,0.660,0.004,0.336
757000,0.683,0.004,0.313
757500,0.655,0.009,0.336
758000,0.613,0.004,0.383
758500,0.632,0.002,0.366
759000,0.645,0.008,0.347
759500,0.634,0.006,0.360
760000,0.610,0.001,0.389
760500,0.608,0.001,0.391
761000,0.568,0.005,0.427
761500,0.583,0.016,0.401
762000,0.600,0.005,0.395
762500,0.671,0.002,0.327
763000,0.665,0.002,0.333
763500,0.661,0.000,0.339
764000,0.649,0.003,0.348
764500,0.666,0.001,0.333
765000,0.616,0.004,0.380
765500,0.610,0.003,0.387
766000,0.606,0.002,0.392
766500,0.626,0.000,0.374
767000,0.621,0.007,0.372
767500,0.607,0.007,0.386
768000,0.653,0.004,0.343
768500,0.630,0.001,0.369
769000,0.602,0.000,0.398
769500,0.619,0.006,0.375
770000,0.603,0.005,0.392
770500,0.619,0.004,0.377
771000,0.608,0.003,0.389
771500,0.606,0.004,0.390
772000,0.596,0.006,0.398
772500,0.626,0.001,0.373
773000,0.628,0.000,0.372
773500,0.652,0.003,0.345
774000,0.663,0.002,0.335
774500,0.632,0.002,0.366
775000,0.627,0.009,0.364
775500,0.611,0.005,0.384
776000,0.623,0.000,0.377
776500,0.619,0.012,0.369
777000,0.645,0.000,0.355
777500,0.632,0.004,0.364
778000,0.609,0.009,0.382
778500,0.605,0.011,0.384
779000,0.577,0.005,0.418
779500,0.609,0.007,0.384
780000,0.605,0.004,0.391
780500,0.624,0.004,0.372
781000,0.611,0.002,0.387
781500,0.591,0.002,0.407
782000,0.616,0.005,0.379
782500,0.610,0.005,0.385
783000,0.578,0.002,0.420
783500,0.586,0.004,0.410
784000,0.581,0.005,0.414
784500,0.597,0.004,0.399
785000,0.659,0.002,0.339
785500,0.657,0.006,0.337
786000,0.648,0.007,0.345
786500,0.646,0.006,0.348
787000,0.606,0.003,0.391
787500,0.602,0.006,0.392
788000,0.620,0.003,0.377
788500,0.594,0.001,0.405
789000,0.561,0.001,0.438
789500,0.614,0.004,0.382
790000,0.578,0.012,0.410
790500,0.577,0.004,0.419
791000,0.550,0.016,0.434
791500,0.562,0.005,0.433
792000,0.570,0.003,0.427
792500,0.539,0.011,0.450
793000,0.557,0.012,0.431
793500,0.566,0.018,0.416
794000,0.553,0.011,0.436
794500,0.564,0.009,0.427
795000,0.612,0.009,0.379
795500,0.617,0.004,0.379
796000,0.578,0.010,0.412
796500,0.627,0.015,0.358
797000,0.619,0.010,0.371
797500,0.635,0.003,0.362
798000,0.595,0.008,0.397
798500,0.584,0.009,0.407
799000,0.572,0.009,0.419
799500,0.572,0.007,0.421
800000,0.557,0.017,0.426
800500,0.568,0.012,0.420
801000,0.511,0.019,0.470
801500,0.544,0.009,0.447
802000,0.551,0.010,0.439
802500,0.525,0.006,0.469
803000,0.551,0.008,0.441
803500,0.564,0.007,0.429
