time,n_A+p,n_B,n_AB
500,0.030,0.945,0.025
1000,0.030,0.919,0.051
1500,0.030,0.894,0.076
2000,0.030,0.874,0.096
2500,0.030,0.822,0.148
3000,0.030,0.792,0.178
3500,0.030,0.763,0.207
4000,0.030,0.725,0.245
4500,0.030,0.703,0.267
5000,0.030,0.664,0.305
5500,0.034,0.613,0.354
6000,0.034,0.562,0.403
6500,0.034,0.521,0.446
7000,0.036,0.495,0.469
7500,0.041,0.470,0.490
8000,0.042,0.441,0.518
8500,0.052,0.450,0.497
9000,0.060,0.418,0.522
9500,0.062,0.398,0.539
10000,0.068,0.383,0.550
10500,0.071,0.360,0.569
11000,0.082,0.342,0.577
11500,0.077,0.305,0.618
12000,0.093,0.289,0.618
12500,0.100,0.274,0.627
13000,0.118,0.245,0.637
13500,0.118,0.240,0.642
14000,0.121,0.228,0.651
14500,0.108,0.238,0.653
15000,0.116,0.230,0.654
15500,0.118,0.236,0.646
16000,0.128,0.218,0.653
16500,0.128,0.205,0.667
17000,0.134,0.207,0.659
17500,0.152,0.196,0.652
18000,0.169,0.174,0.657
18500,0.166,0.177,0.656
19000,0.192,0.171,0.637
19500,0.190,0.161,0.649
20000,0.191,0.157,0.652
20500,0.211,0.153,0.635
21000,0.214,0.144,0.642
21500,0.197,0.157,0.646
22000,0.200,0.152,0.648
22500,0.207,0.145,0.647
23000,0.197,0.144,0.659
23500,0.225,0.154,0.621
24000,0.207,0.135,0.659
24500,0.234,0.107,0.659
25000,0.253,0.111,0.637
25500,0.241,0.089,0.669
26000,0.262,0.102,0.636
26500,0.278,0.095,0.628
27000,0.287,0.093,0.620
27500,0.299,0.087,0.614
28000,0.310,0.080,0.610
28500,0.303,0.078,0.619
29000,0.286,0.068,0.646
29500,0.314,0.052,0.634
30000,0.324,0.050,0.627
30500,0.336,0.054,0.610
31000,0.323,0.053,0.624
31500,0.338,0.068,0.595
32000,0.340,0.070,0.590
32500,0.331,0.056,0.613
33000,0.333,0.051,0.617
33500,0.374,0.043,0.583
34000,0.365,0.046,0.589
34500,0.380,0.049,0.572
35000,0.413,0.042,0.544
35500,0.400,0.036,0.565
36000,0.403,0.029,0.569
36500,0.416,0.028,0.557
37000,0.424,0.023,0.553
37500,0.454,0.026,0.520
38000,0.457,0.022,0.521
38500,0.462,0.025,0.513
39000,0.455,0.018,0.527
39500,0.436,0.022,0.541
40000,0.443,0.021,0.536
40500,0.440,0.023,0.537
41000,0.421,0.028,0.551
41500,0.421,0.021,0.558
42000,0.450,0.024,0.526
42500,0.459,0.021,0.519
43000,0.463,0.025,0.513
43500,0.445,0.027,0.528
44000,0.460,0.024,0.517
44500,0.459,0.026,0.515
45000,0.469,0.017,0.514
45500,0.473,0.021,0.506
46000,0.487,0.022,0.491
46500,0.490,0.021,0.489
47000,0.483,0.015,0.501
47500,0.496,0.015,0.489
48000,0.501,0.022,0.477
48500,0.503,0.019,0.478
49000,0.484,0.019,0.496
49500,0.482,0.016,0.502
50000,0.462,0.021,0.517
50500,0.442,0.025,0.533
51000,0.440,0.021,0.540
51500,0.433,0.023,0.543
52000,0.441,0.022,0.537
52500,0.460,0.017,0.524
53000,0.460,0.022,0.518
53500,0.452,0.025,0.524
54000,0.469,0.024,0.508
54500,0.476,0.017,0.507
55000,0.470,0.019,0.510
55500,0.505,0.017,0.478
56000,0.501,0.016,0.483
56500,0.493,0.017,0.490
57000,0.466,0.021,0.513
57500,0.470,0.019,0.511
58000,0.469,0.015,0.516
58500,0.467,0.013,0.519
59000,0.478,0.021,0.502
59500,0.470,0.024,0.506
60000,0.470,0.017,0.513
60500,0.461,0.018,0.521
61000,0.469,0.022,0.508
61500,0.457,0.027,0.516
62000,0.440,0.026,0.534
62500,0.434,0.033,0.532
63000,0.423,0.028,0.549
63500,0.434,0.021,0.544
64000,0.424,0.025,0.552
64500,0.441,0.033,0.526
65000,0.457,0.026,0.516
65500,0.469,0.022,0.508
66000,0.484,0.018,0.498
66500,0.476,0.018,0.506
67000,0.493,0.019,0.487
67500,0.504,0.014,0.482
68000,0.515,0.015,0.470
68500,0.504,0.017,0.479
69000,0.530,0.011,0.459
69500,0.522,0.013,0.465
70000,0.504,0.009,0.486
70500,0.513,0.012,0.475
71000,0.520,0.013,0.467
71500,0.511,0.011,0.478
72000,0.490,0.009,0.501
72500,0.488,0.007,0.505
73000,0.495,0.009,0.496
73500,0.472,0.013,0.515
74000,0.466,0.013,0.522
74500,0.462,0.013,0.525
75000,0.457,0.022,0.521
75500,0.444,0.025,0.531
76000,0.437,0.028,0.535
76500,0.441,0.037,0.522
77000,0.434,0.031,0.535
77500,0.410,0.025,0.564
78000,0.435,0.024,0.540
78500,0.448,0.035,0.517
79000,0.448,0.031,0.521
79500,0.453,0.029,0.518
80000,0.448,0.032,0.520
80500,0.425,0.030,0.545
81000,0.423,0.031,0.545
81500,0.411,0.032,0.557
82000,0.398,0.036,0.566
82500,0.392,0.038,0.571
83000,0.411,0.035,0.553
83500,0.410,0.041,0.550
84000,0.408,0.033,0.560
84500,0.414,0.030,0.555
85000,0.408,0.039,0.553
85500,0.418,0.039,0.542
86000,0.417,0.036,0.546
86500,0.412,0.028,0.561
87000,0.430,0.030,0.540
87500,0.435,0.033,0.532
88000,0.431,0.033,0.536
88500,0.424,0.032,0.543
89000,0.426,0.031,0.543
89500,0.425,0.032,0.542
90000,0.445,0.034,0.521
90500,0.450,0.031,0.519
91000,0.427,0.029,0.544
91500,0.441,0.030,0.529
92000,0.449,0.030,0.520
92500,0.436,0.026,0.537
93000,0.448,0.025,0.527
93500,0.433,0.021,0.545
94000,0.438,0.022,0.540
94500,0.431,0.025,0.544
95000,0.414,0.025,0.561
95500,0.415,0.022,0.563
96000,0.420,0.023,0.556
96500,0.419,0.022,0.558
97000,0.415,0.028,0.556
97500,0.420,0.032,0.548
98000,0.423,0.025,0.551
98500,0.428,0.033,0.539
99000,0.401,0.032,0.568
99500,0.415,0.026,0.558
100000,0.410,0.037,0.552
100500,0.443,0.042,0.515
101000,0.440,0.037,0.523
101500,0.428,0.034,0.539
102000,0.438,0.036,0.526
102500,0.418,0.035,0.547
103000,0.408,0.026,0.566
103500,0.407,0.029,0.564
104000,0.416,0.034,0.550
104500,0.410,0.031,0.558
105000,0.408,0.029,0.562
105500,0.421,0.034,0.545
106000,0.417,0.026,0.556
106500,0.431,0.024,0.545
107000,0.421,0.023,0.555
107500,0.421,0.036,0.542
108000,0.443,0.031,0.526
108500,0.434,0.022,0.543
109000,0.449,0.030,0.521
109500,0.438,0.033,0.530
110000,0.442,0.025,0.533
110500,0.419,0.028,0.552
111000,0.426,0.026,0.547
111500,0.438,0.029,0.534
112000,0.458,0.026,0.516
112500,0.472,0.018,0.509
113000,0.460,0.024,0.517
113500,0.462,0.015,0.523
114000,0.446,0.021,0.534
114500,0.442,0.021,0.538
115000,0.447,0.018,0.535
115500,0.448,0.018,0.534
116000,0.459,0.020,0.521
116500,0.467,0.021,0.511
117000,0.479,0.017,0.504
117500,0.459,0.020,0.521
118000,0.474,0.019,0.507
118500,0.508,0.017,0.475
119000,0.489,0.013,0.498
119500,0.471,0.014,0.515
120000,0.463,0.013,0.524
120500,0.465,0.018,0.516
121000,0.458,0.016,0.526
121500,0.455,0.021,0.525
122000,0.441,0.029,0.531
122500,0.433,0.030,0.536
123000,0.430,0.024,0.546
123500,0.434,0.018,0.547
124000,0.430,0.022,0.548
124500,0.410,0.025,0.565
125000,0.411,0.030,0.558
125500,0.394,0.036,0.570
126000,0.413,0.036,0.550
126500,0.425,0.026,0.548
127000,0.425,0.021,0.553
127500,0.426,0.024,0.551
128000,0.450,0.029,0.522
128500,0.441,0.025,0.534
129000,0.450,0.024,0.527
129500,0.444,0.025,0.531
130000,0.434,0.025,0.541
130500,0.424,0.021,0.554
131000,0.433,0.021,0.546
131500,0.431,0.024,0.544
132000,0.452,0.024,0.525
132500,0.451,0.030,0.519
133000,0.423,0.027,0.549
133500,0.422,0.032,0.546
134000,0.422,0.032,0.545
134500,0.416,0.032,0.552
135000,0.425,0.036,0.538
135500,0.432,0.036,0.532
136000,0.458,0.029,0.513
136500,0.448,0.025,0.527
137000,0.456,0.029,0.516
137500,0.441,0.021,0.538
138000,0.452,0.027,0.521
138500,0.438,0.027,0.535
139000,0.416,0.016,0.568
139500,0.434,0.018,0.547
140000,0.427,0.019,0.553
140500,0.428,0.021,0.551
141000,0.429,0.018,0.552
141500,0.446,0.022,0.532
142000,0.436,0.020,0.544
142500,0.437,0.033,0.530
143000,0.437,0.032,0.531
143500,0.442,0.032,0.526
144000,0.421,0.025,0.553
144500,0.402,0.039,0.559
145000,0.397,0.033,0.570
145500,0.397,0.035,0.568
146000,0.402,0.034,0.565
146500,0.426,0.033,0.541
147000,0.419,0.032,0.549
147500,0.431,0.027,0.541
148000,0.436,0.024,0.540
148500,0.420,0.023,0.557
149000,0.409,0.032,0.559
149500,0.422,0.025,0.554
150000,0.409,0.023,0.568
150500,0.425,0.029,0.545
151000,0.442,0.035,0.523
151500,0.439,0.040,0.521
152000,0.445,0.029,0.526
152500,0.455,0.026,0.519
153000,0.440,0.023,0.537
153500,0.466,0.024,0.510
154000,0.458,0.018,0.524
154500,0.467,0.016,0.517
155000,0.468,0.015,0.517
155500,0.467,0.019,0.514
156000,0.473,0.015,0.511
156500,0.478,0.013,0.509
157000,0.488,0.014,0.498
157500,0.512,0.013,0.475
158000,0.501,0.023,0.476
158500,0.505,0.015,0.479
159000,0.494,0.017,0.489
159500,0.463,0.021,0.516
160000,0.461,0.022,0.517
160500,0.456,0.033,0.512
161000,0.450,0.023,0.527
161500,0.466,0.022,0.512
162000,0.468,0.018,0.514
162500,0.448,0.018,0.534
163000,0.459,0.024,0.517
163500,0.465,0.027,0.508
164000,0.477,0.028,0.494
164500,0.464,0.024,0.513
165000,0.440,0.018,0.542
165500,0.425,0.013,0.561
166000,0.420,0.016,0.564
166500,0.430,0.026,0.544
167000,0.430,0.033,0.538
167500,0.458,0.028,0.514
168000,0.458,0.032,0.511
168500,0.475,0.030,0.495
169000,0.481,0.029,0.490
169500,0.456,0.023,0.521
170000,0.448,0.028,0.524
170500,0.458,0.025,0.518
171000,0.440,0.024,0.537
171500,0.449,0.024,0.527
172000,0.425,0.032,0.542
172500,0.422,0.035,0.543
173000,0.423,0.032,0.544
173500,0.426,0.034,0.539
174000,0.417,0.025,0.558
174500,0.420,0.021,0.559
175000,0.439,0.027,0.534
175500,0.452,0.015,0.533
176000,0.443,0.017,0.541
176500,0.465,0.019,0.516
177000,0.471,0.017,0.512
177500,0.473,0.015,0.512
178000,0.480,0.011,0.509
178500,0.496,0.006,0.497
179000,0.520,0.004,0.475
179500,0.529,0.005,0.466
180000,0.530,0.011,0.459
180500,0.514,0.017,0.469
181000,0.509,0.016,0.475
181500,0.517,0.017,0.466
182000,0.492,0.015,0.493
182500,0.504,0.013,0.483
183000,0.514,0.023,0.463
183500,0.515,0.018,0.467
184000,0.506,0.015,0.478
184500,0.505,0.011,0.483
185000,0.500,0.015,0.484
185500,0.501,0.012,0.487
186000,0.490,0.013,0.497
186500,0.481,0.007,0.511
187000,0.462,0.013,0.525
187500,0.484,0.015,0.501
188000,0.491,0.018,0.491
188500,0.494,0.010,0.496
189000,0.473,0.015,0.511
189500,0.468,0.015,0.517
190000,0.462,0.013,0.525
190500,0.443,0.021,0.536
191000,0.452,0.023,0.525
191500,0.456,0.026,0.518
192000,0.459,0.015,0.526
192500,0.442,0.011,0.547
193000,0.468,0.015,0.517
193500,0.460,0.013,0.527
194000,0.467,0.013,0.520
194500,0.468,0.025,0.507
195000,0.472,0.023,0.505
195500,0.461,0.020,0.519
196000,0.447,0.025,0.527
196500,0.436,0.024,0.539
197000,0.426,0.029,0.544
197500,0.466,0.017,0.518
198000,0.457,0.014,0.529
198500,0.470,0.015,0.515
199000,0.472,0.021,0.506
199500,0.471,0.018,0.512
200000,0.473,0.028,0.498
200500,0.463,0.026,0.511
201000,0.455,0.017,0.528
201500,0.463,0.020,0.517
202000,0.450,0.029,0.521
202500,0.442,0.020,0.538
203000,0.432,0.018,0.551
203500,0.420,0.019,0.560
204000,0.439,0.024,0.537
204500,0.441,0.022,0.536
205000,0.463,0.029,0.509
205500,0.429,0.028,0.543
206000,0.425,0.026,0.548
206500,0.435,0.025,0.540
207000,0.442,0.026,0.532
207500,0.419,0.019,0.561
208000,0.427,0.033,0.540
208500,0.421,0.028,0.550
209000,0.423,0.025,0.551
209500,0.409,0.038,0.553
210000,0.421,0.036,0.542
210500,0.402,0.036,0.562
211000,0.399,0.032,0.569
211500,0.393,0.033,0.575
212000,0.392,0.033,0.576
212500,0.387,0.028,0.585
213000,0.367,0.030,0.603
213500,0.371,0.033,0.596
214000,0.377,0.037,0.586
214500,0.380,0.047,0.574
215000,0.374,0.043,0.582
215500,0.380,0.034,0.587
216000,0.410,0.032,0.559
216500,0.420,0.034,0.545
217000,0.419,0.035,0.546
217500,0.411,0.030,0.558
218000,0.411,0.026,0.562
218500,0.414,0.030,0.556
219000,0.436,0.026,0.537
219500,0.453,0.021,0.526
220000,0.433,0.039,0.527
220500,0.428,0.032,0.539
221000,0.423,0.034,0.543
221500,0.410,0.028,0.563
222000,0.417,0.029,0.553
222500,0.425,0.032,0.543
223000,0.423,0.033,0.544
223500,0.438,0.032,0.531
224000,0.413,0.025,0.561
224500,0.413,0.025,0.562
225000,0.412,0.034,0.554
225500,0.399,0.035,0.566
226000,0.387,0.037,0.576
226500,0.397,0.037,0.566
227000,0.417,0.032,0.551
227500,0.413,0.033,0.553
228000,0.391,0.038,0.571
228500,0.385,0.036,0.579
229000,0.395,0.034,0.571
229500,0.395,0.035,0.571
230000,0.414,0.029,0.556
230500,0.429,0.025,0.545
231000,0.435,0.025,0.540
231500,0.452,0.025,0.524
232000,0.454,0.021,0.526
232500,0.464,0.021,0.516
233000,0.474,0.028,0.498
233500,0.466,0.019,0.515
234000,0.449,0.022,0.529
234500,0.465,0.023,0.512
235000,0.462,0.015,0.523
235500,0.474,0.017,0.509
236000,0.457,0.017,0.526
236500,0.463,0.022,0.515
237000,0.454,0.023,0.523
237500,0.438,0.034,0.528
238000,0.434,0.029,0.536
238500,0.434,0.024,0.543
239000,0.442,0.029,0.529
239500,0.458,0.032,0.510
240000,0.456,0.029,0.516
240500,0.472,0.022,0.506
241000,0.479,0.024,0.497
241500,0.478,0.020,0.502
242000,0.477,0.022,0.501
242500,0.459,0.018,0.524
243000,0.457,0.013,0.529
243500,0.461,0.015,0.525
244000,0.463,0.020,0.517
244500,0.488,0.020,0.492
245000,0.483,0.021,0.496
245500,0.466,0.025,0.509
246000,0.456,0.023,0.521
246500,0.471,0.026,0.502
247000,0.442,0.021,0.537
247500,0.462,0.022,0.516
248000,0.466,0.015,0.520
248500,0.463,0.018,0.519
249000,0.466,0.022,0.512
249500,0.451,0.021,0.528
250000,0.434,0.020,0.545
250500,0.408,0.032,0.560
251000,0.410,0.032,0.559
251500,0.426,0.035,0.540
252000,0.426,0.029,0.545
252500,0.439,0.025,0.536
253000,0.466,0.029,0.505
253500,0.468,0.023,0.509
254000,0.472,0.012,0.516
254500,0.468,0.011,0.521
255000,0.468,0.011,0.521
255500,0.485,0.011,0.504
256000,0.461,0.011,0.529
256500,0.483,0.007,0.510
257000,0.507,0.013,0.479
257500,0.490,0.017,0.493
258000,0.487,0.017,0.496
258500,0.474,0.023,0.503
259000,0.474,0.020,0.506
259500,0.477,0.029,0.494
260000,0.487,0.019,0.493
260500,0.472,0.016,0.512
261000,0.477,0.011,0.511
261500,0.475,0.018,0.507
262000,0.468,0.018,0.514
262500,0.491,0.015,0.494
263000,0.504,0.018,0.478
263500,0.477,0.015,0.508
264000,0.456,0.019,0.525
264500,0.449,0.017,0.535
265000,0.461,0.025,0.514
265500,0.469,0.011,0.520
266000,0.502,0.018,0.480
266500,0.484,0.013,0.503
267000,0.470,0.017,0.514
267500,0.472,0.015,0.513
268000,0.457,0.018,0.525
268500,0.465,0.026,0.509
269000,0.481,0.023,0.496
269500,0.468,0.033,0.499
270000,0.478,0.021,0.501
270500,0.471,0.023,0.506
271000,0.454,0.024,0.523
271500,0.450,0.023,0.527
272000,0.462,0.024,0.514
272500,0.461,0.033,0.507
273000,0.472,0.023,0.505
273500,0.462,0.018,0.520
274000,0.491,0.019,0.489
274500,0.499,0.012,0.489
275000,0.509,0.018,0.473
275500,0.515,0.018,0.467
276000,0.508,0.011,0.481
276500,0.503,0.009,0.488
277000,0.515,0.009,0.476
277500,0.537,0.012,0.451
278000,0.538,0.006,0.456
278500,0.511,0.014,0.475
279000,0.494,0.017,0.489
279500,0.484,0.014,0.502
280000,0.475,0.011,0.515
280500,0.448,0.021,0.531
281000,0.459,0.017,0.524
281500,0.453,0.019,0.528
282000,0.457,0.023,0.520
282500,0.459,0.025,0.516
283000,0.453,0.021,0.526
283500,0.452,0.021,0.527
284000,0.446,0.025,0.530
284500,0.448,0.029,0.524
285000,0.439,0.027,0.534
285500,0.446,0.029,0.526
286000,0.456,0.038,0.506
286500,0.456,0.022,0.522
287000,0.433,0.029,0.537
287500,0.455,0.029,0.516
288000,0.462,0.026,0.512
288500,0.447,0.037,0.516
289000,0.413,0.040,0.547
289500,0.393,0.029,0.579
290000,0.404,0.032,0.564
290500,0.405,0.027,0.568
291000,0.398,0.026,0.576
291500,0.396,0.035,0.570
292000,0.371,0.033,0.596
292500,0.365,0.040,0.596
293000,0.372,0.051,0.577
293500,0.379,0.053,0.568
294000,0.388,0.062,0.550
294500,0.390,0.051,0.560
295000,0.399,0.051,0.550
295500,0.377,0.045,0.578
296000,0.380,0.052,0.568
296500,0.382,0.053,0.565
297000,0.386,0.053,0.561
297500,0.360,0.045,0.595
298000,0.349,0.045,0.606
298500,0.354,0.056,0.590
299000,0.348,0.048,0.604
299500,0.336,0.057,0.607
300000,0.356,0.051,0.594
300500,0.371,0.045,0.584
301000,0.380,0.043,0.578
301500,0.381,0.042,0.578
302000,0.375,0.048,0.577
302500,0.385,0.049,0.566
303000,0.374,0.051,0.574
303500,0.369,0.055,0.576
304000,0.369,0.049,0.582
304500,0.380,0.043,0.577
305000,0.391,0.038,0.571
305500,0.389,0.040,0.572
306000,0.398,0.045,0.556
306500,0.414,0.047,0.538
307000,0.398,0.039,0.564
307500,0.393,0.036,0.571
308000,0.384,0.034,0.582
308500,0.396,0.037,0.567
309000,0.416,0.035,0.548
309500,0.435,0.040,0.525
310000,0.450,0.034,0.517
310500,0.463,0.038,0.499
311000,0.441,0.035,0.523
311500,0.442,0.035,0.523
312000,0.421,0.029,0.550
312500,0.426,0.032,0.542
313000,0.436,0.032,0.532
313500,0.443,0.035,0.521
314000,0.431,0.028,0.540
314500,0.428,0.025,0.548
315000,0.435,0.015,0.549
315500,0.450,0.019,0.531
316000,0.452,0.017,0.532
316500,0.451,0.018,0.531
317000,0.474,0.015,0.511
317500,0.480,0.013,0.507
318000,0.487,0.015,0.498
318500,0.459,0.015,0.526
319000,0.478,0.011,0.510
319500,0.507,0.019,0.474
320000,0.515,0.014,0.471
320500,0.512,0.013,0.475
321000,0.500,0.017,0.483
321500,0.489,0.017,0.494
322000,0.469,0.027,0.503
322500,0.479,0.030,0.490
323000,0.448,0.032,0.521
323500,0.481,0.024,0.494
324000,0.481,0.017,0.501
324500,0.461,0.017,0.522
325000,0.473,0.015,0.511
325500,0.468,0.019,0.513
326000,0.440,0.026,0.534
326500,0.440,0.028,0.533
327000,0.421,0.033,0.546
327500,0.435,0.023,0.542
328000,0.444,0.025,0.531
328500,0.458,0.021,0.521
329000,0.465,0.029,0.506
329500,0.449,0.025,0.527
330000,0.445,0.029,0.525
330500,0.440,0.024,0.536
331000,0.445,0.029,0.525
331500,0.443,0.027,0.530
332000,0.446,0.021,0.534
332500,0.447,0.021,0.533
333000,0.448,0.021,0.532
333500,0.430,0.026,0.544
334000,0.419,0.025,0.555
334500,0.434,0.024,0.542
335000,0.440,0.028,0.533
335500,0.455,0.025,0.519
336000,0.453,0.019,0.527
336500,0.439,0.024,0.537
337000,0.444,0.026,0.530
337500,0.440,0.028,0.532
338000,0.422,0.019,0.558
338500,0.418,0.034,0.547
339000,0.403,0.029,0.568
339500,0.418,0.027,0.554
340000,0.431,0.024,0.545
340500,0.463,0.023,0.514
341000,0.479,0.026,0.495
341500,0.468,0.014,0.518
342000,0.464,0.019,0.517
342500,0.433,0.027,0.539
343000,0.432,0.024,0.545
343500,0.424,0.025,0.551
344000,0.413,0.029,0.558
344500,0.399,0.032,0.570
345000,0.401,0.041,0.558
345500,0.394,0.039,0.568
346000,0.398,0.041,0.561
346500,0.390,0.044,0.566
347000,0.411,0.042,0.547
347500,0.414,0.035,0.552
348000,0.384,0.030,0.586
348500,0.392,0.041,0.567
349000,0.393,0.041,0.566
349500,0.382,0.045,0.574
350000,0.400,0.045,0.555
350500,0.392,0.038,0.570
351000,0.395,0.035,0.570
351500,0.376,0.038,0.586
352000,0.384,0.038,0.579
352500,0.403,0.034,0.564
353000,0.410,0.033,0.557
353500,0.402,0.032,0.567
354000,0.422,0.035,0.542
354500,0.455,0.028,0.518
355000,0.442,0.024,0.534
355500,0.446,0.032,0.522
356000,0.433,0.031,0.535
356500,0.415,0.029,0.556
357000,0.415,0.026,0.558
357500,0.394,0.026,0.581
358000,0.401,0.018,0.581
358500,0.412,0.021,0.567
359000,0.415,0.016,0.569
359500,0.443,0.021,0.536
360000,0.457,0.017,0.526
360500,0.455,0.024,0.521
361000,0.456,0.029,0.515
361500,0.457,0.026,0.517
362000,0.453,0.028,0.520
362500,0.456,0.025,0.520
363000,0.453,0.022,0.525
363500,0.467,0.013,0.520
364000,0.463,0.018,0.520
364500,0.466,0.019,0.515
365000,0.472,0.019,0.509
365500,0.470,0.013,0.516
366000,0.477,0.022,0.501
366500,0.474,0.021,0.505
367000,0.475,0.018,0.507
367500,0.463,0.018,0.519
368000,0.462,0.015,0.523
368500,0.462,0.019,0.519
369000,0.443,0.019,0.537
369500,0.445,0.017,0.539
370000,0.453,0.017,0.531
370500,0.436,0.015,0.548
371000,0.439,0.026,0.535
371500,0.427,0.035,0.537
372000,0.418,0.033,0.549
372500,0.438,0.026,0.536
373000,0.419,0.034,0.547
373500,0.449,0.028,0.523
374000,0.445,0.029,0.526
374500,0.450,0.029,0.522
375000,0.450,0.026,0.524
375500,0.458,0.022,0.520
376000,0.450,0.019,0.531
376500,0.435,0.016,0.549
377000,0.446,0.020,0.534
377500,0.434,0.020,0.545
378000,0.439,0.019,0.541
378500,0.456,0.022,0.522
379000,0.464,0.027,0.509
379500,0.477,0.026,0.496
380000,0.471,0.033,0.495
380500,0.464,0.022,0.514
381000,0.468,0.022,0.510
381500,0.455,0.021,0.524
382000,0.454,0.028,0.519
382500,0.436,0.032,0.533
383000,0.429,0.037,0.533
383500,0.426,0.039,0.535
384000,0.410,0.044,0.546
384500,0.424,0.043,0.532
385000,0.424,0.045,0.530
385500,0.430,0.033,0.538
386000,0.423,0.028,0.549
386500,0.428,0.029,0.543
387000,0.426,0.027,0.546
387500,0.421,0.027,0.551
388000,0.420,0.021,0.560
388500,0.410,0.028,0.562
389000,0.400,0.035,0.566
389500,0.386,0.038,0.577
390000,0.370,0.040,0.591
390500,0.383,0.037,0.580
391000,0.385,0.039,0.576
391500,0.391,0.039,0.570
392000,0.395,0.035,0.571
392500,0.383,0.038,0.579
393000,0.391,0.044,0.565
393500,0.400,0.035,0.566
394000,0.391,0.042,0.568
394500,0.392,0.043,0.566
395000,0.394,0.037,0.569
395500,0.394,0.032,0.575
396000,0.381,0.026,0.593
396500,0.403,0.026,0.571
397000,0.418,0.024,0.558
397500,0.423,0.025,0.551
398000,0.429,0.026,0.545
398500,0.449,0.020,0.531
399000,0.456,0.022,0.522
399500,0.481,0.021,0.498
400000,0.453,0.025,0.523
400500,0.468,0.019,0.513
401000,0.481,0.019,0.500
401500,0.477,0.017,0.505
402000,0.491,0.016,0.493
402500,0.494,0.011,0.495
403000,0.494,0.018,0.488
403500,0.491,0.019,0.489
404000,0.515,0.012,0.473
404500,0.513,0.011,0.476
405000,0.515,0.013,0.472
405500,0.510,0.011,0.479
406000,0.505,0.009,0.486
406500,0.519,0.012,0.469
407000,0.535,0.007,0.458
407500,0.521,0.006,0.472
408000,0.506,0.013,0.481
408500,0.512,0.010,0.478
409000,0.513,0.008,0.479
409500,0.524,0.011,0.464
410000,0.484,0.015,0.501
410500,0.495,0.021,0.484
411000,0.486,0.020,0.494
411500,0.470,0.018,0.512
412000,0.473,0.015,0.511
412500,0.493,0.013,0.493
413000,0.452,0.022,0.526
413500,0.455,0.027,0.518
414000,0.467,0.020,0.513
414500,0.468,0.018,0.515
415000,0.465,0.019,0.516
415500,0.477,0.015,0.508
416000,0.479,0.017,0.504
416500,0.499,0.015,0.486
417000,0.489,0.013,0.497
417500,0.489,0.017,0.494
418000,0.491,0.022,0.487
418500,0.502,0.016,0.482
419000,0.480,0.009,0.511
419500,0.457,0.010,0.533
420000,0.455,0.010,0.535
420500,0.469,0.019,0.512
421000,0.479,0.026,0.495
421500,0.463,0.026,0.511
422000,0.457,0.021,0.523
422500,0.445,0.018,0.537
423000,0.441,0.028,0.531
423500,0.448,0.019,0.533
424000,0.433,0.027,0.540
424500,0.429,0.030,0.540
425000,0.431,0.035,0.534
425500,0.430,0.025,0.545
426000,0.433,0.036,0.530
426500,0.414,0.044,0.542
427000,0.401,0.037,0.562
427500,0.400,0.033,0.567
428000,0.393,0.036,0.571
428500,0.387,0.031,0.582
429000,0.385,0.026,0.589
429500,0.377,0.032,0.592
430000,0.376,0.029,0.595
430500,0.385,0.025,0.591
431000,0.381,0.027,0.592
431500,0.397,0.035,0.569
432000,0.404,0.030,0.566
432500,0.392,0.042,0.567
433000,0.376,0.036,0.588
433500,0.400,0.037,0.564
434000,0.415,0.041,0.544
434500,0.404,0.035,0.561
435000,0.445,0.030,0.525
435500,0.454,0.028,0.518
436000,0.434,0.028,0.538
436500,0.430,0.025,0.545
437000,0.421,0.029,0.549
437500,0.440,0.025,0.536
438000,0.442,0.028,0.531
438500,0.445,0.028,0.528
439000,0.448,0.024,0.529
439500,0.432,0.021,0.546
440000,0.438,0.021,0.541
440500,0.446,0.021,0.534
441000,0.458,0.025,0.518
441500,0.452,0.017,0.532
442000,0.454,0.022,0.524
442500,0.452,0.018,0.530
443000,0.454,0.017,0.530
443500,0.435,0.025,0.540
444000,0.447,0.028,0.526
444500,0.450,0.033,0.517
445000,0.464,0.028,0.509
445500,0.494,0.025,0.481
446000,0.485,0.019,0.495
446500,0.480,0.017,0.503
447000,0.441,0.021,0.538
447500,0.434,0.018,0.548
448000,0.440,0.011,0.550
448500,0.462,0.017,0.521
449000,0.471,0.016,0.512
449500,0.472,0.015,0.513
450000,0.470,0.022,0.508
450500,0.466,0.029,0.506
451000,0.459,0.025,0.516
451500,0.441,0.025,0.535
452000,0.449,0.023,0.528
452500,0.454,0.020,0.526
453000,0.423,0.021,0.555
453500,0.441,0.025,0.534
454000,0.420,0.028,0.552
454500,0.414,0.028,0.559
455000,0.442,0.030,0.528
455500,0.440,0.030,0.530
456000,0.462,0.025,0.513
456500,0.476,0.024,0.500
457000,0.447,0.021,0.531
457500,0.442,0.028,0.530
458000,0.416,0.026,0.557
458500,0.424,0.028,0.548
459000,0.420,0.022,0.557
459500,0.438,0.019,0.543
460000,0.453,0.013,0.534
460500,0.452,0.025,0.524
461000,0.442,0.021,0.537
461500,0.445,0.019,0.535
462000,0.447,0.016,0.537
462500,0.440,0.025,0.535
463000,0.419,0.025,0.556
463500,0.430,0.023,0.546
464000,0.452,0.027,0.521
464500,0.461,0.032,0.507
465000,0.450,0.034,0.517
465500,0.460,0.031,0.509
466000,0.451,0.022,0.527
466500,0.452,0.016,0.532
467000,0.453,0.021,0.526
467500,0.422,0.022,0.556
468000,0.432,0.019,0.548
468500,0.451,0.024,0.525
469000,0.442,0.017,0.541
469500,0.451,0.017,0.532
470000,0.438,0.018,0.544
470500,0.441,0.022,0.537
471000,0.446,0.025,0.530
471500,0.455,0.030,0.514
472000,0.443,0.035,0.521
472500,0.445,0.024,0.531
473000,0.431,0.027,0.542
473500,0.422,0.037,0.541
474000,0.436,0.037,0.526
474500,0.423,0.031,0.546
475000,0.432,0.032,0.535
475500,0.462,0.028,0.510
476000,0.456,0.025,0.519
476500,0.453,0.017,0.531
477000,0.464,0.022,0.514
477500,0.461,0.022,0.516
478000,0.449,0.035,0.516
478500,0.431,0.030,0.538
479000,0.450,0.026,0.524
479500,0.461,0.033,0.506
480000,0.444,0.026,0.530
480500,0.447,0.029,0.523
481000,0.449,0.026,0.525
481500,0.427,0.028,0.545
482000,0.407,0.028,0.565
482500,0.410,0.033,0.557
483000,0.400,0.028,0.573
483500,0.400,0.033,0.568
484000,0.403,0.029,0.569
484500,0.415,0.028,0.557
485000,0.423,0.037,0.540
485500,0.439,0.036,0.525
486000,0.431,0.025,0.543
486500,0.440,0.028,0.532
487000,0.435,0.029,0.536
487500,0.425,0.030,0.544
488000,0.426,0.035,0.539
488500,0.440,0.029,0.531
489000,0.450,0.025,0.525
489500,0.440,0.032,0.528
490000,0.429,0.024,0.547
490500,0.440,0.023,0.537
491000,0.407,0.024,0.569
491500,0.399,0.028,0.574
492000,0.408,0.038,0.554
492500,0.416,0.040,0.545
493000,0.398,0.038,0.564
493500,0.398,0.026,0.576
494000,0.392,0.036,0.572
494500,0.392,0.023,0.585
495000,0.406,0.025,0.569
495500,0.437,0.029,0.534
496000,0.440,0.026,0.534
496500,0.435,0.030,0.534
497000,0.432,0.029,0.538
497500,0.433,0.026,0.541
498000,0.423,0.015,0.561
498500,0.419,0.022,0.558
499000,0.404,0.026,0.570
499500,0.425,0.022,0.552
500000,0.422,0.023,0.554
500500,0.419,0.029,0.552
501000,0.417,0.035,0.548
501500,0.409,0.033,0.557
502000,0.412,0.028,0.560
502500,0.426,0.029,0.545
503000,0.424,0.027,0.548
503500,0.410,0.029,0.561
504000,0.415,0.033,0.552
504500,0.424,0.036,0.539
505000,0.434,0.026,0.539
505500,0.427,0.024,0.549
506000,0.412,0.032,0.555
506500,0.397,0.029,0.574
507000,0.404,0.026,0.570
507500,0.417,0.024,0.559
508000,0.403,0.025,0.572
508500,0.427,0.021,0.551
509000,0.446,0.028,0.527
509500,0.431,0.023,0.545
510000,0.421,0.022,0.556
510500,0.402,0.027,0.571
511000,0.418,0.040,0.541
511500,0.410,0.045,0.545
512000,0.410,0.029,0.561
512500,0.419,0.030,0.550
513000,0.433,0.024,0.543
513500,0.435,0.018,0.546
514000,0.434,0.022,0.543
514500,0.439,0.022,0.538
515000,0.456,0.022,0.522
515500,0.456,0.025,0.520
516000,0.455,0.028,0.517
516500,0.450,0.023,0.527
517000,0.463,0.020,0.517
517500,0.457,0.022,0.521
518000,0.442,0.021,0.538
518500,0.456,0.018,0.527
519000,0.462,0.019,0.519
519500,0.455,0.018,0.527
520000,0.445,0.015,0.539
520500,0.439,0.018,0.543
521000,0.423,0.026,0.551
521500,0.410,0.019,0.571
522000,0.413,0.030,0.556
522500,0.401,0.036,0.562
523000,0.391,0.028,0.581
523500,0.393,0.032,0.576
524000,0.383,0.026,0.591
524500,0.385,0.026,0.589
525000,0.382,0.033,0.585
525500,0.387,0.036,0.577
526000,0.391,0.037,0.572
526500,0.391,0.033,0.576
527000,0.427,0.022,0.551
527500,0.408,0.031,0.561
528000,0.399,0.031,0.570
528500,0.389,0.043,0.568
529000,0.385,0.042,0.574
529500,0.384,0.043,0.573
530000,0.353,0.040,0.607
530500,0.355,0.044,0.601
531000,0.365,0.041,0.594
531500,0.384,0.042,0.575
532000,0.361,0.051,0.588
532500,0.378,0.050,0.573
533000,0.376,0.051,0.574
533500,0.388,0.037,0.575
534000,0.367,0.039,0.594
534500,0.357,0.041,0.603
535000,0.355,0.046,0.599
535500,0.366,0.053,0.580
536000,0.342,0.057,0.602
536500,0.349,0.045,0.605
537000,0.360,0.059,0.582
537500,0.376,0.042,0.583
538000,0.352,0.045,0.602
538500,0.335,0.050,0.616
539000,0.337,0.048,0.615
539500,0.365,0.042,0.593
540000,0.363,0.049,0.589
540500,0.384,0.044,0.572
541000,0.393,0.030,0.577
541500,0.412,0.035,0.554
542000,0.405,0.035,0.559
542500,0.421,0.034,0.545
543000,0.438,0.036,0.526
543500,0.421,0.031,0.548
544000,0.423,0.029,0.547
544500,0.415,0.028,0.557
545000,0.431,0.021,0.547
545500,0.453,0.025,0.521
546000,0.451,0.033,0.516
546500,0.444,0.030,0.526
547000,0.439,0.030,0.531
547500,0.430,0.022,0.548
548000,0.439,0.022,0.539
548500,0.427,0.021,0.552
549000,0.428,0.022,0.549
549500,0.429,0.024,0.547
550000,0.431,0.022,0.546
550500,0.428,0.018,0.553
551000,0.434,0.017,0.549
551500,0.435,0.021,0.544
552000,0.454,0.021,0.525
552500,0.444,0.021,0.536
553000,0.448,0.019,0.533
553500,0.472,0.018,0.510
554000,0.455,0.021,0.524
554500,0.459,0.018,0.522
555000,0.470,0.009,0.520
555500,0.465,0.006,0.529
556000,0.461,0.010,0.529
556500,0.465,0.025,0.510
557000,0.450,0.021,0.529
557500,0.461,0.021,0.518
558000,0.455,0.024,0.522
558500,0.465,0.020,0.515
559000,0.460,0.025,0.515
559500,0.451,0.022,0.527
560000,0.439,0.021,0.540
560500,0.450,0.018,0.533
561000,0.446,0.021,0.534
561500,0.468,0.016,0.516
562000,0.480,0.013,0.506
562500,0.468,0.013,0.519
563000,0.500,0.015,0.484
563500,0.496,0.013,0.491
564000,0.485,0.017,0.498
564500,0.469,0.013,0.517
565000,0.473,0.009,0.518
565500,0.458,0.014,0.528
566000,0.464,0.025,0.511
566500,0.459,0.015,0.526
567000,0.457,0.012,0.531
567500,0.453,0.019,0.528
568000,0.459,0.029,0.512
568500,0.450,0.030,0.520
569000,0.467,0.024,0.509
569500,0.471,0.022,0.507
570000,0.465,0.020,0.515
570500,0.469,0.017,0.514
571000,0.461,0.017,0.522
571500,0.465,0.015,0.519
572000,0.451,0.013,0.536
572500,0.464,0.007,0.529
573000,0.469,0.013,0.518
573500,0.474,0.019,0.507
574000,0.469,0.021,0.509
574500,0.479,0.015,0.505
575000,0.479,0.010,0.511
575500,0.481,0.013,0.506
576000,0.478,0.013,0.509
576500,0.476,0.009,0.515
577000,0.469,0.015,0.517
577500,0.456,0.018,0.527
578000,0.448,0.018,0.534
578500,0.435,0.022,0.542
579000,0.437,0.018,0.545
579500,0.456,0.016,0.528
580000,0.456,0.018,0.527
580500,0.440,0.021,0.539
581000,0.443,0.014,0.543
581500,0.461,0.014,0.525
582000,0.452,0.012,0.536
582500,0.459,0.013,0.528
583000,0.444,0.012,0.544
583500,0.449,0.017,0.534
584000,0.431,0.021,0.548
584500,0.439,0.021,0.540
585000,0.461,0.021,0.519
585500,0.479,0.021,0.500
586000,0.462,0.021,0.518
586500,0.431,0.019,0.549
587000,0.444,0.030,0.526
587500,0.451,0.024,0.526
588000,0.440,0.019,0.541
588500,0.442,0.018,0.540
589000,0.453,0.018,0.529
589500,0.476,0.019,0.505
590000,0.484,0.021,0.495
590500,0.463,0.029,0.508
591000,0.476,0.025,0.498
591500,0.463,0.024,0.513
592000,0.472,0.030,0.498
592500,0.454,0.015,0.532
593000,0.461,0.016,0.523
593500,0.442,0.024,0.535
594000,0.469,0.024,0.507
594500,0.471,0.018,0.511
595000,0.464,0.021,0.515
595500,0.458,0.028,0.514
596000,0.447,0.025,0.528
596500,0.440,0.025,0.535
597000,0.434,0.026,0.539
597500,0.426,0.035,0.540
598000,0.423,0.035,0.542
598500,0.433,0.025,0.541
599000,0.411,0.018,0.572
599500,0.405,0.028,0.567
600000,0.434,0.026,0.539
600500,0.443,0.027,0.530
601000,0.463,0.027,0.510
601500,0.460,0.029,0.512
602000,0.478,0.021,0.500
602500,0.496,0.017,0.487
603000,0.515,0.017,0.468
603500,0.511,0.016,0.473
604000,0.533,0.014,0.453
604500,0.528,0.009,0.463
605000,0.514,0.015,0.470
605500,0.508,0.011,0.480
606000,0.527,0.013,0.460
606500,0.536,0.013,0.451
607000,0.537,0.009,0.453
607500,0.509,0.009,0.482
608000,0.508,0.009,0.483
608500,0.505,0.011,0.484
609000,0.482,0.019,0.499
609500,0.474,0.015,0.511
610000,0.474,0.011,0.515
610500,0.476,0.009,0.515
611000,0.464,0.021,0.516
611500,0.470,0.023,0.507
612000,0.478,0.018,0.504
612500,0.475,0.011,0.514
613000,0.481,0.009,0.509
613500,0.489,0.009,0.502
614000,0.499,0.014,0.487
614500,0.500,0.018,0.482
615000,0.487,0.017,0.495
615500,0.475,0.014,0.511
616000,0.469,0.019,0.512
616500,0.476,0.015,0.510
617000,0.482,0.012,0.506
617500,0.481,0.009,0.510
618000,0.495,0.011,0.494
618500,0.523,0.008,0.469
619000,0.517,0.012,0.471
619500,0.521,0.010,0.469
620000,0.498,0.019,0.483
620500,0.492,0.017,0.491
621000,0.500,0.026,0.473
621500,0.503,0.021,0.476
622000,0.494,0.015,0.491
622500,0.490,0.018,0.492
623000,0.482,0.015,0.504
623500,0.461,0.011,0.529
624000,0.433,0.018,0.548
624500,0.428,0.015,0.557
625000,0.427,0.024,0.549
625500,0.440,0.021,0.539
626000,0.442,0.029,0.530
626500,0.444,0.022,0.534
627000,0.446,0.026,0.528
627500,0.451,0.028,0.522
628000,0.442,0.024,0.534
628500,0.453,0.022,0.525
629000,0.449,0.025,0.525
629500,0.446,0.025,0.529
630000,0.439,0.029,0.532
630500,0.456,0.025,0.520
631000,0.456,0.032,0.512
631500,0.434,0.023,0.542
632000,0.452,0.033,0.516
632500,0.422,0.031,0.546
633000,0.410,0.038,0.552
633500,0.407,0.036,0.557
634000,0.405,0.029,0.566
634500,0.411,0.038,0.550
635000,0.419,0.037,0.543
635500,0.403,0.037,0.560
636000,0.409,0.040,0.550
636500,0.390,0.037,0.573
637000,0.384,0.037,0.580
637500,0.371,0.035,0.593
638000,0.366,0.035,0.598
638500,0.385,0.034,0.582
639000,0.401,0.033,0.566
639500,0.404,0.038,0.558
640000,0.398,0.035,0.568
640500,0.376,0.035,0.589
641000,0.369,0.040,0.591
641500,0.364,0.045,0.590
642000,0.360,0.056,0.585
642500,0.369,0.038,0.593
643000,0.359,0.045,0.595
643500,0.358,0.044,0.597
644000,0.346,0.043,0.610
644500,0.371,0.038,0.590
645000,0.339,0.041,0.620
645500,0.363,0.049,0.589
646000,0.356,0.052,0.592
646500,0.362,0.059,0.579
647000,0.352,0.053,0.594
647500,0.369,0.048,0.583
648000,0.399,0.042,0.559
648500,0.408,0.045,0.547
649000,0.420,0.041,0.539
649500,0.442,0.038,0.520
650000,0.443,0.029,0.528
650500,0.463,0.034,0.504
651000,0.454,0.023,0.523
651500,0.451,0.028,0.522
652000,0.467,0.023,0.510
652500,0.478,0.021,0.501
653000,0.472,0.018,0.510
653500,0.450,0.020,0.530
654000,0.436,0.025,0.539
654500,0.440,0.021,0.539
655000,0.447,0.027,0.526
655500,0.434,0.036,0.529
656000,0.417,0.033,0.549
656500,0.406,0.043,0.551
657000,0.389,0.050,0.562
657500,0.376,0.059,0.566
658000,0.365,0.054,0.581
658500,0.356,0.054,0.589
659000,0.369,0.053,0.578
659500,0.367,0.059,0.574
660000,0.371,0.042,0.587
660500,0.398,0.033,0.569
661000,0.418,0.033,0.550
661500,0.427,0.032,0.541
662000,0.436,0.032,0.533
662500,0.460,0.032,0.508
663000,0.455,0.028,0.517
663500,0.470,0.021,0.509
664000,0.458,0.024,0.519
664500,0.480,0.020,0.500
665000,0.479,0.018,0.503
665500,0.468,0.022,0.510
666000,0.454,0.015,0.531
666500,0.451,0.017,0.532
667000,0.452,0.025,0.523
667500,0.441,0.019,0.540
668000,0.446,0.017,0.537
668500,0.444,0.015,0.541
669000,0.442,0.022,0.536
669500,0.453,0.025,0.522
670000,0.479,0.015,0.506
670500,0.468,0.019,0.513
671000,0.465,0.029,0.506
671500,0.452,0.029,0.519
672000,0.454,0.024,0.523
672500,0.427,0.028,0.544
673000,0.418,0.028,0.554
673500,0.397,0.031,0.572
674000,0.391,0.036,0.573
674500,0.402,0.028,0.571
675000,0.421,0.030,0.548
675500,0.400,0.035,0.565
676000,0.382,0.030,0.588
676500,0.400,0.035,0.565
677000,0.399,0.036,0.565
677500,0.382,0.043,0.575
678000,0.378,0.044,0.579
678500,0.391,0.036,0.573
679000,0.417,0.033,0.550
679500,0.411,0.031,0.558
680000,0.427,0.028,0.544
680500,0.413,0.028,0.558
681000,0.413,0.034,0.553
681500,0.416,0.038,0.545
682000,0.424,0.035,0.541
682500,0.421,0.033,0.546
683000,0.422,0.028,0.551
683500,0.448,0.022,0.530
684000,0.445,0.013,0.543
684500,0.484,0.015,0.501
685000,0.486,0.021,0.492
685500,0.504,0.021,0.474
686000,0.480,0.014,0.506
686500,0.479,0.021,0.501
687000,0.460,0.020,0.520
687500,0.436,0.019,0.545
688000,0.451,0.021,0.528
688500,0.452,0.026,0.522
689000,0.445,0.022,0.533
689500,0.458,0.021,0.522
690000,0.453,0.018,0.529
690500,0.477,0.016,0.506
691000,0.492,0.012,0.496
691500,0.500,0.017,0.483
692000,0.487,0.021,0.492
692500,0.492,0.018,0.490
693000,0.491,0.015,0.493
693500,0.526,0.019,0.455
694000,0.513,0.015,0.471
694500,0.482,0.013,0.506
695000,0.507,0.018,0.475
695500,0.483,0.018,0.499
696000,0.481,0.022,0.497
696500,0.469,0.021,0.510
697000,0.476,0.022,0.502
697500,0.470,0.020,0.510
698000,0.459,0.018,0.523
698500,0.480,0.017,0.503
699000,0.485,0.017,0.497
699500,0.496,0.015,0.489
700000,0.480,0.017,0.503
700500,0.487,0.019,0.494
701000,0.467,0.023,0.510
701500,0.480,0.025,0.494
702000,0.461,0.025,0.515
702500,0.459,0.026,0.515
703000,0.427,0.034,0.539
703500,0.439,0.025,0.536
704000,0.418,0.025,0.557
704500,0.406,0.028,0.567
705000,0.386,0.029,0.585
705500,0.379,0.032,0.589
706000,0.386,0.035,0.579
706500,0.393,0.041,0.566
707000,0.393,0.036,0.571
707500,0.379,0.029,0.592
708000,0.389,0.045,0.566
708500,0.388,0.051,0.560
709000,0.391,0.045,0.564
709500,0.411,0.042,0.547
710000,0.438,0.033,0.530
710500,0.427,0.032,0.541
711000,0.409,0.037,0.553
711500,0.421,0.035,0.543
712000,0.436,0.033,0.531
712500,0.431,0.035,0.533
713000,0.408,0.029,0.563
713500,0.406,0.034,0.560
714000,0.422,0.037,0.540
714500,0.437,0.028,0.535
715000,0.450,0.026,0.524
715500,0.462,0.021,0.517
716000,0.446,0.021,0.534
716500,0.449,0.022,0.529
717000,0.453,0.018,0.529
717500,0.440,0.015,0.546
718000,0.468,0.013,0.520
718500,0.477,0.021,0.501
719000,0.459,0.021,0.520
719500,0.468,0.030,0.502
720000,0.458,0.024,0.519
720500,0.441,0.025,0.534
721000,0.443,0.025,0.533
721500,0.461,0.021,0.519
722000,0.451,0.022,0.527
722500,0.464,0.030,0.506
723000,0.452,0.025,0.523
723500,0.436,0.019,0.544
724000,0.440,0.024,0.537
724500,0.411,0.027,0.562
725000,0.410,0.025,0.565
725500,0.403,0.035,0.562
726000,0.411,0.031,0.558
726500,0.399,0.036,0.565
727000,0.391,0.035,0.574
727500,0.394,0.033,0.573
728000,0.413,0.025,0.562
728500,0.422,0.021,0.557
729000,0.426,0.025,0.550
729500,0.435,0.028,0.536
730000,0.449,0.019,0.532
730500,0.471,0.011,0.518
731000,0.458,0.011,0.531
731500,0.452,0.012,0.536
732000,0.450,0.011,0.540
732500,0.474,0.022,0.504
733000,0.465,0.018,0.517
733500,0.474,0.017,0.509
734000,0.470,0.014,0.516
734500,0.468,0.019,0.513
735000,0.459,0.021,0.520
735500,0.477,0.019,0.504
736000,0.491,0.014,0.494
736500,0.486,0.011,0.503
737000,0.506,0.011,0.482
737500,0.517,0.014,0.469
738000,0.500,0.022,0.478
738500,0.496,0.023,0.481
739000,0.497,0.021,0.482
739500,0.488,0.020,0.492
740000,0.484,0.018,0.498
740500,0.477,0.017,0.507
741000,0.480,0.009,0.511
741500,0.469,0.011,0.520
742000,0.451,0.019,0.530
742500,0.468,0.020,0.512
743000,0.433,0.032,0.535
743500,0.423,0.031,0.546
744000,0.420,0.025,0.554
744500,0.404,0.033,0.564
745000,0.420,0.036,0.543
745500,0.409,0.037,0.554
746000,0.387,0.037,0.576
746500,0.393,0.038,0.569
747000,0.399,0.035,0.567
747500,0.411,0.031,0.557
748000,0.393,0.030,0.577
748500,0.395,0.022,0.583
749000,0.398,0.021,0.581
749500,0.383,0.024,0.593
750000,0.406,0.031,0.562
750500,0.410,0.025,0.566
751000,0.396,0.030,0.574
751500,0.392,0.025,0.584
752000,0.414,0.025,0.562
752500,0.424,0.017,0.560
753000,0.406,0.019,0.576
753500,0.398,0.025,0.578
754000,0.418,0.022,0.560
754500,0.426,0.024,0.550
755000,0.440,0.023,0.537
755500,0.438,0.028,0.535
756000,0.428,0.032,0.541
756500,0.420,0.025,0.555
757000,0.414,0.025,0.560
757500,0.425,0.030,0.544
758000,0.425,0.028,0.547
758500,0.425,0.033,0.542
759000,0.428,0.031,0.540
759500,0.417,0.029,0.554
760000,0.429,0.032,0.539
760500,0.407,0.028,0.565
761000,0.430,0.029,0.541
761500,0.417,0.037,0.545
762000,0.395,0.037,0.568
762500,0.408,0.036,0.556
763000,0.401,0.042,0.557
763500,0.419,0.028,0.552
764000,0.434,0.019,0.547
764500,0.413,0.025,0.561
765000,0.456,0.025,0.519
765500,0.453,0.021,0.526
766000,0.445,0.025,0.529
766500,0.465,0.025,0.510
767000,0.481,0.021,0.498
767500,0.491,0.019,0.489
768000,0.497,0.015,0.487
768500,0.501,0.021,0.478
769000,0.469,0.021,0.510
769500,0.474,0.015,0.510
770000,0.482,0.011,0.508
770500,0.472,0.013,0.515
771000,0.452,0.028,0.521
771500,0.421,0.029,0.549
772000,0.421,0.025,0.554
772500,0.465,0.026,0.509
773000,0.461,0.026,0.512
773500,0.447,0.026,0.527
774000,0.443,0.021,0.536
774500,0.425,0.019,0.555
775000,0.421,0.018,0.561
775500,0.456,0.020,0.524
776000,0.448,0.022,0.530
776500,0.473,0.013,0.514
777000,0.477,0.018,0.505
777500,0.460,0.015,0.526
778000,0.483,0.018,0.499
778500,0.485,0.016,0.498
779000,0.467,0.021,0.512
779500,0.474,0.023,0.503
780000,0.481,0.016,0.502
780500,0.476,0.018,0.506
781000,0.452,0.021,0.528
781500,0.457,0.023,0.520
782000,0.459,0.024,0.518
782500,0.460,0.029,0.511
783000,0.458,0.034,0.508
783500,0.449,0.025,0.527
784000,0.445,0.024,0.532
784500,0.433,0.025,0.542
785000,0.451,0.028,0.521
785500,0.452,0.026,0.522
786000,0.443,0.021,0.536
786500,0.433,0.015,0.551
787000,0.417,0.025,0.558
787500,0.424,0.028,0.549
788000,0.449,0.019,0.532
788500,0.452,0.017,0.532
789000,0.456,0.014,0.530
789500,0.430,0.014,0.555
790000,0.426,0.025,0.548
790500,0.426,0.030,0.543
791000,0.448,0.028,0.525
791500,0.432,0.032,0.535
792000,0.434,0.028,0.539
792500,0.456,0.030,0.514
793000,0.450,0.029,0.521
793500,0.462,0.024,0.514
794000,0.463,0.023,0.514
794500,0.447,0.027,0.526
795000,0.472,0.024,0.504
795500,0.462,0.025,0.513
796000,0.441,0.021,0.538
796500,0.430,0.026,0.544
797000,0.443,0.029,0.527
797500,0.444,0.025,0.531
798000,0.441,0.028,0.531
798500,0.442,0.018,0.540
799000,0.434,0.025,0.542
799500,0.433,0.019,0.548
800000,0.453,0.021,0.526
800500,0.444,0.022,0.534
801000,0.452,0.028,0.520
801500,0.454,0.028,0.518
802000,0.454,0.024,0.522
802500,0.457,0.024,0.519
803000,0.448,0.019,0.533
803500,0.441,0.022,0.537
804000,0.443,0.019,0.538
804500,0.452,0.025,0.523
805000,0.444,0.025,0.532
805500,0.424,0.018,0.558
806000,0.404,0.019,0.577
806500,0.396,0.024,0.580
807000,0.403,0.025,0.572
807500,0.382,0.036,0.582
808000,0.396,0.043,0.561
808500,0.388,0.039,0.573
809000,0.403,0.033,0.565
809500,0.426,0.032,0.541
810000,0.456,0.036,0.508
810500,0.464,0.029,0.508
811000,0.469,0.023,0.508
811500,0.467,0.019,0.514
812000,0.451,0.019,0.529
812500,0.480,0.018,0.501
813000,0.475,0.026,0.499
813500,0.460,0.023,0.517
814000,0.469,0.024,0.508
814500,0.474,0.025,0.501
815000,0.483,0.025,0.492
815500,0.488,0.022,0.489
816000,0.494,0.025,0.481
816500,0.509,0.024,0.467
817000,0.495,0.013,0.492
817500,0.481,0.017,0.501
818000,0.481,0.021,0.498
818500,0.479,0.015,0.506
819000,0.494,0.018,0.488
819500,0.469,0.018,0.512
820000,0.479,0.018,0.502
820500,0.477,0.013,0.511
821000,0.479,0.011,0.509
821500,0.479,0.017,0.503
822000,0.485,0.013,0.501
822500,0.491,0.013,0.495
823000,0.492,0.017,0.491
823500,0.492,0.009,0.499
824000,0.482,0.018,0.500
824500,0.493,0.018,0.489
825000,0.491,0.015,0.494
825500,0.483,0.015,0.501
826000,0.479,0.015,0.506
826500,0.487,0.015,0.498
827000,0.508,0.017,0.475
827500,0.495,0.009,0.495
828000,0.477,0.011,0.513
828500,0.491,0.017,0.492
829000,0.488,0.024,0.488
829500,0.479,0.026,0.494
830000,0.501,0.018,0.481
830500,0.527,0.017,0.456
831000,0.536,0.013,0.451
831500,0.515,0.011,0.474
832000,0.506,0.015,0.478
832500,0.503,0.013,0.483
833000,0.495,0.015,0.489
833500,0.464,0.021,0.515
834000,0.463,0.018,0.519
834500,0.449,0.018,0.533
835000,0.443,0.019,0.538
835500,0.432,0.023,0.544
836000,0.425,0.021,0.553
836500,0.450,0.018,0.532
837000,0.428,0.018,0.553
837500,0.412,0.024,0.565
838000,0.418,0.025,0.557
838500,0.415,0.018,0.567
839000,0.424,0.018,0.557
839500,0.420,0.021,0.559
840000,0.418,0.019,0.563
840500,0.413,0.024,0.563
841000,0.421,0.025,0.553
841500,0.415,0.029,0.555
842000,0.415,0.043,0.542
842500,0.405,0.050,0.545
843000,0.391,0.051,0.557
843500,0.403,0.045,0.552
844000,0.409,0.038,0.552
844500,0.385,0.040,0.575
845000,0.398,0.042,0.560
845500,0.392,0.043,0.566
846000,0.373,0.040,0.587
846500,0.358,0.050,0.592
847000,0.369,0.044,0.587
847500,0.361,0.048,0.592
848000,0.364,0.047,0.589
848500,0.364,0.062,0.573
849000,0.347,0.065,0.588
849500,0.360,0.051,0.589
850000,0.359,0.052,0.589
850500,0.356,0.048,0.597
851000,0.357,0.047,0.596
851500,0.360,0.050,0.590
852000,0.350,0.051,0.599
852500,0.358,0.066,0.576
853000,0.349,0.056,0.595
853500,0.342,0.057,0.601
854000,0.343,0.056,0.601
854500,0.351,0.052,0.597
855000,0.340,0.055,0.605
855500,0.347,0.061,0.591
856000,0.342,0.066,0.592
856500,0.360,0.051,0.590
857000,0.374,0.038,0.588
857500,0.383,0.050,0.567
858000,0.396,0.050,0.554
858500,0.405,0.051,0.544
859000,0.392,0.045,0.562
859500,0.386,0.043,0.572
860000,0.392,0.034,0.574
860500,0.397,0.030,0.573
861000,0.394,0.027,0.580
861500,0.382,0.029,0.590
862000,0.389,0.036,0.575
862500,0.391,0.029,0.580
863000,0.405,0.026,0.569
863500,0.424,0.028,0.548
864000,0.431,0.025,0.544
864500,0.432,0.025,0.542
865000,0.432,0.024,0.544
865500,0.421,0.029,0.550
866000,0.402,0.029,0.569
866500,0.404,0.028,0.569
867000,0.427,0.029,0.544
867500,0.419,0.030,0.550
868000,0.401,0.029,0.570
868500,0.413,0.039,0.548
869000,0.413,0.038,0.548
869500,0.422,0.043,0.534
870000,0.430,0.030,0.540
870500,0.401,0.031,0.568
871000,0.416,0.041,0.543
871500,0.406,0.036,0.557
872000,0.394,0.026,0.581
872500,0.420,0.024,0.557
873000,0.430,0.025,0.545
873500,0.421,0.026,0.552
874000,0.418,0.024,0.559
874500,0.437,0.017,0.546
875000,0.440,0.018,0.543
875500,0.442,0.019,0.539
876000,0.433,0.025,0.542
876500,0.448,0.025,0.527
877000,0.472,0.024,0.505
877500,0.463,0.018,0.519
878000,0.471,0.021,0.509
878500,0.467,0.015,0.518
879000,0.446,0.021,0.534
879500,0.408,0.020,0.572
880000,0.408,0.021,0.571
880500,0.390,0.021,0.589
881000,0.397,0.017,0.586
881500,0.434,0.023,0.542
882000,0.462,0.024,0.514
882500,0.480,0.021,0.498
883000,0.476,0.022,0.502
883500,0.503,0.024,0.473
884000,0.504,0.022,0.473
884500,0.507,0.021,0.471
885000,0.481,0.020,0.498
885500,0.474,0.018,0.509
886000,0.481,0.019,0.500
886500,0.464,0.013,0.523
887000,0.456,0.019,0.525
887500,0.475,0.018,0.506
888000,0.485,0.013,0.501
888500,0.496,0.014,0.490
889000,0.489,0.011,0.501
889500,0.487,0.012,0.500
890000,0.476,0.029,0.495
890500,0.485,0.032,0.483
891000,0.489,0.026,0.484
891500,0.486,0.018,0.496
892000,0.515,0.015,0.470
892500,0.515,0.011,0.474
893000,0.490,0.011,0.498
893500,0.489,0.009,0.501
894000,0.495,0.011,0.493
894500,0.481,0.015,0.504
895000,0.495,0.015,0.490
895500,0.494,0.024,0.482
896000,0.484,0.029,0.487
896500,0.461,0.023,0.516
897000,0.458,0.029,0.514
897500,0.463,0.021,0.516
898000,0.471,0.018,0.510
898500,0.461,0.021,0.518
899000,0.479,0.021,0.499
899500,0.458,0.023,0.519
900000,0.462,0.028,0.510
900500,0.464,0.023,0.513
901000,0.451,0.018,0.531
901500,0.456,0.021,0.523
902000,0.443,0.016,0.541
902500,0.448,0.017,0.536
903000,0.448,0.022,0.530
903500,0.472,0.015,0.513
904000,0.475,0.015,0.509
904500,0.484,0.019,0.497
905000,0.504,0.017,0.479
905500,0.494,0.018,0.488
906000,0.481,0.018,0.501
906500,0.454,0.011,0.535
907000,0.460,0.009,0.531
907500,0.475,0.020,0.504
908000,0.492,0.017,0.491
908500,0.485,0.018,0.496
909000,0.467,0.018,0.515
909500,0.461,0.022,0.516
910000,0.452,0.029,0.520
910500,0.441,0.034,0.525
911000,0.452,0.025,0.524
911500,0.455,0.025,0.520
912000,0.472,0.029,0.498
912500,0.466,0.031,0.503
913000,0.434,0.027,0.539
913500,0.414,0.040,0.545
914000,0.422,0.031,0.547
914500,0.407,0.034,0.559
915000,0.401,0.041,0.558
915500,0.404,0.030,0.567
916000,0.423,0.036,0.540
916500,0.413,0.035,0.552
917000,0.405,0.032,0.563
917500,0.425,0.026,0.549
918000,0.420,0.032,0.549
918500,0.400,0.037,0.563
919000,0.405,0.035,0.561
919500,0.404,0.034,0.563
920000,0.399,0.025,0.576
920500,0.396,0.024,0.581
921000,0.389,0.030,0.581
921500,0.412,0.035,0.554
922000,0.421,0.038,0.540
922500,0.405,0.034,0.561
923000,0.396,0.030,0.574
923500,0.408,0.034,0.557
924000,0.404,0.044,0.552
924500,0.384,0.035,0.582
925000,0.366,0.042,0.592
925500,0.371,0.035,0.594
926000,0.348,0.045,0.607
926500,0.362,0.057,0.582
927000,0.350,0.055,0.594
927500,0.358,0.048,0.595
928000,0.344,0.043,0.613
928500,0.387,0.038,0.575
929000,0.381,0.042,0.578
929500,0.382,0.042,0.577
930000,0.395,0.046,0.559
930500,0.395,0.043,0.563
931000,0.387,0.039,0.574
931500,0.396,0.049,0.556
932000,0.393,0.035,0.572
932500,0.396,0.035,0.570
933000,0.386,0.031,0.583
933500,0.378,0.035,0.588
934000,0.383,0.037,0.580
934500,0.395,0.033,0.572
935000,0.393,0.036,0.571
935500,0.394,0.037,0.570
936000,0.401,0.037,0.561
936500,0.367,0.041,0.592
937000,0.394,0.042,0.564
937500,0.402,0.042,0.556
938000,0.397,0.042,0.562
938500,0.392,0.037,0.571
939000,0.368,0.033,0.600
939500,0.371,0.040,0.589
940000,0.380,0.040,0.580
940500,0.382,0.044,0.574
941000,0.391,0.037,0.572
941500,0.401,0.029,0.570
942000,0.398,0.029,0.573
942500,0.408,0.025,0.566
943000,0.407,0.026,0.567
943500,0.409,0.023,0.568
944000,0.406,0.029,0.565
944500,0.418,0.028,0.555
945000,0.422,0.032,0.547
945500,0.431,0.034,0.534
946000,0.434,0.049,0.517
946500,0.424,0.048,0.529
947000,0.423,0.043,0.534
947500,0.406,0.039,0.554
948000,0.409,0.031,0.559
948500,0.400,0.035,0.565
949000,0.380,0.030,0.590
949500,0.373,0.036,0.590
950000,0.377,0.042,0.581
950500,0.383,0.034,0.584
951000,0.381,0.043,0.577
951500,0.381,0.033,0.586
952000,0.384,0.022,0.594
952500,0.380,0.026,0.594
953000,0.382,0.039,0.579
953500,0.392,0.035,0.574
954000,0.404,0.037,0.559
954500,0.399,0.029,0.573
955000,0.429,0.021,0.550
955500,0.438,0.028,0.535
956000,0.421,0.026,0.552
956500,0.411,0.021,0.569
957000,0.409,0.030,0.560
957500,0.438,0.027,0.535
958000,0.450,0.029,0.521
958500,0.448,0.026,0.526
959000,0.449,0.025,0.526
959500,0.441,0.029,0.531
960000,0.441,0.020,0.539
960500,0.411,0.030,0.559
961000,0.412,0.032,0.556
961500,0.432,0.025,0.543
962000,0.455,0.022,0.523
962500,0.460,0.018,0.523
963000,0.462,0.016,0.522
963500,0.458,0.013,0.529
964000,0.443,0.013,0.544
964500,0.442,0.009,0.549
965000,0.411,0.022,0.567
965500,0.422,0.024,0.554
966000,0.429,0.029,0.542
966500,0.437,0.025,0.537
967000,0.418,0.024,0.557
967500,0.423,0.019,0.557
968000,0.435,0.024,0.541
968500,0.457,0.018,0.524
969000,0.450,0.021,0.529
969500,0.455,0.025,0.520
970000,0.459,0.034,0.507
970500,0.425,0.022,0.552
971000,0.409,0.025,0.566
971500,0.423,0.026,0.550
972000,0.425,0.036,0.539
972500,0.418,0.029,0.553
973000,0.437,0.036,0.526
973500,0.415,0.025,0.559
974000,0.400,0.018,0.582
974500,0.401,0.028,0.571
975000,0.390,0.029,0.581
975500,0.381,0.030,0.589
976000,0.379,0.026,0.595
976500,0.400,0.024,0.577
977000,0.392,0.021,0.588
977500,0.377,0.027,0.596
978000,0.383,0.034,0.583
978500,0.368,0.026,0.605
979000,0.381,0.029,0.590
979500,0.371,0.031,0.598
980000,0.367,0.034,0.599
980500,0.387,0.035,0.578
981000,0.383,0.038,0.579
981500,0.391,0.032,0.577
982000,0.390,0.032,0.578
982500,0.405,0.037,0.558
983000,0.416,0.033,0.551
983500,0.411,0.035,0.553
984000,0.429,0.031,0.540
984500,0.411,0.032,0.556
985000,0.427,0.029,0.543
985500,0.398,0.028,0.574
986000,0.403,0.027,0.570
986500,0.412,0.028,0.561
987000,0.419,0.034,0.547
987500,0.427,0.031,0.541
988000,0.422,0.029,0.549
988500,0.428,0.029,0.543
989000,0.459,0.026,0.515
989500,0.458,0.021,0.521
990000,0.464,0.017,0.519
990500,0.469,0.018,0.512
991000,0.463,0.019,0.518
991500,0.463,0.016,0.521
992000,0.470,0.012,0.518
992500,0.475,0.015,0.509
993000,0.473,0.011,0.517
993500,0.469,0.013,0.518
994000,0.455,0.019,0.526
994500,0.472,0.018,0.510
995000,0.486,0.013,0.501
995500,0.469,0.021,0.509
996000,0.459,0.015,0.525
996500,0.459,0.022,0.518
997000,0.454,0.025,0.522
997500,0.452,0.018,0.530
998000,0.466,0.018,0.516
998500,0.441,0.028,0.531
999000,0.452,0.029,0.519
999500,0.437,0.028,0.535
1000000,0.438,0.026,0.536
