time,n_A+p,n_B,n_AB
500,0.050,0.731,0.219
1000,0.050,0.386,0.564
1500,0.050,0.382,0.569
2000,0.050,0.261,0.689
2500,0.059,0.158,0.783
3000,0.076,0.166,0.758
3500,0.118,0.075,0.807
4000,0.454,0.009,0.537
4500,0.804,0.000,0.196
5000,0.864,0.000,0.136
5500,0.959,0.000,0.041
6000,0.982,0.000,0.018
6500,0.987,0.000,0.013
7000,1.000,0.000,0.000
7500,1.000,0.000,0.000
