time,n_A+p,n_B,n_AB,avg_entropy_simp
500,0.028,0.948,0.024,0.065309
1000,0.028,0.914,0.058,0.129181
1500,0.040,0.875,0.086,0.180927
2000,0.070,0.869,0.061,0.178704
2500,0.046,0.896,0.058,0.149448
3000,0.052,0.917,0.031,0.114092
3500,0.049,0.911,0.040,0.126956
4000,0.040,0.933,0.028,0.085518
4500,0.046,0.899,0.055,0.124839
5000,0.040,0.911,0.049,0.108766
5500,0.037,0.908,0.055,0.118581
6000,0.031,0.905,0.064,0.133882
6500,0.040,0.878,0.083,0.166142
7000,0.040,0.875,0.086,0.174024
7500,0.031,0.933,0.037,0.087887
8000,0.040,0.933,0.028,0.080471
8500,0.031,0.924,0.046,0.105662
9000,0.043,0.911,0.046,0.124250
9500,0.040,0.911,0.049,0.113378
10000,0.034,0.911,0.055,0.121555
10500,0.049,0.881,0.070,0.146220
11000,0.064,0.881,0.055,0.150239
11500,0.040,0.893,0.067,0.143995
12000,0.049,0.902,0.049,0.123675
12500,0.049,0.908,0.043,0.104534
13000,0.046,0.908,0.046,0.113624
13500,0.049,0.875,0.076,0.159378
14000,0.037,0.881,0.083,0.146155
14500,0.037,0.908,0.055,0.126569
15000,0.037,0.933,0.031,0.093604
15500,0.055,0.924,0.021,0.095326
16000,0.049,0.911,0.040,0.120657
16500,0.043,0.890,0.067,0.154789
17000,0.034,0.896,0.070,0.144868
17500,0.037,0.890,0.073,0.148917
18000,0.046,0.896,0.058,0.131265
18500,0.049,0.893,0.058,0.152005
19000,0.040,0.875,0.086,0.178286
19500,0.046,0.869,0.086,0.177321
20000,0.076,0.826,0.098,0.233972
20500,0.128,0.777,0.095,0.301187
21000,0.086,0.783,0.131,0.266990
21500,0.092,0.820,0.089,0.231716
22000,0.040,0.908,0.052,0.109283
22500,0.046,0.908,0.046,0.115048
23000,0.037,0.884,0.080,0.153870
23500,0.046,0.884,0.070,0.152467
24000,0.040,0.911,0.049,0.123846
24500,0.037,0.899,0.064,0.117719
25000,0.052,0.847,0.101,0.205993
25500,0.031,0.899,0.070,0.128501
26000,0.034,0.911,0.055,0.105014
26500,0.034,0.911,0.055,0.121033
27000,0.034,0.908,0.058,0.131132
27500,0.043,0.920,0.037,0.097113
28000,0.034,0.924,0.043,0.095235
28500,0.031,0.917,0.052,0.098908
29000,0.028,0.896,0.076,0.131762
29500,0.037,0.927,0.037,0.102738
30000,0.046,0.908,0.046,0.122138
30500,0.049,0.872,0.080,0.181300
31000,0.040,0.917,0.043,0.100641
31500,0.040,0.930,0.031,0.082280
32000,0.040,0.914,0.046,0.109917
32500,0.034,0.930,0.037,0.097702
33000,0.031,0.933,0.037,0.092737
33500,0.049,0.902,0.049,0.128769
34000,0.061,0.878,0.061,0.140697
34500,0.076,0.859,0.064,0.159366
35000,0.049,0.853,0.098,0.184958
35500,0.052,0.902,0.046,0.112217
36000,0.049,0.884,0.067,0.126578
36500,0.061,0.844,0.095,0.221011
37000,0.052,0.856,0.092,0.199015
37500,0.058,0.847,0.095,0.196666
38000,0.052,0.865,0.083,0.142680
38500,0.061,0.832,0.107,0.204612
39000,0.049,0.869,0.083,0.156697
39500,0.064,0.810,0.125,0.223369
40000,0.080,0.817,0.104,0.229501
40500,0.080,0.786,0.135,0.250659
41000,0.098,0.804,0.098,0.225373
41500,0.076,0.820,0.104,0.218613
42000,0.064,0.844,0.092,0.190513
42500,0.080,0.823,0.098,0.203265
43000,0.052,0.813,0.135,0.230323
43500,0.070,0.835,0.095,0.196748
44000,0.076,0.823,0.101,0.182277
44500,0.067,0.820,0.113,0.223052
45000,0.049,0.881,0.070,0.150004
45500,0.037,0.914,0.049,0.103391
46000,0.049,0.872,0.080,0.166135
46500,0.037,0.872,0.092,0.164890
47000,0.043,0.893,0.064,0.135889
47500,0.046,0.878,0.076,0.174415
48000,0.070,0.832,0.098,0.214365
48500,0.046,0.872,0.083,0.170086
49000,0.067,0.835,0.098,0.216633
49500,0.080,0.817,0.104,0.213802
50000,0.095,0.798,0.107,0.258366
50500,0.064,0.835,0.101,0.196310
51000,0.043,0.890,0.067,0.142188
51500,0.034,0.911,0.055,0.111948
52000,0.034,0.908,0.058,0.123174
52500,0.052,0.908,0.040,0.116945
53000,0.046,0.896,0.058,0.124590
53500,0.043,0.899,0.058,0.119607
54000,0.064,0.862,0.073,0.170681
54500,0.061,0.850,0.089,0.164594
55000,0.052,0.869,0.080,0.140512
55500,0.037,0.911,0.052,0.110450
56000,0.034,0.936,0.031,0.080608
56500,0.028,0.920,0.052,0.111525
57000,0.046,0.887,0.067,0.155817
57500,0.073,0.841,0.086,0.230609
58000,0.055,0.875,0.070,0.160422
58500,0.116,0.801,0.083,0.237000
59000,0.083,0.832,0.086,0.210598
59500,0.070,0.872,0.058,0.154391
60000,0.043,0.869,0.089,0.158120
60500,0.052,0.841,0.107,0.211441
61000,0.037,0.893,0.070,0.144754
61500,0.031,0.924,0.046,0.087035
62000,0.043,0.908,0.049,0.114620
62500,0.046,0.905,0.049,0.113574
63000,0.052,0.859,0.089,0.172985
63500,0.070,0.862,0.067,0.156999
64000,0.095,0.804,0.101,0.227679
64500,0.064,0.841,0.095,0.166095
65000,0.067,0.853,0.080,0.150910
65500,0.049,0.862,0.089,0.157210
66000,0.037,0.905,0.058,0.116540
66500,0.040,0.887,0.073,0.144149
67000,0.043,0.887,0.070,0.159892
67500,0.046,0.865,0.089,0.185274
68000,0.034,0.917,0.049,0.108514
68500,0.049,0.899,0.052,0.136663
69000,0.034,0.902,0.064,0.130440
69500,0.028,0.945,0.028,0.068143
70000,0.031,0.927,0.043,0.095236
70500,0.040,0.884,0.076,0.141695
71000,0.052,0.865,0.083,0.177246
71500,0.089,0.807,0.104,0.220049
72000,0.080,0.856,0.064,0.164897
72500,0.080,0.841,0.080,0.181615
73000,0.073,0.850,0.076,0.187364
73500,0.058,0.826,0.116,0.230479
74000,0.070,0.862,0.067,0.177387
74500,0.040,0.847,0.113,0.202205
75000,0.049,0.856,0.095,0.189214
75500,0.052,0.856,0.092,0.194278
76000,0.049,0.905,0.046,0.111384
76500,0.043,0.896,0.061,0.149131
77000,0.034,0.896,0.070,0.160690
77500,0.034,0.893,0.073,0.138003
78000,0.040,0.899,0.061,0.132170
78500,0.037,0.890,0.073,0.146552
79000,0.043,0.887,0.070,0.143316
79500,0.037,0.927,0.037,0.087317
80000,0.034,0.875,0.092,0.176554
80500,0.028,0.917,0.055,0.113623
81000,0.031,0.914,0.055,0.116609
81500,0.037,0.927,0.037,0.098482
82000,0.037,0.905,0.058,0.110639
82500,0.040,0.933,0.028,0.085889
83000,0.037,0.911,0.052,0.127460
83500,0.040,0.893,0.067,0.135644
84000,0.034,0.917,0.049,0.108656
84500,0.031,0.899,0.070,0.139270
85000,0.034,0.881,0.086,0.156838
85500,0.052,0.902,0.046,0.128730
86000,0.040,0.914,0.046,0.109900
86500,0.040,0.896,0.064,0.138853
87000,0.046,0.887,0.067,0.147370
87500,0.037,0.902,0.061,0.132046
88000,0.040,0.887,0.073,0.145011
88500,0.040,0.896,0.064,0.142936
89000,0.064,0.810,0.125,0.227966
89500,0.052,0.869,0.080,0.159569
90000,0.055,0.856,0.089,0.173231
90500,0.043,0.853,0.104,0.168423
91000,0.043,0.884,0.073,0.152144
91500,0.061,0.875,0.064,0.165677
92000,0.080,0.862,0.058,0.170584
92500,0.058,0.862,0.080,0.170947
93000,0.037,0.887,0.076,0.127163
93500,0.061,0.869,0.070,0.153047
94000,0.055,0.829,0.116,0.208724
94500,0.058,0.820,0.122,0.225020
95000,0.040,0.884,0.076,0.142274
95500,0.037,0.875,0.089,0.168746
96000,0.061,0.859,0.080,0.197222
96500,0.046,0.865,0.089,0.185732
97000,0.043,0.878,0.080,0.142610
97500,0.064,0.865,0.070,0.167738
98000,0.064,0.838,0.098,0.191282
98500,0.067,0.813,0.119,0.241571
99000,0.061,0.850,0.089,0.184967
99500,0.049,0.890,0.061,0.130417
100000,0.040,0.914,0.046,0.112026
