time,n_A+p,n_B,n_AB
500,0.080,0.635,0.285
1000,0.080,0.460,0.461
1500,0.080,0.353,0.567
2000,0.088,0.268,0.643
2500,0.106,0.217,0.676
3000,0.134,0.209,0.656
3500,0.121,0.181,0.698
4000,0.168,0.113,0.719
4500,0.260,0.060,0.680
5000,0.492,0.013,0.495
5500,0.703,0.001,0.297
6000,0.810,0.000,0.190
6500,0.868,0.000,0.132
7000,0.873,0.000,0.127
7500,0.896,0.000,0.104
8000,0.912,0.000,0.088
8500,0.934,0.000,0.066
9000,0.912,0.000,0.088
9500,0.918,0.000,0.082
10000,0.909,0.000,0.091
10500,0.952,0.000,0.048
11000,0.981,0.000,0.019
11500,0.975,0.000,0.025
12000,0.985,0.000,0.015
12500,0.986,0.000,0.014
13000,0.987,0.000,0.013
13500,0.992,0.000,0.008
14000,0.997,0.000,0.003
14500,0.996,0.000,0.004
15000,0.999,0.000,0.001
15500,0.999,0.000,0.001
16000,1.000,0.000,0.000
16500,1.000,0.000,0.000
