time,n_A+p,n_B,n_AB
500,0.080,0.826,0.094
1000,0.080,0.745,0.175
1500,0.080,0.690,0.230
2000,0.087,0.651,0.262
2500,0.084,0.655,0.261
3000,0.083,0.638,0.279
3500,0.091,0.599,0.310
4000,0.087,0.622,0.291
4500,0.093,0.605,0.302
5000,0.102,0.587,0.311
5500,0.091,0.623,0.286
6000,0.089,0.642,0.269
6500,0.087,0.627,0.286
7000,0.091,0.592,0.317
7500,0.088,0.604,0.308
8000,0.087,0.617,0.296
8500,0.086,0.590,0.324
9000,0.083,0.625,0.292
9500,0.089,0.608,0.303
10000,0.089,0.630,0.281
10500,0.088,0.637,0.275
11000,0.089,0.654,0.257
11500,0.088,0.638,0.274
12000,0.095,0.638,0.267
12500,0.091,0.629,0.280
13000,0.095,0.591,0.314
13500,0.098,0.590,0.312
14000,0.091,0.591,0.318
14500,0.094,0.575,0.331
15000,0.102,0.524,0.374
15500,0.098,0.537,0.365
16000,0.089,0.541,0.370
16500,0.095,0.602,0.303
17000,0.093,0.590,0.317
17500,0.092,0.601,0.307
18000,0.105,0.564,0.331
18500,0.105,0.535,0.360
19000,0.107,0.536,0.357
19500,0.102,0.575,0.323
20000,0.087,0.585,0.328
20500,0.097,0.553,0.350
21000,0.102,0.536,0.362
21500,0.100,0.522,0.378
22000,0.097,0.512,0.391
22500,0.100,0.551,0.349
23000,0.111,0.524,0.365
23500,0.099,0.585,0.316
24000,0.097,0.604,0.299
24500,0.087,0.580,0.333
25000,0.089,0.589,0.322
25500,0.102,0.598,0.300
26000,0.109,0.561,0.330
26500,0.104,0.552,0.344
27000,0.109,0.500,0.391
27500,0.110,0.502,0.388
28000,0.120,0.528,0.352
28500,0.099,0.560,0.341
29000,0.116,0.508,0.376
29500,0.110,0.526,0.364
30000,0.106,0.548,0.346
30500,0.117,0.494,0.389
31000,0.111,0.460,0.429
31500,0.112,0.490,0.398
32000,0.116,0.472,0.412
32500,0.128,0.479,0.393
33000,0.114,0.484,0.402
33500,0.091,0.526,0.383
34000,0.101,0.509,0.390
34500,0.106,0.513,0.381
35000,0.099,0.554,0.347
35500,0.094,0.563,0.343
36000,0.099,0.544,0.357
36500,0.101,0.519,0.380
37000,0.107,0.503,0.390
37500,0.105,0.512,0.383
38000,0.115,0.526,0.359
38500,0.099,0.553,0.348
39000,0.091,0.578,0.331
39500,0.091,0.594,0.315
40000,0.098,0.634,0.268
40500,0.091,0.636,0.273
41000,0.087,0.643,0.270
41500,0.086,0.638,0.276
42000,0.091,0.625,0.284
42500,0.089,0.596,0.315
43000,0.090,0.555,0.355
43500,0.090,0.559,0.351
44000,0.088,0.551,0.361
44500,0.100,0.561,0.339
45000,0.094,0.597,0.309
45500,0.091,0.564,0.345
46000,0.108,0.545,0.347
46500,0.119,0.501,0.380
47000,0.109,0.520,0.371
47500,0.104,0.502,0.394
48000,0.113,0.528,0.359
48500,0.097,0.599,0.304
49000,0.091,0.587,0.322
49500,0.092,0.571,0.337
50000,0.097,0.547,0.356
50500,0.100,0.577,0.323
51000,0.104,0.554,0.342
51500,0.100,0.521,0.379
52000,0.107,0.565,0.328
52500,0.112,0.591,0.297
53000,0.124,0.495,0.381
53500,0.117,0.509,0.374
54000,0.114,0.545,0.341
54500,0.095,0.579,0.326
55000,0.097,0.567,0.336
55500,0.098,0.574,0.328
56000,0.098,0.613,0.289
56500,0.097,0.600,0.303
57000,0.113,0.586,0.301
57500,0.099,0.596,0.305
58000,0.090,0.587,0.323
58500,0.093,0.578,0.329
59000,0.101,0.598,0.301
59500,0.094,0.581,0.325
60000,0.089,0.597,0.314
60500,0.099,0.607,0.294
61000,0.104,0.570,0.326
61500,0.107,0.582,0.311
62000,0.093,0.598,0.309
62500,0.093,0.637,0.270
63000,0.093,0.622,0.285
63500,0.090,0.587,0.323
64000,0.092,0.584,0.324
64500,0.098,0.566,0.336
65000,0.092,0.591,0.317
65500,0.099,0.613,0.288
66000,0.098,0.599,0.303
66500,0.102,0.593,0.305
67000,0.095,0.603,0.302
67500,0.097,0.590,0.313
68000,0.093,0.570,0.337
68500,0.100,0.527,0.373
69000,0.096,0.561,0.343
69500,0.092,0.572,0.336
70000,0.095,0.559,0.346
70500,0.101,0.571,0.328
71000,0.087,0.596,0.317
71500,0.085,0.583,0.332
72000,0.086,0.551,0.363
72500,0.093,0.564,0.343
73000,0.100,0.536,0.364
73500,0.096,0.572,0.332
74000,0.102,0.559,0.339
74500,0.102,0.601,0.297
75000,0.096,0.593,0.311
75500,0.088,0.613,0.299
76000,0.082,0.652,0.266
76500,0.082,0.605,0.313
77000,0.096,0.554,0.350
77500,0.095,0.551,0.354
78000,0.089,0.590,0.321
78500,0.100,0.551,0.349
79000,0.095,0.566,0.339
79500,0.097,0.576,0.327
80000,0.101,0.610,0.289
80500,0.096,0.608,0.296
81000,0.096,0.566,0.338
81500,0.101,0.578,0.321
82000,0.093,0.585,0.322
82500,0.094,0.509,0.397
83000,0.092,0.538,0.370
83500,0.096,0.581,0.323
84000,0.100,0.576,0.324
84500,0.099,0.588,0.313
85000,0.095,0.534,0.371
85500,0.092,0.530,0.378
86000,0.098,0.517,0.385
86500,0.113,0.497,0.390
87000,0.113,0.504,0.383
87500,0.116,0.522,0.362
88000,0.109,0.549,0.342
88500,0.108,0.533,0.359
89000,0.111,0.524,0.365
89500,0.108,0.591,0.301
90000,0.104,0.589,0.307
90500,0.098,0.606,0.296
91000,0.095,0.580,0.325
91500,0.091,0.583,0.326
92000,0.093,0.600,0.307
92500,0.085,0.546,0.369
93000,0.092,0.575,0.333
93500,0.097,0.518,0.385
94000,0.109,0.525,0.366
94500,0.117,0.528,0.355
95000,0.114,0.519,0.367
95500,0.126,0.461,0.413
96000,0.124,0.455,0.421
96500,0.138,0.437,0.425
97000,0.114,0.504,0.382
97500,0.114,0.481,0.405
98000,0.123,0.457,0.420
98500,0.126,0.458,0.416
99000,0.110,0.437,0.453
99500,0.126,0.461,0.413
100000,0.135,0.491,0.374
100500,0.108,0.512,0.380
101000,0.120,0.501,0.379
101500,0.114,0.481,0.405
102000,0.112,0.475,0.413
102500,0.123,0.490,0.387
103000,0.131,0.468,0.401
103500,0.117,0.499,0.384
104000,0.106,0.480,0.414
104500,0.108,0.518,0.374
105000,0.116,0.490,0.394
105500,0.116,0.525,0.359
106000,0.128,0.508,0.364
106500,0.135,0.446,0.419
107000,0.133,0.465,0.402
107500,0.127,0.464,0.409
108000,0.145,0.477,0.378
108500,0.141,0.476,0.383
109000,0.114,0.469,0.417
109500,0.118,0.526,0.356
110000,0.101,0.567,0.332
110500,0.104,0.583,0.313
111000,0.104,0.542,0.354
111500,0.109,0.539,0.352
112000,0.099,0.540,0.361
112500,0.100,0.562,0.338
113000,0.099,0.563,0.338
113500,0.092,0.611,0.297
114000,0.090,0.609,0.301
114500,0.092,0.564,0.344
115000,0.110,0.520,0.370
115500,0.119,0.476,0.405
116000,0.120,0.473,0.407
116500,0.128,0.477,0.395
117000,0.122,0.486,0.392
117500,0.123,0.519,0.358
118000,0.117,0.508,0.375
118500,0.127,0.473,0.400
119000,0.098,0.508,0.394
119500,0.099,0.530,0.371
120000,0.103,0.549,0.348
120500,0.107,0.568,0.325
121000,0.110,0.543,0.347
121500,0.120,0.566,0.314
122000,0.103,0.539,0.358
122500,0.099,0.528,0.373
123000,0.104,0.575,0.321
123500,0.091,0.641,0.268
124000,0.093,0.608,0.299
124500,0.097,0.581,0.322
125000,0.103,0.604,0.293
125500,0.100,0.570,0.330
126000,0.093,0.574,0.333
126500,0.089,0.600,0.311
127000,0.092,0.612,0.296
127500,0.084,0.620,0.296
128000,0.086,0.640,0.274
128500,0.095,0.629,0.276
129000,0.090,0.624,0.286
129500,0.085,0.607,0.308
130000,0.090,0.592,0.318
130500,0.090,0.565,0.345
131000,0.099,0.597,0.304
131500,0.098,0.557,0.345
132000,0.103,0.562,0.335
132500,0.105,0.558,0.337
133000,0.109,0.544,0.347
133500,0.118,0.509,0.373
134000,0.112,0.560,0.328
134500,0.099,0.561,0.340
135000,0.107,0.581,0.312
135500,0.094,0.538,0.368
136000,0.095,0.510,0.395
136500,0.098,0.552,0.350
137000,0.099,0.586,0.315
137500,0.092,0.614,0.294
138000,0.094,0.599,0.307
138500,0.096,0.604,0.300
139000,0.100,0.586,0.314
139500,0.096,0.591,0.313
140000,0.089,0.606,0.305
140500,0.098,0.563,0.339
141000,0.094,0.590,0.316
141500,0.096,0.590,0.314
142000,0.100,0.603,0.297
142500,0.099,0.575,0.326
143000,0.099,0.582,0.319
143500,0.097,0.593,0.310
144000,0.091,0.591,0.318
144500,0.097,0.620,0.283
145000,0.094,0.584,0.322
145500,0.103,0.611,0.286
146000,0.095,0.602,0.303
146500,0.096,0.575,0.329
147000,0.088,0.586,0.326
147500,0.083,0.605,0.312
148000,0.087,0.590,0.323
148500,0.101,0.588,0.311
149000,0.098,0.601,0.301
149500,0.090,0.611,0.299
150000,0.089,0.632,0.279
150500,0.084,0.603,0.313
151000,0.094,0.602,0.304
151500,0.099,0.601,0.300
152000,0.096,0.586,0.318
152500,0.102,0.557,0.341
153000,0.092,0.609,0.299
153500,0.085,0.575,0.340
154000,0.093,0.606,0.301
154500,0.091,0.586,0.323
155000,0.095,0.531,0.374
155500,0.101,0.531,0.368
156000,0.092,0.560,0.348
156500,0.108,0.556,0.336
157000,0.099,0.562,0.339
157500,0.112,0.561,0.327
158000,0.106,0.571,0.323
158500,0.106,0.567,0.327
159000,0.100,0.537,0.363
159500,0.114,0.505,0.381
160000,0.114,0.520,0.366
160500,0.115,0.507,0.378
161000,0.114,0.533,0.353
161500,0.106,0.562,0.332
162000,0.107,0.527,0.366
162500,0.108,0.527,0.365
163000,0.111,0.523,0.366
163500,0.104,0.516,0.380
164000,0.115,0.528,0.357
164500,0.109,0.522,0.369
165000,0.118,0.494,0.388
165500,0.123,0.434,0.443
166000,0.135,0.465,0.400
166500,0.146,0.453,0.401
167000,0.146,0.439,0.415
167500,0.154,0.451,0.395
168000,0.153,0.446,0.401
168500,0.136,0.411,0.453
169000,0.132,0.447,0.421
169500,0.133,0.429,0.438
170000,0.147,0.440,0.413
170500,0.120,0.468,0.412
171000,0.123,0.483,0.394
171500,0.107,0.485,0.408
172000,0.101,0.496,0.403
172500,0.101,0.514,0.385
173000,0.092,0.580,0.328
173500,0.095,0.593,0.312
174000,0.088,0.623,0.289
174500,0.091,0.606,0.303
175000,0.099,0.563,0.338
175500,0.100,0.563,0.337
176000,0.108,0.563,0.329
176500,0.106,0.535,0.359
177000,0.115,0.521,0.364
177500,0.099,0.518,0.383
178000,0.099,0.567,0.334
178500,0.094,0.606,0.300
179000,0.100,0.588,0.312
179500,0.096,0.572,0.332
180000,0.096,0.546,0.358
180500,0.116,0.549,0.335
181000,0.103,0.549,0.348
181500,0.094,0.549,0.357
182000,0.102,0.533,0.365
182500,0.107,0.562,0.331
183000,0.098,0.524,0.378
183500,0.095,0.542,0.363
184000,0.101,0.538,0.361
184500,0.114,0.508,0.378
185000,0.114,0.449,0.437
185500,0.138,0.469,0.393
186000,0.117,0.486,0.397
186500,0.117,0.520,0.363
187000,0.103,0.515,0.382
187500,0.104,0.538,0.358
188000,0.122,0.517,0.361
188500,0.120,0.524,0.356
189000,0.113,0.525,0.362
189500,0.112,0.497,0.391
190000,0.107,0.538,0.355
190500,0.104,0.488,0.408
191000,0.118,0.505,0.377
191500,0.118,0.523,0.359
192000,0.106,0.536,0.358
192500,0.105,0.554,0.341
193000,0.106,0.544,0.350
193500,0.112,0.535,0.353
194000,0.118,0.535,0.347
194500,0.122,0.523,0.355
195000,0.107,0.497,0.396
195500,0.106,0.552,0.342
196000,0.108,0.541,0.351
196500,0.108,0.549,0.343
197000,0.092,0.574,0.334
197500,0.097,0.617,0.286
198000,0.092,0.607,0.301
198500,0.084,0.607,0.309
199000,0.088,0.588,0.324
199500,0.089,0.565,0.346
200000,0.096,0.536,0.368
200500,0.097,0.551,0.352
201000,0.107,0.565,0.328
201500,0.097,0.591,0.312
202000,0.091,0.578,0.331
202500,0.092,0.575,0.333
203000,0.090,0.555,0.355
203500,0.098,0.524,0.378
204000,0.096,0.519,0.385
204500,0.102,0.529,0.369
205000,0.108,0.558,0.334
205500,0.092,0.565,0.343
206000,0.097,0.564,0.339
206500,0.099,0.558,0.343
207000,0.095,0.560,0.345
207500,0.104,0.546,0.350
208000,0.116,0.485,0.399
208500,0.130,0.463,0.407
209000,0.131,0.480,0.389
209500,0.129,0.447,0.424
210000,0.149,0.420,0.431
210500,0.159,0.420,0.421
211000,0.162,0.394,0.444
211500,0.157,0.406,0.437
212000,0.157,0.360,0.483
212500,0.196,0.331,0.473
213000,0.213,0.315,0.472
213500,0.235,0.310,0.455
214000,0.199,0.292,0.509
214500,0.186,0.351,0.463
215000,0.195,0.326,0.479
215500,0.220,0.331,0.449
216000,0.209,0.312,0.479
216500,0.249,0.275,0.476
217000,0.247,0.273,0.480
217500,0.270,0.250,0.480
218000,0.311,0.191,0.498
218500,0.372,0.155,0.473
219000,0.443,0.111,0.446
219500,0.518,0.079,0.403
220000,0.593,0.034,0.373
220500,0.726,0.015,0.259
221000,0.836,0.004,0.160
221500,0.892,0.002,0.106
222000,0.917,0.001,0.082
222500,0.947,0.000,0.053
223000,0.970,0.000,0.030
223500,0.975,0.000,0.025
224000,0.987,0.000,0.013
224500,0.995,0.000,0.005
225000,1.000,0.000,0.000
