time,n_A+p,n_B,n_AB
0,0.450,0.550,0.000
500,0.234,0.317,0.449
1000,0.190,0.249,0.561
1500,0.148,0.230,0.622
2000,0.122,0.217,0.661
2500,0.122,0.205,0.673
3000,0.111,0.243,0.646
3500,0.097,0.219,0.683
4000,0.087,0.234,0.679
4500,0.097,0.266,0.637
5000,0.095,0.232,0.673
5500,0.072,0.283,0.645
6000,0.058,0.326,0.616
6500,0.036,0.432,0.532
7000,0.049,0.324,0.627
7500,0.049,0.317,0.634
8000,0.052,0.304,0.644
8500,0.044,0.286,0.670
9000,0.036,0.347,0.616
9500,0.033,0.381,0.586
10000,0.030,0.424,0.547
10500,0.026,0.466,0.509
11000,0.021,0.480,0.499
11500,0.023,0.490,0.487
12000,0.031,0.419,0.550
12500,0.030,0.386,0.584
13000,0.026,0.423,0.551
13500,0.019,0.389,0.591
14000,0.020,0.411,0.569
14500,0.027,0.390,0.583
15000,0.027,0.368,0.604
15500,0.024,0.441,0.535
16000,0.016,0.495,0.489
16500,0.014,0.480,0.506
17000,0.015,0.432,0.553
17500,0.012,0.457,0.531
18000,0.010,0.495,0.494
18500,0.009,0.528,0.463
19000,0.015,0.491,0.495
19500,0.010,0.502,0.487
20000,0.018,0.478,0.504
20500,0.012,0.490,0.498
21000,0.017,0.463,0.520
21500,0.011,0.519,0.470
22000,0.011,0.526,0.463
22500,0.008,0.546,0.446
23000,0.007,0.567,0.426
23500,0.007,0.512,0.481
24000,0.011,0.548,0.441
24500,0.009,0.555,0.436
25000,0.011,0.498,0.491
25500,0.009,0.592,0.399
26000,0.012,0.586,0.402
26500,0.008,0.633,0.360
27000,0.009,0.680,0.311
27500,0.007,0.732,0.261
28000,0.008,0.707,0.285
28500,0.006,0.656,0.338
29000,0.005,0.744,0.251
29500,0.003,0.763,0.233
30000,0.003,0.744,0.253
30500,0.003,0.756,0.241
31000,0.002,0.788,0.210
31500,0.002,0.797,0.201
32000,0.005,0.781,0.214
32500,0.005,0.742,0.253
33000,0.006,0.734,0.260
33500,0.006,0.745,0.249
34000,0.005,0.727,0.268
34500,0.003,0.731,0.266
35000,0.002,0.687,0.311
35500,0.002,0.731,0.267
36000,0.002,0.747,0.251
36500,0.004,0.664,0.332
37000,0.006,0.609,0.385
37500,0.003,0.639,0.358
38000,0.003,0.649,0.348
38500,0.006,0.619,0.375
39000,0.003,0.573,0.424
39500,0.007,0.581,0.412
40000,0.011,0.552,0.437
40500,0.008,0.531,0.460
41000,0.006,0.540,0.453
41500,0.007,0.535,0.458
42000,0.012,0.474,0.514
42500,0.017,0.428,0.555
43000,0.010,0.460,0.530
43500,0.010,0.507,0.483
44000,0.008,0.527,0.465
44500,0.009,0.535,0.456
45000,0.014,0.555,0.431
45500,0.008,0.570,0.422
46000,0.008,0.552,0.440
46500,0.007,0.583,0.410
47000,0.004,0.617,0.379
47500,0.004,0.641,0.355
48000,0.003,0.632,0.366
48500,0.005,0.650,0.345
49000,0.003,0.715,0.281
49500,0.006,0.679,0.315
50000,0.005,0.627,0.368
50500,0.007,0.623,0.370
51000,0.015,0.593,0.392
51500,0.010,0.612,0.378
52000,0.006,0.640,0.354
52500,0.005,0.654,0.341
53000,0.004,0.696,0.300
53500,0.006,0.604,0.389
54000,0.009,0.578,0.413
54500,0.006,0.598,0.396
55000,0.010,0.565,0.425
55500,0.015,0.576,0.410
56000,0.009,0.556,0.435
56500,0.012,0.582,0.406
57000,0.010,0.559,0.431
57500,0.009,0.523,0.469
58000,0.012,0.540,0.449
58500,0.006,0.619,0.375
59000,0.008,0.611,0.381
59500,0.007,0.622,0.371
60000,0.006,0.618,0.377
60500,0.002,0.673,0.325
61000,0.002,0.701,0.297
61500,0.008,0.705,0.287
62000,0.003,0.680,0.317
62500,0.002,0.694,0.304
63000,0.002,0.730,0.268
63500,0.002,0.689,0.308
64000,0.005,0.644,0.352
64500,0.003,0.666,0.330
65000,0.008,0.663,0.329
65500,0.003,0.637,0.360
66000,0.005,0.665,0.329
66500,0.005,0.656,0.339
67000,0.006,0.652,0.342
67500,0.005,0.661,0.334
68000,0.003,0.634,0.363
68500,0.005,0.657,0.338
69000,0.005,0.678,0.318
69500,0.003,0.698,0.299
70000,0.002,0.694,0.303
70500,0.003,0.686,0.311
71000,0.003,0.659,0.338
71500,0.005,0.575,0.420
72000,0.012,0.569,0.420
72500,0.010,0.579,0.412
73000,0.009,0.515,0.477
73500,0.015,0.494,0.491
74000,0.009,0.521,0.470
74500,0.009,0.454,0.537
75000,0.014,0.508,0.478
75500,0.006,0.558,0.436
76000,0.005,0.576,0.419
76500,0.008,0.566,0.425
77000,0.008,0.594,0.398
77500,0.008,0.559,0.432
78000,0.009,0.609,0.382
78500,0.004,0.582,0.414
79000,0.006,0.610,0.384
79500,0.003,0.706,0.290
80000,0.003,0.746,0.250
80500,0.003,0.728,0.269
81000,0.003,0.693,0.304
81500,0.003,0.691,0.306
82000,0.005,0.615,0.380
82500,0.005,0.624,0.371
83000,0.003,0.627,0.370
83500,0.006,0.549,0.445
84000,0.005,0.570,0.425
84500,0.008,0.591,0.400
85000,0.009,0.570,0.421
85500,0.005,0.576,0.419
86000,0.005,0.652,0.343
86500,0.003,0.657,0.340
87000,0.002,0.635,0.363
87500,0.003,0.698,0.298
88000,0.005,0.642,0.353
88500,0.012,0.631,0.357
89000,0.006,0.625,0.368
89500,0.006,0.605,0.388
90000,0.016,0.552,0.432
90500,0.009,0.555,0.437
91000,0.011,0.527,0.462
91500,0.008,0.569,0.423
92000,0.007,0.525,0.468
92500,0.008,0.551,0.442
93000,0.005,0.587,0.409
93500,0.002,0.626,0.372
94000,0.002,0.647,0.352
94500,0.006,0.645,0.349
95000,0.003,0.645,0.352
95500,0.002,0.705,0.293
96000,0.002,0.704,0.293
96500,0.003,0.692,0.304
97000,0.001,0.662,0.336
97500,0.003,0.646,0.350
98000,0.003,0.663,0.334
98500,0.002,0.633,0.366
99000,0.003,0.633,0.363
99500,0.003,0.630,0.366
100000,0.003,0.662,0.335
100500,0.007,0.679,0.314
101000,0.012,0.605,0.382
101500,0.009,0.597,0.395
102000,0.016,0.622,0.362
102500,0.008,0.626,0.366
103000,0.007,0.643,0.350
103500,0.002,0.709,0.289
104000,0.005,0.674,0.321
104500,0.006,0.621,0.373
105000,0.006,0.580,0.413
105500,0.009,0.549,0.442
106000,0.008,0.578,0.414
106500,0.011,0.601,0.388
107000,0.004,0.685,0.311
107500,0.005,0.673,0.322
108000,0.008,0.662,0.331
108500,0.005,0.634,0.361
109000,0.009,0.662,0.329
109500,0.005,0.633,0.363
110000,0.003,0.625,0.372
110500,0.006,0.661,0.333
111000,0.003,0.618,0.379
111500,0.005,0.686,0.309
112000,0.003,0.729,0.268
112500,0.002,0.717,0.281
113000,0.003,0.664,0.333
113500,0.005,0.644,0.351
114000,0.002,0.619,0.379
114500,0.002,0.630,0.367
115000,0.001,0.618,0.381
115500,0.005,0.594,0.401
116000,0.007,0.598,0.395
116500,0.011,0.634,0.354
117000,0.003,0.665,0.331
117500,0.017,0.583,0.400
118000,0.012,0.587,0.400
118500,0.005,0.572,0.423
119000,0.009,0.577,0.414
119500,0.013,0.610,0.377
120000,0.005,0.605,0.390
120500,0.006,0.579,0.416
121000,0.006,0.569,0.425
121500,0.006,0.608,0.385
122000,0.010,0.570,0.420
122500,0.003,0.654,0.343
123000,0.004,0.642,0.354
123500,0.013,0.628,0.359
124000,0.006,0.641,0.353
124500,0.004,0.622,0.374
125000,0.002,0.570,0.428
125500,0.002,0.580,0.417
126000,0.004,0.572,0.424
126500,0.009,0.552,0.439
127000,0.005,0.551,0.444
127500,0.005,0.598,0.398
128000,0.008,0.540,0.453
128500,0.008,0.590,0.403
129000,0.006,0.614,0.380
129500,0.003,0.566,0.431
130000,0.005,0.590,0.406
130500,0.007,0.552,0.441
131000,0.006,0.580,0.414
131500,0.006,0.616,0.378
132000,0.008,0.549,0.444
132500,0.005,0.568,0.428
133000,0.006,0.614,0.380
133500,0.002,0.654,0.345
134000,0.005,0.622,0.373
134500,0.005,0.598,0.397
135000,0.005,0.567,0.428
135500,0.008,0.580,0.412
136000,0.004,0.572,0.424
136500,0.005,0.607,0.388
137000,0.008,0.603,0.389
137500,0.006,0.605,0.389
138000,0.009,0.580,0.412
138500,0.001,0.579,0.420
139000,0.003,0.561,0.436
139500,0.008,0.571,0.421
140000,0.009,0.569,0.422
140500,0.005,0.631,0.364
141000,0.003,0.724,0.272
141500,0.002,0.750,0.249
142000,0.003,0.774,0.223
142500,0.002,0.745,0.253
143000,0.003,0.704,0.293
143500,0.007,0.683,0.310
144000,0.009,0.723,0.268
144500,0.006,0.702,0.292
145000,0.006,0.730,0.264
145500,0.012,0.722,0.266
146000,0.005,0.705,0.290
146500,0.004,0.637,0.359
147000,0.004,0.619,0.377
147500,0.005,0.630,0.364
148000,0.005,0.685,0.311
148500,0.003,0.722,0.275
149000,0.003,0.727,0.270
149500,0.008,0.687,0.304
150000,0.004,0.644,0.352
150500,0.006,0.623,0.370
151000,0.002,0.600,0.398
151500,0.005,0.583,0.412
152000,0.003,0.642,0.355
152500,0.003,0.629,0.367
153000,0.003,0.644,0.353
153500,0.003,0.632,0.366
154000,0.005,0.627,0.368
154500,0.005,0.605,0.390
155000,0.001,0.653,0.346
155500,0.002,0.627,0.371
156000,0.002,0.655,0.342
156500,0.003,0.640,0.357
157000,0.005,0.657,0.339
157500,0.003,0.708,0.289
158000,0.002,0.763,0.235
158500,0.002,0.714,0.284
159000,0.002,0.781,0.217
159500,0.001,0.747,0.252
160000,0.001,0.750,0.249
160500,0.003,0.725,0.272
161000,0.003,0.729,0.268
161500,0.003,0.743,0.254
162000,0.002,0.745,0.253
162500,0.001,0.717,0.282
163000,0.001,0.733,0.266
163500,0.003,0.657,0.340
164000,0.002,0.655,0.343
164500,0.002,0.701,0.297
165000,0.001,0.706,0.293
165500,0.001,0.718,0.281
166000,0.002,0.705,0.293
166500,0.002,0.703,0.295
167000,0.002,0.700,0.297
167500,0.005,0.718,0.277
168000,0.003,0.637,0.360
168500,0.003,0.686,0.310
169000,0.003,0.708,0.289
169500,0.006,0.699,0.295
170000,0.002,0.719,0.279
170500,0.001,0.751,0.248
171000,0.001,0.659,0.340
171500,0.001,0.711,0.288
172000,0.005,0.674,0.321
172500,0.002,0.686,0.311
173000,0.002,0.736,0.262
173500,0.002,0.694,0.303
174000,0.002,0.707,0.290
174500,0.002,0.690,0.308
175000,0.001,0.717,0.282
175500,0.001,0.726,0.274
176000,0.002,0.711,0.287
176500,0.003,0.758,0.238
177000,0.003,0.703,0.294
177500,0.001,0.694,0.305
178000,0.004,0.711,0.285
178500,0.003,0.678,0.320
179000,0.003,0.685,0.313
179500,0.001,0.707,0.292
180000,0.002,0.721,0.278
180500,0.003,0.671,0.326
181000,0.002,0.685,0.313
181500,0.003,0.719,0.277
182000,0.001,0.694,0.305
182500,0.002,0.697,0.301
183000,0.001,0.657,0.343
183500,0.001,0.699,0.300
184000,0.002,0.781,0.217
184500,0.001,0.771,0.229
185000,0.001,0.742,0.257
185500,0.000,0.735,0.265
186000,0.000,0.781,0.219
186500,0.001,0.771,0.228
187000,0.000,0.789,0.211
187500,0.000,0.840,0.160
188000,0.005,0.786,0.210
188500,0.004,0.768,0.228
189000,0.001,0.750,0.249
189500,0.002,0.732,0.265
190000,0.001,0.696,0.304
190500,0.001,0.720,0.279
191000,0.003,0.713,0.283
191500,0.002,0.717,0.281
192000,0.002,0.739,0.260
192500,0.001,0.727,0.272
193000,0.001,0.739,0.260
193500,0.002,0.764,0.234
194000,0.000,0.758,0.242
194500,0.002,0.778,0.221
195000,0.001,0.749,0.250
195500,0.002,0.717,0.281
196000,0.002,0.729,0.269
196500,0.001,0.714,0.285
197000,0.014,0.662,0.324
197500,0.011,0.661,0.328
198000,0.008,0.634,0.357
198500,0.003,0.624,0.373
199000,0.008,0.555,0.437
199500,0.002,0.638,0.360
200000,0.002,0.605,0.392
200500,0.005,0.613,0.382
201000,0.005,0.592,0.403
201500,0.007,0.595,0.398
202000,0.002,0.551,0.446
202500,0.006,0.626,0.368
203000,0.002,0.677,0.321
203500,0.006,0.698,0.296
204000,0.004,0.708,0.288
204500,0.008,0.639,0.353
205000,0.002,0.625,0.374
205500,0.008,0.586,0.406
206000,0.004,0.625,0.371
206500,0.005,0.654,0.342
207000,0.004,0.706,0.290
207500,0.003,0.679,0.318
208000,0.005,0.626,0.369
208500,0.003,0.600,0.397
209000,0.006,0.676,0.317
209500,0.002,0.628,0.370
210000,0.002,0.654,0.343
210500,0.003,0.669,0.328
211000,0.003,0.670,0.327
211500,0.002,0.664,0.334
212000,0.003,0.607,0.391
212500,0.003,0.590,0.407
213000,0.001,0.610,0.389
213500,0.003,0.629,0.368
214000,0.001,0.673,0.325
214500,0.002,0.649,0.349
215000,0.003,0.634,0.363
215500,0.007,0.569,0.424
216000,0.002,0.590,0.408
216500,0.002,0.681,0.317
217000,0.002,0.669,0.329
217500,0.005,0.652,0.343
218000,0.005,0.720,0.275
218500,0.004,0.677,0.319
219000,0.007,0.680,0.313
219500,0.003,0.759,0.238
220000,0.001,0.698,0.302
220500,0.001,0.739,0.260
221000,0.000,0.774,0.226
221500,0.000,0.772,0.228
222000,0.001,0.767,0.233
222500,0.000,0.754,0.246
223000,0.003,0.726,0.270
223500,0.002,0.733,0.265
224000,0.001,0.777,0.222
224500,0.003,0.744,0.252
225000,0.005,0.754,0.242
225500,0.000,0.765,0.235
226000,0.001,0.747,0.252
226500,0.002,0.757,0.241
227000,0.001,0.774,0.226
227500,0.002,0.788,0.210
228000,0.001,0.824,0.176
228500,0.002,0.755,0.243
229000,0.002,0.785,0.212
229500,0.002,0.817,0.180
230000,0.001,0.810,0.189
230500,0.001,0.782,0.217
231000,0.010,0.703,0.287
231500,0.005,0.683,0.313
232000,0.003,0.683,0.313
232500,0.005,0.737,0.258
233000,0.001,0.668,0.332
233500,0.002,0.701,0.297
234000,0.003,0.745,0.251
234500,0.002,0.717,0.282
235000,0.004,0.659,0.337
235500,0.002,0.644,0.354
236000,0.002,0.663,0.335
236500,0.003,0.641,0.356
237000,0.003,0.657,0.339
237500,0.003,0.636,0.360
238000,0.002,0.612,0.385
238500,0.005,0.632,0.363
239000,0.005,0.681,0.314
239500,0.004,0.711,0.285
240000,0.003,0.714,0.282
240500,0.001,0.725,0.274
241000,0.002,0.712,0.286
241500,0.002,0.739,0.259
242000,0.000,0.756,0.244
242500,0.002,0.772,0.226
243000,0.001,0.758,0.240
243500,0.001,0.687,0.311
244000,0.002,0.641,0.357
244500,0.002,0.646,0.352
245000,0.009,0.593,0.398
245500,0.008,0.593,0.400
246000,0.003,0.635,0.361
246500,0.009,0.682,0.309
247000,0.004,0.666,0.330
247500,0.012,0.636,0.352
248000,0.004,0.697,0.299
248500,0.004,0.711,0.285
249000,0.003,0.774,0.222
249500,0.002,0.739,0.258
250000,0.004,0.679,0.317
250500,0.007,0.714,0.279
251000,0.006,0.683,0.311
251500,0.002,0.622,0.375
252000,0.005,0.561,0.434
252500,0.008,0.551,0.441
253000,0.007,0.547,0.446
253500,0.006,0.522,0.473
254000,0.006,0.522,0.473
254500,0.003,0.572,0.425
255000,0.012,0.545,0.442
255500,0.003,0.615,0.382
256000,0.002,0.626,0.372
256500,0.006,0.660,0.334
257000,0.006,0.648,0.346
257500,0.005,0.693,0.302
258000,0.003,0.730,0.267
258500,0.003,0.765,0.232
259000,0.003,0.687,0.310
259500,0.009,0.562,0.428
260000,0.003,0.583,0.414
260500,0.001,0.689,0.310
261000,0.003,0.596,0.400
261500,0.005,0.582,0.413
262000,0.003,0.592,0.405
262500,0.003,0.629,0.368
263000,0.005,0.546,0.449
263500,0.009,0.569,0.422
264000,0.005,0.531,0.464
264500,0.004,0.537,0.459
265000,0.011,0.523,0.466
265500,0.011,0.520,0.469
266000,0.005,0.518,0.477
266500,0.007,0.501,0.492
267000,0.008,0.522,0.470
267500,0.004,0.535,0.461
268000,0.005,0.536,0.459
268500,0.008,0.532,0.460
269000,0.004,0.558,0.438
269500,0.007,0.538,0.455
270000,0.005,0.540,0.455
270500,0.007,0.544,0.449
271000,0.003,0.562,0.434
271500,0.009,0.526,0.464
272000,0.007,0.568,0.425
272500,0.005,0.657,0.338
273000,0.002,0.618,0.380
273500,0.007,0.558,0.435
274000,0.006,0.588,0.406
274500,0.003,0.669,0.328
275000,0.005,0.654,0.342
275500,0.002,0.650,0.347
276000,0.005,0.614,0.382
276500,0.009,0.575,0.416
277000,0.007,0.524,0.469
277500,0.010,0.506,0.484
278000,0.007,0.493,0.500
278500,0.010,0.526,0.464
279000,0.008,0.453,0.540
279500,0.009,0.535,0.456
280000,0.012,0.588,0.400
280500,0.012,0.531,0.457
281000,0.012,0.574,0.414
281500,0.006,0.573,0.421
282000,0.006,0.559,0.435
282500,0.005,0.590,0.405
283000,0.003,0.646,0.351
283500,0.003,0.649,0.347
284000,0.002,0.690,0.308
284500,0.005,0.658,0.337
285000,0.002,0.717,0.282
285500,0.002,0.748,0.250
286000,0.001,0.764,0.235
286500,0.001,0.730,0.269
287000,0.001,0.685,0.314
287500,0.003,0.749,0.248
288000,0.002,0.665,0.332
288500,0.006,0.641,0.353
289000,0.002,0.669,0.328
289500,0.004,0.568,0.428
290000,0.003,0.542,0.455
290500,0.001,0.569,0.430
291000,0.005,0.582,0.413
291500,0.005,0.630,0.365
292000,0.003,0.642,0.355
292500,0.004,0.678,0.318
293000,0.006,0.623,0.370
293500,0.005,0.640,0.354
294000,0.005,0.625,0.370
294500,0.003,0.672,0.324
295000,0.005,0.651,0.343
295500,0.004,0.677,0.319
296000,0.006,0.662,0.332
296500,0.009,0.644,0.347
297000,0.003,0.640,0.357
297500,0.006,0.593,0.400
298000,0.003,0.625,0.371
298500,0.003,0.660,0.336
299000,0.009,0.630,0.361
299500,0.006,0.626,0.368
300000,0.003,0.635,0.362
300500,0.000,0.626,0.374
301000,0.000,0.609,0.391
301500,0.001,0.684,0.315
302000,0.002,0.688,0.310
302500,0.003,0.669,0.327
303000,0.002,0.671,0.327
303500,0.001,0.716,0.283
304000,0.002,0.756,0.242
304500,0.002,0.745,0.253
305000,0.001,0.765,0.234
305500,0.002,0.763,0.235
306000,0.002,0.784,0.214
306500,0.001,0.736,0.264
307000,0.001,0.750,0.249
307500,0.002,0.683,0.315
308000,0.003,0.714,0.283
308500,0.004,0.734,0.262
309000,0.003,0.741,0.256
309500,0.004,0.615,0.381
310000,0.003,0.692,0.304
310500,0.003,0.696,0.301
311000,0.005,0.662,0.333
311500,0.014,0.608,0.378
312000,0.012,0.562,0.426
312500,0.010,0.553,0.437
313000,0.011,0.587,0.402
313500,0.010,0.587,0.403
314000,0.007,0.590,0.403
314500,0.008,0.667,0.325
315000,0.003,0.698,0.299
315500,0.003,0.712,0.284
316000,0.003,0.750,0.246
316500,0.002,0.757,0.241
317000,0.003,0.771,0.226
317500,0.002,0.768,0.230
318000,0.002,0.763,0.235
318500,0.001,0.838,0.161
319000,0.001,0.818,0.180
319500,0.001,0.821,0.178
320000,0.001,0.811,0.189
320500,0.001,0.768,0.231
321000,0.003,0.748,0.249
321500,0.001,0.788,0.211
322000,0.001,0.760,0.240
322500,0.001,0.740,0.258
323000,0.001,0.756,0.243
323500,0.001,0.732,0.268
324000,0.002,0.770,0.228
324500,0.002,0.795,0.203
325000,0.001,0.806,0.194
325500,0.000,0.801,0.199
326000,0.000,0.809,0.191
326500,0.000,0.810,0.190
327000,0.000,0.804,0.196
327500,0.001,0.771,0.228
328000,0.001,0.715,0.285
328500,0.002,0.672,0.326
329000,0.002,0.676,0.322
329500,0.001,0.734,0.265
330000,0.001,0.742,0.257
330500,0.001,0.729,0.269
331000,0.002,0.718,0.280
331500,0.002,0.746,0.251
332000,0.002,0.767,0.231
332500,0.003,0.760,0.237
333000,0.002,0.750,0.248
333500,0.003,0.789,0.207
334000,0.001,0.785,0.214
334500,0.002,0.846,0.153
335000,0.001,0.817,0.182
335500,0.003,0.793,0.204
336000,0.002,0.816,0.182
336500,0.003,0.751,0.245
337000,0.003,0.780,0.217
337500,0.005,0.745,0.250
338000,0.001,0.764,0.235
338500,0.002,0.803,0.194
339000,0.003,0.749,0.249
339500,0.000,0.707,0.293
340000,0.001,0.725,0.274
340500,0.001,0.743,0.256
341000,0.001,0.688,0.311
341500,0.001,0.719,0.279
342000,0.002,0.717,0.281
342500,0.000,0.719,0.281
343000,0.001,0.691,0.308
343500,0.001,0.647,0.353
344000,0.002,0.648,0.350
344500,0.002,0.666,0.332
345000,0.001,0.661,0.338
345500,0.001,0.759,0.240
346000,0.001,0.680,0.319
346500,0.000,0.672,0.328
347000,0.001,0.668,0.332
347500,0.003,0.649,0.347
348000,0.005,0.637,0.358
348500,0.003,0.659,0.338
349000,0.001,0.696,0.303
349500,0.001,0.751,0.247
350000,0.001,0.782,0.217
350500,0.001,0.804,0.196
351000,0.001,0.815,0.184
351500,0.000,0.826,0.174
352000,0.000,0.812,0.188
352500,0.002,0.742,0.256
353000,0.002,0.728,0.270
353500,0.000,0.725,0.275
354000,0.004,0.722,0.274
354500,0.002,0.639,0.359
355000,0.005,0.700,0.295
355500,0.004,0.614,0.382
356000,0.003,0.646,0.351
356500,0.001,0.685,0.314
357000,0.002,0.692,0.306
357500,0.001,0.660,0.339
358000,0.000,0.712,0.288
358500,0.001,0.701,0.297
359000,0.000,0.687,0.313
359500,0.000,0.741,0.259
360000,0.000,0.753,0.247
360500,0.000,0.705,0.295
361000,0.000,0.721,0.279
361500,0.000,0.699,0.301
362000,0.001,0.723,0.276
362500,0.000,0.749,0.251
363000,0.001,0.740,0.259
363500,0.003,0.770,0.227
364000,0.002,0.765,0.233
364500,0.001,0.730,0.269
365000,0.001,0.725,0.274
365500,0.001,0.729,0.271
366000,0.001,0.701,0.299
366500,0.004,0.633,0.363
367000,0.006,0.661,0.334
367500,0.003,0.664,0.332
368000,0.006,0.641,0.353
368500,0.003,0.623,0.374
369000,0.005,0.570,0.424
369500,0.009,0.536,0.456
370000,0.007,0.568,0.425
370500,0.006,0.604,0.390
371000,0.002,0.568,0.430
371500,0.004,0.561,0.435
372000,0.002,0.593,0.405
372500,0.001,0.590,0.409
373000,0.005,0.630,0.366
373500,0.005,0.704,0.291
374000,0.002,0.705,0.293
374500,0.001,0.706,0.293
375000,0.001,0.715,0.285
375500,0.001,0.741,0.258
376000,0.000,0.719,0.281
376500,0.001,0.742,0.258
377000,0.002,0.696,0.303
377500,0.001,0.779,0.220
378000,0.002,0.726,0.272
378500,0.003,0.761,0.236
379000,0.003,0.731,0.265
379500,0.002,0.784,0.214
380000,0.001,0.761,0.237
380500,0.001,0.780,0.219
381000,0.000,0.796,0.204
381500,0.002,0.791,0.207
382000,0.003,0.763,0.235
382500,0.002,0.686,0.311
383000,0.001,0.671,0.329
383500,0.003,0.633,0.364
384000,0.000,0.601,0.399
384500,0.002,0.673,0.324
385000,0.002,0.705,0.293
385500,0.002,0.700,0.298
386000,0.003,0.672,0.325
386500,0.002,0.683,0.315
387000,0.003,0.695,0.302
387500,0.002,0.683,0.315
388000,0.002,0.665,0.333
388500,0.003,0.640,0.357
389000,0.002,0.644,0.353
389500,0.003,0.612,0.385
390000,0.001,0.611,0.388
390500,0.002,0.609,0.388
391000,0.001,0.625,0.374
391500,0.003,0.622,0.375
392000,0.001,0.617,0.382
392500,0.001,0.632,0.367
393000,0.005,0.599,0.396
393500,0.005,0.552,0.443
394000,0.013,0.571,0.416
394500,0.004,0.590,0.406
395000,0.001,0.644,0.356
395500,0.003,0.660,0.336
396000,0.005,0.617,0.378
396500,0.005,0.657,0.338
397000,0.005,0.650,0.345
397500,0.002,0.707,0.291
398000,0.003,0.721,0.276
398500,0.001,0.701,0.298
399000,0.006,0.632,0.363
399500,0.005,0.630,0.366
400000,0.002,0.682,0.315
400500,0.006,0.653,0.342
401000,0.003,0.605,0.391
401500,0.006,0.597,0.396
402000,0.005,0.563,0.432
402500,0.006,0.561,0.432
403000,0.003,0.570,0.427
403500,0.001,0.593,0.406
404000,0.002,0.609,0.389
404500,0.002,0.700,0.298
405000,0.001,0.692,0.307
405500,0.000,0.678,0.322
406000,0.000,0.692,0.308
406500,0.001,0.612,0.387
407000,0.002,0.633,0.365
407500,0.001,0.594,0.405
408000,0.001,0.565,0.435
408500,0.003,0.577,0.420
409000,0.001,0.597,0.403
409500,0.009,0.519,0.472
410000,0.008,0.572,0.420
410500,0.004,0.625,0.371
411000,0.003,0.581,0.416
411500,0.002,0.585,0.413
412000,0.002,0.629,0.370
412500,0.002,0.621,0.377
413000,0.002,0.636,0.361
413500,0.002,0.600,0.398
414000,0.008,0.537,0.455
414500,0.006,0.590,0.404
415000,0.006,0.659,0.335
415500,0.002,0.593,0.405
416000,0.008,0.566,0.426
416500,0.010,0.506,0.484
417000,0.003,0.565,0.432
417500,0.009,0.557,0.434
418000,0.009,0.546,0.445
418500,0.004,0.609,0.386
419000,0.003,0.574,0.423
419500,0.002,0.536,0.462
420000,0.002,0.597,0.401
420500,0.002,0.626,0.372
421000,0.001,0.632,0.367
421500,0.001,0.667,0.332
422000,0.004,0.623,0.373
422500,0.002,0.612,0.386
423000,0.001,0.698,0.301
423500,0.001,0.712,0.288
424000,0.004,0.648,0.347
424500,0.002,0.670,0.328
425000,0.002,0.664,0.334
425500,0.008,0.680,0.312
426000,0.002,0.647,0.351
426500,0.002,0.601,0.398
427000,0.002,0.667,0.331
427500,0.005,0.699,0.296
428000,0.005,0.707,0.288
428500,0.002,0.680,0.318
429000,0.005,0.707,0.288
429500,0.005,0.677,0.318
430000,0.003,0.664,0.332
430500,0.001,0.721,0.279
431000,0.003,0.714,0.283
431500,0.001,0.737,0.261
432000,0.000,0.670,0.330
432500,0.002,0.650,0.347
433000,0.002,0.668,0.329
433500,0.003,0.673,0.324
434000,0.003,0.685,0.312
434500,0.003,0.638,0.359
435000,0.003,0.680,0.317
435500,0.002,0.726,0.272
436000,0.002,0.679,0.319
436500,0.001,0.703,0.296
437000,0.000,0.710,0.290
437500,0.002,0.689,0.309
438000,0.003,0.621,0.376
438500,0.003,0.595,0.402
439000,0.004,0.634,0.361
439500,0.005,0.675,0.320
440000,0.002,0.719,0.279
440500,0.003,0.615,0.382
441000,0.006,0.701,0.293
441500,0.005,0.733,0.261
442000,0.003,0.726,0.271
442500,0.004,0.686,0.310
443000,0.006,0.622,0.372
443500,0.008,0.533,0.459
444000,0.008,0.529,0.463
444500,0.013,0.470,0.517
445000,0.013,0.536,0.452
445500,0.006,0.536,0.458
446000,0.012,0.487,0.501
446500,0.009,0.531,0.460
447000,0.010,0.543,0.447
447500,0.008,0.533,0.460
448000,0.013,0.520,0.467
448500,0.013,0.449,0.538
449000,0.018,0.392,0.590
449500,0.019,0.397,0.584
450000,0.023,0.407,0.570
450500,0.015,0.435,0.549
451000,0.011,0.406,0.583
451500,0.012,0.451,0.537
452000,0.020,0.448,0.531
452500,0.020,0.478,0.502
453000,0.015,0.468,0.517
453500,0.015,0.489,0.496
454000,0.013,0.532,0.455
454500,0.010,0.544,0.446
455000,0.008,0.590,0.403
455500,0.006,0.586,0.409
456000,0.003,0.577,0.420
456500,0.003,0.530,0.467
457000,0.009,0.524,0.467
457500,0.010,0.474,0.516
458000,0.012,0.475,0.513
458500,0.024,0.441,0.536
459000,0.021,0.472,0.507
459500,0.009,0.523,0.468
460000,0.008,0.579,0.413
460500,0.010,0.470,0.520
461000,0.010,0.464,0.525
461500,0.014,0.516,0.470
462000,0.006,0.555,0.439
462500,0.008,0.572,0.420
463000,0.006,0.568,0.426
463500,0.010,0.605,0.385
464000,0.008,0.512,0.481
464500,0.006,0.499,0.495
465000,0.008,0.477,0.515
465500,0.010,0.471,0.518
466000,0.009,0.473,0.517
466500,0.006,0.542,0.451
467000,0.008,0.547,0.445
467500,0.003,0.612,0.385
468000,0.002,0.630,0.368
468500,0.002,0.646,0.352
469000,0.006,0.570,0.423
469500,0.010,0.561,0.428
470000,0.006,0.520,0.474
470500,0.010,0.521,0.469
471000,0.003,0.581,0.416
471500,0.004,0.643,0.353
472000,0.002,0.673,0.325
472500,0.002,0.650,0.348
473000,0.002,0.669,0.329
473500,0.005,0.627,0.368
474000,0.004,0.583,0.413
474500,0.002,0.579,0.420
475000,0.003,0.602,0.395
475500,0.001,0.619,0.380
476000,0.006,0.646,0.348
476500,0.009,0.549,0.441
477000,0.013,0.569,0.419
477500,0.005,0.564,0.431
478000,0.009,0.548,0.443
478500,0.005,0.561,0.434
479000,0.005,0.557,0.438
479500,0.008,0.595,0.397
480000,0.002,0.595,0.402
480500,0.004,0.590,0.406
481000,0.003,0.587,0.410
481500,0.003,0.605,0.392
482000,0.000,0.640,0.360
482500,0.003,0.676,0.321
483000,0.002,0.648,0.349
483500,0.003,0.650,0.347
484000,0.005,0.629,0.367
484500,0.001,0.648,0.350
485000,0.006,0.677,0.317
485500,0.002,0.667,0.331
486000,0.003,0.647,0.350
486500,0.001,0.679,0.320
487000,0.002,0.741,0.257
487500,0.001,0.742,0.257
488000,0.003,0.775,0.222
488500,0.002,0.807,0.191
489000,0.002,0.834,0.165
489500,0.001,0.820,0.179
490000,0.002,0.824,0.175
490500,0.001,0.813,0.186
491000,0.002,0.735,0.263
491500,0.000,0.716,0.284
492000,0.002,0.647,0.350
492500,0.003,0.648,0.349
493000,0.003,0.608,0.389
493500,0.006,0.598,0.396
494000,0.012,0.530,0.458
494500,0.005,0.544,0.451
495000,0.005,0.568,0.427
495500,0.006,0.526,0.469
496000,0.005,0.551,0.445
496500,0.006,0.545,0.449
497000,0.006,0.578,0.416
497500,0.001,0.577,0.421
498000,0.001,0.608,0.391
498500,0.001,0.629,0.370
499000,0.002,0.605,0.393
499500,0.002,0.567,0.431
500000,0.004,0.577,0.419
500500,0.002,0.535,0.463
501000,0.002,0.559,0.439
501500,0.002,0.584,0.413
502000,0.006,0.611,0.383
502500,0.010,0.577,0.413
503000,0.016,0.550,0.434
503500,0.008,0.577,0.416
504000,0.006,0.571,0.423
504500,0.003,0.662,0.335
505000,0.003,0.651,0.346
505500,0.002,0.656,0.342
506000,0.002,0.712,0.286
506500,0.002,0.738,0.260
507000,0.001,0.721,0.278
507500,0.002,0.728,0.270
508000,0.001,0.767,0.232
508500,0.001,0.761,0.238
509000,0.000,0.718,0.282
509500,0.000,0.710,0.290
510000,0.000,0.698,0.302
510500,0.001,0.661,0.338
511000,0.001,0.662,0.338
511500,0.002,0.713,0.285
512000,0.001,0.715,0.284
512500,0.001,0.635,0.364
513000,0.002,0.598,0.400
513500,0.001,0.613,0.386
514000,0.006,0.618,0.376
514500,0.005,0.622,0.373
515000,0.003,0.623,0.373
515500,0.005,0.625,0.371
516000,0.002,0.593,0.406
516500,0.002,0.669,0.329
517000,0.002,0.679,0.319
517500,0.007,0.641,0.352
518000,0.009,0.571,0.420
518500,0.008,0.606,0.386
519000,0.003,0.545,0.452
519500,0.003,0.593,0.403
520000,0.006,0.560,0.434
520500,0.003,0.621,0.376
521000,0.003,0.633,0.363
521500,0.004,0.657,0.339
522000,0.005,0.601,0.394
522500,0.005,0.675,0.320
523000,0.005,0.635,0.360
523500,0.002,0.685,0.313
524000,0.002,0.735,0.263
524500,0.002,0.749,0.249
525000,0.002,0.751,0.246
525500,0.003,0.771,0.226
526000,0.003,0.768,0.229
526500,0.001,0.753,0.246
527000,0.001,0.798,0.201
527500,0.001,0.797,0.201
528000,0.001,0.818,0.181
528500,0.001,0.798,0.201
529000,0.002,0.774,0.225
529500,0.002,0.813,0.186
530000,0.001,0.799,0.201
530500,0.002,0.803,0.195
531000,0.002,0.774,0.224
531500,0.003,0.769,0.228
532000,0.001,0.755,0.244
532500,0.002,0.714,0.284
533000,0.001,0.744,0.256
533500,0.001,0.717,0.282
534000,0.002,0.722,0.276
534500,0.001,0.756,0.244
535000,0.001,0.707,0.292
535500,0.001,0.713,0.286
536000,0.003,0.670,0.327
536500,0.003,0.694,0.303
537000,0.005,0.707,0.289
537500,0.003,0.750,0.247
538000,0.002,0.772,0.226
538500,0.002,0.804,0.194
539000,0.001,0.791,0.208
539500,0.004,0.779,0.217
540000,0.001,0.788,0.211
540500,0.002,0.774,0.224
541000,0.005,0.671,0.324
541500,0.002,0.694,0.303
542000,0.002,0.720,0.278
542500,0.001,0.790,0.210
543000,0.002,0.806,0.192
543500,0.001,0.847,0.153
544000,0.002,0.886,0.112
544500,0.001,0.873,0.127
545000,0.001,0.885,0.114
545500,0.002,0.825,0.173
546000,0.001,0.856,0.143
546500,0.002,0.857,0.141
547000,0.001,0.842,0.157
547500,0.000,0.845,0.155
548000,0.000,0.879,0.121
548500,0.001,0.873,0.126
549000,0.000,0.841,0.159
549500,0.005,0.815,0.180
550000,0.001,0.810,0.190
550500,0.000,0.815,0.185
551000,0.001,0.734,0.265
551500,0.002,0.713,0.285
552000,0.001,0.728,0.272
552500,0.002,0.705,0.293
553000,0.003,0.649,0.348
553500,0.002,0.656,0.342
554000,0.001,0.619,0.380
554500,0.001,0.672,0.328
555000,0.001,0.693,0.307
555500,0.002,0.736,0.263
556000,0.002,0.744,0.254
556500,0.004,0.707,0.289
557000,0.003,0.684,0.313
557500,0.002,0.646,0.352
558000,0.006,0.692,0.302
558500,0.006,0.685,0.308
559000,0.003,0.654,0.343
559500,0.003,0.702,0.295
560000,0.002,0.682,0.317
560500,0.002,0.754,0.244
561000,0.001,0.733,0.265
561500,0.000,0.659,0.341
562000,0.001,0.692,0.307
562500,0.002,0.687,0.310
563000,0.009,0.616,0.374
563500,0.001,0.691,0.308
564000,0.002,0.712,0.286
564500,0.002,0.664,0.334
565000,0.005,0.648,0.346
565500,0.005,0.662,0.333
566000,0.005,0.678,0.317
566500,0.004,0.722,0.274
567000,0.004,0.721,0.275
567500,0.006,0.679,0.315
568000,0.005,0.697,0.299
568500,0.001,0.718,0.281
569000,0.002,0.664,0.335
569500,0.002,0.664,0.335
570000,0.003,0.688,0.309
570500,0.002,0.690,0.308
571000,0.003,0.708,0.289
571500,0.005,0.666,0.329
572000,0.001,0.633,0.366
572500,0.002,0.583,0.414
573000,0.002,0.583,0.414
573500,0.003,0.547,0.450
574000,0.002,0.484,0.514
574500,0.005,0.512,0.483
575000,0.005,0.509,0.486
575500,0.003,0.569,0.428
576000,0.003,0.632,0.364
576500,0.003,0.633,0.364
577000,0.002,0.530,0.467
577500,0.009,0.527,0.463
578000,0.001,0.598,0.402
578500,0.007,0.594,0.399
579000,0.005,0.599,0.396
579500,0.009,0.614,0.378
580000,0.004,0.658,0.338
580500,0.005,0.663,0.332
581000,0.005,0.598,0.398
581500,0.004,0.522,0.474
582000,0.005,0.570,0.424
582500,0.007,0.524,0.469
583000,0.012,0.529,0.459
583500,0.014,0.515,0.471
584000,0.006,0.583,0.410
584500,0.010,0.593,0.396
585000,0.008,0.483,0.509
585500,0.006,0.485,0.508
586000,0.006,0.526,0.469
586500,0.003,0.581,0.415
587000,0.003,0.571,0.425
587500,0.005,0.630,0.364
588000,0.004,0.575,0.421
588500,0.002,0.642,0.356
589000,0.001,0.620,0.380
589500,0.002,0.626,0.372
590000,0.008,0.618,0.374
590500,0.002,0.655,0.343
591000,0.003,0.665,0.332
591500,0.001,0.677,0.322
592000,0.002,0.666,0.332
592500,0.003,0.694,0.303
593000,0.007,0.647,0.346
593500,0.002,0.688,0.310
594000,0.003,0.622,0.375
594500,0.007,0.566,0.427
595000,0.004,0.596,0.400
595500,0.003,0.616,0.381
596000,0.002,0.633,0.365
596500,0.003,0.677,0.320
597000,0.000,0.680,0.320
597500,0.004,0.686,0.310
598000,0.002,0.689,0.309
598500,0.003,0.666,0.331
599000,0.004,0.633,0.363
599500,0.003,0.697,0.300
600000,0.001,0.692,0.307
600500,0.004,0.677,0.319
601000,0.003,0.670,0.327
601500,0.003,0.651,0.346
602000,0.001,0.672,0.327
602500,0.000,0.684,0.316
603000,0.000,0.719,0.281
603500,0.003,0.751,0.246
604000,0.005,0.744,0.251
604500,0.002,0.757,0.242
605000,0.001,0.793,0.206
605500,0.003,0.824,0.173
606000,0.002,0.816,0.182
606500,0.001,0.840,0.159
607000,0.001,0.797,0.202
607500,0.002,0.795,0.203
608000,0.003,0.788,0.209
608500,0.002,0.775,0.224
609000,0.003,0.818,0.178
609500,0.001,0.844,0.155
610000,0.001,0.798,0.201
610500,0.002,0.719,0.278
611000,0.001,0.776,0.223
611500,0.001,0.802,0.197
612000,0.002,0.773,0.225
612500,0.002,0.827,0.171
613000,0.002,0.788,0.211
613500,0.001,0.803,0.196
614000,0.002,0.778,0.220
614500,0.003,0.735,0.262
615000,0.001,0.768,0.231
615500,0.003,0.749,0.249
616000,0.005,0.738,0.257
616500,0.003,0.749,0.248
617000,0.003,0.762,0.235
617500,0.003,0.732,0.265
618000,0.006,0.690,0.304
618500,0.009,0.640,0.351
619000,0.008,0.697,0.295
619500,0.007,0.735,0.258
620000,0.003,0.725,0.272
620500,0.002,0.786,0.212
621000,0.002,0.725,0.273
621500,0.006,0.656,0.338
622000,0.003,0.662,0.335
622500,0.013,0.698,0.289
623000,0.006,0.700,0.295
623500,0.006,0.679,0.315
624000,0.003,0.663,0.334
624500,0.003,0.662,0.335
625000,0.004,0.683,0.313
625500,0.002,0.665,0.334
626000,0.004,0.660,0.336
626500,0.002,0.681,0.317
627000,0.001,0.640,0.359
627500,0.007,0.569,0.424
628000,0.003,0.571,0.426
628500,0.004,0.631,0.365
629000,0.003,0.619,0.377
629500,0.003,0.611,0.386
630000,0.001,0.662,0.337
630500,0.003,0.694,0.303
631000,0.004,0.673,0.323
631500,0.002,0.696,0.302
632000,0.001,0.698,0.302
632500,0.001,0.696,0.303
633000,0.000,0.762,0.238
633500,0.000,0.801,0.199
634000,0.000,0.807,0.193
634500,0.000,0.809,0.191
635000,0.000,0.850,0.150
635500,0.000,0.861,0.139
636000,0.000,0.875,0.125
636500,0.001,0.910,0.088
637000,0.001,0.909,0.090
637500,0.000,0.930,0.070
638000,0.000,0.940,0.060
638500,0.000,0.935,0.065
639000,0.000,0.935,0.065
639500,0.001,0.941,0.058
640000,0.000,0.939,0.061
640500,0.000,0.928,0.072
641000,0.000,0.944,0.056
641500,0.000,0.934,0.066
642000,0.000,0.911,0.089
642500,0.000,0.912,0.088
643000,0.000,0.899,0.101
643500,0.000,0.889,0.111
644000,0.000,0.906,0.094
644500,0.000,0.934,0.066
645000,0.000,0.924,0.076
645500,0.000,0.919,0.081
646000,0.000,0.910,0.090
646500,0.000,0.852,0.148
647000,0.001,0.808,0.191
647500,0.000,0.802,0.198
648000,0.000,0.843,0.157
648500,0.000,0.847,0.153
649000,0.000,0.890,0.110
649500,0.000,0.859,0.141
650000,0.000,0.838,0.162
650500,0.001,0.796,0.204
651000,0.000,0.787,0.213
651500,0.001,0.789,0.210
652000,0.002,0.738,0.260
652500,0.001,0.696,0.303
653000,0.003,0.661,0.336
653500,0.002,0.627,0.370
654000,0.006,0.545,0.449
654500,0.008,0.598,0.394
655000,0.009,0.593,0.398
655500,0.006,0.654,0.340
656000,0.003,0.693,0.303
656500,0.002,0.701,0.297
657000,0.001,0.708,0.291
657500,0.003,0.651,0.346
658000,0.001,0.687,0.311
658500,0.001,0.670,0.329
659000,0.003,0.647,0.350
659500,0.003,0.609,0.388
660000,0.001,0.663,0.336
660500,0.001,0.687,0.313
661000,0.002,0.719,0.279
661500,0.003,0.701,0.296
662000,0.002,0.680,0.318
662500,0.002,0.729,0.269
663000,0.001,0.743,0.256
663500,0.001,0.703,0.296
664000,0.002,0.747,0.250
664500,0.001,0.705,0.294
665000,0.001,0.686,0.313
665500,0.001,0.648,0.351
666000,0.000,0.697,0.303
666500,0.000,0.742,0.258
667000,0.002,0.717,0.281
667500,0.003,0.732,0.265
668000,0.003,0.765,0.232
668500,0.003,0.683,0.314
669000,0.002,0.676,0.322
669500,0.002,0.689,0.308
670000,0.003,0.654,0.343
670500,0.003,0.664,0.334
671000,0.001,0.679,0.320
671500,0.005,0.662,0.334
672000,0.002,0.661,0.337
672500,0.000,0.656,0.344
673000,0.002,0.714,0.285
673500,0.001,0.662,0.337
674000,0.006,0.671,0.322
674500,0.006,0.698,0.296
675000,0.008,0.594,0.399
675500,0.007,0.594,0.399
676000,0.010,0.608,0.382
676500,0.017,0.646,0.337
677000,0.016,0.640,0.344
677500,0.020,0.643,0.338
678000,0.011,0.666,0.322
678500,0.006,0.703,0.292
679000,0.005,0.721,0.274
679500,0.006,0.664,0.330
680000,0.003,0.651,0.346
680500,0.010,0.590,0.400
681000,0.005,0.581,0.414
681500,0.006,0.583,0.411
682000,0.020,0.469,0.510
682500,0.005,0.555,0.440
683000,0.010,0.523,0.466
683500,0.005,0.607,0.388
684000,0.003,0.569,0.428
684500,0.005,0.576,0.419
685000,0.005,0.581,0.414
685500,0.007,0.550,0.443
686000,0.006,0.506,0.488
686500,0.011,0.511,0.478
687000,0.013,0.562,0.425
687500,0.010,0.553,0.437
688000,0.005,0.580,0.414
688500,0.007,0.633,0.360
689000,0.005,0.673,0.321
689500,0.008,0.604,0.389
690000,0.008,0.664,0.328
690500,0.009,0.606,0.385
691000,0.005,0.646,0.349
691500,0.008,0.629,0.363
692000,0.010,0.616,0.373
692500,0.010,0.583,0.407
693000,0.006,0.617,0.377
693500,0.002,0.589,0.409
694000,0.007,0.571,0.422
694500,0.005,0.548,0.447
695000,0.004,0.584,0.412
695500,0.005,0.619,0.376
696000,0.002,0.640,0.358
696500,0.005,0.618,0.378
697000,0.003,0.608,0.389
697500,0.006,0.616,0.378
698000,0.010,0.609,0.381
698500,0.006,0.583,0.411
699000,0.008,0.581,0.411
699500,0.013,0.570,0.417
700000,0.017,0.560,0.423
700500,0.018,0.534,0.448
701000,0.009,0.541,0.450
701500,0.010,0.610,0.380
702000,0.007,0.641,0.352
702500,0.002,0.634,0.364
703000,0.003,0.679,0.318
703500,0.003,0.680,0.317
704000,0.001,0.731,0.268
704500,0.002,0.768,0.229
705000,0.003,0.777,0.220
705500,0.002,0.755,0.243
706000,0.000,0.761,0.239
706500,0.000,0.778,0.222
707000,0.000,0.775,0.225
707500,0.000,0.778,0.222
708000,0.001,0.764,0.235
708500,0.002,0.751,0.247
709000,0.001,0.702,0.297
709500,0.001,0.673,0.327
710000,0.003,0.666,0.331
710500,0.001,0.696,0.303
711000,0.001,0.684,0.315
711500,0.002,0.692,0.306
712000,0.002,0.724,0.274
712500,0.002,0.744,0.254
713000,0.002,0.694,0.303
713500,0.002,0.684,0.314
714000,0.007,0.624,0.369
714500,0.006,0.671,0.323
715000,0.002,0.721,0.277
715500,0.002,0.728,0.271
716000,0.001,0.708,0.290
716500,0.002,0.733,0.265
717000,0.001,0.755,0.244
717500,0.001,0.739,0.260
718000,0.000,0.690,0.310
718500,0.000,0.744,0.256
719000,0.000,0.776,0.224
719500,0.001,0.825,0.174
720000,0.003,0.821,0.176
720500,0.002,0.773,0.225
721000,0.002,0.746,0.252
721500,0.004,0.663,0.333
722000,0.004,0.609,0.387
722500,0.001,0.663,0.336
723000,0.001,0.590,0.409
723500,0.002,0.608,0.390
724000,0.001,0.605,0.393
724500,0.001,0.601,0.398
725000,0.001,0.692,0.307
725500,0.002,0.669,0.328
726000,0.003,0.624,0.373
726500,0.002,0.585,0.413
727000,0.003,0.595,0.401
727500,0.003,0.584,0.413
728000,0.002,0.602,0.395
728500,0.007,0.630,0.363
729000,0.003,0.645,0.352
729500,0.004,0.666,0.330
730000,0.003,0.619,0.378
730500,0.003,0.607,0.390
731000,0.003,0.684,0.313
731500,0.003,0.725,0.272
732000,0.002,0.717,0.281
732500,0.002,0.778,0.220
733000,0.003,0.803,0.194
733500,0.002,0.810,0.188
734000,0.001,0.803,0.197
734500,0.001,0.785,0.215
735000,0.001,0.784,0.215
735500,0.002,0.697,0.301
736000,0.003,0.685,0.311
736500,0.005,0.650,0.345
737000,0.006,0.690,0.304
737500,0.006,0.704,0.290
738000,0.003,0.685,0.312
738500,0.002,0.694,0.304
739000,0.002,0.691,0.307
739500,0.003,0.689,0.307
740000,0.003,0.717,0.279
740500,0.001,0.699,0.300
741000,0.003,0.708,0.289
741500,0.002,0.711,0.287
742000,0.001,0.691,0.308
742500,0.003,0.700,0.297
743000,0.002,0.679,0.318
743500,0.003,0.672,0.325
744000,0.001,0.728,0.271
744500,0.005,0.685,0.310
745000,0.008,0.612,0.381
745500,0.004,0.636,0.360
746000,0.003,0.640,0.357
746500,0.003,0.661,0.336
747000,0.008,0.686,0.306
747500,0.003,0.733,0.264
748000,0.001,0.768,0.232
748500,0.001,0.751,0.248
749000,0.001,0.785,0.214
749500,0.001,0.797,0.203
750000,0.000,0.803,0.197
750500,0.000,0.811,0.189
751000,0.000,0.834,0.166
751500,0.001,0.842,0.157
752000,0.001,0.790,0.209
752500,0.000,0.830,0.170
753000,0.000,0.845,0.155
753500,0.001,0.831,0.168
754000,0.002,0.768,0.231
754500,0.002,0.765,0.232
755000,0.005,0.754,0.240
755500,0.005,0.729,0.266
756000,0.004,0.774,0.222
756500,0.003,0.813,0.185
757000,0.002,0.790,0.208
757500,0.001,0.813,0.186
758000,0.001,0.838,0.161
758500,0.000,0.804,0.196
759000,0.001,0.822,0.178
759500,0.002,0.854,0.144
760000,0.001,0.899,0.100
760500,0.001,0.902,0.097
761000,0.002,0.884,0.114
761500,0.001,0.859,0.141
762000,0.001,0.843,0.156
762500,0.000,0.870,0.130
763000,0.001,0.856,0.143
763500,0.001,0.869,0.130
764000,0.001,0.847,0.152
764500,0.002,0.810,0.187
765000,0.001,0.757,0.242
765500,0.002,0.807,0.190
766000,0.002,0.786,0.212
766500,0.005,0.725,0.271
767000,0.001,0.725,0.275
767500,0.001,0.677,0.322
768000,0.000,0.719,0.281
768500,0.005,0.711,0.283
769000,0.003,0.737,0.259
769500,0.001,0.771,0.228
770000,0.002,0.793,0.205
770500,0.001,0.774,0.226
771000,0.001,0.752,0.247
771500,0.002,0.682,0.316
772000,0.002,0.655,0.343
772500,0.001,0.714,0.286
773000,0.006,0.608,0.385
773500,0.002,0.603,0.395
774000,0.002,0.656,0.342
774500,0.002,0.742,0.256
775000,0.001,0.728,0.271
775500,0.001,0.700,0.299
776000,0.001,0.735,0.264
776500,0.002,0.769,0.229
777000,0.000,0.719,0.281
777500,0.002,0.686,0.312
778000,0.001,0.705,0.293
778500,0.001,0.694,0.305
779000,0.003,0.703,0.294
779500,0.002,0.705,0.293
780000,0.000,0.772,0.228
780500,0.000,0.818,0.182
781000,0.001,0.787,0.212
781500,0.001,0.750,0.249
782000,0.003,0.729,0.268
782500,0.001,0.795,0.205
783000,0.001,0.791,0.208
783500,0.000,0.842,0.158
784000,0.000,0.817,0.183
784500,0.000,0.802,0.198
785000,0.001,0.796,0.204
785500,0.001,0.724,0.275
786000,0.001,0.728,0.271
786500,0.001,0.741,0.258
787000,0.003,0.750,0.247
787500,0.001,0.756,0.244
788000,0.002,0.698,0.299
788500,0.001,0.644,0.354
789000,0.006,0.598,0.396
789500,0.003,0.555,0.442
790000,0.002,0.616,0.382
790500,0.005,0.585,0.410
791000,0.005,0.584,0.411
791500,0.009,0.560,0.431
792000,0.012,0.538,0.450
792500,0.022,0.510,0.469
793000,0.024,0.537,0.439
793500,0.016,0.580,0.404
794000,0.020,0.612,0.368
794500,0.006,0.638,0.356
795000,0.009,0.656,0.335
795500,0.024,0.662,0.314
796000,0.019,0.579,0.402
796500,0.038,0.562,0.399
797000,0.032,0.505,0.463
797500,0.018,0.505,0.477
798000,0.021,0.594,0.385
798500,0.008,0.638,0.354
799000,0.003,0.687,0.309
799500,0.003,0.675,0.322
800000,0.006,0.644,0.349
800500,0.006,0.591,0.403
801000,0.007,0.556,0.437
801500,0.003,0.595,0.402
802000,0.008,0.608,0.384
802500,0.006,0.608,0.386
803000,0.005,0.620,0.374
803500,0.003,0.598,0.399
