time,n_A+p,n_B,n_AB
100,0.388,0.480,0.131
200,0.376,0.443,0.180
300,0.318,0.474,0.208
400,0.324,0.465,0.211
500,0.315,0.471,0.214
600,0.294,0.462,0.245
700,0.309,0.443,0.248
800,0.321,0.401,0.278
900,0.333,0.388,0.278
1000,0.355,0.379,0.266
1100,0.352,0.376,0.272
1200,0.373,0.370,0.257
1300,0.355,0.367,0.278
1400,0.330,0.413,0.257
1500,0.297,0.443,0.260
1600,0.300,0.471,0.229
1700,0.278,0.471,0.251
1800,0.278,0.486,0.235
1900,0.254,0.480,0.266
2000,0.263,0.486,0.251
2100,0.294,0.483,0.223
2200,0.291,0.471,0.239
2300,0.284,0.498,0.217
2400,0.287,0.477,0.235
2500,0.284,0.489,0.226
2600,0.312,0.489,0.199
2700,0.281,0.495,0.223
2800,0.312,0.450,0.239
2900,0.324,0.440,0.235
3000,0.343,0.431,0.226
3100,0.330,0.428,0.242
3200,0.300,0.453,0.248
3300,0.306,0.474,0.220
3400,0.321,0.483,0.196
3500,0.330,0.495,0.174
3600,0.297,0.505,0.199
3700,0.306,0.471,0.223
3800,0.300,0.477,0.223
3900,0.303,0.468,0.229
4000,0.294,0.483,0.223
4100,0.263,0.477,0.260
4200,0.257,0.514,0.229
4300,0.242,0.502,0.257
4400,0.229,0.547,0.223
4500,0.229,0.532,0.239
4600,0.190,0.575,0.235
4700,0.202,0.590,0.208
4800,0.202,0.615,0.183
4900,0.187,0.602,0.211
5000,0.190,0.606,0.205
5100,0.174,0.606,0.220
5200,0.141,0.633,0.226
5300,0.122,0.673,0.205
5400,0.128,0.682,0.190
5500,0.119,0.670,0.211
5600,0.083,0.703,0.214
5700,0.073,0.768,0.159
5800,0.073,0.780,0.147
5900,0.061,0.801,0.138
6000,0.046,0.826,0.128
6100,0.031,0.841,0.128
6200,0.031,0.865,0.104
6300,0.021,0.872,0.107
6400,0.024,0.875,0.101
6500,0.028,0.881,0.092
6600,0.037,0.884,0.080
6700,0.031,0.893,0.076
6800,0.021,0.911,0.067
6900,0.015,0.917,0.067
7000,0.024,0.920,0.055
7100,0.024,0.914,0.061
7200,0.021,0.927,0.052
7300,0.018,0.936,0.046
7400,0.009,0.957,0.034
7500,0.006,0.957,0.037
7600,0.012,0.936,0.052
7700,0.012,0.930,0.058
7800,0.006,0.942,0.052
7900,0.006,0.966,0.028
8000,0.006,0.966,0.028
8100,0.006,0.972,0.021
8200,0.006,0.966,0.028
8300,0.006,0.976,0.018
8400,0.000,0.972,0.028
8500,0.000,0.985,0.015
8600,0.000,0.985,0.015
8700,0.000,0.985,0.015
8800,0.000,0.985,0.015
8900,0.000,0.991,0.009
9000,0.000,0.991,0.009
9100,0.000,0.991,0.009
9200,0.000,0.991,0.009
9300,0.000,0.991,0.009
9400,0.000,0.991,0.009
9500,0.000,0.994,0.006
9600,0.000,0.991,0.009
9700,0.000,0.994,0.006
9800,0.000,0.994,0.006
9900,0.000,0.994,0.006
10000,0.000,0.994,0.006
10100,0.000,0.997,0.003
10200,0.000,0.997,0.003
10300,0.000,0.997,0.003
10400,0.000,0.997,0.003
10500,0.000,0.997,0.003
10600,0.000,1.000,0.000
