time,n_A+p,n_B,n_AB
500,0.080,0.728,0.193
1000,0.080,0.507,0.413
1500,0.080,0.415,0.505
2000,0.087,0.312,0.601
2500,0.099,0.255,0.647
3000,0.103,0.227,0.669
3500,0.099,0.264,0.637
4000,0.099,0.206,0.695
4500,0.130,0.147,0.723
5000,0.239,0.080,0.680
5500,0.527,0.012,0.461
6000,0.841,0.001,0.158
6500,0.948,0.000,0.052
7000,0.979,0.000,0.021
7500,1.000,0.000,0.000
8000,1.000,0.000,0.000
