time,n_A+p,n_B,n_AB
500,0.030,0.340,0.630
1000,0.030,0.446,0.524
1500,0.030,0.320,0.650
2000,0.030,0.228,0.742
2500,0.030,0.203,0.767
3000,0.030,0.182,0.788
3500,0.030,0.345,0.625
4000,0.030,0.253,0.717
4500,0.030,0.301,0.669
5000,0.030,0.228,0.742
5500,0.030,0.244,0.726
6000,0.030,0.199,0.771
6500,0.030,0.152,0.818
7000,0.030,0.282,0.688
7500,0.030,0.161,0.809
8000,0.030,0.219,0.751
8500,0.030,0.404,0.566
9000,0.030,0.328,0.642
9500,0.030,0.233,0.737
10000,0.030,0.148,0.822
10500,0.030,0.168,0.802
11000,0.030,0.277,0.693
11500,0.030,0.170,0.800
12000,0.030,0.315,0.655
12500,0.030,0.273,0.697
13000,0.030,0.342,0.628
13500,0.030,0.217,0.753
14000,0.030,0.269,0.701
14500,0.030,0.216,0.754
15000,0.030,0.342,0.628
15500,0.030,0.267,0.703
16000,0.030,0.280,0.690
16500,0.030,0.250,0.720
17000,0.030,0.228,0.742
17500,0.030,0.276,0.694
18000,0.030,0.297,0.673
18500,0.030,0.228,0.742
19000,0.030,0.328,0.642
19500,0.030,0.344,0.626
20000,0.030,0.248,0.722
20500,0.030,0.270,0.700
21000,0.034,0.133,0.833
21500,0.030,0.219,0.751
22000,0.030,0.204,0.766
22500,0.037,0.252,0.711
23000,0.030,0.389,0.581
23500,0.030,0.318,0.652
24000,0.030,0.343,0.627
24500,0.030,0.360,0.610
25000,0.030,0.182,0.788
25500,0.030,0.353,0.617
26000,0.030,0.347,0.623
26500,0.030,0.221,0.749
27000,0.030,0.160,0.810
27500,0.030,0.279,0.691
28000,0.031,0.234,0.735
28500,0.030,0.271,0.699
29000,0.030,0.240,0.730
29500,0.363,0.008,0.629
30000,0.839,0.000,0.161
30500,0.857,0.000,0.143
31000,0.944,0.000,0.056
31500,1.000,0.000,0.000
