time,n_A+p,n_B,n_AB
0,0.028,0.972,-0.000
500,0.028,0.878,0.095
1000,0.064,0.829,0.107
1500,0.049,0.789,0.162
2000,0.034,0.829,0.138
2500,0.040,0.798,0.162
3000,0.049,0.777,0.174
3500,0.037,0.798,0.165
4000,0.052,0.740,0.208
4500,0.110,0.722,0.168
5000,0.125,0.664,0.211
5500,0.116,0.654,0.229
6000,0.113,0.642,0.245
6500,0.104,0.642,0.254
7000,0.156,0.547,0.297
7500,0.141,0.581,0.278
8000,0.144,0.560,0.297
8500,0.128,0.569,0.303
9000,0.147,0.523,0.330
9500,0.190,0.514,0.297
10000,0.187,0.508,0.306
10500,0.202,0.517,0.281
11000,0.147,0.538,0.315
11500,0.156,0.557,0.287
12000,0.226,0.477,0.297
12500,0.291,0.407,0.303
13000,0.297,0.407,0.297
13500,0.324,0.361,0.315
14000,0.309,0.327,0.364
14500,0.303,0.413,0.284
15000,0.266,0.376,0.358
15500,0.245,0.361,0.394
16000,0.251,0.370,0.379
16500,0.245,0.419,0.336
17000,0.312,0.339,0.349
17500,0.294,0.346,0.361
18000,0.248,0.370,0.382
18500,0.281,0.376,0.343
19000,0.321,0.361,0.318
19500,0.318,0.333,0.349
20000,0.358,0.254,0.388
20500,0.330,0.269,0.401
21000,0.336,0.275,0.388
21500,0.382,0.303,0.315
22000,0.370,0.208,0.422
22500,0.401,0.232,0.367
23000,0.440,0.208,0.352
23500,0.456,0.190,0.355
24000,0.443,0.125,0.431
24500,0.532,0.159,0.309
25000,0.550,0.144,0.306
25500,0.498,0.211,0.291
26000,0.495,0.202,0.303
26500,0.431,0.187,0.382
27000,0.388,0.229,0.382
27500,0.434,0.205,0.361
28000,0.477,0.183,0.339
28500,0.495,0.165,0.339
29000,0.495,0.187,0.318
29500,0.557,0.180,0.263
30000,0.584,0.153,0.263
30500,0.679,0.080,0.242
31000,0.713,0.067,0.220
31500,0.716,0.052,0.232
32000,0.786,0.058,0.156
32500,0.789,0.034,0.177
33000,0.783,0.037,0.180
33500,0.798,0.040,0.162
34000,0.758,0.058,0.183
34500,0.801,0.067,0.131
35000,0.789,0.040,0.171
35500,0.801,0.028,0.171
36000,0.838,0.037,0.125
36500,0.869,0.021,0.110
37000,0.890,0.003,0.107
37500,0.887,0.012,0.101
38000,0.905,0.006,0.089
38500,0.933,0.006,0.061
39000,0.957,0.003,0.040
39500,0.957,0.000,0.043
40000,0.942,0.000,0.058
40500,0.942,0.000,0.058
41000,0.963,0.000,0.037
41500,0.985,0.000,0.015
42000,0.979,0.000,0.021
42500,0.982,0.000,0.018
43000,0.979,0.000,0.021
43500,1.000,0.000,0.000
