time,n_A+p,n_B,n_AB
1000,0.032,0.322,0.646
2000,0.008,0.597,0.395
3000,0.000,0.852,0.148
4000,0.000,0.915,0.085
5000,0.000,0.920,0.080
6000,0.000,0.889,0.111
7000,0.000,0.827,0.173
8000,0.000,0.802,0.198
9000,0.000,0.811,0.189
10000,0.000,0.782,0.218
11000,0.000,0.827,0.173
12000,0.000,0.812,0.188
13000,0.000,0.819,0.181
14000,0.000,0.855,0.145
15000,0.000,0.906,0.094
16000,0.000,0.850,0.150
17000,0.000,0.924,0.076
18000,0.000,0.960,0.040
19000,0.000,0.967,0.033
20000,0.000,0.977,0.023
21000,0.000,0.998,0.002
22000,0.000,1.000,0.000
