time,n_A+p,n_B,n_AB
500,0.080,0.461,0.459
1000,0.080,0.336,0.585
1500,0.089,0.203,0.708
2000,0.097,0.189,0.714
2500,0.146,0.121,0.732
3000,0.345,0.027,0.628
3500,0.713,0.002,0.286
4000,0.865,0.000,0.135
4500,0.908,0.000,0.092
5000,0.971,0.000,0.029
5500,0.965,0.000,0.035
6000,0.977,0.000,0.023
6500,0.986,0.000,0.014
7000,0.999,0.000,0.001
7500,1.000,0.000,0.000
