time,n_A+p,n_B,n_AB
500,0.030,0.570,0.400
1000,0.030,0.230,0.740
1500,0.030,0.401,0.569
2000,0.030,0.316,0.654
2500,0.037,0.226,0.737
3000,0.030,0.356,0.614
3500,0.030,0.338,0.632
4000,0.030,0.268,0.702
4500,0.030,0.411,0.559
5000,0.030,0.393,0.577
5500,0.030,0.454,0.516
6000,0.030,0.256,0.714
6500,0.030,0.339,0.631
7000,0.030,0.325,0.645
7500,0.031,0.250,0.719
8000,0.030,0.261,0.709
8500,0.030,0.424,0.546
9000,0.030,0.419,0.551
9500,0.030,0.471,0.499
10000,0.030,0.313,0.657
10500,0.030,0.343,0.627
11000,0.031,0.342,0.627
11500,0.030,0.250,0.720
12000,0.030,0.329,0.641
12500,0.030,0.300,0.670
13000,0.030,0.438,0.532
13500,0.030,0.265,0.705
14000,0.030,0.419,0.551
14500,0.030,0.413,0.557
15000,0.030,0.310,0.660
15500,0.030,0.277,0.693
16000,0.030,0.211,0.759
16500,0.030,0.268,0.702
17000,0.030,0.220,0.750
17500,0.030,0.220,0.750
18000,0.030,0.281,0.689
18500,0.030,0.318,0.652
19000,0.030,0.409,0.561
19500,0.030,0.328,0.642
20000,0.030,0.238,0.732
20500,0.030,0.242,0.728
21000,0.031,0.299,0.670
21500,0.030,0.373,0.597
22000,0.030,0.226,0.744
22500,0.030,0.251,0.719
23000,0.030,0.495,0.475
23500,0.030,0.220,0.750
24000,0.030,0.318,0.652
24500,0.030,0.402,0.568
25000,0.030,0.250,0.720
25500,0.030,0.383,0.587
26000,0.030,0.403,0.567
26500,0.030,0.317,0.653
27000,0.030,0.247,0.723
27500,0.030,0.300,0.670
28000,0.030,0.369,0.601
28500,0.030,0.300,0.670
29000,0.030,0.393,0.577
29500,0.030,0.329,0.641
30000,0.030,0.420,0.550
30500,0.030,0.355,0.615
31000,0.030,0.369,0.601
31500,0.030,0.288,0.682
32000,0.030,0.385,0.585
32500,0.030,0.289,0.681
33000,0.030,0.358,0.612
33500,0.030,0.401,0.569
34000,0.030,0.220,0.750
34500,0.030,0.310,0.660
35000,0.030,0.343,0.627
35500,0.030,0.263,0.707
36000,0.035,0.271,0.694
36500,0.030,0.432,0.538
37000,0.030,0.496,0.474
37500,0.030,0.461,0.509
38000,0.030,0.431,0.539
38500,0.030,0.243,0.727
39000,0.030,0.392,0.578
39500,0.030,0.259,0.711
40000,0.030,0.262,0.708
40500,0.030,0.323,0.647
41000,0.030,0.205,0.765
41500,0.030,0.229,0.741
42000,0.030,0.336,0.634
42500,0.030,0.234,0.736
43000,0.033,0.310,0.657
43500,0.030,0.293,0.677
44000,0.030,0.293,0.677
44500,0.030,0.284,0.686
45000,0.030,0.255,0.715
45500,0.030,0.513,0.457
46000,0.030,0.362,0.608
46500,0.030,0.335,0.635
47000,0.030,0.395,0.575
47500,0.030,0.368,0.602
48000,0.030,0.406,0.564
48500,0.030,0.329,0.641
49000,0.030,0.302,0.668
49500,0.030,0.293,0.677
50000,0.030,0.484,0.486
50500,0.030,0.517,0.453
51000,0.030,0.349,0.621
51500,0.030,0.320,0.650
52000,0.030,0.447,0.523
52500,0.030,0.484,0.486
53000,0.030,0.337,0.633
53500,0.030,0.319,0.651
54000,0.030,0.245,0.725
54500,0.030,0.319,0.651
55000,0.030,0.370,0.600
55500,0.030,0.223,0.747
56000,0.030,0.233,0.737
56500,0.030,0.441,0.529
57000,0.030,0.354,0.616
57500,0.030,0.224,0.746
58000,0.030,0.358,0.612
58500,0.030,0.253,0.717
59000,0.030,0.318,0.652
59500,0.030,0.325,0.645
60000,0.030,0.435,0.535
60500,0.030,0.342,0.628
61000,0.030,0.351,0.619
61500,0.030,0.289,0.681
62000,0.030,0.291,0.679
62500,0.030,0.465,0.505
63000,0.030,0.408,0.562
63500,0.030,0.305,0.665
64000,0.030,0.315,0.655
64500,0.030,0.433,0.537
65000,0.030,0.262,0.708
65500,0.030,0.313,0.657
66000,0.030,0.221,0.749
66500,0.034,0.233,0.733
67000,0.483,0.001,0.516
67500,0.725,0.000,0.275
68000,0.994,0.000,0.006
68500,1.000,0.000,0.000
