time,n_A+p,n_B,n_AB
500,0.050,0.913,0.037
1000,0.050,0.886,0.064
1500,0.050,0.855,0.095
2000,0.050,0.828,0.122
2500,0.051,0.814,0.136
3000,0.051,0.801,0.147
3500,0.050,0.774,0.175
4000,0.050,0.747,0.203
4500,0.051,0.713,0.236
5000,0.052,0.698,0.250
5500,0.056,0.676,0.268
6000,0.056,0.641,0.303
6500,0.059,0.621,0.321
7000,0.061,0.601,0.338
7500,0.066,0.584,0.350
8000,0.067,0.565,0.369
8500,0.066,0.552,0.382
9000,0.073,0.544,0.383
9500,0.071,0.522,0.406
10000,0.078,0.514,0.408
10500,0.076,0.499,0.424
11000,0.079,0.478,0.444
11500,0.083,0.444,0.473
12000,0.089,0.445,0.466
12500,0.091,0.436,0.473
13000,0.100,0.432,0.468
13500,0.103,0.413,0.483
14000,0.105,0.409,0.486
14500,0.115,0.377,0.508
15000,0.131,0.348,0.520
15500,0.128,0.329,0.543
16000,0.139,0.320,0.541
16500,0.139,0.321,0.540
17000,0.139,0.322,0.539
17500,0.137,0.316,0.547
18000,0.141,0.291,0.568
18500,0.161,0.261,0.579
19000,0.177,0.273,0.550
19500,0.193,0.257,0.550
20000,0.193,0.244,0.563
20500,0.211,0.234,0.555
21000,0.204,0.232,0.564
21500,0.218,0.223,0.559
22000,0.234,0.216,0.549
22500,0.246,0.210,0.544
23000,0.247,0.194,0.559
23500,0.255,0.179,0.566
24000,0.272,0.164,0.564
24500,0.272,0.152,0.576
25000,0.269,0.149,0.583
25500,0.271,0.146,0.583
26000,0.288,0.129,0.583
26500,0.303,0.138,0.558
27000,0.286,0.141,0.573
27500,0.289,0.134,0.577
28000,0.301,0.129,0.570
28500,0.300,0.126,0.574
29000,0.301,0.133,0.567
29500,0.334,0.116,0.550
30000,0.352,0.107,0.540
30500,0.364,0.104,0.531
31000,0.373,0.110,0.517
31500,0.384,0.101,0.516
32000,0.383,0.092,0.525
32500,0.395,0.092,0.512
33000,0.387,0.089,0.524
33500,0.395,0.092,0.513
34000,0.398,0.087,0.515
34500,0.393,0.089,0.517
35000,0.405,0.081,0.514
35500,0.434,0.068,0.498
36000,0.434,0.062,0.503
36500,0.414,0.068,0.518
37000,0.425,0.062,0.512
37500,0.436,0.072,0.492
38000,0.418,0.068,0.514
38500,0.432,0.075,0.492
39000,0.429,0.069,0.502
39500,0.431,0.068,0.501
40000,0.436,0.059,0.505
40500,0.446,0.057,0.497
41000,0.447,0.058,0.495
41500,0.456,0.052,0.492
42000,0.464,0.044,0.492
42500,0.479,0.045,0.476
43000,0.494,0.039,0.467
43500,0.499,0.040,0.462
44000,0.502,0.046,0.452
44500,0.510,0.046,0.444
45000,0.514,0.037,0.448
45500,0.524,0.036,0.439
46000,0.532,0.028,0.440
46500,0.528,0.035,0.438
47000,0.521,0.041,0.438
47500,0.528,0.043,0.429
48000,0.520,0.036,0.443
48500,0.525,0.033,0.442
49000,0.522,0.035,0.444
49500,0.520,0.041,0.440
50000,0.522,0.034,0.444
50500,0.512,0.040,0.449
51000,0.512,0.042,0.446
51500,0.499,0.037,0.463
52000,0.503,0.037,0.460
52500,0.516,0.046,0.438
53000,0.508,0.047,0.445
53500,0.513,0.039,0.448
54000,0.528,0.038,0.434
54500,0.520,0.034,0.446
55000,0.544,0.030,0.425
55500,0.547,0.028,0.425
56000,0.558,0.035,0.407
56500,0.544,0.035,0.420
57000,0.549,0.035,0.415
57500,0.537,0.038,0.425
58000,0.536,0.035,0.429
58500,0.544,0.042,0.414
59000,0.526,0.041,0.433
59500,0.534,0.029,0.436
60000,0.538,0.030,0.432
60500,0.537,0.030,0.432
61000,0.546,0.027,0.426
61500,0.552,0.028,0.419
62000,0.542,0.024,0.433
62500,0.548,0.026,0.425
63000,0.546,0.033,0.421
63500,0.565,0.025,0.410
64000,0.560,0.030,0.410
64500,0.564,0.034,0.402
65000,0.584,0.036,0.380
65500,0.582,0.027,0.391
66000,0.589,0.029,0.382
66500,0.585,0.026,0.389
67000,0.568,0.021,0.411
67500,0.570,0.025,0.406
68000,0.580,0.023,0.397
68500,0.586,0.021,0.393
69000,0.584,0.023,0.393
69500,0.585,0.023,0.392
70000,0.576,0.025,0.399
70500,0.577,0.025,0.399
71000,0.574,0.025,0.401
71500,0.573,0.024,0.403
72000,0.570,0.021,0.409
72500,0.571,0.020,0.409
73000,0.570,0.027,0.403
73500,0.564,0.035,0.402
74000,0.570,0.027,0.403
74500,0.577,0.016,0.407
75000,0.582,0.021,0.398
75500,0.592,0.017,0.392
76000,0.592,0.014,0.394
76500,0.586,0.021,0.393
77000,0.580,0.018,0.402
77500,0.583,0.021,0.396
78000,0.576,0.020,0.404
78500,0.589,0.021,0.390
79000,0.590,0.015,0.396
79500,0.601,0.012,0.387
80000,0.615,0.017,0.368
80500,0.612,0.013,0.376
81000,0.594,0.011,0.395
81500,0.599,0.015,0.387
82000,0.602,0.012,0.386
82500,0.620,0.011,0.369
83000,0.601,0.009,0.390
83500,0.615,0.011,0.373
84000,0.608,0.013,0.380
84500,0.589,0.010,0.401
85000,0.592,0.013,0.395
85500,0.603,0.011,0.386
86000,0.629,0.012,0.359
86500,0.646,0.013,0.341
87000,0.665,0.013,0.322
87500,0.674,0.011,0.315
88000,0.688,0.011,0.302
88500,0.703,0.009,0.288
89000,0.708,0.006,0.286
89500,0.699,0.004,0.298
90000,0.689,0.005,0.306
90500,0.689,0.004,0.307
91000,0.692,0.005,0.303
91500,0.695,0.005,0.300
92000,0.684,0.006,0.309
92500,0.697,0.005,0.298
93000,0.698,0.005,0.297
93500,0.686,0.005,0.308
94000,0.688,0.004,0.309
94500,0.676,0.005,0.318
95000,0.671,0.006,0.322
95500,0.687,0.012,0.301
96000,0.693,0.004,0.303
96500,0.693,0.006,0.301
97000,0.698,0.005,0.297
97500,0.711,0.005,0.284
98000,0.716,0.006,0.278
98500,0.710,0.005,0.285
99000,0.715,0.007,0.278
99500,0.712,0.009,0.280
100000,0.716,0.007,0.277
100500,0.712,0.007,0.281
101000,0.704,0.007,0.289
101500,0.701,0.006,0.293
102000,0.705,0.004,0.291
102500,0.704,0.004,0.293
103000,0.707,0.005,0.288
103500,0.708,0.004,0.288
104000,0.713,0.005,0.282
104500,0.720,0.007,0.273
105000,0.716,0.005,0.279
105500,0.719,0.004,0.277
106000,0.734,0.004,0.262
106500,0.729,0.004,0.268
107000,0.738,0.009,0.253
107500,0.738,0.006,0.256
108000,0.742,0.006,0.252
108500,0.748,0.006,0.246
109000,0.737,0.007,0.256
109500,0.744,0.004,0.252
110000,0.744,0.002,0.254
110500,0.749,0.004,0.248
111000,0.738,0.006,0.256
111500,0.739,0.006,0.255
112000,0.749,0.004,0.247
112500,0.747,0.004,0.249
113000,0.754,0.004,0.242
113500,0.758,0.004,0.238
114000,0.758,0.004,0.238
114500,0.760,0.003,0.237
115000,0.766,0.006,0.227
115500,0.764,0.006,0.230
116000,0.752,0.004,0.244
116500,0.759,0.004,0.237
117000,0.756,0.004,0.240
117500,0.754,0.003,0.243
118000,0.753,0.002,0.245
118500,0.762,0.004,0.234
119000,0.752,0.004,0.243
119500,0.747,0.002,0.251
120000,0.740,0.003,0.257
120500,0.729,0.006,0.265
121000,0.737,0.006,0.257
121500,0.730,0.006,0.264
122000,0.733,0.005,0.262
122500,0.739,0.004,0.257
123000,0.738,0.004,0.259
123500,0.744,0.002,0.254
124000,0.735,0.007,0.258
124500,0.742,0.006,0.252
125000,0.738,0.006,0.256
125500,0.735,0.009,0.256
126000,0.735,0.005,0.260
126500,0.729,0.004,0.267
127000,0.729,0.005,0.266
127500,0.731,0.005,0.264
128000,0.732,0.007,0.261
128500,0.731,0.009,0.261
129000,0.733,0.009,0.258
129500,0.743,0.004,0.253
130000,0.729,0.002,0.269
130500,0.724,0.001,0.276
131000,0.725,0.000,0.275
131500,0.730,0.000,0.270
132000,0.734,0.002,0.265
132500,0.730,0.003,0.267
133000,0.749,0.003,0.249
133500,0.752,0.002,0.246
134000,0.750,0.002,0.248
134500,0.756,0.002,0.242
135000,0.748,0.002,0.251
135500,0.748,0.002,0.251
136000,0.734,0.003,0.263
136500,0.744,0.002,0.255
137000,0.737,0.003,0.261
137500,0.745,0.004,0.252
138000,0.742,0.003,0.256
138500,0.738,0.002,0.261
139000,0.745,0.005,0.250
139500,0.745,0.006,0.249
140000,0.735,0.006,0.259
140500,0.721,0.010,0.269
141000,0.720,0.011,0.270
141500,0.711,0.010,0.279
142000,0.702,0.009,0.289
142500,0.707,0.007,0.286
143000,0.720,0.005,0.275
143500,0.717,0.003,0.281
144000,0.721,0.002,0.277
144500,0.723,0.003,0.274
145000,0.712,0.005,0.283
145500,0.713,0.009,0.279
146000,0.725,0.006,0.269
146500,0.718,0.006,0.276
147000,0.716,0.009,0.275
147500,0.700,0.008,0.292
148000,0.697,0.007,0.296
148500,0.699,0.005,0.296
149000,0.699,0.006,0.295
149500,0.705,0.004,0.291
150000,0.707,0.003,0.290
150500,0.710,0.006,0.284
151000,0.718,0.005,0.277
151500,0.724,0.004,0.272
152000,0.728,0.005,0.267
152500,0.713,0.003,0.284
153000,0.701,0.004,0.295
153500,0.668,0.007,0.324
154000,0.673,0.006,0.320
154500,0.676,0.009,0.315
155000,0.678,0.011,0.311
155500,0.672,0.009,0.319
156000,0.670,0.010,0.320
156500,0.672,0.009,0.318
157000,0.659,0.009,0.332
157500,0.663,0.009,0.328
158000,0.651,0.011,0.338
158500,0.640,0.011,0.349
159000,0.633,0.015,0.352
159500,0.648,0.014,0.338
160000,0.644,0.013,0.343
160500,0.648,0.017,0.335
161000,0.638,0.016,0.346
161500,0.635,0.018,0.347
162000,0.657,0.015,0.327
162500,0.665,0.017,0.318
163000,0.659,0.017,0.324
163500,0.661,0.019,0.319
164000,0.656,0.014,0.330
164500,0.662,0.013,0.325
165000,0.652,0.015,0.333
165500,0.657,0.017,0.326
166000,0.663,0.015,0.322
166500,0.650,0.010,0.340
167000,0.629,0.011,0.360
167500,0.628,0.011,0.360
168000,0.614,0.011,0.374
168500,0.618,0.013,0.368
169000,0.628,0.012,0.360
169500,0.646,0.017,0.337
170000,0.645,0.015,0.340
170500,0.631,0.019,0.349
171000,0.622,0.014,0.364
171500,0.605,0.010,0.385
172000,0.610,0.011,0.380
172500,0.615,0.010,0.375
173000,0.619,0.010,0.371
173500,0.632,0.011,0.356
174000,0.637,0.013,0.350
174500,0.620,0.013,0.367
175000,0.621,0.013,0.366
175500,0.627,0.009,0.364
176000,0.635,0.010,0.355
176500,0.626,0.009,0.364
177000,0.620,0.011,0.370
177500,0.638,0.014,0.348
178000,0.623,0.021,0.356
178500,0.610,0.018,0.372
179000,0.616,0.021,0.362
179500,0.621,0.021,0.358
180000,0.632,0.018,0.350
180500,0.641,0.019,0.340
181000,0.649,0.015,0.336
181500,0.653,0.015,0.331
182000,0.645,0.017,0.338
182500,0.650,0.015,0.334
183000,0.662,0.015,0.322
183500,0.671,0.017,0.312
184000,0.665,0.016,0.319
184500,0.653,0.013,0.334
185000,0.641,0.013,0.346
185500,0.646,0.018,0.336
186000,0.647,0.018,0.335
186500,0.639,0.011,0.349
187000,0.658,0.011,0.331
187500,0.656,0.008,0.336
188000,0.671,0.010,0.319
188500,0.667,0.007,0.326
189000,0.677,0.005,0.318
189500,0.670,0.008,0.322
190000,0.664,0.010,0.326
190500,0.650,0.009,0.341
191000,0.649,0.009,0.342
191500,0.670,0.007,0.323
192000,0.662,0.005,0.333
192500,0.670,0.006,0.323
193000,0.653,0.007,0.340
193500,0.643,0.007,0.349
194000,0.643,0.012,0.345
194500,0.646,0.013,0.340
195000,0.644,0.011,0.345
195500,0.653,0.009,0.338
196000,0.661,0.013,0.326
196500,0.667,0.013,0.320
197000,0.665,0.017,0.318
197500,0.671,0.013,0.316
198000,0.663,0.011,0.326
198500,0.661,0.010,0.329
199000,0.663,0.013,0.324
199500,0.655,0.011,0.334
200000,0.652,0.015,0.333
200500,0.671,0.009,0.319
201000,0.668,0.013,0.319
201500,0.677,0.011,0.311
202000,0.675,0.009,0.315
202500,0.680,0.013,0.307
203000,0.678,0.014,0.307
203500,0.676,0.009,0.315
204000,0.673,0.015,0.312
204500,0.667,0.013,0.320
205000,0.662,0.013,0.325
205500,0.674,0.013,0.312
206000,0.671,0.011,0.317
206500,0.681,0.010,0.308
207000,0.695,0.009,0.297
207500,0.686,0.010,0.303
208000,0.667,0.010,0.323
208500,0.663,0.009,0.327
209000,0.654,0.010,0.336
209500,0.659,0.010,0.331
210000,0.651,0.009,0.340
210500,0.643,0.011,0.346
211000,0.645,0.008,0.347
211500,0.642,0.013,0.345
212000,0.628,0.015,0.356
212500,0.628,0.013,0.358
213000,0.633,0.011,0.356
213500,0.639,0.012,0.349
214000,0.634,0.011,0.355
214500,0.640,0.013,0.347
215000,0.656,0.011,0.332
215500,0.665,0.009,0.326
216000,0.648,0.015,0.337
216500,0.656,0.015,0.329
217000,0.655,0.016,0.329
217500,0.666,0.013,0.320
218000,0.670,0.015,0.315
218500,0.686,0.009,0.305
219000,0.700,0.005,0.295
219500,0.713,0.006,0.281
220000,0.717,0.007,0.276
220500,0.698,0.007,0.295
221000,0.699,0.005,0.296
221500,0.703,0.003,0.295
222000,0.700,0.005,0.295
222500,0.725,0.010,0.265
223000,0.712,0.009,0.279
223500,0.706,0.008,0.286
224000,0.704,0.013,0.283
224500,0.712,0.009,0.280
225000,0.722,0.008,0.270
225500,0.721,0.010,0.269
226000,0.715,0.007,0.278
226500,0.706,0.006,0.288
227000,0.701,0.003,0.296
227500,0.695,0.005,0.300
228000,0.699,0.005,0.296
228500,0.689,0.006,0.305
229000,0.681,0.011,0.308
229500,0.688,0.012,0.300
230000,0.683,0.013,0.304
230500,0.689,0.009,0.302
231000,0.704,0.009,0.288
231500,0.719,0.007,0.274
232000,0.713,0.007,0.280
232500,0.717,0.009,0.275
233000,0.710,0.006,0.284
233500,0.705,0.006,0.289
234000,0.711,0.007,0.282
234500,0.711,0.005,0.284
235000,0.695,0.004,0.301
235500,0.703,0.005,0.292
236000,0.687,0.007,0.305
236500,0.671,0.007,0.322
237000,0.678,0.007,0.315
237500,0.682,0.009,0.309
238000,0.690,0.006,0.304
238500,0.678,0.005,0.317
239000,0.674,0.007,0.319
239500,0.673,0.004,0.323
240000,0.676,0.006,0.317
240500,0.682,0.007,0.310
241000,0.671,0.008,0.321
241500,0.670,0.010,0.320
242000,0.664,0.006,0.329
242500,0.672,0.004,0.323
243000,0.680,0.010,0.310
243500,0.675,0.008,0.317
244000,0.668,0.011,0.321
244500,0.658,0.015,0.327
245000,0.647,0.013,0.339
245500,0.645,0.009,0.345
246000,0.646,0.015,0.339
246500,0.644,0.011,0.345
247000,0.641,0.008,0.351
247500,0.645,0.009,0.346
248000,0.647,0.011,0.342
248500,0.647,0.009,0.344
249000,0.659,0.011,0.330
249500,0.662,0.010,0.328
250000,0.661,0.010,0.329
250500,0.655,0.007,0.338
251000,0.668,0.007,0.324
251500,0.651,0.007,0.342
252000,0.658,0.008,0.334
252500,0.679,0.011,0.310
253000,0.675,0.011,0.314
253500,0.676,0.007,0.316
254000,0.675,0.009,0.315
254500,0.658,0.007,0.334
255000,0.668,0.011,0.321
255500,0.673,0.006,0.320
256000,0.672,0.009,0.319
256500,0.689,0.007,0.304
257000,0.698,0.009,0.293
257500,0.690,0.009,0.302
258000,0.685,0.015,0.299
258500,0.674,0.013,0.313
259000,0.665,0.016,0.319
259500,0.674,0.017,0.309
260000,0.678,0.011,0.311
260500,0.689,0.012,0.299
261000,0.689,0.011,0.300
261500,0.680,0.011,0.308
262000,0.671,0.009,0.320
262500,0.670,0.011,0.319
263000,0.681,0.013,0.306
263500,0.670,0.012,0.318
264000,0.684,0.009,0.306
264500,0.691,0.013,0.296
265000,0.689,0.012,0.299
265500,0.678,0.013,0.308
266000,0.678,0.013,0.309
266500,0.654,0.014,0.332
267000,0.648,0.016,0.336
267500,0.653,0.014,0.333
268000,0.649,0.018,0.332
268500,0.632,0.017,0.351
269000,0.627,0.014,0.359
269500,0.630,0.019,0.351
270000,0.625,0.018,0.357
270500,0.629,0.016,0.355
271000,0.618,0.015,0.366
271500,0.634,0.011,0.355
272000,0.647,0.011,0.342
272500,0.664,0.011,0.324
273000,0.658,0.010,0.332
273500,0.629,0.018,0.353
274000,0.632,0.018,0.350
274500,0.641,0.018,0.341
275000,0.645,0.015,0.340
275500,0.639,0.018,0.343
276000,0.642,0.017,0.341
276500,0.659,0.021,0.320
277000,0.647,0.015,0.338
277500,0.647,0.015,0.338
278000,0.643,0.015,0.342
278500,0.626,0.018,0.356
279000,0.629,0.022,0.348
279500,0.622,0.017,0.362
280000,0.638,0.020,0.342
280500,0.633,0.017,0.350
281000,0.620,0.015,0.365
281500,0.608,0.013,0.379
282000,0.610,0.011,0.380
282500,0.603,0.011,0.387
283000,0.602,0.013,0.386
283500,0.598,0.014,0.388
284000,0.592,0.015,0.394
284500,0.585,0.017,0.398
285000,0.589,0.017,0.395
285500,0.590,0.020,0.390
286000,0.601,0.016,0.383
286500,0.596,0.018,0.386
287000,0.600,0.021,0.379
287500,0.602,0.020,0.378
288000,0.599,0.018,0.384
288500,0.608,0.013,0.379
289000,0.595,0.011,0.394
289500,0.584,0.013,0.403
290000,0.589,0.020,0.391
290500,0.583,0.021,0.396
291000,0.587,0.022,0.391
291500,0.594,0.018,0.388
292000,0.605,0.017,0.378
292500,0.609,0.015,0.376
293000,0.605,0.014,0.381
293500,0.592,0.016,0.392
294000,0.584,0.015,0.401
294500,0.569,0.017,0.415
295000,0.560,0.015,0.425
295500,0.579,0.013,0.408
296000,0.572,0.015,0.413
296500,0.566,0.013,0.422
297000,0.577,0.015,0.408
297500,0.594,0.011,0.396
298000,0.602,0.009,0.389
298500,0.599,0.014,0.387
299000,0.600,0.021,0.379
299500,0.602,0.024,0.374
300000,0.592,0.023,0.385
300500,0.588,0.015,0.397
301000,0.590,0.013,0.397
301500,0.611,0.018,0.371
302000,0.611,0.025,0.364
302500,0.599,0.023,0.378
303000,0.596,0.020,0.384
303500,0.615,0.019,0.365
304000,0.625,0.020,0.355
304500,0.655,0.018,0.327
305000,0.654,0.013,0.332
305500,0.659,0.015,0.325
306000,0.652,0.009,0.339
306500,0.657,0.009,0.333
307000,0.677,0.006,0.317
307500,0.675,0.006,0.318
308000,0.676,0.007,0.317
308500,0.685,0.007,0.307
309000,0.696,0.007,0.297
309500,0.705,0.009,0.286
310000,0.699,0.008,0.293
310500,0.702,0.009,0.289
311000,0.702,0.007,0.291
311500,0.695,0.009,0.296
312000,0.689,0.009,0.302
312500,0.697,0.009,0.294
313000,0.698,0.007,0.295
313500,0.691,0.013,0.296
314000,0.680,0.013,0.307
314500,0.668,0.018,0.314
315000,0.665,0.015,0.320
315500,0.682,0.011,0.306
316000,0.671,0.011,0.317
316500,0.663,0.010,0.327
317000,0.681,0.010,0.309
317500,0.675,0.007,0.317
318000,0.666,0.005,0.329
318500,0.661,0.003,0.336
319000,0.658,0.006,0.336
319500,0.657,0.009,0.334
320000,0.648,0.009,0.343
320500,0.642,0.010,0.348
321000,0.646,0.011,0.343
321500,0.652,0.011,0.337
322000,0.647,0.014,0.339
322500,0.643,0.015,0.342
323000,0.645,0.011,0.343
323500,0.656,0.019,0.325
324000,0.653,0.016,0.331
324500,0.653,0.013,0.334
325000,0.655,0.009,0.335
325500,0.670,0.009,0.320
326000,0.677,0.009,0.313
326500,0.685,0.011,0.303
327000,0.674,0.007,0.319
327500,0.663,0.007,0.330
328000,0.651,0.012,0.337
328500,0.653,0.008,0.339
329000,0.647,0.011,0.342
329500,0.642,0.011,0.347
330000,0.635,0.015,0.350
330500,0.631,0.014,0.355
331000,0.621,0.008,0.371
331500,0.628,0.007,0.364
332000,0.626,0.011,0.362
332500,0.618,0.013,0.369
333000,0.609,0.009,0.382
333500,0.610,0.006,0.384
334000,0.608,0.009,0.383
334500,0.604,0.011,0.386
335000,0.604,0.010,0.386
335500,0.611,0.013,0.376
336000,0.613,0.011,0.376
336500,0.610,0.009,0.381
337000,0.605,0.016,0.379
337500,0.602,0.016,0.382
338000,0.599,0.017,0.385
338500,0.607,0.015,0.379
339000,0.612,0.019,0.369
339500,0.607,0.017,0.376
340000,0.605,0.018,0.378
340500,0.611,0.015,0.374
341000,0.615,0.019,0.366
341500,0.625,0.017,0.359
342000,0.630,0.014,0.356
342500,0.642,0.015,0.343
343000,0.647,0.015,0.338
343500,0.645,0.015,0.340
344000,0.643,0.013,0.344
344500,0.635,0.011,0.354
345000,0.630,0.013,0.356
345500,0.610,0.016,0.374
346000,0.625,0.015,0.360
346500,0.626,0.017,0.357
347000,0.633,0.016,0.351
347500,0.645,0.018,0.337
348000,0.654,0.014,0.332
348500,0.654,0.011,0.335
349000,0.653,0.009,0.337
349500,0.648,0.009,0.343
350000,0.650,0.010,0.340
350500,0.636,0.012,0.352
351000,0.621,0.013,0.366
351500,0.637,0.013,0.350
352000,0.630,0.013,0.356
352500,0.636,0.018,0.345
353000,0.632,0.015,0.352
353500,0.626,0.013,0.361
354000,0.627,0.013,0.360
354500,0.626,0.013,0.360
355000,0.617,0.011,0.372
355500,0.593,0.015,0.392
356000,0.587,0.014,0.399
356500,0.602,0.013,0.386
357000,0.613,0.017,0.370
357500,0.617,0.018,0.365
358000,0.631,0.015,0.354
358500,0.622,0.016,0.362
359000,0.621,0.015,0.364
359500,0.627,0.018,0.355
360000,0.627,0.015,0.358
360500,0.625,0.015,0.359
361000,0.626,0.024,0.350
361500,0.619,0.019,0.362
362000,0.613,0.025,0.363
362500,0.618,0.025,0.357
363000,0.611,0.019,0.369
363500,0.614,0.017,0.369
364000,0.619,0.018,0.364
364500,0.616,0.019,0.365
365000,0.610,0.018,0.372
365500,0.602,0.019,0.379
366000,0.592,0.021,0.387
366500,0.581,0.022,0.397
367000,0.584,0.024,0.393
367500,0.559,0.021,0.419
368000,0.571,0.015,0.414
368500,0.576,0.015,0.410
369000,0.578,0.012,0.410
369500,0.586,0.015,0.399
370000,0.589,0.011,0.400
370500,0.594,0.009,0.398
371000,0.602,0.009,0.389
371500,0.614,0.011,0.375
372000,0.627,0.012,0.361
372500,0.628,0.012,0.360
373000,0.618,0.015,0.368
373500,0.610,0.013,0.377
374000,0.620,0.015,0.365
374500,0.617,0.012,0.371
375000,0.616,0.013,0.371
375500,0.608,0.018,0.375
376000,0.605,0.018,0.378
376500,0.614,0.018,0.368
377000,0.599,0.019,0.382
377500,0.611,0.021,0.368
378000,0.622,0.018,0.359
378500,0.611,0.018,0.372
379000,0.622,0.014,0.364
379500,0.612,0.013,0.374
380000,0.624,0.015,0.361
380500,0.620,0.018,0.362
381000,0.621,0.023,0.356
381500,0.621,0.018,0.361
382000,0.633,0.011,0.356
382500,0.628,0.007,0.364
383000,0.627,0.013,0.360
383500,0.625,0.013,0.363
384000,0.626,0.015,0.359
384500,0.636,0.013,0.351
385000,0.625,0.018,0.357
385500,0.622,0.018,0.360
386000,0.624,0.019,0.357
386500,0.614,0.019,0.367
387000,0.617,0.019,0.364
387500,0.617,0.018,0.365
388000,0.625,0.013,0.363
388500,0.622,0.011,0.367
389000,0.640,0.007,0.352
389500,0.641,0.009,0.350
390000,0.659,0.007,0.333
390500,0.658,0.013,0.328
391000,0.654,0.013,0.333
391500,0.653,0.011,0.336
392000,0.648,0.011,0.340
392500,0.647,0.014,0.339
393000,0.649,0.017,0.334
393500,0.654,0.012,0.334
394000,0.652,0.011,0.337
394500,0.661,0.013,0.326
395000,0.668,0.011,0.320
395500,0.673,0.013,0.314
396000,0.663,0.015,0.322
396500,0.661,0.012,0.327
397000,0.651,0.013,0.336
397500,0.637,0.019,0.343
398000,0.641,0.015,0.344
398500,0.645,0.009,0.345
399000,0.653,0.010,0.337
399500,0.650,0.011,0.339
400000,0.649,0.016,0.335
400500,0.654,0.010,0.336
401000,0.660,0.013,0.327
401500,0.665,0.011,0.324
402000,0.662,0.013,0.325
402500,0.675,0.013,0.312
403000,0.679,0.014,0.307
403500,0.678,0.017,0.305
404000,0.670,0.018,0.311
404500,0.658,0.018,0.323
405000,0.649,0.017,0.334
405500,0.654,0.010,0.336
406000,0.660,0.009,0.331
406500,0.653,0.007,0.339
407000,0.641,0.011,0.347
407500,0.641,0.012,0.347
408000,0.630,0.013,0.357
408500,0.625,0.011,0.364
409000,0.626,0.015,0.358
409500,0.618,0.013,0.369
410000,0.628,0.017,0.355
410500,0.624,0.015,0.360
411000,0.618,0.017,0.366
411500,0.617,0.012,0.371
412000,0.624,0.009,0.367
412500,0.623,0.009,0.368
413000,0.606,0.009,0.386
413500,0.612,0.017,0.371
414000,0.615,0.017,0.368
414500,0.618,0.015,0.366
415000,0.611,0.024,0.365
415500,0.624,0.022,0.353
416000,0.632,0.020,0.348
416500,0.640,0.014,0.346
417000,0.633,0.013,0.354
417500,0.636,0.011,0.353
418000,0.625,0.013,0.362
418500,0.634,0.015,0.351
419000,0.634,0.015,0.350
419500,0.632,0.017,0.351
420000,0.636,0.015,0.348
420500,0.633,0.018,0.348
421000,0.622,0.021,0.358
421500,0.617,0.024,0.359
422000,0.610,0.028,0.363
422500,0.612,0.025,0.363
423000,0.612,0.025,0.362
423500,0.625,0.024,0.352
424000,0.619,0.025,0.356
424500,0.623,0.022,0.355
425000,0.625,0.019,0.356
425500,0.621,0.012,0.367
426000,0.617,0.015,0.368
426500,0.617,0.013,0.369
427000,0.628,0.015,0.357
427500,0.618,0.023,0.359
428000,0.636,0.018,0.346
428500,0.646,0.017,0.337
429000,0.653,0.013,0.334
429500,0.655,0.013,0.331
430000,0.658,0.008,0.334
430500,0.666,0.007,0.326
431000,0.681,0.006,0.312
431500,0.695,0.010,0.295
432000,0.690,0.013,0.298
432500,0.685,0.007,0.307
433000,0.678,0.005,0.316
433500,0.683,0.004,0.312
434000,0.682,0.010,0.308
434500,0.692,0.009,0.299
435000,0.676,0.011,0.313
435500,0.668,0.010,0.322
436000,0.664,0.009,0.326
436500,0.668,0.009,0.323
437000,0.660,0.010,0.330
437500,0.664,0.007,0.329
438000,0.658,0.009,0.333
438500,0.659,0.011,0.330
439000,0.659,0.012,0.329
439500,0.641,0.011,0.348
440000,0.632,0.011,0.357
440500,0.636,0.009,0.355
441000,0.635,0.011,0.354
441500,0.634,0.008,0.358
442000,0.630,0.007,0.362
442500,0.635,0.012,0.353
443000,0.640,0.011,0.349
443500,0.648,0.011,0.341
444000,0.655,0.016,0.329
444500,0.642,0.015,0.343
445000,0.647,0.015,0.338
445500,0.642,0.013,0.345
446000,0.646,0.012,0.342
446500,0.648,0.013,0.338
447000,0.631,0.011,0.358
447500,0.623,0.009,0.367
448000,0.641,0.011,0.348
448500,0.639,0.013,0.347
449000,0.622,0.013,0.365
449500,0.631,0.012,0.357
450000,0.624,0.015,0.361
450500,0.615,0.016,0.369
451000,0.618,0.014,0.368
451500,0.621,0.012,0.367
452000,0.630,0.018,0.352
452500,0.623,0.017,0.360
453000,0.627,0.017,0.356
453500,0.618,0.021,0.361
454000,0.619,0.017,0.364
454500,0.625,0.012,0.363
455000,0.623,0.011,0.366
455500,0.613,0.011,0.376
456000,0.600,0.011,0.389
456500,0.609,0.014,0.377
457000,0.600,0.013,0.387
457500,0.599,0.015,0.386
458000,0.599,0.021,0.381
458500,0.602,0.022,0.376
459000,0.611,0.024,0.365
459500,0.616,0.020,0.364
460000,0.624,0.017,0.360
460500,0.614,0.018,0.368
461000,0.624,0.015,0.361
461500,0.630,0.013,0.356
462000,0.647,0.015,0.338
462500,0.652,0.016,0.332
463000,0.634,0.015,0.351
463500,0.633,0.012,0.355
464000,0.611,0.012,0.377
464500,0.623,0.017,0.360
465000,0.605,0.015,0.381
465500,0.598,0.017,0.386
466000,0.583,0.021,0.396
466500,0.595,0.018,0.387
467000,0.602,0.014,0.384
467500,0.613,0.013,0.374
468000,0.623,0.015,0.362
468500,0.624,0.015,0.361
469000,0.624,0.017,0.359
469500,0.621,0.015,0.364
470000,0.615,0.018,0.367
470500,0.618,0.015,0.368
471000,0.622,0.015,0.363
471500,0.624,0.018,0.358
472000,0.622,0.013,0.364
472500,0.637,0.013,0.350
473000,0.631,0.011,0.358
473500,0.646,0.011,0.342
474000,0.655,0.012,0.333
474500,0.654,0.013,0.333
475000,0.652,0.011,0.336
475500,0.652,0.012,0.336
476000,0.641,0.008,0.351
476500,0.656,0.009,0.335
477000,0.650,0.009,0.341
477500,0.646,0.010,0.344
478000,0.644,0.005,0.350
478500,0.651,0.011,0.338
479000,0.645,0.013,0.341
479500,0.627,0.017,0.356
480000,0.627,0.015,0.358
480500,0.609,0.018,0.373
481000,0.617,0.016,0.367
481500,0.629,0.011,0.359
482000,0.632,0.013,0.355
482500,0.649,0.013,0.337
483000,0.657,0.012,0.331
483500,0.665,0.013,0.322
484000,0.657,0.014,0.329
484500,0.660,0.015,0.325
485000,0.644,0.015,0.341
485500,0.655,0.012,0.333
486000,0.660,0.014,0.326
486500,0.658,0.015,0.327
487000,0.666,0.016,0.318
487500,0.659,0.015,0.325
488000,0.658,0.014,0.328
488500,0.652,0.015,0.333
489000,0.650,0.013,0.336
489500,0.652,0.016,0.332
490000,0.640,0.015,0.345
490500,0.610,0.013,0.378
491000,0.618,0.015,0.367
491500,0.618,0.014,0.368
492000,0.623,0.017,0.360
492500,0.627,0.015,0.358
493000,0.639,0.016,0.345
493500,0.649,0.013,0.338
494000,0.653,0.015,0.331
494500,0.656,0.013,0.331
495000,0.644,0.012,0.344
495500,0.649,0.010,0.341
496000,0.649,0.008,0.343
496500,0.667,0.006,0.326
497000,0.656,0.011,0.332
497500,0.645,0.011,0.344
498000,0.639,0.011,0.349
498500,0.629,0.016,0.355
499000,0.626,0.015,0.359
499500,0.620,0.018,0.362
500000,0.616,0.017,0.368
500500,0.630,0.013,0.356
501000,0.629,0.015,0.356
501500,0.626,0.017,0.357
502000,0.639,0.015,0.346
502500,0.620,0.012,0.368
503000,0.623,0.019,0.357
503500,0.610,0.018,0.372
504000,0.615,0.015,0.369
504500,0.608,0.022,0.369
505000,0.612,0.022,0.365
505500,0.609,0.020,0.371
506000,0.609,0.018,0.374
506500,0.612,0.018,0.371
507000,0.605,0.012,0.383
507500,0.609,0.014,0.377
508000,0.615,0.017,0.368
508500,0.626,0.015,0.359
509000,0.639,0.011,0.350
509500,0.639,0.013,0.348
510000,0.632,0.013,0.355
510500,0.618,0.009,0.372
511000,0.631,0.013,0.356
511500,0.646,0.011,0.343
512000,0.656,0.007,0.336
512500,0.665,0.009,0.326
513000,0.660,0.012,0.328
513500,0.658,0.007,0.335
514000,0.676,0.009,0.315
514500,0.669,0.011,0.320
515000,0.663,0.009,0.327
515500,0.663,0.010,0.327
516000,0.671,0.013,0.316
516500,0.667,0.013,0.320
517000,0.680,0.013,0.307
517500,0.685,0.013,0.301
518000,0.676,0.013,0.311
518500,0.677,0.013,0.309
519000,0.670,0.009,0.321
519500,0.670,0.011,0.319
520000,0.679,0.011,0.310
520500,0.664,0.009,0.326
521000,0.667,0.010,0.323
521500,0.670,0.009,0.320
522000,0.670,0.012,0.318
522500,0.663,0.011,0.325
523000,0.663,0.013,0.323
523500,0.663,0.011,0.326
524000,0.663,0.011,0.326
524500,0.667,0.013,0.319
525000,0.671,0.013,0.316
525500,0.676,0.009,0.314
526000,0.678,0.004,0.318
526500,0.686,0.007,0.306
527000,0.681,0.005,0.313
527500,0.691,0.006,0.303
528000,0.691,0.007,0.302
528500,0.683,0.006,0.310
529000,0.671,0.009,0.320
529500,0.665,0.007,0.328
530000,0.674,0.004,0.321
530500,0.684,0.009,0.307
531000,0.694,0.006,0.300
531500,0.687,0.004,0.308
532000,0.670,0.006,0.324
532500,0.674,0.009,0.317
533000,0.673,0.004,0.323
533500,0.679,0.005,0.316
534000,0.682,0.005,0.312
534500,0.690,0.009,0.301
535000,0.703,0.007,0.290
535500,0.693,0.012,0.295
536000,0.687,0.015,0.298
536500,0.690,0.007,0.303
537000,0.675,0.010,0.315
537500,0.674,0.014,0.311
538000,0.672,0.011,0.317
538500,0.669,0.005,0.325
539000,0.658,0.007,0.334
539500,0.647,0.013,0.340
540000,0.654,0.013,0.333
540500,0.650,0.020,0.330
541000,0.630,0.021,0.349
541500,0.633,0.019,0.348
542000,0.625,0.013,0.361
542500,0.624,0.015,0.362
543000,0.625,0.015,0.359
543500,0.616,0.015,0.370
544000,0.632,0.014,0.354
544500,0.625,0.018,0.356
545000,0.620,0.021,0.360
545500,0.623,0.015,0.362
546000,0.638,0.011,0.351
546500,0.633,0.009,0.357
547000,0.619,0.016,0.365
547500,0.616,0.018,0.366
548000,0.625,0.019,0.356
548500,0.612,0.016,0.372
549000,0.607,0.013,0.380
549500,0.605,0.014,0.381
550000,0.614,0.011,0.375
550500,0.616,0.011,0.373
551000,0.621,0.009,0.370
551500,0.611,0.010,0.379
552000,0.608,0.011,0.381
552500,0.595,0.027,0.378
553000,0.604,0.021,0.376
553500,0.600,0.019,0.381
554000,0.600,0.017,0.384
554500,0.622,0.015,0.364
555000,0.635,0.014,0.351
555500,0.640,0.013,0.347
556000,0.628,0.011,0.360
556500,0.635,0.011,0.353
557000,0.635,0.013,0.352
557500,0.650,0.014,0.336
558000,0.644,0.013,0.343
558500,0.624,0.015,0.360
559000,0.628,0.011,0.361
559500,0.634,0.013,0.353
560000,0.632,0.013,0.355
560500,0.640,0.015,0.344
561000,0.639,0.013,0.347
561500,0.630,0.011,0.358
562000,0.631,0.011,0.357
562500,0.615,0.013,0.371
563000,0.621,0.013,0.366
563500,0.619,0.015,0.365
564000,0.613,0.012,0.375
564500,0.617,0.011,0.372
565000,0.596,0.017,0.388
565500,0.602,0.015,0.383
566000,0.603,0.013,0.384
566500,0.606,0.010,0.384
567000,0.605,0.012,0.383
567500,0.617,0.015,0.368
568000,0.617,0.018,0.365
568500,0.609,0.011,0.380
569000,0.589,0.017,0.394
569500,0.580,0.018,0.402
570000,0.582,0.025,0.393
570500,0.581,0.021,0.399
571000,0.558,0.021,0.421
571500,0.558,0.020,0.421
572000,0.567,0.018,0.415
572500,0.577,0.021,0.403
573000,0.582,0.029,0.389
573500,0.579,0.022,0.399
574000,0.567,0.024,0.410
574500,0.576,0.031,0.393
575000,0.570,0.029,0.401
575500,0.542,0.035,0.422
576000,0.547,0.034,0.419
576500,0.562,0.029,0.408
577000,0.559,0.030,0.410
577500,0.557,0.026,0.417
578000,0.557,0.029,0.413
578500,0.569,0.025,0.406
579000,0.578,0.025,0.397
579500,0.579,0.021,0.400
580000,0.573,0.021,0.406
580500,0.589,0.021,0.390
581000,0.582,0.025,0.393
581500,0.586,0.025,0.390
582000,0.582,0.025,0.393
582500,0.555,0.022,0.422
583000,0.538,0.018,0.444
583500,0.562,0.023,0.415
584000,0.561,0.021,0.418
584500,0.560,0.028,0.412
585000,0.558,0.028,0.414
585500,0.541,0.037,0.421
586000,0.545,0.028,0.427
586500,0.547,0.029,0.424
587000,0.565,0.030,0.405
587500,0.566,0.031,0.403
588000,0.547,0.026,0.426
588500,0.560,0.026,0.414
589000,0.563,0.026,0.411
589500,0.563,0.024,0.414
590000,0.568,0.029,0.404
590500,0.579,0.026,0.395
591000,0.575,0.025,0.400
591500,0.582,0.025,0.393
592000,0.583,0.021,0.396
592500,0.583,0.021,0.396
593000,0.585,0.022,0.393
593500,0.584,0.019,0.397
594000,0.576,0.017,0.407
594500,0.566,0.025,0.410
595000,0.575,0.028,0.397
595500,0.570,0.021,0.409
596000,0.564,0.018,0.419
596500,0.575,0.020,0.405
597000,0.587,0.022,0.391
597500,0.594,0.025,0.382
598000,0.599,0.022,0.379
598500,0.614,0.018,0.368
599000,0.608,0.018,0.374
599500,0.606,0.017,0.377
600000,0.600,0.015,0.385
600500,0.600,0.016,0.384
601000,0.600,0.018,0.382
601500,0.617,0.021,0.363
602000,0.616,0.022,0.362
602500,0.619,0.021,0.361
603000,0.632,0.022,0.346
603500,0.627,0.019,0.353
604000,0.626,0.016,0.358
604500,0.637,0.018,0.345
605000,0.635,0.015,0.350
605500,0.614,0.013,0.372
606000,0.606,0.013,0.381
606500,0.613,0.015,0.372
607000,0.622,0.013,0.364
607500,0.623,0.013,0.364
608000,0.624,0.010,0.366
608500,0.632,0.011,0.357
609000,0.635,0.011,0.354
609500,0.649,0.011,0.339
610000,0.634,0.009,0.357
610500,0.648,0.011,0.341
611000,0.654,0.011,0.335
611500,0.665,0.019,0.316
612000,0.646,0.023,0.331
612500,0.650,0.017,0.333
613000,0.646,0.013,0.341
613500,0.654,0.011,0.335
614000,0.637,0.011,0.351
614500,0.660,0.011,0.329
615000,0.662,0.011,0.326
615500,0.651,0.008,0.341
616000,0.657,0.006,0.336
616500,0.655,0.005,0.340
617000,0.657,0.010,0.333
617500,0.656,0.009,0.335
618000,0.649,0.005,0.345
618500,0.644,0.011,0.345
619000,0.653,0.008,0.339
619500,0.658,0.011,0.331
620000,0.640,0.009,0.351
620500,0.649,0.009,0.342
621000,0.654,0.004,0.341
621500,0.648,0.009,0.343
622000,0.646,0.012,0.342
622500,0.661,0.015,0.323
623000,0.664,0.014,0.322
623500,0.659,0.014,0.327
624000,0.658,0.013,0.329
624500,0.673,0.013,0.314
625000,0.683,0.012,0.305
625500,0.665,0.011,0.323
626000,0.667,0.012,0.321
626500,0.660,0.011,0.329
627000,0.650,0.010,0.340
627500,0.649,0.010,0.341
628000,0.657,0.009,0.333
628500,0.650,0.011,0.339
629000,0.652,0.010,0.338
629500,0.648,0.011,0.340
630000,0.653,0.015,0.332
630500,0.653,0.013,0.334
631000,0.656,0.013,0.330
631500,0.655,0.009,0.336
632000,0.657,0.009,0.333
632500,0.656,0.009,0.335
633000,0.663,0.004,0.332
633500,0.675,0.009,0.316
634000,0.679,0.005,0.315
634500,0.691,0.007,0.302
635000,0.691,0.011,0.299
635500,0.682,0.013,0.304
636000,0.684,0.013,0.303
636500,0.677,0.010,0.313
637000,0.669,0.006,0.325
637500,0.671,0.007,0.321
638000,0.658,0.004,0.338
638500,0.658,0.005,0.337
639000,0.651,0.008,0.341
639500,0.640,0.008,0.352
640000,0.635,0.013,0.352
640500,0.632,0.015,0.352
641000,0.628,0.015,0.357
641500,0.630,0.011,0.359
642000,0.636,0.015,0.349
642500,0.642,0.014,0.344
643000,0.640,0.017,0.343
643500,0.636,0.016,0.348
644000,0.637,0.015,0.348
644500,0.645,0.013,0.341
645000,0.643,0.016,0.341
645500,0.646,0.015,0.339
646000,0.641,0.013,0.345
646500,0.658,0.018,0.323
647000,0.661,0.015,0.324
647500,0.653,0.016,0.331
648000,0.647,0.011,0.341
648500,0.660,0.009,0.331
649000,0.659,0.013,0.327
649500,0.671,0.013,0.316
650000,0.677,0.009,0.314
650500,0.682,0.009,0.309
651000,0.673,0.012,0.315
651500,0.673,0.011,0.316
652000,0.665,0.011,0.324
652500,0.681,0.011,0.308
653000,0.681,0.011,0.308
653500,0.690,0.014,0.296
654000,0.687,0.012,0.301
654500,0.689,0.014,0.297
655000,0.682,0.018,0.300
655500,0.673,0.015,0.311
656000,0.666,0.010,0.324
656500,0.681,0.007,0.312
657000,0.682,0.011,0.306
657500,0.677,0.013,0.309
658000,0.690,0.013,0.298
658500,0.679,0.007,0.313
659000,0.681,0.006,0.312
659500,0.688,0.004,0.309
660000,0.693,0.004,0.303
660500,0.710,0.005,0.285
661000,0.711,0.006,0.283
661500,0.728,0.006,0.266
662000,0.725,0.007,0.268
662500,0.727,0.007,0.266
663000,0.718,0.004,0.278
663500,0.717,0.006,0.277
664000,0.710,0.006,0.284
664500,0.712,0.009,0.279
665000,0.708,0.008,0.284
665500,0.700,0.006,0.294
666000,0.683,0.005,0.312
666500,0.679,0.006,0.315
667000,0.671,0.011,0.318
667500,0.677,0.011,0.311
668000,0.678,0.011,0.310
668500,0.691,0.011,0.298
669000,0.679,0.013,0.307
669500,0.682,0.013,0.305
670000,0.676,0.013,0.310
670500,0.668,0.013,0.319
671000,0.658,0.015,0.326
671500,0.659,0.018,0.323
672000,0.655,0.021,0.323
672500,0.646,0.025,0.329
673000,0.634,0.024,0.342
673500,0.637,0.020,0.343
674000,0.650,0.018,0.331
674500,0.644,0.018,0.338
675000,0.644,0.013,0.342
675500,0.648,0.018,0.333
676000,0.650,0.015,0.335
676500,0.660,0.013,0.327
677000,0.662,0.014,0.324
677500,0.656,0.012,0.332
678000,0.651,0.009,0.340
678500,0.663,0.011,0.326
679000,0.660,0.013,0.327
679500,0.648,0.011,0.340
680000,0.644,0.007,0.348
680500,0.654,0.011,0.335
681000,0.653,0.007,0.339
681500,0.657,0.009,0.333
682000,0.656,0.014,0.330
682500,0.660,0.015,0.324
683000,0.669,0.015,0.315
683500,0.670,0.011,0.318
684000,0.665,0.010,0.325
684500,0.668,0.011,0.320
685000,0.668,0.011,0.321
685500,0.655,0.011,0.334
686000,0.651,0.013,0.335
686500,0.648,0.017,0.335
687000,0.649,0.019,0.332
687500,0.647,0.017,0.336
688000,0.655,0.017,0.328
688500,0.638,0.017,0.345
689000,0.636,0.017,0.347
689500,0.624,0.018,0.358
690000,0.611,0.018,0.370
690500,0.608,0.024,0.368
691000,0.592,0.029,0.379
691500,0.589,0.025,0.387
692000,0.570,0.021,0.409
692500,0.582,0.015,0.403
693000,0.600,0.011,0.389
693500,0.616,0.020,0.364
694000,0.594,0.018,0.388
694500,0.589,0.015,0.397
695000,0.585,0.018,0.397
695500,0.602,0.018,0.380
696000,0.623,0.015,0.362
696500,0.633,0.018,0.348
697000,0.634,0.019,0.346
697500,0.614,0.021,0.365
698000,0.604,0.015,0.381
698500,0.598,0.021,0.381
699000,0.604,0.022,0.373
699500,0.611,0.013,0.376
700000,0.610,0.015,0.375
700500,0.612,0.018,0.370
701000,0.606,0.016,0.378
701500,0.596,0.015,0.389
702000,0.588,0.014,0.398
702500,0.587,0.013,0.400
703000,0.611,0.011,0.378
703500,0.624,0.009,0.366
704000,0.616,0.011,0.374
704500,0.626,0.009,0.365
705000,0.619,0.015,0.366
705500,0.604,0.012,0.384
706000,0.607,0.009,0.384
706500,0.595,0.021,0.384
707000,0.582,0.030,0.388
707500,0.560,0.030,0.409
708000,0.578,0.026,0.396
708500,0.587,0.021,0.392
709000,0.588,0.023,0.389
709500,0.591,0.021,0.388
710000,0.598,0.015,0.387
710500,0.598,0.023,0.379
711000,0.611,0.023,0.366
711500,0.610,0.028,0.362
712000,0.613,0.026,0.361
712500,0.615,0.022,0.363
713000,0.620,0.020,0.360
713500,0.606,0.015,0.379
714000,0.592,0.017,0.392
714500,0.587,0.018,0.395
715000,0.579,0.025,0.396
715500,0.581,0.018,0.402
716000,0.574,0.021,0.406
716500,0.578,0.017,0.406
717000,0.569,0.016,0.415
717500,0.581,0.017,0.402
718000,0.584,0.016,0.400
718500,0.590,0.018,0.392
719000,0.599,0.012,0.389
719500,0.583,0.015,0.402
720000,0.602,0.015,0.383
720500,0.589,0.015,0.396
721000,0.584,0.018,0.398
721500,0.584,0.018,0.398
722000,0.579,0.025,0.396
722500,0.577,0.028,0.396
723000,0.582,0.034,0.385
723500,0.573,0.032,0.396
724000,0.572,0.024,0.404
724500,0.577,0.029,0.395
725000,0.574,0.020,0.406
725500,0.580,0.018,0.402
726000,0.581,0.013,0.406
726500,0.593,0.016,0.391
727000,0.607,0.015,0.378
727500,0.601,0.015,0.385
728000,0.613,0.015,0.372
728500,0.609,0.015,0.377
729000,0.620,0.019,0.361
729500,0.621,0.016,0.363
730000,0.630,0.021,0.349
730500,0.621,0.016,0.363
731000,0.635,0.017,0.348
731500,0.644,0.019,0.336
732000,0.644,0.016,0.340
732500,0.645,0.014,0.341
733000,0.652,0.009,0.338
733500,0.657,0.009,0.334
734000,0.651,0.009,0.340
734500,0.643,0.012,0.345
735000,0.646,0.015,0.339
735500,0.638,0.013,0.348
736000,0.629,0.017,0.354
736500,0.637,0.013,0.350
737000,0.655,0.018,0.327
737500,0.638,0.017,0.345
738000,0.632,0.018,0.350
738500,0.612,0.018,0.369
739000,0.610,0.018,0.372
739500,0.605,0.022,0.373
740000,0.598,0.018,0.384
740500,0.601,0.013,0.386
741000,0.621,0.017,0.363
741500,0.624,0.015,0.360
742000,0.636,0.011,0.353
742500,0.634,0.011,0.354
743000,0.623,0.018,0.360
743500,0.627,0.017,0.356
744000,0.621,0.018,0.361
744500,0.625,0.018,0.357
745000,0.616,0.016,0.368
745500,0.612,0.021,0.367
746000,0.625,0.015,0.360
746500,0.628,0.014,0.358
747000,0.626,0.011,0.363
747500,0.644,0.016,0.340
748000,0.649,0.015,0.336
748500,0.646,0.013,0.340
749000,0.644,0.016,0.340
749500,0.632,0.016,0.352
750000,0.625,0.018,0.357
750500,0.622,0.015,0.363
751000,0.617,0.017,0.367
751500,0.623,0.015,0.362
752000,0.636,0.016,0.348
752500,0.629,0.016,0.355
753000,0.625,0.015,0.360
753500,0.618,0.015,0.367
754000,0.629,0.011,0.359
754500,0.621,0.013,0.365
755000,0.631,0.015,0.353
755500,0.636,0.011,0.353
756000,0.640,0.011,0.349
756500,0.658,0.009,0.332
757000,0.660,0.007,0.332
757500,0.658,0.007,0.335
758000,0.669,0.007,0.324
758500,0.664,0.006,0.329
759000,0.672,0.005,0.322
759500,0.672,0.006,0.321
760000,0.669,0.006,0.324
760500,0.667,0.006,0.326
761000,0.656,0.011,0.332
761500,0.653,0.014,0.333
762000,0.646,0.017,0.337
762500,0.652,0.013,0.335
763000,0.642,0.011,0.347
763500,0.634,0.011,0.355
764000,0.632,0.015,0.353
764500,0.632,0.013,0.355
765000,0.623,0.011,0.365
765500,0.618,0.012,0.370
766000,0.630,0.011,0.359
766500,0.626,0.008,0.366
767000,0.623,0.005,0.372
767500,0.630,0.004,0.366
768000,0.622,0.010,0.368
768500,0.620,0.013,0.367
769000,0.631,0.011,0.357
769500,0.619,0.014,0.367
770000,0.612,0.009,0.379
770500,0.619,0.011,0.369
771000,0.631,0.010,0.359
771500,0.642,0.016,0.342
772000,0.649,0.013,0.338
772500,0.642,0.008,0.350
773000,0.650,0.007,0.342
773500,0.645,0.010,0.345
774000,0.642,0.011,0.347
774500,0.656,0.016,0.328
775000,0.662,0.015,0.323
775500,0.666,0.017,0.317
776000,0.665,0.013,0.322
776500,0.664,0.016,0.320
777000,0.666,0.019,0.314
777500,0.656,0.017,0.327
778000,0.637,0.011,0.352
778500,0.619,0.011,0.369
779000,0.624,0.013,0.364
779500,0.626,0.017,0.357
780000,0.630,0.017,0.353
780500,0.635,0.012,0.353
781000,0.632,0.011,0.357
781500,0.630,0.015,0.355
782000,0.626,0.013,0.361
782500,0.616,0.011,0.373
783000,0.619,0.013,0.368
783500,0.626,0.017,0.357
784000,0.617,0.013,0.369
784500,0.622,0.013,0.365
785000,0.623,0.009,0.368
785500,0.638,0.009,0.352
786000,0.640,0.013,0.347
786500,0.644,0.011,0.344
787000,0.636,0.009,0.354
787500,0.626,0.010,0.364
788000,0.637,0.010,0.353
788500,0.641,0.018,0.340
789000,0.640,0.013,0.346
789500,0.636,0.013,0.351
790000,0.623,0.010,0.367
790500,0.608,0.012,0.380
791000,0.613,0.009,0.379
791500,0.601,0.011,0.388
792000,0.599,0.011,0.391
792500,0.606,0.009,0.386
793000,0.596,0.014,0.390
793500,0.593,0.012,0.395
794000,0.602,0.013,0.385
794500,0.605,0.011,0.384
795000,0.613,0.018,0.369
795500,0.614,0.015,0.371
796000,0.608,0.016,0.376
796500,0.598,0.019,0.383
797000,0.612,0.015,0.372
797500,0.625,0.015,0.360
798000,0.630,0.012,0.358
798500,0.631,0.009,0.359
799000,0.625,0.013,0.362
799500,0.617,0.015,0.368
800000,0.626,0.023,0.351
800500,0.625,0.019,0.356
801000,0.627,0.020,0.353
801500,0.615,0.018,0.367
802000,0.619,0.018,0.363
802500,0.620,0.018,0.362
803000,0.629,0.018,0.353
803500,0.632,0.011,0.356
