time,n_A+p,n_B,n_AB
100,0.348,0.391,0.261
200,0.380,0.304,0.315
300,0.359,0.326,0.315
400,0.380,0.293,0.326
500,0.304,0.304,0.391
600,0.239,0.359,0.402
700,0.304,0.326,0.370
800,0.217,0.304,0.478
900,0.217,0.380,0.402
1000,0.272,0.359,0.370
1100,0.348,0.283,0.370
1200,0.370,0.217,0.413
1300,0.380,0.207,0.413
1400,0.348,0.163,0.489
1500,0.457,0.152,0.391
1600,0.478,0.207,0.315
1700,0.413,0.152,0.435
1800,0.391,0.174,0.435
1900,0.435,0.196,0.370
2000,0.391,0.185,0.424
2100,0.402,0.207,0.391
2200,0.326,0.315,0.359
2300,0.293,0.304,0.402
2400,0.326,0.293,0.380
2500,0.315,0.293,0.391
2600,0.293,0.293,0.413
2700,0.239,0.370,0.391
2800,0.152,0.370,0.478
2900,0.185,0.337,0.478
3000,0.337,0.304,0.359
3100,0.239,0.272,0.489
3200,0.380,0.196,0.424
3300,0.370,0.283,0.348
3400,0.304,0.315,0.380
3500,0.293,0.326,0.380
3600,0.250,0.348,0.402
3700,0.250,0.413,0.337
3800,0.283,0.359,0.359
3900,0.337,0.207,0.457
4000,0.293,0.250,0.457
4100,0.228,0.293,0.478
4200,0.217,0.359,0.424
4300,0.239,0.402,0.359
4400,0.283,0.250,0.467
4500,0.272,0.315,0.413
4600,0.293,0.293,0.413
4700,0.315,0.315,0.370
4800,0.239,0.478,0.283
4900,0.185,0.446,0.370
5000,0.174,0.522,0.304
5100,0.163,0.511,0.326
5200,0.185,0.424,0.391
5300,0.174,0.467,0.359
5400,0.120,0.391,0.489
5500,0.109,0.554,0.337
5600,0.033,0.630,0.337
5700,0.065,0.630,0.304
5800,0.054,0.500,0.446
5900,0.098,0.543,0.359
6000,0.120,0.522,0.359
6100,0.130,0.489,0.380
6200,0.120,0.565,0.315
6300,0.120,0.620,0.261
6400,0.054,0.630,0.315
6500,0.065,0.630,0.304
6600,0.098,0.652,0.250
6700,0.141,0.609,0.250
6800,0.109,0.543,0.348
6900,0.109,0.620,0.272
7000,0.087,0.522,0.391
7100,0.065,0.500,0.435
7200,0.098,0.641,0.261
7300,0.098,0.663,0.239
7400,0.043,0.750,0.207
7500,0.022,0.826,0.152
7600,0.033,0.783,0.185
7700,0.043,0.837,0.120
7800,0.033,0.880,0.087
7900,0.022,0.880,0.098
8000,0.022,0.924,0.054
8100,0.011,0.978,0.011
8200,0.011,0.967,0.022
8300,0.011,0.967,0.022
8400,0.011,0.978,0.011
8500,0.011,0.978,0.011
8600,0.011,0.978,0.011
8700,0.011,0.989,0.000
8800,0.011,0.989,0.000
8900,0.000,0.978,0.022
9000,0.000,0.989,0.011
9100,0.000,0.989,0.011
9200,0.000,1.000,0.000
