time,n_A+p,n_B,n_AB
500,0.030,0.627,0.343
1000,0.030,0.310,0.660
1500,0.030,0.246,0.724
2000,0.030,0.229,0.741
2500,0.030,0.269,0.701
3000,0.030,0.282,0.688
3500,0.030,0.268,0.702
4000,0.030,0.199,0.771
4500,0.030,0.258,0.712
5000,0.030,0.202,0.768
5500,0.030,0.434,0.536
6000,0.030,0.287,0.683
6500,0.030,0.295,0.675
7000,0.030,0.236,0.734
7500,0.030,0.366,0.604
8000,0.030,0.275,0.695
8500,0.030,0.338,0.632
9000,0.030,0.318,0.652
9500,0.030,0.301,0.669
10000,0.030,0.257,0.713
10500,0.030,0.260,0.710
11000,0.030,0.279,0.691
11500,0.039,0.231,0.730
12000,0.030,0.386,0.584
12500,0.030,0.455,0.515
13000,0.030,0.296,0.674
13500,0.030,0.421,0.549
14000,0.030,0.321,0.649
14500,0.030,0.274,0.696
15000,0.030,0.374,0.596
15500,0.030,0.312,0.658
16000,0.030,0.277,0.693
16500,0.030,0.303,0.667
17000,0.030,0.307,0.663
17500,0.030,0.229,0.741
18000,0.030,0.337,0.633
18500,0.030,0.362,0.608
19000,0.030,0.313,0.657
19500,0.037,0.204,0.759
20000,0.030,0.223,0.747
20500,0.030,0.256,0.714
21000,0.030,0.402,0.568
21500,0.030,0.270,0.700
22000,0.030,0.300,0.670
22500,0.030,0.297,0.673
23000,0.030,0.380,0.590
23500,0.030,0.268,0.702
24000,0.030,0.341,0.629
24500,0.030,0.247,0.723
25000,0.030,0.236,0.734
25500,0.030,0.275,0.695
26000,0.030,0.240,0.730
26500,0.030,0.229,0.741
27000,0.030,0.233,0.737
27500,0.030,0.227,0.743
28000,0.030,0.218,0.752
28500,0.030,0.302,0.668
29000,0.030,0.291,0.679
29500,0.030,0.326,0.644
30000,0.030,0.225,0.745
30500,0.030,0.254,0.716
31000,0.030,0.391,0.579
31500,0.030,0.216,0.754
32000,0.030,0.282,0.688
32500,0.030,0.215,0.755
33000,0.030,0.394,0.576
33500,0.030,0.345,0.625
34000,0.030,0.311,0.659
34500,0.030,0.294,0.676
35000,0.030,0.216,0.754
35500,0.030,0.331,0.639
36000,0.030,0.234,0.736
36500,0.030,0.240,0.730
37000,0.030,0.258,0.712
37500,0.030,0.339,0.631
38000,0.030,0.342,0.628
38500,0.030,0.319,0.651
39000,0.030,0.423,0.547
39500,0.030,0.296,0.674
40000,0.030,0.245,0.725
40500,0.030,0.357,0.613
41000,0.030,0.466,0.504
41500,0.030,0.301,0.669
42000,0.030,0.269,0.701
42500,0.030,0.247,0.723
43000,0.136,0.055,0.809
43500,0.754,0.000,0.246
44000,0.785,0.000,0.215
44500,0.803,0.000,0.197
45000,0.845,0.000,0.155
45500,0.782,0.000,0.218
46000,0.841,0.000,0.159
46500,0.952,0.000,0.048
47000,0.858,0.000,0.142
47500,0.929,0.000,0.071
48000,0.929,0.000,0.071
48500,0.971,0.000,0.029
49000,0.958,0.000,0.042
49500,0.941,0.000,0.059
50000,0.860,0.000,0.140
50500,0.902,0.000,0.098
51000,0.912,0.000,0.088
51500,0.898,0.000,0.102
52000,0.889,0.000,0.111
52500,0.954,0.000,0.046
53000,0.990,0.000,0.010
53500,1.000,0.000,0.000
