time,n_A+p,n_B,n_AB
500,0.050,0.736,0.214
1000,0.050,0.599,0.351
1500,0.050,0.455,0.495
2000,0.061,0.369,0.570
2500,0.063,0.391,0.546
3000,0.060,0.325,0.615
3500,0.067,0.367,0.566
4000,0.067,0.296,0.637
4500,0.061,0.321,0.618
5000,0.067,0.339,0.594
5500,0.081,0.273,0.646
6000,0.075,0.301,0.624
6500,0.061,0.318,0.621
7000,0.091,0.270,0.639
7500,0.053,0.284,0.663
8000,0.074,0.328,0.598
8500,0.073,0.255,0.672
9000,0.093,0.196,0.711
9500,0.157,0.139,0.704
10000,0.194,0.093,0.713
10500,0.371,0.038,0.591
11000,0.481,0.008,0.511
11500,0.619,0.001,0.380
12000,0.807,0.000,0.193
12500,0.874,0.000,0.126
13000,0.815,0.000,0.185
13500,0.831,0.000,0.169
14000,0.875,0.000,0.125
14500,0.903,0.000,0.097
15000,0.940,0.000,0.060
15500,0.933,0.000,0.067
16000,0.930,0.000,0.070
16500,0.958,0.000,0.042
17000,0.943,0.000,0.057
17500,0.946,0.000,0.054
18000,0.973,0.000,0.027
18500,0.991,0.000,0.009
19000,0.999,0.000,0.001
19500,1.000,0.000,0.000
