time,n_A+p,n_B,n_AB
100,0.030,0.966,0.004
200,0.030,0.950,0.020
300,0.030,0.945,0.026
400,0.030,0.934,0.037
500,0.030,0.932,0.039
600,0.030,0.920,0.050
700,0.030,0.909,0.061
800,0.030,0.910,0.060
900,0.030,0.900,0.070
1000,0.030,0.890,0.081
1100,0.030,0.882,0.089
1200,0.030,0.870,0.100
1300,0.031,0.862,0.107
1400,0.031,0.855,0.114
1500,0.033,0.845,0.123
1600,0.035,0.828,0.137
1700,0.039,0.821,0.140
1800,0.037,0.804,0.159
1900,0.040,0.792,0.169
2000,0.037,0.777,0.186
2100,0.039,0.763,0.198
2200,0.037,0.755,0.208
2300,0.033,0.739,0.229
2400,0.034,0.727,0.239
2500,0.033,0.716,0.251
2600,0.034,0.706,0.260
2700,0.033,0.677,0.290
2800,0.036,0.670,0.294
2900,0.036,0.664,0.300
3000,0.034,0.657,0.309
3100,0.041,0.648,0.312
3200,0.044,0.642,0.314
3300,0.040,0.653,0.307
3400,0.042,0.646,0.313
3500,0.043,0.638,0.319
3600,0.042,0.634,0.324
3700,0.042,0.618,0.340
3800,0.039,0.603,0.359
3900,0.042,0.591,0.367
4000,0.046,0.590,0.364
4100,0.046,0.588,0.366
4200,0.048,0.583,0.369
4300,0.048,0.576,0.376
4400,0.051,0.569,0.380
4500,0.051,0.564,0.385
4600,0.056,0.556,0.388
4700,0.058,0.544,0.397
4800,0.052,0.534,0.414
4900,0.050,0.530,0.420
5000,0.048,0.525,0.427
5100,0.047,0.518,0.435
5200,0.052,0.514,0.434
5300,0.049,0.515,0.436
5400,0.046,0.513,0.441
5500,0.050,0.504,0.446
5600,0.048,0.498,0.454
5700,0.047,0.499,0.454
5800,0.047,0.494,0.459
5900,0.047,0.496,0.457
6000,0.048,0.489,0.463
6100,0.050,0.492,0.458
6200,0.053,0.490,0.457
6300,0.049,0.490,0.461
6400,0.050,0.503,0.447
6500,0.051,0.496,0.453
6600,0.052,0.489,0.459
6700,0.047,0.485,0.468
6800,0.047,0.483,0.470
6900,0.051,0.474,0.475
7000,0.060,0.472,0.468
7100,0.062,0.472,0.466
7200,0.058,0.468,0.474
7300,0.054,0.459,0.487
7400,0.054,0.457,0.489
7500,0.055,0.447,0.497
7600,0.057,0.436,0.507
7700,0.064,0.432,0.504
7800,0.060,0.439,0.501
7900,0.056,0.436,0.508
8000,0.054,0.426,0.520
8100,0.054,0.423,0.523
8200,0.053,0.422,0.525
8300,0.053,0.416,0.531
8400,0.052,0.412,0.536
8500,0.053,0.414,0.533
8600,0.057,0.409,0.534
8700,0.054,0.407,0.539
8800,0.049,0.398,0.553
8900,0.053,0.396,0.551
9000,0.053,0.395,0.552
9100,0.057,0.396,0.546
9200,0.056,0.396,0.547
9300,0.054,0.393,0.553
9400,0.054,0.385,0.561
9500,0.061,0.382,0.557
9600,0.065,0.381,0.554
9700,0.062,0.384,0.554
9800,0.062,0.378,0.560
9900,0.061,0.382,0.557
10000,0.070,0.375,0.555
10100,0.072,0.376,0.553
10200,0.066,0.375,0.559
10300,0.074,0.374,0.553
10400,0.075,0.369,0.557
10500,0.066,0.372,0.562
10600,0.062,0.370,0.568
10700,0.065,0.364,0.571
10800,0.068,0.369,0.563
10900,0.066,0.371,0.563
11000,0.063,0.365,0.572
11100,0.063,0.364,0.573
11200,0.060,0.361,0.579
11300,0.063,0.380,0.557
11400,0.065,0.376,0.559
11500,0.062,0.378,0.560
11600,0.066,0.376,0.558
11700,0.063,0.381,0.556
11800,0.061,0.373,0.566
11900,0.067,0.375,0.558
12000,0.073,0.371,0.557
12100,0.066,0.364,0.570
12200,0.068,0.365,0.567
12300,0.069,0.364,0.567
12400,0.065,0.358,0.577
12500,0.060,0.361,0.579
12600,0.063,0.360,0.577
12700,0.065,0.358,0.577
12800,0.060,0.355,0.584
12900,0.061,0.347,0.591
13000,0.056,0.347,0.597
13100,0.056,0.352,0.591
13200,0.062,0.341,0.597
13300,0.061,0.343,0.596
13400,0.061,0.343,0.596
13500,0.064,0.342,0.593
13600,0.060,0.338,0.602
13700,0.060,0.334,0.606
13800,0.059,0.334,0.607
13900,0.070,0.330,0.600
14000,0.066,0.334,0.600
14100,0.066,0.333,0.601
14200,0.060,0.335,0.605
14300,0.062,0.332,0.606
14400,0.062,0.328,0.610
14500,0.062,0.330,0.608
14600,0.063,0.327,0.610
14700,0.068,0.324,0.608
14800,0.070,0.329,0.601
14900,0.091,0.326,0.583
15000,0.092,0.323,0.585
15100,0.090,0.335,0.575
15200,0.090,0.333,0.577
15300,0.091,0.331,0.578
15400,0.088,0.329,0.583
15500,0.092,0.326,0.582
15600,0.087,0.330,0.583
15700,0.090,0.322,0.588
15800,0.084,0.321,0.596
15900,0.085,0.319,0.597
16000,0.081,0.324,0.596
16100,0.078,0.329,0.593
16200,0.080,0.328,0.592
16300,0.081,0.322,0.598
16400,0.073,0.320,0.608
16500,0.073,0.321,0.607
16600,0.078,0.323,0.600
16700,0.073,0.322,0.606
16800,0.068,0.317,0.615
16900,0.063,0.315,0.622
17000,0.065,0.317,0.618
17100,0.064,0.323,0.613
17200,0.079,0.322,0.600
17300,0.079,0.321,0.601
17400,0.081,0.315,0.605
17500,0.083,0.314,0.604
17600,0.096,0.317,0.587
17700,0.090,0.309,0.601
17800,0.087,0.313,0.601
17900,0.088,0.316,0.597
18000,0.081,0.312,0.608
18100,0.080,0.313,0.608
18200,0.075,0.309,0.616
18300,0.074,0.303,0.623
18400,0.073,0.304,0.623
18500,0.065,0.305,0.629
18600,0.064,0.312,0.624
18700,0.066,0.307,0.626
18800,0.072,0.312,0.617
18900,0.073,0.307,0.620
19000,0.072,0.307,0.621
19100,0.072,0.305,0.623
19200,0.070,0.301,0.628
19300,0.072,0.297,0.631
19400,0.077,0.295,0.628
19500,0.074,0.287,0.639
19600,0.074,0.288,0.638
19700,0.070,0.284,0.646
19800,0.066,0.283,0.651
19900,0.062,0.282,0.656
20000,0.061,0.281,0.658
20100,0.059,0.281,0.660
20200,0.061,0.283,0.656
20300,0.063,0.287,0.650
20400,0.065,0.280,0.655
20500,0.089,0.282,0.629
20600,0.086,0.281,0.633
20700,0.088,0.281,0.631
20800,0.087,0.275,0.638
20900,0.086,0.275,0.639
21000,0.100,0.277,0.623
21100,0.095,0.274,0.631
21200,0.094,0.280,0.626
21300,0.097,0.274,0.629
21400,0.103,0.270,0.627
21500,0.101,0.270,0.629
21600,0.091,0.272,0.637
21700,0.085,0.270,0.646
21800,0.083,0.264,0.654
21900,0.084,0.263,0.654
22000,0.084,0.266,0.651
22100,0.088,0.275,0.637
22200,0.073,0.276,0.652
22300,0.074,0.273,0.654
22400,0.073,0.280,0.648
22500,0.077,0.277,0.647
22600,0.075,0.274,0.652
22700,0.075,0.278,0.648
22800,0.073,0.277,0.651
22900,0.077,0.275,0.649
23000,0.075,0.279,0.647
23100,0.075,0.282,0.644
23200,0.072,0.279,0.650
23300,0.074,0.275,0.652
23400,0.076,0.271,0.654
23500,0.078,0.270,0.653
23600,0.078,0.269,0.654
23700,0.079,0.269,0.653
23800,0.078,0.266,0.657
23900,0.078,0.271,0.652
24000,0.078,0.270,0.653
24100,0.075,0.269,0.657
24200,0.074,0.270,0.657
24300,0.070,0.271,0.659
24400,0.070,0.269,0.661
24500,0.070,0.264,0.666
24600,0.074,0.268,0.659
24700,0.073,0.265,0.663
24800,0.065,0.260,0.674
24900,0.063,0.269,0.668
25000,0.068,0.267,0.665
25100,0.061,0.266,0.673
25200,0.075,0.261,0.664
25300,0.072,0.260,0.668
25400,0.070,0.259,0.670
25500,0.083,0.263,0.655
25600,0.086,0.257,0.657
25700,0.089,0.259,0.652
25800,0.088,0.261,0.651
25900,0.080,0.264,0.657
26000,0.075,0.258,0.667
26100,0.073,0.257,0.670
26200,0.077,0.258,0.665
26300,0.080,0.256,0.664
26400,0.074,0.260,0.666
26500,0.068,0.261,0.670
26600,0.067,0.264,0.669
26700,0.066,0.264,0.670
26800,0.067,0.266,0.667
26900,0.072,0.261,0.667
27000,0.064,0.257,0.678
27100,0.064,0.259,0.676
27200,0.063,0.260,0.676
27300,0.065,0.258,0.676
27400,0.065,0.257,0.677
27500,0.065,0.253,0.681
27600,0.065,0.251,0.683
27700,0.063,0.249,0.687
27800,0.064,0.252,0.683
27900,0.064,0.254,0.681
28000,0.068,0.255,0.676
28100,0.063,0.250,0.686
28200,0.064,0.254,0.681
28300,0.061,0.256,0.682
28400,0.061,0.258,0.680
28500,0.060,0.254,0.685
28600,0.058,0.255,0.686
28700,0.065,0.253,0.681
28800,0.073,0.261,0.666
28900,0.068,0.259,0.672
29000,0.063,0.256,0.680
29100,0.078,0.256,0.666
29200,0.077,0.252,0.671
29300,0.075,0.259,0.666
29400,0.084,0.265,0.652
29500,0.083,0.261,0.656
29600,0.077,0.265,0.659
29700,0.075,0.257,0.668
29800,0.070,0.250,0.679
29900,0.066,0.249,0.684
30000,0.068,0.246,0.685
30100,0.064,0.251,0.684
30200,0.070,0.250,0.679
30300,0.070,0.252,0.677
30400,0.073,0.248,0.679
30500,0.076,0.245,0.679
30600,0.072,0.240,0.688
30700,0.063,0.237,0.700
30800,0.066,0.237,0.697
30900,0.068,0.231,0.701
31000,0.074,0.232,0.695
31100,0.077,0.232,0.692
31200,0.076,0.226,0.699
31300,0.072,0.223,0.706
31400,0.070,0.224,0.706
31500,0.069,0.222,0.709
31600,0.069,0.216,0.715
31700,0.067,0.219,0.714
31800,0.067,0.228,0.705
31900,0.070,0.229,0.701
32000,0.068,0.225,0.707
32100,0.066,0.227,0.707
32200,0.072,0.222,0.707
32300,0.070,0.221,0.709
32400,0.072,0.224,0.705
32500,0.073,0.222,0.706
32600,0.072,0.222,0.707
32700,0.069,0.224,0.707
32800,0.067,0.223,0.710
32900,0.065,0.222,0.713
33000,0.069,0.221,0.710
33100,0.074,0.220,0.707
33200,0.075,0.225,0.701
33300,0.073,0.221,0.707
33400,0.068,0.222,0.710
33500,0.066,0.221,0.713
33600,0.062,0.219,0.719
33700,0.065,0.220,0.715
33800,0.068,0.224,0.708
33900,0.066,0.224,0.710
34000,0.065,0.219,0.716
34100,0.065,0.224,0.711
34200,0.064,0.229,0.707
34300,0.060,0.235,0.705
34400,0.070,0.227,0.703
34500,0.070,0.218,0.712
34600,0.077,0.223,0.701
34700,0.074,0.216,0.711
34800,0.074,0.218,0.709
34900,0.069,0.217,0.714
35000,0.072,0.215,0.714
35100,0.069,0.215,0.716
35200,0.076,0.210,0.714
35300,0.077,0.210,0.713
35400,0.075,0.211,0.714
35500,0.068,0.208,0.723
35600,0.067,0.204,0.728
35700,0.067,0.207,0.725
35800,0.068,0.207,0.724
35900,0.066,0.209,0.724
36000,0.069,0.205,0.725
36100,0.069,0.207,0.723
36200,0.067,0.210,0.722
36300,0.069,0.210,0.720
36400,0.075,0.209,0.716
36500,0.078,0.206,0.716
36600,0.070,0.204,0.725
36700,0.067,0.208,0.724
36800,0.070,0.213,0.716
36900,0.070,0.208,0.721
37000,0.067,0.207,0.725
37100,0.064,0.202,0.733
37200,0.065,0.204,0.730
37300,0.064,0.205,0.730
37400,0.067,0.203,0.729
37500,0.092,0.207,0.701
37600,0.099,0.206,0.695
37700,0.101,0.200,0.699
37800,0.100,0.203,0.697
37900,0.095,0.202,0.703
38000,0.097,0.202,0.701
38100,0.092,0.200,0.708
38200,0.082,0.197,0.721
38300,0.078,0.202,0.720
38400,0.077,0.203,0.720
38500,0.072,0.222,0.707
38600,0.074,0.217,0.710
38700,0.078,0.220,0.703
38800,0.073,0.219,0.709
38900,0.077,0.216,0.708
39000,0.073,0.219,0.709
39100,0.073,0.220,0.708
39200,0.080,0.217,0.704
39300,0.078,0.215,0.708
39400,0.080,0.216,0.705
39500,0.072,0.207,0.721
39600,0.072,0.213,0.715
39700,0.069,0.212,0.718
39800,0.074,0.211,0.715
39900,0.070,0.205,0.724
40000,0.075,0.202,0.723
40100,0.074,0.202,0.724
40200,0.077,0.198,0.725
40300,0.085,0.195,0.720
40400,0.094,0.191,0.715
40500,0.098,0.203,0.699
40600,0.100,0.204,0.696
40700,0.092,0.201,0.707
40800,0.106,0.198,0.696
40900,0.105,0.199,0.696
41000,0.104,0.196,0.700
41100,0.102,0.195,0.703
41200,0.095,0.200,0.705
41300,0.096,0.203,0.701
41400,0.093,0.196,0.711
41500,0.079,0.196,0.725
41600,0.078,0.196,0.726
41700,0.082,0.195,0.723
41800,0.083,0.200,0.717
41900,0.079,0.201,0.720
42000,0.079,0.197,0.724
42100,0.079,0.197,0.724
42200,0.074,0.198,0.728
42300,0.075,0.201,0.724
42400,0.078,0.204,0.718
42500,0.079,0.200,0.721
42600,0.078,0.205,0.717
42700,0.082,0.202,0.716
42800,0.080,0.202,0.718
42900,0.072,0.200,0.728
43000,0.080,0.208,0.712
43100,0.079,0.212,0.709
43200,0.085,0.208,0.707
43300,0.085,0.206,0.709
43400,0.091,0.205,0.704
43500,0.092,0.203,0.705
43600,0.091,0.205,0.704
43700,0.088,0.202,0.710
43800,0.090,0.199,0.711
43900,0.091,0.207,0.702
44000,0.089,0.209,0.702
44100,0.089,0.212,0.699
44200,0.085,0.211,0.704
44300,0.084,0.209,0.707
44400,0.089,0.208,0.703
44500,0.085,0.205,0.710
44600,0.080,0.208,0.712
44700,0.080,0.212,0.708
44800,0.084,0.212,0.704
44900,0.084,0.207,0.709
45000,0.085,0.205,0.710
45100,0.092,0.209,0.699
45200,0.088,0.208,0.704
45300,0.088,0.206,0.706
45400,0.088,0.204,0.708
45500,0.088,0.203,0.709
45600,0.093,0.200,0.707
45700,0.091,0.200,0.709
45800,0.087,0.200,0.713
45900,0.085,0.201,0.714
46000,0.083,0.221,0.697
46100,0.081,0.210,0.709
46200,0.076,0.210,0.714
46300,0.074,0.211,0.715
46400,0.072,0.205,0.723
46500,0.066,0.209,0.724
46600,0.067,0.209,0.723
46700,0.072,0.206,0.722
46800,0.070,0.204,0.725
46900,0.078,0.195,0.727
47000,0.078,0.195,0.727
47100,0.078,0.193,0.729
47200,0.080,0.189,0.731
47300,0.083,0.192,0.725
47400,0.080,0.192,0.728
47500,0.083,0.197,0.720
47600,0.082,0.193,0.725
47700,0.079,0.195,0.726
47800,0.076,0.196,0.728
47900,0.080,0.192,0.728
48000,0.081,0.194,0.725
48100,0.077,0.190,0.733
48200,0.084,0.187,0.729
48300,0.082,0.186,0.732
48400,0.079,0.186,0.735
48500,0.084,0.189,0.727
48600,0.082,0.196,0.722
48700,0.086,0.194,0.720
48800,0.089,0.189,0.722
48900,0.090,0.187,0.723
49000,0.091,0.183,0.726
49100,0.092,0.181,0.727
49200,0.091,0.179,0.730
49300,0.089,0.185,0.726
49400,0.087,0.184,0.729
49500,0.089,0.185,0.726
49600,0.091,0.184,0.725
49700,0.088,0.181,0.731
49800,0.096,0.182,0.722
49900,0.097,0.181,0.722
50000,0.103,0.179,0.718
50100,0.105,0.180,0.715
50200,0.105,0.181,0.714
50300,0.103,0.177,0.720
50400,0.099,0.173,0.728
50500,0.099,0.173,0.728
50600,0.093,0.174,0.733
50700,0.092,0.177,0.731
50800,0.102,0.178,0.720
50900,0.112,0.177,0.711
51000,0.104,0.179,0.717
51100,0.093,0.179,0.728
51200,0.092,0.178,0.730
51300,0.089,0.178,0.733
51400,0.089,0.177,0.734
51500,0.089,0.176,0.735
51600,0.085,0.178,0.737
51700,0.087,0.183,0.730
51800,0.089,0.183,0.728
51900,0.086,0.204,0.710
52000,0.092,0.200,0.708
52100,0.093,0.202,0.705
52200,0.093,0.205,0.702
52300,0.086,0.203,0.711
52400,0.083,0.211,0.706
52500,0.085,0.209,0.706
52600,0.083,0.207,0.710
52700,0.080,0.203,0.717
52800,0.085,0.197,0.718
52900,0.085,0.193,0.722
53000,0.086,0.188,0.726
53100,0.091,0.189,0.720
53200,0.088,0.187,0.725
53300,0.087,0.187,0.726
53400,0.083,0.192,0.725
53500,0.084,0.188,0.728
53600,0.085,0.186,0.729
53700,0.088,0.190,0.722
53800,0.091,0.188,0.721
53900,0.087,0.187,0.726
54000,0.081,0.187,0.732
54100,0.081,0.190,0.729
54200,0.080,0.186,0.734
54300,0.085,0.181,0.734
54400,0.084,0.184,0.732
54500,0.083,0.183,0.734
54600,0.081,0.183,0.736
54700,0.082,0.183,0.735
54800,0.076,0.183,0.742
54900,0.075,0.182,0.744
55000,0.077,0.182,0.742
55100,0.077,0.181,0.743
55200,0.079,0.183,0.739
55300,0.082,0.182,0.736
55400,0.082,0.180,0.739
55500,0.080,0.181,0.740
55600,0.081,0.183,0.736
55700,0.076,0.184,0.741
55800,0.073,0.187,0.741
55900,0.069,0.192,0.739
56000,0.074,0.190,0.736
56100,0.078,0.184,0.739
56200,0.075,0.185,0.741
56300,0.082,0.185,0.733
56400,0.087,0.188,0.725
56500,0.081,0.188,0.731
56600,0.085,0.188,0.727
56700,0.086,0.188,0.726
56800,0.087,0.188,0.725
56900,0.094,0.187,0.719
57000,0.093,0.184,0.723
57100,0.093,0.186,0.721
57200,0.088,0.187,0.725
57300,0.087,0.191,0.722
57400,0.087,0.189,0.724
57500,0.084,0.187,0.729
57600,0.085,0.183,0.732
57700,0.084,0.185,0.731
57800,0.081,0.191,0.728
57900,0.080,0.188,0.732
58000,0.082,0.185,0.733
58100,0.079,0.184,0.737
58200,0.083,0.183,0.734
58300,0.085,0.188,0.727
58400,0.087,0.184,0.729
58500,0.085,0.184,0.731
58600,0.086,0.183,0.731
58700,0.089,0.186,0.725
58800,0.090,0.186,0.724
58900,0.090,0.184,0.726
59000,0.087,0.182,0.731
59100,0.088,0.180,0.732
59200,0.086,0.175,0.740
59300,0.083,0.177,0.741
59400,0.080,0.184,0.736
59500,0.080,0.183,0.737
59600,0.075,0.183,0.743
59700,0.076,0.183,0.742
59800,0.083,0.186,0.731
59900,0.083,0.191,0.726
60000,0.086,0.190,0.724
60100,0.083,0.191,0.726
60200,0.081,0.187,0.732
60300,0.083,0.185,0.732
60400,0.082,0.183,0.735
60500,0.085,0.193,0.722
60600,0.083,0.189,0.728
60700,0.080,0.185,0.735
60800,0.073,0.186,0.742
60900,0.069,0.188,0.743
61000,0.070,0.189,0.741
61100,0.074,0.188,0.739
61200,0.073,0.198,0.729
61300,0.069,0.193,0.737
61400,0.068,0.211,0.720
61500,0.066,0.206,0.727
61600,0.066,0.201,0.732
61700,0.072,0.204,0.724
61800,0.073,0.207,0.720
61900,0.080,0.203,0.717
62000,0.077,0.202,0.721
62100,0.077,0.204,0.719
62200,0.074,0.205,0.721
62300,0.072,0.200,0.728
62400,0.067,0.204,0.728
62500,0.066,0.205,0.728
62600,0.064,0.205,0.730
62700,0.066,0.202,0.731
62800,0.064,0.194,0.742
62900,0.062,0.194,0.744
63000,0.060,0.196,0.744
63100,0.063,0.197,0.740
63200,0.061,0.194,0.745
63300,0.059,0.190,0.751
63400,0.060,0.190,0.750
63500,0.061,0.189,0.750
63600,0.061,0.190,0.749
63700,0.060,0.186,0.754
63800,0.061,0.183,0.756
63900,0.062,0.183,0.755
64000,0.070,0.182,0.748
64100,0.070,0.185,0.745
64200,0.067,0.186,0.747
64300,0.069,0.186,0.745
64400,0.079,0.185,0.736
64500,0.078,0.189,0.733
64600,0.088,0.187,0.725
64700,0.083,0.188,0.729
64800,0.081,0.186,0.733
64900,0.077,0.189,0.734
65000,0.076,0.189,0.735
65100,0.075,0.187,0.739
65200,0.068,0.185,0.747
65300,0.077,0.187,0.736
65400,0.078,0.191,0.731
65500,0.078,0.189,0.733
65600,0.080,0.189,0.731
65700,0.078,0.191,0.731
65800,0.084,0.188,0.728
65900,0.080,0.192,0.728
66000,0.077,0.196,0.727
66100,0.075,0.193,0.732
66200,0.075,0.193,0.732
66300,0.073,0.189,0.739
66400,0.074,0.185,0.742
66500,0.070,0.180,0.750
66600,0.066,0.174,0.760
66700,0.063,0.178,0.759
66800,0.061,0.183,0.756
66900,0.061,0.179,0.760
67000,0.063,0.178,0.759
67100,0.074,0.176,0.751
67200,0.072,0.176,0.753
67300,0.073,0.179,0.749
67400,0.070,0.176,0.754
67500,0.072,0.174,0.755
67600,0.074,0.172,0.755
67700,0.073,0.170,0.758
67800,0.080,0.168,0.753
67900,0.080,0.172,0.749
68000,0.091,0.177,0.732
68100,0.085,0.177,0.739
68200,0.078,0.183,0.740
68300,0.081,0.184,0.735
68400,0.079,0.181,0.741
68500,0.081,0.182,0.737
68600,0.082,0.187,0.731
68700,0.080,0.185,0.735
68800,0.073,0.184,0.744
68900,0.072,0.182,0.747
69000,0.066,0.184,0.750
69100,0.064,0.186,0.750
69200,0.060,0.184,0.756
69300,0.064,0.181,0.755
69400,0.066,0.183,0.751
69500,0.065,0.180,0.755
69600,0.064,0.177,0.759
69700,0.073,0.178,0.750
69800,0.084,0.172,0.745
69900,0.072,0.173,0.756
70000,0.070,0.173,0.757
70100,0.068,0.176,0.756
70200,0.067,0.179,0.754
70300,0.065,0.182,0.753
70400,0.066,0.177,0.757
70500,0.072,0.174,0.755
70600,0.065,0.180,0.755
70700,0.065,0.181,0.754
70800,0.065,0.181,0.754
70900,0.061,0.177,0.762
71000,0.060,0.175,0.765
71100,0.059,0.171,0.770
71200,0.061,0.190,0.749
71300,0.064,0.187,0.749
71400,0.063,0.185,0.752
71500,0.091,0.165,0.744
71600,0.083,0.173,0.745
71700,0.087,0.171,0.743
71800,0.083,0.176,0.742
71900,0.087,0.173,0.741
72000,0.087,0.176,0.737
72100,0.085,0.170,0.746
72200,0.086,0.170,0.745
72300,0.092,0.174,0.734
72400,0.088,0.170,0.743
72500,0.087,0.170,0.744
72600,0.086,0.169,0.746
72700,0.083,0.168,0.750
72800,0.084,0.166,0.750
72900,0.083,0.162,0.755
73000,0.083,0.164,0.753
73100,0.079,0.169,0.753
73200,0.079,0.166,0.755
73300,0.080,0.169,0.752
73400,0.078,0.168,0.755
73500,0.075,0.175,0.751
73600,0.073,0.178,0.750
73700,0.073,0.185,0.743
73800,0.078,0.182,0.741
73900,0.075,0.178,0.748
74000,0.072,0.185,0.744
74100,0.076,0.184,0.741
74200,0.077,0.183,0.741
74300,0.077,0.181,0.743
74400,0.076,0.178,0.747
74500,0.076,0.178,0.747
74600,0.077,0.179,0.745
74700,0.075,0.178,0.748
74800,0.075,0.189,0.736
74900,0.070,0.192,0.737
75000,0.069,0.188,0.743
75100,0.067,0.185,0.748
75200,0.063,0.187,0.750
75300,0.061,0.180,0.759
75400,0.058,0.199,0.743
75500,0.062,0.199,0.739
75600,0.056,0.205,0.739
75700,0.054,0.211,0.734
75800,0.058,0.208,0.733
75900,0.060,0.200,0.740
76000,0.060,0.201,0.739
76100,0.059,0.202,0.739
76200,0.061,0.198,0.741
76300,0.061,0.198,0.741
76400,0.060,0.194,0.746
76500,0.063,0.196,0.741
76600,0.065,0.187,0.748
76700,0.065,0.184,0.751
76800,0.064,0.184,0.752
76900,0.066,0.183,0.751
77000,0.068,0.179,0.753
77100,0.068,0.183,0.749
77200,0.067,0.187,0.746
77300,0.064,0.184,0.752
77400,0.068,0.182,0.750
77500,0.060,0.183,0.757
77600,0.062,0.183,0.755
77700,0.063,0.182,0.755
77800,0.069,0.182,0.749
77900,0.072,0.183,0.746
78000,0.066,0.184,0.750
78100,0.068,0.185,0.747
78200,0.069,0.182,0.749
78300,0.073,0.172,0.756
78400,0.075,0.164,0.761
78500,0.073,0.161,0.766
78600,0.072,0.162,0.766
78700,0.072,0.163,0.765
78800,0.068,0.163,0.768
78900,0.063,0.162,0.774
79000,0.066,0.162,0.771
79100,0.070,0.157,0.772
79200,0.072,0.157,0.771
79300,0.066,0.162,0.771
79400,0.063,0.165,0.771
79500,0.067,0.168,0.765
79600,0.063,0.170,0.767
79700,0.060,0.164,0.775
79800,0.061,0.171,0.768
79900,0.062,0.175,0.763
80000,0.061,0.173,0.766
80100,0.062,0.171,0.767
80200,0.063,0.171,0.766
80300,0.064,0.169,0.767
80400,0.064,0.171,0.765
80500,0.062,0.175,0.763
80600,0.068,0.172,0.760
80700,0.067,0.172,0.761
80800,0.068,0.174,0.758
80900,0.068,0.178,0.754
81000,0.062,0.177,0.761
81100,0.061,0.175,0.764
81200,0.061,0.173,0.766
81300,0.062,0.172,0.766
81400,0.063,0.172,0.765
81500,0.069,0.174,0.757
81600,0.067,0.172,0.761
81700,0.064,0.171,0.765
81800,0.064,0.168,0.768
81900,0.063,0.170,0.767
82000,0.063,0.173,0.764
82100,0.062,0.172,0.766
82200,0.063,0.162,0.774
82300,0.059,0.161,0.779
82400,0.056,0.164,0.779
82500,0.057,0.161,0.781
82600,0.058,0.162,0.779
82700,0.083,0.162,0.755
82800,0.084,0.165,0.751
82900,0.078,0.160,0.762
83000,0.083,0.161,0.756
83100,0.078,0.155,0.767
83200,0.081,0.157,0.762
83300,0.074,0.163,0.763
83400,0.075,0.164,0.761
83500,0.076,0.159,0.765
83600,0.067,0.157,0.775
83700,0.075,0.162,0.763
83800,0.074,0.165,0.761
83900,0.076,0.161,0.763
84000,0.077,0.157,0.766
84100,0.074,0.162,0.764
84200,0.072,0.155,0.773
84300,0.076,0.154,0.770
84400,0.076,0.157,0.767
84500,0.070,0.159,0.770
84600,0.073,0.154,0.773
84700,0.066,0.152,0.781
84800,0.065,0.154,0.780
84900,0.064,0.153,0.782
85000,0.067,0.155,0.777
85100,0.069,0.155,0.775
85200,0.066,0.153,0.780
85300,0.066,0.151,0.782
85400,0.067,0.162,0.770
85500,0.067,0.168,0.765
85600,0.076,0.164,0.760
85700,0.098,0.165,0.736
85800,0.092,0.171,0.737
85900,0.098,0.168,0.734
86000,0.088,0.168,0.745
86100,0.088,0.172,0.741
86200,0.093,0.169,0.739
86300,0.088,0.164,0.748
86400,0.101,0.171,0.728
86500,0.094,0.171,0.735
86600,0.094,0.171,0.735
86700,0.096,0.176,0.728
86800,0.091,0.174,0.735
86900,0.090,0.174,0.736
87000,0.087,0.172,0.742
87100,0.091,0.174,0.735
87200,0.086,0.174,0.741
87300,0.085,0.174,0.742
87400,0.083,0.172,0.746
87500,0.078,0.168,0.755
87600,0.075,0.170,0.756
87700,0.078,0.173,0.750
87800,0.074,0.170,0.757
87900,0.073,0.174,0.754
88000,0.072,0.166,0.762
88100,0.070,0.169,0.761
88200,0.068,0.164,0.767
88300,0.072,0.163,0.765
88400,0.069,0.160,0.770
88500,0.073,0.156,0.771
88600,0.072,0.157,0.771
88700,0.070,0.155,0.774
88800,0.082,0.152,0.766
88900,0.084,0.150,0.766
89000,0.084,0.157,0.759
89100,0.083,0.151,0.766
89200,0.078,0.148,0.774
89300,0.081,0.148,0.771
89400,0.082,0.146,0.772
89500,0.081,0.145,0.774
89600,0.080,0.144,0.776
89700,0.077,0.146,0.777
89800,0.075,0.149,0.776
89900,0.072,0.148,0.780
90000,0.069,0.142,0.789
90100,0.069,0.146,0.784
90200,0.069,0.141,0.790
90300,0.068,0.142,0.790
90400,0.068,0.159,0.772
90500,0.066,0.164,0.769
90600,0.065,0.162,0.772
90700,0.065,0.164,0.770
90800,0.067,0.168,0.765
90900,0.065,0.165,0.769
91000,0.062,0.163,0.774
91100,0.056,0.164,0.779
91200,0.061,0.168,0.771
91300,0.060,0.170,0.770
91400,0.057,0.169,0.774
91500,0.054,0.172,0.774
91600,0.057,0.172,0.771
91700,0.055,0.170,0.775
91800,0.056,0.179,0.765
91900,0.057,0.173,0.770
92000,0.058,0.171,0.771
92100,0.060,0.170,0.770
92200,0.063,0.166,0.770
92300,0.060,0.168,0.772
92400,0.058,0.166,0.775
92500,0.055,0.159,0.785
92600,0.057,0.158,0.784
92700,0.055,0.158,0.787
92800,0.053,0.159,0.788
92900,0.059,0.159,0.781
93000,0.058,0.166,0.775
93100,0.056,0.164,0.779
93200,0.055,0.160,0.784
93300,0.051,0.157,0.792
93400,0.050,0.159,0.791
93500,0.052,0.159,0.789
93600,0.050,0.158,0.792
93700,0.051,0.153,0.796
93800,0.048,0.155,0.797
93900,0.048,0.159,0.793
94000,0.045,0.154,0.801
94100,0.049,0.158,0.793
94200,0.053,0.162,0.784
94300,0.051,0.158,0.791
94400,0.053,0.156,0.791
94500,0.059,0.153,0.788
94600,0.056,0.153,0.791
94700,0.059,0.151,0.790
94800,0.080,0.146,0.774
94900,0.075,0.144,0.781
95000,0.073,0.150,0.777
95100,0.069,0.156,0.774
95200,0.069,0.151,0.779
95300,0.075,0.147,0.778
95400,0.078,0.150,0.772
95500,0.082,0.150,0.768
95600,0.083,0.148,0.769
95700,0.077,0.144,0.779
95800,0.079,0.146,0.775
95900,0.069,0.150,0.780
96000,0.069,0.147,0.783
96100,0.068,0.147,0.784
96200,0.069,0.144,0.787
96300,0.068,0.148,0.783
96400,0.068,0.149,0.782
96500,0.068,0.153,0.778
96600,0.067,0.150,0.782
96700,0.068,0.157,0.774
96800,0.068,0.151,0.780
96900,0.072,0.152,0.776
97000,0.072,0.152,0.776
97100,0.069,0.149,0.781
97200,0.073,0.149,0.778
97300,0.067,0.148,0.784
97400,0.069,0.142,0.789
97500,0.073,0.154,0.773
97600,0.074,0.151,0.775
97700,0.072,0.155,0.773
97800,0.070,0.159,0.770
97900,0.069,0.156,0.774
98000,0.067,0.153,0.779
98100,0.069,0.156,0.774
98200,0.061,0.152,0.787
98300,0.062,0.153,0.784
98400,0.061,0.156,0.782
98500,0.063,0.153,0.783
98600,0.062,0.150,0.788
98700,0.067,0.151,0.781
98800,0.069,0.151,0.779
98900,0.068,0.151,0.780
99000,0.067,0.148,0.784
99100,0.064,0.143,0.793
99200,0.065,0.142,0.793
99300,0.059,0.144,0.797
99400,0.063,0.134,0.803
99500,0.062,0.136,0.802
99600,0.059,0.135,0.806
99700,0.056,0.136,0.808
99800,0.055,0.132,0.813
99900,0.059,0.130,0.811
100000,0.057,0.133,0.810
