time,n_A+p,n_B,n_AB
500,0.050,0.191,0.759
1000,0.050,0.313,0.637
1500,0.050,0.323,0.627
2000,0.050,0.377,0.573
2500,0.050,0.239,0.711
3000,0.050,0.351,0.599
3500,0.050,0.262,0.688
4000,0.053,0.248,0.699
4500,0.050,0.303,0.647
5000,0.050,0.156,0.794
5500,0.052,0.204,0.744
6000,0.050,0.277,0.673
6500,0.050,0.288,0.662
7000,0.050,0.186,0.764
7500,0.050,0.374,0.576
8000,0.050,0.441,0.509
8500,0.050,0.277,0.673
9000,0.050,0.235,0.715
9500,0.050,0.371,0.579
10000,0.077,0.137,0.786
10500,0.050,0.244,0.706
11000,0.050,0.326,0.624
11500,0.050,0.241,0.709
12000,0.050,0.389,0.561
12500,0.050,0.266,0.684
13000,0.050,0.425,0.525
13500,0.050,0.267,0.683
14000,0.050,0.234,0.716
14500,0.050,0.409,0.541
15000,0.050,0.365,0.585
15500,0.050,0.182,0.768
16000,0.050,0.458,0.492
16500,0.050,0.282,0.668
17000,0.050,0.261,0.689
17500,0.050,0.253,0.697
18000,0.050,0.215,0.735
18500,0.050,0.310,0.640
19000,0.050,0.282,0.668
19500,0.050,0.380,0.570
20000,0.050,0.236,0.714
20500,0.075,0.134,0.791
21000,0.998,0.000,0.002
21500,1.000,0.000,0.000
