time,n_A+p,n_B,n_AB
100,0.430,0.409,0.161
200,0.355,0.401,0.244
300,0.281,0.442,0.277
400,0.273,0.405,0.322
500,0.198,0.492,0.310
600,0.165,0.508,0.326
700,0.136,0.554,0.310
800,0.157,0.496,0.347
900,0.165,0.550,0.285
1000,0.124,0.583,0.293
1100,0.157,0.599,0.244
1200,0.145,0.550,0.306
1300,0.169,0.570,0.260
1400,0.132,0.591,0.277
1500,0.140,0.595,0.264
1600,0.107,0.599,0.293
1700,0.149,0.558,0.293
1800,0.120,0.603,0.277
1900,0.145,0.612,0.244
2000,0.169,0.570,0.260
2100,0.178,0.529,0.293
2200,0.136,0.525,0.339
2300,0.157,0.562,0.281
2400,0.190,0.537,0.273
2500,0.178,0.479,0.343
2600,0.178,0.512,0.310
2700,0.149,0.558,0.293
2800,0.120,0.583,0.298
2900,0.149,0.529,0.322
3000,0.219,0.492,0.289
3100,0.231,0.496,0.273
3200,0.211,0.500,0.289
3300,0.256,0.508,0.236
3400,0.240,0.554,0.207
3500,0.256,0.471,0.273
3600,0.269,0.401,0.331
3700,0.326,0.380,0.293
3800,0.347,0.360,0.293
3900,0.368,0.343,0.289
4000,0.343,0.318,0.339
4100,0.326,0.368,0.306
4200,0.322,0.421,0.256
4300,0.326,0.446,0.227
4400,0.252,0.438,0.310
4500,0.236,0.475,0.289
4600,0.182,0.500,0.318
4700,0.182,0.475,0.343
4800,0.161,0.533,0.306
4900,0.132,0.541,0.326
5000,0.153,0.574,0.273
5100,0.165,0.579,0.256
5200,0.128,0.653,0.219
5300,0.091,0.649,0.260
5400,0.116,0.649,0.236
5500,0.099,0.678,0.223
5600,0.087,0.649,0.264
5700,0.062,0.649,0.289
5800,0.041,0.686,0.273
5900,0.066,0.645,0.289
6000,0.079,0.669,0.252
6100,0.087,0.657,0.256
6200,0.062,0.711,0.227
6300,0.050,0.777,0.174
6400,0.074,0.773,0.153
6500,0.041,0.798,0.161
6600,0.012,0.826,0.161
6700,0.017,0.806,0.178
6800,0.037,0.785,0.178
6900,0.033,0.872,0.095
7000,0.025,0.888,0.087
7100,0.017,0.876,0.107
7200,0.025,0.876,0.099
7300,0.012,0.868,0.120
7400,0.012,0.884,0.103
7500,0.004,0.876,0.120
7600,0.004,0.909,0.087
7700,0.008,0.909,0.083
7800,0.004,0.917,0.079
7900,0.004,0.880,0.116
8000,0.000,0.921,0.079
8100,0.004,0.930,0.066
8200,0.008,0.930,0.062
8300,0.004,0.926,0.070
8400,0.004,0.955,0.041
8500,0.000,0.930,0.070
8600,0.000,0.955,0.045
8700,0.000,0.983,0.017
8800,0.000,0.983,0.017
8900,0.000,0.975,0.025
9000,0.000,0.988,0.012
9100,0.000,0.996,0.004
9200,0.000,0.996,0.004
9300,0.000,0.996,0.004
9400,0.000,0.996,0.004
9500,0.000,0.996,0.004
9600,0.000,0.996,0.004
9700,0.000,1.000,0.000
