time,n_A+p,n_B,n_AB
100,0.329,0.329,0.342
200,0.329,0.303,0.368
300,0.513,0.158,0.329
400,0.539,0.079,0.382
500,0.487,0.132,0.382
600,0.539,0.105,0.355
700,0.539,0.092,0.368
800,0.645,0.079,0.276
900,0.711,0.079,0.211
1000,0.605,0.132,0.263
1100,0.605,0.092,0.303
1200,0.539,0.105,0.355
1300,0.684,0.053,0.263
1400,0.658,0.013,0.329
1500,0.618,0.039,0.342
1600,0.737,0.000,0.263
1700,0.618,0.066,0.316
1800,0.553,0.132,0.316
1900,0.684,0.053,0.263
2000,0.671,0.053,0.276
2100,0.645,0.079,0.276
2200,0.513,0.118,0.368
2300,0.461,0.184,0.355
2400,0.447,0.184,0.368
2500,0.408,0.289,0.303
2600,0.474,0.276,0.250
2700,0.513,0.158,0.329
2800,0.408,0.211,0.382
2900,0.513,0.118,0.368
3000,0.671,0.105,0.224
3100,0.750,0.066,0.184
3200,0.829,0.039,0.132
3300,0.855,0.039,0.105
3400,0.882,0.039,0.079
3500,0.934,0.000,0.066
3600,0.882,0.000,0.118
3700,0.934,0.000,0.066
3800,0.895,0.000,0.105
3900,0.947,0.000,0.053
4000,0.921,0.000,0.079
4100,0.829,0.026,0.145
4200,0.921,0.000,0.079
4300,0.934,0.000,0.066
4400,0.961,0.000,0.039
4500,0.974,0.000,0.026
4600,0.961,0.000,0.039
4700,0.974,0.000,0.026
4800,0.974,0.000,0.026
4900,1.000,0.000,0.000
