time,n_A+p,n_B,n_AB
100,0.605,0.118,0.276
200,0.724,0.066,0.211
300,0.842,0.026,0.132
400,0.868,0.013,0.118
500,0.816,0.026,0.158
600,0.737,0.039,0.224
700,0.618,0.105,0.276
800,0.737,0.053,0.211
900,0.829,0.000,0.171
1000,0.763,0.039,0.197
1100,0.724,0.013,0.263
1200,0.645,0.105,0.250
1300,0.658,0.105,0.237
1400,0.789,0.039,0.171
1500,0.711,0.066,0.224
1600,0.711,0.053,0.237
1700,0.618,0.013,0.368
1800,0.461,0.171,0.368
1900,0.513,0.171,0.316
2000,0.632,0.053,0.316
2100,0.513,0.105,0.382
2200,0.461,0.066,0.474
2300,0.487,0.053,0.461
2400,0.461,0.118,0.421
2500,0.329,0.145,0.526
2600,0.434,0.211,0.355
2700,0.513,0.158,0.329
2800,0.645,0.092,0.263
2900,0.684,0.053,0.263
3000,0.605,0.079,0.316
3100,0.592,0.053,0.355
3200,0.447,0.158,0.395
3300,0.553,0.145,0.303
3400,0.461,0.145,0.395
3500,0.434,0.250,0.316
3600,0.553,0.132,0.316
3700,0.553,0.118,0.329
3800,0.658,0.118,0.224
3900,0.684,0.053,0.263
4000,0.526,0.145,0.329
4100,0.434,0.158,0.408
4200,0.447,0.197,0.355
4300,0.605,0.079,0.316
4400,0.513,0.026,0.461
4500,0.329,0.092,0.579
4600,0.237,0.237,0.526
4700,0.382,0.237,0.382
4800,0.500,0.105,0.395
4900,0.342,0.118,0.539
5000,0.368,0.171,0.461
5100,0.447,0.197,0.355
5200,0.289,0.237,0.474
5300,0.250,0.289,0.461
5400,0.355,0.224,0.421
5500,0.382,0.197,0.421
5600,0.289,0.132,0.579
5700,0.197,0.289,0.513
5800,0.421,0.145,0.434
5900,0.474,0.132,0.395
6000,0.539,0.066,0.395
6100,0.592,0.092,0.316
6200,0.526,0.224,0.250
6300,0.421,0.171,0.408
6400,0.566,0.105,0.329
6500,0.526,0.184,0.289
6600,0.408,0.250,0.342
6700,0.329,0.289,0.382
6800,0.355,0.211,0.434
6900,0.434,0.145,0.421
7000,0.474,0.118,0.408
7100,0.539,0.132,0.329
7200,0.461,0.079,0.461
7300,0.579,0.118,0.303
7400,0.579,0.105,0.316
7500,0.632,0.079,0.289
7600,0.684,0.079,0.237
7700,0.658,0.079,0.263
7800,0.776,0.092,0.132
7900,0.842,0.013,0.145
8000,0.868,0.013,0.118
8100,0.895,0.013,0.092
8200,0.816,0.000,0.184
8300,0.776,0.039,0.184
8400,0.724,0.039,0.237
8500,0.724,0.026,0.250
8600,0.671,0.079,0.250
8700,0.566,0.079,0.355
8800,0.487,0.197,0.316
8900,0.408,0.092,0.500
9000,0.395,0.145,0.461
9100,0.316,0.197,0.487
9200,0.474,0.118,0.408
9300,0.513,0.013,0.474
9400,0.487,0.145,0.368
9500,0.513,0.039,0.447
9600,0.474,0.132,0.395
9700,0.632,0.105,0.263
9800,0.671,0.066,0.263
9900,0.697,0.079,0.224
10000,0.592,0.066,0.342
10100,0.368,0.184,0.447
10200,0.342,0.184,0.474
10300,0.500,0.211,0.289
10400,0.434,0.224,0.342
10500,0.487,0.118,0.395
10600,0.303,0.211,0.487
10700,0.276,0.197,0.526
10800,0.303,0.171,0.526
10900,0.289,0.355,0.355
11000,0.263,0.355,0.382
11100,0.211,0.421,0.368
11200,0.263,0.408,0.329
11300,0.355,0.342,0.303
11400,0.316,0.276,0.408
11500,0.461,0.197,0.342
11600,0.447,0.171,0.382
11700,0.421,0.211,0.368
11800,0.395,0.224,0.382
11900,0.329,0.303,0.368
12000,0.197,0.368,0.434
12100,0.355,0.289,0.355
12200,0.395,0.197,0.408
12300,0.579,0.145,0.276
12400,0.553,0.105,0.342
12500,0.579,0.118,0.303
12600,0.592,0.132,0.276
12700,0.461,0.118,0.421
12800,0.421,0.145,0.434
12900,0.263,0.289,0.447
13000,0.250,0.329,0.421
13100,0.303,0.316,0.382
13200,0.303,0.368,0.329
13300,0.316,0.355,0.329
13400,0.289,0.289,0.421
13500,0.316,0.316,0.368
13600,0.368,0.408,0.224
13700,0.368,0.303,0.329
13800,0.434,0.237,0.329
13900,0.224,0.237,0.539
14000,0.158,0.342,0.500
14100,0.224,0.289,0.487
14200,0.303,0.184,0.513
14300,0.382,0.132,0.487
14400,0.461,0.039,0.500
14500,0.487,0.145,0.368
14600,0.553,0.092,0.355
14700,0.658,0.066,0.276
14800,0.737,0.026,0.237
14900,0.711,0.013,0.276
15000,0.711,0.013,0.276
15100,0.671,0.066,0.263
15200,0.855,0.026,0.118
15300,0.868,0.000,0.132
15400,0.855,0.000,0.145
15500,0.737,0.026,0.237
15600,0.855,0.000,0.145
15700,0.908,0.013,0.079
15800,0.947,0.000,0.053
15900,0.961,0.000,0.039
16000,0.974,0.000,0.026
16100,0.974,0.000,0.026
16200,0.987,0.000,0.013
16300,0.987,0.000,0.013
16400,0.987,0.000,0.013
16500,0.987,0.000,0.013
16600,0.974,0.000,0.026
16700,0.921,0.000,0.079
16800,0.934,0.000,0.066
16900,0.987,0.000,0.013
17000,0.987,0.000,0.013
17100,0.987,0.000,0.013
17200,0.987,0.000,0.013
17300,0.974,0.000,0.026
17400,0.947,0.000,0.053
17500,0.974,0.000,0.026
17600,0.987,0.000,0.013
17700,0.987,0.000,0.013
17800,0.987,0.000,0.013
17900,0.987,0.000,0.013
18000,0.987,0.000,0.013
18100,0.987,0.000,0.013
18200,0.987,0.000,0.013
18300,0.987,0.000,0.013
18400,0.987,0.000,0.013
18500,0.987,0.000,0.013
18600,0.987,0.000,0.013
18700,0.987,0.000,0.013
18800,0.987,0.000,0.013
18900,1.000,0.000,0.000
