time,n_A+p,n_B,n_AB
100,0.382,0.329,0.289
200,0.250,0.276,0.474
300,0.237,0.408,0.355
400,0.355,0.355,0.289
500,0.263,0.342,0.395
600,0.224,0.579,0.197
700,0.132,0.697,0.171
800,0.145,0.447,0.408
900,0.118,0.526,0.355
1000,0.053,0.684,0.263
1100,0.145,0.553,0.303
1200,0.145,0.566,0.289
1300,0.211,0.447,0.342
1400,0.197,0.592,0.211
1500,0.145,0.579,0.276
1600,0.145,0.461,0.395
1700,0.289,0.289,0.421
1800,0.237,0.368,0.395
1900,0.250,0.368,0.382
2000,0.171,0.474,0.355
2100,0.237,0.329,0.434
2200,0.289,0.289,0.421
2300,0.289,0.276,0.434
2400,0.303,0.303,0.395
2500,0.171,0.368,0.461
2600,0.382,0.289,0.329
2700,0.618,0.118,0.263
2800,0.645,0.118,0.237
2900,0.763,0.053,0.184
3000,0.684,0.066,0.250
3100,0.645,0.079,0.276
3200,0.474,0.184,0.342
3300,0.408,0.250,0.342
3400,0.684,0.079,0.237
3500,0.763,0.066,0.171
3600,0.605,0.053,0.342
3700,0.658,0.026,0.316
3800,0.671,0.026,0.303
3900,0.776,0.039,0.184
4000,0.855,0.026,0.118
4100,0.895,0.000,0.105
4200,0.882,0.000,0.118
4300,0.908,0.000,0.092
4400,0.921,0.013,0.066
4500,0.934,0.000,0.066
4600,0.947,0.000,0.053
4700,0.947,0.000,0.053
4800,0.921,0.000,0.079
4900,0.974,0.000,0.026
5000,0.987,0.000,0.013
5100,0.987,0.000,0.013
5200,0.987,0.000,0.013
5300,1.000,0.000,0.000
