time,n_A+p,n_B,n_AB
0,0.449,0.551,0.000
500,0.283,0.330,0.387
1000,0.241,0.285,0.474
1500,0.248,0.256,0.496
2000,0.223,0.273,0.504
2500,0.226,0.256,0.519
3000,0.203,0.256,0.541
3500,0.196,0.258,0.546
4000,0.208,0.248,0.543
4500,0.241,0.221,0.538
5000,0.258,0.191,0.551
5500,0.211,0.263,0.526
6000,0.191,0.253,0.556
6500,0.179,0.273,0.548
7000,0.181,0.278,0.541
7500,0.206,0.303,0.491
8000,0.189,0.270,0.541
8500,0.169,0.310,0.521
9000,0.186,0.293,0.521
9500,0.194,0.308,0.499
10000,0.174,0.313,0.514
10500,0.129,0.325,0.546
11000,0.134,0.300,0.566
11500,0.134,0.295,0.571
12000,0.176,0.278,0.546
12500,0.166,0.330,0.504
13000,0.196,0.330,0.474
13500,0.201,0.288,0.511
14000,0.261,0.226,0.514
14500,0.211,0.203,0.586
15000,0.216,0.218,0.566
15500,0.171,0.313,0.516
16000,0.154,0.315,0.531
16500,0.169,0.278,0.553
17000,0.181,0.290,0.529
17500,0.164,0.266,0.571
18000,0.159,0.310,0.531
18500,0.199,0.226,0.576
19000,0.174,0.263,0.563
19500,0.159,0.270,0.571
20000,0.174,0.352,0.474
20500,0.156,0.315,0.529
21000,0.154,0.315,0.531
21500,0.221,0.256,0.524
22000,0.201,0.310,0.489
22500,0.176,0.270,0.553
23000,0.174,0.248,0.578
23500,0.203,0.288,0.509
24000,0.194,0.261,0.546
24500,0.171,0.283,0.546
25000,0.218,0.253,0.529
25500,0.208,0.285,0.506
26000,0.199,0.236,0.566
26500,0.181,0.288,0.531
27000,0.199,0.221,0.581
27500,0.231,0.218,0.551
28000,0.233,0.238,0.529
28500,0.189,0.268,0.543
29000,0.233,0.303,0.464
29500,0.233,0.278,0.489
30000,0.174,0.288,0.538
30500,0.166,0.261,0.573
31000,0.179,0.223,0.598
31500,0.199,0.263,0.538
32000,0.228,0.223,0.548
32500,0.223,0.226,0.551
33000,0.181,0.246,0.573
33500,0.149,0.270,0.581
34000,0.159,0.290,0.551
34500,0.164,0.315,0.521
35000,0.194,0.261,0.546
35500,0.199,0.266,0.536
36000,0.213,0.256,0.531
36500,0.226,0.285,0.489
37000,0.196,0.258,0.546
37500,0.179,0.285,0.536
38000,0.174,0.298,0.529
38500,0.218,0.208,0.573
39000,0.191,0.258,0.551
39500,0.169,0.270,0.561
40000,0.134,0.290,0.576
40500,0.119,0.375,0.506
41000,0.124,0.395,0.481
41500,0.119,0.395,0.486
42000,0.112,0.395,0.494
42500,0.141,0.337,0.521
43000,0.139,0.293,0.568
43500,0.169,0.300,0.531
44000,0.124,0.290,0.586
44500,0.161,0.325,0.514
45000,0.156,0.310,0.533
45500,0.164,0.330,0.506
46000,0.186,0.293,0.521
46500,0.211,0.238,0.551
47000,0.238,0.231,0.531
47500,0.196,0.273,0.531
48000,0.179,0.241,0.581
48500,0.191,0.241,0.568
49000,0.213,0.248,0.538
49500,0.221,0.251,0.529
50000,0.191,0.270,0.538
50500,0.184,0.248,0.568
51000,0.179,0.218,0.603
51500,0.194,0.236,0.571
52000,0.171,0.231,0.598
52500,0.201,0.251,0.548
53000,0.256,0.228,0.516
53500,0.251,0.206,0.543
54000,0.223,0.201,0.576
54500,0.191,0.211,0.598
55000,0.213,0.206,0.581
55500,0.216,0.211,0.573
56000,0.263,0.186,0.551
56500,0.216,0.201,0.583
57000,0.273,0.174,0.553
57500,0.305,0.146,0.548
58000,0.290,0.129,0.581
58500,0.323,0.144,0.533
59000,0.333,0.112,0.556
59500,0.298,0.117,0.586
60000,0.328,0.146,0.526
60500,0.328,0.136,0.536
61000,0.350,0.132,0.519
61500,0.315,0.149,0.536
62000,0.342,0.141,0.516
62500,0.328,0.134,0.538
63000,0.330,0.122,0.548
63500,0.298,0.114,0.588
64000,0.340,0.107,0.553
64500,0.365,0.122,0.514
65000,0.340,0.102,0.558
65500,0.367,0.092,0.541
66000,0.328,0.104,0.568
66500,0.365,0.099,0.536
67000,0.392,0.132,0.476
67500,0.330,0.161,0.509
68000,0.340,0.146,0.514
68500,0.330,0.169,0.501
69000,0.290,0.199,0.511
69500,0.293,0.156,0.551
70000,0.270,0.159,0.571
70500,0.290,0.151,0.558
71000,0.246,0.226,0.529
71500,0.268,0.223,0.509
72000,0.223,0.166,0.610
72500,0.231,0.208,0.561
73000,0.236,0.196,0.568
73500,0.248,0.186,0.566
74000,0.218,0.189,0.593
74500,0.218,0.238,0.543
75000,0.213,0.203,0.583
75500,0.280,0.201,0.519
76000,0.231,0.226,0.543
76500,0.186,0.216,0.598
77000,0.206,0.218,0.576
77500,0.221,0.213,0.566
78000,0.231,0.176,0.593
78500,0.241,0.194,0.566
79000,0.263,0.199,0.538
79500,0.253,0.231,0.516
80000,0.261,0.189,0.551
80500,0.258,0.169,0.573
81000,0.300,0.154,0.546
81500,0.258,0.174,0.568
82000,0.226,0.186,0.588
82500,0.238,0.199,0.563
83000,0.256,0.203,0.541
83500,0.248,0.213,0.538
84000,0.243,0.218,0.538
84500,0.266,0.211,0.524
85000,0.233,0.174,0.593
85500,0.273,0.159,0.568
86000,0.246,0.201,0.553
86500,0.270,0.213,0.516
87000,0.300,0.171,0.529
87500,0.273,0.141,0.586
88000,0.303,0.139,0.558
88500,0.313,0.124,0.563
89000,0.310,0.119,0.571
89500,0.323,0.132,0.546
90000,0.303,0.184,0.514
90500,0.280,0.186,0.533
91000,0.278,0.159,0.563
91500,0.266,0.174,0.561
92000,0.270,0.174,0.556
92500,0.273,0.171,0.556
93000,0.285,0.156,0.558
93500,0.280,0.154,0.566
94000,0.243,0.201,0.556
94500,0.199,0.238,0.563
95000,0.223,0.216,0.561
95500,0.191,0.251,0.558
96000,0.186,0.246,0.568
96500,0.186,0.261,0.553
97000,0.189,0.261,0.551
97500,0.186,0.251,0.563
98000,0.208,0.223,0.568
98500,0.171,0.221,0.608
99000,0.208,0.241,0.551
99500,0.206,0.211,0.583
100000,0.236,0.213,0.551
100500,0.246,0.176,0.578
101000,0.241,0.191,0.568
101500,0.243,0.174,0.583
102000,0.280,0.171,0.548
102500,0.258,0.221,0.521
103000,0.218,0.236,0.546
103500,0.208,0.270,0.521
104000,0.194,0.256,0.551
104500,0.206,0.228,0.566
105000,0.231,0.236,0.533
105500,0.223,0.238,0.538
106000,0.216,0.258,0.526
106500,0.270,0.228,0.501
107000,0.223,0.218,0.558
107500,0.191,0.263,0.546
108000,0.189,0.290,0.521
108500,0.166,0.293,0.541
109000,0.146,0.288,0.566
109500,0.186,0.280,0.533
110000,0.136,0.248,0.615
110500,0.156,0.256,0.588
111000,0.196,0.241,0.563
111500,0.201,0.266,0.533
112000,0.176,0.295,0.529
112500,0.169,0.266,0.566
113000,0.176,0.303,0.521
113500,0.171,0.303,0.526
114000,0.159,0.305,0.536
114500,0.206,0.280,0.514
115000,0.144,0.293,0.563
115500,0.189,0.270,0.541
116000,0.233,0.278,0.489
116500,0.151,0.295,0.553
117000,0.146,0.290,0.563
117500,0.161,0.305,0.533
118000,0.186,0.310,0.504
118500,0.179,0.290,0.531
119000,0.196,0.270,0.533
119500,0.176,0.293,0.531
120000,0.149,0.335,0.516
120500,0.146,0.328,0.526
121000,0.124,0.298,0.578
121500,0.117,0.328,0.556
122000,0.104,0.365,0.531
122500,0.122,0.395,0.484
123000,0.154,0.325,0.521
123500,0.186,0.323,0.491
124000,0.184,0.231,0.586
124500,0.166,0.238,0.596
125000,0.171,0.256,0.573
125500,0.169,0.275,0.556
126000,0.199,0.243,0.558
126500,0.191,0.275,0.533
127000,0.191,0.241,0.568
127500,0.206,0.221,0.573
128000,0.203,0.236,0.561
128500,0.181,0.263,0.556
129000,0.218,0.256,0.526
129500,0.248,0.211,0.541
130000,0.236,0.256,0.509
130500,0.223,0.273,0.504
131000,0.228,0.268,0.504
131500,0.191,0.203,0.605
132000,0.208,0.241,0.551
132500,0.216,0.228,0.556
133000,0.256,0.231,0.514
133500,0.285,0.196,0.519
134000,0.236,0.159,0.605
134500,0.288,0.196,0.516
135000,0.295,0.159,0.546
135500,0.266,0.189,0.546
136000,0.221,0.236,0.543
136500,0.189,0.243,0.568
137000,0.221,0.241,0.538
137500,0.201,0.243,0.556
138000,0.231,0.228,0.541
138500,0.233,0.226,0.541
139000,0.223,0.238,0.538
139500,0.275,0.199,0.526
140000,0.261,0.161,0.578
140500,0.310,0.179,0.511
141000,0.275,0.159,0.566
141500,0.290,0.154,0.556
142000,0.253,0.166,0.581
142500,0.275,0.166,0.558
143000,0.248,0.181,0.571
143500,0.323,0.129,0.548
144000,0.360,0.122,0.519
144500,0.340,0.156,0.504
145000,0.263,0.136,0.600
145500,0.243,0.196,0.561
146000,0.223,0.211,0.566
146500,0.221,0.211,0.568
147000,0.206,0.226,0.568
147500,0.251,0.236,0.514
148000,0.251,0.216,0.533
148500,0.228,0.228,0.543
149000,0.233,0.211,0.556
149500,0.218,0.211,0.571
150000,0.216,0.253,0.531
150500,0.181,0.223,0.596
151000,0.169,0.261,0.571
151500,0.211,0.258,0.531
152000,0.273,0.211,0.516
152500,0.216,0.211,0.573
153000,0.211,0.236,0.553
153500,0.206,0.233,0.561
154000,0.248,0.196,0.556
154500,0.253,0.191,0.556
155000,0.246,0.211,0.543
155500,0.248,0.201,0.551
156000,0.253,0.186,0.561
156500,0.268,0.199,0.533
157000,0.285,0.186,0.529
157500,0.236,0.226,0.538
158000,0.228,0.194,0.578
158500,0.228,0.174,0.598
159000,0.241,0.191,0.568
159500,0.266,0.201,0.533
160000,0.248,0.151,0.600
160500,0.246,0.179,0.576
161000,0.342,0.159,0.499
161500,0.315,0.164,0.521
162000,0.253,0.136,0.610
162500,0.283,0.159,0.558
163000,0.270,0.181,0.548
163500,0.273,0.149,0.578
164000,0.305,0.149,0.546
164500,0.328,0.122,0.551
165000,0.323,0.146,0.531
165500,0.310,0.176,0.514
166000,0.293,0.161,0.546
166500,0.278,0.141,0.581
167000,0.273,0.129,0.598
167500,0.293,0.122,0.586
168000,0.315,0.129,0.556
168500,0.330,0.159,0.511
169000,0.318,0.161,0.521
169500,0.293,0.154,0.553
170000,0.243,0.184,0.573
170500,0.275,0.161,0.563
171000,0.270,0.174,0.556
171500,0.298,0.122,0.581
172000,0.300,0.144,0.556
172500,0.266,0.191,0.543
173000,0.226,0.189,0.586
173500,0.305,0.171,0.524
174000,0.308,0.169,0.524
174500,0.315,0.161,0.524
175000,0.305,0.161,0.533
175500,0.313,0.141,0.546
176000,0.370,0.129,0.501
176500,0.350,0.151,0.499
177000,0.380,0.109,0.511
177500,0.360,0.097,0.543
178000,0.387,0.129,0.484
178500,0.375,0.117,0.509
179000,0.382,0.134,0.484
179500,0.380,0.129,0.491
180000,0.355,0.124,0.521
180500,0.298,0.159,0.543
181000,0.345,0.139,0.516
181500,0.283,0.151,0.566
182000,0.278,0.156,0.566
182500,0.323,0.129,0.548
183000,0.318,0.132,0.551
183500,0.382,0.119,0.499
184000,0.392,0.082,0.526
184500,0.427,0.065,0.509
185000,0.422,0.062,0.516
185500,0.402,0.087,0.511
186000,0.390,0.114,0.496
186500,0.385,0.129,0.486
187000,0.390,0.132,0.479
187500,0.397,0.112,0.491
188000,0.437,0.097,0.467
188500,0.454,0.109,0.437
189000,0.459,0.089,0.452
189500,0.429,0.067,0.504
190000,0.407,0.097,0.496
190500,0.390,0.127,0.484
191000,0.355,0.164,0.481
191500,0.323,0.161,0.516
192000,0.352,0.146,0.501
192500,0.377,0.129,0.494
193000,0.355,0.139,0.506
193500,0.382,0.171,0.447
194000,0.400,0.117,0.484
194500,0.454,0.084,0.462
195000,0.442,0.077,0.481
195500,0.452,0.074,0.474
196000,0.481,0.089,0.429
196500,0.452,0.089,0.459
197000,0.432,0.092,0.476
197500,0.439,0.084,0.476
198000,0.429,0.107,0.464
198500,0.422,0.109,0.469
199000,0.464,0.102,0.434
199500,0.385,0.132,0.484
200000,0.352,0.149,0.499
200500,0.303,0.144,0.553
201000,0.273,0.144,0.583
201500,0.310,0.144,0.546
202000,0.283,0.223,0.494
202500,0.228,0.206,0.566
203000,0.263,0.169,0.568
203500,0.253,0.141,0.605
204000,0.211,0.218,0.571
204500,0.223,0.206,0.571
205000,0.275,0.176,0.548
205500,0.308,0.159,0.533
206000,0.251,0.191,0.558
206500,0.199,0.223,0.578
207000,0.226,0.174,0.600
207500,0.208,0.218,0.573
208000,0.211,0.196,0.593
208500,0.270,0.189,0.541
209000,0.233,0.169,0.598
209500,0.243,0.189,0.568
210000,0.233,0.191,0.576
210500,0.266,0.216,0.519
211000,0.199,0.228,0.573
211500,0.261,0.211,0.529
212000,0.283,0.223,0.494
212500,0.246,0.218,0.536
213000,0.290,0.206,0.504
213500,0.251,0.221,0.529
214000,0.226,0.216,0.558
214500,0.184,0.256,0.561
215000,0.206,0.233,0.561
215500,0.196,0.246,0.558
216000,0.191,0.266,0.543
216500,0.196,0.238,0.566
217000,0.216,0.199,0.586
217500,0.211,0.181,0.608
218000,0.181,0.258,0.561
218500,0.176,0.251,0.573
219000,0.191,0.221,0.588
219500,0.201,0.241,0.558
220000,0.171,0.268,0.561
220500,0.184,0.246,0.571
221000,0.171,0.283,0.546
221500,0.166,0.246,0.588
222000,0.151,0.288,0.561
222500,0.134,0.298,0.568
223000,0.132,0.243,0.625
223500,0.146,0.256,0.598
224000,0.189,0.256,0.556
224500,0.206,0.270,0.524
225000,0.221,0.233,0.546
225500,0.248,0.201,0.551
226000,0.226,0.201,0.573
226500,0.184,0.236,0.581
227000,0.203,0.270,0.526
227500,0.161,0.275,0.563
228000,0.184,0.293,0.524
228500,0.196,0.268,0.536
229000,0.243,0.290,0.467
229500,0.233,0.273,0.494
230000,0.228,0.241,0.531
230500,0.196,0.218,0.586
231000,0.174,0.256,0.571
231500,0.191,0.261,0.548
232000,0.196,0.263,0.541
232500,0.179,0.288,0.533
233000,0.179,0.298,0.524
233500,0.156,0.278,0.566
234000,0.149,0.318,0.533
234500,0.144,0.293,0.563
235000,0.176,0.295,0.529
235500,0.191,0.298,0.511
236000,0.194,0.278,0.529
236500,0.196,0.238,0.566
237000,0.199,0.258,0.543
237500,0.189,0.323,0.489
238000,0.171,0.273,0.556
238500,0.226,0.243,0.531
239000,0.263,0.241,0.496
239500,0.268,0.221,0.511
240000,0.263,0.226,0.511
240500,0.300,0.151,0.548
241000,0.275,0.132,0.593
241500,0.330,0.129,0.541
242000,0.355,0.119,0.526
242500,0.350,0.124,0.526
243000,0.372,0.132,0.496
243500,0.313,0.139,0.548
244000,0.365,0.124,0.511
244500,0.325,0.151,0.524
245000,0.283,0.206,0.511
245500,0.273,0.213,0.514
246000,0.303,0.139,0.558
246500,0.288,0.191,0.521
247000,0.263,0.179,0.558
247500,0.206,0.236,0.558
248000,0.231,0.221,0.548
248500,0.243,0.223,0.533
249000,0.248,0.228,0.524
249500,0.203,0.203,0.593
250000,0.194,0.241,0.566
250500,0.211,0.238,0.551
251000,0.191,0.270,0.538
251500,0.228,0.218,0.553
252000,0.226,0.246,0.529
252500,0.253,0.194,0.553
253000,0.256,0.154,0.591
253500,0.243,0.159,0.598
254000,0.241,0.203,0.556
254500,0.221,0.199,0.581
255000,0.263,0.166,0.571
255500,0.285,0.161,0.553
256000,0.318,0.164,0.519
256500,0.275,0.186,0.538
257000,0.266,0.208,0.526
257500,0.226,0.226,0.548
258000,0.243,0.213,0.543
258500,0.199,0.278,0.524
259000,0.171,0.258,0.571
259500,0.169,0.305,0.526
260000,0.179,0.293,0.529
260500,0.203,0.308,0.489
261000,0.203,0.243,0.553
261500,0.184,0.290,0.526
262000,0.136,0.285,0.578
262500,0.129,0.305,0.566
263000,0.166,0.293,0.541
263500,0.166,0.226,0.608
264000,0.184,0.246,0.571
264500,0.211,0.263,0.526
265000,0.216,0.251,0.533
265500,0.203,0.248,0.548
266000,0.206,0.251,0.543
266500,0.191,0.248,0.561
267000,0.199,0.270,0.531
267500,0.174,0.273,0.553
268000,0.196,0.290,0.514
268500,0.203,0.251,0.546
269000,0.218,0.238,0.543
269500,0.213,0.258,0.529
270000,0.211,0.231,0.558
270500,0.228,0.199,0.573
271000,0.248,0.208,0.543
271500,0.275,0.176,0.548
272000,0.241,0.223,0.536
272500,0.248,0.218,0.533
273000,0.218,0.258,0.524
273500,0.241,0.243,0.516
274000,0.191,0.253,0.556
274500,0.191,0.285,0.524
275000,0.189,0.246,0.566
275500,0.203,0.253,0.543
276000,0.233,0.206,0.561
276500,0.236,0.263,0.501
277000,0.223,0.253,0.524
277500,0.213,0.248,0.538
278000,0.203,0.218,0.578
278500,0.211,0.189,0.600
279000,0.201,0.236,0.563
279500,0.201,0.238,0.561
280000,0.223,0.223,0.553
280500,0.208,0.231,0.561
281000,0.184,0.293,0.524
281500,0.199,0.268,0.533
282000,0.174,0.263,0.563
282500,0.169,0.298,0.533
283000,0.144,0.303,0.553
283500,0.134,0.325,0.541
284000,0.184,0.310,0.506
284500,0.171,0.300,0.529
285000,0.186,0.313,0.501
285500,0.184,0.300,0.516
286000,0.213,0.258,0.529
286500,0.211,0.275,0.514
287000,0.194,0.263,0.543
287500,0.194,0.248,0.558
288000,0.233,0.288,0.479
288500,0.199,0.270,0.531
289000,0.243,0.261,0.496
289500,0.243,0.251,0.506
290000,0.211,0.253,0.536
290500,0.211,0.241,0.548
291000,0.189,0.241,0.571
291500,0.179,0.243,0.578
292000,0.206,0.290,0.504
292500,0.268,0.256,0.476
293000,0.228,0.228,0.543
293500,0.236,0.246,0.519
294000,0.208,0.238,0.553
294500,0.241,0.218,0.541
295000,0.253,0.223,0.524
295500,0.241,0.213,0.546
296000,0.241,0.236,0.524
296500,0.206,0.261,0.533
297000,0.233,0.248,0.519
297500,0.216,0.278,0.506
298000,0.201,0.280,0.519
298500,0.199,0.273,0.529
299000,0.243,0.248,0.509
299500,0.226,0.266,0.509
300000,0.241,0.248,0.511
300500,0.231,0.236,0.533
301000,0.218,0.241,0.541
301500,0.223,0.236,0.541
302000,0.241,0.211,0.548
302500,0.213,0.270,0.516
303000,0.191,0.251,0.558
303500,0.189,0.273,0.538
304000,0.184,0.280,0.536
304500,0.211,0.270,0.519
305000,0.181,0.203,0.615
305500,0.238,0.233,0.529
306000,0.176,0.241,0.583
306500,0.186,0.236,0.578
307000,0.179,0.266,0.556
307500,0.241,0.226,0.533
308000,0.246,0.226,0.529
308500,0.226,0.231,0.543
309000,0.251,0.201,0.548
309500,0.251,0.228,0.521
310000,0.218,0.251,0.531
310500,0.189,0.206,0.605
311000,0.208,0.223,0.568
311500,0.223,0.186,0.591
312000,0.223,0.223,0.553
312500,0.191,0.223,0.586
313000,0.179,0.228,0.593
313500,0.174,0.275,0.551
314000,0.199,0.278,0.524
314500,0.221,0.246,0.533
315000,0.211,0.253,0.536
315500,0.164,0.266,0.571
316000,0.184,0.268,0.548
316500,0.203,0.300,0.496
317000,0.194,0.268,0.538
317500,0.171,0.251,0.578
318000,0.213,0.273,0.514
318500,0.208,0.285,0.506
319000,0.186,0.256,0.558
319500,0.208,0.233,0.558
320000,0.208,0.251,0.541
320500,0.189,0.226,0.586
321000,0.228,0.213,0.558
321500,0.184,0.211,0.605
322000,0.231,0.184,0.586
322500,0.213,0.231,0.556
323000,0.251,0.221,0.529
323500,0.256,0.223,0.521
324000,0.261,0.218,0.521
324500,0.253,0.189,0.558
325000,0.285,0.169,0.546
325500,0.251,0.203,0.546
326000,0.268,0.196,0.536
326500,0.298,0.186,0.516
327000,0.251,0.196,0.553
327500,0.266,0.186,0.548
328000,0.293,0.181,0.526
328500,0.300,0.203,0.496
329000,0.266,0.186,0.548
329500,0.295,0.211,0.494
330000,0.248,0.226,0.526
330500,0.238,0.228,0.533
331000,0.228,0.248,0.524
331500,0.171,0.211,0.618
332000,0.181,0.285,0.533
332500,0.186,0.231,0.583
333000,0.223,0.231,0.546
333500,0.241,0.174,0.586
334000,0.226,0.199,0.576
334500,0.263,0.191,0.546
335000,0.221,0.236,0.543
335500,0.243,0.248,0.509
336000,0.246,0.270,0.484
336500,0.176,0.268,0.556
337000,0.226,0.218,0.556
337500,0.208,0.231,0.561
338000,0.194,0.199,0.608
338500,0.166,0.266,0.568
339000,0.186,0.231,0.583
339500,0.251,0.221,0.529
340000,0.226,0.218,0.556
340500,0.206,0.273,0.521
341000,0.228,0.246,0.526
341500,0.233,0.218,0.548
342000,0.243,0.206,0.551
342500,0.226,0.243,0.531
343000,0.191,0.211,0.598
343500,0.203,0.251,0.546
344000,0.228,0.323,0.449
344500,0.221,0.318,0.462
345000,0.231,0.246,0.524
345500,0.238,0.243,0.519
346000,0.216,0.243,0.541
346500,0.176,0.270,0.553
347000,0.174,0.273,0.553
347500,0.216,0.258,0.526
348000,0.186,0.263,0.551
348500,0.184,0.268,0.548
349000,0.223,0.283,0.494
349500,0.196,0.290,0.514
350000,0.191,0.280,0.529
350500,0.196,0.256,0.548
351000,0.196,0.273,0.531
351500,0.199,0.275,0.526
352000,0.169,0.251,0.581
352500,0.174,0.290,0.536
353000,0.144,0.258,0.598
353500,0.171,0.280,0.548
354000,0.191,0.256,0.553
354500,0.241,0.218,0.541
355000,0.231,0.223,0.546
355500,0.268,0.166,0.566
356000,0.283,0.159,0.558
356500,0.263,0.161,0.576
357000,0.261,0.176,0.563
357500,0.273,0.211,0.516
358000,0.238,0.231,0.531
358500,0.280,0.176,0.543
359000,0.270,0.223,0.506
359500,0.236,0.206,0.558
360000,0.266,0.201,0.533
360500,0.273,0.164,0.563
361000,0.238,0.206,0.556
361500,0.213,0.236,0.551
362000,0.218,0.216,0.566
362500,0.199,0.216,0.586
363000,0.201,0.236,0.563
363500,0.226,0.233,0.541
364000,0.194,0.263,0.543
364500,0.208,0.268,0.524
365000,0.181,0.226,0.593
365500,0.179,0.270,0.551
366000,0.186,0.268,0.546
366500,0.199,0.288,0.514
367000,0.201,0.238,0.561
367500,0.166,0.266,0.568
368000,0.141,0.256,0.603
368500,0.122,0.308,0.571
369000,0.164,0.275,0.561
369500,0.184,0.238,0.578
370000,0.201,0.261,0.538
370500,0.199,0.243,0.558
371000,0.261,0.221,0.519
371500,0.263,0.176,0.561
372000,0.226,0.174,0.600
372500,0.246,0.191,0.563
373000,0.233,0.189,0.578
373500,0.248,0.201,0.551
374000,0.308,0.194,0.499
374500,0.261,0.211,0.529
375000,0.278,0.213,0.509
375500,0.268,0.181,0.551
376000,0.328,0.176,0.496
376500,0.305,0.166,0.529
377000,0.345,0.136,0.519
377500,0.295,0.191,0.514
378000,0.280,0.186,0.533
378500,0.300,0.206,0.494
379000,0.293,0.199,0.509
379500,0.285,0.184,0.531
380000,0.273,0.208,0.519
380500,0.251,0.186,0.563
381000,0.318,0.149,0.533
381500,0.377,0.134,0.489
382000,0.330,0.136,0.533
382500,0.350,0.129,0.521
383000,0.340,0.141,0.519
383500,0.360,0.161,0.479
384000,0.308,0.149,0.543
384500,0.303,0.164,0.533
385000,0.303,0.146,0.551
385500,0.318,0.154,0.529
386000,0.328,0.164,0.509
386500,0.347,0.149,0.504
387000,0.328,0.136,0.536
387500,0.328,0.166,0.506
388000,0.305,0.181,0.514
388500,0.333,0.149,0.519
389000,0.320,0.156,0.524
389500,0.323,0.151,0.526
390000,0.263,0.174,0.563
390500,0.293,0.169,0.538
391000,0.315,0.174,0.511
391500,0.318,0.203,0.479
392000,0.273,0.208,0.519
392500,0.258,0.216,0.526
393000,0.261,0.181,0.558
393500,0.285,0.191,0.524
394000,0.323,0.189,0.489
394500,0.308,0.184,0.509
395000,0.231,0.218,0.551
395500,0.226,0.211,0.563
396000,0.196,0.263,0.541
396500,0.226,0.216,0.558
397000,0.293,0.181,0.526
397500,0.310,0.199,0.491
398000,0.320,0.199,0.481
398500,0.280,0.166,0.553
399000,0.293,0.166,0.541
399500,0.280,0.211,0.509
400000,0.285,0.194,0.521
400500,0.246,0.176,0.578
401000,0.280,0.154,0.566
401500,0.263,0.189,0.548
402000,0.233,0.171,0.596
402500,0.275,0.171,0.553
403000,0.275,0.144,0.581
403500,0.290,0.174,0.536
404000,0.325,0.154,0.521
404500,0.283,0.161,0.556
405000,0.288,0.146,0.566
405500,0.283,0.166,0.551
406000,0.268,0.196,0.536
406500,0.266,0.164,0.571
407000,0.350,0.129,0.521
407500,0.362,0.119,0.519
408000,0.303,0.146,0.551
408500,0.293,0.179,0.529
409000,0.303,0.146,0.551
409500,0.308,0.159,0.533
410000,0.295,0.159,0.546
410500,0.246,0.161,0.593
411000,0.270,0.171,0.558
411500,0.248,0.196,0.556
412000,0.288,0.161,0.551
412500,0.298,0.161,0.541
413000,0.333,0.124,0.543
413500,0.275,0.161,0.563
414000,0.318,0.186,0.496
414500,0.280,0.191,0.529
415000,0.208,0.246,0.546
415500,0.176,0.248,0.576
416000,0.174,0.238,0.588
416500,0.236,0.213,0.551
417000,0.228,0.169,0.603
417500,0.216,0.228,0.556
418000,0.206,0.236,0.558
418500,0.189,0.236,0.576
419000,0.189,0.275,0.536
419500,0.191,0.268,0.541
420000,0.136,0.337,0.526
420500,0.117,0.370,0.514
421000,0.102,0.337,0.561
421500,0.139,0.357,0.504
422000,0.097,0.337,0.566
422500,0.089,0.298,0.613
423000,0.112,0.330,0.558
423500,0.129,0.375,0.496
424000,0.127,0.380,0.494
424500,0.119,0.400,0.481
425000,0.097,0.387,0.516
425500,0.107,0.380,0.514
426000,0.092,0.352,0.556
426500,0.097,0.367,0.536
427000,0.119,0.325,0.556
427500,0.124,0.335,0.541
428000,0.166,0.315,0.519
428500,0.166,0.315,0.519
429000,0.154,0.273,0.573
429500,0.151,0.248,0.600
430000,0.171,0.270,0.558
430500,0.132,0.323,0.546
431000,0.114,0.328,0.558
431500,0.151,0.323,0.526
432000,0.139,0.298,0.563
432500,0.186,0.285,0.529
433000,0.191,0.298,0.511
433500,0.189,0.258,0.553
434000,0.206,0.275,0.519
434500,0.159,0.283,0.558
435000,0.141,0.305,0.553
435500,0.146,0.285,0.568
436000,0.184,0.308,0.509
436500,0.189,0.275,0.536
437000,0.174,0.310,0.516
437500,0.166,0.261,0.573
438000,0.174,0.280,0.546
438500,0.176,0.248,0.576
439000,0.201,0.221,0.578
439500,0.258,0.196,0.546
440000,0.248,0.184,0.568
440500,0.280,0.176,0.543
441000,0.308,0.146,0.546
441500,0.313,0.129,0.558
442000,0.333,0.164,0.504
442500,0.333,0.136,0.531
443000,0.270,0.139,0.591
443500,0.290,0.189,0.521
444000,0.298,0.136,0.566
444500,0.273,0.161,0.566
445000,0.216,0.216,0.568
445500,0.216,0.191,0.593
446000,0.211,0.206,0.583
446500,0.216,0.208,0.576
447000,0.251,0.156,0.593
447500,0.263,0.166,0.571
448000,0.280,0.179,0.541
448500,0.253,0.196,0.551
449000,0.266,0.171,0.563
449500,0.295,0.181,0.524
450000,0.283,0.194,0.524
450500,0.228,0.248,0.524
451000,0.251,0.196,0.553
451500,0.275,0.218,0.506
452000,0.275,0.218,0.506
452500,0.253,0.231,0.516
453000,0.233,0.253,0.514
453500,0.233,0.238,0.529
454000,0.308,0.191,0.501
454500,0.295,0.154,0.551
455000,0.347,0.161,0.491
455500,0.328,0.144,0.529
456000,0.315,0.107,0.578
456500,0.303,0.144,0.553
457000,0.253,0.184,0.563
457500,0.285,0.181,0.533
458000,0.323,0.159,0.519
458500,0.330,0.146,0.524
459000,0.352,0.156,0.491
459500,0.295,0.189,0.516
460000,0.266,0.169,0.566
460500,0.278,0.156,0.566
461000,0.280,0.179,0.541
461500,0.241,0.179,0.581
462000,0.303,0.169,0.529
462500,0.288,0.169,0.543
463000,0.270,0.161,0.568
463500,0.241,0.199,0.561
464000,0.263,0.201,0.536
464500,0.273,0.176,0.551
465000,0.261,0.218,0.521
465500,0.253,0.246,0.501
466000,0.256,0.201,0.543
466500,0.241,0.208,0.551
467000,0.256,0.218,0.526
467500,0.233,0.199,0.568
468000,0.258,0.213,0.529
468500,0.305,0.144,0.551
469000,0.308,0.132,0.561
469500,0.298,0.171,0.531
470000,0.300,0.146,0.553
470500,0.308,0.181,0.511
471000,0.308,0.141,0.551
471500,0.313,0.159,0.529
472000,0.256,0.241,0.504
472500,0.233,0.194,0.573
473000,0.231,0.218,0.551
473500,0.223,0.241,0.536
474000,0.228,0.226,0.546
474500,0.221,0.233,0.546
475000,0.226,0.206,0.568
475500,0.206,0.241,0.553
476000,0.213,0.246,0.541
476500,0.191,0.231,0.578
477000,0.184,0.263,0.553
477500,0.233,0.216,0.551
478000,0.216,0.211,0.573
478500,0.226,0.176,0.598
479000,0.233,0.184,0.583
479500,0.261,0.181,0.558
480000,0.248,0.184,0.568
480500,0.263,0.196,0.541
481000,0.293,0.161,0.546
481500,0.258,0.203,0.538
482000,0.248,0.213,0.538
482500,0.194,0.238,0.568
483000,0.201,0.266,0.533
483500,0.186,0.288,0.526
484000,0.191,0.261,0.548
484500,0.191,0.288,0.521
485000,0.186,0.290,0.524
485500,0.216,0.223,0.561
486000,0.221,0.236,0.543
486500,0.194,0.238,0.568
487000,0.213,0.258,0.529
487500,0.199,0.275,0.526
488000,0.201,0.261,0.538
488500,0.191,0.228,0.581
489000,0.166,0.285,0.548
489500,0.191,0.315,0.494
490000,0.208,0.266,0.526
490500,0.221,0.268,0.511
491000,0.211,0.218,0.571
491500,0.253,0.258,0.489
492000,0.218,0.194,0.588
492500,0.246,0.213,0.541
493000,0.263,0.231,0.506
493500,0.221,0.233,0.546
494000,0.206,0.248,0.546
494500,0.201,0.238,0.561
495000,0.191,0.288,0.521
495500,0.149,0.261,0.591
496000,0.136,0.305,0.558
496500,0.136,0.315,0.548
497000,0.136,0.367,0.496
497500,0.119,0.347,0.533
498000,0.082,0.367,0.551
498500,0.092,0.360,0.548
499000,0.169,0.268,0.563
499500,0.203,0.228,0.568
500000,0.266,0.241,0.494
500500,0.203,0.258,0.538
501000,0.258,0.199,0.543
501500,0.233,0.228,0.538
502000,0.191,0.241,0.568
502500,0.228,0.218,0.553
503000,0.256,0.144,0.600
503500,0.228,0.213,0.558
504000,0.261,0.241,0.499
504500,0.206,0.208,0.586
505000,0.201,0.268,0.531
505500,0.194,0.293,0.514
506000,0.238,0.189,0.573
506500,0.248,0.189,0.563
507000,0.238,0.174,0.588
507500,0.256,0.228,0.516
508000,0.243,0.241,0.516
508500,0.253,0.246,0.501
509000,0.226,0.261,0.514
509500,0.238,0.258,0.504
510000,0.206,0.213,0.581
510500,0.203,0.238,0.558
511000,0.184,0.266,0.551
511500,0.203,0.251,0.546
512000,0.206,0.208,0.586
512500,0.199,0.256,0.546
513000,0.216,0.258,0.526
513500,0.246,0.179,0.576
514000,0.233,0.191,0.576
514500,0.226,0.203,0.571
515000,0.243,0.166,0.591
515500,0.248,0.181,0.571
516000,0.285,0.164,0.551
516500,0.320,0.139,0.541
517000,0.400,0.112,0.489
517500,0.377,0.136,0.486
518000,0.370,0.132,0.499
518500,0.325,0.139,0.536
519000,0.352,0.146,0.501
519500,0.367,0.117,0.516
520000,0.337,0.139,0.524
520500,0.335,0.154,0.511
521000,0.355,0.129,0.516
521500,0.350,0.129,0.521
522000,0.362,0.099,0.538
522500,0.340,0.134,0.526
523000,0.370,0.144,0.486
523500,0.295,0.156,0.548
524000,0.308,0.151,0.541
524500,0.325,0.191,0.484
525000,0.293,0.181,0.526
525500,0.280,0.191,0.529
526000,0.238,0.206,0.556
526500,0.216,0.243,0.541
527000,0.196,0.256,0.548
527500,0.238,0.206,0.556
528000,0.231,0.226,0.543
528500,0.233,0.186,0.581
529000,0.256,0.216,0.529
529500,0.258,0.211,0.531
530000,0.258,0.203,0.538
530500,0.213,0.231,0.556
531000,0.233,0.179,0.588
531500,0.288,0.151,0.561
532000,0.251,0.139,0.610
532500,0.305,0.144,0.551
533000,0.340,0.107,0.553
533500,0.330,0.124,0.546
534000,0.318,0.122,0.561
534500,0.315,0.102,0.583
535000,0.303,0.171,0.526
535500,0.293,0.181,0.526
536000,0.203,0.213,0.583
536500,0.251,0.208,0.541
537000,0.226,0.233,0.541
537500,0.203,0.258,0.538
538000,0.211,0.248,0.541
538500,0.206,0.246,0.548
539000,0.206,0.243,0.551
539500,0.228,0.241,0.531
540000,0.189,0.268,0.543
540500,0.199,0.248,0.553
541000,0.233,0.208,0.558
541500,0.233,0.191,0.576
542000,0.273,0.181,0.546
542500,0.273,0.203,0.524
543000,0.246,0.221,0.533
543500,0.258,0.208,0.533
544000,0.238,0.213,0.548
544500,0.208,0.211,0.581
545000,0.201,0.270,0.529
545500,0.213,0.236,0.551
546000,0.231,0.213,0.556
546500,0.241,0.186,0.573
547000,0.238,0.231,0.531
547500,0.203,0.256,0.541
548000,0.169,0.231,0.600
548500,0.194,0.280,0.526
549000,0.203,0.251,0.546
549500,0.208,0.288,0.504
550000,0.199,0.308,0.494
550500,0.166,0.323,0.511
551000,0.141,0.303,0.556
551500,0.164,0.337,0.499
552000,0.132,0.313,0.556
552500,0.166,0.280,0.553
553000,0.149,0.293,0.558
553500,0.176,0.298,0.526
554000,0.179,0.293,0.529
554500,0.223,0.256,0.521
555000,0.231,0.243,0.526
555500,0.181,0.231,0.588
556000,0.149,0.243,0.608
556500,0.171,0.315,0.514
557000,0.136,0.330,0.533
557500,0.146,0.278,0.576
558000,0.134,0.275,0.591
558500,0.154,0.270,0.576
559000,0.213,0.266,0.521
559500,0.213,0.258,0.529
560000,0.211,0.283,0.506
560500,0.181,0.285,0.533
561000,0.186,0.251,0.563
561500,0.228,0.213,0.558
562000,0.196,0.246,0.558
562500,0.206,0.253,0.541
563000,0.201,0.211,0.588
563500,0.231,0.218,0.551
564000,0.248,0.238,0.514
564500,0.288,0.206,0.506
565000,0.305,0.184,0.511
565500,0.275,0.196,0.529
566000,0.270,0.184,0.546
566500,0.261,0.191,0.548
567000,0.313,0.171,0.516
567500,0.303,0.161,0.536
568000,0.305,0.196,0.499
568500,0.283,0.146,0.571
569000,0.362,0.154,0.484
569500,0.357,0.151,0.491
570000,0.357,0.151,0.491
570500,0.335,0.144,0.521
571000,0.365,0.159,0.476
571500,0.310,0.181,0.509
572000,0.295,0.208,0.496
572500,0.280,0.243,0.476
573000,0.248,0.174,0.578
573500,0.231,0.211,0.558
574000,0.206,0.268,0.526
574500,0.243,0.258,0.499
575000,0.194,0.261,0.546
575500,0.191,0.266,0.543
576000,0.196,0.243,0.561
576500,0.146,0.241,0.613
577000,0.196,0.298,0.506
577500,0.179,0.268,0.553
578000,0.164,0.268,0.568
578500,0.171,0.295,0.533
579000,0.186,0.305,0.509
579500,0.174,0.280,0.546
580000,0.169,0.300,0.531
580500,0.221,0.241,0.538
581000,0.191,0.231,0.578
581500,0.171,0.186,0.643
582000,0.201,0.221,0.578
582500,0.221,0.196,0.583
583000,0.201,0.176,0.623
583500,0.241,0.196,0.563
584000,0.226,0.169,0.605
584500,0.246,0.169,0.586
585000,0.258,0.199,0.543
585500,0.285,0.174,0.541
586000,0.228,0.233,0.538
586500,0.199,0.261,0.541
587000,0.179,0.290,0.531
587500,0.199,0.246,0.556
588000,0.241,0.253,0.506
588500,0.228,0.268,0.504
589000,0.231,0.218,0.551
589500,0.218,0.208,0.573
590000,0.231,0.191,0.578
590500,0.191,0.231,0.578
591000,0.211,0.196,0.593
591500,0.226,0.238,0.536
592000,0.228,0.233,0.538
592500,0.228,0.231,0.541
593000,0.171,0.251,0.578
593500,0.186,0.273,0.541
594000,0.171,0.263,0.566
594500,0.196,0.246,0.558
595000,0.189,0.303,0.509
595500,0.139,0.293,0.568
596000,0.136,0.283,0.581
596500,0.194,0.285,0.521
597000,0.154,0.288,0.558
597500,0.124,0.330,0.546
598000,0.169,0.333,0.499
598500,0.166,0.293,0.541
599000,0.181,0.305,0.514
599500,0.139,0.308,0.553
600000,0.119,0.268,0.613
600500,0.161,0.233,0.605
601000,0.216,0.231,0.553
601500,0.231,0.236,0.533
602000,0.238,0.199,0.563
602500,0.241,0.216,0.543
603000,0.211,0.253,0.536
603500,0.251,0.238,0.511
604000,0.211,0.270,0.519
604500,0.233,0.216,0.551
605000,0.218,0.208,0.573
605500,0.218,0.261,0.521
606000,0.189,0.233,0.578
606500,0.186,0.268,0.546
607000,0.189,0.238,0.573
607500,0.194,0.216,0.591
608000,0.231,0.236,0.533
608500,0.191,0.258,0.551
609000,0.199,0.251,0.551
609500,0.189,0.256,0.556
610000,0.213,0.223,0.563
610500,0.223,0.223,0.553
611000,0.196,0.203,0.600
611500,0.181,0.261,0.558
612000,0.164,0.283,0.553
612500,0.174,0.248,0.578
613000,0.151,0.268,0.581
613500,0.164,0.320,0.516
614000,0.166,0.310,0.524
614500,0.164,0.295,0.541
615000,0.141,0.298,0.561
615500,0.151,0.323,0.526
616000,0.146,0.345,0.509
616500,0.119,0.424,0.457
617000,0.099,0.422,0.479
617500,0.089,0.469,0.442
618000,0.069,0.432,0.499
618500,0.092,0.390,0.519
619000,0.099,0.355,0.546
619500,0.114,0.352,0.533
620000,0.151,0.305,0.543
620500,0.136,0.335,0.529
621000,0.154,0.300,0.546
621500,0.161,0.280,0.558
622000,0.154,0.248,0.598
622500,0.196,0.261,0.543
623000,0.218,0.228,0.553
623500,0.213,0.201,0.586
624000,0.221,0.186,0.593
624500,0.196,0.228,0.576
625000,0.194,0.213,0.593
625500,0.203,0.266,0.531
626000,0.206,0.280,0.514
626500,0.216,0.256,0.529
627000,0.208,0.295,0.496
627500,0.196,0.236,0.568
628000,0.270,0.228,0.501
628500,0.266,0.218,0.516
629000,0.275,0.199,0.526
629500,0.283,0.196,0.521
630000,0.298,0.169,0.533
630500,0.293,0.194,0.514
631000,0.295,0.201,0.504
631500,0.330,0.151,0.519
632000,0.298,0.132,0.571
632500,0.283,0.161,0.556
633000,0.228,0.226,0.546
633500,0.216,0.258,0.526
634000,0.164,0.263,0.573
634500,0.166,0.295,0.538
635000,0.186,0.251,0.563
635500,0.199,0.278,0.524
636000,0.221,0.233,0.546
636500,0.211,0.236,0.553
637000,0.226,0.228,0.546
637500,0.189,0.236,0.576
638000,0.166,0.256,0.578
638500,0.166,0.263,0.571
639000,0.236,0.233,0.531
639500,0.251,0.201,0.548
640000,0.216,0.216,0.568
640500,0.261,0.218,0.521
641000,0.246,0.213,0.541
641500,0.263,0.179,0.558
642000,0.328,0.136,0.536
642500,0.347,0.129,0.524
643000,0.375,0.114,0.511
643500,0.340,0.129,0.531
644000,0.380,0.084,0.536
644500,0.414,0.114,0.471
645000,0.407,0.102,0.491
645500,0.437,0.092,0.471
646000,0.407,0.079,0.514
646500,0.419,0.107,0.474
647000,0.404,0.092,0.504
647500,0.402,0.087,0.511
648000,0.397,0.099,0.504
648500,0.412,0.067,0.521
649000,0.407,0.087,0.506
649500,0.404,0.082,0.514
650000,0.390,0.094,0.516
650500,0.335,0.119,0.546
651000,0.330,0.127,0.543
651500,0.340,0.134,0.526
652000,0.345,0.099,0.556
652500,0.372,0.104,0.524
653000,0.328,0.094,0.578
653500,0.295,0.139,0.566
654000,0.298,0.176,0.526
654500,0.325,0.184,0.491
655000,0.305,0.221,0.474
655500,0.280,0.203,0.516
656000,0.280,0.208,0.511
656500,0.263,0.213,0.524
657000,0.293,0.203,0.504
657500,0.293,0.208,0.499
658000,0.295,0.189,0.516
658500,0.270,0.228,0.501
659000,0.278,0.208,0.514
659500,0.273,0.211,0.516
660000,0.328,0.186,0.486
660500,0.295,0.154,0.551
661000,0.288,0.149,0.563
661500,0.243,0.179,0.578
662000,0.246,0.171,0.583
662500,0.275,0.171,0.553
663000,0.268,0.186,0.546
663500,0.283,0.194,0.524
664000,0.268,0.166,0.566
664500,0.293,0.146,0.561
665000,0.278,0.146,0.576
665500,0.285,0.208,0.506
666000,0.248,0.189,0.563
666500,0.303,0.149,0.548
667000,0.288,0.154,0.558
667500,0.275,0.166,0.558
668000,0.288,0.174,0.538
668500,0.270,0.159,0.571
669000,0.231,0.181,0.588
669500,0.275,0.184,0.541
670000,0.275,0.161,0.563
670500,0.236,0.203,0.561
671000,0.275,0.181,0.543
671500,0.295,0.228,0.476
672000,0.238,0.223,0.538
672500,0.248,0.206,0.546
673000,0.223,0.226,0.551
673500,0.226,0.241,0.533
674000,0.273,0.213,0.514
674500,0.290,0.164,0.546
675000,0.268,0.216,0.516
675500,0.270,0.216,0.514
676000,0.303,0.206,0.491
676500,0.283,0.216,0.501
677000,0.295,0.164,0.541
677500,0.278,0.169,0.553
678000,0.270,0.213,0.516
678500,0.290,0.199,0.511
679000,0.266,0.201,0.533
679500,0.258,0.216,0.526
680000,0.236,0.189,0.576
680500,0.221,0.216,0.563
681000,0.191,0.280,0.529
681500,0.139,0.270,0.591
682000,0.179,0.275,0.546
682500,0.201,0.223,0.576
683000,0.201,0.248,0.551
683500,0.216,0.263,0.521
684000,0.208,0.258,0.533
684500,0.189,0.268,0.543
685000,0.171,0.298,0.531
685500,0.226,0.273,0.501
686000,0.201,0.268,0.531
686500,0.154,0.253,0.593
687000,0.164,0.261,0.576
687500,0.169,0.285,0.546
688000,0.169,0.298,0.533
688500,0.176,0.278,0.546
689000,0.151,0.315,0.533
689500,0.161,0.285,0.553
690000,0.184,0.295,0.521
690500,0.169,0.300,0.531
691000,0.141,0.352,0.506
691500,0.206,0.315,0.479
692000,0.164,0.315,0.521
692500,0.146,0.313,0.541
693000,0.161,0.275,0.563
693500,0.186,0.295,0.519
694000,0.201,0.253,0.546
694500,0.196,0.258,0.546
695000,0.196,0.300,0.504
695500,0.164,0.300,0.536
696000,0.186,0.305,0.509
696500,0.189,0.273,0.538
697000,0.199,0.253,0.548
697500,0.191,0.238,0.571
698000,0.144,0.270,0.586
698500,0.201,0.236,0.563
699000,0.191,0.256,0.553
699500,0.164,0.275,0.561
700000,0.179,0.248,0.573
700500,0.203,0.218,0.578
701000,0.196,0.246,0.558
701500,0.218,0.241,0.541
702000,0.211,0.246,0.543
702500,0.233,0.236,0.531
703000,0.216,0.208,0.576
703500,0.203,0.233,0.563
704000,0.191,0.261,0.548
704500,0.194,0.228,0.578
705000,0.201,0.253,0.546
705500,0.196,0.261,0.543
706000,0.201,0.251,0.548
706500,0.206,0.305,0.489
707000,0.169,0.290,0.541
707500,0.136,0.285,0.578
708000,0.124,0.300,0.576
708500,0.171,0.285,0.543
709000,0.166,0.275,0.558
709500,0.112,0.303,0.586
710000,0.141,0.328,0.531
710500,0.189,0.266,0.546
711000,0.233,0.228,0.538
711500,0.241,0.196,0.563
712000,0.233,0.191,0.576
712500,0.246,0.181,0.573
713000,0.253,0.216,0.531
713500,0.275,0.166,0.558
714000,0.285,0.176,0.538
714500,0.280,0.174,0.546
715000,0.251,0.176,0.573
715500,0.283,0.156,0.561
716000,0.288,0.176,0.536
716500,0.283,0.213,0.504
717000,0.266,0.186,0.548
717500,0.261,0.184,0.556
718000,0.261,0.174,0.566
718500,0.228,0.201,0.571
719000,0.191,0.241,0.568
719500,0.159,0.258,0.583
720000,0.139,0.238,0.623
720500,0.216,0.280,0.504
721000,0.189,0.285,0.526
721500,0.206,0.241,0.553
722000,0.263,0.203,0.533
722500,0.261,0.179,0.561
723000,0.251,0.196,0.553
723500,0.228,0.184,0.588
724000,0.256,0.159,0.586
724500,0.208,0.199,0.593
725000,0.213,0.238,0.548
725500,0.186,0.258,0.556
726000,0.149,0.253,0.598
726500,0.179,0.263,0.558
727000,0.186,0.261,0.553
727500,0.156,0.273,0.571
728000,0.191,0.290,0.519
728500,0.226,0.253,0.521
729000,0.238,0.263,0.499
729500,0.243,0.275,0.481
730000,0.208,0.273,0.519
730500,0.228,0.263,0.509
731000,0.208,0.223,0.568
731500,0.186,0.194,0.620
732000,0.181,0.236,0.583
732500,0.174,0.270,0.556
733000,0.189,0.256,0.556
733500,0.171,0.298,0.531
734000,0.146,0.335,0.519
734500,0.191,0.285,0.524
735000,0.203,0.258,0.538
735500,0.194,0.298,0.509
736000,0.164,0.315,0.521
736500,0.139,0.325,0.536
737000,0.156,0.293,0.551
737500,0.199,0.253,0.548
738000,0.149,0.323,0.529
738500,0.141,0.318,0.541
739000,0.109,0.372,0.519
739500,0.102,0.357,0.541
740000,0.117,0.355,0.529
740500,0.124,0.335,0.541
741000,0.146,0.313,0.541
741500,0.107,0.320,0.573
742000,0.124,0.295,0.581
742500,0.136,0.345,0.519
743000,0.124,0.303,0.573
743500,0.149,0.298,0.553
744000,0.151,0.243,0.605
744500,0.196,0.218,0.586
745000,0.216,0.221,0.563
745500,0.206,0.228,0.566
746000,0.179,0.241,0.581
746500,0.176,0.253,0.571
747000,0.191,0.266,0.543
747500,0.169,0.253,0.578
748000,0.159,0.290,0.551
748500,0.159,0.328,0.514
749000,0.132,0.330,0.538
749500,0.161,0.347,0.491
750000,0.107,0.333,0.561
750500,0.122,0.342,0.536
751000,0.127,0.392,0.481
751500,0.146,0.357,0.496
752000,0.159,0.320,0.521
752500,0.174,0.288,0.538
753000,0.146,0.305,0.548
753500,0.174,0.308,0.519
754000,0.159,0.305,0.536
754500,0.189,0.293,0.519
755000,0.194,0.270,0.536
755500,0.211,0.251,0.538
756000,0.223,0.256,0.521
756500,0.186,0.231,0.583
757000,0.184,0.256,0.561
757500,0.171,0.278,0.551
758000,0.194,0.263,0.543
758500,0.156,0.293,0.551
759000,0.154,0.283,0.563
759500,0.156,0.335,0.509
760000,0.119,0.310,0.571
760500,0.129,0.313,0.558
761000,0.139,0.285,0.576
761500,0.164,0.325,0.511
762000,0.164,0.325,0.511
762500,0.156,0.347,0.496
763000,0.159,0.320,0.521
763500,0.191,0.300,0.509
764000,0.166,0.333,0.501
764500,0.166,0.280,0.553
765000,0.203,0.261,0.536
765500,0.191,0.300,0.509
766000,0.218,0.256,0.526
766500,0.238,0.216,0.546
767000,0.233,0.253,0.514
767500,0.218,0.206,0.576
768000,0.233,0.211,0.556
768500,0.218,0.243,0.538
769000,0.228,0.181,0.591
769500,0.231,0.213,0.556
770000,0.226,0.186,0.588
770500,0.266,0.166,0.568
771000,0.293,0.174,0.533
771500,0.295,0.156,0.548
772000,0.285,0.184,0.531
772500,0.266,0.159,0.576
773000,0.280,0.141,0.578
773500,0.313,0.179,0.509
774000,0.325,0.124,0.551
774500,0.310,0.134,0.556
775000,0.310,0.166,0.524
775500,0.293,0.132,0.576
776000,0.288,0.141,0.571
776500,0.273,0.199,0.529
777000,0.263,0.196,0.541
777500,0.226,0.189,0.586
778000,0.241,0.251,0.509
778500,0.218,0.253,0.529
779000,0.181,0.251,0.568
779500,0.156,0.318,0.526
780000,0.201,0.328,0.471
780500,0.161,0.298,0.541
781000,0.181,0.285,0.533
781500,0.181,0.233,0.586
782000,0.199,0.223,0.578
782500,0.184,0.256,0.561
783000,0.228,0.223,0.548
783500,0.223,0.263,0.514
784000,0.218,0.233,0.548
784500,0.181,0.211,0.608
785000,0.194,0.236,0.571
785500,0.203,0.278,0.519
786000,0.248,0.218,0.533
786500,0.211,0.226,0.563
787000,0.206,0.268,0.526
787500,0.199,0.273,0.529
788000,0.164,0.285,0.551
788500,0.127,0.337,0.536
789000,0.117,0.340,0.543
789500,0.144,0.380,0.476
790000,0.129,0.360,0.511
790500,0.124,0.328,0.548
791000,0.112,0.357,0.531
791500,0.117,0.300,0.583
792000,0.102,0.305,0.593
792500,0.122,0.342,0.536
793000,0.161,0.308,0.531
793500,0.109,0.345,0.546
794000,0.109,0.313,0.578
794500,0.132,0.333,0.536
795000,0.134,0.345,0.521
795500,0.107,0.360,0.533
796000,0.132,0.325,0.543
796500,0.119,0.355,0.526
797000,0.124,0.350,0.526
797500,0.114,0.345,0.541
798000,0.092,0.340,0.568
798500,0.107,0.323,0.571
799000,0.092,0.382,0.526
799500,0.099,0.382,0.519
800000,0.087,0.402,0.511
800500,0.117,0.365,0.519
801000,0.119,0.333,0.548
801500,0.154,0.293,0.553
802000,0.199,0.248,0.553
802500,0.206,0.278,0.516
803000,0.194,0.290,0.516
803500,0.144,0.268,0.588
804000,0.134,0.266,0.600
804500,0.181,0.216,0.603
805000,0.263,0.228,0.509
805500,0.266,0.184,0.551
806000,0.236,0.199,0.566
806500,0.199,0.256,0.546
807000,0.228,0.216,0.556
807500,0.270,0.154,0.576
808000,0.243,0.144,0.613
808500,0.283,0.151,0.566
809000,0.280,0.134,0.586
809500,0.285,0.164,0.551
810000,0.226,0.194,0.581
810500,0.189,0.263,0.548
811000,0.171,0.263,0.566
811500,0.186,0.256,0.558
812000,0.206,0.285,0.509
812500,0.174,0.318,0.509
813000,0.218,0.285,0.496
813500,0.208,0.266,0.526
814000,0.236,0.218,0.546
814500,0.251,0.278,0.471
815000,0.236,0.228,0.536
815500,0.206,0.268,0.526
816000,0.268,0.228,0.504
816500,0.270,0.216,0.514
817000,0.313,0.226,0.462
817500,0.293,0.191,0.516
818000,0.283,0.196,0.521
818500,0.268,0.171,0.561
819000,0.275,0.171,0.553
819500,0.273,0.179,0.548
820000,0.278,0.149,0.573
820500,0.283,0.184,0.533
821000,0.273,0.186,0.541
821500,0.241,0.201,0.558
822000,0.258,0.228,0.514
822500,0.211,0.258,0.531
823000,0.189,0.221,0.591
823500,0.248,0.191,0.561
824000,0.270,0.154,0.576
824500,0.293,0.154,0.553
825000,0.290,0.132,0.578
825500,0.268,0.184,0.548
826000,0.285,0.174,0.541
826500,0.300,0.189,0.511
827000,0.333,0.189,0.479
827500,0.318,0.139,0.543
828000,0.290,0.139,0.571
828500,0.288,0.176,0.536
829000,0.233,0.226,0.541
829500,0.266,0.201,0.533
830000,0.228,0.221,0.551
830500,0.211,0.263,0.526
831000,0.189,0.228,0.583
831500,0.216,0.226,0.558
832000,0.184,0.243,0.573
832500,0.181,0.248,0.571
833000,0.191,0.233,0.576
833500,0.159,0.263,0.578
834000,0.186,0.248,0.566
834500,0.189,0.266,0.546
835000,0.141,0.280,0.578
835500,0.154,0.275,0.571
836000,0.184,0.248,0.568
836500,0.154,0.256,0.591
837000,0.221,0.253,0.526
837500,0.208,0.263,0.529
838000,0.241,0.246,0.514
838500,0.221,0.231,0.548
839000,0.174,0.246,0.581
839500,0.194,0.290,0.516
840000,0.199,0.268,0.533
840500,0.196,0.248,0.556
841000,0.194,0.268,0.538
841500,0.201,0.278,0.521
842000,0.251,0.216,0.533
842500,0.231,0.218,0.551
843000,0.236,0.213,0.551
843500,0.211,0.241,0.548
844000,0.176,0.241,0.583
844500,0.196,0.243,0.561
845000,0.166,0.258,0.576
845500,0.166,0.261,0.573
846000,0.141,0.263,0.596
846500,0.149,0.273,0.578
847000,0.156,0.236,0.608
847500,0.233,0.246,0.521
848000,0.211,0.298,0.491
848500,0.223,0.261,0.516
849000,0.171,0.266,0.563
849500,0.184,0.308,0.509
850000,0.169,0.313,0.519
850500,0.181,0.295,0.524
851000,0.186,0.261,0.553
851500,0.191,0.268,0.541
852000,0.199,0.275,0.526
852500,0.203,0.266,0.531
853000,0.166,0.295,0.538
853500,0.144,0.328,0.529
854000,0.161,0.295,0.543
854500,0.149,0.330,0.521
855000,0.124,0.367,0.509
855500,0.141,0.367,0.491
856000,0.179,0.310,0.511
856500,0.144,0.330,0.526
857000,0.169,0.323,0.509
857500,0.166,0.273,0.561
858000,0.166,0.258,0.576
858500,0.201,0.231,0.568
859000,0.228,0.241,0.531
859500,0.191,0.251,0.558
860000,0.223,0.216,0.561
860500,0.236,0.206,0.558
861000,0.203,0.223,0.573
861500,0.189,0.256,0.556
862000,0.194,0.318,0.489
862500,0.169,0.315,0.516
863000,0.119,0.325,0.556
863500,0.099,0.347,0.553
864000,0.146,0.333,0.521
864500,0.129,0.357,0.514
865000,0.119,0.340,0.541
865500,0.191,0.273,0.536
866000,0.184,0.313,0.504
866500,0.136,0.333,0.531
867000,0.124,0.350,0.526
867500,0.154,0.367,0.479
868000,0.146,0.335,0.519
868500,0.154,0.285,0.561
869000,0.129,0.288,0.583
869500,0.208,0.246,0.546
870000,0.199,0.273,0.529
870500,0.166,0.283,0.551
871000,0.181,0.268,0.551
871500,0.191,0.241,0.568
872000,0.206,0.221,0.573
872500,0.208,0.211,0.581
873000,0.233,0.181,0.586
873500,0.270,0.208,0.521
874000,0.290,0.191,0.519
874500,0.280,0.201,0.519
875000,0.270,0.196,0.533
875500,0.315,0.154,0.531
876000,0.275,0.156,0.568
876500,0.342,0.166,0.491
877000,0.290,0.134,0.576
877500,0.347,0.114,0.538
878000,0.355,0.151,0.494
878500,0.347,0.097,0.556
879000,0.357,0.119,0.524
879500,0.370,0.129,0.501
880000,0.370,0.119,0.511
880500,0.325,0.109,0.566
881000,0.320,0.122,0.558
881500,0.330,0.136,0.533
882000,0.266,0.223,0.511
882500,0.266,0.216,0.519
883000,0.243,0.211,0.546
883500,0.310,0.156,0.533
884000,0.270,0.154,0.576
884500,0.275,0.206,0.519
885000,0.233,0.221,0.546
885500,0.208,0.181,0.610
886000,0.233,0.181,0.586
886500,0.218,0.196,0.586
887000,0.213,0.208,0.578
887500,0.194,0.233,0.573
888000,0.171,0.253,0.576
888500,0.181,0.298,0.521
889000,0.184,0.290,0.526
889500,0.194,0.275,0.531
890000,0.169,0.298,0.533
890500,0.216,0.226,0.558
891000,0.189,0.233,0.578
891500,0.208,0.208,0.583
892000,0.194,0.211,0.596
892500,0.164,0.223,0.613
893000,0.146,0.293,0.561
893500,0.194,0.313,0.494
894000,0.166,0.270,0.563
894500,0.199,0.330,0.471
895000,0.176,0.293,0.531
895500,0.136,0.288,0.576
896000,0.144,0.270,0.586
896500,0.122,0.318,0.561
897000,0.127,0.355,0.519
897500,0.146,0.303,0.551
898000,0.156,0.313,0.531
898500,0.141,0.323,0.536
899000,0.129,0.310,0.561
899500,0.154,0.318,0.529
900000,0.171,0.313,0.516
900500,0.191,0.266,0.543
901000,0.186,0.228,0.586
901500,0.186,0.273,0.541
902000,0.203,0.263,0.533
902500,0.186,0.278,0.536
903000,0.221,0.278,0.501
903500,0.201,0.263,0.536
904000,0.186,0.236,0.578
904500,0.154,0.310,0.536
905000,0.208,0.273,0.519
905500,0.233,0.248,0.519
906000,0.208,0.213,0.578
906500,0.213,0.226,0.561
907000,0.208,0.275,0.516
907500,0.226,0.256,0.519
908000,0.211,0.300,0.489
908500,0.211,0.315,0.474
909000,0.231,0.236,0.533
909500,0.251,0.194,0.556
910000,0.231,0.196,0.573
910500,0.315,0.136,0.548
911000,0.310,0.169,0.521
911500,0.335,0.151,0.514
912000,0.313,0.136,0.551
912500,0.298,0.146,0.556
913000,0.347,0.169,0.484
913500,0.313,0.136,0.551
914000,0.328,0.141,0.531
914500,0.323,0.179,0.499
915000,0.290,0.179,0.531
915500,0.288,0.171,0.541
916000,0.268,0.146,0.586
916500,0.293,0.184,0.524
917000,0.241,0.238,0.521
917500,0.256,0.176,0.568
918000,0.283,0.181,0.536
918500,0.203,0.233,0.563
919000,0.226,0.226,0.548
919500,0.196,0.270,0.533
920000,0.154,0.233,0.613
920500,0.199,0.273,0.529
921000,0.169,0.278,0.553
921500,0.164,0.248,0.588
922000,0.213,0.221,0.566
922500,0.223,0.208,0.568
923000,0.211,0.218,0.571
923500,0.216,0.206,0.578
924000,0.203,0.196,0.600
924500,0.268,0.179,0.553
925000,0.243,0.231,0.526
925500,0.211,0.206,0.583
926000,0.166,0.248,0.586
926500,0.179,0.184,0.638
927000,0.216,0.206,0.578
927500,0.164,0.221,0.615
928000,0.211,0.233,0.556
928500,0.226,0.221,0.553
929000,0.194,0.223,0.583
929500,0.171,0.258,0.571
930000,0.149,0.256,0.596
930500,0.139,0.283,0.578
931000,0.181,0.270,0.548
931500,0.191,0.221,0.588
932000,0.228,0.208,0.563
932500,0.263,0.199,0.538
933000,0.310,0.228,0.462
933500,0.320,0.191,0.489
934000,0.283,0.189,0.529
934500,0.248,0.141,0.610
935000,0.243,0.189,0.568
935500,0.241,0.164,0.596
936000,0.221,0.226,0.553
936500,0.263,0.211,0.526
937000,0.243,0.241,0.516
937500,0.248,0.208,0.543
938000,0.218,0.251,0.531
938500,0.231,0.256,0.514
939000,0.251,0.196,0.553
939500,0.203,0.208,0.588
940000,0.243,0.203,0.553
940500,0.226,0.238,0.536
941000,0.181,0.221,0.598
941500,0.181,0.293,0.526
942000,0.221,0.221,0.558
942500,0.194,0.246,0.561
943000,0.159,0.263,0.578
943500,0.206,0.261,0.533
944000,0.213,0.243,0.543
944500,0.213,0.258,0.529
945000,0.184,0.238,0.578
945500,0.186,0.305,0.509
946000,0.203,0.318,0.479
946500,0.159,0.325,0.516
947000,0.139,0.352,0.509
947500,0.146,0.323,0.531
948000,0.149,0.335,0.516
948500,0.186,0.308,0.506
949000,0.211,0.290,0.499
949500,0.161,0.300,0.538
950000,0.199,0.305,0.496
950500,0.218,0.236,0.546
951000,0.268,0.194,0.538
951500,0.263,0.179,0.558
952000,0.330,0.159,0.511
952500,0.285,0.176,0.538
953000,0.258,0.179,0.563
953500,0.295,0.184,0.521
954000,0.330,0.159,0.511
954500,0.333,0.102,0.566
955000,0.333,0.129,0.538
955500,0.320,0.146,0.533
956000,0.315,0.156,0.529
956500,0.223,0.179,0.598
957000,0.206,0.189,0.605
957500,0.233,0.159,0.608
958000,0.258,0.179,0.563
958500,0.243,0.174,0.583
959000,0.221,0.196,0.583
959500,0.241,0.206,0.553
960000,0.256,0.223,0.521
960500,0.243,0.236,0.521
961000,0.213,0.223,0.563
961500,0.191,0.273,0.536
962000,0.194,0.201,0.605
962500,0.176,0.221,0.603
963000,0.159,0.266,0.576
963500,0.181,0.246,0.573
964000,0.169,0.258,0.573
964500,0.221,0.266,0.514
965000,0.194,0.248,0.558
965500,0.233,0.208,0.558
966000,0.248,0.199,0.553
966500,0.213,0.223,0.563
967000,0.208,0.221,0.571
967500,0.208,0.266,0.526
968000,0.221,0.283,0.496
968500,0.174,0.268,0.558
969000,0.218,0.246,0.536
969500,0.228,0.231,0.541
970000,0.273,0.201,0.526
970500,0.243,0.231,0.526
971000,0.208,0.201,0.591
971500,0.211,0.196,0.593
972000,0.231,0.221,0.548
972500,0.263,0.164,0.573
973000,0.295,0.174,0.531
973500,0.283,0.144,0.573
974000,0.295,0.122,0.583
974500,0.333,0.164,0.504
975000,0.372,0.114,0.514
975500,0.340,0.132,0.529
976000,0.395,0.117,0.489
976500,0.370,0.119,0.511
977000,0.323,0.132,0.546
977500,0.360,0.134,0.506
978000,0.365,0.084,0.551
978500,0.347,0.114,0.538
979000,0.392,0.127,0.481
979500,0.395,0.134,0.471
980000,0.385,0.099,0.516
980500,0.370,0.134,0.496
981000,0.318,0.141,0.541
981500,0.308,0.151,0.541
982000,0.275,0.156,0.568
982500,0.251,0.213,0.536
983000,0.223,0.270,0.506
983500,0.208,0.263,0.529
984000,0.201,0.268,0.531
984500,0.211,0.246,0.543
985000,0.203,0.266,0.531
985500,0.166,0.246,0.588
986000,0.181,0.270,0.548
986500,0.191,0.251,0.558
987000,0.184,0.253,0.563
987500,0.216,0.263,0.521
988000,0.243,0.238,0.519
988500,0.199,0.278,0.524
989000,0.154,0.273,0.573
989500,0.194,0.268,0.538
990000,0.184,0.253,0.563
990500,0.194,0.270,0.536
991000,0.166,0.273,0.561
991500,0.181,0.238,0.581
992000,0.231,0.181,0.588
992500,0.246,0.213,0.541
993000,0.226,0.226,0.548
993500,0.246,0.218,0.536
994000,0.199,0.266,0.536
994500,0.233,0.213,0.553
995000,0.208,0.248,0.543
995500,0.228,0.208,0.563
996000,0.251,0.223,0.526
996500,0.218,0.211,0.571
997000,0.283,0.169,0.548
997500,0.268,0.201,0.531
998000,0.236,0.176,0.588
998500,0.251,0.211,0.538
999000,0.236,0.221,0.543
999500,0.238,0.241,0.521
1000000,0.216,0.251,0.533
