time,n_A+p,n_B,n_AB
100,0.487,0.250,0.263
200,0.461,0.224,0.316
300,0.553,0.145,0.303
400,0.579,0.066,0.355
500,0.579,0.079,0.342
600,0.645,0.066,0.289
700,0.842,0.039,0.118
800,0.882,0.053,0.066
900,0.921,0.026,0.053
1000,0.921,0.000,0.079
1100,0.947,0.026,0.026
1200,0.961,0.013,0.026
1300,0.961,0.013,0.026
1400,0.961,0.013,0.026
1500,0.961,0.000,0.039
1600,0.961,0.026,0.013
1700,0.974,0.026,-0.000
1800,0.974,0.026,-0.000
1900,0.961,0.013,0.026
2000,0.974,0.013,0.013
2100,0.961,0.013,0.026
2200,0.974,0.000,0.026
2300,0.987,0.000,0.013
2400,1.000,0.000,0.000
