time,n_A+p,n_B,n_AB
500,0.030,0.954,0.016
1000,0.030,0.912,0.057
1500,0.030,0.914,0.056
2000,0.030,0.912,0.057
2500,0.030,0.887,0.083
3000,0.030,0.898,0.072
3500,0.030,0.921,0.049
4000,0.030,0.892,0.078
4500,0.030,0.892,0.078
5000,0.030,0.861,0.109
5500,0.030,0.860,0.110
6000,0.030,0.861,0.109
6500,0.030,0.882,0.088
7000,0.030,0.886,0.084
7500,0.030,0.888,0.082
8000,0.030,0.885,0.085
8500,0.030,0.890,0.080
9000,0.030,0.899,0.071
9500,0.030,0.884,0.086
10000,0.030,0.902,0.068
10500,0.030,0.882,0.088
11000,0.030,0.886,0.084
11500,0.030,0.882,0.088
12000,0.030,0.876,0.094
12500,0.030,0.881,0.089
13000,0.030,0.885,0.085
13500,0.030,0.876,0.094
14000,0.030,0.871,0.099
14500,0.030,0.887,0.083
15000,0.030,0.896,0.074
15500,0.030,0.878,0.092
16000,0.030,0.917,0.053
16500,0.030,0.891,0.079
17000,0.030,0.903,0.067
17500,0.030,0.910,0.059
18000,0.030,0.909,0.060
18500,0.030,0.892,0.078
19000,0.030,0.881,0.089
19500,0.030,0.894,0.076
20000,0.030,0.905,0.065
20500,0.030,0.906,0.064
21000,0.030,0.863,0.107
21500,0.030,0.893,0.077
22000,0.030,0.874,0.096
22500,0.030,0.852,0.118
23000,0.030,0.877,0.093
23500,0.030,0.856,0.114
24000,0.030,0.877,0.093
24500,0.030,0.851,0.119
25000,0.030,0.872,0.098
25500,0.030,0.891,0.079
26000,0.030,0.859,0.111
26500,0.030,0.907,0.062
27000,0.030,0.888,0.082
27500,0.030,0.893,0.077
28000,0.030,0.873,0.097
28500,0.030,0.887,0.083
29000,0.030,0.875,0.095
29500,0.030,0.878,0.092
30000,0.030,0.885,0.085
30500,0.030,0.865,0.105
31000,0.030,0.858,0.112
31500,0.030,0.887,0.083
32000,0.030,0.873,0.097
32500,0.030,0.892,0.078
33000,0.030,0.864,0.106
33500,0.030,0.852,0.118
34000,0.030,0.852,0.118
34500,0.030,0.831,0.139
35000,0.030,0.858,0.112
35500,0.030,0.888,0.082
36000,0.030,0.893,0.077
36500,0.030,0.901,0.069
37000,0.030,0.891,0.079
37500,0.030,0.856,0.114
38000,0.030,0.864,0.106
38500,0.030,0.868,0.102
39000,0.030,0.849,0.121
39500,0.030,0.861,0.109
40000,0.030,0.887,0.083
40500,0.030,0.914,0.055
41000,0.030,0.931,0.038
41500,0.030,0.904,0.066
42000,0.030,0.892,0.078
42500,0.030,0.862,0.108
43000,0.030,0.895,0.075
43500,0.030,0.894,0.076
44000,0.030,0.877,0.093
44500,0.030,0.872,0.098
45000,0.030,0.868,0.102
45500,0.030,0.843,0.127
46000,0.030,0.854,0.116
46500,0.030,0.869,0.101
47000,0.030,0.838,0.132
47500,0.030,0.905,0.065
48000,0.030,0.884,0.086
48500,0.030,0.845,0.125
49000,0.030,0.885,0.085
49500,0.030,0.892,0.078
50000,0.030,0.890,0.080
50500,0.030,0.888,0.082
51000,0.030,0.889,0.081
51500,0.030,0.906,0.064
52000,0.030,0.916,0.053
52500,0.030,0.900,0.070
53000,0.030,0.875,0.095
53500,0.030,0.855,0.115
54000,0.030,0.836,0.134
54500,0.030,0.872,0.098
55000,0.030,0.908,0.061
55500,0.030,0.880,0.090
56000,0.030,0.885,0.085
56500,0.030,0.889,0.081
57000,0.030,0.879,0.091
57500,0.030,0.876,0.094
58000,0.030,0.914,0.056
58500,0.030,0.886,0.084
59000,0.030,0.898,0.072
59500,0.030,0.911,0.058
60000,0.030,0.880,0.090
60500,0.030,0.859,0.111
61000,0.030,0.894,0.076
61500,0.030,0.877,0.093
62000,0.030,0.878,0.092
62500,0.030,0.895,0.075
63000,0.030,0.870,0.100
63500,0.030,0.873,0.097
64000,0.030,0.910,0.059
64500,0.030,0.913,0.057
65000,0.030,0.892,0.078
65500,0.030,0.910,0.060
66000,0.030,0.910,0.060
66500,0.030,0.852,0.118
67000,0.030,0.849,0.121
67500,0.030,0.824,0.146
68000,0.030,0.848,0.122
68500,0.030,0.872,0.098
69000,0.030,0.865,0.105
69500,0.030,0.895,0.075
70000,0.030,0.897,0.073
70500,0.030,0.910,0.059
71000,0.030,0.905,0.065
71500,0.030,0.917,0.053
72000,0.030,0.911,0.059
72500,0.030,0.896,0.074
73000,0.030,0.873,0.097
73500,0.030,0.892,0.078
74000,0.030,0.901,0.069
74500,0.030,0.915,0.054
75000,0.030,0.908,0.061
75500,0.030,0.882,0.088
76000,0.030,0.901,0.069
76500,0.030,0.895,0.075
77000,0.030,0.874,0.096
77500,0.030,0.864,0.106
78000,0.030,0.863,0.107
78500,0.030,0.895,0.075
79000,0.030,0.889,0.081
79500,0.030,0.872,0.098
80000,0.030,0.907,0.062
80500,0.030,0.868,0.102
81000,0.030,0.873,0.097
81500,0.030,0.874,0.096
82000,0.030,0.857,0.113
82500,0.030,0.885,0.085
83000,0.030,0.896,0.074
83500,0.030,0.900,0.070
84000,0.030,0.901,0.069
84500,0.030,0.890,0.080
85000,0.030,0.864,0.106
85500,0.030,0.853,0.117
86000,0.030,0.899,0.071
86500,0.030,0.910,0.059
87000,0.030,0.906,0.064
87500,0.030,0.862,0.108
88000,0.030,0.860,0.110
88500,0.030,0.900,0.070
89000,0.030,0.898,0.072
89500,0.030,0.864,0.106
90000,0.030,0.867,0.103
90500,0.030,0.897,0.073
91000,0.030,0.904,0.066
91500,0.030,0.894,0.076
92000,0.030,0.885,0.085
92500,0.030,0.897,0.073
93000,0.030,0.845,0.125
93500,0.030,0.876,0.094
94000,0.030,0.879,0.091
94500,0.030,0.874,0.096
95000,0.030,0.870,0.100
95500,0.030,0.884,0.086
96000,0.030,0.910,0.059
96500,0.030,0.914,0.056
97000,0.030,0.928,0.041
97500,0.030,0.879,0.091
98000,0.030,0.902,0.068
98500,0.030,0.915,0.055
99000,0.030,0.889,0.081
99500,0.030,0.900,0.070
100000,0.030,0.855,0.115
100500,0.030,0.846,0.124
101000,0.030,0.856,0.114
101500,0.030,0.885,0.085
102000,0.030,0.905,0.065
102500,0.030,0.922,0.047
103000,0.030,0.912,0.058
103500,0.030,0.881,0.089
104000,0.030,0.893,0.077
104500,0.030,0.857,0.113
105000,0.030,0.875,0.095
105500,0.030,0.890,0.080
106000,0.030,0.854,0.116
106500,0.030,0.861,0.109
107000,0.030,0.888,0.082
107500,0.030,0.887,0.083
108000,0.030,0.897,0.073
108500,0.030,0.894,0.076
109000,0.030,0.899,0.071
109500,0.030,0.887,0.083
110000,0.030,0.870,0.100
110500,0.030,0.864,0.106
111000,0.030,0.872,0.098
111500,0.030,0.897,0.073
112000,0.030,0.891,0.079
112500,0.030,0.852,0.118
113000,0.030,0.867,0.103
113500,0.030,0.845,0.125
114000,0.030,0.875,0.095
114500,0.030,0.909,0.060
115000,0.030,0.911,0.058
115500,0.030,0.875,0.095
116000,0.030,0.881,0.089
116500,0.030,0.888,0.082
117000,0.030,0.883,0.087
117500,0.030,0.868,0.102
118000,0.030,0.861,0.109
118500,0.030,0.896,0.074
119000,0.030,0.893,0.077
119500,0.030,0.898,0.072
120000,0.030,0.924,0.045
120500,0.030,0.938,0.032
121000,0.030,0.907,0.063
121500,0.030,0.878,0.092
122000,0.030,0.822,0.148
122500,0.030,0.845,0.125
123000,0.030,0.879,0.091
123500,0.030,0.894,0.076
124000,0.030,0.902,0.068
124500,0.030,0.890,0.080
125000,0.030,0.918,0.051
125500,0.030,0.922,0.047
126000,0.030,0.874,0.096
126500,0.030,0.875,0.095
127000,0.030,0.910,0.060
127500,0.030,0.904,0.066
128000,0.030,0.904,0.066
128500,0.030,0.902,0.068
129000,0.030,0.905,0.065
129500,0.030,0.904,0.066
130000,0.030,0.913,0.057
130500,0.030,0.909,0.060
131000,0.030,0.934,0.036
131500,0.030,0.909,0.061
132000,0.030,0.876,0.094
132500,0.030,0.851,0.119
133000,0.030,0.837,0.133
133500,0.030,0.840,0.130
134000,0.030,0.888,0.082
134500,0.030,0.875,0.095
135000,0.030,0.869,0.101
135500,0.030,0.889,0.081
136000,0.030,0.885,0.085
136500,0.030,0.887,0.083
137000,0.030,0.903,0.067
137500,0.030,0.905,0.065
138000,0.030,0.903,0.067
138500,0.030,0.864,0.106
139000,0.030,0.893,0.077
139500,0.030,0.904,0.066
140000,0.030,0.879,0.091
140500,0.030,0.907,0.062
141000,0.030,0.899,0.071
141500,0.030,0.876,0.094
142000,0.030,0.854,0.116
142500,0.030,0.867,0.103
143000,0.030,0.848,0.122
143500,0.030,0.878,0.092
144000,0.030,0.880,0.090
144500,0.030,0.866,0.104
145000,0.030,0.889,0.081
145500,0.030,0.859,0.111
146000,0.030,0.844,0.126
146500,0.030,0.860,0.110
147000,0.030,0.864,0.106
147500,0.030,0.900,0.070
148000,0.030,0.869,0.101
148500,0.030,0.852,0.118
149000,0.030,0.847,0.123
149500,0.030,0.863,0.107
150000,0.030,0.882,0.088
150500,0.030,0.915,0.054
151000,0.030,0.915,0.055
151500,0.030,0.859,0.111
152000,0.030,0.876,0.094
152500,0.030,0.887,0.083
153000,0.030,0.862,0.108
153500,0.030,0.893,0.077
154000,0.030,0.876,0.094
154500,0.030,0.894,0.076
155000,0.030,0.904,0.066
155500,0.030,0.902,0.068
156000,0.030,0.915,0.055
156500,0.030,0.930,0.040
157000,0.030,0.873,0.097
157500,0.030,0.875,0.095
158000,0.030,0.869,0.101
158500,0.030,0.837,0.133
159000,0.030,0.876,0.094
159500,0.030,0.886,0.084
160000,0.030,0.905,0.065
160500,0.030,0.892,0.078
161000,0.030,0.883,0.087
161500,0.030,0.912,0.057
162000,0.030,0.898,0.072
162500,0.030,0.892,0.078
163000,0.030,0.906,0.064
163500,0.030,0.868,0.102
164000,0.030,0.874,0.096
164500,0.030,0.897,0.073
165000,0.030,0.900,0.070
165500,0.030,0.882,0.088
166000,0.030,0.898,0.072
166500,0.030,0.903,0.067
167000,0.030,0.883,0.087
167500,0.030,0.901,0.069
168000,0.030,0.895,0.075
168500,0.030,0.873,0.097
169000,0.030,0.871,0.099
169500,0.030,0.888,0.082
170000,0.030,0.859,0.111
170500,0.030,0.876,0.094
171000,0.030,0.876,0.094
171500,0.030,0.861,0.109
172000,0.030,0.878,0.092
172500,0.030,0.895,0.075
173000,0.030,0.869,0.101
173500,0.030,0.880,0.090
174000,0.030,0.899,0.071
174500,0.030,0.908,0.061
175000,0.030,0.890,0.080
175500,0.030,0.892,0.078
176000,0.030,0.875,0.095
176500,0.030,0.879,0.091
177000,0.030,0.878,0.092
177500,0.030,0.857,0.113
178000,0.030,0.905,0.065
178500,0.030,0.907,0.063
179000,0.030,0.873,0.097
179500,0.030,0.891,0.079
180000,0.030,0.867,0.103
180500,0.030,0.872,0.098
181000,0.030,0.854,0.116
181500,0.030,0.860,0.110
182000,0.030,0.849,0.121
182500,0.030,0.872,0.098
183000,0.030,0.839,0.131
183500,0.030,0.846,0.124
184000,0.030,0.877,0.093
184500,0.030,0.877,0.093
185000,0.030,0.892,0.078
185500,0.030,0.913,0.057
186000,0.030,0.912,0.057
186500,0.030,0.864,0.106
187000,0.030,0.878,0.092
187500,0.030,0.859,0.111
188000,0.030,0.870,0.100
188500,0.030,0.857,0.113
189000,0.030,0.885,0.085
189500,0.030,0.888,0.082
190000,0.030,0.850,0.120
190500,0.030,0.869,0.101
191000,0.030,0.904,0.066
191500,0.030,0.856,0.114
192000,0.030,0.867,0.103
192500,0.030,0.886,0.084
193000,0.030,0.908,0.061
193500,0.030,0.896,0.074
194000,0.030,0.870,0.100
194500,0.030,0.881,0.089
195000,0.030,0.888,0.082
195500,0.030,0.890,0.080
196000,0.030,0.917,0.052
196500,0.030,0.889,0.081
197000,0.030,0.902,0.068
197500,0.030,0.886,0.084
198000,0.030,0.891,0.079
198500,0.030,0.892,0.078
199000,0.030,0.895,0.075
199500,0.030,0.883,0.087
200000,0.030,0.870,0.100
200500,0.030,0.862,0.108
201000,0.030,0.876,0.094
201500,0.030,0.881,0.089
202000,0.030,0.884,0.086
202500,0.030,0.873,0.097
203000,0.030,0.897,0.073
203500,0.030,0.854,0.116
204000,0.030,0.869,0.101
204500,0.030,0.845,0.125
205000,0.030,0.868,0.102
205500,0.030,0.874,0.096
206000,0.030,0.897,0.073
206500,0.030,0.891,0.079
207000,0.030,0.871,0.099
207500,0.030,0.843,0.127
208000,0.030,0.862,0.108
208500,0.030,0.909,0.060
209000,0.030,0.905,0.065
209500,0.030,0.884,0.086
210000,0.030,0.875,0.095
210500,0.030,0.877,0.093
211000,0.030,0.880,0.090
211500,0.030,0.863,0.107
212000,0.030,0.864,0.106
212500,0.030,0.856,0.114
213000,0.030,0.885,0.085
213500,0.030,0.857,0.113
214000,0.030,0.868,0.102
214500,0.030,0.867,0.103
215000,0.030,0.895,0.075
215500,0.030,0.886,0.084
216000,0.030,0.901,0.069
216500,0.030,0.898,0.072
217000,0.030,0.890,0.080
217500,0.030,0.904,0.066
218000,0.030,0.875,0.095
218500,0.030,0.860,0.110
219000,0.030,0.866,0.104
219500,0.030,0.843,0.127
220000,0.030,0.870,0.100
220500,0.030,0.885,0.085
221000,0.030,0.870,0.100
221500,0.030,0.894,0.076
222000,0.030,0.882,0.088
222500,0.030,0.865,0.105
223000,0.030,0.856,0.114
223500,0.030,0.877,0.093
224000,0.030,0.879,0.091
224500,0.030,0.910,0.059
225000,0.030,0.886,0.084
225500,0.030,0.898,0.072
226000,0.030,0.906,0.064
226500,0.030,0.880,0.090
227000,0.030,0.831,0.139
227500,0.030,0.846,0.124
228000,0.030,0.874,0.096
228500,0.030,0.912,0.058
229000,0.030,0.889,0.081
229500,0.030,0.886,0.084
230000,0.030,0.900,0.070
230500,0.030,0.907,0.062
231000,0.030,0.868,0.102
231500,0.030,0.889,0.081
232000,0.030,0.891,0.079
232500,0.030,0.871,0.099
233000,0.030,0.829,0.141
233500,0.030,0.880,0.090
234000,0.030,0.889,0.081
234500,0.030,0.892,0.078
235000,0.030,0.919,0.050
235500,0.030,0.912,0.057
236000,0.030,0.905,0.065
236500,0.030,0.880,0.090
237000,0.030,0.866,0.104
237500,0.030,0.866,0.104
238000,0.030,0.898,0.072
238500,0.030,0.890,0.080
239000,0.030,0.886,0.084
239500,0.030,0.878,0.092
240000,0.030,0.878,0.092
240500,0.030,0.891,0.079
241000,0.030,0.910,0.059
241500,0.030,0.910,0.060
242000,0.030,0.905,0.065
242500,0.030,0.907,0.063
243000,0.030,0.908,0.062
243500,0.030,0.898,0.072
244000,0.030,0.914,0.055
244500,0.030,0.900,0.070
245000,0.030,0.902,0.068
245500,0.030,0.904,0.066
246000,0.030,0.913,0.057
246500,0.030,0.918,0.052
247000,0.030,0.893,0.077
247500,0.030,0.868,0.102
248000,0.030,0.896,0.074
248500,0.030,0.882,0.088
249000,0.030,0.875,0.095
249500,0.030,0.909,0.061
250000,0.030,0.859,0.111
250500,0.030,0.866,0.104
251000,0.030,0.850,0.120
251500,0.030,0.863,0.107
252000,0.030,0.860,0.110
252500,0.030,0.869,0.101
253000,0.030,0.870,0.100
253500,0.030,0.896,0.074
254000,0.030,0.877,0.093
254500,0.030,0.906,0.064
255000,0.030,0.922,0.048
255500,0.030,0.883,0.087
256000,0.030,0.868,0.102
256500,0.030,0.880,0.090
257000,0.030,0.897,0.073
257500,0.030,0.857,0.113
258000,0.030,0.821,0.149
258500,0.030,0.854,0.116
259000,0.030,0.869,0.101
259500,0.030,0.890,0.080
260000,0.030,0.877,0.093
260500,0.030,0.897,0.073
261000,0.030,0.867,0.103
261500,0.030,0.876,0.094
262000,0.030,0.876,0.094
262500,0.030,0.858,0.112
263000,0.030,0.898,0.072
263500,0.030,0.948,0.022
264000,0.030,0.919,0.051
264500,0.030,0.874,0.096
265000,0.030,0.893,0.077
265500,0.030,0.873,0.097
266000,0.030,0.862,0.108
266500,0.030,0.907,0.062
267000,0.030,0.876,0.094
267500,0.030,0.863,0.107
268000,0.030,0.890,0.080
268500,0.030,0.869,0.101
269000,0.030,0.861,0.109
269500,0.030,0.864,0.106
270000,0.030,0.861,0.109
270500,0.030,0.828,0.142
271000,0.030,0.884,0.086
271500,0.030,0.853,0.117
272000,0.030,0.899,0.071
272500,0.030,0.908,0.062
273000,0.030,0.878,0.092
273500,0.030,0.885,0.085
274000,0.030,0.885,0.085
274500,0.030,0.858,0.112
275000,0.030,0.882,0.088
275500,0.030,0.895,0.075
276000,0.030,0.872,0.098
276500,0.030,0.890,0.080
277000,0.030,0.893,0.077
277500,0.030,0.898,0.072
278000,0.030,0.887,0.083
278500,0.030,0.911,0.058
279000,0.030,0.898,0.072
279500,0.030,0.909,0.060
280000,0.030,0.885,0.085
280500,0.030,0.895,0.075
281000,0.030,0.882,0.088
281500,0.030,0.890,0.080
282000,0.030,0.914,0.056
282500,0.030,0.905,0.065
283000,0.030,0.900,0.070
283500,0.030,0.898,0.072
284000,0.030,0.901,0.069
284500,0.030,0.916,0.053
285000,0.030,0.876,0.094
285500,0.030,0.888,0.082
286000,0.030,0.901,0.069
286500,0.030,0.892,0.078
287000,0.030,0.861,0.109
287500,0.030,0.885,0.085
288000,0.030,0.889,0.081
288500,0.030,0.901,0.069
289000,0.030,0.884,0.086
289500,0.030,0.884,0.086
290000,0.030,0.908,0.061
290500,0.030,0.910,0.060
291000,0.030,0.932,0.037
291500,0.030,0.930,0.040
292000,0.030,0.876,0.094
292500,0.030,0.879,0.091
293000,0.030,0.899,0.071
293500,0.030,0.870,0.100
294000,0.030,0.875,0.095
294500,0.030,0.898,0.072
295000,0.030,0.883,0.087
295500,0.030,0.898,0.072
296000,0.030,0.869,0.101
296500,0.030,0.871,0.099
297000,0.030,0.900,0.070
297500,0.030,0.884,0.086
298000,0.030,0.885,0.085
298500,0.030,0.842,0.128
299000,0.030,0.878,0.092
299500,0.030,0.835,0.135
300000,0.030,0.875,0.095
300500,0.030,0.897,0.073
301000,0.030,0.876,0.094
301500,0.030,0.850,0.120
302000,0.030,0.876,0.094
302500,0.030,0.879,0.091
303000,0.030,0.891,0.079
303500,0.030,0.912,0.057
304000,0.030,0.872,0.098
304500,0.030,0.887,0.083
305000,0.030,0.845,0.125
305500,0.030,0.875,0.095
306000,0.030,0.881,0.089
306500,0.030,0.876,0.094
307000,0.030,0.856,0.114
307500,0.030,0.894,0.076
308000,0.030,0.867,0.103
308500,0.030,0.856,0.114
309000,0.030,0.835,0.135
309500,0.030,0.873,0.097
310000,0.030,0.851,0.119
310500,0.030,0.854,0.116
311000,0.030,0.878,0.092
311500,0.030,0.870,0.100
312000,0.030,0.878,0.092
312500,0.030,0.850,0.120
313000,0.030,0.868,0.102
313500,0.030,0.889,0.081
314000,0.030,0.883,0.087
314500,0.030,0.872,0.098
315000,0.030,0.894,0.076
315500,0.030,0.896,0.074
316000,0.030,0.884,0.086
316500,0.030,0.865,0.105
317000,0.030,0.878,0.092
317500,0.030,0.888,0.082
318000,0.030,0.896,0.074
318500,0.030,0.861,0.109
319000,0.030,0.866,0.104
319500,0.030,0.867,0.103
320000,0.030,0.895,0.075
320500,0.030,0.907,0.063
321000,0.030,0.884,0.086
321500,0.030,0.884,0.086
322000,0.030,0.911,0.058
322500,0.030,0.925,0.045
323000,0.030,0.934,0.035
323500,0.030,0.929,0.040
324000,0.030,0.918,0.052
324500,0.030,0.913,0.057
325000,0.030,0.903,0.067
325500,0.030,0.875,0.095
326000,0.030,0.856,0.114
326500,0.030,0.879,0.091
327000,0.030,0.886,0.084
327500,0.030,0.894,0.076
328000,0.030,0.875,0.095
328500,0.030,0.870,0.100
329000,0.030,0.845,0.125
329500,0.030,0.864,0.106
330000,0.030,0.861,0.109
330500,0.030,0.884,0.086
331000,0.030,0.874,0.096
331500,0.030,0.906,0.064
332000,0.030,0.888,0.082
332500,0.030,0.898,0.072
333000,0.030,0.896,0.074
333500,0.030,0.879,0.091
334000,0.030,0.923,0.046
334500,0.030,0.912,0.057
335000,0.030,0.897,0.073
335500,0.030,0.872,0.098
336000,0.030,0.876,0.094
336500,0.030,0.892,0.078
337000,0.030,0.882,0.088
337500,0.030,0.879,0.091
338000,0.030,0.898,0.072
338500,0.030,0.879,0.091
339000,0.030,0.876,0.094
339500,0.030,0.841,0.129
340000,0.030,0.867,0.103
340500,0.030,0.873,0.097
341000,0.030,0.887,0.083
341500,0.030,0.872,0.098
342000,0.030,0.897,0.073
342500,0.030,0.909,0.061
343000,0.030,0.899,0.071
343500,0.030,0.885,0.085
344000,0.030,0.899,0.071
344500,0.030,0.904,0.066
345000,0.030,0.882,0.088
345500,0.030,0.876,0.094
346000,0.030,0.876,0.094
346500,0.030,0.903,0.067
347000,0.030,0.884,0.086
347500,0.030,0.918,0.051
348000,0.030,0.928,0.042
348500,0.030,0.872,0.098
349000,0.030,0.845,0.125
349500,0.030,0.883,0.087
350000,0.030,0.887,0.083
350500,0.030,0.881,0.089
351000,0.030,0.915,0.055
351500,0.030,0.888,0.082
352000,0.030,0.863,0.107
352500,0.030,0.871,0.099
353000,0.030,0.851,0.119
353500,0.030,0.870,0.100
354000,0.030,0.857,0.113
354500,0.030,0.904,0.066
355000,0.030,0.879,0.091
355500,0.030,0.875,0.095
356000,0.030,0.893,0.077
356500,0.030,0.876,0.094
357000,0.030,0.860,0.110
357500,0.030,0.854,0.116
358000,0.030,0.884,0.086
358500,0.030,0.902,0.068
359000,0.030,0.898,0.072
359500,0.030,0.918,0.052
360000,0.030,0.902,0.068
360500,0.030,0.886,0.084
361000,0.030,0.911,0.058
361500,0.030,0.892,0.078
362000,0.030,0.886,0.084
362500,0.030,0.878,0.092
363000,0.030,0.856,0.114
363500,0.030,0.856,0.114
364000,0.030,0.868,0.102
364500,0.030,0.840,0.130
365000,0.030,0.864,0.106
365500,0.030,0.884,0.086
366000,0.030,0.880,0.090
366500,0.030,0.900,0.070
367000,0.030,0.900,0.070
367500,0.030,0.890,0.080
368000,0.030,0.901,0.069
368500,0.030,0.872,0.098
369000,0.030,0.871,0.099
369500,0.030,0.811,0.158
370000,0.030,0.883,0.087
370500,0.030,0.896,0.074
371000,0.030,0.901,0.069
371500,0.030,0.885,0.085
372000,0.030,0.903,0.067
372500,0.030,0.886,0.084
373000,0.030,0.881,0.089
373500,0.030,0.896,0.074
374000,0.030,0.911,0.059
374500,0.030,0.906,0.064
375000,0.030,0.908,0.061
375500,0.030,0.892,0.078
376000,0.030,0.889,0.081
376500,0.030,0.897,0.073
377000,0.030,0.877,0.093
377500,0.030,0.868,0.102
378000,0.030,0.853,0.117
378500,0.030,0.857,0.113
379000,0.030,0.900,0.070
379500,0.030,0.887,0.083
380000,0.030,0.912,0.058
380500,0.030,0.881,0.089
381000,0.030,0.897,0.073
381500,0.030,0.898,0.072
382000,0.030,0.898,0.072
382500,0.030,0.916,0.054
383000,0.030,0.903,0.067
383500,0.030,0.858,0.112
384000,0.030,0.879,0.091
384500,0.030,0.871,0.099
385000,0.030,0.864,0.106
385500,0.030,0.864,0.106
386000,0.030,0.874,0.096
386500,0.030,0.900,0.070
387000,0.030,0.885,0.085
387500,0.030,0.873,0.097
388000,0.030,0.863,0.107
388500,0.030,0.922,0.048
389000,0.030,0.915,0.054
389500,0.030,0.901,0.069
390000,0.030,0.879,0.091
390500,0.030,0.876,0.094
391000,0.030,0.835,0.135
391500,0.030,0.870,0.100
392000,0.030,0.870,0.100
392500,0.030,0.858,0.112
393000,0.030,0.869,0.101
393500,0.030,0.891,0.079
394000,0.030,0.888,0.082
394500,0.030,0.870,0.100
395000,0.030,0.892,0.078
395500,0.030,0.893,0.077
396000,0.030,0.914,0.055
396500,0.030,0.869,0.101
397000,0.030,0.900,0.070
397500,0.030,0.917,0.053
398000,0.030,0.904,0.066
398500,0.030,0.891,0.079
399000,0.030,0.897,0.073
399500,0.030,0.864,0.106
400000,0.030,0.859,0.111
400500,0.030,0.874,0.096
401000,0.030,0.911,0.059
401500,0.030,0.904,0.066
402000,0.030,0.879,0.091
402500,0.030,0.867,0.103
403000,0.030,0.868,0.102
403500,0.030,0.884,0.086
404000,0.030,0.872,0.098
404500,0.030,0.885,0.085
405000,0.030,0.881,0.089
405500,0.030,0.864,0.106
406000,0.030,0.861,0.109
406500,0.030,0.895,0.075
407000,0.030,0.875,0.095
407500,0.030,0.898,0.072
408000,0.030,0.911,0.058
408500,0.030,0.881,0.089
409000,0.030,0.858,0.112
409500,0.030,0.881,0.089
410000,0.030,0.881,0.089
410500,0.030,0.861,0.109
411000,0.030,0.860,0.110
411500,0.030,0.886,0.084
412000,0.030,0.899,0.071
412500,0.030,0.887,0.083
413000,0.030,0.883,0.087
413500,0.030,0.867,0.103
414000,0.030,0.844,0.126
414500,0.030,0.850,0.120
415000,0.030,0.817,0.153
415500,0.030,0.834,0.136
416000,0.030,0.830,0.140
416500,0.030,0.833,0.137
417000,0.030,0.885,0.085
417500,0.030,0.899,0.071
418000,0.030,0.893,0.077
418500,0.030,0.847,0.123
419000,0.030,0.857,0.113
419500,0.030,0.856,0.114
420000,0.030,0.862,0.108
420500,0.030,0.867,0.103
421000,0.030,0.889,0.081
421500,0.030,0.866,0.104
422000,0.030,0.858,0.112
422500,0.030,0.870,0.100
423000,0.030,0.895,0.075
423500,0.030,0.901,0.069
424000,0.030,0.911,0.059
424500,0.030,0.914,0.056
425000,0.030,0.887,0.083
425500,0.030,0.914,0.056
426000,0.030,0.899,0.071
426500,0.030,0.884,0.086
427000,0.030,0.904,0.066
427500,0.030,0.896,0.074
428000,0.030,0.921,0.049
428500,0.030,0.876,0.094
429000,0.030,0.881,0.089
429500,0.030,0.871,0.099
430000,0.030,0.878,0.092
430500,0.030,0.888,0.082
431000,0.030,0.906,0.064
431500,0.030,0.887,0.083
432000,0.030,0.890,0.080
432500,0.030,0.911,0.059
433000,0.030,0.876,0.094
433500,0.030,0.908,0.061
434000,0.030,0.914,0.055
434500,0.030,0.927,0.043
435000,0.030,0.896,0.074
435500,0.030,0.895,0.075
436000,0.030,0.891,0.079
436500,0.030,0.892,0.078
437000,0.030,0.897,0.073
437500,0.030,0.854,0.116
438000,0.030,0.873,0.097
438500,0.030,0.861,0.109
439000,0.030,0.899,0.071
439500,0.030,0.884,0.086
440000,0.030,0.865,0.105
440500,0.030,0.890,0.080
441000,0.030,0.923,0.047
441500,0.030,0.887,0.083
442000,0.030,0.897,0.073
442500,0.030,0.861,0.109
443000,0.030,0.909,0.061
443500,0.030,0.927,0.042
444000,0.030,0.874,0.096
444500,0.030,0.889,0.081
445000,0.030,0.886,0.084
445500,0.030,0.876,0.094
446000,0.030,0.851,0.119
446500,0.030,0.854,0.116
447000,0.030,0.857,0.113
447500,0.030,0.855,0.115
448000,0.030,0.806,0.164
448500,0.030,0.839,0.131
449000,0.030,0.874,0.096
449500,0.030,0.887,0.083
450000,0.030,0.884,0.086
450500,0.030,0.878,0.092
451000,0.030,0.866,0.104
451500,0.030,0.910,0.060
452000,0.030,0.862,0.108
452500,0.030,0.887,0.083
453000,0.030,0.908,0.061
453500,0.030,0.907,0.063
454000,0.030,0.907,0.062
454500,0.030,0.858,0.112
455000,0.030,0.877,0.093
455500,0.030,0.892,0.078
456000,0.030,0.874,0.096
456500,0.030,0.889,0.081
457000,0.030,0.873,0.097
457500,0.030,0.875,0.095
458000,0.030,0.879,0.091
458500,0.030,0.872,0.098
459000,0.030,0.854,0.116
459500,0.030,0.881,0.089
460000,0.030,0.875,0.095
460500,0.030,0.879,0.091
461000,0.030,0.868,0.102
461500,0.030,0.877,0.093
462000,0.030,0.881,0.089
462500,0.030,0.877,0.093
463000,0.030,0.882,0.088
463500,0.030,0.861,0.109
464000,0.030,0.869,0.101
464500,0.030,0.868,0.102
465000,0.030,0.859,0.111
465500,0.030,0.894,0.076
466000,0.030,0.897,0.073
466500,0.030,0.867,0.103
467000,0.030,0.872,0.098
467500,0.030,0.871,0.099
468000,0.030,0.880,0.090
468500,0.030,0.868,0.102
469000,0.030,0.852,0.118
469500,0.030,0.854,0.116
470000,0.030,0.890,0.080
470500,0.030,0.915,0.055
471000,0.030,0.843,0.127
471500,0.030,0.894,0.076
472000,0.030,0.855,0.115
472500,0.030,0.842,0.128
473000,0.030,0.859,0.111
473500,0.030,0.873,0.097
474000,0.030,0.895,0.075
474500,0.030,0.909,0.061
475000,0.030,0.900,0.070
475500,0.030,0.894,0.076
476000,0.030,0.899,0.071
476500,0.030,0.925,0.045
477000,0.030,0.898,0.072
477500,0.030,0.853,0.117
478000,0.030,0.857,0.113
478500,0.030,0.887,0.083
479000,0.030,0.894,0.076
479500,0.030,0.898,0.072
480000,0.030,0.921,0.049
480500,0.030,0.849,0.121
481000,0.030,0.899,0.071
481500,0.030,0.901,0.069
482000,0.030,0.882,0.088
482500,0.030,0.905,0.065
483000,0.030,0.842,0.128
483500,0.030,0.868,0.102
484000,0.030,0.889,0.081
484500,0.030,0.877,0.093
485000,0.030,0.856,0.114
485500,0.030,0.886,0.084
486000,0.030,0.851,0.119
486500,0.030,0.896,0.074
487000,0.030,0.883,0.087
487500,0.030,0.919,0.050
488000,0.030,0.905,0.065
488500,0.030,0.912,0.057
489000,0.030,0.898,0.072
489500,0.030,0.890,0.080
490000,0.030,0.866,0.104
490500,0.030,0.881,0.089
491000,0.030,0.891,0.079
491500,0.030,0.854,0.116
492000,0.030,0.855,0.115
492500,0.030,0.872,0.098
493000,0.030,0.892,0.078
493500,0.030,0.887,0.083
494000,0.030,0.875,0.095
494500,0.030,0.907,0.062
495000,0.030,0.880,0.090
495500,0.030,0.913,0.056
496000,0.030,0.870,0.100
496500,0.030,0.870,0.100
497000,0.030,0.891,0.079
497500,0.030,0.892,0.078
498000,0.030,0.864,0.106
498500,0.030,0.907,0.062
499000,0.030,0.911,0.059
499500,0.030,0.895,0.075
500000,0.030,0.886,0.084
500500,0.030,0.930,0.040
501000,0.030,0.893,0.077
501500,0.030,0.876,0.094
502000,0.030,0.898,0.072
502500,0.030,0.881,0.089
503000,0.030,0.876,0.094
503500,0.030,0.862,0.108
504000,0.030,0.869,0.101
504500,0.030,0.835,0.135
505000,0.030,0.831,0.139
505500,0.030,0.880,0.090
506000,0.030,0.911,0.058
506500,0.030,0.898,0.072
507000,0.030,0.802,0.167
507500,0.030,0.845,0.125
508000,0.030,0.880,0.090
508500,0.030,0.885,0.085
509000,0.030,0.900,0.070
509500,0.030,0.883,0.087
510000,0.030,0.910,0.060
510500,0.030,0.893,0.077
511000,0.030,0.910,0.059
511500,0.030,0.916,0.053
512000,0.030,0.888,0.082
512500,0.030,0.875,0.095
513000,0.030,0.867,0.103
513500,0.030,0.869,0.101
514000,0.030,0.879,0.091
514500,0.030,0.915,0.055
515000,0.030,0.914,0.056
515500,0.030,0.889,0.081
516000,0.030,0.891,0.079
516500,0.030,0.913,0.056
517000,0.030,0.907,0.063
517500,0.030,0.883,0.087
518000,0.030,0.893,0.077
518500,0.030,0.889,0.081
519000,0.030,0.885,0.085
519500,0.030,0.843,0.127
520000,0.030,0.854,0.116
520500,0.030,0.871,0.099
521000,0.030,0.859,0.111
521500,0.030,0.879,0.091
522000,0.030,0.901,0.069
522500,0.030,0.893,0.077
523000,0.030,0.887,0.083
523500,0.030,0.883,0.087
524000,0.030,0.906,0.064
524500,0.030,0.920,0.050
525000,0.030,0.882,0.088
525500,0.030,0.881,0.089
526000,0.030,0.853,0.117
526500,0.030,0.886,0.084
527000,0.030,0.902,0.068
527500,0.030,0.874,0.096
528000,0.030,0.891,0.079
528500,0.030,0.875,0.095
529000,0.030,0.877,0.093
529500,0.030,0.890,0.080
530000,0.030,0.892,0.078
530500,0.030,0.908,0.061
531000,0.030,0.855,0.115
531500,0.030,0.869,0.101
532000,0.030,0.911,0.058
532500,0.030,0.899,0.071
533000,0.030,0.870,0.100
533500,0.030,0.874,0.096
534000,0.030,0.909,0.061
534500,0.030,0.884,0.086
535000,0.030,0.849,0.121
535500,0.030,0.855,0.115
536000,0.030,0.886,0.084
536500,0.030,0.830,0.140
537000,0.030,0.821,0.149
537500,0.030,0.869,0.101
538000,0.030,0.862,0.108
538500,0.030,0.881,0.089
539000,0.030,0.880,0.090
539500,0.030,0.874,0.096
540000,0.030,0.864,0.106
540500,0.030,0.858,0.112
541000,0.030,0.882,0.088
541500,0.030,0.924,0.046
542000,0.030,0.887,0.083
542500,0.030,0.839,0.131
543000,0.030,0.875,0.095
543500,0.030,0.858,0.112
544000,0.030,0.866,0.104
544500,0.030,0.882,0.088
545000,0.030,0.874,0.096
545500,0.030,0.879,0.091
546000,0.030,0.878,0.092
546500,0.030,0.880,0.090
547000,0.030,0.879,0.091
547500,0.030,0.897,0.073
548000,0.030,0.877,0.093
548500,0.030,0.886,0.084
549000,0.030,0.884,0.086
549500,0.030,0.852,0.118
550000,0.030,0.885,0.085
550500,0.030,0.893,0.077
551000,0.030,0.880,0.090
551500,0.030,0.871,0.099
552000,0.030,0.866,0.104
552500,0.030,0.903,0.067
553000,0.030,0.898,0.072
553500,0.030,0.875,0.095
554000,0.030,0.865,0.105
554500,0.030,0.848,0.122
555000,0.030,0.871,0.099
555500,0.030,0.884,0.086
556000,0.030,0.873,0.097
556500,0.030,0.856,0.114
557000,0.030,0.873,0.097
557500,0.030,0.876,0.094
558000,0.030,0.875,0.095
558500,0.030,0.893,0.077
559000,0.030,0.873,0.097
559500,0.030,0.872,0.098
560000,0.030,0.850,0.120
560500,0.030,0.840,0.130
561000,0.030,0.852,0.118
561500,0.030,0.882,0.088
562000,0.030,0.869,0.101
562500,0.030,0.865,0.105
563000,0.030,0.803,0.166
563500,0.030,0.823,0.147
564000,0.030,0.871,0.099
564500,0.030,0.856,0.114
565000,0.030,0.853,0.117
565500,0.030,0.878,0.092
566000,0.030,0.893,0.077
566500,0.030,0.900,0.070
567000,0.030,0.919,0.050
567500,0.030,0.919,0.050
568000,0.030,0.916,0.053
568500,0.030,0.934,0.036
569000,0.030,0.915,0.054
569500,0.030,0.893,0.077
570000,0.030,0.875,0.095
570500,0.030,0.845,0.125
571000,0.030,0.866,0.104
571500,0.030,0.885,0.085
572000,0.030,0.896,0.074
572500,0.030,0.881,0.089
573000,0.030,0.816,0.154
573500,0.030,0.851,0.119
574000,0.030,0.879,0.091
574500,0.030,0.884,0.086
575000,0.030,0.889,0.081
575500,0.030,0.905,0.065
576000,0.030,0.873,0.097
576500,0.030,0.887,0.083
577000,0.030,0.909,0.061
577500,0.030,0.920,0.049
578000,0.030,0.898,0.072
578500,0.030,0.900,0.070
579000,0.030,0.911,0.058
579500,0.030,0.913,0.056
580000,0.030,0.879,0.091
580500,0.030,0.892,0.078
581000,0.030,0.901,0.069
581500,0.030,0.882,0.088
582000,0.030,0.877,0.093
582500,0.030,0.858,0.112
583000,0.030,0.842,0.128
583500,0.030,0.878,0.092
584000,0.030,0.856,0.114
584500,0.030,0.892,0.078
585000,0.030,0.880,0.090
585500,0.030,0.892,0.078
586000,0.030,0.888,0.082
586500,0.030,0.904,0.066
587000,0.030,0.912,0.058
587500,0.030,0.885,0.085
588000,0.030,0.899,0.071
588500,0.030,0.900,0.070
589000,0.030,0.910,0.059
589500,0.030,0.872,0.098
590000,0.030,0.874,0.096
590500,0.030,0.884,0.086
591000,0.030,0.898,0.072
591500,0.030,0.896,0.074
592000,0.030,0.874,0.096
592500,0.030,0.883,0.087
593000,0.030,0.886,0.084
593500,0.030,0.897,0.073
594000,0.030,0.921,0.048
594500,0.030,0.913,0.056
595000,0.030,0.866,0.104
595500,0.030,0.871,0.099
596000,0.030,0.893,0.077
596500,0.030,0.914,0.056
597000,0.030,0.908,0.061
597500,0.030,0.896,0.074
598000,0.030,0.930,0.040
598500,0.030,0.885,0.085
599000,0.030,0.831,0.139
599500,0.030,0.858,0.112
600000,0.030,0.882,0.088
600500,0.030,0.881,0.089
601000,0.030,0.887,0.083
601500,0.030,0.877,0.093
602000,0.030,0.878,0.092
602500,0.030,0.891,0.079
603000,0.030,0.874,0.096
603500,0.030,0.907,0.062
604000,0.030,0.893,0.077
604500,0.030,0.857,0.113
605000,0.030,0.830,0.140
605500,0.030,0.884,0.086
606000,0.030,0.888,0.082
606500,0.030,0.888,0.082
607000,0.030,0.879,0.091
607500,0.030,0.866,0.104
608000,0.030,0.840,0.130
608500,0.030,0.867,0.103
609000,0.030,0.870,0.100
609500,0.030,0.887,0.083
610000,0.030,0.882,0.088
610500,0.030,0.901,0.069
611000,0.030,0.882,0.088
611500,0.030,0.878,0.092
612000,0.030,0.874,0.096
612500,0.030,0.879,0.091
613000,0.030,0.857,0.113
613500,0.030,0.880,0.090
614000,0.030,0.861,0.109
614500,0.030,0.873,0.097
615000,0.030,0.861,0.109
615500,0.030,0.896,0.074
616000,0.030,0.889,0.081
616500,0.030,0.880,0.090
617000,0.030,0.875,0.095
617500,0.030,0.866,0.104
618000,0.030,0.862,0.108
618500,0.030,0.859,0.111
619000,0.030,0.873,0.097
619500,0.030,0.888,0.082
620000,0.030,0.879,0.091
620500,0.030,0.878,0.092
621000,0.030,0.867,0.103
621500,0.030,0.870,0.100
622000,0.030,0.917,0.052
622500,0.030,0.878,0.092
623000,0.030,0.917,0.053
623500,0.030,0.919,0.050
624000,0.030,0.929,0.041
624500,0.030,0.925,0.045
625000,0.030,0.892,0.078
625500,0.030,0.866,0.104
626000,0.030,0.894,0.076
626500,0.030,0.898,0.072
627000,0.030,0.899,0.071
627500,0.030,0.867,0.103
628000,0.030,0.846,0.124
628500,0.030,0.886,0.084
629000,0.030,0.879,0.091
629500,0.030,0.864,0.106
630000,0.030,0.869,0.101
630500,0.030,0.856,0.114
631000,0.030,0.836,0.134
631500,0.030,0.881,0.089
632000,0.030,0.867,0.103
632500,0.030,0.872,0.098
633000,0.030,0.889,0.081
633500,0.030,0.873,0.097
634000,0.030,0.880,0.090
634500,0.030,0.887,0.083
635000,0.030,0.888,0.082
635500,0.030,0.898,0.072
636000,0.030,0.878,0.092
636500,0.030,0.906,0.064
637000,0.030,0.898,0.072
637500,0.030,0.901,0.069
638000,0.030,0.897,0.073
638500,0.030,0.878,0.092
639000,0.030,0.861,0.109
639500,0.030,0.835,0.135
640000,0.030,0.845,0.125
640500,0.030,0.841,0.129
641000,0.030,0.863,0.107
641500,0.030,0.861,0.109
642000,0.030,0.869,0.101
642500,0.030,0.873,0.097
643000,0.030,0.846,0.124
643500,0.030,0.861,0.109
644000,0.030,0.881,0.089
644500,0.030,0.877,0.093
645000,0.030,0.882,0.088
645500,0.030,0.876,0.094
646000,0.030,0.901,0.069
646500,0.030,0.840,0.130
647000,0.030,0.870,0.100
647500,0.030,0.863,0.107
648000,0.030,0.874,0.096
648500,0.030,0.894,0.076
649000,0.030,0.887,0.083
649500,0.030,0.900,0.070
650000,0.030,0.912,0.058
650500,0.030,0.900,0.070
651000,0.030,0.889,0.081
651500,0.030,0.904,0.066
652000,0.030,0.871,0.099
652500,0.030,0.887,0.083
653000,0.030,0.881,0.089
653500,0.030,0.881,0.089
654000,0.030,0.891,0.079
654500,0.030,0.879,0.091
655000,0.030,0.859,0.111
655500,0.030,0.870,0.100
656000,0.030,0.868,0.102
656500,0.030,0.865,0.105
657000,0.030,0.889,0.081
657500,0.030,0.878,0.092
658000,0.030,0.877,0.093
658500,0.030,0.883,0.087
659000,0.030,0.882,0.088
659500,0.030,0.875,0.095
660000,0.030,0.878,0.092
660500,0.030,0.875,0.095
661000,0.030,0.889,0.081
661500,0.030,0.889,0.081
662000,0.030,0.882,0.088
662500,0.030,0.875,0.095
663000,0.030,0.829,0.141
663500,0.030,0.854,0.116
664000,0.030,0.904,0.066
664500,0.030,0.850,0.120
665000,0.030,0.871,0.099
665500,0.030,0.854,0.116
666000,0.030,0.881,0.089
666500,0.030,0.876,0.094
667000,0.030,0.847,0.123
667500,0.030,0.870,0.100
668000,0.030,0.883,0.087
668500,0.030,0.889,0.081
669000,0.030,0.926,0.044
669500,0.030,0.866,0.104
670000,0.030,0.854,0.116
670500,0.030,0.882,0.088
671000,0.030,0.917,0.052
671500,0.030,0.887,0.083
672000,0.030,0.886,0.084
672500,0.030,0.875,0.095
673000,0.030,0.881,0.089
673500,0.030,0.913,0.057
674000,0.030,0.908,0.061
674500,0.030,0.906,0.064
675000,0.030,0.886,0.084
675500,0.030,0.896,0.074
676000,0.030,0.904,0.066
676500,0.030,0.882,0.088
677000,0.030,0.896,0.074
677500,0.030,0.869,0.101
678000,0.030,0.883,0.087
678500,0.030,0.852,0.118
679000,0.030,0.883,0.087
679500,0.030,0.910,0.060
680000,0.030,0.895,0.075
680500,0.030,0.849,0.121
681000,0.030,0.903,0.067
681500,0.030,0.881,0.089
682000,0.030,0.858,0.112
682500,0.030,0.884,0.086
683000,0.030,0.871,0.099
683500,0.030,0.845,0.125
684000,0.030,0.860,0.110
684500,0.030,0.862,0.108
685000,0.030,0.902,0.068
685500,0.030,0.905,0.065
686000,0.030,0.926,0.043
686500,0.030,0.887,0.083
687000,0.030,0.877,0.093
687500,0.030,0.884,0.086
688000,0.030,0.900,0.070
688500,0.030,0.903,0.067
689000,0.030,0.893,0.077
689500,0.030,0.895,0.075
690000,0.030,0.891,0.079
690500,0.030,0.885,0.085
691000,0.030,0.889,0.081
691500,0.030,0.895,0.075
692000,0.030,0.913,0.057
692500,0.030,0.883,0.087
693000,0.030,0.831,0.139
693500,0.030,0.895,0.075
694000,0.030,0.851,0.119
694500,0.030,0.877,0.093
695000,0.030,0.905,0.065
695500,0.030,0.902,0.068
696000,0.030,0.894,0.076
696500,0.030,0.866,0.104
697000,0.030,0.875,0.095
697500,0.030,0.857,0.113
698000,0.030,0.887,0.083
698500,0.030,0.888,0.082
699000,0.030,0.885,0.085
699500,0.030,0.886,0.084
700000,0.030,0.873,0.097
700500,0.030,0.830,0.140
701000,0.030,0.848,0.122
701500,0.030,0.887,0.083
702000,0.030,0.875,0.095
702500,0.030,0.868,0.102
703000,0.030,0.892,0.078
703500,0.030,0.902,0.068
704000,0.030,0.882,0.088
704500,0.030,0.885,0.085
705000,0.030,0.906,0.064
705500,0.030,0.878,0.092
706000,0.030,0.905,0.065
706500,0.030,0.901,0.069
707000,0.030,0.877,0.093
707500,0.030,0.880,0.090
708000,0.030,0.864,0.106
708500,0.030,0.862,0.108
709000,0.030,0.883,0.087
709500,0.030,0.873,0.097
710000,0.030,0.878,0.092
710500,0.030,0.858,0.112
711000,0.030,0.886,0.084
711500,0.030,0.850,0.120
712000,0.030,0.815,0.155
712500,0.030,0.821,0.149
713000,0.030,0.846,0.124
713500,0.030,0.813,0.157
714000,0.030,0.870,0.100
714500,0.030,0.873,0.097
715000,0.030,0.895,0.075
715500,0.030,0.914,0.056
716000,0.030,0.862,0.108
716500,0.030,0.885,0.085
717000,0.030,0.882,0.088
717500,0.030,0.847,0.123
718000,0.030,0.867,0.103
718500,0.030,0.901,0.069
719000,0.030,0.929,0.040
719500,0.030,0.913,0.056
720000,0.030,0.891,0.079
720500,0.030,0.879,0.091
721000,0.030,0.874,0.096
721500,0.030,0.897,0.073
722000,0.030,0.859,0.111
722500,0.030,0.873,0.097
723000,0.030,0.904,0.066
723500,0.030,0.898,0.072
724000,0.030,0.877,0.093
724500,0.030,0.839,0.131
725000,0.030,0.835,0.135
725500,0.030,0.845,0.125
726000,0.030,0.876,0.094
726500,0.030,0.882,0.088
727000,0.030,0.863,0.107
727500,0.030,0.899,0.071
728000,0.030,0.898,0.072
728500,0.030,0.874,0.096
729000,0.030,0.880,0.090
729500,0.030,0.910,0.060
730000,0.030,0.895,0.075
730500,0.030,0.916,0.053
731000,0.030,0.861,0.109
731500,0.030,0.908,0.062
732000,0.030,0.900,0.070
732500,0.030,0.884,0.086
733000,0.030,0.876,0.094
733500,0.030,0.866,0.104
734000,0.030,0.864,0.106
734500,0.030,0.854,0.116
735000,0.030,0.862,0.108
735500,0.030,0.855,0.115
736000,0.030,0.850,0.120
736500,0.030,0.842,0.128
737000,0.030,0.861,0.109
737500,0.030,0.876,0.094
738000,0.030,0.887,0.083
738500,0.030,0.869,0.101
739000,0.030,0.886,0.084
739500,0.030,0.866,0.104
740000,0.030,0.867,0.103
740500,0.030,0.888,0.082
741000,0.030,0.903,0.067
741500,0.030,0.859,0.111
742000,0.030,0.847,0.123
742500,0.030,0.854,0.116
743000,0.030,0.846,0.124
743500,0.030,0.853,0.117
744000,0.030,0.873,0.097
744500,0.030,0.906,0.064
745000,0.030,0.897,0.073
745500,0.030,0.888,0.082
746000,0.030,0.907,0.063
746500,0.030,0.886,0.084
747000,0.030,0.892,0.078
747500,0.030,0.879,0.091
748000,0.030,0.884,0.086
748500,0.030,0.895,0.075
749000,0.030,0.900,0.070
749500,0.030,0.869,0.101
750000,0.030,0.884,0.086
750500,0.030,0.914,0.056
751000,0.030,0.902,0.068
751500,0.030,0.886,0.084
752000,0.030,0.891,0.079
752500,0.030,0.896,0.074
753000,0.030,0.901,0.069
753500,0.030,0.851,0.119
754000,0.030,0.831,0.139
754500,0.030,0.879,0.091
755000,0.030,0.888,0.082
755500,0.030,0.887,0.083
756000,0.030,0.905,0.065
756500,0.030,0.874,0.096
757000,0.030,0.862,0.108
757500,0.030,0.887,0.083
758000,0.030,0.888,0.082
758500,0.030,0.860,0.110
759000,0.030,0.875,0.095
759500,0.030,0.872,0.098
760000,0.030,0.829,0.141
760500,0.030,0.873,0.097
761000,0.030,0.880,0.090
761500,0.030,0.879,0.091
762000,0.030,0.874,0.096
762500,0.030,0.892,0.078
763000,0.030,0.890,0.080
763500,0.030,0.895,0.075
764000,0.030,0.906,0.064
764500,0.030,0.878,0.092
765000,0.030,0.846,0.124
765500,0.030,0.864,0.106
766000,0.030,0.878,0.092
766500,0.030,0.877,0.093
767000,0.030,0.879,0.091
767500,0.030,0.881,0.089
768000,0.030,0.829,0.141
768500,0.030,0.885,0.085
769000,0.030,0.865,0.105
769500,0.030,0.852,0.118
770000,0.030,0.882,0.088
770500,0.030,0.878,0.092
771000,0.030,0.920,0.049
771500,0.030,0.909,0.061
772000,0.030,0.894,0.076
772500,0.030,0.913,0.056
773000,0.030,0.909,0.061
773500,0.030,0.882,0.088
774000,0.030,0.872,0.098
774500,0.030,0.875,0.095
775000,0.030,0.899,0.071
775500,0.030,0.889,0.081
776000,0.030,0.908,0.062
776500,0.030,0.908,0.062
777000,0.030,0.869,0.101
777500,0.030,0.911,0.058
778000,0.030,0.885,0.085
778500,0.030,0.910,0.060
779000,0.030,0.895,0.075
779500,0.030,0.883,0.087
780000,0.030,0.881,0.089
780500,0.030,0.809,0.161
781000,0.030,0.893,0.077
781500,0.030,0.873,0.097
782000,0.030,0.880,0.090
782500,0.030,0.907,0.062
783000,0.030,0.905,0.065
783500,0.030,0.880,0.090
784000,0.030,0.887,0.083
784500,0.030,0.887,0.083
785000,0.030,0.894,0.076
785500,0.030,0.869,0.101
786000,0.030,0.859,0.111
786500,0.030,0.849,0.121
787000,0.030,0.856,0.114
787500,0.030,0.860,0.110
788000,0.030,0.873,0.097
788500,0.030,0.866,0.104
789000,0.030,0.864,0.106
789500,0.030,0.881,0.089
790000,0.030,0.881,0.089
790500,0.030,0.886,0.084
791000,0.030,0.859,0.111
791500,0.030,0.914,0.055
792000,0.030,0.908,0.062
792500,0.030,0.905,0.065
793000,0.030,0.877,0.093
793500,0.030,0.908,0.061
794000,0.030,0.893,0.077
794500,0.030,0.890,0.080
795000,0.030,0.891,0.079
795500,0.030,0.879,0.091
796000,0.030,0.885,0.085
796500,0.030,0.865,0.105
797000,0.030,0.862,0.108
797500,0.030,0.882,0.088
798000,0.030,0.879,0.091
798500,0.030,0.892,0.078
799000,0.030,0.869,0.101
799500,0.030,0.877,0.093
800000,0.030,0.865,0.105
800500,0.030,0.876,0.094
801000,0.030,0.858,0.112
801500,0.030,0.862,0.108
802000,0.030,0.881,0.089
802500,0.030,0.884,0.086
803000,0.030,0.897,0.073
803500,0.030,0.882,0.088
804000,0.030,0.882,0.088
804500,0.030,0.881,0.089
805000,0.030,0.886,0.084
805500,0.030,0.870,0.100
806000,0.030,0.875,0.095
806500,0.030,0.895,0.075
807000,0.030,0.900,0.070
807500,0.030,0.909,0.060
808000,0.030,0.876,0.094
808500,0.030,0.855,0.115
809000,0.030,0.908,0.062
809500,0.030,0.846,0.124
810000,0.030,0.879,0.091
810500,0.030,0.912,0.057
811000,0.030,0.923,0.047
811500,0.030,0.915,0.055
812000,0.030,0.935,0.034
812500,0.030,0.885,0.085
813000,0.030,0.886,0.084
813500,0.030,0.870,0.100
814000,0.030,0.881,0.089
814500,0.030,0.879,0.091
815000,0.030,0.897,0.073
815500,0.030,0.889,0.081
816000,0.030,0.892,0.078
816500,0.030,0.870,0.100
817000,0.030,0.875,0.095
817500,0.030,0.856,0.114
818000,0.030,0.889,0.081
818500,0.030,0.862,0.108
819000,0.030,0.854,0.116
819500,0.030,0.872,0.098
820000,0.030,0.859,0.111
820500,0.030,0.821,0.149
821000,0.030,0.850,0.120
821500,0.030,0.875,0.095
822000,0.030,0.902,0.068
822500,0.030,0.895,0.075
823000,0.030,0.840,0.130
823500,0.030,0.871,0.099
824000,0.030,0.880,0.090
824500,0.030,0.870,0.100
825000,0.030,0.880,0.090
825500,0.030,0.928,0.041
826000,0.030,0.905,0.065
826500,0.030,0.913,0.056
827000,0.030,0.901,0.069
827500,0.030,0.920,0.050
828000,0.030,0.919,0.051
828500,0.030,0.904,0.066
829000,0.030,0.894,0.076
829500,0.030,0.897,0.073
830000,0.030,0.900,0.070
830500,0.030,0.888,0.082
831000,0.030,0.889,0.081
831500,0.030,0.893,0.077
832000,0.030,0.866,0.104
832500,0.030,0.892,0.078
833000,0.030,0.863,0.107
833500,0.030,0.861,0.109
834000,0.030,0.855,0.115
834500,0.030,0.861,0.109
835000,0.030,0.869,0.101
835500,0.030,0.869,0.101
836000,0.030,0.866,0.104
836500,0.030,0.873,0.097
837000,0.030,0.892,0.078
837500,0.030,0.866,0.104
838000,0.030,0.864,0.106
838500,0.030,0.853,0.117
839000,0.030,0.846,0.124
839500,0.030,0.898,0.072
840000,0.030,0.891,0.079
840500,0.030,0.865,0.105
841000,0.030,0.854,0.116
841500,0.030,0.868,0.102
842000,0.030,0.873,0.097
842500,0.030,0.895,0.075
843000,0.030,0.884,0.086
843500,0.030,0.901,0.069
844000,0.030,0.906,0.064
844500,0.030,0.912,0.057
845000,0.030,0.865,0.105
845500,0.030,0.890,0.080
846000,0.030,0.906,0.064
846500,0.030,0.913,0.056
847000,0.030,0.902,0.068
847500,0.030,0.896,0.074
848000,0.030,0.880,0.090
848500,0.030,0.878,0.092
849000,0.030,0.897,0.073
849500,0.030,0.853,0.117
850000,0.030,0.877,0.093
850500,0.030,0.901,0.069
851000,0.030,0.881,0.089
851500,0.030,0.889,0.081
852000,0.030,0.890,0.080
852500,0.030,0.866,0.104
853000,0.030,0.889,0.081
853500,0.030,0.884,0.086
854000,0.030,0.861,0.109
854500,0.030,0.854,0.116
855000,0.030,0.889,0.081
855500,0.030,0.893,0.077
856000,0.030,0.875,0.095
856500,0.030,0.886,0.084
857000,0.030,0.857,0.113
857500,0.030,0.912,0.058
858000,0.030,0.896,0.074
858500,0.030,0.906,0.064
859000,0.030,0.899,0.071
859500,0.030,0.891,0.079
860000,0.030,0.912,0.057
860500,0.030,0.906,0.064
861000,0.030,0.874,0.096
861500,0.030,0.840,0.130
862000,0.030,0.862,0.108
862500,0.030,0.885,0.085
863000,0.030,0.865,0.105
863500,0.030,0.860,0.110
864000,0.030,0.845,0.125
864500,0.030,0.879,0.091
865000,0.030,0.919,0.051
865500,0.030,0.919,0.051
866000,0.030,0.895,0.075
866500,0.030,0.901,0.069
867000,0.030,0.905,0.065
867500,0.030,0.870,0.100
868000,0.030,0.894,0.076
868500,0.030,0.905,0.065
869000,0.030,0.922,0.047
869500,0.030,0.914,0.056
870000,0.030,0.884,0.086
870500,0.030,0.883,0.087
871000,0.030,0.868,0.102
871500,0.030,0.880,0.090
872000,0.030,0.905,0.065
872500,0.030,0.905,0.065
873000,0.030,0.899,0.071
873500,0.030,0.903,0.067
874000,0.030,0.883,0.087
874500,0.030,0.878,0.092
875000,0.030,0.887,0.083
875500,0.030,0.911,0.058
876000,0.030,0.881,0.089
876500,0.030,0.877,0.093
877000,0.030,0.858,0.112
877500,0.030,0.886,0.084
878000,0.030,0.900,0.070
878500,0.030,0.895,0.075
879000,0.030,0.888,0.082
879500,0.030,0.873,0.097
880000,0.030,0.800,0.170
880500,0.030,0.860,0.110
881000,0.030,0.865,0.105
881500,0.030,0.872,0.098
882000,0.030,0.890,0.080
882500,0.030,0.893,0.077
883000,0.030,0.892,0.078
883500,0.030,0.882,0.088
884000,0.030,0.915,0.054
884500,0.030,0.868,0.102
885000,0.030,0.887,0.083
885500,0.030,0.894,0.076
886000,0.030,0.894,0.076
886500,0.030,0.909,0.060
887000,0.030,0.884,0.086
887500,0.030,0.882,0.088
888000,0.030,0.889,0.081
888500,0.030,0.872,0.098
889000,0.030,0.867,0.103
889500,0.030,0.896,0.074
890000,0.030,0.889,0.081
890500,0.030,0.854,0.116
891000,0.030,0.858,0.112
891500,0.030,0.881,0.089
892000,0.030,0.869,0.101
892500,0.030,0.877,0.093
893000,0.030,0.853,0.117
893500,0.030,0.842,0.128
894000,0.030,0.837,0.133
894500,0.030,0.863,0.107
895000,0.030,0.893,0.077
895500,0.030,0.895,0.075
896000,0.030,0.856,0.114
896500,0.030,0.855,0.115
897000,0.030,0.902,0.068
897500,0.030,0.899,0.071
898000,0.030,0.891,0.079
898500,0.030,0.889,0.081
899000,0.030,0.880,0.090
899500,0.030,0.872,0.098
900000,0.030,0.871,0.099
900500,0.030,0.884,0.086
901000,0.030,0.888,0.082
901500,0.030,0.875,0.095
902000,0.030,0.839,0.131
902500,0.030,0.862,0.108
903000,0.030,0.847,0.123
903500,0.030,0.860,0.110
904000,0.030,0.865,0.105
904500,0.030,0.845,0.125
905000,0.030,0.836,0.134
905500,0.030,0.840,0.130
906000,0.030,0.820,0.150
906500,0.030,0.838,0.132
907000,0.030,0.889,0.081
907500,0.030,0.845,0.125
908000,0.030,0.905,0.065
908500,0.030,0.925,0.045
909000,0.030,0.901,0.069
909500,0.030,0.896,0.074
910000,0.030,0.894,0.076
910500,0.030,0.876,0.094
911000,0.030,0.855,0.115
911500,0.030,0.890,0.080
912000,0.030,0.908,0.061
912500,0.030,0.906,0.064
913000,0.030,0.893,0.077
913500,0.030,0.877,0.093
914000,0.030,0.884,0.086
914500,0.030,0.874,0.096
915000,0.030,0.875,0.095
915500,0.030,0.872,0.098
916000,0.030,0.838,0.132
916500,0.030,0.843,0.127
917000,0.030,0.867,0.103
917500,0.030,0.857,0.113
918000,0.030,0.910,0.060
918500,0.030,0.901,0.069
919000,0.030,0.882,0.088
919500,0.030,0.846,0.124
920000,0.030,0.874,0.096
920500,0.030,0.906,0.064
921000,0.030,0.909,0.061
921500,0.030,0.843,0.127
922000,0.030,0.867,0.103
922500,0.030,0.894,0.076
923000,0.030,0.909,0.060
923500,0.030,0.888,0.082
924000,0.030,0.886,0.084
924500,0.030,0.909,0.060
925000,0.030,0.903,0.067
925500,0.030,0.935,0.035
926000,0.030,0.892,0.078
926500,0.030,0.846,0.124
927000,0.030,0.855,0.115
927500,0.030,0.875,0.095
928000,0.030,0.855,0.115
928500,0.030,0.891,0.079
929000,0.030,0.901,0.069
929500,0.030,0.890,0.080
930000,0.030,0.878,0.092
930500,0.030,0.867,0.103
931000,0.030,0.863,0.107
931500,0.030,0.858,0.112
932000,0.030,0.884,0.086
932500,0.030,0.871,0.099
933000,0.030,0.864,0.106
933500,0.030,0.886,0.084
934000,0.030,0.901,0.069
934500,0.030,0.894,0.076
935000,0.030,0.889,0.081
935500,0.030,0.897,0.073
936000,0.030,0.884,0.086
936500,0.030,0.895,0.075
937000,0.030,0.904,0.066
937500,0.030,0.898,0.072
938000,0.030,0.896,0.074
938500,0.030,0.914,0.055
939000,0.030,0.878,0.092
939500,0.030,0.880,0.090
940000,0.030,0.845,0.125
940500,0.030,0.854,0.116
941000,0.030,0.858,0.112
941500,0.030,0.870,0.100
942000,0.030,0.917,0.052
942500,0.030,0.897,0.073
943000,0.030,0.882,0.088
943500,0.030,0.871,0.099
944000,0.030,0.860,0.110
944500,0.030,0.908,0.062
945000,0.030,0.879,0.091
945500,0.030,0.901,0.069
946000,0.030,0.884,0.086
946500,0.030,0.875,0.095
947000,0.030,0.873,0.097
947500,0.030,0.856,0.114
948000,0.030,0.884,0.086
948500,0.030,0.880,0.090
949000,0.030,0.889,0.081
949500,0.030,0.883,0.087
950000,0.030,0.873,0.097
950500,0.030,0.880,0.090
951000,0.030,0.834,0.136
951500,0.030,0.850,0.120
952000,0.030,0.848,0.122
952500,0.030,0.832,0.138
953000,0.030,0.882,0.088
953500,0.030,0.906,0.064
954000,0.030,0.910,0.059
954500,0.030,0.903,0.067
955000,0.030,0.875,0.095
955500,0.030,0.907,0.063
956000,0.030,0.921,0.048
956500,0.030,0.919,0.051
957000,0.030,0.911,0.058
957500,0.030,0.878,0.092
958000,0.030,0.904,0.066
958500,0.030,0.892,0.078
959000,0.030,0.900,0.070
959500,0.030,0.894,0.076
960000,0.030,0.863,0.107
960500,0.030,0.879,0.091
961000,0.030,0.915,0.054
961500,0.030,0.885,0.085
962000,0.030,0.860,0.110
962500,0.030,0.882,0.088
963000,0.030,0.894,0.076
963500,0.030,0.895,0.075
964000,0.030,0.899,0.071
964500,0.030,0.892,0.078
965000,0.030,0.896,0.074
965500,0.030,0.888,0.082
966000,0.030,0.855,0.115
966500,0.030,0.885,0.085
967000,0.030,0.908,0.062
967500,0.030,0.920,0.050
968000,0.030,0.895,0.075
968500,0.030,0.912,0.057
969000,0.030,0.911,0.059
969500,0.030,0.870,0.100
970000,0.030,0.871,0.099
970500,0.030,0.876,0.094
971000,0.030,0.879,0.091
971500,0.030,0.878,0.092
972000,0.030,0.887,0.083
972500,0.030,0.875,0.095
973000,0.030,0.858,0.112
973500,0.030,0.877,0.093
974000,0.030,0.901,0.069
974500,0.030,0.903,0.067
975000,0.030,0.874,0.096
975500,0.030,0.904,0.066
976000,0.030,0.906,0.064
976500,0.030,0.887,0.083
977000,0.030,0.878,0.092
977500,0.030,0.902,0.068
978000,0.030,0.906,0.064
978500,0.030,0.864,0.106
979000,0.030,0.900,0.070
979500,0.030,0.910,0.059
980000,0.030,0.908,0.061
980500,0.030,0.876,0.094
981000,0.030,0.894,0.076
981500,0.030,0.902,0.068
982000,0.030,0.890,0.080
982500,0.030,0.881,0.089
983000,0.030,0.869,0.101
983500,0.030,0.880,0.090
984000,0.030,0.858,0.112
984500,0.030,0.883,0.087
985000,0.030,0.886,0.084
985500,0.030,0.873,0.097
986000,0.030,0.880,0.090
986500,0.030,0.860,0.110
987000,0.030,0.844,0.126
987500,0.030,0.846,0.124
988000,0.030,0.839,0.131
988500,0.030,0.869,0.101
989000,0.030,0.875,0.095
989500,0.030,0.868,0.102
990000,0.030,0.879,0.091
990500,0.030,0.870,0.100
991000,0.030,0.890,0.080
991500,0.030,0.907,0.063
992000,0.030,0.905,0.065
992500,0.030,0.884,0.086
993000,0.030,0.888,0.082
993500,0.030,0.873,0.097
994000,0.030,0.892,0.078
994500,0.030,0.892,0.078
995000,0.030,0.916,0.053
995500,0.030,0.919,0.051
996000,0.030,0.901,0.069
996500,0.030,0.898,0.072
997000,0.030,0.916,0.054
997500,0.030,0.946,0.024
998000,0.030,0.909,0.061
998500,0.030,0.895,0.075
999000,0.030,0.887,0.083
999500,0.030,0.911,0.058
1000000,0.030,0.919,0.051
