time,n_A+p,n_B,n_AB
500,0.030,0.610,0.360
1000,0.030,0.374,0.596
1500,0.030,0.356,0.614
2000,0.030,0.544,0.426
2500,0.030,0.273,0.697
3000,0.030,0.355,0.615
3500,0.030,0.438,0.532
4000,0.030,0.492,0.478
4500,0.030,0.417,0.553
5000,0.030,0.289,0.681
5500,0.030,0.259,0.711
6000,0.030,0.461,0.509
6500,0.030,0.220,0.750
7000,0.030,0.234,0.736
7500,0.030,0.360,0.610
8000,0.030,0.416,0.554
8500,0.030,0.576,0.394
9000,0.030,0.296,0.674
9500,0.030,0.223,0.747
10000,0.030,0.410,0.560
10500,0.030,0.511,0.459
11000,0.030,0.454,0.516
11500,0.030,0.462,0.508
12000,0.030,0.592,0.378
12500,0.030,0.337,0.633
13000,0.030,0.445,0.525
13500,0.030,0.534,0.436
14000,0.030,0.428,0.542
14500,0.030,0.312,0.658
15000,0.030,0.348,0.622
15500,0.030,0.508,0.462
16000,0.030,0.414,0.556
16500,0.030,0.408,0.562
17000,0.030,0.400,0.570
17500,0.030,0.340,0.630
18000,0.030,0.313,0.657
18500,0.030,0.252,0.718
19000,0.030,0.456,0.514
19500,0.030,0.650,0.320
20000,0.030,0.352,0.618
20500,0.030,0.545,0.425
21000,0.030,0.430,0.540
21500,0.030,0.421,0.549
22000,0.030,0.449,0.521
22500,0.030,0.278,0.692
23000,0.030,0.263,0.707
23500,0.030,0.406,0.564
24000,0.030,0.337,0.633
24500,0.030,0.538,0.432
25000,0.045,0.142,0.813
25500,0.967,0.000,0.033
26000,1.000,0.000,0.000
