time,n_A+p,n_B,n_AB
500,0.030,0.960,0.010
1000,0.030,0.943,0.027
1500,0.030,0.924,0.045
2000,0.030,0.910,0.060
2500,0.030,0.888,0.082
3000,0.030,0.872,0.098
3500,0.030,0.859,0.111
4000,0.030,0.833,0.137
4500,0.031,0.828,0.141
5000,0.030,0.806,0.163
5500,0.030,0.788,0.181
6000,0.033,0.765,0.202
6500,0.034,0.748,0.219
7000,0.034,0.722,0.244
7500,0.035,0.693,0.272
8000,0.041,0.665,0.294
8500,0.038,0.647,0.314
9000,0.037,0.635,0.328
9500,0.036,0.612,0.352
10000,0.042,0.592,0.366
10500,0.040,0.595,0.366
11000,0.041,0.584,0.376
11500,0.042,0.580,0.379
12000,0.041,0.555,0.404
12500,0.052,0.549,0.398
13000,0.054,0.533,0.412
13500,0.057,0.525,0.417
14000,0.056,0.505,0.439
14500,0.060,0.491,0.449
15000,0.059,0.484,0.457
15500,0.062,0.480,0.457
16000,0.070,0.477,0.453
16500,0.079,0.463,0.458
17000,0.085,0.449,0.466
17500,0.073,0.438,0.488
18000,0.079,0.446,0.476
18500,0.083,0.453,0.464
19000,0.076,0.446,0.478
19500,0.077,0.439,0.484
20000,0.080,0.441,0.480
20500,0.082,0.425,0.493
21000,0.086,0.415,0.498
21500,0.090,0.397,0.513
22000,0.090,0.389,0.520
22500,0.095,0.397,0.508
23000,0.100,0.387,0.513
23500,0.115,0.367,0.518
24000,0.131,0.365,0.504
24500,0.118,0.370,0.511
25000,0.118,0.366,0.516
25500,0.121,0.361,0.518
26000,0.117,0.344,0.540
26500,0.124,0.343,0.533
27000,0.115,0.334,0.552
27500,0.118,0.324,0.558
28000,0.123,0.333,0.544
28500,0.132,0.334,0.534
29000,0.132,0.334,0.535
29500,0.121,0.318,0.561
30000,0.115,0.323,0.562
30500,0.112,0.314,0.575
31000,0.119,0.326,0.554
31500,0.125,0.325,0.550
32000,0.133,0.323,0.544
32500,0.113,0.314,0.574
33000,0.118,0.319,0.563
33500,0.117,0.338,0.544
34000,0.120,0.345,0.535
34500,0.130,0.341,0.530
35000,0.134,0.329,0.537
35500,0.124,0.316,0.560
36000,0.131,0.309,0.560
36500,0.141,0.314,0.546
37000,0.148,0.299,0.552
37500,0.163,0.289,0.548
38000,0.168,0.288,0.544
38500,0.168,0.270,0.563
39000,0.167,0.244,0.589
39500,0.171,0.243,0.586
40000,0.175,0.239,0.586
40500,0.186,0.222,0.592
41000,0.185,0.212,0.602
41500,0.189,0.213,0.599
42000,0.195,0.209,0.596
42500,0.183,0.215,0.601
43000,0.181,0.221,0.598
43500,0.183,0.210,0.606
44000,0.188,0.220,0.593
44500,0.172,0.223,0.606
45000,0.184,0.225,0.591
45500,0.205,0.220,0.575
46000,0.201,0.228,0.571
46500,0.193,0.218,0.588
47000,0.200,0.215,0.585
47500,0.204,0.216,0.580
48000,0.204,0.214,0.582
48500,0.226,0.213,0.560
49000,0.224,0.220,0.556
49500,0.229,0.198,0.573
50000,0.236,0.196,0.568
50500,0.241,0.178,0.581
51000,0.242,0.179,0.579
51500,0.248,0.170,0.582
52000,0.262,0.159,0.580
52500,0.270,0.150,0.580
53000,0.284,0.141,0.575
53500,0.280,0.122,0.598
54000,0.276,0.127,0.598
54500,0.299,0.129,0.573
55000,0.311,0.124,0.564
55500,0.304,0.129,0.567
56000,0.314,0.126,0.560
56500,0.304,0.124,0.572
57000,0.313,0.119,0.568
57500,0.300,0.132,0.568
58000,0.301,0.124,0.574
58500,0.332,0.118,0.550
59000,0.357,0.108,0.535
59500,0.339,0.113,0.548
60000,0.343,0.113,0.544
60500,0.346,0.095,0.559
61000,0.361,0.096,0.543
61500,0.354,0.096,0.550
62000,0.349,0.097,0.554
62500,0.339,0.095,0.566
63000,0.343,0.099,0.558
63500,0.343,0.096,0.561
64000,0.351,0.103,0.545
64500,0.349,0.094,0.557
65000,0.346,0.091,0.562
65500,0.338,0.085,0.578
66000,0.338,0.087,0.574
66500,0.343,0.090,0.567
67000,0.339,0.087,0.574
67500,0.358,0.089,0.552
68000,0.381,0.096,0.523
68500,0.379,0.085,0.536
69000,0.373,0.077,0.549
69500,0.381,0.081,0.538
70000,0.372,0.083,0.545
70500,0.371,0.093,0.535
71000,0.363,0.085,0.552
71500,0.389,0.080,0.531
72000,0.407,0.079,0.514
72500,0.393,0.072,0.535
73000,0.394,0.067,0.539
73500,0.411,0.061,0.527
74000,0.422,0.054,0.524
74500,0.439,0.045,0.516
75000,0.454,0.051,0.495
75500,0.466,0.052,0.482
76000,0.487,0.041,0.471
76500,0.488,0.041,0.471
77000,0.497,0.032,0.472
77500,0.496,0.030,0.474
78000,0.496,0.040,0.464
78500,0.510,0.039,0.451
79000,0.510,0.036,0.453
79500,0.526,0.042,0.432
80000,0.539,0.044,0.417
80500,0.538,0.041,0.421
81000,0.531,0.034,0.435
81500,0.537,0.025,0.438
82000,0.537,0.023,0.440
82500,0.549,0.027,0.423
83000,0.545,0.024,0.430
83500,0.548,0.027,0.425
84000,0.562,0.033,0.405
84500,0.552,0.026,0.421
85000,0.547,0.025,0.428
85500,0.543,0.026,0.431
86000,0.542,0.024,0.433
86500,0.562,0.025,0.412
87000,0.577,0.031,0.392
87500,0.574,0.032,0.395
88000,0.578,0.025,0.397
88500,0.585,0.031,0.384
89000,0.583,0.029,0.388
89500,0.588,0.022,0.390
90000,0.592,0.021,0.388
90500,0.604,0.021,0.375
91000,0.613,0.015,0.372
91500,0.613,0.015,0.372
92000,0.607,0.021,0.373
92500,0.601,0.020,0.379
93000,0.623,0.017,0.361
93500,0.629,0.015,0.356
94000,0.657,0.018,0.325
94500,0.665,0.019,0.315
95000,0.664,0.011,0.325
95500,0.666,0.013,0.321
96000,0.668,0.013,0.319
96500,0.658,0.010,0.332
97000,0.663,0.011,0.326
97500,0.657,0.011,0.332
98000,0.642,0.014,0.344
98500,0.636,0.010,0.354
99000,0.643,0.009,0.348
99500,0.647,0.009,0.343
100000,0.649,0.014,0.337
100500,0.637,0.011,0.352
101000,0.641,0.013,0.346
101500,0.642,0.012,0.346
102000,0.648,0.013,0.339
102500,0.646,0.011,0.343
103000,0.628,0.008,0.364
103500,0.625,0.014,0.361
104000,0.624,0.012,0.364
104500,0.623,0.018,0.359
105000,0.608,0.016,0.376
105500,0.602,0.017,0.382
106000,0.604,0.018,0.378
106500,0.604,0.021,0.375
107000,0.619,0.020,0.361
107500,0.619,0.019,0.361
108000,0.619,0.018,0.362
108500,0.611,0.015,0.374
109000,0.605,0.019,0.376
109500,0.604,0.015,0.381
110000,0.619,0.014,0.367
110500,0.621,0.015,0.365
111000,0.615,0.012,0.373
111500,0.617,0.013,0.370
112000,0.607,0.013,0.380
112500,0.614,0.016,0.370
113000,0.604,0.019,0.377
113500,0.598,0.019,0.383
114000,0.594,0.021,0.386
114500,0.591,0.021,0.389
115000,0.585,0.019,0.396
115500,0.590,0.021,0.389
116000,0.592,0.021,0.388
116500,0.591,0.024,0.385
117000,0.590,0.018,0.392
117500,0.583,0.017,0.400
118000,0.583,0.024,0.394
118500,0.565,0.021,0.414
119000,0.564,0.029,0.408
119500,0.560,0.032,0.408
120000,0.561,0.029,0.410
120500,0.546,0.028,0.426
121000,0.546,0.033,0.420
121500,0.540,0.033,0.427
122000,0.549,0.032,0.419
122500,0.543,0.035,0.422
123000,0.548,0.029,0.423
123500,0.553,0.031,0.416
124000,0.563,0.034,0.404
124500,0.568,0.032,0.400
125000,0.563,0.024,0.414
125500,0.568,0.020,0.412
126000,0.568,0.024,0.408
126500,0.581,0.018,0.401
127000,0.592,0.018,0.390
127500,0.579,0.019,0.402
128000,0.583,0.024,0.394
128500,0.581,0.020,0.399
129000,0.569,0.025,0.406
129500,0.556,0.026,0.418
130000,0.535,0.028,0.437
130500,0.528,0.030,0.442
131000,0.509,0.028,0.463
131500,0.521,0.034,0.445
132000,0.514,0.033,0.454
132500,0.533,0.029,0.437
133000,0.535,0.027,0.438
133500,0.546,0.034,0.420
134000,0.542,0.032,0.426
134500,0.533,0.029,0.438
135000,0.525,0.036,0.439
135500,0.539,0.035,0.426
136000,0.533,0.034,0.433
136500,0.539,0.034,0.427
137000,0.546,0.035,0.419
137500,0.553,0.036,0.411
138000,0.570,0.039,0.392
138500,0.548,0.035,0.416
139000,0.544,0.038,0.418
139500,0.534,0.035,0.431
140000,0.524,0.031,0.445
140500,0.505,0.032,0.463
141000,0.497,0.032,0.471
141500,0.506,0.034,0.461
142000,0.510,0.036,0.454
142500,0.501,0.040,0.459
143000,0.505,0.048,0.447
143500,0.511,0.039,0.450
144000,0.515,0.034,0.451
144500,0.515,0.039,0.446
145000,0.502,0.033,0.466
145500,0.504,0.038,0.458
146000,0.484,0.050,0.467
146500,0.493,0.058,0.449
147000,0.487,0.051,0.461
147500,0.497,0.048,0.456
148000,0.502,0.044,0.453
148500,0.506,0.041,0.453
149000,0.514,0.043,0.443
149500,0.526,0.044,0.430
150000,0.526,0.042,0.432
150500,0.534,0.032,0.434
151000,0.518,0.028,0.454
151500,0.513,0.029,0.457
152000,0.518,0.032,0.451
152500,0.520,0.029,0.451
153000,0.523,0.026,0.451
153500,0.521,0.026,0.452
154000,0.532,0.033,0.435
154500,0.534,0.033,0.433
155000,0.521,0.025,0.454
155500,0.524,0.027,0.449
156000,0.534,0.028,0.438
156500,0.539,0.025,0.435
157000,0.549,0.025,0.426
157500,0.560,0.031,0.408
158000,0.564,0.029,0.407
158500,0.574,0.023,0.403
159000,0.593,0.027,0.380
159500,0.603,0.025,0.373
160000,0.596,0.019,0.385
160500,0.606,0.026,0.368
161000,0.609,0.021,0.371
161500,0.606,0.025,0.369
162000,0.607,0.021,0.372
162500,0.604,0.019,0.377
163000,0.605,0.024,0.371
163500,0.603,0.021,0.377
164000,0.597,0.018,0.385
164500,0.590,0.018,0.392
165000,0.591,0.011,0.398
165500,0.580,0.016,0.404
166000,0.577,0.016,0.407
166500,0.583,0.012,0.405
167000,0.584,0.018,0.398
167500,0.572,0.016,0.412
168000,0.586,0.015,0.399
168500,0.594,0.018,0.389
169000,0.594,0.019,0.387
169500,0.588,0.018,0.395
170000,0.600,0.013,0.388
170500,0.589,0.022,0.389
171000,0.597,0.029,0.374
171500,0.583,0.027,0.390
172000,0.580,0.029,0.391
172500,0.579,0.027,0.394
173000,0.590,0.028,0.383
173500,0.597,0.025,0.379
174000,0.583,0.024,0.393
174500,0.575,0.025,0.400
175000,0.582,0.025,0.393
175500,0.586,0.024,0.391
176000,0.590,0.021,0.389
176500,0.583,0.017,0.401
177000,0.583,0.025,0.392
177500,0.579,0.026,0.395
178000,0.580,0.030,0.390
178500,0.571,0.026,0.403
179000,0.584,0.024,0.392
179500,0.580,0.026,0.394
180000,0.590,0.021,0.389
180500,0.592,0.024,0.385
181000,0.598,0.018,0.384
181500,0.604,0.019,0.377
182000,0.614,0.012,0.374
182500,0.605,0.009,0.386
183000,0.611,0.011,0.378
183500,0.627,0.012,0.361
184000,0.623,0.013,0.365
184500,0.620,0.016,0.364
185000,0.612,0.019,0.369
185500,0.599,0.017,0.385
186000,0.609,0.012,0.379
186500,0.602,0.024,0.374
187000,0.581,0.021,0.398
187500,0.582,0.017,0.402
188000,0.582,0.018,0.400
188500,0.597,0.015,0.388
189000,0.599,0.015,0.386
189500,0.594,0.020,0.386
190000,0.614,0.022,0.363
190500,0.610,0.017,0.373
191000,0.614,0.019,0.366
191500,0.615,0.020,0.365
192000,0.613,0.019,0.368
192500,0.620,0.014,0.366
193000,0.629,0.012,0.359
193500,0.623,0.012,0.365
194000,0.627,0.013,0.359
194500,0.633,0.011,0.356
195000,0.632,0.009,0.359
195500,0.643,0.010,0.347
196000,0.630,0.011,0.359
196500,0.637,0.009,0.353
197000,0.627,0.013,0.360
197500,0.631,0.018,0.350
198000,0.612,0.021,0.366
198500,0.612,0.025,0.363
199000,0.610,0.021,0.369
199500,0.592,0.021,0.387
200000,0.584,0.013,0.403
200500,0.590,0.012,0.398
201000,0.602,0.018,0.380
201500,0.595,0.014,0.391
202000,0.600,0.018,0.382
202500,0.613,0.015,0.371
203000,0.602,0.011,0.387
203500,0.622,0.012,0.366
204000,0.625,0.015,0.359
204500,0.611,0.016,0.373
205000,0.594,0.017,0.390
205500,0.601,0.017,0.383
206000,0.607,0.015,0.378
206500,0.606,0.015,0.379
207000,0.605,0.016,0.379
207500,0.598,0.017,0.385
208000,0.597,0.015,0.389
208500,0.604,0.013,0.384
209000,0.610,0.007,0.383
209500,0.614,0.009,0.377
210000,0.622,0.013,0.365
210500,0.639,0.015,0.345
211000,0.623,0.012,0.365
211500,0.612,0.016,0.372
212000,0.609,0.020,0.371
212500,0.610,0.021,0.369
213000,0.612,0.018,0.371
213500,0.607,0.018,0.375
214000,0.613,0.015,0.372
214500,0.628,0.017,0.355
215000,0.618,0.011,0.370
215500,0.621,0.015,0.364
216000,0.603,0.022,0.374
216500,0.599,0.021,0.380
217000,0.600,0.019,0.381
217500,0.600,0.018,0.382
218000,0.619,0.022,0.359
218500,0.611,0.019,0.370
219000,0.604,0.012,0.384
219500,0.593,0.013,0.395
220000,0.577,0.018,0.405
220500,0.573,0.018,0.409
221000,0.575,0.024,0.401
221500,0.565,0.025,0.411
222000,0.566,0.028,0.407
222500,0.563,0.027,0.410
223000,0.566,0.030,0.404
223500,0.582,0.024,0.394
224000,0.574,0.028,0.399
224500,0.566,0.026,0.408
225000,0.572,0.024,0.405
225500,0.572,0.023,0.405
226000,0.566,0.024,0.410
226500,0.582,0.016,0.402
227000,0.573,0.015,0.412
227500,0.564,0.021,0.415
228000,0.541,0.022,0.436
228500,0.536,0.019,0.445
229000,0.537,0.019,0.443
229500,0.549,0.019,0.431
230000,0.551,0.019,0.429
230500,0.548,0.018,0.433
231000,0.574,0.025,0.401
231500,0.590,0.022,0.388
232000,0.596,0.025,0.379
232500,0.588,0.025,0.387
233000,0.581,0.022,0.397
233500,0.565,0.021,0.414
234000,0.566,0.025,0.410
234500,0.576,0.026,0.398
235000,0.596,0.017,0.388
235500,0.587,0.016,0.397
236000,0.594,0.023,0.383
236500,0.592,0.019,0.389
237000,0.599,0.021,0.381
237500,0.610,0.016,0.374
238000,0.615,0.018,0.366
238500,0.621,0.021,0.358
239000,0.625,0.018,0.357
239500,0.613,0.016,0.371
240000,0.614,0.018,0.368
240500,0.598,0.018,0.384
241000,0.593,0.018,0.389
241500,0.584,0.017,0.399
242000,0.597,0.024,0.380
242500,0.582,0.033,0.385
243000,0.577,0.024,0.399
243500,0.563,0.028,0.409
244000,0.562,0.026,0.411
244500,0.564,0.025,0.411
245000,0.565,0.028,0.408
245500,0.573,0.032,0.396
246000,0.562,0.025,0.412
246500,0.566,0.025,0.410
247000,0.577,0.018,0.405
247500,0.586,0.019,0.395
248000,0.579,0.024,0.398
248500,0.578,0.021,0.402
249000,0.588,0.024,0.388
249500,0.585,0.019,0.396
250000,0.579,0.023,0.398
250500,0.567,0.021,0.413
251000,0.576,0.021,0.403
251500,0.593,0.021,0.386
252000,0.611,0.021,0.369
252500,0.625,0.021,0.355
253000,0.640,0.016,0.344
253500,0.645,0.013,0.342
254000,0.636,0.013,0.351
254500,0.620,0.019,0.361
255000,0.625,0.019,0.356
255500,0.615,0.014,0.371
256000,0.614,0.011,0.375
256500,0.611,0.011,0.378
257000,0.611,0.011,0.378
257500,0.613,0.015,0.372
258000,0.617,0.022,0.361
258500,0.619,0.022,0.359
259000,0.623,0.019,0.358
259500,0.629,0.012,0.359
260000,0.630,0.007,0.362
260500,0.636,0.006,0.357
261000,0.624,0.005,0.371
261500,0.626,0.007,0.366
262000,0.623,0.009,0.368
262500,0.625,0.009,0.365
263000,0.626,0.011,0.363
263500,0.629,0.014,0.357
264000,0.641,0.015,0.344
264500,0.656,0.019,0.324
265000,0.666,0.019,0.315
265500,0.650,0.019,0.331
266000,0.658,0.016,0.326
266500,0.631,0.013,0.355
267000,0.634,0.015,0.350
267500,0.633,0.018,0.349
268000,0.632,0.018,0.350
268500,0.608,0.016,0.376
269000,0.589,0.018,0.393
269500,0.582,0.025,0.393
270000,0.569,0.019,0.412
270500,0.572,0.019,0.409
271000,0.580,0.018,0.402
271500,0.586,0.014,0.400
272000,0.606,0.014,0.380
272500,0.607,0.013,0.381
273000,0.604,0.013,0.384
273500,0.608,0.017,0.375
274000,0.605,0.021,0.374
274500,0.594,0.022,0.384
275000,0.584,0.022,0.394
275500,0.573,0.022,0.405
276000,0.582,0.025,0.393
276500,0.579,0.024,0.397
277000,0.571,0.021,0.408
277500,0.583,0.025,0.393
278000,0.570,0.025,0.405
278500,0.583,0.024,0.393
279000,0.582,0.020,0.398
279500,0.578,0.023,0.399
280000,0.577,0.019,0.404
280500,0.578,0.017,0.405
281000,0.582,0.018,0.400
281500,0.565,0.019,0.416
282000,0.571,0.022,0.407
282500,0.556,0.023,0.420
283000,0.560,0.018,0.422
283500,0.548,0.024,0.428
284000,0.561,0.019,0.419
284500,0.557,0.019,0.423
285000,0.570,0.025,0.405
285500,0.564,0.033,0.404
286000,0.575,0.029,0.396
286500,0.569,0.028,0.404
287000,0.560,0.025,0.414
287500,0.544,0.024,0.432
288000,0.539,0.028,0.433
288500,0.535,0.037,0.428
289000,0.541,0.032,0.427
289500,0.547,0.033,0.419
290000,0.547,0.029,0.423
290500,0.552,0.025,0.422
291000,0.565,0.019,0.416
291500,0.549,0.021,0.430
292000,0.551,0.020,0.429
292500,0.559,0.017,0.424
293000,0.560,0.025,0.414
293500,0.553,0.028,0.418
294000,0.541,0.025,0.433
294500,0.559,0.034,0.407
295000,0.555,0.025,0.419
295500,0.563,0.024,0.413
296000,0.582,0.024,0.394
296500,0.559,0.020,0.421
297000,0.554,0.025,0.421
297500,0.558,0.030,0.411
298000,0.560,0.026,0.414
298500,0.557,0.028,0.415
299000,0.545,0.025,0.429
299500,0.541,0.021,0.438
300000,0.552,0.021,0.426
300500,0.561,0.022,0.416
301000,0.570,0.022,0.408
301500,0.552,0.025,0.423
302000,0.548,0.029,0.423
302500,0.540,0.030,0.429
303000,0.532,0.030,0.437
303500,0.535,0.028,0.437
304000,0.528,0.022,0.450
304500,0.535,0.025,0.440
305000,0.536,0.025,0.439
305500,0.543,0.024,0.433
306000,0.543,0.026,0.430
306500,0.561,0.029,0.410
307000,0.562,0.024,0.414
307500,0.573,0.025,0.402
308000,0.579,0.027,0.394
308500,0.570,0.021,0.410
309000,0.562,0.021,0.417
309500,0.567,0.018,0.415
310000,0.577,0.019,0.404
310500,0.592,0.022,0.386
311000,0.592,0.020,0.388
311500,0.600,0.018,0.382
312000,0.598,0.023,0.379
312500,0.609,0.026,0.365
313000,0.602,0.024,0.375
313500,0.600,0.025,0.374
314000,0.594,0.024,0.382
314500,0.604,0.020,0.376
315000,0.609,0.021,0.370
315500,0.597,0.026,0.377
316000,0.584,0.018,0.398
316500,0.577,0.025,0.399
317000,0.585,0.022,0.393
317500,0.579,0.018,0.403
318000,0.585,0.015,0.400
318500,0.590,0.017,0.394
319000,0.600,0.015,0.386
319500,0.588,0.025,0.387
320000,0.564,0.021,0.415
320500,0.565,0.021,0.415
321000,0.560,0.019,0.420
321500,0.568,0.019,0.413
322000,0.573,0.015,0.412
322500,0.574,0.013,0.413
323000,0.582,0.019,0.399
323500,0.568,0.016,0.416
324000,0.569,0.021,0.410
324500,0.559,0.021,0.420
325000,0.553,0.024,0.423
325500,0.560,0.025,0.415
326000,0.579,0.028,0.393
326500,0.574,0.029,0.398
327000,0.573,0.022,0.405
327500,0.577,0.021,0.403
328000,0.574,0.025,0.402
328500,0.585,0.019,0.396
329000,0.572,0.018,0.410
329500,0.568,0.020,0.412
330000,0.555,0.022,0.423
330500,0.561,0.021,0.418
331000,0.571,0.022,0.407
331500,0.567,0.023,0.410
332000,0.558,0.025,0.416
332500,0.554,0.022,0.423
333000,0.547,0.022,0.430
333500,0.539,0.023,0.438
334000,0.540,0.028,0.432
334500,0.543,0.024,0.432
335000,0.554,0.029,0.416
335500,0.563,0.027,0.410
336000,0.565,0.026,0.409
336500,0.545,0.025,0.429
337000,0.550,0.019,0.430
337500,0.571,0.019,0.410
338000,0.581,0.021,0.398
338500,0.583,0.025,0.393
339000,0.573,0.021,0.406
339500,0.570,0.019,0.411
340000,0.578,0.018,0.404
340500,0.585,0.022,0.393
341000,0.588,0.022,0.390
341500,0.580,0.017,0.404
342000,0.589,0.017,0.395
342500,0.591,0.019,0.390
343000,0.599,0.018,0.383
343500,0.590,0.016,0.394
344000,0.595,0.016,0.389
344500,0.593,0.013,0.394
345000,0.598,0.016,0.386
345500,0.600,0.015,0.385
346000,0.605,0.016,0.379
346500,0.599,0.021,0.380
347000,0.614,0.026,0.360
347500,0.593,0.017,0.390
348000,0.592,0.017,0.391
348500,0.607,0.013,0.380
349000,0.604,0.017,0.379
349500,0.590,0.021,0.390
350000,0.574,0.021,0.405
350500,0.569,0.018,0.413
351000,0.579,0.017,0.405
351500,0.579,0.025,0.396
352000,0.587,0.021,0.392
352500,0.576,0.022,0.402
353000,0.574,0.025,0.401
353500,0.581,0.024,0.395
354000,0.579,0.022,0.399
354500,0.574,0.022,0.404
355000,0.593,0.019,0.388
355500,0.592,0.018,0.390
356000,0.590,0.018,0.393
356500,0.599,0.018,0.383
357000,0.616,0.020,0.364
357500,0.606,0.017,0.377
358000,0.604,0.015,0.382
358500,0.598,0.018,0.384
359000,0.596,0.015,0.389
359500,0.598,0.018,0.384
360000,0.603,0.017,0.380
360500,0.593,0.017,0.390
361000,0.594,0.017,0.389
361500,0.592,0.024,0.385
362000,0.592,0.018,0.391
362500,0.594,0.021,0.386
363000,0.596,0.015,0.389
363500,0.601,0.014,0.385
364000,0.605,0.013,0.383
364500,0.602,0.015,0.383
365000,0.617,0.021,0.362
365500,0.608,0.019,0.373
366000,0.607,0.022,0.371
366500,0.600,0.021,0.379
367000,0.592,0.018,0.390
367500,0.592,0.015,0.393
368000,0.585,0.015,0.400
368500,0.589,0.021,0.391
369000,0.591,0.024,0.386
369500,0.584,0.030,0.386
370000,0.562,0.025,0.412
370500,0.558,0.024,0.418
371000,0.554,0.025,0.421
371500,0.542,0.029,0.429
372000,0.541,0.028,0.431
372500,0.540,0.031,0.428
373000,0.534,0.030,0.435
373500,0.519,0.031,0.450
374000,0.520,0.034,0.447
374500,0.528,0.035,0.437
375000,0.512,0.033,0.455
375500,0.511,0.029,0.460
376000,0.515,0.028,0.457
376500,0.516,0.031,0.453
377000,0.523,0.033,0.445
377500,0.526,0.036,0.438
378000,0.530,0.032,0.438
378500,0.543,0.030,0.426
379000,0.536,0.029,0.434
379500,0.538,0.029,0.433
380000,0.545,0.032,0.423
380500,0.559,0.035,0.406
381000,0.570,0.026,0.404
381500,0.574,0.025,0.401
382000,0.569,0.021,0.411
382500,0.564,0.023,0.413
383000,0.559,0.017,0.424
383500,0.571,0.020,0.409
384000,0.580,0.018,0.402
384500,0.580,0.021,0.400
385000,0.583,0.023,0.394
385500,0.575,0.021,0.404
386000,0.565,0.020,0.415
386500,0.567,0.021,0.412
387000,0.573,0.021,0.406
387500,0.565,0.025,0.411
388000,0.557,0.021,0.422
388500,0.556,0.021,0.423
389000,0.568,0.017,0.416
389500,0.563,0.029,0.409
390000,0.563,0.023,0.414
390500,0.558,0.029,0.413
391000,0.567,0.028,0.406
391500,0.576,0.028,0.396
392000,0.575,0.025,0.400
392500,0.578,0.022,0.400
393000,0.593,0.022,0.385
393500,0.603,0.022,0.374
394000,0.604,0.025,0.371
394500,0.609,0.019,0.372
395000,0.620,0.021,0.359
395500,0.621,0.022,0.356
396000,0.614,0.018,0.368
396500,0.627,0.013,0.360
397000,0.656,0.011,0.333
397500,0.645,0.014,0.341
398000,0.637,0.011,0.352
398500,0.637,0.012,0.351
399000,0.625,0.019,0.356
399500,0.627,0.019,0.353
400000,0.638,0.018,0.343
400500,0.647,0.014,0.339
401000,0.648,0.014,0.338
401500,0.652,0.012,0.336
402000,0.638,0.015,0.347
402500,0.641,0.011,0.347
403000,0.635,0.013,0.351
403500,0.642,0.015,0.343
404000,0.653,0.015,0.331
404500,0.632,0.015,0.353
405000,0.619,0.013,0.368
405500,0.630,0.019,0.350
406000,0.636,0.015,0.349
406500,0.621,0.019,0.360
407000,0.611,0.019,0.370
407500,0.608,0.015,0.377
408000,0.611,0.013,0.376
408500,0.608,0.013,0.379
409000,0.610,0.018,0.373
409500,0.609,0.017,0.374
410000,0.616,0.018,0.367
410500,0.611,0.021,0.368
411000,0.613,0.019,0.367
411500,0.590,0.018,0.393
412000,0.603,0.014,0.383
412500,0.595,0.013,0.392
413000,0.593,0.018,0.390
413500,0.595,0.020,0.385
414000,0.602,0.024,0.374
414500,0.605,0.023,0.372
415000,0.602,0.021,0.378
415500,0.601,0.016,0.383
416000,0.592,0.019,0.389
416500,0.603,0.017,0.380
417000,0.592,0.015,0.393
417500,0.580,0.018,0.402
418000,0.589,0.018,0.393
418500,0.600,0.015,0.385
419000,0.598,0.015,0.387
419500,0.605,0.013,0.383
420000,0.594,0.013,0.394
420500,0.602,0.012,0.386
421000,0.607,0.012,0.381
421500,0.609,0.013,0.379
422000,0.626,0.014,0.360
422500,0.618,0.011,0.370
423000,0.628,0.011,0.361
423500,0.622,0.017,0.362
424000,0.620,0.015,0.365
424500,0.634,0.013,0.353
425000,0.635,0.014,0.351
425500,0.645,0.018,0.337
426000,0.629,0.015,0.356
426500,0.631,0.013,0.355
427000,0.622,0.018,0.361
427500,0.625,0.023,0.352
428000,0.624,0.018,0.358
428500,0.620,0.018,0.362
429000,0.614,0.018,0.368
429500,0.607,0.016,0.377
430000,0.605,0.018,0.378
430500,0.609,0.015,0.377
431000,0.600,0.015,0.386
431500,0.601,0.018,0.381
432000,0.616,0.020,0.364
432500,0.629,0.017,0.354
433000,0.643,0.012,0.345
433500,0.635,0.014,0.351
434000,0.648,0.013,0.339
434500,0.630,0.011,0.358
435000,0.627,0.012,0.361
435500,0.624,0.014,0.362
436000,0.614,0.015,0.370
436500,0.607,0.011,0.383
437000,0.604,0.011,0.385
437500,0.601,0.014,0.385
438000,0.592,0.017,0.391
438500,0.593,0.017,0.390
439000,0.608,0.017,0.375
439500,0.608,0.013,0.379
440000,0.617,0.013,0.370
440500,0.624,0.013,0.363
441000,0.617,0.009,0.374
441500,0.630,0.013,0.357
442000,0.619,0.014,0.367
442500,0.614,0.011,0.376
443000,0.619,0.009,0.373
443500,0.614,0.007,0.379
444000,0.621,0.005,0.374
444500,0.621,0.007,0.371
445000,0.635,0.008,0.357
445500,0.625,0.009,0.366
446000,0.638,0.013,0.349
446500,0.628,0.015,0.357
447000,0.626,0.011,0.363
447500,0.625,0.014,0.361
448000,0.633,0.019,0.348
448500,0.649,0.015,0.336
449000,0.651,0.011,0.337
449500,0.649,0.009,0.342
450000,0.657,0.011,0.332
450500,0.646,0.010,0.344
451000,0.644,0.017,0.339
451500,0.643,0.015,0.341
452000,0.649,0.015,0.335
452500,0.642,0.019,0.338
453000,0.640,0.015,0.344
453500,0.630,0.017,0.353
454000,0.629,0.015,0.356
454500,0.632,0.009,0.359
455000,0.621,0.014,0.365
455500,0.622,0.013,0.365
456000,0.633,0.013,0.354
456500,0.632,0.014,0.354
457000,0.647,0.013,0.340
457500,0.632,0.012,0.356
458000,0.616,0.015,0.368
458500,0.624,0.018,0.359
459000,0.625,0.015,0.360
459500,0.615,0.015,0.370
460000,0.608,0.015,0.377
460500,0.606,0.018,0.377
461000,0.621,0.021,0.359
461500,0.603,0.018,0.379
462000,0.600,0.018,0.383
462500,0.603,0.015,0.382
463000,0.595,0.017,0.388
463500,0.598,0.021,0.381
464000,0.580,0.017,0.404
464500,0.580,0.015,0.405
465000,0.585,0.018,0.397
465500,0.585,0.018,0.398
466000,0.560,0.021,0.418
466500,0.565,0.025,0.411
467000,0.580,0.019,0.401
467500,0.581,0.019,0.400
468000,0.581,0.021,0.399
468500,0.563,0.015,0.422
469000,0.564,0.021,0.416
469500,0.573,0.021,0.406
470000,0.582,0.021,0.397
470500,0.581,0.025,0.395
471000,0.597,0.027,0.376
471500,0.610,0.022,0.368
472000,0.606,0.025,0.368
472500,0.600,0.020,0.380
473000,0.608,0.018,0.375
473500,0.600,0.018,0.383
474000,0.612,0.017,0.371
474500,0.595,0.016,0.389
475000,0.589,0.013,0.398
475500,0.577,0.025,0.399
476000,0.580,0.021,0.399
476500,0.579,0.029,0.393
477000,0.566,0.026,0.408
477500,0.568,0.022,0.410
478000,0.578,0.025,0.398
478500,0.585,0.020,0.395
479000,0.601,0.015,0.384
479500,0.610,0.015,0.376
480000,0.609,0.015,0.377
480500,0.621,0.011,0.368
481000,0.617,0.014,0.369
481500,0.614,0.013,0.373
482000,0.627,0.013,0.360
482500,0.621,0.015,0.364
483000,0.612,0.017,0.372
483500,0.610,0.018,0.372
484000,0.620,0.014,0.366
484500,0.615,0.016,0.369
485000,0.627,0.012,0.361
485500,0.637,0.014,0.349
486000,0.638,0.014,0.348
486500,0.647,0.011,0.342
487000,0.632,0.015,0.352
487500,0.634,0.013,0.353
488000,0.647,0.012,0.341
488500,0.638,0.012,0.350
489000,0.634,0.013,0.353
489500,0.629,0.010,0.361
490000,0.630,0.013,0.357
490500,0.617,0.018,0.365
491000,0.607,0.015,0.378
491500,0.629,0.018,0.353
492000,0.633,0.015,0.352
492500,0.645,0.010,0.345
493000,0.651,0.010,0.339
493500,0.643,0.008,0.349
494000,0.638,0.008,0.354
494500,0.633,0.008,0.359
495000,0.640,0.009,0.350
495500,0.635,0.009,0.355
496000,0.645,0.009,0.346
496500,0.629,0.014,0.357
497000,0.635,0.013,0.351
497500,0.625,0.012,0.363
498000,0.623,0.014,0.363
498500,0.621,0.013,0.366
499000,0.627,0.013,0.360
499500,0.630,0.013,0.357
500000,0.631,0.010,0.359
500500,0.632,0.015,0.353
501000,0.635,0.013,0.352
501500,0.620,0.017,0.363
502000,0.616,0.018,0.366
502500,0.624,0.019,0.356
503000,0.608,0.021,0.371
503500,0.608,0.016,0.376
504000,0.615,0.013,0.373
504500,0.610,0.013,0.378
505000,0.627,0.011,0.361
505500,0.629,0.018,0.353
506000,0.633,0.018,0.349
506500,0.634,0.020,0.346
507000,0.623,0.021,0.356
507500,0.625,0.019,0.356
508000,0.619,0.019,0.362
508500,0.628,0.019,0.353
509000,0.623,0.015,0.362
509500,0.638,0.016,0.346
510000,0.635,0.012,0.353
510500,0.641,0.013,0.345
511000,0.627,0.013,0.359
511500,0.626,0.014,0.360
512000,0.625,0.014,0.361
512500,0.625,0.017,0.358
513000,0.625,0.013,0.362
513500,0.630,0.018,0.352
514000,0.625,0.021,0.354
514500,0.615,0.019,0.366
515000,0.619,0.015,0.365
515500,0.615,0.019,0.365
516000,0.614,0.018,0.367
516500,0.627,0.029,0.344
517000,0.616,0.021,0.363
517500,0.596,0.020,0.384
518000,0.596,0.015,0.389
518500,0.593,0.014,0.393
519000,0.591,0.022,0.387
519500,0.580,0.022,0.398
520000,0.592,0.019,0.389
520500,0.582,0.017,0.401
521000,0.597,0.021,0.383
521500,0.579,0.019,0.402
522000,0.595,0.021,0.385
522500,0.592,0.016,0.392
523000,0.597,0.010,0.393
523500,0.603,0.009,0.388
524000,0.608,0.011,0.381
524500,0.609,0.011,0.380
525000,0.603,0.011,0.387
525500,0.592,0.018,0.391
526000,0.576,0.021,0.403
526500,0.597,0.022,0.381
527000,0.596,0.023,0.381
527500,0.594,0.021,0.385
528000,0.599,0.020,0.381
528500,0.595,0.021,0.384
529000,0.588,0.018,0.395
529500,0.592,0.018,0.390
530000,0.585,0.020,0.395
530500,0.595,0.022,0.383
531000,0.600,0.022,0.378
531500,0.607,0.021,0.371
532000,0.606,0.019,0.374
532500,0.604,0.018,0.378
533000,0.602,0.024,0.375
533500,0.604,0.020,0.376
534000,0.589,0.021,0.390
534500,0.587,0.024,0.390
535000,0.595,0.019,0.386
535500,0.599,0.017,0.385
536000,0.598,0.013,0.389
536500,0.605,0.015,0.380
537000,0.588,0.013,0.399
537500,0.586,0.015,0.400
538000,0.584,0.011,0.405
538500,0.572,0.024,0.404
539000,0.575,0.024,0.402
539500,0.573,0.018,0.410
540000,0.593,0.013,0.394
540500,0.591,0.013,0.396
541000,0.606,0.014,0.380
541500,0.611,0.017,0.372
542000,0.613,0.013,0.374
542500,0.616,0.013,0.371
543000,0.618,0.011,0.372
543500,0.614,0.011,0.376
544000,0.611,0.014,0.375
544500,0.606,0.015,0.379
545000,0.611,0.022,0.367
545500,0.600,0.019,0.381
546000,0.595,0.022,0.383
546500,0.585,0.024,0.392
547000,0.584,0.024,0.392
547500,0.588,0.024,0.388
548000,0.592,0.024,0.385
548500,0.586,0.018,0.396
549000,0.576,0.022,0.402
549500,0.581,0.021,0.398
550000,0.572,0.025,0.403
550500,0.575,0.032,0.393
551000,0.585,0.036,0.379
551500,0.581,0.035,0.384
552000,0.586,0.030,0.384
552500,0.574,0.029,0.397
553000,0.584,0.032,0.385
553500,0.588,0.025,0.387
554000,0.570,0.023,0.407
554500,0.569,0.023,0.408
555000,0.574,0.021,0.406
555500,0.576,0.025,0.399
556000,0.569,0.025,0.407
556500,0.556,0.024,0.420
557000,0.574,0.018,0.409
557500,0.568,0.017,0.415
558000,0.569,0.019,0.412
558500,0.568,0.021,0.411
559000,0.550,0.024,0.426
559500,0.533,0.025,0.442
560000,0.534,0.023,0.443
560500,0.527,0.025,0.448
561000,0.532,0.028,0.440
561500,0.541,0.024,0.435
562000,0.545,0.018,0.436
562500,0.554,0.013,0.432
563000,0.541,0.015,0.444
563500,0.555,0.016,0.428
564000,0.558,0.015,0.427
564500,0.553,0.021,0.426
565000,0.541,0.027,0.432
565500,0.544,0.028,0.428
566000,0.562,0.029,0.409
566500,0.568,0.028,0.405
567000,0.562,0.026,0.411
567500,0.547,0.029,0.424
568000,0.564,0.026,0.410
568500,0.557,0.030,0.412
569000,0.548,0.026,0.425
569500,0.539,0.027,0.433
570000,0.545,0.031,0.423
570500,0.530,0.028,0.442
571000,0.519,0.035,0.445
571500,0.538,0.030,0.432
572000,0.523,0.026,0.450
572500,0.528,0.032,0.440
573000,0.527,0.035,0.438
573500,0.524,0.040,0.436
574000,0.527,0.038,0.435
574500,0.517,0.038,0.444
575000,0.529,0.037,0.433
575500,0.530,0.032,0.438
576000,0.516,0.030,0.454
576500,0.519,0.034,0.447
577000,0.537,0.034,0.429
577500,0.537,0.032,0.431
578000,0.537,0.029,0.433
578500,0.537,0.029,0.434
579000,0.533,0.027,0.440
579500,0.546,0.027,0.426
580000,0.566,0.031,0.403
580500,0.572,0.024,0.404
581000,0.581,0.029,0.390
581500,0.571,0.029,0.400
582000,0.549,0.022,0.429
582500,0.542,0.029,0.429
583000,0.550,0.025,0.424
583500,0.545,0.019,0.435
584000,0.537,0.029,0.434
584500,0.537,0.028,0.435
585000,0.540,0.029,0.431
585500,0.531,0.030,0.438
586000,0.537,0.028,0.434
586500,0.559,0.026,0.414
587000,0.548,0.032,0.420
587500,0.542,0.029,0.428
588000,0.533,0.034,0.433
588500,0.537,0.030,0.432
589000,0.550,0.030,0.420
589500,0.564,0.026,0.410
590000,0.576,0.027,0.397
590500,0.573,0.027,0.400
591000,0.559,0.025,0.415
591500,0.579,0.028,0.393
592000,0.558,0.024,0.418
592500,0.548,0.025,0.427
593000,0.557,0.025,0.418
593500,0.569,0.022,0.409
594000,0.569,0.028,0.403
594500,0.582,0.025,0.393
595000,0.566,0.022,0.412
595500,0.571,0.021,0.408
596000,0.578,0.025,0.397
596500,0.558,0.027,0.415
597000,0.549,0.023,0.427
597500,0.537,0.022,0.440
598000,0.538,0.029,0.432
598500,0.532,0.029,0.439
599000,0.524,0.030,0.446
599500,0.538,0.032,0.430
600000,0.540,0.035,0.424
600500,0.535,0.032,0.433
601000,0.543,0.036,0.421
601500,0.541,0.026,0.432
602000,0.549,0.031,0.419
602500,0.552,0.029,0.419
603000,0.560,0.028,0.412
603500,0.560,0.025,0.414
604000,0.557,0.025,0.418
604500,0.570,0.021,0.409
605000,0.556,0.020,0.423
605500,0.577,0.019,0.404
606000,0.576,0.018,0.406
606500,0.569,0.018,0.413
607000,0.564,0.021,0.416
607500,0.564,0.018,0.418
608000,0.559,0.017,0.424
608500,0.572,0.018,0.410
609000,0.568,0.015,0.417
609500,0.573,0.020,0.407
610000,0.585,0.018,0.397
610500,0.591,0.020,0.389
611000,0.589,0.019,0.392
611500,0.595,0.025,0.381
612000,0.599,0.021,0.381
612500,0.598,0.019,0.383
613000,0.587,0.025,0.389
613500,0.599,0.020,0.381
614000,0.592,0.017,0.391
614500,0.591,0.021,0.388
615000,0.593,0.019,0.388
615500,0.597,0.019,0.384
616000,0.595,0.020,0.385
616500,0.595,0.019,0.386
617000,0.608,0.014,0.378
617500,0.600,0.015,0.385
618000,0.604,0.009,0.387
618500,0.612,0.014,0.374
619000,0.602,0.015,0.383
619500,0.613,0.015,0.372
620000,0.615,0.021,0.364
620500,0.605,0.017,0.379
621000,0.589,0.019,0.392
621500,0.597,0.021,0.382
622000,0.586,0.018,0.396
622500,0.578,0.021,0.401
623000,0.575,0.024,0.401
623500,0.581,0.031,0.388
624000,0.576,0.029,0.396
624500,0.584,0.029,0.387
625000,0.587,0.030,0.383
625500,0.583,0.032,0.385
626000,0.578,0.026,0.396
626500,0.581,0.022,0.397
627000,0.568,0.021,0.411
627500,0.573,0.021,0.406
628000,0.581,0.015,0.404
628500,0.575,0.015,0.410
629000,0.556,0.018,0.425
629500,0.567,0.021,0.412
630000,0.555,0.018,0.427
630500,0.534,0.019,0.447
631000,0.556,0.019,0.425
631500,0.565,0.016,0.419
632000,0.572,0.019,0.409
632500,0.583,0.014,0.403
633000,0.595,0.013,0.393
633500,0.587,0.018,0.395
634000,0.605,0.022,0.372
634500,0.621,0.019,0.360
635000,0.600,0.015,0.385
635500,0.598,0.022,0.380
636000,0.606,0.021,0.373
636500,0.625,0.021,0.354
637000,0.611,0.022,0.367
637500,0.617,0.021,0.362
638000,0.627,0.016,0.357
638500,0.623,0.011,0.365
639000,0.629,0.011,0.359
639500,0.626,0.015,0.359
640000,0.614,0.016,0.370
640500,0.633,0.017,0.350
641000,0.635,0.018,0.347
641500,0.625,0.018,0.357
642000,0.631,0.016,0.353
642500,0.630,0.016,0.354
643000,0.644,0.015,0.341
643500,0.652,0.011,0.336
644000,0.657,0.014,0.329
644500,0.649,0.012,0.339
645000,0.650,0.004,0.345
645500,0.660,0.004,0.336
646000,0.654,0.008,0.338
646500,0.637,0.009,0.353
647000,0.640,0.009,0.350
647500,0.633,0.009,0.358
648000,0.645,0.014,0.341
648500,0.648,0.013,0.339
649000,0.649,0.010,0.341
649500,0.643,0.015,0.342
650000,0.628,0.011,0.361
650500,0.626,0.009,0.364
651000,0.636,0.009,0.354
651500,0.647,0.012,0.341
652000,0.624,0.006,0.370
652500,0.611,0.006,0.383
653000,0.612,0.011,0.377
653500,0.612,0.010,0.378
654000,0.594,0.011,0.395
654500,0.575,0.009,0.416
655000,0.578,0.018,0.404
655500,0.581,0.019,0.400
656000,0.572,0.025,0.403
656500,0.567,0.021,0.412
657000,0.559,0.025,0.415
657500,0.549,0.021,0.430
658000,0.545,0.018,0.436
658500,0.562,0.021,0.417
659000,0.567,0.024,0.409
659500,0.570,0.018,0.412
660000,0.571,0.021,0.408
660500,0.565,0.026,0.409
661000,0.565,0.022,0.413
661500,0.549,0.024,0.426
662000,0.552,0.019,0.429
662500,0.540,0.022,0.438
663000,0.550,0.022,0.428
663500,0.551,0.021,0.427
664000,0.530,0.027,0.443
664500,0.522,0.028,0.450
665000,0.536,0.024,0.440
665500,0.546,0.029,0.425
666000,0.535,0.028,0.437
666500,0.532,0.032,0.436
667000,0.525,0.034,0.441
667500,0.525,0.034,0.441
668000,0.524,0.038,0.438
668500,0.525,0.037,0.438
669000,0.509,0.037,0.454
669500,0.510,0.033,0.457
670000,0.514,0.034,0.453
670500,0.515,0.036,0.449
671000,0.511,0.035,0.454
671500,0.526,0.034,0.440
672000,0.525,0.033,0.442
672500,0.531,0.025,0.443
673000,0.538,0.031,0.431
673500,0.541,0.025,0.434
674000,0.558,0.026,0.415
674500,0.570,0.033,0.398
675000,0.562,0.026,0.412
675500,0.555,0.031,0.413
676000,0.553,0.032,0.415
676500,0.548,0.031,0.421
677000,0.546,0.030,0.423
677500,0.545,0.031,0.424
678000,0.537,0.025,0.438
678500,0.551,0.025,0.423
679000,0.545,0.026,0.428
679500,0.542,0.026,0.431
680000,0.551,0.023,0.425
680500,0.553,0.019,0.427
681000,0.561,0.024,0.415
681500,0.572,0.019,0.409
682000,0.577,0.016,0.407
682500,0.573,0.018,0.409
683000,0.575,0.021,0.404
683500,0.564,0.020,0.416
684000,0.574,0.018,0.408
684500,0.566,0.021,0.414
685000,0.554,0.022,0.424
685500,0.541,0.024,0.434
686000,0.538,0.028,0.434
686500,0.535,0.021,0.444
687000,0.551,0.018,0.430
687500,0.556,0.023,0.421
688000,0.548,0.021,0.430
688500,0.544,0.022,0.433
689000,0.538,0.023,0.439
689500,0.551,0.029,0.420
690000,0.545,0.025,0.429
690500,0.546,0.024,0.429
691000,0.546,0.025,0.429
691500,0.548,0.024,0.427
692000,0.547,0.020,0.432
692500,0.542,0.022,0.435
693000,0.534,0.025,0.441
693500,0.526,0.026,0.447
694000,0.532,0.031,0.437
694500,0.529,0.031,0.440
695000,0.534,0.035,0.431
695500,0.545,0.032,0.423
696000,0.521,0.035,0.444
696500,0.516,0.029,0.454
697000,0.508,0.027,0.465
697500,0.498,0.030,0.471
698000,0.492,0.031,0.477
698500,0.499,0.029,0.472
699000,0.514,0.026,0.460
699500,0.518,0.030,0.452
700000,0.517,0.029,0.453
700500,0.527,0.028,0.445
701000,0.532,0.031,0.437
701500,0.538,0.033,0.429
702000,0.538,0.026,0.435
702500,0.553,0.025,0.421
703000,0.554,0.026,0.419
703500,0.546,0.027,0.426
704000,0.563,0.028,0.409
704500,0.566,0.019,0.415
705000,0.575,0.022,0.403
705500,0.582,0.021,0.397
706000,0.576,0.018,0.406
706500,0.578,0.017,0.405
707000,0.590,0.019,0.391
707500,0.585,0.029,0.386
708000,0.572,0.028,0.400
708500,0.582,0.031,0.387
709000,0.572,0.025,0.404
709500,0.590,0.017,0.394
710000,0.607,0.018,0.376
710500,0.591,0.019,0.390
711000,0.586,0.022,0.392
711500,0.582,0.017,0.402
712000,0.590,0.015,0.396
712500,0.594,0.021,0.386
713000,0.597,0.025,0.378
713500,0.613,0.021,0.366
714000,0.610,0.021,0.369
714500,0.614,0.020,0.366
715000,0.602,0.021,0.377
715500,0.597,0.018,0.385
716000,0.592,0.021,0.387
716500,0.592,0.025,0.384
717000,0.588,0.025,0.387
717500,0.588,0.023,0.389
718000,0.591,0.019,0.390
718500,0.594,0.019,0.387
719000,0.596,0.025,0.379
719500,0.597,0.021,0.382
720000,0.591,0.016,0.393
720500,0.607,0.018,0.375
721000,0.603,0.021,0.376
721500,0.599,0.017,0.384
722000,0.598,0.016,0.386
722500,0.578,0.017,0.406
723000,0.572,0.019,0.409
723500,0.570,0.017,0.414
724000,0.574,0.015,0.411
724500,0.567,0.023,0.410
725000,0.567,0.024,0.409
725500,0.563,0.016,0.421
726000,0.577,0.017,0.406
726500,0.570,0.018,0.412
727000,0.567,0.019,0.414
727500,0.565,0.020,0.415
728000,0.553,0.018,0.429
728500,0.553,0.021,0.426
729000,0.543,0.027,0.429
729500,0.534,0.033,0.433
730000,0.500,0.036,0.464
730500,0.504,0.038,0.457
731000,0.506,0.036,0.457
731500,0.492,0.040,0.469
732000,0.487,0.035,0.477
732500,0.497,0.024,0.478
733000,0.525,0.032,0.443
733500,0.553,0.028,0.419
734000,0.551,0.032,0.417
734500,0.562,0.024,0.414
735000,0.567,0.018,0.415
735500,0.561,0.018,0.421
736000,0.561,0.017,0.422
736500,0.551,0.013,0.435
737000,0.553,0.022,0.424
737500,0.542,0.022,0.435
738000,0.539,0.029,0.432
738500,0.540,0.030,0.429
739000,0.544,0.039,0.417
739500,0.522,0.035,0.443
740000,0.545,0.028,0.427
740500,0.530,0.026,0.443
741000,0.536,0.025,0.439
741500,0.532,0.033,0.434
742000,0.547,0.030,0.422
742500,0.545,0.029,0.426
743000,0.539,0.029,0.432
743500,0.545,0.033,0.421
744000,0.535,0.035,0.430
744500,0.536,0.035,0.428
745000,0.532,0.042,0.426
745500,0.525,0.041,0.434
746000,0.511,0.035,0.454
746500,0.521,0.037,0.442
747000,0.539,0.036,0.425
747500,0.534,0.035,0.431
748000,0.534,0.026,0.439
748500,0.545,0.029,0.426
749000,0.557,0.025,0.418
749500,0.557,0.019,0.424
750000,0.557,0.019,0.424
750500,0.549,0.021,0.429
751000,0.548,0.024,0.428
751500,0.529,0.021,0.450
752000,0.519,0.022,0.458
752500,0.528,0.022,0.449
753000,0.540,0.029,0.430
753500,0.540,0.024,0.435
754000,0.545,0.023,0.432
754500,0.546,0.029,0.424
755000,0.555,0.028,0.417
755500,0.546,0.025,0.428
756000,0.546,0.033,0.420
756500,0.553,0.025,0.421
757000,0.561,0.021,0.418
757500,0.568,0.016,0.416
758000,0.574,0.015,0.412
758500,0.575,0.016,0.409
759000,0.581,0.018,0.401
759500,0.582,0.020,0.398
760000,0.579,0.020,0.401
760500,0.597,0.013,0.390
761000,0.607,0.017,0.377
761500,0.607,0.015,0.378
762000,0.592,0.015,0.393
762500,0.583,0.011,0.406
763000,0.583,0.013,0.405
763500,0.595,0.016,0.389
764000,0.595,0.024,0.381
764500,0.588,0.021,0.391
765000,0.587,0.020,0.393
765500,0.583,0.022,0.395
766000,0.572,0.027,0.401
766500,0.571,0.024,0.405
767000,0.586,0.025,0.389
767500,0.587,0.025,0.389
768000,0.588,0.028,0.384
768500,0.597,0.022,0.381
769000,0.580,0.022,0.398
769500,0.585,0.022,0.393
770000,0.588,0.021,0.391
770500,0.584,0.019,0.397
771000,0.576,0.015,0.410
771500,0.581,0.022,0.397
772000,0.586,0.025,0.390
772500,0.583,0.024,0.394
773000,0.585,0.025,0.390
773500,0.574,0.025,0.401
774000,0.579,0.028,0.394
774500,0.575,0.034,0.392
775000,0.571,0.026,0.403
775500,0.578,0.029,0.394
776000,0.559,0.021,0.419
776500,0.592,0.022,0.386
777000,0.589,0.013,0.398
777500,0.587,0.019,0.394
778000,0.582,0.021,0.397
778500,0.577,0.017,0.406
779000,0.586,0.018,0.396
779500,0.596,0.019,0.385
780000,0.585,0.017,0.398
780500,0.563,0.019,0.418
781000,0.574,0.019,0.407
781500,0.574,0.020,0.406
782000,0.574,0.019,0.407
782500,0.585,0.021,0.395
783000,0.596,0.018,0.386
783500,0.592,0.021,0.387
784000,0.594,0.015,0.391
784500,0.615,0.026,0.359
785000,0.616,0.022,0.362
785500,0.617,0.019,0.363
786000,0.593,0.012,0.395
786500,0.602,0.013,0.386
787000,0.597,0.013,0.390
787500,0.590,0.016,0.394
788000,0.592,0.021,0.387
788500,0.585,0.025,0.391
789000,0.595,0.026,0.379
789500,0.602,0.019,0.379
790000,0.605,0.015,0.380
790500,0.579,0.016,0.405
791000,0.577,0.015,0.408
791500,0.572,0.018,0.410
792000,0.580,0.023,0.397
792500,0.566,0.024,0.410
793000,0.573,0.022,0.405
793500,0.578,0.024,0.398
794000,0.577,0.021,0.403
794500,0.583,0.021,0.397
795000,0.579,0.023,0.398
795500,0.568,0.027,0.405
796000,0.552,0.025,0.423
796500,0.574,0.021,0.405
797000,0.569,0.023,0.408
797500,0.567,0.026,0.407
798000,0.538,0.022,0.440
798500,0.544,0.019,0.436
799000,0.564,0.022,0.414
799500,0.570,0.025,0.405
800000,0.570,0.025,0.405
800500,0.542,0.025,0.433
801000,0.549,0.022,0.428
801500,0.552,0.019,0.428
802000,0.564,0.021,0.415
802500,0.582,0.017,0.402
803000,0.608,0.022,0.369
803500,0.625,0.019,0.356
