time,n_A+p,n_B,n_AB
500,0.050,0.415,0.535
1000,0.077,0.125,0.798
1500,0.184,0.032,0.784
2000,0.262,0.014,0.724
2500,0.461,0.001,0.538
3000,0.462,0.000,0.538
3500,0.343,0.000,0.657
4000,0.496,0.000,0.504
4500,0.479,0.000,0.521
5000,0.435,0.000,0.565
5500,0.378,0.000,0.622
6000,0.432,0.000,0.568
6500,0.503,0.000,0.497
7000,0.413,0.000,0.587
7500,0.475,0.000,0.525
8000,0.374,0.000,0.626
8500,0.310,0.014,0.676
9000,0.424,0.000,0.576
9500,0.419,0.000,0.581
10000,0.422,0.000,0.578
10500,0.325,0.000,0.675
11000,0.556,0.000,0.444
11500,0.488,0.000,0.512
12000,0.511,0.000,0.489
12500,0.397,0.000,0.603
13000,0.475,0.000,0.525
13500,0.500,0.000,0.500
14000,0.433,0.000,0.567
14500,0.417,0.000,0.583
15000,0.364,0.000,0.636
15500,0.436,0.000,0.564
16000,0.454,0.000,0.546
16500,0.467,0.000,0.533
17000,0.537,0.000,0.463
17500,0.439,0.000,0.561
18000,0.483,0.000,0.517
18500,0.367,0.000,0.633
19000,0.412,0.000,0.588
19500,0.481,0.000,0.519
20000,0.465,0.000,0.535
20500,0.539,0.000,0.461
21000,0.463,0.000,0.537
21500,0.326,0.000,0.674
22000,0.413,0.000,0.587
22500,0.412,0.000,0.588
23000,0.428,0.000,0.572
23500,0.420,0.000,0.580
24000,0.517,0.000,0.483
24500,0.490,0.000,0.510
25000,0.469,0.000,0.531
25500,0.485,0.000,0.515
26000,0.507,0.000,0.493
26500,0.419,0.000,0.581
27000,0.490,0.000,0.510
27500,0.417,0.000,0.583
28000,0.379,0.000,0.621
28500,0.467,0.000,0.533
29000,0.496,0.000,0.504
29500,0.416,0.000,0.584
30000,0.428,0.000,0.572
30500,0.429,0.000,0.571
31000,0.433,0.000,0.567
31500,0.468,0.000,0.532
32000,0.474,0.000,0.526
32500,0.430,0.000,0.570
33000,0.443,0.000,0.557
33500,0.388,0.000,0.612
34000,0.424,0.000,0.576
34500,0.436,0.000,0.564
35000,0.576,0.000,0.424
35500,0.477,0.000,0.523
36000,0.499,0.000,0.501
36500,0.433,0.000,0.567
37000,0.367,0.000,0.633
37500,0.439,0.000,0.561
38000,0.434,0.000,0.566
38500,0.510,0.000,0.490
39000,0.489,0.000,0.511
39500,0.386,0.000,0.614
40000,0.542,0.000,0.458
40500,0.486,0.000,0.514
41000,0.449,0.000,0.551
41500,0.407,0.000,0.593
42000,0.404,0.000,0.596
42500,0.408,0.000,0.592
43000,0.405,0.000,0.595
43500,0.495,0.000,0.505
44000,0.484,0.000,0.516
44500,0.414,0.000,0.586
45000,0.401,0.000,0.599
45500,0.299,0.014,0.687
46000,0.395,0.001,0.604
46500,0.383,0.000,0.617
47000,0.574,0.000,0.426
47500,0.478,0.000,0.522
48000,0.491,0.000,0.509
48500,0.480,0.000,0.520
49000,0.453,0.000,0.547
49500,0.533,0.000,0.467
50000,0.482,0.000,0.518
50500,0.390,0.000,0.610
51000,0.438,0.002,0.560
51500,0.446,0.000,0.554
52000,0.456,0.000,0.544
52500,0.487,0.000,0.513
53000,0.437,0.000,0.563
53500,0.439,0.000,0.561
54000,0.520,0.000,0.480
54500,0.362,0.014,0.624
55000,0.365,0.000,0.635
55500,0.538,0.000,0.462
56000,0.414,0.000,0.586
56500,0.473,0.000,0.527
57000,0.389,0.000,0.611
57500,0.311,0.000,0.689
58000,0.384,0.000,0.616
58500,0.422,0.000,0.578
59000,0.404,0.000,0.596
59500,0.338,0.000,0.662
60000,0.430,0.000,0.570
60500,0.527,0.000,0.473
61000,0.527,0.000,0.473
61500,0.491,0.000,0.509
62000,0.481,0.000,0.519
62500,0.451,0.000,0.549
63000,0.395,0.000,0.605
63500,0.396,0.000,0.604
64000,0.445,0.000,0.555
64500,0.447,0.000,0.553
65000,0.450,0.000,0.550
65500,0.468,0.000,0.532
66000,0.484,0.000,0.516
66500,0.522,0.000,0.478
67000,0.488,0.000,0.512
67500,0.431,0.000,0.569
68000,0.455,0.000,0.545
68500,0.348,0.000,0.652
69000,0.416,0.000,0.584
69500,0.454,0.000,0.546
70000,0.497,0.000,0.503
70500,0.619,0.000,0.381
71000,0.459,0.000,0.541
71500,0.411,0.000,0.589
72000,0.478,0.000,0.522
72500,0.499,0.000,0.501
73000,0.362,0.000,0.638
73500,0.414,0.000,0.586
74000,0.414,0.000,0.586
74500,0.368,0.000,0.632
75000,0.498,0.000,0.502
75500,0.364,0.000,0.636
76000,0.373,0.000,0.627
76500,0.403,0.000,0.597
77000,0.431,0.000,0.569
77500,0.558,0.000,0.442
78000,0.559,0.000,0.441
78500,0.561,0.000,0.439
79000,0.517,0.000,0.483
79500,0.421,0.000,0.579
80000,0.399,0.000,0.601
80500,0.466,0.000,0.534
81000,0.497,0.000,0.503
81500,0.564,0.000,0.436
82000,0.517,0.000,0.483
82500,0.531,0.000,0.469
83000,0.423,0.000,0.577
83500,0.416,0.000,0.584
84000,0.427,0.014,0.559
84500,0.374,0.000,0.626
85000,0.408,0.000,0.592
85500,0.515,0.001,0.484
86000,0.525,0.000,0.475
86500,0.503,0.000,0.497
87000,0.455,0.000,0.545
87500,0.412,0.000,0.588
88000,0.397,0.000,0.603
88500,0.411,0.000,0.589
89000,0.515,0.000,0.485
89500,0.450,0.000,0.550
90000,0.436,0.000,0.564
90500,0.502,0.000,0.498
91000,0.460,0.000,0.540
91500,0.385,0.000,0.615
92000,0.339,0.000,0.661
92500,0.482,0.000,0.518
93000,0.457,0.000,0.543
93500,0.528,0.000,0.472
94000,0.455,0.000,0.545
94500,0.497,0.000,0.503
95000,0.408,0.000,0.592
95500,0.415,0.000,0.585
96000,0.434,0.000,0.566
96500,0.464,0.000,0.536
97000,0.414,0.000,0.586
97500,0.374,0.000,0.626
98000,0.447,0.000,0.553
98500,0.465,0.000,0.535
99000,0.497,0.000,0.503
99500,0.461,0.000,0.539
100000,0.530,0.000,0.470
100500,0.606,0.000,0.394
101000,0.488,0.000,0.512
101500,0.501,0.000,0.499
102000,0.500,0.000,0.500
102500,0.471,0.000,0.529
103000,0.543,0.000,0.457
103500,0.476,0.000,0.524
104000,0.480,0.000,0.520
104500,0.373,0.000,0.627
105000,0.395,0.000,0.605
105500,0.470,0.000,0.530
106000,0.491,0.000,0.509
106500,0.469,0.000,0.531
107000,0.463,0.000,0.537
107500,0.495,0.000,0.505
108000,0.557,0.000,0.443
108500,0.572,0.000,0.428
109000,0.476,0.000,0.524
109500,0.395,0.000,0.605
110000,0.486,0.000,0.514
110500,0.492,0.000,0.508
111000,0.519,0.000,0.481
111500,0.449,0.000,0.551
112000,0.483,0.000,0.517
112500,0.471,0.000,0.529
113000,0.432,0.000,0.568
113500,0.357,0.000,0.643
114000,0.448,0.000,0.552
114500,0.499,0.000,0.501
115000,0.408,0.000,0.592
115500,0.484,0.000,0.516
116000,0.441,0.000,0.559
116500,0.429,0.000,0.571
117000,0.546,0.000,0.454
117500,0.555,0.000,0.445
118000,0.411,0.000,0.589
118500,0.459,0.000,0.541
119000,0.462,0.000,0.538
119500,0.484,0.000,0.516
120000,0.520,0.000,0.480
120500,0.441,0.000,0.559
121000,0.499,0.000,0.501
121500,0.361,0.000,0.639
122000,0.388,0.000,0.612
122500,0.507,0.000,0.493
123000,0.613,0.000,0.387
123500,0.416,0.000,0.584
124000,0.484,0.000,0.516
124500,0.550,0.000,0.450
125000,0.587,0.000,0.413
125500,0.418,0.000,0.582
126000,0.497,0.000,0.503
126500,0.576,0.000,0.424
127000,0.540,0.000,0.460
127500,0.514,0.000,0.486
128000,0.446,0.000,0.554
128500,0.483,0.000,0.517
129000,0.522,0.000,0.478
129500,0.457,0.000,0.543
130000,0.492,0.000,0.508
130500,0.540,0.000,0.460
131000,0.483,0.000,0.517
131500,0.519,0.000,0.481
132000,0.408,0.000,0.592
132500,0.509,0.000,0.491
133000,0.452,0.000,0.548
133500,0.547,0.000,0.453
134000,0.440,0.000,0.560
134500,0.457,0.000,0.543
135000,0.474,0.000,0.526
135500,0.408,0.000,0.592
136000,0.392,0.000,0.608
136500,0.437,0.000,0.563
137000,0.437,0.000,0.563
137500,0.464,0.000,0.536
138000,0.473,0.000,0.527
138500,0.535,0.000,0.465
139000,0.465,0.000,0.535
139500,0.439,0.000,0.561
140000,0.488,0.000,0.512
140500,0.476,0.000,0.524
141000,0.495,0.000,0.505
141500,0.477,0.000,0.523
142000,0.549,0.000,0.451
142500,0.588,0.000,0.412
143000,0.432,0.000,0.568
143500,0.406,0.000,0.594
144000,0.516,0.000,0.484
144500,0.455,0.000,0.545
145000,0.452,0.000,0.548
145500,0.480,0.000,0.520
146000,0.573,0.000,0.427
146500,0.594,0.000,0.406
147000,0.508,0.000,0.492
147500,0.550,0.000,0.450
148000,0.554,0.000,0.446
148500,0.449,0.000,0.551
149000,0.494,0.000,0.506
149500,0.478,0.000,0.522
150000,0.517,0.000,0.483
150500,0.438,0.000,0.562
151000,0.440,0.000,0.560
151500,0.396,0.000,0.604
152000,0.470,0.000,0.530
152500,0.452,0.000,0.548
153000,0.405,0.000,0.595
153500,0.543,0.000,0.457
154000,0.485,0.000,0.515
154500,0.409,0.000,0.591
155000,0.469,0.000,0.531
155500,0.417,0.000,0.583
156000,0.481,0.000,0.519
156500,0.492,0.000,0.508
157000,0.541,0.000,0.459
157500,0.540,0.000,0.460
158000,0.544,0.000,0.456
158500,0.524,0.000,0.476
159000,0.477,0.000,0.523
159500,0.499,0.000,0.501
160000,0.406,0.000,0.594
160500,0.365,0.000,0.635
161000,0.351,0.000,0.649
161500,0.365,0.000,0.635
162000,0.472,0.004,0.524
162500,0.410,0.000,0.590
163000,0.502,0.000,0.498
163500,0.481,0.000,0.519
164000,0.452,0.000,0.548
164500,0.466,0.000,0.534
165000,0.380,0.000,0.620
165500,0.407,0.000,0.593
166000,0.581,0.000,0.419
166500,0.532,0.000,0.468
167000,0.471,0.000,0.529
167500,0.396,0.000,0.604
168000,0.400,0.000,0.600
168500,0.371,0.000,0.629
169000,0.421,0.000,0.579
169500,0.491,0.000,0.509
170000,0.512,0.000,0.488
170500,0.596,0.000,0.404
171000,0.593,0.000,0.407
171500,0.570,0.000,0.430
172000,0.529,0.000,0.471
172500,0.471,0.000,0.529
173000,0.385,0.000,0.615
173500,0.481,0.000,0.519
174000,0.309,0.000,0.691
174500,0.372,0.000,0.628
175000,0.388,0.000,0.612
175500,0.476,0.000,0.524
176000,0.431,0.000,0.569
176500,0.450,0.000,0.550
177000,0.371,0.006,0.623
177500,0.485,0.000,0.515
178000,0.480,0.000,0.520
178500,0.520,0.000,0.480
179000,0.432,0.000,0.568
179500,0.390,0.000,0.610
180000,0.448,0.000,0.552
180500,0.491,0.000,0.509
181000,0.459,0.000,0.541
181500,0.444,0.000,0.556
182000,0.476,0.000,0.524
182500,0.548,0.000,0.452
183000,0.481,0.000,0.519
183500,0.514,0.000,0.486
184000,0.453,0.000,0.547
184500,0.555,0.000,0.445
185000,0.446,0.000,0.554
185500,0.398,0.000,0.602
186000,0.474,0.000,0.526
186500,0.394,0.000,0.606
187000,0.519,0.000,0.481
187500,0.468,0.000,0.532
188000,0.513,0.000,0.487
188500,0.460,0.000,0.540
189000,0.448,0.000,0.552
189500,0.519,0.000,0.481
190000,0.506,0.000,0.494
190500,0.440,0.000,0.560
191000,0.497,0.000,0.503
191500,0.457,0.000,0.543
192000,0.533,0.000,0.467
192500,0.520,0.000,0.480
193000,0.518,0.000,0.482
193500,0.501,0.000,0.499
194000,0.576,0.000,0.424
194500,0.552,0.000,0.448
195000,0.535,0.000,0.465
195500,0.489,0.000,0.511
196000,0.470,0.000,0.530
196500,0.527,0.000,0.473
197000,0.507,0.000,0.493
197500,0.407,0.013,0.580
198000,0.434,0.000,0.566
198500,0.418,0.000,0.582
199000,0.462,0.000,0.538
199500,0.452,0.000,0.548
200000,0.347,0.014,0.639
200500,0.404,0.002,0.594
201000,0.384,0.000,0.616
201500,0.424,0.000,0.576
202000,0.403,0.000,0.597
202500,0.475,0.000,0.525
203000,0.459,0.000,0.541
203500,0.463,0.000,0.537
204000,0.440,0.000,0.560
204500,0.458,0.000,0.542
205000,0.355,0.000,0.645
205500,0.412,0.000,0.588
206000,0.498,0.000,0.502
206500,0.525,0.000,0.475
207000,0.438,0.000,0.562
207500,0.443,0.000,0.557
208000,0.413,0.000,0.587
208500,0.485,0.000,0.515
209000,0.467,0.000,0.533
209500,0.587,0.000,0.413
210000,0.474,0.000,0.526
210500,0.526,0.000,0.474
211000,0.361,0.000,0.639
211500,0.478,0.000,0.522
212000,0.419,0.000,0.581
212500,0.347,0.002,0.651
213000,0.370,0.000,0.630
213500,0.383,0.008,0.609
214000,0.398,0.000,0.602
214500,0.416,0.000,0.584
215000,0.554,0.000,0.446
215500,0.617,0.000,0.383
216000,0.568,0.000,0.432
216500,0.537,0.000,0.463
217000,0.416,0.000,0.584
217500,0.401,0.000,0.599
218000,0.530,0.000,0.470
218500,0.452,0.000,0.548
219000,0.421,0.000,0.579
219500,0.447,0.000,0.553
220000,0.495,0.000,0.505
220500,0.473,0.000,0.527
221000,0.417,0.000,0.583
221500,0.388,0.000,0.612
222000,0.403,0.000,0.597
222500,0.429,0.000,0.571
223000,0.476,0.000,0.524
223500,0.398,0.000,0.602
224000,0.347,0.000,0.653
224500,0.388,0.000,0.612
225000,0.431,0.000,0.569
225500,0.381,0.000,0.619
226000,0.548,0.000,0.452
226500,0.372,0.004,0.624
227000,0.377,0.000,0.623
227500,0.335,0.000,0.665
228000,0.419,0.000,0.581
228500,0.372,0.000,0.628
229000,0.410,0.000,0.590
229500,0.465,0.000,0.535
230000,0.401,0.000,0.599
230500,0.369,0.000,0.631
231000,0.366,0.014,0.620
231500,0.328,0.000,0.672
232000,0.329,0.000,0.671
232500,0.413,0.000,0.587
233000,0.481,0.000,0.519
233500,0.377,0.000,0.623
234000,0.386,0.000,0.614
234500,0.426,0.000,0.574
235000,0.464,0.000,0.536
235500,0.512,0.000,0.488
236000,0.510,0.000,0.490
236500,0.457,0.000,0.543
237000,0.386,0.000,0.614
237500,0.455,0.000,0.545
238000,0.507,0.000,0.493
238500,0.524,0.000,0.476
239000,0.510,0.000,0.490
239500,0.457,0.000,0.543
240000,0.451,0.000,0.549
240500,0.413,0.000,0.587
241000,0.511,0.000,0.489
241500,0.484,0.000,0.516
242000,0.437,0.000,0.563
242500,0.377,0.000,0.623
243000,0.423,0.000,0.577
243500,0.398,0.000,0.602
244000,0.414,0.000,0.586
244500,0.446,0.000,0.554
245000,0.441,0.000,0.559
245500,0.400,0.000,0.600
246000,0.424,0.000,0.576
246500,0.483,0.000,0.517
247000,0.525,0.000,0.475
247500,0.450,0.000,0.550
248000,0.562,0.000,0.438
248500,0.600,0.000,0.400
249000,0.519,0.000,0.481
249500,0.489,0.000,0.511
250000,0.461,0.000,0.539
250500,0.535,0.000,0.465
251000,0.499,0.000,0.501
251500,0.391,0.000,0.609
252000,0.439,0.000,0.561
252500,0.422,0.000,0.578
253000,0.432,0.000,0.568
253500,0.465,0.000,0.535
254000,0.542,0.000,0.458
254500,0.536,0.000,0.464
255000,0.477,0.000,0.523
255500,0.430,0.000,0.570
256000,0.305,0.000,0.695
256500,0.527,0.000,0.473
257000,0.513,0.000,0.487
257500,0.539,0.000,0.461
258000,0.504,0.000,0.496
258500,0.486,0.000,0.514
259000,0.500,0.000,0.500
259500,0.520,0.000,0.480
260000,0.338,0.000,0.662
260500,0.373,0.000,0.627
261000,0.368,0.007,0.625
261500,0.475,0.000,0.525
262000,0.428,0.000,0.572
262500,0.535,0.000,0.465
263000,0.498,0.000,0.502
263500,0.455,0.000,0.545
264000,0.444,0.000,0.556
264500,0.359,0.007,0.634
265000,0.336,0.011,0.653
265500,0.463,0.000,0.537
266000,0.452,0.000,0.548
266500,0.472,0.000,0.528
267000,0.470,0.000,0.530
267500,0.448,0.000,0.552
268000,0.485,0.000,0.515
268500,0.499,0.000,0.501
269000,0.445,0.000,0.555
269500,0.424,0.000,0.576
270000,0.428,0.000,0.572
270500,0.467,0.012,0.521
271000,0.505,0.000,0.495
271500,0.505,0.000,0.495
272000,0.574,0.000,0.426
272500,0.447,0.000,0.553
273000,0.386,0.000,0.614
273500,0.361,0.000,0.639
274000,0.496,0.000,0.504
274500,0.507,0.000,0.493
275000,0.395,0.000,0.605
275500,0.340,0.000,0.660
276000,0.483,0.000,0.517
276500,0.516,0.000,0.484
277000,0.449,0.000,0.551
277500,0.428,0.000,0.572
278000,0.455,0.000,0.545
278500,0.394,0.000,0.606
279000,0.461,0.000,0.539
279500,0.423,0.000,0.577
280000,0.444,0.000,0.556
280500,0.500,0.000,0.500
281000,0.506,0.000,0.494
281500,0.412,0.000,0.588
282000,0.377,0.000,0.623
282500,0.441,0.000,0.559
283000,0.520,0.000,0.480
283500,0.492,0.000,0.508
284000,0.457,0.000,0.543
284500,0.546,0.000,0.454
285000,0.484,0.000,0.516
285500,0.348,0.000,0.652
286000,0.448,0.000,0.552
286500,0.480,0.000,0.520
287000,0.495,0.000,0.505
287500,0.414,0.000,0.586
288000,0.465,0.000,0.535
288500,0.521,0.000,0.479
289000,0.424,0.000,0.576
289500,0.473,0.000,0.527
290000,0.405,0.000,0.595
290500,0.445,0.000,0.555
291000,0.402,0.000,0.598
291500,0.462,0.000,0.538
292000,0.494,0.000,0.506
292500,0.391,0.000,0.609
293000,0.458,0.000,0.542
293500,0.462,0.000,0.538
294000,0.504,0.000,0.496
294500,0.472,0.000,0.528
295000,0.500,0.000,0.500
295500,0.438,0.000,0.562
296000,0.424,0.000,0.576
296500,0.526,0.000,0.474
297000,0.473,0.000,0.527
297500,0.494,0.000,0.506
298000,0.495,0.000,0.505
298500,0.565,0.000,0.435
299000,0.608,0.000,0.392
299500,0.675,0.000,0.325
300000,0.429,0.000,0.571
300500,0.538,0.000,0.462
301000,0.489,0.000,0.511
301500,0.516,0.000,0.484
302000,0.497,0.000,0.503
302500,0.465,0.000,0.535
303000,0.414,0.000,0.586
303500,0.446,0.000,0.554
304000,0.507,0.000,0.493
304500,0.506,0.000,0.494
305000,0.314,0.000,0.686
305500,0.388,0.003,0.609
306000,0.567,0.000,0.433
306500,0.458,0.000,0.542
307000,0.542,0.000,0.458
307500,0.547,0.000,0.453
308000,0.548,0.000,0.452
308500,0.482,0.000,0.518
309000,0.408,0.000,0.592
309500,0.512,0.000,0.488
310000,0.531,0.000,0.469
310500,0.520,0.000,0.480
311000,0.375,0.000,0.625
311500,0.411,0.000,0.589
312000,0.465,0.000,0.535
312500,0.452,0.000,0.548
313000,0.463,0.000,0.537
313500,0.320,0.000,0.680
314000,0.510,0.000,0.490
314500,0.530,0.000,0.470
315000,0.442,0.000,0.558
315500,0.445,0.000,0.555
316000,0.375,0.000,0.625
316500,0.406,0.000,0.594
317000,0.464,0.000,0.536
317500,0.427,0.000,0.573
318000,0.411,0.000,0.589
318500,0.436,0.000,0.564
319000,0.470,0.000,0.530
319500,0.362,0.000,0.638
320000,0.368,0.000,0.632
320500,0.404,0.000,0.596
321000,0.375,0.000,0.625
321500,0.496,0.000,0.504
322000,0.455,0.000,0.545
322500,0.425,0.000,0.575
323000,0.487,0.000,0.513
323500,0.453,0.000,0.547
324000,0.524,0.000,0.476
324500,0.466,0.000,0.534
325000,0.434,0.000,0.566
325500,0.497,0.000,0.503
326000,0.516,0.000,0.484
326500,0.398,0.000,0.602
327000,0.341,0.000,0.659
327500,0.480,0.000,0.520
328000,0.478,0.000,0.522
328500,0.469,0.000,0.531
329000,0.401,0.000,0.599
329500,0.451,0.000,0.549
330000,0.528,0.000,0.472
330500,0.372,0.005,0.623
331000,0.434,0.000,0.566
331500,0.435,0.005,0.560
332000,0.531,0.000,0.469
332500,0.448,0.000,0.552
333000,0.497,0.000,0.503
333500,0.423,0.000,0.577
334000,0.461,0.000,0.539
334500,0.465,0.000,0.535
335000,0.400,0.000,0.600
335500,0.409,0.000,0.591
336000,0.474,0.000,0.526
336500,0.433,0.000,0.567
337000,0.408,0.000,0.592
337500,0.376,0.000,0.624
338000,0.306,0.000,0.694
338500,0.308,0.009,0.683
339000,0.476,0.000,0.524
339500,0.387,0.000,0.613
340000,0.464,0.000,0.536
340500,0.506,0.000,0.494
341000,0.368,0.000,0.632
341500,0.458,0.000,0.542
342000,0.506,0.000,0.494
342500,0.500,0.000,0.500
343000,0.513,0.000,0.487
343500,0.446,0.000,0.554
344000,0.538,0.000,0.462
344500,0.457,0.000,0.543
345000,0.551,0.000,0.449
345500,0.466,0.000,0.534
346000,0.475,0.000,0.525
346500,0.524,0.000,0.476
347000,0.453,0.000,0.547
347500,0.457,0.000,0.543
348000,0.470,0.000,0.530
348500,0.471,0.000,0.529
349000,0.380,0.001,0.619
349500,0.438,0.000,0.562
350000,0.361,0.000,0.639
350500,0.417,0.000,0.583
351000,0.534,0.000,0.466
351500,0.523,0.000,0.477
352000,0.414,0.000,0.586
352500,0.409,0.000,0.591
353000,0.396,0.000,0.604
353500,0.461,0.001,0.538
354000,0.390,0.000,0.610
354500,0.552,0.000,0.448
355000,0.435,0.000,0.565
355500,0.473,0.000,0.527
356000,0.410,0.000,0.590
356500,0.328,0.001,0.671
357000,0.521,0.000,0.479
357500,0.415,0.000,0.585
358000,0.398,0.000,0.602
358500,0.444,0.000,0.556
359000,0.436,0.000,0.564
359500,0.382,0.000,0.618
360000,0.454,0.000,0.546
360500,0.366,0.000,0.634
361000,0.389,0.000,0.611
361500,0.404,0.000,0.596
362000,0.351,0.000,0.649
362500,0.427,0.000,0.573
363000,0.467,0.000,0.533
363500,0.554,0.000,0.446
364000,0.650,0.000,0.350
364500,0.417,0.000,0.583
365000,0.409,0.000,0.591
365500,0.632,0.000,0.368
366000,0.563,0.000,0.437
366500,0.568,0.000,0.432
367000,0.583,0.000,0.417
367500,0.519,0.000,0.481
368000,0.408,0.000,0.592
368500,0.346,0.000,0.654
369000,0.401,0.000,0.599
369500,0.459,0.000,0.541
370000,0.503,0.000,0.497
370500,0.347,0.000,0.653
371000,0.439,0.000,0.561
371500,0.430,0.000,0.570
372000,0.377,0.004,0.619
372500,0.426,0.000,0.574
373000,0.514,0.000,0.486
373500,0.415,0.000,0.585
374000,0.412,0.000,0.588
374500,0.426,0.000,0.574
375000,0.402,0.000,0.598
375500,0.502,0.000,0.498
376000,0.567,0.000,0.433
376500,0.459,0.000,0.541
377000,0.439,0.000,0.561
377500,0.514,0.000,0.486
378000,0.431,0.000,0.569
378500,0.410,0.000,0.590
379000,0.481,0.000,0.519
379500,0.429,0.000,0.571
380000,0.460,0.000,0.540
380500,0.471,0.000,0.529
381000,0.455,0.000,0.545
381500,0.461,0.000,0.539
382000,0.473,0.000,0.527
382500,0.489,0.000,0.511
383000,0.491,0.000,0.509
383500,0.420,0.001,0.579
384000,0.424,0.000,0.576
384500,0.465,0.000,0.535
385000,0.470,0.000,0.530
385500,0.505,0.000,0.495
386000,0.520,0.000,0.480
386500,0.458,0.000,0.542
387000,0.388,0.000,0.612
387500,0.585,0.000,0.415
388000,0.601,0.000,0.399
388500,0.481,0.000,0.519
389000,0.360,0.000,0.640
389500,0.413,0.000,0.587
390000,0.471,0.000,0.529
390500,0.585,0.000,0.415
391000,0.419,0.000,0.581
391500,0.414,0.000,0.586
392000,0.518,0.000,0.482
392500,0.523,0.000,0.477
393000,0.521,0.000,0.479
393500,0.412,0.000,0.588
394000,0.382,0.000,0.618
394500,0.425,0.000,0.575
395000,0.404,0.000,0.596
395500,0.400,0.000,0.600
396000,0.403,0.000,0.597
396500,0.445,0.000,0.555
397000,0.343,0.000,0.657
397500,0.448,0.000,0.552
398000,0.531,0.000,0.469
398500,0.513,0.000,0.487
399000,0.477,0.000,0.523
399500,0.473,0.000,0.527
400000,0.361,0.000,0.639
400500,0.440,0.000,0.560
401000,0.381,0.000,0.619
401500,0.469,0.000,0.531
402000,0.476,0.000,0.524
402500,0.405,0.000,0.595
403000,0.456,0.000,0.544
403500,0.418,0.000,0.582
404000,0.633,0.000,0.367
404500,0.408,0.000,0.592
405000,0.374,0.000,0.626
405500,0.375,0.000,0.625
406000,0.398,0.000,0.602
406500,0.471,0.000,0.529
407000,0.628,0.000,0.372
407500,0.599,0.000,0.401
408000,0.496,0.000,0.504
408500,0.425,0.000,0.575
409000,0.361,0.000,0.639
409500,0.370,0.000,0.630
410000,0.333,0.000,0.667
410500,0.457,0.000,0.543
411000,0.495,0.000,0.505
411500,0.479,0.000,0.521
412000,0.354,0.000,0.646
412500,0.502,0.000,0.498
413000,0.405,0.000,0.595
413500,0.410,0.000,0.590
414000,0.441,0.000,0.559
414500,0.350,0.000,0.650
415000,0.434,0.000,0.566
415500,0.381,0.000,0.619
416000,0.494,0.000,0.506
416500,0.458,0.000,0.542
417000,0.440,0.000,0.560
417500,0.449,0.000,0.551
418000,0.471,0.000,0.529
418500,0.409,0.000,0.591
419000,0.510,0.000,0.490
419500,0.388,0.000,0.612
420000,0.442,0.000,0.558
420500,0.405,0.000,0.595
421000,0.414,0.000,0.586
421500,0.423,0.000,0.577
422000,0.483,0.000,0.517
422500,0.447,0.000,0.553
423000,0.458,0.000,0.542
423500,0.467,0.000,0.533
424000,0.498,0.000,0.502
424500,0.344,0.000,0.656
425000,0.369,0.000,0.631
425500,0.387,0.000,0.613
426000,0.353,0.000,0.647
426500,0.481,0.000,0.519
427000,0.493,0.000,0.507
427500,0.449,0.000,0.551
428000,0.465,0.000,0.535
428500,0.443,0.000,0.557
429000,0.418,0.000,0.582
429500,0.433,0.000,0.567
430000,0.392,0.000,0.608
430500,0.414,0.000,0.586
431000,0.522,0.000,0.478
431500,0.539,0.000,0.461
432000,0.508,0.000,0.492
432500,0.527,0.000,0.473
433000,0.449,0.000,0.551
433500,0.568,0.000,0.432
434000,0.441,0.000,0.559
434500,0.431,0.000,0.569
435000,0.443,0.000,0.557
435500,0.356,0.000,0.644
436000,0.468,0.000,0.532
436500,0.435,0.000,0.565
437000,0.415,0.000,0.585
437500,0.423,0.000,0.577
438000,0.459,0.000,0.541
438500,0.548,0.000,0.452
439000,0.531,0.000,0.469
439500,0.499,0.000,0.501
440000,0.457,0.000,0.543
440500,0.470,0.000,0.530
441000,0.482,0.000,0.518
441500,0.451,0.000,0.549
442000,0.432,0.000,0.568
442500,0.538,0.000,0.462
443000,0.496,0.000,0.504
443500,0.451,0.000,0.549
444000,0.463,0.000,0.537
444500,0.404,0.000,0.596
445000,0.433,0.000,0.567
445500,0.477,0.000,0.523
446000,0.416,0.000,0.584
446500,0.547,0.000,0.453
447000,0.399,0.000,0.601
447500,0.352,0.000,0.648
448000,0.449,0.000,0.551
448500,0.430,0.000,0.570
449000,0.529,0.000,0.471
449500,0.467,0.000,0.533
450000,0.409,0.000,0.591
450500,0.474,0.000,0.526
451000,0.500,0.000,0.500
451500,0.450,0.000,0.550
452000,0.524,0.000,0.476
452500,0.345,0.000,0.655
453000,0.397,0.000,0.603
453500,0.471,0.000,0.529
454000,0.439,0.000,0.561
454500,0.479,0.000,0.521
455000,0.415,0.000,0.585
455500,0.432,0.000,0.568
456000,0.336,0.000,0.664
456500,0.443,0.000,0.557
457000,0.449,0.000,0.551
457500,0.454,0.000,0.546
458000,0.497,0.000,0.503
458500,0.517,0.000,0.483
459000,0.416,0.000,0.584
459500,0.430,0.000,0.570
460000,0.442,0.000,0.558
460500,0.434,0.000,0.566
461000,0.503,0.000,0.497
461500,0.472,0.000,0.528
462000,0.485,0.000,0.515
462500,0.534,0.000,0.466
463000,0.507,0.000,0.493
463500,0.510,0.000,0.490
464000,0.464,0.000,0.536
464500,0.472,0.000,0.528
465000,0.432,0.000,0.568
465500,0.499,0.000,0.501
466000,0.476,0.000,0.524
466500,0.415,0.000,0.585
467000,0.482,0.000,0.518
467500,0.388,0.000,0.612
468000,0.437,0.000,0.563
468500,0.357,0.000,0.643
469000,0.379,0.000,0.621
469500,0.387,0.000,0.613
470000,0.427,0.000,0.573
470500,0.397,0.000,0.603
471000,0.340,0.000,0.660
471500,0.537,0.000,0.463
472000,0.519,0.000,0.481
472500,0.506,0.000,0.494
473000,0.520,0.000,0.480
473500,0.497,0.000,0.503
474000,0.484,0.000,0.516
474500,0.501,0.000,0.499
475000,0.529,0.000,0.471
475500,0.480,0.000,0.520
476000,0.475,0.000,0.525
476500,0.505,0.000,0.495
477000,0.559,0.000,0.441
477500,0.470,0.000,0.530
478000,0.502,0.000,0.498
478500,0.440,0.000,0.560
479000,0.467,0.000,0.533
479500,0.523,0.000,0.477
480000,0.527,0.000,0.473
480500,0.585,0.000,0.415
481000,0.557,0.000,0.443
481500,0.579,0.000,0.421
482000,0.382,0.000,0.618
482500,0.349,0.000,0.651
483000,0.434,0.000,0.566
483500,0.351,0.005,0.644
484000,0.506,0.000,0.494
484500,0.361,0.000,0.639
485000,0.397,0.000,0.603
485500,0.350,0.000,0.650
486000,0.551,0.000,0.449
486500,0.455,0.000,0.545
487000,0.455,0.000,0.545
487500,0.440,0.000,0.560
488000,0.508,0.000,0.492
488500,0.574,0.000,0.426
489000,0.393,0.000,0.607
489500,0.401,0.000,0.599
490000,0.434,0.000,0.566
490500,0.453,0.000,0.547
491000,0.409,0.000,0.591
491500,0.313,0.009,0.678
492000,0.442,0.000,0.558
492500,0.542,0.000,0.458
493000,0.513,0.000,0.487
493500,0.407,0.000,0.593
494000,0.492,0.000,0.508
494500,0.393,0.000,0.607
495000,0.375,0.000,0.625
495500,0.449,0.000,0.551
496000,0.462,0.000,0.538
496500,0.468,0.000,0.532
497000,0.467,0.000,0.533
497500,0.422,0.000,0.578
498000,0.441,0.000,0.559
498500,0.540,0.000,0.460
499000,0.588,0.000,0.412
499500,0.443,0.000,0.557
500000,0.512,0.000,0.488
500500,0.462,0.000,0.538
501000,0.422,0.000,0.578
501500,0.397,0.000,0.603
502000,0.449,0.000,0.551
502500,0.483,0.000,0.517
503000,0.517,0.000,0.483
503500,0.548,0.000,0.452
504000,0.504,0.000,0.496
504500,0.473,0.000,0.527
505000,0.432,0.000,0.568
505500,0.522,0.000,0.478
506000,0.524,0.000,0.476
506500,0.426,0.000,0.574
507000,0.433,0.000,0.567
507500,0.460,0.000,0.540
508000,0.503,0.000,0.497
508500,0.376,0.000,0.624
509000,0.351,0.000,0.649
509500,0.438,0.000,0.562
510000,0.564,0.000,0.436
510500,0.451,0.000,0.549
511000,0.480,0.000,0.520
511500,0.353,0.000,0.647
512000,0.474,0.000,0.526
512500,0.454,0.000,0.546
513000,0.505,0.000,0.495
513500,0.517,0.000,0.483
514000,0.433,0.000,0.567
514500,0.362,0.000,0.638
515000,0.530,0.000,0.470
515500,0.539,0.000,0.461
516000,0.410,0.000,0.590
516500,0.370,0.000,0.630
517000,0.390,0.000,0.610
517500,0.489,0.000,0.511
518000,0.532,0.000,0.468
518500,0.453,0.000,0.547
519000,0.323,0.000,0.677
519500,0.499,0.000,0.501
520000,0.445,0.000,0.555
520500,0.470,0.000,0.530
521000,0.441,0.000,0.559
521500,0.418,0.000,0.582
522000,0.430,0.000,0.570
522500,0.462,0.000,0.538
523000,0.417,0.000,0.583
523500,0.364,0.000,0.636
524000,0.408,0.001,0.591
524500,0.372,0.000,0.628
525000,0.408,0.000,0.592
525500,0.420,0.000,0.580
526000,0.449,0.000,0.551
526500,0.480,0.000,0.520
527000,0.480,0.000,0.520
527500,0.371,0.000,0.629
528000,0.360,0.011,0.629
528500,0.418,0.000,0.582
529000,0.454,0.000,0.546
529500,0.366,0.000,0.634
530000,0.419,0.000,0.581
530500,0.429,0.000,0.571
531000,0.449,0.000,0.551
531500,0.463,0.000,0.537
532000,0.461,0.000,0.539
532500,0.439,0.000,0.561
533000,0.377,0.000,0.623
533500,0.454,0.002,0.544
534000,0.430,0.000,0.570
534500,0.562,0.000,0.438
535000,0.498,0.000,0.502
535500,0.515,0.000,0.485
536000,0.427,0.000,0.573
536500,0.431,0.000,0.569
537000,0.582,0.000,0.418
537500,0.443,0.000,0.557
538000,0.512,0.000,0.488
538500,0.446,0.000,0.554
539000,0.419,0.000,0.581
539500,0.466,0.000,0.534
540000,0.443,0.000,0.557
540500,0.545,0.000,0.455
541000,0.455,0.000,0.545
541500,0.325,0.004,0.671
542000,0.386,0.003,0.611
542500,0.309,0.000,0.691
543000,0.463,0.000,0.537
543500,0.421,0.000,0.579
544000,0.498,0.000,0.502
544500,0.434,0.000,0.566
545000,0.506,0.000,0.494
545500,0.485,0.000,0.515
546000,0.408,0.000,0.592
546500,0.418,0.000,0.582
547000,0.527,0.000,0.473
547500,0.381,0.000,0.619
548000,0.522,0.000,0.478
548500,0.586,0.000,0.414
549000,0.451,0.000,0.549
549500,0.454,0.000,0.546
550000,0.396,0.000,0.604
550500,0.470,0.000,0.530
551000,0.522,0.000,0.478
551500,0.397,0.000,0.603
552000,0.494,0.000,0.506
552500,0.465,0.000,0.535
553000,0.423,0.000,0.577
553500,0.424,0.000,0.576
554000,0.489,0.000,0.511
554500,0.418,0.000,0.582
555000,0.440,0.003,0.557
555500,0.443,0.000,0.557
556000,0.354,0.000,0.646
556500,0.552,0.000,0.448
557000,0.460,0.000,0.540
557500,0.508,0.000,0.492
558000,0.562,0.000,0.438
558500,0.466,0.000,0.534
559000,0.590,0.000,0.410
559500,0.568,0.000,0.432
560000,0.433,0.000,0.567
560500,0.350,0.000,0.650
561000,0.491,0.000,0.509
561500,0.445,0.000,0.555
562000,0.434,0.000,0.566
562500,0.425,0.000,0.575
563000,0.401,0.000,0.599
563500,0.498,0.000,0.502
564000,0.555,0.000,0.445
564500,0.437,0.000,0.563
565000,0.388,0.000,0.612
565500,0.376,0.000,0.624
566000,0.482,0.000,0.518
566500,0.483,0.000,0.517
567000,0.457,0.000,0.543
567500,0.485,0.000,0.515
568000,0.492,0.000,0.508
568500,0.449,0.000,0.551
569000,0.382,0.000,0.618
569500,0.393,0.000,0.607
570000,0.355,0.000,0.645
570500,0.453,0.000,0.547
571000,0.485,0.000,0.515
571500,0.565,0.000,0.435
572000,0.422,0.000,0.578
572500,0.394,0.005,0.601
573000,0.514,0.000,0.486
573500,0.444,0.000,0.556
574000,0.374,0.000,0.626
574500,0.437,0.000,0.563
575000,0.494,0.000,0.506
575500,0.373,0.000,0.627
576000,0.433,0.000,0.567
576500,0.390,0.000,0.610
577000,0.378,0.000,0.622
577500,0.523,0.000,0.477
578000,0.449,0.000,0.551
578500,0.522,0.000,0.478
579000,0.552,0.000,0.448
579500,0.587,0.000,0.413
580000,0.617,0.000,0.383
580500,0.471,0.000,0.529
581000,0.445,0.000,0.555
581500,0.469,0.000,0.531
582000,0.406,0.000,0.594
582500,0.288,0.000,0.712
583000,0.478,0.000,0.522
583500,0.541,0.000,0.459
584000,0.428,0.000,0.572
584500,0.500,0.000,0.500
585000,0.364,0.000,0.636
585500,0.472,0.000,0.528
586000,0.513,0.000,0.487
586500,0.343,0.000,0.657
587000,0.306,0.001,0.693
587500,0.459,0.000,0.541
588000,0.557,0.000,0.443
588500,0.408,0.000,0.592
589000,0.480,0.000,0.520
589500,0.488,0.000,0.512
590000,0.561,0.000,0.439
590500,0.501,0.000,0.499
591000,0.433,0.000,0.567
591500,0.492,0.000,0.508
592000,0.529,0.000,0.471
592500,0.482,0.000,0.518
593000,0.387,0.000,0.613
593500,0.322,0.000,0.678
594000,0.491,0.000,0.509
594500,0.534,0.000,0.466
595000,0.493,0.000,0.507
595500,0.375,0.000,0.625
596000,0.445,0.000,0.555
596500,0.498,0.000,0.502
597000,0.467,0.000,0.533
597500,0.298,0.000,0.702
598000,0.357,0.000,0.643
598500,0.397,0.000,0.603
599000,0.334,0.000,0.666
599500,0.467,0.000,0.533
600000,0.509,0.000,0.491
600500,0.535,0.000,0.465
601000,0.406,0.000,0.594
601500,0.418,0.000,0.582
602000,0.373,0.000,0.627
602500,0.462,0.000,0.538
603000,0.349,0.007,0.644
603500,0.397,0.000,0.603
604000,0.468,0.000,0.532
604500,0.516,0.000,0.484
605000,0.449,0.000,0.551
605500,0.430,0.000,0.570
606000,0.459,0.000,0.541
606500,0.509,0.000,0.491
607000,0.542,0.000,0.458
607500,0.489,0.000,0.511
608000,0.446,0.000,0.554
608500,0.396,0.000,0.604
609000,0.381,0.012,0.607
609500,0.489,0.001,0.510
610000,0.460,0.000,0.540
610500,0.458,0.000,0.542
611000,0.364,0.000,0.636
611500,0.536,0.000,0.464
612000,0.393,0.009,0.598
612500,0.303,0.000,0.697
613000,0.532,0.000,0.468
613500,0.510,0.000,0.490
614000,0.441,0.000,0.559
614500,0.538,0.000,0.462
615000,0.582,0.000,0.418
615500,0.530,0.000,0.470
616000,0.418,0.000,0.582
616500,0.438,0.000,0.562
617000,0.408,0.010,0.582
617500,0.479,0.000,0.521
618000,0.410,0.000,0.590
618500,0.412,0.000,0.588
619000,0.400,0.000,0.600
619500,0.420,0.000,0.580
620000,0.411,0.000,0.589
620500,0.456,0.000,0.544
621000,0.474,0.000,0.526
621500,0.479,0.000,0.521
622000,0.407,0.000,0.593
622500,0.466,0.000,0.534
623000,0.456,0.000,0.544
623500,0.485,0.000,0.515
624000,0.497,0.000,0.503
624500,0.501,0.000,0.499
625000,0.459,0.000,0.541
625500,0.371,0.000,0.629
626000,0.573,0.000,0.427
626500,0.554,0.000,0.446
627000,0.358,0.000,0.642
627500,0.503,0.000,0.497
628000,0.415,0.000,0.585
628500,0.387,0.000,0.613
629000,0.477,0.000,0.523
629500,0.555,0.000,0.445
630000,0.438,0.000,0.562
630500,0.431,0.000,0.569
631000,0.345,0.000,0.655
631500,0.441,0.000,0.559
632000,0.503,0.000,0.497
632500,0.446,0.000,0.554
633000,0.347,0.000,0.653
633500,0.435,0.000,0.565
634000,0.374,0.000,0.626
634500,0.453,0.000,0.547
635000,0.542,0.000,0.458
635500,0.508,0.000,0.492
636000,0.472,0.000,0.528
636500,0.384,0.000,0.616
637000,0.336,0.000,0.664
637500,0.420,0.000,0.580
638000,0.387,0.000,0.613
638500,0.472,0.000,0.528
639000,0.490,0.000,0.510
639500,0.536,0.000,0.464
640000,0.509,0.000,0.491
640500,0.418,0.000,0.582
641000,0.565,0.000,0.435
641500,0.370,0.000,0.630
642000,0.556,0.000,0.444
642500,0.564,0.000,0.436
643000,0.437,0.000,0.563
643500,0.447,0.000,0.553
644000,0.396,0.000,0.604
644500,0.477,0.000,0.523
645000,0.506,0.000,0.494
645500,0.518,0.000,0.482
646000,0.499,0.000,0.501
646500,0.424,0.000,0.576
647000,0.450,0.000,0.550
647500,0.492,0.000,0.508
648000,0.441,0.000,0.559
648500,0.475,0.000,0.525
649000,0.429,0.000,0.571
649500,0.442,0.000,0.558
650000,0.493,0.000,0.507
650500,0.422,0.000,0.578
651000,0.522,0.000,0.478
651500,0.490,0.000,0.510
652000,0.545,0.000,0.455
652500,0.680,0.000,0.320
653000,0.538,0.000,0.462
653500,0.388,0.000,0.612
654000,0.380,0.000,0.620
654500,0.362,0.000,0.638
655000,0.447,0.000,0.553
655500,0.391,0.000,0.609
656000,0.421,0.000,0.579
656500,0.523,0.000,0.477
657000,0.486,0.000,0.514
657500,0.416,0.000,0.584
658000,0.445,0.000,0.555
658500,0.508,0.000,0.492
659000,0.457,0.000,0.543
659500,0.421,0.000,0.579
660000,0.323,0.000,0.677
660500,0.380,0.008,0.612
661000,0.414,0.000,0.586
661500,0.415,0.000,0.585
662000,0.524,0.000,0.476
662500,0.509,0.000,0.491
663000,0.405,0.000,0.595
663500,0.387,0.000,0.613
664000,0.427,0.000,0.573
664500,0.421,0.000,0.579
665000,0.442,0.000,0.558
665500,0.477,0.000,0.523
666000,0.422,0.000,0.578
666500,0.505,0.000,0.495
667000,0.581,0.000,0.419
667500,0.451,0.000,0.549
668000,0.517,0.000,0.483
668500,0.407,0.000,0.593
669000,0.383,0.000,0.617
669500,0.340,0.000,0.660
670000,0.283,0.012,0.705
670500,0.401,0.000,0.599
671000,0.359,0.000,0.641
671500,0.452,0.000,0.548
672000,0.388,0.000,0.612
672500,0.464,0.000,0.536
673000,0.475,0.000,0.525
673500,0.412,0.000,0.588
674000,0.472,0.000,0.528
674500,0.467,0.000,0.533
675000,0.445,0.000,0.555
675500,0.527,0.000,0.473
676000,0.526,0.000,0.474
676500,0.412,0.000,0.588
677000,0.395,0.000,0.605
677500,0.360,0.000,0.640
678000,0.335,0.000,0.665
678500,0.445,0.000,0.555
679000,0.418,0.000,0.582
679500,0.493,0.000,0.507
680000,0.476,0.000,0.524
680500,0.440,0.000,0.560
681000,0.581,0.000,0.419
681500,0.486,0.000,0.514
682000,0.388,0.000,0.612
682500,0.567,0.000,0.433
683000,0.477,0.000,0.523
683500,0.616,0.000,0.384
684000,0.550,0.000,0.450
684500,0.534,0.000,0.466
685000,0.532,0.000,0.468
685500,0.467,0.000,0.533
686000,0.500,0.000,0.500
686500,0.481,0.000,0.519
687000,0.467,0.000,0.533
687500,0.364,0.000,0.636
688000,0.459,0.000,0.541
688500,0.425,0.000,0.575
689000,0.535,0.000,0.465
689500,0.516,0.000,0.484
690000,0.355,0.000,0.645
690500,0.399,0.000,0.601
691000,0.468,0.000,0.532
691500,0.453,0.000,0.547
692000,0.477,0.000,0.523
692500,0.531,0.000,0.469
693000,0.401,0.000,0.599
693500,0.366,0.000,0.634
694000,0.379,0.000,0.621
694500,0.467,0.000,0.533
695000,0.440,0.000,0.560
695500,0.506,0.000,0.494
696000,0.397,0.000,0.603
696500,0.417,0.002,0.581
697000,0.507,0.001,0.492
697500,0.559,0.000,0.441
698000,0.490,0.000,0.510
698500,0.453,0.000,0.547
699000,0.414,0.000,0.586
699500,0.447,0.000,0.553
700000,0.474,0.000,0.526
700500,0.408,0.000,0.592
701000,0.354,0.000,0.646
701500,0.495,0.000,0.505
702000,0.489,0.000,0.511
702500,0.511,0.000,0.489
703000,0.374,0.000,0.626
703500,0.442,0.000,0.558
704000,0.264,0.002,0.734
704500,0.452,0.003,0.545
705000,0.448,0.000,0.552
705500,0.384,0.000,0.616
706000,0.394,0.000,0.606
706500,0.380,0.000,0.620
707000,0.444,0.000,0.556
707500,0.449,0.000,0.551
708000,0.501,0.000,0.499
708500,0.379,0.000,0.621
709000,0.499,0.000,0.501
709500,0.404,0.000,0.596
710000,0.441,0.000,0.559
710500,0.359,0.000,0.641
711000,0.379,0.000,0.621
711500,0.371,0.000,0.629
712000,0.398,0.000,0.602
712500,0.338,0.005,0.657
713000,0.453,0.000,0.547
713500,0.552,0.000,0.448
714000,0.507,0.000,0.493
714500,0.482,0.000,0.518
715000,0.366,0.000,0.634
715500,0.422,0.000,0.578
716000,0.495,0.000,0.505
716500,0.482,0.000,0.518
717000,0.440,0.000,0.560
717500,0.492,0.000,0.508
718000,0.503,0.000,0.497
718500,0.484,0.000,0.516
719000,0.528,0.000,0.472
719500,0.328,0.000,0.672
720000,0.406,0.000,0.594
720500,0.458,0.000,0.542
721000,0.495,0.000,0.505
721500,0.414,0.000,0.586
722000,0.462,0.000,0.538
722500,0.487,0.000,0.513
723000,0.442,0.000,0.558
723500,0.340,0.000,0.660
724000,0.523,0.000,0.477
724500,0.444,0.000,0.556
725000,0.429,0.000,0.571
725500,0.454,0.000,0.546
726000,0.420,0.000,0.580
726500,0.427,0.000,0.573
727000,0.435,0.014,0.551
727500,0.384,0.000,0.616
728000,0.470,0.000,0.530
728500,0.409,0.000,0.591
729000,0.407,0.000,0.593
729500,0.410,0.000,0.590
730000,0.497,0.000,0.503
730500,0.465,0.000,0.535
731000,0.477,0.000,0.523
731500,0.586,0.000,0.414
732000,0.540,0.000,0.460
732500,0.443,0.000,0.557
733000,0.520,0.000,0.480
733500,0.379,0.010,0.611
734000,0.437,0.000,0.563
734500,0.453,0.000,0.547
735000,0.503,0.000,0.497
735500,0.368,0.000,0.632
736000,0.451,0.000,0.549
736500,0.452,0.000,0.548
737000,0.522,0.000,0.478
737500,0.441,0.000,0.559
738000,0.468,0.000,0.532
738500,0.485,0.000,0.515
739000,0.539,0.000,0.461
739500,0.605,0.000,0.395
740000,0.550,0.000,0.450
740500,0.372,0.000,0.628
741000,0.459,0.000,0.541
741500,0.512,0.000,0.488
742000,0.551,0.000,0.449
742500,0.477,0.000,0.523
743000,0.443,0.000,0.557
743500,0.513,0.000,0.487
744000,0.506,0.000,0.494
744500,0.405,0.000,0.595
745000,0.429,0.000,0.571
745500,0.485,0.000,0.515
746000,0.356,0.007,0.637
746500,0.413,0.000,0.587
747000,0.388,0.000,0.612
747500,0.401,0.000,0.599
748000,0.550,0.000,0.450
748500,0.539,0.000,0.461
749000,0.415,0.000,0.585
749500,0.437,0.000,0.563
750000,0.346,0.000,0.654
750500,0.375,0.000,0.625
751000,0.405,0.000,0.595
751500,0.517,0.000,0.483
752000,0.483,0.000,0.517
752500,0.386,0.000,0.614
753000,0.428,0.000,0.572
753500,0.394,0.000,0.606
754000,0.449,0.000,0.551
754500,0.350,0.000,0.650
755000,0.355,0.000,0.645
755500,0.387,0.000,0.613
756000,0.372,0.000,0.628
756500,0.488,0.000,0.512
757000,0.392,0.000,0.608
757500,0.498,0.000,0.502
758000,0.506,0.000,0.494
758500,0.473,0.000,0.527
759000,0.404,0.000,0.596
759500,0.427,0.000,0.573
760000,0.360,0.001,0.639
760500,0.356,0.000,0.644
761000,0.403,0.000,0.597
761500,0.349,0.000,0.651
762000,0.326,0.000,0.674
762500,0.420,0.000,0.580
763000,0.446,0.000,0.554
763500,0.393,0.000,0.607
764000,0.423,0.000,0.577
764500,0.459,0.000,0.541
765000,0.397,0.000,0.603
765500,0.422,0.000,0.578
766000,0.475,0.000,0.525
766500,0.418,0.000,0.582
767000,0.501,0.000,0.499
767500,0.462,0.000,0.538
768000,0.418,0.000,0.582
768500,0.507,0.000,0.493
769000,0.396,0.000,0.604
769500,0.515,0.000,0.485
770000,0.587,0.000,0.413
770500,0.531,0.000,0.469
771000,0.531,0.000,0.469
771500,0.565,0.000,0.435
772000,0.444,0.000,0.556
772500,0.363,0.000,0.637
773000,0.483,0.000,0.517
773500,0.502,0.000,0.498
774000,0.390,0.000,0.610
774500,0.457,0.000,0.543
775000,0.463,0.000,0.537
775500,0.492,0.000,0.508
776000,0.408,0.000,0.592
776500,0.413,0.000,0.587
777000,0.401,0.000,0.599
777500,0.391,0.000,0.609
778000,0.476,0.000,0.524
778500,0.492,0.000,0.508
779000,0.359,0.005,0.636
779500,0.421,0.000,0.579
780000,0.534,0.000,0.466
780500,0.571,0.000,0.429
781000,0.553,0.000,0.447
781500,0.431,0.000,0.569
782000,0.552,0.000,0.448
782500,0.512,0.000,0.488
783000,0.451,0.000,0.549
783500,0.453,0.000,0.547
784000,0.414,0.000,0.586
784500,0.479,0.000,0.521
785000,0.411,0.000,0.589
785500,0.490,0.000,0.510
786000,0.449,0.000,0.551
786500,0.571,0.000,0.429
787000,0.435,0.000,0.565
787500,0.448,0.000,0.552
788000,0.416,0.000,0.584
788500,0.392,0.000,0.608
789000,0.414,0.000,0.586
789500,0.352,0.000,0.648
790000,0.453,0.000,0.547
790500,0.567,0.000,0.433
791000,0.499,0.000,0.501
791500,0.531,0.000,0.469
792000,0.502,0.000,0.498
792500,0.446,0.000,0.554
793000,0.520,0.000,0.480
793500,0.508,0.000,0.492
794000,0.516,0.000,0.484
794500,0.471,0.000,0.529
795000,0.496,0.000,0.504
795500,0.406,0.000,0.594
796000,0.465,0.000,0.535
796500,0.475,0.000,0.525
797000,0.461,0.000,0.539
797500,0.381,0.000,0.619
798000,0.478,0.000,0.522
798500,0.381,0.000,0.619
799000,0.500,0.000,0.500
799500,0.392,0.000,0.608
800000,0.621,0.000,0.379
800500,0.573,0.000,0.427
801000,0.552,0.000,0.448
801500,0.446,0.000,0.554
802000,0.486,0.000,0.514
802500,0.615,0.000,0.385
803000,0.462,0.000,0.538
803500,0.424,0.000,0.576
804000,0.413,0.000,0.587
804500,0.512,0.000,0.488
805000,0.372,0.000,0.628
805500,0.504,0.000,0.496
806000,0.426,0.000,0.574
806500,0.374,0.000,0.626
807000,0.401,0.000,0.599
807500,0.381,0.000,0.619
808000,0.448,0.000,0.552
808500,0.524,0.000,0.476
809000,0.621,0.000,0.379
809500,0.531,0.000,0.469
810000,0.439,0.000,0.561
810500,0.438,0.000,0.562
811000,0.458,0.000,0.542
811500,0.429,0.000,0.571
812000,0.358,0.000,0.642
812500,0.439,0.000,0.561
813000,0.455,0.000,0.545
813500,0.363,0.000,0.637
814000,0.459,0.000,0.541
814500,0.483,0.000,0.517
815000,0.348,0.000,0.652
815500,0.434,0.000,0.566
816000,0.460,0.000,0.540
816500,0.468,0.000,0.532
817000,0.375,0.000,0.625
817500,0.408,0.000,0.592
818000,0.452,0.000,0.548
818500,0.330,0.000,0.670
819000,0.441,0.000,0.559
819500,0.445,0.000,0.555
820000,0.445,0.000,0.555
820500,0.398,0.000,0.602
821000,0.484,0.000,0.516
821500,0.500,0.000,0.500
822000,0.382,0.000,0.618
822500,0.407,0.000,0.593
823000,0.508,0.000,0.492
823500,0.389,0.000,0.611
824000,0.434,0.000,0.566
824500,0.531,0.000,0.469
825000,0.496,0.000,0.504
825500,0.417,0.000,0.583
826000,0.551,0.000,0.449
826500,0.455,0.000,0.545
827000,0.324,0.000,0.676
827500,0.445,0.000,0.555
828000,0.472,0.000,0.528
828500,0.447,0.000,0.553
829000,0.451,0.000,0.549
829500,0.427,0.000,0.573
830000,0.421,0.000,0.579
830500,0.424,0.000,0.576
831000,0.430,0.000,0.570
831500,0.486,0.000,0.514
832000,0.559,0.000,0.441
832500,0.402,0.000,0.598
833000,0.358,0.000,0.642
833500,0.374,0.000,0.626
834000,0.421,0.000,0.579
834500,0.405,0.000,0.595
835000,0.436,0.000,0.564
835500,0.548,0.000,0.452
836000,0.398,0.000,0.602
836500,0.433,0.000,0.567
837000,0.421,0.000,0.579
837500,0.539,0.000,0.461
838000,0.605,0.000,0.395
838500,0.542,0.000,0.458
839000,0.611,0.000,0.389
839500,0.600,0.000,0.400
840000,0.419,0.000,0.581
840500,0.375,0.000,0.625
841000,0.382,0.000,0.618
841500,0.318,0.000,0.682
842000,0.367,0.000,0.633
842500,0.339,0.000,0.661
843000,0.422,0.000,0.578
843500,0.447,0.000,0.553
844000,0.497,0.000,0.503
844500,0.528,0.000,0.472
845000,0.338,0.000,0.662
845500,0.417,0.000,0.583
846000,0.386,0.000,0.614
846500,0.437,0.000,0.563
847000,0.456,0.000,0.544
847500,0.534,0.000,0.466
848000,0.513,0.000,0.487
848500,0.358,0.000,0.642
849000,0.404,0.001,0.595
849500,0.461,0.000,0.539
850000,0.525,0.000,0.475
850500,0.468,0.000,0.532
851000,0.597,0.000,0.403
851500,0.450,0.000,0.550
852000,0.390,0.000,0.610
852500,0.408,0.000,0.592
853000,0.433,0.000,0.567
853500,0.358,0.000,0.642
854000,0.362,0.000,0.638
854500,0.564,0.000,0.436
855000,0.637,0.000,0.363
855500,0.589,0.000,0.411
856000,0.571,0.000,0.429
856500,0.463,0.000,0.537
857000,0.374,0.000,0.626
857500,0.424,0.000,0.576
858000,0.436,0.000,0.564
858500,0.550,0.000,0.450
859000,0.422,0.000,0.578
859500,0.378,0.000,0.622
860000,0.468,0.000,0.532
860500,0.505,0.000,0.495
861000,0.429,0.000,0.571
861500,0.423,0.000,0.577
862000,0.511,0.000,0.489
862500,0.438,0.000,0.562
863000,0.416,0.000,0.584
863500,0.424,0.000,0.576
864000,0.422,0.000,0.578
864500,0.368,0.000,0.632
865000,0.429,0.000,0.571
865500,0.394,0.000,0.606
866000,0.414,0.000,0.586
866500,0.405,0.000,0.595
867000,0.395,0.000,0.605
867500,0.336,0.000,0.664
868000,0.375,0.000,0.625
868500,0.433,0.000,0.567
869000,0.483,0.000,0.517
869500,0.346,0.000,0.654
870000,0.365,0.000,0.635
870500,0.505,0.000,0.495
871000,0.419,0.000,0.581
871500,0.431,0.000,0.569
872000,0.444,0.000,0.556
872500,0.391,0.000,0.609
873000,0.498,0.000,0.502
873500,0.477,0.000,0.523
874000,0.425,0.000,0.575
874500,0.463,0.000,0.537
875000,0.536,0.000,0.464
875500,0.427,0.000,0.573
876000,0.486,0.000,0.514
876500,0.422,0.000,0.578
877000,0.467,0.000,0.533
877500,0.407,0.000,0.593
878000,0.464,0.000,0.536
878500,0.448,0.000,0.552
879000,0.488,0.000,0.512
879500,0.603,0.000,0.397
880000,0.733,0.000,0.267
880500,0.479,0.000,0.521
881000,0.392,0.000,0.608
881500,0.423,0.000,0.577
882000,0.336,0.000,0.664
882500,0.510,0.000,0.490
883000,0.450,0.000,0.550
883500,0.393,0.000,0.607
884000,0.476,0.000,0.524
884500,0.601,0.000,0.399
885000,0.540,0.000,0.460
885500,0.527,0.000,0.473
886000,0.484,0.000,0.516
886500,0.450,0.000,0.550
887000,0.476,0.000,0.524
887500,0.408,0.000,0.592
888000,0.440,0.000,0.560
888500,0.433,0.000,0.567
889000,0.382,0.000,0.618
889500,0.418,0.000,0.582
890000,0.421,0.000,0.579
890500,0.498,0.000,0.502
891000,0.361,0.000,0.639
891500,0.379,0.000,0.621
892000,0.518,0.000,0.482
892500,0.417,0.000,0.583
893000,0.399,0.000,0.601
893500,0.462,0.000,0.538
894000,0.482,0.000,0.518
894500,0.486,0.000,0.514
895000,0.300,0.000,0.700
895500,0.516,0.000,0.484
896000,0.498,0.000,0.502
896500,0.477,0.000,0.523
897000,0.508,0.000,0.492
897500,0.506,0.000,0.494
898000,0.355,0.003,0.642
898500,0.393,0.000,0.607
899000,0.430,0.000,0.570
899500,0.521,0.000,0.479
900000,0.564,0.000,0.436
900500,0.424,0.000,0.576
901000,0.458,0.000,0.542
901500,0.431,0.000,0.569
902000,0.571,0.000,0.429
902500,0.503,0.000,0.497
903000,0.426,0.000,0.574
903500,0.505,0.000,0.495
904000,0.473,0.000,0.527
904500,0.565,0.000,0.435
905000,0.502,0.000,0.498
905500,0.495,0.000,0.505
906000,0.439,0.000,0.561
906500,0.415,0.000,0.585
907000,0.408,0.000,0.592
907500,0.444,0.000,0.556
908000,0.456,0.000,0.544
908500,0.460,0.000,0.540
909000,0.464,0.000,0.536
909500,0.444,0.000,0.556
910000,0.431,0.000,0.569
910500,0.408,0.000,0.592
911000,0.394,0.000,0.606
911500,0.437,0.000,0.563
912000,0.439,0.000,0.561
912500,0.502,0.000,0.498
913000,0.500,0.000,0.500
913500,0.552,0.000,0.448
914000,0.514,0.000,0.486
914500,0.524,0.000,0.476
915000,0.498,0.000,0.502
915500,0.404,0.000,0.596
916000,0.365,0.000,0.635
916500,0.350,0.000,0.650
917000,0.474,0.000,0.526
917500,0.490,0.000,0.510
918000,0.563,0.000,0.437
918500,0.529,0.000,0.471
919000,0.399,0.000,0.601
919500,0.491,0.000,0.509
920000,0.411,0.000,0.589
920500,0.413,0.000,0.587
921000,0.439,0.000,0.561
921500,0.479,0.000,0.521
922000,0.445,0.000,0.555
922500,0.465,0.000,0.535
923000,0.406,0.000,0.594
923500,0.467,0.000,0.533
924000,0.535,0.000,0.465
924500,0.444,0.000,0.556
925000,0.545,0.000,0.455
925500,0.506,0.000,0.494
926000,0.539,0.000,0.461
926500,0.453,0.000,0.547
927000,0.516,0.000,0.484
927500,0.428,0.000,0.572
928000,0.420,0.000,0.580
928500,0.462,0.000,0.538
929000,0.491,0.000,0.509
929500,0.462,0.000,0.538
930000,0.438,0.000,0.562
930500,0.408,0.000,0.592
931000,0.421,0.000,0.579
931500,0.410,0.000,0.590
932000,0.445,0.000,0.555
932500,0.369,0.000,0.631
933000,0.409,0.000,0.591
933500,0.435,0.000,0.565
934000,0.481,0.000,0.519
934500,0.468,0.000,0.532
935000,0.452,0.000,0.548
935500,0.410,0.000,0.590
936000,0.474,0.000,0.526
936500,0.490,0.000,0.510
937000,0.462,0.000,0.538
937500,0.473,0.000,0.527
938000,0.508,0.000,0.492
938500,0.516,0.000,0.484
939000,0.397,0.000,0.603
939500,0.545,0.000,0.455
940000,0.462,0.000,0.538
940500,0.448,0.000,0.552
941000,0.330,0.000,0.670
941500,0.466,0.000,0.534
942000,0.432,0.000,0.568
942500,0.393,0.000,0.607
943000,0.404,0.000,0.596
943500,0.538,0.000,0.462
944000,0.523,0.000,0.477
944500,0.504,0.000,0.496
945000,0.401,0.000,0.599
945500,0.363,0.000,0.637
946000,0.341,0.000,0.659
946500,0.366,0.000,0.634
947000,0.362,0.000,0.638
947500,0.455,0.000,0.545
948000,0.508,0.000,0.492
948500,0.550,0.000,0.450
949000,0.383,0.000,0.617
949500,0.395,0.000,0.605
950000,0.435,0.000,0.565
950500,0.528,0.000,0.472
951000,0.380,0.000,0.620
951500,0.403,0.000,0.597
952000,0.467,0.000,0.533
952500,0.488,0.000,0.512
953000,0.445,0.000,0.555
953500,0.425,0.000,0.575
954000,0.407,0.000,0.593
954500,0.394,0.000,0.606
955000,0.389,0.000,0.611
955500,0.417,0.000,0.583
956000,0.366,0.000,0.634
956500,0.450,0.000,0.550
957000,0.396,0.000,0.604
957500,0.509,0.000,0.491
958000,0.395,0.000,0.605
958500,0.364,0.000,0.636
959000,0.464,0.000,0.536
959500,0.438,0.000,0.562
960000,0.432,0.000,0.568
960500,0.349,0.000,0.651
961000,0.516,0.000,0.484
961500,0.433,0.000,0.567
962000,0.391,0.000,0.609
962500,0.493,0.000,0.507
963000,0.564,0.000,0.436
963500,0.493,0.000,0.507
964000,0.439,0.000,0.561
964500,0.487,0.000,0.513
965000,0.497,0.000,0.503
965500,0.572,0.000,0.428
966000,0.505,0.000,0.495
966500,0.610,0.000,0.390
967000,0.484,0.000,0.516
967500,0.441,0.000,0.559
968000,0.474,0.000,0.526
968500,0.410,0.000,0.590
969000,0.545,0.000,0.455
969500,0.477,0.000,0.523
970000,0.454,0.000,0.546
970500,0.442,0.000,0.558
971000,0.492,0.000,0.508
971500,0.422,0.000,0.578
972000,0.484,0.000,0.516
972500,0.535,0.000,0.465
973000,0.461,0.000,0.539
973500,0.464,0.000,0.536
974000,0.463,0.000,0.537
974500,0.447,0.000,0.553
975000,0.458,0.000,0.542
975500,0.436,0.000,0.564
976000,0.379,0.000,0.621
976500,0.418,0.000,0.582
977000,0.489,0.000,0.511
977500,0.425,0.000,0.575
978000,0.363,0.006,0.631
978500,0.465,0.000,0.535
979000,0.555,0.000,0.445
979500,0.528,0.000,0.472
980000,0.578,0.000,0.422
980500,0.597,0.000,0.403
981000,0.464,0.000,0.536
981500,0.473,0.000,0.527
982000,0.402,0.000,0.598
982500,0.463,0.000,0.537
983000,0.493,0.000,0.507
983500,0.377,0.000,0.623
984000,0.369,0.000,0.631
984500,0.478,0.000,0.522
985000,0.507,0.000,0.493
985500,0.486,0.000,0.514
986000,0.397,0.000,0.603
986500,0.403,0.000,0.597
987000,0.432,0.000,0.568
987500,0.399,0.000,0.601
988000,0.366,0.000,0.634
988500,0.405,0.000,0.595
989000,0.451,0.000,0.549
989500,0.384,0.000,0.616
990000,0.437,0.000,0.563
990500,0.537,0.000,0.463
991000,0.446,0.000,0.554
991500,0.465,0.000,0.535
992000,0.474,0.000,0.526
992500,0.508,0.000,0.492
993000,0.448,0.000,0.552
993500,0.510,0.000,0.490
994000,0.373,0.000,0.627
994500,0.539,0.000,0.461
995000,0.445,0.000,0.555
995500,0.420,0.000,0.580
996000,0.418,0.000,0.582
996500,0.505,0.000,0.495
997000,0.501,0.000,0.499
997500,0.395,0.000,0.605
998000,0.475,0.000,0.525
998500,0.459,0.000,0.541
999000,0.538,0.000,0.462
999500,0.425,0.000,0.575
1000000,0.532,0.000,0.468
