time,n_A+p,n_B,n_AB
500,0.080,0.885,0.035
1000,0.080,0.854,0.067
1500,0.082,0.834,0.085
2000,0.081,0.812,0.107
2500,0.081,0.783,0.136
3000,0.085,0.761,0.154
3500,0.085,0.747,0.169
4000,0.087,0.715,0.198
4500,0.086,0.702,0.212
5000,0.091,0.691,0.218
5500,0.092,0.686,0.221
6000,0.091,0.684,0.224
6500,0.090,0.668,0.241
7000,0.092,0.679,0.229
7500,0.092,0.669,0.239
8000,0.099,0.652,0.249
8500,0.102,0.665,0.233
9000,0.096,0.664,0.240
9500,0.100,0.649,0.251
10000,0.098,0.652,0.250
10500,0.102,0.619,0.279
11000,0.102,0.607,0.291
11500,0.104,0.620,0.276
12000,0.107,0.614,0.279
12500,0.105,0.599,0.295
13000,0.103,0.603,0.293
13500,0.114,0.591,0.296
14000,0.121,0.578,0.301
14500,0.118,0.572,0.309
15000,0.114,0.560,0.326
15500,0.115,0.546,0.339
16000,0.114,0.576,0.310
16500,0.117,0.570,0.314
17000,0.120,0.574,0.306
17500,0.120,0.546,0.333
18000,0.133,0.546,0.321
18500,0.133,0.542,0.325
19000,0.132,0.550,0.318
19500,0.130,0.535,0.335
20000,0.131,0.542,0.327
20500,0.126,0.549,0.325
21000,0.132,0.554,0.314
21500,0.126,0.558,0.317
22000,0.126,0.567,0.308
22500,0.129,0.570,0.301
23000,0.132,0.557,0.311
23500,0.135,0.556,0.308
24000,0.137,0.549,0.314
24500,0.134,0.536,0.331
25000,0.130,0.546,0.324
25500,0.141,0.538,0.321
26000,0.139,0.557,0.304
26500,0.136,0.555,0.309
27000,0.134,0.548,0.318
27500,0.132,0.549,0.319
28000,0.122,0.558,0.319
28500,0.125,0.569,0.306
29000,0.128,0.556,0.316
29500,0.120,0.543,0.336
30000,0.124,0.540,0.336
30500,0.117,0.543,0.340
31000,0.118,0.548,0.334
31500,0.123,0.554,0.323
32000,0.117,0.549,0.334
32500,0.126,0.556,0.318
33000,0.129,0.544,0.327
33500,0.127,0.528,0.345
34000,0.129,0.537,0.334
34500,0.132,0.532,0.336
35000,0.135,0.511,0.354
35500,0.137,0.516,0.347
36000,0.134,0.519,0.348
36500,0.142,0.534,0.324
37000,0.139,0.529,0.332
37500,0.133,0.527,0.340
38000,0.134,0.509,0.357
38500,0.138,0.506,0.356
39000,0.148,0.512,0.339
39500,0.141,0.505,0.354
40000,0.138,0.511,0.351
40500,0.139,0.522,0.339
41000,0.141,0.511,0.348
41500,0.143,0.527,0.330
42000,0.144,0.527,0.329
42500,0.137,0.506,0.357
43000,0.139,0.513,0.348
43500,0.141,0.517,0.341
44000,0.140,0.492,0.369
44500,0.149,0.496,0.355
45000,0.151,0.501,0.348
45500,0.148,0.520,0.332
46000,0.143,0.532,0.325
46500,0.145,0.522,0.333
47000,0.135,0.542,0.323
47500,0.132,0.531,0.337
48000,0.133,0.552,0.315
48500,0.137,0.549,0.314
49000,0.133,0.546,0.321
49500,0.138,0.545,0.317
50000,0.135,0.530,0.335
50500,0.136,0.526,0.338
51000,0.138,0.529,0.333
51500,0.133,0.527,0.340
52000,0.139,0.514,0.347
52500,0.148,0.506,0.346
53000,0.146,0.513,0.341
53500,0.144,0.504,0.351
54000,0.137,0.517,0.346
54500,0.139,0.523,0.338
55000,0.133,0.518,0.349
55500,0.123,0.521,0.355
56000,0.123,0.538,0.338
56500,0.131,0.538,0.331
57000,0.131,0.545,0.324
57500,0.130,0.538,0.332
58000,0.133,0.514,0.353
58500,0.123,0.513,0.364
59000,0.133,0.520,0.347
59500,0.133,0.525,0.342
60000,0.135,0.527,0.338
60500,0.131,0.547,0.322
61000,0.130,0.531,0.339
61500,0.134,0.538,0.329
62000,0.138,0.529,0.333
62500,0.131,0.533,0.336
63000,0.127,0.553,0.320
63500,0.134,0.557,0.309
64000,0.127,0.554,0.319
64500,0.129,0.547,0.324
65000,0.130,0.549,0.322
65500,0.134,0.537,0.329
66000,0.126,0.541,0.333
66500,0.117,0.544,0.339
67000,0.117,0.552,0.331
67500,0.124,0.558,0.318
68000,0.124,0.565,0.311
68500,0.132,0.562,0.306
69000,0.126,0.565,0.309
69500,0.129,0.548,0.323
70000,0.131,0.553,0.316
70500,0.130,0.562,0.308
71000,0.127,0.570,0.303
71500,0.132,0.566,0.303
72000,0.123,0.581,0.296
72500,0.116,0.580,0.304
73000,0.118,0.562,0.320
73500,0.117,0.565,0.319
74000,0.123,0.554,0.323
74500,0.123,0.566,0.311
75000,0.120,0.558,0.321
75500,0.120,0.578,0.302
76000,0.112,0.556,0.332
76500,0.113,0.570,0.318
77000,0.117,0.576,0.307
77500,0.117,0.573,0.310
78000,0.123,0.576,0.301
78500,0.126,0.564,0.311
79000,0.119,0.575,0.306
79500,0.120,0.579,0.301
80000,0.123,0.559,0.318
80500,0.118,0.562,0.319
81000,0.125,0.560,0.315
81500,0.123,0.558,0.319
82000,0.130,0.551,0.319
82500,0.138,0.533,0.329
83000,0.136,0.525,0.339
83500,0.135,0.509,0.356
84000,0.130,0.513,0.357
84500,0.135,0.495,0.370
85000,0.138,0.481,0.382
85500,0.138,0.486,0.376
86000,0.136,0.502,0.362
86500,0.142,0.503,0.354
87000,0.141,0.514,0.345
87500,0.141,0.503,0.356
88000,0.145,0.490,0.365
88500,0.149,0.488,0.363
89000,0.160,0.507,0.333
89500,0.169,0.490,0.342
90000,0.162,0.496,0.342
90500,0.162,0.494,0.344
91000,0.159,0.490,0.352
91500,0.155,0.493,0.352
92000,0.155,0.467,0.378
92500,0.164,0.460,0.376
93000,0.172,0.459,0.370
93500,0.175,0.448,0.377
94000,0.169,0.443,0.388
94500,0.176,0.447,0.377
95000,0.183,0.440,0.377
95500,0.185,0.435,0.380
96000,0.182,0.434,0.384
96500,0.172,0.434,0.393
97000,0.184,0.418,0.398
97500,0.198,0.428,0.374
98000,0.206,0.418,0.376
98500,0.203,0.406,0.390
99000,0.205,0.391,0.403
99500,0.196,0.388,0.416
100000,0.213,0.392,0.395
100500,0.217,0.390,0.392
101000,0.212,0.388,0.401
101500,0.222,0.383,0.395
102000,0.224,0.372,0.404
102500,0.220,0.367,0.413
103000,0.220,0.357,0.423
103500,0.224,0.360,0.416
104000,0.235,0.366,0.398
104500,0.235,0.342,0.423
105000,0.240,0.349,0.410
105500,0.253,0.334,0.413
106000,0.251,0.330,0.419
106500,0.251,0.329,0.421
107000,0.259,0.315,0.426
107500,0.275,0.302,0.423
108000,0.286,0.269,0.445
108500,0.290,0.267,0.443
109000,0.306,0.274,0.419
109500,0.326,0.261,0.413
110000,0.338,0.251,0.411
110500,0.341,0.229,0.431
111000,0.334,0.218,0.448
111500,0.350,0.193,0.458
112000,0.389,0.191,0.420
112500,0.412,0.179,0.408
113000,0.437,0.159,0.404
113500,0.467,0.143,0.390
114000,0.499,0.098,0.403
114500,0.522,0.085,0.393
115000,0.544,0.080,0.376
115500,0.584,0.068,0.348
116000,0.638,0.064,0.298
116500,0.677,0.043,0.280
117000,0.718,0.031,0.251
117500,0.744,0.023,0.233
118000,0.777,0.016,0.207
118500,0.802,0.011,0.187
119000,0.832,0.009,0.160
119500,0.854,0.004,0.142
120000,0.865,0.004,0.132
120500,0.890,0.002,0.108
121000,0.904,0.001,0.095
121500,0.919,0.001,0.080
122000,0.935,0.001,0.064
122500,0.944,0.001,0.056
123000,0.953,0.000,0.047
123500,0.963,0.000,0.037
124000,0.971,0.000,0.029
124500,0.975,0.000,0.025
125000,0.978,0.000,0.022
125500,0.981,0.000,0.019
126000,0.986,0.000,0.014
126500,0.987,0.000,0.013
127000,0.991,0.000,0.009
127500,0.995,0.000,0.005
128000,0.992,0.000,0.008
128500,0.992,0.000,0.008
129000,0.995,0.000,0.005
129500,0.996,0.000,0.004
130000,0.996,0.000,0.004
130500,0.995,0.000,0.005
131000,0.995,0.000,0.005
131500,0.997,0.000,0.003
132000,0.996,0.000,0.004
132500,0.998,0.000,0.002
133000,0.998,0.000,0.002
133500,1.000,0.000,0.000
134000,1.000,0.000,0.000
134500,1.000,0.000,0.000
135000,1.000,0.000,0.000
135500,1.000,0.000,0.000
136000,1.000,0.000,0.000
136500,1.000,0.000,0.000
137000,1.000,0.000,0.000
137500,1.000,0.000,0.000
138000,1.000,0.000,0.000
138500,1.000,0.000,0.000
139000,1.000,0.000,0.000
139500,0.999,0.000,0.001
140000,0.999,0.000,0.001
140500,1.000,0.000,0.000
141000,1.000,0.000,0.000
