time,n_A+p,n_B,n_AB,avg_entropy_simp
500,0.031,0.964,0.005,0.044917
1000,0.032,0.951,0.017,0.074319
1500,0.033,0.940,0.028,0.079793
2000,0.033,0.927,0.040,0.122102
2500,0.051,0.918,0.031,0.111324
3000,0.041,0.913,0.046,0.126879
3500,0.041,0.893,0.066,0.155428
4000,0.044,0.913,0.043,0.124694
4500,0.045,0.904,0.051,0.117730
5000,0.046,0.893,0.061,0.146304
5500,0.043,0.898,0.059,0.097563
6000,0.063,0.865,0.072,0.242378
6500,0.062,0.860,0.078,0.202631
7000,0.066,0.849,0.085,0.196148
7500,0.079,0.826,0.095,0.217992
8000,0.070,0.823,0.106,0.212697
8500,0.053,0.829,0.117,0.191528
9000,0.051,0.839,0.110,0.164256
9500,0.050,0.848,0.102,0.162329
10000,0.056,0.819,0.125,0.217859
10500,0.060,0.819,0.121,0.227011
11000,0.054,0.821,0.125,0.213824
11500,0.051,0.843,0.106,0.195645
12000,0.045,0.838,0.117,0.192327
12500,0.057,0.835,0.108,0.229821
13000,0.056,0.856,0.088,0.132499
13500,0.064,0.853,0.083,0.131889
14000,0.083,0.810,0.107,0.254376
14500,0.084,0.815,0.101,0.218074
15000,0.081,0.798,0.122,0.244931
15500,0.088,0.796,0.116,0.254362
16000,0.103,0.781,0.115,0.313669
16500,0.110,0.772,0.117,0.286735
17000,0.103,0.775,0.122,0.314344
17500,0.088,0.787,0.126,0.287022
18000,0.088,0.813,0.099,0.199598
18500,0.081,0.810,0.109,0.205851
19000,0.065,0.829,0.105,0.179780
19500,0.055,0.844,0.101,0.169908
20000,0.077,0.828,0.095,0.203132
20500,0.079,0.814,0.107,0.233573
21000,0.087,0.818,0.095,0.218663
21500,0.067,0.819,0.113,0.236872
22000,0.061,0.824,0.114,0.224648
22500,0.067,0.818,0.114,0.207038
23000,0.088,0.785,0.127,0.284671
23500,0.093,0.778,0.129,0.240490
24000,0.088,0.789,0.124,0.257301
24500,0.091,0.764,0.145,0.279380
25000,0.082,0.780,0.138,0.248241
25500,0.094,0.750,0.156,0.247001
26000,0.085,0.762,0.153,0.227105
26500,0.069,0.783,0.147,0.220883
27000,0.086,0.765,0.149,0.242849
27500,0.106,0.735,0.158,0.274725
28000,0.103,0.760,0.137,0.233763
28500,0.103,0.744,0.153,0.254740
29000,0.083,0.767,0.150,0.231712
29500,0.106,0.762,0.132,0.241403
30000,0.093,0.772,0.135,0.244583
30500,0.085,0.771,0.144,0.220817
31000,0.078,0.760,0.162,0.258153
31500,0.074,0.769,0.157,0.247113
32000,0.086,0.756,0.158,0.245727
32500,0.082,0.783,0.135,0.225493
33000,0.097,0.776,0.127,0.208070
33500,0.098,0.768,0.134,0.227716
34000,0.094,0.793,0.113,0.175051
34500,0.087,0.807,0.106,0.171327
35000,0.095,0.779,0.126,0.246284
35500,0.095,0.798,0.107,0.191289
36000,0.091,0.776,0.133,0.219716
36500,0.103,0.770,0.127,0.270185
37000,0.101,0.763,0.136,0.232898
37500,0.118,0.727,0.154,0.290207
38000,0.124,0.729,0.147,0.297815
38500,0.156,0.705,0.139,0.287728
39000,0.164,0.678,0.157,0.321261
39500,0.175,0.669,0.156,0.325800
40000,0.141,0.684,0.175,0.328173
40500,0.137,0.662,0.201,0.367585
41000,0.166,0.647,0.187,0.342377
41500,0.170,0.628,0.202,0.366607
42000,0.202,0.602,0.196,0.371815
42500,0.225,0.596,0.180,0.393655
43000,0.224,0.564,0.212,0.404983
43500,0.218,0.570,0.212,0.409804
44000,0.217,0.565,0.219,0.397502
44500,0.222,0.540,0.238,0.401804
45000,0.251,0.516,0.233,0.390466
45500,0.303,0.477,0.220,0.414317
46000,0.323,0.464,0.213,0.392543
46500,0.295,0.465,0.240,0.408848
47000,0.323,0.455,0.223,0.377645
47500,0.344,0.437,0.219,0.331199
48000,0.368,0.412,0.221,0.336674
48500,0.339,0.438,0.223,0.321833
49000,0.352,0.441,0.206,0.336824
49500,0.377,0.419,0.204,0.335650
50000,0.398,0.394,0.207,0.323384
50500,0.416,0.401,0.183,0.308331
51000,0.420,0.390,0.190,0.295602
51500,0.420,0.390,0.190,0.342698
52000,0.423,0.372,0.205,0.320072
52500,0.423,0.385,0.192,0.303848
53000,0.403,0.388,0.208,0.345998
53500,0.422,0.389,0.189,0.315955
54000,0.432,0.374,0.194,0.293624
54500,0.456,0.340,0.204,0.285720
55000,0.453,0.348,0.199,0.333578
55500,0.439,0.358,0.203,0.352870
56000,0.459,0.360,0.182,0.345285
56500,0.477,0.350,0.173,0.292792
57000,0.476,0.323,0.201,0.299037
57500,0.508,0.304,0.188,0.253207
58000,0.497,0.305,0.197,0.295014
58500,0.498,0.298,0.203,0.299620
59000,0.508,0.285,0.207,0.270095
59500,0.532,0.276,0.192,0.204462
60000,0.524,0.284,0.192,0.227856
60500,0.569,0.257,0.174,0.138518
61000,0.577,0.249,0.174,0.163055
61500,0.591,0.249,0.159,0.150511
62000,0.606,0.241,0.153,0.122053
62500,0.618,0.234,0.148,0.130339
63000,0.625,0.228,0.147,0.132968
63500,0.635,0.219,0.146,0.117502
64000,0.642,0.222,0.136,0.104736
64500,0.655,0.217,0.129,0.069576
65000,0.666,0.211,0.123,0.071381
65500,0.661,0.208,0.131,0.107276
66000,0.647,0.217,0.137,0.132532
66500,0.657,0.219,0.125,0.083882
67000,0.666,0.219,0.115,0.078899
67500,0.655,0.222,0.124,0.106207
68000,0.677,0.211,0.111,0.099093
68500,0.678,0.203,0.118,0.080308
69000,0.677,0.198,0.125,0.119943
69500,0.688,0.192,0.120,0.055647
70000,0.695,0.191,0.114,0.059339
70500,0.689,0.190,0.121,0.093112
71000,0.693,0.189,0.118,0.078746
71500,0.688,0.190,0.122,0.131732
72000,0.693,0.188,0.120,0.135058
72500,0.700,0.185,0.115,0.079568
73000,0.709,0.175,0.116,0.086654
73500,0.718,0.173,0.109,0.045010
74000,0.724,0.170,0.106,0.042668
74500,0.714,0.182,0.104,0.083167
75000,0.722,0.180,0.098,0.048703
75500,0.705,0.186,0.109,0.083093
76000,0.708,0.181,0.111,0.058937
76500,0.709,0.178,0.113,0.093182
77000,0.713,0.181,0.106,0.084080
77500,0.702,0.178,0.121,0.111802
78000,0.680,0.192,0.128,0.162316
78500,0.688,0.182,0.130,0.122556
79000,0.695,0.171,0.135,0.134617
79500,0.698,0.171,0.132,0.163417
80000,0.692,0.178,0.131,0.140556
80500,0.707,0.169,0.125,0.132898
81000,0.688,0.176,0.136,0.195918
81500,0.691,0.171,0.139,0.186783
82000,0.711,0.171,0.118,0.120493
82500,0.719,0.162,0.118,0.164416
83000,0.687,0.169,0.144,0.228467
83500,0.693,0.159,0.148,0.160670
84000,0.705,0.166,0.129,0.171179
84500,0.702,0.166,0.132,0.165218
85000,0.698,0.158,0.144,0.188979
85500,0.692,0.173,0.136,0.194612
86000,0.692,0.171,0.138,0.181809
86500,0.695,0.170,0.136,0.175349
87000,0.693,0.173,0.135,0.198059
87500,0.691,0.170,0.140,0.202293
88000,0.685,0.166,0.148,0.195184
88500,0.667,0.177,0.156,0.233825
89000,0.697,0.157,0.146,0.154346
89500,0.722,0.154,0.124,0.107547
90000,0.726,0.152,0.122,0.103255
90500,0.724,0.148,0.128,0.110931
91000,0.740,0.141,0.120,0.086934
91500,0.754,0.139,0.107,0.072078
92000,0.764,0.140,0.096,0.055435
92500,0.760,0.137,0.103,0.063674
93000,0.771,0.133,0.096,0.044439
93500,0.780,0.131,0.089,0.025490
94000,0.768,0.132,0.100,0.048454
94500,0.776,0.123,0.101,0.040579
95000,0.769,0.139,0.092,0.055113
95500,0.770,0.136,0.094,0.045477
96000,0.768,0.137,0.095,0.054691
96500,0.751,0.147,0.102,0.096712
97000,0.754,0.143,0.103,0.091406
97500,0.755,0.142,0.103,0.102611
98000,0.751,0.135,0.114,0.087875
98500,0.746,0.135,0.120,0.091855
99000,0.754,0.135,0.111,0.057641
99500,0.742,0.130,0.129,0.079328
100000,0.737,0.129,0.134,0.101784
