time,n_A+p,n_B,n_AB
500,0.080,0.593,0.327
1000,0.085,0.377,0.538
1500,0.122,0.203,0.675
2000,0.235,0.089,0.676
2500,0.436,0.014,0.550
3000,0.666,0.001,0.333
3500,0.679,0.000,0.321
4000,0.756,0.000,0.244
4500,0.827,0.000,0.173
5000,0.820,0.000,0.180
5500,0.845,0.000,0.155
6000,0.886,0.000,0.114
6500,0.922,0.000,0.078
7000,0.950,0.000,0.050
7500,0.964,0.000,0.036
8000,0.945,0.000,0.055
8500,0.963,0.000,0.037
9000,0.985,0.000,0.015
9500,0.995,0.000,0.005
10000,1.000,0.000,0.000
