time,n_A+p,n_B,n_AB
100,0.373,0.447,0.180
200,0.332,0.369,0.300
300,0.318,0.410,0.272
400,0.313,0.359,0.327
500,0.272,0.336,0.392
600,0.249,0.341,0.410
700,0.230,0.323,0.447
800,0.226,0.355,0.419
900,0.240,0.313,0.447
1000,0.272,0.309,0.419
1100,0.258,0.304,0.438
1200,0.258,0.276,0.465
1300,0.244,0.212,0.544
1400,0.253,0.230,0.516
1500,0.249,0.189,0.562
1600,0.290,0.175,0.535
1700,0.350,0.180,0.470
1800,0.336,0.203,0.461
1900,0.263,0.161,0.576
2000,0.300,0.161,0.539
2100,0.355,0.175,0.470
2200,0.355,0.221,0.424
2300,0.341,0.180,0.479
2400,0.369,0.157,0.475
2500,0.406,0.157,0.438
2600,0.378,0.147,0.475
2700,0.387,0.138,0.475
2800,0.401,0.189,0.410
2900,0.364,0.152,0.484
3000,0.415,0.129,0.456
3100,0.396,0.143,0.461
3200,0.378,0.152,0.470
3300,0.346,0.152,0.502
3400,0.332,0.226,0.442
3500,0.318,0.263,0.419
3600,0.313,0.249,0.438
3700,0.336,0.226,0.438
3800,0.346,0.263,0.392
3900,0.336,0.272,0.392
4000,0.318,0.263,0.419
4100,0.267,0.272,0.461
4200,0.290,0.286,0.424
4300,0.281,0.276,0.442
4400,0.327,0.253,0.419
4500,0.323,0.240,0.438
4600,0.295,0.240,0.465
4700,0.309,0.281,0.410
4800,0.359,0.253,0.387
4900,0.359,0.253,0.387
5000,0.336,0.249,0.415
5100,0.382,0.217,0.401
5200,0.382,0.189,0.429
5300,0.341,0.194,0.465
5400,0.382,0.194,0.424
5500,0.396,0.217,0.387
5600,0.401,0.207,0.392
5700,0.401,0.189,0.410
5800,0.392,0.175,0.433
5900,0.382,0.143,0.475
6000,0.341,0.171,0.488
6100,0.369,0.180,0.452
6200,0.373,0.175,0.452
6300,0.359,0.212,0.429
6400,0.336,0.207,0.456
6500,0.369,0.175,0.456
6600,0.419,0.143,0.438
6700,0.419,0.124,0.456
6800,0.415,0.134,0.452
6900,0.373,0.124,0.502
7000,0.410,0.115,0.475
7100,0.452,0.124,0.424
7200,0.461,0.088,0.452
7300,0.470,0.106,0.424
7400,0.488,0.101,0.410
7500,0.479,0.106,0.415
7600,0.548,0.083,0.369
7700,0.521,0.101,0.378
7800,0.502,0.101,0.396
7900,0.571,0.078,0.350
8000,0.521,0.101,0.378
8100,0.502,0.115,0.382
8200,0.521,0.101,0.378
8300,0.576,0.111,0.313
8400,0.516,0.124,0.359
8500,0.558,0.092,0.350
8600,0.525,0.134,0.341
8700,0.539,0.106,0.355
8800,0.544,0.078,0.378
8900,0.608,0.083,0.309
9000,0.544,0.069,0.387
9100,0.544,0.074,0.382
9200,0.539,0.106,0.355
9300,0.521,0.101,0.378
9400,0.479,0.124,0.396
9500,0.558,0.106,0.336
9600,0.599,0.097,0.304
9700,0.553,0.097,0.350
9800,0.562,0.097,0.341
9900,0.525,0.101,0.373
10000,0.562,0.074,0.364
10100,0.525,0.078,0.396
10200,0.544,0.051,0.406
10300,0.599,0.083,0.318
10400,0.599,0.078,0.323
10500,0.604,0.083,0.313
10600,0.576,0.074,0.350
10700,0.608,0.078,0.313
10800,0.636,0.065,0.300
10900,0.650,0.069,0.281
11000,0.673,0.055,0.272
11100,0.733,0.023,0.244
11200,0.760,0.032,0.207
11300,0.797,0.028,0.175
11400,0.779,0.028,0.194
11500,0.811,0.028,0.161
11600,0.834,0.032,0.134
11700,0.816,0.023,0.161
11800,0.806,0.018,0.175
11900,0.820,0.014,0.166
12000,0.829,0.014,0.157
12100,0.802,0.009,0.189
12200,0.802,0.009,0.189
12300,0.825,0.028,0.147
12400,0.779,0.018,0.203
12500,0.756,0.018,0.226
12600,0.788,0.018,0.194
12700,0.797,0.009,0.194
12800,0.793,0.018,0.189
12900,0.816,0.032,0.152
13000,0.816,0.028,0.157
13100,0.811,0.023,0.166
13200,0.820,0.028,0.152
13300,0.839,0.014,0.147
13400,0.862,0.009,0.129
13500,0.862,0.005,0.134
13600,0.848,0.005,0.147
13700,0.862,0.005,0.134
13800,0.853,0.005,0.143
13900,0.843,0.023,0.134
14000,0.853,0.009,0.138
14100,0.871,0.018,0.111
14200,0.853,0.014,0.134
14300,0.857,0.005,0.138
14400,0.880,0.005,0.115
14500,0.894,0.005,0.101
14600,0.871,0.009,0.120
14700,0.862,0.005,0.134
14800,0.862,0.014,0.124
14900,0.834,0.028,0.138
15000,0.843,0.023,0.134
15100,0.829,0.005,0.166
15200,0.820,0.014,0.166
15300,0.839,0.009,0.152
15400,0.871,0.005,0.124
15500,0.843,0.028,0.129
15600,0.829,0.014,0.157
15700,0.820,0.005,0.175
15800,0.853,0.009,0.138
15900,0.857,0.014,0.129
16000,0.862,0.018,0.120
16100,0.885,0.009,0.106
16200,0.876,0.009,0.115
16300,0.889,0.009,0.101
16400,0.894,0.009,0.097
16500,0.922,0.014,0.065
16600,0.931,0.014,0.055
16700,0.912,0.009,0.078
16800,0.903,0.005,0.092
16900,0.880,0.005,0.115
17000,0.876,0.005,0.120
17100,0.899,0.005,0.097
17200,0.903,0.005,0.092
17300,0.903,0.009,0.088
17400,0.926,0.009,0.065
17500,0.945,0.005,0.051
17600,0.949,0.005,0.046
17700,0.963,0.005,0.032
17800,0.968,0.005,0.028
17900,0.963,0.000,0.037
18000,0.963,0.000,0.037
18100,0.968,0.000,0.032
18200,0.977,0.000,0.023
18300,0.982,0.000,0.018
18400,0.982,0.000,0.018
18500,0.982,0.000,0.018
18600,0.986,0.000,0.014
18700,0.991,0.000,0.009
18800,0.991,0.000,0.009
18900,0.991,0.000,0.009
19000,0.991,0.000,0.009
19100,0.991,0.000,0.009
19200,0.991,0.000,0.009
19300,0.991,0.000,0.009
19400,0.991,0.000,0.009
19500,0.991,0.000,0.009
19600,0.991,0.000,0.009
19700,0.995,0.000,0.005
19800,0.995,0.000,0.005
19900,0.995,0.000,0.005
20000,0.995,0.000,0.005
20100,0.995,0.000,0.005
20200,0.995,0.000,0.005
20300,0.995,0.000,0.005
20400,0.995,0.000,0.005
20500,0.995,0.000,0.005
20600,0.991,0.000,0.009
20700,0.991,0.000,0.009
20800,1.000,0.000,0.000
