time,n_A+p,n_B,n_AB
500,0.010,0.954,0.036
1000,0.010,0.986,0.004
1500,0.010,0.989,0.001
2000,0.010,0.962,0.028
2500,0.010,0.929,0.061
3000,0.010,0.984,0.006
3500,0.010,0.937,0.053
4000,0.010,0.819,0.171
4500,0.010,0.823,0.167
5000,0.010,0.957,0.033
5500,0.010,0.877,0.113
6000,0.010,0.941,0.049
6500,0.010,0.912,0.078
7000,0.010,0.880,0.110
7500,0.010,0.980,0.010
8000,0.010,0.869,0.121
8500,0.010,0.946,0.044
9000,0.010,0.945,0.045
9500,0.010,0.978,0.012
10000,0.010,0.774,0.216
10500,0.010,0.927,0.063
11000,0.010,0.845,0.145
11500,0.010,0.778,0.212
12000,0.010,0.923,0.067
12500,0.010,0.905,0.085
13000,0.010,0.901,0.089
13500,0.010,0.939,0.051
14000,0.010,0.960,0.030
14500,0.010,0.964,0.026
15000,0.010,0.985,0.005
15500,0.010,0.953,0.037
16000,0.010,0.986,0.004
16500,0.010,0.859,0.131
17000,0.010,0.642,0.348
17500,0.010,0.955,0.035
18000,0.010,0.755,0.235
18500,0.010,0.674,0.316
19000,0.010,0.814,0.176
19500,0.010,0.956,0.034
20000,0.010,0.835,0.155
20500,0.010,0.950,0.040
21000,0.010,0.870,0.120
21500,0.010,0.936,0.054
22000,0.010,0.920,0.070
22500,0.010,0.923,0.067
23000,0.010,0.954,0.036
23500,0.010,0.850,0.140
24000,0.010,0.962,0.028
24500,0.010,0.895,0.095
25000,0.010,0.807,0.183
25500,0.010,0.953,0.037
26000,0.010,0.888,0.102
26500,0.010,0.875,0.115
27000,0.010,0.984,0.006
27500,0.010,0.990,0.000
28000,0.010,0.972,0.018
28500,0.010,0.939,0.051
29000,0.010,0.877,0.113
29500,0.010,0.975,0.015
30000,0.010,0.988,0.002
30500,0.010,0.853,0.137
31000,0.010,0.980,0.010
31500,0.010,0.943,0.047
32000,0.010,0.977,0.013
32500,0.010,0.990,0.000
33000,0.010,0.927,0.063
33500,0.010,0.984,0.006
34000,0.010,0.857,0.133
34500,0.010,0.899,0.091
35000,0.010,0.960,0.030
35500,0.010,0.724,0.266
36000,0.010,0.900,0.090
36500,0.010,0.961,0.029
37000,0.010,0.898,0.092
37500,0.010,0.715,0.275
38000,0.010,0.937,0.053
38500,0.010,0.937,0.053
39000,0.010,0.896,0.094
39500,0.010,0.946,0.044
40000,0.010,0.904,0.086
40500,0.010,0.979,0.011
41000,0.010,0.912,0.078
41500,0.010,0.836,0.154
42000,0.010,0.927,0.063
42500,0.010,0.957,0.033
43000,0.010,0.970,0.020
43500,0.010,0.990,0.000
44000,0.010,0.955,0.035
44500,0.010,0.946,0.044
45000,0.010,0.957,0.033
45500,0.010,0.875,0.115
46000,0.010,0.950,0.040
46500,0.010,0.936,0.054
47000,0.010,0.986,0.004
47500,0.010,0.990,0.000
48000,0.010,0.976,0.014
48500,0.010,0.981,0.009
49000,0.010,0.621,0.369
49500,0.010,0.784,0.206
50000,0.010,0.938,0.052
50500,0.010,0.816,0.174
51000,0.010,0.950,0.040
51500,0.010,0.891,0.099
52000,0.010,0.897,0.093
52500,0.010,0.955,0.035
53000,0.010,0.988,0.002
53500,0.010,0.800,0.190
54000,0.010,0.843,0.147
54500,0.010,0.963,0.027
55000,0.010,0.961,0.029
55500,0.010,0.952,0.038
56000,0.010,0.936,0.054
56500,0.010,0.945,0.045
57000,0.010,0.887,0.103
57500,0.010,0.990,0.000
58000,0.010,0.979,0.011
58500,0.010,0.988,0.002
59000,0.010,0.894,0.096
59500,0.010,0.946,0.044
60000,0.010,0.955,0.035
60500,0.010,0.949,0.041
61000,0.010,0.965,0.025
61500,0.010,0.910,0.080
62000,0.010,0.989,0.001
62500,0.010,0.962,0.028
63000,0.010,0.948,0.042
63500,0.010,0.913,0.077
64000,0.010,0.948,0.042
64500,0.010,0.763,0.227
65000,0.010,0.938,0.052
65500,0.010,0.909,0.081
66000,0.010,0.898,0.092
66500,0.010,0.953,0.037
67000,0.010,0.941,0.049
67500,0.010,0.931,0.059
68000,0.010,0.947,0.043
68500,0.010,0.796,0.194
69000,0.010,0.848,0.142
69500,0.010,0.962,0.028
70000,0.010,0.931,0.059
70500,0.010,0.938,0.052
71000,0.010,0.749,0.241
71500,0.010,0.772,0.218
72000,0.010,0.929,0.061
72500,0.010,0.929,0.061
73000,0.010,0.964,0.026
73500,0.010,0.950,0.040
74000,0.010,0.817,0.173
74500,0.010,0.969,0.021
75000,0.010,0.905,0.085
75500,0.010,0.958,0.032
76000,0.010,0.976,0.014
76500,0.010,0.902,0.088
77000,0.010,0.953,0.037
77500,0.010,0.947,0.043
78000,0.010,0.987,0.003
78500,0.010,0.818,0.172
79000,0.010,0.960,0.030
79500,0.010,0.969,0.021
80000,0.010,0.990,0.000
80500,0.010,0.925,0.065
81000,0.010,0.963,0.027
81500,0.010,0.886,0.104
82000,0.010,0.892,0.098
82500,0.010,0.929,0.061
83000,0.010,0.827,0.163
83500,0.010,0.980,0.010
84000,0.010,0.943,0.047
84500,0.010,0.954,0.036
85000,0.010,0.987,0.003
85500,0.010,0.871,0.119
86000,0.010,0.935,0.055
86500,0.010,0.989,0.001
87000,0.010,0.920,0.070
87500,0.010,0.935,0.055
88000,0.010,0.807,0.183
88500,0.010,0.920,0.070
89000,0.010,0.870,0.120
89500,0.010,0.916,0.074
90000,0.010,0.912,0.078
90500,0.010,0.878,0.112
91000,0.010,0.869,0.121
91500,0.010,0.911,0.079
92000,0.010,0.985,0.005
92500,0.010,0.862,0.128
93000,0.010,0.801,0.189
93500,0.010,0.973,0.017
94000,0.010,0.977,0.013
94500,0.010,0.904,0.086
95000,0.010,0.929,0.061
95500,0.010,0.866,0.124
96000,0.010,0.976,0.014
96500,0.010,0.885,0.105
97000,0.010,0.893,0.097
97500,0.010,0.915,0.075
98000,0.010,0.921,0.069
98500,0.010,0.939,0.051
99000,0.010,0.947,0.043
99500,0.010,0.990,0.000
100000,0.010,0.781,0.209
100500,0.010,0.820,0.170
101000,0.010,0.966,0.024
101500,0.010,0.980,0.010
102000,0.010,0.890,0.100
102500,0.010,0.936,0.054
103000,0.010,0.823,0.167
103500,0.010,0.804,0.186
104000,0.010,0.969,0.021
104500,0.010,0.977,0.013
105000,0.010,0.826,0.164
105500,0.010,0.907,0.083
106000,0.010,0.927,0.063
106500,0.010,0.931,0.059
107000,0.010,0.987,0.003
107500,0.010,0.989,0.001
108000,0.010,0.936,0.054
108500,0.010,0.987,0.003
109000,0.010,0.960,0.030
109500,0.010,0.961,0.029
110000,0.010,0.942,0.048
110500,0.010,0.752,0.238
111000,0.010,0.966,0.024
111500,0.010,0.939,0.051
112000,0.010,0.988,0.002
112500,0.010,0.843,0.147
113000,0.010,0.989,0.001
113500,0.010,0.876,0.114
114000,0.010,0.937,0.053
114500,0.010,0.899,0.091
115000,0.010,0.957,0.033
115500,0.010,0.913,0.077
116000,0.010,0.957,0.033
116500,0.010,0.896,0.094
117000,0.010,0.947,0.043
117500,0.010,0.950,0.040
118000,0.010,0.921,0.069
118500,0.010,0.928,0.062
119000,0.010,0.869,0.121
119500,0.010,0.893,0.097
120000,0.010,0.967,0.023
120500,0.010,0.944,0.046
121000,0.010,0.921,0.069
121500,0.010,0.984,0.006
122000,0.010,0.975,0.015
122500,0.010,0.990,0.000
123000,0.010,0.933,0.057
123500,0.010,0.902,0.088
124000,0.010,0.896,0.094
124500,0.010,0.933,0.057
125000,0.010,0.859,0.131
125500,0.010,0.984,0.006
126000,0.010,0.989,0.001
126500,0.010,0.936,0.054
127000,0.010,0.950,0.040
127500,0.010,0.990,0.000
128000,0.010,0.947,0.043
128500,0.010,0.982,0.008
129000,0.010,0.929,0.061
129500,0.010,0.886,0.104
130000,0.010,0.942,0.048
130500,0.010,0.935,0.055
131000,0.010,0.806,0.184
131500,0.010,0.987,0.003
132000,0.010,0.886,0.104
132500,0.010,0.974,0.016
133000,0.010,0.919,0.071
133500,0.010,0.864,0.126
134000,0.010,0.912,0.078
134500,0.010,0.947,0.043
135000,0.010,0.978,0.012
135500,0.010,0.990,0.000
136000,0.010,0.876,0.114
136500,0.010,0.972,0.018
137000,0.010,0.973,0.017
137500,0.010,0.990,0.000
138000,0.010,0.781,0.209
138500,0.010,0.986,0.004
139000,0.010,0.891,0.099
139500,0.010,0.984,0.006
140000,0.010,0.955,0.035
140500,0.010,0.969,0.021
141000,0.010,0.955,0.035
141500,0.010,0.887,0.103
142000,0.010,0.948,0.042
142500,0.010,0.934,0.056
143000,0.010,0.977,0.013
143500,0.010,0.936,0.054
144000,0.010,0.964,0.026
144500,0.010,0.949,0.041
145000,0.010,0.940,0.050
145500,0.010,0.870,0.120
146000,0.010,0.983,0.007
146500,0.010,0.957,0.033
147000,0.010,0.908,0.082
147500,0.010,0.945,0.045
148000,0.010,0.942,0.048
148500,0.010,0.989,0.001
149000,0.010,0.983,0.007
149500,0.010,0.903,0.087
150000,0.010,0.778,0.212
150500,0.010,0.737,0.253
151000,0.010,0.939,0.051
151500,0.010,0.983,0.007
152000,0.010,0.945,0.045
152500,0.010,0.892,0.098
153000,0.010,0.778,0.212
153500,0.010,0.923,0.067
154000,0.010,0.980,0.010
154500,0.010,0.916,0.074
155000,0.010,0.937,0.053
155500,0.010,0.984,0.006
156000,0.010,0.922,0.068
156500,0.010,0.909,0.081
157000,0.010,0.891,0.099
157500,0.010,0.851,0.139
158000,0.010,0.912,0.078
158500,0.010,0.966,0.024
159000,0.010,0.948,0.042
159500,0.010,0.852,0.138
160000,0.010,0.850,0.140
160500,0.010,0.930,0.060
161000,0.010,0.865,0.125
161500,0.010,0.923,0.067
162000,0.010,0.875,0.115
162500,0.010,0.918,0.072
163000,0.010,0.980,0.010
163500,0.010,0.871,0.119
164000,0.010,0.912,0.078
164500,0.010,0.932,0.058
165000,0.010,0.981,0.009
165500,0.010,0.913,0.077
166000,0.010,0.977,0.013
166500,0.010,0.973,0.017
167000,0.010,0.920,0.070
167500,0.010,0.912,0.078
168000,0.010,0.906,0.084
168500,0.010,0.972,0.018
169000,0.010,0.822,0.168
169500,0.010,0.989,0.001
170000,0.010,0.906,0.084
170500,0.010,0.868,0.122
171000,0.010,0.989,0.001
171500,0.010,0.942,0.048
172000,0.010,0.906,0.084
172500,0.010,0.938,0.052
173000,0.010,0.885,0.105
173500,0.010,0.956,0.034
174000,0.010,0.881,0.109
174500,0.010,0.850,0.140
175000,0.010,0.983,0.007
175500,0.010,0.929,0.061
176000,0.010,0.909,0.081
176500,0.010,0.968,0.022
177000,0.010,0.919,0.071
177500,0.010,0.916,0.074
178000,0.010,0.887,0.103
178500,0.010,0.828,0.162
179000,0.010,0.978,0.012
179500,0.010,0.974,0.016
180000,0.010,0.957,0.033
180500,0.010,0.951,0.039
181000,0.010,0.905,0.085
181500,0.010,0.916,0.074
182000,0.010,0.942,0.048
182500,0.010,0.982,0.008
183000,0.010,0.935,0.055
183500,0.010,0.974,0.016
184000,0.010,0.975,0.015
184500,0.010,0.948,0.042
185000,0.010,0.863,0.127
185500,0.010,0.824,0.166
186000,0.010,0.944,0.046
186500,0.010,0.837,0.153
187000,0.010,0.963,0.027
187500,0.010,0.928,0.062
188000,0.010,0.959,0.031
188500,0.010,0.868,0.122
189000,0.010,0.987,0.003
189500,0.010,0.877,0.113
190000,0.010,0.950,0.040
190500,0.010,0.990,0.000
191000,0.010,0.876,0.114
191500,0.010,0.990,0.000
192000,0.010,0.940,0.050
192500,0.010,0.986,0.004
193000,0.010,0.990,0.000
193500,0.010,0.977,0.013
194000,0.010,0.949,0.041
194500,0.010,0.940,0.050
195000,0.010,0.904,0.086
195500,0.010,0.953,0.037
196000,0.010,0.904,0.086
196500,0.010,0.829,0.161
197000,0.010,0.939,0.051
197500,0.010,0.988,0.002
198000,0.010,0.859,0.131
198500,0.010,0.849,0.141
199000,0.010,0.809,0.181
199500,0.010,0.844,0.146
200000,0.010,0.960,0.030
200500,0.010,0.842,0.148
201000,0.010,0.896,0.094
201500,0.010,0.975,0.015
202000,0.010,0.947,0.043
202500,0.010,0.804,0.186
203000,0.010,0.856,0.134
203500,0.010,0.932,0.058
204000,0.010,0.866,0.124
204500,0.010,0.950,0.040
205000,0.010,0.897,0.093
205500,0.010,0.828,0.162
206000,0.010,0.760,0.230
206500,0.010,0.962,0.028
207000,0.010,0.899,0.091
207500,0.010,0.963,0.027
208000,0.010,0.944,0.046
208500,0.010,0.967,0.023
209000,0.010,0.916,0.074
209500,0.010,0.931,0.059
210000,0.010,0.924,0.066
210500,0.010,0.858,0.132
211000,0.010,0.854,0.136
211500,0.010,0.980,0.010
212000,0.010,0.987,0.003
212500,0.010,0.943,0.047
213000,0.010,0.976,0.014
213500,0.010,0.950,0.040
214000,0.010,0.930,0.060
214500,0.010,0.976,0.014
215000,0.010,0.916,0.074
215500,0.010,0.955,0.035
216000,0.010,0.900,0.090
216500,0.010,0.957,0.033
217000,0.010,0.934,0.056
217500,0.010,0.990,0.000
218000,0.010,0.941,0.049
218500,0.010,0.975,0.015
219000,0.010,0.979,0.011
219500,0.010,0.963,0.027
220000,0.010,0.849,0.141
220500,0.010,0.878,0.112
221000,0.010,0.918,0.072
221500,0.010,0.809,0.181
222000,0.010,0.931,0.059
222500,0.010,0.897,0.093
223000,0.010,0.960,0.030
223500,0.010,0.989,0.001
224000,0.010,0.920,0.070
224500,0.010,0.837,0.153
225000,0.010,0.844,0.146
225500,0.010,0.989,0.001
226000,0.010,0.927,0.063
226500,0.010,0.883,0.107
227000,0.010,0.824,0.166
227500,0.010,0.932,0.058
228000,0.010,0.865,0.125
228500,0.010,0.819,0.171
229000,0.010,0.924,0.066
229500,0.010,0.983,0.007
230000,0.010,0.930,0.060
230500,0.010,0.987,0.003
231000,0.010,0.954,0.036
231500,0.010,0.962,0.028
232000,0.010,0.894,0.096
232500,0.010,0.989,0.001
233000,0.010,0.967,0.023
233500,0.010,0.987,0.003
234000,0.010,0.799,0.191
234500,0.010,0.953,0.037
235000,0.010,0.817,0.173
235500,0.010,0.959,0.031
236000,0.010,0.908,0.082
236500,0.010,0.990,0.000
237000,0.010,0.938,0.052
237500,0.010,0.988,0.002
238000,0.010,0.981,0.009
238500,0.010,0.933,0.057
239000,0.010,0.880,0.110
239500,0.010,0.950,0.040
240000,0.010,0.883,0.107
240500,0.010,0.974,0.016
241000,0.010,0.675,0.315
241500,0.010,0.914,0.076
242000,0.010,0.896,0.094
242500,0.010,0.915,0.075
243000,0.010,0.933,0.057
243500,0.010,0.935,0.055
244000,0.010,0.949,0.041
244500,0.010,0.969,0.021
245000,0.010,0.935,0.055
245500,0.010,0.783,0.207
246000,0.010,0.925,0.065
246500,0.010,0.927,0.063
247000,0.010,0.960,0.030
247500,0.010,0.919,0.071
248000,0.010,0.895,0.095
248500,0.010,0.974,0.016
249000,0.010,0.904,0.086
249500,0.010,0.931,0.059
250000,0.010,0.958,0.032
250500,0.010,0.941,0.049
251000,0.010,0.985,0.005
251500,0.010,0.963,0.027
252000,0.010,0.956,0.034
252500,0.010,0.983,0.007
253000,0.010,0.989,0.001
253500,0.010,0.892,0.098
254000,0.010,0.911,0.079
254500,0.010,0.990,0.000
255000,0.010,0.961,0.029
255500,0.010,0.935,0.055
256000,0.010,0.941,0.049
256500,0.010,0.914,0.076
257000,0.010,0.895,0.095
257500,0.010,0.954,0.036
258000,0.010,0.920,0.070
258500,0.010,0.871,0.119
259000,0.010,0.937,0.053
259500,0.010,0.988,0.002
260000,0.010,0.953,0.037
260500,0.010,0.816,0.174
261000,0.010,0.981,0.009
261500,0.010,0.907,0.083
262000,0.010,0.965,0.025
262500,0.010,0.847,0.143
263000,0.010,0.944,0.046
263500,0.010,0.850,0.140
264000,0.010,0.910,0.080
264500,0.010,0.822,0.168
265000,0.010,0.830,0.160
265500,0.010,0.764,0.226
266000,0.010,0.976,0.014
266500,0.010,0.990,0.000
267000,0.010,0.964,0.026
267500,0.010,0.970,0.020
268000,0.010,0.840,0.150
268500,0.010,0.974,0.016
269000,0.010,0.972,0.018
269500,0.010,0.922,0.068
270000,0.010,0.979,0.011
270500,0.010,0.946,0.044
271000,0.010,0.946,0.044
271500,0.010,0.972,0.018
272000,0.010,0.833,0.157
272500,0.010,0.942,0.048
273000,0.010,0.972,0.018
273500,0.010,0.984,0.006
274000,0.010,0.971,0.019
274500,0.010,0.965,0.025
275000,0.010,0.917,0.073
275500,0.010,0.968,0.022
276000,0.010,0.892,0.098
276500,0.010,0.800,0.190
277000,0.010,0.918,0.072
277500,0.010,0.807,0.183
278000,0.010,0.901,0.089
278500,0.010,0.929,0.061
279000,0.010,0.959,0.031
279500,0.010,0.955,0.035
280000,0.010,0.978,0.012
280500,0.010,0.937,0.053
281000,0.010,0.904,0.086
281500,0.010,0.915,0.075
282000,0.010,0.984,0.006
282500,0.010,0.980,0.010
283000,0.010,0.837,0.153
283500,0.010,0.985,0.005
284000,0.010,0.927,0.063
284500,0.010,0.903,0.087
285000,0.010,0.956,0.034
285500,0.010,0.955,0.035
286000,0.010,0.990,0.000
286500,0.010,0.952,0.038
287000,0.010,0.966,0.024
287500,0.010,0.982,0.008
288000,0.010,0.886,0.104
288500,0.010,0.934,0.056
289000,0.010,0.982,0.008
289500,0.010,0.903,0.087
290000,0.010,0.878,0.112
290500,0.010,0.953,0.037
291000,0.010,0.932,0.058
291500,0.010,0.939,0.051
292000,0.010,0.986,0.004
292500,0.010,0.909,0.081
293000,0.010,0.989,0.001
293500,0.010,0.981,0.009
294000,0.010,0.825,0.165
294500,0.010,0.990,0.000
295000,0.010,0.898,0.092
295500,0.010,0.949,0.041
296000,0.010,0.869,0.121
296500,0.010,0.975,0.015
297000,0.010,0.894,0.096
297500,0.010,0.989,0.001
298000,0.010,0.965,0.025
298500,0.010,0.878,0.112
299000,0.010,0.933,0.057
299500,0.010,0.979,0.011
300000,0.010,0.923,0.067
300500,0.010,0.914,0.076
301000,0.010,0.908,0.082
301500,0.010,0.982,0.008
302000,0.010,0.962,0.028
302500,0.010,0.846,0.144
303000,0.010,0.977,0.013
303500,0.010,0.933,0.057
304000,0.010,0.952,0.038
304500,0.010,0.920,0.070
305000,0.010,0.945,0.045
305500,0.010,0.946,0.044
306000,0.010,0.946,0.044
306500,0.010,0.873,0.117
307000,0.010,0.964,0.026
307500,0.010,0.736,0.254
308000,0.010,0.790,0.200
308500,0.010,0.922,0.068
309000,0.010,0.906,0.084
309500,0.010,0.908,0.082
310000,0.010,0.891,0.099
310500,0.010,0.988,0.002
311000,0.010,0.847,0.143
311500,0.010,0.924,0.066
312000,0.010,0.918,0.072
312500,0.010,0.896,0.094
313000,0.010,0.965,0.025
313500,0.010,0.954,0.036
314000,0.010,0.929,0.061
314500,0.010,0.977,0.013
315000,0.010,0.895,0.095
315500,0.010,0.956,0.034
316000,0.010,0.817,0.173
316500,0.010,0.930,0.060
317000,0.010,0.967,0.023
317500,0.010,0.984,0.006
318000,0.010,0.970,0.020
318500,0.010,0.942,0.048
319000,0.010,0.969,0.021
319500,0.010,0.915,0.075
320000,0.010,0.952,0.038
320500,0.010,0.978,0.012
321000,0.010,0.985,0.005
321500,0.010,0.973,0.017
322000,0.010,0.978,0.012
322500,0.010,0.887,0.103
323000,0.010,0.808,0.182
323500,0.010,0.972,0.018
324000,0.010,0.899,0.091
324500,0.010,0.848,0.142
325000,0.010,0.796,0.194
325500,0.010,0.784,0.206
326000,0.010,0.931,0.059
326500,0.010,0.989,0.001
327000,0.010,0.954,0.036
327500,0.010,0.834,0.156
328000,0.010,0.874,0.116
328500,0.010,0.922,0.068
329000,0.010,0.872,0.118
329500,0.010,0.967,0.023
330000,0.010,0.959,0.031
330500,0.010,0.921,0.069
331000,0.010,0.930,0.060
331500,0.010,0.871,0.119
332000,0.010,0.980,0.010
332500,0.010,0.915,0.075
333000,0.010,0.746,0.244
333500,0.010,0.956,0.034
334000,0.010,0.988,0.002
334500,0.010,0.844,0.146
335000,0.010,0.978,0.012
335500,0.010,0.810,0.180
336000,0.010,0.926,0.064
336500,0.010,0.943,0.047
337000,0.010,0.935,0.055
337500,0.010,0.967,0.023
338000,0.010,0.825,0.165
338500,0.010,0.762,0.228
339000,0.010,0.988,0.002
339500,0.010,0.933,0.057
340000,0.010,0.914,0.076
340500,0.010,0.855,0.135
341000,0.010,0.721,0.269
341500,0.010,0.958,0.032
342000,0.010,0.904,0.086
342500,0.010,0.943,0.047
343000,0.010,0.909,0.081
343500,0.010,0.978,0.012
344000,0.010,0.837,0.153
344500,0.010,0.987,0.003
345000,0.010,0.964,0.026
345500,0.010,0.989,0.001
346000,0.010,0.973,0.017
346500,0.010,0.973,0.017
347000,0.010,0.985,0.005
347500,0.010,0.931,0.059
348000,0.010,0.876,0.114
348500,0.010,0.990,0.000
349000,0.010,0.971,0.019
349500,0.010,0.858,0.132
350000,0.010,0.965,0.025
350500,0.010,0.959,0.031
351000,0.010,0.958,0.032
351500,0.010,0.935,0.055
352000,0.010,0.962,0.028
352500,0.010,0.981,0.009
353000,0.010,0.845,0.145
353500,0.010,0.912,0.078
354000,0.010,0.917,0.073
354500,0.010,0.955,0.035
355000,0.010,0.927,0.063
355500,0.010,0.860,0.130
356000,0.010,0.944,0.046
356500,0.010,0.948,0.042
357000,0.010,0.961,0.029
357500,0.010,0.960,0.030
358000,0.010,0.990,0.000
358500,0.010,0.959,0.031
359000,0.010,0.832,0.158
359500,0.010,0.777,0.213
360000,0.010,0.929,0.061
360500,0.010,0.977,0.013
361000,0.010,0.955,0.035
361500,0.010,0.987,0.003
362000,0.010,0.988,0.002
362500,0.010,0.904,0.086
363000,0.010,0.972,0.018
363500,0.010,0.990,0.000
364000,0.010,0.990,0.000
364500,0.010,0.937,0.053
365000,0.010,0.968,0.022
365500,0.010,0.954,0.036
366000,0.010,0.924,0.066
366500,0.010,0.875,0.115
367000,0.010,0.755,0.235
367500,0.010,0.958,0.032
368000,0.010,0.963,0.027
368500,0.010,0.968,0.022
369000,0.010,0.833,0.157
369500,0.010,0.932,0.058
370000,0.010,0.952,0.038
370500,0.010,0.971,0.019
371000,0.010,0.932,0.058
371500,0.010,0.967,0.023
372000,0.010,0.956,0.034
372500,0.010,0.917,0.073
373000,0.010,0.803,0.187
373500,0.010,0.976,0.014
374000,0.010,0.963,0.027
374500,0.010,0.894,0.096
375000,0.010,0.862,0.128
375500,0.010,0.973,0.017
376000,0.010,0.957,0.033
376500,0.010,0.943,0.047
377000,0.010,0.975,0.015
377500,0.010,0.906,0.084
378000,0.010,0.960,0.030
378500,0.010,0.956,0.034
379000,0.010,0.899,0.091
379500,0.010,0.760,0.230
380000,0.010,0.870,0.120
380500,0.010,0.907,0.083
381000,0.010,0.893,0.097
381500,0.010,0.792,0.198
382000,0.010,0.950,0.040
382500,0.010,0.943,0.047
383000,0.010,0.870,0.120
383500,0.010,0.883,0.107
384000,0.010,0.887,0.103
384500,0.010,0.978,0.012
385000,0.010,0.870,0.120
385500,0.010,0.990,0.000
386000,0.010,0.985,0.005
386500,0.010,0.766,0.224
387000,0.010,0.988,0.002
387500,0.010,0.862,0.128
388000,0.010,0.816,0.174
388500,0.010,0.897,0.093
389000,0.010,0.913,0.077
389500,0.010,0.929,0.061
390000,0.010,0.903,0.087
390500,0.010,0.969,0.021
391000,0.010,0.990,0.000
391500,0.010,0.980,0.010
392000,0.010,0.831,0.159
392500,0.010,0.974,0.016
393000,0.010,0.979,0.011
393500,0.010,0.927,0.063
394000,0.010,0.955,0.035
394500,0.010,0.982,0.008
395000,0.010,0.878,0.112
395500,0.010,0.889,0.101
396000,0.010,0.938,0.052
396500,0.010,0.958,0.032
397000,0.010,0.985,0.005
397500,0.010,0.904,0.086
398000,0.010,0.942,0.048
398500,0.010,0.912,0.078
399000,0.010,0.887,0.103
399500,0.010,0.864,0.126
400000,0.010,0.928,0.062
400500,0.010,0.842,0.148
401000,0.010,0.887,0.103
401500,0.010,0.925,0.065
402000,0.010,0.926,0.064
402500,0.010,0.922,0.068
403000,0.010,0.851,0.139
403500,0.010,0.866,0.124
404000,0.010,0.990,0.000
404500,0.010,0.935,0.055
405000,0.010,0.988,0.002
405500,0.010,0.895,0.095
406000,0.010,0.949,0.041
406500,0.010,0.937,0.053
407000,0.010,0.903,0.087
407500,0.010,0.953,0.037
408000,0.010,0.835,0.155
408500,0.010,0.933,0.057
409000,0.010,0.860,0.130
409500,0.010,0.950,0.040
410000,0.010,0.956,0.034
410500,0.010,0.969,0.021
411000,0.010,0.912,0.078
411500,0.010,0.948,0.042
412000,0.010,0.969,0.021
412500,0.010,0.914,0.076
413000,0.010,0.961,0.029
413500,0.010,0.898,0.092
414000,0.010,0.945,0.045
414500,0.010,0.930,0.060
415000,0.010,0.970,0.020
415500,0.010,0.964,0.026
416000,0.010,0.936,0.054
416500,0.010,0.947,0.043
417000,0.010,0.812,0.178
417500,0.010,0.975,0.015
418000,0.010,0.918,0.072
418500,0.010,0.990,0.000
419000,0.010,0.976,0.014
419500,0.010,0.983,0.007
420000,0.010,0.941,0.049
420500,0.010,0.906,0.084
421000,0.010,0.638,0.352
421500,0.010,0.934,0.056
422000,0.010,0.908,0.082
422500,0.010,0.914,0.076
423000,0.010,0.956,0.034
423500,0.010,0.856,0.134
424000,0.010,0.758,0.232
424500,0.010,0.872,0.118
425000,0.010,0.707,0.283
425500,0.010,0.958,0.032
426000,0.010,0.990,0.000
426500,0.010,0.931,0.059
427000,0.010,0.973,0.017
427500,0.010,0.913,0.077
428000,0.010,0.912,0.078
428500,0.010,0.971,0.019
429000,0.010,0.981,0.009
429500,0.010,0.914,0.076
430000,0.010,0.940,0.050
430500,0.010,0.906,0.084
431000,0.010,0.969,0.021
431500,0.010,0.930,0.060
432000,0.010,0.944,0.046
432500,0.010,0.971,0.019
433000,0.010,0.913,0.077
433500,0.010,0.962,0.028
434000,0.010,0.907,0.083
434500,0.010,0.958,0.032
435000,0.010,0.966,0.024
435500,0.010,0.862,0.128
436000,0.010,0.954,0.036
436500,0.010,0.942,0.048
437000,0.010,0.942,0.048
437500,0.010,0.917,0.073
438000,0.010,0.881,0.109
438500,0.010,0.976,0.014
439000,0.010,0.988,0.002
439500,0.010,0.962,0.028
440000,0.010,0.972,0.018
440500,0.010,0.988,0.002
441000,0.010,0.805,0.185
441500,0.010,0.923,0.067
442000,0.010,0.939,0.051
442500,0.010,0.899,0.091
443000,0.010,0.860,0.130
443500,0.010,0.985,0.005
444000,0.010,0.947,0.043
444500,0.010,0.874,0.116
445000,0.010,0.962,0.028
445500,0.010,0.924,0.066
446000,0.010,0.913,0.077
446500,0.010,0.936,0.054
447000,0.010,0.949,0.041
447500,0.010,0.854,0.136
448000,0.010,0.979,0.011
448500,0.010,0.862,0.128
449000,0.010,0.798,0.192
449500,0.010,0.990,0.000
450000,0.010,0.881,0.109
450500,0.010,0.963,0.027
451000,0.010,0.877,0.113
451500,0.010,0.930,0.060
452000,0.010,0.984,0.006
452500,0.010,0.984,0.006
453000,0.010,0.988,0.002
453500,0.010,0.907,0.083
454000,0.010,0.882,0.108
454500,0.010,0.819,0.171
455000,0.010,0.868,0.122
455500,0.010,0.947,0.043
456000,0.010,0.976,0.014
456500,0.010,0.977,0.013
457000,0.010,0.909,0.081
457500,0.010,0.948,0.042
458000,0.010,0.872,0.118
458500,0.010,0.901,0.089
459000,0.010,0.888,0.102
459500,0.010,0.922,0.068
460000,0.010,0.990,0.000
460500,0.010,0.889,0.101
461000,0.010,0.928,0.062
461500,0.010,0.860,0.130
462000,0.010,0.920,0.070
462500,0.010,0.980,0.010
463000,0.010,0.870,0.120
463500,0.010,0.814,0.176
464000,0.010,0.796,0.194
464500,0.010,0.799,0.191
465000,0.010,0.976,0.014
465500,0.010,0.953,0.037
466000,0.010,0.960,0.030
466500,0.010,0.833,0.157
467000,0.010,0.959,0.031
467500,0.010,0.749,0.241
468000,0.010,0.802,0.188
468500,0.010,0.841,0.149
469000,0.010,0.902,0.088
469500,0.010,0.894,0.096
470000,0.010,0.986,0.004
470500,0.010,0.982,0.008
471000,0.010,0.970,0.020
471500,0.010,0.986,0.004
472000,0.010,0.933,0.057
472500,0.010,0.990,0.000
473000,0.010,0.934,0.056
473500,0.010,0.845,0.145
474000,0.010,0.949,0.041
474500,0.010,0.931,0.059
475000,0.010,0.964,0.026
475500,0.010,0.962,0.028
476000,0.010,0.927,0.063
476500,0.010,0.931,0.059
477000,0.010,0.989,0.001
477500,0.010,0.872,0.118
478000,0.010,0.937,0.053
478500,0.010,0.969,0.021
479000,0.010,0.990,0.000
479500,0.010,0.893,0.097
480000,0.010,0.943,0.047
480500,0.010,0.917,0.073
481000,0.010,0.900,0.090
481500,0.010,0.768,0.222
482000,0.010,0.746,0.244
482500,0.010,0.983,0.007
483000,0.010,0.812,0.178
483500,0.010,0.951,0.039
484000,0.010,0.978,0.012
484500,0.010,0.975,0.015
485000,0.010,0.971,0.019
485500,0.010,0.919,0.071
486000,0.010,0.923,0.067
486500,0.010,0.988,0.002
487000,0.010,0.978,0.012
487500,0.010,0.903,0.087
488000,0.010,0.971,0.019
488500,0.010,0.912,0.078
489000,0.010,0.922,0.068
489500,0.010,0.962,0.028
490000,0.010,0.981,0.009
490500,0.010,0.885,0.105
491000,0.010,0.974,0.016
491500,0.010,0.969,0.021
492000,0.010,0.985,0.005
492500,0.010,0.960,0.030
493000,0.010,0.956,0.034
493500,0.010,0.914,0.076
494000,0.010,0.846,0.144
494500,0.010,0.772,0.218
495000,0.010,0.958,0.032
495500,0.010,0.950,0.040
496000,0.010,0.962,0.028
496500,0.010,0.967,0.023
497000,0.010,0.913,0.077
497500,0.010,0.980,0.010
498000,0.010,0.835,0.155
498500,0.010,0.812,0.178
499000,0.010,0.840,0.150
499500,0.010,0.797,0.193
500000,0.010,0.965,0.025
500500,0.010,0.870,0.120
501000,0.010,0.786,0.204
501500,0.010,0.896,0.094
502000,0.010,0.930,0.060
502500,0.010,0.987,0.003
503000,0.010,0.931,0.059
503500,0.010,0.819,0.171
504000,0.010,0.923,0.067
504500,0.010,0.910,0.080
505000,0.010,0.928,0.062
505500,0.010,0.860,0.130
506000,0.010,0.928,0.062
506500,0.010,0.867,0.123
507000,0.010,0.941,0.049
507500,0.010,0.944,0.046
508000,0.010,0.814,0.176
508500,0.010,0.894,0.096
509000,0.010,0.853,0.137
509500,0.010,0.859,0.131
510000,0.010,0.989,0.001
510500,0.010,0.929,0.061
511000,0.010,0.910,0.080
511500,0.010,0.973,0.017
512000,0.010,0.959,0.031
512500,0.010,0.883,0.107
513000,0.010,0.851,0.139
513500,0.010,0.941,0.049
514000,0.010,0.990,0.000
514500,0.010,0.956,0.034
515000,0.010,0.839,0.151
515500,0.010,0.911,0.079
516000,0.010,0.942,0.048
516500,0.010,0.959,0.031
517000,0.010,0.784,0.206
517500,0.010,0.870,0.120
518000,0.010,0.940,0.050
518500,0.010,0.948,0.042
519000,0.010,0.899,0.091
519500,0.010,0.988,0.002
520000,0.010,0.990,0.000
520500,0.010,0.937,0.053
521000,0.010,0.938,0.052
521500,0.010,0.940,0.050
522000,0.010,0.897,0.093
522500,0.010,0.768,0.222
523000,0.010,0.927,0.063
523500,0.010,0.967,0.023
524000,0.010,0.977,0.013
524500,0.010,0.968,0.022
525000,0.010,0.826,0.164
525500,0.010,0.966,0.024
526000,0.010,0.786,0.204
526500,0.010,0.832,0.158
527000,0.010,0.927,0.063
527500,0.010,0.888,0.102
528000,0.010,0.976,0.014
528500,0.010,0.951,0.039
529000,0.010,0.920,0.070
529500,0.010,0.982,0.008
530000,0.010,0.791,0.199
530500,0.010,0.977,0.013
531000,0.010,0.883,0.107
531500,0.010,0.872,0.118
532000,0.010,0.931,0.059
532500,0.010,0.933,0.057
533000,0.010,0.953,0.037
533500,0.010,0.937,0.053
534000,0.010,0.975,0.015
534500,0.010,0.990,0.000
535000,0.010,0.928,0.062
535500,0.010,0.988,0.002
536000,0.010,0.966,0.024
536500,0.010,0.872,0.118
537000,0.010,0.931,0.059
537500,0.010,0.895,0.095
538000,0.010,0.892,0.098
538500,0.010,0.985,0.005
539000,0.010,0.795,0.195
539500,0.010,0.848,0.142
540000,0.010,0.938,0.052
540500,0.010,0.936,0.054
541000,0.010,0.984,0.006
541500,0.010,0.820,0.170
542000,0.010,0.971,0.019
542500,0.010,0.956,0.034
543000,0.010,0.989,0.001
543500,0.010,0.875,0.115
544000,0.010,0.881,0.109
544500,0.010,0.881,0.109
545000,0.010,0.942,0.048
545500,0.010,0.907,0.083
546000,0.010,0.903,0.087
546500,0.010,0.962,0.028
547000,0.010,0.988,0.002
547500,0.010,0.965,0.025
548000,0.010,0.982,0.008
548500,0.010,0.990,0.000
549000,0.010,0.921,0.069
549500,0.010,0.960,0.030
550000,0.010,0.949,0.041
550500,0.010,0.859,0.131
551000,0.010,0.877,0.113
551500,0.010,0.844,0.146
552000,0.010,0.796,0.194
552500,0.010,0.801,0.189
553000,0.010,0.829,0.161
553500,0.010,0.989,0.001
554000,0.010,0.830,0.160
554500,0.010,0.984,0.006
555000,0.010,0.777,0.213
555500,0.010,0.923,0.067
556000,0.010,0.939,0.051
556500,0.010,0.983,0.007
557000,0.010,0.910,0.080
557500,0.010,0.892,0.098
558000,0.010,0.942,0.048
558500,0.010,0.809,0.181
559000,0.010,0.977,0.013
559500,0.010,0.990,0.000
560000,0.010,0.795,0.195
560500,0.010,0.990,0.000
561000,0.010,0.943,0.047
561500,0.010,0.897,0.093
562000,0.010,0.909,0.081
562500,0.010,0.941,0.049
563000,0.010,0.976,0.014
563500,0.010,0.889,0.101
564000,0.010,0.914,0.076
564500,0.010,0.851,0.139
565000,0.010,0.859,0.131
565500,0.010,0.982,0.008
566000,0.010,0.951,0.039
566500,0.010,0.935,0.055
567000,0.010,0.980,0.010
567500,0.010,0.968,0.022
568000,0.010,0.862,0.128
568500,0.010,0.990,0.000
569000,0.010,0.987,0.003
569500,0.010,0.838,0.152
570000,0.010,0.846,0.144
570500,0.010,0.870,0.120
571000,0.010,0.956,0.034
571500,0.010,0.862,0.128
572000,0.010,0.943,0.047
572500,0.010,0.968,0.022
573000,0.010,0.974,0.016
573500,0.010,0.932,0.058
574000,0.010,0.940,0.050
574500,0.010,0.933,0.057
575000,0.010,0.929,0.061
575500,0.010,0.980,0.010
576000,0.010,0.967,0.023
576500,0.010,0.902,0.088
577000,0.010,0.906,0.084
577500,0.010,0.987,0.003
578000,0.010,0.943,0.047
578500,0.010,0.936,0.054
579000,0.010,0.884,0.106
579500,0.010,0.967,0.023
580000,0.010,0.976,0.014
580500,0.010,0.986,0.004
581000,0.010,0.861,0.129
581500,0.010,0.929,0.061
582000,0.010,0.937,0.053
582500,0.010,0.940,0.050
583000,0.010,0.778,0.212
583500,0.010,0.912,0.078
584000,0.010,0.935,0.055
584500,0.010,0.944,0.046
585000,0.010,0.987,0.003
585500,0.010,0.986,0.004
586000,0.010,0.952,0.038
586500,0.010,0.884,0.106
587000,0.010,0.904,0.086
587500,0.010,0.990,0.000
588000,0.010,0.833,0.157
588500,0.010,0.960,0.030
589000,0.010,0.832,0.158
589500,0.010,0.938,0.052
590000,0.010,0.975,0.015
590500,0.010,0.927,0.063
591000,0.010,0.781,0.209
591500,0.010,0.868,0.122
592000,0.010,0.979,0.011
592500,0.010,0.981,0.009
593000,0.010,0.968,0.022
593500,0.010,0.928,0.062
594000,0.010,0.940,0.050
594500,0.010,0.914,0.076
595000,0.010,0.940,0.050
595500,0.010,0.927,0.063
596000,0.010,0.990,0.000
596500,0.010,0.952,0.038
597000,0.010,0.877,0.113
597500,0.010,0.839,0.151
598000,0.010,0.833,0.157
598500,0.010,0.867,0.123
599000,0.010,0.988,0.002
599500,0.010,0.890,0.100
600000,0.010,0.990,0.000
600500,0.010,0.983,0.007
601000,0.010,0.988,0.002
601500,0.010,0.934,0.056
602000,0.010,0.863,0.127
602500,0.010,0.890,0.100
603000,0.010,0.764,0.226
603500,0.010,0.935,0.055
604000,0.010,0.948,0.042
604500,0.010,0.893,0.097
605000,0.010,0.875,0.115
605500,0.010,0.859,0.131
606000,0.010,0.928,0.062
606500,0.010,0.937,0.053
607000,0.010,0.958,0.032
607500,0.010,0.807,0.183
608000,0.010,0.951,0.039
608500,0.010,0.947,0.043
609000,0.010,0.949,0.041
609500,0.010,0.989,0.001
610000,0.010,0.936,0.054
610500,0.010,0.990,0.000
611000,0.010,0.966,0.024
611500,0.010,0.952,0.038
612000,0.010,0.731,0.259
612500,0.010,0.896,0.094
613000,0.010,0.845,0.145
613500,0.010,0.935,0.055
614000,0.010,0.857,0.133
614500,0.010,0.799,0.191
615000,0.010,0.972,0.018
615500,0.010,0.989,0.001
616000,0.010,0.987,0.003
616500,0.010,0.946,0.044
617000,0.010,0.967,0.023
617500,0.010,0.911,0.079
618000,0.010,0.704,0.286
618500,0.010,0.896,0.094
619000,0.010,0.888,0.102
619500,0.010,0.955,0.035
620000,0.010,0.877,0.113
620500,0.010,0.935,0.055
621000,0.010,0.930,0.060
621500,0.010,0.975,0.015
622000,0.010,0.844,0.146
622500,0.010,0.963,0.027
623000,0.010,0.865,0.125
623500,0.010,0.909,0.081
624000,0.010,0.968,0.022
624500,0.010,0.893,0.097
625000,0.010,0.939,0.051
625500,0.010,0.879,0.111
626000,0.010,0.959,0.031
626500,0.010,0.954,0.036
627000,0.010,0.942,0.048
627500,0.010,0.944,0.046
628000,0.010,0.989,0.001
628500,0.010,0.974,0.016
629000,0.010,0.950,0.040
629500,0.010,0.949,0.041
630000,0.010,0.952,0.038
630500,0.010,0.880,0.110
631000,0.010,0.905,0.085
631500,0.010,0.983,0.007
632000,0.010,0.849,0.141
632500,0.010,0.911,0.079
633000,0.010,0.937,0.053
633500,0.010,0.956,0.034
634000,0.010,0.989,0.001
634500,0.010,0.985,0.005
635000,0.010,0.949,0.041
635500,0.010,0.917,0.073
636000,0.010,0.859,0.131
636500,0.010,0.847,0.143
637000,0.010,0.748,0.242
637500,0.010,0.906,0.084
638000,0.010,0.610,0.380
638500,0.010,0.903,0.087
639000,0.010,0.740,0.250
639500,0.010,0.887,0.103
640000,0.010,0.961,0.029
640500,0.010,0.886,0.104
641000,0.010,0.872,0.118
641500,0.010,0.859,0.131
642000,0.010,0.920,0.070
642500,0.010,0.906,0.084
643000,0.010,0.853,0.137
643500,0.010,0.940,0.050
644000,0.010,0.918,0.072
644500,0.010,0.851,0.139
645000,0.010,0.853,0.137
645500,0.010,0.892,0.098
646000,0.010,0.914,0.076
646500,0.010,0.878,0.112
647000,0.010,0.943,0.047
647500,0.010,0.900,0.090
648000,0.010,0.990,0.000
648500,0.010,0.990,0.000
649000,0.010,0.829,0.161
649500,0.010,0.845,0.145
650000,0.010,0.921,0.069
650500,0.010,0.865,0.125
651000,0.010,0.702,0.288
651500,0.010,0.937,0.053
652000,0.010,0.963,0.027
652500,0.010,0.975,0.015
653000,0.010,0.887,0.103
653500,0.010,0.780,0.210
654000,0.010,0.812,0.178
654500,0.010,0.981,0.009
655000,0.010,0.926,0.064
655500,0.010,0.986,0.004
656000,0.010,0.887,0.103
656500,0.010,0.900,0.090
657000,0.010,0.912,0.078
657500,0.010,0.990,0.000
658000,0.010,0.743,0.247
658500,0.010,0.845,0.145
659000,0.010,0.967,0.023
659500,0.010,0.979,0.011
660000,0.010,0.974,0.016
660500,0.010,0.988,0.002
661000,0.010,0.958,0.032
661500,0.010,0.836,0.154
662000,0.010,0.987,0.003
662500,0.010,0.874,0.116
663000,0.010,0.975,0.015
663500,0.010,0.970,0.020
664000,0.010,0.920,0.070
664500,0.010,0.974,0.016
665000,0.010,0.819,0.171
665500,0.010,0.905,0.085
666000,0.010,0.953,0.037
666500,0.010,0.919,0.071
667000,0.010,0.869,0.121
667500,0.010,0.940,0.050
668000,0.010,0.965,0.025
668500,0.010,0.947,0.043
669000,0.010,0.958,0.032
669500,0.010,0.921,0.069
670000,0.010,0.935,0.055
670500,0.010,0.839,0.151
671000,0.010,0.929,0.061
671500,0.010,0.988,0.002
672000,0.010,0.957,0.033
672500,0.010,0.940,0.050
673000,0.010,0.900,0.090
673500,0.010,0.989,0.001
674000,0.010,0.815,0.175
674500,0.010,0.857,0.133
675000,0.010,0.781,0.209
675500,0.010,0.864,0.126
676000,0.010,0.915,0.075
676500,0.010,0.880,0.110
677000,0.010,0.856,0.134
677500,0.010,0.918,0.072
678000,0.010,0.880,0.110
678500,0.010,0.894,0.096
679000,0.010,0.971,0.019
679500,0.010,0.897,0.093
680000,0.010,0.978,0.012
680500,0.010,0.990,0.000
681000,0.010,0.895,0.095
681500,0.010,0.744,0.246
682000,0.010,0.893,0.097
682500,0.010,0.937,0.053
683000,0.010,0.938,0.052
683500,0.010,0.990,0.000
684000,0.010,0.984,0.006
684500,0.010,0.878,0.112
685000,0.010,0.963,0.027
685500,0.010,0.987,0.003
686000,0.010,0.990,0.000
686500,0.010,0.988,0.002
687000,0.010,0.808,0.182
687500,0.010,0.832,0.158
688000,0.010,0.899,0.091
688500,0.010,0.923,0.067
689000,0.010,0.789,0.201
689500,0.010,0.929,0.061
690000,0.010,0.913,0.077
690500,0.010,0.974,0.016
691000,0.010,0.946,0.044
691500,0.010,0.974,0.016
692000,0.010,0.806,0.184
692500,0.010,0.898,0.092
693000,0.010,0.959,0.031
693500,0.010,0.843,0.147
694000,0.010,0.895,0.095
694500,0.010,0.917,0.073
695000,0.010,0.958,0.032
695500,0.010,0.956,0.034
696000,0.010,0.945,0.045
696500,0.010,0.917,0.073
697000,0.010,0.940,0.050
697500,0.010,0.969,0.021
698000,0.010,0.947,0.043
698500,0.010,0.924,0.066
699000,0.010,0.908,0.082
699500,0.010,0.555,0.435
700000,0.010,0.970,0.020
700500,0.010,0.978,0.012
701000,0.010,0.907,0.083
701500,0.010,0.968,0.022
702000,0.010,0.974,0.016
702500,0.010,0.835,0.155
703000,0.010,0.714,0.276
703500,0.010,0.922,0.068
704000,0.010,0.970,0.020
704500,0.010,0.964,0.026
705000,0.010,0.982,0.008
705500,0.010,0.890,0.100
706000,0.010,0.910,0.080
706500,0.010,0.934,0.056
707000,0.010,0.906,0.084
707500,0.010,0.875,0.115
708000,0.010,0.951,0.039
708500,0.010,0.984,0.006
709000,0.010,0.989,0.001
709500,0.010,0.900,0.090
710000,0.010,0.934,0.056
710500,0.010,0.916,0.074
711000,0.010,0.990,0.000
711500,0.010,0.984,0.006
712000,0.010,0.914,0.076
712500,0.010,0.759,0.231
713000,0.010,0.947,0.043
713500,0.010,0.985,0.005
714000,0.010,0.900,0.090
714500,0.010,0.971,0.019
715000,0.010,0.910,0.080
715500,0.010,0.921,0.069
716000,0.010,0.789,0.201
716500,0.010,0.947,0.043
717000,0.010,0.838,0.152
717500,0.010,0.855,0.135
718000,0.010,0.960,0.030
718500,0.010,0.943,0.047
719000,0.010,0.771,0.219
719500,0.010,0.950,0.040
720000,0.010,0.838,0.152
720500,0.010,0.882,0.108
721000,0.010,0.847,0.143
721500,0.010,0.969,0.021
722000,0.010,0.987,0.003
722500,0.010,0.941,0.049
723000,0.010,0.987,0.003
723500,0.010,0.977,0.013
724000,0.010,0.843,0.147
724500,0.010,0.935,0.055
725000,0.010,0.875,0.115
725500,0.010,0.895,0.095
726000,0.010,0.914,0.076
726500,0.010,0.929,0.061
727000,0.010,0.971,0.019
727500,0.010,0.892,0.098
728000,0.010,0.796,0.194
728500,0.010,0.870,0.120
729000,0.010,0.964,0.026
729500,0.010,0.805,0.185
730000,0.010,0.982,0.008
730500,0.010,0.716,0.274
731000,0.010,0.915,0.075
731500,0.010,0.965,0.025
732000,0.010,0.870,0.120
732500,0.010,0.902,0.088
733000,0.010,0.915,0.075
733500,0.010,0.864,0.126
734000,0.010,0.876,0.114
734500,0.010,0.924,0.066
735000,0.010,0.885,0.105
735500,0.010,0.959,0.031
736000,0.010,0.989,0.001
736500,0.010,0.973,0.017
737000,0.010,0.990,0.000
737500,0.010,0.936,0.054
738000,0.010,0.933,0.057
738500,0.010,0.963,0.027
739000,0.010,0.990,0.000
739500,0.010,0.988,0.002
740000,0.010,0.951,0.039
740500,0.010,0.969,0.021
741000,0.010,0.797,0.193
741500,0.010,0.940,0.050
742000,0.010,0.900,0.090
742500,0.010,0.839,0.151
743000,0.010,0.932,0.058
743500,0.010,0.964,0.026
744000,0.010,0.926,0.064
744500,0.010,0.962,0.028
745000,0.010,0.654,0.336
745500,0.010,0.891,0.099
746000,0.010,0.934,0.056
746500,0.010,0.988,0.002
747000,0.010,0.933,0.057
747500,0.010,0.935,0.055
748000,0.010,0.934,0.056
748500,0.010,0.940,0.050
749000,0.010,0.913,0.077
749500,0.010,0.982,0.008
750000,0.010,0.894,0.096
750500,0.010,0.985,0.005
751000,0.010,0.884,0.106
751500,0.010,0.832,0.158
752000,0.010,0.885,0.105
752500,0.010,0.990,0.000
753000,0.010,0.966,0.024
753500,0.010,0.894,0.096
754000,0.010,0.921,0.069
754500,0.010,0.988,0.002
755000,0.010,0.940,0.050
755500,0.010,0.914,0.076
756000,0.010,0.958,0.032
756500,0.010,0.972,0.018
757000,0.010,0.937,0.053
757500,0.010,0.973,0.017
758000,0.010,0.982,0.008
758500,0.010,0.990,0.000
759000,0.010,0.836,0.154
759500,0.010,0.770,0.220
760000,0.010,0.937,0.053
760500,0.010,0.797,0.193
761000,0.010,0.893,0.097
761500,0.010,0.955,0.035
762000,0.010,0.916,0.074
762500,0.010,0.953,0.037
763000,0.010,0.832,0.158
763500,0.010,0.948,0.042
764000,0.010,0.867,0.123
764500,0.010,0.989,0.001
765000,0.010,0.974,0.016
765500,0.010,0.925,0.065
766000,0.010,0.829,0.161
766500,0.010,0.930,0.060
767000,0.010,0.953,0.037
767500,0.010,0.888,0.102
768000,0.010,0.949,0.041
768500,0.010,0.990,0.000
769000,0.010,0.931,0.059
769500,0.010,0.923,0.067
770000,0.010,0.812,0.178
770500,0.010,0.921,0.069
771000,0.010,0.649,0.341
771500,0.010,0.916,0.074
772000,0.010,0.989,0.001
772500,0.010,0.924,0.066
773000,0.010,0.933,0.057
773500,0.010,0.803,0.187
774000,0.010,0.977,0.013
774500,0.010,0.957,0.033
775000,0.010,0.921,0.069
775500,0.010,0.948,0.042
776000,0.010,0.845,0.145
776500,0.010,0.902,0.088
777000,0.010,0.857,0.133
777500,0.010,0.990,0.000
778000,0.010,0.988,0.002
778500,0.010,0.926,0.064
779000,0.010,0.909,0.081
779500,0.010,0.987,0.003
780000,0.010,0.977,0.013
780500,0.010,0.983,0.007
781000,0.010,0.978,0.012
781500,0.010,0.962,0.028
782000,0.010,0.941,0.049
782500,0.010,0.863,0.127
783000,0.010,0.875,0.115
783500,0.010,0.917,0.073
784000,0.010,0.844,0.146
784500,0.010,0.884,0.106
785000,0.010,0.934,0.056
785500,0.010,0.908,0.082
786000,0.010,0.929,0.061
786500,0.010,0.952,0.038
787000,0.010,0.944,0.046
787500,0.010,0.941,0.049
788000,0.010,0.834,0.156
788500,0.010,0.988,0.002
789000,0.010,0.951,0.039
789500,0.010,0.969,0.021
790000,0.010,0.982,0.008
790500,0.010,0.910,0.080
791000,0.010,0.907,0.083
791500,0.010,0.968,0.022
792000,0.010,0.911,0.079
792500,0.010,0.847,0.143
793000,0.010,0.846,0.144
793500,0.010,0.895,0.095
794000,0.010,0.840,0.150
794500,0.010,0.849,0.141
795000,0.010,0.894,0.096
795500,0.010,0.927,0.063
796000,0.010,0.855,0.135
796500,0.010,0.981,0.009
797000,0.010,0.689,0.301
797500,0.010,0.977,0.013
798000,0.010,0.980,0.010
798500,0.010,0.964,0.026
799000,0.010,0.988,0.002
799500,0.010,0.970,0.020
800000,0.010,0.949,0.041
800500,0.010,0.978,0.012
801000,0.010,0.897,0.093
801500,0.010,0.990,0.000
802000,0.010,0.925,0.065
802500,0.010,0.878,0.112
803000,0.010,0.967,0.023
803500,0.010,0.863,0.127
804000,0.010,0.909,0.081
804500,0.010,0.990,0.000
805000,0.010,0.963,0.027
805500,0.010,0.981,0.009
806000,0.010,0.979,0.011
806500,0.010,0.850,0.140
807000,0.010,0.885,0.105
807500,0.010,0.933,0.057
808000,0.010,0.552,0.438
808500,0.010,0.856,0.134
809000,0.010,0.763,0.227
809500,0.010,0.975,0.015
810000,0.010,0.963,0.027
810500,0.010,0.929,0.061
811000,0.010,0.826,0.164
811500,0.010,0.908,0.082
812000,0.010,0.976,0.014
812500,0.010,0.783,0.207
813000,0.010,0.837,0.153
813500,0.010,0.909,0.081
814000,0.010,0.866,0.124
814500,0.010,0.988,0.002
815000,0.010,0.608,0.382
815500,0.010,0.875,0.115
816000,0.010,0.819,0.171
816500,0.010,0.976,0.014
817000,0.010,0.990,0.000
817500,0.010,0.913,0.077
818000,0.010,0.845,0.145
818500,0.010,0.890,0.100
819000,0.010,0.963,0.027
819500,0.010,0.945,0.045
820000,0.010,0.935,0.055
820500,0.010,0.896,0.094
821000,0.010,0.956,0.034
821500,0.010,0.870,0.120
822000,0.010,0.989,0.001
822500,0.010,0.983,0.007
823000,0.010,0.990,0.000
823500,0.010,0.956,0.034
824000,0.010,0.955,0.035
824500,0.010,0.905,0.085
825000,0.010,0.990,0.000
825500,0.010,0.945,0.045
826000,0.010,0.990,0.000
826500,0.010,0.881,0.109
827000,0.010,0.870,0.120
827500,0.010,0.862,0.128
828000,0.010,0.912,0.078
828500,0.010,0.911,0.079
829000,0.010,0.912,0.078
829500,0.010,0.956,0.034
830000,0.010,0.888,0.102
830500,0.010,0.952,0.038
831000,0.010,0.959,0.031
831500,0.010,0.913,0.077
832000,0.010,0.987,0.003
832500,0.010,0.971,0.019
833000,0.010,0.869,0.121
833500,0.010,0.930,0.060
834000,0.010,0.907,0.083
834500,0.010,0.972,0.018
835000,0.010,0.974,0.016
835500,0.010,0.941,0.049
836000,0.010,0.890,0.100
836500,0.010,0.899,0.091
837000,0.010,0.943,0.047
837500,0.010,0.988,0.002
838000,0.010,0.959,0.031
838500,0.010,0.917,0.073
839000,0.010,0.940,0.050
839500,0.010,0.874,0.116
840000,0.010,0.587,0.403
840500,0.010,0.902,0.088
841000,0.010,0.890,0.100
841500,0.010,0.890,0.100
842000,0.010,0.990,0.000
842500,0.010,0.981,0.009
843000,0.010,0.904,0.086
843500,0.010,0.946,0.044
844000,0.010,0.906,0.084
844500,0.010,0.827,0.163
845000,0.010,0.918,0.072
845500,0.010,0.968,0.022
846000,0.010,0.974,0.016
846500,0.010,0.763,0.227
847000,0.010,0.821,0.169
847500,0.010,0.891,0.099
848000,0.010,0.932,0.058
848500,0.010,0.693,0.297
849000,0.010,0.954,0.036
849500,0.010,0.855,0.135
850000,0.010,0.936,0.054
850500,0.010,0.986,0.004
851000,0.010,0.988,0.002
851500,0.010,0.944,0.046
852000,0.010,0.954,0.036
852500,0.010,0.940,0.050
853000,0.010,0.940,0.050
853500,0.010,0.988,0.002
854000,0.010,0.947,0.043
854500,0.010,0.980,0.010
855000,0.010,0.958,0.032
855500,0.010,0.924,0.066
856000,0.010,0.872,0.118
856500,0.010,0.831,0.159
857000,0.010,0.864,0.126
857500,0.010,0.838,0.152
858000,0.010,0.906,0.084
858500,0.010,0.962,0.028
859000,0.010,0.989,0.001
859500,0.010,0.961,0.029
860000,0.010,0.934,0.056
860500,0.010,0.928,0.062
861000,0.010,0.937,0.053
861500,0.010,0.697,0.293
862000,0.010,0.757,0.233
862500,0.010,0.771,0.219
863000,0.010,0.789,0.201
863500,0.010,0.983,0.007
864000,0.010,0.926,0.064
864500,0.010,0.962,0.028
865000,0.010,0.794,0.196
865500,0.010,0.867,0.123
866000,0.010,0.915,0.075
866500,0.010,0.985,0.005
867000,0.010,0.932,0.058
867500,0.010,0.865,0.125
868000,0.010,0.940,0.050
868500,0.010,0.963,0.027
869000,0.010,0.977,0.013
869500,0.010,0.891,0.099
870000,0.010,0.851,0.139
870500,0.010,0.917,0.073
871000,0.010,0.781,0.209
871500,0.010,0.899,0.091
872000,0.010,0.820,0.170
872500,0.010,0.895,0.095
873000,0.010,0.978,0.012
873500,0.010,0.954,0.036
874000,0.010,0.984,0.006
874500,0.010,0.971,0.019
875000,0.010,0.970,0.020
875500,0.010,0.950,0.040
876000,0.010,0.977,0.013
876500,0.010,0.881,0.109
877000,0.010,0.989,0.001
877500,0.010,0.968,0.022
878000,0.010,0.936,0.054
878500,0.010,0.879,0.111
879000,0.010,0.971,0.019
879500,0.010,0.862,0.128
880000,0.010,0.980,0.010
880500,0.010,0.988,0.002
881000,0.010,0.989,0.001
881500,0.010,0.926,0.064
882000,0.010,0.944,0.046
882500,0.010,0.980,0.010
883000,0.010,0.950,0.040
883500,0.010,0.890,0.100
884000,0.010,0.804,0.186
884500,0.010,0.865,0.125
885000,0.010,0.787,0.203
885500,0.010,0.867,0.123
886000,0.010,0.947,0.043
886500,0.010,0.900,0.090
887000,0.010,0.881,0.109
887500,0.010,0.889,0.101
888000,0.010,0.815,0.175
888500,0.010,0.983,0.007
889000,0.010,0.905,0.085
889500,0.010,0.964,0.026
890000,0.010,0.990,0.000
890500,0.010,0.904,0.086
891000,0.010,0.977,0.013
891500,0.010,0.873,0.117
892000,0.010,0.958,0.032
892500,0.010,0.975,0.015
893000,0.010,0.942,0.048
893500,0.010,0.871,0.119
894000,0.010,0.956,0.034
894500,0.010,0.825,0.165
895000,0.010,0.954,0.036
895500,0.010,0.974,0.016
896000,0.010,0.595,0.395
896500,0.010,0.852,0.138
897000,0.010,0.953,0.037
897500,0.010,0.905,0.085
898000,0.010,0.924,0.066
898500,0.010,0.973,0.017
899000,0.010,0.979,0.011
899500,0.010,0.955,0.035
900000,0.010,0.962,0.028
900500,0.010,0.735,0.255
901000,0.010,0.831,0.159
901500,0.010,0.924,0.066
902000,0.010,0.901,0.089
902500,0.010,0.944,0.046
903000,0.010,0.886,0.104
903500,0.010,0.774,0.216
904000,0.010,0.949,0.041
904500,0.010,0.983,0.007
905000,0.010,0.984,0.006
905500,0.010,0.863,0.127
906000,0.010,0.927,0.063
906500,0.010,0.974,0.016
907000,0.010,0.984,0.006
907500,0.010,0.962,0.028
908000,0.010,0.969,0.021
908500,0.010,0.934,0.056
909000,0.010,0.843,0.147
909500,0.010,0.949,0.041
910000,0.010,0.942,0.048
910500,0.010,0.893,0.097
911000,0.010,0.931,0.059
911500,0.010,0.950,0.040
912000,0.010,0.929,0.061
912500,0.010,0.917,0.073
913000,0.010,0.892,0.098
913500,0.010,0.985,0.005
914000,0.010,0.939,0.051
914500,0.010,0.987,0.003
915000,0.010,0.981,0.009
915500,0.010,0.798,0.192
916000,0.010,0.965,0.025
916500,0.010,0.921,0.069
917000,0.010,0.971,0.019
917500,0.010,0.972,0.018
918000,0.010,0.928,0.062
918500,0.010,0.944,0.046
919000,0.010,0.955,0.035
919500,0.010,0.798,0.192
920000,0.010,0.989,0.001
920500,0.010,0.880,0.110
921000,0.010,0.832,0.158
921500,0.010,0.985,0.005
922000,0.010,0.844,0.146
922500,0.010,0.848,0.142
923000,0.010,0.825,0.165
923500,0.010,0.814,0.176
924000,0.010,0.938,0.052
924500,0.010,0.947,0.043
925000,0.010,0.861,0.129
925500,0.010,0.936,0.054
926000,0.010,0.846,0.144
926500,0.010,0.990,0.000
927000,0.010,0.919,0.071
927500,0.010,0.962,0.028
928000,0.010,0.943,0.047
928500,0.010,0.808,0.182
929000,0.010,0.984,0.006
929500,0.010,0.913,0.077
930000,0.010,0.976,0.014
930500,0.010,0.932,0.058
931000,0.010,0.828,0.162
931500,0.010,0.894,0.096
932000,0.010,0.900,0.090
932500,0.010,0.962,0.028
933000,0.010,0.943,0.047
933500,0.010,0.989,0.001
934000,0.010,0.942,0.048
934500,0.010,0.908,0.082
935000,0.010,0.969,0.021
935500,0.010,0.990,0.000
936000,0.010,0.953,0.037
936500,0.010,0.989,0.001
937000,0.010,0.927,0.063
937500,0.010,0.675,0.315
938000,0.010,0.820,0.170
938500,0.010,0.907,0.083
939000,0.010,0.909,0.081
939500,0.010,0.981,0.009
940000,0.010,0.979,0.011
940500,0.010,0.905,0.085
941000,0.010,0.856,0.134
941500,0.010,0.983,0.007
942000,0.010,0.924,0.066
942500,0.010,0.947,0.043
943000,0.010,0.873,0.117
943500,0.010,0.844,0.146
944000,0.010,0.955,0.035
944500,0.010,0.895,0.095
945000,0.010,0.780,0.210
945500,0.010,0.947,0.043
946000,0.010,0.909,0.081
946500,0.010,0.856,0.134
947000,0.010,0.923,0.067
947500,0.010,0.918,0.072
948000,0.010,0.990,0.000
948500,0.010,0.907,0.083
949000,0.010,0.963,0.027
949500,0.010,0.916,0.074
950000,0.010,0.778,0.212
950500,0.010,0.812,0.178
951000,0.010,0.981,0.009
951500,0.010,0.964,0.026
952000,0.010,0.971,0.019
952500,0.010,0.869,0.121
953000,0.010,0.956,0.034
953500,0.010,0.944,0.046
954000,0.010,0.879,0.111
954500,0.010,0.772,0.218
955000,0.010,0.931,0.059
955500,0.010,0.989,0.001
956000,0.010,0.907,0.083
956500,0.010,0.881,0.109
957000,0.010,0.989,0.001
957500,0.010,0.949,0.041
958000,0.010,0.922,0.068
958500,0.010,0.617,0.373
959000,0.010,0.936,0.054
959500,0.010,0.921,0.069
960000,0.010,0.973,0.017
960500,0.010,0.780,0.210
961000,0.010,0.972,0.018
961500,0.010,0.931,0.059
962000,0.010,0.911,0.079
962500,0.010,0.857,0.133
963000,0.010,0.966,0.024
963500,0.010,0.861,0.129
964000,0.010,0.878,0.112
964500,0.010,0.972,0.018
965000,0.010,0.926,0.064
965500,0.010,0.982,0.008
966000,0.010,0.939,0.051
966500,0.010,0.843,0.147
967000,0.010,0.984,0.006
967500,0.010,0.987,0.003
968000,0.010,0.803,0.187
968500,0.010,0.861,0.129
969000,0.010,0.927,0.063
969500,0.010,0.990,0.000
970000,0.010,0.968,0.022
970500,0.010,0.989,0.001
971000,0.010,0.961,0.029
971500,0.010,0.924,0.066
972000,0.010,0.885,0.105
972500,0.010,0.917,0.073
973000,0.010,0.972,0.018
973500,0.010,0.990,0.000
974000,0.010,0.952,0.038
974500,0.010,0.870,0.120
975000,0.010,0.974,0.016
975500,0.010,0.957,0.033
976000,0.010,0.987,0.003
976500,0.010,0.983,0.007
977000,0.010,0.835,0.155
977500,0.010,0.911,0.079
978000,0.010,0.972,0.018
978500,0.010,0.857,0.133
979000,0.010,0.943,0.047
979500,0.010,0.930,0.060
980000,0.010,0.912,0.078
980500,0.010,0.972,0.018
981000,0.010,0.924,0.066
981500,0.010,0.936,0.054
982000,0.010,0.794,0.196
982500,0.010,0.786,0.204
983000,0.010,0.987,0.003
983500,0.010,0.918,0.072
984000,0.010,0.965,0.025
984500,0.010,0.911,0.079
985000,0.010,0.985,0.005
985500,0.010,0.990,0.000
986000,0.010,0.923,0.067
986500,0.010,0.934,0.056
987000,0.010,0.934,0.056
987500,0.010,0.989,0.001
988000,0.010,0.988,0.002
988500,0.010,0.990,0.000
989000,0.010,0.910,0.080
989500,0.010,0.909,0.081
990000,0.010,0.823,0.167
990500,0.010,0.986,0.004
991000,0.010,0.986,0.004
991500,0.010,0.910,0.080
992000,0.010,0.858,0.132
992500,0.010,0.793,0.197
993000,0.010,0.963,0.027
993500,0.010,0.834,0.156
994000,0.010,0.955,0.035
994500,0.010,0.774,0.216
995000,0.010,0.939,0.051
995500,0.010,0.747,0.243
996000,0.010,0.939,0.051
996500,0.010,0.852,0.138
997000,0.010,0.921,0.069
997500,0.010,0.990,0.000
998000,0.010,0.967,0.023
998500,0.010,0.820,0.170
999000,0.010,0.989,0.001
999500,0.010,0.978,0.012
1000000,0.010,0.965,0.025
