time,n_A+p,n_B,n_AB
1000,0.054,0.178,0.768
2000,0.062,0.218,0.720
3000,0.025,0.221,0.754
4000,0.056,0.220,0.724
5000,0.063,0.208,0.729
6000,0.043,0.256,0.701
7000,0.030,0.286,0.684
8000,0.016,0.359,0.625
9000,0.013,0.390,0.597
10000,0.016,0.282,0.702
11000,0.041,0.252,0.707
12000,0.057,0.224,0.719
13000,0.058,0.183,0.759
14000,0.052,0.190,0.758
15000,0.042,0.219,0.739
16000,0.047,0.191,0.762
17000,0.070,0.212,0.718
18000,0.050,0.253,0.697
19000,0.058,0.217,0.725
20000,0.074,0.233,0.693
21000,0.042,0.264,0.694
22000,0.052,0.242,0.706
23000,0.028,0.270,0.702
24000,0.022,0.251,0.727
25000,0.028,0.257,0.715
26000,0.050,0.211,0.739
27000,0.057,0.245,0.698
28000,0.041,0.244,0.715
29000,0.035,0.295,0.670
30000,0.024,0.254,0.722
31000,0.019,0.284,0.697
32000,0.041,0.292,0.667
33000,0.044,0.222,0.734
34000,0.065,0.219,0.716
35000,0.046,0.256,0.698
36000,0.040,0.268,0.692
37000,0.017,0.297,0.686
38000,0.037,0.295,0.668
39000,0.031,0.347,0.622
40000,0.026,0.273,0.701
41000,0.044,0.281,0.675
42000,0.024,0.294,0.682
43000,0.025,0.279,0.696
44000,0.037,0.292,0.671
45000,0.026,0.334,0.640
46000,0.032,0.233,0.735
47000,0.014,0.312,0.674
48000,0.026,0.253,0.721
49000,0.039,0.266,0.695
50000,0.054,0.204,0.742
51000,0.056,0.237,0.707
52000,0.071,0.194,0.735
53000,0.070,0.207,0.723
54000,0.033,0.329,0.638
55000,0.028,0.288,0.684
56000,0.028,0.248,0.724
57000,0.015,0.301,0.684
58000,0.009,0.392,0.599
59000,0.024,0.251,0.725
60000,0.043,0.256,0.701
61000,0.053,0.268,0.679
62000,0.060,0.192,0.748
63000,0.069,0.199,0.732
64000,0.081,0.142,0.777
65000,0.078,0.180,0.742
66000,0.078,0.187,0.735
67000,0.103,0.192,0.705
68000,0.067,0.215,0.718
69000,0.041,0.273,0.686
70000,0.054,0.208,0.738
71000,0.088,0.160,0.752
72000,0.086,0.197,0.717
73000,0.043,0.196,0.761
74000,0.037,0.276,0.687
75000,0.072,0.214,0.714
76000,0.069,0.166,0.765
77000,0.084,0.141,0.775
78000,0.136,0.124,0.740
79000,0.169,0.087,0.744
80000,0.162,0.103,0.735
81000,0.162,0.088,0.750
82000,0.210,0.057,0.733
83000,0.183,0.060,0.757
84000,0.197,0.070,0.733
85000,0.142,0.121,0.737
86000,0.177,0.063,0.760
87000,0.184,0.084,0.732
88000,0.223,0.066,0.711
89000,0.205,0.052,0.743
90000,0.198,0.050,0.752
91000,0.240,0.026,0.734
92000,0.240,0.032,0.728
93000,0.218,0.061,0.721
94000,0.173,0.100,0.727
95000,0.202,0.079,0.719
96000,0.220,0.029,0.751
97000,0.240,0.048,0.712
98000,0.269,0.019,0.712
99000,0.301,0.023,0.676
100000,0.272,0.015,0.713
101000,0.246,0.069,0.685
102000,0.228,0.044,0.728
103000,0.195,0.078,0.727
104000,0.225,0.055,0.720
105000,0.261,0.037,0.702
106000,0.241,0.035,0.724
107000,0.227,0.038,0.735
108000,0.196,0.065,0.739
109000,0.163,0.080,0.757
110000,0.152,0.099,0.749
111000,0.159,0.098,0.743
112000,0.150,0.094,0.756
113000,0.199,0.059,0.742
114000,0.217,0.061,0.722
115000,0.233,0.042,0.725
116000,0.247,0.072,0.681
117000,0.231,0.055,0.714
118000,0.220,0.052,0.728
119000,0.254,0.039,0.707
120000,0.336,0.010,0.654
121000,0.316,0.011,0.673
122000,0.341,0.016,0.643
123000,0.247,0.037,0.716
124000,0.269,0.035,0.696
125000,0.228,0.053,0.719
126000,0.231,0.040,0.729
127000,0.187,0.067,0.746
128000,0.222,0.040,0.738
129000,0.283,0.040,0.677
130000,0.266,0.027,0.707
131000,0.266,0.021,0.713
132000,0.247,0.047,0.706
133000,0.208,0.062,0.730
134000,0.238,0.044,0.718
135000,0.241,0.047,0.712
136000,0.276,0.030,0.694
137000,0.279,0.020,0.701
138000,0.202,0.043,0.755
139000,0.206,0.048,0.746
140000,0.228,0.050,0.722
141000,0.231,0.034,0.735
142000,0.235,0.020,0.745
143000,0.226,0.066,0.708
144000,0.157,0.100,0.743
145000,0.212,0.099,0.689
146000,0.173,0.075,0.752
147000,0.148,0.114,0.738
148000,0.152,0.088,0.760
149000,0.138,0.122,0.740
150000,0.097,0.135,0.768
151000,0.071,0.165,0.764
152000,0.064,0.222,0.714
153000,0.034,0.242,0.724
154000,0.043,0.247,0.710
155000,0.040,0.228,0.732
156000,0.020,0.303,0.677
157000,0.032,0.289,0.679
158000,0.031,0.271,0.698
159000,0.043,0.217,0.740
160000,0.033,0.222,0.745
161000,0.030,0.237,0.733
162000,0.040,0.267,0.693
163000,0.087,0.185,0.728
164000,0.100,0.147,0.753
165000,0.092,0.143,0.765
166000,0.131,0.124,0.745
167000,0.137,0.127,0.736
168000,0.087,0.146,0.767
169000,0.108,0.137,0.755
170000,0.118,0.118,0.764
171000,0.100,0.123,0.777
172000,0.103,0.142,0.755
173000,0.198,0.070,0.732
174000,0.192,0.066,0.742
175000,0.193,0.065,0.742
176000,0.219,0.037,0.744
177000,0.188,0.062,0.750
178000,0.183,0.084,0.733
179000,0.191,0.054,0.755
180000,0.210,0.044,0.746
181000,0.180,0.072,0.748
182000,0.192,0.080,0.728
183000,0.215,0.068,0.717
184000,0.186,0.077,0.737
185000,0.216,0.058,0.726
186000,0.151,0.064,0.785
187000,0.170,0.058,0.772
188000,0.150,0.086,0.764
189000,0.172,0.077,0.751
190000,0.147,0.106,0.747
191000,0.136,0.097,0.767
192000,0.127,0.099,0.774
193000,0.154,0.096,0.750
194000,0.131,0.108,0.761
195000,0.114,0.129,0.757
196000,0.102,0.123,0.775
197000,0.158,0.062,0.780
198000,0.219,0.045,0.736
199000,0.177,0.064,0.759
200000,0.166,0.085,0.749
201000,0.187,0.085,0.728
202000,0.161,0.080,0.759
203000,0.127,0.120,0.753
204000,0.142,0.097,0.761
205000,0.135,0.095,0.770
206000,0.093,0.174,0.733
207000,0.116,0.149,0.735
208000,0.135,0.098,0.767
209000,0.111,0.129,0.760
210000,0.100,0.145,0.755
211000,0.194,0.091,0.715
212000,0.168,0.064,0.768
213000,0.188,0.076,0.736
214000,0.141,0.102,0.757
215000,0.116,0.140,0.744
216000,0.096,0.145,0.759
217000,0.118,0.122,0.760
218000,0.075,0.207,0.718
219000,0.049,0.209,0.742
220000,0.093,0.139,0.768
221000,0.118,0.133,0.749
222000,0.161,0.094,0.745
223000,0.141,0.089,0.770
224000,0.132,0.102,0.766
225000,0.112,0.092,0.796
226000,0.183,0.039,0.778
227000,0.233,0.050,0.717
228000,0.209,0.058,0.733
229000,0.211,0.032,0.757
230000,0.204,0.048,0.748
231000,0.179,0.039,0.782
232000,0.252,0.050,0.698
233000,0.266,0.031,0.703
234000,0.196,0.051,0.753
235000,0.244,0.033,0.723
236000,0.325,0.023,0.652
237000,0.332,0.011,0.657
238000,0.350,0.019,0.631
239000,0.296,0.022,0.682
240000,0.227,0.050,0.723
241000,0.194,0.035,0.771
242000,0.176,0.081,0.743
243000,0.199,0.065,0.736
244000,0.196,0.095,0.709
245000,0.191,0.050,0.759
246000,0.228,0.066,0.706
247000,0.227,0.038,0.735
248000,0.231,0.070,0.699
249000,0.165,0.120,0.715
250000,0.189,0.094,0.717
251000,0.228,0.064,0.708
252000,0.236,0.051,0.713
253000,0.193,0.058,0.749
254000,0.202,0.079,0.719
255000,0.166,0.068,0.766
256000,0.176,0.053,0.771
257000,0.220,0.044,0.736
258000,0.184,0.073,0.743
259000,0.261,0.057,0.682
260000,0.269,0.055,0.676
261000,0.235,0.049,0.716
262000,0.248,0.035,0.717
263000,0.229,0.060,0.711
264000,0.214,0.040,0.746
265000,0.324,0.022,0.654
266000,0.218,0.074,0.708
267000,0.265,0.043,0.692
268000,0.248,0.042,0.710
269000,0.299,0.033,0.668
270000,0.236,0.048,0.716
271000,0.228,0.046,0.726
272000,0.242,0.047,0.711
273000,0.303,0.027,0.670
274000,0.264,0.037,0.699
275000,0.268,0.033,0.699
276000,0.193,0.065,0.742
277000,0.257,0.070,0.673
278000,0.208,0.055,0.737
279000,0.220,0.060,0.720
280000,0.322,0.036,0.642
281000,0.248,0.036,0.716
282000,0.201,0.083,0.716
283000,0.140,0.070,0.790
284000,0.207,0.066,0.727
285000,0.170,0.061,0.769
286000,0.139,0.102,0.759
287000,0.165,0.099,0.736
288000,0.167,0.100,0.733
289000,0.137,0.105,0.758
290000,0.134,0.112,0.754
291000,0.116,0.094,0.790
292000,0.179,0.065,0.756
293000,0.114,0.124,0.762
294000,0.060,0.193,0.747
295000,0.065,0.192,0.743
296000,0.088,0.159,0.753
297000,0.075,0.203,0.722
298000,0.028,0.280,0.692
299000,0.048,0.226,0.726
300000,0.073,0.188,0.739
301000,0.037,0.250,0.713
302000,0.048,0.210,0.742
303000,0.051,0.258,0.691
304000,0.048,0.215,0.737
305000,0.044,0.256,0.700
306000,0.023,0.317,0.660
307000,0.026,0.243,0.731
308000,0.041,0.292,0.667
309000,0.052,0.221,0.727
310000,0.044,0.193,0.763
311000,0.031,0.268,0.701
312000,0.037,0.237,0.726
313000,0.039,0.224,0.737
314000,0.035,0.277,0.688
315000,0.072,0.206,0.722
316000,0.068,0.231,0.701
317000,0.045,0.218,0.737
318000,0.036,0.266,0.698
319000,0.032,0.269,0.699
320000,0.021,0.275,0.704
321000,0.015,0.336,0.649
322000,0.033,0.260,0.707
323000,0.038,0.291,0.671
324000,0.017,0.284,0.699
325000,0.051,0.229,0.720
326000,0.079,0.204,0.717
327000,0.048,0.237,0.715
328000,0.079,0.158,0.763
329000,0.108,0.105,0.787
330000,0.071,0.167,0.762
331000,0.092,0.146,0.762
332000,0.119,0.158,0.723
333000,0.059,0.206,0.735
334000,0.073,0.132,0.795
335000,0.099,0.137,0.764
336000,0.061,0.219,0.720
337000,0.044,0.176,0.780
338000,0.046,0.260,0.694
339000,0.068,0.227,0.705
340000,0.083,0.206,0.711
341000,0.102,0.150,0.748
342000,0.116,0.126,0.758
343000,0.094,0.159,0.747
344000,0.072,0.120,0.808
345000,0.069,0.202,0.729
346000,0.060,0.167,0.773
347000,0.069,0.204,0.727
348000,0.071,0.195,0.734
349000,0.040,0.219,0.741
350000,0.065,0.239,0.696
351000,0.085,0.158,0.757
352000,0.067,0.191,0.742
353000,0.061,0.184,0.755
354000,0.072,0.142,0.786
355000,0.095,0.152,0.753
356000,0.104,0.138,0.758
357000,0.159,0.090,0.751
358000,0.127,0.122,0.751
359000,0.072,0.192,0.736
360000,0.083,0.161,0.756
361000,0.118,0.126,0.756
362000,0.088,0.152,0.760
363000,0.089,0.180,0.731
364000,0.051,0.233,0.716
365000,0.069,0.198,0.733
366000,0.069,0.174,0.757
367000,0.096,0.195,0.709
368000,0.051,0.196,0.753
369000,0.059,0.187,0.754
370000,0.044,0.194,0.762
371000,0.078,0.171,0.751
372000,0.052,0.239,0.709
373000,0.050,0.190,0.760
374000,0.073,0.183,0.744
375000,0.098,0.130,0.772
376000,0.121,0.130,0.749
377000,0.181,0.082,0.737
378000,0.219,0.043,0.738
379000,0.215,0.062,0.723
380000,0.223,0.052,0.725
381000,0.241,0.032,0.727
382000,0.256,0.043,0.701
383000,0.294,0.030,0.676
384000,0.313,0.011,0.676
385000,0.281,0.033,0.686
386000,0.228,0.032,0.740
387000,0.199,0.080,0.721
388000,0.178,0.058,0.764
389000,0.186,0.059,0.755
390000,0.146,0.108,0.746
391000,0.165,0.071,0.764
392000,0.181,0.068,0.751
393000,0.203,0.058,0.739
394000,0.197,0.069,0.734
395000,0.239,0.053,0.708
396000,0.213,0.055,0.732
397000,0.256,0.060,0.684
398000,0.316,0.015,0.669
399000,0.291,0.035,0.674
400000,0.304,0.013,0.683
401000,0.329,0.019,0.652
402000,0.275,0.023,0.702
403000,0.257,0.018,0.725
404000,0.223,0.053,0.724
405000,0.230,0.033,0.737
406000,0.191,0.062,0.747
407000,0.161,0.086,0.753
408000,0.125,0.077,0.798
409000,0.191,0.082,0.727
410000,0.179,0.114,0.707
411000,0.180,0.088,0.732
412000,0.180,0.083,0.737
413000,0.239,0.023,0.738
414000,0.263,0.009,0.728
415000,0.233,0.032,0.735
416000,0.312,0.024,0.664
417000,0.282,0.037,0.681
418000,0.292,0.021,0.687
419000,0.301,0.015,0.684
420000,0.185,0.058,0.757
421000,0.242,0.074,0.684
422000,0.175,0.067,0.758
423000,0.191,0.069,0.740
424000,0.198,0.048,0.754
425000,0.216,0.072,0.712
426000,0.229,0.036,0.735
427000,0.204,0.074,0.722
428000,0.297,0.039,0.664
429000,0.271,0.043,0.686
430000,0.215,0.055,0.730
431000,0.237,0.045,0.718
432000,0.320,0.012,0.668
433000,0.307,0.022,0.671
434000,0.244,0.053,0.703
435000,0.189,0.050,0.761
436000,0.232,0.035,0.733
437000,0.206,0.057,0.737
438000,0.210,0.045,0.745
439000,0.273,0.037,0.690
440000,0.240,0.021,0.739
441000,0.230,0.030,0.740
442000,0.199,0.047,0.754
443000,0.253,0.050,0.697
444000,0.189,0.083,0.728
445000,0.161,0.081,0.758
446000,0.158,0.075,0.767
447000,0.197,0.074,0.729
448000,0.184,0.073,0.743
449000,0.135,0.135,0.730
450000,0.138,0.094,0.768
451000,0.174,0.077,0.749
452000,0.102,0.108,0.790
453000,0.154,0.109,0.737
454000,0.203,0.067,0.730
455000,0.170,0.077,0.753
456000,0.135,0.122,0.743
457000,0.113,0.101,0.786
458000,0.212,0.084,0.704
459000,0.168,0.074,0.758
460000,0.204,0.036,0.760
461000,0.201,0.062,0.737
462000,0.121,0.057,0.822
463000,0.201,0.067,0.732
464000,0.258,0.038,0.704
465000,0.233,0.028,0.739
466000,0.255,0.030,0.715
467000,0.285,0.031,0.684
468000,0.292,0.029,0.679
469000,0.293,0.029,0.678
470000,0.307,0.023,0.670
471000,0.292,0.023,0.685
472000,0.274,0.033,0.693
473000,0.315,0.024,0.661
474000,0.277,0.031,0.692
475000,0.246,0.049,0.705
476000,0.242,0.049,0.709
477000,0.204,0.046,0.750
478000,0.194,0.067,0.739
479000,0.168,0.087,0.745
480000,0.173,0.081,0.746
481000,0.195,0.079,0.726
482000,0.211,0.053,0.736
483000,0.186,0.081,0.733
484000,0.269,0.026,0.705
485000,0.255,0.033,0.712
486000,0.219,0.057,0.724
487000,0.173,0.093,0.734
488000,0.103,0.140,0.757
489000,0.087,0.145,0.768
490000,0.117,0.132,0.751
491000,0.077,0.171,0.752
492000,0.094,0.148,0.758
493000,0.059,0.253,0.688
494000,0.054,0.211,0.735
495000,0.058,0.200,0.742
496000,0.077,0.193,0.730
497000,0.097,0.150,0.753
498000,0.098,0.155,0.747
499000,0.094,0.152,0.754
500000,0.111,0.144,0.745
501000,0.119,0.117,0.764
502000,0.120,0.122,0.758
503000,0.123,0.120,0.757
504000,0.103,0.144,0.753
505000,0.064,0.150,0.786
506000,0.114,0.137,0.749
507000,0.131,0.129,0.740
508000,0.116,0.131,0.753
509000,0.133,0.077,0.790
510000,0.117,0.095,0.788
511000,0.142,0.091,0.767
512000,0.167,0.085,0.748
513000,0.138,0.108,0.754
514000,0.133,0.154,0.713
515000,0.059,0.200,0.741
516000,0.066,0.199,0.735
517000,0.040,0.289,0.671
518000,0.035,0.284,0.681
519000,0.012,0.278,0.710
520000,0.030,0.299,0.671
521000,0.019,0.297,0.684
522000,0.031,0.271,0.698
523000,0.031,0.232,0.737
524000,0.049,0.256,0.695
525000,0.064,0.212,0.724
526000,0.091,0.183,0.726
527000,0.065,0.197,0.738
528000,0.103,0.142,0.755
529000,0.086,0.138,0.776
530000,0.128,0.137,0.735
531000,0.087,0.166,0.747
532000,0.064,0.207,0.729
533000,0.100,0.132,0.768
534000,0.153,0.123,0.724
535000,0.138,0.071,0.791
536000,0.193,0.067,0.740
537000,0.252,0.029,0.719
538000,0.245,0.036,0.719
539000,0.278,0.025,0.697
540000,0.266,0.037,0.697
541000,0.279,0.007,0.714
542000,0.318,0.011,0.671
543000,0.253,0.035,0.712
544000,0.299,0.021,0.680
545000,0.225,0.056,0.719
546000,0.153,0.103,0.744
547000,0.146,0.125,0.729
548000,0.119,0.169,0.712
549000,0.127,0.112,0.761
550000,0.147,0.114,0.739
551000,0.193,0.102,0.705
552000,0.131,0.136,0.733
553000,0.129,0.110,0.761
554000,0.125,0.145,0.730
555000,0.129,0.120,0.751
556000,0.107,0.136,0.757
557000,0.113,0.119,0.768
558000,0.104,0.114,0.782
559000,0.093,0.134,0.773
560000,0.100,0.156,0.744
561000,0.104,0.129,0.767
562000,0.102,0.133,0.765
563000,0.138,0.127,0.735
564000,0.131,0.132,0.737
565000,0.150,0.093,0.757
566000,0.165,0.066,0.769
567000,0.238,0.044,0.718
568000,0.298,0.012,0.690
569000,0.309,0.020,0.671
570000,0.215,0.069,0.716
571000,0.217,0.043,0.740
572000,0.258,0.033,0.709
573000,0.192,0.047,0.761
574000,0.221,0.057,0.722
575000,0.211,0.062,0.727
576000,0.210,0.046,0.744
577000,0.219,0.041,0.740
578000,0.219,0.055,0.726
579000,0.161,0.054,0.785
580000,0.161,0.097,0.742
581000,0.181,0.091,0.728
582000,0.137,0.142,0.721
583000,0.163,0.094,0.743
584000,0.149,0.078,0.773
585000,0.135,0.100,0.765
586000,0.177,0.073,0.750
587000,0.201,0.058,0.741
588000,0.197,0.042,0.761
589000,0.274,0.029,0.697
590000,0.290,0.035,0.675
591000,0.294,0.023,0.683
592000,0.280,0.025,0.695
593000,0.238,0.039,0.723
594000,0.301,0.035,0.664
595000,0.246,0.026,0.728
596000,0.185,0.056,0.759
597000,0.156,0.075,0.769
598000,0.121,0.113,0.766
599000,0.057,0.192,0.751
600000,0.103,0.153,0.744
601000,0.092,0.143,0.765
602000,0.057,0.211,0.732
603000,0.068,0.233,0.699
604000,0.040,0.189,0.771
605000,0.022,0.247,0.731
606000,0.059,0.214,0.727
607000,0.060,0.197,0.743
608000,0.077,0.155,0.768
609000,0.075,0.169,0.756
610000,0.078,0.165,0.757
611000,0.060,0.186,0.754
612000,0.092,0.176,0.732
613000,0.054,0.232,0.714
614000,0.061,0.150,0.789
615000,0.061,0.201,0.738
616000,0.052,0.205,0.743
617000,0.046,0.191,0.763
618000,0.072,0.187,0.741
619000,0.074,0.189,0.737
620000,0.056,0.189,0.755
621000,0.129,0.119,0.752
622000,0.184,0.078,0.738
623000,0.223,0.039,0.738
624000,0.241,0.039,0.720
625000,0.228,0.057,0.715
626000,0.221,0.088,0.691
627000,0.256,0.053,0.691
628000,0.341,0.009,0.650
629000,0.322,0.020,0.658
630000,0.213,0.050,0.737
631000,0.205,0.048,0.747
632000,0.158,0.076,0.766
633000,0.186,0.060,0.754
634000,0.172,0.067,0.761
635000,0.153,0.082,0.765
636000,0.140,0.072,0.788
637000,0.181,0.065,0.754
638000,0.205,0.061,0.734
639000,0.233,0.056,0.711
640000,0.223,0.030,0.747
641000,0.269,0.024,0.707
642000,0.185,0.068,0.747
643000,0.170,0.071,0.759
644000,0.217,0.045,0.738
645000,0.223,0.059,0.718
646000,0.185,0.076,0.739
647000,0.158,0.072,0.770
648000,0.214,0.063,0.723
649000,0.204,0.041,0.755
650000,0.229,0.037,0.734
651000,0.224,0.072,0.704
652000,0.192,0.102,0.706
653000,0.156,0.057,0.787
654000,0.149,0.098,0.753
655000,0.195,0.061,0.744
656000,0.165,0.084,0.751
657000,0.191,0.103,0.706
658000,0.181,0.091,0.728
659000,0.138,0.084,0.778
660000,0.170,0.078,0.752
661000,0.166,0.082,0.752
662000,0.167,0.060,0.773
663000,0.204,0.093,0.703
664000,0.136,0.100,0.764
665000,0.080,0.158,0.762
666000,0.072,0.211,0.717
667000,0.081,0.157,0.762
668000,0.066,0.213,0.721
669000,0.038,0.216,0.746
670000,0.075,0.209,0.716
671000,0.103,0.132,0.765
672000,0.125,0.113,0.762
673000,0.130,0.096,0.774
674000,0.125,0.126,0.749
675000,0.170,0.089,0.741
676000,0.174,0.067,0.759
677000,0.170,0.088,0.742
678000,0.200,0.070,0.730
679000,0.198,0.059,0.743
680000,0.201,0.067,0.732
681000,0.134,0.115,0.751
682000,0.182,0.061,0.757
683000,0.143,0.064,0.793
684000,0.144,0.088,0.768
685000,0.124,0.124,0.752
686000,0.133,0.130,0.737
687000,0.090,0.135,0.775
688000,0.086,0.156,0.758
689000,0.084,0.173,0.743
690000,0.079,0.180,0.741
691000,0.137,0.140,0.723
692000,0.138,0.110,0.752
693000,0.159,0.122,0.719
694000,0.135,0.106,0.759
695000,0.119,0.118,0.763
696000,0.140,0.135,0.725
697000,0.162,0.103,0.735
698000,0.107,0.127,0.766
699000,0.096,0.160,0.744
700000,0.064,0.233,0.703
701000,0.040,0.294,0.666
702000,0.033,0.249,0.718
703000,0.030,0.314,0.656
704000,0.016,0.316,0.668
705000,0.026,0.289,0.685
706000,0.035,0.282,0.683
707000,0.041,0.260,0.699
708000,0.036,0.296,0.668
709000,0.045,0.239,0.716
710000,0.033,0.293,0.674
711000,0.062,0.251,0.687
712000,0.023,0.287,0.690
713000,0.028,0.268,0.704
714000,0.038,0.222,0.740
715000,0.050,0.243,0.707
716000,0.080,0.204,0.716
717000,0.056,0.209,0.735
718000,0.073,0.175,0.752
719000,0.058,0.200,0.742
720000,0.085,0.151,0.764
721000,0.085,0.170,0.745
722000,0.080,0.221,0.699
723000,0.055,0.161,0.784
724000,0.077,0.189,0.734
725000,0.046,0.226,0.728
726000,0.065,0.211,0.724
727000,0.059,0.210,0.731
728000,0.037,0.197,0.766
729000,0.054,0.206,0.740
730000,0.069,0.224,0.707
731000,0.051,0.221,0.728
732000,0.017,0.319,0.664
733000,0.012,0.349,0.639
734000,0.026,0.264,0.710
735000,0.036,0.243,0.721
736000,0.032,0.207,0.761
737000,0.056,0.186,0.758
738000,0.088,0.164,0.748
739000,0.098,0.143,0.759
740000,0.097,0.182,0.721
741000,0.120,0.125,0.755
742000,0.099,0.107,0.794
743000,0.136,0.110,0.754
744000,0.098,0.113,0.789
745000,0.115,0.117,0.768
746000,0.199,0.087,0.714
747000,0.174,0.086,0.740
748000,0.116,0.124,0.760
749000,0.139,0.117,0.744
750000,0.154,0.054,0.792
751000,0.199,0.058,0.743
752000,0.152,0.082,0.766
753000,0.194,0.067,0.739
754000,0.158,0.108,0.734
755000,0.120,0.112,0.768
756000,0.111,0.109,0.780
757000,0.107,0.136,0.757
758000,0.167,0.085,0.748
759000,0.192,0.034,0.774
760000,0.156,0.087,0.757
761000,0.133,0.100,0.767
762000,0.192,0.101,0.707
763000,0.135,0.122,0.743
764000,0.133,0.108,0.759
765000,0.088,0.187,0.725
766000,0.083,0.160,0.757
767000,0.105,0.163,0.732
768000,0.119,0.088,0.793
769000,0.122,0.136,0.742
770000,0.073,0.112,0.815
771000,0.090,0.169,0.741
772000,0.122,0.095,0.783
773000,0.115,0.128,0.757
774000,0.125,0.080,0.795
775000,0.155,0.071,0.774
776000,0.231,0.053,0.716
777000,0.169,0.066,0.765
778000,0.162,0.113,0.725
779000,0.121,0.114,0.765
780000,0.152,0.095,0.753
781000,0.154,0.122,0.724
782000,0.139,0.141,0.720
783000,0.148,0.108,0.744
784000,0.161,0.063,0.776
785000,0.207,0.061,0.732
786000,0.258,0.042,0.700
787000,0.294,0.041,0.665
788000,0.361,0.020,0.619
789000,0.311,0.031,0.658
790000,0.267,0.042,0.691
791000,0.238,0.043,0.719
792000,0.227,0.047,0.726
793000,0.200,0.047,0.753
794000,0.236,0.059,0.705
795000,0.172,0.064,0.764
796000,0.240,0.047,0.713
797000,0.274,0.050,0.676
798000,0.318,0.017,0.665
799000,0.334,0.031,0.635
800000,0.253,0.021,0.726
801000,0.366,0.026,0.608
802000,0.244,0.062,0.694
803000,0.231,0.075,0.694
804000,0.222,0.057,0.721
805000,0.187,0.058,0.755
806000,0.238,0.070,0.692
807000,0.238,0.020,0.742
808000,0.252,0.046,0.702
809000,0.244,0.022,0.734
810000,0.222,0.066,0.712
811000,0.246,0.030,0.724
812000,0.341,0.017,0.642
813000,0.301,0.013,0.686
814000,0.300,0.030,0.670
815000,0.263,0.026,0.711
816000,0.214,0.040,0.746
817000,0.175,0.076,0.749
818000,0.177,0.081,0.742
819000,0.147,0.126,0.727
820000,0.153,0.140,0.707
821000,0.136,0.102,0.762
822000,0.186,0.091,0.723
823000,0.222,0.043,0.735
824000,0.195,0.034,0.771
825000,0.168,0.089,0.743
826000,0.114,0.119,0.767
827000,0.168,0.088,0.744
828000,0.113,0.146,0.741
829000,0.065,0.170,0.765
830000,0.056,0.237,0.707
831000,0.054,0.190,0.756
832000,0.043,0.198,0.759
833000,0.056,0.186,0.758
834000,0.114,0.129,0.757
835000,0.154,0.087,0.759
836000,0.142,0.099,0.759
837000,0.128,0.097,0.775
838000,0.201,0.080,0.719
839000,0.155,0.094,0.751
840000,0.164,0.078,0.758
841000,0.188,0.066,0.746
842000,0.193,0.051,0.756
843000,0.165,0.085,0.750
844000,0.217,0.060,0.723
845000,0.114,0.118,0.768
846000,0.112,0.150,0.738
847000,0.119,0.120,0.761
848000,0.115,0.156,0.729
849000,0.126,0.123,0.751
850000,0.056,0.170,0.774
851000,0.054,0.232,0.714
852000,0.053,0.237,0.710
853000,0.028,0.317,0.655
854000,0.020,0.297,0.683
855000,0.019,0.283,0.698
856000,0.022,0.264,0.714
857000,0.031,0.230,0.739
858000,0.075,0.180,0.745
859000,0.148,0.094,0.758
860000,0.152,0.061,0.787
861000,0.221,0.060,0.719
862000,0.221,0.030,0.749
863000,0.264,0.036,0.700
864000,0.302,0.027,0.671
865000,0.239,0.034,0.727
866000,0.227,0.061,0.712
867000,0.134,0.077,0.789
868000,0.138,0.085,0.777
869000,0.172,0.059,0.769
870000,0.156,0.079,0.765
871000,0.156,0.104,0.740
872000,0.159,0.115,0.726
873000,0.150,0.097,0.753
874000,0.146,0.093,0.761
875000,0.175,0.062,0.763
876000,0.192,0.060,0.748
877000,0.150,0.081,0.769
878000,0.202,0.073,0.725
879000,0.137,0.101,0.762
880000,0.183,0.080,0.737
881000,0.201,0.078,0.721
882000,0.118,0.127,0.755
883000,0.143,0.091,0.766
884000,0.127,0.120,0.753
885000,0.084,0.161,0.755
886000,0.148,0.102,0.750
887000,0.250,0.057,0.693
888000,0.142,0.077,0.781
889000,0.188,0.072,0.740
890000,0.192,0.062,0.746
891000,0.166,0.056,0.778
892000,0.206,0.089,0.705
893000,0.220,0.057,0.723
894000,0.165,0.055,0.780
895000,0.234,0.054,0.712
896000,0.149,0.092,0.759
897000,0.123,0.107,0.770
898000,0.099,0.133,0.768
899000,0.144,0.123,0.733
900000,0.125,0.118,0.757
901000,0.091,0.102,0.807
902000,0.106,0.141,0.753
903000,0.097,0.163,0.740
904000,0.080,0.173,0.747
905000,0.143,0.126,0.731
906000,0.074,0.132,0.794
907000,0.067,0.216,0.717
908000,0.084,0.150,0.766
909000,0.076,0.143,0.781
910000,0.110,0.152,0.738
911000,0.110,0.133,0.757
912000,0.125,0.118,0.757
913000,0.172,0.104,0.724
914000,0.154,0.079,0.767
915000,0.131,0.103,0.766
916000,0.070,0.162,0.768
917000,0.075,0.195,0.730
918000,0.068,0.165,0.767
919000,0.080,0.191,0.729
920000,0.060,0.197,0.743
921000,0.031,0.258,0.711
922000,0.028,0.264,0.708
923000,0.038,0.289,0.673
924000,0.032,0.261,0.707
925000,0.074,0.212,0.714
926000,0.048,0.201,0.751
927000,0.075,0.152,0.773
928000,0.090,0.194,0.716
929000,0.088,0.166,0.746
930000,0.066,0.179,0.755
931000,0.061,0.205,0.734
932000,0.078,0.184,0.738
933000,0.091,0.147,0.762
934000,0.094,0.173,0.733
935000,0.088,0.139,0.773
936000,0.102,0.134,0.764
937000,0.097,0.177,0.726
938000,0.115,0.159,0.726
939000,0.122,0.121,0.757
940000,0.075,0.129,0.796
941000,0.083,0.147,0.770
942000,0.060,0.219,0.721
943000,0.046,0.184,0.770
944000,0.033,0.242,0.725
945000,0.045,0.182,0.773
946000,0.046,0.261,0.693
947000,0.023,0.316,0.661
948000,0.025,0.254,0.721
949000,0.028,0.224,0.748
950000,0.061,0.187,0.752
951000,0.055,0.208,0.737
952000,0.038,0.181,0.781
953000,0.054,0.198,0.748
954000,0.023,0.240,0.737
955000,0.025,0.297,0.678
956000,0.020,0.321,0.659
957000,0.012,0.277,0.711
958000,0.029,0.290,0.681
959000,0.018,0.293,0.689
960000,0.040,0.296,0.664
961000,0.030,0.263,0.707
962000,0.051,0.324,0.625
963000,0.019,0.287,0.694
964000,0.018,0.252,0.730
965000,0.035,0.237,0.728
966000,0.066,0.218,0.716
967000,0.084,0.182,0.734
968000,0.041,0.246,0.713
969000,0.056,0.221,0.723
970000,0.053,0.219,0.728
971000,0.048,0.221,0.731
972000,0.034,0.227,0.739
973000,0.025,0.277,0.698
974000,0.051,0.264,0.685
975000,0.063,0.198,0.739
976000,0.045,0.258,0.697
977000,0.045,0.233,0.722
978000,0.063,0.207,0.730
979000,0.076,0.180,0.744
980000,0.074,0.186,0.740
981000,0.049,0.270,0.681
982000,0.039,0.216,0.745
983000,0.057,0.196,0.747
984000,0.097,0.113,0.790
985000,0.138,0.106,0.756
986000,0.247,0.070,0.683
987000,0.196,0.070,0.734
988000,0.139,0.126,0.735
989000,0.066,0.170,0.764
990000,0.034,0.209,0.757
991000,0.028,0.283,0.689
992000,0.023,0.281,0.696
993000,0.021,0.279,0.700
994000,0.036,0.267,0.697
995000,0.038,0.226,0.736
996000,0.081,0.151,0.768
997000,0.098,0.113,0.789
998000,0.160,0.071,0.769
999000,0.167,0.078,0.755
1000000,0.163,0.093,0.744
