time,n_A+p,n_B,n_AB
500,0.010,0.954,0.036
1000,0.010,0.936,0.054
1500,0.010,0.906,0.084
2000,0.010,0.795,0.195
2500,0.010,0.681,0.309
3000,0.010,0.596,0.394
3500,0.010,0.465,0.525
4000,0.010,0.393,0.597
4500,0.010,0.311,0.678
5000,0.015,0.291,0.694
5500,0.017,0.258,0.726
6000,0.011,0.249,0.740
6500,0.018,0.245,0.736
7000,0.013,0.239,0.749
7500,0.011,0.227,0.762
8000,0.014,0.204,0.782
8500,0.014,0.248,0.738
9000,0.028,0.198,0.775
9500,0.021,0.263,0.716
10000,0.015,0.287,0.699
10500,0.019,0.297,0.684
11000,0.013,0.290,0.697
11500,0.011,0.297,0.692
12000,0.021,0.217,0.762
12500,0.023,0.190,0.787
13000,0.026,0.182,0.791
13500,0.028,0.191,0.781
14000,0.040,0.172,0.788
14500,0.032,0.186,0.782
15000,0.041,0.168,0.791
15500,0.022,0.216,0.762
16000,0.030,0.203,0.767
16500,0.014,0.209,0.777
17000,0.017,0.223,0.761
17500,0.021,0.269,0.711
18000,0.013,0.294,0.694
18500,0.011,0.309,0.679
19000,0.013,0.255,0.733
19500,0.015,0.245,0.740
20000,0.011,0.317,0.672
20500,0.012,0.277,0.712
21000,0.023,0.253,0.724
21500,0.015,0.268,0.717
22000,0.013,0.253,0.734
22500,0.018,0.240,0.742
23000,0.013,0.273,0.714
23500,0.011,0.303,0.685
24000,0.012,0.283,0.705
24500,0.014,0.265,0.721
25000,0.012,0.301,0.687
25500,0.015,0.261,0.724
26000,0.011,0.285,0.704
26500,0.010,0.313,0.677
27000,0.016,0.287,0.697
27500,0.012,0.310,0.677
28000,0.015,0.342,0.643
28500,0.012,0.280,0.708
29000,0.021,0.260,0.720
29500,0.025,0.256,0.719
30000,0.018,0.241,0.740
30500,0.011,0.240,0.748
31000,0.020,0.228,0.752
31500,0.019,0.205,0.775
32000,0.025,0.246,0.728
32500,0.017,0.239,0.744
33000,0.017,0.255,0.729
33500,0.018,0.267,0.716
34000,0.017,0.261,0.723
34500,0.015,0.234,0.750
35000,0.013,0.261,0.726
35500,0.014,0.186,0.799
36000,0.021,0.205,0.774
36500,0.027,0.226,0.747
37000,0.018,0.259,0.724
37500,0.022,0.253,0.725
38000,0.021,0.176,0.802
38500,0.015,0.214,0.771
39000,0.016,0.214,0.769
39500,0.016,0.261,0.724
40000,0.021,0.234,0.745
40500,0.018,0.243,0.738
41000,0.032,0.223,0.746
41500,0.022,0.199,0.778
42000,0.019,0.218,0.762
42500,0.017,0.262,0.722
43000,0.011,0.272,0.717
43500,0.011,0.224,0.765
44000,0.017,0.270,0.714
44500,0.017,0.284,0.699
45000,0.013,0.303,0.684
45500,0.021,0.267,0.713
46000,0.019,0.275,0.706
46500,0.015,0.234,0.750
47000,0.015,0.285,0.700
47500,0.015,0.275,0.711
48000,0.017,0.235,0.748
48500,0.015,0.270,0.715
49000,0.011,0.233,0.757
49500,0.025,0.220,0.755
50000,0.016,0.226,0.758
50500,0.027,0.189,0.784
51000,0.046,0.176,0.777
51500,0.051,0.174,0.774
52000,0.043,0.188,0.769
52500,0.030,0.227,0.743
53000,0.015,0.259,0.726
53500,0.015,0.248,0.737
54000,0.012,0.281,0.708
54500,0.011,0.249,0.740
55000,0.016,0.231,0.753
55500,0.015,0.257,0.728
56000,0.011,0.288,0.700
56500,0.025,0.280,0.695
57000,0.022,0.289,0.689
57500,0.011,0.284,0.705
58000,0.010,0.335,0.655
58500,0.016,0.290,0.694
59000,0.015,0.255,0.731
59500,0.019,0.243,0.738
60000,0.015,0.223,0.763
60500,0.017,0.271,0.713
61000,0.019,0.235,0.746
61500,0.015,0.288,0.697
62000,0.011,0.304,0.684
62500,0.012,0.298,0.690
63000,0.019,0.256,0.726
63500,0.022,0.242,0.735
64000,0.013,0.271,0.716
64500,0.011,0.339,0.650
65000,0.010,0.317,0.673
65500,0.013,0.288,0.698
66000,0.011,0.302,0.687
66500,0.021,0.276,0.703
67000,0.014,0.260,0.726
67500,0.013,0.281,0.706
68000,0.024,0.264,0.713
68500,0.013,0.287,0.700
69000,0.011,0.268,0.722
69500,0.010,0.271,0.720
70000,0.013,0.240,0.747
70500,0.031,0.234,0.735
71000,0.022,0.234,0.744
71500,0.028,0.207,0.765
72000,0.022,0.212,0.766
72500,0.029,0.243,0.729
73000,0.024,0.226,0.750
73500,0.021,0.245,0.734
74000,0.021,0.251,0.728
74500,0.030,0.231,0.739
75000,0.012,0.301,0.687
75500,0.015,0.281,0.704
76000,0.013,0.260,0.727
76500,0.025,0.213,0.763
77000,0.029,0.217,0.754
77500,0.034,0.233,0.734
78000,0.025,0.217,0.758
78500,0.021,0.211,0.768
79000,0.018,0.238,0.744
79500,0.011,0.222,0.767
80000,0.015,0.246,0.740
80500,0.025,0.214,0.762
81000,0.024,0.229,0.748
81500,0.016,0.244,0.740
82000,0.032,0.227,0.742
82500,0.034,0.186,0.780
83000,0.030,0.229,0.741
83500,0.021,0.225,0.755
84000,0.022,0.204,0.773
84500,0.032,0.203,0.765
85000,0.021,0.204,0.775
85500,0.021,0.202,0.777
86000,0.043,0.223,0.734
86500,0.032,0.170,0.798
87000,0.035,0.154,0.811
87500,0.037,0.177,0.786
88000,0.046,0.174,0.780
88500,0.030,0.188,0.782
89000,0.032,0.206,0.762
89500,0.036,0.158,0.806
90000,0.041,0.163,0.796
90500,0.038,0.160,0.802
91000,0.036,0.178,0.786
91500,0.042,0.159,0.799
92000,0.037,0.196,0.767
92500,0.028,0.203,0.770
93000,0.026,0.163,0.811
93500,0.049,0.171,0.780
94000,0.027,0.186,0.787
94500,0.021,0.197,0.782
95000,0.022,0.260,0.718
95500,0.025,0.240,0.735
96000,0.014,0.249,0.736
96500,0.022,0.222,0.756
97000,0.014,0.280,0.706
97500,0.015,0.315,0.669
98000,0.010,0.266,0.724
98500,0.018,0.245,0.736
99000,0.013,0.239,0.748
99500,0.013,0.248,0.739
100000,0.011,0.277,0.713
100500,0.015,0.224,0.761
101000,0.015,0.253,0.732
101500,0.025,0.257,0.718
102000,0.026,0.238,0.735
102500,0.015,0.240,0.744
103000,0.018,0.266,0.717
103500,0.015,0.276,0.710
104000,0.011,0.296,0.693
104500,0.011,0.270,0.720
105000,0.027,0.229,0.744
105500,0.026,0.203,0.771
106000,0.022,0.211,0.766
106500,0.017,0.236,0.746
107000,0.017,0.278,0.706
107500,0.011,0.283,0.706
108000,0.011,0.281,0.708
108500,0.011,0.273,0.716
109000,0.017,0.303,0.681
109500,0.017,0.241,0.742
110000,0.016,0.206,0.777
110500,0.016,0.248,0.736
111000,0.018,0.301,0.681
111500,0.017,0.244,0.738
112000,0.022,0.249,0.729
112500,0.037,0.207,0.755
113000,0.028,0.193,0.780
113500,0.029,0.214,0.756
114000,0.025,0.207,0.768
114500,0.025,0.214,0.761
115000,0.024,0.227,0.749
115500,0.049,0.201,0.751
116000,0.025,0.184,0.790
116500,0.018,0.195,0.787
117000,0.024,0.172,0.805
117500,0.016,0.186,0.798
118000,0.033,0.171,0.796
118500,0.045,0.151,0.803
119000,0.041,0.182,0.777
119500,0.036,0.174,0.790
120000,0.045,0.169,0.785
120500,0.043,0.151,0.805
121000,0.032,0.197,0.772
121500,0.034,0.226,0.740
122000,0.025,0.212,0.763
122500,0.025,0.242,0.733
123000,0.015,0.274,0.712
123500,0.011,0.281,0.708
124000,0.011,0.263,0.727
124500,0.024,0.261,0.716
125000,0.028,0.239,0.733
125500,0.015,0.240,0.745
126000,0.018,0.241,0.742
126500,0.018,0.264,0.719
127000,0.021,0.220,0.760
127500,0.024,0.293,0.683
128000,0.018,0.248,0.733
128500,0.011,0.309,0.679
129000,0.010,0.340,0.650
129500,0.013,0.345,0.643
130000,0.011,0.381,0.609
130500,0.010,0.298,0.692
131000,0.018,0.260,0.722
131500,0.021,0.220,0.759
132000,0.025,0.261,0.714
132500,0.018,0.262,0.720
133000,0.017,0.281,0.703
133500,0.015,0.270,0.716
134000,0.015,0.259,0.726
134500,0.011,0.254,0.736
135000,0.027,0.208,0.764
135500,0.026,0.216,0.757
136000,0.024,0.235,0.741
136500,0.023,0.240,0.737
137000,0.015,0.272,0.714
137500,0.025,0.231,0.744
138000,0.026,0.241,0.733
138500,0.020,0.188,0.792
139000,0.021,0.214,0.764
139500,0.026,0.256,0.718
140000,0.015,0.238,0.746
140500,0.019,0.246,0.734
141000,0.018,0.293,0.690
141500,0.016,0.306,0.678
142000,0.011,0.298,0.691
142500,0.011,0.270,0.720
143000,0.016,0.280,0.704
143500,0.015,0.250,0.736
144000,0.015,0.274,0.712
144500,0.011,0.266,0.723
145000,0.015,0.275,0.710
145500,0.011,0.249,0.740
146000,0.014,0.268,0.718
146500,0.023,0.254,0.724
147000,0.023,0.182,0.794
147500,0.020,0.192,0.788
148000,0.013,0.250,0.737
148500,0.015,0.246,0.740
149000,0.013,0.235,0.751
149500,0.018,0.232,0.750
150000,0.018,0.208,0.774
150500,0.023,0.260,0.717
151000,0.015,0.229,0.757
151500,0.011,0.224,0.765
152000,0.010,0.243,0.747
152500,0.013,0.295,0.692
153000,0.013,0.250,0.737
153500,0.013,0.263,0.724
154000,0.011,0.299,0.691
154500,0.015,0.275,0.710
155000,0.011,0.304,0.685
155500,0.015,0.280,0.705
156000,0.011,0.301,0.688
156500,0.014,0.260,0.726
157000,0.011,0.281,0.707
157500,0.011,0.257,0.733
158000,0.010,0.313,0.677
158500,0.016,0.349,0.635
159000,0.013,0.277,0.710
159500,0.015,0.207,0.778
160000,0.014,0.239,0.746
160500,0.013,0.283,0.703
161000,0.013,0.242,0.745
161500,0.017,0.223,0.761
162000,0.013,0.283,0.704
162500,0.017,0.218,0.764
163000,0.017,0.250,0.734
163500,0.021,0.242,0.737
164000,0.015,0.261,0.724
164500,0.018,0.274,0.708
165000,0.029,0.231,0.741
165500,0.021,0.237,0.743
166000,0.028,0.194,0.778
166500,0.024,0.199,0.778
167000,0.030,0.225,0.745
167500,0.029,0.180,0.791
168000,0.025,0.223,0.753
168500,0.019,0.260,0.721
169000,0.014,0.282,0.704
169500,0.011,0.305,0.684
170000,0.015,0.274,0.712
170500,0.024,0.233,0.743
171000,0.019,0.298,0.683
171500,0.011,0.257,0.732
172000,0.013,0.263,0.724
172500,0.016,0.256,0.728
173000,0.021,0.243,0.736
173500,0.028,0.202,0.771
174000,0.031,0.173,0.796
174500,0.030,0.190,0.780
175000,0.025,0.254,0.721
175500,0.034,0.198,0.768
176000,0.024,0.203,0.773
176500,0.015,0.224,0.761
177000,0.020,0.224,0.756
177500,0.015,0.234,0.751
178000,0.018,0.212,0.770
178500,0.021,0.203,0.777
179000,0.017,0.215,0.769
179500,0.015,0.229,0.757
180000,0.014,0.236,0.750
180500,0.011,0.292,0.697
181000,0.015,0.208,0.777
181500,0.025,0.184,0.791
182000,0.034,0.181,0.784
182500,0.043,0.195,0.762
183000,0.023,0.216,0.760
183500,0.015,0.306,0.679
184000,0.014,0.306,0.679
184500,0.017,0.284,0.699
185000,0.013,0.299,0.688
185500,0.016,0.291,0.693
186000,0.011,0.304,0.685
186500,0.011,0.268,0.722
187000,0.010,0.253,0.738
187500,0.021,0.249,0.730
188000,0.018,0.250,0.732
188500,0.019,0.257,0.724
189000,0.018,0.253,0.730
189500,0.021,0.223,0.756
190000,0.013,0.279,0.708
190500,0.015,0.262,0.723
191000,0.013,0.280,0.707
191500,0.011,0.236,0.754
192000,0.026,0.241,0.732
192500,0.013,0.225,0.762
193000,0.016,0.244,0.740
193500,0.018,0.270,0.713
194000,0.021,0.218,0.761
194500,0.021,0.239,0.741
195000,0.015,0.269,0.716
195500,0.013,0.270,0.717
196000,0.021,0.243,0.736
196500,0.027,0.218,0.755
197000,0.021,0.258,0.721
197500,0.016,0.237,0.746
198000,0.018,0.307,0.675
198500,0.011,0.309,0.680
199000,0.012,0.321,0.667
199500,0.010,0.282,0.708
200000,0.010,0.283,0.707
200500,0.013,0.257,0.730
201000,0.013,0.312,0.674
201500,0.010,0.241,0.749
202000,0.024,0.190,0.786
202500,0.011,0.278,0.711
203000,0.024,0.240,0.736
203500,0.019,0.248,0.732
204000,0.015,0.224,0.761
204500,0.015,0.195,0.791
205000,0.021,0.215,0.763
205500,0.041,0.172,0.787
206000,0.050,0.158,0.792
206500,0.057,0.154,0.789
207000,0.054,0.116,0.830
207500,0.064,0.157,0.779
208000,0.059,0.146,0.794
208500,0.050,0.154,0.795
209000,0.035,0.177,0.788
209500,0.024,0.253,0.724
210000,0.012,0.250,0.738
210500,0.015,0.279,0.706
211000,0.013,0.298,0.689
211500,0.022,0.217,0.761
212000,0.029,0.175,0.796
212500,0.026,0.215,0.759
213000,0.017,0.194,0.790
213500,0.015,0.203,0.782
214000,0.043,0.184,0.772
214500,0.068,0.140,0.792
215000,0.052,0.150,0.797
215500,0.028,0.148,0.825
216000,0.034,0.194,0.772
216500,0.029,0.232,0.740
217000,0.032,0.175,0.793
217500,0.026,0.208,0.765
218000,0.020,0.201,0.779
218500,0.041,0.197,0.762
219000,0.022,0.190,0.788
219500,0.028,0.229,0.743
220000,0.023,0.216,0.760
220500,0.032,0.223,0.746
221000,0.017,0.237,0.747
221500,0.025,0.181,0.793
222000,0.024,0.212,0.765
222500,0.026,0.291,0.682
223000,0.015,0.240,0.745
223500,0.024,0.230,0.746
224000,0.022,0.240,0.738
224500,0.017,0.230,0.754
225000,0.015,0.251,0.734
225500,0.019,0.248,0.732
226000,0.028,0.215,0.758
226500,0.036,0.196,0.768
227000,0.027,0.190,0.783
227500,0.025,0.259,0.716
228000,0.015,0.217,0.767
228500,0.021,0.229,0.750
229000,0.011,0.274,0.715
229500,0.015,0.308,0.677
230000,0.011,0.249,0.740
230500,0.019,0.267,0.714
231000,0.012,0.234,0.754
231500,0.017,0.221,0.763
232000,0.025,0.221,0.755
232500,0.022,0.221,0.757
233000,0.061,0.166,0.772
233500,0.029,0.155,0.815
234000,0.027,0.186,0.786
234500,0.014,0.223,0.763
235000,0.017,0.261,0.723
235500,0.010,0.236,0.754
236000,0.013,0.236,0.751
236500,0.013,0.282,0.704
237000,0.012,0.281,0.707
237500,0.015,0.294,0.692
238000,0.013,0.306,0.681
238500,0.011,0.304,0.684
239000,0.011,0.295,0.694
239500,0.013,0.246,0.742
240000,0.021,0.225,0.755
240500,0.021,0.190,0.788
241000,0.013,0.222,0.765
241500,0.013,0.303,0.685
242000,0.011,0.300,0.688
242500,0.011,0.315,0.673
243000,0.011,0.314,0.676
243500,0.013,0.308,0.678
244000,0.010,0.294,0.696
244500,0.010,0.306,0.684
245000,0.012,0.291,0.697
245500,0.010,0.341,0.649
246000,0.022,0.266,0.712
246500,0.027,0.223,0.750
247000,0.014,0.264,0.722
247500,0.015,0.237,0.748
248000,0.018,0.244,0.738
248500,0.028,0.169,0.804
249000,0.035,0.206,0.758
249500,0.037,0.161,0.802
250000,0.046,0.149,0.804
250500,0.047,0.146,0.806
251000,0.059,0.110,0.832
251500,0.074,0.117,0.808
252000,0.071,0.101,0.828
252500,0.110,0.089,0.801
253000,0.107,0.077,0.816
253500,0.101,0.078,0.821
254000,0.129,0.076,0.794
254500,0.133,0.050,0.817
255000,0.197,0.029,0.774
255500,0.250,0.010,0.740
256000,0.305,0.012,0.682
256500,0.296,0.007,0.697
257000,0.260,0.002,0.739
257500,0.288,0.011,0.701
258000,0.370,0.002,0.629
258500,0.405,0.000,0.595
259000,0.396,0.000,0.604
259500,0.392,0.000,0.608
260000,0.391,0.000,0.609
260500,0.389,0.000,0.611
261000,0.362,0.003,0.635
261500,0.359,0.000,0.641
262000,0.351,0.000,0.649
262500,0.354,0.000,0.645
263000,0.313,0.000,0.687
263500,0.382,0.000,0.618
264000,0.376,0.004,0.620
264500,0.351,0.003,0.646
265000,0.367,0.001,0.632
265500,0.377,0.002,0.621
266000,0.275,0.000,0.725
266500,0.356,0.002,0.642
267000,0.365,0.001,0.635
267500,0.380,0.000,0.621
268000,0.350,0.000,0.650
268500,0.357,0.000,0.643
269000,0.362,0.000,0.638
269500,0.380,0.000,0.621
270000,0.364,0.000,0.635
270500,0.307,0.000,0.693
271000,0.342,0.006,0.652
271500,0.291,0.001,0.709
272000,0.343,0.001,0.656
272500,0.384,0.004,0.613
273000,0.399,0.000,0.601
273500,0.303,0.001,0.696
274000,0.345,0.000,0.655
274500,0.313,0.000,0.687
275000,0.299,0.000,0.701
275500,0.321,0.003,0.676
276000,0.337,0.002,0.662
276500,0.372,0.000,0.628
277000,0.376,0.002,0.622
277500,0.328,0.001,0.671
278000,0.291,0.000,0.709
278500,0.319,0.000,0.681
279000,0.342,0.000,0.658
279500,0.444,0.000,0.556
280000,0.345,0.000,0.655
280500,0.309,0.004,0.687
281000,0.362,0.002,0.636
281500,0.346,0.001,0.654
282000,0.360,0.000,0.640
282500,0.305,0.000,0.695
283000,0.299,0.006,0.695
283500,0.271,0.001,0.729
284000,0.274,0.006,0.720
284500,0.314,0.003,0.683
285000,0.321,0.001,0.679
285500,0.301,0.000,0.699
286000,0.374,0.000,0.625
286500,0.345,0.003,0.652
287000,0.299,0.005,0.696
287500,0.316,0.003,0.681
288000,0.331,0.000,0.669
288500,0.344,0.002,0.653
289000,0.335,0.000,0.665
289500,0.333,0.000,0.667
290000,0.293,0.000,0.707
290500,0.313,0.003,0.685
291000,0.308,0.003,0.689
291500,0.310,0.000,0.690
292000,0.314,0.000,0.686
292500,0.261,0.008,0.732
293000,0.308,0.004,0.688
293500,0.323,0.001,0.676
294000,0.318,0.000,0.682
294500,0.359,0.001,0.640
295000,0.315,0.005,0.680
295500,0.343,0.004,0.654
296000,0.355,0.001,0.645
296500,0.386,0.001,0.614
297000,0.379,0.000,0.621
297500,0.387,0.000,0.613
298000,0.328,0.000,0.672
298500,0.316,0.001,0.683
299000,0.325,0.000,0.675
299500,0.380,0.005,0.615
300000,0.404,0.004,0.592
300500,0.385,0.001,0.615
301000,0.404,0.000,0.596
301500,0.423,0.000,0.577
302000,0.339,0.003,0.658
302500,0.357,0.001,0.643
303000,0.377,0.000,0.623
303500,0.351,0.000,0.649
304000,0.369,0.000,0.631
304500,0.405,0.002,0.594
305000,0.356,0.000,0.644
305500,0.334,0.000,0.666
306000,0.368,0.000,0.631
306500,0.341,0.000,0.659
307000,0.389,0.004,0.607
307500,0.430,0.001,0.570
308000,0.423,0.000,0.577
308500,0.389,0.000,0.611
309000,0.425,0.000,0.575
309500,0.447,0.000,0.553
310000,0.370,0.000,0.630
310500,0.368,0.001,0.631
311000,0.377,0.000,0.623
311500,0.323,0.000,0.677
312000,0.307,0.002,0.691
312500,0.288,0.005,0.707
313000,0.303,0.000,0.697
313500,0.294,0.009,0.697
314000,0.328,0.001,0.671
314500,0.292,0.002,0.706
315000,0.351,0.001,0.648
315500,0.378,0.002,0.621
316000,0.353,0.001,0.646
316500,0.354,0.000,0.645
317000,0.352,0.000,0.648
317500,0.297,0.008,0.695
318000,0.324,0.002,0.675
318500,0.280,0.001,0.719
319000,0.327,0.001,0.673
319500,0.342,0.006,0.652
320000,0.321,0.002,0.677
320500,0.292,0.001,0.708
321000,0.314,0.004,0.683
321500,0.283,0.005,0.711
322000,0.309,0.000,0.691
322500,0.267,0.010,0.723
323000,0.257,0.005,0.738
323500,0.370,0.000,0.630
324000,0.405,0.000,0.595
324500,0.412,0.000,0.588
325000,0.379,0.000,0.621
325500,0.352,0.000,0.647
326000,0.371,0.000,0.629
326500,0.344,0.001,0.655
327000,0.306,0.007,0.686
327500,0.320,0.002,0.679
328000,0.296,0.002,0.703
328500,0.280,0.001,0.720
329000,0.333,0.001,0.666
329500,0.313,0.001,0.687
330000,0.369,0.000,0.631
330500,0.349,0.000,0.651
331000,0.358,0.000,0.642
331500,0.373,0.000,0.627
332000,0.393,0.000,0.607
332500,0.372,0.000,0.627
333000,0.377,0.000,0.623
333500,0.337,0.002,0.661
334000,0.327,0.003,0.670
334500,0.316,0.001,0.683
335000,0.329,0.002,0.670
335500,0.338,0.001,0.662
336000,0.313,0.000,0.687
336500,0.278,0.000,0.722
337000,0.344,0.000,0.656
337500,0.357,0.000,0.643
338000,0.321,0.000,0.679
338500,0.344,0.000,0.655
339000,0.333,0.001,0.667
339500,0.286,0.000,0.714
340000,0.382,0.001,0.618
340500,0.409,0.000,0.591
341000,0.419,0.000,0.581
341500,0.422,0.000,0.578
342000,0.400,0.000,0.601
342500,0.370,0.000,0.630
343000,0.429,0.000,0.571
343500,0.428,0.000,0.572
344000,0.429,0.000,0.571
344500,0.402,0.000,0.598
345000,0.318,0.003,0.679
345500,0.367,0.001,0.632
346000,0.356,0.002,0.642
346500,0.338,0.000,0.662
347000,0.370,0.000,0.630
347500,0.411,0.000,0.589
348000,0.374,0.000,0.625
348500,0.364,0.005,0.630
349000,0.355,0.002,0.643
349500,0.393,0.001,0.607
350000,0.319,0.002,0.679
350500,0.292,0.004,0.704
351000,0.362,0.003,0.636
351500,0.311,0.001,0.689
352000,0.342,0.000,0.658
352500,0.309,0.000,0.691
353000,0.329,0.000,0.671
353500,0.350,0.000,0.650
354000,0.345,0.000,0.655
354500,0.345,0.000,0.655
355000,0.302,0.005,0.693
355500,0.294,0.001,0.705
356000,0.256,0.001,0.743
356500,0.302,0.000,0.698
357000,0.366,0.000,0.633
357500,0.353,0.000,0.647
358000,0.330,0.000,0.670
358500,0.352,0.002,0.646
359000,0.358,0.001,0.642
359500,0.371,0.003,0.626
360000,0.383,0.003,0.615
360500,0.289,0.004,0.706
361000,0.351,0.001,0.649
361500,0.362,0.000,0.637
362000,0.386,0.005,0.609
362500,0.345,0.004,0.650
363000,0.357,0.000,0.643
363500,0.367,0.000,0.633
364000,0.376,0.000,0.625
364500,0.390,0.000,0.611
365000,0.450,0.000,0.550
365500,0.446,0.000,0.554
366000,0.399,0.000,0.601
366500,0.404,0.000,0.597
367000,0.442,0.000,0.558
367500,0.390,0.000,0.610
368000,0.364,0.006,0.629
368500,0.329,0.007,0.664
369000,0.294,0.004,0.702
369500,0.353,0.004,0.644
370000,0.315,0.000,0.685
370500,0.282,0.003,0.715
371000,0.274,0.003,0.724
371500,0.361,0.003,0.636
372000,0.356,0.001,0.644
372500,0.281,0.017,0.702
373000,0.249,0.007,0.744
373500,0.294,0.006,0.699
374000,0.279,0.001,0.721
374500,0.283,0.004,0.713
375000,0.276,0.001,0.724
375500,0.260,0.015,0.725
376000,0.275,0.005,0.720
376500,0.220,0.018,0.762
377000,0.304,0.002,0.694
377500,0.312,0.000,0.688
378000,0.288,0.000,0.712
378500,0.331,0.003,0.667
379000,0.384,0.005,0.611
379500,0.347,0.001,0.652
380000,0.372,0.000,0.628
380500,0.358,0.000,0.641
381000,0.371,0.001,0.628
381500,0.358,0.000,0.642
382000,0.331,0.000,0.669
382500,0.310,0.004,0.685
383000,0.382,0.003,0.616
383500,0.364,0.004,0.632
384000,0.421,0.001,0.578
384500,0.428,0.000,0.572
385000,0.378,0.000,0.623
385500,0.382,0.000,0.619
386000,0.310,0.000,0.690
386500,0.343,0.003,0.654
387000,0.334,0.006,0.660
387500,0.317,0.001,0.683
388000,0.325,0.000,0.675
388500,0.337,0.000,0.663
389000,0.346,0.000,0.653
389500,0.343,0.000,0.657
390000,0.293,0.000,0.707
390500,0.369,0.000,0.631
391000,0.405,0.000,0.595
391500,0.413,0.000,0.587
392000,0.442,0.000,0.558
392500,0.333,0.000,0.667
393000,0.336,0.000,0.664
393500,0.400,0.000,0.600
394000,0.402,0.000,0.598
394500,0.379,0.000,0.621
395000,0.370,0.005,0.624
395500,0.346,0.001,0.654
396000,0.356,0.000,0.644
396500,0.345,0.000,0.655
397000,0.354,0.000,0.645
397500,0.383,0.002,0.616
398000,0.428,0.000,0.572
398500,0.334,0.000,0.666
399000,0.351,0.000,0.649
399500,0.312,0.000,0.688
400000,0.363,0.002,0.635
400500,0.328,0.004,0.669
401000,0.343,0.004,0.654
401500,0.347,0.002,0.651
402000,0.345,0.000,0.655
402500,0.407,0.000,0.593
403000,0.368,0.001,0.630
403500,0.370,0.000,0.629
404000,0.339,0.004,0.657
404500,0.364,0.000,0.635
405000,0.410,0.000,0.590
405500,0.353,0.004,0.643
406000,0.354,0.000,0.646
406500,0.365,0.000,0.635
407000,0.343,0.004,0.654
407500,0.366,0.001,0.633
408000,0.359,0.000,0.641
408500,0.343,0.000,0.657
409000,0.301,0.000,0.699
409500,0.280,0.003,0.718
410000,0.372,0.001,0.627
410500,0.370,0.000,0.629
411000,0.356,0.002,0.642
411500,0.307,0.000,0.693
412000,0.288,0.006,0.706
412500,0.360,0.002,0.639
413000,0.369,0.000,0.631
413500,0.353,0.000,0.647
414000,0.399,0.000,0.601
414500,0.422,0.000,0.578
415000,0.412,0.000,0.588
415500,0.388,0.000,0.613
416000,0.348,0.000,0.651
416500,0.344,0.000,0.656
417000,0.351,0.000,0.649
417500,0.340,0.004,0.655
418000,0.318,0.000,0.682
418500,0.353,0.000,0.647
419000,0.304,0.000,0.696
419500,0.414,0.000,0.586
420000,0.413,0.000,0.587
420500,0.429,0.000,0.571
421000,0.384,0.000,0.616
421500,0.414,0.000,0.586
422000,0.433,0.000,0.567
422500,0.382,0.000,0.619
423000,0.333,0.000,0.667
423500,0.338,0.000,0.662
424000,0.336,0.005,0.658
424500,0.328,0.002,0.670
425000,0.325,0.011,0.665
425500,0.332,0.001,0.667
426000,0.360,0.001,0.640
426500,0.358,0.000,0.641
427000,0.307,0.004,0.688
427500,0.334,0.004,0.662
428000,0.275,0.008,0.718
428500,0.309,0.004,0.687
429000,0.419,0.000,0.581
429500,0.405,0.000,0.595
430000,0.392,0.000,0.609
430500,0.315,0.000,0.685
431000,0.324,0.000,0.676
431500,0.410,0.000,0.590
432000,0.387,0.000,0.613
432500,0.401,0.000,0.599
433000,0.341,0.000,0.659
433500,0.316,0.005,0.678
434000,0.292,0.000,0.708
434500,0.345,0.007,0.648
435000,0.384,0.001,0.616
435500,0.303,0.000,0.697
436000,0.307,0.000,0.693
436500,0.310,0.004,0.685
437000,0.262,0.018,0.720
437500,0.280,0.009,0.711
438000,0.260,0.022,0.718
438500,0.325,0.008,0.667
439000,0.317,0.001,0.682
439500,0.295,0.006,0.699
440000,0.266,0.001,0.733
440500,0.379,0.000,0.621
441000,0.363,0.000,0.637
441500,0.427,0.000,0.573
442000,0.433,0.000,0.567
442500,0.404,0.000,0.596
443000,0.325,0.003,0.673
443500,0.293,0.001,0.706
444000,0.359,0.000,0.641
444500,0.355,0.000,0.645
445000,0.314,0.002,0.685
445500,0.343,0.000,0.657
446000,0.383,0.000,0.617
446500,0.363,0.000,0.637
447000,0.391,0.000,0.609
447500,0.426,0.000,0.574
448000,0.405,0.004,0.592
448500,0.408,0.001,0.591
449000,0.399,0.001,0.600
449500,0.444,0.001,0.556
450000,0.382,0.000,0.618
450500,0.354,0.000,0.646
451000,0.315,0.007,0.678
451500,0.278,0.001,0.722
452000,0.295,0.000,0.705
452500,0.367,0.000,0.633
453000,0.396,0.000,0.604
453500,0.366,0.000,0.634
454000,0.370,0.003,0.627
454500,0.381,0.001,0.618
455000,0.316,0.000,0.684
455500,0.342,0.000,0.658
456000,0.326,0.000,0.674
456500,0.301,0.005,0.693
457000,0.311,0.001,0.688
457500,0.311,0.000,0.689
458000,0.311,0.000,0.689
458500,0.342,0.005,0.653
459000,0.331,0.002,0.667
459500,0.319,0.003,0.678
460000,0.359,0.001,0.641
460500,0.374,0.001,0.626
461000,0.337,0.003,0.660
461500,0.374,0.006,0.620
462000,0.322,0.003,0.676
462500,0.354,0.001,0.645
463000,0.353,0.000,0.647
463500,0.370,0.000,0.629
464000,0.348,0.003,0.649
464500,0.333,0.000,0.667
465000,0.321,0.000,0.679
465500,0.331,0.002,0.667
466000,0.374,0.005,0.621
466500,0.387,0.001,0.613
467000,0.425,0.000,0.575
467500,0.399,0.000,0.601
468000,0.323,0.004,0.673
468500,0.385,0.001,0.614
469000,0.348,0.000,0.651
469500,0.425,0.000,0.575
470000,0.406,0.000,0.594
470500,0.390,0.000,0.610
471000,0.350,0.000,0.650
471500,0.282,0.001,0.717
472000,0.324,0.000,0.676
472500,0.391,0.000,0.609
473000,0.325,0.000,0.675
473500,0.309,0.002,0.689
474000,0.349,0.000,0.651
474500,0.380,0.006,0.614
475000,0.387,0.002,0.611
475500,0.380,0.001,0.620
476000,0.398,0.000,0.602
476500,0.445,0.000,0.555
477000,0.403,0.000,0.597
477500,0.355,0.000,0.645
478000,0.358,0.000,0.642
478500,0.371,0.002,0.627
479000,0.360,0.000,0.640
479500,0.359,0.001,0.640
480000,0.332,0.001,0.667
480500,0.336,0.000,0.664
481000,0.325,0.001,0.674
481500,0.351,0.000,0.649
482000,0.297,0.001,0.702
482500,0.306,0.000,0.694
483000,0.257,0.003,0.741
483500,0.271,0.006,0.724
484000,0.301,0.006,0.693
484500,0.379,0.002,0.620
485000,0.380,0.000,0.620
485500,0.343,0.004,0.654
486000,0.330,0.002,0.668
486500,0.343,0.000,0.657
487000,0.370,0.004,0.626
487500,0.430,0.001,0.569
488000,0.385,0.000,0.615
488500,0.361,0.000,0.639
489000,0.365,0.000,0.635
489500,0.316,0.006,0.677
490000,0.308,0.009,0.683
490500,0.343,0.012,0.645
491000,0.323,0.004,0.673
491500,0.379,0.002,0.619
492000,0.390,0.000,0.610
492500,0.374,0.000,0.625
493000,0.388,0.000,0.612
493500,0.358,0.000,0.642
494000,0.403,0.000,0.597
494500,0.379,0.000,0.621
495000,0.357,0.000,0.643
495500,0.346,0.003,0.651
496000,0.362,0.001,0.637
496500,0.401,0.000,0.599
497000,0.398,0.000,0.602
497500,0.336,0.000,0.664
498000,0.355,0.000,0.645
498500,0.335,0.000,0.665
499000,0.366,0.000,0.634
499500,0.319,0.000,0.681
500000,0.376,0.000,0.625
500500,0.390,0.000,0.611
501000,0.350,0.000,0.650
501500,0.331,0.000,0.669
502000,0.325,0.000,0.675
502500,0.293,0.000,0.707
503000,0.342,0.000,0.658
503500,0.374,0.005,0.621
504000,0.377,0.010,0.613
504500,0.347,0.004,0.648
505000,0.336,0.002,0.663
505500,0.358,0.001,0.642
506000,0.365,0.002,0.634
506500,0.397,0.001,0.603
507000,0.344,0.000,0.656
507500,0.299,0.003,0.698
508000,0.292,0.001,0.707
508500,0.315,0.003,0.682
509000,0.356,0.000,0.644
509500,0.356,0.000,0.643
510000,0.354,0.000,0.646
510500,0.291,0.000,0.709
511000,0.353,0.000,0.647
511500,0.381,0.000,0.619
512000,0.400,0.000,0.600
512500,0.390,0.000,0.610
513000,0.386,0.000,0.614
513500,0.349,0.002,0.650
514000,0.340,0.001,0.659
514500,0.351,0.001,0.648
515000,0.377,0.002,0.621
515500,0.416,0.000,0.584
516000,0.400,0.000,0.601
516500,0.376,0.000,0.625
517000,0.325,0.005,0.670
517500,0.344,0.001,0.655
518000,0.355,0.000,0.645
518500,0.317,0.009,0.674
519000,0.281,0.009,0.711
519500,0.254,0.002,0.744
520000,0.325,0.007,0.668
520500,0.281,0.001,0.719
521000,0.299,0.007,0.694
521500,0.318,0.009,0.673
522000,0.359,0.001,0.640
522500,0.324,0.000,0.676
523000,0.300,0.005,0.695
523500,0.323,0.004,0.674
524000,0.328,0.000,0.672
524500,0.324,0.000,0.676
525000,0.342,0.000,0.658
525500,0.370,0.000,0.630
526000,0.394,0.000,0.606
526500,0.360,0.000,0.640
527000,0.398,0.000,0.603
527500,0.349,0.000,0.651
528000,0.346,0.000,0.653
528500,0.300,0.000,0.700
529000,0.320,0.000,0.680
529500,0.308,0.000,0.692
530000,0.369,0.000,0.631
530500,0.299,0.003,0.698
531000,0.291,0.001,0.708
531500,0.302,0.009,0.689
532000,0.264,0.001,0.735
532500,0.297,0.002,0.701
533000,0.369,0.003,0.629
533500,0.360,0.001,0.639
534000,0.339,0.001,0.661
534500,0.321,0.002,0.677
535000,0.288,0.007,0.705
535500,0.299,0.002,0.699
536000,0.296,0.004,0.700
536500,0.265,0.007,0.728
537000,0.281,0.003,0.717
537500,0.287,0.001,0.712
538000,0.333,0.000,0.667
538500,0.342,0.004,0.655
539000,0.296,0.000,0.704
539500,0.315,0.000,0.685
540000,0.292,0.004,0.704
540500,0.291,0.000,0.709
541000,0.311,0.002,0.687
541500,0.348,0.001,0.652
542000,0.315,0.001,0.685
542500,0.373,0.001,0.627
543000,0.401,0.000,0.599
543500,0.410,0.000,0.590
544000,0.354,0.000,0.646
544500,0.406,0.000,0.594
545000,0.379,0.000,0.621
545500,0.393,0.000,0.607
546000,0.385,0.000,0.615
546500,0.439,0.000,0.561
547000,0.369,0.000,0.631
547500,0.295,0.000,0.705
548000,0.306,0.000,0.694
548500,0.346,0.000,0.654
549000,0.364,0.000,0.636
549500,0.388,0.001,0.612
550000,0.289,0.003,0.709
550500,0.294,0.004,0.702
551000,0.304,0.001,0.696
551500,0.334,0.000,0.666
552000,0.310,0.004,0.686
552500,0.301,0.004,0.696
553000,0.325,0.007,0.668
553500,0.344,0.003,0.654
554000,0.344,0.002,0.654
554500,0.352,0.003,0.645
555000,0.388,0.001,0.612
555500,0.358,0.003,0.639
556000,0.348,0.001,0.650
556500,0.330,0.004,0.666
557000,0.356,0.001,0.643
557500,0.366,0.000,0.634
558000,0.329,0.000,0.671
558500,0.410,0.000,0.590
559000,0.361,0.000,0.639
559500,0.329,0.004,0.667
560000,0.301,0.002,0.697
560500,0.290,0.001,0.710
561000,0.329,0.004,0.667
561500,0.350,0.004,0.645
562000,0.393,0.001,0.606
562500,0.377,0.000,0.623
563000,0.324,0.002,0.674
563500,0.407,0.000,0.593
564000,0.371,0.004,0.625
564500,0.339,0.001,0.661
565000,0.383,0.000,0.617
565500,0.384,0.000,0.616
566000,0.383,0.000,0.617
566500,0.342,0.000,0.658
567000,0.364,0.006,0.629
567500,0.295,0.006,0.699
568000,0.377,0.003,0.620
568500,0.362,0.000,0.637
569000,0.390,0.000,0.611
569500,0.351,0.000,0.649
570000,0.416,0.000,0.584
570500,0.359,0.003,0.639
571000,0.306,0.000,0.694
571500,0.307,0.000,0.693
572000,0.379,0.002,0.620
572500,0.333,0.001,0.667
573000,0.343,0.002,0.656
573500,0.335,0.006,0.659
574000,0.304,0.002,0.694
574500,0.293,0.000,0.707
575000,0.300,0.000,0.700
575500,0.380,0.000,0.621
576000,0.344,0.003,0.654
576500,0.339,0.001,0.661
577000,0.295,0.009,0.696
577500,0.286,0.001,0.713
578000,0.277,0.001,0.723
578500,0.272,0.001,0.728
579000,0.288,0.003,0.710
579500,0.293,0.001,0.707
580000,0.330,0.003,0.667
580500,0.401,0.000,0.599
581000,0.360,0.000,0.639
581500,0.349,0.000,0.651
582000,0.354,0.000,0.645
582500,0.376,0.000,0.624
583000,0.282,0.011,0.707
583500,0.269,0.011,0.720
584000,0.271,0.002,0.728
584500,0.335,0.000,0.665
585000,0.388,0.000,0.612
585500,0.447,0.000,0.553
586000,0.378,0.000,0.623
586500,0.380,0.000,0.621
587000,0.442,0.000,0.558
587500,0.388,0.001,0.612
588000,0.398,0.000,0.602
588500,0.400,0.000,0.600
589000,0.372,0.000,0.628
589500,0.309,0.000,0.691
590000,0.325,0.000,0.675
590500,0.371,0.000,0.629
591000,0.369,0.000,0.631
591500,0.348,0.000,0.651
592000,0.316,0.000,0.684
592500,0.412,0.000,0.588
593000,0.400,0.000,0.601
593500,0.327,0.000,0.673
594000,0.366,0.000,0.634
594500,0.410,0.000,0.590
595000,0.360,0.000,0.639
595500,0.325,0.000,0.675
596000,0.327,0.000,0.673
596500,0.319,0.005,0.676
597000,0.385,0.001,0.615
597500,0.372,0.000,0.628
598000,0.351,0.000,0.649
598500,0.322,0.000,0.678
599000,0.332,0.000,0.668
599500,0.363,0.001,0.636
600000,0.377,0.000,0.623
600500,0.328,0.000,0.672
601000,0.327,0.004,0.670
601500,0.383,0.001,0.616
602000,0.392,0.000,0.608
602500,0.367,0.001,0.632
603000,0.341,0.003,0.657
603500,0.335,0.001,0.665
604000,0.367,0.005,0.628
604500,0.294,0.007,0.698
605000,0.333,0.002,0.665
605500,0.328,0.000,0.672
606000,0.348,0.000,0.652
606500,0.328,0.000,0.672
607000,0.307,0.000,0.693
607500,0.279,0.004,0.717
608000,0.345,0.000,0.655
608500,0.361,0.000,0.639
609000,0.355,0.000,0.645
609500,0.365,0.000,0.635
610000,0.368,0.000,0.631
610500,0.432,0.000,0.568
611000,0.370,0.000,0.630
611500,0.383,0.000,0.617
612000,0.398,0.000,0.603
612500,0.379,0.000,0.621
613000,0.374,0.000,0.626
613500,0.333,0.000,0.667
614000,0.393,0.000,0.607
614500,0.371,0.003,0.626
615000,0.334,0.000,0.666
615500,0.318,0.000,0.682
616000,0.294,0.000,0.706
616500,0.352,0.000,0.647
617000,0.377,0.000,0.623
617500,0.396,0.000,0.604
618000,0.379,0.000,0.621
618500,0.383,0.000,0.617
619000,0.381,0.001,0.618
619500,0.371,0.003,0.626
620000,0.365,0.000,0.635
620500,0.388,0.000,0.612
621000,0.369,0.000,0.631
621500,0.376,0.000,0.625
622000,0.293,0.000,0.707
622500,0.347,0.004,0.649
623000,0.307,0.004,0.689
623500,0.330,0.003,0.667
624000,0.325,0.005,0.670
624500,0.367,0.003,0.631
625000,0.326,0.000,0.674
625500,0.314,0.009,0.677
626000,0.345,0.003,0.652
626500,0.305,0.005,0.690
627000,0.337,0.002,0.662
627500,0.369,0.001,0.631
628000,0.309,0.004,0.687
628500,0.346,0.003,0.652
629000,0.387,0.000,0.613
629500,0.349,0.000,0.651
630000,0.367,0.000,0.633
630500,0.306,0.000,0.694
631000,0.388,0.000,0.613
631500,0.343,0.005,0.652
632000,0.345,0.001,0.655
632500,0.331,0.003,0.667
633000,0.321,0.006,0.673
633500,0.301,0.006,0.693
634000,0.334,0.003,0.663
634500,0.283,0.000,0.717
635000,0.347,0.000,0.653
635500,0.287,0.002,0.711
636000,0.381,0.001,0.619
636500,0.380,0.000,0.621
637000,0.344,0.001,0.656
637500,0.333,0.004,0.663
638000,0.294,0.003,0.703
638500,0.321,0.000,0.679
639000,0.375,0.000,0.625
639500,0.351,0.000,0.649
640000,0.348,0.001,0.651
640500,0.353,0.000,0.647
641000,0.337,0.004,0.659
641500,0.392,0.002,0.607
642000,0.425,0.000,0.575
642500,0.385,0.000,0.615
643000,0.425,0.000,0.575
643500,0.383,0.000,0.617
644000,0.466,0.000,0.534
644500,0.434,0.000,0.566
645000,0.395,0.000,0.605
645500,0.340,0.000,0.660
646000,0.334,0.001,0.666
646500,0.367,0.000,0.633
647000,0.359,0.000,0.641
647500,0.363,0.000,0.637
648000,0.336,0.000,0.664
648500,0.331,0.002,0.668
649000,0.364,0.001,0.635
649500,0.384,0.001,0.616
650000,0.368,0.003,0.630
650500,0.353,0.001,0.646
651000,0.311,0.001,0.689
651500,0.409,0.003,0.589
652000,0.307,0.001,0.692
652500,0.336,0.000,0.664
653000,0.300,0.000,0.700
653500,0.319,0.000,0.681
654000,0.270,0.004,0.726
654500,0.298,0.004,0.698
655000,0.306,0.002,0.692
655500,0.301,0.001,0.698
656000,0.290,0.001,0.709
656500,0.242,0.000,0.758
657000,0.263,0.006,0.731
657500,0.255,0.019,0.726
658000,0.279,0.011,0.711
658500,0.310,0.002,0.688
659000,0.391,0.001,0.609
659500,0.380,0.000,0.620
660000,0.368,0.000,0.632
660500,0.342,0.000,0.658
661000,0.321,0.005,0.674
661500,0.336,0.002,0.662
662000,0.306,0.003,0.691
662500,0.297,0.011,0.692
663000,0.369,0.004,0.627
663500,0.324,0.005,0.671
664000,0.377,0.001,0.623
664500,0.410,0.000,0.590
665000,0.378,0.002,0.620
665500,0.395,0.000,0.605
666000,0.339,0.000,0.661
666500,0.353,0.000,0.647
667000,0.397,0.000,0.603
667500,0.425,0.004,0.572
668000,0.379,0.000,0.621
668500,0.397,0.004,0.600
669000,0.358,0.000,0.642
669500,0.308,0.006,0.685
670000,0.335,0.004,0.662
670500,0.329,0.000,0.671
671000,0.306,0.009,0.684
671500,0.407,0.003,0.590
672000,0.417,0.000,0.583
672500,0.352,0.002,0.645
673000,0.389,0.001,0.611
673500,0.366,0.000,0.634
674000,0.354,0.009,0.637
674500,0.375,0.002,0.624
675000,0.350,0.000,0.650
675500,0.345,0.004,0.651
676000,0.369,0.001,0.630
676500,0.390,0.000,0.611
677000,0.370,0.000,0.629
677500,0.331,0.000,0.669
678000,0.343,0.001,0.657
678500,0.338,0.000,0.662
679000,0.358,0.002,0.641
679500,0.343,0.003,0.654
680000,0.366,0.001,0.632
680500,0.344,0.000,0.655
681000,0.316,0.004,0.680
681500,0.348,0.001,0.651
682000,0.281,0.006,0.713
682500,0.277,0.013,0.711
683000,0.297,0.004,0.698
683500,0.365,0.000,0.635
684000,0.392,0.000,0.609
684500,0.366,0.000,0.634
685000,0.411,0.000,0.589
685500,0.390,0.000,0.610
686000,0.360,0.000,0.640
686500,0.346,0.000,0.653
687000,0.354,0.000,0.645
687500,0.315,0.000,0.685
688000,0.379,0.000,0.621
688500,0.358,0.000,0.642
689000,0.306,0.004,0.690
689500,0.285,0.006,0.709
690000,0.322,0.009,0.669
690500,0.298,0.004,0.698
691000,0.310,0.001,0.689
691500,0.351,0.000,0.649
692000,0.336,0.001,0.663
692500,0.337,0.000,0.663
693000,0.318,0.005,0.676
693500,0.249,0.005,0.746
694000,0.289,0.003,0.708
694500,0.353,0.002,0.645
695000,0.388,0.000,0.612
695500,0.377,0.000,0.623
696000,0.347,0.000,0.653
696500,0.411,0.000,0.589
697000,0.394,0.000,0.606
697500,0.415,0.001,0.584
698000,0.376,0.000,0.624
698500,0.345,0.004,0.651
699000,0.303,0.003,0.694
699500,0.257,0.010,0.733
700000,0.254,0.017,0.730
700500,0.265,0.005,0.730
701000,0.258,0.007,0.735
701500,0.277,0.007,0.716
702000,0.327,0.001,0.672
702500,0.341,0.000,0.659
703000,0.341,0.009,0.651
703500,0.324,0.001,0.675
704000,0.318,0.000,0.682
704500,0.277,0.002,0.722
705000,0.314,0.002,0.684
705500,0.331,0.000,0.669
706000,0.309,0.000,0.691
706500,0.356,0.000,0.644
707000,0.420,0.003,0.578
707500,0.414,0.001,0.586
708000,0.385,0.000,0.615
708500,0.300,0.005,0.694
709000,0.309,0.004,0.687
709500,0.357,0.002,0.641
710000,0.407,0.001,0.593
710500,0.367,0.000,0.633
711000,0.400,0.000,0.601
711500,0.340,0.006,0.654
712000,0.342,0.001,0.657
712500,0.423,0.000,0.577
713000,0.454,0.000,0.546
713500,0.371,0.004,0.625
714000,0.328,0.001,0.672
714500,0.354,0.000,0.646
715000,0.291,0.003,0.706
715500,0.333,0.004,0.663
716000,0.398,0.002,0.601
716500,0.386,0.001,0.613
717000,0.411,0.000,0.589
717500,0.374,0.000,0.625
718000,0.388,0.000,0.612
718500,0.377,0.000,0.623
719000,0.360,0.000,0.640
719500,0.393,0.000,0.607
720000,0.456,0.000,0.544
720500,0.440,0.000,0.560
721000,0.367,0.003,0.631
721500,0.349,0.000,0.651
722000,0.353,0.003,0.644
722500,0.358,0.001,0.641
723000,0.328,0.004,0.667
723500,0.322,0.000,0.678
724000,0.394,0.000,0.606
724500,0.325,0.000,0.675
725000,0.342,0.000,0.658
725500,0.381,0.000,0.619
726000,0.369,0.005,0.626
726500,0.353,0.001,0.646
727000,0.342,0.000,0.658
727500,0.391,0.000,0.609
728000,0.357,0.001,0.642
728500,0.318,0.000,0.682
729000,0.334,0.009,0.657
729500,0.301,0.006,0.693
730000,0.351,0.002,0.647
730500,0.312,0.001,0.687
731000,0.295,0.001,0.705
731500,0.257,0.007,0.736
732000,0.296,0.004,0.700
732500,0.380,0.001,0.620
733000,0.356,0.002,0.642
733500,0.333,0.000,0.667
734000,0.335,0.000,0.665
734500,0.298,0.002,0.700
735000,0.248,0.005,0.747
735500,0.258,0.002,0.741
736000,0.294,0.001,0.706
736500,0.314,0.001,0.685
737000,0.359,0.000,0.641
737500,0.314,0.004,0.682
738000,0.340,0.001,0.660
738500,0.359,0.000,0.641
739000,0.365,0.000,0.635
739500,0.322,0.000,0.678
740000,0.319,0.003,0.678
740500,0.328,0.000,0.672
741000,0.321,0.004,0.675
741500,0.362,0.000,0.637
742000,0.368,0.000,0.632
742500,0.384,0.000,0.617
743000,0.367,0.001,0.632
743500,0.431,0.000,0.569
744000,0.393,0.000,0.607
744500,0.325,0.000,0.675
745000,0.289,0.008,0.703
745500,0.362,0.003,0.635
746000,0.323,0.000,0.677
746500,0.380,0.000,0.621
747000,0.339,0.000,0.661
747500,0.286,0.009,0.706
748000,0.353,0.003,0.644
748500,0.270,0.001,0.729
749000,0.304,0.004,0.693
749500,0.326,0.001,0.673
750000,0.345,0.001,0.654
750500,0.355,0.000,0.645
751000,0.396,0.000,0.604
751500,0.352,0.000,0.647
752000,0.372,0.000,0.627
752500,0.376,0.000,0.624
753000,0.379,0.000,0.621
753500,0.364,0.000,0.635
754000,0.332,0.000,0.668
754500,0.317,0.000,0.683
755000,0.345,0.000,0.655
755500,0.330,0.000,0.670
756000,0.322,0.003,0.675
756500,0.367,0.001,0.632
757000,0.360,0.000,0.640
757500,0.399,0.000,0.601
758000,0.354,0.000,0.646
758500,0.385,0.000,0.615
759000,0.391,0.000,0.609
759500,0.396,0.002,0.603
760000,0.412,0.000,0.588
760500,0.360,0.005,0.635
761000,0.363,0.004,0.633
761500,0.362,0.005,0.633
762000,0.367,0.002,0.632
762500,0.371,0.001,0.629
763000,0.325,0.000,0.675
763500,0.303,0.004,0.694
764000,0.325,0.001,0.675
764500,0.332,0.000,0.668
765000,0.384,0.000,0.616
765500,0.335,0.000,0.665
766000,0.309,0.000,0.691
766500,0.323,0.002,0.676
767000,0.335,0.002,0.663
767500,0.342,0.001,0.658
768000,0.386,0.000,0.614
768500,0.373,0.000,0.627
769000,0.317,0.003,0.680
769500,0.338,0.001,0.661
770000,0.420,0.000,0.580
770500,0.386,0.000,0.615
771000,0.396,0.000,0.605
771500,0.387,0.000,0.613
772000,0.358,0.000,0.641
772500,0.341,0.002,0.657
773000,0.340,0.003,0.657
773500,0.340,0.001,0.659
774000,0.342,0.002,0.656
774500,0.305,0.000,0.695
775000,0.388,0.000,0.613
775500,0.410,0.000,0.590
776000,0.370,0.000,0.629
776500,0.329,0.000,0.671
777000,0.354,0.000,0.645
777500,0.384,0.000,0.617
778000,0.359,0.000,0.641
778500,0.349,0.000,0.651
779000,0.369,0.000,0.631
779500,0.395,0.003,0.603
780000,0.331,0.000,0.669
780500,0.399,0.000,0.601
781000,0.366,0.000,0.634
781500,0.377,0.001,0.622
782000,0.412,0.001,0.587
782500,0.373,0.000,0.627
783000,0.413,0.000,0.587
783500,0.434,0.000,0.566
784000,0.344,0.000,0.655
784500,0.309,0.002,0.689
785000,0.272,0.004,0.725
785500,0.248,0.000,0.752
786000,0.325,0.000,0.675
786500,0.327,0.000,0.673
787000,0.336,0.000,0.664
787500,0.323,0.000,0.677
788000,0.365,0.000,0.635
788500,0.376,0.000,0.625
789000,0.296,0.012,0.692
789500,0.353,0.004,0.644
790000,0.323,0.005,0.672
790500,0.322,0.003,0.675
791000,0.279,0.001,0.721
791500,0.294,0.000,0.706
792000,0.271,0.005,0.725
792500,0.303,0.001,0.696
793000,0.342,0.002,0.656
793500,0.310,0.000,0.690
794000,0.339,0.000,0.661
794500,0.329,0.000,0.671
795000,0.393,0.000,0.607
795500,0.375,0.000,0.625
796000,0.375,0.000,0.625
796500,0.387,0.000,0.613
797000,0.379,0.000,0.621
797500,0.365,0.000,0.635
798000,0.330,0.000,0.670
798500,0.306,0.000,0.694
799000,0.349,0.000,0.651
799500,0.321,0.000,0.679
800000,0.334,0.001,0.665
800500,0.289,0.003,0.708
801000,0.302,0.004,0.694
801500,0.310,0.002,0.688
802000,0.339,0.004,0.657
802500,0.351,0.000,0.649
803000,0.292,0.002,0.707
803500,0.309,0.001,0.690
