time,n_A+p,n_B,n_AB
100,0.446,0.337,0.217
200,0.413,0.304,0.283
300,0.413,0.228,0.359
400,0.478,0.152,0.370
500,0.543,0.098,0.359
600,0.641,0.109,0.250
700,0.663,0.109,0.228
800,0.739,0.076,0.185
900,0.663,0.120,0.217
1000,0.598,0.207,0.196
1100,0.543,0.272,0.185
1200,0.630,0.152,0.217
1300,0.652,0.098,0.250
1400,0.620,0.087,0.293
1500,0.641,0.098,0.261
1600,0.587,0.141,0.272
1700,0.685,0.109,0.207
1800,0.783,0.043,0.174
1900,0.793,0.033,0.174
2000,0.902,0.011,0.087
2100,0.957,0.000,0.043
2200,0.978,0.000,0.022
2300,0.967,0.000,0.033
2400,0.978,0.000,0.022
2500,0.989,0.000,0.011
2600,1.000,0.000,0.000
