time,n_A+p,n_B,n_AB
100,0.378,0.478,0.143
200,0.328,0.430,0.242
300,0.288,0.380,0.332
400,0.265,0.342,0.393
500,0.243,0.321,0.437
600,0.225,0.302,0.473
700,0.214,0.286,0.501
800,0.208,0.253,0.540
900,0.190,0.260,0.549
1000,0.182,0.226,0.593
1100,0.178,0.221,0.601
1200,0.170,0.201,0.629
1300,0.169,0.190,0.641
1400,0.161,0.198,0.640
1500,0.166,0.187,0.647
1600,0.160,0.195,0.645
1700,0.154,0.192,0.654
1800,0.151,0.176,0.672
1900,0.139,0.175,0.686
2000,0.143,0.168,0.690
2100,0.146,0.171,0.683
2200,0.151,0.173,0.675
2300,0.150,0.162,0.688
2400,0.148,0.190,0.661
2500,0.138,0.213,0.649
2600,0.141,0.193,0.666
2700,0.133,0.185,0.682
2800,0.134,0.177,0.689
2900,0.132,0.165,0.704
3000,0.125,0.173,0.702
3100,0.120,0.150,0.729
3200,0.126,0.148,0.726
3300,0.120,0.139,0.741
3400,0.108,0.130,0.763
3500,0.111,0.126,0.763
3600,0.165,0.124,0.711
3700,0.151,0.125,0.724
3800,0.136,0.123,0.741
3900,0.127,0.123,0.750
4000,0.118,0.132,0.751
4100,0.127,0.117,0.756
4200,0.117,0.116,0.767
4300,0.111,0.127,0.763
4400,0.106,0.134,0.760
4500,0.111,0.149,0.740
4600,0.098,0.172,0.730
4700,0.102,0.170,0.728
4800,0.097,0.178,0.725
4900,0.091,0.175,0.734
5000,0.085,0.166,0.749
5100,0.107,0.154,0.739
5200,0.096,0.144,0.760
5300,0.102,0.133,0.765
5400,0.100,0.141,0.760
5500,0.096,0.144,0.760
5600,0.088,0.126,0.785
5700,0.097,0.131,0.772
5800,0.097,0.123,0.779
5900,0.104,0.130,0.767
6000,0.100,0.137,0.763
6100,0.094,0.125,0.781
6200,0.132,0.117,0.751
6300,0.120,0.114,0.766
6400,0.126,0.102,0.772
6500,0.120,0.086,0.793
6600,0.139,0.091,0.771
6700,0.133,0.104,0.763
6800,0.140,0.108,0.753
6900,0.137,0.096,0.767
7000,0.129,0.099,0.772
7100,0.129,0.102,0.769
7200,0.119,0.108,0.773
7300,0.118,0.104,0.779
7400,0.109,0.122,0.769
7500,0.107,0.114,0.779
7600,0.120,0.108,0.772
7700,0.114,0.114,0.772
7800,0.111,0.111,0.778
7900,0.093,0.109,0.798
8000,0.114,0.103,0.783
8100,0.116,0.099,0.785
8200,0.145,0.092,0.763
8300,0.147,0.080,0.772
8400,0.153,0.083,0.764
8500,0.153,0.077,0.770
8600,0.153,0.085,0.763
8700,0.173,0.079,0.748
8800,0.186,0.077,0.737
8900,0.171,0.074,0.756
9000,0.187,0.077,0.736
9100,0.167,0.074,0.759
9200,0.146,0.076,0.778
9300,0.145,0.076,0.779
9400,0.164,0.076,0.760
9500,0.148,0.079,0.773
9600,0.137,0.069,0.795
9700,0.154,0.067,0.779
9800,0.156,0.063,0.781
9900,0.157,0.063,0.780
10000,0.158,0.065,0.776
10100,0.167,0.061,0.772
10200,0.152,0.072,0.776
10300,0.169,0.064,0.767
10400,0.193,0.063,0.744
10500,0.185,0.062,0.753
10600,0.183,0.063,0.754
10700,0.152,0.065,0.783
10800,0.164,0.068,0.768
10900,0.145,0.063,0.792
11000,0.145,0.069,0.786
11100,0.164,0.064,0.772
11200,0.149,0.070,0.781
11300,0.158,0.063,0.779
11400,0.151,0.063,0.786
11500,0.166,0.063,0.771
11600,0.151,0.067,0.782
11700,0.164,0.073,0.764
11800,0.164,0.079,0.757
11900,0.163,0.080,0.757
12000,0.155,0.083,0.763
12100,0.154,0.093,0.754
12200,0.158,0.075,0.767
12300,0.152,0.088,0.760
12400,0.150,0.074,0.776
12500,0.140,0.079,0.782
12600,0.155,0.070,0.774
12700,0.141,0.065,0.795
12800,0.153,0.072,0.775
12900,0.144,0.073,0.782
13000,0.129,0.086,0.785
13100,0.129,0.088,0.783
13200,0.132,0.090,0.779
13300,0.124,0.084,0.792
13400,0.118,0.087,0.795
13500,0.120,0.086,0.793
13600,0.130,0.085,0.785
13700,0.136,0.083,0.781
13800,0.124,0.075,0.802
13900,0.137,0.077,0.785
14000,0.132,0.080,0.788
14100,0.140,0.084,0.776
14200,0.142,0.080,0.778
14300,0.148,0.069,0.783
14400,0.137,0.076,0.788
14500,0.137,0.070,0.793
14600,0.127,0.079,0.795
14700,0.133,0.077,0.790
14800,0.117,0.097,0.786
14900,0.104,0.114,0.782
15000,0.104,0.140,0.757
15100,0.098,0.122,0.781
15200,0.094,0.107,0.799
15300,0.087,0.101,0.811
15400,0.086,0.102,0.811
15500,0.085,0.096,0.819
15600,0.090,0.101,0.809
15700,0.115,0.095,0.790
15800,0.100,0.094,0.806
15900,0.112,0.086,0.802
16000,0.097,0.092,0.811
16100,0.097,0.091,0.812
16200,0.114,0.092,0.794
16300,0.114,0.079,0.807
16400,0.112,0.078,0.810
16500,0.149,0.073,0.778
16600,0.130,0.080,0.790
16700,0.135,0.077,0.788
16800,0.148,0.070,0.782
16900,0.147,0.070,0.783
17000,0.126,0.069,0.804
17100,0.109,0.073,0.818
17200,0.122,0.072,0.806
17300,0.119,0.070,0.811
17400,0.115,0.073,0.812
17500,0.126,0.077,0.797
17600,0.117,0.074,0.809
17700,0.109,0.076,0.814
17800,0.118,0.080,0.802
17900,0.110,0.088,0.802
18000,0.126,0.066,0.808
18100,0.114,0.057,0.829
18200,0.119,0.072,0.808
18300,0.114,0.080,0.807
18400,0.102,0.065,0.832
18500,0.114,0.068,0.818
18600,0.119,0.068,0.813
18700,0.114,0.067,0.819
18800,0.126,0.063,0.811
18900,0.120,0.067,0.813
19000,0.108,0.069,0.824
19100,0.100,0.081,0.819
19200,0.108,0.074,0.818
19300,0.120,0.071,0.808
19400,0.141,0.073,0.785
19500,0.140,0.075,0.786
19600,0.123,0.070,0.807
19700,0.132,0.065,0.804
19800,0.123,0.065,0.811
19900,0.111,0.069,0.820
20000,0.104,0.080,0.816
20100,0.129,0.080,0.792
20200,0.136,0.078,0.786
20300,0.131,0.087,0.782
20400,0.123,0.079,0.797
20500,0.137,0.087,0.776
20600,0.149,0.092,0.759
20700,0.148,0.095,0.757
20800,0.141,0.084,0.774
20900,0.152,0.080,0.768
21000,0.137,0.076,0.786
21100,0.152,0.066,0.782
21200,0.151,0.058,0.791
21300,0.171,0.087,0.742
21400,0.161,0.073,0.767
21500,0.169,0.065,0.766
21600,0.158,0.060,0.782
21700,0.161,0.057,0.782
21800,0.169,0.054,0.776
21900,0.183,0.063,0.754
22000,0.177,0.061,0.763
22100,0.148,0.075,0.776
22200,0.144,0.061,0.795
22300,0.137,0.069,0.794
22400,0.141,0.061,0.797
22500,0.130,0.081,0.789
22600,0.121,0.084,0.795
22700,0.104,0.078,0.818
22800,0.113,0.097,0.790
22900,0.092,0.098,0.810
23000,0.089,0.099,0.812
23100,0.101,0.092,0.807
23200,0.097,0.086,0.817
23300,0.106,0.076,0.818
23400,0.115,0.079,0.806
23500,0.115,0.077,0.808
23600,0.112,0.071,0.817
23700,0.108,0.070,0.822
23800,0.109,0.073,0.818
23900,0.098,0.073,0.828
24000,0.107,0.070,0.823
24100,0.099,0.060,0.841
24200,0.092,0.054,0.854
24300,0.112,0.064,0.824
24400,0.118,0.058,0.824
24500,0.115,0.049,0.836
24600,0.109,0.063,0.828
24700,0.116,0.079,0.805
24800,0.095,0.085,0.820
24900,0.087,0.082,0.831
25000,0.087,0.080,0.832
25100,0.077,0.086,0.837
25200,0.075,0.095,0.830
25300,0.081,0.098,0.821
25400,0.078,0.098,0.824
25500,0.082,0.094,0.824
25600,0.081,0.095,0.823
25700,0.086,0.085,0.829
25800,0.092,0.086,0.822
25900,0.108,0.075,0.817
26000,0.108,0.079,0.813
26100,0.119,0.084,0.797
26200,0.110,0.086,0.804
26300,0.101,0.089,0.810
26400,0.120,0.090,0.789
26500,0.099,0.083,0.818
26600,0.102,0.090,0.808
26700,0.093,0.084,0.822
26800,0.098,0.083,0.819
26900,0.101,0.081,0.818
27000,0.097,0.074,0.829
27100,0.112,0.072,0.816
27200,0.122,0.076,0.802
27300,0.095,0.082,0.822
27400,0.126,0.080,0.794
27500,0.106,0.072,0.822
27600,0.105,0.083,0.812
27700,0.108,0.087,0.804
27800,0.123,0.084,0.793
27900,0.112,0.077,0.810
28000,0.109,0.084,0.807
28100,0.099,0.080,0.821
28200,0.104,0.104,0.792
28300,0.107,0.111,0.783
28400,0.111,0.112,0.778
28500,0.109,0.110,0.781
28600,0.091,0.107,0.802
28700,0.097,0.102,0.802
28800,0.094,0.097,0.808
28900,0.083,0.107,0.810
29000,0.084,0.127,0.789
29100,0.084,0.139,0.776
29200,0.081,0.124,0.795
29300,0.086,0.125,0.789
29400,0.081,0.137,0.781
29500,0.082,0.158,0.760
29600,0.077,0.162,0.761
29700,0.091,0.149,0.760
29800,0.083,0.151,0.765
29900,0.080,0.146,0.774
30000,0.091,0.125,0.784
30100,0.087,0.123,0.790
30200,0.077,0.116,0.807
30300,0.083,0.102,0.815
30400,0.086,0.120,0.794
30500,0.078,0.129,0.793
30600,0.075,0.116,0.810
30700,0.071,0.123,0.806
30800,0.059,0.132,0.810
30900,0.058,0.153,0.789
31000,0.054,0.170,0.776
31100,0.049,0.172,0.779
31200,0.046,0.170,0.784
31300,0.044,0.176,0.779
31400,0.043,0.185,0.772
31500,0.044,0.197,0.758
31600,0.048,0.196,0.757
31700,0.054,0.224,0.722
31800,0.052,0.200,0.747
31900,0.049,0.198,0.753
32000,0.055,0.175,0.770
32100,0.060,0.179,0.761
32200,0.059,0.180,0.760
32300,0.066,0.165,0.769
32400,0.054,0.147,0.800
32500,0.061,0.137,0.802
32600,0.071,0.132,0.797
32700,0.068,0.120,0.813
32800,0.064,0.127,0.808
32900,0.088,0.110,0.802
33000,0.097,0.109,0.795
33100,0.107,0.129,0.764
33200,0.100,0.126,0.774
33300,0.091,0.115,0.795
33400,0.099,0.127,0.774
33500,0.098,0.138,0.764
33600,0.090,0.130,0.779
33700,0.093,0.118,0.789
33800,0.083,0.120,0.797
33900,0.091,0.120,0.789
34000,0.083,0.102,0.814
34100,0.081,0.102,0.817
34200,0.075,0.091,0.835
34300,0.076,0.111,0.813
34400,0.076,0.102,0.822
34500,0.081,0.104,0.815
34600,0.075,0.109,0.816
34700,0.082,0.109,0.808
34800,0.091,0.112,0.797
34900,0.094,0.117,0.789
35000,0.082,0.123,0.795
35100,0.084,0.116,0.800
35200,0.103,0.108,0.789
35300,0.101,0.104,0.795
35400,0.123,0.092,0.785
35500,0.105,0.101,0.794
35600,0.091,0.102,0.806
35700,0.092,0.095,0.813
35800,0.112,0.091,0.797
35900,0.119,0.088,0.793
36000,0.127,0.084,0.789
36100,0.134,0.074,0.792
36200,0.118,0.071,0.811
36300,0.110,0.083,0.807
36400,0.120,0.076,0.804
36500,0.114,0.067,0.819
36600,0.115,0.078,0.807
36700,0.104,0.076,0.820
36800,0.095,0.055,0.849
36900,0.085,0.074,0.841
37000,0.084,0.095,0.820
37100,0.078,0.100,0.822
37200,0.083,0.123,0.794
37300,0.084,0.108,0.808
37400,0.088,0.098,0.814
37500,0.085,0.096,0.819
37600,0.079,0.126,0.795
37700,0.069,0.126,0.805
37800,0.066,0.134,0.799
37900,0.077,0.134,0.789
38000,0.091,0.123,0.786
38100,0.081,0.119,0.800
38200,0.086,0.107,0.808
38300,0.081,0.102,0.816
38400,0.092,0.108,0.800
38500,0.100,0.123,0.776
38600,0.097,0.107,0.796
38700,0.090,0.110,0.800
38800,0.077,0.107,0.815
38900,0.069,0.132,0.799
39000,0.061,0.139,0.800
39100,0.061,0.135,0.804
39200,0.079,0.127,0.795
39300,0.077,0.129,0.793
39400,0.068,0.108,0.825
39500,0.066,0.142,0.792
39600,0.062,0.145,0.793
39700,0.055,0.159,0.786
39800,0.049,0.164,0.787
39900,0.046,0.192,0.762
40000,0.040,0.175,0.785
40100,0.038,0.162,0.800
40200,0.043,0.143,0.814
40300,0.041,0.148,0.811
40400,0.041,0.144,0.814
40500,0.051,0.137,0.811
40600,0.048,0.132,0.821
40700,0.051,0.139,0.811
40800,0.054,0.126,0.821
40900,0.055,0.134,0.810
41000,0.051,0.138,0.811
41100,0.053,0.141,0.806
41200,0.077,0.118,0.804
41300,0.071,0.117,0.812
41400,0.069,0.107,0.825
41500,0.058,0.120,0.821
41600,0.055,0.143,0.802
41700,0.064,0.139,0.797
41800,0.071,0.123,0.806
41900,0.072,0.127,0.801
42000,0.070,0.119,0.811
42100,0.066,0.124,0.810
42200,0.068,0.117,0.815
42300,0.064,0.128,0.808
42400,0.061,0.118,0.822
42500,0.058,0.138,0.804
42600,0.054,0.157,0.790
42700,0.052,0.146,0.802
42800,0.061,0.140,0.799
42900,0.064,0.131,0.805
43000,0.063,0.141,0.796
43100,0.058,0.132,0.810
43200,0.066,0.122,0.811
43300,0.087,0.130,0.783
43400,0.088,0.117,0.795
43500,0.091,0.105,0.803
43600,0.093,0.109,0.797
43700,0.089,0.122,0.789
43800,0.079,0.127,0.795
43900,0.076,0.134,0.790
44000,0.076,0.137,0.787
44100,0.084,0.137,0.779
44200,0.076,0.137,0.788
44300,0.073,0.129,0.798
44400,0.071,0.122,0.807
44500,0.069,0.116,0.815
44600,0.091,0.108,0.801
44700,0.102,0.101,0.796
44800,0.100,0.095,0.805
44900,0.093,0.093,0.814
45000,0.083,0.097,0.820
45100,0.065,0.102,0.833
45200,0.068,0.105,0.827
45300,0.082,0.109,0.809
45400,0.098,0.118,0.784
45500,0.089,0.126,0.785
45600,0.083,0.126,0.790
45700,0.089,0.112,0.799
45800,0.083,0.111,0.806
45900,0.077,0.107,0.816
46000,0.084,0.110,0.806
46100,0.085,0.119,0.796
46200,0.080,0.110,0.810
46300,0.073,0.118,0.810
46400,0.076,0.136,0.789
46500,0.071,0.137,0.792
46600,0.068,0.151,0.781
46700,0.064,0.155,0.781
46800,0.064,0.175,0.761
46900,0.059,0.159,0.781
47000,0.051,0.140,0.808
47100,0.056,0.141,0.803
47200,0.062,0.132,0.806
47300,0.065,0.134,0.801
47400,0.076,0.144,0.780
47500,0.075,0.123,0.802
47600,0.073,0.123,0.804
47700,0.081,0.122,0.797
47800,0.083,0.112,0.805
47900,0.086,0.123,0.790
48000,0.098,0.111,0.791
48100,0.113,0.099,0.788
48200,0.100,0.100,0.800
48300,0.090,0.098,0.812
48400,0.095,0.101,0.804
48500,0.114,0.099,0.787
48600,0.108,0.092,0.800
48700,0.100,0.100,0.800
48800,0.094,0.093,0.813
48900,0.107,0.094,0.799
49000,0.097,0.084,0.818
49100,0.110,0.081,0.809
49200,0.112,0.081,0.807
49300,0.107,0.084,0.809
49400,0.119,0.079,0.802
49500,0.142,0.077,0.781
49600,0.139,0.078,0.783
49700,0.123,0.080,0.797
49800,0.133,0.087,0.780
49900,0.138,0.088,0.774
50000,0.137,0.110,0.753
50100,0.128,0.104,0.768
50200,0.107,0.101,0.792
50300,0.107,0.119,0.775
50400,0.101,0.121,0.778
50500,0.097,0.113,0.790
50600,0.093,0.115,0.792
50700,0.082,0.108,0.810
50800,0.087,0.101,0.813
50900,0.086,0.095,0.818
51000,0.099,0.093,0.808
51100,0.101,0.085,0.814
51200,0.100,0.078,0.822
51300,0.104,0.075,0.821
51400,0.105,0.075,0.820
51500,0.103,0.077,0.820
51600,0.101,0.096,0.803
51700,0.083,0.102,0.815
51800,0.083,0.107,0.810
51900,0.107,0.125,0.768
52000,0.094,0.107,0.799
52100,0.093,0.102,0.805
52200,0.086,0.097,0.817
52300,0.085,0.099,0.816
52400,0.105,0.100,0.796
52500,0.099,0.083,0.818
52600,0.144,0.097,0.760
52700,0.126,0.101,0.773
52800,0.105,0.102,0.793
52900,0.106,0.108,0.786
53000,0.120,0.103,0.776
53100,0.107,0.104,0.789
53200,0.109,0.094,0.797
53300,0.119,0.086,0.795
53400,0.116,0.078,0.806
53500,0.122,0.087,0.792
53600,0.134,0.072,0.794
53700,0.153,0.073,0.774
53800,0.147,0.066,0.786
53900,0.159,0.074,0.767
54000,0.158,0.059,0.783
54100,0.155,0.051,0.795
54200,0.158,0.050,0.792
54300,0.180,0.048,0.772
54400,0.168,0.051,0.781
54500,0.178,0.054,0.769
54600,0.168,0.052,0.781
54700,0.217,0.045,0.737
54800,0.208,0.040,0.753
54900,0.223,0.042,0.735
55000,0.214,0.041,0.746
55100,0.214,0.040,0.746
55200,0.190,0.045,0.765
55300,0.175,0.042,0.783
55400,0.158,0.038,0.803
55500,0.157,0.047,0.796
55600,0.152,0.059,0.789
55700,0.137,0.066,0.797
55800,0.131,0.063,0.806
55900,0.120,0.064,0.815
56000,0.122,0.056,0.821
56100,0.130,0.068,0.802
56200,0.129,0.070,0.801
56300,0.128,0.058,0.814
56400,0.123,0.058,0.820
56500,0.129,0.055,0.816
56600,0.136,0.064,0.800
56700,0.166,0.063,0.770
56800,0.162,0.072,0.766
56900,0.161,0.062,0.777
57000,0.137,0.070,0.793
57100,0.137,0.062,0.800
57200,0.128,0.068,0.804
57300,0.122,0.072,0.806
57400,0.128,0.065,0.807
57500,0.124,0.059,0.817
57600,0.140,0.057,0.803
57700,0.130,0.052,0.818
57800,0.127,0.058,0.815
57900,0.151,0.048,0.801
58000,0.151,0.050,0.799
58100,0.128,0.045,0.827
58200,0.115,0.055,0.830
58300,0.127,0.058,0.815
58400,0.121,0.065,0.814
58500,0.110,0.069,0.821
58600,0.122,0.059,0.819
58700,0.136,0.051,0.813
58800,0.144,0.052,0.804
58900,0.134,0.051,0.815
59000,0.132,0.058,0.810
59100,0.137,0.063,0.799
59200,0.120,0.065,0.815
59300,0.118,0.061,0.821
59400,0.134,0.072,0.794
59500,0.146,0.067,0.787
59600,0.153,0.065,0.782
59700,0.173,0.052,0.774
59800,0.173,0.051,0.776
59900,0.159,0.048,0.793
60000,0.158,0.047,0.795
60100,0.139,0.049,0.811
60200,0.126,0.057,0.817
60300,0.121,0.049,0.829
60400,0.117,0.056,0.827
60500,0.111,0.048,0.841
60600,0.120,0.044,0.835
60700,0.147,0.038,0.815
60800,0.124,0.044,0.832
60900,0.116,0.040,0.844
61000,0.173,0.045,0.782
61100,0.163,0.048,0.789
61200,0.169,0.040,0.790
61300,0.158,0.040,0.803
61400,0.146,0.041,0.813
61500,0.174,0.044,0.782
61600,0.154,0.047,0.799
61700,0.162,0.052,0.786
61800,0.155,0.037,0.808
61900,0.171,0.044,0.785
62000,0.197,0.041,0.762
62100,0.158,0.042,0.800
62200,0.196,0.047,0.757
62300,0.183,0.045,0.772
62400,0.166,0.042,0.792
62500,0.152,0.041,0.807
62600,0.173,0.045,0.781
62700,0.178,0.040,0.782
62800,0.189,0.037,0.774
62900,0.196,0.037,0.767
63000,0.213,0.033,0.754
63100,0.204,0.037,0.758
63200,0.193,0.032,0.775
63300,0.177,0.038,0.785
63400,0.169,0.048,0.782
63500,0.164,0.048,0.788
63600,0.164,0.050,0.786
63700,0.149,0.047,0.804
63800,0.166,0.049,0.784
63900,0.186,0.042,0.772
64000,0.180,0.047,0.774
64100,0.165,0.041,0.794
64200,0.146,0.070,0.784
64300,0.145,0.068,0.788
64400,0.148,0.054,0.798
64500,0.143,0.058,0.799
64600,0.137,0.068,0.795
64700,0.143,0.057,0.800
64800,0.172,0.061,0.767
64900,0.141,0.061,0.798
65000,0.153,0.063,0.785
65100,0.154,0.062,0.783
65200,0.144,0.065,0.791
65300,0.151,0.052,0.797
65400,0.153,0.055,0.793
65500,0.143,0.071,0.786
65600,0.126,0.073,0.802
65700,0.145,0.084,0.771
65800,0.139,0.078,0.783
65900,0.131,0.066,0.803
66000,0.139,0.055,0.806
66100,0.143,0.059,0.799
66200,0.129,0.051,0.820
66300,0.126,0.064,0.810
66400,0.121,0.065,0.814
66500,0.111,0.068,0.821
66600,0.125,0.068,0.807
66700,0.115,0.079,0.806
66800,0.114,0.079,0.807
66900,0.097,0.083,0.820
67000,0.088,0.097,0.815
67100,0.084,0.102,0.813
67200,0.077,0.111,0.811
67300,0.078,0.093,0.829
67400,0.081,0.099,0.820
67500,0.081,0.101,0.817
67600,0.088,0.100,0.812
67700,0.082,0.099,0.819
67800,0.081,0.101,0.818
67900,0.094,0.116,0.789
68000,0.095,0.104,0.802
68100,0.099,0.087,0.814
68200,0.098,0.096,0.806
68300,0.097,0.087,0.816
68400,0.107,0.086,0.807
68500,0.105,0.086,0.810
68600,0.109,0.081,0.810
68700,0.104,0.083,0.814
68800,0.102,0.085,0.813
68900,0.109,0.080,0.810
69000,0.101,0.068,0.831
69100,0.094,0.071,0.835
69200,0.098,0.070,0.832
69300,0.094,0.070,0.836
69400,0.088,0.084,0.828
69500,0.084,0.080,0.836
69600,0.104,0.067,0.829
69700,0.106,0.080,0.814
69800,0.112,0.080,0.808
69900,0.105,0.084,0.810
70000,0.096,0.086,0.818
70100,0.102,0.087,0.811
70200,0.094,0.083,0.824
70300,0.092,0.088,0.820
70400,0.097,0.086,0.817
70500,0.107,0.095,0.799
70600,0.090,0.097,0.813
70700,0.091,0.109,0.800
70800,0.086,0.113,0.802
70900,0.073,0.096,0.831
71000,0.068,0.101,0.831
71100,0.080,0.120,0.800
71200,0.083,0.116,0.801
71300,0.087,0.107,0.806
71400,0.077,0.100,0.823
71500,0.065,0.110,0.825
71600,0.069,0.090,0.841
71700,0.078,0.118,0.804
71800,0.073,0.124,0.803
71900,0.061,0.129,0.810
72000,0.069,0.120,0.811
72100,0.083,0.107,0.810
72200,0.086,0.108,0.806
72300,0.071,0.101,0.828
72400,0.070,0.099,0.831
72500,0.078,0.092,0.830
72600,0.089,0.086,0.825
72700,0.077,0.091,0.832
72800,0.076,0.092,0.832
72900,0.079,0.080,0.842
73000,0.089,0.083,0.828
73100,0.091,0.078,0.831
73200,0.090,0.094,0.816
73300,0.091,0.093,0.816
73400,0.088,0.098,0.814
73500,0.101,0.095,0.804
73600,0.102,0.081,0.816
73700,0.088,0.091,0.820
73800,0.098,0.093,0.810
73900,0.094,0.103,0.803
74000,0.098,0.094,0.808
74100,0.097,0.114,0.790
74200,0.092,0.112,0.796
74300,0.085,0.119,0.796
74400,0.074,0.136,0.790
74500,0.075,0.131,0.794
74600,0.071,0.136,0.793
74700,0.066,0.154,0.781
74800,0.063,0.171,0.767
74900,0.061,0.165,0.775
75000,0.066,0.145,0.789
75100,0.069,0.144,0.787
75200,0.073,0.121,0.806
75300,0.071,0.114,0.815
75400,0.076,0.107,0.817
75500,0.078,0.097,0.825
75600,0.063,0.107,0.831
75700,0.079,0.118,0.803
75800,0.076,0.109,0.815
75900,0.083,0.109,0.808
76000,0.119,0.093,0.788
76100,0.105,0.087,0.808
76200,0.122,0.083,0.795
76300,0.112,0.086,0.802
76400,0.112,0.098,0.790
76500,0.100,0.092,0.808
76600,0.090,0.087,0.823
76700,0.088,0.118,0.794
76800,0.095,0.101,0.804
76900,0.083,0.087,0.830
77000,0.084,0.109,0.806
77100,0.087,0.098,0.814
77200,0.073,0.089,0.838
77300,0.072,0.109,0.820
77400,0.073,0.135,0.792
77500,0.074,0.141,0.785
77600,0.077,0.135,0.788
77700,0.070,0.120,0.810
77800,0.072,0.109,0.819
77900,0.093,0.095,0.812
78000,0.085,0.097,0.818
78100,0.094,0.091,0.815
78200,0.095,0.086,0.819
78300,0.090,0.093,0.818
78400,0.080,0.098,0.822
78500,0.077,0.104,0.819
78600,0.073,0.101,0.825
78700,0.112,0.086,0.803
78800,0.096,0.075,0.829
78900,0.093,0.085,0.822
79000,0.086,0.088,0.826
79100,0.107,0.071,0.822
79200,0.098,0.069,0.833
79300,0.099,0.068,0.834
79400,0.110,0.062,0.828
79500,0.107,0.072,0.821
79600,0.108,0.083,0.810
79700,0.108,0.086,0.806
79800,0.107,0.073,0.820
79900,0.118,0.064,0.818
80000,0.127,0.065,0.808
80100,0.131,0.066,0.803
80200,0.121,0.059,0.820
80300,0.137,0.076,0.787
80400,0.127,0.069,0.804
80500,0.134,0.070,0.796
80600,0.133,0.082,0.785
80700,0.125,0.068,0.807
80800,0.136,0.059,0.806
80900,0.165,0.054,0.781
81000,0.161,0.061,0.779
81100,0.150,0.068,0.782
81200,0.131,0.057,0.812
81300,0.136,0.055,0.810
81400,0.144,0.054,0.802
81500,0.139,0.052,0.809
81600,0.153,0.052,0.795
81700,0.140,0.048,0.812
81800,0.134,0.064,0.802
81900,0.130,0.051,0.819
82000,0.148,0.049,0.802
82100,0.161,0.046,0.793
82200,0.198,0.036,0.767
82300,0.175,0.038,0.786
82400,0.173,0.041,0.786
82500,0.160,0.038,0.802
82600,0.151,0.047,0.802
82700,0.155,0.058,0.787
82800,0.155,0.052,0.793
82900,0.161,0.053,0.786
83000,0.157,0.047,0.796
83100,0.147,0.044,0.810
83200,0.171,0.042,0.786
83300,0.192,0.042,0.766
83400,0.186,0.038,0.776
83500,0.190,0.038,0.771
83600,0.175,0.036,0.789
83700,0.159,0.038,0.803
83800,0.151,0.041,0.807
83900,0.173,0.066,0.761
84000,0.173,0.055,0.772
84100,0.180,0.051,0.769
84200,0.186,0.056,0.757
84300,0.184,0.055,0.761
84400,0.190,0.049,0.761
84500,0.192,0.051,0.757
84600,0.181,0.047,0.772
84700,0.209,0.042,0.749
84800,0.217,0.045,0.739
84900,0.219,0.041,0.740
85000,0.196,0.047,0.758
85100,0.191,0.043,0.766
85200,0.173,0.043,0.784
85300,0.188,0.040,0.772
85400,0.178,0.038,0.783
85500,0.172,0.041,0.787
85600,0.159,0.037,0.804
85700,0.171,0.038,0.791
85800,0.166,0.031,0.803
85900,0.161,0.029,0.810
86000,0.186,0.022,0.792
86100,0.210,0.021,0.769
86200,0.205,0.024,0.770
86300,0.207,0.022,0.771
86400,0.226,0.036,0.739
86500,0.229,0.034,0.736
86600,0.232,0.032,0.736
86700,0.221,0.027,0.752
86800,0.227,0.035,0.738
86900,0.217,0.049,0.735
87000,0.211,0.040,0.749
87100,0.200,0.040,0.760
87200,0.210,0.041,0.750
87300,0.202,0.037,0.761
87400,0.217,0.034,0.749
87500,0.219,0.035,0.746
87600,0.211,0.036,0.753
87700,0.200,0.032,0.768
87800,0.205,0.034,0.761
87900,0.218,0.032,0.750
88000,0.211,0.034,0.755
88100,0.225,0.028,0.747
88200,0.221,0.027,0.752
88300,0.213,0.030,0.757
88400,0.193,0.027,0.780
88500,0.189,0.033,0.778
88600,0.200,0.024,0.776
88700,0.185,0.022,0.793
88800,0.198,0.025,0.776
88900,0.192,0.020,0.788
89000,0.178,0.022,0.801
89100,0.179,0.037,0.785
89200,0.200,0.033,0.768
89300,0.184,0.034,0.782
89400,0.180,0.035,0.785
89500,0.163,0.047,0.790
89600,0.162,0.034,0.804
89700,0.155,0.036,0.808
89800,0.153,0.053,0.794
89900,0.168,0.052,0.779
90000,0.179,0.045,0.776
90100,0.173,0.041,0.786
90200,0.189,0.051,0.760
90300,0.207,0.051,0.742
90400,0.183,0.044,0.774
90500,0.172,0.047,0.781
90600,0.171,0.047,0.782
90700,0.165,0.051,0.783
90800,0.163,0.054,0.783
90900,0.172,0.052,0.776
91000,0.172,0.045,0.783
91100,0.192,0.042,0.766
91200,0.185,0.047,0.768
91300,0.194,0.045,0.761
91400,0.195,0.042,0.763
91500,0.215,0.038,0.747
91600,0.203,0.048,0.750
91700,0.198,0.047,0.755
91800,0.182,0.033,0.786
91900,0.193,0.031,0.776
92000,0.193,0.032,0.775
92100,0.167,0.034,0.799
92200,0.184,0.040,0.776
92300,0.178,0.034,0.789
92400,0.181,0.034,0.785
92500,0.204,0.031,0.765
92600,0.211,0.032,0.757
92700,0.203,0.042,0.754
92800,0.197,0.051,0.753
92900,0.221,0.050,0.729
93000,0.210,0.038,0.752
93100,0.216,0.038,0.746
93200,0.214,0.045,0.740
93300,0.217,0.055,0.729
93400,0.217,0.061,0.722
93500,0.216,0.047,0.737
93600,0.218,0.042,0.740
93700,0.232,0.040,0.728
93800,0.221,0.040,0.740
93900,0.201,0.040,0.760
94000,0.198,0.038,0.764
94100,0.218,0.041,0.740
94200,0.217,0.035,0.748
94300,0.205,0.043,0.752
94400,0.196,0.043,0.761
94500,0.195,0.047,0.758
94600,0.198,0.049,0.752
94700,0.225,0.046,0.729
94800,0.224,0.038,0.739
94900,0.230,0.035,0.735
95000,0.260,0.032,0.708
95100,0.272,0.031,0.696
95200,0.246,0.027,0.727
95300,0.267,0.030,0.703
95400,0.253,0.025,0.722
95500,0.250,0.038,0.712
95600,0.224,0.037,0.740
95700,0.216,0.040,0.744
95800,0.198,0.042,0.759
95900,0.221,0.038,0.742
96000,0.212,0.036,0.753
96100,0.243,0.042,0.715
96200,0.208,0.039,0.753
96300,0.208,0.036,0.756
96400,0.204,0.039,0.757
96500,0.190,0.031,0.779
96600,0.173,0.026,0.801
96700,0.193,0.027,0.781
96800,0.171,0.030,0.799
96900,0.168,0.031,0.802
97000,0.165,0.033,0.803
97100,0.149,0.040,0.811
97200,0.151,0.029,0.820
97300,0.145,0.034,0.821
97400,0.165,0.038,0.797
97500,0.179,0.029,0.792
97600,0.172,0.037,0.791
97700,0.162,0.040,0.799
97800,0.174,0.041,0.785
97900,0.181,0.041,0.778
98000,0.162,0.037,0.801
98100,0.157,0.041,0.802
98200,0.167,0.042,0.791
98300,0.163,0.045,0.792
98400,0.145,0.041,0.814
98500,0.159,0.049,0.791
98600,0.178,0.046,0.776
98700,0.161,0.051,0.788
98800,0.148,0.058,0.793
98900,0.140,0.056,0.804
99000,0.144,0.055,0.801
99100,0.154,0.052,0.793
99200,0.166,0.044,0.790
99300,0.168,0.053,0.779
99400,0.181,0.044,0.775
99500,0.189,0.038,0.773
99600,0.185,0.052,0.764
99700,0.163,0.048,0.789
99800,0.140,0.044,0.817
99900,0.164,0.047,0.789
100000,0.185,0.051,0.764
