time,n_A+p,n_B,n_AB
100,0.368,0.459,0.174
200,0.380,0.442,0.178
300,0.388,0.409,0.202
400,0.368,0.393,0.240
500,0.434,0.372,0.194
600,0.438,0.331,0.231
700,0.426,0.310,0.264
800,0.409,0.322,0.269
900,0.479,0.289,0.231
1000,0.380,0.347,0.273
1100,0.372,0.335,0.293
1200,0.360,0.401,0.240
1300,0.364,0.430,0.207
1400,0.380,0.405,0.215
1500,0.339,0.417,0.244
1600,0.281,0.446,0.273
1700,0.331,0.372,0.298
1800,0.339,0.388,0.273
1900,0.347,0.384,0.269
2000,0.306,0.467,0.227
2100,0.331,0.446,0.223
2200,0.302,0.467,0.231
2300,0.343,0.446,0.211
2400,0.273,0.483,0.244
2500,0.306,0.471,0.223
2600,0.248,0.500,0.252
2700,0.198,0.504,0.298
2800,0.219,0.467,0.314
2900,0.244,0.446,0.310
3000,0.281,0.467,0.252
3100,0.211,0.558,0.231
3200,0.178,0.566,0.256
3300,0.194,0.550,0.256
3400,0.227,0.537,0.236
3500,0.211,0.570,0.219
3600,0.215,0.550,0.236
3700,0.211,0.566,0.223
3800,0.207,0.599,0.194
3900,0.153,0.636,0.211
4000,0.112,0.649,0.240
4100,0.145,0.649,0.207
4200,0.161,0.636,0.202
4300,0.145,0.698,0.157
4400,0.132,0.678,0.190
4500,0.136,0.645,0.219
4600,0.140,0.686,0.174
4700,0.136,0.711,0.153
4800,0.107,0.756,0.136
4900,0.074,0.789,0.136
5000,0.045,0.818,0.136
5100,0.058,0.814,0.128
5200,0.045,0.822,0.132
5300,0.041,0.851,0.107
5400,0.041,0.872,0.087
5500,0.029,0.913,0.058
5600,0.033,0.913,0.054
5700,0.012,0.963,0.025
5800,0.008,0.979,0.012
5900,0.008,0.979,0.012
6000,0.008,0.975,0.017
6100,0.008,0.967,0.025
6200,0.004,0.975,0.021
6300,0.004,0.963,0.033
6400,0.004,0.967,0.029
6500,0.004,0.975,0.021
6600,0.004,0.983,0.012
6700,0.004,0.983,0.012
6800,0.004,0.988,0.008
6900,0.000,0.988,0.012
7000,0.000,0.992,0.008
7100,0.000,0.992,0.008
7200,0.000,0.992,0.008
7300,0.000,0.996,0.004
7400,0.000,0.996,0.004
7500,0.000,1.000,0.000
