time,n_A+p,n_B,n_AB
500,0.010,0.984,0.006
1000,0.010,0.980,0.010
1500,0.010,0.972,0.018
2000,0.010,0.967,0.023
2500,0.010,0.960,0.030
3000,0.010,0.952,0.038
3500,0.010,0.946,0.044
4000,0.010,0.939,0.051
4500,0.010,0.934,0.055
5000,0.010,0.927,0.063
5500,0.010,0.920,0.070
6000,0.010,0.899,0.091
6500,0.010,0.904,0.086
7000,0.010,0.910,0.080
7500,0.010,0.900,0.090
8000,0.010,0.893,0.097
8500,0.010,0.884,0.106
9000,0.010,0.879,0.111
9500,0.010,0.873,0.117
10000,0.010,0.868,0.122
10500,0.010,0.858,0.132
11000,0.010,0.848,0.142
11500,0.010,0.854,0.136
12000,0.010,0.841,0.149
12500,0.010,0.840,0.150
13000,0.010,0.841,0.149
13500,0.010,0.834,0.156
14000,0.010,0.834,0.156
14500,0.010,0.822,0.168
15000,0.010,0.806,0.183
15500,0.011,0.794,0.195
16000,0.013,0.785,0.202
16500,0.013,0.768,0.218
17000,0.015,0.777,0.208
17500,0.013,0.767,0.221
18000,0.012,0.764,0.224
18500,0.015,0.747,0.238
19000,0.015,0.746,0.240
19500,0.014,0.724,0.262
20000,0.017,0.722,0.262
20500,0.015,0.719,0.266
21000,0.015,0.718,0.268
21500,0.017,0.710,0.273
22000,0.017,0.710,0.274
22500,0.015,0.701,0.284
23000,0.015,0.686,0.298
23500,0.017,0.691,0.293
24000,0.017,0.694,0.290
24500,0.015,0.687,0.298
25000,0.013,0.673,0.314
25500,0.019,0.676,0.304
26000,0.019,0.665,0.316
26500,0.017,0.670,0.313
27000,0.015,0.670,0.315
27500,0.015,0.664,0.321
28000,0.014,0.674,0.311
28500,0.018,0.658,0.324
29000,0.021,0.658,0.321
29500,0.025,0.637,0.339
30000,0.021,0.625,0.355
30500,0.020,0.627,0.353
31000,0.021,0.627,0.352
31500,0.024,0.625,0.351
32000,0.028,0.622,0.351
32500,0.030,0.621,0.349
33000,0.033,0.615,0.353
33500,0.032,0.620,0.349
34000,0.027,0.625,0.348
34500,0.029,0.629,0.343
35000,0.027,0.616,0.357
35500,0.033,0.614,0.353
36000,0.027,0.626,0.347
36500,0.028,0.637,0.336
37000,0.030,0.616,0.354
37500,0.039,0.613,0.348
38000,0.038,0.616,0.346
38500,0.035,0.611,0.354
39000,0.038,0.612,0.350
39500,0.040,0.592,0.369
40000,0.037,0.593,0.370
40500,0.031,0.580,0.389
41000,0.032,0.588,0.380
41500,0.034,0.578,0.388
42000,0.041,0.556,0.403
42500,0.052,0.549,0.398
43000,0.048,0.538,0.414
43500,0.046,0.527,0.426
44000,0.045,0.511,0.444
44500,0.036,0.503,0.461
45000,0.040,0.491,0.469
45500,0.045,0.499,0.456
46000,0.050,0.493,0.456
46500,0.049,0.493,0.458
47000,0.046,0.478,0.475
47500,0.049,0.471,0.479
48000,0.050,0.491,0.459
48500,0.050,0.488,0.461
49000,0.052,0.503,0.445
49500,0.050,0.488,0.461
50000,0.048,0.493,0.459
50500,0.053,0.490,0.457
51000,0.048,0.473,0.478
51500,0.052,0.496,0.452
52000,0.044,0.510,0.446
52500,0.044,0.502,0.454
53000,0.048,0.506,0.446
53500,0.051,0.510,0.439
54000,0.049,0.491,0.460
54500,0.051,0.483,0.466
55000,0.054,0.494,0.452
55500,0.056,0.483,0.461
56000,0.059,0.486,0.456
56500,0.060,0.465,0.475
57000,0.061,0.445,0.495
57500,0.064,0.446,0.491
58000,0.055,0.433,0.512
58500,0.058,0.426,0.515
59000,0.058,0.440,0.503
59500,0.061,0.443,0.497
60000,0.064,0.450,0.486
60500,0.067,0.440,0.493
61000,0.070,0.428,0.502
61500,0.072,0.416,0.512
62000,0.072,0.398,0.530
62500,0.077,0.403,0.520
63000,0.085,0.387,0.529
63500,0.087,0.401,0.512
64000,0.081,0.408,0.511
64500,0.084,0.413,0.503
65000,0.081,0.400,0.519
65500,0.091,0.389,0.520
66000,0.091,0.391,0.518
66500,0.097,0.400,0.504
67000,0.104,0.390,0.505
67500,0.103,0.382,0.516
68000,0.102,0.374,0.524
68500,0.092,0.365,0.543
69000,0.104,0.359,0.536
69500,0.106,0.371,0.523
70000,0.107,0.340,0.553
70500,0.102,0.330,0.569
71000,0.097,0.336,0.568
71500,0.112,0.337,0.551
72000,0.108,0.332,0.560
72500,0.112,0.338,0.550
73000,0.120,0.359,0.521
73500,0.115,0.373,0.512
74000,0.112,0.379,0.510
74500,0.114,0.358,0.528
75000,0.113,0.343,0.544
75500,0.096,0.351,0.553
76000,0.089,0.367,0.544
76500,0.103,0.356,0.540
77000,0.104,0.361,0.535
77500,0.114,0.358,0.528
78000,0.127,0.341,0.532
78500,0.126,0.331,0.544
79000,0.120,0.314,0.567
79500,0.120,0.314,0.565
80000,0.117,0.314,0.569
80500,0.119,0.305,0.576
81000,0.110,0.320,0.570
81500,0.129,0.312,0.559
82000,0.137,0.320,0.544
82500,0.135,0.318,0.547
83000,0.135,0.306,0.559
83500,0.134,0.286,0.580
84000,0.130,0.288,0.582
84500,0.123,0.299,0.578
85000,0.133,0.305,0.562
85500,0.138,0.298,0.564
86000,0.132,0.311,0.558
86500,0.134,0.305,0.561
87000,0.138,0.307,0.554
87500,0.145,0.310,0.544
88000,0.131,0.310,0.559
88500,0.122,0.302,0.575
89000,0.128,0.296,0.577
89500,0.134,0.307,0.558
90000,0.144,0.298,0.557
90500,0.142,0.297,0.561
91000,0.143,0.301,0.555
91500,0.144,0.299,0.557
92000,0.138,0.305,0.558
92500,0.146,0.292,0.562
93000,0.144,0.297,0.558
93500,0.153,0.290,0.556
94000,0.157,0.279,0.565
94500,0.150,0.290,0.560
95000,0.139,0.302,0.558
95500,0.124,0.299,0.577
96000,0.124,0.297,0.578
96500,0.128,0.291,0.581
97000,0.138,0.301,0.562
97500,0.142,0.294,0.564
98000,0.148,0.301,0.550
98500,0.147,0.285,0.568
99000,0.146,0.281,0.572
99500,0.147,0.280,0.573
100000,0.147,0.276,0.577
100500,0.153,0.289,0.558
101000,0.139,0.290,0.571
101500,0.129,0.297,0.574
102000,0.130,0.307,0.563
102500,0.129,0.307,0.565
103000,0.134,0.308,0.558
103500,0.140,0.314,0.546
104000,0.135,0.319,0.546
104500,0.120,0.324,0.556
105000,0.138,0.305,0.558
105500,0.129,0.299,0.572
106000,0.118,0.315,0.568
106500,0.137,0.327,0.537
107000,0.127,0.310,0.563
107500,0.137,0.293,0.570
108000,0.151,0.294,0.554
108500,0.158,0.293,0.548
109000,0.141,0.297,0.562
109500,0.133,0.306,0.561
110000,0.143,0.295,0.562
110500,0.149,0.285,0.565
111000,0.155,0.281,0.565
111500,0.169,0.290,0.542
112000,0.150,0.287,0.562
112500,0.136,0.287,0.577
113000,0.135,0.283,0.582
113500,0.136,0.279,0.586
114000,0.150,0.287,0.562
114500,0.141,0.290,0.569
115000,0.146,0.307,0.546
115500,0.142,0.284,0.573
116000,0.155,0.279,0.566
116500,0.138,0.275,0.587
117000,0.151,0.282,0.566
117500,0.143,0.292,0.565
118000,0.151,0.298,0.550
118500,0.141,0.297,0.562
119000,0.153,0.287,0.560
119500,0.160,0.291,0.549
120000,0.158,0.279,0.564
120500,0.165,0.269,0.567
121000,0.159,0.263,0.578
121500,0.159,0.275,0.566
122000,0.138,0.284,0.579
122500,0.135,0.279,0.586
123000,0.124,0.292,0.583
123500,0.130,0.302,0.568
124000,0.124,0.302,0.574
124500,0.120,0.301,0.578
125000,0.121,0.293,0.586
125500,0.124,0.296,0.579
126000,0.127,0.299,0.574
126500,0.126,0.299,0.575
127000,0.132,0.314,0.555
127500,0.128,0.305,0.568
128000,0.128,0.284,0.589
128500,0.138,0.286,0.576
129000,0.136,0.281,0.583
129500,0.136,0.281,0.584
130000,0.153,0.281,0.566
130500,0.142,0.303,0.554
131000,0.137,0.286,0.577
131500,0.140,0.290,0.571
132000,0.146,0.299,0.554
132500,0.141,0.295,0.564
133000,0.130,0.313,0.557
133500,0.132,0.298,0.570
134000,0.136,0.281,0.584
134500,0.141,0.294,0.565
135000,0.149,0.311,0.540
135500,0.148,0.309,0.542
136000,0.141,0.299,0.560
136500,0.145,0.293,0.562
137000,0.137,0.282,0.581
137500,0.129,0.293,0.578
138000,0.137,0.289,0.575
138500,0.144,0.284,0.572
139000,0.148,0.270,0.582
139500,0.151,0.284,0.565
140000,0.153,0.285,0.561
140500,0.151,0.271,0.578
141000,0.149,0.273,0.578
141500,0.147,0.269,0.584
142000,0.148,0.271,0.581
142500,0.138,0.274,0.588
143000,0.149,0.280,0.571
143500,0.158,0.279,0.564
144000,0.169,0.281,0.550
144500,0.168,0.291,0.541
145000,0.171,0.279,0.550
145500,0.155,0.282,0.562
146000,0.150,0.284,0.566
146500,0.157,0.288,0.554
147000,0.152,0.301,0.546
147500,0.167,0.289,0.544
148000,0.164,0.283,0.553
148500,0.148,0.282,0.570
149000,0.145,0.286,0.569
149500,0.136,0.294,0.570
150000,0.136,0.305,0.559
150500,0.132,0.292,0.576
151000,0.132,0.282,0.586
151500,0.138,0.297,0.565
152000,0.141,0.293,0.566
152500,0.139,0.292,0.569
153000,0.141,0.303,0.556
153500,0.142,0.292,0.566
154000,0.139,0.285,0.577
154500,0.141,0.294,0.565
155000,0.143,0.293,0.564
155500,0.147,0.295,0.557
156000,0.150,0.290,0.560
156500,0.145,0.272,0.583
157000,0.146,0.255,0.599
157500,0.147,0.278,0.575
158000,0.137,0.288,0.575
158500,0.143,0.297,0.560
159000,0.141,0.303,0.556
159500,0.144,0.304,0.552
160000,0.144,0.300,0.555
160500,0.160,0.280,0.560
161000,0.158,0.288,0.554
161500,0.142,0.274,0.584
162000,0.155,0.279,0.566
162500,0.173,0.268,0.559
163000,0.180,0.265,0.556
163500,0.190,0.255,0.556
164000,0.182,0.241,0.576
164500,0.196,0.233,0.572
165000,0.214,0.227,0.559
165500,0.198,0.226,0.576
166000,0.191,0.235,0.573
166500,0.189,0.268,0.543
167000,0.178,0.268,0.554
167500,0.171,0.251,0.579
168000,0.167,0.246,0.587
168500,0.174,0.225,0.601
169000,0.192,0.215,0.593
169500,0.202,0.205,0.594
170000,0.213,0.203,0.583
170500,0.214,0.184,0.602
171000,0.216,0.205,0.579
171500,0.203,0.195,0.603
172000,0.218,0.193,0.589
172500,0.224,0.184,0.592
173000,0.235,0.181,0.583
173500,0.226,0.187,0.587
174000,0.222,0.184,0.594
174500,0.227,0.197,0.577
175000,0.223,0.187,0.590
175500,0.235,0.197,0.568
176000,0.223,0.202,0.576
176500,0.234,0.198,0.568
177000,0.241,0.195,0.564
177500,0.232,0.186,0.582
178000,0.246,0.197,0.556
178500,0.242,0.190,0.569
179000,0.231,0.201,0.568
179500,0.239,0.199,0.562
180000,0.233,0.206,0.561
180500,0.232,0.200,0.569
181000,0.230,0.197,0.573
181500,0.233,0.189,0.578
182000,0.235,0.179,0.586
182500,0.252,0.180,0.568
183000,0.264,0.159,0.577
183500,0.264,0.153,0.583
184000,0.266,0.157,0.577
184500,0.252,0.153,0.595
185000,0.270,0.142,0.588
185500,0.272,0.138,0.591
186000,0.295,0.137,0.568
186500,0.299,0.134,0.567
187000,0.286,0.136,0.579
187500,0.285,0.140,0.576
188000,0.312,0.133,0.554
188500,0.314,0.123,0.564
189000,0.318,0.125,0.557
189500,0.312,0.134,0.554
190000,0.326,0.132,0.542
190500,0.336,0.131,0.533
191000,0.327,0.141,0.532
191500,0.334,0.130,0.536
192000,0.349,0.122,0.529
192500,0.354,0.122,0.523
193000,0.347,0.121,0.532
193500,0.355,0.106,0.538
194000,0.357,0.107,0.535
194500,0.349,0.107,0.544
195000,0.371,0.094,0.535
195500,0.351,0.088,0.561
196000,0.378,0.084,0.538
196500,0.403,0.084,0.513
197000,0.400,0.080,0.521
197500,0.388,0.072,0.540
198000,0.392,0.073,0.534
198500,0.390,0.071,0.540
199000,0.399,0.080,0.521
199500,0.398,0.080,0.522
200000,0.417,0.076,0.507
200500,0.423,0.074,0.502
201000,0.425,0.072,0.502
201500,0.425,0.071,0.503
202000,0.431,0.074,0.494
202500,0.426,0.064,0.510
203000,0.426,0.057,0.518
203500,0.434,0.059,0.507
204000,0.438,0.053,0.509
204500,0.461,0.054,0.484
205000,0.460,0.065,0.475
205500,0.462,0.061,0.477
206000,0.467,0.061,0.472
206500,0.460,0.064,0.477
207000,0.478,0.057,0.465
207500,0.481,0.058,0.461
208000,0.484,0.059,0.457
208500,0.476,0.054,0.470
209000,0.491,0.051,0.457
209500,0.489,0.040,0.471
210000,0.490,0.033,0.477
210500,0.482,0.043,0.474
211000,0.470,0.056,0.474
211500,0.469,0.046,0.485
212000,0.472,0.048,0.480
212500,0.486,0.054,0.460
213000,0.513,0.049,0.438
213500,0.524,0.049,0.427
214000,0.519,0.044,0.436
214500,0.533,0.044,0.423
215000,0.527,0.041,0.432
215500,0.525,0.037,0.438
216000,0.520,0.038,0.441
216500,0.549,0.036,0.414
217000,0.547,0.032,0.421
217500,0.560,0.036,0.403
218000,0.558,0.035,0.406
218500,0.564,0.036,0.400
219000,0.575,0.030,0.395
219500,0.578,0.029,0.393
220000,0.573,0.026,0.401
220500,0.589,0.026,0.385
221000,0.574,0.029,0.398
221500,0.565,0.029,0.406
222000,0.560,0.026,0.413
222500,0.557,0.026,0.416
223000,0.555,0.025,0.420
223500,0.541,0.025,0.434
224000,0.533,0.021,0.446
224500,0.539,0.025,0.436
225000,0.545,0.029,0.425
225500,0.526,0.028,0.446
226000,0.532,0.029,0.439
226500,0.551,0.028,0.421
227000,0.545,0.028,0.427
227500,0.524,0.021,0.455
228000,0.526,0.034,0.441
228500,0.534,0.037,0.428
229000,0.543,0.035,0.421
229500,0.553,0.030,0.416
230000,0.561,0.030,0.409
230500,0.558,0.029,0.412
231000,0.568,0.026,0.406
231500,0.561,0.020,0.419
232000,0.550,0.021,0.429
232500,0.569,0.014,0.417
233000,0.551,0.013,0.436
233500,0.564,0.018,0.419
234000,0.563,0.014,0.423
234500,0.576,0.013,0.411
235000,0.588,0.019,0.393
235500,0.591,0.021,0.388
236000,0.589,0.021,0.391
236500,0.586,0.018,0.396
237000,0.584,0.019,0.397
237500,0.593,0.021,0.386
238000,0.591,0.019,0.390
238500,0.598,0.019,0.383
239000,0.602,0.020,0.378
239500,0.592,0.018,0.390
240000,0.612,0.017,0.371
240500,0.629,0.021,0.349
241000,0.624,0.019,0.356
241500,0.612,0.019,0.369
242000,0.611,0.015,0.374
242500,0.620,0.015,0.365
243000,0.631,0.018,0.351
243500,0.640,0.019,0.340
244000,0.630,0.019,0.350
244500,0.637,0.012,0.351
245000,0.658,0.013,0.329
245500,0.664,0.009,0.327
246000,0.668,0.006,0.325
246500,0.675,0.006,0.318
247000,0.668,0.004,0.327
247500,0.666,0.009,0.324
248000,0.668,0.007,0.325
248500,0.688,0.005,0.307
249000,0.672,0.004,0.324
249500,0.671,0.003,0.326
250000,0.669,0.005,0.325
250500,0.652,0.007,0.340
251000,0.650,0.011,0.338
251500,0.674,0.011,0.314
252000,0.672,0.011,0.317
252500,0.657,0.018,0.325
253000,0.669,0.013,0.318
253500,0.674,0.011,0.315
254000,0.670,0.009,0.321
254500,0.674,0.009,0.317
255000,0.673,0.005,0.321
255500,0.680,0.009,0.310
256000,0.684,0.013,0.303
256500,0.666,0.013,0.320
257000,0.665,0.021,0.313
257500,0.670,0.018,0.312
258000,0.674,0.010,0.316
258500,0.663,0.010,0.327
259000,0.654,0.013,0.333
259500,0.653,0.008,0.339
260000,0.657,0.017,0.326
260500,0.646,0.015,0.339
261000,0.643,0.012,0.345
261500,0.635,0.009,0.356
262000,0.637,0.009,0.353
262500,0.639,0.014,0.347
263000,0.634,0.015,0.351
263500,0.615,0.012,0.373
264000,0.595,0.013,0.392
264500,0.615,0.015,0.370
265000,0.604,0.016,0.380
265500,0.604,0.011,0.385
266000,0.611,0.014,0.375
266500,0.601,0.016,0.383
267000,0.588,0.018,0.395
267500,0.601,0.015,0.385
268000,0.600,0.015,0.386
268500,0.614,0.013,0.373
269000,0.626,0.014,0.360
269500,0.614,0.013,0.373
270000,0.617,0.021,0.362
270500,0.602,0.018,0.380
271000,0.607,0.018,0.374
271500,0.619,0.018,0.363
272000,0.621,0.021,0.359
272500,0.606,0.021,0.372
273000,0.598,0.018,0.385
273500,0.581,0.016,0.403
274000,0.570,0.021,0.409
274500,0.570,0.028,0.402
275000,0.583,0.025,0.392
275500,0.582,0.029,0.389
276000,0.596,0.019,0.385
276500,0.599,0.017,0.385
277000,0.609,0.017,0.374
277500,0.635,0.017,0.348
278000,0.629,0.018,0.352
278500,0.620,0.018,0.362
279000,0.618,0.017,0.365
279500,0.605,0.022,0.373
280000,0.611,0.022,0.366
280500,0.624,0.021,0.354
281000,0.638,0.018,0.343
281500,0.642,0.018,0.339
282000,0.632,0.018,0.350
282500,0.625,0.015,0.360
283000,0.618,0.017,0.365
283500,0.623,0.017,0.361
284000,0.627,0.017,0.356
284500,0.620,0.021,0.359
285000,0.630,0.013,0.357
285500,0.613,0.017,0.370
286000,0.611,0.019,0.370
286500,0.588,0.017,0.395
287000,0.592,0.019,0.389
287500,0.601,0.018,0.381
288000,0.604,0.022,0.374
288500,0.592,0.019,0.389
289000,0.592,0.026,0.382
289500,0.594,0.024,0.382
290000,0.593,0.019,0.388
290500,0.609,0.017,0.375
291000,0.613,0.022,0.365
291500,0.618,0.021,0.362
292000,0.602,0.021,0.378
292500,0.586,0.016,0.398
293000,0.588,0.023,0.389
293500,0.560,0.021,0.418
294000,0.563,0.024,0.414
294500,0.558,0.026,0.415
295000,0.551,0.032,0.417
295500,0.539,0.037,0.423
296000,0.542,0.040,0.418
296500,0.533,0.032,0.435
297000,0.516,0.034,0.450
297500,0.517,0.029,0.454
298000,0.526,0.029,0.445
298500,0.531,0.030,0.439
299000,0.523,0.033,0.444
299500,0.523,0.035,0.442
300000,0.523,0.034,0.443
300500,0.524,0.034,0.442
301000,0.519,0.037,0.443
301500,0.528,0.031,0.441
302000,0.539,0.030,0.431
302500,0.539,0.038,0.423
303000,0.545,0.032,0.423
303500,0.537,0.028,0.435
304000,0.554,0.030,0.416
304500,0.555,0.026,0.419
305000,0.566,0.023,0.411
305500,0.591,0.022,0.387
306000,0.583,0.021,0.396
306500,0.583,0.021,0.396
307000,0.594,0.021,0.385
307500,0.613,0.017,0.370
308000,0.606,0.015,0.379
308500,0.588,0.020,0.392
309000,0.586,0.018,0.396
309500,0.599,0.015,0.387
310000,0.591,0.017,0.393
310500,0.585,0.013,0.402
311000,0.573,0.013,0.414
311500,0.585,0.013,0.402
312000,0.583,0.013,0.404
312500,0.572,0.024,0.404
313000,0.588,0.023,0.389
313500,0.594,0.024,0.383
314000,0.602,0.021,0.377
314500,0.599,0.022,0.379
315000,0.606,0.019,0.375
315500,0.608,0.009,0.383
316000,0.612,0.013,0.374
316500,0.625,0.014,0.361
317000,0.609,0.012,0.379
317500,0.599,0.018,0.383
318000,0.601,0.019,0.380
318500,0.593,0.019,0.388
319000,0.599,0.018,0.383
319500,0.591,0.024,0.386
320000,0.593,0.018,0.389
320500,0.593,0.024,0.384
321000,0.601,0.024,0.376
321500,0.581,0.015,0.405
322000,0.580,0.017,0.403
322500,0.579,0.014,0.407
323000,0.580,0.015,0.405
323500,0.577,0.021,0.402
324000,0.580,0.021,0.399
324500,0.590,0.029,0.381
325000,0.602,0.024,0.375
325500,0.592,0.019,0.389
326000,0.586,0.017,0.397
326500,0.571,0.020,0.409
327000,0.580,0.029,0.391
327500,0.577,0.029,0.394
328000,0.558,0.020,0.422
328500,0.568,0.015,0.417
329000,0.567,0.019,0.414
329500,0.575,0.017,0.408
330000,0.565,0.022,0.413
330500,0.567,0.031,0.402
331000,0.570,0.022,0.408
331500,0.567,0.019,0.414
332000,0.575,0.023,0.402
332500,0.578,0.018,0.404
333000,0.587,0.018,0.395
333500,0.596,0.017,0.387
334000,0.571,0.017,0.413
334500,0.584,0.018,0.398
335000,0.592,0.013,0.395
335500,0.602,0.013,0.386
336000,0.597,0.016,0.387
336500,0.620,0.023,0.357
337000,0.610,0.025,0.364
337500,0.617,0.017,0.366
338000,0.613,0.018,0.370
338500,0.608,0.016,0.376
339000,0.613,0.018,0.369
339500,0.633,0.021,0.345
340000,0.623,0.020,0.357
340500,0.608,0.021,0.371
341000,0.615,0.015,0.369
341500,0.621,0.013,0.366
342000,0.637,0.015,0.348
342500,0.624,0.016,0.360
343000,0.633,0.015,0.351
343500,0.627,0.013,0.359
344000,0.623,0.015,0.362
344500,0.618,0.011,0.371
345000,0.611,0.016,0.373
345500,0.612,0.021,0.367
346000,0.608,0.018,0.373
346500,0.607,0.019,0.374
347000,0.604,0.016,0.380
347500,0.597,0.018,0.386
348000,0.587,0.025,0.388
348500,0.584,0.023,0.393
349000,0.585,0.021,0.395
349500,0.575,0.023,0.402
350000,0.564,0.021,0.416
350500,0.544,0.028,0.427
351000,0.550,0.026,0.423
351500,0.561,0.027,0.412
352000,0.566,0.024,0.411
352500,0.561,0.022,0.416
353000,0.537,0.024,0.439
353500,0.551,0.030,0.419
354000,0.546,0.027,0.427
354500,0.561,0.024,0.415
355000,0.558,0.024,0.418
355500,0.573,0.022,0.405
356000,0.561,0.023,0.416
356500,0.547,0.029,0.423
357000,0.545,0.033,0.421
357500,0.524,0.033,0.443
358000,0.519,0.025,0.455
358500,0.512,0.024,0.464
359000,0.516,0.022,0.461
359500,0.514,0.026,0.459
360000,0.510,0.037,0.452
360500,0.508,0.042,0.450
361000,0.498,0.045,0.457
361500,0.492,0.044,0.463
362000,0.494,0.044,0.461
362500,0.496,0.043,0.460
363000,0.510,0.041,0.450
363500,0.512,0.045,0.442
364000,0.522,0.042,0.436
364500,0.540,0.036,0.424
365000,0.531,0.035,0.433
365500,0.526,0.038,0.435
366000,0.525,0.030,0.445
366500,0.522,0.036,0.441
367000,0.516,0.036,0.447
367500,0.525,0.037,0.438
368000,0.532,0.036,0.431
368500,0.536,0.040,0.424
369000,0.534,0.032,0.434
369500,0.543,0.034,0.422
370000,0.554,0.033,0.412
370500,0.535,0.025,0.439
371000,0.540,0.030,0.429
371500,0.551,0.028,0.421
372000,0.544,0.038,0.418
372500,0.544,0.029,0.426
373000,0.551,0.025,0.424
373500,0.557,0.026,0.416
374000,0.548,0.033,0.419
374500,0.547,0.035,0.417
375000,0.553,0.041,0.406
375500,0.530,0.043,0.427
376000,0.539,0.038,0.423
376500,0.537,0.036,0.427
377000,0.549,0.033,0.418
377500,0.549,0.024,0.427
378000,0.539,0.028,0.432
378500,0.544,0.028,0.427
379000,0.551,0.025,0.424
379500,0.541,0.026,0.433
380000,0.507,0.028,0.465
380500,0.511,0.037,0.452
381000,0.508,0.041,0.452
381500,0.519,0.037,0.444
382000,0.515,0.035,0.449
382500,0.515,0.032,0.453
383000,0.521,0.031,0.448
383500,0.510,0.040,0.450
384000,0.508,0.039,0.453
384500,0.503,0.044,0.452
385000,0.505,0.040,0.455
385500,0.506,0.037,0.457
386000,0.489,0.042,0.469
386500,0.487,0.043,0.470
387000,0.499,0.048,0.454
387500,0.509,0.044,0.447
388000,0.508,0.058,0.434
388500,0.493,0.058,0.449
389000,0.489,0.049,0.461
389500,0.493,0.041,0.465
390000,0.488,0.043,0.469
390500,0.484,0.044,0.472
391000,0.487,0.043,0.469
391500,0.489,0.044,0.466
392000,0.499,0.041,0.460
392500,0.512,0.035,0.453
393000,0.516,0.033,0.451
393500,0.525,0.034,0.441
394000,0.529,0.035,0.436
394500,0.535,0.029,0.435
395000,0.529,0.034,0.438
395500,0.547,0.030,0.422
396000,0.567,0.031,0.402
396500,0.570,0.034,0.396
397000,0.583,0.029,0.389
397500,0.579,0.032,0.389
398000,0.600,0.028,0.373
398500,0.602,0.020,0.378
399000,0.614,0.018,0.369
399500,0.620,0.015,0.365
400000,0.626,0.019,0.355
400500,0.635,0.016,0.349
401000,0.635,0.013,0.351
401500,0.648,0.011,0.341
402000,0.649,0.013,0.337
402500,0.646,0.012,0.342
403000,0.626,0.015,0.359
403500,0.627,0.015,0.358
404000,0.629,0.011,0.360
404500,0.633,0.020,0.347
405000,0.609,0.018,0.374
405500,0.621,0.015,0.364
406000,0.629,0.013,0.357
406500,0.628,0.015,0.357
407000,0.646,0.011,0.342
407500,0.647,0.009,0.343
408000,0.644,0.013,0.343
408500,0.637,0.017,0.346
409000,0.637,0.015,0.348
409500,0.640,0.011,0.349
410000,0.650,0.009,0.341
410500,0.645,0.013,0.342
411000,0.645,0.016,0.339
411500,0.636,0.016,0.348
412000,0.636,0.011,0.353
412500,0.640,0.014,0.346
413000,0.646,0.015,0.339
413500,0.642,0.014,0.344
414000,0.638,0.016,0.346
414500,0.637,0.010,0.353
415000,0.634,0.013,0.353
415500,0.647,0.011,0.341
416000,0.633,0.013,0.354
416500,0.624,0.012,0.364
417000,0.618,0.015,0.368
417500,0.614,0.016,0.370
418000,0.602,0.028,0.370
418500,0.614,0.022,0.364
419000,0.634,0.017,0.349
419500,0.617,0.023,0.360
420000,0.631,0.021,0.348
420500,0.636,0.017,0.347
421000,0.635,0.017,0.348
421500,0.621,0.015,0.364
422000,0.634,0.024,0.342
422500,0.614,0.014,0.372
423000,0.614,0.013,0.373
423500,0.612,0.017,0.371
424000,0.620,0.021,0.359
424500,0.631,0.019,0.349
425000,0.626,0.019,0.354
425500,0.618,0.020,0.362
426000,0.616,0.017,0.367
426500,0.614,0.015,0.372
427000,0.619,0.018,0.364
427500,0.625,0.018,0.358
428000,0.614,0.015,0.371
428500,0.615,0.016,0.369
429000,0.621,0.017,0.363
429500,0.621,0.015,0.365
430000,0.616,0.015,0.370
430500,0.594,0.015,0.391
431000,0.590,0.017,0.393
431500,0.615,0.015,0.371
432000,0.602,0.015,0.383
432500,0.598,0.011,0.392
433000,0.600,0.013,0.388
433500,0.603,0.009,0.388
434000,0.612,0.011,0.378
434500,0.619,0.016,0.365
435000,0.609,0.015,0.377
435500,0.608,0.018,0.374
436000,0.605,0.016,0.379
436500,0.626,0.014,0.360
437000,0.607,0.018,0.375
437500,0.621,0.015,0.365
438000,0.624,0.013,0.363
438500,0.627,0.018,0.354
439000,0.639,0.015,0.346
439500,0.623,0.010,0.367
440000,0.625,0.011,0.364
440500,0.619,0.018,0.363
441000,0.636,0.015,0.349
441500,0.651,0.015,0.334
442000,0.648,0.015,0.336
442500,0.660,0.020,0.320
443000,0.657,0.014,0.329
443500,0.660,0.012,0.328
444000,0.654,0.013,0.333
444500,0.657,0.016,0.327
445000,0.648,0.010,0.342
445500,0.643,0.011,0.346
446000,0.649,0.006,0.344
446500,0.652,0.009,0.339
447000,0.651,0.006,0.342
447500,0.636,0.005,0.359
448000,0.652,0.008,0.340
448500,0.636,0.013,0.351
449000,0.628,0.017,0.355
449500,0.601,0.021,0.379
450000,0.602,0.017,0.382
450500,0.617,0.022,0.361
451000,0.629,0.021,0.350
451500,0.631,0.019,0.349
452000,0.634,0.021,0.345
452500,0.617,0.019,0.364
453000,0.611,0.015,0.374
453500,0.596,0.013,0.392
454000,0.600,0.013,0.387
454500,0.610,0.013,0.378
455000,0.605,0.014,0.381
455500,0.594,0.014,0.392
456000,0.595,0.013,0.392
456500,0.605,0.010,0.385
457000,0.597,0.018,0.385
457500,0.582,0.020,0.398
458000,0.562,0.021,0.416
458500,0.560,0.025,0.414
459000,0.559,0.021,0.420
459500,0.571,0.018,0.412
460000,0.579,0.018,0.404
460500,0.583,0.016,0.401
461000,0.587,0.013,0.401
461500,0.600,0.018,0.382
462000,0.593,0.018,0.389
462500,0.600,0.025,0.376
463000,0.597,0.021,0.382
463500,0.596,0.019,0.385
464000,0.604,0.015,0.381
464500,0.604,0.021,0.375
465000,0.598,0.021,0.382
465500,0.585,0.023,0.392
466000,0.583,0.019,0.398
466500,0.592,0.017,0.392
467000,0.610,0.021,0.369
467500,0.613,0.025,0.362
468000,0.625,0.017,0.358
468500,0.634,0.025,0.341
469000,0.610,0.022,0.367
469500,0.602,0.021,0.378
470000,0.587,0.019,0.394
470500,0.584,0.019,0.397
471000,0.574,0.024,0.402
471500,0.571,0.018,0.411
472000,0.582,0.017,0.401
472500,0.592,0.016,0.392
473000,0.602,0.015,0.383
473500,0.604,0.018,0.378
474000,0.620,0.015,0.365
474500,0.626,0.016,0.358
475000,0.617,0.013,0.369
475500,0.636,0.015,0.349
476000,0.640,0.011,0.348
476500,0.641,0.011,0.348
477000,0.629,0.014,0.357
477500,0.631,0.013,0.356
478000,0.623,0.013,0.364
478500,0.641,0.012,0.347
479000,0.659,0.015,0.326
479500,0.674,0.011,0.314
480000,0.671,0.011,0.317
480500,0.681,0.010,0.309
481000,0.694,0.011,0.295
481500,0.686,0.007,0.306
482000,0.698,0.004,0.299
482500,0.690,0.003,0.307
483000,0.698,0.005,0.297
483500,0.701,0.005,0.294
484000,0.695,0.004,0.301
484500,0.696,0.007,0.297
485000,0.681,0.011,0.308
485500,0.658,0.009,0.333
486000,0.663,0.009,0.328
486500,0.670,0.005,0.324
487000,0.670,0.010,0.320
487500,0.678,0.011,0.310
488000,0.665,0.008,0.327
488500,0.674,0.013,0.313
489000,0.658,0.014,0.328
489500,0.661,0.011,0.328
490000,0.663,0.013,0.323
490500,0.660,0.013,0.327
491000,0.661,0.015,0.324
491500,0.669,0.014,0.317
492000,0.655,0.013,0.331
492500,0.644,0.014,0.342
493000,0.632,0.023,0.345
493500,0.618,0.019,0.362
494000,0.607,0.019,0.373
494500,0.625,0.021,0.353
495000,0.614,0.021,0.366
495500,0.601,0.019,0.380
496000,0.605,0.019,0.376
496500,0.609,0.019,0.372
497000,0.603,0.021,0.377
497500,0.609,0.018,0.373
498000,0.600,0.025,0.376
498500,0.588,0.019,0.393
499000,0.597,0.021,0.382
499500,0.598,0.022,0.380
500000,0.607,0.020,0.373
500500,0.589,0.021,0.390
501000,0.599,0.025,0.376
501500,0.603,0.019,0.378
502000,0.614,0.021,0.366
502500,0.607,0.015,0.379
503000,0.612,0.015,0.373
503500,0.618,0.012,0.370
504000,0.628,0.015,0.356
504500,0.632,0.013,0.355
505000,0.620,0.017,0.363
505500,0.611,0.019,0.370
506000,0.603,0.017,0.381
506500,0.595,0.015,0.390
507000,0.598,0.023,0.379
507500,0.589,0.025,0.387
508000,0.605,0.024,0.372
508500,0.607,0.020,0.373
509000,0.613,0.019,0.368
509500,0.612,0.019,0.369
510000,0.596,0.018,0.386
510500,0.599,0.021,0.380
511000,0.595,0.021,0.384
511500,0.601,0.018,0.381
512000,0.596,0.026,0.378
512500,0.587,0.025,0.388
513000,0.589,0.026,0.385
513500,0.590,0.029,0.382
514000,0.598,0.025,0.377
514500,0.593,0.033,0.374
515000,0.580,0.035,0.385
515500,0.575,0.032,0.394
516000,0.575,0.028,0.398
516500,0.574,0.028,0.399
517000,0.561,0.021,0.417
517500,0.558,0.025,0.417
518000,0.560,0.024,0.416
518500,0.561,0.029,0.410
519000,0.581,0.035,0.385
519500,0.569,0.032,0.399
520000,0.567,0.028,0.406
520500,0.561,0.025,0.414
521000,0.573,0.029,0.398
521500,0.589,0.024,0.388
522000,0.584,0.025,0.391
522500,0.579,0.021,0.400
523000,0.573,0.022,0.405
523500,0.558,0.018,0.423
524000,0.564,0.022,0.414
524500,0.554,0.024,0.422
525000,0.556,0.024,0.420
525500,0.558,0.020,0.422
526000,0.551,0.022,0.426
526500,0.557,0.024,0.419
527000,0.561,0.029,0.410
527500,0.562,0.028,0.409
528000,0.564,0.029,0.407
528500,0.562,0.029,0.409
529000,0.557,0.024,0.419
529500,0.562,0.025,0.412
530000,0.559,0.021,0.419
530500,0.556,0.022,0.421
531000,0.567,0.021,0.413
531500,0.566,0.022,0.412
532000,0.560,0.021,0.419
532500,0.560,0.024,0.416
533000,0.558,0.024,0.418
533500,0.561,0.022,0.416
534000,0.570,0.024,0.407
534500,0.552,0.032,0.416
535000,0.558,0.026,0.415
535500,0.554,0.029,0.417
536000,0.555,0.033,0.412
536500,0.543,0.033,0.424
537000,0.546,0.030,0.424
537500,0.549,0.028,0.422
538000,0.542,0.022,0.435
538500,0.557,0.021,0.422
539000,0.566,0.022,0.412
539500,0.558,0.021,0.420
540000,0.578,0.029,0.394
540500,0.581,0.022,0.397
541000,0.582,0.024,0.395
541500,0.574,0.027,0.399
542000,0.576,0.025,0.400
542500,0.584,0.024,0.393
543000,0.602,0.022,0.376
543500,0.603,0.020,0.377
544000,0.598,0.019,0.383
544500,0.611,0.015,0.373
545000,0.631,0.018,0.350
545500,0.621,0.015,0.364
546000,0.637,0.013,0.350
546500,0.645,0.013,0.342
547000,0.643,0.011,0.346
547500,0.641,0.011,0.347
548000,0.639,0.019,0.342
548500,0.646,0.019,0.335
549000,0.642,0.016,0.342
549500,0.634,0.017,0.349
550000,0.628,0.014,0.358
550500,0.626,0.013,0.361
551000,0.629,0.015,0.356
551500,0.629,0.011,0.359
552000,0.625,0.017,0.358
552500,0.601,0.018,0.381
553000,0.602,0.017,0.382
553500,0.602,0.015,0.384
554000,0.603,0.021,0.376
554500,0.595,0.024,0.382
555000,0.589,0.022,0.389
555500,0.582,0.019,0.399
556000,0.575,0.028,0.397
556500,0.581,0.027,0.392
557000,0.583,0.025,0.392
557500,0.587,0.025,0.388
558000,0.589,0.024,0.388
558500,0.592,0.021,0.387
559000,0.611,0.021,0.368
559500,0.604,0.018,0.378
560000,0.595,0.018,0.387
560500,0.580,0.024,0.396
561000,0.566,0.026,0.408
561500,0.552,0.025,0.423
562000,0.560,0.022,0.417
562500,0.542,0.029,0.429
563000,0.534,0.029,0.437
563500,0.549,0.029,0.421
564000,0.540,0.034,0.425
564500,0.533,0.029,0.438
565000,0.545,0.031,0.423
565500,0.555,0.034,0.411
566000,0.536,0.029,0.434
566500,0.552,0.026,0.421
567000,0.541,0.029,0.429
567500,0.541,0.038,0.421
568000,0.552,0.040,0.408
568500,0.548,0.037,0.415
569000,0.555,0.030,0.414
569500,0.567,0.030,0.403
570000,0.566,0.033,0.401
570500,0.570,0.032,0.398
571000,0.563,0.030,0.407
571500,0.572,0.025,0.403
572000,0.569,0.020,0.411
572500,0.570,0.018,0.412
573000,0.576,0.021,0.404
573500,0.584,0.019,0.397
574000,0.595,0.029,0.376
574500,0.616,0.025,0.359
575000,0.616,0.023,0.361
575500,0.614,0.022,0.363
576000,0.628,0.020,0.352
576500,0.632,0.028,0.340
577000,0.623,0.021,0.356
577500,0.599,0.021,0.380
578000,0.605,0.018,0.377
578500,0.595,0.019,0.386
579000,0.588,0.017,0.395
579500,0.601,0.015,0.384
580000,0.604,0.018,0.379
580500,0.595,0.019,0.386
581000,0.593,0.018,0.389
581500,0.604,0.017,0.380
582000,0.598,0.013,0.389
582500,0.574,0.015,0.411
583000,0.584,0.013,0.404
583500,0.589,0.009,0.402
584000,0.573,0.011,0.417
584500,0.587,0.013,0.400
585000,0.605,0.013,0.382
585500,0.623,0.011,0.366
586000,0.608,0.016,0.376
586500,0.612,0.016,0.372
587000,0.629,0.016,0.355
587500,0.615,0.015,0.371
588000,0.613,0.022,0.364
588500,0.596,0.019,0.385
589000,0.610,0.021,0.369
589500,0.606,0.015,0.380
590000,0.602,0.015,0.384
590500,0.605,0.015,0.380
591000,0.612,0.013,0.376
591500,0.602,0.016,0.382
592000,0.605,0.013,0.382
592500,0.626,0.015,0.359
593000,0.626,0.018,0.355
593500,0.621,0.019,0.360
594000,0.598,0.021,0.381
594500,0.601,0.018,0.381
595000,0.600,0.019,0.381
595500,0.602,0.020,0.378
596000,0.602,0.021,0.378
596500,0.596,0.023,0.381
597000,0.596,0.028,0.377
597500,0.614,0.033,0.353
598000,0.592,0.024,0.385
598500,0.583,0.025,0.393
599000,0.572,0.028,0.400
599500,0.575,0.032,0.393
600000,0.558,0.031,0.411
600500,0.552,0.031,0.417
601000,0.550,0.028,0.422
601500,0.552,0.026,0.422
602000,0.547,0.025,0.427
602500,0.556,0.022,0.422
603000,0.560,0.030,0.410
603500,0.569,0.027,0.404
604000,0.553,0.028,0.419
604500,0.544,0.030,0.426
605000,0.542,0.036,0.422
605500,0.542,0.034,0.424
606000,0.546,0.034,0.420
606500,0.532,0.026,0.441
607000,0.535,0.026,0.438
607500,0.537,0.035,0.427
608000,0.536,0.034,0.430
608500,0.534,0.034,0.432
609000,0.529,0.035,0.435
609500,0.550,0.035,0.415
610000,0.553,0.032,0.415
610500,0.548,0.030,0.421
611000,0.565,0.025,0.410
611500,0.576,0.026,0.398
612000,0.590,0.021,0.389
612500,0.603,0.019,0.378
613000,0.601,0.015,0.385
613500,0.609,0.015,0.376
614000,0.598,0.019,0.383
614500,0.587,0.025,0.389
615000,0.589,0.018,0.393
615500,0.596,0.025,0.379
616000,0.582,0.029,0.390
616500,0.594,0.026,0.380
617000,0.606,0.017,0.377
617500,0.601,0.022,0.377
618000,0.613,0.023,0.364
618500,0.608,0.021,0.370
619000,0.609,0.020,0.371
619500,0.615,0.016,0.369
620000,0.615,0.017,0.369
620500,0.611,0.018,0.371
621000,0.605,0.018,0.378
621500,0.613,0.017,0.370
622000,0.615,0.021,0.363
622500,0.608,0.015,0.377
623000,0.592,0.018,0.391
623500,0.586,0.011,0.404
624000,0.599,0.010,0.391
624500,0.590,0.011,0.400
625000,0.618,0.013,0.369
625500,0.625,0.014,0.361
626000,0.629,0.009,0.361
626500,0.621,0.015,0.364
627000,0.643,0.013,0.344
627500,0.637,0.018,0.345
628000,0.646,0.017,0.337
628500,0.652,0.009,0.339
629000,0.650,0.009,0.341
629500,0.651,0.010,0.339
630000,0.647,0.013,0.340
630500,0.634,0.011,0.354
631000,0.647,0.011,0.342
631500,0.655,0.011,0.334
632000,0.647,0.011,0.341
632500,0.653,0.009,0.337
633000,0.669,0.007,0.324
633500,0.674,0.004,0.321
634000,0.682,0.006,0.311
634500,0.658,0.009,0.333
635000,0.664,0.006,0.329
635500,0.644,0.013,0.343
636000,0.642,0.013,0.344
636500,0.657,0.010,0.333
637000,0.647,0.009,0.343
637500,0.650,0.012,0.338
638000,0.649,0.016,0.335
638500,0.642,0.018,0.340
639000,0.648,0.017,0.335
639500,0.651,0.018,0.330
640000,0.648,0.011,0.340
640500,0.655,0.017,0.328
641000,0.663,0.017,0.320
641500,0.663,0.013,0.324
642000,0.646,0.008,0.346
642500,0.651,0.004,0.345
643000,0.648,0.005,0.347
643500,0.651,0.004,0.345
644000,0.660,0.008,0.332
644500,0.661,0.005,0.333
645000,0.659,0.006,0.334
645500,0.655,0.006,0.338
646000,0.660,0.005,0.334
646500,0.678,0.005,0.317
647000,0.680,0.005,0.314
647500,0.683,0.005,0.311
648000,0.695,0.005,0.300
648500,0.695,0.004,0.301
649000,0.699,0.002,0.299
649500,0.703,0.003,0.294
650000,0.712,0.009,0.279
650500,0.701,0.009,0.290
651000,0.699,0.007,0.294
651500,0.691,0.007,0.302
652000,0.685,0.006,0.308
652500,0.693,0.006,0.301
653000,0.694,0.007,0.299
653500,0.669,0.013,0.318
654000,0.674,0.013,0.312
654500,0.665,0.011,0.323
655000,0.661,0.009,0.329
655500,0.653,0.007,0.339
656000,0.647,0.007,0.346
656500,0.645,0.009,0.346
657000,0.652,0.008,0.340
657500,0.654,0.009,0.337
658000,0.653,0.015,0.331
658500,0.644,0.017,0.339
659000,0.625,0.017,0.358
659500,0.628,0.015,0.356
660000,0.627,0.018,0.355
660500,0.616,0.015,0.369
661000,0.620,0.015,0.364
661500,0.633,0.021,0.346
662000,0.646,0.016,0.338
662500,0.648,0.018,0.334
663000,0.651,0.013,0.336
663500,0.650,0.011,0.339
664000,0.654,0.009,0.337
664500,0.651,0.010,0.339
665000,0.642,0.008,0.350
665500,0.631,0.011,0.357
666000,0.620,0.017,0.363
666500,0.617,0.021,0.362
667000,0.611,0.019,0.370
667500,0.612,0.018,0.370
668000,0.608,0.018,0.375
668500,0.619,0.016,0.365
669000,0.627,0.017,0.356
669500,0.627,0.018,0.354
670000,0.636,0.013,0.350
670500,0.642,0.014,0.344
671000,0.629,0.017,0.354
671500,0.623,0.015,0.363
672000,0.608,0.017,0.375
672500,0.603,0.019,0.378
673000,0.589,0.020,0.391
673500,0.598,0.019,0.383
674000,0.605,0.021,0.375
674500,0.603,0.017,0.380
675000,0.599,0.018,0.384
675500,0.602,0.021,0.377
676000,0.608,0.021,0.371
676500,0.595,0.019,0.386
677000,0.599,0.018,0.383
677500,0.595,0.019,0.386
678000,0.605,0.013,0.382
678500,0.618,0.013,0.369
679000,0.628,0.022,0.350
679500,0.633,0.024,0.343
680000,0.639,0.021,0.339
680500,0.606,0.024,0.371
681000,0.605,0.022,0.373
681500,0.592,0.019,0.389
682000,0.573,0.024,0.403
682500,0.595,0.027,0.378
683000,0.596,0.018,0.387
683500,0.579,0.018,0.404
684000,0.590,0.019,0.391
684500,0.577,0.021,0.402
685000,0.586,0.026,0.388
685500,0.591,0.023,0.386
686000,0.576,0.025,0.399
686500,0.596,0.028,0.377
687000,0.598,0.030,0.372
687500,0.610,0.025,0.365
688000,0.605,0.021,0.374
688500,0.621,0.018,0.361
689000,0.610,0.015,0.375
689500,0.636,0.015,0.349
690000,0.639,0.012,0.349
690500,0.650,0.015,0.334
691000,0.636,0.015,0.349
691500,0.636,0.010,0.354
692000,0.627,0.009,0.364
692500,0.621,0.011,0.369
693000,0.625,0.018,0.356
693500,0.635,0.016,0.349
694000,0.642,0.014,0.344
694500,0.647,0.012,0.341
695000,0.640,0.012,0.348
695500,0.633,0.011,0.355
696000,0.624,0.011,0.365
696500,0.621,0.017,0.362
697000,0.618,0.019,0.363
697500,0.634,0.018,0.348
698000,0.617,0.021,0.361
698500,0.626,0.022,0.352
699000,0.627,0.021,0.352
699500,0.628,0.015,0.356
700000,0.629,0.017,0.354
700500,0.629,0.014,0.357
701000,0.630,0.015,0.354
701500,0.650,0.010,0.340
702000,0.643,0.013,0.344
702500,0.644,0.012,0.344
703000,0.638,0.009,0.353
703500,0.643,0.009,0.347
704000,0.652,0.011,0.337
704500,0.655,0.011,0.333
705000,0.652,0.011,0.337
705500,0.658,0.009,0.332
706000,0.673,0.009,0.318
706500,0.681,0.010,0.308
707000,0.677,0.011,0.311
707500,0.656,0.015,0.329
708000,0.652,0.015,0.333
708500,0.646,0.017,0.337
709000,0.655,0.012,0.333
709500,0.658,0.013,0.329
710000,0.648,0.015,0.337
710500,0.639,0.016,0.345
711000,0.641,0.011,0.347
711500,0.651,0.013,0.336
712000,0.637,0.015,0.348
712500,0.649,0.015,0.336
713000,0.644,0.015,0.340
713500,0.637,0.018,0.345
714000,0.635,0.012,0.353
714500,0.633,0.013,0.354
715000,0.628,0.011,0.361
715500,0.643,0.015,0.342
716000,0.641,0.018,0.340
716500,0.626,0.025,0.349
717000,0.627,0.024,0.349
717500,0.627,0.018,0.355
718000,0.625,0.015,0.360
718500,0.628,0.018,0.354
719000,0.627,0.016,0.357
719500,0.592,0.022,0.386
720000,0.596,0.017,0.387
720500,0.601,0.021,0.378
721000,0.602,0.019,0.379
721500,0.591,0.015,0.394
722000,0.597,0.021,0.383
722500,0.598,0.019,0.383
723000,0.601,0.024,0.375
723500,0.588,0.026,0.386
724000,0.560,0.029,0.410
724500,0.562,0.028,0.409
725000,0.556,0.025,0.418
725500,0.566,0.030,0.404
726000,0.569,0.019,0.412
726500,0.587,0.015,0.399
727000,0.584,0.017,0.399
727500,0.572,0.025,0.404
728000,0.566,0.023,0.411
728500,0.565,0.029,0.406
729000,0.575,0.025,0.400
729500,0.562,0.029,0.408
730000,0.564,0.030,0.406
730500,0.578,0.025,0.397
731000,0.575,0.021,0.404
731500,0.579,0.020,0.401
732000,0.587,0.025,0.388
732500,0.605,0.021,0.374
733000,0.598,0.021,0.382
733500,0.590,0.021,0.389
734000,0.583,0.019,0.398
734500,0.576,0.022,0.402
735000,0.579,0.018,0.403
735500,0.583,0.018,0.399
736000,0.569,0.018,0.413
736500,0.579,0.026,0.395
737000,0.574,0.027,0.399
737500,0.571,0.025,0.405
738000,0.579,0.026,0.395
738500,0.585,0.021,0.394
739000,0.573,0.018,0.409
739500,0.562,0.018,0.420
740000,0.567,0.019,0.414
740500,0.576,0.022,0.402
741000,0.575,0.025,0.400
741500,0.583,0.022,0.395
742000,0.590,0.017,0.393
742500,0.577,0.017,0.406
743000,0.588,0.018,0.394
743500,0.583,0.018,0.399
744000,0.570,0.020,0.410
744500,0.594,0.019,0.387
745000,0.610,0.019,0.371
745500,0.615,0.018,0.367
746000,0.618,0.017,0.365
746500,0.615,0.017,0.369
747000,0.618,0.018,0.365
747500,0.613,0.017,0.371
748000,0.609,0.018,0.374
748500,0.622,0.013,0.365
749000,0.627,0.022,0.351
749500,0.622,0.019,0.359
750000,0.606,0.018,0.376
750500,0.632,0.015,0.353
751000,0.630,0.015,0.355
751500,0.633,0.013,0.354
752000,0.618,0.009,0.373
752500,0.629,0.010,0.361
753000,0.642,0.013,0.345
753500,0.642,0.019,0.338
754000,0.638,0.016,0.346
754500,0.622,0.017,0.361
755000,0.623,0.018,0.359
755500,0.625,0.015,0.361
756000,0.613,0.017,0.370
756500,0.620,0.018,0.361
757000,0.622,0.018,0.359
757500,0.639,0.018,0.342
758000,0.644,0.015,0.341
758500,0.624,0.016,0.360
759000,0.637,0.018,0.345
759500,0.631,0.015,0.353
760000,0.618,0.012,0.370
760500,0.622,0.011,0.368
761000,0.629,0.010,0.361
761500,0.629,0.009,0.361
762000,0.614,0.017,0.369
762500,0.618,0.018,0.364
763000,0.621,0.019,0.360
763500,0.614,0.018,0.369
764000,0.626,0.015,0.359
764500,0.618,0.009,0.374
765000,0.637,0.010,0.353
765500,0.626,0.012,0.362
766000,0.616,0.012,0.372
766500,0.610,0.020,0.370
767000,0.617,0.015,0.369
767500,0.623,0.011,0.365
768000,0.624,0.009,0.367
768500,0.627,0.007,0.366
769000,0.645,0.009,0.346
769500,0.638,0.011,0.350
770000,0.638,0.009,0.353
770500,0.641,0.018,0.341
771000,0.628,0.015,0.356
771500,0.637,0.018,0.345
772000,0.630,0.013,0.357
772500,0.629,0.018,0.353
773000,0.618,0.021,0.362
773500,0.613,0.021,0.365
774000,0.624,0.021,0.355
774500,0.625,0.017,0.358
775000,0.643,0.015,0.341
775500,0.632,0.010,0.358
776000,0.638,0.010,0.352
776500,0.639,0.011,0.350
777000,0.656,0.010,0.334
777500,0.640,0.009,0.350
778000,0.641,0.009,0.350
778500,0.637,0.014,0.349
779000,0.627,0.018,0.355
779500,0.626,0.018,0.356
780000,0.628,0.020,0.352
780500,0.620,0.017,0.363
781000,0.617,0.015,0.369
781500,0.612,0.016,0.372
782000,0.616,0.011,0.373
782500,0.605,0.018,0.377
783000,0.610,0.016,0.374
783500,0.614,0.015,0.371
784000,0.609,0.018,0.372
784500,0.608,0.013,0.380
785000,0.615,0.013,0.372
785500,0.599,0.016,0.385
786000,0.610,0.014,0.376
786500,0.627,0.011,0.362
787000,0.646,0.007,0.346
787500,0.640,0.007,0.353
788000,0.640,0.005,0.354
788500,0.640,0.007,0.352
789000,0.647,0.010,0.343
789500,0.650,0.007,0.342
790000,0.653,0.009,0.338
790500,0.660,0.006,0.333
791000,0.663,0.009,0.328
791500,0.675,0.007,0.318
792000,0.676,0.008,0.316
792500,0.673,0.009,0.318
793000,0.669,0.006,0.325
793500,0.664,0.008,0.328
794000,0.649,0.007,0.343
794500,0.642,0.007,0.351
795000,0.631,0.009,0.359
795500,0.633,0.009,0.358
796000,0.645,0.010,0.345
796500,0.638,0.011,0.350
797000,0.629,0.012,0.359
797500,0.646,0.013,0.341
798000,0.645,0.013,0.341
798500,0.651,0.019,0.330
799000,0.644,0.021,0.335
799500,0.637,0.013,0.350
800000,0.642,0.009,0.349
800500,0.650,0.009,0.341
801000,0.639,0.004,0.357
801500,0.649,0.006,0.345
802000,0.663,0.006,0.330
802500,0.671,0.008,0.321
803000,0.659,0.009,0.332
803500,0.671,0.008,0.321
