time,n_A+p,n_B,n_AB
0,0.450,0.550,0.000
500,0.266,0.391,0.343
1000,0.251,0.410,0.339
1500,0.239,0.413,0.349
2000,0.220,0.425,0.355
2500,0.208,0.428,0.364
3000,0.190,0.431,0.379
3500,0.223,0.480,0.297
4000,0.208,0.477,0.315
4500,0.223,0.443,0.333
5000,0.257,0.431,0.312
5500,0.232,0.486,0.281
6000,0.193,0.410,0.398
6500,0.190,0.514,0.297
7000,0.199,0.474,0.327
7500,0.193,0.450,0.358
8000,0.171,0.508,0.321
8500,0.162,0.492,0.346
9000,0.208,0.410,0.382
9500,0.190,0.367,0.443
10000,0.205,0.373,0.422
10500,0.144,0.437,0.419
11000,0.208,0.407,0.385
11500,0.226,0.339,0.434
12000,0.254,0.358,0.388
12500,0.248,0.413,0.339
13000,0.208,0.456,0.336
13500,0.269,0.376,0.355
14000,0.245,0.413,0.343
14500,0.223,0.370,0.407
15000,0.251,0.394,0.355
15500,0.321,0.297,0.382
16000,0.355,0.251,0.394
16500,0.346,0.242,0.413
17000,0.367,0.245,0.388
17500,0.379,0.272,0.349
18000,0.343,0.284,0.373
18500,0.226,0.355,0.419
19000,0.239,0.379,0.382
19500,0.193,0.471,0.336
20000,0.199,0.480,0.321
20500,0.211,0.404,0.385
21000,0.177,0.367,0.456
21500,0.245,0.318,0.437
22000,0.260,0.370,0.370
22500,0.174,0.511,0.315
23000,0.159,0.554,0.287
23500,0.156,0.621,0.223
24000,0.110,0.593,0.297
24500,0.104,0.602,0.294
25000,0.086,0.563,0.352
25500,0.113,0.560,0.327
26000,0.125,0.593,0.281
26500,0.080,0.630,0.291
27000,0.076,0.664,0.260
27500,0.101,0.657,0.242
28000,0.119,0.569,0.312
28500,0.165,0.563,0.272
29000,0.095,0.627,0.278
29500,0.101,0.599,0.300
30000,0.128,0.602,0.269
30500,0.104,0.587,0.309
31000,0.073,0.624,0.303
31500,0.070,0.657,0.272
32000,0.092,0.596,0.312
32500,0.092,0.599,0.309
33000,0.147,0.602,0.251
33500,0.125,0.566,0.309
34000,0.150,0.547,0.303
34500,0.153,0.523,0.324
35000,0.174,0.514,0.312
35500,0.165,0.483,0.352
36000,0.147,0.511,0.343
36500,0.147,0.492,0.361
37000,0.156,0.508,0.336
37500,0.168,0.523,0.309
38000,0.183,0.443,0.373
38500,0.245,0.410,0.346
39000,0.272,0.352,0.376
39500,0.260,0.401,0.339
40000,0.327,0.300,0.373
40500,0.315,0.284,0.401
41000,0.379,0.269,0.352
41500,0.358,0.281,0.361
42000,0.300,0.287,0.413
42500,0.349,0.272,0.379
43000,0.355,0.297,0.349
43500,0.358,0.272,0.370
44000,0.382,0.257,0.361
44500,0.373,0.251,0.376
45000,0.349,0.272,0.379
45500,0.339,0.324,0.336
46000,0.297,0.346,0.358
46500,0.281,0.309,0.410
47000,0.239,0.349,0.413
47500,0.318,0.330,0.352
48000,0.235,0.321,0.443
48500,0.211,0.349,0.440
49000,0.220,0.336,0.443
49500,0.382,0.239,0.379
50000,0.336,0.205,0.459
50500,0.321,0.275,0.404
51000,0.370,0.229,0.401
51500,0.388,0.177,0.434
52000,0.404,0.214,0.382
52500,0.413,0.205,0.382
53000,0.422,0.223,0.355
53500,0.385,0.272,0.343
54000,0.309,0.358,0.333
54500,0.220,0.446,0.333
55000,0.208,0.453,0.339
55500,0.217,0.437,0.346
56000,0.242,0.450,0.309
56500,0.229,0.474,0.297
57000,0.269,0.434,0.297
57500,0.226,0.489,0.284
58000,0.162,0.514,0.324
58500,0.119,0.575,0.306
59000,0.076,0.633,0.291
59500,0.092,0.596,0.312
60000,0.107,0.575,0.318
60500,0.135,0.569,0.297
61000,0.128,0.590,0.281
61500,0.153,0.523,0.324
62000,0.190,0.541,0.269
62500,0.159,0.532,0.309
63000,0.131,0.557,0.312
63500,0.104,0.648,0.248
64000,0.076,0.642,0.281
64500,0.116,0.633,0.251
65000,0.116,0.572,0.312
65500,0.110,0.581,0.309
66000,0.073,0.676,0.251
66500,0.049,0.713,0.239
67000,0.073,0.642,0.284
67500,0.067,0.722,0.211
68000,0.037,0.719,0.245
68500,0.058,0.725,0.217
69000,0.058,0.743,0.199
69500,0.080,0.694,0.226
70000,0.067,0.728,0.205
70500,0.055,0.755,0.190
71000,0.049,0.783,0.168
71500,0.021,0.761,0.217
72000,0.021,0.832,0.147
72500,0.049,0.813,0.138
73000,0.015,0.795,0.190
73500,0.021,0.823,0.156
74000,0.009,0.850,0.141
74500,0.015,0.829,0.156
75000,0.028,0.780,0.193
75500,0.015,0.789,0.196
76000,0.021,0.817,0.162
76500,0.009,0.804,0.187
77000,0.012,0.804,0.183
77500,0.021,0.795,0.183
78000,0.012,0.817,0.171
78500,0.031,0.841,0.128
79000,0.009,0.865,0.125
79500,0.006,0.917,0.076
80000,0.012,0.942,0.046
80500,0.012,0.875,0.113
81000,0.024,0.850,0.125
81500,0.040,0.850,0.110
82000,0.015,0.853,0.131
82500,0.018,0.835,0.147
83000,0.018,0.850,0.131
83500,0.024,0.804,0.171
84000,0.037,0.804,0.159
84500,0.031,0.813,0.156
85000,0.055,0.783,0.162
85500,0.049,0.765,0.187
86000,0.083,0.743,0.174
86500,0.064,0.758,0.177
87000,0.080,0.722,0.199
87500,0.076,0.694,0.229
88000,0.046,0.740,0.214
88500,0.061,0.722,0.217
89000,0.092,0.765,0.144
89500,0.049,0.820,0.131
90000,0.061,0.700,0.239
90500,0.086,0.697,0.217
91000,0.083,0.657,0.260
91500,0.095,0.667,0.239
92000,0.092,0.682,0.226
92500,0.070,0.740,0.190
93000,0.098,0.682,0.220
93500,0.064,0.651,0.284
94000,0.125,0.664,0.211
94500,0.098,0.593,0.309
95000,0.153,0.578,0.269
95500,0.141,0.560,0.300
96000,0.119,0.535,0.346
96500,0.128,0.560,0.312
97000,0.138,0.618,0.245
97500,0.122,0.596,0.281
98000,0.135,0.557,0.309
98500,0.159,0.550,0.291
99000,0.107,0.566,0.327
99500,0.122,0.593,0.284
100000,0.119,0.560,0.321
100500,0.116,0.584,0.300
101000,0.116,0.624,0.260
101500,0.128,0.630,0.242
102000,0.101,0.624,0.275
102500,0.095,0.596,0.309
103000,0.080,0.645,0.275
103500,0.067,0.682,0.251
104000,0.052,0.670,0.278
104500,0.086,0.624,0.291
105000,0.095,0.633,0.272
105500,0.086,0.636,0.278
106000,0.046,0.703,0.251
106500,0.073,0.661,0.266
107000,0.089,0.670,0.242
107500,0.110,0.633,0.257
108000,0.110,0.606,0.284
108500,0.116,0.587,0.297
109000,0.101,0.554,0.346
109500,0.107,0.523,0.370
110000,0.076,0.606,0.318
110500,0.052,0.661,0.287
111000,0.076,0.606,0.318
111500,0.055,0.648,0.297
112000,0.049,0.774,0.177
112500,0.043,0.740,0.217
113000,0.015,0.780,0.205
113500,0.012,0.804,0.183
114000,0.021,0.792,0.187
114500,0.012,0.795,0.193
115000,0.015,0.838,0.147
115500,0.021,0.856,0.122
116000,0.021,0.899,0.080
116500,0.015,0.911,0.073
117000,0.018,0.875,0.107
117500,0.034,0.881,0.086
118000,0.006,0.908,0.086
118500,0.015,0.896,0.089
119000,0.006,0.902,0.092
119500,0.015,0.902,0.083
120000,0.003,0.942,0.055
120500,0.003,0.966,0.031
121000,0.006,0.972,0.021
121500,0.003,0.979,0.018
122000,0.015,0.951,0.034
122500,0.012,0.911,0.076
123000,0.021,0.890,0.089
123500,0.003,0.890,0.107
124000,0.003,0.899,0.098
124500,0.003,0.899,0.098
125000,0.006,0.887,0.107
125500,0.024,0.856,0.119
126000,0.009,0.920,0.070
126500,0.006,0.933,0.061
127000,0.024,0.902,0.073
127500,0.000,0.896,0.104
128000,0.000,0.954,0.046
128500,0.000,0.957,0.043
129000,0.003,0.951,0.046
129500,0.000,0.976,0.024
130000,0.000,0.985,0.015
130500,0.000,0.963,0.037
131000,0.000,0.966,0.034
131500,0.000,0.966,0.034
132000,0.000,0.991,0.009
132500,0.000,0.997,0.003
133000,0.000,0.997,0.003
133500,0.000,0.997,0.003
134000,0.000,1.000,0.000
