time,n_A+p,n_B,n_AB
500,0.050,0.372,0.578
1000,0.051,0.222,0.727
1500,0.163,0.043,0.794
2000,0.546,0.000,0.454
2500,0.491,0.000,0.509
3000,0.524,0.000,0.476
3500,0.655,0.000,0.345
4000,0.546,0.000,0.454
4500,0.613,0.000,0.387
5000,0.613,0.000,0.387
5500,0.548,0.000,0.452
6000,0.680,0.000,0.320
6500,0.653,0.000,0.347
7000,0.550,0.000,0.450
7500,0.674,0.000,0.326
8000,0.657,0.000,0.343
8500,0.758,0.000,0.242
9000,0.840,0.000,0.160
9500,0.724,0.000,0.276
10000,0.672,0.000,0.328
10500,0.662,0.000,0.338
11000,0.701,0.000,0.299
11500,0.624,0.000,0.376
12000,0.611,0.000,0.389
12500,0.527,0.000,0.473
13000,0.612,0.000,0.388
13500,0.614,0.000,0.386
14000,0.612,0.000,0.388
14500,0.609,0.000,0.391
15000,0.591,0.000,0.409
15500,0.627,0.000,0.373
16000,0.832,0.000,0.168
16500,0.893,0.000,0.107
17000,0.804,0.000,0.196
17500,0.968,0.000,0.032
18000,0.627,0.000,0.373
18500,0.614,0.000,0.386
19000,0.790,0.000,0.210
19500,0.845,0.000,0.155
20000,0.628,0.000,0.372
20500,0.899,0.000,0.101
21000,0.820,0.000,0.180
21500,0.831,0.000,0.169
22000,0.696,0.000,0.304
22500,0.939,0.000,0.061
23000,0.904,0.000,0.096
23500,0.838,0.000,0.162
24000,0.837,0.000,0.163
24500,0.763,0.000,0.237
25000,0.950,0.000,0.050
25500,0.960,0.000,0.040
26000,0.993,0.000,0.007
26500,0.999,0.000,0.001
27000,1.000,0.000,0.000
