time,n_A+p,n_B,n_AB
500,0.050,0.723,0.227
1000,0.050,0.606,0.344
1500,0.050,0.510,0.440
2000,0.050,0.583,0.367
2500,0.050,0.549,0.401
3000,0.050,0.414,0.536
3500,0.050,0.532,0.418
4000,0.050,0.511,0.439
4500,0.050,0.550,0.400
5000,0.050,0.555,0.395
5500,0.050,0.478,0.472
6000,0.050,0.369,0.581
6500,0.050,0.486,0.464
7000,0.050,0.511,0.439
7500,0.050,0.419,0.531
8000,0.050,0.445,0.505
8500,0.050,0.504,0.446
9000,0.050,0.462,0.488
9500,0.050,0.361,0.589
10000,0.050,0.479,0.471
10500,0.051,0.434,0.515
11000,0.050,0.456,0.494
11500,0.050,0.548,0.402
12000,0.050,0.660,0.290
12500,0.050,0.394,0.556
13000,0.050,0.434,0.516
13500,0.050,0.396,0.554
14000,0.050,0.501,0.449
14500,0.050,0.448,0.502
15000,0.050,0.525,0.425
15500,0.050,0.543,0.407
16000,0.050,0.451,0.499
16500,0.050,0.431,0.519
17000,0.050,0.544,0.406
17500,0.050,0.500,0.450
18000,0.050,0.522,0.428
18500,0.050,0.563,0.387
19000,0.050,0.487,0.463
19500,0.050,0.480,0.470
20000,0.050,0.510,0.440
20500,0.050,0.489,0.461
21000,0.050,0.467,0.483
21500,0.050,0.525,0.425
22000,0.050,0.406,0.544
22500,0.050,0.469,0.481
23000,0.050,0.462,0.488
23500,0.050,0.444,0.506
24000,0.050,0.393,0.557
24500,0.050,0.498,0.452
25000,0.050,0.519,0.431
25500,0.050,0.444,0.506
26000,0.050,0.565,0.385
26500,0.050,0.539,0.411
27000,0.050,0.549,0.401
27500,0.050,0.444,0.506
28000,0.050,0.456,0.494
28500,0.050,0.490,0.460
29000,0.050,0.547,0.403
29500,0.050,0.396,0.554
30000,0.050,0.524,0.426
30500,0.050,0.457,0.493
31000,0.050,0.458,0.492
31500,0.050,0.482,0.468
32000,0.050,0.423,0.527
32500,0.050,0.478,0.472
33000,0.050,0.467,0.483
33500,0.050,0.534,0.416
34000,0.050,0.522,0.428
34500,0.050,0.393,0.557
35000,0.050,0.486,0.464
35500,0.050,0.482,0.468
36000,0.050,0.491,0.459
36500,0.050,0.523,0.427
37000,0.050,0.652,0.298
37500,0.050,0.559,0.391
38000,0.050,0.505,0.445
38500,0.050,0.533,0.417
39000,0.050,0.418,0.532
39500,0.054,0.410,0.536
40000,0.050,0.391,0.559
40500,0.050,0.521,0.429
41000,0.050,0.487,0.463
41500,0.050,0.485,0.465
42000,0.050,0.452,0.498
42500,0.050,0.539,0.411
43000,0.050,0.632,0.318
43500,0.050,0.523,0.427
44000,0.050,0.468,0.482
44500,0.050,0.488,0.462
45000,0.050,0.422,0.528
45500,0.050,0.447,0.503
46000,0.050,0.454,0.496
46500,0.050,0.452,0.498
47000,0.050,0.423,0.527
47500,0.051,0.512,0.437
48000,0.050,0.407,0.543
48500,0.050,0.490,0.460
49000,0.050,0.489,0.461
49500,0.060,0.507,0.433
50000,0.050,0.513,0.437
50500,0.050,0.509,0.441
51000,0.050,0.491,0.459
51500,0.050,0.540,0.410
52000,0.050,0.458,0.492
52500,0.050,0.552,0.398
53000,0.050,0.430,0.520
53500,0.050,0.534,0.416
54000,0.050,0.546,0.404
54500,0.050,0.479,0.471
55000,0.050,0.524,0.426
55500,0.056,0.511,0.433
56000,0.050,0.535,0.415
56500,0.050,0.550,0.400
57000,0.050,0.406,0.544
57500,0.050,0.387,0.563
58000,0.060,0.388,0.552
58500,0.050,0.494,0.456
59000,0.050,0.487,0.463
59500,0.050,0.559,0.391
60000,0.050,0.578,0.372
60500,0.050,0.430,0.520
61000,0.050,0.470,0.480
61500,0.050,0.417,0.533
62000,0.050,0.380,0.570
62500,0.050,0.563,0.387
63000,0.050,0.475,0.475
63500,0.050,0.471,0.479
64000,0.050,0.560,0.390
64500,0.050,0.432,0.518
65000,0.050,0.382,0.568
65500,0.050,0.449,0.501
66000,0.050,0.510,0.440
66500,0.050,0.479,0.471
67000,0.050,0.447,0.503
67500,0.050,0.515,0.435
68000,0.050,0.572,0.378
68500,0.050,0.523,0.427
69000,0.050,0.526,0.424
69500,0.050,0.386,0.564
70000,0.050,0.503,0.447
70500,0.050,0.648,0.302
71000,0.050,0.499,0.451
71500,0.050,0.555,0.395
72000,0.050,0.478,0.472
72500,0.050,0.473,0.477
73000,0.050,0.491,0.459
73500,0.050,0.495,0.455
74000,0.050,0.472,0.478
74500,0.050,0.511,0.439
75000,0.050,0.463,0.487
75500,0.050,0.472,0.478
76000,0.050,0.503,0.447
76500,0.050,0.534,0.416
77000,0.050,0.513,0.437
77500,0.050,0.591,0.359
78000,0.050,0.593,0.357
78500,0.050,0.568,0.382
79000,0.050,0.493,0.457
79500,0.050,0.508,0.442
80000,0.050,0.599,0.351
80500,0.050,0.622,0.328
81000,0.059,0.452,0.489
81500,0.050,0.440,0.510
82000,0.051,0.466,0.483
82500,0.050,0.430,0.520
83000,0.050,0.430,0.520
83500,0.050,0.540,0.410
84000,0.050,0.522,0.428
84500,0.050,0.513,0.437
85000,0.050,0.401,0.549
85500,0.050,0.562,0.388
86000,0.050,0.481,0.469
86500,0.050,0.471,0.479
87000,0.050,0.458,0.492
87500,0.050,0.597,0.353
88000,0.050,0.581,0.369
88500,0.050,0.446,0.504
89000,0.050,0.459,0.491
89500,0.050,0.461,0.489
90000,0.050,0.462,0.488
90500,0.050,0.389,0.561
91000,0.050,0.545,0.405
91500,0.050,0.581,0.369
92000,0.050,0.550,0.400
92500,0.050,0.495,0.455
93000,0.050,0.529,0.421
93500,0.050,0.567,0.383
94000,0.050,0.581,0.369
94500,0.050,0.502,0.448
95000,0.050,0.544,0.406
95500,0.050,0.464,0.486
96000,0.051,0.384,0.565
96500,0.050,0.485,0.465
97000,0.050,0.466,0.484
97500,0.050,0.553,0.397
98000,0.050,0.441,0.509
98500,0.052,0.417,0.531
99000,0.050,0.381,0.569
99500,0.050,0.467,0.483
100000,0.050,0.590,0.360
100500,0.050,0.549,0.401
101000,0.050,0.517,0.433
101500,0.050,0.392,0.558
102000,0.050,0.581,0.369
102500,0.050,0.504,0.446
103000,0.050,0.528,0.422
103500,0.053,0.519,0.428
104000,0.050,0.550,0.400
104500,0.050,0.563,0.387
105000,0.050,0.546,0.404
105500,0.050,0.498,0.452
106000,0.050,0.536,0.414
106500,0.050,0.436,0.514
107000,0.050,0.458,0.492
107500,0.050,0.483,0.467
108000,0.051,0.493,0.456
108500,0.050,0.483,0.467
109000,0.050,0.421,0.529
109500,0.050,0.493,0.457
110000,0.050,0.549,0.401
110500,0.050,0.447,0.503
111000,0.050,0.466,0.484
111500,0.050,0.489,0.461
112000,0.050,0.454,0.496
112500,0.052,0.434,0.514
113000,0.050,0.564,0.386
113500,0.050,0.485,0.465
114000,0.050,0.392,0.558
114500,0.050,0.524,0.426
115000,0.050,0.559,0.391
115500,0.050,0.525,0.425
116000,0.050,0.552,0.398
116500,0.051,0.485,0.464
117000,0.050,0.567,0.383
117500,0.050,0.532,0.418
118000,0.050,0.511,0.439
118500,0.050,0.437,0.513
119000,0.056,0.377,0.567
119500,0.050,0.501,0.449
120000,0.050,0.426,0.524
120500,0.050,0.342,0.608
121000,0.050,0.459,0.491
121500,0.050,0.496,0.454
122000,0.050,0.510,0.440
122500,0.050,0.589,0.361
123000,0.050,0.481,0.469
123500,0.050,0.654,0.296
124000,0.050,0.522,0.428
124500,0.050,0.583,0.367
125000,0.050,0.463,0.487
125500,0.050,0.555,0.395
126000,0.050,0.484,0.466
126500,0.050,0.498,0.452
127000,0.050,0.403,0.547
127500,0.050,0.543,0.407
128000,0.050,0.531,0.419
128500,0.050,0.600,0.350
129000,0.050,0.543,0.407
129500,0.050,0.413,0.537
130000,0.050,0.382,0.568
130500,0.050,0.459,0.491
131000,0.050,0.471,0.479
131500,0.050,0.618,0.332
132000,0.050,0.518,0.432
132500,0.050,0.476,0.474
133000,0.050,0.467,0.483
133500,0.050,0.509,0.441
134000,0.050,0.531,0.419
134500,0.050,0.506,0.444
135000,0.050,0.438,0.512
135500,0.050,0.488,0.462
136000,0.050,0.380,0.570
136500,0.050,0.394,0.556
137000,0.050,0.470,0.480
137500,0.050,0.464,0.486
138000,0.050,0.538,0.412
138500,0.050,0.526,0.424
139000,0.050,0.482,0.468
139500,0.050,0.536,0.414
140000,0.050,0.628,0.322
140500,0.050,0.562,0.388
141000,0.050,0.482,0.468
141500,0.050,0.414,0.536
142000,0.050,0.508,0.442
142500,0.050,0.414,0.536
143000,0.050,0.512,0.438
143500,0.050,0.489,0.461
144000,0.050,0.568,0.382
144500,0.050,0.476,0.474
145000,0.050,0.499,0.451
145500,0.050,0.551,0.399
146000,0.050,0.558,0.392
146500,0.050,0.566,0.384
147000,0.050,0.494,0.456
147500,0.050,0.493,0.457
148000,0.050,0.583,0.367
148500,0.050,0.498,0.452
149000,0.050,0.525,0.425
149500,0.050,0.437,0.513
150000,0.050,0.567,0.383
150500,0.050,0.463,0.487
151000,0.050,0.494,0.456
151500,0.050,0.452,0.498
152000,0.050,0.452,0.498
152500,0.050,0.395,0.555
153000,0.050,0.480,0.470
153500,0.050,0.492,0.458
154000,0.057,0.526,0.417
154500,0.050,0.432,0.518
155000,0.050,0.487,0.463
155500,0.050,0.512,0.438
156000,0.050,0.539,0.411
156500,0.050,0.461,0.489
157000,0.050,0.415,0.535
157500,0.050,0.382,0.568
158000,0.050,0.532,0.418
158500,0.050,0.456,0.494
159000,0.050,0.432,0.518
159500,0.051,0.437,0.512
160000,0.050,0.367,0.583
160500,0.060,0.361,0.579
161000,0.055,0.334,0.611
161500,0.052,0.369,0.579
162000,0.050,0.465,0.485
162500,0.050,0.486,0.464
163000,0.050,0.527,0.423
163500,0.050,0.455,0.495
164000,0.050,0.542,0.408
164500,0.050,0.428,0.522
165000,0.050,0.475,0.475
165500,0.050,0.585,0.365
166000,0.050,0.500,0.450
166500,0.050,0.385,0.565
167000,0.050,0.359,0.591
167500,0.051,0.517,0.432
168000,0.050,0.482,0.468
168500,0.050,0.620,0.330
169000,0.050,0.489,0.461
169500,0.050,0.499,0.451
170000,0.050,0.440,0.510
170500,0.050,0.518,0.432
171000,0.050,0.470,0.480
171500,0.050,0.427,0.523
172000,0.053,0.442,0.505
172500,0.050,0.492,0.458
173000,0.050,0.454,0.496
173500,0.050,0.474,0.476
174000,0.050,0.486,0.464
174500,0.050,0.622,0.328
175000,0.050,0.551,0.399
175500,0.050,0.436,0.514
176000,0.050,0.424,0.526
176500,0.050,0.390,0.560
177000,0.050,0.500,0.450
177500,0.050,0.467,0.483
178000,0.050,0.472,0.478
178500,0.050,0.505,0.445
179000,0.050,0.558,0.392
179500,0.050,0.448,0.502
180000,0.050,0.362,0.588
180500,0.050,0.464,0.486
181000,0.050,0.544,0.406
181500,0.050,0.520,0.430
182000,0.050,0.522,0.428
182500,0.050,0.543,0.407
183000,0.050,0.450,0.500
183500,0.050,0.516,0.434
184000,0.050,0.509,0.441
184500,0.050,0.429,0.521
185000,0.050,0.483,0.467
185500,0.050,0.484,0.466
186000,0.050,0.518,0.432
186500,0.050,0.442,0.508
187000,0.050,0.410,0.540
187500,0.050,0.504,0.446
188000,0.050,0.488,0.462
188500,0.050,0.594,0.356
189000,0.050,0.583,0.367
189500,0.050,0.375,0.575
190000,0.050,0.420,0.530
190500,0.050,0.522,0.428
191000,0.050,0.560,0.390
191500,0.050,0.458,0.492
192000,0.050,0.468,0.482
192500,0.050,0.544,0.406
193000,0.050,0.581,0.369
193500,0.052,0.441,0.507
194000,0.050,0.525,0.425
194500,0.050,0.453,0.497
195000,0.050,0.480,0.470
195500,0.050,0.519,0.431
196000,0.050,0.508,0.442
196500,0.050,0.428,0.522
197000,0.050,0.437,0.513
197500,0.050,0.465,0.485
198000,0.050,0.489,0.461
198500,0.050,0.541,0.409
199000,0.050,0.651,0.299
199500,0.050,0.610,0.340
200000,0.050,0.530,0.420
200500,0.050,0.417,0.533
201000,0.050,0.574,0.376
201500,0.050,0.475,0.475
202000,0.050,0.487,0.463
202500,0.050,0.438,0.512
203000,0.050,0.584,0.366
203500,0.050,0.517,0.433
204000,0.050,0.402,0.548
204500,0.050,0.484,0.466
205000,0.050,0.574,0.376
205500,0.050,0.431,0.519
206000,0.050,0.435,0.515
206500,0.050,0.394,0.556
207000,0.050,0.477,0.473
207500,0.050,0.525,0.425
208000,0.050,0.401,0.549
208500,0.050,0.448,0.502
209000,0.050,0.569,0.381
209500,0.050,0.622,0.328
210000,0.050,0.628,0.322
210500,0.050,0.552,0.398
211000,0.050,0.484,0.466
211500,0.050,0.472,0.478
212000,0.050,0.542,0.408
212500,0.050,0.534,0.416
213000,0.050,0.609,0.341
213500,0.050,0.498,0.452
214000,0.050,0.492,0.458
214500,0.050,0.437,0.513
215000,0.050,0.473,0.477
215500,0.050,0.478,0.472
216000,0.050,0.460,0.490
216500,0.050,0.478,0.472
217000,0.053,0.437,0.510
217500,0.050,0.506,0.444
218000,0.050,0.494,0.456
218500,0.050,0.588,0.362
219000,0.050,0.561,0.389
219500,0.050,0.605,0.345
220000,0.050,0.455,0.495
220500,0.050,0.448,0.502
221000,0.050,0.384,0.566
221500,0.050,0.418,0.532
222000,0.050,0.532,0.418
222500,0.050,0.579,0.371
223000,0.050,0.500,0.450
223500,0.050,0.444,0.506
224000,0.056,0.330,0.614
224500,0.051,0.338,0.611
225000,0.051,0.472,0.477
225500,0.050,0.519,0.431
226000,0.050,0.367,0.583
226500,0.062,0.336,0.602
227000,0.051,0.393,0.556
227500,0.050,0.409,0.541
228000,0.050,0.504,0.446
228500,0.050,0.472,0.478
229000,0.050,0.580,0.370
229500,0.050,0.548,0.402
230000,0.050,0.454,0.496
230500,0.050,0.370,0.580
231000,0.050,0.474,0.476
231500,0.050,0.432,0.518
232000,0.050,0.440,0.510
232500,0.050,0.504,0.446
233000,0.050,0.473,0.477
233500,0.050,0.470,0.480
234000,0.050,0.361,0.589
234500,0.050,0.548,0.402
235000,0.050,0.559,0.391
235500,0.050,0.452,0.498
236000,0.050,0.460,0.490
236500,0.050,0.502,0.448
237000,0.050,0.418,0.532
237500,0.050,0.447,0.503
238000,0.061,0.395,0.544
238500,0.050,0.485,0.465
239000,0.050,0.557,0.393
239500,0.050,0.548,0.402
240000,0.050,0.470,0.480
240500,0.050,0.531,0.419
241000,0.050,0.537,0.413
241500,0.050,0.535,0.415
242000,0.050,0.552,0.398
242500,0.050,0.584,0.366
243000,0.050,0.508,0.442
243500,0.050,0.441,0.509
244000,0.050,0.391,0.559
244500,0.050,0.410,0.540
245000,0.050,0.432,0.518
245500,0.050,0.485,0.465
246000,0.050,0.513,0.437
246500,0.050,0.557,0.393
247000,0.050,0.572,0.378
247500,0.050,0.481,0.469
248000,0.050,0.465,0.485
248500,0.050,0.493,0.457
249000,0.050,0.470,0.480
249500,0.050,0.591,0.359
250000,0.050,0.525,0.425
250500,0.050,0.564,0.386
251000,0.050,0.510,0.440
251500,0.050,0.468,0.482
252000,0.050,0.450,0.500
252500,0.050,0.527,0.423
253000,0.050,0.425,0.525
253500,0.050,0.510,0.440
254000,0.059,0.484,0.457
254500,0.050,0.421,0.529
255000,0.050,0.432,0.518
255500,0.050,0.462,0.488
256000,0.050,0.412,0.538
256500,0.056,0.483,0.461
257000,0.050,0.448,0.502
257500,0.050,0.610,0.340
258000,0.050,0.555,0.395
258500,0.050,0.569,0.381
259000,0.051,0.363,0.586
259500,0.050,0.431,0.519
260000,0.050,0.393,0.557
260500,0.050,0.500,0.450
261000,0.050,0.488,0.462
261500,0.050,0.477,0.473
262000,0.050,0.371,0.579
262500,0.050,0.439,0.511
263000,0.050,0.505,0.445
263500,0.050,0.494,0.456
264000,0.050,0.511,0.439
264500,0.050,0.434,0.516
265000,0.050,0.410,0.540
265500,0.050,0.547,0.403
266000,0.050,0.518,0.432
266500,0.050,0.537,0.413
267000,0.050,0.556,0.394
267500,0.050,0.500,0.450
268000,0.050,0.467,0.483
268500,0.050,0.490,0.460
269000,0.050,0.453,0.497
269500,0.050,0.550,0.400
270000,0.050,0.570,0.380
270500,0.050,0.417,0.533
271000,0.050,0.473,0.477
271500,0.050,0.509,0.441
272000,0.050,0.497,0.453
272500,0.050,0.522,0.428
273000,0.050,0.449,0.501
273500,0.050,0.357,0.593
274000,0.050,0.504,0.446
274500,0.050,0.508,0.442
275000,0.050,0.478,0.472
275500,0.050,0.501,0.449
276000,0.050,0.518,0.432
276500,0.050,0.476,0.474
277000,0.050,0.391,0.559
277500,0.050,0.458,0.492
278000,0.050,0.473,0.477
278500,0.050,0.438,0.512
279000,0.050,0.397,0.553
279500,0.050,0.424,0.526
280000,0.050,0.504,0.446
280500,0.050,0.551,0.399
281000,0.050,0.581,0.369
281500,0.050,0.532,0.418
282000,0.050,0.527,0.423
282500,0.050,0.596,0.354
283000,0.050,0.589,0.361
283500,0.050,0.500,0.450
284000,0.050,0.508,0.442
284500,0.050,0.556,0.394
285000,0.050,0.469,0.481
285500,0.050,0.449,0.501
286000,0.050,0.534,0.416
286500,0.056,0.526,0.418
287000,0.052,0.540,0.408
287500,0.050,0.558,0.392
288000,0.050,0.475,0.475
288500,0.050,0.560,0.390
289000,0.050,0.510,0.440
289500,0.050,0.462,0.488
290000,0.050,0.354,0.596
290500,0.050,0.447,0.503
291000,0.050,0.465,0.485
291500,0.050,0.385,0.565
292000,0.050,0.390,0.560
292500,0.050,0.512,0.438
293000,0.050,0.553,0.397
293500,0.050,0.449,0.501
294000,0.050,0.472,0.478
294500,0.050,0.452,0.498
295000,0.050,0.504,0.446
295500,0.050,0.495,0.455
296000,0.050,0.503,0.447
296500,0.050,0.539,0.411
297000,0.050,0.550,0.400
297500,0.050,0.526,0.424
298000,0.050,0.506,0.444
298500,0.050,0.435,0.515
299000,0.050,0.462,0.488
299500,0.050,0.581,0.369
300000,0.050,0.547,0.403
300500,0.050,0.537,0.413
301000,0.050,0.515,0.435
301500,0.050,0.457,0.493
302000,0.050,0.540,0.410
302500,0.050,0.606,0.344
303000,0.050,0.512,0.438
303500,0.050,0.523,0.427
304000,0.050,0.445,0.505
304500,0.050,0.516,0.434
305000,0.050,0.580,0.370
305500,0.050,0.482,0.468
306000,0.050,0.514,0.436
306500,0.050,0.395,0.555
307000,0.050,0.536,0.414
307500,0.050,0.480,0.470
308000,0.050,0.524,0.426
308500,0.050,0.462,0.488
309000,0.050,0.575,0.375
309500,0.050,0.392,0.558
310000,0.054,0.421,0.525
310500,0.050,0.415,0.535
311000,0.050,0.449,0.501
311500,0.050,0.497,0.453
312000,0.050,0.422,0.528
312500,0.050,0.470,0.480
313000,0.050,0.502,0.448
313500,0.050,0.580,0.370
314000,0.050,0.568,0.382
314500,0.050,0.558,0.392
315000,0.050,0.444,0.506
315500,0.050,0.477,0.473
316000,0.050,0.424,0.526
316500,0.050,0.466,0.484
317000,0.050,0.457,0.493
317500,0.050,0.433,0.517
318000,0.050,0.410,0.540
318500,0.050,0.511,0.439
319000,0.050,0.501,0.449
319500,0.050,0.438,0.512
320000,0.050,0.448,0.502
320500,0.050,0.401,0.549
321000,0.050,0.496,0.454
321500,0.050,0.434,0.516
322000,0.050,0.544,0.406
322500,0.050,0.518,0.432
323000,0.050,0.465,0.485
323500,0.051,0.412,0.537
324000,0.050,0.391,0.559
324500,0.050,0.405,0.545
325000,0.050,0.392,0.558
325500,0.050,0.454,0.496
326000,0.050,0.442,0.508
326500,0.050,0.405,0.545
327000,0.050,0.459,0.491
327500,0.050,0.570,0.380
328000,0.050,0.624,0.326
328500,0.050,0.452,0.498
329000,0.050,0.427,0.523
329500,0.050,0.515,0.435
330000,0.050,0.488,0.462
330500,0.050,0.527,0.423
331000,0.050,0.536,0.414
331500,0.050,0.445,0.505
332000,0.050,0.506,0.444
332500,0.050,0.476,0.474
333000,0.050,0.428,0.522
333500,0.050,0.510,0.440
334000,0.050,0.425,0.525
334500,0.050,0.495,0.455
335000,0.050,0.496,0.454
335500,0.050,0.479,0.471
336000,0.050,0.414,0.536
336500,0.050,0.473,0.477
337000,0.050,0.510,0.440
337500,0.050,0.472,0.478
338000,0.050,0.581,0.369
338500,0.050,0.505,0.445
339000,0.050,0.526,0.424
339500,0.050,0.501,0.449
340000,0.050,0.467,0.483
340500,0.050,0.410,0.540
341000,0.050,0.424,0.526
341500,0.050,0.420,0.530
342000,0.050,0.482,0.468
342500,0.051,0.422,0.527
343000,0.050,0.508,0.442
343500,0.050,0.503,0.447
344000,0.050,0.476,0.474
344500,0.050,0.553,0.397
345000,0.050,0.468,0.482
345500,0.051,0.510,0.439
346000,0.050,0.531,0.419
346500,0.050,0.471,0.479
347000,0.050,0.454,0.496
347500,0.050,0.502,0.448
348000,0.050,0.459,0.491
348500,0.050,0.492,0.458
349000,0.050,0.471,0.479
349500,0.050,0.480,0.470
350000,0.050,0.565,0.385
350500,0.050,0.424,0.526
351000,0.050,0.424,0.526
351500,0.050,0.416,0.534
352000,0.050,0.493,0.457
352500,0.050,0.575,0.375
353000,0.050,0.472,0.478
353500,0.050,0.453,0.497
354000,0.050,0.434,0.516
354500,0.050,0.509,0.441
355000,0.050,0.546,0.404
355500,0.050,0.428,0.522
356000,0.050,0.444,0.506
356500,0.050,0.456,0.494
357000,0.050,0.508,0.442
357500,0.050,0.592,0.358
358000,0.050,0.576,0.374
358500,0.050,0.422,0.528
359000,0.050,0.482,0.468
359500,0.050,0.472,0.478
360000,0.050,0.424,0.526
360500,0.050,0.414,0.536
361000,0.053,0.458,0.489
361500,0.050,0.530,0.420
362000,0.050,0.525,0.425
362500,0.050,0.477,0.473
363000,0.050,0.421,0.529
363500,0.050,0.455,0.495
364000,0.053,0.453,0.494
364500,0.050,0.471,0.479
365000,0.050,0.461,0.489
365500,0.050,0.458,0.492
366000,0.050,0.486,0.464
366500,0.050,0.369,0.581
367000,0.050,0.479,0.471
367500,0.050,0.445,0.505
368000,0.050,0.410,0.540
368500,0.051,0.394,0.555
369000,0.060,0.396,0.544
369500,0.052,0.428,0.520
370000,0.050,0.618,0.332
370500,0.050,0.535,0.415
371000,0.050,0.299,0.651
371500,0.050,0.405,0.545
372000,0.050,0.362,0.588
372500,0.050,0.418,0.532
373000,0.050,0.462,0.488
373500,0.050,0.374,0.576
374000,0.050,0.528,0.422
374500,0.050,0.545,0.405
375000,0.050,0.493,0.457
375500,0.054,0.360,0.586
376000,0.050,0.454,0.496
376500,0.050,0.453,0.497
377000,0.050,0.386,0.564
377500,0.050,0.518,0.432
378000,0.050,0.444,0.506
378500,0.050,0.495,0.455
379000,0.050,0.421,0.529
379500,0.050,0.529,0.421
380000,0.050,0.432,0.518
380500,0.050,0.451,0.499
381000,0.050,0.498,0.452
381500,0.050,0.542,0.408
382000,0.050,0.519,0.431
382500,0.050,0.614,0.336
383000,0.050,0.560,0.390
383500,0.050,0.488,0.462
384000,0.050,0.579,0.371
384500,0.050,0.525,0.425
385000,0.050,0.485,0.465
385500,0.050,0.492,0.458
386000,0.050,0.513,0.437
386500,0.050,0.588,0.362
387000,0.051,0.450,0.499
387500,0.050,0.535,0.415
388000,0.050,0.472,0.478
388500,0.050,0.489,0.461
389000,0.050,0.458,0.492
389500,0.062,0.480,0.458
390000,0.050,0.646,0.304
390500,0.050,0.516,0.434
391000,0.050,0.538,0.412
391500,0.050,0.472,0.478
392000,0.050,0.388,0.562
392500,0.050,0.425,0.525
393000,0.050,0.375,0.575
393500,0.050,0.449,0.501
394000,0.050,0.538,0.412
394500,0.050,0.571,0.379
395000,0.050,0.458,0.492
395500,0.050,0.494,0.456
396000,0.050,0.523,0.427
396500,0.050,0.557,0.393
397000,0.050,0.555,0.395
397500,0.050,0.441,0.509
398000,0.050,0.486,0.464
398500,0.050,0.522,0.428
399000,0.056,0.463,0.481
399500,0.062,0.357,0.581
400000,0.050,0.448,0.502
400500,0.050,0.431,0.519
401000,0.050,0.403,0.547
401500,0.050,0.449,0.501
402000,0.050,0.536,0.414
402500,0.050,0.556,0.394
403000,0.050,0.569,0.381
403500,0.050,0.576,0.374
404000,0.050,0.516,0.434
404500,0.050,0.499,0.451
405000,0.050,0.552,0.398
405500,0.050,0.446,0.504
406000,0.054,0.438,0.508
406500,0.050,0.459,0.491
407000,0.050,0.487,0.463
407500,0.050,0.439,0.511
408000,0.051,0.404,0.545
408500,0.050,0.497,0.453
409000,0.050,0.425,0.525
409500,0.050,0.496,0.454
410000,0.050,0.522,0.428
410500,0.050,0.560,0.390
411000,0.050,0.581,0.369
411500,0.050,0.411,0.539
412000,0.051,0.397,0.552
412500,0.050,0.437,0.513
413000,0.050,0.468,0.482
413500,0.050,0.511,0.439
414000,0.050,0.428,0.522
414500,0.050,0.561,0.389
415000,0.050,0.493,0.457
415500,0.050,0.492,0.458
416000,0.050,0.412,0.538
416500,0.050,0.473,0.477
417000,0.050,0.468,0.482
417500,0.050,0.547,0.403
418000,0.050,0.562,0.388
418500,0.050,0.503,0.447
419000,0.050,0.545,0.405
419500,0.050,0.487,0.463
420000,0.050,0.434,0.516
420500,0.050,0.527,0.423
421000,0.050,0.495,0.455
421500,0.050,0.506,0.444
422000,0.050,0.410,0.540
422500,0.050,0.516,0.434
423000,0.050,0.405,0.545
423500,0.050,0.398,0.552
424000,0.050,0.614,0.336
424500,0.050,0.492,0.458
425000,0.050,0.362,0.588
425500,0.050,0.491,0.459
426000,0.050,0.528,0.422
426500,0.050,0.414,0.536
427000,0.050,0.513,0.437
427500,0.050,0.375,0.575
428000,0.050,0.502,0.448
428500,0.050,0.492,0.458
429000,0.050,0.404,0.546
429500,0.050,0.406,0.544
430000,0.057,0.342,0.601
430500,0.050,0.510,0.440
431000,0.050,0.540,0.410
431500,0.050,0.594,0.356
432000,0.050,0.663,0.287
432500,0.050,0.521,0.429
433000,0.050,0.543,0.407
433500,0.050,0.376,0.574
434000,0.050,0.446,0.504
434500,0.050,0.522,0.428
435000,0.050,0.381,0.569
435500,0.056,0.391,0.553
436000,0.050,0.519,0.431
436500,0.050,0.507,0.443
437000,0.050,0.426,0.524
437500,0.050,0.610,0.340
438000,0.050,0.656,0.294
438500,0.050,0.609,0.341
439000,0.050,0.447,0.503
439500,0.050,0.438,0.512
440000,0.050,0.529,0.421
440500,0.050,0.526,0.424
441000,0.050,0.532,0.418
441500,0.050,0.504,0.446
442000,0.050,0.416,0.534
442500,0.050,0.560,0.390
443000,0.050,0.452,0.498
443500,0.050,0.487,0.463
444000,0.050,0.475,0.475
444500,0.050,0.541,0.409
445000,0.050,0.559,0.391
445500,0.050,0.477,0.473
446000,0.050,0.395,0.555
446500,0.050,0.471,0.479
447000,0.050,0.481,0.469
447500,0.052,0.346,0.602
448000,0.051,0.392,0.557
448500,0.050,0.429,0.521
449000,0.050,0.405,0.545
449500,0.050,0.605,0.345
450000,0.060,0.401,0.539
450500,0.050,0.396,0.554
451000,0.051,0.475,0.474
451500,0.050,0.431,0.519
452000,0.050,0.420,0.530
452500,0.050,0.444,0.506
453000,0.052,0.446,0.502
453500,0.050,0.416,0.534
454000,0.050,0.408,0.542
454500,0.050,0.503,0.447
455000,0.050,0.424,0.526
455500,0.050,0.396,0.554
456000,0.050,0.487,0.463
456500,0.053,0.336,0.611
457000,0.051,0.434,0.515
457500,0.050,0.448,0.502
458000,0.050,0.544,0.406
458500,0.050,0.535,0.415
459000,0.050,0.453,0.497
459500,0.050,0.421,0.529
460000,0.050,0.426,0.524
460500,0.050,0.384,0.566
461000,0.050,0.510,0.440
461500,0.050,0.578,0.372
462000,0.050,0.527,0.423
462500,0.050,0.510,0.440
463000,0.050,0.542,0.408
463500,0.050,0.466,0.484
464000,0.050,0.412,0.538
464500,0.050,0.456,0.494
465000,0.050,0.471,0.479
465500,0.054,0.417,0.529
466000,0.050,0.446,0.504
466500,0.050,0.481,0.469
467000,0.050,0.417,0.533
467500,0.050,0.444,0.506
468000,0.050,0.490,0.460
468500,0.050,0.521,0.429
469000,0.050,0.406,0.544
469500,0.050,0.569,0.381
470000,0.050,0.425,0.525
470500,0.050,0.602,0.348
471000,0.050,0.536,0.414
471500,0.050,0.493,0.457
472000,0.050,0.437,0.513
472500,0.050,0.489,0.461
473000,0.050,0.435,0.515
473500,0.050,0.500,0.450
474000,0.050,0.495,0.455
474500,0.050,0.381,0.569
475000,0.050,0.445,0.505
475500,0.050,0.453,0.497
476000,0.050,0.540,0.410
476500,0.050,0.502,0.448
477000,0.050,0.494,0.456
477500,0.050,0.528,0.422
478000,0.050,0.506,0.444
478500,0.050,0.547,0.403
479000,0.050,0.469,0.481
479500,0.050,0.473,0.477
480000,0.050,0.479,0.471
480500,0.050,0.474,0.476
481000,0.050,0.544,0.406
481500,0.050,0.445,0.505
482000,0.050,0.433,0.517
482500,0.050,0.549,0.401
483000,0.050,0.349,0.601
483500,0.052,0.472,0.476
484000,0.050,0.488,0.462
484500,0.050,0.513,0.437
485000,0.050,0.399,0.551
485500,0.050,0.456,0.494
486000,0.050,0.608,0.342
486500,0.050,0.510,0.440
487000,0.050,0.523,0.427
487500,0.050,0.549,0.401
488000,0.050,0.494,0.456
488500,0.050,0.540,0.410
489000,0.050,0.574,0.376
489500,0.050,0.508,0.442
490000,0.050,0.549,0.401
490500,0.050,0.489,0.461
491000,0.050,0.467,0.483
491500,0.050,0.414,0.536
492000,0.050,0.551,0.399
492500,0.050,0.539,0.411
493000,0.050,0.375,0.575
493500,0.050,0.506,0.444
494000,0.050,0.375,0.575
494500,0.050,0.458,0.492
495000,0.050,0.449,0.501
495500,0.050,0.562,0.388
496000,0.050,0.434,0.516
496500,0.050,0.563,0.387
497000,0.050,0.447,0.503
497500,0.050,0.402,0.548
498000,0.050,0.414,0.536
498500,0.050,0.357,0.593
499000,0.050,0.397,0.553
499500,0.050,0.436,0.514
500000,0.050,0.497,0.453
500500,0.050,0.500,0.450
501000,0.050,0.403,0.547
501500,0.050,0.420,0.530
502000,0.050,0.416,0.534
502500,0.050,0.484,0.466
503000,0.050,0.436,0.514
503500,0.050,0.488,0.462
504000,0.050,0.396,0.554
504500,0.051,0.515,0.434
505000,0.050,0.397,0.553
505500,0.050,0.575,0.375
506000,0.050,0.430,0.520
506500,0.050,0.428,0.522
507000,0.050,0.526,0.424
507500,0.050,0.561,0.389
508000,0.050,0.499,0.451
508500,0.050,0.516,0.434
509000,0.050,0.528,0.422
509500,0.050,0.398,0.552
510000,0.050,0.421,0.529
510500,0.050,0.504,0.446
511000,0.050,0.482,0.468
511500,0.050,0.393,0.557
512000,0.050,0.494,0.456
512500,0.050,0.443,0.507
513000,0.050,0.525,0.425
513500,0.050,0.551,0.399
514000,0.050,0.482,0.468
514500,0.050,0.504,0.446
515000,0.050,0.483,0.467
515500,0.050,0.588,0.362
516000,0.050,0.670,0.280
516500,0.050,0.581,0.369
517000,0.050,0.525,0.425
517500,0.050,0.421,0.529
518000,0.050,0.529,0.421
518500,0.050,0.523,0.427
519000,0.050,0.534,0.416
519500,0.050,0.528,0.422
520000,0.050,0.439,0.511
520500,0.050,0.466,0.484
521000,0.050,0.435,0.515
521500,0.050,0.318,0.632
522000,0.050,0.443,0.507
522500,0.050,0.433,0.517
523000,0.050,0.517,0.433
523500,0.050,0.544,0.406
524000,0.050,0.560,0.390
524500,0.050,0.463,0.487
525000,0.050,0.426,0.524
525500,0.050,0.518,0.432
526000,0.050,0.491,0.459
526500,0.050,0.546,0.404
527000,0.050,0.519,0.431
527500,0.050,0.465,0.485
528000,0.050,0.514,0.436
528500,0.050,0.428,0.522
529000,0.050,0.487,0.463
529500,0.050,0.453,0.497
530000,0.050,0.532,0.418
530500,0.050,0.483,0.467
531000,0.050,0.562,0.388
531500,0.050,0.630,0.320
532000,0.050,0.560,0.390
532500,0.050,0.483,0.467
533000,0.050,0.592,0.358
533500,0.050,0.393,0.557
534000,0.050,0.412,0.538
534500,0.050,0.471,0.479
535000,0.050,0.503,0.447
535500,0.050,0.554,0.396
536000,0.050,0.553,0.397
536500,0.050,0.672,0.278
537000,0.050,0.562,0.388
537500,0.050,0.630,0.320
538000,0.050,0.486,0.464
538500,0.050,0.478,0.472
539000,0.050,0.462,0.488
539500,0.050,0.490,0.460
540000,0.050,0.578,0.372
540500,0.050,0.500,0.450
541000,0.050,0.532,0.418
541500,0.050,0.405,0.545
542000,0.050,0.496,0.454
542500,0.050,0.442,0.508
543000,0.050,0.449,0.501
543500,0.050,0.501,0.449
544000,0.050,0.524,0.426
544500,0.050,0.485,0.465
545000,0.050,0.485,0.465
545500,0.055,0.383,0.562
546000,0.050,0.594,0.356
546500,0.050,0.659,0.291
547000,0.050,0.488,0.462
547500,0.050,0.459,0.491
548000,0.050,0.536,0.414
548500,0.050,0.490,0.460
549000,0.050,0.508,0.442
549500,0.050,0.425,0.525
550000,0.050,0.585,0.365
550500,0.050,0.481,0.469
551000,0.050,0.514,0.436
551500,0.050,0.450,0.500
552000,0.050,0.486,0.464
552500,0.050,0.429,0.521
553000,0.050,0.471,0.479
553500,0.050,0.487,0.463
554000,0.050,0.641,0.309
554500,0.050,0.369,0.581
555000,0.050,0.523,0.427
555500,0.050,0.538,0.412
556000,0.050,0.530,0.420
556500,0.050,0.526,0.424
557000,0.050,0.519,0.431
557500,0.050,0.450,0.500
558000,0.052,0.474,0.474
558500,0.050,0.513,0.437
559000,0.050,0.496,0.454
559500,0.050,0.444,0.506
560000,0.050,0.441,0.509
560500,0.050,0.521,0.429
561000,0.050,0.465,0.485
561500,0.050,0.400,0.550
562000,0.050,0.532,0.418
562500,0.050,0.527,0.423
563000,0.050,0.508,0.442
563500,0.050,0.468,0.482
564000,0.061,0.419,0.520
564500,0.050,0.439,0.511
565000,0.050,0.490,0.460
565500,0.056,0.541,0.403
566000,0.050,0.518,0.432
566500,0.050,0.456,0.494
567000,0.050,0.496,0.454
567500,0.050,0.499,0.451
568000,0.050,0.449,0.501
568500,0.050,0.456,0.494
569000,0.050,0.466,0.484
569500,0.050,0.438,0.512
570000,0.050,0.588,0.362
570500,0.050,0.620,0.330
571000,0.050,0.593,0.357
571500,0.050,0.423,0.527
572000,0.050,0.467,0.483
572500,0.050,0.481,0.469
573000,0.050,0.489,0.461
573500,0.050,0.496,0.454
574000,0.050,0.423,0.527
574500,0.050,0.458,0.492
575000,0.050,0.433,0.517
575500,0.050,0.441,0.509
576000,0.050,0.502,0.448
576500,0.050,0.588,0.362
577000,0.050,0.474,0.476
577500,0.050,0.536,0.414
578000,0.050,0.476,0.474
578500,0.050,0.493,0.457
579000,0.050,0.563,0.387
579500,0.050,0.420,0.530
580000,0.050,0.535,0.415
580500,0.050,0.556,0.394
581000,0.050,0.524,0.426
581500,0.050,0.411,0.539
582000,0.050,0.522,0.428
582500,0.050,0.476,0.474
583000,0.050,0.576,0.374
583500,0.050,0.529,0.421
584000,0.050,0.467,0.483
584500,0.050,0.452,0.498
585000,0.050,0.450,0.500
585500,0.050,0.429,0.521
586000,0.050,0.518,0.432
586500,0.050,0.561,0.389
587000,0.050,0.540,0.410
587500,0.050,0.565,0.385
588000,0.050,0.472,0.478
588500,0.050,0.563,0.387
589000,0.050,0.438,0.512
589500,0.050,0.512,0.438
590000,0.050,0.621,0.329
590500,0.050,0.585,0.365
591000,0.050,0.447,0.503
591500,0.050,0.503,0.447
592000,0.050,0.459,0.491
592500,0.050,0.582,0.368
593000,0.050,0.470,0.480
593500,0.050,0.556,0.394
594000,0.050,0.426,0.524
594500,0.052,0.471,0.477
595000,0.050,0.474,0.476
595500,0.050,0.426,0.524
596000,0.050,0.490,0.460
596500,0.050,0.469,0.481
597000,0.050,0.459,0.491
597500,0.050,0.418,0.532
598000,0.050,0.513,0.437
598500,0.050,0.463,0.487
599000,0.050,0.539,0.411
599500,0.050,0.432,0.518
600000,0.050,0.413,0.537
600500,0.050,0.487,0.463
601000,0.050,0.445,0.505
601500,0.050,0.434,0.516
602000,0.050,0.457,0.493
602500,0.050,0.506,0.444
603000,0.050,0.550,0.400
603500,0.050,0.539,0.411
604000,0.050,0.547,0.403
604500,0.050,0.619,0.331
605000,0.050,0.557,0.393
605500,0.050,0.486,0.464
606000,0.050,0.567,0.383
606500,0.050,0.486,0.464
607000,0.050,0.557,0.393
607500,0.050,0.347,0.603
608000,0.050,0.545,0.405
608500,0.050,0.475,0.475
609000,0.050,0.478,0.472
609500,0.051,0.358,0.591
610000,0.051,0.475,0.474
610500,0.050,0.512,0.438
611000,0.050,0.566,0.384
611500,0.050,0.541,0.409
612000,0.050,0.566,0.384
612500,0.050,0.401,0.549
613000,0.050,0.328,0.622
613500,0.050,0.498,0.452
614000,0.050,0.516,0.434
614500,0.050,0.579,0.371
615000,0.050,0.431,0.519
615500,0.050,0.513,0.437
616000,0.050,0.597,0.353
616500,0.050,0.610,0.340
617000,0.050,0.559,0.391
617500,0.050,0.540,0.410
618000,0.050,0.416,0.534
618500,0.050,0.464,0.486
619000,0.055,0.506,0.439
619500,0.050,0.465,0.485
620000,0.050,0.502,0.448
620500,0.050,0.475,0.475
621000,0.050,0.546,0.404
621500,0.050,0.529,0.421
622000,0.050,0.470,0.480
622500,0.050,0.512,0.438
623000,0.050,0.470,0.480
623500,0.050,0.548,0.402
624000,0.050,0.408,0.542
624500,0.050,0.567,0.383
625000,0.050,0.562,0.388
625500,0.050,0.445,0.505
626000,0.050,0.418,0.532
626500,0.050,0.411,0.539
627000,0.050,0.472,0.478
627500,0.065,0.376,0.559
628000,0.060,0.366,0.574
628500,0.051,0.401,0.548
629000,0.050,0.391,0.559
629500,0.050,0.544,0.406
630000,0.050,0.488,0.462
630500,0.050,0.438,0.512
631000,0.050,0.635,0.315
631500,0.050,0.483,0.467
632000,0.050,0.481,0.469
632500,0.050,0.522,0.428
633000,0.050,0.337,0.613
633500,0.050,0.448,0.502
634000,0.050,0.447,0.503
634500,0.050,0.511,0.439
635000,0.050,0.552,0.398
635500,0.050,0.476,0.474
636000,0.050,0.487,0.463
636500,0.050,0.458,0.492
637000,0.050,0.557,0.393
637500,0.050,0.648,0.302
638000,0.050,0.624,0.326
638500,0.050,0.465,0.485
639000,0.050,0.592,0.358
639500,0.050,0.602,0.348
640000,0.050,0.535,0.415
640500,0.050,0.469,0.481
641000,0.050,0.534,0.416
641500,0.050,0.424,0.526
642000,0.050,0.448,0.502
642500,0.050,0.432,0.518
643000,0.051,0.400,0.549
643500,0.055,0.441,0.504
644000,0.050,0.607,0.343
644500,0.057,0.409,0.534
645000,0.050,0.425,0.525
645500,0.050,0.392,0.558
646000,0.050,0.505,0.445
646500,0.050,0.483,0.467
647000,0.050,0.462,0.488
647500,0.050,0.511,0.439
648000,0.050,0.562,0.388
648500,0.050,0.545,0.405
649000,0.050,0.474,0.476
649500,0.050,0.640,0.310
650000,0.050,0.547,0.403
650500,0.050,0.497,0.453
651000,0.050,0.445,0.505
651500,0.050,0.503,0.447
652000,0.050,0.500,0.450
652500,0.050,0.469,0.481
653000,0.050,0.368,0.582
653500,0.050,0.449,0.501
654000,0.050,0.388,0.562
654500,0.050,0.343,0.607
655000,0.050,0.462,0.488
655500,0.050,0.463,0.487
656000,0.050,0.375,0.575
656500,0.050,0.406,0.544
657000,0.050,0.479,0.471
657500,0.050,0.533,0.417
658000,0.050,0.485,0.465
658500,0.050,0.456,0.494
659000,0.050,0.545,0.405
659500,0.050,0.540,0.410
660000,0.050,0.432,0.518
660500,0.050,0.471,0.479
661000,0.050,0.508,0.442
661500,0.050,0.544,0.406
662000,0.050,0.545,0.405
662500,0.050,0.564,0.386
663000,0.050,0.497,0.453
663500,0.050,0.449,0.501
664000,0.050,0.513,0.437
664500,0.050,0.598,0.352
665000,0.050,0.622,0.328
665500,0.050,0.519,0.431
666000,0.050,0.455,0.495
666500,0.050,0.408,0.542
667000,0.051,0.383,0.566
667500,0.050,0.437,0.513
668000,0.050,0.379,0.571
668500,0.050,0.467,0.483
669000,0.050,0.539,0.411
669500,0.050,0.567,0.383
670000,0.050,0.620,0.330
670500,0.050,0.614,0.336
671000,0.050,0.486,0.464
671500,0.050,0.445,0.505
672000,0.050,0.529,0.421
672500,0.050,0.590,0.360
673000,0.050,0.607,0.343
673500,0.050,0.528,0.422
674000,0.050,0.569,0.381
674500,0.050,0.525,0.425
675000,0.050,0.608,0.342
675500,0.050,0.502,0.448
676000,0.050,0.510,0.440
676500,0.050,0.491,0.459
677000,0.050,0.576,0.374
677500,0.050,0.552,0.398
678000,0.050,0.506,0.444
678500,0.050,0.475,0.475
679000,0.050,0.518,0.432
679500,0.050,0.375,0.575
680000,0.050,0.442,0.508
680500,0.050,0.474,0.476
681000,0.050,0.532,0.418
681500,0.050,0.620,0.330
682000,0.050,0.552,0.398
682500,0.050,0.443,0.507
683000,0.050,0.568,0.382
683500,0.050,0.424,0.526
684000,0.050,0.511,0.439
684500,0.050,0.460,0.490
685000,0.050,0.525,0.425
685500,0.050,0.565,0.385
686000,0.050,0.523,0.427
686500,0.050,0.392,0.558
687000,0.050,0.481,0.469
687500,0.050,0.532,0.418
688000,0.050,0.580,0.370
688500,0.050,0.546,0.404
689000,0.050,0.449,0.501
689500,0.050,0.508,0.442
690000,0.050,0.483,0.467
690500,0.050,0.591,0.359
691000,0.050,0.516,0.434
691500,0.050,0.621,0.329
692000,0.050,0.551,0.399
692500,0.050,0.535,0.415
693000,0.050,0.530,0.420
693500,0.050,0.544,0.406
694000,0.050,0.547,0.403
694500,0.050,0.545,0.405
695000,0.050,0.469,0.481
695500,0.050,0.604,0.346
696000,0.050,0.602,0.348
696500,0.050,0.534,0.416
697000,0.050,0.516,0.434
697500,0.050,0.443,0.507
698000,0.050,0.462,0.488
698500,0.050,0.483,0.467
699000,0.050,0.600,0.350
699500,0.050,0.514,0.436
700000,0.050,0.516,0.434
700500,0.050,0.513,0.437
701000,0.050,0.577,0.373
701500,0.050,0.413,0.537
702000,0.050,0.454,0.496
702500,0.050,0.597,0.353
703000,0.050,0.536,0.414
703500,0.050,0.479,0.471
704000,0.050,0.560,0.390
704500,0.050,0.686,0.264
705000,0.050,0.597,0.353
705500,0.050,0.519,0.431
706000,0.050,0.482,0.468
706500,0.050,0.548,0.402
707000,0.050,0.474,0.476
707500,0.050,0.470,0.480
708000,0.050,0.567,0.383
708500,0.050,0.487,0.463
709000,0.050,0.461,0.489
709500,0.050,0.443,0.507
710000,0.058,0.472,0.470
710500,0.051,0.521,0.428
711000,0.050,0.634,0.316
711500,0.050,0.554,0.396
712000,0.050,0.545,0.405
712500,0.050,0.496,0.454
713000,0.050,0.434,0.516
713500,0.050,0.496,0.454
714000,0.050,0.477,0.473
714500,0.050,0.545,0.405
715000,0.050,0.488,0.462
715500,0.050,0.473,0.477
716000,0.050,0.476,0.474
716500,0.050,0.480,0.470
717000,0.050,0.449,0.501
717500,0.050,0.372,0.578
718000,0.050,0.434,0.516
718500,0.050,0.330,0.620
719000,0.050,0.373,0.577
719500,0.050,0.446,0.504
720000,0.050,0.457,0.493
720500,0.057,0.410,0.533
721000,0.050,0.493,0.457
721500,0.050,0.477,0.473
722000,0.050,0.488,0.462
722500,0.050,0.466,0.484
723000,0.050,0.519,0.431
723500,0.050,0.413,0.537
724000,0.050,0.527,0.423
724500,0.050,0.434,0.516
725000,0.050,0.494,0.456
725500,0.050,0.486,0.464
726000,0.050,0.478,0.472
726500,0.050,0.507,0.443
727000,0.050,0.517,0.433
727500,0.050,0.518,0.432
728000,0.050,0.401,0.549
728500,0.050,0.521,0.429
729000,0.050,0.432,0.518
729500,0.050,0.511,0.439
730000,0.050,0.462,0.488
730500,0.050,0.525,0.425
731000,0.050,0.575,0.375
731500,0.050,0.424,0.526
732000,0.050,0.479,0.471
732500,0.050,0.526,0.424
733000,0.050,0.459,0.491
733500,0.050,0.586,0.364
734000,0.051,0.413,0.536
734500,0.053,0.426,0.521
735000,0.053,0.368,0.579
735500,0.050,0.468,0.482
736000,0.050,0.520,0.430
736500,0.050,0.523,0.427
737000,0.050,0.488,0.462
737500,0.050,0.514,0.436
738000,0.050,0.507,0.443
738500,0.050,0.552,0.398
739000,0.050,0.557,0.393
739500,0.050,0.430,0.520
740000,0.050,0.378,0.572
740500,0.050,0.476,0.474
741000,0.050,0.511,0.439
741500,0.050,0.483,0.467
742000,0.050,0.506,0.444
742500,0.050,0.548,0.402
743000,0.050,0.606,0.344
743500,0.050,0.554,0.396
744000,0.050,0.601,0.349
744500,0.050,0.570,0.380
745000,0.050,0.457,0.493
745500,0.050,0.506,0.444
746000,0.050,0.370,0.580
746500,0.050,0.419,0.531
747000,0.050,0.520,0.430
747500,0.050,0.502,0.448
748000,0.050,0.433,0.517
748500,0.052,0.422,0.526
749000,0.050,0.410,0.540
749500,0.050,0.513,0.437
750000,0.050,0.468,0.482
750500,0.050,0.497,0.453
751000,0.050,0.452,0.498
751500,0.050,0.502,0.448
752000,0.050,0.541,0.409
752500,0.050,0.474,0.476
753000,0.050,0.408,0.542
753500,0.050,0.453,0.497
754000,0.050,0.506,0.444
754500,0.050,0.505,0.445
755000,0.050,0.537,0.413
755500,0.050,0.484,0.466
756000,0.050,0.481,0.469
756500,0.050,0.563,0.387
757000,0.050,0.544,0.406
757500,0.050,0.613,0.337
758000,0.050,0.604,0.346
758500,0.050,0.487,0.463
759000,0.050,0.566,0.384
759500,0.050,0.610,0.340
760000,0.050,0.551,0.399
760500,0.050,0.419,0.531
761000,0.050,0.463,0.487
761500,0.052,0.382,0.566
762000,0.050,0.368,0.582
762500,0.050,0.443,0.507
763000,0.050,0.365,0.585
763500,0.050,0.441,0.509
764000,0.050,0.436,0.514
764500,0.050,0.493,0.457
765000,0.050,0.447,0.503
765500,0.050,0.422,0.528
766000,0.050,0.421,0.529
766500,0.050,0.409,0.541
767000,0.050,0.478,0.472
767500,0.050,0.487,0.463
768000,0.050,0.444,0.506
768500,0.050,0.591,0.359
769000,0.050,0.579,0.371
769500,0.050,0.484,0.466
770000,0.050,0.451,0.499
770500,0.050,0.465,0.485
771000,0.050,0.504,0.446
771500,0.050,0.538,0.412
772000,0.050,0.454,0.496
772500,0.050,0.422,0.528
773000,0.050,0.559,0.391
773500,0.050,0.491,0.459
774000,0.050,0.540,0.410
774500,0.050,0.528,0.422
775000,0.050,0.575,0.375
775500,0.050,0.503,0.447
776000,0.050,0.401,0.549
776500,0.050,0.560,0.390
777000,0.050,0.493,0.457
777500,0.060,0.367,0.573
778000,0.050,0.420,0.530
778500,0.050,0.518,0.432
779000,0.050,0.419,0.531
779500,0.050,0.401,0.549
780000,0.050,0.383,0.567
780500,0.050,0.572,0.378
781000,0.050,0.388,0.562
781500,0.050,0.412,0.538
782000,0.050,0.392,0.558
782500,0.050,0.401,0.549
783000,0.050,0.409,0.541
783500,0.050,0.550,0.400
784000,0.050,0.414,0.536
784500,0.052,0.388,0.560
785000,0.050,0.485,0.465
785500,0.050,0.500,0.450
786000,0.050,0.416,0.534
786500,0.050,0.351,0.599
787000,0.050,0.411,0.539
787500,0.050,0.491,0.459
788000,0.050,0.446,0.504
788500,0.050,0.459,0.491
789000,0.050,0.402,0.548
789500,0.050,0.603,0.347
790000,0.050,0.590,0.360
790500,0.050,0.500,0.450
791000,0.050,0.481,0.469
791500,0.050,0.496,0.454
792000,0.050,0.463,0.487
792500,0.050,0.469,0.481
793000,0.050,0.470,0.480
793500,0.050,0.462,0.488
794000,0.050,0.566,0.384
794500,0.050,0.446,0.504
795000,0.050,0.462,0.488
795500,0.050,0.527,0.423
796000,0.050,0.529,0.421
796500,0.050,0.449,0.501
797000,0.050,0.419,0.531
797500,0.050,0.575,0.375
798000,0.050,0.602,0.348
798500,0.050,0.567,0.383
799000,0.050,0.492,0.458
799500,0.050,0.471,0.479
800000,0.050,0.552,0.398
800500,0.050,0.590,0.360
801000,0.050,0.631,0.319
801500,0.050,0.418,0.532
802000,0.050,0.462,0.488
802500,0.050,0.604,0.346
803000,0.050,0.502,0.448
803500,0.050,0.463,0.487
804000,0.050,0.502,0.448
804500,0.050,0.452,0.498
805000,0.050,0.410,0.540
805500,0.050,0.454,0.496
806000,0.050,0.503,0.447
806500,0.050,0.530,0.420
807000,0.050,0.490,0.460
807500,0.050,0.469,0.481
808000,0.050,0.531,0.419
808500,0.050,0.546,0.404
809000,0.050,0.590,0.360
809500,0.050,0.573,0.377
810000,0.050,0.581,0.369
810500,0.050,0.501,0.449
811000,0.050,0.488,0.462
811500,0.050,0.493,0.457
812000,0.050,0.486,0.464
812500,0.050,0.568,0.382
813000,0.050,0.505,0.445
813500,0.050,0.410,0.540
814000,0.050,0.390,0.560
814500,0.050,0.472,0.478
815000,0.050,0.519,0.431
815500,0.050,0.556,0.394
816000,0.050,0.557,0.393
816500,0.050,0.559,0.391
817000,0.050,0.467,0.483
817500,0.050,0.537,0.413
818000,0.050,0.555,0.395
818500,0.050,0.487,0.463
819000,0.050,0.515,0.435
819500,0.050,0.573,0.377
820000,0.050,0.538,0.412
820500,0.050,0.499,0.451
821000,0.050,0.461,0.489
821500,0.050,0.446,0.504
822000,0.050,0.421,0.529
822500,0.050,0.475,0.475
823000,0.050,0.459,0.491
823500,0.050,0.402,0.548
824000,0.050,0.447,0.503
824500,0.050,0.482,0.468
825000,0.050,0.489,0.461
825500,0.050,0.422,0.528
826000,0.050,0.474,0.476
826500,0.050,0.558,0.392
827000,0.050,0.392,0.558
827500,0.050,0.459,0.491
828000,0.056,0.436,0.508
828500,0.050,0.459,0.491
829000,0.050,0.558,0.392
829500,0.050,0.488,0.462
830000,0.050,0.534,0.416
830500,0.050,0.362,0.588
831000,0.050,0.405,0.545
831500,0.050,0.485,0.465
832000,0.050,0.436,0.514
832500,0.050,0.447,0.503
833000,0.050,0.507,0.443
833500,0.050,0.550,0.400
834000,0.050,0.402,0.548
834500,0.050,0.497,0.453
835000,0.050,0.455,0.495
835500,0.050,0.417,0.533
836000,0.050,0.624,0.326
836500,0.050,0.476,0.474
837000,0.050,0.509,0.441
837500,0.050,0.627,0.323
838000,0.050,0.650,0.300
838500,0.050,0.587,0.363
839000,0.050,0.433,0.517
839500,0.050,0.483,0.467
840000,0.050,0.495,0.455
840500,0.050,0.442,0.508
841000,0.050,0.466,0.484
841500,0.058,0.415,0.527
842000,0.054,0.403,0.543
842500,0.050,0.446,0.504
843000,0.050,0.426,0.524
843500,0.050,0.468,0.482
844000,0.050,0.453,0.497
844500,0.050,0.556,0.394
845000,0.050,0.519,0.431
845500,0.050,0.513,0.437
846000,0.050,0.648,0.302
846500,0.050,0.622,0.328
847000,0.050,0.535,0.415
847500,0.050,0.551,0.399
848000,0.050,0.519,0.431
848500,0.050,0.455,0.495
849000,0.050,0.520,0.430
849500,0.050,0.525,0.425
850000,0.050,0.553,0.397
850500,0.050,0.443,0.507
851000,0.050,0.318,0.632
851500,0.051,0.364,0.585
852000,0.050,0.462,0.488
852500,0.051,0.410,0.539
853000,0.050,0.440,0.510
853500,0.050,0.451,0.499
854000,0.057,0.419,0.524
854500,0.050,0.406,0.544
855000,0.050,0.454,0.496
855500,0.050,0.525,0.425
856000,0.050,0.517,0.433
856500,0.050,0.454,0.496
857000,0.050,0.497,0.453
857500,0.050,0.411,0.539
858000,0.050,0.553,0.397
858500,0.050,0.524,0.426
859000,0.050,0.548,0.402
859500,0.051,0.449,0.500
860000,0.050,0.457,0.493
860500,0.050,0.500,0.450
861000,0.050,0.462,0.488
861500,0.050,0.531,0.419
862000,0.050,0.472,0.478
862500,0.051,0.480,0.469
863000,0.050,0.391,0.559
863500,0.050,0.452,0.498
864000,0.050,0.511,0.439
864500,0.050,0.488,0.462
865000,0.050,0.525,0.425
865500,0.050,0.556,0.394
866000,0.050,0.549,0.401
866500,0.050,0.603,0.347
867000,0.050,0.504,0.446
867500,0.052,0.409,0.539
868000,0.058,0.300,0.642
868500,0.052,0.403,0.545
869000,0.050,0.556,0.394
869500,0.050,0.550,0.400
870000,0.050,0.458,0.492
870500,0.050,0.508,0.442
871000,0.050,0.472,0.478
871500,0.050,0.452,0.498
872000,0.050,0.545,0.405
872500,0.050,0.500,0.450
873000,0.050,0.437,0.513
873500,0.050,0.427,0.523
874000,0.050,0.461,0.489
874500,0.050,0.539,0.411
875000,0.050,0.560,0.390
875500,0.050,0.603,0.347
876000,0.050,0.559,0.391
876500,0.050,0.401,0.549
877000,0.050,0.410,0.540
877500,0.056,0.406,0.538
878000,0.050,0.563,0.387
878500,0.050,0.570,0.380
879000,0.050,0.530,0.420
879500,0.050,0.492,0.458
880000,0.050,0.467,0.483
880500,0.050,0.529,0.421
881000,0.050,0.439,0.511
881500,0.060,0.379,0.561
882000,0.060,0.297,0.643
882500,0.050,0.460,0.490
883000,0.050,0.451,0.499
883500,0.050,0.489,0.461
884000,0.050,0.516,0.434
884500,0.050,0.505,0.445
885000,0.050,0.481,0.469
885500,0.050,0.452,0.498
886000,0.054,0.352,0.594
886500,0.050,0.418,0.532
887000,0.050,0.538,0.412
887500,0.050,0.490,0.460
888000,0.050,0.446,0.504
888500,0.050,0.497,0.453
889000,0.050,0.451,0.499
889500,0.050,0.498,0.452
890000,0.050,0.523,0.427
890500,0.050,0.585,0.365
891000,0.050,0.474,0.476
891500,0.050,0.477,0.473
892000,0.050,0.427,0.523
892500,0.050,0.409,0.541
893000,0.050,0.524,0.426
893500,0.050,0.494,0.456
894000,0.050,0.582,0.368
894500,0.050,0.516,0.434
895000,0.050,0.468,0.482
895500,0.050,0.518,0.432
896000,0.050,0.551,0.399
896500,0.050,0.470,0.480
897000,0.050,0.397,0.553
897500,0.050,0.525,0.425
898000,0.050,0.572,0.378
898500,0.050,0.574,0.376
899000,0.050,0.453,0.497
899500,0.050,0.500,0.450
900000,0.050,0.540,0.410
900500,0.050,0.562,0.388
901000,0.050,0.532,0.418
901500,0.050,0.564,0.386
902000,0.050,0.452,0.498
902500,0.050,0.447,0.503
903000,0.050,0.435,0.515
903500,0.050,0.474,0.476
904000,0.050,0.448,0.502
904500,0.050,0.379,0.571
905000,0.050,0.613,0.337
905500,0.050,0.570,0.380
906000,0.050,0.489,0.461
906500,0.050,0.572,0.378
907000,0.050,0.620,0.330
907500,0.050,0.467,0.483
908000,0.050,0.483,0.467
908500,0.050,0.529,0.421
909000,0.050,0.505,0.445
909500,0.050,0.454,0.496
910000,0.050,0.402,0.548
910500,0.050,0.543,0.407
911000,0.050,0.519,0.431
911500,0.050,0.455,0.495
912000,0.050,0.482,0.468
912500,0.050,0.523,0.427
913000,0.050,0.515,0.435
913500,0.050,0.473,0.477
914000,0.050,0.456,0.494
914500,0.050,0.418,0.532
915000,0.050,0.388,0.562
915500,0.050,0.496,0.454
916000,0.050,0.454,0.496
916500,0.056,0.445,0.499
917000,0.050,0.524,0.426
917500,0.050,0.554,0.396
918000,0.050,0.462,0.488
918500,0.050,0.481,0.469
919000,0.057,0.420,0.523
919500,0.050,0.573,0.377
920000,0.050,0.449,0.501
920500,0.050,0.488,0.462
921000,0.050,0.361,0.589
921500,0.050,0.471,0.479
922000,0.050,0.586,0.364
922500,0.050,0.559,0.391
923000,0.062,0.366,0.572
923500,0.050,0.363,0.587
924000,0.050,0.459,0.491
924500,0.050,0.514,0.436
925000,0.050,0.488,0.462
925500,0.050,0.438,0.512
926000,0.050,0.542,0.408
926500,0.050,0.485,0.465
927000,0.050,0.463,0.487
927500,0.050,0.446,0.504
928000,0.050,0.533,0.417
928500,0.050,0.468,0.482
929000,0.050,0.514,0.436
929500,0.050,0.460,0.490
930000,0.050,0.428,0.522
930500,0.050,0.389,0.561
931000,0.050,0.538,0.412
931500,0.050,0.671,0.279
932000,0.050,0.563,0.387
932500,0.050,0.497,0.453
933000,0.050,0.523,0.427
933500,0.050,0.330,0.620
934000,0.056,0.456,0.488
934500,0.050,0.454,0.496
935000,0.050,0.385,0.565
935500,0.050,0.473,0.477
936000,0.050,0.552,0.398
936500,0.050,0.456,0.494
937000,0.050,0.464,0.486
937500,0.050,0.508,0.442
938000,0.050,0.476,0.474
938500,0.050,0.511,0.439
939000,0.050,0.506,0.444
939500,0.050,0.513,0.437
940000,0.050,0.431,0.519
940500,0.050,0.571,0.379
941000,0.050,0.517,0.433
941500,0.050,0.467,0.483
942000,0.050,0.515,0.435
942500,0.050,0.380,0.570
943000,0.050,0.547,0.403
943500,0.050,0.411,0.539
944000,0.050,0.447,0.503
944500,0.050,0.437,0.513
945000,0.050,0.524,0.426
945500,0.050,0.494,0.456
946000,0.050,0.545,0.405
946500,0.050,0.548,0.402
947000,0.050,0.494,0.456
947500,0.050,0.509,0.441
948000,0.050,0.550,0.400
948500,0.050,0.509,0.441
949000,0.050,0.486,0.464
949500,0.050,0.376,0.574
950000,0.050,0.402,0.548
950500,0.050,0.465,0.485
951000,0.050,0.490,0.460
951500,0.050,0.507,0.443
952000,0.050,0.454,0.496
952500,0.050,0.607,0.343
953000,0.050,0.550,0.400
953500,0.050,0.655,0.295
954000,0.050,0.507,0.443
954500,0.050,0.514,0.436
955000,0.050,0.496,0.454
955500,0.054,0.436,0.510
956000,0.050,0.450,0.500
956500,0.050,0.540,0.410
957000,0.050,0.500,0.450
957500,0.050,0.452,0.498
958000,0.050,0.462,0.488
958500,0.050,0.574,0.376
959000,0.050,0.585,0.365
959500,0.050,0.475,0.475
960000,0.050,0.466,0.484
960500,0.050,0.501,0.449
961000,0.050,0.397,0.553
961500,0.050,0.503,0.447
962000,0.050,0.474,0.476
962500,0.050,0.454,0.496
963000,0.050,0.501,0.449
963500,0.050,0.564,0.386
964000,0.050,0.607,0.343
964500,0.050,0.523,0.427
965000,0.050,0.509,0.441
965500,0.058,0.571,0.371
966000,0.050,0.451,0.499
966500,0.050,0.513,0.437
967000,0.050,0.552,0.398
967500,0.050,0.594,0.356
968000,0.050,0.577,0.373
968500,0.050,0.519,0.431
969000,0.050,0.573,0.377
969500,0.050,0.522,0.428
970000,0.050,0.462,0.488
970500,0.050,0.471,0.479
971000,0.050,0.499,0.451
971500,0.050,0.420,0.530
972000,0.050,0.563,0.387
972500,0.050,0.612,0.338
973000,0.050,0.419,0.531
973500,0.050,0.491,0.459
974000,0.050,0.443,0.507
974500,0.050,0.441,0.509
975000,0.050,0.480,0.470
975500,0.050,0.610,0.340
976000,0.050,0.644,0.306
976500,0.050,0.563,0.387
977000,0.050,0.444,0.506
977500,0.051,0.504,0.445
978000,0.050,0.451,0.499
978500,0.050,0.486,0.464
979000,0.050,0.530,0.420
979500,0.050,0.547,0.403
980000,0.050,0.494,0.456
980500,0.050,0.468,0.482
981000,0.050,0.572,0.378
981500,0.050,0.485,0.465
982000,0.050,0.505,0.445
982500,0.050,0.530,0.420
983000,0.050,0.340,0.610
983500,0.050,0.410,0.540
984000,0.050,0.510,0.440
984500,0.050,0.462,0.488
985000,0.050,0.528,0.422
985500,0.050,0.504,0.446
986000,0.050,0.614,0.336
986500,0.050,0.463,0.487
987000,0.050,0.618,0.332
987500,0.050,0.510,0.440
988000,0.050,0.521,0.429
988500,0.050,0.508,0.442
989000,0.050,0.501,0.449
989500,0.050,0.437,0.513
990000,0.050,0.447,0.503
990500,0.050,0.411,0.539
991000,0.050,0.503,0.447
991500,0.050,0.455,0.495
992000,0.050,0.524,0.426
992500,0.050,0.426,0.524
993000,0.050,0.439,0.511
993500,0.050,0.563,0.387
994000,0.050,0.523,0.427
994500,0.050,0.491,0.459
995000,0.050,0.590,0.360
995500,0.050,0.552,0.398
996000,0.050,0.514,0.436
996500,0.050,0.474,0.476
997000,0.050,0.550,0.400
997500,0.050,0.514,0.436
998000,0.050,0.495,0.455
998500,0.050,0.450,0.500
999000,0.050,0.482,0.468
999500,0.050,0.522,0.428
1000000,0.050,0.517,0.433
