time,n_A+p,n_B,n_AB
500,0.010,0.985,0.005
1000,0.010,0.985,0.005
1500,0.010,0.981,0.009
2000,0.010,0.975,0.015
2500,0.010,0.968,0.022
3000,0.010,0.969,0.021
3500,0.010,0.970,0.020
4000,0.010,0.967,0.023
4500,0.010,0.959,0.031
5000,0.010,0.957,0.033
5500,0.010,0.963,0.027
6000,0.010,0.963,0.027
6500,0.010,0.962,0.028
7000,0.010,0.968,0.022
7500,0.010,0.970,0.020
8000,0.010,0.970,0.020
8500,0.010,0.969,0.021
9000,0.010,0.968,0.022
9500,0.010,0.970,0.020
10000,0.010,0.972,0.018
10500,0.010,0.971,0.019
11000,0.010,0.969,0.021
11500,0.010,0.971,0.019
12000,0.010,0.976,0.014
12500,0.010,0.972,0.018
13000,0.010,0.971,0.019
13500,0.010,0.975,0.015
14000,0.010,0.967,0.023
14500,0.010,0.968,0.022
15000,0.010,0.967,0.023
15500,0.010,0.969,0.021
16000,0.010,0.969,0.021
16500,0.010,0.971,0.019
17000,0.010,0.972,0.018
17500,0.010,0.974,0.016
18000,0.010,0.974,0.016
18500,0.010,0.968,0.022
19000,0.010,0.969,0.021
19500,0.010,0.970,0.020
20000,0.010,0.966,0.024
20500,0.010,0.970,0.020
21000,0.010,0.972,0.018
21500,0.010,0.974,0.016
22000,0.010,0.977,0.013
22500,0.010,0.981,0.009
23000,0.010,0.976,0.014
23500,0.010,0.975,0.015
24000,0.010,0.972,0.018
24500,0.010,0.973,0.017
25000,0.010,0.962,0.028
25500,0.010,0.969,0.021
26000,0.010,0.967,0.023
26500,0.010,0.970,0.020
27000,0.010,0.967,0.023
27500,0.010,0.971,0.019
28000,0.010,0.977,0.013
28500,0.010,0.978,0.012
29000,0.010,0.981,0.009
29500,0.010,0.972,0.018
30000,0.010,0.978,0.012
30500,0.010,0.978,0.012
31000,0.010,0.973,0.017
31500,0.010,0.977,0.013
32000,0.010,0.981,0.009
32500,0.010,0.980,0.010
33000,0.010,0.978,0.012
33500,0.010,0.976,0.014
34000,0.010,0.977,0.013
34500,0.010,0.976,0.014
35000,0.010,0.973,0.017
35500,0.010,0.971,0.019
36000,0.010,0.968,0.022
36500,0.010,0.965,0.025
37000,0.010,0.968,0.022
37500,0.010,0.976,0.014
38000,0.010,0.975,0.015
38500,0.010,0.974,0.016
39000,0.010,0.972,0.018
39500,0.010,0.978,0.012
40000,0.010,0.972,0.018
40500,0.010,0.969,0.021
41000,0.010,0.976,0.014
41500,0.010,0.973,0.017
42000,0.010,0.975,0.015
42500,0.010,0.979,0.011
43000,0.010,0.980,0.010
43500,0.010,0.980,0.010
44000,0.010,0.978,0.012
44500,0.010,0.977,0.013
45000,0.010,0.967,0.023
45500,0.010,0.968,0.022
46000,0.010,0.971,0.019
46500,0.010,0.969,0.021
47000,0.010,0.971,0.019
47500,0.010,0.971,0.019
48000,0.010,0.963,0.027
48500,0.010,0.965,0.025
49000,0.010,0.964,0.026
49500,0.010,0.963,0.027
50000,0.010,0.964,0.026
50500,0.010,0.964,0.026
51000,0.010,0.966,0.024
51500,0.010,0.963,0.027
52000,0.010,0.966,0.024
52500,0.010,0.970,0.020
53000,0.010,0.969,0.021
53500,0.010,0.963,0.027
54000,0.010,0.965,0.025
54500,0.010,0.966,0.024
55000,0.010,0.968,0.022
55500,0.010,0.971,0.019
56000,0.010,0.972,0.018
56500,0.010,0.972,0.018
57000,0.010,0.975,0.015
57500,0.010,0.976,0.014
58000,0.010,0.978,0.012
58500,0.010,0.978,0.012
59000,0.010,0.975,0.015
59500,0.010,0.970,0.020
60000,0.010,0.971,0.019
60500,0.010,0.971,0.019
61000,0.010,0.971,0.019
61500,0.010,0.972,0.018
62000,0.010,0.969,0.021
62500,0.010,0.969,0.021
63000,0.010,0.971,0.019
63500,0.010,0.965,0.025
64000,0.010,0.965,0.025
64500,0.010,0.963,0.027
65000,0.010,0.959,0.031
65500,0.010,0.954,0.036
66000,0.010,0.962,0.028
66500,0.010,0.967,0.023
67000,0.010,0.968,0.022
67500,0.010,0.964,0.026
68000,0.010,0.964,0.026
68500,0.010,0.961,0.029
69000,0.010,0.965,0.025
69500,0.010,0.961,0.029
70000,0.010,0.966,0.024
70500,0.010,0.962,0.028
71000,0.010,0.965,0.025
71500,0.010,0.970,0.020
72000,0.010,0.965,0.025
72500,0.010,0.960,0.030
73000,0.010,0.956,0.034
73500,0.010,0.959,0.031
74000,0.010,0.959,0.031
74500,0.010,0.955,0.035
75000,0.010,0.950,0.040
75500,0.010,0.952,0.038
76000,0.010,0.962,0.028
76500,0.010,0.965,0.025
77000,0.010,0.963,0.027
77500,0.010,0.971,0.019
78000,0.010,0.966,0.024
78500,0.010,0.968,0.022
79000,0.010,0.970,0.020
79500,0.010,0.972,0.018
80000,0.010,0.971,0.019
80500,0.010,0.977,0.013
81000,0.010,0.977,0.013
81500,0.010,0.976,0.014
82000,0.010,0.979,0.011
82500,0.010,0.980,0.010
83000,0.010,0.976,0.014
83500,0.010,0.972,0.018
84000,0.010,0.971,0.019
84500,0.010,0.968,0.022
85000,0.010,0.965,0.025
85500,0.010,0.967,0.023
86000,0.010,0.974,0.016
86500,0.010,0.972,0.018
87000,0.010,0.968,0.022
87500,0.010,0.968,0.022
88000,0.010,0.969,0.021
88500,0.010,0.969,0.021
89000,0.010,0.971,0.019
89500,0.010,0.974,0.016
90000,0.010,0.969,0.021
90500,0.010,0.966,0.024
91000,0.010,0.970,0.020
91500,0.010,0.964,0.026
92000,0.010,0.965,0.025
92500,0.010,0.969,0.021
93000,0.010,0.967,0.023
93500,0.010,0.976,0.014
94000,0.010,0.976,0.014
94500,0.010,0.976,0.014
95000,0.010,0.972,0.018
95500,0.010,0.968,0.022
96000,0.010,0.962,0.028
96500,0.010,0.965,0.025
97000,0.010,0.961,0.029
97500,0.010,0.963,0.027
98000,0.010,0.967,0.023
98500,0.010,0.970,0.020
99000,0.010,0.973,0.017
99500,0.010,0.977,0.013
100000,0.010,0.972,0.018
100500,0.010,0.974,0.016
101000,0.010,0.974,0.016
101500,0.010,0.971,0.019
102000,0.010,0.972,0.018
102500,0.010,0.965,0.025
103000,0.010,0.964,0.026
103500,0.010,0.961,0.029
104000,0.010,0.961,0.029
104500,0.010,0.956,0.034
105000,0.010,0.953,0.037
105500,0.010,0.950,0.040
106000,0.010,0.953,0.037
106500,0.010,0.956,0.034
107000,0.010,0.961,0.029
107500,0.010,0.961,0.029
108000,0.010,0.963,0.027
108500,0.010,0.969,0.021
109000,0.010,0.964,0.026
109500,0.010,0.957,0.033
110000,0.010,0.958,0.032
110500,0.010,0.958,0.032
111000,0.010,0.956,0.034
111500,0.010,0.958,0.032
112000,0.010,0.962,0.028
112500,0.010,0.959,0.031
113000,0.010,0.962,0.028
113500,0.010,0.967,0.023
114000,0.010,0.967,0.023
114500,0.010,0.973,0.017
115000,0.010,0.976,0.014
115500,0.010,0.976,0.014
116000,0.010,0.975,0.015
116500,0.010,0.978,0.012
117000,0.010,0.981,0.009
117500,0.010,0.980,0.010
118000,0.010,0.980,0.010
118500,0.010,0.980,0.010
119000,0.010,0.975,0.015
119500,0.010,0.975,0.015
120000,0.010,0.976,0.014
120500,0.010,0.977,0.013
121000,0.010,0.977,0.013
121500,0.010,0.975,0.015
122000,0.010,0.976,0.014
122500,0.010,0.975,0.015
123000,0.010,0.976,0.014
123500,0.010,0.976,0.014
124000,0.010,0.973,0.017
124500,0.010,0.973,0.017
125000,0.010,0.966,0.024
125500,0.010,0.969,0.021
126000,0.010,0.968,0.022
126500,0.010,0.975,0.015
127000,0.010,0.970,0.020
127500,0.010,0.971,0.019
128000,0.010,0.971,0.019
128500,0.010,0.976,0.014
129000,0.010,0.978,0.012
129500,0.010,0.981,0.009
130000,0.010,0.979,0.011
130500,0.010,0.976,0.014
131000,0.010,0.974,0.016
131500,0.010,0.974,0.016
132000,0.010,0.976,0.014
132500,0.010,0.968,0.022
133000,0.010,0.970,0.020
133500,0.010,0.973,0.017
134000,0.010,0.968,0.022
134500,0.010,0.967,0.023
135000,0.010,0.965,0.025
135500,0.010,0.964,0.026
136000,0.010,0.969,0.021
136500,0.010,0.973,0.017
137000,0.010,0.970,0.020
137500,0.010,0.966,0.024
138000,0.010,0.964,0.026
138500,0.010,0.965,0.025
139000,0.010,0.964,0.026
139500,0.010,0.962,0.028
140000,0.010,0.960,0.030
140500,0.010,0.954,0.036
141000,0.010,0.957,0.033
141500,0.010,0.964,0.026
142000,0.010,0.967,0.023
142500,0.010,0.963,0.027
143000,0.010,0.959,0.031
143500,0.010,0.960,0.030
144000,0.010,0.964,0.026
144500,0.010,0.962,0.028
145000,0.010,0.959,0.031
145500,0.010,0.964,0.026
146000,0.010,0.961,0.029
146500,0.010,0.966,0.024
147000,0.010,0.965,0.025
147500,0.010,0.971,0.019
148000,0.010,0.978,0.012
148500,0.010,0.973,0.017
149000,0.010,0.973,0.017
149500,0.010,0.970,0.020
150000,0.010,0.971,0.019
150500,0.010,0.975,0.015
151000,0.010,0.972,0.018
151500,0.010,0.969,0.021
152000,0.010,0.974,0.016
152500,0.010,0.972,0.018
153000,0.010,0.970,0.020
153500,0.010,0.969,0.021
154000,0.010,0.968,0.022
154500,0.010,0.965,0.025
155000,0.010,0.963,0.027
155500,0.010,0.968,0.022
156000,0.010,0.973,0.017
156500,0.010,0.977,0.013
157000,0.010,0.974,0.016
157500,0.010,0.975,0.015
158000,0.010,0.975,0.015
158500,0.010,0.973,0.017
159000,0.010,0.975,0.015
159500,0.010,0.974,0.016
160000,0.010,0.977,0.013
160500,0.010,0.976,0.014
161000,0.010,0.974,0.016
161500,0.010,0.978,0.012
162000,0.010,0.977,0.013
162500,0.010,0.978,0.012
163000,0.010,0.976,0.014
163500,0.010,0.974,0.016
164000,0.010,0.972,0.018
164500,0.010,0.972,0.018
165000,0.010,0.967,0.023
165500,0.010,0.971,0.019
166000,0.010,0.970,0.020
166500,0.010,0.973,0.017
167000,0.010,0.971,0.019
167500,0.010,0.965,0.025
168000,0.010,0.972,0.018
168500,0.010,0.973,0.017
169000,0.010,0.976,0.014
169500,0.010,0.979,0.011
170000,0.010,0.981,0.009
170500,0.010,0.984,0.006
171000,0.010,0.984,0.006
171500,0.010,0.984,0.006
172000,0.010,0.977,0.013
172500,0.010,0.978,0.012
173000,0.010,0.973,0.017
173500,0.010,0.973,0.017
174000,0.010,0.975,0.015
174500,0.010,0.977,0.013
175000,0.010,0.971,0.019
175500,0.010,0.970,0.020
176000,0.010,0.969,0.021
176500,0.010,0.970,0.020
177000,0.010,0.971,0.019
177500,0.010,0.975,0.015
178000,0.010,0.973,0.017
178500,0.010,0.980,0.010
179000,0.010,0.977,0.013
179500,0.010,0.977,0.013
180000,0.010,0.975,0.015
180500,0.010,0.972,0.018
181000,0.010,0.971,0.019
181500,0.011,0.970,0.020
182000,0.010,0.967,0.023
182500,0.010,0.963,0.027
183000,0.010,0.969,0.021
183500,0.010,0.971,0.019
184000,0.010,0.974,0.016
184500,0.010,0.970,0.020
185000,0.010,0.964,0.026
185500,0.010,0.965,0.025
186000,0.010,0.969,0.021
186500,0.010,0.969,0.021
187000,0.010,0.971,0.019
187500,0.010,0.962,0.028
188000,0.010,0.962,0.028
188500,0.010,0.961,0.029
189000,0.010,0.964,0.026
189500,0.010,0.970,0.020
190000,0.010,0.967,0.023
190500,0.010,0.972,0.018
191000,0.010,0.965,0.025
191500,0.010,0.970,0.020
192000,0.010,0.962,0.028
192500,0.010,0.963,0.027
193000,0.010,0.962,0.028
193500,0.010,0.963,0.027
194000,0.010,0.964,0.026
194500,0.010,0.970,0.020
195000,0.010,0.968,0.022
195500,0.010,0.968,0.022
196000,0.010,0.967,0.023
196500,0.010,0.974,0.016
197000,0.010,0.974,0.016
197500,0.010,0.972,0.018
198000,0.010,0.973,0.017
198500,0.010,0.972,0.018
199000,0.010,0.968,0.022
199500,0.010,0.969,0.021
200000,0.010,0.968,0.022
200500,0.010,0.968,0.022
201000,0.010,0.965,0.025
201500,0.010,0.966,0.024
202000,0.010,0.967,0.023
202500,0.010,0.970,0.020
203000,0.010,0.967,0.023
203500,0.010,0.968,0.022
204000,0.010,0.971,0.019
204500,0.010,0.971,0.019
205000,0.010,0.970,0.020
205500,0.010,0.967,0.023
206000,0.010,0.976,0.014
206500,0.010,0.969,0.021
207000,0.010,0.969,0.021
207500,0.010,0.967,0.023
208000,0.010,0.969,0.021
208500,0.010,0.974,0.016
209000,0.010,0.969,0.021
209500,0.010,0.972,0.018
210000,0.010,0.974,0.016
210500,0.010,0.976,0.014
211000,0.010,0.976,0.014
211500,0.010,0.973,0.017
212000,0.010,0.974,0.016
212500,0.010,0.974,0.016
213000,0.010,0.971,0.019
213500,0.010,0.975,0.015
214000,0.010,0.974,0.016
214500,0.010,0.970,0.020
215000,0.010,0.974,0.016
215500,0.010,0.972,0.018
216000,0.010,0.969,0.021
216500,0.010,0.970,0.020
217000,0.010,0.971,0.019
217500,0.010,0.967,0.023
218000,0.010,0.967,0.023
218500,0.010,0.967,0.023
219000,0.010,0.964,0.026
219500,0.010,0.969,0.021
220000,0.010,0.968,0.022
220500,0.010,0.965,0.025
221000,0.010,0.965,0.025
221500,0.010,0.969,0.021
222000,0.010,0.966,0.024
222500,0.010,0.972,0.018
223000,0.010,0.976,0.014
223500,0.010,0.976,0.014
224000,0.010,0.976,0.014
224500,0.010,0.979,0.011
225000,0.010,0.981,0.009
225500,0.010,0.980,0.010
226000,0.010,0.980,0.010
226500,0.010,0.977,0.013
227000,0.010,0.972,0.018
227500,0.010,0.970,0.020
228000,0.010,0.971,0.019
228500,0.010,0.969,0.021
229000,0.010,0.968,0.022
229500,0.010,0.967,0.023
230000,0.010,0.962,0.028
230500,0.010,0.956,0.034
231000,0.010,0.954,0.036
231500,0.010,0.955,0.035
232000,0.010,0.959,0.031
232500,0.010,0.958,0.032
233000,0.010,0.966,0.024
233500,0.010,0.967,0.023
234000,0.010,0.971,0.019
234500,0.010,0.970,0.020
235000,0.010,0.968,0.022
235500,0.010,0.967,0.023
236000,0.010,0.970,0.020
236500,0.010,0.971,0.019
237000,0.010,0.968,0.022
237500,0.010,0.970,0.020
238000,0.010,0.973,0.017
238500,0.010,0.972,0.018
239000,0.010,0.973,0.017
239500,0.010,0.974,0.016
240000,0.010,0.969,0.021
240500,0.010,0.963,0.027
241000,0.010,0.961,0.029
241500,0.010,0.966,0.024
242000,0.010,0.970,0.020
242500,0.010,0.975,0.015
243000,0.010,0.972,0.018
243500,0.010,0.963,0.027
244000,0.010,0.966,0.024
244500,0.010,0.967,0.023
245000,0.010,0.970,0.020
245500,0.010,0.975,0.015
246000,0.010,0.976,0.014
246500,0.010,0.975,0.015
247000,0.010,0.972,0.018
247500,0.010,0.967,0.023
248000,0.010,0.970,0.020
248500,0.010,0.972,0.018
249000,0.010,0.973,0.017
249500,0.010,0.971,0.019
250000,0.010,0.973,0.017
250500,0.010,0.974,0.016
251000,0.010,0.977,0.013
251500,0.010,0.977,0.013
252000,0.010,0.977,0.013
252500,0.010,0.978,0.012
253000,0.010,0.980,0.010
253500,0.010,0.977,0.013
254000,0.010,0.976,0.014
254500,0.010,0.978,0.012
255000,0.010,0.976,0.014
255500,0.010,0.975,0.015
256000,0.010,0.975,0.015
256500,0.010,0.971,0.019
257000,0.010,0.970,0.020
257500,0.010,0.966,0.024
258000,0.010,0.965,0.025
258500,0.010,0.965,0.025
259000,0.010,0.969,0.021
259500,0.010,0.972,0.018
260000,0.010,0.972,0.018
260500,0.010,0.969,0.021
261000,0.010,0.972,0.018
261500,0.010,0.974,0.016
262000,0.010,0.973,0.017
262500,0.010,0.970,0.020
263000,0.010,0.970,0.020
263500,0.010,0.972,0.018
264000,0.011,0.967,0.023
264500,0.011,0.964,0.026
265000,0.011,0.965,0.025
265500,0.011,0.966,0.024
266000,0.011,0.968,0.022
266500,0.010,0.969,0.021
267000,0.010,0.967,0.023
267500,0.010,0.968,0.022
268000,0.010,0.971,0.019
268500,0.010,0.975,0.015
269000,0.010,0.975,0.015
269500,0.010,0.977,0.013
270000,0.010,0.973,0.017
270500,0.010,0.973,0.017
271000,0.010,0.973,0.017
271500,0.010,0.971,0.019
272000,0.010,0.969,0.021
272500,0.010,0.971,0.019
273000,0.010,0.971,0.019
273500,0.010,0.971,0.019
274000,0.010,0.973,0.017
274500,0.010,0.974,0.016
275000,0.010,0.972,0.018
275500,0.010,0.967,0.023
276000,0.010,0.972,0.018
276500,0.010,0.977,0.013
277000,0.010,0.973,0.017
277500,0.010,0.968,0.022
278000,0.010,0.968,0.022
278500,0.010,0.963,0.027
279000,0.010,0.955,0.035
279500,0.010,0.964,0.026
280000,0.010,0.964,0.026
280500,0.010,0.967,0.023
281000,0.010,0.971,0.019
281500,0.010,0.973,0.017
282000,0.010,0.968,0.022
282500,0.010,0.969,0.021
283000,0.010,0.972,0.018
283500,0.010,0.972,0.018
284000,0.010,0.970,0.020
284500,0.010,0.971,0.019
285000,0.010,0.971,0.019
285500,0.010,0.976,0.014
286000,0.010,0.972,0.018
286500,0.010,0.971,0.019
287000,0.010,0.966,0.024
287500,0.010,0.961,0.029
288000,0.010,0.964,0.026
288500,0.010,0.970,0.020
289000,0.010,0.969,0.021
289500,0.010,0.969,0.021
290000,0.010,0.972,0.018
290500,0.010,0.978,0.012
291000,0.010,0.974,0.016
291500,0.010,0.975,0.015
292000,0.010,0.977,0.013
292500,0.010,0.976,0.014
293000,0.010,0.978,0.012
293500,0.010,0.978,0.012
294000,0.010,0.975,0.015
294500,0.010,0.977,0.013
295000,0.010,0.977,0.013
295500,0.010,0.975,0.015
296000,0.010,0.966,0.024
296500,0.010,0.965,0.025
297000,0.010,0.967,0.023
297500,0.010,0.963,0.027
298000,0.010,0.961,0.029
298500,0.010,0.964,0.026
299000,0.010,0.962,0.028
299500,0.010,0.965,0.025
300000,0.010,0.967,0.023
300500,0.010,0.967,0.023
301000,0.010,0.964,0.026
301500,0.010,0.960,0.030
302000,0.010,0.968,0.022
302500,0.010,0.977,0.013
303000,0.010,0.975,0.015
303500,0.010,0.980,0.010
304000,0.010,0.983,0.007
304500,0.010,0.978,0.012
305000,0.010,0.976,0.014
305500,0.010,0.979,0.011
306000,0.010,0.975,0.015
306500,0.010,0.970,0.020
307000,0.010,0.964,0.026
307500,0.010,0.965,0.025
308000,0.010,0.969,0.021
308500,0.010,0.965,0.025
309000,0.010,0.969,0.021
309500,0.010,0.966,0.024
310000,0.010,0.970,0.020
310500,0.010,0.967,0.023
311000,0.010,0.961,0.029
311500,0.010,0.964,0.026
312000,0.010,0.962,0.028
312500,0.010,0.969,0.021
313000,0.010,0.971,0.019
313500,0.010,0.972,0.018
314000,0.010,0.972,0.018
314500,0.010,0.974,0.016
315000,0.010,0.975,0.015
315500,0.010,0.978,0.012
316000,0.010,0.971,0.019
316500,0.010,0.974,0.016
317000,0.010,0.978,0.012
317500,0.010,0.976,0.014
318000,0.010,0.975,0.015
318500,0.010,0.974,0.016
319000,0.010,0.974,0.016
319500,0.010,0.975,0.015
320000,0.010,0.978,0.012
320500,0.010,0.972,0.018
321000,0.010,0.970,0.020
321500,0.010,0.975,0.015
322000,0.010,0.976,0.014
322500,0.010,0.970,0.020
323000,0.010,0.970,0.020
323500,0.010,0.968,0.022
324000,0.010,0.974,0.016
324500,0.010,0.974,0.016
325000,0.010,0.970,0.020
325500,0.010,0.978,0.012
326000,0.010,0.977,0.013
326500,0.010,0.976,0.014
327000,0.010,0.976,0.014
327500,0.010,0.973,0.017
328000,0.010,0.972,0.018
328500,0.010,0.968,0.022
329000,0.010,0.972,0.018
329500,0.010,0.970,0.020
330000,0.010,0.968,0.022
330500,0.010,0.973,0.017
331000,0.010,0.976,0.014
331500,0.010,0.975,0.015
332000,0.010,0.975,0.015
332500,0.010,0.975,0.015
333000,0.010,0.971,0.019
333500,0.010,0.972,0.018
334000,0.010,0.970,0.020
334500,0.010,0.972,0.018
335000,0.010,0.965,0.025
335500,0.010,0.971,0.019
336000,0.010,0.972,0.018
336500,0.010,0.974,0.016
337000,0.010,0.978,0.012
337500,0.010,0.978,0.012
338000,0.010,0.977,0.013
338500,0.010,0.976,0.014
339000,0.010,0.976,0.014
339500,0.010,0.976,0.014
340000,0.010,0.973,0.017
340500,0.010,0.974,0.016
341000,0.010,0.977,0.013
341500,0.010,0.978,0.012
342000,0.010,0.975,0.015
342500,0.010,0.974,0.016
343000,0.010,0.977,0.013
343500,0.010,0.978,0.012
344000,0.010,0.980,0.010
344500,0.010,0.974,0.016
345000,0.010,0.974,0.016
345500,0.010,0.970,0.020
346000,0.010,0.968,0.022
346500,0.010,0.971,0.019
347000,0.010,0.968,0.022
347500,0.010,0.974,0.016
348000,0.010,0.971,0.019
348500,0.010,0.969,0.021
349000,0.010,0.971,0.019
349500,0.010,0.976,0.014
350000,0.010,0.977,0.013
350500,0.010,0.974,0.016
351000,0.010,0.976,0.014
351500,0.010,0.963,0.027
352000,0.010,0.963,0.027
352500,0.010,0.967,0.023
353000,0.010,0.969,0.021
353500,0.010,0.962,0.028
354000,0.011,0.969,0.020
354500,0.011,0.975,0.014
355000,0.010,0.971,0.019
355500,0.010,0.973,0.017
356000,0.010,0.971,0.019
356500,0.010,0.973,0.017
357000,0.010,0.976,0.014
357500,0.010,0.969,0.021
358000,0.010,0.973,0.017
358500,0.010,0.972,0.018
359000,0.010,0.970,0.020
359500,0.010,0.976,0.014
360000,0.010,0.977,0.013
360500,0.010,0.978,0.012
361000,0.010,0.981,0.009
361500,0.010,0.981,0.009
362000,0.010,0.976,0.014
362500,0.010,0.979,0.011
363000,0.010,0.972,0.018
363500,0.010,0.975,0.015
364000,0.010,0.976,0.014
364500,0.010,0.978,0.012
365000,0.010,0.977,0.013
365500,0.010,0.976,0.014
366000,0.010,0.970,0.020
366500,0.010,0.971,0.019
367000,0.010,0.978,0.012
367500,0.010,0.979,0.011
368000,0.010,0.976,0.014
368500,0.010,0.977,0.013
369000,0.010,0.978,0.012
369500,0.010,0.976,0.014
370000,0.010,0.971,0.019
370500,0.010,0.975,0.015
371000,0.010,0.972,0.018
371500,0.010,0.970,0.020
372000,0.010,0.968,0.022
372500,0.010,0.971,0.019
373000,0.010,0.971,0.019
373500,0.010,0.973,0.017
374000,0.010,0.973,0.017
374500,0.010,0.975,0.015
375000,0.010,0.973,0.017
375500,0.010,0.977,0.013
376000,0.010,0.974,0.016
376500,0.010,0.977,0.013
377000,0.010,0.971,0.019
377500,0.010,0.972,0.018
378000,0.010,0.972,0.018
378500,0.010,0.968,0.022
379000,0.010,0.967,0.023
379500,0.010,0.973,0.017
380000,0.010,0.974,0.016
380500,0.010,0.974,0.016
381000,0.010,0.964,0.026
381500,0.010,0.967,0.023
382000,0.010,0.970,0.020
382500,0.010,0.970,0.020
383000,0.010,0.972,0.018
383500,0.010,0.973,0.017
384000,0.010,0.970,0.020
384500,0.010,0.973,0.017
385000,0.010,0.971,0.019
385500,0.010,0.975,0.015
386000,0.010,0.972,0.018
386500,0.010,0.963,0.027
387000,0.010,0.961,0.029
387500,0.010,0.962,0.028
388000,0.010,0.965,0.025
388500,0.011,0.970,0.019
389000,0.011,0.973,0.016
389500,0.011,0.964,0.025
390000,0.011,0.965,0.024
390500,0.010,0.971,0.019
391000,0.010,0.973,0.017
391500,0.010,0.973,0.017
392000,0.010,0.974,0.016
392500,0.010,0.974,0.016
393000,0.010,0.976,0.014
393500,0.010,0.977,0.013
394000,0.010,0.979,0.011
394500,0.010,0.980,0.010
395000,0.010,0.976,0.014
395500,0.010,0.974,0.016
396000,0.010,0.973,0.017
396500,0.010,0.971,0.019
397000,0.010,0.969,0.021
397500,0.010,0.968,0.022
398000,0.010,0.964,0.026
398500,0.010,0.964,0.026
399000,0.010,0.966,0.024
399500,0.010,0.966,0.024
400000,0.010,0.970,0.020
400500,0.010,0.969,0.021
401000,0.010,0.970,0.020
401500,0.010,0.973,0.017
402000,0.010,0.975,0.015
402500,0.010,0.974,0.016
403000,0.010,0.973,0.017
403500,0.010,0.975,0.015
404000,0.010,0.975,0.015
404500,0.010,0.974,0.016
405000,0.010,0.974,0.016
405500,0.010,0.963,0.027
406000,0.010,0.967,0.023
406500,0.010,0.967,0.023
407000,0.010,0.976,0.014
407500,0.010,0.978,0.012
408000,0.010,0.973,0.017
408500,0.010,0.974,0.016
409000,0.010,0.969,0.021
409500,0.010,0.972,0.018
410000,0.010,0.974,0.016
410500,0.010,0.975,0.015
411000,0.010,0.971,0.019
411500,0.010,0.972,0.018
412000,0.010,0.973,0.017
412500,0.010,0.971,0.019
413000,0.010,0.974,0.016
413500,0.010,0.971,0.019
414000,0.010,0.971,0.019
414500,0.010,0.971,0.019
415000,0.010,0.967,0.023
415500,0.010,0.966,0.024
416000,0.010,0.967,0.023
416500,0.010,0.966,0.024
417000,0.010,0.969,0.021
417500,0.010,0.973,0.017
418000,0.010,0.968,0.022
418500,0.010,0.970,0.020
419000,0.010,0.971,0.019
419500,0.010,0.965,0.025
420000,0.010,0.966,0.024
420500,0.010,0.963,0.027
421000,0.010,0.963,0.027
421500,0.010,0.966,0.024
422000,0.010,0.964,0.026
422500,0.010,0.966,0.024
423000,0.010,0.964,0.026
423500,0.010,0.965,0.025
424000,0.010,0.956,0.034
424500,0.010,0.961,0.029
425000,0.010,0.968,0.022
425500,0.010,0.969,0.021
426000,0.010,0.967,0.023
426500,0.010,0.966,0.024
427000,0.010,0.967,0.023
427500,0.010,0.969,0.021
428000,0.010,0.974,0.016
428500,0.010,0.975,0.015
429000,0.010,0.974,0.016
429500,0.010,0.976,0.014
430000,0.010,0.975,0.015
430500,0.010,0.975,0.015
431000,0.010,0.976,0.014
431500,0.010,0.980,0.010
432000,0.010,0.979,0.011
432500,0.010,0.973,0.017
433000,0.010,0.975,0.015
433500,0.010,0.973,0.017
434000,0.010,0.971,0.019
434500,0.010,0.977,0.013
435000,0.010,0.978,0.012
435500,0.010,0.978,0.012
436000,0.010,0.976,0.014
436500,0.010,0.976,0.014
437000,0.010,0.973,0.017
437500,0.010,0.974,0.016
438000,0.010,0.973,0.017
438500,0.010,0.974,0.016
439000,0.010,0.978,0.012
439500,0.010,0.978,0.012
440000,0.010,0.978,0.012
440500,0.010,0.977,0.013
441000,0.010,0.977,0.013
441500,0.010,0.973,0.017
442000,0.010,0.974,0.016
442500,0.010,0.975,0.015
443000,0.010,0.971,0.019
443500,0.010,0.966,0.024
444000,0.010,0.964,0.026
444500,0.010,0.965,0.025
445000,0.010,0.965,0.025
445500,0.010,0.964,0.026
446000,0.010,0.966,0.024
446500,0.010,0.970,0.020
447000,0.010,0.971,0.019
447500,0.010,0.974,0.016
448000,0.010,0.971,0.019
448500,0.010,0.968,0.022
449000,0.010,0.968,0.022
449500,0.010,0.971,0.019
450000,0.010,0.973,0.017
450500,0.010,0.977,0.013
451000,0.010,0.978,0.012
451500,0.010,0.976,0.014
452000,0.010,0.975,0.015
452500,0.010,0.976,0.014
453000,0.010,0.974,0.016
453500,0.010,0.972,0.018
454000,0.010,0.972,0.018
454500,0.010,0.970,0.020
455000,0.010,0.971,0.019
455500,0.010,0.969,0.021
456000,0.010,0.975,0.015
456500,0.010,0.967,0.023
457000,0.010,0.971,0.019
457500,0.010,0.972,0.018
458000,0.010,0.972,0.018
458500,0.010,0.965,0.025
459000,0.010,0.968,0.022
459500,0.010,0.959,0.031
460000,0.010,0.961,0.029
460500,0.010,0.966,0.024
461000,0.010,0.968,0.022
461500,0.010,0.973,0.017
462000,0.010,0.970,0.020
462500,0.010,0.973,0.017
463000,0.010,0.974,0.016
463500,0.010,0.972,0.018
464000,0.010,0.975,0.015
464500,0.010,0.973,0.017
465000,0.010,0.976,0.014
465500,0.010,0.979,0.011
466000,0.010,0.977,0.013
466500,0.010,0.974,0.016
467000,0.010,0.975,0.015
467500,0.010,0.979,0.011
468000,0.010,0.978,0.012
468500,0.010,0.979,0.011
469000,0.010,0.978,0.012
469500,0.010,0.976,0.014
470000,0.010,0.977,0.013
470500,0.010,0.977,0.013
471000,0.010,0.971,0.019
471500,0.010,0.971,0.019
472000,0.010,0.968,0.022
472500,0.010,0.969,0.021
473000,0.010,0.967,0.023
473500,0.010,0.966,0.024
474000,0.010,0.964,0.026
474500,0.010,0.962,0.028
475000,0.011,0.966,0.024
475500,0.011,0.968,0.022
476000,0.011,0.966,0.024
476500,0.011,0.966,0.024
477000,0.011,0.971,0.019
477500,0.011,0.969,0.021
478000,0.011,0.969,0.021
478500,0.011,0.969,0.021
479000,0.010,0.965,0.025
479500,0.010,0.973,0.017
480000,0.010,0.971,0.019
480500,0.010,0.977,0.013
481000,0.010,0.976,0.014
481500,0.010,0.977,0.013
482000,0.010,0.973,0.017
482500,0.010,0.973,0.017
483000,0.010,0.973,0.017
483500,0.010,0.970,0.020
484000,0.010,0.968,0.022
484500,0.010,0.966,0.024
485000,0.010,0.969,0.021
485500,0.010,0.971,0.019
486000,0.010,0.974,0.016
486500,0.010,0.970,0.020
487000,0.010,0.973,0.017
487500,0.010,0.980,0.010
488000,0.010,0.977,0.013
488500,0.010,0.969,0.021
489000,0.010,0.964,0.026
489500,0.010,0.962,0.028
490000,0.010,0.957,0.033
490500,0.010,0.964,0.026
491000,0.010,0.966,0.024
491500,0.010,0.970,0.020
492000,0.010,0.968,0.022
492500,0.010,0.969,0.021
493000,0.010,0.972,0.018
493500,0.010,0.970,0.020
494000,0.010,0.968,0.022
494500,0.010,0.968,0.022
495000,0.010,0.969,0.021
495500,0.010,0.970,0.020
496000,0.010,0.963,0.027
496500,0.010,0.963,0.027
497000,0.010,0.958,0.032
497500,0.010,0.967,0.023
498000,0.010,0.970,0.020
498500,0.010,0.967,0.023
499000,0.010,0.969,0.021
499500,0.010,0.968,0.022
500000,0.010,0.971,0.019
500500,0.010,0.973,0.017
501000,0.010,0.975,0.015
501500,0.010,0.968,0.022
502000,0.010,0.972,0.018
502500,0.010,0.973,0.017
503000,0.010,0.969,0.021
503500,0.010,0.970,0.020
504000,0.010,0.966,0.024
504500,0.010,0.965,0.025
505000,0.010,0.967,0.023
505500,0.010,0.966,0.024
506000,0.010,0.964,0.026
506500,0.010,0.973,0.017
507000,0.010,0.977,0.013
507500,0.010,0.973,0.017
508000,0.010,0.974,0.016
508500,0.010,0.968,0.022
509000,0.010,0.965,0.025
509500,0.010,0.963,0.027
510000,0.010,0.964,0.026
510500,0.010,0.966,0.024
511000,0.010,0.972,0.018
511500,0.010,0.970,0.020
512000,0.010,0.972,0.018
512500,0.010,0.971,0.019
513000,0.010,0.969,0.021
513500,0.010,0.968,0.022
514000,0.010,0.968,0.022
514500,0.010,0.971,0.019
515000,0.010,0.970,0.020
515500,0.010,0.970,0.020
516000,0.010,0.967,0.023
516500,0.010,0.965,0.025
517000,0.010,0.970,0.020
517500,0.010,0.973,0.017
518000,0.010,0.974,0.016
518500,0.010,0.973,0.017
519000,0.010,0.972,0.018
519500,0.010,0.973,0.017
520000,0.010,0.972,0.018
520500,0.010,0.970,0.020
521000,0.010,0.969,0.021
521500,0.010,0.967,0.023
522000,0.010,0.963,0.027
522500,0.010,0.964,0.026
523000,0.010,0.964,0.026
523500,0.010,0.966,0.024
524000,0.010,0.963,0.027
524500,0.010,0.965,0.025
525000,0.010,0.966,0.024
525500,0.010,0.976,0.014
526000,0.010,0.975,0.015
526500,0.010,0.977,0.013
527000,0.010,0.976,0.014
527500,0.010,0.977,0.013
528000,0.010,0.976,0.014
528500,0.010,0.979,0.011
529000,0.010,0.973,0.017
529500,0.010,0.972,0.018
530000,0.010,0.970,0.020
530500,0.010,0.972,0.018
531000,0.010,0.968,0.022
531500,0.010,0.964,0.026
532000,0.010,0.965,0.025
532500,0.010,0.966,0.024
533000,0.010,0.962,0.028
533500,0.010,0.966,0.024
534000,0.010,0.967,0.023
534500,0.010,0.971,0.019
535000,0.010,0.975,0.015
535500,0.010,0.975,0.015
536000,0.010,0.976,0.014
536500,0.010,0.974,0.016
537000,0.010,0.973,0.017
537500,0.010,0.969,0.021
538000,0.010,0.973,0.017
538500,0.010,0.969,0.021
539000,0.010,0.971,0.019
539500,0.010,0.965,0.025
540000,0.010,0.965,0.025
540500,0.010,0.969,0.021
541000,0.010,0.966,0.024
541500,0.010,0.973,0.017
542000,0.010,0.969,0.021
542500,0.010,0.974,0.016
543000,0.010,0.976,0.014
543500,0.010,0.977,0.013
544000,0.010,0.973,0.017
544500,0.010,0.972,0.018
545000,0.010,0.971,0.019
545500,0.010,0.969,0.021
546000,0.010,0.967,0.023
546500,0.010,0.969,0.021
547000,0.010,0.967,0.023
547500,0.010,0.970,0.020
548000,0.010,0.970,0.020
548500,0.010,0.971,0.019
549000,0.010,0.967,0.023
549500,0.010,0.970,0.020
550000,0.010,0.971,0.019
550500,0.010,0.977,0.013
551000,0.010,0.976,0.014
551500,0.010,0.972,0.018
552000,0.010,0.973,0.017
552500,0.010,0.967,0.023
553000,0.010,0.968,0.022
553500,0.010,0.962,0.028
554000,0.010,0.966,0.024
554500,0.010,0.969,0.021
555000,0.010,0.965,0.025
555500,0.010,0.957,0.033
556000,0.010,0.953,0.037
556500,0.010,0.955,0.035
557000,0.010,0.961,0.029
557500,0.010,0.971,0.019
558000,0.010,0.968,0.022
558500,0.010,0.971,0.019
559000,0.010,0.962,0.028
559500,0.010,0.969,0.021
560000,0.010,0.963,0.027
560500,0.010,0.953,0.037
561000,0.010,0.952,0.038
561500,0.010,0.960,0.030
562000,0.010,0.963,0.027
562500,0.010,0.963,0.027
563000,0.010,0.968,0.022
563500,0.010,0.974,0.016
564000,0.010,0.975,0.015
564500,0.010,0.974,0.016
565000,0.010,0.974,0.016
565500,0.010,0.973,0.017
566000,0.010,0.974,0.016
566500,0.010,0.973,0.017
567000,0.010,0.969,0.021
567500,0.010,0.971,0.019
568000,0.010,0.964,0.026
568500,0.010,0.969,0.021
569000,0.010,0.974,0.016
569500,0.010,0.973,0.017
570000,0.010,0.967,0.023
570500,0.010,0.970,0.020
571000,0.010,0.967,0.023
571500,0.010,0.968,0.022
572000,0.010,0.971,0.019
572500,0.010,0.973,0.017
573000,0.010,0.972,0.018
573500,0.010,0.968,0.022
574000,0.010,0.965,0.025
574500,0.010,0.973,0.017
575000,0.010,0.970,0.020
575500,0.010,0.970,0.020
576000,0.010,0.973,0.017
576500,0.010,0.969,0.021
577000,0.010,0.970,0.020
577500,0.010,0.971,0.019
578000,0.010,0.967,0.023
578500,0.010,0.971,0.019
579000,0.010,0.972,0.018
579500,0.010,0.972,0.018
580000,0.010,0.973,0.017
580500,0.010,0.967,0.023
581000,0.010,0.967,0.023
581500,0.010,0.961,0.029
582000,0.010,0.965,0.025
582500,0.010,0.965,0.025
583000,0.010,0.974,0.016
583500,0.010,0.972,0.018
584000,0.010,0.975,0.015
584500,0.010,0.969,0.021
585000,0.010,0.973,0.017
585500,0.010,0.970,0.020
586000,0.010,0.973,0.017
586500,0.010,0.971,0.019
587000,0.010,0.972,0.018
587500,0.010,0.972,0.018
588000,0.010,0.973,0.017
588500,0.010,0.974,0.016
589000,0.010,0.976,0.014
589500,0.010,0.971,0.019
590000,0.010,0.974,0.016
590500,0.010,0.975,0.015
591000,0.011,0.974,0.015
591500,0.011,0.975,0.015
592000,0.010,0.974,0.016
592500,0.010,0.975,0.015
593000,0.010,0.974,0.016
593500,0.010,0.967,0.023
594000,0.010,0.971,0.019
594500,0.010,0.972,0.018
595000,0.010,0.973,0.017
595500,0.010,0.970,0.020
596000,0.010,0.975,0.015
596500,0.010,0.974,0.016
597000,0.010,0.965,0.025
597500,0.010,0.967,0.023
598000,0.010,0.973,0.017
598500,0.010,0.973,0.017
599000,0.010,0.974,0.016
599500,0.010,0.973,0.017
600000,0.010,0.971,0.019
600500,0.010,0.967,0.023
601000,0.010,0.963,0.027
601500,0.010,0.968,0.022
602000,0.010,0.965,0.025
602500,0.010,0.968,0.022
603000,0.010,0.974,0.016
603500,0.010,0.979,0.011
604000,0.010,0.980,0.010
604500,0.010,0.976,0.014
605000,0.010,0.974,0.016
605500,0.010,0.976,0.014
606000,0.010,0.976,0.014
606500,0.010,0.976,0.014
607000,0.010,0.970,0.020
607500,0.010,0.967,0.023
608000,0.010,0.974,0.016
608500,0.010,0.973,0.017
609000,0.010,0.973,0.017
609500,0.010,0.970,0.020
610000,0.010,0.971,0.019
610500,0.010,0.967,0.023
611000,0.010,0.964,0.026
611500,0.010,0.966,0.024
612000,0.010,0.970,0.020
612500,0.010,0.975,0.015
613000,0.010,0.974,0.016
613500,0.010,0.971,0.019
614000,0.010,0.965,0.025
614500,0.010,0.968,0.022
615000,0.010,0.969,0.021
615500,0.010,0.972,0.018
616000,0.010,0.977,0.013
616500,0.010,0.973,0.017
617000,0.010,0.975,0.015
617500,0.010,0.975,0.015
618000,0.010,0.974,0.016
618500,0.010,0.974,0.016
619000,0.010,0.978,0.012
619500,0.010,0.976,0.014
620000,0.010,0.971,0.019
620500,0.010,0.973,0.017
621000,0.010,0.973,0.017
621500,0.010,0.974,0.016
622000,0.010,0.972,0.018
622500,0.010,0.972,0.018
623000,0.010,0.978,0.012
623500,0.010,0.980,0.010
624000,0.010,0.970,0.020
624500,0.010,0.970,0.020
625000,0.010,0.973,0.017
625500,0.010,0.971,0.019
626000,0.010,0.975,0.015
626500,0.010,0.973,0.017
627000,0.010,0.974,0.016
627500,0.010,0.973,0.017
628000,0.010,0.973,0.017
628500,0.010,0.976,0.014
629000,0.010,0.978,0.012
629500,0.010,0.970,0.020
630000,0.010,0.974,0.016
630500,0.010,0.973,0.017
631000,0.010,0.978,0.012
631500,0.010,0.977,0.013
632000,0.010,0.973,0.017
632500,0.010,0.971,0.019
633000,0.010,0.973,0.017
633500,0.010,0.978,0.012
634000,0.010,0.975,0.015
634500,0.010,0.975,0.015
635000,0.010,0.970,0.020
635500,0.010,0.972,0.018
636000,0.010,0.976,0.014
636500,0.010,0.977,0.013
637000,0.010,0.978,0.012
637500,0.010,0.978,0.012
638000,0.010,0.979,0.011
638500,0.010,0.977,0.013
639000,0.010,0.977,0.013
639500,0.010,0.968,0.022
640000,0.010,0.969,0.021
640500,0.010,0.971,0.019
641000,0.010,0.968,0.022
641500,0.010,0.974,0.016
642000,0.010,0.976,0.014
642500,0.010,0.975,0.015
643000,0.010,0.972,0.018
643500,0.010,0.977,0.013
644000,0.010,0.978,0.012
644500,0.010,0.981,0.009
645000,0.010,0.976,0.014
645500,0.010,0.967,0.023
646000,0.010,0.966,0.024
646500,0.010,0.973,0.017
647000,0.010,0.970,0.020
647500,0.010,0.974,0.016
648000,0.010,0.972,0.018
648500,0.010,0.974,0.016
649000,0.010,0.974,0.016
649500,0.010,0.972,0.018
650000,0.010,0.977,0.013
650500,0.010,0.979,0.011
651000,0.010,0.977,0.013
651500,0.010,0.976,0.014
652000,0.010,0.975,0.015
652500,0.010,0.973,0.017
653000,0.010,0.972,0.018
653500,0.010,0.976,0.014
654000,0.010,0.971,0.019
654500,0.010,0.971,0.019
655000,0.010,0.973,0.017
655500,0.010,0.971,0.019
656000,0.010,0.970,0.020
656500,0.010,0.967,0.023
657000,0.010,0.967,0.023
657500,0.010,0.966,0.024
658000,0.010,0.968,0.022
658500,0.010,0.962,0.028
659000,0.010,0.964,0.026
659500,0.010,0.965,0.025
660000,0.010,0.966,0.024
660500,0.010,0.972,0.018
661000,0.010,0.971,0.019
661500,0.010,0.975,0.015
662000,0.010,0.966,0.024
662500,0.010,0.963,0.027
663000,0.010,0.963,0.027
663500,0.010,0.968,0.022
664000,0.010,0.969,0.021
664500,0.010,0.972,0.018
665000,0.010,0.970,0.020
665500,0.010,0.966,0.024
666000,0.010,0.973,0.017
666500,0.010,0.970,0.020
667000,0.010,0.972,0.018
667500,0.010,0.970,0.020
668000,0.010,0.973,0.017
668500,0.010,0.977,0.013
669000,0.010,0.980,0.010
669500,0.010,0.979,0.011
670000,0.010,0.982,0.008
670500,0.010,0.977,0.013
671000,0.010,0.973,0.017
671500,0.010,0.976,0.014
672000,0.010,0.973,0.017
672500,0.010,0.976,0.014
673000,0.010,0.976,0.014
673500,0.010,0.977,0.013
674000,0.010,0.973,0.017
674500,0.010,0.975,0.015
675000,0.010,0.973,0.017
675500,0.010,0.977,0.013
676000,0.010,0.976,0.014
676500,0.010,0.971,0.019
677000,0.010,0.969,0.021
677500,0.010,0.969,0.021
678000,0.010,0.970,0.020
678500,0.010,0.972,0.018
679000,0.010,0.973,0.017
679500,0.010,0.973,0.017
680000,0.010,0.974,0.016
680500,0.010,0.975,0.015
681000,0.010,0.974,0.016
681500,0.010,0.971,0.019
682000,0.010,0.974,0.016
682500,0.010,0.971,0.019
683000,0.010,0.968,0.022
683500,0.010,0.973,0.017
684000,0.010,0.972,0.018
684500,0.010,0.969,0.021
685000,0.010,0.972,0.018
685500,0.010,0.972,0.018
686000,0.010,0.973,0.017
686500,0.010,0.975,0.015
687000,0.010,0.974,0.016
687500,0.010,0.971,0.019
688000,0.010,0.965,0.025
688500,0.010,0.961,0.029
689000,0.010,0.965,0.025
689500,0.010,0.971,0.019
690000,0.010,0.972,0.018
690500,0.010,0.975,0.015
691000,0.010,0.979,0.011
691500,0.010,0.973,0.017
692000,0.010,0.970,0.020
692500,0.010,0.967,0.023
693000,0.010,0.970,0.020
693500,0.010,0.968,0.022
694000,0.010,0.972,0.018
694500,0.010,0.978,0.012
695000,0.010,0.978,0.012
695500,0.010,0.977,0.013
696000,0.010,0.978,0.012
696500,0.010,0.980,0.010
697000,0.010,0.978,0.012
697500,0.010,0.979,0.011
698000,0.010,0.978,0.012
698500,0.010,0.980,0.010
699000,0.010,0.981,0.009
699500,0.010,0.979,0.011
700000,0.010,0.975,0.015
700500,0.010,0.974,0.016
701000,0.010,0.974,0.016
701500,0.010,0.978,0.012
702000,0.010,0.978,0.012
702500,0.010,0.975,0.015
703000,0.010,0.970,0.020
703500,0.010,0.974,0.016
704000,0.010,0.976,0.014
704500,0.010,0.972,0.018
705000,0.010,0.965,0.025
705500,0.010,0.966,0.024
706000,0.010,0.971,0.019
706500,0.010,0.976,0.014
707000,0.010,0.974,0.016
707500,0.011,0.976,0.013
708000,0.011,0.978,0.012
708500,0.011,0.980,0.010
709000,0.011,0.979,0.011
709500,0.010,0.971,0.019
710000,0.010,0.973,0.017
710500,0.010,0.978,0.012
711000,0.010,0.977,0.013
711500,0.010,0.974,0.016
712000,0.010,0.971,0.019
712500,0.010,0.970,0.020
713000,0.010,0.976,0.014
713500,0.010,0.972,0.018
714000,0.010,0.970,0.020
714500,0.010,0.965,0.025
715000,0.010,0.964,0.026
715500,0.010,0.965,0.025
716000,0.010,0.963,0.027
716500,0.010,0.967,0.023
717000,0.010,0.970,0.020
717500,0.010,0.965,0.025
718000,0.010,0.956,0.034
718500,0.010,0.959,0.031
719000,0.010,0.964,0.026
719500,0.010,0.968,0.022
720000,0.010,0.969,0.021
720500,0.010,0.967,0.023
721000,0.010,0.967,0.023
721500,0.010,0.966,0.024
722000,0.010,0.962,0.028
722500,0.010,0.966,0.024
723000,0.010,0.966,0.024
723500,0.010,0.965,0.025
724000,0.010,0.964,0.026
724500,0.010,0.968,0.022
725000,0.010,0.964,0.026
725500,0.010,0.961,0.029
726000,0.010,0.965,0.025
726500,0.010,0.969,0.021
727000,0.010,0.968,0.022
727500,0.010,0.964,0.026
728000,0.010,0.970,0.020
728500,0.010,0.971,0.019
729000,0.010,0.973,0.017
729500,0.010,0.975,0.015
730000,0.010,0.975,0.015
730500,0.010,0.971,0.019
731000,0.010,0.969,0.021
731500,0.010,0.975,0.015
732000,0.010,0.974,0.016
732500,0.010,0.972,0.018
733000,0.010,0.969,0.021
733500,0.010,0.968,0.022
734000,0.010,0.968,0.022
734500,0.010,0.963,0.027
735000,0.010,0.972,0.018
735500,0.010,0.969,0.021
736000,0.010,0.969,0.021
736500,0.010,0.968,0.022
737000,0.010,0.971,0.019
737500,0.010,0.968,0.022
738000,0.010,0.967,0.023
738500,0.010,0.968,0.022
739000,0.010,0.965,0.025
739500,0.010,0.968,0.022
740000,0.010,0.974,0.016
740500,0.010,0.973,0.017
741000,0.010,0.967,0.023
741500,0.010,0.969,0.021
742000,0.010,0.971,0.019
742500,0.011,0.964,0.025
743000,0.011,0.959,0.030
743500,0.011,0.958,0.031
744000,0.011,0.966,0.023
744500,0.011,0.966,0.023
745000,0.011,0.965,0.025
745500,0.010,0.968,0.022
746000,0.010,0.965,0.025
746500,0.010,0.970,0.020
747000,0.010,0.976,0.014
747500,0.010,0.972,0.018
748000,0.010,0.968,0.022
748500,0.010,0.970,0.020
749000,0.010,0.976,0.014
749500,0.010,0.975,0.015
750000,0.010,0.966,0.024
750500,0.010,0.970,0.020
751000,0.010,0.976,0.014
751500,0.010,0.971,0.019
752000,0.010,0.969,0.021
752500,0.010,0.967,0.023
753000,0.010,0.967,0.023
753500,0.010,0.968,0.022
754000,0.010,0.968,0.022
754500,0.010,0.961,0.029
755000,0.010,0.962,0.028
755500,0.010,0.960,0.030
756000,0.010,0.963,0.027
756500,0.010,0.957,0.033
757000,0.010,0.958,0.032
757500,0.010,0.961,0.029
758000,0.010,0.958,0.032
758500,0.010,0.966,0.024
759000,0.010,0.969,0.021
759500,0.010,0.971,0.019
760000,0.010,0.969,0.021
760500,0.010,0.969,0.021
761000,0.010,0.965,0.025
761500,0.010,0.971,0.019
762000,0.010,0.975,0.015
762500,0.010,0.973,0.017
763000,0.010,0.972,0.018
763500,0.010,0.973,0.017
764000,0.010,0.969,0.021
764500,0.010,0.968,0.022
765000,0.010,0.962,0.028
765500,0.010,0.967,0.023
766000,0.010,0.964,0.026
766500,0.010,0.966,0.024
767000,0.010,0.970,0.020
767500,0.010,0.968,0.022
768000,0.010,0.976,0.014
768500,0.010,0.971,0.019
769000,0.010,0.971,0.019
769500,0.010,0.972,0.018
770000,0.010,0.974,0.016
770500,0.010,0.970,0.020
771000,0.010,0.970,0.020
771500,0.010,0.969,0.021
772000,0.010,0.966,0.024
772500,0.010,0.975,0.015
773000,0.010,0.974,0.016
773500,0.010,0.973,0.017
774000,0.010,0.974,0.016
774500,0.010,0.972,0.018
775000,0.010,0.976,0.014
775500,0.010,0.979,0.011
776000,0.010,0.973,0.017
776500,0.010,0.976,0.014
777000,0.010,0.976,0.014
777500,0.010,0.972,0.018
778000,0.010,0.970,0.020
778500,0.010,0.971,0.019
779000,0.010,0.970,0.020
779500,0.010,0.971,0.019
780000,0.010,0.973,0.017
780500,0.010,0.972,0.018
781000,0.010,0.974,0.016
781500,0.010,0.979,0.011
782000,0.010,0.977,0.013
782500,0.010,0.980,0.010
783000,0.010,0.985,0.005
783500,0.010,0.982,0.008
784000,0.010,0.981,0.009
784500,0.010,0.980,0.010
785000,0.010,0.975,0.015
785500,0.010,0.974,0.016
786000,0.010,0.972,0.018
786500,0.010,0.972,0.018
787000,0.010,0.971,0.019
787500,0.010,0.978,0.012
788000,0.010,0.980,0.010
788500,0.010,0.974,0.016
789000,0.010,0.969,0.021
789500,0.010,0.970,0.020
790000,0.010,0.970,0.020
790500,0.010,0.963,0.027
791000,0.010,0.966,0.024
791500,0.010,0.966,0.024
792000,0.010,0.965,0.025
792500,0.010,0.962,0.028
793000,0.010,0.969,0.021
793500,0.010,0.973,0.017
794000,0.010,0.968,0.022
794500,0.010,0.969,0.021
795000,0.010,0.967,0.023
795500,0.010,0.970,0.020
796000,0.010,0.970,0.020
796500,0.010,0.968,0.022
797000,0.010,0.965,0.025
797500,0.010,0.964,0.026
798000,0.010,0.966,0.024
798500,0.010,0.968,0.022
799000,0.010,0.966,0.024
799500,0.010,0.969,0.021
800000,0.010,0.971,0.019
800500,0.010,0.962,0.028
801000,0.010,0.958,0.032
801500,0.010,0.960,0.030
802000,0.010,0.958,0.032
802500,0.010,0.959,0.031
803000,0.010,0.957,0.033
803500,0.010,0.962,0.028
804000,0.010,0.963,0.027
804500,0.010,0.964,0.026
805000,0.010,0.966,0.024
805500,0.010,0.966,0.024
806000,0.010,0.960,0.030
806500,0.010,0.962,0.028
807000,0.010,0.968,0.022
807500,0.010,0.976,0.014
808000,0.010,0.974,0.016
808500,0.010,0.972,0.018
809000,0.010,0.974,0.016
809500,0.010,0.976,0.014
810000,0.010,0.975,0.015
810500,0.010,0.974,0.016
811000,0.010,0.973,0.017
811500,0.010,0.971,0.019
812000,0.010,0.974,0.016
812500,0.010,0.975,0.015
813000,0.010,0.975,0.015
813500,0.010,0.974,0.016
814000,0.010,0.977,0.013
814500,0.010,0.974,0.016
815000,0.010,0.979,0.011
815500,0.010,0.983,0.007
816000,0.010,0.979,0.011
816500,0.010,0.976,0.014
817000,0.010,0.976,0.014
817500,0.010,0.977,0.013
818000,0.010,0.977,0.013
818500,0.010,0.975,0.015
819000,0.010,0.975,0.015
819500,0.010,0.974,0.016
820000,0.010,0.977,0.013
820500,0.010,0.974,0.016
821000,0.010,0.976,0.014
821500,0.010,0.969,0.021
822000,0.010,0.964,0.026
822500,0.010,0.960,0.030
823000,0.010,0.963,0.027
823500,0.010,0.965,0.025
824000,0.010,0.955,0.035
824500,0.010,0.952,0.038
825000,0.010,0.961,0.029
825500,0.010,0.966,0.024
826000,0.010,0.968,0.022
826500,0.010,0.976,0.014
827000,0.010,0.979,0.011
827500,0.010,0.976,0.014
828000,0.010,0.981,0.009
828500,0.010,0.979,0.011
829000,0.010,0.982,0.008
829500,0.010,0.980,0.010
830000,0.010,0.979,0.011
830500,0.010,0.976,0.014
831000,0.010,0.974,0.016
831500,0.010,0.971,0.019
832000,0.010,0.972,0.018
832500,0.010,0.975,0.015
833000,0.010,0.977,0.013
833500,0.010,0.975,0.015
834000,0.010,0.973,0.017
834500,0.010,0.973,0.017
835000,0.010,0.968,0.022
835500,0.010,0.969,0.021
836000,0.010,0.972,0.018
836500,0.010,0.969,0.021
837000,0.010,0.970,0.020
837500,0.010,0.973,0.017
838000,0.010,0.972,0.018
838500,0.010,0.968,0.022
839000,0.010,0.972,0.018
839500,0.010,0.974,0.016
840000,0.010,0.967,0.023
840500,0.010,0.970,0.020
841000,0.010,0.967,0.023
841500,0.010,0.968,0.022
842000,0.010,0.964,0.026
842500,0.010,0.964,0.026
843000,0.010,0.967,0.023
843500,0.010,0.970,0.020
844000,0.010,0.967,0.023
844500,0.010,0.964,0.026
845000,0.010,0.970,0.020
845500,0.010,0.970,0.020
846000,0.010,0.970,0.020
846500,0.010,0.972,0.018
847000,0.010,0.977,0.013
847500,0.010,0.975,0.015
848000,0.010,0.975,0.015
848500,0.010,0.976,0.014
849000,0.010,0.971,0.019
849500,0.010,0.973,0.017
850000,0.010,0.974,0.016
850500,0.010,0.978,0.012
851000,0.010,0.978,0.012
851500,0.010,0.971,0.019
852000,0.010,0.971,0.019
852500,0.010,0.974,0.016
853000,0.010,0.969,0.021
853500,0.010,0.961,0.029
854000,0.010,0.955,0.035
854500,0.010,0.959,0.031
855000,0.010,0.966,0.024
855500,0.010,0.964,0.026
856000,0.010,0.963,0.027
856500,0.010,0.964,0.026
857000,0.010,0.965,0.025
857500,0.010,0.961,0.029
858000,0.010,0.962,0.028
858500,0.010,0.960,0.030
859000,0.010,0.955,0.035
859500,0.010,0.965,0.025
860000,0.010,0.964,0.026
860500,0.010,0.964,0.026
861000,0.010,0.965,0.025
861500,0.010,0.961,0.029
862000,0.010,0.971,0.019
862500,0.010,0.972,0.018
863000,0.010,0.968,0.022
863500,0.010,0.971,0.019
864000,0.010,0.968,0.022
864500,0.010,0.968,0.022
865000,0.010,0.972,0.018
865500,0.010,0.964,0.026
866000,0.010,0.969,0.021
866500,0.010,0.967,0.023
867000,0.010,0.974,0.016
867500,0.010,0.972,0.018
868000,0.010,0.975,0.015
868500,0.010,0.975,0.015
869000,0.010,0.971,0.019
869500,0.010,0.969,0.021
870000,0.010,0.969,0.021
870500,0.010,0.969,0.021
871000,0.010,0.971,0.019
871500,0.010,0.973,0.017
872000,0.010,0.970,0.020
872500,0.010,0.967,0.023
873000,0.010,0.970,0.020
873500,0.010,0.970,0.020
874000,0.010,0.966,0.024
874500,0.010,0.966,0.024
875000,0.010,0.974,0.016
875500,0.010,0.974,0.016
876000,0.010,0.970,0.020
876500,0.010,0.969,0.021
877000,0.010,0.972,0.018
877500,0.010,0.972,0.018
878000,0.010,0.973,0.017
878500,0.010,0.976,0.014
879000,0.010,0.976,0.014
879500,0.010,0.975,0.015
880000,0.010,0.972,0.018
880500,0.010,0.972,0.018
881000,0.010,0.968,0.022
881500,0.010,0.964,0.026
882000,0.010,0.971,0.019
882500,0.010,0.970,0.020
883000,0.010,0.968,0.022
883500,0.010,0.966,0.024
884000,0.010,0.961,0.029
884500,0.010,0.962,0.028
885000,0.010,0.970,0.020
885500,0.010,0.968,0.022
886000,0.010,0.973,0.017
886500,0.010,0.968,0.022
887000,0.010,0.967,0.023
887500,0.010,0.964,0.026
888000,0.010,0.968,0.022
888500,0.010,0.966,0.024
889000,0.010,0.969,0.021
889500,0.010,0.974,0.016
890000,0.010,0.971,0.019
890500,0.010,0.966,0.024
891000,0.010,0.964,0.026
891500,0.010,0.970,0.020
892000,0.010,0.973,0.017
892500,0.010,0.972,0.018
893000,0.010,0.976,0.014
893500,0.010,0.976,0.014
894000,0.010,0.977,0.013
894500,0.010,0.977,0.013
895000,0.010,0.971,0.019
895500,0.010,0.966,0.024
896000,0.010,0.964,0.026
896500,0.010,0.958,0.032
897000,0.010,0.958,0.032
897500,0.010,0.960,0.030
898000,0.010,0.958,0.032
898500,0.010,0.959,0.031
899000,0.010,0.967,0.023
899500,0.010,0.971,0.019
900000,0.010,0.971,0.019
900500,0.010,0.965,0.025
901000,0.010,0.967,0.023
901500,0.010,0.965,0.025
902000,0.010,0.968,0.022
902500,0.010,0.969,0.021
903000,0.010,0.966,0.024
903500,0.010,0.963,0.027
904000,0.010,0.970,0.020
904500,0.010,0.967,0.023
905000,0.010,0.967,0.023
905500,0.010,0.977,0.013
906000,0.010,0.974,0.016
906500,0.010,0.971,0.019
907000,0.010,0.970,0.020
907500,0.010,0.974,0.016
908000,0.010,0.972,0.018
908500,0.010,0.970,0.020
909000,0.010,0.972,0.018
909500,0.010,0.972,0.018
910000,0.010,0.966,0.024
910500,0.010,0.972,0.018
911000,0.010,0.973,0.017
911500,0.010,0.974,0.016
912000,0.010,0.968,0.022
912500,0.010,0.969,0.021
913000,0.010,0.965,0.025
913500,0.010,0.972,0.018
914000,0.010,0.971,0.019
914500,0.010,0.973,0.017
915000,0.010,0.973,0.017
915500,0.010,0.973,0.017
916000,0.010,0.975,0.015
916500,0.010,0.975,0.015
917000,0.010,0.972,0.018
917500,0.010,0.965,0.025
918000,0.010,0.962,0.028
918500,0.010,0.965,0.025
919000,0.010,0.962,0.028
919500,0.010,0.967,0.023
920000,0.010,0.970,0.020
920500,0.010,0.965,0.025
921000,0.010,0.964,0.026
921500,0.010,0.963,0.027
922000,0.010,0.961,0.029
922500,0.010,0.968,0.022
923000,0.010,0.968,0.022
923500,0.010,0.970,0.020
924000,0.010,0.969,0.021
924500,0.010,0.965,0.025
925000,0.010,0.969,0.021
925500,0.010,0.965,0.025
926000,0.010,0.965,0.025
926500,0.010,0.963,0.027
927000,0.010,0.964,0.026
927500,0.010,0.964,0.026
928000,0.010,0.972,0.018
928500,0.010,0.971,0.019
929000,0.010,0.969,0.021
929500,0.010,0.970,0.020
930000,0.010,0.967,0.023
930500,0.010,0.970,0.020
931000,0.010,0.969,0.021
931500,0.011,0.965,0.025
932000,0.011,0.967,0.023
932500,0.011,0.971,0.019
933000,0.011,0.972,0.018
933500,0.010,0.977,0.013
934000,0.010,0.977,0.013
934500,0.010,0.976,0.014
935000,0.010,0.969,0.021
935500,0.010,0.971,0.019
936000,0.010,0.970,0.020
936500,0.010,0.964,0.026
937000,0.010,0.959,0.031
937500,0.010,0.962,0.028
938000,0.010,0.966,0.024
938500,0.010,0.961,0.029
939000,0.010,0.962,0.028
939500,0.010,0.960,0.030
940000,0.010,0.963,0.027
940500,0.010,0.965,0.025
941000,0.010,0.966,0.024
941500,0.010,0.972,0.018
942000,0.010,0.973,0.017
942500,0.010,0.981,0.009
943000,0.010,0.977,0.013
943500,0.010,0.971,0.019
944000,0.010,0.971,0.019
944500,0.010,0.970,0.020
945000,0.010,0.966,0.024
945500,0.010,0.963,0.027
946000,0.010,0.968,0.022
946500,0.010,0.969,0.021
947000,0.010,0.967,0.023
947500,0.010,0.962,0.028
948000,0.010,0.964,0.026
948500,0.010,0.966,0.024
949000,0.010,0.969,0.021
949500,0.010,0.973,0.017
950000,0.010,0.977,0.013
950500,0.010,0.978,0.012
951000,0.010,0.981,0.009
951500,0.010,0.977,0.013
952000,0.010,0.977,0.013
952500,0.010,0.971,0.019
953000,0.010,0.965,0.025
953500,0.010,0.966,0.024
954000,0.010,0.970,0.020
954500,0.010,0.979,0.011
955000,0.010,0.977,0.013
955500,0.010,0.972,0.018
956000,0.010,0.973,0.017
956500,0.010,0.976,0.014
957000,0.010,0.975,0.015
957500,0.010,0.972,0.018
958000,0.010,0.977,0.013
958500,0.010,0.967,0.023
959000,0.010,0.958,0.032
959500,0.011,0.961,0.028
960000,0.010,0.952,0.038
960500,0.010,0.952,0.038
961000,0.010,0.952,0.038
961500,0.010,0.953,0.037
962000,0.010,0.959,0.031
962500,0.010,0.956,0.034
963000,0.010,0.963,0.027
963500,0.010,0.971,0.019
964000,0.010,0.970,0.020
964500,0.010,0.967,0.023
965000,0.010,0.973,0.017
965500,0.010,0.973,0.017
966000,0.010,0.975,0.015
966500,0.010,0.972,0.018
967000,0.010,0.964,0.026
967500,0.010,0.964,0.026
968000,0.010,0.964,0.026
968500,0.010,0.965,0.025
969000,0.010,0.966,0.024
969500,0.010,0.974,0.016
970000,0.010,0.970,0.020
970500,0.010,0.970,0.020
971000,0.010,0.964,0.026
971500,0.010,0.966,0.024
972000,0.010,0.967,0.023
972500,0.010,0.968,0.022
973000,0.010,0.970,0.020
973500,0.010,0.963,0.027
974000,0.010,0.967,0.023
974500,0.010,0.969,0.021
975000,0.010,0.964,0.026
975500,0.010,0.964,0.026
976000,0.010,0.970,0.020
976500,0.010,0.973,0.017
977000,0.010,0.969,0.021
977500,0.010,0.972,0.018
978000,0.010,0.973,0.017
978500,0.010,0.975,0.015
979000,0.010,0.976,0.014
979500,0.010,0.974,0.016
980000,0.010,0.973,0.017
980500,0.010,0.975,0.015
981000,0.010,0.973,0.017
981500,0.010,0.971,0.019
982000,0.010,0.970,0.020
982500,0.010,0.972,0.018
983000,0.010,0.966,0.024
983500,0.010,0.967,0.023
984000,0.010,0.971,0.019
984500,0.010,0.967,0.023
985000,0.010,0.969,0.021
985500,0.010,0.972,0.018
986000,0.010,0.973,0.017
986500,0.010,0.974,0.016
987000,0.010,0.976,0.014
987500,0.010,0.971,0.019
988000,0.010,0.964,0.026
988500,0.010,0.964,0.026
989000,0.010,0.964,0.026
989500,0.010,0.963,0.027
990000,0.010,0.963,0.027
990500,0.010,0.962,0.028
991000,0.010,0.967,0.023
991500,0.010,0.963,0.027
992000,0.010,0.966,0.024
992500,0.010,0.973,0.017
993000,0.010,0.973,0.017
993500,0.010,0.972,0.018
994000,0.010,0.969,0.021
994500,0.010,0.968,0.022
995000,0.010,0.964,0.026
995500,0.010,0.962,0.028
996000,0.010,0.964,0.026
996500,0.010,0.962,0.028
997000,0.010,0.963,0.027
997500,0.010,0.969,0.021
998000,0.010,0.970,0.020
998500,0.010,0.970,0.020
999000,0.010,0.966,0.024
999500,0.010,0.970,0.020
1000000,0.010,0.971,0.019
