time,n_A+p,n_B,n_AB
500,0.080,0.758,0.162
1000,0.085,0.674,0.241
1500,0.089,0.588,0.323
2000,0.080,0.591,0.329
2500,0.082,0.535,0.383
3000,0.084,0.518,0.398
3500,0.101,0.485,0.414
4000,0.095,0.406,0.499
4500,0.092,0.425,0.483
5000,0.099,0.471,0.430
5500,0.090,0.426,0.484
6000,0.098,0.439,0.463
6500,0.094,0.403,0.503
7000,0.111,0.344,0.545
7500,0.141,0.312,0.547
8000,0.138,0.335,0.527
8500,0.157,0.258,0.585
9000,0.189,0.204,0.607
9500,0.229,0.169,0.602
10000,0.357,0.098,0.545
10500,0.592,0.024,0.384
11000,0.785,0.005,0.210
11500,0.891,0.003,0.106
12000,0.953,0.000,0.047
12500,0.986,0.000,0.014
13000,1.000,0.000,0.000
