time,n_A+p,n_B,n_AB
500,0.080,0.748,0.172
1000,0.080,0.616,0.304
1500,0.081,0.508,0.411
2000,0.083,0.439,0.479
2500,0.083,0.392,0.525
3000,0.089,0.320,0.592
3500,0.090,0.318,0.592
4000,0.100,0.297,0.603
4500,0.114,0.259,0.627
5000,0.132,0.171,0.698
5500,0.194,0.140,0.666
6000,0.282,0.091,0.627
6500,0.357,0.037,0.606
7000,0.498,0.018,0.483
7500,0.561,0.005,0.433
8000,0.658,0.001,0.341
8500,0.712,0.000,0.288
9000,0.768,0.000,0.232
9500,0.788,0.000,0.212
10000,0.822,0.000,0.178
10500,0.859,0.000,0.141
11000,0.860,0.000,0.140
11500,0.845,0.000,0.155
12000,0.852,0.000,0.148
12500,0.872,0.000,0.128
13000,0.906,0.000,0.094
13500,0.924,0.000,0.076
14000,0.942,0.000,0.058
14500,0.950,0.000,0.050
15000,0.956,0.000,0.044
15500,0.951,0.000,0.049
16000,0.980,0.000,0.020
16500,0.991,0.000,0.009
17000,0.985,0.000,0.015
17500,0.991,0.000,0.009
18000,0.993,0.000,0.007
18500,0.995,0.000,0.005
19000,0.999,0.000,0.001
19500,1.000,0.000,0.000
20000,1.000,0.000,0.000
