time,n_A+p,n_B,n_AB
1000,0.190,0.208,0.602
2000,0.129,0.313,0.558
3000,0.037,0.509,0.454
4000,0.009,0.691,0.300
5000,0.000,0.788,0.212
6000,0.000,0.877,0.123
7000,0.000,0.888,0.112
8000,0.000,0.919,0.081
9000,0.000,0.951,0.049
10000,0.000,0.960,0.040
11000,0.000,0.937,0.063
12000,0.000,0.978,0.022
13000,0.000,0.964,0.036
14000,0.000,0.964,0.036
15000,0.000,0.989,0.011
16000,0.000,0.999,0.001
17000,0.000,1.000,0.000
