time,n_A+p,n_B,n_AB
500,0.080,0.763,0.157
1000,0.080,0.592,0.328
1500,0.080,0.540,0.380
2000,0.094,0.429,0.477
2500,0.107,0.339,0.554
3000,0.134,0.236,0.630
3500,0.169,0.163,0.668
4000,0.242,0.114,0.644
4500,0.273,0.101,0.626
5000,0.357,0.068,0.575
5500,0.414,0.056,0.530
6000,0.447,0.038,0.515
6500,0.563,0.019,0.418
7000,0.658,0.008,0.334
7500,0.695,0.003,0.302
8000,0.708,0.002,0.290
8500,0.786,0.000,0.214
9000,0.774,0.000,0.226
9500,0.792,0.000,0.208
10000,0.759,0.000,0.241
10500,0.786,0.000,0.214
11000,0.756,0.000,0.244
11500,0.787,0.000,0.213
12000,0.838,0.000,0.162
12500,0.862,0.000,0.138
13000,0.874,0.000,0.126
13500,0.853,0.000,0.147
14000,0.869,0.000,0.131
14500,0.873,0.000,0.127
15000,0.822,0.000,0.178
15500,0.823,0.000,0.177
16000,0.846,0.000,0.154
16500,0.818,0.000,0.182
17000,0.797,0.000,0.203
17500,0.806,0.000,0.194
18000,0.837,0.000,0.163
18500,0.868,0.000,0.132
19000,0.901,0.000,0.099
19500,0.883,0.000,0.117
20000,0.910,0.000,0.090
20500,0.930,0.000,0.070
21000,0.901,0.000,0.099
21500,0.885,0.000,0.115
22000,0.860,0.000,0.140
22500,0.860,0.000,0.140
23000,0.868,0.000,0.132
23500,0.846,0.000,0.154
24000,0.868,0.000,0.132
24500,0.893,0.000,0.107
25000,0.909,0.000,0.091
25500,0.919,0.000,0.081
26000,0.845,0.000,0.155
26500,0.852,0.000,0.148
27000,0.853,0.000,0.147
27500,0.861,0.000,0.139
28000,0.884,0.000,0.116
28500,0.910,0.000,0.090
29000,0.900,0.000,0.100
29500,0.915,0.000,0.085
30000,0.920,0.000,0.080
30500,0.905,0.000,0.095
31000,0.900,0.000,0.100
31500,0.911,0.000,0.089
32000,0.917,0.000,0.083
32500,0.900,0.000,0.100
33000,0.900,0.000,0.100
33500,0.890,0.000,0.110
34000,0.873,0.000,0.127
34500,0.888,0.000,0.112
35000,0.871,0.000,0.129
35500,0.868,0.000,0.132
36000,0.856,0.000,0.144
36500,0.868,0.000,0.132
37000,0.871,0.000,0.129
37500,0.914,0.000,0.086
38000,0.904,0.000,0.096
38500,0.945,0.000,0.055
39000,0.959,0.000,0.041
39500,0.977,0.000,0.023
40000,0.973,0.000,0.027
40500,0.974,0.000,0.026
41000,0.979,0.000,0.021
41500,0.979,0.000,0.021
42000,0.985,0.000,0.015
42500,0.982,0.000,0.018
43000,0.989,0.000,0.011
43500,0.990,0.000,0.010
44000,0.996,0.000,0.004
44500,0.999,0.000,0.001
45000,1.000,0.000,0.000
