time,n_A+p,n_B,n_AB
500,0.080,0.328,0.592
1000,0.142,0.155,0.703
1500,0.347,0.004,0.649
2000,0.634,0.000,0.366
2500,0.688,0.000,0.312
3000,0.759,0.000,0.241
3500,0.786,0.000,0.214
4000,0.703,0.000,0.297
4500,0.791,0.000,0.209
5000,0.831,0.000,0.169
5500,0.738,0.000,0.262
6000,0.717,0.000,0.283
6500,0.794,0.000,0.206
7000,0.910,0.000,0.090
7500,0.915,0.000,0.085
8000,0.916,0.000,0.084
8500,0.927,0.000,0.073
9000,0.827,0.000,0.173
9500,0.895,0.000,0.105
10000,0.869,0.000,0.131
10500,0.847,0.000,0.153
11000,0.802,0.000,0.198
11500,0.797,0.000,0.203
12000,0.719,0.000,0.281
12500,0.706,0.000,0.294
13000,0.684,0.000,0.316
13500,0.723,0.000,0.277
14000,0.702,0.000,0.298
14500,0.800,0.000,0.200
15000,0.737,0.000,0.263
15500,0.776,0.000,0.224
16000,0.773,0.000,0.227
16500,0.826,0.000,0.174
17000,0.917,0.000,0.083
17500,0.950,0.000,0.050
18000,0.893,0.000,0.107
18500,0.941,0.000,0.059
19000,0.884,0.000,0.116
19500,0.975,0.000,0.025
20000,0.913,0.000,0.087
20500,0.820,0.000,0.180
21000,0.840,0.000,0.160
21500,0.788,0.000,0.212
22000,0.738,0.000,0.262
22500,0.756,0.000,0.244
23000,0.791,0.000,0.209
23500,0.792,0.000,0.208
24000,0.723,0.000,0.277
24500,0.791,0.000,0.209
25000,0.867,0.000,0.133
25500,0.754,0.000,0.246
26000,0.785,0.000,0.215
26500,0.801,0.000,0.199
27000,0.834,0.000,0.166
27500,0.726,0.000,0.274
28000,0.713,0.000,0.287
28500,0.727,0.000,0.273
29000,0.792,0.000,0.208
29500,0.775,0.000,0.225
30000,0.885,0.000,0.115
30500,0.764,0.000,0.236
31000,0.667,0.000,0.333
31500,0.684,0.000,0.316
32000,0.728,0.000,0.272
32500,0.890,0.000,0.110
33000,0.898,0.000,0.102
33500,0.880,0.000,0.120
34000,0.843,0.000,0.157
34500,0.939,0.000,0.061
35000,0.962,0.000,0.038
35500,0.958,0.000,0.042
36000,0.926,0.000,0.074
36500,0.907,0.000,0.093
37000,0.850,0.000,0.150
37500,0.737,0.000,0.263
38000,0.732,0.000,0.268
38500,0.679,0.000,0.321
39000,0.722,0.000,0.278
39500,0.720,0.000,0.280
40000,0.864,0.000,0.136
40500,0.891,0.000,0.109
41000,0.939,0.000,0.061
41500,0.909,0.000,0.091
42000,0.835,0.000,0.165
42500,0.806,0.000,0.194
43000,0.842,0.000,0.158
43500,0.922,0.000,0.078
44000,0.911,0.000,0.089
44500,0.916,0.000,0.084
45000,0.944,0.000,0.056
45500,0.996,0.000,0.004
46000,1.000,0.000,0.000
