time,n_A+p,n_B,n_AB,avg_entropy_simp
500,0.028,0.866,0.106,0.198563
1000,0.028,0.829,0.143,0.229626
1500,0.051,0.608,0.341,0.400137
2000,0.055,0.484,0.461,0.403234
2500,0.069,0.479,0.452,0.425027
3000,0.097,0.359,0.544,0.414421
3500,0.092,0.313,0.594,0.392973
4000,0.092,0.378,0.530,0.432074
4500,0.129,0.318,0.553,0.427519
5000,0.134,0.304,0.562,0.424718
5500,0.198,0.244,0.558,0.432557
6000,0.203,0.175,0.622,0.405802
6500,0.240,0.212,0.548,0.453114
7000,0.244,0.180,0.576,0.439648
7500,0.194,0.171,0.636,0.408800
8000,0.217,0.203,0.581,0.435957
8500,0.230,0.157,0.613,0.408562
9000,0.198,0.147,0.654,0.392309
9500,0.221,0.143,0.636,0.396271
10000,0.318,0.120,0.562,0.436437
10500,0.378,0.101,0.521,0.429580
11000,0.267,0.115,0.618,0.397838
11500,0.258,0.138,0.604,0.410788
12000,0.304,0.101,0.594,0.410498
12500,0.253,0.147,0.599,0.416953
13000,0.281,0.147,0.571,0.433614
13500,0.267,0.194,0.539,0.456625
14000,0.235,0.203,0.562,0.436738
14500,0.221,0.194,0.585,0.436554
15000,0.258,0.226,0.516,0.454892
15500,0.189,0.212,0.599,0.414201
16000,0.207,0.235,0.558,0.441655
16500,0.180,0.157,0.664,0.365856
17000,0.309,0.143,0.548,0.432932
17500,0.304,0.106,0.590,0.396924
18000,0.230,0.157,0.613,0.416685
18500,0.207,0.217,0.576,0.434499
19000,0.221,0.240,0.539,0.460502
19500,0.244,0.235,0.521,0.455548
20000,0.198,0.217,0.585,0.410881
20500,0.240,0.226,0.535,0.462723
21000,0.198,0.217,0.585,0.406663
21500,0.286,0.147,0.567,0.421132
22000,0.290,0.134,0.576,0.429368
22500,0.217,0.203,0.581,0.428007
23000,0.198,0.212,0.590,0.425164
23500,0.244,0.189,0.567,0.440531
24000,0.217,0.240,0.544,0.449958
24500,0.212,0.240,0.548,0.438211
25000,0.207,0.267,0.525,0.453745
25500,0.175,0.226,0.599,0.401945
26000,0.184,0.230,0.585,0.413691
26500,0.240,0.175,0.585,0.422597
27000,0.295,0.124,0.581,0.413778
27500,0.323,0.134,0.544,0.435794
28000,0.300,0.088,0.613,0.376924
28500,0.240,0.157,0.604,0.399688
29000,0.332,0.111,0.558,0.418127
29500,0.221,0.207,0.571,0.448657
30000,0.230,0.143,0.627,0.421188
30500,0.290,0.129,0.581,0.407033
31000,0.332,0.147,0.521,0.435987
31500,0.253,0.147,0.599,0.414980
32000,0.207,0.134,0.659,0.379682
32500,0.253,0.129,0.618,0.399645
33000,0.290,0.180,0.530,0.440046
33500,0.286,0.124,0.590,0.395883
34000,0.272,0.134,0.594,0.411057
34500,0.336,0.161,0.502,0.442960
35000,0.350,0.097,0.553,0.412390
35500,0.272,0.138,0.590,0.404760
36000,0.313,0.184,0.502,0.460896
36500,0.304,0.138,0.558,0.434564
37000,0.382,0.101,0.516,0.430840
37500,0.355,0.134,0.512,0.453825
38000,0.382,0.143,0.475,0.453300
38500,0.295,0.129,0.576,0.422114
39000,0.290,0.175,0.535,0.459012
39500,0.230,0.240,0.530,0.446620
40000,0.263,0.194,0.544,0.441084
40500,0.249,0.217,0.535,0.434138
41000,0.249,0.166,0.585,0.416297
41500,0.267,0.138,0.594,0.404011
42000,0.336,0.129,0.535,0.441550
42500,0.323,0.143,0.535,0.437205
43000,0.281,0.143,0.576,0.425671
43500,0.323,0.124,0.553,0.443516
44000,0.373,0.138,0.488,0.447672
44500,0.313,0.097,0.590,0.399525
45000,0.309,0.134,0.558,0.427829
45500,0.189,0.152,0.659,0.379785
46000,0.203,0.235,0.562,0.439755
46500,0.203,0.189,0.608,0.400050
47000,0.180,0.147,0.673,0.375633
47500,0.244,0.161,0.594,0.409517
48000,0.281,0.180,0.539,0.446097
48500,0.318,0.124,0.558,0.419846
49000,0.336,0.184,0.479,0.471667
49500,0.313,0.111,0.576,0.416528
50000,0.323,0.147,0.530,0.433245
50500,0.318,0.152,0.530,0.437347
51000,0.217,0.212,0.571,0.434746
51500,0.152,0.249,0.599,0.419750
52000,0.240,0.203,0.558,0.438233
52500,0.300,0.171,0.530,0.444540
53000,0.244,0.171,0.585,0.421593
53500,0.253,0.184,0.562,0.435083
54000,0.230,0.171,0.599,0.423382
54500,0.235,0.147,0.618,0.404802
55000,0.203,0.175,0.622,0.390494
55500,0.272,0.147,0.581,0.426216
56000,0.258,0.134,0.608,0.409848
56500,0.281,0.203,0.516,0.463850
57000,0.286,0.129,0.585,0.413652
57500,0.281,0.171,0.548,0.439135
58000,0.323,0.111,0.567,0.406544
58500,0.327,0.138,0.535,0.433826
59000,0.249,0.147,0.604,0.416784
59500,0.267,0.194,0.539,0.440245
60000,0.244,0.230,0.525,0.466241
60500,0.253,0.180,0.567,0.440104
61000,0.263,0.189,0.548,0.455408
61500,0.281,0.134,0.585,0.427896
62000,0.332,0.129,0.539,0.444463
62500,0.406,0.143,0.452,0.455724
63000,0.267,0.115,0.618,0.399126
63500,0.286,0.166,0.548,0.433532
64000,0.295,0.180,0.525,0.429387
64500,0.240,0.175,0.585,0.416238
65000,0.276,0.184,0.539,0.446548
65500,0.272,0.134,0.594,0.413755
66000,0.240,0.171,0.590,0.410825
66500,0.272,0.147,0.581,0.423409
67000,0.240,0.161,0.599,0.412298
67500,0.300,0.147,0.553,0.424224
68000,0.244,0.221,0.535,0.450835
68500,0.276,0.171,0.553,0.433033
69000,0.189,0.194,0.618,0.393629
69500,0.267,0.161,0.571,0.425455
70000,0.336,0.134,0.530,0.424143
70500,0.318,0.124,0.558,0.437332
71000,0.300,0.134,0.567,0.439843
71500,0.323,0.147,0.530,0.458249
72000,0.281,0.138,0.581,0.403825
72500,0.253,0.226,0.521,0.453001
73000,0.171,0.147,0.682,0.348001
73500,0.230,0.152,0.618,0.401113
74000,0.336,0.134,0.530,0.433311
74500,0.442,0.078,0.479,0.427122
75000,0.424,0.065,0.512,0.385853
75500,0.429,0.083,0.488,0.422257
76000,0.442,0.051,0.507,0.383777
76500,0.452,0.083,0.465,0.419109
77000,0.479,0.088,0.433,0.412929
77500,0.456,0.051,0.493,0.398934
78000,0.401,0.074,0.525,0.398755
78500,0.364,0.097,0.539,0.413192
79000,0.396,0.065,0.539,0.395973
79500,0.327,0.065,0.608,0.365919
80000,0.276,0.129,0.594,0.405490
80500,0.304,0.106,0.590,0.416391
81000,0.249,0.171,0.581,0.420494
81500,0.166,0.212,0.622,0.402097
82000,0.226,0.180,0.594,0.438402
82500,0.235,0.171,0.594,0.412146
83000,0.240,0.120,0.641,0.375126
83500,0.244,0.152,0.604,0.410436
84000,0.309,0.175,0.516,0.457545
84500,0.240,0.134,0.627,0.402989
85000,0.189,0.221,0.590,0.415458
85500,0.244,0.143,0.613,0.400407
86000,0.286,0.161,0.553,0.435214
86500,0.249,0.184,0.567,0.437861
87000,0.263,0.106,0.631,0.379558
87500,0.327,0.143,0.530,0.437015
88000,0.240,0.212,0.548,0.442853
88500,0.253,0.138,0.608,0.402286
89000,0.235,0.143,0.622,0.393091
89500,0.226,0.166,0.608,0.405618
90000,0.346,0.189,0.465,0.452376
90500,0.309,0.171,0.521,0.454521
91000,0.332,0.147,0.521,0.427773
91500,0.217,0.171,0.613,0.392013
92000,0.286,0.129,0.585,0.421870
92500,0.194,0.166,0.641,0.388908
93000,0.230,0.147,0.622,0.407488
93500,0.290,0.134,0.576,0.420279
94000,0.272,0.138,0.590,0.416573
94500,0.295,0.143,0.562,0.433666
95000,0.253,0.138,0.608,0.410490
95500,0.253,0.138,0.608,0.407861
96000,0.336,0.097,0.567,0.405868
96500,0.323,0.092,0.585,0.388959
97000,0.323,0.092,0.585,0.395983
97500,0.346,0.115,0.539,0.423747
98000,0.350,0.124,0.525,0.437257
98500,0.272,0.111,0.618,0.379537
99000,0.249,0.253,0.498,0.474484
99500,0.290,0.189,0.521,0.459387
100000,0.318,0.147,0.535,0.436882
