time,n_A+p,n_B,n_AB
500,0.080,0.457,0.464
1000,0.080,0.074,0.846
1500,0.192,0.011,0.798
2000,0.236,0.001,0.763
2500,0.234,0.000,0.766
3000,0.301,0.000,0.699
3500,0.257,0.000,0.744
4000,0.269,0.000,0.731
4500,0.303,0.000,0.697
5000,0.312,0.000,0.688
5500,0.305,0.000,0.695
6000,0.269,0.000,0.732
6500,0.248,0.000,0.752
7000,0.229,0.000,0.771
7500,0.327,0.000,0.673
8000,0.308,0.000,0.692
8500,0.255,0.004,0.741
9000,0.247,0.001,0.752
9500,0.296,0.000,0.704
10000,0.339,0.000,0.661
10500,0.325,0.000,0.675
11000,0.300,0.000,0.700
11500,0.286,0.000,0.714
12000,0.343,0.000,0.657
12500,0.303,0.000,0.697
13000,0.272,0.000,0.728
13500,0.269,0.000,0.731
14000,0.296,0.000,0.704
14500,0.269,0.004,0.728
15000,0.288,0.001,0.711
15500,0.236,0.003,0.761
16000,0.244,0.000,0.756
16500,0.295,0.000,0.705
17000,0.261,0.000,0.740
17500,0.291,0.000,0.709
18000,0.311,0.000,0.689
18500,0.277,0.006,0.718
19000,0.281,0.000,0.720
19500,0.282,0.000,0.718
20000,0.288,0.000,0.712
20500,0.319,0.000,0.681
21000,0.224,0.000,0.776
21500,0.283,0.000,0.717
22000,0.278,0.000,0.722
22500,0.299,0.000,0.701
23000,0.218,0.000,0.781
23500,0.228,0.002,0.770
24000,0.262,0.000,0.738
24500,0.297,0.000,0.703
25000,0.231,0.000,0.769
25500,0.263,0.000,0.737
26000,0.259,0.000,0.741
26500,0.315,0.000,0.685
27000,0.286,0.000,0.714
27500,0.211,0.007,0.782
28000,0.237,0.000,0.762
28500,0.248,0.001,0.751
29000,0.251,0.000,0.749
29500,0.255,0.002,0.744
30000,0.254,0.000,0.746
30500,0.287,0.000,0.713
31000,0.347,0.000,0.653
31500,0.210,0.000,0.789
32000,0.272,0.000,0.728
32500,0.319,0.000,0.681
33000,0.278,0.000,0.722
33500,0.255,0.000,0.746
34000,0.256,0.000,0.744
34500,0.277,0.000,0.724
35000,0.259,0.000,0.741
35500,0.301,0.000,0.699
36000,0.285,0.000,0.715
36500,0.344,0.000,0.656
37000,0.256,0.000,0.744
37500,0.317,0.000,0.683
38000,0.266,0.000,0.734
38500,0.251,0.000,0.750
39000,0.256,0.000,0.744
39500,0.198,0.000,0.802
40000,0.329,0.000,0.671
40500,0.347,0.000,0.653
41000,0.255,0.000,0.745
41500,0.249,0.000,0.750
42000,0.286,0.000,0.714
42500,0.249,0.004,0.748
43000,0.270,0.000,0.730
43500,0.302,0.000,0.698
44000,0.275,0.000,0.725
44500,0.254,0.000,0.746
45000,0.284,0.000,0.716
45500,0.206,0.000,0.793
46000,0.218,0.003,0.779
46500,0.273,0.000,0.728
47000,0.290,0.000,0.710
47500,0.281,0.000,0.720
48000,0.271,0.000,0.729
48500,0.268,0.000,0.732
49000,0.282,0.000,0.718
49500,0.257,0.005,0.738
50000,0.196,0.002,0.802
50500,0.238,0.001,0.762
51000,0.227,0.000,0.773
51500,0.258,0.000,0.742
52000,0.309,0.000,0.691
52500,0.307,0.000,0.693
53000,0.312,0.000,0.688
53500,0.305,0.000,0.695
54000,0.277,0.000,0.723
54500,0.315,0.000,0.685
55000,0.344,0.000,0.655
55500,0.261,0.009,0.730
56000,0.255,0.001,0.745
56500,0.238,0.000,0.762
57000,0.259,0.000,0.742
57500,0.261,0.000,0.739
58000,0.237,0.000,0.762
58500,0.319,0.000,0.681
59000,0.293,0.000,0.707
59500,0.290,0.000,0.710
60000,0.231,0.012,0.757
60500,0.227,0.001,0.772
61000,0.298,0.002,0.700
61500,0.280,0.000,0.720
62000,0.329,0.000,0.671
62500,0.271,0.000,0.729
63000,0.277,0.000,0.724
63500,0.245,0.000,0.755
64000,0.306,0.000,0.694
64500,0.274,0.000,0.726
65000,0.295,0.000,0.705
65500,0.254,0.000,0.746
66000,0.277,0.000,0.724
66500,0.292,0.000,0.708
67000,0.276,0.000,0.724
67500,0.310,0.000,0.690
68000,0.241,0.000,0.759
68500,0.257,0.002,0.742
69000,0.248,0.000,0.752
69500,0.301,0.000,0.699
70000,0.272,0.000,0.728
70500,0.269,0.008,0.723
71000,0.315,0.001,0.684
71500,0.260,0.000,0.740
72000,0.251,0.000,0.749
72500,0.265,0.000,0.735
73000,0.276,0.000,0.724
73500,0.290,0.000,0.710
74000,0.278,0.000,0.722
74500,0.280,0.000,0.720
75000,0.238,0.000,0.762
75500,0.256,0.000,0.744
76000,0.208,0.000,0.792
76500,0.253,0.001,0.747
77000,0.304,0.000,0.696
77500,0.259,0.000,0.742
78000,0.305,0.000,0.695
78500,0.302,0.000,0.698
79000,0.300,0.000,0.700
79500,0.289,0.000,0.711
80000,0.300,0.000,0.700
80500,0.253,0.000,0.748
81000,0.244,0.000,0.756
81500,0.257,0.000,0.743
82000,0.295,0.000,0.705
82500,0.270,0.000,0.730
83000,0.294,0.000,0.706
83500,0.256,0.000,0.744
84000,0.315,0.000,0.685
84500,0.294,0.000,0.706
85000,0.319,0.000,0.681
85500,0.375,0.000,0.625
86000,0.345,0.000,0.655
86500,0.228,0.000,0.772
87000,0.275,0.000,0.725
87500,0.221,0.005,0.774
88000,0.309,0.000,0.691
88500,0.334,0.000,0.666
89000,0.243,0.000,0.757
89500,0.231,0.000,0.769
90000,0.269,0.000,0.732
90500,0.252,0.000,0.748
91000,0.294,0.000,0.706
91500,0.299,0.000,0.701
92000,0.256,0.000,0.744
92500,0.308,0.000,0.692
93000,0.251,0.000,0.749
93500,0.309,0.000,0.691
94000,0.274,0.000,0.726
94500,0.303,0.000,0.697
95000,0.257,0.000,0.743
95500,0.279,0.000,0.721
96000,0.324,0.000,0.676
96500,0.293,0.001,0.706
97000,0.281,0.000,0.720
97500,0.376,0.000,0.624
98000,0.346,0.000,0.653
98500,0.300,0.000,0.700
99000,0.307,0.005,0.688
99500,0.291,0.000,0.709
100000,0.307,0.000,0.693
100500,0.311,0.000,0.689
101000,0.393,0.000,0.607
101500,0.263,0.000,0.738
102000,0.275,0.000,0.726
102500,0.303,0.000,0.697
103000,0.304,0.000,0.696
103500,0.269,0.000,0.731
104000,0.344,0.000,0.655
104500,0.292,0.000,0.708
105000,0.316,0.000,0.684
105500,0.280,0.000,0.720
106000,0.239,0.000,0.760
106500,0.229,0.000,0.771
107000,0.335,0.000,0.665
107500,0.245,0.000,0.755
108000,0.233,0.004,0.763
108500,0.243,0.001,0.757
109000,0.263,0.000,0.738
109500,0.248,0.000,0.752
110000,0.272,0.000,0.728
110500,0.260,0.000,0.740
111000,0.300,0.000,0.700
111500,0.275,0.000,0.726
112000,0.266,0.000,0.734
112500,0.256,0.000,0.744
113000,0.323,0.000,0.677
113500,0.213,0.000,0.786
114000,0.234,0.000,0.766
114500,0.318,0.003,0.679
115000,0.285,0.001,0.715
115500,0.269,0.001,0.731
116000,0.248,0.000,0.752
116500,0.257,0.000,0.744
117000,0.257,0.000,0.744
117500,0.282,0.002,0.716
118000,0.329,0.000,0.671
118500,0.302,0.000,0.698
119000,0.250,0.002,0.749
119500,0.271,0.000,0.729
120000,0.236,0.004,0.760
120500,0.246,0.000,0.754
121000,0.293,0.000,0.707
121500,0.299,0.000,0.701
122000,0.328,0.000,0.672
122500,0.278,0.000,0.722
123000,0.276,0.000,0.724
123500,0.282,0.000,0.718
124000,0.243,0.000,0.756
124500,0.295,0.000,0.705
125000,0.311,0.000,0.689
125500,0.259,0.000,0.741
126000,0.278,0.000,0.722
126500,0.296,0.000,0.704
127000,0.297,0.000,0.703
127500,0.328,0.000,0.672
128000,0.239,0.000,0.760
128500,0.250,0.000,0.750
129000,0.254,0.009,0.738
129500,0.338,0.000,0.662
130000,0.291,0.000,0.709
130500,0.244,0.000,0.756
131000,0.328,0.000,0.672
131500,0.283,0.000,0.717
132000,0.295,0.000,0.705
132500,0.302,0.000,0.698
133000,0.324,0.000,0.676
133500,0.231,0.000,0.769
134000,0.274,0.003,0.724
134500,0.256,0.000,0.744
135000,0.264,0.000,0.736
135500,0.311,0.000,0.689
136000,0.363,0.000,0.637
136500,0.357,0.000,0.643
137000,0.363,0.000,0.637
137500,0.254,0.000,0.746
138000,0.331,0.000,0.669
138500,0.275,0.000,0.725
139000,0.217,0.000,0.783
139500,0.283,0.000,0.717
140000,0.289,0.000,0.711
140500,0.297,0.000,0.703
141000,0.335,0.000,0.665
141500,0.261,0.000,0.740
142000,0.250,0.000,0.750
142500,0.246,0.000,0.754
143000,0.316,0.000,0.684
143500,0.408,0.000,0.592
144000,0.334,0.000,0.666
144500,0.297,0.000,0.703
145000,0.305,0.000,0.695
145500,0.308,0.000,0.692
146000,0.322,0.000,0.678
146500,0.290,0.000,0.710
147000,0.280,0.005,0.715
147500,0.223,0.000,0.777
148000,0.269,0.000,0.731
148500,0.273,0.000,0.728
149000,0.279,0.000,0.721
149500,0.281,0.000,0.720
150000,0.304,0.000,0.696
150500,0.260,0.000,0.740
151000,0.296,0.000,0.704
151500,0.282,0.000,0.718
152000,0.272,0.004,0.724
152500,0.298,0.000,0.702
153000,0.274,0.000,0.726
153500,0.268,0.000,0.732
154000,0.203,0.000,0.796
154500,0.251,0.000,0.749
155000,0.301,0.000,0.699
155500,0.254,0.000,0.746
156000,0.235,0.000,0.764
156500,0.278,0.000,0.722
157000,0.277,0.000,0.724
157500,0.322,0.000,0.678
158000,0.321,0.000,0.679
158500,0.251,0.000,0.749
159000,0.252,0.000,0.748
159500,0.259,0.000,0.741
160000,0.305,0.000,0.695
160500,0.335,0.000,0.665
161000,0.291,0.002,0.707
161500,0.339,0.001,0.661
162000,0.346,0.000,0.653
162500,0.260,0.000,0.740
163000,0.239,0.000,0.761
163500,0.233,0.000,0.767
164000,0.281,0.000,0.719
164500,0.302,0.000,0.698
165000,0.301,0.000,0.699
165500,0.361,0.000,0.639
166000,0.384,0.000,0.617
166500,0.273,0.000,0.727
167000,0.277,0.000,0.724
167500,0.224,0.007,0.769
168000,0.280,0.000,0.720
168500,0.276,0.000,0.724
169000,0.320,0.000,0.680
169500,0.304,0.000,0.696
170000,0.326,0.000,0.674
170500,0.333,0.000,0.667
171000,0.299,0.000,0.701
171500,0.212,0.000,0.787
172000,0.314,0.000,0.686
172500,0.352,0.000,0.648
173000,0.293,0.000,0.707
173500,0.244,0.000,0.756
174000,0.295,0.000,0.705
174500,0.325,0.000,0.675
175000,0.276,0.006,0.718
175500,0.258,0.001,0.742
176000,0.283,0.000,0.717
176500,0.272,0.000,0.728
177000,0.265,0.000,0.736
177500,0.282,0.009,0.709
178000,0.252,0.001,0.748
178500,0.289,0.000,0.711
179000,0.294,0.000,0.706
179500,0.281,0.001,0.719
180000,0.256,0.000,0.744
180500,0.308,0.000,0.692
181000,0.285,0.000,0.715
181500,0.287,0.000,0.713
182000,0.276,0.000,0.724
182500,0.345,0.000,0.655
183000,0.287,0.000,0.713
183500,0.313,0.000,0.687
184000,0.301,0.000,0.699
184500,0.337,0.000,0.663
185000,0.269,0.000,0.731
185500,0.279,0.000,0.721
186000,0.282,0.000,0.718
186500,0.261,0.000,0.739
187000,0.302,0.000,0.698
187500,0.327,0.000,0.673
188000,0.250,0.000,0.750
188500,0.234,0.000,0.766
189000,0.277,0.000,0.724
189500,0.328,0.000,0.672
190000,0.312,0.000,0.688
190500,0.277,0.000,0.724
191000,0.341,0.000,0.659
191500,0.295,0.000,0.705
192000,0.291,0.000,0.709
192500,0.233,0.000,0.767
193000,0.360,0.000,0.639
193500,0.290,0.000,0.710
194000,0.253,0.004,0.743
194500,0.270,0.000,0.730
195000,0.308,0.000,0.692
195500,0.236,0.000,0.764
196000,0.280,0.002,0.718
196500,0.302,0.000,0.698
197000,0.238,0.000,0.762
197500,0.252,0.000,0.748
198000,0.256,0.000,0.744
198500,0.322,0.000,0.678
199000,0.271,0.000,0.730
199500,0.330,0.000,0.670
200000,0.289,0.000,0.711
200500,0.299,0.000,0.701
201000,0.218,0.001,0.781
201500,0.250,0.000,0.750
202000,0.258,0.000,0.742
202500,0.316,0.000,0.684
203000,0.280,0.000,0.720
203500,0.269,0.000,0.731
204000,0.247,0.000,0.752
204500,0.328,0.000,0.672
205000,0.300,0.000,0.700
205500,0.258,0.000,0.742
206000,0.229,0.000,0.771
206500,0.315,0.000,0.685
207000,0.279,0.000,0.721
207500,0.324,0.000,0.676
208000,0.271,0.000,0.729
208500,0.319,0.000,0.681
209000,0.280,0.000,0.720
209500,0.328,0.000,0.672
210000,0.293,0.000,0.707
210500,0.281,0.006,0.713
211000,0.298,0.000,0.702
211500,0.268,0.000,0.732
212000,0.316,0.000,0.684
212500,0.277,0.000,0.724
213000,0.283,0.003,0.714
213500,0.259,0.001,0.740
214000,0.258,0.000,0.742
214500,0.308,0.000,0.692
215000,0.364,0.000,0.635
215500,0.271,0.000,0.729
216000,0.302,0.000,0.698
216500,0.264,0.000,0.736
217000,0.249,0.000,0.750
217500,0.264,0.000,0.736
218000,0.321,0.000,0.679
218500,0.282,0.000,0.718
219000,0.268,0.004,0.728
219500,0.277,0.001,0.723
220000,0.274,0.000,0.726
220500,0.298,0.000,0.702
221000,0.292,0.001,0.707
221500,0.304,0.001,0.695
222000,0.307,0.001,0.693
222500,0.292,0.000,0.708
223000,0.292,0.000,0.708
223500,0.258,0.003,0.740
224000,0.308,0.000,0.692
224500,0.358,0.000,0.642
225000,0.287,0.000,0.713
225500,0.283,0.000,0.717
226000,0.288,0.000,0.712
226500,0.307,0.000,0.693
227000,0.340,0.000,0.660
227500,0.260,0.000,0.740
228000,0.257,0.000,0.743
228500,0.356,0.000,0.644
229000,0.313,0.000,0.687
229500,0.304,0.000,0.696
230000,0.300,0.000,0.700
230500,0.313,0.000,0.687
231000,0.252,0.000,0.748
231500,0.318,0.000,0.682
232000,0.267,0.003,0.731
232500,0.347,0.000,0.653
233000,0.291,0.000,0.709
233500,0.286,0.000,0.714
234000,0.257,0.000,0.744
234500,0.293,0.000,0.707
235000,0.290,0.000,0.710
235500,0.288,0.000,0.712
236000,0.311,0.000,0.689
236500,0.265,0.000,0.736
237000,0.286,0.000,0.714
237500,0.305,0.000,0.695
238000,0.295,0.000,0.705
238500,0.297,0.000,0.703
239000,0.339,0.000,0.661
239500,0.283,0.000,0.717
240000,0.247,0.000,0.753
240500,0.306,0.002,0.692
241000,0.280,0.000,0.720
241500,0.277,0.000,0.724
242000,0.290,0.000,0.710
242500,0.330,0.000,0.670
243000,0.281,0.000,0.719
243500,0.294,0.000,0.706
244000,0.296,0.000,0.704
244500,0.282,0.000,0.718
245000,0.316,0.000,0.684
245500,0.311,0.000,0.689
246000,0.371,0.000,0.629
246500,0.344,0.000,0.655
247000,0.268,0.000,0.732
247500,0.290,0.000,0.710
248000,0.267,0.006,0.727
248500,0.240,0.001,0.759
249000,0.308,0.000,0.692
249500,0.351,0.000,0.649
250000,0.289,0.000,0.711
250500,0.277,0.000,0.723
251000,0.272,0.000,0.728
251500,0.237,0.000,0.762
252000,0.238,0.000,0.762
252500,0.208,0.000,0.791
253000,0.263,0.000,0.737
253500,0.340,0.000,0.660
254000,0.267,0.000,0.734
254500,0.268,0.000,0.732
255000,0.316,0.000,0.684
255500,0.283,0.000,0.717
256000,0.277,0.000,0.723
256500,0.317,0.000,0.683
257000,0.336,0.000,0.664
257500,0.356,0.000,0.643
258000,0.298,0.000,0.702
258500,0.259,0.000,0.742
259000,0.268,0.000,0.732
259500,0.256,0.002,0.742
260000,0.255,0.000,0.746
260500,0.331,0.000,0.669
261000,0.339,0.000,0.661
261500,0.274,0.000,0.726
262000,0.235,0.000,0.765
262500,0.290,0.000,0.710
263000,0.293,0.000,0.707
263500,0.335,0.000,0.665
264000,0.252,0.006,0.742
264500,0.247,0.000,0.752
265000,0.220,0.000,0.780
265500,0.220,0.000,0.780
266000,0.241,0.002,0.756
266500,0.318,0.000,0.682
267000,0.316,0.000,0.684
267500,0.273,0.000,0.727
268000,0.262,0.000,0.738
268500,0.241,0.001,0.758
269000,0.259,0.000,0.742
269500,0.288,0.000,0.712
270000,0.341,0.000,0.659
270500,0.203,0.003,0.794
271000,0.235,0.000,0.765
271500,0.237,0.001,0.762
272000,0.315,0.000,0.685
272500,0.290,0.000,0.710
273000,0.265,0.000,0.735
273500,0.346,0.000,0.654
274000,0.279,0.000,0.721
274500,0.301,0.000,0.699
275000,0.334,0.000,0.666
275500,0.242,0.000,0.758
276000,0.258,0.000,0.742
276500,0.241,0.002,0.756
277000,0.287,0.001,0.713
277500,0.265,0.000,0.736
278000,0.265,0.000,0.736
278500,0.241,0.000,0.758
279000,0.217,0.000,0.783
279500,0.253,0.000,0.747
280000,0.273,0.000,0.728
280500,0.267,0.000,0.734
281000,0.247,0.000,0.752
281500,0.280,0.000,0.720
282000,0.263,0.000,0.738
282500,0.350,0.000,0.650
283000,0.320,0.000,0.680
283500,0.266,0.009,0.726
284000,0.230,0.002,0.768
284500,0.224,0.000,0.776
285000,0.331,0.000,0.669
285500,0.372,0.000,0.628
286000,0.299,0.000,0.701
286500,0.288,0.000,0.712
287000,0.283,0.000,0.717
287500,0.287,0.000,0.713
288000,0.273,0.000,0.727
288500,0.268,0.000,0.732
289000,0.321,0.000,0.679
289500,0.321,0.000,0.679
290000,0.337,0.000,0.663
290500,0.343,0.000,0.657
291000,0.311,0.000,0.689
291500,0.279,0.002,0.720
292000,0.295,0.001,0.705
292500,0.294,0.000,0.706
293000,0.202,0.006,0.792
293500,0.247,0.000,0.752
294000,0.284,0.002,0.714
294500,0.251,0.000,0.749
295000,0.257,0.000,0.743
295500,0.230,0.000,0.770
296000,0.235,0.006,0.759
296500,0.242,0.000,0.758
297000,0.322,0.000,0.678
297500,0.355,0.000,0.645
298000,0.256,0.000,0.744
298500,0.279,0.000,0.721
299000,0.260,0.004,0.736
299500,0.276,0.001,0.723
300000,0.285,0.000,0.715
300500,0.234,0.004,0.762
301000,0.263,0.000,0.737
301500,0.268,0.002,0.731
302000,0.262,0.000,0.738
302500,0.316,0.000,0.684
303000,0.281,0.000,0.719
303500,0.298,0.000,0.702
304000,0.252,0.000,0.748
304500,0.207,0.000,0.792
305000,0.315,0.000,0.685
305500,0.277,0.000,0.724
306000,0.289,0.000,0.711
306500,0.295,0.000,0.705
307000,0.312,0.006,0.681
307500,0.288,0.001,0.711
308000,0.226,0.000,0.774
308500,0.291,0.000,0.709
309000,0.258,0.000,0.742
309500,0.308,0.000,0.692
310000,0.253,0.009,0.738
310500,0.240,0.000,0.760
311000,0.266,0.000,0.734
311500,0.295,0.000,0.705
312000,0.264,0.000,0.736
312500,0.281,0.000,0.719
313000,0.257,0.000,0.743
313500,0.247,0.005,0.748
314000,0.281,0.000,0.719
314500,0.272,0.000,0.728
315000,0.243,0.000,0.756
315500,0.253,0.000,0.747
316000,0.291,0.000,0.709
316500,0.270,0.000,0.730
317000,0.250,0.000,0.750
317500,0.286,0.000,0.714
318000,0.272,0.000,0.728
318500,0.278,0.000,0.722
319000,0.307,0.000,0.693
319500,0.249,0.000,0.751
320000,0.326,0.000,0.674
320500,0.259,0.000,0.741
321000,0.292,0.001,0.707
321500,0.285,0.000,0.715
322000,0.282,0.002,0.717
322500,0.281,0.001,0.719
323000,0.287,0.000,0.713
323500,0.271,0.000,0.729
324000,0.324,0.000,0.676
324500,0.261,0.000,0.740
325000,0.278,0.000,0.722
325500,0.253,0.000,0.748
326000,0.263,0.003,0.735
326500,0.237,0.000,0.762
327000,0.357,0.000,0.643
327500,0.360,0.000,0.640
328000,0.341,0.000,0.659
328500,0.278,0.000,0.722
329000,0.270,0.000,0.730
329500,0.294,0.000,0.706
330000,0.234,0.000,0.766
330500,0.225,0.005,0.770
331000,0.287,0.001,0.712
331500,0.248,0.000,0.752
332000,0.299,0.000,0.701
332500,0.330,0.000,0.670
333000,0.219,0.002,0.779
333500,0.274,0.000,0.726
334000,0.286,0.000,0.714
334500,0.266,0.000,0.734
335000,0.289,0.001,0.710
335500,0.245,0.000,0.755
336000,0.242,0.000,0.758
336500,0.293,0.000,0.707
337000,0.258,0.000,0.742
337500,0.234,0.004,0.761
338000,0.258,0.001,0.742
338500,0.304,0.000,0.696
339000,0.367,0.000,0.633
339500,0.384,0.000,0.617
340000,0.296,0.000,0.704
340500,0.253,0.000,0.748
341000,0.260,0.000,0.740
341500,0.281,0.000,0.720
342000,0.241,0.000,0.758
342500,0.271,0.000,0.729
343000,0.295,0.000,0.705
343500,0.255,0.003,0.743
344000,0.288,0.000,0.712
344500,0.272,0.000,0.728
345000,0.279,0.000,0.722
345500,0.199,0.006,0.795
346000,0.254,0.003,0.743
346500,0.320,0.000,0.680
347000,0.249,0.000,0.751
347500,0.269,0.000,0.731
348000,0.234,0.000,0.766
348500,0.262,0.000,0.738
349000,0.333,0.000,0.667
349500,0.279,0.000,0.722
350000,0.277,0.000,0.724
350500,0.271,0.000,0.730
351000,0.241,0.000,0.758
351500,0.328,0.000,0.672
352000,0.262,0.000,0.738
352500,0.302,0.000,0.698
353000,0.293,0.000,0.707
353500,0.275,0.000,0.726
354000,0.284,0.000,0.716
354500,0.377,0.000,0.623
355000,0.294,0.000,0.706
355500,0.302,0.000,0.698
356000,0.302,0.000,0.698
356500,0.287,0.000,0.713
357000,0.280,0.000,0.720
357500,0.280,0.000,0.720
358000,0.253,0.000,0.747
358500,0.298,0.000,0.702
359000,0.295,0.000,0.705
359500,0.267,0.000,0.734
360000,0.337,0.001,0.662
360500,0.310,0.000,0.690
361000,0.322,0.000,0.678
361500,0.272,0.000,0.728
362000,0.258,0.000,0.742
362500,0.304,0.000,0.696
363000,0.245,0.002,0.752
363500,0.318,0.000,0.682
364000,0.305,0.000,0.695
364500,0.307,0.000,0.693
365000,0.240,0.000,0.760
365500,0.323,0.000,0.677
366000,0.249,0.000,0.750
366500,0.318,0.000,0.682
367000,0.339,0.000,0.661
367500,0.305,0.000,0.695
368000,0.351,0.000,0.649
368500,0.231,0.000,0.769
369000,0.245,0.000,0.755
369500,0.250,0.000,0.750
370000,0.283,0.000,0.717
370500,0.335,0.000,0.665
371000,0.318,0.000,0.682
371500,0.295,0.000,0.705
372000,0.266,0.000,0.734
372500,0.316,0.000,0.684
373000,0.293,0.000,0.707
373500,0.316,0.000,0.684
374000,0.277,0.000,0.724
374500,0.256,0.000,0.744
375000,0.312,0.000,0.688
375500,0.302,0.000,0.698
376000,0.322,0.000,0.678
376500,0.334,0.000,0.666
377000,0.317,0.000,0.683
377500,0.305,0.000,0.695
378000,0.300,0.000,0.700
378500,0.243,0.000,0.757
379000,0.309,0.000,0.691
379500,0.266,0.000,0.734
380000,0.316,0.000,0.684
380500,0.351,0.000,0.649
381000,0.275,0.000,0.725
381500,0.316,0.000,0.684
382000,0.281,0.000,0.719
382500,0.299,0.000,0.701
383000,0.292,0.000,0.708
383500,0.310,0.000,0.690
384000,0.321,0.000,0.679
384500,0.322,0.000,0.678
385000,0.289,0.000,0.711
385500,0.263,0.000,0.737
386000,0.271,0.000,0.730
386500,0.259,0.000,0.741
387000,0.278,0.000,0.722
387500,0.268,0.000,0.732
388000,0.257,0.001,0.743
388500,0.288,0.000,0.712
389000,0.298,0.000,0.702
389500,0.303,0.000,0.697
390000,0.313,0.000,0.687
390500,0.273,0.000,0.727
391000,0.273,0.000,0.727
391500,0.280,0.000,0.720
392000,0.291,0.000,0.709
392500,0.321,0.000,0.679
393000,0.341,0.003,0.657
393500,0.302,0.001,0.697
394000,0.322,0.000,0.678
394500,0.272,0.000,0.728
395000,0.232,0.000,0.768
395500,0.267,0.000,0.733
396000,0.273,0.000,0.727
396500,0.285,0.000,0.715
397000,0.337,0.000,0.663
397500,0.339,0.000,0.661
398000,0.330,0.000,0.670
398500,0.327,0.000,0.673
399000,0.286,0.000,0.714
399500,0.229,0.000,0.771
400000,0.231,0.000,0.769
400500,0.216,0.000,0.783
401000,0.220,0.000,0.780
401500,0.233,0.000,0.767
402000,0.268,0.000,0.732
402500,0.266,0.004,0.730
403000,0.312,0.000,0.688
403500,0.272,0.000,0.728
404000,0.276,0.000,0.724
404500,0.317,0.000,0.683
405000,0.301,0.000,0.699
405500,0.278,0.000,0.722
406000,0.360,0.000,0.639
406500,0.308,0.000,0.692
407000,0.219,0.000,0.781
407500,0.244,0.000,0.756
408000,0.289,0.000,0.711
408500,0.260,0.000,0.740
409000,0.334,0.000,0.666
409500,0.337,0.000,0.663
410000,0.235,0.000,0.765
410500,0.309,0.000,0.691
411000,0.232,0.000,0.768
411500,0.255,0.000,0.746
412000,0.293,0.000,0.707
412500,0.308,0.000,0.692
413000,0.270,0.000,0.730
413500,0.307,0.002,0.692
414000,0.312,0.000,0.688
414500,0.216,0.000,0.784
415000,0.263,0.000,0.738
415500,0.314,0.000,0.686
416000,0.250,0.000,0.750
416500,0.234,0.000,0.766
417000,0.305,0.000,0.695
417500,0.269,0.000,0.732
418000,0.285,0.000,0.715
418500,0.291,0.000,0.709
419000,0.228,0.000,0.772
419500,0.271,0.000,0.730
420000,0.321,0.000,0.679
420500,0.330,0.000,0.670
421000,0.306,0.000,0.694
421500,0.307,0.000,0.693
422000,0.295,0.000,0.705
422500,0.281,0.000,0.719
423000,0.254,0.000,0.746
423500,0.281,0.000,0.719
424000,0.276,0.000,0.724
424500,0.309,0.000,0.691
425000,0.349,0.000,0.651
425500,0.277,0.000,0.723
426000,0.287,0.000,0.713
426500,0.262,0.000,0.738
427000,0.251,0.000,0.749
427500,0.314,0.000,0.686
428000,0.263,0.000,0.737
428500,0.287,0.000,0.713
429000,0.278,0.000,0.722
429500,0.296,0.000,0.704
430000,0.241,0.004,0.755
430500,0.281,0.001,0.719
431000,0.257,0.000,0.744
431500,0.310,0.000,0.690
432000,0.318,0.000,0.682
432500,0.323,0.000,0.677
433000,0.288,0.000,0.712
433500,0.230,0.000,0.770
434000,0.269,0.000,0.732
434500,0.259,0.000,0.741
435000,0.220,0.000,0.780
435500,0.248,0.003,0.749
436000,0.234,0.008,0.758
436500,0.333,0.001,0.667
437000,0.299,0.000,0.701
437500,0.299,0.000,0.701
438000,0.316,0.001,0.684
438500,0.310,0.000,0.690
439000,0.291,0.000,0.709
439500,0.320,0.000,0.680
440000,0.273,0.000,0.728
440500,0.234,0.000,0.766
441000,0.193,0.000,0.807
441500,0.257,0.000,0.743
442000,0.282,0.000,0.718
442500,0.311,0.000,0.689
443000,0.257,0.000,0.743
443500,0.280,0.000,0.720
444000,0.226,0.000,0.774
444500,0.222,0.000,0.778
445000,0.214,0.000,0.785
445500,0.315,0.000,0.685
446000,0.266,0.009,0.725
446500,0.239,0.002,0.759
447000,0.254,0.000,0.746
447500,0.267,0.000,0.733
448000,0.344,0.000,0.656
448500,0.246,0.000,0.754
449000,0.270,0.000,0.730
449500,0.271,0.000,0.730
450000,0.283,0.000,0.717
450500,0.247,0.000,0.752
451000,0.244,0.000,0.756
451500,0.325,0.003,0.673
452000,0.263,0.001,0.737
452500,0.259,0.000,0.742
453000,0.297,0.000,0.703
453500,0.270,0.000,0.730
454000,0.257,0.006,0.737
454500,0.276,0.001,0.723
455000,0.291,0.000,0.709
455500,0.298,0.000,0.702
456000,0.282,0.000,0.718
456500,0.300,0.000,0.700
457000,0.289,0.000,0.711
457500,0.310,0.000,0.690
458000,0.282,0.000,0.718
458500,0.232,0.000,0.768
459000,0.280,0.000,0.720
459500,0.257,0.000,0.744
460000,0.246,0.000,0.754
460500,0.255,0.000,0.745
461000,0.304,0.000,0.696
461500,0.231,0.000,0.769
462000,0.283,0.000,0.717
462500,0.331,0.000,0.669
463000,0.284,0.000,0.716
463500,0.280,0.000,0.720
464000,0.283,0.000,0.717
464500,0.268,0.000,0.732
465000,0.298,0.000,0.702
465500,0.273,0.000,0.727
466000,0.242,0.000,0.758
466500,0.281,0.000,0.719
467000,0.244,0.000,0.756
467500,0.283,0.000,0.717
468000,0.229,0.000,0.771
468500,0.259,0.000,0.742
469000,0.264,0.000,0.736
469500,0.245,0.000,0.754
470000,0.321,0.000,0.679
470500,0.345,0.000,0.655
471000,0.222,0.000,0.778
471500,0.261,0.000,0.740
472000,0.236,0.000,0.764
472500,0.234,0.000,0.766
473000,0.226,0.000,0.774
473500,0.223,0.000,0.777
474000,0.280,0.000,0.720
474500,0.269,0.009,0.722
475000,0.302,0.000,0.698
475500,0.255,0.000,0.746
476000,0.324,0.000,0.676
476500,0.298,0.000,0.702
477000,0.234,0.000,0.766
477500,0.278,0.000,0.722
478000,0.315,0.000,0.685
478500,0.280,0.000,0.720
479000,0.293,0.000,0.707
479500,0.292,0.000,0.708
480000,0.303,0.000,0.697
480500,0.242,0.000,0.758
481000,0.225,0.000,0.775
481500,0.235,0.001,0.764
482000,0.268,0.000,0.732
482500,0.302,0.000,0.698
483000,0.303,0.000,0.697
483500,0.283,0.004,0.714
484000,0.266,0.001,0.734
484500,0.256,0.000,0.744
485000,0.277,0.000,0.723
485500,0.310,0.000,0.690
486000,0.263,0.000,0.738
486500,0.331,0.000,0.669
487000,0.347,0.000,0.653
487500,0.312,0.000,0.688
488000,0.301,0.000,0.699
488500,0.275,0.000,0.726
489000,0.346,0.000,0.653
489500,0.292,0.000,0.708
490000,0.242,0.000,0.758
490500,0.268,0.000,0.732
491000,0.251,0.000,0.749
491500,0.278,0.000,0.722
492000,0.320,0.000,0.680
492500,0.335,0.000,0.665
493000,0.239,0.000,0.760
493500,0.225,0.000,0.775
494000,0.272,0.000,0.728
494500,0.281,0.003,0.717
495000,0.248,0.006,0.746
495500,0.303,0.001,0.696
496000,0.352,0.000,0.648
496500,0.287,0.000,0.713
497000,0.260,0.000,0.740
497500,0.242,0.000,0.758
498000,0.254,0.000,0.746
498500,0.266,0.000,0.734
499000,0.299,0.000,0.701
499500,0.266,0.000,0.734
500000,0.279,0.000,0.722
500500,0.324,0.000,0.676
501000,0.289,0.000,0.711
501500,0.321,0.000,0.679
502000,0.333,0.000,0.667
502500,0.261,0.000,0.739
503000,0.312,0.000,0.688
503500,0.222,0.000,0.778
504000,0.254,0.005,0.741
504500,0.233,0.003,0.765
505000,0.280,0.001,0.720
505500,0.286,0.000,0.714
506000,0.336,0.000,0.664
506500,0.310,0.000,0.690
507000,0.260,0.000,0.740
507500,0.344,0.000,0.656
508000,0.370,0.000,0.629
508500,0.279,0.000,0.722
509000,0.325,0.000,0.675
509500,0.231,0.000,0.769
510000,0.223,0.004,0.773
510500,0.256,0.000,0.744
511000,0.276,0.000,0.724
511500,0.290,0.000,0.710
512000,0.349,0.000,0.651
512500,0.302,0.000,0.698
513000,0.373,0.000,0.627
513500,0.278,0.000,0.722
514000,0.301,0.000,0.699
514500,0.328,0.000,0.672
515000,0.367,0.000,0.633
515500,0.334,0.000,0.666
516000,0.280,0.001,0.719
516500,0.311,0.000,0.689
517000,0.239,0.000,0.761
517500,0.230,0.002,0.769
518000,0.268,0.000,0.732
518500,0.309,0.000,0.691
519000,0.287,0.000,0.713
519500,0.278,0.000,0.722
520000,0.282,0.000,0.718
520500,0.300,0.000,0.700
521000,0.313,0.000,0.687
521500,0.287,0.000,0.713
522000,0.266,0.000,0.734
522500,0.262,0.000,0.738
523000,0.201,0.004,0.794
523500,0.272,0.000,0.728
524000,0.286,0.000,0.714
524500,0.308,0.004,0.687
525000,0.257,0.001,0.743
525500,0.298,0.000,0.702
526000,0.322,0.000,0.678
526500,0.297,0.000,0.703
527000,0.256,0.000,0.744
527500,0.255,0.000,0.746
528000,0.254,0.000,0.746
528500,0.241,0.000,0.759
529000,0.281,0.000,0.719
529500,0.266,0.000,0.734
530000,0.287,0.000,0.713
530500,0.294,0.000,0.706
531000,0.316,0.000,0.684
531500,0.309,0.000,0.691
532000,0.305,0.000,0.695
532500,0.332,0.000,0.668
533000,0.275,0.000,0.726
533500,0.305,0.000,0.695
534000,0.275,0.006,0.720
534500,0.294,0.000,0.706
535000,0.306,0.000,0.694
535500,0.356,0.000,0.644
536000,0.354,0.000,0.646
536500,0.311,0.000,0.689
537000,0.266,0.000,0.734
537500,0.291,0.000,0.709
538000,0.267,0.000,0.734
538500,0.280,0.000,0.720
539000,0.231,0.000,0.769
539500,0.287,0.000,0.713
540000,0.275,0.000,0.725
540500,0.274,0.000,0.726
541000,0.295,0.000,0.705
541500,0.235,0.000,0.765
542000,0.231,0.000,0.769
542500,0.212,0.001,0.787
543000,0.239,0.002,0.758
543500,0.251,0.000,0.750
544000,0.262,0.000,0.738
544500,0.360,0.000,0.640
545000,0.284,0.000,0.716
545500,0.331,0.003,0.667
546000,0.272,0.001,0.728
546500,0.262,0.000,0.738
547000,0.267,0.000,0.733
547500,0.303,0.000,0.697
548000,0.274,0.006,0.720
548500,0.273,0.001,0.727
549000,0.312,0.000,0.688
549500,0.280,0.000,0.720
550000,0.265,0.000,0.736
550500,0.305,0.000,0.695
551000,0.321,0.000,0.679
551500,0.241,0.000,0.759
552000,0.246,0.000,0.754
552500,0.225,0.001,0.775
553000,0.226,0.000,0.774
553500,0.292,0.000,0.708
554000,0.283,0.000,0.717
554500,0.221,0.000,0.779
555000,0.220,0.000,0.780
555500,0.320,0.000,0.680
556000,0.283,0.000,0.717
556500,0.324,0.000,0.676
557000,0.340,0.000,0.660
557500,0.291,0.000,0.709
558000,0.254,0.003,0.743
558500,0.291,0.000,0.709
559000,0.308,0.000,0.692
559500,0.329,0.000,0.671
560000,0.272,0.000,0.728
560500,0.270,0.000,0.730
561000,0.235,0.009,0.756
561500,0.254,0.000,0.746
562000,0.332,0.000,0.668
562500,0.265,0.000,0.735
563000,0.286,0.000,0.714
563500,0.291,0.000,0.709
564000,0.226,0.000,0.774
564500,0.331,0.000,0.669
565000,0.317,0.000,0.683
565500,0.289,0.004,0.707
566000,0.266,0.000,0.734
566500,0.265,0.000,0.735
567000,0.261,0.000,0.740
567500,0.280,0.000,0.720
568000,0.290,0.000,0.710
568500,0.272,0.000,0.728
569000,0.248,0.000,0.752
569500,0.235,0.001,0.765
570000,0.280,0.001,0.720
570500,0.287,0.000,0.713
571000,0.260,0.000,0.740
571500,0.298,0.000,0.702
572000,0.283,0.000,0.717
572500,0.266,0.000,0.734
573000,0.314,0.000,0.686
573500,0.260,0.000,0.740
574000,0.276,0.000,0.724
574500,0.265,0.000,0.735
575000,0.261,0.000,0.740
575500,0.267,0.000,0.734
576000,0.305,0.004,0.691
576500,0.324,0.001,0.675
577000,0.231,0.000,0.769
577500,0.295,0.000,0.705
578000,0.246,0.002,0.752
578500,0.321,0.000,0.679
579000,0.282,0.000,0.718
579500,0.252,0.000,0.748
580000,0.270,0.000,0.730
580500,0.242,0.000,0.758
581000,0.244,0.000,0.756
581500,0.281,0.000,0.720
582000,0.279,0.009,0.713
582500,0.281,0.000,0.719
583000,0.268,0.000,0.732
583500,0.228,0.000,0.772
584000,0.291,0.000,0.709
584500,0.348,0.000,0.652
585000,0.332,0.002,0.667
585500,0.365,0.000,0.635
586000,0.238,0.000,0.762
586500,0.333,0.000,0.667
587000,0.388,0.000,0.613
587500,0.374,0.000,0.626
588000,0.297,0.000,0.703
588500,0.283,0.000,0.717
589000,0.278,0.000,0.722
589500,0.233,0.000,0.767
590000,0.245,0.000,0.754
590500,0.276,0.000,0.724
591000,0.304,0.000,0.696
591500,0.278,0.000,0.722
592000,0.252,0.000,0.748
592500,0.233,0.000,0.767
593000,0.248,0.000,0.752
593500,0.256,0.000,0.744
594000,0.363,0.000,0.637
594500,0.296,0.000,0.704
595000,0.305,0.000,0.695
595500,0.279,0.000,0.722
596000,0.227,0.000,0.773
596500,0.244,0.000,0.756
597000,0.271,0.000,0.730
597500,0.275,0.000,0.725
598000,0.248,0.000,0.752
598500,0.308,0.000,0.692
599000,0.304,0.000,0.696
599500,0.261,0.000,0.739
600000,0.242,0.000,0.758
600500,0.335,0.000,0.665
601000,0.310,0.000,0.690
601500,0.258,0.000,0.742
602000,0.233,0.000,0.767
602500,0.341,0.000,0.659
603000,0.288,0.000,0.712
603500,0.259,0.000,0.742
604000,0.352,0.000,0.647
604500,0.349,0.000,0.651
605000,0.282,0.000,0.718
605500,0.339,0.000,0.661
606000,0.297,0.000,0.703
606500,0.283,0.000,0.717
607000,0.293,0.000,0.707
607500,0.301,0.000,0.699
608000,0.298,0.000,0.702
608500,0.355,0.000,0.645
609000,0.284,0.000,0.716
609500,0.266,0.000,0.734
610000,0.263,0.000,0.738
610500,0.272,0.000,0.728
611000,0.258,0.000,0.742
611500,0.254,0.000,0.746
612000,0.311,0.000,0.689
612500,0.262,0.000,0.738
613000,0.259,0.000,0.741
613500,0.325,0.000,0.675
614000,0.263,0.000,0.738
614500,0.289,0.000,0.711
615000,0.325,0.000,0.675
615500,0.284,0.000,0.716
616000,0.288,0.000,0.712
616500,0.329,0.000,0.671
617000,0.287,0.000,0.713
617500,0.287,0.000,0.713
618000,0.255,0.001,0.745
618500,0.235,0.000,0.764
619000,0.248,0.000,0.752
619500,0.282,0.000,0.718
620000,0.224,0.000,0.776
620500,0.284,0.000,0.716
621000,0.242,0.000,0.758
621500,0.271,0.003,0.726
622000,0.326,0.000,0.674
622500,0.249,0.000,0.751
623000,0.283,0.000,0.717
623500,0.243,0.000,0.756
624000,0.261,0.000,0.740
624500,0.281,0.000,0.720
625000,0.258,0.000,0.742
625500,0.308,0.000,0.692
626000,0.273,0.000,0.728
626500,0.264,0.006,0.730
627000,0.260,0.000,0.740
627500,0.311,0.000,0.689
628000,0.288,0.000,0.712
628500,0.210,0.001,0.789
629000,0.286,0.000,0.714
629500,0.294,0.000,0.706
630000,0.248,0.000,0.752
630500,0.280,0.000,0.720
631000,0.277,0.000,0.723
631500,0.297,0.000,0.703
632000,0.300,0.000,0.700
632500,0.271,0.001,0.729
633000,0.284,0.000,0.716
633500,0.271,0.000,0.729
634000,0.265,0.000,0.736
634500,0.272,0.000,0.728
635000,0.293,0.000,0.707
635500,0.323,0.000,0.677
636000,0.310,0.000,0.690
636500,0.286,0.000,0.714
637000,0.260,0.000,0.740
637500,0.314,0.000,0.686
638000,0.226,0.000,0.774
638500,0.246,0.000,0.754
639000,0.276,0.000,0.724
639500,0.232,0.000,0.768
640000,0.339,0.000,0.661
640500,0.303,0.000,0.697
641000,0.270,0.000,0.730
641500,0.328,0.000,0.672
642000,0.280,0.000,0.720
642500,0.320,0.000,0.680
643000,0.248,0.000,0.752
643500,0.295,0.010,0.695
644000,0.305,0.001,0.694
644500,0.262,0.000,0.738
645000,0.219,0.000,0.781
645500,0.253,0.000,0.747
646000,0.205,0.000,0.795
646500,0.231,0.002,0.768
647000,0.265,0.000,0.736
647500,0.290,0.000,0.710
648000,0.301,0.000,0.699
648500,0.323,0.000,0.677
649000,0.300,0.000,0.700
649500,0.335,0.000,0.665
650000,0.309,0.000,0.691
650500,0.287,0.000,0.713
651000,0.276,0.000,0.724
651500,0.274,0.000,0.726
652000,0.285,0.000,0.715
652500,0.300,0.000,0.700
653000,0.280,0.000,0.720
653500,0.327,0.000,0.673
654000,0.268,0.000,0.732
654500,0.283,0.000,0.717
655000,0.304,0.000,0.696
655500,0.240,0.000,0.760
656000,0.282,0.000,0.718
656500,0.310,0.000,0.690
657000,0.287,0.000,0.713
657500,0.280,0.000,0.720
658000,0.193,0.001,0.806
658500,0.254,0.000,0.746
659000,0.232,0.002,0.766
659500,0.225,0.001,0.775
660000,0.282,0.000,0.718
660500,0.320,0.000,0.680
661000,0.304,0.000,0.696
661500,0.294,0.000,0.706
662000,0.261,0.000,0.740
662500,0.252,0.000,0.748
663000,0.287,0.000,0.713
663500,0.317,0.000,0.683
664000,0.352,0.000,0.647
664500,0.341,0.000,0.659
665000,0.275,0.000,0.725
665500,0.316,0.000,0.684
666000,0.231,0.000,0.769
666500,0.246,0.000,0.754
667000,0.249,0.000,0.751
667500,0.308,0.000,0.692
668000,0.276,0.000,0.724
668500,0.295,0.000,0.705
669000,0.272,0.000,0.728
669500,0.302,0.000,0.698
670000,0.271,0.000,0.730
670500,0.272,0.000,0.728
671000,0.292,0.000,0.708
671500,0.234,0.000,0.766
672000,0.329,0.000,0.671
672500,0.304,0.000,0.696
673000,0.376,0.000,0.625
673500,0.313,0.000,0.687
674000,0.273,0.000,0.728
674500,0.260,0.000,0.740
675000,0.251,0.000,0.750
675500,0.281,0.000,0.720
676000,0.312,0.000,0.688
676500,0.345,0.000,0.655
677000,0.344,0.000,0.656
677500,0.339,0.000,0.661
678000,0.248,0.000,0.752
678500,0.290,0.000,0.710
679000,0.226,0.000,0.774
679500,0.233,0.000,0.767
680000,0.268,0.000,0.732
680500,0.294,0.000,0.706
681000,0.292,0.000,0.708
681500,0.282,0.000,0.718
682000,0.308,0.000,0.692
682500,0.245,0.000,0.755
683000,0.290,0.000,0.710
683500,0.278,0.000,0.722
684000,0.292,0.000,0.708
684500,0.303,0.000,0.697
685000,0.309,0.000,0.691
685500,0.260,0.000,0.740
686000,0.294,0.000,0.706
686500,0.227,0.000,0.773
687000,0.242,0.000,0.758
687500,0.282,0.000,0.718
688000,0.258,0.000,0.742
688500,0.273,0.000,0.728
689000,0.309,0.000,0.691
689500,0.240,0.000,0.760
690000,0.256,0.000,0.744
690500,0.312,0.000,0.688
691000,0.241,0.000,0.758
691500,0.241,0.000,0.759
692000,0.339,0.000,0.661
692500,0.346,0.000,0.654
693000,0.312,0.000,0.688
693500,0.336,0.000,0.664
694000,0.247,0.000,0.752
694500,0.285,0.000,0.715
695000,0.277,0.004,0.720
695500,0.293,0.001,0.707
696000,0.321,0.000,0.679
696500,0.286,0.000,0.714
697000,0.287,0.000,0.713
697500,0.282,0.000,0.718
698000,0.271,0.000,0.729
698500,0.319,0.000,0.681
699000,0.280,0.000,0.720
699500,0.293,0.000,0.707
700000,0.316,0.000,0.684
700500,0.285,0.000,0.715
701000,0.333,0.000,0.667
701500,0.288,0.000,0.712
702000,0.251,0.003,0.747
702500,0.263,0.000,0.737
703000,0.305,0.000,0.695
703500,0.315,0.000,0.685
704000,0.261,0.000,0.739
704500,0.262,0.000,0.738
705000,0.260,0.000,0.740
705500,0.254,0.000,0.746
706000,0.278,0.000,0.722
706500,0.371,0.000,0.629
707000,0.311,0.000,0.689
707500,0.400,0.000,0.601
708000,0.348,0.000,0.652
708500,0.273,0.000,0.727
709000,0.265,0.000,0.735
709500,0.274,0.000,0.726
710000,0.284,0.000,0.716
710500,0.317,0.000,0.683
711000,0.292,0.000,0.708
711500,0.344,0.000,0.656
712000,0.277,0.000,0.723
712500,0.282,0.000,0.718
713000,0.288,0.001,0.712
713500,0.322,0.000,0.678
714000,0.369,0.000,0.631
714500,0.378,0.000,0.623
715000,0.290,0.000,0.710
715500,0.294,0.000,0.706
716000,0.298,0.000,0.702
716500,0.290,0.000,0.710
717000,0.264,0.000,0.736
717500,0.281,0.000,0.719
718000,0.252,0.000,0.748
718500,0.228,0.000,0.772
719000,0.221,0.000,0.779
719500,0.249,0.000,0.750
720000,0.270,0.000,0.730
720500,0.253,0.000,0.747
721000,0.264,0.000,0.736
721500,0.258,0.000,0.742
722000,0.252,0.000,0.748
722500,0.293,0.000,0.707
723000,0.282,0.000,0.718
723500,0.294,0.000,0.706
724000,0.288,0.000,0.712
724500,0.295,0.000,0.705
725000,0.334,0.000,0.666
725500,0.308,0.000,0.692
726000,0.324,0.000,0.676
726500,0.317,0.000,0.683
727000,0.354,0.000,0.646
727500,0.300,0.000,0.700
728000,0.247,0.000,0.752
728500,0.350,0.000,0.649
729000,0.342,0.000,0.658
729500,0.305,0.000,0.695
730000,0.283,0.000,0.717
730500,0.282,0.000,0.718
731000,0.301,0.000,0.699
731500,0.302,0.000,0.698
732000,0.288,0.000,0.712
732500,0.280,0.004,0.716
733000,0.303,0.000,0.697
733500,0.272,0.000,0.728
734000,0.239,0.000,0.760
734500,0.225,0.000,0.775
735000,0.278,0.000,0.722
735500,0.249,0.000,0.751
736000,0.265,0.000,0.736
736500,0.284,0.000,0.716
737000,0.298,0.000,0.702
737500,0.275,0.000,0.725
738000,0.302,0.000,0.698
738500,0.326,0.008,0.666
739000,0.272,0.000,0.728
739500,0.392,0.000,0.609
740000,0.280,0.000,0.720
740500,0.258,0.000,0.742
741000,0.266,0.000,0.734
741500,0.207,0.000,0.792
742000,0.319,0.000,0.681
742500,0.274,0.000,0.726
743000,0.299,0.000,0.701
743500,0.267,0.000,0.734
744000,0.328,0.000,0.672
744500,0.339,0.000,0.661
745000,0.282,0.000,0.718
745500,0.280,0.000,0.720
746000,0.285,0.001,0.714
746500,0.285,0.000,0.715
747000,0.268,0.002,0.731
747500,0.289,0.000,0.711
748000,0.345,0.000,0.655
748500,0.325,0.000,0.675
749000,0.305,0.000,0.695
749500,0.400,0.000,0.601
750000,0.304,0.000,0.696
750500,0.305,0.000,0.695
751000,0.242,0.005,0.752
751500,0.254,0.001,0.746
752000,0.316,0.000,0.684
752500,0.294,0.000,0.706
753000,0.311,0.000,0.689
753500,0.257,0.000,0.743
754000,0.249,0.000,0.751
754500,0.337,0.000,0.663
755000,0.264,0.000,0.736
755500,0.291,0.000,0.709
756000,0.276,0.000,0.724
756500,0.311,0.000,0.689
757000,0.293,0.000,0.707
757500,0.290,0.000,0.710
758000,0.311,0.000,0.689
758500,0.288,0.000,0.712
759000,0.260,0.000,0.740
759500,0.256,0.000,0.744
760000,0.253,0.004,0.744
760500,0.235,0.000,0.764
761000,0.333,0.000,0.667
761500,0.278,0.000,0.722
762000,0.301,0.000,0.699
762500,0.260,0.004,0.736
763000,0.302,0.001,0.698
763500,0.311,0.000,0.689
764000,0.302,0.000,0.698
764500,0.310,0.000,0.690
765000,0.345,0.000,0.655
765500,0.328,0.000,0.672
766000,0.269,0.000,0.732
766500,0.284,0.000,0.716
767000,0.309,0.000,0.691
767500,0.310,0.000,0.690
768000,0.328,0.000,0.672
768500,0.271,0.000,0.729
769000,0.362,0.002,0.635
769500,0.291,0.005,0.703
770000,0.254,0.000,0.746
770500,0.310,0.000,0.690
771000,0.240,0.000,0.760
771500,0.296,0.000,0.704
772000,0.368,0.000,0.632
772500,0.271,0.000,0.729
773000,0.263,0.000,0.738
773500,0.280,0.000,0.720
774000,0.305,0.000,0.695
774500,0.275,0.000,0.725
775000,0.334,0.000,0.666
775500,0.269,0.000,0.732
776000,0.264,0.000,0.736
776500,0.247,0.000,0.753
777000,0.303,0.000,0.697
777500,0.273,0.000,0.727
778000,0.233,0.000,0.767
778500,0.304,0.000,0.696
779000,0.321,0.000,0.679
779500,0.260,0.000,0.740
780000,0.280,0.000,0.720
780500,0.352,0.000,0.647
781000,0.262,0.000,0.738
781500,0.226,0.000,0.774
782000,0.281,0.000,0.719
782500,0.282,0.000,0.718
783000,0.325,0.000,0.675
783500,0.316,0.000,0.684
784000,0.291,0.000,0.709
784500,0.308,0.000,0.692
785000,0.341,0.000,0.659
785500,0.318,0.000,0.682
786000,0.273,0.000,0.727
786500,0.247,0.001,0.751
787000,0.319,0.000,0.681
787500,0.331,0.000,0.669
788000,0.301,0.000,0.699
788500,0.321,0.000,0.679
789000,0.334,0.000,0.666
789500,0.298,0.000,0.702
790000,0.260,0.000,0.740
790500,0.261,0.000,0.739
791000,0.270,0.000,0.730
791500,0.243,0.000,0.756
792000,0.240,0.000,0.760
792500,0.286,0.000,0.714
793000,0.247,0.000,0.752
793500,0.258,0.000,0.742
794000,0.289,0.000,0.711
794500,0.314,0.000,0.686
795000,0.279,0.000,0.721
795500,0.303,0.000,0.697
796000,0.299,0.000,0.701
796500,0.311,0.000,0.689
797000,0.282,0.000,0.718
797500,0.312,0.000,0.688
798000,0.317,0.000,0.683
798500,0.291,0.003,0.706
799000,0.241,0.000,0.759
799500,0.239,0.000,0.761
800000,0.226,0.000,0.774
800500,0.327,0.000,0.673
801000,0.295,0.000,0.705
801500,0.291,0.000,0.709
802000,0.244,0.000,0.756
802500,0.241,0.000,0.758
803000,0.299,0.000,0.701
803500,0.283,0.000,0.717
804000,0.244,0.000,0.756
804500,0.261,0.005,0.735
805000,0.247,0.004,0.749
805500,0.256,0.000,0.744
806000,0.347,0.000,0.653
806500,0.307,0.000,0.693
807000,0.265,0.000,0.736
807500,0.281,0.000,0.719
808000,0.308,0.000,0.692
808500,0.237,0.003,0.759
809000,0.234,0.001,0.765
809500,0.242,0.001,0.757
810000,0.292,0.000,0.708
810500,0.281,0.000,0.719
811000,0.285,0.000,0.715
811500,0.242,0.000,0.758
812000,0.281,0.000,0.719
812500,0.267,0.001,0.732
813000,0.295,0.001,0.704
813500,0.272,0.000,0.728
814000,0.320,0.000,0.680
814500,0.321,0.000,0.679
815000,0.282,0.000,0.718
815500,0.302,0.000,0.698
816000,0.268,0.000,0.732
816500,0.283,0.000,0.717
817000,0.286,0.002,0.713
817500,0.320,0.000,0.680
818000,0.281,0.000,0.719
818500,0.258,0.000,0.742
819000,0.255,0.000,0.745
819500,0.244,0.000,0.756
820000,0.264,0.000,0.736
820500,0.272,0.000,0.728
821000,0.294,0.000,0.706
821500,0.231,0.004,0.765
822000,0.269,0.002,0.730
822500,0.274,0.001,0.726
823000,0.226,0.000,0.774
823500,0.254,0.000,0.746
824000,0.239,0.000,0.761
824500,0.254,0.000,0.746
825000,0.277,0.000,0.723
825500,0.287,0.000,0.713
826000,0.322,0.000,0.678
826500,0.346,0.000,0.653
827000,0.275,0.000,0.726
827500,0.302,0.000,0.698
828000,0.288,0.000,0.712
828500,0.283,0.000,0.717
829000,0.273,0.000,0.728
829500,0.249,0.006,0.744
830000,0.251,0.001,0.748
830500,0.285,0.000,0.715
831000,0.243,0.000,0.756
831500,0.268,0.000,0.732
832000,0.252,0.006,0.742
832500,0.265,0.002,0.734
833000,0.281,0.000,0.719
833500,0.335,0.000,0.665
834000,0.311,0.000,0.689
834500,0.331,0.000,0.669
835000,0.293,0.000,0.707
835500,0.313,0.000,0.687
836000,0.274,0.000,0.726
836500,0.265,0.000,0.735
837000,0.286,0.000,0.714
837500,0.250,0.000,0.750
838000,0.259,0.000,0.741
838500,0.219,0.000,0.781
839000,0.210,0.009,0.782
839500,0.273,0.001,0.727
840000,0.278,0.000,0.722
840500,0.324,0.000,0.676
841000,0.297,0.000,0.703
841500,0.268,0.000,0.732
842000,0.302,0.000,0.698
842500,0.285,0.000,0.715
843000,0.254,0.000,0.746
843500,0.265,0.000,0.736
844000,0.273,0.000,0.728
844500,0.281,0.000,0.720
845000,0.296,0.000,0.704
845500,0.302,0.000,0.698
846000,0.264,0.000,0.736
846500,0.250,0.000,0.750
847000,0.300,0.000,0.700
847500,0.309,0.000,0.691
848000,0.283,0.000,0.717
848500,0.324,0.000,0.676
849000,0.271,0.000,0.730
849500,0.263,0.000,0.737
850000,0.311,0.000,0.689
850500,0.290,0.000,0.710
851000,0.285,0.000,0.715
851500,0.261,0.000,0.740
852000,0.340,0.000,0.660
852500,0.273,0.000,0.728
853000,0.301,0.000,0.699
853500,0.321,0.000,0.679
854000,0.272,0.000,0.728
854500,0.290,0.000,0.710
855000,0.330,0.000,0.670
855500,0.287,0.000,0.713
856000,0.249,0.000,0.750
856500,0.212,0.000,0.788
857000,0.276,0.004,0.720
857500,0.236,0.001,0.763
858000,0.262,0.000,0.738
858500,0.326,0.000,0.674
859000,0.347,0.000,0.653
859500,0.292,0.000,0.708
860000,0.267,0.000,0.734
860500,0.333,0.000,0.667
861000,0.265,0.000,0.735
861500,0.280,0.000,0.720
862000,0.295,0.000,0.705
862500,0.244,0.000,0.756
863000,0.260,0.000,0.740
863500,0.339,0.000,0.661
864000,0.260,0.000,0.740
864500,0.222,0.014,0.764
865000,0.277,0.001,0.722
865500,0.308,0.002,0.691
866000,0.288,0.000,0.712
866500,0.269,0.005,0.726
867000,0.234,0.005,0.761
867500,0.259,0.003,0.739
868000,0.285,0.000,0.715
868500,0.292,0.000,0.708
869000,0.259,0.000,0.742
869500,0.234,0.000,0.766
870000,0.238,0.000,0.762
870500,0.226,0.000,0.774
871000,0.243,0.000,0.756
871500,0.291,0.000,0.709
872000,0.367,0.000,0.633
872500,0.321,0.002,0.678
873000,0.287,0.000,0.713
873500,0.291,0.000,0.709
874000,0.257,0.000,0.744
874500,0.249,0.004,0.747
875000,0.267,0.000,0.733
875500,0.247,0.000,0.752
876000,0.237,0.000,0.763
876500,0.247,0.002,0.751
877000,0.263,0.005,0.733
877500,0.299,0.001,0.700
878000,0.296,0.000,0.704
878500,0.299,0.000,0.701
879000,0.273,0.000,0.728
879500,0.228,0.000,0.772
880000,0.203,0.000,0.797
880500,0.333,0.000,0.667
881000,0.311,0.001,0.688
881500,0.281,0.000,0.720
882000,0.263,0.000,0.738
882500,0.263,0.000,0.737
883000,0.274,0.009,0.717
883500,0.304,0.001,0.695
884000,0.260,0.000,0.740
884500,0.291,0.000,0.709
885000,0.317,0.000,0.683
885500,0.241,0.000,0.758
886000,0.253,0.004,0.744
886500,0.318,0.000,0.682
887000,0.248,0.002,0.750
887500,0.263,0.001,0.737
888000,0.278,0.000,0.722
888500,0.287,0.000,0.713
889000,0.243,0.000,0.756
889500,0.259,0.000,0.742
890000,0.231,0.000,0.769
890500,0.302,0.005,0.693
891000,0.362,0.000,0.638
891500,0.317,0.000,0.683
892000,0.297,0.000,0.703
892500,0.323,0.000,0.677
893000,0.315,0.000,0.685
893500,0.275,0.000,0.726
894000,0.342,0.000,0.658
894500,0.307,0.000,0.693
895000,0.320,0.000,0.680
895500,0.214,0.004,0.782
896000,0.227,0.000,0.773
896500,0.304,0.000,0.696
897000,0.351,0.000,0.649
897500,0.350,0.000,0.650
898000,0.294,0.000,0.706
898500,0.268,0.000,0.732
899000,0.281,0.000,0.719
899500,0.273,0.000,0.728
900000,0.335,0.000,0.665
900500,0.344,0.000,0.656
901000,0.318,0.000,0.682
901500,0.304,0.000,0.696
902000,0.312,0.000,0.688
902500,0.217,0.000,0.783
903000,0.203,0.000,0.796
903500,0.267,0.000,0.733
904000,0.277,0.000,0.723
904500,0.258,0.000,0.742
905000,0.245,0.000,0.754
905500,0.273,0.002,0.726
906000,0.298,0.000,0.702
906500,0.268,0.000,0.732
907000,0.225,0.000,0.775
907500,0.302,0.000,0.698
908000,0.335,0.000,0.665
908500,0.267,0.000,0.733
909000,0.289,0.000,0.711
909500,0.298,0.000,0.702
910000,0.315,0.000,0.685
910500,0.365,0.000,0.635
911000,0.293,0.000,0.707
911500,0.344,0.000,0.656
912000,0.254,0.000,0.746
912500,0.252,0.001,0.747
913000,0.331,0.001,0.669
913500,0.338,0.000,0.662
914000,0.291,0.000,0.709
914500,0.304,0.000,0.696
915000,0.299,0.000,0.701
915500,0.267,0.000,0.733
916000,0.270,0.006,0.724
916500,0.281,0.000,0.720
917000,0.301,0.000,0.699
917500,0.264,0.000,0.736
918000,0.322,0.000,0.678
918500,0.287,0.000,0.713
919000,0.275,0.000,0.726
919500,0.242,0.000,0.758
920000,0.310,0.000,0.690
920500,0.290,0.000,0.710
921000,0.282,0.000,0.718
921500,0.270,0.000,0.730
922000,0.290,0.000,0.710
922500,0.227,0.004,0.769
923000,0.292,0.000,0.708
923500,0.237,0.000,0.762
924000,0.213,0.000,0.786
924500,0.279,0.001,0.721
925000,0.308,0.000,0.692
925500,0.228,0.000,0.772
926000,0.284,0.000,0.716
926500,0.331,0.000,0.669
927000,0.312,0.000,0.688
927500,0.238,0.000,0.762
928000,0.236,0.000,0.764
928500,0.284,0.000,0.716
929000,0.274,0.000,0.726
929500,0.306,0.000,0.694
930000,0.235,0.000,0.765
930500,0.247,0.000,0.752
931000,0.273,0.000,0.727
931500,0.220,0.000,0.780
932000,0.261,0.000,0.740
932500,0.271,0.000,0.730
933000,0.291,0.000,0.709
933500,0.304,0.000,0.696
934000,0.295,0.000,0.705
934500,0.263,0.000,0.738
935000,0.282,0.000,0.718
935500,0.265,0.000,0.735
936000,0.298,0.000,0.702
936500,0.388,0.000,0.612
937000,0.273,0.000,0.727
937500,0.261,0.000,0.739
938000,0.231,0.000,0.769
938500,0.249,0.002,0.750
939000,0.269,0.001,0.731
939500,0.259,0.000,0.741
940000,0.289,0.000,0.711
940500,0.256,0.000,0.744
941000,0.299,0.000,0.701
941500,0.311,0.000,0.689
942000,0.290,0.000,0.710
942500,0.299,0.000,0.701
943000,0.274,0.000,0.726
943500,0.268,0.000,0.732
944000,0.273,0.000,0.727
944500,0.280,0.000,0.720
945000,0.332,0.000,0.668
945500,0.336,0.000,0.664
946000,0.275,0.000,0.726
946500,0.289,0.000,0.711
947000,0.232,0.000,0.768
947500,0.288,0.002,0.710
948000,0.244,0.000,0.756
948500,0.291,0.000,0.709
949000,0.340,0.000,0.660
949500,0.354,0.000,0.646
950000,0.243,0.000,0.756
950500,0.248,0.007,0.745
951000,0.298,0.001,0.701
951500,0.247,0.000,0.752
952000,0.345,0.000,0.655
952500,0.293,0.000,0.707
953000,0.246,0.000,0.754
953500,0.325,0.000,0.675
954000,0.319,0.000,0.681
954500,0.287,0.000,0.713
955000,0.290,0.000,0.710
955500,0.293,0.000,0.707
956000,0.275,0.000,0.725
956500,0.249,0.000,0.751
957000,0.274,0.000,0.726
957500,0.235,0.000,0.765
958000,0.247,0.000,0.753
958500,0.351,0.000,0.649
959000,0.353,0.000,0.647
959500,0.269,0.000,0.732
960000,0.312,0.000,0.688
960500,0.254,0.000,0.746
961000,0.255,0.000,0.746
961500,0.252,0.000,0.748
962000,0.347,0.000,0.653
962500,0.301,0.000,0.699
963000,0.279,0.000,0.722
963500,0.304,0.000,0.696
964000,0.310,0.000,0.690
964500,0.303,0.000,0.697
965000,0.282,0.000,0.718
965500,0.308,0.000,0.692
966000,0.286,0.000,0.714
966500,0.240,0.000,0.760
967000,0.218,0.000,0.781
967500,0.289,0.003,0.708
968000,0.276,0.001,0.724
968500,0.272,0.000,0.728
969000,0.255,0.000,0.745
969500,0.295,0.004,0.702
970000,0.240,0.000,0.760
970500,0.246,0.007,0.747
971000,0.339,0.001,0.661
971500,0.281,0.000,0.720
972000,0.307,0.000,0.693
972500,0.283,0.000,0.717
973000,0.235,0.000,0.765
973500,0.191,0.002,0.807
974000,0.278,0.004,0.718
974500,0.301,0.000,0.699
975000,0.284,0.000,0.716
975500,0.308,0.000,0.692
976000,0.356,0.000,0.643
976500,0.308,0.000,0.692
977000,0.363,0.000,0.637
977500,0.325,0.000,0.675
978000,0.345,0.000,0.655
978500,0.287,0.000,0.713
979000,0.281,0.000,0.719
979500,0.296,0.000,0.704
980000,0.277,0.000,0.724
980500,0.263,0.000,0.738
981000,0.287,0.000,0.713
981500,0.273,0.000,0.728
982000,0.284,0.000,0.716
982500,0.272,0.000,0.728
983000,0.294,0.001,0.705
983500,0.269,0.000,0.732
984000,0.236,0.000,0.764
984500,0.290,0.000,0.710
985000,0.278,0.000,0.722
985500,0.285,0.000,0.715
986000,0.256,0.000,0.744
986500,0.245,0.000,0.755
987000,0.256,0.000,0.744
987500,0.355,0.000,0.645
988000,0.280,0.000,0.720
988500,0.285,0.003,0.712
989000,0.334,0.000,0.666
989500,0.298,0.000,0.702
990000,0.259,0.000,0.741
990500,0.265,0.000,0.736
991000,0.247,0.000,0.752
991500,0.259,0.000,0.742
992000,0.281,0.000,0.720
992500,0.255,0.000,0.746
993000,0.292,0.000,0.708
993500,0.268,0.000,0.732
994000,0.302,0.000,0.698
994500,0.284,0.000,0.716
995000,0.302,0.000,0.698
995500,0.308,0.000,0.692
996000,0.311,0.000,0.689
996500,0.310,0.000,0.690
997000,0.313,0.000,0.687
997500,0.324,0.000,0.676
998000,0.355,0.000,0.645
998500,0.287,0.000,0.713
999000,0.289,0.000,0.711
999500,0.265,0.000,0.736
1000000,0.234,0.000,0.766
