time,n_A+p,n_B,n_AB
500,0.030,0.290,0.680
1000,0.030,0.244,0.726
1500,0.030,0.405,0.565
2000,0.030,0.250,0.720
2500,0.030,0.368,0.602
3000,0.030,0.355,0.615
3500,0.030,0.255,0.715
4000,0.030,0.335,0.635
4500,0.030,0.358,0.612
5000,0.030,0.361,0.609
5500,0.030,0.410,0.560
6000,0.030,0.292,0.678
6500,0.030,0.364,0.606
7000,0.030,0.275,0.695
7500,0.030,0.258,0.712
8000,0.030,0.401,0.569
8500,0.030,0.245,0.725
9000,0.030,0.425,0.545
9500,0.030,0.199,0.771
10000,0.030,0.268,0.702
10500,0.030,0.293,0.677
11000,0.030,0.458,0.512
11500,0.030,0.263,0.707
12000,0.030,0.374,0.596
12500,0.030,0.311,0.659
13000,0.030,0.234,0.736
13500,0.030,0.245,0.725
14000,0.030,0.206,0.764
14500,0.030,0.238,0.732
15000,0.030,0.230,0.740
15500,0.030,0.195,0.775
16000,0.030,0.378,0.592
16500,0.030,0.299,0.671
17000,0.030,0.216,0.754
17500,0.030,0.474,0.496
18000,0.030,0.230,0.740
18500,0.030,0.463,0.507
19000,0.030,0.414,0.556
19500,0.030,0.181,0.789
20000,0.030,0.335,0.635
20500,0.030,0.387,0.583
21000,0.030,0.335,0.635
21500,0.030,0.369,0.601
22000,0.030,0.195,0.775
22500,0.030,0.470,0.500
23000,0.030,0.486,0.484
23500,0.030,0.365,0.605
24000,0.030,0.343,0.627
24500,0.030,0.372,0.598
25000,0.030,0.302,0.668
25500,0.030,0.234,0.736
26000,0.030,0.254,0.716
26500,0.030,0.331,0.639
27000,0.030,0.151,0.819
27500,0.030,0.249,0.721
28000,0.030,0.324,0.646
28500,0.030,0.245,0.725
29000,0.998,0.000,0.002
29500,1.000,0.000,0.000
