time,n_A+p,n_B,n_AB
100,0.030,0.965,0.005
200,0.030,0.959,0.011
300,0.032,0.951,0.017
400,0.033,0.930,0.038
500,0.035,0.925,0.040
600,0.044,0.909,0.047
700,0.049,0.912,0.039
800,0.050,0.906,0.044
900,0.048,0.901,0.051
1000,0.048,0.899,0.053
1100,0.047,0.904,0.049
1200,0.051,0.903,0.046
1300,0.049,0.900,0.051
1400,0.051,0.884,0.065
1500,0.051,0.890,0.059
1600,0.047,0.890,0.063
1700,0.049,0.890,0.061
1800,0.052,0.889,0.059
1900,0.046,0.890,0.064
2000,0.047,0.892,0.061
2100,0.049,0.897,0.054
2200,0.046,0.898,0.056
2300,0.049,0.893,0.058
2400,0.051,0.885,0.064
2500,0.045,0.894,0.061
2600,0.046,0.892,0.062
2700,0.048,0.891,0.061
2800,0.048,0.899,0.053
2900,0.044,0.896,0.060
3000,0.043,0.895,0.062
3100,0.042,0.897,0.061
3200,0.041,0.901,0.058
3300,0.042,0.907,0.051
3400,0.038,0.911,0.051
3500,0.036,0.906,0.058
3600,0.035,0.912,0.053
3700,0.034,0.913,0.053
3800,0.035,0.922,0.043
3900,0.034,0.922,0.044
4000,0.035,0.905,0.060
4100,0.035,0.908,0.057
4200,0.037,0.911,0.052
4300,0.041,0.904,0.055
4400,0.039,0.908,0.053
4500,0.040,0.913,0.047
4600,0.040,0.912,0.048
4700,0.041,0.910,0.049
4800,0.038,0.901,0.061
4900,0.040,0.898,0.062
5000,0.042,0.899,0.059
5100,0.039,0.880,0.081
5200,0.046,0.880,0.074
5300,0.045,0.882,0.074
5400,0.046,0.874,0.080
5500,0.043,0.866,0.091
5600,0.044,0.867,0.089
5700,0.053,0.857,0.090
5800,0.053,0.857,0.090
5900,0.052,0.853,0.095
6000,0.054,0.851,0.095
6100,0.058,0.846,0.096
6200,0.066,0.834,0.100
6300,0.063,0.832,0.104
6400,0.060,0.837,0.103
6500,0.062,0.834,0.104
6600,0.061,0.821,0.117
6700,0.063,0.821,0.115
6800,0.065,0.813,0.122
6900,0.068,0.814,0.117
7000,0.069,0.808,0.123
7100,0.074,0.814,0.112
7200,0.072,0.819,0.109
7300,0.069,0.823,0.107
7400,0.065,0.824,0.110
7500,0.058,0.834,0.108
7600,0.060,0.831,0.108
7700,0.066,0.831,0.102
7800,0.061,0.844,0.095
7900,0.063,0.805,0.132
8000,0.069,0.812,0.118
8100,0.064,0.808,0.128
8200,0.065,0.804,0.131
8300,0.061,0.802,0.137
8400,0.064,0.790,0.146
8500,0.064,0.784,0.151
8600,0.066,0.793,0.141
8700,0.061,0.792,0.147
8800,0.065,0.808,0.127
8900,0.060,0.816,0.124
9000,0.059,0.813,0.128
9100,0.069,0.815,0.115
9200,0.065,0.820,0.114
9300,0.065,0.819,0.115
9400,0.067,0.829,0.103
9500,0.070,0.831,0.098
9600,0.069,0.821,0.109
9700,0.075,0.813,0.112
9800,0.078,0.814,0.108
9900,0.076,0.824,0.100
10000,0.068,0.822,0.109
10100,0.068,0.818,0.113
10200,0.066,0.825,0.108
10300,0.067,0.806,0.127
10400,0.068,0.815,0.116
10500,0.068,0.827,0.104
10600,0.061,0.846,0.093
10700,0.055,0.852,0.093
10800,0.049,0.857,0.094
10900,0.051,0.838,0.111
11000,0.056,0.828,0.115
11100,0.059,0.838,0.103
11200,0.063,0.830,0.106
11300,0.068,0.824,0.107
11400,0.068,0.824,0.107
11500,0.069,0.834,0.097
11600,0.069,0.840,0.091
11700,0.066,0.839,0.095
11800,0.065,0.845,0.090
11900,0.064,0.835,0.101
12000,0.062,0.828,0.109
12100,0.067,0.823,0.109
12200,0.068,0.822,0.109
12300,0.067,0.818,0.114
12400,0.068,0.800,0.132
12500,0.075,0.796,0.130
12600,0.074,0.792,0.135
12700,0.072,0.801,0.128
12800,0.072,0.773,0.155
12900,0.080,0.783,0.137
13000,0.079,0.781,0.140
13100,0.083,0.790,0.128
13200,0.082,0.790,0.129
13300,0.079,0.793,0.129
13400,0.076,0.793,0.132
13500,0.074,0.799,0.128
13600,0.076,0.807,0.117
13700,0.067,0.812,0.121
13800,0.068,0.813,0.118
13900,0.061,0.817,0.122
14000,0.068,0.824,0.107
14100,0.076,0.823,0.101
14200,0.077,0.808,0.115
14300,0.080,0.796,0.125
14400,0.084,0.800,0.116
14500,0.083,0.806,0.111
14600,0.084,0.798,0.118
14700,0.088,0.801,0.111
14800,0.087,0.800,0.113
14900,0.095,0.796,0.109
15000,0.096,0.782,0.122
15100,0.098,0.785,0.116
15200,0.094,0.780,0.126
15300,0.105,0.781,0.113
15400,0.113,0.779,0.107
15500,0.108,0.777,0.114
15600,0.105,0.778,0.116
15700,0.103,0.770,0.127
15800,0.105,0.766,0.129
15900,0.118,0.758,0.124
16000,0.110,0.760,0.130
16100,0.101,0.760,0.139
16200,0.088,0.763,0.149
16300,0.087,0.767,0.146
16400,0.091,0.759,0.150
16500,0.092,0.755,0.153
16600,0.090,0.760,0.150
16700,0.084,0.763,0.153
16800,0.090,0.762,0.148
16900,0.093,0.768,0.139
17000,0.095,0.772,0.133
17100,0.096,0.769,0.135
17200,0.086,0.774,0.140
17300,0.085,0.765,0.150
17400,0.083,0.773,0.144
17500,0.077,0.777,0.146
17600,0.076,0.790,0.135
17700,0.076,0.795,0.130
17800,0.078,0.803,0.120
17900,0.078,0.807,0.115
18000,0.078,0.813,0.109
18100,0.079,0.813,0.108
18200,0.086,0.797,0.117
18300,0.093,0.787,0.121
18400,0.091,0.769,0.140
18500,0.090,0.768,0.142
18600,0.088,0.778,0.134
18700,0.090,0.789,0.122
18800,0.086,0.793,0.122
18900,0.090,0.800,0.110
19000,0.087,0.799,0.114
19100,0.089,0.798,0.113
19200,0.083,0.806,0.111
19300,0.079,0.811,0.110
19400,0.077,0.819,0.104
19500,0.079,0.802,0.120
19600,0.077,0.794,0.130
19700,0.070,0.793,0.137
19800,0.074,0.795,0.132
19900,0.074,0.806,0.121
20000,0.070,0.817,0.112
20100,0.065,0.816,0.118
20200,0.072,0.819,0.109
20300,0.068,0.826,0.105
20400,0.068,0.828,0.103
20500,0.068,0.824,0.107
20600,0.068,0.820,0.111
20700,0.070,0.825,0.104
20800,0.070,0.824,0.105
20900,0.072,0.829,0.099
21000,0.064,0.835,0.101
21100,0.066,0.830,0.103
21200,0.065,0.835,0.100
21300,0.066,0.835,0.099
21400,0.065,0.842,0.093
21500,0.063,0.837,0.100
21600,0.062,0.841,0.097
21700,0.062,0.845,0.093
21800,0.063,0.841,0.096
21900,0.065,0.844,0.091
22000,0.066,0.845,0.089
22100,0.063,0.844,0.093
22200,0.065,0.844,0.091
22300,0.064,0.844,0.092
22400,0.065,0.849,0.086
22500,0.065,0.850,0.085
22600,0.064,0.852,0.084
22700,0.062,0.854,0.084
22800,0.060,0.859,0.081
22900,0.060,0.852,0.088
23000,0.058,0.852,0.090
23100,0.062,0.843,0.095
23200,0.065,0.838,0.097
23300,0.066,0.834,0.100
23400,0.069,0.837,0.094
23500,0.061,0.839,0.100
23600,0.061,0.836,0.103
23700,0.063,0.832,0.104
23800,0.064,0.829,0.106
23900,0.063,0.835,0.102
24000,0.059,0.829,0.111
24100,0.061,0.834,0.105
24200,0.069,0.839,0.092
24300,0.068,0.836,0.096
24400,0.067,0.832,0.100
24500,0.068,0.821,0.110
24600,0.079,0.806,0.115
24700,0.080,0.809,0.111
24800,0.082,0.813,0.105
24900,0.077,0.811,0.112
25000,0.075,0.816,0.109
25100,0.075,0.804,0.122
25200,0.074,0.805,0.122
25300,0.064,0.807,0.129
25400,0.067,0.803,0.130
25500,0.070,0.801,0.129
25600,0.076,0.776,0.148
25700,0.072,0.783,0.145
25800,0.072,0.775,0.153
25900,0.074,0.778,0.148
26000,0.076,0.764,0.160
26100,0.079,0.761,0.160
26200,0.081,0.758,0.161
26300,0.083,0.751,0.166
26400,0.082,0.756,0.162
26500,0.090,0.755,0.155
26600,0.095,0.755,0.150
26700,0.090,0.761,0.149
26800,0.086,0.766,0.148
26900,0.086,0.757,0.157
27000,0.090,0.758,0.152
27100,0.085,0.750,0.165
27200,0.096,0.749,0.155
27300,0.094,0.751,0.155
27400,0.100,0.752,0.148
27500,0.095,0.754,0.151
27600,0.099,0.756,0.145
27700,0.100,0.749,0.151
27800,0.097,0.739,0.164
27900,0.098,0.742,0.160
28000,0.093,0.755,0.152
28100,0.095,0.751,0.154
28200,0.092,0.755,0.153
28300,0.099,0.758,0.143
28400,0.094,0.760,0.146
28500,0.094,0.771,0.135
28600,0.088,0.775,0.137
28700,0.084,0.781,0.135
28800,0.083,0.777,0.140
28900,0.083,0.787,0.131
29000,0.082,0.782,0.136
29100,0.080,0.784,0.136
29200,0.080,0.787,0.134
29300,0.079,0.775,0.146
29400,0.082,0.782,0.136
29500,0.081,0.779,0.140
29600,0.079,0.778,0.143
29700,0.081,0.766,0.153
29800,0.081,0.777,0.142
29900,0.085,0.777,0.138
30000,0.094,0.774,0.132
30100,0.094,0.777,0.129
30200,0.089,0.779,0.132
30300,0.093,0.778,0.129
30400,0.086,0.778,0.136
30500,0.089,0.785,0.126
30600,0.085,0.789,0.127
30700,0.084,0.783,0.133
30800,0.084,0.789,0.128
30900,0.078,0.787,0.136
31000,0.075,0.793,0.133
31100,0.075,0.790,0.136
31200,0.077,0.789,0.135
31300,0.076,0.799,0.126
31400,0.075,0.801,0.125
31500,0.081,0.802,0.117
31600,0.080,0.801,0.120
31700,0.079,0.803,0.118
31800,0.080,0.801,0.120
31900,0.080,0.797,0.124
32000,0.076,0.808,0.116
32100,0.074,0.811,0.115
32200,0.079,0.812,0.109
32300,0.083,0.809,0.108
32400,0.074,0.794,0.133
32500,0.074,0.794,0.133
32600,0.078,0.790,0.133
32700,0.080,0.784,0.136
32800,0.079,0.783,0.138
32900,0.081,0.782,0.137
33000,0.081,0.790,0.130
33100,0.084,0.792,0.125
33200,0.088,0.789,0.124
33300,0.086,0.785,0.129
33400,0.084,0.785,0.131
33500,0.085,0.774,0.141
33600,0.087,0.779,0.134
33700,0.081,0.798,0.122
33800,0.086,0.800,0.114
33900,0.088,0.796,0.116
34000,0.086,0.794,0.121
34100,0.083,0.803,0.114
34200,0.080,0.803,0.117
34300,0.081,0.804,0.115
34400,0.077,0.794,0.130
34500,0.077,0.800,0.124
34600,0.078,0.801,0.122
34700,0.085,0.800,0.115
34800,0.086,0.799,0.115
34900,0.083,0.796,0.122
35000,0.083,0.800,0.117
35100,0.082,0.802,0.116
35200,0.083,0.810,0.107
35300,0.084,0.811,0.105
35400,0.081,0.818,0.101
35500,0.080,0.806,0.114
35600,0.081,0.799,0.121
35700,0.082,0.806,0.112
35800,0.083,0.804,0.113
35900,0.088,0.803,0.109
36000,0.090,0.782,0.128
36100,0.094,0.781,0.125
36200,0.100,0.785,0.114
36300,0.104,0.784,0.111
36400,0.101,0.781,0.117
36500,0.104,0.781,0.114
36600,0.098,0.774,0.128
36700,0.092,0.784,0.124
36800,0.095,0.784,0.121
36900,0.094,0.788,0.118
37000,0.100,0.779,0.121
37100,0.086,0.763,0.151
37200,0.091,0.773,0.136
37300,0.087,0.763,0.150
37400,0.089,0.758,0.153
37500,0.091,0.761,0.148
37600,0.091,0.766,0.143
37700,0.092,0.772,0.136
37800,0.095,0.772,0.133
37900,0.092,0.777,0.131
38000,0.083,0.777,0.140
38100,0.087,0.783,0.130
38200,0.088,0.782,0.130
38300,0.087,0.775,0.138
38400,0.085,0.775,0.140
38500,0.088,0.782,0.130
38600,0.089,0.774,0.137
38700,0.086,0.776,0.138
38800,0.088,0.775,0.137
38900,0.095,0.776,0.129
39000,0.101,0.784,0.114
39100,0.106,0.788,0.106
39200,0.108,0.783,0.108
39300,0.105,0.789,0.106
39400,0.098,0.794,0.108
39500,0.096,0.794,0.110
39600,0.096,0.785,0.118
39700,0.097,0.783,0.120
39800,0.098,0.785,0.116
39900,0.099,0.783,0.117
40000,0.111,0.775,0.113
40100,0.108,0.774,0.117
40200,0.108,0.772,0.120
40300,0.110,0.759,0.131
40400,0.100,0.758,0.142
40500,0.098,0.757,0.145
40600,0.102,0.765,0.133
40700,0.102,0.769,0.129
40800,0.095,0.774,0.131
40900,0.093,0.781,0.126
41000,0.097,0.788,0.115
41100,0.093,0.788,0.120
41200,0.095,0.773,0.132
41300,0.102,0.768,0.130
41400,0.105,0.771,0.124
41500,0.103,0.775,0.122
41600,0.101,0.766,0.133
41700,0.097,0.774,0.129
41800,0.096,0.776,0.128
41900,0.087,0.774,0.139
42000,0.095,0.779,0.126
42100,0.092,0.763,0.145
42200,0.087,0.762,0.151
42300,0.089,0.762,0.149
42400,0.087,0.769,0.144
42500,0.089,0.771,0.140
42600,0.092,0.776,0.132
42700,0.097,0.772,0.131
42800,0.105,0.765,0.130
42900,0.108,0.760,0.132
43000,0.107,0.760,0.133
43100,0.108,0.757,0.135
43200,0.111,0.752,0.137
43300,0.106,0.755,0.139
43400,0.094,0.753,0.153
43500,0.101,0.761,0.138
43600,0.099,0.753,0.148
43700,0.092,0.760,0.148
43800,0.087,0.761,0.152
43900,0.089,0.769,0.142
44000,0.084,0.765,0.151
44100,0.089,0.765,0.146
44200,0.090,0.762,0.148
44300,0.090,0.768,0.142
44400,0.098,0.769,0.133
44500,0.088,0.764,0.148
44600,0.091,0.769,0.140
44700,0.089,0.764,0.147
44800,0.083,0.756,0.161
44900,0.086,0.731,0.183
45000,0.092,0.742,0.166
45100,0.088,0.744,0.169
45200,0.093,0.732,0.175
45300,0.097,0.742,0.161
45400,0.091,0.749,0.160
45500,0.095,0.719,0.186
45600,0.095,0.732,0.173
45700,0.094,0.742,0.164
45800,0.090,0.735,0.175
45900,0.091,0.739,0.171
46000,0.089,0.727,0.184
46100,0.096,0.735,0.169
46200,0.096,0.733,0.171
46300,0.099,0.714,0.187
46400,0.090,0.713,0.197
46500,0.087,0.707,0.206
46600,0.094,0.722,0.184
46700,0.093,0.719,0.188
46800,0.100,0.721,0.179
46900,0.103,0.725,0.172
47000,0.091,0.730,0.179
47100,0.104,0.726,0.170
47200,0.103,0.729,0.168
47300,0.102,0.719,0.179
47400,0.099,0.726,0.175
47500,0.099,0.723,0.178
47600,0.096,0.728,0.176
47700,0.088,0.724,0.188
47800,0.085,0.727,0.188
47900,0.084,0.741,0.176
48000,0.083,0.730,0.187
48100,0.082,0.725,0.193
48200,0.084,0.726,0.190
48300,0.084,0.734,0.182
48400,0.085,0.739,0.177
48500,0.086,0.733,0.181
48600,0.087,0.749,0.164
48700,0.089,0.751,0.160
48800,0.085,0.751,0.164
48900,0.081,0.746,0.174
49000,0.086,0.754,0.160
49100,0.083,0.753,0.164
49200,0.077,0.753,0.171
49300,0.077,0.765,0.158
49400,0.075,0.771,0.154
49500,0.075,0.760,0.165
49600,0.077,0.760,0.163
49700,0.090,0.751,0.159
49800,0.088,0.752,0.160
49900,0.085,0.749,0.166
50000,0.087,0.746,0.168
50100,0.090,0.748,0.162
50200,0.089,0.736,0.175
50300,0.077,0.741,0.183
50400,0.077,0.751,0.173
50500,0.075,0.746,0.180
50600,0.076,0.753,0.172
50700,0.078,0.753,0.170
50800,0.082,0.758,0.160
50900,0.076,0.768,0.156
51000,0.083,0.754,0.163
51100,0.087,0.743,0.171
51200,0.087,0.745,0.169
51300,0.087,0.745,0.169
51400,0.097,0.735,0.168
51500,0.111,0.732,0.156
51600,0.117,0.735,0.147
51700,0.114,0.731,0.154
51800,0.108,0.728,0.163
51900,0.099,0.725,0.176
52000,0.102,0.725,0.173
52100,0.108,0.716,0.176
52200,0.109,0.720,0.171
52300,0.111,0.715,0.174
52400,0.120,0.713,0.168
52500,0.117,0.701,0.182
52600,0.110,0.696,0.194
52700,0.123,0.707,0.171
52800,0.122,0.711,0.168
52900,0.118,0.711,0.171
53000,0.122,0.713,0.165
53100,0.113,0.721,0.165
53200,0.110,0.724,0.165
53300,0.110,0.726,0.163
53400,0.091,0.726,0.183
53500,0.090,0.742,0.169
53600,0.081,0.757,0.162
53700,0.083,0.757,0.160
53800,0.082,0.761,0.157
53900,0.084,0.747,0.170
54000,0.082,0.740,0.179
54100,0.081,0.734,0.185
54200,0.081,0.731,0.188
54300,0.087,0.719,0.194
54400,0.088,0.715,0.197
54500,0.093,0.715,0.192
54600,0.092,0.713,0.195
54700,0.094,0.718,0.188
54800,0.095,0.717,0.188
54900,0.091,0.714,0.195
55000,0.087,0.715,0.198
55100,0.093,0.718,0.189
55200,0.095,0.728,0.177
55300,0.097,0.714,0.189
55400,0.092,0.713,0.195
55500,0.094,0.720,0.186
55600,0.095,0.717,0.188
55700,0.097,0.718,0.185
55800,0.098,0.723,0.179
55900,0.106,0.720,0.174
56000,0.110,0.725,0.164
56100,0.109,0.731,0.159
56200,0.112,0.730,0.157
56300,0.111,0.728,0.160
56400,0.112,0.725,0.162
56500,0.104,0.720,0.176
56600,0.103,0.724,0.173
56700,0.105,0.718,0.177
56800,0.106,0.710,0.184
56900,0.115,0.699,0.186
57000,0.143,0.701,0.156
57100,0.142,0.705,0.153
57200,0.147,0.691,0.162
57300,0.154,0.682,0.163
57400,0.154,0.682,0.163
57500,0.155,0.684,0.160
57600,0.137,0.691,0.173
57700,0.139,0.696,0.165
57800,0.138,0.701,0.161
57900,0.145,0.691,0.164
58000,0.145,0.701,0.154
58100,0.148,0.705,0.147
58200,0.150,0.703,0.147
58300,0.146,0.699,0.155
58400,0.146,0.689,0.164
58500,0.151,0.679,0.170
58600,0.152,0.686,0.161
58700,0.148,0.685,0.166
58800,0.148,0.679,0.173
58900,0.146,0.679,0.175
59000,0.152,0.685,0.162
59100,0.156,0.679,0.164
59200,0.155,0.682,0.162
59300,0.172,0.671,0.157
59400,0.169,0.671,0.160
59500,0.170,0.673,0.157
59600,0.168,0.670,0.162
59700,0.168,0.679,0.153
59800,0.164,0.670,0.165
59900,0.163,0.680,0.156
60000,0.161,0.682,0.156
60100,0.164,0.669,0.166
60200,0.158,0.670,0.172
60300,0.148,0.673,0.179
60400,0.157,0.672,0.171
60500,0.148,0.663,0.189
60600,0.141,0.665,0.194
60700,0.142,0.660,0.198
60800,0.143,0.672,0.185
60900,0.147,0.677,0.176
61000,0.149,0.676,0.175
61100,0.139,0.680,0.181
61200,0.128,0.685,0.187
61300,0.138,0.670,0.192
61400,0.142,0.666,0.192
61500,0.134,0.664,0.202
61600,0.135,0.670,0.195
61700,0.126,0.675,0.199
61800,0.130,0.682,0.188
61900,0.131,0.667,0.202
62000,0.131,0.666,0.203
62100,0.124,0.650,0.227
62200,0.127,0.654,0.220
62300,0.135,0.659,0.206
62400,0.132,0.661,0.207
62500,0.134,0.652,0.215
62600,0.134,0.656,0.210
62700,0.135,0.641,0.224
62800,0.143,0.646,0.211
62900,0.153,0.619,0.228
63000,0.155,0.620,0.225
63100,0.151,0.629,0.220
63200,0.147,0.642,0.210
63300,0.137,0.627,0.236
63400,0.139,0.645,0.217
63500,0.140,0.645,0.216
63600,0.140,0.652,0.208
63700,0.139,0.654,0.207
63800,0.135,0.650,0.216
63900,0.138,0.645,0.218
64000,0.137,0.638,0.225
64100,0.145,0.655,0.200
64200,0.155,0.659,0.186
64300,0.148,0.650,0.202
64400,0.145,0.649,0.206
64500,0.145,0.657,0.198
64600,0.141,0.659,0.200
64700,0.130,0.665,0.205
64800,0.121,0.675,0.204
64900,0.123,0.675,0.202
65000,0.118,0.683,0.198
65100,0.125,0.686,0.189
65200,0.125,0.687,0.188
65300,0.126,0.688,0.186
65400,0.127,0.687,0.186
65500,0.127,0.683,0.190
65600,0.127,0.679,0.194
65700,0.122,0.672,0.206
65800,0.117,0.670,0.212
65900,0.120,0.686,0.194
66000,0.117,0.703,0.180
66100,0.114,0.703,0.183
66200,0.114,0.688,0.197
66300,0.121,0.691,0.189
66400,0.121,0.708,0.172
66500,0.121,0.695,0.185
66600,0.123,0.705,0.173
66700,0.123,0.702,0.176
66800,0.126,0.699,0.176
66900,0.126,0.694,0.181
67000,0.124,0.699,0.178
67100,0.130,0.695,0.176
67200,0.140,0.700,0.160
67300,0.133,0.680,0.187
67400,0.142,0.668,0.190
67500,0.148,0.684,0.168
67600,0.150,0.684,0.165
67700,0.145,0.695,0.160
67800,0.145,0.704,0.151
67900,0.140,0.696,0.164
68000,0.147,0.697,0.156
68100,0.148,0.699,0.153
68200,0.141,0.692,0.168
68300,0.131,0.687,0.182
68400,0.136,0.687,0.177
68500,0.139,0.686,0.175
68600,0.146,0.686,0.168
68700,0.144,0.680,0.176
68800,0.148,0.682,0.170
68900,0.147,0.687,0.165
69000,0.148,0.695,0.157
69100,0.150,0.682,0.168
69200,0.151,0.680,0.169
69300,0.159,0.681,0.159
69400,0.161,0.680,0.158
69500,0.169,0.668,0.163
69600,0.179,0.665,0.156
69700,0.174,0.665,0.161
69800,0.185,0.668,0.147
69900,0.184,0.666,0.150
70000,0.181,0.678,0.141
70100,0.174,0.678,0.148
70200,0.179,0.675,0.146
70300,0.173,0.680,0.147
70400,0.175,0.672,0.153
70500,0.176,0.669,0.155
70600,0.184,0.671,0.145
70700,0.180,0.680,0.140
70800,0.180,0.666,0.154
70900,0.185,0.659,0.156
71000,0.186,0.661,0.153
71100,0.185,0.660,0.155
71200,0.182,0.661,0.157
71300,0.189,0.649,0.162
71400,0.193,0.660,0.147
71500,0.188,0.642,0.170
71600,0.185,0.640,0.175
71700,0.187,0.636,0.177
71800,0.186,0.627,0.187
71900,0.190,0.630,0.180
72000,0.191,0.624,0.185
72100,0.207,0.618,0.175
72200,0.202,0.612,0.186
72300,0.205,0.610,0.185
72400,0.212,0.613,0.175
72500,0.215,0.621,0.164
72600,0.216,0.625,0.159
72700,0.225,0.618,0.157
72800,0.219,0.622,0.159
72900,0.219,0.622,0.159
73000,0.231,0.621,0.148
73100,0.229,0.626,0.145
73200,0.235,0.624,0.141
73300,0.239,0.620,0.141
73400,0.227,0.613,0.160
73500,0.226,0.617,0.157
73600,0.226,0.622,0.152
73700,0.218,0.627,0.155
73800,0.219,0.630,0.151
73900,0.227,0.630,0.143
74000,0.231,0.629,0.140
74100,0.225,0.623,0.152
74200,0.240,0.607,0.153
74300,0.240,0.604,0.156
74400,0.236,0.606,0.158
74500,0.233,0.607,0.160
74600,0.229,0.610,0.161
74700,0.237,0.606,0.157
74800,0.243,0.605,0.152
74900,0.246,0.588,0.165
75000,0.245,0.585,0.170
75100,0.246,0.580,0.174
75200,0.248,0.580,0.172
75300,0.235,0.580,0.185
75400,0.236,0.578,0.186
75500,0.243,0.573,0.184
75600,0.245,0.572,0.183
75700,0.237,0.581,0.182
75800,0.243,0.580,0.177
75900,0.253,0.582,0.164
76000,0.246,0.583,0.171
76100,0.234,0.583,0.183
76200,0.235,0.577,0.188
76300,0.232,0.576,0.192
76400,0.231,0.585,0.184
76500,0.237,0.580,0.183
76600,0.243,0.577,0.180
76700,0.241,0.590,0.169
76800,0.233,0.582,0.185
76900,0.231,0.581,0.188
77000,0.232,0.583,0.185
77100,0.224,0.587,0.189
77200,0.217,0.593,0.190
77300,0.224,0.600,0.177
77400,0.216,0.597,0.188
77500,0.215,0.593,0.192
77600,0.220,0.586,0.194
77700,0.228,0.588,0.184
77800,0.224,0.600,0.177
77900,0.229,0.596,0.176
78000,0.222,0.598,0.181
78100,0.221,0.596,0.184
78200,0.218,0.594,0.188
78300,0.221,0.591,0.188
78400,0.225,0.589,0.186
78500,0.210,0.596,0.194
78600,0.218,0.600,0.183
78700,0.207,0.597,0.196
78800,0.217,0.599,0.185
78900,0.218,0.599,0.184
79000,0.220,0.603,0.178
79100,0.219,0.593,0.188
79200,0.210,0.597,0.193
79300,0.198,0.596,0.206
79400,0.202,0.592,0.205
79500,0.207,0.610,0.183
79600,0.212,0.605,0.183
79700,0.219,0.596,0.186
79800,0.231,0.591,0.178
79900,0.237,0.575,0.188
80000,0.236,0.566,0.198
80100,0.243,0.555,0.202
80200,0.249,0.552,0.199
80300,0.251,0.555,0.194
80400,0.247,0.563,0.190
80500,0.267,0.563,0.171
80600,0.264,0.573,0.163
80700,0.260,0.570,0.170
80800,0.266,0.574,0.160
80900,0.264,0.567,0.170
81000,0.268,0.557,0.176
81100,0.261,0.544,0.194
81200,0.250,0.554,0.196
81300,0.240,0.538,0.222
81400,0.244,0.547,0.208
81500,0.252,0.539,0.208
81600,0.265,0.539,0.196
81700,0.255,0.533,0.211
81800,0.255,0.541,0.203
81900,0.253,0.535,0.211
82000,0.255,0.530,0.215
82100,0.251,0.522,0.227
82200,0.258,0.528,0.213
82300,0.272,0.521,0.207
82400,0.279,0.524,0.197
82500,0.278,0.527,0.195
82600,0.278,0.529,0.193
82700,0.270,0.527,0.203
82800,0.277,0.528,0.195
82900,0.275,0.523,0.202
83000,0.276,0.511,0.213
83100,0.271,0.512,0.218
83200,0.268,0.523,0.209
83300,0.270,0.501,0.230
83400,0.261,0.506,0.233
83500,0.287,0.508,0.205
83600,0.286,0.514,0.200
83700,0.295,0.505,0.200
83800,0.290,0.504,0.206
83900,0.289,0.518,0.193
84000,0.287,0.517,0.196
84100,0.281,0.519,0.200
84200,0.280,0.508,0.212
84300,0.292,0.506,0.202
84400,0.293,0.491,0.216
84500,0.302,0.485,0.212
84600,0.309,0.491,0.199
84700,0.305,0.489,0.205
84800,0.297,0.487,0.216
84900,0.312,0.488,0.200
85000,0.314,0.483,0.203
85100,0.318,0.464,0.219
85200,0.316,0.473,0.211
85300,0.316,0.473,0.211
85400,0.315,0.471,0.215
85500,0.325,0.460,0.216
85600,0.338,0.455,0.207
85700,0.338,0.455,0.207
85800,0.341,0.464,0.195
85900,0.329,0.471,0.200
86000,0.337,0.479,0.184
86100,0.341,0.478,0.181
86200,0.332,0.478,0.190
86300,0.327,0.477,0.196
86400,0.329,0.477,0.194
86500,0.332,0.474,0.194
86600,0.338,0.467,0.195
86700,0.341,0.466,0.193
86800,0.345,0.474,0.181
86900,0.351,0.469,0.180
87000,0.350,0.464,0.186
87100,0.347,0.459,0.194
87200,0.347,0.451,0.201
87300,0.347,0.442,0.210
87400,0.353,0.435,0.211
87500,0.361,0.423,0.217
87600,0.372,0.423,0.205
87700,0.372,0.429,0.199
87800,0.368,0.428,0.204
87900,0.370,0.427,0.203
88000,0.386,0.422,0.192
88100,0.394,0.432,0.174
88200,0.399,0.428,0.173
88300,0.400,0.431,0.169
88400,0.396,0.426,0.178
88500,0.403,0.414,0.183
88600,0.401,0.417,0.182
88700,0.401,0.416,0.183
88800,0.393,0.414,0.193
88900,0.400,0.416,0.184
89000,0.416,0.415,0.170
89100,0.414,0.411,0.176
89200,0.418,0.407,0.176
89300,0.413,0.406,0.182
89400,0.391,0.403,0.205
89500,0.397,0.411,0.192
89600,0.398,0.410,0.192
89700,0.397,0.406,0.197
89800,0.404,0.402,0.193
89900,0.408,0.399,0.193
90000,0.409,0.392,0.199
90100,0.411,0.393,0.196
90200,0.396,0.394,0.209
90300,0.419,0.390,0.191
90400,0.431,0.370,0.199
90500,0.438,0.364,0.198
90600,0.450,0.355,0.194
90700,0.457,0.349,0.194
90800,0.462,0.344,0.194
90900,0.470,0.340,0.190
91000,0.468,0.340,0.192
91100,0.461,0.332,0.207
91200,0.467,0.336,0.197
91300,0.477,0.337,0.186
91400,0.475,0.345,0.180
91500,0.477,0.349,0.174
91600,0.474,0.351,0.175
91700,0.479,0.349,0.172
91800,0.484,0.351,0.164
91900,0.489,0.350,0.160
92000,0.489,0.352,0.158
92100,0.493,0.347,0.159
92200,0.495,0.335,0.170
92300,0.502,0.339,0.159
92400,0.508,0.329,0.163
92500,0.514,0.334,0.152
92600,0.520,0.329,0.151
92700,0.521,0.331,0.148
92800,0.524,0.325,0.151
92900,0.538,0.330,0.132
93000,0.541,0.333,0.126
93100,0.543,0.334,0.123
93200,0.538,0.330,0.132
93300,0.537,0.331,0.132
93400,0.542,0.326,0.132
93500,0.529,0.317,0.154
93600,0.535,0.321,0.144
93700,0.547,0.319,0.134
93800,0.561,0.316,0.124
93900,0.555,0.314,0.132
94000,0.543,0.319,0.138
94100,0.545,0.314,0.141
94200,0.545,0.308,0.146
94300,0.539,0.309,0.151
94400,0.537,0.312,0.151
94500,0.542,0.312,0.146
94600,0.546,0.312,0.142
94700,0.560,0.305,0.135
94800,0.559,0.301,0.140
94900,0.565,0.304,0.131
95000,0.557,0.296,0.147
95100,0.547,0.299,0.153
95200,0.552,0.294,0.154
95300,0.560,0.294,0.146
95400,0.559,0.294,0.147
95500,0.561,0.299,0.140
95600,0.553,0.303,0.144
95700,0.562,0.306,0.132
95800,0.566,0.304,0.130
95900,0.574,0.295,0.131
96000,0.569,0.302,0.129
96100,0.575,0.292,0.133
96200,0.579,0.286,0.135
96300,0.585,0.287,0.128
96400,0.586,0.285,0.129
96500,0.586,0.288,0.126
96600,0.584,0.287,0.129
96700,0.581,0.289,0.130
96800,0.578,0.289,0.133
96900,0.585,0.290,0.125
97000,0.580,0.291,0.129
97100,0.579,0.290,0.131
97200,0.578,0.285,0.137
97300,0.579,0.281,0.140
97400,0.585,0.281,0.134
97500,0.596,0.285,0.120
97600,0.590,0.285,0.125
97700,0.591,0.286,0.123
97800,0.588,0.285,0.127
97900,0.587,0.281,0.132
98000,0.587,0.277,0.136
98100,0.593,0.270,0.137
98200,0.590,0.275,0.135
98300,0.593,0.273,0.134
98400,0.605,0.272,0.124
98500,0.592,0.271,0.137
98600,0.600,0.271,0.130
98700,0.601,0.267,0.133
98800,0.602,0.267,0.132
98900,0.604,0.268,0.129
99000,0.614,0.264,0.123
99100,0.609,0.266,0.126
99200,0.609,0.268,0.124
99300,0.608,0.268,0.125
99400,0.613,0.265,0.123
99500,0.618,0.258,0.124
99600,0.618,0.261,0.121
99700,0.617,0.257,0.126
99800,0.621,0.255,0.124
99900,0.616,0.252,0.132
100000,0.624,0.248,0.128
