time,n_A+p,n_B,n_AB
500,0.030,0.854,0.116
1000,0.030,0.719,0.251
1500,0.030,0.600,0.370
2000,0.030,0.618,0.352
2500,0.030,0.582,0.388
3000,0.030,0.567,0.403
3500,0.030,0.511,0.459
4000,0.030,0.590,0.380
4500,0.030,0.582,0.388
5000,0.030,0.619,0.351
5500,0.030,0.521,0.449
6000,0.030,0.547,0.423
6500,0.030,0.542,0.428
7000,0.030,0.467,0.503
7500,0.030,0.546,0.424
8000,0.030,0.427,0.543
8500,0.030,0.444,0.526
9000,0.030,0.569,0.401
9500,0.030,0.516,0.454
10000,0.030,0.628,0.342
10500,0.030,0.563,0.407
11000,0.030,0.607,0.363
11500,0.030,0.532,0.438
12000,0.030,0.420,0.550
12500,0.032,0.422,0.546
13000,0.030,0.466,0.504
13500,0.030,0.541,0.429
14000,0.030,0.501,0.469
14500,0.030,0.448,0.522
15000,0.030,0.486,0.484
15500,0.030,0.562,0.408
16000,0.030,0.528,0.442
16500,0.030,0.447,0.523
17000,0.031,0.520,0.449
17500,0.030,0.438,0.532
18000,0.030,0.444,0.526
18500,0.030,0.478,0.492
19000,0.030,0.519,0.451
19500,0.030,0.634,0.336
20000,0.030,0.547,0.423
20500,0.030,0.536,0.434
21000,0.030,0.555,0.415
21500,0.030,0.562,0.408
22000,0.030,0.626,0.344
22500,0.030,0.534,0.436
23000,0.030,0.575,0.395
23500,0.030,0.494,0.476
24000,0.030,0.530,0.440
24500,0.030,0.515,0.455
25000,0.030,0.512,0.458
25500,0.030,0.578,0.392
26000,0.030,0.604,0.366
26500,0.030,0.528,0.442
27000,0.030,0.602,0.368
27500,0.030,0.549,0.421
28000,0.030,0.660,0.310
28500,0.030,0.659,0.311
29000,0.030,0.442,0.528
29500,0.030,0.590,0.380
30000,0.030,0.602,0.368
30500,0.030,0.660,0.310
31000,0.030,0.613,0.357
31500,0.030,0.573,0.397
32000,0.030,0.637,0.333
32500,0.030,0.453,0.517
33000,0.030,0.589,0.381
33500,0.030,0.595,0.375
34000,0.030,0.533,0.437
34500,0.030,0.623,0.347
35000,0.030,0.664,0.306
35500,0.030,0.567,0.403
36000,0.030,0.592,0.378
36500,0.030,0.536,0.434
37000,0.030,0.597,0.373
37500,0.030,0.554,0.416
38000,0.030,0.595,0.375
38500,0.030,0.563,0.407
39000,0.030,0.648,0.322
39500,0.030,0.617,0.353
40000,0.030,0.618,0.352
40500,0.030,0.593,0.377
41000,0.030,0.523,0.447
41500,0.030,0.619,0.351
42000,0.030,0.582,0.388
42500,0.030,0.587,0.383
43000,0.030,0.650,0.320
43500,0.030,0.601,0.369
44000,0.030,0.644,0.326
44500,0.030,0.648,0.322
45000,0.030,0.630,0.340
45500,0.030,0.560,0.410
46000,0.030,0.604,0.366
46500,0.030,0.625,0.345
47000,0.030,0.607,0.363
47500,0.030,0.547,0.423
48000,0.030,0.557,0.413
48500,0.030,0.676,0.294
49000,0.030,0.562,0.408
49500,0.030,0.524,0.446
50000,0.030,0.628,0.342
50500,0.030,0.591,0.379
51000,0.030,0.602,0.368
51500,0.030,0.599,0.371
52000,0.030,0.550,0.420
52500,0.030,0.607,0.363
53000,0.030,0.520,0.450
53500,0.030,0.486,0.484
54000,0.030,0.547,0.423
54500,0.030,0.528,0.442
55000,0.030,0.630,0.340
55500,0.030,0.472,0.498
56000,0.030,0.488,0.482
56500,0.030,0.547,0.423
57000,0.030,0.606,0.364
57500,0.030,0.565,0.405
58000,0.030,0.566,0.404
58500,0.030,0.519,0.451
59000,0.030,0.551,0.419
59500,0.030,0.590,0.380
60000,0.030,0.531,0.439
60500,0.030,0.582,0.388
61000,0.030,0.557,0.413
61500,0.030,0.587,0.383
62000,0.030,0.634,0.336
62500,0.030,0.527,0.443
63000,0.030,0.569,0.401
63500,0.030,0.569,0.401
64000,0.030,0.580,0.390
64500,0.030,0.511,0.459
65000,0.030,0.526,0.444
65500,0.030,0.567,0.403
66000,0.030,0.679,0.291
66500,0.030,0.504,0.466
67000,0.030,0.585,0.385
67500,0.035,0.457,0.508
68000,0.030,0.569,0.401
68500,0.030,0.503,0.467
69000,0.030,0.488,0.482
69500,0.030,0.521,0.449
70000,0.030,0.653,0.317
70500,0.030,0.659,0.311
71000,0.030,0.630,0.340
71500,0.030,0.650,0.320
72000,0.030,0.618,0.352
72500,0.030,0.591,0.379
73000,0.030,0.566,0.404
73500,0.030,0.642,0.328
74000,0.030,0.588,0.382
74500,0.030,0.605,0.365
75000,0.030,0.565,0.405
75500,0.030,0.535,0.435
76000,0.030,0.576,0.394
76500,0.030,0.596,0.374
77000,0.030,0.538,0.432
77500,0.030,0.650,0.320
78000,0.030,0.531,0.439
78500,0.030,0.457,0.513
79000,0.030,0.425,0.545
79500,0.030,0.506,0.464
80000,0.030,0.497,0.473
80500,0.030,0.457,0.513
81000,0.030,0.486,0.484
81500,0.030,0.424,0.546
82000,0.030,0.503,0.467
82500,0.030,0.564,0.406
83000,0.030,0.576,0.394
83500,0.030,0.533,0.437
84000,0.030,0.522,0.448
84500,0.030,0.568,0.402
85000,0.030,0.529,0.441
85500,0.030,0.499,0.471
86000,0.030,0.472,0.498
86500,0.030,0.576,0.394
87000,0.030,0.469,0.501
87500,0.030,0.533,0.437
88000,0.030,0.543,0.427
88500,0.030,0.592,0.378
89000,0.030,0.602,0.368
89500,0.030,0.600,0.370
90000,0.030,0.616,0.354
90500,0.030,0.557,0.413
91000,0.030,0.480,0.490
91500,0.030,0.628,0.342
92000,0.030,0.572,0.398
92500,0.030,0.607,0.363
93000,0.030,0.486,0.484
93500,0.030,0.510,0.460
94000,0.030,0.477,0.493
94500,0.030,0.506,0.464
95000,0.034,0.467,0.499
95500,0.030,0.552,0.418
96000,0.030,0.649,0.321
96500,0.030,0.593,0.377
97000,0.030,0.593,0.377
97500,0.030,0.690,0.280
98000,0.030,0.568,0.402
98500,0.030,0.618,0.352
99000,0.030,0.546,0.424
99500,0.030,0.591,0.379
100000,0.030,0.628,0.342
100500,0.030,0.579,0.391
101000,0.030,0.554,0.416
101500,0.030,0.533,0.437
102000,0.030,0.587,0.383
102500,0.030,0.560,0.410
103000,0.030,0.623,0.347
103500,0.030,0.556,0.414
104000,0.030,0.514,0.456
104500,0.030,0.532,0.438
105000,0.030,0.558,0.412
105500,0.030,0.500,0.470
106000,0.030,0.548,0.422
106500,0.030,0.629,0.341
107000,0.030,0.515,0.455
107500,0.030,0.575,0.395
108000,0.030,0.651,0.319
108500,0.030,0.619,0.351
109000,0.030,0.517,0.453
109500,0.030,0.630,0.340
110000,0.030,0.646,0.324
110500,0.030,0.485,0.485
111000,0.030,0.599,0.371
111500,0.030,0.580,0.390
112000,0.030,0.605,0.365
112500,0.030,0.623,0.347
113000,0.030,0.604,0.366
113500,0.030,0.613,0.357
114000,0.030,0.498,0.472
114500,0.030,0.586,0.384
115000,0.030,0.635,0.335
115500,0.030,0.504,0.466
116000,0.030,0.574,0.396
116500,0.030,0.546,0.424
117000,0.030,0.646,0.324
117500,0.030,0.593,0.377
118000,0.030,0.541,0.429
118500,0.030,0.581,0.389
119000,0.030,0.567,0.403
119500,0.030,0.590,0.380
120000,0.030,0.520,0.450
120500,0.030,0.516,0.454
121000,0.030,0.557,0.413
121500,0.030,0.523,0.447
122000,0.030,0.586,0.384
122500,0.030,0.550,0.420
123000,0.030,0.589,0.381
123500,0.030,0.549,0.421
124000,0.030,0.648,0.322
124500,0.030,0.608,0.362
125000,0.030,0.659,0.311
125500,0.030,0.600,0.370
126000,0.030,0.624,0.346
126500,0.030,0.535,0.435
127000,0.030,0.521,0.449
127500,0.031,0.431,0.538
128000,0.030,0.469,0.501
128500,0.030,0.435,0.535
129000,0.030,0.488,0.482
129500,0.037,0.495,0.468
130000,0.031,0.503,0.466
130500,0.030,0.596,0.374
131000,0.030,0.511,0.459
131500,0.030,0.604,0.366
132000,0.030,0.516,0.454
132500,0.030,0.592,0.378
133000,0.030,0.537,0.433
133500,0.030,0.466,0.504
134000,0.030,0.582,0.388
134500,0.030,0.528,0.442
135000,0.030,0.605,0.365
135500,0.030,0.536,0.434
136000,0.030,0.551,0.419
136500,0.030,0.612,0.358
137000,0.030,0.691,0.279
137500,0.030,0.502,0.468
138000,0.030,0.462,0.508
138500,0.030,0.534,0.436
139000,0.030,0.567,0.403
139500,0.030,0.567,0.403
140000,0.030,0.656,0.314
140500,0.030,0.667,0.303
141000,0.030,0.582,0.388
141500,0.030,0.514,0.456
142000,0.030,0.562,0.408
142500,0.030,0.553,0.417
143000,0.030,0.536,0.434
143500,0.030,0.613,0.357
144000,0.030,0.513,0.457
144500,0.030,0.618,0.352
145000,0.030,0.566,0.404
145500,0.030,0.516,0.454
146000,0.030,0.440,0.530
146500,0.030,0.480,0.490
147000,0.030,0.614,0.356
147500,0.037,0.478,0.485
148000,0.030,0.479,0.491
148500,0.030,0.500,0.470
149000,0.030,0.620,0.350
149500,0.030,0.768,0.202
150000,0.030,0.616,0.354
150500,0.030,0.517,0.453
151000,0.030,0.621,0.349
151500,0.030,0.636,0.334
152000,0.030,0.546,0.424
152500,0.030,0.500,0.470
153000,0.030,0.564,0.406
153500,0.030,0.611,0.359
154000,0.030,0.546,0.424
154500,0.030,0.557,0.413
155000,0.030,0.556,0.414
155500,0.030,0.516,0.454
156000,0.032,0.455,0.513
156500,0.030,0.536,0.434
157000,0.030,0.505,0.465
157500,0.030,0.424,0.546
158000,0.030,0.501,0.469
158500,0.030,0.607,0.363
159000,0.030,0.649,0.321
159500,0.030,0.572,0.398
160000,0.036,0.500,0.464
160500,0.030,0.498,0.472
161000,0.030,0.547,0.423
161500,0.030,0.432,0.538
162000,0.030,0.494,0.476
162500,0.030,0.512,0.458
163000,0.030,0.485,0.485
163500,0.033,0.599,0.368
164000,0.030,0.575,0.395
164500,0.030,0.555,0.415
165000,0.030,0.530,0.440
165500,0.030,0.460,0.510
166000,0.030,0.541,0.429
166500,0.030,0.531,0.439
167000,0.030,0.481,0.489
167500,0.030,0.552,0.418
168000,0.030,0.490,0.480
168500,0.030,0.477,0.493
169000,0.030,0.599,0.371
169500,0.030,0.522,0.448
170000,0.030,0.437,0.533
170500,0.030,0.539,0.431
171000,0.030,0.479,0.491
171500,0.030,0.580,0.390
172000,0.030,0.640,0.330
172500,0.030,0.606,0.364
173000,0.030,0.534,0.436
173500,0.030,0.527,0.443
174000,0.030,0.421,0.549
174500,0.033,0.441,0.526
175000,0.032,0.514,0.454
175500,0.030,0.439,0.531
176000,0.030,0.502,0.468
176500,0.030,0.573,0.397
177000,0.030,0.575,0.395
177500,0.030,0.595,0.375
178000,0.030,0.587,0.383
178500,0.030,0.516,0.454
179000,0.031,0.569,0.400
179500,0.030,0.565,0.405
180000,0.030,0.568,0.402
180500,0.030,0.587,0.383
181000,0.030,0.464,0.506
181500,0.030,0.598,0.372
182000,0.030,0.539,0.431
182500,0.030,0.573,0.397
183000,0.030,0.478,0.492
183500,0.030,0.543,0.427
184000,0.030,0.546,0.424
184500,0.030,0.595,0.375
185000,0.030,0.483,0.487
185500,0.030,0.517,0.453
186000,0.030,0.637,0.333
186500,0.030,0.675,0.295
187000,0.030,0.569,0.401
187500,0.030,0.564,0.406
188000,0.030,0.543,0.427
188500,0.030,0.578,0.392
189000,0.030,0.605,0.365
189500,0.030,0.554,0.416
190000,0.030,0.560,0.410
190500,0.030,0.587,0.383
191000,0.030,0.547,0.423
191500,0.030,0.605,0.365
192000,0.030,0.608,0.362
192500,0.030,0.607,0.363
193000,0.030,0.622,0.348
193500,0.030,0.495,0.475
194000,0.030,0.550,0.420
194500,0.030,0.522,0.448
195000,0.030,0.610,0.360
195500,0.030,0.548,0.422
196000,0.030,0.468,0.502
196500,0.030,0.438,0.532
197000,0.030,0.507,0.463
197500,0.030,0.496,0.474
198000,0.030,0.565,0.405
198500,0.030,0.470,0.500
199000,0.030,0.513,0.457
199500,0.030,0.744,0.226
200000,0.030,0.603,0.367
200500,0.030,0.715,0.255
201000,0.030,0.530,0.440
201500,0.030,0.455,0.515
202000,0.030,0.464,0.506
202500,0.030,0.514,0.456
203000,0.030,0.442,0.528
203500,0.034,0.328,0.638
204000,0.030,0.363,0.607
204500,0.030,0.451,0.519
205000,0.030,0.587,0.383
205500,0.030,0.529,0.441
206000,0.030,0.518,0.452
206500,0.030,0.596,0.374
207000,0.030,0.691,0.279
207500,0.030,0.545,0.425
208000,0.030,0.541,0.429
208500,0.030,0.573,0.397
209000,0.030,0.599,0.371
209500,0.030,0.669,0.301
210000,0.030,0.668,0.302
210500,0.030,0.623,0.347
211000,0.030,0.644,0.326
211500,0.030,0.608,0.362
212000,0.030,0.568,0.402
212500,0.030,0.551,0.419
213000,0.030,0.423,0.547
213500,0.030,0.442,0.528
214000,0.030,0.511,0.459
214500,0.030,0.531,0.439
215000,0.030,0.496,0.474
215500,0.030,0.457,0.513
216000,0.030,0.558,0.412
216500,0.030,0.572,0.398
217000,0.030,0.518,0.452
217500,0.030,0.554,0.416
218000,0.030,0.614,0.356
218500,0.030,0.567,0.403
219000,0.030,0.533,0.437
219500,0.030,0.559,0.411
220000,0.030,0.465,0.505
220500,0.030,0.484,0.486
221000,0.030,0.492,0.478
221500,0.033,0.452,0.515
222000,0.030,0.582,0.388
222500,0.030,0.582,0.388
223000,0.030,0.541,0.429
223500,0.030,0.567,0.403
224000,0.030,0.535,0.435
224500,0.030,0.496,0.474
225000,0.030,0.455,0.515
225500,0.030,0.472,0.498
226000,0.030,0.428,0.542
226500,0.030,0.550,0.420
227000,0.030,0.513,0.457
227500,0.030,0.562,0.408
228000,0.030,0.576,0.394
228500,0.030,0.618,0.352
229000,0.030,0.569,0.401
229500,0.030,0.522,0.448
230000,0.030,0.561,0.409
230500,0.030,0.478,0.492
231000,0.030,0.550,0.420
231500,0.030,0.569,0.401
232000,0.030,0.625,0.345
232500,0.030,0.522,0.448
233000,0.030,0.564,0.406
233500,0.030,0.668,0.302
234000,0.030,0.585,0.385
234500,0.030,0.663,0.307
235000,0.030,0.637,0.333
235500,0.030,0.600,0.370
236000,0.030,0.536,0.434
236500,0.030,0.660,0.310
237000,0.030,0.587,0.383
237500,0.030,0.621,0.349
238000,0.030,0.569,0.401
238500,0.030,0.539,0.431
239000,0.030,0.588,0.382
239500,0.030,0.680,0.290
240000,0.030,0.649,0.321
240500,0.030,0.554,0.416
241000,0.030,0.553,0.417
241500,0.030,0.555,0.415
242000,0.030,0.503,0.467
242500,0.030,0.557,0.413
243000,0.030,0.443,0.527
243500,0.030,0.439,0.531
244000,0.030,0.536,0.434
244500,0.030,0.442,0.528
245000,0.030,0.479,0.491
245500,0.030,0.540,0.430
246000,0.030,0.530,0.440
246500,0.030,0.624,0.346
247000,0.030,0.520,0.450
247500,0.030,0.602,0.368
248000,0.030,0.589,0.381
248500,0.030,0.528,0.442
249000,0.030,0.487,0.483
249500,0.030,0.593,0.377
250000,0.030,0.623,0.347
250500,0.030,0.668,0.302
251000,0.030,0.583,0.387
251500,0.030,0.533,0.437
252000,0.030,0.508,0.462
252500,0.030,0.448,0.522
253000,0.030,0.471,0.499
253500,0.030,0.568,0.402
254000,0.030,0.570,0.400
254500,0.030,0.521,0.449
255000,0.030,0.556,0.414
255500,0.030,0.460,0.510
256000,0.030,0.446,0.524
256500,0.030,0.536,0.434
257000,0.030,0.534,0.436
257500,0.030,0.599,0.371
258000,0.030,0.675,0.295
258500,0.030,0.673,0.297
259000,0.030,0.544,0.426
259500,0.033,0.413,0.554
260000,0.030,0.530,0.440
260500,0.030,0.493,0.477
261000,0.034,0.534,0.432
261500,0.030,0.538,0.432
262000,0.030,0.446,0.524
262500,0.030,0.534,0.436
263000,0.030,0.534,0.436
263500,0.030,0.529,0.441
264000,0.030,0.616,0.354
264500,0.030,0.658,0.312
265000,0.030,0.549,0.421
265500,0.030,0.461,0.509
266000,0.030,0.564,0.406
266500,0.030,0.615,0.355
267000,0.030,0.582,0.388
267500,0.030,0.572,0.398
268000,0.030,0.565,0.405
268500,0.030,0.525,0.445
269000,0.030,0.476,0.494
269500,0.030,0.576,0.394
270000,0.030,0.533,0.437
270500,0.030,0.545,0.425
271000,0.030,0.618,0.352
271500,0.030,0.519,0.451
272000,0.030,0.432,0.538
272500,0.030,0.500,0.470
273000,0.030,0.520,0.450
273500,0.030,0.557,0.413
274000,0.030,0.524,0.446
274500,0.030,0.610,0.360
275000,0.030,0.536,0.434
275500,0.030,0.518,0.452
276000,0.030,0.550,0.420
276500,0.030,0.553,0.417
277000,0.030,0.414,0.556
277500,0.030,0.492,0.478
278000,0.030,0.567,0.403
278500,0.030,0.464,0.506
279000,0.030,0.454,0.516
279500,0.030,0.546,0.424
280000,0.030,0.584,0.386
280500,0.030,0.557,0.413
281000,0.030,0.483,0.487
281500,0.030,0.563,0.407
282000,0.030,0.532,0.438
282500,0.030,0.592,0.378
283000,0.030,0.573,0.397
283500,0.030,0.556,0.414
284000,0.030,0.535,0.435
284500,0.030,0.543,0.427
285000,0.030,0.524,0.446
285500,0.030,0.580,0.390
286000,0.030,0.544,0.426
286500,0.030,0.550,0.420
287000,0.030,0.535,0.435
287500,0.030,0.604,0.366
288000,0.030,0.617,0.353
288500,0.030,0.669,0.301
289000,0.030,0.648,0.322
289500,0.030,0.464,0.506
290000,0.030,0.580,0.390
290500,0.030,0.614,0.356
291000,0.030,0.621,0.349
291500,0.030,0.637,0.333
292000,0.030,0.600,0.370
292500,0.030,0.694,0.276
293000,0.030,0.615,0.355
293500,0.030,0.517,0.453
294000,0.030,0.567,0.403
294500,0.030,0.614,0.356
295000,0.030,0.565,0.405
295500,0.030,0.535,0.435
296000,0.030,0.525,0.445
296500,0.030,0.491,0.479
297000,0.030,0.617,0.353
297500,0.030,0.695,0.275
298000,0.030,0.753,0.217
298500,0.030,0.655,0.315
299000,0.030,0.653,0.317
299500,0.030,0.623,0.347
300000,0.030,0.635,0.335
300500,0.030,0.579,0.391
301000,0.030,0.586,0.384
301500,0.030,0.536,0.434
302000,0.030,0.625,0.345
302500,0.030,0.534,0.436
303000,0.030,0.649,0.321
303500,0.030,0.618,0.352
304000,0.030,0.512,0.458
304500,0.030,0.542,0.428
305000,0.030,0.608,0.362
305500,0.030,0.516,0.454
306000,0.030,0.538,0.432
306500,0.034,0.464,0.502
307000,0.030,0.436,0.534
307500,0.030,0.575,0.395
308000,0.030,0.583,0.387
308500,0.030,0.500,0.470
309000,0.030,0.555,0.415
309500,0.030,0.607,0.363
310000,0.033,0.552,0.415
310500,0.030,0.487,0.483
311000,0.030,0.571,0.399
311500,0.030,0.541,0.429
312000,0.030,0.559,0.411
312500,0.030,0.524,0.446
313000,0.030,0.485,0.485
313500,0.030,0.514,0.456
314000,0.030,0.529,0.441
314500,0.030,0.532,0.438
315000,0.030,0.498,0.472
315500,0.030,0.541,0.429
316000,0.030,0.549,0.421
316500,0.030,0.606,0.364
317000,0.030,0.612,0.358
317500,0.030,0.598,0.372
318000,0.030,0.524,0.446
318500,0.030,0.490,0.480
319000,0.030,0.601,0.369
319500,0.030,0.624,0.346
320000,0.030,0.664,0.306
320500,0.030,0.471,0.499
321000,0.034,0.417,0.549
321500,0.030,0.538,0.432
322000,0.030,0.508,0.462
322500,0.030,0.497,0.473
323000,0.030,0.598,0.372
323500,0.030,0.565,0.405
324000,0.030,0.501,0.469
324500,0.030,0.491,0.479
325000,0.030,0.612,0.358
325500,0.030,0.495,0.475
326000,0.030,0.529,0.441
326500,0.030,0.564,0.406
327000,0.030,0.509,0.461
327500,0.030,0.590,0.380
328000,0.030,0.558,0.412
328500,0.030,0.503,0.467
329000,0.030,0.621,0.349
329500,0.030,0.536,0.434
330000,0.030,0.571,0.399
330500,0.030,0.608,0.362
331000,0.030,0.650,0.320
331500,0.030,0.613,0.357
332000,0.030,0.624,0.346
332500,0.030,0.542,0.428
333000,0.030,0.530,0.440
333500,0.030,0.569,0.401
334000,0.030,0.540,0.430
334500,0.030,0.463,0.507
335000,0.030,0.584,0.386
335500,0.030,0.546,0.424
336000,0.030,0.631,0.339
336500,0.030,0.551,0.419
337000,0.030,0.481,0.489
337500,0.030,0.506,0.464
338000,0.030,0.516,0.454
338500,0.030,0.520,0.450
339000,0.030,0.526,0.444
339500,0.032,0.439,0.529
340000,0.030,0.552,0.418
340500,0.030,0.498,0.472
341000,0.030,0.501,0.469
341500,0.030,0.522,0.448
342000,0.030,0.493,0.477
342500,0.030,0.524,0.446
343000,0.030,0.566,0.404
343500,0.030,0.535,0.435
344000,0.030,0.489,0.481
344500,0.030,0.625,0.345
345000,0.030,0.579,0.391
345500,0.030,0.567,0.403
346000,0.030,0.603,0.367
346500,0.030,0.489,0.481
347000,0.030,0.512,0.458
347500,0.030,0.532,0.438
348000,0.030,0.571,0.399
348500,0.030,0.565,0.405
349000,0.030,0.574,0.396
349500,0.030,0.500,0.470
350000,0.030,0.653,0.317
350500,0.030,0.586,0.384
351000,0.030,0.666,0.304
351500,0.030,0.620,0.350
352000,0.030,0.572,0.398
352500,0.030,0.609,0.361
353000,0.030,0.695,0.275
353500,0.030,0.675,0.295
354000,0.030,0.549,0.421
354500,0.030,0.592,0.378
355000,0.030,0.585,0.385
355500,0.030,0.517,0.453
356000,0.030,0.552,0.418
356500,0.030,0.503,0.467
357000,0.030,0.485,0.485
357500,0.030,0.518,0.452
358000,0.030,0.447,0.523
358500,0.030,0.458,0.512
359000,0.030,0.511,0.459
359500,0.030,0.644,0.326
360000,0.030,0.471,0.499
360500,0.030,0.504,0.466
361000,0.030,0.533,0.437
361500,0.030,0.502,0.468
362000,0.030,0.530,0.440
362500,0.030,0.453,0.517
363000,0.030,0.535,0.435
363500,0.030,0.567,0.403
364000,0.030,0.526,0.444
364500,0.030,0.615,0.355
365000,0.030,0.420,0.550
365500,0.030,0.462,0.508
366000,0.030,0.555,0.415
366500,0.030,0.528,0.442
367000,0.030,0.534,0.436
367500,0.030,0.499,0.471
368000,0.030,0.509,0.461
368500,0.030,0.578,0.392
369000,0.030,0.518,0.452
369500,0.030,0.503,0.467
370000,0.030,0.492,0.478
370500,0.030,0.508,0.462
371000,0.030,0.577,0.393
371500,0.030,0.599,0.371
372000,0.030,0.447,0.523
372500,0.030,0.466,0.504
373000,0.030,0.593,0.377
373500,0.030,0.612,0.358
374000,0.030,0.503,0.467
374500,0.030,0.428,0.542
375000,0.030,0.484,0.486
375500,0.030,0.526,0.444
376000,0.030,0.592,0.378
376500,0.030,0.524,0.446
377000,0.030,0.504,0.466
377500,0.030,0.481,0.489
378000,0.030,0.542,0.428
378500,0.030,0.659,0.311
379000,0.030,0.514,0.456
379500,0.030,0.583,0.387
380000,0.030,0.561,0.409
380500,0.030,0.521,0.449
381000,0.030,0.514,0.456
381500,0.030,0.551,0.419
382000,0.030,0.549,0.421
382500,0.030,0.661,0.309
383000,0.030,0.626,0.344
383500,0.030,0.438,0.532
384000,0.030,0.611,0.359
384500,0.030,0.630,0.340
385000,0.030,0.590,0.380
385500,0.030,0.556,0.414
386000,0.030,0.504,0.466
386500,0.030,0.530,0.440
387000,0.030,0.531,0.439
387500,0.030,0.550,0.420
388000,0.030,0.585,0.385
388500,0.030,0.544,0.426
389000,0.030,0.509,0.461
389500,0.030,0.510,0.460
390000,0.030,0.466,0.504
390500,0.030,0.551,0.419
391000,0.030,0.586,0.384
391500,0.030,0.512,0.458
392000,0.030,0.542,0.428
392500,0.030,0.556,0.414
393000,0.030,0.656,0.314
393500,0.030,0.711,0.259
394000,0.030,0.497,0.473
394500,0.030,0.512,0.458
395000,0.030,0.540,0.430
395500,0.030,0.593,0.377
396000,0.030,0.553,0.417
396500,0.030,0.563,0.407
397000,0.030,0.511,0.459
397500,0.030,0.541,0.429
398000,0.030,0.630,0.340
398500,0.030,0.583,0.387
399000,0.030,0.635,0.335
399500,0.030,0.609,0.361
400000,0.030,0.650,0.320
400500,0.030,0.525,0.445
401000,0.030,0.541,0.429
401500,0.030,0.515,0.455
402000,0.030,0.518,0.452
402500,0.030,0.558,0.412
403000,0.030,0.481,0.489
403500,0.030,0.485,0.485
404000,0.030,0.497,0.473
404500,0.030,0.533,0.437
405000,0.030,0.613,0.357
405500,0.030,0.623,0.347
406000,0.030,0.607,0.363
406500,0.030,0.599,0.371
407000,0.030,0.640,0.330
407500,0.030,0.581,0.389
408000,0.030,0.679,0.291
408500,0.030,0.602,0.368
409000,0.030,0.545,0.425
409500,0.030,0.614,0.356
410000,0.030,0.536,0.434
410500,0.030,0.554,0.416
411000,0.030,0.511,0.459
411500,0.030,0.530,0.440
412000,0.030,0.609,0.361
412500,0.030,0.529,0.441
413000,0.030,0.541,0.429
413500,0.030,0.542,0.428
414000,0.030,0.479,0.491
414500,0.030,0.513,0.457
415000,0.030,0.522,0.448
415500,0.030,0.590,0.380
416000,0.030,0.466,0.504
416500,0.030,0.483,0.487
417000,0.030,0.658,0.312
417500,0.034,0.643,0.323
418000,0.030,0.581,0.389
418500,0.030,0.464,0.506
419000,0.030,0.518,0.452
419500,0.030,0.575,0.395
420000,0.030,0.669,0.301
420500,0.030,0.537,0.433
421000,0.030,0.518,0.452
421500,0.030,0.508,0.462
422000,0.030,0.526,0.444
422500,0.030,0.559,0.411
423000,0.030,0.546,0.424
423500,0.030,0.632,0.338
424000,0.030,0.510,0.460
424500,0.030,0.530,0.440
425000,0.030,0.501,0.469
425500,0.030,0.506,0.464
426000,0.030,0.501,0.469
426500,0.030,0.593,0.377
427000,0.030,0.536,0.434
427500,0.030,0.571,0.399
428000,0.030,0.618,0.352
428500,0.030,0.636,0.334
429000,0.030,0.555,0.415
429500,0.030,0.572,0.398
430000,0.030,0.480,0.490
430500,0.030,0.492,0.478
431000,0.030,0.456,0.514
431500,0.031,0.478,0.491
432000,0.030,0.430,0.540
432500,0.030,0.419,0.551
433000,0.030,0.490,0.480
433500,0.030,0.554,0.416
434000,0.030,0.489,0.481
434500,0.030,0.522,0.448
435000,0.030,0.507,0.463
435500,0.030,0.563,0.407
436000,0.030,0.637,0.333
436500,0.030,0.594,0.376
437000,0.030,0.669,0.301
437500,0.030,0.631,0.339
438000,0.030,0.641,0.329
438500,0.030,0.598,0.372
439000,0.030,0.622,0.348
439500,0.030,0.457,0.513
440000,0.030,0.531,0.439
440500,0.030,0.565,0.405
441000,0.030,0.552,0.418
441500,0.030,0.514,0.456
442000,0.030,0.481,0.489
442500,0.030,0.510,0.460
443000,0.030,0.561,0.409
443500,0.030,0.520,0.450
444000,0.030,0.636,0.334
444500,0.030,0.576,0.394
445000,0.030,0.608,0.362
445500,0.030,0.443,0.527
446000,0.030,0.512,0.458
446500,0.030,0.571,0.399
447000,0.030,0.616,0.354
447500,0.030,0.512,0.458
448000,0.030,0.555,0.415
448500,0.030,0.636,0.334
449000,0.030,0.611,0.359
449500,0.030,0.625,0.345
450000,0.030,0.547,0.423
450500,0.030,0.506,0.464
451000,0.030,0.590,0.380
451500,0.030,0.545,0.425
452000,0.030,0.513,0.457
452500,0.030,0.559,0.411
453000,0.030,0.578,0.392
453500,0.030,0.544,0.426
454000,0.030,0.524,0.446
454500,0.030,0.570,0.400
455000,0.030,0.492,0.478
455500,0.030,0.467,0.503
456000,0.030,0.483,0.487
456500,0.030,0.490,0.480
457000,0.030,0.459,0.511
457500,0.030,0.534,0.436
458000,0.030,0.536,0.434
458500,0.030,0.474,0.496
459000,0.030,0.513,0.457
459500,0.030,0.454,0.516
460000,0.030,0.550,0.420
460500,0.030,0.665,0.305
461000,0.030,0.611,0.359
461500,0.030,0.565,0.405
462000,0.030,0.587,0.383
462500,0.030,0.681,0.289
463000,0.030,0.709,0.261
463500,0.030,0.593,0.377
464000,0.030,0.485,0.485
464500,0.030,0.530,0.440
465000,0.030,0.484,0.486
465500,0.030,0.569,0.401
466000,0.030,0.480,0.490
466500,0.030,0.505,0.465
467000,0.030,0.543,0.427
467500,0.030,0.546,0.424
468000,0.030,0.543,0.427
468500,0.030,0.542,0.428
469000,0.030,0.578,0.392
469500,0.030,0.486,0.484
470000,0.030,0.570,0.400
470500,0.030,0.507,0.463
471000,0.030,0.608,0.362
471500,0.030,0.476,0.494
472000,0.030,0.541,0.429
472500,0.030,0.546,0.424
473000,0.030,0.518,0.452
473500,0.030,0.493,0.477
474000,0.030,0.486,0.484
474500,0.030,0.584,0.386
475000,0.030,0.580,0.390
475500,0.030,0.590,0.380
476000,0.030,0.514,0.456
476500,0.030,0.605,0.365
477000,0.030,0.557,0.413
477500,0.030,0.500,0.470
478000,0.030,0.539,0.431
478500,0.030,0.524,0.446
479000,0.030,0.500,0.470
479500,0.031,0.511,0.458
480000,0.030,0.589,0.381
480500,0.030,0.578,0.392
481000,0.030,0.614,0.356
481500,0.030,0.476,0.494
482000,0.030,0.616,0.354
482500,0.030,0.603,0.367
483000,0.030,0.575,0.395
483500,0.030,0.677,0.293
484000,0.030,0.569,0.401
484500,0.030,0.538,0.432
485000,0.030,0.457,0.513
485500,0.030,0.559,0.411
486000,0.030,0.563,0.407
486500,0.030,0.493,0.477
487000,0.030,0.494,0.476
487500,0.030,0.478,0.492
488000,0.030,0.534,0.436
488500,0.030,0.515,0.455
489000,0.030,0.511,0.459
489500,0.030,0.560,0.410
490000,0.030,0.513,0.457
490500,0.030,0.489,0.481
491000,0.030,0.572,0.398
491500,0.030,0.520,0.450
492000,0.030,0.500,0.470
492500,0.030,0.566,0.404
493000,0.030,0.514,0.456
493500,0.037,0.396,0.567
494000,0.030,0.543,0.427
494500,0.030,0.475,0.495
495000,0.030,0.517,0.453
495500,0.030,0.595,0.375
496000,0.030,0.640,0.330
496500,0.030,0.667,0.303
497000,0.030,0.594,0.376
497500,0.030,0.536,0.434
498000,0.030,0.470,0.500
498500,0.030,0.404,0.566
499000,0.030,0.498,0.472
499500,0.030,0.506,0.464
500000,0.030,0.469,0.501
500500,0.030,0.611,0.359
501000,0.030,0.612,0.358
501500,0.030,0.617,0.353
502000,0.030,0.587,0.383
502500,0.030,0.629,0.341
503000,0.030,0.634,0.336
503500,0.030,0.460,0.510
504000,0.030,0.552,0.418
504500,0.030,0.562,0.408
505000,0.030,0.519,0.451
505500,0.030,0.513,0.457
506000,0.030,0.530,0.440
506500,0.030,0.514,0.456
507000,0.030,0.486,0.484
507500,0.030,0.455,0.515
508000,0.030,0.482,0.488
508500,0.030,0.435,0.535
509000,0.030,0.472,0.498
509500,0.030,0.497,0.473
510000,0.030,0.460,0.510
510500,0.030,0.504,0.466
511000,0.030,0.488,0.482
511500,0.030,0.505,0.465
512000,0.030,0.649,0.321
512500,0.030,0.604,0.366
513000,0.030,0.515,0.455
513500,0.030,0.527,0.443
514000,0.030,0.669,0.301
514500,0.030,0.691,0.279
515000,0.030,0.612,0.358
515500,0.030,0.595,0.375
516000,0.030,0.546,0.424
516500,0.030,0.509,0.461
517000,0.030,0.518,0.452
517500,0.036,0.545,0.419
518000,0.030,0.413,0.557
518500,0.030,0.499,0.471
519000,0.030,0.452,0.518
519500,0.038,0.472,0.490
520000,0.030,0.601,0.369
520500,0.030,0.508,0.462
521000,0.030,0.589,0.381
521500,0.030,0.473,0.497
522000,0.030,0.592,0.378
522500,0.030,0.605,0.365
523000,0.030,0.644,0.326
523500,0.030,0.642,0.328
524000,0.030,0.596,0.374
524500,0.030,0.568,0.402
525000,0.030,0.613,0.357
525500,0.030,0.568,0.402
526000,0.030,0.547,0.423
526500,0.030,0.486,0.484
527000,0.030,0.528,0.442
527500,0.030,0.621,0.349
528000,0.030,0.673,0.297
528500,0.030,0.638,0.332
529000,0.030,0.539,0.431
529500,0.030,0.653,0.317
530000,0.030,0.618,0.352
530500,0.030,0.657,0.313
531000,0.030,0.519,0.451
531500,0.030,0.488,0.482
532000,0.030,0.610,0.360
532500,0.030,0.643,0.327
533000,0.030,0.627,0.343
533500,0.030,0.599,0.371
534000,0.030,0.644,0.326
534500,0.030,0.619,0.351
535000,0.030,0.544,0.426
535500,0.030,0.485,0.485
536000,0.030,0.576,0.394
536500,0.030,0.669,0.301
537000,0.030,0.628,0.342
537500,0.030,0.551,0.419
538000,0.030,0.524,0.446
538500,0.030,0.512,0.458
539000,0.030,0.570,0.400
539500,0.030,0.627,0.343
540000,0.030,0.603,0.367
540500,0.030,0.541,0.429
541000,0.030,0.423,0.547
541500,0.030,0.531,0.439
542000,0.030,0.503,0.467
542500,0.030,0.624,0.346
543000,0.030,0.536,0.434
543500,0.030,0.629,0.341
544000,0.030,0.667,0.303
544500,0.030,0.628,0.342
545000,0.030,0.551,0.419
545500,0.030,0.495,0.475
546000,0.030,0.538,0.432
546500,0.030,0.530,0.440
547000,0.030,0.513,0.457
547500,0.030,0.600,0.370
548000,0.030,0.619,0.351
548500,0.030,0.559,0.411
549000,0.030,0.470,0.500
549500,0.030,0.551,0.419
550000,0.030,0.579,0.391
550500,0.030,0.548,0.422
551000,0.030,0.549,0.421
551500,0.030,0.550,0.420
552000,0.030,0.526,0.444
552500,0.030,0.579,0.391
553000,0.030,0.595,0.375
553500,0.030,0.491,0.479
554000,0.030,0.566,0.404
554500,0.030,0.620,0.350
555000,0.030,0.582,0.388
555500,0.030,0.576,0.394
556000,0.030,0.488,0.482
556500,0.031,0.580,0.389
557000,0.030,0.625,0.345
557500,0.030,0.528,0.442
558000,0.030,0.533,0.437
558500,0.030,0.608,0.362
559000,0.030,0.745,0.225
559500,0.030,0.583,0.387
560000,0.030,0.528,0.442
560500,0.030,0.599,0.371
561000,0.030,0.539,0.431
561500,0.030,0.527,0.443
562000,0.030,0.568,0.402
562500,0.030,0.601,0.369
563000,0.030,0.594,0.376
563500,0.030,0.564,0.406
564000,0.030,0.473,0.497
564500,0.033,0.509,0.458
565000,0.030,0.514,0.456
565500,0.030,0.570,0.400
566000,0.030,0.578,0.392
566500,0.030,0.523,0.447
567000,0.030,0.429,0.541
567500,0.030,0.595,0.375
568000,0.030,0.578,0.392
568500,0.030,0.652,0.318
569000,0.030,0.576,0.394
569500,0.030,0.533,0.437
570000,0.030,0.637,0.333
570500,0.030,0.491,0.479
571000,0.030,0.518,0.452
571500,0.030,0.541,0.429
572000,0.030,0.628,0.342
572500,0.030,0.727,0.243
573000,0.030,0.638,0.332
573500,0.030,0.618,0.352
574000,0.030,0.669,0.301
574500,0.030,0.646,0.324
575000,0.030,0.407,0.563
575500,0.030,0.516,0.454
576000,0.030,0.479,0.491
576500,0.030,0.457,0.513
577000,0.035,0.423,0.542
577500,0.030,0.548,0.422
578000,0.030,0.542,0.428
578500,0.030,0.506,0.464
579000,0.030,0.498,0.472
579500,0.030,0.629,0.341
580000,0.030,0.617,0.353
580500,0.030,0.592,0.378
581000,0.030,0.707,0.263
581500,0.030,0.632,0.338
582000,0.030,0.625,0.345
582500,0.030,0.622,0.348
583000,0.030,0.656,0.314
583500,0.030,0.486,0.484
584000,0.030,0.548,0.422
584500,0.030,0.489,0.481
585000,0.030,0.479,0.491
585500,0.030,0.558,0.412
586000,0.030,0.586,0.384
586500,0.030,0.636,0.334
587000,0.030,0.569,0.401
587500,0.030,0.497,0.473
588000,0.033,0.535,0.432
588500,0.030,0.543,0.427
589000,0.030,0.532,0.438
589500,0.030,0.601,0.369
590000,0.030,0.564,0.406
590500,0.030,0.666,0.304
591000,0.030,0.554,0.416
591500,0.030,0.524,0.446
592000,0.030,0.560,0.410
592500,0.030,0.472,0.498
593000,0.030,0.475,0.495
593500,0.030,0.519,0.451
594000,0.030,0.494,0.476
594500,0.030,0.520,0.450
595000,0.030,0.603,0.367
595500,0.030,0.655,0.315
596000,0.030,0.648,0.322
596500,0.030,0.665,0.305
597000,0.030,0.653,0.317
597500,0.030,0.554,0.416
598000,0.030,0.471,0.499
598500,0.030,0.575,0.395
599000,0.030,0.540,0.430
599500,0.030,0.540,0.430
600000,0.037,0.549,0.414
600500,0.030,0.518,0.452
601000,0.030,0.567,0.403
601500,0.030,0.525,0.445
602000,0.030,0.585,0.385
602500,0.030,0.645,0.325
603000,0.030,0.576,0.394
603500,0.030,0.480,0.490
604000,0.030,0.517,0.453
604500,0.030,0.451,0.519
605000,0.030,0.472,0.498
605500,0.030,0.554,0.416
606000,0.030,0.601,0.369
606500,0.030,0.543,0.427
607000,0.030,0.371,0.599
607500,0.030,0.561,0.409
608000,0.030,0.534,0.436
608500,0.030,0.532,0.438
609000,0.030,0.524,0.446
609500,0.030,0.713,0.257
610000,0.030,0.593,0.377
610500,0.030,0.506,0.464
611000,0.030,0.459,0.511
611500,0.030,0.586,0.384
612000,0.030,0.606,0.364
612500,0.030,0.685,0.285
613000,0.030,0.624,0.346
613500,0.030,0.567,0.403
614000,0.030,0.519,0.451
614500,0.030,0.536,0.434
615000,0.030,0.590,0.380
615500,0.030,0.447,0.523
616000,0.030,0.450,0.520
616500,0.038,0.384,0.578
617000,0.030,0.441,0.529
617500,0.030,0.448,0.522
618000,0.030,0.609,0.361
618500,0.030,0.594,0.376
619000,0.030,0.499,0.471
619500,0.030,0.476,0.494
620000,0.030,0.456,0.514
620500,0.030,0.497,0.473
621000,0.030,0.535,0.435
621500,0.033,0.503,0.464
622000,0.030,0.498,0.472
622500,0.030,0.515,0.455
623000,0.030,0.550,0.420
623500,0.030,0.529,0.441
624000,0.030,0.536,0.434
624500,0.030,0.647,0.323
625000,0.030,0.664,0.306
625500,0.030,0.610,0.360
626000,0.030,0.606,0.364
626500,0.030,0.622,0.348
627000,0.030,0.596,0.374
627500,0.030,0.615,0.355
628000,0.030,0.545,0.425
628500,0.030,0.558,0.412
629000,0.030,0.464,0.506
629500,0.030,0.592,0.378
630000,0.030,0.528,0.442
630500,0.030,0.590,0.380
631000,0.030,0.470,0.500
631500,0.030,0.532,0.438
632000,0.030,0.585,0.385
632500,0.030,0.525,0.445
633000,0.030,0.519,0.451
633500,0.030,0.647,0.323
634000,0.030,0.573,0.397
634500,0.030,0.649,0.321
635000,0.030,0.599,0.371
635500,0.030,0.572,0.398
636000,0.030,0.650,0.320
636500,0.030,0.659,0.311
637000,0.030,0.531,0.439
637500,0.030,0.462,0.508
638000,0.030,0.531,0.439
638500,0.030,0.534,0.436
639000,0.030,0.518,0.452
639500,0.030,0.532,0.438
640000,0.030,0.485,0.485
640500,0.030,0.521,0.449
641000,0.030,0.548,0.422
641500,0.030,0.458,0.512
642000,0.030,0.632,0.338
642500,0.030,0.470,0.500
643000,0.030,0.574,0.396
643500,0.030,0.578,0.392
644000,0.030,0.515,0.455
644500,0.030,0.626,0.344
645000,0.030,0.640,0.330
645500,0.030,0.634,0.336
646000,0.030,0.703,0.267
646500,0.030,0.527,0.443
647000,0.030,0.526,0.444
647500,0.030,0.471,0.499
648000,0.030,0.470,0.500
648500,0.030,0.441,0.529
649000,0.030,0.475,0.495
649500,0.030,0.599,0.371
650000,0.030,0.497,0.473
650500,0.030,0.564,0.406
651000,0.030,0.643,0.327
651500,0.030,0.565,0.405
652000,0.030,0.542,0.428
652500,0.030,0.629,0.341
653000,0.030,0.539,0.431
653500,0.030,0.526,0.444
654000,0.030,0.483,0.487
654500,0.030,0.572,0.398
655000,0.030,0.539,0.431
655500,0.030,0.550,0.420
656000,0.030,0.539,0.431
656500,0.030,0.613,0.357
657000,0.030,0.568,0.402
657500,0.030,0.699,0.271
658000,0.030,0.717,0.253
658500,0.030,0.584,0.386
659000,0.030,0.561,0.409
659500,0.030,0.576,0.394
660000,0.030,0.590,0.380
660500,0.030,0.565,0.405
661000,0.030,0.538,0.432
661500,0.030,0.539,0.431
662000,0.030,0.565,0.405
662500,0.030,0.547,0.423
663000,0.030,0.437,0.533
663500,0.030,0.513,0.457
664000,0.030,0.521,0.449
664500,0.030,0.596,0.374
665000,0.030,0.606,0.364
665500,0.030,0.549,0.421
666000,0.030,0.470,0.500
666500,0.030,0.461,0.509
667000,0.030,0.467,0.503
667500,0.030,0.536,0.434
668000,0.030,0.585,0.385
668500,0.030,0.607,0.363
669000,0.030,0.560,0.410
669500,0.030,0.592,0.378
670000,0.030,0.558,0.412
670500,0.030,0.618,0.352
671000,0.030,0.587,0.383
671500,0.041,0.553,0.406
672000,0.030,0.577,0.393
672500,0.030,0.634,0.336
673000,0.030,0.643,0.327
673500,0.030,0.542,0.428
674000,0.030,0.609,0.361
674500,0.030,0.618,0.352
675000,0.030,0.584,0.386
675500,0.030,0.567,0.403
676000,0.030,0.614,0.356
676500,0.030,0.570,0.400
677000,0.030,0.508,0.462
677500,0.030,0.506,0.464
678000,0.030,0.549,0.421
678500,0.030,0.570,0.400
679000,0.030,0.474,0.496
679500,0.030,0.527,0.443
680000,0.030,0.558,0.412
680500,0.030,0.551,0.419
681000,0.030,0.540,0.430
681500,0.030,0.618,0.352
682000,0.030,0.502,0.468
682500,0.030,0.482,0.488
683000,0.030,0.441,0.529
683500,0.030,0.522,0.448
684000,0.030,0.415,0.555
684500,0.030,0.526,0.444
685000,0.030,0.478,0.492
685500,0.030,0.488,0.482
686000,0.040,0.514,0.446
686500,0.030,0.503,0.467
687000,0.030,0.483,0.487
687500,0.030,0.568,0.402
688000,0.030,0.494,0.476
688500,0.030,0.547,0.423
689000,0.030,0.566,0.404
689500,0.030,0.552,0.418
690000,0.030,0.610,0.360
690500,0.030,0.595,0.375
691000,0.030,0.533,0.437
691500,0.030,0.548,0.422
692000,0.030,0.539,0.431
692500,0.030,0.426,0.544
693000,0.030,0.465,0.505
693500,0.030,0.521,0.449
694000,0.030,0.509,0.461
694500,0.030,0.508,0.462
695000,0.030,0.457,0.513
695500,0.030,0.547,0.423
696000,0.030,0.688,0.282
696500,0.030,0.625,0.345
697000,0.030,0.533,0.437
697500,0.030,0.566,0.404
698000,0.030,0.622,0.348
698500,0.030,0.531,0.439
699000,0.030,0.543,0.427
699500,0.030,0.403,0.567
700000,0.030,0.507,0.463
700500,0.030,0.490,0.480
701000,0.030,0.606,0.364
701500,0.030,0.615,0.355
702000,0.030,0.616,0.354
702500,0.030,0.603,0.367
703000,0.030,0.508,0.462
703500,0.030,0.559,0.411
704000,0.030,0.609,0.361
704500,0.030,0.660,0.310
705000,0.030,0.651,0.319
705500,0.030,0.588,0.382
706000,0.030,0.551,0.419
706500,0.030,0.548,0.422
707000,0.030,0.602,0.368
707500,0.030,0.497,0.473
708000,0.030,0.439,0.531
708500,0.030,0.471,0.499
709000,0.030,0.484,0.486
709500,0.030,0.526,0.444
710000,0.030,0.605,0.365
710500,0.030,0.574,0.396
711000,0.030,0.509,0.461
711500,0.030,0.415,0.555
712000,0.030,0.483,0.487
712500,0.030,0.456,0.514
713000,0.030,0.507,0.463
713500,0.030,0.666,0.304
714000,0.030,0.612,0.358
714500,0.030,0.545,0.425
715000,0.030,0.450,0.520
715500,0.032,0.469,0.499
716000,0.030,0.514,0.456
716500,0.030,0.491,0.479
717000,0.030,0.538,0.432
717500,0.030,0.616,0.354
718000,0.030,0.635,0.335
718500,0.030,0.479,0.491
719000,0.030,0.476,0.494
719500,0.030,0.605,0.365
720000,0.030,0.547,0.423
720500,0.030,0.611,0.359
721000,0.030,0.577,0.393
721500,0.030,0.595,0.375
722000,0.030,0.602,0.368
722500,0.030,0.536,0.434
723000,0.030,0.443,0.527
723500,0.030,0.594,0.376
724000,0.030,0.689,0.281
724500,0.030,0.612,0.358
725000,0.030,0.650,0.320
725500,0.030,0.625,0.345
726000,0.030,0.588,0.382
726500,0.030,0.485,0.485
727000,0.030,0.432,0.538
727500,0.030,0.470,0.500
728000,0.030,0.460,0.510
728500,0.030,0.623,0.347
729000,0.030,0.666,0.304
729500,0.030,0.532,0.438
730000,0.030,0.561,0.409
730500,0.030,0.519,0.451
731000,0.030,0.460,0.510
731500,0.030,0.433,0.537
732000,0.030,0.577,0.393
732500,0.030,0.539,0.431
733000,0.030,0.648,0.322
733500,0.030,0.567,0.403
734000,0.030,0.617,0.353
734500,0.030,0.502,0.468
735000,0.030,0.491,0.479
735500,0.030,0.475,0.495
736000,0.030,0.535,0.435
736500,0.030,0.535,0.435
737000,0.030,0.554,0.416
737500,0.030,0.526,0.444
738000,0.030,0.634,0.336
738500,0.030,0.506,0.464
739000,0.030,0.519,0.451
739500,0.030,0.523,0.447
740000,0.030,0.558,0.412
740500,0.030,0.576,0.394
741000,0.030,0.614,0.356
741500,0.030,0.534,0.436
742000,0.030,0.499,0.471
742500,0.030,0.511,0.459
743000,0.030,0.511,0.459
743500,0.030,0.510,0.460
744000,0.030,0.493,0.477
744500,0.030,0.636,0.334
745000,0.030,0.635,0.335
745500,0.030,0.651,0.319
746000,0.030,0.612,0.358
746500,0.030,0.561,0.409
747000,0.030,0.603,0.367
747500,0.030,0.662,0.308
748000,0.030,0.581,0.389
748500,0.030,0.541,0.429
749000,0.030,0.609,0.361
749500,0.030,0.497,0.473
750000,0.030,0.483,0.487
750500,0.030,0.581,0.389
751000,0.030,0.567,0.403
751500,0.030,0.547,0.423
752000,0.030,0.573,0.397
752500,0.030,0.519,0.451
753000,0.030,0.663,0.307
753500,0.030,0.769,0.201
754000,0.030,0.674,0.296
754500,0.030,0.497,0.473
755000,0.030,0.483,0.487
755500,0.030,0.546,0.424
756000,0.030,0.521,0.449
756500,0.030,0.477,0.493
757000,0.030,0.475,0.495
757500,0.030,0.552,0.418
758000,0.030,0.648,0.322
758500,0.030,0.636,0.334
759000,0.030,0.679,0.291
759500,0.030,0.519,0.451
760000,0.030,0.489,0.481
760500,0.030,0.513,0.457
761000,0.030,0.522,0.448
761500,0.030,0.616,0.354
762000,0.030,0.489,0.481
762500,0.030,0.497,0.473
763000,0.030,0.492,0.478
763500,0.031,0.510,0.459
764000,0.030,0.610,0.360
764500,0.030,0.571,0.399
765000,0.030,0.536,0.434
765500,0.030,0.557,0.413
766000,0.030,0.548,0.422
766500,0.030,0.671,0.299
767000,0.030,0.580,0.390
767500,0.030,0.526,0.444
768000,0.030,0.501,0.469
768500,0.030,0.543,0.427
769000,0.030,0.565,0.405
769500,0.030,0.630,0.340
770000,0.030,0.559,0.411
770500,0.030,0.581,0.389
771000,0.030,0.422,0.548
771500,0.030,0.441,0.529
772000,0.030,0.538,0.432
772500,0.030,0.511,0.459
773000,0.030,0.426,0.544
773500,0.030,0.467,0.503
774000,0.030,0.549,0.421
774500,0.030,0.482,0.488
775000,0.030,0.584,0.386
775500,0.030,0.641,0.329
776000,0.030,0.618,0.352
776500,0.030,0.631,0.339
777000,0.030,0.624,0.346
777500,0.030,0.524,0.446
778000,0.030,0.531,0.439
778500,0.030,0.492,0.478
779000,0.030,0.549,0.421
779500,0.030,0.555,0.415
780000,0.030,0.623,0.347
780500,0.030,0.544,0.426
781000,0.030,0.480,0.490
781500,0.041,0.479,0.480
782000,0.030,0.523,0.447
782500,0.030,0.485,0.485
783000,0.030,0.513,0.457
783500,0.030,0.569,0.401
784000,0.030,0.543,0.427
784500,0.030,0.493,0.477
785000,0.030,0.584,0.386
785500,0.030,0.599,0.371
786000,0.030,0.594,0.376
786500,0.030,0.602,0.368
787000,0.030,0.546,0.424
787500,0.030,0.632,0.338
788000,0.030,0.539,0.431
788500,0.030,0.601,0.369
789000,0.030,0.656,0.314
789500,0.030,0.447,0.523
790000,0.030,0.427,0.543
790500,0.030,0.501,0.469
791000,0.030,0.499,0.471
791500,0.030,0.557,0.413
792000,0.030,0.567,0.403
792500,0.030,0.475,0.495
793000,0.030,0.527,0.443
793500,0.030,0.623,0.347
794000,0.030,0.590,0.380
794500,0.030,0.560,0.410
795000,0.030,0.568,0.402
795500,0.030,0.565,0.405
796000,0.030,0.543,0.427
796500,0.030,0.566,0.404
797000,0.030,0.566,0.404
797500,0.030,0.590,0.380
798000,0.030,0.592,0.378
798500,0.030,0.522,0.448
799000,0.030,0.523,0.447
799500,0.030,0.601,0.369
800000,0.030,0.584,0.386
800500,0.030,0.487,0.483
801000,0.030,0.492,0.478
801500,0.030,0.535,0.435
802000,0.030,0.473,0.497
802500,0.035,0.545,0.420
803000,0.030,0.530,0.440
803500,0.030,0.512,0.458
804000,0.030,0.508,0.462
804500,0.030,0.542,0.428
805000,0.030,0.515,0.455
805500,0.030,0.690,0.280
806000,0.030,0.695,0.275
806500,0.030,0.670,0.300
807000,0.030,0.646,0.324
807500,0.030,0.603,0.367
808000,0.030,0.554,0.416
808500,0.030,0.659,0.311
809000,0.030,0.436,0.534
809500,0.030,0.482,0.488
810000,0.030,0.430,0.540
810500,0.030,0.562,0.408
811000,0.030,0.608,0.362
811500,0.030,0.660,0.310
812000,0.030,0.508,0.462
812500,0.030,0.566,0.404
813000,0.030,0.536,0.434
813500,0.030,0.598,0.372
814000,0.030,0.525,0.445
814500,0.030,0.630,0.340
815000,0.030,0.658,0.312
815500,0.030,0.580,0.390
816000,0.030,0.573,0.397
816500,0.030,0.558,0.412
817000,0.030,0.509,0.461
817500,0.030,0.594,0.376
818000,0.030,0.610,0.360
818500,0.030,0.561,0.409
819000,0.030,0.620,0.350
819500,0.030,0.543,0.427
820000,0.030,0.575,0.395
820500,0.030,0.500,0.470
821000,0.030,0.416,0.554
821500,0.030,0.519,0.451
822000,0.030,0.605,0.365
822500,0.030,0.462,0.508
823000,0.030,0.529,0.441
823500,0.030,0.635,0.335
824000,0.030,0.476,0.494
824500,0.030,0.546,0.424
825000,0.030,0.638,0.332
825500,0.030,0.513,0.457
826000,0.031,0.582,0.387
826500,0.030,0.508,0.462
827000,0.030,0.692,0.278
827500,0.030,0.516,0.454
828000,0.030,0.495,0.475
828500,0.030,0.569,0.401
829000,0.030,0.627,0.343
829500,0.030,0.527,0.443
830000,0.030,0.584,0.386
830500,0.030,0.513,0.457
831000,0.030,0.638,0.332
831500,0.030,0.501,0.469
832000,0.030,0.586,0.384
832500,0.030,0.534,0.436
833000,0.030,0.439,0.531
833500,0.030,0.558,0.412
834000,0.030,0.541,0.429
834500,0.030,0.544,0.426
835000,0.030,0.529,0.441
835500,0.030,0.624,0.346
836000,0.030,0.614,0.356
836500,0.030,0.598,0.372
837000,0.030,0.538,0.432
837500,0.030,0.555,0.415
838000,0.030,0.576,0.394
838500,0.030,0.665,0.305
839000,0.030,0.587,0.383
839500,0.030,0.612,0.358
840000,0.030,0.592,0.378
840500,0.030,0.573,0.397
841000,0.030,0.583,0.387
841500,0.030,0.582,0.388
842000,0.030,0.557,0.413
842500,0.030,0.514,0.456
843000,0.030,0.493,0.477
843500,0.032,0.510,0.458
844000,0.030,0.516,0.454
844500,0.030,0.524,0.446
845000,0.030,0.480,0.490
845500,0.030,0.610,0.360
846000,0.030,0.572,0.398
846500,0.030,0.527,0.443
847000,0.030,0.695,0.275
847500,0.030,0.584,0.386
848000,0.030,0.468,0.502
848500,0.030,0.463,0.507
849000,0.030,0.489,0.481
849500,0.030,0.601,0.369
850000,0.030,0.448,0.522
850500,0.030,0.474,0.496
851000,0.030,0.499,0.471
851500,0.030,0.413,0.557
852000,0.030,0.476,0.494
852500,0.030,0.497,0.473
853000,0.030,0.573,0.397
853500,0.030,0.546,0.424
854000,0.030,0.405,0.565
854500,0.033,0.539,0.428
855000,0.030,0.472,0.498
855500,0.030,0.510,0.460
856000,0.030,0.579,0.391
856500,0.030,0.639,0.331
857000,0.030,0.509,0.461
857500,0.030,0.563,0.407
858000,0.030,0.574,0.396
858500,0.030,0.536,0.434
859000,0.030,0.511,0.459
859500,0.030,0.531,0.439
860000,0.030,0.556,0.414
860500,0.030,0.624,0.346
861000,0.030,0.510,0.460
861500,0.030,0.549,0.421
862000,0.030,0.532,0.438
862500,0.030,0.610,0.360
863000,0.030,0.559,0.411
863500,0.030,0.610,0.360
864000,0.030,0.521,0.449
864500,0.030,0.584,0.386
865000,0.031,0.617,0.352
865500,0.033,0.461,0.506
866000,0.030,0.506,0.464
866500,0.030,0.482,0.488
867000,0.030,0.625,0.345
867500,0.030,0.560,0.410
868000,0.030,0.463,0.507
868500,0.030,0.419,0.551
869000,0.030,0.548,0.422
869500,0.030,0.515,0.455
870000,0.030,0.514,0.456
870500,0.030,0.546,0.424
871000,0.030,0.533,0.437
871500,0.030,0.487,0.483
872000,0.030,0.551,0.419
872500,0.030,0.583,0.387
873000,0.030,0.468,0.502
873500,0.030,0.611,0.359
874000,0.030,0.706,0.264
874500,0.034,0.525,0.441
875000,0.030,0.522,0.448
875500,0.030,0.619,0.351
876000,0.030,0.515,0.455
876500,0.030,0.557,0.413
877000,0.030,0.469,0.501
877500,0.041,0.379,0.580
878000,0.031,0.412,0.557
878500,0.030,0.483,0.487
879000,0.030,0.506,0.464
879500,0.030,0.552,0.418
880000,0.030,0.605,0.365
880500,0.030,0.584,0.386
881000,0.030,0.601,0.369
881500,0.030,0.514,0.456
882000,0.030,0.490,0.480
882500,0.030,0.510,0.460
883000,0.030,0.553,0.417
883500,0.030,0.574,0.396
884000,0.030,0.519,0.451
884500,0.030,0.540,0.430
885000,0.030,0.568,0.402
885500,0.030,0.588,0.382
886000,0.030,0.596,0.374
886500,0.030,0.631,0.339
887000,0.030,0.601,0.369
887500,0.030,0.527,0.443
888000,0.030,0.456,0.514
888500,0.030,0.587,0.383
889000,0.030,0.574,0.396
889500,0.030,0.605,0.365
890000,0.030,0.636,0.334
890500,0.030,0.596,0.374
891000,0.030,0.702,0.268
891500,0.030,0.664,0.306
892000,0.030,0.519,0.451
892500,0.030,0.431,0.539
893000,0.030,0.632,0.338
893500,0.030,0.653,0.317
894000,0.030,0.476,0.494
894500,0.030,0.514,0.456
895000,0.030,0.583,0.387
895500,0.030,0.548,0.422
896000,0.030,0.483,0.487
896500,0.030,0.583,0.387
897000,0.030,0.630,0.340
897500,0.030,0.520,0.450
898000,0.030,0.557,0.413
898500,0.030,0.625,0.345
899000,0.030,0.620,0.350
899500,0.030,0.542,0.428
900000,0.030,0.514,0.456
900500,0.030,0.426,0.544
901000,0.030,0.455,0.515
901500,0.030,0.465,0.505
902000,0.030,0.473,0.497
902500,0.030,0.629,0.341
903000,0.030,0.618,0.352
903500,0.030,0.541,0.429
904000,0.030,0.466,0.504
904500,0.030,0.420,0.550
905000,0.030,0.597,0.373
905500,0.030,0.649,0.321
906000,0.030,0.546,0.424
906500,0.030,0.698,0.272
907000,0.030,0.549,0.421
907500,0.030,0.482,0.488
908000,0.032,0.445,0.523
908500,0.031,0.463,0.506
909000,0.031,0.416,0.553
909500,0.030,0.580,0.390
910000,0.030,0.592,0.378
910500,0.030,0.636,0.334
911000,0.030,0.547,0.423
911500,0.030,0.442,0.528
912000,0.030,0.528,0.442
912500,0.030,0.610,0.360
913000,0.030,0.681,0.289
913500,0.030,0.652,0.318
914000,0.030,0.618,0.352
914500,0.030,0.488,0.482
915000,0.030,0.594,0.376
915500,0.033,0.434,0.533
916000,0.030,0.453,0.517
916500,0.030,0.495,0.475
917000,0.030,0.458,0.512
917500,0.030,0.507,0.463
918000,0.030,0.541,0.429
918500,0.030,0.547,0.423
919000,0.030,0.510,0.460
919500,0.030,0.488,0.482
920000,0.030,0.429,0.541
920500,0.030,0.490,0.480
921000,0.030,0.498,0.472
921500,0.030,0.460,0.510
922000,0.030,0.468,0.502
922500,0.030,0.465,0.505
923000,0.030,0.549,0.421
923500,0.030,0.519,0.451
924000,0.030,0.599,0.371
924500,0.030,0.636,0.334
925000,0.030,0.511,0.459
925500,0.030,0.612,0.358
926000,0.032,0.487,0.481
926500,0.030,0.514,0.456
927000,0.030,0.477,0.493
927500,0.030,0.433,0.537
928000,0.030,0.511,0.459
928500,0.030,0.449,0.521
929000,0.030,0.499,0.471
929500,0.030,0.487,0.483
930000,0.033,0.561,0.406
930500,0.030,0.554,0.416
931000,0.030,0.496,0.474
931500,0.030,0.442,0.528
932000,0.030,0.630,0.340
932500,0.030,0.628,0.342
933000,0.030,0.553,0.417
933500,0.030,0.680,0.290
934000,0.030,0.568,0.402
934500,0.030,0.610,0.360
935000,0.030,0.606,0.364
935500,0.030,0.577,0.393
936000,0.030,0.538,0.432
936500,0.030,0.517,0.453
937000,0.030,0.528,0.442
937500,0.030,0.558,0.412
938000,0.030,0.537,0.433
938500,0.030,0.543,0.427
939000,0.030,0.567,0.403
939500,0.030,0.527,0.443
940000,0.030,0.608,0.362
940500,0.030,0.678,0.292
941000,0.030,0.543,0.427
941500,0.030,0.580,0.390
942000,0.030,0.569,0.401
942500,0.036,0.465,0.499
943000,0.030,0.526,0.444
943500,0.030,0.533,0.437
944000,0.030,0.512,0.458
944500,0.030,0.454,0.516
945000,0.030,0.494,0.476
945500,0.030,0.487,0.483
946000,0.031,0.556,0.413
946500,0.030,0.578,0.392
947000,0.030,0.650,0.320
947500,0.030,0.638,0.332
948000,0.030,0.677,0.293
948500,0.030,0.479,0.491
949000,0.030,0.515,0.455
949500,0.030,0.625,0.345
950000,0.030,0.607,0.363
950500,0.030,0.490,0.480
951000,0.030,0.597,0.373
951500,0.030,0.595,0.375
952000,0.030,0.606,0.364
952500,0.030,0.618,0.352
953000,0.030,0.565,0.405
953500,0.030,0.582,0.388
954000,0.030,0.519,0.451
954500,0.030,0.576,0.394
955000,0.030,0.548,0.422
955500,0.030,0.500,0.470
956000,0.030,0.520,0.450
956500,0.030,0.397,0.573
957000,0.030,0.484,0.486
957500,0.030,0.519,0.451
958000,0.030,0.523,0.447
958500,0.030,0.477,0.493
959000,0.030,0.461,0.509
959500,0.030,0.426,0.544
960000,0.030,0.598,0.372
960500,0.030,0.615,0.355
961000,0.036,0.571,0.393
961500,0.030,0.496,0.474
962000,0.030,0.586,0.384
962500,0.030,0.587,0.383
963000,0.030,0.485,0.485
963500,0.030,0.619,0.351
964000,0.030,0.618,0.352
964500,0.030,0.636,0.334
965000,0.030,0.587,0.383
965500,0.030,0.692,0.278
966000,0.030,0.623,0.347
966500,0.030,0.533,0.437
967000,0.030,0.528,0.442
967500,0.034,0.451,0.515
968000,0.030,0.571,0.399
968500,0.030,0.587,0.383
969000,0.030,0.454,0.516
969500,0.030,0.463,0.507
970000,0.030,0.566,0.404
970500,0.030,0.519,0.451
971000,0.030,0.444,0.526
971500,0.030,0.595,0.375
972000,0.030,0.614,0.356
972500,0.030,0.607,0.363
973000,0.030,0.631,0.339
973500,0.030,0.503,0.467
974000,0.030,0.544,0.426
974500,0.030,0.529,0.441
975000,0.030,0.575,0.395
975500,0.030,0.500,0.470
976000,0.030,0.552,0.418
976500,0.030,0.561,0.409
977000,0.030,0.430,0.540
977500,0.030,0.551,0.419
978000,0.030,0.561,0.409
978500,0.030,0.503,0.467
979000,0.030,0.571,0.399
979500,0.030,0.527,0.443
980000,0.030,0.480,0.490
980500,0.030,0.532,0.438
981000,0.030,0.616,0.354
981500,0.030,0.582,0.388
982000,0.030,0.589,0.381
982500,0.030,0.609,0.361
983000,0.030,0.702,0.268
983500,0.030,0.641,0.329
984000,0.030,0.512,0.458
984500,0.030,0.574,0.396
985000,0.030,0.636,0.334
985500,0.030,0.549,0.421
986000,0.030,0.594,0.376
986500,0.030,0.595,0.375
987000,0.030,0.619,0.351
987500,0.030,0.548,0.422
988000,0.030,0.529,0.441
988500,0.030,0.538,0.432
989000,0.030,0.573,0.397
989500,0.030,0.592,0.378
990000,0.030,0.505,0.465
990500,0.030,0.598,0.372
991000,0.030,0.531,0.439
991500,0.030,0.628,0.342
992000,0.030,0.587,0.383
992500,0.030,0.495,0.475
993000,0.030,0.498,0.472
993500,0.030,0.458,0.512
994000,0.030,0.501,0.469
994500,0.030,0.636,0.334
995000,0.030,0.711,0.259
995500,0.030,0.531,0.439
996000,0.030,0.483,0.487
996500,0.030,0.492,0.478
997000,0.030,0.545,0.425
997500,0.030,0.548,0.422
998000,0.030,0.563,0.407
998500,0.030,0.555,0.415
999000,0.030,0.502,0.468
999500,0.030,0.556,0.414
1000000,0.030,0.531,0.439
