time,n_A+p,n_B,n_AB
500,0.080,0.738,0.182
1000,0.080,0.575,0.346
1500,0.080,0.465,0.456
2000,0.080,0.430,0.490
2500,0.080,0.392,0.528
3000,0.080,0.435,0.485
3500,0.080,0.426,0.494
4000,0.080,0.417,0.503
4500,0.080,0.467,0.453
5000,0.080,0.435,0.485
5500,0.080,0.411,0.509
6000,0.080,0.419,0.501
6500,0.080,0.445,0.475
7000,0.080,0.397,0.523
7500,0.081,0.397,0.523
8000,0.082,0.386,0.532
8500,0.081,0.404,0.516
9000,0.080,0.438,0.483
9500,0.080,0.406,0.514
10000,0.080,0.385,0.535
10500,0.080,0.377,0.544
11000,0.080,0.400,0.520
11500,0.080,0.442,0.479
12000,0.080,0.435,0.485
12500,0.080,0.366,0.554
13000,0.082,0.364,0.554
13500,0.081,0.431,0.488
14000,0.080,0.435,0.485
14500,0.080,0.480,0.440
15000,0.080,0.421,0.499
15500,0.080,0.403,0.517
16000,0.080,0.364,0.556
16500,0.080,0.407,0.513
17000,0.083,0.356,0.560
17500,0.081,0.356,0.563
18000,0.080,0.372,0.548
18500,0.080,0.359,0.561
19000,0.080,0.415,0.505
19500,0.080,0.413,0.507
20000,0.080,0.449,0.471
20500,0.088,0.347,0.565
21000,0.083,0.323,0.595
21500,0.084,0.347,0.569
22000,0.081,0.343,0.576
22500,0.081,0.408,0.511
23000,0.080,0.400,0.520
23500,0.080,0.412,0.508
24000,0.080,0.452,0.469
24500,0.080,0.470,0.450
25000,0.080,0.483,0.437
25500,0.080,0.421,0.499
26000,0.080,0.372,0.548
26500,0.080,0.394,0.526
27000,0.080,0.440,0.481
27500,0.080,0.431,0.489
28000,0.081,0.432,0.487
28500,0.080,0.434,0.486
29000,0.080,0.468,0.453
29500,0.083,0.364,0.552
30000,0.081,0.361,0.558
30500,0.081,0.374,0.545
31000,0.080,0.380,0.540
31500,0.080,0.417,0.503
32000,0.086,0.391,0.523
32500,0.080,0.400,0.520
33000,0.080,0.409,0.511
33500,0.080,0.407,0.513
34000,0.080,0.381,0.539
34500,0.080,0.430,0.490
35000,0.080,0.426,0.494
35500,0.080,0.442,0.479
36000,0.080,0.419,0.501
36500,0.080,0.417,0.503
37000,0.080,0.409,0.511
37500,0.080,0.363,0.556
38000,0.080,0.398,0.522
38500,0.086,0.373,0.541
39000,0.082,0.348,0.571
39500,0.087,0.332,0.581
40000,0.080,0.381,0.540
40500,0.080,0.397,0.524
41000,0.080,0.384,0.536
41500,0.080,0.443,0.478
42000,0.080,0.418,0.502
42500,0.082,0.406,0.512
43000,0.081,0.382,0.538
43500,0.085,0.347,0.568
44000,0.081,0.409,0.510
44500,0.083,0.426,0.491
45000,0.080,0.415,0.505
45500,0.084,0.400,0.517
46000,0.085,0.330,0.585
46500,0.082,0.402,0.516
47000,0.080,0.457,0.463
47500,0.080,0.478,0.442
48000,0.080,0.452,0.468
48500,0.080,0.469,0.452
49000,0.080,0.416,0.504
49500,0.080,0.388,0.532
50000,0.080,0.410,0.510
50500,0.080,0.415,0.505
51000,0.083,0.334,0.583
51500,0.081,0.420,0.499
52000,0.080,0.495,0.425
52500,0.081,0.442,0.478
53000,0.080,0.411,0.509
53500,0.081,0.429,0.490
54000,0.080,0.397,0.523
54500,0.080,0.380,0.540
55000,0.080,0.432,0.488
55500,0.080,0.405,0.516
56000,0.080,0.350,0.570
56500,0.083,0.368,0.549
57000,0.081,0.383,0.536
57500,0.080,0.387,0.533
58000,0.080,0.400,0.520
58500,0.080,0.400,0.520
59000,0.080,0.411,0.509
59500,0.080,0.401,0.519
60000,0.080,0.391,0.530
60500,0.080,0.387,0.533
61000,0.080,0.445,0.475
61500,0.080,0.412,0.508
62000,0.080,0.425,0.495
62500,0.080,0.406,0.514
63000,0.080,0.351,0.569
63500,0.085,0.325,0.591
64000,0.088,0.369,0.543
64500,0.081,0.402,0.518
65000,0.080,0.417,0.503
65500,0.080,0.375,0.545
66000,0.080,0.399,0.521
66500,0.080,0.362,0.558
67000,0.089,0.350,0.560
67500,0.090,0.347,0.563
68000,0.082,0.357,0.561
68500,0.080,0.344,0.577
69000,0.081,0.379,0.540
69500,0.080,0.384,0.536
70000,0.080,0.388,0.532
70500,0.080,0.432,0.488
71000,0.080,0.427,0.493
71500,0.080,0.424,0.496
72000,0.080,0.408,0.512
72500,0.080,0.484,0.436
73000,0.082,0.435,0.483
73500,0.080,0.442,0.479
74000,0.080,0.396,0.524
74500,0.080,0.337,0.584
75000,0.080,0.408,0.512
75500,0.080,0.388,0.532
76000,0.080,0.408,0.512
76500,0.080,0.385,0.535
77000,0.080,0.449,0.472
77500,0.080,0.418,0.502
78000,0.083,0.356,0.561
78500,0.084,0.357,0.559
79000,0.081,0.392,0.527
79500,0.080,0.421,0.499
80000,0.080,0.427,0.493
80500,0.085,0.335,0.581
81000,0.081,0.370,0.548
81500,0.083,0.386,0.531
82000,0.084,0.390,0.526
82500,0.084,0.342,0.574
83000,0.083,0.343,0.575
83500,0.081,0.335,0.585
84000,0.080,0.402,0.518
84500,0.083,0.361,0.556
85000,0.080,0.415,0.505
85500,0.080,0.366,0.554
86000,0.082,0.369,0.549
86500,0.081,0.380,0.540
87000,0.080,0.420,0.500
87500,0.080,0.419,0.501
88000,0.080,0.405,0.516
88500,0.080,0.395,0.525
89000,0.080,0.365,0.555
89500,0.080,0.410,0.510
90000,0.080,0.368,0.552
90500,0.081,0.390,0.530
91000,0.081,0.429,0.490
91500,0.083,0.410,0.508
92000,0.081,0.393,0.526
92500,0.080,0.348,0.572
93000,0.081,0.382,0.538
93500,0.083,0.419,0.498
94000,0.081,0.367,0.552
94500,0.081,0.419,0.500
95000,0.081,0.395,0.525
95500,0.080,0.385,0.535
96000,0.089,0.314,0.597
96500,0.088,0.279,0.633
97000,0.094,0.279,0.627
97500,0.086,0.298,0.616
98000,0.099,0.309,0.592
98500,0.100,0.302,0.598
99000,0.085,0.349,0.566
99500,0.081,0.407,0.512
100000,0.081,0.427,0.492
100500,0.080,0.410,0.510
101000,0.080,0.406,0.514
101500,0.080,0.368,0.552
102000,0.087,0.346,0.567
102500,0.087,0.303,0.610
103000,0.090,0.294,0.616
103500,0.099,0.289,0.613
104000,0.082,0.336,0.582
104500,0.086,0.369,0.545
105000,0.083,0.392,0.526
105500,0.085,0.389,0.526
106000,0.081,0.393,0.526
106500,0.080,0.399,0.522
107000,0.084,0.454,0.463
107500,0.081,0.405,0.514
108000,0.081,0.376,0.544
108500,0.080,0.412,0.508
109000,0.085,0.371,0.544
109500,0.082,0.347,0.572
110000,0.081,0.367,0.552
110500,0.081,0.360,0.559
111000,0.083,0.411,0.506
111500,0.089,0.374,0.537
112000,0.083,0.303,0.614
112500,0.088,0.325,0.587
113000,0.084,0.351,0.566
113500,0.080,0.425,0.495
114000,0.080,0.421,0.499
114500,0.085,0.347,0.569
115000,0.081,0.415,0.504
115500,0.080,0.465,0.456
116000,0.080,0.463,0.457
116500,0.080,0.435,0.485
117000,0.080,0.461,0.459
117500,0.080,0.456,0.465
118000,0.082,0.409,0.509
118500,0.080,0.332,0.589
119000,0.085,0.308,0.607
119500,0.088,0.332,0.580
120000,0.095,0.274,0.632
120500,0.088,0.319,0.593
121000,0.085,0.333,0.583
121500,0.083,0.342,0.575
122000,0.081,0.333,0.587
122500,0.092,0.316,0.591
123000,0.085,0.371,0.544
123500,0.082,0.353,0.566
124000,0.081,0.367,0.552
124500,0.080,0.338,0.583
125000,0.080,0.375,0.545
125500,0.085,0.346,0.569
126000,0.083,0.370,0.547
126500,0.081,0.398,0.522
127000,0.080,0.391,0.530
127500,0.080,0.423,0.497
128000,0.080,0.441,0.479
128500,0.080,0.512,0.408
129000,0.080,0.498,0.422
129500,0.080,0.468,0.453
130000,0.080,0.444,0.477
130500,0.080,0.390,0.530
131000,0.087,0.331,0.583
131500,0.086,0.368,0.545
132000,0.081,0.349,0.570
132500,0.081,0.354,0.565
133000,0.086,0.342,0.573
133500,0.081,0.402,0.518
134000,0.086,0.404,0.510
134500,0.082,0.423,0.495
135000,0.085,0.433,0.482
135500,0.080,0.384,0.536
136000,0.084,0.338,0.578
136500,0.081,0.382,0.538
137000,0.083,0.358,0.558
137500,0.080,0.420,0.500
138000,0.080,0.393,0.528
138500,0.084,0.347,0.569
139000,0.086,0.314,0.600
139500,0.094,0.267,0.639
140000,0.096,0.276,0.629
140500,0.091,0.330,0.579
141000,0.084,0.316,0.601
141500,0.081,0.384,0.535
142000,0.081,0.390,0.530
142500,0.082,0.408,0.510
143000,0.080,0.454,0.466
143500,0.083,0.408,0.510
144000,0.084,0.374,0.542
144500,0.081,0.422,0.497
145000,0.080,0.387,0.534
145500,0.083,0.399,0.519
146000,0.083,0.400,0.518
146500,0.082,0.414,0.504
147000,0.080,0.355,0.565
147500,0.081,0.401,0.518
148000,0.085,0.414,0.501
148500,0.082,0.388,0.531
149000,0.081,0.355,0.564
149500,0.085,0.311,0.604
150000,0.091,0.283,0.625
150500,0.093,0.350,0.556
151000,0.084,0.382,0.534
151500,0.088,0.313,0.599
152000,0.086,0.279,0.634
152500,0.083,0.344,0.573
153000,0.081,0.421,0.498
153500,0.080,0.445,0.475
154000,0.080,0.397,0.523
154500,0.083,0.343,0.575
155000,0.083,0.348,0.569
155500,0.080,0.351,0.569
156000,0.083,0.370,0.546
156500,0.086,0.368,0.546
157000,0.086,0.369,0.545
157500,0.082,0.344,0.574
158000,0.081,0.380,0.540
158500,0.080,0.348,0.572
159000,0.080,0.347,0.573
159500,0.080,0.405,0.515
160000,0.080,0.439,0.482
160500,0.084,0.471,0.445
161000,0.081,0.439,0.481
161500,0.084,0.388,0.528
162000,0.080,0.463,0.457
162500,0.080,0.421,0.499
163000,0.080,0.406,0.514
163500,0.080,0.396,0.524
164000,0.084,0.343,0.573
164500,0.091,0.314,0.595
165000,0.087,0.370,0.542
165500,0.081,0.413,0.506
166000,0.080,0.410,0.510
166500,0.080,0.412,0.508
167000,0.080,0.419,0.501
167500,0.080,0.402,0.518
168000,0.086,0.393,0.521
168500,0.083,0.395,0.523
169000,0.086,0.365,0.548
169500,0.081,0.410,0.509
170000,0.084,0.308,0.608
170500,0.086,0.340,0.574
171000,0.084,0.317,0.599
171500,0.083,0.317,0.601
172000,0.086,0.370,0.543
172500,0.082,0.414,0.504
173000,0.080,0.418,0.502
173500,0.083,0.368,0.549
174000,0.086,0.346,0.569
174500,0.086,0.376,0.538
175000,0.084,0.331,0.585
175500,0.086,0.319,0.595
176000,0.083,0.392,0.525
176500,0.080,0.372,0.548
177000,0.080,0.394,0.526
177500,0.084,0.309,0.607
178000,0.088,0.408,0.503
178500,0.082,0.369,0.549
179000,0.081,0.295,0.624
179500,0.080,0.413,0.507
180000,0.080,0.357,0.563
180500,0.080,0.383,0.538
181000,0.080,0.416,0.504
181500,0.080,0.476,0.444
182000,0.080,0.372,0.548
182500,0.086,0.394,0.520
183000,0.085,0.373,0.542
183500,0.081,0.354,0.565
184000,0.083,0.344,0.573
184500,0.081,0.391,0.528
185000,0.083,0.374,0.543
185500,0.082,0.357,0.561
186000,0.081,0.310,0.609
186500,0.082,0.352,0.567
187000,0.082,0.400,0.518
187500,0.080,0.396,0.524
188000,0.083,0.392,0.525
188500,0.081,0.448,0.472
189000,0.080,0.430,0.490
189500,0.080,0.406,0.514
190000,0.085,0.407,0.508
190500,0.083,0.351,0.566
191000,0.085,0.402,0.513
191500,0.081,0.360,0.558
192000,0.080,0.436,0.484
192500,0.080,0.418,0.502
193000,0.080,0.421,0.499
193500,0.080,0.443,0.478
194000,0.085,0.371,0.544
194500,0.085,0.386,0.529
195000,0.081,0.441,0.479
195500,0.081,0.451,0.469
196000,0.080,0.429,0.491
196500,0.080,0.410,0.510
197000,0.080,0.430,0.490
197500,0.080,0.449,0.471
198000,0.080,0.436,0.484
198500,0.080,0.394,0.526
199000,0.080,0.418,0.502
199500,0.080,0.396,0.524
200000,0.083,0.428,0.489
200500,0.081,0.395,0.524
201000,0.082,0.372,0.546
201500,0.083,0.302,0.615
202000,0.094,0.341,0.565
202500,0.096,0.310,0.594
203000,0.084,0.357,0.559
203500,0.081,0.377,0.543
204000,0.086,0.382,0.532
204500,0.081,0.440,0.479
205000,0.082,0.425,0.493
205500,0.081,0.418,0.501
206000,0.084,0.378,0.538
206500,0.080,0.422,0.498
207000,0.080,0.392,0.528
207500,0.081,0.412,0.507
208000,0.080,0.468,0.453
208500,0.080,0.391,0.529
209000,0.080,0.405,0.516
209500,0.080,0.328,0.593
210000,0.080,0.390,0.530
210500,0.080,0.401,0.519
211000,0.081,0.359,0.560
211500,0.080,0.351,0.569
212000,0.080,0.445,0.476
212500,0.080,0.412,0.508
213000,0.080,0.348,0.572
213500,0.081,0.373,0.546
214000,0.086,0.337,0.577
214500,0.082,0.359,0.559
215000,0.081,0.413,0.506
215500,0.080,0.439,0.481
216000,0.080,0.468,0.453
216500,0.080,0.459,0.462
217000,0.084,0.377,0.539
217500,0.081,0.402,0.518
218000,0.084,0.401,0.515
218500,0.081,0.395,0.525
219000,0.080,0.383,0.537
219500,0.080,0.472,0.448
220000,0.080,0.461,0.460
220500,0.080,0.437,0.483
221000,0.080,0.368,0.552
221500,0.080,0.470,0.450
222000,0.080,0.478,0.442
222500,0.080,0.451,0.469
223000,0.080,0.391,0.529
223500,0.080,0.459,0.461
224000,0.080,0.498,0.422
224500,0.080,0.459,0.461
225000,0.080,0.474,0.446
225500,0.080,0.434,0.486
226000,0.080,0.497,0.423
226500,0.080,0.441,0.479
227000,0.084,0.397,0.520
227500,0.081,0.413,0.506
228000,0.081,0.389,0.531
228500,0.081,0.441,0.479
229000,0.080,0.405,0.516
229500,0.080,0.415,0.505
230000,0.080,0.467,0.454
230500,0.080,0.378,0.542
231000,0.080,0.389,0.531
231500,0.081,0.369,0.550
232000,0.081,0.429,0.490
232500,0.080,0.449,0.471
233000,0.084,0.450,0.467
233500,0.082,0.405,0.514
234000,0.080,0.453,0.468
234500,0.080,0.414,0.506
235000,0.085,0.432,0.483
235500,0.082,0.368,0.550
236000,0.081,0.367,0.552
236500,0.080,0.303,0.617
237000,0.088,0.306,0.606
237500,0.081,0.338,0.581
238000,0.088,0.299,0.613
238500,0.092,0.275,0.633
239000,0.095,0.305,0.600
239500,0.133,0.161,0.706
240000,0.292,0.059,0.649
240500,0.703,0.009,0.289
241000,0.928,0.001,0.071
241500,0.989,0.001,0.011
242000,0.999,0.000,0.001
242500,1.000,0.000,0.000
