time,n_A+p,n_B,n_AB
500,0.080,0.641,0.279
1000,0.080,0.397,0.523
1500,0.096,0.230,0.674
2000,0.119,0.141,0.740
2500,0.159,0.078,0.763
3000,0.293,0.019,0.687
3500,0.497,0.004,0.499
4000,0.547,0.001,0.452
4500,0.591,0.000,0.409
5000,0.612,0.000,0.388
5500,0.648,0.000,0.352
6000,0.655,0.000,0.345
6500,0.684,0.000,0.316
7000,0.746,0.000,0.254
7500,0.816,0.000,0.184
8000,0.890,0.000,0.110
8500,0.909,0.000,0.091
9000,0.943,0.000,0.057
9500,0.966,0.000,0.034
10000,0.966,0.000,0.034
10500,0.963,0.000,0.037
11000,0.925,0.000,0.075
11500,0.931,0.000,0.069
12000,0.914,0.000,0.086
12500,0.916,0.000,0.084
13000,0.928,0.000,0.072
13500,0.960,0.000,0.040
14000,0.963,0.000,0.037
14500,0.930,0.000,0.070
15000,0.929,0.000,0.071
15500,0.903,0.000,0.097
16000,0.868,0.000,0.132
16500,0.847,0.000,0.153
17000,0.900,0.000,0.100
17500,0.853,0.000,0.147
18000,0.873,0.000,0.127
18500,0.935,0.000,0.065
19000,0.929,0.000,0.071
19500,0.882,0.000,0.118
20000,0.859,0.000,0.141
20500,0.863,0.000,0.137
21000,0.930,0.000,0.070
21500,0.918,0.000,0.082
22000,0.918,0.000,0.082
22500,0.927,0.000,0.073
23000,0.903,0.000,0.097
23500,0.932,0.000,0.068
24000,0.964,0.000,0.036
24500,0.976,0.000,0.024
25000,0.972,0.000,0.028
25500,0.946,0.000,0.054
26000,0.946,0.000,0.054
26500,0.943,0.000,0.057
27000,0.928,0.000,0.072
27500,0.931,0.000,0.069
28000,0.955,0.000,0.045
28500,0.947,0.000,0.053
29000,0.936,0.000,0.064
29500,0.925,0.000,0.075
30000,0.908,0.000,0.092
30500,0.918,0.000,0.082
31000,0.918,0.000,0.082
31500,0.888,0.000,0.112
32000,0.900,0.000,0.100
32500,0.932,0.000,0.068
33000,0.959,0.000,0.041
33500,0.967,0.000,0.033
34000,0.929,0.000,0.071
34500,0.921,0.000,0.079
35000,0.882,0.000,0.118
35500,0.849,0.000,0.151
36000,0.865,0.000,0.135
36500,0.906,0.000,0.094
37000,0.870,0.000,0.130
37500,0.850,0.000,0.150
38000,0.894,0.000,0.106
38500,0.906,0.000,0.094
39000,0.866,0.000,0.134
39500,0.883,0.000,0.117
40000,0.856,0.000,0.144
40500,0.884,0.000,0.116
41000,0.880,0.000,0.120
41500,0.886,0.000,0.114
42000,0.912,0.000,0.088
42500,0.918,0.000,0.082
43000,0.944,0.000,0.056
43500,0.956,0.000,0.044
44000,0.976,0.000,0.024
44500,0.988,0.000,0.012
45000,0.997,0.000,0.003
45500,0.990,0.000,0.010
46000,0.990,0.000,0.010
46500,0.998,0.000,0.002
47000,1.000,0.000,0.000
47500,1.000,0.000,0.000
