time,n_A+p,n_B,n_AB
500,0.030,0.344,0.626
1000,0.030,0.265,0.705
1500,0.030,0.316,0.654
2000,0.030,0.233,0.737
2500,0.030,0.276,0.694
3000,0.030,0.253,0.717
3500,0.030,0.371,0.599
4000,0.030,0.340,0.630
4500,0.030,0.274,0.696
5000,0.030,0.214,0.756
5500,0.030,0.336,0.634
6000,0.030,0.390,0.580
6500,0.030,0.290,0.680
7000,0.030,0.192,0.778
7500,0.030,0.265,0.705
8000,0.030,0.251,0.719
8500,0.030,0.246,0.724
9000,0.030,0.307,0.663
9500,0.030,0.375,0.595
10000,0.030,0.298,0.672
10500,0.030,0.210,0.760
11000,0.030,0.343,0.627
11500,0.030,0.434,0.536
12000,0.030,0.251,0.719
12500,0.030,0.387,0.583
13000,0.030,0.442,0.528
13500,0.030,0.127,0.843
14000,0.030,0.284,0.686
14500,0.030,0.286,0.684
15000,0.030,0.330,0.640
15500,0.030,0.355,0.615
16000,0.030,0.269,0.701
16500,0.030,0.266,0.704
17000,0.030,0.488,0.482
17500,0.030,0.369,0.601
18000,0.030,0.364,0.606
18500,0.030,0.315,0.655
19000,0.030,0.232,0.738
19500,0.030,0.161,0.809
20000,0.030,0.250,0.720
20500,0.030,0.193,0.777
21000,0.030,0.441,0.529
21500,0.030,0.289,0.681
22000,0.030,0.361,0.609
22500,0.030,0.318,0.652
23000,0.030,0.168,0.802
23500,0.030,0.266,0.704
24000,0.030,0.311,0.659
24500,0.030,0.331,0.639
25000,0.030,0.407,0.563
25500,0.030,0.327,0.643
26000,0.030,0.323,0.647
26500,0.030,0.239,0.731
27000,0.030,0.353,0.617
27500,0.030,0.287,0.683
28000,0.030,0.177,0.793
28500,0.030,0.199,0.771
29000,0.030,0.369,0.601
29500,0.030,0.282,0.688
30000,0.030,0.455,0.515
30500,0.030,0.297,0.673
31000,0.030,0.196,0.774
31500,0.030,0.296,0.674
32000,0.030,0.489,0.481
32500,0.030,0.231,0.739
33000,0.030,0.305,0.665
33500,0.030,0.264,0.706
34000,0.030,0.284,0.686
34500,0.030,0.373,0.597
35000,0.030,0.295,0.675
35500,0.030,0.315,0.655
36000,0.030,0.328,0.642
36500,0.030,0.295,0.675
37000,0.030,0.172,0.798
37500,0.030,0.349,0.621
38000,0.030,0.284,0.686
38500,0.030,0.420,0.550
39000,0.041,0.108,0.851
39500,0.030,0.280,0.690
40000,0.030,0.198,0.772
40500,0.030,0.196,0.774
41000,0.030,0.259,0.711
41500,0.030,0.271,0.699
42000,0.030,0.263,0.707
42500,0.030,0.414,0.556
43000,0.030,0.240,0.730
43500,0.030,0.375,0.595
44000,0.030,0.334,0.636
44500,0.030,0.152,0.818
45000,0.030,0.270,0.700
45500,0.030,0.189,0.781
46000,0.030,0.319,0.651
46500,0.030,0.390,0.580
47000,0.030,0.368,0.602
47500,0.030,0.399,0.571
48000,0.030,0.208,0.762
48500,0.030,0.354,0.616
49000,0.030,0.284,0.686
49500,0.030,0.214,0.756
50000,0.030,0.168,0.802
50500,0.030,0.311,0.659
51000,0.030,0.370,0.600
51500,0.030,0.302,0.668
52000,0.030,0.493,0.477
52500,0.030,0.262,0.708
53000,0.030,0.307,0.663
53500,0.030,0.188,0.782
54000,0.030,0.311,0.659
54500,0.030,0.277,0.693
55000,0.030,0.429,0.541
55500,0.030,0.293,0.677
56000,0.030,0.256,0.714
56500,0.030,0.552,0.418
57000,0.030,0.262,0.708
57500,0.030,0.306,0.664
58000,0.030,0.335,0.635
58500,0.030,0.289,0.681
59000,0.030,0.392,0.578
59500,0.030,0.330,0.640
60000,0.030,0.283,0.687
60500,0.030,0.180,0.790
61000,0.030,0.462,0.508
61500,0.030,0.294,0.676
62000,0.030,0.340,0.630
62500,0.030,0.345,0.625
63000,0.030,0.260,0.710
63500,0.030,0.226,0.744
64000,0.030,0.373,0.597
64500,0.030,0.330,0.640
65000,0.030,0.206,0.764
65500,0.030,0.262,0.708
66000,0.030,0.392,0.578
66500,0.030,0.263,0.707
67000,0.030,0.456,0.514
67500,0.030,0.200,0.770
68000,0.030,0.357,0.613
68500,0.030,0.190,0.780
69000,0.030,0.146,0.824
69500,0.030,0.161,0.809
70000,0.030,0.425,0.545
70500,0.030,0.259,0.711
71000,0.030,0.312,0.658
71500,0.030,0.295,0.675
72000,0.030,0.279,0.691
72500,0.030,0.444,0.526
73000,0.030,0.227,0.743
73500,0.035,0.204,0.761
74000,0.030,0.419,0.551
74500,0.030,0.323,0.647
75000,0.030,0.252,0.718
75500,0.030,0.265,0.705
76000,0.030,0.326,0.644
76500,0.030,0.132,0.838
77000,0.030,0.217,0.753
77500,0.030,0.237,0.733
78000,0.030,0.242,0.728
78500,0.030,0.191,0.779
79000,0.030,0.514,0.456
79500,0.030,0.343,0.627
80000,0.030,0.274,0.696
80500,0.030,0.337,0.633
81000,0.030,0.241,0.729
81500,0.030,0.357,0.613
82000,0.030,0.363,0.607
82500,0.030,0.191,0.779
83000,0.030,0.355,0.615
83500,0.030,0.513,0.457
84000,0.030,0.373,0.597
84500,0.030,0.399,0.571
85000,0.030,0.457,0.513
85500,0.030,0.284,0.686
86000,0.030,0.297,0.673
86500,0.030,0.224,0.746
87000,0.030,0.286,0.684
87500,0.030,0.272,0.698
88000,0.030,0.417,0.553
88500,0.030,0.142,0.828
89000,0.030,0.212,0.758
89500,0.030,0.333,0.637
90000,0.030,0.290,0.680
90500,0.030,0.335,0.635
91000,0.030,0.451,0.519
91500,0.030,0.328,0.642
92000,0.030,0.320,0.650
92500,0.030,0.272,0.698
93000,0.030,0.340,0.630
93500,0.030,0.464,0.506
94000,0.030,0.269,0.701
94500,0.030,0.408,0.562
95000,0.030,0.315,0.655
95500,0.030,0.411,0.559
96000,0.030,0.252,0.718
96500,0.030,0.331,0.639
97000,0.030,0.200,0.770
97500,0.030,0.220,0.750
98000,0.030,0.416,0.554
98500,0.836,0.001,0.163
99000,1.000,0.000,0.000
