time,n_A+p,n_B,n_AB
500,0.050,0.387,0.563
1000,0.050,0.360,0.590
1500,0.050,0.362,0.588
2000,0.050,0.345,0.605
2500,0.050,0.230,0.720
3000,0.050,0.394,0.556
3500,0.050,0.326,0.624
4000,0.050,0.347,0.603
4500,0.050,0.342,0.608
5000,0.050,0.225,0.725
5500,0.050,0.380,0.570
6000,0.050,0.361,0.589
6500,0.050,0.250,0.700
7000,0.052,0.222,0.726
7500,0.050,0.265,0.685
8000,0.050,0.342,0.608
8500,0.050,0.305,0.645
9000,0.050,0.438,0.512
9500,0.050,0.441,0.509
10000,0.050,0.424,0.526
10500,0.050,0.330,0.620
11000,0.050,0.268,0.682
11500,0.050,0.339,0.611
12000,0.060,0.225,0.715
12500,0.050,0.402,0.548
13000,0.050,0.271,0.679
13500,0.050,0.424,0.526
14000,0.050,0.270,0.680
14500,0.050,0.346,0.604
15000,0.050,0.369,0.581
15500,0.050,0.268,0.682
16000,0.050,0.407,0.543
16500,0.050,0.285,0.665
17000,0.050,0.346,0.604
17500,0.050,0.395,0.555
18000,0.050,0.380,0.570
18500,0.050,0.251,0.699
19000,0.050,0.466,0.484
19500,0.050,0.224,0.726
20000,0.050,0.291,0.659
20500,0.050,0.387,0.563
21000,0.050,0.264,0.686
21500,0.050,0.378,0.572
22000,0.050,0.371,0.579
22500,0.050,0.375,0.575
23000,0.050,0.267,0.683
23500,0.050,0.389,0.561
24000,0.050,0.303,0.647
24500,0.050,0.288,0.662
25000,0.050,0.329,0.621
25500,0.050,0.429,0.521
26000,0.050,0.422,0.528
26500,0.050,0.520,0.430
27000,0.050,0.338,0.612
27500,0.050,0.416,0.534
28000,0.050,0.299,0.651
28500,0.050,0.289,0.661
29000,0.050,0.449,0.501
29500,0.050,0.503,0.447
30000,0.050,0.380,0.570
30500,0.050,0.322,0.628
31000,0.050,0.197,0.753
31500,0.050,0.241,0.709
32000,0.050,0.389,0.561
32500,0.050,0.365,0.585
33000,0.050,0.426,0.524
33500,0.050,0.277,0.673
34000,0.050,0.341,0.609
34500,0.050,0.312,0.638
35000,0.050,0.385,0.565
35500,0.050,0.430,0.520
36000,0.050,0.358,0.592
36500,0.050,0.280,0.670
37000,0.050,0.199,0.751
37500,0.050,0.427,0.523
38000,0.051,0.317,0.632
38500,0.050,0.420,0.530
39000,0.050,0.316,0.634
39500,0.051,0.388,0.561
40000,0.050,0.352,0.598
40500,0.050,0.395,0.555
41000,0.050,0.335,0.615
41500,0.050,0.390,0.560
42000,0.050,0.328,0.622
42500,0.050,0.318,0.632
43000,0.050,0.250,0.700
43500,0.050,0.381,0.569
44000,0.050,0.420,0.530
44500,0.050,0.319,0.631
45000,0.050,0.395,0.555
45500,0.050,0.388,0.562
46000,0.050,0.287,0.663
46500,0.050,0.321,0.629
47000,0.050,0.417,0.533
47500,0.050,0.258,0.692
48000,0.050,0.438,0.512
48500,0.050,0.449,0.501
49000,0.050,0.406,0.544
49500,0.050,0.414,0.536
50000,0.050,0.299,0.651
50500,0.050,0.290,0.660
51000,0.050,0.514,0.436
51500,0.050,0.275,0.675
52000,0.050,0.295,0.655
52500,0.051,0.345,0.604
53000,0.050,0.315,0.635
53500,0.050,0.398,0.552
54000,0.050,0.293,0.657
54500,0.050,0.378,0.572
55000,0.050,0.334,0.616
55500,0.050,0.504,0.446
56000,0.050,0.442,0.508
56500,0.050,0.252,0.698
57000,0.050,0.330,0.620
57500,0.050,0.313,0.637
58000,0.050,0.266,0.684
58500,0.050,0.294,0.656
59000,0.050,0.372,0.578
59500,0.050,0.348,0.602
60000,0.050,0.415,0.535
60500,0.050,0.554,0.396
61000,0.050,0.425,0.525
61500,0.050,0.396,0.554
62000,0.050,0.201,0.749
62500,0.858,0.001,0.141
63000,0.999,0.000,0.001
63500,1.000,0.000,0.000
