time,n_A+p,n_B,n_AB
500,0.050,0.510,0.440
1000,0.050,0.264,0.686
1500,0.053,0.174,0.773
2000,0.053,0.325,0.622
2500,0.050,0.227,0.723
3000,0.055,0.341,0.604
3500,0.053,0.204,0.743
4000,0.050,0.338,0.612
4500,0.050,0.272,0.678
5000,0.050,0.385,0.565
5500,0.050,0.336,0.614
6000,0.050,0.244,0.706
6500,0.050,0.358,0.592
7000,0.050,0.264,0.686
7500,0.050,0.263,0.687
8000,0.069,0.161,0.770
8500,0.176,0.049,0.775
9000,1.000,0.000,0.000
