time,n_A+p,n_B,n_AB
500,0.080,0.211,0.709
1000,0.200,0.014,0.786
1500,0.406,0.000,0.594
2000,0.464,0.000,0.536
2500,0.567,0.000,0.433
3000,0.551,0.000,0.449
3500,0.483,0.000,0.517
4000,0.652,0.000,0.348
4500,0.571,0.000,0.429
5000,0.527,0.000,0.473
5500,0.381,0.000,0.619
6000,0.488,0.000,0.512
6500,0.644,0.000,0.356
7000,0.606,0.000,0.394
7500,0.500,0.000,0.500
8000,0.528,0.000,0.472
8500,0.518,0.000,0.482
9000,0.609,0.000,0.391
9500,0.560,0.000,0.440
10000,0.632,0.000,0.368
10500,0.501,0.000,0.499
11000,0.486,0.000,0.514
11500,0.503,0.000,0.497
12000,0.562,0.000,0.438
12500,0.633,0.000,0.367
13000,0.487,0.000,0.513
13500,0.586,0.000,0.414
14000,0.550,0.000,0.450
14500,0.531,0.000,0.469
15000,0.608,0.000,0.392
15500,0.621,0.000,0.379
16000,0.511,0.000,0.489
16500,0.465,0.000,0.535
17000,0.460,0.000,0.540
17500,0.536,0.000,0.464
18000,0.509,0.000,0.491
18500,0.491,0.000,0.509
19000,0.415,0.000,0.585
19500,0.368,0.000,0.632
20000,0.366,0.000,0.634
20500,0.417,0.000,0.583
21000,0.466,0.000,0.534
21500,0.495,0.000,0.505
22000,0.416,0.000,0.584
22500,0.477,0.000,0.523
23000,0.561,0.000,0.439
23500,0.506,0.000,0.494
24000,0.557,0.000,0.443
24500,0.595,0.000,0.405
25000,0.572,0.000,0.428
25500,0.554,0.000,0.446
26000,0.554,0.000,0.446
26500,0.450,0.000,0.550
27000,0.428,0.000,0.572
27500,0.413,0.000,0.587
28000,0.507,0.000,0.493
28500,0.585,0.000,0.415
29000,0.563,0.000,0.437
29500,0.471,0.000,0.529
30000,0.471,0.000,0.529
30500,0.472,0.000,0.528
31000,0.509,0.000,0.491
31500,0.483,0.000,0.517
32000,0.395,0.000,0.605
32500,0.509,0.000,0.491
33000,0.548,0.000,0.452
33500,0.538,0.000,0.462
34000,0.460,0.000,0.540
34500,0.440,0.000,0.560
35000,0.522,0.000,0.478
35500,0.545,0.000,0.455
36000,0.519,0.000,0.481
36500,0.428,0.000,0.572
37000,0.486,0.000,0.514
37500,0.434,0.000,0.566
38000,0.403,0.000,0.597
38500,0.448,0.000,0.552
39000,0.438,0.000,0.562
39500,0.498,0.000,0.502
40000,0.628,0.000,0.372
40500,0.569,0.000,0.431
41000,0.515,0.000,0.485
41500,0.518,0.000,0.482
42000,0.487,0.000,0.513
42500,0.519,0.000,0.481
43000,0.481,0.000,0.519
43500,0.376,0.000,0.624
44000,0.451,0.000,0.549
44500,0.492,0.000,0.508
45000,0.506,0.000,0.494
45500,0.551,0.000,0.449
46000,0.464,0.000,0.536
46500,0.477,0.000,0.523
47000,0.508,0.000,0.492
47500,0.475,0.000,0.525
48000,0.488,0.000,0.512
48500,0.484,0.000,0.516
49000,0.621,0.000,0.379
49500,0.529,0.000,0.471
50000,0.489,0.000,0.511
50500,0.425,0.000,0.575
51000,0.453,0.000,0.547
51500,0.536,0.000,0.464
52000,0.585,0.000,0.415
52500,0.573,0.000,0.427
53000,0.469,0.000,0.531
53500,0.532,0.000,0.468
54000,0.550,0.000,0.450
54500,0.425,0.000,0.575
55000,0.563,0.000,0.437
55500,0.539,0.000,0.461
56000,0.461,0.000,0.539
56500,0.467,0.000,0.533
57000,0.482,0.000,0.518
57500,0.454,0.000,0.546
58000,0.493,0.000,0.507
58500,0.548,0.000,0.452
59000,0.544,0.000,0.456
59500,0.571,0.000,0.429
60000,0.561,0.000,0.439
60500,0.593,0.000,0.407
61000,0.555,0.000,0.445
61500,0.462,0.000,0.538
62000,0.463,0.000,0.537
62500,0.505,0.000,0.495
63000,0.511,0.000,0.489
63500,0.401,0.000,0.599
64000,0.462,0.000,0.538
64500,0.478,0.000,0.522
65000,0.450,0.000,0.550
65500,0.454,0.000,0.546
66000,0.447,0.000,0.553
66500,0.482,0.000,0.518
67000,0.413,0.000,0.587
67500,0.581,0.000,0.419
68000,0.497,0.000,0.503
68500,0.395,0.000,0.605
69000,0.575,0.000,0.425
69500,0.543,0.000,0.457
70000,0.498,0.000,0.502
70500,0.513,0.000,0.487
71000,0.567,0.000,0.433
71500,0.577,0.000,0.423
72000,0.398,0.000,0.602
72500,0.495,0.000,0.505
73000,0.522,0.000,0.478
73500,0.469,0.000,0.531
74000,0.423,0.000,0.577
74500,0.495,0.000,0.505
75000,0.490,0.000,0.510
75500,0.435,0.000,0.565
76000,0.518,0.000,0.482
76500,0.600,0.000,0.400
77000,0.469,0.000,0.531
77500,0.554,0.000,0.446
78000,0.419,0.000,0.581
78500,0.433,0.000,0.567
79000,0.425,0.000,0.575
79500,0.544,0.000,0.456
80000,0.485,0.000,0.515
80500,0.548,0.000,0.452
81000,0.567,0.000,0.433
81500,0.519,0.000,0.481
82000,0.405,0.000,0.595
82500,0.488,0.000,0.512
83000,0.490,0.000,0.510
83500,0.634,0.000,0.366
84000,0.534,0.000,0.466
84500,0.447,0.000,0.553
85000,0.352,0.000,0.648
85500,0.503,0.000,0.497
86000,0.481,0.000,0.519
86500,0.511,0.000,0.489
87000,0.491,0.000,0.509
87500,0.568,0.000,0.432
88000,0.586,0.000,0.414
88500,0.425,0.000,0.575
89000,0.470,0.000,0.530
89500,0.447,0.000,0.553
90000,0.517,0.000,0.483
90500,0.412,0.000,0.588
91000,0.473,0.000,0.527
91500,0.572,0.000,0.428
92000,0.507,0.000,0.493
92500,0.515,0.000,0.485
93000,0.487,0.000,0.513
93500,0.486,0.000,0.514
94000,0.455,0.000,0.545
94500,0.483,0.000,0.517
95000,0.630,0.000,0.370
95500,0.485,0.000,0.515
96000,0.430,0.000,0.570
96500,0.332,0.000,0.668
97000,0.537,0.000,0.463
97500,0.635,0.000,0.365
98000,0.603,0.000,0.397
98500,0.446,0.000,0.554
99000,0.361,0.000,0.639
99500,0.378,0.000,0.622
100000,0.443,0.000,0.557
100500,0.496,0.000,0.504
101000,0.541,0.000,0.459
101500,0.538,0.000,0.462
102000,0.499,0.000,0.501
102500,0.597,0.000,0.403
103000,0.553,0.000,0.447
103500,0.585,0.000,0.415
104000,0.630,0.000,0.370
104500,0.467,0.000,0.533
105000,0.594,0.000,0.406
105500,0.695,0.000,0.305
106000,0.582,0.000,0.418
106500,0.425,0.000,0.575
107000,0.498,0.000,0.502
107500,0.446,0.000,0.554
108000,0.521,0.000,0.479
108500,0.483,0.000,0.517
109000,0.469,0.000,0.531
109500,0.366,0.000,0.634
110000,0.413,0.000,0.587
110500,0.597,0.000,0.403
111000,0.552,0.000,0.448
111500,0.628,0.000,0.372
112000,0.567,0.000,0.433
112500,0.307,0.015,0.678
113000,0.533,0.000,0.467
113500,0.536,0.000,0.464
114000,0.547,0.000,0.453
114500,0.476,0.000,0.524
115000,0.581,0.000,0.419
115500,0.391,0.000,0.609
116000,0.479,0.000,0.521
116500,0.502,0.000,0.498
117000,0.517,0.000,0.483
117500,0.547,0.000,0.453
118000,0.460,0.000,0.540
118500,0.483,0.000,0.517
119000,0.507,0.000,0.493
119500,0.504,0.000,0.496
120000,0.607,0.000,0.393
120500,0.518,0.000,0.482
121000,0.525,0.000,0.475
121500,0.581,0.000,0.419
122000,0.606,0.000,0.394
122500,0.526,0.000,0.474
123000,0.509,0.000,0.491
123500,0.497,0.000,0.503
124000,0.536,0.000,0.464
124500,0.360,0.000,0.640
125000,0.440,0.000,0.560
125500,0.458,0.000,0.542
126000,0.509,0.000,0.491
126500,0.452,0.000,0.548
127000,0.526,0.000,0.474
127500,0.496,0.000,0.504
128000,0.451,0.000,0.549
128500,0.436,0.000,0.564
129000,0.597,0.000,0.403
129500,0.596,0.000,0.404
130000,0.565,0.000,0.435
130500,0.375,0.000,0.625
131000,0.455,0.000,0.545
131500,0.451,0.000,0.549
132000,0.478,0.000,0.522
132500,0.492,0.000,0.508
133000,0.499,0.000,0.501
133500,0.531,0.000,0.469
134000,0.470,0.000,0.530
134500,0.537,0.000,0.463
135000,0.577,0.000,0.423
135500,0.531,0.000,0.469
136000,0.431,0.000,0.569
136500,0.489,0.000,0.511
137000,0.485,0.000,0.515
137500,0.595,0.000,0.405
138000,0.693,0.000,0.307
138500,0.622,0.000,0.378
139000,0.550,0.000,0.450
139500,0.472,0.000,0.528
140000,0.416,0.000,0.584
140500,0.482,0.000,0.518
141000,0.497,0.000,0.503
141500,0.489,0.000,0.511
142000,0.579,0.000,0.421
142500,0.499,0.000,0.501
143000,0.557,0.000,0.443
143500,0.474,0.000,0.526
144000,0.414,0.000,0.586
144500,0.547,0.000,0.453
145000,0.474,0.000,0.526
145500,0.477,0.000,0.523
146000,0.492,0.000,0.508
146500,0.575,0.000,0.425
147000,0.623,0.000,0.377
147500,0.464,0.000,0.536
148000,0.578,0.000,0.422
148500,0.522,0.000,0.478
149000,0.415,0.000,0.585
149500,0.524,0.000,0.476
150000,0.487,0.000,0.513
150500,0.643,0.000,0.357
151000,0.471,0.000,0.529
151500,0.456,0.000,0.544
152000,0.506,0.000,0.494
152500,0.500,0.000,0.500
153000,0.517,0.000,0.483
153500,0.532,0.000,0.468
154000,0.461,0.000,0.539
154500,0.542,0.000,0.458
155000,0.582,0.000,0.418
155500,0.518,0.000,0.482
156000,0.573,0.000,0.427
156500,0.510,0.000,0.490
157000,0.472,0.000,0.528
157500,0.526,0.000,0.474
158000,0.468,0.000,0.532
158500,0.437,0.000,0.563
159000,0.522,0.000,0.478
159500,0.557,0.000,0.443
160000,0.558,0.000,0.442
160500,0.503,0.000,0.497
161000,0.426,0.000,0.574
161500,0.494,0.000,0.506
162000,0.556,0.000,0.444
162500,0.502,0.000,0.498
163000,0.399,0.000,0.601
163500,0.432,0.000,0.568
164000,0.538,0.000,0.462
164500,0.519,0.000,0.481
165000,0.449,0.000,0.551
165500,0.508,0.000,0.492
166000,0.462,0.000,0.538
166500,0.399,0.000,0.601
167000,0.382,0.000,0.618
167500,0.346,0.000,0.654
168000,0.516,0.000,0.484
168500,0.570,0.000,0.430
169000,0.498,0.000,0.502
169500,0.502,0.000,0.498
170000,0.448,0.000,0.552
170500,0.446,0.000,0.554
171000,0.460,0.000,0.540
171500,0.372,0.000,0.628
172000,0.419,0.000,0.581
172500,0.545,0.000,0.455
173000,0.502,0.000,0.498
173500,0.523,0.000,0.477
174000,0.647,0.000,0.353
174500,0.527,0.000,0.473
175000,0.432,0.000,0.568
175500,0.565,0.000,0.435
176000,0.478,0.000,0.522
176500,0.496,0.000,0.504
177000,0.456,0.000,0.544
177500,0.454,0.000,0.546
178000,0.468,0.000,0.532
178500,0.526,0.000,0.474
179000,0.460,0.000,0.540
179500,0.522,0.000,0.478
180000,0.589,0.000,0.411
180500,0.387,0.000,0.613
181000,0.540,0.000,0.460
181500,0.601,0.000,0.399
182000,0.473,0.000,0.527
182500,0.531,0.000,0.469
183000,0.545,0.000,0.455
183500,0.517,0.000,0.483
184000,0.611,0.000,0.389
184500,0.464,0.000,0.536
185000,0.409,0.000,0.591
185500,0.511,0.000,0.489
186000,0.487,0.000,0.513
186500,0.520,0.000,0.480
187000,0.575,0.000,0.425
187500,0.545,0.000,0.455
188000,0.480,0.000,0.520
188500,0.738,0.000,0.262
189000,0.609,0.000,0.391
189500,0.339,0.000,0.661
190000,0.347,0.000,0.653
190500,0.492,0.000,0.508
191000,0.524,0.000,0.476
191500,0.494,0.000,0.506
192000,0.463,0.000,0.537
192500,0.456,0.000,0.544
193000,0.555,0.000,0.445
193500,0.486,0.000,0.514
194000,0.493,0.000,0.507
194500,0.558,0.000,0.442
195000,0.563,0.000,0.437
195500,0.591,0.000,0.409
196000,0.632,0.000,0.368
196500,0.569,0.000,0.431
197000,0.578,0.000,0.422
197500,0.461,0.000,0.539
198000,0.354,0.000,0.646
198500,0.413,0.000,0.587
199000,0.457,0.000,0.543
199500,0.518,0.000,0.482
200000,0.477,0.000,0.523
200500,0.549,0.000,0.451
201000,0.706,0.000,0.294
201500,0.456,0.000,0.544
202000,0.544,0.000,0.456
202500,0.519,0.000,0.481
203000,0.499,0.000,0.501
203500,0.600,0.000,0.400
204000,0.506,0.000,0.494
204500,0.440,0.000,0.560
205000,0.477,0.000,0.523
205500,0.538,0.000,0.462
206000,0.468,0.000,0.532
206500,0.504,0.000,0.496
207000,0.472,0.000,0.528
207500,0.429,0.000,0.571
208000,0.428,0.000,0.572
208500,0.445,0.000,0.555
209000,0.535,0.000,0.465
209500,0.414,0.000,0.586
210000,0.565,0.000,0.435
210500,0.436,0.000,0.564
211000,0.528,0.000,0.472
211500,0.406,0.000,0.594
212000,0.506,0.000,0.494
212500,0.430,0.000,0.570
213000,0.535,0.000,0.465
213500,0.562,0.000,0.438
214000,0.481,0.000,0.519
214500,0.493,0.000,0.507
215000,0.506,0.000,0.494
215500,0.506,0.000,0.494
216000,0.621,0.000,0.379
216500,0.590,0.000,0.410
217000,0.467,0.000,0.533
217500,0.511,0.000,0.489
218000,0.401,0.000,0.599
218500,0.521,0.000,0.479
219000,0.622,0.000,0.378
219500,0.515,0.000,0.485
220000,0.462,0.000,0.538
220500,0.537,0.000,0.463
221000,0.441,0.000,0.559
221500,0.491,0.000,0.509
222000,0.404,0.000,0.596
222500,0.554,0.000,0.446
223000,0.567,0.000,0.433
223500,0.545,0.000,0.455
224000,0.504,0.000,0.496
224500,0.653,0.000,0.347
225000,0.565,0.000,0.435
225500,0.557,0.000,0.443
226000,0.524,0.000,0.476
226500,0.523,0.000,0.477
227000,0.541,0.000,0.459
227500,0.500,0.000,0.500
228000,0.528,0.000,0.472
228500,0.405,0.000,0.595
229000,0.474,0.000,0.526
229500,0.553,0.000,0.447
230000,0.515,0.000,0.485
230500,0.524,0.000,0.476
231000,0.440,0.000,0.560
231500,0.352,0.000,0.648
232000,0.427,0.000,0.573
232500,0.563,0.000,0.437
233000,0.575,0.000,0.425
233500,0.498,0.000,0.502
234000,0.513,0.000,0.487
234500,0.529,0.000,0.471
235000,0.463,0.000,0.537
235500,0.461,0.000,0.539
236000,0.369,0.000,0.631
236500,0.449,0.000,0.551
237000,0.503,0.000,0.497
237500,0.624,0.000,0.376
238000,0.469,0.000,0.531
238500,0.476,0.000,0.524
239000,0.409,0.000,0.591
239500,0.481,0.000,0.519
240000,0.573,0.000,0.427
240500,0.501,0.000,0.499
241000,0.521,0.000,0.479
241500,0.410,0.000,0.590
242000,0.471,0.000,0.529
242500,0.412,0.000,0.588
243000,0.360,0.000,0.640
243500,0.417,0.000,0.583
244000,0.595,0.000,0.405
244500,0.488,0.000,0.512
245000,0.404,0.000,0.596
245500,0.515,0.000,0.485
246000,0.480,0.000,0.520
246500,0.495,0.000,0.505
247000,0.482,0.000,0.518
247500,0.400,0.000,0.600
248000,0.422,0.000,0.578
248500,0.545,0.000,0.455
249000,0.621,0.000,0.379
249500,0.460,0.000,0.540
250000,0.432,0.000,0.568
250500,0.480,0.000,0.520
251000,0.462,0.000,0.538
251500,0.495,0.000,0.505
252000,0.456,0.000,0.544
252500,0.476,0.000,0.524
253000,0.419,0.000,0.581
253500,0.300,0.000,0.700
254000,0.477,0.000,0.523
254500,0.457,0.000,0.543
255000,0.464,0.000,0.536
255500,0.504,0.000,0.496
256000,0.490,0.000,0.510
256500,0.438,0.000,0.562
257000,0.417,0.000,0.583
257500,0.641,0.000,0.359
258000,0.510,0.000,0.490
258500,0.533,0.000,0.467
259000,0.599,0.000,0.401
259500,0.523,0.000,0.477
260000,0.559,0.000,0.441
260500,0.435,0.000,0.565
261000,0.479,0.000,0.521
261500,0.475,0.000,0.525
262000,0.611,0.000,0.389
262500,0.476,0.000,0.524
263000,0.557,0.000,0.443
263500,0.627,0.000,0.373
264000,0.484,0.000,0.516
264500,0.443,0.000,0.557
265000,0.468,0.000,0.532
265500,0.520,0.000,0.480
266000,0.619,0.000,0.381
266500,0.573,0.000,0.427
267000,0.509,0.000,0.491
267500,0.471,0.000,0.529
268000,0.486,0.000,0.514
268500,0.552,0.000,0.448
269000,0.444,0.000,0.556
269500,0.514,0.000,0.486
270000,0.436,0.000,0.564
270500,0.438,0.000,0.562
271000,0.476,0.000,0.524
271500,0.605,0.000,0.395
272000,0.523,0.000,0.477
272500,0.406,0.000,0.594
273000,0.507,0.000,0.493
273500,0.471,0.000,0.529
274000,0.437,0.000,0.563
274500,0.468,0.000,0.532
275000,0.436,0.000,0.564
275500,0.544,0.000,0.456
276000,0.567,0.000,0.433
276500,0.600,0.000,0.400
277000,0.610,0.000,0.390
277500,0.575,0.000,0.425
278000,0.475,0.000,0.525
278500,0.486,0.000,0.514
279000,0.374,0.000,0.626
279500,0.401,0.000,0.599
280000,0.446,0.000,0.554
280500,0.393,0.000,0.607
281000,0.486,0.000,0.514
281500,0.464,0.000,0.536
282000,0.481,0.000,0.519
282500,0.415,0.000,0.585
283000,0.493,0.000,0.507
283500,0.556,0.000,0.444
284000,0.481,0.000,0.519
284500,0.560,0.000,0.440
285000,0.532,0.000,0.468
285500,0.506,0.000,0.494
286000,0.330,0.000,0.670
286500,0.485,0.000,0.515
287000,0.527,0.000,0.473
287500,0.557,0.000,0.443
288000,0.555,0.000,0.445
288500,0.434,0.000,0.566
289000,0.567,0.000,0.433
289500,0.468,0.000,0.532
290000,0.585,0.000,0.415
290500,0.484,0.000,0.516
291000,0.570,0.000,0.430
291500,0.590,0.000,0.410
292000,0.457,0.000,0.543
292500,0.570,0.000,0.430
293000,0.457,0.000,0.543
293500,0.425,0.000,0.575
294000,0.546,0.000,0.454
294500,0.662,0.000,0.338
295000,0.563,0.000,0.437
295500,0.464,0.000,0.536
296000,0.459,0.000,0.541
296500,0.472,0.000,0.528
297000,0.537,0.000,0.463
297500,0.518,0.000,0.482
298000,0.566,0.000,0.434
298500,0.457,0.000,0.543
299000,0.616,0.000,0.384
299500,0.588,0.000,0.412
300000,0.475,0.000,0.525
300500,0.408,0.000,0.592
301000,0.500,0.000,0.500
301500,0.436,0.000,0.564
302000,0.528,0.000,0.472
302500,0.507,0.000,0.493
303000,0.444,0.000,0.556
303500,0.491,0.000,0.509
304000,0.489,0.000,0.511
304500,0.458,0.000,0.542
305000,0.562,0.000,0.438
305500,0.563,0.000,0.437
306000,0.546,0.000,0.454
306500,0.612,0.000,0.388
307000,0.431,0.000,0.569
307500,0.490,0.000,0.510
308000,0.438,0.000,0.562
308500,0.455,0.000,0.545
309000,0.495,0.000,0.505
309500,0.494,0.000,0.506
310000,0.564,0.000,0.436
310500,0.470,0.000,0.530
311000,0.572,0.000,0.428
311500,0.452,0.000,0.548
312000,0.421,0.000,0.579
312500,0.444,0.000,0.556
313000,0.354,0.000,0.646
313500,0.425,0.000,0.575
314000,0.471,0.000,0.529
314500,0.450,0.000,0.550
315000,0.526,0.000,0.474
315500,0.532,0.000,0.468
316000,0.555,0.000,0.445
316500,0.386,0.000,0.614
317000,0.551,0.000,0.449
317500,0.449,0.000,0.551
318000,0.527,0.000,0.473
318500,0.505,0.000,0.495
319000,0.554,0.000,0.446
319500,0.496,0.000,0.504
320000,0.447,0.000,0.553
320500,0.481,0.000,0.519
321000,0.539,0.000,0.461
321500,0.416,0.000,0.584
322000,0.388,0.000,0.612
322500,0.478,0.000,0.522
323000,0.530,0.000,0.470
323500,0.428,0.000,0.572
324000,0.399,0.000,0.601
324500,0.363,0.000,0.637
325000,0.489,0.000,0.511
325500,0.552,0.000,0.448
326000,0.636,0.000,0.364
326500,0.634,0.000,0.366
327000,0.511,0.000,0.489
327500,0.478,0.000,0.522
328000,0.501,0.000,0.499
328500,0.489,0.000,0.511
329000,0.435,0.000,0.565
329500,0.544,0.000,0.456
330000,0.578,0.000,0.422
330500,0.472,0.000,0.528
331000,0.568,0.000,0.432
331500,0.498,0.000,0.502
332000,0.392,0.000,0.608
332500,0.560,0.000,0.440
333000,0.529,0.000,0.471
333500,0.551,0.000,0.449
334000,0.492,0.000,0.508
334500,0.493,0.000,0.507
335000,0.508,0.000,0.492
335500,0.528,0.000,0.472
336000,0.466,0.000,0.534
336500,0.467,0.000,0.533
337000,0.398,0.000,0.602
337500,0.478,0.000,0.522
338000,0.499,0.000,0.501
338500,0.448,0.000,0.552
339000,0.540,0.000,0.460
339500,0.494,0.000,0.506
340000,0.609,0.000,0.391
340500,0.463,0.000,0.537
341000,0.491,0.000,0.509
341500,0.438,0.000,0.562
342000,0.536,0.000,0.464
342500,0.492,0.000,0.508
343000,0.455,0.000,0.545
343500,0.444,0.000,0.556
344000,0.443,0.000,0.557
344500,0.502,0.000,0.498
345000,0.474,0.000,0.526
345500,0.414,0.000,0.586
346000,0.443,0.000,0.557
346500,0.449,0.000,0.551
347000,0.462,0.000,0.538
347500,0.558,0.000,0.442
348000,0.418,0.000,0.582
348500,0.436,0.000,0.564
349000,0.537,0.000,0.463
349500,0.445,0.000,0.555
350000,0.437,0.000,0.563
350500,0.472,0.000,0.528
351000,0.473,0.000,0.527
351500,0.499,0.000,0.501
352000,0.518,0.000,0.482
352500,0.547,0.000,0.453
353000,0.472,0.000,0.528
353500,0.429,0.000,0.571
354000,0.560,0.000,0.440
354500,0.479,0.000,0.521
355000,0.577,0.000,0.423
355500,0.406,0.000,0.594
356000,0.414,0.000,0.586
356500,0.533,0.000,0.467
357000,0.418,0.000,0.582
357500,0.438,0.000,0.562
358000,0.465,0.000,0.535
358500,0.437,0.000,0.563
359000,0.453,0.000,0.547
359500,0.470,0.000,0.530
360000,0.476,0.000,0.524
360500,0.491,0.000,0.509
361000,0.483,0.000,0.517
361500,0.566,0.000,0.434
362000,0.490,0.000,0.510
362500,0.544,0.000,0.456
363000,0.441,0.000,0.559
363500,0.500,0.000,0.500
364000,0.512,0.000,0.488
364500,0.401,0.000,0.599
365000,0.534,0.000,0.466
365500,0.583,0.000,0.417
366000,0.495,0.000,0.505
366500,0.639,0.000,0.361
367000,0.508,0.000,0.492
367500,0.493,0.000,0.507
368000,0.574,0.000,0.426
368500,0.523,0.000,0.477
369000,0.560,0.000,0.440
369500,0.398,0.000,0.602
370000,0.466,0.000,0.534
370500,0.504,0.000,0.496
371000,0.390,0.000,0.610
371500,0.493,0.000,0.507
372000,0.503,0.000,0.497
372500,0.423,0.000,0.577
373000,0.406,0.000,0.594
373500,0.501,0.000,0.499
374000,0.599,0.000,0.401
374500,0.449,0.000,0.551
375000,0.483,0.000,0.517
375500,0.538,0.000,0.462
376000,0.530,0.000,0.470
376500,0.499,0.000,0.501
377000,0.482,0.000,0.518
377500,0.451,0.000,0.549
378000,0.357,0.000,0.643
378500,0.580,0.000,0.420
379000,0.479,0.000,0.521
379500,0.473,0.000,0.527
380000,0.505,0.000,0.495
380500,0.545,0.000,0.455
381000,0.532,0.000,0.468
381500,0.481,0.000,0.519
382000,0.432,0.000,0.568
382500,0.428,0.000,0.572
383000,0.510,0.000,0.490
383500,0.511,0.000,0.489
384000,0.403,0.000,0.597
384500,0.464,0.000,0.536
385000,0.490,0.000,0.510
385500,0.569,0.000,0.431
386000,0.545,0.000,0.455
386500,0.460,0.000,0.540
387000,0.562,0.000,0.438
387500,0.538,0.000,0.462
388000,0.518,0.000,0.482
388500,0.627,0.000,0.373
389000,0.505,0.000,0.495
389500,0.599,0.000,0.401
390000,0.579,0.000,0.421
390500,0.501,0.000,0.499
391000,0.487,0.000,0.513
391500,0.360,0.000,0.640
392000,0.484,0.000,0.516
392500,0.588,0.000,0.412
393000,0.522,0.000,0.478
393500,0.494,0.000,0.506
394000,0.563,0.000,0.437
394500,0.547,0.000,0.453
395000,0.519,0.000,0.481
395500,0.405,0.000,0.595
396000,0.409,0.000,0.591
396500,0.378,0.004,0.618
397000,0.476,0.000,0.524
397500,0.457,0.000,0.543
398000,0.598,0.000,0.402
398500,0.582,0.000,0.418
399000,0.510,0.000,0.490
399500,0.614,0.000,0.386
400000,0.591,0.000,0.409
400500,0.369,0.000,0.631
401000,0.466,0.000,0.534
401500,0.481,0.000,0.519
402000,0.466,0.000,0.534
402500,0.521,0.000,0.479
403000,0.419,0.000,0.581
403500,0.548,0.000,0.452
404000,0.593,0.000,0.407
404500,0.640,0.000,0.360
405000,0.645,0.000,0.355
405500,0.660,0.000,0.340
406000,0.507,0.000,0.493
406500,0.486,0.000,0.514
407000,0.459,0.000,0.541
407500,0.515,0.000,0.485
408000,0.479,0.000,0.521
408500,0.499,0.000,0.501
409000,0.487,0.000,0.513
409500,0.530,0.000,0.470
410000,0.481,0.000,0.519
410500,0.568,0.000,0.432
411000,0.489,0.000,0.511
411500,0.583,0.000,0.417
412000,0.549,0.000,0.451
412500,0.519,0.000,0.481
413000,0.504,0.000,0.496
413500,0.427,0.000,0.573
414000,0.444,0.000,0.556
414500,0.510,0.000,0.490
415000,0.532,0.000,0.468
415500,0.460,0.000,0.540
416000,0.507,0.000,0.493
416500,0.552,0.000,0.448
417000,0.394,0.000,0.606
417500,0.475,0.000,0.525
418000,0.504,0.000,0.496
418500,0.501,0.000,0.499
419000,0.636,0.000,0.364
419500,0.600,0.000,0.400
420000,0.486,0.000,0.514
420500,0.535,0.000,0.465
421000,0.478,0.000,0.522
421500,0.496,0.000,0.504
422000,0.496,0.000,0.504
422500,0.407,0.000,0.593
423000,0.555,0.000,0.445
423500,0.545,0.000,0.455
424000,0.513,0.000,0.487
424500,0.403,0.000,0.597
425000,0.406,0.000,0.594
425500,0.504,0.000,0.496
426000,0.455,0.000,0.545
426500,0.529,0.000,0.471
427000,0.436,0.000,0.564
427500,0.484,0.000,0.516
428000,0.545,0.000,0.455
428500,0.499,0.000,0.501
429000,0.465,0.000,0.535
429500,0.412,0.000,0.588
430000,0.536,0.000,0.464
430500,0.420,0.000,0.580
431000,0.546,0.000,0.454
431500,0.441,0.000,0.559
432000,0.464,0.000,0.536
432500,0.488,0.000,0.512
433000,0.510,0.000,0.490
433500,0.523,0.000,0.477
434000,0.478,0.000,0.522
434500,0.513,0.000,0.487
435000,0.421,0.000,0.579
435500,0.529,0.000,0.471
436000,0.485,0.000,0.515
436500,0.499,0.000,0.501
437000,0.468,0.000,0.532
437500,0.516,0.000,0.484
438000,0.514,0.000,0.486
438500,0.463,0.000,0.537
439000,0.423,0.000,0.577
439500,0.436,0.000,0.564
440000,0.451,0.000,0.549
440500,0.471,0.000,0.529
441000,0.510,0.000,0.490
441500,0.546,0.000,0.454
442000,0.519,0.000,0.481
442500,0.567,0.000,0.433
443000,0.510,0.000,0.490
443500,0.508,0.000,0.492
444000,0.497,0.000,0.503
444500,0.551,0.000,0.449
445000,0.490,0.000,0.510
445500,0.481,0.000,0.519
446000,0.423,0.000,0.577
446500,0.433,0.000,0.567
447000,0.429,0.000,0.571
447500,0.381,0.000,0.619
448000,0.460,0.000,0.540
448500,0.526,0.000,0.474
449000,0.548,0.000,0.452
449500,0.518,0.000,0.482
450000,0.549,0.000,0.451
450500,0.516,0.000,0.484
451000,0.595,0.000,0.405
451500,0.544,0.000,0.456
452000,0.460,0.000,0.540
452500,0.501,0.000,0.499
453000,0.558,0.000,0.442
453500,0.543,0.000,0.457
454000,0.626,0.000,0.374
454500,0.683,0.000,0.317
455000,0.555,0.000,0.445
455500,0.627,0.000,0.373
456000,0.538,0.000,0.462
456500,0.376,0.000,0.624
457000,0.417,0.000,0.583
457500,0.537,0.000,0.463
458000,0.561,0.000,0.439
458500,0.477,0.000,0.523
459000,0.562,0.000,0.438
459500,0.366,0.000,0.634
460000,0.401,0.000,0.599
460500,0.428,0.000,0.572
461000,0.379,0.000,0.621
461500,0.495,0.000,0.505
462000,0.468,0.000,0.532
462500,0.423,0.000,0.577
463000,0.450,0.000,0.550
463500,0.341,0.000,0.659
464000,0.381,0.002,0.617
464500,0.487,0.000,0.513
465000,0.392,0.000,0.608
465500,0.561,0.000,0.439
466000,0.449,0.000,0.551
466500,0.514,0.000,0.486
467000,0.536,0.000,0.464
467500,0.530,0.000,0.470
468000,0.385,0.000,0.615
468500,0.479,0.000,0.521
469000,0.506,0.000,0.494
469500,0.488,0.000,0.512
470000,0.516,0.000,0.484
470500,0.409,0.000,0.591
471000,0.463,0.000,0.537
471500,0.465,0.000,0.535
472000,0.574,0.000,0.426
472500,0.582,0.000,0.418
473000,0.539,0.000,0.461
473500,0.534,0.000,0.466
474000,0.484,0.000,0.516
474500,0.392,0.000,0.608
475000,0.524,0.000,0.476
475500,0.467,0.000,0.533
476000,0.582,0.000,0.418
476500,0.486,0.000,0.514
477000,0.493,0.000,0.507
477500,0.522,0.000,0.478
478000,0.458,0.000,0.542
478500,0.484,0.000,0.516
479000,0.408,0.000,0.592
479500,0.380,0.000,0.620
480000,0.462,0.000,0.538
480500,0.532,0.000,0.468
481000,0.532,0.000,0.468
481500,0.496,0.000,0.504
482000,0.519,0.000,0.481
482500,0.504,0.000,0.496
483000,0.404,0.000,0.596
483500,0.484,0.000,0.516
484000,0.491,0.000,0.509
484500,0.551,0.000,0.449
485000,0.555,0.000,0.445
485500,0.536,0.000,0.464
486000,0.562,0.000,0.438
486500,0.407,0.000,0.593
487000,0.468,0.000,0.532
487500,0.481,0.000,0.519
488000,0.499,0.000,0.501
488500,0.428,0.000,0.572
489000,0.460,0.000,0.540
489500,0.483,0.000,0.517
490000,0.481,0.000,0.519
490500,0.470,0.000,0.530
491000,0.456,0.000,0.544
491500,0.488,0.000,0.512
492000,0.571,0.000,0.429
492500,0.697,0.000,0.303
493000,0.529,0.000,0.471
493500,0.430,0.000,0.570
494000,0.508,0.000,0.492
494500,0.537,0.000,0.463
495000,0.442,0.000,0.558
495500,0.556,0.000,0.444
496000,0.528,0.000,0.472
496500,0.625,0.000,0.375
497000,0.609,0.000,0.391
497500,0.603,0.000,0.397
498000,0.648,0.000,0.352
498500,0.657,0.000,0.343
499000,0.591,0.000,0.409
499500,0.510,0.000,0.490
500000,0.559,0.000,0.441
500500,0.416,0.000,0.584
501000,0.521,0.000,0.479
501500,0.590,0.000,0.410
502000,0.531,0.000,0.469
502500,0.676,0.000,0.324
503000,0.622,0.000,0.378
503500,0.629,0.000,0.371
504000,0.493,0.000,0.507
504500,0.472,0.000,0.528
505000,0.388,0.000,0.612
505500,0.453,0.000,0.547
506000,0.538,0.000,0.462
506500,0.499,0.000,0.501
507000,0.364,0.000,0.636
507500,0.486,0.000,0.514
508000,0.524,0.000,0.476
508500,0.451,0.000,0.549
509000,0.492,0.000,0.508
509500,0.549,0.000,0.451
510000,0.459,0.000,0.541
510500,0.439,0.000,0.561
511000,0.512,0.000,0.488
511500,0.553,0.000,0.447
512000,0.515,0.000,0.485
512500,0.565,0.000,0.435
513000,0.648,0.000,0.352
513500,0.505,0.000,0.495
514000,0.504,0.000,0.496
514500,0.509,0.000,0.491
515000,0.465,0.000,0.535
515500,0.409,0.000,0.591
516000,0.540,0.000,0.460
516500,0.377,0.000,0.623
517000,0.424,0.000,0.576
517500,0.423,0.000,0.577
518000,0.579,0.000,0.421
518500,0.481,0.000,0.519
519000,0.449,0.000,0.551
519500,0.413,0.000,0.587
520000,0.497,0.000,0.503
520500,0.531,0.000,0.469
521000,0.481,0.000,0.519
521500,0.515,0.000,0.485
522000,0.574,0.000,0.426
522500,0.516,0.000,0.484
523000,0.555,0.000,0.445
523500,0.483,0.000,0.517
524000,0.500,0.000,0.500
524500,0.413,0.000,0.587
525000,0.442,0.000,0.558
525500,0.431,0.000,0.569
526000,0.411,0.000,0.589
526500,0.540,0.000,0.460
527000,0.544,0.000,0.456
527500,0.544,0.000,0.456
528000,0.439,0.000,0.561
528500,0.444,0.000,0.556
529000,0.474,0.000,0.526
529500,0.615,0.000,0.385
530000,0.588,0.000,0.412
530500,0.586,0.000,0.414
531000,0.489,0.000,0.511
531500,0.458,0.000,0.542
532000,0.483,0.000,0.517
532500,0.453,0.000,0.547
533000,0.497,0.000,0.503
533500,0.513,0.000,0.487
534000,0.489,0.000,0.511
534500,0.396,0.000,0.604
535000,0.479,0.000,0.521
535500,0.466,0.000,0.534
536000,0.599,0.000,0.401
536500,0.652,0.000,0.348
537000,0.545,0.000,0.455
537500,0.590,0.000,0.410
538000,0.518,0.000,0.482
538500,0.404,0.000,0.596
539000,0.452,0.000,0.548
539500,0.488,0.000,0.512
540000,0.510,0.000,0.490
540500,0.566,0.000,0.434
541000,0.418,0.000,0.582
541500,0.562,0.000,0.438
542000,0.497,0.000,0.503
542500,0.423,0.000,0.577
543000,0.454,0.000,0.546
543500,0.347,0.000,0.653
544000,0.489,0.000,0.511
544500,0.491,0.000,0.509
545000,0.477,0.000,0.523
545500,0.514,0.000,0.486
546000,0.450,0.000,0.550
546500,0.482,0.000,0.518
547000,0.472,0.000,0.528
547500,0.480,0.000,0.520
548000,0.483,0.000,0.517
548500,0.470,0.000,0.530
549000,0.504,0.000,0.496
549500,0.348,0.000,0.652
550000,0.430,0.000,0.570
550500,0.436,0.000,0.564
551000,0.390,0.000,0.610
551500,0.533,0.000,0.467
552000,0.482,0.000,0.518
552500,0.411,0.000,0.589
553000,0.442,0.000,0.558
553500,0.382,0.000,0.618
554000,0.532,0.000,0.468
554500,0.640,0.000,0.360
555000,0.517,0.000,0.483
555500,0.520,0.000,0.480
556000,0.427,0.000,0.573
556500,0.483,0.000,0.517
557000,0.405,0.000,0.595
557500,0.478,0.000,0.522
558000,0.399,0.000,0.601
558500,0.554,0.000,0.446
559000,0.512,0.000,0.488
559500,0.448,0.000,0.552
560000,0.430,0.000,0.570
560500,0.467,0.000,0.533
561000,0.415,0.000,0.585
561500,0.498,0.000,0.502
562000,0.477,0.000,0.523
562500,0.393,0.000,0.607
563000,0.485,0.000,0.515
563500,0.569,0.000,0.431
564000,0.382,0.000,0.618
564500,0.324,0.000,0.676
565000,0.443,0.000,0.557
565500,0.491,0.000,0.509
566000,0.421,0.000,0.579
566500,0.503,0.000,0.497
567000,0.491,0.000,0.509
567500,0.442,0.000,0.558
568000,0.422,0.000,0.578
568500,0.404,0.000,0.596
569000,0.529,0.000,0.471
569500,0.459,0.000,0.541
570000,0.409,0.000,0.591
570500,0.503,0.000,0.497
571000,0.483,0.000,0.517
571500,0.489,0.000,0.511
572000,0.523,0.000,0.477
572500,0.598,0.000,0.402
573000,0.681,0.000,0.319
573500,0.621,0.000,0.379
574000,0.531,0.000,0.469
574500,0.432,0.000,0.568
575000,0.520,0.000,0.480
575500,0.443,0.000,0.557
576000,0.371,0.000,0.629
576500,0.563,0.000,0.437
577000,0.534,0.000,0.466
577500,0.499,0.000,0.501
578000,0.444,0.000,0.556
578500,0.511,0.000,0.489
579000,0.535,0.000,0.465
579500,0.498,0.000,0.502
580000,0.440,0.000,0.560
580500,0.400,0.000,0.600
581000,0.481,0.000,0.519
581500,0.516,0.000,0.484
582000,0.510,0.000,0.490
582500,0.532,0.000,0.468
583000,0.495,0.000,0.505
583500,0.485,0.000,0.515
584000,0.561,0.000,0.439
584500,0.453,0.000,0.547
585000,0.472,0.000,0.528
585500,0.382,0.000,0.618
586000,0.643,0.000,0.357
586500,0.382,0.000,0.618
587000,0.540,0.000,0.460
587500,0.577,0.000,0.423
588000,0.603,0.000,0.397
588500,0.542,0.000,0.458
589000,0.616,0.000,0.384
589500,0.516,0.000,0.484
590000,0.520,0.000,0.480
590500,0.472,0.000,0.528
591000,0.523,0.000,0.477
591500,0.459,0.000,0.541
592000,0.470,0.000,0.530
592500,0.383,0.000,0.617
593000,0.450,0.000,0.550
593500,0.522,0.000,0.478
594000,0.585,0.000,0.415
594500,0.638,0.000,0.362
595000,0.599,0.000,0.401
595500,0.421,0.000,0.579
596000,0.575,0.000,0.425
596500,0.489,0.000,0.511
597000,0.362,0.000,0.638
597500,0.431,0.000,0.569
598000,0.394,0.000,0.606
598500,0.492,0.000,0.508
599000,0.446,0.000,0.554
599500,0.565,0.000,0.435
600000,0.476,0.000,0.524
600500,0.524,0.000,0.476
601000,0.541,0.000,0.459
601500,0.579,0.000,0.421
602000,0.448,0.000,0.552
602500,0.561,0.000,0.439
603000,0.580,0.000,0.420
603500,0.506,0.000,0.494
604000,0.560,0.000,0.440
604500,0.588,0.000,0.412
605000,0.532,0.000,0.468
605500,0.477,0.000,0.523
606000,0.513,0.000,0.487
606500,0.469,0.000,0.531
607000,0.513,0.000,0.487
607500,0.507,0.000,0.493
608000,0.616,0.000,0.384
608500,0.561,0.000,0.439
609000,0.505,0.000,0.495
609500,0.574,0.000,0.426
610000,0.526,0.000,0.474
610500,0.543,0.000,0.457
611000,0.525,0.000,0.475
611500,0.421,0.000,0.579
612000,0.512,0.000,0.488
612500,0.416,0.000,0.584
613000,0.456,0.000,0.544
613500,0.472,0.000,0.528
614000,0.498,0.000,0.502
614500,0.458,0.000,0.542
615000,0.434,0.000,0.566
615500,0.366,0.000,0.634
616000,0.450,0.000,0.550
616500,0.561,0.000,0.439
617000,0.486,0.000,0.514
617500,0.501,0.000,0.499
618000,0.494,0.000,0.506
618500,0.458,0.000,0.542
619000,0.413,0.000,0.587
619500,0.507,0.000,0.493
620000,0.458,0.000,0.542
620500,0.499,0.000,0.501
621000,0.452,0.000,0.548
621500,0.426,0.000,0.574
622000,0.456,0.000,0.544
622500,0.474,0.000,0.526
623000,0.485,0.000,0.515
623500,0.459,0.000,0.541
624000,0.537,0.000,0.463
624500,0.526,0.000,0.474
625000,0.414,0.000,0.586
625500,0.488,0.000,0.512
626000,0.447,0.000,0.553
626500,0.395,0.000,0.605
627000,0.395,0.000,0.605
627500,0.504,0.000,0.496
628000,0.461,0.000,0.539
628500,0.449,0.000,0.551
629000,0.483,0.000,0.517
629500,0.483,0.000,0.517
630000,0.458,0.000,0.542
630500,0.476,0.000,0.524
631000,0.501,0.000,0.499
631500,0.503,0.000,0.497
632000,0.483,0.000,0.517
632500,0.530,0.000,0.470
633000,0.479,0.000,0.521
633500,0.482,0.000,0.518
634000,0.411,0.000,0.589
634500,0.492,0.000,0.508
635000,0.559,0.000,0.441
635500,0.595,0.000,0.405
636000,0.500,0.000,0.500
636500,0.583,0.000,0.417
637000,0.697,0.000,0.303
637500,0.523,0.000,0.477
638000,0.502,0.000,0.498
638500,0.418,0.000,0.582
639000,0.518,0.000,0.482
639500,0.412,0.000,0.588
640000,0.538,0.000,0.462
640500,0.605,0.000,0.395
641000,0.509,0.000,0.491
641500,0.515,0.000,0.485
642000,0.468,0.000,0.532
642500,0.461,0.000,0.539
643000,0.492,0.000,0.508
643500,0.472,0.000,0.528
644000,0.604,0.000,0.396
644500,0.466,0.000,0.534
645000,0.539,0.000,0.461
645500,0.420,0.000,0.580
646000,0.503,0.000,0.497
646500,0.513,0.000,0.487
647000,0.604,0.000,0.396
647500,0.511,0.000,0.489
648000,0.467,0.000,0.533
648500,0.403,0.000,0.597
649000,0.497,0.000,0.503
649500,0.488,0.000,0.512
650000,0.539,0.000,0.461
650500,0.612,0.000,0.388
651000,0.487,0.000,0.513
651500,0.510,0.000,0.490
652000,0.470,0.000,0.530
652500,0.552,0.000,0.448
653000,0.364,0.000,0.636
653500,0.437,0.000,0.563
654000,0.544,0.000,0.456
654500,0.667,0.000,0.333
655000,0.501,0.000,0.499
655500,0.488,0.000,0.512
656000,0.475,0.000,0.525
656500,0.559,0.000,0.441
657000,0.509,0.000,0.491
657500,0.467,0.000,0.533
658000,0.488,0.000,0.512
658500,0.375,0.000,0.625
659000,0.370,0.000,0.630
659500,0.517,0.000,0.483
660000,0.497,0.000,0.503
660500,0.525,0.000,0.475
661000,0.518,0.000,0.482
661500,0.546,0.000,0.454
662000,0.596,0.000,0.404
662500,0.557,0.000,0.443
663000,0.491,0.000,0.509
663500,0.451,0.000,0.549
664000,0.513,0.000,0.487
664500,0.499,0.000,0.501
665000,0.523,0.000,0.477
665500,0.663,0.000,0.337
666000,0.480,0.000,0.520
666500,0.472,0.000,0.528
667000,0.510,0.000,0.490
667500,0.440,0.000,0.560
668000,0.479,0.000,0.521
668500,0.492,0.000,0.508
669000,0.465,0.000,0.535
669500,0.499,0.000,0.501
670000,0.530,0.000,0.470
670500,0.450,0.000,0.550
671000,0.540,0.000,0.460
671500,0.473,0.000,0.527
672000,0.615,0.000,0.385
672500,0.642,0.000,0.358
673000,0.572,0.000,0.428
673500,0.554,0.000,0.446
674000,0.520,0.000,0.480
674500,0.564,0.000,0.436
675000,0.573,0.000,0.427
675500,0.597,0.000,0.403
676000,0.574,0.000,0.426
676500,0.522,0.000,0.478
677000,0.541,0.000,0.459
677500,0.444,0.000,0.556
678000,0.443,0.000,0.557
678500,0.499,0.000,0.501
679000,0.468,0.000,0.532
679500,0.464,0.000,0.536
680000,0.471,0.000,0.529
680500,0.503,0.000,0.497
681000,0.590,0.000,0.410
681500,0.508,0.000,0.492
682000,0.453,0.000,0.547
682500,0.442,0.000,0.558
683000,0.520,0.000,0.480
683500,0.593,0.000,0.407
684000,0.503,0.000,0.497
684500,0.582,0.000,0.418
685000,0.525,0.000,0.475
685500,0.405,0.000,0.595
686000,0.387,0.000,0.613
686500,0.480,0.000,0.520
687000,0.510,0.000,0.490
687500,0.456,0.000,0.544
688000,0.484,0.000,0.516
688500,0.472,0.000,0.528
689000,0.494,0.000,0.506
689500,0.562,0.000,0.438
690000,0.561,0.000,0.439
690500,0.488,0.000,0.512
691000,0.439,0.000,0.561
691500,0.513,0.000,0.487
692000,0.563,0.000,0.437
692500,0.517,0.000,0.483
693000,0.577,0.000,0.423
693500,0.567,0.000,0.433
694000,0.466,0.000,0.534
694500,0.595,0.000,0.405
695000,0.473,0.000,0.527
695500,0.489,0.000,0.511
696000,0.386,0.000,0.614
696500,0.473,0.000,0.527
697000,0.479,0.000,0.521
697500,0.575,0.000,0.425
698000,0.491,0.000,0.509
698500,0.580,0.000,0.420
699000,0.463,0.000,0.537
699500,0.469,0.000,0.531
700000,0.507,0.000,0.493
700500,0.499,0.000,0.501
701000,0.571,0.000,0.429
701500,0.575,0.000,0.425
702000,0.461,0.000,0.539
702500,0.487,0.000,0.513
703000,0.501,0.000,0.499
703500,0.476,0.000,0.524
704000,0.552,0.000,0.448
704500,0.647,0.000,0.353
705000,0.607,0.000,0.393
705500,0.466,0.000,0.534
706000,0.494,0.000,0.506
706500,0.490,0.000,0.510
707000,0.438,0.000,0.562
707500,0.555,0.000,0.445
708000,0.539,0.000,0.461
708500,0.447,0.000,0.553
709000,0.479,0.000,0.521
709500,0.535,0.000,0.465
710000,0.454,0.000,0.546
710500,0.531,0.000,0.469
711000,0.582,0.000,0.418
711500,0.538,0.000,0.462
712000,0.506,0.000,0.494
712500,0.540,0.000,0.460
713000,0.485,0.000,0.515
713500,0.524,0.000,0.476
714000,0.456,0.000,0.544
714500,0.430,0.000,0.570
715000,0.479,0.000,0.521
715500,0.396,0.000,0.604
716000,0.514,0.000,0.486
716500,0.479,0.000,0.521
717000,0.443,0.000,0.557
717500,0.560,0.000,0.440
718000,0.523,0.000,0.477
718500,0.461,0.000,0.539
719000,0.519,0.000,0.481
719500,0.469,0.000,0.531
720000,0.451,0.000,0.549
720500,0.541,0.000,0.459
721000,0.524,0.000,0.476
721500,0.520,0.000,0.480
722000,0.409,0.000,0.591
722500,0.381,0.000,0.619
723000,0.466,0.000,0.534
723500,0.480,0.000,0.520
724000,0.735,0.000,0.265
724500,0.709,0.000,0.291
725000,0.550,0.000,0.450
725500,0.468,0.000,0.532
726000,0.470,0.000,0.530
726500,0.461,0.000,0.539
727000,0.462,0.000,0.538
727500,0.515,0.000,0.485
728000,0.561,0.000,0.439
728500,0.421,0.000,0.579
729000,0.569,0.000,0.431
729500,0.434,0.000,0.566
730000,0.470,0.000,0.530
730500,0.558,0.000,0.442
731000,0.455,0.000,0.545
731500,0.507,0.000,0.493
732000,0.574,0.000,0.426
732500,0.528,0.000,0.472
733000,0.409,0.000,0.591
733500,0.477,0.000,0.523
734000,0.502,0.000,0.498
734500,0.421,0.000,0.579
735000,0.395,0.000,0.605
735500,0.420,0.000,0.580
736000,0.452,0.000,0.548
736500,0.353,0.000,0.647
737000,0.552,0.000,0.448
737500,0.543,0.000,0.457
738000,0.544,0.000,0.456
738500,0.450,0.000,0.550
739000,0.524,0.000,0.476
739500,0.551,0.000,0.449
740000,0.458,0.000,0.542
740500,0.457,0.000,0.543
741000,0.428,0.000,0.572
741500,0.473,0.000,0.527
742000,0.452,0.000,0.548
742500,0.457,0.000,0.543
743000,0.466,0.000,0.534
743500,0.497,0.000,0.503
744000,0.430,0.000,0.570
744500,0.493,0.000,0.507
745000,0.510,0.000,0.490
745500,0.408,0.000,0.592
746000,0.493,0.000,0.507
746500,0.489,0.000,0.511
747000,0.434,0.000,0.566
747500,0.534,0.000,0.466
748000,0.550,0.000,0.450
748500,0.539,0.000,0.461
749000,0.594,0.000,0.406
749500,0.469,0.000,0.531
750000,0.501,0.000,0.499
750500,0.472,0.000,0.528
751000,0.420,0.000,0.580
751500,0.422,0.002,0.576
752000,0.551,0.000,0.449
752500,0.579,0.000,0.421
753000,0.428,0.000,0.572
753500,0.500,0.000,0.500
754000,0.468,0.000,0.532
754500,0.570,0.000,0.430
755000,0.426,0.000,0.574
755500,0.490,0.000,0.510
756000,0.556,0.000,0.444
756500,0.575,0.000,0.425
757000,0.479,0.000,0.521
757500,0.439,0.000,0.561
758000,0.499,0.000,0.501
758500,0.395,0.000,0.605
759000,0.372,0.000,0.628
759500,0.473,0.000,0.527
760000,0.470,0.000,0.530
760500,0.518,0.000,0.482
761000,0.543,0.000,0.457
761500,0.519,0.000,0.481
762000,0.551,0.000,0.449
762500,0.592,0.000,0.408
763000,0.477,0.000,0.523
763500,0.439,0.000,0.561
764000,0.423,0.000,0.577
764500,0.508,0.000,0.492
765000,0.458,0.000,0.542
765500,0.537,0.000,0.463
766000,0.445,0.000,0.555
766500,0.440,0.000,0.560
767000,0.565,0.000,0.435
767500,0.581,0.000,0.419
768000,0.449,0.000,0.551
768500,0.466,0.000,0.534
769000,0.592,0.000,0.408
769500,0.528,0.000,0.472
770000,0.540,0.000,0.460
770500,0.450,0.000,0.550
771000,0.462,0.000,0.538
771500,0.503,0.000,0.497
772000,0.432,0.000,0.568
772500,0.427,0.000,0.573
773000,0.468,0.000,0.532
773500,0.452,0.000,0.548
774000,0.472,0.000,0.528
774500,0.478,0.000,0.522
775000,0.496,0.000,0.504
775500,0.524,0.000,0.476
776000,0.535,0.000,0.465
776500,0.474,0.000,0.526
777000,0.503,0.000,0.497
777500,0.509,0.000,0.491
778000,0.559,0.000,0.441
778500,0.549,0.000,0.451
779000,0.522,0.000,0.478
779500,0.465,0.000,0.535
780000,0.390,0.000,0.610
780500,0.537,0.000,0.463
781000,0.458,0.000,0.542
781500,0.494,0.000,0.506
782000,0.450,0.000,0.550
782500,0.486,0.000,0.514
783000,0.492,0.000,0.508
783500,0.463,0.000,0.537
784000,0.440,0.000,0.560
784500,0.495,0.000,0.505
785000,0.487,0.000,0.513
785500,0.481,0.000,0.519
786000,0.515,0.000,0.485
786500,0.482,0.000,0.518
787000,0.448,0.000,0.552
787500,0.451,0.000,0.549
788000,0.526,0.000,0.474
788500,0.355,0.012,0.633
789000,0.521,0.000,0.479
789500,0.520,0.000,0.480
790000,0.505,0.000,0.495
790500,0.446,0.000,0.554
791000,0.572,0.000,0.428
791500,0.563,0.000,0.437
792000,0.470,0.000,0.530
792500,0.619,0.000,0.381
793000,0.540,0.000,0.460
793500,0.521,0.000,0.479
794000,0.494,0.000,0.506
794500,0.493,0.000,0.507
795000,0.522,0.000,0.478
795500,0.437,0.000,0.563
796000,0.384,0.000,0.616
796500,0.452,0.000,0.548
797000,0.517,0.000,0.483
797500,0.475,0.000,0.525
798000,0.523,0.000,0.477
798500,0.365,0.000,0.635
799000,0.410,0.000,0.590
799500,0.551,0.000,0.449
800000,0.481,0.000,0.519
800500,0.534,0.000,0.466
801000,0.479,0.000,0.521
801500,0.527,0.000,0.473
802000,0.496,0.000,0.504
802500,0.509,0.000,0.491
803000,0.376,0.000,0.624
803500,0.489,0.000,0.511
804000,0.464,0.000,0.536
804500,0.487,0.000,0.513
805000,0.546,0.000,0.454
805500,0.491,0.000,0.509
806000,0.356,0.000,0.644
806500,0.474,0.000,0.526
807000,0.365,0.000,0.635
807500,0.488,0.000,0.512
808000,0.506,0.000,0.494
808500,0.490,0.000,0.510
809000,0.502,0.000,0.498
809500,0.470,0.000,0.530
810000,0.544,0.000,0.456
810500,0.602,0.000,0.398
811000,0.468,0.000,0.532
811500,0.473,0.000,0.527
812000,0.483,0.000,0.517
812500,0.575,0.000,0.425
813000,0.417,0.000,0.583
813500,0.507,0.000,0.493
814000,0.499,0.000,0.501
814500,0.527,0.000,0.473
815000,0.535,0.000,0.465
815500,0.474,0.000,0.526
816000,0.600,0.000,0.400
816500,0.398,0.000,0.602
817000,0.435,0.000,0.565
817500,0.511,0.000,0.489
818000,0.612,0.000,0.388
818500,0.559,0.000,0.441
819000,0.475,0.000,0.525
819500,0.455,0.000,0.545
820000,0.378,0.000,0.622
820500,0.436,0.000,0.564
821000,0.465,0.000,0.535
821500,0.488,0.000,0.512
822000,0.483,0.000,0.517
822500,0.528,0.000,0.472
823000,0.587,0.000,0.413
823500,0.430,0.000,0.570
824000,0.412,0.000,0.588
824500,0.450,0.000,0.550
825000,0.386,0.000,0.614
825500,0.517,0.000,0.483
826000,0.525,0.000,0.475
826500,0.553,0.000,0.447
827000,0.602,0.000,0.398
827500,0.545,0.000,0.455
828000,0.398,0.000,0.602
828500,0.404,0.000,0.596
829000,0.439,0.000,0.561
829500,0.503,0.000,0.497
830000,0.446,0.000,0.554
830500,0.427,0.000,0.573
831000,0.477,0.000,0.523
831500,0.538,0.000,0.462
832000,0.589,0.000,0.411
832500,0.529,0.000,0.471
833000,0.515,0.000,0.485
833500,0.534,0.000,0.466
834000,0.422,0.000,0.578
834500,0.494,0.000,0.506
835000,0.528,0.000,0.472
835500,0.509,0.000,0.491
836000,0.442,0.000,0.558
836500,0.406,0.000,0.594
837000,0.497,0.000,0.503
837500,0.438,0.000,0.562
838000,0.361,0.000,0.639
838500,0.465,0.000,0.535
839000,0.488,0.000,0.512
839500,0.458,0.000,0.542
840000,0.521,0.000,0.479
840500,0.518,0.000,0.482
841000,0.440,0.000,0.560
841500,0.448,0.000,0.552
842000,0.542,0.000,0.458
842500,0.468,0.000,0.532
843000,0.469,0.000,0.531
843500,0.582,0.000,0.418
844000,0.535,0.000,0.465
844500,0.523,0.000,0.477
845000,0.483,0.000,0.517
845500,0.620,0.000,0.380
846000,0.487,0.000,0.513
846500,0.486,0.000,0.514
847000,0.581,0.000,0.419
847500,0.527,0.000,0.473
848000,0.566,0.000,0.434
848500,0.727,0.000,0.273
849000,0.528,0.000,0.472
849500,0.700,0.000,0.300
850000,0.568,0.000,0.432
850500,0.492,0.000,0.508
851000,0.547,0.000,0.453
851500,0.512,0.000,0.488
852000,0.487,0.000,0.513
852500,0.605,0.000,0.395
853000,0.465,0.000,0.535
853500,0.513,0.000,0.487
854000,0.449,0.000,0.551
854500,0.464,0.000,0.536
855000,0.538,0.000,0.462
855500,0.539,0.000,0.461
856000,0.551,0.000,0.449
856500,0.490,0.000,0.510
857000,0.505,0.000,0.495
857500,0.570,0.000,0.430
858000,0.604,0.000,0.396
858500,0.523,0.000,0.477
859000,0.409,0.000,0.591
859500,0.579,0.000,0.421
860000,0.669,0.000,0.331
860500,0.501,0.000,0.499
861000,0.500,0.000,0.500
861500,0.632,0.000,0.368
862000,0.491,0.000,0.509
862500,0.500,0.000,0.500
863000,0.455,0.000,0.545
863500,0.529,0.000,0.471
864000,0.476,0.000,0.524
864500,0.584,0.000,0.416
865000,0.488,0.000,0.512
865500,0.500,0.000,0.500
866000,0.650,0.000,0.350
866500,0.539,0.000,0.461
867000,0.584,0.000,0.416
867500,0.544,0.000,0.456
868000,0.408,0.000,0.592
868500,0.453,0.000,0.547
869000,0.476,0.000,0.524
869500,0.451,0.000,0.549
870000,0.401,0.000,0.599
870500,0.475,0.000,0.525
871000,0.410,0.000,0.590
871500,0.497,0.000,0.503
872000,0.504,0.000,0.496
872500,0.467,0.000,0.533
873000,0.456,0.000,0.544
873500,0.467,0.000,0.533
874000,0.596,0.000,0.404
874500,0.525,0.000,0.475
875000,0.504,0.000,0.496
875500,0.481,0.000,0.519
876000,0.416,0.000,0.584
876500,0.432,0.000,0.568
877000,0.529,0.000,0.471
877500,0.543,0.000,0.457
878000,0.403,0.000,0.597
878500,0.498,0.000,0.502
879000,0.517,0.000,0.483
879500,0.439,0.000,0.561
880000,0.415,0.000,0.585
880500,0.424,0.000,0.576
881000,0.525,0.000,0.475
881500,0.497,0.000,0.503
882000,0.593,0.000,0.407
882500,0.612,0.000,0.388
883000,0.486,0.000,0.514
883500,0.485,0.000,0.515
884000,0.565,0.000,0.435
884500,0.561,0.000,0.439
885000,0.476,0.000,0.524
885500,0.517,0.000,0.483
886000,0.438,0.000,0.562
886500,0.492,0.000,0.508
887000,0.409,0.000,0.591
887500,0.347,0.000,0.653
888000,0.560,0.000,0.440
888500,0.498,0.000,0.502
889000,0.435,0.000,0.565
889500,0.528,0.000,0.472
890000,0.530,0.000,0.470
890500,0.488,0.000,0.512
891000,0.434,0.000,0.566
891500,0.481,0.000,0.519
892000,0.511,0.000,0.489
892500,0.462,0.000,0.538
893000,0.448,0.000,0.552
893500,0.562,0.000,0.438
894000,0.643,0.000,0.357
894500,0.435,0.000,0.565
895000,0.465,0.000,0.535
895500,0.512,0.000,0.488
896000,0.504,0.000,0.496
896500,0.479,0.000,0.521
897000,0.517,0.000,0.483
897500,0.561,0.000,0.439
898000,0.390,0.000,0.610
898500,0.503,0.000,0.497
899000,0.505,0.000,0.495
899500,0.459,0.000,0.541
900000,0.491,0.000,0.509
900500,0.569,0.000,0.431
901000,0.480,0.000,0.520
901500,0.545,0.000,0.455
902000,0.645,0.000,0.355
902500,0.471,0.000,0.529
903000,0.455,0.000,0.545
903500,0.490,0.000,0.510
904000,0.539,0.000,0.461
904500,0.404,0.000,0.596
905000,0.414,0.000,0.586
905500,0.403,0.000,0.597
906000,0.575,0.000,0.425
906500,0.595,0.000,0.405
907000,0.600,0.000,0.400
907500,0.480,0.000,0.520
908000,0.601,0.000,0.399
908500,0.598,0.000,0.402
909000,0.477,0.000,0.523
909500,0.488,0.000,0.512
910000,0.528,0.000,0.472
910500,0.454,0.000,0.546
911000,0.464,0.000,0.536
911500,0.495,0.000,0.505
912000,0.568,0.000,0.432
912500,0.438,0.000,0.562
913000,0.539,0.000,0.461
913500,0.445,0.000,0.555
914000,0.495,0.000,0.505
914500,0.474,0.000,0.526
915000,0.497,0.000,0.503
915500,0.450,0.000,0.550
916000,0.457,0.000,0.543
916500,0.582,0.000,0.418
917000,0.487,0.000,0.513
917500,0.510,0.000,0.490
918000,0.419,0.000,0.581
918500,0.506,0.000,0.494
919000,0.467,0.000,0.533
919500,0.491,0.000,0.509
920000,0.542,0.000,0.458
920500,0.428,0.000,0.572
921000,0.526,0.000,0.474
921500,0.487,0.000,0.513
922000,0.509,0.000,0.491
922500,0.542,0.000,0.458
923000,0.493,0.000,0.507
923500,0.535,0.000,0.465
924000,0.409,0.000,0.591
924500,0.406,0.000,0.594
925000,0.450,0.000,0.550
925500,0.509,0.000,0.491
926000,0.419,0.000,0.581
926500,0.464,0.000,0.536
927000,0.360,0.000,0.640
927500,0.401,0.000,0.599
928000,0.503,0.000,0.497
928500,0.458,0.000,0.542
929000,0.401,0.000,0.599
929500,0.477,0.000,0.523
930000,0.430,0.000,0.570
930500,0.528,0.000,0.472
931000,0.518,0.000,0.482
931500,0.631,0.000,0.369
932000,0.471,0.000,0.529
932500,0.485,0.000,0.515
933000,0.473,0.000,0.527
933500,0.599,0.000,0.401
934000,0.570,0.000,0.430
934500,0.530,0.000,0.470
935000,0.420,0.000,0.580
935500,0.619,0.000,0.381
936000,0.475,0.000,0.525
936500,0.509,0.000,0.491
937000,0.475,0.000,0.525
937500,0.417,0.000,0.583
938000,0.492,0.000,0.508
938500,0.463,0.000,0.537
939000,0.398,0.000,0.602
939500,0.410,0.000,0.590
940000,0.440,0.000,0.560
940500,0.477,0.000,0.523
941000,0.378,0.000,0.622
941500,0.485,0.000,0.515
942000,0.536,0.000,0.464
942500,0.524,0.000,0.476
943000,0.474,0.000,0.526
943500,0.611,0.000,0.389
944000,0.579,0.000,0.421
944500,0.524,0.000,0.476
945000,0.573,0.000,0.427
945500,0.415,0.000,0.585
946000,0.352,0.000,0.648
946500,0.548,0.000,0.452
947000,0.458,0.000,0.542
947500,0.464,0.000,0.536
948000,0.397,0.000,0.603
948500,0.434,0.000,0.566
949000,0.562,0.000,0.438
949500,0.485,0.000,0.515
950000,0.593,0.000,0.407
950500,0.463,0.000,0.537
951000,0.373,0.000,0.627
951500,0.499,0.000,0.501
952000,0.567,0.000,0.433
952500,0.362,0.000,0.638
953000,0.422,0.000,0.578
953500,0.515,0.000,0.485
954000,0.475,0.000,0.525
954500,0.441,0.000,0.559
955000,0.526,0.000,0.474
955500,0.481,0.000,0.519
956000,0.584,0.000,0.416
956500,0.449,0.000,0.551
957000,0.403,0.000,0.597
957500,0.511,0.000,0.489
958000,0.459,0.000,0.541
958500,0.472,0.000,0.528
959000,0.405,0.000,0.595
959500,0.480,0.000,0.520
960000,0.468,0.000,0.532
960500,0.490,0.000,0.510
961000,0.403,0.000,0.597
961500,0.468,0.000,0.532
962000,0.535,0.000,0.465
962500,0.511,0.000,0.489
963000,0.463,0.000,0.537
963500,0.436,0.000,0.564
964000,0.492,0.000,0.508
964500,0.528,0.000,0.472
965000,0.556,0.000,0.444
965500,0.572,0.000,0.428
966000,0.480,0.000,0.520
966500,0.407,0.000,0.593
967000,0.493,0.000,0.507
967500,0.522,0.000,0.478
968000,0.422,0.000,0.578
968500,0.389,0.000,0.611
969000,0.440,0.000,0.560
969500,0.465,0.000,0.535
970000,0.479,0.000,0.521
970500,0.462,0.000,0.538
971000,0.445,0.000,0.555
971500,0.471,0.000,0.529
972000,0.542,0.000,0.458
972500,0.526,0.000,0.474
973000,0.494,0.000,0.506
973500,0.533,0.000,0.467
974000,0.540,0.000,0.460
974500,0.471,0.000,0.529
975000,0.560,0.000,0.440
975500,0.626,0.000,0.374
976000,0.566,0.000,0.434
976500,0.506,0.000,0.494
977000,0.527,0.000,0.473
977500,0.403,0.000,0.597
978000,0.466,0.002,0.532
978500,0.477,0.000,0.523
979000,0.470,0.000,0.530
979500,0.469,0.000,0.531
980000,0.392,0.000,0.608
980500,0.456,0.000,0.544
981000,0.428,0.000,0.572
981500,0.573,0.000,0.427
982000,0.472,0.000,0.528
982500,0.480,0.000,0.520
983000,0.449,0.000,0.551
983500,0.473,0.000,0.527
984000,0.458,0.000,0.542
984500,0.504,0.000,0.496
985000,0.504,0.000,0.496
985500,0.580,0.000,0.420
986000,0.551,0.000,0.449
986500,0.601,0.000,0.399
987000,0.678,0.000,0.322
987500,0.466,0.000,0.534
988000,0.536,0.000,0.464
988500,0.587,0.000,0.413
989000,0.498,0.000,0.502
989500,0.526,0.000,0.474
990000,0.486,0.000,0.514
990500,0.447,0.000,0.553
991000,0.432,0.000,0.568
991500,0.599,0.000,0.401
992000,0.508,0.000,0.492
992500,0.525,0.000,0.475
993000,0.655,0.000,0.345
993500,0.543,0.000,0.457
994000,0.541,0.000,0.459
994500,0.548,0.000,0.452
995000,0.618,0.000,0.382
995500,0.454,0.000,0.546
996000,0.385,0.000,0.615
996500,0.380,0.000,0.620
997000,0.451,0.000,0.549
997500,0.420,0.000,0.580
998000,0.373,0.000,0.627
998500,0.410,0.000,0.590
999000,0.409,0.000,0.591
999500,0.490,0.000,0.510
1000000,0.518,0.000,0.482
