time,n_A+p,n_B,n_AB
500,0.010,0.697,0.293
1000,0.010,0.331,0.659
1500,0.010,0.238,0.752
2000,0.010,0.397,0.593
2500,0.010,0.428,0.562
3000,0.010,0.301,0.689
3500,0.010,0.295,0.695
4000,0.010,0.262,0.728
4500,0.010,0.290,0.700
5000,0.010,0.305,0.685
5500,0.010,0.292,0.698
6000,0.010,0.350,0.640
6500,0.010,0.290,0.700
7000,0.010,0.353,0.637
7500,0.010,0.226,0.764
8000,0.010,0.372,0.618
8500,0.010,0.311,0.679
9000,0.010,0.308,0.682
9500,0.012,0.146,0.842
10000,0.010,0.270,0.720
10500,0.010,0.339,0.651
11000,0.010,0.508,0.482
11500,0.010,0.281,0.709
12000,0.010,0.360,0.630
12500,0.010,0.192,0.798
13000,0.010,0.396,0.594
13500,0.010,0.278,0.712
14000,0.010,0.292,0.698
14500,0.010,0.314,0.676
15000,0.010,0.253,0.737
15500,0.011,0.226,0.763
16000,0.042,0.126,0.832
16500,0.010,0.240,0.750
17000,0.010,0.326,0.664
17500,0.010,0.282,0.708
18000,0.010,0.317,0.673
18500,0.010,0.390,0.600
19000,0.010,0.349,0.641
19500,0.010,0.420,0.570
20000,0.010,0.473,0.517
20500,0.010,0.291,0.699
21000,0.010,0.365,0.625
21500,0.010,0.245,0.745
22000,0.010,0.438,0.552
22500,0.010,0.283,0.707
23000,0.010,0.391,0.599
23500,0.010,0.265,0.725
24000,0.010,0.419,0.571
24500,0.010,0.309,0.681
25000,0.010,0.374,0.616
25500,0.010,0.212,0.778
26000,0.010,0.249,0.741
26500,0.010,0.455,0.535
27000,0.010,0.309,0.681
27500,0.010,0.320,0.670
28000,0.010,0.446,0.544
28500,0.010,0.322,0.668
29000,0.010,0.218,0.772
29500,0.010,0.250,0.740
30000,0.010,0.398,0.592
30500,0.010,0.333,0.657
31000,0.011,0.291,0.698
31500,0.010,0.435,0.555
32000,0.010,0.322,0.668
32500,0.010,0.396,0.594
33000,0.010,0.432,0.558
33500,0.010,0.249,0.741
34000,0.010,0.276,0.714
34500,0.010,0.276,0.714
35000,0.010,0.403,0.587
35500,0.010,0.374,0.616
36000,0.010,0.472,0.518
36500,0.010,0.325,0.665
37000,0.010,0.422,0.568
37500,0.010,0.324,0.666
38000,0.010,0.270,0.720
38500,0.010,0.268,0.722
39000,0.010,0.304,0.686
39500,0.010,0.230,0.760
40000,0.010,0.409,0.581
40500,0.010,0.322,0.668
41000,0.010,0.296,0.694
41500,0.010,0.265,0.725
42000,0.010,0.325,0.665
42500,0.010,0.341,0.649
43000,0.010,0.322,0.668
43500,0.010,0.372,0.618
44000,0.010,0.241,0.749
44500,0.010,0.360,0.630
45000,0.010,0.302,0.688
45500,0.010,0.322,0.668
46000,0.010,0.244,0.746
46500,0.010,0.323,0.667
47000,0.010,0.403,0.587
47500,0.010,0.294,0.696
48000,0.010,0.264,0.726
48500,0.010,0.353,0.637
49000,0.010,0.424,0.566
49500,0.010,0.417,0.573
50000,0.010,0.321,0.669
50500,0.010,0.337,0.653
51000,0.010,0.371,0.619
51500,0.010,0.335,0.655
52000,0.010,0.305,0.685
52500,0.010,0.371,0.619
53000,0.010,0.216,0.774
53500,0.012,0.273,0.715
54000,0.010,0.175,0.815
54500,0.010,0.309,0.681
55000,0.010,0.398,0.592
55500,0.010,0.273,0.717
56000,0.010,0.202,0.788
56500,0.011,0.216,0.773
57000,0.010,0.335,0.655
57500,0.010,0.374,0.616
58000,0.010,0.393,0.597
58500,0.010,0.284,0.706
59000,0.010,0.434,0.556
59500,0.010,0.269,0.721
60000,0.010,0.344,0.646
60500,0.010,0.243,0.747
61000,0.010,0.366,0.624
61500,0.010,0.367,0.623
62000,0.010,0.508,0.482
62500,0.010,0.256,0.734
63000,0.010,0.346,0.644
63500,0.010,0.371,0.619
64000,0.010,0.265,0.725
64500,0.010,0.301,0.689
65000,0.010,0.301,0.689
65500,0.010,0.241,0.749
66000,0.010,0.317,0.673
66500,0.010,0.300,0.690
67000,0.010,0.272,0.718
67500,0.015,0.228,0.757
68000,0.010,0.373,0.617
68500,0.010,0.320,0.670
69000,0.010,0.314,0.676
69500,0.010,0.320,0.670
70000,0.010,0.369,0.621
70500,0.010,0.364,0.626
71000,0.010,0.387,0.603
71500,0.010,0.345,0.645
72000,0.010,0.331,0.659
72500,0.010,0.292,0.698
73000,0.010,0.224,0.766
73500,0.010,0.276,0.714
74000,0.010,0.340,0.650
74500,0.010,0.315,0.675
75000,0.010,0.358,0.632
75500,0.010,0.280,0.710
76000,0.010,0.296,0.694
76500,0.010,0.274,0.716
77000,0.010,0.294,0.696
77500,0.010,0.222,0.768
78000,0.010,0.481,0.509
78500,0.010,0.400,0.590
79000,0.010,0.300,0.690
79500,0.010,0.271,0.719
80000,0.014,0.292,0.694
80500,0.010,0.431,0.559
81000,0.010,0.313,0.677
81500,0.010,0.402,0.588
82000,0.015,0.312,0.673
82500,0.010,0.324,0.666
83000,0.010,0.270,0.720
83500,0.010,0.449,0.541
84000,0.010,0.352,0.638
84500,0.010,0.443,0.547
85000,0.025,0.252,0.723
85500,0.010,0.251,0.739
86000,0.010,0.205,0.785
86500,0.010,0.247,0.743
87000,0.010,0.265,0.725
87500,0.010,0.488,0.502
88000,0.010,0.410,0.580
88500,0.010,0.399,0.591
89000,0.010,0.299,0.691
89500,0.010,0.356,0.634
90000,0.010,0.287,0.703
90500,0.010,0.337,0.653
91000,0.010,0.426,0.564
91500,0.010,0.200,0.790
92000,0.010,0.322,0.668
92500,0.010,0.289,0.701
93000,0.010,0.389,0.601
93500,0.010,0.310,0.680
94000,0.010,0.241,0.749
94500,0.010,0.203,0.787
95000,0.010,0.331,0.659
95500,0.010,0.280,0.710
96000,0.010,0.246,0.744
96500,0.010,0.339,0.651
97000,0.010,0.302,0.688
97500,0.010,0.406,0.584
98000,0.010,0.281,0.709
98500,0.010,0.254,0.736
99000,0.010,0.297,0.693
99500,0.010,0.341,0.649
100000,0.010,0.418,0.572
100500,0.010,0.376,0.614
101000,0.010,0.299,0.691
101500,0.010,0.346,0.644
102000,0.010,0.337,0.653
102500,0.010,0.394,0.596
103000,0.010,0.331,0.659
103500,0.010,0.246,0.744
104000,0.010,0.296,0.694
104500,0.010,0.248,0.742
105000,0.010,0.290,0.700
105500,0.010,0.207,0.783
106000,0.010,0.255,0.735
106500,0.010,0.345,0.645
107000,0.010,0.360,0.630
107500,0.010,0.277,0.713
108000,0.010,0.433,0.557
108500,0.010,0.299,0.691
109000,0.010,0.271,0.719
109500,0.010,0.393,0.597
110000,0.010,0.309,0.681
110500,0.011,0.216,0.773
111000,0.010,0.377,0.613
111500,0.010,0.241,0.749
112000,0.010,0.343,0.647
112500,0.010,0.286,0.704
113000,0.010,0.258,0.732
113500,0.010,0.370,0.620
114000,0.010,0.446,0.544
114500,0.010,0.312,0.678
115000,0.010,0.395,0.595
115500,0.010,0.427,0.563
116000,0.010,0.284,0.706
116500,0.010,0.308,0.682
117000,0.010,0.305,0.685
117500,0.010,0.306,0.684
118000,0.010,0.387,0.603
118500,0.010,0.253,0.737
119000,0.010,0.250,0.740
119500,0.010,0.335,0.655
120000,0.010,0.268,0.722
120500,0.010,0.318,0.672
121000,0.010,0.330,0.660
121500,0.010,0.313,0.677
122000,0.010,0.208,0.782
122500,0.010,0.521,0.469
123000,0.010,0.388,0.602
123500,0.010,0.422,0.568
124000,0.010,0.258,0.732
124500,0.010,0.305,0.685
125000,0.010,0.315,0.675
125500,0.010,0.353,0.637
126000,0.010,0.295,0.695
126500,0.010,0.368,0.622
127000,0.010,0.412,0.578
127500,0.010,0.443,0.547
128000,0.010,0.321,0.669
128500,0.010,0.297,0.693
129000,0.010,0.366,0.624
129500,0.010,0.347,0.643
130000,0.010,0.312,0.678
130500,0.010,0.228,0.762
131000,0.010,0.372,0.618
131500,0.010,0.309,0.681
132000,0.010,0.362,0.628
132500,0.010,0.306,0.684
133000,0.010,0.292,0.698
133500,0.010,0.321,0.669
134000,0.010,0.278,0.712
134500,0.010,0.363,0.627
135000,0.010,0.311,0.679
135500,0.010,0.344,0.646
136000,0.010,0.321,0.669
136500,0.018,0.290,0.692
137000,0.010,0.356,0.634
137500,0.019,0.138,0.843
138000,0.010,0.405,0.585
138500,0.010,0.302,0.688
139000,0.010,0.285,0.705
139500,0.010,0.252,0.738
140000,0.010,0.359,0.631
140500,0.031,0.222,0.747
141000,0.011,0.287,0.702
141500,0.010,0.388,0.602
142000,0.045,0.142,0.813
142500,0.010,0.338,0.652
143000,0.010,0.294,0.696
143500,0.010,0.182,0.808
144000,0.010,0.220,0.770
144500,0.010,0.323,0.667
145000,0.010,0.283,0.707
145500,0.010,0.427,0.563
146000,0.010,0.320,0.670
146500,0.010,0.315,0.675
147000,0.010,0.410,0.580
147500,0.010,0.283,0.707
148000,0.010,0.323,0.667
148500,0.010,0.363,0.627
149000,0.010,0.269,0.721
149500,0.010,0.365,0.625
150000,0.010,0.453,0.537
150500,0.010,0.479,0.511
151000,0.010,0.352,0.638
151500,0.020,0.227,0.753
152000,0.010,0.302,0.688
152500,0.010,0.244,0.746
153000,0.010,0.317,0.673
153500,0.010,0.263,0.727
154000,0.010,0.307,0.683
154500,0.011,0.225,0.764
155000,0.028,0.110,0.862
155500,0.011,0.217,0.772
156000,0.010,0.333,0.657
156500,0.010,0.272,0.718
157000,0.010,0.350,0.640
157500,0.010,0.352,0.638
158000,0.010,0.308,0.682
158500,0.010,0.370,0.620
159000,0.010,0.184,0.806
159500,0.010,0.300,0.690
160000,0.010,0.298,0.692
160500,0.010,0.343,0.647
161000,0.010,0.319,0.671
161500,0.010,0.184,0.806
162000,0.010,0.282,0.708
162500,0.010,0.304,0.686
163000,0.010,0.379,0.611
163500,0.010,0.313,0.677
164000,0.010,0.326,0.664
164500,0.010,0.248,0.742
165000,0.010,0.386,0.604
165500,0.010,0.298,0.692
166000,0.010,0.348,0.642
166500,0.010,0.469,0.521
167000,0.010,0.273,0.717
167500,0.010,0.323,0.667
168000,0.010,0.357,0.633
168500,0.010,0.405,0.585
169000,0.010,0.296,0.694
169500,0.010,0.434,0.556
170000,0.010,0.319,0.671
170500,0.010,0.254,0.736
171000,0.010,0.261,0.729
171500,0.010,0.212,0.778
172000,0.010,0.289,0.701
172500,0.010,0.354,0.636
173000,0.010,0.268,0.722
173500,0.026,0.139,0.835
174000,0.010,0.236,0.754
174500,0.010,0.210,0.780
175000,0.010,0.394,0.596
175500,0.010,0.215,0.775
176000,0.010,0.191,0.799
176500,0.010,0.341,0.649
177000,0.010,0.367,0.623
177500,0.010,0.347,0.643
178000,0.010,0.283,0.707
178500,0.010,0.278,0.712
179000,0.010,0.359,0.631
179500,0.010,0.404,0.586
180000,0.010,0.254,0.736
180500,0.010,0.376,0.614
181000,0.010,0.403,0.587
181500,0.010,0.287,0.703
182000,0.010,0.292,0.698
182500,0.010,0.221,0.769
183000,0.012,0.308,0.680
183500,0.010,0.253,0.737
184000,0.010,0.279,0.711
184500,0.010,0.307,0.683
185000,0.010,0.391,0.599
185500,0.010,0.345,0.645
186000,0.010,0.185,0.805
186500,0.010,0.427,0.563
187000,0.010,0.470,0.520
187500,0.010,0.398,0.592
188000,0.010,0.457,0.533
188500,0.010,0.256,0.734
189000,0.010,0.257,0.733
189500,0.010,0.252,0.738
190000,0.010,0.226,0.764
190500,0.010,0.301,0.689
191000,0.010,0.281,0.709
191500,0.010,0.271,0.719
192000,0.010,0.313,0.677
192500,0.010,0.326,0.664
193000,0.010,0.273,0.717
193500,0.010,0.319,0.671
194000,0.010,0.260,0.730
194500,0.010,0.262,0.728
195000,0.010,0.408,0.582
195500,0.010,0.245,0.745
196000,0.010,0.252,0.738
196500,0.010,0.411,0.579
197000,0.010,0.265,0.725
197500,0.010,0.418,0.572
198000,0.010,0.450,0.540
198500,0.010,0.345,0.645
199000,0.010,0.310,0.680
199500,0.010,0.298,0.692
200000,0.010,0.254,0.736
200500,0.010,0.166,0.824
201000,0.010,0.226,0.764
201500,0.010,0.237,0.753
202000,0.010,0.335,0.655
202500,0.010,0.303,0.687
203000,0.010,0.246,0.744
203500,0.011,0.324,0.665
204000,0.010,0.340,0.650
204500,0.010,0.433,0.557
205000,0.010,0.270,0.720
205500,0.010,0.393,0.597
206000,0.010,0.202,0.788
206500,0.010,0.361,0.629
207000,0.010,0.220,0.770
207500,0.010,0.280,0.710
208000,0.010,0.212,0.778
208500,0.010,0.447,0.543
209000,0.010,0.270,0.720
209500,0.010,0.269,0.721
210000,0.010,0.352,0.638
210500,0.010,0.236,0.754
211000,0.010,0.274,0.716
211500,0.010,0.448,0.542
212000,0.010,0.274,0.716
212500,0.010,0.419,0.571
213000,0.010,0.299,0.691
213500,0.010,0.303,0.687
214000,0.010,0.247,0.743
214500,0.010,0.258,0.732
215000,0.010,0.360,0.630
215500,0.010,0.366,0.624
216000,0.010,0.399,0.591
216500,0.010,0.456,0.534
217000,0.010,0.343,0.647
217500,0.010,0.340,0.650
218000,0.010,0.366,0.624
218500,0.010,0.401,0.589
219000,0.010,0.339,0.651
219500,0.010,0.317,0.673
220000,0.010,0.315,0.675
220500,0.010,0.251,0.739
221000,0.010,0.374,0.616
221500,0.010,0.356,0.634
222000,0.010,0.363,0.627
222500,0.010,0.370,0.620
223000,0.010,0.305,0.685
223500,0.010,0.278,0.712
224000,0.010,0.378,0.612
224500,0.010,0.333,0.657
225000,0.010,0.427,0.563
225500,0.010,0.261,0.729
226000,0.010,0.304,0.686
226500,0.010,0.422,0.568
227000,0.010,0.384,0.606
227500,0.010,0.290,0.700
228000,0.010,0.452,0.538
228500,0.010,0.338,0.652
229000,0.010,0.225,0.765
229500,0.010,0.196,0.794
230000,0.010,0.253,0.737
230500,0.010,0.401,0.589
231000,0.010,0.340,0.650
231500,0.010,0.285,0.705
232000,0.010,0.406,0.584
232500,0.010,0.324,0.666
233000,0.010,0.286,0.704
233500,0.010,0.361,0.629
234000,0.010,0.400,0.590
234500,0.019,0.205,0.776
235000,0.010,0.257,0.733
235500,0.010,0.319,0.671
236000,0.010,0.287,0.703
236500,0.010,0.371,0.619
237000,0.010,0.257,0.733
237500,0.010,0.309,0.681
238000,0.010,0.383,0.607
238500,0.010,0.375,0.615
239000,0.010,0.433,0.557
239500,0.010,0.369,0.621
240000,0.010,0.295,0.695
240500,0.010,0.273,0.717
241000,0.010,0.225,0.765
241500,0.010,0.247,0.743
242000,0.010,0.349,0.641
242500,0.010,0.405,0.585
243000,0.010,0.397,0.593
243500,0.015,0.229,0.756
244000,0.014,0.292,0.694
244500,0.010,0.403,0.587
245000,0.010,0.322,0.668
245500,0.010,0.331,0.659
246000,0.010,0.428,0.562
246500,0.010,0.254,0.736
247000,0.010,0.348,0.642
247500,0.010,0.510,0.480
248000,0.010,0.265,0.725
248500,0.010,0.305,0.685
249000,0.010,0.335,0.655
249500,0.010,0.356,0.634
250000,0.010,0.306,0.684
250500,0.010,0.255,0.735
251000,0.010,0.228,0.762
251500,0.010,0.259,0.731
252000,0.010,0.386,0.604
252500,0.010,0.256,0.734
253000,0.027,0.278,0.695
253500,0.010,0.344,0.646
254000,0.010,0.359,0.631
254500,0.010,0.214,0.776
255000,0.010,0.297,0.693
255500,0.010,0.283,0.707
256000,0.010,0.298,0.692
256500,0.010,0.335,0.655
257000,0.010,0.301,0.689
257500,0.010,0.359,0.631
258000,0.010,0.384,0.606
258500,0.010,0.335,0.655
259000,0.010,0.399,0.591
259500,0.010,0.380,0.610
260000,0.010,0.300,0.690
260500,0.010,0.316,0.674
261000,0.010,0.298,0.692
261500,0.010,0.386,0.604
262000,0.010,0.264,0.726
262500,0.010,0.318,0.672
263000,0.010,0.281,0.709
263500,0.010,0.245,0.745
264000,0.010,0.259,0.731
264500,0.010,0.342,0.648
265000,0.010,0.250,0.740
265500,0.010,0.383,0.607
266000,0.010,0.346,0.644
266500,0.010,0.356,0.634
267000,0.010,0.220,0.770
267500,0.010,0.374,0.616
268000,0.030,0.223,0.747
268500,0.010,0.291,0.699
269000,0.010,0.349,0.641
269500,0.010,0.286,0.704
270000,0.011,0.306,0.683
270500,0.010,0.324,0.666
271000,0.010,0.284,0.706
271500,0.010,0.344,0.646
272000,0.010,0.305,0.685
272500,0.010,0.249,0.741
273000,0.010,0.166,0.824
273500,0.010,0.388,0.602
274000,0.010,0.269,0.721
274500,0.010,0.170,0.820
275000,0.010,0.438,0.552
275500,0.010,0.405,0.585
276000,0.010,0.406,0.584
276500,0.010,0.243,0.747
277000,0.010,0.291,0.699
277500,0.010,0.397,0.593
278000,0.010,0.329,0.661
278500,0.010,0.318,0.672
279000,0.010,0.356,0.634
279500,0.010,0.349,0.641
280000,0.010,0.368,0.622
280500,0.010,0.424,0.566
281000,0.010,0.422,0.568
281500,0.010,0.207,0.783
282000,0.010,0.231,0.759
282500,0.010,0.352,0.638
283000,0.010,0.326,0.664
283500,0.010,0.375,0.615
284000,0.012,0.338,0.650
284500,0.010,0.252,0.738
285000,0.010,0.295,0.695
285500,0.010,0.297,0.693
286000,0.010,0.423,0.567
286500,0.010,0.265,0.725
287000,0.010,0.210,0.780
287500,0.010,0.211,0.779
288000,0.010,0.320,0.670
288500,0.010,0.270,0.720
289000,0.010,0.356,0.634
289500,0.010,0.229,0.761
290000,0.010,0.322,0.668
290500,0.010,0.303,0.687
291000,0.010,0.357,0.633
291500,0.010,0.287,0.703
292000,0.010,0.384,0.606
292500,0.010,0.216,0.774
293000,0.010,0.322,0.668
293500,0.010,0.362,0.628
294000,0.010,0.237,0.753
294500,0.010,0.199,0.791
295000,0.023,0.203,0.774
295500,0.010,0.265,0.725
296000,0.010,0.244,0.746
296500,0.010,0.258,0.732
297000,0.010,0.187,0.803
297500,0.010,0.406,0.584
298000,0.010,0.189,0.801
298500,0.010,0.416,0.574
299000,0.010,0.360,0.630
299500,0.010,0.276,0.714
300000,0.013,0.191,0.796
300500,0.010,0.244,0.746
301000,0.010,0.229,0.761
301500,0.010,0.346,0.644
302000,0.010,0.330,0.660
302500,0.010,0.340,0.650
303000,0.021,0.197,0.782
303500,0.010,0.281,0.709
304000,0.010,0.304,0.686
304500,0.010,0.381,0.609
305000,0.010,0.347,0.643
305500,0.010,0.260,0.730
306000,0.010,0.371,0.619
306500,0.010,0.398,0.592
307000,0.010,0.428,0.562
307500,0.010,0.382,0.608
308000,0.010,0.465,0.525
308500,0.010,0.243,0.747
309000,0.010,0.278,0.712
309500,0.010,0.301,0.689
310000,0.010,0.299,0.691
310500,0.010,0.309,0.681
311000,0.010,0.416,0.574
311500,0.010,0.204,0.786
312000,0.010,0.274,0.716
312500,0.010,0.197,0.793
313000,0.013,0.191,0.796
313500,0.010,0.365,0.625
314000,0.010,0.442,0.548
314500,0.010,0.224,0.766
315000,0.010,0.355,0.635
315500,0.010,0.313,0.677
316000,0.027,0.271,0.702
316500,0.010,0.347,0.643
317000,0.010,0.354,0.636
317500,0.010,0.223,0.767
318000,0.010,0.217,0.773
318500,0.010,0.265,0.725
319000,0.010,0.346,0.644
319500,0.010,0.370,0.620
320000,0.010,0.392,0.598
320500,0.014,0.236,0.750
321000,0.010,0.271,0.719
321500,0.010,0.304,0.686
322000,0.010,0.222,0.768
322500,0.017,0.183,0.800
323000,0.010,0.320,0.670
323500,0.010,0.278,0.712
324000,0.010,0.268,0.722
324500,0.010,0.328,0.662
325000,0.010,0.283,0.707
325500,0.010,0.462,0.528
326000,0.010,0.448,0.542
326500,0.010,0.232,0.758
327000,0.010,0.311,0.679
327500,0.010,0.338,0.652
328000,0.010,0.340,0.650
328500,0.010,0.249,0.741
329000,0.010,0.274,0.716
329500,0.010,0.446,0.544
330000,0.010,0.268,0.722
330500,0.010,0.337,0.653
331000,0.010,0.414,0.576
331500,0.010,0.298,0.692
332000,0.010,0.239,0.751
332500,0.010,0.256,0.734
333000,0.010,0.259,0.731
333500,0.010,0.299,0.691
334000,0.010,0.382,0.608
334500,0.010,0.307,0.683
335000,0.010,0.240,0.750
335500,0.010,0.243,0.747
336000,0.010,0.216,0.774
336500,0.010,0.348,0.642
337000,0.010,0.268,0.722
337500,0.010,0.290,0.700
338000,0.010,0.283,0.707
338500,0.010,0.375,0.615
339000,0.010,0.370,0.620
339500,0.010,0.300,0.690
340000,0.010,0.346,0.644
340500,0.010,0.308,0.682
341000,0.010,0.403,0.587
341500,0.010,0.294,0.696
342000,0.010,0.324,0.666
342500,0.010,0.371,0.619
343000,0.010,0.383,0.607
343500,0.010,0.469,0.521
344000,0.010,0.499,0.491
344500,0.010,0.470,0.520
345000,0.010,0.386,0.604
345500,0.010,0.268,0.722
346000,0.010,0.312,0.678
346500,0.010,0.240,0.750
347000,0.010,0.374,0.616
347500,0.010,0.272,0.718
348000,0.010,0.308,0.682
348500,0.010,0.395,0.595
349000,0.010,0.274,0.716
349500,0.010,0.291,0.699
350000,0.010,0.254,0.736
350500,0.010,0.274,0.716
351000,0.010,0.274,0.716
351500,0.010,0.306,0.684
352000,0.010,0.297,0.693
352500,0.010,0.319,0.671
353000,0.010,0.423,0.567
353500,0.010,0.374,0.616
354000,0.010,0.252,0.738
354500,0.010,0.316,0.674
355000,0.010,0.319,0.671
355500,0.010,0.247,0.743
356000,0.010,0.302,0.688
356500,0.010,0.379,0.611
357000,0.010,0.407,0.583
357500,0.010,0.236,0.754
358000,0.010,0.360,0.630
358500,0.010,0.391,0.599
359000,0.010,0.217,0.773
359500,0.010,0.384,0.606
360000,0.010,0.342,0.648
360500,0.010,0.328,0.662
361000,0.010,0.324,0.666
361500,0.010,0.244,0.746
362000,0.010,0.349,0.641
362500,0.010,0.382,0.608
363000,0.010,0.269,0.721
363500,0.010,0.326,0.664
364000,0.010,0.341,0.649
364500,0.010,0.335,0.655
365000,0.010,0.265,0.725
365500,0.010,0.317,0.673
366000,0.010,0.294,0.696
366500,0.010,0.378,0.612
367000,0.010,0.344,0.646
367500,0.014,0.215,0.771
368000,0.010,0.189,0.801
368500,0.010,0.206,0.784
369000,0.010,0.292,0.698
369500,0.010,0.274,0.716
370000,0.010,0.315,0.675
370500,0.010,0.348,0.642
371000,0.010,0.305,0.685
371500,0.010,0.341,0.649
372000,0.010,0.307,0.683
372500,0.010,0.383,0.607
373000,0.010,0.270,0.720
373500,0.010,0.353,0.637
374000,0.010,0.290,0.700
374500,0.010,0.363,0.627
375000,0.010,0.324,0.666
375500,0.010,0.327,0.663
376000,0.010,0.345,0.645
376500,0.019,0.274,0.707
377000,0.010,0.222,0.768
377500,0.010,0.196,0.794
378000,0.010,0.184,0.806
378500,0.010,0.341,0.649
379000,0.024,0.156,0.820
379500,0.028,0.233,0.739
380000,0.016,0.260,0.724
380500,0.010,0.352,0.638
381000,0.010,0.289,0.701
381500,0.010,0.478,0.512
382000,0.010,0.229,0.761
382500,0.010,0.237,0.753
383000,0.010,0.417,0.573
383500,0.010,0.220,0.770
384000,0.010,0.358,0.632
384500,0.010,0.295,0.695
385000,0.010,0.259,0.731
385500,0.010,0.273,0.717
386000,0.010,0.332,0.658
386500,0.010,0.295,0.695
387000,0.010,0.331,0.659
387500,0.010,0.391,0.599
388000,0.010,0.280,0.710
388500,0.010,0.265,0.725
389000,0.010,0.280,0.710
389500,0.010,0.329,0.661
390000,0.010,0.332,0.658
390500,0.010,0.211,0.779
391000,0.010,0.306,0.684
391500,0.010,0.353,0.637
392000,0.010,0.321,0.669
392500,0.010,0.268,0.722
393000,0.010,0.310,0.680
393500,0.010,0.365,0.625
394000,0.010,0.323,0.667
394500,0.010,0.368,0.622
395000,0.010,0.245,0.745
395500,0.010,0.309,0.681
396000,0.010,0.194,0.796
396500,0.011,0.227,0.762
397000,0.010,0.263,0.727
397500,0.010,0.315,0.675
398000,0.010,0.427,0.563
398500,0.010,0.190,0.800
399000,0.010,0.387,0.603
399500,0.010,0.285,0.705
400000,0.010,0.181,0.809
400500,0.010,0.408,0.582
401000,0.010,0.284,0.706
401500,0.010,0.321,0.669
402000,0.010,0.254,0.736
402500,0.010,0.414,0.576
403000,0.010,0.385,0.605
403500,0.010,0.197,0.793
404000,0.010,0.281,0.709
404500,0.010,0.268,0.722
405000,0.010,0.335,0.655
405500,0.010,0.233,0.757
406000,0.010,0.275,0.715
406500,0.011,0.278,0.711
407000,0.010,0.380,0.610
407500,0.010,0.253,0.737
408000,0.010,0.312,0.678
408500,0.010,0.518,0.472
409000,0.010,0.397,0.593
409500,0.010,0.289,0.701
410000,0.010,0.387,0.603
410500,0.010,0.362,0.628
411000,0.010,0.354,0.636
411500,0.010,0.277,0.713
412000,0.010,0.283,0.707
412500,0.010,0.369,0.621
413000,0.010,0.251,0.739
413500,0.010,0.336,0.654
414000,0.010,0.302,0.688
414500,0.010,0.356,0.634
415000,0.010,0.243,0.747
415500,0.010,0.307,0.683
416000,0.010,0.371,0.619
416500,0.010,0.306,0.684
417000,0.010,0.258,0.732
417500,0.010,0.361,0.629
418000,0.010,0.283,0.707
418500,0.010,0.327,0.663
419000,0.010,0.333,0.657
419500,0.010,0.236,0.754
420000,0.010,0.238,0.752
420500,0.010,0.366,0.624
421000,0.010,0.252,0.738
421500,0.010,0.356,0.634
422000,0.010,0.250,0.740
422500,0.010,0.331,0.659
423000,0.010,0.312,0.678
423500,0.010,0.275,0.715
424000,0.010,0.308,0.682
424500,0.010,0.156,0.834
425000,0.010,0.352,0.638
425500,0.010,0.393,0.597
426000,0.010,0.377,0.613
426500,0.010,0.307,0.683
427000,0.010,0.307,0.683
427500,0.010,0.317,0.673
428000,0.012,0.327,0.661
428500,0.010,0.152,0.838
429000,0.010,0.407,0.583
429500,0.010,0.261,0.729
430000,0.012,0.223,0.765
430500,0.010,0.509,0.481
431000,0.010,0.264,0.726
431500,0.010,0.387,0.603
432000,0.010,0.237,0.753
432500,0.010,0.293,0.697
433000,0.010,0.253,0.737
433500,0.010,0.402,0.588
434000,0.010,0.248,0.742
434500,0.010,0.257,0.733
435000,0.010,0.387,0.603
435500,0.010,0.356,0.634
436000,0.010,0.324,0.666
436500,0.010,0.288,0.702
437000,0.010,0.382,0.608
437500,0.010,0.349,0.641
438000,0.010,0.276,0.714
438500,0.010,0.341,0.649
439000,0.010,0.416,0.574
439500,0.010,0.233,0.757
440000,0.010,0.282,0.708
440500,0.010,0.303,0.687
441000,0.010,0.357,0.633
441500,0.010,0.251,0.739
442000,0.010,0.238,0.752
442500,0.010,0.267,0.723
443000,0.010,0.238,0.752
443500,0.010,0.395,0.595
444000,0.010,0.303,0.687
444500,0.010,0.360,0.630
445000,0.010,0.370,0.620
445500,0.010,0.257,0.733
446000,0.010,0.309,0.681
446500,0.010,0.181,0.809
447000,0.010,0.387,0.603
447500,0.010,0.279,0.711
448000,0.010,0.284,0.706
448500,0.010,0.354,0.636
449000,0.010,0.262,0.728
449500,0.010,0.272,0.718
450000,0.010,0.348,0.642
450500,0.011,0.260,0.729
451000,0.010,0.326,0.664
451500,0.010,0.337,0.653
452000,0.010,0.300,0.690
452500,0.010,0.348,0.642
453000,0.010,0.315,0.675
453500,0.010,0.322,0.668
454000,0.010,0.267,0.723
454500,0.010,0.309,0.681
455000,0.011,0.284,0.705
455500,0.010,0.357,0.633
456000,0.010,0.420,0.570
456500,0.014,0.222,0.764
457000,0.010,0.256,0.734
457500,0.010,0.309,0.681
458000,0.010,0.293,0.697
458500,0.010,0.389,0.601
459000,0.010,0.311,0.679
459500,0.010,0.325,0.665
460000,0.010,0.250,0.740
460500,0.010,0.321,0.669
461000,0.010,0.281,0.709
461500,0.010,0.332,0.658
462000,0.010,0.227,0.763
462500,0.010,0.327,0.663
463000,0.010,0.236,0.754
463500,0.010,0.332,0.658
464000,0.010,0.402,0.588
464500,0.015,0.236,0.749
465000,0.010,0.312,0.678
465500,0.010,0.403,0.587
466000,0.010,0.313,0.677
466500,0.010,0.289,0.701
467000,0.010,0.337,0.653
467500,0.031,0.198,0.771
468000,0.010,0.366,0.624
468500,0.010,0.303,0.687
469000,0.010,0.273,0.717
469500,0.010,0.299,0.691
470000,0.010,0.475,0.515
470500,0.010,0.391,0.599
471000,0.010,0.410,0.580
471500,0.010,0.378,0.612
472000,0.010,0.346,0.644
472500,0.010,0.167,0.823
473000,0.010,0.295,0.695
473500,0.010,0.336,0.654
474000,0.010,0.317,0.673
474500,0.010,0.360,0.630
475000,0.010,0.324,0.666
475500,0.010,0.327,0.663
476000,0.010,0.341,0.649
476500,0.010,0.247,0.743
477000,0.010,0.412,0.578
477500,0.010,0.233,0.757
478000,0.010,0.229,0.761
478500,0.010,0.351,0.639
479000,0.010,0.278,0.712
479500,0.010,0.354,0.636
480000,0.010,0.324,0.666
480500,0.010,0.262,0.728
481000,0.010,0.230,0.760
481500,0.010,0.288,0.702
482000,0.010,0.277,0.713
482500,0.010,0.202,0.788
483000,0.010,0.406,0.584
483500,0.010,0.307,0.683
484000,0.010,0.269,0.721
484500,0.010,0.282,0.708
485000,0.010,0.468,0.522
485500,0.010,0.378,0.612
486000,0.010,0.360,0.630
486500,0.010,0.371,0.619
487000,0.010,0.288,0.702
487500,0.010,0.282,0.708
488000,0.010,0.378,0.612
488500,0.010,0.288,0.702
489000,0.010,0.267,0.723
489500,0.010,0.216,0.774
490000,0.010,0.371,0.619
490500,0.010,0.335,0.655
491000,0.010,0.352,0.638
491500,0.010,0.285,0.705
492000,0.010,0.374,0.616
492500,0.010,0.261,0.729
493000,0.010,0.248,0.742
493500,0.010,0.344,0.646
494000,0.016,0.223,0.761
494500,0.010,0.291,0.699
495000,0.010,0.289,0.701
495500,0.010,0.249,0.741
496000,0.010,0.310,0.680
496500,0.010,0.219,0.771
497000,0.010,0.316,0.674
497500,0.010,0.349,0.641
498000,0.010,0.336,0.654
498500,0.010,0.198,0.792
499000,0.010,0.295,0.695
499500,0.010,0.407,0.583
500000,0.010,0.304,0.686
500500,0.010,0.388,0.602
501000,0.010,0.282,0.708
501500,0.010,0.404,0.586
502000,0.010,0.285,0.705
502500,0.010,0.431,0.559
503000,0.010,0.397,0.593
503500,0.010,0.307,0.683
504000,0.010,0.280,0.710
504500,0.010,0.381,0.609
505000,0.010,0.471,0.519
505500,0.010,0.398,0.592
506000,0.010,0.231,0.759
506500,0.010,0.248,0.742
507000,0.010,0.360,0.630
507500,0.010,0.251,0.739
508000,0.010,0.231,0.759
508500,0.010,0.182,0.808
509000,0.010,0.144,0.846
509500,0.011,0.162,0.827
510000,0.010,0.228,0.762
510500,0.010,0.381,0.609
511000,0.010,0.421,0.569
511500,0.010,0.314,0.676
512000,0.010,0.283,0.707
512500,0.010,0.270,0.720
513000,0.010,0.321,0.669
513500,0.010,0.249,0.741
514000,0.010,0.456,0.534
514500,0.010,0.377,0.613
515000,0.010,0.257,0.733
515500,0.010,0.317,0.673
516000,0.010,0.375,0.615
516500,0.010,0.320,0.670
517000,0.010,0.331,0.659
517500,0.011,0.179,0.810
518000,0.010,0.196,0.794
518500,0.010,0.323,0.667
519000,0.010,0.310,0.680
519500,0.040,0.195,0.765
520000,0.010,0.354,0.636
520500,0.011,0.360,0.629
521000,0.010,0.333,0.657
521500,0.010,0.314,0.676
522000,0.010,0.154,0.836
522500,0.010,0.347,0.643
523000,0.010,0.243,0.747
523500,0.010,0.298,0.692
524000,0.010,0.361,0.629
524500,0.010,0.370,0.620
525000,0.022,0.231,0.747
525500,0.011,0.243,0.746
526000,0.010,0.238,0.752
526500,0.010,0.324,0.666
527000,0.010,0.268,0.722
527500,0.010,0.336,0.654
528000,0.010,0.269,0.721
528500,0.010,0.334,0.656
529000,0.010,0.238,0.752
529500,0.010,0.316,0.674
530000,0.010,0.268,0.722
530500,0.010,0.351,0.639
531000,0.010,0.256,0.734
531500,0.010,0.327,0.663
532000,0.010,0.344,0.646
532500,0.010,0.287,0.703
533000,0.010,0.466,0.524
533500,0.010,0.354,0.636
534000,0.010,0.249,0.741
534500,0.010,0.474,0.516
535000,0.010,0.309,0.681
535500,0.021,0.239,0.740
536000,0.010,0.332,0.658
536500,0.010,0.413,0.577
537000,0.010,0.387,0.603
537500,0.010,0.231,0.759
538000,0.010,0.297,0.693
538500,0.010,0.353,0.637
539000,0.010,0.216,0.774
539500,0.010,0.354,0.636
540000,0.010,0.266,0.724
540500,0.010,0.365,0.625
541000,0.010,0.260,0.730
541500,0.010,0.213,0.777
542000,0.010,0.236,0.754
542500,0.010,0.338,0.652
543000,0.010,0.527,0.463
543500,0.010,0.315,0.675
544000,0.010,0.374,0.616
544500,0.010,0.361,0.629
545000,0.010,0.492,0.498
545500,0.010,0.343,0.647
546000,0.010,0.316,0.674
546500,0.010,0.286,0.704
547000,0.010,0.384,0.606
547500,0.010,0.545,0.445
548000,0.010,0.285,0.705
548500,0.010,0.287,0.703
549000,0.010,0.341,0.649
549500,0.010,0.329,0.661
550000,0.010,0.274,0.716
550500,0.010,0.264,0.726
551000,0.010,0.286,0.704
551500,0.031,0.153,0.816
552000,0.010,0.323,0.667
552500,0.010,0.308,0.682
553000,0.010,0.299,0.691
553500,0.010,0.199,0.791
554000,0.010,0.263,0.727
554500,0.010,0.345,0.645
555000,0.010,0.288,0.702
555500,0.010,0.254,0.736
556000,0.010,0.292,0.698
556500,0.010,0.396,0.594
557000,0.010,0.350,0.640
557500,0.010,0.248,0.742
558000,0.010,0.334,0.656
558500,0.010,0.460,0.530
559000,0.010,0.405,0.585
559500,0.010,0.429,0.561
560000,0.010,0.325,0.665
560500,0.010,0.497,0.493
561000,0.010,0.328,0.662
561500,0.010,0.343,0.647
562000,0.010,0.327,0.663
562500,0.010,0.331,0.659
563000,0.010,0.279,0.711
563500,0.045,0.147,0.808
564000,0.010,0.345,0.645
564500,0.010,0.346,0.644
565000,0.010,0.257,0.733
565500,0.010,0.256,0.734
566000,0.010,0.325,0.665
566500,0.010,0.291,0.699
567000,0.010,0.395,0.595
567500,0.010,0.354,0.636
568000,0.010,0.375,0.615
568500,0.010,0.244,0.746
569000,0.010,0.322,0.668
569500,0.010,0.238,0.752
570000,0.010,0.335,0.655
570500,0.011,0.289,0.700
571000,0.010,0.326,0.664
571500,0.010,0.444,0.546
572000,0.023,0.210,0.767
572500,0.011,0.164,0.825
573000,0.010,0.380,0.610
573500,0.010,0.366,0.624
574000,0.010,0.277,0.713
574500,0.010,0.424,0.566
575000,0.010,0.171,0.819
575500,0.010,0.371,0.619
576000,0.010,0.286,0.704
576500,0.010,0.431,0.559
577000,0.010,0.282,0.708
577500,0.010,0.274,0.716
578000,0.010,0.374,0.616
578500,0.010,0.437,0.553
579000,0.010,0.417,0.573
579500,0.010,0.376,0.614
580000,0.010,0.303,0.687
580500,0.010,0.342,0.648
581000,0.010,0.313,0.677
581500,0.010,0.273,0.717
582000,0.010,0.360,0.630
582500,0.010,0.344,0.646
583000,0.010,0.364,0.626
583500,0.010,0.439,0.551
584000,0.010,0.332,0.658
584500,0.010,0.321,0.669
585000,0.010,0.250,0.740
585500,0.010,0.305,0.685
586000,0.010,0.253,0.737
586500,0.010,0.397,0.593
587000,0.010,0.229,0.761
587500,0.010,0.396,0.594
588000,0.010,0.384,0.606
588500,0.010,0.265,0.725
589000,0.010,0.480,0.510
589500,0.010,0.379,0.611
590000,0.010,0.313,0.677
590500,0.010,0.296,0.694
591000,0.010,0.292,0.698
591500,0.010,0.183,0.807
592000,0.010,0.282,0.708
592500,0.010,0.412,0.578
593000,0.018,0.321,0.661
593500,0.010,0.374,0.616
594000,0.011,0.259,0.730
594500,0.010,0.340,0.650
595000,0.010,0.329,0.661
595500,0.010,0.231,0.759
596000,0.010,0.238,0.752
596500,0.010,0.424,0.566
597000,0.010,0.383,0.607
597500,0.010,0.383,0.607
598000,0.010,0.252,0.738
598500,0.010,0.417,0.573
599000,0.010,0.277,0.713
599500,0.010,0.199,0.791
600000,0.010,0.310,0.680
600500,0.010,0.321,0.669
601000,0.010,0.262,0.728
601500,0.010,0.296,0.694
602000,0.010,0.336,0.654
602500,0.010,0.331,0.659
603000,0.010,0.360,0.630
603500,0.010,0.438,0.552
604000,0.023,0.213,0.764
604500,0.016,0.308,0.676
605000,0.010,0.353,0.637
605500,0.010,0.294,0.696
606000,0.010,0.418,0.572
606500,0.010,0.387,0.603
607000,0.010,0.345,0.645
607500,0.011,0.212,0.777
608000,0.010,0.292,0.698
608500,0.010,0.324,0.666
609000,0.010,0.379,0.611
609500,0.012,0.342,0.646
610000,0.010,0.219,0.771
610500,0.010,0.282,0.708
611000,0.010,0.342,0.648
611500,0.010,0.229,0.761
612000,0.010,0.381,0.609
612500,0.010,0.302,0.688
613000,0.010,0.209,0.781
613500,0.010,0.213,0.777
614000,0.010,0.235,0.755
614500,0.010,0.333,0.657
615000,0.010,0.231,0.759
615500,0.010,0.388,0.602
616000,0.010,0.260,0.730
616500,0.010,0.250,0.740
617000,0.010,0.319,0.671
617500,0.010,0.227,0.763
618000,0.010,0.348,0.642
618500,0.010,0.358,0.632
619000,0.010,0.301,0.689
619500,0.010,0.207,0.783
620000,0.010,0.271,0.719
620500,0.010,0.329,0.661
621000,0.010,0.203,0.787
621500,0.010,0.361,0.629
622000,0.010,0.297,0.693
622500,0.010,0.236,0.754
623000,0.010,0.301,0.689
623500,0.010,0.412,0.578
624000,0.010,0.291,0.699
624500,0.010,0.283,0.707
625000,0.010,0.390,0.600
625500,0.010,0.297,0.693
626000,0.010,0.395,0.595
626500,0.010,0.305,0.685
627000,0.010,0.217,0.773
627500,0.010,0.329,0.661
628000,0.010,0.264,0.726
628500,0.010,0.383,0.607
629000,0.015,0.164,0.821
629500,0.010,0.214,0.776
630000,0.010,0.250,0.740
630500,0.010,0.326,0.664
631000,0.015,0.244,0.741
631500,0.010,0.325,0.665
632000,0.011,0.164,0.825
632500,0.010,0.323,0.667
633000,0.010,0.329,0.661
633500,0.010,0.409,0.581
634000,0.010,0.414,0.576
634500,0.010,0.315,0.675
635000,0.012,0.328,0.660
635500,0.010,0.294,0.696
636000,0.010,0.287,0.703
636500,0.010,0.399,0.591
637000,0.010,0.326,0.664
637500,0.010,0.277,0.713
638000,0.010,0.372,0.618
638500,0.010,0.236,0.754
639000,0.010,0.324,0.666
639500,0.010,0.395,0.595
640000,0.010,0.288,0.702
640500,0.010,0.368,0.622
641000,0.010,0.364,0.626
641500,0.010,0.315,0.675
642000,0.010,0.421,0.569
642500,0.010,0.376,0.614
643000,0.010,0.379,0.611
643500,0.010,0.270,0.720
644000,0.010,0.307,0.683
644500,0.010,0.309,0.681
645000,0.010,0.277,0.713
645500,0.011,0.318,0.671
646000,0.010,0.192,0.798
646500,0.010,0.265,0.725
647000,0.010,0.443,0.547
647500,0.010,0.326,0.664
648000,0.010,0.294,0.696
648500,0.010,0.359,0.631
649000,0.010,0.219,0.771
649500,0.017,0.239,0.744
650000,0.010,0.321,0.669
650500,0.010,0.297,0.693
651000,0.010,0.307,0.683
651500,0.010,0.352,0.638
652000,0.010,0.334,0.656
652500,0.010,0.363,0.627
653000,0.010,0.410,0.580
653500,0.010,0.278,0.712
654000,0.010,0.295,0.695
654500,0.010,0.386,0.604
655000,0.010,0.268,0.722
655500,0.010,0.369,0.621
656000,0.010,0.265,0.725
656500,0.010,0.351,0.639
657000,0.010,0.360,0.630
657500,0.010,0.336,0.654
658000,0.010,0.404,0.586
658500,0.010,0.276,0.714
659000,0.010,0.367,0.623
659500,0.010,0.345,0.645
660000,0.010,0.295,0.695
660500,0.010,0.326,0.664
661000,0.018,0.204,0.778
661500,0.010,0.385,0.605
662000,0.010,0.403,0.587
662500,0.010,0.241,0.749
663000,0.010,0.372,0.618
663500,0.010,0.268,0.722
664000,0.010,0.242,0.748
664500,0.010,0.365,0.625
665000,0.010,0.406,0.584
665500,0.010,0.410,0.580
666000,0.010,0.386,0.604
666500,0.010,0.337,0.653
667000,0.010,0.292,0.698
667500,0.013,0.274,0.713
668000,0.010,0.311,0.679
668500,0.010,0.365,0.625
669000,0.010,0.360,0.630
669500,0.010,0.371,0.619
670000,0.010,0.325,0.665
670500,0.010,0.353,0.637
671000,0.010,0.321,0.669
671500,0.010,0.345,0.645
672000,0.010,0.242,0.748
672500,0.010,0.462,0.528
673000,0.010,0.302,0.688
673500,0.010,0.308,0.682
674000,0.010,0.296,0.694
674500,0.010,0.327,0.663
675000,0.010,0.332,0.658
675500,0.010,0.469,0.521
676000,0.010,0.329,0.661
676500,0.010,0.337,0.653
677000,0.010,0.352,0.638
677500,0.010,0.428,0.562
678000,0.010,0.236,0.754
678500,0.018,0.228,0.754
679000,0.010,0.331,0.659
679500,0.010,0.286,0.704
680000,0.010,0.346,0.644
680500,0.010,0.357,0.633
681000,0.010,0.381,0.609
681500,0.010,0.339,0.651
682000,0.010,0.369,0.621
682500,0.010,0.363,0.627
683000,0.010,0.376,0.614
683500,0.010,0.414,0.576
684000,0.010,0.286,0.704
684500,0.010,0.202,0.788
685000,0.010,0.473,0.517
685500,0.010,0.322,0.668
686000,0.010,0.300,0.690
686500,0.010,0.349,0.641
687000,0.010,0.337,0.653
687500,0.010,0.443,0.547
688000,0.010,0.451,0.539
688500,0.010,0.378,0.612
689000,0.010,0.378,0.612
689500,0.010,0.437,0.553
690000,0.010,0.307,0.683
690500,0.010,0.297,0.693
691000,0.010,0.328,0.662
691500,0.010,0.363,0.627
692000,0.010,0.281,0.709
692500,0.010,0.267,0.723
693000,0.010,0.345,0.645
693500,0.010,0.326,0.664
694000,0.010,0.308,0.682
694500,0.010,0.251,0.739
695000,0.010,0.233,0.757
695500,0.010,0.258,0.732
696000,0.010,0.499,0.491
696500,0.010,0.353,0.637
697000,0.010,0.386,0.604
697500,0.010,0.375,0.615
698000,0.010,0.311,0.679
698500,0.010,0.376,0.614
699000,0.010,0.319,0.671
699500,0.011,0.239,0.750
700000,0.010,0.330,0.660
700500,0.010,0.441,0.549
701000,0.010,0.288,0.702
701500,0.010,0.240,0.750
702000,0.010,0.330,0.660
702500,0.010,0.448,0.542
703000,0.010,0.345,0.645
703500,0.010,0.221,0.769
704000,0.010,0.317,0.673
704500,0.010,0.315,0.675
705000,0.010,0.417,0.573
705500,0.010,0.236,0.754
706000,0.010,0.332,0.658
706500,0.010,0.235,0.755
707000,0.010,0.272,0.718
707500,0.010,0.302,0.688
708000,0.010,0.294,0.696
708500,0.010,0.321,0.669
709000,0.010,0.464,0.526
709500,0.010,0.439,0.551
710000,0.010,0.270,0.720
710500,0.010,0.290,0.700
711000,0.010,0.210,0.780
711500,0.010,0.241,0.749
712000,0.010,0.320,0.670
712500,0.010,0.351,0.639
713000,0.010,0.341,0.649
713500,0.010,0.411,0.579
714000,0.010,0.291,0.699
714500,0.010,0.316,0.674
715000,0.010,0.374,0.616
715500,0.010,0.252,0.738
716000,0.010,0.351,0.639
716500,0.010,0.263,0.727
717000,0.010,0.401,0.589
717500,0.010,0.281,0.709
718000,0.011,0.195,0.794
718500,0.010,0.309,0.681
719000,0.010,0.304,0.686
719500,0.010,0.302,0.688
720000,0.010,0.354,0.636
720500,0.010,0.260,0.730
721000,0.010,0.348,0.642
721500,0.010,0.329,0.661
722000,0.010,0.272,0.718
722500,0.010,0.338,0.652
723000,0.010,0.350,0.640
723500,0.010,0.516,0.474
724000,0.010,0.299,0.691
724500,0.010,0.294,0.696
725000,0.011,0.303,0.686
725500,0.010,0.282,0.708
726000,0.010,0.272,0.718
726500,0.013,0.289,0.698
727000,0.010,0.385,0.605
727500,0.010,0.359,0.631
728000,0.010,0.199,0.791
728500,0.010,0.282,0.708
729000,0.010,0.268,0.722
729500,0.010,0.370,0.620
730000,0.010,0.391,0.599
730500,0.010,0.348,0.642
731000,0.010,0.341,0.649
731500,0.010,0.227,0.763
732000,0.010,0.255,0.735
732500,0.010,0.254,0.736
733000,0.010,0.313,0.677
733500,0.013,0.312,0.675
734000,0.010,0.348,0.642
734500,0.010,0.262,0.728
735000,0.010,0.427,0.563
735500,0.010,0.261,0.729
736000,0.010,0.349,0.641
736500,0.010,0.351,0.639
737000,0.010,0.297,0.693
737500,0.010,0.323,0.667
738000,0.010,0.228,0.762
738500,0.010,0.270,0.720
739000,0.010,0.279,0.711
739500,0.010,0.273,0.717
740000,0.010,0.359,0.631
740500,0.010,0.382,0.608
741000,0.010,0.424,0.566
741500,0.010,0.220,0.770
742000,0.010,0.399,0.591
742500,0.010,0.344,0.646
743000,0.010,0.315,0.675
743500,0.010,0.265,0.725
744000,0.010,0.264,0.726
744500,0.010,0.321,0.669
745000,0.010,0.369,0.621
745500,0.010,0.261,0.729
746000,0.010,0.213,0.777
746500,0.011,0.230,0.759
747000,0.013,0.196,0.791
747500,0.010,0.388,0.602
748000,0.010,0.363,0.627
748500,0.010,0.286,0.704
749000,0.010,0.307,0.683
749500,0.010,0.258,0.732
750000,0.013,0.211,0.776
750500,0.010,0.312,0.678
751000,0.010,0.438,0.552
751500,0.010,0.245,0.745
752000,0.011,0.321,0.668
752500,0.010,0.401,0.589
753000,0.010,0.269,0.721
753500,0.010,0.286,0.704
754000,0.010,0.348,0.642
754500,0.010,0.476,0.514
755000,0.010,0.321,0.669
755500,0.010,0.505,0.485
756000,0.010,0.316,0.674
756500,0.010,0.314,0.676
757000,0.010,0.285,0.705
757500,0.010,0.379,0.611
758000,0.010,0.304,0.686
758500,0.037,0.209,0.754
759000,0.010,0.251,0.739
759500,0.010,0.459,0.531
760000,0.010,0.236,0.754
760500,0.010,0.278,0.712
761000,0.010,0.258,0.732
761500,0.010,0.362,0.628
762000,0.010,0.380,0.610
762500,0.010,0.277,0.713
763000,0.010,0.253,0.737
763500,0.010,0.313,0.677
764000,0.010,0.377,0.613
764500,0.010,0.407,0.583
765000,0.010,0.441,0.549
765500,0.010,0.209,0.781
766000,0.010,0.316,0.674
766500,0.010,0.298,0.692
767000,0.010,0.308,0.682
767500,0.010,0.366,0.624
768000,0.010,0.255,0.735
768500,0.010,0.335,0.655
769000,0.010,0.333,0.657
769500,0.010,0.326,0.664
770000,0.010,0.232,0.758
770500,0.010,0.239,0.751
771000,0.010,0.292,0.698
771500,0.010,0.313,0.677
772000,0.010,0.367,0.623
772500,0.010,0.422,0.568
773000,0.010,0.352,0.638
773500,0.010,0.267,0.723
774000,0.010,0.281,0.709
774500,0.010,0.382,0.608
775000,0.010,0.380,0.610
775500,0.010,0.389,0.601
776000,0.010,0.451,0.539
776500,0.010,0.280,0.710
777000,0.010,0.421,0.569
777500,0.010,0.343,0.647
778000,0.010,0.370,0.620
778500,0.010,0.385,0.605
779000,0.010,0.405,0.585
779500,0.010,0.285,0.705
780000,0.010,0.204,0.786
780500,0.010,0.290,0.700
781000,0.010,0.189,0.801
781500,0.010,0.346,0.644
782000,0.010,0.285,0.705
782500,0.010,0.301,0.689
783000,0.010,0.465,0.525
783500,0.010,0.338,0.652
784000,0.010,0.276,0.714
784500,0.010,0.347,0.643
785000,0.010,0.401,0.589
785500,0.010,0.435,0.555
786000,0.010,0.278,0.712
786500,0.010,0.294,0.696
787000,0.010,0.401,0.589
787500,0.010,0.238,0.752
788000,0.010,0.288,0.702
788500,0.010,0.306,0.684
789000,0.010,0.304,0.686
789500,0.010,0.307,0.683
790000,0.010,0.280,0.710
790500,0.010,0.271,0.719
791000,0.010,0.243,0.747
791500,0.013,0.312,0.675
792000,0.010,0.320,0.670
792500,0.014,0.271,0.715
793000,0.010,0.447,0.543
793500,0.010,0.319,0.671
794000,0.010,0.315,0.675
794500,0.010,0.420,0.570
795000,0.010,0.259,0.731
795500,0.010,0.409,0.581
796000,0.010,0.434,0.556
796500,0.010,0.345,0.645
797000,0.010,0.427,0.563
797500,0.010,0.352,0.638
798000,0.010,0.284,0.706
798500,0.010,0.323,0.667
799000,0.010,0.289,0.701
799500,0.010,0.334,0.656
800000,0.010,0.229,0.761
800500,0.010,0.221,0.769
801000,0.010,0.323,0.667
801500,0.010,0.281,0.709
802000,0.010,0.248,0.742
802500,0.010,0.337,0.653
803000,0.010,0.340,0.650
803500,0.012,0.229,0.759
804000,0.010,0.300,0.690
804500,0.010,0.307,0.683
805000,0.010,0.313,0.677
805500,0.010,0.259,0.731
806000,0.010,0.379,0.611
806500,0.010,0.370,0.620
807000,0.010,0.326,0.664
807500,0.010,0.396,0.594
808000,0.010,0.308,0.682
808500,0.029,0.167,0.804
809000,0.011,0.242,0.747
809500,0.010,0.163,0.827
810000,0.010,0.341,0.649
810500,0.010,0.347,0.643
811000,0.010,0.329,0.661
811500,0.010,0.483,0.507
812000,0.010,0.297,0.693
812500,0.010,0.292,0.698
813000,0.010,0.356,0.634
813500,0.010,0.211,0.779
814000,0.010,0.348,0.642
814500,0.010,0.228,0.762
815000,0.010,0.318,0.672
815500,0.010,0.281,0.709
816000,0.010,0.280,0.710
816500,0.010,0.359,0.631
817000,0.010,0.323,0.667
817500,0.010,0.278,0.712
818000,0.010,0.348,0.642
818500,0.010,0.247,0.743
819000,0.010,0.272,0.718
819500,0.010,0.295,0.695
820000,0.010,0.333,0.657
820500,0.010,0.290,0.700
821000,0.010,0.372,0.618
821500,0.010,0.280,0.710
822000,0.010,0.284,0.706
822500,0.010,0.350,0.640
823000,0.022,0.109,0.869
823500,0.010,0.234,0.756
824000,0.014,0.220,0.766
824500,0.010,0.288,0.702
825000,0.010,0.341,0.649
825500,0.010,0.239,0.751
826000,0.010,0.407,0.583
826500,0.010,0.378,0.612
827000,0.010,0.320,0.670
827500,0.010,0.255,0.735
828000,0.010,0.343,0.647
828500,0.010,0.258,0.732
829000,0.010,0.489,0.501
829500,0.010,0.322,0.668
830000,0.010,0.290,0.700
830500,0.010,0.258,0.732
831000,0.010,0.396,0.594
831500,0.010,0.299,0.691
832000,0.010,0.348,0.642
832500,0.010,0.343,0.647
833000,0.010,0.287,0.703
833500,0.010,0.293,0.697
834000,0.010,0.284,0.706
834500,0.010,0.165,0.825
835000,0.010,0.317,0.673
835500,0.010,0.293,0.697
836000,0.010,0.209,0.781
836500,0.010,0.417,0.573
837000,0.010,0.357,0.633
837500,0.010,0.330,0.660
838000,0.010,0.353,0.637
838500,0.010,0.311,0.679
839000,0.010,0.298,0.692
839500,0.010,0.452,0.538
840000,0.010,0.355,0.635
840500,0.010,0.345,0.645
841000,0.010,0.242,0.748
841500,0.010,0.214,0.776
842000,0.010,0.387,0.603
842500,0.010,0.282,0.708
843000,0.010,0.353,0.637
843500,0.010,0.303,0.687
844000,0.010,0.326,0.664
844500,0.010,0.354,0.636
845000,0.010,0.387,0.603
845500,0.010,0.389,0.601
846000,0.010,0.264,0.726
846500,0.010,0.513,0.477
847000,0.010,0.292,0.698
847500,0.010,0.240,0.750
848000,0.010,0.392,0.598
848500,0.010,0.296,0.694
849000,0.010,0.253,0.737
849500,0.010,0.368,0.622
850000,0.010,0.304,0.686
850500,0.010,0.313,0.677
851000,0.010,0.245,0.745
851500,0.010,0.378,0.612
852000,0.010,0.536,0.454
852500,0.010,0.241,0.749
853000,0.010,0.309,0.681
853500,0.010,0.239,0.751
854000,0.010,0.256,0.734
854500,0.010,0.349,0.641
855000,0.010,0.353,0.637
855500,0.010,0.304,0.686
856000,0.010,0.274,0.716
856500,0.010,0.270,0.720
857000,0.010,0.476,0.514
857500,0.010,0.369,0.621
858000,0.010,0.264,0.726
858500,0.010,0.229,0.761
859000,0.010,0.237,0.753
859500,0.010,0.218,0.772
860000,0.010,0.318,0.672
860500,0.010,0.274,0.716
861000,0.010,0.204,0.786
861500,0.010,0.231,0.759
862000,0.010,0.267,0.723
862500,0.010,0.283,0.707
863000,0.010,0.290,0.700
863500,0.010,0.331,0.659
864000,0.010,0.264,0.726
864500,0.010,0.290,0.700
865000,0.010,0.270,0.720
865500,0.010,0.275,0.715
866000,0.010,0.263,0.727
866500,0.010,0.225,0.765
867000,0.010,0.300,0.690
867500,0.014,0.274,0.712
868000,0.010,0.313,0.677
868500,0.010,0.379,0.611
869000,0.010,0.366,0.624
869500,0.010,0.314,0.676
870000,0.010,0.264,0.726
870500,0.010,0.201,0.789
871000,0.010,0.145,0.845
871500,0.014,0.313,0.673
872000,0.010,0.342,0.648
872500,0.010,0.242,0.748
873000,0.010,0.242,0.748
873500,0.010,0.244,0.746
874000,0.010,0.347,0.643
874500,0.010,0.298,0.692
875000,0.010,0.180,0.810
875500,0.010,0.330,0.660
876000,0.010,0.379,0.611
876500,0.010,0.408,0.582
877000,0.010,0.286,0.704
877500,0.010,0.245,0.745
878000,0.012,0.196,0.792
878500,0.010,0.292,0.698
879000,0.010,0.326,0.664
879500,0.010,0.296,0.694
880000,0.010,0.297,0.693
880500,0.010,0.231,0.759
881000,0.010,0.307,0.683
881500,0.010,0.296,0.694
882000,0.010,0.227,0.763
882500,0.010,0.323,0.667
883000,0.010,0.304,0.686
883500,0.010,0.331,0.659
884000,0.010,0.426,0.564
884500,0.010,0.313,0.677
885000,0.010,0.241,0.749
885500,0.010,0.224,0.766
886000,0.010,0.224,0.766
886500,0.010,0.353,0.637
887000,0.011,0.311,0.678
887500,0.010,0.291,0.699
888000,0.010,0.319,0.671
888500,0.010,0.525,0.465
889000,0.010,0.363,0.627
889500,0.010,0.302,0.688
890000,0.010,0.317,0.673
890500,0.010,0.259,0.731
891000,0.010,0.219,0.771
891500,0.010,0.348,0.642
892000,0.010,0.249,0.741
892500,0.010,0.394,0.596
893000,0.010,0.374,0.616
893500,0.010,0.256,0.734
894000,0.010,0.278,0.712
894500,0.010,0.378,0.612
895000,0.010,0.362,0.628
895500,0.010,0.292,0.698
896000,0.010,0.405,0.585
896500,0.010,0.318,0.672
897000,0.010,0.380,0.610
897500,0.010,0.376,0.614
898000,0.010,0.416,0.574
898500,0.010,0.386,0.604
899000,0.010,0.320,0.670
899500,0.010,0.267,0.723
900000,0.010,0.189,0.801
900500,0.010,0.251,0.739
901000,0.010,0.271,0.719
901500,0.012,0.231,0.757
902000,0.010,0.260,0.730
902500,0.010,0.302,0.688
903000,0.010,0.302,0.688
903500,0.046,0.148,0.806
904000,0.011,0.332,0.657
904500,0.012,0.292,0.696
905000,0.010,0.272,0.718
905500,0.010,0.347,0.643
906000,0.010,0.392,0.598
906500,0.010,0.280,0.710
907000,0.010,0.162,0.828
907500,0.010,0.330,0.660
908000,0.010,0.332,0.658
908500,0.010,0.279,0.711
909000,0.010,0.306,0.684
909500,0.010,0.222,0.768
910000,0.010,0.240,0.750
910500,0.010,0.276,0.714
911000,0.010,0.338,0.652
911500,0.010,0.398,0.592
912000,0.010,0.337,0.653
912500,0.010,0.398,0.592
913000,0.010,0.382,0.608
913500,0.010,0.280,0.710
914000,0.010,0.255,0.735
914500,0.010,0.463,0.527
915000,0.010,0.372,0.618
915500,0.010,0.390,0.600
916000,0.010,0.290,0.700
916500,0.010,0.407,0.583
917000,0.010,0.373,0.617
917500,0.010,0.274,0.716
918000,0.010,0.267,0.723
918500,0.010,0.241,0.749
919000,0.010,0.358,0.632
919500,0.010,0.349,0.641
920000,0.010,0.312,0.678
920500,0.010,0.255,0.735
921000,0.010,0.436,0.554
921500,0.010,0.327,0.663
922000,0.010,0.237,0.753
922500,0.010,0.245,0.745
923000,0.010,0.309,0.681
923500,0.010,0.327,0.663
924000,0.010,0.328,0.662
924500,0.010,0.330,0.660
925000,0.010,0.306,0.684
925500,0.010,0.380,0.610
926000,0.010,0.248,0.742
926500,0.022,0.242,0.736
927000,0.010,0.245,0.745
927500,0.010,0.528,0.462
928000,0.010,0.308,0.682
928500,0.010,0.315,0.675
929000,0.010,0.335,0.655
929500,0.015,0.272,0.713
930000,0.010,0.280,0.710
930500,0.010,0.435,0.555
931000,0.010,0.332,0.658
931500,0.010,0.437,0.553
932000,0.010,0.363,0.627
932500,0.010,0.500,0.490
933000,0.010,0.282,0.708
933500,0.010,0.336,0.654
934000,0.010,0.270,0.720
934500,0.027,0.222,0.751
935000,0.010,0.264,0.726
935500,0.010,0.235,0.755
936000,0.010,0.396,0.594
936500,0.010,0.234,0.756
937000,0.010,0.321,0.669
937500,0.010,0.364,0.626
938000,0.010,0.313,0.677
938500,0.010,0.223,0.767
939000,0.010,0.325,0.665
939500,0.010,0.240,0.750
940000,0.010,0.406,0.584
940500,0.010,0.323,0.667
941000,0.010,0.403,0.587
941500,0.010,0.301,0.689
942000,0.013,0.308,0.679
942500,0.010,0.207,0.783
943000,0.010,0.226,0.764
943500,0.010,0.332,0.658
944000,0.010,0.297,0.693
944500,0.010,0.316,0.674
945000,0.010,0.409,0.581
945500,0.010,0.358,0.632
946000,0.010,0.384,0.606
946500,0.010,0.297,0.693
947000,0.010,0.338,0.652
947500,0.010,0.325,0.665
948000,0.010,0.278,0.712
948500,0.010,0.316,0.674
949000,0.010,0.275,0.715
949500,0.010,0.299,0.691
950000,0.010,0.411,0.579
950500,0.010,0.253,0.737
951000,0.010,0.354,0.636
951500,0.010,0.298,0.692
952000,0.010,0.287,0.703
952500,0.010,0.294,0.696
953000,0.010,0.255,0.735
953500,0.010,0.274,0.716
954000,0.010,0.253,0.737
954500,0.010,0.235,0.755
955000,0.010,0.248,0.742
955500,0.010,0.363,0.627
956000,0.010,0.295,0.695
956500,0.010,0.306,0.684
957000,0.010,0.344,0.646
957500,0.010,0.273,0.717
958000,0.010,0.283,0.707
958500,0.010,0.293,0.697
959000,0.010,0.344,0.646
959500,0.010,0.322,0.668
960000,0.010,0.229,0.761
960500,0.010,0.250,0.740
961000,0.010,0.269,0.721
961500,0.010,0.294,0.696
962000,0.010,0.270,0.720
962500,0.010,0.286,0.704
963000,0.010,0.329,0.661
963500,0.020,0.243,0.737
964000,0.010,0.322,0.668
964500,0.010,0.218,0.772
965000,0.010,0.369,0.621
965500,0.010,0.355,0.635
966000,0.010,0.284,0.706
966500,0.010,0.242,0.748
967000,0.010,0.310,0.680
967500,0.010,0.388,0.602
968000,0.010,0.364,0.626
968500,0.010,0.374,0.616
969000,0.010,0.450,0.540
969500,0.019,0.264,0.717
970000,0.010,0.267,0.723
970500,0.010,0.298,0.692
971000,0.010,0.316,0.674
971500,0.010,0.249,0.741
972000,0.010,0.341,0.649
972500,0.010,0.323,0.667
973000,0.010,0.267,0.723
973500,0.010,0.281,0.709
974000,0.010,0.371,0.619
974500,0.010,0.445,0.545
975000,0.010,0.304,0.686
975500,0.010,0.225,0.765
976000,0.010,0.282,0.708
976500,0.010,0.368,0.622
977000,0.010,0.378,0.612
977500,0.010,0.253,0.737
978000,0.010,0.357,0.633
978500,0.010,0.260,0.730
979000,0.010,0.254,0.736
979500,0.010,0.340,0.650
980000,0.010,0.363,0.627
980500,0.010,0.391,0.599
981000,0.010,0.299,0.691
981500,0.010,0.364,0.626
982000,0.010,0.308,0.682
982500,0.010,0.370,0.620
983000,0.010,0.328,0.662
983500,0.010,0.322,0.668
984000,0.010,0.360,0.630
984500,0.010,0.410,0.580
985000,0.010,0.351,0.639
985500,0.010,0.160,0.830
986000,0.010,0.419,0.571
986500,0.010,0.214,0.776
987000,0.010,0.195,0.795
987500,0.010,0.411,0.579
988000,0.010,0.336,0.654
988500,0.010,0.260,0.730
989000,0.010,0.352,0.638
989500,0.010,0.373,0.617
990000,0.010,0.401,0.589
990500,0.010,0.254,0.736
991000,0.010,0.371,0.619
991500,0.010,0.244,0.746
992000,0.010,0.286,0.704
992500,0.010,0.480,0.510
993000,0.010,0.272,0.718
993500,0.010,0.292,0.698
994000,0.010,0.320,0.670
994500,0.010,0.417,0.573
995000,0.010,0.344,0.646
995500,0.010,0.275,0.715
996000,0.010,0.371,0.619
996500,0.010,0.332,0.658
997000,0.010,0.356,0.634
997500,0.010,0.268,0.722
998000,0.010,0.286,0.704
998500,0.010,0.329,0.661
999000,0.010,0.302,0.688
999500,0.010,0.312,0.678
1000000,0.010,0.296,0.694
