time,n_A+p,n_B,n_AB
100,0.030,0.970,0.000
200,0.030,0.968,0.002
300,0.030,0.967,0.003
400,0.030,0.967,0.003
500,0.030,0.967,0.003
600,0.030,0.964,0.006
700,0.030,0.964,0.006
800,0.030,0.962,0.008
900,0.030,0.961,0.009
1000,0.030,0.954,0.016
1100,0.030,0.952,0.018
1200,0.030,0.951,0.019
1300,0.030,0.921,0.049
1400,0.030,0.915,0.055
1500,0.030,0.913,0.057
1600,0.030,0.900,0.070
1700,0.030,0.894,0.077
1800,0.030,0.888,0.083
1900,0.030,0.879,0.091
2000,0.030,0.853,0.117
2100,0.030,0.845,0.126
2200,0.030,0.842,0.129
2300,0.030,0.831,0.139
2400,0.030,0.827,0.143
2500,0.030,0.819,0.151
2600,0.030,0.812,0.158
2700,0.030,0.807,0.163
2800,0.032,0.782,0.186
2900,0.032,0.778,0.190
3000,0.034,0.764,0.202
3100,0.032,0.752,0.217
3200,0.032,0.729,0.239
3300,0.034,0.725,0.241
3400,0.036,0.721,0.243
3500,0.034,0.710,0.256
3600,0.034,0.700,0.267
3700,0.032,0.680,0.288
3800,0.032,0.667,0.301
3900,0.032,0.660,0.308
4000,0.032,0.650,0.319
4100,0.035,0.644,0.322
4200,0.037,0.631,0.332
4300,0.035,0.621,0.344
4400,0.035,0.608,0.358
4500,0.035,0.598,0.368
4600,0.049,0.592,0.359
4700,0.048,0.584,0.368
4800,0.049,0.575,0.376
4900,0.048,0.574,0.378
5000,0.046,0.573,0.381
5100,0.048,0.563,0.389
5200,0.047,0.555,0.398
5300,0.046,0.543,0.411
5400,0.037,0.539,0.424
5500,0.037,0.539,0.424
5600,0.037,0.534,0.429
5700,0.036,0.524,0.440
5800,0.037,0.520,0.443
5900,0.041,0.503,0.457
6000,0.042,0.501,0.458
6100,0.040,0.498,0.462
6200,0.041,0.492,0.467
6300,0.040,0.486,0.474
6400,0.044,0.487,0.469
6500,0.042,0.483,0.475
6600,0.046,0.484,0.470
6700,0.045,0.482,0.473
6800,0.047,0.478,0.475
6900,0.053,0.475,0.472
7000,0.055,0.466,0.479
7100,0.057,0.463,0.480
7200,0.054,0.462,0.484
7300,0.053,0.457,0.490
7400,0.051,0.455,0.494
7500,0.049,0.447,0.504
7600,0.048,0.443,0.509
7700,0.047,0.449,0.504
7800,0.049,0.443,0.508
7900,0.049,0.436,0.515
8000,0.053,0.428,0.519
8100,0.067,0.423,0.510
8200,0.067,0.412,0.521
8300,0.069,0.410,0.521
8400,0.065,0.412,0.523
8500,0.063,0.416,0.521
8600,0.058,0.416,0.526
8700,0.054,0.415,0.531
8800,0.051,0.408,0.541
8900,0.051,0.408,0.541
9000,0.061,0.408,0.531
9100,0.064,0.408,0.528
9200,0.060,0.406,0.534
9300,0.057,0.404,0.538
9400,0.057,0.402,0.540
9500,0.054,0.402,0.543
9600,0.060,0.401,0.538
9700,0.057,0.398,0.544
9800,0.057,0.395,0.547
9900,0.060,0.383,0.557
10000,0.055,0.388,0.557
10100,0.052,0.387,0.561
10200,0.054,0.383,0.563
10300,0.053,0.385,0.562
10400,0.049,0.388,0.563
10500,0.051,0.387,0.562
10600,0.050,0.387,0.563
10700,0.049,0.391,0.560
10800,0.049,0.386,0.565
10900,0.046,0.380,0.574
11000,0.044,0.383,0.573
11100,0.043,0.376,0.581
11200,0.047,0.370,0.583
11300,0.044,0.368,0.588
11400,0.048,0.367,0.585
11500,0.047,0.364,0.589
11600,0.047,0.364,0.589
11700,0.048,0.362,0.590
11800,0.048,0.364,0.588
11900,0.070,0.358,0.572
12000,0.064,0.351,0.584
12100,0.060,0.353,0.586
12200,0.056,0.354,0.589
12300,0.060,0.353,0.586
12400,0.059,0.347,0.593
12500,0.058,0.351,0.590
12600,0.055,0.348,0.597
12700,0.054,0.345,0.601
12800,0.054,0.341,0.605
12900,0.056,0.343,0.601
13000,0.057,0.341,0.602
13100,0.055,0.338,0.607
13200,0.054,0.339,0.607
13300,0.056,0.339,0.605
13400,0.056,0.333,0.611
13500,0.058,0.329,0.613
13600,0.060,0.331,0.609
13700,0.064,0.328,0.608
13800,0.063,0.325,0.612
13900,0.060,0.326,0.614
14000,0.060,0.323,0.617
14100,0.067,0.324,0.609
14200,0.063,0.321,0.616
14300,0.063,0.320,0.617
14400,0.063,0.325,0.612
14500,0.063,0.323,0.614
14600,0.059,0.321,0.620
14700,0.066,0.323,0.611
14800,0.067,0.322,0.611
14900,0.067,0.325,0.608
15000,0.069,0.323,0.608
15100,0.077,0.322,0.602
15200,0.070,0.325,0.605
15300,0.068,0.326,0.606
15400,0.067,0.329,0.604
15500,0.064,0.328,0.608
15600,0.063,0.333,0.604
15700,0.062,0.336,0.602
15800,0.073,0.335,0.592
15900,0.070,0.332,0.598
16000,0.062,0.326,0.612
16100,0.060,0.322,0.618
16200,0.059,0.320,0.621
16300,0.066,0.319,0.615
16400,0.065,0.319,0.616
16500,0.070,0.320,0.610
16600,0.072,0.324,0.605
16700,0.070,0.321,0.609
16800,0.073,0.315,0.613
16900,0.069,0.315,0.616
17000,0.076,0.320,0.605
17100,0.074,0.311,0.616
17200,0.069,0.308,0.622
17300,0.063,0.305,0.631
17400,0.066,0.304,0.629
17500,0.064,0.308,0.627
17600,0.063,0.307,0.629
17700,0.063,0.305,0.631
17800,0.067,0.307,0.625
17900,0.065,0.309,0.625
18000,0.074,0.307,0.619
18100,0.072,0.305,0.623
18200,0.074,0.301,0.625
18300,0.075,0.305,0.620
18400,0.074,0.302,0.624
18500,0.074,0.302,0.624
18600,0.074,0.303,0.623
18700,0.068,0.298,0.633
18800,0.075,0.298,0.627
18900,0.072,0.298,0.630
19000,0.067,0.294,0.638
19100,0.064,0.293,0.642
19200,0.064,0.292,0.644
19300,0.066,0.290,0.644
19400,0.064,0.297,0.638
19500,0.066,0.293,0.640
19600,0.066,0.291,0.642
19700,0.066,0.290,0.644
19800,0.062,0.287,0.651
19900,0.064,0.282,0.654
20000,0.069,0.283,0.648
20100,0.075,0.284,0.641
20200,0.076,0.284,0.640
20300,0.076,0.280,0.645
20400,0.078,0.281,0.641
20500,0.080,0.277,0.644
20600,0.082,0.282,0.636
20700,0.090,0.278,0.632
20800,0.092,0.281,0.627
20900,0.094,0.287,0.619
21000,0.095,0.287,0.618
21100,0.088,0.283,0.629
21200,0.085,0.278,0.637
21300,0.079,0.279,0.642
21400,0.077,0.278,0.646
21500,0.082,0.276,0.642
21600,0.076,0.278,0.647
21700,0.074,0.273,0.654
21800,0.072,0.270,0.659
21900,0.078,0.269,0.654
22000,0.075,0.270,0.656
22100,0.067,0.266,0.667
22200,0.064,0.264,0.672
22300,0.060,0.268,0.672
22400,0.059,0.264,0.677
22500,0.060,0.266,0.674
22600,0.062,0.263,0.675
22700,0.064,0.260,0.675
22800,0.057,0.267,0.676
22900,0.057,0.268,0.675
23000,0.068,0.260,0.671
23100,0.077,0.258,0.665
23200,0.077,0.257,0.666
23300,0.078,0.254,0.668
23400,0.078,0.252,0.670
23500,0.074,0.251,0.675
23600,0.080,0.251,0.669
23700,0.074,0.253,0.673
23800,0.074,0.252,0.674
23900,0.068,0.257,0.674
24000,0.072,0.258,0.670
24100,0.068,0.258,0.673
24200,0.064,0.260,0.675
24300,0.065,0.258,0.676
24400,0.063,0.257,0.679
24500,0.065,0.253,0.681
24600,0.068,0.263,0.669
24700,0.073,0.258,0.669
24800,0.072,0.254,0.674
24900,0.075,0.252,0.673
25000,0.075,0.272,0.654
25100,0.072,0.268,0.661
25200,0.070,0.269,0.661
25300,0.066,0.271,0.663
25400,0.066,0.271,0.663
25500,0.060,0.272,0.668
25600,0.060,0.269,0.671
25700,0.060,0.270,0.670
25800,0.058,0.266,0.676
25900,0.056,0.264,0.680
26000,0.055,0.263,0.682
26100,0.057,0.265,0.678
26200,0.059,0.260,0.680
26300,0.062,0.261,0.676
26400,0.065,0.261,0.673
26500,0.061,0.257,0.681
26600,0.060,0.256,0.683
26700,0.068,0.255,0.676
26800,0.070,0.261,0.668
26900,0.068,0.261,0.670
27000,0.066,0.264,0.670
27100,0.066,0.258,0.675
27200,0.063,0.259,0.677
27300,0.061,0.257,0.681
27400,0.063,0.255,0.681
27500,0.069,0.251,0.679
27600,0.065,0.250,0.684
27700,0.073,0.253,0.674
27800,0.078,0.251,0.671
27900,0.073,0.254,0.673
28000,0.067,0.253,0.679
28100,0.067,0.252,0.680
28200,0.068,0.251,0.680
28300,0.067,0.249,0.683
28400,0.063,0.256,0.680
28500,0.061,0.256,0.682
28600,0.062,0.256,0.681
28700,0.070,0.254,0.675
28800,0.066,0.255,0.678
28900,0.067,0.258,0.674
29000,0.066,0.263,0.671
29100,0.067,0.257,0.675
29200,0.068,0.255,0.676
29300,0.060,0.249,0.691
29400,0.059,0.245,0.696
29500,0.060,0.243,0.697
29600,0.061,0.244,0.695
29700,0.060,0.241,0.699
29800,0.058,0.239,0.703
29900,0.059,0.243,0.698
30000,0.063,0.240,0.697
30100,0.058,0.239,0.703
30200,0.061,0.243,0.696
30300,0.057,0.242,0.701
30400,0.063,0.246,0.691
30500,0.070,0.254,0.675
30600,0.073,0.251,0.676
30700,0.074,0.246,0.680
30800,0.069,0.246,0.684
30900,0.066,0.246,0.687
31000,0.065,0.244,0.691
31100,0.067,0.242,0.691
31200,0.070,0.243,0.686
31300,0.063,0.243,0.694
31400,0.061,0.241,0.698
31500,0.059,0.241,0.700
31600,0.059,0.240,0.701
31700,0.058,0.241,0.701
31800,0.055,0.242,0.703
31900,0.053,0.244,0.703
32000,0.053,0.240,0.707
32100,0.054,0.239,0.707
32200,0.058,0.238,0.704
32300,0.060,0.245,0.695
32400,0.060,0.243,0.697
32500,0.058,0.242,0.700
32600,0.053,0.244,0.703
32700,0.054,0.244,0.702
32800,0.054,0.240,0.706
32900,0.055,0.242,0.703
33000,0.057,0.242,0.701
33100,0.058,0.247,0.695
33200,0.058,0.246,0.696
33300,0.058,0.245,0.697
33400,0.061,0.239,0.700
33500,0.058,0.242,0.700
33600,0.058,0.242,0.700
33700,0.058,0.240,0.702
33800,0.058,0.237,0.705
33900,0.060,0.234,0.706
34000,0.061,0.239,0.700
34100,0.063,0.241,0.696
34200,0.065,0.241,0.694
34300,0.064,0.239,0.697
34400,0.062,0.235,0.703
34500,0.067,0.240,0.693
34600,0.064,0.240,0.696
34700,0.064,0.238,0.698
34800,0.075,0.236,0.689
34900,0.079,0.233,0.688
35000,0.081,0.230,0.689
35100,0.082,0.232,0.686
35200,0.089,0.235,0.676
35300,0.086,0.234,0.680
35400,0.079,0.233,0.688
35500,0.076,0.233,0.692
35600,0.079,0.232,0.689
35700,0.077,0.230,0.694
35800,0.076,0.228,0.697
35900,0.077,0.225,0.699
36000,0.074,0.225,0.702
36100,0.073,0.226,0.702
36200,0.082,0.226,0.693
36300,0.085,0.225,0.691
36400,0.082,0.223,0.696
36500,0.084,0.222,0.695
36600,0.078,0.219,0.704
36700,0.081,0.218,0.702
36800,0.084,0.219,0.698
36900,0.082,0.224,0.695
37000,0.084,0.225,0.692
37100,0.081,0.224,0.696
37200,0.080,0.222,0.699
37300,0.076,0.220,0.705
37400,0.072,0.222,0.707
37500,0.072,0.222,0.707
37600,0.069,0.219,0.712
37700,0.066,0.218,0.716
37800,0.065,0.220,0.715
37900,0.063,0.224,0.713
38000,0.065,0.226,0.709
38100,0.068,0.219,0.713
38200,0.067,0.219,0.714
38300,0.068,0.222,0.710
38400,0.070,0.222,0.708
38500,0.068,0.226,0.706
38600,0.067,0.224,0.709
38700,0.068,0.220,0.712
38800,0.073,0.218,0.710
38900,0.081,0.216,0.704
39000,0.078,0.222,0.701
39100,0.074,0.221,0.706
39200,0.070,0.220,0.710
39300,0.067,0.224,0.709
39400,0.063,0.219,0.718
39500,0.061,0.221,0.718
39600,0.058,0.220,0.722
39700,0.058,0.220,0.722
39800,0.058,0.218,0.724
39900,0.058,0.216,0.726
40000,0.058,0.211,0.730
40100,0.060,0.209,0.730
40200,0.079,0.209,0.712
40300,0.082,0.204,0.714
40400,0.085,0.203,0.712
40500,0.083,0.201,0.716
40600,0.076,0.203,0.721
40700,0.078,0.205,0.717
40800,0.079,0.208,0.713
40900,0.074,0.211,0.715
41000,0.075,0.217,0.709
41100,0.079,0.216,0.706
41200,0.081,0.212,0.707
41300,0.078,0.212,0.710
41400,0.074,0.218,0.709
41500,0.070,0.223,0.707
41600,0.070,0.231,0.699
41700,0.072,0.228,0.701
41800,0.065,0.227,0.708
41900,0.063,0.220,0.717
42000,0.068,0.219,0.713
42100,0.066,0.208,0.725
42200,0.065,0.205,0.729
42300,0.073,0.207,0.720
42400,0.072,0.206,0.722
42500,0.073,0.212,0.715
42600,0.075,0.217,0.709
42700,0.075,0.217,0.709
42800,0.070,0.212,0.717
42900,0.068,0.215,0.717
43000,0.068,0.215,0.717
43100,0.068,0.211,0.720
43200,0.070,0.210,0.719
43300,0.066,0.213,0.720
43400,0.066,0.215,0.719
43500,0.072,0.215,0.714
43600,0.079,0.210,0.711
43700,0.085,0.215,0.701
43800,0.079,0.216,0.706
43900,0.081,0.213,0.706
44000,0.080,0.211,0.709
44100,0.078,0.217,0.706
44200,0.076,0.215,0.710
44300,0.073,0.210,0.717
44400,0.075,0.208,0.717
44500,0.070,0.209,0.720
44600,0.068,0.207,0.724
44700,0.070,0.211,0.718
44800,0.064,0.213,0.722
44900,0.065,0.217,0.718
45000,0.063,0.222,0.715
45100,0.062,0.223,0.715
45200,0.062,0.224,0.714
45300,0.061,0.223,0.716
45400,0.066,0.225,0.709
45500,0.065,0.222,0.713
45600,0.066,0.224,0.710
45700,0.067,0.216,0.717
45800,0.068,0.213,0.718
45900,0.066,0.212,0.721
46000,0.067,0.212,0.720
46100,0.064,0.210,0.725
46200,0.062,0.206,0.731
46300,0.063,0.204,0.732
46400,0.064,0.206,0.729
46500,0.069,0.205,0.725
46600,0.069,0.208,0.722
46700,0.066,0.211,0.722
46800,0.065,0.215,0.720
46900,0.064,0.218,0.718
47000,0.062,0.209,0.728
47100,0.063,0.203,0.733
47200,0.065,0.198,0.736
47300,0.066,0.196,0.737
47400,0.074,0.186,0.741
47500,0.076,0.187,0.737
47600,0.072,0.187,0.742
47700,0.070,0.187,0.743
47800,0.075,0.187,0.739
47900,0.080,0.188,0.732
48000,0.078,0.191,0.731
48100,0.080,0.198,0.722
48200,0.072,0.201,0.727
48300,0.075,0.202,0.723
48400,0.077,0.205,0.718
48500,0.076,0.208,0.716
48600,0.077,0.201,0.722
48700,0.074,0.205,0.721
48800,0.072,0.206,0.722
48900,0.069,0.204,0.726
49000,0.068,0.200,0.731
49100,0.073,0.197,0.730
49200,0.073,0.198,0.729
49300,0.072,0.200,0.728
49400,0.073,0.200,0.727
49500,0.072,0.192,0.736
49600,0.083,0.190,0.727
49700,0.096,0.191,0.713
49800,0.093,0.189,0.718
49900,0.096,0.186,0.718
50000,0.091,0.183,0.726
50100,0.111,0.187,0.702
50200,0.105,0.189,0.706
50300,0.103,0.189,0.708
50400,0.104,0.195,0.701
50500,0.105,0.195,0.700
50600,0.115,0.193,0.692
50700,0.103,0.192,0.705
50800,0.102,0.189,0.709
50900,0.101,0.186,0.713
51000,0.113,0.186,0.701
51100,0.117,0.190,0.693
51200,0.110,0.189,0.701
51300,0.100,0.194,0.706
51400,0.096,0.192,0.712
51500,0.091,0.191,0.718
51600,0.091,0.191,0.718
51700,0.092,0.198,0.710
51800,0.090,0.200,0.710
51900,0.086,0.205,0.709
52000,0.079,0.206,0.715
52100,0.087,0.202,0.711
52200,0.081,0.209,0.710
52300,0.083,0.206,0.711
52400,0.081,0.204,0.715
52500,0.077,0.207,0.716
52600,0.076,0.212,0.712
52700,0.074,0.204,0.722
52800,0.074,0.213,0.713
52900,0.072,0.213,0.715
53000,0.076,0.208,0.716
53100,0.076,0.206,0.718
53200,0.076,0.208,0.716
53300,0.076,0.204,0.720
53400,0.078,0.202,0.720
53500,0.074,0.201,0.725
53600,0.076,0.200,0.724
53700,0.075,0.198,0.727
53800,0.077,0.203,0.720
53900,0.078,0.207,0.715
54000,0.079,0.210,0.711
54100,0.078,0.210,0.712
54200,0.079,0.210,0.711
54300,0.084,0.210,0.706
54400,0.080,0.217,0.704
54500,0.080,0.208,0.712
54600,0.076,0.201,0.723
54700,0.072,0.202,0.726
54800,0.072,0.202,0.726
54900,0.070,0.201,0.728
55000,0.070,0.198,0.731
55100,0.076,0.198,0.726
55200,0.077,0.194,0.729
55300,0.074,0.192,0.734
55400,0.075,0.188,0.737
55500,0.074,0.185,0.742
55600,0.073,0.185,0.743
55700,0.073,0.184,0.744
55800,0.075,0.189,0.736
55900,0.077,0.190,0.733
56000,0.075,0.186,0.740
56100,0.075,0.191,0.734
56200,0.072,0.191,0.737
56300,0.076,0.189,0.735
56400,0.073,0.191,0.736
56500,0.079,0.188,0.733
56600,0.073,0.184,0.744
56700,0.073,0.184,0.744
56800,0.072,0.182,0.747
56900,0.074,0.180,0.747
57000,0.077,0.180,0.744
57100,0.080,0.181,0.740
57200,0.079,0.184,0.737
57300,0.074,0.181,0.746
57400,0.072,0.185,0.744
57500,0.070,0.185,0.745
57600,0.068,0.184,0.748
57700,0.062,0.184,0.754
57800,0.064,0.183,0.753
57900,0.067,0.185,0.748
58000,0.069,0.187,0.744
58100,0.068,0.185,0.747
58200,0.073,0.186,0.742
58300,0.072,0.193,0.735
58400,0.078,0.196,0.726
58500,0.076,0.197,0.727
58600,0.076,0.194,0.730
58700,0.073,0.191,0.736
58800,0.072,0.188,0.741
58900,0.066,0.186,0.748
59000,0.070,0.188,0.742
59100,0.078,0.187,0.735
59200,0.074,0.181,0.746
59300,0.070,0.180,0.750
59400,0.075,0.178,0.748
59500,0.074,0.178,0.749
59600,0.079,0.184,0.737
59700,0.083,0.184,0.733
59800,0.083,0.182,0.735
59900,0.086,0.176,0.739
60000,0.089,0.182,0.729
60100,0.085,0.180,0.735
60200,0.091,0.179,0.730
60300,0.089,0.177,0.734
60400,0.093,0.178,0.729
60500,0.097,0.179,0.724
60600,0.096,0.178,0.726
60700,0.093,0.176,0.731
60800,0.092,0.178,0.730
60900,0.095,0.174,0.731
61000,0.092,0.179,0.729
61100,0.091,0.174,0.735
61200,0.087,0.174,0.740
61300,0.081,0.176,0.744
61400,0.084,0.175,0.742
61500,0.090,0.179,0.731
61600,0.088,0.175,0.737
61700,0.086,0.187,0.727
61800,0.084,0.189,0.727
61900,0.080,0.185,0.735
62000,0.079,0.184,0.737
62100,0.079,0.189,0.732
62200,0.082,0.192,0.726
62300,0.078,0.188,0.734
62400,0.082,0.189,0.729
62500,0.078,0.183,0.740
62600,0.079,0.187,0.734
62700,0.080,0.186,0.734
62800,0.076,0.186,0.739
62900,0.078,0.183,0.740
63000,0.085,0.181,0.734
63100,0.079,0.184,0.737
63200,0.106,0.181,0.713
63300,0.105,0.187,0.708
63400,0.103,0.186,0.711
63500,0.105,0.186,0.709
63600,0.099,0.184,0.717
63700,0.098,0.185,0.717
63800,0.098,0.188,0.714
63900,0.093,0.185,0.722
64000,0.089,0.186,0.725
64100,0.084,0.187,0.729
64200,0.080,0.188,0.732
64300,0.081,0.191,0.728
64400,0.079,0.186,0.735
64500,0.077,0.183,0.741
64600,0.079,0.179,0.743
64700,0.080,0.184,0.736
64800,0.082,0.181,0.737
64900,0.092,0.186,0.722
65000,0.094,0.182,0.724
65100,0.098,0.180,0.722
65200,0.097,0.179,0.724
65300,0.096,0.176,0.728
65400,0.092,0.178,0.730
65500,0.090,0.184,0.726
65600,0.090,0.176,0.734
65700,0.091,0.174,0.735
65800,0.093,0.173,0.734
65900,0.097,0.173,0.730
66000,0.094,0.173,0.733
66100,0.087,0.171,0.743
66200,0.083,0.171,0.747
66300,0.081,0.170,0.750
66400,0.074,0.169,0.758
66500,0.072,0.171,0.758
66600,0.060,0.174,0.766
66700,0.059,0.178,0.763
66800,0.058,0.176,0.766
66900,0.064,0.176,0.760
67000,0.063,0.180,0.757
67100,0.062,0.181,0.757
67200,0.065,0.178,0.757
67300,0.064,0.178,0.758
67400,0.067,0.180,0.753
67500,0.070,0.178,0.752
67600,0.073,0.177,0.751
67700,0.067,0.177,0.756
67800,0.064,0.180,0.756
67900,0.068,0.180,0.752
68000,0.065,0.184,0.751
68100,0.069,0.184,0.747
68200,0.073,0.182,0.746
68300,0.068,0.184,0.748
68400,0.066,0.190,0.744
68500,0.069,0.189,0.742
68600,0.066,0.189,0.745
68700,0.065,0.195,0.740
68800,0.067,0.190,0.743
68900,0.065,0.187,0.748
69000,0.063,0.189,0.748
69100,0.062,0.189,0.749
69200,0.061,0.183,0.756
69300,0.068,0.179,0.753
69400,0.067,0.181,0.752
69500,0.062,0.181,0.757
69600,0.065,0.186,0.749
69700,0.065,0.188,0.747
69800,0.066,0.188,0.746
69900,0.070,0.186,0.744
70000,0.066,0.185,0.749
70100,0.066,0.189,0.745
70200,0.065,0.184,0.751
70300,0.070,0.179,0.751
70400,0.094,0.176,0.730
70500,0.090,0.174,0.736
70600,0.087,0.172,0.742
70700,0.087,0.174,0.740
70800,0.086,0.172,0.743
70900,0.078,0.175,0.748
71000,0.072,0.174,0.755
71100,0.073,0.178,0.750
71200,0.066,0.175,0.759
71300,0.086,0.178,0.736
71400,0.079,0.179,0.743
71500,0.081,0.175,0.745
71600,0.076,0.171,0.754
71700,0.077,0.173,0.751
71800,0.066,0.176,0.758
71900,0.067,0.173,0.760
72000,0.067,0.171,0.762
72100,0.064,0.170,0.766
72200,0.068,0.186,0.746
72300,0.068,0.187,0.745
72400,0.067,0.184,0.749
72500,0.074,0.186,0.741
72600,0.076,0.190,0.734
72700,0.074,0.188,0.739
72800,0.064,0.189,0.747
72900,0.067,0.188,0.745
73000,0.064,0.184,0.752
73100,0.063,0.181,0.756
73200,0.063,0.183,0.754
73300,0.061,0.184,0.755
73400,0.060,0.179,0.761
73500,0.064,0.174,0.762
73600,0.065,0.173,0.762
73700,0.068,0.177,0.755
73800,0.067,0.174,0.759
73900,0.065,0.173,0.762
74000,0.067,0.177,0.756
74100,0.066,0.173,0.761
74200,0.063,0.168,0.769
74300,0.061,0.172,0.767
74400,0.060,0.171,0.769
74500,0.064,0.172,0.764
74600,0.066,0.168,0.766
74700,0.063,0.164,0.772
74800,0.065,0.166,0.768
74900,0.066,0.168,0.766
75000,0.067,0.168,0.765
75100,0.067,0.164,0.768
75200,0.072,0.170,0.759
75300,0.068,0.170,0.762
75400,0.069,0.162,0.768
75500,0.068,0.162,0.769
75600,0.069,0.159,0.771
75700,0.069,0.158,0.772
75800,0.064,0.158,0.777
75900,0.065,0.155,0.779
76000,0.064,0.161,0.774
76100,0.065,0.158,0.776
76200,0.063,0.155,0.781
76300,0.066,0.158,0.775
76400,0.067,0.156,0.776
76500,0.069,0.156,0.774
76600,0.065,0.156,0.778
76700,0.067,0.156,0.776
76800,0.064,0.158,0.777
76900,0.066,0.157,0.776
77000,0.065,0.158,0.776
77100,0.065,0.160,0.774
77200,0.086,0.157,0.757
77300,0.081,0.159,0.760
77400,0.078,0.164,0.758
77500,0.078,0.163,0.759
77600,0.075,0.168,0.758
77700,0.075,0.162,0.763
77800,0.073,0.157,0.770
77900,0.076,0.153,0.771
78000,0.074,0.160,0.766
78100,0.073,0.156,0.771
78200,0.070,0.150,0.779
78300,0.069,0.151,0.779
78400,0.068,0.147,0.784
78500,0.073,0.150,0.777
78600,0.067,0.150,0.782
78700,0.068,0.153,0.778
78800,0.062,0.153,0.784
78900,0.060,0.153,0.787
79000,0.064,0.152,0.783
79100,0.066,0.155,0.778
79200,0.067,0.155,0.777
79300,0.067,0.154,0.778
79400,0.064,0.154,0.781
79500,0.063,0.153,0.783
79600,0.063,0.154,0.782
79700,0.059,0.151,0.790
79800,0.057,0.149,0.794
79900,0.056,0.147,0.797
80000,0.055,0.149,0.796
80100,0.054,0.150,0.796
80200,0.058,0.154,0.788
80300,0.062,0.151,0.787
80400,0.057,0.156,0.787
80500,0.059,0.155,0.785
80600,0.058,0.156,0.785
80700,0.063,0.155,0.781
80800,0.065,0.150,0.784
80900,0.065,0.156,0.778
81000,0.066,0.153,0.780
81100,0.064,0.151,0.784
81200,0.064,0.151,0.784
81300,0.060,0.148,0.792
81400,0.063,0.148,0.789
81500,0.060,0.152,0.788
81600,0.058,0.153,0.789
81700,0.057,0.159,0.783
81800,0.055,0.154,0.791
81900,0.063,0.151,0.785
82000,0.062,0.150,0.788
82100,0.057,0.151,0.792
82200,0.062,0.154,0.783
82300,0.062,0.155,0.782
82400,0.058,0.154,0.788
82500,0.056,0.158,0.785
82600,0.060,0.158,0.781
82700,0.066,0.154,0.779
82800,0.066,0.159,0.774
82900,0.065,0.163,0.771
83000,0.062,0.158,0.779
83100,0.065,0.157,0.777
83200,0.061,0.159,0.779
83300,0.065,0.157,0.777
83400,0.063,0.154,0.782
83500,0.065,0.153,0.781
83600,0.065,0.152,0.782
83700,0.065,0.152,0.782
83800,0.067,0.151,0.781
83900,0.074,0.150,0.776
84000,0.069,0.156,0.774
84100,0.075,0.160,0.765
84200,0.068,0.161,0.770
84300,0.070,0.163,0.766
84400,0.063,0.165,0.771
84500,0.063,0.161,0.775
84600,0.064,0.164,0.771
84700,0.064,0.163,0.772
84800,0.068,0.160,0.771
84900,0.069,0.161,0.769
85000,0.066,0.169,0.765
85100,0.065,0.166,0.768
85200,0.065,0.164,0.770
85300,0.061,0.163,0.775
85400,0.060,0.165,0.774
85500,0.056,0.162,0.781
85600,0.053,0.168,0.779
85700,0.054,0.169,0.777
85800,0.057,0.171,0.772
85900,0.054,0.173,0.773
86000,0.054,0.175,0.771
86100,0.054,0.174,0.772
86200,0.053,0.177,0.770
86300,0.053,0.173,0.774
86400,0.056,0.168,0.776
86500,0.058,0.169,0.773
86600,0.062,0.169,0.769
86700,0.062,0.168,0.770
86800,0.060,0.168,0.772
86900,0.061,0.162,0.776
87000,0.060,0.168,0.772
87100,0.060,0.180,0.760
87200,0.061,0.177,0.762
87300,0.060,0.177,0.763
87400,0.058,0.178,0.764
87500,0.058,0.174,0.768
87600,0.058,0.174,0.768
87700,0.061,0.173,0.766
87800,0.062,0.172,0.766
87900,0.059,0.170,0.771
88000,0.059,0.164,0.776
88100,0.060,0.165,0.774
88200,0.082,0.166,0.752
88300,0.085,0.171,0.745
88400,0.084,0.173,0.744
88500,0.083,0.174,0.744
88600,0.082,0.172,0.747
88700,0.077,0.176,0.748
88800,0.077,0.178,0.746
88900,0.076,0.178,0.747
89000,0.078,0.183,0.740
89100,0.074,0.182,0.745
89200,0.074,0.180,0.747
89300,0.068,0.177,0.755
89400,0.069,0.176,0.755
89500,0.068,0.174,0.758
89600,0.068,0.174,0.758
89700,0.064,0.175,0.761
89800,0.062,0.172,0.766
89900,0.061,0.168,0.771
90000,0.061,0.164,0.774
90100,0.067,0.165,0.767
90200,0.066,0.162,0.771
90300,0.064,0.168,0.768
90400,0.065,0.168,0.767
90500,0.063,0.171,0.766
90600,0.063,0.168,0.769
90700,0.063,0.166,0.770
90800,0.063,0.168,0.769
90900,0.059,0.164,0.776
91000,0.061,0.161,0.777
91100,0.070,0.172,0.758
91200,0.069,0.179,0.752
91300,0.070,0.174,0.756
91400,0.068,0.170,0.762
91500,0.070,0.168,0.762
91600,0.069,0.168,0.763
91700,0.064,0.172,0.764
91800,0.068,0.170,0.762
91900,0.069,0.175,0.756
92000,0.074,0.174,0.753
92100,0.073,0.171,0.757
92200,0.070,0.172,0.758
92300,0.069,0.171,0.760
92400,0.063,0.168,0.769
92500,0.061,0.170,0.769
92600,0.063,0.173,0.764
92700,0.060,0.171,0.769
92800,0.059,0.170,0.771
92900,0.064,0.171,0.765
93000,0.062,0.174,0.764
93100,0.062,0.172,0.766
93200,0.063,0.172,0.765
93300,0.075,0.170,0.756
93400,0.070,0.158,0.771
93500,0.075,0.160,0.765
93600,0.082,0.171,0.748
93700,0.082,0.173,0.746
93800,0.080,0.173,0.748
93900,0.083,0.172,0.746
94000,0.079,0.174,0.748
94100,0.079,0.172,0.750
94200,0.075,0.170,0.756
94300,0.078,0.179,0.744
94400,0.076,0.176,0.749
94500,0.075,0.176,0.750
94600,0.082,0.177,0.742
94700,0.079,0.174,0.748
94800,0.086,0.175,0.740
94900,0.089,0.170,0.742
95000,0.096,0.175,0.729
95100,0.090,0.176,0.734
95200,0.085,0.172,0.744
95300,0.079,0.172,0.750
95400,0.077,0.175,0.749
95500,0.074,0.177,0.750
95600,0.075,0.172,0.754
95700,0.076,0.175,0.750
95800,0.085,0.170,0.746
95900,0.082,0.169,0.750
96000,0.079,0.168,0.754
96100,0.068,0.166,0.765
96200,0.073,0.168,0.760
96300,0.075,0.170,0.756
96400,0.075,0.170,0.756
96500,0.075,0.166,0.759
96600,0.072,0.165,0.763
96700,0.069,0.162,0.768
96800,0.073,0.162,0.765
96900,0.070,0.166,0.763
97000,0.076,0.164,0.760
97100,0.070,0.163,0.766
97200,0.069,0.162,0.768
97300,0.069,0.160,0.770
97400,0.069,0.165,0.765
97500,0.067,0.162,0.770
97600,0.068,0.161,0.770
97700,0.062,0.158,0.779
97800,0.058,0.160,0.781
97900,0.064,0.163,0.772
98000,0.059,0.163,0.777
98100,0.056,0.159,0.784
98200,0.055,0.159,0.785
98300,0.054,0.162,0.783
98400,0.054,0.165,0.780
98500,0.058,0.161,0.780
98600,0.059,0.163,0.777
98700,0.061,0.164,0.774
98800,0.069,0.155,0.775
98900,0.066,0.154,0.779
99000,0.072,0.152,0.776
99100,0.070,0.152,0.777
99200,0.072,0.157,0.771
99300,0.068,0.153,0.778
99400,0.075,0.155,0.770
99500,0.077,0.152,0.771
99600,0.076,0.154,0.770
99700,0.073,0.154,0.773
99800,0.080,0.154,0.766
99900,0.076,0.156,0.768
100000,0.073,0.155,0.772
