time,n_A+p,n_B,n_AB
100,0.030,0.964,0.006
200,0.030,0.959,0.011
300,0.030,0.956,0.014
400,0.030,0.930,0.041
500,0.033,0.931,0.037
600,0.034,0.934,0.033
700,0.034,0.941,0.026
800,0.032,0.935,0.034
900,0.033,0.936,0.032
1000,0.035,0.933,0.033
1100,0.034,0.932,0.035
1200,0.033,0.932,0.036
1300,0.035,0.928,0.037
1400,0.032,0.927,0.041
1500,0.032,0.935,0.034
1600,0.033,0.937,0.031
1700,0.032,0.945,0.023
1800,0.032,0.949,0.019
1900,0.032,0.944,0.025
2000,0.033,0.948,0.019
2100,0.036,0.944,0.020
2200,0.035,0.937,0.029
2300,0.034,0.938,0.029
2400,0.035,0.937,0.029
2500,0.034,0.933,0.034
2600,0.034,0.931,0.036
2700,0.040,0.914,0.046
2800,0.049,0.919,0.032
2900,0.050,0.922,0.028
3000,0.046,0.919,0.035
3100,0.056,0.913,0.031
3200,0.057,0.915,0.028
3300,0.044,0.912,0.044
3400,0.040,0.915,0.045
3500,0.041,0.914,0.045
3600,0.043,0.907,0.050
3700,0.047,0.913,0.040
3800,0.048,0.900,0.052
3900,0.046,0.892,0.062
4000,0.042,0.896,0.062
4100,0.044,0.887,0.069
4200,0.044,0.888,0.068
4300,0.044,0.895,0.061
4400,0.045,0.898,0.057
4500,0.044,0.903,0.053
4600,0.047,0.891,0.062
4700,0.042,0.898,0.060
4800,0.042,0.902,0.056
4900,0.050,0.901,0.049
5000,0.045,0.897,0.058
5100,0.046,0.896,0.058
5200,0.045,0.901,0.054
5300,0.044,0.896,0.060
5400,0.044,0.896,0.060
5500,0.044,0.892,0.064
5600,0.043,0.897,0.060
5700,0.044,0.900,0.056
5800,0.043,0.905,0.052
5900,0.043,0.907,0.050
6000,0.044,0.905,0.051
6100,0.041,0.909,0.050
6200,0.040,0.909,0.051
6300,0.038,0.906,0.056
6400,0.038,0.913,0.049
6500,0.038,0.914,0.048
6600,0.035,0.922,0.043
6700,0.033,0.925,0.042
6800,0.034,0.924,0.042
6900,0.037,0.925,0.038
7000,0.034,0.927,0.039
7100,0.034,0.927,0.039
7200,0.034,0.930,0.037
7300,0.035,0.924,0.041
7400,0.036,0.924,0.040
7500,0.034,0.918,0.048
7600,0.036,0.915,0.049
7700,0.039,0.917,0.044
7800,0.035,0.921,0.044
7900,0.032,0.920,0.048
8000,0.033,0.912,0.055
8100,0.034,0.908,0.058
8200,0.039,0.891,0.070
8300,0.043,0.893,0.064
8400,0.045,0.886,0.069
8500,0.047,0.878,0.075
8600,0.046,0.878,0.076
8700,0.044,0.879,0.077
8800,0.046,0.877,0.077
8900,0.048,0.885,0.067
9000,0.046,0.892,0.062
9100,0.044,0.891,0.065
9200,0.043,0.895,0.062
9300,0.043,0.902,0.055
9400,0.044,0.902,0.054
9500,0.045,0.908,0.047
9600,0.045,0.905,0.050
9700,0.045,0.906,0.049
9800,0.039,0.905,0.056
9900,0.040,0.910,0.050
10000,0.040,0.920,0.040
10100,0.039,0.919,0.042
10200,0.040,0.921,0.039
10300,0.042,0.917,0.041
10400,0.040,0.915,0.045
10500,0.039,0.919,0.042
10600,0.039,0.908,0.053
10700,0.039,0.911,0.050
10800,0.040,0.915,0.045
10900,0.042,0.911,0.047
11000,0.045,0.901,0.054
11100,0.046,0.887,0.067
11200,0.045,0.889,0.066
11300,0.047,0.894,0.059
11400,0.043,0.894,0.063
11500,0.047,0.891,0.062
11600,0.045,0.891,0.064
11700,0.045,0.885,0.070
11800,0.048,0.888,0.064
11900,0.047,0.877,0.076
12000,0.048,0.880,0.072
12100,0.043,0.884,0.074
12200,0.040,0.879,0.081
12300,0.042,0.885,0.074
12400,0.041,0.884,0.076
12500,0.041,0.877,0.082
12600,0.041,0.882,0.078
12700,0.043,0.877,0.080
12800,0.044,0.874,0.082
12900,0.041,0.874,0.085
13000,0.041,0.871,0.088
13100,0.045,0.872,0.083
13200,0.043,0.871,0.086
13300,0.045,0.873,0.082
13400,0.042,0.876,0.082
13500,0.043,0.877,0.080
13600,0.046,0.861,0.093
13700,0.053,0.866,0.081
13800,0.056,0.868,0.076
13900,0.057,0.870,0.073
14000,0.057,0.876,0.066
14100,0.060,0.868,0.072
14200,0.054,0.871,0.075
14300,0.053,0.869,0.078
14400,0.056,0.852,0.092
14500,0.060,0.847,0.093
14600,0.053,0.850,0.097
14700,0.045,0.852,0.103
14800,0.048,0.850,0.102
14900,0.056,0.834,0.110
15000,0.058,0.837,0.105
15100,0.056,0.841,0.103
15200,0.057,0.839,0.104
15300,0.059,0.846,0.095
15400,0.060,0.847,0.093
15500,0.060,0.846,0.094
15600,0.058,0.850,0.092
15700,0.054,0.839,0.107
15800,0.053,0.843,0.104
15900,0.052,0.849,0.099
16000,0.059,0.847,0.094
16100,0.060,0.853,0.087
16200,0.055,0.856,0.089
16300,0.055,0.864,0.081
16400,0.054,0.871,0.075
16500,0.056,0.872,0.072
16600,0.053,0.867,0.080
16700,0.056,0.874,0.069
16800,0.055,0.878,0.066
16900,0.051,0.882,0.067
17000,0.050,0.884,0.066
17100,0.050,0.885,0.065
17200,0.048,0.888,0.064
17300,0.049,0.884,0.067
17400,0.051,0.883,0.066
17500,0.057,0.866,0.077
17600,0.057,0.874,0.068
17700,0.055,0.872,0.073
17800,0.048,0.862,0.090
17900,0.044,0.864,0.092
18000,0.046,0.860,0.094
18100,0.048,0.867,0.085
18200,0.049,0.860,0.091
18300,0.050,0.859,0.091
18400,0.050,0.859,0.091
18500,0.053,0.851,0.096
18600,0.051,0.851,0.098
18700,0.050,0.857,0.093
18800,0.053,0.839,0.108
18900,0.053,0.851,0.096
19000,0.055,0.860,0.085
19100,0.050,0.867,0.083
19200,0.049,0.869,0.082
19300,0.046,0.866,0.088
19400,0.045,0.861,0.094
19500,0.044,0.869,0.087
19600,0.041,0.874,0.085
19700,0.045,0.855,0.100
19800,0.044,0.860,0.096
19900,0.044,0.859,0.097
20000,0.047,0.860,0.093
20100,0.046,0.866,0.088
20200,0.043,0.872,0.085
20300,0.042,0.874,0.084
20400,0.041,0.877,0.082
20500,0.041,0.877,0.082
20600,0.056,0.863,0.081
20700,0.056,0.866,0.078
20800,0.057,0.863,0.080
20900,0.058,0.868,0.074
21000,0.059,0.861,0.080
21100,0.056,0.862,0.082
21200,0.057,0.868,0.075
21300,0.058,0.869,0.073
21400,0.061,0.866,0.073
21500,0.057,0.871,0.072
21600,0.055,0.871,0.074
21700,0.055,0.848,0.097
21800,0.052,0.849,0.099
21900,0.052,0.844,0.104
22000,0.052,0.846,0.102
22100,0.052,0.845,0.103
22200,0.053,0.844,0.103
22300,0.050,0.857,0.093
22400,0.049,0.866,0.085
22500,0.049,0.871,0.080
22600,0.047,0.872,0.081
22700,0.045,0.866,0.089
22800,0.046,0.876,0.078
22900,0.049,0.859,0.092
23000,0.048,0.861,0.091
23100,0.049,0.852,0.099
23200,0.049,0.857,0.094
23300,0.051,0.854,0.095
23400,0.052,0.844,0.104
23500,0.053,0.841,0.106
23600,0.052,0.842,0.106
23700,0.053,0.850,0.097
23800,0.056,0.832,0.111
23900,0.054,0.840,0.106
24000,0.053,0.841,0.106
24100,0.059,0.826,0.114
24200,0.059,0.826,0.114
24300,0.057,0.816,0.127
24400,0.052,0.830,0.117
24500,0.053,0.831,0.115
24600,0.051,0.836,0.113
24700,0.054,0.838,0.108
24800,0.052,0.835,0.113
24900,0.049,0.840,0.111
25000,0.050,0.842,0.108
25100,0.057,0.831,0.111
25200,0.055,0.825,0.120
25300,0.057,0.826,0.116
25400,0.059,0.827,0.113
25500,0.061,0.817,0.122
25600,0.061,0.816,0.123
25700,0.057,0.825,0.117
25800,0.053,0.830,0.116
25900,0.053,0.838,0.109
26000,0.052,0.827,0.121
26100,0.050,0.829,0.121
26200,0.055,0.820,0.125
26300,0.058,0.839,0.103
26400,0.061,0.852,0.087
26500,0.053,0.849,0.098
26600,0.054,0.832,0.113
26700,0.053,0.844,0.103
26800,0.054,0.844,0.102
26900,0.060,0.851,0.089
27000,0.055,0.850,0.095
27100,0.060,0.845,0.095
27200,0.060,0.846,0.094
27300,0.061,0.826,0.112
27400,0.059,0.821,0.120
27500,0.063,0.818,0.118
27600,0.059,0.819,0.122
27700,0.058,0.808,0.134
27800,0.066,0.812,0.122
27900,0.067,0.816,0.116
28000,0.069,0.813,0.117
28100,0.069,0.822,0.108
28200,0.076,0.824,0.100
28300,0.068,0.825,0.106
28400,0.069,0.817,0.113
28500,0.070,0.818,0.111
28600,0.075,0.823,0.102
28700,0.070,0.822,0.107
28800,0.070,0.814,0.115
28900,0.070,0.810,0.120
29000,0.072,0.811,0.117
29100,0.072,0.816,0.112
29200,0.074,0.807,0.120
29300,0.076,0.804,0.121
29400,0.085,0.791,0.125
29500,0.082,0.793,0.126
29600,0.084,0.793,0.124
29700,0.083,0.792,0.126
29800,0.082,0.779,0.139
29900,0.084,0.777,0.139
30000,0.087,0.785,0.128
30100,0.088,0.769,0.143
30200,0.097,0.769,0.134
30300,0.091,0.765,0.144
30400,0.095,0.770,0.135
30500,0.093,0.774,0.133
30600,0.086,0.773,0.141
30700,0.080,0.774,0.146
30800,0.077,0.779,0.144
30900,0.093,0.774,0.133
31000,0.090,0.779,0.131
31100,0.089,0.769,0.142
31200,0.090,0.762,0.148
31300,0.092,0.776,0.132
31400,0.089,0.796,0.115
31500,0.086,0.795,0.120
31600,0.084,0.798,0.118
31700,0.079,0.803,0.118
31800,0.073,0.799,0.129
31900,0.073,0.785,0.142
32000,0.076,0.796,0.129
32100,0.072,0.796,0.133
32200,0.068,0.778,0.153
32300,0.064,0.783,0.152
32400,0.065,0.795,0.140
32500,0.070,0.797,0.133
32600,0.072,0.795,0.134
32700,0.075,0.797,0.129
32800,0.079,0.795,0.127
32900,0.078,0.791,0.132
33000,0.077,0.790,0.134
33100,0.078,0.780,0.142
33200,0.076,0.784,0.140
33300,0.075,0.771,0.154
33400,0.077,0.772,0.151
33500,0.074,0.769,0.157
33600,0.077,0.771,0.152
33700,0.089,0.773,0.138
33800,0.089,0.775,0.136
33900,0.084,0.776,0.140
34000,0.086,0.778,0.136
34100,0.090,0.772,0.138
34200,0.092,0.769,0.139
34300,0.092,0.766,0.142
34400,0.085,0.774,0.141
34500,0.090,0.762,0.148
34600,0.096,0.756,0.148
34700,0.100,0.762,0.138
34800,0.102,0.762,0.136
34900,0.099,0.764,0.137
35000,0.101,0.771,0.128
35100,0.100,0.765,0.135
35200,0.101,0.761,0.138
35300,0.095,0.745,0.160
35400,0.088,0.745,0.168
35500,0.103,0.756,0.141
35600,0.095,0.766,0.139
35700,0.092,0.758,0.150
35800,0.093,0.763,0.144
35900,0.097,0.753,0.150
36000,0.095,0.759,0.146
36100,0.096,0.764,0.140
36200,0.107,0.766,0.127
36300,0.112,0.756,0.132
36400,0.103,0.740,0.157
36500,0.102,0.735,0.162
36600,0.109,0.744,0.147
36700,0.111,0.736,0.152
36800,0.113,0.741,0.146
36900,0.109,0.742,0.149
37000,0.106,0.741,0.153
37100,0.106,0.744,0.150
37200,0.103,0.752,0.145
37300,0.103,0.747,0.150
37400,0.097,0.765,0.138
37500,0.092,0.767,0.141
37600,0.090,0.770,0.140
37700,0.085,0.773,0.142
37800,0.084,0.778,0.138
37900,0.088,0.783,0.129
38000,0.091,0.770,0.139
38100,0.091,0.776,0.133
38200,0.091,0.773,0.136
38300,0.093,0.763,0.144
38400,0.090,0.764,0.146
38500,0.096,0.768,0.136
38600,0.105,0.763,0.132
38700,0.101,0.761,0.138
38800,0.108,0.747,0.145
38900,0.108,0.734,0.157
39000,0.105,0.727,0.168
39100,0.107,0.734,0.158
39200,0.112,0.739,0.149
39300,0.111,0.750,0.139
39400,0.105,0.758,0.137
39500,0.104,0.763,0.133
39600,0.095,0.766,0.139
39700,0.096,0.764,0.140
39800,0.099,0.761,0.140
39900,0.097,0.758,0.145
40000,0.097,0.768,0.135
40100,0.100,0.767,0.133
40200,0.104,0.767,0.129
40300,0.105,0.766,0.129
40400,0.103,0.762,0.135
40500,0.102,0.757,0.141
40600,0.100,0.764,0.136
40700,0.104,0.755,0.141
40800,0.110,0.741,0.149
40900,0.116,0.725,0.158
41000,0.116,0.726,0.157
41100,0.110,0.709,0.181
41200,0.110,0.720,0.170
41300,0.108,0.727,0.164
41400,0.099,0.726,0.175
41500,0.092,0.728,0.180
41600,0.101,0.728,0.171
41700,0.108,0.726,0.165
41800,0.104,0.721,0.175
41900,0.107,0.717,0.176
42000,0.107,0.714,0.179
42100,0.106,0.708,0.186
42200,0.109,0.713,0.178
42300,0.103,0.718,0.179
42400,0.105,0.721,0.174
42500,0.105,0.723,0.172
42600,0.098,0.714,0.188
42700,0.100,0.722,0.178
42800,0.101,0.714,0.185
42900,0.106,0.727,0.166
43000,0.100,0.728,0.172
43100,0.098,0.726,0.176
43200,0.094,0.708,0.198
43300,0.096,0.709,0.195
43400,0.107,0.709,0.184
43500,0.104,0.709,0.187
43600,0.098,0.717,0.185
43700,0.094,0.715,0.191
43800,0.089,0.725,0.186
43900,0.089,0.730,0.181
44000,0.092,0.730,0.178
44100,0.096,0.734,0.170
44200,0.095,0.729,0.176
44300,0.094,0.742,0.164
44400,0.095,0.747,0.158
44500,0.095,0.748,0.157
44600,0.093,0.753,0.154
44700,0.091,0.747,0.162
44800,0.105,0.752,0.143
44900,0.090,0.756,0.154
45000,0.097,0.759,0.144
45100,0.105,0.750,0.145
45200,0.106,0.744,0.150
45300,0.106,0.743,0.151
45400,0.103,0.751,0.146
45500,0.106,0.750,0.144
45600,0.092,0.754,0.154
45700,0.096,0.755,0.149
45800,0.098,0.755,0.147
45900,0.100,0.760,0.140
46000,0.104,0.756,0.140
46100,0.102,0.746,0.152
46200,0.110,0.747,0.143
46300,0.107,0.739,0.154
46400,0.109,0.736,0.154
46500,0.116,0.734,0.149
46600,0.106,0.733,0.160
46700,0.104,0.741,0.155
46800,0.103,0.741,0.156
46900,0.101,0.741,0.158
47000,0.105,0.745,0.150
47100,0.106,0.734,0.159
47200,0.106,0.734,0.159
47300,0.103,0.734,0.162
47400,0.099,0.736,0.164
47500,0.099,0.741,0.160
47600,0.103,0.742,0.155
47700,0.107,0.733,0.159
47800,0.103,0.732,0.164
47900,0.108,0.714,0.178
48000,0.109,0.718,0.173
48100,0.110,0.719,0.171
48200,0.109,0.720,0.171
48300,0.099,0.724,0.177
48400,0.105,0.732,0.162
48500,0.103,0.733,0.163
48600,0.096,0.720,0.184
48700,0.099,0.725,0.176
48800,0.101,0.722,0.177
48900,0.105,0.710,0.185
49000,0.101,0.721,0.178
49100,0.101,0.727,0.172
49200,0.101,0.725,0.174
49300,0.090,0.715,0.195
49400,0.091,0.718,0.191
49500,0.088,0.713,0.199
49600,0.091,0.727,0.182
49700,0.091,0.736,0.173
49800,0.093,0.737,0.170
49900,0.094,0.721,0.185
50000,0.101,0.722,0.177
50100,0.102,0.726,0.172
50200,0.102,0.724,0.174
50300,0.106,0.692,0.202
50400,0.111,0.684,0.204
50500,0.114,0.680,0.205
50600,0.117,0.683,0.199
50700,0.115,0.689,0.195
50800,0.120,0.686,0.194
50900,0.125,0.688,0.187
51000,0.122,0.694,0.185
51100,0.115,0.696,0.189
51200,0.113,0.691,0.196
51300,0.115,0.676,0.208
51400,0.120,0.689,0.191
51500,0.116,0.701,0.183
51600,0.121,0.697,0.183
51700,0.123,0.687,0.190
51800,0.128,0.680,0.192
51900,0.134,0.684,0.182
52000,0.126,0.680,0.194
52100,0.132,0.679,0.189
52200,0.133,0.671,0.196
52300,0.142,0.674,0.184
52400,0.144,0.673,0.183
52500,0.152,0.679,0.169
52600,0.152,0.687,0.160
52700,0.137,0.686,0.177
52800,0.133,0.688,0.179
52900,0.142,0.688,0.170
53000,0.146,0.701,0.153
53100,0.146,0.687,0.166
53200,0.138,0.686,0.176
53300,0.140,0.663,0.197
53400,0.140,0.649,0.211
53500,0.136,0.656,0.208
53600,0.139,0.661,0.200
53700,0.139,0.667,0.194
53800,0.134,0.675,0.191
53900,0.144,0.649,0.207
54000,0.152,0.651,0.197
54100,0.150,0.649,0.201
54200,0.150,0.650,0.200
54300,0.145,0.647,0.208
54400,0.149,0.648,0.203
54500,0.149,0.653,0.198
54600,0.158,0.635,0.206
54700,0.153,0.632,0.215
54800,0.158,0.634,0.207
54900,0.161,0.634,0.204
55000,0.160,0.639,0.200
55100,0.163,0.647,0.190
55200,0.158,0.645,0.197
55300,0.159,0.653,0.188
55400,0.155,0.663,0.182
55500,0.152,0.666,0.182
55600,0.151,0.671,0.178
55700,0.154,0.662,0.184
55800,0.158,0.645,0.197
55900,0.160,0.646,0.194
56000,0.166,0.642,0.191
56100,0.170,0.634,0.196
56200,0.174,0.642,0.184
56300,0.164,0.650,0.186
56400,0.161,0.649,0.190
56500,0.156,0.641,0.202
56600,0.140,0.641,0.219
56700,0.148,0.641,0.210
56800,0.150,0.647,0.203
56900,0.143,0.642,0.215
57000,0.147,0.654,0.199
57100,0.142,0.654,0.204
57200,0.139,0.661,0.200
57300,0.129,0.672,0.199
57400,0.128,0.666,0.206
57500,0.130,0.665,0.205
57600,0.130,0.669,0.201
57700,0.129,0.681,0.190
57800,0.121,0.677,0.202
57900,0.123,0.691,0.187
58000,0.124,0.682,0.194
58100,0.124,0.680,0.196
58200,0.122,0.685,0.193
58300,0.137,0.676,0.187
58400,0.135,0.684,0.181
58500,0.130,0.670,0.200
58600,0.128,0.663,0.209
58700,0.126,0.630,0.244
58800,0.131,0.640,0.229
58900,0.136,0.636,0.228
59000,0.143,0.636,0.221
59100,0.139,0.654,0.207
59200,0.141,0.658,0.201
59300,0.143,0.656,0.201
59400,0.141,0.658,0.201
59500,0.143,0.650,0.207
59600,0.137,0.666,0.197
59700,0.126,0.673,0.201
59800,0.127,0.675,0.198
59900,0.127,0.681,0.192
60000,0.128,0.678,0.194
60100,0.129,0.699,0.173
60200,0.118,0.698,0.184
60300,0.124,0.697,0.180
60400,0.116,0.694,0.190
60500,0.120,0.705,0.176
60600,0.127,0.699,0.175
60700,0.130,0.700,0.171
60800,0.134,0.701,0.165
60900,0.128,0.684,0.188
61000,0.129,0.693,0.179
61100,0.130,0.684,0.186
61200,0.125,0.675,0.200
61300,0.124,0.677,0.199
61400,0.136,0.678,0.186
61500,0.136,0.669,0.195
61600,0.142,0.663,0.195
61700,0.139,0.672,0.189
61800,0.138,0.666,0.196
61900,0.128,0.669,0.203
62000,0.120,0.677,0.203
62100,0.116,0.668,0.216
62200,0.120,0.649,0.232
62300,0.125,0.658,0.218
62400,0.113,0.659,0.228
62500,0.111,0.669,0.220
62600,0.117,0.656,0.227
62700,0.127,0.656,0.218
62800,0.131,0.661,0.208
62900,0.139,0.657,0.204
63000,0.132,0.644,0.225
63100,0.140,0.654,0.206
63200,0.133,0.656,0.211
63300,0.132,0.654,0.215
63400,0.137,0.658,0.205
63500,0.146,0.650,0.204
63600,0.142,0.651,0.207
63700,0.144,0.655,0.201
63800,0.139,0.659,0.202
63900,0.139,0.662,0.199
64000,0.134,0.658,0.208
64100,0.129,0.672,0.199
64200,0.130,0.676,0.194
64300,0.129,0.677,0.194
64400,0.120,0.672,0.208
64500,0.116,0.670,0.213
64600,0.118,0.656,0.226
64700,0.123,0.652,0.226
64800,0.133,0.656,0.211
64900,0.130,0.655,0.216
65000,0.125,0.662,0.213
65100,0.130,0.665,0.205
65200,0.125,0.667,0.208
65300,0.118,0.681,0.200
65400,0.122,0.679,0.199
65500,0.125,0.673,0.202
65600,0.128,0.684,0.188
65700,0.139,0.668,0.193
65800,0.134,0.667,0.199
65900,0.128,0.665,0.207
66000,0.129,0.665,0.206
66100,0.131,0.665,0.204
66200,0.142,0.657,0.201
66300,0.141,0.665,0.194
66400,0.146,0.653,0.201
66500,0.137,0.654,0.209
66600,0.140,0.655,0.205
66700,0.139,0.658,0.203
66800,0.131,0.654,0.216
66900,0.126,0.670,0.204
67000,0.125,0.666,0.209
67100,0.128,0.654,0.219
67200,0.128,0.664,0.208
67300,0.124,0.659,0.218
67400,0.120,0.674,0.206
67500,0.124,0.683,0.193
67600,0.122,0.685,0.193
67700,0.123,0.674,0.203
67800,0.121,0.676,0.203
67900,0.118,0.675,0.206
68000,0.116,0.678,0.205
68100,0.121,0.678,0.201
68200,0.127,0.670,0.203
68300,0.129,0.658,0.213
68400,0.128,0.659,0.213
68500,0.129,0.662,0.209
68600,0.134,0.669,0.197
68700,0.136,0.666,0.198
68800,0.146,0.677,0.177
68900,0.143,0.679,0.178
69000,0.146,0.675,0.179
69100,0.152,0.669,0.179
69200,0.150,0.650,0.200
69300,0.146,0.653,0.201
69400,0.144,0.661,0.195
69500,0.144,0.671,0.185
69600,0.141,0.657,0.202
69700,0.134,0.661,0.205
69800,0.133,0.656,0.211
69900,0.128,0.655,0.218
70000,0.129,0.667,0.204
70100,0.126,0.668,0.206
70200,0.128,0.647,0.226
70300,0.128,0.655,0.218
70400,0.131,0.653,0.217
70500,0.128,0.648,0.225
70600,0.132,0.648,0.221
70700,0.128,0.659,0.213
70800,0.129,0.661,0.210
70900,0.121,0.657,0.223
71000,0.122,0.668,0.210
71100,0.130,0.656,0.215
71200,0.128,0.659,0.213
71300,0.124,0.665,0.211
71400,0.121,0.666,0.213
71500,0.117,0.664,0.219
71600,0.114,0.671,0.215
71700,0.110,0.665,0.225
71800,0.114,0.673,0.212
71900,0.117,0.656,0.227
72000,0.114,0.666,0.220
72100,0.124,0.663,0.213
72200,0.125,0.676,0.199
72300,0.123,0.678,0.199
72400,0.133,0.664,0.203
72500,0.137,0.666,0.197
72600,0.132,0.663,0.205
72700,0.134,0.652,0.215
72800,0.140,0.646,0.215
72900,0.138,0.660,0.202
73000,0.137,0.673,0.190
73100,0.134,0.664,0.202
73200,0.133,0.659,0.208
73300,0.133,0.658,0.209
73400,0.132,0.665,0.203
73500,0.138,0.657,0.205
73600,0.136,0.659,0.205
73700,0.135,0.657,0.208
73800,0.143,0.660,0.197
73900,0.146,0.661,0.193
74000,0.149,0.658,0.193
74100,0.155,0.663,0.182
74200,0.158,0.663,0.179
74300,0.152,0.662,0.186
74400,0.152,0.661,0.187
74500,0.147,0.662,0.191
74600,0.146,0.662,0.192
74700,0.145,0.656,0.199
74800,0.148,0.667,0.185
74900,0.139,0.663,0.198
75000,0.143,0.664,0.193
75100,0.143,0.664,0.193
75200,0.138,0.663,0.199
75300,0.135,0.654,0.211
75400,0.133,0.657,0.210
75500,0.132,0.669,0.199
75600,0.125,0.664,0.211
75700,0.126,0.670,0.204
75800,0.125,0.670,0.205
75900,0.128,0.672,0.200
76000,0.120,0.673,0.207
76100,0.120,0.675,0.205
76200,0.120,0.679,0.201
76300,0.118,0.680,0.201
76400,0.117,0.675,0.207
76500,0.120,0.677,0.203
76600,0.118,0.679,0.202
76700,0.115,0.674,0.210
76800,0.122,0.661,0.218
76900,0.124,0.651,0.226
77000,0.121,0.661,0.219
77100,0.118,0.671,0.210
77200,0.115,0.667,0.218
77300,0.126,0.663,0.211
77400,0.117,0.671,0.211
77500,0.113,0.674,0.212
77600,0.110,0.677,0.212
77700,0.113,0.681,0.205
77800,0.109,0.684,0.206
77900,0.103,0.700,0.197
78000,0.104,0.697,0.199
78100,0.103,0.704,0.193
78200,0.108,0.707,0.185
78300,0.106,0.714,0.180
78400,0.109,0.714,0.177
78500,0.108,0.716,0.176
78600,0.107,0.720,0.173
78700,0.103,0.728,0.169
78800,0.101,0.736,0.162
78900,0.098,0.728,0.174
79000,0.097,0.726,0.177
79100,0.097,0.733,0.170
79200,0.097,0.734,0.169
79300,0.100,0.721,0.179
79400,0.107,0.722,0.171
79500,0.108,0.724,0.168
79600,0.108,0.729,0.162
79700,0.117,0.736,0.146
79800,0.113,0.731,0.155
79900,0.108,0.736,0.155
80000,0.109,0.742,0.149
80100,0.111,0.730,0.158
80200,0.108,0.730,0.161
80300,0.108,0.732,0.159
80400,0.117,0.722,0.160
80500,0.114,0.722,0.163
80600,0.113,0.722,0.164
80700,0.114,0.733,0.152
80800,0.122,0.728,0.150
80900,0.109,0.729,0.161
81000,0.113,0.734,0.152
81100,0.113,0.746,0.141
81200,0.118,0.743,0.139
81300,0.114,0.741,0.145
81400,0.123,0.727,0.150
81500,0.121,0.723,0.156
81600,0.123,0.704,0.174
81700,0.116,0.706,0.178
81800,0.103,0.717,0.180
81900,0.111,0.716,0.173
82000,0.113,0.723,0.163
82100,0.111,0.733,0.155
82200,0.114,0.735,0.150
82300,0.110,0.747,0.143
82400,0.111,0.749,0.140
82500,0.111,0.744,0.145
82600,0.113,0.736,0.150
82700,0.106,0.740,0.154
82800,0.108,0.746,0.146
82900,0.106,0.752,0.142
83000,0.107,0.755,0.138
83100,0.107,0.763,0.130
83200,0.103,0.760,0.137
83300,0.099,0.752,0.149
83400,0.092,0.758,0.150
83500,0.099,0.747,0.154
83600,0.094,0.735,0.171
83700,0.095,0.735,0.170
83800,0.098,0.730,0.172
83900,0.095,0.725,0.180
84000,0.096,0.722,0.182
84100,0.095,0.713,0.192
84200,0.095,0.718,0.187
84300,0.095,0.730,0.175
84400,0.092,0.749,0.159
84500,0.095,0.747,0.158
84600,0.098,0.745,0.157
84700,0.096,0.748,0.156
84800,0.093,0.746,0.161
84900,0.097,0.758,0.145
85000,0.099,0.760,0.141
85100,0.100,0.768,0.132
85200,0.093,0.771,0.136
85300,0.091,0.762,0.147
85400,0.095,0.756,0.149
85500,0.097,0.758,0.145
85600,0.100,0.737,0.162
85700,0.099,0.726,0.175
85800,0.096,0.736,0.168
85900,0.093,0.737,0.170
86000,0.090,0.739,0.172
86100,0.086,0.743,0.172
86200,0.084,0.750,0.166
86300,0.087,0.753,0.160
86400,0.087,0.737,0.176
86500,0.091,0.736,0.173
86600,0.100,0.719,0.181
86700,0.102,0.722,0.176
86800,0.104,0.718,0.178
86900,0.102,0.720,0.178
87000,0.101,0.735,0.163
87100,0.099,0.737,0.163
87200,0.102,0.745,0.153
87300,0.096,0.742,0.162
87400,0.098,0.740,0.162
87500,0.106,0.744,0.150
87600,0.104,0.744,0.152
87700,0.101,0.736,0.162
87800,0.101,0.739,0.160
87900,0.101,0.713,0.186
88000,0.106,0.707,0.187
88100,0.100,0.718,0.182
88200,0.103,0.727,0.170
88300,0.105,0.724,0.171
88400,0.108,0.723,0.169
88500,0.110,0.711,0.179
88600,0.105,0.715,0.180
88700,0.105,0.721,0.174
88800,0.093,0.716,0.191
88900,0.094,0.725,0.181
89000,0.089,0.739,0.173
89100,0.085,0.753,0.162
89200,0.084,0.753,0.163
89300,0.087,0.744,0.170
89400,0.082,0.755,0.163
89500,0.085,0.752,0.163
89600,0.085,0.752,0.163
89700,0.084,0.757,0.159
89800,0.090,0.766,0.144
89900,0.087,0.773,0.140
90000,0.089,0.769,0.142
90100,0.091,0.772,0.137
90200,0.098,0.764,0.138
90300,0.094,0.761,0.145
90400,0.096,0.750,0.154
90500,0.102,0.752,0.146
90600,0.096,0.744,0.160
90700,0.095,0.733,0.172
90800,0.104,0.739,0.157
90900,0.104,0.741,0.155
91000,0.096,0.741,0.163
91100,0.095,0.735,0.170
91200,0.088,0.725,0.187
91300,0.086,0.741,0.174
91400,0.084,0.743,0.174
91500,0.084,0.744,0.173
91600,0.090,0.740,0.171
91700,0.094,0.737,0.169
91800,0.096,0.737,0.166
91900,0.095,0.742,0.163
92000,0.100,0.740,0.160
92100,0.098,0.732,0.170
92200,0.100,0.728,0.172
92300,0.093,0.716,0.191
92400,0.100,0.719,0.181
92500,0.096,0.721,0.183
92600,0.098,0.727,0.175
92700,0.104,0.724,0.172
92800,0.101,0.726,0.173
92900,0.101,0.730,0.169
93000,0.101,0.742,0.157
93100,0.103,0.733,0.163
93200,0.100,0.736,0.163
93300,0.092,0.732,0.176
93400,0.090,0.724,0.186
93500,0.087,0.731,0.182
93600,0.091,0.737,0.172
93700,0.101,0.739,0.160
93800,0.099,0.728,0.173
93900,0.104,0.725,0.171
94000,0.107,0.724,0.169
94100,0.103,0.728,0.169
94200,0.099,0.745,0.156
94300,0.103,0.744,0.153
94400,0.096,0.755,0.149
94500,0.096,0.751,0.153
94600,0.102,0.741,0.157
94700,0.101,0.752,0.147
94800,0.101,0.755,0.144
94900,0.097,0.758,0.145
95000,0.094,0.772,0.134
95100,0.089,0.779,0.132
95200,0.091,0.774,0.135
95300,0.097,0.784,0.118
95400,0.094,0.781,0.125
95500,0.094,0.772,0.134
95600,0.106,0.776,0.117
95700,0.097,0.772,0.131
95800,0.095,0.775,0.130
95900,0.096,0.777,0.127
96000,0.090,0.778,0.132
96100,0.098,0.764,0.138
96200,0.099,0.766,0.135
96300,0.099,0.774,0.127
96400,0.095,0.781,0.124
96500,0.097,0.778,0.125
96600,0.094,0.788,0.118
96700,0.087,0.776,0.137
96800,0.085,0.778,0.137
96900,0.083,0.769,0.148
97000,0.084,0.769,0.147
97100,0.083,0.751,0.166
97200,0.084,0.757,0.159
97300,0.084,0.769,0.147
97400,0.082,0.766,0.152
97500,0.085,0.772,0.143
97600,0.083,0.781,0.136
97700,0.079,0.795,0.127
97800,0.082,0.798,0.121
97900,0.079,0.791,0.131
98000,0.073,0.800,0.128
98100,0.070,0.796,0.134
98200,0.069,0.792,0.139
98300,0.068,0.799,0.133
98400,0.066,0.802,0.132
98500,0.064,0.801,0.135
98600,0.064,0.801,0.135
98700,0.067,0.808,0.125
98800,0.069,0.806,0.125
98900,0.070,0.807,0.123
99000,0.070,0.813,0.116
99100,0.068,0.803,0.129
99200,0.065,0.808,0.127
99300,0.065,0.792,0.143
99400,0.066,0.792,0.142
99500,0.064,0.790,0.146
99600,0.065,0.785,0.149
99700,0.065,0.781,0.153
99800,0.066,0.790,0.144
99900,0.065,0.792,0.143
100000,0.066,0.789,0.145
