time,n_A+p,n_B,n_AB
100,0.026,0.974,0.000
200,0.026,0.921,0.053
300,0.026,0.908,0.066
400,0.026,0.882,0.092
500,0.026,0.882,0.092
600,0.039,0.882,0.079
700,0.039,0.776,0.184
800,0.066,0.711,0.224
900,0.026,0.671,0.303
1000,0.026,0.816,0.158
1100,0.026,0.632,0.342
1200,0.053,0.618,0.329
1300,0.026,0.671,0.303
1400,0.026,0.750,0.224
1500,0.026,0.855,0.118
1600,0.026,0.789,0.184
1700,0.053,0.829,0.118
1800,0.039,0.882,0.079
1900,0.039,0.829,0.132
2000,0.053,0.868,0.079
2100,0.053,0.776,0.171
2200,0.026,0.684,0.289
2300,0.026,0.697,0.276
2400,0.039,0.566,0.395
2500,0.066,0.605,0.329
2600,0.066,0.539,0.395
2700,0.132,0.447,0.421
2800,0.158,0.434,0.408
2900,0.105,0.487,0.408
3000,0.105,0.408,0.487
3100,0.184,0.329,0.487
3200,0.171,0.289,0.539
3300,0.132,0.395,0.474
3400,0.132,0.329,0.539
3500,0.066,0.487,0.447
3600,0.039,0.539,0.421
3700,0.132,0.355,0.513
3800,0.145,0.395,0.461
3900,0.276,0.289,0.434
4000,0.250,0.237,0.513
4100,0.329,0.145,0.526
4200,0.382,0.171,0.447
4300,0.382,0.158,0.461
4400,0.539,0.132,0.329
4500,0.618,0.053,0.329
4600,0.697,0.026,0.276
4700,0.658,0.026,0.316
4800,0.750,0.013,0.237
4900,0.724,0.013,0.263
5000,0.711,0.039,0.250
5100,0.776,0.026,0.197
5200,0.658,0.026,0.316
5300,0.711,0.013,0.276
5400,0.711,0.026,0.263
5500,0.579,0.013,0.408
5600,0.579,0.026,0.395
5700,0.474,0.039,0.487
5800,0.671,0.013,0.316
5900,0.763,0.000,0.237
6000,0.711,0.000,0.289
6100,0.592,0.026,0.382
6200,0.763,0.013,0.224
6300,0.763,0.013,0.224
6400,0.579,0.013,0.408
6500,0.513,0.039,0.447
6600,0.539,0.039,0.421
6700,0.632,0.039,0.329
6800,0.684,0.026,0.289
6900,0.645,0.013,0.342
7000,0.618,0.026,0.355
7100,0.500,0.092,0.408
7200,0.382,0.092,0.526
7300,0.408,0.066,0.526
7400,0.447,0.066,0.487
7500,0.461,0.092,0.447
7600,0.368,0.158,0.474
7700,0.237,0.263,0.500
7800,0.224,0.224,0.553
7900,0.118,0.289,0.592
8000,0.132,0.184,0.684
8100,0.263,0.118,0.618
8200,0.342,0.158,0.500
8300,0.395,0.197,0.408
8400,0.434,0.158,0.408
8500,0.461,0.079,0.461
8600,0.513,0.026,0.461
8700,0.461,0.066,0.474
8800,0.421,0.118,0.461
8900,0.408,0.079,0.513
9000,0.447,0.066,0.487
9100,0.500,0.158,0.342
9200,0.553,0.066,0.382
9300,0.592,0.066,0.342
9400,0.618,0.053,0.329
9500,0.724,0.066,0.211
9600,0.697,0.013,0.289
9700,0.474,0.105,0.421
9800,0.539,0.066,0.395
9900,0.487,0.079,0.434
10000,0.500,0.066,0.434
10100,0.539,0.026,0.434
10200,0.553,0.000,0.447
10300,0.684,0.000,0.316
10400,0.711,0.000,0.289
10500,0.737,0.000,0.263
10600,0.724,0.000,0.276
10700,0.605,0.066,0.329
10800,0.632,0.013,0.355
10900,0.618,0.039,0.342
11000,0.618,0.039,0.342
11100,0.605,0.026,0.368
11200,0.645,0.026,0.329
11300,0.697,0.026,0.276
11400,0.553,0.092,0.355
11500,0.737,0.026,0.237
11600,0.829,0.000,0.171
11700,0.816,0.000,0.184
11800,0.829,0.000,0.171
11900,0.605,0.013,0.382
12000,0.632,0.000,0.368
12100,0.658,0.013,0.329
12200,0.658,0.013,0.329
12300,0.697,0.013,0.289
12400,0.500,0.039,0.461
12500,0.632,0.053,0.316
12600,0.658,0.039,0.303
12700,0.763,0.000,0.237
12800,0.711,0.039,0.250
12900,0.645,0.013,0.342
13000,0.711,0.000,0.289
13100,0.803,0.000,0.197
13200,0.553,0.053,0.395
13300,0.434,0.092,0.474
13400,0.368,0.158,0.474
13500,0.382,0.053,0.566
13600,0.382,0.158,0.461
13700,0.368,0.118,0.513
13800,0.237,0.066,0.697
13900,0.263,0.250,0.487
14000,0.224,0.329,0.447
14100,0.118,0.434,0.447
14200,0.092,0.447,0.461
14300,0.145,0.474,0.382
14400,0.145,0.395,0.461
14500,0.145,0.303,0.553
14600,0.250,0.316,0.434
14700,0.329,0.184,0.487
14800,0.342,0.211,0.447
14900,0.461,0.079,0.461
15000,0.447,0.092,0.461
15100,0.316,0.105,0.579
15200,0.434,0.105,0.461
15300,0.263,0.145,0.592
15400,0.237,0.197,0.566
15500,0.382,0.132,0.487
15600,0.368,0.158,0.474
15700,0.447,0.145,0.408
15800,0.355,0.171,0.474
15900,0.408,0.053,0.539
16000,0.408,0.092,0.500
16100,0.461,0.053,0.487
16200,0.526,0.053,0.421
16300,0.513,0.039,0.447
16400,0.566,0.013,0.421
16500,0.592,0.026,0.382
16600,0.684,0.013,0.303
16700,0.697,0.013,0.289
16800,0.579,0.000,0.421
16900,0.618,0.066,0.316
17000,0.592,0.039,0.368
17100,0.632,0.039,0.329
17200,0.645,0.013,0.342
17300,0.697,0.013,0.289
17400,0.711,0.013,0.276
17500,0.724,0.013,0.263
17600,0.697,0.000,0.303
17700,0.711,0.000,0.289
17800,0.711,0.000,0.289
17900,0.763,0.000,0.237
18000,0.645,0.026,0.329
18100,0.711,0.026,0.263
18200,0.763,0.039,0.197
18300,0.763,0.039,0.197
18400,0.855,0.039,0.105
18500,0.934,0.000,0.066
18600,0.961,0.000,0.039
18700,0.974,0.000,0.026
18800,0.974,0.000,0.026
18900,0.974,0.000,0.026
19000,0.974,0.000,0.026
19100,0.974,0.000,0.026
19200,0.974,0.000,0.026
19300,1.000,0.000,0.000
