time,n_A+p,n_B,n_AB
100,0.368,0.447,0.184
200,0.553,0.303,0.145
300,0.684,0.197,0.118
400,0.829,0.105,0.066
500,0.882,0.053,0.066
600,0.868,0.053,0.079
700,0.882,0.053,0.066
800,0.934,0.039,0.026
900,0.947,0.039,0.013
1000,0.947,0.013,0.039
1100,0.974,0.000,0.026
1200,0.987,0.000,0.013
1300,1.000,0.000,0.000
