time,n_A+p,n_B,n_AB
100,0.030,0.969,0.001
200,0.030,0.967,0.003
300,0.030,0.955,0.015
400,0.030,0.954,0.016
500,0.030,0.948,0.022
600,0.030,0.936,0.035
700,0.032,0.928,0.040
800,0.032,0.920,0.048
900,0.031,0.913,0.056
1000,0.030,0.905,0.065
1100,0.030,0.902,0.068
1200,0.030,0.897,0.074
1300,0.030,0.891,0.080
1400,0.030,0.886,0.085
1500,0.030,0.877,0.093
1600,0.032,0.867,0.101
1700,0.031,0.861,0.108
1800,0.030,0.855,0.115
1900,0.032,0.825,0.143
2000,0.030,0.799,0.172
2100,0.030,0.802,0.169
2200,0.031,0.779,0.190
2300,0.035,0.767,0.198
2400,0.032,0.737,0.231
2500,0.036,0.728,0.236
2600,0.034,0.711,0.255
2700,0.033,0.701,0.267
2800,0.033,0.693,0.275
2900,0.032,0.682,0.286
3000,0.032,0.676,0.292
3100,0.033,0.667,0.300
3200,0.033,0.656,0.312
3300,0.033,0.650,0.318
3400,0.033,0.663,0.304
3500,0.035,0.653,0.313
3600,0.035,0.648,0.318
3700,0.034,0.642,0.324
3800,0.037,0.634,0.329
3900,0.035,0.631,0.334
4000,0.036,0.630,0.334
4100,0.037,0.621,0.342
4200,0.040,0.602,0.359
4300,0.041,0.593,0.366
4400,0.043,0.583,0.374
4500,0.039,0.598,0.364
4600,0.043,0.587,0.370
4700,0.043,0.577,0.380
4800,0.045,0.568,0.387
4900,0.047,0.562,0.391
5000,0.045,0.547,0.408
5100,0.046,0.536,0.418
5200,0.045,0.534,0.421
5300,0.045,0.527,0.428
5400,0.046,0.515,0.439
5500,0.047,0.510,0.443
5600,0.046,0.497,0.457
5700,0.042,0.492,0.466
5800,0.045,0.486,0.469
5900,0.045,0.483,0.472
6000,0.044,0.484,0.472
6100,0.055,0.481,0.464
6200,0.058,0.473,0.469
6300,0.053,0.469,0.478
6400,0.051,0.458,0.491
6500,0.047,0.458,0.495
6600,0.044,0.451,0.505
6700,0.045,0.444,0.511
6800,0.046,0.435,0.519
6900,0.044,0.432,0.524
7000,0.040,0.427,0.533
7100,0.045,0.425,0.530
7200,0.041,0.426,0.533
7300,0.043,0.418,0.539
7400,0.044,0.414,0.542
7500,0.046,0.411,0.543
7600,0.044,0.414,0.542
7700,0.048,0.403,0.549
7800,0.054,0.401,0.544
7900,0.050,0.397,0.553
8000,0.044,0.397,0.559
8100,0.041,0.392,0.567
8200,0.048,0.392,0.560
8300,0.050,0.386,0.564
8400,0.048,0.386,0.566
8500,0.046,0.387,0.567
8600,0.046,0.382,0.572
8700,0.048,0.380,0.572
8800,0.050,0.376,0.574
8900,0.052,0.368,0.580
9000,0.054,0.366,0.580
9100,0.050,0.367,0.583
9200,0.056,0.371,0.573
9300,0.060,0.367,0.573
9400,0.057,0.369,0.574
9500,0.053,0.364,0.583
9600,0.053,0.362,0.585
9700,0.045,0.366,0.589
9800,0.047,0.371,0.582
9900,0.043,0.370,0.587
10000,0.047,0.365,0.588
10100,0.045,0.363,0.592
10200,0.046,0.360,0.594
10300,0.048,0.364,0.588
10400,0.054,0.365,0.581
10500,0.051,0.365,0.584
10600,0.049,0.365,0.586
10700,0.056,0.364,0.580
10800,0.056,0.364,0.580
10900,0.055,0.363,0.582
11000,0.054,0.358,0.588
11100,0.052,0.352,0.596
11200,0.051,0.351,0.598
11300,0.053,0.350,0.597
11400,0.050,0.352,0.598
11500,0.051,0.351,0.598
11600,0.055,0.348,0.597
11700,0.055,0.344,0.601
11800,0.055,0.342,0.603
11900,0.055,0.335,0.610
12000,0.052,0.334,0.614
12100,0.050,0.338,0.612
12200,0.053,0.334,0.613
12300,0.057,0.342,0.601
12400,0.061,0.342,0.597
12500,0.062,0.334,0.604
12600,0.059,0.336,0.605
12700,0.057,0.339,0.604
12800,0.060,0.337,0.603
12900,0.053,0.335,0.612
13000,0.052,0.331,0.617
13100,0.047,0.329,0.624
13200,0.053,0.328,0.619
13300,0.054,0.331,0.615
13400,0.056,0.334,0.610
13500,0.054,0.327,0.619
13600,0.050,0.326,0.624
13700,0.052,0.323,0.625
13800,0.054,0.319,0.627
13900,0.052,0.318,0.630
14000,0.053,0.313,0.634
14100,0.058,0.307,0.634
14200,0.056,0.307,0.636
14300,0.059,0.303,0.637
14400,0.056,0.303,0.640
14500,0.051,0.300,0.649
14600,0.051,0.297,0.652
14700,0.051,0.297,0.652
14800,0.053,0.303,0.644
14900,0.055,0.302,0.642
15000,0.054,0.300,0.646
15100,0.054,0.302,0.644
15200,0.059,0.301,0.639
15300,0.061,0.296,0.642
15400,0.056,0.292,0.652
15500,0.062,0.297,0.640
15600,0.068,0.296,0.635
15700,0.069,0.293,0.637
15800,0.067,0.294,0.638
15900,0.065,0.295,0.639
16000,0.065,0.292,0.642
16100,0.062,0.293,0.645
16200,0.063,0.295,0.641
16300,0.066,0.298,0.635
16400,0.060,0.302,0.637
16500,0.060,0.305,0.634
16600,0.062,0.304,0.633
16700,0.063,0.300,0.636
16800,0.067,0.299,0.633
16900,0.063,0.299,0.637
17000,0.059,0.294,0.647
17100,0.058,0.290,0.652
17200,0.058,0.296,0.646
17300,0.058,0.303,0.638
17400,0.059,0.300,0.640
17500,0.061,0.301,0.637
17600,0.062,0.302,0.635
17700,0.064,0.299,0.636
17800,0.059,0.291,0.650
17900,0.059,0.291,0.650
18000,0.062,0.289,0.649
18100,0.060,0.284,0.656
18200,0.058,0.283,0.659
18300,0.056,0.282,0.662
18400,0.059,0.283,0.658
18500,0.058,0.288,0.654
18600,0.057,0.290,0.653
18700,0.054,0.285,0.661
18800,0.055,0.287,0.658
18900,0.058,0.305,0.636
19000,0.057,0.305,0.637
19100,0.058,0.298,0.644
19200,0.059,0.294,0.647
19300,0.056,0.294,0.650
19400,0.059,0.296,0.645
19500,0.059,0.300,0.640
19600,0.056,0.297,0.647
19700,0.049,0.300,0.651
19800,0.048,0.301,0.651
19900,0.047,0.302,0.651
20000,0.051,0.303,0.646
20100,0.051,0.299,0.650
20200,0.052,0.294,0.654
20300,0.053,0.294,0.653
20400,0.052,0.295,0.653
20500,0.052,0.306,0.641
20600,0.053,0.304,0.642
20700,0.055,0.308,0.636
20800,0.053,0.309,0.637
20900,0.052,0.307,0.640
21000,0.050,0.309,0.640
21100,0.050,0.304,0.646
21200,0.051,0.304,0.645
21300,0.053,0.299,0.648
21400,0.049,0.295,0.656
21500,0.049,0.292,0.659
21600,0.051,0.288,0.661
21700,0.055,0.287,0.658
21800,0.054,0.282,0.664
21900,0.055,0.281,0.664
22000,0.056,0.284,0.660
22100,0.056,0.278,0.666
22200,0.052,0.277,0.671
22300,0.053,0.273,0.674
22400,0.058,0.265,0.677
22500,0.054,0.264,0.682
22600,0.054,0.265,0.681
22700,0.052,0.265,0.683
22800,0.053,0.261,0.685
22900,0.054,0.261,0.684
23000,0.056,0.260,0.683
23100,0.053,0.259,0.687
23200,0.054,0.257,0.688
23300,0.054,0.260,0.685
23400,0.056,0.263,0.681
23500,0.057,0.259,0.683
23600,0.057,0.258,0.684
23700,0.063,0.257,0.679
23800,0.066,0.258,0.675
23900,0.064,0.260,0.675
24000,0.059,0.260,0.680
24100,0.061,0.261,0.677
24200,0.062,0.275,0.663
24300,0.063,0.283,0.654
24400,0.060,0.276,0.664
24500,0.059,0.278,0.663
24600,0.059,0.275,0.666
24700,0.058,0.273,0.669
24800,0.060,0.274,0.666
24900,0.058,0.270,0.672
25000,0.054,0.263,0.683
25100,0.053,0.260,0.686
25200,0.054,0.260,0.685
25300,0.055,0.258,0.686
25400,0.058,0.257,0.684
25500,0.060,0.249,0.691
25600,0.055,0.249,0.696
25700,0.057,0.245,0.698
25800,0.059,0.243,0.698
25900,0.057,0.241,0.702
26000,0.059,0.251,0.689
26100,0.055,0.254,0.691
26200,0.059,0.251,0.689
26300,0.060,0.249,0.691
26400,0.062,0.243,0.695
26500,0.059,0.239,0.702
26600,0.060,0.236,0.704
26700,0.067,0.239,0.694
26800,0.080,0.238,0.682
26900,0.076,0.239,0.685
27000,0.073,0.236,0.692
27100,0.066,0.239,0.695
27200,0.067,0.232,0.701
27300,0.079,0.240,0.681
27400,0.078,0.240,0.682
27500,0.074,0.241,0.685
27600,0.074,0.238,0.688
27700,0.069,0.238,0.693
27800,0.065,0.233,0.702
27900,0.066,0.232,0.702
28000,0.065,0.231,0.704
28100,0.060,0.232,0.708
28200,0.059,0.230,0.711
28300,0.059,0.231,0.710
28400,0.063,0.229,0.708
28500,0.066,0.224,0.710
28600,0.064,0.228,0.708
28700,0.073,0.222,0.706
28800,0.076,0.220,0.705
28900,0.080,0.221,0.700
29000,0.079,0.224,0.698
29100,0.084,0.227,0.689
29200,0.084,0.228,0.688
29300,0.087,0.230,0.683
29400,0.084,0.229,0.687
29500,0.080,0.223,0.698
29600,0.082,0.228,0.691
29700,0.082,0.225,0.694
29800,0.084,0.223,0.694
29900,0.088,0.221,0.692
30000,0.085,0.223,0.693
30100,0.086,0.226,0.688
30200,0.086,0.224,0.691
30300,0.081,0.223,0.697
30400,0.081,0.226,0.694
30500,0.079,0.226,0.696
30600,0.076,0.226,0.699
30700,0.074,0.226,0.701
30800,0.077,0.221,0.703
30900,0.072,0.225,0.704
31000,0.073,0.223,0.705
31100,0.092,0.221,0.687
31200,0.087,0.219,0.695
31300,0.082,0.218,0.701
31400,0.079,0.216,0.706
31500,0.086,0.217,0.698
31600,0.083,0.216,0.702
31700,0.084,0.216,0.701
31800,0.091,0.213,0.696
31900,0.088,0.212,0.700
32000,0.084,0.217,0.700
32100,0.087,0.217,0.697
32200,0.085,0.213,0.702
32300,0.091,0.215,0.695
32400,0.089,0.217,0.695
32500,0.089,0.212,0.699
32600,0.095,0.211,0.694
32700,0.092,0.212,0.696
32800,0.088,0.216,0.697
32900,0.083,0.223,0.695
33000,0.084,0.233,0.683
33100,0.082,0.229,0.689
33200,0.082,0.228,0.691
33300,0.078,0.227,0.696
33400,0.073,0.226,0.702
33500,0.069,0.224,0.707
33600,0.068,0.226,0.706
33700,0.064,0.226,0.710
33800,0.065,0.223,0.712
33900,0.066,0.224,0.710
34000,0.063,0.224,0.713
34100,0.066,0.221,0.713
34200,0.065,0.224,0.711
34300,0.065,0.224,0.711
34400,0.072,0.223,0.706
34500,0.070,0.221,0.709
34600,0.068,0.222,0.710
34700,0.064,0.224,0.712
34800,0.065,0.223,0.712
34900,0.061,0.223,0.716
35000,0.062,0.222,0.716
35100,0.060,0.224,0.716
35200,0.063,0.220,0.717
35300,0.061,0.224,0.715
35400,0.062,0.224,0.714
35500,0.065,0.221,0.714
35600,0.068,0.221,0.711
35700,0.062,0.225,0.713
35800,0.062,0.216,0.722
35900,0.065,0.210,0.724
36000,0.061,0.213,0.725
36100,0.063,0.210,0.726
36200,0.063,0.212,0.724
36300,0.063,0.211,0.725
36400,0.059,0.219,0.722
36500,0.060,0.220,0.720
36600,0.062,0.217,0.721
36700,0.064,0.217,0.719
36800,0.070,0.219,0.711
36900,0.070,0.223,0.707
37000,0.067,0.223,0.710
37100,0.066,0.213,0.720
37200,0.070,0.209,0.720
37300,0.068,0.207,0.724
37400,0.070,0.207,0.722
37500,0.066,0.208,0.725
37600,0.077,0.207,0.716
37700,0.082,0.212,0.706
37800,0.080,0.209,0.711
37900,0.078,0.209,0.713
38000,0.065,0.208,0.726
38100,0.068,0.207,0.724
38200,0.068,0.205,0.726
38300,0.073,0.206,0.721
38400,0.068,0.204,0.727
38500,0.070,0.200,0.729
38600,0.073,0.201,0.726
38700,0.069,0.202,0.728
38800,0.067,0.203,0.729
38900,0.064,0.206,0.729
39000,0.063,0.206,0.730
39100,0.061,0.205,0.733
39200,0.065,0.203,0.731
39300,0.065,0.204,0.730
39400,0.064,0.204,0.731
39500,0.076,0.202,0.722
39600,0.081,0.207,0.712
39700,0.082,0.206,0.712
39800,0.082,0.202,0.716
39900,0.080,0.200,0.720
40000,0.079,0.213,0.708
40100,0.076,0.212,0.712
40200,0.073,0.207,0.720
40300,0.074,0.204,0.722
40400,0.075,0.209,0.716
40500,0.070,0.208,0.721
40600,0.067,0.201,0.731
40700,0.067,0.200,0.732
40800,0.067,0.195,0.737
40900,0.068,0.199,0.732
41000,0.072,0.201,0.727
41100,0.075,0.205,0.720
41200,0.074,0.204,0.722
41300,0.072,0.205,0.723
41400,0.068,0.206,0.725
41500,0.068,0.206,0.725
41600,0.069,0.202,0.728
41700,0.073,0.199,0.728
41800,0.074,0.196,0.730
41900,0.068,0.200,0.731
42000,0.065,0.200,0.734
42100,0.063,0.200,0.736
42200,0.064,0.201,0.734
42300,0.063,0.204,0.732
42400,0.061,0.200,0.739
42500,0.061,0.199,0.740
42600,0.061,0.201,0.737
42700,0.057,0.203,0.740
42800,0.057,0.199,0.744
42900,0.059,0.202,0.739
43000,0.059,0.198,0.743
43100,0.061,0.192,0.747
43200,0.064,0.194,0.742
43300,0.062,0.197,0.741
43400,0.064,0.198,0.737
43500,0.059,0.195,0.746
43600,0.068,0.197,0.734
43700,0.066,0.197,0.736
43800,0.063,0.198,0.739
43900,0.061,0.202,0.736
44000,0.059,0.204,0.736
44100,0.056,0.201,0.743
44200,0.056,0.200,0.744
44300,0.057,0.206,0.736
44400,0.055,0.204,0.741
44500,0.062,0.203,0.734
44600,0.068,0.200,0.731
44700,0.065,0.201,0.733
44800,0.063,0.200,0.736
44900,0.062,0.196,0.742
45000,0.064,0.196,0.740
45100,0.062,0.194,0.744
45200,0.063,0.191,0.746
45300,0.062,0.190,0.748
45400,0.062,0.186,0.752
45500,0.066,0.187,0.747
45600,0.064,0.186,0.750
45700,0.065,0.185,0.750
45800,0.060,0.184,0.756
45900,0.062,0.188,0.750
46000,0.058,0.190,0.752
46100,0.068,0.193,0.739
46200,0.069,0.192,0.739
46300,0.070,0.190,0.740
46400,0.068,0.187,0.745
46500,0.070,0.188,0.742
46600,0.077,0.191,0.732
46700,0.068,0.192,0.740
46800,0.069,0.189,0.742
46900,0.075,0.193,0.732
47000,0.079,0.192,0.729
47100,0.079,0.188,0.733
47200,0.076,0.191,0.733
47300,0.067,0.191,0.742
47400,0.064,0.194,0.742
47500,0.061,0.196,0.743
47600,0.059,0.194,0.747
47700,0.061,0.197,0.742
47800,0.069,0.198,0.732
47900,0.068,0.194,0.737
48000,0.062,0.196,0.742
48100,0.059,0.191,0.750
48200,0.058,0.191,0.751
48300,0.056,0.198,0.746
48400,0.057,0.198,0.745
48500,0.061,0.197,0.742
48600,0.062,0.200,0.737
48700,0.058,0.196,0.746
48800,0.066,0.196,0.737
48900,0.060,0.193,0.747
49000,0.063,0.193,0.744
49100,0.063,0.194,0.743
49200,0.062,0.192,0.746
49300,0.070,0.189,0.741
49400,0.079,0.191,0.730
49500,0.079,0.194,0.727
49600,0.080,0.186,0.734
49700,0.083,0.185,0.732
49800,0.082,0.192,0.726
49900,0.079,0.194,0.727
50000,0.080,0.194,0.726
50100,0.076,0.192,0.732
50200,0.073,0.196,0.731
50300,0.070,0.198,0.731
50400,0.072,0.195,0.733
50500,0.068,0.196,0.735
50600,0.069,0.198,0.732
50700,0.070,0.194,0.735
50800,0.075,0.197,0.728
50900,0.073,0.196,0.731
51000,0.069,0.198,0.732
51100,0.075,0.207,0.718
51200,0.076,0.209,0.715
51300,0.073,0.205,0.722
51400,0.068,0.203,0.728
51500,0.063,0.203,0.733
51600,0.063,0.201,0.735
51700,0.069,0.194,0.736
51800,0.068,0.195,0.736
51900,0.076,0.198,0.726
52000,0.075,0.200,0.725
52100,0.079,0.202,0.719
52200,0.081,0.198,0.721
52300,0.086,0.193,0.721
52400,0.088,0.190,0.722
52500,0.092,0.188,0.720
52600,0.093,0.186,0.721
52700,0.093,0.189,0.718
52800,0.092,0.186,0.722
52900,0.085,0.185,0.730
53000,0.084,0.185,0.731
53100,0.086,0.185,0.729
53200,0.086,0.193,0.721
53300,0.080,0.191,0.729
53400,0.087,0.201,0.712
53500,0.081,0.198,0.721
53600,0.077,0.200,0.723
53700,0.077,0.199,0.724
53800,0.075,0.196,0.729
53900,0.080,0.194,0.726
54000,0.084,0.194,0.722
54100,0.081,0.203,0.716
54200,0.080,0.204,0.716
54300,0.081,0.197,0.722
54400,0.091,0.200,0.709
54500,0.091,0.196,0.713
54600,0.087,0.198,0.715
54700,0.083,0.201,0.716
54800,0.085,0.197,0.718
54900,0.090,0.196,0.714
55000,0.085,0.201,0.714
55100,0.084,0.199,0.717
55200,0.088,0.195,0.717
55300,0.085,0.196,0.719
55400,0.084,0.193,0.723
55500,0.077,0.195,0.728
55600,0.074,0.196,0.730
55700,0.075,0.193,0.732
55800,0.076,0.192,0.732
55900,0.073,0.191,0.736
56000,0.079,0.186,0.735
56100,0.074,0.185,0.742
56200,0.076,0.184,0.741
56300,0.072,0.187,0.742
56400,0.067,0.188,0.745
56500,0.070,0.188,0.742
56600,0.072,0.185,0.744
56700,0.072,0.186,0.743
56800,0.081,0.188,0.731
56900,0.079,0.189,0.732
57000,0.079,0.197,0.724
57100,0.078,0.195,0.727
57200,0.076,0.193,0.731
57300,0.077,0.194,0.729
57400,0.070,0.192,0.737
57500,0.068,0.193,0.739
57600,0.065,0.199,0.735
57700,0.069,0.197,0.733
57800,0.068,0.195,0.736
57900,0.067,0.193,0.740
58000,0.073,0.189,0.739
58100,0.069,0.185,0.746
58200,0.069,0.189,0.742
58300,0.069,0.189,0.742
58400,0.073,0.187,0.741
58500,0.069,0.187,0.744
58600,0.072,0.186,0.743
58700,0.075,0.187,0.739
58800,0.069,0.185,0.746
58900,0.070,0.188,0.742
59000,0.070,0.188,0.742
59100,0.074,0.191,0.735
59200,0.076,0.188,0.736
59300,0.077,0.184,0.740
59400,0.076,0.184,0.741
59500,0.069,0.184,0.747
59600,0.065,0.192,0.743
59700,0.064,0.192,0.744
59800,0.066,0.195,0.739
59900,0.065,0.193,0.742
60000,0.066,0.188,0.746
60100,0.064,0.190,0.746
60200,0.060,0.188,0.752
60300,0.060,0.184,0.756
60400,0.058,0.183,0.759
60500,0.057,0.190,0.753
60600,0.058,0.189,0.753
60700,0.064,0.191,0.745
60800,0.058,0.190,0.752
60900,0.060,0.192,0.748
61000,0.061,0.190,0.749
61100,0.067,0.189,0.744
61200,0.067,0.190,0.743
61300,0.064,0.187,0.749
61400,0.069,0.186,0.745
61500,0.073,0.205,0.722
61600,0.074,0.208,0.718
61700,0.070,0.208,0.721
61800,0.070,0.205,0.724
61900,0.068,0.208,0.723
62000,0.065,0.206,0.728
62100,0.065,0.203,0.731
62200,0.066,0.198,0.735
62300,0.068,0.202,0.729
62400,0.068,0.203,0.728
62500,0.065,0.197,0.737
62600,0.069,0.194,0.736
62700,0.066,0.192,0.742
62800,0.065,0.192,0.743
62900,0.063,0.190,0.747
63000,0.065,0.190,0.745
63100,0.063,0.191,0.746
63200,0.068,0.190,0.742
63300,0.068,0.187,0.745
63400,0.069,0.199,0.731
63500,0.070,0.200,0.729
63600,0.068,0.199,0.732
63700,0.066,0.205,0.728
63800,0.065,0.200,0.734
63900,0.064,0.224,0.712
64000,0.065,0.210,0.724
64100,0.063,0.210,0.726
64200,0.062,0.204,0.733
64300,0.068,0.204,0.727
64400,0.072,0.207,0.721
64500,0.067,0.207,0.725
64600,0.065,0.204,0.730
64700,0.062,0.200,0.737
64800,0.061,0.202,0.736
64900,0.060,0.200,0.740
65000,0.055,0.200,0.745
65100,0.054,0.198,0.748
65200,0.054,0.197,0.749
65300,0.056,0.199,0.745
65400,0.055,0.200,0.745
65500,0.060,0.193,0.747
65600,0.059,0.190,0.751
65700,0.059,0.181,0.760
65800,0.060,0.183,0.757
65900,0.057,0.183,0.760
66000,0.065,0.177,0.758
66100,0.065,0.176,0.759
66200,0.065,0.179,0.756
66300,0.061,0.176,0.763
66400,0.065,0.185,0.750
66500,0.065,0.199,0.735
66600,0.064,0.196,0.740
66700,0.066,0.195,0.739
66800,0.064,0.193,0.743
66900,0.066,0.192,0.742
67000,0.067,0.192,0.741
67100,0.072,0.190,0.739
67200,0.070,0.185,0.745
67300,0.072,0.183,0.746
67400,0.069,0.179,0.752
67500,0.069,0.174,0.757
67600,0.066,0.171,0.763
67700,0.068,0.170,0.762
67800,0.069,0.173,0.758
67900,0.064,0.173,0.763
68000,0.066,0.172,0.762
68100,0.072,0.171,0.758
68200,0.082,0.169,0.750
68300,0.076,0.173,0.752
68400,0.077,0.176,0.748
68500,0.074,0.178,0.749
68600,0.073,0.177,0.751
68700,0.073,0.174,0.754
68800,0.073,0.172,0.756
68900,0.069,0.171,0.760
69000,0.067,0.175,0.758
69100,0.064,0.175,0.761
69200,0.064,0.176,0.760
69300,0.067,0.173,0.760
69400,0.073,0.178,0.750
69500,0.068,0.176,0.756
69600,0.070,0.176,0.754
69700,0.072,0.177,0.752
69800,0.069,0.185,0.746
69900,0.065,0.178,0.757
70000,0.064,0.178,0.758
70100,0.064,0.173,0.763
70200,0.067,0.172,0.761
70300,0.067,0.174,0.759
70400,0.068,0.175,0.757
70500,0.065,0.176,0.759
70600,0.067,0.178,0.755
70700,0.064,0.182,0.754
70800,0.064,0.181,0.755
70900,0.063,0.175,0.762
71000,0.065,0.170,0.765
71100,0.066,0.166,0.767
71200,0.072,0.164,0.764
71300,0.073,0.170,0.758
71400,0.075,0.171,0.755
71500,0.072,0.168,0.761
71600,0.069,0.170,0.761
71700,0.073,0.171,0.757
71800,0.075,0.173,0.753
71900,0.074,0.173,0.754
72000,0.080,0.176,0.745
72100,0.084,0.172,0.745
72200,0.078,0.176,0.747
72300,0.082,0.171,0.748
72400,0.084,0.171,0.746
72500,0.090,0.170,0.741
72600,0.086,0.170,0.745
72700,0.082,0.174,0.745
72800,0.078,0.174,0.749
72900,0.079,0.175,0.747
73000,0.075,0.176,0.750
73100,0.077,0.171,0.753
73200,0.079,0.170,0.752
73300,0.081,0.169,0.751
73400,0.076,0.174,0.751
73500,0.075,0.175,0.751
73600,0.074,0.180,0.747
73700,0.070,0.179,0.751
73800,0.070,0.183,0.747
73900,0.068,0.182,0.750
74000,0.072,0.181,0.748
74100,0.072,0.182,0.747
74200,0.074,0.177,0.750
74300,0.074,0.178,0.749
74400,0.072,0.172,0.757
74500,0.070,0.174,0.756
74600,0.067,0.174,0.759
74700,0.066,0.173,0.761
74800,0.068,0.171,0.761
74900,0.065,0.170,0.765
75000,0.063,0.168,0.769
75100,0.063,0.172,0.765
75200,0.069,0.173,0.758
75300,0.068,0.171,0.761
75400,0.063,0.170,0.767
75500,0.070,0.169,0.761
75600,0.067,0.171,0.762
75700,0.066,0.171,0.763
75800,0.068,0.172,0.760
75900,0.067,0.175,0.758
76000,0.073,0.170,0.758
76100,0.068,0.174,0.758
76200,0.063,0.171,0.766
76300,0.063,0.171,0.766
76400,0.064,0.171,0.765
76500,0.064,0.172,0.764
76600,0.063,0.172,0.765
76700,0.064,0.169,0.767
76800,0.065,0.169,0.766
76900,0.065,0.169,0.766
77000,0.064,0.173,0.763
77100,0.064,0.174,0.762
77200,0.081,0.174,0.746
77300,0.076,0.174,0.751
77400,0.081,0.169,0.751
77500,0.082,0.176,0.743
77600,0.079,0.174,0.748
77700,0.084,0.176,0.741
77800,0.082,0.176,0.743
77900,0.081,0.174,0.746
78000,0.065,0.173,0.762
78100,0.074,0.171,0.756
78200,0.070,0.175,0.755
78300,0.073,0.177,0.751
78400,0.072,0.176,0.753
78500,0.069,0.168,0.763
78600,0.065,0.179,0.756
78700,0.066,0.176,0.758
78800,0.064,0.173,0.763
78900,0.069,0.182,0.749
79000,0.070,0.177,0.753
79100,0.066,0.179,0.755
79200,0.063,0.179,0.758
79300,0.062,0.185,0.753
79400,0.059,0.181,0.760
79500,0.060,0.180,0.760
79600,0.061,0.178,0.761
79700,0.060,0.180,0.760
79800,0.067,0.173,0.760
79900,0.065,0.173,0.762
80000,0.072,0.179,0.750
80100,0.066,0.173,0.761
80200,0.065,0.165,0.769
80300,0.063,0.168,0.769
80400,0.060,0.163,0.776
80500,0.057,0.160,0.782
80600,0.067,0.161,0.771
80700,0.067,0.162,0.770
80800,0.068,0.158,0.773
80900,0.074,0.160,0.766
81000,0.075,0.170,0.756
81100,0.078,0.174,0.749
81200,0.076,0.179,0.746
81300,0.074,0.180,0.747
81400,0.070,0.179,0.751
81500,0.068,0.185,0.747
81600,0.066,0.176,0.758
81700,0.067,0.175,0.758
81800,0.070,0.176,0.754
81900,0.065,0.177,0.758
82000,0.079,0.174,0.748
82100,0.081,0.165,0.754
82200,0.084,0.162,0.754
82300,0.082,0.160,0.758
82400,0.078,0.157,0.765
82500,0.078,0.156,0.766
82600,0.074,0.154,0.772
82700,0.069,0.161,0.769
82800,0.072,0.160,0.768
82900,0.072,0.162,0.766
83000,0.070,0.165,0.764
83100,0.073,0.161,0.766
83200,0.078,0.164,0.758
83300,0.080,0.164,0.756
83400,0.081,0.159,0.760
83500,0.084,0.160,0.756
83600,0.085,0.158,0.757
83700,0.082,0.158,0.760
83800,0.090,0.160,0.750
83900,0.109,0.159,0.731
84000,0.100,0.160,0.740
84100,0.086,0.161,0.753
84200,0.084,0.156,0.760
84300,0.081,0.161,0.758
84400,0.078,0.160,0.762
84500,0.075,0.160,0.765
84600,0.081,0.157,0.762
84700,0.081,0.159,0.760
84800,0.085,0.158,0.757
84900,0.079,0.155,0.766
85000,0.074,0.150,0.776
85100,0.083,0.148,0.769
85200,0.078,0.151,0.771
85300,0.074,0.155,0.771
85400,0.076,0.152,0.772
85500,0.084,0.149,0.767
85600,0.082,0.149,0.769
85700,0.078,0.148,0.774
85800,0.079,0.149,0.772
85900,0.079,0.148,0.773
86000,0.079,0.148,0.773
86100,0.081,0.151,0.768
86200,0.084,0.155,0.761
86300,0.082,0.159,0.759
86400,0.083,0.155,0.762
86500,0.085,0.157,0.758
86600,0.086,0.155,0.759
86700,0.083,0.154,0.763
86800,0.080,0.152,0.768
86900,0.078,0.149,0.773
87000,0.078,0.150,0.772
87100,0.082,0.149,0.769
87200,0.079,0.149,0.772
87300,0.083,0.153,0.764
87400,0.082,0.150,0.768
87500,0.082,0.151,0.767
87600,0.080,0.154,0.766
87700,0.083,0.158,0.759
87800,0.079,0.157,0.764
87900,0.080,0.154,0.766
88000,0.080,0.153,0.767
88100,0.078,0.151,0.771
88200,0.076,0.153,0.771
88300,0.077,0.156,0.767
88400,0.069,0.154,0.776
88500,0.068,0.151,0.780
88600,0.070,0.149,0.780
88700,0.072,0.151,0.777
88800,0.070,0.152,0.777
88900,0.074,0.147,0.779
89000,0.073,0.143,0.784
89100,0.073,0.146,0.781
89200,0.073,0.156,0.771
89300,0.070,0.156,0.773
89400,0.068,0.156,0.775
89500,0.074,0.153,0.773
89600,0.077,0.153,0.770
89700,0.074,0.155,0.771
89800,0.076,0.155,0.769
89900,0.070,0.148,0.781
90000,0.067,0.145,0.788
90100,0.073,0.150,0.777
90200,0.068,0.150,0.781
90300,0.068,0.148,0.783
90400,0.072,0.156,0.772
90500,0.068,0.157,0.774
90600,0.067,0.157,0.775
90700,0.072,0.157,0.771
90800,0.101,0.153,0.746
90900,0.102,0.153,0.745
91000,0.100,0.151,0.749
91100,0.100,0.144,0.756
91200,0.100,0.141,0.759
91300,0.099,0.142,0.759
91400,0.096,0.144,0.760
91500,0.094,0.143,0.763
91600,0.095,0.144,0.761
91700,0.099,0.151,0.750
91800,0.102,0.147,0.751
91900,0.100,0.151,0.749
92000,0.094,0.148,0.758
92100,0.086,0.146,0.768
92200,0.082,0.145,0.773
92300,0.087,0.146,0.767
92400,0.083,0.144,0.773
92500,0.083,0.145,0.772
92600,0.097,0.147,0.756
92700,0.093,0.146,0.761
92800,0.094,0.153,0.753
92900,0.107,0.149,0.744
93000,0.099,0.145,0.756
93100,0.121,0.147,0.732
93200,0.121,0.147,0.732
93300,0.124,0.146,0.730
93400,0.113,0.145,0.742
93500,0.111,0.150,0.739
93600,0.113,0.153,0.733
93700,0.101,0.160,0.739
93800,0.097,0.152,0.751
93900,0.107,0.152,0.741
94000,0.102,0.151,0.747
94100,0.099,0.155,0.746
94200,0.089,0.152,0.759
94300,0.088,0.151,0.761
94400,0.087,0.157,0.756
94500,0.085,0.156,0.759
94600,0.088,0.160,0.752
94700,0.087,0.159,0.754
94800,0.086,0.163,0.751
94900,0.088,0.159,0.753
95000,0.092,0.155,0.753
95100,0.095,0.150,0.755
95200,0.090,0.152,0.758
95300,0.091,0.152,0.757
95400,0.087,0.150,0.763
95500,0.085,0.152,0.763
95600,0.083,0.152,0.765
95700,0.083,0.147,0.770
95800,0.083,0.147,0.770
95900,0.085,0.138,0.777
96000,0.081,0.136,0.783
96100,0.080,0.139,0.781
96200,0.073,0.138,0.790
96300,0.072,0.141,0.788
96400,0.074,0.138,0.789
96500,0.081,0.140,0.779
96600,0.077,0.142,0.781
96700,0.075,0.143,0.782
96800,0.074,0.147,0.779
96900,0.073,0.146,0.781
97000,0.075,0.152,0.773
97100,0.076,0.148,0.776
97200,0.073,0.151,0.776
97300,0.076,0.150,0.774
97400,0.081,0.144,0.775
97500,0.081,0.147,0.772
97600,0.085,0.154,0.761
97700,0.086,0.153,0.761
97800,0.083,0.150,0.767
97900,0.080,0.149,0.771
98000,0.076,0.149,0.775
98100,0.079,0.148,0.773
98200,0.082,0.143,0.775
98300,0.083,0.143,0.774
98400,0.084,0.145,0.771
98500,0.078,0.143,0.779
98600,0.077,0.143,0.780
98700,0.076,0.144,0.780
98800,0.074,0.146,0.780
98900,0.081,0.145,0.774
99000,0.079,0.146,0.775
99100,0.077,0.145,0.778
99200,0.078,0.143,0.779
99300,0.074,0.144,0.782
99400,0.074,0.146,0.780
99500,0.072,0.147,0.781
99600,0.075,0.145,0.780
99700,0.069,0.145,0.785
99800,0.078,0.150,0.772
99900,0.073,0.154,0.773
100000,0.070,0.152,0.777
