time,n_A+p,n_B,n_AB
500,0.050,0.939,0.011
1000,0.050,0.928,0.021
1500,0.050,0.919,0.030
2000,0.050,0.903,0.047
2500,0.050,0.889,0.060
3000,0.051,0.878,0.071
3500,0.051,0.864,0.085
4000,0.053,0.845,0.102
4500,0.052,0.836,0.112
5000,0.055,0.821,0.124
5500,0.058,0.807,0.135
6000,0.057,0.798,0.144
6500,0.058,0.789,0.153
7000,0.059,0.780,0.161
7500,0.061,0.776,0.163
8000,0.061,0.774,0.164
8500,0.061,0.765,0.174
9000,0.062,0.766,0.171
9500,0.064,0.754,0.182
10000,0.063,0.748,0.190
10500,0.063,0.741,0.197
11000,0.067,0.728,0.206
11500,0.066,0.715,0.219
12000,0.065,0.707,0.229
12500,0.066,0.693,0.241
13000,0.072,0.688,0.240
13500,0.076,0.675,0.249
14000,0.082,0.676,0.242
14500,0.083,0.668,0.249
15000,0.084,0.659,0.257
15500,0.089,0.647,0.264
16000,0.086,0.643,0.270
16500,0.087,0.630,0.282
17000,0.092,0.634,0.274
17500,0.100,0.617,0.283
18000,0.108,0.614,0.278
18500,0.110,0.603,0.287
19000,0.102,0.587,0.311
19500,0.111,0.571,0.319
20000,0.115,0.557,0.328
20500,0.118,0.537,0.344
21000,0.127,0.525,0.348
21500,0.134,0.525,0.341
22000,0.133,0.525,0.342
22500,0.133,0.519,0.348
23000,0.133,0.512,0.355
23500,0.128,0.505,0.368
24000,0.132,0.496,0.373
24500,0.137,0.491,0.371
25000,0.144,0.483,0.372
25500,0.142,0.475,0.383
26000,0.145,0.464,0.391
26500,0.150,0.454,0.396
27000,0.151,0.467,0.382
27500,0.157,0.464,0.379
28000,0.163,0.456,0.381
28500,0.161,0.450,0.389
29000,0.162,0.439,0.399
29500,0.157,0.441,0.402
30000,0.168,0.420,0.413
30500,0.173,0.417,0.410
31000,0.179,0.407,0.414
31500,0.189,0.411,0.401
32000,0.197,0.405,0.399
32500,0.200,0.404,0.397
33000,0.202,0.392,0.406
33500,0.196,0.395,0.409
34000,0.199,0.384,0.418
34500,0.203,0.377,0.421
35000,0.208,0.376,0.415
35500,0.203,0.375,0.422
36000,0.211,0.357,0.432
36500,0.213,0.354,0.433
37000,0.209,0.349,0.442
37500,0.210,0.344,0.446
38000,0.217,0.344,0.440
38500,0.223,0.342,0.435
39000,0.227,0.344,0.429
39500,0.230,0.342,0.429
40000,0.234,0.345,0.421
40500,0.239,0.349,0.411
41000,0.238,0.351,0.411
41500,0.250,0.345,0.405
42000,0.252,0.328,0.420
42500,0.248,0.327,0.425
43000,0.240,0.325,0.435
43500,0.239,0.316,0.445
44000,0.240,0.301,0.459
44500,0.249,0.286,0.465
45000,0.258,0.285,0.457
45500,0.261,0.288,0.451
46000,0.267,0.281,0.452
46500,0.278,0.278,0.445
47000,0.269,0.279,0.453
47500,0.273,0.280,0.448
48000,0.281,0.282,0.438
48500,0.281,0.275,0.445
49000,0.290,0.265,0.445
49500,0.292,0.257,0.451
50000,0.298,0.257,0.445
50500,0.299,0.253,0.448
51000,0.305,0.248,0.447
51500,0.301,0.248,0.450
52000,0.294,0.245,0.460
52500,0.302,0.239,0.459
53000,0.300,0.241,0.458
53500,0.301,0.237,0.461
54000,0.293,0.238,0.468
54500,0.293,0.239,0.467
55000,0.309,0.232,0.459
55500,0.319,0.226,0.455
56000,0.324,0.216,0.461
56500,0.325,0.203,0.473
57000,0.332,0.207,0.461
57500,0.340,0.210,0.450
58000,0.340,0.217,0.442
58500,0.341,0.211,0.448
59000,0.337,0.207,0.456
59500,0.329,0.210,0.461
60000,0.323,0.208,0.469
60500,0.319,0.220,0.461
61000,0.319,0.224,0.458
61500,0.326,0.220,0.455
62000,0.332,0.214,0.454
62500,0.335,0.206,0.460
63000,0.343,0.200,0.457
63500,0.352,0.206,0.442
64000,0.370,0.188,0.441
64500,0.352,0.181,0.467
65000,0.354,0.177,0.468
65500,0.355,0.176,0.468
66000,0.361,0.178,0.460
66500,0.366,0.173,0.460
67000,0.370,0.170,0.459
67500,0.369,0.172,0.459
68000,0.368,0.168,0.464
68500,0.379,0.170,0.451
69000,0.379,0.174,0.447
69500,0.383,0.173,0.444
70000,0.374,0.173,0.452
70500,0.371,0.186,0.442
71000,0.368,0.193,0.439
71500,0.378,0.197,0.426
72000,0.377,0.189,0.435
72500,0.373,0.191,0.436
73000,0.369,0.192,0.439
73500,0.367,0.188,0.445
74000,0.378,0.182,0.440
74500,0.380,0.176,0.444
75000,0.391,0.169,0.440
75500,0.401,0.163,0.436
76000,0.396,0.160,0.445
76500,0.406,0.160,0.433
77000,0.408,0.164,0.428
77500,0.403,0.166,0.431
78000,0.387,0.156,0.457
78500,0.386,0.163,0.452
79000,0.394,0.156,0.451
79500,0.388,0.159,0.454
80000,0.399,0.162,0.439
80500,0.400,0.153,0.447
81000,0.401,0.157,0.442
81500,0.408,0.162,0.430
82000,0.403,0.164,0.433
82500,0.400,0.165,0.435
83000,0.395,0.161,0.445
83500,0.407,0.167,0.426
84000,0.400,0.164,0.436
84500,0.402,0.155,0.443
85000,0.405,0.141,0.454
85500,0.414,0.146,0.440
86000,0.414,0.150,0.435
86500,0.418,0.156,0.426
87000,0.426,0.158,0.416
87500,0.427,0.160,0.413
88000,0.441,0.160,0.399
88500,0.445,0.150,0.405
89000,0.446,0.160,0.394
89500,0.443,0.151,0.406
90000,0.451,0.146,0.403
90500,0.450,0.144,0.406
91000,0.455,0.143,0.402
91500,0.465,0.141,0.394
92000,0.471,0.125,0.403
92500,0.479,0.120,0.400
93000,0.477,0.120,0.402
93500,0.476,0.116,0.408
94000,0.487,0.110,0.403
94500,0.486,0.112,0.402
95000,0.485,0.111,0.403
95500,0.496,0.098,0.406
96000,0.491,0.097,0.411
96500,0.491,0.097,0.412
97000,0.496,0.098,0.406
97500,0.504,0.104,0.391
98000,0.507,0.102,0.391
98500,0.514,0.095,0.391
99000,0.521,0.090,0.388
99500,0.522,0.092,0.385
100000,0.516,0.093,0.390
100500,0.525,0.086,0.389
101000,0.526,0.087,0.387
101500,0.521,0.090,0.388
102000,0.520,0.097,0.383
102500,0.514,0.101,0.385
103000,0.504,0.098,0.398
103500,0.507,0.095,0.398
104000,0.502,0.098,0.400
104500,0.496,0.097,0.407
105000,0.505,0.084,0.411
105500,0.516,0.086,0.398
106000,0.540,0.090,0.369
106500,0.540,0.091,0.368
107000,0.545,0.092,0.362
107500,0.556,0.100,0.344
108000,0.557,0.098,0.345
108500,0.560,0.095,0.345
109000,0.564,0.095,0.342
109500,0.557,0.089,0.354
110000,0.552,0.083,0.365
110500,0.549,0.084,0.367
111000,0.546,0.085,0.369
111500,0.536,0.087,0.376
112000,0.540,0.090,0.370
112500,0.538,0.087,0.374
113000,0.542,0.085,0.372
113500,0.538,0.077,0.385
114000,0.535,0.081,0.384
114500,0.536,0.083,0.381
115000,0.542,0.085,0.372
115500,0.540,0.088,0.371
116000,0.549,0.096,0.355
116500,0.549,0.088,0.363
117000,0.546,0.089,0.364
117500,0.552,0.080,0.368
118000,0.553,0.076,0.370
118500,0.574,0.079,0.347
119000,0.575,0.074,0.351
119500,0.587,0.079,0.335
120000,0.590,0.073,0.337
120500,0.595,0.074,0.331
121000,0.597,0.079,0.325
121500,0.593,0.075,0.332
122000,0.585,0.070,0.346
122500,0.592,0.069,0.339
123000,0.594,0.069,0.337
123500,0.600,0.068,0.333
124000,0.612,0.063,0.325
124500,0.608,0.065,0.328
125000,0.608,0.057,0.335
125500,0.609,0.054,0.337
126000,0.613,0.057,0.330
126500,0.620,0.053,0.327
127000,0.618,0.058,0.324
127500,0.621,0.059,0.321
128000,0.623,0.052,0.325
128500,0.629,0.051,0.320
129000,0.626,0.052,0.322
129500,0.630,0.056,0.314
130000,0.636,0.055,0.309
130500,0.636,0.053,0.310
131000,0.640,0.057,0.303
131500,0.639,0.058,0.303
132000,0.643,0.060,0.297
132500,0.639,0.061,0.300
133000,0.638,0.064,0.298
133500,0.637,0.062,0.301
134000,0.631,0.059,0.309
134500,0.632,0.057,0.311
135000,0.638,0.053,0.309
135500,0.638,0.054,0.307
136000,0.634,0.058,0.308
136500,0.626,0.059,0.316
137000,0.634,0.062,0.304
137500,0.638,0.061,0.300
138000,0.641,0.063,0.296
138500,0.635,0.061,0.303
139000,0.625,0.062,0.312
139500,0.625,0.059,0.315
140000,0.610,0.065,0.325
140500,0.602,0.064,0.334
141000,0.605,0.068,0.328
141500,0.605,0.065,0.330
142000,0.617,0.067,0.317
142500,0.616,0.066,0.318
143000,0.610,0.066,0.325
143500,0.612,0.069,0.320
144000,0.615,0.065,0.321
144500,0.609,0.069,0.323
145000,0.606,0.063,0.331
145500,0.613,0.061,0.326
146000,0.620,0.057,0.323
146500,0.622,0.059,0.320
147000,0.628,0.059,0.313
147500,0.621,0.057,0.322
148000,0.630,0.058,0.312
148500,0.629,0.054,0.316
149000,0.634,0.054,0.311
149500,0.630,0.052,0.318
150000,0.638,0.054,0.308
150500,0.643,0.048,0.309
151000,0.656,0.042,0.302
151500,0.661,0.037,0.302
152000,0.668,0.040,0.292
152500,0.662,0.037,0.300
153000,0.662,0.038,0.300
153500,0.666,0.043,0.291
154000,0.669,0.045,0.285
154500,0.676,0.050,0.274
155000,0.686,0.044,0.269
155500,0.679,0.043,0.277
156000,0.673,0.041,0.286
156500,0.675,0.037,0.287
157000,0.675,0.035,0.289
157500,0.673,0.038,0.289
158000,0.661,0.038,0.300
158500,0.665,0.040,0.295
159000,0.671,0.041,0.288
159500,0.672,0.035,0.292
160000,0.681,0.037,0.282
160500,0.682,0.040,0.278
161000,0.687,0.040,0.273
161500,0.683,0.035,0.281
162000,0.679,0.035,0.285
162500,0.673,0.032,0.295
163000,0.683,0.033,0.283
163500,0.691,0.034,0.276
164000,0.700,0.032,0.268
164500,0.695,0.031,0.274
165000,0.701,0.028,0.272
165500,0.705,0.031,0.264
166000,0.709,0.030,0.261
166500,0.701,0.033,0.267
167000,0.705,0.029,0.267
167500,0.713,0.025,0.262
168000,0.717,0.022,0.261
168500,0.719,0.022,0.259
169000,0.715,0.027,0.258
169500,0.718,0.026,0.256
170000,0.717,0.025,0.259
170500,0.716,0.025,0.260
171000,0.726,0.021,0.253
171500,0.723,0.019,0.258
172000,0.723,0.023,0.254
172500,0.713,0.025,0.262
173000,0.720,0.023,0.257
173500,0.715,0.019,0.266
174000,0.722,0.021,0.257
174500,0.727,0.024,0.250
175000,0.732,0.021,0.248
175500,0.731,0.023,0.246
176000,0.736,0.025,0.239
176500,0.745,0.023,0.232
177000,0.754,0.019,0.227
177500,0.750,0.018,0.232
178000,0.750,0.019,0.231
178500,0.741,0.024,0.236
179000,0.741,0.025,0.235
179500,0.744,0.018,0.238
180000,0.749,0.018,0.233
180500,0.750,0.020,0.230
181000,0.757,0.017,0.226
181500,0.761,0.018,0.221
182000,0.755,0.018,0.227
182500,0.759,0.018,0.223
183000,0.755,0.016,0.229
183500,0.757,0.018,0.225
184000,0.757,0.016,0.227
184500,0.745,0.018,0.237
185000,0.749,0.021,0.230
185500,0.751,0.022,0.227
186000,0.752,0.022,0.226
186500,0.756,0.018,0.226
187000,0.748,0.017,0.235
187500,0.750,0.019,0.231
188000,0.750,0.020,0.230
188500,0.750,0.022,0.228
189000,0.755,0.024,0.222
189500,0.758,0.025,0.217
190000,0.752,0.025,0.223
190500,0.753,0.029,0.218
191000,0.750,0.025,0.225
191500,0.749,0.023,0.228
192000,0.757,0.022,0.220
192500,0.751,0.021,0.227
193000,0.758,0.021,0.221
193500,0.769,0.018,0.212
194000,0.772,0.017,0.211
194500,0.762,0.021,0.217
195000,0.770,0.019,0.210
195500,0.768,0.016,0.216
196000,0.763,0.018,0.219
196500,0.764,0.019,0.217
197000,0.759,0.018,0.223
197500,0.765,0.017,0.218
198000,0.768,0.015,0.217
198500,0.771,0.017,0.212
199000,0.777,0.013,0.210
199500,0.783,0.011,0.206
200000,0.779,0.009,0.212
200500,0.785,0.009,0.206
201000,0.788,0.009,0.202
201500,0.791,0.011,0.197
202000,0.792,0.011,0.196
202500,0.798,0.013,0.189
203000,0.798,0.015,0.187
203500,0.799,0.017,0.184
204000,0.800,0.018,0.181
204500,0.799,0.018,0.183
205000,0.800,0.015,0.184
205500,0.805,0.015,0.179
206000,0.806,0.015,0.178
206500,0.809,0.011,0.179
207000,0.811,0.012,0.177
207500,0.813,0.015,0.172
208000,0.812,0.018,0.170
208500,0.811,0.017,0.172
209000,0.800,0.017,0.183
209500,0.790,0.015,0.195
210000,0.787,0.018,0.195
210500,0.781,0.018,0.200
211000,0.778,0.018,0.204
211500,0.775,0.017,0.208
212000,0.778,0.014,0.208
212500,0.775,0.017,0.208
213000,0.774,0.018,0.208
213500,0.772,0.018,0.209
214000,0.772,0.021,0.207
214500,0.778,0.019,0.203
215000,0.783,0.022,0.195
215500,0.787,0.018,0.195
216000,0.784,0.018,0.198
216500,0.786,0.018,0.195
217000,0.786,0.018,0.196
217500,0.789,0.022,0.189
218000,0.783,0.019,0.197
218500,0.781,0.019,0.199
219000,0.780,0.021,0.199
219500,0.784,0.025,0.191
220000,0.779,0.026,0.194
220500,0.775,0.022,0.203
221000,0.779,0.022,0.199
221500,0.791,0.021,0.187
222000,0.791,0.023,0.186
222500,0.793,0.022,0.184
223000,0.785,0.019,0.195
223500,0.788,0.020,0.192
224000,0.785,0.020,0.195
224500,0.781,0.021,0.198
225000,0.778,0.017,0.205
225500,0.771,0.017,0.212
226000,0.774,0.021,0.205
226500,0.768,0.022,0.209
227000,0.765,0.021,0.213
227500,0.764,0.020,0.216
228000,0.764,0.019,0.217
228500,0.767,0.017,0.216
229000,0.779,0.017,0.204
229500,0.783,0.018,0.199
230000,0.784,0.019,0.197
230500,0.783,0.015,0.202
231000,0.785,0.014,0.201
231500,0.781,0.011,0.207
232000,0.785,0.009,0.206
232500,0.784,0.009,0.206
233000,0.784,0.013,0.202
233500,0.780,0.014,0.206
234000,0.774,0.014,0.212
234500,0.780,0.014,0.206
235000,0.786,0.014,0.200
235500,0.792,0.013,0.195
236000,0.791,0.013,0.196
236500,0.787,0.015,0.198
237000,0.784,0.013,0.202
237500,0.780,0.015,0.204
238000,0.779,0.017,0.204
238500,0.786,0.017,0.197
239000,0.787,0.017,0.196
239500,0.784,0.021,0.195
240000,0.786,0.021,0.192
240500,0.784,0.018,0.198
241000,0.779,0.013,0.207
241500,0.780,0.013,0.207
242000,0.782,0.015,0.202
242500,0.771,0.019,0.210
243000,0.773,0.017,0.210
243500,0.773,0.019,0.207
244000,0.773,0.018,0.209
244500,0.784,0.019,0.197
245000,0.786,0.017,0.197
245500,0.783,0.017,0.200
246000,0.781,0.019,0.199
246500,0.782,0.019,0.198
247000,0.781,0.015,0.203
247500,0.780,0.018,0.202
248000,0.778,0.015,0.206
248500,0.776,0.016,0.208
249000,0.783,0.016,0.201
249500,0.782,0.018,0.200
250000,0.791,0.018,0.191
250500,0.793,0.018,0.189
251000,0.798,0.014,0.188
251500,0.794,0.014,0.192
252000,0.802,0.014,0.183
252500,0.793,0.019,0.188
253000,0.785,0.015,0.200
253500,0.786,0.013,0.201
254000,0.785,0.009,0.205
254500,0.785,0.011,0.203
255000,0.786,0.013,0.201
255500,0.788,0.015,0.197
256000,0.792,0.012,0.196
256500,0.793,0.012,0.195
257000,0.797,0.013,0.190
257500,0.793,0.015,0.192
258000,0.789,0.018,0.193
258500,0.795,0.015,0.190
259000,0.803,0.014,0.182
259500,0.798,0.013,0.189
260000,0.799,0.015,0.185
260500,0.803,0.015,0.181
261000,0.810,0.014,0.176
261500,0.806,0.011,0.182
262000,0.808,0.013,0.178
262500,0.815,0.013,0.172
263000,0.814,0.012,0.174
263500,0.825,0.014,0.161
264000,0.825,0.011,0.165
264500,0.831,0.009,0.161
265000,0.829,0.013,0.158
265500,0.828,0.011,0.161
266000,0.835,0.009,0.156
266500,0.839,0.009,0.152
267000,0.838,0.011,0.151
267500,0.849,0.011,0.140
268000,0.844,0.013,0.144
268500,0.846,0.011,0.143
269000,0.848,0.011,0.142
269500,0.847,0.011,0.143
270000,0.846,0.009,0.145
270500,0.852,0.009,0.140
271000,0.847,0.009,0.145
271500,0.845,0.007,0.148
272000,0.842,0.009,0.149
272500,0.842,0.006,0.152
273000,0.845,0.006,0.149
273500,0.851,0.006,0.143
274000,0.848,0.006,0.146
274500,0.849,0.011,0.140
275000,0.845,0.011,0.144
275500,0.849,0.011,0.140
276000,0.846,0.011,0.143
276500,0.848,0.013,0.139
277000,0.841,0.011,0.148
277500,0.834,0.009,0.157
278000,0.831,0.009,0.160
278500,0.833,0.008,0.159
279000,0.830,0.009,0.161
279500,0.831,0.011,0.158
280000,0.826,0.011,0.163
280500,0.824,0.013,0.163
281000,0.830,0.013,0.157
281500,0.830,0.013,0.157
282000,0.827,0.011,0.162
282500,0.836,0.011,0.154
283000,0.833,0.009,0.158
283500,0.834,0.009,0.157
284000,0.831,0.011,0.159
284500,0.829,0.009,0.162
285000,0.827,0.011,0.162
285500,0.823,0.012,0.165
286000,0.818,0.013,0.169
286500,0.817,0.014,0.169
287000,0.815,0.015,0.170
287500,0.816,0.018,0.167
288000,0.830,0.017,0.154
288500,0.823,0.018,0.160
289000,0.820,0.014,0.166
289500,0.826,0.014,0.160
290000,0.825,0.013,0.163
290500,0.826,0.012,0.162
291000,0.828,0.013,0.160
291500,0.830,0.013,0.158
292000,0.829,0.011,0.161
292500,0.835,0.009,0.157
293000,0.834,0.010,0.156
293500,0.839,0.008,0.153
294000,0.833,0.007,0.160
294500,0.836,0.008,0.156
295000,0.827,0.009,0.164
295500,0.823,0.011,0.167
296000,0.824,0.009,0.167
296500,0.818,0.007,0.175
297000,0.817,0.011,0.173
297500,0.813,0.010,0.177
298000,0.818,0.010,0.172
298500,0.818,0.011,0.171
299000,0.816,0.011,0.174
299500,0.813,0.013,0.174
300000,0.812,0.011,0.176
300500,0.799,0.011,0.189
301000,0.803,0.013,0.184
301500,0.804,0.011,0.184
302000,0.808,0.011,0.180
302500,0.811,0.014,0.175
303000,0.816,0.014,0.170
303500,0.819,0.011,0.170
304000,0.819,0.010,0.171
304500,0.823,0.009,0.168
305000,0.831,0.009,0.161
305500,0.829,0.007,0.164
306000,0.834,0.005,0.161
306500,0.839,0.005,0.156
307000,0.834,0.007,0.159
307500,0.832,0.007,0.161
308000,0.837,0.009,0.154
308500,0.846,0.008,0.146
309000,0.847,0.007,0.146
309500,0.848,0.009,0.143
310000,0.851,0.011,0.139
310500,0.846,0.008,0.146
311000,0.842,0.011,0.148
311500,0.847,0.011,0.143
312000,0.844,0.009,0.147
312500,0.850,0.007,0.143
313000,0.855,0.007,0.138
313500,0.853,0.007,0.140
314000,0.852,0.006,0.142
314500,0.851,0.008,0.141
315000,0.856,0.009,0.136
315500,0.855,0.009,0.137
316000,0.856,0.006,0.138
316500,0.859,0.008,0.133
317000,0.857,0.009,0.135
317500,0.861,0.009,0.130
318000,0.868,0.009,0.123
318500,0.870,0.009,0.121
319000,0.870,0.007,0.122
319500,0.871,0.005,0.123
320000,0.863,0.009,0.129
320500,0.857,0.006,0.137
321000,0.858,0.008,0.134
321500,0.857,0.008,0.135
322000,0.859,0.008,0.133
322500,0.865,0.007,0.128
323000,0.858,0.007,0.135
323500,0.854,0.007,0.139
324000,0.852,0.007,0.141
324500,0.856,0.007,0.137
325000,0.850,0.007,0.143
325500,0.847,0.008,0.145
326000,0.844,0.009,0.147
326500,0.847,0.007,0.146
327000,0.853,0.009,0.138
327500,0.854,0.009,0.137
328000,0.854,0.009,0.137
328500,0.858,0.009,0.134
329000,0.860,0.007,0.133
329500,0.860,0.007,0.133
330000,0.861,0.006,0.133
330500,0.863,0.005,0.132
331000,0.871,0.003,0.126
331500,0.870,0.004,0.127
332000,0.872,0.003,0.126
332500,0.871,0.002,0.127
333000,0.874,0.003,0.123
333500,0.870,0.003,0.127
334000,0.873,0.003,0.125
334500,0.872,0.006,0.122
335000,0.864,0.009,0.127
335500,0.859,0.007,0.134
336000,0.851,0.005,0.144
336500,0.852,0.005,0.143
337000,0.850,0.006,0.144
337500,0.861,0.009,0.130
338000,0.856,0.009,0.136
338500,0.860,0.009,0.131
339000,0.854,0.009,0.138
339500,0.849,0.007,0.144
340000,0.853,0.007,0.140
340500,0.853,0.006,0.141
341000,0.854,0.006,0.140
341500,0.862,0.005,0.133
342000,0.855,0.004,0.142
342500,0.860,0.004,0.136
343000,0.864,0.005,0.131
343500,0.860,0.007,0.133
344000,0.852,0.006,0.142
344500,0.854,0.007,0.139
345000,0.860,0.006,0.134
345500,0.860,0.005,0.135
346000,0.867,0.004,0.130
346500,0.866,0.005,0.129
347000,0.866,0.010,0.124
347500,0.862,0.009,0.130
348000,0.864,0.008,0.128
348500,0.862,0.009,0.130
349000,0.855,0.008,0.137
349500,0.853,0.006,0.141
350000,0.856,0.005,0.139
350500,0.855,0.006,0.139
351000,0.856,0.007,0.137
351500,0.856,0.004,0.140
352000,0.858,0.003,0.139
352500,0.851,0.003,0.147
353000,0.852,0.003,0.145
353500,0.852,0.004,0.144
354000,0.851,0.005,0.144
354500,0.853,0.004,0.143
355000,0.854,0.006,0.140
355500,0.852,0.006,0.142
356000,0.853,0.007,0.140
356500,0.854,0.007,0.139
357000,0.854,0.011,0.136
357500,0.850,0.009,0.142
358000,0.848,0.008,0.144
358500,0.850,0.011,0.140
359000,0.845,0.011,0.144
359500,0.847,0.012,0.141
360000,0.844,0.010,0.146
360500,0.852,0.008,0.140
361000,0.856,0.009,0.136
361500,0.855,0.009,0.137
362000,0.857,0.009,0.135
362500,0.864,0.010,0.126
363000,0.865,0.012,0.123
363500,0.866,0.013,0.121
364000,0.864,0.011,0.125
364500,0.863,0.009,0.128
365000,0.858,0.009,0.133
365500,0.850,0.009,0.141
366000,0.845,0.008,0.147
366500,0.843,0.009,0.148
367000,0.840,0.011,0.149
367500,0.842,0.013,0.146
368000,0.837,0.011,0.153
368500,0.837,0.010,0.153
369000,0.839,0.009,0.152
369500,0.833,0.007,0.160
370000,0.829,0.008,0.163
370500,0.830,0.009,0.161
371000,0.829,0.009,0.163
371500,0.838,0.009,0.154
372000,0.836,0.006,0.158
372500,0.838,0.009,0.153
373000,0.836,0.010,0.154
373500,0.829,0.011,0.161
374000,0.827,0.010,0.163
374500,0.829,0.009,0.162
375000,0.831,0.010,0.159
375500,0.838,0.009,0.153
376000,0.841,0.012,0.147
376500,0.842,0.013,0.145
377000,0.846,0.011,0.143
377500,0.838,0.011,0.151
378000,0.838,0.013,0.149
378500,0.835,0.013,0.153
379000,0.840,0.011,0.149
379500,0.836,0.009,0.155
380000,0.831,0.009,0.160
380500,0.834,0.010,0.156
381000,0.838,0.009,0.153
381500,0.841,0.009,0.151
382000,0.839,0.008,0.153
382500,0.837,0.009,0.155
383000,0.836,0.009,0.155
383500,0.839,0.009,0.152
384000,0.833,0.013,0.155
384500,0.837,0.013,0.150
385000,0.840,0.012,0.148
385500,0.837,0.012,0.151
386000,0.834,0.011,0.155
386500,0.828,0.013,0.159
387000,0.825,0.013,0.162
387500,0.825,0.013,0.163
388000,0.828,0.012,0.160
388500,0.830,0.010,0.160
389000,0.832,0.010,0.158
389500,0.837,0.011,0.153
390000,0.840,0.008,0.152
390500,0.842,0.009,0.149
391000,0.839,0.009,0.152
391500,0.838,0.008,0.154
392000,0.841,0.007,0.152
392500,0.838,0.007,0.155
393000,0.835,0.005,0.160
393500,0.828,0.008,0.164
394000,0.838,0.007,0.155
394500,0.839,0.009,0.152
395000,0.842,0.011,0.147
395500,0.841,0.009,0.151
396000,0.838,0.011,0.152
396500,0.843,0.010,0.147
397000,0.838,0.013,0.149
397500,0.839,0.011,0.150
398000,0.839,0.008,0.153
398500,0.842,0.007,0.151
399000,0.842,0.005,0.153
399500,0.838,0.005,0.157
400000,0.842,0.007,0.151
400500,0.842,0.011,0.148
401000,0.843,0.009,0.148
401500,0.830,0.011,0.160
402000,0.832,0.012,0.156
402500,0.834,0.011,0.155
403000,0.837,0.011,0.152
403500,0.834,0.012,0.154
404000,0.834,0.011,0.155
404500,0.828,0.011,0.161
405000,0.837,0.010,0.153
405500,0.840,0.010,0.150
406000,0.839,0.010,0.151
406500,0.840,0.007,0.153
407000,0.840,0.006,0.154
407500,0.831,0.008,0.161
408000,0.833,0.009,0.158
408500,0.832,0.007,0.161
409000,0.836,0.005,0.159
409500,0.832,0.011,0.157
410000,0.833,0.011,0.157
410500,0.832,0.011,0.157
411000,0.833,0.010,0.157
411500,0.840,0.009,0.151
412000,0.844,0.007,0.149
412500,0.838,0.007,0.155
413000,0.843,0.009,0.148
413500,0.842,0.010,0.148
414000,0.836,0.013,0.151
414500,0.833,0.013,0.154
415000,0.832,0.009,0.159
415500,0.833,0.011,0.157
416000,0.835,0.011,0.154
416500,0.828,0.014,0.158
417000,0.823,0.013,0.165
417500,0.822,0.013,0.166
418000,0.820,0.013,0.168
418500,0.820,0.013,0.167
419000,0.817,0.011,0.173
419500,0.817,0.009,0.174
420000,0.814,0.009,0.177
420500,0.822,0.013,0.165
421000,0.820,0.014,0.166
421500,0.816,0.015,0.170
422000,0.816,0.015,0.170
422500,0.825,0.013,0.162
423000,0.831,0.013,0.156
423500,0.824,0.013,0.163
424000,0.826,0.014,0.160
424500,0.831,0.013,0.156
425000,0.836,0.013,0.152
425500,0.832,0.014,0.154
426000,0.829,0.015,0.156
426500,0.828,0.015,0.158
427000,0.829,0.013,0.158
427500,0.832,0.010,0.158
428000,0.831,0.013,0.156
428500,0.830,0.009,0.161
429000,0.832,0.006,0.162
429500,0.832,0.007,0.161
430000,0.829,0.011,0.161
430500,0.827,0.009,0.164
431000,0.830,0.011,0.160
431500,0.833,0.012,0.155
432000,0.824,0.011,0.165
432500,0.827,0.008,0.165
433000,0.835,0.007,0.158
433500,0.839,0.007,0.154
434000,0.839,0.008,0.153
434500,0.843,0.006,0.151
435000,0.845,0.006,0.149
435500,0.850,0.006,0.144
436000,0.845,0.004,0.151
436500,0.847,0.006,0.147
437000,0.849,0.006,0.145
437500,0.853,0.008,0.139
438000,0.854,0.011,0.136
438500,0.854,0.011,0.135
439000,0.849,0.011,0.141
439500,0.861,0.008,0.131
440000,0.861,0.009,0.131
440500,0.863,0.008,0.129
441000,0.863,0.011,0.127
441500,0.860,0.011,0.130
442000,0.855,0.011,0.135
442500,0.854,0.008,0.138
443000,0.856,0.009,0.136
443500,0.854,0.007,0.139
444000,0.855,0.007,0.138
444500,0.860,0.007,0.133
445000,0.856,0.007,0.137
445500,0.852,0.011,0.138
446000,0.849,0.009,0.142
446500,0.841,0.011,0.148
447000,0.838,0.011,0.151
447500,0.832,0.011,0.157
448000,0.830,0.009,0.161
448500,0.827,0.009,0.164
449000,0.824,0.009,0.167
449500,0.828,0.008,0.164
450000,0.833,0.009,0.159
450500,0.832,0.006,0.162
451000,0.828,0.010,0.162
451500,0.833,0.009,0.159
452000,0.837,0.011,0.153
452500,0.840,0.009,0.151
453000,0.841,0.009,0.151
453500,0.844,0.009,0.147
454000,0.839,0.007,0.154
454500,0.843,0.006,0.151
455000,0.843,0.006,0.151
455500,0.845,0.005,0.150
456000,0.850,0.005,0.145
456500,0.851,0.005,0.144
457000,0.859,0.009,0.132
457500,0.858,0.011,0.132
458000,0.853,0.011,0.137
458500,0.851,0.010,0.139
459000,0.856,0.007,0.137
459500,0.848,0.009,0.144
460000,0.845,0.009,0.146
460500,0.844,0.007,0.149
461000,0.846,0.006,0.148
461500,0.851,0.007,0.142
462000,0.856,0.004,0.140
462500,0.858,0.008,0.134
463000,0.854,0.006,0.140
463500,0.858,0.007,0.135
464000,0.856,0.008,0.136
464500,0.850,0.007,0.143
465000,0.849,0.005,0.146
465500,0.846,0.009,0.146
466000,0.840,0.009,0.151
466500,0.837,0.009,0.155
467000,0.842,0.009,0.150
467500,0.845,0.009,0.146
468000,0.850,0.010,0.140
468500,0.844,0.013,0.143
469000,0.839,0.018,0.143
469500,0.840,0.015,0.145
470000,0.840,0.016,0.144
470500,0.841,0.015,0.145
471000,0.843,0.013,0.144
471500,0.841,0.013,0.146
472000,0.840,0.015,0.146
472500,0.841,0.013,0.146
473000,0.840,0.013,0.147
473500,0.843,0.011,0.147
474000,0.842,0.011,0.148
474500,0.842,0.009,0.149
475000,0.848,0.008,0.144
475500,0.842,0.009,0.149
476000,0.844,0.008,0.148
476500,0.846,0.011,0.143
477000,0.852,0.011,0.137
477500,0.852,0.011,0.137
478000,0.846,0.011,0.144
478500,0.841,0.009,0.151
479000,0.840,0.008,0.152
479500,0.836,0.008,0.156
480000,0.837,0.009,0.154
480500,0.841,0.009,0.150
481000,0.843,0.009,0.148
481500,0.838,0.011,0.151
482000,0.840,0.010,0.150
482500,0.845,0.009,0.146
483000,0.845,0.011,0.144
483500,0.843,0.013,0.145
484000,0.836,0.009,0.155
484500,0.840,0.010,0.150
485000,0.840,0.009,0.152
485500,0.836,0.007,0.157
486000,0.839,0.007,0.154
486500,0.839,0.007,0.154
487000,0.841,0.007,0.152
487500,0.847,0.009,0.145
488000,0.849,0.009,0.143
488500,0.848,0.009,0.143
489000,0.850,0.009,0.142
489500,0.849,0.005,0.146
490000,0.857,0.008,0.135
490500,0.858,0.011,0.132
491000,0.863,0.011,0.127
491500,0.866,0.009,0.125
492000,0.863,0.006,0.131
492500,0.849,0.004,0.147
493000,0.853,0.006,0.141
493500,0.854,0.011,0.135
494000,0.859,0.011,0.130
494500,0.860,0.011,0.130
495000,0.859,0.011,0.131
495500,0.860,0.009,0.131
496000,0.866,0.009,0.125
496500,0.869,0.009,0.122
497000,0.870,0.007,0.123
497500,0.870,0.004,0.126
498000,0.864,0.006,0.130
498500,0.867,0.005,0.128
499000,0.872,0.005,0.123
499500,0.873,0.004,0.123
500000,0.875,0.005,0.120
500500,0.875,0.005,0.119
501000,0.874,0.004,0.122
501500,0.876,0.004,0.120
502000,0.876,0.004,0.120
502500,0.879,0.004,0.117
503000,0.881,0.004,0.115
503500,0.878,0.003,0.119
504000,0.873,0.005,0.122
504500,0.872,0.005,0.122
505000,0.875,0.004,0.121
505500,0.874,0.004,0.122
506000,0.872,0.004,0.124
506500,0.873,0.003,0.125
507000,0.876,0.004,0.119
507500,0.880,0.003,0.117
508000,0.880,0.003,0.117
508500,0.881,0.004,0.115
509000,0.883,0.005,0.112
509500,0.883,0.004,0.113
510000,0.889,0.003,0.108
510500,0.890,0.003,0.107
511000,0.885,0.003,0.112
511500,0.883,0.002,0.115
512000,0.885,0.004,0.111
512500,0.884,0.005,0.110
513000,0.879,0.006,0.114
513500,0.880,0.006,0.113
514000,0.882,0.006,0.112
514500,0.882,0.005,0.113
515000,0.876,0.005,0.118
515500,0.878,0.004,0.117
516000,0.877,0.007,0.116
516500,0.882,0.008,0.110
517000,0.883,0.009,0.108
517500,0.886,0.007,0.107
518000,0.883,0.005,0.111
518500,0.887,0.005,0.107
519000,0.884,0.004,0.111
519500,0.884,0.004,0.112
520000,0.877,0.002,0.121
520500,0.882,0.001,0.117
521000,0.887,0.003,0.110
521500,0.883,0.003,0.114
522000,0.878,0.004,0.117
522500,0.882,0.006,0.111
523000,0.882,0.004,0.113
523500,0.880,0.004,0.116
524000,0.880,0.002,0.118
524500,0.872,0.002,0.127
525000,0.871,0.003,0.126
525500,0.875,0.003,0.122
526000,0.878,0.003,0.119
526500,0.880,0.007,0.112
527000,0.884,0.006,0.110
527500,0.886,0.009,0.105
528000,0.893,0.007,0.099
528500,0.889,0.007,0.103
529000,0.883,0.005,0.112
529500,0.889,0.004,0.106
530000,0.890,0.005,0.104
530500,0.889,0.004,0.107
531000,0.888,0.004,0.108
531500,0.892,0.004,0.103
532000,0.892,0.005,0.103
532500,0.885,0.007,0.108
533000,0.889,0.006,0.104
533500,0.894,0.006,0.100
534000,0.894,0.005,0.101
534500,0.896,0.005,0.098
535000,0.899,0.005,0.096
535500,0.894,0.005,0.101
536000,0.895,0.004,0.101
536500,0.895,0.004,0.101
537000,0.901,0.005,0.094
537500,0.893,0.004,0.102
538000,0.896,0.004,0.100
538500,0.898,0.004,0.098
539000,0.896,0.003,0.101
539500,0.896,0.003,0.101
540000,0.897,0.003,0.100
540500,0.892,0.002,0.106
541000,0.892,0.002,0.106
541500,0.891,0.003,0.106
542000,0.897,0.005,0.098
542500,0.899,0.005,0.095
543000,0.897,0.006,0.096
543500,0.897,0.005,0.097
544000,0.891,0.004,0.105
544500,0.894,0.005,0.101
545000,0.889,0.006,0.105
545500,0.891,0.004,0.104
546000,0.888,0.004,0.107
546500,0.886,0.006,0.108
547000,0.890,0.009,0.101
547500,0.892,0.005,0.102
548000,0.889,0.007,0.104
548500,0.885,0.006,0.108
549000,0.888,0.006,0.105
549500,0.885,0.007,0.108
550000,0.885,0.008,0.107
550500,0.876,0.006,0.118
551000,0.880,0.004,0.116
551500,0.884,0.004,0.112
552000,0.886,0.004,0.109
552500,0.889,0.004,0.106
553000,0.896,0.004,0.100
553500,0.896,0.004,0.100
554000,0.896,0.004,0.100
554500,0.898,0.003,0.099
555000,0.897,0.003,0.100
555500,0.899,0.003,0.098
556000,0.905,0.003,0.092
556500,0.904,0.006,0.089
557000,0.906,0.006,0.088
557500,0.903,0.005,0.092
558000,0.897,0.006,0.096
558500,0.893,0.005,0.102
559000,0.893,0.005,0.101
559500,0.891,0.004,0.104
560000,0.892,0.004,0.104
560500,0.895,0.004,0.101
561000,0.892,0.004,0.103
561500,0.889,0.005,0.106
562000,0.891,0.006,0.102
562500,0.892,0.007,0.101
563000,0.888,0.004,0.107
563500,0.889,0.006,0.105
564000,0.887,0.006,0.107
564500,0.893,0.005,0.102
565000,0.899,0.004,0.097
565500,0.896,0.006,0.097
566000,0.896,0.007,0.097
566500,0.896,0.007,0.096
567000,0.896,0.006,0.097
567500,0.898,0.006,0.096
568000,0.903,0.005,0.092
568500,0.899,0.004,0.096
569000,0.899,0.003,0.098
569500,0.899,0.004,0.097
570000,0.902,0.004,0.093
570500,0.905,0.005,0.089
571000,0.908,0.004,0.088
571500,0.910,0.003,0.087
572000,0.915,0.002,0.083
572500,0.912,0.002,0.086
573000,0.912,0.003,0.085
573500,0.907,0.003,0.090
574000,0.908,0.002,0.090
574500,0.905,0.003,0.092
575000,0.905,0.004,0.091
575500,0.899,0.004,0.097
576000,0.898,0.005,0.097
576500,0.900,0.004,0.095
577000,0.899,0.004,0.097
577500,0.902,0.003,0.095
578000,0.906,0.004,0.090
578500,0.912,0.004,0.083
579000,0.906,0.003,0.091
579500,0.908,0.003,0.089
580000,0.908,0.003,0.089
580500,0.907,0.003,0.090
581000,0.902,0.002,0.096
581500,0.897,0.002,0.101
582000,0.901,0.003,0.096
582500,0.898,0.003,0.099
583000,0.896,0.003,0.101
583500,0.896,0.004,0.099
584000,0.897,0.003,0.100
584500,0.902,0.004,0.094
585000,0.905,0.003,0.092
585500,0.904,0.004,0.092
586000,0.906,0.004,0.090
586500,0.911,0.003,0.086
587000,0.911,0.002,0.087
587500,0.917,0.002,0.081
588000,0.919,0.004,0.077
588500,0.912,0.004,0.084
589000,0.910,0.003,0.087
589500,0.913,0.003,0.084
590000,0.911,0.002,0.087
590500,0.911,0.002,0.087
591000,0.911,0.003,0.086
591500,0.910,0.002,0.088
592000,0.913,0.003,0.084
592500,0.910,0.002,0.088
593000,0.907,0.004,0.089
593500,0.903,0.004,0.093
594000,0.906,0.004,0.090
594500,0.907,0.004,0.089
595000,0.909,0.003,0.088
595500,0.911,0.002,0.087
596000,0.908,0.002,0.090
596500,0.904,0.002,0.094
597000,0.903,0.003,0.094
597500,0.901,0.002,0.097
598000,0.907,0.002,0.091
598500,0.909,0.001,0.090
599000,0.913,0.002,0.085
599500,0.918,0.003,0.079
600000,0.923,0.003,0.074
600500,0.922,0.002,0.076
601000,0.924,0.002,0.074
601500,0.925,0.002,0.073
602000,0.919,0.001,0.080
602500,0.919,0.001,0.080
603000,0.921,0.001,0.078
603500,0.921,0.001,0.078
604000,0.916,0.002,0.082
604500,0.917,0.000,0.083
605000,0.918,0.000,0.082
605500,0.917,0.001,0.082
606000,0.915,0.001,0.084
606500,0.924,0.001,0.075
607000,0.928,0.002,0.070
607500,0.927,0.002,0.071
608000,0.920,0.002,0.078
608500,0.918,0.004,0.078
609000,0.920,0.006,0.074
609500,0.919,0.004,0.077
610000,0.919,0.004,0.077
610500,0.918,0.004,0.078
611000,0.917,0.003,0.080
611500,0.917,0.003,0.080
612000,0.916,0.002,0.082
612500,0.917,0.001,0.082
613000,0.923,0.002,0.075
613500,0.921,0.002,0.077
614000,0.921,0.003,0.076
614500,0.916,0.003,0.081
615000,0.915,0.002,0.083
615500,0.909,0.003,0.088
616000,0.909,0.002,0.089
616500,0.911,0.002,0.087
617000,0.913,0.001,0.086
617500,0.914,0.000,0.086
618000,0.915,0.000,0.085
618500,0.916,0.000,0.084
619000,0.918,0.001,0.081
619500,0.912,0.001,0.087
620000,0.918,0.001,0.081
620500,0.921,0.001,0.078
621000,0.919,0.002,0.079
621500,0.924,0.002,0.074
622000,0.923,0.002,0.075
622500,0.924,0.002,0.074
623000,0.924,0.002,0.074
623500,0.920,0.002,0.078
624000,0.921,0.002,0.077
624500,0.922,0.002,0.076
625000,0.924,0.002,0.074
625500,0.919,0.002,0.079
626000,0.925,0.002,0.073
626500,0.924,0.001,0.075
627000,0.925,0.001,0.074
627500,0.930,0.001,0.069
628000,0.931,0.002,0.067
628500,0.934,0.002,0.064
629000,0.936,0.002,0.062
629500,0.935,0.001,0.064
630000,0.932,0.002,0.066
630500,0.934,0.003,0.063
631000,0.931,0.003,0.066
631500,0.933,0.003,0.064
632000,0.933,0.003,0.064
632500,0.931,0.003,0.066
633000,0.930,0.002,0.068
633500,0.934,0.001,0.065
634000,0.935,0.001,0.064
634500,0.933,0.001,0.066
635000,0.939,0.002,0.060
635500,0.944,0.001,0.055
636000,0.944,0.001,0.055
636500,0.942,0.001,0.057
637000,0.944,0.001,0.055
637500,0.945,0.001,0.054
638000,0.939,0.001,0.061
638500,0.935,0.000,0.065
639000,0.934,0.001,0.065
639500,0.936,0.001,0.063
640000,0.941,0.002,0.058
640500,0.940,0.002,0.059
641000,0.944,0.001,0.056
641500,0.947,0.002,0.052
642000,0.948,0.003,0.049
642500,0.948,0.002,0.051
643000,0.951,0.002,0.048
643500,0.951,0.001,0.048
644000,0.952,0.001,0.047
644500,0.952,0.000,0.048
645000,0.957,0.000,0.043
645500,0.956,0.001,0.043
646000,0.956,0.001,0.043
646500,0.954,0.001,0.046
647000,0.954,0.002,0.045
647500,0.952,0.002,0.046
648000,0.954,0.002,0.045
648500,0.955,0.001,0.044
649000,0.951,0.001,0.048
649500,0.954,0.001,0.046
650000,0.955,0.001,0.045
650500,0.957,0.001,0.043
651000,0.957,0.001,0.042
651500,0.955,0.002,0.044
652000,0.957,0.001,0.043
652500,0.952,0.002,0.047
653000,0.955,0.002,0.044
653500,0.957,0.002,0.042
654000,0.956,0.002,0.043
654500,0.958,0.002,0.041
655000,0.958,0.003,0.040
655500,0.958,0.002,0.041
656000,0.960,0.002,0.039
656500,0.955,0.001,0.044
657000,0.960,0.001,0.039
657500,0.964,0.001,0.035
658000,0.966,0.001,0.033
658500,0.964,0.001,0.036
659000,0.964,0.000,0.036
659500,0.967,0.000,0.033
660000,0.964,0.000,0.036
660500,0.966,0.000,0.034
661000,0.967,0.000,0.033
661500,0.968,0.000,0.032
662000,0.971,0.000,0.029
662500,0.968,0.000,0.032
663000,0.967,0.000,0.033
663500,0.968,0.000,0.032
664000,0.966,0.000,0.034
664500,0.966,0.000,0.034
665000,0.967,0.000,0.033
665500,0.967,0.000,0.033
666000,0.965,0.000,0.035
666500,0.962,0.000,0.038
667000,0.959,0.000,0.041
667500,0.959,0.001,0.040
668000,0.959,0.001,0.040
668500,0.956,0.001,0.044
669000,0.952,0.001,0.048
669500,0.949,0.001,0.051
670000,0.949,0.001,0.051
670500,0.946,0.001,0.054
671000,0.947,0.000,0.053
671500,0.951,0.000,0.049
672000,0.954,0.001,0.045
672500,0.955,0.001,0.044
673000,0.957,0.001,0.042
673500,0.958,0.001,0.041
674000,0.957,0.002,0.042
674500,0.957,0.002,0.041
675000,0.957,0.002,0.042
675500,0.956,0.002,0.043
676000,0.957,0.001,0.042
676500,0.960,0.000,0.040
677000,0.961,0.002,0.038
677500,0.961,0.002,0.038
678000,0.958,0.002,0.040
678500,0.960,0.002,0.039
679000,0.961,0.002,0.038
679500,0.964,0.001,0.035
680000,0.960,0.001,0.039
680500,0.957,0.001,0.042
681000,0.954,0.001,0.045
681500,0.954,0.001,0.045
682000,0.958,0.001,0.041
682500,0.963,0.001,0.036
683000,0.963,0.001,0.037
683500,0.963,0.000,0.037
684000,0.966,0.000,0.034
684500,0.966,0.000,0.034
685000,0.964,0.000,0.036
685500,0.968,0.000,0.032
686000,0.969,0.000,0.031
686500,0.967,0.000,0.033
687000,0.965,0.000,0.035
687500,0.968,0.000,0.032
688000,0.966,0.000,0.034
688500,0.966,0.000,0.034
689000,0.968,0.000,0.032
689500,0.970,0.000,0.030
690000,0.971,0.000,0.029
690500,0.974,0.000,0.026
691000,0.974,0.000,0.026
691500,0.974,0.000,0.026
692000,0.972,0.000,0.028
692500,0.971,0.000,0.029
693000,0.974,0.000,0.026
693500,0.975,0.000,0.025
694000,0.969,0.000,0.031
694500,0.973,0.000,0.027
695000,0.977,0.000,0.023
695500,0.977,0.000,0.023
696000,0.977,0.000,0.023
696500,0.976,0.000,0.024
697000,0.974,0.000,0.026
697500,0.977,0.000,0.023
698000,0.976,0.000,0.024
698500,0.974,0.000,0.026
699000,0.969,0.000,0.031
699500,0.969,0.000,0.031
700000,0.971,0.000,0.029
700500,0.975,0.000,0.025
701000,0.977,0.000,0.023
701500,0.981,0.001,0.018
702000,0.980,0.001,0.020
702500,0.981,0.001,0.019
703000,0.980,0.001,0.020
703500,0.978,0.001,0.022
704000,0.977,0.000,0.023
704500,0.977,0.000,0.023
705000,0.978,0.000,0.022
705500,0.980,0.000,0.020
706000,0.980,0.000,0.020
706500,0.980,0.000,0.020
707000,0.978,0.000,0.022
707500,0.976,0.000,0.024
708000,0.978,0.000,0.022
708500,0.977,0.000,0.023
709000,0.978,0.000,0.022
709500,0.979,0.000,0.021
710000,0.979,0.000,0.021
710500,0.979,0.000,0.021
711000,0.980,0.000,0.020
711500,0.983,0.000,0.017
712000,0.982,0.000,0.018
712500,0.982,0.000,0.018
713000,0.983,0.000,0.017
713500,0.986,0.000,0.014
714000,0.989,0.000,0.011
714500,0.990,0.000,0.010
715000,0.990,0.000,0.010
715500,0.990,0.000,0.010
716000,0.992,0.000,0.008
716500,0.991,0.000,0.009
717000,0.991,0.000,0.009
717500,0.992,0.000,0.008
718000,0.991,0.000,0.009
718500,0.994,0.000,0.006
719000,0.995,0.000,0.005
719500,0.996,0.000,0.004
720000,0.995,0.000,0.005
720500,0.994,0.000,0.006
721000,0.994,0.000,0.006
721500,0.994,0.000,0.006
722000,0.995,0.000,0.005
722500,0.995,0.000,0.005
723000,0.995,0.000,0.005
723500,0.994,0.000,0.006
724000,0.995,0.000,0.005
724500,0.995,0.000,0.005
725000,0.994,0.000,0.006
725500,0.994,0.000,0.006
726000,0.995,0.000,0.005
726500,0.995,0.000,0.005
727000,0.996,0.000,0.004
727500,0.996,0.000,0.004
728000,0.996,0.000,0.004
728500,0.996,0.000,0.004
729000,0.996,0.000,0.004
729500,0.997,0.000,0.003
730000,0.996,0.000,0.004
730500,0.996,0.000,0.004
731000,0.997,0.000,0.003
731500,0.996,0.000,0.004
732000,0.997,0.000,0.003
732500,0.997,0.000,0.003
733000,0.998,0.000,0.002
733500,0.998,0.000,0.002
734000,0.997,0.000,0.003
734500,0.997,0.000,0.003
735000,0.997,0.000,0.003
735500,0.997,0.000,0.003
736000,0.997,0.000,0.003
736500,0.997,0.000,0.003
737000,0.997,0.000,0.003
737500,0.997,0.000,0.003
738000,0.997,0.000,0.003
738500,0.999,0.000,0.001
739000,0.999,0.000,0.001
739500,0.999,0.000,0.001
740000,0.999,0.000,0.001
740500,0.999,0.000,0.001
741000,0.999,0.000,0.001
741500,0.999,0.000,0.001
742000,1.000,0.000,0.000
742500,1.000,0.000,0.000
743000,1.000,0.000,0.000
743500,1.000,0.000,0.000
744000,1.000,0.000,0.000
