time,n_A+p,n_B,n_AB
1000,0.298,0.396,0.306
2000,0.256,0.337,0.407
3000,0.218,0.358,0.424
4000,0.197,0.370,0.433
5000,0.194,0.357,0.449
6000,0.197,0.377,0.426
7000,0.190,0.362,0.448
8000,0.189,0.398,0.413
9000,0.197,0.423,0.380
10000,0.182,0.415,0.403
11000,0.172,0.435,0.393
12000,0.174,0.391,0.435
13000,0.163,0.425,0.412
14000,0.136,0.443,0.421
15000,0.143,0.457,0.400
16000,0.151,0.459,0.390
17000,0.133,0.465,0.402
18000,0.143,0.453,0.404
19000,0.130,0.471,0.399
20000,0.142,0.487,0.371
21000,0.124,0.473,0.403
22000,0.127,0.491,0.382
23000,0.144,0.472,0.384
24000,0.143,0.448,0.409
25000,0.122,0.465,0.413
26000,0.126,0.464,0.410
27000,0.129,0.492,0.379
28000,0.151,0.491,0.358
29000,0.114,0.490,0.396
30000,0.124,0.496,0.380
31000,0.117,0.500,0.383
32000,0.103,0.509,0.388
33000,0.089,0.527,0.384
34000,0.082,0.557,0.361
35000,0.089,0.566,0.345
36000,0.070,0.562,0.368
37000,0.073,0.579,0.348
38000,0.067,0.593,0.340
39000,0.072,0.615,0.313
40000,0.077,0.621,0.302
41000,0.057,0.622,0.321
42000,0.062,0.619,0.319
43000,0.064,0.615,0.321
44000,0.075,0.627,0.298
45000,0.077,0.644,0.279
46000,0.065,0.638,0.297
47000,0.057,0.645,0.298
48000,0.061,0.663,0.276
49000,0.066,0.668,0.266
50000,0.046,0.634,0.320
51000,0.040,0.642,0.318
52000,0.048,0.684,0.268
53000,0.037,0.683,0.280
54000,0.033,0.670,0.297
55000,0.042,0.692,0.266
56000,0.048,0.685,0.267
57000,0.041,0.707,0.252
58000,0.042,0.726,0.232
59000,0.037,0.725,0.238
60000,0.033,0.726,0.241
61000,0.024,0.725,0.251
62000,0.036,0.751,0.213
63000,0.027,0.756,0.217
64000,0.030,0.781,0.189
65000,0.022,0.774,0.204
66000,0.029,0.774,0.197
67000,0.016,0.788,0.196
68000,0.015,0.787,0.198
69000,0.020,0.777,0.203
70000,0.017,0.783,0.200
71000,0.017,0.797,0.186
72000,0.016,0.801,0.183
73000,0.014,0.806,0.180
74000,0.009,0.826,0.165
75000,0.011,0.843,0.146
76000,0.013,0.843,0.144
77000,0.012,0.855,0.133
78000,0.015,0.859,0.126
79000,0.007,0.863,0.130
80000,0.003,0.877,0.120
81000,0.004,0.886,0.110
82000,0.003,0.887,0.110
83000,0.009,0.896,0.095
84000,0.007,0.895,0.098
85000,0.003,0.899,0.098
86000,0.007,0.906,0.087
87000,0.005,0.916,0.079
88000,0.003,0.945,0.052
89000,0.001,0.960,0.039
90000,0.002,0.957,0.041
91000,0.002,0.959,0.039
92000,0.003,0.955,0.042
93000,0.002,0.957,0.041
94000,0.000,0.965,0.035
95000,0.000,0.966,0.034
96000,0.000,0.974,0.026
97000,0.000,0.977,0.023
98000,0.001,0.970,0.029
99000,0.000,0.980,0.020
100000,0.000,0.988,0.012
101000,0.000,0.990,0.010
102000,0.000,0.989,0.011
103000,0.000,0.987,0.013
104000,0.000,0.992,0.008
105000,0.000,0.997,0.003
106000,0.000,0.996,0.004
107000,0.000,0.999,0.001
108000,0.000,1.000,0.000
