time,n_A+p,n_B,n_AB
100,0.030,0.968,0.002
200,0.030,0.964,0.006
300,0.030,0.959,0.011
400,0.030,0.958,0.012
500,0.030,0.952,0.018
600,0.030,0.945,0.025
700,0.030,0.943,0.027
800,0.030,0.940,0.030
900,0.030,0.936,0.034
1000,0.030,0.928,0.042
1100,0.030,0.923,0.047
1200,0.030,0.913,0.057
1300,0.030,0.907,0.063
1400,0.030,0.903,0.067
1500,0.030,0.895,0.075
1600,0.030,0.883,0.087
1700,0.030,0.877,0.093
1800,0.030,0.869,0.101
1900,0.030,0.860,0.110
2000,0.030,0.857,0.113
2100,0.034,0.849,0.117
2200,0.033,0.844,0.123
2300,0.032,0.838,0.130
2400,0.031,0.832,0.137
2500,0.031,0.814,0.155
2600,0.030,0.808,0.162
2700,0.030,0.799,0.171
2800,0.030,0.790,0.180
2900,0.030,0.777,0.193
3000,0.030,0.771,0.199
3100,0.030,0.760,0.210
3200,0.030,0.748,0.222
3300,0.030,0.739,0.231
3400,0.030,0.733,0.237
3500,0.030,0.722,0.248
3600,0.030,0.708,0.262
3700,0.030,0.697,0.273
3800,0.030,0.687,0.283
3900,0.030,0.675,0.295
4000,0.030,0.658,0.312
4100,0.030,0.656,0.314
4200,0.030,0.643,0.327
4300,0.030,0.630,0.340
4400,0.030,0.623,0.347
4500,0.030,0.606,0.364
4600,0.034,0.588,0.378
4700,0.034,0.580,0.386
4800,0.033,0.566,0.401
4900,0.035,0.552,0.413
5000,0.038,0.538,0.424
5100,0.043,0.524,0.433
5200,0.044,0.515,0.441
5300,0.043,0.504,0.453
5400,0.041,0.487,0.472
5500,0.041,0.473,0.486
5600,0.039,0.456,0.505
5700,0.039,0.447,0.514
5800,0.039,0.428,0.533
5900,0.040,0.413,0.547
6000,0.041,0.399,0.560
6100,0.041,0.391,0.568
6200,0.041,0.373,0.586
6300,0.042,0.361,0.597
6400,0.044,0.343,0.613
6500,0.044,0.329,0.627
6600,0.044,0.315,0.641
6700,0.049,0.303,0.648
6800,0.049,0.290,0.661
6900,0.046,0.282,0.672
7000,0.051,0.265,0.684
7100,0.050,0.259,0.691
7200,0.050,0.251,0.699
7300,0.052,0.247,0.701
7400,0.053,0.240,0.707
7500,0.052,0.227,0.721
7600,0.053,0.218,0.729
7700,0.055,0.202,0.743
7800,0.055,0.194,0.751
7900,0.058,0.184,0.758
8000,0.059,0.173,0.768
8100,0.054,0.165,0.781
8200,0.053,0.156,0.791
8300,0.058,0.148,0.794
8400,0.059,0.144,0.797
8500,0.063,0.134,0.803
8600,0.063,0.132,0.805
8700,0.062,0.126,0.812
8800,0.068,0.123,0.809
8900,0.071,0.120,0.809
9000,0.069,0.114,0.817
9100,0.068,0.110,0.822
9200,0.067,0.102,0.831
9300,0.067,0.098,0.835
9400,0.065,0.099,0.836
9500,0.067,0.094,0.839
9600,0.061,0.092,0.847
9700,0.057,0.090,0.853
9800,0.064,0.089,0.847
9900,0.068,0.086,0.846
10000,0.067,0.088,0.845
10100,0.072,0.084,0.844
10200,0.070,0.079,0.851
10300,0.069,0.080,0.851
10400,0.074,0.072,0.854
10500,0.085,0.070,0.845
10600,0.085,0.067,0.848
10700,0.085,0.068,0.847
10800,0.087,0.063,0.850
10900,0.096,0.058,0.846
11000,0.094,0.053,0.853
11100,0.093,0.056,0.851
11200,0.092,0.055,0.853
11300,0.089,0.055,0.856
11400,0.090,0.065,0.845
11500,0.090,0.057,0.853
11600,0.088,0.062,0.850
11700,0.086,0.057,0.857
11800,0.080,0.060,0.860
11900,0.077,0.068,0.855
12000,0.079,0.061,0.860
12100,0.088,0.062,0.850
12200,0.085,0.064,0.851
12300,0.083,0.061,0.856
12400,0.082,0.055,0.863
12500,0.081,0.048,0.871
12600,0.082,0.054,0.864
12700,0.079,0.055,0.866
12800,0.080,0.056,0.864
12900,0.081,0.056,0.863
13000,0.076,0.054,0.870
13100,0.077,0.052,0.871
13200,0.072,0.056,0.872
13300,0.077,0.054,0.869
13400,0.077,0.055,0.868
13500,0.073,0.054,0.873
13600,0.073,0.050,0.877
13700,0.070,0.049,0.881
13800,0.075,0.043,0.882
13900,0.075,0.039,0.886
14000,0.076,0.042,0.882
14100,0.079,0.039,0.882
14200,0.080,0.039,0.881
14300,0.083,0.038,0.879
14400,0.088,0.037,0.875
14500,0.085,0.037,0.878
14600,0.080,0.038,0.882
14700,0.077,0.041,0.882
14800,0.082,0.045,0.873
14900,0.077,0.046,0.877
15000,0.078,0.045,0.877
15100,0.081,0.049,0.870
15200,0.083,0.047,0.870
15300,0.083,0.044,0.873
15400,0.089,0.044,0.867
15500,0.086,0.044,0.870
15600,0.080,0.046,0.874
15700,0.080,0.045,0.875
15800,0.082,0.048,0.870
15900,0.088,0.049,0.863
16000,0.087,0.050,0.863
16100,0.087,0.052,0.861
16200,0.086,0.054,0.860
16300,0.084,0.055,0.861
16400,0.081,0.055,0.864
16500,0.078,0.057,0.865
16600,0.084,0.055,0.861
16700,0.083,0.054,0.863
16800,0.081,0.055,0.864
16900,0.081,0.048,0.871
17000,0.082,0.048,0.870
17100,0.088,0.045,0.867
17200,0.090,0.042,0.868
17300,0.096,0.041,0.863
17400,0.092,0.042,0.866
17500,0.087,0.043,0.870
17600,0.090,0.045,0.865
17700,0.090,0.046,0.864
17800,0.092,0.047,0.861
17900,0.095,0.044,0.861
18000,0.091,0.052,0.857
18100,0.083,0.058,0.859
18200,0.086,0.054,0.860
18300,0.087,0.052,0.861
18400,0.083,0.051,0.866
18500,0.088,0.062,0.850
18600,0.086,0.063,0.851
18700,0.088,0.060,0.852
18800,0.081,0.058,0.861
18900,0.079,0.055,0.866
19000,0.082,0.054,0.864
19100,0.084,0.052,0.864
19200,0.093,0.051,0.856
19300,0.096,0.058,0.846
19400,0.096,0.053,0.851
19500,0.097,0.056,0.847
19600,0.094,0.060,0.846
19700,0.091,0.059,0.850
19800,0.094,0.056,0.850
19900,0.096,0.056,0.848
20000,0.099,0.060,0.841
20100,0.092,0.056,0.852
20200,0.090,0.054,0.856
20300,0.089,0.057,0.854
20400,0.092,0.056,0.852
20500,0.089,0.055,0.856
20600,0.096,0.052,0.852
20700,0.095,0.049,0.856
20800,0.093,0.047,0.860
20900,0.099,0.047,0.854
21000,0.095,0.046,0.859
21100,0.095,0.045,0.860
21200,0.100,0.050,0.850
21300,0.105,0.051,0.844
21400,0.097,0.053,0.850
21500,0.095,0.057,0.848
21600,0.096,0.058,0.846
21700,0.094,0.060,0.846
21800,0.097,0.060,0.843
21900,0.093,0.059,0.848
22000,0.087,0.060,0.853
22100,0.088,0.065,0.847
22200,0.091,0.061,0.848
22300,0.090,0.063,0.847
22400,0.088,0.066,0.846
22500,0.092,0.062,0.846
22600,0.094,0.065,0.841
22700,0.093,0.066,0.841
22800,0.093,0.068,0.839
22900,0.095,0.072,0.833
23000,0.097,0.070,0.833
23100,0.099,0.071,0.830
23200,0.096,0.071,0.833
23300,0.095,0.064,0.841
23400,0.096,0.061,0.843
23500,0.096,0.060,0.844
23600,0.101,0.054,0.845
23700,0.097,0.051,0.852
23800,0.099,0.050,0.851
23900,0.096,0.053,0.851
24000,0.092,0.054,0.854
24100,0.090,0.050,0.860
24200,0.096,0.047,0.857
24300,0.091,0.053,0.856
24400,0.091,0.050,0.859
24500,0.090,0.050,0.860
24600,0.099,0.049,0.852
24700,0.102,0.046,0.852
24800,0.098,0.042,0.860
24900,0.095,0.043,0.862
25000,0.088,0.048,0.864
25100,0.090,0.051,0.859
25200,0.092,0.047,0.861
25300,0.096,0.047,0.857
25400,0.093,0.045,0.862
25500,0.088,0.046,0.866
25600,0.083,0.043,0.874
25700,0.081,0.043,0.876
25800,0.081,0.042,0.877
25900,0.083,0.045,0.872
26000,0.080,0.050,0.870
26100,0.079,0.049,0.872
26200,0.080,0.052,0.868
26300,0.081,0.051,0.868
26400,0.083,0.050,0.867
26500,0.079,0.058,0.863
26600,0.081,0.057,0.862
26700,0.079,0.052,0.869
26800,0.080,0.052,0.868
26900,0.078,0.053,0.869
27000,0.076,0.054,0.870
27100,0.075,0.054,0.871
27200,0.073,0.050,0.877
27300,0.077,0.049,0.874
27400,0.079,0.046,0.875
27500,0.080,0.049,0.871
27600,0.074,0.050,0.876
27700,0.079,0.047,0.874
27800,0.076,0.044,0.880
27900,0.075,0.040,0.885
28000,0.078,0.041,0.881
28100,0.079,0.040,0.881
28200,0.084,0.037,0.879
28300,0.085,0.040,0.875
28400,0.083,0.038,0.879
28500,0.086,0.045,0.869
28600,0.085,0.044,0.871
28700,0.084,0.040,0.876
28800,0.087,0.040,0.873
28900,0.090,0.049,0.861
29000,0.090,0.054,0.856
29100,0.089,0.055,0.856
29200,0.088,0.053,0.859
29300,0.094,0.052,0.854
29400,0.101,0.058,0.841
29500,0.099,0.055,0.846
29600,0.093,0.054,0.853
29700,0.092,0.051,0.857
29800,0.096,0.053,0.851
29900,0.097,0.053,0.850
30000,0.092,0.057,0.851
30100,0.094,0.063,0.843
30200,0.100,0.057,0.843
30300,0.100,0.057,0.843
30400,0.100,0.059,0.841
30500,0.102,0.061,0.837
30600,0.099,0.059,0.842
30700,0.096,0.063,0.841
30800,0.097,0.058,0.845
30900,0.100,0.056,0.844
31000,0.099,0.055,0.846
31100,0.100,0.056,0.844
31200,0.096,0.055,0.849
31300,0.107,0.062,0.831
31400,0.105,0.058,0.837
31500,0.104,0.056,0.840
31600,0.104,0.056,0.840
31700,0.100,0.056,0.844
31800,0.098,0.054,0.848
31900,0.099,0.053,0.848
32000,0.096,0.054,0.850
32100,0.102,0.053,0.845
32200,0.097,0.052,0.851
32300,0.098,0.052,0.850
32400,0.094,0.053,0.853
32500,0.097,0.049,0.854
32600,0.093,0.047,0.860
32700,0.092,0.048,0.860
32800,0.094,0.052,0.854
32900,0.091,0.053,0.856
33000,0.090,0.052,0.858
33100,0.098,0.052,0.850
33200,0.098,0.051,0.851
33300,0.097,0.047,0.856
33400,0.095,0.042,0.863
33500,0.092,0.042,0.866
33600,0.088,0.045,0.867
33700,0.088,0.047,0.865
33800,0.086,0.040,0.874
33900,0.087,0.037,0.876
34000,0.093,0.037,0.870
34100,0.088,0.035,0.877
34200,0.085,0.034,0.881
34300,0.094,0.030,0.876
34400,0.095,0.031,0.874
34500,0.095,0.030,0.875
34600,0.096,0.034,0.870
34700,0.097,0.032,0.871
34800,0.098,0.029,0.873
34900,0.097,0.029,0.874
35000,0.097,0.026,0.877
35100,0.093,0.031,0.876
35200,0.092,0.028,0.880
35300,0.091,0.032,0.877
35400,0.090,0.035,0.875
35500,0.091,0.035,0.874
35600,0.091,0.033,0.876
35700,0.090,0.031,0.879
35800,0.096,0.028,0.876
35900,0.101,0.029,0.870
36000,0.097,0.033,0.870
36100,0.090,0.036,0.874
36200,0.092,0.034,0.874
36300,0.089,0.036,0.875
36400,0.088,0.039,0.873
36500,0.094,0.038,0.868
36600,0.096,0.038,0.866
36700,0.096,0.037,0.867
36800,0.094,0.033,0.873
36900,0.095,0.034,0.871
37000,0.093,0.033,0.874
37100,0.095,0.036,0.869
37200,0.093,0.038,0.869
37300,0.095,0.040,0.865
37400,0.096,0.044,0.860
37500,0.097,0.048,0.855
37600,0.095,0.044,0.861
37700,0.092,0.046,0.862
37800,0.090,0.041,0.869
37900,0.090,0.040,0.870
38000,0.096,0.042,0.862
38100,0.101,0.049,0.850
38200,0.103,0.049,0.848
38300,0.103,0.050,0.847
38400,0.103,0.050,0.847
38500,0.106,0.046,0.848
38600,0.103,0.053,0.844
38700,0.099,0.056,0.845
38800,0.100,0.051,0.849
38900,0.098,0.051,0.851
39000,0.101,0.052,0.847
39100,0.105,0.048,0.847
39200,0.110,0.045,0.845
39300,0.111,0.044,0.845
39400,0.116,0.046,0.838
39500,0.113,0.045,0.842
39600,0.111,0.047,0.842
39700,0.111,0.050,0.839
39800,0.109,0.048,0.843
39900,0.103,0.045,0.852
40000,0.101,0.045,0.854
40100,0.101,0.042,0.857
40200,0.095,0.039,0.866
40300,0.093,0.040,0.867
40400,0.092,0.039,0.869
40500,0.086,0.037,0.877
40600,0.087,0.037,0.876
40700,0.086,0.039,0.875
40800,0.083,0.035,0.882
40900,0.084,0.033,0.883
41000,0.086,0.032,0.882
41100,0.090,0.029,0.881
41200,0.091,0.029,0.880
41300,0.091,0.027,0.882
41400,0.090,0.028,0.882
41500,0.091,0.026,0.883
41600,0.092,0.028,0.880
41700,0.090,0.027,0.883
41800,0.088,0.024,0.888
41900,0.089,0.029,0.882
42000,0.090,0.028,0.882
42100,0.091,0.030,0.879
42200,0.091,0.030,0.879
42300,0.093,0.031,0.876
42400,0.090,0.031,0.879
42500,0.089,0.032,0.879
42600,0.087,0.041,0.872
42700,0.089,0.036,0.875
42800,0.088,0.039,0.873
42900,0.089,0.044,0.867
43000,0.090,0.042,0.868
43100,0.093,0.043,0.864
43200,0.090,0.046,0.864
43300,0.088,0.039,0.873
43400,0.086,0.042,0.872
43500,0.087,0.039,0.874
43600,0.086,0.039,0.875
43700,0.088,0.041,0.871
43800,0.089,0.038,0.873
43900,0.085,0.034,0.881
44000,0.084,0.031,0.885
44100,0.084,0.030,0.886
44200,0.084,0.024,0.892
44300,0.081,0.029,0.890
44400,0.076,0.036,0.888
44500,0.074,0.034,0.892
44600,0.075,0.038,0.887
44700,0.075,0.037,0.888
44800,0.084,0.039,0.877
44900,0.086,0.039,0.875
45000,0.083,0.037,0.880
45100,0.080,0.037,0.883
45200,0.079,0.039,0.882
45300,0.082,0.036,0.882
45400,0.081,0.033,0.886
45500,0.084,0.039,0.877
45600,0.082,0.042,0.876
45700,0.082,0.047,0.871
45800,0.083,0.051,0.866
45900,0.083,0.052,0.865
46000,0.078,0.051,0.871
46100,0.081,0.045,0.874
46200,0.082,0.043,0.875
46300,0.080,0.044,0.876
46400,0.082,0.040,0.878
46500,0.085,0.047,0.868
46600,0.081,0.045,0.874
46700,0.082,0.044,0.874
46800,0.081,0.043,0.876
46900,0.080,0.041,0.879
47000,0.077,0.038,0.885
47100,0.076,0.040,0.884
47200,0.076,0.037,0.887
47300,0.079,0.034,0.887
47400,0.080,0.035,0.885
47500,0.081,0.037,0.882
47600,0.084,0.039,0.877
47700,0.085,0.038,0.877
47800,0.081,0.038,0.881
47900,0.077,0.036,0.887
48000,0.075,0.038,0.887
48100,0.074,0.038,0.888
48200,0.076,0.038,0.886
48300,0.073,0.043,0.884
48400,0.069,0.044,0.887
48500,0.070,0.046,0.884
48600,0.075,0.051,0.874
48700,0.075,0.060,0.865
48800,0.077,0.064,0.859
48900,0.077,0.064,0.859
49000,0.076,0.066,0.858
49100,0.072,0.068,0.860
49200,0.073,0.071,0.856
49300,0.075,0.070,0.855
49400,0.080,0.066,0.854
49500,0.077,0.062,0.861
49600,0.081,0.062,0.857
49700,0.086,0.059,0.855
49800,0.088,0.058,0.854
49900,0.094,0.058,0.848
50000,0.092,0.062,0.846
50100,0.099,0.061,0.840
50200,0.098,0.057,0.845
50300,0.097,0.053,0.850
50400,0.095,0.054,0.851
50500,0.088,0.049,0.863
50600,0.094,0.050,0.856
50700,0.099,0.053,0.848
50800,0.100,0.056,0.844
50900,0.096,0.061,0.843
51000,0.093,0.063,0.844
51100,0.096,0.058,0.846
51200,0.099,0.060,0.841
51300,0.094,0.055,0.851
51400,0.089,0.052,0.859
51500,0.086,0.054,0.860
51600,0.085,0.057,0.858
51700,0.085,0.062,0.853
51800,0.082,0.059,0.859
51900,0.079,0.059,0.862
52000,0.075,0.061,0.864
52100,0.077,0.061,0.862
52200,0.079,0.061,0.860
52300,0.075,0.059,0.866
52400,0.081,0.061,0.858
52500,0.078,0.055,0.867
52600,0.074,0.058,0.868
52700,0.077,0.056,0.867
52800,0.080,0.054,0.866
52900,0.083,0.052,0.865
53000,0.085,0.052,0.863
53100,0.100,0.052,0.848
53200,0.100,0.050,0.850
53300,0.110,0.052,0.838
53400,0.109,0.049,0.842
53500,0.102,0.055,0.843
53600,0.096,0.053,0.851
53700,0.094,0.055,0.851
53800,0.090,0.052,0.858
53900,0.090,0.052,0.858
54000,0.101,0.055,0.844
54100,0.101,0.056,0.843
54200,0.106,0.059,0.835
54300,0.103,0.060,0.837
54400,0.102,0.060,0.838
54500,0.105,0.061,0.834
54600,0.101,0.058,0.841
54700,0.102,0.057,0.841
54800,0.098,0.063,0.839
54900,0.100,0.058,0.842
55000,0.098,0.054,0.848
55100,0.094,0.054,0.852
55200,0.103,0.053,0.844
55300,0.101,0.053,0.846
55400,0.098,0.054,0.848
55500,0.097,0.055,0.848
55600,0.092,0.055,0.853
55700,0.089,0.054,0.857
55800,0.091,0.052,0.857
55900,0.093,0.051,0.856
56000,0.093,0.045,0.862
56100,0.094,0.044,0.862
56200,0.095,0.039,0.866
56300,0.092,0.038,0.870
56400,0.090,0.041,0.869
56500,0.093,0.043,0.864
56600,0.100,0.047,0.853
56700,0.102,0.045,0.853
56800,0.096,0.047,0.857
56900,0.092,0.050,0.858
57000,0.091,0.051,0.858
57100,0.096,0.051,0.853
57200,0.097,0.048,0.855
57300,0.098,0.047,0.855
57400,0.094,0.047,0.859
57500,0.091,0.053,0.856
57600,0.085,0.050,0.865
57700,0.088,0.047,0.865
57800,0.084,0.045,0.871
57900,0.079,0.047,0.874
58000,0.081,0.044,0.875
58100,0.079,0.044,0.877
58200,0.078,0.048,0.874
58300,0.082,0.044,0.874
58400,0.084,0.041,0.875
58500,0.082,0.048,0.870
58600,0.085,0.051,0.864
58700,0.088,0.059,0.853
58800,0.081,0.058,0.861
58900,0.080,0.058,0.862
59000,0.084,0.062,0.854
59100,0.085,0.065,0.850
59200,0.085,0.067,0.848
59300,0.090,0.070,0.840
59400,0.092,0.074,0.834
59500,0.091,0.072,0.837
59600,0.094,0.069,0.837
59700,0.085,0.065,0.850
59800,0.083,0.065,0.852
59900,0.086,0.060,0.854
60000,0.084,0.058,0.858
60100,0.080,0.060,0.860
60200,0.077,0.054,0.869
60300,0.080,0.054,0.866
60400,0.089,0.053,0.858
60500,0.078,0.049,0.873
60600,0.078,0.042,0.880
60700,0.078,0.044,0.878
60800,0.083,0.049,0.868
60900,0.085,0.052,0.863
61000,0.090,0.051,0.859
61100,0.089,0.054,0.857
61200,0.093,0.057,0.850
61300,0.095,0.057,0.848
61400,0.092,0.057,0.851
61500,0.088,0.062,0.850
61600,0.085,0.060,0.855
61700,0.082,0.054,0.864
61800,0.088,0.052,0.860
61900,0.088,0.049,0.863
62000,0.088,0.050,0.862
62100,0.085,0.052,0.863
62200,0.084,0.052,0.864
62300,0.086,0.055,0.859
62400,0.084,0.063,0.853
62500,0.085,0.060,0.855
62600,0.086,0.066,0.848
62700,0.088,0.066,0.846
62800,0.082,0.065,0.853
62900,0.081,0.060,0.859
63000,0.085,0.060,0.855
63100,0.092,0.058,0.850
63200,0.092,0.054,0.854
63300,0.099,0.050,0.851
63400,0.094,0.047,0.859
63500,0.089,0.046,0.865
63600,0.093,0.048,0.859
63700,0.092,0.045,0.863
63800,0.092,0.046,0.862
63900,0.089,0.049,0.862
64000,0.098,0.047,0.855
64100,0.094,0.049,0.857
64200,0.091,0.048,0.861
64300,0.092,0.055,0.853
64400,0.094,0.061,0.845
64500,0.097,0.057,0.846
64600,0.097,0.057,0.846
64700,0.098,0.056,0.846
64800,0.091,0.055,0.854
64900,0.091,0.052,0.857
65000,0.090,0.051,0.859
65100,0.085,0.051,0.864
65200,0.085,0.051,0.864
65300,0.081,0.048,0.871
65400,0.077,0.043,0.880
65500,0.077,0.041,0.882
65600,0.079,0.043,0.878
65700,0.083,0.043,0.874
65800,0.084,0.041,0.875
65900,0.078,0.041,0.881
66000,0.079,0.043,0.878
66100,0.081,0.042,0.877
66200,0.087,0.041,0.872
66300,0.090,0.046,0.864
66400,0.099,0.052,0.849
66500,0.096,0.051,0.853
66600,0.089,0.049,0.862
66700,0.091,0.043,0.866
66800,0.095,0.050,0.855
66900,0.095,0.049,0.856
67000,0.096,0.053,0.851
67100,0.097,0.053,0.850
67200,0.096,0.061,0.843
67300,0.097,0.060,0.843
67400,0.092,0.060,0.848
67500,0.095,0.057,0.848
67600,0.100,0.054,0.846
67700,0.099,0.052,0.849
67800,0.096,0.058,0.846
67900,0.096,0.056,0.848
68000,0.097,0.054,0.849
68100,0.092,0.048,0.860
68200,0.093,0.044,0.863
68300,0.092,0.044,0.864
68400,0.091,0.042,0.867
68500,0.087,0.051,0.862
68600,0.091,0.053,0.856
68700,0.092,0.053,0.855
68800,0.084,0.052,0.864
68900,0.084,0.052,0.864
69000,0.086,0.046,0.868
69100,0.088,0.045,0.867
69200,0.085,0.044,0.871
69300,0.087,0.046,0.867
69400,0.087,0.044,0.869
69500,0.091,0.043,0.866
69600,0.094,0.038,0.868
69700,0.094,0.039,0.867
69800,0.095,0.036,0.869
69900,0.097,0.037,0.866
70000,0.100,0.039,0.861
70100,0.099,0.039,0.862
70200,0.095,0.037,0.868
70300,0.098,0.035,0.867
70400,0.098,0.037,0.865
70500,0.091,0.039,0.870
70600,0.092,0.040,0.868
70700,0.094,0.050,0.856
70800,0.088,0.060,0.852
70900,0.092,0.062,0.846
71000,0.087,0.057,0.856
71100,0.090,0.059,0.851
71200,0.094,0.057,0.849
71300,0.093,0.056,0.851
71400,0.095,0.058,0.847
71500,0.103,0.055,0.842
71600,0.104,0.055,0.841
71700,0.104,0.058,0.838
71800,0.103,0.055,0.842
71900,0.096,0.057,0.847
72000,0.098,0.057,0.845
72100,0.095,0.054,0.851
72200,0.099,0.056,0.845
72300,0.100,0.059,0.841
72400,0.099,0.063,0.838
72500,0.097,0.064,0.839
72600,0.088,0.065,0.847
72700,0.082,0.067,0.851
72800,0.088,0.065,0.847
72900,0.097,0.061,0.842
73000,0.096,0.069,0.835
73100,0.097,0.074,0.829
73200,0.099,0.070,0.831
73300,0.093,0.072,0.835
73400,0.094,0.067,0.839
73500,0.089,0.067,0.844
73600,0.087,0.064,0.849
73700,0.093,0.061,0.846
73800,0.092,0.057,0.851
73900,0.096,0.059,0.845
74000,0.098,0.059,0.843
74100,0.103,0.059,0.838
74200,0.110,0.064,0.826
74300,0.106,0.056,0.838
74400,0.102,0.054,0.844
74500,0.107,0.058,0.835
74600,0.109,0.051,0.840
74700,0.104,0.056,0.840
74800,0.096,0.059,0.845
74900,0.097,0.061,0.842
75000,0.097,0.059,0.844
75100,0.099,0.059,0.842
75200,0.097,0.058,0.845
75300,0.094,0.056,0.850
75400,0.092,0.055,0.853
75500,0.087,0.056,0.857
75600,0.091,0.058,0.851
75700,0.091,0.051,0.858
75800,0.091,0.056,0.853
75900,0.100,0.056,0.844
76000,0.098,0.057,0.845
76100,0.104,0.053,0.843
76200,0.109,0.051,0.840
76300,0.106,0.053,0.841
76400,0.102,0.052,0.846
76500,0.096,0.053,0.851
76600,0.096,0.054,0.850
76700,0.098,0.052,0.850
76800,0.096,0.052,0.852
76900,0.103,0.049,0.848
77000,0.095,0.052,0.853
77100,0.101,0.055,0.844
77200,0.098,0.059,0.843
77300,0.097,0.061,0.842
77400,0.095,0.060,0.845
77500,0.093,0.058,0.849
77600,0.093,0.059,0.848
77700,0.086,0.061,0.853
77800,0.094,0.062,0.844
77900,0.092,0.062,0.846
78000,0.094,0.062,0.844
78100,0.094,0.060,0.846
78200,0.093,0.057,0.850
78300,0.086,0.054,0.860
78400,0.085,0.052,0.863
78500,0.086,0.062,0.852
78600,0.088,0.066,0.846
78700,0.088,0.066,0.846
78800,0.088,0.060,0.852
78900,0.085,0.058,0.857
79000,0.083,0.058,0.859
79100,0.079,0.054,0.867
79200,0.075,0.052,0.873
79300,0.078,0.051,0.871
79400,0.077,0.054,0.869
79500,0.074,0.053,0.873
79600,0.074,0.054,0.872
79700,0.075,0.060,0.865
79800,0.074,0.065,0.861
79900,0.074,0.068,0.858
80000,0.073,0.069,0.858
80100,0.073,0.066,0.861
80200,0.071,0.064,0.865
80300,0.072,0.061,0.867
80400,0.073,0.063,0.864
80500,0.078,0.064,0.858
80600,0.082,0.059,0.859
80700,0.080,0.060,0.860
80800,0.085,0.058,0.857
80900,0.085,0.056,0.859
81000,0.083,0.054,0.863
81100,0.083,0.057,0.860
81200,0.086,0.061,0.853
81300,0.086,0.057,0.857
81400,0.084,0.050,0.866
81500,0.085,0.049,0.866
81600,0.083,0.046,0.871
81700,0.080,0.048,0.872
81800,0.081,0.044,0.875
81900,0.080,0.045,0.875
82000,0.080,0.045,0.875
82100,0.075,0.052,0.873
82200,0.070,0.051,0.879
82300,0.069,0.049,0.882
82400,0.071,0.055,0.874
82500,0.070,0.059,0.871
82600,0.070,0.054,0.876
82700,0.070,0.052,0.878
82800,0.072,0.045,0.883
82900,0.072,0.048,0.880
83000,0.069,0.052,0.879
83100,0.066,0.054,0.880
83200,0.066,0.052,0.882
83300,0.067,0.054,0.879
83400,0.062,0.053,0.885
83500,0.057,0.052,0.891
83600,0.058,0.051,0.891
83700,0.058,0.050,0.892
83800,0.060,0.050,0.890
83900,0.064,0.051,0.885
84000,0.067,0.056,0.877
84100,0.061,0.061,0.878
84200,0.058,0.061,0.881
84300,0.059,0.057,0.884
84400,0.065,0.056,0.879
84500,0.065,0.060,0.875
84600,0.069,0.060,0.871
84700,0.067,0.064,0.869
84800,0.066,0.063,0.871
84900,0.066,0.065,0.869
85000,0.067,0.067,0.866
85100,0.072,0.068,0.860
85200,0.077,0.063,0.860
85300,0.073,0.058,0.869
85400,0.073,0.057,0.870
85500,0.076,0.057,0.867
85600,0.077,0.055,0.868
85700,0.080,0.053,0.867
85800,0.080,0.053,0.867
85900,0.079,0.053,0.868
86000,0.077,0.055,0.868
86100,0.078,0.057,0.865
86200,0.087,0.054,0.859
86300,0.084,0.065,0.851
86400,0.087,0.065,0.848
86500,0.085,0.067,0.848
86600,0.091,0.068,0.841
86700,0.089,0.066,0.845
86800,0.085,0.063,0.852
86900,0.087,0.061,0.852
87000,0.083,0.064,0.853
87100,0.082,0.063,0.855
87200,0.084,0.061,0.855
87300,0.080,0.059,0.861
87400,0.078,0.058,0.864
87500,0.078,0.055,0.867
87600,0.081,0.055,0.864
87700,0.080,0.052,0.868
87800,0.082,0.051,0.867
87900,0.087,0.055,0.858
88000,0.088,0.052,0.860
88100,0.089,0.050,0.861
88200,0.089,0.047,0.864
88300,0.087,0.043,0.870
88400,0.088,0.046,0.866
88500,0.089,0.044,0.867
88600,0.086,0.043,0.871
88700,0.091,0.043,0.866
88800,0.090,0.047,0.863
88900,0.093,0.049,0.858
89000,0.092,0.043,0.865
89100,0.090,0.040,0.870
89200,0.091,0.043,0.866
89300,0.091,0.041,0.868
89400,0.093,0.041,0.866
89500,0.096,0.038,0.866
89600,0.101,0.034,0.865
89700,0.101,0.041,0.858
89800,0.100,0.040,0.860
89900,0.098,0.039,0.863
90000,0.094,0.037,0.869
90100,0.093,0.042,0.865
90200,0.094,0.044,0.862
90300,0.096,0.040,0.864
90400,0.100,0.037,0.863
90500,0.101,0.039,0.860
90600,0.107,0.041,0.852
90700,0.104,0.036,0.860
90800,0.109,0.034,0.857
90900,0.107,0.031,0.862
91000,0.106,0.031,0.863
91100,0.106,0.032,0.862
91200,0.105,0.035,0.860
91300,0.098,0.040,0.862
91400,0.101,0.037,0.862
91500,0.102,0.033,0.865
91600,0.097,0.042,0.861
91700,0.094,0.043,0.863
91800,0.091,0.042,0.867
91900,0.093,0.040,0.867
92000,0.091,0.038,0.871
92100,0.089,0.041,0.870
92200,0.093,0.039,0.868
92300,0.092,0.035,0.873
92400,0.091,0.032,0.877
92500,0.090,0.034,0.876
92600,0.090,0.041,0.869
92700,0.091,0.037,0.872
92800,0.089,0.039,0.872
92900,0.090,0.039,0.871
93000,0.088,0.041,0.871
93100,0.090,0.043,0.867
93200,0.093,0.046,0.861
93300,0.092,0.047,0.861
93400,0.092,0.051,0.857
93500,0.096,0.054,0.850
93600,0.093,0.048,0.859
93700,0.087,0.049,0.864
93800,0.082,0.046,0.872
93900,0.080,0.048,0.872
94000,0.073,0.047,0.880
94100,0.071,0.041,0.888
94200,0.067,0.041,0.892
94300,0.065,0.039,0.896
94400,0.069,0.045,0.886
94500,0.066,0.042,0.892
94600,0.067,0.042,0.891
94700,0.068,0.044,0.888
94800,0.079,0.044,0.877
94900,0.083,0.043,0.874
95000,0.078,0.037,0.885
95100,0.079,0.038,0.883
95200,0.081,0.040,0.879
95300,0.078,0.045,0.877
95400,0.079,0.053,0.868
95500,0.081,0.052,0.867
95600,0.078,0.052,0.870
95700,0.074,0.051,0.875
95800,0.072,0.056,0.872
95900,0.071,0.054,0.875
96000,0.070,0.057,0.873
96100,0.065,0.056,0.879
96200,0.063,0.051,0.886
96300,0.063,0.064,0.873
96400,0.073,0.058,0.869
96500,0.073,0.057,0.870
96600,0.077,0.055,0.868
96700,0.082,0.054,0.864
96800,0.084,0.053,0.863
96900,0.079,0.051,0.870
97000,0.077,0.045,0.878
97100,0.078,0.040,0.882
97200,0.080,0.041,0.879
97300,0.075,0.041,0.884
97400,0.074,0.044,0.882
97500,0.071,0.044,0.885
97600,0.071,0.048,0.881
97700,0.071,0.052,0.877
97800,0.075,0.051,0.874
97900,0.076,0.048,0.876
98000,0.074,0.045,0.881
98100,0.077,0.050,0.873
98200,0.078,0.050,0.872
98300,0.080,0.045,0.875
98400,0.077,0.042,0.881
98500,0.080,0.044,0.876
98600,0.085,0.042,0.873
98700,0.083,0.043,0.874
98800,0.084,0.047,0.869
98900,0.086,0.042,0.872
99000,0.084,0.044,0.872
99100,0.083,0.048,0.869
99200,0.084,0.050,0.866
99300,0.083,0.049,0.868
99400,0.084,0.054,0.862
99500,0.082,0.052,0.866
99600,0.082,0.058,0.860
99700,0.079,0.059,0.862
99800,0.075,0.063,0.862
99900,0.076,0.056,0.868
100000,0.083,0.054,0.863
