time,n_A+p,n_B,n_AB
500,0.080,0.686,0.234
1000,0.080,0.484,0.436
1500,0.080,0.415,0.505
2000,0.089,0.416,0.495
2500,0.080,0.374,0.546
3000,0.080,0.348,0.572
3500,0.080,0.338,0.583
4000,0.080,0.325,0.596
4500,0.080,0.331,0.590
5000,0.080,0.299,0.621
5500,0.085,0.294,0.621
6000,0.086,0.318,0.595
6500,0.081,0.283,0.636
7000,0.095,0.259,0.646
7500,0.084,0.315,0.602
8000,0.081,0.356,0.562
8500,0.080,0.370,0.550
9000,0.083,0.326,0.592
9500,0.089,0.265,0.646
10000,0.086,0.374,0.539
10500,0.080,0.435,0.485
11000,0.080,0.336,0.585
11500,0.080,0.334,0.587
12000,0.084,0.336,0.580
12500,0.085,0.324,0.591
13000,0.082,0.270,0.648
13500,0.080,0.314,0.606
14000,0.085,0.261,0.654
14500,0.091,0.260,0.649
15000,0.093,0.292,0.614
15500,0.088,0.323,0.589
16000,0.091,0.247,0.662
16500,0.091,0.231,0.678
17000,0.086,0.268,0.645
17500,0.081,0.291,0.629
18000,0.085,0.272,0.643
18500,0.091,0.260,0.649
19000,0.088,0.297,0.614
19500,0.081,0.301,0.618
20000,0.081,0.300,0.619
20500,0.081,0.352,0.568
21000,0.086,0.280,0.635
21500,0.085,0.359,0.556
22000,0.081,0.348,0.571
22500,0.080,0.348,0.572
23000,0.080,0.337,0.583
23500,0.083,0.378,0.540
24000,0.080,0.329,0.591
24500,0.080,0.329,0.592
25000,0.080,0.341,0.579
25500,0.085,0.289,0.627
26000,0.086,0.304,0.610
26500,0.089,0.269,0.642
27000,0.090,0.226,0.684
27500,0.097,0.235,0.667
28000,0.148,0.112,0.740
28500,0.387,0.036,0.577
29000,0.836,0.002,0.162
29500,0.973,0.001,0.027
30000,0.995,0.000,0.005
30500,0.999,0.000,0.001
31000,1.000,0.000,0.000
