time,n_A+p,n_B,n_AB
500,0.080,0.728,0.192
1000,0.080,0.498,0.422
1500,0.082,0.379,0.539
2000,0.081,0.331,0.589
2500,0.088,0.277,0.635
3000,0.091,0.240,0.668
3500,0.121,0.168,0.711
4000,0.123,0.169,0.709
4500,0.292,0.046,0.661
5000,0.674,0.003,0.323
5500,0.896,0.001,0.103
6000,0.931,0.000,0.069
6500,0.991,0.000,0.009
7000,1.000,0.000,0.000
7500,1.000,0.000,0.000
