time,n_A+p,n_B,n_AB
100,0.030,0.969,0.001
200,0.030,0.961,0.009
300,0.031,0.952,0.017
400,0.032,0.937,0.031
500,0.032,0.934,0.034
600,0.033,0.928,0.039
700,0.033,0.926,0.041
800,0.032,0.922,0.046
900,0.032,0.922,0.046
1000,0.032,0.917,0.051
1100,0.032,0.919,0.049
1200,0.032,0.919,0.049
1300,0.032,0.917,0.051
1400,0.031,0.914,0.055
1500,0.031,0.917,0.052
1600,0.031,0.914,0.055
1700,0.031,0.909,0.060
1800,0.031,0.899,0.070
1900,0.031,0.899,0.070
2000,0.030,0.897,0.073
2100,0.030,0.893,0.077
2200,0.030,0.892,0.078
2300,0.030,0.886,0.084
2400,0.030,0.877,0.093
2500,0.031,0.876,0.093
2600,0.034,0.875,0.091
2700,0.035,0.876,0.089
2800,0.034,0.871,0.095
2900,0.034,0.864,0.102
3000,0.033,0.861,0.106
3100,0.034,0.852,0.114
3200,0.036,0.846,0.118
3300,0.036,0.850,0.114
3400,0.036,0.851,0.113
3500,0.037,0.843,0.120
3600,0.035,0.846,0.119
3700,0.035,0.843,0.122
3800,0.034,0.830,0.136
3900,0.035,0.828,0.137
4000,0.034,0.821,0.145
4100,0.037,0.818,0.145
4200,0.040,0.806,0.154
4300,0.043,0.796,0.161
4400,0.042,0.781,0.177
4500,0.045,0.777,0.178
4600,0.045,0.764,0.191
4700,0.049,0.755,0.196
4800,0.047,0.754,0.199
4900,0.046,0.749,0.205
5000,0.044,0.745,0.211
5100,0.041,0.748,0.211
5200,0.039,0.749,0.212
5300,0.043,0.747,0.210
5400,0.046,0.741,0.213
5500,0.046,0.730,0.224
5600,0.045,0.724,0.231
5700,0.043,0.720,0.237
5800,0.051,0.727,0.222
5900,0.051,0.719,0.230
6000,0.049,0.723,0.228
6100,0.053,0.714,0.233
6200,0.056,0.712,0.232
6300,0.063,0.701,0.236
6400,0.064,0.691,0.245
6500,0.066,0.688,0.246
6600,0.065,0.689,0.246
6700,0.064,0.692,0.244
6800,0.068,0.683,0.249
6900,0.067,0.676,0.257
7000,0.064,0.680,0.256
7100,0.061,0.675,0.264
7200,0.062,0.668,0.270
7300,0.066,0.676,0.258
7400,0.066,0.666,0.268
7500,0.065,0.669,0.266
7600,0.067,0.669,0.264
7700,0.064,0.681,0.255
7800,0.064,0.684,0.252
7900,0.067,0.687,0.246
8000,0.064,0.684,0.252
8100,0.068,0.676,0.256
8200,0.067,0.679,0.254
8300,0.072,0.670,0.258
8400,0.071,0.661,0.268
8500,0.074,0.654,0.272
8600,0.072,0.646,0.282
8700,0.073,0.642,0.285
8800,0.076,0.653,0.271
8900,0.088,0.643,0.269
9000,0.087,0.650,0.263
9100,0.080,0.641,0.279
9200,0.082,0.645,0.273
9300,0.088,0.633,0.279
9400,0.085,0.624,0.291
9500,0.083,0.623,0.294
9600,0.082,0.618,0.300
9700,0.087,0.623,0.290
9800,0.085,0.624,0.291
9900,0.088,0.617,0.295
10000,0.090,0.613,0.297
10100,0.092,0.615,0.293
10200,0.086,0.621,0.293
10300,0.084,0.622,0.294
10400,0.085,0.623,0.292
10500,0.088,0.622,0.290
10600,0.087,0.618,0.295
10700,0.088,0.613,0.299
10800,0.079,0.609,0.312
10900,0.088,0.612,0.300
11000,0.086,0.613,0.301
11100,0.093,0.598,0.309
11200,0.090,0.586,0.324
11300,0.094,0.583,0.323
11400,0.099,0.570,0.331
11500,0.097,0.570,0.333
11600,0.110,0.561,0.329
11700,0.113,0.559,0.328
11800,0.118,0.565,0.317
11900,0.125,0.564,0.311
12000,0.125,0.565,0.310
12100,0.129,0.570,0.301
12200,0.131,0.562,0.307
12300,0.124,0.553,0.323
12400,0.124,0.557,0.319
12500,0.116,0.558,0.326
12600,0.112,0.549,0.339
12700,0.112,0.554,0.334
12800,0.113,0.549,0.338
12900,0.125,0.541,0.334
13000,0.115,0.530,0.355
13100,0.117,0.513,0.370
13200,0.118,0.517,0.365
13300,0.124,0.521,0.355
13400,0.123,0.517,0.360
13500,0.130,0.501,0.369
13600,0.135,0.509,0.356
13700,0.128,0.509,0.363
13800,0.140,0.510,0.350
13900,0.142,0.508,0.350
14000,0.144,0.510,0.346
14100,0.139,0.504,0.357
14200,0.135,0.499,0.366
14300,0.137,0.486,0.377
14400,0.132,0.491,0.377
14500,0.138,0.481,0.381
14600,0.145,0.480,0.375
14700,0.146,0.477,0.377
14800,0.143,0.478,0.379
14900,0.143,0.474,0.383
15000,0.140,0.479,0.381
15100,0.141,0.469,0.390
15200,0.151,0.461,0.388
15300,0.150,0.454,0.396
15400,0.148,0.444,0.408
15500,0.158,0.436,0.406
15600,0.160,0.439,0.401
15700,0.156,0.449,0.395
15800,0.155,0.438,0.407
15900,0.168,0.437,0.395
16000,0.159,0.439,0.402
16100,0.160,0.438,0.402
16200,0.158,0.433,0.409
16300,0.166,0.431,0.403
16400,0.174,0.423,0.403
16500,0.172,0.429,0.399
16600,0.174,0.430,0.396
16700,0.172,0.422,0.406
16800,0.164,0.419,0.417
16900,0.162,0.425,0.413
17000,0.167,0.415,0.418
17100,0.173,0.413,0.414
17200,0.175,0.415,0.410
17300,0.190,0.410,0.400
17400,0.189,0.401,0.410
17500,0.190,0.392,0.418
17600,0.179,0.391,0.430
17700,0.189,0.380,0.431
17800,0.187,0.382,0.431
17900,0.176,0.381,0.443
18000,0.181,0.370,0.449
18100,0.184,0.381,0.435
18200,0.193,0.377,0.430
18300,0.191,0.393,0.416
18400,0.186,0.389,0.425
18500,0.192,0.390,0.418
18600,0.193,0.393,0.414
18700,0.184,0.404,0.412
18800,0.191,0.405,0.404
18900,0.196,0.401,0.403
19000,0.209,0.398,0.393
19100,0.206,0.400,0.394
19200,0.220,0.395,0.385
19300,0.224,0.394,0.382
19400,0.221,0.381,0.398
19500,0.221,0.372,0.407
19600,0.219,0.373,0.408
19700,0.219,0.368,0.413
19800,0.218,0.382,0.400
19900,0.208,0.380,0.412
20000,0.206,0.380,0.414
20100,0.213,0.377,0.410
20200,0.208,0.365,0.427
20300,0.212,0.365,0.423
20400,0.215,0.363,0.422
20500,0.221,0.359,0.420
20600,0.212,0.360,0.428
20700,0.219,0.344,0.437
20800,0.221,0.346,0.433
20900,0.228,0.338,0.434
21000,0.220,0.340,0.440
21100,0.212,0.344,0.444
21200,0.221,0.353,0.426
21300,0.231,0.349,0.420
21400,0.221,0.350,0.429
21500,0.225,0.356,0.419
21600,0.233,0.362,0.405
21700,0.230,0.356,0.414
21800,0.220,0.369,0.411
21900,0.229,0.371,0.400
22000,0.235,0.369,0.396
22100,0.237,0.361,0.402
22200,0.238,0.346,0.416
22300,0.240,0.356,0.404
22400,0.236,0.346,0.418
22500,0.226,0.345,0.429
22600,0.238,0.338,0.424
22700,0.252,0.337,0.411
22800,0.252,0.315,0.433
22900,0.249,0.310,0.441
23000,0.248,0.322,0.430
23100,0.240,0.328,0.432
23200,0.230,0.330,0.440
23300,0.224,0.334,0.442
23400,0.230,0.340,0.430
23500,0.222,0.338,0.440
23600,0.223,0.339,0.438
23700,0.231,0.333,0.436
23800,0.229,0.341,0.430
23900,0.227,0.344,0.429
24000,0.221,0.340,0.439
24100,0.229,0.329,0.442
24200,0.215,0.333,0.452
24300,0.217,0.329,0.454
24400,0.228,0.329,0.443
24500,0.220,0.337,0.443
24600,0.215,0.338,0.447
24700,0.242,0.331,0.427
24800,0.238,0.339,0.423
24900,0.247,0.342,0.411
25000,0.248,0.352,0.400
25100,0.256,0.351,0.393
25200,0.249,0.339,0.412
25300,0.238,0.336,0.426
25400,0.252,0.322,0.426
25500,0.254,0.317,0.429
25600,0.252,0.316,0.432
25700,0.255,0.305,0.440
25800,0.252,0.309,0.439
25900,0.251,0.306,0.443
26000,0.257,0.297,0.446
26100,0.253,0.314,0.433
26200,0.254,0.317,0.429
26300,0.256,0.311,0.433
26400,0.260,0.320,0.420
26500,0.262,0.327,0.411
26600,0.258,0.334,0.408
26700,0.259,0.321,0.420
26800,0.254,0.319,0.427
26900,0.260,0.306,0.434
27000,0.253,0.293,0.454
27100,0.253,0.284,0.463
27200,0.262,0.284,0.454
27300,0.271,0.288,0.441
27400,0.282,0.304,0.414
27500,0.281,0.289,0.430
27600,0.287,0.287,0.426
27700,0.281,0.283,0.436
27800,0.292,0.277,0.431
27900,0.287,0.280,0.433
28000,0.279,0.276,0.445
28100,0.274,0.282,0.444
28200,0.277,0.280,0.443
28300,0.269,0.286,0.445
28400,0.269,0.279,0.452
28500,0.267,0.274,0.459
28600,0.256,0.280,0.464
28700,0.263,0.270,0.467
28800,0.259,0.274,0.467
28900,0.258,0.278,0.464
29000,0.259,0.270,0.471
29100,0.254,0.280,0.466
29200,0.254,0.283,0.463
29300,0.254,0.279,0.467
29400,0.255,0.279,0.466
29500,0.264,0.286,0.450
29600,0.279,0.278,0.443
29700,0.276,0.290,0.434
29800,0.272,0.301,0.427
29900,0.276,0.296,0.428
30000,0.289,0.296,0.415
30100,0.291,0.291,0.418
30200,0.291,0.289,0.420
30300,0.295,0.284,0.421
30400,0.300,0.266,0.434
30500,0.301,0.265,0.434
30600,0.296,0.264,0.440
30700,0.287,0.266,0.447
30800,0.286,0.269,0.445
30900,0.295,0.272,0.433
31000,0.305,0.262,0.433
31100,0.307,0.259,0.434
31200,0.306,0.255,0.439
31300,0.302,0.254,0.444
31400,0.303,0.246,0.451
31500,0.304,0.243,0.453
31600,0.295,0.249,0.456
31700,0.291,0.252,0.457
31800,0.299,0.250,0.451
31900,0.299,0.254,0.447
32000,0.301,0.248,0.451
32100,0.311,0.247,0.442
32200,0.312,0.257,0.431
32300,0.326,0.253,0.421
32400,0.336,0.259,0.405
32500,0.320,0.261,0.419
32600,0.318,0.255,0.427
32700,0.321,0.252,0.427
32800,0.324,0.242,0.434
32900,0.316,0.248,0.436
33000,0.308,0.253,0.439
33100,0.313,0.243,0.444
33200,0.311,0.248,0.441
33300,0.305,0.256,0.439
33400,0.307,0.243,0.450
33500,0.303,0.249,0.448
33600,0.307,0.252,0.441
33700,0.308,0.253,0.439
33800,0.307,0.251,0.442
33900,0.309,0.255,0.436
34000,0.312,0.256,0.432
34100,0.308,0.256,0.436
34200,0.310,0.266,0.424
34300,0.311,0.260,0.429
34400,0.308,0.259,0.433
34500,0.302,0.255,0.443
34600,0.310,0.250,0.440
34700,0.317,0.251,0.432
34800,0.307,0.262,0.431
34900,0.312,0.264,0.424
35000,0.310,0.271,0.419
35100,0.325,0.262,0.413
35200,0.313,0.259,0.428
35300,0.325,0.251,0.424
35400,0.312,0.258,0.430
35500,0.321,0.256,0.423
35600,0.324,0.260,0.416
35700,0.319,0.261,0.420
35800,0.313,0.250,0.437
35900,0.314,0.249,0.437
36000,0.323,0.260,0.417
36100,0.331,0.258,0.411
36200,0.322,0.252,0.426
36300,0.331,0.247,0.422
36400,0.322,0.240,0.438
36500,0.322,0.247,0.431
36600,0.329,0.239,0.432
36700,0.315,0.240,0.445
36800,0.305,0.243,0.452
36900,0.311,0.253,0.436
37000,0.315,0.245,0.440
37100,0.307,0.251,0.442
37200,0.297,0.248,0.455
37300,0.295,0.247,0.458
37400,0.296,0.244,0.460
37500,0.293,0.237,0.470
37600,0.288,0.234,0.478
37700,0.292,0.237,0.471
37800,0.293,0.227,0.480
37900,0.296,0.226,0.478
38000,0.294,0.223,0.483
38100,0.296,0.226,0.478
38200,0.309,0.216,0.475
38300,0.292,0.224,0.484
38400,0.288,0.228,0.484
38500,0.294,0.227,0.479
38600,0.298,0.219,0.483
38700,0.299,0.218,0.483
38800,0.304,0.220,0.476
38900,0.317,0.237,0.446
39000,0.319,0.239,0.442
39100,0.332,0.237,0.431
39200,0.333,0.249,0.418
39300,0.320,0.256,0.424
39400,0.323,0.256,0.421
39500,0.343,0.254,0.403
39600,0.339,0.263,0.398
39700,0.333,0.255,0.412
39800,0.331,0.266,0.403
39900,0.337,0.249,0.414
40000,0.332,0.252,0.416
40100,0.339,0.244,0.417
40200,0.336,0.248,0.416
40300,0.331,0.249,0.420
40400,0.322,0.243,0.435
40500,0.318,0.243,0.439
40600,0.327,0.236,0.437
40700,0.333,0.230,0.437
40800,0.339,0.217,0.444
40900,0.347,0.209,0.444
41000,0.356,0.206,0.438
41100,0.359,0.201,0.440
41200,0.370,0.193,0.437
41300,0.374,0.199,0.427
41400,0.377,0.197,0.426
41500,0.380,0.196,0.424
41600,0.388,0.191,0.421
41700,0.386,0.174,0.440
41800,0.392,0.175,0.433
41900,0.386,0.179,0.435
42000,0.383,0.178,0.439
42100,0.393,0.184,0.423
42200,0.391,0.194,0.415
42300,0.399,0.192,0.409
42400,0.394,0.198,0.408
42500,0.400,0.187,0.413
42600,0.401,0.186,0.413
42700,0.394,0.186,0.420
42800,0.387,0.182,0.431
42900,0.392,0.183,0.425
43000,0.394,0.178,0.428
43100,0.389,0.184,0.427
43200,0.393,0.188,0.419
43300,0.400,0.186,0.414
43400,0.393,0.185,0.422
43500,0.385,0.190,0.425
43600,0.395,0.191,0.414
43700,0.400,0.187,0.413
43800,0.397,0.188,0.415
43900,0.396,0.190,0.414
44000,0.398,0.190,0.412
44100,0.402,0.180,0.418
44200,0.406,0.180,0.414
44300,0.404,0.174,0.422
44400,0.409,0.169,0.422
44500,0.403,0.172,0.425
44600,0.398,0.170,0.432
44700,0.393,0.187,0.420
44800,0.400,0.183,0.417
44900,0.400,0.191,0.409
45000,0.391,0.188,0.421
45100,0.395,0.189,0.416
45200,0.387,0.179,0.434
45300,0.394,0.173,0.433
45400,0.395,0.176,0.429
45500,0.388,0.184,0.428
45600,0.397,0.181,0.422
45700,0.390,0.184,0.426
45800,0.390,0.185,0.425
45900,0.385,0.189,0.426
46000,0.379,0.189,0.432
46100,0.375,0.188,0.437
46200,0.384,0.185,0.431
46300,0.387,0.186,0.427
46400,0.393,0.185,0.422
46500,0.388,0.183,0.429
46600,0.392,0.182,0.426
46700,0.396,0.181,0.423
46800,0.393,0.190,0.417
46900,0.390,0.187,0.423
47000,0.412,0.180,0.408
47100,0.420,0.175,0.405
47200,0.419,0.181,0.400
47300,0.417,0.179,0.404
47400,0.416,0.178,0.406
47500,0.421,0.180,0.399
47600,0.424,0.179,0.397
47700,0.431,0.175,0.394
47800,0.430,0.174,0.396
47900,0.423,0.173,0.404
48000,0.410,0.174,0.416
48100,0.410,0.174,0.416
48200,0.423,0.166,0.411
48300,0.420,0.177,0.403
48400,0.423,0.169,0.408
48500,0.420,0.158,0.422
48600,0.432,0.153,0.415
48700,0.436,0.151,0.413
48800,0.435,0.154,0.411
48900,0.435,0.153,0.412
49000,0.434,0.156,0.410
49100,0.439,0.150,0.411
49200,0.448,0.143,0.409
49300,0.447,0.156,0.397
49400,0.455,0.155,0.390
49500,0.455,0.145,0.400
49600,0.461,0.143,0.396
49700,0.463,0.138,0.399
49800,0.462,0.136,0.402
49900,0.471,0.138,0.391
50000,0.467,0.141,0.392
50100,0.471,0.145,0.384
50200,0.473,0.144,0.383
50300,0.469,0.136,0.395
50400,0.470,0.145,0.385
50500,0.471,0.157,0.372
50600,0.465,0.157,0.378
50700,0.465,0.164,0.371
50800,0.470,0.170,0.360
50900,0.467,0.172,0.361
51000,0.470,0.164,0.366
51100,0.473,0.165,0.362
51200,0.470,0.173,0.357
51300,0.470,0.168,0.362
51400,0.467,0.163,0.370
51500,0.458,0.146,0.396
51600,0.464,0.150,0.386
51700,0.460,0.155,0.385
51800,0.452,0.152,0.396
51900,0.456,0.154,0.390
52000,0.449,0.145,0.406
52100,0.457,0.140,0.403
52200,0.470,0.148,0.382
52300,0.467,0.158,0.375
52400,0.479,0.150,0.371
52500,0.481,0.143,0.376
52600,0.483,0.146,0.371
52700,0.486,0.145,0.369
52800,0.477,0.137,0.386
52900,0.482,0.134,0.384
53000,0.490,0.133,0.377
53100,0.469,0.131,0.400
53200,0.473,0.140,0.387
53300,0.473,0.135,0.392
53400,0.464,0.138,0.398
53500,0.460,0.136,0.404
53600,0.461,0.139,0.400
53700,0.465,0.142,0.393
53800,0.444,0.147,0.409
53900,0.445,0.144,0.411
54000,0.438,0.153,0.409
54100,0.458,0.146,0.396
54200,0.455,0.142,0.403
54300,0.456,0.142,0.402
54400,0.454,0.149,0.397
54500,0.450,0.154,0.396
54600,0.438,0.152,0.410
54700,0.450,0.153,0.397
54800,0.459,0.157,0.384
54900,0.456,0.155,0.389
55000,0.463,0.154,0.383
55100,0.461,0.159,0.380
55200,0.458,0.150,0.392
55300,0.460,0.152,0.388
55400,0.460,0.148,0.392
55500,0.469,0.144,0.387
55600,0.459,0.145,0.396
55700,0.460,0.140,0.400
55800,0.469,0.144,0.387
55900,0.468,0.136,0.396
56000,0.471,0.122,0.407
56100,0.474,0.115,0.411
56200,0.493,0.111,0.396
56300,0.490,0.120,0.390
56400,0.483,0.115,0.402
56500,0.490,0.127,0.383
56600,0.490,0.125,0.385
56700,0.491,0.128,0.381
56800,0.483,0.136,0.381
56900,0.484,0.143,0.373
57000,0.491,0.140,0.369
57100,0.498,0.135,0.367
57200,0.493,0.133,0.374
57300,0.478,0.130,0.392
57400,0.475,0.133,0.392
57500,0.485,0.129,0.386
57600,0.493,0.122,0.385
57700,0.497,0.122,0.381
57800,0.505,0.119,0.376
57900,0.515,0.107,0.378
58000,0.514,0.105,0.381
58100,0.527,0.099,0.374
58200,0.526,0.097,0.377
58300,0.530,0.098,0.372
58400,0.532,0.098,0.370
58500,0.532,0.110,0.358
58600,0.529,0.102,0.369
58700,0.522,0.108,0.370
58800,0.507,0.105,0.388
58900,0.514,0.106,0.380
59000,0.522,0.106,0.372
59100,0.525,0.105,0.370
59200,0.532,0.097,0.371
59300,0.529,0.101,0.370
59400,0.515,0.105,0.380
59500,0.512,0.109,0.379
59600,0.511,0.107,0.382
59700,0.515,0.099,0.386
59800,0.515,0.108,0.377
59900,0.523,0.124,0.353
60000,0.518,0.127,0.355
60100,0.519,0.120,0.361
60200,0.503,0.125,0.372
60300,0.499,0.121,0.380
60400,0.496,0.115,0.389
60500,0.489,0.120,0.391
60600,0.486,0.119,0.395
60700,0.477,0.115,0.408
60800,0.475,0.121,0.404
60900,0.462,0.127,0.411
61000,0.462,0.124,0.414
61100,0.459,0.124,0.417
61200,0.454,0.134,0.412
61300,0.452,0.138,0.410
61400,0.456,0.144,0.400
61500,0.458,0.150,0.392
61600,0.453,0.154,0.393
61700,0.459,0.149,0.392
61800,0.449,0.157,0.394
61900,0.438,0.156,0.406
62000,0.425,0.158,0.417
62100,0.428,0.159,0.413
62200,0.426,0.175,0.399
62300,0.416,0.171,0.413
62400,0.418,0.172,0.410
62500,0.422,0.183,0.395
62600,0.435,0.179,0.386
62700,0.442,0.169,0.389
62800,0.436,0.176,0.388
62900,0.439,0.172,0.389
63000,0.444,0.165,0.391
63100,0.432,0.171,0.397
63200,0.433,0.162,0.405
63300,0.423,0.169,0.408
63400,0.414,0.172,0.414
63500,0.391,0.169,0.440
63600,0.389,0.159,0.452
63700,0.396,0.153,0.451
63800,0.389,0.159,0.452
63900,0.393,0.167,0.440
64000,0.393,0.178,0.429
64100,0.386,0.187,0.427
64200,0.379,0.194,0.427
64300,0.385,0.199,0.416
64400,0.389,0.201,0.410
64500,0.393,0.193,0.414
64600,0.391,0.196,0.413
64700,0.389,0.186,0.425
64800,0.401,0.180,0.419
64900,0.396,0.167,0.437
65000,0.400,0.161,0.439
65100,0.407,0.156,0.437
65200,0.409,0.152,0.439
65300,0.425,0.155,0.420
65400,0.426,0.151,0.423
65500,0.435,0.146,0.419
65600,0.428,0.153,0.419
65700,0.434,0.154,0.412
65800,0.435,0.163,0.402
65900,0.438,0.162,0.400
66000,0.434,0.159,0.407
66100,0.429,0.161,0.410
66200,0.437,0.165,0.398
66300,0.451,0.163,0.386
66400,0.438,0.153,0.409
66500,0.446,0.157,0.397
66600,0.440,0.157,0.403
66700,0.431,0.159,0.410
66800,0.415,0.164,0.421
66900,0.416,0.163,0.421
67000,0.415,0.167,0.418
67100,0.416,0.169,0.415
67200,0.415,0.167,0.418
67300,0.414,0.164,0.422
67400,0.415,0.159,0.426
67500,0.416,0.158,0.426
67600,0.414,0.160,0.426
67700,0.418,0.158,0.424
67800,0.424,0.164,0.412
67900,0.420,0.162,0.418
68000,0.405,0.177,0.418
68100,0.401,0.179,0.420
68200,0.399,0.188,0.413
68300,0.390,0.181,0.429
68400,0.395,0.177,0.428
68500,0.402,0.167,0.431
68600,0.396,0.166,0.438
68700,0.396,0.156,0.448
68800,0.395,0.155,0.450
68900,0.394,0.156,0.450
69000,0.399,0.149,0.452
69100,0.421,0.155,0.424
69200,0.413,0.142,0.445
69300,0.401,0.150,0.449
69400,0.395,0.149,0.456
69500,0.398,0.149,0.453
69600,0.410,0.161,0.429
69700,0.421,0.162,0.417
69800,0.429,0.161,0.410
69900,0.431,0.162,0.407
70000,0.434,0.162,0.404
70100,0.443,0.163,0.394
70200,0.444,0.159,0.397
70300,0.441,0.156,0.403
70400,0.442,0.161,0.397
70500,0.443,0.157,0.400
70600,0.447,0.157,0.396
70700,0.443,0.154,0.403
70800,0.443,0.162,0.395
70900,0.443,0.159,0.398
71000,0.441,0.152,0.407
71100,0.445,0.148,0.407
71200,0.442,0.143,0.415
71300,0.448,0.150,0.402
71400,0.439,0.146,0.415
71500,0.451,0.159,0.390
71600,0.457,0.144,0.399
71700,0.471,0.141,0.388
71800,0.490,0.144,0.366
71900,0.487,0.141,0.372
72000,0.496,0.140,0.364
72100,0.489,0.134,0.377
72200,0.489,0.132,0.379
72300,0.489,0.130,0.381
72400,0.481,0.127,0.392
72500,0.479,0.139,0.382
72600,0.487,0.134,0.379
72700,0.503,0.141,0.356
72800,0.502,0.136,0.362
72900,0.504,0.135,0.361
73000,0.512,0.133,0.355
73100,0.503,0.133,0.364
73200,0.504,0.134,0.362
73300,0.522,0.133,0.345
73400,0.510,0.126,0.364
73500,0.514,0.128,0.358
73600,0.515,0.125,0.360
73700,0.517,0.129,0.354
73800,0.515,0.125,0.360
73900,0.519,0.122,0.359
74000,0.523,0.122,0.355
74100,0.524,0.120,0.356
74200,0.532,0.111,0.357
74300,0.522,0.112,0.366
74400,0.518,0.111,0.371
74500,0.519,0.109,0.372
74600,0.519,0.117,0.364
74700,0.524,0.116,0.360
74800,0.522,0.115,0.363
74900,0.521,0.118,0.361
75000,0.522,0.123,0.355
75100,0.519,0.128,0.353
75200,0.508,0.127,0.365
75300,0.513,0.124,0.363
75400,0.513,0.129,0.358
75500,0.498,0.128,0.374
75600,0.501,0.122,0.377
75700,0.510,0.124,0.366
75800,0.502,0.121,0.377
75900,0.498,0.115,0.387
76000,0.502,0.116,0.382
76100,0.491,0.120,0.389
76200,0.488,0.124,0.388
76300,0.486,0.126,0.388
76400,0.496,0.124,0.380
76500,0.491,0.126,0.383
76600,0.493,0.123,0.384
76700,0.507,0.127,0.366
76800,0.507,0.130,0.363
76900,0.504,0.129,0.367
77000,0.501,0.124,0.375
77100,0.512,0.116,0.372
77200,0.504,0.123,0.373
77300,0.499,0.118,0.383
77400,0.497,0.119,0.384
77500,0.503,0.117,0.380
77600,0.506,0.115,0.379
77700,0.497,0.116,0.387
77800,0.497,0.117,0.386
77900,0.492,0.119,0.389
78000,0.490,0.117,0.393
78100,0.502,0.110,0.388
78200,0.497,0.109,0.394
78300,0.495,0.116,0.389
78400,0.496,0.125,0.379
78500,0.497,0.120,0.383
78600,0.501,0.114,0.385
78700,0.502,0.119,0.379
78800,0.499,0.119,0.382
78900,0.497,0.117,0.386
79000,0.504,0.124,0.372
79100,0.501,0.117,0.382
79200,0.509,0.111,0.380
79300,0.513,0.117,0.370
79400,0.514,0.123,0.363
79500,0.506,0.132,0.362
79600,0.513,0.124,0.363
79700,0.519,0.123,0.358
79800,0.520,0.130,0.350
79900,0.518,0.122,0.360
80000,0.518,0.125,0.357
80100,0.522,0.118,0.360
80200,0.522,0.115,0.363
80300,0.531,0.113,0.356
80400,0.528,0.107,0.365
80500,0.533,0.105,0.362
80600,0.533,0.104,0.363
80700,0.537,0.101,0.362
80800,0.538,0.097,0.365
80900,0.531,0.103,0.366
81000,0.535,0.100,0.365
81100,0.522,0.102,0.376
81200,0.504,0.106,0.390
81300,0.504,0.110,0.386
81400,0.505,0.114,0.381
81500,0.505,0.116,0.379
81600,0.506,0.116,0.378
81700,0.492,0.118,0.390
81800,0.495,0.122,0.383
81900,0.508,0.121,0.371
82000,0.512,0.122,0.366
82100,0.508,0.118,0.374
82200,0.511,0.117,0.372
82300,0.511,0.105,0.384
82400,0.513,0.110,0.377
82500,0.518,0.118,0.364
82600,0.509,0.124,0.367
82700,0.513,0.118,0.369
82800,0.522,0.111,0.367
82900,0.526,0.105,0.369
83000,0.535,0.105,0.360
83100,0.542,0.099,0.359
83200,0.542,0.109,0.349
83300,0.549,0.104,0.347
83400,0.554,0.105,0.341
83500,0.548,0.101,0.351
83600,0.545,0.102,0.353
83700,0.542,0.094,0.364
83800,0.547,0.087,0.366
83900,0.538,0.090,0.372
84000,0.531,0.102,0.367
84100,0.535,0.098,0.367
84200,0.540,0.106,0.354
84300,0.544,0.099,0.357
84400,0.539,0.107,0.354
84500,0.542,0.112,0.346
84600,0.536,0.110,0.354
84700,0.530,0.121,0.349
84800,0.545,0.123,0.332
84900,0.558,0.123,0.319
85000,0.546,0.124,0.330
85100,0.551,0.115,0.334
85200,0.545,0.099,0.356
85300,0.544,0.095,0.361
85400,0.536,0.099,0.365
85500,0.540,0.103,0.357
85600,0.541,0.097,0.362
85700,0.543,0.094,0.363
85800,0.539,0.096,0.365
85900,0.538,0.097,0.365
86000,0.532,0.109,0.359
86100,0.544,0.113,0.343
86200,0.537,0.112,0.351
86300,0.529,0.110,0.361
86400,0.523,0.100,0.377
86500,0.520,0.096,0.384
86600,0.525,0.090,0.385
86700,0.530,0.099,0.371
86800,0.521,0.109,0.370
86900,0.529,0.109,0.362
87000,0.520,0.113,0.367
87100,0.524,0.113,0.363
87200,0.518,0.109,0.373
87300,0.508,0.113,0.379
87400,0.518,0.113,0.369
87500,0.512,0.109,0.379
87600,0.506,0.113,0.381
87700,0.507,0.109,0.384
87800,0.512,0.102,0.386
87900,0.521,0.112,0.367
88000,0.542,0.114,0.344
88100,0.548,0.107,0.345
88200,0.544,0.115,0.341
88300,0.536,0.109,0.355
88400,0.522,0.108,0.370
88500,0.524,0.120,0.356
88600,0.532,0.115,0.353
88700,0.532,0.114,0.354
88800,0.535,0.114,0.351
88900,0.534,0.114,0.352
89000,0.532,0.116,0.352
89100,0.531,0.114,0.355
89200,0.533,0.105,0.362
89300,0.531,0.102,0.367
89400,0.541,0.101,0.358
89500,0.545,0.100,0.355
89600,0.531,0.102,0.367
89700,0.539,0.094,0.367
89800,0.548,0.087,0.365
89900,0.552,0.092,0.356
90000,0.542,0.093,0.365
90100,0.545,0.089,0.366
90200,0.548,0.089,0.363
90300,0.549,0.090,0.361
90400,0.552,0.091,0.357
90500,0.561,0.095,0.344
90600,0.567,0.094,0.339
90700,0.566,0.090,0.344
90800,0.560,0.096,0.344
90900,0.559,0.098,0.343
91000,0.559,0.096,0.345
91100,0.558,0.093,0.349
91200,0.558,0.096,0.346
91300,0.562,0.097,0.341
91400,0.581,0.092,0.327
91500,0.587,0.082,0.331
91600,0.604,0.085,0.311
91700,0.606,0.088,0.306
91800,0.610,0.079,0.311
91900,0.613,0.075,0.312
92000,0.605,0.071,0.324
92100,0.595,0.069,0.336
92200,0.597,0.071,0.332
92300,0.593,0.079,0.328
92400,0.609,0.081,0.310
92500,0.609,0.078,0.313
92600,0.610,0.074,0.316
92700,0.626,0.069,0.305
92800,0.629,0.066,0.305
92900,0.621,0.069,0.310
93000,0.623,0.060,0.317
93100,0.627,0.058,0.315
93200,0.635,0.056,0.309
93300,0.628,0.051,0.321
93400,0.642,0.051,0.307
93500,0.644,0.053,0.303
93600,0.647,0.053,0.300
93700,0.652,0.052,0.296
93800,0.642,0.053,0.305
93900,0.640,0.052,0.308
94000,0.643,0.055,0.302
94100,0.648,0.052,0.300
94200,0.656,0.053,0.291
94300,0.657,0.055,0.288
94400,0.655,0.051,0.294
94500,0.652,0.053,0.295
94600,0.653,0.054,0.293
94700,0.648,0.056,0.296
94800,0.650,0.058,0.292
94900,0.656,0.063,0.281
95000,0.653,0.058,0.289
95100,0.652,0.068,0.280
95200,0.648,0.063,0.289
95300,0.650,0.066,0.284
95400,0.650,0.063,0.287
95500,0.644,0.061,0.295
95600,0.646,0.060,0.294
95700,0.643,0.056,0.301
95800,0.653,0.057,0.290
95900,0.646,0.059,0.295
96000,0.653,0.055,0.292
96100,0.652,0.048,0.300
96200,0.655,0.052,0.293
96300,0.656,0.051,0.293
96400,0.656,0.056,0.288
96500,0.647,0.061,0.292
96600,0.652,0.059,0.289
96700,0.659,0.056,0.285
96800,0.663,0.053,0.284
96900,0.660,0.052,0.288
97000,0.663,0.049,0.288
97100,0.660,0.055,0.285
97200,0.661,0.055,0.284
97300,0.659,0.058,0.283
97400,0.655,0.060,0.285
97500,0.649,0.057,0.294
97600,0.651,0.056,0.293
97700,0.666,0.059,0.275
97800,0.686,0.057,0.257
97900,0.687,0.060,0.253
98000,0.687,0.057,0.256
98100,0.693,0.056,0.251
98200,0.695,0.054,0.251
98300,0.697,0.052,0.251
98400,0.693,0.049,0.258
98500,0.691,0.050,0.259
98600,0.695,0.045,0.260
98700,0.691,0.050,0.259
98800,0.692,0.050,0.258
98900,0.698,0.047,0.255
99000,0.694,0.044,0.262
99100,0.694,0.040,0.266
99200,0.689,0.039,0.272
99300,0.690,0.037,0.273
99400,0.691,0.040,0.269
99500,0.687,0.037,0.276
99600,0.687,0.036,0.277
99700,0.685,0.034,0.281
99800,0.688,0.031,0.281
99900,0.676,0.036,0.288
100000,0.677,0.042,0.281
