time,n_A+p,n_B,n_AB
500,0.050,0.899,0.051
1000,0.050,0.882,0.068
1500,0.050,0.873,0.077
2000,0.050,0.861,0.089
2500,0.050,0.869,0.081
3000,0.050,0.842,0.108
3500,0.050,0.861,0.089
4000,0.050,0.864,0.086
4500,0.050,0.831,0.119
5000,0.050,0.790,0.159
5500,0.050,0.827,0.123
6000,0.050,0.835,0.115
6500,0.050,0.835,0.115
7000,0.050,0.809,0.141
7500,0.050,0.792,0.158
8000,0.050,0.785,0.164
8500,0.050,0.808,0.142
9000,0.050,0.794,0.155
9500,0.050,0.806,0.143
10000,0.050,0.834,0.116
10500,0.050,0.831,0.119
11000,0.050,0.832,0.118
11500,0.050,0.833,0.117
12000,0.050,0.829,0.121
12500,0.050,0.818,0.132
13000,0.050,0.814,0.136
13500,0.050,0.825,0.125
14000,0.050,0.833,0.117
14500,0.050,0.835,0.115
15000,0.050,0.822,0.128
15500,0.050,0.816,0.134
16000,0.050,0.814,0.136
16500,0.050,0.809,0.141
17000,0.050,0.831,0.119
17500,0.050,0.846,0.104
18000,0.050,0.874,0.076
18500,0.050,0.869,0.081
19000,0.050,0.866,0.084
19500,0.050,0.867,0.083
20000,0.050,0.840,0.110
20500,0.050,0.855,0.095
21000,0.050,0.852,0.098
21500,0.050,0.840,0.110
22000,0.050,0.827,0.123
22500,0.050,0.821,0.129
23000,0.050,0.839,0.111
23500,0.050,0.851,0.099
24000,0.050,0.829,0.121
24500,0.050,0.821,0.129
25000,0.050,0.829,0.121
25500,0.050,0.827,0.123
26000,0.051,0.822,0.127
26500,0.051,0.811,0.137
27000,0.051,0.808,0.141
27500,0.051,0.807,0.142
28000,0.050,0.804,0.146
28500,0.050,0.801,0.148
29000,0.050,0.825,0.125
29500,0.050,0.846,0.104
30000,0.050,0.806,0.143
30500,0.050,0.831,0.119
31000,0.050,0.832,0.118
31500,0.050,0.857,0.093
32000,0.050,0.855,0.095
32500,0.050,0.850,0.100
33000,0.050,0.870,0.080
33500,0.050,0.838,0.112
34000,0.050,0.828,0.122
34500,0.050,0.836,0.114
35000,0.050,0.845,0.105
35500,0.050,0.841,0.109
36000,0.050,0.816,0.134
36500,0.050,0.816,0.134
37000,0.050,0.829,0.121
37500,0.050,0.838,0.112
38000,0.050,0.837,0.113
38500,0.050,0.812,0.138
39000,0.050,0.797,0.153
39500,0.050,0.818,0.132
40000,0.050,0.786,0.163
40500,0.050,0.791,0.158
41000,0.050,0.810,0.140
41500,0.050,0.846,0.104
42000,0.050,0.827,0.123
42500,0.050,0.840,0.110
43000,0.050,0.787,0.163
43500,0.050,0.779,0.171
44000,0.050,0.788,0.161
44500,0.050,0.807,0.142
45000,0.050,0.803,0.147
45500,0.050,0.828,0.122
46000,0.050,0.816,0.134
46500,0.050,0.802,0.148
47000,0.050,0.790,0.160
47500,0.050,0.809,0.141
48000,0.050,0.815,0.135
48500,0.050,0.805,0.145
49000,0.050,0.790,0.160
49500,0.050,0.800,0.150
50000,0.050,0.802,0.148
50500,0.050,0.824,0.126
51000,0.050,0.811,0.138
51500,0.050,0.803,0.147
52000,0.050,0.819,0.131
52500,0.050,0.833,0.117
53000,0.050,0.816,0.134
53500,0.050,0.842,0.108
54000,0.050,0.828,0.122
54500,0.050,0.824,0.126
55000,0.050,0.822,0.128
55500,0.050,0.815,0.135
56000,0.050,0.794,0.155
56500,0.050,0.807,0.142
57000,0.050,0.805,0.145
57500,0.050,0.811,0.139
58000,0.050,0.812,0.138
58500,0.050,0.835,0.115
59000,0.050,0.791,0.158
59500,0.050,0.794,0.155
60000,0.050,0.785,0.164
60500,0.050,0.807,0.142
61000,0.050,0.809,0.140
61500,0.050,0.832,0.118
62000,0.050,0.835,0.115
62500,0.050,0.842,0.108
63000,0.050,0.825,0.125
63500,0.050,0.835,0.115
64000,0.050,0.837,0.113
64500,0.050,0.846,0.104
65000,0.050,0.858,0.092
65500,0.050,0.825,0.125
66000,0.050,0.815,0.135
66500,0.050,0.803,0.146
67000,0.050,0.807,0.143
67500,0.050,0.821,0.129
68000,0.050,0.812,0.137
68500,0.050,0.832,0.118
69000,0.050,0.842,0.108
69500,0.050,0.853,0.097
70000,0.050,0.840,0.110
70500,0.050,0.826,0.124
71000,0.050,0.845,0.105
71500,0.050,0.833,0.117
72000,0.050,0.821,0.129
72500,0.050,0.808,0.142
73000,0.050,0.821,0.129
73500,0.050,0.794,0.155
74000,0.050,0.811,0.138
74500,0.050,0.824,0.126
75000,0.050,0.832,0.118
75500,0.050,0.822,0.128
76000,0.050,0.790,0.160
76500,0.050,0.786,0.164
77000,0.050,0.804,0.145
77500,0.050,0.821,0.129
78000,0.050,0.830,0.120
78500,0.050,0.821,0.129
79000,0.050,0.826,0.124
79500,0.050,0.808,0.141
80000,0.050,0.807,0.143
80500,0.050,0.822,0.128
81000,0.050,0.842,0.108
81500,0.050,0.831,0.119
82000,0.050,0.816,0.134
82500,0.050,0.819,0.131
83000,0.050,0.824,0.126
83500,0.050,0.820,0.130
84000,0.050,0.824,0.126
84500,0.050,0.847,0.103
85000,0.050,0.862,0.088
85500,0.050,0.855,0.095
86000,0.050,0.857,0.093
86500,0.050,0.851,0.099
87000,0.050,0.842,0.108
87500,0.050,0.862,0.088
88000,0.050,0.850,0.100
88500,0.050,0.862,0.088
89000,0.050,0.827,0.123
89500,0.050,0.819,0.131
90000,0.050,0.796,0.153
90500,0.050,0.817,0.133
91000,0.050,0.845,0.105
91500,0.050,0.846,0.104
92000,0.050,0.841,0.109
92500,0.050,0.863,0.087
93000,0.050,0.833,0.117
93500,0.050,0.811,0.139
94000,0.050,0.815,0.135
94500,0.050,0.817,0.133
95000,0.050,0.826,0.124
95500,0.050,0.821,0.129
96000,0.050,0.838,0.112
96500,0.050,0.827,0.123
97000,0.050,0.814,0.136
97500,0.050,0.824,0.126
98000,0.050,0.824,0.126
98500,0.050,0.830,0.120
99000,0.050,0.818,0.132
99500,0.050,0.814,0.136
100000,0.050,0.831,0.119
100500,0.050,0.838,0.112
101000,0.050,0.829,0.121
101500,0.050,0.817,0.133
102000,0.050,0.828,0.122
102500,0.050,0.833,0.117
103000,0.050,0.818,0.132
103500,0.050,0.826,0.124
104000,0.050,0.833,0.117
104500,0.050,0.834,0.116
105000,0.050,0.823,0.127
105500,0.050,0.838,0.112
106000,0.050,0.810,0.140
106500,0.050,0.804,0.145
107000,0.050,0.798,0.152
107500,0.050,0.805,0.144
108000,0.050,0.803,0.146
108500,0.050,0.810,0.139
109000,0.050,0.804,0.145
109500,0.050,0.808,0.141
110000,0.050,0.784,0.166
110500,0.050,0.803,0.147
111000,0.050,0.819,0.131
111500,0.050,0.838,0.112
112000,0.050,0.833,0.117
112500,0.050,0.824,0.126
113000,0.050,0.807,0.143
113500,0.050,0.845,0.105
114000,0.050,0.847,0.103
114500,0.050,0.832,0.118
115000,0.050,0.798,0.151
115500,0.050,0.814,0.136
116000,0.050,0.839,0.111
116500,0.050,0.833,0.117
117000,0.050,0.850,0.100
117500,0.050,0.834,0.116
118000,0.050,0.825,0.125
118500,0.050,0.832,0.118
119000,0.050,0.825,0.125
119500,0.050,0.793,0.157
120000,0.050,0.799,0.151
120500,0.050,0.827,0.123
121000,0.050,0.821,0.129
121500,0.050,0.824,0.126
122000,0.050,0.826,0.124
122500,0.050,0.802,0.147
123000,0.050,0.822,0.128
123500,0.050,0.808,0.141
124000,0.050,0.809,0.141
124500,0.050,0.800,0.149
125000,0.050,0.831,0.119
125500,0.050,0.830,0.120
126000,0.050,0.810,0.139
126500,0.050,0.817,0.133
127000,0.050,0.806,0.144
127500,0.050,0.841,0.109
128000,0.050,0.873,0.077
128500,0.050,0.863,0.087
129000,0.050,0.853,0.097
129500,0.050,0.837,0.113
130000,0.050,0.858,0.092
130500,0.050,0.854,0.096
131000,0.050,0.845,0.105
131500,0.050,0.835,0.115
132000,0.050,0.841,0.109
132500,0.050,0.856,0.094
133000,0.050,0.866,0.084
133500,0.050,0.855,0.095
134000,0.050,0.835,0.115
134500,0.050,0.854,0.096
135000,0.050,0.871,0.079
135500,0.050,0.824,0.126
136000,0.050,0.830,0.120
136500,0.050,0.817,0.133
137000,0.050,0.845,0.105
137500,0.050,0.833,0.117
138000,0.050,0.822,0.128
138500,0.050,0.845,0.105
139000,0.050,0.829,0.121
139500,0.050,0.803,0.147
140000,0.050,0.801,0.149
140500,0.050,0.835,0.115
141000,0.050,0.814,0.136
141500,0.050,0.817,0.133
142000,0.050,0.823,0.127
142500,0.050,0.846,0.104
143000,0.050,0.844,0.106
143500,0.050,0.828,0.122
144000,0.050,0.833,0.117
144500,0.050,0.858,0.092
145000,0.050,0.861,0.089
145500,0.050,0.863,0.087
146000,0.050,0.843,0.107
146500,0.050,0.815,0.135
147000,0.050,0.792,0.158
147500,0.050,0.814,0.136
148000,0.050,0.822,0.128
148500,0.050,0.826,0.124
149000,0.050,0.818,0.132
149500,0.050,0.850,0.100
150000,0.050,0.831,0.119
150500,0.050,0.822,0.128
151000,0.050,0.819,0.131
151500,0.050,0.810,0.139
152000,0.050,0.782,0.168
152500,0.050,0.789,0.161
153000,0.050,0.814,0.136
153500,0.050,0.814,0.136
154000,0.050,0.830,0.120
154500,0.050,0.854,0.096
155000,0.050,0.847,0.103
155500,0.050,0.817,0.133
156000,0.050,0.805,0.145
156500,0.050,0.801,0.148
157000,0.050,0.798,0.152
157500,0.050,0.829,0.121
158000,0.050,0.813,0.137
158500,0.050,0.840,0.110
159000,0.050,0.847,0.103
159500,0.050,0.822,0.128
160000,0.050,0.820,0.130
160500,0.050,0.811,0.139
161000,0.050,0.781,0.169
161500,0.050,0.807,0.143
162000,0.050,0.791,0.158
162500,0.050,0.795,0.155
163000,0.050,0.782,0.168
163500,0.050,0.760,0.190
164000,0.050,0.795,0.155
164500,0.050,0.811,0.138
165000,0.050,0.832,0.118
165500,0.050,0.805,0.145
166000,0.050,0.803,0.147
166500,0.050,0.782,0.168
167000,0.050,0.792,0.158
167500,0.050,0.786,0.164
168000,0.050,0.796,0.154
168500,0.051,0.802,0.147
169000,0.050,0.820,0.130
169500,0.050,0.846,0.104
170000,0.050,0.845,0.105
170500,0.050,0.855,0.095
171000,0.050,0.839,0.111
171500,0.050,0.816,0.134
172000,0.050,0.848,0.102
172500,0.050,0.851,0.099
173000,0.050,0.852,0.098
173500,0.050,0.858,0.092
174000,0.050,0.856,0.094
174500,0.050,0.842,0.108
175000,0.050,0.834,0.116
175500,0.050,0.823,0.127
176000,0.050,0.840,0.110
176500,0.050,0.844,0.106
177000,0.050,0.841,0.109
177500,0.050,0.833,0.117
178000,0.050,0.846,0.104
178500,0.050,0.815,0.135
179000,0.050,0.854,0.096
179500,0.050,0.867,0.083
180000,0.050,0.845,0.105
180500,0.050,0.847,0.103
181000,0.050,0.846,0.104
181500,0.050,0.841,0.109
182000,0.050,0.858,0.092
182500,0.050,0.835,0.115
183000,0.050,0.831,0.119
183500,0.050,0.840,0.110
184000,0.050,0.831,0.119
184500,0.050,0.840,0.110
185000,0.050,0.845,0.105
185500,0.050,0.836,0.114
186000,0.050,0.828,0.122
186500,0.050,0.799,0.151
187000,0.050,0.826,0.124
187500,0.050,0.838,0.112
188000,0.050,0.827,0.123
188500,0.050,0.838,0.112
189000,0.050,0.841,0.109
189500,0.050,0.841,0.109
190000,0.050,0.857,0.093
190500,0.050,0.867,0.083
191000,0.050,0.837,0.113
191500,0.050,0.809,0.141
192000,0.050,0.808,0.141
192500,0.050,0.782,0.167
193000,0.050,0.805,0.144
193500,0.050,0.821,0.129
194000,0.050,0.823,0.127
194500,0.050,0.833,0.117
195000,0.050,0.817,0.133
195500,0.050,0.828,0.122
196000,0.050,0.837,0.113
196500,0.050,0.843,0.107
197000,0.050,0.855,0.095
197500,0.050,0.844,0.106
198000,0.050,0.849,0.101
198500,0.050,0.814,0.136
199000,0.050,0.811,0.139
199500,0.050,0.813,0.137
200000,0.050,0.846,0.104
200500,0.050,0.844,0.106
201000,0.050,0.839,0.111
201500,0.050,0.846,0.104
202000,0.050,0.817,0.133
202500,0.050,0.833,0.117
203000,0.050,0.833,0.117
203500,0.050,0.827,0.123
204000,0.050,0.855,0.095
204500,0.050,0.841,0.109
205000,0.050,0.850,0.100
205500,0.050,0.861,0.089
206000,0.050,0.856,0.094
206500,0.050,0.853,0.097
207000,0.050,0.835,0.115
207500,0.050,0.808,0.141
208000,0.050,0.803,0.146
208500,0.050,0.794,0.156
209000,0.050,0.788,0.162
209500,0.050,0.810,0.139
210000,0.050,0.822,0.128
210500,0.050,0.845,0.105
211000,0.050,0.847,0.103
211500,0.050,0.858,0.092
212000,0.050,0.862,0.088
212500,0.050,0.841,0.109
213000,0.050,0.834,0.116
213500,0.050,0.832,0.118
214000,0.050,0.854,0.096
214500,0.050,0.834,0.116
215000,0.050,0.830,0.120
215500,0.050,0.816,0.134
216000,0.050,0.837,0.113
216500,0.050,0.839,0.111
217000,0.050,0.847,0.103
217500,0.050,0.857,0.093
218000,0.050,0.842,0.108
218500,0.050,0.851,0.099
219000,0.050,0.812,0.137
219500,0.050,0.812,0.137
220000,0.050,0.806,0.143
220500,0.050,0.817,0.133
221000,0.050,0.836,0.114
221500,0.050,0.819,0.131
222000,0.050,0.797,0.152
222500,0.050,0.803,0.147
223000,0.050,0.797,0.152
223500,0.050,0.803,0.147
224000,0.050,0.795,0.154
224500,0.050,0.792,0.158
225000,0.050,0.828,0.122
225500,0.050,0.822,0.128
226000,0.050,0.818,0.132
226500,0.050,0.837,0.113
227000,0.050,0.822,0.128
227500,0.050,0.818,0.132
228000,0.050,0.822,0.128
228500,0.050,0.832,0.118
229000,0.052,0.839,0.109
229500,0.051,0.831,0.119
230000,0.050,0.827,0.123
230500,0.050,0.805,0.144
231000,0.050,0.831,0.119
231500,0.050,0.838,0.112
232000,0.050,0.816,0.134
232500,0.050,0.838,0.112
233000,0.050,0.830,0.120
233500,0.050,0.847,0.103
234000,0.050,0.823,0.127
234500,0.050,0.803,0.146
235000,0.050,0.802,0.147
235500,0.050,0.807,0.143
236000,0.050,0.800,0.150
236500,0.050,0.825,0.125
237000,0.050,0.826,0.124
237500,0.050,0.828,0.122
238000,0.050,0.839,0.111
238500,0.050,0.836,0.114
239000,0.050,0.840,0.110
239500,0.050,0.839,0.111
240000,0.050,0.819,0.131
240500,0.050,0.816,0.134
241000,0.050,0.824,0.126
241500,0.050,0.798,0.152
242000,0.050,0.796,0.153
242500,0.050,0.829,0.121
243000,0.050,0.819,0.131
243500,0.050,0.822,0.128
244000,0.050,0.835,0.115
244500,0.050,0.817,0.133
245000,0.050,0.839,0.111
245500,0.050,0.821,0.129
246000,0.050,0.810,0.139
246500,0.050,0.822,0.128
247000,0.050,0.834,0.116
247500,0.050,0.848,0.102
248000,0.050,0.863,0.087
248500,0.050,0.853,0.097
249000,0.050,0.829,0.121
249500,0.050,0.819,0.131
250000,0.050,0.833,0.117
250500,0.050,0.832,0.118
251000,0.050,0.821,0.129
251500,0.050,0.827,0.123
252000,0.050,0.856,0.094
252500,0.050,0.838,0.112
253000,0.050,0.846,0.104
253500,0.050,0.846,0.104
254000,0.050,0.844,0.106
254500,0.050,0.864,0.086
255000,0.050,0.840,0.110
255500,0.050,0.831,0.119
256000,0.050,0.816,0.134
256500,0.050,0.802,0.147
257000,0.050,0.823,0.127
257500,0.050,0.813,0.137
258000,0.050,0.822,0.128
258500,0.050,0.848,0.102
259000,0.050,0.817,0.133
259500,0.050,0.805,0.144
260000,0.050,0.824,0.126
260500,0.050,0.839,0.111
261000,0.050,0.849,0.101
261500,0.050,0.843,0.107
262000,0.050,0.833,0.117
262500,0.050,0.855,0.095
263000,0.050,0.815,0.135
263500,0.050,0.849,0.101
264000,0.050,0.848,0.102
264500,0.050,0.853,0.097
265000,0.050,0.856,0.094
265500,0.050,0.873,0.077
266000,0.050,0.857,0.093
266500,0.050,0.835,0.115
267000,0.050,0.835,0.115
267500,0.050,0.828,0.122
268000,0.050,0.844,0.106
268500,0.050,0.844,0.106
269000,0.050,0.844,0.106
269500,0.050,0.856,0.094
270000,0.050,0.850,0.100
270500,0.050,0.823,0.127
271000,0.050,0.820,0.130
271500,0.050,0.806,0.144
272000,0.050,0.818,0.132
272500,0.050,0.833,0.117
273000,0.050,0.831,0.119
273500,0.050,0.817,0.133
274000,0.050,0.827,0.123
274500,0.050,0.821,0.129
275000,0.050,0.825,0.125
275500,0.050,0.793,0.157
276000,0.050,0.833,0.117
276500,0.050,0.834,0.116
277000,0.050,0.791,0.159
277500,0.050,0.814,0.136
278000,0.050,0.837,0.113
278500,0.050,0.841,0.109
279000,0.050,0.832,0.118
279500,0.050,0.840,0.110
280000,0.050,0.832,0.118
280500,0.050,0.859,0.091
281000,0.050,0.848,0.102
281500,0.050,0.839,0.111
282000,0.050,0.834,0.116
282500,0.050,0.803,0.146
283000,0.050,0.831,0.119
283500,0.050,0.830,0.120
284000,0.050,0.838,0.112
284500,0.050,0.836,0.114
285000,0.050,0.842,0.108
285500,0.050,0.838,0.112
286000,0.050,0.828,0.122
286500,0.050,0.846,0.104
287000,0.050,0.827,0.123
287500,0.050,0.833,0.117
288000,0.050,0.834,0.116
288500,0.050,0.852,0.098
289000,0.050,0.841,0.109
289500,0.050,0.847,0.103
290000,0.050,0.816,0.134
290500,0.050,0.819,0.131
291000,0.050,0.844,0.106
291500,0.050,0.828,0.122
292000,0.050,0.799,0.150
292500,0.050,0.789,0.161
293000,0.050,0.820,0.130
293500,0.050,0.828,0.122
294000,0.050,0.821,0.129
294500,0.050,0.851,0.099
295000,0.050,0.851,0.099
295500,0.050,0.856,0.094
296000,0.050,0.840,0.110
296500,0.050,0.828,0.122
297000,0.050,0.806,0.144
297500,0.050,0.829,0.121
298000,0.050,0.786,0.163
298500,0.050,0.793,0.156
299000,0.050,0.827,0.123
299500,0.050,0.848,0.102
300000,0.050,0.839,0.111
300500,0.050,0.838,0.112
301000,0.050,0.831,0.119
301500,0.050,0.832,0.118
302000,0.050,0.841,0.109
302500,0.050,0.848,0.102
303000,0.050,0.836,0.114
303500,0.050,0.855,0.095
304000,0.050,0.843,0.107
304500,0.050,0.834,0.116
305000,0.050,0.818,0.132
305500,0.050,0.796,0.154
306000,0.050,0.795,0.155
306500,0.050,0.791,0.159
307000,0.050,0.803,0.146
307500,0.050,0.841,0.109
308000,0.050,0.815,0.135
308500,0.050,0.840,0.110
309000,0.050,0.836,0.114
309500,0.050,0.849,0.101
310000,0.050,0.848,0.102
310500,0.050,0.839,0.111
311000,0.050,0.837,0.113
311500,0.050,0.841,0.109
312000,0.050,0.817,0.133
312500,0.050,0.825,0.125
313000,0.050,0.841,0.109
313500,0.050,0.821,0.129
314000,0.050,0.829,0.121
314500,0.050,0.788,0.162
315000,0.050,0.803,0.147
315500,0.050,0.807,0.142
316000,0.050,0.816,0.134
316500,0.050,0.808,0.142
317000,0.050,0.820,0.130
317500,0.050,0.792,0.157
318000,0.050,0.792,0.158
318500,0.050,0.808,0.141
319000,0.050,0.809,0.140
319500,0.050,0.799,0.150
320000,0.050,0.816,0.134
320500,0.050,0.811,0.139
321000,0.050,0.827,0.123
321500,0.050,0.818,0.132
322000,0.050,0.793,0.157
322500,0.050,0.807,0.143
323000,0.050,0.796,0.153
323500,0.050,0.780,0.169
324000,0.050,0.816,0.134
324500,0.050,0.826,0.124
325000,0.050,0.841,0.109
325500,0.050,0.835,0.115
326000,0.050,0.830,0.120
326500,0.050,0.846,0.104
327000,0.050,0.833,0.117
327500,0.050,0.839,0.111
328000,0.050,0.829,0.121
328500,0.050,0.807,0.142
329000,0.050,0.827,0.123
329500,0.050,0.791,0.159
330000,0.050,0.794,0.155
330500,0.050,0.790,0.159
331000,0.050,0.793,0.156
331500,0.050,0.802,0.148
332000,0.050,0.801,0.149
332500,0.050,0.819,0.131
333000,0.050,0.826,0.124
333500,0.050,0.826,0.124
334000,0.050,0.815,0.135
334500,0.050,0.796,0.154
335000,0.050,0.816,0.134
335500,0.050,0.791,0.158
336000,0.050,0.809,0.141
336500,0.050,0.807,0.142
337000,0.050,0.836,0.114
337500,0.050,0.846,0.104
338000,0.050,0.832,0.118
338500,0.050,0.847,0.103
339000,0.050,0.859,0.091
339500,0.050,0.835,0.115
340000,0.050,0.856,0.094
340500,0.050,0.862,0.088
341000,0.050,0.834,0.116
341500,0.050,0.855,0.095
342000,0.050,0.839,0.111
342500,0.050,0.832,0.118
343000,0.050,0.805,0.145
343500,0.050,0.805,0.144
344000,0.050,0.819,0.131
344500,0.050,0.806,0.144
345000,0.050,0.817,0.133
345500,0.050,0.829,0.121
346000,0.050,0.828,0.122
346500,0.050,0.833,0.117
347000,0.050,0.851,0.099
347500,0.050,0.817,0.133
348000,0.050,0.819,0.131
348500,0.050,0.845,0.105
349000,0.050,0.836,0.114
349500,0.050,0.852,0.098
350000,0.050,0.845,0.105
350500,0.050,0.826,0.124
351000,0.050,0.847,0.103
351500,0.050,0.843,0.107
352000,0.050,0.843,0.107
352500,0.050,0.831,0.119
353000,0.050,0.836,0.114
353500,0.050,0.841,0.109
354000,0.050,0.851,0.099
354500,0.050,0.838,0.112
355000,0.050,0.839,0.111
355500,0.050,0.828,0.122
356000,0.050,0.792,0.158
356500,0.050,0.829,0.121
357000,0.050,0.808,0.141
357500,0.050,0.792,0.158
358000,0.050,0.836,0.114
358500,0.050,0.862,0.088
359000,0.050,0.828,0.122
359500,0.050,0.819,0.131
360000,0.050,0.854,0.096
360500,0.050,0.830,0.120
361000,0.050,0.828,0.122
361500,0.050,0.793,0.156
362000,0.050,0.821,0.129
362500,0.050,0.828,0.122
363000,0.050,0.816,0.134
363500,0.050,0.812,0.138
364000,0.050,0.832,0.118
364500,0.050,0.840,0.110
365000,0.050,0.832,0.118
365500,0.050,0.848,0.102
366000,0.050,0.836,0.114
366500,0.050,0.830,0.120
367000,0.050,0.810,0.139
367500,0.050,0.812,0.138
368000,0.050,0.820,0.130
368500,0.050,0.828,0.122
369000,0.050,0.801,0.148
369500,0.050,0.822,0.128
370000,0.050,0.823,0.127
370500,0.050,0.815,0.135
371000,0.050,0.808,0.141
371500,0.050,0.825,0.125
372000,0.050,0.813,0.137
372500,0.050,0.832,0.118
373000,0.050,0.844,0.106
373500,0.050,0.811,0.139
374000,0.050,0.809,0.140
374500,0.050,0.816,0.134
375000,0.050,0.838,0.112
375500,0.050,0.828,0.122
376000,0.050,0.843,0.107
376500,0.050,0.854,0.096
377000,0.050,0.816,0.134
377500,0.050,0.835,0.115
378000,0.050,0.826,0.124
378500,0.050,0.838,0.112
379000,0.050,0.835,0.115
379500,0.050,0.848,0.102
380000,0.050,0.838,0.112
380500,0.050,0.839,0.111
381000,0.050,0.830,0.120
381500,0.050,0.797,0.153
382000,0.050,0.827,0.123
382500,0.050,0.828,0.122
383000,0.050,0.840,0.110
383500,0.050,0.849,0.101
384000,0.050,0.835,0.115
384500,0.050,0.827,0.123
385000,0.050,0.837,0.113
385500,0.050,0.843,0.107
386000,0.050,0.841,0.109
386500,0.050,0.825,0.125
387000,0.050,0.797,0.153
387500,0.050,0.782,0.168
388000,0.050,0.805,0.145
388500,0.050,0.808,0.141
389000,0.050,0.805,0.145
389500,0.050,0.841,0.109
390000,0.050,0.841,0.109
390500,0.050,0.853,0.097
391000,0.050,0.845,0.105
391500,0.050,0.852,0.098
392000,0.050,0.841,0.109
392500,0.050,0.832,0.118
393000,0.050,0.824,0.126
393500,0.050,0.826,0.124
394000,0.050,0.831,0.119
394500,0.050,0.820,0.130
395000,0.050,0.819,0.131
395500,0.050,0.829,0.121
396000,0.050,0.846,0.104
396500,0.050,0.802,0.147
397000,0.050,0.813,0.137
397500,0.050,0.835,0.115
398000,0.050,0.845,0.105
398500,0.050,0.812,0.138
399000,0.050,0.807,0.143
399500,0.050,0.791,0.158
400000,0.050,0.809,0.140
400500,0.050,0.824,0.126
401000,0.050,0.790,0.160
401500,0.050,0.797,0.152
402000,0.050,0.808,0.142
402500,0.050,0.814,0.136
403000,0.050,0.816,0.134
403500,0.050,0.835,0.115
404000,0.050,0.826,0.124
404500,0.050,0.848,0.102
405000,0.050,0.833,0.117
405500,0.050,0.836,0.114
406000,0.050,0.824,0.126
406500,0.050,0.828,0.122
407000,0.050,0.848,0.102
407500,0.050,0.827,0.123
408000,0.050,0.843,0.107
408500,0.050,0.836,0.114
409000,0.050,0.824,0.126
409500,0.050,0.830,0.120
410000,0.050,0.817,0.133
410500,0.050,0.811,0.138
411000,0.050,0.830,0.120
411500,0.050,0.835,0.115
412000,0.050,0.849,0.101
412500,0.050,0.850,0.100
413000,0.050,0.853,0.097
413500,0.050,0.843,0.107
414000,0.050,0.860,0.090
414500,0.050,0.855,0.095
415000,0.050,0.852,0.098
415500,0.050,0.837,0.113
416000,0.050,0.844,0.106
416500,0.050,0.849,0.101
417000,0.050,0.829,0.121
417500,0.050,0.828,0.122
418000,0.050,0.821,0.129
418500,0.050,0.823,0.127
419000,0.050,0.829,0.121
419500,0.050,0.818,0.132
420000,0.050,0.828,0.122
420500,0.050,0.795,0.155
421000,0.050,0.812,0.137
421500,0.050,0.836,0.114
422000,0.050,0.855,0.095
422500,0.050,0.850,0.100
423000,0.050,0.856,0.094
423500,0.050,0.845,0.105
424000,0.050,0.803,0.147
424500,0.050,0.807,0.142
425000,0.050,0.791,0.158
425500,0.050,0.833,0.117
426000,0.050,0.856,0.094
426500,0.050,0.861,0.089
427000,0.050,0.840,0.110
427500,0.050,0.845,0.105
428000,0.050,0.823,0.127
428500,0.050,0.846,0.104
429000,0.050,0.847,0.103
429500,0.050,0.837,0.113
430000,0.050,0.847,0.103
430500,0.050,0.849,0.101
431000,0.050,0.837,0.113
431500,0.050,0.826,0.124
432000,0.050,0.836,0.114
432500,0.050,0.848,0.102
433000,0.050,0.822,0.128
433500,0.050,0.818,0.132
434000,0.050,0.839,0.111
434500,0.050,0.835,0.115
435000,0.050,0.820,0.130
435500,0.050,0.842,0.108
436000,0.050,0.864,0.086
436500,0.050,0.849,0.101
437000,0.050,0.862,0.088
437500,0.050,0.844,0.106
438000,0.050,0.849,0.101
438500,0.050,0.834,0.116
439000,0.050,0.824,0.126
439500,0.050,0.830,0.120
440000,0.050,0.807,0.143
440500,0.050,0.802,0.147
441000,0.050,0.818,0.132
441500,0.050,0.824,0.126
442000,0.050,0.843,0.107
442500,0.050,0.827,0.123
443000,0.050,0.828,0.122
443500,0.050,0.806,0.143
444000,0.050,0.837,0.113
444500,0.050,0.830,0.120
445000,0.050,0.823,0.127
445500,0.050,0.844,0.106
446000,0.050,0.833,0.117
446500,0.050,0.842,0.108
447000,0.050,0.825,0.125
447500,0.050,0.843,0.107
448000,0.050,0.840,0.110
448500,0.050,0.839,0.111
449000,0.050,0.834,0.116
449500,0.050,0.819,0.131
450000,0.050,0.786,0.163
450500,0.050,0.810,0.139
451000,0.050,0.838,0.112
451500,0.050,0.845,0.105
452000,0.050,0.832,0.118
452500,0.050,0.840,0.110
453000,0.050,0.824,0.126
453500,0.050,0.828,0.122
454000,0.050,0.822,0.128
454500,0.050,0.821,0.129
455000,0.050,0.833,0.117
455500,0.050,0.825,0.125
456000,0.050,0.818,0.132
456500,0.050,0.826,0.124
457000,0.050,0.820,0.130
457500,0.050,0.844,0.106
458000,0.050,0.848,0.102
458500,0.050,0.866,0.084
459000,0.050,0.841,0.109
459500,0.050,0.829,0.121
460000,0.050,0.840,0.110
460500,0.050,0.818,0.132
461000,0.050,0.807,0.143
461500,0.050,0.792,0.158
462000,0.050,0.782,0.167
462500,0.050,0.801,0.149
463000,0.050,0.816,0.134
463500,0.050,0.783,0.167
464000,0.050,0.802,0.148
464500,0.050,0.811,0.139
465000,0.050,0.807,0.142
465500,0.050,0.808,0.141
466000,0.050,0.824,0.126
466500,0.050,0.838,0.112
467000,0.050,0.846,0.104
467500,0.050,0.862,0.088
468000,0.050,0.855,0.095
468500,0.050,0.827,0.123
469000,0.050,0.845,0.105
469500,0.050,0.824,0.126
470000,0.050,0.836,0.114
470500,0.050,0.830,0.120
471000,0.050,0.829,0.121
471500,0.050,0.833,0.117
472000,0.050,0.830,0.120
472500,0.050,0.834,0.116
473000,0.050,0.820,0.130
473500,0.050,0.828,0.122
474000,0.050,0.822,0.128
474500,0.050,0.815,0.135
475000,0.050,0.793,0.156
475500,0.050,0.824,0.126
476000,0.050,0.816,0.134
476500,0.050,0.833,0.117
477000,0.050,0.847,0.103
477500,0.050,0.838,0.112
478000,0.050,0.837,0.113
478500,0.050,0.809,0.141
479000,0.050,0.813,0.137
479500,0.050,0.822,0.128
480000,0.050,0.806,0.144
480500,0.050,0.845,0.105
481000,0.050,0.848,0.102
481500,0.050,0.824,0.126
482000,0.050,0.839,0.111
482500,0.050,0.824,0.126
483000,0.050,0.815,0.135
483500,0.050,0.817,0.133
484000,0.050,0.836,0.114
484500,0.050,0.845,0.105
485000,0.050,0.830,0.120
485500,0.050,0.827,0.123
486000,0.050,0.837,0.113
486500,0.050,0.808,0.142
487000,0.050,0.812,0.138
487500,0.050,0.806,0.144
488000,0.050,0.823,0.127
488500,0.050,0.824,0.126
489000,0.050,0.818,0.132
489500,0.050,0.815,0.135
490000,0.050,0.839,0.111
490500,0.050,0.862,0.088
491000,0.050,0.826,0.124
491500,0.050,0.822,0.128
492000,0.050,0.827,0.123
492500,0.050,0.810,0.139
493000,0.050,0.833,0.117
493500,0.050,0.836,0.114
494000,0.050,0.834,0.116
494500,0.050,0.838,0.112
495000,0.050,0.827,0.123
495500,0.050,0.818,0.132
496000,0.050,0.839,0.111
496500,0.050,0.830,0.120
497000,0.050,0.807,0.143
497500,0.050,0.818,0.132
498000,0.050,0.822,0.128
498500,0.050,0.837,0.113
499000,0.050,0.807,0.143
499500,0.050,0.814,0.136
500000,0.050,0.838,0.112
500500,0.050,0.816,0.134
501000,0.050,0.825,0.125
501500,0.050,0.822,0.128
502000,0.050,0.794,0.155
502500,0.050,0.812,0.138
503000,0.050,0.817,0.133
503500,0.050,0.826,0.124
504000,0.050,0.842,0.108
504500,0.050,0.834,0.116
505000,0.050,0.858,0.092
505500,0.050,0.843,0.107
506000,0.050,0.871,0.079
506500,0.050,0.850,0.100
507000,0.050,0.822,0.128
507500,0.050,0.796,0.153
508000,0.050,0.812,0.137
508500,0.050,0.801,0.149
509000,0.050,0.837,0.113
509500,0.050,0.832,0.118
510000,0.050,0.854,0.096
510500,0.050,0.862,0.088
511000,0.050,0.870,0.080
511500,0.050,0.849,0.101
512000,0.050,0.845,0.105
512500,0.050,0.843,0.107
513000,0.050,0.865,0.085
513500,0.050,0.853,0.097
514000,0.050,0.840,0.110
514500,0.050,0.839,0.111
515000,0.050,0.843,0.107
515500,0.050,0.841,0.109
516000,0.050,0.833,0.117
516500,0.050,0.827,0.123
517000,0.050,0.812,0.138
517500,0.050,0.805,0.145
518000,0.050,0.807,0.142
518500,0.050,0.795,0.155
519000,0.050,0.810,0.139
519500,0.050,0.810,0.140
520000,0.050,0.819,0.131
520500,0.051,0.823,0.127
521000,0.050,0.816,0.134
521500,0.050,0.814,0.136
522000,0.050,0.819,0.131
522500,0.050,0.835,0.115
523000,0.050,0.837,0.113
523500,0.050,0.832,0.118
524000,0.050,0.819,0.131
524500,0.050,0.826,0.124
525000,0.050,0.831,0.119
525500,0.050,0.812,0.137
526000,0.051,0.827,0.122
526500,0.050,0.841,0.109
527000,0.050,0.806,0.144
527500,0.050,0.823,0.127
528000,0.050,0.816,0.134
528500,0.050,0.835,0.115
529000,0.050,0.820,0.130
529500,0.050,0.832,0.118
530000,0.050,0.843,0.107
530500,0.050,0.841,0.109
531000,0.050,0.846,0.104
531500,0.050,0.835,0.115
532000,0.050,0.815,0.135
532500,0.050,0.790,0.160
533000,0.050,0.799,0.151
533500,0.050,0.839,0.111
534000,0.050,0.830,0.120
534500,0.050,0.820,0.130
535000,0.050,0.837,0.113
535500,0.050,0.841,0.109
536000,0.050,0.818,0.132
536500,0.050,0.820,0.130
537000,0.050,0.809,0.141
537500,0.050,0.792,0.157
538000,0.050,0.823,0.127
538500,0.050,0.824,0.126
539000,0.050,0.826,0.124
539500,0.050,0.814,0.136
540000,0.050,0.802,0.147
540500,0.050,0.793,0.156
541000,0.050,0.786,0.163
541500,0.050,0.797,0.153
542000,0.050,0.788,0.161
542500,0.050,0.809,0.140
543000,0.050,0.823,0.127
543500,0.050,0.826,0.124
544000,0.050,0.820,0.130
544500,0.050,0.822,0.128
545000,0.050,0.816,0.134
545500,0.050,0.813,0.137
546000,0.050,0.803,0.147
546500,0.050,0.812,0.137
547000,0.050,0.791,0.159
547500,0.050,0.791,0.159
548000,0.050,0.812,0.138
548500,0.050,0.820,0.130
549000,0.050,0.852,0.098
549500,0.050,0.835,0.115
550000,0.050,0.822,0.128
550500,0.050,0.820,0.130
551000,0.050,0.829,0.121
551500,0.050,0.822,0.128
552000,0.050,0.827,0.123
552500,0.050,0.841,0.109
553000,0.050,0.839,0.111
553500,0.050,0.844,0.106
554000,0.050,0.836,0.114
554500,0.050,0.824,0.126
555000,0.050,0.812,0.137
555500,0.050,0.838,0.112
556000,0.050,0.848,0.102
556500,0.050,0.852,0.098
557000,0.050,0.838,0.112
557500,0.050,0.828,0.122
558000,0.050,0.817,0.133
558500,0.050,0.819,0.131
559000,0.050,0.820,0.130
559500,0.050,0.826,0.124
560000,0.050,0.826,0.124
560500,0.050,0.810,0.139
561000,0.050,0.809,0.141
561500,0.050,0.826,0.124
562000,0.050,0.834,0.116
562500,0.050,0.821,0.129
563000,0.050,0.794,0.155
563500,0.050,0.832,0.118
564000,0.050,0.801,0.148
564500,0.050,0.807,0.143
565000,0.050,0.806,0.143
565500,0.050,0.811,0.138
566000,0.050,0.805,0.145
566500,0.051,0.803,0.145
567000,0.051,0.775,0.174
567500,0.050,0.787,0.162
568000,0.050,0.797,0.153
568500,0.050,0.804,0.145
569000,0.050,0.839,0.111
569500,0.050,0.848,0.102
570000,0.050,0.847,0.103
570500,0.050,0.822,0.128
571000,0.050,0.820,0.130
571500,0.050,0.847,0.103
572000,0.050,0.853,0.097
572500,0.050,0.801,0.148
573000,0.050,0.829,0.121
573500,0.050,0.825,0.125
574000,0.050,0.842,0.108
574500,0.050,0.833,0.117
575000,0.050,0.836,0.114
575500,0.050,0.845,0.105
576000,0.050,0.846,0.104
576500,0.050,0.865,0.085
577000,0.050,0.837,0.113
577500,0.050,0.824,0.126
578000,0.050,0.822,0.128
578500,0.050,0.829,0.121
579000,0.050,0.837,0.113
579500,0.050,0.842,0.108
580000,0.050,0.829,0.121
580500,0.050,0.806,0.144
581000,0.050,0.808,0.141
581500,0.050,0.819,0.131
582000,0.050,0.826,0.124
582500,0.050,0.815,0.135
583000,0.050,0.820,0.130
583500,0.050,0.809,0.141
584000,0.050,0.827,0.123
584500,0.050,0.820,0.130
585000,0.050,0.802,0.148
585500,0.050,0.825,0.125
586000,0.050,0.813,0.137
586500,0.050,0.817,0.133
587000,0.050,0.807,0.142
587500,0.050,0.850,0.100
588000,0.050,0.805,0.144
588500,0.050,0.819,0.131
589000,0.050,0.808,0.142
589500,0.050,0.817,0.133
590000,0.050,0.832,0.118
590500,0.050,0.840,0.110
591000,0.050,0.839,0.111
591500,0.050,0.860,0.090
592000,0.050,0.817,0.133
592500,0.050,0.792,0.157
593000,0.050,0.774,0.175
593500,0.050,0.797,0.153
594000,0.050,0.788,0.161
594500,0.050,0.805,0.144
595000,0.050,0.808,0.142
595500,0.050,0.800,0.150
596000,0.050,0.777,0.173
596500,0.050,0.771,0.178
597000,0.050,0.797,0.153
597500,0.050,0.793,0.156
598000,0.050,0.817,0.133
598500,0.050,0.837,0.113
599000,0.050,0.829,0.121
599500,0.050,0.824,0.126
600000,0.050,0.826,0.124
600500,0.050,0.822,0.128
601000,0.050,0.832,0.118
601500,0.050,0.837,0.113
602000,0.050,0.850,0.100
602500,0.050,0.866,0.084
603000,0.050,0.855,0.095
603500,0.050,0.832,0.118
604000,0.050,0.846,0.104
604500,0.050,0.825,0.125
605000,0.050,0.832,0.118
605500,0.050,0.809,0.141
606000,0.050,0.819,0.131
606500,0.050,0.819,0.131
607000,0.050,0.822,0.128
607500,0.050,0.817,0.133
608000,0.050,0.834,0.116
608500,0.050,0.819,0.131
609000,0.050,0.815,0.135
609500,0.050,0.838,0.112
610000,0.050,0.841,0.109
610500,0.050,0.855,0.095
611000,0.050,0.824,0.126
611500,0.050,0.821,0.129
612000,0.050,0.834,0.116
612500,0.050,0.824,0.126
613000,0.050,0.831,0.119
613500,0.050,0.841,0.109
614000,0.050,0.845,0.105
614500,0.050,0.848,0.102
615000,0.050,0.822,0.128
615500,0.050,0.831,0.119
616000,0.050,0.862,0.088
616500,0.050,0.865,0.085
617000,0.050,0.856,0.094
617500,0.050,0.846,0.104
618000,0.050,0.839,0.111
618500,0.050,0.825,0.125
619000,0.050,0.830,0.120
619500,0.050,0.836,0.114
620000,0.050,0.831,0.119
620500,0.050,0.831,0.119
621000,0.050,0.830,0.120
621500,0.050,0.823,0.127
622000,0.050,0.803,0.147
622500,0.050,0.817,0.133
623000,0.050,0.852,0.098
623500,0.050,0.857,0.093
624000,0.050,0.858,0.092
624500,0.050,0.875,0.075
625000,0.050,0.847,0.103
625500,0.050,0.835,0.115
626000,0.050,0.808,0.141
626500,0.050,0.775,0.174
627000,0.050,0.793,0.157
627500,0.050,0.800,0.149
628000,0.050,0.815,0.135
628500,0.050,0.816,0.134
629000,0.050,0.833,0.117
629500,0.050,0.843,0.107
630000,0.050,0.843,0.107
630500,0.050,0.840,0.110
631000,0.050,0.821,0.129
631500,0.050,0.808,0.141
632000,0.050,0.815,0.135
632500,0.050,0.762,0.188
633000,0.050,0.808,0.142
633500,0.050,0.820,0.130
634000,0.050,0.835,0.115
634500,0.050,0.841,0.109
635000,0.050,0.815,0.135
635500,0.050,0.834,0.116
636000,0.050,0.838,0.112
636500,0.050,0.850,0.100
637000,0.050,0.842,0.108
637500,0.050,0.851,0.099
638000,0.050,0.842,0.108
638500,0.050,0.845,0.105
639000,0.050,0.848,0.102
639500,0.050,0.846,0.104
640000,0.050,0.843,0.107
640500,0.050,0.838,0.112
641000,0.050,0.825,0.125
641500,0.050,0.840,0.110
642000,0.050,0.834,0.116
642500,0.050,0.819,0.131
643000,0.050,0.822,0.128
643500,0.050,0.828,0.122
644000,0.050,0.828,0.122
644500,0.050,0.826,0.124
645000,0.050,0.826,0.124
645500,0.050,0.815,0.135
646000,0.050,0.811,0.138
646500,0.052,0.803,0.145
647000,0.051,0.815,0.134
647500,0.051,0.807,0.142
648000,0.050,0.809,0.140
648500,0.050,0.815,0.135
649000,0.050,0.816,0.134
649500,0.050,0.819,0.131
650000,0.050,0.826,0.124
650500,0.050,0.819,0.131
651000,0.050,0.829,0.121
651500,0.050,0.801,0.148
652000,0.050,0.807,0.143
652500,0.050,0.817,0.133
653000,0.050,0.806,0.144
653500,0.050,0.827,0.123
654000,0.050,0.822,0.128
654500,0.050,0.813,0.137
655000,0.050,0.803,0.147
655500,0.050,0.829,0.121
656000,0.050,0.820,0.130
656500,0.050,0.851,0.099
657000,0.050,0.821,0.129
657500,0.050,0.816,0.134
658000,0.050,0.821,0.129
658500,0.050,0.827,0.123
659000,0.050,0.836,0.114
659500,0.050,0.839,0.111
660000,0.050,0.808,0.141
660500,0.050,0.815,0.135
661000,0.050,0.824,0.126
661500,0.050,0.826,0.124
662000,0.050,0.828,0.122
662500,0.050,0.821,0.129
663000,0.050,0.818,0.132
663500,0.050,0.816,0.134
664000,0.050,0.806,0.143
664500,0.050,0.812,0.137
665000,0.050,0.803,0.147
665500,0.050,0.831,0.119
666000,0.050,0.846,0.104
666500,0.050,0.836,0.114
667000,0.050,0.811,0.138
667500,0.050,0.817,0.133
668000,0.050,0.830,0.120
668500,0.050,0.839,0.111
669000,0.050,0.852,0.098
669500,0.050,0.847,0.103
670000,0.050,0.859,0.091
670500,0.050,0.860,0.090
671000,0.050,0.839,0.111
671500,0.050,0.843,0.107
672000,0.050,0.841,0.109
672500,0.050,0.820,0.130
673000,0.050,0.849,0.101
673500,0.050,0.849,0.101
674000,0.050,0.855,0.095
674500,0.050,0.861,0.089
675000,0.050,0.840,0.110
675500,0.050,0.844,0.106
676000,0.050,0.845,0.105
676500,0.050,0.843,0.107
677000,0.050,0.832,0.118
677500,0.050,0.814,0.136
678000,0.050,0.810,0.139
678500,0.050,0.812,0.137
679000,0.050,0.822,0.128
679500,0.050,0.817,0.133
680000,0.050,0.819,0.131
680500,0.050,0.768,0.181
681000,0.050,0.811,0.139
681500,0.050,0.804,0.146
682000,0.050,0.832,0.118
682500,0.050,0.818,0.132
683000,0.050,0.793,0.157
683500,0.050,0.799,0.150
684000,0.050,0.820,0.130
684500,0.050,0.796,0.154
685000,0.050,0.824,0.126
685500,0.050,0.816,0.134
686000,0.050,0.811,0.139
686500,0.050,0.798,0.151
687000,0.050,0.811,0.139
687500,0.050,0.802,0.148
688000,0.050,0.799,0.150
688500,0.050,0.825,0.125
689000,0.050,0.830,0.120
689500,0.050,0.819,0.131
690000,0.050,0.805,0.144
690500,0.050,0.782,0.167
691000,0.050,0.815,0.135
691500,0.050,0.818,0.132
692000,0.050,0.846,0.104
692500,0.050,0.840,0.110
693000,0.050,0.844,0.106
693500,0.050,0.829,0.121
694000,0.050,0.837,0.113
694500,0.050,0.840,0.110
695000,0.050,0.847,0.103
695500,0.050,0.824,0.126
696000,0.050,0.830,0.120
696500,0.050,0.793,0.157
697000,0.050,0.789,0.161
697500,0.050,0.799,0.150
698000,0.050,0.801,0.148
698500,0.050,0.826,0.124
699000,0.050,0.828,0.122
699500,0.050,0.847,0.103
700000,0.050,0.839,0.111
700500,0.050,0.826,0.124
701000,0.050,0.825,0.125
701500,0.050,0.815,0.135
702000,0.050,0.819,0.131
702500,0.050,0.817,0.133
703000,0.050,0.833,0.117
703500,0.050,0.803,0.147
704000,0.050,0.801,0.149
704500,0.050,0.831,0.119
705000,0.050,0.843,0.107
705500,0.050,0.826,0.124
706000,0.050,0.832,0.118
706500,0.050,0.850,0.100
707000,0.050,0.846,0.104
707500,0.050,0.839,0.111
708000,0.050,0.803,0.146
708500,0.050,0.817,0.133
709000,0.050,0.791,0.158
709500,0.050,0.790,0.160
710000,0.050,0.837,0.113
710500,0.050,0.832,0.118
711000,0.050,0.840,0.110
711500,0.050,0.834,0.116
712000,0.050,0.810,0.139
712500,0.050,0.793,0.157
713000,0.050,0.800,0.149
713500,0.050,0.835,0.115
714000,0.050,0.849,0.101
714500,0.050,0.818,0.132
715000,0.050,0.815,0.135
715500,0.050,0.832,0.118
716000,0.050,0.840,0.110
716500,0.050,0.842,0.108
717000,0.050,0.848,0.102
717500,0.050,0.812,0.138
718000,0.050,0.811,0.139
718500,0.050,0.829,0.121
719000,0.050,0.836,0.114
719500,0.050,0.842,0.108
720000,0.050,0.828,0.122
720500,0.050,0.796,0.153
721000,0.050,0.825,0.125
721500,0.050,0.812,0.137
722000,0.050,0.828,0.122
722500,0.050,0.808,0.141
723000,0.050,0.824,0.126
723500,0.050,0.831,0.119
724000,0.050,0.807,0.143
724500,0.050,0.814,0.136
725000,0.050,0.809,0.141
725500,0.050,0.791,0.159
726000,0.050,0.772,0.177
726500,0.050,0.814,0.136
727000,0.050,0.816,0.134
727500,0.050,0.824,0.126
728000,0.050,0.840,0.110
728500,0.050,0.843,0.107
729000,0.050,0.824,0.126
729500,0.050,0.848,0.102
730000,0.050,0.844,0.106
730500,0.050,0.847,0.103
731000,0.050,0.840,0.110
731500,0.050,0.823,0.127
732000,0.050,0.829,0.121
732500,0.051,0.797,0.152
733000,0.050,0.793,0.156
733500,0.050,0.826,0.124
734000,0.050,0.809,0.141
734500,0.050,0.820,0.130
735000,0.050,0.801,0.149
735500,0.050,0.812,0.138
736000,0.050,0.842,0.108
736500,0.050,0.863,0.087
737000,0.050,0.863,0.087
737500,0.050,0.853,0.097
738000,0.050,0.826,0.124
738500,0.050,0.794,0.155
739000,0.050,0.812,0.137
739500,0.050,0.822,0.128
740000,0.050,0.849,0.101
740500,0.050,0.831,0.119
741000,0.050,0.845,0.105
741500,0.050,0.816,0.134
742000,0.050,0.810,0.140
742500,0.050,0.804,0.145
743000,0.050,0.822,0.128
743500,0.050,0.806,0.144
744000,0.050,0.833,0.117
744500,0.050,0.842,0.108
745000,0.050,0.837,0.113
745500,0.050,0.839,0.111
746000,0.050,0.843,0.107
746500,0.050,0.835,0.115
747000,0.050,0.815,0.135
747500,0.050,0.817,0.133
748000,0.050,0.809,0.141
748500,0.050,0.800,0.150
749000,0.050,0.829,0.121
749500,0.050,0.807,0.143
750000,0.050,0.824,0.126
750500,0.050,0.842,0.108
751000,0.050,0.841,0.109
751500,0.050,0.832,0.118
752000,0.050,0.831,0.119
752500,0.050,0.831,0.119
753000,0.050,0.826,0.124
753500,0.050,0.832,0.118
754000,0.050,0.818,0.132
754500,0.051,0.823,0.126
755000,0.051,0.810,0.139
755500,0.050,0.838,0.112
756000,0.050,0.816,0.134
756500,0.050,0.843,0.107
757000,0.050,0.837,0.113
757500,0.050,0.857,0.093
758000,0.050,0.864,0.086
758500,0.050,0.845,0.105
759000,0.050,0.853,0.097
759500,0.050,0.830,0.120
760000,0.050,0.828,0.122
760500,0.050,0.841,0.109
761000,0.050,0.822,0.128
761500,0.050,0.820,0.130
762000,0.050,0.818,0.132
762500,0.050,0.800,0.149
763000,0.050,0.828,0.122
763500,0.050,0.828,0.122
764000,0.050,0.808,0.142
764500,0.050,0.820,0.130
765000,0.050,0.822,0.128
765500,0.050,0.823,0.127
766000,0.050,0.854,0.096
766500,0.050,0.852,0.098
767000,0.050,0.845,0.105
767500,0.050,0.817,0.133
768000,0.050,0.834,0.116
768500,0.050,0.839,0.111
769000,0.050,0.819,0.131
769500,0.050,0.810,0.140
770000,0.050,0.790,0.160
770500,0.050,0.799,0.151
771000,0.050,0.803,0.147
771500,0.050,0.815,0.135
772000,0.050,0.820,0.130
772500,0.050,0.820,0.130
773000,0.050,0.839,0.111
773500,0.050,0.837,0.113
774000,0.050,0.822,0.128
774500,0.050,0.836,0.114
775000,0.050,0.808,0.141
775500,0.050,0.814,0.136
776000,0.050,0.816,0.134
776500,0.050,0.819,0.131
777000,0.050,0.819,0.131
777500,0.050,0.822,0.128
778000,0.050,0.819,0.131
778500,0.050,0.828,0.122
779000,0.050,0.829,0.121
779500,0.050,0.827,0.123
780000,0.050,0.849,0.101
780500,0.050,0.836,0.114
781000,0.050,0.820,0.130
781500,0.050,0.805,0.144
782000,0.050,0.800,0.150
782500,0.050,0.809,0.140
783000,0.050,0.831,0.119
783500,0.050,0.826,0.124
784000,0.050,0.814,0.136
784500,0.050,0.824,0.126
785000,0.050,0.835,0.115
785500,0.050,0.855,0.095
786000,0.050,0.833,0.117
786500,0.050,0.832,0.118
787000,0.050,0.818,0.132
787500,0.050,0.827,0.123
788000,0.050,0.828,0.122
788500,0.050,0.842,0.108
789000,0.050,0.840,0.110
789500,0.050,0.824,0.126
790000,0.050,0.824,0.126
790500,0.050,0.837,0.113
791000,0.050,0.831,0.119
791500,0.050,0.809,0.140
792000,0.050,0.817,0.133
792500,0.050,0.812,0.137
793000,0.050,0.829,0.121
793500,0.050,0.803,0.146
794000,0.050,0.834,0.116
794500,0.050,0.840,0.110
795000,0.050,0.819,0.131
795500,0.050,0.807,0.142
796000,0.050,0.851,0.099
796500,0.050,0.804,0.145
797000,0.050,0.811,0.138
797500,0.050,0.827,0.123
798000,0.050,0.785,0.164
798500,0.050,0.815,0.135
799000,0.050,0.810,0.140
799500,0.050,0.826,0.124
800000,0.050,0.827,0.123
800500,0.050,0.826,0.124
801000,0.050,0.821,0.129
801500,0.050,0.806,0.143
802000,0.050,0.822,0.128
802500,0.050,0.833,0.117
803000,0.050,0.806,0.143
803500,0.050,0.816,0.134
804000,0.050,0.828,0.122
804500,0.050,0.839,0.111
805000,0.050,0.852,0.098
805500,0.050,0.831,0.119
806000,0.050,0.842,0.108
806500,0.050,0.840,0.110
807000,0.050,0.842,0.108
807500,0.051,0.832,0.118
808000,0.050,0.854,0.096
808500,0.050,0.840,0.110
809000,0.050,0.847,0.103
809500,0.050,0.819,0.131
810000,0.050,0.814,0.136
810500,0.050,0.801,0.149
811000,0.050,0.808,0.141
811500,0.050,0.838,0.112
812000,0.050,0.851,0.099
812500,0.050,0.830,0.120
813000,0.050,0.837,0.113
813500,0.050,0.852,0.098
814000,0.050,0.841,0.109
814500,0.050,0.828,0.122
815000,0.050,0.828,0.122
815500,0.050,0.828,0.122
816000,0.050,0.803,0.146
816500,0.050,0.802,0.148
817000,0.050,0.794,0.156
817500,0.050,0.816,0.134
818000,0.050,0.838,0.112
818500,0.050,0.862,0.088
819000,0.050,0.837,0.113
819500,0.050,0.835,0.115
820000,0.050,0.808,0.141
820500,0.050,0.838,0.112
821000,0.050,0.839,0.111
821500,0.050,0.824,0.126
822000,0.050,0.821,0.129
822500,0.050,0.828,0.122
823000,0.050,0.829,0.121
823500,0.050,0.830,0.120
824000,0.050,0.830,0.120
824500,0.052,0.799,0.148
825000,0.052,0.816,0.132
825500,0.050,0.829,0.121
826000,0.050,0.819,0.131
826500,0.050,0.802,0.147
827000,0.050,0.818,0.132
827500,0.050,0.812,0.138
828000,0.050,0.809,0.141
828500,0.050,0.820,0.130
829000,0.050,0.841,0.109
829500,0.050,0.828,0.122
830000,0.050,0.856,0.094
830500,0.050,0.844,0.106
831000,0.050,0.845,0.105
831500,0.050,0.845,0.105
832000,0.050,0.836,0.114
832500,0.050,0.833,0.117
833000,0.050,0.830,0.120
833500,0.050,0.839,0.111
834000,0.050,0.849,0.101
834500,0.050,0.848,0.102
835000,0.050,0.849,0.101
835500,0.050,0.863,0.087
836000,0.050,0.847,0.103
836500,0.050,0.833,0.117
837000,0.050,0.823,0.127
837500,0.050,0.825,0.125
838000,0.050,0.829,0.121
838500,0.050,0.820,0.130
839000,0.050,0.800,0.150
839500,0.050,0.810,0.140
840000,0.050,0.801,0.148
840500,0.050,0.781,0.169
841000,0.050,0.773,0.176
841500,0.050,0.828,0.122
842000,0.050,0.856,0.094
842500,0.050,0.839,0.111
843000,0.050,0.832,0.118
843500,0.050,0.844,0.106
844000,0.050,0.831,0.119
844500,0.050,0.835,0.115
845000,0.050,0.847,0.103
845500,0.050,0.827,0.123
846000,0.050,0.851,0.099
846500,0.050,0.856,0.094
847000,0.050,0.848,0.102
847500,0.050,0.834,0.116
848000,0.050,0.831,0.119
848500,0.050,0.823,0.127
849000,0.050,0.809,0.140
849500,0.050,0.820,0.130
850000,0.050,0.780,0.169
850500,0.050,0.808,0.141
851000,0.050,0.829,0.121
851500,0.050,0.808,0.142
852000,0.050,0.827,0.123
852500,0.050,0.830,0.120
853000,0.050,0.838,0.112
853500,0.050,0.846,0.104
854000,0.050,0.840,0.110
854500,0.050,0.832,0.118
855000,0.050,0.847,0.103
855500,0.050,0.829,0.121
856000,0.050,0.826,0.124
856500,0.050,0.821,0.129
857000,0.050,0.796,0.153
857500,0.050,0.793,0.156
858000,0.050,0.795,0.155
858500,0.050,0.806,0.143
859000,0.050,0.820,0.130
859500,0.050,0.818,0.132
860000,0.050,0.801,0.149
860500,0.050,0.821,0.129
861000,0.050,0.836,0.114
861500,0.050,0.843,0.107
862000,0.050,0.832,0.118
862500,0.050,0.825,0.125
863000,0.050,0.830,0.120
863500,0.050,0.843,0.107
864000,0.050,0.835,0.115
864500,0.050,0.815,0.135
865000,0.050,0.808,0.141
865500,0.050,0.830,0.120
866000,0.050,0.850,0.100
866500,0.050,0.848,0.102
867000,0.050,0.819,0.131
867500,0.050,0.821,0.129
868000,0.050,0.839,0.111
868500,0.050,0.846,0.104
869000,0.050,0.854,0.096
869500,0.050,0.832,0.118
870000,0.050,0.810,0.140
870500,0.050,0.827,0.123
871000,0.050,0.832,0.118
871500,0.050,0.837,0.113
872000,0.050,0.817,0.133
872500,0.050,0.839,0.111
873000,0.050,0.848,0.102
873500,0.051,0.821,0.128
874000,0.050,0.831,0.119
874500,0.050,0.836,0.114
875000,0.050,0.823,0.127
875500,0.050,0.822,0.128
876000,0.050,0.826,0.124
876500,0.050,0.841,0.109
877000,0.050,0.816,0.134
877500,0.050,0.831,0.119
878000,0.050,0.835,0.115
878500,0.050,0.839,0.111
879000,0.050,0.831,0.119
879500,0.050,0.844,0.106
880000,0.050,0.853,0.097
880500,0.050,0.836,0.114
881000,0.050,0.804,0.146
881500,0.050,0.822,0.128
882000,0.050,0.833,0.117
882500,0.050,0.846,0.104
883000,0.050,0.844,0.106
883500,0.050,0.825,0.125
884000,0.050,0.829,0.121
884500,0.050,0.819,0.131
885000,0.050,0.822,0.128
885500,0.050,0.809,0.140
886000,0.050,0.794,0.155
886500,0.050,0.829,0.121
887000,0.050,0.835,0.115
887500,0.050,0.826,0.124
888000,0.050,0.778,0.171
888500,0.050,0.800,0.150
889000,0.050,0.819,0.131
889500,0.050,0.812,0.138
890000,0.050,0.828,0.122
890500,0.050,0.812,0.138
891000,0.050,0.824,0.126
891500,0.050,0.805,0.144
892000,0.050,0.818,0.132
892500,0.050,0.820,0.130
893000,0.050,0.830,0.120
893500,0.050,0.834,0.116
894000,0.050,0.805,0.144
894500,0.050,0.818,0.132
895000,0.050,0.829,0.121
895500,0.050,0.812,0.138
896000,0.050,0.806,0.144
896500,0.050,0.789,0.161
897000,0.050,0.802,0.147
897500,0.050,0.806,0.144
898000,0.050,0.780,0.170
898500,0.050,0.787,0.162
899000,0.050,0.800,0.150
899500,0.050,0.803,0.146
900000,0.050,0.823,0.127
900500,0.050,0.820,0.130
901000,0.050,0.803,0.146
901500,0.050,0.824,0.126
902000,0.050,0.832,0.118
902500,0.050,0.820,0.130
903000,0.050,0.833,0.117
903500,0.050,0.822,0.128
904000,0.050,0.824,0.126
904500,0.050,0.822,0.128
905000,0.050,0.811,0.138
905500,0.050,0.797,0.153
906000,0.050,0.824,0.126
906500,0.050,0.815,0.135
907000,0.050,0.820,0.130
907500,0.050,0.833,0.117
908000,0.050,0.850,0.100
908500,0.050,0.855,0.095
909000,0.050,0.827,0.123
909500,0.050,0.837,0.113
910000,0.050,0.839,0.111
910500,0.050,0.816,0.134
911000,0.050,0.843,0.107
911500,0.050,0.830,0.120
912000,0.050,0.802,0.148
912500,0.050,0.826,0.124
913000,0.050,0.830,0.120
913500,0.050,0.822,0.128
914000,0.050,0.838,0.112
914500,0.050,0.856,0.094
915000,0.050,0.855,0.095
915500,0.050,0.858,0.092
916000,0.050,0.856,0.094
916500,0.050,0.872,0.078
917000,0.050,0.828,0.122
917500,0.050,0.846,0.104
918000,0.050,0.841,0.109
918500,0.050,0.821,0.129
919000,0.050,0.828,0.122
919500,0.050,0.847,0.103
920000,0.050,0.838,0.112
920500,0.050,0.835,0.115
921000,0.050,0.796,0.154
921500,0.050,0.802,0.147
922000,0.050,0.821,0.129
922500,0.050,0.792,0.158
923000,0.050,0.818,0.132
923500,0.050,0.827,0.123
924000,0.050,0.813,0.137
924500,0.050,0.802,0.148
925000,0.050,0.819,0.131
925500,0.050,0.793,0.157
926000,0.050,0.797,0.153
926500,0.050,0.789,0.161
927000,0.050,0.809,0.140
927500,0.050,0.821,0.129
928000,0.050,0.835,0.115
928500,0.050,0.827,0.123
929000,0.050,0.846,0.104
929500,0.050,0.839,0.111
930000,0.050,0.819,0.131
930500,0.050,0.825,0.125
931000,0.050,0.813,0.137
931500,0.050,0.820,0.130
932000,0.050,0.803,0.146
932500,0.050,0.803,0.146
933000,0.050,0.809,0.140
933500,0.050,0.819,0.131
934000,0.050,0.819,0.131
934500,0.050,0.826,0.124
935000,0.050,0.783,0.166
935500,0.050,0.797,0.152
936000,0.050,0.784,0.166
936500,0.050,0.803,0.147
937000,0.050,0.811,0.139
937500,0.050,0.792,0.158
938000,0.050,0.788,0.161
938500,0.050,0.810,0.139
939000,0.050,0.820,0.130
939500,0.050,0.818,0.132
940000,0.050,0.843,0.107
940500,0.050,0.849,0.101
941000,0.050,0.875,0.075
941500,0.050,0.866,0.084
942000,0.050,0.863,0.087
942500,0.050,0.832,0.118
943000,0.050,0.822,0.128
943500,0.050,0.794,0.155
944000,0.050,0.810,0.140
944500,0.050,0.831,0.119
945000,0.050,0.829,0.121
945500,0.050,0.829,0.121
946000,0.050,0.818,0.132
946500,0.050,0.832,0.118
947000,0.050,0.850,0.100
947500,0.050,0.842,0.108
948000,0.050,0.839,0.111
948500,0.050,0.851,0.099
949000,0.050,0.843,0.107
949500,0.050,0.819,0.131
950000,0.050,0.798,0.151
950500,0.050,0.844,0.106
951000,0.050,0.829,0.121
951500,0.050,0.819,0.131
952000,0.050,0.820,0.130
952500,0.050,0.822,0.128
953000,0.050,0.815,0.135
953500,0.050,0.828,0.122
954000,0.050,0.836,0.114
954500,0.050,0.845,0.105
955000,0.050,0.851,0.099
955500,0.050,0.828,0.122
956000,0.050,0.842,0.108
956500,0.050,0.852,0.098
957000,0.050,0.832,0.118
957500,0.050,0.841,0.109
958000,0.050,0.831,0.119
958500,0.050,0.844,0.106
959000,0.050,0.831,0.119
959500,0.050,0.781,0.168
960000,0.050,0.792,0.157
960500,0.050,0.793,0.157
961000,0.050,0.811,0.139
961500,0.050,0.828,0.122
962000,0.050,0.808,0.141
962500,0.050,0.808,0.141
963000,0.050,0.840,0.110
963500,0.050,0.829,0.121
964000,0.050,0.853,0.097
964500,0.050,0.853,0.097
965000,0.050,0.846,0.104
965500,0.050,0.842,0.108
966000,0.050,0.845,0.105
966500,0.050,0.827,0.123
967000,0.050,0.827,0.123
967500,0.050,0.834,0.116
968000,0.050,0.860,0.090
968500,0.050,0.820,0.130
969000,0.050,0.818,0.132
969500,0.050,0.836,0.114
970000,0.050,0.806,0.143
970500,0.050,0.793,0.157
971000,0.050,0.804,0.146
971500,0.050,0.804,0.145
972000,0.050,0.822,0.128
972500,0.050,0.804,0.145
973000,0.052,0.794,0.154
973500,0.053,0.790,0.156
974000,0.052,0.803,0.144
974500,0.051,0.816,0.134
975000,0.050,0.820,0.130
975500,0.050,0.832,0.118
976000,0.050,0.848,0.102
976500,0.050,0.847,0.103
977000,0.050,0.835,0.115
977500,0.050,0.826,0.124
978000,0.050,0.833,0.117
978500,0.050,0.799,0.150
979000,0.050,0.803,0.146
979500,0.050,0.809,0.140
980000,0.050,0.798,0.152
980500,0.050,0.816,0.134
981000,0.051,0.821,0.128
981500,0.051,0.831,0.119
982000,0.051,0.837,0.113
982500,0.050,0.816,0.134
983000,0.050,0.784,0.166
983500,0.050,0.812,0.137
984000,0.050,0.817,0.133
984500,0.050,0.829,0.121
985000,0.050,0.828,0.122
985500,0.050,0.823,0.127
986000,0.050,0.799,0.151
986500,0.050,0.819,0.131
987000,0.050,0.825,0.125
987500,0.050,0.822,0.128
988000,0.050,0.808,0.141
988500,0.050,0.803,0.146
989000,0.050,0.805,0.144
989500,0.050,0.767,0.182
990000,0.050,0.763,0.187
990500,0.050,0.775,0.174
991000,0.050,0.781,0.168
991500,0.050,0.818,0.132
992000,0.050,0.835,0.115
992500,0.050,0.796,0.153
993000,0.050,0.805,0.144
993500,0.050,0.799,0.150
994000,0.051,0.813,0.136
994500,0.051,0.807,0.142
995000,0.050,0.798,0.152
995500,0.050,0.800,0.149
996000,0.050,0.833,0.117
996500,0.050,0.838,0.112
997000,0.050,0.844,0.106
997500,0.050,0.812,0.137
998000,0.050,0.831,0.119
998500,0.050,0.825,0.125
999000,0.050,0.826,0.124
999500,0.050,0.822,0.128
1000000,0.050,0.835,0.115
