time,n_A+p,n_B,n_AB
100,0.426,0.355,0.219
200,0.417,0.293,0.289
300,0.434,0.277,0.289
400,0.401,0.289,0.310
500,0.438,0.277,0.285
600,0.533,0.215,0.252
700,0.483,0.236,0.281
800,0.475,0.256,0.269
900,0.450,0.256,0.293
1000,0.442,0.248,0.310
1100,0.479,0.273,0.248
1200,0.479,0.248,0.273
1300,0.479,0.211,0.310
1400,0.463,0.219,0.318
1500,0.488,0.178,0.335
1600,0.508,0.145,0.347
1700,0.512,0.161,0.326
1800,0.521,0.140,0.339
1900,0.574,0.112,0.314
2000,0.595,0.149,0.256
2100,0.620,0.124,0.256
2200,0.682,0.116,0.202
2300,0.707,0.083,0.211
2400,0.702,0.054,0.244
2500,0.731,0.066,0.202
2600,0.736,0.087,0.178
2700,0.731,0.054,0.215
2800,0.785,0.021,0.194
2900,0.814,0.017,0.169
3000,0.822,0.012,0.165
3100,0.839,0.025,0.136
3200,0.839,0.029,0.132
3300,0.831,0.017,0.153
3400,0.868,0.017,0.116
3500,0.888,0.004,0.107
3600,0.909,0.004,0.087
3700,0.917,0.004,0.079
3800,0.934,0.004,0.062
3900,0.938,0.000,0.062
4000,0.946,0.000,0.054
4100,0.971,0.000,0.029
4200,0.979,0.000,0.021
4300,0.988,0.000,0.012
4400,0.992,0.000,0.008
4500,0.992,0.000,0.008
4600,0.992,0.000,0.008
4700,0.992,0.000,0.008
4800,0.983,0.000,0.017
4900,0.983,0.000,0.017
5000,0.971,0.000,0.029
5100,0.963,0.000,0.037
5200,0.975,0.000,0.025
5300,0.983,0.000,0.017
5400,0.971,0.000,0.029
5500,0.988,0.000,0.012
5600,0.975,0.000,0.025
5700,0.975,0.000,0.025
5800,0.979,0.000,0.021
5900,0.988,0.000,0.012
6000,0.992,0.000,0.008
6100,0.996,0.000,0.004
6200,0.996,0.000,0.004
6300,1.000,0.000,0.000
