time,n_A+p,n_B,n_AB
500,0.080,0.845,0.075
1000,0.087,0.785,0.128
1500,0.087,0.735,0.178
2000,0.088,0.688,0.224
2500,0.089,0.652,0.259
3000,0.095,0.637,0.268
3500,0.100,0.629,0.271
4000,0.101,0.591,0.308
4500,0.107,0.563,0.330
5000,0.110,0.554,0.336
5500,0.114,0.540,0.346
6000,0.113,0.529,0.358
6500,0.122,0.522,0.356
7000,0.134,0.517,0.349
7500,0.136,0.484,0.380
8000,0.156,0.467,0.377
8500,0.142,0.486,0.372
9000,0.148,0.487,0.365
9500,0.152,0.460,0.388
10000,0.158,0.418,0.424
10500,0.168,0.407,0.425
11000,0.160,0.385,0.455
11500,0.174,0.385,0.441
12000,0.190,0.364,0.446
12500,0.209,0.355,0.436
13000,0.236,0.316,0.448
13500,0.246,0.300,0.454
14000,0.250,0.322,0.428
14500,0.251,0.273,0.476
15000,0.293,0.244,0.463
15500,0.319,0.249,0.432
16000,0.327,0.211,0.462
16500,0.385,0.165,0.450
17000,0.393,0.140,0.467
17500,0.454,0.122,0.424
18000,0.503,0.090,0.407
18500,0.546,0.059,0.395
19000,0.613,0.053,0.334
19500,0.657,0.045,0.298
20000,0.685,0.034,0.281
20500,0.718,0.032,0.250
21000,0.747,0.020,0.233
21500,0.765,0.008,0.227
22000,0.776,0.007,0.217
22500,0.834,0.004,0.162
23000,0.831,0.001,0.168
23500,0.849,0.000,0.151
24000,0.884,0.000,0.116
24500,0.913,0.000,0.087
25000,0.938,0.000,0.062
25500,0.958,0.000,0.042
26000,0.965,0.000,0.035
26500,0.968,0.000,0.032
27000,0.964,0.000,0.036
27500,0.970,0.000,0.030
28000,0.978,0.000,0.022
28500,0.983,0.000,0.017
29000,0.995,0.000,0.005
29500,0.991,0.000,0.009
30000,0.994,0.000,0.006
30500,0.998,0.000,0.002
31000,0.999,0.000,0.001
31500,1.000,0.000,0.000
