time,n_A+p,n_B,n_AB,avg_entropy_simp
500,0.031,0.896,0.073,0.379500
1000,0.030,0.829,0.141,0.411278
1500,0.045,0.692,0.263,0.536108
2000,0.052,0.548,0.399,0.530779
2500,0.061,0.420,0.520,0.487421
3000,0.044,0.333,0.623,0.397727
3500,0.079,0.255,0.666,0.369107
4000,0.093,0.218,0.689,0.388515
4500,0.096,0.196,0.708,0.398651
5000,0.079,0.160,0.761,0.310913
5500,0.076,0.147,0.777,0.277129
6000,0.084,0.127,0.789,0.305176
6500,0.092,0.134,0.774,0.376957
7000,0.101,0.128,0.771,0.367926
7500,0.095,0.111,0.795,0.308345
8000,0.111,0.095,0.795,0.351619
8500,0.125,0.108,0.767,0.393592
9000,0.110,0.104,0.786,0.344004
9500,0.084,0.103,0.813,0.303648
10000,0.074,0.119,0.807,0.296006
10500,0.090,0.118,0.792,0.338241
11000,0.088,0.122,0.790,0.341150
11500,0.079,0.138,0.783,0.350540
12000,0.091,0.133,0.776,0.405884
12500,0.076,0.116,0.808,0.365749
13000,0.063,0.112,0.825,0.360391
13500,0.096,0.107,0.797,0.408412
14000,0.089,0.118,0.793,0.441608
14500,0.096,0.085,0.819,0.363086
15000,0.085,0.084,0.831,0.308375
15500,0.093,0.084,0.823,0.394857
16000,0.082,0.087,0.831,0.373920
16500,0.107,0.081,0.813,0.352465
17000,0.090,0.079,0.832,0.277984
17500,0.107,0.077,0.815,0.381179
18000,0.107,0.073,0.820,0.382047
18500,0.090,0.089,0.821,0.335775
19000,0.085,0.088,0.827,0.342115
19500,0.107,0.081,0.812,0.355453
20000,0.099,0.083,0.818,0.342394
20500,0.103,0.061,0.836,0.270136
21000,0.102,0.072,0.827,0.365870
21500,0.096,0.096,0.808,0.362932
22000,0.088,0.075,0.836,0.294224
22500,0.094,0.075,0.831,0.282807
23000,0.146,0.085,0.769,0.447387
23500,0.143,0.080,0.777,0.375742
24000,0.112,0.069,0.819,0.327775
24500,0.108,0.054,0.838,0.279673
25000,0.087,0.083,0.829,0.376664
25500,0.097,0.055,0.849,0.284912
26000,0.095,0.070,0.835,0.364730
26500,0.091,0.119,0.789,0.459093
27000,0.090,0.101,0.808,0.374627
27500,0.129,0.066,0.804,0.406348
28000,0.107,0.093,0.800,0.488182
28500,0.119,0.063,0.818,0.409538
29000,0.116,0.079,0.806,0.414328
29500,0.116,0.079,0.805,0.413287
30000,0.106,0.070,0.824,0.389362
30500,0.099,0.068,0.833,0.378516
31000,0.090,0.051,0.859,0.287895
31500,0.086,0.068,0.846,0.354380
32000,0.084,0.051,0.864,0.300925
32500,0.080,0.071,0.849,0.381185
33000,0.077,0.086,0.838,0.398254
33500,0.086,0.084,0.831,0.415706
34000,0.083,0.079,0.838,0.386357
34500,0.088,0.087,0.824,0.333443
35000,0.107,0.071,0.822,0.370313
35500,0.102,0.066,0.832,0.362422
36000,0.091,0.065,0.844,0.268827
36500,0.116,0.062,0.822,0.302330
37000,0.125,0.058,0.817,0.406352
37500,0.130,0.049,0.820,0.430174
38000,0.101,0.050,0.849,0.329198
38500,0.095,0.051,0.854,0.304716
39000,0.071,0.091,0.838,0.337918
39500,0.120,0.062,0.818,0.384615
40000,0.120,0.076,0.803,0.417799
40500,0.122,0.069,0.809,0.334192
41000,0.152,0.063,0.785,0.422846
41500,0.130,0.062,0.808,0.334659
42000,0.121,0.074,0.805,0.364992
42500,0.119,0.084,0.797,0.417443
43000,0.104,0.083,0.813,0.375781
43500,0.108,0.083,0.810,0.347771
44000,0.126,0.078,0.796,0.408318
44500,0.119,0.096,0.785,0.427591
45000,0.119,0.098,0.782,0.443185
45500,0.125,0.062,0.813,0.343415
46000,0.123,0.065,0.813,0.374499
46500,0.132,0.093,0.775,0.430072
47000,0.120,0.079,0.800,0.360583
47500,0.105,0.075,0.821,0.358692
48000,0.094,0.045,0.860,0.235339
48500,0.097,0.052,0.851,0.236586
49000,0.102,0.061,0.836,0.346133
49500,0.130,0.054,0.816,0.347493
50000,0.097,0.082,0.821,0.346411
50500,0.093,0.063,0.843,0.304728
51000,0.109,0.042,0.849,0.375238
51500,0.092,0.062,0.846,0.303380
52000,0.097,0.054,0.849,0.318267
52500,0.093,0.040,0.867,0.302089
53000,0.127,0.051,0.822,0.393027
53500,0.120,0.047,0.833,0.313142
54000,0.102,0.066,0.832,0.364445
54500,0.112,0.049,0.839,0.319441
55000,0.114,0.054,0.833,0.320833
55500,0.132,0.058,0.810,0.378362
56000,0.118,0.058,0.825,0.341392
56500,0.083,0.072,0.845,0.340909
57000,0.090,0.063,0.847,0.307768
57500,0.097,0.062,0.841,0.380395
58000,0.084,0.068,0.848,0.323307
58500,0.086,0.092,0.822,0.365558
59000,0.102,0.061,0.836,0.356703
59500,0.099,0.072,0.829,0.414834
60000,0.075,0.076,0.849,0.397032
60500,0.065,0.058,0.877,0.246024
61000,0.091,0.063,0.846,0.410397
61500,0.105,0.065,0.830,0.431325
62000,0.107,0.048,0.845,0.369964
62500,0.112,0.058,0.829,0.365838
63000,0.153,0.068,0.780,0.429167
63500,0.137,0.084,0.779,0.416818
64000,0.148,0.093,0.759,0.510643
64500,0.116,0.099,0.785,0.413436
65000,0.130,0.097,0.773,0.478965
65500,0.094,0.068,0.839,0.306984
66000,0.105,0.051,0.844,0.348235
66500,0.107,0.055,0.838,0.330269
67000,0.104,0.056,0.841,0.323438
67500,0.109,0.054,0.838,0.352746
68000,0.114,0.084,0.803,0.408315
68500,0.102,0.065,0.832,0.300061
69000,0.124,0.049,0.827,0.365915
69500,0.120,0.062,0.818,0.393032
70000,0.098,0.067,0.835,0.340221
70500,0.090,0.065,0.845,0.342303
71000,0.102,0.075,0.822,0.373079
71500,0.108,0.075,0.817,0.377623
72000,0.100,0.092,0.808,0.367673
72500,0.100,0.072,0.829,0.342029
73000,0.101,0.060,0.839,0.338486
73500,0.107,0.063,0.830,0.347226
74000,0.106,0.049,0.845,0.294391
74500,0.111,0.070,0.819,0.407571
75000,0.108,0.061,0.831,0.331854
75500,0.094,0.093,0.813,0.421218
76000,0.105,0.075,0.821,0.400899
76500,0.093,0.093,0.815,0.385616
77000,0.105,0.074,0.821,0.414675
77500,0.094,0.083,0.823,0.335386
78000,0.104,0.062,0.835,0.328197
78500,0.087,0.069,0.845,0.327378
79000,0.086,0.059,0.854,0.287399
79500,0.111,0.079,0.810,0.408213
80000,0.104,0.056,0.839,0.316183
80500,0.094,0.072,0.834,0.373250
81000,0.097,0.062,0.842,0.293691
81500,0.100,0.081,0.819,0.430803
82000,0.118,0.061,0.821,0.327243
82500,0.109,0.038,0.852,0.269545
83000,0.116,0.037,0.847,0.298351
83500,0.118,0.045,0.837,0.293014
84000,0.152,0.051,0.797,0.377536
84500,0.144,0.077,0.778,0.471335
85000,0.134,0.063,0.802,0.380857
85500,0.114,0.084,0.802,0.439935
86000,0.120,0.081,0.799,0.367150
86500,0.115,0.061,0.825,0.336268
87000,0.095,0.088,0.817,0.425522
87500,0.100,0.070,0.830,0.328430
88000,0.126,0.064,0.810,0.397724
88500,0.125,0.053,0.822,0.365194
89000,0.111,0.076,0.814,0.437129
89500,0.104,0.044,0.852,0.284830
90000,0.102,0.044,0.854,0.301802
90500,0.120,0.041,0.838,0.342960
91000,0.114,0.074,0.812,0.394763
91500,0.107,0.047,0.846,0.308953
92000,0.114,0.054,0.832,0.395318
92500,0.105,0.063,0.831,0.390278
93000,0.098,0.072,0.831,0.369252
93500,0.129,0.069,0.803,0.399560
94000,0.130,0.045,0.825,0.282063
94500,0.146,0.048,0.807,0.329130
95000,0.125,0.069,0.806,0.369704
95500,0.107,0.081,0.812,0.309201
96000,0.122,0.077,0.801,0.380723
96500,0.120,0.069,0.810,0.351582
97000,0.123,0.049,0.828,0.303978
97500,0.111,0.074,0.815,0.392357
98000,0.094,0.082,0.824,0.334599
98500,0.124,0.075,0.802,0.398524
99000,0.118,0.045,0.838,0.310093
99500,0.109,0.051,0.839,0.268316
100000,0.134,0.048,0.818,0.299617
