time,n_A+p,n_B,n_AB,avg_entropy_simp
500,0.028,0.912,0.060,0.125840
1000,0.032,0.829,0.138,0.260942
1500,0.051,0.770,0.180,0.305616
2000,0.060,0.719,0.221,0.326448
2500,0.069,0.645,0.286,0.377262
3000,0.106,0.544,0.350,0.434862
3500,0.111,0.424,0.465,0.445130
4000,0.111,0.438,0.452,0.444455
4500,0.124,0.378,0.498,0.450426
5000,0.097,0.341,0.562,0.406931
5500,0.111,0.392,0.498,0.441510
6000,0.189,0.323,0.488,0.474229
6500,0.143,0.346,0.512,0.441638
7000,0.221,0.240,0.539,0.440724
7500,0.272,0.226,0.502,0.461561
8000,0.369,0.147,0.484,0.435209
8500,0.304,0.120,0.576,0.410338
9000,0.290,0.157,0.553,0.419776
9500,0.313,0.184,0.502,0.443886
10000,0.429,0.074,0.498,0.409920
10500,0.341,0.120,0.539,0.426106
11000,0.442,0.120,0.438,0.439117
11500,0.429,0.120,0.452,0.434092
12000,0.336,0.147,0.516,0.449462
12500,0.419,0.111,0.470,0.439421
13000,0.415,0.115,0.470,0.435077
13500,0.521,0.083,0.396,0.412870
14000,0.530,0.046,0.424,0.393172
14500,0.530,0.046,0.424,0.371128
15000,0.502,0.065,0.433,0.387639
15500,0.470,0.111,0.419,0.437225
16000,0.456,0.078,0.465,0.408054
16500,0.498,0.051,0.452,0.393960
17000,0.507,0.083,0.410,0.419406
17500,0.502,0.111,0.387,0.424075
18000,0.387,0.101,0.512,0.430328
18500,0.438,0.060,0.502,0.412464
19000,0.493,0.065,0.442,0.397108
19500,0.516,0.074,0.410,0.417070
20000,0.488,0.074,0.438,0.408645
20500,0.493,0.097,0.410,0.428206
21000,0.373,0.129,0.498,0.421840
21500,0.392,0.115,0.493,0.428526
22000,0.378,0.101,0.521,0.412313
22500,0.396,0.111,0.493,0.427178
23000,0.369,0.124,0.507,0.444991
23500,0.470,0.134,0.396,0.435075
24000,0.429,0.157,0.415,0.460149
24500,0.442,0.069,0.488,0.413263
25000,0.502,0.032,0.465,0.379753
25500,0.475,0.097,0.429,0.413921
26000,0.447,0.092,0.461,0.415400
26500,0.419,0.101,0.479,0.436955
27000,0.419,0.120,0.461,0.443480
27500,0.286,0.152,0.562,0.421898
28000,0.346,0.152,0.502,0.444184
28500,0.327,0.147,0.525,0.440959
29000,0.346,0.157,0.498,0.448236
29500,0.336,0.124,0.539,0.434095
30000,0.304,0.138,0.558,0.426708
30500,0.369,0.161,0.470,0.450747
31000,0.401,0.124,0.475,0.452559
31500,0.382,0.111,0.507,0.424553
32000,0.424,0.124,0.452,0.443517
32500,0.327,0.138,0.535,0.434390
33000,0.350,0.171,0.479,0.473145
33500,0.378,0.101,0.521,0.433491
34000,0.318,0.166,0.516,0.451380
34500,0.392,0.161,0.447,0.455685
35000,0.300,0.221,0.479,0.478957
35500,0.253,0.203,0.544,0.458013
36000,0.198,0.221,0.581,0.415550
36500,0.300,0.226,0.475,0.466482
37000,0.249,0.258,0.493,0.458936
37500,0.244,0.175,0.581,0.422773
38000,0.295,0.194,0.512,0.450012
38500,0.276,0.203,0.521,0.448907
39000,0.336,0.194,0.470,0.458848
39500,0.332,0.134,0.535,0.432098
40000,0.373,0.106,0.521,0.434282
40500,0.452,0.106,0.442,0.434440
41000,0.369,0.189,0.442,0.456221
41500,0.355,0.184,0.461,0.461009
42000,0.369,0.143,0.488,0.451525
42500,0.313,0.230,0.456,0.471558
43000,0.244,0.226,0.530,0.457033
43500,0.276,0.235,0.488,0.465987
44000,0.313,0.198,0.488,0.460407
44500,0.290,0.203,0.507,0.458267
45000,0.378,0.129,0.493,0.448974
45500,0.373,0.101,0.525,0.399721
46000,0.382,0.166,0.452,0.458909
46500,0.401,0.120,0.479,0.417249
47000,0.369,0.189,0.442,0.465199
47500,0.355,0.147,0.498,0.445607
48000,0.318,0.203,0.479,0.469736
48500,0.364,0.198,0.438,0.468000
49000,0.364,0.152,0.484,0.447031
49500,0.401,0.124,0.475,0.446106
50000,0.484,0.106,0.410,0.428954
50500,0.442,0.115,0.442,0.436585
51000,0.369,0.189,0.442,0.472193
51500,0.373,0.129,0.498,0.441305
52000,0.359,0.106,0.535,0.422407
52500,0.369,0.124,0.507,0.442104
53000,0.346,0.171,0.484,0.454937
53500,0.387,0.152,0.461,0.463882
54000,0.396,0.069,0.535,0.400521
54500,0.378,0.129,0.493,0.434562
55000,0.290,0.124,0.585,0.397229
55500,0.336,0.147,0.516,0.434596
56000,0.327,0.230,0.442,0.466881
56500,0.401,0.152,0.447,0.439244
57000,0.359,0.124,0.516,0.409833
57500,0.327,0.161,0.512,0.446705
58000,0.309,0.207,0.484,0.463019
58500,0.313,0.171,0.516,0.460371
59000,0.313,0.194,0.493,0.463101
59500,0.267,0.240,0.493,0.462045
60000,0.235,0.253,0.512,0.453407
60500,0.175,0.300,0.525,0.455004
61000,0.258,0.286,0.456,0.486259
61500,0.217,0.364,0.419,0.488192
62000,0.189,0.318,0.493,0.469076
62500,0.263,0.212,0.525,0.432185
63000,0.281,0.276,0.442,0.479874
63500,0.258,0.249,0.493,0.454326
64000,0.281,0.295,0.424,0.482938
64500,0.281,0.263,0.456,0.468314
65000,0.286,0.235,0.479,0.458761
65500,0.295,0.152,0.553,0.424852
66000,0.378,0.175,0.447,0.462565
66500,0.392,0.152,0.456,0.451341
67000,0.304,0.189,0.507,0.461620
67500,0.323,0.171,0.507,0.443573
68000,0.350,0.166,0.484,0.453345
68500,0.318,0.157,0.525,0.428494
69000,0.318,0.166,0.516,0.433260
69500,0.318,0.230,0.452,0.475518
70000,0.272,0.240,0.488,0.467695
70500,0.249,0.276,0.475,0.460687
71000,0.249,0.249,0.502,0.464135
71500,0.336,0.198,0.465,0.462730
72000,0.359,0.152,0.488,0.435659
72500,0.419,0.147,0.433,0.446039
73000,0.429,0.106,0.465,0.428469
73500,0.355,0.189,0.456,0.481815
74000,0.300,0.161,0.539,0.442909
74500,0.369,0.180,0.452,0.471236
75000,0.276,0.161,0.562,0.426377
75500,0.318,0.143,0.539,0.434603
76000,0.410,0.147,0.442,0.432252
76500,0.336,0.143,0.521,0.435399
77000,0.332,0.171,0.498,0.446260
77500,0.396,0.115,0.488,0.429140
78000,0.433,0.129,0.438,0.437244
78500,0.452,0.092,0.456,0.414078
79000,0.488,0.078,0.433,0.403560
79500,0.382,0.101,0.516,0.413924
80000,0.429,0.083,0.488,0.416419
80500,0.433,0.120,0.447,0.443940
81000,0.382,0.069,0.548,0.416737
81500,0.350,0.138,0.512,0.449001
82000,0.300,0.258,0.442,0.487314
82500,0.290,0.184,0.525,0.462843
83000,0.415,0.134,0.452,0.443683
83500,0.433,0.124,0.442,0.436726
84000,0.373,0.138,0.488,0.439261
84500,0.401,0.083,0.516,0.411651
85000,0.447,0.069,0.484,0.410593
85500,0.512,0.060,0.429,0.398698
86000,0.516,0.065,0.419,0.405987
86500,0.553,0.055,0.392,0.389769
87000,0.484,0.083,0.433,0.418006
87500,0.461,0.088,0.452,0.428512
88000,0.498,0.065,0.438,0.410676
88500,0.502,0.074,0.424,0.422608
89000,0.447,0.083,0.470,0.423762
89500,0.396,0.120,0.484,0.444814
90000,0.392,0.138,0.470,0.445541
90500,0.429,0.115,0.456,0.429159
91000,0.512,0.074,0.415,0.412752
91500,0.516,0.069,0.415,0.424489
92000,0.641,0.023,0.336,0.356204
92500,0.585,0.111,0.304,0.417661
93000,0.401,0.129,0.470,0.450977
93500,0.401,0.152,0.447,0.461297
94000,0.442,0.097,0.461,0.429368
94500,0.516,0.065,0.419,0.393648
95000,0.484,0.083,0.433,0.418050
95500,0.447,0.111,0.442,0.435914
96000,0.548,0.074,0.378,0.394754
96500,0.502,0.037,0.461,0.398889
97000,0.498,0.041,0.461,0.403586
97500,0.429,0.083,0.488,0.411289
98000,0.415,0.111,0.475,0.431008
98500,0.336,0.157,0.507,0.453925
99000,0.355,0.157,0.488,0.462678
99500,0.350,0.120,0.530,0.438292
100000,0.429,0.124,0.447,0.441084
