time,n_A+p,n_B,n_AB
500,0.050,0.834,0.116
1000,0.050,0.650,0.300
1500,0.050,0.600,0.350
2000,0.050,0.595,0.355
2500,0.050,0.573,0.377
3000,0.050,0.465,0.485
3500,0.050,0.534,0.416
4000,0.050,0.520,0.429
4500,0.050,0.489,0.461
5000,0.050,0.470,0.479
5500,0.050,0.514,0.435
6000,0.050,0.598,0.352
6500,0.050,0.584,0.366
7000,0.050,0.624,0.326
7500,0.050,0.549,0.400
8000,0.050,0.525,0.424
8500,0.050,0.553,0.396
9000,0.050,0.548,0.402
9500,0.050,0.498,0.451
10000,0.050,0.492,0.458
10500,0.050,0.547,0.402
11000,0.050,0.556,0.393
11500,0.050,0.457,0.493
12000,0.050,0.501,0.449
12500,0.050,0.587,0.363
13000,0.050,0.564,0.386
13500,0.050,0.588,0.362
14000,0.050,0.556,0.393
14500,0.050,0.582,0.368
15000,0.050,0.524,0.426
15500,0.050,0.531,0.419
16000,0.050,0.596,0.354
16500,0.050,0.537,0.412
17000,0.050,0.491,0.459
17500,0.050,0.439,0.511
18000,0.050,0.587,0.363
18500,0.050,0.514,0.435
19000,0.050,0.532,0.417
19500,0.050,0.504,0.446
20000,0.050,0.495,0.454
20500,0.050,0.510,0.440
21000,0.050,0.511,0.439
21500,0.050,0.549,0.401
22000,0.050,0.546,0.404
22500,0.050,0.550,0.400
23000,0.050,0.448,0.502
23500,0.050,0.480,0.470
24000,0.050,0.570,0.380
24500,0.050,0.578,0.372
25000,0.050,0.549,0.401
25500,0.050,0.494,0.455
26000,0.050,0.504,0.446
26500,0.050,0.514,0.436
27000,0.050,0.468,0.482
27500,0.050,0.553,0.396
28000,0.050,0.582,0.368
28500,0.050,0.558,0.391
29000,0.050,0.495,0.454
29500,0.050,0.552,0.397
30000,0.050,0.522,0.428
30500,0.050,0.610,0.340
31000,0.050,0.571,0.379
31500,0.050,0.531,0.419
32000,0.050,0.555,0.395
32500,0.050,0.540,0.409
33000,0.050,0.548,0.401
33500,0.050,0.564,0.386
34000,0.050,0.543,0.406
34500,0.050,0.560,0.389
35000,0.050,0.615,0.335
35500,0.050,0.517,0.433
36000,0.050,0.483,0.467
36500,0.050,0.446,0.504
37000,0.050,0.570,0.380
37500,0.050,0.558,0.391
38000,0.050,0.557,0.392
38500,0.050,0.446,0.504
39000,0.050,0.516,0.433
39500,0.050,0.443,0.507
40000,0.050,0.501,0.449
40500,0.050,0.583,0.367
41000,0.050,0.568,0.382
41500,0.050,0.549,0.400
42000,0.050,0.545,0.405
42500,0.050,0.576,0.374
43000,0.050,0.590,0.360
43500,0.050,0.581,0.369
44000,0.050,0.572,0.378
44500,0.050,0.539,0.410
45000,0.050,0.577,0.373
45500,0.050,0.531,0.418
46000,0.050,0.538,0.412
46500,0.050,0.595,0.355
47000,0.050,0.582,0.368
47500,0.050,0.628,0.322
48000,0.050,0.527,0.423
48500,0.050,0.477,0.473
49000,0.050,0.523,0.426
49500,0.050,0.504,0.446
50000,0.050,0.467,0.483
50500,0.050,0.523,0.427
51000,0.050,0.576,0.374
51500,0.050,0.508,0.442
52000,0.050,0.593,0.357
52500,0.050,0.587,0.363
53000,0.050,0.560,0.389
53500,0.050,0.629,0.321
54000,0.050,0.531,0.418
54500,0.050,0.577,0.373
55000,0.050,0.554,0.396
55500,0.050,0.566,0.384
56000,0.050,0.571,0.379
56500,0.050,0.585,0.365
57000,0.050,0.606,0.344
57500,0.050,0.524,0.426
58000,0.050,0.630,0.320
58500,0.050,0.600,0.350
59000,0.050,0.468,0.482
59500,0.050,0.527,0.423
60000,0.050,0.576,0.374
60500,0.050,0.534,0.415
61000,0.050,0.483,0.467
61500,0.050,0.466,0.484
62000,0.050,0.505,0.445
62500,0.050,0.581,0.369
63000,0.050,0.465,0.485
63500,0.050,0.429,0.521
64000,0.050,0.481,0.468
64500,0.050,0.534,0.416
65000,0.050,0.571,0.379
65500,0.050,0.512,0.438
66000,0.050,0.471,0.479
66500,0.050,0.499,0.451
67000,0.050,0.527,0.423
67500,0.050,0.552,0.397
68000,0.050,0.588,0.362
68500,0.050,0.573,0.377
69000,0.050,0.526,0.423
69500,0.050,0.543,0.407
70000,0.050,0.614,0.336
70500,0.050,0.531,0.419
71000,0.050,0.579,0.371
71500,0.050,0.544,0.405
72000,0.050,0.588,0.362
72500,0.050,0.539,0.411
73000,0.050,0.509,0.441
73500,0.050,0.549,0.400
74000,0.050,0.543,0.407
74500,0.050,0.495,0.454
75000,0.050,0.510,0.440
75500,0.050,0.534,0.416
76000,0.050,0.494,0.455
76500,0.050,0.526,0.423
77000,0.050,0.579,0.371
77500,0.050,0.567,0.383
78000,0.050,0.617,0.333
78500,0.050,0.625,0.325
79000,0.050,0.577,0.373
79500,0.050,0.501,0.449
80000,0.050,0.593,0.357
80500,0.050,0.596,0.354
81000,0.050,0.586,0.364
81500,0.050,0.532,0.418
82000,0.050,0.565,0.385
82500,0.050,0.611,0.339
83000,0.050,0.591,0.359
83500,0.050,0.508,0.442
84000,0.050,0.421,0.529
84500,0.050,0.543,0.406
85000,0.050,0.569,0.381
85500,0.050,0.531,0.419
86000,0.050,0.541,0.409
86500,0.050,0.581,0.369
87000,0.050,0.579,0.371
87500,0.050,0.621,0.329
88000,0.050,0.561,0.388
88500,0.050,0.625,0.325
89000,0.050,0.613,0.337
89500,0.050,0.622,0.328
90000,0.050,0.511,0.439
90500,0.050,0.507,0.443
91000,0.050,0.526,0.423
91500,0.050,0.602,0.348
92000,0.050,0.645,0.305
92500,0.050,0.600,0.350
93000,0.050,0.631,0.319
93500,0.050,0.658,0.291
94000,0.050,0.679,0.271
94500,0.050,0.631,0.319
95000,0.050,0.553,0.396
95500,0.050,0.605,0.345
96000,0.050,0.473,0.476
96500,0.050,0.405,0.545
97000,0.050,0.501,0.449
97500,0.050,0.490,0.459
98000,0.050,0.528,0.422
98500,0.050,0.555,0.395
99000,0.050,0.509,0.441
99500,0.050,0.473,0.477
100000,0.050,0.491,0.459
100500,0.050,0.505,0.445
101000,0.050,0.524,0.426
101500,0.050,0.597,0.353
102000,0.050,0.598,0.352
102500,0.050,0.596,0.354
103000,0.050,0.594,0.356
103500,0.050,0.489,0.460
104000,0.050,0.475,0.475
104500,0.050,0.479,0.471
105000,0.050,0.567,0.383
105500,0.050,0.548,0.401
106000,0.050,0.477,0.473
106500,0.050,0.449,0.501
107000,0.050,0.475,0.474
107500,0.050,0.445,0.505
108000,0.050,0.524,0.425
108500,0.050,0.544,0.405
109000,0.050,0.518,0.432
109500,0.050,0.645,0.304
110000,0.050,0.533,0.417
110500,0.050,0.478,0.471
111000,0.050,0.547,0.403
111500,0.050,0.565,0.385
112000,0.050,0.605,0.345
112500,0.050,0.647,0.303
113000,0.050,0.587,0.363
113500,0.050,0.573,0.377
114000,0.050,0.512,0.438
114500,0.050,0.504,0.446
115000,0.050,0.493,0.456
115500,0.050,0.519,0.430
116000,0.050,0.528,0.422
116500,0.050,0.607,0.343
117000,0.050,0.576,0.374
117500,0.050,0.534,0.416
118000,0.050,0.627,0.323
118500,0.050,0.501,0.449
119000,0.050,0.536,0.413
119500,0.050,0.520,0.430
120000,0.050,0.445,0.505
120500,0.050,0.501,0.449
121000,0.050,0.501,0.449
121500,0.050,0.498,0.452
122000,0.050,0.490,0.459
122500,0.050,0.498,0.451
123000,0.050,0.478,0.472
123500,0.050,0.515,0.435
124000,0.050,0.475,0.474
124500,0.050,0.485,0.465
125000,0.050,0.576,0.374
125500,0.050,0.568,0.382
126000,0.050,0.616,0.334
126500,0.050,0.534,0.415
127000,0.050,0.512,0.438
127500,0.050,0.462,0.488
128000,0.050,0.480,0.470
128500,0.050,0.623,0.327
129000,0.050,0.631,0.319
129500,0.050,0.559,0.391
130000,0.050,0.549,0.401
130500,0.050,0.458,0.492
131000,0.050,0.458,0.492
131500,0.050,0.459,0.491
132000,0.050,0.481,0.469
132500,0.050,0.495,0.454
133000,0.050,0.589,0.361
133500,0.050,0.461,0.489
134000,0.050,0.440,0.510
134500,0.050,0.537,0.412
135000,0.050,0.508,0.442
135500,0.050,0.630,0.320
136000,0.050,0.557,0.392
136500,0.050,0.515,0.435
137000,0.050,0.576,0.374
137500,0.050,0.547,0.403
138000,0.050,0.568,0.382
138500,0.050,0.541,0.408
139000,0.050,0.504,0.446
139500,0.050,0.584,0.366
140000,0.050,0.517,0.433
140500,0.050,0.527,0.423
141000,0.050,0.502,0.448
141500,0.050,0.572,0.378
142000,0.050,0.559,0.391
142500,0.050,0.623,0.327
143000,0.050,0.625,0.325
143500,0.050,0.543,0.407
144000,0.050,0.492,0.458
144500,0.050,0.503,0.447
145000,0.050,0.494,0.456
145500,0.050,0.553,0.397
146000,0.050,0.454,0.496
146500,0.050,0.538,0.412
147000,0.050,0.514,0.436
147500,0.050,0.488,0.461
148000,0.050,0.470,0.479
148500,0.050,0.516,0.434
149000,0.050,0.469,0.481
149500,0.050,0.527,0.422
150000,0.050,0.583,0.367
150500,0.050,0.579,0.371
151000,0.050,0.626,0.324
151500,0.050,0.582,0.368
152000,0.050,0.549,0.401
152500,0.050,0.571,0.379
153000,0.050,0.635,0.315
153500,0.050,0.556,0.393
154000,0.050,0.559,0.391
154500,0.050,0.519,0.430
155000,0.050,0.478,0.471
155500,0.050,0.498,0.451
156000,0.050,0.481,0.468
156500,0.050,0.542,0.407
157000,0.050,0.580,0.370
157500,0.050,0.602,0.348
158000,0.050,0.574,0.376
158500,0.050,0.586,0.364
159000,0.050,0.546,0.403
159500,0.050,0.514,0.436
160000,0.050,0.516,0.434
160500,0.050,0.546,0.403
161000,0.050,0.601,0.349
161500,0.050,0.574,0.376
162000,0.050,0.538,0.412
162500,0.050,0.543,0.406
163000,0.050,0.625,0.325
163500,0.050,0.557,0.393
164000,0.050,0.604,0.346
164500,0.050,0.457,0.493
165000,0.050,0.482,0.468
165500,0.050,0.540,0.409
166000,0.050,0.527,0.423
166500,0.050,0.508,0.442
167000,0.050,0.524,0.425
167500,0.050,0.540,0.409
168000,0.050,0.561,0.389
168500,0.050,0.436,0.513
169000,0.050,0.541,0.409
169500,0.050,0.554,0.396
170000,0.050,0.490,0.459
170500,0.050,0.481,0.468
171000,0.050,0.495,0.455
171500,0.050,0.446,0.504
172000,0.050,0.484,0.465
172500,0.050,0.554,0.396
173000,0.050,0.454,0.496
173500,0.050,0.470,0.480
174000,0.050,0.435,0.514
174500,0.050,0.526,0.423
175000,0.050,0.503,0.447
175500,0.050,0.528,0.421
176000,0.050,0.455,0.495
176500,0.050,0.508,0.442
177000,0.050,0.472,0.477
177500,0.050,0.464,0.486
178000,0.050,0.510,0.440
178500,0.050,0.533,0.417
179000,0.050,0.551,0.398
179500,0.050,0.549,0.400
180000,0.050,0.582,0.368
180500,0.050,0.516,0.433
181000,0.050,0.568,0.382
181500,0.050,0.582,0.368
182000,0.050,0.617,0.333
182500,0.050,0.572,0.378
183000,0.050,0.480,0.470
183500,0.050,0.541,0.409
184000,0.050,0.566,0.384
184500,0.050,0.518,0.432
185000,0.050,0.486,0.463
185500,0.050,0.587,0.363
186000,0.050,0.582,0.368
186500,0.050,0.644,0.306
187000,0.050,0.614,0.336
187500,0.050,0.696,0.254
188000,0.050,0.516,0.433
188500,0.050,0.555,0.395
189000,0.050,0.549,0.400
189500,0.050,0.522,0.427
190000,0.050,0.545,0.405
190500,0.050,0.520,0.429
191000,0.050,0.579,0.371
191500,0.050,0.523,0.427
192000,0.050,0.565,0.385
192500,0.050,0.512,0.438
193000,0.050,0.508,0.442
193500,0.050,0.535,0.415
194000,0.050,0.450,0.500
194500,0.050,0.578,0.372
195000,0.050,0.510,0.440
195500,0.050,0.487,0.462
196000,0.050,0.548,0.401
196500,0.050,0.497,0.452
197000,0.050,0.486,0.464
197500,0.050,0.482,0.467
198000,0.050,0.473,0.476
198500,0.050,0.622,0.328
199000,0.050,0.542,0.408
199500,0.050,0.518,0.432
200000,0.050,0.454,0.496
200500,0.050,0.484,0.466
201000,0.050,0.530,0.419
201500,0.050,0.497,0.453
202000,0.050,0.545,0.404
202500,0.050,0.516,0.434
203000,0.050,0.544,0.405
203500,0.050,0.557,0.392
204000,0.050,0.494,0.456
204500,0.050,0.566,0.384
205000,0.050,0.613,0.337
205500,0.050,0.558,0.391
206000,0.050,0.480,0.470
206500,0.050,0.453,0.497
207000,0.050,0.435,0.515
207500,0.050,0.566,0.384
208000,0.050,0.547,0.402
208500,0.050,0.611,0.339
209000,0.050,0.494,0.455
209500,0.050,0.598,0.352
210000,0.050,0.588,0.362
210500,0.050,0.594,0.356
211000,0.050,0.523,0.426
211500,0.050,0.491,0.459
212000,0.050,0.517,0.432
212500,0.050,0.538,0.411
213000,0.050,0.531,0.418
213500,0.050,0.558,0.391
214000,0.050,0.520,0.430
214500,0.050,0.551,0.399
215000,0.050,0.447,0.503
215500,0.050,0.616,0.334
216000,0.050,0.530,0.419
216500,0.050,0.431,0.518
217000,0.050,0.503,0.447
217500,0.050,0.458,0.492
218000,0.050,0.590,0.360
218500,0.050,0.561,0.388
219000,0.050,0.596,0.354
219500,0.050,0.546,0.404
220000,0.050,0.561,0.388
220500,0.050,0.479,0.470
221000,0.050,0.568,0.382
221500,0.050,0.627,0.323
222000,0.050,0.637,0.312
222500,0.050,0.533,0.416
223000,0.050,0.549,0.400
223500,0.050,0.593,0.357
224000,0.050,0.488,0.461
224500,0.050,0.554,0.395
225000,0.050,0.602,0.348
225500,0.050,0.578,0.372
226000,0.050,0.538,0.412
226500,0.050,0.451,0.499
227000,0.050,0.529,0.420
227500,0.050,0.484,0.465
228000,0.050,0.562,0.387
228500,0.050,0.575,0.375
229000,0.050,0.563,0.387
229500,0.050,0.647,0.302
230000,0.050,0.598,0.352
230500,0.050,0.614,0.336
231000,0.050,0.509,0.441
231500,0.050,0.537,0.413
232000,0.050,0.513,0.436
232500,0.050,0.556,0.394
233000,0.050,0.528,0.421
233500,0.050,0.615,0.335
234000,0.050,0.513,0.436
234500,0.050,0.540,0.409
235000,0.050,0.480,0.470
235500,0.050,0.517,0.433
236000,0.050,0.500,0.450
236500,0.050,0.486,0.464
237000,0.050,0.489,0.460
237500,0.050,0.495,0.454
238000,0.050,0.554,0.395
238500,0.050,0.567,0.383
239000,0.050,0.581,0.369
239500,0.050,0.519,0.430
240000,0.050,0.586,0.364
240500,0.050,0.588,0.362
241000,0.050,0.427,0.523
241500,0.050,0.492,0.457
242000,0.050,0.516,0.434
242500,0.050,0.505,0.445
243000,0.050,0.585,0.365
243500,0.050,0.577,0.373
244000,0.050,0.513,0.436
244500,0.050,0.502,0.448
245000,0.050,0.528,0.421
245500,0.050,0.621,0.329
246000,0.050,0.557,0.393
246500,0.050,0.584,0.366
247000,0.050,0.508,0.442
247500,0.050,0.568,0.382
248000,0.050,0.414,0.536
248500,0.050,0.516,0.433
249000,0.050,0.549,0.400
249500,0.050,0.439,0.511
250000,0.050,0.523,0.427
250500,0.050,0.581,0.369
251000,0.050,0.539,0.410
251500,0.050,0.670,0.280
252000,0.050,0.541,0.409
252500,0.050,0.560,0.389
253000,0.050,0.508,0.442
253500,0.050,0.501,0.449
254000,0.050,0.509,0.441
254500,0.050,0.514,0.435
255000,0.050,0.552,0.398
255500,0.050,0.581,0.369
256000,0.050,0.578,0.372
256500,0.050,0.476,0.474
257000,0.050,0.480,0.470
257500,0.050,0.539,0.410
258000,0.050,0.514,0.436
258500,0.050,0.501,0.449
259000,0.050,0.467,0.483
259500,0.050,0.500,0.450
260000,0.050,0.488,0.461
260500,0.050,0.500,0.450
261000,0.050,0.372,0.578
261500,0.050,0.495,0.454
262000,0.050,0.453,0.497
262500,0.050,0.483,0.466
263000,0.050,0.637,0.313
263500,0.050,0.532,0.418
264000,0.050,0.453,0.497
264500,0.050,0.553,0.397
265000,0.050,0.590,0.360
265500,0.050,0.504,0.446
266000,0.050,0.564,0.386
266500,0.050,0.504,0.446
267000,0.050,0.615,0.335
267500,0.050,0.524,0.426
268000,0.050,0.539,0.410
268500,0.050,0.567,0.383
269000,0.050,0.642,0.307
269500,0.050,0.580,0.370
270000,0.050,0.568,0.382
270500,0.050,0.544,0.406
271000,0.050,0.495,0.454
271500,0.050,0.592,0.358
272000,0.050,0.559,0.390
272500,0.050,0.534,0.416
273000,0.050,0.522,0.428
273500,0.050,0.581,0.369
274000,0.050,0.651,0.299
274500,0.050,0.586,0.364
275000,0.050,0.502,0.448
275500,0.050,0.571,0.379
276000,0.050,0.511,0.439
276500,0.050,0.621,0.329
277000,0.050,0.533,0.417
277500,0.050,0.619,0.331
278000,0.050,0.615,0.335
278500,0.050,0.544,0.406
279000,0.050,0.509,0.441
279500,0.050,0.443,0.507
280000,0.050,0.492,0.457
280500,0.050,0.478,0.471
281000,0.050,0.483,0.467
281500,0.058,0.467,0.475
282000,0.051,0.551,0.397
282500,0.050,0.492,0.458
283000,0.050,0.486,0.463
283500,0.050,0.506,0.444
284000,0.050,0.541,0.408
284500,0.050,0.538,0.411
285000,0.050,0.559,0.391
285500,0.050,0.555,0.394
286000,0.050,0.507,0.443
286500,0.050,0.604,0.346
287000,0.050,0.576,0.374
287500,0.050,0.498,0.451
288000,0.050,0.538,0.411
288500,0.050,0.472,0.478
289000,0.050,0.587,0.363
289500,0.050,0.580,0.370
290000,0.050,0.539,0.410
290500,0.050,0.553,0.397
291000,0.050,0.592,0.358
291500,0.050,0.556,0.394
292000,0.050,0.589,0.361
292500,0.050,0.621,0.329
293000,0.050,0.589,0.361
293500,0.050,0.580,0.370
294000,0.050,0.544,0.406
294500,0.050,0.589,0.361
295000,0.050,0.565,0.385
295500,0.050,0.625,0.325
296000,0.050,0.523,0.426
296500,0.050,0.511,0.439
297000,0.050,0.502,0.448
297500,0.050,0.554,0.395
298000,0.050,0.559,0.391
298500,0.050,0.622,0.328
299000,0.050,0.603,0.347
299500,0.050,0.593,0.357
300000,0.050,0.543,0.407
300500,0.050,0.463,0.487
301000,0.050,0.522,0.427
301500,0.050,0.447,0.503
302000,0.050,0.557,0.393
302500,0.050,0.531,0.419
303000,0.050,0.564,0.386
303500,0.050,0.555,0.395
304000,0.050,0.544,0.405
304500,0.050,0.460,0.490
305000,0.050,0.523,0.426
305500,0.050,0.457,0.493
306000,0.050,0.482,0.467
306500,0.050,0.509,0.441
307000,0.050,0.457,0.493
307500,0.050,0.508,0.442
308000,0.050,0.614,0.336
308500,0.050,0.549,0.401
309000,0.050,0.594,0.356
309500,0.050,0.593,0.357
310000,0.050,0.484,0.465
310500,0.050,0.463,0.487
311000,0.050,0.469,0.480
311500,0.050,0.582,0.368
312000,0.050,0.569,0.381
312500,0.050,0.511,0.439
313000,0.050,0.571,0.379
313500,0.050,0.524,0.425
314000,0.050,0.559,0.390
314500,0.050,0.552,0.398
315000,0.050,0.542,0.407
315500,0.050,0.570,0.380
316000,0.050,0.496,0.454
316500,0.050,0.574,0.376
317000,0.050,0.531,0.419
317500,0.050,0.524,0.426
318000,0.050,0.475,0.474
318500,0.050,0.444,0.506
319000,0.050,0.500,0.450
319500,0.050,0.576,0.374
320000,0.050,0.589,0.361
320500,0.050,0.601,0.349
321000,0.050,0.553,0.396
321500,0.050,0.609,0.341
322000,0.050,0.604,0.346
322500,0.050,0.607,0.343
323000,0.050,0.567,0.383
323500,0.050,0.460,0.490
324000,0.050,0.501,0.449
324500,0.050,0.528,0.422
325000,0.050,0.585,0.365
325500,0.050,0.573,0.377
326000,0.050,0.638,0.312
326500,0.050,0.627,0.323
327000,0.050,0.502,0.448
327500,0.050,0.408,0.542
328000,0.050,0.557,0.392
328500,0.050,0.521,0.429
329000,0.050,0.512,0.438
329500,0.050,0.636,0.314
330000,0.050,0.580,0.370
330500,0.050,0.551,0.399
331000,0.050,0.535,0.414
331500,0.050,0.561,0.388
332000,0.050,0.601,0.349
332500,0.050,0.510,0.440
333000,0.050,0.501,0.449
333500,0.050,0.498,0.451
334000,0.050,0.545,0.405
334500,0.050,0.556,0.394
335000,0.050,0.506,0.444
335500,0.050,0.596,0.354
336000,0.050,0.528,0.422
336500,0.050,0.554,0.396
337000,0.050,0.582,0.368
337500,0.050,0.480,0.470
338000,0.050,0.573,0.377
338500,0.050,0.537,0.413
339000,0.050,0.473,0.477
339500,0.050,0.416,0.533
340000,0.050,0.430,0.519
340500,0.050,0.466,0.484
341000,0.050,0.562,0.388
341500,0.050,0.547,0.403
342000,0.050,0.477,0.473
342500,0.050,0.464,0.486
343000,0.050,0.499,0.451
343500,0.050,0.541,0.409
344000,0.050,0.510,0.440
344500,0.050,0.485,0.464
345000,0.050,0.490,0.460
345500,0.050,0.468,0.482
346000,0.050,0.551,0.399
346500,0.050,0.574,0.376
347000,0.050,0.498,0.452
347500,0.050,0.591,0.359
348000,0.050,0.554,0.396
348500,0.050,0.513,0.436
349000,0.050,0.462,0.488
349500,0.050,0.496,0.454
350000,0.050,0.617,0.333
350500,0.050,0.588,0.362
351000,0.050,0.580,0.370
351500,0.050,0.547,0.402
352000,0.050,0.539,0.411
352500,0.050,0.450,0.500
353000,0.050,0.490,0.460
353500,0.050,0.513,0.437
354000,0.050,0.497,0.452
354500,0.050,0.513,0.436
355000,0.050,0.500,0.450
355500,0.050,0.477,0.472
356000,0.050,0.524,0.426
356500,0.050,0.507,0.443
357000,0.050,0.486,0.463
357500,0.050,0.520,0.429
358000,0.050,0.541,0.409
358500,0.050,0.553,0.396
359000,0.050,0.590,0.360
359500,0.050,0.588,0.362
360000,0.050,0.524,0.425
360500,0.050,0.495,0.455
361000,0.050,0.595,0.355
361500,0.050,0.581,0.369
362000,0.050,0.606,0.344
362500,0.050,0.495,0.454
363000,0.050,0.533,0.417
363500,0.050,0.572,0.378
364000,0.050,0.582,0.368
364500,0.050,0.537,0.413
365000,0.050,0.524,0.426
365500,0.050,0.464,0.486
366000,0.050,0.488,0.461
366500,0.050,0.538,0.411
367000,0.050,0.564,0.386
367500,0.050,0.626,0.324
368000,0.050,0.596,0.354
368500,0.050,0.561,0.388
369000,0.050,0.528,0.422
369500,0.050,0.497,0.453
370000,0.050,0.478,0.471
370500,0.050,0.572,0.378
371000,0.050,0.588,0.362
371500,0.050,0.558,0.391
372000,0.050,0.565,0.385
372500,0.050,0.565,0.385
373000,0.050,0.617,0.333
373500,0.050,0.581,0.369
374000,0.050,0.582,0.368
374500,0.050,0.477,0.472
375000,0.050,0.487,0.463
375500,0.050,0.461,0.489
376000,0.050,0.494,0.456
376500,0.050,0.468,0.482
377000,0.050,0.402,0.548
377500,0.050,0.537,0.412
378000,0.050,0.518,0.432
378500,0.050,0.561,0.388
379000,0.050,0.564,0.386
379500,0.050,0.559,0.390
380000,0.050,0.537,0.412
380500,0.050,0.569,0.381
381000,0.050,0.538,0.412
381500,0.050,0.677,0.272
382000,0.050,0.542,0.407
382500,0.050,0.600,0.350
383000,0.050,0.506,0.444
383500,0.050,0.514,0.435
384000,0.050,0.555,0.395
384500,0.050,0.570,0.380
385000,0.050,0.616,0.334
385500,0.050,0.525,0.425
386000,0.050,0.523,0.426
386500,0.050,0.513,0.436
387000,0.050,0.544,0.406
387500,0.050,0.497,0.453
388000,0.050,0.536,0.413
388500,0.050,0.636,0.314
389000,0.050,0.583,0.367
389500,0.050,0.584,0.366
390000,0.050,0.559,0.390
390500,0.050,0.528,0.422
391000,0.050,0.558,0.391
391500,0.050,0.407,0.542
392000,0.050,0.505,0.445
392500,0.050,0.589,0.361
393000,0.050,0.576,0.374
393500,0.050,0.459,0.491
394000,0.050,0.505,0.445
394500,0.050,0.532,0.417
395000,0.050,0.560,0.390
395500,0.050,0.529,0.420
396000,0.050,0.539,0.411
396500,0.050,0.504,0.446
397000,0.050,0.507,0.443
397500,0.050,0.524,0.425
398000,0.050,0.481,0.468
398500,0.050,0.538,0.412
399000,0.050,0.472,0.477
399500,0.050,0.509,0.441
400000,0.050,0.513,0.437
400500,0.050,0.596,0.354
401000,0.050,0.590,0.360
401500,0.050,0.558,0.391
402000,0.050,0.501,0.449
402500,0.050,0.573,0.377
403000,0.050,0.570,0.380
403500,0.050,0.609,0.341
404000,0.050,0.519,0.431
404500,0.050,0.541,0.409
405000,0.050,0.497,0.453
405500,0.050,0.531,0.419
406000,0.050,0.505,0.445
406500,0.050,0.490,0.459
407000,0.050,0.477,0.472
407500,0.050,0.493,0.456
408000,0.050,0.517,0.433
408500,0.050,0.564,0.386
409000,0.050,0.555,0.395
409500,0.050,0.547,0.403
410000,0.050,0.481,0.468
410500,0.050,0.538,0.412
411000,0.050,0.536,0.413
411500,0.050,0.530,0.419
412000,0.050,0.496,0.453
412500,0.050,0.632,0.318
413000,0.050,0.580,0.370
413500,0.050,0.566,0.384
414000,0.050,0.629,0.321
414500,0.050,0.507,0.443
415000,0.050,0.558,0.391
415500,0.050,0.587,0.363
416000,0.050,0.502,0.448
416500,0.050,0.526,0.424
417000,0.050,0.600,0.350
417500,0.050,0.557,0.392
418000,0.050,0.523,0.427
418500,0.050,0.503,0.447
419000,0.050,0.487,0.462
419500,0.050,0.557,0.393
420000,0.050,0.590,0.360
420500,0.050,0.506,0.444
421000,0.050,0.490,0.459
421500,0.050,0.396,0.554
422000,0.050,0.483,0.467
422500,0.050,0.421,0.529
423000,0.050,0.482,0.467
423500,0.050,0.474,0.475
424000,0.050,0.534,0.416
424500,0.050,0.601,0.349
425000,0.050,0.597,0.353
425500,0.050,0.521,0.429
426000,0.050,0.553,0.396
426500,0.050,0.575,0.375
427000,0.050,0.510,0.440
427500,0.050,0.499,0.451
428000,0.050,0.586,0.364
428500,0.050,0.527,0.422
429000,0.050,0.526,0.423
429500,0.050,0.573,0.377
430000,0.050,0.572,0.378
430500,0.050,0.556,0.393
431000,0.050,0.558,0.391
431500,0.050,0.512,0.438
432000,0.050,0.557,0.392
432500,0.050,0.505,0.445
433000,0.050,0.564,0.386
433500,0.050,0.489,0.461
434000,0.050,0.549,0.401
434500,0.050,0.501,0.449
435000,0.050,0.504,0.446
435500,0.050,0.506,0.444
436000,0.050,0.591,0.359
436500,0.050,0.584,0.366
437000,0.050,0.599,0.351
437500,0.050,0.577,0.373
438000,0.050,0.532,0.418
438500,0.050,0.554,0.395
439000,0.050,0.506,0.444
439500,0.050,0.557,0.393
440000,0.050,0.630,0.320
440500,0.050,0.556,0.393
441000,0.050,0.533,0.416
441500,0.050,0.565,0.385
442000,0.050,0.602,0.348
442500,0.050,0.620,0.330
443000,0.050,0.616,0.334
443500,0.050,0.615,0.335
444000,0.050,0.614,0.336
444500,0.050,0.498,0.452
445000,0.050,0.476,0.474
445500,0.050,0.604,0.346
446000,0.050,0.507,0.443
446500,0.050,0.456,0.494
447000,0.050,0.390,0.560
447500,0.050,0.432,0.517
448000,0.050,0.499,0.451
448500,0.050,0.551,0.398
449000,0.050,0.551,0.398
449500,0.050,0.633,0.317
450000,0.050,0.581,0.369
450500,0.050,0.473,0.477
451000,0.050,0.523,0.426
451500,0.050,0.564,0.386
452000,0.050,0.590,0.360
452500,0.050,0.512,0.438
453000,0.050,0.489,0.460
453500,0.050,0.498,0.451
454000,0.050,0.529,0.420
454500,0.050,0.532,0.417
455000,0.050,0.571,0.379
455500,0.050,0.572,0.378
456000,0.050,0.579,0.371
456500,0.050,0.631,0.319
457000,0.050,0.544,0.405
457500,0.050,0.667,0.283
458000,0.050,0.660,0.290
458500,0.050,0.611,0.339
459000,0.050,0.646,0.304
459500,0.050,0.569,0.381
460000,0.050,0.569,0.381
460500,0.050,0.504,0.446
461000,0.050,0.556,0.393
461500,0.050,0.504,0.446
462000,0.050,0.548,0.402
462500,0.050,0.618,0.332
463000,0.050,0.609,0.341
463500,0.050,0.660,0.289
464000,0.050,0.536,0.413
464500,0.050,0.495,0.454
465000,0.050,0.575,0.375
465500,0.050,0.527,0.423
466000,0.050,0.504,0.446
466500,0.050,0.541,0.409
467000,0.050,0.509,0.441
467500,0.050,0.441,0.509
468000,0.050,0.528,0.421
468500,0.050,0.470,0.480
469000,0.050,0.466,0.484
469500,0.050,0.512,0.438
470000,0.050,0.484,0.465
470500,0.050,0.502,0.448
471000,0.050,0.535,0.414
471500,0.050,0.558,0.391
472000,0.050,0.541,0.408
472500,0.050,0.571,0.379
473000,0.050,0.583,0.367
473500,0.050,0.523,0.426
474000,0.050,0.558,0.392
474500,0.050,0.484,0.466
475000,0.050,0.536,0.414
475500,0.050,0.411,0.538
476000,0.050,0.521,0.429
476500,0.050,0.522,0.428
477000,0.050,0.564,0.386
477500,0.050,0.556,0.394
478000,0.050,0.594,0.356
478500,0.050,0.584,0.366
479000,0.050,0.628,0.322
479500,0.050,0.598,0.352
480000,0.050,0.659,0.291
480500,0.050,0.589,0.361
481000,0.050,0.541,0.409
481500,0.050,0.553,0.397
482000,0.050,0.475,0.475
482500,0.050,0.448,0.502
483000,0.050,0.475,0.475
483500,0.050,0.525,0.424
484000,0.050,0.567,0.383
484500,0.050,0.592,0.358
485000,0.050,0.523,0.426
485500,0.050,0.567,0.383
486000,0.050,0.514,0.436
486500,0.050,0.579,0.371
487000,0.050,0.556,0.393
487500,0.050,0.606,0.344
488000,0.050,0.537,0.412
488500,0.050,0.522,0.428
489000,0.050,0.573,0.377
489500,0.050,0.511,0.439
490000,0.050,0.504,0.446
490500,0.050,0.510,0.440
491000,0.050,0.574,0.376
491500,0.050,0.469,0.481
492000,0.050,0.514,0.436
492500,0.050,0.579,0.371
493000,0.050,0.568,0.382
493500,0.050,0.570,0.380
494000,0.050,0.518,0.431
494500,0.050,0.482,0.468
495000,0.050,0.594,0.356
495500,0.050,0.631,0.319
496000,0.050,0.574,0.376
496500,0.050,0.549,0.400
497000,0.050,0.515,0.434
497500,0.050,0.523,0.426
498000,0.050,0.549,0.401
498500,0.050,0.496,0.453
499000,0.050,0.493,0.456
499500,0.050,0.509,0.441
500000,0.050,0.536,0.413
500500,0.050,0.606,0.344
501000,0.050,0.473,0.476
501500,0.050,0.526,0.423
502000,0.050,0.549,0.401
502500,0.050,0.568,0.382
503000,0.050,0.591,0.359
503500,0.050,0.566,0.384
504000,0.050,0.581,0.369
504500,0.050,0.510,0.440
505000,0.050,0.593,0.357
505500,0.050,0.488,0.462
506000,0.050,0.518,0.432
506500,0.050,0.518,0.432
507000,0.050,0.516,0.434
507500,0.050,0.547,0.402
508000,0.050,0.603,0.347
508500,0.050,0.624,0.326
509000,0.050,0.604,0.346
509500,0.050,0.583,0.367
510000,0.050,0.615,0.335
510500,0.050,0.559,0.390
511000,0.050,0.557,0.393
511500,0.050,0.585,0.365
512000,0.050,0.516,0.434
512500,0.050,0.598,0.352
513000,0.050,0.587,0.363
513500,0.050,0.637,0.312
514000,0.050,0.635,0.315
514500,0.050,0.613,0.337
515000,0.050,0.636,0.314
515500,0.050,0.592,0.358
516000,0.050,0.554,0.395
516500,0.050,0.596,0.354
517000,0.050,0.553,0.397
517500,0.050,0.531,0.418
518000,0.050,0.535,0.414
518500,0.050,0.506,0.444
519000,0.050,0.527,0.423
519500,0.050,0.576,0.374
520000,0.050,0.510,0.440
520500,0.050,0.517,0.433
521000,0.050,0.505,0.445
521500,0.050,0.495,0.454
522000,0.050,0.594,0.356
522500,0.050,0.549,0.401
523000,0.050,0.515,0.435
523500,0.050,0.567,0.383
524000,0.050,0.584,0.366
524500,0.050,0.530,0.419
525000,0.050,0.427,0.523
525500,0.050,0.484,0.465
526000,0.050,0.468,0.482
526500,0.050,0.478,0.472
527000,0.050,0.566,0.384
527500,0.050,0.582,0.368
528000,0.050,0.461,0.489
528500,0.050,0.496,0.453
529000,0.050,0.570,0.380
529500,0.050,0.498,0.452
530000,0.050,0.577,0.373
530500,0.050,0.568,0.382
531000,0.050,0.472,0.477
531500,0.050,0.499,0.450
532000,0.050,0.605,0.345
532500,0.050,0.538,0.411
533000,0.050,0.543,0.406
533500,0.050,0.620,0.330
534000,0.050,0.597,0.353
534500,0.050,0.586,0.364
535000,0.050,0.544,0.405
535500,0.050,0.573,0.377
536000,0.050,0.480,0.470
536500,0.050,0.573,0.377
537000,0.050,0.551,0.399
537500,0.050,0.499,0.451
538000,0.050,0.593,0.357
538500,0.050,0.487,0.462
539000,0.050,0.497,0.453
539500,0.050,0.455,0.495
540000,0.050,0.442,0.508
540500,0.050,0.526,0.424
541000,0.050,0.514,0.435
541500,0.050,0.505,0.445
542000,0.050,0.472,0.477
542500,0.050,0.513,0.437
543000,0.050,0.556,0.394
543500,0.050,0.495,0.454
544000,0.050,0.518,0.432
544500,0.050,0.509,0.441
545000,0.050,0.570,0.380
545500,0.050,0.530,0.420
546000,0.050,0.504,0.446
546500,0.050,0.574,0.376
547000,0.050,0.577,0.373
547500,0.050,0.599,0.351
548000,0.050,0.589,0.361
548500,0.050,0.649,0.301
549000,0.050,0.516,0.434
549500,0.050,0.574,0.376
550000,0.050,0.576,0.374
550500,0.050,0.612,0.338
551000,0.050,0.543,0.406
551500,0.050,0.603,0.347
552000,0.050,0.550,0.399
552500,0.050,0.558,0.391
553000,0.050,0.514,0.436
553500,0.050,0.562,0.388
554000,0.050,0.508,0.442
554500,0.050,0.516,0.433
555000,0.050,0.519,0.431
555500,0.050,0.545,0.404
556000,0.050,0.545,0.405
556500,0.050,0.541,0.409
557000,0.050,0.567,0.383
557500,0.050,0.580,0.370
558000,0.050,0.524,0.425
558500,0.050,0.538,0.412
559000,0.050,0.571,0.379
559500,0.050,0.566,0.384
560000,0.050,0.570,0.380
560500,0.050,0.529,0.420
561000,0.050,0.569,0.381
561500,0.050,0.549,0.400
562000,0.050,0.490,0.459
562500,0.050,0.480,0.469
563000,0.050,0.520,0.429
563500,0.050,0.494,0.455
564000,0.050,0.555,0.394
564500,0.050,0.544,0.406
565000,0.050,0.578,0.372
565500,0.050,0.589,0.361
566000,0.050,0.492,0.458
566500,0.050,0.548,0.402
567000,0.050,0.510,0.440
567500,0.050,0.526,0.423
568000,0.050,0.459,0.491
568500,0.050,0.525,0.424
569000,0.050,0.456,0.494
569500,0.050,0.504,0.446
570000,0.050,0.415,0.534
570500,0.050,0.443,0.507
571000,0.050,0.501,0.449
571500,0.050,0.520,0.430
572000,0.050,0.469,0.481
572500,0.050,0.522,0.428
573000,0.050,0.615,0.335
573500,0.050,0.592,0.358
574000,0.050,0.577,0.373
574500,0.050,0.480,0.470
575000,0.050,0.463,0.487
575500,0.050,0.537,0.412
576000,0.050,0.454,0.496
576500,0.050,0.425,0.524
577000,0.050,0.510,0.440
577500,0.050,0.533,0.417
578000,0.050,0.583,0.367
578500,0.050,0.611,0.339
579000,0.050,0.591,0.359
579500,0.050,0.675,0.275
580000,0.050,0.661,0.289
580500,0.050,0.599,0.351
581000,0.050,0.570,0.380
581500,0.050,0.601,0.349
582000,0.050,0.552,0.397
582500,0.050,0.589,0.361
583000,0.050,0.557,0.392
583500,0.050,0.497,0.453
584000,0.050,0.560,0.389
584500,0.050,0.464,0.486
585000,0.050,0.428,0.522
585500,0.050,0.506,0.444
586000,0.050,0.496,0.454
586500,0.050,0.503,0.447
587000,0.050,0.559,0.390
587500,0.050,0.543,0.406
588000,0.050,0.557,0.393
588500,0.050,0.643,0.306
589000,0.050,0.533,0.417
589500,0.050,0.628,0.322
590000,0.050,0.659,0.291
590500,0.050,0.649,0.300
591000,0.050,0.586,0.364
591500,0.050,0.497,0.452
592000,0.050,0.559,0.391
592500,0.050,0.594,0.356
593000,0.050,0.616,0.334
593500,0.050,0.465,0.485
594000,0.050,0.603,0.347
594500,0.050,0.552,0.397
595000,0.050,0.570,0.380
595500,0.050,0.550,0.399
596000,0.050,0.534,0.416
596500,0.050,0.544,0.405
597000,0.050,0.565,0.385
597500,0.050,0.515,0.434
598000,0.050,0.591,0.359
598500,0.050,0.525,0.424
599000,0.050,0.477,0.473
599500,0.050,0.522,0.428
600000,0.050,0.475,0.474
600500,0.050,0.560,0.389
601000,0.050,0.542,0.408
601500,0.050,0.504,0.446
602000,0.050,0.552,0.398
602500,0.050,0.525,0.424
603000,0.050,0.543,0.407
603500,0.050,0.519,0.430
604000,0.050,0.546,0.404
604500,0.050,0.560,0.389
605000,0.050,0.534,0.416
605500,0.050,0.475,0.475
606000,0.050,0.509,0.441
606500,0.050,0.543,0.406
607000,0.050,0.564,0.386
607500,0.050,0.547,0.402
608000,0.050,0.629,0.321
608500,0.050,0.525,0.425
609000,0.050,0.538,0.411
609500,0.050,0.531,0.418
610000,0.050,0.570,0.380
610500,0.050,0.545,0.404
611000,0.050,0.579,0.371
611500,0.050,0.570,0.380
612000,0.050,0.594,0.356
612500,0.050,0.605,0.345
613000,0.050,0.516,0.433
613500,0.050,0.540,0.409
614000,0.050,0.555,0.395
614500,0.050,0.505,0.445
615000,0.050,0.589,0.361
615500,0.050,0.470,0.479
616000,0.050,0.559,0.391
616500,0.050,0.515,0.435
617000,0.050,0.541,0.409
617500,0.050,0.557,0.392
618000,0.050,0.537,0.412
618500,0.050,0.467,0.483
619000,0.050,0.512,0.438
619500,0.050,0.527,0.423
620000,0.050,0.506,0.444
620500,0.050,0.486,0.464
621000,0.050,0.412,0.538
621500,0.050,0.467,0.483
622000,0.050,0.558,0.391
622500,0.050,0.550,0.400
623000,0.050,0.610,0.340
623500,0.050,0.618,0.332
624000,0.050,0.623,0.327
624500,0.050,0.539,0.410
625000,0.050,0.493,0.457
625500,0.050,0.606,0.344
626000,0.050,0.538,0.412
626500,0.050,0.559,0.391
627000,0.050,0.528,0.422
627500,0.050,0.531,0.418
628000,0.050,0.495,0.454
628500,0.050,0.570,0.380
629000,0.050,0.543,0.407
629500,0.050,0.519,0.430
630000,0.050,0.535,0.415
630500,0.050,0.542,0.407
631000,0.050,0.458,0.492
631500,0.050,0.493,0.457
632000,0.050,0.455,0.495
632500,0.050,0.420,0.529
633000,0.050,0.461,0.489
633500,0.050,0.498,0.451
634000,0.050,0.498,0.451
634500,0.050,0.566,0.384
635000,0.050,0.540,0.409
635500,0.050,0.555,0.395
636000,0.050,0.549,0.401
636500,0.050,0.522,0.428
637000,0.050,0.499,0.450
637500,0.050,0.527,0.422
638000,0.050,0.517,0.433
638500,0.050,0.530,0.419
639000,0.050,0.523,0.426
639500,0.050,0.532,0.417
640000,0.050,0.551,0.399
640500,0.050,0.485,0.465
641000,0.050,0.559,0.391
641500,0.050,0.508,0.442
642000,0.050,0.476,0.474
642500,0.050,0.411,0.538
643000,0.050,0.528,0.422
643500,0.050,0.537,0.413
644000,0.050,0.527,0.422
644500,0.050,0.510,0.440
645000,0.050,0.570,0.380
645500,0.050,0.594,0.356
646000,0.050,0.562,0.388
646500,0.050,0.487,0.463
647000,0.050,0.532,0.418
647500,0.050,0.579,0.371
648000,0.050,0.607,0.343
648500,0.050,0.592,0.358
649000,0.050,0.566,0.384
649500,0.050,0.484,0.465
650000,0.050,0.508,0.442
650500,0.050,0.567,0.383
651000,0.050,0.581,0.369
651500,0.050,0.569,0.381
652000,0.050,0.538,0.411
652500,0.050,0.520,0.429
653000,0.050,0.574,0.376
653500,0.050,0.533,0.417
654000,0.050,0.609,0.341
654500,0.050,0.498,0.451
655000,0.050,0.559,0.390
655500,0.050,0.572,0.378
656000,0.050,0.555,0.395
656500,0.050,0.527,0.422
657000,0.050,0.556,0.393
657500,0.050,0.507,0.443
658000,0.050,0.543,0.406
658500,0.050,0.533,0.416
659000,0.050,0.513,0.436
659500,0.050,0.551,0.399
660000,0.050,0.510,0.440
660500,0.050,0.517,0.432
661000,0.050,0.469,0.480
661500,0.050,0.478,0.472
662000,0.050,0.481,0.468
662500,0.050,0.526,0.423
663000,0.050,0.469,0.480
663500,0.050,0.476,0.473
664000,0.050,0.462,0.488
664500,0.050,0.514,0.436
665000,0.050,0.485,0.465
665500,0.050,0.540,0.409
666000,0.050,0.534,0.416
666500,0.050,0.535,0.415
667000,0.050,0.557,0.393
667500,0.050,0.524,0.425
668000,0.050,0.546,0.404
668500,0.050,0.563,0.387
669000,0.050,0.434,0.515
669500,0.050,0.446,0.504
670000,0.050,0.514,0.436
670500,0.050,0.529,0.420
671000,0.050,0.546,0.404
671500,0.050,0.573,0.377
672000,0.050,0.503,0.447
672500,0.050,0.498,0.451
673000,0.050,0.547,0.403
673500,0.050,0.529,0.421
674000,0.050,0.499,0.451
674500,0.050,0.472,0.477
675000,0.050,0.553,0.397
675500,0.050,0.540,0.410
676000,0.050,0.585,0.365
676500,0.050,0.541,0.409
677000,0.050,0.558,0.392
677500,0.050,0.637,0.312
678000,0.050,0.561,0.388
678500,0.050,0.496,0.454
679000,0.050,0.516,0.433
679500,0.050,0.433,0.517
680000,0.050,0.526,0.424
680500,0.050,0.438,0.512
681000,0.050,0.578,0.372
681500,0.050,0.582,0.368
682000,0.050,0.576,0.374
682500,0.050,0.585,0.365
683000,0.050,0.579,0.371
683500,0.050,0.598,0.352
684000,0.050,0.523,0.426
684500,0.050,0.514,0.436
685000,0.050,0.551,0.399
685500,0.050,0.549,0.401
686000,0.050,0.528,0.421
686500,0.050,0.519,0.430
687000,0.050,0.477,0.473
687500,0.050,0.508,0.442
688000,0.050,0.494,0.456
688500,0.050,0.500,0.450
689000,0.050,0.521,0.428
689500,0.050,0.505,0.445
690000,0.050,0.522,0.427
690500,0.050,0.510,0.440
691000,0.050,0.601,0.349
691500,0.050,0.506,0.444
692000,0.050,0.585,0.365
692500,0.050,0.495,0.454
693000,0.050,0.587,0.363
693500,0.050,0.576,0.374
694000,0.050,0.592,0.358
694500,0.050,0.527,0.422
695000,0.050,0.515,0.434
695500,0.050,0.483,0.467
696000,0.050,0.540,0.409
696500,0.050,0.519,0.430
697000,0.050,0.597,0.353
697500,0.050,0.539,0.410
698000,0.050,0.518,0.432
698500,0.050,0.518,0.432
699000,0.050,0.554,0.396
699500,0.050,0.630,0.320
700000,0.050,0.587,0.363
700500,0.050,0.623,0.327
701000,0.050,0.527,0.422
701500,0.050,0.516,0.433
702000,0.050,0.532,0.418
702500,0.050,0.569,0.381
703000,0.050,0.516,0.433
703500,0.050,0.490,0.460
704000,0.050,0.595,0.355
704500,0.050,0.501,0.449
705000,0.050,0.486,0.464
705500,0.050,0.533,0.416
706000,0.050,0.561,0.389
706500,0.050,0.499,0.451
707000,0.050,0.441,0.509
707500,0.050,0.479,0.470
708000,0.050,0.561,0.389
708500,0.050,0.635,0.315
709000,0.050,0.624,0.326
709500,0.050,0.584,0.366
710000,0.050,0.565,0.385
710500,0.050,0.569,0.381
711000,0.050,0.542,0.408
711500,0.050,0.661,0.288
712000,0.050,0.616,0.334
712500,0.050,0.568,0.382
713000,0.050,0.527,0.422
713500,0.050,0.577,0.373
714000,0.050,0.549,0.401
714500,0.050,0.631,0.319
715000,0.050,0.605,0.345
715500,0.050,0.613,0.337
716000,0.050,0.620,0.330
716500,0.050,0.614,0.336
717000,0.050,0.559,0.391
717500,0.050,0.537,0.413
718000,0.050,0.522,0.427
718500,0.050,0.484,0.466
719000,0.050,0.566,0.384
719500,0.050,0.610,0.340
720000,0.050,0.532,0.418
720500,0.050,0.544,0.405
721000,0.050,0.559,0.390
721500,0.050,0.506,0.444
722000,0.050,0.462,0.488
722500,0.050,0.442,0.508
723000,0.050,0.556,0.394
723500,0.050,0.628,0.322
724000,0.050,0.544,0.406
724500,0.050,0.509,0.441
725000,0.050,0.560,0.390
725500,0.050,0.621,0.329
726000,0.050,0.596,0.354
726500,0.050,0.594,0.356
727000,0.050,0.559,0.391
727500,0.050,0.556,0.394
728000,0.050,0.560,0.390
728500,0.050,0.632,0.318
729000,0.050,0.607,0.343
729500,0.050,0.642,0.307
730000,0.050,0.563,0.387
730500,0.050,0.605,0.345
731000,0.050,0.555,0.394
731500,0.050,0.603,0.347
732000,0.050,0.480,0.470
732500,0.050,0.519,0.430
733000,0.050,0.606,0.344
733500,0.050,0.552,0.397
734000,0.050,0.527,0.423
734500,0.050,0.473,0.476
735000,0.050,0.529,0.420
735500,0.050,0.535,0.415
736000,0.050,0.510,0.440
736500,0.050,0.499,0.451
737000,0.050,0.514,0.435
737500,0.050,0.517,0.433
738000,0.050,0.447,0.503
738500,0.050,0.518,0.431
739000,0.050,0.507,0.443
739500,0.050,0.615,0.335
740000,0.050,0.481,0.468
740500,0.050,0.500,0.450
741000,0.050,0.449,0.501
741500,0.050,0.502,0.448
742000,0.050,0.566,0.384
742500,0.050,0.631,0.319
743000,0.050,0.580,0.370
743500,0.050,0.521,0.428
744000,0.050,0.538,0.412
744500,0.050,0.543,0.406
745000,0.050,0.461,0.489
745500,0.050,0.549,0.401
746000,0.050,0.563,0.387
746500,0.050,0.596,0.354
747000,0.050,0.527,0.422
747500,0.050,0.553,0.396
748000,0.050,0.594,0.356
748500,0.050,0.587,0.363
749000,0.050,0.565,0.385
749500,0.050,0.527,0.423
750000,0.050,0.494,0.455
750500,0.050,0.524,0.426
751000,0.050,0.530,0.419
751500,0.050,0.497,0.453
752000,0.050,0.477,0.472
752500,0.050,0.560,0.389
753000,0.050,0.565,0.385
753500,0.050,0.594,0.356
754000,0.050,0.577,0.373
754500,0.050,0.477,0.472
755000,0.050,0.417,0.533
755500,0.050,0.475,0.475
756000,0.050,0.525,0.425
756500,0.050,0.585,0.365
757000,0.050,0.612,0.338
757500,0.050,0.570,0.380
758000,0.050,0.471,0.479
758500,0.050,0.524,0.426
759000,0.050,0.522,0.428
759500,0.050,0.554,0.396
760000,0.050,0.494,0.455
760500,0.050,0.505,0.445
761000,0.050,0.512,0.438
761500,0.050,0.460,0.490
762000,0.050,0.502,0.448
762500,0.050,0.507,0.443
763000,0.050,0.506,0.444
763500,0.050,0.556,0.394
764000,0.050,0.493,0.457
764500,0.050,0.524,0.425
765000,0.050,0.499,0.451
765500,0.050,0.616,0.334
766000,0.050,0.576,0.374
766500,0.050,0.545,0.405
767000,0.050,0.581,0.369
767500,0.050,0.583,0.367
768000,0.050,0.526,0.424
768500,0.050,0.548,0.401
769000,0.050,0.469,0.481
769500,0.050,0.533,0.417
770000,0.050,0.560,0.390
770500,0.050,0.558,0.392
771000,0.050,0.550,0.399
771500,0.050,0.564,0.386
772000,0.050,0.463,0.487
772500,0.050,0.423,0.527
773000,0.050,0.457,0.493
773500,0.050,0.540,0.410
774000,0.050,0.606,0.344
774500,0.050,0.531,0.418
775000,0.050,0.551,0.398
775500,0.050,0.593,0.357
776000,0.050,0.516,0.433
776500,0.050,0.614,0.336
777000,0.050,0.624,0.326
777500,0.050,0.558,0.391
778000,0.050,0.509,0.441
778500,0.050,0.498,0.451
779000,0.050,0.535,0.414
779500,0.050,0.488,0.462
780000,0.050,0.519,0.430
780500,0.050,0.515,0.435
781000,0.050,0.506,0.444
781500,0.050,0.537,0.413
782000,0.050,0.551,0.399
782500,0.050,0.548,0.401
783000,0.050,0.484,0.466
783500,0.050,0.466,0.484
784000,0.050,0.498,0.451
784500,0.050,0.495,0.454
785000,0.050,0.467,0.483
785500,0.050,0.572,0.378
786000,0.050,0.632,0.318
786500,0.050,0.631,0.319
787000,0.050,0.621,0.329
787500,0.050,0.521,0.428
788000,0.050,0.457,0.493
788500,0.050,0.434,0.516
789000,0.050,0.461,0.489
789500,0.050,0.530,0.419
790000,0.050,0.460,0.490
790500,0.050,0.538,0.412
791000,0.050,0.583,0.367
791500,0.050,0.611,0.339
792000,0.050,0.569,0.381
792500,0.050,0.460,0.490
793000,0.050,0.534,0.416
793500,0.050,0.439,0.511
794000,0.050,0.534,0.415
794500,0.050,0.510,0.440
795000,0.050,0.477,0.472
795500,0.050,0.603,0.347
796000,0.050,0.548,0.401
796500,0.050,0.555,0.395
797000,0.050,0.502,0.448
797500,0.050,0.513,0.437
798000,0.050,0.524,0.426
798500,0.050,0.532,0.418
799000,0.050,0.533,0.417
799500,0.050,0.459,0.491
800000,0.050,0.470,0.479
800500,0.050,0.573,0.377
801000,0.050,0.625,0.325
801500,0.050,0.516,0.433
802000,0.050,0.517,0.432
802500,0.050,0.564,0.386
803000,0.050,0.533,0.417
803500,0.050,0.499,0.450
804000,0.050,0.433,0.516
804500,0.050,0.537,0.412
805000,0.050,0.498,0.452
805500,0.050,0.516,0.434
806000,0.050,0.508,0.442
806500,0.050,0.541,0.409
807000,0.050,0.603,0.347
807500,0.050,0.613,0.337
808000,0.050,0.548,0.401
808500,0.050,0.567,0.383
809000,0.050,0.601,0.349
809500,0.050,0.486,0.463
810000,0.050,0.477,0.473
810500,0.050,0.427,0.522
811000,0.050,0.556,0.394
811500,0.050,0.591,0.359
812000,0.050,0.595,0.355
812500,0.050,0.594,0.356
813000,0.050,0.548,0.402
813500,0.050,0.498,0.452
814000,0.050,0.548,0.401
814500,0.050,0.505,0.445
815000,0.050,0.468,0.482
815500,0.050,0.529,0.420
816000,0.050,0.618,0.332
816500,0.050,0.664,0.285
817000,0.050,0.604,0.346
817500,0.050,0.456,0.494
818000,0.050,0.526,0.424
818500,0.050,0.473,0.476
819000,0.050,0.554,0.395
819500,0.050,0.396,0.554
820000,0.050,0.463,0.487
820500,0.050,0.489,0.461
821000,0.050,0.414,0.535
821500,0.050,0.489,0.461
822000,0.050,0.571,0.379
822500,0.050,0.488,0.462
823000,0.050,0.472,0.478
823500,0.050,0.490,0.459
824000,0.050,0.544,0.406
824500,0.050,0.513,0.436
825000,0.050,0.501,0.449
825500,0.050,0.500,0.450
826000,0.050,0.432,0.517
826500,0.050,0.566,0.384
827000,0.050,0.554,0.396
827500,0.050,0.530,0.420
828000,0.050,0.566,0.384
828500,0.050,0.578,0.372
829000,0.050,0.487,0.463
829500,0.050,0.573,0.377
830000,0.050,0.627,0.323
830500,0.050,0.545,0.404
831000,0.050,0.479,0.470
831500,0.050,0.446,0.504
832000,0.050,0.456,0.494
832500,0.050,0.496,0.453
833000,0.050,0.495,0.455
833500,0.050,0.581,0.369
834000,0.050,0.581,0.369
834500,0.050,0.590,0.360
835000,0.050,0.469,0.481
835500,0.050,0.552,0.397
836000,0.050,0.546,0.404
836500,0.050,0.597,0.353
837000,0.050,0.596,0.354
837500,0.050,0.455,0.495
838000,0.050,0.521,0.428
838500,0.050,0.513,0.436
839000,0.050,0.538,0.411
839500,0.050,0.585,0.365
840000,0.050,0.506,0.444
840500,0.050,0.539,0.411
841000,0.050,0.470,0.479
841500,0.050,0.530,0.420
842000,0.050,0.509,0.441
842500,0.050,0.622,0.328
843000,0.050,0.596,0.354
843500,0.050,0.598,0.352
844000,0.050,0.471,0.478
844500,0.050,0.602,0.348
845000,0.050,0.601,0.349
845500,0.050,0.605,0.345
846000,0.050,0.593,0.357
846500,0.050,0.474,0.476
847000,0.050,0.510,0.440
847500,0.050,0.519,0.430
848000,0.050,0.524,0.425
848500,0.050,0.647,0.303
849000,0.050,0.586,0.364
849500,0.050,0.589,0.361
850000,0.050,0.587,0.363
850500,0.050,0.525,0.424
851000,0.050,0.498,0.452
851500,0.050,0.584,0.366
852000,0.050,0.551,0.399
852500,0.050,0.543,0.407
853000,0.050,0.614,0.336
853500,0.050,0.550,0.400
854000,0.050,0.505,0.445
854500,0.050,0.457,0.493
855000,0.050,0.426,0.524
855500,0.050,0.458,0.492
856000,0.050,0.525,0.425
856500,0.050,0.534,0.415
857000,0.050,0.612,0.338
857500,0.050,0.550,0.399
858000,0.050,0.462,0.488
858500,0.050,0.508,0.442
859000,0.050,0.566,0.384
859500,0.050,0.568,0.382
860000,0.050,0.585,0.365
860500,0.050,0.551,0.399
861000,0.050,0.514,0.436
861500,0.050,0.508,0.442
862000,0.050,0.546,0.403
862500,0.050,0.554,0.395
863000,0.050,0.523,0.427
863500,0.050,0.539,0.410
864000,0.050,0.509,0.441
864500,0.050,0.512,0.438
865000,0.050,0.613,0.337
865500,0.050,0.495,0.454
866000,0.050,0.565,0.385
866500,0.050,0.544,0.406
867000,0.050,0.498,0.452
867500,0.050,0.614,0.336
868000,0.050,0.523,0.427
868500,0.050,0.475,0.474
869000,0.050,0.528,0.421
869500,0.050,0.555,0.394
870000,0.050,0.575,0.375
870500,0.050,0.509,0.441
871000,0.050,0.554,0.395
871500,0.050,0.559,0.391
872000,0.050,0.604,0.346
872500,0.050,0.586,0.364
873000,0.050,0.468,0.482
873500,0.050,0.578,0.372
874000,0.050,0.571,0.379
874500,0.050,0.440,0.510
875000,0.050,0.444,0.506
875500,0.050,0.526,0.423
876000,0.050,0.542,0.407
876500,0.050,0.500,0.450
877000,0.050,0.433,0.517
877500,0.050,0.584,0.366
878000,0.050,0.494,0.456
878500,0.050,0.521,0.428
879000,0.050,0.592,0.358
879500,0.050,0.564,0.386
880000,0.050,0.535,0.415
880500,0.050,0.556,0.393
881000,0.050,0.436,0.514
881500,0.050,0.475,0.475
882000,0.050,0.495,0.454
882500,0.050,0.554,0.395
883000,0.050,0.601,0.349
883500,0.050,0.614,0.336
884000,0.050,0.518,0.432
884500,0.050,0.479,0.471
885000,0.050,0.498,0.451
885500,0.050,0.553,0.396
886000,0.050,0.627,0.323
886500,0.050,0.596,0.354
887000,0.050,0.557,0.393
887500,0.050,0.565,0.385
888000,0.050,0.544,0.406
888500,0.050,0.465,0.485
889000,0.050,0.459,0.491
889500,0.050,0.464,0.486
890000,0.050,0.528,0.421
890500,0.050,0.540,0.410
891000,0.050,0.504,0.446
891500,0.050,0.533,0.416
892000,0.050,0.502,0.448
892500,0.050,0.558,0.392
893000,0.050,0.585,0.365
893500,0.050,0.522,0.428
894000,0.050,0.502,0.448
894500,0.050,0.508,0.442
895000,0.050,0.489,0.461
895500,0.050,0.426,0.524
896000,0.050,0.457,0.493
896500,0.050,0.511,0.439
897000,0.050,0.465,0.485
897500,0.050,0.595,0.355
898000,0.050,0.569,0.381
898500,0.050,0.614,0.336
899000,0.050,0.610,0.340
899500,0.050,0.583,0.367
900000,0.050,0.552,0.397
900500,0.050,0.511,0.439
901000,0.050,0.509,0.441
901500,0.050,0.516,0.433
902000,0.050,0.517,0.432
902500,0.050,0.627,0.323
903000,0.050,0.641,0.308
903500,0.050,0.631,0.319
904000,0.050,0.661,0.288
904500,0.050,0.619,0.331
905000,0.050,0.533,0.416
905500,0.050,0.542,0.407
906000,0.050,0.559,0.391
906500,0.050,0.518,0.431
907000,0.050,0.590,0.360
907500,0.050,0.617,0.333
908000,0.050,0.537,0.413
908500,0.050,0.524,0.425
909000,0.050,0.552,0.398
909500,0.050,0.476,0.474
910000,0.050,0.521,0.428
910500,0.050,0.487,0.463
911000,0.050,0.516,0.434
911500,0.050,0.467,0.483
912000,0.050,0.550,0.399
912500,0.050,0.472,0.477
913000,0.050,0.611,0.339
913500,0.050,0.610,0.340
914000,0.050,0.585,0.365
914500,0.050,0.540,0.409
915000,0.050,0.556,0.393
915500,0.050,0.501,0.449
916000,0.050,0.522,0.427
916500,0.050,0.482,0.467
917000,0.050,0.416,0.534
917500,0.050,0.534,0.415
918000,0.050,0.536,0.414
918500,0.050,0.656,0.294
919000,0.050,0.557,0.392
919500,0.050,0.576,0.374
920000,0.050,0.519,0.430
920500,0.050,0.553,0.397
921000,0.050,0.523,0.426
921500,0.050,0.539,0.410
922000,0.050,0.549,0.400
922500,0.050,0.568,0.382
923000,0.050,0.522,0.427
923500,0.050,0.495,0.455
924000,0.050,0.538,0.412
924500,0.050,0.499,0.450
925000,0.050,0.527,0.423
925500,0.050,0.474,0.475
926000,0.050,0.488,0.462
926500,0.050,0.557,0.392
927000,0.050,0.544,0.405
927500,0.050,0.545,0.404
928000,0.050,0.555,0.394
928500,0.050,0.467,0.483
929000,0.050,0.505,0.445
929500,0.050,0.610,0.340
930000,0.050,0.596,0.354
930500,0.050,0.534,0.416
931000,0.050,0.628,0.322
931500,0.050,0.541,0.408
932000,0.050,0.602,0.348
932500,0.050,0.609,0.341
933000,0.050,0.464,0.486
933500,0.050,0.516,0.434
934000,0.050,0.491,0.459
934500,0.050,0.488,0.461
935000,0.050,0.485,0.464
935500,0.050,0.535,0.414
936000,0.050,0.603,0.347
936500,0.050,0.607,0.343
937000,0.050,0.481,0.468
937500,0.050,0.522,0.427
938000,0.050,0.576,0.374
938500,0.050,0.591,0.359
939000,0.050,0.641,0.308
939500,0.050,0.604,0.346
940000,0.050,0.598,0.352
940500,0.050,0.488,0.462
941000,0.050,0.531,0.418
941500,0.050,0.540,0.409
942000,0.050,0.488,0.462
942500,0.050,0.496,0.454
943000,0.050,0.541,0.408
943500,0.050,0.496,0.453
944000,0.050,0.564,0.386
944500,0.050,0.469,0.481
945000,0.050,0.538,0.412
945500,0.050,0.536,0.414
946000,0.050,0.528,0.421
946500,0.050,0.545,0.404
947000,0.050,0.469,0.481
947500,0.050,0.467,0.483
948000,0.050,0.492,0.458
948500,0.050,0.568,0.382
949000,0.050,0.625,0.325
949500,0.050,0.594,0.356
950000,0.050,0.583,0.367
950500,0.050,0.586,0.364
951000,0.050,0.591,0.359
951500,0.050,0.474,0.475
952000,0.050,0.403,0.547
952500,0.050,0.462,0.488
953000,0.050,0.456,0.494
953500,0.050,0.532,0.417
954000,0.050,0.463,0.487
954500,0.050,0.528,0.422
955000,0.050,0.567,0.383
955500,0.050,0.519,0.430
956000,0.050,0.458,0.492
956500,0.050,0.544,0.405
957000,0.050,0.555,0.394
957500,0.050,0.625,0.325
958000,0.050,0.592,0.358
958500,0.050,0.503,0.447
959000,0.050,0.506,0.444
959500,0.050,0.556,0.394
960000,0.050,0.516,0.434
960500,0.050,0.564,0.386
961000,0.050,0.529,0.421
961500,0.050,0.500,0.450
962000,0.050,0.494,0.456
962500,0.050,0.568,0.382
963000,0.050,0.634,0.316
963500,0.050,0.626,0.324
964000,0.050,0.605,0.345
964500,0.050,0.573,0.377
965000,0.050,0.603,0.347
965500,0.050,0.681,0.268
966000,0.050,0.624,0.326
966500,0.050,0.600,0.350
967000,0.050,0.504,0.446
967500,0.050,0.545,0.404
968000,0.050,0.551,0.398
968500,0.050,0.557,0.393
969000,0.050,0.581,0.369
969500,0.050,0.534,0.416
970000,0.050,0.552,0.397
970500,0.050,0.461,0.489
971000,0.050,0.531,0.418
971500,0.050,0.463,0.487
972000,0.050,0.502,0.448
972500,0.050,0.468,0.482
973000,0.050,0.497,0.453
973500,0.050,0.570,0.380
974000,0.050,0.456,0.494
974500,0.050,0.473,0.477
975000,0.050,0.469,0.480
975500,0.050,0.553,0.397
976000,0.050,0.478,0.472
976500,0.050,0.507,0.443
977000,0.050,0.559,0.390
977500,0.050,0.554,0.395
978000,0.050,0.590,0.360
978500,0.050,0.530,0.419
979000,0.050,0.516,0.434
979500,0.050,0.422,0.527
980000,0.050,0.455,0.495
980500,0.050,0.515,0.434
981000,0.050,0.491,0.459
981500,0.050,0.474,0.476
982000,0.050,0.474,0.475
982500,0.050,0.542,0.408
983000,0.050,0.520,0.429
983500,0.050,0.477,0.472
984000,0.050,0.563,0.387
984500,0.050,0.506,0.444
985000,0.050,0.520,0.430
985500,0.050,0.552,0.397
986000,0.050,0.521,0.429
986500,0.050,0.495,0.454
987000,0.050,0.572,0.378
987500,0.050,0.561,0.388
988000,0.050,0.552,0.398
988500,0.050,0.398,0.552
989000,0.050,0.468,0.482
989500,0.050,0.493,0.456
990000,0.050,0.558,0.391
990500,0.050,0.491,0.459
991000,0.050,0.500,0.450
991500,0.050,0.557,0.392
992000,0.050,0.525,0.424
992500,0.050,0.505,0.445
993000,0.050,0.527,0.422
993500,0.050,0.511,0.439
994000,0.050,0.462,0.488
994500,0.050,0.482,0.467
995000,0.050,0.503,0.447
995500,0.050,0.542,0.408
996000,0.050,0.459,0.491
996500,0.050,0.477,0.473
997000,0.050,0.529,0.421
997500,0.050,0.450,0.500
998000,0.050,0.507,0.443
998500,0.050,0.431,0.518
999000,0.050,0.515,0.434
999500,0.050,0.522,0.427
1000000,0.050,0.533,0.417
