time,n_A+p,n_B,n_AB
500,0.050,0.770,0.179
1000,0.050,0.472,0.478
1500,0.050,0.349,0.601
2000,0.050,0.283,0.666
2500,0.059,0.221,0.720
3000,0.053,0.220,0.727
3500,0.069,0.200,0.731
4000,0.059,0.211,0.730
4500,0.084,0.114,0.802
5000,0.093,0.145,0.762
5500,0.124,0.073,0.802
6000,0.322,0.018,0.659
6500,0.644,0.001,0.355
7000,0.760,0.000,0.240
7500,0.848,0.000,0.152
8000,0.931,0.000,0.069
8500,0.914,0.000,0.086
9000,0.963,0.000,0.037
9500,0.979,0.000,0.021
10000,0.982,0.000,0.018
10500,0.998,0.000,0.002
11000,1.000,0.000,0.000
