time,n_A+p,n_B,n_AB
100,0.030,0.962,0.008
200,0.030,0.956,0.014
300,0.030,0.952,0.018
400,0.030,0.949,0.021
500,0.030,0.946,0.024
600,0.030,0.946,0.024
700,0.032,0.939,0.029
800,0.031,0.938,0.031
900,0.031,0.931,0.038
1000,0.031,0.928,0.041
1100,0.033,0.917,0.050
1200,0.032,0.917,0.051
1300,0.034,0.914,0.052
1400,0.034,0.916,0.050
1500,0.036,0.912,0.052
1600,0.037,0.908,0.055
1700,0.038,0.902,0.060
1800,0.040,0.887,0.073
1900,0.039,0.889,0.072
2000,0.038,0.880,0.082
2100,0.037,0.884,0.079
2200,0.036,0.889,0.075
2300,0.037,0.889,0.074
2400,0.037,0.892,0.071
2500,0.036,0.889,0.075
2600,0.036,0.896,0.068
2700,0.036,0.887,0.077
2800,0.035,0.886,0.079
2900,0.034,0.881,0.085
3000,0.037,0.882,0.081
3100,0.036,0.889,0.075
3200,0.042,0.891,0.067
3300,0.041,0.886,0.073
3400,0.039,0.882,0.079
3500,0.038,0.873,0.089
3600,0.038,0.874,0.088
3700,0.038,0.867,0.095
3800,0.038,0.873,0.089
3900,0.040,0.878,0.082
4000,0.038,0.879,0.083
4100,0.036,0.877,0.087
4200,0.038,0.883,0.079
4300,0.040,0.888,0.072
4400,0.041,0.886,0.073
4500,0.039,0.889,0.072
4600,0.038,0.885,0.077
4700,0.039,0.885,0.076
4800,0.039,0.880,0.081
4900,0.044,0.886,0.070
5000,0.045,0.876,0.079
5100,0.048,0.865,0.087
5200,0.045,0.869,0.086
5300,0.045,0.863,0.092
5400,0.048,0.860,0.092
5500,0.049,0.861,0.090
5600,0.046,0.862,0.092
5700,0.050,0.860,0.090
5800,0.051,0.860,0.089
5900,0.050,0.857,0.093
6000,0.048,0.859,0.093
6100,0.047,0.857,0.096
6200,0.046,0.854,0.100
6300,0.045,0.859,0.096
6400,0.045,0.851,0.104
6500,0.053,0.842,0.105
6600,0.049,0.850,0.101
6700,0.049,0.842,0.109
6800,0.052,0.836,0.112
6900,0.054,0.840,0.106
7000,0.055,0.838,0.107
7100,0.051,0.852,0.097
7200,0.055,0.848,0.097
7300,0.058,0.840,0.102
7400,0.059,0.837,0.104
7500,0.059,0.832,0.109
7600,0.059,0.830,0.111
7700,0.058,0.829,0.113
7800,0.057,0.820,0.123
7900,0.054,0.815,0.131
8000,0.055,0.814,0.131
8100,0.057,0.824,0.119
8200,0.057,0.825,0.118
8300,0.058,0.833,0.109
8400,0.056,0.836,0.108
8500,0.054,0.836,0.110
8600,0.056,0.831,0.113
8700,0.059,0.835,0.106
8800,0.056,0.831,0.113
8900,0.055,0.834,0.111
9000,0.052,0.837,0.111
9100,0.052,0.833,0.115
9200,0.056,0.823,0.121
9300,0.054,0.829,0.117
9400,0.054,0.829,0.117
9500,0.048,0.829,0.123
9600,0.046,0.839,0.115
9700,0.045,0.850,0.105
9800,0.042,0.862,0.096
9900,0.044,0.861,0.095
10000,0.041,0.864,0.095
10100,0.043,0.867,0.090
10200,0.042,0.866,0.092
10300,0.041,0.861,0.098
10400,0.041,0.857,0.102
10500,0.041,0.859,0.100
10600,0.044,0.860,0.096
10700,0.045,0.854,0.101
10800,0.046,0.861,0.093
10900,0.050,0.859,0.091
11000,0.056,0.858,0.086
11100,0.051,0.855,0.094
11200,0.048,0.850,0.102
11300,0.046,0.851,0.103
11400,0.040,0.849,0.111
11500,0.040,0.845,0.115
11600,0.040,0.846,0.114
11700,0.040,0.845,0.115
11800,0.042,0.847,0.111
11900,0.040,0.846,0.114
12000,0.042,0.853,0.105
12100,0.046,0.857,0.097
12200,0.049,0.864,0.087
12300,0.047,0.870,0.083
12400,0.049,0.867,0.084
12500,0.049,0.869,0.082
12600,0.046,0.876,0.078
12700,0.044,0.873,0.083
12800,0.042,0.868,0.090
12900,0.047,0.861,0.092
13000,0.047,0.859,0.094
13100,0.044,0.864,0.092
13200,0.047,0.869,0.084
13300,0.046,0.876,0.078
13400,0.043,0.867,0.090
13500,0.042,0.867,0.091
13600,0.040,0.868,0.092
13700,0.038,0.862,0.100
13800,0.035,0.865,0.100
13900,0.039,0.864,0.097
14000,0.040,0.869,0.091
14100,0.040,0.868,0.092
14200,0.040,0.870,0.090
14300,0.039,0.867,0.094
14400,0.045,0.869,0.086
14500,0.042,0.872,0.086
14600,0.041,0.868,0.091
14700,0.042,0.871,0.087
14800,0.042,0.869,0.089
14900,0.040,0.870,0.090
15000,0.041,0.875,0.084
15100,0.043,0.877,0.080
15200,0.044,0.880,0.076
15300,0.043,0.876,0.081
15400,0.040,0.872,0.088
15500,0.037,0.882,0.081
15600,0.038,0.872,0.090
15700,0.039,0.869,0.092
15800,0.041,0.874,0.085
15900,0.039,0.874,0.087
16000,0.041,0.870,0.089
16100,0.042,0.867,0.091
16200,0.040,0.870,0.090
16300,0.046,0.866,0.088
16400,0.043,0.866,0.091
16500,0.045,0.861,0.094
16600,0.044,0.864,0.092
16700,0.043,0.860,0.097
16800,0.041,0.861,0.098
16900,0.042,0.861,0.097
17000,0.042,0.858,0.100
17100,0.042,0.852,0.106
17200,0.039,0.854,0.107
17300,0.041,0.849,0.110
17400,0.041,0.852,0.107
17500,0.040,0.863,0.097
17600,0.038,0.869,0.093
17700,0.039,0.870,0.091
17800,0.038,0.871,0.091
17900,0.038,0.872,0.090
18000,0.039,0.872,0.089
18100,0.037,0.877,0.086
18200,0.037,0.880,0.083
18300,0.036,0.891,0.073
18400,0.037,0.895,0.068
18500,0.038,0.895,0.067
18600,0.037,0.889,0.074
18700,0.036,0.891,0.073
18800,0.039,0.892,0.069
18900,0.041,0.890,0.069
19000,0.041,0.891,0.068
19100,0.040,0.892,0.068
19200,0.038,0.892,0.070
19300,0.037,0.885,0.078
19400,0.036,0.886,0.078
19500,0.035,0.894,0.071
19600,0.039,0.886,0.075
19700,0.041,0.883,0.076
19800,0.042,0.883,0.075
19900,0.043,0.878,0.079
20000,0.043,0.865,0.092
20100,0.042,0.869,0.089
20200,0.043,0.864,0.093
20300,0.042,0.864,0.094
20400,0.040,0.870,0.090
20500,0.038,0.870,0.092
20600,0.043,0.871,0.086
20700,0.042,0.866,0.092
20800,0.043,0.867,0.090
20900,0.044,0.863,0.093
21000,0.043,0.863,0.094
21100,0.044,0.865,0.091
21200,0.041,0.869,0.090
21300,0.041,0.866,0.093
21400,0.040,0.857,0.103
21500,0.040,0.859,0.101
21600,0.044,0.860,0.096
21700,0.049,0.858,0.093
21800,0.051,0.849,0.100
21900,0.051,0.852,0.097
22000,0.053,0.847,0.100
22100,0.051,0.850,0.099
22200,0.046,0.851,0.103
22300,0.045,0.850,0.105
22400,0.047,0.847,0.106
22500,0.048,0.844,0.108
22600,0.046,0.857,0.097
22700,0.049,0.860,0.091
22800,0.047,0.859,0.094
22900,0.049,0.859,0.092
23000,0.054,0.848,0.098
23100,0.051,0.851,0.098
23200,0.051,0.847,0.102
23300,0.050,0.849,0.101
23400,0.050,0.848,0.102
23500,0.051,0.852,0.097
23600,0.046,0.854,0.100
23700,0.047,0.856,0.097
23800,0.049,0.853,0.098
23900,0.046,0.864,0.090
24000,0.046,0.863,0.091
24100,0.044,0.870,0.086
24200,0.044,0.868,0.088
24300,0.042,0.869,0.089
24400,0.041,0.863,0.096
24500,0.039,0.867,0.094
24600,0.043,0.867,0.090
24700,0.043,0.865,0.092
24800,0.045,0.861,0.094
24900,0.046,0.868,0.086
25000,0.044,0.868,0.088
25100,0.050,0.858,0.092
25200,0.047,0.862,0.091
25300,0.045,0.866,0.089
25400,0.044,0.866,0.090
25500,0.042,0.870,0.088
25600,0.047,0.879,0.074
25700,0.045,0.876,0.079
25800,0.043,0.874,0.083
25900,0.042,0.868,0.090
26000,0.041,0.872,0.087
26100,0.042,0.876,0.082
26200,0.047,0.865,0.088
26300,0.045,0.868,0.087
26400,0.051,0.872,0.077
26500,0.052,0.864,0.084
26600,0.049,0.863,0.088
26700,0.046,0.857,0.097
26800,0.048,0.862,0.090
26900,0.046,0.866,0.088
27000,0.043,0.870,0.087
27100,0.045,0.867,0.088
27200,0.045,0.866,0.089
27300,0.048,0.870,0.082
27400,0.050,0.870,0.080
27500,0.052,0.867,0.081
27600,0.050,0.867,0.083
27700,0.046,0.871,0.083
27800,0.046,0.878,0.076
27900,0.046,0.877,0.077
28000,0.042,0.880,0.078
28100,0.044,0.877,0.079
28200,0.046,0.871,0.083
28300,0.045,0.873,0.082
28400,0.049,0.869,0.082
28500,0.049,0.868,0.083
28600,0.050,0.868,0.082
28700,0.050,0.869,0.081
28800,0.050,0.865,0.085
28900,0.050,0.866,0.084
29000,0.050,0.871,0.079
29100,0.048,0.875,0.077
29200,0.049,0.860,0.091
29300,0.047,0.860,0.093
29400,0.044,0.860,0.096
29500,0.047,0.859,0.094
29600,0.044,0.861,0.095
29700,0.046,0.866,0.088
29800,0.049,0.863,0.088
29900,0.047,0.857,0.096
30000,0.044,0.853,0.103
30100,0.044,0.853,0.103
30200,0.045,0.858,0.097
30300,0.040,0.862,0.098
30400,0.038,0.856,0.106
30500,0.036,0.863,0.101
30600,0.037,0.864,0.099
30700,0.037,0.869,0.094
30800,0.037,0.862,0.101
30900,0.040,0.867,0.093
31000,0.049,0.861,0.090
31100,0.042,0.867,0.091
31200,0.039,0.863,0.098
31300,0.043,0.857,0.100
31400,0.043,0.851,0.106
31500,0.040,0.852,0.108
31600,0.038,0.856,0.106
31700,0.037,0.851,0.112
31800,0.036,0.859,0.105
31900,0.043,0.863,0.094
32000,0.045,0.871,0.084
32100,0.043,0.877,0.080
32200,0.044,0.870,0.086
32300,0.042,0.866,0.092
32400,0.042,0.864,0.094
32500,0.040,0.863,0.097
32600,0.039,0.870,0.091
32700,0.037,0.868,0.095
32800,0.035,0.863,0.102
32900,0.035,0.873,0.092
33000,0.037,0.870,0.093
33100,0.036,0.870,0.094
33200,0.036,0.867,0.097
33300,0.039,0.865,0.096
33400,0.040,0.861,0.099
33500,0.039,0.861,0.100
33600,0.038,0.859,0.103
33700,0.039,0.869,0.092
33800,0.041,0.868,0.091
33900,0.041,0.870,0.089
34000,0.044,0.873,0.083
34100,0.045,0.869,0.086
34200,0.045,0.875,0.080
34300,0.043,0.873,0.084
34400,0.043,0.867,0.090
34500,0.042,0.871,0.087
34600,0.042,0.878,0.080
34700,0.044,0.886,0.070
34800,0.044,0.891,0.065
34900,0.044,0.891,0.065
35000,0.042,0.889,0.069
35100,0.041,0.881,0.078
35200,0.042,0.875,0.083
35300,0.044,0.867,0.089
35400,0.041,0.871,0.088
35500,0.043,0.875,0.082
35600,0.044,0.876,0.080
35700,0.043,0.876,0.081
35800,0.041,0.871,0.088
35900,0.041,0.874,0.085
36000,0.044,0.880,0.076
36100,0.044,0.879,0.077
36200,0.046,0.875,0.079
36300,0.045,0.878,0.077
36400,0.043,0.877,0.080
36500,0.043,0.875,0.082
36600,0.040,0.877,0.083
36700,0.038,0.870,0.092
36800,0.036,0.871,0.093
36900,0.034,0.872,0.094
37000,0.037,0.867,0.096
37100,0.038,0.868,0.094
37200,0.038,0.873,0.089
37300,0.038,0.872,0.090
37400,0.041,0.876,0.083
37500,0.040,0.881,0.079
37600,0.045,0.878,0.077
37700,0.048,0.879,0.073
37800,0.045,0.886,0.069
37900,0.046,0.885,0.069
38000,0.045,0.875,0.080
38100,0.040,0.881,0.079
38200,0.042,0.883,0.075
38300,0.044,0.871,0.085
38400,0.042,0.870,0.088
38500,0.041,0.866,0.093
38600,0.043,0.862,0.095
38700,0.043,0.866,0.091
38800,0.041,0.850,0.109
38900,0.046,0.849,0.105
39000,0.047,0.853,0.100
39100,0.041,0.856,0.103
39200,0.040,0.860,0.100
39300,0.040,0.866,0.094
39400,0.043,0.862,0.095
39500,0.043,0.860,0.097
39600,0.046,0.856,0.098
39700,0.048,0.856,0.096
39800,0.048,0.869,0.083
39900,0.045,0.869,0.086
40000,0.044,0.862,0.094
40100,0.044,0.866,0.090
40200,0.046,0.857,0.097
40300,0.043,0.860,0.097
40400,0.039,0.871,0.090
40500,0.038,0.876,0.086
40600,0.037,0.877,0.086
40700,0.036,0.871,0.093
40800,0.036,0.866,0.098
40900,0.042,0.861,0.097
41000,0.042,0.862,0.096
41100,0.041,0.865,0.094
41200,0.043,0.865,0.092
41300,0.043,0.858,0.099
41400,0.046,0.867,0.087
41500,0.046,0.858,0.096
41600,0.049,0.862,0.089
41700,0.049,0.865,0.086
41800,0.047,0.868,0.085
41900,0.046,0.860,0.094
42000,0.045,0.862,0.093
42100,0.044,0.864,0.092
42200,0.040,0.866,0.094
42300,0.038,0.863,0.099
42400,0.039,0.858,0.103
42500,0.041,0.851,0.108
42600,0.041,0.846,0.113
42700,0.040,0.839,0.121
42800,0.048,0.835,0.117
42900,0.047,0.836,0.117
43000,0.048,0.839,0.113
43100,0.050,0.837,0.113
43200,0.052,0.832,0.116
43300,0.050,0.826,0.124
43400,0.046,0.830,0.124
43500,0.044,0.832,0.124
43600,0.048,0.831,0.121
43700,0.052,0.839,0.109
43800,0.054,0.835,0.111
43900,0.054,0.833,0.113
44000,0.050,0.838,0.112
44100,0.049,0.835,0.116
44200,0.046,0.835,0.119
44300,0.043,0.837,0.120
44400,0.046,0.832,0.122
44500,0.047,0.829,0.124
44600,0.046,0.838,0.116
44700,0.045,0.839,0.116
44800,0.045,0.844,0.111
44900,0.046,0.847,0.107
45000,0.050,0.843,0.107
45100,0.048,0.842,0.110
45200,0.050,0.834,0.116
45300,0.053,0.822,0.125
45400,0.050,0.822,0.128
45500,0.049,0.824,0.127
45600,0.051,0.828,0.121
45700,0.050,0.827,0.123
45800,0.050,0.829,0.121
45900,0.052,0.835,0.113
46000,0.054,0.836,0.110
46100,0.051,0.844,0.105
46200,0.047,0.850,0.103
46300,0.047,0.861,0.092
46400,0.050,0.848,0.102
46500,0.050,0.848,0.102
46600,0.052,0.837,0.111
46700,0.051,0.839,0.110
46800,0.053,0.825,0.122
46900,0.056,0.823,0.121
47000,0.067,0.815,0.118
47100,0.062,0.815,0.123
47200,0.061,0.808,0.131
47300,0.061,0.811,0.128
47400,0.060,0.815,0.125
47500,0.053,0.816,0.131
47600,0.053,0.826,0.121
47700,0.057,0.831,0.112
47800,0.057,0.832,0.111
47900,0.060,0.826,0.114
48000,0.060,0.830,0.110
48100,0.060,0.842,0.098
48200,0.058,0.831,0.111
48300,0.059,0.836,0.105
48400,0.054,0.843,0.103
48500,0.054,0.848,0.098
48600,0.052,0.853,0.095
48700,0.049,0.860,0.091
48800,0.050,0.854,0.096
48900,0.049,0.845,0.106
49000,0.046,0.848,0.106
49100,0.046,0.844,0.110
49200,0.048,0.835,0.117
49300,0.044,0.841,0.115
49400,0.042,0.850,0.108
49500,0.041,0.846,0.113
49600,0.040,0.853,0.107
49700,0.041,0.853,0.106
49800,0.040,0.854,0.106
49900,0.042,0.861,0.097
50000,0.040,0.862,0.098
50100,0.041,0.870,0.089
50200,0.039,0.875,0.086
50300,0.038,0.869,0.093
50400,0.038,0.854,0.108
50500,0.037,0.851,0.112
50600,0.037,0.843,0.120
50700,0.040,0.840,0.120
50800,0.040,0.835,0.125
50900,0.041,0.837,0.122
51000,0.040,0.846,0.114
51100,0.043,0.852,0.105
51200,0.043,0.852,0.105
51300,0.039,0.854,0.107
51400,0.037,0.850,0.113
51500,0.037,0.855,0.108
51600,0.036,0.858,0.106
51700,0.036,0.863,0.101
51800,0.042,0.851,0.107
51900,0.042,0.850,0.108
52000,0.041,0.849,0.110
52100,0.042,0.863,0.095
52200,0.041,0.866,0.093
52300,0.042,0.864,0.094
52400,0.041,0.870,0.089
52500,0.039,0.871,0.090
52600,0.039,0.870,0.091
52700,0.041,0.862,0.097
52800,0.042,0.869,0.089
52900,0.042,0.872,0.086
53000,0.041,0.875,0.084
53100,0.038,0.873,0.089
53200,0.043,0.877,0.080
53300,0.043,0.878,0.079
53400,0.043,0.882,0.075
53500,0.042,0.880,0.078
53600,0.041,0.882,0.077
53700,0.040,0.881,0.079
53800,0.038,0.883,0.079
53900,0.038,0.878,0.084
54000,0.041,0.877,0.082
54100,0.041,0.863,0.096
54200,0.045,0.862,0.093
54300,0.045,0.868,0.087
54400,0.043,0.874,0.083
54500,0.043,0.878,0.079
54600,0.045,0.877,0.078
54700,0.045,0.880,0.075
54800,0.047,0.873,0.080
54900,0.045,0.875,0.080
55000,0.047,0.874,0.079
55100,0.045,0.868,0.087
55200,0.044,0.865,0.091
55300,0.043,0.874,0.083
55400,0.042,0.875,0.083
55500,0.040,0.880,0.080
55600,0.039,0.890,0.071
55700,0.038,0.892,0.070
55800,0.038,0.894,0.068
55900,0.042,0.892,0.066
56000,0.042,0.896,0.062
56100,0.040,0.899,0.061
56200,0.040,0.898,0.062
56300,0.040,0.895,0.065
56400,0.040,0.896,0.064
56500,0.039,0.900,0.061
56600,0.040,0.892,0.068
56700,0.038,0.889,0.073
56800,0.039,0.894,0.067
56900,0.038,0.885,0.077
57000,0.039,0.886,0.075
57100,0.041,0.888,0.071
57200,0.041,0.882,0.077
57300,0.047,0.885,0.068
57400,0.052,0.883,0.065
57500,0.051,0.880,0.069
57600,0.052,0.883,0.065
57700,0.052,0.881,0.067
57800,0.049,0.884,0.067
57900,0.047,0.888,0.065
58000,0.049,0.889,0.062
58100,0.045,0.889,0.066
58200,0.046,0.889,0.065
58300,0.049,0.891,0.060
58400,0.047,0.891,0.062
58500,0.046,0.897,0.057
58600,0.046,0.897,0.057
58700,0.050,0.897,0.053
58800,0.046,0.890,0.064
58900,0.045,0.884,0.071
59000,0.042,0.892,0.066
59100,0.042,0.890,0.068
59200,0.040,0.880,0.080
59300,0.039,0.878,0.083
59400,0.042,0.880,0.078
59500,0.044,0.880,0.076
59600,0.046,0.871,0.083
59700,0.043,0.868,0.089
59800,0.046,0.868,0.086
59900,0.044,0.863,0.093
60000,0.042,0.862,0.096
60100,0.042,0.860,0.098
60200,0.042,0.860,0.098
60300,0.046,0.858,0.096
60400,0.043,0.860,0.097
60500,0.044,0.863,0.093
60600,0.041,0.868,0.091
60700,0.041,0.871,0.088
60800,0.039,0.869,0.092
60900,0.038,0.874,0.088
61000,0.039,0.862,0.099
61100,0.037,0.865,0.098
61200,0.038,0.862,0.100
61300,0.039,0.860,0.101
61400,0.038,0.857,0.105
61500,0.038,0.861,0.101
61600,0.038,0.862,0.100
61700,0.042,0.858,0.100
61800,0.041,0.857,0.102
61900,0.044,0.853,0.103
62000,0.045,0.852,0.103
62100,0.041,0.856,0.103
62200,0.041,0.867,0.092
62300,0.040,0.864,0.096
62400,0.039,0.866,0.095
62500,0.043,0.873,0.084
62600,0.044,0.877,0.079
62700,0.042,0.879,0.079
62800,0.040,0.865,0.095
62900,0.040,0.870,0.090
63000,0.039,0.882,0.079
63100,0.038,0.884,0.078
63200,0.042,0.881,0.077
63300,0.043,0.881,0.076
63400,0.041,0.882,0.077
63500,0.042,0.882,0.076
63600,0.039,0.877,0.084
63700,0.038,0.878,0.084
63800,0.037,0.876,0.087
63900,0.037,0.872,0.091
64000,0.037,0.874,0.089
64100,0.037,0.876,0.087
64200,0.036,0.886,0.078
64300,0.036,0.892,0.072
64400,0.037,0.892,0.071
64500,0.040,0.884,0.076
64600,0.042,0.890,0.068
64700,0.042,0.892,0.066
64800,0.040,0.892,0.068
64900,0.045,0.886,0.069
65000,0.044,0.889,0.067
65100,0.042,0.890,0.068
65200,0.038,0.891,0.071
65300,0.037,0.897,0.066
65400,0.036,0.906,0.058
65500,0.034,0.897,0.069
65600,0.034,0.894,0.072
65700,0.033,0.893,0.074
65800,0.034,0.886,0.080
65900,0.035,0.882,0.083
66000,0.037,0.889,0.074
66100,0.038,0.888,0.074
66200,0.038,0.891,0.071
66300,0.038,0.890,0.072
66400,0.038,0.897,0.065
66500,0.041,0.897,0.062
66600,0.039,0.904,0.057
66700,0.037,0.903,0.060
66800,0.037,0.900,0.063
66900,0.041,0.899,0.060
67000,0.038,0.898,0.064
67100,0.038,0.889,0.073
67200,0.043,0.884,0.073
67300,0.044,0.887,0.069
67400,0.043,0.879,0.078
67500,0.042,0.879,0.079
67600,0.039,0.874,0.087
67700,0.039,0.878,0.083
67800,0.038,0.880,0.082
67900,0.038,0.881,0.081
68000,0.035,0.890,0.075
68100,0.037,0.891,0.072
68200,0.037,0.886,0.077
68300,0.039,0.881,0.080
68400,0.039,0.881,0.080
68500,0.038,0.882,0.080
68600,0.035,0.877,0.088
68700,0.034,0.886,0.080
68800,0.036,0.884,0.080
68900,0.037,0.875,0.088
69000,0.038,0.872,0.090
69100,0.037,0.870,0.093
69200,0.040,0.870,0.090
69300,0.044,0.872,0.084
69400,0.042,0.874,0.084
69500,0.040,0.883,0.077
69600,0.039,0.885,0.076
69700,0.037,0.891,0.072
69800,0.041,0.886,0.073
69900,0.040,0.888,0.072
70000,0.040,0.883,0.077
70100,0.043,0.885,0.072
70200,0.044,0.882,0.074
70300,0.043,0.876,0.081
70400,0.041,0.877,0.082
70500,0.041,0.880,0.079
70600,0.040,0.883,0.077
70700,0.038,0.881,0.081
70800,0.038,0.880,0.082
70900,0.035,0.878,0.087
71000,0.035,0.879,0.086
71100,0.035,0.876,0.089
71200,0.033,0.883,0.084
71300,0.035,0.879,0.086
71400,0.036,0.882,0.082
71500,0.037,0.873,0.090
71600,0.038,0.875,0.087
71700,0.038,0.878,0.084
71800,0.037,0.875,0.088
71900,0.039,0.873,0.088
72000,0.040,0.877,0.083
72100,0.036,0.882,0.082
72200,0.036,0.885,0.079
72300,0.036,0.879,0.085
72400,0.039,0.877,0.084
72500,0.039,0.870,0.091
72600,0.039,0.880,0.081
72700,0.038,0.882,0.080
72800,0.041,0.884,0.075
72900,0.043,0.882,0.075
73000,0.042,0.887,0.071
73100,0.040,0.892,0.068
73200,0.039,0.894,0.067
73300,0.038,0.894,0.068
73400,0.042,0.893,0.065
73500,0.041,0.887,0.072
73600,0.043,0.879,0.078
73700,0.042,0.882,0.076
73800,0.042,0.877,0.081
73900,0.042,0.877,0.081
74000,0.040,0.883,0.077
74100,0.039,0.889,0.072
74200,0.039,0.886,0.075
74300,0.039,0.880,0.081
74400,0.040,0.885,0.075
74500,0.041,0.884,0.075
74600,0.042,0.879,0.079
74700,0.042,0.886,0.072
74800,0.042,0.884,0.074
74900,0.041,0.886,0.073
75000,0.041,0.892,0.067
75100,0.040,0.895,0.065
75200,0.039,0.900,0.061
75300,0.036,0.896,0.068
75400,0.039,0.891,0.070
75500,0.040,0.894,0.066
75600,0.041,0.893,0.066
75700,0.042,0.892,0.066
75800,0.042,0.886,0.072
75900,0.043,0.887,0.070
76000,0.043,0.879,0.078
76100,0.038,0.879,0.083
76200,0.038,0.873,0.089
76300,0.037,0.868,0.095
76400,0.038,0.874,0.088
76500,0.037,0.875,0.088
76600,0.035,0.879,0.086
76700,0.035,0.880,0.085
76800,0.035,0.878,0.087
76900,0.035,0.882,0.083
77000,0.033,0.873,0.094
77100,0.033,0.876,0.091
77200,0.033,0.876,0.091
77300,0.037,0.875,0.088
77400,0.039,0.873,0.088
77500,0.042,0.861,0.097
77600,0.039,0.861,0.100
77700,0.041,0.857,0.102
77800,0.042,0.856,0.102
77900,0.046,0.859,0.095
78000,0.044,0.863,0.093
78100,0.045,0.857,0.098
78200,0.045,0.855,0.100
78300,0.045,0.852,0.103
78400,0.045,0.845,0.110
78500,0.042,0.848,0.110
78600,0.044,0.843,0.113
78700,0.043,0.849,0.108
78800,0.047,0.852,0.101
78900,0.045,0.850,0.105
79000,0.044,0.849,0.107
79100,0.042,0.854,0.104
79200,0.045,0.848,0.107
79300,0.045,0.846,0.109
79400,0.045,0.849,0.106
79500,0.048,0.855,0.097
79600,0.044,0.848,0.108
79700,0.049,0.858,0.093
79800,0.045,0.851,0.104
79900,0.043,0.847,0.110
80000,0.042,0.853,0.105
80100,0.040,0.862,0.098
80200,0.038,0.865,0.097
80300,0.042,0.867,0.091
80400,0.041,0.861,0.098
80500,0.040,0.866,0.094
80600,0.044,0.860,0.096
80700,0.041,0.856,0.103
80800,0.044,0.858,0.098
80900,0.045,0.850,0.105
81000,0.046,0.842,0.112
81100,0.044,0.847,0.109
81200,0.045,0.842,0.113
81300,0.043,0.844,0.113
81400,0.041,0.838,0.121
81500,0.040,0.843,0.117
81600,0.041,0.851,0.108
81700,0.043,0.855,0.102
81800,0.040,0.845,0.115
81900,0.040,0.833,0.127
82000,0.042,0.840,0.118
82100,0.040,0.848,0.112
82200,0.048,0.839,0.113
82300,0.042,0.835,0.123
82400,0.044,0.838,0.118
82500,0.045,0.842,0.113
82600,0.042,0.841,0.117
82700,0.047,0.834,0.119
82800,0.049,0.834,0.117
82900,0.052,0.832,0.116
83000,0.052,0.847,0.101
83100,0.048,0.853,0.099
83200,0.047,0.850,0.103
83300,0.052,0.853,0.095
83400,0.054,0.862,0.084
83500,0.053,0.867,0.080
83600,0.056,0.873,0.071
83700,0.058,0.872,0.070
83800,0.055,0.871,0.074
83900,0.048,0.871,0.081
84000,0.047,0.870,0.083
84100,0.048,0.872,0.080
84200,0.046,0.867,0.087
84300,0.046,0.872,0.082
84400,0.050,0.873,0.077
84500,0.046,0.871,0.083
84600,0.046,0.870,0.084
84700,0.043,0.871,0.086
84800,0.048,0.859,0.093
84900,0.049,0.858,0.093
85000,0.050,0.852,0.098
85100,0.046,0.862,0.092
85200,0.045,0.858,0.097
85300,0.046,0.864,0.090
85400,0.046,0.863,0.091
85500,0.053,0.856,0.091
85600,0.051,0.862,0.087
85700,0.050,0.862,0.088
85800,0.049,0.864,0.087
85900,0.049,0.865,0.086
86000,0.047,0.861,0.092
86100,0.051,0.861,0.088
86200,0.054,0.856,0.090
86300,0.056,0.851,0.093
86400,0.056,0.849,0.095
86500,0.058,0.853,0.089
86600,0.054,0.858,0.088
86700,0.054,0.865,0.081
86800,0.057,0.865,0.078
86900,0.055,0.863,0.082
87000,0.053,0.866,0.081
87100,0.051,0.863,0.086
87200,0.052,0.853,0.095
87300,0.052,0.850,0.098
87400,0.051,0.838,0.111
87500,0.048,0.843,0.109
87600,0.044,0.843,0.113
87700,0.044,0.837,0.119
87800,0.046,0.831,0.123
87900,0.045,0.834,0.121
88000,0.042,0.836,0.122
88100,0.042,0.837,0.121
88200,0.040,0.846,0.114
88300,0.038,0.850,0.112
88400,0.038,0.854,0.108
88500,0.036,0.850,0.114
88600,0.036,0.854,0.110
88700,0.038,0.859,0.103
88800,0.035,0.863,0.102
88900,0.037,0.857,0.106
89000,0.037,0.863,0.100
89100,0.036,0.863,0.101
89200,0.036,0.866,0.098
89300,0.035,0.866,0.099
89400,0.036,0.874,0.090
89500,0.038,0.873,0.089
89600,0.036,0.879,0.085
89700,0.035,0.874,0.091
89800,0.036,0.874,0.090
89900,0.038,0.873,0.089
90000,0.038,0.878,0.084
90100,0.038,0.869,0.093
90200,0.037,0.880,0.083
90300,0.037,0.875,0.088
90400,0.036,0.881,0.083
90500,0.035,0.889,0.076
90600,0.034,0.886,0.080
90700,0.034,0.885,0.081
90800,0.033,0.895,0.072
90900,0.034,0.899,0.067
91000,0.033,0.897,0.070
91100,0.033,0.897,0.070
91200,0.033,0.896,0.071
91300,0.033,0.887,0.080
91400,0.034,0.875,0.091
91500,0.035,0.883,0.082
91600,0.038,0.876,0.086
91700,0.038,0.879,0.083
91800,0.038,0.872,0.090
91900,0.038,0.868,0.094
92000,0.042,0.860,0.098
92100,0.046,0.864,0.090
92200,0.049,0.869,0.082
92300,0.048,0.874,0.078
92400,0.047,0.869,0.084
92500,0.046,0.870,0.084
92600,0.044,0.866,0.090
92700,0.042,0.866,0.092
92800,0.041,0.867,0.092
92900,0.040,0.864,0.096
93000,0.039,0.867,0.094
93100,0.042,0.864,0.094
93200,0.042,0.866,0.092
93300,0.042,0.869,0.089
93400,0.040,0.872,0.088
93500,0.040,0.880,0.080
93600,0.039,0.872,0.089
93700,0.036,0.874,0.090
93800,0.035,0.877,0.088
93900,0.037,0.879,0.084
94000,0.038,0.874,0.088
94100,0.036,0.874,0.090
94200,0.038,0.875,0.087
94300,0.038,0.889,0.073
94400,0.035,0.891,0.074
94500,0.035,0.888,0.077
94600,0.036,0.882,0.082
94700,0.036,0.884,0.080
94800,0.038,0.879,0.083
94900,0.040,0.877,0.083
95000,0.041,0.873,0.086
95100,0.039,0.880,0.081
95200,0.043,0.884,0.073
95300,0.041,0.884,0.075
95400,0.038,0.882,0.080
95500,0.038,0.876,0.086
95600,0.040,0.873,0.087
95700,0.041,0.868,0.091
95800,0.042,0.867,0.091
95900,0.042,0.869,0.089
96000,0.042,0.874,0.084
96100,0.042,0.869,0.089
96200,0.043,0.864,0.093
96300,0.043,0.867,0.090
96400,0.045,0.866,0.089
96500,0.047,0.858,0.095
96600,0.045,0.858,0.097
96700,0.045,0.861,0.094
96800,0.045,0.861,0.094
96900,0.045,0.864,0.091
97000,0.048,0.867,0.085
97100,0.051,0.859,0.090
97200,0.046,0.856,0.098
97300,0.047,0.863,0.090
97400,0.047,0.870,0.083
97500,0.047,0.859,0.094
97600,0.046,0.853,0.101
97700,0.047,0.858,0.095
97800,0.049,0.860,0.091
97900,0.048,0.858,0.094
98000,0.050,0.855,0.095
98100,0.049,0.854,0.097
98200,0.046,0.855,0.099
98300,0.045,0.862,0.093
98400,0.041,0.865,0.094
98500,0.040,0.872,0.088
98600,0.040,0.875,0.085
98700,0.039,0.875,0.086
98800,0.040,0.871,0.089
98900,0.040,0.876,0.084
99000,0.040,0.869,0.091
99100,0.044,0.867,0.089
99200,0.046,0.870,0.084
99300,0.043,0.867,0.090
99400,0.045,0.856,0.099
99500,0.045,0.850,0.105
99600,0.046,0.849,0.105
99700,0.046,0.857,0.097
99800,0.047,0.862,0.091
99900,0.051,0.850,0.099
100000,0.050,0.850,0.100
