time,n_A+p,n_B,n_AB
500,0.010,0.989,0.001
1000,0.010,0.986,0.004
1500,0.010,0.984,0.006
2000,0.010,0.982,0.008
2500,0.010,0.981,0.009
3000,0.010,0.979,0.011
3500,0.010,0.977,0.013
4000,0.010,0.976,0.014
4500,0.010,0.974,0.016
5000,0.010,0.975,0.015
5500,0.010,0.971,0.019
6000,0.010,0.966,0.024
6500,0.010,0.967,0.023
7000,0.010,0.964,0.026
7500,0.010,0.963,0.027
8000,0.010,0.960,0.030
8500,0.010,0.956,0.034
9000,0.010,0.955,0.035
9500,0.010,0.951,0.039
10000,0.010,0.949,0.041
10500,0.010,0.946,0.044
11000,0.010,0.948,0.042
11500,0.010,0.944,0.046
12000,0.011,0.944,0.045
12500,0.011,0.943,0.046
13000,0.011,0.945,0.045
13500,0.011,0.939,0.051
14000,0.011,0.931,0.058
14500,0.011,0.924,0.065
15000,0.011,0.920,0.069
15500,0.011,0.919,0.070
16000,0.012,0.915,0.073
16500,0.011,0.917,0.072
17000,0.012,0.915,0.073
17500,0.011,0.906,0.082
18000,0.012,0.907,0.081
18500,0.011,0.901,0.087
19000,0.012,0.896,0.092
19500,0.011,0.895,0.093
20000,0.012,0.892,0.096
20500,0.011,0.893,0.096
21000,0.011,0.887,0.102
21500,0.013,0.883,0.104
22000,0.012,0.880,0.108
22500,0.013,0.880,0.108
23000,0.012,0.875,0.113
23500,0.012,0.876,0.112
24000,0.013,0.870,0.117
24500,0.013,0.872,0.116
25000,0.013,0.870,0.117
25500,0.011,0.868,0.121
26000,0.011,0.866,0.123
26500,0.013,0.859,0.128
27000,0.013,0.854,0.134
27500,0.012,0.852,0.136
28000,0.012,0.850,0.138
28500,0.013,0.851,0.136
29000,0.015,0.837,0.148
29500,0.015,0.839,0.147
30000,0.015,0.832,0.153
30500,0.015,0.824,0.161
31000,0.017,0.822,0.162
31500,0.017,0.826,0.157
32000,0.019,0.822,0.159
32500,0.022,0.821,0.157
33000,0.022,0.815,0.163
33500,0.018,0.807,0.174
34000,0.018,0.800,0.181
34500,0.019,0.797,0.183
35000,0.018,0.778,0.204
35500,0.018,0.784,0.198
36000,0.020,0.782,0.198
36500,0.024,0.781,0.195
37000,0.025,0.778,0.196
37500,0.025,0.773,0.201
38000,0.024,0.761,0.216
38500,0.026,0.753,0.221
39000,0.024,0.748,0.228
39500,0.025,0.746,0.230
40000,0.028,0.732,0.241
40500,0.032,0.736,0.233
41000,0.030,0.730,0.240
41500,0.030,0.724,0.246
42000,0.028,0.725,0.247
42500,0.028,0.717,0.255
43000,0.029,0.712,0.260
43500,0.028,0.718,0.254
44000,0.029,0.716,0.256
44500,0.028,0.710,0.263
45000,0.029,0.706,0.266
45500,0.038,0.698,0.264
46000,0.037,0.698,0.265
46500,0.036,0.696,0.268
47000,0.035,0.693,0.272
47500,0.037,0.694,0.269
48000,0.035,0.685,0.280
48500,0.037,0.684,0.278
49000,0.040,0.690,0.271
49500,0.040,0.680,0.280
50000,0.038,0.666,0.295
50500,0.044,0.663,0.292
51000,0.044,0.659,0.296
51500,0.044,0.657,0.299
52000,0.042,0.650,0.307
52500,0.041,0.643,0.316
53000,0.047,0.651,0.302
53500,0.050,0.649,0.301
54000,0.054,0.648,0.297
54500,0.060,0.644,0.296
55000,0.054,0.641,0.304
55500,0.050,0.636,0.314
56000,0.051,0.638,0.310
56500,0.051,0.628,0.321
57000,0.051,0.637,0.311
57500,0.044,0.641,0.315
58000,0.051,0.625,0.325
58500,0.053,0.616,0.331
59000,0.057,0.621,0.322
59500,0.061,0.617,0.322
60000,0.062,0.605,0.333
60500,0.072,0.592,0.336
61000,0.072,0.585,0.344
61500,0.075,0.576,0.349
62000,0.076,0.566,0.358
62500,0.074,0.557,0.369
63000,0.077,0.548,0.374
63500,0.074,0.537,0.389
64000,0.082,0.529,0.389
64500,0.075,0.523,0.402
65000,0.074,0.514,0.412
65500,0.074,0.509,0.417
66000,0.076,0.509,0.414
66500,0.084,0.506,0.410
67000,0.081,0.506,0.413
67500,0.087,0.512,0.401
68000,0.090,0.505,0.405
68500,0.085,0.506,0.409
69000,0.081,0.509,0.410
69500,0.081,0.502,0.417
70000,0.084,0.496,0.420
70500,0.091,0.507,0.401
71000,0.093,0.503,0.404
71500,0.090,0.493,0.416
72000,0.092,0.491,0.416
72500,0.094,0.506,0.400
73000,0.093,0.503,0.404
73500,0.090,0.515,0.394
74000,0.090,0.507,0.402
74500,0.091,0.500,0.408
75000,0.097,0.494,0.409
75500,0.101,0.491,0.408
76000,0.104,0.482,0.414
76500,0.099,0.481,0.420
77000,0.099,0.486,0.415
77500,0.100,0.502,0.398
78000,0.095,0.498,0.407
78500,0.098,0.493,0.409
79000,0.102,0.495,0.402
79500,0.103,0.480,0.417
80000,0.108,0.469,0.422
80500,0.122,0.471,0.406
81000,0.117,0.461,0.422
81500,0.112,0.468,0.421
82000,0.107,0.458,0.435
82500,0.110,0.465,0.426
83000,0.104,0.467,0.428
83500,0.105,0.475,0.420
84000,0.100,0.468,0.432
84500,0.100,0.466,0.434
85000,0.103,0.457,0.439
85500,0.103,0.452,0.446
86000,0.106,0.445,0.449
86500,0.120,0.440,0.440
87000,0.117,0.440,0.443
87500,0.113,0.449,0.438
88000,0.109,0.452,0.440
88500,0.105,0.453,0.442
89000,0.101,0.455,0.444
89500,0.119,0.440,0.441
90000,0.117,0.444,0.439
90500,0.112,0.444,0.444
91000,0.114,0.443,0.444
91500,0.115,0.434,0.451
92000,0.119,0.437,0.444
92500,0.119,0.436,0.445
93000,0.119,0.423,0.457
93500,0.124,0.403,0.472
94000,0.117,0.403,0.480
94500,0.116,0.403,0.482
95000,0.116,0.408,0.476
95500,0.129,0.417,0.454
96000,0.131,0.403,0.466
96500,0.130,0.405,0.466
97000,0.130,0.401,0.470
97500,0.130,0.405,0.465
98000,0.128,0.397,0.475
98500,0.139,0.392,0.469
99000,0.132,0.400,0.469
99500,0.135,0.400,0.465
100000,0.139,0.404,0.457
100500,0.141,0.405,0.454
101000,0.136,0.391,0.474
101500,0.136,0.384,0.480
102000,0.146,0.383,0.471
102500,0.148,0.388,0.464
103000,0.149,0.382,0.469
103500,0.153,0.377,0.470
104000,0.151,0.377,0.472
104500,0.155,0.380,0.465
105000,0.148,0.384,0.468
105500,0.146,0.377,0.477
106000,0.145,0.379,0.476
106500,0.144,0.383,0.473
107000,0.150,0.378,0.472
107500,0.145,0.381,0.474
108000,0.145,0.374,0.480
108500,0.142,0.377,0.481
109000,0.143,0.370,0.486
109500,0.143,0.376,0.481
110000,0.145,0.366,0.489
110500,0.151,0.368,0.481
111000,0.153,0.364,0.482
111500,0.162,0.363,0.475
112000,0.154,0.359,0.486
112500,0.153,0.361,0.485
113000,0.152,0.364,0.483
113500,0.158,0.359,0.484
114000,0.157,0.348,0.496
114500,0.167,0.342,0.491
115000,0.166,0.348,0.485
115500,0.172,0.348,0.480
116000,0.179,0.345,0.475
116500,0.185,0.338,0.477
117000,0.183,0.343,0.474
117500,0.178,0.328,0.494
118000,0.181,0.326,0.493
118500,0.184,0.324,0.492
119000,0.192,0.331,0.478
119500,0.194,0.319,0.487
120000,0.198,0.310,0.492
120500,0.197,0.309,0.494
121000,0.199,0.322,0.479
121500,0.194,0.330,0.477
122000,0.192,0.328,0.480
122500,0.183,0.332,0.485
123000,0.181,0.330,0.488
123500,0.192,0.330,0.479
124000,0.185,0.330,0.484
124500,0.194,0.333,0.474
125000,0.203,0.337,0.461
125500,0.207,0.327,0.465
126000,0.207,0.332,0.460
126500,0.204,0.341,0.454
127000,0.200,0.349,0.451
127500,0.197,0.339,0.464
128000,0.206,0.331,0.464
128500,0.205,0.336,0.459
129000,0.205,0.331,0.465
129500,0.210,0.320,0.469
130000,0.205,0.325,0.470
130500,0.205,0.321,0.474
131000,0.208,0.330,0.463
131500,0.212,0.330,0.458
132000,0.213,0.325,0.461
132500,0.225,0.325,0.451
133000,0.222,0.310,0.468
133500,0.214,0.306,0.479
134000,0.215,0.300,0.485
134500,0.221,0.296,0.483
135000,0.212,0.286,0.502
135500,0.220,0.286,0.494
136000,0.220,0.280,0.500
136500,0.214,0.271,0.515
137000,0.210,0.271,0.519
137500,0.205,0.268,0.526
138000,0.210,0.285,0.505
138500,0.211,0.281,0.508
139000,0.216,0.293,0.491
139500,0.222,0.289,0.489
140000,0.225,0.289,0.486
140500,0.231,0.290,0.479
141000,0.227,0.285,0.488
141500,0.233,0.294,0.473
142000,0.229,0.297,0.474
142500,0.228,0.282,0.490
143000,0.225,0.280,0.495
143500,0.224,0.283,0.493
144000,0.228,0.281,0.491
144500,0.221,0.275,0.504
145000,0.217,0.288,0.495
145500,0.216,0.274,0.510
146000,0.226,0.271,0.503
146500,0.223,0.277,0.500
147000,0.228,0.272,0.500
147500,0.231,0.268,0.502
148000,0.231,0.279,0.490
148500,0.233,0.272,0.495
149000,0.240,0.267,0.493
149500,0.238,0.275,0.487
150000,0.240,0.274,0.486
150500,0.237,0.274,0.489
151000,0.233,0.272,0.495
151500,0.236,0.282,0.482
152000,0.240,0.286,0.474
152500,0.242,0.282,0.475
153000,0.235,0.290,0.475
153500,0.245,0.282,0.472
154000,0.244,0.272,0.484
154500,0.247,0.286,0.466
155000,0.243,0.284,0.472
155500,0.239,0.278,0.483
156000,0.233,0.275,0.492
156500,0.237,0.270,0.493
157000,0.253,0.273,0.474
157500,0.247,0.270,0.483
158000,0.245,0.275,0.480
158500,0.244,0.278,0.478
159000,0.242,0.272,0.486
159500,0.243,0.278,0.479
160000,0.248,0.276,0.476
160500,0.244,0.271,0.485
161000,0.246,0.266,0.488
161500,0.252,0.259,0.489
162000,0.260,0.257,0.483
162500,0.258,0.250,0.492
163000,0.260,0.258,0.482
163500,0.259,0.260,0.481
164000,0.255,0.260,0.486
164500,0.256,0.260,0.484
165000,0.259,0.259,0.482
165500,0.261,0.263,0.477
166000,0.261,0.262,0.478
166500,0.264,0.261,0.475
167000,0.274,0.264,0.462
167500,0.276,0.263,0.462
168000,0.277,0.262,0.462
168500,0.273,0.266,0.461
169000,0.269,0.264,0.467
169500,0.265,0.248,0.488
170000,0.270,0.247,0.483
170500,0.265,0.238,0.497
171000,0.263,0.237,0.499
171500,0.263,0.236,0.502
172000,0.269,0.238,0.493
172500,0.273,0.234,0.492
173000,0.276,0.240,0.483
173500,0.287,0.238,0.475
174000,0.295,0.231,0.474
174500,0.298,0.222,0.480
175000,0.290,0.220,0.490
175500,0.296,0.212,0.491
176000,0.303,0.212,0.485
176500,0.302,0.216,0.482
177000,0.302,0.211,0.486
177500,0.300,0.214,0.485
178000,0.302,0.200,0.498
178500,0.297,0.196,0.507
179000,0.294,0.196,0.510
179500,0.296,0.204,0.499
180000,0.301,0.203,0.496
180500,0.295,0.202,0.502
181000,0.293,0.204,0.502
181500,0.290,0.203,0.507
182000,0.297,0.210,0.493
182500,0.289,0.205,0.506
183000,0.283,0.214,0.503
183500,0.289,0.211,0.500
184000,0.279,0.203,0.519
184500,0.281,0.205,0.513
185000,0.286,0.215,0.498
185500,0.289,0.210,0.500
186000,0.295,0.218,0.486
186500,0.291,0.211,0.498
187000,0.299,0.209,0.491
187500,0.302,0.222,0.476
188000,0.300,0.226,0.474
188500,0.310,0.217,0.473
189000,0.315,0.216,0.469
189500,0.315,0.209,0.476
190000,0.322,0.205,0.474
190500,0.321,0.209,0.470
191000,0.321,0.209,0.470
191500,0.324,0.204,0.473
192000,0.317,0.205,0.479
192500,0.325,0.206,0.470
193000,0.319,0.197,0.484
193500,0.323,0.189,0.488
194000,0.336,0.185,0.478
194500,0.338,0.189,0.473
195000,0.331,0.186,0.483
195500,0.330,0.198,0.473
196000,0.334,0.192,0.474
196500,0.329,0.190,0.482
197000,0.329,0.190,0.482
197500,0.326,0.183,0.490
198000,0.330,0.184,0.486
198500,0.334,0.185,0.481
199000,0.351,0.190,0.459
199500,0.350,0.188,0.461
200000,0.352,0.181,0.467
200500,0.351,0.182,0.467
201000,0.351,0.178,0.471
201500,0.347,0.174,0.479
202000,0.336,0.174,0.490
202500,0.348,0.170,0.483
203000,0.356,0.175,0.469
203500,0.352,0.175,0.472
204000,0.344,0.180,0.476
204500,0.342,0.182,0.476
205000,0.345,0.186,0.469
205500,0.340,0.180,0.480
206000,0.333,0.191,0.477
206500,0.338,0.190,0.472
207000,0.332,0.190,0.479
207500,0.331,0.186,0.483
208000,0.331,0.182,0.487
208500,0.342,0.177,0.481
209000,0.348,0.181,0.471
209500,0.341,0.181,0.478
210000,0.343,0.172,0.485
210500,0.343,0.171,0.486
211000,0.350,0.166,0.484
211500,0.351,0.154,0.495
212000,0.358,0.158,0.485
212500,0.354,0.164,0.482
213000,0.351,0.163,0.487
213500,0.341,0.153,0.506
214000,0.344,0.154,0.501
214500,0.354,0.146,0.500
215000,0.354,0.146,0.500
215500,0.362,0.152,0.486
216000,0.374,0.150,0.476
216500,0.368,0.158,0.474
217000,0.369,0.156,0.475
217500,0.364,0.160,0.476
218000,0.362,0.157,0.482
218500,0.363,0.161,0.476
219000,0.358,0.158,0.483
219500,0.360,0.167,0.473
220000,0.349,0.166,0.485
220500,0.345,0.174,0.481
221000,0.343,0.179,0.478
221500,0.332,0.178,0.490
222000,0.346,0.178,0.476
222500,0.344,0.183,0.472
223000,0.341,0.188,0.471
223500,0.341,0.181,0.478
224000,0.340,0.182,0.478
224500,0.339,0.191,0.470
225000,0.336,0.187,0.477
225500,0.345,0.189,0.466
226000,0.338,0.183,0.478
226500,0.331,0.176,0.493
227000,0.330,0.179,0.490
227500,0.329,0.182,0.489
228000,0.340,0.185,0.475
228500,0.344,0.189,0.468
229000,0.359,0.181,0.460
229500,0.363,0.182,0.454
230000,0.367,0.172,0.461
230500,0.360,0.169,0.471
231000,0.361,0.171,0.468
231500,0.375,0.169,0.457
232000,0.376,0.161,0.464
232500,0.377,0.150,0.473
233000,0.384,0.157,0.460
233500,0.380,0.162,0.459
234000,0.377,0.161,0.462
234500,0.383,0.154,0.463
235000,0.386,0.151,0.464
235500,0.384,0.159,0.458
236000,0.396,0.148,0.456
236500,0.386,0.152,0.462
237000,0.377,0.153,0.470
237500,0.376,0.147,0.477
238000,0.376,0.147,0.478
238500,0.374,0.141,0.485
239000,0.371,0.135,0.494
239500,0.369,0.144,0.486
240000,0.376,0.143,0.481
240500,0.379,0.152,0.469
241000,0.390,0.155,0.456
241500,0.392,0.153,0.455
242000,0.396,0.156,0.449
242500,0.407,0.157,0.436
243000,0.391,0.154,0.455
243500,0.388,0.153,0.459
244000,0.387,0.155,0.458
244500,0.378,0.150,0.472
245000,0.378,0.144,0.478
245500,0.381,0.141,0.478
246000,0.381,0.149,0.470
246500,0.374,0.146,0.479
247000,0.378,0.143,0.479
247500,0.375,0.136,0.489
248000,0.379,0.143,0.478
248500,0.376,0.145,0.480
249000,0.377,0.141,0.482
249500,0.380,0.139,0.482
250000,0.382,0.137,0.482
250500,0.389,0.135,0.476
251000,0.386,0.140,0.474
251500,0.398,0.148,0.454
252000,0.415,0.140,0.445
252500,0.423,0.144,0.432
253000,0.414,0.143,0.443
253500,0.400,0.142,0.458
254000,0.406,0.138,0.456
254500,0.401,0.137,0.463
255000,0.396,0.144,0.460
255500,0.403,0.145,0.452
256000,0.406,0.148,0.447
256500,0.410,0.139,0.451
257000,0.412,0.134,0.454
257500,0.408,0.127,0.466
258000,0.418,0.130,0.453
258500,0.416,0.130,0.454
259000,0.417,0.128,0.455
259500,0.416,0.134,0.450
260000,0.411,0.134,0.455
260500,0.399,0.130,0.471
261000,0.396,0.128,0.476
261500,0.402,0.125,0.474
262000,0.405,0.123,0.472
262500,0.411,0.128,0.461
263000,0.406,0.137,0.457
263500,0.401,0.129,0.471
264000,0.392,0.123,0.485
264500,0.397,0.120,0.483
265000,0.393,0.119,0.487
265500,0.390,0.126,0.485
266000,0.391,0.130,0.480
266500,0.396,0.133,0.471
267000,0.387,0.131,0.483
267500,0.391,0.127,0.482
268000,0.384,0.123,0.493
268500,0.379,0.120,0.501
269000,0.393,0.132,0.475
269500,0.408,0.130,0.462
270000,0.405,0.132,0.463
270500,0.409,0.135,0.456
271000,0.407,0.141,0.452
271500,0.398,0.144,0.458
272000,0.399,0.151,0.450
272500,0.407,0.147,0.446
273000,0.406,0.151,0.443
273500,0.400,0.148,0.453
274000,0.391,0.148,0.461
274500,0.401,0.144,0.455
275000,0.387,0.141,0.472
275500,0.383,0.137,0.480
276000,0.379,0.138,0.483
276500,0.386,0.143,0.471
277000,0.385,0.144,0.471
277500,0.376,0.154,0.470
278000,0.374,0.157,0.470
278500,0.367,0.163,0.471
279000,0.361,0.151,0.487
279500,0.368,0.141,0.490
280000,0.377,0.137,0.486
280500,0.388,0.137,0.476
281000,0.389,0.145,0.466
281500,0.396,0.144,0.461
282000,0.394,0.139,0.467
282500,0.394,0.137,0.469
283000,0.393,0.141,0.466
283500,0.392,0.151,0.458
284000,0.392,0.149,0.459
284500,0.403,0.142,0.455
285000,0.403,0.141,0.456
285500,0.401,0.143,0.456
286000,0.406,0.136,0.458
286500,0.399,0.140,0.461
287000,0.389,0.141,0.470
287500,0.392,0.140,0.468
288000,0.386,0.155,0.459
288500,0.377,0.150,0.473
289000,0.380,0.152,0.468
289500,0.376,0.151,0.473
290000,0.374,0.153,0.473
290500,0.376,0.157,0.468
291000,0.372,0.155,0.472
291500,0.366,0.145,0.489
292000,0.368,0.147,0.484
292500,0.381,0.138,0.481
293000,0.381,0.141,0.478
293500,0.378,0.142,0.481
294000,0.373,0.148,0.479
294500,0.359,0.151,0.490
295000,0.360,0.151,0.489
295500,0.368,0.155,0.476
296000,0.369,0.153,0.478
296500,0.353,0.163,0.484
297000,0.354,0.165,0.481
297500,0.352,0.165,0.483
298000,0.342,0.172,0.486
298500,0.334,0.171,0.495
299000,0.326,0.167,0.507
299500,0.323,0.170,0.507
300000,0.316,0.173,0.511
300500,0.316,0.172,0.512
301000,0.323,0.166,0.511
301500,0.328,0.177,0.495
302000,0.314,0.177,0.510
302500,0.313,0.172,0.515
303000,0.302,0.188,0.510
303500,0.300,0.192,0.508
304000,0.300,0.199,0.501
304500,0.297,0.216,0.486
305000,0.300,0.209,0.490
305500,0.300,0.216,0.484
306000,0.295,0.216,0.489
306500,0.306,0.212,0.481
307000,0.308,0.206,0.485
307500,0.297,0.206,0.497
308000,0.290,0.207,0.503
308500,0.297,0.217,0.486
309000,0.296,0.224,0.480
309500,0.302,0.216,0.481
310000,0.304,0.208,0.488
310500,0.302,0.207,0.491
311000,0.306,0.211,0.482
311500,0.301,0.212,0.487
312000,0.300,0.209,0.491
312500,0.315,0.197,0.489
313000,0.317,0.194,0.489
313500,0.314,0.194,0.492
314000,0.310,0.200,0.490
314500,0.304,0.203,0.493
315000,0.303,0.198,0.499
315500,0.306,0.200,0.494
316000,0.307,0.197,0.496
316500,0.302,0.195,0.503
317000,0.293,0.205,0.502
317500,0.288,0.210,0.501
318000,0.295,0.206,0.499
318500,0.302,0.216,0.482
319000,0.301,0.219,0.480
319500,0.293,0.225,0.482
320000,0.297,0.225,0.478
320500,0.298,0.216,0.485
321000,0.308,0.214,0.477
321500,0.308,0.213,0.478
322000,0.312,0.219,0.469
322500,0.311,0.214,0.475
323000,0.301,0.216,0.482
323500,0.293,0.220,0.487
324000,0.295,0.221,0.484
324500,0.288,0.213,0.498
325000,0.296,0.218,0.486
325500,0.297,0.224,0.479
326000,0.297,0.215,0.488
326500,0.311,0.225,0.465
327000,0.298,0.214,0.487
327500,0.295,0.214,0.490
328000,0.298,0.219,0.483
328500,0.310,0.219,0.471
329000,0.316,0.221,0.463
329500,0.327,0.211,0.462
330000,0.327,0.204,0.469
330500,0.316,0.203,0.482
331000,0.307,0.199,0.495
331500,0.315,0.200,0.485
332000,0.320,0.203,0.476
332500,0.329,0.201,0.470
333000,0.332,0.195,0.473
333500,0.338,0.190,0.472
334000,0.338,0.181,0.481
334500,0.335,0.186,0.479
335000,0.340,0.197,0.463
335500,0.340,0.194,0.466
336000,0.348,0.180,0.471
336500,0.348,0.170,0.481
337000,0.349,0.165,0.487
337500,0.344,0.154,0.502
338000,0.352,0.157,0.490
338500,0.346,0.158,0.496
339000,0.356,0.155,0.488
339500,0.354,0.159,0.486
340000,0.350,0.167,0.484
340500,0.370,0.160,0.470
341000,0.362,0.161,0.476
341500,0.363,0.165,0.472
342000,0.366,0.176,0.457
342500,0.372,0.175,0.452
343000,0.373,0.179,0.448
343500,0.371,0.171,0.458
344000,0.369,0.169,0.462
344500,0.369,0.170,0.462
345000,0.371,0.172,0.458
345500,0.373,0.173,0.454
346000,0.363,0.172,0.465
346500,0.358,0.172,0.470
347000,0.359,0.171,0.470
347500,0.351,0.170,0.479
348000,0.350,0.167,0.483
348500,0.359,0.162,0.479
349000,0.361,0.168,0.471
349500,0.356,0.165,0.478
350000,0.363,0.174,0.463
350500,0.380,0.162,0.459
351000,0.385,0.161,0.455
351500,0.390,0.155,0.456
352000,0.382,0.158,0.461
352500,0.381,0.155,0.464
353000,0.388,0.154,0.458
353500,0.389,0.145,0.466
354000,0.386,0.151,0.463
354500,0.390,0.148,0.462
355000,0.394,0.146,0.461
355500,0.388,0.141,0.471
356000,0.382,0.148,0.470
356500,0.381,0.150,0.469
357000,0.369,0.158,0.473
357500,0.366,0.162,0.472
358000,0.349,0.163,0.488
358500,0.346,0.161,0.492
359000,0.350,0.166,0.484
359500,0.350,0.169,0.480
360000,0.349,0.172,0.479
360500,0.343,0.173,0.484
361000,0.347,0.166,0.487
361500,0.353,0.162,0.485
362000,0.351,0.157,0.492
362500,0.345,0.167,0.488
363000,0.347,0.162,0.491
363500,0.350,0.159,0.491
364000,0.352,0.162,0.486
364500,0.357,0.157,0.486
365000,0.363,0.161,0.477
365500,0.353,0.148,0.498
366000,0.347,0.153,0.500
366500,0.344,0.156,0.500
367000,0.352,0.164,0.484
367500,0.344,0.178,0.478
368000,0.361,0.183,0.456
368500,0.363,0.186,0.451
369000,0.372,0.179,0.449
369500,0.362,0.180,0.457
370000,0.357,0.185,0.458
370500,0.360,0.184,0.456
371000,0.355,0.181,0.464
371500,0.354,0.184,0.462
372000,0.346,0.177,0.477
372500,0.351,0.173,0.476
373000,0.343,0.176,0.481
373500,0.332,0.172,0.495
374000,0.337,0.179,0.484
374500,0.333,0.181,0.486
375000,0.337,0.180,0.483
375500,0.338,0.185,0.477
376000,0.339,0.188,0.474
376500,0.346,0.186,0.467
377000,0.342,0.180,0.478
377500,0.337,0.186,0.477
378000,0.336,0.177,0.487
378500,0.329,0.185,0.486
379000,0.336,0.178,0.486
379500,0.319,0.179,0.502
380000,0.326,0.180,0.494
380500,0.316,0.180,0.504
381000,0.306,0.188,0.506
381500,0.311,0.198,0.491
382000,0.305,0.201,0.495
382500,0.307,0.209,0.484
383000,0.322,0.207,0.471
383500,0.323,0.214,0.464
384000,0.305,0.204,0.491
384500,0.298,0.199,0.503
385000,0.299,0.192,0.509
385500,0.301,0.194,0.505
386000,0.298,0.191,0.511
386500,0.305,0.194,0.502
387000,0.318,0.208,0.475
387500,0.328,0.220,0.452
388000,0.324,0.221,0.456
388500,0.322,0.217,0.461
389000,0.321,0.206,0.474
389500,0.317,0.204,0.479
390000,0.309,0.211,0.480
390500,0.295,0.206,0.499
391000,0.289,0.195,0.516
391500,0.293,0.206,0.501
392000,0.292,0.206,0.502
392500,0.285,0.199,0.516
393000,0.294,0.206,0.500
393500,0.294,0.216,0.489
394000,0.294,0.218,0.488
394500,0.286,0.215,0.498
395000,0.292,0.221,0.487
395500,0.286,0.217,0.497
396000,0.283,0.228,0.489
396500,0.271,0.231,0.498
397000,0.278,0.243,0.479
397500,0.278,0.238,0.484
398000,0.279,0.228,0.493
398500,0.264,0.222,0.514
399000,0.274,0.219,0.507
399500,0.262,0.225,0.513
400000,0.263,0.230,0.507
400500,0.267,0.232,0.502
401000,0.268,0.226,0.506
401500,0.272,0.236,0.492
402000,0.265,0.239,0.495
402500,0.266,0.227,0.508
403000,0.266,0.239,0.494
403500,0.269,0.240,0.491
404000,0.275,0.240,0.485
404500,0.282,0.242,0.475
405000,0.278,0.252,0.470
405500,0.273,0.252,0.475
406000,0.290,0.247,0.462
406500,0.288,0.239,0.472
407000,0.286,0.229,0.485
407500,0.284,0.231,0.485
408000,0.277,0.216,0.506
408500,0.288,0.214,0.498
409000,0.297,0.212,0.491
409500,0.294,0.214,0.491
410000,0.296,0.210,0.494
410500,0.298,0.200,0.502
411000,0.300,0.200,0.500
411500,0.311,0.200,0.490
412000,0.312,0.210,0.478
412500,0.305,0.208,0.486
413000,0.289,0.199,0.513
413500,0.293,0.201,0.507
414000,0.293,0.206,0.501
414500,0.290,0.212,0.498
415000,0.287,0.229,0.484
415500,0.291,0.225,0.484
416000,0.282,0.225,0.493
416500,0.276,0.227,0.497
417000,0.266,0.216,0.518
417500,0.273,0.215,0.511
418000,0.278,0.211,0.511
418500,0.274,0.209,0.517
419000,0.276,0.211,0.512
419500,0.290,0.213,0.497
420000,0.303,0.211,0.486
420500,0.308,0.214,0.478
421000,0.309,0.211,0.479
421500,0.303,0.208,0.489
422000,0.303,0.202,0.495
422500,0.312,0.201,0.487
423000,0.308,0.200,0.491
423500,0.315,0.197,0.489
424000,0.312,0.197,0.491
424500,0.323,0.203,0.475
425000,0.334,0.200,0.466
425500,0.335,0.196,0.469
426000,0.335,0.200,0.466
426500,0.339,0.201,0.460
427000,0.334,0.203,0.463
427500,0.324,0.206,0.469
428000,0.327,0.204,0.470
428500,0.322,0.208,0.470
429000,0.317,0.213,0.470
429500,0.315,0.214,0.471
430000,0.314,0.210,0.475
430500,0.306,0.203,0.490
431000,0.307,0.210,0.483
431500,0.299,0.222,0.479
432000,0.311,0.222,0.467
432500,0.309,0.218,0.473
433000,0.317,0.206,0.477
433500,0.312,0.211,0.477
434000,0.317,0.207,0.477
434500,0.326,0.205,0.469
435000,0.322,0.208,0.469
435500,0.319,0.210,0.471
436000,0.318,0.198,0.484
436500,0.307,0.190,0.504
437000,0.297,0.186,0.516
437500,0.313,0.195,0.493
438000,0.308,0.195,0.496
438500,0.310,0.203,0.486
439000,0.315,0.203,0.482
439500,0.319,0.207,0.475
440000,0.312,0.201,0.487
440500,0.308,0.201,0.491
441000,0.314,0.196,0.490
441500,0.321,0.192,0.487
442000,0.324,0.190,0.487
442500,0.325,0.191,0.484
443000,0.324,0.191,0.485
443500,0.327,0.189,0.485
444000,0.328,0.185,0.487
444500,0.340,0.181,0.479
445000,0.341,0.170,0.489
445500,0.341,0.167,0.493
446000,0.335,0.167,0.498
446500,0.348,0.170,0.483
447000,0.352,0.171,0.477
447500,0.360,0.173,0.466
448000,0.348,0.169,0.482
448500,0.344,0.165,0.490
449000,0.348,0.167,0.484
449500,0.349,0.166,0.486
450000,0.347,0.165,0.489
450500,0.343,0.170,0.487
451000,0.349,0.170,0.482
451500,0.344,0.169,0.488
452000,0.332,0.162,0.506
452500,0.326,0.162,0.512
453000,0.337,0.175,0.488
453500,0.335,0.181,0.484
454000,0.325,0.182,0.493
454500,0.325,0.188,0.487
455000,0.325,0.188,0.487
455500,0.328,0.191,0.481
456000,0.335,0.187,0.478
456500,0.326,0.183,0.491
457000,0.325,0.191,0.485
457500,0.320,0.199,0.481
458000,0.325,0.200,0.476
458500,0.313,0.195,0.492
459000,0.315,0.198,0.488
459500,0.314,0.217,0.468
460000,0.329,0.211,0.461
460500,0.324,0.209,0.468
461000,0.315,0.211,0.474
461500,0.322,0.208,0.470
462000,0.322,0.207,0.472
462500,0.324,0.207,0.470
463000,0.316,0.213,0.471
463500,0.313,0.202,0.486
464000,0.310,0.200,0.490
464500,0.324,0.190,0.486
465000,0.324,0.182,0.493
465500,0.337,0.177,0.486
466000,0.334,0.181,0.485
466500,0.329,0.191,0.480
467000,0.325,0.193,0.483
467500,0.314,0.200,0.486
468000,0.312,0.197,0.490
468500,0.317,0.199,0.484
469000,0.312,0.196,0.492
469500,0.319,0.202,0.480
470000,0.317,0.197,0.486
470500,0.320,0.192,0.489
471000,0.322,0.184,0.494
471500,0.315,0.185,0.500
472000,0.321,0.176,0.503
472500,0.311,0.176,0.512
473000,0.322,0.178,0.499
473500,0.317,0.178,0.505
474000,0.310,0.182,0.507
474500,0.312,0.177,0.510
475000,0.317,0.182,0.502
475500,0.313,0.181,0.506
476000,0.316,0.188,0.497
476500,0.306,0.189,0.505
477000,0.305,0.189,0.507
477500,0.313,0.190,0.497
478000,0.306,0.195,0.499
478500,0.305,0.204,0.491
479000,0.311,0.206,0.482
479500,0.316,0.205,0.480
480000,0.323,0.206,0.471
480500,0.317,0.211,0.472
481000,0.313,0.213,0.474
481500,0.307,0.214,0.479
482000,0.307,0.218,0.475
482500,0.304,0.232,0.464
483000,0.289,0.233,0.478
483500,0.301,0.226,0.473
484000,0.296,0.224,0.480
484500,0.291,0.213,0.496
485000,0.294,0.217,0.488
485500,0.297,0.223,0.481
486000,0.306,0.222,0.472
486500,0.303,0.210,0.487
487000,0.305,0.207,0.487
487500,0.303,0.215,0.482
488000,0.301,0.212,0.487
488500,0.299,0.216,0.484
489000,0.291,0.217,0.492
489500,0.296,0.213,0.491
490000,0.297,0.206,0.496
490500,0.288,0.214,0.498
491000,0.287,0.209,0.504
491500,0.292,0.215,0.493
492000,0.275,0.218,0.506
492500,0.281,0.219,0.500
493000,0.278,0.224,0.498
493500,0.281,0.220,0.500
494000,0.279,0.223,0.499
494500,0.282,0.228,0.490
495000,0.283,0.230,0.488
495500,0.279,0.227,0.494
496000,0.270,0.225,0.505
496500,0.260,0.233,0.507
497000,0.273,0.226,0.502
497500,0.279,0.231,0.490
498000,0.277,0.233,0.490
498500,0.274,0.227,0.499
499000,0.275,0.215,0.510
499500,0.267,0.223,0.510
500000,0.267,0.233,0.501
500500,0.269,0.236,0.496
501000,0.277,0.234,0.490
501500,0.276,0.234,0.490
502000,0.272,0.237,0.491
502500,0.271,0.226,0.504
503000,0.279,0.221,0.500
503500,0.282,0.223,0.495
504000,0.277,0.221,0.502
504500,0.276,0.221,0.504
505000,0.269,0.222,0.509
505500,0.261,0.219,0.520
506000,0.274,0.222,0.504
506500,0.283,0.218,0.499
507000,0.281,0.215,0.504
507500,0.281,0.216,0.503
508000,0.276,0.211,0.513
508500,0.290,0.206,0.503
509000,0.292,0.203,0.505
509500,0.283,0.200,0.517
510000,0.280,0.199,0.522
510500,0.284,0.206,0.509
511000,0.286,0.217,0.496
511500,0.284,0.230,0.486
512000,0.280,0.229,0.492
512500,0.277,0.236,0.487
513000,0.281,0.229,0.490
513500,0.279,0.236,0.484
514000,0.278,0.244,0.478
514500,0.286,0.248,0.466
515000,0.287,0.248,0.465
515500,0.277,0.233,0.491
516000,0.277,0.233,0.490
516500,0.271,0.228,0.502
517000,0.270,0.231,0.499
517500,0.270,0.230,0.500
518000,0.267,0.245,0.488
518500,0.282,0.235,0.483
519000,0.278,0.229,0.494
519500,0.276,0.227,0.497
520000,0.285,0.218,0.497
520500,0.279,0.218,0.502
521000,0.274,0.221,0.505
521500,0.284,0.216,0.500
522000,0.294,0.211,0.495
522500,0.289,0.217,0.494
523000,0.290,0.217,0.492
523500,0.288,0.224,0.488
524000,0.283,0.206,0.511
524500,0.284,0.219,0.497
525000,0.285,0.216,0.498
525500,0.305,0.222,0.473
526000,0.299,0.225,0.476
526500,0.299,0.224,0.477
527000,0.296,0.214,0.490
527500,0.302,0.223,0.475
528000,0.294,0.214,0.491
528500,0.303,0.210,0.487
529000,0.299,0.210,0.491
529500,0.305,0.201,0.493
530000,0.314,0.204,0.482
530500,0.324,0.201,0.475
531000,0.324,0.206,0.471
531500,0.318,0.212,0.470
532000,0.331,0.202,0.468
532500,0.322,0.197,0.482
533000,0.329,0.200,0.472
533500,0.329,0.190,0.481
534000,0.333,0.198,0.470
534500,0.326,0.194,0.480
535000,0.330,0.190,0.480
535500,0.335,0.182,0.483
536000,0.340,0.177,0.483
536500,0.335,0.183,0.482
537000,0.336,0.191,0.474
537500,0.340,0.185,0.475
538000,0.340,0.181,0.479
538500,0.345,0.178,0.477
539000,0.349,0.176,0.475
539500,0.337,0.183,0.480
540000,0.340,0.185,0.475
540500,0.333,0.186,0.481
541000,0.332,0.185,0.483
541500,0.330,0.194,0.476
542000,0.317,0.206,0.477
542500,0.321,0.207,0.472
543000,0.323,0.193,0.484
543500,0.315,0.188,0.497
544000,0.329,0.183,0.488
544500,0.341,0.183,0.476
545000,0.342,0.181,0.477
545500,0.346,0.177,0.476
546000,0.346,0.184,0.469
546500,0.344,0.186,0.469
547000,0.354,0.181,0.464
547500,0.339,0.181,0.480
548000,0.335,0.177,0.488
548500,0.332,0.172,0.496
549000,0.331,0.176,0.493
549500,0.327,0.175,0.498
550000,0.325,0.184,0.491
550500,0.328,0.187,0.485
551000,0.314,0.190,0.496
551500,0.320,0.192,0.488
552000,0.327,0.180,0.493
552500,0.331,0.184,0.485
553000,0.337,0.185,0.478
553500,0.346,0.183,0.470
554000,0.344,0.175,0.481
554500,0.336,0.180,0.483
555000,0.341,0.182,0.477
555500,0.337,0.188,0.476
556000,0.343,0.189,0.469
556500,0.330,0.191,0.479
557000,0.337,0.188,0.476
557500,0.342,0.189,0.469
558000,0.344,0.185,0.471
558500,0.337,0.177,0.486
559000,0.338,0.160,0.502
559500,0.340,0.162,0.498
560000,0.333,0.168,0.500
560500,0.327,0.169,0.504
561000,0.324,0.170,0.507
561500,0.319,0.172,0.509
562000,0.320,0.166,0.514
562500,0.326,0.172,0.503
563000,0.331,0.188,0.482
563500,0.342,0.184,0.473
564000,0.344,0.175,0.480
564500,0.347,0.178,0.475
565000,0.353,0.175,0.472
565500,0.334,0.177,0.489
566000,0.327,0.178,0.495
566500,0.336,0.181,0.483
567000,0.330,0.189,0.481
567500,0.332,0.183,0.485
568000,0.335,0.176,0.489
568500,0.337,0.175,0.488
569000,0.338,0.181,0.481
569500,0.327,0.178,0.495
570000,0.326,0.177,0.497
570500,0.325,0.181,0.494
571000,0.334,0.180,0.485
571500,0.341,0.177,0.482
572000,0.347,0.186,0.467
572500,0.351,0.177,0.472
573000,0.346,0.183,0.470
573500,0.350,0.174,0.476
574000,0.356,0.177,0.466
574500,0.354,0.175,0.471
575000,0.345,0.174,0.481
575500,0.337,0.176,0.487
576000,0.342,0.172,0.486
576500,0.338,0.177,0.485
577000,0.342,0.174,0.484
577500,0.345,0.172,0.484
578000,0.352,0.179,0.469
578500,0.365,0.174,0.461
579000,0.358,0.168,0.473
579500,0.353,0.162,0.485
580000,0.357,0.160,0.484
580500,0.357,0.165,0.478
581000,0.362,0.162,0.476
581500,0.362,0.163,0.476
582000,0.366,0.166,0.468
582500,0.366,0.174,0.459
583000,0.382,0.182,0.437
583500,0.363,0.183,0.454
584000,0.358,0.183,0.459
584500,0.361,0.180,0.459
585000,0.352,0.184,0.464
585500,0.348,0.178,0.473
586000,0.345,0.173,0.481
586500,0.347,0.171,0.482
587000,0.345,0.167,0.488
587500,0.347,0.163,0.490
588000,0.348,0.175,0.477
588500,0.347,0.174,0.478
589000,0.347,0.163,0.490
589500,0.351,0.157,0.492
590000,0.357,0.163,0.480
590500,0.364,0.158,0.478
591000,0.365,0.151,0.484
591500,0.358,0.155,0.486
592000,0.357,0.156,0.487
592500,0.356,0.154,0.490
593000,0.352,0.167,0.482
593500,0.355,0.163,0.482
594000,0.352,0.158,0.489
594500,0.341,0.162,0.497
595000,0.336,0.178,0.486
595500,0.346,0.173,0.481
596000,0.344,0.175,0.480
596500,0.340,0.173,0.486
597000,0.346,0.180,0.473
597500,0.345,0.183,0.472
598000,0.351,0.184,0.465
598500,0.345,0.178,0.477
599000,0.350,0.177,0.472
599500,0.347,0.172,0.481
600000,0.351,0.164,0.485
600500,0.355,0.158,0.487
601000,0.357,0.162,0.481
601500,0.353,0.162,0.486
602000,0.355,0.154,0.491
602500,0.354,0.159,0.487
603000,0.346,0.153,0.501
603500,0.346,0.157,0.497
604000,0.345,0.163,0.492
604500,0.353,0.175,0.472
605000,0.347,0.170,0.483
605500,0.354,0.166,0.481
606000,0.353,0.162,0.485
606500,0.353,0.163,0.484
607000,0.346,0.162,0.493
607500,0.347,0.166,0.487
608000,0.352,0.168,0.480
608500,0.349,0.167,0.484
609000,0.338,0.172,0.490
609500,0.343,0.168,0.490
610000,0.340,0.173,0.487
610500,0.329,0.176,0.495
611000,0.341,0.164,0.495
611500,0.347,0.161,0.493
612000,0.350,0.166,0.485
612500,0.334,0.169,0.497
613000,0.337,0.167,0.496
613500,0.350,0.180,0.469
614000,0.351,0.179,0.470
614500,0.349,0.177,0.474
615000,0.341,0.175,0.484
615500,0.343,0.173,0.484
616000,0.338,0.170,0.492
616500,0.357,0.173,0.470
617000,0.352,0.176,0.471
617500,0.350,0.179,0.470
618000,0.350,0.171,0.478
618500,0.350,0.169,0.481
619000,0.349,0.173,0.478
619500,0.354,0.177,0.469
620000,0.359,0.177,0.464
620500,0.360,0.182,0.458
621000,0.359,0.189,0.452
621500,0.364,0.192,0.443
622000,0.361,0.188,0.451
622500,0.352,0.185,0.463
623000,0.345,0.180,0.474
623500,0.345,0.170,0.485
624000,0.342,0.169,0.489
624500,0.344,0.169,0.487
625000,0.340,0.165,0.495
625500,0.338,0.160,0.502
626000,0.336,0.162,0.502
626500,0.333,0.170,0.497
627000,0.344,0.177,0.479
627500,0.353,0.180,0.467
628000,0.350,0.175,0.475
628500,0.356,0.177,0.467
629000,0.355,0.177,0.468
629500,0.359,0.178,0.463
630000,0.358,0.174,0.467
630500,0.352,0.167,0.480
631000,0.359,0.169,0.473
631500,0.366,0.171,0.463
632000,0.362,0.165,0.474
632500,0.366,0.169,0.464
633000,0.373,0.179,0.447
633500,0.376,0.183,0.441
634000,0.376,0.172,0.452
634500,0.374,0.175,0.451
635000,0.377,0.169,0.455
635500,0.357,0.169,0.474
636000,0.359,0.162,0.479
636500,0.363,0.160,0.477
637000,0.357,0.158,0.486
637500,0.357,0.158,0.485
638000,0.349,0.163,0.488
638500,0.348,0.167,0.485
639000,0.350,0.167,0.482
639500,0.358,0.158,0.483
640000,0.351,0.154,0.495
640500,0.353,0.155,0.492
641000,0.356,0.165,0.479
641500,0.356,0.164,0.479
642000,0.354,0.153,0.493
642500,0.358,0.150,0.491
643000,0.359,0.156,0.485
643500,0.366,0.157,0.478
644000,0.363,0.162,0.475
644500,0.370,0.159,0.470
645000,0.364,0.161,0.474
645500,0.369,0.161,0.470
646000,0.358,0.158,0.484
646500,0.360,0.165,0.474
647000,0.358,0.168,0.475
647500,0.366,0.176,0.457
648000,0.370,0.169,0.460
648500,0.363,0.158,0.479
649000,0.359,0.159,0.483
649500,0.379,0.167,0.455
650000,0.376,0.159,0.466
650500,0.370,0.162,0.469
651000,0.362,0.162,0.476
651500,0.356,0.166,0.479
652000,0.359,0.167,0.474
652500,0.360,0.172,0.467
653000,0.359,0.171,0.470
653500,0.361,0.169,0.470
654000,0.367,0.171,0.462
654500,0.364,0.175,0.461
655000,0.379,0.157,0.464
655500,0.391,0.146,0.463
656000,0.389,0.149,0.462
656500,0.379,0.144,0.477
657000,0.383,0.151,0.466
657500,0.378,0.155,0.467
658000,0.388,0.154,0.458
658500,0.379,0.155,0.466
659000,0.381,0.155,0.464
659500,0.374,0.146,0.479
660000,0.374,0.142,0.484
660500,0.369,0.151,0.480
661000,0.370,0.158,0.472
661500,0.379,0.162,0.460
662000,0.378,0.156,0.467
662500,0.382,0.159,0.460
663000,0.372,0.149,0.479
663500,0.374,0.155,0.471
664000,0.374,0.155,0.471
664500,0.384,0.148,0.469
665000,0.387,0.151,0.462
665500,0.386,0.159,0.456
666000,0.390,0.155,0.456
666500,0.389,0.151,0.460
667000,0.386,0.157,0.458
667500,0.391,0.150,0.459
668000,0.386,0.146,0.469
668500,0.390,0.140,0.471
669000,0.394,0.140,0.467
669500,0.396,0.140,0.464
670000,0.394,0.138,0.469
670500,0.397,0.141,0.462
671000,0.393,0.142,0.465
671500,0.391,0.144,0.465
672000,0.386,0.141,0.473
672500,0.380,0.141,0.479
673000,0.374,0.139,0.487
673500,0.376,0.138,0.486
674000,0.382,0.140,0.479
674500,0.381,0.141,0.478
675000,0.396,0.144,0.460
675500,0.406,0.136,0.459
676000,0.403,0.138,0.460
676500,0.397,0.141,0.462
677000,0.382,0.137,0.482
677500,0.386,0.136,0.479
678000,0.398,0.139,0.463
678500,0.399,0.147,0.454
679000,0.397,0.153,0.450
679500,0.384,0.153,0.464
680000,0.383,0.158,0.460
680500,0.378,0.160,0.463
681000,0.372,0.165,0.464
681500,0.370,0.159,0.470
682000,0.377,0.163,0.460
682500,0.385,0.164,0.452
683000,0.386,0.153,0.461
683500,0.385,0.151,0.464
684000,0.388,0.152,0.460
684500,0.379,0.156,0.465
685000,0.372,0.162,0.466
685500,0.375,0.157,0.468
686000,0.370,0.158,0.473
686500,0.363,0.159,0.478
687000,0.366,0.154,0.480
687500,0.369,0.154,0.476
688000,0.367,0.153,0.480
688500,0.366,0.161,0.474
689000,0.367,0.162,0.472
689500,0.359,0.163,0.478
690000,0.353,0.163,0.484
690500,0.351,0.165,0.484
691000,0.352,0.173,0.475
691500,0.352,0.177,0.470
692000,0.353,0.174,0.473
692500,0.357,0.172,0.471
693000,0.365,0.170,0.466
693500,0.362,0.176,0.461
694000,0.363,0.173,0.463
694500,0.358,0.167,0.475
695000,0.351,0.168,0.481
695500,0.354,0.163,0.484
696000,0.353,0.166,0.482
696500,0.351,0.167,0.482
697000,0.353,0.162,0.486
697500,0.355,0.156,0.489
698000,0.350,0.161,0.489
698500,0.347,0.168,0.486
699000,0.344,0.175,0.481
699500,0.343,0.174,0.483
700000,0.341,0.175,0.484
700500,0.343,0.170,0.487
701000,0.341,0.172,0.487
701500,0.341,0.178,0.481
702000,0.336,0.180,0.484
702500,0.329,0.191,0.481
703000,0.332,0.197,0.471
703500,0.328,0.185,0.487
704000,0.330,0.180,0.490
704500,0.335,0.191,0.474
705000,0.330,0.192,0.479
705500,0.332,0.195,0.473
706000,0.327,0.197,0.476
706500,0.323,0.198,0.480
707000,0.322,0.195,0.483
707500,0.328,0.193,0.479
708000,0.322,0.189,0.489
708500,0.323,0.191,0.486
709000,0.326,0.196,0.478
709500,0.317,0.203,0.480
710000,0.311,0.197,0.491
710500,0.309,0.203,0.487
711000,0.306,0.214,0.479
711500,0.306,0.216,0.477
712000,0.310,0.219,0.471
712500,0.301,0.224,0.475
713000,0.298,0.210,0.491
713500,0.299,0.214,0.486
714000,0.294,0.211,0.495
714500,0.306,0.208,0.486
715000,0.302,0.210,0.487
715500,0.291,0.205,0.504
716000,0.297,0.208,0.495
716500,0.299,0.206,0.495
717000,0.309,0.201,0.491
717500,0.311,0.204,0.485
718000,0.314,0.199,0.487
718500,0.321,0.200,0.479
719000,0.321,0.198,0.482
719500,0.317,0.190,0.493
720000,0.305,0.193,0.503
720500,0.321,0.198,0.482
721000,0.311,0.202,0.487
721500,0.326,0.193,0.481
722000,0.317,0.183,0.500
722500,0.309,0.186,0.505
723000,0.310,0.190,0.499
723500,0.319,0.194,0.487
724000,0.311,0.191,0.498
724500,0.302,0.196,0.502
725000,0.305,0.194,0.501
725500,0.313,0.200,0.487
726000,0.322,0.190,0.488
726500,0.331,0.192,0.478
727000,0.334,0.185,0.480
727500,0.332,0.179,0.489
728000,0.325,0.182,0.493
728500,0.320,0.193,0.487
729000,0.318,0.197,0.486
729500,0.317,0.199,0.485
730000,0.315,0.196,0.489
730500,0.324,0.193,0.483
731000,0.320,0.190,0.491
731500,0.324,0.184,0.492
732000,0.324,0.175,0.501
732500,0.331,0.183,0.486
733000,0.328,0.178,0.493
733500,0.320,0.180,0.500
734000,0.337,0.191,0.473
734500,0.331,0.187,0.482
735000,0.327,0.188,0.485
735500,0.329,0.196,0.476
736000,0.327,0.186,0.487
736500,0.317,0.185,0.498
737000,0.319,0.184,0.497
737500,0.312,0.190,0.498
738000,0.316,0.192,0.492
738500,0.308,0.185,0.506
739000,0.316,0.188,0.497
739500,0.310,0.178,0.512
740000,0.306,0.181,0.512
740500,0.300,0.190,0.510
741000,0.297,0.200,0.503
741500,0.304,0.196,0.499
742000,0.307,0.202,0.491
742500,0.308,0.203,0.488
743000,0.309,0.203,0.489
743500,0.316,0.204,0.481
744000,0.318,0.208,0.473
744500,0.312,0.203,0.484
745000,0.307,0.200,0.494
745500,0.300,0.199,0.501
746000,0.304,0.214,0.482
746500,0.306,0.213,0.480
747000,0.311,0.209,0.479
747500,0.301,0.211,0.488
748000,0.296,0.208,0.495
748500,0.303,0.211,0.486
749000,0.306,0.215,0.478
749500,0.309,0.212,0.478
750000,0.306,0.215,0.479
750500,0.301,0.212,0.486
751000,0.308,0.206,0.486
751500,0.311,0.211,0.478
752000,0.302,0.206,0.491
752500,0.312,0.206,0.481
753000,0.322,0.202,0.476
753500,0.319,0.196,0.485
754000,0.318,0.199,0.483
754500,0.317,0.190,0.494
755000,0.312,0.185,0.502
755500,0.322,0.186,0.492
756000,0.314,0.194,0.492
756500,0.311,0.193,0.497
757000,0.317,0.187,0.496
757500,0.315,0.192,0.494
758000,0.318,0.194,0.489
758500,0.317,0.201,0.483
759000,0.312,0.200,0.488
759500,0.308,0.199,0.493
760000,0.303,0.199,0.498
760500,0.307,0.205,0.488
761000,0.310,0.210,0.480
761500,0.311,0.214,0.475
762000,0.309,0.215,0.476
762500,0.306,0.208,0.486
763000,0.299,0.205,0.496
763500,0.308,0.202,0.490
764000,0.308,0.210,0.481
764500,0.320,0.209,0.471
765000,0.321,0.212,0.468
765500,0.307,0.203,0.489
766000,0.309,0.205,0.486
766500,0.299,0.204,0.497
767000,0.297,0.205,0.498
767500,0.284,0.210,0.505
768000,0.283,0.220,0.497
768500,0.282,0.225,0.493
769000,0.291,0.223,0.486
769500,0.273,0.235,0.491
770000,0.290,0.239,0.471
770500,0.287,0.240,0.473
771000,0.284,0.235,0.481
771500,0.286,0.223,0.491
772000,0.284,0.219,0.497
772500,0.280,0.211,0.509
773000,0.281,0.207,0.512
773500,0.284,0.204,0.512
774000,0.281,0.199,0.521
774500,0.289,0.200,0.510
775000,0.290,0.204,0.506
775500,0.292,0.211,0.497
776000,0.296,0.211,0.492
776500,0.304,0.209,0.486
777000,0.310,0.209,0.481
777500,0.296,0.210,0.494
778000,0.299,0.204,0.497
778500,0.300,0.213,0.487
779000,0.291,0.206,0.503
779500,0.288,0.204,0.508
780000,0.287,0.207,0.505
780500,0.299,0.203,0.498
781000,0.304,0.194,0.502
781500,0.299,0.203,0.497
782000,0.308,0.213,0.479
782500,0.300,0.215,0.485
783000,0.303,0.217,0.480
783500,0.301,0.210,0.488
784000,0.307,0.197,0.496
784500,0.314,0.199,0.488
785000,0.326,0.196,0.478
785500,0.321,0.203,0.476
786000,0.314,0.205,0.481
786500,0.318,0.207,0.475
787000,0.311,0.197,0.491
787500,0.319,0.196,0.485
788000,0.318,0.201,0.481
788500,0.313,0.193,0.494
789000,0.317,0.197,0.487
789500,0.302,0.205,0.492
790000,0.298,0.207,0.494
790500,0.301,0.211,0.488
791000,0.304,0.219,0.477
791500,0.300,0.210,0.489
792000,0.287,0.216,0.497
792500,0.281,0.220,0.499
793000,0.275,0.223,0.503
793500,0.266,0.226,0.508
794000,0.267,0.229,0.505
794500,0.269,0.226,0.506
795000,0.275,0.230,0.495
795500,0.274,0.224,0.503
796000,0.276,0.225,0.499
796500,0.267,0.224,0.509
797000,0.267,0.232,0.502
797500,0.266,0.237,0.496
798000,0.266,0.240,0.493
798500,0.263,0.229,0.509
799000,0.275,0.233,0.492
799500,0.267,0.232,0.501
800000,0.261,0.234,0.506
800500,0.260,0.239,0.500
801000,0.267,0.248,0.486
801500,0.271,0.245,0.484
802000,0.263,0.240,0.496
802500,0.264,0.254,0.483
803000,0.263,0.251,0.486
803500,0.264,0.246,0.489
