time,n_A+p,n_B,n_AB
500,0.080,0.715,0.205
1000,0.080,0.580,0.340
1500,0.080,0.437,0.483
2000,0.082,0.442,0.476
2500,0.094,0.425,0.481
3000,0.089,0.395,0.516
3500,0.084,0.432,0.484
4000,0.097,0.300,0.603
4500,0.093,0.365,0.542
5000,0.089,0.388,0.523
5500,0.082,0.401,0.517
6000,0.090,0.388,0.522
6500,0.100,0.381,0.519
7000,0.110,0.258,0.632
7500,0.126,0.236,0.638
8000,0.194,0.149,0.657
8500,0.558,0.014,0.428
9000,0.916,0.000,0.084
9500,0.996,0.000,0.004
10000,0.999,0.000,0.001
10500,1.000,0.000,0.000
