time,n_A+p,n_B,n_AB
500,0.080,0.781,0.139
1000,0.080,0.714,0.207
1500,0.080,0.649,0.271
2000,0.080,0.610,0.310
2500,0.080,0.615,0.305
3000,0.080,0.547,0.373
3500,0.080,0.588,0.333
4000,0.080,0.587,0.334
4500,0.080,0.571,0.350
5000,0.080,0.579,0.341
5500,0.080,0.580,0.340
6000,0.080,0.571,0.350
6500,0.080,0.584,0.336
7000,0.080,0.600,0.321
7500,0.080,0.588,0.332
8000,0.080,0.557,0.363
8500,0.080,0.568,0.353
9000,0.080,0.560,0.360
9500,0.080,0.605,0.316
10000,0.080,0.541,0.379
10500,0.082,0.521,0.397
11000,0.081,0.547,0.372
11500,0.080,0.566,0.355
12000,0.080,0.599,0.321
12500,0.080,0.581,0.339
13000,0.080,0.625,0.295
13500,0.080,0.634,0.286
14000,0.080,0.578,0.343
14500,0.080,0.535,0.385
15000,0.080,0.543,0.377
15500,0.080,0.560,0.360
16000,0.080,0.562,0.358
16500,0.080,0.579,0.342
17000,0.080,0.585,0.335
17500,0.080,0.615,0.305
18000,0.080,0.611,0.309
18500,0.080,0.621,0.299
19000,0.080,0.606,0.314
19500,0.080,0.594,0.327
20000,0.080,0.630,0.290
20500,0.080,0.623,0.297
21000,0.080,0.589,0.332
21500,0.080,0.589,0.332
22000,0.080,0.614,0.306
22500,0.080,0.611,0.309
23000,0.080,0.614,0.306
23500,0.080,0.616,0.304
24000,0.080,0.604,0.317
24500,0.080,0.609,0.311
25000,0.080,0.603,0.318
25500,0.080,0.587,0.334
26000,0.080,0.563,0.357
26500,0.080,0.586,0.334
27000,0.080,0.551,0.369
27500,0.080,0.584,0.336
28000,0.080,0.605,0.316
28500,0.080,0.619,0.301
29000,0.080,0.615,0.305
29500,0.080,0.648,0.272
30000,0.080,0.579,0.341
30500,0.080,0.570,0.351
31000,0.080,0.598,0.323
31500,0.080,0.582,0.339
32000,0.080,0.565,0.356
32500,0.080,0.603,0.318
33000,0.080,0.567,0.353
33500,0.080,0.537,0.383
34000,0.083,0.570,0.348
34500,0.081,0.567,0.353
35000,0.080,0.561,0.359
35500,0.083,0.597,0.320
36000,0.080,0.564,0.356
36500,0.080,0.560,0.360
37000,0.080,0.565,0.356
37500,0.080,0.614,0.306
38000,0.080,0.574,0.347
38500,0.080,0.598,0.322
39000,0.080,0.618,0.302
39500,0.080,0.598,0.323
40000,0.080,0.633,0.287
40500,0.080,0.657,0.263
41000,0.080,0.657,0.263
41500,0.080,0.614,0.306
42000,0.080,0.589,0.331
42500,0.080,0.576,0.345
43000,0.080,0.612,0.308
43500,0.080,0.591,0.330
44000,0.080,0.595,0.325
44500,0.080,0.553,0.367
45000,0.080,0.613,0.307
45500,0.080,0.639,0.281
46000,0.080,0.589,0.332
46500,0.080,0.591,0.330
47000,0.080,0.555,0.365
47500,0.080,0.603,0.317
48000,0.080,0.593,0.327
48500,0.080,0.617,0.303
49000,0.080,0.590,0.330
49500,0.080,0.582,0.338
50000,0.080,0.607,0.314
50500,0.080,0.580,0.341
51000,0.080,0.610,0.310
51500,0.080,0.583,0.338
52000,0.080,0.643,0.277
52500,0.080,0.579,0.341
53000,0.080,0.550,0.370
53500,0.080,0.539,0.381
54000,0.080,0.528,0.392
54500,0.080,0.541,0.379
55000,0.082,0.579,0.340
55500,0.080,0.600,0.321
56000,0.080,0.638,0.282
56500,0.080,0.628,0.292
57000,0.080,0.586,0.335
57500,0.080,0.574,0.347
58000,0.080,0.567,0.353
58500,0.080,0.539,0.381
59000,0.080,0.544,0.376
59500,0.080,0.561,0.359
60000,0.080,0.616,0.304
60500,0.080,0.617,0.303
61000,0.080,0.627,0.293
61500,0.080,0.655,0.265
62000,0.080,0.595,0.326
62500,0.080,0.568,0.352
63000,0.080,0.558,0.362
63500,0.080,0.556,0.364
64000,0.083,0.515,0.402
64500,0.080,0.535,0.385
65000,0.080,0.556,0.364
65500,0.080,0.614,0.306
66000,0.080,0.633,0.287
66500,0.080,0.579,0.342
67000,0.080,0.570,0.350
67500,0.080,0.607,0.313
68000,0.080,0.592,0.329
68500,0.082,0.583,0.336
69000,0.081,0.645,0.274
69500,0.080,0.588,0.332
70000,0.080,0.582,0.339
70500,0.080,0.572,0.349
71000,0.080,0.560,0.360
71500,0.080,0.555,0.365
72000,0.080,0.584,0.336
72500,0.080,0.593,0.328
73000,0.080,0.554,0.366
73500,0.080,0.591,0.329
74000,0.080,0.605,0.316
74500,0.081,0.580,0.340
75000,0.081,0.555,0.364
75500,0.081,0.546,0.373
76000,0.082,0.553,0.365
76500,0.081,0.596,0.324
77000,0.080,0.627,0.293
77500,0.080,0.596,0.325
78000,0.080,0.618,0.302
78500,0.080,0.632,0.288
79000,0.080,0.633,0.287
79500,0.080,0.602,0.318
80000,0.080,0.607,0.314
80500,0.080,0.603,0.317
81000,0.080,0.574,0.347
81500,0.080,0.556,0.364
82000,0.082,0.557,0.361
82500,0.080,0.611,0.309
83000,0.080,0.578,0.342
83500,0.080,0.551,0.369
84000,0.080,0.551,0.369
84500,0.080,0.580,0.340
85000,0.080,0.606,0.315
85500,0.080,0.626,0.294
86000,0.080,0.680,0.240
86500,0.080,0.650,0.270
87000,0.080,0.601,0.320
87500,0.080,0.630,0.290
88000,0.080,0.643,0.277
88500,0.080,0.651,0.269
89000,0.080,0.632,0.288
89500,0.080,0.611,0.309
90000,0.080,0.638,0.282
90500,0.080,0.616,0.304
91000,0.080,0.593,0.328
91500,0.081,0.556,0.363
92000,0.081,0.502,0.417
92500,0.082,0.540,0.378
93000,0.081,0.591,0.329
93500,0.081,0.590,0.330
94000,0.080,0.610,0.310
94500,0.080,0.608,0.312
95000,0.083,0.594,0.324
95500,0.081,0.571,0.349
96000,0.080,0.573,0.348
96500,0.080,0.630,0.290
97000,0.080,0.622,0.298
97500,0.080,0.625,0.295
98000,0.080,0.616,0.304
98500,0.080,0.537,0.383
99000,0.084,0.529,0.387
99500,0.081,0.564,0.356
100000,0.081,0.619,0.300
100500,0.080,0.629,0.291
101000,0.080,0.621,0.299
101500,0.080,0.613,0.307
102000,0.080,0.602,0.319
102500,0.080,0.549,0.371
103000,0.080,0.553,0.367
103500,0.080,0.535,0.385
104000,0.082,0.550,0.368
104500,0.081,0.622,0.297
105000,0.081,0.598,0.321
105500,0.081,0.598,0.322
106000,0.080,0.607,0.313
106500,0.080,0.602,0.319
107000,0.080,0.585,0.335
107500,0.080,0.600,0.320
108000,0.080,0.581,0.340
108500,0.083,0.566,0.352
109000,0.082,0.504,0.414
109500,0.081,0.532,0.387
110000,0.081,0.546,0.373
110500,0.081,0.572,0.348
111000,0.080,0.620,0.300
111500,0.080,0.654,0.266
112000,0.080,0.583,0.338
112500,0.080,0.584,0.337
113000,0.082,0.553,0.365
113500,0.082,0.510,0.408
114000,0.080,0.547,0.373
114500,0.080,0.525,0.395
115000,0.080,0.548,0.372
115500,0.080,0.532,0.388
116000,0.080,0.535,0.385
116500,0.080,0.557,0.363
117000,0.080,0.589,0.332
117500,0.080,0.615,0.305
118000,0.080,0.594,0.326
118500,0.080,0.565,0.356
119000,0.081,0.562,0.357
119500,0.082,0.589,0.330
120000,0.081,0.576,0.344
120500,0.080,0.550,0.370
121000,0.080,0.534,0.386
121500,0.080,0.567,0.354
122000,0.080,0.565,0.355
122500,0.080,0.608,0.312
123000,0.080,0.597,0.323
123500,0.083,0.558,0.359
124000,0.080,0.582,0.338
124500,0.080,0.550,0.370
125000,0.083,0.610,0.307
125500,0.081,0.593,0.326
126000,0.080,0.608,0.312
126500,0.080,0.577,0.343
127000,0.080,0.602,0.318
127500,0.081,0.660,0.259
128000,0.080,0.607,0.313
128500,0.080,0.582,0.339
129000,0.080,0.594,0.327
129500,0.080,0.577,0.343
130000,0.080,0.615,0.305
130500,0.080,0.589,0.331
131000,0.080,0.608,0.312
131500,0.080,0.637,0.283
132000,0.080,0.597,0.324
132500,0.080,0.586,0.334
133000,0.080,0.569,0.351
133500,0.080,0.608,0.312
134000,0.080,0.635,0.285
134500,0.080,0.581,0.339
135000,0.080,0.573,0.348
135500,0.080,0.604,0.316
136000,0.080,0.594,0.327
136500,0.080,0.631,0.289
137000,0.080,0.601,0.319
137500,0.080,0.546,0.374
138000,0.080,0.579,0.341
138500,0.081,0.562,0.357
139000,0.081,0.610,0.309
139500,0.080,0.607,0.314
140000,0.080,0.588,0.333
140500,0.080,0.606,0.314
141000,0.080,0.603,0.318
141500,0.080,0.556,0.364
142000,0.080,0.636,0.284
142500,0.080,0.609,0.311
143000,0.080,0.569,0.352
143500,0.080,0.566,0.354
144000,0.082,0.556,0.362
144500,0.081,0.572,0.348
145000,0.080,0.582,0.338
145500,0.080,0.598,0.323
146000,0.080,0.607,0.313
146500,0.080,0.576,0.345
147000,0.080,0.631,0.289
147500,0.080,0.612,0.308
148000,0.080,0.590,0.330
148500,0.080,0.579,0.342
149000,0.080,0.579,0.342
149500,0.080,0.604,0.317
150000,0.080,0.603,0.317
150500,0.080,0.634,0.286
151000,0.080,0.645,0.275
151500,0.080,0.624,0.296
152000,0.080,0.594,0.326
152500,0.080,0.588,0.332
153000,0.081,0.544,0.375
153500,0.084,0.512,0.404
154000,0.081,0.506,0.413
154500,0.080,0.596,0.324
155000,0.081,0.537,0.382
155500,0.081,0.565,0.354
156000,0.080,0.544,0.376
156500,0.081,0.544,0.375
157000,0.081,0.555,0.364
157500,0.080,0.533,0.387
158000,0.080,0.612,0.308
158500,0.080,0.604,0.316
159000,0.080,0.594,0.326
159500,0.080,0.628,0.292
160000,0.080,0.638,0.282
160500,0.080,0.586,0.335
161000,0.080,0.642,0.278
161500,0.080,0.577,0.344
162000,0.080,0.527,0.393
162500,0.083,0.574,0.344
163000,0.080,0.640,0.280
163500,0.080,0.591,0.329
164000,0.080,0.642,0.278
164500,0.080,0.615,0.305
165000,0.080,0.587,0.333
165500,0.080,0.609,0.311
166000,0.080,0.625,0.295
166500,0.080,0.627,0.293
167000,0.080,0.615,0.305
167500,0.080,0.531,0.389
168000,0.087,0.516,0.397
168500,0.082,0.556,0.362
169000,0.081,0.580,0.340
169500,0.080,0.587,0.334
170000,0.080,0.573,0.347
170500,0.080,0.605,0.315
171000,0.080,0.606,0.314
171500,0.080,0.648,0.272
172000,0.080,0.652,0.268
172500,0.080,0.601,0.320
173000,0.080,0.571,0.350
173500,0.080,0.533,0.387
174000,0.083,0.551,0.366
174500,0.085,0.550,0.365
175000,0.082,0.549,0.369
175500,0.080,0.554,0.366
176000,0.080,0.554,0.366
176500,0.080,0.528,0.392
177000,0.080,0.558,0.362
177500,0.080,0.554,0.366
178000,0.080,0.587,0.333
178500,0.080,0.598,0.322
179000,0.080,0.603,0.318
179500,0.080,0.569,0.352
180000,0.080,0.609,0.311
180500,0.080,0.613,0.307
181000,0.080,0.636,0.284
181500,0.080,0.614,0.306
182000,0.080,0.615,0.305
182500,0.080,0.626,0.294
183000,0.080,0.616,0.304
183500,0.080,0.606,0.314
184000,0.080,0.573,0.347
184500,0.080,0.577,0.344
185000,0.080,0.598,0.323
185500,0.080,0.559,0.361
186000,0.080,0.554,0.366
186500,0.080,0.615,0.305
187000,0.080,0.614,0.306
187500,0.080,0.597,0.323
188000,0.080,0.608,0.312
188500,0.080,0.566,0.354
189000,0.080,0.502,0.418
189500,0.080,0.519,0.401
190000,0.080,0.583,0.338
190500,0.080,0.584,0.336
191000,0.080,0.568,0.352
191500,0.080,0.563,0.357
192000,0.080,0.552,0.368
192500,0.084,0.570,0.347
193000,0.081,0.588,0.331
193500,0.080,0.585,0.336
194000,0.080,0.594,0.326
194500,0.080,0.620,0.300
195000,0.080,0.600,0.321
195500,0.080,0.630,0.290
196000,0.080,0.644,0.276
196500,0.080,0.681,0.239
197000,0.080,0.615,0.305
197500,0.080,0.610,0.310
198000,0.080,0.581,0.339
198500,0.080,0.591,0.330
199000,0.082,0.545,0.373
199500,0.084,0.541,0.375
200000,0.081,0.590,0.330
200500,0.080,0.594,0.326
201000,0.080,0.579,0.341
201500,0.080,0.602,0.319
202000,0.084,0.571,0.346
202500,0.081,0.622,0.297
203000,0.081,0.616,0.304
203500,0.080,0.610,0.310
204000,0.083,0.587,0.331
204500,0.081,0.604,0.316
205000,0.080,0.604,0.317
205500,0.080,0.595,0.325
206000,0.080,0.601,0.319
206500,0.083,0.583,0.335
207000,0.081,0.600,0.320
207500,0.080,0.625,0.295
208000,0.080,0.607,0.313
208500,0.080,0.578,0.342
209000,0.080,0.534,0.386
209500,0.080,0.578,0.342
210000,0.080,0.569,0.351
210500,0.083,0.615,0.302
211000,0.081,0.604,0.316
211500,0.080,0.605,0.316
212000,0.080,0.628,0.292
212500,0.080,0.633,0.287
213000,0.080,0.683,0.237
213500,0.080,0.683,0.237
214000,0.080,0.616,0.304
214500,0.080,0.592,0.328
215000,0.080,0.612,0.308
215500,0.080,0.631,0.289
216000,0.080,0.638,0.282
216500,0.080,0.661,0.259
217000,0.080,0.643,0.277
217500,0.080,0.640,0.280
218000,0.080,0.621,0.299
218500,0.080,0.607,0.314
219000,0.080,0.586,0.335
219500,0.080,0.567,0.354
220000,0.080,0.612,0.308
220500,0.080,0.589,0.332
221000,0.080,0.606,0.315
221500,0.080,0.613,0.307
222000,0.080,0.658,0.262
222500,0.080,0.627,0.293
223000,0.080,0.579,0.342
223500,0.080,0.580,0.341
224000,0.080,0.566,0.355
224500,0.080,0.581,0.340
225000,0.080,0.612,0.308
225500,0.080,0.626,0.294
226000,0.080,0.664,0.256
226500,0.080,0.651,0.269
227000,0.080,0.633,0.287
227500,0.080,0.636,0.284
228000,0.080,0.634,0.286
228500,0.080,0.555,0.365
229000,0.082,0.571,0.348
229500,0.081,0.593,0.327
230000,0.081,0.585,0.335
230500,0.081,0.611,0.309
231000,0.081,0.558,0.361
231500,0.080,0.533,0.387
232000,0.080,0.590,0.331
232500,0.080,0.581,0.340
233000,0.080,0.645,0.275
233500,0.080,0.628,0.292
234000,0.080,0.624,0.296
234500,0.080,0.605,0.316
235000,0.080,0.617,0.303
235500,0.080,0.566,0.354
236000,0.080,0.545,0.375
236500,0.080,0.563,0.357
237000,0.080,0.540,0.380
237500,0.084,0.570,0.347
238000,0.084,0.550,0.366
238500,0.082,0.555,0.363
239000,0.081,0.538,0.381
239500,0.080,0.604,0.316
240000,0.080,0.577,0.343
240500,0.080,0.582,0.339
241000,0.081,0.561,0.358
241500,0.081,0.571,0.349
242000,0.081,0.575,0.345
242500,0.080,0.590,0.330
243000,0.080,0.597,0.324
243500,0.080,0.595,0.326
244000,0.080,0.584,0.336
244500,0.080,0.597,0.324
245000,0.080,0.632,0.288
245500,0.080,0.647,0.273
246000,0.080,0.597,0.324
246500,0.080,0.593,0.328
247000,0.080,0.579,0.342
247500,0.080,0.576,0.344
248000,0.080,0.589,0.331
248500,0.080,0.613,0.307
249000,0.080,0.569,0.351
249500,0.080,0.598,0.323
250000,0.080,0.589,0.332
250500,0.080,0.530,0.390
251000,0.084,0.516,0.400
251500,0.081,0.532,0.387
252000,0.081,0.564,0.356
252500,0.084,0.519,0.397
253000,0.081,0.557,0.362
253500,0.080,0.560,0.360
254000,0.080,0.549,0.371
254500,0.080,0.598,0.322
255000,0.080,0.612,0.308
255500,0.080,0.554,0.366
256000,0.080,0.568,0.352
256500,0.080,0.561,0.359
257000,0.080,0.547,0.373
257500,0.080,0.549,0.371
258000,0.084,0.539,0.377
258500,0.081,0.589,0.331
259000,0.081,0.614,0.306
259500,0.081,0.532,0.387
260000,0.080,0.549,0.371
260500,0.080,0.598,0.323
261000,0.080,0.578,0.342
261500,0.080,0.546,0.374
262000,0.080,0.565,0.356
262500,0.080,0.613,0.307
263000,0.080,0.554,0.366
263500,0.080,0.590,0.330
264000,0.080,0.551,0.369
264500,0.080,0.575,0.346
265000,0.080,0.654,0.266
265500,0.080,0.570,0.351
266000,0.080,0.558,0.362
266500,0.080,0.599,0.321
267000,0.080,0.596,0.325
267500,0.080,0.595,0.326
268000,0.080,0.601,0.319
268500,0.080,0.612,0.308
269000,0.080,0.667,0.253
269500,0.080,0.663,0.257
270000,0.080,0.691,0.230
270500,0.080,0.654,0.266
271000,0.080,0.577,0.344
271500,0.080,0.589,0.331
272000,0.080,0.597,0.324
272500,0.080,0.588,0.332
273000,0.080,0.619,0.301
273500,0.080,0.598,0.323
274000,0.080,0.633,0.287
274500,0.080,0.596,0.324
275000,0.080,0.603,0.318
275500,0.083,0.566,0.352
276000,0.080,0.561,0.359
276500,0.080,0.523,0.397
277000,0.081,0.523,0.396
277500,0.080,0.591,0.330
278000,0.080,0.628,0.292
278500,0.080,0.623,0.297
279000,0.080,0.545,0.375
279500,0.080,0.590,0.331
280000,0.080,0.582,0.338
280500,0.080,0.584,0.337
281000,0.080,0.584,0.336
281500,0.080,0.612,0.308
282000,0.080,0.607,0.314
282500,0.080,0.623,0.297
283000,0.080,0.680,0.240
283500,0.080,0.664,0.256
284000,0.080,0.648,0.272
284500,0.080,0.686,0.234
285000,0.080,0.617,0.303
285500,0.080,0.642,0.278
286000,0.080,0.588,0.333
286500,0.082,0.617,0.302
287000,0.080,0.640,0.280
287500,0.080,0.633,0.287
288000,0.080,0.629,0.291
288500,0.080,0.632,0.288
289000,0.080,0.611,0.309
289500,0.080,0.632,0.288
290000,0.080,0.630,0.290
290500,0.082,0.614,0.304
291000,0.081,0.585,0.335
291500,0.080,0.548,0.372
292000,0.080,0.588,0.332
292500,0.080,0.576,0.344
293000,0.080,0.600,0.321
293500,0.080,0.630,0.290
294000,0.084,0.588,0.329
294500,0.081,0.552,0.367
295000,0.081,0.569,0.351
295500,0.081,0.586,0.334
296000,0.081,0.616,0.303
296500,0.081,0.563,0.357
297000,0.080,0.615,0.305
297500,0.083,0.635,0.282
298000,0.081,0.571,0.348
298500,0.080,0.562,0.358
299000,0.080,0.585,0.335
299500,0.080,0.617,0.303
300000,0.080,0.579,0.341
300500,0.083,0.550,0.367
301000,0.082,0.526,0.392
301500,0.081,0.557,0.362
302000,0.082,0.580,0.339
302500,0.080,0.572,0.348
303000,0.080,0.584,0.336
303500,0.080,0.596,0.324
304000,0.080,0.507,0.413
304500,0.080,0.532,0.388
305000,0.080,0.541,0.379
305500,0.080,0.577,0.343
306000,0.080,0.600,0.321
306500,0.080,0.637,0.283
307000,0.080,0.640,0.280
307500,0.080,0.605,0.316
308000,0.083,0.564,0.354
308500,0.081,0.571,0.348
309000,0.080,0.601,0.319
309500,0.080,0.618,0.302
310000,0.080,0.641,0.279
310500,0.080,0.660,0.260
311000,0.080,0.629,0.291
311500,0.080,0.625,0.295
312000,0.080,0.617,0.303
312500,0.080,0.583,0.337
313000,0.080,0.601,0.320
313500,0.080,0.601,0.319
314000,0.080,0.584,0.336
314500,0.080,0.593,0.327
315000,0.080,0.605,0.315
315500,0.080,0.617,0.303
316000,0.080,0.537,0.383
316500,0.080,0.585,0.336
317000,0.080,0.573,0.348
317500,0.080,0.597,0.323
318000,0.080,0.543,0.377
318500,0.080,0.572,0.349
319000,0.080,0.575,0.346
319500,0.081,0.579,0.340
320000,0.081,0.580,0.340
320500,0.080,0.582,0.339
321000,0.080,0.565,0.356
321500,0.080,0.588,0.333
322000,0.080,0.587,0.333
322500,0.080,0.610,0.310
323000,0.080,0.653,0.267
323500,0.080,0.622,0.298
324000,0.080,0.629,0.291
324500,0.080,0.612,0.308
325000,0.080,0.599,0.321
325500,0.080,0.583,0.338
326000,0.080,0.590,0.330
326500,0.080,0.565,0.355
327000,0.080,0.545,0.375
327500,0.080,0.561,0.359
328000,0.080,0.595,0.325
328500,0.080,0.558,0.362
329000,0.082,0.557,0.361
329500,0.080,0.564,0.357
330000,0.080,0.602,0.318
330500,0.080,0.587,0.333
331000,0.080,0.592,0.329
331500,0.080,0.582,0.338
332000,0.084,0.577,0.339
332500,0.083,0.609,0.308
333000,0.081,0.566,0.354
333500,0.081,0.565,0.355
334000,0.080,0.590,0.331
334500,0.080,0.560,0.360
335000,0.080,0.581,0.340
335500,0.080,0.549,0.371
336000,0.080,0.518,0.402
336500,0.082,0.550,0.368
337000,0.080,0.573,0.348
337500,0.082,0.584,0.335
338000,0.081,0.562,0.357
338500,0.080,0.569,0.351
339000,0.080,0.587,0.334
339500,0.080,0.595,0.325
340000,0.080,0.585,0.336
340500,0.080,0.570,0.350
341000,0.080,0.580,0.341
341500,0.080,0.557,0.363
342000,0.080,0.609,0.311
342500,0.080,0.597,0.324
343000,0.080,0.601,0.320
343500,0.080,0.610,0.310
344000,0.080,0.622,0.298
344500,0.080,0.613,0.307
345000,0.080,0.624,0.296
345500,0.082,0.578,0.341
346000,0.081,0.598,0.321
346500,0.080,0.631,0.289
347000,0.080,0.598,0.323
347500,0.080,0.613,0.307
348000,0.080,0.630,0.290
348500,0.080,0.552,0.368
349000,0.085,0.547,0.368
349500,0.083,0.542,0.375
350000,0.083,0.596,0.322
350500,0.080,0.591,0.330
351000,0.080,0.594,0.326
351500,0.080,0.595,0.326
352000,0.080,0.612,0.308
352500,0.080,0.635,0.285
353000,0.080,0.638,0.282
353500,0.080,0.577,0.343
354000,0.080,0.540,0.380
354500,0.080,0.543,0.377
355000,0.080,0.635,0.285
355500,0.080,0.586,0.335
356000,0.080,0.603,0.317
356500,0.080,0.600,0.320
357000,0.080,0.576,0.345
357500,0.080,0.612,0.308
358000,0.080,0.656,0.264
358500,0.080,0.620,0.300
359000,0.080,0.560,0.360
359500,0.080,0.598,0.323
360000,0.080,0.644,0.276
360500,0.080,0.609,0.311
361000,0.080,0.590,0.330
361500,0.080,0.635,0.285
362000,0.080,0.611,0.309
362500,0.080,0.599,0.322
363000,0.080,0.617,0.303
363500,0.080,0.579,0.342
364000,0.080,0.583,0.338
364500,0.080,0.573,0.347
365000,0.080,0.586,0.335
365500,0.080,0.552,0.368
366000,0.080,0.555,0.365
366500,0.080,0.574,0.346
367000,0.080,0.555,0.365
367500,0.081,0.531,0.388
368000,0.080,0.554,0.366
368500,0.080,0.567,0.353
369000,0.080,0.589,0.331
369500,0.080,0.554,0.366
370000,0.080,0.604,0.317
370500,0.080,0.629,0.291
371000,0.080,0.634,0.286
371500,0.080,0.666,0.254
372000,0.080,0.619,0.301
372500,0.080,0.585,0.336
373000,0.080,0.666,0.254
373500,0.081,0.631,0.288
374000,0.080,0.621,0.299
374500,0.080,0.660,0.260
375000,0.080,0.596,0.324
375500,0.080,0.566,0.354
376000,0.080,0.570,0.351
376500,0.080,0.613,0.307
377000,0.080,0.592,0.328
377500,0.080,0.661,0.259
378000,0.080,0.605,0.315
378500,0.084,0.566,0.351
379000,0.081,0.528,0.391
379500,0.081,0.552,0.367
380000,0.080,0.568,0.353
380500,0.080,0.575,0.346
381000,0.080,0.597,0.323
381500,0.080,0.599,0.321
382000,0.080,0.633,0.287
382500,0.080,0.625,0.295
383000,0.080,0.609,0.311
383500,0.080,0.576,0.344
384000,0.080,0.586,0.335
384500,0.080,0.545,0.375
385000,0.080,0.532,0.388
385500,0.080,0.587,0.333
386000,0.080,0.589,0.332
386500,0.080,0.619,0.301
387000,0.080,0.598,0.322
387500,0.080,0.626,0.294
388000,0.080,0.609,0.311
388500,0.080,0.624,0.296
389000,0.080,0.625,0.295
389500,0.080,0.660,0.260
390000,0.080,0.648,0.272
390500,0.080,0.671,0.249
391000,0.080,0.625,0.295
391500,0.080,0.628,0.292
392000,0.080,0.649,0.271
392500,0.080,0.632,0.288
393000,0.080,0.619,0.301
393500,0.080,0.619,0.301
394000,0.080,0.622,0.298
394500,0.080,0.603,0.318
395000,0.080,0.632,0.288
395500,0.080,0.619,0.301
396000,0.080,0.541,0.379
396500,0.082,0.592,0.327
397000,0.080,0.603,0.317
397500,0.080,0.607,0.314
398000,0.080,0.629,0.291
398500,0.080,0.646,0.274
399000,0.080,0.606,0.314
399500,0.080,0.554,0.366
400000,0.080,0.608,0.312
400500,0.080,0.579,0.342
401000,0.080,0.535,0.385
401500,0.081,0.534,0.385
402000,0.083,0.599,0.318
402500,0.081,0.606,0.314
403000,0.080,0.645,0.275
403500,0.080,0.640,0.280
404000,0.080,0.642,0.278
404500,0.080,0.554,0.366
405000,0.083,0.525,0.392
405500,0.081,0.537,0.382
406000,0.080,0.557,0.363
406500,0.080,0.587,0.334
407000,0.080,0.609,0.311
407500,0.080,0.589,0.332
408000,0.080,0.598,0.323
408500,0.080,0.616,0.304
409000,0.083,0.605,0.312
409500,0.082,0.584,0.335
410000,0.080,0.583,0.337
410500,0.080,0.570,0.350
411000,0.080,0.582,0.338
411500,0.080,0.607,0.314
412000,0.080,0.631,0.289
412500,0.080,0.595,0.325
413000,0.080,0.615,0.305
413500,0.080,0.597,0.323
414000,0.080,0.604,0.316
414500,0.080,0.552,0.368
415000,0.080,0.569,0.352
415500,0.080,0.568,0.353
416000,0.080,0.547,0.373
416500,0.080,0.576,0.344
417000,0.080,0.607,0.314
417500,0.080,0.628,0.292
418000,0.080,0.576,0.345
418500,0.080,0.565,0.356
419000,0.080,0.552,0.368
419500,0.080,0.584,0.337
420000,0.080,0.633,0.287
420500,0.083,0.648,0.269
421000,0.081,0.591,0.329
421500,0.081,0.601,0.319
422000,0.080,0.575,0.346
422500,0.080,0.566,0.355
423000,0.080,0.594,0.327
423500,0.080,0.579,0.341
424000,0.080,0.595,0.326
424500,0.080,0.527,0.393
425000,0.080,0.546,0.374
425500,0.080,0.567,0.354
426000,0.080,0.564,0.356
426500,0.080,0.584,0.336
427000,0.080,0.518,0.402
427500,0.080,0.543,0.377
428000,0.087,0.515,0.397
428500,0.083,0.554,0.363
429000,0.081,0.617,0.302
429500,0.080,0.623,0.297
430000,0.080,0.616,0.304
430500,0.080,0.607,0.314
431000,0.080,0.617,0.303
431500,0.080,0.577,0.344
432000,0.080,0.524,0.396
432500,0.082,0.578,0.340
433000,0.082,0.595,0.324
433500,0.081,0.611,0.309
434000,0.081,0.592,0.328
434500,0.080,0.627,0.293
435000,0.080,0.660,0.260
435500,0.080,0.639,0.281
436000,0.080,0.633,0.287
436500,0.080,0.635,0.285
437000,0.080,0.611,0.309
437500,0.080,0.574,0.346
438000,0.080,0.585,0.336
438500,0.083,0.565,0.353
439000,0.081,0.618,0.301
439500,0.080,0.571,0.349
440000,0.080,0.554,0.366
440500,0.080,0.609,0.311
441000,0.080,0.549,0.371
441500,0.081,0.538,0.381
442000,0.080,0.620,0.300
442500,0.080,0.612,0.308
443000,0.080,0.668,0.252
443500,0.080,0.641,0.279
444000,0.080,0.629,0.291
444500,0.080,0.572,0.348
445000,0.080,0.603,0.317
445500,0.080,0.583,0.338
446000,0.080,0.554,0.366
446500,0.080,0.656,0.264
447000,0.080,0.633,0.287
447500,0.080,0.606,0.315
448000,0.080,0.592,0.329
448500,0.080,0.625,0.295
449000,0.080,0.584,0.337
449500,0.080,0.643,0.277
450000,0.080,0.628,0.292
450500,0.081,0.651,0.268
451000,0.081,0.615,0.304
451500,0.080,0.558,0.362
452000,0.080,0.588,0.332
452500,0.080,0.572,0.348
453000,0.080,0.511,0.409
453500,0.080,0.542,0.378
454000,0.080,0.572,0.349
454500,0.080,0.607,0.313
455000,0.080,0.623,0.297
455500,0.080,0.599,0.321
456000,0.080,0.590,0.330
456500,0.080,0.554,0.366
457000,0.080,0.608,0.312
457500,0.080,0.618,0.302
458000,0.080,0.608,0.312
458500,0.080,0.577,0.343
459000,0.082,0.564,0.355
459500,0.080,0.566,0.354
460000,0.080,0.536,0.384
460500,0.081,0.543,0.376
461000,0.080,0.550,0.370
461500,0.080,0.590,0.331
462000,0.080,0.590,0.330
462500,0.080,0.552,0.368
463000,0.080,0.585,0.335
463500,0.080,0.593,0.328
464000,0.080,0.600,0.321
464500,0.080,0.582,0.339
465000,0.080,0.566,0.355
465500,0.080,0.636,0.284
466000,0.080,0.669,0.251
466500,0.080,0.597,0.323
467000,0.081,0.613,0.307
467500,0.080,0.603,0.318
468000,0.081,0.601,0.319
468500,0.080,0.605,0.316
469000,0.082,0.568,0.350
469500,0.083,0.541,0.376
470000,0.081,0.540,0.379
470500,0.081,0.559,0.360
471000,0.080,0.591,0.329
471500,0.080,0.574,0.346
472000,0.080,0.578,0.343
472500,0.080,0.610,0.310
473000,0.080,0.556,0.364
473500,0.082,0.547,0.371
474000,0.081,0.540,0.379
474500,0.080,0.568,0.352
475000,0.080,0.549,0.371
475500,0.080,0.605,0.316
476000,0.080,0.625,0.295
476500,0.080,0.603,0.317
477000,0.080,0.564,0.357
477500,0.080,0.582,0.339
478000,0.080,0.613,0.307
478500,0.080,0.560,0.360
479000,0.080,0.584,0.337
479500,0.080,0.581,0.339
480000,0.080,0.614,0.306
480500,0.080,0.601,0.320
481000,0.080,0.583,0.337
481500,0.080,0.629,0.291
482000,0.080,0.558,0.362
482500,0.083,0.570,0.348
483000,0.083,0.528,0.389
483500,0.081,0.559,0.360
484000,0.080,0.582,0.339
484500,0.080,0.584,0.337
485000,0.080,0.555,0.365
485500,0.080,0.524,0.396
486000,0.080,0.509,0.411
486500,0.080,0.513,0.407
487000,0.082,0.570,0.349
487500,0.082,0.547,0.371
488000,0.081,0.587,0.332
488500,0.080,0.592,0.328
489000,0.080,0.593,0.328
489500,0.080,0.573,0.348
490000,0.080,0.637,0.283
490500,0.080,0.605,0.316
491000,0.080,0.610,0.310
491500,0.080,0.600,0.321
492000,0.080,0.580,0.340
492500,0.080,0.544,0.376
493000,0.080,0.542,0.378
493500,0.080,0.519,0.401
494000,0.080,0.594,0.327
494500,0.080,0.617,0.303
495000,0.080,0.583,0.338
495500,0.080,0.614,0.306
496000,0.080,0.601,0.320
496500,0.080,0.546,0.374
497000,0.080,0.583,0.338
497500,0.080,0.598,0.323
498000,0.080,0.597,0.323
498500,0.083,0.603,0.314
499000,0.080,0.590,0.330
499500,0.080,0.595,0.325
500000,0.080,0.562,0.358
500500,0.080,0.568,0.352
501000,0.080,0.581,0.340
501500,0.080,0.604,0.316
502000,0.080,0.621,0.299
502500,0.080,0.570,0.351
503000,0.080,0.583,0.337
503500,0.080,0.578,0.343
504000,0.080,0.567,0.354
504500,0.080,0.544,0.376
505000,0.080,0.589,0.331
505500,0.080,0.601,0.320
506000,0.080,0.603,0.318
506500,0.080,0.620,0.300
507000,0.080,0.569,0.352
507500,0.080,0.605,0.316
508000,0.080,0.578,0.343
508500,0.080,0.619,0.301
509000,0.080,0.631,0.289
509500,0.082,0.611,0.307
510000,0.081,0.594,0.326
510500,0.080,0.594,0.326
511000,0.080,0.555,0.365
511500,0.080,0.610,0.310
512000,0.080,0.641,0.279
512500,0.080,0.598,0.323
513000,0.080,0.637,0.283
513500,0.080,0.561,0.359
514000,0.080,0.586,0.334
514500,0.080,0.595,0.326
515000,0.080,0.615,0.305
515500,0.080,0.628,0.292
516000,0.080,0.652,0.268
516500,0.080,0.683,0.237
517000,0.080,0.638,0.282
517500,0.080,0.642,0.278
518000,0.080,0.629,0.291
518500,0.080,0.601,0.319
519000,0.080,0.626,0.294
519500,0.080,0.633,0.287
520000,0.080,0.632,0.288
520500,0.080,0.622,0.298
521000,0.080,0.621,0.299
521500,0.080,0.593,0.327
522000,0.080,0.581,0.339
522500,0.080,0.559,0.361
523000,0.080,0.577,0.344
523500,0.080,0.590,0.330
524000,0.080,0.586,0.335
524500,0.080,0.582,0.339
525000,0.080,0.584,0.336
525500,0.080,0.557,0.363
526000,0.080,0.654,0.266
526500,0.080,0.609,0.311
527000,0.080,0.612,0.308
527500,0.080,0.587,0.333
528000,0.080,0.623,0.297
528500,0.080,0.594,0.326
529000,0.080,0.587,0.334
529500,0.080,0.594,0.326
530000,0.080,0.622,0.298
530500,0.080,0.613,0.307
531000,0.080,0.576,0.344
531500,0.080,0.638,0.282
532000,0.080,0.613,0.307
532500,0.080,0.592,0.329
533000,0.080,0.596,0.324
533500,0.080,0.585,0.335
534000,0.080,0.609,0.311
534500,0.080,0.604,0.316
535000,0.080,0.618,0.302
535500,0.080,0.634,0.286
536000,0.080,0.549,0.371
536500,0.080,0.582,0.339
537000,0.080,0.565,0.355
537500,0.080,0.627,0.293
538000,0.080,0.602,0.319
538500,0.080,0.577,0.344
539000,0.080,0.619,0.301
539500,0.080,0.626,0.294
540000,0.080,0.635,0.285
540500,0.080,0.624,0.296
541000,0.080,0.622,0.298
541500,0.080,0.530,0.390
542000,0.080,0.556,0.364
542500,0.080,0.590,0.331
543000,0.080,0.587,0.333
543500,0.080,0.619,0.301
544000,0.080,0.642,0.278
544500,0.080,0.539,0.381
545000,0.080,0.607,0.313
545500,0.080,0.631,0.289
546000,0.080,0.571,0.350
546500,0.081,0.574,0.346
547000,0.082,0.529,0.389
547500,0.081,0.521,0.398
548000,0.080,0.572,0.348
548500,0.080,0.586,0.335
549000,0.080,0.626,0.294
549500,0.082,0.615,0.303
550000,0.081,0.579,0.340
550500,0.080,0.582,0.339
551000,0.080,0.617,0.303
551500,0.080,0.605,0.315
552000,0.080,0.609,0.311
552500,0.080,0.547,0.373
553000,0.080,0.603,0.317
553500,0.080,0.575,0.346
554000,0.080,0.588,0.333
554500,0.080,0.596,0.325
555000,0.080,0.583,0.338
555500,0.080,0.615,0.305
556000,0.080,0.649,0.271
556500,0.080,0.677,0.243
557000,0.080,0.657,0.263
557500,0.080,0.659,0.261
558000,0.080,0.633,0.287
558500,0.080,0.650,0.270
559000,0.080,0.627,0.293
559500,0.080,0.592,0.329
560000,0.080,0.609,0.311
560500,0.080,0.607,0.314
561000,0.080,0.587,0.334
561500,0.080,0.534,0.386
562000,0.080,0.600,0.321
562500,0.080,0.640,0.280
563000,0.080,0.623,0.297
563500,0.080,0.609,0.311
564000,0.082,0.583,0.336
564500,0.081,0.584,0.336
565000,0.080,0.575,0.346
565500,0.080,0.627,0.293
566000,0.080,0.630,0.290
566500,0.080,0.571,0.349
567000,0.081,0.574,0.346
567500,0.081,0.564,0.356
568000,0.080,0.597,0.323
568500,0.080,0.568,0.352
569000,0.084,0.619,0.298
569500,0.080,0.584,0.337
570000,0.080,0.558,0.362
570500,0.080,0.577,0.343
571000,0.080,0.582,0.338
571500,0.080,0.587,0.333
572000,0.080,0.580,0.341
572500,0.080,0.558,0.362
573000,0.080,0.568,0.353
573500,0.083,0.571,0.347
574000,0.080,0.628,0.292
574500,0.080,0.669,0.251
575000,0.080,0.649,0.271
575500,0.082,0.602,0.316
576000,0.081,0.607,0.312
576500,0.080,0.576,0.344
577000,0.080,0.634,0.286
577500,0.080,0.633,0.287
578000,0.080,0.612,0.308
578500,0.080,0.610,0.310
579000,0.080,0.588,0.332
579500,0.080,0.597,0.324
580000,0.082,0.554,0.364
580500,0.080,0.550,0.370
581000,0.080,0.506,0.414
581500,0.082,0.516,0.402
582000,0.085,0.543,0.372
582500,0.082,0.579,0.340
583000,0.081,0.607,0.312
583500,0.080,0.575,0.346
584000,0.080,0.610,0.310
584500,0.080,0.600,0.321
585000,0.080,0.579,0.341
585500,0.080,0.549,0.371
586000,0.080,0.584,0.336
586500,0.080,0.526,0.394
587000,0.080,0.533,0.387
587500,0.080,0.545,0.375
588000,0.080,0.569,0.351
588500,0.080,0.623,0.297
589000,0.080,0.631,0.289
589500,0.080,0.610,0.310
590000,0.080,0.587,0.334
590500,0.080,0.597,0.323
591000,0.080,0.603,0.317
591500,0.081,0.628,0.291
592000,0.081,0.610,0.309
592500,0.080,0.616,0.304
593000,0.080,0.616,0.304
593500,0.080,0.517,0.403
594000,0.083,0.496,0.421
594500,0.083,0.522,0.395
595000,0.086,0.556,0.358
595500,0.081,0.543,0.376
596000,0.081,0.626,0.293
596500,0.080,0.640,0.280
597000,0.080,0.569,0.352
597500,0.080,0.580,0.341
598000,0.080,0.607,0.313
598500,0.080,0.603,0.318
599000,0.080,0.539,0.381
599500,0.080,0.559,0.361
600000,0.080,0.610,0.310
600500,0.080,0.632,0.288
601000,0.080,0.622,0.298
601500,0.080,0.616,0.304
602000,0.080,0.599,0.321
602500,0.080,0.586,0.334
603000,0.080,0.607,0.314
603500,0.080,0.577,0.344
604000,0.080,0.553,0.367
604500,0.080,0.574,0.346
605000,0.080,0.560,0.360
605500,0.085,0.546,0.369
606000,0.080,0.558,0.362
606500,0.080,0.641,0.279
607000,0.080,0.610,0.310
607500,0.080,0.604,0.316
608000,0.080,0.549,0.371
608500,0.080,0.587,0.333
609000,0.080,0.561,0.359
609500,0.080,0.593,0.328
610000,0.080,0.599,0.322
610500,0.080,0.646,0.274
611000,0.080,0.664,0.256
611500,0.080,0.662,0.258
612000,0.080,0.586,0.334
612500,0.080,0.607,0.313
613000,0.080,0.643,0.277
613500,0.080,0.677,0.243
614000,0.080,0.652,0.268
614500,0.080,0.622,0.298
615000,0.080,0.661,0.259
615500,0.080,0.658,0.262
616000,0.080,0.629,0.291
616500,0.080,0.635,0.285
617000,0.080,0.570,0.350
617500,0.080,0.567,0.354
618000,0.080,0.572,0.348
618500,0.080,0.566,0.355
619000,0.080,0.598,0.322
619500,0.080,0.581,0.340
620000,0.080,0.587,0.333
620500,0.080,0.583,0.338
621000,0.080,0.570,0.350
621500,0.080,0.595,0.326
622000,0.080,0.553,0.367
622500,0.080,0.534,0.386
623000,0.080,0.582,0.338
623500,0.080,0.585,0.335
624000,0.080,0.556,0.364
624500,0.080,0.517,0.403
625000,0.080,0.548,0.372
625500,0.080,0.573,0.348
626000,0.080,0.557,0.363
626500,0.080,0.523,0.397
627000,0.080,0.526,0.394
627500,0.080,0.556,0.364
628000,0.080,0.586,0.334
628500,0.080,0.614,0.306
629000,0.080,0.611,0.309
629500,0.080,0.573,0.347
630000,0.080,0.590,0.330
630500,0.080,0.604,0.316
631000,0.080,0.580,0.341
631500,0.082,0.580,0.338
632000,0.081,0.600,0.320
632500,0.082,0.590,0.329
633000,0.080,0.547,0.373
633500,0.080,0.536,0.384
634000,0.080,0.523,0.397
634500,0.080,0.581,0.340
635000,0.080,0.616,0.304
635500,0.080,0.629,0.291
636000,0.080,0.654,0.266
636500,0.080,0.666,0.254
637000,0.080,0.651,0.269
637500,0.080,0.651,0.269
638000,0.080,0.639,0.281
638500,0.080,0.643,0.277
639000,0.080,0.682,0.238
639500,0.080,0.632,0.288
640000,0.080,0.638,0.282
640500,0.080,0.641,0.279
641000,0.080,0.628,0.292
641500,0.080,0.608,0.312
642000,0.080,0.585,0.335
642500,0.080,0.578,0.342
643000,0.080,0.600,0.321
643500,0.080,0.529,0.391
644000,0.080,0.597,0.324
644500,0.080,0.556,0.364
645000,0.080,0.514,0.406
645500,0.083,0.562,0.355
646000,0.081,0.560,0.359
646500,0.080,0.566,0.354
647000,0.080,0.608,0.312
647500,0.080,0.618,0.302
648000,0.080,0.630,0.290
648500,0.080,0.627,0.293
649000,0.080,0.637,0.283
649500,0.080,0.548,0.372
650000,0.080,0.595,0.325
650500,0.080,0.576,0.344
651000,0.080,0.556,0.364
651500,0.080,0.542,0.378
652000,0.081,0.552,0.367
652500,0.081,0.555,0.364
653000,0.080,0.571,0.350
653500,0.080,0.584,0.337
654000,0.080,0.595,0.325
654500,0.080,0.590,0.330
655000,0.080,0.588,0.333
655500,0.080,0.600,0.320
656000,0.080,0.560,0.360
656500,0.080,0.596,0.325
657000,0.080,0.568,0.352
657500,0.080,0.541,0.379
658000,0.081,0.560,0.359
658500,0.080,0.585,0.336
659000,0.080,0.565,0.355
659500,0.080,0.508,0.412
660000,0.080,0.516,0.404
660500,0.080,0.556,0.364
661000,0.080,0.613,0.307
661500,0.080,0.554,0.366
662000,0.085,0.599,0.317
662500,0.081,0.593,0.327
663000,0.080,0.600,0.321
663500,0.080,0.605,0.316
664000,0.080,0.580,0.340
664500,0.080,0.582,0.338
665000,0.080,0.612,0.308
665500,0.080,0.563,0.357
666000,0.080,0.593,0.328
666500,0.080,0.559,0.361
667000,0.080,0.563,0.357
667500,0.080,0.592,0.329
668000,0.080,0.560,0.360
668500,0.080,0.574,0.347
669000,0.080,0.563,0.357
669500,0.080,0.588,0.332
670000,0.080,0.621,0.299
670500,0.080,0.586,0.335
671000,0.080,0.602,0.319
671500,0.080,0.563,0.357
672000,0.080,0.601,0.320
672500,0.080,0.598,0.322
673000,0.082,0.586,0.333
673500,0.080,0.625,0.295
674000,0.080,0.634,0.286
674500,0.080,0.602,0.319
675000,0.080,0.603,0.317
675500,0.080,0.595,0.325
676000,0.080,0.617,0.303
676500,0.080,0.616,0.304
677000,0.080,0.612,0.308
677500,0.080,0.570,0.351
678000,0.080,0.630,0.290
678500,0.080,0.627,0.293
679000,0.080,0.611,0.309
679500,0.080,0.576,0.344
680000,0.080,0.549,0.371
680500,0.080,0.519,0.401
681000,0.080,0.538,0.382
681500,0.080,0.526,0.394
682000,0.081,0.541,0.378
682500,0.083,0.532,0.385
683000,0.080,0.553,0.367
683500,0.080,0.498,0.422
684000,0.080,0.528,0.392
684500,0.080,0.571,0.349
685000,0.080,0.578,0.343
685500,0.080,0.622,0.298
686000,0.080,0.653,0.267
686500,0.080,0.644,0.276
687000,0.080,0.611,0.309
687500,0.080,0.614,0.306
688000,0.080,0.612,0.308
688500,0.080,0.578,0.342
689000,0.080,0.607,0.314
689500,0.080,0.625,0.295
690000,0.080,0.566,0.355
690500,0.080,0.581,0.339
691000,0.080,0.589,0.331
691500,0.080,0.547,0.373
692000,0.080,0.555,0.365
692500,0.081,0.561,0.358
693000,0.081,0.545,0.374
693500,0.080,0.557,0.363
694000,0.080,0.515,0.405
694500,0.080,0.581,0.339
695000,0.080,0.556,0.364
695500,0.080,0.598,0.323
696000,0.080,0.620,0.300
696500,0.080,0.608,0.312
697000,0.080,0.595,0.325
697500,0.080,0.624,0.296
698000,0.080,0.591,0.330
698500,0.080,0.606,0.314
699000,0.080,0.599,0.322
699500,0.080,0.605,0.315
700000,0.080,0.618,0.302
700500,0.080,0.566,0.354
701000,0.080,0.567,0.353
701500,0.084,0.538,0.378
702000,0.081,0.587,0.333
702500,0.080,0.580,0.341
703000,0.080,0.542,0.378
703500,0.080,0.569,0.352
704000,0.082,0.550,0.368
704500,0.080,0.583,0.337
705000,0.080,0.629,0.291
705500,0.080,0.635,0.285
706000,0.080,0.576,0.345
706500,0.080,0.603,0.318
707000,0.080,0.606,0.315
707500,0.080,0.581,0.339
708000,0.080,0.578,0.342
708500,0.080,0.581,0.340
709000,0.082,0.565,0.354
709500,0.081,0.584,0.336
710000,0.080,0.589,0.332
710500,0.080,0.553,0.367
711000,0.080,0.562,0.358
711500,0.080,0.584,0.337
712000,0.082,0.642,0.276
712500,0.081,0.603,0.317
713000,0.080,0.593,0.328
713500,0.080,0.621,0.299
714000,0.080,0.612,0.308
714500,0.080,0.615,0.305
715000,0.080,0.568,0.352
715500,0.080,0.589,0.331
716000,0.080,0.622,0.298
716500,0.080,0.565,0.356
717000,0.080,0.611,0.309
717500,0.082,0.585,0.334
718000,0.080,0.602,0.318
718500,0.080,0.574,0.346
719000,0.080,0.611,0.309
719500,0.080,0.590,0.331
720000,0.080,0.588,0.333
720500,0.080,0.592,0.328
721000,0.080,0.611,0.309
721500,0.084,0.620,0.296
722000,0.081,0.590,0.330
722500,0.080,0.661,0.259
723000,0.080,0.620,0.300
723500,0.080,0.621,0.299
724000,0.080,0.612,0.308
724500,0.080,0.677,0.243
725000,0.080,0.668,0.252
725500,0.080,0.664,0.256
726000,0.080,0.637,0.283
726500,0.080,0.620,0.300
727000,0.080,0.617,0.303
727500,0.080,0.584,0.336
728000,0.080,0.534,0.386
728500,0.080,0.564,0.356
729000,0.083,0.561,0.356
729500,0.081,0.576,0.344
730000,0.080,0.584,0.336
730500,0.080,0.545,0.375
731000,0.080,0.554,0.366
731500,0.080,0.524,0.396
732000,0.080,0.547,0.373
732500,0.080,0.561,0.359
733000,0.083,0.532,0.385
733500,0.080,0.598,0.322
734000,0.080,0.606,0.314
734500,0.080,0.640,0.280
735000,0.080,0.649,0.271
735500,0.080,0.647,0.273
736000,0.080,0.619,0.301
736500,0.080,0.631,0.289
737000,0.080,0.612,0.308
737500,0.080,0.608,0.312
738000,0.080,0.546,0.374
738500,0.080,0.578,0.343
739000,0.080,0.547,0.373
739500,0.080,0.571,0.350
740000,0.080,0.540,0.380
740500,0.083,0.575,0.342
741000,0.081,0.574,0.346
741500,0.080,0.597,0.323
742000,0.080,0.564,0.357
742500,0.080,0.554,0.366
743000,0.080,0.608,0.312
743500,0.080,0.589,0.331
744000,0.080,0.621,0.299
744500,0.080,0.637,0.283
745000,0.080,0.603,0.318
745500,0.080,0.580,0.340
746000,0.080,0.593,0.327
746500,0.080,0.589,0.331
747000,0.080,0.614,0.306
747500,0.080,0.601,0.320
748000,0.080,0.580,0.341
748500,0.080,0.566,0.355
749000,0.080,0.597,0.323
749500,0.080,0.657,0.263
750000,0.080,0.588,0.333
750500,0.080,0.599,0.321
751000,0.080,0.594,0.327
751500,0.080,0.612,0.308
752000,0.083,0.617,0.300
752500,0.081,0.575,0.345
753000,0.080,0.585,0.335
753500,0.080,0.606,0.314
754000,0.080,0.616,0.304
754500,0.080,0.642,0.278
755000,0.080,0.605,0.316
755500,0.080,0.617,0.303
756000,0.080,0.554,0.366
756500,0.080,0.553,0.367
757000,0.080,0.606,0.314
757500,0.080,0.609,0.311
758000,0.080,0.588,0.333
758500,0.080,0.576,0.345
759000,0.080,0.599,0.321
759500,0.080,0.642,0.278
760000,0.080,0.608,0.312
760500,0.080,0.600,0.320
761000,0.080,0.629,0.291
761500,0.080,0.608,0.312
762000,0.080,0.595,0.326
762500,0.080,0.586,0.335
763000,0.080,0.548,0.372
763500,0.084,0.620,0.296
764000,0.081,0.667,0.252
764500,0.081,0.620,0.300
765000,0.080,0.590,0.331
765500,0.080,0.582,0.339
766000,0.080,0.602,0.319
766500,0.080,0.590,0.331
767000,0.080,0.625,0.295
767500,0.080,0.593,0.327
768000,0.080,0.529,0.391
768500,0.080,0.562,0.358
769000,0.081,0.570,0.350
769500,0.080,0.561,0.359
770000,0.080,0.569,0.351
770500,0.080,0.593,0.328
771000,0.080,0.575,0.346
771500,0.080,0.614,0.306
772000,0.080,0.622,0.298
772500,0.080,0.617,0.303
773000,0.080,0.685,0.235
773500,0.080,0.679,0.241
774000,0.080,0.631,0.289
774500,0.080,0.623,0.297
775000,0.080,0.653,0.267
775500,0.080,0.653,0.267
776000,0.080,0.601,0.319
776500,0.081,0.578,0.342
777000,0.080,0.595,0.326
777500,0.082,0.568,0.351
778000,0.080,0.617,0.303
778500,0.080,0.574,0.347
779000,0.080,0.574,0.346
779500,0.080,0.546,0.374
780000,0.080,0.589,0.331
780500,0.080,0.603,0.318
781000,0.080,0.575,0.345
781500,0.080,0.553,0.367
782000,0.083,0.549,0.368
782500,0.083,0.519,0.398
783000,0.084,0.551,0.365
783500,0.081,0.565,0.354
784000,0.080,0.543,0.377
784500,0.082,0.523,0.395
785000,0.081,0.530,0.389
785500,0.081,0.543,0.376
786000,0.080,0.583,0.337
786500,0.080,0.617,0.303
787000,0.080,0.605,0.316
787500,0.082,0.655,0.263
788000,0.080,0.601,0.319
788500,0.080,0.623,0.297
789000,0.080,0.643,0.277
789500,0.080,0.604,0.316
790000,0.080,0.563,0.357
790500,0.081,0.550,0.369
791000,0.082,0.540,0.378
791500,0.081,0.555,0.364
792000,0.081,0.599,0.321
792500,0.080,0.624,0.296
793000,0.080,0.628,0.292
793500,0.080,0.612,0.308
794000,0.080,0.597,0.324
794500,0.080,0.588,0.333
795000,0.080,0.563,0.357
795500,0.080,0.553,0.367
796000,0.080,0.527,0.393
796500,0.080,0.615,0.305
797000,0.080,0.588,0.332
797500,0.080,0.529,0.391
798000,0.081,0.573,0.347
798500,0.080,0.604,0.317
799000,0.080,0.638,0.282
799500,0.080,0.617,0.303
800000,0.080,0.592,0.328
800500,0.080,0.619,0.301
801000,0.080,0.610,0.310
801500,0.080,0.623,0.297
802000,0.080,0.600,0.320
802500,0.080,0.637,0.283
803000,0.080,0.621,0.299
803500,0.080,0.558,0.362
804000,0.080,0.522,0.398
804500,0.083,0.552,0.365
805000,0.081,0.550,0.369
805500,0.081,0.587,0.333
806000,0.080,0.587,0.333
806500,0.080,0.610,0.310
807000,0.080,0.660,0.260
807500,0.080,0.647,0.273
808000,0.080,0.605,0.315
808500,0.080,0.592,0.329
809000,0.080,0.621,0.299
809500,0.080,0.605,0.315
810000,0.080,0.610,0.310
810500,0.080,0.585,0.335
811000,0.080,0.593,0.327
811500,0.080,0.636,0.284
812000,0.080,0.561,0.359
812500,0.080,0.592,0.329
813000,0.080,0.568,0.352
813500,0.080,0.574,0.347
814000,0.080,0.531,0.389
814500,0.081,0.511,0.408
815000,0.080,0.546,0.374
815500,0.080,0.540,0.380
816000,0.080,0.596,0.324
816500,0.080,0.555,0.365
817000,0.080,0.550,0.370
817500,0.080,0.559,0.361
818000,0.080,0.538,0.382
818500,0.083,0.560,0.357
819000,0.081,0.544,0.375
819500,0.081,0.535,0.384
820000,0.080,0.582,0.338
820500,0.080,0.605,0.316
821000,0.080,0.578,0.343
821500,0.080,0.584,0.336
822000,0.080,0.595,0.326
822500,0.080,0.561,0.359
823000,0.080,0.546,0.374
823500,0.080,0.562,0.358
824000,0.080,0.555,0.365
824500,0.080,0.577,0.343
825000,0.080,0.618,0.302
825500,0.080,0.601,0.320
826000,0.080,0.658,0.262
826500,0.080,0.624,0.296
827000,0.080,0.618,0.302
827500,0.080,0.637,0.283
828000,0.080,0.626,0.294
828500,0.080,0.581,0.340
829000,0.080,0.605,0.315
829500,0.080,0.633,0.287
830000,0.080,0.585,0.336
830500,0.080,0.594,0.327
831000,0.080,0.532,0.388
831500,0.080,0.566,0.354
832000,0.080,0.620,0.300
832500,0.080,0.604,0.316
833000,0.080,0.572,0.349
833500,0.080,0.567,0.353
834000,0.080,0.597,0.324
834500,0.080,0.577,0.343
835000,0.080,0.609,0.311
835500,0.080,0.603,0.317
836000,0.080,0.594,0.327
836500,0.080,0.620,0.300
837000,0.080,0.580,0.341
837500,0.084,0.595,0.321
838000,0.082,0.596,0.322
838500,0.080,0.613,0.307
839000,0.080,0.592,0.329
839500,0.080,0.633,0.287
840000,0.080,0.609,0.311
840500,0.080,0.554,0.366
841000,0.080,0.582,0.338
841500,0.082,0.555,0.363
842000,0.081,0.567,0.353
842500,0.081,0.559,0.360
843000,0.081,0.551,0.368
843500,0.083,0.524,0.393
844000,0.081,0.543,0.376
844500,0.081,0.612,0.307
845000,0.080,0.603,0.317
845500,0.080,0.592,0.329
846000,0.080,0.567,0.353
846500,0.080,0.605,0.316
847000,0.080,0.628,0.292
847500,0.080,0.604,0.316
848000,0.080,0.605,0.315
848500,0.080,0.601,0.319
849000,0.080,0.576,0.345
849500,0.080,0.597,0.324
850000,0.081,0.545,0.374
850500,0.083,0.537,0.380
851000,0.082,0.550,0.368
851500,0.081,0.579,0.341
852000,0.082,0.578,0.340
852500,0.081,0.618,0.301
853000,0.080,0.610,0.310
853500,0.080,0.635,0.285
854000,0.080,0.572,0.348
854500,0.080,0.578,0.343
855000,0.080,0.592,0.329
855500,0.080,0.560,0.360
856000,0.080,0.575,0.345
856500,0.080,0.590,0.330
857000,0.080,0.568,0.353
857500,0.084,0.573,0.344
858000,0.081,0.590,0.330
858500,0.080,0.591,0.330
859000,0.080,0.633,0.287
859500,0.080,0.622,0.298
860000,0.080,0.599,0.321
860500,0.080,0.656,0.264
861000,0.080,0.615,0.305
861500,0.080,0.590,0.330
862000,0.080,0.615,0.305
862500,0.080,0.567,0.353
863000,0.080,0.612,0.308
863500,0.080,0.610,0.310
864000,0.080,0.592,0.328
864500,0.080,0.582,0.339
865000,0.080,0.564,0.357
865500,0.083,0.585,0.333
866000,0.080,0.540,0.380
866500,0.080,0.549,0.371
867000,0.083,0.597,0.321
867500,0.080,0.601,0.320
868000,0.080,0.588,0.332
868500,0.080,0.586,0.334
869000,0.081,0.512,0.407
869500,0.083,0.562,0.355
870000,0.081,0.587,0.333
870500,0.080,0.585,0.335
871000,0.080,0.628,0.292
871500,0.080,0.620,0.300
872000,0.080,0.602,0.319
872500,0.080,0.617,0.303
873000,0.080,0.579,0.341
873500,0.080,0.620,0.300
874000,0.080,0.596,0.325
874500,0.080,0.633,0.287
875000,0.080,0.645,0.275
875500,0.080,0.589,0.331
876000,0.080,0.578,0.342
876500,0.080,0.591,0.330
877000,0.080,0.580,0.340
877500,0.080,0.523,0.397
878000,0.080,0.509,0.411
878500,0.082,0.537,0.381
879000,0.081,0.567,0.353
879500,0.080,0.528,0.392
880000,0.084,0.539,0.377
880500,0.081,0.574,0.345
881000,0.080,0.562,0.358
881500,0.080,0.566,0.354
882000,0.083,0.553,0.364
882500,0.080,0.571,0.349
883000,0.080,0.564,0.357
883500,0.080,0.519,0.401
884000,0.083,0.520,0.397
884500,0.081,0.561,0.358
885000,0.080,0.549,0.371
885500,0.083,0.565,0.353
886000,0.083,0.548,0.369
886500,0.085,0.554,0.361
887000,0.080,0.577,0.344
887500,0.080,0.529,0.391
888000,0.080,0.571,0.350
888500,0.080,0.625,0.295
889000,0.080,0.589,0.332
889500,0.080,0.577,0.343
890000,0.080,0.601,0.319
890500,0.080,0.653,0.267
891000,0.080,0.618,0.302
891500,0.080,0.630,0.290
892000,0.080,0.590,0.330
892500,0.080,0.603,0.317
893000,0.080,0.619,0.301
893500,0.080,0.619,0.301
894000,0.084,0.625,0.291
894500,0.080,0.609,0.311
895000,0.083,0.608,0.309
895500,0.081,0.575,0.345
896000,0.083,0.579,0.339
896500,0.081,0.569,0.351
897000,0.080,0.649,0.271
897500,0.080,0.630,0.290
898000,0.080,0.536,0.384
898500,0.080,0.599,0.321
899000,0.080,0.555,0.365
899500,0.080,0.613,0.307
900000,0.080,0.643,0.277
900500,0.080,0.603,0.318
901000,0.082,0.599,0.319
901500,0.080,0.605,0.316
902000,0.080,0.617,0.303
902500,0.080,0.638,0.282
903000,0.080,0.622,0.298
903500,0.080,0.638,0.282
904000,0.080,0.650,0.270
904500,0.080,0.638,0.282
905000,0.080,0.638,0.282
905500,0.080,0.631,0.289
906000,0.080,0.605,0.316
906500,0.080,0.617,0.303
907000,0.080,0.599,0.322
907500,0.080,0.609,0.311
908000,0.080,0.620,0.300
908500,0.080,0.596,0.324
909000,0.080,0.576,0.345
909500,0.080,0.631,0.289
910000,0.080,0.552,0.368
910500,0.080,0.548,0.372
911000,0.080,0.551,0.369
911500,0.080,0.567,0.354
912000,0.080,0.592,0.328
912500,0.080,0.585,0.336
913000,0.080,0.605,0.316
913500,0.080,0.549,0.371
914000,0.080,0.630,0.290
914500,0.080,0.585,0.336
915000,0.080,0.566,0.354
915500,0.080,0.603,0.318
916000,0.080,0.607,0.313
916500,0.080,0.558,0.362
917000,0.080,0.611,0.309
917500,0.080,0.601,0.320
918000,0.080,0.611,0.309
918500,0.080,0.562,0.358
919000,0.080,0.576,0.344
919500,0.080,0.582,0.338
920000,0.080,0.511,0.409
920500,0.080,0.521,0.399
921000,0.080,0.546,0.374
921500,0.080,0.552,0.368
922000,0.080,0.588,0.333
922500,0.080,0.575,0.345
923000,0.080,0.540,0.380
923500,0.080,0.583,0.337
924000,0.080,0.602,0.319
924500,0.080,0.571,0.349
925000,0.080,0.602,0.319
925500,0.080,0.618,0.302
926000,0.080,0.642,0.278
926500,0.082,0.555,0.363
927000,0.080,0.586,0.335
927500,0.080,0.573,0.348
928000,0.080,0.579,0.342
928500,0.080,0.571,0.350
929000,0.080,0.559,0.361
929500,0.081,0.537,0.382
930000,0.080,0.564,0.356
930500,0.080,0.578,0.343
931000,0.080,0.608,0.312
931500,0.080,0.601,0.319
932000,0.080,0.601,0.320
932500,0.080,0.585,0.336
933000,0.080,0.548,0.372
933500,0.080,0.562,0.358
934000,0.082,0.630,0.288
934500,0.080,0.616,0.304
935000,0.080,0.607,0.314
935500,0.082,0.547,0.371
936000,0.080,0.520,0.400
936500,0.080,0.554,0.366
937000,0.080,0.512,0.408
937500,0.085,0.533,0.382
938000,0.081,0.528,0.391
938500,0.080,0.594,0.327
939000,0.080,0.577,0.344
939500,0.080,0.598,0.323
940000,0.080,0.633,0.287
940500,0.080,0.620,0.300
941000,0.080,0.637,0.283
941500,0.080,0.620,0.300
942000,0.080,0.593,0.327
942500,0.080,0.572,0.349
943000,0.080,0.590,0.331
943500,0.080,0.571,0.349
944000,0.080,0.549,0.371
944500,0.081,0.548,0.371
945000,0.082,0.568,0.351
945500,0.080,0.593,0.328
946000,0.080,0.642,0.278
946500,0.080,0.641,0.279
947000,0.080,0.655,0.265
947500,0.080,0.642,0.278
948000,0.080,0.660,0.260
948500,0.080,0.673,0.247
949000,0.080,0.660,0.260
949500,0.083,0.633,0.284
950000,0.081,0.615,0.304
950500,0.080,0.603,0.317
951000,0.080,0.621,0.299
951500,0.080,0.600,0.321
952000,0.080,0.596,0.324
952500,0.080,0.616,0.304
953000,0.080,0.659,0.261
953500,0.080,0.612,0.308
954000,0.080,0.644,0.276
954500,0.080,0.631,0.289
955000,0.080,0.600,0.320
955500,0.080,0.580,0.340
956000,0.080,0.594,0.326
956500,0.080,0.606,0.314
957000,0.080,0.627,0.293
957500,0.083,0.618,0.299
958000,0.080,0.592,0.329
958500,0.084,0.517,0.399
959000,0.084,0.510,0.406
959500,0.081,0.595,0.325
960000,0.081,0.560,0.359
960500,0.080,0.509,0.411
961000,0.082,0.557,0.361
961500,0.081,0.639,0.280
962000,0.084,0.624,0.292
962500,0.082,0.659,0.259
963000,0.080,0.645,0.275
963500,0.080,0.629,0.291
964000,0.080,0.583,0.338
964500,0.080,0.636,0.284
965000,0.080,0.679,0.241
965500,0.080,0.638,0.282
966000,0.080,0.620,0.300
966500,0.080,0.599,0.321
967000,0.080,0.623,0.297
967500,0.080,0.611,0.309
968000,0.080,0.635,0.285
968500,0.080,0.623,0.297
969000,0.080,0.615,0.305
969500,0.080,0.631,0.289
970000,0.080,0.605,0.315
970500,0.080,0.592,0.329
971000,0.080,0.616,0.304
971500,0.080,0.627,0.293
972000,0.080,0.621,0.299
972500,0.080,0.611,0.309
973000,0.080,0.607,0.314
973500,0.080,0.644,0.276
974000,0.080,0.617,0.303
974500,0.080,0.635,0.285
975000,0.080,0.637,0.283
975500,0.080,0.571,0.349
976000,0.080,0.579,0.341
976500,0.080,0.568,0.352
977000,0.082,0.555,0.363
977500,0.080,0.551,0.369
978000,0.081,0.538,0.381
978500,0.081,0.583,0.337
979000,0.082,0.610,0.309
979500,0.081,0.650,0.269
980000,0.080,0.604,0.316
980500,0.080,0.678,0.242
981000,0.080,0.622,0.298
981500,0.080,0.602,0.319
982000,0.080,0.596,0.325
982500,0.080,0.611,0.309
983000,0.080,0.615,0.305
983500,0.080,0.642,0.278
984000,0.080,0.628,0.292
984500,0.080,0.547,0.373
985000,0.080,0.546,0.374
985500,0.081,0.561,0.358
986000,0.081,0.588,0.331
986500,0.080,0.566,0.354
987000,0.080,0.553,0.367
987500,0.080,0.618,0.302
988000,0.080,0.622,0.298
988500,0.080,0.577,0.343
989000,0.081,0.549,0.370
989500,0.080,0.561,0.359
990000,0.085,0.562,0.353
990500,0.082,0.549,0.369
991000,0.080,0.530,0.390
991500,0.080,0.599,0.322
992000,0.080,0.615,0.305
992500,0.080,0.620,0.300
993000,0.080,0.625,0.295
993500,0.080,0.601,0.320
994000,0.080,0.559,0.361
994500,0.080,0.539,0.381
995000,0.080,0.531,0.389
995500,0.080,0.611,0.309
996000,0.080,0.610,0.310
996500,0.080,0.654,0.266
997000,0.080,0.625,0.295
997500,0.080,0.653,0.267
998000,0.080,0.625,0.295
998500,0.080,0.580,0.340
999000,0.080,0.576,0.345
999500,0.080,0.559,0.361
1000000,0.080,0.565,0.356
