time,n_A+p,n_B,n_AB
500,0.080,0.782,0.138
1000,0.080,0.594,0.327
1500,0.080,0.432,0.488
2000,0.084,0.336,0.581
2500,0.105,0.247,0.648
3000,0.114,0.215,0.670
3500,0.130,0.151,0.720
4000,0.182,0.108,0.710
4500,0.267,0.052,0.680
5000,0.394,0.026,0.580
5500,0.505,0.006,0.489
6000,0.636,0.001,0.363
6500,0.695,0.000,0.305
7000,0.771,0.000,0.229
7500,0.793,0.000,0.207
8000,0.806,0.000,0.194
8500,0.825,0.000,0.175
9000,0.823,0.000,0.177
9500,0.869,0.000,0.131
10000,0.892,0.000,0.108
10500,0.897,0.000,0.103
11000,0.890,0.000,0.110
11500,0.913,0.000,0.087
12000,0.925,0.000,0.075
12500,0.920,0.000,0.080
13000,0.920,0.000,0.080
13500,0.935,0.000,0.065
14000,0.915,0.000,0.085
14500,0.905,0.000,0.095
15000,0.875,0.000,0.125
15500,0.861,0.000,0.139
16000,0.864,0.000,0.136
16500,0.888,0.000,0.112
17000,0.933,0.000,0.067
17500,0.928,0.000,0.072
18000,0.937,0.000,0.063
18500,0.957,0.000,0.043
19000,0.952,0.000,0.048
19500,0.971,0.000,0.029
20000,0.970,0.000,0.030
20500,0.975,0.000,0.025
21000,0.979,0.000,0.021
21500,0.986,0.000,0.014
22000,0.996,0.000,0.004
22500,0.999,0.000,0.001
23000,1.000,0.000,0.000
