time,n_A+p,n_B,n_AB
500,0.080,0.752,0.168
1000,0.080,0.508,0.412
1500,0.080,0.363,0.557
2000,0.093,0.341,0.567
2500,0.086,0.272,0.641
3000,0.086,0.276,0.639
3500,0.105,0.258,0.637
4000,0.096,0.237,0.667
4500,0.138,0.159,0.704
5000,0.184,0.113,0.703
5500,0.432,0.036,0.532
6000,0.697,0.004,0.300
6500,0.841,0.000,0.159
7000,0.905,0.000,0.095
7500,0.968,0.000,0.032
8000,0.991,0.000,0.009
8500,0.999,0.000,0.001
9000,1.000,0.000,0.000
