time,n_A+p,n_B,n_AB
500,0.080,0.466,0.454
1000,0.086,0.134,0.781
1500,0.129,0.040,0.832
2000,0.271,0.005,0.724
2500,0.304,0.001,0.695
3000,0.314,0.003,0.683
3500,0.327,0.001,0.673
4000,0.332,0.000,0.668
4500,0.375,0.000,0.625
5000,0.370,0.000,0.629
5500,0.403,0.000,0.597
6000,0.330,0.000,0.670
6500,0.366,0.000,0.634
7000,0.355,0.000,0.645
7500,0.380,0.000,0.620
8000,0.367,0.000,0.633
8500,0.378,0.000,0.623
9000,0.379,0.000,0.621
9500,0.356,0.000,0.643
10000,0.385,0.000,0.615
10500,0.358,0.000,0.642
11000,0.368,0.000,0.632
11500,0.351,0.000,0.649
12000,0.379,0.000,0.621
12500,0.413,0.000,0.587
13000,0.359,0.000,0.641
13500,0.404,0.000,0.596
14000,0.441,0.000,0.559
14500,0.388,0.000,0.612
15000,0.408,0.000,0.592
15500,0.427,0.000,0.573
16000,0.383,0.000,0.617
16500,0.355,0.000,0.645
17000,0.335,0.000,0.665
17500,0.311,0.000,0.689
18000,0.343,0.000,0.657
18500,0.346,0.000,0.654
19000,0.390,0.000,0.611
19500,0.397,0.000,0.603
20000,0.407,0.000,0.593
20500,0.416,0.000,0.584
21000,0.419,0.000,0.581
21500,0.385,0.000,0.615
22000,0.374,0.000,0.626
22500,0.322,0.000,0.678
23000,0.332,0.000,0.668
23500,0.383,0.000,0.617
24000,0.393,0.000,0.607
24500,0.366,0.000,0.634
25000,0.406,0.000,0.595
25500,0.396,0.000,0.605
26000,0.412,0.000,0.588
26500,0.365,0.000,0.635
27000,0.329,0.000,0.671
27500,0.353,0.000,0.647
28000,0.341,0.000,0.659
28500,0.374,0.000,0.626
29000,0.348,0.000,0.652
29500,0.272,0.000,0.728
30000,0.361,0.000,0.639
30500,0.366,0.000,0.633
31000,0.343,0.000,0.657
31500,0.414,0.000,0.586
32000,0.405,0.000,0.595
32500,0.365,0.000,0.635
33000,0.338,0.000,0.662
33500,0.362,0.000,0.638
34000,0.337,0.000,0.663
34500,0.347,0.000,0.653
35000,0.333,0.000,0.667
35500,0.319,0.000,0.681
36000,0.323,0.000,0.677
36500,0.333,0.000,0.667
37000,0.365,0.000,0.635
37500,0.373,0.000,0.627
38000,0.359,0.000,0.641
38500,0.329,0.000,0.671
39000,0.431,0.000,0.569
39500,0.439,0.000,0.561
40000,0.312,0.000,0.688
40500,0.337,0.000,0.663
41000,0.341,0.000,0.659
41500,0.360,0.000,0.639
42000,0.358,0.000,0.642
42500,0.416,0.000,0.584
43000,0.345,0.000,0.655
43500,0.427,0.000,0.573
44000,0.384,0.000,0.616
44500,0.351,0.000,0.649
45000,0.353,0.000,0.647
45500,0.348,0.000,0.652
46000,0.325,0.000,0.675
46500,0.339,0.000,0.661
47000,0.372,0.000,0.628
47500,0.360,0.007,0.633
48000,0.345,0.000,0.655
48500,0.325,0.000,0.675
49000,0.362,0.000,0.638
49500,0.344,0.000,0.656
50000,0.362,0.000,0.637
50500,0.372,0.000,0.627
51000,0.389,0.000,0.611
51500,0.377,0.000,0.623
52000,0.358,0.000,0.641
52500,0.422,0.000,0.578
53000,0.414,0.000,0.586
53500,0.411,0.000,0.589
54000,0.410,0.000,0.590
54500,0.394,0.000,0.606
55000,0.384,0.000,0.617
55500,0.372,0.000,0.627
56000,0.387,0.000,0.613
56500,0.371,0.000,0.629
57000,0.358,0.000,0.642
57500,0.317,0.000,0.683
58000,0.300,0.008,0.692
58500,0.347,0.000,0.653
59000,0.327,0.000,0.673
59500,0.358,0.000,0.641
60000,0.426,0.000,0.574
60500,0.385,0.000,0.615
61000,0.395,0.000,0.605
61500,0.398,0.000,0.602
62000,0.428,0.000,0.572
62500,0.450,0.000,0.550
63000,0.352,0.000,0.648
63500,0.324,0.000,0.676
64000,0.383,0.000,0.617
64500,0.388,0.000,0.613
65000,0.381,0.000,0.619
65500,0.330,0.000,0.670
66000,0.366,0.000,0.634
66500,0.400,0.000,0.600
67000,0.357,0.000,0.643
67500,0.343,0.000,0.657
68000,0.377,0.000,0.623
68500,0.297,0.000,0.703
69000,0.422,0.000,0.578
69500,0.353,0.000,0.647
70000,0.377,0.000,0.623
70500,0.321,0.000,0.679
71000,0.366,0.000,0.634
71500,0.407,0.000,0.593
72000,0.399,0.000,0.601
72500,0.305,0.000,0.695
73000,0.342,0.000,0.658
73500,0.383,0.000,0.617
74000,0.341,0.000,0.659
74500,0.346,0.000,0.653
75000,0.331,0.005,0.664
75500,0.422,0.001,0.578
76000,0.425,0.000,0.575
76500,0.381,0.000,0.619
77000,0.395,0.000,0.605
77500,0.383,0.000,0.617
78000,0.366,0.000,0.633
78500,0.353,0.000,0.647
79000,0.413,0.000,0.587
79500,0.385,0.000,0.615
80000,0.332,0.000,0.668
80500,0.338,0.000,0.662
81000,0.368,0.000,0.632
81500,0.418,0.000,0.582
82000,0.373,0.000,0.627
82500,0.384,0.000,0.616
83000,0.373,0.000,0.627
83500,0.379,0.000,0.621
84000,0.352,0.000,0.647
84500,0.329,0.000,0.671
85000,0.339,0.002,0.659
85500,0.300,0.000,0.700
86000,0.335,0.000,0.665
86500,0.373,0.000,0.627
87000,0.343,0.000,0.657
87500,0.380,0.000,0.620
88000,0.359,0.000,0.641
88500,0.386,0.000,0.614
89000,0.399,0.000,0.601
89500,0.360,0.000,0.640
90000,0.314,0.000,0.686
90500,0.344,0.000,0.656
91000,0.301,0.000,0.699
91500,0.335,0.000,0.665
92000,0.331,0.000,0.669
92500,0.318,0.000,0.682
93000,0.312,0.000,0.688
93500,0.323,0.000,0.677
94000,0.372,0.000,0.628
94500,0.405,0.000,0.595
95000,0.387,0.000,0.613
95500,0.406,0.000,0.594
96000,0.385,0.000,0.615
96500,0.405,0.000,0.595
97000,0.350,0.000,0.649
97500,0.299,0.000,0.701
98000,0.304,0.000,0.696
98500,0.334,0.000,0.666
99000,0.310,0.000,0.690
99500,0.356,0.000,0.643
100000,0.345,0.000,0.655
100500,0.345,0.000,0.655
101000,0.337,0.000,0.663
101500,0.314,0.000,0.686
102000,0.345,0.000,0.655
102500,0.395,0.000,0.605
103000,0.350,0.000,0.650
103500,0.421,0.000,0.579
104000,0.407,0.000,0.593
104500,0.329,0.000,0.671
105000,0.328,0.000,0.672
105500,0.354,0.000,0.646
106000,0.351,0.000,0.649
106500,0.374,0.000,0.625
107000,0.369,0.000,0.631
107500,0.337,0.000,0.663
108000,0.412,0.000,0.588
108500,0.349,0.000,0.651
109000,0.348,0.000,0.652
109500,0.402,0.000,0.598
110000,0.384,0.000,0.617
110500,0.396,0.000,0.604
111000,0.410,0.000,0.590
111500,0.331,0.000,0.669
112000,0.356,0.000,0.643
112500,0.402,0.000,0.599
113000,0.350,0.000,0.649
113500,0.298,0.000,0.702
114000,0.332,0.000,0.668
114500,0.388,0.000,0.612
115000,0.307,0.000,0.693
115500,0.346,0.000,0.653
116000,0.342,0.000,0.658
116500,0.364,0.000,0.635
117000,0.323,0.000,0.677
117500,0.390,0.000,0.610
118000,0.397,0.000,0.603
118500,0.370,0.000,0.629
119000,0.350,0.000,0.650
119500,0.411,0.000,0.589
120000,0.373,0.000,0.627
120500,0.455,0.000,0.545
121000,0.433,0.000,0.567
121500,0.368,0.000,0.631
122000,0.383,0.000,0.617
122500,0.360,0.000,0.640
123000,0.324,0.000,0.676
123500,0.331,0.000,0.669
124000,0.380,0.000,0.620
124500,0.458,0.000,0.542
125000,0.337,0.000,0.663
125500,0.407,0.000,0.593
126000,0.391,0.000,0.609
126500,0.345,0.000,0.655
127000,0.385,0.000,0.615
127500,0.333,0.000,0.667
128000,0.367,0.000,0.633
128500,0.366,0.000,0.634
129000,0.361,0.000,0.639
129500,0.435,0.000,0.565
130000,0.449,0.000,0.551
130500,0.382,0.000,0.618
131000,0.423,0.008,0.569
131500,0.371,0.000,0.629
132000,0.400,0.000,0.600
132500,0.353,0.000,0.647
133000,0.338,0.000,0.662
133500,0.361,0.000,0.639
134000,0.293,0.000,0.707
134500,0.340,0.000,0.660
135000,0.350,0.000,0.649
135500,0.424,0.000,0.576
136000,0.335,0.000,0.665
136500,0.382,0.000,0.618
137000,0.357,0.000,0.643
137500,0.351,0.000,0.649
138000,0.394,0.000,0.607
138500,0.390,0.000,0.610
139000,0.385,0.000,0.615
139500,0.347,0.000,0.653
140000,0.322,0.004,0.675
140500,0.374,0.001,0.626
141000,0.314,0.000,0.686
141500,0.346,0.000,0.653
142000,0.326,0.000,0.674
142500,0.327,0.002,0.671
143000,0.386,0.001,0.614
143500,0.371,0.000,0.629
144000,0.324,0.000,0.676
144500,0.409,0.000,0.591
145000,0.440,0.000,0.560
145500,0.437,0.000,0.563
146000,0.370,0.000,0.629
146500,0.348,0.000,0.651
147000,0.371,0.000,0.629
147500,0.321,0.000,0.679
148000,0.343,0.000,0.657
148500,0.322,0.000,0.678
149000,0.332,0.000,0.668
149500,0.434,0.000,0.566
150000,0.390,0.000,0.611
150500,0.340,0.000,0.660
151000,0.373,0.000,0.627
151500,0.374,0.000,0.625
152000,0.358,0.000,0.641
152500,0.343,0.000,0.657
153000,0.368,0.000,0.632
153500,0.405,0.000,0.595
154000,0.338,0.000,0.662
154500,0.361,0.000,0.639
155000,0.438,0.000,0.562
155500,0.446,0.000,0.554
156000,0.433,0.000,0.567
156500,0.405,0.000,0.595
157000,0.407,0.000,0.593
157500,0.387,0.000,0.613
158000,0.400,0.000,0.601
158500,0.379,0.000,0.621
159000,0.340,0.000,0.660
159500,0.365,0.000,0.635
160000,0.406,0.000,0.594
160500,0.412,0.000,0.588
161000,0.387,0.000,0.613
161500,0.401,0.002,0.598
162000,0.319,0.000,0.681
162500,0.407,0.000,0.593
163000,0.438,0.000,0.562
163500,0.415,0.000,0.585
164000,0.369,0.000,0.631
164500,0.417,0.000,0.583
165000,0.461,0.000,0.539
165500,0.420,0.000,0.580
166000,0.395,0.000,0.605
166500,0.340,0.000,0.660
167000,0.378,0.000,0.623
167500,0.361,0.000,0.639
168000,0.385,0.000,0.615
168500,0.393,0.000,0.607
169000,0.382,0.000,0.619
169500,0.431,0.000,0.569
170000,0.439,0.000,0.561
170500,0.365,0.000,0.635
171000,0.366,0.000,0.634
171500,0.391,0.000,0.609
172000,0.417,0.000,0.583
172500,0.356,0.000,0.643
173000,0.421,0.000,0.579
173500,0.345,0.000,0.655
174000,0.294,0.000,0.706
174500,0.325,0.000,0.675
175000,0.354,0.000,0.646
175500,0.407,0.000,0.593
176000,0.361,0.000,0.639
176500,0.375,0.000,0.625
177000,0.365,0.000,0.635
177500,0.386,0.000,0.615
178000,0.424,0.000,0.576
178500,0.359,0.000,0.641
179000,0.404,0.000,0.597
179500,0.414,0.000,0.586
180000,0.362,0.000,0.638
180500,0.388,0.000,0.612
181000,0.417,0.000,0.583
181500,0.433,0.000,0.567
182000,0.459,0.000,0.541
182500,0.444,0.000,0.556
183000,0.399,0.000,0.601
183500,0.358,0.000,0.642
184000,0.477,0.000,0.522
184500,0.351,0.000,0.649
185000,0.372,0.000,0.628
185500,0.319,0.000,0.681
186000,0.427,0.000,0.573
186500,0.415,0.000,0.585
187000,0.441,0.000,0.559
187500,0.384,0.000,0.617
188000,0.280,0.000,0.720
188500,0.349,0.000,0.651
189000,0.410,0.000,0.590
189500,0.476,0.000,0.524
190000,0.516,0.000,0.484
190500,0.372,0.000,0.628
191000,0.298,0.000,0.702
191500,0.363,0.000,0.637
192000,0.319,0.000,0.681
192500,0.353,0.000,0.647
193000,0.312,0.000,0.688
193500,0.337,0.003,0.661
194000,0.339,0.000,0.661
194500,0.312,0.000,0.688
195000,0.387,0.000,0.613
195500,0.382,0.000,0.619
196000,0.378,0.000,0.622
196500,0.421,0.000,0.579
197000,0.347,0.000,0.653
197500,0.386,0.000,0.614
198000,0.345,0.000,0.655
198500,0.405,0.000,0.595
199000,0.358,0.000,0.641
199500,0.389,0.000,0.611
200000,0.325,0.000,0.675
200500,0.356,0.000,0.643
201000,0.421,0.000,0.579
201500,0.349,0.000,0.651
202000,0.342,0.000,0.658
202500,0.376,0.000,0.624
203000,0.379,0.000,0.621
203500,0.359,0.000,0.641
204000,0.421,0.000,0.579
204500,0.342,0.000,0.658
205000,0.343,0.000,0.657
205500,0.320,0.000,0.680
206000,0.339,0.001,0.660
206500,0.394,0.001,0.606
207000,0.448,0.000,0.552
207500,0.385,0.000,0.615
208000,0.366,0.000,0.633
208500,0.372,0.000,0.627
209000,0.365,0.000,0.635
209500,0.340,0.000,0.660
210000,0.297,0.000,0.703
210500,0.345,0.000,0.655
211000,0.401,0.000,0.599
211500,0.333,0.000,0.667
212000,0.415,0.000,0.585
212500,0.409,0.000,0.591
213000,0.373,0.000,0.627
213500,0.388,0.000,0.612
214000,0.384,0.000,0.617
214500,0.417,0.000,0.583
215000,0.412,0.000,0.588
215500,0.385,0.000,0.615
216000,0.364,0.000,0.636
216500,0.402,0.000,0.599
217000,0.312,0.000,0.688
217500,0.367,0.000,0.633
218000,0.441,0.000,0.559
218500,0.395,0.000,0.605
219000,0.431,0.000,0.569
219500,0.381,0.000,0.619
220000,0.384,0.000,0.616
220500,0.384,0.000,0.616
221000,0.365,0.000,0.635
221500,0.394,0.000,0.607
222000,0.460,0.000,0.540
222500,0.408,0.000,0.592
223000,0.351,0.000,0.649
223500,0.364,0.000,0.635
224000,0.425,0.000,0.575
224500,0.414,0.000,0.586
225000,0.432,0.000,0.568
225500,0.385,0.000,0.615
226000,0.411,0.000,0.589
226500,0.355,0.000,0.645
227000,0.370,0.000,0.630
227500,0.419,0.000,0.581
228000,0.361,0.000,0.639
228500,0.381,0.000,0.619
229000,0.350,0.000,0.650
229500,0.403,0.000,0.597
230000,0.411,0.000,0.589
230500,0.436,0.000,0.564
231000,0.389,0.000,0.611
231500,0.406,0.000,0.594
232000,0.341,0.000,0.659
232500,0.375,0.000,0.625
233000,0.397,0.000,0.603
233500,0.351,0.000,0.649
234000,0.372,0.000,0.628
234500,0.345,0.000,0.655
235000,0.348,0.000,0.652
235500,0.299,0.004,0.697
236000,0.350,0.001,0.649
236500,0.344,0.000,0.655
237000,0.329,0.000,0.671
237500,0.378,0.000,0.622
238000,0.351,0.000,0.649
238500,0.324,0.000,0.676
239000,0.352,0.000,0.648
239500,0.391,0.000,0.609
240000,0.362,0.000,0.638
240500,0.387,0.000,0.613
241000,0.378,0.000,0.623
241500,0.399,0.000,0.601
242000,0.433,0.000,0.567
242500,0.426,0.000,0.574
243000,0.427,0.000,0.573
243500,0.351,0.000,0.649
244000,0.391,0.000,0.609
244500,0.355,0.000,0.645
245000,0.332,0.000,0.668
245500,0.364,0.000,0.636
246000,0.353,0.000,0.647
246500,0.459,0.000,0.541
247000,0.452,0.000,0.548
247500,0.406,0.000,0.594
248000,0.344,0.000,0.656
248500,0.372,0.001,0.626
249000,0.441,0.000,0.559
249500,0.394,0.000,0.607
250000,0.348,0.000,0.652
250500,0.404,0.000,0.596
251000,0.345,0.000,0.655
251500,0.344,0.000,0.656
252000,0.366,0.000,0.634
252500,0.384,0.000,0.616
253000,0.406,0.000,0.594
253500,0.388,0.000,0.613
254000,0.404,0.000,0.596
254500,0.331,0.000,0.669
255000,0.299,0.000,0.701
255500,0.304,0.000,0.696
256000,0.373,0.000,0.627
256500,0.282,0.004,0.715
257000,0.331,0.000,0.669
257500,0.368,0.000,0.632
258000,0.334,0.000,0.666
258500,0.333,0.000,0.667
259000,0.327,0.000,0.673
259500,0.378,0.000,0.622
260000,0.381,0.000,0.619
260500,0.338,0.000,0.662
261000,0.356,0.000,0.643
261500,0.407,0.000,0.593
262000,0.390,0.000,0.610
262500,0.340,0.000,0.660
263000,0.399,0.000,0.601
263500,0.359,0.000,0.641
264000,0.403,0.000,0.597
264500,0.381,0.000,0.619
265000,0.339,0.000,0.661
265500,0.310,0.000,0.690
266000,0.361,0.000,0.639
266500,0.328,0.000,0.672
267000,0.389,0.000,0.611
267500,0.330,0.000,0.670
268000,0.398,0.000,0.602
268500,0.297,0.000,0.703
269000,0.356,0.000,0.643
269500,0.349,0.000,0.651
270000,0.359,0.000,0.641
270500,0.377,0.000,0.623
271000,0.310,0.000,0.690
271500,0.368,0.000,0.631
272000,0.345,0.000,0.655
272500,0.349,0.000,0.651
273000,0.359,0.000,0.641
273500,0.393,0.000,0.607
274000,0.346,0.000,0.654
274500,0.359,0.000,0.641
275000,0.414,0.000,0.586
275500,0.346,0.000,0.654
276000,0.336,0.000,0.664
276500,0.427,0.000,0.573
277000,0.437,0.000,0.563
277500,0.398,0.000,0.603
278000,0.413,0.000,0.587
278500,0.368,0.000,0.631
279000,0.352,0.000,0.648
279500,0.316,0.000,0.684
280000,0.351,0.000,0.649
280500,0.271,0.000,0.729
281000,0.380,0.000,0.621
281500,0.372,0.000,0.628
282000,0.371,0.000,0.629
282500,0.317,0.000,0.683
283000,0.328,0.000,0.672
283500,0.337,0.000,0.663
284000,0.403,0.000,0.597
284500,0.375,0.000,0.625
285000,0.389,0.000,0.611
285500,0.390,0.000,0.611
286000,0.438,0.000,0.562
286500,0.440,0.000,0.560
287000,0.439,0.000,0.561
287500,0.414,0.000,0.586
288000,0.377,0.000,0.623
288500,0.383,0.000,0.617
289000,0.432,0.000,0.568
289500,0.382,0.000,0.618
290000,0.379,0.000,0.621
290500,0.344,0.000,0.656
291000,0.371,0.000,0.629
291500,0.337,0.000,0.663
292000,0.352,0.000,0.648
292500,0.332,0.000,0.668
293000,0.370,0.000,0.629
293500,0.339,0.000,0.661
294000,0.341,0.000,0.659
294500,0.371,0.000,0.629
295000,0.396,0.000,0.605
295500,0.404,0.000,0.597
296000,0.365,0.000,0.635
296500,0.304,0.000,0.696
297000,0.333,0.003,0.665
297500,0.358,0.000,0.641
298000,0.406,0.000,0.595
298500,0.364,0.000,0.635
299000,0.340,0.000,0.660
299500,0.356,0.000,0.644
300000,0.248,0.000,0.752
300500,0.355,0.000,0.645
301000,0.404,0.000,0.597
301500,0.392,0.000,0.608
302000,0.325,0.000,0.675
302500,0.351,0.000,0.649
303000,0.472,0.000,0.528
303500,0.403,0.000,0.597
304000,0.353,0.000,0.647
304500,0.311,0.000,0.689
305000,0.366,0.000,0.633
305500,0.375,0.000,0.625
306000,0.300,0.000,0.700
306500,0.412,0.000,0.588
307000,0.401,0.000,0.599
307500,0.406,0.000,0.595
308000,0.403,0.000,0.597
308500,0.320,0.000,0.680
309000,0.395,0.000,0.605
309500,0.395,0.000,0.605
310000,0.400,0.000,0.601
310500,0.306,0.000,0.694
311000,0.340,0.000,0.660
311500,0.299,0.000,0.701
312000,0.350,0.000,0.649
312500,0.375,0.000,0.625
313000,0.352,0.000,0.648
313500,0.411,0.000,0.589
314000,0.377,0.000,0.623
314500,0.347,0.000,0.653
315000,0.308,0.000,0.692
315500,0.352,0.000,0.648
316000,0.328,0.000,0.672
316500,0.342,0.000,0.658
317000,0.413,0.000,0.587
317500,0.438,0.000,0.562
318000,0.413,0.000,0.587
318500,0.358,0.000,0.641
319000,0.406,0.000,0.594
319500,0.372,0.000,0.627
320000,0.342,0.000,0.658
320500,0.338,0.000,0.662
321000,0.385,0.000,0.615
321500,0.361,0.000,0.639
322000,0.408,0.000,0.592
322500,0.346,0.000,0.653
323000,0.379,0.000,0.621
323500,0.399,0.000,0.601
324000,0.421,0.000,0.579
324500,0.412,0.000,0.588
325000,0.344,0.000,0.656
325500,0.358,0.000,0.642
326000,0.344,0.000,0.656
326500,0.312,0.000,0.688
327000,0.407,0.000,0.593
327500,0.396,0.000,0.604
328000,0.384,0.000,0.616
328500,0.348,0.000,0.652
329000,0.341,0.000,0.659
329500,0.409,0.000,0.591
330000,0.426,0.000,0.574
330500,0.357,0.000,0.643
331000,0.311,0.000,0.689
331500,0.389,0.000,0.611
332000,0.327,0.000,0.673
332500,0.386,0.000,0.614
333000,0.425,0.000,0.575
333500,0.414,0.000,0.586
334000,0.391,0.000,0.609
334500,0.388,0.000,0.613
335000,0.459,0.000,0.541
335500,0.439,0.000,0.561
336000,0.355,0.000,0.645
336500,0.371,0.000,0.629
337000,0.311,0.000,0.689
337500,0.344,0.000,0.655
338000,0.447,0.000,0.553
338500,0.467,0.000,0.533
339000,0.460,0.000,0.540
339500,0.372,0.000,0.628
340000,0.416,0.000,0.584
340500,0.364,0.000,0.636
341000,0.389,0.000,0.611
341500,0.371,0.000,0.629
342000,0.385,0.000,0.615
342500,0.349,0.000,0.651
343000,0.371,0.000,0.629
343500,0.291,0.000,0.709
344000,0.297,0.000,0.703
344500,0.303,0.001,0.696
345000,0.349,0.000,0.651
345500,0.382,0.000,0.618
346000,0.384,0.000,0.617
346500,0.338,0.000,0.662
347000,0.324,0.000,0.676
347500,0.373,0.000,0.627
348000,0.390,0.000,0.610
348500,0.394,0.000,0.607
349000,0.393,0.000,0.607
349500,0.370,0.000,0.630
350000,0.364,0.000,0.636
350500,0.342,0.000,0.658
351000,0.383,0.000,0.617
351500,0.319,0.000,0.681
352000,0.353,0.000,0.647
352500,0.322,0.000,0.678
353000,0.351,0.000,0.649
353500,0.331,0.000,0.669
354000,0.367,0.000,0.633
354500,0.338,0.000,0.662
355000,0.329,0.000,0.671
355500,0.374,0.000,0.626
356000,0.380,0.000,0.621
356500,0.365,0.000,0.635
357000,0.328,0.003,0.669
357500,0.299,0.001,0.700
358000,0.318,0.000,0.682
358500,0.347,0.000,0.653
359000,0.397,0.000,0.603
359500,0.344,0.000,0.655
360000,0.338,0.000,0.662
360500,0.346,0.000,0.653
361000,0.443,0.000,0.557
361500,0.465,0.000,0.535
362000,0.361,0.000,0.639
362500,0.357,0.000,0.643
363000,0.339,0.000,0.661
363500,0.414,0.000,0.586
364000,0.415,0.000,0.585
364500,0.420,0.000,0.580
365000,0.450,0.000,0.550
365500,0.436,0.000,0.564
366000,0.371,0.000,0.629
366500,0.252,0.000,0.748
367000,0.300,0.000,0.700
367500,0.328,0.000,0.672
368000,0.303,0.000,0.697
368500,0.312,0.000,0.688
369000,0.366,0.000,0.634
369500,0.371,0.000,0.629
370000,0.368,0.000,0.632
370500,0.323,0.000,0.677
371000,0.360,0.000,0.639
371500,0.353,0.000,0.647
372000,0.342,0.000,0.658
372500,0.381,0.000,0.619
373000,0.424,0.000,0.576
373500,0.373,0.000,0.627
374000,0.386,0.000,0.614
374500,0.308,0.000,0.692
375000,0.325,0.000,0.675
375500,0.371,0.000,0.629
376000,0.407,0.000,0.593
376500,0.382,0.000,0.618
377000,0.434,0.000,0.566
377500,0.425,0.000,0.575
378000,0.324,0.000,0.676
378500,0.290,0.000,0.710
379000,0.383,0.000,0.617
379500,0.393,0.000,0.607
380000,0.372,0.000,0.628
380500,0.336,0.000,0.664
381000,0.341,0.000,0.659
381500,0.342,0.000,0.658
382000,0.384,0.000,0.616
382500,0.391,0.000,0.609
383000,0.396,0.000,0.605
383500,0.338,0.000,0.662
384000,0.419,0.000,0.581
384500,0.406,0.000,0.594
385000,0.388,0.000,0.612
385500,0.386,0.000,0.614
386000,0.332,0.000,0.668
386500,0.398,0.000,0.603
387000,0.346,0.000,0.653
387500,0.420,0.000,0.580
388000,0.420,0.000,0.580
388500,0.422,0.000,0.578
389000,0.398,0.000,0.603
389500,0.359,0.000,0.641
390000,0.326,0.000,0.674
390500,0.345,0.000,0.655
391000,0.439,0.000,0.561
391500,0.424,0.000,0.576
392000,0.425,0.000,0.575
392500,0.326,0.000,0.674
393000,0.389,0.000,0.611
393500,0.408,0.000,0.592
394000,0.409,0.000,0.591
394500,0.378,0.000,0.622
395000,0.364,0.000,0.635
395500,0.387,0.000,0.613
396000,0.350,0.000,0.650
396500,0.437,0.000,0.563
397000,0.388,0.000,0.613
397500,0.435,0.000,0.565
398000,0.334,0.001,0.665
398500,0.314,0.004,0.682
399000,0.362,0.000,0.637
399500,0.366,0.000,0.633
400000,0.392,0.000,0.609
400500,0.411,0.000,0.589
401000,0.405,0.000,0.595
401500,0.440,0.000,0.560
402000,0.359,0.000,0.641
402500,0.314,0.000,0.686
403000,0.389,0.000,0.611
403500,0.394,0.000,0.606
404000,0.418,0.000,0.582
404500,0.385,0.000,0.615
405000,0.326,0.000,0.674
405500,0.346,0.000,0.653
406000,0.388,0.000,0.612
406500,0.359,0.000,0.641
407000,0.369,0.000,0.631
407500,0.378,0.000,0.623
408000,0.352,0.000,0.647
408500,0.304,0.000,0.696
409000,0.367,0.000,0.633
409500,0.452,0.000,0.548
410000,0.401,0.000,0.599
410500,0.319,0.000,0.681
411000,0.344,0.000,0.655
411500,0.388,0.000,0.613
412000,0.369,0.000,0.631
412500,0.275,0.000,0.726
413000,0.281,0.000,0.719
413500,0.361,0.000,0.639
414000,0.414,0.000,0.586
414500,0.469,0.000,0.531
415000,0.435,0.000,0.565
415500,0.414,0.000,0.586
416000,0.395,0.000,0.605
416500,0.331,0.000,0.669
417000,0.357,0.000,0.643
417500,0.377,0.000,0.623
418000,0.337,0.000,0.663
418500,0.341,0.000,0.659
419000,0.365,0.000,0.635
419500,0.406,0.000,0.595
420000,0.414,0.000,0.586
420500,0.452,0.000,0.548
421000,0.428,0.000,0.572
421500,0.393,0.000,0.607
422000,0.426,0.000,0.574
422500,0.378,0.000,0.622
423000,0.366,0.000,0.633
423500,0.390,0.000,0.611
424000,0.392,0.000,0.609
424500,0.353,0.000,0.647
425000,0.373,0.000,0.627
425500,0.326,0.000,0.674
426000,0.327,0.000,0.673
426500,0.378,0.000,0.623
427000,0.377,0.000,0.623
427500,0.391,0.000,0.609
428000,0.432,0.000,0.568
428500,0.449,0.000,0.551
429000,0.372,0.000,0.628
429500,0.380,0.000,0.620
430000,0.368,0.000,0.631
430500,0.343,0.000,0.657
431000,0.379,0.000,0.621
431500,0.370,0.000,0.629
432000,0.351,0.000,0.649
432500,0.436,0.000,0.564
433000,0.342,0.000,0.658
433500,0.334,0.000,0.666
434000,0.363,0.000,0.637
434500,0.292,0.000,0.708
435000,0.297,0.000,0.703
435500,0.316,0.000,0.684
436000,0.391,0.000,0.609
436500,0.433,0.000,0.567
437000,0.412,0.000,0.588
437500,0.399,0.000,0.601
438000,0.366,0.000,0.633
438500,0.405,0.000,0.595
439000,0.336,0.004,0.659
439500,0.402,0.001,0.598
440000,0.402,0.000,0.599
440500,0.394,0.000,0.607
441000,0.408,0.000,0.592
441500,0.385,0.000,0.615
442000,0.267,0.000,0.734
442500,0.319,0.000,0.681
443000,0.384,0.000,0.616
443500,0.356,0.000,0.644
444000,0.299,0.000,0.701
444500,0.395,0.000,0.605
445000,0.315,0.000,0.685
445500,0.333,0.000,0.667
446000,0.386,0.000,0.615
446500,0.395,0.000,0.605
447000,0.378,0.000,0.622
447500,0.369,0.000,0.631
448000,0.358,0.000,0.642
448500,0.332,0.000,0.668
449000,0.362,0.000,0.637
449500,0.370,0.000,0.629
450000,0.385,0.000,0.615
450500,0.286,0.000,0.714
451000,0.316,0.000,0.684
451500,0.352,0.000,0.647
452000,0.313,0.000,0.687
452500,0.406,0.000,0.594
453000,0.392,0.000,0.608
453500,0.303,0.000,0.697
454000,0.376,0.000,0.624
454500,0.393,0.000,0.607
455000,0.409,0.000,0.591
455500,0.385,0.000,0.615
456000,0.321,0.000,0.679
456500,0.400,0.000,0.600
457000,0.401,0.000,0.599
457500,0.303,0.000,0.697
458000,0.342,0.000,0.658
458500,0.379,0.000,0.621
459000,0.408,0.000,0.592
459500,0.371,0.000,0.629
460000,0.398,0.000,0.602
460500,0.373,0.000,0.627
461000,0.335,0.000,0.665
461500,0.391,0.000,0.609
462000,0.378,0.000,0.622
462500,0.356,0.000,0.643
463000,0.378,0.000,0.622
463500,0.393,0.000,0.607
464000,0.411,0.000,0.589
464500,0.346,0.000,0.653
465000,0.426,0.000,0.574
465500,0.397,0.000,0.603
466000,0.337,0.000,0.663
466500,0.357,0.000,0.643
467000,0.277,0.000,0.724
467500,0.349,0.000,0.651
468000,0.439,0.000,0.561
468500,0.411,0.000,0.589
469000,0.389,0.000,0.611
469500,0.387,0.000,0.613
470000,0.419,0.000,0.581
470500,0.321,0.000,0.679
471000,0.323,0.000,0.677
471500,0.431,0.000,0.569
472000,0.345,0.000,0.655
472500,0.304,0.000,0.696
473000,0.342,0.000,0.658
473500,0.304,0.000,0.696
474000,0.352,0.000,0.648
474500,0.339,0.000,0.661
475000,0.426,0.000,0.574
475500,0.349,0.000,0.651
476000,0.343,0.000,0.657
476500,0.317,0.001,0.682
477000,0.329,0.000,0.671
477500,0.346,0.000,0.653
478000,0.419,0.000,0.581
478500,0.335,0.000,0.665
479000,0.341,0.000,0.659
479500,0.381,0.000,0.619
480000,0.353,0.000,0.647
480500,0.354,0.000,0.645
481000,0.357,0.000,0.643
481500,0.395,0.000,0.605
482000,0.390,0.000,0.611
482500,0.358,0.000,0.642
483000,0.403,0.000,0.597
483500,0.403,0.000,0.597
484000,0.344,0.000,0.656
484500,0.412,0.001,0.588
485000,0.403,0.000,0.597
485500,0.316,0.000,0.684
486000,0.317,0.000,0.683
486500,0.389,0.000,0.611
487000,0.326,0.000,0.674
487500,0.402,0.000,0.598
488000,0.358,0.000,0.641
488500,0.392,0.000,0.609
489000,0.381,0.000,0.619
489500,0.384,0.000,0.617
490000,0.357,0.000,0.643
490500,0.370,0.000,0.630
491000,0.351,0.000,0.649
491500,0.317,0.000,0.683
492000,0.410,0.000,0.590
492500,0.463,0.000,0.537
493000,0.428,0.000,0.572
493500,0.432,0.000,0.568
494000,0.430,0.000,0.570
494500,0.433,0.000,0.567
495000,0.319,0.000,0.681
495500,0.343,0.000,0.657
496000,0.414,0.000,0.586
496500,0.353,0.000,0.647
497000,0.370,0.000,0.629
497500,0.356,0.000,0.644
498000,0.400,0.000,0.601
498500,0.363,0.000,0.637
499000,0.446,0.000,0.554
499500,0.402,0.000,0.599
500000,0.336,0.000,0.664
500500,0.381,0.000,0.619
501000,0.397,0.000,0.603
501500,0.338,0.000,0.662
502000,0.362,0.000,0.637
502500,0.378,0.000,0.622
503000,0.385,0.000,0.615
503500,0.368,0.000,0.632
504000,0.362,0.000,0.637
504500,0.402,0.000,0.599
505000,0.292,0.000,0.708
505500,0.334,0.000,0.666
506000,0.337,0.000,0.663
506500,0.378,0.000,0.622
507000,0.337,0.000,0.663
507500,0.332,0.000,0.668
508000,0.317,0.000,0.683
508500,0.329,0.000,0.671
509000,0.384,0.000,0.617
509500,0.385,0.000,0.615
510000,0.401,0.000,0.599
510500,0.449,0.000,0.551
511000,0.380,0.000,0.620
511500,0.381,0.000,0.619
512000,0.359,0.000,0.641
512500,0.481,0.000,0.518
513000,0.420,0.000,0.580
513500,0.407,0.000,0.593
514000,0.412,0.000,0.588
514500,0.378,0.000,0.622
515000,0.353,0.000,0.647
515500,0.344,0.000,0.655
516000,0.319,0.000,0.681
516500,0.413,0.000,0.587
517000,0.427,0.000,0.573
517500,0.377,0.000,0.623
518000,0.348,0.000,0.652
518500,0.331,0.000,0.669
519000,0.380,0.000,0.620
519500,0.373,0.000,0.627
520000,0.359,0.000,0.641
520500,0.323,0.000,0.677
521000,0.310,0.000,0.690
521500,0.315,0.000,0.685
522000,0.337,0.000,0.663
522500,0.413,0.000,0.587
523000,0.382,0.000,0.619
523500,0.341,0.000,0.659
524000,0.367,0.000,0.633
524500,0.379,0.000,0.621
525000,0.400,0.000,0.601
525500,0.377,0.000,0.623
526000,0.369,0.000,0.631
526500,0.333,0.000,0.667
527000,0.443,0.000,0.557
527500,0.412,0.000,0.588
528000,0.376,0.000,0.624
528500,0.362,0.000,0.638
529000,0.384,0.000,0.616
529500,0.340,0.000,0.660
530000,0.385,0.000,0.615
530500,0.379,0.000,0.621
531000,0.398,0.000,0.603
531500,0.336,0.000,0.664
532000,0.360,0.000,0.640
532500,0.355,0.000,0.645
533000,0.343,0.000,0.657
533500,0.366,0.000,0.634
534000,0.402,0.000,0.598
534500,0.374,0.000,0.626
535000,0.360,0.000,0.639
535500,0.331,0.000,0.669
536000,0.411,0.000,0.589
536500,0.398,0.000,0.603
537000,0.371,0.000,0.629
537500,0.343,0.003,0.655
538000,0.354,0.000,0.646
538500,0.368,0.000,0.631
539000,0.325,0.000,0.675
539500,0.401,0.000,0.599
540000,0.369,0.000,0.631
540500,0.427,0.000,0.573
541000,0.381,0.000,0.619
541500,0.345,0.000,0.655
542000,0.347,0.000,0.653
542500,0.326,0.000,0.674
543000,0.373,0.000,0.627
543500,0.421,0.000,0.579
544000,0.366,0.000,0.633
544500,0.388,0.000,0.613
545000,0.391,0.000,0.609
545500,0.385,0.000,0.615
546000,0.414,0.000,0.586
546500,0.366,0.000,0.633
547000,0.356,0.000,0.644
547500,0.411,0.000,0.589
548000,0.310,0.000,0.690
548500,0.335,0.000,0.665
549000,0.322,0.000,0.678
549500,0.369,0.000,0.631
550000,0.411,0.000,0.589
550500,0.357,0.000,0.643
551000,0.371,0.000,0.629
551500,0.333,0.000,0.667
552000,0.390,0.000,0.611
552500,0.408,0.000,0.592
553000,0.383,0.000,0.617
553500,0.402,0.000,0.599
554000,0.363,0.000,0.637
554500,0.415,0.000,0.585
555000,0.443,0.000,0.557
555500,0.415,0.000,0.585
556000,0.388,0.000,0.612
556500,0.401,0.000,0.599
557000,0.370,0.000,0.629
557500,0.437,0.000,0.563
558000,0.375,0.000,0.625
558500,0.403,0.000,0.597
559000,0.392,0.000,0.608
559500,0.354,0.000,0.645
560000,0.366,0.000,0.633
560500,0.352,0.000,0.647
561000,0.317,0.000,0.683
561500,0.387,0.000,0.613
562000,0.426,0.000,0.574
562500,0.339,0.000,0.661
563000,0.415,0.000,0.585
563500,0.365,0.000,0.635
564000,0.400,0.000,0.601
564500,0.390,0.000,0.610
565000,0.402,0.000,0.598
565500,0.332,0.000,0.668
566000,0.347,0.000,0.653
566500,0.347,0.000,0.653
567000,0.333,0.000,0.667
567500,0.355,0.000,0.645
568000,0.393,0.000,0.607
568500,0.334,0.000,0.666
569000,0.405,0.000,0.595
569500,0.435,0.000,0.565
570000,0.407,0.000,0.593
570500,0.344,0.000,0.655
571000,0.290,0.000,0.710
571500,0.301,0.000,0.699
572000,0.370,0.000,0.629
572500,0.429,0.000,0.571
573000,0.428,0.000,0.572
573500,0.467,0.000,0.533
574000,0.421,0.000,0.579
574500,0.372,0.000,0.627
575000,0.324,0.000,0.676
575500,0.380,0.000,0.621
576000,0.381,0.000,0.619
576500,0.380,0.000,0.621
577000,0.385,0.000,0.615
577500,0.443,0.000,0.557
578000,0.411,0.000,0.589
578500,0.416,0.000,0.584
579000,0.363,0.000,0.637
579500,0.348,0.000,0.651
580000,0.331,0.000,0.669
580500,0.419,0.000,0.581
581000,0.461,0.000,0.539
581500,0.366,0.000,0.633
582000,0.429,0.000,0.571
582500,0.357,0.000,0.643
583000,0.340,0.000,0.660
583500,0.328,0.000,0.672
584000,0.325,0.000,0.675
584500,0.324,0.000,0.676
585000,0.370,0.000,0.629
585500,0.399,0.000,0.601
586000,0.425,0.000,0.575
586500,0.391,0.000,0.609
587000,0.371,0.000,0.629
587500,0.345,0.000,0.655
588000,0.397,0.000,0.603
588500,0.381,0.000,0.619
589000,0.349,0.000,0.651
589500,0.368,0.000,0.631
590000,0.415,0.000,0.585
590500,0.348,0.000,0.652
591000,0.272,0.000,0.728
591500,0.367,0.000,0.633
592000,0.344,0.000,0.656
592500,0.352,0.000,0.648
593000,0.334,0.000,0.666
593500,0.405,0.000,0.595
594000,0.439,0.000,0.561
594500,0.447,0.000,0.553
595000,0.357,0.000,0.643
595500,0.388,0.000,0.612
596000,0.345,0.000,0.655
596500,0.403,0.000,0.597
597000,0.351,0.000,0.649
597500,0.345,0.000,0.655
598000,0.332,0.000,0.668
598500,0.379,0.000,0.621
599000,0.346,0.000,0.654
599500,0.400,0.000,0.600
600000,0.382,0.000,0.618
600500,0.400,0.000,0.601
601000,0.368,0.000,0.631
601500,0.357,0.000,0.643
602000,0.339,0.000,0.661
602500,0.359,0.000,0.641
603000,0.397,0.000,0.603
603500,0.410,0.000,0.590
604000,0.377,0.000,0.623
604500,0.296,0.004,0.700
605000,0.375,0.001,0.625
605500,0.340,0.000,0.660
606000,0.349,0.000,0.651
606500,0.369,0.000,0.631
607000,0.325,0.000,0.675
607500,0.292,0.000,0.708
608000,0.351,0.000,0.649
608500,0.346,0.000,0.654
609000,0.308,0.000,0.692
609500,0.286,0.000,0.714
610000,0.386,0.000,0.614
610500,0.436,0.000,0.564
611000,0.390,0.000,0.611
611500,0.407,0.000,0.593
612000,0.421,0.000,0.579
612500,0.336,0.000,0.664
613000,0.398,0.000,0.602
613500,0.371,0.000,0.629
614000,0.315,0.000,0.685
614500,0.303,0.000,0.697
615000,0.389,0.000,0.611
615500,0.406,0.000,0.594
616000,0.403,0.000,0.597
616500,0.363,0.000,0.637
617000,0.371,0.000,0.629
617500,0.331,0.000,0.669
618000,0.321,0.000,0.679
618500,0.372,0.000,0.627
619000,0.362,0.000,0.638
619500,0.371,0.000,0.629
620000,0.277,0.000,0.723
620500,0.348,0.000,0.652
621000,0.363,0.002,0.635
621500,0.458,0.001,0.542
622000,0.312,0.000,0.688
622500,0.429,0.000,0.571
623000,0.358,0.000,0.641
623500,0.435,0.000,0.565
624000,0.457,0.000,0.543
624500,0.446,0.000,0.554
625000,0.457,0.000,0.543
625500,0.333,0.000,0.667
626000,0.379,0.000,0.621
626500,0.380,0.000,0.621
627000,0.359,0.000,0.641
627500,0.358,0.000,0.642
628000,0.345,0.000,0.655
628500,0.340,0.000,0.660
629000,0.369,0.000,0.631
629500,0.360,0.000,0.640
630000,0.359,0.000,0.641
630500,0.343,0.000,0.657
631000,0.396,0.000,0.605
631500,0.380,0.000,0.621
632000,0.297,0.000,0.703
632500,0.359,0.000,0.641
633000,0.333,0.000,0.667
633500,0.392,0.000,0.609
634000,0.406,0.000,0.595
634500,0.379,0.000,0.621
635000,0.346,0.000,0.654
635500,0.404,0.000,0.597
636000,0.370,0.000,0.629
636500,0.366,0.000,0.633
637000,0.321,0.000,0.679
637500,0.389,0.000,0.611
638000,0.392,0.000,0.609
638500,0.379,0.000,0.621
639000,0.421,0.000,0.579
639500,0.413,0.000,0.587
640000,0.360,0.000,0.640
640500,0.401,0.000,0.599
641000,0.343,0.000,0.657
641500,0.347,0.000,0.653
642000,0.363,0.000,0.637
642500,0.358,0.000,0.641
643000,0.381,0.000,0.619
643500,0.383,0.000,0.617
644000,0.289,0.000,0.711
644500,0.324,0.000,0.676
645000,0.323,0.000,0.677
645500,0.356,0.000,0.644
646000,0.314,0.000,0.686
646500,0.297,0.000,0.703
647000,0.349,0.000,0.651
647500,0.327,0.000,0.673
648000,0.322,0.000,0.678
648500,0.388,0.000,0.612
649000,0.364,0.000,0.636
649500,0.411,0.000,0.589
650000,0.397,0.000,0.603
650500,0.395,0.000,0.605
651000,0.441,0.000,0.559
651500,0.385,0.000,0.615
652000,0.371,0.000,0.629
652500,0.411,0.000,0.589
653000,0.336,0.000,0.664
653500,0.370,0.000,0.629
654000,0.367,0.000,0.633
654500,0.351,0.000,0.649
655000,0.386,0.000,0.615
655500,0.371,0.000,0.629
656000,0.485,0.000,0.515
656500,0.475,0.000,0.524
657000,0.537,0.000,0.463
657500,0.468,0.000,0.532
658000,0.424,0.000,0.576
658500,0.429,0.000,0.571
659000,0.374,0.000,0.626
659500,0.338,0.000,0.662
660000,0.292,0.000,0.708
660500,0.342,0.000,0.658
661000,0.330,0.000,0.670
661500,0.292,0.000,0.708
662000,0.372,0.000,0.628
662500,0.370,0.000,0.630
663000,0.378,0.000,0.623
663500,0.322,0.000,0.678
664000,0.330,0.000,0.670
664500,0.296,0.004,0.701
665000,0.408,0.001,0.592
665500,0.326,0.000,0.674
666000,0.426,0.000,0.574
666500,0.315,0.000,0.685
667000,0.348,0.000,0.652
667500,0.393,0.000,0.607
668000,0.365,0.000,0.635
668500,0.348,0.000,0.651
669000,0.340,0.000,0.660
669500,0.373,0.000,0.627
670000,0.337,0.000,0.663
670500,0.388,0.000,0.613
671000,0.368,0.000,0.632
671500,0.357,0.000,0.643
672000,0.353,0.000,0.647
672500,0.390,0.000,0.610
673000,0.462,0.000,0.538
673500,0.448,0.000,0.552
674000,0.493,0.000,0.506
674500,0.463,0.000,0.537
675000,0.338,0.000,0.662
675500,0.387,0.000,0.613
676000,0.441,0.000,0.559
676500,0.376,0.000,0.625
677000,0.359,0.000,0.641
677500,0.327,0.000,0.673
678000,0.353,0.000,0.647
678500,0.398,0.000,0.602
679000,0.418,0.000,0.582
679500,0.401,0.000,0.599
680000,0.332,0.000,0.668
680500,0.304,0.000,0.696
681000,0.388,0.000,0.613
681500,0.453,0.000,0.547
682000,0.349,0.000,0.651
682500,0.451,0.000,0.549
683000,0.459,0.000,0.541
683500,0.377,0.000,0.623
684000,0.349,0.000,0.651
684500,0.337,0.000,0.663
685000,0.335,0.000,0.665
685500,0.370,0.000,0.629
686000,0.379,0.000,0.621
686500,0.399,0.000,0.601
687000,0.376,0.000,0.624
687500,0.426,0.000,0.574
688000,0.389,0.000,0.611
688500,0.390,0.000,0.611
689000,0.353,0.000,0.647
689500,0.306,0.003,0.692
690000,0.319,0.000,0.681
690500,0.402,0.000,0.598
691000,0.385,0.000,0.615
691500,0.334,0.000,0.666
692000,0.351,0.000,0.649
692500,0.363,0.000,0.637
693000,0.417,0.000,0.583
693500,0.403,0.000,0.597
694000,0.357,0.000,0.643
694500,0.373,0.000,0.627
695000,0.368,0.000,0.631
695500,0.269,0.000,0.731
696000,0.356,0.000,0.644
696500,0.391,0.000,0.609
697000,0.353,0.000,0.647
697500,0.410,0.000,0.590
698000,0.353,0.000,0.647
698500,0.332,0.000,0.668
699000,0.380,0.000,0.621
699500,0.379,0.000,0.621
700000,0.389,0.000,0.611
700500,0.427,0.000,0.573
701000,0.388,0.000,0.612
701500,0.377,0.000,0.623
702000,0.295,0.000,0.705
702500,0.376,0.000,0.624
703000,0.392,0.000,0.609
703500,0.350,0.000,0.649
704000,0.369,0.000,0.631
704500,0.324,0.005,0.671
705000,0.263,0.000,0.738
705500,0.359,0.000,0.641
706000,0.366,0.000,0.634
706500,0.369,0.000,0.631
707000,0.326,0.000,0.674
707500,0.372,0.000,0.628
708000,0.336,0.000,0.664
708500,0.379,0.000,0.621
709000,0.342,0.000,0.658
709500,0.344,0.000,0.656
710000,0.387,0.000,0.613
710500,0.356,0.000,0.643
711000,0.396,0.000,0.605
711500,0.373,0.000,0.627
712000,0.401,0.000,0.599
712500,0.355,0.000,0.645
713000,0.445,0.000,0.555
713500,0.465,0.000,0.535
714000,0.388,0.000,0.612
714500,0.415,0.000,0.585
715000,0.332,0.000,0.668
715500,0.417,0.000,0.583
716000,0.405,0.000,0.595
716500,0.338,0.000,0.662
717000,0.363,0.000,0.637
717500,0.355,0.000,0.645
718000,0.357,0.000,0.643
718500,0.315,0.000,0.685
719000,0.340,0.000,0.660
719500,0.348,0.000,0.652
720000,0.345,0.000,0.655
720500,0.332,0.000,0.668
721000,0.304,0.000,0.696
721500,0.382,0.000,0.619
722000,0.359,0.000,0.641
722500,0.352,0.000,0.647
723000,0.296,0.000,0.704
723500,0.334,0.000,0.666
724000,0.350,0.000,0.649
724500,0.406,0.000,0.595
725000,0.387,0.000,0.613
725500,0.446,0.000,0.554
726000,0.426,0.000,0.574
726500,0.408,0.000,0.592
727000,0.415,0.000,0.585
727500,0.395,0.000,0.605
728000,0.379,0.000,0.621
728500,0.358,0.006,0.635
729000,0.379,0.000,0.621
729500,0.409,0.000,0.591
730000,0.405,0.000,0.595
730500,0.399,0.000,0.601
731000,0.348,0.000,0.652
731500,0.407,0.000,0.593
732000,0.353,0.000,0.647
732500,0.388,0.000,0.613
733000,0.415,0.000,0.585
733500,0.401,0.000,0.599
734000,0.339,0.000,0.661
734500,0.329,0.000,0.671
735000,0.505,0.000,0.495
735500,0.476,0.000,0.524
736000,0.413,0.000,0.587
736500,0.344,0.000,0.656
737000,0.339,0.000,0.661
737500,0.416,0.000,0.584
738000,0.342,0.000,0.658
738500,0.364,0.000,0.636
739000,0.405,0.000,0.595
739500,0.392,0.000,0.608
740000,0.411,0.000,0.589
740500,0.373,0.000,0.627
741000,0.339,0.000,0.661
741500,0.350,0.000,0.649
742000,0.411,0.000,0.589
742500,0.356,0.000,0.643
743000,0.396,0.000,0.604
743500,0.329,0.000,0.671
744000,0.385,0.000,0.615
744500,0.335,0.000,0.665
745000,0.336,0.000,0.664
745500,0.408,0.000,0.592
746000,0.363,0.000,0.637
746500,0.361,0.000,0.639
747000,0.344,0.000,0.656
747500,0.404,0.000,0.596
748000,0.401,0.000,0.599
748500,0.386,0.000,0.615
749000,0.338,0.000,0.662
749500,0.372,0.000,0.627
750000,0.355,0.000,0.645
750500,0.324,0.000,0.676
751000,0.283,0.000,0.717
751500,0.357,0.000,0.643
752000,0.331,0.000,0.669
752500,0.344,0.000,0.656
753000,0.376,0.000,0.625
753500,0.288,0.000,0.712
754000,0.362,0.000,0.638
754500,0.345,0.000,0.655
755000,0.428,0.000,0.572
755500,0.329,0.000,0.671
756000,0.331,0.000,0.669
756500,0.461,0.000,0.539
757000,0.361,0.000,0.639
757500,0.430,0.000,0.570
758000,0.333,0.000,0.667
758500,0.365,0.000,0.635
759000,0.329,0.000,0.671
759500,0.292,0.000,0.708
760000,0.362,0.000,0.638
760500,0.366,0.000,0.633
761000,0.315,0.000,0.685
761500,0.335,0.000,0.665
762000,0.441,0.000,0.559
762500,0.410,0.000,0.590
763000,0.422,0.000,0.578
763500,0.302,0.000,0.698
764000,0.347,0.000,0.653
764500,0.378,0.000,0.623
765000,0.369,0.000,0.631
765500,0.389,0.000,0.611
766000,0.357,0.000,0.643
766500,0.358,0.000,0.642
767000,0.390,0.000,0.611
767500,0.372,0.000,0.628
768000,0.401,0.000,0.599
768500,0.328,0.000,0.672
769000,0.337,0.000,0.663
769500,0.337,0.000,0.663
770000,0.331,0.000,0.669
770500,0.379,0.000,0.621
771000,0.378,0.000,0.623
771500,0.349,0.000,0.651
772000,0.302,0.000,0.698
772500,0.355,0.000,0.645
773000,0.348,0.000,0.652
773500,0.331,0.000,0.669
774000,0.376,0.000,0.624
774500,0.425,0.000,0.575
775000,0.437,0.000,0.563
775500,0.408,0.000,0.592
776000,0.355,0.000,0.645
776500,0.319,0.000,0.681
777000,0.325,0.000,0.675
777500,0.440,0.000,0.560
778000,0.343,0.000,0.657
778500,0.380,0.000,0.621
779000,0.370,0.000,0.629
779500,0.345,0.000,0.655
780000,0.389,0.000,0.611
780500,0.380,0.000,0.621
781000,0.422,0.000,0.578
781500,0.414,0.000,0.586
782000,0.386,0.000,0.614
782500,0.376,0.000,0.624
783000,0.350,0.000,0.649
783500,0.415,0.000,0.585
784000,0.365,0.000,0.635
784500,0.435,0.000,0.565
785000,0.435,0.000,0.565
785500,0.449,0.000,0.551
786000,0.449,0.000,0.551
786500,0.394,0.000,0.607
787000,0.420,0.000,0.580
787500,0.416,0.000,0.584
788000,0.398,0.000,0.602
788500,0.338,0.000,0.662
789000,0.391,0.000,0.609
789500,0.443,0.000,0.557
790000,0.413,0.000,0.587
790500,0.416,0.000,0.584
791000,0.412,0.000,0.588
791500,0.413,0.000,0.587
792000,0.414,0.000,0.586
792500,0.448,0.000,0.552
793000,0.358,0.000,0.641
793500,0.361,0.000,0.639
794000,0.353,0.000,0.647
794500,0.435,0.000,0.565
795000,0.425,0.000,0.575
795500,0.390,0.000,0.610
796000,0.458,0.000,0.542
796500,0.446,0.000,0.554
797000,0.463,0.000,0.537
797500,0.459,0.000,0.541
798000,0.376,0.000,0.624
798500,0.390,0.000,0.611
799000,0.333,0.000,0.667
799500,0.324,0.000,0.676
800000,0.287,0.000,0.713
800500,0.330,0.004,0.666
801000,0.350,0.000,0.650
801500,0.393,0.000,0.607
802000,0.379,0.000,0.621
802500,0.344,0.000,0.656
803000,0.376,0.000,0.624
803500,0.426,0.000,0.574
804000,0.376,0.000,0.625
804500,0.335,0.000,0.665
805000,0.362,0.000,0.638
805500,0.443,0.000,0.557
806000,0.352,0.000,0.648
806500,0.367,0.000,0.633
807000,0.306,0.000,0.694
807500,0.382,0.000,0.619
808000,0.365,0.000,0.635
808500,0.357,0.001,0.642
809000,0.419,0.000,0.581
809500,0.391,0.000,0.609
810000,0.398,0.000,0.602
810500,0.403,0.000,0.597
811000,0.401,0.000,0.599
811500,0.398,0.000,0.602
812000,0.385,0.000,0.615
812500,0.431,0.000,0.569
813000,0.397,0.000,0.603
813500,0.390,0.000,0.611
814000,0.374,0.000,0.626
814500,0.432,0.000,0.568
815000,0.463,0.000,0.537
815500,0.383,0.000,0.617
816000,0.376,0.000,0.624
816500,0.402,0.000,0.598
817000,0.380,0.000,0.620
817500,0.372,0.000,0.627
818000,0.309,0.000,0.691
818500,0.342,0.000,0.658
819000,0.408,0.000,0.592
819500,0.485,0.000,0.515
820000,0.427,0.000,0.573
820500,0.401,0.000,0.599
821000,0.389,0.000,0.611
821500,0.395,0.000,0.605
822000,0.376,0.000,0.624
822500,0.403,0.000,0.597
823000,0.438,0.000,0.562
823500,0.362,0.000,0.637
824000,0.424,0.000,0.576
824500,0.342,0.000,0.658
825000,0.342,0.000,0.658
825500,0.346,0.000,0.654
826000,0.387,0.000,0.613
826500,0.428,0.000,0.572
827000,0.449,0.000,0.551
827500,0.432,0.000,0.568
828000,0.413,0.000,0.587
828500,0.402,0.000,0.598
829000,0.456,0.000,0.544
829500,0.436,0.000,0.564
830000,0.398,0.000,0.603
830500,0.419,0.000,0.581
831000,0.405,0.000,0.595
831500,0.350,0.000,0.650
832000,0.381,0.000,0.619
832500,0.342,0.000,0.658
833000,0.435,0.000,0.565
833500,0.357,0.000,0.643
834000,0.396,0.000,0.605
834500,0.352,0.000,0.648
835000,0.332,0.000,0.668
835500,0.320,0.000,0.680
836000,0.335,0.000,0.665
836500,0.328,0.000,0.672
837000,0.375,0.000,0.625
837500,0.413,0.000,0.587
838000,0.363,0.000,0.637
838500,0.310,0.000,0.690
839000,0.397,0.000,0.603
839500,0.400,0.000,0.601
840000,0.419,0.000,0.581
840500,0.390,0.000,0.610
841000,0.367,0.000,0.633
841500,0.362,0.000,0.638
842000,0.394,0.000,0.606
842500,0.335,0.000,0.665
843000,0.424,0.000,0.576
843500,0.362,0.000,0.637
844000,0.314,0.000,0.686
844500,0.355,0.000,0.645
845000,0.442,0.000,0.558
845500,0.364,0.000,0.635
846000,0.406,0.000,0.595
846500,0.432,0.000,0.568
847000,0.345,0.000,0.655
847500,0.303,0.000,0.697
848000,0.359,0.000,0.641
848500,0.393,0.000,0.607
849000,0.403,0.000,0.597
849500,0.359,0.000,0.641
850000,0.399,0.000,0.601
850500,0.381,0.000,0.619
851000,0.383,0.000,0.617
851500,0.397,0.000,0.603
852000,0.404,0.000,0.596
852500,0.411,0.000,0.589
853000,0.486,0.000,0.514
853500,0.364,0.000,0.635
854000,0.324,0.000,0.676
854500,0.340,0.000,0.660
855000,0.398,0.000,0.602
855500,0.358,0.000,0.641
856000,0.345,0.000,0.655
856500,0.397,0.000,0.603
857000,0.357,0.000,0.643
857500,0.370,0.000,0.630
858000,0.382,0.000,0.619
858500,0.371,0.000,0.629
859000,0.315,0.000,0.685
859500,0.348,0.000,0.651
860000,0.329,0.000,0.671
860500,0.369,0.000,0.631
861000,0.424,0.000,0.576
861500,0.475,0.000,0.525
862000,0.479,0.000,0.521
862500,0.432,0.000,0.568
863000,0.401,0.000,0.599
863500,0.423,0.000,0.577
864000,0.400,0.000,0.601
864500,0.360,0.000,0.639
865000,0.341,0.000,0.659
865500,0.360,0.000,0.640
866000,0.379,0.000,0.621
866500,0.376,0.000,0.624
867000,0.358,0.000,0.642
867500,0.364,0.000,0.635
868000,0.387,0.000,0.613
868500,0.362,0.000,0.637
869000,0.356,0.000,0.644
869500,0.342,0.000,0.658
870000,0.370,0.000,0.630
870500,0.380,0.000,0.621
871000,0.404,0.000,0.597
871500,0.413,0.000,0.587
872000,0.354,0.000,0.646
872500,0.412,0.000,0.588
873000,0.337,0.000,0.663
873500,0.349,0.000,0.651
874000,0.339,0.000,0.661
874500,0.408,0.000,0.592
875000,0.359,0.000,0.641
875500,0.424,0.000,0.576
876000,0.386,0.000,0.615
876500,0.395,0.000,0.605
877000,0.454,0.000,0.546
877500,0.420,0.000,0.580
878000,0.393,0.000,0.607
878500,0.406,0.000,0.595
879000,0.405,0.000,0.595
879500,0.368,0.000,0.631
880000,0.356,0.000,0.643
880500,0.376,0.000,0.625
881000,0.352,0.000,0.647
881500,0.424,0.000,0.576
882000,0.362,0.000,0.637
882500,0.409,0.000,0.591
883000,0.430,0.000,0.570
883500,0.438,0.000,0.562
884000,0.378,0.000,0.623
884500,0.299,0.000,0.701
885000,0.353,0.000,0.647
885500,0.314,0.000,0.686
886000,0.407,0.000,0.593
886500,0.419,0.000,0.581
887000,0.426,0.000,0.574
887500,0.404,0.000,0.596
888000,0.445,0.000,0.555
888500,0.356,0.000,0.643
889000,0.384,0.000,0.616
889500,0.414,0.000,0.586
890000,0.419,0.000,0.581
890500,0.411,0.000,0.589
891000,0.417,0.000,0.583
891500,0.409,0.000,0.591
892000,0.367,0.000,0.633
892500,0.357,0.000,0.643
893000,0.350,0.000,0.650
893500,0.426,0.000,0.574
894000,0.391,0.000,0.609
894500,0.353,0.000,0.647
895000,0.361,0.000,0.639
895500,0.410,0.000,0.590
896000,0.344,0.000,0.656
896500,0.375,0.000,0.625
897000,0.399,0.000,0.601
897500,0.385,0.000,0.615
898000,0.379,0.000,0.621
898500,0.399,0.000,0.601
899000,0.453,0.000,0.547
899500,0.403,0.000,0.597
900000,0.414,0.000,0.586
900500,0.418,0.000,0.582
901000,0.319,0.000,0.681
901500,0.318,0.000,0.682
902000,0.433,0.000,0.567
902500,0.343,0.000,0.657
903000,0.403,0.000,0.597
903500,0.395,0.000,0.605
904000,0.408,0.000,0.592
904500,0.390,0.000,0.611
905000,0.374,0.000,0.625
905500,0.418,0.000,0.582
906000,0.384,0.000,0.617
906500,0.411,0.000,0.589
907000,0.408,0.000,0.592
907500,0.390,0.000,0.611
908000,0.420,0.000,0.580
908500,0.467,0.000,0.533
909000,0.371,0.000,0.629
909500,0.295,0.000,0.705
910000,0.307,0.000,0.693
910500,0.365,0.000,0.635
911000,0.339,0.000,0.661
911500,0.294,0.000,0.706
912000,0.402,0.000,0.599
912500,0.392,0.000,0.609
913000,0.409,0.000,0.591
913500,0.398,0.000,0.602
914000,0.325,0.000,0.675
914500,0.415,0.000,0.585
915000,0.341,0.000,0.659
915500,0.345,0.000,0.655
916000,0.326,0.000,0.674
916500,0.324,0.000,0.676
917000,0.349,0.000,0.651
917500,0.343,0.000,0.657
918000,0.339,0.000,0.661
918500,0.368,0.000,0.631
919000,0.362,0.000,0.637
919500,0.352,0.000,0.648
920000,0.384,0.000,0.616
920500,0.353,0.000,0.647
921000,0.375,0.000,0.625
921500,0.338,0.000,0.662
922000,0.385,0.000,0.615
922500,0.322,0.000,0.678
923000,0.311,0.000,0.689
923500,0.365,0.000,0.635
924000,0.369,0.000,0.631
924500,0.358,0.000,0.641
925000,0.391,0.000,0.609
925500,0.428,0.000,0.572
926000,0.344,0.000,0.656
926500,0.318,0.000,0.682
927000,0.366,0.000,0.634
927500,0.379,0.000,0.621
928000,0.359,0.000,0.641
928500,0.351,0.000,0.649
929000,0.357,0.000,0.643
929500,0.374,0.000,0.626
930000,0.395,0.000,0.605
930500,0.329,0.000,0.671
931000,0.294,0.000,0.706
931500,0.352,0.000,0.648
932000,0.359,0.000,0.641
932500,0.387,0.000,0.613
933000,0.434,0.000,0.566
933500,0.374,0.000,0.626
934000,0.295,0.000,0.705
934500,0.340,0.000,0.660
935000,0.368,0.000,0.632
935500,0.383,0.000,0.617
936000,0.313,0.000,0.687
936500,0.407,0.000,0.593
937000,0.365,0.000,0.635
937500,0.356,0.000,0.644
938000,0.376,0.000,0.625
938500,0.317,0.000,0.683
939000,0.382,0.000,0.618
939500,0.376,0.000,0.625
940000,0.341,0.000,0.659
940500,0.338,0.000,0.662
941000,0.345,0.000,0.655
941500,0.410,0.000,0.590
942000,0.413,0.000,0.587
942500,0.401,0.000,0.599
943000,0.380,0.000,0.620
943500,0.384,0.000,0.616
944000,0.327,0.000,0.673
944500,0.353,0.000,0.647
945000,0.336,0.000,0.664
945500,0.379,0.000,0.621
946000,0.354,0.000,0.645
946500,0.339,0.000,0.661
947000,0.359,0.000,0.641
947500,0.371,0.000,0.629
948000,0.352,0.000,0.648
948500,0.404,0.000,0.596
949000,0.414,0.000,0.586
949500,0.441,0.000,0.559
950000,0.414,0.000,0.586
950500,0.460,0.000,0.540
951000,0.377,0.000,0.623
951500,0.384,0.000,0.617
952000,0.348,0.000,0.651
952500,0.347,0.001,0.653
953000,0.353,0.000,0.647
953500,0.374,0.000,0.626
954000,0.357,0.000,0.643
954500,0.357,0.000,0.643
955000,0.329,0.000,0.671
955500,0.305,0.000,0.695
956000,0.355,0.000,0.645
956500,0.306,0.000,0.694
957000,0.334,0.000,0.666
957500,0.311,0.000,0.689
958000,0.385,0.000,0.615
958500,0.413,0.000,0.587
959000,0.410,0.000,0.590
959500,0.433,0.000,0.567
960000,0.393,0.000,0.607
960500,0.304,0.000,0.696
961000,0.332,0.000,0.668
961500,0.324,0.000,0.676
962000,0.417,0.000,0.583
962500,0.359,0.000,0.641
963000,0.376,0.000,0.625
963500,0.359,0.000,0.641
964000,0.367,0.000,0.633
964500,0.402,0.000,0.598
965000,0.355,0.000,0.645
965500,0.325,0.000,0.675
966000,0.345,0.000,0.655
966500,0.385,0.000,0.615
967000,0.413,0.000,0.587
967500,0.355,0.000,0.645
968000,0.347,0.000,0.653
968500,0.324,0.006,0.669
969000,0.333,0.001,0.667
969500,0.365,0.000,0.635
970000,0.374,0.000,0.626
970500,0.376,0.000,0.624
971000,0.355,0.000,0.645
971500,0.380,0.000,0.621
972000,0.418,0.000,0.582
972500,0.357,0.000,0.643
973000,0.332,0.000,0.668
973500,0.314,0.000,0.686
974000,0.350,0.000,0.649
974500,0.355,0.000,0.645
975000,0.335,0.000,0.665
975500,0.326,0.000,0.674
976000,0.398,0.000,0.602
976500,0.361,0.007,0.632
977000,0.379,0.001,0.620
977500,0.380,0.000,0.621
978000,0.347,0.000,0.653
978500,0.449,0.000,0.551
979000,0.427,0.000,0.573
979500,0.407,0.000,0.593
980000,0.408,0.000,0.592
980500,0.376,0.000,0.624
981000,0.443,0.000,0.557
981500,0.420,0.000,0.580
982000,0.335,0.000,0.665
982500,0.352,0.000,0.648
983000,0.360,0.000,0.639
983500,0.356,0.000,0.643
984000,0.329,0.000,0.671
984500,0.410,0.000,0.590
985000,0.388,0.000,0.613
985500,0.337,0.000,0.663
986000,0.388,0.000,0.612
986500,0.364,0.000,0.635
987000,0.376,0.000,0.625
987500,0.350,0.000,0.650
988000,0.311,0.000,0.689
988500,0.349,0.000,0.651
989000,0.299,0.000,0.701
989500,0.354,0.000,0.645
990000,0.393,0.000,0.607
990500,0.416,0.000,0.584
991000,0.411,0.000,0.589
991500,0.359,0.000,0.641
992000,0.350,0.000,0.649
992500,0.328,0.000,0.672
993000,0.390,0.000,0.610
993500,0.449,0.000,0.551
994000,0.367,0.000,0.633
994500,0.340,0.000,0.660
995000,0.402,0.000,0.598
995500,0.462,0.000,0.538
996000,0.422,0.000,0.578
996500,0.373,0.000,0.627
997000,0.325,0.000,0.675
997500,0.477,0.000,0.523
998000,0.400,0.000,0.601
998500,0.379,0.000,0.621
999000,0.394,0.000,0.607
999500,0.368,0.000,0.632
1000000,0.316,0.000,0.684
