time,n_A+p,n_B,n_AB
100,0.402,0.494,0.104
200,0.372,0.437,0.191
300,0.325,0.439,0.236
400,0.328,0.407,0.266
500,0.315,0.382,0.303
600,0.315,0.392,0.293
700,0.325,0.390,0.285
800,0.333,0.375,0.293
900,0.333,0.352,0.315
1000,0.295,0.328,0.377
1100,0.285,0.357,0.357
1200,0.283,0.360,0.357
1300,0.293,0.372,0.335
1400,0.300,0.365,0.335
1500,0.290,0.390,0.320
1600,0.275,0.380,0.345
1700,0.241,0.400,0.360
1800,0.228,0.407,0.365
1900,0.206,0.427,0.367
2000,0.189,0.447,0.365
2100,0.191,0.462,0.347
2200,0.208,0.454,0.337
2300,0.203,0.434,0.362
2400,0.213,0.434,0.352
2500,0.196,0.432,0.372
2600,0.199,0.429,0.372
2700,0.189,0.471,0.340
2800,0.191,0.452,0.357
2900,0.226,0.419,0.355
3000,0.228,0.432,0.340
3100,0.273,0.409,0.318
3200,0.261,0.414,0.325
3300,0.273,0.382,0.345
3400,0.261,0.414,0.325
3500,0.243,0.385,0.372
3600,0.266,0.390,0.345
3700,0.241,0.402,0.357
3800,0.290,0.375,0.335
3900,0.280,0.377,0.342
4000,0.268,0.365,0.367
4100,0.268,0.347,0.385
4200,0.236,0.352,0.412
4300,0.228,0.382,0.390
4400,0.236,0.372,0.392
4500,0.226,0.375,0.400
4600,0.241,0.402,0.357
4700,0.228,0.402,0.370
4800,0.211,0.429,0.360
4900,0.228,0.417,0.355
5000,0.223,0.417,0.360
5100,0.213,0.417,0.370
5200,0.189,0.429,0.382
5300,0.211,0.457,0.333
5400,0.208,0.467,0.325
5500,0.191,0.454,0.355
5600,0.223,0.442,0.335
5700,0.243,0.432,0.325
5800,0.243,0.419,0.337
5900,0.238,0.432,0.330
6000,0.243,0.417,0.340
6100,0.213,0.422,0.365
6200,0.223,0.417,0.360
6300,0.226,0.422,0.352
6400,0.233,0.402,0.365
6500,0.231,0.392,0.377
6600,0.233,0.385,0.382
6700,0.248,0.362,0.390
6800,0.241,0.387,0.372
6900,0.241,0.380,0.380
7000,0.273,0.335,0.392
7100,0.285,0.335,0.380
7200,0.290,0.352,0.357
7300,0.288,0.333,0.380
7400,0.298,0.315,0.387
7500,0.298,0.330,0.372
7600,0.298,0.350,0.352
7700,0.305,0.345,0.350
7800,0.298,0.362,0.340
7900,0.288,0.360,0.352
8000,0.318,0.372,0.310
8100,0.328,0.380,0.293
8200,0.337,0.360,0.303
8300,0.323,0.345,0.333
8400,0.318,0.355,0.328
8500,0.315,0.335,0.350
8600,0.325,0.330,0.345
8700,0.298,0.337,0.365
8800,0.285,0.397,0.318
8900,0.273,0.397,0.330
9000,0.273,0.382,0.345
9100,0.313,0.347,0.340
9200,0.308,0.315,0.377
9300,0.318,0.303,0.380
9400,0.298,0.335,0.367
9500,0.300,0.340,0.360
9600,0.288,0.342,0.370
9700,0.318,0.325,0.357
9800,0.333,0.308,0.360
9900,0.357,0.315,0.328
10000,0.340,0.318,0.342
10100,0.290,0.323,0.387
10200,0.290,0.342,0.367
10300,0.288,0.367,0.345
10400,0.275,0.360,0.365
10500,0.273,0.387,0.340
10600,0.263,0.407,0.330
10700,0.285,0.404,0.310
10800,0.246,0.402,0.352
10900,0.261,0.382,0.357
11000,0.270,0.370,0.360
11100,0.273,0.362,0.365
11200,0.285,0.362,0.352
11300,0.263,0.402,0.335
11400,0.243,0.400,0.357
11500,0.246,0.392,0.362
11600,0.273,0.357,0.370
11700,0.258,0.382,0.360
11800,0.241,0.407,0.352
11900,0.258,0.400,0.342
12000,0.266,0.382,0.352
12100,0.266,0.377,0.357
12200,0.278,0.375,0.347
12300,0.263,0.380,0.357
12400,0.268,0.377,0.355
12500,0.270,0.380,0.350
12600,0.268,0.377,0.355
12700,0.270,0.342,0.387
12800,0.243,0.350,0.407
12900,0.233,0.328,0.439
13000,0.246,0.328,0.427
13100,0.246,0.372,0.382
13200,0.231,0.372,0.397
13300,0.231,0.375,0.395
13400,0.273,0.409,0.318
13500,0.236,0.432,0.333
13600,0.233,0.464,0.303
13700,0.216,0.471,0.313
13800,0.186,0.504,0.310
13900,0.206,0.469,0.325
14000,0.194,0.504,0.303
14100,0.184,0.531,0.285
14200,0.154,0.536,0.310
14300,0.141,0.541,0.318
14400,0.117,0.558,0.325
14500,0.122,0.546,0.333
14600,0.119,0.556,0.325
14700,0.141,0.588,0.270
14800,0.141,0.588,0.270
14900,0.129,0.598,0.273
15000,0.141,0.571,0.288
15100,0.134,0.586,0.280
15200,0.139,0.613,0.248
15300,0.132,0.578,0.290
15400,0.134,0.573,0.293
15500,0.114,0.610,0.275
15600,0.119,0.628,0.253
15700,0.102,0.633,0.266
15800,0.112,0.623,0.266
15900,0.134,0.608,0.258
16000,0.139,0.583,0.278
16100,0.114,0.613,0.273
16200,0.132,0.620,0.248
16300,0.119,0.608,0.273
16400,0.117,0.596,0.288
16500,0.109,0.593,0.298
16600,0.109,0.598,0.293
16700,0.107,0.596,0.298
16800,0.092,0.591,0.318
16900,0.094,0.573,0.333
17000,0.097,0.571,0.333
17100,0.104,0.591,0.305
17200,0.099,0.576,0.325
17300,0.107,0.591,0.303
17400,0.107,0.598,0.295
17500,0.119,0.581,0.300
17600,0.124,0.586,0.290
17700,0.129,0.605,0.266
17800,0.122,0.600,0.278
17900,0.114,0.608,0.278
18000,0.117,0.596,0.288
18100,0.117,0.603,0.280
18200,0.124,0.600,0.275
18300,0.114,0.598,0.288
18400,0.114,0.625,0.261
18500,0.109,0.635,0.256
18600,0.122,0.645,0.233
18700,0.144,0.623,0.233
18800,0.112,0.618,0.270
18900,0.112,0.618,0.270
19000,0.107,0.650,0.243
19100,0.097,0.625,0.278
19200,0.089,0.638,0.273
19300,0.089,0.633,0.278
19400,0.082,0.675,0.243
19500,0.082,0.675,0.243
19600,0.069,0.700,0.231
19700,0.067,0.717,0.216
19800,0.060,0.725,0.216
19900,0.045,0.739,0.216
20000,0.045,0.744,0.211
20100,0.050,0.759,0.191
20200,0.045,0.757,0.199
20300,0.047,0.749,0.203
20400,0.045,0.754,0.201
20500,0.042,0.737,0.221
20600,0.045,0.742,0.213
20700,0.037,0.757,0.206
20800,0.035,0.767,0.199
20900,0.030,0.779,0.191
21000,0.035,0.772,0.194
21100,0.032,0.789,0.179
21200,0.037,0.759,0.203
21300,0.047,0.744,0.208
21400,0.060,0.757,0.184
21500,0.055,0.769,0.176
21600,0.055,0.772,0.174
21700,0.055,0.772,0.174
21800,0.050,0.769,0.181
21900,0.057,0.779,0.164
22000,0.052,0.794,0.154
22100,0.040,0.784,0.176
22200,0.035,0.792,0.174
22300,0.027,0.819,0.154
22400,0.020,0.826,0.154
22500,0.020,0.839,0.141
22600,0.022,0.851,0.127
22700,0.027,0.859,0.114
22800,0.025,0.866,0.109
22900,0.027,0.866,0.107
23000,0.025,0.861,0.114
23100,0.025,0.878,0.097
23200,0.022,0.888,0.089
23300,0.017,0.891,0.092
23400,0.015,0.883,0.102
23500,0.015,0.886,0.099
23600,0.015,0.891,0.094
23700,0.015,0.906,0.079
23800,0.010,0.898,0.092
23900,0.010,0.911,0.079
24000,0.007,0.916,0.077
24100,0.007,0.926,0.067
24200,0.007,0.913,0.079
24300,0.007,0.913,0.079
24400,0.007,0.926,0.067
24500,0.005,0.931,0.065
24600,0.002,0.926,0.072
24700,0.002,0.926,0.072
24800,0.002,0.938,0.060
24900,0.002,0.943,0.055
25000,0.002,0.945,0.052
25100,0.000,0.943,0.057
25200,0.000,0.940,0.060
25300,0.000,0.948,0.052
25400,0.007,0.945,0.047
25500,0.007,0.943,0.050
25600,0.005,0.943,0.052
25700,0.002,0.945,0.052
25800,0.002,0.943,0.055
25900,0.002,0.950,0.047
26000,0.002,0.958,0.040
26100,0.002,0.953,0.045
26200,0.002,0.965,0.032
26300,0.002,0.965,0.032
26400,0.002,0.970,0.027
26500,0.002,0.965,0.032
26600,0.002,0.963,0.035
26700,0.002,0.958,0.040
26800,0.002,0.963,0.035
26900,0.002,0.968,0.030
27000,0.000,0.970,0.030
27100,0.000,0.975,0.025
27200,0.005,0.975,0.020
27300,0.002,0.965,0.032
27400,0.002,0.973,0.025
27500,0.002,0.980,0.017
27600,0.002,0.980,0.017
27700,0.000,0.985,0.015
27800,0.000,0.983,0.017
27900,0.000,0.985,0.015
28000,0.000,0.988,0.012
28100,0.000,0.985,0.015
28200,0.000,0.983,0.017
28300,0.000,0.988,0.012
28400,0.000,0.993,0.007
28500,0.000,0.993,0.007
28600,0.000,0.993,0.007
28700,0.000,0.993,0.007
28800,0.000,0.993,0.007
28900,0.000,0.993,0.007
29000,0.000,0.993,0.007
29100,0.000,0.993,0.007
29200,0.000,0.993,0.007
29300,0.000,0.985,0.015
29400,0.000,0.983,0.017
29500,0.000,0.990,0.010
29600,0.000,0.993,0.007
29700,0.000,0.993,0.007
29800,0.000,0.993,0.007
29900,0.000,0.995,0.005
30000,0.000,0.995,0.005
30100,0.000,0.995,0.005
30200,0.000,0.995,0.005
30300,0.000,0.995,0.005
30400,0.000,0.995,0.005
30500,0.000,0.998,0.002
30600,0.000,0.998,0.002
30700,0.000,0.998,0.002
30800,0.000,0.998,0.002
30900,0.000,0.998,0.002
31000,0.000,0.998,0.002
31100,0.000,0.998,0.002
31200,0.000,0.998,0.002
31300,0.000,0.998,0.002
31400,0.000,0.998,0.002
31500,0.000,0.998,0.002
31600,0.000,0.998,0.002
31700,0.000,0.998,0.002
31800,0.000,0.998,0.002
31900,0.000,0.998,0.002
32000,0.000,0.998,0.002
32100,0.000,0.998,0.002
32200,0.000,0.998,0.002
32300,0.000,0.998,0.002
32400,0.000,0.998,0.002
32500,0.000,0.998,0.002
32600,0.000,1.000,0.000
