time,n_A+p,n_B,n_AB
100,0.414,0.523,0.063
200,0.395,0.511,0.094
300,0.378,0.505,0.117
400,0.360,0.484,0.156
500,0.365,0.463,0.173
600,0.356,0.464,0.180
700,0.349,0.457,0.194
800,0.337,0.446,0.217
900,0.325,0.440,0.235
1000,0.330,0.440,0.230
1100,0.328,0.447,0.225
1200,0.320,0.437,0.243
1300,0.320,0.435,0.245
1400,0.304,0.449,0.246
1500,0.301,0.467,0.232
1600,0.293,0.460,0.247
1700,0.294,0.463,0.243
1800,0.284,0.467,0.249
1900,0.277,0.460,0.264
2000,0.285,0.451,0.264
2100,0.283,0.439,0.278
2200,0.283,0.434,0.283
2300,0.283,0.443,0.274
2400,0.295,0.437,0.268
2500,0.293,0.421,0.286
2600,0.285,0.414,0.301
2700,0.282,0.415,0.303
2800,0.276,0.416,0.308
2900,0.290,0.409,0.301
3000,0.294,0.412,0.294
3100,0.291,0.413,0.296
3200,0.288,0.422,0.290
3300,0.279,0.421,0.300
3400,0.280,0.419,0.301
3500,0.299,0.402,0.298
3600,0.315,0.401,0.284
3700,0.316,0.379,0.305
3800,0.322,0.380,0.298
3900,0.307,0.395,0.297
4000,0.313,0.402,0.285
4100,0.295,0.409,0.296
4200,0.297,0.419,0.284
4300,0.293,0.419,0.288
4400,0.292,0.410,0.298
4500,0.283,0.416,0.301
4600,0.281,0.439,0.280
4700,0.274,0.437,0.289
4800,0.274,0.450,0.276
4900,0.271,0.434,0.295
5000,0.274,0.427,0.299
5100,0.288,0.407,0.305
5200,0.315,0.395,0.290
5300,0.312,0.399,0.289
5400,0.321,0.399,0.280
5500,0.296,0.401,0.302
5600,0.296,0.414,0.290
5700,0.281,0.420,0.299
5800,0.282,0.416,0.302
5900,0.285,0.413,0.302
6000,0.296,0.417,0.287
6100,0.282,0.414,0.304
6200,0.273,0.414,0.314
6300,0.280,0.401,0.319
6400,0.283,0.406,0.312
6500,0.277,0.400,0.323
6600,0.282,0.402,0.316
6700,0.300,0.378,0.322
6800,0.304,0.369,0.327
6900,0.294,0.373,0.333
7000,0.298,0.379,0.323
7100,0.301,0.374,0.325
7200,0.295,0.380,0.325
7300,0.300,0.373,0.327
7400,0.295,0.366,0.339
7500,0.299,0.352,0.348
7600,0.317,0.347,0.336
7700,0.303,0.347,0.349
7800,0.295,0.346,0.359
7900,0.300,0.336,0.364
8000,0.293,0.355,0.351
8100,0.294,0.360,0.346
8200,0.288,0.351,0.361
8300,0.291,0.353,0.355
8400,0.294,0.347,0.359
8500,0.293,0.365,0.342
8600,0.285,0.367,0.348
8700,0.272,0.376,0.352
8800,0.282,0.360,0.359
8900,0.268,0.363,0.370
9000,0.260,0.366,0.374
9100,0.265,0.354,0.381
9200,0.273,0.363,0.365
9300,0.279,0.370,0.351
9400,0.271,0.375,0.354
9500,0.276,0.379,0.345
9600,0.271,0.375,0.354
9700,0.267,0.368,0.366
9800,0.263,0.379,0.359
9900,0.271,0.366,0.364
10000,0.268,0.361,0.372
10100,0.274,0.367,0.360
10200,0.267,0.367,0.367
10300,0.272,0.375,0.353
10400,0.279,0.370,0.351
10500,0.269,0.378,0.353
10600,0.272,0.372,0.356
10700,0.270,0.375,0.355
10800,0.270,0.380,0.350
10900,0.271,0.354,0.375
11000,0.270,0.354,0.376
11100,0.299,0.343,0.358
11200,0.315,0.339,0.346
11300,0.316,0.337,0.347
11400,0.309,0.327,0.364
11500,0.319,0.350,0.331
11600,0.313,0.345,0.342
11700,0.313,0.346,0.341
11800,0.304,0.341,0.354
11900,0.305,0.336,0.359
12000,0.312,0.326,0.363
12100,0.320,0.318,0.363
12200,0.311,0.320,0.370
12300,0.311,0.304,0.385
12400,0.303,0.292,0.404
12500,0.309,0.296,0.394
12600,0.312,0.299,0.389
12700,0.320,0.289,0.391
12800,0.307,0.302,0.390
12900,0.317,0.305,0.378
13000,0.306,0.297,0.396
13100,0.298,0.299,0.402
13200,0.309,0.308,0.382
13300,0.302,0.303,0.394
13400,0.299,0.298,0.402
13500,0.302,0.285,0.413
13600,0.296,0.292,0.412
13700,0.303,0.298,0.398
13800,0.293,0.297,0.410
13900,0.304,0.298,0.397
14000,0.315,0.294,0.391
14100,0.314,0.289,0.397
14200,0.312,0.303,0.385
14300,0.298,0.301,0.400
14400,0.304,0.304,0.391
14500,0.294,0.296,0.410
14600,0.291,0.303,0.406
14700,0.290,0.297,0.413
14800,0.289,0.299,0.412
14900,0.298,0.284,0.418
15000,0.298,0.293,0.409
15100,0.311,0.289,0.400
15200,0.300,0.304,0.395
15300,0.290,0.308,0.401
15400,0.295,0.315,0.390
15500,0.274,0.316,0.411
15600,0.276,0.316,0.409
15700,0.274,0.320,0.407
15800,0.259,0.313,0.428
15900,0.258,0.318,0.424
16000,0.274,0.319,0.408
16100,0.266,0.318,0.417
16200,0.270,0.320,0.411
16300,0.274,0.308,0.418
16400,0.278,0.320,0.402
16500,0.279,0.316,0.406
16600,0.277,0.320,0.403
16700,0.270,0.323,0.408
16800,0.263,0.326,0.412
16900,0.272,0.317,0.412
17000,0.250,0.317,0.433
17100,0.251,0.325,0.424
17200,0.245,0.330,0.425
17300,0.255,0.342,0.402
17400,0.235,0.361,0.404
17500,0.229,0.360,0.412
17600,0.232,0.358,0.411
17700,0.224,0.364,0.413
17800,0.222,0.364,0.415
17900,0.221,0.351,0.428
18000,0.221,0.371,0.409
18100,0.226,0.368,0.407
18200,0.236,0.365,0.399
18300,0.238,0.356,0.406
18400,0.255,0.347,0.397
18500,0.260,0.333,0.407
18600,0.261,0.325,0.414
18700,0.265,0.323,0.413
18800,0.270,0.338,0.392
18900,0.270,0.343,0.387
19000,0.264,0.348,0.388
19100,0.251,0.354,0.394
19200,0.249,0.347,0.403
19300,0.256,0.337,0.407
19400,0.261,0.330,0.409
19500,0.270,0.340,0.390
19600,0.264,0.336,0.400
19700,0.252,0.345,0.402
19800,0.263,0.336,0.401
19900,0.258,0.341,0.400
20000,0.250,0.343,0.407
20100,0.246,0.345,0.409
20200,0.251,0.338,0.411
20300,0.249,0.328,0.423
20400,0.236,0.351,0.413
20500,0.235,0.339,0.426
20600,0.251,0.343,0.406
20700,0.249,0.342,0.409
20800,0.249,0.345,0.406
20900,0.247,0.345,0.408
21000,0.252,0.330,0.418
21100,0.255,0.332,0.413
21200,0.252,0.337,0.411
21300,0.269,0.328,0.403
21400,0.267,0.315,0.419
21500,0.284,0.306,0.410
21600,0.287,0.316,0.397
21700,0.288,0.305,0.407
21800,0.293,0.307,0.399
21900,0.284,0.302,0.414
22000,0.291,0.301,0.408
22100,0.280,0.305,0.415
22200,0.281,0.300,0.419
22300,0.291,0.305,0.403
22400,0.273,0.326,0.401
22500,0.278,0.318,0.404
22600,0.273,0.306,0.421
22700,0.270,0.309,0.421
22800,0.267,0.317,0.417
22900,0.273,0.308,0.419
23000,0.260,0.330,0.410
23100,0.255,0.327,0.418
23200,0.255,0.326,0.419
23300,0.253,0.313,0.434
23400,0.256,0.298,0.445
23500,0.250,0.300,0.449
23600,0.281,0.293,0.426
23700,0.270,0.299,0.431
23800,0.260,0.302,0.437
23900,0.265,0.295,0.440
24000,0.263,0.307,0.430
24100,0.261,0.307,0.431
24200,0.265,0.280,0.456
24300,0.269,0.286,0.445
24400,0.260,0.284,0.456
24500,0.271,0.287,0.442
24600,0.271,0.283,0.446
24700,0.270,0.279,0.451
24800,0.256,0.275,0.469
24900,0.260,0.278,0.462
25000,0.274,0.267,0.460
25100,0.254,0.287,0.459
25200,0.264,0.277,0.460
25300,0.252,0.290,0.458
25400,0.264,0.285,0.451
25500,0.245,0.297,0.458
25600,0.266,0.286,0.448
25700,0.266,0.307,0.427
25800,0.270,0.305,0.425
25900,0.257,0.297,0.445
26000,0.263,0.293,0.444
26100,0.266,0.279,0.456
26200,0.267,0.284,0.449
26300,0.257,0.267,0.476
26400,0.251,0.280,0.469
26500,0.266,0.286,0.448
26600,0.271,0.283,0.446
26700,0.254,0.296,0.449
26800,0.248,0.298,0.454
26900,0.253,0.304,0.442
27000,0.246,0.322,0.432
27100,0.243,0.323,0.434
27200,0.243,0.335,0.422
27300,0.244,0.322,0.434
27400,0.231,0.324,0.445
27500,0.230,0.317,0.454
27600,0.244,0.318,0.438
27700,0.238,0.312,0.450
27800,0.239,0.316,0.445
27900,0.243,0.317,0.440
28000,0.255,0.304,0.440
28100,0.244,0.315,0.441
28200,0.246,0.317,0.437
28300,0.251,0.312,0.437
28400,0.255,0.307,0.437
28500,0.245,0.320,0.435
28600,0.249,0.318,0.433
28700,0.242,0.327,0.431
28800,0.236,0.317,0.447
28900,0.244,0.312,0.444
29000,0.251,0.311,0.438
29100,0.253,0.306,0.440
29200,0.263,0.300,0.437
29300,0.261,0.294,0.444
29400,0.272,0.290,0.438
29500,0.281,0.287,0.432
29600,0.277,0.294,0.429
29700,0.288,0.290,0.422
29800,0.290,0.286,0.424
29900,0.288,0.282,0.430
30000,0.308,0.276,0.416
30100,0.297,0.276,0.427
30200,0.304,0.276,0.420
30300,0.300,0.272,0.428
30400,0.301,0.266,0.433
30500,0.294,0.280,0.426
30600,0.290,0.285,0.425
30700,0.288,0.280,0.432
30800,0.306,0.270,0.424
30900,0.317,0.275,0.409
31000,0.311,0.286,0.403
31100,0.315,0.276,0.410
31200,0.330,0.270,0.400
31300,0.322,0.269,0.410
31400,0.318,0.273,0.410
31500,0.311,0.273,0.417
31600,0.305,0.275,0.420
31700,0.314,0.280,0.407
31800,0.319,0.275,0.407
31900,0.334,0.273,0.393
32000,0.331,0.269,0.400
32100,0.324,0.269,0.408
32200,0.313,0.259,0.428
32300,0.302,0.266,0.432
32400,0.298,0.273,0.429
32500,0.301,0.280,0.419
32600,0.297,0.280,0.423
32700,0.317,0.266,0.418
32800,0.306,0.266,0.428
32900,0.297,0.276,0.427
33000,0.293,0.268,0.439
33100,0.298,0.277,0.425
33200,0.291,0.279,0.430
33300,0.296,0.274,0.430
33400,0.280,0.281,0.439
33500,0.300,0.273,0.427
33600,0.321,0.279,0.400
33700,0.321,0.280,0.399
33800,0.315,0.278,0.408
33900,0.309,0.277,0.414
34000,0.327,0.271,0.402
34100,0.308,0.265,0.427
34200,0.294,0.268,0.438
34300,0.289,0.267,0.444
34400,0.285,0.274,0.441
34500,0.289,0.283,0.428
34600,0.288,0.290,0.422
34700,0.304,0.281,0.415
34800,0.301,0.289,0.410
34900,0.293,0.304,0.402
35000,0.306,0.291,0.402
35100,0.305,0.277,0.418
35200,0.298,0.281,0.421
35300,0.296,0.277,0.427
35400,0.292,0.291,0.417
35500,0.304,0.282,0.414
35600,0.293,0.282,0.425
35700,0.292,0.282,0.426
35800,0.286,0.287,0.427
35900,0.304,0.280,0.416
36000,0.305,0.277,0.418
36100,0.304,0.278,0.418
36200,0.305,0.267,0.428
36300,0.299,0.288,0.413
36400,0.294,0.287,0.419
36500,0.297,0.288,0.415
36600,0.282,0.287,0.431
36700,0.272,0.290,0.438
36800,0.264,0.285,0.451
36900,0.268,0.281,0.451
37000,0.273,0.279,0.448
37100,0.273,0.283,0.444
37200,0.269,0.315,0.417
37300,0.266,0.318,0.417
37400,0.267,0.324,0.410
37500,0.257,0.321,0.422
37600,0.253,0.320,0.427
37700,0.252,0.327,0.421
37800,0.251,0.330,0.419
37900,0.250,0.320,0.430
38000,0.257,0.304,0.438
38100,0.260,0.314,0.426
38200,0.269,0.294,0.437
38300,0.275,0.287,0.438
38400,0.277,0.298,0.425
38500,0.283,0.293,0.424
38600,0.278,0.295,0.427
38700,0.279,0.300,0.421
38800,0.273,0.305,0.422
38900,0.278,0.305,0.417
39000,0.274,0.300,0.426
39100,0.283,0.303,0.414
39200,0.265,0.296,0.439
39300,0.261,0.304,0.434
39400,0.278,0.293,0.429
39500,0.276,0.286,0.438
39600,0.285,0.313,0.402
39700,0.276,0.311,0.414
39800,0.266,0.307,0.427
39900,0.266,0.299,0.435
40000,0.277,0.311,0.413
40100,0.281,0.312,0.408
40200,0.283,0.307,0.410
40300,0.292,0.294,0.414
40400,0.297,0.286,0.417
40500,0.294,0.286,0.420
40600,0.300,0.286,0.414
40700,0.281,0.274,0.445
40800,0.282,0.273,0.445
40900,0.286,0.291,0.423
41000,0.283,0.291,0.426
41100,0.281,0.285,0.434
41200,0.281,0.285,0.434
41300,0.273,0.303,0.424
41400,0.261,0.303,0.435
41500,0.268,0.293,0.439
41600,0.273,0.290,0.437
41700,0.281,0.286,0.433
41800,0.303,0.282,0.415
41900,0.304,0.276,0.420
42000,0.315,0.261,0.424
42100,0.320,0.271,0.410
42200,0.322,0.255,0.423
42300,0.317,0.260,0.423
42400,0.312,0.256,0.432
42500,0.321,0.245,0.434
42600,0.326,0.244,0.430
42700,0.324,0.242,0.434
42800,0.309,0.240,0.450
42900,0.308,0.249,0.442
43000,0.312,0.256,0.432
43100,0.302,0.256,0.441
43200,0.327,0.249,0.424
43300,0.329,0.253,0.418
43400,0.330,0.252,0.418
43500,0.335,0.258,0.407
43600,0.333,0.253,0.414
43700,0.329,0.261,0.410
43800,0.319,0.264,0.418
43900,0.317,0.275,0.409
44000,0.314,0.272,0.415
44100,0.302,0.273,0.425
44200,0.314,0.276,0.411
44300,0.303,0.280,0.417
44400,0.307,0.279,0.414
44500,0.301,0.296,0.402
44600,0.290,0.308,0.401
44700,0.287,0.313,0.400
44800,0.287,0.301,0.412
44900,0.286,0.298,0.416
45000,0.287,0.291,0.422
45100,0.280,0.286,0.434
45200,0.275,0.280,0.445
45300,0.280,0.283,0.437
45400,0.274,0.311,0.416
45500,0.279,0.300,0.421
45600,0.276,0.309,0.415
45700,0.283,0.314,0.403
45800,0.293,0.306,0.400
45900,0.287,0.309,0.403
46000,0.285,0.301,0.414
46100,0.293,0.292,0.415
46200,0.280,0.288,0.432
46300,0.282,0.287,0.431
46400,0.281,0.286,0.433
46500,0.278,0.304,0.418
46600,0.270,0.315,0.416
46700,0.266,0.312,0.423
46800,0.251,0.306,0.442
46900,0.238,0.317,0.445
47000,0.242,0.328,0.430
47100,0.253,0.324,0.423
47200,0.253,0.319,0.428
47300,0.245,0.319,0.436
47400,0.237,0.321,0.442
47500,0.235,0.324,0.441
47600,0.231,0.315,0.455
47700,0.227,0.328,0.445
47800,0.222,0.339,0.439
47900,0.225,0.334,0.441
48000,0.213,0.325,0.462
48100,0.205,0.336,0.459
48200,0.202,0.342,0.456
48300,0.192,0.347,0.461
48400,0.194,0.345,0.461
48500,0.196,0.342,0.462
48600,0.202,0.350,0.447
48700,0.202,0.354,0.443
48800,0.196,0.348,0.456
48900,0.199,0.352,0.448
49000,0.190,0.363,0.447
49100,0.202,0.341,0.457
49200,0.194,0.345,0.461
49300,0.197,0.347,0.456
49400,0.197,0.352,0.450
49500,0.199,0.348,0.453
49600,0.195,0.360,0.445
49700,0.208,0.353,0.438
49800,0.212,0.349,0.438
49900,0.206,0.350,0.443
50000,0.219,0.342,0.439
50100,0.220,0.342,0.438
50200,0.223,0.336,0.441
50300,0.233,0.327,0.440
50400,0.227,0.327,0.446
50500,0.228,0.318,0.455
50600,0.235,0.315,0.450
50700,0.238,0.311,0.451
50800,0.234,0.319,0.447
50900,0.235,0.300,0.465
51000,0.238,0.290,0.472
51100,0.268,0.278,0.455
51200,0.275,0.268,0.458
51300,0.260,0.290,0.449
51400,0.242,0.279,0.479
51500,0.240,0.285,0.475
51600,0.236,0.278,0.486
51700,0.244,0.269,0.487
51800,0.249,0.274,0.477
51900,0.249,0.286,0.465
52000,0.251,0.291,0.458
52100,0.243,0.286,0.471
52200,0.243,0.292,0.465
52300,0.248,0.290,0.462
52400,0.249,0.289,0.462
52500,0.242,0.286,0.472
52600,0.244,0.294,0.462
52700,0.252,0.288,0.460
52800,0.255,0.295,0.449
52900,0.256,0.303,0.440
53000,0.256,0.301,0.442
53100,0.252,0.299,0.448
53200,0.249,0.293,0.458
53300,0.254,0.293,0.453
53400,0.264,0.298,0.438
53500,0.256,0.298,0.445
53600,0.259,0.297,0.443
53700,0.260,0.297,0.442
53800,0.253,0.322,0.425
53900,0.251,0.300,0.448
54000,0.240,0.311,0.449
54100,0.240,0.316,0.444
54200,0.240,0.304,0.456
54300,0.256,0.312,0.432
54400,0.253,0.316,0.431
54500,0.242,0.322,0.436
54600,0.248,0.319,0.433
54700,0.254,0.314,0.432
54800,0.260,0.321,0.419
54900,0.241,0.320,0.439
55000,0.246,0.324,0.430
55100,0.258,0.313,0.429
55200,0.269,0.300,0.431
55300,0.278,0.286,0.436
55400,0.283,0.285,0.432
55500,0.294,0.281,0.425
55600,0.295,0.270,0.435
55700,0.304,0.267,0.429
55800,0.298,0.270,0.432
55900,0.300,0.273,0.427
56000,0.300,0.281,0.419
56100,0.281,0.279,0.440
56200,0.286,0.279,0.435
56300,0.279,0.277,0.444
56400,0.287,0.271,0.442
56500,0.267,0.285,0.448
56600,0.261,0.289,0.449
56700,0.246,0.284,0.470
56800,0.236,0.292,0.472
56900,0.243,0.295,0.462
57000,0.246,0.304,0.449
57100,0.245,0.301,0.454
57200,0.238,0.289,0.473
57300,0.244,0.290,0.466
57400,0.273,0.288,0.439
57500,0.258,0.303,0.438
57600,0.250,0.311,0.439
57700,0.247,0.334,0.419
57800,0.240,0.346,0.414
57900,0.247,0.342,0.411
58000,0.248,0.338,0.414
58100,0.249,0.336,0.415
58200,0.243,0.341,0.416
58300,0.250,0.334,0.416
58400,0.258,0.327,0.415
58500,0.252,0.328,0.420
58600,0.242,0.314,0.444
58700,0.252,0.311,0.437
58800,0.272,0.298,0.430
58900,0.271,0.302,0.427
59000,0.268,0.303,0.429
59100,0.264,0.302,0.434
59200,0.260,0.304,0.435
59300,0.259,0.315,0.426
59400,0.251,0.311,0.438
59500,0.251,0.318,0.431
59600,0.236,0.312,0.453
59700,0.254,0.301,0.444
59800,0.253,0.298,0.448
59900,0.254,0.300,0.445
60000,0.260,0.289,0.450
60100,0.271,0.283,0.446
60200,0.275,0.304,0.421
60300,0.270,0.292,0.438
60400,0.264,0.295,0.441
60500,0.254,0.294,0.451
60600,0.257,0.299,0.443
60700,0.252,0.298,0.449
60800,0.240,0.294,0.466
60900,0.226,0.298,0.476
61000,0.222,0.312,0.467
61100,0.222,0.306,0.472
61200,0.218,0.312,0.471
61300,0.216,0.318,0.467
61400,0.213,0.326,0.461
61500,0.217,0.329,0.455
61600,0.218,0.325,0.458
61700,0.213,0.325,0.462
61800,0.215,0.322,0.464
61900,0.210,0.316,0.474
62000,0.204,0.306,0.489
62100,0.198,0.342,0.460
62200,0.191,0.342,0.467
62300,0.186,0.345,0.469
62400,0.196,0.353,0.450
62500,0.190,0.367,0.443
62600,0.186,0.372,0.442
62700,0.186,0.380,0.434
62800,0.189,0.368,0.443
62900,0.192,0.359,0.449
63000,0.200,0.371,0.429
63100,0.191,0.371,0.438
63200,0.190,0.367,0.443
63300,0.189,0.370,0.441
63400,0.197,0.355,0.447
63500,0.198,0.366,0.436
63600,0.200,0.366,0.434
63700,0.206,0.367,0.427
63800,0.216,0.352,0.432
63900,0.207,0.354,0.438
64000,0.204,0.358,0.438
64100,0.200,0.360,0.440
64200,0.207,0.352,0.440
64300,0.216,0.353,0.431
64400,0.209,0.347,0.443
64500,0.228,0.351,0.421
64600,0.232,0.350,0.418
64700,0.237,0.347,0.416
64800,0.229,0.341,0.430
64900,0.219,0.345,0.436
65000,0.216,0.346,0.438
65100,0.198,0.362,0.440
65200,0.207,0.360,0.433
65300,0.222,0.350,0.428
65400,0.227,0.344,0.429
65500,0.224,0.339,0.437
65600,0.216,0.339,0.445
65700,0.209,0.335,0.456
65800,0.204,0.332,0.464
65900,0.195,0.342,0.463
66000,0.202,0.366,0.432
66100,0.208,0.363,0.429
66200,0.210,0.356,0.433
66300,0.220,0.358,0.423
66400,0.220,0.348,0.432
66500,0.223,0.355,0.422
66600,0.211,0.349,0.439
66700,0.221,0.344,0.435
66800,0.213,0.355,0.431
66900,0.209,0.331,0.460
67000,0.243,0.318,0.439
67100,0.240,0.322,0.438
67200,0.231,0.326,0.443
67300,0.245,0.325,0.430
67400,0.238,0.337,0.425
67500,0.241,0.327,0.432
67600,0.245,0.336,0.419
67700,0.241,0.348,0.411
67800,0.242,0.338,0.420
67900,0.237,0.341,0.422
68000,0.226,0.345,0.429
68100,0.216,0.360,0.425
68200,0.238,0.353,0.409
68300,0.240,0.356,0.403
68400,0.247,0.362,0.391
68500,0.233,0.361,0.407
68600,0.234,0.353,0.413
68700,0.234,0.353,0.413
68800,0.230,0.349,0.421
68900,0.230,0.343,0.427
69000,0.229,0.343,0.428
69100,0.229,0.334,0.437
69200,0.232,0.343,0.425
69300,0.228,0.333,0.439
69400,0.234,0.326,0.440
69500,0.233,0.327,0.440
69600,0.235,0.321,0.444
69700,0.229,0.312,0.460
69800,0.229,0.314,0.458
69900,0.246,0.311,0.443
70000,0.252,0.307,0.440
70100,0.252,0.297,0.450
70200,0.252,0.293,0.455
70300,0.249,0.304,0.446
70400,0.253,0.300,0.446
70500,0.259,0.291,0.449
70600,0.260,0.289,0.450
70700,0.261,0.297,0.441
70800,0.259,0.293,0.447
70900,0.261,0.308,0.430
71000,0.253,0.338,0.409
71100,0.234,0.336,0.430
71200,0.239,0.327,0.434
71300,0.241,0.331,0.428
71400,0.239,0.324,0.437
71500,0.246,0.316,0.438
71600,0.239,0.321,0.440
71700,0.252,0.324,0.424
71800,0.251,0.311,0.438
71900,0.255,0.306,0.438
72000,0.252,0.305,0.442
72100,0.253,0.296,0.450
72200,0.250,0.295,0.455
72300,0.237,0.297,0.466
72400,0.231,0.307,0.462
72500,0.230,0.298,0.472
72600,0.237,0.299,0.464
72700,0.233,0.312,0.456
72800,0.238,0.299,0.463
72900,0.247,0.294,0.459
73000,0.258,0.296,0.445
73100,0.264,0.294,0.442
73200,0.277,0.287,0.436
73300,0.263,0.289,0.448
73400,0.272,0.288,0.440
73500,0.266,0.283,0.451
73600,0.266,0.279,0.456
73700,0.273,0.277,0.450
73800,0.277,0.283,0.440
73900,0.286,0.268,0.446
74000,0.279,0.267,0.455
74100,0.272,0.258,0.470
74200,0.279,0.256,0.465
74300,0.289,0.265,0.446
74400,0.281,0.282,0.437
74500,0.272,0.277,0.451
74600,0.283,0.269,0.448
74700,0.290,0.256,0.454
74800,0.293,0.264,0.443
74900,0.301,0.265,0.434
75000,0.312,0.258,0.430
75100,0.316,0.251,0.433
75200,0.318,0.253,0.429
75300,0.320,0.252,0.428
75400,0.318,0.256,0.426
75500,0.314,0.265,0.422
75600,0.317,0.260,0.423
75700,0.316,0.263,0.422
75800,0.312,0.261,0.427
75900,0.303,0.264,0.433
76000,0.295,0.279,0.426
76100,0.289,0.278,0.433
76200,0.297,0.267,0.436
76300,0.300,0.269,0.431
76400,0.295,0.273,0.432
76500,0.282,0.274,0.444
76600,0.296,0.255,0.448
76700,0.295,0.242,0.463
76800,0.301,0.248,0.450
76900,0.299,0.248,0.453
77000,0.295,0.231,0.474
77100,0.297,0.231,0.472
77200,0.302,0.230,0.468
77300,0.296,0.227,0.477
77400,0.299,0.230,0.471
77500,0.292,0.248,0.460
77600,0.293,0.235,0.472
77700,0.293,0.244,0.463
77800,0.296,0.263,0.441
77900,0.314,0.263,0.424
78000,0.320,0.248,0.432
78100,0.335,0.240,0.425
78200,0.328,0.241,0.431
78300,0.328,0.249,0.423
78400,0.324,0.248,0.428
78500,0.331,0.256,0.413
78600,0.312,0.266,0.423
78700,0.320,0.266,0.415
78800,0.316,0.269,0.416
78900,0.319,0.272,0.410
79000,0.308,0.270,0.422
79100,0.303,0.264,0.433
79200,0.305,0.274,0.421
79300,0.298,0.279,0.423
79400,0.302,0.287,0.411
79500,0.295,0.287,0.418
79600,0.290,0.289,0.421
79700,0.278,0.280,0.442
79800,0.276,0.273,0.451
79900,0.272,0.292,0.436
80000,0.261,0.323,0.416
80100,0.255,0.326,0.419
80200,0.272,0.309,0.419
80300,0.279,0.315,0.407
80400,0.266,0.320,0.415
80500,0.275,0.312,0.414
80600,0.280,0.319,0.401
80700,0.276,0.314,0.411
80800,0.283,0.316,0.401
80900,0.280,0.321,0.399
81000,0.277,0.321,0.402
81100,0.275,0.312,0.414
81200,0.264,0.305,0.431
81300,0.270,0.297,0.433
81400,0.259,0.293,0.447
81500,0.258,0.303,0.438
81600,0.259,0.300,0.440
81700,0.256,0.296,0.447
81800,0.255,0.295,0.449
81900,0.257,0.299,0.443
82000,0.258,0.284,0.458
82100,0.260,0.285,0.455
82200,0.251,0.282,0.467
82300,0.250,0.285,0.465
82400,0.233,0.291,0.476
82500,0.233,0.286,0.481
82600,0.244,0.287,0.469
82700,0.235,0.296,0.469
82800,0.229,0.315,0.457
82900,0.245,0.311,0.444
83000,0.245,0.298,0.457
83100,0.242,0.302,0.456
83200,0.242,0.319,0.439
83300,0.229,0.320,0.451
83400,0.238,0.322,0.440
83500,0.229,0.328,0.443
83600,0.228,0.325,0.447
83700,0.244,0.313,0.443
83800,0.260,0.300,0.439
83900,0.265,0.292,0.443
84000,0.259,0.300,0.440
84100,0.264,0.298,0.438
84200,0.275,0.300,0.425
84300,0.278,0.295,0.427
84400,0.280,0.288,0.432
84500,0.282,0.296,0.422
84600,0.274,0.294,0.432
84700,0.271,0.292,0.437
84800,0.273,0.298,0.429
84900,0.284,0.291,0.425
85000,0.290,0.282,0.428
85100,0.279,0.280,0.441
85200,0.265,0.288,0.447
85300,0.265,0.293,0.442
85400,0.260,0.301,0.438
85500,0.265,0.302,0.433
85600,0.259,0.300,0.440
85700,0.253,0.308,0.438
85800,0.259,0.313,0.428
85900,0.251,0.311,0.438
86000,0.250,0.319,0.431
86100,0.257,0.315,0.428
86200,0.257,0.312,0.431
86300,0.258,0.300,0.441
86400,0.260,0.298,0.441
86500,0.254,0.314,0.432
86600,0.260,0.302,0.437
86700,0.255,0.303,0.441
86800,0.247,0.302,0.450
86900,0.248,0.294,0.458
87000,0.264,0.290,0.446
87100,0.254,0.300,0.445
87200,0.250,0.293,0.457
87300,0.250,0.285,0.465
87400,0.260,0.298,0.441
87500,0.259,0.301,0.439
87600,0.264,0.289,0.447
87700,0.266,0.288,0.446
87800,0.254,0.290,0.456
87900,0.273,0.284,0.443
88000,0.265,0.283,0.453
88100,0.269,0.287,0.444
88200,0.271,0.288,0.441
88300,0.286,0.276,0.438
88400,0.278,0.278,0.444
88500,0.290,0.278,0.432
88600,0.282,0.284,0.434
88700,0.281,0.277,0.442
88800,0.286,0.278,0.436
88900,0.283,0.278,0.439
89000,0.287,0.282,0.431
89100,0.292,0.268,0.440
89200,0.279,0.292,0.429
89300,0.288,0.303,0.409
89400,0.277,0.303,0.420
89500,0.279,0.304,0.417
89600,0.285,0.282,0.433
89700,0.293,0.275,0.432
89800,0.281,0.276,0.443
89900,0.274,0.278,0.448
90000,0.268,0.268,0.465
90100,0.282,0.271,0.447
90200,0.273,0.269,0.459
90300,0.258,0.289,0.453
90400,0.261,0.304,0.434
90500,0.247,0.314,0.439
90600,0.250,0.311,0.439
90700,0.255,0.319,0.426
90800,0.259,0.304,0.436
90900,0.268,0.278,0.455
91000,0.287,0.276,0.437
91100,0.276,0.279,0.445
91200,0.269,0.284,0.447
91300,0.272,0.282,0.446
91400,0.276,0.279,0.445
91500,0.269,0.284,0.447
91600,0.268,0.284,0.448
91700,0.275,0.283,0.442
91800,0.279,0.271,0.450
91900,0.275,0.260,0.465
92000,0.297,0.248,0.455
92100,0.308,0.243,0.448
92200,0.304,0.238,0.458
92300,0.289,0.258,0.453
92400,0.301,0.261,0.437
92500,0.309,0.251,0.439
92600,0.312,0.233,0.456
92700,0.323,0.239,0.438
92800,0.329,0.221,0.450
92900,0.324,0.216,0.461
93000,0.314,0.220,0.467
93100,0.332,0.219,0.449
93200,0.320,0.224,0.457
93300,0.332,0.213,0.455
93400,0.330,0.212,0.458
93500,0.340,0.217,0.443
93600,0.350,0.221,0.429
93700,0.356,0.213,0.430
93800,0.360,0.208,0.432
93900,0.362,0.212,0.426
94000,0.352,0.217,0.431
94100,0.345,0.215,0.440
94200,0.344,0.215,0.441
94300,0.335,0.219,0.446
94400,0.336,0.223,0.441
94500,0.334,0.227,0.439
94600,0.345,0.226,0.429
94700,0.336,0.223,0.441
94800,0.318,0.238,0.444
94900,0.314,0.244,0.442
95000,0.323,0.240,0.437
95100,0.328,0.237,0.435
95200,0.326,0.239,0.435
95300,0.325,0.236,0.439
95400,0.313,0.235,0.453
95500,0.319,0.236,0.445
95600,0.318,0.263,0.420
95700,0.316,0.253,0.431
95800,0.318,0.260,0.422
95900,0.324,0.244,0.432
96000,0.330,0.225,0.445
96100,0.326,0.218,0.457
96200,0.328,0.232,0.440
96300,0.322,0.245,0.433
96400,0.317,0.258,0.425
96500,0.307,0.258,0.434
96600,0.304,0.261,0.434
96700,0.303,0.263,0.434
96800,0.312,0.275,0.414
96900,0.302,0.283,0.415
97000,0.290,0.275,0.435
97100,0.288,0.274,0.438
97200,0.271,0.268,0.462
97300,0.261,0.265,0.474
97400,0.256,0.261,0.482
97500,0.231,0.319,0.450
97600,0.239,0.318,0.443
97700,0.237,0.320,0.443
97800,0.237,0.326,0.437
97900,0.243,0.318,0.439
98000,0.231,0.342,0.427
98100,0.244,0.334,0.422
98200,0.239,0.331,0.430
98300,0.243,0.332,0.425
98400,0.241,0.330,0.429
98500,0.240,0.334,0.426
98600,0.247,0.333,0.420
98700,0.256,0.330,0.414
98800,0.264,0.328,0.409
98900,0.267,0.314,0.420
99000,0.270,0.311,0.420
99100,0.251,0.317,0.432
99200,0.249,0.313,0.438
99300,0.249,0.315,0.436
99400,0.253,0.306,0.440
99500,0.257,0.286,0.457
99600,0.269,0.283,0.448
99700,0.264,0.286,0.450
99800,0.265,0.282,0.454
99900,0.263,0.269,0.469
100000,0.261,0.274,0.465
